token,symbol,name,expiry,strike,lotsize,instrumenttype,exch_seg,tick_size,freeze_qty,is_cas_enabled
99926000,Nifty 50,NIFTY,,0.000000,1,AMXIDX,NSE,0.000000,0,False
99926001,Nifty GrowSect 15,NIFTY GROWSECT 15,,0.000000,1,AMXIDX,NSE,0.000000,0,False
99926002,Nifty50 PR 2x Lev,NIFTY50 PR 2X LEV,,0.000000,1,AMXIDX,NSE,0.000000,0,False
99926004,Nifty 500,NIFTY 500,,0.000000,1,AMXIDX,NSE,0.000000,0,False
99926008,Nifty IT,NIFTY IT,,0.000000,1,AMXIDX,NSE,0.000000,0,False
99926009,Nifty Bank,BANKNIFTY,,0.000000,1,AMXIDX,NSE,0.000000,0,False
99926011,NIFTY MIDCAP 100,NIFTY MIDCAP 100,,0.000000,1,AMXIDX,NSE,0.000000,0,False
99926012,Nifty 100,NIFTY 100,,0.000000,1,AMXIDX,NSE,0.000000,0,False
99926013,Nifty Next 50,NIFTYNXT50,,0.000000,1,AMXIDX,NSE,0.000000,0,False
99926014,Nifty Midcap 50,NIFTY MIDCAP 50,,0.000000,1,AMXIDX,NSE,0.000000,0,False
99926016,HangSeng BeES-NAV,HANGSENG BEES-NAV,,0.000000,1,AMXIDX,NSE,0.000000,0,False
99926017,India VIX,INDIA VIX,,0.000000,1,AMXIDX,NSE,0.000000,0,False
99926018,Nifty Realty,NIFTY REALTY,,0.000000,1,AMXIDX,NSE,0.000000,0,False
99926019,Nifty Infra,NIFTY INFRA,,0.000000,1,AMXIDX,NSE,0.000000,0,False
99926020,Nifty Energy,NIFTY ENERGY,,0.000000,1,AMXIDX,NSE,0.000000,0,False
99926021,Nifty FMCG,NIFTY FMCG,,0.000000,1,AMXIDX,NSE,0.000000,0,False
99926022,Nifty MNC,NIFTY MNC,,0.000000,1,AMXIDX,NSE,0.000000,0,False
99926023,Nifty Pharma,NIFTY PHARMA,,0.000000,1,AMXIDX,NSE,0.000000,0,False
99926024,Nifty PSE,NIFTY PSE,,0.000000,1,AMXIDX,NSE,0.000000,0,False
99926025,Nifty PSU Bank,NIFTY PSU BANK,,0.000000,1,AMXIDX,NSE,0.000000,0,False
99926026,Nifty Serv Sector,NIFTY SERV SECTOR,,0.000000,1,AMXIDX,NSE,0.000000,0,False
99926029,Nifty Auto,NIFTY AUTO,,0.000000,1,AMXIDX,NSE,0.000000,0,False
99926030,Nifty Metal,NIFTY METAL,,0.000000,1,AMXIDX,NSE,0.000000,0,False
99926031,Nifty Media,NIFTY MEDIA,,0.000000,1,AMXIDX,NSE,0.000000,0,False
99926032,NIFTY SMLCAP 100,NIFTY SMLCAP 100,,0.000000,1,AMXIDX,NSE,0.000000,0,False
99926033,Nifty 200,NIFTY 200,,0.000000,1,AMXIDX,NSE,0.000000,0,False
99926034,Nifty Div Opps 50,NIFTY DIV OPPS 50,,0.000000,1,AMXIDX,NSE,0.000000,0,False
99926035,Nifty Commodities,NIFTY COMMODITIES,,0.000000,1,AMXIDX,NSE,0.000000,0,False
99926036,Nifty Consumption,NIFTY CONSUMPTION,,0.000000,1,AMXIDX,NSE,0.000000,0,False
99926037,Nifty Fin Service,FINNIFTY,,0.000000,1,AMXIDX,NSE,0.000000,0,False
99926038,Nifty50 Div Point,NIFTY50 DIV POINT,,0.000000,1,AMXIDX,NSE,0.000000,0,False
99926040,Nifty100 Liq 15,NIFTY100 LIQ 15,,0.000000,1,AMXIDX,NSE,0.000000,0,False
99926041,Nifty CPSE,NIFTY CPSE,,0.000000,1,AMXIDX,NSE,0.000000,0,False
99926042,Nifty50 PR 1x Inv,NIFTY50 PR 1X INV,,0.000000,1,AMXIDX,NSE,0.000000,0,False
99926043,Nifty50 TR 2x Lev,NIFTY50 TR 2X LEV,,0.000000,1,AMXIDX,NSE,0.000000,0,False
99926044,Nifty50 TR 1x Inv,NIFTY50 TR 1X INV,,0.000000,1,AMXIDX,NSE,0.000000,0,False
99926045,Nifty50 Value 20,NIFTY50 VALUE 20,,0.000000,1,AMXIDX,NSE,0.000000,0,False
99926046,Nifty Mid Liq 15,NIFTY MID LIQ 15,,0.000000,1,AMXIDX,NSE,0.000000,0,False
99926047,Nifty Pvt Bank,NIFTY PVT BANK,,0.000000,1,AMXIDX,NSE,0.000000,0,False
99926048,NIFTY100 Qualty30,NIFTY100 QUALTY30,,0.000000,1,AMXIDX,NSE,0.000000,0,False
99926049,Nifty GS 8 13Yr,NIFTY GS 8 13YR,,0.000000,1,AMXIDX,NSE,0.000000,0,False
99926050,Nifty GS 10Yr,NIFTY GS 10YR,,0.000000,1,AMXIDX,NSE,0.000000,0,False
99926051,Nifty GS 10Yr Cln,NIFTY GS 10YR CLN,,0.000000,1,AMXIDX,NSE,0.000000,0,False
99926052,Nifty GS 4 8Yr,NIFTY GS 4 8YR,,0.000000,1,AMXIDX,NSE,0.000000,0,False
99926053,Nifty GS 11 15Yr,NIFTY GS 11 15YR,,0.000000,1,AMXIDX,NSE,0.000000,0,False
99926054,Nifty GS 15YrPlus,NIFTY GS 15YRPLUS,,0.000000,1,AMXIDX,NSE,0.000000,0,False
99926055,Nifty GS Compsite,NIFTY GS COMPSITE,,0.000000,1,AMXIDX,NSE,0.000000,0,False
99926056,NIFTY50 EQL Wgt,NIFTY50 EQL WGT,,0.000000,1,AMXIDX,NSE,0.000000,0,False
99926057,NIFTY100 EQL Wgt,NIFTY100 EQL WGT,,0.000000,1,AMXIDX,NSE,0.000000,0,False
99926058,NIFTY100 LowVol30,NIFTY100 LOWVOL30,,0.000000,1,AMXIDX,NSE,0.000000,0,False
99926059,NIFTY Alpha 50,NIFTY ALPHA 50,,0.000000,1,AMXIDX,NSE,0.000000,0,False
99926060,NIFTY MIDCAP 150,NIFTY MIDCAP 150,,0.000000,1,AMXIDX,NSE,0.000000,0,False
99926061,NIFTY SMLCAP 50,NIFTY SMLCAP 50,,0.000000,1,AMXIDX,NSE,0.000000,0,False
99926062,NIFTY SMLCAP 250,NIFTY SMLCAP 250,,0.000000,1,AMXIDX,NSE,0.000000,0,False
99926063,NIFTY MIDSML 400,NIFTY MIDSML 400,,0.000000,1,AMXIDX,NSE,0.000000,0,False
99926064,NIFTY200 QUALTY30,NIFTY200 QUALTY30,,0.000000,1,AMXIDX,NSE,0.000000,0,False
99926074,NIFTY MID SELECT,MIDCPNIFTY,,0.000000,1,AMXIDX,NSE,0.000000,0,False
1009,68JK35-SG,68JK35,,-1.000000,100,,NSE,1.000000,999960,False
1015,688WB40-SG,688WB40,,-1.000000,100,,NSE,1.000000,1000000,False
10084,EMAMIPAP-BE,EMAMIPAP,,-1.000000,1,,NSE,1.000000,862050,False
10099,GODREJCP-EQ,GODREJCP,,-1.000000,1,,NSE,5.000000,114603,True
10176,SETFNIF50-EQ,SETFNIF50,,-1.000000,1,,NSE,1.000000,395935,False
10204,793TS34-SG,793TS34,,-1.000000,100,,NSE,1.000000,999200,False
10234,765TN29-SG,765TN29,,-1.000000,100,,NSE,1.000000,1000000,False
10268,804PN42-SG,804PN42,,-1.000000,100,,NSE,1.000000,1000000,False
10304,RAMASTEEL-BE,RAMASTEEL,,-1.000000,1,,NSE,1.000000,25443709,False
10321,PKTEA-EQ,PKTEA,,-1.000000,1,,NSE,5.000000,89145,False
10333,794PN42-SG,794PN42,,-1.000000,100,,NSE,1.000000,999960,False
10337,792AP41-SG,792AP41,,-1.000000,100,,NSE,1.000000,1000000,False
10470,782SK32-SG,782SK32,,-1.000000,100,,NSE,1.000000,490500,False
10473,POWERMECH-EQ,POWERMECH,,-1.000000,1,,NSE,10.000000,41290,False
10477,806JK37-SG,806JK37,,-1.000000,100,,NSE,1.000000,1000000,False
10491,AGNI-SM,AGNI,,-1.000000,2500,,NSE,5.000000,638787,False
10527,772AP34-SG,772AP34,,-1.000000,100,,NSE,1.000000,1000000,False
10532,785KL35-SG,785KL35,,-1.000000,100,,NSE,1.000000,952800,False
10553,789WB37-SG,789WB37,,-1.000000,100,,NSE,1.000000,1000000,False
10599,GUJENERGY-EQ,GUJENERGY,,-1.000000,1,,NSE,1.000000,413366,False
10604,BHARTIARTL-EQ,BHARTIARTL,,-1.000000,1,,NSE,10.000000,48746,True
10645,793RJ45-SG,793RJ45,,-1.000000,100,,NSE,1.000000,1000000,False
10652,777HR32-SG,777HR32,,-1.000000,100,,NSE,1.000000,1000000,False
10661,PONNIERODE-EQ,PONNIERODE,,-1.000000,1,,NSE,5.000000,269465,False
10700,SURANAT&P-EQ,SURANAT&P,,-1.000000,1,,NSE,1.000000,4439350,False
10710,VEEKAYEM-SM,VEEKAYEM,,-1.000000,500,,NSE,5.000000,192136,False
10717,TEAMGTY-EQ,TEAMGTY,,-1.000000,1,,NSE,1.000000,294075,False
1074,655GA30-SG,655GA30,,-1.000000,100,,NSE,1.000000,654000,False
10719,774AP38-SG,774AP38,,-1.000000,100,,NSE,1.000000,1010100,False
10733,SPORTKING-EQ,SPORTKING,,-1.000000,1,,NSE,1.000000,465583,False
1086,66UP30-SG,66UP30,,-1.000000,100,,NSE,1.000000,1000000,False
10744,737NTPC35C-NA,737NTPC35C,,-1.000000,1,,NSE,1.000000,59702,False
10844,77TN42-SG,77TN42,,-1.000000,100,,NSE,1.000000,1000000,False
10853,761HR32-SG,761HR32,,-1.000000,100,,NSE,1.000000,1000000,False
10904,747TS31-SG,747TS31,,-1.000000,100,,NSE,1.000000,1000000,False
10907,758PN42-SG,758PN42,,-1.000000,100,,NSE,1.000000,1000000,False
10932,RADAAN-EQ,RADAAN,,-1.000000,1,,NSE,1.000000,1771082,False
10948,STCINDIA-EQ,STCINDIA,,-1.000000,1,,NSE,1.000000,888060,False
1095,679MP40-SG,679MP40,,-1.000000,100,,NSE,1.000000,1000000,False
10955,745HR32-SG,745HR32,,-1.000000,100,,NSE,1.000000,1000000,False
10959,749HP34-SG,749HP34,,-1.000000,100,,NSE,1.000000,1000000,False
10964,746TS48-SG,746TS48,,-1.000000,100,,NSE,1.000000,1030900,False
10965,746TS49-SG,746TS49,,-1.000000,100,,NSE,1.000000,1026050,False
10981,74GS2062-GS,74GS2062,,-1.000000,1,,NSE,1.000000,975600,False
11006,LIQUIDBEES-EQ,LIQUIDBEES,,-1.000000,1,,NSE,1.000000,99960,False
11039,DCMNVL-EQ,DCMNVL,,-1.000000,1,,NSE,1.000000,559361,False
11060,KSOLVES-EQ,KSOLVES,,-1.000000,1,,NSE,5.000000,387425,False
11096,757JK34-SG,757JK34,,-1.000000,100,,NSE,1.000000,999500,False
11155,CNL-EQ,CNL,,-1.000000,1,,NSE,10.000000,89529,False
11284,767HR32-SG,767HR32,,-1.000000,100,,NSE,1.000000,999900,False
11287,UPL-EQ,UPL,,-1.000000,1,,NSE,5.000000,173898,True
11233,SUVEN-EQ,SUVEN,,-1.000000,1,,NSE,5.000000,281149,False
1129,GTECJAINX-EQ,GTECJAINX,,-1.000000,1,,NSE,1.000000,333183,False
11343,AFFLE-EQ,AFFLE,,-1.000000,1,,NSE,10.000000,63780,False
11359,DHANBANK-EQ,DHANBANK,,-1.000000,1,,NSE,1.000000,3210085,False
11365,865SCL24B-Z8,865SCL24B,,-1.000000,1,,NSE,1.000000,115,False
11368,905SC24B-Z9,905SC24B,,-1.000000,1,,NSE,1.000000,4500,False
11374,TIPSFILMS-EQ,TIPSFILMS,,-1.000000,1,,NSE,5.000000,141358,False
11439,BANKBEES-EQ,BANKBEES,,-1.000000,1,,NSE,1.000000,170494,False
11511,CENTEXT-EQ,CENTEXT,,-1.000000,1,,NSE,1.000000,2616000,False
11530,EMIL-EQ,EMIL,,-1.000000,1,,NSE,1.000000,530568,False
11536,TCS-EQ,TCS,,-1.000000,1,,NSE,10.000000,43417,True
11543,COFORGE-EQ,COFORGE,,-1.000000,1,,NSE,10.000000,54003,True
1157,654AR30-SG,654AR30,,-1.000000,100,,NSE,1.000000,173310,False
11571,PPLPHARMA-EQ,PPLPHARMA,,-1.000000,1,,NSE,1.000000,472628,False
11591,HDFCNIFTY-EQ,HDFCNIFTY,,-1.000000,1,,NSE,1.000000,378987,False
11627,NARMADA-EQ,NARMADA,,-1.000000,1,,NSE,1.000000,2481040,False
11682,785BR32A-SG,785BR32A,,-1.000000,100,,NSE,1.000000,982200,False
11701,787RJ40-SG,787RJ40,,-1.000000,100,,NSE,1.000000,1000000,False
11759,786AP33-SG,786AP33,,-1.000000,100,,NSE,1.000000,999982,False
11770,78KL45-SG,78KL45,,-1.000000,100,,NSE,1.000000,1000000,False
11787,GOYALALUM-EQ,GOYALALUM,,-1.000000,1,,NSE,1.000000,4667361,False
11796,HPIL-EQ,HPIL,,-1.000000,1,,NSE,1.000000,373568,False
11829,SSWL-EQ,SSWL,,-1.000000,1,,NSE,5.000000,269721,False
1185,AMBER-EQ,AMBER,,-1.000000,1,,NSE,50.000000,13789,True
11857,89SCL24A-ZM,89SCL24A,,-1.000000,1,,NSE,1.000000,3,False
11861,93SCL24A-ZN,93SCL24A,,-1.000000,1,,NSE,1.000000,2011,False
11864,PRIMESECU-EQ,PRIMESECU,,-1.000000,1,,NSE,5.000000,353284,False
11866,757GJ26-SG,757GJ26,,-1.000000,100,,NSE,1.000000,996000,False
11872,GRANULES-EQ,GRANULES,,-1.000000,1,,NSE,5.000000,109774,False
11932,FUSION-EQ,FUSION,,-1.000000,1,,NSE,1.000000,527089,False
1205,GOODYEAR-EQ,GOODYEAR,,-1.000000,1,,NSE,5.000000,138491,False
12015,AEROENTER-EQ,AEROENTER,,-1.000000,1,,NSE,1.000000,729398,False
12313,766KA42-SG,766KA42,,-1.000000,100,,NSE,1.000000,1021600,False
12328,763TS44-SG,763TS44,,-1.000000,100,,NSE,1.000000,983750,False
1241,659RJ30A-SG,659RJ30A,,-1.000000,100,,NSE,1.000000,1000000,False
1247,GSFC-EQ,GSFC,,-1.000000,1,,NSE,1.000000,641150,False
1254,673TN40-SG,673TN40,,-1.000000,100,,NSE,1.000000,1000000,False
1267,GUJALKALI-EQ,GUJALKALI,,-1.000000,1,,NSE,5.000000,141822,False
12814,HYBRIDFIN-BE,HYBRIDFIN,,-1.000000,1,,NSE,1.000000,962566,False
12978,NPBET-EQ,NPBET,,-1.000000,1,,NSE,1.000000,23341,False
13050,754KA41-SG,754KA41,,-1.000000,100,,NSE,1.000000,1010000,False
13111,ORIENTCER-EQ,ORIENTCER,,-1.000000,1,,NSE,1.000000,2173365,False
13116,QUICKHEAL-EQ,QUICKHEAL,,-1.000000,1,,NSE,1.000000,677831,False
13121,KERNEX-EQ,KERNEX,,-1.000000,1,,NSE,10.000000,57733,False
13175,NITINSPIN-EQ,NITINSPIN,,-1.000000,1,,NSE,5.000000,153593,False
13244,763HR32-SG,763HR32,,-1.000000,100,,NSE,1.000000,1000000,False
13373,762GA32A-SG,762GA32A,,-1.000000,100,,NSE,1.000000,327000,False
13397,769PY37-SG,769PY37,,-1.000000,100,,NSE,1.000000,490500,False
13409,GPIL-EQ,GPIL,,-1.000000,1,,NSE,1.000000,408570,False
13414,RSYSTEMS-EQ,RSYSTEMS,,-1.000000,1,,NSE,1.000000,416006,False
13441,BALPHARMA-EQ,BALPHARMA,,-1.000000,1,,NSE,1.000000,520612,False
13492,939SCL27-ZZ,939SCL27,,-1.000000,1,,NSE,1.000000,57,False
13533,NECCLTD-BE,NECCLTD,,-1.000000,1,,NSE,1.000000,3417150,False
13536,VIDHIING-EQ,VIDHIING,,-1.000000,1,,NSE,5.000000,298970,False
13585,ATLANTAA-EQ,ATLANTAA,,-1.000000,1,,NSE,1.000000,2665050,False
1363,HINDALCO-EQ,HINDALCO,,-1.000000,1,,NSE,10.000000,101125,True
13621,764WB42-SG,764WB42,,-1.000000,100,,NSE,1.000000,1000000,False
1365,653KA30-SG,653KA30,,-1.000000,100,,NSE,1.000000,1075200,False
1368,66MN30-SG,66MN30,,-1.000000,100,,NSE,1.000000,588600,False
1369,662RJ30-SG,662RJ30,,-1.000000,100,,NSE,1.000000,999900,False
13680,NRL-BE,NRL,,-1.000000,1,,NSE,1.000000,751539,False
13702,VISHWARAJ-EQ,VISHWARAJ,,-1.000000,1,,NSE,1.000000,7122965,False
13717,759AP33-SG,759AP33,,-1.000000,100,,NSE,1.000000,1006700,False
1375,HCC-EQ,HCC,,-1.000000,1,,NSE,1.000000,4398086,False
13750,FLUOROCHEM-EQ,FLUOROCHEM,,-1.000000,1,,NSE,10.000000,20871,False
13786,TORNTPOWER-EQ,TORNTPOWER,,-1.000000,1,,NSE,10.000000,76593,False
13796,MANALIPETC-EQ,MANALIPETC,,-1.000000,1,,NSE,1.000000,1177334,False
13812,FEL-BZ,FEL,,-1.000000,1,,NSE,1.000000,14876224,False
13870,KUANTUM-EQ,KUANTUM,,-1.000000,1,,NSE,1.000000,1308343,False
13882,765HR33-SG,765HR33,,-1.000000,100,,NSE,1.000000,1000000,False
13885,ARIHANT-EQ,ARIHANT,,-1.000000,1,,NSE,5.000000,112641,False
13920,PLASTIBLEN-EQ,PLASTIBLEN,,-1.000000,1,,NSE,1.000000,518718,False
13925,NFL-EQ,NFL,,-1.000000,1,,NSE,1.000000,1459961,False
13950,LIQUID1-EQ,LIQUID1,,-1.000000,1,,NSE,1.000000,89068,False
13982,JASH-EQ,JASH,,-1.000000,1,,NSE,5.000000,194510,False
13992,77PN40-SG,77PN40,,-1.000000,100,,NSE,1.000000,999960,False
14068,SAGCEM-EQ,SAGCEM,,-1.000000,1,,NSE,1.000000,683731,False
14096,SIYSIL-EQ,SIYSIL,,-1.000000,1,,NSE,5.000000,186834,False
14168,759PY41-SG,759PY41,,-1.000000,100,,NSE,1.000000,817500,False
14174,IZMO-EQ,IZMO,,-1.000000,1,,NSE,5.000000,110274,False
1424,HINDZINC-EQ,HINDZINC,,-1.000000,1,,NSE,5.000000,173238,True
14255,REDINGTON-EQ,REDINGTON,,-1.000000,1,,NSE,5.000000,253294,False
14272,765HR33A-SG,765HR33A,,-1.000000,100,,NSE,1.000000,1000000,False
14279,759PN39-SG,759PN39,,-1.000000,100,,NSE,1.000000,1000000,False
14316,VIAZ-SM,VIAZ,,-1.000000,2000,,NSE,5.000000,467838,False
144,GODREJAGRO-EQ,GODREJAGRO,,-1.000000,1,,NSE,5.000000,147924,False
14378,774MH33-SG,774MH33,,-1.000000,100,,NSE,1.000000,1000000,False
14421,77AP29-SG,77AP29,,-1.000000,100,,NSE,1.000000,1009923,False
14436,773TS34-SG,773TS34,,-1.000000,100,,NSE,1.000000,1000000,False
14446,775WB39-SG,775WB39,,-1.000000,100,,NSE,1.000000,1000000,False
14601,ALPHAGEO-BE,ALPHAGEO,,-1.000000,1,,NSE,5.000000,208127,False
14598,SGBMAR31IV-GB,SGBMAR31IV,,-1.000000,1,,NSE,1.000000,6526,False
14635,766HR29-SG,766HR29,,-1.000000,100,,NSE,1.000000,1000000,False
14645,773MH34-SG,773MH34,,-1.000000,100,,NSE,1.000000,1031250,False
14655,774WB41-SG,774WB41,,-1.000000,100,,NSE,1.000000,1000000,False
14658,774WB43-SG,774WB43,,-1.000000,100,,NSE,1.000000,1000000,False
14718,971SCL28-AN,971SCL28,,-1.000000,1,,NSE,1.000000,4352,False
1472,ACCURACY-BE,ACCURACY,,-1.000000,1,,NSE,1.000000,4923312,False
14747,011NSETEST-EQ,011NSETEST,,-1.000000,1,,NSE,5.000000,500000,False
14753,031NSETEST-EQ,031NSETEST,,-1.000000,1,,NSE,5.000000,500000,False
14781,141NSETEST-EQ,141NSETEST,,-1.000000,1,,NSE,5.000000,500000,False
1482,IFBAGRO-EQ,IFBAGRO,,-1.000000,1,,NSE,5.000000,113061,False
14782,151NSETEST-EQ,151NSETEST,,-1.000000,1,,NSE,5.000000,500000,False
14836,797PN38-SG,797PN38,,-1.000000,100,,NSE,1.000000,999826,False
14843,VIPCLOTHNG-EQ,VIPCLOTHNG,,-1.000000,1,,NSE,1.000000,2947235,False
14854,783RJ50-SG,783RJ50,,-1.000000,100,,NSE,1.000000,943254,False
14924,LAL-EQ,LAL,,-1.000000,1,,NSE,1.000000,5648485,False
14938,GSEC10YEAR-EQ,GSEC10YEAR,,-1.000000,1,,NSE,1.000000,855534,False
15017,MAANALU-EQ,MAANALU,,-1.000000,1,,NSE,1.000000,905771,False
15050,717GS2030-GS,717GS2030,,-1.000000,1,,NSE,1.000000,961100,False
15061,PSUBANK-EQ,PSUBANK,,-1.000000,1,,NSE,1.000000,1198735,False
15078,CUBEINVIT-IV,CUBEINVIT,,-1.000000,1,,NSE,1.000000,637089,False
1516,654GA30A-SG,654GA30A,,-1.000000,100,,NSE,1.000000,327000,False
15112,735IRFC31-NM,735IRFC31,,-1.000000,1,,NSE,1.000000,88953,False
15141,COLPAL-EQ,COLPAL,,-1.000000,1,,NSE,10.000000,55485,True
15160,KALYANIFRG-BE,KALYANIFRG,,-1.000000,1,,NSE,5.000000,97880,False
1525,656UP30-SG,656UP30,,-1.000000,100,,NSE,1.000000,1000000,False
1528,66ML30-SG,66ML30,,-1.000000,100,,NSE,1.000000,866550,False
15223,PATINTLOG-BE,PATINTLOG,,-1.000000,1,,NSE,1.000000,2098873,False
15308,SEPC-EQ,SEPC,,-1.000000,1,,NSE,1.000000,18975213,False
15319,747PN43-SG,747PN43,,-1.000000,100,,NSE,1.000000,1034850,False
15332,NMDC-EQ,NMDC,,-1.000000,1,,NSE,1.000000,1213270,True
15380,MANKIND-EQ,MANKIND,,-1.000000,1,,NSE,10.000000,43777,True
154,APCOTEXIND-EQ,APCOTEXIND,,-1.000000,1,,NSE,5.000000,166318,False
1547,RKEC-EQ,RKEC,,-1.000000,1,,NSE,1.000000,844333,False
15404,ATAM-EQ,ATAM,,-1.000000,1,,NSE,1.000000,374840,False
1576,GILLETTE-EQ,GILLETTE,,-1.000000,1,,NSE,50.000000,13653,False
15578,737AP43-SG,737AP43,,-1.000000,100,,NSE,1.000000,1000000,False
15638,AVG-BE,AVG,,-1.000000,1,,NSE,1.000000,566854,False
15780,732AP43-SG,732AP43,,-1.000000,100,,NSE,1.000000,1000000,False
15815,NXST-RR,NXST,,-1.000000,1,,NSE,1.000000,598425,False
15971,72MH28-SG,72MH28,,-1.000000,100,,NSE,1.000000,999900,False
16071,73AP38-SG,73AP38,,-1.000000,100,,NSE,1.000000,1000000,False
16092,729KL49-SG,729KL49,,-1.000000,100,,NSE,1.000000,1000000,False
1621,TATAINVEST-EQ,TATAINVEST,,-1.000000,1,,NSE,5.000000,153303,False
16220,729HR29-SG,729HR29,,-1.000000,100,,NSE,1.000000,1000000,False
16227,732MH32-SG,732MH32,,-1.000000,100,,NSE,1.000000,999900,False
1649,66UP30A-SG,66UP30A,,-1.000000,100,,NSE,1.000000,999900,False
16229,736MP33-SG,736MP33,,-1.000000,100,,NSE,1.000000,1000000,False
16364,736HR33-SG,736HR33,,-1.000000,100,,NSE,1.000000,1000000,False
166,ANDHRAPAP-EQ,ANDHRAPAP,,-1.000000,1,,NSE,1.000000,1363118,False
1652,663TN35-SG,663TN35,,-1.000000,100,,NSE,1.000000,1098900,False
1660,ITC-EQ,ITC,,-1.000000,1,,NSE,5.000000,375884,True
16646,734RJ33A-SG,734RJ33A,,-1.000000,100,,NSE,1.000000,1024500,False
16736,MKPL-EQ,MKPL,,-1.000000,1,,NSE,1.000000,12274664,False
16784,734HR31-SG,734HR31,,-1.000000,100,,NSE,1.000000,999975,False
16805,74MP34-SG,74MP34,,-1.000000,100,,NSE,1.000000,1000000,False
16808,736AP38-SG,736AP38,,-1.000000,100,,NSE,1.000000,1000000,False
16814,735TN43-SG,735TN43,,-1.000000,100,,NSE,1.000000,1033400,False
16821,VINYLINDIA-EQ,VINYLINDIA,,-1.000000,1,,NSE,1.000000,454687,False
16927,JOCIL-EQ,JOCIL,,-1.000000,1,,NSE,1.000000,290413,False
16929,736JK35-SG,736JK35,,-1.000000,100,,NSE,1.000000,1000000,False
17039,865IFL28-NZ,865IFL28,,-1.000000,1,,NSE,1.000000,29074,False
17062,PALREDTEC-EQ,PALREDTEC,,-1.000000,1,,NSE,1.000000,400004,False
17092,GREENCHEF-SM,GREENCHEF,,-1.000000,800,,NSE,5.000000,760989,False
1715,66RJ30C-SG,66RJ30C,,-1.000000,100,,NSE,1.000000,1000000,False
17140,IDEAFORGE-EQ,IDEAFORGE,,-1.000000,1,,NSE,5.000000,136237,False
17152,MIDCAPIETF-EQ,MIDCAPIETF,,-1.000000,1,,NSE,1.000000,4217492,False
17159,875SFL27-ZF,875SFL27,,-1.000000,1,,NSE,1.000000,4522,False
17221,742TN33-SG,742TN33,,-1.000000,100,,NSE,1.000000,999900,False
17279,BLS-EQ,BLS,,-1.000000,1,,NSE,1.000000,431504,False
17307,AJMERA-EQ,AJMERA,,-1.000000,1,,NSE,1.000000,856454,False
17327,736KL38-SG,736KL38,,-1.000000,100,,NSE,1.000000,999900,False
17328,734TS44-SG,734TS44,,-1.000000,100,,NSE,1.000000,1000000,False
17400,NHPC-EQ,NHPC,,-1.000000,1,,NSE,1.000000,1305854,True
17457,743AP35-SG,743AP35,,-1.000000,100,,NSE,1.000000,1000000,False
17475,NV20IETF-EQ,NV20IETF,,-1.000000,1,,NSE,1.000000,4213494,False
17569,DAMODARIND-BE,DAMODARIND,,-1.000000,1,,NSE,1.000000,761910,False
17653,745KL40-SG,745KL40,,-1.000000,100,,NSE,1.000000,1000000,False
17685,GPTINFRA-EQ,GPTINFRA,,-1.000000,1,,NSE,1.000000,891123,False
17795,TREL-EQ,TREL,,-1.000000,1,,NSE,1.000000,3707791,False
179,669TN30-SG,669TN30,,-1.000000,100,,NSE,1.000000,1000000,False
17841,743PN48A-SG,743PN48A,,-1.000000,100,,NSE,1.000000,999975,False
17903,ABBOTINDIA-EQ,ABBOTINDIA,,-1.000000,1,,NSE,500.000000,3909,False
17933,BEARDSELL-EQ,BEARDSELL,,-1.000000,1,,NSE,1.000000,1289589,False
17964,CIFC28-NB,CIFC28,,-1.000000,1,,NSE,1.000000,3157,False
17986,PGIMCSA2D-MF,PGIMCSA2D,,-1.000000,1,,NSE,1.000000,32,False
1802,JYOTISTRUC-EQ,JYOTISTRUC,,-1.000000,1,,NSE,1.000000,10319190,False
18007,BPF02D3D-MF,BPF02D3D,,-1.000000,1,,NSE,1.000000,3,False
18018,GATECH-BE,GATECH,,-1.000000,1,,NSE,1.000000,52246171,False
18025,718GS2033-GS,718GS2033,,-1.000000,1,,NSE,1.000000,970200,False
18026,SBFC-EQ,SBFC,,-1.000000,1,,NSE,1.000000,1017614,False
18049,MINDTECK-EQ,MINDTECK,,-1.000000,1,,NSE,1.000000,630456,False
18066,BPF02IMR-MF,BPF02IMR,,-1.000000,1,,NSE,1.000000,27,False
18087,751PN36-SG,751PN36,,-1.000000,100,,NSE,1.000000,999900,False
18088,749PN37-SG,749PN37,,-1.000000,100,,NSE,1.000000,1000000,False
18093,BPF02IQR-MF,BPF02IQR,,-1.000000,1,,NSE,1.000000,0,False
18102,NIFTY1-EQ,NIFTY1,,-1.000000,1,,NSE,1.000000,383917,False
18124,DBREALTY-EQ,DBREALTY,,-1.000000,1,,NSE,1.000000,1022436,False
18131,YASHO-EQ,YASHO,,-1.000000,1,,NSE,10.000000,23873,False
18160,BPF02RGG-MF,BPF02RGG,,-1.000000,1,,NSE,1.000000,158,False
18161,BPF02RMD-MF,BPF02RMD,,-1.000000,1,,NSE,1.000000,0,False
18174,IF3DPD-MF,IF3DPD,,-1.000000,1,,NSE,1.000000,651676,False
18176,IFD3DPD-MF,IFD3DPD,,-1.000000,1,,NSE,1.000000,64618,False
18185,HFMPCC50DD-MF,HFMPCC50DD,,-1.000000,1,,NSE,1.000000,1750242,False
18200,FISTIPD3QD-MF,FISTIPD3QD,,-1.000000,1,,NSE,1.000000,3524,False
18203,747AS28-SG,747AS28,,-1.000000,100,,NSE,1.000000,817500,False
18252,SPAL-EQ,SPAL,,-1.000000,1,,NSE,10.000000,97739,False
18347,MIDCAPBETA-EQ,MIDCAPBETA,,-1.000000,1,,NSE,1.000000,18536,False
1838,KARURVYSYA-EQ,KARURVYSYA,,-1.000000,1,,NSE,5.000000,298646,False
18371,NDGL-EQ,NDGL,,-1.000000,1,,NSE,10.000000,32700,False
18388,FISTIPIP3G-MF,FISTIPIP3G,,-1.000000,1,,NSE,1.000000,940,False
18402,747UK33-SG,747UK33,,-1.000000,100,,NSE,1.000000,1000000,False
18406,744MN35-SG,744MN35,,-1.000000,100,,NSE,1.000000,327000,False
18413,74AP43-SG,74AP43,,-1.000000,100,,NSE,1.000000,1000100,False
18423,RATNAVEER-EQ,RATNAVEER,,-1.000000,1,,NSE,5.000000,346783,False
18422,ASIANHOTNR-EQ,ASIANHOTNR,,-1.000000,1,,NSE,5.000000,263984,False
18442,BASILIC-SM,BASILIC,,-1.000000,300,,NSE,5.000000,523263,False
18522,746GA38-SG,746GA38,,-1.000000,100,,NSE,1.000000,327000,False
18562,MITTAL-EQ,MITTAL,,-1.000000,1,,NSE,1.000000,7325346,False
18571,GNA-EQ,GNA,,-1.000000,1,,NSE,5.000000,181425,False
18644,DIAMINESQ-EQ,DIAMINESQ,,-1.000000,1,,NSE,1.000000,328745,False
18649,HOLMARC-SM,HOLMARC,,-1.000000,750,,NSE,5.000000,328635,False
18654,CHAVDA-SM,CHAVDA,,-1.000000,1000,,NSE,5.000000,798079,False
18688,74GJ27-SG,74GJ27,,-1.000000,100,,NSE,1.000000,967100,False
18703,744MP35-SG,744MP35,,-1.000000,100,,NSE,1.000000,1000000,False
18708,VISDEM-SM,VISDEM,,-1.000000,1200,,NSE,5.000000,335894,False
1888,664SK31-SG,664SK31,,-1.000000,100,,NSE,1.000000,667080,False
18741,GRETEX-SM,GRETEX,,-1.000000,750,,NSE,5.000000,465104,False
18879,957SCL30-BX,957SCL30,,-1.000000,1,,NSE,1.000000,620,False
18897,1025SCL33A-N1,1025SCL33A,,-1.000000,1,,NSE,1.000000,65,False
18904,980SCL33A-N3,980SCL33A,,-1.000000,1,,NSE,1.000000,3,False
18923,748MP29-SG,748MP29,,-1.000000,100,,NSE,1.000000,1000000,False
18979,UNIVASTU-BE,UNIVASTU,,-1.000000,1,,NSE,1.000000,653591,False
18994,746MP38A-SG,746MP38A,,-1.000000,100,,NSE,1.000000,1000000,False
1902,663WB41-SG,663WB41,,-1.000000,100,,NSE,1.000000,1000000,False
18999,745KL39-SG,745KL39,,-1.000000,100,,NSE,1.000000,1000000,False
19011,MASTER-SM,MASTER,,-1.000000,500,,NSE,5.000000,130800,False
19073,AARVI-EQ,AARVI,,-1.000000,1,,NSE,1.000000,485402,False
19162,752TN33-SG,752TN33,,-1.000000,100,,NSE,1.000000,1020400,False
19165,755MP35-SG,755MP35,,-1.000000,100,,NSE,1.000000,1052600,False
19181,762BR31-SG,762BR31,,-1.000000,100,,NSE,1.000000,1007400,False
19185,755TS32-SG,755TS32,,-1.000000,100,,NSE,1.000000,1002500,False
1919,KOPRAN-EQ,KOPRAN,,-1.000000,1,,NSE,1.000000,425027,False
1922,KOTAKBANK-EQ,KOTAKBANK,,-1.000000,1,,NSE,5.000000,228769,True
19220,VALIANTLAB-BE,VALIANTLAB,,-1.000000,1,,NSE,1.000000,781774,False
19234,LAURUSLABS-EQ,LAURUSLABS,,-1.000000,1,,NSE,10.000000,50746,True
19253,ARABIAN-SM,ARABIAN,,-1.000000,2000,,NSE,5.000000,356168,False
19277,EMAMIREAL-EQ,EMAMIREAL,,-1.000000,1,,NSE,1.000000,1432649,False
19292,TERASOFT-EQ,TERASOFT,,-1.000000,1,,NSE,5.000000,401918,False
19401,BOROLTD-EQ,BOROLTD,,-1.000000,1,,NSE,1.000000,388301,False
19410,ROSSARI-EQ,ROSSARI,,-1.000000,1,,NSE,5.000000,224114,False
19451,CAPTRUST-BE,CAPTRUST,,-1.000000,1,,NSE,1.000000,1112434,False
19483,775SK33A-SG,775SK33A,,-1.000000,100,,NSE,1.000000,1000000,False
1949,KSB-EQ,KSB,,-1.000000,1,,NSE,5.000000,124264,False
19488,762TN53-SG,762TN53,,-1.000000,100,,NSE,1.000000,1013000,False
19503,TICL-BE,TICL,,-1.000000,1,,NSE,1.000000,5068500,False
19524,765TN33A-SG,765TN33A,,-1.000000,100,,NSE,1.000000,1000000,False
19525,IITL-EQ,IITL,,-1.000000,1,,NSE,1.000000,671088,False
19552,761AP43-SG,761AP43,,-1.000000,100,,NSE,1.000000,1000000,False
19566,737GS2028-GS,737GS2028,,-1.000000,1,,NSE,1.000000,959000,False
19585,BSE-EQ,BSE,,-1.000000,1,,NSE,10.000000,29367,True
19606,77KA34-SG,77KA34,,-1.000000,100,,NSE,1.000000,1000000,False
19617,771RJ33-SG,771RJ33,,-1.000000,100,,NSE,1.000000,1029800,False
19653,KALYANI-BE,KALYANI,,-1.000000,1,,NSE,1.000000,32700,False
19698,HMT-BZ,HMT,,-1.000000,1,,NSE,1.000000,1578158,False
19752,SHANTHALA-SM,SHANTHALA,,-1.000000,1200,,NSE,5.000000,219026,False
19783,MUFIN-EQ,MUFIN,,-1.000000,1,,NSE,1.000000,741919,False
19884,ESAFSFB-BE,ESAFSFB,,-1.000000,1,,NSE,1.000000,2524552,False
199,MASFIN-EQ,MASFIN,,-1.000000,1,,NSE,5.000000,337866,False
19899,77MH34-SG,77MH34,,-1.000000,100,,NSE,1.000000,1000000,False
19903,775RJ36-SG,775RJ36,,-1.000000,100,,NSE,1.000000,1025550,False
19933,EGOLD-EQ,EGOLD,,-1.000000,1,,NSE,5.000000,661958,False
20019,714AP34-SG,714AP34,,-1.000000,100,,NSE,1.000000,940300,False
20045,940SCL26A-NK,940SCL26A,,-1.000000,1,,NSE,1.000000,886,False
2013,61CG27-SG,61CG27,,-1.000000,100,,NSE,1.000000,1000000,False
20108,718HP32-SG,718HP32,,-1.000000,100,,NSE,1.000000,943000,False
20111,1050SCL30-NU,1050SCL30,,-1.000000,1,,NSE,1.000000,577,False
2017,661TS51-SG,661TS51,,-1.000000,100,,NSE,1.000000,1000000,False
2018,LUMAXIND-EQ,LUMAXIND,,-1.000000,1,,NSE,50.000000,17003,False
20155,69AS30-SG,69AS30,,-1.000000,100,,NSE,1.000000,966050,False
20182,ASHOKA-EQ,ASHOKA,,-1.000000,1,,NSE,1.000000,878102,False
20203,URJA-EQ,URJA,,-1.000000,1,,NSE,1.000000,11086015,False
20230,756JK48-SG,756JK48,,-1.000000,100,,NSE,1.000000,1006470,False
20277,745GJ30-SG,745GJ30,,-1.000000,100,,NSE,1.000000,931500,False
20279,657GJ29-SG,657GJ29,,-1.000000,100,,NSE,1.000000,984450,False
2031,M&M-EQ,M&M,,-1.000000,1,,NSE,10.000000,31088,True
20296,SHAH-EQ,SHAH,,-1.000000,1,,NSE,1.000000,28489600,False
20303,GANDHAR-EQ,GANDHAR,,-1.000000,1,,NSE,5.000000,366656,False
20311,718AS29-SG,718AS29,,-1.000000,100,,NSE,1.000000,948404,False
20314,NRAIL-EQ,NRAIL,,-1.000000,1,,NSE,5.000000,159247,False
20342,774CG31-SG,774CG31,,-1.000000,100,,NSE,1.000000,1000000,False
20349,775UP33-SG,775UP33,,-1.000000,100,,NSE,1.000000,990400,False
20357,776MP37A-SG,776MP37A,,-1.000000,100,,NSE,1.000000,977000,False
20363,771WB43-SG,771WB43,,-1.000000,100,,NSE,1.000000,1000000,False
20365,774JK43-SG,774JK43,,-1.000000,100,,NSE,1.000000,999960,False
20400,781MZ37-SG,781MZ37,,-1.000000,100,,NSE,1.000000,294300,False
20414,MARINETRAN-ST,MARINETRAN,,-1.000000,4000,,NSE,5.000000,416140,False
20448,724GR2033-GS,724GR2033,,-1.000000,1,,NSE,1.000000,1000000,False
20453,APCL-EQ,APCL,,-1.000000,1,,NSE,1.000000,960554,False
20483,763JK53A-SG,763JK53A,,-1.000000,100,,NSE,1.000000,999960,False
20603,SHREEOSFM-SM,SHREEOSFM,,-1.000000,1000,,NSE,5.000000,503691,False
20648,884LTF29-N6,884LTF29,,-1.000000,1,,NSE,1.000000,229,False
20654,65AP30-SG,65AP30,,-1.000000,100,,NSE,1.000000,991500,False
20698,SCHAND-EQ,SCHAND,,-1.000000,1,,NSE,1.000000,726078,False
2073,VTL-EQ,VTL,,-1.000000,1,,NSE,5.000000,176580,False
20732,762UP33-SG,762UP33,,-1.000000,100,,NSE,1.000000,1010000,False
20733,763GA33-SG,763GA33,,-1.000000,100,,NSE,1.000000,490500,False
20735,762UP34-SG,762UP34,,-1.000000,100,,NSE,1.000000,1036800,False
20740,76KA38-SG,76KA38,,-1.000000,100,,NSE,1.000000,1010000,False
20778,JAMNAAUTO-EQ,JAMNAAUTO,,-1.000000,1,,NSE,1.000000,738006,False
20784,1050ISFL28-N5,1050ISFL28,,-1.000000,1,,NSE,1.000000,51573,False
20779,1003ISFL28-N4,1003ISFL28,,-1.000000,1,,NSE,1.000000,26285,False
2081,69AP32-SG,69AP32,,-1.000000,100,,NSE,1.000000,999984,False
20788,MOTISONS-EQ,MOTISONS,,-1.000000,1,,NSE,1.000000,6268798,False
20790,SUMEETINDS-EQ,SUMEETINDS,,-1.000000,1,,NSE,1.000000,9284637,False
20825,HUDCO-EQ,HUDCO,,-1.000000,1,,NSE,1.000000,578549,False
2085,MAHSCOOTER-EQ,MAHSCOOTER,,-1.000000,1,,NSE,100.000000,7702,False
2088,MAHSEAMLES-EQ,MAHSEAMLES,,-1.000000,1,,NSE,5.000000,137081,False
20862,699GA30-SG,699GA30,,-1.000000,100,,NSE,1.000000,245250,False
20899,EFORCE-SM,EFORCE,,-1.000000,1200,,NSE,5.000000,765180,False
20923,654AP30-SG,654AP30,,-1.000000,100,,NSE,1.000000,985100,False
20937,767GA33A-SG,767GA33A,,-1.000000,100,,NSE,1.000000,327000,False
20944,767HR35-SG,767HR35,,-1.000000,100,,NSE,1.000000,973600,False
20946,764WB43A-SG,764WB43A,,-1.000000,100,,NSE,1.000000,999889,False
21047,788GA30-SG,788GA30,,-1.000000,100,,NSE,1.000000,327000,False
21049,773GJ29-SG,773GJ29,,-1.000000,100,,NSE,1.000000,888784,False
21054,688AP35-SG,688AP35,,-1.000000,100,,NSE,1.000000,957800,False
2106,MANGLMCEM-EQ,MANGLMCEM,,-1.000000,1,,NSE,10.000000,97257,False
21078,TECHLABS-SM,TECHLABS,,-1.000000,125,,NSE,5.000000,565090,False
21131,TEJASNET-EQ,TEJASNET,,-1.000000,1,,NSE,5.000000,180874,False
21235,657AP30-SG,657AP30,,-1.000000,100,,NSE,1.000000,990000,False
21236,703HR40-SG,703HR40,,-1.000000,100,,NSE,1.000000,943550,False
21252,NIFTYAXIS-EQ,NIFTYAXIS,,-1.000000,1,,NSE,1.000000,385443,False
21362,SALASAR-EQ,SALASAR,,-1.000000,1,,NSE,1.000000,19800780,False
21392,MAGADSUGAR-EQ,MAGADSUGAR,,-1.000000,1,,NSE,5.000000,183881,False
21394,757NHB31-N8,757NHB31,,-1.000000,1,,NSE,1.000000,1000,False
2146,698HR41-SG,698HR41,,-1.000000,100,,NSE,1.000000,1000000,False
21478,NEXT50BETA-EQ,NEXT50BETA,,-1.000000,1,,NSE,1.000000,1280857,False
21499,768CG32-SG,768CG32,,-1.000000,100,,NSE,1.000000,958300,False
21503,764GJ34-SG,764GJ34,,-1.000000,100,,NSE,1.000000,969400,False
21510,767AP38A-SG,767AP38A,,-1.000000,100,,NSE,1.000000,1000000,False
21542,76TS43-SG,76TS43,,-1.000000,100,,NSE,1.000000,1010100,False
21547,76TS47-SG,76TS47,,-1.000000,100,,NSE,1.000000,1000000,False
21711,68PN26-SG,68PN26,,-1.000000,100,,NSE,1.000000,965900,False
21726,MATRIMONY-EQ,MATRIMONY,,-1.000000,1,,NSE,5.000000,194247,False
21792,MPTODAY-SM,MPTODAY,,-1.000000,2000,,NSE,5.000000,149373,False
21808,SBILIFE-EQ,SBILIFE,,-1.000000,1,,NSE,10.000000,59187,True
21858,763GJ34-SG,763GJ34,,-1.000000,100,,NSE,1.000000,953200,False
21901,655KL30-SG,655KL30,,-1.000000,100,,NSE,1.000000,988100,False
21914,716KL30-SG,716KL30,,-1.000000,100,,NSE,1.000000,949368,False
21920,705MN30-SG,705MN30,,-1.000000,100,,NSE,1.000000,624570,False
21923,8MN30-SG,8MN30,,-1.000000,100,,NSE,1.000000,654000,False
21936,657MH31-SG,657MH31,,-1.000000,100,,NSE,1.000000,984000,False
21937,66MH31-SG,66MH31,,-1.000000,100,,NSE,1.000000,982400,False
21946,697MH28-SG,697MH28,,-1.000000,100,,NSE,1.000000,956100,False
21963,711MP30-SG,711MP30,,-1.000000,100,,NSE,1.000000,951650,False
2200,SGBFEB29XI-GB,SGBFEB29XI,,-1.000000,1,,NSE,1.000000,6651,False
21995,80NL30-SG,80NL30,,-1.000000,100,,NSE,1.000000,654000,False
22009,652ML30-SG,652ML30,,-1.000000,100,,NSE,1.000000,654000,False
22057,697RJ30-SG,697RJ30,,-1.000000,100,,NSE,1.000000,962000,False
22072,718RJ30-SG,718RJ30,,-1.000000,100,,NSE,1.000000,817500,False
22104,775TN30-SG,775TN30,,-1.000000,100,,NSE,1.000000,916500,False
22120,715TN27-SG,715TN27,,-1.000000,100,,NSE,1.000000,944200,False
22126,694TN50-SG,694TN50,,-1.000000,100,,NSE,1.000000,950277,False
22139,721TR29-SG,721TR29,,-1.000000,100,,NSE,1.000000,946608,False
22144,718WB35-SG,718WB35,,-1.000000,100,,NSE,1.000000,938600,False
22151,71WB30-SG,71WB30,,-1.000000,100,,NSE,1.000000,955000,False
22156,695SK30-SG,695SK30,,-1.000000,100,,NSE,1.000000,706320,False
22159,708CG30-SG,708CG30,,-1.000000,100,,NSE,1.000000,953800,False
22160,717CG30-SG,717CG30,,-1.000000,100,,NSE,1.000000,949000,False
22163,718CG30-SG,718CG30,,-1.000000,100,,NSE,1.000000,948100,False
22169,711UK30-SG,711UK30,,-1.000000,100,,NSE,1.000000,817500,False
22188,765TS30-SG,765TS30,,-1.000000,100,,NSE,1.000000,918400,False
22189,750TS28-SG,750TS28,,-1.000000,100,,NSE,1.000000,933500,False
22195,660TS30-SG,660TS30,,-1.000000,100,,NSE,1.000000,984600,False
22201,785UK30-SG,785UK30,,-1.000000,100,,NSE,1.000000,909000,False
2230,693GJ31-SG,693GJ31,,-1.000000,100,,NSE,1.000000,1000000,False
22239,EBBETF0431-EQ,EBBETF0431,,-1.000000,1,,NSE,1.000000,69753,False
22299,648HR40-SG,648HR40,,-1.000000,100,,NSE,1.000000,1000000,False
22336,649KA31-SG,649KA31,,-1.000000,100,,NSE,1.000000,1000000,False
22422,677AP40-SG,677AP40,,-1.000000,100,,NSE,1.000000,817500,False
22448,645GJ30-SG,645GJ30,,-1.000000,100,,NSE,1.000000,999900,False
22492,76TN31-SG,76TN31,,-1.000000,100,,NSE,1.000000,1015800,False
2259,MOREPENLAB-EQ,MOREPENLAB,,-1.000000,1,,NSE,1.000000,863575,False
22496,765GA34-SG,765GA34,,-1.000000,100,,NSE,1.000000,327000,False
22507,767WB43-SG,767WB43,,-1.000000,100,,NSE,1.000000,1000000,False
22553,CIF27-NM,CIF27,,-1.000000,1,,NSE,1.000000,1597,False
2260,695TN31-SG,695TN31,,-1.000000,100,,NSE,1.000000,1034000,False
22611,751RJ34-SG,751RJ34,,-1.000000,100,,NSE,1.000000,999900,False
22621,752MZ40-SG,752MZ40,,-1.000000,100,,NSE,1.000000,261600,False
22625,746TS45-SG,746TS45,,-1.000000,100,,NSE,1.000000,1000000,False
2263,BANDHANBNK-EQ,BANDHANBNK,,-1.000000,1,,NSE,1.000000,565467,True
22649,PARKHOTELS-EQ,PARKHOTELS,,-1.000000,1,,NSE,1.000000,902573,False
22696,746CG31-SG,746CG31,,-1.000000,100,,NSE,1.000000,1050400,False
22701,744AP39-SG,744AP39,,-1.000000,100,,NSE,1.000000,1000000,False
22707,746JK49-SG,746JK49,,-1.000000,100,,NSE,1.000000,1000000,False
22737,890NCPL28-N1,890NCPL28,,-1.000000,1,,NSE,1.000000,327,False
22744,747CG31-SG,747CG31,,-1.000000,100,,NSE,1.000000,1000000,False
22749,748UP34-SG,748UP34,,-1.000000,100,,NSE,1.000000,999900,False
22767,ESCONET-ST,ESCONET,,-1.000000,400,,NSE,5.000000,400796,False
22815,764RL27-NM,764RL27,,-1.000000,1,,NSE,1.000000,999,False
22854,830TFSIL27-N2,830TFSIL27,,-1.000000,1,,NSE,1.000000,654,False
22872,742MP44-SG,742MP44,,-1.000000,100,,NSE,1.000000,1000000,False
22875,746UK34-SG,746UK34,,-1.000000,100,,NSE,1.000000,1000000,False
22927,AAFS34-N2,AAFS34,,-1.000000,1,,NSE,1.000000,191,False
22987,74RJ42-SG,74RJ42,,-1.000000,100,,NSE,1.000000,1000000,False
23012,860CIFC29-NQ,860CIFC29,,-1.000000,1,,NSE,1.000000,1000,False
2303,HAL-EQ,HAL,,-1.000000,1,,NSE,10.000000,20063,True
2307,MUNJALSHOW-EQ,MUNJALSHOW,,-1.000000,1,,NSE,1.000000,783302,False
23041,764ABL34-N0,764ABL34,,-1.000000,1,,NSE,1.000000,999,False
23078,738CG32-SG,738CG32,,-1.000000,100,,NSE,1.000000,1000000,False
23089,738UP36-SG,738UP36,,-1.000000,100,,NSE,1.000000,1000000,False
23092,737KA38A-SG,737KA38A,,-1.000000,100,,NSE,1.000000,1025400,False
23096,737TS41-SG,737TS41,,-1.000000,100,,NSE,1.000000,1000000,False
2316,HEIDELBERG-EQ,HEIDELBERG,,-1.000000,1,,NSE,1.000000,667375,False
23127,SCILAL-EQ,SCILAL,,-1.000000,1,,NSE,1.000000,2621516,False
23184,MOREALTY-EQ,MOREALTY,,-1.000000,1,,NSE,1.000000,1012065,False
23189,744TS30-SG,744TS30,,-1.000000,100,,NSE,1.000000,1000000,False
23193,744TN34A-SG,744TN34A,,-1.000000,100,,NSE,1.000000,1000000,False
23195,747CG34-SG,747CG34,,-1.000000,100,,NSE,1.000000,1000000,False
23196,747UK34-SG,747UK34,,-1.000000,100,,NSE,1.000000,999900,False
23222,765HDFC34-N1,765HDFC34,,-1.000000,1,,NSE,1.000000,999,False
23252,768SIDBI27-N3,768SIDBI27,,-1.000000,1,,NSE,1.000000,999,False
23307,971SCL29-Z0,971SCL29,,-1.000000,1,,NSE,1.000000,6673,False
23323,1025SCL34-Z8,1025SCL34,,-1.000000,1,,NSE,1.000000,4715,False
23337,75TN54-SG,75TN54,,-1.000000,100,,NSE,1.000000,1000000,False
23341,746AS31-SG,746AS31,,-1.000000,100,,NSE,1.000000,1000000,False
23347,747CG34A-SG,747CG34A,,-1.000000,100,,NSE,1.000000,1000000,False
23344,744KA33-SG,744KA33,,-1.000000,100,,NSE,1.000000,1000000,False
23354,745MH39-SG,745MH39,,-1.000000,100,,NSE,1.000000,1000000,False
23426,746ML34-SG,746ML34,,-1.000000,100,,NSE,1.000000,327000,False
23434,746AP43A-SG,746AP43A,,-1.000000,100,,NSE,1.000000,1000000,False
23541,742MH37-SG,742MH37,,-1.000000,100,,NSE,1.000000,999900,False
23626,751NHB31-NC,751NHB31,,-1.000000,1,,NSE,1.000000,999,False
23641,749AP44-SG,749AP44,,-1.000000,100,,NSE,1.000000,1000000,False
23656,789SDIL29-N1,789SDIL29,,-1.000000,1,,NSE,1.000000,999,False
23658,859CIFCL29-NT,859CIFCL29,,-1.000000,1,,NSE,1.000000,999,False
23671,AAFS34A-N5,AAFS34A,,-1.000000,1,,NSE,1.000000,185,False
23674,743TN34A-SG,743TN34A,,-1.000000,100,,NSE,1.000000,1000000,False
23679,743AP42A-SG,743AP42A,,-1.000000,100,,NSE,1.000000,1000000,False
23704,0MOFSL27-N3,0MOFSL27,,-1.000000,1,,NSE,1.000000,8938,False
23757,742AP45-SG,742AP45,,-1.000000,100,,NSE,1.000000,1000000,False
23799,GODIGIT-EQ,GODIGIT,,-1.000000,1,,NSE,5.000000,390170,False
2383,708MH31-SG,708MH31,,-1.000000,100,,NSE,1.000000,1000000,False
23874,736KL36-SG,736KL36,,-1.000000,100,,NSE,1.000000,1000000,False
23878,737MZ39-SG,737MZ39,,-1.000000,100,,NSE,1.000000,654000,False
23880,737WB40-SG,737WB40,,-1.000000,100,,NSE,1.000000,1000000,False
23888,GSMFOILS-SM,GSMFOILS,,-1.000000,500,,NSE,5.000000,460832,False
23898,825SMFG27-N1,825SMFG27,,-1.000000,1,,NSE,1.000000,654,False
23900,865CIFL29-NW,865CIFL29,,-1.000000,1,,NSE,1.000000,999,False
23919,704GS2029-GS,704GS2029,,-1.000000,1,,NSE,1.000000,970800,False
2394,734TR36-SG,734TR36,,-1.000000,100,,NSE,1.000000,464340,False
23942,94SCL27-ZG,94SCL27,,-1.000000,1,,NSE,1.000000,2321,False
23988,909MFL29-NP,909MFL29,,-1.000000,1,,NSE,1.000000,999,False
23995,746HP36-SG,746HP36,,-1.000000,100,,NSE,1.000000,999950,False
24001,743AP46-SG,743AP46,,-1.000000,100,,NSE,1.000000,1000000,False
24010,743AP42B-SG,743AP42B,,-1.000000,100,,NSE,1.000000,1000000,False
24011,743TS43-SG,743TS43,,-1.000000,100,,NSE,1.000000,1000000,False
24023,75IREDA34-ND,75IREDA34,,-1.000000,1,,NSE,1.000000,1000,False
1000,656MH32-SG,656MH32,,-1.000000,100,,NSE,1.000000,999900,False
10046,757GS2033-GS,757GS2033,,-1.000000,1,,NSE,1.000000,952000,False
10192,SHYAMCENT-BE,SHYAMCENT,,-1.000000,1,,NSE,1.000000,6938056,False
10196,782GJ32-SG,782GJ32,,-1.000000,100,,NSE,1.000000,999900,False
10216,795AP40-SG,795AP40,,-1.000000,100,,NSE,1.000000,1000000,False
10218,792AP42-SG,792AP42,,-1.000000,100,,NSE,1.000000,1000000,False
10219,781RJ47-SG,781RJ47,,-1.000000,100,,NSE,1.000000,1000000,False
10227,MANORAMA-EQ,MANORAMA,,-1.000000,1,,NSE,10.000000,48604,False
10232,SGBJUN30-GB,SGBJUN30,,-1.000000,1,,NSE,1.000000,6535,False
10272,792TS45-SG,792TS45,,-1.000000,100,,NSE,1.000000,1000000,False
1038,FINCABLES-EQ,FINCABLES,,-1.000000,1,,NSE,10.000000,70199,False
10332,79HR34-SG,79HR34,,-1.000000,100,,NSE,1.000000,1000000,False
10368,783MN32-SG,783MN32,,-1.000000,100,,NSE,1.000000,817500,False
10393,801WB41-SG,801WB41,,-1.000000,100,,NSE,1.000000,1000000,False
1044,BNKETFAXIS-EQ,BNKETFAXIS,,-1.000000,1,,NSE,1.000000,171124,False
10394,785PN32-SG,785PN32,,-1.000000,100,,NSE,1.000000,1000000,False
10407,KSHITIJPOL-EQ,KSHITIJPOL,,-1.000000,1,,NSE,1.000000,7061330,False
10415,MUTHOOTCAP-EQ,MUTHOOTCAP,,-1.000000,1,,NSE,1.000000,440810,False
10440,LUPIN-EQ,LUPIN,,-1.000000,1,,NSE,10.000000,47552,True
10458,779AP31-SG,779AP31,,-1.000000,100,,NSE,1.000000,1000000,False
10474,805RJ37-SG,805RJ37,,-1.000000,100,,NSE,1.000000,1000000,False
10512,CONS-EQ,CONS,,-1.000000,1,,NSE,1.000000,936948,False
10545,784TS36-SG,784TS36,,-1.000000,100,,NSE,1.000000,1000000,False
10557,NAVKARCORP-EQ,NAVKARCORP,,-1.000000,1,,NSE,1.000000,1068535,False
10718,772AP35-SG,772AP35,,-1.000000,100,,NSE,1.000000,1052600,False
10723,INFRAIETF-EQ,INFRAIETF,,-1.000000,1,,NSE,1.000000,952094,False
10741,728NTPC30B-N9,728NTPC30B,,-1.000000,1,,NSE,1.000000,42198,False
10770,AHIMSA-ST,AHIMSA,,-1.000000,3000,,NSE,5.000000,178999,False
10876,HDFCSILVER-EQ,HDFCSILVER,,-1.000000,1,,NSE,1.000000,461642,False
11161,756WB42-SG,756WB42,,-1.000000,100,,NSE,1.000000,1000000,False
11192,SGBAUG30-GB,SGBAUG30,,-1.000000,1,,NSE,1.000000,6586,False
11239,NSIL-EQ,NSIL,,-1.000000,1,,NSE,50.000000,18012,False
11273,749GJ26-SG,749GJ26,,-1.000000,100,,NSE,1.000000,1000000,False
1127,GHCL-EQ,GHCL,,-1.000000,1,,NSE,5.000000,237420,False
11265,TVSELECT-EQ,TVSELECT,,-1.000000,1,,NSE,5.000000,241614,False
11275,TVTODAY-EQ,TVTODAY,,-1.000000,1,,NSE,1.000000,914898,False
11277,762MH30A-SG,762MH30A,,-1.000000,100,,NSE,1.000000,1010000,False
11286,771MN32-SG,771MN32,,-1.000000,100,,NSE,1.000000,327000,False
11293,UNIENTER-EQ,UNIENTER,,-1.000000,1,,NSE,1.000000,1094999,False
11399,SALZERELEC-EQ,SALZERELEC,,-1.000000,1,,NSE,5.000000,181619,False
11573,FORCEMOT-EQ,FORCEMOT,,-1.000000,1,,NSE,100.000000,5643,True
11598,773BR32-SG,773BR32,,-1.000000,100,,NSE,1.000000,1000000,False
11603,781UP34-SG,781UP34,,-1.000000,100,,NSE,1.000000,999900,False
11607,774WB39-SG,774WB39,,-1.000000,100,,NSE,1.000000,1000000,False
11618,ASTRAMICRO-EQ,ASTRAMICRO,,-1.000000,1,,NSE,10.000000,59435,False
11619,GOLDENTOBC-BZ,GOLDENTOBC,,-1.000000,1,,NSE,1.000000,575807,False
11630,NTPC-EQ,NTPC,,-1.000000,1,,NSE,5.000000,290899,True
11669,79NHIT47-N3,79NHIT47,,-1.000000,1,,NSE,1.000000,239655,False
11677,INDOCO-EQ,INDOCO,,-1.000000,1,,NSE,1.000000,380198,False
11704,783TN42-SG,783TN42,,-1.000000,100,,NSE,1.000000,1000000,False
11754,753IRFC30-NJ,753IRFC30,,-1.000000,1,,NSE,1.000000,88064,False
11794,SAKSOFT-EQ,SAKSOFT,,-1.000000,1,,NSE,1.000000,682638,False
11840,NH-EQ,NH,,-1.000000,1,,NSE,10.000000,53338,False
11845,CYBERMEDIA-BE,CYBERMEDIA,,-1.000000,1,,NSE,1.000000,675529,False
11854,915SCL27A-ZL,915SCL27A,,-1.000000,1,,NSE,1.000000,2145,False
11956,MEDANTA-EQ,MEDANTA,,-1.000000,1,,NSE,10.000000,68830,False
11979,HTMEDIA-EQ,HTMEDIA,,-1.000000,1,,NSE,1.000000,4012753,False
12037,BASML-BE,BASML,,-1.000000,1,,NSE,1.000000,2613428,False
12081,SCPL-BE,SCPL,,-1.000000,1,,NSE,5.000000,154602,False
12153,BBTCL-EQ,BBTCL,,-1.000000,1,,NSE,1.000000,439535,False
12188,INOXGREEN-EQ,INOXGREEN,,-1.000000,1,,NSE,1.000000,560884,False
12289,739ML26-SG,739ML26,,-1.000000,100,,NSE,1.000000,1010074,False
12301,769GA32A-SG,769GA32A,,-1.000000,100,,NSE,1.000000,163500,False
1233,65GJ30A-SG,65GJ30A,,-1.000000,100,,NSE,1.000000,999900,False
1237,657GA30-SG,657GA30,,-1.000000,100,,NSE,1.000000,327000,False
1246,664AS30-SG,664AS30,,-1.000000,100,,NSE,1.000000,1000000,False
12661,755AP29-SG,755AP29,,-1.000000,100,,NSE,1.000000,1000000,False
12673,762PN32-SG,762PN32,,-1.000000,100,,NSE,1.000000,1000000,False
12716,TEAMLEASE-EQ,TEAMLEASE,,-1.000000,1,,NSE,10.000000,80548,False
1274,VASA-SM,VASA,,-1.000000,4000,,NSE,5.000000,195956,False
128,ROUTE-EQ,ROUTE,,-1.000000,1,,NSE,5.000000,202554,False
1289,GFLLIMITED-EQ,GFLLIMITED,,-1.000000,1,,NSE,1.000000,1716076,False
13001,DHARMAJ-EQ,DHARMAJ,,-1.000000,1,,NSE,5.000000,371263,False
13038,755BR32A-SG,755BR32A,,-1.000000,100,,NSE,1.000000,1000000,False
13091,EKC-EQ,EKC,,-1.000000,1,,NSE,1.000000,982266,False
13060,NAGAFERT-BZ,NAGAFERT,,-1.000000,1,,NSE,1.000000,19556725,False
13106,NAHARINDUS-EQ,NAHARINDUS,,-1.000000,1,,NSE,1.000000,759726,False
13135,761JK42-SG,761JK42,,-1.000000,100,,NSE,1.000000,1000000,False
1327,HCL-INSYS-EQ,HCL-INSYS,,-1.000000,1,,NSE,1.000000,9930288,False
13182,ROHLTD-EQ,ROHLTD,,-1.000000,1,,NSE,5.000000,326469,False
13241,758HR30-SG,758HR30,,-1.000000,100,,NSE,1.000000,1007850,False
13270,JKCEMENT-EQ,JKCEMENT,,-1.000000,1,,NSE,50.000000,20630,False
13290,BLKASHYAP-EQ,BLKASHYAP,,-1.000000,1,,NSE,1.000000,1854920,False
13295,VISACHROME-EQ,VISACHROME,,-1.000000,1,,NSE,1.000000,2854558,False
13300,NITCO-EQ,NITCO,,-1.000000,1,,NSE,1.000000,1066929,False
13369,757GJ31-SG,757GJ31,,-1.000000,100,,NSE,1.000000,1000000,False
13376,UTTAMSUGAR-EQ,UTTAMSUGAR,,-1.000000,1,,NSE,5.000000,357316,False
13387,766TS34-SG,766TS34,,-1.000000,100,,NSE,1.000000,1000000,False
13389,767TS35-SG,767TS35,,-1.000000,100,,NSE,1.000000,1000000,False
13392,77JK37-SG,77JK37,,-1.000000,100,,NSE,1.000000,999970,False
13421,EMKAY-EQ,EMKAY,,-1.000000,1,,NSE,5.000000,398541,False
13472,645GS2029-GS,645GS2029,,-1.000000,1,,NSE,1.000000,984200,False
13510,AKASH-EQ,AKASH,,-1.000000,1,,NSE,1.000000,551404,False
1360,HIMATSEIDE-EQ,HIMATSEIDE,,-1.000000,1,,NSE,1.000000,1474202,False
13557,AVONMORE-EQ,AVONMORE,,-1.000000,1,,NSE,1.000000,7142660,False
13577,VOLTAMP-EQ,VOLTAMP,,-1.000000,1,,NSE,100.000000,8913,False
1361,622KL27-SG,622KL27,,-1.000000,100,,NSE,1.000000,1000000,False
13606,764KL34-SG,764KL34,,-1.000000,100,,NSE,1.000000,999951,False
13631,SKYGOLD-EQ,SKYGOLD,,-1.000000,1,,NSE,5.000000,120801,False
13637,JMFINANCIL-EQ,JMFINANCIL,,-1.000000,1,,NSE,1.000000,802475,False
13689,AERONEU-EQ,AERONEU,,-1.000000,1,,NSE,1.000000,843529,False
13712,754AP29-SG,754AP29,,-1.000000,100,,NSE,1.000000,1000000,False
13719,759TS37-SG,759TS37,,-1.000000,100,,NSE,1.000000,1020400,False
13810,GREENPANEL-EQ,GREENPANEL,,-1.000000,1,,NSE,1.000000,651028,False
1376,668JH32-SG,668JH32,,-1.000000,100,,NSE,1.000000,1000000,False
13773,757GJ32-SG,757GJ32,,-1.000000,100,,NSE,1.000000,999900,False
13778,762UP35-SG,762UP35,,-1.000000,100,,NSE,1.000000,999950,False
13890,HIRECT-EQ,HIRECT,,-1.000000,1,,NSE,10.000000,80293,False
13901,77HP38-SG,77HP38,,-1.000000,100,,NSE,1.000000,1000000,False
13911,76KL45-SG,76KL45,,-1.000000,100,,NSE,1.000000,1002450,False
13981,SGBOCT27-GB,SGBOCT27,,-1.000000,1,,NSE,1.000000,6598,False
14111,NETWORK18-EQ,NETWORK18,,-1.000000,1,,NSE,1.000000,3753228,False
14117,755TN53-SG,755TN53,,-1.000000,100,,NSE,1.000000,999900,False
14162,766UP33-SG,766UP33,,-1.000000,100,,NSE,1.000000,1000000,False
14165,762MN35-SG,762MN35,,-1.000000,100,,NSE,1.000000,654000,False
14167,759TS40A-SG,759TS40A,,-1.000000,100,,NSE,1.000000,1000000,False
14277,759MP38-SG,759MP38,,-1.000000,100,,NSE,1.000000,999900,False
14329,SMSPHARMA-EQ,SMSPHARMA,,-1.000000,1,,NSE,5.000000,215680,False
14336,HDFC2638DQ-MF,HDFC2638DQ,,-1.000000,1,,NSE,1.000000,65,False
1437,668KA36-SG,668KA36,,-1.000000,100,,NSE,1.000000,1000000,False
14355,758KL49-SG,758KL49,,-1.000000,100,,NSE,1.000000,1000000,False
14357,756TN53-SG,756TN53,,-1.000000,100,,NSE,1.000000,999900,False
14373,774AP32-SG,774AP32,,-1.000000,100,,NSE,1.000000,999990,False
14375,772BR33A-SG,772BR33A,,-1.000000,100,,NSE,1.000000,1000000,False
14413,PAGEIND-EQ,PAGEIND,,-1.000000,1,,NSE,500.000000,2821,True
14428,GOLDBEES-EQ,GOLDBEES,,-1.000000,1,,NSE,1.000000,797155,False
14440,NAHARSPING-EQ,NAHARSPING,,-1.000000,1,,NSE,5.000000,366134,False
14518,ABSLLIQUID-EQ,ABSLLIQUID,,-1.000000,1,,NSE,1.000000,13546,False
1455,BIRLANU-EQ,BIRLANU,,-1.000000,1,,NSE,10.000000,69036,False
14582,SRHHYPOLTD-EQ,SRHHYPOLTD,,-1.000000,1,,NSE,5.000000,190907,False
14637,772HP31-SG,772HP31,,-1.000000,100,,NSE,1.000000,999960,False
14672,NAVINFLUOR-EQ,NAVINFLUOR,,-1.000000,1,,NSE,50.000000,11690,False
14714,925SCL28-AM,925SCL28,,-1.000000,1,,NSE,1.000000,16,False
14722,NIRMAN-SM,NIRMAN,,-1.000000,300,,NSE,5.000000,261916,False
14742,SENSEXAXIS-EQ,SENSEXAXIS,,-1.000000,1,,NSE,1.000000,522553,False
14762,061NSETEST-EQ,061NSETEST,,-1.000000,1,,NSE,5.000000,500000,False
14771,TARMAT-EQ,TARMAT,,-1.000000,1,,NSE,1.000000,819601,False
14777,121NSETEST-EQ,121NSETEST,,-1.000000,1,,NSE,5.000000,500000,False
14813,ADSL-EQ,ADSL,,-1.000000,1,,NSE,1.000000,997868,False
14822,775SK33-SG,775SK33,,-1.000000,100,,NSE,1.000000,327000,False
14848,ALPA-EQ,ALPA,,-1.000000,1,,NSE,1.000000,688027,False
14908,KDDL-EQ,KDDL,,-1.000000,1,,NSE,10.000000,25754,False
14977,POWERGRID-EQ,POWERGRID,,-1.000000,1,,NSE,5.000000,362723,True
15001,ASCOM-SM,ASCOM,,-1.000000,500,,NSE,5.000000,383053,False
15009,736MH28-SG,736MH28,,-1.000000,100,,NSE,1.000000,1047000,False
15058,AVALON-EQ,AVALON,,-1.000000,1,,NSE,10.000000,44146,False
15073,BVCL-EQ,BVCL,,-1.000000,1,,NSE,1.000000,724632,False
15083,ADANIPORTS-EQ,ADANIPORTS,,-1.000000,1,,NSE,10.000000,55295,True
15140,KAUSHALYA-BE,KAUSHALYA,,-1.000000,1,,NSE,5.000000,11324,False
15137,PATTECH-SM,PATTECH,,-1.000000,1500,,NSE,5.000000,307288,False
15244,KAVDEFENCE-EQ,KAVDEFENCE,,-1.000000,1,,NSE,1.000000,1442320,False
15256,739HR29-SG,739HR29,,-1.000000,100,,NSE,1.000000,1000000,False
15266,JKIL-EQ,JKIL,,-1.000000,1,,NSE,5.000000,211863,False
15309,745RJ33-SG,745RJ33,,-1.000000,100,,NSE,1.000000,999600,False
15310,744TN33-SG,744TN33,,-1.000000,100,,NSE,1.000000,1000000,False
15337,RAIN-EQ,RAIN,,-1.000000,1,,NSE,1.000000,462811,False
15360,NAHARCAP-EQ,NAHARCAP,,-1.000000,1,,NSE,5.000000,386233,False
15362,VGUARD-EQ,VGUARD,,-1.000000,1,,NSE,5.000000,308881,False
15391,RACE-EQ,RACE,,-1.000000,1,,NSE,1.000000,564310,False
15475,734AP29-SG,734AP29,,-1.000000,100,,NSE,1.000000,1000000,False
157,APOLLOHOSP-EQ,APOLLOHOSP,,-1.000000,1,,NSE,50.000000,11215,True
1594,INFY-EQ,INFY,,-1.000000,1,,NSE,10.000000,93316,True
15572,738AP40-SG,738AP40,,-1.000000,100,,NSE,1.000000,1000000,False
1597,INGERRAND-EQ,INGERRAND,,-1.000000,1,,NSE,10.000000,21845,False
16019,734AS33-SG,734AS33,,-1.000000,100,,NSE,1.000000,1000000,False
16062,734RJ33-SG,734RJ33,,-1.000000,100,,NSE,1.000000,1000000,False
1628,BECTORFOOD-EQ,BECTORFOOD,,-1.000000,1,,NSE,1.000000,412288,False
1644,657HP30-SG,657HP30,,-1.000000,100,,NSE,1.000000,1000000,False
16192,PAVNAIND-EQ,PAVNAIND,,-1.000000,1,,NSE,1.000000,4562631,False
16253,EBBETF0430-EQ,EBBETF0430,,-1.000000,1,,NSE,1.000000,62108,False
1,GOLDSTAR-SM,GOLDSTAR,,-1.000000,11250,,NSE,5.000000,9358690,False
1001,94SFL28-YL,94SFL28,,-1.000000,1,,NSE,1.000000,96152,False
165,674GA30-SG,674GA30,,-1.000000,100,,NSE,1.000000,654000,False
1650,651KA30B-SG,651KA30B,,-1.000000,100,,NSE,1.000000,1000000,False
16675,BAJAJFINSV-EQ,BAJAJFINSV,,-1.000000,1,,NSE,10.000000,51217,True
16683,DIGISPICE-EQ,DIGISPICE,,-1.000000,1,,NSE,1.000000,5927557,False
1006,675KA35-SG,675KA35,,-1.000000,100,,NSE,1.000000,1000000,False
1008,FACT-EQ,FACT,,-1.000000,1,,NSE,5.000000,128120,False
10055,SFMP6GD-MF,SFMP6GD,,-1.000000,1,,NSE,1.000000,632811,False
167,67GJ30-SG,67GJ30,,-1.000000,100,,NSE,1.000000,999900,False
16705,GOKUL-EQ,GOKUL,,-1.000000,1,,NSE,1.000000,2379245,False
16711,SAHANA-SM,SAHANA,,-1.000000,150,,NSE,5.000000,110562,False
16719,ALMONDZ-EQ,ALMONDZ,,-1.000000,1,,NSE,1.000000,5227229,False
10203,793AP33-SG,793AP33,,-1.000000,100,,NSE,1.000000,1000000,False
10214,795AP38-SG,795AP38,,-1.000000,100,,NSE,1.000000,1000000,False
10261,SGBJUN27-GB,SGBJUN27,,-1.000000,1,,NSE,1.000000,6655,False
10296,KCK-ST,KCK,,-1.000000,2500,,NSE,5.000000,2079775,False
1672,HGINFRA-EQ,HGINFRA,,-1.000000,1,,NSE,5.000000,206592,False
16733,725GS2063-GS,725GS2063,,-1.000000,1,,NSE,1.000000,1032000,False
16782,734MH31-SG,734MH31,,-1.000000,100,,NSE,1.000000,1000000,False
1041,FINPIPE-EQ,FINPIPE,,-1.000000,1,,NSE,1.000000,651500,False
10338,787TN33-SG,787TN33,,-1.000000,100,,NSE,1.000000,965200,False
16796,735TN33-SG,735TN33,,-1.000000,100,,NSE,1.000000,1000000,False
16803,741UP34-SG,741UP34,,-1.000000,100,,NSE,1.000000,1000000,False
16838,801TCH28-N7,801TCH28,,-1.000000,1,,NSE,1.000000,393,False
16913,ARTEMISMED-EQ,ARTEMISMED,,-1.000000,1,,NSE,5.000000,289858,False
1695,662UP30-SG,662UP30,,-1.000000,100,,NSE,1.000000,1000000,False
10435,OSEINTRUST-IV,OSEINTRUST,,-1.000000,25000,,NSE,1.000000,1239901,False
10457,ARVSMART-EQ,ARVSMART,,-1.000000,1,,NSE,5.000000,167185,False
10460,78TN32A-SG,78TN32A,,-1.000000,100,,NSE,1.000000,1000000,False
16928,739TN33A-SG,739TN33A,,-1.000000,100,,NSE,1.000000,1000000,False
16934,736MZ38-SG,736MZ38,,-1.000000,100,,NSE,1.000000,327000,False
16974,74CG30-SG,74CG30,,-1.000000,100,,NSE,1.000000,983400,False
1703,588CG26-SG,588CG26,,-1.000000,100,,NSE,1.000000,1000000,False
16975,74MH31-SG,74MH31,,-1.000000,100,,NSE,1.000000,1000000,False
17053,HMAAGRO-EQ,HMAAGRO,,-1.000000,1,,NSE,1.000000,4982158,False
1053,UFLEX-EQ,UFLEX,,-1.000000,1,,NSE,5.000000,153016,False
10485,RAMRAT-EQ,RAMRAT,,-1.000000,1,,NSE,5.000000,187818,False
10515,SENSEXBETA-EQ,SENSEXBETA,,-1.000000,1,,NSE,1.000000,119969,False
17101,75HP38-SG,75HP38,,-1.000000,100,,NSE,1.000000,1000000,False
17116,744ML31-SG,744ML31,,-1.000000,100,,NSE,1.000000,654000,False
10541,767NL32-SG,767NL32,,-1.000000,100,,NSE,1.000000,739020,False
10551,789HP37-SG,789HP37,,-1.000000,100,,NSE,1.000000,1000000,False
10555,782AP42-SG,782AP42,,-1.000000,100,,NSE,1.000000,1000000,False
10642,795TS37-SG,795TS37,,-1.000000,100,,NSE,1.000000,1000000,False
17576,PVTBANKADD-EQ,PVTBANKADD,,-1.000000,1,,NSE,1.000000,3585325,False
17629,MOLDTECH-BE,MOLDTECH,,-1.000000,1,,NSE,1.000000,482168,False
17668,745AP40A-SG,745AP40A,,-1.000000,100,,NSE,1.000000,1000000,False
1075,65GJ30-SG,65GJ30,,-1.000000,100,,NSE,1.000000,1000000,False
10646,754AS28-SG,754AS28,,-1.000000,100,,NSE,1.000000,1030880,False
10768,OAL-EQ,OAL,,-1.000000,1,,NSE,5.000000,187921,False
10783,774TS45-SG,774TS45,,-1.000000,100,,NSE,1.000000,1000000,False
17702,MIDSELIETF-EQ,MIDSELIETF,,-1.000000,1,,NSE,1.000000,1916046,False
17781,KKVAPOW-SM,KKVAPOW,,-1.000000,171,,NSE,5.000000,20390,False
10854,762BR32-SG,762BR32,,-1.000000,100,,NSE,1.000000,1000000,False
10786,NOIDATOLL-EQ,NOIDATOLL,,-1.000000,1,,NSE,1.000000,6088576,False
17833,AHLUCONT-EQ,AHLUCONT,,-1.000000,1,,NSE,5.000000,166330,False
17834,747TS32-SG,747TS32,,-1.000000,100,,NSE,1.000000,1000000,False
17852,747AP32-SG,747AP32,,-1.000000,100,,NSE,1.000000,1002500,False
17859,REDTAPE-EQ,REDTAPE,,-1.000000,1,,NSE,1.000000,861274,False
17920,HDIL-BZ,HDIL,,-1.000000,1,,NSE,1.000000,15499930,False
17958,84CIFCL28-NA,84CIFCL28,,-1.000000,1,,NSE,1.000000,97464,False
17963,NESTLEIND-EQ,NESTLEIND,,-1.000000,1,,NSE,10.000000,71347,True
10885,JFLLIFE-SM,JFLLIFE,,-1.000000,6000,,NSE,5.000000,2157894,False
10892,KORE-ST,KORE,,-1.000000,250,,NSE,5.000000,396487,False
10925,GODREJIND-EQ,GODREJIND,,-1.000000,1,,NSE,10.000000,88579,False
10963,745AP42-SG,745AP42,,-1.000000,100,,NSE,1.000000,1020400,False
1805,KABRAEXTRU-EQ,KABRAEXTRU,,-1.000000,1,,NSE,5.000000,138282,False
11162,HARSHA-EQ,HARSHA,,-1.000000,1,,NSE,5.000000,224696,False
18009,BPF02D4D-MF,BPF02D4D,,-1.000000,1,,NSE,1.000000,4,False
18024,SETUINFRA-BZ,SETUINFRA,,-1.000000,1,,NSE,1.000000,4109679,False
18059,SSFL-ST,SSFL,,-1.000000,500,,NSE,5.000000,280252,False
1814,KPIL-EQ,KPIL,,-1.000000,1,,NSE,10.000000,69504,False
11195,INDIGO-EQ,INDIGO,,-1.000000,1,,NSE,50.000000,20106,True
18060,CONCORDBIO-EQ,CONCORDBIO,,-1.000000,1,,NSE,10.000000,66326,False
18064,BPF02IGG-MF,BPF02IGG,,-1.000000,1,,NSE,1.000000,10653,False
18086,DBL-EQ,DBL,,-1.000000,1,,NSE,5.000000,248378,False
11236,JSL-EQ,JSL,,-1.000000,1,,NSE,5.000000,131907,False
11283,769GA32-SG,769GA32,,-1.000000,100,,NSE,1.000000,327000,False
11285,764MH32-SG,764MH32,,-1.000000,100,,NSE,1.000000,1000000,False
18154,HATHWAY-EQ,HATHWAY,,-1.000000,1,,NSE,1.000000,9774517,False
18162,BPF02RMR-MF,BPF02RMR,,-1.000000,1,,NSE,1.000000,1,False
18166,BPF01D2G-MF,BPF01D2G,,-1.000000,1,,NSE,1.000000,2294282,False
182,678KA32-SG,678KA32,,-1.000000,100,,NSE,1.000000,1000000,False
18177,IFD3GPD-MF,IFD3GPD,,-1.000000,1,,NSE,1.000000,2900817,False
18179,FICRF3GP-MF,FICRF3GP,,-1.000000,1,,NSE,1.000000,212277,False
18221,746MZ39-SG,746MZ39,,-1.000000,100,,NSE,1.000000,261600,False
11288,765RJ32A-SG,765RJ32A,,-1.000000,100,,NSE,1.000000,1000000,False
11299,76AP28-SG,76AP28,,-1.000000,100,,NSE,1.000000,1000000,False
11319,LICNETFN50-EQ,LICNETFN50,,-1.000000,1,,NSE,1.000000,379078,False
11356,87SCL27-Z6,87SCL27,,-1.000000,1,,NSE,1.000000,17,False
18250,PYRAMID-EQ,PYRAMID,,-1.000000,1,,NSE,1.000000,633949,False
18323,744HR33-SG,744HR33,,-1.000000,100,,NSE,1.000000,999900,False
18332,745AP34-SG,745AP34,,-1.000000,100,,NSE,1.000000,1023000,False
1145,GIPCL-EQ,GIPCL,,-1.000000,1,,NSE,1.000000,500571,False
11364,VAIBHAVGBL-EQ,VAIBHAVGBL,,-1.000000,1,,NSE,1.000000,470259,False
11377,MAHABANK-EQ,MAHABANK,,-1.000000,1,,NSE,1.000000,1184499,True
18407,744HR35-SG,744HR35,,-1.000000,100,,NSE,1.000000,1000000,False
18410,744TS39A-SG,744TS39A,,-1.000000,100,,NSE,1.000000,1022800,False
18417,RISHABH-EQ,RISHABH,,-1.000000,1,,NSE,5.000000,120505,False
18431,BIGBLOC-EQ,BIGBLOC,,-1.000000,1,,NSE,1.000000,2451525,False
1156,GLFL-EQ,GLFL,,-1.000000,1,,NSE,1.000000,887012,False
11593,HDFCSENSEX-EQ,HDFCSENSEX,,-1.000000,1,,NSE,1.000000,1172049,False
11596,LINCOLN-EQ,LINCOLN,,-1.000000,1,,NSE,5.000000,160378,False
18480,940CAGL27-NB,940CAGL27,,-1.000000,1,,NSE,1.000000,1750,False
18498,CAGL28-NE,CAGL28,,-1.000000,1,,NSE,1.000000,5819,False
18514,PRAMARA-SM,PRAMARA,,-1.000000,500,,NSE,5.000000,455974,False
18529,747HR33-SG,747HR33,,-1.000000,100,,NSE,1.000000,999900,False
1166,672KA33-SG,672KA33,,-1.000000,100,,NSE,1.000000,1000000,False
11604,777JK37-SG,777JK37,,-1.000000,100,,NSE,1.000000,1000000,False
11626,WELENT-EQ,WELENT,,-1.000000,1,,NSE,5.000000,127063,False
11634,SALSTEEL-EQ,SALSTEEL,,-1.000000,1,,NSE,1.000000,1336630,False
1854,66UK31-SG,66UK31,,-1.000000,100,,NSE,1.000000,1000000,False
1863,664JK36-SG,664JK36,,-1.000000,100,,NSE,1.000000,1000000,False
11693,782TN32-SG,782TN32,,-1.000000,100,,NSE,1.000000,1023600,False
11723,JSWSTEEL-EQ,JSWSTEEL,,-1.000000,1,,NSE,10.000000,78254,True
18531,746MH33-SG,746MH33,,-1.000000,100,,NSE,1.000000,1022800,False
18538,744TS45-SG,744TS45,,-1.000000,100,,NSE,1.000000,1010100,False
11697,791UP37-SG,791UP37,,-1.000000,100,,NSE,1.000000,999950,False
11699,PATELENG-EQ,PATELENG,,-1.000000,1,,NSE,1.000000,3757241,False
1871,665AP41-SG,665AP41,,-1.000000,100,,NSE,1.000000,1000000,False
1872,664TS51-SG,664TS51,,-1.000000,100,,NSE,1.000000,1000000,False
11767,784TS39-SG,784TS39,,-1.000000,100,,NSE,1.000000,983325,False
11804,SUKHJITS-EQ,SUKHJITS,,-1.000000,1,,NSE,1.000000,625848,False
18687,741JK53-SG,741JK53,,-1.000000,100,,NSE,1.000000,999975,False
1181,GODFRYPHLP-EQ,GODFRYPHLP,,-1.000000,1,,NSE,10.000000,51785,True
11852,SURYALAXMI-EQ,SURYALAXMI,,-1.000000,1,,NSE,1.000000,614932,False
11877,78TN42-SG,78TN42,,-1.000000,100,,NSE,1.000000,1000000,False
18743,SIGNATURE-EQ,SIGNATURE,,-1.000000,1,,NSE,5.000000,131377,False
18883,SJVN-EQ,SJVN,,-1.000000,1,,NSE,1.000000,1509041,False
18916,743RJ49-SG,743RJ49,,-1.000000,100,,NSE,1.000000,999900,False
18921,VBL-EQ,VBL,,-1.000000,1,,NSE,5.000000,236760,True
11886,787HP34-SG,787HP34,,-1.000000,100,,NSE,1.000000,1000000,False
11954,735NHAI31-N9,735NHAI31,,-1.000000,1,,NSE,1.000000,90037,False
11961,SEMAC-EQ,SEMAC,,-1.000000,1,,NSE,5.000000,101935,False
11975,RML-EQ,RML,,-1.000000,1,,NSE,10.000000,73514,False
1901,CUMMINSIND-EQ,CUMMINSIND,,-1.000000,1,,NSE,50.000000,19681,True
19020,JSWINFRA-EQ,JSWINFRA,,-1.000000,1,,NSE,5.000000,291250,False
1212,635MH28-SG,635MH28,,-1.000000,100,,NSE,1.000000,1000000,False
1910,663PN51-SG,663PN51,,-1.000000,100,,NSE,1.000000,1000000,False
19113,UDS-EQ,UDS,,-1.000000,1,,NSE,1.000000,481862,False
19179,753HR33-SG,753HR33,,-1.000000,100,,NSE,1.000000,1108000,False
12345,763TN47-SG,763TN47,,-1.000000,100,,NSE,1.000000,1000000,False
19191,754RJ33-SG,754RJ33,,-1.000000,100,,NSE,1.000000,1000000,False
19196,TI-EQ,TI,,-1.000000,1,,NSE,5.000000,192039,False
1250,CASTROLIND-EQ,CASTROLIND,,-1.000000,1,,NSE,1.000000,531158,False
1923,WEALTH-EQ,WEALTH,,-1.000000,1,,NSE,5.000000,118302,False
12578,FINIETF-EQ,FINIETF,,-1.000000,1,,NSE,1.000000,2117787,False
12603,PRECAM-EQ,PRECAM,,-1.000000,1,,NSE,1.000000,856012,False
1937,KREBSBIO-EQ,KREBSBIO,,-1.000000,1,,NSE,1.000000,705031,False
19289,MOM50-EQ,MOM50,,-1.000000,1,,NSE,1.000000,99724,False
19368,CANARYS-SM,CANARYS,,-1.000000,4000,,NSE,5.000000,1920958,False
12666,762AS32-SG,762AS32,,-1.000000,100,,NSE,1.000000,1000000,False
19465,KARNIKA-SM,KARNIKA,,-1.000000,1000,,NSE,5.000000,838516,False
19481,77GA33-SG,77GA33,,-1.000000,100,,NSE,1.000000,327000,False
19487,767AP38-SG,767AP38,,-1.000000,100,,NSE,1.000000,1003005,False
19513,COMMITTED-SM,COMMITTED,,-1.000000,800,,NSE,5.000000,276239,False
12847,KRISHANA-EQ,KRISHANA,,-1.000000,1,,NSE,1.000000,556448,False
19532,768UP34-SG,768UP34,,-1.000000,100,,NSE,1.000000,1000000,False
19620,772AP36-SG,772AP36,,-1.000000,100,,NSE,1.000000,1000000,False
19685,733GS2026-GS,733GS2026,,-1.000000,1,,NSE,1.000000,976800,False
13081,TRIVENI-EQ,TRIVENI,,-1.000000,1,,NSE,5.000000,391389,False
13128,763KA39-SG,763KA39,,-1.000000,100,,NSE,1.000000,1000000,False
19727,776MP37-SG,776MP37,,-1.000000,100,,NSE,1.000000,1000000,False
19740,765RJ48-SG,765RJ48,,-1.000000,100,,NSE,1.000000,1052600,False
19746,773CG31-SG,773CG31,,-1.000000,100,,NSE,1.000000,1021900,False
19747,778BR31-SG,778BR31,,-1.000000,100,,NSE,1.000000,1000000,False
13211,JAGRAN-EQ,JAGRAN,,-1.000000,1,,NSE,1.000000,1610423,False
13337,GALLANTT-EQ,GALLANTT,,-1.000000,1,,NSE,5.000000,182890,False
13340,ARIHANTACA-SM,ARIHANTACA,,-1.000000,400,,NSE,5.000000,198005,False
13379,761TN32A-SG,761TN32A,,-1.000000,100,,NSE,1.000000,1010000,False
13384,765KA34-SG,765KA34,,-1.000000,100,,NSE,1.000000,976000,False
19887,MICROPRO-SM,MICROPRO,,-1.000000,1600,,NSE,5.000000,467590,False
19913,DMART-EQ,DMART,,-1.000000,1,,NSE,10.000000,26741,True
20,66GA30A-SG,66GA30A,,-1.000000,100,,NSE,1.000000,327000,False
2003,SGBJAN29X-GB,SGBJAN29X,,-1.000000,1,,NSE,1.000000,6646,False
19924,812REC27-NI,812REC27,,-1.000000,1,,NSE,1.000000,96955,False
20058,891IIFCL34-N4,891IIFCL34,,-1.000000,1,,NSE,1.000000,78736,False
20065,902SCL26A-NM,902SCL26A,,-1.000000,1,,NSE,1.000000,147,False
20104,925SCL28A-NS,925SCL28A,,-1.000000,1,,NSE,1.000000,1635,False
13487,894SCL27-ZY,894SCL27,,-1.000000,1,,NSE,1.000000,3590,False
13611,IRCTC-EQ,IRCTC,,-1.000000,1,,NSE,5.000000,216000,False
20148,69GA30-SG,69GA30,,-1.000000,100,,NSE,1.000000,327000,False
20151,725GR2028-GS,725GR2028,,-1.000000,1,,NSE,1.000000,1052500,False
20167,ROXHITECH-SM,ROXHITECH,,-1.000000,1600,,NSE,5.000000,750062,False
20190,769AP42-SG,769AP42,,-1.000000,100,,NSE,1.000000,1000000,False
13624,762KL53-SG,762KL53,,-1.000000,100,,NSE,1.000000,1010100,False
13643,ELECON-EQ,ELECON,,-1.000000,1,,NSE,5.000000,236741,False
13715,757TN33-SG,757TN33,,-1.000000,100,,NSE,1.000000,1062100,False
2020,662RJ41-SG,662RJ41,,-1.000000,100,,NSE,1.000000,1000000,False
20218,750GA30-SG,750GA30,,-1.000000,100,,NSE,1.000000,470880,False
20293,TATATECH-EQ,TATATECH,,-1.000000,1,,NSE,5.000000,131154,False
203,ASHAPURMIN-EQ,ASHAPURMIN,,-1.000000,1,,NSE,5.000000,184174,False
13735,GLOBALVECT-EQ,GLOBALVECT,,-1.000000,1,,NSE,1.000000,457800,False
13756,SHIVAMAUTO-EQ,SHIVAMAUTO,,-1.000000,1,,NSE,1.000000,4299893,False
13794,BAIDFIN-EQ,BAIDFIN,,-1.000000,1,,NSE,1.000000,5064841,False
13821,RUCHIRA-EQ,RUCHIRA,,-1.000000,1,,NSE,1.000000,918837,False
20322,FEDFINA-EQ,FEDFINA,,-1.000000,1,,NSE,1.000000,630677,False
20352,774TS35-SG,774TS35,,-1.000000,100,,NSE,1.000000,974900,False
20394,774RJ33A-SG,774RJ33A,,-1.000000,100,,NSE,1.000000,1010100,False
2048,INDIGOPNTS-EQ,INDIGOPNTS,,-1.000000,1,,NSE,10.000000,91775,False
20503,AVATAR-ST,AVATAR,,-1.000000,2000,,NSE,5.000000,340638,False
2079,685RJ31-SG,685RJ31,,-1.000000,100,,NSE,1.000000,1000000,False
20551,DOMS-EQ,DOMS,,-1.000000,1,,NSE,10.000000,47094,False
20771,10ISFL26-N3,10ISFL26,,-1.000000,1,,NSE,1.000000,24018,False
20877,PSPPROJECT-EQ,PSPPROJECT,,-1.000000,1,,NSE,5.000000,118132,False
20845,716KA30-SG,716KA30,,-1.000000,100,,NSE,1.000000,951900,False
20851,702AS30-SG,702AS30,,-1.000000,100,,NSE,1.000000,959650,False
20863,702AP30-SG,702AP30,,-1.000000,100,,NSE,1.000000,959300,False
2089,688RJ46-SG,688RJ46,,-1.000000,100,,NSE,1.000000,1000000,False
13844,MMFL-EQ,MMFL,,-1.000000,1,,NSE,5.000000,158267,False
13878,769AP35-SG,769AP35,,-1.000000,100,,NSE,1.000000,1000000,False
20905,AZAD-EQ,AZAD,,-1.000000,1,,NSE,10.000000,35067,False
20922,648AP27-SG,648AP27,,-1.000000,100,,NSE,1.000000,983450,False
20945,768KA37-SG,768KA37,,-1.000000,100,,NSE,1.000000,1009500,False
20964,780KA30-SG,780KA30,,-1.000000,100,,NSE,1.000000,911000,False
20988,INDIGRID-IV,INDIGRID,,-1.000000,1,,NSE,1.000000,574396,False
21003,SCLZC26F-Y9,SCLZC26F,,-1.000000,1,,NSE,1.000000,16,False
21024,980SCL33D-YG,980SCL33D,,-1.000000,1,,NSE,1.000000,3312,False
21031,8HR30-SG,8HR30,,-1.000000,100,,NSE,1.000000,899500,False
21040,641GA30-SG,641GA30,,-1.000000,100,,NSE,1.000000,327000,False
13881,765RJ33-SG,765RJ33,,-1.000000,100,,NSE,1.000000,1000000,False
13886,764MH33-SG,764MH33,,-1.000000,100,,NSE,1.000000,1000000,False
13916,763GJ32-SG,763GJ32,,-1.000000,100,,NSE,1.000000,1000000,False
21044,980SCL33B-YL,980SCL33B,,-1.000000,1,,NSE,1.000000,9,False
21067,SUPREMEPWR-SM,SUPREMEPWR,,-1.000000,500,,NSE,5.000000,461336,False
21161,692BR32-SG,692BR32,,-1.000000,100,,NSE,1.000000,961400,False
13959,769AS33-SG,769AS33,,-1.000000,100,,NSE,1.000000,1000000,False
13972,771AP36-SG,771AP36,,-1.000000,100,,NSE,1.000000,1000000,False
13976,TANLA-EQ,TANLA,,-1.000000,1,,NSE,5.000000,198793,False
21197,865TCAPS27-N8,865TCAPS27,,-1.000000,1,,NSE,1.000000,98230,False
21225,910TCAP28-NA,910TCAP28,,-1.000000,1,,NSE,1.000000,96804,False
21237,705AP31-SG,705AP31,,-1.000000,100,,NSE,1.000000,952466,False
13997,765TN53-SG,765TN53,,-1.000000,100,,NSE,1.000000,1000000,False
14043,SARLAPOLY-EQ,SARLAPOLY,,-1.000000,1,,NSE,1.000000,997762,False
14058,SANGHVIMOV-EQ,SANGHVIMOV,,-1.000000,1,,NSE,5.000000,234447,False
21239,78NABARD27-N0,78NABARD27,,-1.000000,1,,NSE,1.000000,999,False
21254,LOWVOLIETF-EQ,LOWVOLIETF,,-1.000000,1,,NSE,1.000000,4657449,False
21259,753AS29-SG,753AS29,,-1.000000,100,,NSE,1.000000,1000000,False
21271,772MH35-SG,772MH35,,-1.000000,100,,NSE,1.000000,1006200,False
14063,WANBURY-EQ,WANBURY,,-1.000000,1,,NSE,5.000000,417770,False
14098,766BR33-SG,766BR33,,-1.000000,100,,NSE,1.000000,1000000,False
14102,767UK33-SG,767UK33,,-1.000000,100,,NSE,1.000000,999975,False
14107,76GJ35-SG,76GJ35,,-1.000000,100,,NSE,1.000000,999900,False
21288,768JK44-SG,768JK44,,-1.000000,100,,NSE,1.000000,999999,False
21315,765PGCIL34-N0,765PGCIL34,,-1.000000,1,,NSE,1.000000,1249,False
14113,756RJ48-SG,756RJ48,,-1.000000,100,,NSE,1.000000,1000000,False
14166,762MZ36-SG,762MZ36,,-1.000000,100,,NSE,1.000000,327000,False
2140,694UP31-SG,694UP31,,-1.000000,100,,NSE,1.000000,999900,False
21406,AVADHSUGAR-EQ,AVADHSUGAR,,-1.000000,1,,NSE,5.000000,129919,False
21419,651KA31-SG,651KA31,,-1.000000,100,,NSE,1.000000,989600,False
1425,662AS30-SG,662AS30,,-1.000000,100,,NSE,1.000000,1000000,False
14203,HUBTOWN-EQ,HUBTOWN,,-1.000000,1,,NSE,1.000000,551776,False
2143,704MZ33-SG,704MZ33,,-1.000000,100,,NSE,1.000000,163500,False
21427,THEINVEST-EQ,THEINVEST,,-1.000000,1,,NSE,1.000000,1033037,False
21540,769KA40-SG,769KA40,,-1.000000,100,,NSE,1.000000,999900,False
21551,HALEOSLABS-EQ,HALEOSLABS,,-1.000000,1,,NSE,10.000000,68374,False
1430,668MZ31-SG,668MZ31,,-1.000000,100,,NSE,1.000000,327000,False
14252,SGBOCT27VI-GB,SGBOCT27VI,,-1.000000,1,,NSE,1.000000,6589,False
14304,FSL-EQ,FSL,,-1.000000,1,,NSE,5.000000,403557,False
14314,TTL-EQ,TTL,,-1.000000,1,,NSE,1.000000,8446767,False
21624,840TPL28-N2,840TPL28,,-1.000000,1,,NSE,1.000000,654,False
21642,729BR30-SG,729BR30,,-1.000000,100,,NSE,1.000000,941400,False
21704,DCAL-EQ,DCAL,,-1.000000,1,,NSE,1.000000,597813,False
21750,LIQUIDCASE-EQ,LIQUIDCASE,,-1.000000,1,,NSE,1.000000,861893,False
14327,HDFC2638RG-MF,HDFC2638RG,,-1.000000,1,,NSE,1.000000,13249,False
14332,HDFC2638RQ-MF,HDFC2638RQ,,-1.000000,1,,NSE,1.000000,212,False
14361,APOLLOPIPE-EQ,APOLLOPIPE,,-1.000000,1,,NSE,5.000000,180201,False
14451,777MP43-SG,777MP43,,-1.000000,100,,NSE,1.000000,999900,False
21760,832TFSIL29-N0,832TFSIL29,,-1.000000,1,,NSE,1.000000,490,False
21818,773KA41-SG,773KA41,,-1.000000,100,,NSE,1.000000,1000000,False
21825,77AP42-SG,77AP42,,-1.000000,100,,NSE,1.000000,999960,False
21851,768JH32-SG,768JH32,,-1.000000,100,,NSE,1.000000,1000000,False
2188,GENCON-EQ,GENCON,,-1.000000,1,,NSE,1.000000,1863449,False
14511,BANSWRAS-EQ,BANSWRAS,,-1.000000,1,,NSE,1.000000,886200,False
14535,GOLDBETA-EQ,GOLDBETA,,-1.000000,1,,NSE,5.000000,784118,False
21863,767RJ34-SG,767RJ34,,-1.000000,100,,NSE,1.000000,1000000,False
21870,768AP37-SG,768AP37,,-1.000000,100,,NSE,1.000000,1000000,False
21895,692PN35-SG,692PN35,,-1.000000,100,,NSE,1.000000,956058,False
1454,655GA30A-SG,655GA30A,,-1.000000,100,,NSE,1.000000,327000,False
14539,772AS33-SG,772AS33,,-1.000000,100,,NSE,1.000000,1000000,False
14553,772GJ35-SG,772GJ35,,-1.000000,100,,NSE,1.000000,970800,False
14564,767TN53-SG,767TN53,,-1.000000,100,,NSE,1.000000,999900,False
21904,791KL30-SG,791KL30,,-1.000000,100,,NSE,1.000000,903400,False
21909,65KL27-SG,65KL27,,-1.000000,100,,NSE,1.000000,979700,False
21915,703KL30-SG,703KL30,,-1.000000,100,,NSE,1.000000,957400,False
21919,642MN30-SG,642MN30,,-1.000000,100,,NSE,1.000000,490500,False
14574,MCON-SM,MCON,,-1.000000,1000,,NSE,5.000000,239867,False
14584,PSUBNKIETF-EQ,PSUBNKIETF,,-1.000000,1,,NSE,1.000000,476975,False
21924,68MN30-SG,68MN30,,-1.000000,100,,NSE,1.000000,490500,False
21925,695MN30-SG,695MN30,,-1.000000,100,,NSE,1.000000,968048,False
21933,778MH29-SG,778MH29,,-1.000000,100,,NSE,1.000000,914000,False
21940,783MH30-SG,783MH30,,-1.000000,100,,NSE,1.000000,906500,False
14618,CHEMBOND-EQ,CHEMBOND,,-1.000000,1,,NSE,1.000000,439759,False
14707,TIMETECHNO-EQ,TIMETECHNO,,-1.000000,1,,NSE,1.000000,557314,False
14767,081NSETEST-EQ,081NSETEST,,-1.000000,1,,NSE,5.000000,500000,False
21948,658MP35-SG,658MP35,,-1.000000,100,,NSE,1.000000,988300,False
21950,729MP35-SG,729MP35,,-1.000000,100,,NSE,1.000000,927859,False
21986,BANKBETF-EQ,BANKBETF,,-1.000000,1,,NSE,1.000000,1735761,False
21993,652NL30-SG,652NL30,,-1.000000,100,,NSE,1.000000,490500,False
22,ACC-EQ,ACC,,-1.000000,1,,NSE,10.000000,80185,False
14829,779UP33-SG,779UP33,,-1.000000,100,,NSE,1.000000,999900,False
21994,705NL30-SG,705NL30,,-1.000000,100,,NSE,1.000000,654000,False
22018,72MZ29-SG,72MZ29,,-1.000000,100,,NSE,1.000000,300840,False
22025,708PY26-SG,708PY26,,-1.000000,100,,NSE,1.000000,654000,False
1486,REPL-BE,REPL,,-1.000000,1,,NSE,1.000000,592605,False
14894,CENTRALBK-EQ,CENTRALBK,,-1.000000,1,,NSE,1.000000,3249453,False
22029,703PY28-SG,703PY28,,-1.000000,100,,NSE,1.000000,327000,False
22035,708RJ30-SG,708RJ30,,-1.000000,100,,NSE,1.000000,990050,False
22059,654RJ30-SG,654RJ30,,-1.000000,100,,NSE,1.000000,988400,False
22064,727RJ30-SG,727RJ30,,-1.000000,100,,NSE,1.000000,942650,False
1494,RBA-EQ,RBA,,-1.000000,1,,NSE,1.000000,1019181,False
14900,SAHYADRI-EQ,SAHYADRI,,-1.000000,1,,NSE,5.000000,255815,False
22084,793UP30-SG,793UP30,,-1.000000,100,,NSE,1.000000,903000,False
22124,72TN31-SG,72TN31,,-1.000000,100,,NSE,1.000000,939400,False
22129,66TN29-SG,66TN29,,-1.000000,100,,NSE,1.000000,983625,False
22135,633TN30-SG,633TN30,,-1.000000,100,,NSE,1.000000,997125,False
22145,695WB35-SG,695WB35,,-1.000000,100,,NSE,1.000000,957500,False
22150,715WB35-SG,715WB35,,-1.000000,100,,NSE,1.000000,940800,False
22161,718CG27-SG,718CG27,,-1.000000,100,,NSE,1.000000,939000,False
22166,706UK30-SG,706UK30,,-1.000000,100,,NSE,1.000000,942850,False
1497,SHIVAMILLS-EQ,SHIVAMILLS,,-1.000000,1,,NSE,1.000000,282587,False
14947,MOTILALOFS-EQ,MOTILALOFS,,-1.000000,1,,NSE,10.000000,96945,True
14954,76AP29-SG,76AP29,,-1.000000,100,,NSE,1.000000,1000000,False
22191,698TS28-SG,698TS28,,-1.000000,100,,NSE,1.000000,960200,False
22196,726JH27-SG,726JH27,,-1.000000,100,,NSE,1.000000,934900,False
22217,729GA29-SG,729GA29,,-1.000000,100,,NSE,1.000000,327000,False
22226,685WB30A-SG,685WB30A,,-1.000000,100,,NSE,1.000000,969000,False
14970,706GS2028-GS,706GS2028,,-1.000000,1,,NSE,1.000000,964800,False
15049,ENERGYDEV-EQ,ENERGYDEV,,-1.000000,1,,NSE,1.000000,1553250,False
2227,70TS51-SG,70TS51,,-1.000000,100,,NSE,1.000000,1000000,False
22266,64KA31-SG,64KA31,,-1.000000,100,,NSE,1.000000,1000000,False
22284,TIRUPATIFL-BE,TIRUPATIFL,,-1.000000,1,,NSE,1.000000,1446669,False
15098,75HR30-SG,75HR30,,-1.000000,100,,NSE,1.000000,987600,False
22292,577GS2030-GS,577GS2030,,-1.000000,1,,NSE,1.000000,1031400,False
22294,655AP35-SG,655AP35,,-1.000000,100,,NSE,1.000000,1000000,False
22308,MINDSPACE-RR,MINDSPACE,,-1.000000,1,,NSE,1.000000,203231,False
1512,INDHOTEL-EQ,INDHOTEL,,-1.000000,1,,NSE,5.000000,138072,True
15119,EDELWEISS-EQ,EDELWEISS,,-1.000000,1,,NSE,1.000000,754385,False
15129,RGL-EQ,RGL,,-1.000000,1,,NSE,1.000000,643037,False
2239,703MP31-SG,703MP31,,-1.000000,100,,NSE,1.000000,999900,False
22365,ITIETF-EQ,ITIETF,,-1.000000,1,,NSE,1.000000,3099749,False
22368,65KA30-SG,65KA30,,-1.000000,100,,NSE,1.000000,1000000,False
2242,705NL31-SG,705NL31,,-1.000000,100,,NSE,1.000000,999987,False
22450,646RJ30A-SG,646RJ30A,,-1.000000,100,,NSE,1.000000,1000000,False
22455,668AP39-SG,668AP39,,-1.000000,100,,NSE,1.000000,1000000,False
15151,MADHAV-EQ,MADHAV,,-1.000000,1,,NSE,1.000000,292566,False
15198,BURNPUR-BE,BURNPUR,,-1.000000,1,,NSE,1.000000,563253,False
1522,652KA30-SG,652KA30,,-1.000000,100,,NSE,1.000000,1000000,False
15254,CEATLTD-EQ,CEATLTD,,-1.000000,1,,NSE,10.000000,30499,False
22463,EPACK-EQ,EPACK,,-1.000000,1,,NSE,1.000000,540034,False
22493,76GJ33-SG,76GJ33,,-1.000000,100,,NSE,1.000000,1020400,False
22502,763MH36-SG,763MH36,,-1.000000,100,,NSE,1.000000,969250,False
22503,769PN36-SG,769PN36,,-1.000000,100,,NSE,1.000000,1030800,False
1530,INDIANHUME-EQ,INDIANHUME,,-1.000000,1,,NSE,5.000000,270573,False
2257,697RJ51A-SG,697RJ51A,,-1.000000,100,,NSE,1.000000,1000000,False
15260,738GJ30-SG,738GJ30,,-1.000000,100,,NSE,1.000000,1023800,False
15295,VIRINCHI-EQ,VIRINCHI,,-1.000000,1,,NSE,1.000000,3585453,False
15303,BANG-EQ,BANG,,-1.000000,1,,NSE,1.000000,443412,False
22564,860HFL29-N1,860HFL29,,-1.000000,1,,NSE,1.000000,81,False
15420,ACL-EQ,ACL,,-1.000000,1,,NSE,1.000000,2341909,False
22602,PFS-EQ,PFS,,-1.000000,1,,NSE,1.000000,3646884,False
22615,749AP36-SG,749AP36,,-1.000000,100,,NSE,1.000000,1000000,False
22616,749HR36-SG,749HR36,,-1.000000,100,,NSE,1.000000,981700,False
22623,748MP41-SG,748MP41,,-1.000000,100,,NSE,1.000000,999900,False
2264,708UP31-SG,708UP31,,-1.000000,100,,NSE,1.000000,1000000,False
2265,705WB31-SG,705WB31,,-1.000000,100,,NSE,1.000000,999900,False
15423,DPSCLTD-BE,DPSCLTD,,-1.000000,1,,NSE,1.000000,14005042,False
15759,735AP39-SG,735AP39,,-1.000000,100,,NSE,1.000000,1052600,False
15869,AUROIMPEX-SM,AUROIMPEX,,-1.000000,1600,,NSE,5.000000,398966,False
22633,769LIC34-N0,769LIC34,,-1.000000,1,,NSE,1.000000,999,False
22643,799TCL34-ND,799TCL34,,-1.000000,1,,NSE,1.000000,791,False
1627,LINDEINDIA-EQ,LINDEINDIA,,-1.000000,1,,NSE,50.000000,16033,False
2268,MOTOGENFIN-EQ,MOTOGENFIN,,-1.000000,1,,NSE,1.000000,1266379,False
16123,BHARATWIRE-EQ,BHARATWIRE,,-1.000000,1,,NSE,1.000000,579746,False
16274,732TN53-SG,732TN53,,-1.000000,100,,NSE,1.000000,1000000,False
22688,ALPEXSOLAR-SM,ALPEXSOLAR,,-1.000000,100,,NSE,5.000000,107025,False
22692,744CG30-SG,744CG30,,-1.000000,100,,NSE,1.000000,1040100,False
1663,SUNDROP-EQ,SUNDROP,,-1.000000,1,,NSE,5.000000,151051,False
16650,737JK38-SG,737JK38,,-1.000000,100,,NSE,1.000000,1000000,False
16653,733AP42-SG,733AP42,,-1.000000,100,,NSE,1.000000,1000000,False
22702,749BR39-SG,749BR39,,-1.000000,100,,NSE,1.000000,1000000,False
22725,WTICAB-SM,WTICAB,,-1.000000,500,,NSE,5.000000,778647,False
22743,747CG30A-SG,747CG30A,,-1.000000,100,,NSE,1.000000,1000000,False
2275,IRISDOREME-EQ,IRISDOREME,,-1.000000,1,,NSE,1.000000,1626763,False
16725,RPGLIFE-EQ,RPGLIFE,,-1.000000,1,,NSE,10.000000,37047,False
16807,LOTUSEYE-EQ,LOTUSEYE,,-1.000000,1,,NSE,1.000000,680039,False
16827,KOKUYOCMLN-EQ,KOKUYOCMLN,,-1.000000,1,,NSE,1.000000,1283487,False
22745,748CG32-SG,748CG32,,-1.000000,100,,NSE,1.000000,1000000,False
22750,749NL34-SG,749NL34,,-1.000000,100,,NSE,1.000000,1000000,False
22753,747PY37-SG,747PY37,,-1.000000,100,,NSE,1.000000,981000,False
22756,744MP40-SG,744MP40,,-1.000000,100,,NSE,1.000000,999900,False
22759,745MP45-SG,745MP45,,-1.000000,100,,NSE,1.000000,1000000,False
22777,TCL-SM,TCL,,-1.000000,800,,NSE,5.000000,795964,False
22813,747RL34-NL,747RL34,,-1.000000,1,,NSE,1.000000,1000,False
16902,DPWIRES-BE,DPWIRES,,-1.000000,1,,NSE,1.000000,506864,False
16888,URBAN-SM,URBAN,,-1.000000,800,,NSE,5.000000,283182,False
22846,GPTHEALTH-EQ,GPTHEALTH,,-1.000000,1,,NSE,1.000000,627391,False
22871,744WB41-SG,744WB41,,-1.000000,100,,NSE,1.000000,999900,False
22878,743MH36-SG,743MH36,,-1.000000,100,,NSE,1.000000,999900,False
2294,MTNL-EQ,MTNL,,-1.000000,1,,NSE,1.000000,4041450,False
22879,744HR36-SG,744HR36,,-1.000000,100,,NSE,1.000000,1000000,False
22914,OWAIS-ST,OWAIS,,-1.000000,100,,NSE,5.000000,594564,False
22919,8258TCL27-NF,8258TCL27,,-1.000000,1,,NSE,1.000000,999,False
22944,755DDL39-N0,755DDL39,,-1.000000,1,,NSE,1.000000,999,False
22990,74TN34-SG,74TN34,,-1.000000,100,,NSE,1.000000,1046400,False
22994,742HR35-SG,742HR35,,-1.000000,100,,NSE,1.000000,999900,False
22999,738TS49-SG,738TS49,,-1.000000,100,,NSE,1.000000,1000000,False
23006,753IRED34-NA,753IRED34,,-1.000000,1,,NSE,1.000000,999,False
23036,INDUSINVIT-IV,INDUSINVIT,,-1.000000,1,,NSE,1.000000,753981,False
23061,735PGCIL34-N1,735PGCIL34,,-1.000000,1,,NSE,1.000000,999,False
23090,741HP36-SG,741HP36,,-1.000000,100,,NSE,1.000000,999960,False
23123,1065NFL27-NC,1065NFL27,,-1.000000,1,,NSE,1.000000,30833,False
23142,PVSL-EQ,PVSL,,-1.000000,1,,NSE,1.000000,987163,False
23153,824LTF27-NQ,824LTF27,,-1.000000,1,,NSE,1.000000,981,False
2320,SMCGLOBAL-EQ,SMCGLOBAL,,-1.000000,1,,NSE,1.000000,1162588,False
23194,746RJ34-SG,746RJ34,,-1.000000,100,,NSE,1.000000,1046087,False
23201,745KA35-SG,745KA35,,-1.000000,100,,NSE,1.000000,1052600,False
23205,745KA37-SG,745KA37,,-1.000000,100,,NSE,1.000000,1000000,False
23211,745WB42-SG,745WB42,,-1.000000,100,,NSE,1.000000,1000000,False
23212,746RJ42-SG,746RJ42,,-1.000000,100,,NSE,1.000000,999900,False
23215,747JK44-SG,747JK44,,-1.000000,100,,NSE,1.000000,654000,False
23244,885CIFCL34-NS,885CIFCL34,,-1.000000,1,,NSE,1.000000,654,False
23299,0SCL27-YW,0SCL27,,-1.000000,1,,NSE,1.000000,2209,False
23303,1015SCFL29-YY,1015SCFL29,,-1.000000,1,,NSE,1.000000,5027,False
16981,745PN34-SG,745PN34,,-1.000000,100,,NSE,1.000000,1000000,False
16988,742AP41-SG,742AP41,,-1.000000,100,,NSE,1.000000,1000000,False
16995,739RJ48-SG,739RJ48,,-1.000000,100,,NSE,1.000000,1000000,False
23317,1025SCFL34-Z5,1025SCFL34,,-1.000000,1,,NSE,1.000000,1798,False
23348,749HR35-SG,749HR35,,-1.000000,100,,NSE,1.000000,1000000,False
23351,749KL36-SG,749KL36,,-1.000000,100,,NSE,1.000000,999900,False
23407,LIQUIDADD-EQ,LIQUIDADD,,-1.000000,1,,NSE,1.000000,87355,False
23451,YASHOPTICS-SM,YASHOPTICS,,-1.000000,800,,NSE,5.000000,809835,False
23465,975SCL27-Z9,975SCL27,,-1.000000,1,,NSE,1.000000,81,False
23480,SINCLAIR-EQ,SINCLAIR,,-1.000000,1,,NSE,1.000000,1245618,False
23489,BHARTIHEXA-EQ,BHARTIHEXA,,-1.000000,1,,NSE,10.000000,64500,False
23544,748UP42-SG,748UP42,,-1.000000,100,,NSE,1.000000,999900,False
23583,755PN32-SG,755PN32,,-1.000000,100,,NSE,1.000000,999900,False
23589,748AP44A-SG,748AP44A,,-1.000000,100,,NSE,1.000000,1000000,False
23630,754PN32-SG,754PN32,,-1.000000,100,,NSE,1.000000,1000000,False
23631,754AS34-SG,754AS34,,-1.000000,100,,NSE,1.000000,1000000,False
23633,752RJ34-SG,752RJ34,,-1.000000,100,,NSE,1.000000,1000000,False
23650,MUTHOOTFIN-EQ,MUTHOOTFIN,,-1.000000,1,,NSE,10.000000,35730,True
17084,ESFL-SM,ESFL,,-1.000000,360,,NSE,5.000000,812236,False
17094,CROMPTON-EQ,CROMPTON,,-1.000000,1,,NSE,1.000000,432710,True
17102,752AP39-SG,752AP39,,-1.000000,100,,NSE,1.000000,1000000,False
17113,743RJ48-SG,743RJ48,,-1.000000,100,,NSE,1.000000,1000000,False
23675,748ML34-SG,748ML34,,-1.000000,100,,NSE,1.000000,654000,False
23682,746AP38A-SG,746AP38A,,-1.000000,100,,NSE,1.000000,1000000,False
23708,935MOFSL29-N5,935MOFSL29,,-1.000000,1,,NSE,1.000000,26806,False
23722,935AKCF27-N0,935AKCF27,,-1.000000,1,,NSE,1.000000,130,False
17118,745HP33-SG,745HP33,,-1.000000,100,,NSE,1.000000,1000000,False
17122,744RJ33-SG,744RJ33,,-1.000000,100,,NSE,1.000000,1000000,False
17130,PARAGMILK-EQ,PARAGMILK,,-1.000000,1,,NSE,5.000000,372432,False
17202,SGBJUN31I-GB,SGBJUN31I,,-1.000000,1,,NSE,1.000000,6526,False
23729,AADHARHFC-EQ,AADHARHFC,,-1.000000,1,,NSE,5.000000,218649,False
23734,858CIF27-NU,858CIF27,,-1.000000,1,,NSE,1.000000,1000,False
23779,MANDEEP-SM,MANDEEP,,-1.000000,2000,,NSE,5.000000,374019,False
23816,743MN36-SG,743MN36,,-1.000000,100,,NSE,1.000000,654000,False
17207,ITADD-EQ,ITADD,,-1.000000,1,,NSE,1.000000,1785252,False
17263,ARMANFIN-EQ,ARMANFIN,,-1.000000,1,,NSE,10.000000,49713,False
17325,736AP38A-SG,736AP38A,,-1.000000,100,,NSE,1.000000,1000000,False
17351,SALONA-EQ,SALONA,,-1.000000,1,,NSE,5.000000,172080,False
23855,MIDSMALL-EQ,MIDSMALL,,-1.000000,1,,NSE,1.000000,1939448,False
23873,738TN34-SG,738TN34,,-1.000000,100,,NSE,1.000000,1000000,False
23881,734RJ45-SG,734RJ45,,-1.000000,100,,NSE,1.000000,999900,False
2397,SANDHAR-EQ,SANDHAR,,-1.000000,1,,NSE,5.000000,161612,False
23952,1015SCL29-ZL,1015SCL29,,-1.000000,1,,NSE,1.000000,2213,False
23980,817TFSIL27-N3,817TFSIL27,,-1.000000,1,,NSE,1.000000,866,False
23982,8277SMF27-N5,8277SMF27,,-1.000000,1,,NSE,1.000000,999,False
24000,745NL34-SG,745NL34,,-1.000000,100,,NSE,1.000000,981000,False
24002,738AP49-SG,738AP49,,-1.000000,100,,NSE,1.000000,1000000,False
17376,LANDSMILL-EQ,LANDSMILL,,-1.000000,1,,NSE,1.000000,46129728,False
24014,BOROSCI-EQ,BOROSCI,,-1.000000,1,,NSE,1.000000,798210,False
24039,830SMF29-N6,830SMF29,,-1.000000,1,,NSE,1.000000,163,False
24048,738PY38A-SG,738PY38A,,-1.000000,100,,NSE,1.000000,327000,False
1742,665TS40-SG,665TS40,,-1.000000,100,,NSE,1.000000,1000000,False
17399,SERVICE-SM,SERVICE,,-1.000000,2000,,NSE,5.000000,435841,False
17438,OIL-EQ,OIL,,-1.000000,1,,NSE,5.000000,203325,True
24051,739UK30-SG,739UK30,,-1.000000,100,,NSE,1.000000,1022900,False
24063,805SHFL29-N3,805SHFL29,,-1.000000,1,,NSE,1.000000,654,False
24104,735TS38-SG,735TS38,,-1.000000,100,,NSE,1.000000,1000000,False
17454,739TN33B-SG,739TN33B,,-1.000000,100,,NSE,1.000000,1000000,False
17507,INCREDIBLE-EQ,INCREDIBLE,,-1.000000,1,,NSE,1.000000,1529174,False
17531,MAHASTEEL-BE,MAHASTEEL,,-1.000000,1,,NSE,10.000000,78359,False
17546,925SCL28I-BA,925SCL28I,,-1.000000,1,,NSE,1.000000,208,False
2414,723WB41-SG,723WB41,,-1.000000,100,,NSE,1.000000,1000000,False
24108,GPECO-SM,GPECO,,-1.000000,200,,NSE,5.000000,242945,False
24117,BBNPNBETF-EQ,BBNPNBETF,,-1.000000,1,,NSE,1.000000,27375,False
24129,807NIIF29-N3,807NIIF29,,-1.000000,1,,NSE,1.000000,999,False
17572,LIQUID-EQ,LIQUID,,-1.000000,1,,NSE,1.000000,99997,False
17652,749RJ34-SG,749RJ34,,-1.000000,100,,NSE,1.000000,1000000,False
17667,745TS40-SG,745TS40,,-1.000000,100,,NSE,1.000000,1000000,False
17672,744JK53-SG,744JK53,,-1.000000,100,,NSE,1.000000,1067300,False
24150,FALCONTECH-SM,FALCONTECH,,-1.000000,1200,,NSE,5.000000,875835,False
24171,768SID27-N0,768SID27,,-1.000000,1,,NSE,1.000000,999,False
24173,WINNY-SM,WINNY,,-1.000000,500,,NSE,5.000000,70959,False
24183,733HR36-SG,733HR36,,-1.000000,100,,NSE,1.000000,1010100,False
17675,ALOKINDS-EQ,ALOKINDS,,-1.000000,1,,NSE,1.000000,13584897,False
17752,SHILPAMED-EQ,SHILPAMED,,-1.000000,1,,NSE,5.000000,103853,False
2421,NILKAMAL-EQ,NILKAMAL,,-1.000000,1,,NSE,10.000000,48751,False
24191,732KL41-SG,732KL41,,-1.000000,100,,NSE,1.000000,999900,False
24231,OMINFRAL-EQ,OMINFRAL,,-1.000000,1,,NSE,1.000000,1256379,False
17770,GROBTEA-EQ,GROBTEA,,-1.000000,1,,NSE,5.000000,38008,False
24340,736AP45-SG,736AP45,,-1.000000,100,,NSE,1.000000,1000000,False
24343,736AP48-SG,736AP48,,-1.000000,100,,NSE,1.000000,1000000,False
17922,GEEKAYWIRE-EQ,GEEKAYWIRE,,-1.000000,1,,NSE,1.000000,3417804,False
17927,BAYERCROP-EQ,BAYERCROP,,-1.000000,1,,NSE,10.000000,25122,False
24370,823SFL34-N0,823SFL34,,-1.000000,1,,NSE,1.000000,981,False
24386,BANSALWIRE-EQ,BANSALWIRE,,-1.000000,1,,NSE,5.000000,323131,False
17945,COHANCE-EQ,COHANCE,,-1.000000,1,,NSE,5.000000,226862,False
17985,PGIMCSA1G-MF,PGIMCSA1G,,-1.000000,1,,NSE,1.000000,679753,False
2404,735KA40-SG,735KA40,,-1.000000,100,,NSE,1.000000,1000000,False
24050,735JK49-SG,735JK49,,-1.000000,100,,NSE,1.000000,1000000,False
18035,SANGANI-SM,SANGANI,,-1.000000,1500,,NSE,5.000000,450507,False
18040,YUDIZ-SM,YUDIZ,,-1.000000,800,,NSE,5.000000,337443,False
24101,736HR34-SG,736HR34,,-1.000000,100,,NSE,1.000000,999900,False
24141,1003IIFL29-NC,1003IIFL29,,-1.000000,1,,NSE,1.000000,17763,False
24181,734RJ34-SG,734RJ34,,-1.000000,100,,NSE,1.000000,999900,False
24190,SYMPHONY-EQ,SYMPHONY,,-1.000000,1,,NSE,5.000000,168725,False
18080,75BR31-SG,75BR31,,-1.000000,100,,NSE,1.000000,1000000,False
18094,BPF02IWR-MF,BPF02IWR,,-1.000000,1,,NSE,1.000000,55,False
24225,RELAXO-EQ,RELAXO,,-1.000000,1,,NSE,5.000000,307688,False
24253,842GIL27-N0,842GIL27,,-1.000000,1,,NSE,1.000000,1000,False
24290,PCCL-SM,PCCL,,-1.000000,400,,NSE,5.000000,230401,False
24364,743NBFID34-N0,743NBFID34,,-1.000000,1,,NSE,1.000000,1000,False
24385,KARMAENG-EQ,KARMAENG,,-1.000000,1,,NSE,1.000000,378336,False
18167,BPF01D3D-MF,BPF01D3D,,-1.000000,1,,NSE,1.000000,1451,False
18169,BPF01GPG-MF,BPF01GPG,,-1.000000,1,,NSE,1.000000,10086370,False
18171,BPF01MDR-MF,BPF01MDR,,-1.000000,1,,NSE,1.000000,14180,False
2442,NOCIL-EQ,NOCIL,,-1.000000,1,,NSE,1.000000,527130,False
24424,731TN54-SG,731TN54,,-1.000000,100,,NSE,1.000000,1000000,False
24423,736RJ46-SG,736RJ46,,-1.000000,100,,NSE,1.000000,1000000,False
1824,582RJ27-SG,582RJ27,,-1.000000,100,,NSE,1.000000,999960,False
18180,FICRFD3DPD-MF,FICRFD3DPD,,-1.000000,1,,NSE,1.000000,127111,False
18181,FICRFD3GPD-MF,FICRFD3GPD,,-1.000000,1,,NSE,1.000000,12032163,False
18191,HFMPCC75DD-MF,HFMPCC75DD,,-1.000000,1,,NSE,1.000000,3654588,False
2454,CENTRUM-EQ,CENTRUM,,-1.000000,1,,NSE,1.000000,4475907,False
24490,733TS40-SG,733TS40,,-1.000000,100,,NSE,1.000000,1000000,False
24500,756RECL27-N0,756RECL27,,-1.000000,1,,NSE,1.000000,999,False
24556,835TPL27-N0,835TPL27,,-1.000000,1,,NSE,1.000000,817,False
18268,AEROFLEX-EQ,AEROFLEX,,-1.000000,1,,NSE,5.000000,177190,False
18283,74WB42-SG,74WB42,,-1.000000,100,,NSE,1.000000,1000000,False
24563,734TN34-SG,734TN34,,-1.000000,100,,NSE,1.000000,1007600,False
24568,735TS40-SG,735TS40,,-1.000000,100,,NSE,1.000000,1000000,False
24571,733KL54-SG,733KL54,,-1.000000,100,,NSE,1.000000,1000000,False
18334,741WB39-SG,741WB39,,-1.000000,100,,NSE,1.000000,1000000,False
24625,CHETANA-SM,CHETANA,,-1.000000,1600,,NSE,5.000000,667080,False
24629,MIEL-SM,MIEL,,-1.000000,2000,,NSE,5.000000,575412,False
24650,734HR36-SG,734HR36,,-1.000000,100,,NSE,1.000000,999900,False
24658,734RJ45A-SG,734RJ45A,,-1.000000,100,,NSE,1.000000,999900,False
1841,KCP-EQ,KCP,,-1.000000,1,,NSE,1.000000,615727,False
18392,MONOPHARMA-SM,MONOPHARMA,,-1.000000,2000,,NSE,5.000000,577762,False
18457,POWERINDIA-EQ,POWERINDIA,,-1.000000,1,,NSE,500.000000,3164,True
18487,970CAGL28-ND,970CAGL28,,-1.000000,1,,NSE,1.000000,82806,False
24705,697GR2034-GS,697GR2034,,-1.000000,1,,NSE,1.000000,1020305,False
24730,RUBFILA-EQ,RUBFILA,,-1.000000,1,,NSE,1.000000,1459633,False
24741,787SDIL30-N0,787SDIL30,,-1.000000,1,,NSE,1.000000,999,False
24755,726HR36-SG,726HR36,,-1.000000,100,,NSE,1.000000,1000000,False
185,678MH32-SG,678MH32,,-1.000000,100,,NSE,1.000000,999900,False
18508,TVVISION-BE,TVVISION,,-1.000000,1,,NSE,1.000000,1266945,False
18520,CUPID-EQ,CUPID,,-1.000000,1,,NSE,5.000000,356335,False
24758,729TS42-SG,729TS42,,-1.000000,100,,NSE,1.000000,1000000,False
24766,729TS40-SG,729TS40,,-1.000000,100,,NSE,1.000000,1000000,False
24836,728TS45-SG,728TS45,,-1.000000,100,,NSE,1.000000,1000000,False
24840,726BR33-SG,726BR33,,-1.000000,100,,NSE,1.000000,1000000,False
24879,BALCO-SM,BALCO,,-1.000000,1200,,NSE,5.000000,142841,False
24883,781TCHE27-N0,781TCHE27,,-1.000000,1,,NSE,1.000000,999,False
24903,845NOM27A-N0,845NOM27A,,-1.000000,1,,NSE,1.000000,408,False
24944,MODEFENCE-EQ,MODEFENCE,,-1.000000,1,,NSE,1.000000,936891,False
18582,UNIHEALTH-SM,UNIHEALTH,,-1.000000,500,,NSE,5.000000,140444,False
18696,746GA33-SG,746GA33,,-1.000000,100,,NSE,1.000000,327000,False
18701,746SK33-SG,746SK33,,-1.000000,100,,NSE,1.000000,817500,False
24984,727MN36-SG,727MN36,,-1.000000,100,,NSE,1.000000,654000,False
24994,722MP45-SG,722MP45,,-1.000000,100,,NSE,1.000000,1000000,False
25,ADANIENT-EQ,ADANIENT,,-1.000000,1,,NSE,10.000000,32522,True
1891,661UP31-SG,661UP31,,-1.000000,100,,NSE,1.000000,1000000,False
18769,DIRL-SM,DIRL,,-1.000000,6000,,NSE,5.000000,311959,False
18868,10SCL30A-BV,10SCL30A,,-1.000000,1,,NSE,1.000000,2635,False
25013,724HR36A-SG,724HR36A,,-1.000000,100,,NSE,1.000000,1000000,False
18944,KINGFA-EQ,KINGFA,,-1.000000,1,,NSE,50.000000,16126,False
18967,KAPSTON-EQ,KAPSTON,,-1.000000,1,,NSE,5.000000,169994,False
19000,744WB42-SG,744WB42,,-1.000000,100,,NSE,1.000000,1000000,False
19015,MVGJL-EQ,MVGJL,,-1.000000,1,,NSE,1.000000,506645,False
25092,ASAHISONG-BE,ASAHISONG,,-1.000000,1,,NSE,5.000000,274761,False
25104,725AP47-SG,725AP47,,-1.000000,100,,NSE,1.000000,1000000,False
25105,706TN29A-SG,706TN29A,,-1.000000,100,,NSE,1.000000,1000000,False
25107,723AP34-SG,723AP34,,-1.000000,100,,NSE,1.000000,1000000,False
25203,BALAJEE-EQ,BALAJEE,,-1.000000,1,,NSE,1.000000,2667366,False
25258,EBANKNIFTY-EQ,EBANKNIFTY,,-1.000000,1,,NSE,1.000000,17705,False
25287,965AEL27-N4,965AEL27,,-1.000000,1,,NSE,1.000000,98911,False
19112,SAAKSHI-ST,SAAKSHI,,-1.000000,600,,NSE,5.000000,289505,False
25306,SPPPOLY-SM,SPPPOLY,,-1.000000,2000,,NSE,5.000000,503290,False
25318,724INBK34-N0,724INBK34,,-1.000000,1,,NSE,1.000000,1000,False
25390,799NIIF29-N0,799NIIF29,,-1.000000,1,,NSE,1.000000,999,False
25392,PANAMAPET-EQ,PANAMAPET,,-1.000000,1,,NSE,5.000000,206948,False
19134,MAL-SM,MAL,,-1.000000,1600,,NSE,5.000000,807229,False
25408,PELATRO-SM,PELATRO,,-1.000000,300,,NSE,5.000000,265952,False
25481,713RJ46-SG,713RJ46,,-1.000000,100,,NSE,1.000000,1000000,False
19267,EFACTOR-SM,EFACTOR,,-1.000000,400,,NSE,5.000000,429396,False
19279,THEJO-EQ,THEJO,,-1.000000,1,,NSE,10.000000,45602,False
25483,714PN49-SG,714PN49,,-1.000000,100,,NSE,1.000000,1000000,False
25498,712GA34-SG,712GA34,,-1.000000,100,,NSE,1.000000,490500,False
25552,948SCL27D-N1,948SCL27D,,-1.000000,1,,NSE,1.000000,4994,False
1950,66KA37-SG,66KA37,,-1.000000,100,,NSE,1.000000,1000000,False
19440,SICALLOG-BE,SICALLOG,,-1.000000,1,,NSE,1.000000,1020368,False
2563,724JK36-SG,724JK36,,-1.000000,100,,NSE,1.000000,999971,False
25562,971SCL29B-N1,971SCL29B,,-1.000000,1,,NSE,1.000000,3064,False
25566,1003SCL31A-N1,1003SCL31A,,-1.000000,1,,NSE,1.000000,498,False
19518,762RJ43-SG,762RJ43,,-1.000000,100,,NSE,1.000000,1000000,False
19522,77BR31-SG,77BR31,,-1.000000,100,,NSE,1.000000,1000000,False
19531,BAJAJCON-EQ,BAJAJCON,,-1.000000,1,,NSE,5.000000,192008,False
19578,UGARSUGAR-EQ,UGARSUGAR,,-1.000000,1,,NSE,1.000000,1841512,False
25651,THESL-ST,THESL,,-1.000000,3000,,NSE,5.000000,408329,False
25668,SAHASRA-SM,SAHASRA,,-1.000000,400,,NSE,5.000000,336577,False
25684,JISLDVREQS-EQ,JISLDVREQS,,-1.000000,1,,NSE,1.000000,630923,False
25685,711AP38-SG,711AP38,,-1.000000,100,,NSE,1.000000,1000000,False
25690,DSSL-EQ,DSSL,,-1.000000,1,,NSE,10.000000,94407,False
25692,714TS42-SG,714TS42,,-1.000000,100,,NSE,1.000000,1000000,False
25696,714AP44-SG,714AP44,,-1.000000,100,,NSE,1.000000,1000000,False
25715,SAJHOTELS-ST,SAJHOTELS,,-1.000000,2000,,NSE,5.000000,527287,False
1964,TRENT-EQ,TRENT,,-1.000000,1,,NSE,10.000000,35194,True
19614,768TN30-SG,768TN30,,-1.000000,100,,NSE,1.000000,1000000,False
19632,WOMANCART-ST,WOMANCART,,-1.000000,400,,NSE,5.000000,268558,False
19670,COMPINFO-BZ,COMPINFO,,-1.000000,1,,NSE,1.000000,2804615,False
2575,729KA37-SG,729KA37,,-1.000000,100,,NSE,1.000000,1000000,False
19677,ANSALAPI-BZ,ANSALAPI,,-1.000000,1,,NSE,1.000000,5147139,False
19679,GOLDIETF-EQ,GOLDIETF,,-1.000000,1,,NSE,1.000000,769964,False
19692,ONDOOR-SM,ONDOOR,,-1.000000,300,,NSE,5.000000,228916,False
19705,LIQUIDSBI-EQ,LIQUIDSBI,,-1.000000,1,,NSE,1.000000,18483,False
25736,679GS2034-GS,679GS2034,,-1.000000,1,,NSE,1.000000,990000,False
25765,705UK29-SG,705UK29,,-1.000000,100,,NSE,1.000000,1000000,False
25771,714SK34-SG,714SK34,,-1.000000,100,,NSE,1.000000,1000000,False
19716,773RJ33-SG,773RJ33,,-1.000000,100,,NSE,1.000000,1098900,False
19717,773GA33-SG,773GA33,,-1.000000,100,,NSE,1.000000,327000,False
19733,767TS45-SG,767TS45,,-1.000000,100,,NSE,1.000000,1052600,False
25776,715MP43-SG,715MP43,,-1.000000,100,,NSE,1.000000,1000000,False
25800,GARUDA-EQ,GARUDA,,-1.000000,1,,NSE,1.000000,549690,False
25807,LLOYDSENT-EQ,LLOYDSENT,,-1.000000,1,,NSE,1.000000,1432401,False
25825,709RJ35-SG,709RJ35,,-1.000000,100,,NSE,1.000000,1000000,False
19774,888SCL25D-NC,888SCL25D,,-1.000000,1,,NSE,1.000000,493,False
19779,PARAGON-SM,PARAGON,,-1.000000,1200,,NSE,5.000000,639808,False
19801,TRANSTEEL-SM,TRANSTEEL,,-1.000000,1000,,NSE,5.000000,733788,False
19863,SARTELE-SM,SARTELE,,-1.000000,500,,NSE,5.000000,1251531,False
25884,710KA35-SG,710KA35,,-1.000000,100,,NSE,1.000000,1000000,False
25890,744SIDBI28-N0,744SIDBI28,,-1.000000,1,,NSE,1.000000,999,False
25892,DBEIL-EQ,DBEIL,,-1.000000,1,,NSE,1.000000,14163842,False
2595,3PLAND-EQ,3PLAND,,-1.000000,1,,NSE,1.000000,588600,False
19891,773UP33A-SG,773UP33A,,-1.000000,100,,NSE,1.000000,1020250,False
19892,774AS33-SG,774AS33,,-1.000000,100,,NSE,1.000000,1019800,False
19928,764HUDCO31-N8,764HUDCO31,,-1.000000,1,,NSE,1.000000,88727,False
19930,769HUDCO31-N9,769HUDCO31,,-1.000000,1,,NSE,1.000000,88096,False
25898,PREMIUM-SM,PREMIUM,,-1.000000,3000,,NSE,5.000000,624475,False
25923,OBSCP-SM,OBSCP,,-1.000000,400,,NSE,5.000000,104312,False
25941,GODAVARIB-EQ,GODAVARIB,,-1.000000,1,,NSE,1.000000,427984,False
2679,718MN31-SG,718MN31,,-1.000000,100,,NSE,1.000000,392400,False
25956,713TN34-SG,713TN34,,-1.000000,100,,NSE,1.000000,1000000,False
25965,716RJ45-SG,716RJ45,,-1.000000,100,,NSE,1.000000,1000000,False
27008,HEXATRADEX-EQ,HEXATRADEX,,-1.000000,1,,NSE,1.000000,641777,False
19966,858HUDCO29-NC,858HUDCO29,,-1.000000,1,,NSE,1.000000,41654,False
20063,HEALTHX-EQ,HEALTHX,,-1.000000,1,,NSE,5.000000,324498,False
20072,INFRABEES-EQ,INFRABEES,,-1.000000,1,,NSE,1.000000,63591,False
20094,965SCL28A-NQ,965SCL28A,,-1.000000,1,,NSE,1.000000,32,False
2711,PRECOT-EQ,PRECOT,,-1.000000,1,,NSE,5.000000,151896,False
27038,726IIFCL34-N0,726IIFCL34,,-1.000000,1,,NSE,1.000000,999,False
27181,722UCL34-N0,722UCL34,,-1.000000,1,,NSE,1.000000,1000,False
20146,718AS30-SG,718AS30,,-1.000000,100,,NSE,1.000000,948200,False
20183,772AP38-SG,772AP38,,-1.000000,100,,NSE,1.000000,1000000,False
27200,719MP38-SG,719MP38,,-1.000000,100,,NSE,1.000000,1000000,False
27225,LAMOSAIC-ST,LAMOSAIC,,-1.000000,600,,NSE,5.000000,338052,False
27207,716TN54A-SG,716TN54A,,-1.000000,100,,NSE,1.000000,1000000,False
20289,ROCKINGDCE-SM,ROCKINGDCE,,-1.000000,250,,NSE,5.000000,185049,False
27266,ITTL-ST,ITTL,,-1.000000,105,,NSE,5.000000,327000,False
27274,C2C-SM,C2C,,-1.000000,150,,NSE,5.000000,471349,False
27280,774LICH27-N0,774LICH27,,-1.000000,1,,NSE,1.000000,999,False
27316,711AP38A-SG,711AP38A,,-1.000000,100,,NSE,1.000000,999900,False
20335,768TN30B-SG,768TN30B,,-1.000000,100,,NSE,1.000000,1000000,False
20351,775UP34-SG,775UP34,,-1.000000,100,,NSE,1.000000,981800,False
20358,720AS30-SG,720AS30,,-1.000000,100,,NSE,1.000000,946912,False
20367,758GJ26-SG,758GJ26,,-1.000000,100,,NSE,1.000000,985200,False
20399,772WB37-SG,772WB37,,-1.000000,100,,NSE,1.000000,1000000,False
20402,764JK50-SG,764JK50,,-1.000000,100,,NSE,1.000000,1051500,False
2740,706CG29-SG,706CG29,,-1.000000,100,,NSE,1.000000,1000000,False
27319,713BR34B-SG,713BR34B,,-1.000000,100,,NSE,1.000000,1000000,False
27353,ROSSTECH-EQ,ROSSTECH,,-1.000000,1,,NSE,10.000000,82329,False
27441,935TSI34-N0,935TSI34,,-1.000000,1,,NSE,1.000000,930,False
27571,ODIGMA-EQ,ODIGMA,,-1.000000,1,,NSE,1.000000,1022151,False
27664,710TN34-SG,710TN34,,-1.000000,100,,NSE,1.000000,1000000,False
20477,772KA35A-SG,772KA35A,,-1.000000,100,,NSE,1.000000,1000000,False
20534,GRAVITA-EQ,GRAVITA,,-1.000000,1,,NSE,10.000000,59932,False
20560,DOLLAR-EQ,DOLLAR,,-1.000000,1,,NSE,5.000000,365535,False
2077,685GA31-SG,685GA31,,-1.000000,100,,NSE,1.000000,327000,False
20741,763BR38-SG,763BR38,,-1.000000,100,,NSE,1.000000,1000000,False
20745,758TS41-SG,758TS41,,-1.000000,100,,NSE,1.000000,999990,False
20746,771JK48-SG,771JK48,,-1.000000,100,,NSE,1.000000,999960,False
27819,698GR2054-GS,698GR2054,,-1.000000,1,,NSE,1.000000,1058000,False
27969,VMM-EQ,VMM,,-1.000000,1,,NSE,1.000000,982038,True
2080,688UP31-SG,688UP31,,-1.000000,100,,NSE,1.000000,999900,False
20775,712HR40-SG,712HR40,,-1.000000,100,,NSE,1.000000,934752,False
28109,790LTFL34-N0,790LTFL34,,-1.000000,1,,NSE,1.000000,1000,False
28241,713MZ39-SG,713MZ39,,-1.000000,100,,NSE,1.000000,457800,False
28279,710TN54-SG,710TN54,,-1.000000,100,,NSE,1.000000,1000000,False
2086,689AP35-SG,689AP35,,-1.000000,100,,NSE,1.000000,1000000,False
20858,695HP34-SG,695HP34,,-1.000000,100,,NSE,1.000000,956550,False
28378,IGIL-EQ,IGIL,,-1.000000,1,,NSE,5.000000,318069,False
28828,715UK30-SG,715UK30,,-1.000000,100,,NSE,1.000000,1000000,False
20912,697KA30-SG,697KA30,,-1.000000,100,,NSE,1.000000,959600,False
20918,717KA30-SG,717KA30,,-1.000000,100,,NSE,1.000000,949000,False
20931,767UK33A-SG,767UK33A,,-1.000000,100,,NSE,1.000000,1000000,False
21030,1025SCL33-YJ,1025SCL33,,-1.000000,1,,NSE,1.000000,686,False
2097,685TN51-SG,685TN51,,-1.000000,100,,NSE,1.000000,1000000,False
20943,765UP34-SG,765UP34,,-1.000000,100,,NSE,1.000000,1007200,False
21016,925SCL28B-YC,925SCL28B,,-1.000000,1,,NSE,1.000000,2859,False
2107,STOVEKRAFT-EQ,STOVEKRAFT,,-1.000000,1,,NSE,5.000000,122695,False
21051,73HP30-SG,73HP30,,-1.000000,100,,NSE,1.000000,940002,False
21062,INNOVACAP-EQ,INNOVACAP,,-1.000000,1,,NSE,10.000000,87153,False
21113,BFINVEST-EQ,BFINVEST,,-1.000000,1,,NSE,5.000000,223030,False
21186,KLL-SM,KLL,,-1.000000,800,,NSE,5.000000,605931,False
21194,855TCAPS27-N7,855TCAPS27,,-1.000000,1,,NSE,1.000000,30241,False
21195,GTPL-EQ,GTPL,,-1.000000,1,,NSE,1.000000,1671875,False
21262,764GJ31-SG,764GJ31,,-1.000000,100,,NSE,1.000000,981300,False
21276,777HR36-SG,777HR36,,-1.000000,100,,NSE,1.000000,1003200,False
21281,772KA37-SG,772KA37,,-1.000000,100,,NSE,1.000000,1000000,False
21283,771KA38-SG,771KA38,,-1.000000,100,,NSE,1.000000,1012200,False
21308,777IREDA27-N9,777IREDA27,,-1.000000,1,,NSE,1.000000,999,False
21314,DYNPRO-EQ,DYNPRO,,-1.000000,1,,NSE,1.000000,406408,False
21399,GANGESSECU-EQ,GANGESSECU,,-1.000000,1,,NSE,1.000000,327120,False
2142,MFSL-EQ,MFSL,,-1.000000,1,,NSE,10.000000,67642,True
21401,TATAGOLD-EQ,TATAGOLD,,-1.000000,1,,NSE,1.000000,6799877,False
21484,STEL-EQ,STEL,,-1.000000,1,,NSE,5.000000,163625,False
28861,IHF261224-N1,IHF261224,,-1.000000,1,,NSE,1.000000,1843,False
28872,925IHFL29-N1,925IHFL29,,-1.000000,1,,NSE,1.000000,5297,False
28900,888SCL26X-N1,888SCL26X,,-1.000000,1,,NSE,1.000000,32,False
2150,697RJ51-SG,697RJ51,,-1.000000,100,,NSE,1.000000,999975,False
21500,764GJ33-SG,764GJ33,,-1.000000,100,,NSE,1.000000,1052600,False
21615,875GFL27-N0,875GFL27,,-1.000000,1,,NSE,1.000000,654,False
21621,757IRFC29-NP,757IRFC29,,-1.000000,1,,NSE,1.000000,1000,False
28913,ROSSELLIND-EQ,ROSSELLIND,,-1.000000,1,,NSE,1.000000,1816163,False
28914,94SCL27U-N1,94SCL27U,,-1.000000,1,,NSE,1.000000,7028,False
21645,724AP35-SG,724AP35,,-1.000000,100,,NSE,1.000000,933600,False
28924,965SCL29S-N1,965SCL29S,,-1.000000,1,,NSE,1.000000,8649,False
28926,925SCL29S-N1,925SCL29S,,-1.000000,1,,NSE,1.000000,212,False
28969,CONSUMER-EQ,CONSUMER,,-1.000000,1,,NSE,1.000000,1588142,False
21827,766WB43-SG,766WB43,,-1.000000,100,,NSE,1.000000,999900,False
21830,759TS46-SG,759TS46,,-1.000000,100,,NSE,1.000000,1000000,False
21841,758TN54-SG,758TN54,,-1.000000,100,,NSE,1.000000,1000000,False
2910,685GA31A-SG,685GA31A,,-1.000000,100,,NSE,1.000000,654000,False
29025,INDOFARM-EQ,INDOFARM,,-1.000000,1,,NSE,1.000000,705878,False
29058,715AS35-SG,715AS35,,-1.000000,100,,NSE,1.000000,1030500,False
21868,TIRUPATI-SM,TIRUPATI,,-1.000000,125,,NSE,5.000000,324667,False
21929,612KA27-SG,612KA27,,-1.000000,100,,NSE,1.000000,995100,False
21939,698MH28-SG,698MH28,,-1.000000,100,,NSE,1.000000,991800,False
29108,722TN35-SG,722TN35,,-1.000000,100,,NSE,1.000000,1000000,False
29111,738REC27TF-N2,738REC27TF,,-1.000000,1,,NSE,1.000000,93016,False
29120,722HR38-SG,722HR38,,-1.000000,100,,NSE,1.000000,1000000,False
29135,INDUSTOWER-EQ,INDUSTOWER,,-1.000000,1,,NSE,5.000000,255901,True
21975,657MP30-SG,657MP30,,-1.000000,100,,NSE,1.000000,985900,False
21979,694MP35-SG,694MP35,,-1.000000,100,,NSE,1.000000,958400,False
21981,673MP30-SG,673MP30,,-1.000000,100,,NSE,1.000000,975300,False
22010,720ML30-SG,720ML30,,-1.000000,100,,NSE,1.000000,946402,False
29180,725IRFC35B-N0,725IRFC35B,,-1.000000,1,,NSE,1.000000,999,False
29184,867MUTF30-N0,867MUTF30,,-1.000000,1,,NSE,1.000000,835,False
29241,715TN35-SG,715TN35,,-1.000000,100,,NSE,1.000000,1000000,False
22016,750MZ30-SG,750MZ30,,-1.000000,100,,NSE,1.000000,291030,False
22026,688PY31-SG,688PY31,,-1.000000,100,,NSE,1.000000,327000,False
22028,735PY30-SG,735PY30,,-1.000000,100,,NSE,1.000000,228900,False
22033,655RJ55-SG,655RJ55,,-1.000000,100,,NSE,1.000000,999600,False
29242,712TN55-SG,712TN55,,-1.000000,100,,NSE,1.000000,1000000,False
29274,12VCCL29A-N0,12VCCL29A,,-1.000000,1,,NSE,1.000000,81,False
29282,712BR37-SG,712BR37,,-1.000000,100,,NSE,1.000000,1000000,False
29300,710RJ51-SG,710RJ51,,-1.000000,100,,NSE,1.000000,1000000,False
22036,745RJ30-SG,745RJ30,,-1.000000,100,,NSE,1.000000,930750,False
22068,684RJ30-SG,684RJ30,,-1.000000,100,,NSE,1.000000,968850,False
22083,710UP30-SG,710UP30,,-1.000000,100,,NSE,1.000000,953600,False
22092,719UP29-SG,719UP29,,-1.000000,100,,NSE,1.000000,947850,False
22103,641TN30-SG,641TN30,,-1.000000,100,,NSE,1.000000,997250,False
22111,66TN30-SG,66TN30,,-1.000000,100,,NSE,1.000000,985500,False
22113,669TN50-SG,669TN50,,-1.000000,100,,NSE,1.000000,980375,False
22125,719TN30-SG,719TN30,,-1.000000,100,,NSE,1.000000,943600,False
29457,790CANF30-N0,790CANF30,,-1.000000,1,,NSE,1.000000,1000,False
29498,707AP34-SG,707AP34,,-1.000000,100,,NSE,1.000000,1000000,False
29501,712MH36A-SG,712MH36A,,-1.000000,100,,NSE,1.000000,999900,False
29506,716KL38-SG,716KL38,,-1.000000,100,,NSE,1.000000,1000000,False
22134,668TN55-SG,668TN55,,-1.000000,100,,NSE,1.000000,984125,False
22141,731WB34-SG,731WB34,,-1.000000,100,,NSE,1.000000,925500,False
22142,72WB30-SG,72WB30,,-1.000000,100,,NSE,1.000000,946250,False
22146,726WB34-SG,726WB34,,-1.000000,100,,NSE,1.000000,929600,False
29507,712MH38A-SG,712MH38A,,-1.000000,100,,NSE,1.000000,1000000,False
29520,708AP35A-SG,708AP35A,,-1.000000,100,,NSE,1.000000,1000000,False
29533,950ISF27-N0,950ISF27,,-1.000000,1,,NSE,1.000000,245,False
29535,805PHFL30-N0,805PHFL30,,-1.000000,1,,NSE,1.000000,981,False
22149,698WB35-SG,698WB35,,-1.000000,100,,NSE,1.000000,955500,False
22162,735CG30-SG,735CG30,,-1.000000,100,,NSE,1.000000,936660,False
22170,704UK30-SG,704UK30,,-1.000000,100,,NSE,1.000000,817500,False
22190,699TS28-SG,699TS28,,-1.000000,100,,NSE,1.000000,959621,False
29567,714CG33-SG,714CG33,,-1.000000,100,,NSE,1.000000,1000000,False
29570,714HR38B-SG,714HR38B,,-1.000000,100,,NSE,1.000000,999900,False
29577,NIF100BEES-EQ,NIF100BEES,,-1.000000,1,,NSE,1.000000,382845,False
29588,NATCAPSUQ-BE,NATCAPSUQ,,-1.000000,1,,NSE,1.000000,340444,False
29639,810HLICL35-N0,810HLICL35,,-1.000000,1,,NSE,1.000000,1000,False
29708,708GJ33B-SG,708GJ33B,,-1.000000,100,,NSE,1.000000,999900,False
29710,715PY39A-SG,715PY39A,,-1.000000,100,,NSE,1.000000,327000,False
22197,737JH31-SG,737JH31,,-1.000000,100,,NSE,1.000000,934950,False
22199,810JH32-SG,810JH32,,-1.000000,100,,NSE,1.000000,881550,False
22210,725TS28-SG,725TS28,,-1.000000,100,,NSE,1.000000,945675,False
22219,685WB30-SG,685WB30,,-1.000000,100,,NSE,1.000000,968400,False
2988,SANDESH-EQ,SANDESH,,-1.000000,1,,NSE,10.000000,98553,False
29719,742PFC28-N0,742PFC28,,-1.000000,1,,NSE,1.000000,1000,False
29727,ROYALARC-SM,ROYALARC,,-1.000000,1200,,NSE,5.000000,362976,False
29922,719CG35-SG,719CG35,,-1.000000,100,,NSE,1.000000,1000000,False
22255,NDRAUTO-EQ,NDRAUTO,,-1.000000,1,,NSE,5.000000,144329,False
22263,649TS50-SG,649TS50,,-1.000000,100,,NSE,1.000000,1000000,False
22264,649AP33-SG,649AP33,,-1.000000,100,,NSE,1.000000,1000000,False
22265,64KA30-SG,64KA30,,-1.000000,100,,NSE,1.000000,1000000,False
2229,MODIRUBBER-EQ,MODIRUBBER,,-1.000000,1,,NSE,1.000000,807031,False
22267,636HP28-SG,636HP28,,-1.000000,100,,NSE,1.000000,1000000,False
22295,65AP38-SG,65AP38,,-1.000000,100,,NSE,1.000000,1000000,False
22373,668HR39-SG,668HR39,,-1.000000,100,,NSE,1.000000,1000000,False
22425,TOTAL-BE,TOTAL,,-1.000000,1,,NSE,1.000000,527352,False
22438,68GS2060-GS,68GS2060,,-1.000000,1,,NSE,1.000000,1092500,False
22451,643UK30-SG,643UK30,,-1.000000,100,,NSE,1.000000,1000000,False
22452,64KA30A-SG,64KA30A,,-1.000000,100,,NSE,1.000000,1000000,False
29932,719MH40-SG,719MH40,,-1.000000,100,,NSE,1.000000,1000000,False
29937,72KL42-SG,72KL42,,-1.000000,100,,NSE,1.000000,999936,False
29940,72OR45-SG,72OR45,,-1.000000,100,,NSE,1.000000,1000000,False
29963,825TCSL28-N0,825TCSL28,,-1.000000,1,,NSE,1.000000,1000,False
22497,766RJ34-SG,766RJ34,,-1.000000,100,,NSE,1.000000,1000000,False
22500,763MH35-SG,763MH35,,-1.000000,100,,NSE,1.000000,1031750,False
22504,769BR39-SG,769BR39,,-1.000000,100,,NSE,1.000000,1000000,False
22505,763RJ41-SG,763RJ41,,-1.000000,100,,NSE,1.000000,1052550,False
22613,748MH35-SG,748MH35,,-1.000000,100,,NSE,1.000000,980250,False
22675,CAPITALSFB-EQ,CAPITALSFB,,-1.000000,1,,NSE,5.000000,368495,False
22700,745AP38-SG,745AP38,,-1.000000,100,,NSE,1.000000,1037100,False
22706,744TS46-SG,744TS46,,-1.000000,100,,NSE,1.000000,1000000,False
29975,AONETOTAL-EQ,AONETOTAL,,-1.000000,1,,NSE,1.000000,1194999,False
29994,727TS49-SG,727TS49,,-1.000000,100,,NSE,1.000000,1000000,False
29999,721TN32-SG,721TN32,,-1.000000,100,,NSE,1.000000,1000000,False
30006,722RJ35-SG,722RJ35,,-1.000000,100,,NSE,1.000000,1000000,False
3001,BSE500IETF-EQ,BSE500IETF,,-1.000000,1,,NSE,1.000000,2578575,False
22717,ENTERO-EQ,ENTERO,,-1.000000,1,,NSE,10.000000,55050,False
22742,744CG29-SG,744CG29,,-1.000000,100,,NSE,1.000000,1000000,False
22747,744TN34-SG,744TN34,,-1.000000,100,,NSE,1.000000,1029200,False
30059,990IIFL27A-N0,990IIFL27A,,-1.000000,1,,NSE,1.000000,441,False
30083,723TN55-SG,723TN55,,-1.000000,100,,NSE,1.000000,1000000,False
30087,723MP47-SG,723MP47,,-1.000000,100,,NSE,1.000000,1000000,False
2283,MRPL-EQ,MRPL,,-1.000000,1,,NSE,1.000000,567842,False
22832,SMALLCAP-EQ,SMALLCAP,,-1.000000,1,,NSE,1.000000,2034931,False
22867,744RJ34-SG,744RJ34,,-1.000000,100,,NSE,1.000000,1000000,False
30098,723RJ38-SG,723RJ38,,-1.000000,100,,NSE,1.000000,1000000,False
30099,70TN29-SG,70TN29,,-1.000000,100,,NSE,1.000000,1000000,False
30101,724AS45-SG,724AS45,,-1.000000,100,,NSE,1.000000,999990,False
30147,860MFL28-N0,860MFL28,,-1.000000,1,,NSE,1.000000,999,False
22876,746UP34-SG,746UP34,,-1.000000,100,,NSE,1.000000,1062810,False
22964,925BCIPL28-N1,925BCIPL28,,-1.000000,1,,NSE,1.000000,1000,False
22997,74JK44-SG,74JK44,,-1.000000,100,,NSE,1.000000,1000000,False
23056,JGCHEM-EQ,JGCHEM,,-1.000000,1,,NSE,5.000000,168891,False
30162,717UP39-SG,717UP39,,-1.000000,100,,NSE,1.000000,1000000,False
30168,718OR46-SG,718OR46,,-1.000000,100,,NSE,1.000000,1000000,False
30182,715TN33-SG,715TN33,,-1.000000,100,,NSE,1.000000,1000000,False
23066,GOPAL-EQ,GOPAL,,-1.000000,1,,NSE,5.000000,388461,False
23081,739HP34-SG,739HP34,,-1.000000,100,,NSE,1.000000,1000000,False
23087,738HR35-SG,738HR35,,-1.000000,100,,NSE,1.000000,1000000,False
30198,732RL35-N0,732RL35,,-1.000000,1,,NSE,1.000000,999,False
30202,925SCL27A-N1,925SCL27A,,-1.000000,1,,NSE,1.000000,2033,False
30206,980SCL35-N1,980SCL35,,-1.000000,1,,NSE,1.000000,4,False
30226,SCL190325A-N1,SCL190325A,,-1.000000,1,,NSE,1.000000,2101,False
23093,738PY38-SG,738PY38,,-1.000000,100,,NSE,1.000000,654000,False
23181,MOSMALL250-EQ,MOSMALL250,,-1.000000,1,,NSE,1.000000,4715340,False
30236,1015SCL30-N1,1015SCL30,,-1.000000,1,,NSE,1.000000,2240,False
30423,704RJ32-SG,704RJ32,,-1.000000,100,,NSE,1.000000,1000000,False
30429,709AP35-SG,709AP35,,-1.000000,100,,NSE,1.000000,999908,False
30434,706RJ35-SG,706RJ35,,-1.000000,100,,NSE,1.000000,999900,False
23305,925SCL29-YZ,925SCL29,,-1.000000,1,,NSE,1.000000,1205,False
30444,712MN40-SG,712MN40,,-1.000000,100,,NSE,1.000000,817500,False
30445,71KL43-SG,71KL43,,-1.000000,100,,NSE,1.000000,999900,False
30448,71PN45-SG,71PN45,,-1.000000,100,,NSE,1.000000,999999,False
23214,745WB44-SG,745WB44,,-1.000000,100,,NSE,1.000000,1041500,False
23217,74TN54-SG,74TN54,,-1.000000,100,,NSE,1.000000,1000000,False
23242,950IIFL27-Y2,950IIFL27,,-1.000000,1,,NSE,1.000000,1000,False
3061,658GJ27-SG,658GJ27,,-1.000000,100,,NSE,1.000000,999900,False
3073,684JK31-SG,684JK31,,-1.000000,100,,NSE,1.000000,657270,False
23321,980SCL34-Z7,980SCL34,,-1.000000,1,,NSE,1.000000,127,False
23338,751JK54-SG,751JK54,,-1.000000,100,,NSE,1.000000,999980,False
23346,744RJ34A-SG,744RJ34A,,-1.000000,100,,NSE,1.000000,1000000,False
23363,MUTF27-NL,MUTF27,,-1.000000,1,,NSE,1.000000,621,False
30496,805TFSIL28-N0,805TFSIL28,,-1.000000,1,,NSE,1.000000,1000,False
30554,NEUEON-BE,NEUEON,,-1.000000,1,,NSE,1.000000,8360677,False
3082,682JH34-SG,682JH34,,-1.000000,100,,NSE,1.000000,1000000,False
3083,682KL35-SG,682KL35,,-1.000000,100,,NSE,1.000000,1000000,False
31111,DBSTOCKBRO-BE,DBSTOCKBRO,,-1.000000,1,,NSE,1.000000,1144500,False
23424,745HP44-SG,745HP44,,-1.000000,100,,NSE,1.000000,1000000,False
23427,744TS36-SG,744TS36,,-1.000000,100,,NSE,1.000000,1000000,False
312,TIINDIA-EQ,TIINDIA,,-1.000000,1,,NSE,10.000000,38325,True
315,704WB35-SG,704WB35,,-1.000000,100,,NSE,1.000000,1000000,False
3148,SIDDHIKA-SM,SIDDHIKA,,-1.000000,500,,NSE,5.000000,202053,False
31415,NBCC-EQ,NBCC,,-1.000000,1,,NSE,1.000000,1204200,True
23428,748PN37-SG,748PN37,,-1.000000,100,,NSE,1.000000,999900,False
23540,742MH34-SG,742MH34,,-1.000000,100,,NSE,1.000000,999900,False
23542,746UP39-SG,746UP39,,-1.000000,100,,NSE,1.000000,999900,False
23553,AIIL-EQ,AIIL,,-1.000000,1,,NSE,5.000000,183432,False
3188,VMARCIND-SM,VMARCIND,,-1.000000,1500,,NSE,5.000000,278982,False
31618,782UP46-SG,782UP46,,-1.000000,100,,NSE,1.000000,997500,False
31619,781JK51-SG,781JK51,,-1.000000,100,,NSE,1.000000,1000000,False
31966,863NHB29-N2,863NHB29,,-1.000000,1,,NSE,1.000000,17831,False
23559,BIRDYS-SM,BIRDYS,,-1.000000,1200,,NSE,5.000000,226342,False
23588,748TS42-SG,748TS42,,-1.000000,100,,NSE,1.000000,999900,False
23677,747AP37A-SG,747AP37A,,-1.000000,100,,NSE,1.000000,1000000,False
23683,742TS48-SG,742TS48,,-1.000000,100,,NSE,1.000000,1000000,False
3204,664GS2035-GS,664GS2035,,-1.000000,1,,NSE,1.000000,1014574,False
3237,JTEKTINDIA-EQ,JTEKTINDIA,,-1.000000,1,,NSE,1.000000,829416,False
23718,REFRACTORY-SM,REFRACTORY,,-1.000000,1000,,NSE,5.000000,712860,False
23736,SILKFLEX-SM,SILKFLEX,,-1.000000,1000,,NSE,5.000000,355800,False
23745,EMMIL-SM,EMMIL,,-1.000000,250,,NSE,5.000000,370376,False
31970,901NHB34-N6,901NHB34,,-1.000000,1,,NSE,1.000000,15641,False
3364,677TN31-SG,677TN31,,-1.000000,100,,NSE,1.000000,999900,False
23751,787LIC29-N3,787LIC29,,-1.000000,1,,NSE,1.000000,999,False
23797,770NABAR27-N4,770NABAR27,,-1.000000,1,,NSE,1.000000,999,False
23804,BSLGOLDETF-EQ,BSLGOLDETF,,-1.000000,1,,NSE,1.000000,750332,False
23864,AWFIS-EQ,AWFIS,,-1.000000,1,,NSE,5.000000,340998,False
338,BALMLAWRIE-EQ,BALMLAWRIE,,-1.000000,1,,NSE,1.000000,592528,False
3382,692HR36-SG,692HR36,,-1.000000,100,,NSE,1.000000,1000000,False
3453,TECILCHEM-EQ,TECILCHEM,,-1.000000,1,,NSE,1.000000,620112,False
2387,72UP31-SG,72UP31,,-1.000000,100,,NSE,1.000000,1000000,False
2389,724AS31-SG,724AS31,,-1.000000,100,,NSE,1.000000,1000000,False
23877,736RJ37-SG,736RJ37,,-1.000000,100,,NSE,1.000000,1074100,False
23883,734AP48-SG,734AP48,,-1.000000,100,,NSE,1.000000,1000000,False
3579,UNICHEMLAB-EQ,UNICHEMLAB,,-1.000000,1,,NSE,5.000000,185237,False
3586,MOKSH-EQ,MOKSH,,-1.000000,1,,NSE,1.000000,2885741,False
3645,699TN41-SG,699TN41,,-1.000000,100,,NSE,1.000000,952800,False
3727,ANMOL-EQ,ANMOL,,-1.000000,1,,NSE,1.000000,1861092,False
23946,902SCL27A-ZI,902SCL27A,,-1.000000,1,,NSE,1.000000,3368,False
23961,10SCL31A-ZO,10SCL31A,,-1.000000,1,,NSE,1.000000,457,False
23990,9CIFL34-NX,9CIFL34,,-1.000000,1,,NSE,1.000000,490,False
3757,VENKEYS-EQ,VENKEYS,,-1.000000,1,,NSE,10.000000,55940,False
3800,SGBJU29III-GB,SGBJU29III,,-1.000000,1,,NSE,1.000000,6660,False
3837,TOKYOPLAST-EQ,TOKYOPLAST,,-1.000000,1,,NSE,1.000000,310695,False
3980,TNPL-EQ,TNPL,,-1.000000,1,,NSE,1.000000,652379,False
4105,SILINV-EQ,SILINV,,-1.000000,1,,NSE,5.000000,215604,False
40,AEGISLOG-EQ,AEGISLOG,,-1.000000,1,,NSE,10.000000,73710,False
4014,NAVA-EQ,NAVA,,-1.000000,1,,NSE,5.000000,181120,False
4083,AMBANIORGO-SM,AMBANIORGO,,-1.000000,1000,,NSE,5.000000,282477,False
427,681MH28-SG,681MH28,,-1.000000,100,,NSE,1.000000,1000000,False
437,691NL30-SG,691NL30,,-1.000000,100,,NSE,1.000000,817500,False
4201,SOMATEX-EQ,SOMATEX,,-1.000000,1,,NSE,1.000000,1080179,False
4244,HDFCAMC-EQ,HDFCAMC,,-1.000000,1,,NSE,10.000000,41579,True
4409,GS151226C-GS,GS151226C,,-1.000000,100,,NSE,1.000000,813569,False
4431,GS220831C-GS,GS220831C,,-1.000000,100,,NSE,1.000000,55263,False
4491,BOSCH-HCIL-EQ,BOSCH-HCIL,,-1.000000,1,,NSE,10.000000,58677,False
4494,GS220836C-GS,GS220836C,,-1.000000,100,,NSE,1.000000,55263,False
4520,GS220240C-GS,GS220240C,,-1.000000,100,,NSE,1.000000,55263,False
4568,ATLASCYCLE-EQ,ATLASCYCLE,,-1.000000,1,,NSE,1.000000,212675,False
457,715JK32-SG,715JK32,,-1.000000,100,,NSE,1.000000,1000000,False
4580,683MH32B-SG,683MH32B,,-1.000000,100,,NSE,1.000000,1075200,False
4684,SONACOMS-EQ,SONACOMS,,-1.000000,1,,NSE,5.000000,126893,True
4717,GAIL-EQ,GAIL,,-1.000000,1,,NSE,1.000000,572033,True
4791,RELINFRA-BE,RELINFRA,,-1.000000,1,,NSE,1.000000,1863358,False
4926,931SFIL26A-NA,931SFIL26A,,-1.000000,1,,NSE,1.000000,19,False
4989,683WB28-SG,683WB28,,-1.000000,100,,NSE,1.000000,999900,False
4991,691GJ30-SG,691GJ30,,-1.000000,100,,NSE,1.000000,1227400,False
5005,719AP38-SG,719AP38,,-1.000000,100,,NSE,1.000000,1052600,False
5020,SVPGLOB-EQ,SVPGLOB,,-1.000000,1,,NSE,1.000000,4136550,False
5089,701UP31-SG,701UP31,,-1.000000,100,,NSE,1.000000,1000000,False
5230,698TN31A-SG,698TN31A,,-1.000000,100,,NSE,1.000000,1000000,False
5232,71MH36-SG,71MH36,,-1.000000,100,,NSE,1.000000,1069400,False
5296,PRITIKAUTO-BE,PRITIKAUTO,,-1.000000,1,,NSE,1.000000,5444964,False
5336,70TN31-SG,70TN31,,-1.000000,100,,NSE,1.000000,1000000,False
5407,CARTRADE-EQ,CARTRADE,,-1.000000,1,,NSE,10.000000,32367,False
5457,DUGLOBAL-SM,DUGLOBAL,,-1.000000,2500,,NSE,5.000000,2352494,False
5473,698UP31-SG,698UP31,,-1.000000,100,,NSE,1.000000,1000000,False
5507,SERVOTECH-EQ,SERVOTECH,,-1.000000,1,,NSE,1.000000,1293867,False
5524,628GJ27-SG,628GJ27,,-1.000000,100,,NSE,1.000000,999900,False
5528,KOTHARIPRO-EQ,KOTHARIPRO,,-1.000000,1,,NSE,1.000000,1520186,False
5556,685BR30-SG,685BR30,,-1.000000,100,,NSE,1.000000,1000000,False
5566,685WB31-SG,685WB31,,-1.000000,100,,NSE,1.000000,1000000,False
5592,SFMP50DD-MF,SFMP50DD,,-1.000000,1,,NSE,1.000000,3320,False
5593,SFMP50DR-MF,SFMP50DR,,-1.000000,1,,NSE,1.000000,7572,False
5662,BEWLTD-SM,BEWLTD,,-1.000000,500,,NSE,5.000000,427497,False
5677,685MP31-SG,685MP31,,-1.000000,100,,NSE,1.000000,1000000,False
5695,687UP31-SG,687UP31,,-1.000000,100,,NSE,1.000000,1000000,False
5737,686KL35-SG,686KL35,,-1.000000,100,,NSE,1.000000,1000000,False
5740,686RJ36-SG,686RJ36,,-1.000000,100,,NSE,1.000000,1000000,False
5741,687AP40-SG,687AP40,,-1.000000,100,,NSE,1.000000,1000000,False
5745,68SK31-SG,68SK31,,-1.000000,100,,NSE,1.000000,820770,False
590,669PN30-SG,669PN30,,-1.000000,100,,NSE,1.000000,1000000,False
5863,850SCL25A-NW,850SCL25A,,-1.000000,1,,NSE,1.000000,1385,False
5877,623RJ27-SG,623RJ27,,-1.000000,100,,NSE,1.000000,1000000,False
5945,UWCSL-SM,UWCSL,,-1.000000,1000,,NSE,5.000000,170156,False
5997,69TN31-SG,69TN31,,-1.000000,100,,NSE,1.000000,1000000,False
6000,692UP31-SG,692UP31,,-1.000000,100,,NSE,1.000000,1000000,False
6017,EVERESTIND-BE,EVERESTIND,,-1.000000,1,,NSE,5.000000,245082,False
605,655MH28-SG,655MH28,,-1.000000,100,,NSE,1.000000,999900,False
6096,697TN31C-SG,697TN31C,,-1.000000,100,,NSE,1.000000,1000000,False
6103,70NL31-SG,70NL31,,-1.000000,100,,NSE,1.000000,291030,False
617,662UK30-SG,662UK30,,-1.000000,100,,NSE,1.000000,1000000,False
6149,930SFL28-YP,930SFL28,,-1.000000,1,,NSE,1.000000,10575,False
6141,PANSARI-EQ,PANSARI,,-1.000000,1,,NSE,5.000000,355234,False
6249,DKEGL-SM,DKEGL,,-1.000000,1500,,NSE,5.000000,245511,False
630,694TS50A-SG,694TS50A,,-1.000000,100,,NSE,1.000000,999900,False
6318,695BR30-SG,695BR30,,-1.000000,100,,NSE,1.000000,1000000,False
6320,693GJ31A-SG,693GJ31A,,-1.000000,100,,NSE,1.000000,990000,False
6478,698BR30-SG,698BR30,,-1.000000,100,,NSE,1.000000,1000000,False
6482,70WB31A-SG,70WB31A,,-1.000000,100,,NSE,1.000000,1000000,False
6483,70GA31-SG,70GA31,,-1.000000,100,,NSE,1.000000,327000,False
6488,708TS42-SG,708TS42,,-1.000000,100,,NSE,1.000000,1000000,False
6543,GRPLTD-EQ,GRPLTD,,-1.000000,1,,NSE,10.000000,51941,False
6558,693UP31-SG,693UP31,,-1.000000,100,,NSE,1.000000,1000000,False
6563,70AP38A-SG,70AP38A,,-1.000000,100,,NSE,1.000000,1000000,False
6711,IVC-EQ,IVC,,-1.000000,1,,NSE,1.000000,10268870,False
6718,SAPPHIRE-EQ,SAPPHIRE,,-1.000000,1,,NSE,1.000000,442865,False
6866,601GS2028-GS,601GS2028,,-1.000000,1,,NSE,1.000000,976500,False
6877,687BR30A-SG,687BR30A,,-1.000000,100,,NSE,1.000000,1000000,False
6883,833GS2036-GS,833GS2036,,-1.000000,1,,NSE,1.000000,920200,False
7,AARTIIND-EQ,AARTIIND,,-1.000000,1,,NSE,5.000000,202690,False
6944,GANECOS-EQ,GANECOS,,-1.000000,1,,NSE,10.000000,98662,False
7043,683BR30-SG,683BR30,,-1.000000,100,,NSE,1.000000,1000000,False
7129,ZODIAC-EQ,ZODIAC,,-1.000000,1,,NSE,1.000000,438632,False
7155,683KA31B-SG,683KA31B,,-1.000000,100,,NSE,1.000000,1000000,False
7208,717GS2028-GS,717GS2028,,-1.000000,1,,NSE,1.000000,968200,False
7211,JETFREIGHT-EQ,JETFREIGHT,,-1.000000,1,,NSE,1.000000,1517403,False
7242,METROBRAND-EQ,METROBRAND,,-1.000000,1,,NSE,5.000000,106298,False
7304,696KA31A-SG,696KA31A,,-1.000000,100,,NSE,1.000000,1000000,False
7374,STAR-EQ,STAR,,-1.000000,1,,NSE,10.000000,84430,False
7482,MANAKSTEEL-BE,MANAKSTEEL,,-1.000000,1,,NSE,1.000000,848076,False
7506,WOCKPHARMA-EQ,WOCKPHARMA,,-1.000000,1,,NSE,10.000000,45822,False
751598,812LTFL29-N0,812LTFL29,,-1.000000,1,,NSE,1.000000,999,False
751692,795SFL29-N0,795SFL29,,-1.000000,1,,NSE,1.000000,999,False
751715,737NBFID29-N0,737NBFID29,,-1.000000,1,,NSE,1.000000,1000,False
753693,755PN33-SG,755PN33,,-1.000000,100,,NSE,1.000000,999923,False
753759,766AS36-SG,766AS36,,-1.000000,100,,NSE,1.000000,1000000,False
754233,74SIDBI31-N0,74SIDBI31,,-1.000000,1,,NSE,1.000000,999,False
755856,687TS47-SG,687TS47,,-1.000000,100,,NSE,1.000000,1000000,False
755873,704NBFID35-N0,704NBFID35,,-1.000000,1,,NSE,1.000000,999,False
755946,791ABCL34-N7,791ABCL34,,-1.000000,1,,NSE,1.000000,999,False
755984,852MFL28-N0,852MFL28,,-1.000000,1,,NSE,1.000000,999,False
756004,1050UCL28-NH,1050UCL28,,-1.000000,1,,NSE,1.000000,17964,False
756006,727SHFL27-N0,727SHFL27,,-1.000000,1,,NSE,1.000000,490,False
756008,735SFL27-N0,735SFL27,,-1.000000,1,,NSE,1.000000,999,False
756065,672MH40-SG,672MH40,,-1.000000,100,,NSE,1.000000,999900,False
756090,TURTLEMINT-EQ,TURTLEMINT,,-1.000000,1,,NSE,1.000000,734430,False
756141,930IIFL27-NX,930IIFL27,,-1.000000,1,,NSE,1.000000,33552,False
756331,678IRFC30-N0,678IRFC30,,-1.000000,1,,NSE,1.000000,999,False
756716,832HHFL27A-N0,832HHFL27A,,-1.000000,1,,NSE,1.000000,490,False
756808,651UP32-SG,651UP32,,-1.000000,100,,NSE,1.000000,999900,False
756823,7123TCHF27-N0,7123TCHF27,,-1.000000,1,,NSE,1.000000,999,False
756864,677MP37-SG,677MP37,,-1.000000,100,,NSE,1.000000,1000000,False
756865,677MP39-SG,677MP39,,-1.000000,100,,NSE,1.000000,1000000,False
756871,ENRIN-EQ,ENRIN,,-1.000000,1,,NSE,10.000000,31338,False
756882,803ABCL35-N0,803ABCL35,,-1.000000,1,,NSE,1.000000,1000,False
756947,665IRFC30-N0,665IRFC30,,-1.000000,1,,NSE,1.000000,999,False
757040,689KL51-SG,689KL51,,-1.000000,100,,NSE,1.000000,1000000,False
757116,688PN45A-SG,688PN45A,,-1.000000,100,,NSE,1.000000,999900,False
757118,686TS47-SG,686TS47,,-1.000000,100,,NSE,1.000000,1000000,False
757119,685TS50-SG,685TS50,,-1.000000,100,,NSE,1.000000,999990,False
757123,708TML28-N0,708TML28,,-1.000000,1,,NSE,1.000000,981,False
757180,930APMD28-N0,930APMD28,,-1.000000,1,,NSE,1.000000,984,False
757186,930APMD31-N0,930APMD31,,-1.000000,1,,NSE,1.000000,964,False
757341,699SFL27-N0,699SFL27,,-1.000000,1,,NSE,1.000000,1000,False
757392,692TS45-SG,692TS45,,-1.000000,100,,NSE,1.000000,999950,False
757343,738CIFL27-N0,738CIFL27,,-1.000000,1,,NSE,1.000000,999,False
757345,708JCL28-N0,708JCL28,,-1.000000,1,,NSE,1.000000,999,False
757394,692TN45-SG,692TN45,,-1.000000,100,,NSE,1.000000,1000000,False
757395,692WB45-SG,692WB45,,-1.000000,100,,NSE,1.000000,1000000,False
757396,694TN55-SG,694TN55,,-1.000000,100,,NSE,1.000000,1000000,False
757428,665AP34-SG,665AP34,,-1.000000,100,,NSE,1.000000,1000000,False
757435,703HR39-SG,703HR39,,-1.000000,100,,NSE,1.000000,1000000,False
757438,709PY40-SG,709PY40,,-1.000000,100,,NSE,1.000000,490500,False
757451,659PFCL30-N0,659PFCL30,,-1.000000,1,,NSE,1.000000,999,False
757472,902SCL2030-NG,902SCL2030,,-1.000000,1,,NSE,1.000000,26,False
757552,704MH40-SG,704MH40,,-1.000000,100,,NSE,1.000000,1000000,False
757555,71WB50-SG,71WB50,,-1.000000,100,,NSE,1.000000,1041600,False
757575,706RECL35-N0,706RECL35,,-1.000000,1,,NSE,1.000000,999,False
757583,SAFEENTP-SM,SAFEENTP,,-1.000000,500,,NSE,5.000000,388634,False
757587,MAYASHEEL-SM,MAYASHEEL,,-1.000000,3000,,NSE,5.000000,721035,False
757610,945SCL28-N0,945SCL28,,-1.000000,1,,NSE,1.000000,196,False
757628,714JK40-SG,714JK40,,-1.000000,100,,NSE,1.000000,1074080,False
757645,ATHERENERG-EQ,ATHERENERG,,-1.000000,1,,NSE,10.000000,60149,True
757651,712HR41-SG,712HR41,,-1.000000,100,,NSE,1.000000,1000000,False
757679,SILKY-SM,SILKY,,-1.000000,800,,NSE,5.000000,208221,False
757711,701BR37-SG,701BR37,,-1.000000,100,,NSE,1.000000,1000000,False
757713,711WB44-SG,711WB44,,-1.000000,100,,NSE,1.000000,1000000,False
757714,71KL45-SG,71KL45,,-1.000000,100,,NSE,1.000000,1000000,False
757719,115VCCL27-N0,115VCCL27,,-1.000000,1,,NSE,1.000000,81,False
757721,12VCCL29C-N0,12VCCL29C,,-1.000000,1,,NSE,1.000000,81,False
757723,760ABCL35-N0,760ABCL35,,-1.000000,1,,NSE,1.000000,719,False
757728,614TN28-SG,614TN28,,-1.000000,100,,NSE,1.000000,1000000,False
757751,706HR39-SG,706HR39,,-1.000000,100,,NSE,1.000000,1000000,False
757752,715HR40-SG,715HR40,,-1.000000,100,,NSE,1.000000,1000000,False
757753,591GS2028-GS,591GS2028,,-1.000000,1,,NSE,1.000000,994799,False
757759,750TCSL28-N0,750TCSL28,,-1.000000,1,,NSE,1.000000,999,False
757763,SUNTECH-SM,SUNTECH,,-1.000000,1600,,NSE,5.000000,633157,False
757791,MOGOLD-EQ,MOGOLD,,-1.000000,1,,NSE,5.000000,667471,False
757833,715RJ53-SG,715RJ53,,-1.000000,100,,NSE,1.000000,999900,False
757862,EBGNG-EQ,EBGNG,,-1.000000,1,,NSE,5.000000,147074,False
757873,AEL170725-ND,AEL170725,,-1.000000,1,,NSE,1.000000,10130,False
757875,930AEL30-NF,930AEL30,,-1.000000,1,,NSE,1.000000,73325,False
757913,682TN35-SG,682TN35,,-1.000000,100,,NSE,1.000000,1000000,False
757917,652RL28-N0,652RL28,,-1.000000,1,,NSE,1.000000,999,False
757929,715MH49-SG,715MH49,,-1.000000,100,,NSE,1.000000,999900,False
758115,JSLL-EQ,JSLL,,-1.000000,1,,NSE,5.000000,195276,False
757991,CHEMBONDCH-BE,CHEMBONDCH,,-1.000000,1,,NSE,5.000000,381366,False
757995,71ABHFL27-N0,71ABHFL27,,-1.000000,1,,NSE,1.000000,981,False
758161,714SDIL32-N0,714SDIL32,,-1.000000,1,,NSE,1.000000,999,False
758173,PROSTARM-EQ,PROSTARM,,-1.000000,1,,NSE,1.000000,748296,False
758178,NIKITA-SM,NIKITA,,-1.000000,1200,,NSE,5.000000,806640,False
758201,677AP31-SG,677AP31,,-1.000000,100,,NSE,1.000000,999900,False
758342,118VCCL27-N0,118VCCL27,,-1.000000,1,,NSE,1.000000,49,False
758344,950ISF27B-N0,950ISF27B,,-1.000000,1,,NSE,1.000000,261,False
758411,733TS60-SG,733TS60,,-1.000000,100,,NSE,1.000000,1000000,False
758427,AMCL-SM,AMCL,,-1.000000,400,,NSE,5.000000,270661,False
758453,CONNPLEX-SM,CONNPLEX,,-1.000000,800,,NSE,5.000000,377778,False
758457,MOSILVER-EQ,MOSILVER,,-1.000000,1,,NSE,1.000000,445709,False
758471,757LICH29A-N0,757LICH29A,,-1.000000,1,,NSE,1.000000,999,False
758551,RAYMONDREL-EQ,RAYMONDREL,,-1.000000,1,,NSE,5.000000,171360,False
758563,ELLEN-EQ,ELLEN,,-1.000000,1,,NSE,5.000000,262985,False
758586,749KL56-SG,749KL56,,-1.000000,100,,NSE,1.000000,1000000,False
758595,INTERNET-EQ,INTERNET,,-1.000000,1,,NSE,1.000000,853259,False
758608,AAFS29B-N0,AAFS29B,,-1.000000,1,,NSE,1.000000,157,False
758691,76377AIF29-N0,76377AIF29,,-1.000000,1,,NSE,1.000000,310,False
758693,850TIAP28B-N0,850TIAP28B,,-1.000000,1,,NSE,1.000000,114,False
758728,758KL50-SG,758KL50,,-1.000000,100,,NSE,1.000000,1000000,False
758824,880MOF27-N0,880MOF27,,-1.000000,1,,NSE,1.000000,999,False
758832,729MH50-SG,729MH50,,-1.000000,100,,NSE,1.000000,1000000,False
758847,745BR34-SG,745BR34,,-1.000000,100,,NSE,1.000000,1000000,False
758919,773RJ55-SG,773RJ55,,-1.000000,100,,NSE,1.000000,999900,False
758924,701GJ31A-SG,701GJ31A,,-1.000000,100,,NSE,1.000000,999900,False
758934,772MN37-SG,772MN37,,-1.000000,100,,NSE,1.000000,999985,False
758946,SNEHAA-SM,SNEHAA,,-1.000000,1000,,NSE,5.000000,332853,False
758991,765TPREL40-N0,765TPREL40,,-1.000000,1,,NSE,1.000000,999,False
758973,VIKRAN-EQ,VIKRAN,,-1.000000,1,,NSE,1.000000,1751731,False
759021,673PFCL27-N0,673PFCL27,,-1.000000,1,,NSE,1.000000,999,False
759031,743MP43-SG,743MP43,,-1.000000,100,,NSE,1.000000,999900,False
759039,744TS51A-SG,744TS51A,,-1.000000,100,,NSE,1.000000,1030800,False
759053,SIDDHICOTS-SM,SIDDHICOTS,,-1.000000,1200,,NSE,5.000000,798092,False
759057,SAATVIKGL-EQ,SAATVIKGL,,-1.000000,1,,NSE,5.000000,252430,False
759101,677TCL28-N0,677TCL28,,-1.000000,1,,NSE,1.000000,1000,False
759130,ABCOTS-EQ,ABCOTS,,-1.000000,1,,NSE,1.000000,492446,False
759166,714NL30-SG,714NL30,,-1.000000,100,,NSE,1.000000,1000000,False
759183,733JH34-SG,733JH34,,-1.000000,100,,NSE,1.000000,1000000,False
759196,746TS53-SG,746TS53,,-1.000000,100,,NSE,1.000000,1000000,False
759204,RHFL-BZ,RHFL,,-1.000000,1,,NSE,1.000000,15844970,False
759271,735BTL27-N0,735BTL27,,-1.000000,1,,NSE,1.000000,999,False
759279,915SCL30-N0,915SCL30,,-1.000000,1,,NSE,1.000000,654,False
759291,BLUESTONE-EQ,BLUESTONE,,-1.000000,1,,NSE,5.000000,112167,False
759320,737GA36-SG,737GA36,,-1.000000,100,,NSE,1.000000,327000,False
759323,743HR39A-SG,743HR39A,,-1.000000,100,,NSE,1.000000,1000000,False
759332,751MP48-SG,751MP48,,-1.000000,100,,NSE,1.000000,999900,False
759335,753TS52-SG,753TS52,,-1.000000,100,,NSE,1.000000,1000000,False
759347,885TIAPL29-N0,885TIAPL29,,-1.000000,1,,NSE,1.000000,245,False
759354,MPEL-ST,MPEL,,-1.000000,1600,,NSE,5.000000,762825,False
759371,MONIFTY100-EQ,MONIFTY100,,-1.000000,1,,NSE,1.000000,230208,False
759386,714AP33-SG,714AP33,,-1.000000,100,,NSE,1.000000,999990,False
759391,726MH42-SG,726MH42,,-1.000000,100,,NSE,1.000000,1000000,False
759434,WEWORK-EQ,WEWORK,,-1.000000,1,,NSE,5.000000,149123,False
759477,CANHLIFE-EQ,CANHLIFE,,-1.000000,1,,NSE,1.000000,657400,False
759482,730SIHF28-N0,730SIHF28,,-1.000000,1,,NSE,1.000000,999,False
759507,702OIT40-N0,702OIT40,,-1.000000,1,,NSE,1.000000,1034,False
759560,912PFL27-N0,912PFL27,,-1.000000,1,,NSE,1.000000,490,False
759569,ORKLAINDIA-EQ,ORKLAINDIA,,-1.000000,1,,NSE,5.000000,169044,False
759587,STUDDS-EQ,STUDDS,,-1.000000,1,,NSE,5.000000,238835,False
759700,748KA37A-SG,748KA37A,,-1.000000,100,,NSE,1.000000,1065000,False
759745,746JK45-SG,746JK45,,-1.000000,100,,NSE,1.000000,999990,False
759769,ADVENTHTL-EQ,ADVENTHTL,,-1.000000,1,,NSE,1.000000,777802,False
759787,765TMCV27-N0,765TMCV27,,-1.000000,1,,NSE,1.000000,1000,False
759793,12DCCL27-N0,12DCCL27,,-1.000000,1,,NSE,1.000000,32,False
759797,EUROPRATIK-EQ,EUROPRATIK,,-1.000000,1,,NSE,5.000000,406960,False
759854,716TN35-SG,716TN35,,-1.000000,100,,NSE,1.000000,1000000,False
759859,745HP40-SG,745HP40,,-1.000000,100,,NSE,1.000000,981000,False
759872,726JCL30-N0,726JCL30,,-1.000000,1,,NSE,1.000000,1000,False
759901,725MPL29-N0,725MPL29,,-1.000000,1,,NSE,1.000000,490,False
759903,712MPL28-N0,712MPL28,,-1.000000,1,,NSE,1.000000,817,False
759905,732MPL30-N0,732MPL30,,-1.000000,1,,NSE,1.000000,490,False
759934,STYL-EQ,STYL,,-1.000000,1,,NSE,5.000000,258080,False
759969,PAUSHAKLTD-EQ,PAUSHAKLTD,,-1.000000,1,,NSE,5.000000,137043,False
760001,MOSERVICE-EQ,MOSERVICE,,-1.000000,1,,NSE,1.000000,66217,False
760026,745TS53-SG,745TS53,,-1.000000,100,,NSE,1.000000,1052600,False
760030,364D261126-TB,364D261126,,-1.000000,100,,NSE,1.000000,1024567,False
760033,ROCKPP-E1,ROCKPP,,-1.000000,1000,,NSE,5.000000,86328,False
760039,SUDEEPPHRM-EQ,SUDEEPPHRM,,-1.000000,1,,NSE,10.000000,83130,False
760057,753SK36-SG,753SK36,,-1.000000,100,,NSE,1.000000,817500,False
760070,744MP38-SG,744MP38,,-1.000000,100,,NSE,1.000000,1000000,False
760071,749TS39-SG,749TS39,,-1.000000,100,,NSE,1.000000,999900,False
760072,743MH40-SG,743MH40,,-1.000000,100,,NSE,1.000000,1000000,False
760086,768TS44-SG,768TS44,,-1.000000,100,,NSE,1.000000,999900,False
760087,755TS46-SG,755TS46,,-1.000000,100,,NSE,1.000000,999900,False
760093,744ML35-SG,744ML35,,-1.000000,100,,NSE,1.000000,1000000,False
760094,749PN35A-SG,749PN35A,,-1.000000,100,,NSE,1.000000,1000000,False
760149,772KL45-SG,772KL45,,-1.000000,100,,NSE,1.000000,1000000,False
760157,730SPRL27-N0,730SPRL27,,-1.000000,1,,NSE,1.000000,1000,False
760161,771UP46-SG,771UP46,,-1.000000,100,,NSE,1.000000,999900,False
760239,769HP46-SG,769HP46,,-1.000000,100,,NSE,1.000000,999924,False
760247,ABSL10BANK-EQ,ABSL10BANK,,-1.000000,1,,NSE,1.000000,597573,False
760264,702PGCIL35-N0,702PGCIL35,,-1.000000,1,,NSE,1.000000,999,False
760267,742TN35-SG,742TN35,,-1.000000,100,,NSE,1.000000,999900,False
760277,MODINATUR-EQ,MODINATUR,,-1.000000,1,,NSE,5.000000,294364,False
760288,757ML34-SG,757ML34,,-1.000000,100,,NSE,1.000000,999992,False
760294,752HR42-SG,752HR42,,-1.000000,100,,NSE,1.000000,1052600,False
760341,723TN35-SG,723TN35,,-1.000000,100,,NSE,1.000000,1000000,False
760359,SMALLADD-EQ,SMALLADD,,-1.000000,1,,NSE,1.000000,150825,False
760378,915APSBC34-N0,915APSBC34,,-1.000000,1,,NSE,1.000000,938,False
760383,746UP37-SG,746UP37,,-1.000000,100,,NSE,1.000000,1052600,False
760405,706TCHE28-N0,706TCHE28,,-1.000000,1,,NSE,1.000000,999,False
760415,TOP20-EQ,TOP20,,-1.000000,1,,NSE,1.000000,516147,False
760501,707GJ30-SG,707GJ30,,-1.000000,100,,NSE,1.000000,999900,False
760443,754MN38-SG,754MN38,,-1.000000,100,,NSE,1.000000,490500,False
760467,895PAPL28A-N0,895PAPL28A,,-1.000000,1,,NSE,1.000000,245,False
760519,76WB45-SG,76WB45,,-1.000000,100,,NSE,1.000000,1000000,False
760520,76JK45-SG,76JK45,,-1.000000,100,,NSE,1.000000,999951,False
760523,758TS53-SG,758TS53,,-1.000000,100,,NSE,1.000000,1000000,False
760543,729NHPC37-N0,729NHPC37,,-1.000000,1,,NSE,1.000000,654,False
760564,734KA34-SG,734KA34,,-1.000000,100,,NSE,1.000000,1000000,False
760583,759MP44-SG,759MP44,,-1.000000,100,,NSE,1.000000,1000000,False
760585,76AP45-SG,76AP45,,-1.000000,100,,NSE,1.000000,1000000,False
760609,765TS52-SG,765TS52,,-1.000000,100,,NSE,1.000000,1000000,False
760613,723TN33-SG,723TN33,,-1.000000,100,,NSE,1.000000,1051500,False
760649,743GS2076-GS,743GS2076,,-1.000000,1,,NSE,1.000000,1019200,False
760671,7EHPP46-N0,7EHPP46,,-1.000000,1,,NSE,1.000000,336,False
760681,765BR51-SG,765BR51,,-1.000000,100,,NSE,1.000000,1052550,False
760738,87MFL36-N0,87MFL36,,-1.000000,1,,NSE,1.000000,981,False
760765,14DCCL31A-N0,14DCCL31A,,-1.000000,1,,NSE,1.000000,35,False
760786,767WB46-SG,767WB46,,-1.000000,100,,NSE,1.000000,999900,False
760787,764KL47-SG,764KL47,,-1.000000,100,,NSE,1.000000,1000000,False
760788,763MP48-SG,763MP48,,-1.000000,100,,NSE,1.000000,1052600,False
760796,771AP41-SG,771AP41,,-1.000000,100,,NSE,1.000000,999900,False
760799,685PFCL31-N1,685PFCL31,,-1.000000,1,,NSE,1.000000,351,False
760805,PFCL36-N7,PFCL36,,-1.000000,1,,NSE,1.000000,1673,False
760808,705PFCL41-NA,705PFCL41,,-1.000000,1,,NSE,1.000000,2488,False
760842,733KA33-SG,733KA33,,-1.000000,100,,NSE,1.000000,1000000,False
760854,CKKRETAIL-SM,CKKRETAIL,,-1.000000,800,,NSE,5.000000,633333,False
760861,731PFCL36-N0,731PFCL36,,-1.000000,1,,NSE,1.000000,999,False
760885,74GJ36A-SG,74GJ36A,,-1.000000,100,,NSE,1.000000,999900,False
760920,782MP42-SG,782MP42,,-1.000000,100,,NSE,1.000000,934400,False
761021,GICL-BE,GICL,,-1.000000,1,,NSE,1.000000,3660915,False
760941,364D110227-TB,364D110227,,-1.000000,100,,NSE,1.000000,1031110,False
761019,712TN32-SG,712TN32,,-1.000000,100,,NSE,1.000000,1000000,False
761026,692PFCL28-N0,692PFCL28,,-1.000000,1,,NSE,1.000000,1000,False
761037,CEINSYS-EQ,CEINSYS,,-1.000000,1,,NSE,5.000000,141433,False
761148,VITAL-EQ,VITAL,,-1.000000,1,,NSE,1.000000,783200,False
761108,710BOB33-N0,710BOB33,,-1.000000,1,,NSE,1.000000,1000,False
761305,815CHLI36-N0,815CHLI36,,-1.000000,1,,NSE,1.000000,817,False
761342,848AEL29-NJ,848AEL29,,-1.000000,1,,NSE,1.000000,35553,False
761343,875AEL29-NK,875AEL29,,-1.000000,1,,NSE,1.000000,94963,False
761358,797TOPO35-N0,797TOPO35,,-1.000000,1,,NSE,1.000000,999,False
761367,AAFS31-N0,AAFS31,,-1.000000,1,,NSE,1.000000,847,False
761370,761AP41-SG,761AP41,,-1.000000,100,,NSE,1.000000,1052600,False
761377,772WB44-SG,772WB44,,-1.000000,100,,NSE,1.000000,1000000,False
761386,MARSONS-EQ,MARSONS,,-1.000000,1,,NSE,1.000000,785808,False
761412,77TS54-SG,77TS54,,-1.000000,100,,NSE,1.000000,1000000,False
761417,779PY41-SG,779PY41,,-1.000000,100,,NSE,1.000000,490500,False
761480,182D180926-TB,182D180926,,-1.000000,100,,NSE,1.000000,1000756,False
761504,915TIAPL33-N0,915TIAPL33,,-1.000000,1,,NSE,1.000000,245,False
761526,723EXIM31-N0,723EXIM31,,-1.000000,1,,NSE,1.000000,1000,False
761528,INNOVISION-EQ,INNOVISION,,-1.000000,1,,NSE,5.000000,384084,False
761540,ARSIFHRG-SF,ARSIFHRG,,-1.000000,1,,NSE,1.000000,140602,False
761566,762KA36-SG,762KA36,,-1.000000,100,,NSE,1.000000,1000000,False
761597,ALSRP-SF,ALSRP,,-1.000000,1,,NSE,1.000000,3269,False
761660,806RJ57-SG,806RJ57,,-1.000000,100,,NSE,1.000000,1042380,False
761720,NIMBSPROJ-EQ,NIMBSPROJ,,-1.000000,1,,NSE,1.000000,605140,False
761735,SIHF29A-N0,SIHF29A,,-1.000000,1,,NSE,1.000000,1635,False
761752,809UP51-SG,809UP51,,-1.000000,100,,NSE,1.000000,999900,False
761756,738HR31-SG,738HR31,,-1.000000,100,,NSE,1.000000,1000000,False
761803,87HMDA36-N0,87HMDA36,,-1.000000,1,,NSE,1.000000,630,False
761833,87HMDA32-N0,87HMDA32,,-1.000000,1,,NSE,1.000000,630,False
761843,87HMDA35-N0,87HMDA35,,-1.000000,1,,NSE,1.000000,630,False
761916,VOEPL-EQ,VOEPL,,-1.000000,1,,NSE,5.000000,194022,False
762425,786KL42-SG,786KL42,,-1.000000,100,,NSE,1.000000,999880,False
762708,HALDYNGL-BE,HALDYNGL,,-1.000000,1,,NSE,1.000000,686301,False
762712,HBESD-EQ,HBESD,,-1.000000,1,,NSE,1.000000,750790,False
762752,KOTIC-EQ,KOTIC,,-1.000000,1,,NSE,1.000000,747186,False
762797,METROGLOBL-EQ,METROGLOBL,,-1.000000,1,,NSE,1.000000,403334,False
762824,NITTAGELA-EQ,NITTAGELA,,-1.000000,1,,NSE,10.000000,60775,False
762844,PRAVEG-EQ,PRAVEG,,-1.000000,1,,NSE,5.000000,380137,False
763075,784PN38-SG,784PN38,,-1.000000,100,,NSE,1.000000,999960,False
763142,925ICFL27-N0,925ICFL27,,-1.000000,1,,NSE,1.000000,654,False
763193,783AS46-SG,783AS46,,-1.000000,100,,NSE,1.000000,1020400,False
763292,11MCS27-N0,11MCS27,,-1.000000,1,,NSE,1.000000,981,False
763346,1116AFL27-N0,1116AFL27,,-1.000000,1,,NSE,1.000000,654,False
763508,796SHFL31-N0,796SHFL31,,-1.000000,1,,NSE,1.000000,817,False
763526,182D191126-TB,182D191126,,-1.000000,100,,NSE,1.000000,1020240,False
763530,FMCGADD-EQ,FMCGADD,,-1.000000,1,,NSE,1.000000,46142,False
763540,ENEXT50-EQ,ENEXT50,,-1.000000,1,,NSE,1.000000,36932,False
763621,774GJ38-SG,774GJ38,,-1.000000,100,,NSE,1.000000,1052600,False
763622,784BR41-SG,784BR41,,-1.000000,100,,NSE,1.000000,999960,False
763643,767NHPCL32-N0,767NHPCL32,,-1.000000,1,,NSE,1.000000,654,False
763653,767NHPCL37-N0,767NHPCL37,,-1.000000,1,,NSE,1.000000,654,False
763681,850HMDA36-N0,850HMDA36,,-1.000000,1,,NSE,1.000000,982,False
763683,850HMDA37-N0,850HMDA37,,-1.000000,1,,NSE,1.000000,999,False
763689,850HMDA42-N0,850HMDA42,,-1.000000,1,,NSE,1.000000,972,False
763703,850HMDA31-N0,850HMDA31,,-1.000000,1,,NSE,1.000000,999,False
763777,764TS44A-SG,764TS44A,,-1.000000,100,,NSE,1.000000,1052600,False
763778,765TS49-SG,765TS49,,-1.000000,100,,NSE,1.000000,1052600,False
763791,LDL30-N0,LDL30,,-1.000000,1,,NSE,1.000000,981,False
763779,765RJ53-SG,765RJ53,,-1.000000,100,,NSE,1.000000,999975,False
763780,765TS55A-SG,765TS55A,,-1.000000,100,,NSE,1.000000,996800,False
763783,364D010727-TB,364D010727,,-1.000000,100,,NSE,1.000000,1058400,False
763837,716NBRD29-N0,716NBRD29,,-1.000000,1,,NSE,1.000000,1000,False
763855,INSIFHLSDR-SF,INSIFHLSDR,,-1.000000,1,,NSE,1.000000,3269,False
763857,INSIFHLSRD-SF,INSIFHLSRD,,-1.000000,1,,NSE,1.000000,19619,False
764036,73JH33-SG,73JH33,,-1.000000,100,,NSE,1.000000,981000,False
764173,SBIFUNDS-EQ,SBIFUNDS,,-1.000000,1,,NSE,5.000000,183314,False
764247,731DL33-SG,731DL33,,-1.000000,100,,NSE,1.000000,981000,False
764251,771WB47-SG,771WB47,,-1.000000,100,,NSE,1.000000,999900,False
764252,91D221026-TB,91D221026,,-1.000000,100,,NSE,1.000000,1006756,False
764329,182D280127-TB,182D280127,,-1.000000,100,,NSE,1.000000,1029962,False
764351,840HFL28-N0,840HFL28,,-1.000000,1,,NSE,1.000000,999,False
764425,91D051126-TB,91D051126,,-1.000000,100,,NSE,1.000000,1008778,False
764480,ARDEE-EQ,ARDEE,,-1.000000,1,,NSE,1.000000,1964017,False
764487,1305DCCL29-N0,1305DCCL29,,-1.000000,1,,NSE,1.000000,245,False
764489,1295DCCL28-N0,1295DCCL28,,-1.000000,1,,NSE,1.000000,245,False
764683,FREDUN-EQ,FREDUN,,-1.000000,1,,NSE,10.000000,70799,False
764703,HRYNSHP-EQ,HRYNSHP,,-1.000000,1,,NSE,1.000000,201650,False
764743,KJMCFIN-EQ,KJMCFIN,,-1.000000,1,,NSE,1.000000,156493,False
764753,KSE-EQ,KSE,,-1.000000,1,,NSE,1.000000,564256,False
764788,MUKESHB-EQ,MUKESHB,,-1.000000,1,,NSE,1.000000,227948,False
764925,SUNRAKSHAK-EQ,SUNRAKSHAK,,-1.000000,1,,NSE,5.000000,265200,False
764950,TERAI-EQ,TERAI,,-1.000000,1,,NSE,1.000000,224953,False
765055,DEEP-EQ,DEEP,,-1.000000,1,,NSE,1.000000,790686,False
765060,DHATRE-EQ,DHATRE,,-1.000000,1,,NSE,1.000000,3562812,False
765105,KDGREEN-EQ,KDGREEN,,-1.000000,1,,NSE,1.000000,1896943,False
765242,ONEGLOBAL-EQ,ONEGLOBAL,,-1.000000,1,,NSE,5.000000,185013,False
765252,VGCL-EQ,VGCL,,-1.000000,1,,NSE,1.000000,749071,False
765313,LARGEMID50-EQ,LARGEMID50,,-1.000000,1,,NSE,1.000000,211917,False
765330,IVZBANKNF-EQ,IVZBANKNF,,-1.000000,1,,NSE,1.000000,42886,False
765337,10PGL28-N0,10PGL28,,-1.000000,1,,NSE,1.000000,6540,False
765524,LUMINO-EQ,LUMINO,,-1.000000,1,,NSE,1.000000,918838,False
765547,772JH42-SG,772JH42,,-1.000000,100,,NSE,1.000000,981000,False
765970,16RARL29-N0,16RARL29,,-1.000000,1,,NSE,1.000000,212,False
773,647MH28-SG,647MH28,,-1.000000,100,,NSE,1.000000,1020900,False
7708,714PN32-SG,714PN32,,-1.000000,100,,NSE,1.000000,999900,False
7709,712UP32-SG,712UP32,,-1.000000,100,,NSE,1.000000,1000000,False
7765,875SCFL27-Y9,875SCFL27,,-1.000000,1,,NSE,1.000000,86,False
7769,925SCFL27-YA,925SCFL27,,-1.000000,1,,NSE,1.000000,3347,False
7862,GVPIL-EQ,GVPIL,,-1.000000,1,,NSE,5.000000,153211,False
7872,735KA36-SG,735KA36,,-1.000000,100,,NSE,1.000000,1000000,False
7889,MHLXMIRU-BE,MHLXMIRU,,-1.000000,1,,NSE,1.000000,347282,False
7907,725UK32-SG,725UK32,,-1.000000,100,,NSE,1.000000,1000000,False
7911,748WB37-SG,748WB37,,-1.000000,100,,NSE,1.000000,999900,False
7936,AVANTIFEED-EQ,AVANTIFEED,,-1.000000,1,,NSE,5.000000,125209,False
7975,1015ECL29-NR,1015ECL29,,-1.000000,1,,NSE,1.000000,36329,False
8123,737AP42-SG,737AP42,,-1.000000,100,,NSE,1.000000,1000000,False
817,DCW-EQ,DCW,,-1.000000,1,,NSE,1.000000,2144301,False
8153,MEGASTAR-EQ,MEGASTAR,,-1.000000,1,,NSE,5.000000,360359,False
8175,SAGARDEEP-EQ,SAGARDEEP,,-1.000000,1,,NSE,1.000000,557776,False
8287,702TN30-SG,702TN30,,-1.000000,100,,NSE,1.000000,1000000,False
8352,712TN30-SG,712TN30,,-1.000000,100,,NSE,1.000000,1000000,False
8357,725TN32-SG,725TN32,,-1.000000,100,,NSE,1.000000,1000000,False
8366,731AP42-SG,731AP42,,-1.000000,100,,NSE,1.000000,1000000,False
8372,733TN57-SG,733TN57,,-1.000000,100,,NSE,1.000000,1000000,False
8401,SGBMAR30X-GB,SGBMAR30X,,-1.000000,1,,NSE,1.000000,6586,False
8437,VIPULLTD-BE,VIPULLTD,,-1.000000,1,,NSE,1.000000,4609374,False
8495,734TS35-SG,734TS35,,-1.000000,100,,NSE,1.000000,1000000,False
852,642GA30-SG,642GA30,,-1.000000,100,,NSE,1.000000,327000,False
8496,739JK37-SG,739JK37,,-1.000000,100,,NSE,1.000000,999950,False
8513,SURANI-SM,SURANI,,-1.000000,200,,NSE,5.000000,508420,False
8529,GMRP&UI-EQ,GMRP&UI,,-1.000000,1,,NSE,1.000000,1062964,False
8585,NLCINDIA-EQ,NLCINDIA,,-1.000000,1,,NSE,5.000000,377165,False
8587,743TN47-SG,743TN47,,-1.000000,100,,NSE,1.000000,1000000,False
8693,734UP32-SG,734UP32,,-1.000000,100,,NSE,1.000000,999900,False
878,678TS50-SG,678TS50,,-1.000000,100,,NSE,1.000000,999900,False
8718,737PN42-SG,737PN42,,-1.000000,100,,NSE,1.000000,1000000,False
8857,IVP-BE,IVP,,-1.000000,1,,NSE,1.000000,337668,False
8828,GAEL-EQ,GAEL,,-1.000000,1,,NSE,1.000000,612784,False
8833,BCG-EQ,BCG,,-1.000000,1,,NSE,1.000000,10008892,False
8998,UMIYA-MRO-EQ,UMIYA-MRO,,-1.000000,1,,NSE,1.000000,610986,False
9049,ROTO-EQ,ROTO,,-1.000000,1,,NSE,1.000000,1555430,False
9120,INDOAMIN-BE,INDOAMIN,,-1.000000,1,,NSE,1.000000,787865,False
9168,SNXT50BETA-EQ,SNXT50BETA,,-1.000000,1,,NSE,1.000000,116575,False
9219,TPLPLASTEH-EQ,TPLPLASTEH,,-1.000000,1,,NSE,1.000000,1488531,False
9255,875SCL27-YQ,875SCL27,,-1.000000,1,,NSE,1.000000,6,False
9262,925SCL27-YR,925SCL27,,-1.000000,1,,NSE,1.000000,3487,False
9288,KRITIKA-EQ,KRITIKA,,-1.000000,1,,NSE,1.000000,8707356,False
9356,MSTCLTD-EQ,MSTCLTD,,-1.000000,1,,NSE,5.000000,135379,False
9532,77RJ32-SG,77RJ32,,-1.000000,100,,NSE,1.000000,980300,False
9552,RVNL-EQ,RVNL,,-1.000000,1,,NSE,1.000000,487894,True
969,675RJ30-SG,675RJ30,,-1.000000,100,,NSE,1.000000,1000000,False
9667,MEDICO-EQ,MEDICO,,-1.000000,1,,NSE,1.000000,2699054,False
9711,771AP32-SG,771AP32,,-1.000000,100,,NSE,1.000000,1000000,False
9741,PARADEEP-EQ,PARADEEP,,-1.000000,1,,NSE,1.000000,640551,False
9756,EMUDHRA-EQ,EMUDHRA,,-1.000000,1,,NSE,5.000000,202391,False
9774,78ML31-SG,78ML31,,-1.000000,100,,NSE,1.000000,654000,False
9780,781HR32-SG,781HR32,,-1.000000,100,,NSE,1.000000,1000000,False
9869,794TN32-SG,794TN32,,-1.000000,100,,NSE,1.000000,1000000,False
9953,784TN52-SG,784TN52,,-1.000000,100,,NSE,1.000000,903300,False
100,ARE&M-EQ,ARE&M,,-1.000000,1,,NSE,5.000000,122810,False
1011,SCHAEFFLER-EQ,SCHAEFFLER,,-1.000000,1,,NSE,10.000000,25164,False
1023,FEDERALBNK-EQ,FEDERALBNK,,-1.000000,1,,NSE,5.000000,288794,True
10190,781TN52-SG,781TN52,,-1.000000,100,,NSE,1.000000,1000000,False
10350,CSLFINANCE-EQ,CSLFINANCE,,-1.000000,1,,NSE,1.000000,452508,False
10382,795TS35-SG,795TS35,,-1.000000,100,,NSE,1.000000,1000000,False
10383,802AP38-SG,802AP38,,-1.000000,100,,NSE,1.000000,1030900,False
104,SHAREINDIA-EQ,SHAREINDIA,,-1.000000,1,,NSE,1.000000,502624,False
10406,STEELCITY-EQ,STEELCITY,,-1.000000,1,,NSE,1.000000,494002,False
10447,UNITDSPR-EQ,UNITDSPR,,-1.000000,1,,NSE,10.000000,71280,True
10508,MOHEALTH-EQ,MOHEALTH,,-1.000000,1,,NSE,1.000000,280092,False
10526,757HP31-SG,757HP31,,-1.000000,100,,NSE,1.000000,1000000,False
10559,743HP28-SG,743HP28,,-1.000000,100,,NSE,1.000000,999960,False
10576,NIFTYBEES-EQ,NIFTYBEES,,-1.000000,1,,NSE,1.000000,372429,False
10578,MPSLTD-EQ,MPSLTD,,-1.000000,1,,NSE,10.000000,38334,False
10633,HDFCNIF100-EQ,HDFCNIF100,,-1.000000,1,,NSE,1.000000,938071,False
10684,SHAIVAL-ST,SHAIVAL,,-1.000000,3600,,NSE,5.000000,378469,False
10726,INDIAMART-EQ,INDIAMART,,-1.000000,1,,NSE,10.000000,58940,False
10773,776KL38-SG,776KL38,,-1.000000,100,,NSE,1.000000,1003100,False
10822,MOQUALITY-EQ,MOQUALITY,,-1.000000,1,,NSE,1.000000,50405,False
1090,684MZ34-SG,684MZ34,,-1.000000,100,,NSE,1.000000,431640,False
10893,DBOL-EQ,DBOL,,-1.000000,1,,NSE,1.000000,843520,False
10956,745BR32-SG,745BR32,,-1.000000,100,,NSE,1.000000,1000000,False
10995,ISHAN-SM,ISHAN,,-1.000000,48000,,NSE,5.000000,7070893,False
11050,SIRCA-EQ,SIRCA,,-1.000000,1,,NSE,5.000000,233986,False
11159,756WB39-SG,756WB39,,-1.000000,100,,NSE,1.000000,1000000,False
11160,756TS40-SG,756TS40,,-1.000000,100,,NSE,1.000000,1000000,False
11165,COFFEEDAY-EQ,COFFEEDAY,,-1.000000,1,,NSE,1.000000,3157368,False
11226,BAGFILMS-EQ,BAGFILMS,,-1.000000,1,,NSE,1.000000,6786811,False
11271,DREDGECORP-EQ,DREDGECORP,,-1.000000,1,,NSE,10.000000,96180,False
11276,768PN42-SG,768PN42,,-1.000000,100,,NSE,1.000000,999884,False
11281,771AP34-SG,771AP34,,-1.000000,100,,NSE,1.000000,1000000,False
11301,LUXIND-EQ,LUXIND,,-1.000000,1,,NSE,10.000000,90996,False
11309,BALAXI-EQ,BALAXI,,-1.000000,1,,NSE,1.000000,1805285,False
11417,774AP42-SG,774AP42,,-1.000000,100,,NSE,1.000000,1000000,False
11424,77KL47-SG,77KL47,,-1.000000,100,,NSE,1.000000,1000000,False
11427,NDTV-EQ,NDTV,,-1.000000,1,,NSE,1.000000,1388420,False
11441,LICNETFSEN-EQ,LICNETFSEN,,-1.000000,1,,NSE,1.000000,118765,False
11452,CCL-EQ,CCL,,-1.000000,1,,NSE,10.000000,92401,False
11471,EXCELINDUS-EQ,EXCELINDUS,,-1.000000,1,,NSE,10.000000,101948,False
11496,AMBICAAGAR-EQ,AMBICAAGAR,,-1.000000,1,,NSE,1.000000,561700,False
11538,HDFCMOMENT-EQ,HDFCMOMENT,,-1.000000,1,,NSE,1.000000,1347678,False
11510,785UK32-SG,785UK32,,-1.000000,100,,NSE,1.000000,1000000,False
11515,785PN42-SG,785PN42,,-1.000000,100,,NSE,1.000000,1048650,False
11532,ULTRACEMCO-EQ,ULTRACEMCO,,-1.000000,1,,NSE,100.000000,8840,True
11612,PHANTOMFX-SM,PHANTOMFX,,-1.000000,300,,NSE,5.000000,520675,False
11655,JBMA-EQ,JBMA,,-1.000000,1,,NSE,5.000000,161052,False
1168,GMBREW-EQ,GMBREW,,-1.000000,1,,NSE,5.000000,109779,False
1169,678WB35-SG,678WB35,,-1.000000,100,,NSE,1.000000,1000000,False
11676,774HR29-SG,774HR29,,-1.000000,100,,NSE,1.000000,1000000,False
11679,784AS32-SG,784AS32,,-1.000000,100,,NSE,1.000000,1029119,False
117,OMFURN-SM,OMFURN,,-1.000000,1200,,NSE,5.000000,385022,False
11705,XCHANGING-EQ,XCHANGING,,-1.000000,1,,NSE,1.000000,1604102,False
11760,775AP29-SG,775AP29,,-1.000000,100,,NSE,1.000000,999950,False
11782,EVEREADY-EQ,EVEREADY,,-1.000000,1,,NSE,5.000000,275412,False
12108,HDFCPVTBAN-EQ,HDFCPVTBAN,,-1.000000,1,,NSE,1.000000,3579033,False
1215,653HP29-SG,653HP29,,-1.000000,100,,NSE,1.000000,1000000,False
12173,HNDFDS-EQ,HNDFDS,,-1.000000,1,,NSE,5.000000,161539,False
1221,66HP30-SG,66HP30,,-1.000000,100,,NSE,1.000000,1000000,False
12303,77HR34-SG,77HR34,,-1.000000,100,,NSE,1.000000,1000000,False
12384,ZIMLAB-EQ,ZIMLAB,,-1.000000,1,,NSE,1.000000,718253,False
1248,666KA32-SG,666KA32,,-1.000000,100,,NSE,1.000000,1000000,False
1251,667MH32-SG,667MH32,,-1.000000,100,,NSE,1.000000,1000000,False
12533,AAATECH-EQ,AAATECH,,-1.000000,1,,NSE,1.000000,419436,False
1256,673TS50-SG,673TS50,,-1.000000,100,,NSE,1.000000,999986,False
12710,763KA42-SG,763KA42,,-1.000000,100,,NSE,1.000000,1030800,False
12749,DJML-EQ,DJML,,-1.000000,1,,NSE,1.000000,1124155,False
12841,11NSETEST-EQ,11NSETEST,,-1.000000,1,,NSE,5.000000,1052600,False
12971,PRITIKA-SM,PRITIKA,,-1.000000,2000,,NSE,5.000000,862136,False
13049,759KA38-SG,759KA38,,-1.000000,100,,NSE,1.000000,1000000,False
13082,SILVER1-EQ,SILVER1,,-1.000000,1,,NSE,1.000000,4542756,False
13086,AIAENG-EQ,AIAENG,,-1.000000,1,,NSE,10.000000,24356,False
13112,757AS32-SG,757AS32,,-1.000000,100,,NSE,1.000000,1000000,False
13139,EBBETF0433-EQ,EBBETF0433,,-1.000000,1,,NSE,1.000000,76408,False
13162,CELEBRITY-EQ,CELEBRITY,,-1.000000,1,,NSE,1.000000,2110730,False
13218,SULA-EQ,SULA,,-1.000000,1,,NSE,1.000000,733170,False
13243,765GA32-SG,765GA32,,-1.000000,100,,NSE,1.000000,327000,False
13257,767JH37-SG,767JH37,,-1.000000,100,,NSE,1.000000,1000000,False
1341,585GS2030-GS,585GS2030,,-1.000000,1,,NSE,1.000000,1024800,False
13403,VARDHACRLC-BE,VARDHACRLC,,-1.000000,1,,NSE,1.000000,2269552,False
13372,762AR32-SG,762AR32,,-1.000000,100,,NSE,1.000000,999995,False
13528,GMRAIRPORT-EQ,GMRAIRPORT,,-1.000000,1,,NSE,1.000000,1013661,True
13565,RAMANEWS-EQ,RAMANEWS,,-1.000000,1,,NSE,1.000000,3230880,False
13580,RADIANTCMS-EQ,RADIANTCMS,,-1.000000,1,,NSE,1.000000,2778460,False
13598,ANTELOPUS-EQ,ANTELOPUS,,-1.000000,1,,NSE,5.000000,87765,False
13616,GOLDKART-SM,GOLDKART,,-1.000000,625,,NSE,5.000000,548880,False
1362,64AP28-SG,64AP28,,-1.000000,100,,NSE,1.000000,1000000,False
1373,665JK30-SG,665JK30,,-1.000000,100,,NSE,1.000000,1000000,False
13745,GTLINFRA-EQ,GTLINFRA,,-1.000000,1,,NSE,1.000000,86205323,False
13779,755JK38-SG,755JK38,,-1.000000,100,,NSE,1.000000,999950,False
13858,IIFLZC28A-NU,IIFLZC28A,,-1.000000,1,,NSE,1.000000,12379,False
13877,767AS33-SG,767AS33,,-1.000000,100,,NSE,1.000000,1000000,False
13891,769UP35-SG,769UP35,,-1.000000,100,,NSE,1.000000,999950,False
13900,CREST-EQ,CREST,,-1.000000,1,,NSE,5.000000,281482,False
1403,HINDOILEXP-EQ,HINDOILEXP,,-1.000000,1,,NSE,1.000000,539893,False
13977,772MP38-SG,772MP38,,-1.000000,100,,NSE,1.000000,1000000,False
13995,766TS44-SG,766TS44,,-1.000000,100,,NSE,1.000000,1000000,False
14052,GRCL-SM,GRCL,,-1.000000,250,,NSE,5.000000,173155,False
14109,764UP36-SG,764UP36,,-1.000000,100,,NSE,1.000000,999950,False
14112,756TS48-SG,756TS48,,-1.000000,100,,NSE,1.000000,1000000,False
14116,GANDHITUBE-EQ,GANDHITUBE,,-1.000000,1,,NSE,5.000000,112636,False
14139,SBGLP-EQ,SBGLP,,-1.000000,1,,NSE,1.000000,4638196,False
14164,762PY35-SG,762PY35,,-1.000000,100,,NSE,1.000000,817500,False
14172,SHERA-SM,SHERA,,-1.000000,1000,,NSE,5.000000,512688,False
14180,NSLNISP-EQ,NSLNISP,,-1.000000,1,,NSE,1.000000,2288803,False
14236,HDFCMID150-EQ,HDFCMID150,,-1.000000,1,,NSE,1.000000,2828150,False
14245,TVSSRICHAK-EQ,TVSSRICHAK,,-1.000000,1,,NSE,50.000000,19425,False
14296,VIYASH-EQ,VIYASH,,-1.000000,1,,NSE,5.000000,387945,False
14335,HDFC2638DG-MF,HDFC2638DG,,-1.000000,1,,NSE,1.000000,4188013,False
14340,769WB39-SG,769WB39,,-1.000000,100,,NSE,1.000000,1000000,False
14374,771GJ33-SG,771GJ33,,-1.000000,100,,NSE,1.000000,999900,False
14431,771BR33-SG,771BR33,,-1.000000,100,,NSE,1.000000,1000000,False
14442,775UP38-SG,775UP38,,-1.000000,100,,NSE,1.000000,1000000,False
14445,NAHARPOLY-EQ,NAHARPOLY,,-1.000000,1,,NSE,1.000000,431273,False
14447,779WB42-SG,779WB42,,-1.000000,100,,NSE,1.000000,1000000,False
14450,EMBDL-EQ,EMBDL,,-1.000000,1,,NSE,1.000000,1807823,False
14452,772TS46-SG,772TS46,,-1.000000,100,,NSE,1.000000,1015700,False
14485,THEMISMED-EQ,THEMISMED,,-1.000000,1,,NSE,1.000000,779719,False
14522,739NHAI31A-ND,739NHAI31A,,-1.000000,1,,NSE,1.000000,87255,False
14523,ICRA-EQ,ICRA,,-1.000000,1,,NSE,10.000000,21145,False
14531,769MH31-SG,769MH31,,-1.000000,100,,NSE,1.000000,1052500,False
14537,DISHTV-EQ,DISHTV,,-1.000000,1,,NSE,1.000000,39999446,False
14549,766MH33-SG,766MH33,,-1.000000,100,,NSE,1.000000,1000000,False
14547,NDLVENTURE-EQ,NDLVENTURE,,-1.000000,1,,NSE,1.000000,800441,False
14554,774UP37-SG,774UP37,,-1.000000,100,,NSE,1.000000,999900,False
14557,AROGRANITE-EQ,AROGRANITE,,-1.000000,1,,NSE,1.000000,500310,False
14592,FORTIS-EQ,FORTIS,,-1.000000,1,,NSE,5.000000,112488,True
14677,GUJAPOLLO-EQ,GUJAPOLLO,,-1.000000,1,,NSE,5.000000,287272,False
14627,HILTON-EQ,HILTON,,-1.000000,1,,NSE,1.000000,1682956,False
14636,77AP30A-SG,77AP30A,,-1.000000,100,,NSE,1.000000,999932,False
14704,965SCL28-AK,965SCL28,,-1.000000,1,,NSE,1.000000,8175,False
14755,041NSETEST-EQ,041NSETEST,,-1.000000,1,,NSE,5.000000,500000,False
14764,071NSETEST-EQ,071NSETEST,,-1.000000,1,,NSE,5.000000,500000,False
14845,784RJ41-SG,784RJ41,,-1.000000,100,,NSE,1.000000,1000000,False
14816,775CG31-SG,775CG31,,-1.000000,100,,NSE,1.000000,1000000,False
14821,775NL33-SG,775NL33,,-1.000000,100,,NSE,1.000000,297570,False
14824,778RJ33-SG,778RJ33,,-1.000000,100,,NSE,1.000000,1000000,False
14850,777MP47-SG,777MP47,,-1.000000,100,,NSE,1.000000,989200,False
14855,776KL51-SG,776KL51,,-1.000000,100,,NSE,1.000000,999979,False
14858,GOLD1-EQ,GOLD1,,-1.000000,1,,NSE,1.000000,792047,False
14868,FLFL-BZ,FLFL,,-1.000000,1,,NSE,1.000000,6598038,False
14972,KSCL-EQ,KSCL,,-1.000000,1,,NSE,5.000000,139657,False
1491,IFCI-EQ,IFCI,,-1.000000,1,,NSE,1.000000,1215135,False
14982,CENTUM-EQ,CENTUM,,-1.000000,1,,NSE,10.000000,23850,False
15021,758NL33-SG,758NL33,,-1.000000,100,,NSE,1.000000,981000,False
15036,INFINIUM-SM,INFINIUM,,-1.000000,500,,NSE,5.000000,375646,False
1508,ASTERDM-EQ,ASTERDM,,-1.000000,1,,NSE,5.000000,130750,False
15039,CERA-EQ,CERA,,-1.000000,1,,NSE,50.000000,17888,False
15085,SILVERBETA-EQ,SILVERBETA,,-1.000000,1,,NSE,1.000000,457580,False
15109,759RJ48-SG,759RJ48,,-1.000000,100,,NSE,1.000000,1052550,False
15146,JYOTHYLAB-EQ,JYOTHYLAB,,-1.000000,1,,NSE,1.000000,512631,False
15179,ECLERX-EQ,ECLERX,,-1.000000,1,,NSE,10.000000,52574,False
24512,897MFL27-N0,897MFL27,,-1.000000,1,,NSE,1.000000,999,False
24565,736RJ34-SG,736RJ34,,-1.000000,100,,NSE,1.000000,1000000,False
15239,BIRLAMONEY-EQ,BIRLAMONEY,,-1.000000,1,,NSE,1.000000,825147,False
15271,CORDSCABLE-EQ,CORDSCABLE,,-1.000000,1,,NSE,5.000000,267798,False
24589,RNFI-SM,RNFI,,-1.000000,600,,NSE,5.000000,294487,False
24596,RELTD-EQ,RELTD,,-1.000000,1,,NSE,1.000000,642505,False
24653,730MH39-SG,730MH39,,-1.000000,100,,NSE,1.000000,999900,False
24657,733MH44-SG,733MH44,,-1.000000,100,,NSE,1.000000,999900,False
24678,ESPRIT-SM,ESPRIT,,-1.000000,1600,,NSE,5.000000,717608,False
24693,1650RARL27-N0,1650RARL27,,-1.000000,1,,NSE,1.000000,228,False
24695,818TFSIL27-N0,818TFSIL27,,-1.000000,1,,NSE,1.000000,981,False
1531,665KA35-SG,665KA35,,-1.000000,100,,NSE,1.000000,1000000,False
15313,IRB-EQ,IRB,,-1.000000,1,,NSE,1.000000,5084838,False
24761,729JK45-SG,729JK45,,-1.000000,100,,NSE,1.000000,1000000,False
24794,890MFL27A-N0,890MFL27A,,-1.000000,1,,NSE,1.000000,654,False
24762,728TS46-SG,728TS46,,-1.000000,100,,NSE,1.000000,1000000,False
24773,80956ABH26-N0,80956ABH26,,-1.000000,1,,NSE,1.000000,981,False
15500,739HR31-SG,739HR31,,-1.000000,100,,NSE,1.000000,1000000,False
15503,739TN33-SG,739TN33,,-1.000000,100,,NSE,1.000000,1002800,False
15508,74AS33-SG,74AS33,,-1.000000,100,,NSE,1.000000,1000000,False
24823,MANCREDIT-EQ,MANCREDIT,,-1.000000,1,,NSE,1.000000,454731,False
24847,GSEC10ABSL-EQ,GSEC10ABSL,,-1.000000,1,,NSE,1.000000,94080,False
16066,736AP34-SG,736AP34,,-1.000000,100,,NSE,1.000000,1000000,False
16290,737AP33-SG,737AP33,,-1.000000,100,,NSE,1.000000,1000000,False
16367,737PN38-SG,737PN38,,-1.000000,100,,NSE,1.000000,999900,False
24895,719TN34-SG,719TN34,,-1.000000,100,,NSE,1.000000,1000000,False
24932,GLOBALE-EQ,GLOBALE,,-1.000000,1,,NSE,1.000000,347282,False
16398,732KL53-SG,732KL53,,-1.000000,100,,NSE,1.000000,1000000,False
16483,PROV-SM,PROV,,-1.000000,80,,NSE,5.000000,58103,False
16649,736AP37-SG,736AP37,,-1.000000,100,,NSE,1.000000,1000000,False
16652,739TS39-SG,739TS39,,-1.000000,100,,NSE,1.000000,999900,False
24957,QVCEL-SM,QVCEL,,-1.000000,1600,,NSE,5.000000,341757,False
25005,722KL59-SG,722KL59,,-1.000000,100,,NSE,1.000000,1000000,False
16669,BAJAJ-AUTO-EQ,BAJAJ-AUTO,,-1.000000,1,,NSE,100.000000,8384,True
16696,GHCLTEXTIL-EQ,GHCLTEXTIL,,-1.000000,1,,NSE,1.000000,764686,False
16783,GVT&D-EQ,GVT&D,,-1.000000,1,,NSE,10.000000,21763,True
16801,736HR33A-SG,736HR33A,,-1.000000,100,,NSE,1.000000,999975,False
25012,724AP36-SG,724AP36,,-1.000000,100,,NSE,1.000000,1000000,False
25094,725HR36-SG,725HR36,,-1.000000,100,,NSE,1.000000,1000000,False
25095,725AP37-SG,725AP37,,-1.000000,100,,NSE,1.000000,1030900,False
25096,725TS38-SG,725TS38,,-1.000000,100,,NSE,1.000000,999900,False
25098,724MH40-SG,724MH40,,-1.000000,100,,NSE,1.000000,999900,False
25119,BOSS-SM,BOSS,,-1.000000,2000,,NSE,5.000000,145392,False
25136,BROOKS-EQ,BROOKS,,-1.000000,1,,NSE,1.000000,963252,False
16865,73GS2053-GS,73GS2053,,-1.000000,1,,NSE,1.000000,1010900,False
16872,83TCHF28-N9,83TCHF28,,-1.000000,1,,NSE,1.000000,3855,False
16894,TCHF30-NB,TCHF30,,-1.000000,1,,NSE,1.000000,25519,False
16921,20MICRONS-EQ,20MICRONS,,-1.000000,1,,NSE,1.000000,481060,False
25153,8887HFL26-N0,8887HFL26,,-1.000000,1,,NSE,1.000000,999,False
25157,RVTH-EQ,RVTH,,-1.000000,1,,NSE,5.000000,100289,False
25178,TDPOWERSYS-EQ,TDPOWERSYS,,-1.000000,1,,NSE,5.000000,124045,False
16959,ALKALI-EQ,ALKALI,,-1.000000,1,,NSE,1.000000,332967,False
16987,743AP39-SG,743AP39,,-1.000000,100,,NSE,1.000000,1046000,False
16992,742TN43-SG,742TN43,,-1.000000,100,,NSE,1.000000,1000000,False
25212,703TN29-SG,703TN29,,-1.000000,100,,NSE,1.000000,1000000,False
25218,723MZ38-SG,723MZ38,,-1.000000,100,,NSE,1.000000,294300,False
25270,BAJAJHFL-EQ,BAJAJHFL,,-1.000000,1,,NSE,1.000000,1183191,False
170,67KA30-SG,67KA30,,-1.000000,100,,NSE,1.000000,1000000,False
171,672RJ30-SG,672RJ30,,-1.000000,100,,NSE,1.000000,999975,False
16994,74TS45-SG,74TS45,,-1.000000,100,,NSE,1.000000,1000000,False
17117,745AS33-SG,745AS33,,-1.000000,100,,NSE,1.000000,1000000,False
25283,932AEL27-N3,932AEL27,,-1.000000,1,,NSE,1.000000,14451,False
25351,70CG29-SG,70CG29,,-1.000000,100,,NSE,1.000000,1034100,False
17139,PENTAGON-ST,PENTAGON,,-1.000000,1000,,NSE,5.000000,252117,False
17272,SETFGOLD-EQ,SETFGOLD,,-1.000000,1,,NSE,1.000000,774068,False
25353,711BR33-SG,711BR33,,-1.000000,100,,NSE,1.000000,1000000,False
25354,71TN34-SG,71TN34,,-1.000000,100,,NSE,1.000000,1000000,False
25356,712MH36-SG,712MH36,,-1.000000,100,,NSE,1.000000,999900,False
25365,714KL47-SG,714KL47,,-1.000000,100,,NSE,1.000000,999900,False
1733,662KA32A-SG,662KA32A,,-1.000000,100,,NSE,1.000000,1000000,False
17397,PREMEXPLN-EQ,PREMEXPLN,,-1.000000,1,,NSE,5.000000,149671,False
17453,74UP33-SG,74UP33,,-1.000000,100,,NSE,1.000000,999900,False
17463,736TN43-SG,736TN43,,-1.000000,100,,NSE,1.000000,999900,False
25372,785TRPEL34-N0,785TRPEL34,,-1.000000,1,,NSE,1.000000,1000,False
25374,845GHFL29-N0,845GHFL29,,-1.000000,1,,NSE,1.000000,768,False
25376,765LICH31-N0,765LICH31,,-1.000000,1,,NSE,1.000000,999,False
25447,GROWWLIQID-EQ,GROWWLIQID,,-1.000000,1,,NSE,1.000000,345748,False
17613,SENSEXADD-EQ,SENSEXADD,,-1.000000,1,,NSE,1.000000,15780,False
17664,SGBFEB28IX-GB,SGBFEB28IX,,-1.000000,1,,NSE,1.000000,6653,False
25451,815SICC27-N0,815SICC27,,-1.000000,1,,NSE,1.000000,327,False
25474,713RJ39-SG,713RJ39,,-1.000000,100,,NSE,1.000000,999900,False
25477,714MP43-SG,714MP43,,-1.000000,100,,NSE,1.000000,1000000,False
25478,715WB44-SG,715WB44,,-1.000000,100,,NSE,1.000000,1000000,False
17722,DEN-EQ,DEN,,-1.000000,1,,NSE,1.000000,3706120,False
17738,YATHARTH-EQ,YATHARTH,,-1.000000,1,,NSE,10.000000,103484,False
2548,717AS31-SG,717AS31,,-1.000000,100,,NSE,1.000000,1000000,False
25494,71RJ34-SG,71RJ34,,-1.000000,100,,NSE,1.000000,999900,False
25501,712HR36-SG,712HR36,,-1.000000,100,,NSE,1.000000,1000000,False
1782,KANPRPLA-EQ,KANPRPLA,,-1.000000,1,,NSE,5.000000,377906,False
17839,GILLANDERS-EQ,GILLANDERS,,-1.000000,1,,NSE,1.000000,697894,False
17971,SBICARD-EQ,SBICARD,,-1.000000,1,,NSE,5.000000,152257,True
2551,717ML31-SG,717ML31,,-1.000000,100,,NSE,1.000000,313920,False
25584,TRITURBINE-EQ,TRITURBINE,,-1.000000,1,,NSE,5.000000,175478,False
25691,713AS39-SG,713AS39,,-1.000000,100,,NSE,1.000000,999975,False
18,66RJ30-SG,66RJ30,,-1.000000,100,,NSE,1.000000,999975,False
17997,PGIMCSR3D-MF,PGIMCSR3D,,-1.000000,1,,NSE,1.000000,9900,False
18011,WHIRLPOOL-EQ,WHIRLPOOL,,-1.000000,1,,NSE,5.000000,131058,False
18012,VLEGOV-EQ,VLEGOV,,-1.000000,1,,NSE,1.000000,3546358,False
25725,BANKPSU-EQ,BANKPSU,,-1.000000,1,,NSE,1.000000,183324,False
25769,712TN34-SG,712TN34,,-1.000000,100,,NSE,1.000000,1000000,False
181,ARENTERP-EQ,ARENTERP,,-1.000000,1,,NSE,1.000000,101641,False
18039,ADVENZYMES-EQ,ADVENZYMES,,-1.000000,1,,NSE,5.000000,340743,False
18062,BPF02D5R-MF,BPF02D5R,,-1.000000,1,,NSE,1.000000,3,False
25883,711BR33B-SG,711BR33B,,-1.000000,100,,NSE,1.000000,1000000,False
25907,WAAREEENER-EQ,WAAREEENER,,-1.000000,1,,NSE,10.000000,37969,True
1811,KAKATCEM-EQ,KAKATCEM,,-1.000000,1,,NSE,1.000000,254205,False
18116,ELECTCAST-W1,ELECTCAST,,-1.000000,33340,,NSE,5.000000,1097683,False
18118,THANGAMAYL-EQ,THANGAMAYL,,-1.000000,1,,NSE,50.000000,19488,False
18143,JIOFIN-EQ,JIOFIN,,-1.000000,1,,NSE,1.000000,429204,True
25958,715BR34-SG,715BR34,,-1.000000,100,,NSE,1.000000,1000000,False
25962,715AP39-SG,715AP39,,-1.000000,100,,NSE,1.000000,1000000,False
25968,716TS49-SG,716TS49,,-1.000000,100,,NSE,1.000000,1000000,False
25977,AFCONS-EQ,AFCONS,,-1.000000,1,,NSE,5.000000,393897,False
18165,BPF01D1R-MF,BPF01D1R,,-1.000000,1,,NSE,1.000000,3879,False
18172,BPF01QDD-MF,BPF01QDD,,-1.000000,1,,NSE,1.000000,19973,False
18173,BPF01QDR-MF,BPF01QDR,,-1.000000,1,,NSE,1.000000,485,False
18198,FISTIPD3GP-MF,FISTIPD3GP,,-1.000000,1,,NSE,1.000000,154920,False
26,67HR30-SG,67HR30,,-1.000000,100,,NSE,1.000000,999900,False
2643,PFIZER-EQ,PFIZER,,-1.000000,1,,NSE,10.000000,24612,False
25982,758SDIL31-N0,758SDIL31,,-1.000000,1,,NSE,1.000000,1000,False
2656,729KA39-SG,729KA39,,-1.000000,100,,NSE,1.000000,1000000,False
2670,702MH29-SG,702MH29,,-1.000000,100,,NSE,1.000000,1000000,False
2681,718SK31-SG,718SK31,,-1.000000,100,,NSE,1.000000,150420,False
18216,746AP38-SG,746AP38,,-1.000000,100,,NSE,1.000000,1000000,False
18220,KECL-EQ,KECL,,-1.000000,1,,NSE,1.000000,805071,False
18279,HDFCLIQUID-EQ,HDFCLIQUID,,-1.000000,1,,NSE,1.000000,24774,False
18337,74RJ41-SG,74RJ41,,-1.000000,100,,NSE,1.000000,1000000,False
2708,PRAKASH-EQ,PRAKASH,,-1.000000,1,,NSE,1.000000,811957,False
18400,744AP33-SG,744AP33,,-1.000000,100,,NSE,1.000000,1010100,False
18403,747GA33-SG,747GA33,,-1.000000,100,,NSE,1.000000,327000,False
18404,743TN33-SG,743TN33,,-1.000000,100,,NSE,1.000000,1052600,False
18408,744RJ36-SG,744RJ36,,-1.000000,100,,NSE,1.000000,1000000,False
27000,702TN29-SG,702TN29,,-1.000000,100,,NSE,1.000000,1000000,False
27079,KPEL-EQ,KPEL,,-1.000000,1,,NSE,1.000000,465298,False
27121,715IRFC39-N0,715IRFC39,,-1.000000,1,,NSE,1.000000,999,False
1842,66UP31-SG,66UP31,,-1.000000,100,,NSE,1.000000,999900,False
18518,748AP38A-SG,748AP38A,,-1.000000,100,,NSE,1.000000,1000000,False
27132,920DCBBL34-N0,920DCBBL34,,-1.000000,1,,NSE,1.000000,1000,False
27152,715OR38-SG,715OR38,,-1.000000,100,,NSE,1.000000,1000000,False
27153,711TN34-SG,711TN34,,-1.000000,100,,NSE,1.000000,1000000,False
27188,718BR34-SG,718BR34,,-1.000000,100,,NSE,1.000000,1000000,False
18521,748PN34-SG,748PN34,,-1.000000,100,,NSE,1.000000,1000000,False
18581,KIRLOSBROS-EQ,KIRLOSBROS,,-1.000000,1,,NSE,10.000000,55983,False
27189,716RJ34-SG,716RJ34,,-1.000000,100,,NSE,1.000000,1000000,False
27211,751SIDBI28-N0,751SIDBI28,,-1.000000,1,,NSE,1.000000,999,False
27303,SAMPANN-EQ,SAMPANN,,-1.000000,1,,NSE,1.000000,1596087,False
27304,793NIIF30-N0,793NIIF30,,-1.000000,1,,NSE,1.000000,999,False
186,850NHAI29-N5,850NHAI29,,-1.000000,1,,NSE,1.000000,90480,False
18679,HPL-EQ,HPL,,-1.000000,1,,NSE,5.000000,342464,False
18680,745HR35A-SG,745HR35A,,-1.000000,100,,NSE,1.000000,1000000,False
18700,JETKNIT-ST,JETKNIT,,-1.000000,750,,NSE,5.000000,133520,False
27324,710TS44-SG,710TS44,,-1.000000,100,,NSE,1.000000,1000000,False
27325,710TS45-SG,710TS45,,-1.000000,100,,NSE,1.000000,1000000,False
27405,664GS2027-GS,664GS2027,,-1.000000,1,,NSE,1.000000,982100,False
27408,935TSI29-N0,935TSI29,,-1.000000,1,,NSE,1.000000,973,False
277,GICRE-EQ,GICRE,,-1.000000,1,,NSE,5.000000,285967,False
18754,KODYTECH-ST,KODYTECH,,-1.000000,100,,NSE,5.000000,68022,False
18806,CELLECOR-SM,CELLECOR,,-1.000000,3000,,NSE,5.000000,3267796,False
27526,935TSIIC33-N0,935TSIIC33,,-1.000000,1,,NSE,1.000000,929,False
27711,723DMEDL34-N0,723DMEDL34,,-1.000000,1,,NSE,1.000000,999,False
27723,DHANLAXMI-SM,DHANLAXMI,,-1.000000,2000,,NSE,5.000000,533925,False
278,AUTOAXLES-EQ,AUTOAXLES,,-1.000000,1,,NSE,10.000000,59586,False
18861,971SCL28C-BU,971SCL28C,,-1.000000,1,,NSE,1.000000,9,False
18862,SGBAPR28I-GB,SGBAPR28I,,-1.000000,1,,NSE,1.000000,6607,False
18863,VERTOZ-EQ,VERTOZ,,-1.000000,1,,NSE,1.000000,2605481,False
18870,MAZDA-BE,MAZDA,,-1.000000,1,,NSE,5.000000,391769,False
27928,775SFL26-N0,775SFL26,,-1.000000,1,,NSE,1.000000,1000,False
28044,PURPLEUTED-ST,PURPLEUTED,,-1.000000,250,,NSE,5.000000,222140,False
28069,SFML-SM,SFML,,-1.000000,1600,,NSE,5.000000,811914,False
2810,SGBMR29XII-GB,SGBMR29XII,,-1.000000,1,,NSE,1.000000,6655,False
28250,713WB40-SG,713WB40,,-1.000000,100,,NSE,1.000000,1000000,False
28267,710RJ46-SG,710RJ46,,-1.000000,100,,NSE,1.000000,1000000,False
1896,661RJ31-SG,661RJ31,,-1.000000,100,,NSE,1.000000,1000000,False
18939,746RJ33-SG,746RJ33,,-1.000000,100,,NSE,1.000000,1000000,False
2866,RCF-EQ,RCF,,-1.000000,1,,NSE,1.000000,897044,False
2871,10IIFL28A-NE,10IIFL28A,,-1.000000,1,,NSE,1.000000,89824,False
28714,TRANSRAILL-EQ,TRANSRAILL,,-1.000000,1,,NSE,5.000000,243674,False
28816,716HR37-SG,716HR37,,-1.000000,100,,NSE,1.000000,1000000,False
18973,619GS2034-GS,619GS2034,,-1.000000,1,,NSE,1.000000,1007500,False
19025,KIRLOSIND-EQ,KIRLOSIND,,-1.000000,1,,NSE,10.000000,26115,False
19045,10IIFL29-N6,10IIFL29,,-1.000000,1,,NSE,1.000000,10142,False
19047,105IIFL29-N7,105IIFL29,,-1.000000,1,,NSE,1.000000,5051,False
28821,715MN39A-SG,715MN39A,,-1.000000,100,,NSE,1.000000,654000,False
28888,SENORES-EQ,SENORES,,-1.000000,1,,NSE,10.000000,68113,False
28898,965SCL26Y-N1,965SCL26Y,,-1.000000,1,,NSE,1.000000,3605,False
28929,1003SCL31P-N1,1003SCL31P,,-1.000000,1,,NSE,1.000000,1299,False
19163,754UK33-SG,754UK33,,-1.000000,100,,NSE,1.000000,1002500,False
19172,759WB39-SG,759WB39,,-1.000000,100,,NSE,1.000000,1000000,False
19174,75AP41-SG,75AP41,,-1.000000,100,,NSE,1.000000,1000000,False
19177,749TS44-SG,749TS44,,-1.000000,100,,NSE,1.000000,1000000,False
28930,1025SCL34U-N1,1025SCL34U,,-1.000000,1,,NSE,1.000000,49,False
28931,1075SCL34T-N1,1075SCL34T,,-1.000000,1,,NSE,1.000000,1451,False
193,ARVIND-EQ,ARVIND,,-1.000000,1,,NSE,5.000000,173798,False
19205,HEADSUP-EQ,HEADSUP,,-1.000000,1,,NSE,1.000000,722101,False
19224,SENSEXETF-EQ,SENSEXETF,,-1.000000,1,,NSE,1.000000,171515,False
28983,ANYA-SM,ANYA,,-1.000000,5000,,NSE,5.000000,3924000,False
29004,717MP38-SG,717MP38,,-1.000000,100,,NSE,1.000000,1000000,False
29005,712MP47-SG,712MP47,,-1.000000,100,,NSE,1.000000,1000000,False
29017,950ISF26A-N0,950ISF26A,,-1.000000,1,,NSE,1.000000,245,False
1938,662UP31-SG,662UP31,,-1.000000,100,,NSE,1.000000,1052400,False
19386,OLIL-SM,OLIL,,-1.000000,400,,NSE,5.000000,219473,False
19438,AHLEAST-EQ,AHLEAST,,-1.000000,1,,NSE,1.000000,565438,False
29047,701GJ31-SG,701GJ31,,-1.000000,100,,NSE,1.000000,1000000,False
29057,706GJ34-SG,706GJ34,,-1.000000,100,,NSE,1.000000,1000000,False
29060,715HR38-SG,715HR38,,-1.000000,100,,NSE,1.000000,1000000,False
29069,713TS49-SG,713TS49,,-1.000000,100,,NSE,1.000000,1000000,False
19492,PLADAINFO-SM,PLADAINFO,,-1.000000,3000,,NSE,5.000000,280369,False
19533,766HR35-SG,766HR35,,-1.000000,100,,NSE,1.000000,1000000,False
19539,772MZ38-SG,772MZ38,,-1.000000,100,,NSE,1.000000,196200,False
19556,BHANDARI-EQ,BHANDARI,,-1.000000,1,,NSE,1.000000,14129322,False
2913,693SK31-SG,693SK31,,-1.000000,100,,NSE,1.000000,49050,False
29070,712TS54-SG,712TS54,,-1.000000,100,,NSE,1.000000,1000000,False
29131,72JK47-SG,72JK47,,-1.000000,100,,NSE,1.000000,981000,False
29205,STALLION-BE,STALLION,,-1.000000,1,,NSE,1.000000,444260,False
19618,772TN33-SG,772TN33,,-1.000000,100,,NSE,1.000000,1000000,False
19621,766AP42-SG,766AP42,,-1.000000,100,,NSE,1.000000,1000000,False
19646,MAXESTATES-EQ,MAXESTATES,,-1.000000,1,,NSE,5.000000,178364,False
29247,PFL230125A-N0,PFL230125A,,-1.000000,1,,NSE,1.000000,1389,False
29256,DENTA-EQ,DENTA,,-1.000000,1,,NSE,5.000000,347500,False
29266,720NHPC35-N0,720NHPC35,,-1.000000,1,,NSE,1.000000,999,False
29280,713RJ35-SG,713RJ35,,-1.000000,100,,NSE,1.000000,999900,False
19681,RCDL-SM,RCDL,,-1.000000,3000,,NSE,5.000000,1564096,False
19722,775HR35-SG,775HR35,,-1.000000,100,,NSE,1.000000,1111100,False
19725,775TS37-SG,775TS37,,-1.000000,100,,NSE,1.000000,1000000,False
2930,685AS31-SG,685AS31,,-1.000000,100,,NSE,1.000000,999999,False
2935,861REC34-ND,861REC34,,-1.000000,1,,NSE,1.000000,8052,False
2939,RUBYMILLS-EQ,RUBYMILLS,,-1.000000,1,,NSE,5.000000,219700,False
29299,710TS50-SG,710TS50,,-1.000000,100,,NSE,1.000000,1000000,False
19731,GPPL-EQ,GPPL,,-1.000000,1,,NSE,1.000000,619769,False
19742,763JK53-SG,763JK53,,-1.000000,100,,NSE,1.000000,999960,False
19745,768TN30A-SG,768TN30A,,-1.000000,100,,NSE,1.000000,1013100,False
19876,LGHL-EQ,LGHL,,-1.000000,1,,NSE,1.000000,543504,False
2940,686PN33-SG,686PN33,,-1.000000,100,,NSE,1.000000,959600,False
29469,865MFL28-N0,865MFL28,,-1.000000,1,,NSE,1.000000,999,False
29472,PROTEAN-EQ,PROTEAN,,-1.000000,1,,NSE,5.000000,203083,False
29482,MCLOUD-EQ,MCLOUD,,-1.000000,1,,NSE,1.000000,3895500,False
19905,779WB40-SG,779WB40,,-1.000000,100,,NSE,1.000000,1000000,False
20016,714BR30-SG,714BR30,,-1.000000,100,,NSE,1.000000,948400,False
20017,72KA31-SG,72KA31,,-1.000000,100,,NSE,1.000000,939700,False
29513,716AS40-SG,716AS40,,-1.000000,100,,NSE,1.000000,999990,False
29515,719PN45-SG,719PN45,,-1.000000,100,,NSE,1.000000,1000000,False
29523,718KL50-SG,718KL50,,-1.000000,100,,NSE,1.000000,1000000,False
29524,718TN55-SG,718TN55,,-1.000000,100,,NSE,1.000000,1000000,False
20071,INTENTECH-EQ,INTENTECH,,-1.000000,1,,NSE,1.000000,772519,False
20136,732GS2030-GS,732GS2030,,-1.000000,1,,NSE,1.000000,949200,False
20154,69KA30-SG,69KA30,,-1.000000,100,,NSE,1.000000,966000,False
20172,77MH33A-SG,77MH33A,,-1.000000,100,,NSE,1.000000,1010000,False
2963,SAIL-EQ,SAIL,,-1.000000,1,,NSE,1.000000,557620,True
29553,NIFTYIETF-EQ,NIFTYIETF,,-1.000000,1,,NSE,1.000000,375996,False
29595,ELGNZ-SM,ELGNZ,,-1.000000,1000,,NSE,5.000000,739007,False
29607,704IRFC28-N6,704IRFC28,,-1.000000,1,,NSE,1.000000,86290,False
2019,662HR41-SG,662HR41,,-1.000000,100,,NSE,1.000000,1000000,False
2022,663WB31-SG,663WB31,,-1.000000,100,,NSE,1.000000,1000000,False
2969,SAKHTISUG-EQ,SAKHTISUG,,-1.000000,1,,NSE,1.000000,3886363,False
20222,767KA36-SG,767KA36,,-1.000000,100,,NSE,1.000000,993200,False
29683,820CIFL28-N0,820CIFL28,,-1.000000,1,,NSE,1.000000,999,False
29694,712GJ37A-SG,712GJ37A,,-1.000000,100,,NSE,1.000000,999900,False
2970,SURYODAY-EQ,SURYODAY,,-1.000000,1,,NSE,1.000000,675365,False
20243,767NL33B-SG,767NL33B,,-1.000000,100,,NSE,1.000000,1002505,False
20348,775GA33-SG,775GA33,,-1.000000,100,,NSE,1.000000,327000,False
29698,706OR31A-SG,706OR31A,,-1.000000,100,,NSE,1.000000,1000000,False
29699,716UP39B-SG,716UP39B,,-1.000000,100,,NSE,1.000000,999900,False
29700,716PY40A-SG,716PY40A,,-1.000000,100,,NSE,1.000000,654000,False
29704,715BR37B-SG,715BR37B,,-1.000000,100,,NSE,1.000000,1000000,False
29721,738PFC32-N0,738PFC32,,-1.000000,1,,NSE,1.000000,999,False
29872,GROWWN200-EQ,GROWWN200,,-1.000000,1,,NSE,1.000000,471579,False
20350,773KA34-SG,773KA34,,-1.000000,100,,NSE,1.000000,975600,False
20353,775HR35A-SG,775HR35A,,-1.000000,100,,NSE,1.000000,1000000,False
20359,704GJ30-SG,704GJ30,,-1.000000,100,,NSE,1.000000,1052600,False
20360,779PN37-SG,779PN37,,-1.000000,100,,NSE,1.000000,1000000,False
29875,HPTL-SM,HPTL,,-1.000000,600,,NSE,5.000000,279209,False
29928,722HR38A-SG,722HR38A,,-1.000000,100,,NSE,1.000000,1000000,False
29931,72AS40-SG,72AS40,,-1.000000,100,,NSE,1.000000,999990,False
29944,NIFTY100EW-EQ,NIFTY100EW,,-1.000000,1,,NSE,1.000000,354614,False
20390,77AP29A-SG,77AP29A,,-1.000000,100,,NSE,1.000000,981500,False
20415,SHEETAL-SM,SHEETAL,,-1.000000,500,,NSE,5.000000,283283,False
20445,CIFCZC28-NH,CIFCZC28,,-1.000000,1,,NSE,1.000000,2914,False
20482,77AP38-SG,77AP38,,-1.000000,100,,NSE,1.000000,1010100,False
29949,749SIDBI29-N0,749SIDBI29,,-1.000000,1,,NSE,1.000000,999,False
29971,74PFCL35-N0,74PFCL35,,-1.000000,1,,NSE,1.000000,999,False
30003,722AP35-SG,722AP35,,-1.000000,100,,NSE,1.000000,1000000,False
30009,728AP36-SG,728AP36,,-1.000000,100,,NSE,1.000000,1000000,False
2049,CHENNPETRO-EQ,CHENNPETRO,,-1.000000,1,,NSE,10.000000,63436,False
20518,720AR30-SG,720AR30,,-1.000000,100,,NSE,1.000000,946368,False
30014,726HR39-SG,726HR39,,-1.000000,100,,NSE,1.000000,1000000,False
30024,727OR41-SG,727OR41,,-1.000000,100,,NSE,1.000000,1000000,False
30034,734UCL30-N0,734UCL30,,-1.000000,1,,NSE,1.000000,1000,False
20573,717KA29-SG,717KA29,,-1.000000,100,,NSE,1.000000,951720,False
20586,810ABHF28-N0,810ABHF28,,-1.000000,1,,NSE,1.000000,999,False
20642,JINDWORLD-EQ,JINDWORLD,,-1.000000,1,,NSE,1.000000,1890907,False
30063,790ABHFL28-N0,790ABHFL28,,-1.000000,1,,NSE,1.000000,817,False
30074,728WB39-SG,728WB39,,-1.000000,100,,NSE,1.000000,999900,False
30086,722MP42-SG,722MP42,,-1.000000,100,,NSE,1.000000,1000000,False
30096,723OR47-SG,723OR47,,-1.000000,100,,NSE,1.000000,1000000,False
20715,865LTF26-NN,865LTF26,,-1.000000,1,,NSE,1.000000,94337,False
20849,717HR30-SG,717HR30,,-1.000000,100,,NSE,1.000000,948900,False
20861,699AR30-SG,699AR30,,-1.000000,100,,NSE,1.000000,284490,False
20864,697KA28-SG,697KA28,,-1.000000,100,,NSE,1.000000,957450,False
30097,719RJ35-SG,719RJ35,,-1.000000,100,,NSE,1.000000,1000000,False
30109,SELECTIPO-EQ,SELECTIPO,,-1.000000,1,,NSE,1.000000,156408,False
30139,CASHIETF-EQ,CASHIETF,,-1.000000,1,,NSE,1.000000,92641,False
30144,745PFCL28-N0,745PFCL28,,-1.000000,1,,NSE,1.000000,1000,False
30160,715UP37A-SG,715UP37A,,-1.000000,100,,NSE,1.000000,999900,False
30173,718TN55B-SG,718TN55B,,-1.000000,100,,NSE,1.000000,1000000,False
30212,SCL190325-N1,SCL190325,,-1.000000,1,,NSE,1.000000,32,False
30228,1003SCL32-N1,1003SCL32,,-1.000000,1,,NSE,1.000000,384,False
20878,MUFTI-EQ,MUFTI,,-1.000000,1,,NSE,1.000000,1373995,False
20906,A2ZINFRA-EQ,A2ZINFRA,,-1.000000,1,,NSE,1.000000,5804981,False
20914,672AP28-SG,672AP28,,-1.000000,100,,NSE,1.000000,975100,False
20950,RKDL-EQ,RKDL,,-1.000000,1,,NSE,1.000000,784800,False
3024,JINDALSAW-EQ,JINDALSAW,,-1.000000,1,,NSE,5.000000,320393,False
30234,1025SCL35-N1,1025SCL35,,-1.000000,1,,NSE,1.000000,1308,False
30263,726NTPC40-N0,726NTPC40,,-1.000000,1,,NSE,1.000000,1000,False
30265,748NABF28-N0,748NABF28,,-1.000000,1,,NSE,1.000000,999,False
3048,SCI-EQ,SCI,,-1.000000,1,,NSE,5.000000,356336,False
20960,72AS29-SG,72AS29,,-1.000000,100,,NSE,1.000000,947200,False
20963,8AR30-SG,8AR30,,-1.000000,100,,NSE,1.000000,901120,False
21000,948SCL26B-Y8,948SCL26B,,-1.000000,1,,NSE,1.000000,3720,False
21008,SCLZC26G-YA,SCLZC26G,,-1.000000,1,,NSE,1.000000,1831,False
30441,709HR40-SG,709HR40,,-1.000000,100,,NSE,1.000000,1000000,False
30443,708KL40-SG,708KL40,,-1.000000,100,,NSE,1.000000,999999,False
30452,707TS52-SG,707TS52,,-1.000000,100,,NSE,1.000000,1000000,False
305,BAJAJHLDNG-EQ,BAJAJHLDNG,,-1.000000,1,,NSE,100.000000,8903,True
307,69UP30-SG,69UP30,,-1.000000,100,,NSE,1.000000,1000000,False
30564,MHLSDG-SF,MHLSDG,,-1.000000,1,,NSE,1.000000,9999834,False
21010,965SCL28B-YB,965SCL28B,,-1.000000,1,,NSE,1.000000,327,False
21019,971SCL28B-YD,971SCL28B,,-1.000000,1,,NSE,1.000000,1962,False
21099,SHEKHAWATI-BE,SHEKHAWATI,,-1.000000,1,,NSE,1.000000,1127169,False
3133,UFBL-BE,UFBL,,-1.000000,1,,NSE,5.000000,143056,False
31163,RHIM-EQ,RHIM,,-1.000000,1,,NSE,5.000000,265973,False
31234,SCHNEIDER-EQ,SCHNEIDER,,-1.000000,1,,NSE,10.000000,81295,False
31265,835PHFL31-N0,835PHFL31,,-1.000000,1,,NSE,1.000000,1000,False
21121,AKANKSHA-SM,AKANKSHA,,-1.000000,1000,,NSE,5.000000,640283,False
21165,778PN37-SG,778PN37,,-1.000000,100,,NSE,1.000000,1000000,False
21167,773BR39-SG,773BR39,,-1.000000,100,,NSE,1.000000,1074000,False
3150,SIEMENS-EQ,SIEMENS,,-1.000000,1,,NSE,10.000000,24928,True
31507,JPOLYINVST-EQ,JPOLYINVST,,-1.000000,1,,NSE,5.000000,101051,False
2134,698AS31-SG,698AS31,,-1.000000,100,,NSE,1.000000,1000000,False
21334,JYOTICNC-EQ,JYOTICNC,,-1.000000,1,,NSE,5.000000,101430,False
3195,675RJ31-SG,675RJ31,,-1.000000,100,,NSE,1.000000,1000000,False
31766,873NTPC28-N5,873NTPC28,,-1.000000,1,,NSE,1.000000,29885,False
31942,GENXAI-SM,GENXAI,,-1.000000,1200,,NSE,5.000000,586756,False
21389,66GA30-SG,66GA30,,-1.000000,100,,NSE,1.000000,654000,False
21423,MOM100-EQ,MOM100,,-1.000000,1,,NSE,1.000000,1486021,False
322,694TS50-SG,694TS50,,-1.000000,100,,NSE,1.000000,999900,False
3200,678AP39-SG,678AP39,,-1.000000,100,,NSE,1.000000,1000000,False
3241,678RJ31-SG,678RJ31,,-1.000000,100,,NSE,1.000000,1000000,False
31967,863NHB34-N3,863NHB34,,-1.000000,1,,NSE,1.000000,15502,False
2149,697WB36-SG,697WB36,,-1.000000,100,,NSE,1.000000,999900,False
21451,APS-SM,APS,,-1.000000,250,,NSE,5.000000,417876,False
21509,767HP34-SG,767HP34,,-1.000000,100,,NSE,1.000000,1000000,False
21513,768KA39-SG,768KA39,,-1.000000,100,,NSE,1.000000,1000000,False
3247,NITIRAJ-EQ,NITIRAJ,,-1.000000,1,,NSE,1.000000,335207,False
3273,SRF-EQ,SRF,,-1.000000,1,,NSE,10.000000,40017,True
3345,SUNDRMFAST-EQ,SUNDRMFAST,,-1.000000,1,,NSE,10.000000,78588,False
3348,SUNFLAG-EQ,SUNFLAG,,-1.000000,1,,NSE,5.000000,296460,False
2168,RAJMET-EQ,RAJMET,,-1.000000,1,,NSE,1.000000,9040896,False
21614,ABCAPITAL-EQ,ABCAPITAL,,-1.000000,1,,NSE,5.000000,251697,True
21716,665PN50-SG,665PN50,,-1.000000,100,,NSE,1.000000,980750,False
342,CAMS-EQ,CAMS,,-1.000000,1,,NSE,5.000000,140607,True
3392,69JK33-SG,69JK33,,-1.000000,100,,NSE,1.000000,1000000,False
3507,MAFANG-EQ,MAFANG,,-1.000000,1,,NSE,1.000000,424372,False
21719,67PN30-SG,67PN30,,-1.000000,100,,NSE,1.000000,978880,False
21740,CHOLAHLDNG-EQ,CHOLAHLDNG,,-1.000000,1,,NSE,10.000000,65346,False
3509,TNPETRO-EQ,TNPETRO,,-1.000000,1,,NSE,1.000000,775734,False
3512,TNTELE-EQ,TNTELE,,-1.000000,1,,NSE,1.000000,1493454,False
3546,TTKPRESTIG-EQ,TTKPRESTIG,,-1.000000,1,,NSE,5.000000,185979,False
3563,ADANIGREEN-EQ,ADANIGREEN,,-1.000000,1,,NSE,10.000000,77417,True
2183,TSFINV-EQ,TSFINV,,-1.000000,1,,NSE,5.000000,228544,False
21823,CADSYS-SM,CADSYS,,-1.000000,500,,NSE,5.000000,327081,False
21899,705KL30-SG,705KL30,,-1.000000,100,,NSE,1.000000,957600,False
21912,718KL29-SG,718KL29,,-1.000000,100,,NSE,1.000000,953000,False
359,ROML-EQ,ROML,,-1.000000,1,,NSE,1.000000,490129,False
3578,696TN51-SG,696TN51,,-1.000000,100,,NSE,1.000000,999900,False
3608,HEALTHAXIS-EQ,HEALTHAXIS,,-1.000000,1,,NSE,1.000000,49199,False
21913,684KL30-SG,684KL30,,-1.000000,100,,NSE,1.000000,968894,False
21916,67KL27-SG,67KL27,,-1.000000,100,,NSE,1.000000,965700,False
21921,656MN30-SG,656MN30,,-1.000000,100,,NSE,1.000000,327000,False
21932,654MH30-SG,654MH30,,-1.000000,100,,NSE,1.000000,988500,False
3647,697TN46-SG,697TN46,,-1.000000,100,,NSE,1.000000,999900,False
3655,678KL31-SG,678KL31,,-1.000000,100,,NSE,1.000000,1000000,False
3724,VSTIND-EQ,VSTIND,,-1.000000,1,,NSE,1.000000,490219,False
3766,WHEELS-EQ,WHEELS,,-1.000000,1,,NSE,10.000000,44834,False
21973,717MP35-SG,717MP35,,-1.000000,100,,NSE,1.000000,939400,False
21991,709MP30-SG,709MP30,,-1.000000,100,,NSE,1.000000,953800,False
21998,729NL29-SG,729NL29,,-1.000000,100,,NSE,1.000000,817500,False
395,BEML-EQ,BEML,,-1.000000,1,,NSE,10.000000,49390,False
3908,PREMIERPOL-EQ,PREMIERPOL,,-1.000000,1,,NSE,1.000000,1164003,False
3912,KHAITANLTD-EQ,KHAITANLTD,,-1.000000,1,,NSE,1.000000,155325,False
22043,649RJ30-SG,649RJ30,,-1.000000,100,,NSE,1.000000,993600,False
22063,678RJ30-SG,678RJ30,,-1.000000,100,,NSE,1.000000,971600,False
22076,703RJ30-SG,703RJ30,,-1.000000,100,,NSE,1.000000,957650,False
22080,667RJ50-SG,667RJ50,,-1.000000,100,,NSE,1.000000,975600,False
4040,EIMCOELECO-EQ,EIMCOELECO,,-1.000000,1,,NSE,10.000000,42997,False
4410,JAGSNPHARM-EQ,JAGSNPHARM,,-1.000000,1,,NSE,1.000000,429378,False
4427,GS220830C-GS,GS220830C,,-1.000000,100,,NSE,1.000000,55263,False
22082,726UP29-SG,726UP29,,-1.000000,100,,NSE,1.000000,943200,False
22091,73UP30-SG,73UP30,,-1.000000,100,,NSE,1.000000,939821,False
22097,669UP30-SG,669UP30,,-1.000000,100,,NSE,1.000000,979000,False
22114,655TN30-SG,655TN30,,-1.000000,100,,NSE,1.000000,992250,False
449,686KA30-SG,686KA30,,-1.000000,100,,NSE,1.000000,1000000,False
454,684GJ30-SG,684GJ30,,-1.000000,100,,NSE,1.000000,1000000,False
4552,GS220250C-GS,GS220250C,,-1.000000,100,,NSE,1.000000,55263,False
4578,678GA31-SG,678GA31,,-1.000000,100,,NSE,1.000000,327000,False
22127,725TN27-SG,725TN27,,-1.000000,100,,NSE,1.000000,938840,False
22128,670TN50-SG,670TN50,,-1.000000,100,,NSE,1.000000,975500,False
22147,723WB30-SG,723WB30,,-1.000000,100,,NSE,1.000000,945000,False
22152,730WB29-SG,730WB29,,-1.000000,100,,NSE,1.000000,941250,False
4748,709KL36-SG,709KL36,,-1.000000,100,,NSE,1.000000,1000000,False
4760,689MH32-SG,689MH32,,-1.000000,100,,NSE,1.000000,1000000,False
4780,704RJ36-SG,704RJ36,,-1.000000,100,,NSE,1.000000,1000000,False
477,BIRLACABLE-EQ,BIRLACABLE,,-1.000000,1,,NSE,5.000000,254850,False
22164,710UK30-SG,710UK30,,-1.000000,100,,NSE,1.000000,952900,False
22167,717UK29-SG,717UK29,,-1.000000,100,,NSE,1.000000,949000,False
22179,658JK30-SG,658JK30,,-1.000000,100,,NSE,1.000000,988880,False
22204,799TS35-SG,799TS35,,-1.000000,100,,NSE,1.000000,768450,False
48,HAPPSTMNDS-EQ,HAPPSTMNDS,,-1.000000,1,,NSE,5.000000,300742,False
4792,706TS41-SG,706TS41,,-1.000000,100,,NSE,1.000000,1000000,False
4866,691RJ31-SG,691RJ31,,-1.000000,100,,NSE,1.000000,1000000,False
22212,717PN30-SG,717PN30,,-1.000000,100,,NSE,1.000000,953260,False
22220,717PN30A-SG,717PN30A,,-1.000000,100,,NSE,1.000000,948710,False
22234,757BOB24-N0,757BOB24,,-1.000000,1,,NSE,1.000000,1000,False
22269,646WB30-SG,646WB30,,-1.000000,100,,NSE,1.000000,1000000,False
4870,INDSWFTLAB-EQ,INDSWFTLAB,,-1.000000,1,,NSE,5.000000,259467,False
4892,SAREGAMA-EQ,SAREGAMA,,-1.000000,1,,NSE,5.000000,197822,False
4900,718TS51-SG,718TS51,,-1.000000,100,,NSE,1.000000,1000000,False
4920,HINDCON-EQ,HINDCON,,-1.000000,1,,NSE,1.000000,1673933,False
22277,WORTHPERI-EQ,WORTHPERI,,-1.000000,1,,NSE,1.000000,515057,False
22302,632KA28-SG,632KA28,,-1.000000,100,,NSE,1.000000,1000000,False
22333,660AP40-SG,660AP40,,-1.000000,100,,NSE,1.000000,1000000,False
495,BLUEDART-EQ,BLUEDART,,-1.000000,1,,NSE,10.000000,20785,False
5002,701MH32-SG,701MH32,,-1.000000,100,,NSE,1.000000,1000000,False
5004,715AP37-SG,715AP37,,-1.000000,100,,NSE,1.000000,1000000,False
22338,661MP35-SG,661MP35,,-1.000000,100,,NSE,1.000000,1000000,False
22340,646RJ30-SG,646RJ30,,-1.000000,100,,NSE,1.000000,1000000,False
22344,ALPL30IETF-EQ,ALPL30IETF,,-1.000000,1,,NSE,1.000000,3669491,False
22371,669TS50-SG,669TS50,,-1.000000,100,,NSE,1.000000,999900,False
5045,724TS51-SG,724TS51,,-1.000000,100,,NSE,1.000000,1000000,False
5086,697TN31-SG,697TN31,,-1.000000,100,,NSE,1.000000,1000000,False
5087,701MN31-SG,701MN31,,-1.000000,100,,NSE,1.000000,654000,False
5091,724TN51-SG,724TN51,,-1.000000,100,,NSE,1.000000,1000000,False
2241,MODTHREAD-EQ,MODTHREAD,,-1.000000,1,,NSE,1.000000,1137147,False
22405,668GA30-SG,668GA30,,-1.000000,100,,NSE,1.000000,327000,False
22410,663KA30-SG,663KA30,,-1.000000,100,,NSE,1.000000,1000000,False
22413,666TN30-SG,666TN30,,-1.000000,100,,NSE,1.000000,972500,False
5168,SBIETFCON-EQ,SBIETFCON,,-1.000000,1,,NSE,1.000000,55531,False
5173,697TN31A-SG,697TN31A,,-1.000000,100,,NSE,1.000000,1002200,False
5186,STYLAMIND-EQ,STYLAMIND,,-1.000000,1,,NSE,10.000000,30015,False
5192,KOVAI-EQ,KOVAI,,-1.000000,1,,NSE,50.000000,16117,False
2248,703RJ36-SG,703RJ36,,-1.000000,100,,NSE,1.000000,1007550,False
22453,668AP35-SG,668AP35,,-1.000000,100,,NSE,1.000000,1000000,False
22477,NOVAAGRI-EQ,NOVAAGRI,,-1.000000,1,,NSE,1.000000,3025397,False
22482,813LTF29-NP,813LTF29,,-1.000000,1,,NSE,1.000000,670,False
526,BPCL-EQ,BPCL,,-1.000000,1,,NSE,5.000000,325387,True
527,UTIAMC-EQ,UTIAMC,,-1.000000,1,,NSE,5.000000,109887,False
5214,96IIFL28-N5,96IIFL28,,-1.000000,1,,NSE,1.000000,99706,False
22506,767KL43-SG,767KL43,,-1.000000,100,,NSE,1.000000,999937,False
22513,885MFL29-NJ,885MFL29,,-1.000000,1,,NSE,1.000000,999,False
22533,DHTL-SM,DHTL,,-1.000000,800,,NSE,5.000000,102769,False
5343,709TS34-SG,709TS34,,-1.000000,100,,NSE,1.000000,1000000,False
5344,679WB28A-SG,679WB28A,,-1.000000,100,,NSE,1.000000,999900,False
5366,WINDLAS-EQ,WINDLAS,,-1.000000,1,,NSE,5.000000,88550,False
22571,BAWEJA-SM,BAWEJA,,-1.000000,800,,NSE,5.000000,602562,False
22595,HDFCPSUBK-EQ,HDFCPSUBK,,-1.000000,1,,NSE,1.000000,208704,False
22604,739AP29-SG,739AP29,,-1.000000,100,,NSE,1.000000,1010100,False
22614,749TS35-SG,749TS35,,-1.000000,100,,NSE,1.000000,1000000,False
5415,692HR30-SG,692HR30,,-1.000000,100,,NSE,1.000000,1000000,False
5418,697NL31-SG,697NL31,,-1.000000,100,,NSE,1.000000,490500,False
5419,697PN31-SG,697PN31,,-1.000000,100,,NSE,1.000000,1000000,False
5469,697GA31-SG,697GA31,,-1.000000,100,,NSE,1.000000,327000,False
22668,768SIDB27-N2,768SIDB27,,-1.000000,1,,NSE,1.000000,1000,False
22694,743CG29-SG,743CG29,,-1.000000,100,,NSE,1.000000,1075200,False
5479,719KL51-SG,719KL51,,-1.000000,100,,NSE,1.000000,1010100,False
5536,687HR31-SG,687HR31,,-1.000000,100,,NSE,1.000000,1000000,False
5541,691RJ31A-SG,691RJ31A,,-1.000000,100,,NSE,1.000000,1012650,False
22853,BSLIQPIRG-MF,BSLIQPIRG,,-1.000000,1,,NSE,1.000000,35823,False
22768,810TCHFL27-ND,810TCHFL27,,-1.000000,1,,NSE,1.000000,999,False
22770,INM-SM,INM,,-1.000000,600,,NSE,5.000000,457499,False
22844,BSLIQPIIDP-MF,BSLIQPIIDP,,-1.000000,1,,NSE,1.000000,327,False
5559,70MZ34-SG,70MZ34,,-1.000000,100,,NSE,1.000000,261600,False
5577,667GS2035-GS,667GS2035,,-1.000000,1,,NSE,1.000000,989617,False
5585,VIJAYA-EQ,VIJAYA,,-1.000000,1,,NSE,10.000000,66574,False
22856,ALPHA27-N1,ALPHA27,,-1.000000,1,,NSE,1.000000,545,False
22873,743RJ44-SG,743RJ44,,-1.000000,100,,NSE,1.000000,1000000,False
22874,744WB44-SG,744WB44,,-1.000000,100,,NSE,1.000000,999900,False
23,67JK30-SG,67JK30,,-1.000000,100,,NSE,1.000000,1000000,False
5610,ASTRAZEN-EQ,ASTRAZEN,,-1.000000,1,,NSE,50.000000,14775,False
5637,PAR-BE,PAR,,-1.000000,1,,NSE,1.000000,402361,False
5718,SHREMINVIT-IV,SHREMINVIT,,-1.000000,25000,,NSE,1.000000,994454,False
22980,MUKKA-EQ,MUKKA,,-1.000000,1,,NSE,1.000000,3108300,False
23018,VR-SM,VR,,-1.000000,400,,NSE,5.000000,290376,False
583,CANFINHOME-EQ,CANFINHOME,,-1.000000,1,,NSE,5.000000,128227,False
2313,MURUDCERA-EQ,MURUDCERA,,-1.000000,1,,NSE,1.000000,1979830,False
5732,CONSUMAXIS-EQ,CONSUMAXIS,,-1.000000,1,,NSE,1.000000,36115,False
5742,676TN31-SG,676TN31,,-1.000000,100,,NSE,1.000000,1000000,False
5890,698JK36-SG,698JK36,,-1.000000,100,,NSE,1.000000,1000000,False
23100,739WB44-SG,739WB44,,-1.000000,100,,NSE,1.000000,1000000,False
23151,GFL27-N1,GFL27,,-1.000000,1,,NSE,1.000000,327,False
592,GRAPHITE-EQ,GRAPHITE,,-1.000000,1,,NSE,5.000000,120937,False
5892,699TR36-SG,699TR36,,-1.000000,100,,NSE,1.000000,981000,False
5992,706MZ34-SG,706MZ34,,-1.000000,100,,NSE,1.000000,340080,False
6006,COASTCORP-EQ,COASTCORP,,-1.000000,1,,NSE,1.000000,2190155,False
23170,8254KSFP29-N1,8254KSFP29,,-1.000000,1,,NSE,1.000000,163,False
23198,747GA34-SG,747GA34,,-1.000000,100,,NSE,1.000000,327000,False
23200,75SK34-SG,75SK34,,-1.000000,100,,NSE,1.000000,999973,False
6066,ATGL-EQ,ATGL,,-1.000000,1,,NSE,5.000000,167171,False
6082,DYNAMIC-ST,DYNAMIC,,-1.000000,500,,NSE,5.000000,714788,False
23206,745MH37-SG,745MH37,,-1.000000,100,,NSE,1.000000,1052400,False
23228,820ABHFL27-N6,820ABHFL27,,-1.000000,1,,NSE,1.000000,999,False
23291,940SCL27-YS,940SCL27,,-1.000000,1,,NSE,1.000000,654,False
23295,902SCL27-YU,902SCL27,,-1.000000,1,,NSE,1.000000,16,False
609,665ML30-SG,665ML30,,-1.000000,100,,NSE,1.000000,817500,False
6099,697UP31A-SG,697UP31A,,-1.000000,100,,NSE,1.000000,1000000,False
6101,70MN31A-SG,70MN31A,,-1.000000,100,,NSE,1.000000,457800,False
6112,713AP36A-SG,713AP36A,,-1.000000,100,,NSE,1.000000,1000000,False
2331,JAYNECOIND-EQ,JAYNECOIND,,-1.000000,1,,NSE,1.000000,1110821,False
23301,965SCL29-YX,965SCL29,,-1.000000,1,,NSE,1.000000,327,False
23325,747RJ33-SG,747RJ33,,-1.000000,100,,NSE,1.000000,999984,False
23326,743TN34-SG,743TN34,,-1.000000,100,,NSE,1.000000,1051400,False
6127,DIGJAMLMTD-EQ,DIGJAMLMTD,,-1.000000,1,,NSE,1.000000,654000,False
6156,ARTNIRMAN-EQ,ARTNIRMAN,,-1.000000,1,,NSE,1.000000,816061,False
6209,604GJ26-SG,604GJ26,,-1.000000,100,,NSE,1.000000,999900,False
6212,708KA34A-SG,708KA34A,,-1.000000,100,,NSE,1.000000,1000000,False
23327,749RJ40-SG,749RJ40,,-1.000000,100,,NSE,1.000000,999900,False
23333,752RJ44-SG,752RJ44,,-1.000000,100,,NSE,1.000000,999900,False
23343,747CG32-SG,747CG32,,-1.000000,100,,NSE,1.000000,1000000,False
23349,749CG35-SG,749CG35,,-1.000000,100,,NSE,1.000000,1000000,False
6226,SIKKO-BE,SIKKO,,-1.000000,1,,NSE,1.000000,14283360,False
6216,CAMLINFINE-EQ,CAMLINFINE,,-1.000000,1,,NSE,1.000000,983342,False
6240,3IINFOLTD-BE,3IINFOLTD,,-1.000000,1,,NSE,1.000000,4376219,False
6304,609AS26-SG,609AS26,,-1.000000,100,,NSE,1.000000,1000000,False
23379,NAMAN-SM,NAMAN,,-1.000000,800,,NSE,5.000000,427257,False
23462,K2INFRA-ST,K2INFRA,,-1.000000,600,,NSE,5.000000,412621,False
23532,745RL34-NN,745RL34,,-1.000000,1,,NSE,1.000000,999,False
23543,748UP40-SG,748UP40,,-1.000000,100,,NSE,1.000000,999900,False
6327,696RJ31-SG,696RJ31,,-1.000000,100,,NSE,1.000000,1000000,False
6350,699UP31B-SG,699UP31B,,-1.000000,100,,NSE,1.000000,1000000,False
6479,703MN31-SG,703MN31,,-1.000000,100,,NSE,1.000000,654000,False
6429,RSSOFTWARE-EQ,RSSOFTWARE,,-1.000000,1,,NSE,1.000000,844680,False
6705,PAYTM-EQ,PAYTM,,-1.000000,1,,NSE,10.000000,55068,True
6743,69KA31-SG,69KA31,,-1.000000,100,,NSE,1.000000,1000000,False
6835,795GS2032-GS,795GS2032,,-1.000000,1,,NSE,1.000000,921500,False
6863,BAJAJHCARE-EQ,BAJAJHCARE,,-1.000000,1,,NSE,5.000000,299328,False
23545,748UP44-SG,748UP44,,-1.000000,100,,NSE,1.000000,999900,False
23584,749TN34-SG,749TN34,,-1.000000,100,,NSE,1.000000,1000000,False
23587,749AP40-SG,749AP40,,-1.000000,100,,NSE,1.000000,1000000,False
23640,749TN44-SG,749TN44,,-1.000000,100,,NSE,1.000000,1000000,False
23712,97MOFSL34-N7,97MOFSL34,,-1.000000,1,,NSE,1.000000,74218,False
23714,WINSOL-SM,WINSOL,,-1.000000,400,,NSE,5.000000,377201,False
23749,753RECL34-NP,753RECL34,,-1.000000,1,,NSE,1.000000,999,False
23756,744TS41-SG,744TS41,,-1.000000,100,,NSE,1.000000,1000000,False
6873,75GS2034-GS,75GS2034,,-1.000000,1,,NSE,1.000000,961011,False
6964,GOCOLORS-EQ,GOCOLORS,,-1.000000,1,,NSE,5.000000,307905,False
7045,683KA31A-SG,683KA31A,,-1.000000,100,,NSE,1.000000,1000000,False
7115,817GS2044-GS,817GS2044,,-1.000000,1,,NSE,1.000000,756800,False
2381,707GJ31-SG,707GJ31,,-1.000000,100,,NSE,1.000000,1000000,False
2385,NAVNETEDUL-EQ,NAVNETEDUL,,-1.000000,1,,NSE,1.000000,781988,False
7130,759GS2029-GS,759GS2029,,-1.000000,1,,NSE,1.000000,962367,False
7205,668GS2031-GS,668GS2031,,-1.000000,1,,NSE,1.000000,1016443,False
7315,704TS32-SG,704TS32,,-1.000000,100,,NSE,1.000000,1000000,False
23814,741RJ34-SG,741RJ34,,-1.000000,100,,NSE,1.000000,972750,False
7456,MIDQ50ADD-EQ,MIDQ50ADD,,-1.000000,1,,NSE,1.000000,1293771,False
23869,734TN29-SG,734TN29,,-1.000000,100,,NSE,1.000000,1000000,False
23915,LIQUIDBETF-EQ,LIQUIDBETF,,-1.000000,1,,NSE,1.000000,91017,False
23920,744PFCL34-NB,744PFCL34,,-1.000000,1,,NSE,1.000000,999,False
750368,VOGL-EQ,VOGL,,-1.000000,1,,NSE,1.000000,2721630,False
7511,696PY30-SG,696PY30,,-1.000000,100,,NSE,1.000000,408750,False
7518,TREJHARA-EQ,TREJHARA,,-1.000000,1,,NSE,1.000000,699192,False
7533,702TN31-SG,702TN31,,-1.000000,100,,NSE,1.000000,1000000,False
750588,815TCHFL31-N0,815TCHFL31,,-1.000000,1,,NSE,1.000000,991,False
23922,BEACON-SM,BEACON,,-1.000000,1000,,NSE,5.000000,590722,False
23955,925SCL29A-ZM,925SCL29A,,-1.000000,1,,NSE,1.000000,5395,False
23984,AIMTRON-SM,AIMTRON,,-1.000000,200,,NSE,5.000000,56386,False
24006,745ML34-SG,745ML34,,-1.000000,100,,NSE,1.000000,654000,False
7541,714KL35-SG,714KL35,,-1.000000,100,,NSE,1.000000,1000000,False
24035,825TPL27-N6,825TPL27,,-1.000000,1,,NSE,1.000000,817,False
24054,739TN32-SG,739TN32,,-1.000000,100,,NSE,1.000000,1000000,False
24057,741PN34A-SG,741PN34A,,-1.000000,100,,NSE,1.000000,999900,False
754372,746RECL36-N0,746RECL36,,-1.000000,1,,NSE,1.000000,1000,False
754612,SMALLIETF-EQ,SMALLIETF,,-1.000000,1,,NSE,1.000000,162482,False
755263,RHEXHDDG-SF,RHEXHDDG,,-1.000000,1,,NSE,1.000000,6630385,False
2413,722RJ41-SG,722RJ41,,-1.000000,100,,NSE,1.000000,1000000,False
24102,735TS36-SG,735TS36,,-1.000000,100,,NSE,1.000000,1000000,False
24159,AFIL-EQ,AFIL,,-1.000000,1,,NSE,1.000000,11210721,False
24197,734WB42-SG,734WB42,,-1.000000,100,,NSE,1.000000,999900,False
755276,RHEXHDDIR-SF,RHEXHDDIR,,-1.000000,1,,NSE,1.000000,3269,False
755830,823GIL31A-N0,823GIL31A,,-1.000000,1,,NSE,1.000000,1000,False
755944,805ABCL28-N5,805ABCL28,,-1.000000,1,,NSE,1.000000,76524,False
755988,703NBFID30-N0,703NBFID30,,-1.000000,1,,NSE,1.000000,999,False
24203,733RJ44-SG,733RJ44,,-1.000000,100,,NSE,1.000000,999900,False
24260,864CIFL29-N0,864CIFL29,,-1.000000,1,,NSE,1.000000,999,False
24278,MASON-SM,MASON,,-1.000000,500,,NSE,5.000000,782838,False
24331,738PN33-SG,738PN33,,-1.000000,100,,NSE,1.000000,999924,False
756037,18PVL29A-N0,18PVL29A,,-1.000000,1,,NSE,1.000000,179,False
756038,WAAREERTL-EQ,WAAREERTL,,-1.000000,1,,NSE,5.000000,120102,False
756092,674UK35-SG,674UK35,,-1.000000,100,,NSE,1.000000,1000000,False
756099,677PN43-SG,677PN43,,-1.000000,100,,NSE,1.000000,1000000,False
2435,CONSUMBEES-EQ,CONSUMBEES,,-1.000000,1,,NSE,1.000000,479876,False
24366,SBISILVER-EQ,SBISILVER,,-1.000000,1,,NSE,1.000000,450583,False
24398,EMCURE-EQ,EMCURE,,-1.000000,1,,NSE,10.000000,50449,False
24415,DHANSA-SM,DHANSA,,-1.000000,2000,,NSE,5.000000,879739,False
756144,975IIFL28-Y0,975IIFL28,,-1.000000,1,,NSE,1.000000,32242,False
756173,9TIAPL28-N0,9TIAPL28,,-1.000000,1,,NSE,1.000000,327,False
756405,ATCENERGY-ST,ATCENERGY,,-1.000000,1200,,NSE,5.000000,666707,False
24421,738JK49-SG,738JK49,,-1.000000,100,,NSE,1.000000,1000000,False
24422,732RJ34-SG,732RJ34,,-1.000000,100,,NSE,1.000000,1000000,False
24435,EFFWA-SM,EFFWA,,-1.000000,400,,NSE,5.000000,266701,False
756707,707LICH30-N0,707LICH30,,-1.000000,1,,NSE,1.000000,999,False
756718,832HHFL27-N0,832HHFL27,,-1.000000,1,,NSE,1.000000,327,False
756741,702RECL40-N0,702RECL40,,-1.000000,1,,NSE,1.000000,999,False
756793,709TS61-SG,709TS61,,-1.000000,100,,NSE,1.000000,1000000,False
756811,664GJ36-SG,664GJ36,,-1.000000,100,,NSE,1.000000,1000000,False
756814,672TR40-SG,672TR40,,-1.000000,100,,NSE,1.000000,981000,False
756817,685RJ51-SG,685RJ51,,-1.000000,100,,NSE,1.000000,1000000,False
24041,865TVSH29-N0,865TVSH29,,-1.000000,1,,NSE,1.000000,999,False
24053,74PY30-SG,74PY30,,-1.000000,100,,NSE,1.000000,490500,False
24056,738HR34-SG,738HR34,,-1.000000,100,,NSE,1.000000,1051900,False
24065,744IRF34-N0,744IRF34,,-1.000000,1,,NSE,1.000000,999,False
24067,IXIGO-EQ,IXIGO,,-1.000000,1,,NSE,1.000000,630367,False
24073,792LIC27-N5,792LIC27,,-1.000000,1,,NSE,1.000000,975,False
24114,759NH27-NE,759NH27,,-1.000000,1,,NSE,1.000000,1000,False
24164,DURLAX-SM,DURLAX,,-1.000000,2000,,NSE,5.000000,946082,False
756859,674AP37-SG,674AP37,,-1.000000,100,,NSE,1.000000,1000000,False
756861,679TS53-SG,679TS53,,-1.000000,100,,NSE,1.000000,1000000,False
756900,MON50EQUAL-EQ,MON50EQUAL,,-1.000000,1,,NSE,1.000000,1543113,False
756952,925PFL30-N0,925PFL30,,-1.000000,1,,NSE,1.000000,1000,False
24186,736MZ39-SG,736MZ39,,-1.000000,100,,NSE,1.000000,232170,False
24317,AAFS28-N0,AAFS28,,-1.000000,1,,NSE,1.000000,815,False
756992,755TPREL40-N0,755TPREL40,,-1.000000,1,,NSE,1.000000,1000,False
757020,660TN35-SG,660TN35,,-1.000000,100,,NSE,1.000000,1000000,False
757029,740SIHF28-N0,740SIHF28,,-1.000000,1,,NSE,1.000000,817,False
757110,669GJ35-SG,669GJ35,,-1.000000,100,,NSE,1.000000,1000000,False
24328,753ICICI34-N0,753ICICI34,,-1.000000,1,,NSE,1.000000,999,False
24330,737AP33A-SG,737AP33A,,-1.000000,100,,NSE,1.000000,1000000,False
24334,739ML34-SG,739ML34,,-1.000000,100,,NSE,1.000000,1000000,False
24336,739MN36-SG,739MN36,,-1.000000,100,,NSE,1.000000,654000,False
757113,677AS40-SG,677AS40,,-1.000000,100,,NSE,1.000000,1000000,False
757172,930APMD33-N0,930APMD33,,-1.000000,1,,NSE,1.000000,945,False
757176,930APMD35-N0,930APMD35,,-1.000000,1,,NSE,1.000000,934,False
757427,665AP33-SG,665AP33,,-1.000000,100,,NSE,1.000000,1000000,False
2439,NKIND-EQ,NKIND,,-1.000000,1,,NSE,1.000000,196523,False
24342,742KL46-SG,742KL46,,-1.000000,100,,NSE,1.000000,999900,False
24403,ASHIANA-EQ,ASHIANA,,-1.000000,1,,NSE,5.000000,288305,False
24514,74CB34-N0,74CB34,,-1.000000,1,,NSE,1.000000,1000,False
757431,MOPSE-EQ,MOPSE,,-1.000000,1,,NSE,1.000000,7848,False
757436,708MZ39-SG,708MZ39,,-1.000000,100,,NSE,1.000000,408750,False
757440,71TS55-SG,71TS55,,-1.000000,100,,NSE,1.000000,1000000,False
757441,708TS56-SG,708TS56,,-1.000000,100,,NSE,1.000000,1000000,False
757468,SCL0182025-NC,SCL0182025,,-1.000000,1,,NSE,1.000000,2186,False
757471,925SCL30-NF,925SCL30,,-1.000000,1,,NSE,1.000000,1827,False
757499,955SCL35-NO,955SCL35,,-1.000000,1,,NSE,1.000000,6053,False
24532,FILATEX-EQ,FILATEX,,-1.000000,1,,NSE,1.000000,1147890,False
24567,735AS39-SG,735AS39,,-1.000000,100,,NSE,1.000000,1000000,False
24587,975SCL29-N0,975SCL29,,-1.000000,1,,NSE,1.000000,196,False
24647,727MH34-SG,727MH34,,-1.000000,100,,NSE,1.000000,999900,False
24648,729RJ34-SG,729RJ34,,-1.000000,100,,NSE,1.000000,1000000,False
24649,734PN35-SG,734PN35,,-1.000000,100,,NSE,1.000000,1000000,False
24656,734AP44-SG,734AP44,,-1.000000,100,,NSE,1.000000,1000000,False
24666,734PN32-SG,734PN32,,-1.000000,100,,NSE,1.000000,999900,False
757550,708MH39-SG,708MH39,,-1.000000,100,,NSE,1.000000,1000000,False
757558,709TN55-SG,709TN55,,-1.000000,100,,NSE,1.000000,1000000,False
757561,674UK35A-SG,674UK35A,,-1.000000,100,,NSE,1.000000,1000000,False
757571,925IIFL32-N0,925IIFL32,,-1.000000,1,,NSE,1.000000,817,False
24682,910CIFL31-N0,910CIFL31,,-1.000000,1,,NSE,1.000000,1000,False
24715,AKUMS-EQ,AKUMS,,-1.000000,1,,NSE,5.000000,128748,False
24751,725HP33-SG,725HP33,,-1.000000,100,,NSE,1.000000,1000000,False
757573,930IIFL35-N0,930IIFL35,,-1.000000,1,,NSE,1.000000,817,False
757579,AAKAAR-SM,AAKAAR,,-1.000000,1600,,NSE,5.000000,463451,False
757725,LIQGRWBEES-EQ,LIQGRWBEES,,-1.000000,1,,NSE,1.000000,53509,False
757743,714TS55-SG,714TS55,,-1.000000,100,,NSE,1.000000,999950,False
24753,723TN34-SG,723TN34,,-1.000000,100,,NSE,1.000000,1000000,False
24765,73AS39-SG,73AS39,,-1.000000,100,,NSE,1.000000,1000000,False
24775,799RCFL27-N0,799RCFL27,,-1.000000,1,,NSE,1.000000,981,False
24814,FIRSTCRY-EQ,FIRSTCRY,,-1.000000,1,,NSE,1.000000,592023,False
757744,713KL58-SG,713KL58,,-1.000000,100,,NSE,1.000000,1000000,False
757772,HDBFS-EQ,HDBFS,,-1.000000,1,,NSE,5.000000,148632,False
757777,RTL-SM,RTL,,-1.000000,2000,,NSE,5.000000,431618,False
757814,GROWWNET-EQ,GROWWNET,,-1.000000,1,,NSE,1.000000,1269038,False
24830,AESTHETIK-SM,AESTHETIK,,-1.000000,1000,,NSE,5.000000,563099,False
24887,725HR39-SG,725HR39,,-1.000000,100,,NSE,1.000000,1000000,False
24894,724BR33-SG,724BR33,,-1.000000,100,,NSE,1.000000,1000000,False
757839,9PFL27-N0,9PFL27,,-1.000000,1,,NSE,1.000000,949,False
757845,INDIQUBE-EQ,INDIQUBE,,-1.000000,1,,NSE,1.000000,492894,False
757847,668GS2040-GS,668GS2040,,-1.000000,1,,NSE,1.000000,1017600,False
757885,ANTHEM-EQ,ANTHEM,,-1.000000,1,,NSE,5.000000,105880,False
2493,ORIENTHOT-EQ,ORIENTHOT,,-1.000000,1,,NSE,1.000000,707431,False
2492,SILGO-EQ,SILGO,,-1.000000,1,,NSE,1.000000,1284790,False
24899,732PFCL39-N0,732PFCL39,,-1.000000,1,,NSE,1.000000,999,False
24909,INTERARCH-EQ,INTERARCH,,-1.000000,1,,NSE,10.000000,57862,False
757902,INTEGRITY-SM,INTEGRITY,,-1.000000,1200,,NSE,5.000000,143880,False
757927,718JK45A-SG,718JK45A,,-1.000000,100,,NSE,1.000000,999950,False
757930,716MH50-SG,716MH50,,-1.000000,100,,NSE,1.000000,999900,False
757933,687AP33-SG,687AP33,,-1.000000,100,,NSE,1.000000,999900,False
24942,775LICH29-N0,775LICH29,,-1.000000,1,,NSE,1.000000,999,False
24969,WINDMACHIN-EQ,WINDMACHIN,,-1.000000,1,,NSE,5.000000,332545,False
24975,73BOB34-N0,73BOB34,,-1.000000,1,,NSE,1.000000,1000,False
757935,713MH48-SG,713MH48,,-1.000000,100,,NSE,1.000000,999900,False
757982,SELLOWRAP-SM,SELLOWRAP,,-1.000000,1600,,NSE,5.000000,449435,False
758030,820TOPO36-N0,820TOPO36,,-1.000000,1,,NSE,1.000000,999,False
758123,721TS47-SG,721TS47,,-1.000000,100,,NSE,1.000000,1000000,False
758141,758ABHFL35-N0,758ABHFL35,,-1.000000,1,,NSE,1.000000,999,False
758147,LOTUSDEV-BE,LOTUSDEV,,-1.000000,1,,NSE,1.000000,477483,False
758199,716MH55-SG,716MH55,,-1.000000,100,,NSE,1.000000,1000000,False
24988,726AS39-SG,726AS39,,-1.000000,100,,NSE,1.000000,1000000,False
24999,IBULLSLTD-EQ,IBULLSLTD,,-1.000000,1,,NSE,1.000000,3823608,False
25010,720MH34-SG,720MH34,,-1.000000,100,,NSE,1.000000,999900,False
758203,696AP33-SG,696AP33,,-1.000000,100,,NSE,1.000000,999900,False
758216,AARADHYA-ST,AARADHYA,,-1.000000,1200,,NSE,5.000000,462312,False
758336,635LT28-N0,635LT28,,-1.000000,1,,NSE,1.000000,1000,False
758349,EEPL-ST,EEPL,,-1.000000,1000,,NSE,5.000000,423769,False
25037,JAYBEE-SM,JAYBEE,,-1.000000,500,,NSE,5.000000,737960,False
25065,AERON-SM,AERON,,-1.000000,1000,,NSE,5.000000,556554,False
25082,TREEHOUSE-EQ,TREEHOUSE,,-1.000000,1,,NSE,1.000000,1383560,False
25089,725GA35-SG,725GA35,,-1.000000,100,,NSE,1.000000,490500,False
758431,KRT-RR,KRT,,-1.000000,1,,NSE,1.000000,882445,False
758531,116VCCL27-N0,116VCCL27,,-1.000000,1,,NSE,1.000000,65,False
25109,724RJ34-SG,724RJ34,,-1.000000,100,,NSE,1.000000,1000000,False
25110,726MH50-SG,726MH50,,-1.000000,100,,NSE,1.000000,999900,False
25145,8049ABHF27-N0,8049ABHF27,,-1.000000,1,,NSE,1.000000,866,False
25170,NAMOEWASTE-ST,NAMOEWASTE,,-1.000000,800,,NSE,5.000000,351793,False
758585,717GA35A-SG,717GA35A,,-1.000000,100,,NSE,1.000000,327000,False
758689,773AIFL30-N0,773AIFL30,,-1.000000,1,,NSE,1.000000,392,False
758710,754TS55-SG,754TS55,,-1.000000,100,,NSE,1.000000,1052600,False
25248,AUSL-SM,AUSL,,-1.000000,2000,,NSE,5.000000,812123,False
25262,TOLINS-EQ,TOLINS,,-1.000000,1,,NSE,1.000000,1118534,False
758836,SIMBHALS-BZ,SIMBHALS,,-1.000000,1,,NSE,1.000000,1349823,False
758815,72MH36-SG,72MH36,,-1.000000,100,,NSE,1.000000,999900,False
758818,715UP35-SG,715UP35,,-1.000000,100,,NSE,1.000000,1000000,False
25327,EXCELLENT-ST,EXCELLENT,,-1.000000,1600,,NSE,5.000000,146169,False
25328,APLLTD-EQ,APLLTD,,-1.000000,1,,NSE,5.000000,123245,False
758846,724MH34-SG,724MH34,,-1.000000,100,,NSE,1.000000,1000000,False
758848,752BR36-SG,752BR36,,-1.000000,100,,NSE,1.000000,1000000,False
758850,747HR40-SG,747HR40,,-1.000000,100,,NSE,1.000000,1000000,False
758851,751HR41-SG,751HR41,,-1.000000,100,,NSE,1.000000,1000000,False
2535,PGHH-EQ,PGHH,,-1.000000,1,,NSE,50.000000,13276,False
25352,71MH33-SG,71MH33,,-1.000000,100,,NSE,1.000000,1075200,False
25359,713HR36-SG,713HR36,,-1.000000,100,,NSE,1.000000,1055200,False
25421,DECCANTRAN-SM,DECCANTRAN,,-1.000000,1200,,NSE,5.000000,743056,False
758928,748AP33-SG,748AP33,,-1.000000,100,,NSE,1.000000,1000000,False
758935,763AP37-SG,763AP37,,-1.000000,100,,NSE,1.000000,999900,False
758930,731TN34-SG,731TN34,,-1.000000,100,,NSE,1.000000,1000000,False
758933,762AP36-SG,762AP36,,-1.000000,100,,NSE,1.000000,999900,False
25502,712MH38-SG,712MH38,,-1.000000,100,,NSE,1.000000,999900,False
25527,BIKEWO-ST,BIKEWO,,-1.000000,2000,,NSE,5.000000,426514,False
25564,1050SCL31A-N1,1050SCL31A,,-1.000000,1,,NSE,1.000000,566,False
25595,AAFS28C-N0,AAFS28C,,-1.000000,1,,NSE,1.000000,354,False
758958,STLNETWORK-EQ,STLNETWORK,,-1.000000,1,,NSE,1.000000,2731764,False
759032,745BR45-SG,745BR45,,-1.000000,100,,NSE,1.000000,1000000,False
25652,TECHERA-SM,TECHERA,,-1.000000,800,,NSE,5.000000,540234,False
25704,712GA35-SG,712GA35,,-1.000000,100,,NSE,1.000000,327000,False
25708,HVAX-SM,HVAX,,-1.000000,150,,NSE,5.000000,90803,False
759098,12AFIL27A-N0,12AFIL27A,,-1.000000,1,,NSE,1.000000,981,False
759148,789GIL30-N0,789GIL30,,-1.000000,1,,NSE,1.000000,1000,False
759168,709PY31-SG,709PY31,,-1.000000,100,,NSE,1.000000,490500,False
759203,DHARAN-BZ,DHARAN,,-1.000000,1,,NSE,1.000000,170980401,False
2578,722KA38A-SG,722KA38A,,-1.000000,100,,NSE,1.000000,1034100,False
25716,PARAMOUNT-SM,PARAMOUNT,,-1.000000,1200,,NSE,5.000000,227024,False
25764,71MH32A-SG,71MH32A,,-1.000000,100,,NSE,1.000000,999900,False
25812,12VCCL27A-N0,12VCCL27A,,-1.000000,1,,NSE,1.000000,49,False
759232,738HR41-SG,738HR41,,-1.000000,100,,NSE,1.000000,1000000,False
759287,70826LTF28-N0,70826LTF28,,-1.000000,1,,NSE,1.000000,817,False
25840,7712TCHF28-N0,7712TCHF28,,-1.000000,1,,NSE,1.000000,999,False
25849,757LICH29-N0,757LICH29,,-1.000000,1,,NSE,1.000000,999,False
25851,VAL30IETF-EQ,VAL30IETF,,-1.000000,1,,NSE,1.000000,1048910,False
759300,761ABCL35A-N0,761ABCL35A,,-1.000000,1,,NSE,1.000000,999,False
759324,749KL40-SG,749KL40,,-1.000000,100,,NSE,1.000000,1000000,False
759349,724TFSIL27-N0,724TFSIL27,,-1.000000,1,,NSE,1.000000,981,False
25876,MORARJEE-BZ,MORARJEE,,-1.000000,1,,NSE,1.000000,1188067,False
25957,713RJ34-SG,713RJ34,,-1.000000,100,,NSE,1.000000,1000000,False
759387,727AP36-SG,727AP36,,-1.000000,100,,NSE,1.000000,1000000,False
759493,74MP47-SG,74MP47,,-1.000000,100,,NSE,1.000000,1000000,False
759496,840MCSL31-N0,840MCSL31,,-1.000000,1,,NSE,1.000000,490,False
759549,714TN35A-SG,714TN35A,,-1.000000,100,,NSE,1.000000,1000000,False
2598,AMJLAND-EQ,AMJLAND,,-1.000000,1,,NSE,1.000000,1340700,False
759563,920PFL28-N2,920PFL28,,-1.000000,1,,NSE,1.000000,23789,False
25967,716TS47-SG,716TS47,,-1.000000,100,,NSE,1.000000,1000000,False
25969,716TN54-SG,716TN54,,-1.000000,100,,NSE,1.000000,1000000,False
759559,930PFL29-N0,930PFL29,,-1.000000,1,,NSE,1.000000,408,False
759703,754KA39-SG,754KA39,,-1.000000,100,,NSE,1.000000,1000000,False
25989,732IREDA29-N0,732IREDA29,,-1.000000,1,,NSE,1.000000,999,False
26013,NIFTYNXT50,NIFTYNXT50,,-1.000000,1,,NSE,0.000000,0,False
759723,PWL-EQ,PWL,,-1.000000,1,,NSE,1.000000,732787,False
759740,725MH37-SG,725MH37,,-1.000000,100,,NSE,1.000000,1000000,False
759746,744TS56A-SG,744TS56A,,-1.000000,100,,NSE,1.000000,1000000,False
759802,SHETHJI-SM,SHETHJI,,-1.000000,1000,,NSE,5.000000,527690,False
2645,DRCSYSTEMS-EQ,DRCSYSTEMS,,-1.000000,1,,NSE,1.000000,4711459,False
2658,PHOENXINTL-EQ,PHOENXINTL,,-1.000000,1,,NSE,1.000000,549018,False
2659,72TS51-SG,72TS51,,-1.000000,100,,NSE,1.000000,999915,False
2664,PIDILITIND-EQ,PIDILITIND,,-1.000000,1,,NSE,10.000000,63102,True
759806,GROWW-EQ,GROWW,,-1.000000,1,,NSE,1.000000,495614,False
759908,689NL30-SG,689NL30,,-1.000000,100,,NSE,1.000000,1000000,False
759998,ENIFTY-EQ,ENIFTY,,-1.000000,1,,NSE,1.000000,214818,False
760013,714TN34A-SG,714TN34A,,-1.000000,100,,NSE,1.000000,1000000,False
760014,719CG35A-SG,719CG35A,,-1.000000,100,,NSE,1.000000,1000000,False
760017,731MN37-SG,731MN37,,-1.000000,100,,NSE,1.000000,490500,False
760066,72MP33-SG,72MP33,,-1.000000,100,,NSE,1.000000,1000000,False
760095,735AP36-SG,735AP36,,-1.000000,100,,NSE,1.000000,1000000,False
2671,708GJ31-SG,708GJ31,,-1.000000,100,,NSE,1.000000,999900,False
2676,717UP31-SG,717UP31,,-1.000000,100,,NSE,1.000000,999900,False
27023,865BTL27-N0,865BTL27,,-1.000000,1,,NSE,1.000000,1000,False
27025,890BTL31-N0,890BTL31,,-1.000000,1,,NSE,1.000000,999,False
760139,INVICTA-SM,INVICTA,,-1.000000,1600,,NSE,5.000000,411103,False
760172,875AOL27-N0,875AOL27,,-1.000000,1,,NSE,1.000000,163,False
27094,776FEDB34-N0,776FEDB34,,-1.000000,1,,NSE,1.000000,999,False
27095,SWANCORP-EQ,SWANCORP,,-1.000000,1,,NSE,5.000000,337279,False
760275,719GJ33-SG,719GJ33,,-1.000000,100,,NSE,1.000000,1000000,False
760299,364D101226-TB,364D101226,,-1.000000,100,,NSE,1.000000,1015360,False
760328,SILVERBND-EQ,SILVERBND,,-1.000000,1,,NSE,1.000000,17234,False
760331,FWSTC-SM,FWSTC,,-1.000000,600,,NSE,5.000000,332792,False
27154,710UP32-SG,710UP32,,-1.000000,100,,NSE,1.000000,990000,False
27163,815GIL29-N0,815GIL29,,-1.000000,1,,NSE,1.000000,1000,False
27171,RACLGEAR-EQ,RACLGEAR,,-1.000000,1,,NSE,10.000000,56924,False
27273,679GS2034A-GS,679GS2034A,,-1.000000,1,,NSE,1.000000,999744,False
760336,714NL30A-SG,714NL30A,,-1.000000,100,,NSE,1.000000,1000000,False
760338,737CG33-SG,737CG33,,-1.000000,100,,NSE,1.000000,1000000,False
760340,734GA35-SG,734GA35,,-1.000000,100,,NSE,1.000000,327000,False
760344,815MOFS28-N0,815MOFS28,,-1.000000,1,,NSE,1.000000,981,False
27282,778SHFL28-N0,778SHFL28,,-1.000000,1,,NSE,1.000000,654,False
27292,892CIFL34-N0,892CIFL34,,-1.000000,1,,NSE,1.000000,1000,False
27321,708TN34-SG,708TN34,,-1.000000,100,,NSE,1.000000,1000000,False
27598,711PFCL40-N0,711PFCL40,,-1.000000,1,,NSE,1.000000,1000,False
760346,NEPHROPLUS-EQ,NEPHROPLUS,,-1.000000,1,,NSE,5.000000,130643,False
760372,915APSBC31-N0,915APSBC31,,-1.000000,1,,NSE,1.000000,956,False
760391,364D171226-TB,364D171226,,-1.000000,100,,NSE,1.000000,1019981,False
2762,719WB36-SG,719WB36,,-1.000000,100,,NSE,1.000000,1000000,False
2771,719KA40-SG,719KA40,,-1.000000,100,,NSE,1.000000,1000000,False
27803,775LTFL27-N0,775LTFL27,,-1.000000,1,,NSE,1.000000,1000,False
760431,722TFSI28-N0,722TFSI28,,-1.000000,1,,NSE,1.000000,981,False
760445,754TR40-SG,754TR40,,-1.000000,100,,NSE,1.000000,1000000,False
2799,CHEMFAB-EQ,CHEMFAB,,-1.000000,1,,NSE,5.000000,263599,False
27907,780SICC29-N0,780SICC29,,-1.000000,1,,NSE,1.000000,999,False
760461,RAJESHEXPO-BZ,RAJESHEXPO,,-1.000000,1,,NSE,1.000000,1276999,False
760503,719KA32-SG,719KA32,,-1.000000,100,,NSE,1.000000,1000000,False
760508,734TN34A-SG,734TN34A,,-1.000000,100,,NSE,1.000000,1052600,False
760517,76TS42-SG,76TS42,,-1.000000,100,,NSE,1.000000,1000000,False
28180,697TN28-SG,697TN28,,-1.000000,100,,NSE,1.000000,1000000,False
28233,712KA36-SG,712KA36,,-1.000000,100,,NSE,1.000000,1000000,False
28260,711AR44-SG,711AR44,,-1.000000,100,,NSE,1.000000,999982,False
28272,710TS46-SG,710TS46,,-1.000000,100,,NSE,1.000000,1000000,False
760541,729NHPC36-N0,729NHPC36,,-1.000000,1,,NSE,1.000000,654,False
760565,75CG35-SG,75CG35,,-1.000000,100,,NSE,1.000000,1000000,False
760566,753AP36A-SG,753AP36A,,-1.000000,100,,NSE,1.000000,1000000,False
760567,757AS36-SG,757AS36,,-1.000000,100,,NSE,1.000000,1000000,False
28503,816KSFP29-N0,816KSFP29,,-1.000000,1,,NSE,1.000000,327,False
28530,675GS2029-GS,675GS2029,,-1.000000,1,,NSE,1.000000,973000,False
760570,759MP38A-SG,759MP38A,,-1.000000,100,,NSE,1.000000,999900,False
760582,761AP42-SG,761AP42,,-1.000000,100,,NSE,1.000000,1000000,False
760584,76AP44A-SG,76AP44A,,-1.000000,100,,NSE,1.000000,1000000,False
760605,729NHPC41-N0,729NHPC41,,-1.000000,1,,NSE,1.000000,654,False
28813,719AS34-SG,719AS34,,-1.000000,100,,NSE,1.000000,999990,False
28840,7685TCHF28-N0,7685TCHF28,,-1.000000,1,,NSE,1.000000,1000,False
760628,SIHF29-N0,SIHF29,,-1.000000,1,,NSE,1.000000,981,False
760663,725KA32-SG,725KA32,,-1.000000,100,,NSE,1.000000,1000000,False
760673,GROWWCHEM-EQ,GROWWCHEM,,-1.000000,1,,NSE,1.000000,404026,False
760769,721TN32A-SG,721TN32A,,-1.000000,100,,NSE,1.000000,1000000,False
28858,9IHFL27-N1,9IHFL27,,-1.000000,1,,NSE,1.000000,14451,False
28859,PROZONER-EQ,PROZONER,,-1.000000,1,,NSE,1.000000,1891054,False
28925,1015SCL29T-N1,1015SCL29T,,-1.000000,1,,NSE,1.000000,2782,False
760772,758TN56A-SG,758TN56A,,-1.000000,100,,NSE,1.000000,1000000,False
760774,749OR36-SG,749OR36,,-1.000000,100,,NSE,1.000000,1034750,False
760777,759OR46-SG,759OR46,,-1.000000,100,,NSE,1.000000,1000000,False
760782,710NBRD29-N0,710NBRD29,,-1.000000,1,,NSE,1.000000,999,False
28973,825TCSL27-N0,825TCSL27,,-1.000000,1,,NSE,1.000000,999,False
29001,711JK55-SG,711JK55,,-1.000000,100,,NSE,1.000000,1000000,False
29003,715KA43-SG,715KA43,,-1.000000,100,,NSE,1.000000,1000000,False
29007,715UP37-SG,715UP37,,-1.000000,100,,NSE,1.000000,999900,False
760790,768AP39-SG,768AP39,,-1.000000,100,,NSE,1.000000,999960,False
760792,775CG42-SG,775CG42,,-1.000000,100,,NSE,1.000000,1000000,False
760802,7PFCL36-N4,7PFCL36,,-1.000000,1,,NSE,1.000000,10483,False
760821,975BNAL28-N0,975BNAL28,,-1.000000,1,,NSE,1.000000,2616,False
29019,ECAPINSURE-EQ,ECAPINSURE,,-1.000000,1,,NSE,1.000000,208686,False
29022,810NIT40-N0,810NIT40,,-1.000000,1,,NSE,1.000000,999,False
29049,713UK32-SG,713UK32,,-1.000000,100,,NSE,1.000000,1000000,False
760841,717GJ32-SG,717GJ32,,-1.000000,100,,NSE,1.000000,999900,False
760844,744MH34-SG,744MH34,,-1.000000,100,,NSE,1.000000,999925,False
760881,738KA34A-SG,738KA34A,,-1.000000,100,,NSE,1.000000,1000000,False
760882,74MP35-SG,74MP35,,-1.000000,100,,NSE,1.000000,999900,False
2907,694CG29-SG,694CG29,,-1.000000,100,,NSE,1.000000,1000000,False
29050,ZUARI-EQ,ZUARI,,-1.000000,1,,NSE,1.000000,453637,False
29063,715BR40-SG,715BR40,,-1.000000,100,,NSE,1.000000,1000000,False
29075,SETL-EQ,SETL,,-1.000000,1,,NSE,5.000000,213456,False
760888,364D040327-TB,364D040327,,-1.000000,100,,NSE,1.000000,1059200,False
760906,719KA32A-SG,719KA32A,,-1.000000,100,,NSE,1.000000,1000000,False
760933,787AS46-SG,787AS46,,-1.000000,100,,NSE,1.000000,900900,False
760936,784TS47-SG,784TS47,,-1.000000,100,,NSE,1.000000,877000,False
29113,CARERATING-EQ,CARERATING,,-1.000000,1,,NSE,10.000000,60579,False
29126,724KL44-SG,724KL44,,-1.000000,100,,NSE,1.000000,1000000,False
760938,775TS53-SG,775TS53,,-1.000000,100,,NSE,1.000000,854500,False
760971,GJL-ST,GJL,,-1.000000,800,,NSE,5.000000,376142,False
761002,701NBRD29-N0,701NBRD29,,-1.000000,1,,NSE,1.000000,999,False
2919,684UK31-SG,684UK31,,-1.000000,100,,NSE,1.000000,1000000,False
29151,SATKARTAR-SM,SATKARTAR,,-1.000000,800,,NSE,5.000000,516505,False
761007,776AS46-SG,776AS46,,-1.000000,100,,NSE,1.000000,1000000,False
761028,724PFCL31-N0,724PFCL31,,-1.000000,1,,NSE,1.000000,1000,False
761307,775BTL28-N0,775BTL28,,-1.000000,1,,NSE,1.000000,1000,False
29237,712GJ35-SG,712GJ35,,-1.000000,100,,NSE,1.000000,1000000,False
29240,714KL45-SG,714KL45,,-1.000000,100,,NSE,1.000000,999900,False
29245,875TVSH30-N0,875TVSH30,,-1.000000,1,,NSE,1.000000,981,False
29276,970ISF28-N0,970ISF28,,-1.000000,1,,NSE,1.000000,98,False
761322,741TN36-SG,741TN36,,-1.000000,100,,NSE,1.000000,1000000,False
761326,741GJ37-SG,741GJ37,,-1.000000,100,,NSE,1.000000,999900,False
761346,890AEL31-NN,890AEL31,,-1.000000,1,,NSE,1.000000,66757,False
761372,774TR41-SG,774TR41,,-1.000000,100,,NSE,1.000000,1000000,False
29284,VMART-EQ,VMART,,-1.000000,1,,NSE,5.000000,123538,False
29285,713KA41-SG,713KA41,,-1.000000,100,,NSE,1.000000,1000000,False
29295,712PN45-SG,712PN45,,-1.000000,100,,NSE,1.000000,999880,False
29301,708JK55-SG,708JK55,,-1.000000,100,,NSE,1.000000,981000,False
761379,774MP47-SG,774MP47,,-1.000000,100,,NSE,1.000000,999900,False
761413,749JH36-SG,749JH36,,-1.000000,100,,NSE,1.000000,1000000,False
761448,775TS45-SG,775TS45,,-1.000000,100,,NSE,1.000000,999972,False
2933,863REC29-NC,863REC29,,-1.000000,1,,NSE,1.000000,77786,False
29439,SUPREME-EQ,SUPREME,,-1.000000,1,,NSE,1.000000,1263752,False
761449,78JK46-SG,78JK46,,-1.000000,100,,NSE,1.000000,1000000,False
761453,738GJ35-SG,738GJ35,,-1.000000,100,,NSE,1.000000,999900,False
761458,756SK36-SG,756SK36,,-1.000000,100,,NSE,1.000000,817500,False
761467,89ICFL28-N0,89ICFL28,,-1.000000,1,,NSE,1.000000,490,False
29467,79742SIC30-N0,79742SIC30,,-1.000000,1,,NSE,1.000000,768,False
29499,707GJ34-SG,707GJ34,,-1.000000,100,,NSE,1.000000,999900,False
29504,711OR37-SG,711OR37,,-1.000000,100,,NSE,1.000000,1000000,False
761494,BCPL-EQ,BCPL,,-1.000000,1,,NSE,1.000000,546862,False
761509,775NIIF33-N0,775NIIF33,,-1.000000,1,,NSE,1.000000,999,False
761535,779WB51-SG,779WB51,,-1.000000,100,,NSE,1.000000,999900,False
761536,727NBRD29A-N0,727NBRD29A,,-1.000000,1,,NSE,1.000000,999,False
2951,S&SPOWER-EQ,S&SPOWER,,-1.000000,1,,NSE,5.000000,285423,False
29512,716AP40-SG,716AP40,,-1.000000,100,,NSE,1.000000,1000000,False
29518,70OR30-SG,70OR30,,-1.000000,100,,NSE,1.000000,1000000,False
29519,714UK32-SG,714UK32,,-1.000000,100,,NSE,1.000000,1000000,False
761538,92LMAEL31-N0,92LMAEL31,,-1.000000,1,,NSE,1.000000,999,False
761555,745GJ34-SG,745GJ34,,-1.000000,100,,NSE,1.000000,999936,False
761567,768KA37A-SG,768KA37A,,-1.000000,100,,NSE,1.000000,1000000,False
761571,789HP41-SG,789HP41,,-1.000000,100,,NSE,1.000000,999993,False
29521,718TS47-SG,718TS47,,-1.000000,100,,NSE,1.000000,1000000,False
29556,BSLIFQPIDG-MF,BSLIFQPIDG,,-1.000000,1,,NSE,1.000000,42510,False
29575,709TN35-SG,709TN35,,-1.000000,100,,NSE,1.000000,1010100,False
761591,ALSDG-SF,ALSDG,,-1.000000,1,,NSE,1.000000,1109521,False
761644,781HP36-SG,781HP36,,-1.000000,100,,NSE,1.000000,999990,False
761645,791PN36-SG,791PN36,,-1.000000,100,,NSE,1.000000,1036500,False
761649,797TS43-SG,797TS43,,-1.000000,100,,NSE,1.000000,999000,False
761655,ISIFHLSG-SF,ISIFHLSG,,-1.000000,1,,NSE,1.000000,7804777,False
761659,807TS56-SG,807TS56,,-1.000000,100,,NSE,1.000000,990090,False
761670,AEROPLANE-EQ,AEROPLANE,,-1.000000,1,,NSE,1.000000,487417,False
29662,PSRAJ-SM,PSRAJ,,-1.000000,2500,,NSE,5.000000,1011114,False
29676,773TIL35-N0,773TIL35,,-1.000000,1,,NSE,1.000000,999,False
29687,UNIONGOLD-EQ,UNIONGOLD,,-1.000000,1,,NSE,5.000000,646113,False
761741,SBINMID150-EQ,SBINMID150,,-1.000000,1,,NSE,1.000000,196037,False
761744,799HR44-SG,799HR44,,-1.000000,100,,NSE,1.000000,1034850,False
761749,804TR48-SG,804TR48,,-1.000000,100,,NSE,1.000000,999955,False
761750,806WB49-SG,806WB49,,-1.000000,100,,NSE,1.000000,999839,False
2972,ORIENTELEC-EQ,ORIENTELEC,,-1.000000,1,,NSE,1.000000,576087,False
29692,715AS35B-SG,715AS35B,,-1.000000,100,,NSE,1.000000,999990,False
29749,12VCCL27B-N0,12VCCL27B,,-1.000000,1,,NSE,1.000000,65,False
761805,87HMDA37-N0,87HMDA37,,-1.000000,1,,NSE,1.000000,630,False
761992,888CIFCL33-N0,888CIFCL33,,-1.000000,1,,NSE,1.000000,999,False
29917,72CG34-SG,72CG34,,-1.000000,100,,NSE,1.000000,1000000,False
762428,76UP33-SG,76UP33,,-1.000000,100,,NSE,1.000000,999900,False
762430,182D151026-TB,182D151026,,-1.000000,100,,NSE,1.000000,1015200,False
762432,OMPOWER-EQ,OMPOWER,,-1.000000,1,,NSE,1.000000,582952,False
2998,SUVIDHAA-EQ,SUVIDHAA,,-1.000000,1,,NSE,1.000000,6860678,False
29924,718TN36-SG,718TN36,,-1.000000,100,,NSE,1.000000,1000000,False
29992,727TS47-SG,727TS47,,-1.000000,100,,NSE,1.000000,1000000,False
762568,BATLIBOI-EQ,BATLIBOI,,-1.000000,1,,NSE,1.000000,1163984,False
762586,BI-BE,BI,,-1.000000,1,,NSE,1.000000,769929,False
30010,722OR36-SG,722OR36,,-1.000000,100,,NSE,1.000000,1000000,False
30020,73OR39-SG,73OR39,,-1.000000,100,,NSE,1.000000,1000000,False
30021,725UP39-SG,725UP39,,-1.000000,100,,NSE,1.000000,999900,False
30047,905CIFL32-N0,905CIFL32,,-1.000000,1,,NSE,1.000000,1000,False
762623,COCKERILL-EQ,COCKERILL,,-1.000000,1,,NSE,50.000000,12206,False
762648,DRAGARWQ-EQ,DRAGARWQ,,-1.000000,1,,NSE,50.000000,18843,False
762695,GRANDOAK-EQ,GRANDOAK,,-1.000000,1,,NSE,1.000000,2844000,False
30108,ABFRL-EQ,ABFRL,,-1.000000,1,,NSE,1.000000,1982108,False
30065,MOCAPITAL-EQ,MOCAPITAL,,-1.000000,1,,NSE,1.000000,1518097,False
762725,INVPRECQ-BE,INVPRECQ,,-1.000000,1,,NSE,10.000000,71130,False
30134,PRABHA-EQ,PRABHA,,-1.000000,1,,NSE,1.000000,408663,False
30149,773LICH27-N0,773LICH27,,-1.000000,1,,NSE,1.000000,1000,False
30163,718MZ40-SG,718MZ40,,-1.000000,100,,NSE,1.000000,392400,False
762780,MAJESAUT-BE,MAJESAUT,,-1.000000,1,,NSE,5.000000,272694,False
762812,NEAGI-EQ,NEAGI,,-1.000000,1,,NSE,10.000000,20341,False
762817,NILE-EQ,NILE,,-1.000000,1,,NSE,10.000000,68863,False
762879,SAYAJIHOTL-EQ,SAYAJIHOTL,,-1.000000,1,,NSE,5.000000,305986,False
302,685RJ30-SG,685RJ30,,-1.000000,100,,NSE,1.000000,817500,False
30176,698OR29-SG,698OR29,,-1.000000,100,,NSE,1.000000,1000000,False
30179,714MP32-SG,714MP32,,-1.000000,100,,NSE,1.000000,1000000,False
30196,744RL28-N0,744RL28,,-1.000000,1,,NSE,1.000000,999,False
762889,SEIL-EQ,SEIL,,-1.000000,1,,NSE,1.000000,518902,False
762954,TIMEX-EQ,TIMEX,,-1.000000,1,,NSE,5.000000,158289,False
30232,1075SCL35-N1,1075SCL35,,-1.000000,1,,NSE,1.000000,1366,False
30422,704KA32-SG,704KA32,,-1.000000,100,,NSE,1.000000,999900,False
30427,702GJ33-SG,702GJ33,,-1.000000,100,,NSE,1.000000,999900,False
30435,71SK35-SG,71SK35,,-1.000000,100,,NSE,1.000000,999987,False
762969,VELJAN-BE,VELJAN,,-1.000000,1,,NSE,10.000000,52906,False
762985,ZSARACOM-EQ,ZSARACOM,,-1.000000,1,,NSE,100.000000,9261,False
763065,755MH34-SG,755MH34,,-1.000000,100,,NSE,1.000000,1000000,False
763070,781AP56-SG,781AP56,,-1.000000,100,,NSE,1.000000,1000000,False
30442,71HP40-SG,71HP40,,-1.000000,100,,NSE,1.000000,999980,False
30446,71RJ43-SG,71RJ43,,-1.000000,100,,NSE,1.000000,999943,False
30453,707TS55-SG,707TS55,,-1.000000,100,,NSE,1.000000,1000000,False
30460,RAPIDFLEET-SM,RAPIDFLEET,,-1.000000,600,,NSE,5.000000,243117,False
763074,77TS37-SG,77TS37,,-1.000000,100,,NSE,1.000000,1000000,False
763076,779AP42-SG,779AP42,,-1.000000,100,,NSE,1.000000,999900,False
763147,7616ABHF29-N0,7616ABHF29,,-1.000000,1,,NSE,1.000000,490,False
763201,708UK29-SG,708UK29,,-1.000000,100,,NSE,1.000000,1000000,False
309,69UK30A-SG,69UK30A,,-1.000000,100,,NSE,1.000000,1000000,False
3064,69GJ30-SG,69GJ30,,-1.000000,100,,NSE,1.000000,999900,False
30717,825ABHFL31-N0,825ABHFL31,,-1.000000,1,,NSE,1.000000,999,False
30986,837REC33-N7,837REC33,,-1.000000,1,,NSE,1.000000,2941,False
763210,85GFL36-N0,85GFL36,,-1.000000,1,,NSE,1.000000,490,False
763304,VALUE360-SM,VALUE360,,-1.000000,1200,,NSE,5.000000,526143,False
763359,935ISF36-N0,935ISF36,,-1.000000,1,,NSE,1.000000,81,False
763374,364D130527-TB,364D130527,,-1.000000,100,,NSE,1.000000,1041760,False
31080,ISIFAAFG-SF,ISIFAAFG,,-1.000000,1,,NSE,1.000000,10009795,False
31138,COMPUSOFT-EQ,COMPUSOFT,,-1.000000,1,,NSE,1.000000,2587393,False
31479,ORBTEXP-BE,ORBTEXP,,-1.000000,1,,NSE,1.000000,421924,False
763602,MSCI360-EQ,MSCI360,,-1.000000,1,,NSE,1.000000,215823,False
763634,MFL29-N0,MFL29,,-1.000000,1,,NSE,1.000000,999,False
763733,791JK46-SG,791JK46,,-1.000000,100,,NSE,1.000000,1000000,False
316,705MZ35-SG,705MZ35,,-1.000000,100,,NSE,1.000000,431640,False
3162,SIMPLEXINF-EQ,SIMPLEXINF,,-1.000000,1,,NSE,5.000000,391996,False
31637,763GJ37-SG,763GJ37,,-1.000000,100,,NSE,1.000000,999900,False
31638,774UP38-SG,774UP38,,-1.000000,100,,NSE,1.000000,1002470,False
763735,769TN33-SG,769TN33,,-1.000000,100,,NSE,1.000000,1003200,False
763782,182D311226-TB,182D311226,,-1.000000,100,,NSE,1.000000,1022789,False
763839,KNACK-EQ,KNACK,,-1.000000,1,,NSE,1.000000,545626,False
317,BAJFINANCE-EQ,BAJFINANCE,,-1.000000,1,,NSE,10.000000,93389,True
3172,GILT5YBEES-EQ,GILT5YBEES,,-1.000000,1,,NSE,1.000000,1280374,False
31768,891NTPC33-N6,891NTPC33,,-1.000000,1,,NSE,1.000000,78365,False
31784,364D100627-TB,364D100627,,-1.000000,100,,NSE,1.000000,1054000,False
764032,74CG35-SG,74CG35,,-1.000000,100,,NSE,1.000000,817500,False
764037,73KL33-SG,73KL33,,-1.000000,100,,NSE,1.000000,1000000,False
764064,ICELCO-SM,ICELCO,,-1.000000,1200,,NSE,5.000000,597154,False
764113,729SIDBI29-N0,729SIDBI29,,-1.000000,1,,NSE,1.000000,1000,False
3196,678AP38-SG,678AP38,,-1.000000,100,,NSE,1.000000,1000000,False
3220,LODHA-EQ,LODHA,,-1.000000,1,,NSE,10.000000,88916,True
3252,SPIC-EQ,SPIC,,-1.000000,1,,NSE,1.000000,1449104,False
31841,SREEL-BE,SREEL,,-1.000000,1,,NSE,1.000000,300042,False
764151,769MZ41-SG,769MZ41,,-1.000000,100,,NSE,1.000000,327000,False
764152,91D151026-TB,91D151026,,-1.000000,100,,NSE,1.000000,1006399,False
764154,364D150727-TB,364D150727,,-1.000000,100,,NSE,1.000000,1056160,False
764155,820NOM28-N0,820NOM28,,-1.000000,1,,NSE,1.000000,981,False
764203,CPL-EQ,CPL,,-1.000000,1,,NSE,1.000000,1543405,False
764295,706GS2041-GS,706GS2041,,-1.000000,1,,NSE,1.000000,999600,False
764306,7505SDIL31-N0,7505SDIL31,,-1.000000,1,,NSE,1.000000,999,False
3265,685NL31-SG,685NL31,,-1.000000,100,,NSE,1.000000,999985,False
3329,ISGEC-EQ,ISGEC,,-1.000000,1,,NSE,5.000000,125588,False
764345,PROPSHOP-SM,PROPSHOP,,-1.000000,2000,,NSE,5.000000,478427,False
764353,MFL29A-N0,MFL29A,,-1.000000,1,,NSE,1.000000,999,False
764402,MOMETAL-EQ,MOMETAL,,-1.000000,1,,NSE,1.000000,40875,False
3351,SUNPHARMA-EQ,SUNPHARMA,,-1.000000,1,,NSE,10.000000,52785,True
3376,682MH32-SG,682MH32,,-1.000000,100,,NSE,1.000000,1000000,False
3379,687MH33-SG,687MH33,,-1.000000,100,,NSE,1.000000,1005000,False
764496,SWARAJ-BE,SWARAJ,,-1.000000,1,,NSE,5.000000,298367,False
764420,749TN36-SG,749TN36,,-1.000000,100,,NSE,1.000000,1052600,False
764426,182D040227-TB,182D040227,,-1.000000,100,,NSE,1.000000,1027230,False
764501,749RECL41-N0,749RECL41,,-1.000000,1,,NSE,1.000000,999,False
347,BANARBEADS-EQ,BANARBEADS,,-1.000000,1,,NSE,1.000000,215738,False
3457,795IGT31-NI,795IGT31,,-1.000000,1,,NSE,1.000000,4135,False
3496,TIRUMALCHM-EQ,TIRUMALCHM,,-1.000000,1,,NSE,1.000000,641099,False
3499,TATASTEEL-EQ,TATASTEEL,,-1.000000,1,,NSE,1.000000,536791,True
764537,SHUKRAPHAR-EQ,SHUKRAPHAR,,-1.000000,1,,NSE,1.000000,1853854,False
764553,DHOOTTRANS-EQ,DHOOTTRANS,,-1.000000,1,,NSE,10.000000,57682,False
357,NAM-INDIA-EQ,NAM-INDIA,,-1.000000,1,,NSE,10.000000,83680,True
3517,679HR31-SG,679HR31,,-1.000000,100,,NSE,1.000000,1000000,False
3520,684MH32-SG,684MH32,,-1.000000,100,,NSE,1.000000,999900,False
764623,BPLPHARMA-EQ,BPLPHARMA,,-1.000000,1,,NSE,10.000000,66438,False
3643,678SK31-SG,678SK31,,-1.000000,100,,NSE,1.000000,1000000,False
3665,683MH32A-SG,683MH32A,,-1.000000,100,,NSE,1.000000,1036200,False
3676,VESUVIUS-EQ,VESUVIUS,,-1.000000,1,,NSE,5.000000,241929,False
764668,EKI-EQ,EKI,,-1.000000,1,,NSE,1.000000,905356,False
371,BATAINDIA-EQ,BATAINDIA,,-1.000000,1,,NSE,5.000000,154104,False
3748,WEIZMANIND-EQ,WEIZMANIND,,-1.000000,1,,NSE,1.000000,506648,False
3787,WIPRO-EQ,WIPRO,,-1.000000,1,,NSE,1.000000,594248,True
764778,MIIL-EQ,MIIL,,-1.000000,1,,NSE,5.000000,147830,False
764900,SHIVAAGRO-EQ,SHIVAAGRO,,-1.000000,1,,NSE,1.000000,326771,False
420,672TN27-SG,672TN27,,-1.000000,100,,NSE,1.000000,1000000,False
3965,REMSONSIND-EQ,REMSONSIND,,-1.000000,1,,NSE,1.000000,1038201,False
4127,SAMBHAAV-EQ,SAMBHAAV,,-1.000000,1,,NSE,1.000000,6249324,False
4423,GS220230C-GS,GS220230C,,-1.000000,100,,NSE,1.000000,55263,False
764938,SUPTANERY-BE,SUPTANERY,,-1.000000,1,,NSE,1.000000,3530728,False
764965,UDAYJEW-EQ,UDAYJEW,,-1.000000,1,,NSE,1.000000,581229,False
764980,VEDAVAAG-EQ,VEDAVAAG,,-1.000000,1,,NSE,1.000000,767279,False
448,687MH30-SG,687MH30,,-1.000000,100,,NSE,1.000000,999900,False
4429,GS220231C-GS,GS220231C,,-1.000000,100,,NSE,1.000000,55263,False
4471,ELPROINTL-EQ,ELPROINTL,,-1.000000,1,,NSE,1.000000,577076,False
4481,AARTIDRUGS-EQ,AARTIDRUGS,,-1.000000,1,,NSE,5.000000,233286,False
765000,VOITHPAPR-EQ,VOITHPAPR,,-1.000000,1,,NSE,10.000000,68510,False
765005,WHBRADY-EQ,WHBRADY,,-1.000000,1,,NSE,5.000000,83385,False
765010,YOGI-EQ,YOGI,,-1.000000,1,,NSE,1.000000,636389,False
474,3MINDIA-EQ,3MINDIA,,-1.000000,1,,NSE,500.000000,3052,False
4553,GS220850C-GS,GS220850C,,-1.000000,100,,NSE,1.000000,55263,False
4750,689GA31-SG,689GA31,,-1.000000,100,,NSE,1.000000,327000,False
765030,AVANCE-EQ,AVANCE,,-1.000000,1,,NSE,1.000000,64808699,False
480,BIRLACORPN-EQ,BIRLACORPN,,-1.000000,1,,NSE,5.000000,121129,False
4838,LIQUIDIETF-EQ,LIQUIDIETF,,-1.000000,1,,NSE,1.000000,99998,False
4881,689MH31-SG,689MH31,,-1.000000,100,,NSE,1.000000,1065450,False
765073,EBIX-BE,EBIX,,-1.000000,1,,NSE,1.000000,5002482,False
765085,HINDALUMI-EQ,HINDALUMI,,-1.000000,1,,NSE,1.000000,206016,False
4895,719ML41-SG,719ML41,,-1.000000,100,,NSE,1.000000,654000,False
5054,GRINFRA-EQ,GRINFRA,,-1.000000,1,,NSE,5.000000,116789,False
4953,ADROITINFO-EQ,ADROITINFO,,-1.000000,1,,NSE,1.000000,1771594,False
5040,70UK31-SG,70UK31,,-1.000000,100,,NSE,1.000000,1000000,False
765193,SWISSMLTRY-BE,SWISSMLTRY,,-1.000000,1,,NSE,1.000000,6706799,False
765205,TUTIALKA-EQ,TUTIALKA,,-1.000000,1,,NSE,1.000000,1689375,False
5174,699UP31A-SG,699UP31A,,-1.000000,100,,NSE,1.000000,1000000,False
5227,677BR28-SG,677BR28,,-1.000000,100,,NSE,1.000000,1000000,False
5258,INDUSINDBK-EQ,INDUSINDBK,,-1.000000,1,,NSE,10.000000,102066,True
765247,SGLRES-EQ,SGLRES,,-1.000000,1,,NSE,1.000000,8190689,False
765310,GSEC10ADD-EQ,GSEC10ADD,,-1.000000,1,,NSE,1.000000,179414,False
530,BPL-EQ,BPL,,-1.000000,1,,NSE,1.000000,1601507,False
5265,ALIVUS-EQ,ALIVUS,,-1.000000,1,,NSE,10.000000,72048,False
5421,697UP31-SG,697UP31,,-1.000000,100,,NSE,1.000000,1000000,False
765316,823ABHF36-N0,823ABHF36,,-1.000000,1,,NSE,1.000000,999,False
765322,763MZ41-SG,763MZ41,,-1.000000,100,,NSE,1.000000,327000,False
547,BRITANNIA-EQ,BRITANNIA,,-1.000000,1,,NSE,50.000000,19992,True
5470,699WB31-SG,699WB31,,-1.000000,100,,NSE,1.000000,1000000,False
5474,697KL31-SG,697KL31,,-1.000000,100,,NSE,1.000000,999900,False
5578,ACUTAAS-EQ,ACUTAAS,,-1.000000,1,,NSE,10.000000,29473,False
765426,TEMPSENS-EQ,TEMPSENS,,-1.000000,1,,NSE,5.000000,170934,False
765472,1150VIES30-N0,1150VIES30,,-1.000000,1,,NSE,1.000000,32,False
5595,SFMP50GD-MF,SFMP50GD,,-1.000000,1,,NSE,1.000000,2219922,False
5617,GANESHBE-BE,GANESHBE,,-1.000000,1,,NSE,1.000000,759704,False
5748,CYIENT-EQ,CYIENT,,-1.000000,1,,NSE,10.000000,94382,False
5688,ARCHIES-EQ,ARCHIES,,-1.000000,1,,NSE,1.000000,1104606,False
765563,JAYKAY-RE1-BE,JAYKAY-RE1,,-1.000000,1,,NSE,1.000000,670912,False
765581,77SIDBI29-N0,77SIDBI29,,-1.000000,1,,NSE,1.000000,999,False
765948,760PFCL31-N0,760PFCL31,,-1.000000,1,,NSE,1.000000,999,False
765974,763GA36-SG,763GA36,,-1.000000,100,,NSE,1.000000,327000,False
5870,QUADPRO-SM,QUADPRO,,-1.000000,12000,,NSE,5.000000,1652985,False
5885,698PN33-SG,698PN33,,-1.000000,100,,NSE,1.000000,999990,False
5887,684UP31-SG,684UP31,,-1.000000,100,,NSE,1.000000,1000000,False
5900,AXISBANK-EQ,AXISBANK,,-1.000000,1,,NSE,10.000000,77759,True
7666,IIFLHFZC27-NB,IIFLHFZC27,,-1.000000,1,,NSE,1.000000,1389,False
765984,364D090927-TB,364D090927,,-1.000000,100,,NSE,1.000000,1058574,False
591,840IRFC29-N8,840IRFC29,,-1.000000,1,,NSE,1.000000,90877,False
5926,INTELLECT-EQ,INTELLECT,,-1.000000,1,,NSE,5.000000,146451,False
5960,SGBOCT26-GB,SGBOCT26,,-1.000000,1,,NSE,1.000000,6609,False
5971,659CG28-SG,659CG28,,-1.000000,100,,NSE,1.000000,1000000,False
7791,UNIINFO-EQ,UNIINFO,,-1.000000,1,,NSE,1.000000,349665,False
7823,729KA34-SG,729KA34,,-1.000000,100,,NSE,1.000000,1000000,False
7867,643RJ27-SG,643RJ27,,-1.000000,100,,NSE,1.000000,1000000,False
7900,727SK32-SG,727SK32,,-1.000000,100,,NSE,1.000000,657270,False
6012,JAINAM-SM,JAINAM,,-1.000000,500,,NSE,5.000000,382956,False
6093,675GJ29-SG,675GJ29,,-1.000000,100,,NSE,1.000000,999908,False
7982,GRWRHITECH-EQ,GRWRHITECH,,-1.000000,1,,NSE,50.000000,14427,False
620,699WB35-SG,699WB35,,-1.000000,100,,NSE,1.000000,1000000,False
6197,842IIFL26-NL,842IIFL26,,-1.000000,1,,NSE,1.000000,48151,False
6286,GULPOLY-EQ,GULPOLY,,-1.000000,1,,NSE,1.000000,571938,False
6355,SGBNOV26-GB,SGBNOV26,,-1.000000,1,,NSE,1.000000,6583,False
8024,CINEVISTA-EQ,CINEVISTA,,-1.000000,1,,NSE,1.000000,1878172,False
8119,RPSGVENT-EQ,RPSGVENT,,-1.000000,1,,NSE,5.000000,120202,False
8137,730KA32-SG,730KA32,,-1.000000,100,,NSE,1.000000,1000000,False
8193,713AP40-SG,713AP40,,-1.000000,100,,NSE,1.000000,1000000,False
8197,712PN37-SG,712PN37,,-1.000000,100,,NSE,1.000000,1000000,False
6364,NATIONALUM-EQ,NATIONALUM,,-1.000000,1,,NSE,5.000000,275494,True
6422,MANORG-EQ,MANORG,,-1.000000,1,,NSE,5.000000,214385,False
6446,CONSUMIETF-EQ,CONSUMIETF,,-1.000000,1,,NSE,1.000000,137261,False
8298,713BR32-SG,713BR32,,-1.000000,100,,NSE,1.000000,1000000,False
8329,717KL32-SG,717KL32,,-1.000000,100,,NSE,1.000000,1000000,False
837,61RJ27-SG,61RJ27,,-1.000000,100,,NSE,1.000000,1000000,False
8371,733TN52A-SG,733TN52A,,-1.000000,100,,NSE,1.000000,1000000,False
8445,H1861D46DG-MF,H1861D46DG,,-1.000000,1,,NSE,1.000000,9999683,False
8465,H1861D46RQ-MF,H1861D46RQ,,-1.000000,1,,NSE,1.000000,349,False
8498,735JH38-SG,735JH38,,-1.000000,100,,NSE,1.000000,1000000,False
8502,739TN52-SG,739TN52,,-1.000000,100,,NSE,1.000000,1000000,False
8510,GATEWAY-EQ,GATEWAY,,-1.000000,1,,NSE,1.000000,1874164,False
8521,SPRL-SM,SPRL,,-1.000000,800,,NSE,5.000000,58516,False
858,655TR30-SG,655TR30,,-1.000000,100,,NSE,1.000000,981000,False
8569,709HR29-SG,709HR29,,-1.000000,100,,NSE,1.000000,999900,False
8573,723TN32-SG,723TN32,,-1.000000,100,,NSE,1.000000,1000000,False
8584,74WB38-SG,74WB38,,-1.000000,100,,NSE,1.000000,999900,False
86,67NL30-SG,67NL30,,-1.000000,100,,NSE,1.000000,490500,False
861,648KA31-SG,648KA31,,-1.000000,100,,NSE,1.000000,1000000,False
8614,INDOBORAX-EQ,INDOBORAX,,-1.000000,1,,NSE,5.000000,206370,False
8651,SFMP61GR-MF,SFMP61GR,,-1.000000,1,,NSE,1.000000,511148,False
8677,ABSLFTTQRG-MF,ABSLFTTQRG,,-1.000000,1,,NSE,1.000000,151158,False
8685,73TN32-SG,73TN32,,-1.000000,100,,NSE,1.000000,999960,False
8691,MUKTAARTS-BE,MUKTAARTS,,-1.000000,1,,NSE,1.000000,738536,False
8688,733AS32-SG,733AS32,,-1.000000,100,,NSE,1.000000,999960,False
8849,KCPSUGIND-BE,KCPSUGIND,,-1.000000,1,,NSE,1.000000,3216393,False
8696,VRLLOG-EQ,VRLLOG,,-1.000000,1,,NSE,5.000000,346836,False
8882,TNIDETF-EQ,TNIDETF,,-1.000000,1,,NSE,1.000000,648825,False
6487,708AP40-SG,708AP40,,-1.000000,100,,NSE,1.000000,1000000,False
6600,GENUSPAPER-EQ,GENUSPAPER,,-1.000000,1,,NSE,1.000000,8305424,False
6606,EQUAL50ADD-EQ,EQUAL50ADD,,-1.000000,1,,NSE,1.000000,299200,False
68,684TS40-SG,684TS40,,-1.000000,100,,NSE,1.000000,999900,False
916,EIDPARRY-EQ,EIDPARRY,,-1.000000,1,,NSE,5.000000,138604,False
919,EIHOTEL-EQ,EIHOTEL,,-1.000000,1,,NSE,5.000000,348953,False
8886,EUROTEXIND-BE,EUROTEXIND,,-1.000000,1,,NSE,1.000000,286120,False
6744,693UP31A-SG,693UP31A,,-1.000000,100,,NSE,1.000000,1000000,False
9111,ARVINDFASN-EQ,ARVINDFASN,,-1.000000,1,,NSE,5.000000,223830,False
936,DPABHUSHAN-EQ,DPABHUSHAN,,-1.000000,1,,NSE,10.000000,74578,False
6803,STEELCAS-EQ,STEELCAS,,-1.000000,1,,NSE,5.000000,307445,False
6843,SMLT-EQ,SMLT,,-1.000000,1,,NSE,1.000000,447654,False
6874,74GS2035-GS,74GS2035,,-1.000000,1,,NSE,1.000000,960393,False
6884,824GS2027-GS,824GS2027,,-1.000000,1,,NSE,1.000000,983163,False
9354,TAJGVK-EQ,TAJGVK,,-1.000000,1,,NSE,5.000000,298647,False
9392,LANCER-EQ,LANCER,,-1.000000,1,,NSE,1.000000,7849166,False
9408,RAINBOW-EQ,RAINBOW,,-1.000000,1,,NSE,10.000000,69161,False
955,ESABINDIA-EQ,ESABINDIA,,-1.000000,1,,NSE,50.000000,16993,False
6885,828GS2032-GS,828GS2032,,-1.000000,1,,NSE,1.000000,925008,False
6935,683GS2039-GS,683GS2039,,-1.000000,1,,NSE,1.000000,1062100,False
6943,TARSONS-EQ,TARSONS,,-1.000000,1,,NSE,5.000000,321312,False
9451,778AP42-SG,778AP42,,-1.000000,100,,NSE,1.000000,1000000,False
9531,763AP30-SG,763AP30,,-1.000000,100,,NSE,1.000000,1000000,False
958,ESCORTS-EQ,ESCORTS,,-1.000000,1,,NSE,10.000000,34458,False
6990,684RJ31B-SG,684RJ31B,,-1.000000,100,,NSE,1.000000,1000000,False
7039,92GS2030-GS,92GS2030,,-1.000000,1,,NSE,1.000000,872572,False
7088,86GS2028-GS,86GS2028,,-1.000000,1,,NSE,1.000000,915600,False
9590,POLYCAB-EQ,POLYCAB,,-1.000000,1,,NSE,50.000000,12050,True
9652,RELCHEMQ-EQ,RELCHEMQ,,-1.000000,1,,NSE,1.000000,246674,False
981,EPL-EQ,EPL,,-1.000000,1,,NSE,5.000000,417719,False
9696,767AP31-SG,767AP31,,-1.000000,100,,NSE,1.000000,1000000,False
9788,785KL34-SG,785KL34,,-1.000000,100,,NSE,1.000000,999900,False
9870,795HR32-SG,795HR32,,-1.000000,100,,NSE,1.000000,1000000,False
7136,772GS2055-GS,772GS2055,,-1.000000,1,,NSE,1.000000,975000,False
7194,657GS2033-GS,657GS2033,,-1.000000,1,,NSE,1.000000,1014300,False
7196,BBETF0432-EQ,BBETF0432,,-1.000000,1,,NSE,1.000000,74048,False
7202,679GS2027-GS,679GS2027,,-1.000000,1,,NSE,1.000000,980100,False
7218,SBIETFQLTY-EQ,SBIETFQLTY,,-1.000000,1,,NSE,1.000000,119162,False
9871,804AP41-SG,804AP41,,-1.000000,100,,NSE,1.000000,1000000,False
9879,CHEVIOT-EQ,CHEVIOT,,-1.000000,1,,NSE,10.000000,82791,False
9897,AIRAN-EQ,AIRAN,,-1.000000,1,,NSE,1.000000,4088154,False
9931,VIKASLIFE-EQ,VIKASLIFE,,-1.000000,1,,NSE,1.000000,60745761,False
7248,LYKALABS-BE,LYKALABS,,-1.000000,1,,NSE,1.000000,1167063,False
7295,697AS31A-SG,697AS31A,,-1.000000,100,,NSE,1.000000,999960,False
7420,MANAKALUCO-EQ,MANAKALUCO,,-1.000000,1,,NSE,1.000000,2142963,False
7425,HECPROJECT-EQ,HECPROJECT,,-1.000000,1,,NSE,1.000000,354407,False
750554,815TACA29-N0,815TACA29,,-1.000000,1,,NSE,1.000000,995,False
751272,PHLSRG-SF,PHLSRG,,-1.000000,1,,NSE,1.000000,4194752,False
751731,826ABCL31-N0,826ABCL31,,-1.000000,1,,NSE,1.000000,998,False
754695,CLAYCRAFT-SM,CLAYCRAFT,,-1.000000,600,,NSE,5.000000,643500,False
755257,RHEXHDRG-SF,RHEXHDRG,,-1.000000,1,,NSE,1.000000,9999948,False
755625,757DL36-SG,757DL36,,-1.000000,100,,NSE,1.000000,1000000,False
755640,761GJ39-SG,761GJ39,,-1.000000,100,,NSE,1.000000,999900,False
755721,778HP44-SG,778HP44,,-1.000000,100,,NSE,1.000000,981000,False
755805,1075WCA28B-N0,1075WCA28B,,-1.000000,1,,NSE,1.000000,981,False
755857,687TS55-SG,687TS55,,-1.000000,100,,NSE,1.000000,1000000,False
755881,EVIETF-EQ,EVIETF,,-1.000000,1,,NSE,1.000000,778230,False
755926,671TN35-SG,671TN35,,-1.000000,100,,NSE,1.000000,1000000,False
755940,78ABCL33-N1,78ABCL33,,-1.000000,1,,NSE,1.000000,4766,False
755949,79ABCL28-NA,79ABCL28,,-1.000000,1,,NSE,1.000000,999,False
755952,80208ABC30-ND,80208ABC30,,-1.000000,1,,NSE,1.000000,999,False
755956,816ABCL29-NH,816ABCL29,,-1.000000,1,,NSE,1.000000,999,False
755959,831ABCL34-NK,831ABCL34,,-1.000000,1,,NSE,1.000000,999,False
755986,852MFL28A-N0,852MFL28A,,-1.000000,1,,NSE,1.000000,999,False
755998,1039UCL26-NE,1039UCL26,,-1.000000,1,,NSE,1.000000,9151,False
756103,678KL46-SG,678KL46,,-1.000000,100,,NSE,1.000000,1000000,False
994,652PY30-SG,652PY30,,-1.000000,100,,NSE,1.000000,654000,False
756145,IIFL21425A-Y1,IIFL21425A,,-1.000000,1,,NSE,1.000000,2400,False
756179,765TML28-N0,765TML28,,-1.000000,1,,NSE,1.000000,999,False
756406,SHRIAHIMSA-SM,SHRIAHIMSA,,-1.000000,600,,NSE,5.000000,216360,False
756714,820MFL30-N0,820MFL30,,-1.000000,1,,NSE,1.000000,999,False
756720,686REC35-N0,686REC35,,-1.000000,1,,NSE,1.000000,1000,False
756722,687REC30-N0,687REC30,,-1.000000,1,,NSE,1.000000,999,False
756765,664PFCL30-N0,664PFCL30,,-1.000000,1,,NSE,1.000000,1000,False
756802,OSWALPUMPS-EQ,OSWALPUMPS,,-1.000000,1,,NSE,5.000000,353985,False
756807,642JK31-SG,642JK31,,-1.000000,100,,NSE,1.000000,1000000,False
756809,663AS35-SG,663AS35,,-1.000000,100,,NSE,1.000000,999950,False
756815,684KL47-SG,684KL47,,-1.000000,100,,NSE,1.000000,1000000,False
756852,690LICH27-N0,690LICH27,,-1.000000,1,,NSE,1.000000,999,False
756853,654TN31-SG,654TN31,,-1.000000,100,,NSE,1.000000,1000000,False
756854,667AP32-SG,667AP32,,-1.000000,100,,NSE,1.000000,1000000,False
756860,679PN45-SG,679PN45,,-1.000000,100,,NSE,1.000000,999900,False
756874,754GIL29-N0,754GIL29,,-1.000000,1,,NSE,1.000000,1000,False
756888,686NHPCL35-N0,686NHPCL35,,-1.000000,1,,NSE,1.000000,636,False
756912,688AP40-SG,688AP40,,-1.000000,100,,NSE,1.000000,999945,False
756963,PATILAUTOM-SM,PATILAUTOM,,-1.000000,600,,NSE,5.000000,319827,False
757037,684JK42-SG,684JK42,,-1.000000,100,,NSE,1.000000,1000000,False
757039,689RJ48-SG,689RJ48,,-1.000000,100,,NSE,1.000000,999900,False
757052,RAJOOENG-BE,RAJOOENG,,-1.000000,1,,NSE,1.000000,1811767,False
757117,686TS46-SG,686TS46,,-1.000000,100,,NSE,1.000000,1000000,False
757142,EQUAL50-EQ,EQUAL50,,-1.000000,1,,NSE,1.000000,205929,False
757463,9SCL28-N7,9SCL28,,-1.000000,1,,NSE,1.000000,121,False
757474,960SCL32-NI,960SCL32,,-1.000000,1,,NSE,1.000000,3,False
757498,930SCL35-NN,930SCL35,,-1.000000,1,,NSE,1.000000,690,False
757515,DIGITIDE-EQ,DIGITIDE,,-1.000000,1,,NSE,1.000000,1126681,False
757545,TRAVELFOOD-EQ,TRAVELFOOD,,-1.000000,1,,NSE,10.000000,79666,False
757549,705HR38-SG,705HR38,,-1.000000,100,,NSE,1.000000,1000000,False
757655,714MH46-SG,714MH46,,-1.000000,100,,NSE,1.000000,1000000,False
757702,74342PHF30-N0,74342PHF30,,-1.000000,1,,NSE,1.000000,1000,False
757731,670GJ33-SG,670GJ33,,-1.000000,100,,NSE,1.000000,1000000,False
757735,680TN35-SG,680TN35,,-1.000000,100,,NSE,1.000000,1000000,False
757736,700AP37-SG,700AP37,,-1.000000,100,,NSE,1.000000,1000000,False
757781,TOP15IETF-EQ,TOP15IETF,,-1.000000,1,,NSE,1.000000,431728,False
757898,719JCL28-N0,719JCL28,,-1.000000,1,,NSE,1.000000,1000,False
757910,680GJ34-SG,680GJ34,,-1.000000,100,,NSE,1.000000,1000000,False
757932,686UP33-SG,686UP33,,-1.000000,100,,NSE,1.000000,999900,False
757934,688AP34A-SG,688AP34A,,-1.000000,100,,NSE,1.000000,999810,False
757946,QUALITY30-EQ,QUALITY30,,-1.000000,1,,NSE,1.000000,44574,False
757983,601GS2030-GS,601GS2030,,-1.000000,1,,NSE,1.000000,1014000,False
758007,768GSGL28-N0,768GSGL28,,-1.000000,1,,NSE,1.000000,1000,False
758009,768GSGL28A-N0,768GSGL28A,,-1.000000,1,,NSE,1.000000,1000,False
758013,768GSGL28C-N0,768GSGL28C,,-1.000000,1,,NSE,1.000000,1000,False
758143,712SHFL30-N0,712SHFL30,,-1.000000,1,,NSE,1.000000,1000,False
758150,MBEL-EQ,MBEL,,-1.000000,1,,NSE,5.000000,393351,False
758189,702AS35-SG,702AS35,,-1.000000,100,,NSE,1.000000,999990,False
758192,724KL41-SG,724KL41,,-1.000000,100,,NSE,1.000000,1098900,False
758208,FLYSBS-SM,FLYSBS,,-1.000000,200,,NSE,5.000000,142306,False
758238,810TOPO29-N0,810TOPO29,,-1.000000,1,,NSE,1.000000,999,False
758290,995ISF35-N0,995ISF35,,-1.000000,1,,NSE,1.000000,81,False
758720,752HR39-SG,752HR39,,-1.000000,100,,NSE,1.000000,1000000,False
758294,637RECL27-N0,637RECL27,,-1.000000,1,,NSE,1.000000,999,False
758460,JSWCEMENT-EQ,JSWCEMENT,,-1.000000,1,,NSE,1.000000,841196,False
758711,684TN29-SG,684TN29,,-1.000000,100,,NSE,1.000000,1035300,False
758724,757MP43-SG,757MP43,,-1.000000,100,,NSE,1.000000,999810,False
758726,777WB46-SG,777WB46,,-1.000000,100,,NSE,1.000000,1000000,False
758863,LAXMIINDIA-EQ,LAXMIINDIA,,-1.000000,1,,NSE,1.000000,774736,False
758883,748MP42-SG,748MP42,,-1.000000,100,,NSE,1.000000,999900,False
758926,773PN32-SG,773PN32,,-1.000000,100,,NSE,1.000000,999908,False
758927,754BR33-SG,754BR33,,-1.000000,100,,NSE,1.000000,1000000,False
758929,748AP34-SG,748AP34,,-1.000000,100,,NSE,1.000000,1000000,False
759027,726TN35-SG,726TN35,,-1.000000,100,,NSE,1.000000,1000000,False
759035,744TS48-SG,744TS48,,-1.000000,100,,NSE,1.000000,1052600,False
759067,ABCRESET28-N0,ABCRESET28,,-1.000000,1,,NSE,1.000000,981,False
759071,734NRL35-N0,734NRL35,,-1.000000,1,,NSE,1.000000,1000,False
759075,PRIMECAB-ST,PRIMECAB,,-1.000000,1600,,NSE,5.000000,589100,False
759144,7425NIIF30-N0,7425NIIF30,,-1.000000,1,,NSE,1.000000,999,False
759193,747WB44-SG,747WB44,,-1.000000,100,,NSE,1.000000,999900,False
759201,699HP31-SG,699HP31,,-1.000000,100,,NSE,1.000000,654000,False
759219,728GA37-SG,728GA37,,-1.000000,100,,NSE,1.000000,327000,False
759220,729HR37-SG,729HR37,,-1.000000,100,,NSE,1.000000,1052600,False
759231,749PN40-SG,749PN40,,-1.000000,100,,NSE,1.000000,1000000,False
759244,JAINREC-EQ,JAINREC,,-1.000000,1,,NSE,5.000000,350952,False
759273,745BTL28-N0,745BTL28,,-1.000000,1,,NSE,1.000000,999,False
759296,113ESFB31-N0,113ESFB31,,-1.000000,1,,NSE,1.000000,163,False
759298,QSIFHRG-SF,QSIFHRG,,-1.000000,1,,NSE,1.000000,34333,False
759302,NIFTYCASE-EQ,NIFTYCASE,,-1.000000,1,,NSE,1.000000,2229767,False
759337,744TN55A-SG,744TN55A,,-1.000000,100,,NSE,1.000000,1058200,False
759363,ANANTAM-IV,ANANTAM,,-1.000000,1,,NSE,1.000000,928507,False
759377,728OR49-SG,728OR49,,-1.000000,100,,NSE,1.000000,1000000,False
759390,731MZ41-SG,731MZ41,,-1.000000,100,,NSE,1.000000,359700,False
759410,SHEEL-ST,SHEEL,,-1.000000,2000,,NSE,5.000000,665528,False
759420,BAGDIGITAL-SM,BAGDIGITAL,,-1.000000,1600,,NSE,5.000000,693854,False
759439,PATELRMART-EQ,PATELRMART,,-1.000000,1,,NSE,1.000000,473819,False
759564,935PFL33-N3,935PFL33,,-1.000000,1,,NSE,1.000000,18277,False
759492,74MP46-SG,74MP46,,-1.000000,100,,NSE,1.000000,999810,False
759517,MIDWESTLTD-EQ,MIDWESTLTD,,-1.000000,1,,NSE,10.000000,98357,False
759551,PIRAMALFIN-EQ,PIRAMALFIN,,-1.000000,1,,NSE,10.000000,44202,False
759595,748KL45-SG,748KL45,,-1.000000,100,,NSE,1.000000,1000000,False
759596,746TN55-SG,746TN55,,-1.000000,100,,NSE,1.000000,1000000,False
759600,364D061126-TB,364D061126,,-1.000000,100,,NSE,1.000000,1020580,False
759605,LENSKART-EQ,LENSKART,,-1.000000,1,,NSE,5.000000,146052,False
759704,756MP39-SG,756MP39,,-1.000000,100,,NSE,1.000000,1000000,False
759705,762UP41-SG,762UP41,,-1.000000,100,,NSE,1.000000,999900,False
759710,9PCPL28B-N0,9PCPL28B,,-1.000000,1,,NSE,1.000000,1635,False
759716,654TN29-SG,654TN29,,-1.000000,100,,NSE,1.000000,1000000,False
759736,702UP32-SG,702UP32,,-1.000000,100,,NSE,1.000000,999900,False
759739,724UP36-SG,724UP36,,-1.000000,100,,NSE,1.000000,1052550,False
759759,TAURIAN-ST,TAURIAN,,-1.000000,800,,NSE,5.000000,218810,False
759774,701NGEL35-N0,701NGEL35,,-1.000000,1,,NSE,1.000000,999,False
759776,FINBUD-SM,FINBUD,,-1.000000,1000,,NSE,5.000000,622917,False
759782,TMCV-EQ,TMCV,,-1.000000,1,,NSE,5.000000,228314,False
759789,692AVTL28-N0,692AVTL28,,-1.000000,1,,NSE,1.000000,999,False
759853,712UP33B-SG,712UP33B,,-1.000000,100,,NSE,1.000000,999900,False
759860,75AR45-SG,75AR45,,-1.000000,100,,NSE,1.000000,654000,False
759917,744KA36-SG,744KA36,,-1.000000,100,,NSE,1.000000,1000000,False
759922,740BTL29-N0,740BTL29,,-1.000000,1,,NSE,1.000000,999,False
759978,MSCIADD-EQ,MSCIADD,,-1.000000,1,,NSE,1.000000,30406,False
759995,ESENSEX-EQ,ESENSEX,,-1.000000,1,,NSE,1.000000,62098,False
760,CGPOWER-EQ,CGPOWER,,-1.000000,1,,NSE,5.000000,108673,True
760018,734TS38-SG,734TS38,,-1.000000,100,,NSE,1.000000,1052600,False
760025,745KL50-SG,745KL50,,-1.000000,100,,NSE,1.000000,999900,False
760037,727ABL35-N0,727ABL35,,-1.000000,1,,NSE,1.000000,1000,False
760047,1125VCCL27-N0,1125VCCL27,,-1.000000,1,,NSE,1.000000,81,False
760063,675HP29-SG,675HP29,,-1.000000,100,,NSE,1.000000,999985,False
760096,736UP36-SG,736UP36,,-1.000000,100,,NSE,1.000000,999900,False
760097,75WB37-SG,75WB37,,-1.000000,100,,NSE,1.000000,999952,False
760147,772BR41-SG,772BR41,,-1.000000,100,,NSE,1.000000,999900,False
760159,735SPRL28-N0,735SPRL28,,-1.000000,1,,NSE,1.000000,1000,False
760183,CLEANMAX-EQ,CLEANMAX,,-1.000000,1,,NSE,10.000000,69807,False
760193,AONESILVER-EQ,AONESILVER,,-1.000000,1,,NSE,1.000000,1263883,False
760196,MOBILISE-SM,MOBILISE,,-1.000000,1600,,NSE,5.000000,311042,False
760289,729MH35-SG,729MH35,,-1.000000,100,,NSE,1.000000,1000000,False
760300,LEMERITE-EQ,LEMERITE,,-1.000000,1,,NSE,1.000000,4092993,False
760325,GOLDBND-EQ,GOLDBND,,-1.000000,1,,NSE,1.000000,23246,False
760477,757WB46-SG,757WB46,,-1.000000,100,,NSE,1.000000,1000000,False
760422,EXIMROUTES-SM,EXIMROUTES,,-1.000000,800,,NSE,5.000000,613190,False
760480,702MP30-SG,702MP30,,-1.000000,100,,NSE,1.000000,999960,False
760511,747OR36-SG,747OR36,,-1.000000,100,,NSE,1.000000,1000000,False
760522,759TS48-SG,759TS48,,-1.000000,100,,NSE,1.000000,1000000,False
760531,E2ERAIL-SM,E2ERAIL,,-1.000000,800,,NSE,5.000000,284197,False
760547,729NHPC39-N0,729NHPC39,,-1.000000,1,,NSE,1.000000,654,False
760549,8BACL30-N0,8BACL30,,-1.000000,1,,NSE,1.000000,654,False
760587,759CG46-SG,759CG46,,-1.000000,100,,NSE,1.000000,1052600,False
760638,763BR40-SG,763BR40,,-1.000000,100,,NSE,1.000000,999900,False
760645,745TOPL28-N0,745TOPL28,,-1.000000,1,,NSE,1.000000,1000,False
760650,7EHS246-N0,7EHS246,,-1.000000,1,,NSE,1.000000,132,False
760665,754CG36-SG,754CG36,,-1.000000,100,,NSE,1.000000,1000000,False
760753,759AP43-SG,759AP43,,-1.000000,100,,NSE,1.000000,999900,False
760756,762WB47-SG,762WB47,,-1.000000,100,,NSE,1.000000,1000000,False
760789,761TN56-SG,761TN56,,-1.000000,100,,NSE,1.000000,1052600,False
760803,710PFCL36-N5,710PFCL36,,-1.000000,1,,NSE,1.000000,703,False
760823,PFCL41-ND,PFCL41,,-1.000000,1,,NSE,1.000000,495,False
760840,69MH30-SG,69MH30,,-1.000000,100,,NSE,1.000000,999925,False
760843,734MP33-SG,734MP33,,-1.000000,100,,NSE,1.000000,999960,False
760849,773WB43-SG,773WB43,,-1.000000,100,,NSE,1.000000,999900,False
760863,759PHFL31-N0,759PHFL31,,-1.000000,1,,NSE,1.000000,997,False
760878,703GJ32-SG,703GJ32,,-1.000000,100,,NSE,1.000000,1000000,False
760922,783HR43-SG,783HR43,,-1.000000,100,,NSE,1.000000,917400,False
760932,782WB45-SG,782WB45,,-1.000000,100,,NSE,1.000000,909000,False
760953,ATLPP-E1,ATLPP,,-1.000000,1,,NSE,1.000000,1301427,False
761006,753AP37-SG,753AP37,,-1.000000,100,,NSE,1.000000,1000000,False
761016,762MP39-SG,762MP39,,-1.000000,100,,NSE,1.000000,999880,False
761042,MARUSHIKA-SM,MARUSHIKA,,-1.000000,1200,,NSE,5.000000,279152,False
761052,774WB48-SG,774WB48,,-1.000000,100,,NSE,1.000000,1000000,False
761055,364D190227-TB,364D190227,,-1.000000,100,,NSE,1.000000,1045800,False
761080,805NMC34-N6,805NMC34,,-1.000000,1,,NSE,1.000000,65400,False
761099,INA-EQ,INA,,-1.000000,1,,NSE,1.000000,1075305,False
761110,920SCL36-N0,920SCL36,,-1.000000,1,,NSE,1.000000,506,False
761117,852IIFL29-Y5,852IIFL29,,-1.000000,1,,NSE,1.000000,11687,False
761119,870IIFL28-Y7,870IIFL28,,-1.000000,1,,NSE,1.000000,97558,False
761325,744KA36A-SG,744KA36A,,-1.000000,100,,NSE,1.000000,1000000,False
761362,790ABSLI36-N0,790ABSLI36,,-1.000000,1,,NSE,1.000000,1000,False
761391,860IIFL27-N0,860IIFL27,,-1.000000,1,,NSE,1.000000,1000,False
761418,765MP41-SG,765MP41,,-1.000000,100,,NSE,1.000000,1000000,False
761425,744NBRD29-N0,744NBRD29,,-1.000000,1,,NSE,1.000000,999,False
761426,809HFL33-N0,809HFL33,,-1.000000,1,,NSE,1.000000,320,False
761445,773CG44-SG,773CG44,,-1.000000,100,,NSE,1.000000,1000000,False
761456,729GJ34-SG,729GJ34,,-1.000000,100,,NSE,1.000000,1000000,False
761475,757TN38-SG,757TN38,,-1.000000,100,,NSE,1.000000,1000000,False
761520,784WB47A-SG,784WB47A,,-1.000000,100,,NSE,1.000000,1000000,False
761522,794CIFCL29-N0,794CIFCL29,,-1.000000,1,,NSE,1.000000,1000,False
761525,779AP51-SG,779AP51,,-1.000000,100,,NSE,1.000000,999990,False
761546,ARSIFHRHD-SF,ARSIFHRHD,,-1.000000,1,,NSE,1.000000,3269,False
761603,APSIFHLSDG-SF,APSIFHLSDG,,-1.000000,1,,NSE,1.000000,712337,False
761675,SAIPARENT-EQ,SAIPARENT,,-1.000000,1,,NSE,5.000000,191075,False
761719,80NL41-SG,80NL41,,-1.000000,100,,NSE,1.000000,999985,False
761746,80AP44-SG,80AP44,,-1.000000,100,,NSE,1.000000,999880,False
761751,809MP50-SG,809MP50,,-1.000000,100,,NSE,1.000000,1000000,False
761807,87HMDA38-N0,87HMDA38,,-1.000000,1,,NSE,1.000000,630,False
7620,VIVO-ST,VIVO,,-1.000000,1600,,NSE,5.000000,65890,False
761813,87HMDA45-N0,87HMDA45,,-1.000000,1,,NSE,1.000000,630,False
761839,87HMDA33-N0,87HMDA33,,-1.000000,1,,NSE,1.000000,630,False
762159,SHREEDHAR-ST,SHREEDHAR,,-1.000000,2000,,NSE,5.000000,701022,False
762401,ARSIFHDAD-SF,ARSIFHDAD,,-1.000000,1,,NSE,1.000000,3269,False
762422,783CG40-SG,783CG40,,-1.000000,100,,NSE,1.000000,1000000,False
762523,ABANSENT-EQ,ABANSENT,,-1.000000,1,,NSE,1.000000,2280788,False
762546,AMBALALSA-BE,AMBALALSA,,-1.000000,1,,NSE,1.000000,2479470,False
762603,BLIL-EQ,BLIL,,-1.000000,1,,NSE,1.000000,1461024,False
762628,COMFINTE-EQ,COMFINTE,,-1.000000,1,,NSE,1.000000,10461975,False
762636,DAICHI-BE,DAICHI,,-1.000000,1,,NSE,5.000000,243655,False
762675,FEDDERSHOL-EQ,FEDDERSHOL,,-1.000000,1,,NSE,1.000000,2061291,False
762685,FRONTSP-EQ,FRONTSP,,-1.000000,1,,NSE,10.000000,80688,False
762727,IWP-EQ,IWP,,-1.000000,1,,NSE,1.000000,2091907,False
762732,KAMAHOLD-EQ,KAMAHOLD,,-1.000000,1,,NSE,10.000000,43964,False
762772,MAFATIND-EQ,MAFATIND,,-1.000000,1,,NSE,1.000000,815813,False
762790,MENNPIS-BE,MENNPIS,,-1.000000,1,,NSE,1.000000,1271430,False
762872,RSDFIN-BE,RSDFIN,,-1.000000,1,,NSE,1.000000,423349,False
762914,SIKA-EQ,SIKA,,-1.000000,1,,NSE,5.000000,92117,False
762937,TAMBOLIIN-BE,TAMBOLIIN,,-1.000000,1,,NSE,5.000000,324384,False
762971,WELSPLSOL-EQ,WELSPLSOL,,-1.000000,1,,NSE,1.000000,1798327,False
763068,781RJ49-SG,781RJ49,,-1.000000,100,,NSE,1.000000,1030900,False
763078,182D221026-TB,182D221026,,-1.000000,100,,NSE,1.000000,1007760,False
763082,QSIFAADG-SF,QSIFAADG,,-1.000000,1,,NSE,1.000000,198152,False
763084,QSIFAADP-SF,QSIFAADP,,-1.000000,1,,NSE,1.000000,3269,False
763138,852MFL31-N0,852MFL31,,-1.000000,1,,NSE,1.000000,966,False
763154,82907AIF29-N0,82907AIF29,,-1.000000,1,,NSE,1.000000,817,False
763194,769BR35-SG,769BR35,,-1.000000,100,,NSE,1.000000,999960,False
763254,761SIDBI29-N0,761SIDBI29,,-1.000000,1,,NSE,1.000000,999,False
763290,808CIFCL29-N0,808CIFCL29,,-1.000000,1,,NSE,1.000000,1000,False
763528,761TFSIL28-N0,761TFSIL28,,-1.000000,1,,NSE,1.000000,981,False
763534,TACA29-N0,TACA29,,-1.000000,1,,NSE,1.000000,999,False
763571,TEAMTECH-ST,TEAMTECH,,-1.000000,2000,,NSE,5.000000,774879,False
763687,850HMDA44-N0,850HMDA44,,-1.000000,1,,NSE,1.000000,999,False
763825,TEJA-SM,TEJA,,-1.000000,600,,NSE,5.000000,209845,False
763859,INSIFHLSRG-SF,INSIFHLSRG,,-1.000000,1,,NSE,1.000000,6347413,False
764035,76JK38-SG,76JK38,,-1.000000,100,,NSE,1.000000,1000000,False
764060,778JCL29-N0,778JCL29,,-1.000000,1,,NSE,1.000000,999,False
764150,759TN41-SG,759TN41,,-1.000000,100,,NSE,1.000000,1000000,False
764157,938GFL29-N0,938GFL29,,-1.000000,1,,NSE,1.000000,327,False
764180,LIQUIDBETA-EQ,LIQUIDBETA,,-1.000000,1,,NSE,1.000000,8290,False
764243,766BR41-SG,766BR41,,-1.000000,100,,NSE,1.000000,1000000,False
764285,CEMNTGROWW-EQ,CEMNTGROWW,,-1.000000,1,,NSE,1.000000,180387,False
764333,HYBRIDETF-EQ,HYBRIDETF,,-1.000000,1,,NSE,1.000000,501561,False
764357,MANIPALHOS-EQ,MANIPALHOS,,-1.000000,1,,NSE,5.000000,138114,False
764507,746AP35-SG,746AP35,,-1.000000,100,,NSE,1.000000,1000000,False
764532,TECHNOCRAF-EQ,TECHNOCRAF,,-1.000000,1,,NSE,5.000000,226072,False
764593,APOORVA-EQ,APOORVA,,-1.000000,1,,NSE,1.000000,653179,False
764648,COMPEAU-EQ,COMPEAU,,-1.000000,1,,NSE,5.000000,209590,False
764653,CRAVATEX-EQ,CRAVATEX,,-1.000000,1,,NSE,5.000000,84502,False
764661,DHABRIYA-BE,DHABRIYA,,-1.000000,1,,NSE,5.000000,198765,False
764663,ECORECO-EQ,ECORECO,,-1.000000,1,,NSE,5.000000,229612,False
764688,GKB-EQ,GKB,,-1.000000,1,,NSE,1.000000,164826,False
764723,ITL-EQ,ITL,,-1.000000,1,,NSE,5.000000,104780,False
764748,KMCSHIL-EQ,KMCSHIL,,-1.000000,1,,NSE,1.000000,722140,False
764768,LOTUSCHO-EQ,LOTUSCHO,,-1.000000,1,,NSE,5.000000,169643,False
764803,ODYCORP-EQ,ODYCORP,,-1.000000,1,,NSE,1.000000,2926600,False
764885,SGRL-EQ,SGRL,,-1.000000,1,,NSE,5.000000,151695,False
764895,SHILGRAVQ-EQ,SHILGRAVQ,,-1.000000,1,,NSE,1.000000,201098,False
765015,ADVIKCA-EQ,ADVIKCA,,-1.000000,1,,NSE,1.000000,19898617,False
765040,BLUECLOUDS-EQ,BLUECLOUDS,,-1.000000,1,,NSE,1.000000,5226488,False
765125,MLKFOOD-EQ,MLKFOOD,,-1.000000,1,,NSE,1.000000,836995,False
765075,HAMPTON-EQ,HAMPTON,,-1.000000,1,,NSE,1.000000,8966591,False
765168,SRIKPRIND-BE,SRIKPRIND,,-1.000000,1,,NSE,1.000000,658764,False
765237,ASSAMENT-EQ,ASSAMENT,,-1.000000,1,,NSE,5.000000,47081,False
765272,MILKYMIST-EQ,MILKYMIST,,-1.000000,1,,NSE,1.000000,341040,False
765280,620GS2029-GS,620GS2029,,-1.000000,1,,NSE,1.000000,999900,False
765435,709MH31-SG,709MH31,,-1.000000,100,,NSE,1.000000,1000000,False
765440,769HR48-SG,769HR48,,-1.000000,100,,NSE,1.000000,1000000,False
765468,HTEL-BE,HTEL,,-1.000000,1,,NSE,1.000000,1168204,False
765474,1150VIES29-N0,1150VIES29,,-1.000000,1,,NSE,1.000000,49,False
765549,775MP56-SG,775MP56,,-1.000000,100,,NSE,1.000000,1000000,False
765559,PRIORITY-BE,PRIORITY,,-1.000000,1,,NSE,1.000000,437058,False
765576,ASHUTOSH-ST,ASHUTOSH,,-1.000000,1200,,NSE,5.000000,607900,False
765968,805TACA29-N0,805TACA29,,-1.000000,1,,NSE,1.000000,999,False
7694,718KA33-SG,718KA33,,-1.000000,100,,NSE,1.000000,1000000,False
7707,722KA35-SG,722KA35,,-1.000000,100,,NSE,1.000000,1013100,False
765989,1050ASPL27-N0,1050ASPL27,,-1.000000,1,,NSE,1.000000,6540,False
765991,935IIFL33-N0,935IIFL33,,-1.000000,1,,NSE,1.000000,327,False
782,662KA32-SG,662KA32,,-1.000000,100,,NSE,1.000000,1000000,False
7777,889SCFL27-YC,889SCFL27,,-1.000000,1,,NSE,1.000000,3298,False
7843,654GS2032-GS,654GS2032,,-1.000000,1,,NSE,1.000000,999700,False
7848,BIL-EQ,BIL,,-1.000000,1,,NSE,5.000000,93188,False
7859,733KA40-SG,733KA40,,-1.000000,100,,NSE,1.000000,1000000,False
7874,734TS34-SG,734TS34,,-1.000000,100,,NSE,1.000000,1000000,False
7894,645RJ27A-SG,645RJ27A,,-1.000000,100,,NSE,1.000000,1000000,False
7899,724RJ32-SG,724RJ32,,-1.000000,100,,NSE,1.000000,999900,False
809,BSHSL-EQ,BSHSL,,-1.000000,1,,NSE,1.000000,1126081,False
8109,OILCOUNTUB-BE,OILCOUNTUB,,-1.000000,1,,NSE,1.000000,1633978,False
7910,736KA39-SG,736KA39,,-1.000000,100,,NSE,1.000000,1000000,False
8110,AWL-EQ,AWL,,-1.000000,1,,NSE,1.000000,539366,False
8262,MADHAVBAUG-ST,MADHAVBAUG,,-1.000000,400,,NSE,5.000000,343789,False
8295,712AS32A-SG,712AS32A,,-1.000000,100,,NSE,1.000000,999960,False
8342,GSEC5IETF-EQ,GSEC5IETF,,-1.000000,1,,NSE,1.000000,102313,False
8351,708MP29-SG,708MP29,,-1.000000,100,,NSE,1.000000,1000000,False
846,64GJ30A-SG,64GJ30A,,-1.000000,100,,NSE,1.000000,1000000,False
8428,RAJRILTD-BE,RAJRILTD,,-1.000000,1,,NSE,1.000000,4738935,False
8455,H1861D46RG-MF,H1861D46RG,,-1.000000,1,,NSE,1.000000,688204,False
8477,XELPMOC-EQ,XELPMOC,,-1.000000,1,,NSE,1.000000,483943,False
853,644UK30-SG,644UK30,,-1.000000,100,,NSE,1.000000,999950,False
8493,724SK32-SG,724SK32,,-1.000000,100,,NSE,1.000000,624570,False
8506,MID150BEES-EQ,MID150BEES,,-1.000000,1,,NSE,1.000000,422448,False
8625,957ICCL25-YW,957ICCL25,,-1.000000,1,,NSE,1.000000,8626,False
8684,729RJ32-SG,729RJ32,,-1.000000,100,,NSE,1.000000,1000000,False
8698,734NL32-SG,734NL32,,-1.000000,100,,NSE,1.000000,999988,False
877,676PN40-SG,676PN40,,-1.000000,100,,NSE,1.000000,1000000,False
8719,739TN42-SG,739TN42,,-1.000000,100,,NSE,1.000000,1045200,False
8727,SHAILY-EQ,SHAILY,,-1.000000,1,,NSE,10.000000,30448,False
8930,729AP34-SG,729AP34,,-1.000000,100,,NSE,1.000000,1000000,False
8962,HARDWYN-EQ,HARDWYN,,-1.000000,1,,NSE,1.000000,10916989,False
92,668UP30-SG,668UP30,,-1.000000,100,,NSE,1.000000,1000000,False
910,EICHERMOT-EQ,EICHERMOT,,-1.000000,1,,NSE,50.000000,13175,True
9273,843SCL27-YS,843SCL27,,-1.000000,1,,NSE,1.000000,85,False
9294,GINNIFILA-BE,GINNIFILA,,-1.000000,1,,NSE,1.000000,2438971,False
9444,774HR35-SG,774HR35,,-1.000000,100,,NSE,1.000000,1000000,False
9463,SONUINFRA-ST,SONUINFRA,,-1.000000,1500,,NSE,5.000000,384707,False
9522,SFMP1GR-MF,SFMP1GR,,-1.000000,1,,NSE,1.000000,525021,False
9558,AKSHAR-EQ,AKSHAR,,-1.000000,1,,NSE,1.000000,25750219,False
9617,SPLPETRO-EQ,SPLPETRO,,-1.000000,1,,NSE,5.000000,122038,False
9678,SOUTHWEST-EQ,SOUTHWEST,,-1.000000,1,,NSE,1.000000,468689,False
973,64MH30-SG,64MH30,,-1.000000,100,,NSE,1.000000,1000000,False
9718,772MN32-SG,772MN32,,-1.000000,100,,NSE,1.000000,817500,False
9750,ETHOSLTD-EQ,ETHOSLTD,,-1.000000,1,,NSE,10.000000,37942,False
9764,GSTL-SM,GSTL,,-1.000000,1000,,NSE,5.000000,521216,False
9771,777GJ31-SG,777GJ31,,-1.000000,100,,NSE,1.000000,1000000,False
9773,78AP31-SG,78AP31,,-1.000000,100,,NSE,1.000000,1000000,False
9781,782MN32-SG,782MN32,,-1.000000,100,,NSE,1.000000,490500,False
9785,79AP33-SG,79AP33,,-1.000000,100,,NSE,1.000000,1000000,False
9810,AETHER-EQ,AETHER,,-1.000000,1,,NSE,10.000000,59587,False
9821,786MH30-SG,786MH30,,-1.000000,100,,NSE,1.000000,1000000,False
9847,NV20BEES-EQ,NV20BEES,,-1.000000,1,,NSE,1.000000,336319,False
988,648MZ30-SG,648MZ30,,-1.000000,100,,NSE,1.000000,327000,False
9854,RILINFRA-SM,RILINFRA,,-1.000000,100,,NSE,5.000000,608383,False
9858,FIDEL-SM,FIDEL,,-1.000000,1000,,NSE,5.000000,449643,False
9913,738GS2027-GS,738GS2027,,-1.000000,1,,NSE,1.000000,972900,False
9917,NEOGEN-EQ,NEOGEN,,-1.000000,1,,NSE,10.000000,42140,False
9923,788NL32-SG,788NL32,,-1.000000,100,,NSE,1.000000,1000000,False
9975,829PFL29-N6,829PFL29,,-1.000000,1,,NSE,1.000000,874,False
1007,679PN35-SG,679PN35,,-1.000000,100,,NSE,1.000000,1000000,False
10202,786HR32-SG,786HR32,,-1.000000,100,,NSE,1.000000,1000000,False
10206,794AP34-SG,794AP34,,-1.000000,100,,NSE,1.000000,1000000,False
10207,793TS35-SG,793TS35,,-1.000000,100,,NSE,1.000000,1000000,False
1030,AARON-EQ,AARON,,-1.000000,1,,NSE,1.000000,684949,False
10255,795AP40A-SG,795AP40A,,-1.000000,100,,NSE,1.000000,1000000,False
10282,KAYA-BE,KAYA,,-1.000000,1,,NSE,5.000000,301474,False
10285,AYMSYNTEX-EQ,AYMSYNTEX,,-1.000000,1,,NSE,5.000000,355025,False
10330,778ML31-SG,778ML31,,-1.000000,100,,NSE,1.000000,654000,False
10357,783AS32-SG,783AS32,,-1.000000,100,,NSE,1.000000,1000000,False
10397,JISLJALEQS-EQ,JISLJALEQS,,-1.000000,1,,NSE,1.000000,3365813,False
10459,777GJ32-SG,777GJ32,,-1.000000,100,,NSE,1.000000,969150,False
10462,781RJ32-SG,781RJ32,,-1.000000,100,,NSE,1.000000,1000000,False
10478,807WB38-SG,807WB38,,-1.000000,100,,NSE,1.000000,1052600,False
10479,797HR42-SG,797HR42,,-1.000000,100,,NSE,1.000000,1000000,False
10511,NIFTYBETA-EQ,NIFTYBETA,,-1.000000,1,,NSE,1.000000,381805,False
10528,768AS32-SG,768AS32,,-1.000000,100,,NSE,1.000000,1000000,False
10568,RAMAPHO-EQ,RAMAPHO,,-1.000000,1,,NSE,1.000000,815161,False
10637,OLECTRA-EQ,OLECTRA,,-1.000000,1,,NSE,10.000000,82655,False
1073,FOSECOIND-EQ,FOSECOIND,,-1.000000,1,,NSE,50.000000,16137,False
10638,777RJ32-SG,777RJ32,,-1.000000,100,,NSE,1.000000,1000000,False
10643,796AP40-SG,796AP40,,-1.000000,100,,NSE,1.000000,1000000,False
10693,MOMENTUM-EQ,MOMENTUM,,-1.000000,1,,NSE,1.000000,410080,False
10753,UNIONBANK-EQ,UNIONBANK,,-1.000000,1,,NSE,1.000000,557253,True
10757,VERTIS-IV,VERTIS,,-1.000000,25000,,NSE,1.000000,860690,False
10761,SILVERADD-EQ,SILVERADD,,-1.000000,1,,NSE,1.000000,4582729,False
1080,647KA30-SG,647KA30,,-1.000000,100,,NSE,1.000000,1000000,False
10782,775PN42-SG,775PN42,,-1.000000,100,,NSE,1.000000,1007550,False
10793,SYRMA-EQ,SYRMA,,-1.000000,1,,NSE,10.000000,62862,False
10859,DREAMFOLKS-EQ,DREAMFOLKS,,-1.000000,1,,NSE,1.000000,1512384,False
10905,GENESYS-EQ,GENESYS,,-1.000000,1,,NSE,1.000000,324828,False
10940,DIVISLAB-EQ,DIVISLAB,,-1.000000,1,,NSE,50.000000,10618,True
10945,TMB-EQ,TMB,,-1.000000,1,,NSE,5.000000,109737,False
10957,746MP32-SG,746MP32,,-1.000000,100,,NSE,1.000000,1000000,False
10962,745AP40-SG,745AP40,,-1.000000,100,,NSE,1.000000,1000000,False
11027,INFOBEAN-EQ,INFOBEAN,,-1.000000,1,,NSE,1.000000,649240,False
11065,NATHBIOGEN-EQ,NATHBIOGEN,,-1.000000,1,,NSE,1.000000,621430,False
11082,LIBAS-EQ,LIBAS,,-1.000000,1,,NSE,1.000000,861467,False
11094,755BR32-SG,755BR32,,-1.000000,100,,NSE,1.000000,1000000,False
11140,SUMIT-EQ,SUMIT,,-1.000000,1,,NSE,1.000000,1564981,False
11218,MAKS-SM,MAKS,,-1.000000,1500,,NSE,5.000000,226767,False
11292,769KL40-SG,769KL40,,-1.000000,100,,NSE,1.000000,999886,False
11369,TTKHLTCARE-EQ,TTKHLTCARE,,-1.000000,1,,NSE,10.000000,89642,False
11371,BGLOBAL-BZ,BGLOBAL,,-1.000000,1,,NSE,1.000000,518069,False
11373,BIOCON-EQ,BIOCON,,-1.000000,1,,NSE,5.000000,254482,True
11400,775GJ32-SG,775GJ32,,-1.000000,100,,NSE,1.000000,1000000,False
11404,779RJ32-SG,779RJ32,,-1.000000,100,,NSE,1.000000,1000000,False
11409,784TS34-SG,784TS34,,-1.000000,100,,NSE,1.000000,1030100,False
11432,KRITINUT-EQ,KRITINUT,,-1.000000,1,,NSE,1.000000,1241915,False
11435,SPANDANA-EQ,SPANDANA,,-1.000000,1,,NSE,1.000000,424836,False
11457,NV20-EQ,NV20,,-1.000000,1,,NSE,1.000000,1849582,False
11472,LLOYDS-SM,LLOYDS,,-1.000000,1000,,NSE,5.000000,789210,False
11522,NIITLTD-EQ,NIITLTD,,-1.000000,1,,NSE,1.000000,1081067,False
11566,DCI-EQ,DCI,,-1.000000,1,,NSE,5.000000,368048,False
11584,GULFPETRO-BE,GULFPETRO,,-1.000000,1,,NSE,1.000000,1560529,False
11582,TRACXN-EQ,TRACXN,,-1.000000,1,,NSE,1.000000,3134738,False
11597,774GA32-SG,774GA32,,-1.000000,100,,NSE,1.000000,327000,False
11654,LALPATHLAB-EQ,LALPATHLAB,,-1.000000,1,,NSE,10.000000,52302,False
11683,783GA32-SG,783GA32,,-1.000000,100,,NSE,1.000000,327000,False
11689,SUPRAJIT-EQ,SUPRAJIT,,-1.000000,1,,NSE,5.000000,204522,False
11695,788MP33-SG,788MP33,,-1.000000,100,,NSE,1.000000,1010100,False
11700,795WB39-SG,795WB39,,-1.000000,100,,NSE,1.000000,1000000,False
11703,ALKEM-EQ,ALKEM,,-1.000000,1,,NSE,50.000000,19608,True
11748,725IRFC35-NH,725IRFC35,,-1.000000,1,,NSE,1.000000,70123,False
11859,SHAHALLOYS-BE,SHAHALLOYS,,-1.000000,1,,NSE,1.000000,647379,False
11860,JKPAPER-EQ,JKPAPER,,-1.000000,1,,NSE,5.000000,241335,False
11867,776HR30-SG,776HR30,,-1.000000,100,,NSE,1.000000,1000000,False
11884,MANINDS-EQ,MANINDS,,-1.000000,1,,NSE,5.000000,115439,False
11885,786JH34-SG,786JH34,,-1.000000,100,,NSE,1.000000,1000000,False
11915,YESBANK-EQ,YESBANK,,-1.000000,1,,NSE,1.000000,4237094,True
11910,RITEZONE-SM,RITEZONE,,-1.000000,1600,,NSE,5.000000,138329,False
11939,AMIABLE-SM,AMIABLE,,-1.000000,1600,,NSE,5.000000,57166,False
11981,765PN42-SG,765PN42,,-1.000000,100,,NSE,1.000000,1000000,False
12009,IMPAL-EQ,IMPAL,,-1.000000,1,,NSE,10.000000,89831,False
12024,ACI-EQ,ACI,,-1.000000,1,,NSE,5.000000,212471,False
12124,DOLATALGO-EQ,DOLATALGO,,-1.000000,1,,NSE,1.000000,1442495,False
12300,77BR32-SG,77BR32,,-1.000000,100,,NSE,1.000000,1000000,False
1236,652MH30-SG,652MH30,,-1.000000,100,,NSE,1.000000,1000000,False
12490,VINNY-EQ,VINNY,,-1.000000,1,,NSE,1.000000,15213564,False
12664,757HR30-SG,757HR30,,-1.000000,100,,NSE,1.000000,1003600,False
12701,768JK37-SG,768JK37,,-1.000000,100,,NSE,1.000000,1000000,False
13035,SAFARI-EQ,SAFARI,,-1.000000,1,,NSE,10.000000,64723,False
13061,360ONE-EQ,360ONE,,-1.000000,1,,NSE,10.000000,91459,True
13118,74ML27-SG,74ML27,,-1.000000,100,,NSE,1.000000,281220,False
13127,763HP37-SG,763HP37,,-1.000000,100,,NSE,1.000000,1000000,False
13143,GSEC10IETF-EQ,GSEC10IETF,,-1.000000,1,,NSE,1.000000,381189,False
13188,RCOM-BE,RCOM,,-1.000000,1,,NSE,1.000000,90432930,False
13192,ENIL-EQ,ENIL,,-1.000000,1,,NSE,1.000000,987730,False
13254,768KA34-SG,768KA34,,-1.000000,100,,NSE,1.000000,1000000,False
13256,77MZ35-SG,77MZ35,,-1.000000,100,,NSE,1.000000,490500,False
13275,INDOTECH-EQ,INDOTECH,,-1.000000,1,,NSE,10.000000,28376,False
1328,MARINE-EQ,MARINE,,-1.000000,1,,NSE,5.000000,238465,False
13305,CENTURYPLY-EQ,CENTURYPLY,,-1.000000,1,,NSE,5.000000,139302,False
13359,KFINTECH-EQ,KFINTECH,,-1.000000,1,,NSE,5.000000,110955,True
13377,761RJ32-SG,761RJ32,,-1.000000,100,,NSE,1.000000,999924,False
13430,KELLTONTEC-EQ,KELLTONTEC,,-1.000000,1,,NSE,1.000000,7262064,False
13423,ELIN-EQ,ELIN,,-1.000000,1,,NSE,1.000000,1099369,False
13461,KAMDHENU-BE,KAMDHENU,,-1.000000,1,,NSE,1.000000,2558088,False
136,ANDHRSUGAR-EQ,ANDHRSUGAR,,-1.000000,1,,NSE,1.000000,1037523,False
13602,762TN33-SG,762TN33,,-1.000000,100,,NSE,1.000000,999900,False
13619,764GA38-SG,764GA38,,-1.000000,100,,NSE,1.000000,654000,False
13668,MADHUCON-BE,MADHUCON,,-1.000000,1,,NSE,1.000000,2413094,False
13710,FIEMIND-EQ,FIEMIND,,-1.000000,1,,NSE,10.000000,49744,False
13718,763TS36-SG,763TS36,,-1.000000,100,,NSE,1.000000,1000000,False
13730,INSPIRISYS-EQ,INSPIRISYS,,-1.000000,1,,NSE,1.000000,1170520,False
13751,NAUKRI-EQ,NAUKRI,,-1.000000,1,,NSE,10.000000,79755,True
13753,MANOMAY-EQ,MANOMAY,,-1.000000,1,,NSE,1.000000,426996,False
13766,DUCOL-SM,DUCOL,,-1.000000,800,,NSE,5.000000,590518,False
13770,755TS30-SG,755TS30,,-1.000000,100,,NSE,1.000000,1025100,False
13795,PARSVNATH-BE,PARSVNATH,,-1.000000,1,,NSE,1.000000,14230424,False
13839,DONEAR-EQ,DONEAR,,-1.000000,1,,NSE,1.000000,1176032,False
13854,9IIFL28A-NT,9IIFL28A,,-1.000000,1,,NSE,1.000000,38891,False
13856,VENUSREM-BE,VENUSREM,,-1.000000,1,,NSE,10.000000,61862,False
13868,AARTIPHARM-EQ,AARTIPHARM,,-1.000000,1,,NSE,5.000000,121209,False
13887,764GA33-SG,764GA33,,-1.000000,100,,NSE,1.000000,327000,False
13906,766WB39-SG,766WB39,,-1.000000,100,,NSE,1.000000,1000000,False
13941,PRAENG-EQ,PRAENG,,-1.000000,1,,NSE,1.000000,2286900,False
13960,766RJ33-SG,766RJ33,,-1.000000,100,,NSE,1.000000,1000000,False
13967,767NL33A-SG,767NL33A,,-1.000000,100,,NSE,1.000000,810960,False
13968,768HR33-SG,768HR33,,-1.000000,100,,NSE,1.000000,1000000,False
14019,VEEDOL-EQ,VEEDOL,,-1.000000,1,,NSE,10.000000,69992,False
14069,ASMS-BE,ASMS,,-1.000000,1,,NSE,1.000000,9959659,False
14150,BTML-EQ,BTML,,-1.000000,1,,NSE,1.000000,5941517,False
14159,77HR31-SG,77HR31,,-1.000000,100,,NSE,1.000000,1000000,False
1426,MHHL-SM,MHHL,,-1.000000,1500,,NSE,5.000000,596313,False
14223,TIIL-EQ,TIIL,,-1.000000,1,,NSE,10.000000,30766,False
14263,AGARWALFT-SM,AGARWALFT,,-1.000000,1500,,NSE,5.000000,236862,False
14268,77AP30-SG,77AP30,,-1.000000,100,,NSE,1.000000,1000000,False
14273,766UP33A-SG,766UP33A,,-1.000000,100,,NSE,1.000000,999950,False
14278,ORIENTBELL-EQ,ORIENTBELL,,-1.000000,1,,NSE,5.000000,248783,False
14299,PFC-EQ,PFC,,-1.000000,1,,NSE,5.000000,280508,True
14305,OSWALSEEDS-EQ,OSWALSEEDS,,-1.000000,1,,NSE,1.000000,2991069,False
14339,GANESHHOU-EQ,GANESHHOU,,-1.000000,1,,NSE,5.000000,130917,False
14352,769MP43-SG,769MP43,,-1.000000,100,,NSE,1.000000,999900,False
14353,758TS45-SG,758TS45,,-1.000000,100,,NSE,1.000000,1000000,False
14366,IDEA-EQ,IDEA,,-1.000000,1,,NSE,1.000000,6608925,True
14398,AMDIND-EQ,AMDIND,,-1.000000,1,,NSE,1.000000,626752,False
14437,777JK35-SG,777JK35,,-1.000000,100,,NSE,1.000000,1000000,False
14466,KIRLFER-EQ,KIRLFER,,-1.000000,1,,NSE,5.000000,214892,False
14529,769NHAI31-NE,769NHAI31,,-1.000000,1,,NSE,1.000000,86345,False
14534,773BR33-SG,773BR33,,-1.000000,100,,NSE,1.000000,1052460,False
14538,773UP33-SG,773UP33,,-1.000000,100,,NSE,1.000000,999900,False
14552,PHOENIXLTD-EQ,PHOENIXLTD,,-1.000000,1,,NSE,10.000000,52572,True
14562,ZENITHSTL-EQ,ZENITHSTL,,-1.000000,1,,NSE,1.000000,4652570,False
14613,QFIL-SM,QFIL,,-1.000000,1000,,NSE,5.000000,93325,False
14639,772MH32-SG,772MH32,,-1.000000,100,,NSE,1.000000,1000000,False
1476,IDBI-EQ,IDBI,,-1.000000,1,,NSE,1.000000,1193516,False
14687,GOACARBON-EQ,GOACARBON,,-1.000000,1,,NSE,5.000000,241889,False
14758,051NSETEST-EQ,051NSETEST,,-1.000000,1,,NSE,5.000000,500000,False
14761,NELCAST-EQ,NELCAST,,-1.000000,1,,NSE,1.000000,921081,False
14784,161NSETEST-EQ,161NSETEST,,-1.000000,1,,NSE,5.000000,500000,False
14786,LOWVOL-EQ,LOWVOL,,-1.000000,1,,NSE,1.000000,68776,False
14797,SIGMAADV-BE,SIGMAADV,,-1.000000,1,,NSE,5.000000,120019,False
14819,773MH32-SG,773MH32,,-1.000000,100,,NSE,1.000000,973800,False
14825,777HR33-SG,777HR33,,-1.000000,100,,NSE,1.000000,999939,False
14838,DECCANCE-EQ,DECCANCE,,-1.000000,1,,NSE,5.000000,174295,False
14844,789WB40-SG,789WB40,,-1.000000,100,,NSE,1.000000,982100,False
14912,KPRMILL-EQ,KPRMILL,,-1.000000,1,,NSE,10.000000,89897,False
14922,PURVA-EQ,PURVA,,-1.000000,1,,NSE,1.000000,471453,False
14952,INDOWIND-EQ,INDOWIND,,-1.000000,1,,NSE,1.000000,5264770,False
14966,CSBBANK-EQ,CSBBANK,,-1.000000,1,,NSE,5.000000,327020,False
14973,729GR2033-GS,729GR2033,,-1.000000,1,,NSE,1.000000,1000000,False
14993,SOTAC-SM,SOTAC,,-1.000000,1200,,NSE,5.000000,361335,False
15105,761RJ43-SG,761RJ43,,-1.000000,100,,NSE,1.000000,979799,False
15168,764IRFC31-NO,764IRFC31,,-1.000000,1,,NSE,1.000000,87172,False
15228,UJJIVANSFB-EQ,UJJIVANSFB,,-1.000000,1,,NSE,1.000000,1525080,False
15234,AMBIKCO-EQ,AMBIKCO,,-1.000000,1,,NSE,10.000000,62768,False
15249,1003SFIL28-NX,1003SFIL28,,-1.000000,1,,NSE,1.000000,2941,False
15259,RPOWER-EQ,RPOWER,,-1.000000,1,,NSE,1.000000,4632063,False
15282,ONMOBILE-BE,ONMOBILE,,-1.000000,1,,NSE,1.000000,2127596,False
15330,QGOLDHALF-EQ,QGOLDHALF,,-1.000000,1,,NSE,1.000000,797714,False
15333,746TS48A-SG,746TS48A,,-1.000000,100,,NSE,1.000000,1000000,False
15374,840CIFCL28-N4,840CIFCL28,,-1.000000,1,,NSE,1.000000,97181,False
15414,TITAGARH-EQ,TITAGARH,,-1.000000,1,,NSE,5.000000,118647,False
16224,733MH31-SG,733MH31,,-1.000000,100,,NSE,1.000000,982200,False
16244,738AP35-SG,738AP35,,-1.000000,100,,NSE,1.000000,1000000,False
164,68AS30-SG,68AS30,,-1.000000,100,,NSE,1.000000,999960,False
1633,IPCALAB-EQ,IPCALAB,,-1.000000,1,,NSE,10.000000,50740,False
1651,663KA34-SG,663KA34,,-1.000000,100,,NSE,1.000000,1000000,False
16419,CRAYONS-SM,CRAYONS,,-1.000000,1000,,NSE,5.000000,798861,False
1655,669TS40-SG,669TS40,,-1.000000,100,,NSE,1.000000,1000000,False
16589,VAISHALI-EQ,VAISHALI,,-1.000000,1,,NSE,1.000000,4266111,False
16639,KIRIINDUS-EQ,KIRIINDUS,,-1.000000,1,,NSE,5.000000,186054,False
16648,732HR33-SG,732HR33,,-1.000000,100,,NSE,1.000000,1000000,False
16658,SIGMA-EQ,SIGMA,,-1.000000,1,,NSE,1.000000,2262899,False
16682,PTCIL-EQ,PTCIL,,-1.000000,1,,NSE,500.000000,4227,False
16819,QNIFTY-EQ,QNIFTY,,-1.000000,1,,NSE,1.000000,78527,False
16863,LPDC-EQ,LPDC,,-1.000000,1,,NSE,1.000000,4386481,False
16870,81TCHF28-N8,81TCHF28,,-1.000000,1,,NSE,1.000000,12516,False
16943,ASHOKAMET-EQ,ASHOKAMET,,-1.000000,1,,NSE,1.000000,817369,False
16950,CELLPOINT-SM,CELLPOINT,,-1.000000,1200,,NSE,5.000000,611019,False
16976,742CG31-SG,742CG31,,-1.000000,100,,NSE,1.000000,1000000,False
16989,COUNCODOS-BE,COUNCODOS,,-1.000000,1,,NSE,1.000000,2537431,False
16998,739KL52-SG,739KL52,,-1.000000,100,,NSE,1.000000,1000000,False
1708,JAYBARMARU-EQ,JAYBARMARU,,-1.000000,1,,NSE,1.000000,857772,False
17044,SHARIABEES-EQ,SHARIABEES,,-1.000000,1,,NSE,1.000000,42266,False
17110,SGBJ28VIII-GB,SGBJ28VIII,,-1.000000,1,,NSE,1.000000,6600,False
1720,JAYSREETEA-EQ,JAYSREETEA,,-1.000000,1,,NSE,1.000000,944293,False
17111,746AP43-SG,746AP43,,-1.000000,100,,NSE,1.000000,1000000,False
17127,747PN34-SG,747PN34,,-1.000000,100,,NSE,1.000000,1000000,False
17206,SYNOPTICS-ST,SYNOPTICS,,-1.000000,600,,NSE,5.000000,277296,False
17322,737BR30-SG,737BR30,,-1.000000,100,,NSE,1.000000,1043600,False
17326,736MZ38A-SG,736MZ38A,,-1.000000,100,,NSE,1.000000,261600,False
17388,ADANIPOWER-EQ,ADANIPOWER,,-1.000000,1,,NSE,1.000000,462832,True
17398,718GS2037-GS,718GS2037,,-1.000000,1,,NSE,1.000000,979200,False
17424,GLOBUSSPR-EQ,GLOBUSSPR,,-1.000000,1,,NSE,5.000000,119080,False
17459,736KL41-SG,736KL41,,-1.000000,100,,NSE,1.000000,1000000,False
1757,665PN50A-SG,665PN50A,,-1.000000,100,,NSE,1.000000,1000000,False
17486,EXPLEOSOL-EQ,EXPLEOSOL,,-1.000000,1,,NSE,5.000000,112409,False
1765,893NHB29-N6,893NHB29,,-1.000000,1,,NSE,1.000000,17857,False
17635,ZYDUSWELL-EQ,ZYDUSWELL,,-1.000000,1,,NSE,5.000000,181033,False
17641,SUNTECK-EQ,SUNTECK,,-1.000000,1,,NSE,5.000000,347134,False
17684,SHRITECH-SM,SHRITECH,,-1.000000,2000,,NSE,5.000000,815865,False
17700,LTGILTBEES-EQ,LTGILTBEES,,-1.000000,1,,NSE,1.000000,3360991,False
17728,ASTEC-EQ,ASTEC,,-1.000000,1,,NSE,5.000000,142877,False
17794,SOMICONVEY-EQ,SOMICONVEY,,-1.000000,1,,NSE,1.000000,385194,False
17801,LLOYDSENGG-EQ,LLOYDSENGG,,-1.000000,1,,NSE,1.000000,1208046,False
17818,LTM-EQ,LTM,,-1.000000,1,,NSE,10.000000,23136,True
17840,743TS41-SG,743TS41,,-1.000000,100,,NSE,1.000000,1000000,False
17851,DLINKINDIA-EQ,DLINKINDIA,,-1.000000,1,,NSE,5.000000,230248,False
17993,PGIMCSA3D-MF,PGIMCSA3D,,-1.000000,1,,NSE,1.000000,196,False
1808,KAJARIACER-EQ,KAJARIACER,,-1.000000,1,,NSE,10.000000,81388,False
18005,BPF02D1R-MF,BPF02D1R,,-1.000000,1,,NSE,1.000000,656,False
18095,BPF02RDR-MF,BPF02RDR,,-1.000000,1,,NSE,1.000000,50,False
18097,747KL39-SG,747KL39,,-1.000000,100,,NSE,1.000000,990000,False
18105,745JK53-SG,745JK53,,-1.000000,100,,NSE,1.000000,1000000,False
18110,VASCONEQ-EQ,VASCONEQ,,-1.000000,1,,NSE,1.000000,3324390,False
18119,SRGHFL-EQ,SRGHFL,,-1.000000,1,,NSE,5.000000,513593,False
18139,DOLPHIN-EQ,DOLPHIN,,-1.000000,1,,NSE,5.000000,154057,False
18164,BPF01D1D-MF,BPF01D1D,,-1.000000,1,,NSE,1.000000,3314,False
18321,LGBBROSLTD-EQ,LGBBROSLTD,,-1.000000,1,,NSE,10.000000,58426,False
18359,SANDUMA-EQ,SANDUMA,,-1.000000,1,,NSE,1.000000,524993,False
18372,CPS-SM,CPS,,-1.000000,150,,NSE,5.000000,74491,False
18405,745PN34A-SG,745PN34A,,-1.000000,100,,NSE,1.000000,999986,False
18409,742HP38-SG,742HP38,,-1.000000,100,,NSE,1.000000,1001000,False
18474,719GS2060-GS,719GS2060,,-1.000000,1,,NSE,1.000000,1041600,False
18558,JIWANRAM-SM,JIWANRAM,,-1.000000,6000,,NSE,5.000000,809266,False
18773,MARCO-SM,MARCO,,-1.000000,1500,,NSE,5.000000,611457,False
18794,HIGREEN-SM,HIGREEN,,-1.000000,800,,NSE,5.000000,817173,False
18908,PNBHOUSING-EQ,PNBHOUSING,,-1.000000,1,,NSE,10.000000,84691,True
18932,749CG30-SG,749CG30,,-1.000000,100,,NSE,1.000000,1000000,False
19,STYRENIX-EQ,STYRENIX,,-1.000000,1,,NSE,10.000000,47322,False
18938,745GJ31-SG,745GJ31,,-1.000000,100,,NSE,1.000000,997500,False
18972,SGBMAY28-GB,SGBMAY28,,-1.000000,1,,NSE,1.000000,6638,False
18991,759MN35-SG,759MN35,,-1.000000,100,,NSE,1.000000,327000,False
19036,PODDARMENT-EQ,PODDARMENT,,-1.000000,1,,NSE,5.000000,346947,False
19061,MANAPPURAM-EQ,MANAPPURAM,,-1.000000,1,,NSE,5.000000,303405,True
19108,ROLLT-BE,ROLLT,,-1.000000,1,,NSE,1.000000,8179251,False
19126,KIOCL-EQ,KIOCL,,-1.000000,1,,NSE,5.000000,280781,False
19154,INSPIRE-SM,INSPIRE,,-1.000000,2000,,NSE,5.000000,445024,False
19178,749KL45-SG,749KL45,,-1.000000,100,,NSE,1.000000,1008800,False
1920,SGBJAN29IX-GB,SGBJAN29IX,,-1.000000,1,,NSE,1.000000,6643,False
19180,754CG31-SG,754CG31,,-1.000000,100,,NSE,1.000000,1006400,False
19223,TCIEXP-EQ,TCIEXP,,-1.000000,1,,NSE,5.000000,194323,False
19287,KONTOR-SM,KONTOR,,-1.000000,600,,NSE,5.000000,202086,False
19322,HISARMETAL-EQ,HISARMETAL,,-1.000000,1,,NSE,1.000000,176580,False
19356,GOYALSALT-SM,GOYALSALT,,-1.000000,600,,NSE,5.000000,585338,False
19372,SPCENET-EQ,SPCENET,,-1.000000,1,,NSE,1.000000,18564958,False
1940,663ML31-SG,663ML31,,-1.000000,100,,NSE,1.000000,346620,False
19480,762GJ28-SG,762GJ28,,-1.000000,100,,NSE,1.000000,1006200,False
19521,756JK53-SG,756JK53,,-1.000000,100,,NSE,1.000000,1000000,False
19611,773MN35-SG,773MN35,,-1.000000,100,,NSE,1.000000,327000,False
19631,PRICOLLTD-EQ,PRICOLLTD,,-1.000000,1,,NSE,5.000000,131266,False
19676,CMICABLES-BZ,CMICABLES,,-1.000000,1,,NSE,1.000000,524097,False
19720,777PN33-SG,777PN33,,-1.000000,100,,NSE,1.000000,1000098,False
19728,774RJ39-SG,774RJ39,,-1.000000,100,,NSE,1.000000,1000000,False
19795,CELLO-EQ,CELLO,,-1.000000,1,,NSE,5.000000,300403,False
19813,HONASA-EQ,HONASA,,-1.000000,1,,NSE,5.000000,212241,False
19943,DEEPAKNTR-EQ,DEEPAKNTR,,-1.000000,1,,NSE,10.000000,62877,False
19955,WAAREEINDO-EQ,WAAREEINDO,,-1.000000,1,,NSE,5.000000,396899,False
19972,735PFCL35-N1,735PFCL35,,-1.000000,1,,NSE,1.000000,69838,False
19976,760PFCL35-N3,760PFCL35,,-1.000000,1,,NSE,1.000000,50840,False
20018,71JK30-SG,71JK30,,-1.000000,100,,NSE,1.000000,953160,False
20020,718AP33-SG,718AP33,,-1.000000,100,,NSE,1.000000,945000,False
20022,830PFCL27-N5,830PFCL27,,-1.000000,1,,NSE,1.000000,92420,False
20030,774IREDA31-N7,774IREDA31,,-1.000000,1,,NSE,1.000000,88845,False
20032,735NABAR31-N1,735NABAR31,,-1.000000,1,,NSE,1.000000,90080,False
20056,866IIFC34B-N3,866IIFC34B,,-1.000000,1,,NSE,1.000000,79868,False
201,UNIDT-EQ,UNIDT,,-1.000000,1,,NSE,1.000000,432984,False
2014,657GJ31-SG,657GJ31,,-1.000000,100,,NSE,1.000000,1000000,False
20116,1003SCL30A-NV,1003SCL30A,,-1.000000,1,,NSE,1.000000,976,False
20179,773UP34-SG,773UP34,,-1.000000,100,,NSE,1.000000,997250,False
20188,WABAG-EQ,WABAG,,-1.000000,1,,NSE,10.000000,43870,False
20197,76JK53A-SG,76JK53A,,-1.000000,100,,NSE,1.000000,981750,False
20213,SUNREST-SM,SUNREST,,-1.000000,1600,,NSE,5.000000,561288,False
20223,CLEDUCATE-EQ,CLEDUCATE,,-1.000000,1,,NSE,1.000000,1689726,False
20226,77BR38-SG,77BR38,,-1.000000,100,,NSE,1.000000,1013800,False
20288,658KA30-SG,658KA30,,-1.000000,100,,NSE,1.000000,984000,False
20309,718AP28-SG,718AP28,,-1.000000,100,,NSE,1.000000,946222,False
20323,RESPONIND-EQ,RESPONIND,,-1.000000,1,,NSE,1.000000,576940,False
20354,775RJ35-SG,775RJ35,,-1.000000,100,,NSE,1.000000,1008600,False
20366,764RJ49-SG,764RJ49,,-1.000000,100,,NSE,1.000000,999900,False
20374,COALINDIA-EQ,COALINDIA,,-1.000000,1,,NSE,5.000000,234183,True
20470,767TN30-SG,767TN30,,-1.000000,100,,NSE,1.000000,992400,False
20480,77TS38-SG,77TS38,,-1.000000,100,,NSE,1.000000,1005000,False
20481,WIPL-EQ,WIPL,,-1.000000,1,,NSE,1.000000,277536,False
20570,764AR30-SG,764AR30,,-1.000000,100,,NSE,1.000000,91560,False
20574,72AP30-SG,72AP30,,-1.000000,100,,NSE,1.000000,944694,False
20598,658GA30-SG,658GA30,,-1.000000,100,,NSE,1.000000,327000,False
20601,644GJ29-SG,644GJ29,,-1.000000,100,,NSE,1.000000,990850,False
20653,655AS30-SG,655AS30,,-1.000000,100,,NSE,1.000000,989200,False
20666,656AP31-SG,656AP31,,-1.000000,100,,NSE,1.000000,989600,False
2074,699JK31-SG,699JK31,,-1.000000,100,,NSE,1.000000,999950,False
20696,718GJ30-SG,718GJ30,,-1.000000,100,,NSE,1.000000,947000,False
20713,85LTF26-NM,85LTF26,,-1.000000,1,,NSE,1.000000,8182,False
20743,763WB38-SG,763WB38,,-1.000000,100,,NSE,1.000000,1000000,False
20749,878MFL27-NH,878MFL27,,-1.000000,1,,NSE,1.000000,993,False
20760,RPPINFRA-EQ,RPPINFRA,,-1.000000,1,,NSE,1.000000,1621459,False
20769,957ISFL26-N2,957ISFL26,,-1.000000,1,,NSE,1.000000,11133,False
20817,IRBINVIT-IV,IRBINVIT,,-1.000000,1,,NSE,1.000000,1558425,False
20822,SURAJEST-EQ,SURAJEST,,-1.000000,1,,NSE,1.000000,572755,False
20830,MOIL-EQ,MOIL,,-1.000000,1,,NSE,1.000000,408191,False
20843,779SIDBI27-N0,779SIDBI27,,-1.000000,1,,NSE,1.000000,999,False
20848,768IREDA33-N8,768IREDA33,,-1.000000,1,,NSE,1.000000,1000,False
20850,722AS30-SG,722AS30,,-1.000000,100,,NSE,1.000000,945850,False
20893,RBZJEWEL-BE,RBZJEWEL,,-1.000000,1,,NSE,1.000000,574080,False
20913,672GA30-SG,672GA30,,-1.000000,100,,NSE,1.000000,327000,False
20927,758GJ32-SG,758GJ32,,-1.000000,100,,NSE,1.000000,1018700,False
20933,756TN53A-SG,756TN53A,,-1.000000,100,,NSE,1.000000,999900,False
20995,990SCL26B-Y7,990SCL26B,,-1.000000,1,,NSE,1.000000,5787,False
21028,875SCL23A-YI,875SCL23A,,-1.000000,1,,NSE,1.000000,770,False
21046,795JK30-SG,795JK30,,-1.000000,100,,NSE,1.000000,902589,False
21056,835SCL23B-YM,835SCL23B,,-1.000000,1,,NSE,1.000000,5265,False
21077,SURANASOL-EQ,SURANASOL,,-1.000000,1,,NSE,1.000000,1609055,False
21139,694GA30-SG,694GA30,,-1.000000,100,,NSE,1.000000,327000,False
21153,774AP32A-SG,774AP32A,,-1.000000,100,,NSE,1.000000,952300,False
21156,774RJ34-SG,774RJ34,,-1.000000,100,,NSE,1.000000,1051300,False
21168,77AP43A-SG,77AP43A,,-1.000000,100,,NSE,1.000000,1000000,False
21174,CDSL-EQ,CDSL,,-1.000000,1,,NSE,10.000000,73359,True
21173,KCEIL-SM,KCEIL,,-1.000000,500,,NSE,5.000000,399724,False
21214,728GJ29-SG,728GJ29,,-1.000000,100,,NSE,1.000000,941850,False
21216,654GJ30-SG,654GJ30,,-1.000000,100,,NSE,1.000000,986200,False
21229,885TCAPS29-NC,885TCAPS29,,-1.000000,1,,NSE,1.000000,56472,False
21270,778AS34-SG,778AS34,,-1.000000,100,,NSE,1.000000,1002500,False
21272,776KL35-SG,776KL35,,-1.000000,100,,NSE,1.000000,1010080,False
21325,840CIFCL27-NI,840CIFCL27,,-1.000000,1,,NSE,1.000000,163,False
21339,STEELXIND-EQ,STEELXIND,,-1.000000,1,,NSE,1.000000,8236022,False
21508,COCHINSHIP-EQ,COCHINSHIP,,-1.000000,1,,NSE,10.000000,72347,True
21543,76AP44-SG,76AP44,,-1.000000,100,,NSE,1.000000,1000000,False
21549,655AP28-SG,655AP28,,-1.000000,100,,NSE,1.000000,987300,False
21572,835SMFG27-N0,835SMFG27,,-1.000000,1,,NSE,1.000000,999,False
21644,724AP33-SG,724AP33,,-1.000000,100,,NSE,1.000000,939900,False
21650,66GJ29-SG,66GJ29,,-1.000000,100,,NSE,1.000000,981450,False
21683,BRNL-EQ,BRNL,,-1.000000,1,,NSE,1.000000,2745165,False
21723,LASA-BE,LASA,,-1.000000,1,,NSE,1.000000,1638310,False
21767,83645TFS27-N1,83645TFS27,,-1.000000,1,,NSE,1.000000,999,False
21770,ICICIGI-EQ,ICICIGI,,-1.000000,1,,NSE,10.000000,68386,True
21840,DIAMONDYD-EQ,DIAMONDYD,,-1.000000,1,,NSE,10.000000,90214,False
21877,774BR39-SG,774BR39,,-1.000000,100,,NSE,1.000000,1000000,False
21906,896KL35-SG,896KL35,,-1.000000,100,,NSE,1.000000,817162,False
21934,76MH30-SG,76MH30,,-1.000000,100,,NSE,1.000000,923000,False
21947,624MH28-SG,624MH28,,-1.000000,100,,NSE,1.000000,994500,False
21953,833TPL27-N5,833TPL27,,-1.000000,1,,NSE,1.000000,817,False
21965,704MP30-SG,704MP30,,-1.000000,100,,NSE,1.000000,956200,False
21966,712MP35-SG,712MP35,,-1.000000,100,,NSE,1.000000,937300,False
21967,719MP40-SG,719MP40,,-1.000000,100,,NSE,1.000000,928000,False
21976,717MP29-SG,717MP29,,-1.000000,100,,NSE,1.000000,949000,False
220,IEX-EQ,IEX,,-1.000000,1,,NSE,1.000000,877425,True
21983,689MP35-SG,689MP35,,-1.000000,100,,NSE,1.000000,963400,False
22011,72ML29-SG,72ML29,,-1.000000,100,,NSE,1.000000,637650,False
22031,722AP28-SG,722AP28,,-1.000000,100,,NSE,1.000000,944320,False
24466,812ABHF29-N0,812ABHF29,,-1.000000,1,,NSE,1.000000,1000,False
24502,745RECL35-N0,745RECL35,,-1.000000,1,,NSE,1.000000,999,False
24516,754BOI34-N0,754BOI34,,-1.000000,1,,NSE,1.000000,1000,False
22032,722AP31A-SG,722AP31A,,-1.000000,100,,NSE,1.000000,938300,False
22034,727RJ29-SG,727RJ29,,-1.000000,100,,NSE,1.000000,942650,False
22077,671RJ30-SG,671RJ30,,-1.000000,100,,NSE,1.000000,977400,False
24520,TUNWAL-SM,TUNWAL,,-1.000000,2000,,NSE,5.000000,1886540,False
24604,850CIFL27-N0,850CIFL27,,-1.000000,1,,NSE,1.000000,1000,False
22070,670RJ50-SG,670RJ50,,-1.000000,100,,NSE,1.000000,975450,False
2463,MIDHANI-EQ,MIDHANI,,-1.000000,1,,NSE,5.000000,223496,False
22088,70UP30-SG,70UP30,,-1.000000,100,,NSE,1.000000,959100,False
22090,716UP29-SG,716UP29,,-1.000000,100,,NSE,1.000000,949250,False
22098,728UP29-SG,728UP29,,-1.000000,100,,NSE,1.000000,942300,False
22099,729UP29-SG,729UP29,,-1.000000,100,,NSE,1.000000,941250,False
24610,AVANTEL-EQ,AVANTEL,,-1.000000,1,,NSE,1.000000,639034,False
24638,APRAMEYA-SM,APRAMEYA,,-1.000000,500,,NSE,5.000000,622608,False
24661,735RJ49-SG,735RJ49,,-1.000000,100,,NSE,1.000000,999900,False
22100,691UP30-SG,691UP30,,-1.000000,100,,NSE,1.000000,960300,False
22107,750TN29-SG,750TN29,,-1.000000,100,,NSE,1.000000,934200,False
22143,705WB30-SG,705WB30,,-1.000000,100,,NSE,1.000000,957000,False
22174,65WB30-SG,65WB30,,-1.000000,100,,NSE,1.000000,992600,False
24662,731TS50-SG,731TS50,,-1.000000,100,,NSE,1.000000,1000000,False
24742,CEIGALL-EQ,CEIGALL,,-1.000000,1,,NSE,5.000000,262875,False
24777,OLAELEC-EQ,OLAELEC,,-1.000000,1,,NSE,1.000000,2591908,False
24805,755RECL26-N0,755RECL26,,-1.000000,1,,NSE,1.000000,1000,False
24809,UNIECOM-EQ,UNIECOM,,-1.000000,1,,NSE,1.000000,1199984,False
24834,736NBFID44-N0,736NBFID44,,-1.000000,1,,NSE,1.000000,999,False
24856,SSDL-EQ,SSDL,,-1.000000,1,,NSE,1.000000,1294913,False
22177,735WB30-SG,735WB30,,-1.000000,100,,NSE,1.000000,936400,False
22182,679JK30-SG,679JK30,,-1.000000,100,,NSE,1.000000,974350,False
22200,699JH30-SG,699JH30,,-1.000000,100,,NSE,1.000000,961350,False
22224,729GA29A-SG,729GA29A,,-1.000000,100,,NSE,1.000000,654000,False
22262,644UP30-SG,644UP30,,-1.000000,100,,NSE,1.000000,1000000,False
22341,662WB35-SG,662WB35,,-1.000000,100,,NSE,1.000000,1000000,False
22342,644MH28-SG,644MH28,,-1.000000,100,,NSE,1.000000,1000000,False
22343,649MH31-SG,649MH31,,-1.000000,100,,NSE,1.000000,1000000,False
24868,SUNLITE-SM,SUNLITE,,-1.000000,300,,NSE,5.000000,146272,False
24888,723MH40-SG,723MH40,,-1.000000,100,,NSE,1.000000,999900,False
24890,722MH45-SG,722MH45,,-1.000000,100,,NSE,1.000000,999900,False
24937,MFML-EQ,MFML,,-1.000000,1,,NSE,1.000000,347282,False
22369,65GA30A-SG,65GA30A,,-1.000000,100,,NSE,1.000000,327000,False
22374,65TN30-SG,65TN30,,-1.000000,100,,NSE,1.000000,1000000,False
22377,MAXHEALTH-EQ,MAXHEALTH,,-1.000000,1,,NSE,10.000000,96351,True
22412,664RJ30-SG,664RJ30,,-1.000000,100,,NSE,1.000000,1000000,False
24991,727AP41-SG,727AP41,,-1.000000,100,,NSE,1.000000,1000000,False
25000,723JK54-SG,723JK54,,-1.000000,100,,NSE,1.000000,1000000,False
25001,722TN54-SG,722TN54,,-1.000000,100,,NSE,1.000000,999900,False
25007,725BR33-SG,725BR33,,-1.000000,100,,NSE,1.000000,1052600,False
25011,722RJ34-SG,722RJ34,,-1.000000,100,,NSE,1.000000,999900,False
25097,724KL40-SG,724KL40,,-1.000000,100,,NSE,1.000000,999984,False
25099,725AP44-SG,725AP44,,-1.000000,100,,NSE,1.000000,1000000,False
25100,725AS44-SG,725AS44,,-1.000000,100,,NSE,1.000000,1000000,False
22421,677KA33-SG,677KA33,,-1.000000,100,,NSE,1.000000,1000000,False
22428,MAXIND-EQ,MAXIND,,-1.000000,1,,NSE,1.000000,684898,False
22440,BANKBETA-EQ,BANKBETA,,-1.000000,1,,NSE,1.000000,1705564,False
22447,655AS30A-SG,655AS30A,,-1.000000,100,,NSE,1.000000,999960,False
2245,705RJ31-SG,705RJ31,,-1.000000,100,,NSE,1.000000,999900,False
22454,661KA35-SG,661KA35,,-1.000000,100,,NSE,1.000000,1000000,False
22461,810NIIF34-N0,810NIIF34,,-1.000000,1,,NSE,1.000000,81,False
22501,766HR36-SG,766HR36,,-1.000000,100,,NSE,1.000000,1000000,False
25114,STYLEBAAZA-EQ,STYLEBAAZA,,-1.000000,1,,NSE,5.000000,257653,False
25123,730PFCL34-N0,730PFCL34,,-1.000000,1,,NSE,1.000000,999,False
22508,767WB44-SG,767WB44,,-1.000000,100,,NSE,1.000000,999900,False
22509,755TN54-SG,755TN54,,-1.000000,100,,NSE,1.000000,1000000,False
22521,GILT5BETA-EQ,GILT5BETA,,-1.000000,1,,NSE,1.000000,128953,False
22556,86CIFC29-NN,86CIFC29,,-1.000000,1,,NSE,1.000000,97366,False
25213,722TS38-SG,722TS38,,-1.000000,100,,NSE,1.000000,999900,False
25222,SANOFICONR-EQ,SANOFICONR,,-1.000000,1,,NSE,10.000000,24850,False
25227,803ABHFL29-N0,803ABHFL29,,-1.000000,1,,NSE,1.000000,752,False
25229,807SMFG27-N0,807SMFG27,,-1.000000,1,,NSE,1.000000,654,False
22592,HEALTHADD-EQ,HEALTHADD,,-1.000000,1,,NSE,1.000000,342324,False
22612,752AS34-SG,752AS34,,-1.000000,100,,NSE,1.000000,1000000,False
22617,749MH36-SG,749MH36,,-1.000000,100,,NSE,1.000000,998250,False
2539,702HR29-SG,702HR29,,-1.000000,100,,NSE,1.000000,999900,False
25294,956AEL29-N6,956AEL29,,-1.000000,1,,NSE,1.000000,16467,False
25296,99AEL29-N7,99AEL29,,-1.000000,1,,NSE,1.000000,42133,False
25403,WCIL-EQ,WCIL,,-1.000000,1,,NSE,1.000000,1142714,False
2542,704MH29-SG,704MH29,,-1.000000,100,,NSE,1.000000,1000000,False
22618,749AP39-SG,749AP39,,-1.000000,100,,NSE,1.000000,1000000,False
22645,ITALIANE-SM,ITALIANE,,-1.000000,2000,,NSE,5.000000,483212,False
22654,AAFS27A-N0,AAFS27A,,-1.000000,1,,NSE,1.000000,270,False
22656,SIGNPOST-EQ,SIGNPOST,,-1.000000,1,,NSE,5.000000,361963,False
25437,722PFCL39-N0,722PFCL39,,-1.000000,1,,NSE,1.000000,999,False
25496,ONELIFECAP-BE,ONELIFECAP,,-1.000000,1,,NSE,1.000000,1221672,False
25493,712BR33-SG,712BR33,,-1.000000,100,,NSE,1.000000,1000000,False
22695,745AS31-SG,745AS31,,-1.000000,100,,NSE,1.000000,1000000,False
22699,747HR36-SG,747HR36,,-1.000000,100,,NSE,1.000000,984600,False
22704,748AP44-SG,748AP44,,-1.000000,100,,NSE,1.000000,1000000,False
25546,940SCL27A-N1,940SCL27A,,-1.000000,1,,NSE,1.000000,6298,False
25591,734SIDBI29-N0,734SIDBI29,,-1.000000,1,,NSE,1.000000,1000,False
22705,748WB44-SG,748WB44,,-1.000000,100,,NSE,1.000000,1000000,False
22722,LICNMID100-EQ,LICNMID100,,-1.000000,1,,NSE,1.000000,1592315,False
22741,735PY27-SG,735PY27,,-1.000000,100,,NSE,1.000000,327000,False
22757,745KA40-SG,745KA40,,-1.000000,100,,NSE,1.000000,1000000,False
25629,UYFINCORP-BE,UYFINCORP,,-1.000000,1,,NSE,1.000000,5065666,False
25706,0RL34-N0,0RL34,,-1.000000,1,,NSE,1.000000,1160,False
25767,712KA33-SG,712KA33,,-1.000000,100,,NSE,1.000000,1000000,False
25774,715MZ39-SG,715MZ39,,-1.000000,100,,NSE,1.000000,163500,False
25775,716JK49-SG,716JK49,,-1.000000,100,,NSE,1.000000,1000000,False
25828,682GJ27-SG,682GJ27,,-1.000000,100,,NSE,1.000000,999900,False
22795,749PFC34-N9,749PFC34,,-1.000000,1,,NSE,1.000000,999,False
22802,DEEM-ST,DEEM,,-1.000000,1000,,NSE,5.000000,272628,False
22824,JUNIPER-EQ,JUNIPER,,-1.000000,1,,NSE,1.000000,452124,False
25872,GROWWGOLD-EQ,GROWWGOLD,,-1.000000,1,,NSE,1.000000,6765650,False
25886,700TN29-SG,700TN29,,-1.000000,100,,NSE,1.000000,1000000,False
25897,MINDACORP-EQ,MINDACORP,,-1.000000,1,,NSE,5.000000,141535,False
25905,708PGC34-N0,708PGC34,,-1.000000,1,,NSE,1.000000,1000,False
2606,LEMONTREE-EQ,LEMONTREE,,-1.000000,1,,NSE,1.000000,953864,False
2610,PEARLPOLY-EQ,PEARLPOLY,,-1.000000,1,,NSE,1.000000,550502,False
22864,745CG33-SG,745CG33,,-1.000000,100,,NSE,1.000000,1000000,False
22869,742RJ39-SG,742RJ39,,-1.000000,100,,NSE,1.000000,1000000,False
22881,742MP45-SG,742MP45,,-1.000000,100,,NSE,1.000000,1000000,False
22887,744IRFC34-NR,744IRFC34,,-1.000000,1,,NSE,1.000000,999,False
26000,NIFTY,NIFTY,,-1.000000,1,,NSE,0.000000,0,False
2616,SEAMECLTD-EQ,SEAMECLTD,,-1.000000,1,,NSE,10.000000,55909,False
2627,IT-EQ,IT,,-1.000000,1,,NSE,1.000000,3079131,False
2668,702PN28-SG,702PN28,,-1.000000,100,,NSE,1.000000,999926,False
22897,SADHAV-SM,SADHAV,,-1.000000,600,,NSE,5.000000,527550,False
22917,865CIFC865-NP,865CIFC865,,-1.000000,1,,NSE,1.000000,1000,False
22947,EXICOM-EQ,EXICOM,,-1.000000,1,,NSE,1.000000,548530,False
27002,713BR34-SG,713BR34,,-1.000000,100,,NSE,1.000000,1000000,False
27004,713HR36A-SG,713HR36A,,-1.000000,100,,NSE,1.000000,999900,False
27057,709RL39-N0,709RL39,,-1.000000,1,,NSE,1.000000,999,False
22962,925BCIL28-N0,925BCIL28,,-1.000000,1,,NSE,1.000000,1000,False
22986,74BR39-SG,74BR39,,-1.000000,100,,NSE,1.000000,1000000,False
22988,738TS43-SG,738TS43,,-1.000000,100,,NSE,1.000000,1000000,False
22992,74MH35-SG,74MH35,,-1.000000,100,,NSE,1.000000,1000000,False
27111,SPECIALITY-BE,SPECIALITY,,-1.000000,1,,NSE,1.000000,705687,False
27134,1020CCSP27-N0,1020CCSP27,,-1.000000,1,,NSE,1.000000,490,False
22995,74MH36-SG,74MH36,,-1.000000,100,,NSE,1.000000,1000000,False
22996,741KA36-SG,741KA36,,-1.000000,100,,NSE,1.000000,999900,False
23000,738TN54-SG,738TN54,,-1.000000,100,,NSE,1.000000,1000000,False
23083,736KA34-SG,736KA34,,-1.000000,100,,NSE,1.000000,1000000,False
27160,810GIL28-N0,810GIL28,,-1.000000,1,,NSE,1.000000,1000,False
27176,NTPCGREEN-EQ,NTPCGREEN,,-1.000000,1,,NSE,1.000000,1145980,False
23102,736JK49-SG,736JK49,,-1.000000,100,,NSE,1.000000,654000,False
23113,PRATHAM-SM,PRATHAM,,-1.000000,400,,NSE,5.000000,595548,False
23140,795NIIF36-N2,795NIIF36,,-1.000000,1,,NSE,1.000000,1000,False
23155,757IREDL29-NB,757IREDL29,,-1.000000,1,,NSE,1.000000,999,False
27197,717GA35-SG,717GA35,,-1.000000,100,,NSE,1.000000,327000,False
27198,719UP36-SG,719UP36,,-1.000000,100,,NSE,1.000000,999900,False
27278,741BOI34-N0,741BOI34,,-1.000000,1,,NSE,1.000000,1000,False
27284,ABHAPOWER-SM,ABHAPOWER,,-1.000000,1600,,NSE,5.000000,607822,False
23199,748NL34-SG,748NL34,,-1.000000,100,,NSE,1.000000,1000000,False
23208,745MH38-SG,745MH38,,-1.000000,100,,NSE,1.000000,999900,False
23210,742TS41-SG,742TS41,,-1.000000,100,,NSE,1.000000,1000000,False
23213,744TN44-SG,744TN44,,-1.000000,100,,NSE,1.000000,1000000,False
27297,RTNINDIA-EQ,RTNINDIA,,-1.000000,1,,NSE,1.000000,3611870,False
27315,712KL35-SG,712KL35,,-1.000000,100,,NSE,1.000000,999900,False
27320,708PN34-SG,708PN34,,-1.000000,100,,NSE,1.000000,999900,False
27323,711AP39-SG,711AP39,,-1.000000,100,,NSE,1.000000,999900,False
2328,CPSEETF-EQ,CPSEETF,,-1.000000,1,,NSE,1.000000,1063027,False
2756,716ML31-SG,716ML31,,-1.000000,100,,NSE,1.000000,189660,False
23216,742KL49-SG,742KL49,,-1.000000,100,,NSE,1.000000,1000000,False
23319,1075SCFL34-Z6,1075SCFL34,,-1.000000,1,,NSE,1.000000,2182,False
23328,752WB39-SG,752WB39,,-1.000000,100,,NSE,1.000000,1000000,False
27672,709HR37-SG,709HR37,,-1.000000,100,,NSE,1.000000,1000000,False
28125,IKS-EQ,IKS,,-1.000000,1,,NSE,10.000000,57305,False
28213,712BR34-SG,712BR34,,-1.000000,100,,NSE,1.000000,1030000,False
23339,754KL55-SG,754KL55,,-1.000000,100,,NSE,1.000000,1000000,False
23345,747CG33A-SG,747CG33A,,-1.000000,100,,NSE,1.000000,1000000,False
23355,752HP39-SG,752HP39,,-1.000000,100,,NSE,1.000000,999936,False
23356,752UP39-SG,752UP39,,-1.000000,100,,NSE,1.000000,1000000,False
28235,712RJ39-SG,712RJ39,,-1.000000,100,,NSE,1.000000,1000000,False
28371,714NPC39-N0,714NPC39,,-1.000000,1,,NSE,1.000000,999,False
28615,712PGCIL34-N0,712PGCIL34,,-1.000000,1,,NSE,1.000000,999,False
2885,RELIANCE-EQ,RELIANCE,,-1.000000,1,,NSE,10.000000,67662,True
28786,716PFCL40-N0,716PFCL40,,-1.000000,1,,NSE,1.000000,999,False
28791,74PFCL30-N0,74PFCL30,,-1.000000,1,,NSE,1.000000,999,False
28823,714PY35-SG,714PY35,,-1.000000,100,,NSE,1.000000,408750,False
23357,752GA39-SG,752GA39,,-1.000000,100,,NSE,1.000000,490500,False
23373,VISHWAS-ST,VISHWAS,,-1.000000,1600,,NSE,5.000000,327000,False
23423,742TN34A-SG,742TN34A,,-1.000000,100,,NSE,1.000000,1010100,False
23431,746AP41B-SG,746AP41B,,-1.000000,100,,NSE,1.000000,1000000,False
28852,885IHL26-N1,885IHL26,,-1.000000,1,,NSE,1.000000,89762,False
28895,715IRFC34-N0,715IRFC34,,-1.000000,1,,NSE,1.000000,999,False
235,AAKASH-EQ,AAKASH,,-1.000000,1,,NSE,1.000000,3310875,False
23447,181NSETEST-EQ,181NSETEST,,-1.000000,1,,NSE,5.000000,500000,False
23494,75AS34-SG,75AS34,,-1.000000,100,,NSE,1.000000,1000000,False
23497,744TS51-SG,744TS51,,-1.000000,100,,NSE,1.000000,1000000,False
29059,715BR35-SG,715BR35,,-1.000000,100,,NSE,1.000000,1000000,False
29073,8104PHFL28-N0,8104PHFL28,,-1.000000,1,,NSE,1.000000,1000,False
23534,759RL27-NO,759RL27,,-1.000000,1,,NSE,1.000000,999,False
23537,745MH39A-SG,745MH39A,,-1.000000,100,,NSE,1.000000,999900,False
23546,75UK29-SG,75UK29,,-1.000000,100,,NSE,1.000000,999990,False
23586,749KL39-SG,749KL39,,-1.000000,100,,NSE,1.000000,1000000,False
2912,RIIL-EQ,RIIL,,-1.000000,1,,NSE,5.000000,140686,False
29098,DDEVPLSTIK-EQ,DDEVPLSTIK,,-1.000000,1,,NSE,5.000000,389382,False
29115,723PN37-SG,723PN37,,-1.000000,100,,NSE,1.000000,1000000,False
29124,PCJEWELLER-EQ,PCJEWELLER,,-1.000000,1,,NSE,1.000000,7292611,False
23632,752HR34-SG,752HR34,,-1.000000,100,,NSE,1.000000,1000000,False
23638,752RJ39-SG,752RJ39,,-1.000000,100,,NSE,1.000000,1000000,False
29155,720RECL35-N0,720RECL35,,-1.000000,1,,NSE,1.000000,999,False
29167,723BOB35-N0,723BOB35,,-1.000000,1,,NSE,1.000000,1000,False
29176,BARFLEX-SM,BARFLEX,,-1.000000,2000,,NSE,5.000000,809292,False
2380,708CG29-SG,708CG29,,-1.000000,100,,NSE,1.000000,1000000,False
2922,685AR31-SG,685AR31,,-1.000000,100,,NSE,1.000000,935220,False
23639,751AP41-SG,751AP41,,-1.000000,100,,NSE,1.000000,1052600,False
23676,747TS36-SG,747TS36,,-1.000000,100,,NSE,1.000000,1000000,False
23792,IEML-ST,IEML,,-1.000000,500,,NSE,5.000000,599499,False
29229,EMAPARTNER-SM,EMAPARTNER,,-1.000000,1000,,NSE,5.000000,736450,False
29233,720LT35-N0,720LT35,,-1.000000,1,,NSE,1.000000,1000,False
29235,715BR37-SG,715BR37,,-1.000000,100,,NSE,1.000000,1000000,False
29236,714BR45-SG,714BR45,,-1.000000,100,,NSE,1.000000,1000000,False
29278,703OR31-SG,703OR31,,-1.000000,100,,NSE,1.000000,1000000,False
29296,710RJ50-SG,710RJ50,,-1.000000,100,,NSE,1.000000,1000000,False
29297,711TS47-SG,711TS47,,-1.000000,100,,NSE,1.000000,1000000,False
2395,722AP37-SG,722AP37,,-1.000000,100,,NSE,1.000000,999954,False
23813,742RJ32-SG,742RJ32,,-1.000000,100,,NSE,1.000000,999975,False
23875,737PN36-SG,737PN36,,-1.000000,100,,NSE,1.000000,999900,False
23913,759NHB27-ND,759NHB27,,-1.000000,1,,NSE,1.000000,1000,False
29464,NEXT30ADD-EQ,NEXT30ADD,,-1.000000,1,,NSE,1.000000,357795,False
29492,ORCHASP-EQ,ORCHASP,,-1.000000,1,,NSE,1.000000,11328109,False
29541,CHAMUNDA-SM,CHAMUNDA,,-1.000000,3000,,NSE,5.000000,359850,False
23967,1003SCL31-ZQ,1003SCL31,,-1.000000,1,,NSE,1.000000,975,False
23972,98SCL34-ZS,98SCL34,,-1.000000,1,,NSE,1.000000,13,False
23976,ZTECH-SM,ZTECH,,-1.000000,300,,NSE,5.000000,229908,False
23997,743RJ34-SG,743RJ34,,-1.000000,100,,NSE,1.000000,1000000,False
2955,KALYANKJIL-EQ,KALYANKJIL,,-1.000000,1,,NSE,5.000000,166271,True
29568,707GJ32-SG,707GJ32,,-1.000000,100,,NSE,1.000000,1000000,False
29573,711KA33-SG,711KA33,,-1.000000,100,,NSE,1.000000,1000000,False
29574,716MZ35-SG,716MZ35,,-1.000000,100,,NSE,1.000000,389130,False
2400,735KA39-SG,735KA39,,-1.000000,100,,NSE,1.000000,1000000,False
2407,718HR41-SG,718HR41,,-1.000000,100,,NSE,1.000000,1000000,False
23999,744HP34-SG,744HP34,,-1.000000,100,,NSE,1.000000,1000000,False
24007,748PN35-SG,748PN35,,-1.000000,100,,NSE,1.000000,999900,False
29579,718TN55A-SG,718TN55A,,-1.000000,100,,NSE,1.000000,1000000,False
29600,742SIDBI29-N0,742SIDBI29,,-1.000000,1,,NSE,1.000000,999,False
29658,VOLERCAR-SM,VOLERCAR,,-1.000000,800,,NSE,5.000000,364393,False
24099,739PN33-SG,739PN33,,-1.000000,100,,NSE,1.000000,999900,False
24154,DEEDEV-EQ,DEEDEV,,-1.000000,1,,NSE,5.000000,156347,False
29685,750BOI35-N0,750BOI35,,-1.000000,1,,NSE,1.000000,999,False
29695,714RJ37A-SG,714RJ37A,,-1.000000,100,,NSE,1.000000,1000000,False
29697,702GJ31A-SG,702GJ31A,,-1.000000,100,,NSE,1.000000,1000000,False
24177,825NOM27-N0,825NOM27,,-1.000000,1,,NSE,1.000000,654,False
24202,731AP44-SG,731AP44,,-1.000000,100,,NSE,1.000000,1000000,False
24204,727TN54-SG,727TN54,,-1.000000,100,,NSE,1.000000,999900,False
24265,ESTER-EQ,ESTER,,-1.000000,1,,NSE,1.000000,1112410,False
29706,716HR38A-SG,716HR38A,,-1.000000,100,,NSE,1.000000,1000000,False
29733,NIBL-EQ,NIBL,,-1.000000,1,,NSE,1.000000,792342,False
29877,VIVIDHA-EQ,VIVIDHA,,-1.000000,1,,NSE,1.000000,9571307,False
2431,RAILTEL-EQ,RAILTEL,,-1.000000,1,,NSE,5.000000,384484,False
24308,ABDL-EQ,ABDL,,-1.000000,1,,NSE,5.000000,158036,False
29919,719OR35-SG,719OR35,,-1.000000,100,,NSE,1.000000,1000000,False
29927,72KA37-SG,72KA37,,-1.000000,100,,NSE,1.000000,1000000,False
29939,72AS45-SG,72AS45,,-1.000000,100,,NSE,1.000000,999970,False
29960,799NIIF37-N0,799NIIF37,,-1.000000,1,,NSE,1.000000,1000,False
24332,735TN34-SG,735TN34,,-1.000000,100,,NSE,1.000000,1000000,False
24339,737TS42-SG,737TS42,,-1.000000,100,,NSE,1.000000,1000000,False
24372,833PHFL29-N0,833PHFL29,,-1.000000,1,,NSE,1.000000,654,False
29993,727MP48-SG,727MP48,,-1.000000,100,,NSE,1.000000,1000000,False
29996,72OR32-SG,72OR32,,-1.000000,100,,NSE,1.000000,1000000,False
30002,728CG34-SG,728CG34,,-1.000000,100,,NSE,1.000000,1000000,False
30007,727CG35-SG,727CG35,,-1.000000,100,,NSE,1.000000,1000000,False
24395,DELPHIFX-BE,DELPHIFX,,-1.000000,1,,NSE,1.000000,8020256,False
24404,ABGSEC-EQ,ABGSEC,,-1.000000,1,,NSE,1.000000,34469,False
30013,732WB38-SG,732WB38,,-1.000000,100,,NSE,1.000000,999950,False
30019,726MP39-SG,726MP39,,-1.000000,100,,NSE,1.000000,1000000,False
30036,760CIT38-N0,760CIT38,,-1.000000,1,,NSE,1.000000,1262,False
30039,734UCL28-N0,734UCL28,,-1.000000,1,,NSE,1.000000,1000,False
3010,ITAXIS-EQ,ITAXIS,,-1.000000,1,,NSE,1.000000,54958,False
30069,709TN30A-SG,709TN30A,,-1.000000,100,,NSE,1.000000,1000000,False
30085,717MP31-SG,717MP31,,-1.000000,100,,NSE,1.000000,1000000,False
30100,723TS52-SG,723TS52,,-1.000000,100,,NSE,1.000000,1000000,False
30125,SAMMAANCAP-EQ,SAMMAANCAP,,-1.000000,1,,NSE,1.000000,678341,False
30161,717KL38-SG,717KL38,,-1.000000,100,,NSE,1.000000,1000000,False
30171,718MP49-SG,718MP49,,-1.000000,100,,NSE,1.000000,1000000,False
30194,820CANF27-N0,820CANF27,,-1.000000,1,,NSE,1.000000,999,False
30222,990SCL28-N1,990SCL28,,-1.000000,1,,NSE,1.000000,5090,False
30230,971SCL30-N1,971SCL30,,-1.000000,1,,NSE,1.000000,3339,False
30240,948SCL28-N1,948SCL28,,-1.000000,1,,NSE,1.000000,8556,False
30269,14RARL30-N0,14RARL30,,-1.000000,1,,NSE,1.000000,294,False
30290,SBIBPB-EQ,SBIBPB,,-1.000000,1,,NSE,1.000000,2058422,False
303,689GA30-SG,689GA30,,-1.000000,100,,NSE,1.000000,327000,False
30392,NIF100IETF-EQ,NIF100IETF,,-1.000000,1,,NSE,1.000000,1841244,False
30412,707AP36-SG,707AP36,,-1.000000,100,,NSE,1.000000,1000000,False
30431,702MP35-SG,702MP35,,-1.000000,100,,NSE,1.000000,999840,False
3063,VEDL-EQ,VEDL,,-1.000000,1,,NSE,5.000000,375397,True
30450,71WB46-SG,71WB46,,-1.000000,100,,NSE,1.000000,1000000,False
30472,AONELIQUID-EQ,AONELIQUID,,-1.000000,1,,NSE,1.000000,88816,False
30479,774IREDA35-N0,774IREDA35,,-1.000000,1,,NSE,1.000000,999,False
3076,684GA31-SG,684GA31,,-1.000000,100,,NSE,1.000000,654000,False
3077,682KL32-SG,682KL32,,-1.000000,100,,NSE,1.000000,1000000,False
30893,CMRGREEN-EQ,CMRGREEN,,-1.000000,1,,NSE,1.000000,461549,False
30984,846REC28-N6,846REC28,,-1.000000,1,,NSE,1.000000,88887,False
31240,82HUDCO27-N2,82HUDCO27,,-1.000000,1,,NSE,1.000000,94987,False
313,71MH32-SG,71MH32,,-1.000000,100,,NSE,1.000000,999900,False
31258,NDL-EQ,NDL,,-1.000000,1,,NSE,1.000000,34964337,False
314,696JK35-SG,696JK35,,-1.000000,100,,NSE,1.000000,999975,False
318,70AP39-SG,70AP39,,-1.000000,100,,NSE,1.000000,1000000,False
3138,HONDAPOWER-EQ,HONDAPOWER,,-1.000000,1,,NSE,10.000000,51202,False
31969,888NHB29-N5,888NHB29,,-1.000000,1,,NSE,1.000000,5606,False
3238,682ML31-SG,682ML31,,-1.000000,100,,NSE,1.000000,654000,False
3259,682RJ31-SG,682RJ31,,-1.000000,100,,NSE,1.000000,1000000,False
3391,696TS51-SG,696TS51,,-1.000000,100,,NSE,1.000000,999900,False
3417,HONAUT-EQ,HONAUT,,-1.000000,1,,NSE,500.000000,2891,False
3433,79IGT28-NF,79IGT28,,-1.000000,1,,NSE,1.000000,13377,False
3476,797IGT31-NL,797IGT31,,-1.000000,1,,NSE,1.000000,13478,False
3511,677RJ31-SG,677RJ31,,-1.000000,100,,NSE,1.000000,1000000,False
3519,683WB31A-SG,683WB31A,,-1.000000,100,,NSE,1.000000,1020800,False
3522,688MH33-SG,688MH33,,-1.000000,100,,NSE,1.000000,999900,False
3523,69MZ33-SG,69MZ33,,-1.000000,100,,NSE,1.000000,490500,False
3571,684HR32-SG,684HR32,,-1.000000,100,,NSE,1.000000,999900,False
3580,696TN56-SG,696TN56,,-1.000000,100,,NSE,1.000000,1091700,False
3637,JUBLPHARMA-EQ,JUBLPHARMA,,-1.000000,1,,NSE,5.000000,97480,False
3672,SOLARA-EQ,SOLARA,,-1.000000,1,,NSE,5.000000,133449,False
368,BASF-EQ,BASF,,-1.000000,1,,NSE,10.000000,27269,False
3703,VIPIND-EQ,VIPIND,,-1.000000,1,,NSE,5.000000,333111,False
3715,VLSFINANCE-EQ,VLSFINANCE,,-1.000000,1,,NSE,1.000000,409805,False
3758,70AP38-SG,70AP38,,-1.000000,100,,NSE,1.000000,1000000,False
3772,WILLAMAGOR-EQ,WILLAMAGOR,,-1.000000,1,,NSE,1.000000,358272,False
3906,CAPLIPOINT-EQ,CAPLIPOINT,,-1.000000,1,,NSE,10.000000,36257,False
3736,WALCHANNAG-EQ,WALCHANNAG,,-1.000000,1,,NSE,1.000000,475912,False
393,GLOBE-EQ,GLOBE,,-1.000000,1,,NSE,1.000000,14728694,False
4067,MARICO-EQ,MARICO,,-1.000000,1,,NSE,5.000000,124644,True
422,BHARATFORG-EQ,BHARATFORG,,-1.000000,1,,NSE,10.000000,51155,True
4221,VISAKAIND-EQ,VISAKAIND,,-1.000000,1,,NSE,1.000000,1105548,False
4292,985ECL28-NK,985ECL28,,-1.000000,1,,NSE,1.000000,88986,False
4160,NORBTEAEXP-EQ,NORBTEAEXP,,-1.000000,1,,NSE,1.000000,508292,False
438,BHEL-EQ,BHEL,,-1.000000,1,,NSE,5.000000,229816,True
439,691UP30A-SG,691UP30A,,-1.000000,100,,NSE,1.000000,999900,False
4378,SENSEXIETF-EQ,SENSEXIETF,,-1.000000,1,,NSE,1.000000,115571,False
445,5PAISA-EQ,5PAISA,,-1.000000,1,,NSE,5.000000,306188,False
4421,CREDITACC-EQ,CREDITACC,,-1.000000,1,,NSE,10.000000,70188,False
460,707MP32-SG,707MP32,,-1.000000,100,,NSE,1.000000,1000000,False
471,OSWALGREEN-EQ,OSWALGREEN,,-1.000000,1,,NSE,1.000000,4997249,False
475,703AP40-SG,703AP40,,-1.000000,100,,NSE,1.000000,1000000,False
4668,BANKBARODA-EQ,BANKBARODA,,-1.000000,1,,NSE,1.000000,418880,True
4782,706WB36-SG,706WB36,,-1.000000,100,,NSE,1.000000,1018500,False
4790,706KL38-SG,706KL38,,-1.000000,100,,NSE,1.000000,1000000,False
4771,TCIFINANCE-EQ,TCIFINANCE,,-1.000000,1,,NSE,1.000000,420930,False
489,ICEMAKE-EQ,ICEMAKE,,-1.000000,1,,NSE,5.000000,136952,False
4877,679WB28-SG,679WB28,,-1.000000,100,,NSE,1.000000,1000000,False
4880,696GA31-SG,696GA31,,-1.000000,100,,NSE,1.000000,327000,False
4934,IPL-EQ,IPL,,-1.000000,1,,NSE,1.000000,747986,False
4936,97SFIL26A-NC,97SFIL26A,,-1.000000,1,,NSE,1.000000,115,False
4993,694MH31-SG,694MH31,,-1.000000,100,,NSE,1.000000,1133700,False
5012,610GS2031-GS,610GS2031,,-1.000000,1,,NSE,1.000000,999600,False
5039,702WB31-SG,702WB31,,-1.000000,100,,NSE,1.000000,999900,False
5049,CLEAN-EQ,CLEAN,,-1.000000,1,,NSE,5.000000,118717,False
5108,KPIGREEN-EQ,KPIGREEN,,-1.000000,1,,NSE,5.000000,354821,False
5162,TATVA-EQ,TATVA,,-1.000000,1,,NSE,10.000000,62152,False
5212,10IIFL28-N4,10IIFL28,,-1.000000,1,,NSE,1.000000,76099,False
5236,714AP41-SG,714AP41,,-1.000000,100,,NSE,1.000000,961500,False
5352,EXXARO-EQ,EXXARO,,-1.000000,1,,NSE,1.000000,14630329,False
5426,NUVOCO-EQ,NUVOCO,,-1.000000,1,,NSE,5.000000,302868,False
5428,TRIGYN-EQ,TRIGYN,,-1.000000,1,,NSE,1.000000,1006693,False
5455,SGBAUG29V-GB,SGBAUG29V,,-1.000000,1,,NSE,1.000000,6614,False
5467,638MH27-SG,638MH27,,-1.000000,100,,NSE,1.000000,1000000,False
5501,YUKEN-EQ,YUKEN,,-1.000000,1,,NSE,5.000000,89776,False
5516,JAIPURKURT-EQ,JAIPURKURT,,-1.000000,1,,NSE,1.000000,624266,False
5575,SGBSEP29VI-GB,SGBSEP29VI,,-1.000000,1,,NSE,1.000000,6646,False
5676,687JH31-SG,687JH31,,-1.000000,100,,NSE,1.000000,1000000,False
5679,691MH34-SG,691MH34,,-1.000000,100,,NSE,1.000000,1000000,False
5880,596PY26-SG,596PY26,,-1.000000,100,,NSE,1.000000,405022,False
5881,685AS31A-SG,685AS31A,,-1.000000,100,,NSE,1.000000,999960,False
5882,683GA31-SG,683GA31,,-1.000000,100,,NSE,1.000000,327000,False
5895,699WB36A-SG,699WB36A,,-1.000000,100,,NSE,1.000000,999950,False
596,663MH30-SG,663MH30,,-1.000000,100,,NSE,1.000000,999900,False
5987,693KA32-SG,693KA32,,-1.000000,100,,NSE,1.000000,1000000,False
5991,705KL36-SG,705KL36,,-1.000000,100,,NSE,1.000000,1000000,False
6168,97SFL28-YS,97SFL28,,-1.000000,1,,NSE,1.000000,12747,False
6207,IIFLZC26-NN,IIFLZC26,,-1.000000,1,,NSE,1.000000,9583,False
6210,695KA31-SG,695KA31,,-1.000000,100,,NSE,1.000000,1000000,False
6307,634RJ27-SG,634RJ27,,-1.000000,100,,NSE,1.000000,1000000,False
6361,708WB41-SG,708WB41,,-1.000000,100,,NSE,1.000000,1000000,False
637,CHAMBLFERT-EQ,CHAMBLFERT,,-1.000000,1,,NSE,5.000000,238388,False
641,DNAMEDIA-EQ,DNAMEDIA,,-1.000000,1,,NSE,1.000000,3849052,False
6407,LAMBODHARA-EQ,LAMBODHARA,,-1.000000,1,,NSE,1.000000,339347,False
6417,KRITI-EQ,KRITI,,-1.000000,1,,NSE,1.000000,1628622,False
6445,TECHNOE-EQ,TECHNOE,,-1.000000,1,,NSE,5.000000,102808,False
6485,708AP35-SG,708AP35,,-1.000000,100,,NSE,1.000000,1000000,False
6531,NHIT-IV,NHIT,,-1.000000,25000,,NSE,1.000000,588101,False
6557,692RJ31-SG,692RJ31,,-1.000000,100,,NSE,1.000000,1000000,False
6568,LAXMICOT-EQ,LAXMICOT,,-1.000000,1,,NSE,1.000000,560728,False
6695,574GS2026-GS,574GS2026,,-1.000000,1,,NSE,1.000000,987600,False
6696,699GS2051-GS,699GS2051,,-1.000000,1,,NSE,1.000000,1041600,False
6749,698WB37-SG,698WB37,,-1.000000,100,,NSE,1.000000,999900,False
6839,FOCUS-BE,FOCUS,,-1.000000,1,,NSE,1.000000,1617060,False
6868,613GS2028-GS,613GS2028,,-1.000000,1,,NSE,1.000000,993300,False
6881,692HP33-SG,692HP33,,-1.000000,100,,NSE,1.000000,1000000,False
6898,826GS2027-GS,826GS2027,,-1.000000,1,,NSE,1.000000,969240,False
6915,RPPL-BE,RPPL,,-1.000000,1,,NSE,1.000000,2427778,False
701,HEMIPROP-EQ,HEMIPROP,,-1.000000,1,,NSE,1.000000,828779,False
6951,LINC-EQ,LINC,,-1.000000,1,,NSE,1.000000,1045878,False
6993,692TN46-SG,692TN46,,-1.000000,100,,NSE,1.000000,1000000,False
7041,687AS31A-SG,687AS31A,,-1.000000,100,,NSE,1.000000,1052600,False
7047,688KA32-SG,688KA32,,-1.000000,100,,NSE,1.000000,1000000,False
7074,MAHKTECH-EQ,MAHKTECH,,-1.000000,1,,NSE,1.000000,4539249,False
7091,SEJALLTD-EQ,SEJALLTD,,-1.000000,1,,NSE,5.000000,154720,False
7114,815GS2026-GS,815GS2026,,-1.000000,1,,NSE,1.000000,951381,False
714,SHALBY-EQ,SHALBY,,-1.000000,1,,NSE,1.000000,690614,False
715,SUDARCOLOR-EQ,SUDARCOLOR,,-1.000000,1,,NSE,5.000000,264263,False
7128,INDIAGLYCO-BE,INDIAGLYCO,,-1.000000,1,,NSE,10.000000,339088,False
7154,685GA31C-SG,685GA31C,,-1.000000,100,,NSE,1.000000,327000,False
7368,HEG-BE,HEG,,-1.000000,1,,NSE,5.000000,421462,False
7292,RSWM-BE,RSWM,,-1.000000,1,,NSE,1.000000,458205,False
7159,689KA33-SG,689KA33,,-1.000000,100,,NSE,1.000000,1000000,False
7339,ABSLNN50ET-EQ,ABSLNN50ET,,-1.000000,1,,NSE,1.000000,231361,False
740,SBIETFIT-EQ,SBIETFIT,,-1.000000,1,,NSE,1.000000,78216,False
751159,865MFL31-N0,865MFL31,,-1.000000,1,,NSE,1.000000,985,False
7512,703AS31-SG,703AS31,,-1.000000,100,,NSE,1.000000,999960,False
751290,PHLSRDI-SF,PHLSRDI,,-1.000000,1,,NSE,1.000000,22888,False
751576,PHLSDDP-SF,PHLSDDP,,-1.000000,1,,NSE,1.000000,11444,False
751729,759LICH31-N0,759LICH31,,-1.000000,1,,NSE,1.000000,999,False
7538,714TS33-SG,714TS33,,-1.000000,100,,NSE,1.000000,1000000,False
753720,739GJ34-SG,739GJ34,,-1.000000,100,,NSE,1.000000,1000000,False
753787,182D171226-TB,182D171226,,-1.000000,100,,NSE,1.000000,1026120,False
7539,712KA34-SG,712KA34,,-1.000000,100,,NSE,1.000000,1000000,False
7550,714AP41B-SG,714AP41B,,-1.000000,100,,NSE,1.000000,1000000,False
754402,12VPT28A-N0,12VPT28A,,-1.000000,1,,NSE,1.000000,817,False
755652,775DL41-SG,775DL41,,-1.000000,100,,NSE,1.000000,1008850,False
755746,91D240926-TB,91D240926,,-1.000000,100,,NSE,1.000000,1006080,False
755802,364D240627-TB,364D240627,,-1.000000,100,,NSE,1.000000,1056600,False
755957,81ABCL29-NI,81ABCL29,,-1.000000,1,,NSE,1.000000,999,False
756002,1025UCL27A-NG,1025UCL27A,,-1.000000,1,,NSE,1.000000,10845,False
756033,815ANN29-N0,815ANN29,,-1.000000,1,,NSE,1.000000,40,False
756035,18PVL29-N0,18PVL29,,-1.000000,1,,NSE,1.000000,310,False
756094,675HR38-SG,675HR38,,-1.000000,100,,NSE,1.000000,1000000,False
756096,678MH39-SG,678MH39,,-1.000000,100,,NSE,1.000000,999900,False
756142,IIFL21425-NY,IIFL21425,,-1.000000,1,,NSE,1.000000,946,False
756167,995ISF28-N0,995ISF28,,-1.000000,1,,NSE,1.000000,130,False
756767,661PFCL28-N0,661PFCL28,,-1.000000,1,,NSE,1.000000,999,False
756782,KRISHIVAL-EQ,KRISHIVAL,,-1.000000,1,,NSE,5.000000,238113,False
756787,642TN31-SG,642TN31,,-1.000000,100,,NSE,1.000000,1000000,False
756825,717TCHFL30-N0,717TCHFL30,,-1.000000,1,,NSE,1.000000,1219,False
756884,686NHPCL40-N0,686NHPCL40,,-1.000000,1,,NSE,1.000000,636,False
756903,686NHPCL36-N0,686NHPCL36,,-1.000000,1,,NSE,1.000000,636,False
756910,684HP35-SG,684HP35,,-1.000000,100,,NSE,1.000000,999990,False
756930,769TFSIL28-N0,769TFSIL28,,-1.000000,1,,NSE,1.000000,1000,False
756932,686NHPCL32-N0,686NHPCL32,,-1.000000,1,,NSE,1.000000,636,False
756938,689NTPC35-N0,689NTPC35,,-1.000000,1,,NSE,1.000000,1000,False
756950,AAFS29A-N0,AAFS29A,,-1.000000,1,,NSE,1.000000,430,False
756994,727TCHFL28-N0,727TCHFL28,,-1.000000,1,,NSE,1.000000,999,False
757019,651GJ33-SG,651GJ33,,-1.000000,100,,NSE,1.000000,999900,False
757174,930APMD34-N0,930APMD34,,-1.000000,1,,NSE,1.000000,928,False
757384,682AP36-SG,682AP36,,-1.000000,100,,NSE,1.000000,999900,False
757397,694KL62-SG,694KL62,,-1.000000,100,,NSE,1.000000,1000000,False
757409,SACHEEROME-SM,SACHEEROME,,-1.000000,300,,NSE,5.000000,196097,False
757417,74242ABC30-N0,74242ABC30,,-1.000000,1,,NSE,1.000000,981,False
757419,875SCL27A-N1,875SCL27A,,-1.000000,1,,NSE,1.000000,2060,False
757464,925SCL2028-N8,925SCL2028,,-1.000000,1,,NSE,1.000000,4475,False
757477,945SCL32-NL,945SCL32,,-1.000000,1,,NSE,1.000000,409,False
757529,ABHF26625-N0,ABHF26625,,-1.000000,1,,NSE,1.000000,735,False
757547,698MH37-SG,698MH37,,-1.000000,100,,NSE,1.000000,1000000,False
757557,709KL52-SG,709KL52,,-1.000000,100,,NSE,1.000000,1036200,False
757559,61GJ28-SG,61GJ28,,-1.000000,100,,NSE,1.000000,999900,False
757565,717SHFL30-N0,717SHFL30,,-1.000000,1,,NSE,1.000000,327,False
757569,743NIIF30-N0,743NIIF30,,-1.000000,1,,NSE,1.000000,1000,False
757602,INFLUX-SM,INFLUX,,-1.000000,600,,NSE,5.000000,369063,False
757653,715MP43A-SG,715MP43A,,-1.000000,100,,NSE,1.000000,999810,False
757656,713TS55-SG,713TS55,,-1.000000,100,,NSE,1.000000,1000000,False
757658,FISCHER-EQ,FISCHER,,-1.000000,1,,NSE,1.000000,2787319,False
757669,MOALPHA50-EQ,MOALPHA50,,-1.000000,1,,NSE,1.000000,20601,False
757683,PUSHPA-SM,PUSHPA,,-1.000000,1000,,NSE,5.000000,792089,False
757704,SAVY-SM,SAVY,,-1.000000,1200,,NSE,5.000000,680437,False
757739,715MH47-SG,715MH47,,-1.000000,100,,NSE,1.000000,1000000,False
757784,719PN40-SG,719PN40,,-1.000000,100,,NSE,1.000000,1000000,False
757785,723MP42-SG,723MP42,,-1.000000,100,,NSE,1.000000,1000000,False
757801,IGCL-EQ,IGCL,,-1.000000,1,,NSE,1.000000,1479062,False
757828,712LTFL28-N0,712LTFL28,,-1.000000,1,,NSE,1.000000,817,False
757870,AEL17725-NA,AEL17725,,-1.000000,1,,NSE,1.000000,6279,False
757872,915AEL28-NC,915AEL28,,-1.000000,1,,NSE,1.000000,97461,False
757914,719PN49-SG,719PN49,,-1.000000,100,,NSE,1.000000,1000000,False
757928,712MH47-SG,712MH47,,-1.000000,100,,NSE,1.000000,1052550,False
757937,709TS60A-SG,709TS60A,,-1.000000,100,,NSE,1.000000,1000000,False
757980,75GFL28-N0,75GFL28,,-1.000000,1,,NSE,1.000000,1000,False
757994,628GS2032-GS,628GS2032,,-1.000000,1,,NSE,1.000000,1004300,False
757997,814KSFP36-N0,814KSFP36,,-1.000000,1,,NSE,1.000000,327,False
758122,724MP45-SG,724MP45,,-1.000000,100,,NSE,1.000000,999880,False
758129,CUDML-SM,CUDML,,-1.000000,1000,,NSE,5.000000,577017,False
758163,8IHFL27-N0,8IHFL27,,-1.000000,1,,NSE,1.000000,327,False
758187,722MP48-SG,722MP48,,-1.000000,100,,NSE,1.000000,1000000,False
758190,722BR40A-SG,722BR40A,,-1.000000,100,,NSE,1.000000,1000000,False
758196,719TS49-SG,719TS49,,-1.000000,100,,NSE,1.000000,1000000,False
758212,799HFL27-N0,799HFL27,,-1.000000,1,,NSE,1.000000,784,False
758217,PARTH-SM,PARTH,,-1.000000,400,,NSE,5.000000,191064,False
758221,JYOTIGLOBL-SM,JYOTIGLOBL,,-1.000000,2000,,NSE,5.000000,648114,False
758228,BHADORA-ST,BHADORA,,-1.000000,1200,,NSE,5.000000,608220,False
758298,723LTFL28-N0,723LTFL28,,-1.000000,1,,NSE,1.000000,999,False
758306,JAINIK-ST,JAINIK,,-1.000000,1200,,NSE,5.000000,469169,False
758580,748BR39-SG,748BR39,,-1.000000,100,,NSE,1.000000,1000000,False
758583,712UP33-SG,712UP33,,-1.000000,100,,NSE,1.000000,999900,False
758718,749RJ35-SG,749RJ35,,-1.000000,100,,NSE,1.000000,1000000,False
758723,757RJ43-SG,757RJ43,,-1.000000,100,,NSE,1.000000,999900,False
758725,757MP45-SG,757MP45,,-1.000000,100,,NSE,1.000000,1000000,False
758732,1025PATE28-N0,1025PATE28,,-1.000000,1,,NSE,1.000000,294,False
758734,738TFSIL28-N0,738TFSIL28,,-1.000000,1,,NSE,1.000000,981,False
758845,718MH33-SG,718MH33,,-1.000000,100,,NSE,1.000000,1000000,False
758852,AAFS30-N0,AAFS30,,-1.000000,1,,NSE,1.000000,999,False
758878,770AIFL29-N0,770AIFL29,,-1.000000,1,,NSE,1.000000,817,False
758880,770AIFL26-N0,770AIFL26,,-1.000000,1,,NSE,1.000000,817,False
758910,AMANTA-BE,AMANTA,,-1.000000,1,,NSE,1.000000,505674,False
758920,772TS57-SG,772TS57,,-1.000000,100,,NSE,1.000000,999900,False
758960,SATTVAENGG-SM,SATTVAENGG,,-1.000000,1600,,NSE,5.000000,571223,False
758964,CURRENT-SM,CURRENT,,-1.000000,1600,,NSE,5.000000,626139,False
758997,SUPREMEENG-BZ,SUPREMEENG,,-1.000000,1,,NSE,1.000000,8173365,False
758986,GCSL-EQ,GCSL,,-1.000000,1,,NSE,5.000000,166457,False
758995,1075WCAP28-N0,1075WCAP28,,-1.000000,1,,NSE,1.000000,81,False
759007,ATLANTAELE-EQ,ATLANTAELE,,-1.000000,1,,NSE,10.000000,56211,False
759012,GANESHCP-EQ,GANESHCP,,-1.000000,1,,NSE,1.000000,597505,False
759028,732RJ35-SG,732RJ35,,-1.000000,100,,NSE,1.000000,999900,False
759036,744TS49-SG,744TS49,,-1.000000,100,,NSE,1.000000,1052600,False
759037,744KL50-SG,744KL50,,-1.000000,100,,NSE,1.000000,1030900,False
759089,GML-SM,GML,,-1.000000,2000,,NSE,5.000000,496123,False
759103,HILINFRA-EQ,HILINFRA,,-1.000000,1,,NSE,1.000000,2345264,False
759174,787LDL29-N0,787LDL29,,-1.000000,1,,NSE,1.000000,1144,False
759176,TIGERLOGS-EQ,TIGERLOGS,,-1.000000,1,,NSE,1.000000,3457207,False
759215,1075WCA28-N0,1075WCA28,,-1.000000,1,,NSE,1.000000,654,False
759228,ASIFRG-SF,ASIFRG,,-1.000000,1,,NSE,1.000000,189405,False
759251,EPACKPEB-EQ,EPACKPEB,,-1.000000,1,,NSE,1.000000,415899,False
759319,73UK32-SG,73UK32,,-1.000000,100,,NSE,1.000000,999900,False
759325,744HR41-SG,744HR41,,-1.000000,100,,NSE,1.000000,1000000,False
759326,756RJ41-SG,756RJ41,,-1.000000,100,,NSE,1.000000,999900,False
759381,MONEYBOXX-EQ,MONEYBOXX,,-1.000000,1,,NSE,1.000000,2282760,False
759397,SOLEX-EQ,SOLEX,,-1.000000,1,,NSE,5.000000,143251,False
759396,648GS2035-GS,648GS2035,,-1.000000,1,,NSE,1.000000,998400,False
759402,ADVANCE-EQ,ADVANCE,,-1.000000,1,,NSE,1.000000,848507,False
759416,MUNISH-SM,MUNISH,,-1.000000,1200,,NSE,5.000000,787097,False
759428,GROWWRLTY-EQ,GROWWRLTY,,-1.000000,1,,NSE,1.000000,520289,False
759448,SHREEJISPG-EQ,SHREEJISPG,,-1.000000,1,,NSE,5.000000,144508,False
759474,975CCSP28-N0,975CCSP28,,-1.000000,1,,NSE,1.000000,245,False
759476,364D151026-TB,364D151026,,-1.000000,100,,NSE,1.000000,1016299,False
759592,985CCSP28-N0,985CCSP28,,-1.000000,1,,NSE,1.000000,130,False
759707,767UK41-SG,767UK41,,-1.000000,100,,NSE,1.000000,1000000,False
759709,767TS46-SG,767TS46,,-1.000000,100,,NSE,1.000000,1000000,False
759743,746MP43-SG,746MP43,,-1.000000,100,,NSE,1.000000,999900,False
759828,CURIS-ST,CURIS,,-1.000000,1000,,NSE,5.000000,264360,False
759856,716RJ35-SG,716RJ35,,-1.000000,100,,NSE,1.000000,1000000,False
759878,771SIHF35-N0,771SIHF35,,-1.000000,1,,NSE,1.000000,999,False
759899,803MFL31-N0,803MFL31,,-1.000000,1,,NSE,1.000000,1000,False
759912,734MH34-SG,734MH34,,-1.000000,100,,NSE,1.000000,999925,False
759913,737KA34-SG,737KA34,,-1.000000,100,,NSE,1.000000,1000000,False
759916,743TN36-SG,743TN36,,-1.000000,100,,NSE,1.000000,1000000,False
759918,75GA36-SG,75GA36,,-1.000000,100,,NSE,1.000000,327000,False
759919,752RJ36-SG,752RJ36,,-1.000000,100,,NSE,1.000000,1000000,False
759920,730BTL27-N0,730BTL27,,-1.000000,1,,NSE,1.000000,999,False
759951,JARO-EQ,JARO,,-1.000000,1,,NSE,5.000000,220231,False
759956,ARSSBL-EQ,ARSSBL,,-1.000000,1,,NSE,5.000000,203953,False
759981,708PFCL35-N0,708PFCL35,,-1.000000,1,,NSE,1.000000,999,False
759985,698GJ32-SG,698GJ32,,-1.000000,100,,NSE,1.000000,1000000,False
759986,706UK32-SG,706UK32,,-1.000000,100,,NSE,1.000000,1000000,False
76,667UK30-SG,667UK30,,-1.000000,100,,NSE,1.000000,1000000,False
759992,AONETMMQ50-EQ,AONETMMQ50,,-1.000000,1,,NSE,1.000000,517276,False
760019,741HR40-SG,741HR40,,-1.000000,100,,NSE,1.000000,1000000,False
760020,751JK40-SG,751JK40,,-1.000000,100,,NSE,1.000000,999950,False
760023,746BR45-SG,746BR45,,-1.000000,100,,NSE,1.000000,999900,False
760024,745TS48-SG,745TS48,,-1.000000,100,,NSE,1.000000,1119300,False
760031,840CIFL32-N0,840CIFL32,,-1.000000,1,,NSE,1.000000,1000,False
760045,11VCCL27-N0,11VCCL27,,-1.000000,1,,NSE,1.000000,98,False
760058,747KA36-SG,747KA36,,-1.000000,100,,NSE,1.000000,1000000,False
760064,709TN32-SG,709TN32,,-1.000000,100,,NSE,1.000000,1000000,False
760112,SUBAHOTELS-SM,SUBAHOTELS,,-1.000000,1200,,NSE,5.000000,792730,False
760133,780HFL27-N0,780HFL27,,-1.000000,1,,NSE,1.000000,817,False
760155,866CIFCL33-N0,866CIFCL33,,-1.000000,1,,NSE,1.000000,1000,False
760163,769BR54-SG,769BR54,,-1.000000,100,,NSE,1.000000,1000000,False
760188,SRTL-EQ,SRTL,,-1.000000,1,,NSE,1.000000,1307182,False
760234,AEQUS-EQ,AEQUS,,-1.000000,1,,NSE,1.000000,441968,False
760253,742BR31-SG,742BR31,,-1.000000,100,,NSE,1.000000,999880,False
760254,CORONA-EQ,CORONA,,-1.000000,1,,NSE,10.000000,44708,False
760284,879SCL30-N0,879SCL30,,-1.000000,1,,NSE,1.000000,654,False
760293,752HR41-SG,752HR41,,-1.000000,100,,NSE,1.000000,1000000,False
760296,755AR45-SG,755AR45,,-1.000000,100,,NSE,1.000000,999975,False
760351,PARKHOSPS-EQ,PARKHOSPS,,-1.000000,1,,NSE,5.000000,357638,False
760366,915APSBC28-N0,915APSBC28,,-1.000000,1,,NSE,1.000000,981,False
760376,915APSBC33-N0,915APSBC33,,-1.000000,1,,NSE,1.000000,945,False
760380,915APSBC35-N0,915APSBC35,,-1.000000,1,,NSE,1.000000,951,False
760386,761WB41-SG,761WB41,,-1.000000,100,,NSE,1.000000,1000000,False
760387,752WB44-SG,752WB44,,-1.000000,100,,NSE,1.000000,1000000,False
760442,753KA38-SG,753KA38,,-1.000000,100,,NSE,1.000000,1000000,False
760446,756HP40A-SG,756HP40A,,-1.000000,100,,NSE,1.000000,1000000,False
760473,756AS45-SG,756AS45,,-1.000000,100,,NSE,1.000000,1000000,False
760476,754MP46-SG,754MP46,,-1.000000,100,,NSE,1.000000,1000000,False
760481,724RJ31-SG,724RJ31,,-1.000000,100,,NSE,1.000000,1000000,False
760487,1096GIPL28-N0,1096GIPL28,,-1.000000,1,,NSE,1.000000,999,False
760495,930IIFL35A-N0,930IIFL35A,,-1.000000,1,,NSE,1.000000,1000,False
760515,759UP41-SG,759UP41,,-1.000000,100,,NSE,1.000000,999900,False
760526,364D251226-TB,364D251226,,-1.000000,100,,NSE,1.000000,1024799,False
760593,364D070127-TB,364D070127,,-1.000000,100,,NSE,1.000000,1024000,False
760611,765TS55-SG,765TS55,,-1.000000,100,,NSE,1.000000,1000000,False
760617,762PN33-SG,762PN33,,-1.000000,100,,NSE,1.000000,1000000,False
760619,748AP35-SG,748AP35,,-1.000000,100,,NSE,1.000000,1000000,False
760634,756OR38-SG,756OR38,,-1.000000,100,,NSE,1.000000,1000000,False
760643,714TFSIL28-N0,714TFSIL28,,-1.000000,1,,NSE,1.000000,654,False
760669,76HR39-SG,76HR39,,-1.000000,100,,NSE,1.000000,1000000,False
760714,364D150127-TB,364D150127,,-1.000000,100,,NSE,1.000000,1035300,False
760715,HALDER-EQ,HALDER,,-1.000000,1,,NSE,5.000000,362111,False
760745,770TOPL30-N0,770TOPL30,,-1.000000,1,,NSE,1.000000,999,False
760771,762AS46-SG,762AS46,,-1.000000,100,,NSE,1.000000,1002500,False
760806,PFCL36A-N8,PFCL36A,,-1.000000,1,,NSE,1.000000,521,False
760845,749KA35-SG,749KA35,,-1.000000,100,,NSE,1.000000,1052600,False
760859,696PFCL28-N0,696PFCL28,,-1.000000,1,,NSE,1.000000,999,False
760870,YAAP-SM,YAAP,,-1.000000,1000,,NSE,5.000000,684509,False
760877,691TN31-SG,691TN31,,-1.000000,100,,NSE,1.000000,1000000,False
760879,731KA33-SG,731KA33,,-1.000000,100,,NSE,1.000000,1000000,False
760912,759CG36-SG,759CG36,,-1.000000,100,,NSE,1.000000,1000000,False
760934,784WB47-SG,784WB47,,-1.000000,100,,NSE,1.000000,892756,False
760946,KWIL-EQ,KWIL,,-1.000000,1,,NSE,1.000000,2321396,False
760986,HEALTHCARE-EQ,HEALTHCARE,,-1.000000,1,,NSE,1.000000,224527,False
761010,773HR45-SG,773HR45,,-1.000000,100,,NSE,1.000000,1000000,False
761020,636GS2031-GS,636GS2031,,-1.000000,1,,NSE,1.000000,1009800,False
761033,778TR41-SG,778TR41,,-1.000000,100,,NSE,1.000000,1000000,False
761049,767UP41-SG,767UP41,,-1.000000,100,,NSE,1.000000,999900,False
761078,805NMC32-N4,805NMC32,,-1.000000,1,,NSE,1.000000,65400,False
761091,STRIDERS-SM,STRIDERS,,-1.000000,1600,,NSE,5.000000,608771,False
761112,ACETEC-SM,ACETEC,,-1.000000,1200,,NSE,5.000000,535748,False
761192,KRISHNADEF-EQ,KRISHNADEF,,-1.000000,1,,NSE,10.000000,93841,False
761121,9IIFL31-Y9,9IIFL31,,-1.000000,1,,NSE,1.000000,36703,False
761137,910HFL37-N0,910HFL37,,-1.000000,1,,NSE,1.000000,327,False
761202,SOCL-SM,SOCL,,-1.000000,1600,,NSE,5.000000,437969,False
761303,CITI28-N0,CITI28,,-1.000000,1,,NSE,1.000000,999,False
761340,860AEL28-NH,860AEL28,,-1.000000,1,,NSE,1.000000,51490,False
761341,AEL12126-NI,AEL12126,,-1.000000,1,,NSE,1.000000,6514,False
761356,797TOPO34-N0,797TOPO34,,-1.000000,1,,NSE,1.000000,999,False
761364,BANK10ADD-EQ,BANK10ADD,,-1.000000,1,,NSE,1.000000,6005948,False
761381,768KL49-SG,768KL49,,-1.000000,100,,NSE,1.000000,1052600,False
761401,785KSFP28-N0,785KSFP28,,-1.000000,1,,NSE,1.000000,654,False
761415,703TN31-SG,703TN31,,-1.000000,100,,NSE,1.000000,1000000,False
761444,772UP44-SG,772UP44,,-1.000000,100,,NSE,1.000000,1003500,False
761446,773HR45A-SG,773HR45A,,-1.000000,100,,NSE,1.000000,1000000,False
761457,744MP35A-SG,744MP35A,,-1.000000,100,,NSE,1.000000,999810,False
761469,SHADOWFAX-EQ,SHADOWFAX,,-1.000000,1,,NSE,5.000000,394276,False
761474,757UP38-SG,757UP38,,-1.000000,100,,NSE,1.000000,999900,False
761476,777TR41-SG,777TR41,,-1.000000,100,,NSE,1.000000,999978,False
761554,761KA34-SG,761KA34,,-1.000000,100,,NSE,1.000000,1000000,False
761562,768KL36-SG,768KL36,,-1.000000,100,,NSE,1.000000,999960,False
761573,783AP43-SG,783AP43,,-1.000000,100,,NSE,1.000000,1052550,False
761599,115VCCL31-N0,115VCCL31,,-1.000000,1,,NSE,1.000000,130,False
761646,796AP38-SG,796AP38,,-1.000000,100,,NSE,1.000000,991980,False
761826,695RECL28-N0,695RECL28,,-1.000000,1,,NSE,1.000000,999,False
762163,CORDELIA-EQ,CORDELIA,,-1.000000,1,,NSE,1.000000,886109,False
762227,RAMBHAJO-EQ,RAMBHAJO,,-1.000000,1,,NSE,1.000000,371335,False
762244,RIIT-IV,RIIT,,-1.000000,1,,NSE,1.000000,835800,False
762423,76KL33-SG,76KL33,,-1.000000,100,,NSE,1.000000,1036240,False
762424,781KL37-SG,781KL37,,-1.000000,100,,NSE,1.000000,1000400,False
762528,ABMKNO-EQ,ABMKNO,,-1.000000,1,,NSE,1.000000,551100,False
762578,BENGALASM-EQ,BENGALASM,,-1.000000,1,,NSE,50.000000,15954,False
762653,ELANTAS-EQ,ELANTAS,,-1.000000,1,,NSE,100.000000,6889,False
762670,EMPOWER-EQ,EMPOWER,,-1.000000,1,,NSE,1.000000,38056212,False
762680,FERMENTA-EQ,FERMENTA,,-1.000000,1,,NSE,5.000000,210667,False
762782,MCCHRLS-B-EQ,MCCHRLS-B,,-1.000000,1,,NSE,5.000000,148388,False
762792,MERCANTILE-EQ,MERCANTILE,,-1.000000,1,,NSE,1.000000,3659724,False
762854,QUINT-EQ,QUINT,,-1.000000,1,,NSE,1.000000,1543701,False
762864,RRIL-EQ,RRIL,,-1.000000,1,,NSE,1.000000,3963707,False
762924,SURYALA-EQ,SURYALA,,-1.000000,1,,NSE,5.000000,139530,False
763144,925ICFL28-N0,925ICFL28,,-1.000000,1,,NSE,1.000000,899,False
763340,694GS2036-GS,694GS2036,,-1.000000,1,,NSE,1.000000,971727,False
763382,785TCHFL29-N0,785TCHFL29,,-1.000000,1,,NSE,1.000000,999,False
763490,9189GCM28A-N0,9189GCM28A,,-1.000000,1,,NSE,1.000000,654,False
763524,787RJ41-SG,787RJ41,,-1.000000,100,,NSE,1.000000,999900,False
763598,BMLL-SM,BMLL,,-1.000000,1000,,NSE,5.000000,411202,False
763625,182D271126-TB,182D271126,,-1.000000,100,,NSE,1.000000,1018440,False
763657,767NHPCL39-N0,767NHPCL39,,-1.000000,1,,NSE,1.000000,654,False
763661,767NHPCL41-N0,767NHPCL41,,-1.000000,1,,NSE,1.000000,654,False
763663,MERCURYEV-EQ,MERCURYEV,,-1.000000,1,,NSE,1.000000,2388911,False
763707,850HMDA45-N0,850HMDA45,,-1.000000,1,,NSE,1.000000,999,False
763734,737RJ30-SG,737RJ30,,-1.000000,100,,NSE,1.000000,1030560,False
763745,SIDBI29-N0,SIDBI29,,-1.000000,1,,NSE,1.000000,999,False
763781,91D011026-TB,91D011026,,-1.000000,100,,NSE,1.000000,1005840,False
763784,AGL-EQ,AGL,,-1.000000,1,,NSE,1.000000,6609209,False
764038,756KL39-SG,756KL39,,-1.000000,100,,NSE,1.000000,1000000,False
764040,764MN40-SG,764MN40,,-1.000000,100,,NSE,1.000000,817500,False
764043,759UP42-SG,759UP42,,-1.000000,100,,NSE,1.000000,1000000,False
764109,1180IFL28B-N0,1180IFL28B,,-1.000000,1,,NSE,1.000000,1308,False
764186,ALPINETEX-EQ,ALPINETEX,,-1.000000,1,,NSE,1.000000,1250676,False
764208,PSIFHLSRG-SF,PSIFHLSRG,,-1.000000,1,,NSE,1.000000,2235377,False
764253,182D210127-TB,182D210127,,-1.000000,100,,NSE,1.000000,1030480,False
764255,CMLL-EQ,CMLL,,-1.000000,1,,NSE,5.000000,210902,False
764278,METALIC-ST,METALIC,,-1.000000,1600,,NSE,5.000000,680269,False
764281,915ICFL28-N0,915ICFL28,,-1.000000,1,,NSE,1.000000,654,False
764283,915ICFL28A-N0,915ICFL28A,,-1.000000,1,,NSE,1.000000,654,False
764296,LCL-EQ,LCL,,-1.000000,1,,NSE,5.000000,180767,False
764326,768AP51-SG,768AP51,,-1.000000,100,,NSE,1.000000,1000000,False
764328,91D291026-TB,91D291026,,-1.000000,100,,NSE,1.000000,1007240,False
764331,11RCPL28-N0,11RCPL28,,-1.000000,1,,NSE,1.000000,3270,False
764343,910TIAPL33-N0,910TIAPL33,,-1.000000,1,,NSE,1.000000,327,False
764355,832TPL29A-N0,832TPL29A,,-1.000000,1,,NSE,1.000000,1000,False
764405,MOOILGAS-EQ,MOOILGAS,,-1.000000,1,,NSE,1.000000,40875,False
764422,764OR40-SG,764OR40,,-1.000000,100,,NSE,1.000000,1000000,False
764424,77TN51-SG,77TN51,,-1.000000,100,,NSE,1.000000,1000000,False
764446,ANAWIL-SM,ANAWIL,,-1.000000,400,,NSE,5.000000,216298,False
764478,728TMCL29-N0,728TMCL29,,-1.000000,1,,NSE,1.000000,999,False
764510,91D121126-TB,91D121126,,-1.000000,100,,NSE,1.000000,1012320,False
764511,182D110227-TB,182D110227,,-1.000000,100,,NSE,1.000000,1027780,False
764628,BRAHMINFRA-EQ,BRAHMINFRA,,-1.000000,1,,NSE,1.000000,635502,False
764673,EMPIND-EQ,EMPIND,,-1.000000,1,,NSE,10.000000,94871,False
764698,HINDADH-EQ,HINDADH,,-1.000000,1,,NSE,5.000000,167303,False
764708,INDOKEM-EQ,INDOKEM,,-1.000000,1,,NSE,5.000000,162895,False
7648,820IIFL27-N9,820IIFL27,,-1.000000,1,,NSE,1.000000,17217,False
764728,JENBURPH-EQ,JENBURPH,,-1.000000,1,,NSE,10.000000,99608,False
764738,KAMANWALA-EQ,KAMANWALA,,-1.000000,1,,NSE,1.000000,460846,False
764855,RTSPOWR-EQ,RTSPOWR,,-1.000000,1,,NSE,1.000000,299809,False
764880,SEKURITIND-EQ,SEKURITIND,,-1.000000,1,,NSE,1.000000,906228,False
764940,SVGLOBAL-EQ,SVGLOBAL,,-1.000000,1,,NSE,1.000000,591313,False
764945,TANAA-EQ,TANAA,,-1.000000,1,,NSE,5.000000,374577,False
764975,VADILENT-EQ,VADILENT,,-1.000000,1,,NSE,100.000000,9615,False
765130,MOHITE-EQ,MOHITE,,-1.000000,1,,NSE,1.000000,6572601,False
765138,MPDL-BE,MPDL,,-1.000000,1,,NSE,1.000000,242389,False
765218,VIRTUALG-BE,VIRTUALG,,-1.000000,1,,NSE,1.000000,18513552,False
765424,755PFCL41-N0,755PFCL41,,-1.000000,1,,NSE,1.000000,1000,False
765451,AUGMONT-EQ,AUGMONT,,-1.000000,1,,NSE,5.000000,112846,False
765479,MADHURKNIT-ST,MADHURKNIT,,-1.000000,1200,,NSE,5.000000,621601,False
765546,772JH38-SG,772JH38,,-1.000000,100,,NSE,1.000000,981000,False
765550,91D031226-TB,91D031226,,-1.000000,100,,NSE,1.000000,1019550,False
765552,364D020927-TB,364D020927,,-1.000000,100,,NSE,1.000000,1058449,False
781,DALMIASUG-EQ,DALMIASUG,,-1.000000,1,,NSE,5.000000,239580,False
7772,843SCFL27-YB,843SCFL27,,-1.000000,1,,NSE,1.000000,3,False
765977,DOLLEX-EQ,DOLLEX,,-1.000000,1,,NSE,5.000000,1306325,False
7819,714RJ32-SG,714RJ32,,-1.000000,100,,NSE,1.000000,999900,False
7852,INOXWIND-EQ,INOXWIND,,-1.000000,1,,NSE,1.000000,1306547,True
7856,724UP32-SG,724UP32,,-1.000000,100,,NSE,1.000000,1052400,False
7858,733KA37-SG,733KA37,,-1.000000,100,,NSE,1.000000,1000000,False
7898,729MZ33-SG,729MZ33,,-1.000000,100,,NSE,1.000000,490500,False
7902,LFIC-EQ,LFIC,,-1.000000,1,,NSE,1.000000,98100,False
7904,724TN32-SG,724TN32,,-1.000000,100,,NSE,1.000000,1000000,False
7930,BYKE-BE,BYKE,,-1.000000,1,,NSE,1.000000,1709533,False
7986,1060ECL29-NS,1060ECL29,,-1.000000,1,,NSE,1.000000,63848,False
8083,CROWN-EQ,CROWN,,-1.000000,1,,NSE,1.000000,378993,False
8120,744KA35-SG,744KA35,,-1.000000,100,,NSE,1.000000,1009800,False
8220,MYSORPETRO-BE,MYSORPETRO,,-1.000000,1,,NSE,1.000000,215280,False
8167,MANYAVAR-EQ,MANYAVAR,,-1.000000,1,,NSE,5.000000,171541,False
8208,RICHA-SM,RICHA,,-1.000000,1000,,NSE,5.000000,450044,False
834,SGBOC28VII-GB,SGBOC28VII,,-1.000000,1,,NSE,1.000000,6578,False
8301,713KA38-SG,713KA38,,-1.000000,100,,NSE,1.000000,1000000,False
8326,715GA32-SG,715GA32,,-1.000000,100,,NSE,1.000000,327000,False
8354,725GJ32-SG,725GJ32,,-1.000000,100,,NSE,1.000000,999900,False
8400,CALSOFT-BE,CALSOFT,,-1.000000,1,,NSE,1.000000,1145654,False
8358,735PY33-SG,735PY33,,-1.000000,100,,NSE,1.000000,981000,False
8360,728JH37-SG,728JH37,,-1.000000,100,,NSE,1.000000,1000000,False
8595,AKSHOPTFBR-BE,AKSHOPTFBR,,-1.000000,1,,NSE,1.000000,5320223,False
864,655AP33-SG,655AP33,,-1.000000,100,,NSE,1.000000,1000000,False
8619,TRANSWORLD-BE,TRANSWORLD,,-1.000000,1,,NSE,1.000000,606049,False
8642,97SFL29-YZ,97SFL29,,-1.000000,1,,NSE,1.000000,11166,False
8676,ABSLFTTQDG-MF,ABSLFTTQDG,,-1.000000,1,,NSE,1.000000,5696683,False
8686,731KL32-SG,731KL32,,-1.000000,100,,NSE,1.000000,1000000,False
8692,734GA32-SG,734GA32,,-1.000000,100,,NSE,1.000000,327000,False
8703,736TS36-SG,736TS36,,-1.000000,100,,NSE,1.000000,999982,False
8721,744AP42-SG,744AP42,,-1.000000,100,,NSE,1.000000,999957,False
876,677AP38-SG,677AP38,,-1.000000,100,,NSE,1.000000,1000000,False
8761,H187646RG-MF,H187646RG,,-1.000000,1,,NSE,1.000000,286161,False
8776,H1876D46RD-MF,H1876D46RD,,-1.000000,1,,NSE,1.000000,899,False
8934,718MH30-SG,718MH30,,-1.000000,100,,NSE,1.000000,1030000,False
896,KHAICHEM-EQ,KHAICHEM,,-1.000000,1,,NSE,1.000000,1850747,False
8935,711MH29-SG,711MH29,,-1.000000,100,,NSE,1.000000,1000000,False
8944,RITCO-EQ,RITCO,,-1.000000,1,,NSE,5.000000,332539,False
8977,752AP42-SG,752AP42,,-1.000000,100,,NSE,1.000000,1000500,False
9046,AGROPHOS-EQ,AGROPHOS,,-1.000000,1,,NSE,1.000000,662963,False
913,EQUITASBNK-EQ,EQUITASBNK,,-1.000000,1,,NSE,1.000000,1366747,False
9158,BALAJITELE-EQ,BALAJITELE,,-1.000000,1,,NSE,1.000000,1103337,False
9381,IL&FSTRANS-BZ,IL&FSTRANS,,-1.000000,1,,NSE,1.000000,10756992,False
9383,EMBASSY-RR,EMBASSY,,-1.000000,1,,NSE,1.000000,227494,False
9397,BHARATGEAR-BE,BHARATGEAR,,-1.000000,1,,NSE,1.000000,502110,False
9384,CREATIVEYE-EQ,CREATIVEYE,,-1.000000,1,,NSE,1.000000,655904,False
9422,SILVERTUC-EQ,SILVERTUC,,-1.000000,1,,NSE,1.000000,655734,False
9437,763MH30-SG,763MH30,,-1.000000,100,,NSE,1.000000,1000000,False
9695,762MH30-SG,762MH30,,-1.000000,100,,NSE,1.000000,1012600,False
9797,79AP34-SG,79AP34,,-1.000000,100,,NSE,1.000000,1000000,False
9800,79RJ42-SG,79RJ42,,-1.000000,100,,NSE,1.000000,999900,False
9893,SMARTLINK-BE,SMARTLINK,,-1.000000,1,,NSE,1.000000,326182,False
9907,763GS2059-GS,763GS2059,,-1.000000,1,,NSE,1.000000,952000,False
9943,785RJ37-SG,785RJ37,,-1.000000,100,,NSE,1.000000,1000000,False
1004,679AP34-SG,679AP34,,-1.000000,100,,NSE,1.000000,1000000,False
10217,ADANIENSOL-EQ,ADANIENSOL,,-1.000000,1,,NSE,10.000000,72076,True
10238,CONFIPET-EQ,CONFIPET,,-1.000000,1,,NSE,1.000000,1120649,False
10257,792AP42A-SG,792AP42A,,-1.000000,100,,NSE,1.000000,1000000,False
10271,79TS44-SG,79TS44,,-1.000000,100,,NSE,1.000000,1000000,False
10325,SKP-SM,SKP,,-1.000000,500,,NSE,5.000000,542820,False
10343,RADHIKAJWE-EQ,RADHIKAJWE,,-1.000000,1,,NSE,1.000000,1201712,False
10367,78GJ32A-SG,78GJ32A,,-1.000000,100,,NSE,1.000000,1002900,False
10417,DYCL-EQ,DYCL,,-1.000000,1,,NSE,5.000000,219517,False
10529,765BR32-SG,765BR32,,-1.000000,100,,NSE,1.000000,1000000,False
10544,764TN32-SG,764TN32,,-1.000000,100,,NSE,1.000000,1000000,False
10640,795HR37-SG,795HR37,,-1.000000,100,,NSE,1.000000,1000000,False
10647,774AP31-SG,774AP31,,-1.000000,100,,NSE,1.000000,1000000,False
10720,76TN32-SG,76TN32,,-1.000000,100,,NSE,1.000000,1013200,False
10722,726GS2032-GS,726GS2032,,-1.000000,1,,NSE,1.000000,971100,False
10738,OFSS-EQ,OFSS,,-1.000000,1,,NSE,100.000000,8445,True
10751,762NTPC35F-ND,762NTPC35F,,-1.000000,1,,NSE,1.000000,54196,False
10791,NUCLEUS-EQ,NUCLEUS,,-1.000000,1,,NSE,5.000000,143578,False
10846,771AP42-SG,771AP42,,-1.000000,100,,NSE,1.000000,1000000,False
10851,767KL34-SG,767KL34,,-1.000000,100,,NSE,1.000000,1000000,False
10866,GVPTECH-BE,GVPTECH,,-1.000000,1,,NSE,1.000000,5972467,False
10911,758AP40-SG,758AP40,,-1.000000,100,,NSE,1.000000,1000000,False
10913,758AP42-SG,758AP42,,-1.000000,100,,NSE,1.000000,1010100,False
10922,OMAXAUTO-EQ,OMAXAUTO,,-1.000000,1,,NSE,1.000000,578262,False
10923,753BR32-SG,753BR32,,-1.000000,100,,NSE,1.000000,1000000,False
10931,736GS2052-GS,736GS2052,,-1.000000,1,,NSE,1.000000,984800,False
1098,68TS50A-SG,68TS50A,,-1.000000,100,,NSE,1.000000,1000000,False
10971,MEGAFLEX-SM,MEGAFLEX,,-1.000000,1000,,NSE,5.000000,396684,False
11045,SATIA-EQ,SATIA,,-1.000000,1,,NSE,1.000000,1470300,False
11095,755AS32-SG,755AS32,,-1.000000,100,,NSE,1.000000,1000000,False
11154,SGBJUL27-GB,SGBJUL27,,-1.000000,1,,NSE,1.000000,6666,False
11212,SHK-EQ,SHK,,-1.000000,1,,NSE,1.000000,708022,False
11390,776MH30-SG,776MH30,,-1.000000,100,,NSE,1.000000,990400,False
11403,POONAWALLA-EQ,POONAWALLA,,-1.000000,1,,NSE,5.000000,224522,False
11405,779TN32-SG,779TN32,,-1.000000,100,,NSE,1.000000,990000,False
11415,783TS36-SG,783TS36,,-1.000000,100,,NSE,1.000000,1000000,False
11447,CMRSL-SM,CMRSL,,-1.000000,800,,NSE,5.000000,95745,False
11505,785AS32A-SG,785AS32A,,-1.000000,100,,NSE,1.000000,999990,False
1153,GLAXO-EQ,GLAXO,,-1.000000,1,,NSE,10.000000,35236,False
1158,649KA30A-SG,649KA30A,,-1.000000,100,,NSE,1.000000,1000000,False
11509,785SK32-SG,785SK32,,-1.000000,100,,NSE,1.000000,654000,False
11549,TEXINFRA-EQ,TEXINFRA,,-1.000000,1,,NSE,1.000000,865608,False
1162,GTL-EQ,GTL,,-1.000000,1,,NSE,1.000000,5143604,False
1165,66PN30-SG,66PN30,,-1.000000,100,,NSE,1.000000,999975,False
11665,79NHIT40-N2,79NHIT40,,-1.000000,1,,NSE,1.000000,319410,False
1172,681TR35-SG,681TR35,,-1.000000,100,,NSE,1.000000,999996,False
11667,DWARKESH-EQ,DWARKESH,,-1.000000,1,,NSE,1.000000,2235106,False
11696,789TS36-SG,789TS36,,-1.000000,100,,NSE,1.000000,1047300,False
11706,781KL44-SG,781KL44,,-1.000000,100,,NSE,1.000000,999900,False
11743,JINDALPHOT-EQ,JINDALPHOT,,-1.000000,1,,NSE,10.000000,98921,False
11764,782AS32A-SG,782AS32A,,-1.000000,100,,NSE,1.000000,990080,False
11768,784TS40-SG,784TS40,,-1.000000,100,,NSE,1.000000,999975,False
11779,ACEINTEG-EQ,ACEINTEG,,-1.000000,1,,NSE,1.000000,333540,False
11809,IIFL-EQ,IIFL,,-1.000000,1,,NSE,5.000000,166302,False
11813,SHOPERSTOP-EQ,SHOPERSTOP,,-1.000000,1,,NSE,5.000000,266281,False
11817,MANGALAM-EQ,MANGALAM,,-1.000000,1,,NSE,1.000000,517583,False
11841,KENNAMET-EQ,KENNAMET,,-1.000000,1,,NSE,10.000000,21340,False
1186,GLAND-EQ,GLAND,,-1.000000,1,,NSE,10.000000,34146,False
11870,785HP36-SG,785HP36,,-1.000000,100,,NSE,1.000000,1000000,False
11873,787MZ36-SG,787MZ36,,-1.000000,100,,NSE,1.000000,327000,False
11880,JSWHL-EQ,JSWHL,,-1.000000,1,,NSE,100.000000,8724,False
11881,782NL32A-SG,782NL32A,,-1.000000,100,,NSE,1.000000,477420,False
11968,VIVIMEDLAB-BE,VIVIMEDLAB,,-1.000000,1,,NSE,1.000000,2711285,False
11980,767AS32-SG,767AS32,,-1.000000,100,,NSE,1.000000,1004960,False
11984,767KA32-SG,767KA32,,-1.000000,100,,NSE,1.000000,1041600,False
1204,PRAXIS-EQ,PRAXIS,,-1.000000,1,,NSE,1.000000,6076059,False
12032,FIVESTAR-EQ,FIVESTAR,,-1.000000,1,,NSE,5.000000,181240,False
1227,65KA30A-SG,65KA30A,,-1.000000,100,,NSE,1.000000,1000000,False
12321,763TS43-SG,763TS43,,-1.000000,100,,NSE,1.000000,1000000,False
12678,762GA32-SG,762GA32,,-1.000000,100,,NSE,1.000000,327000,False
1270,AMBUJACEM-EQ,AMBUJACEM,,-1.000000,1,,NSE,5.000000,253451,True
12989,BAHETI-SM,BAHETI,,-1.000000,375,,NSE,5.000000,121821,False
13101,VIMTALABS-EQ,VIMTALABS,,-1.000000,1,,NSE,5.000000,158799,False
13122,751HR29-SG,751HR29,,-1.000000,100,,NSE,1.000000,1010100,False
13124,755GA32-SG,755GA32,,-1.000000,100,,NSE,1.000000,327000,False
13126,REPRO-EQ,REPRO,,-1.000000,1,,NSE,5.000000,323100,False
13203,ALLETEC-SM,ALLETEC,,-1.000000,400,,NSE,5.000000,660349,False
13251,SAKUMA-EQ,SAKUMA,,-1.000000,1,,NSE,1.000000,51264399,False
1333,HDFCBANK-EQ,HDFCBANK,,-1.000000,1,,NSE,5.000000,138607,True
13252,769MN34-SG,769MN34,,-1.000000,100,,NSE,1.000000,398940,False
13310,KEI-EQ,KEI,,-1.000000,1,,NSE,50.000000,21796,True
13366,755GJ30-SG,755GJ30,,-1.000000,100,,NSE,1.000000,1035300,False
13374,76KA32A-SG,76KA32A,,-1.000000,100,,NSE,1.000000,1000000,False
13427,BHAGERIA-BE,BHAGERIA,,-1.000000,1,,NSE,5.000000,315372,False
13401,767WB41-SG,767WB41,,-1.000000,100,,NSE,1.000000,1000000,False
13491,JKLAKSHMI-EQ,JKLAKSHMI,,-1.000000,1,,NSE,5.000000,197637,False
13570,RBMINFRA-SM,RBMINFRA,,-1.000000,200,,NSE,5.000000,315853,False
13601,76KA33-SG,76KA33,,-1.000000,100,,NSE,1.000000,1000000,False
13662,GEECEE-BE,GEECEE,,-1.000000,1,,NSE,5.000000,274299,False
13693,INFOMEDIA-EQ,INFOMEDIA,,-1.000000,1,,NSE,1.000000,1641349,False
13721,759TS40-SG,759TS40,,-1.000000,100,,NSE,1.000000,1000000,False
13776,GESHIP-EQ,GESHIP,,-1.000000,1,,NSE,10.000000,70669,False
1378,668AP33-SG,668AP33,,-1.000000,100,,NSE,1.000000,1000000,False
1382,673PN40-SG,673PN40,,-1.000000,100,,NSE,1.000000,999900,False
13804,SUTLEJTEX-BE,SUTLEJTEX,,-1.000000,1,,NSE,1.000000,2546388,False
13826,SOBHA-EQ,SOBHA,,-1.000000,1,,NSE,10.000000,82124,False
13880,BANCOINDIA-EQ,BANCOINDIA,,-1.000000,1,,NSE,5.000000,162490,False
13915,764HR31-SG,764HR31,,-1.000000,100,,NSE,1.000000,1018950,False
13973,772UP36-SG,772UP36,,-1.000000,100,,NSE,1.000000,999950,False
13994,766RJ43-SG,766RJ43,,-1.000000,100,,NSE,1.000000,1000000,False
13996,765KL48-SG,765KL48,,-1.000000,100,,NSE,1.000000,1000000,False
14038,985SFIL28-NO,985SFIL28,,-1.000000,1,,NSE,1.000000,3584,False
14086,IGPL-EQ,IGPL,,-1.000000,1,,NSE,5.000000,182798,False
14088,761TS32-SG,761TS32,,-1.000000,100,,NSE,1.000000,1000000,False
14097,764TS33-SG,764TS33,,-1.000000,100,,NSE,1.000000,1000000,False
14101,PTL-EQ,PTL,,-1.000000,1,,NSE,1.000000,2602002,False
14198,TIMKEN-EQ,TIMKEN,,-1.000000,1,,NSE,10.000000,30237,False
1428,662NL30-SG,662NL30,,-1.000000,100,,NSE,1.000000,719400,False
14269,766GJ30-SG,766GJ30,,-1.000000,100,,NSE,1.000000,1000000,False
14334,HSCL-EQ,HSCL,,-1.000000,1,,NSE,5.000000,150353,False
14394,UTIDGR36P1-MF,UTIDGR36P1,,-1.000000,1,,NSE,1.000000,1224858,False
14424,77MH31-SG,77MH31,,-1.000000,100,,NSE,1.000000,1000000,False
1448,HLVLTD-EQ,HLVLTD,,-1.000000,1,,NSE,1.000000,15673904,False
14479,DIVGIITTS-EQ,DIVGIITTS,,-1.000000,1,,NSE,10.000000,84133,False
14501,BALAMINES-EQ,BALAMINES,,-1.000000,1,,NSE,10.000000,43903,False
14559,766MP48-SG,766MP48,,-1.000000,100,,NSE,1.000000,1000000,False
14563,766KL50-SG,766KL50,,-1.000000,100,,NSE,1.000000,970800,False
14595,VELS-ST,VELS,,-1.000000,1200,,NSE,5.000000,422091,False
14599,GSLSU-EQ,GSLSU,,-1.000000,1,,NSE,1.000000,1385885,False
14638,772HR32-SG,772HR32,,-1.000000,100,,NSE,1.000000,1000000,False
14641,776HP33-SG,776HP33,,-1.000000,100,,NSE,1.000000,999990,False
1467,JSWDULUX-EQ,JSWDULUX,,-1.000000,1,,NSE,10.000000,31650,False
14651,778UP36-SG,778UP36,,-1.000000,100,,NSE,1.000000,1000000,False
14654,774RJ40-SG,774RJ40,,-1.000000,100,,NSE,1.000000,952300,False
14663,774RJ49-SG,774RJ49,,-1.000000,100,,NSE,1.000000,999992,False
14710,1015SCL28A-AL,1015SCL28A,,-1.000000,1,,NSE,1.000000,3558,False
14769,091NSETEST-EQ,091NSETEST,,-1.000000,1,,NSE,5.000000,500000,False
14772,101NSETEST-EQ,101NSETEST,,-1.000000,1,,NSE,5.000000,500000,False
14818,775HP32-SG,775HP32,,-1.000000,100,,NSE,1.000000,999950,False
14820,776UK33-SG,776UK33,,-1.000000,100,,NSE,1.000000,999950,False
14830,781UP34A-SG,781UP34A,,-1.000000,100,,NSE,1.000000,985507,False
14828,WSI-EQ,WSI,,-1.000000,1,,NSE,1.000000,1614976,False
14839,779HP38-SG,779HP38,,-1.000000,100,,NSE,1.000000,990400,False
1485,IFBIND-EQ,IFBIND,,-1.000000,1,,NSE,10.000000,76904,False
14840,783KL39-SG,783KL39,,-1.000000,100,,NSE,1.000000,999793,False
14853,OMAXE-EQ,OMAXE,,-1.000000,1,,NSE,1.000000,806408,False
14861,776KL58-SG,776KL58,,-1.000000,100,,NSE,1.000000,1000000,False
14937,CIEINDIA-EQ,CIEINDIA,,-1.000000,1,,NSE,5.000000,263277,False
14957,MAGNUM-EQ,MAGNUM,,-1.000000,1,,NSE,1.000000,2237050,False
14992,CCCL-EQ,CCCL,,-1.000000,1,,NSE,1.000000,7188806,False
15057,MOS-ST,MOS,,-1.000000,4000,,NSE,5.000000,8418301,False
15121,SVLL-EQ,SVLL,,-1.000000,1,,NSE,5.000000,127373,False
15165,HITECHCORP-BE,HITECHCORP,,-1.000000,1,,NSE,5.000000,298943,False
15180,KIRLPNU-EQ,KIRLPNU,,-1.000000,1,,NSE,5.000000,138880,False
15184,BRIGADE-EQ,BRIGADE,,-1.000000,1,,NSE,5.000000,156557,False
15208,ARIES-BE,ARIES,,-1.000000,1,,NSE,5.000000,210254,False
15213,PPAP-BE,PPAP,,-1.000000,1,,NSE,5.000000,418659,False
15251,866SFIL23A-NY,866SFIL23A,,-1.000000,1,,NSE,1.000000,4,False
15314,745UP33-SG,745UP33,,-1.000000,100,,NSE,1.000000,1000000,False
15315,749MN35-SG,749MN35,,-1.000000,100,,NSE,1.000000,654000,False
15323,746WB46-SG,746WB46,,-1.000000,100,,NSE,1.000000,1000000,False
15324,746KL48-SG,746KL48,,-1.000000,100,,NSE,1.000000,999900,False
15432,SGBDC27VII-GB,SGBDC27VII,,-1.000000,1,,NSE,1.000000,6582,False
1570,GMMPFAUDLR-EQ,GMMPFAUDLR,,-1.000000,1,,NSE,10.000000,76427,False
15649,ATALREAL-EQ,ATALREAL,,-1.000000,1,,NSE,1.000000,4051407,False
159,MILTON-SM,MILTON,,-1.000000,2200,,NSE,5.000000,555736,False
161,674UP30-SG,674UP30,,-1.000000,100,,NSE,1.000000,999900,False
16035,733NL33-SG,733NL33,,-1.000000,100,,NSE,1.000000,817500,False
16049,733UP33-SG,733UP33,,-1.000000,100,,NSE,1.000000,1000000,False
163,APOLLOTYRE-EQ,APOLLOTYRE,,-1.000000,1,,NSE,5.000000,239433,False
16133,KRISHCA-SM,KRISHCA,,-1.000000,500,,NSE,5.000000,520837,False
16289,736ML32-SG,736ML32,,-1.000000,100,,NSE,1.000000,490500,False
16346,736RJ33-SG,736RJ33,,-1.000000,100,,NSE,1.000000,1000000,False
16397,732TS49-SG,732TS49,,-1.000000,100,,NSE,1.000000,1000000,False
16588,INFOLLION-SM,INFOLLION,,-1.000000,400,,NSE,5.000000,317411,False
16638,726HP29-SG,726HP29,,-1.000000,100,,NSE,1.000000,981000,False
16641,729HP31-SG,729HP31,,-1.000000,100,,NSE,1.000000,1000000,False
16645,734AS33A-SG,734AS33A,,-1.000000,100,,NSE,1.000000,1000000,False
16651,718GJ28-SG,718GJ28,,-1.000000,100,,NSE,1.000000,1000000,False
1675,ITI-EQ,ITI,,-1.000000,1,,NSE,5.000000,380326,False
16713,UBL-EQ,UBL,,-1.000000,1,,NSE,10.000000,79585,False
16777,SILVERAG-EQ,SILVERAG,,-1.000000,1,,NSE,1.000000,453314,False
16795,ARCHIDPLY-EQ,ARCHIDPLY,,-1.000000,1,,NSE,1.000000,649585,False
16797,736GA33-SG,736GA33,,-1.000000,100,,NSE,1.000000,327000,False
16874,84TCHF28-NA,84TCHF28,,-1.000000,1,,NSE,1.000000,29616,False
16875,SICAGEN-EQ,SICAGEN,,-1.000000,1,,NSE,1.000000,1293994,False
16923,74AP32-SG,74AP32,,-1.000000,100,,NSE,1.000000,1000000,False
16954,VILINBIO-SM,VILINBIO,,-1.000000,4000,,NSE,5.000000,498675,False
1709,617KL27-SG,617KL27,,-1.000000,100,,NSE,1.000000,1000000,False
17032,THYROCARE-EQ,THYROCARE,,-1.000000,1,,NSE,5.000000,181766,False
17041,9IIFL28-Y0,9IIFL28,,-1.000000,1,,NSE,1.000000,43145,False
17115,743TS50-SG,743TS50,,-1.000000,100,,NSE,1.000000,1000000,False
1721,66WB30-SG,66WB30,,-1.000000,100,,NSE,1.000000,1000000,False
17119,744TN33A-SG,744TN33A,,-1.000000,100,,NSE,1.000000,1000000,False
17222,747HR35-SG,747HR35,,-1.000000,100,,NSE,1.000000,1020400,False
1727,651KA30C-SG,651KA30C,,-1.000000,100,,NSE,1.000000,1000000,False
17250,743AP41-SG,743AP41,,-1.000000,100,,NSE,1.000000,1002500,False
17251,743AP42-SG,743AP42,,-1.000000,100,,NSE,1.000000,1000000,False
17271,SENCO-EQ,SENCO,,-1.000000,1,,NSE,5.000000,288519,False
17323,735TN33A-SG,735TN33A,,-1.000000,100,,NSE,1.000000,999900,False
17324,738GA33-SG,738GA33,,-1.000000,100,,NSE,1.000000,327000,False
17333,MHRIL-EQ,MHRIL,,-1.000000,1,,NSE,1.000000,508171,False
1738,665TR35-SG,665TR35,,-1.000000,100,,NSE,1.000000,999960,False
17364,VINATIORGA-EQ,VINATIORGA,,-1.000000,1,,NSE,10.000000,77230,False
17477,CONTROLPR-EQ,CONTROLPR,,-1.000000,1,,NSE,5.000000,169858,False
17598,ASALCBR-EQ,ASALCBR,,-1.000000,1,,NSE,5.000000,147762,False
17616,PSUBANKADD-EQ,PSUBANKADD,,-1.000000,1,,NSE,1.000000,1185530,False
17637,745TS30A-SG,745TS30A,,-1.000000,100,,NSE,1.000000,1000000,False
17671,743TN53-SG,743TN53,,-1.000000,100,,NSE,1.000000,1001000,False
17747,NIITMTS-EQ,NIITMTS,,-1.000000,1,,NSE,1.000000,435041,False
17778,ATL-EQ,ATL,,-1.000000,1,,NSE,1.000000,3971210,False
17987,TRF-EQ,TRF,,-1.000000,1,,NSE,1.000000,359844,False
17999,UNITEDTEA-EQ,UNITEDTEA,,-1.000000,1,,NSE,5.000000,163387,False
18067,BPF02IQD-MF,BPF02IQD,,-1.000000,1,,NSE,1.000000,44,False
18096,JUBLFOOD-EQ,JUBLFOOD,,-1.000000,1,,NSE,5.000000,212470,True
18098,745TS47-SG,745TS47,,-1.000000,100,,NSE,1.000000,1000000,False
18168,BPF01D3R-MF,BPF01D3R,,-1.000000,1,,NSE,1.000000,16,False
18170,BPF01MDD-MF,BPF01MDD,,-1.000000,1,,NSE,1.000000,79068,False
18211,ORIENTLTD-BE,ORIENTLTD,,-1.000000,1,,NSE,1.000000,327000,False
18264,SEL-SM,SEL,,-1.000000,200,,NSE,5.000000,75823,False
18333,745HR35-SG,745HR35,,-1.000000,100,,NSE,1.000000,1000000,False
18335,741RJ39-SG,741RJ39,,-1.000000,100,,NSE,1.000000,1000000,False
18341,VPRPL-EQ,VPRPL,,-1.000000,1,,NSE,1.000000,2764603,False
1839,653TN31-SG,653TN31,,-1.000000,100,,NSE,1.000000,994600,False
18365,PERSISTENT-EQ,PERSISTENT,,-1.000000,1,,NSE,50.000000,17983,True
18401,747AS33-SG,747AS33,,-1.000000,100,,NSE,1.000000,1018300,False
18506,SAROJA-SM,SAROJA,,-1.000000,1600,,NSE,5.000000,131469,False
18519,743JK53A-SG,743JK53A,,-1.000000,100,,NSE,1.000000,1000000,False
18532,748UK33-SG,748UK33,,-1.000000,100,,NSE,1.000000,1000000,False
18536,746MP39-SG,746MP39,,-1.000000,100,,NSE,1.000000,1000000,False
18545,DIACABS-BE,DIACABS,,-1.000000,1,,NSE,5.000000,270926,False
18561,716GS2050-GS,716GS2050,,-1.000000,1,,NSE,1.000000,987600,False
18614,SAMHI-EQ,SAMHI,,-1.000000,1,,NSE,1.000000,636638,False
18691,749BR31A-SG,749BR31A,,-1.000000,100,,NSE,1.000000,1000000,False
18694,745HR33-SG,745HR33,,-1.000000,100,,NSE,1.000000,1000000,False
18721,NUVAMA-EQ,NUVAMA,,-1.000000,1,,NSE,10.000000,57482,False
18755,KALAMANDIR-EQ,KALAMANDIR,,-1.000000,1,,NSE,1.000000,1210978,False
18827,TARAPUR-EQ,TARAPUR,,-1.000000,1,,NSE,1.000000,637650,False
18874,1003SCL30-BW,1003SCL30,,-1.000000,1,,NSE,1.000000,32,False
1890,657TN31-SG,657TN31,,-1.000000,100,,NSE,1.000000,953200,False
18906,888SCL25E-N4,888SCL25E,,-1.000000,1,,NSE,1.000000,3005,False
18922,743TN53A-SG,743TN53A,,-1.000000,100,,NSE,1.000000,999900,False
18946,747HR33A-SG,747HR33A,,-1.000000,100,,NSE,1.000000,1000000,False
19161,NEWJAISA-ST,NEWJAISA,,-1.000000,1500,,NSE,5.000000,1169832,False
19166,759HR35-SG,759HR35,,-1.000000,100,,NSE,1.000000,1108000,False
19299,ITDC-EQ,ITDC,,-1.000000,1,,NSE,5.000000,145293,False
1947,661WB36-SG,661WB36,,-1.000000,100,,NSE,1.000000,999900,False
19300,VISHNUINFR-SM,VISHNUINFR,,-1.000000,500,,NSE,5.000000,637327,False
19485,769UP35A-SG,769UP35A,,-1.000000,100,,NSE,1.000000,1000000,False
19550,765TS39-SG,765TS39,,-1.000000,100,,NSE,1.000000,1000000,False
19599,PRAKASHSTL-EQ,PRAKASHSTL,,-1.000000,1,,NSE,1.000000,5722512,False
19609,772TS35-SG,772TS35,,-1.000000,100,,NSE,1.000000,1000000,False
19623,76JK53-SG,76JK53,,-1.000000,100,,NSE,1.000000,981000,False
19686,BLUEJET-EQ,BLUEJET,,-1.000000,1,,NSE,5.000000,175837,False
19691,JITFINFRA-EQ,JITFINFRA,,-1.000000,1,,NSE,5.000000,344403,False
19737,766KL46-SG,766KL46,,-1.000000,100,,NSE,1.000000,1001000,False
19748,771UP33-SG,771UP33,,-1.000000,100,,NSE,1.000000,1037200,False
19761,ADFFOODS-EQ,ADFFOODS,,-1.000000,1,,NSE,5.000000,370899,False
19776,980SCL33C-ND,980SCL33C,,-1.000000,1,,NSE,1.000000,596,False
19804,WELINV-BE,WELINV,,-1.000000,1,,NSE,10.000000,43064,False
19809,MAITREYA-SM,MAITREYA,,-1.000000,400,,NSE,5.000000,221575,False
19909,77KA33-SG,77KA33,,-1.000000,100,,NSE,1.000000,1008900,False
19912,772RJ33-SG,772RJ33,,-1.000000,100,,NSE,1.000000,1019850,False
19974,736PFCL28-N2,736PFCL28,,-1.000000,1,,NSE,1.000000,93454,False
20061,990SCL26A-NL,990SCL26A,,-1.000000,1,,NSE,1.000000,2427,False
20086,CPCAP-EQ,CPCAP,,-1.000000,1,,NSE,1.000000,594909,False
20100,711AS30-SG,711AS30,,-1.000000,100,,NSE,1.000000,952550,False
20130,965SCL25F-NZ,965SCL25F,,-1.000000,1,,NSE,1.000000,4629,False
20159,ARIHANTSUP-EQ,ARIHANTSUP,,-1.000000,1,,NSE,5.000000,457757,False
2016,661RJ31A-SG,661RJ31A,,-1.000000,100,,NSE,1.000000,1000000,False
20171,77GA33B-SG,77GA33B,,-1.000000,100,,NSE,1.000000,327000,False
20180,773UP35-SG,773UP35,,-1.000000,100,,NSE,1.000000,1010600,False
20189,773TS40-SG,773TS40,,-1.000000,100,,NSE,1.000000,1000000,False
2021,663HP31-SG,663HP31,,-1.000000,100,,NSE,1.000000,1000000,False
2023,663HP33-SG,663HP33,,-1.000000,100,,NSE,1.000000,1000000,False
20225,768TS37-SG,768TS37,,-1.000000,100,,NSE,1.000000,1000000,False
20231,766ML32-SG,766ML32,,-1.000000,100,,NSE,1.000000,555900,False
20240,765HR33B-SG,765HR33B,,-1.000000,100,,NSE,1.000000,1000000,False
20257,ESILVER-EQ,ESILVER,,-1.000000,1,,NSE,1.000000,441405,False
20280,658AP30-SG,658AP30,,-1.000000,100,,NSE,1.000000,987500,False
20321,SHANKARA-EQ,SHANKARA,,-1.000000,1,,NSE,1.000000,674349,False
20329,CGCL-EQ,CGCL,,-1.000000,1,,NSE,5.000000,375240,False
20344,771HR33-SG,771HR33,,-1.000000,100,,NSE,1.000000,1000000,False
20364,771KL43-SG,771KL43,,-1.000000,100,,NSE,1.000000,1000000,False
20368,765GJ29A-SG,765GJ29A,,-1.000000,100,,NSE,1.000000,981300,False
20391,773AP32A-SG,773AP32A,,-1.000000,100,,NSE,1.000000,991000,False
2043,RAMCOCEM-EQ,RAMCOCEM,,-1.000000,1,,NSE,5.000000,115310,False
20392,769KA33A-SG,769KA33A,,-1.000000,100,,NSE,1.000000,953200,False
20413,IOLCP-EQ,IOLCP,,-1.000000,1,,NSE,1.000000,514553,False
20437,CIFCZC26-NF,CIFCZC26,,-1.000000,1,,NSE,1.000000,3685,False
20454,GRAPHISAD-SM,GRAPHISAD,,-1.000000,1200,,NSE,5.000000,597641,False
20472,771AP31-SG,771AP31,,-1.000000,100,,NSE,1.000000,957350,False
20475,771HR33A-SG,771HR33A,,-1.000000,100,,NSE,1.000000,1000000,False
20479,766GJ30A-SG,766GJ30A,,-1.000000,100,,NSE,1.000000,991200,False
20488,ACCENTMIC-SM,ACCENTMIC,,-1.000000,500,,NSE,5.000000,137768,False
2056,HOMEFIRST-EQ,HOMEFIRST,,-1.000000,1,,NSE,10.000000,84351,False
20556,INDIASHLTR-EQ,INDIASHLTR,,-1.000000,1,,NSE,5.000000,153278,False
20572,635AP27-SG,635AP27,,-1.000000,100,,NSE,1.000000,972900,False
20575,721AP31-SG,721AP31,,-1.000000,100,,NSE,1.000000,938800,False
20590,803ABHF27-N2,803ABHF27,,-1.000000,1,,NSE,1.000000,931,False
20595,813ABHF28-N3,813ABHF28,,-1.000000,1,,NSE,1.000000,882,False
20612,850TPL26-N0,850TPL26,,-1.000000,1,,NSE,1.000000,817,False
20667,714GA30-SG,714GA30,,-1.000000,100,,NSE,1.000000,951014,False
2078,688MN31-SG,688MN31,,-1.000000,100,,NSE,1.000000,497040,False
20737,706AP30-SG,706AP30,,-1.000000,100,,NSE,1.000000,952300,False
20753,771HDFCB33-N0,771HDFCB33,,-1.000000,1,,NSE,1.000000,999,False
20841,765NBFID38-N0,765NBFID38,,-1.000000,1,,NSE,1.000000,999,False
20844,72HP35-SG,72HP35,,-1.000000,100,,NSE,1.000000,936900,False
20846,717HP30-SG,717HP30,,-1.000000,100,,NSE,1.000000,949000,False
20852,ZEELEARN-EQ,ZEELEARN,,-1.000000,1,,NSE,1.000000,10716813,False
20859,695HP33-SG,695HP33,,-1.000000,100,,NSE,1.000000,961900,False
20903,813PNBH33-N0,813PNBH33,,-1.000000,1,,NSE,1.000000,94,False
20948,762KL44-SG,762KL44,,-1.000000,100,,NSE,1.000000,999900,False
20917,724AS30-SG,724AS30,,-1.000000,100,,NSE,1.000000,944350,False
20921,654GA30-SG,654GA30,,-1.000000,100,,NSE,1.000000,327000,False
20942,767RJ33-SG,767RJ33,,-1.000000,100,,NSE,1.000000,1001485,False
2095,686TS41-SG,686TS41,,-1.000000,100,,NSE,1.000000,1000000,False
20973,VSCL-SM,VSCL,,-1.000000,3000,,NSE,5.000000,490500,False
21026,835SCL23A-YH,835SCL23A,,-1.000000,1,,NSE,1.000000,872,False
21048,8AS30-SG,8AS30,,-1.000000,100,,NSE,1.000000,901750,False
21162,695AS30-SG,695AS30,,-1.000000,100,,NSE,1.000000,959600,False
21221,9TCAP28-N9,9TCAP28,,-1.000000,1,,NSE,1.000000,9662,False
21164,774AP36A-SG,774AP36A,,-1.000000,100,,NSE,1.000000,1002500,False
21218,ACCORD-ST,ACCORD,,-1.000000,2000,,NSE,5.000000,126614,False
2124,MASTEK-EQ,MASTEK,,-1.000000,1,,NSE,10.000000,61474,False
21274,774KA36-SG,774KA36,,-1.000000,100,,NSE,1.000000,999900,False
21277,778PY36-SG,778PY36,,-1.000000,100,,NSE,1.000000,654000,False
21321,SEITINVIT-IV,SEITINVIT,,-1.000000,25000,,NSE,1.000000,806436,False
21383,PALASHSECU-EQ,PALASHSECU,,-1.000000,1,,NSE,1.000000,327101,False
21422,647GJ30-SG,647GJ30,,-1.000000,100,,NSE,1.000000,995850,False
21428,TATSILV-EQ,TATSILV,,-1.000000,1,,NSE,1.000000,4547224,False
21470,771REC27-NJ,771REC27,,-1.000000,1,,NSE,1.000000,1000,False
21494,764AP31-SG,764AP31,,-1.000000,100,,NSE,1.000000,999990,False
21496,768AS31-SG,768AS31,,-1.000000,100,,NSE,1.000000,999975,False
21502,767CG33-SG,767CG33,,-1.000000,100,,NSE,1.000000,1000000,False
21550,727AS29-SG,727AS29,,-1.000000,100,,NSE,1.000000,947200,False
21646,728JK30-SG,728JK30,,-1.000000,100,,NSE,1.000000,990060,False
21684,840TPL29-N3,840TPL29,,-1.000000,1,,NSE,1.000000,654,False
21690,DIXON-EQ,DIXON,,-1.000000,1,,NSE,100.000000,7391,True
21741,775SIDBI27-N1,775SIDBI27,,-1.000000,1,,NSE,1.000000,999,False
21786,672PN30-SG,672PN30,,-1.000000,100,,NSE,1.000000,977700,False
21789,697PN40-SG,697PN40,,-1.000000,100,,NSE,1.000000,949358,False
21856,763GJ33-SG,763GJ33,,-1.000000,100,,NSE,1.000000,978900,False
21893,722PN32-SG,722PN32,,-1.000000,100,,NSE,1.000000,940980,False
21905,810KL32-SG,810KL32,,-1.000000,100,,NSE,1.000000,885200,False
21944,70MH28-SG,70MH28,,-1.000000,100,,NSE,1.000000,956458,False
21959,NIFTYBETF-EQ,NIFTYBETF,,-1.000000,1,,NSE,1.000000,255408,False
21971,664MP30-SG,664MP30,,-1.000000,100,,NSE,1.000000,982300,False
21972,718MP30-SG,718MP30,,-1.000000,100,,NSE,1.000000,948400,False
21980,729MP30-SG,729MP30,,-1.000000,100,,NSE,1.000000,941400,False
2202,ONIDA-EQ,ONIDA,,-1.000000,1,,NSE,1.000000,3107328,False
21992,669MP30-SG,669MP30,,-1.000000,100,,NSE,1.000000,975500,False
21996,72NL29-SG,72NL29,,-1.000000,100,,NSE,1.000000,490500,False
22014,657MZ35-SG,657MZ35,,-1.000000,100,,NSE,1.000000,490500,False
2203,BIRET-RR,BIRET,,-1.000000,1,,NSE,1.000000,297927,False
22044,717RJ30-SG,717RJ30,,-1.000000,100,,NSE,1.000000,948300,False
22065,788RJ32-SG,788RJ32,,-1.000000,100,,NSE,1.000000,895700,False
22085,704UP30-SG,704UP30,,-1.000000,100,,NSE,1.000000,954600,False
22086,765UP30-SG,765UP30,,-1.000000,100,,NSE,1.000000,918400,False
22093,690UP30-SG,690UP30,,-1.000000,100,,NSE,1.000000,965000,False
22094,686UP30-SG,686UP30,,-1.000000,100,,NSE,1.000000,967800,False
22110,719TN35-SG,719TN35,,-1.000000,100,,NSE,1.000000,937600,False
22112,674TN50-SG,674TN50,,-1.000000,100,,NSE,1.000000,973750,False
22136,649TN50-SG,649TN50,,-1.000000,100,,NSE,1.000000,997250,False
22138,698TR30-SG,698TR30,,-1.000000,100,,NSE,1.000000,960774,False
22157,711CG30-SG,711CG30,,-1.000000,100,,NSE,1.000000,955000,False
22168,688UK30-SG,688UK30,,-1.000000,100,,NSE,1.000000,967300,False
22178,655WB30-SG,655WB30,,-1.000000,100,,NSE,1.000000,986600,False
22205,799TS30-SG,799TS30,,-1.000000,100,,NSE,1.000000,902740,False
22211,743TS54-SG,743TS54,,-1.000000,100,,NSE,1.000000,890400,False
22298,642PN30-SG,642PN30,,-1.000000,100,,NSE,1.000000,1000000,False
22303,646JK30-SG,646JK30,,-1.000000,100,,NSE,1.000000,1000000,False
22304,652TS50-SG,652TS50,,-1.000000,100,,NSE,1.000000,999900,False
22347,MACPOWER-EQ,MACPOWER,,-1.000000,1,,NSE,10.000000,54252,False
2236,702HP36-SG,702HP36,,-1.000000,100,,NSE,1.000000,1000000,False
22375,667TN50-SG,667TN50,,-1.000000,100,,NSE,1.000000,1000000,False
22468,ADDICTIVE-SM,ADDICTIVE,,-1.000000,500,,NSE,5.000000,520248,False
22494,765CG33-SG,765CG33,,-1.000000,100,,NSE,1.000000,1000000,False
22498,77SK34-SG,77SK34,,-1.000000,100,,NSE,1.000000,999999,False
2251,699RJ41-SG,699RJ41,,-1.000000,100,,NSE,1.000000,1000000,False
22517,FONEBOX-SM,FONEBOX,,-1.000000,1000,,NSE,5.000000,335502,False
22551,85CIFC27-NL,85CIFC27,,-1.000000,1,,NSE,1.000000,96040,False
22558,CIF29-NO,CIF29,,-1.000000,1,,NSE,1.000000,847,False
22566,BLSE-EQ,BLSE,,-1.000000,1,,NSE,5.000000,319633,False
22575,837SMFG29-N2,837SMFG29,,-1.000000,1,,NSE,1.000000,179,False
22635,8ABHF34-N4,8ABHF34,,-1.000000,1,,NSE,1.000000,999,False
22661,745EXIM28-N0,745EXIM28,,-1.000000,1,,NSE,1.000000,1000,False
22663,JSFB-EQ,JSFB,,-1.000000,1,,NSE,5.000000,193406,False
22680,NDRINVIT-IV,NDRINVIT,,-1.000000,25000,,NSE,1.000000,689348,False
22697,742GJ33-SG,742GJ33,,-1.000000,100,,NSE,1.000000,1038200,False
22703,748WB43-SG,748WB43,,-1.000000,100,,NSE,1.000000,1000000,False
22751,746MH35-SG,746MH35,,-1.000000,100,,NSE,1.000000,1075200,False
22752,747MH36-SG,747MH36,,-1.000000,100,,NSE,1.000000,989550,False
22793,760PFC29-N0,760PFC29,,-1.000000,1,,NSE,1.000000,999,False
22850,BSLIQPIRDP-MF,BSLIQPIRDP,,-1.000000,1,,NSE,1.000000,670,False
22891,832TPL27-N5,832TPL27,,-1.000000,1,,NSE,1.000000,572,False
22895,832TPL29-N7,832TPL29,,-1.000000,1,,NSE,1.000000,572,False
22930,PLATIND-EQ,PLATIND,,-1.000000,1,,NSE,1.000000,452361,False
22991,742AS34-SG,742AS34,,-1.000000,100,,NSE,1.000000,1030900,False
23043,RKSWAMY-EQ,RKSWAMY,,-1.000000,1,,NSE,1.000000,1075922,False
23050,740EXIM29-N1,740EXIM29,,-1.000000,1,,NSE,1.000000,1000,False
2306,BESTAGRO-EQ,BESTAGRO,,-1.000000,1,,NSE,1.000000,5249132,False
23099,738KL44-SG,738KL44,,-1.000000,100,,NSE,1.000000,1000000,False
23109,755PFC27-NA,755PFC27,,-1.000000,1,,NSE,1.000000,999,False
23157,746IRFC29-NS,746IRFC29,,-1.000000,1,,NSE,1.000000,999,False
23159,AVPINFRA-SM,AVPINFRA,,-1.000000,800,,NSE,5.000000,816819,False
23192,747CG33-SG,747CG33,,-1.000000,100,,NSE,1.000000,1000000,False
23203,748UP36-SG,748UP36,,-1.000000,100,,NSE,1.000000,1020300,False
23204,75MN36-SG,75MN36,,-1.000000,100,,NSE,1.000000,654000,False
23207,748RJ37-SG,748RJ37,,-1.000000,100,,NSE,1.000000,999900,False
23218,742KL64-SG,742KL64,,-1.000000,100,,NSE,1.000000,999908,False
23250,759IRDA34-NC,759IRDA34,,-1.000000,1,,NSE,1.000000,999,False
23293,990SCL27-YT,990SCL27,,-1.000000,1,,NSE,1.000000,5118,False
23332,75MH44-SG,75MH44,,-1.000000,100,,NSE,1.000000,1000000,False
23336,753KL50-SG,753KL50,,-1.000000,100,,NSE,1.000000,999912,False
23352,75MN36A-SG,75MN36A,,-1.000000,100,,NSE,1.000000,412020,False
23402,SRM-EQ,SRM,,-1.000000,1,,NSE,5.000000,227606,False
23425,746AP44-SG,746AP44,,-1.000000,100,,NSE,1.000000,1000000,False
23432,744MH42-SG,744MH42,,-1.000000,100,,NSE,1.000000,1000000,False
23433,746AP42-SG,746AP42,,-1.000000,100,,NSE,1.000000,1000000,False
23445,RADIOWALLA-ST,RADIOWALLA,,-1.000000,1600,,NSE,5.000000,230477,False
23446,171NSETEST-EQ,171NSETEST,,-1.000000,1,,NSE,5.000000,500000,False
23507,UEL-EQ,UEL,,-1.000000,1,,NSE,1.000000,483760,False
23547,748HR34-SG,748HR34,,-1.000000,100,,NSE,1.000000,1000000,False
23571,755PGCI34-N2,755PGCI34,,-1.000000,1,,NSE,1.000000,1249,False
23604,1035CCSP27-N3,1035CCSP27,,-1.000000,1,,NSE,1.000000,163,False
23607,BALUFORGE-EQ,BALUFORGE,,-1.000000,1,,NSE,5.000000,187421,False
23628,AAFS27B-N3,AAFS27B,,-1.000000,1,,NSE,1.000000,999,False
23634,753AP36-SG,753AP36,,-1.000000,100,,NSE,1.000000,1000000,False
23635,753PN36-SG,753PN36,,-1.000000,100,,NSE,1.000000,1000000,False
23636,753PN37-SG,753PN37,,-1.000000,100,,NSE,1.000000,999950,False
23637,752RJ37-SG,752RJ37,,-1.000000,100,,NSE,1.000000,1000000,False
23647,FILATFASH-EQ,FILATFASH,,-1.000000,1,,NSE,1.000000,272524178,False
23680,742AP43A-SG,742AP43A,,-1.000000,100,,NSE,1.000000,1000000,False
23681,742AP44-SG,742AP44,,-1.000000,100,,NSE,1.000000,1000000,False
23758,742AP46-SG,742AP46,,-1.000000,100,,NSE,1.000000,1000000,False
23764,PRLIND-SM,PRLIND,,-1.000000,1000,,NSE,5.000000,747605,False
23783,ABSMARINE-SM,ABSMARINE,,-1.000000,500,,NSE,5.000000,316449,False
23806,ABSLPSE-EQ,ABSLPSE,,-1.000000,1,,NSE,1.000000,732513,False
2384,719SK31-SG,719SK31,,-1.000000,100,,NSE,1.000000,327000,False
23809,8137TCL24-NH,8137TCL24,,-1.000000,1,,NSE,1.000000,999,False
23854,702GS2027-GS,702GS2027,,-1.000000,1,,NSE,1.000000,979799,False
2388,NELCO-EQ,NELCO,,-1.000000,1,,NSE,5.000000,105557,False
23871,737AS34-SG,737AS34,,-1.000000,100,,NSE,1.000000,1000000,False
23879,737RJ39-SG,737RJ39,,-1.000000,100,,NSE,1.000000,1000000,False
24026,KRONOX-BE,KRONOX,,-1.000000,1,,NSE,1.000000,568433,False
24077,MID150CASE-EQ,MID150CASE,,-1.000000,1,,NSE,1.000000,7643432,False
24089,805TCHFL29-NG,805TCHFL29,,-1.000000,1,,NSE,1.000000,999,False
24105,733JK51-SG,733JK51,,-1.000000,100,,NSE,1.000000,1000000,False
24137,957IIFLS27-NA,957IIFLS27,,-1.000000,1,,NSE,1.000000,4296,False
24143,1050IIFL29-ND,1050IIFL29,,-1.000000,1,,NSE,1.000000,4863,False
24184,PIIND-EQ,PIIND,,-1.000000,1,,NSE,10.000000,44149,True
24196,VADILALIND-EQ,VADILALIND,,-1.000000,1,,NSE,50.000000,14361,False
24239,MEDIORG-SM,MEDIORG,,-1.000000,2000,,NSE,5.000000,397825,False
24249,SPCL-SM,SPCL,,-1.000000,600,,NSE,5.000000,788585,False
24286,DPEL-SM,DPEL,,-1.000000,500,,NSE,5.000000,157479,False
24298,NXT-INFRA-IV,NXT-INFRA,,-1.000000,25000,,NSE,1.000000,1041290,False
2433,NIRLON-EQ,NIRLON,,-1.000000,1,,NSE,5.000000,164555,False
24321,VRAJ-EQ,VRAJ,,-1.000000,1,,NSE,1.000000,796794,False
24337,736TS37-SG,736TS37,,-1.000000,100,,NSE,1.000000,1000000,False
24350,NEPHROCARE-SM,NEPHROCARE,,-1.000000,400,,NSE,5.000000,539105,False
24374,LIQUIDSHRI-EQ,LIQUIDSHRI,,-1.000000,1,,NSE,1.000000,9509,False
24409,DHANUKA-EQ,DHANUKA,,-1.000000,1,,NSE,5.000000,102012,False
24419,733GA39-SG,733GA39,,-1.000000,100,,NSE,1.000000,327000,False
24464,817ABHF27-N0,817ABHF27,,-1.000000,1,,NSE,1.000000,1000,False
24492,735JK51-SG,735JK51,,-1.000000,100,,NSE,1.000000,1000000,False
24545,MACOBSTECH-SM,MACOBSTECH,,-1.000000,800,,NSE,5.000000,320303,False
24562,733TN32-SG,733TN32,,-1.000000,100,,NSE,1.000000,1000000,False
24642,TROM-SM,TROM,,-1.000000,600,,NSE,5.000000,300672,False
24651,730MH38-SG,730MH38,,-1.000000,100,,NSE,1.000000,999900,False
24655,735WB43-SG,735WB43,,-1.000000,100,,NSE,1.000000,1058200,False
24663,730KL52-SG,730KL52,,-1.000000,100,,NSE,1.000000,1000000,False
24726,UTSSAV-SM,UTSSAV,,-1.000000,600,,NSE,5.000000,188161,False
24747,DHARIWAL-SM,DHARIWAL,,-1.000000,3000,,NSE,5.000000,3074257,False
24759,727MH44-SG,727MH44,,-1.000000,100,,NSE,1.000000,999900,False
24796,828PHFL26-N0,828PHFL26,,-1.000000,1,,NSE,1.000000,999,False
24819,849ABSLI34-N0,849ABSLI34,,-1.000000,1,,NSE,1.000000,817,False
24870,INVENTURE-EQ,INVENTURE,,-1.000000,1,,NSE,1.000000,34335000,False
24877,AAFS28A-N0,AAFS28A,,-1.000000,1,,NSE,1.000000,360,False
24891,722MH50-SG,722MH50,,-1.000000,100,,NSE,1.000000,999900,False
24924,ELGIRUBCO-EQ,ELGIRUBCO,,-1.000000,1,,NSE,1.000000,1636635,False
24961,ORIENTTECH-EQ,ORIENTTECH,,-1.000000,1,,NSE,1.000000,400572,False
24985,726PN36-SG,726PN36,,-1.000000,100,,NSE,1.000000,999900,False
24986,726PN37-SG,726PN37,,-1.000000,100,,NSE,1.000000,1000000,False
24993,725MH44-SG,725MH44,,-1.000000,100,,NSE,1.000000,999900,False
25006,706TN29-SG,706TN29,,-1.000000,100,,NSE,1.000000,1030900,False
25014,722HPCL29-N0,722HPCL29,,-1.000000,1,,NSE,1.000000,1000,False
25054,VDEAL-SM,VDEAL,,-1.000000,600,,NSE,5.000000,159918,False
25078,772TIL34-N0,772TIL34,,-1.000000,1,,NSE,1.000000,999,False
25102,725WB45-SG,725WB45,,-1.000000,100,,NSE,1.000000,1000000,False
2513,BCLIND-EQ,BCLIND,,-1.000000,1,,NSE,1.000000,2925659,False
25103,725TS46-SG,725TS46,,-1.000000,100,,NSE,1.000000,1000000,False
25151,799LTFH27-N0,799LTFH27,,-1.000000,1,,NSE,1.000000,572,False
25155,980SFIL29-N0,980SFIL29,,-1.000000,1,,NSE,1.000000,98,False
25217,722TN54A-SG,722TN54A,,-1.000000,100,,NSE,1.000000,1052600,False
25244,GAJANAND-SM,GAJANAND,,-1.000000,3000,,NSE,5.000000,615923,False
25312,PNGJL-EQ,PNGJL,,-1.000000,1,,NSE,5.000000,162953,False
25355,713AS34-SG,713AS34,,-1.000000,100,,NSE,1.000000,1000000,False
25398,ARKADE-EQ,ARKADE,,-1.000000,1,,NSE,1.000000,819333,False
25426,NORTHARC-EQ,NORTHARC,,-1.000000,1,,NSE,5.000000,327749,False
25468,PAISALO-EQ,PAISALO,,-1.000000,1,,NSE,1.000000,1186926,False
25475,715RJ42-SG,715RJ42,,-1.000000,100,,NSE,1.000000,1000000,False
25476,712MH43-SG,712MH43,,-1.000000,100,,NSE,1.000000,999900,False
25499,711MH36-SG,711MH36,,-1.000000,100,,NSE,1.000000,999900,False
25503,INDOUS-EQ,INDOUS,,-1.000000,1,,NSE,1.000000,655700,False
25508,824PHFL28-N0,824PHFL28,,-1.000000,1,,NSE,1.000000,1000,False
25510,MOTHERSON-D1,MOTHERSON,,-1.000000,1,,NSE,5.000000,999,False
25528,SDREAMS-SM,SDREAMS,,-1.000000,1000,,NSE,5.000000,612222,False
25560,925SCL29C-N1,925SCL29C,,-1.000000,1,,NSE,1.000000,81,False
25574,SHAKTIPUMP-EQ,SHAKTIPUMP,,-1.000000,1,,NSE,5.000000,202496,False
25575,1025SCL34B-N1,1025SCL34B,,-1.000000,1,,NSE,1.000000,4853,False
25633,UNILEX-SM,UNILEX,,-1.000000,1600,,NSE,5.000000,445275,False
25634,ESSARSHPNG-EQ,ESSARSHPNG,,-1.000000,1,,NSE,1.000000,6131045,False
25657,975PCPL27A-N0,975PCPL27A,,-1.000000,1,,NSE,1.000000,670,False
25697,715WB44A-SG,715WB44A,,-1.000000,100,,NSE,1.000000,999950,False
25698,714AP48-SG,714AP48,,-1.000000,100,,NSE,1.000000,1000000,False
25699,69KA27-SG,69KA27,,-1.000000,100,,NSE,1.000000,1000000,False
25701,711BR33A-SG,711BR33A,,-1.000000,100,,NSE,1.000000,1000000,False
25703,712ML34-SG,712ML34,,-1.000000,100,,NSE,1.000000,644190,False
25737,SRD-EQ,SRD,,-1.000000,1,,NSE,1.000000,2091713,False
25768,714BR33-SG,714BR33,,-1.000000,100,,NSE,1.000000,1000000,False
25782,814TPL27-N0,814TPL27,,-1.000000,1,,NSE,1.000000,1000,False
25786,KANANIIND-EQ,KANANIIND,,-1.000000,1,,NSE,1.000000,6470283,False
25834,711TS45-SG,711TS45,,-1.000000,100,,NSE,1.000000,1000000,False
25860,LAKSHYA-SM,LAKSHYA,,-1.000000,800,,NSE,5.000000,329744,False
25878,ANKITMETAL-BZ,ANKITMETAL,,-1.000000,1,,NSE,1.000000,4614313,False
25938,UHTL-ST,UHTL,,-1.000000,2000,,NSE,5.000000,572229,False
25948,765SHFL29-N0,765SHFL29,,-1.000000,1,,NSE,1.000000,981,False
25996,EMULTIMQ-EQ,EMULTIMQ,,-1.000000,1,,NSE,1.000000,245819,False
263,ATUL-EQ,ATUL,,-1.000000,1,,NSE,50.000000,15986,False
2688,728JH36-SG,728JH36,,-1.000000,100,,NSE,1.000000,1000000,False
2693,724KA38-SG,724KA38,,-1.000000,100,,NSE,1.000000,1011900,False
27003,712TN34A-SG,712TN34A,,-1.000000,100,,NSE,1.000000,1052600,False
27016,ABINFRA-BE,ABINFRA,,-1.000000,1,,NSE,1.000000,8817848,False
27027,825BTL27-N0,825BTL27,,-1.000000,1,,NSE,1.000000,1000,False
27037,TBZ-EQ,TBZ,,-1.000000,1,,NSE,5.000000,189982,False
27066,SWIGGY-EQ,SWIGGY,,-1.000000,1,,NSE,5.000000,358840,True
27092,850CIFL34-N0,850CIFL34,,-1.000000,1,,NSE,1.000000,999,False
27161,CINELINE-EQ,CINELINE,,-1.000000,1,,NSE,1.000000,1038307,False
27170,709GS2074-GS,709GS2074,,-1.000000,1,,NSE,1.000000,1051000,False
27183,705GJ29-SG,705GJ29,,-1.000000,100,,NSE,1.000000,1000000,False
27184,707KA29-SG,707KA29,,-1.000000,100,,NSE,1.000000,1000000,False
27187,714AP34A-SG,714AP34A,,-1.000000,100,,NSE,1.000000,1000000,False
27190,714TN34-SG,714TN34,,-1.000000,100,,NSE,1.000000,1000000,False
27203,718AP40A-SG,718AP40A,,-1.000000,100,,NSE,1.000000,1000000,False
27206,716MP44-SG,716MP44,,-1.000000,100,,NSE,1.000000,1000000,False
27313,711HP34-SG,711HP34,,-1.000000,100,,NSE,1.000000,1000000,False
27317,710JK44-SG,710JK44,,-1.000000,100,,NSE,1.000000,1000000,False
27327,704GJ32-SG,704GJ32,,-1.000000,100,,NSE,1.000000,961400,False
27328,710AP34-SG,710AP34,,-1.000000,100,,NSE,1.000000,999990,False
2735,699KA28-SG,699KA28,,-1.000000,100,,NSE,1.000000,1000000,False
2739,PRSMJOHNSN-EQ,PRSMJOHNSN,,-1.000000,1,,NSE,1.000000,881880,False
2743,714HR31-SG,714HR31,,-1.000000,100,,NSE,1.000000,1000000,False
27421,935TSIIC28-N0,935TSIIC28,,-1.000000,1,,NSE,1.000000,971,False
27448,935TSI30-N0,935TSI30,,-1.000000,1,,NSE,1.000000,941,False
27553,935TSI31-N0,935TSI31,,-1.000000,1,,NSE,1.000000,960,False
27688,708JK46-SG,708JK46,,-1.000000,100,,NSE,1.000000,1000000,False
27754,INNOVANA-EQ,INNOVANA,,-1.000000,1,,NSE,5.000000,305809,False
2809,RAJSREESUG-EQ,RAJSREESUG,,-1.000000,1,,NSE,1.000000,1083534,False
28226,712HP36-SG,712HP36,,-1.000000,100,,NSE,1.000000,1000000,False
28278,710JK49-SG,710JK49,,-1.000000,100,,NSE,1.000000,1000000,False
28314,ANUHPHR-EQ,ANUHPHR,,-1.000000,1,,NSE,1.000000,1054156,False
2839,MAHICKRA-SM,MAHICKRA,,-1.000000,750,,NSE,5.000000,319672,False
2844,RANEHOLDIN-EQ,RANEHOLDIN,,-1.000000,1,,NSE,10.000000,58953,False
28479,710RECL35-N0,710RECL35,,-1.000000,1,,NSE,1.000000,999,False
28795,748SIDBI29-N0,748SIDBI29,,-1.000000,1,,NSE,1.000000,999,False
28819,717MP41-SG,717MP41,,-1.000000,100,,NSE,1.000000,1000000,False
28824,703TN29A-SG,703TN29A,,-1.000000,100,,NSE,1.000000,1000000,False
28829,716WB39-SG,716WB39,,-1.000000,100,,NSE,1.000000,1000000,False
28894,679GS2031-GS,679GS2031,,-1.000000,1,,NSE,1.000000,990000,False
28901,925SCL26W-N1,925SCL26W,,-1.000000,1,,NSE,1.000000,1625,False
28920,902SCL27Q-N1,902SCL27Q,,-1.000000,1,,NSE,1.000000,7213,False
28952,DUCON-EQ,DUCON,,-1.000000,1,,NSE,1.000000,18798194,False
28981,819CIFL26-N0,819CIFL26,,-1.000000,1,,NSE,1.000000,1000,False
28992,717AP37-SG,717AP37,,-1.000000,100,,NSE,1.000000,999900,False
28996,718HR38-SG,718HR38,,-1.000000,100,,NSE,1.000000,1000000,False
29002,715KA42-SG,715KA42,,-1.000000,100,,NSE,1.000000,1000000,False
2901,672KL27-SG,672KL27,,-1.000000,100,,NSE,1.000000,993000,False
29008,TVSHLTD-EQ,TVSHLTD,,-1.000000,1,,NSE,100.000000,7667,False
29037,930PFL27-N0,930PFL27,,-1.000000,1,,NSE,1.000000,817,False
2909,RICOAUTO-EQ,RICOAUTO,,-1.000000,1,,NSE,1.000000,745285,False
29048,710KA32-SG,710KA32,,-1.000000,100,,NSE,1.000000,999903,False
29064,714MH43-SG,714MH43,,-1.000000,100,,NSE,1.000000,1000000,False
29096,830TPL28-N0,830TPL28,,-1.000000,1,,NSE,1.000000,817,False
29105,995SCL35-N0,995SCL35,,-1.000000,1,,NSE,1.000000,114,False
29107,722GJ35-SG,722GJ35,,-1.000000,100,,NSE,1.000000,1052600,False
29114,722KA36-SG,722KA36,,-1.000000,100,,NSE,1.000000,1052600,False
29122,723MZ40-SG,723MZ40,,-1.000000,100,,NSE,1.000000,389130,False
29171,LAXMIDENTL-EQ,LAXMIDENTL,,-1.000000,1,,NSE,1.000000,492955,False
29190,78537ABH30-N0,78537ABH30,,-1.000000,1,,NSE,1.000000,999,False
29192,KKJEWELS-SM,KKJEWELS,,-1.000000,1000,,NSE,5.000000,342859,False
29196,728IREDA35-N0,728IREDA35,,-1.000000,1,,NSE,1.000000,999,False
29251,ITCHOTELS-EQ,ITCHOTELS,,-1.000000,1,,NSE,1.000000,649888,False
29264,735EXIM28-N0,735EXIM28,,-1.000000,1,,NSE,1.000000,1000,False
29270,REXPRO-SM,REXPRO,,-1.000000,1000,,NSE,5.000000,366451,False
29279,705GJ34-SG,705GJ34,,-1.000000,100,,NSE,1.000000,1000000,False
2937,685ML31-SG,685ML31,,-1.000000,100,,NSE,1.000000,333540,False
29281,703GJ35-SG,703GJ35,,-1.000000,100,,NSE,1.000000,1000000,False
29286,713WB42-SG,713WB42,,-1.000000,100,,NSE,1.000000,1000000,False
29292,711TN45-SG,711TN45,,-1.000000,100,,NSE,1.000000,1000000,False
29487,NIBE-EQ,NIBE,,-1.000000,1,,NSE,10.000000,77978,False
29423,MOHITIND-EQ,MOHITIND,,-1.000000,1,,NSE,1.000000,462952,False
29452,AGARWALEYE-EQ,AGARWALEYE,,-1.000000,1,,NSE,5.000000,196529,False
29505,711AP38B-SG,711AP38B,,-1.000000,100,,NSE,1.000000,1000000,False
29551,775CIT38-N0,775CIT38,,-1.000000,1,,NSE,1.000000,1262,False
29557,790ABHFL27-N0,790ABHFL27,,-1.000000,1,,NSE,1.000000,1000,False
29559,786ABHFL28-N0,786ABHFL28,,-1.000000,1,,NSE,1.000000,1000,False
29590,JUBLCPL-EQ,JUBLCPL,,-1.000000,1,,NSE,10.000000,47472,False
29629,728RECL40-N0,728RECL40,,-1.000000,1,,NSE,1.000000,999,False
29645,MAXVOLT-SM,MAXVOLT,,-1.000000,400,,NSE,5.000000,286358,False
29702,718BR45B-SG,718BR45B,,-1.000000,100,,NSE,1.000000,1000000,False
2987,NAZARA-EQ,NAZARA,,-1.000000,1,,NSE,5.000000,269698,False
29711,QPOWER-EQ,QPOWER,,-1.000000,1,,NSE,10.000000,70086,False
29742,7645LICH30-N0,7645LICH30,,-1.000000,1,,NSE,1.000000,1000,False
29941,72TN55-SG,72TN55,,-1.000000,100,,NSE,1.000000,1000000,False
30000,722TN33-SG,722TN33,,-1.000000,100,,NSE,1.000000,1000000,False
30001,722AP34-SG,722AP34,,-1.000000,100,,NSE,1.000000,1000000,False
30004,734AS35-SG,734AS35,,-1.000000,100,,NSE,1.000000,999990,False
30089,ORIENTCEM-EQ,ORIENTCEM,,-1.000000,1,,NSE,1.000000,796157,False
30165,718TN45-SG,718TN45,,-1.000000,100,,NSE,1.000000,1000000,False
30175,689TN28-SG,689TN28,,-1.000000,100,,NSE,1.000000,1000000,False
30180,717UK32-SG,717UK32,,-1.000000,100,,NSE,1.000000,1000000,False
30183,717UP33-SG,717UP33,,-1.000000,100,,NSE,1.000000,1000000,False
30204,1025SCL35A-N1,1025SCL35A,,-1.000000,1,,NSE,1.000000,3117,False
30208,940SCL28-N1,940SCL28,,-1.000000,1,,NSE,1.000000,3,False
3021,SOTL-EQ,SOTL,,-1.000000,1,,NSE,5.000000,139589,False
30220,925SCL27B-N1,925SCL27B,,-1.000000,1,,NSE,1.000000,2378,False
30254,835GFL28-N0,835GFL28,,-1.000000,1,,NSE,1.000000,654,False
30262,DIVINEHIRA-ST,DIVINEHIRA,,-1.000000,1200,,NSE,5.000000,889642,False
30289,GCHOTELS-ST,GCHOTELS,,-1.000000,600,,NSE,5.000000,814864,False
30417,702AS30A-SG,702AS30A,,-1.000000,100,,NSE,1.000000,1000000,False
30421,705UK32-SG,705UK32,,-1.000000,100,,NSE,1.000000,1000000,False
30433,705OR35-SG,705OR35,,-1.000000,100,,NSE,1.000000,1000000,False
30464,ACTIVEINFR-SM,ACTIVEINFR,,-1.000000,600,,NSE,5.000000,490991,False
30487,717IRFC35-N0,717IRFC35,,-1.000000,1,,NSE,1.000000,999,False
30492,819CIFL27-N0,819CIFL27,,-1.000000,1,,NSE,1.000000,999,False
30558,MHLSRG-SF,MHLSRG,,-1.000000,1,,NSE,1.000000,9999469,False
3079,698PY33-SG,698PY33,,-1.000000,100,,NSE,1.000000,784800,False
3085,682PN36-SG,682PN36,,-1.000000,100,,NSE,1.000000,999910,False
3099,SHREDIGCEM-EQ,SHREDIGCEM,,-1.000000,1,,NSE,1.000000,1460061,False
30835,PILITA-EQ,PILITA,,-1.000000,1,,NSE,1.000000,7684500,False
31128,810IRFC27-N2,810IRFC27,,-1.000000,1,,NSE,1.000000,92337,False
31483,854NHPC28-N2,854NHPC28,,-1.000000,1,,NSE,1.000000,69689,False
319,695PN40-SG,695PN40,,-1.000000,100,,NSE,1.000000,999960,False
3149,BORORENEW-EQ,BORORENEW,,-1.000000,1,,NSE,5.000000,201727,False
31487,892NHPC33-N6,892NHPC33,,-1.000000,1,,NSE,1.000000,79049,False
3339,SUNDARMFIN-EQ,SUNDARMFIN,,-1.000000,1,,NSE,10.000000,21220,False
3373,678RJ31A-SG,678RJ31A,,-1.000000,100,,NSE,1.000000,999900,False
3384,SWARAJENG-EQ,SWARAJENG,,-1.000000,1,,NSE,10.000000,27956,False
3411,TATAELXSI-EQ,TATAELXSI,,-1.000000,1,,NSE,10.000000,29528,True
3426,TATAPOWER-EQ,TATAPOWER,,-1.000000,1,,NSE,5.000000,271603,True
3464,82IGT31-NJ,82IGT31,,-1.000000,1,,NSE,1.000000,96342,False
3513,694AP37-SG,694AP37,,-1.000000,100,,NSE,1.000000,1000000,False
3553,EQUIPPP-BE,EQUIPPP,,-1.000000,1,,NSE,1.000000,3371213,False
3575,696AP35-SG,696AP35,,-1.000000,100,,NSE,1.000000,1000000,False
3656,684KL33-SG,684KL33,,-1.000000,100,,NSE,1.000000,1000000,False
3694,VINDHYATEL-EQ,VINDHYATEL,,-1.000000,1,,NSE,10.000000,35540,False
3594,UNITECH-EQ,UNITECH,,-1.000000,1,,NSE,1.000000,23978399,False
3696,695HR33-SG,695HR33,,-1.000000,100,,NSE,1.000000,1000000,False
3743,SGBJUN29II-GB,SGBJUN29II,,-1.000000,1,,NSE,1.000000,6640,False
3744,FINEORG-EQ,FINEORG,,-1.000000,1,,NSE,50.000000,19346,False
41,687AP38-SG,687AP38,,-1.000000,100,,NSE,1.000000,1000000,False
3762,701AP39-SG,701AP39,,-1.000000,100,,NSE,1.000000,1000000,False
3880,SOMANYCERA-EQ,SOMANYCERA,,-1.000000,1,,NSE,5.000000,176888,False
4037,AUSOMENT-EQ,AUSOMENT,,-1.000000,1,,NSE,1.000000,445490,False
4214,UCL-ST,UCL,,-1.000000,2000,,NSE,5.000000,416739,False
4288,943ECL28-NJ,943ECL28,,-1.000000,1,,NSE,1.000000,19334,False
4394,MIRZAINT-EQ,MIRZAINT,,-1.000000,1,,NSE,1.000000,3264743,False
4136,BIOFILCHEM-EQ,BIOFILCHEM,,-1.000000,1,,NSE,1.000000,532153,False
446,69HP30-SG,69HP30,,-1.000000,100,,NSE,1.000000,1000000,False
4444,HAWKINCOOK-EQ,HAWKINCOOK,,-1.000000,1,,NSE,50.000000,11887,False
4546,GS220840C-GS,GS220840C,,-1.000000,100,,NSE,1.000000,55263,False
4575,675GJ31-SG,675GJ31,,-1.000000,100,,NSE,1.000000,1000000,False
466,705MH32-SG,705MH32,,-1.000000,100,,NSE,1.000000,999900,False
467,HDFCLIFE-EQ,HDFCLIFE,,-1.000000,1,,NSE,5.000000,187741,True
4656,SBCL-EQ,SBCL,,-1.000000,1,,NSE,10.000000,91993,False
4764,69RJ32-SG,69RJ32,,-1.000000,100,,NSE,1.000000,1000000,False
482,AISL-SM,AISL,,-1.000000,600,,NSE,5.000000,382171,False
4793,706KL41-SG,706KL41,,-1.000000,100,,NSE,1.000000,1000000,False
4869,713RJ41-SG,713RJ41,,-1.000000,100,,NSE,1.000000,1004400,False
4883,695MH32-SG,695MH32,,-1.000000,100,,NSE,1.000000,1000000,False
4885,70MN31-SG,70MN31,,-1.000000,100,,NSE,1.000000,654000,False
4894,71JK33-SG,71JK33,,-1.000000,100,,NSE,1.000000,999990,False
4973,PHARMABEES-EQ,PHARMABEES,,-1.000000,1,,NSE,1.000000,3664255,False
4992,SHARDACROP-EQ,SHARDACROP,,-1.000000,1,,NSE,5.000000,130549,False
507,PULZ-SM,PULZ,,-1.000000,2000,,NSE,5.000000,713121,False
4994,695TN31A-SG,695TN31A,,-1.000000,100,,NSE,1.000000,1024100,False
5035,695MH31-SG,695MH31,,-1.000000,100,,NSE,1.000000,1052625,False
5036,70RJ31-SG,70RJ31,,-1.000000,100,,NSE,1.000000,999960,False
513,BOMDYEING-EQ,BOMDYEING,,-1.000000,1,,NSE,1.000000,898633,False
5113,SGBJUL29IV-GB,SGBJUL29IV,,-1.000000,1,,NSE,1.000000,6660,False
5229,698HR31-SG,698HR31,,-1.000000,100,,NSE,1.000000,1046550,False
5359,KRSNAA-EQ,KRSNAA,,-1.000000,1,,NSE,5.000000,181786,False
5382,EPIGRAL-EQ,EPIGRAL,,-1.000000,1,,NSE,10.000000,88396,False
5401,NGIL-EQ,NGIL,,-1.000000,1,,NSE,1.000000,573494,False
5526,705TS35-SG,705TS35,,-1.000000,100,,NSE,1.000000,1000000,False
5542,712WB51-SG,712WB51,,-1.000000,100,,NSE,1.000000,999900,False
5551,ABMINTLLTD-BE,ABMINTLLTD,,-1.000000,1,,NSE,1.000000,307641,False
5561,687RJ31-SG,687RJ31,,-1.000000,100,,NSE,1.000000,1000000,False
5568,70TS36-SG,70TS36,,-1.000000,100,,NSE,1.000000,999900,False
5670,687AS31-SG,687AS31,,-1.000000,100,,NSE,1.000000,999960,False
5671,653CG28-SG,653CG28,,-1.000000,100,,NSE,1.000000,1033000,False
5897,694AP41-SG,694AP41,,-1.000000,100,,NSE,1.000000,1000000,False
5886,694RJ33-SG,694RJ33,,-1.000000,100,,NSE,1.000000,1000000,False
5995,691RJ31B-SG,691RJ31B,,-1.000000,100,,NSE,1.000000,1000000,False
593,661KA30-SG,661KA30,,-1.000000,100,,NSE,1.000000,1000000,False
5911,PARAS-EQ,PARAS,,-1.000000,1,,NSE,10.000000,69627,False
5972,689GA31A-SG,689GA31A,,-1.000000,100,,NSE,1.000000,327000,False
6087,DESTINY-SM,DESTINY,,-1.000000,1500,,NSE,5.000000,733232,False
6104,703KA32-SG,703KA32,,-1.000000,100,,NSE,1.000000,1000000,False
6248,PREMIER-BE,PREMIER,,-1.000000,1,,NSE,1.000000,993183,False
629,691MP40-SG,691MP40,,-1.000000,100,,NSE,1.000000,1000000,False
6278,MEDICAMEQ-EQ,MEDICAMEQ,,-1.000000,1,,NSE,5.000000,309544,False
6330,699AS31-SG,699AS31,,-1.000000,100,,NSE,1.000000,1000000,False
634,IGARASHI-EQ,IGARASHI,,-1.000000,1,,NSE,5.000000,241350,False
6481,696TN31-SG,696TN31,,-1.000000,100,,NSE,1.000000,1000000,False
6484,706JK33-SG,706JK33,,-1.000000,100,,NSE,1.000000,1000000,False
6564,70AP39B-SG,70AP39B,,-1.000000,100,,NSE,1.000000,1000000,False
6848,GREENLAM-EQ,GREENLAM,,-1.000000,1,,NSE,1.000000,426096,False
6879,691HP31-SG,691HP31,,-1.000000,100,,NSE,1.000000,1000000,False
6921,828GS2027-GS,828GS2027,,-1.000000,1,,NSE,1.000000,624765,False
703,DICIND-EQ,DICIND,,-1.000000,1,,NSE,5.000000,166084,False
7013,883GS2041-GS,883GS2041,,-1.000000,1,,NSE,1.000000,864000,False
7087,923GS2043-GS,923GS2043,,-1.000000,1,,NSE,1.000000,866247,False
7124,813GS2045-GS,813GS2045,,-1.000000,1,,NSE,1.000000,883500,False
7145,ANANDRATHI-EQ,ANANDRATHI,,-1.000000,1,,NSE,10.000000,45163,False
7177,RATEGAIN-EQ,RATEGAIN,,-1.000000,1,,NSE,5.000000,113806,False
7229,HCLTECH-EQ,HCLTECH,,-1.000000,1,,NSE,10.000000,81409,True
739,COROMANDEL-EQ,COROMANDEL,,-1.000000,1,,NSE,10.000000,51627,False
7305,702KA33-SG,702KA33,,-1.000000,100,,NSE,1.000000,1000000,False
7390,SUPRIYA-EQ,SUPRIYA,,-1.000000,1,,NSE,5.000000,110824,False
7406,GLENMARK-EQ,GLENMARK,,-1.000000,1,,NSE,10.000000,41201,True
7480,BLUECOAST-EQ,BLUECOAST,,-1.000000,1,,NSE,1.000000,643521,False
7535,705UK31-SG,705UK31,,-1.000000,100,,NSE,1.000000,1000000,False
753933,18MVL31-N0,18MVL31,,-1.000000,1,,NSE,1.000000,163,False
754670,815SICC29-N0,815SICC29,,-1.000000,1,,NSE,1.000000,999,False
755074,AAFS32-N0,AAFS32,,-1.000000,1,,NSE,1.000000,770,False
755092,AVIENCE-SM,AVIENCE,,-1.000000,600,,NSE,5.000000,179361,False
755855,683JK42-SG,683JK42,,-1.000000,100,,NSE,1.000000,1000000,False
755930,850TIAPL28-N0,850TIAPL28,,-1.000000,1,,NSE,1.000000,163,False
755947,79413ABC28-N8,79413ABC28,,-1.000000,1,,NSE,1.000000,999,False
755960,833ABCL27-NL,833ABCL27,,-1.000000,1,,NSE,1.000000,999,False
755961,ABCRESET27-NM,ABCRESET27,,-1.000000,1,,NSE,1.000000,999,False
756020,TINNARUBR-EQ,TINNARUBR,,-1.000000,1,,NSE,5.000000,96690,False
756027,815ANN30-N0,815ANN30,,-1.000000,1,,NSE,1.000000,40,False
756043,78618ABH28-N0,78618ABH28,,-1.000000,1,,NSE,1.000000,999,False
756061,675AS40-SG,675AS40,,-1.000000,100,,NSE,1.000000,999990,False
756071,803ABHFL35-N0,803ABHFL35,,-1.000000,1,,NSE,1.000000,981,False
756091,67RJ35-SG,67RJ35,,-1.000000,100,,NSE,1.000000,1000000,False
756097,675MH40-SG,675MH40,,-1.000000,100,,NSE,1.000000,1000000,False
756137,850TIAP28A-N0,850TIAP28A,,-1.000000,1,,NSE,1.000000,49,False
756163,865HHFL30-N0,865HHFL30,,-1.000000,1,,NSE,1.000000,817,False
756165,850HHFL27-N0,850HHFL27,,-1.000000,1,,NSE,1.000000,163,False
756329,815GHFL35-N0,815GHFL35,,-1.000000,1,,NSE,1.000000,327,False
756338,TANKUP-ST,TANKUP,,-1.000000,250,,NSE,5.000000,60606,False
756724,726IRMT45-N0,726IRMT45,,-1.000000,1,,NSE,1.000000,1209,False
756789,711WB47-SG,711WB47,,-1.000000,100,,NSE,1.000000,1000000,False
756792,709TS60-SG,709TS60,,-1.000000,100,,NSE,1.000000,1047100,False
756813,67HR39-SG,67HR39,,-1.000000,100,,NSE,1.000000,1000000,False
756851,SAMAY-ST,SAMAY,,-1.000000,4000,,NSE,5.000000,501922,False
756862,68TS57-SG,68TS57,,-1.000000,100,,NSE,1.000000,1000000,False
756867,679AS45-SG,679AS45,,-1.000000,100,,NSE,1.000000,999990,False
756876,759GIL30-N0,759GIL30,,-1.000000,1,,NSE,1.000000,1000,False
756880,731SDIL40-N0,731SDIL40,,-1.000000,1,,NSE,1.000000,999,False
756890,633GS2035-GS,633GS2035,,-1.000000,1,,NSE,1.000000,1008000,False
756906,679AP34A-SG,679AP34A,,-1.000000,100,,NSE,1.000000,1000000,False
756907,688ML35-SG,688ML35,,-1.000000,100,,NSE,1.000000,999985,False
756921,686NHPCL39-N0,686NHPCL39,,-1.000000,1,,NSE,1.000000,636,False
756923,686NHPCL33-N0,686NHPCL33,,-1.000000,1,,NSE,1.000000,636,False
756934,686NHPCL31-N0,686NHPCL31,,-1.000000,1,,NSE,1.000000,636,False
756956,91PFL27-N0,91PFL27,,-1.000000,1,,NSE,1.000000,1000,False
757024,ACCPL-ST,ACCPL,,-1.000000,1200,,NSE,5.000000,363493,False
757034,664HR36-SG,664HR36,,-1.000000,100,,NSE,1.000000,999900,False
757041,686RJ52-SG,686RJ52,,-1.000000,100,,NSE,1.000000,1052550,False
757045,72092LTF27-N0,72092LTF27,,-1.000000,1,,NSE,1.000000,999,False
757102,BELRISE-EQ,BELRISE,,-1.000000,1,,NSE,1.000000,439086,False
757109,669GJ34-SG,669GJ34,,-1.000000,100,,NSE,1.000000,1068300,False
757125,708TML28A-N0,708TML28A,,-1.000000,1,,NSE,1.000000,654,False
757140,AAFS29-N0,AAFS29,,-1.000000,1,,NSE,1.000000,417,False
757390,692MP43-SG,692MP43,,-1.000000,100,,NSE,1.000000,1000000,False
757391,692TS44-SG,692TS44,,-1.000000,100,,NSE,1.000000,1000000,False
757426,642JK31A-SG,642JK31A,,-1.000000,100,,NSE,1.000000,999950,False
757485,842HFL27-N0,842HFL27,,-1.000000,1,,NSE,1.000000,490,False
757430,666TN35-SG,666TN35,,-1.000000,100,,NSE,1.000000,1000000,False
757449,627PFCL27-N0,627PFCL27,,-1.000000,1,,NSE,1.000000,1000,False
757478,SCODATUBES-EQ,SCODATUBES,,-1.000000,1,,NSE,1.000000,770248,False
757554,708JK46A-SG,708JK46A,,-1.000000,100,,NSE,1.000000,654000,False
757560,673RJ35-SG,673RJ35,,-1.000000,100,,NSE,1.000000,999900,False
757567,730NIIF28-N0,730NIIF28,,-1.000000,1,,NSE,1.000000,327,False
757577,660RECL27-N0,660RECL27,,-1.000000,1,,NSE,1.000000,1000,False
757608,975SCL35-N0,975SCL35,,-1.000000,1,,NSE,1.000000,261,False
757614,ARIS-EQ,ARIS,,-1.000000,1,,NSE,1.000000,797008,False
757622,SMARTEN-ST,SMARTEN,,-1.000000,1200,,NSE,5.000000,621326,False
757732,680AP35-SG,680AP35,,-1.000000,100,,NSE,1.000000,1000000,False
757742,715WB52-SG,715WB52,,-1.000000,100,,NSE,1.000000,1000000,False
757817,MOMIDMTM-EQ,MOMIDMTM,,-1.000000,1,,NSE,1.000000,234262,False
757831,716OR50-SG,716OR50,,-1.000000,100,,NSE,1.000000,1000000,False
757850,CRIZAC-EQ,CRIZAC,,-1.000000,1,,NSE,1.000000,535621,False
757865,SPUNWEB-SM,SPUNWEB,,-1.000000,1200,,NSE,5.000000,788181,False
757900,718SFL28-N0,718SFL28,,-1.000000,1,,NSE,1.000000,999,False
757919,BORANA-EQ,BORANA,,-1.000000,1,,NSE,5.000000,319077,False
757925,698OR37-SG,698OR37,,-1.000000,100,,NSE,1.000000,1000000,False
757938,BELLACASA-EQ,BELLACASA,,-1.000000,1,,NSE,1.000000,389830,False
758167,658IRFC30-N0,658IRFC30,,-1.000000,1,,NSE,1.000000,999,False
758169,647IRFC28-N0,647IRFC28,,-1.000000,1,,NSE,1.000000,999,False
758188,696AP34-SG,696AP34,,-1.000000,100,,NSE,1.000000,1000000,False
758191,726MZ40-SG,726MZ40,,-1.000000,100,,NSE,1.000000,327000,False
758296,670RECL29-N0,670RECL29,,-1.000000,1,,NSE,1.000000,999,False
758300,GROWWLOVOL-EQ,GROWWLOVOL,,-1.000000,1,,NSE,1.000000,123697,False
758340,116VCCL26A-N0,116VCCL26A,,-1.000000,1,,NSE,1.000000,49,False
758408,712GA36-SG,712GA36,,-1.000000,100,,NSE,1.000000,327000,False
758423,MEDISTEP-SM,MEDISTEP,,-1.000000,3000,,NSE,5.000000,464652,False
758442,AAFS29C-N0,AAFS29C,,-1.000000,1,,NSE,1.000000,395,False
758448,ALLTIME-EQ,ALLTIME,,-1.000000,1,,NSE,1.000000,452134,False
758494,698PGCIL35-N0,698PGCIL35,,-1.000000,1,,NSE,1.000000,1000,False
758584,709TN35A-SG,709TN35A,,-1.000000,100,,NSE,1.000000,1000000,False
758644,666SIDBI28-N0,666SIDBI28,,-1.000000,1,,NSE,1.000000,999,False
758664,754TS51-SG,754TS51,,-1.000000,100,,NSE,1.000000,1000000,False
758665,754RJ53-SG,754RJ53,,-1.000000,100,,NSE,1.000000,999900,False
758688,MRIL-ST,MRIL,,-1.000000,1600,,NSE,5.000000,722797,False
758695,813AIFL32-N0,813AIFL32,,-1.000000,1,,NSE,1.000000,327,False
758700,ARFIN-EQ,ARFIN,,-1.000000,1,,NSE,1.000000,1163004,False
758715,752KL33-SG,752KL33,,-1.000000,100,,NSE,1.000000,999961,False
758736,CLASSICEIL-SM,CLASSICEIL,,-1.000000,1600,,NSE,5.000000,587453,False
758740,ANONDITA-SM,ANONDITA,,-1.000000,200,,NSE,5.000000,88520,False
758831,699TN32-SG,699TN32,,-1.000000,100,,NSE,1.000000,1074100,False
758853,SGFIN-EQ,SGFIN,,-1.000000,1,,NSE,5.000000,151294,False
758868,KAYTEX-SM,KAYTEX,,-1.000000,800,,NSE,5.000000,480663,False
758941,CPEDU-EQ,CPEDU,,-1.000000,1,,NSE,1.000000,562616,False
758968,AHCL-EQ,AHCL,,-1.000000,1,,NSE,1.000000,5109453,False
759017,76RCFL29-N0,76RCFL29,,-1.000000,1,,NSE,1.000000,999,False
759169,MWL-EQ,MWL,,-1.000000,1,,NSE,1.000000,2462779,False
759084,URBANCO-EQ,URBANCO,,-1.000000,1,,NSE,1.000000,598366,False
759186,748MZ36-SG,748MZ36,,-1.000000,100,,NSE,1.000000,490500,False
759202,AGSTRA-BZ,AGSTRA,,-1.000000,1,,NSE,1.000000,4199761,False
759190,747JK40-SG,747JK40,,-1.000000,100,,NSE,1.000000,1000000,False
759217,71HR33-SG,71HR33,,-1.000000,100,,NSE,1.000000,1000000,False
759230,735UP39-SG,735UP39,,-1.000000,100,,NSE,1.000000,1052550,False
759277,930SCL2035-N0,930SCL2035,,-1.000000,1,,NSE,1.000000,654,False
759321,757PN37-SG,757PN37,,-1.000000,100,,NSE,1.000000,1000000,False
759342,PACEDIGITK-EQ,PACEDIGITK,,-1.000000,1,,NSE,1.000000,631580,False
759388,739JK37A-SG,739JK37A,,-1.000000,100,,NSE,1.000000,1000000,False
759389,726MH41-SG,726MH41,,-1.000000,100,,NSE,1.000000,995000,False
759504,364D291026-TB,364D291026,,-1.000000,100,,NSE,1.000000,1011492,False
759550,725GA36-SG,725GA36,,-1.000000,100,,NSE,1.000000,327000,False
759576,QSIFHRR-SF,QSIFHRR,,-1.000000,1,,NSE,1.000000,3269,False
759597,745TS57-SG,745TS57,,-1.000000,100,,NSE,1.000000,1000000,False
759603,805AIFL32-N0,805AIFL32,,-1.000000,1,,NSE,1.000000,490,False
759701,754CG38-SG,754CG38,,-1.000000,100,,NSE,1.000000,1000000,False
759738,714MZ33-SG,714MZ33,,-1.000000,100,,NSE,1.000000,359700,False
759742,745MP41-SG,745MP41,,-1.000000,100,,NSE,1.000000,999900,False
759752,MODIS-EQ,MODIS,,-1.000000,1,,NSE,5.000000,273591,False
759811,765TMCV28-N0,765TMCV28,,-1.000000,1,,NSE,1.000000,1000,False
759842,BETA-EQ,BETA,,-1.000000,1,,NSE,10.000000,47192,False
759855,718UP35-SG,718UP35,,-1.000000,100,,NSE,1.000000,999900,False
759857,72TN36-SG,72TN36,,-1.000000,100,,NSE,1.000000,1000000,False
759858,729RJ37-SG,729RJ37,,-1.000000,100,,NSE,1.000000,1000000,False
759861,75TS51-SG,75TS51,,-1.000000,100,,NSE,1.000000,999900,False
759867,CAPILLARY-EQ,CAPILLARY,,-1.000000,1,,NSE,5.000000,216402,False
759876,UTLSOLAR-EQ,UTLSOLAR,,-1.000000,1,,NSE,5.000000,223117,False
759885,CHEMICAL-EQ,CHEMICAL,,-1.000000,1,,NSE,1.000000,1236184,False
759915,74GJ36-SG,74GJ36,,-1.000000,100,,NSE,1.000000,1000000,False
759939,743PHFL28-N0,743PHFL28,,-1.000000,1,,NSE,1.000000,981,False
759941,799GSGL28-N0,799GSGL28,,-1.000000,1,,NSE,1.000000,1000,False
759983,674SIDBI29-N0,674SIDBI29,,-1.000000,1,,NSE,1.000000,999,False
759987,KSR-EQ,KSR,,-1.000000,1,,NSE,1.000000,600973,False
760062,772WB41-SG,772WB41,,-1.000000,100,,NSE,1.000000,1000000,False
760068,72MH34-SG,72MH34,,-1.000000,100,,NSE,1.000000,1000000,False
760082,751UP40A-SG,751UP40A,,-1.000000,100,,NSE,1.000000,1030800,False
760101,SKFINDUS-EQ,SKFINDUS,,-1.000000,1,,NSE,10.000000,34606,False
760135,SPEB-SM,SPEB,,-1.000000,2000,,NSE,5.000000,734591,False
760213,LGEINDIA-EQ,LGEINDIA,,-1.000000,1,,NSE,10.000000,61089,False
760252,SHRENIK-BZ,SHRENIK,,-1.000000,1,,NSE,1.000000,20012400,False
760274,677TN29-SG,677TN29,,-1.000000,100,,NSE,1.000000,1000000,False
760342,763HLICL35-N0,763HLICL35,,-1.000000,1,,NSE,1.000000,999,False
760362,915APSBC26-N0,915APSBC26,,-1.000000,1,,NSE,1.000000,1795,False
760374,915APSBC32-N0,915APSBC32,,-1.000000,1,,NSE,1.000000,953,False
760388,745TN55-SG,745TN55,,-1.000000,100,,NSE,1.000000,1000000,False
760393,73TFSIL29-N0,73TFSIL29,,-1.000000,1,,NSE,1.000000,817,False
760407,ICICIAMC-EQ,ICICIAMC,,-1.000000,1,,NSE,10.000000,32621,False
760412,DIVIDEND-EQ,DIVIDEND,,-1.000000,1,,NSE,1.000000,140111,False
760418,ASHWINI-SM,ASHWINI,,-1.000000,1000,,NSE,5.000000,490500,False
760429,708TFSIL27-N0,708TFSIL27,,-1.000000,1,,NSE,1.000000,654,False
760433,KSHINTL-EQ,KSHINTL,,-1.000000,1,,NSE,5.000000,85372,False
760447,754AP42-SG,754AP42,,-1.000000,100,,NSE,1.000000,1000000,False
760459,1150AFIL28-N0,1150AFIL28,,-1.000000,1,,NSE,1.000000,654,False
760471,758WB42-SG,758WB42,,-1.000000,100,,NSE,1.000000,1000000,False
760474,741NIIF31-N0,741NIIF31,,-1.000000,1,,NSE,1.000000,1000,False
760482,TWCGOLDETF-EQ,TWCGOLDETF,,-1.000000,1,,NSE,1.000000,64918,False
760506,732KA33-SG,732KA33,,-1.000000,100,,NSE,1.000000,1000000,False
760535,729NHPC33-N0,729NHPC33,,-1.000000,1,,NSE,1.000000,654,False
760555,1175IFL28-N0,1175IFL28,,-1.000000,1,,NSE,1.000000,981,False
760568,751KA36-SG,751KA36,,-1.000000,100,,NSE,1.000000,1000000,False
760579,764AP40-SG,764AP40,,-1.000000,100,,NSE,1.000000,1000000,False
760580,765RJ40-SG,765RJ40,,-1.000000,100,,NSE,1.000000,1000000,False
760588,759AP47-SG,759AP47,,-1.000000,100,,NSE,1.000000,999900,False
760616,734OR33-SG,734OR33,,-1.000000,100,,NSE,1.000000,1000000,False
760622,603GS2029-GS,603GS2029,,-1.000000,1,,NSE,1.000000,1009800,False
760633,753TN37-SG,753TN37,,-1.000000,100,,NSE,1.000000,1052600,False
760666,756CG37-SG,756CG37,,-1.000000,100,,NSE,1.000000,1000000,False
760676,761TS42-SG,761TS42,,-1.000000,100,,NSE,1.000000,1000000,False
760709,NEXT50ETF-EQ,NEXT50ETF,,-1.000000,1,,NSE,1.000000,88663,False
760761,364D280127-TB,364D280127,,-1.000000,100,,NSE,1.000000,1033200,False
760797,745SDIP36-N0,745SDIP36,,-1.000000,1,,NSE,1.000000,999,False
760801,7PFCL31-N3,7PFCL31,,-1.000000,1,,NSE,1.000000,6709,False
760810,730PFCL41-NC,730PFCL41,,-1.000000,1,,NSE,1.000000,7137,False
760905,702GJ31-SG,702GJ31,,-1.000000,100,,NSE,1.000000,1067700,False
760913,758TN37-SG,758TN37,,-1.000000,100,,NSE,1.000000,1000000,False
760916,786BR39-SG,786BR39,,-1.000000,100,,NSE,1.000000,970800,False
760923,KNAGRI-EQ,KNAGRI,,-1.000000,1,,NSE,1.000000,516152,False
760935,784MP47-SG,784MP47,,-1.000000,100,,NSE,1.000000,884854,False
760959,730TCHFL28-N0,730TCHFL28,,-1.000000,1,,NSE,1.000000,1000,False
760964,790TPL29-N0,790TPL29,,-1.000000,1,,NSE,1.000000,817,False
760981,AYE-EQ,AYE,,-1.000000,1,,NSE,1.000000,556992,False
761009,769HR42-SG,769HR42,,-1.000000,100,,NSE,1.000000,1000000,False
761046,DEFENCE-EQ,DEFENCE,,-1.000000,1,,NSE,1.000000,712345,False
761076,805NMC30-N2,805NMC30,,-1.000000,1,,NSE,1.000000,65400,False
761077,805NMC31-N3,805NMC31,,-1.000000,1,,NSE,1.000000,65400,False
761079,805NMC33-N5,805NMC33,,-1.000000,1,,NSE,1.000000,65400,False
761095,SBIMIDMOM-EQ,SBIMIDMOM,,-1.000000,1,,NSE,1.000000,690068,False
761118,865IIFL31-Y6,865IIFL31,,-1.000000,1,,NSE,1.000000,26253,False
761197,GKSL-EQ,GKSL,,-1.000000,1,,NSE,1.000000,584465,False
761311,719RECL31-N0,719RECL31,,-1.000000,1,,NSE,1.000000,999,False
761327,753HR38-SG,753HR38,,-1.000000,100,,NSE,1.000000,1000000,False
761345,862AEL31-NM,862AEL31,,-1.000000,1,,NSE,1.000000,16664,False
761347,AEL1212026-NO,AEL1212026,,-1.000000,1,,NSE,1.000000,10888,False
761369,765MP40-SG,765MP40,,-1.000000,100,,NSE,1.000000,999940,False
761328,762AP39-SG,762AP39,,-1.000000,100,,NSE,1.000000,1000000,False
761373,774MZ41-SG,774MZ41,,-1.000000,100,,NSE,1.000000,392400,False
761378,775AR46-SG,775AR46,,-1.000000,100,,NSE,1.000000,621300,False
761414,699NL30-SG,699NL30,,-1.000000,100,,NSE,1.000000,999960,False
761447,779WB45-SG,779WB45,,-1.000000,100,,NSE,1.000000,1000000,False
761450,777KL48-SG,777KL48,,-1.000000,100,,NSE,1.000000,1000000,False
761454,683MH30-SG,683MH30,,-1.000000,100,,NSE,1.000000,1000000,False
761460,752GA37-SG,752GA37,,-1.000000,100,,NSE,1.000000,327000,False
761461,1165ESFB32-N0,1165ESFB32,,-1.000000,1,,NSE,1.000000,490,False
761463,885ICFL28-N0,885ICFL28,,-1.000000,1,,NSE,1.000000,654,False
761465,91ICFL29-N0,91ICFL29,,-1.000000,1,,NSE,1.000000,490,False
761517,716UBI36-N0,716UBI36,,-1.000000,1,,NSE,1.000000,999,False
761550,738NL31-SG,738NL31,,-1.000000,100,,NSE,1.000000,817542,False
761553,744GJ33-SG,744GJ33,,-1.000000,100,,NSE,1.000000,999979,False
761557,77PY35-SG,77PY35,,-1.000000,100,,NSE,1.000000,490500,False
761561,757MH36-SG,757MH36,,-1.000000,100,,NSE,1.000000,999900,False
761576,788KL46-SG,788KL46,,-1.000000,100,,NSE,1.000000,1000000,False
761595,ALSRG-SF,ALSRG,,-1.000000,1,,NSE,1.000000,2642068,False
761647,791MH39-SG,791MH39,,-1.000000,100,,NSE,1.000000,979360,False
761657,807MH49-SG,807MH49,,-1.000000,100,,NSE,1.000000,990000,False
761717,787RJ38-SG,787RJ38,,-1.000000,100,,NSE,1.000000,999990,False
761725,AAFS31A-N0,AAFS31A,,-1.000000,1,,NSE,1.000000,295,False
761745,799UK44-SG,799UK44,,-1.000000,100,,NSE,1.000000,999945,False
761758,799AP40-SG,799AP40,,-1.000000,100,,NSE,1.000000,1000000,False
762375,0HFL28-N0,0HFL28,,-1.000000,1,,NSE,1.000000,163,False
762420,792BR51-SG,792BR51,,-1.000000,100,,NSE,1.000000,984960,False
762426,786MP42-SG,786MP42,,-1.000000,100,,NSE,1.000000,999960,False
762427,79MP56-SG,79MP56,,-1.000000,100,,NSE,1.000000,1052580,False
762588,BIMETAL-EQ,BIMETAL,,-1.000000,1,,NSE,5.000000,125077,False
762608,BNAGROCHEM-EQ,BNAGROCHEM,,-1.000000,1,,NSE,1.000000,487789,False
762742,KIRANVYPAR-EQ,KIRANVYPAR,,-1.000000,1,,NSE,1.000000,483039,False
762757,KPL-EQ,KPL,,-1.000000,1,,NSE,10.000000,27445,False
762762,LAHOTIOV-EQ,LAHOTIOV,,-1.000000,1,,NSE,1.000000,953908,False
762859,RAJPALAYAM-EQ,RAJPALAYAM,,-1.000000,1,,NSE,5.000000,128870,False
762897,SHARDUL-BE,SHARDUL,,-1.000000,1,,NSE,1.000000,1804000,False
762899,SHBAJRG-EQ,SHBAJRG,,-1.000000,1,,NSE,1.000000,294300,False
763066,777MH44-SG,777MH44,,-1.000000,100,,NSE,1.000000,963680,False
763146,750GS2056-GS,750GS2056,,-1.000000,1,,NSE,1.000000,970500,False
763195,768CG36-SG,768CG36,,-1.000000,100,,NSE,1.000000,1049300,False
763197,783KL49-SG,783KL49,,-1.000000,100,,NSE,1.000000,999900,False
763205,364D290427-TB,364D290427,,-1.000000,100,,NSE,1.000000,1041250,False
763206,10MWL29-N0,10MWL29,,-1.000000,1,,NSE,1.000000,163,False
763284,773TN36-SG,773TN36,,-1.000000,100,,NSE,1.000000,1000000,False
763289,364D060527-TB,364D060527,,-1.000000,100,,NSE,1.000000,1048200,False
763294,KISSHT-EQ,KISSHT,,-1.000000,1,,NSE,5.000000,304111,False
763369,775MN33-SG,775MN33,,-1.000000,100,,NSE,1.000000,999983,False
763371,785MZ38-SG,785MZ38,,-1.000000,100,,NSE,1.000000,327000,False
763489,771GS2066-GS,771GS2066,,-1.000000,1,,NSE,1.000000,970588,False
763496,9189GFL28A-N0,9189GFL28A,,-1.000000,1,,NSE,1.000000,327,False
763523,792PN44-SG,792PN44,,-1.000000,100,,NSE,1.000000,990000,False
763636,VIVIANA-EQ,VIVIANA,,-1.000000,1,,NSE,5.000000,132948,False
763572,PVTBKGROWW-EQ,PVTBKGROWW,,-1.000000,1,,NSE,1.000000,79073,False
763685,850HMDA38-N0,850HMDA38,,-1.000000,1,,NSE,1.000000,999,False
763695,850HMDA34-N0,850HMDA34,,-1.000000,1,,NSE,1.000000,965,False
763705,850HMDA32-N0,850HMDA32,,-1.000000,1,,NSE,1.000000,966,False
763736,77GJ36-SG,77GJ36,,-1.000000,100,,NSE,1.000000,1000000,False
763817,780NIIF31-N0,780NIIF31,,-1.000000,1,,NSE,1.000000,999,False
763851,788TACA31-N0,788TACA31,,-1.000000,1,,NSE,1.000000,999,False
764033,764CG42-SG,764CG42,,-1.000000,100,,NSE,1.000000,817500,False
764034,756HP39-SG,756HP39,,-1.000000,100,,NSE,1.000000,999950,False
764042,714UP32-SG,714UP32,,-1.000000,100,,NSE,1.000000,1000000,False
764046,765WB52-SG,765WB52,,-1.000000,100,,NSE,1.000000,999900,False
764062,783LTFL29-N0,783LTFL29,,-1.000000,1,,NSE,1.000000,999,False
764077,727NGEL36-N0,727NGEL36,,-1.000000,1,,NSE,1.000000,1000,False
764116,KUSUMGAR-EQ,KUSUMGAR,,-1.000000,1,,NSE,5.000000,175965,False
764153,182D140127-TB,182D140127,,-1.000000,100,,NSE,1.000000,1025200,False
764161,938GCML28-N0,938GCML28,,-1.000000,1,,NSE,1.000000,654,False
764198,MOMMIDCAP-EQ,MOMMIDCAP,,-1.000000,1,,NSE,1.000000,2120529,False
764327,768RJ44-SG,768RJ44,,-1.000000,100,,NSE,1.000000,1052550,False
764370,723ULCE30-N0,723ULCE30,,-1.000000,1,,NSE,1.000000,999,False
764372,725ULCE31-N0,725ULCE31,,-1.000000,1,,NSE,1.000000,1000,False
764381,795JCL29-N0,795JCL29,,-1.000000,1,,NSE,1.000000,999,False
764397,MVELECTRO-EQ,MVELECTRO,,-1.000000,1,,NSE,5.000000,118788,False
764503,115VCCL31B-N0,115VCCL31B,,-1.000000,1,,NSE,1.000000,2452,False
764509,764AP56-SG,764AP56,,-1.000000,100,,NSE,1.000000,1013120,False
764578,ALUFLUOR-EQ,ALUFLUOR,,-1.000000,1,,NSE,5.000000,205162,False
764618,BENARAS-EQ,BENARAS,,-1.000000,1,,NSE,100.000000,9020,False
764643,CGVAK-EQ,CGVAK,,-1.000000,1,,NSE,1.000000,165141,False
764773,MAKERSL-EQ,MAKERSL,,-1.000000,1,,NSE,1.000000,192942,False
764793,NICCOPAR-EQ,NICCOPAR,,-1.000000,1,,NSE,1.000000,1204819,False
764808,ONIXSOLAR-EQ,ONIXSOLAR,,-1.000000,1,,NSE,5.000000,227954,False
764823,PACIFICI-EQ,PACIFICI,,-1.000000,1,,NSE,1.000000,225389,False
764985,VIJSOLX-EQ,VIJSOLX,,-1.000000,1,,NSE,5.000000,104681,False
764995,VIVOBIOT-EQ,VIVOBIOT,,-1.000000,1,,NSE,1.000000,725633,False
765025,ASIANTNE-EQ,ASIANTNE,,-1.000000,1,,NSE,1.000000,815596,False
765045,CHEMCRUX-EQ,CHEMCRUX,,-1.000000,1,,NSE,1.000000,484249,False
765090,KANCOTEA-EQ,KANCOTEA,,-1.000000,1,,NSE,1.000000,167516,False
765098,LEENEE-BE,LEENEE,,-1.000000,1,,NSE,1.000000,1823809,False
765150,POLYSPIN-EQ,POLYSPIN,,-1.000000,1,,NSE,1.000000,327000,False
765160,SHIVACEM-EQ,SHIVACEM,,-1.000000,1,,NSE,1.000000,6269340,False
765185,SWARNSAR-EQ,SWARNSAR,,-1.000000,1,,NSE,1.000000,682671,False
765270,798ABCL31-N0,798ABCL31,,-1.000000,1,,NSE,1.000000,999,False
765281,657GS2033A-GS,657GS2033A,,-1.000000,1,,NSE,1.000000,1002100,False
765287,PRAMODINI-SM,PRAMODINI,,-1.000000,1200,,NSE,5.000000,720890,False
765431,NIF500BETA-EQ,NIF500BETA,,-1.000000,1,,NSE,1.000000,79230,False
765441,77MH49-SG,77MH49,,-1.000000,100,,NSE,1.000000,1000000,False
765466,ABH-ST,ABH,,-1.000000,1200,,NSE,5.000000,373747,False
765495,12AIL28-N0,12AIL28,,-1.000000,1,,NSE,1.000000,981,False
765580,SHANTIINOR-ST,SHANTIINOR,,-1.000000,1600,,NSE,5.000000,540671,False
765937,MOMSBELIEF-BE,MOMSBELIEF,,-1.000000,1,,NSE,1.000000,444516,False
7662,850IIFL27-NA,850IIFL27,,-1.000000,1,,NSE,1.000000,4446,False
7711,724AP38-SG,724AP38,,-1.000000,100,,NSE,1.000000,1000000,False
765975,775JK44-SG,775JK44,,-1.000000,100,,NSE,1.000000,1000000,False
765983,182D110327-TB,182D110327,,-1.000000,100,,NSE,1.000000,1027800,False
7759,ABAN-BE,ABAN,,-1.000000,1,,NSE,1.000000,1908546,False
7821,715UP32-SG,715UP32,,-1.000000,100,,NSE,1.000000,1000000,False
7857,723WB32-SG,723WB32,,-1.000000,100,,NSE,1.000000,1000000,False
7870,724BR32-SG,724BR32,,-1.000000,100,,NSE,1.000000,1000000,False
7893,69PY28-SG,69PY28,,-1.000000,100,,NSE,1.000000,621300,False
7897,727AR32-SG,727AR32,,-1.000000,100,,NSE,1.000000,533010,False
7905,728UP32-SG,728UP32,,-1.000000,100,,NSE,1.000000,1000000,False
7942,SILVERIETF-EQ,SILVERIETF,,-1.000000,1,,NSE,1.000000,441321,False
805,DCM-EQ,DCM,,-1.000000,1,,NSE,1.000000,610762,False
8027,726GS2029-GS,726GS2029,,-1.000000,1,,NSE,1.000000,981600,False
8075,DALBHARAT-EQ,DALBHARAT,,-1.000000,1,,NSE,10.000000,57207,False
8121,737TS36-SG,737TS36,,-1.000000,100,,NSE,1.000000,1000000,False
8124,AJANTPHARM-EQ,AJANTPHARM,,-1.000000,1,,NSE,10.000000,28235,False
8132,BLBLIMITED-EQ,BLBLIMITED,,-1.000000,1,,NSE,1.000000,1728693,False
8163,SPENCERS-EQ,SPENCERS,,-1.000000,1,,NSE,1.000000,2947538,False
8189,706GJ32-SG,706GJ32,,-1.000000,100,,NSE,1.000000,999900,False
8190,716KA36-SG,716KA36,,-1.000000,100,,NSE,1.000000,1000000,False
8196,712KA37-SG,712KA37,,-1.000000,100,,NSE,1.000000,1000000,False
8304,PRITI-EQ,PRITI,,-1.000000,1,,NSE,1.000000,436653,False
8331,717RJ32-SG,717RJ32,,-1.000000,100,,NSE,1.000000,1000000,False
8337,719TN42-SG,719TN42,,-1.000000,100,,NSE,1.000000,973500,False
8364,743HR41-SG,743HR41,,-1.000000,100,,NSE,1.000000,1000000,False
843,64KA30B-SG,64KA30B,,-1.000000,100,,NSE,1.000000,1000000,False
8442,H1861D46DD-MF,H1861D46DD,,-1.000000,1,,NSE,1.000000,719,False
8469,MITCON-EQ,MITCON,,-1.000000,1,,NSE,1.000000,569582,False
8489,709TN30-SG,709TN30,,-1.000000,100,,NSE,1.000000,1000000,False
849,642UP30-SG,642UP30,,-1.000000,100,,NSE,1.000000,1000000,False
8499,746WB40-SG,746WB40,,-1.000000,100,,NSE,1.000000,999900,False
8560,COOLCAPS-SM,COOLCAPS,,-1.000000,1250,,NSE,5.000000,3846316,False
8568,HITECHGEAR-BE,HITECHGEAR,,-1.000000,1,,NSE,5.000000,177468,False
8575,726HR32-SG,726HR32,,-1.000000,100,,NSE,1.000000,1000000,False
8645,SFMP61DD-MF,SFMP61DD,,-1.000000,1,,NSE,1.000000,1079,False
8648,SFMP61GD-MF,SFMP61GD,,-1.000000,1,,NSE,1.000000,8445861,False
8654,MOLOWVOL-EQ,MOLOWVOL,,-1.000000,1,,NSE,1.000000,667543,False
867,672HR35-SG,672HR35,,-1.000000,100,,NSE,1.000000,1000000,False
8678,ABSLFTTQRN-MF,ABSLFTTQRN,,-1.000000,1,,NSE,1.000000,178,False
8735,PROPEQUITY-SM,PROPEQUITY,,-1.000000,600,,NSE,5.000000,342764,False
8736,PNBGILTS-EQ,PNBGILTS,,-1.000000,1,,NSE,1.000000,1244590,False
8773,H1876D46DG-MF,H1876D46DG,,-1.000000,1,,NSE,1.000000,588553,False
8774,H1876D46DQ-MF,H1876D46DQ,,-1.000000,1,,NSE,1.000000,1392,False
8827,AVROIND-EQ,AVROIND,,-1.000000,1,,NSE,1.000000,4387404,False
8931,SUPERSPIN-BE,SUPERSPIN,,-1.000000,1,,NSE,1.000000,1798500,False
8932,734AP40-SG,734AP40,,-1.000000,100,,NSE,1.000000,1000000,False
8953,ELDEHSG-EQ,ELDEHSG,,-1.000000,1,,NSE,5.000000,127632,False
9039,UFO-EQ,UFO,,-1.000000,1,,NSE,1.000000,1269242,False
9277,889SCL27-YT,889SCL27,,-1.000000,1,,NSE,1.000000,3660,False
9313,STLTECH-BE,STLTECH,,-1.000000,1,,NSE,5.000000,111004,False
9342,PNC-EQ,PNC,,-1.000000,1,,NSE,1.000000,473070,False
9435,761MH29-SG,761MH29,,-1.000000,100,,NSE,1.000000,979000,False
9438,776AP32-SG,776AP32,,-1.000000,100,,NSE,1.000000,1000000,False
9441,773HR33-SG,773HR33,,-1.000000,100,,NSE,1.000000,1000000,False
9449,776PN37-SG,776PN37,,-1.000000,100,,NSE,1.000000,1000000,False
9517,SFMP1DR-MF,SFMP1DR,,-1.000000,1,,NSE,1.000000,327,False
9592,VENUSPIPES-EQ,VENUSPIPES,,-1.000000,1,,NSE,10.000000,49490,False
9604,772GS2049-GS,772GS2049,,-1.000000,1,,NSE,1.000000,966000,False
9717,772JK32-SG,772JK32,,-1.000000,100,,NSE,1.000000,1000000,False
9724,772MH34-SG,772MH34,,-1.000000,100,,NSE,1.000000,1000000,False
9805,KANORICHEM-BE,KANORICHEM,,-1.000000,1,,NSE,1.000000,589466,False
9770,763HR28-SG,763HR28,,-1.000000,100,,NSE,1.000000,1000000,False
9826,803AP35-SG,803AP35,,-1.000000,100,,NSE,1.000000,1006100,False
9830,807AP36-SG,807AP36,,-1.000000,100,,NSE,1.000000,1000000,False
9848,SUNDRMBRAK-BE,SUNDRMBRAK,,-1.000000,1,,NSE,5.000000,128660,False
9862,WEWIN-EQ,WEWIN,,-1.000000,1,,NSE,1.000000,332264,False
9867,NEXTMEDIA-EQ,NEXTMEDIA,,-1.000000,1,,NSE,1.000000,2187398,False
9878,GOLDTECH-BE,GOLDTECH,,-1.000000,1,,NSE,1.000000,1708962,False
24455,736SBI39-N0,736SBI39,,-1.000000,1,,NSE,1.000000,1000,False
24486,735HP34-SG,735HP34,,-1.000000,100,,NSE,1.000000,1052600,False
24489,735MZ37-SG,735MZ37,,-1.000000,100,,NSE,1.000000,294300,False
24491,733AP40-SG,733AP40,,-1.000000,100,,NSE,1.000000,1000000,False
24524,SBINEQWETF-EQ,SBINEQWETF,,-1.000000,1,,NSE,1.000000,410124,False
24564,736GA34-SG,736GA34,,-1.000000,100,,NSE,1.000000,327000,False
24569,736WB40-SG,736WB40,,-1.000000,100,,NSE,1.000000,999900,False
24672,737IRFC29-N0,737IRFC29,,-1.000000,1,,NSE,1.000000,999,False
24697,SSEGL-SM,SSEGL,,-1.000000,200,,NSE,5.000000,233443,False
24711,ASHALOG-SM,ASHALOG,,-1.000000,1000,,NSE,5.000000,443285,False
24754,726MP35-SG,726MP35,,-1.000000,100,,NSE,1.000000,1000000,False
24756,727MH39-SG,727MH39,,-1.000000,100,,NSE,1.000000,988650,False
24864,POSITRON-SM,POSITRON,,-1.000000,300,,NSE,5.000000,248533,False
24901,845NOM27-N0,845NOM27,,-1.000000,1,,NSE,1.000000,408,False
24948,LTF-EQ,LTF,,-1.000000,1,,NSE,5.000000,323210,True
24949,709GS2054-GS,709GS2054,,-1.000000,1,,NSE,1.000000,1052000,False
24950,IDEALTECHO-SM,IDEALTECHO,,-1.000000,1000,,NSE,5.000000,327000,False
25023,GAYAPROJ-EQ,GAYAPROJ,,-1.000000,1,,NSE,1.000000,3841609,False
24990,724MH39-SG,724MH39,,-1.000000,100,,NSE,1.000000,999900,False
24998,723WB49-SG,723WB49,,-1.000000,100,,NSE,1.000000,999900,False
25033,IPHL-SM,IPHL,,-1.000000,1200,,NSE,5.000000,817160,False
25069,PARAMATRIX-SM,PARAMATRIX,,-1.000000,1200,,NSE,5.000000,361269,False
25106,719TN32A-SG,719TN32A,,-1.000000,100,,NSE,1.000000,1000000,False
25162,EUREKAFORB-EQ,EUREKAFORB,,-1.000000,1,,NSE,5.000000,253572,False
25201,736IRED39-N0,736IRED39,,-1.000000,1,,NSE,1.000000,999,False
25240,SHUBHSHREE-SM,SHUBHSHREE,,-1.000000,300,,NSE,5.000000,171413,False
25386,OSELDEVICE-SM,OSELDEVICE,,-1.000000,200,,NSE,5.000000,268698,False
2545,715RJ31-SG,715RJ31,,-1.000000,100,,NSE,1.000000,1000000,False
25441,744NBRD28-N0,744NBRD28,,-1.000000,1,,NSE,1.000000,999,False
25479,715PN44-SG,715PN44,,-1.000000,100,,NSE,1.000000,1000000,False
25480,715WB45-SG,715WB45,,-1.000000,100,,NSE,1.000000,1000000,False
25570,1075SCL34C-N1,1075SCL34C,,-1.000000,1,,NSE,1.000000,1943,False
25572,980SCL34B-N1,980SCL34B,,-1.000000,1,,NSE,1.000000,6,False
25597,MANBA-EQ,MANBA,,-1.000000,1,,NSE,1.000000,754847,False
2560,724RJ36-SG,724RJ36,,-1.000000,100,,NSE,1.000000,1000000,False
2566,729KA36-SG,729KA36,,-1.000000,100,,NSE,1.000000,938900,False
25606,MOMENTUM50-EQ,MOMENTUM50,,-1.000000,1,,NSE,1.000000,1834133,False
25622,920HFL30-N0,920HFL30,,-1.000000,1,,NSE,1.000000,654,False
25664,FORGEAUTO-SM,FORGEAUTO,,-1.000000,1200,,NSE,5.000000,357084,False
25724,RUPA-EQ,RUPA,,-1.000000,1,,NSE,1.000000,727331,False
25773,713MH37A-SG,713MH37A,,-1.000000,100,,NSE,1.000000,999900,False
25780,APLAPOLLO-EQ,APLAPOLLO,,-1.000000,1,,NSE,10.000000,46368,True
25830,708HP34-SG,708HP34,,-1.000000,100,,NSE,1.000000,999960,False
25832,709PY34-SG,709PY34,,-1.000000,100,,NSE,1.000000,654000,False
25855,AFFORDABLE-EQ,AFFORDABLE,,-1.000000,1,,NSE,1.000000,387531,False
25881,IMPEXFERRO-BZ,IMPEXFERRO,,-1.000000,1,,NSE,1.000000,2875363,False
25885,712GA34A-SG,712GA34A,,-1.000000,100,,NSE,1.000000,327000,False
25933,7875NIIF30-N0,7875NIIF30,,-1.000000,1,,NSE,1.000000,1000,False
25946,835TCSL27-N0,835TCSL27,,-1.000000,1,,NSE,1.000000,1000,False
25950,SIHF27-N0,SIHF27,,-1.000000,1,,NSE,1.000000,654,False
2599,PARTYCRUS-SM,PARTYCRUS,,-1.000000,1000,,NSE,5.000000,391913,False
25961,715MN39-SG,715MN39,,-1.000000,100,,NSE,1.000000,654000,False
25964,717PN44-SG,717PN44,,-1.000000,100,,NSE,1.000000,999940,False
25984,AVL-EQ,AVL,,-1.000000,1,,NSE,5.000000,162197,False
2636,DIVOPPBEES-EQ,DIVOPPBEES,,-1.000000,1,,NSE,1.000000,301251,False
2649,PCBL-EQ,PCBL,,-1.000000,1,,NSE,5.000000,301785,False
26037,FINNIFTY,FINNIFTY,,-1.000000,1,,NSE,0.000000,0,False
2666,VERA-SM,VERA,,-1.000000,1500,,NSE,5.000000,161374,False
27001,706UK30A-SG,706UK30A,,-1.000000,100,,NSE,1.000000,1000000,False
27009,715AP47-SG,715AP47,,-1.000000,100,,NSE,1.000000,1000000,False
27067,VSSL-EQ,VSSL,,-1.000000,1,,NSE,5.000000,251576,False
27075,LIQUIDPLUS-EQ,LIQUIDPLUS,,-1.000000,1,,NSE,1.000000,90654,False
27115,713TS39-SG,713TS39,,-1.000000,100,,NSE,1.000000,1000000,False
27116,713HP39-SG,713HP39,,-1.000000,100,,NSE,1.000000,1000000,False
27117,712HR37-SG,712HR37,,-1.000000,100,,NSE,1.000000,999900,False
27127,692GS2039-GS,692GS2039,,-1.000000,1,,NSE,1.000000,1008800,False
27149,713BR34A-SG,713BR34A,,-1.000000,100,,NSE,1.000000,1000000,False
27150,713GA34-SG,713GA34,,-1.000000,100,,NSE,1.000000,327000,False
2717,PRECWIRE-EQ,PRECWIRE,,-1.000000,1,,NSE,5.000000,216079,False
27204,718WB41-SG,718WB41,,-1.000000,100,,NSE,1.000000,999900,False
27213,EIEL-EQ,EIEL,,-1.000000,1,,NSE,1.000000,482707,False
27226,737IREDA31-N0,737IREDA31,,-1.000000,1,,NSE,1.000000,1000,False
27318,712AS34-SG,712AS34,,-1.000000,100,,NSE,1.000000,999990,False
27326,696TN28-SG,696TN28,,-1.000000,100,,NSE,1.000000,1000000,False
27396,818TPL27-N0,818TPL27,,-1.000000,1,,NSE,1.000000,817,False
2746,716GA31-SG,716GA31,,-1.000000,100,,NSE,1.000000,327000,False
2759,716UP31-SG,716UP31,,-1.000000,100,,NSE,1.000000,999900,False
27537,935TSI27-N0,935TSI27,,-1.000000,1,,NSE,1.000000,972,False
27713,785ABHFL28-N0,785ABHFL28,,-1.000000,1,,NSE,1.000000,999,False
2783,JUBLINGREA-EQ,JUBLINGREA,,-1.000000,1,,NSE,5.000000,151794,False
28046,MOBIKWIK-EQ,MOBIKWIK,,-1.000000,1,,NSE,1.000000,476869,False
2877,96IIFL28A-NF,96IIFL28A,,-1.000000,1,,NSE,1.000000,99702,False
28801,NMSTEEL-SM,NMSTEEL,,-1.000000,1600,,NSE,5.000000,565304,False
28815,711GJ33-SG,711GJ33,,-1.000000,100,,NSE,1.000000,999900,False
28818,716KA40-SG,716KA40,,-1.000000,100,,NSE,1.000000,1000000,False
2883,IIFLZC28-NG,IIFLZC28,,-1.000000,1,,NSE,1.000000,22283,False
28831,717WB42-SG,717WB42,,-1.000000,100,,NSE,1.000000,1000000,False
28879,CARRARO-EQ,CARRARO,,-1.000000,1,,NSE,5.000000,185677,False
28908,SCL271224A-N1,SCL271224A,,-1.000000,1,,NSE,1.000000,837,False
28923,SCL271224B-N1,SCL271224B,,-1.000000,1,,NSE,1.000000,1409,False
28933,1025SCL34Z-N1,1025SCL34Z,,-1.000000,1,,NSE,1.000000,3587,False
28975,93HFL34-N0,93HFL34,,-1.000000,1,,NSE,1.000000,163,False
28993,717AP38-SG,717AP38,,-1.000000,100,,NSE,1.000000,999900,False
29006,712TS51-SG,712TS51,,-1.000000,100,,NSE,1.000000,999964,False
29010,716WB42-SG,716WB42,,-1.000000,100,,NSE,1.000000,1000000,False
29051,705GJ32-SG,705GJ32,,-1.000000,100,,NSE,1.000000,1000000,False
29061,711MH38-SG,711MH38,,-1.000000,100,,NSE,1.000000,1000000,False
29103,773TCHFL30-N0,773TCHFL30,,-1.000000,1,,NSE,1.000000,999,False
29224,ONESOURCE-EQ,ONESOURCE,,-1.000000,1,,NSE,10.000000,62711,False
29238,714HR38-SG,714HR38,,-1.000000,100,,NSE,1.000000,1000000,False
29268,729NHB31-N0,729NHB31,,-1.000000,1,,NSE,1.000000,999,False
29283,714HR38A-SG,714HR38A,,-1.000000,100,,NSE,1.000000,1000000,False
29294,711AS45-SG,711AS45,,-1.000000,100,,NSE,1.000000,1000000,False
29432,0NHIT34-N0,0NHIT34,,-1.000000,1,,NSE,1.000000,999,False
29497,717AP32-SG,717AP32,,-1.000000,100,,NSE,1.000000,999982,False
29514,719BR45-SG,719BR45,,-1.000000,100,,NSE,1.000000,1000000,False
29525,725NBFI40-N0,725NBFI40,,-1.000000,1,,NSE,1.000000,1000,False
29527,GROWWRAIL-EQ,GROWWRAIL,,-1.000000,1,,NSE,1.000000,2079476,False
29614,704REC28-N4,704REC28,,-1.000000,1,,NSE,1.000000,16255,False
2953,886REC34-NG,886REC34,,-1.000000,1,,NSE,1.000000,27804,False
29545,860TPL31-N0,860TPL31,,-1.000000,1,,NSE,1.000000,1000,False
29547,KEN-SM,KEN,,-1.000000,1200,,NSE,5.000000,803291,False
29643,779LTFL30-N0,779LTFL30,,-1.000000,1,,NSE,1.000000,999,False
29678,BAJAJINDEF-EQ,BAJAJINDEF,,-1.000000,1,,NSE,1.000000,437472,False
29693,716KA36B-SG,716KA36B,,-1.000000,100,,NSE,1.000000,1000000,False
29705,716MP37A-SG,716MP37A,,-1.000000,100,,NSE,1.000000,1000000,False
29707,714PY31A-SG,714PY31A,,-1.000000,100,,NSE,1.000000,327000,False
29723,TEJASCARGO-SM,TEJASCARGO,,-1.000000,400,,NSE,5.000000,249990,False
29758,MSCIINDIA-EQ,MSCIINDIA,,-1.000000,1,,NSE,1.000000,3435054,False
29933,72MN40-SG,72MN40,,-1.000000,100,,NSE,1.000000,817500,False
29935,719OR40-SG,719OR40,,-1.000000,100,,NSE,1.000000,1000000,False
29936,72UP40-SG,72UP40,,-1.000000,100,,NSE,1.000000,999900,False
29938,72RJ42-SG,72RJ42,,-1.000000,100,,NSE,1.000000,1000000,False
29962,JUSTDIAL-EQ,JUSTDIAL,,-1.000000,1,,NSE,5.000000,150196,False
29973,80980TCL27-N0,80980TCL27,,-1.000000,1,,NSE,1.000000,999,False
29991,727MP45-SG,727MP45,,-1.000000,100,,NSE,1.000000,1000000,False
30011,732CG37-SG,732CG37,,-1.000000,100,,NSE,1.000000,1000000,False
30022,73WB39-SG,73WB39,,-1.000000,100,,NSE,1.000000,999950,False
30025,726TN55-SG,726TN55,,-1.000000,100,,NSE,1.000000,1000000,False
30070,718TN35-SG,718TN35,,-1.000000,100,,NSE,1.000000,1000000,False
30071,724UP40-SG,724UP40,,-1.000000,100,,NSE,1.000000,1000000,False
30073,729WB38-SG,729WB38,,-1.000000,100,,NSE,1.000000,999900,False
30081,723HR39-SG,723HR39,,-1.000000,100,,NSE,1.000000,1000000,False
30159,715RJ35-SG,715RJ35,,-1.000000,100,,NSE,1.000000,999900,False
30166,718WB45-SG,718WB45,,-1.000000,100,,NSE,1.000000,1000000,False
30167,718MP46-SG,718MP46,,-1.000000,100,,NSE,1.000000,1000000,False
30174,692JH28-SG,692JH28,,-1.000000,100,,NSE,1.000000,999900,False
30181,714CG32-SG,714CG32,,-1.000000,100,,NSE,1.000000,1026400,False
30214,965SCL27-N1,965SCL27,,-1.000000,1,,NSE,1.000000,2943,False
30218,SCL19325-N1,SCL19325,,-1.000000,1,,NSE,1.000000,3,False
30277,758LICH35A-N0,758LICH35A,,-1.000000,1,,NSE,1.000000,999,False
30418,696KA30-SG,696KA30,,-1.000000,100,,NSE,1.000000,999900,False
30430,703HR35-SG,703HR35,,-1.000000,100,,NSE,1.000000,1000000,False
30437,708AP37-SG,708AP37,,-1.000000,100,,NSE,1.000000,1000000,False
30439,705RJ37-SG,705RJ37,,-1.000000,100,,NSE,1.000000,999972,False
30491,FELDVR-BZ,FELDVR,,-1.000000,1,,NSE,1.000000,1287552,False
3066,SESHAPAPER-EQ,SESHAPAPER,,-1.000000,1,,NSE,1.000000,398149,False
3078,SHANTIGEAR-EQ,SHANTIGEAR,,-1.000000,1,,NSE,5.000000,139853,False
3088,INDOSTAR-EQ,INDOSTAR,,-1.000000,1,,NSE,1.000000,409050,False
3089,699WB36-SG,699WB36,,-1.000000,100,,NSE,1.000000,999648,False
311,697KA31-SG,697KA31,,-1.000000,100,,NSE,1.000000,1000000,False
31040,830NHAI27-N2,830NHAI27,,-1.000000,1,,NSE,1.000000,91891,False
31486,879NHPC28-N5,879NHPC28,,-1.000000,1,,NSE,1.000000,27993,False
31760,848NTPC28-N2,848NTPC28,,-1.000000,1,,NSE,1.000000,81732,False
334,VALIANTORG-BE,VALIANTORG,,-1.000000,1,,NSE,5.000000,252309,False
3244,678JK33-SG,678JK33,,-1.000000,100,,NSE,1.000000,1000000,False
3266,689TS51-SG,689TS51,,-1.000000,100,,NSE,1.000000,999900,False
3324,SUBROS-EQ,SUBROS,,-1.000000,1,,NSE,5.000000,142083,False
335,BALKRISIND-EQ,BALKRISIND,,-1.000000,1,,NSE,10.000000,46009,False
3405,TATACHEM-EQ,TATACHEM,,-1.000000,1,,NSE,5.000000,163044,False
3466,TFCILTD-EQ,TFCILTD,,-1.000000,1,,NSE,1.000000,706503,False
3470,772IGT31-NK,772IGT31,,-1.000000,1,,NSE,1.000000,154,False
3506,TITAN-EQ,TITAN,,-1.000000,1,,NSE,50.000000,19531,True
3514,694AP38-SG,694AP38,,-1.000000,100,,NSE,1.000000,1000000,False
3689,704AP40-SG,704AP40,,-1.000000,100,,NSE,1.000000,1000000,False
3692,704AP41-SG,704AP41,,-1.000000,100,,NSE,1.000000,1000000,False
3693,GAYAHWS-EQ,GAYAHWS,,-1.000000,1,,NSE,1.000000,7836617,False
3701,696KL34-SG,696KL34,,-1.000000,100,,NSE,1.000000,1052600,False
3704,681MH31-SG,681MH31,,-1.000000,100,,NSE,1.000000,1000000,False
3713,684RJ31-SG,684RJ31,,-1.000000,100,,NSE,1.000000,1000000,False
3725,705TS41-SG,705TS41,,-1.000000,100,,NSE,1.000000,1000000,False
3742,SGBMAY29I-GB,SGBMAY29I,,-1.000000,1,,NSE,1.000000,6632,False
380,BBTC-EQ,BBTC,,-1.000000,1,,NSE,10.000000,70190,False
3752,68RJ31-SG,68RJ31,,-1.000000,100,,NSE,1.000000,1000000,False
3763,707RJ46-SG,707RJ46,,-1.000000,100,,NSE,1.000000,1000000,False
3767,704TS51-SG,704TS51,,-1.000000,100,,NSE,1.000000,1000000,False
3812,ZEEL-EQ,ZEEL,,-1.000000,1,,NSE,1.000000,1259240,False
3950,JAKHARIA-ST,JAKHARIA,,-1.000000,2400,,NSE,5.000000,398661,False
3963,GOCLCORP-EQ,GOCLCORP,,-1.000000,1,,NSE,5.000000,226447,False
4010,PVP-EQ,PVP,,-1.000000,1,,NSE,1.000000,1542631,False
4055,PANACEABIO-EQ,PANACEABIO,,-1.000000,1,,NSE,5.000000,251434,False
4184,SANGAMIND-EQ,SANGAMIND,,-1.000000,1,,NSE,5.000000,174054,False
4130,REGENCERAM-EQ,REGENCERAM,,-1.000000,1,,NSE,1.000000,864639,False
42,677WB40-SG,677WB40,,-1.000000,100,,NSE,1.000000,1000000,False
419,BEPL-EQ,BEPL,,-1.000000,1,,NSE,1.000000,780668,False
4279,DENORA-EQ,DENORA,,-1.000000,1,,NSE,5.000000,125241,False
4294,BDR-IT,BDR,,-1.000000,16667,,NSE,5.000000,217291,False
433,KHADIM-BE,KHADIM,,-1.000000,1,,NSE,1.000000,600973,False
440,69GA30A-SG,69GA30A,,-1.000000,100,,NSE,1.000000,327000,False
4432,GS220236C-GS,GS220236C,,-1.000000,100,,NSE,1.000000,55263,False
4525,DYNAMATECH-EQ,DYNAMATECH,,-1.000000,1,,NSE,100.000000,8265,False
4571,684RJ31A-SG,684RJ31A,,-1.000000,100,,NSE,1.000000,999975,False
4598,HERITGFOOD-EQ,HERITGFOOD,,-1.000000,1,,NSE,5.000000,239506,False
4548,GUJRAFFIA-EQ,GUJRAFFIA,,-1.000000,1,,NSE,1.000000,176727,False
4732,SKMEGGPROD-EQ,SKMEGGPROD,,-1.000000,1,,NSE,5.000000,414381,False
4745,BANKINDIA-EQ,BANKINDIA,,-1.000000,1,,NSE,1.000000,710216,True
4747,INDNIPPON-EQ,INDNIPPON,,-1.000000,1,,NSE,10.000000,73587,False
4751,INDRAMEDCO-EQ,INDRAMEDCO,,-1.000000,1,,NSE,5.000000,281619,False
4752,683MH31-SG,683MH31,,-1.000000,100,,NSE,1.000000,999900,False
4774,LAKPRE-BZ,LAKPRE,,-1.000000,1,,NSE,1.000000,357792,False
4775,DCMFINSERV-EQ,DCMFINSERV,,-1.000000,1,,NSE,1.000000,614170,False
4899,72KL56-SG,72KL56,,-1.000000,100,,NSE,1.000000,1000000,False
4911,MADRASFERT-EQ,MADRASFERT,,-1.000000,1,,NSE,1.000000,1617295,False
4963,ICICIBANK-EQ,ICICIBANK,,-1.000000,1,,NSE,10.000000,71735,True
5003,712MZ34-SG,712MZ34,,-1.000000,100,,NSE,1.000000,327000,False
5026,682BR28-SG,682BR28,,-1.000000,100,,NSE,1.000000,1000000,False
5037,698TN31-SG,698TN31,,-1.000000,100,,NSE,1.000000,1000000,False
522,ICICIB22-EQ,ICICIB22,,-1.000000,1,,NSE,1.000000,883299,False
5206,ANDREWYU-EQ,ANDREWYU,,-1.000000,1,,NSE,1.000000,3810883,False
5239,MAHAPEXLTD-EQ,MAHAPEXLTD,,-1.000000,1,,NSE,1.000000,921609,False
5245,AAREYDRUGS-EQ,AAREYDRUGS,,-1.000000,1,,NSE,1.000000,927185,False
5306,FMCGIETF-EQ,FMCGIETF,,-1.000000,1,,NSE,1.000000,2057489,False
5335,702UP31-SG,702UP31,,-1.000000,100,,NSE,1.000000,1000000,False
5373,DEVYANI-EQ,DEVYANI,,-1.000000,1,,NSE,1.000000,723735,False
5417,697TN31B-SG,697TN31B,,-1.000000,100,,NSE,1.000000,1000000,False
5468,698AS31A-SG,698AS31A,,-1.000000,100,,NSE,1.000000,999960,False
5475,GRSE-EQ,GRSE,,-1.000000,1,,NSE,10.000000,41124,False
5560,689PN31-SG,689PN31,,-1.000000,100,,NSE,1.000000,1000000,False
5567,70AP39A-SG,70AP39A,,-1.000000,100,,NSE,1.000000,1000000,False
5569,702AP41-SG,702AP41,,-1.000000,100,,NSE,1.000000,1000000,False
5602,SFMP50GR-MF,SFMP50GR,,-1.000000,1,,NSE,1.000000,997159,False
5633,J&KBANK-EQ,J&KBANK,,-1.000000,1,,NSE,1.000000,688239,False
573,FELIX-SM,FELIX,,-1.000000,500,,NSE,5.000000,462317,False
5701,CUB-EQ,CUB,,-1.000000,1,,NSE,1.000000,438918,False
5744,68NL31-SG,68NL31,,-1.000000,100,,NSE,1.000000,490500,False
5751,SANSERA-EQ,SANSERA,,-1.000000,1,,NSE,10.000000,24184,False
5889,693AP38-SG,693AP38,,-1.000000,100,,NSE,1.000000,1000000,False
5896,693TS37-SG,693TS37,,-1.000000,100,,NSE,1.000000,1000000,False
5957,BSLSENETFG-EQ,BSLSENETFG,,-1.000000,1,,NSE,1.000000,1139206,False
5970,687BR30-SG,687BR30,,-1.000000,100,,NSE,1.000000,1000000,False
5986,688KA31-SG,688KA31,,-1.000000,100,,NSE,1.000000,1000000,False
6018,ABSLAMC-EQ,ABSLAMC,,-1.000000,1,,NSE,10.000000,89933,False
611,66RJ30A-SG,66RJ30A,,-1.000000,100,,NSE,1.000000,1000000,False
614,663UP30-SG,663UP30,,-1.000000,100,,NSE,1.000000,1000000,False
6052,BMETRICS-SM,BMETRICS,,-1.000000,800,,NSE,5.000000,402665,False
618,675KA33A-SG,675KA33A,,-1.000000,100,,NSE,1.000000,989100,False
6164,BHAGCHEM-EQ,BHAGCHEM,,-1.000000,1,,NSE,5.000000,386413,False
6259,RAJVIR-BZ,RAJVIR,,-1.000000,1,,NSE,1.000000,130631,False
6302,APOLSINHOT-EQ,APOLSINHOT,,-1.000000,1,,NSE,10.000000,81517,False
6315,662CG28-SG,662CG28,,-1.000000,100,,NSE,1.000000,1000000,False
6451,SHUBHLAXMI-SM,SHUBHLAXMI,,-1.000000,1000,,NSE,5.000000,346750,False
6579,FINOPB-EQ,FINOPB,,-1.000000,1,,NSE,1.000000,715095,False
6673,FOODSIN-EQ,FOODSIN,,-1.000000,1,,NSE,1.000000,1810567,False
6686,DRSDILIP-SM,DRSDILIP,,-1.000000,800,,NSE,5.000000,492540,False
6733,JINDALSTEL-EQ,JINDALSTEL,,-1.000000,1,,NSE,10.000000,88747,True
685,CHOLAFIN-EQ,CHOLAFIN,,-1.000000,1,,NSE,10.000000,53706,True
6741,671TN29-SG,671TN29,,-1.000000,100,,NSE,1.000000,1000000,False
6973,DMCC-EQ,DMCC,,-1.000000,1,,NSE,5.000000,347762,False
6981,83GS2040-GS,83GS2040,,-1.000000,1,,NSE,1.000000,918000,False
6991,687SK31-SG,687SK31,,-1.000000,100,,NSE,1.000000,578790,False
708,SHRADHA-EQ,SHRADHA,,-1.000000,1,,NSE,1.000000,2648620,False
6992,692AP41-SG,692AP41,,-1.000000,100,,NSE,1.000000,1000000,False
6994,BSOFT-EQ,BSOFT,,-1.000000,1,,NSE,5.000000,354972,False
7098,SGBD29VIII-GB,SGBD29VIII,,-1.000000,1,,NSE,1.000000,6605,False
7165,MICEL-BE,MICEL,,-1.000000,1,,NSE,1.000000,2817666,False
7195,679GS2029-GS,679GS2029,,-1.000000,1,,NSE,1.000000,962289,False
7318,707TN38-SG,707TN38,,-1.000000,100,,NSE,1.000000,1004200,False
7385,FOCE-SM,FOCE,,-1.000000,240,,NSE,5.000000,199995,False
7411,NILASPACES-EQ,NILASPACES,,-1.000000,1,,NSE,1.000000,8143265,False
7412,ALPHA-EQ,ALPHA,,-1.000000,1,,NSE,1.000000,1849653,False
7508,ZENTEC-EQ,ZENTEC,,-1.000000,1,,NSE,10.000000,57966,False
750290,VISL-EQ,VISL,,-1.000000,1,,NSE,1.000000,2999267,False
751669,766NBFID36-N0,766NBFID36,,-1.000000,1,,NSE,1.000000,1000,False
751745,SMALLGROWW-EQ,SMALLGROWW,,-1.000000,1,,NSE,1.000000,49271,False
755854,681HR39-SG,681HR39,,-1.000000,100,,NSE,1.000000,1000000,False
755875,995ISF28A-N0,995ISF28A,,-1.000000,1,,NSE,1.000000,228,False
755925,684TS56-SG,684TS56,,-1.000000,100,,NSE,1.000000,1000000,False
755941,8ABCL26-N2,8ABCL26,,-1.000000,1,,NSE,1.000000,67135,False
755942,ABCL26-N3,ABCL26,,-1.000000,1,,NSE,1.000000,3507,False
755954,803ABCL33-NF,803ABCL33,,-1.000000,1,,NSE,1.000000,999,False
755996,10UCL26-ND,10UCL26,,-1.000000,1,,NSE,1.000000,14549,False
756000,1015UCL27-NF,1015UCL27,,-1.000000,1,,NSE,1.000000,12889,False
756029,815ANN32-N0,815ANN32,,-1.000000,1,,NSE,1.000000,40,False
756062,676MH37-SG,676MH37,,-1.000000,100,,NSE,1.000000,1000000,False
756063,672MH38-SG,672MH38,,-1.000000,100,,NSE,1.000000,1075200,False
756093,677MH37-SG,677MH37,,-1.000000,100,,NSE,1.000000,1000000,False
756150,SILVER360-EQ,SILVER360,,-1.000000,1,,NSE,1.000000,66581,False
756153,960IIFL30-Y2,960IIFL30,,-1.000000,1,,NSE,1.000000,13922,False
756743,694PGCIL35-N0,694PGCIL35,,-1.000000,1,,NSE,1.000000,999,False
756790,709TS58-SG,709TS58,,-1.000000,100,,NSE,1.000000,1075200,False
756791,709TS59-SG,709TS59,,-1.000000,100,,NSE,1.000000,1000000,False
756857,683AP34-SG,683AP34,,-1.000000,100,,NSE,1.000000,999930,False
756858,671AP35-SG,671AP35,,-1.000000,100,,NSE,1.000000,1000000,False
756905,686NHPCL37-N0,686NHPCL37,,-1.000000,1,,NSE,1.000000,636,False
757031,MOINFRA-EQ,MOINFRA,,-1.000000,1,,NSE,1.000000,18050,False
757038,689PN46-SG,689PN46,,-1.000000,100,,NSE,1.000000,1000000,False
757047,715SHFL30-N0,715SHFL30,,-1.000000,1,,NSE,1.000000,817,False
757060,VGINFOTECH-SM,VGINFOTECH,,-1.000000,1000,,NSE,5.000000,700275,False
757111,671TN35A-SG,671TN35A,,-1.000000,100,,NSE,1.000000,1000000,False
757112,677HR39-SG,677HR39,,-1.000000,100,,NSE,1.000000,1000000,False
757129,990CCSP27-N0,990CCSP27,,-1.000000,1,,NSE,1.000000,457,False
757148,738ABCL28-N0,738ABCL28,,-1.000000,1,,NSE,1.000000,999,False
757336,AEGISVOPAK-EQ,AEGISVOPAK,,-1.000000,1,,NSE,5.000000,337937,False
757388,684AP39-SG,684AP39,,-1.000000,100,,NSE,1.000000,999900,False
757389,688MP41-SG,688MP41,,-1.000000,100,,NSE,1.000000,999992,False
757437,708AP40A-SG,708AP40A,,-1.000000,100,,NSE,1.000000,1000000,False
757442,708TS57-SG,708TS57,,-1.000000,100,,NSE,1.000000,1000000,False
757443,MOTOUR-EQ,MOTOUR,,-1.000000,1,,NSE,1.000000,71940,False
757465,865SCL28-N9,865SCL28,,-1.000000,1,,NSE,1.000000,359,False
757469,965SCL30-ND,965SCL30,,-1.000000,1,,NSE,1.000000,2887,False
757476,920SCL32-NK,920SCL32,,-1.000000,1,,NSE,1.000000,1471,False
757487,910HFL35-N0,910HFL35,,-1.000000,1,,NSE,1.000000,490,False
757513,805MFL27-N0,805MFL27,,-1.000000,1,,NSE,1.000000,1000,False
757489,NRVANDANA-SM,NRVANDANA,,-1.000000,3000,,NSE,5.000000,761740,False
757493,NEPTUNE-SM,NEPTUNE,,-1.000000,500,,NSE,5.000000,558499,False
757497,995SCL2035-NM,995SCL2035,,-1.000000,1,,NSE,1.000000,1828,False
757531,730SICC28-N0,730SICC28,,-1.000000,1,,NSE,1.000000,999,False
757546,682TN36-SG,682TN36,,-1.000000,100,,NSE,1.000000,1000000,False
757548,703MH38-SG,703MH38,,-1.000000,100,,NSE,1.000000,1000000,False
757556,71WB51-SG,71WB51,,-1.000000,100,,NSE,1.000000,999900,False
757606,950SCL30-N0,950SCL30,,-1.000000,1,,NSE,1.000000,261,False
757690,CEDAAR-ST,CEDAAR,,-1.000000,1000,,NSE,5.000000,453830,False
757730,676AS32-SG,676AS32,,-1.000000,100,,NSE,1.000000,1000000,False
757734,680RJ35-SG,680RJ35,,-1.000000,100,,NSE,1.000000,1000000,False
757737,715MH45-SG,715MH45,,-1.000000,100,,NSE,1.000000,1000000,False
757738,715MH46-SG,715MH46,,-1.000000,100,,NSE,1.000000,1000000,False
757740,714TS49-SG,714TS49,,-1.000000,100,,NSE,1.000000,1000000,False
757741,715HP50-SG,715HP50,,-1.000000,100,,NSE,1.000000,999960,False
757748,694RJ35-SG,694RJ35,,-1.000000,100,,NSE,1.000000,999900,False
757749,697UK35-SG,697UK35,,-1.000000,100,,NSE,1.000000,1000000,False
757794,BRIGHOTEL-EQ,BRIGHOTEL,,-1.000000,1,,NSE,1.000000,1769306,False
757842,745TIL35-N0,745TIL35,,-1.000000,1,,NSE,1.000000,999,False
757861,TSC-ST,TSC,,-1.000000,2000,,NSE,5.000000,474769,False
757869,895AEL27-N9,895AEL27,,-1.000000,1,,NSE,1.000000,26646,False
757874,9AEL30-NE,9AEL30,,-1.000000,1,,NSE,1.000000,24485,False
757896,715SHFL28-N0,715SHFL28,,-1.000000,1,,NSE,1.000000,654,False
757936,710TS57-SG,710TS57,,-1.000000,100,,NSE,1.000000,1000000,False
757955,PASHUPATI-EQ,PASHUPATI,,-1.000000,1,,NSE,1.000000,1238570,False
757970,712LTFL27-N0,712LTFL27,,-1.000000,1,,NSE,1.000000,1000,False
758165,GROWWPOWER-EQ,GROWWPOWER,,-1.000000,1,,NSE,1.000000,8310919,False
758193,722MP43-SG,722MP43,,-1.000000,100,,NSE,1.000000,1000000,False
758194,719TS44-SG,719TS44,,-1.000000,100,,NSE,1.000000,1000000,False
758198,717MH54-SG,717MH54,,-1.000000,100,,NSE,1.000000,1000000,False
758204,700ML35-SG,700ML35,,-1.000000,100,,NSE,1.000000,981000,False
758533,118VCCL27A-N0,118VCCL27A,,-1.000000,1,,NSE,1.000000,65,False
758579,702GJ33A-SG,702GJ33A,,-1.000000,100,,NSE,1.000000,999900,False
758581,745WB44A-SG,745WB44A,,-1.000000,100,,NSE,1.000000,1000000,False
758582,744TN55-SG,744TN55,,-1.000000,100,,NSE,1.000000,1052600,False
758634,827TPL29-N0,827TPL29,,-1.000000,1,,NSE,1.000000,817,False
758642,666NBRD28-N0,666NBRD28,,-1.000000,1,,NSE,1.000000,999,False
758650,790TIL28-N0,790TIL28,,-1.000000,1,,NSE,1.000000,999,False
758652,796TIL29-N0,796TIL29,,-1.000000,1,,NSE,1.000000,999,False
758666,754TS53-SG,754TS53,,-1.000000,100,,NSE,1.000000,1074100,False
758667,MANUFGBEES-EQ,MANUFGBEES,,-1.000000,1,,NSE,1.000000,22986,False
758708,975ISF35-N0,975ISF35,,-1.000000,1,,NSE,1.000000,196,False
758714,725OR33-SG,725OR33,,-1.000000,100,,NSE,1.000000,1000000,False
758722,782JK42-SG,782JK42,,-1.000000,100,,NSE,1.000000,981000,False
758717,727HP35-SG,727HP35,,-1.000000,100,,NSE,1.000000,1000000,False
758719,74GA37-SG,74GA37,,-1.000000,100,,NSE,1.000000,327000,False
758760,1165ESF32-N0,1165ESF32,,-1.000000,1,,NSE,1.000000,277,False
758816,714TN35-SG,714TN35,,-1.000000,100,,NSE,1.000000,1000000,False
758817,734CG40-SG,734CG40,,-1.000000,100,,NSE,1.000000,1000000,False
758829,705SFL27-N0,705SFL27,,-1.000000,1,,NSE,1.000000,1000,False
758835,364D231026-TB,364D231026,,-1.000000,100,,NSE,1.000000,1009800,False
758849,748GA36-SG,748GA36,,-1.000000,100,,NSE,1.000000,327000,False
758858,CPPLUS-EQ,CPPLUS,,-1.000000,1,,NSE,10.000000,26044,False
758889,SGMART-EQ,SGMART,,-1.000000,1,,NSE,5.000000,133093,False
758904,AONEGOLD-EQ,AONEGOLD,,-1.000000,1,,NSE,1.000000,1990796,False
758918,774TS55-SG,774TS55,,-1.000000,100,,NSE,1.000000,999900,False
758923,627TN27-SG,627TN27,,-1.000000,100,,NSE,1.000000,1045600,False
758931,763AS35-SG,763AS35,,-1.000000,100,,NSE,1.000000,1000000,False
758932,769ML35-SG,769ML35,,-1.000000,100,,NSE,1.000000,1000000,False
758937,774TS51-SG,774TS51,,-1.000000,100,,NSE,1.000000,999900,False
759019,685NBRD29-N0,685NBRD29,,-1.000000,1,,NSE,1.000000,999,False
758952,ELM250-EQ,ELM250,,-1.000000,1,,NSE,1.000000,3303930,False
758955,SML100CASE-EQ,SML100CASE,,-1.000000,1,,NSE,1.000000,2922703,False
759026,707GJ32A-SG,707GJ32A,,-1.000000,100,,NSE,1.000000,999900,False
759100,965ISF28-N0,965ISF28,,-1.000000,1,,NSE,1.000000,327,False
759182,719TN33-SG,719TN33,,-1.000000,100,,NSE,1.000000,1000000,False
759185,741SK35-SG,741SK35,,-1.000000,100,,NSE,1.000000,1000000,False
759189,743OR40-SG,743OR40,,-1.000000,100,,NSE,1.000000,1000000,False
759191,744JH41-SG,744JH41,,-1.000000,100,,NSE,1.000000,1000000,False
759218,723SK35-SG,723SK35,,-1.000000,100,,NSE,1.000000,1000000,False
759226,ASIFRD-SF,ASIFRD,,-1.000000,1,,NSE,1.000000,3269,False
759275,AAFS30A-N0,AAFS30A,,-1.000000,1,,NSE,1.000000,264,False
759306,708OR33-SG,708OR33,,-1.000000,100,,NSE,1.000000,1000000,False
759334,746RJ51-SG,746RJ51,,-1.000000,100,,NSE,1.000000,1052600,False
759336,752TS54-SG,752TS54,,-1.000000,100,,NSE,1.000000,1000000,False
759368,FLEXIADD-EQ,FLEXIADD,,-1.000000,1,,NSE,1.000000,479532,False
759385,706GJ33-SG,706GJ33,,-1.000000,100,,NSE,1.000000,1052600,False
759392,116VCCL27A-N0,116VCCL27A,,-1.000000,1,,NSE,1.000000,98,False
759427,GREENLEAF-ST,GREENLEAF,,-1.000000,1000,,NSE,5.000000,193886,False
759466,ELIQUID-EQ,ELIQUID,,-1.000000,1,,NSE,1.000000,20643,False
759470,875PFL27-N0,875PFL27,,-1.000000,1,,NSE,1.000000,968,False
759472,705JCL27-N0,705JCL27,,-1.000000,1,,NSE,1.000000,1000,False
759486,758CIFL30-N0,758CIFL30,,-1.000000,1,,NSE,1.000000,999,False
759557,95PFL34-N0,95PFL34,,-1.000000,1,,NSE,1.000000,506,False
759522,GROWWSC250-EQ,GROWWSC250,,-1.000000,1,,NSE,1.000000,539152,False
759526,712OIT40-N0,712OIT40,,-1.000000,1,,NSE,1.000000,761,False
759610,CHOICEGOLD-EQ,CHOICEGOLD,,-1.000000,1,,NSE,1.000000,112808,False
759702,768JK38-SG,768JK38,,-1.000000,100,,NSE,1.000000,1000000,False
759708,767CG43-SG,767CG43,,-1.000000,100,,NSE,1.000000,1000000,False
759719,GROWWMC150-EQ,GROWWMC150,,-1.000000,1,,NSE,1.000000,9010,False
759737,707MH33-SG,707MH33,,-1.000000,100,,NSE,1.000000,1052600,False
759744,745MP44B-SG,745MP44B,,-1.000000,100,,NSE,1.000000,1000000,False
759754,880PFL28-N0,880PFL28,,-1.000000,1,,NSE,1.000000,999,False
759780,ENERGY-EQ,ENERGY,,-1.000000,1,,NSE,1.000000,2456093,False
759820,PINELABS-EQ,PINELABS,,-1.000000,1,,NSE,1.000000,493758,False
759831,364D121126-TB,364D121126,,-1.000000,100,,NSE,1.000000,1011827,False
759832,SICCL28-N0,SICCL28,,-1.000000,1,,NSE,1.000000,999,False
759834,686NBFID30-N0,686NBFID30,,-1.000000,1,,NSE,1.000000,999,False
759863,675RJ30A-SG,675RJ30A,,-1.000000,100,,NSE,1.000000,1000000,False
759874,72841ABH30-N0,72841ABH30,,-1.000000,1,,NSE,1.000000,654,False
759891,MOIPO-EQ,MOIPO,,-1.000000,1,,NSE,1.000000,42510,False
759895,910HFL36-N0,910HFL36,,-1.000000,1,,NSE,1.000000,817,False
759909,744RJ33B-SG,744RJ33B,,-1.000000,100,,NSE,1.000000,1000000,False
759945,MGSL-SM,MGSL,,-1.000000,1200,,NSE,5.000000,476825,False
760015,721SK35-SG,721SK35,,-1.000000,100,,NSE,1.000000,1000000,False
760016,724RJ36A-SG,724RJ36A,,-1.000000,100,,NSE,1.000000,999960,False
760027,744TN55B-SG,744TN55B,,-1.000000,100,,NSE,1.000000,1000000,False
760060,764CG40-SG,764CG40,,-1.000000,100,,NSE,1.000000,1000000,False
760083,753AP40-SG,753AP40,,-1.000000,100,,NSE,1.000000,1000000,False
760088,754MP48-SG,754MP48,,-1.000000,100,,NSE,1.000000,1000000,False
760106,736CIFL28-N0,736CIFL28,,-1.000000,1,,NSE,1.000000,1000,False
760166,364D250227-TB,364D250227,,-1.000000,100,,NSE,1.000000,1032800,False
760211,72190LTFL2-N0,72190LTFL2,,-1.000000,1,,NSE,1.000000,999,False
760202,SHRIKANHA-SM,SHRIKANHA,,-1.000000,1600,,NSE,5.000000,509544,False
760218,8SMC29-N1,8SMC29,,-1.000000,1,,NSE,1.000000,65400,False
760219,8SMC30-N2,8SMC30,,-1.000000,1,,NSE,1.000000,65400,False
760240,AAFS30D-N0,AAFS30D,,-1.000000,1,,NSE,1.000000,638,False
760270,75MP36-SG,75MP36,,-1.000000,100,,NSE,1.000000,999960,False
7603,CMSINFO-EQ,CMSINFO,,-1.000000,1,,NSE,1.000000,445509,False
760314,805SICCL35-N0,805SICCL35,,-1.000000,1,,NSE,1.000000,327,False
760337,716TN32-SG,716TN32,,-1.000000,100,,NSE,1.000000,1000000,False
760339,727GJ34-SG,727GJ34,,-1.000000,100,,NSE,1.000000,1000000,False
760364,915APSBC27-N0,915APSBC27,,-1.000000,1,,NSE,1.000000,995,False
760385,759AS39-SG,759AS39,,-1.000000,100,,NSE,1.000000,999990,False
760395,875MOF27-N0,875MOF27,,-1.000000,1,,NSE,1.000000,929,False
760403,850IIFL28-N0,850IIFL28,,-1.000000,1,,NSE,1.000000,212,False
760438,GROWWMETAL-EQ,GROWWMETAL,,-1.000000,1,,NSE,1.000000,1100573,False
760441,752AP37-SG,752AP37,,-1.000000,100,,NSE,1.000000,1000000,False
760444,754HR40-SG,754HR40,,-1.000000,100,,NSE,1.000000,1000000,False
760453,MARC-SM,MARC,,-1.000000,1200,,NSE,5.000000,566147,False
760463,895PAPL27-N0,895PAPL27,,-1.000000,1,,NSE,1.000000,245,False
760492,DHARARAIL-ST,DHARARAIL,,-1.000000,1000,,NSE,5.000000,493246,False
760502,716GJ31-SG,716GJ31,,-1.000000,100,,NSE,1.000000,999900,False
760505,764UK32-SG,764UK32,,-1.000000,100,,NSE,1.000000,1000000,False
760510,754RJ35-SG,754RJ35,,-1.000000,100,,NSE,1.000000,1000000,False
760513,754RJ36-SG,754RJ36,,-1.000000,100,,NSE,1.000000,1000000,False
760514,752KA37-SG,752KA37,,-1.000000,100,,NSE,1.000000,1000000,False
760516,762WB41-SG,762WB41,,-1.000000,100,,NSE,1.000000,1162700,False
760557,695MP30-SG,695MP30,,-1.000000,100,,NSE,1.000000,999900,False
760561,AVTL29-N0,AVTL29,,-1.000000,1,,NSE,1.000000,999,False
760563,722TN32-SG,722TN32,,-1.000000,100,,NSE,1.000000,1000000,False
760571,767JK38-SG,767JK38,,-1.000000,100,,NSE,1.000000,999960,False
760590,758TN56-SG,758TN56,,-1.000000,100,,NSE,1.000000,1000000,False
760594,BUILDPRO-EQ,BUILDPRO,,-1.000000,1,,NSE,10.000000,79828,False
760599,NEXT50ADD-EQ,NEXT50ADD,,-1.000000,1,,NSE,1.000000,41594,False
760608,769WB49-SG,769WB49,,-1.000000,100,,NSE,1.000000,1000000,False
760615,715KA31-SG,715KA31,,-1.000000,100,,NSE,1.000000,1000000,False
760621,748KA35-SG,748KA35,,-1.000000,100,,NSE,1.000000,1000000,False
760657,ADVAIT-EQ,ADVAIT,,-1.000000,1,,NSE,10.000000,48422,False
760667,759WB37-SG,759WB37,,-1.000000,100,,NSE,1.000000,1000000,False
760679,765BR44-SG,765BR44,,-1.000000,100,,NSE,1.000000,1047000,False
760682,761TS52-SG,761TS52,,-1.000000,100,,NSE,1.000000,1000000,False
760695,AAFS30C-N0,AAFS30C,,-1.000000,1,,NSE,1.000000,544,False
760740,AMAGI-EQ,AMAGI,,-1.000000,1,,NSE,5.000000,172854,False
760747,780TOPL31-N0,780TOPL31,,-1.000000,1,,NSE,1.000000,999,False
760752,ARMOUR-ST,ARMOUR,,-1.000000,2000,,NSE,5.000000,551649,False
760754,764TS44-SG,764TS44,,-1.000000,100,,NSE,1.000000,1000000,False
760758,760BR50-SG,760BR50,,-1.000000,100,,NSE,1.000000,999900,False
760813,748NIIF33-N0,748NIIF33,,-1.000000,1,,NSE,1.000000,999,False
760817,790IHFL27-N0,790IHFL27,,-1.000000,1,,NSE,1.000000,327,False
760819,785MFL29-N0,785MFL29,,-1.000000,1,,NSE,1.000000,999,False
760884,748AS35-SG,748AS35,,-1.000000,100,,NSE,1.000000,1000000,False
760893,DSFCL-BE,DSFCL,,-1.000000,1,,NSE,1.000000,2844644,False
760901,920ISF28B-N0,920ISF28B,,-1.000000,1,,NSE,1.000000,4251,False
760909,755KA35-SG,755KA35,,-1.000000,100,,NSE,1.000000,1000000,False
760915,776TS39-SG,776TS39,,-1.000000,100,,NSE,1.000000,980200,False
761,662JH30-SG,662JH30,,-1.000000,100,,NSE,1.000000,999880,False
760956,1225DCCL27-N0,1225DCCL27,,-1.000000,1,,NSE,1.000000,32,False
760961,FRACTAL-EQ,FRACTAL,,-1.000000,1,,NSE,5.000000,130693,False
760966,785TPL28-N0,785TPL28,,-1.000000,1,,NSE,1.000000,817,False
761014,766KL39-SG,766KL39,,-1.000000,100,,NSE,1.000000,1000000,False
761018,772MP49-SG,772MP49,,-1.000000,100,,NSE,1.000000,999880,False
761051,774WB44-SG,774WB44,,-1.000000,100,,NSE,1.000000,999900,False
761066,ABSLMSCIN-EQ,ABSLMSCIN,,-1.000000,1,,NSE,1.000000,123412,False
761153,SEDEMAC-EQ,SEDEMAC,,-1.000000,1,,NSE,10.000000,34401,False
761206,723BOI35-N0,723BOI35,,-1.000000,1,,NSE,1.000000,1000,False
761217,EPWINDIA-ST,EPWINDIA,,-1.000000,1200,,NSE,5.000000,375382,False
761320,691TN31A-SG,691TN31A,,-1.000000,100,,NSE,1.000000,1000000,False
761324,753SK36A-SG,753SK36A,,-1.000000,100,,NSE,1.000000,817500,False
761344,AEL120126-NL,AEL120126,,-1.000000,1,,NSE,1.000000,9520,False
761376,769HR44-SG,769HR44,,-1.000000,100,,NSE,1.000000,1000000,False
761385,745DL36-SG,745DL36,,-1.000000,100,,NSE,1.000000,1000000,False
761393,SPCON-SM,SPCON,,-1.000000,1200,,NSE,5.000000,257054,False
761420,SINGERIND-EQ,SINGERIND,,-1.000000,1,,NSE,1.000000,1313010,False
761430,745SFL29-N0,745SFL29,,-1.000000,1,,NSE,1.000000,999,False
761439,RSL-EQ,RSL,,-1.000000,1,,NSE,1.000000,525974,False
761451,776WB49-SG,776WB49,,-1.000000,100,,NSE,1.000000,1000000,False
761477,769TS56-SG,769TS56,,-1.000000,100,,NSE,1.000000,1000000,False
761511,VALUE-EQ,VALUE,,-1.000000,1,,NSE,1.000000,257755,False
761519,788AP46-SG,788AP46,,-1.000000,100,,NSE,1.000000,999900,False
761544,ARSIFHDG-SF,ARSIFHDG,,-1.000000,1,,NSE,1.000000,1107505,False
761552,742HR32-SG,742HR32,,-1.000000,100,,NSE,1.000000,1000000,False
761558,774ML35-SG,774ML35,,-1.000000,100,,NSE,1.000000,827310,False
761560,787SK36-SG,787SK36,,-1.000000,100,,NSE,1.000000,1000000,False
761570,788MN39-SG,788MN39,,-1.000000,100,,NSE,1.000000,999985,False
761577,810TVSH29-N0,810TVSH29,,-1.000000,1,,NSE,1.000000,999,False
761609,13DCCL29-N0,13DCCL29,,-1.000000,1,,NSE,1.000000,19,False
761658,807AP51-SG,807AP51,,-1.000000,100,,NSE,1.000000,999900,False
761687,364D080427-TB,364D080427,,-1.000000,100,,NSE,1.000000,1041000,False
761718,782MP40-SG,782MP40,,-1.000000,100,,NSE,1.000000,999900,False
761747,80TR46-SG,80TR46,,-1.000000,100,,NSE,1.000000,999955,False
761748,804KL46-SG,804KL46,,-1.000000,100,,NSE,1.000000,990075,False
761753,804WB52-SG,804WB52,,-1.000000,100,,NSE,1.000000,1000000,False
761761,799RJ41-SG,799RJ41,,-1.000000,100,,NSE,1.000000,1035300,False
761797,87HMDA41-N0,87HMDA41,,-1.000000,1,,NSE,1.000000,630,False
761801,87HMDA43-N0,87HMDA43,,-1.000000,1,,NSE,1.000000,630,False
761809,87HMDA39-N0,87HMDA39,,-1.000000,1,,NSE,1.000000,630,False
761824,AARNAV-BE,AARNAV,,-1.000000,1,,NSE,1.000000,1381203,False
761841,87HMDA34-N0,87HMDA34,,-1.000000,1,,NSE,1.000000,630,False
762346,RMC-EQ,RMC,,-1.000000,1,,NSE,1.000000,345862,False
762421,737CG31-SG,737CG31,,-1.000000,100,,NSE,1.000000,1028700,False
762553,ASTAR-EQ,ASTAR,,-1.000000,1,,NSE,5.000000,171512,False
762737,KANCHI-EQ,KANCHI,,-1.000000,1,,NSE,5.000000,142045,False
762909,SHRIKRISH-EQ,SHRIKRISH,,-1.000000,1,,NSE,1.000000,915600,False
762929,TAALTECH-EQ,TAALTECH,,-1.000000,1,,NSE,10.000000,18601,False
762961,ULTRAMAR-EQ,ULTRAMAR,,-1.000000,1,,NSE,5.000000,233337,False
763079,364D220427-TB,364D220427,,-1.000000,100,,NSE,1.000000,1039799,False
763080,7794LTFL31-N0,7794LTFL31,,-1.000000,1,,NSE,1.000000,1000,False
763086,QSIFAARG-SF,QSIFAARG,,-1.000000,1,,NSE,1.000000,39238,False
763140,925ICFL27A-N0,925ICFL27A,,-1.000000,1,,NSE,1.000000,654,False
763200,772UP36A-SG,772UP36A,,-1.000000,100,,NSE,1.000000,1005000,False
763202,769UK36-SG,769UK36,,-1.000000,100,,NSE,1.000000,999995,False
763256,AMBAAUTO-SM,AMBAAUTO,,-1.000000,1000,,NSE,5.000000,599194,False
763272,97CCSP29-N0,97CCSP29,,-1.000000,1,,NSE,1.000000,245,False
763283,743RJ31-SG,743RJ31,,-1.000000,100,,NSE,1.000000,999960,False
763527,364D200527-TB,364D200527,,-1.000000,100,,NSE,1.000000,1050600,False
763575,12VPT28-N0,12VPT28,,-1.000000,1,,NSE,1.000000,654,False
763649,767NHPCL35-N0,767NHPCL35,,-1.000000,1,,NSE,1.000000,654,False
763651,767NHPCL36-N0,767NHPCL36,,-1.000000,1,,NSE,1.000000,654,False
763659,767NHPCL40-N0,767NHPCL40,,-1.000000,1,,NSE,1.000000,654,False
763709,850HMDA46-N0,850HMDA46,,-1.000000,1,,NSE,1.000000,999,False
763738,786AP38-SG,786AP38,,-1.000000,100,,NSE,1.000000,999900,False
763751,0ABCL31-N0,0ABCL31,,-1.000000,1,,NSE,1.000000,654,False
763773,702PN30-SG,702PN30,,-1.000000,100,,NSE,1.000000,1030900,False
763774,753TS39-SG,753TS39,,-1.000000,100,,NSE,1.000000,1099800,False
763800,AASTHA-EQ,AASTHA,,-1.000000,1,,NSE,1.000000,1275003,False
763829,AAFS32A-N0,AAFS32A,,-1.000000,1,,NSE,1.000000,474,False
763861,INSIFHLSRR-SF,INSIFHLSRR,,-1.000000,1,,NSE,1.000000,25504,False
764044,707WB31-SG,707WB31,,-1.000000,100,,NSE,1.000000,1000000,False
764048,182D070127-TB,182D070127,,-1.000000,100,,NSE,1.000000,1028580,False
764049,364D080727-TB,364D080727,,-1.000000,100,,NSE,1.000000,1059100,False
764075,783PHFL29-N0,783PHFL29,,-1.000000,1,,NSE,1.000000,999,False
764146,738GJ35A-SG,738GJ35A,,-1.000000,100,,NSE,1.000000,1000500,False
764147,751AP36-SG,751AP36,,-1.000000,100,,NSE,1.000000,1000000,False
764148,751GJ38-SG,751GJ38,,-1.000000,100,,NSE,1.000000,1000000,False
764178,730RL31-N0,730RL31,,-1.000000,1,,NSE,1.000000,999,False
764195,PVTBANK-EQ,PVTBANK,,-1.000000,1,,NSE,1.000000,188311,False
764246,758MP38-SG,758MP38,,-1.000000,100,,NSE,1.000000,999880,False
764249,77UK48-SG,77UK48,,-1.000000,100,,NSE,1.000000,1000000,False
764250,758WB35-SG,758WB35,,-1.000000,100,,NSE,1.000000,1000000,False
764308,774SFL28-N0,774SFL28,,-1.000000,1,,NSE,1.000000,999,False
764312,XTRANET-EQ,XTRANET,,-1.000000,1,,NSE,1.000000,368509,False
764330,364D290727-TB,364D290727,,-1.000000,100,,NSE,1.000000,1062600,False
764336,HDFCNIMEG-EQ,HDFCNIMEG,,-1.000000,1,,NSE,1.000000,313198,False
764367,ELMDIV-EQ,ELMDIV,,-1.000000,1,,NSE,1.000000,176962,False
764395,1116AFL28A-N0,1116AFL28A,,-1.000000,1,,NSE,1.000000,981,False
764454,902LMAEL36-N0,902LMAEL36,,-1.000000,1,,NSE,1.000000,999,False
764476,AAFS32B-N0,AAFS32B,,-1.000000,1,,NSE,1.000000,411,False
764499,728RECL29-N0,728RECL29,,-1.000000,1,,NSE,1.000000,999,False
764528,OPTIMYSTIX-SM,OPTIMYSTIX,,-1.000000,800,,NSE,5.000000,675659,False
764573,ALFREDHE-EQ,ALFREDHE,,-1.000000,1,,NSE,10.000000,25225,False
764638,CFEL-EQ,CFEL,,-1.000000,1,,NSE,1.000000,818154,False
764678,ENKEIWHEL-EQ,ENKEIWHEL,,-1.000000,1,,NSE,5.000000,250623,False
764733,JYOTIRES-EQ,JYOTIRES,,-1.000000,1,,NSE,5.000000,115224,False
764758,LADDERUP-EQ,LADDERUP,,-1.000000,1,,NSE,1.000000,346700,False
764763,LAKSHMIMIL-EQ,LAKSHMIMIL,,-1.000000,1,,NSE,50.000000,12820,False
764838,PERMAGN-EQ,PERMAGN,,-1.000000,1,,NSE,5.000000,115649,False
764865,SAICAPI-EQ,SAICAPI,,-1.000000,1,,NSE,1.000000,94153,False
764910,SHRJAGP-EQ,SHRJAGP,,-1.000000,1,,NSE,5.000000,154552,False
764955,TGVSL-EQ,TGVSL,,-1.000000,1,,NSE,1.000000,944103,False
764970,UPHOT-EQ,UPHOT,,-1.000000,1,,NSE,10.000000,66706,False
765020,ANSALBU-EQ,ANSALBU,,-1.000000,1,,NSE,1.000000,241451,False
765155,PRISMX-EQ,PRISMX,,-1.000000,1,,NSE,1.000000,14358465,False
765175,SUMEDHA-EQ,SUMEDHA,,-1.000000,1,,NSE,1.000000,261090,False
765220,VTMLTD-EQ,VTMLTD,,-1.000000,1,,NSE,1.000000,2065184,False
765291,BLEL-EQ,BLEL,,-1.000000,1,,NSE,5.000000,226149,False
765303,CREDENT-SM,CREDENT,,-1.000000,600,,NSE,5.000000,280031,False
765321,716OR32-SG,716OR32,,-1.000000,100,,NSE,1.000000,1052500,False
765326,364D190827-TB,364D190827,,-1.000000,100,,NSE,1.000000,1057000,False
765361,LALITHAA-EQ,LALITHAA,,-1.000000,1,,NSE,5.000000,294967,False
7654,SGBDEC26-GB,SGBDEC26,,-1.000000,1,,NSE,1.000000,6535,False
765422,795KSFP28-N0,795KSFP28,,-1.000000,1,,NSE,1.000000,1000,False
765443,182D260227-TB,182D260227,,-1.000000,100,,NSE,1.000000,1035073,False
765445,RCDL-RE-ST,RCDL-RE,,-1.000000,3000,,NSE,5.000000,781366,False
765449,11RCPL28A-N0,11RCPL28A,,-1.000000,1,,NSE,1.000000,2452,False
765480,SKYWAYS-EQ,SKYWAYS,,-1.000000,1,,NSE,1.000000,861887,False
765485,SYMBIOTEC-EQ,SYMBIOTEC,,-1.000000,1,,NSE,5.000000,88223,False
765499,ENERGYAXIS-EQ,ENERGYAXIS,,-1.000000,1,,NSE,1.000000,119579,False
765522,808JCL29-N0,808JCL29,,-1.000000,1,,NSE,1.000000,999,False
765927,MPEL-RE-ST,MPEL-RE,,-1.000000,3200,,NSE,5.000000,508550,False
765982,91D101226-TB,91D101226,,-1.000000,100,,NSE,1.000000,1012095,False
765988,QUALIANCE-ST,QUALIANCE,,-1.000000,1000,,NSE,5.000000,423536,False
7669,TRANSPEK-BE,TRANSPEK,,-1.000000,1,,NSE,10.000000,74349,False
7692,713HR32-SG,713HR32,,-1.000000,100,,NSE,1.000000,999900,False
7710,714WB32-SG,714WB32,,-1.000000,100,,NSE,1.000000,1000000,False
776,656MH30-SG,656MH30,,-1.000000,100,,NSE,1.000000,999900,False
7780,BCONCEPTS-EQ,BCONCEPTS,,-1.000000,1,,NSE,1.000000,408157,False
7800,TIMESCAN-SM,TIMESCAN,,-1.000000,2000,,NSE,5.000000,228507,False
7815,728TS35-SG,728TS35,,-1.000000,100,,NSE,1.000000,999900,False
7861,733MP42-SG,733MP42,,-1.000000,100,,NSE,1.000000,1000000,False
7963,PRECISION-ST,PRECISION,,-1.000000,2000,,NSE,5.000000,750761,False
8011,696HR29-SG,696HR29,,-1.000000,100,,NSE,1.000000,1000000,False
811,DCMSHRIRAM-EQ,DCMSHRIRAM,,-1.000000,1,,NSE,10.000000,99959,False
8080,SILVERBEES-EQ,SILVERBEES,,-1.000000,1,,NSE,1.000000,460831,False
8130,705MZ29-SG,705MZ29,,-1.000000,100,,NSE,1.000000,238710,False
8136,724RJ32A-SG,724RJ32A,,-1.000000,100,,NSE,1.000000,1000000,False
8138,732AS32-SG,732AS32,,-1.000000,100,,NSE,1.000000,999960,False
8146,DEVIT-EQ,DEVIT,,-1.000000,1,,NSE,1.000000,1843093,False
8192,713JK34-SG,713JK34,,-1.000000,100,,NSE,1.000000,999960,False
827,DEEPAKFERT-EQ,DEEPAKFERT,,-1.000000,1,,NSE,10.000000,75616,False
8292,71TN32-SG,71TN32,,-1.000000,100,,NSE,1.000000,1000000,False
8327,717BR32-SG,717BR32,,-1.000000,100,,NSE,1.000000,999863,False
8333,713TS34-SG,713TS34,,-1.000000,100,,NSE,1.000000,1000000,False
836,575PY26-SG,575PY26,,-1.000000,100,,NSE,1.000000,408750,False
8335,713AP39-SG,713AP39,,-1.000000,100,,NSE,1.000000,1000000,False
8336,713HR42-SG,713HR42,,-1.000000,100,,NSE,1.000000,999900,False
8446,H1861D46DQ-MF,H1861D46DQ,,-1.000000,1,,NSE,1.000000,735,False
8491,719TN32-SG,719TN32,,-1.000000,100,,NSE,1.000000,1000000,False
855,645RJ30-SG,645RJ30,,-1.000000,100,,NSE,1.000000,1000000,False
8574,724RJ32B-SG,724RJ32B,,-1.000000,100,,NSE,1.000000,1000000,False
8660,VETO-BE,VETO,,-1.000000,1,,NSE,1.000000,625059,False
8680,713RJ29-SG,713RJ29,,-1.000000,100,,NSE,1.000000,999944,False
881,DRREDDY-EQ,DRREDDY,,-1.000000,1,,NSE,10.000000,85136,True
8705,739UP37-SG,739UP37,,-1.000000,100,,NSE,1.000000,1000000,False
8766,SGBFEB27-GB,SGBFEB27,,-1.000000,1,,NSE,1.000000,6655,False
8797,OBCL-EQ,OBCL,,-1.000000,1,,NSE,1.000000,689407,False
8825,PRIVISCL-EQ,PRIVISCL,,-1.000000,1,,NSE,10.000000,28086,False
8845,UMAEXPORTS-BE,UMAEXPORTS,,-1.000000,1,,NSE,1.000000,1105581,False
8974,752AP38-SG,752AP38,,-1.000000,100,,NSE,1.000000,964500,False
9087,PIXTRANS-EQ,PIXTRANS,,-1.000000,1,,NSE,10.000000,58056,False
9099,748PN42-SG,748PN42,,-1.000000,100,,NSE,1.000000,999900,False
9117,TIPSMUSIC-EQ,TIPSMUSIC,,-1.000000,1,,NSE,5.000000,151158,False
9253,NILAINFRA-EQ,NILAINFRA,,-1.000000,1,,NSE,1.000000,12880176,False
9260,ARROWGREEN-EQ,ARROWGREEN,,-1.000000,1,,NSE,5.000000,123751,False
9376,QUINTEGRA-BE,QUINTEGRA,,-1.000000,1,,NSE,1.000000,876812,False
9428,SKIPPER-EQ,SKIPPER,,-1.000000,1,,NSE,5.000000,181210,False
9530,746AP27-SG,746AP27,,-1.000000,100,,NSE,1.000000,992600,False
9553,PRUDENT-EQ,PRUDENT,,-1.000000,1,,NSE,10.000000,29522,False
967,SUBEXLTD-EQ,SUBEXLTD,,-1.000000,1,,NSE,1.000000,4807373,False
9576,MAHESHWARI-EQ,MAHESHWARI,,-1.000000,1,,NSE,1.000000,967828,False
9585,754GS2036-GS,754GS2036,,-1.000000,1,,NSE,1.000000,945000,False
9683,KPITTECH-EQ,KPITTECH,,-1.000000,1,,NSE,5.000000,180386,True
9722,770MH32-SG,770MH32,,-1.000000,100,,NSE,1.000000,1000000,False
9777,78GJ32-SG,78GJ32,,-1.000000,100,,NSE,1.000000,999900,False
991,65NL30-SG,65NL30,,-1.000000,100,,NSE,1.000000,999995,False
9782,783WB32-SG,783WB32,,-1.000000,100,,NSE,1.000000,999900,False
9819,HAVELLS-EQ,HAVELLS,,-1.000000,1,,NSE,10.000000,89741,True
9824,802TS35-SG,802TS35,,-1.000000,100,,NSE,1.000000,1000000,False
9915,783RJ32-SG,783RJ32,,-1.000000,100,,NSE,1.000000,1000000,False
9928,785AP37-SG,785AP37,,-1.000000,100,,NSE,1.000000,952350,False
9939,ONEPOINT-EQ,ONEPOINT,,-1.000000,1,,NSE,1.000000,1773245,False
9982,85PFL26A-N7,85PFL26A,,-1.000000,1,,NSE,1.000000,664,False
1012,676MP40-SG,676MP40,,-1.000000,100,,NSE,1.000000,1000000,False
10051,SFMP6DD-MF,SFMP6DD,,-1.000000,1,,NSE,1.000000,719,False
1018,68TS50-SG,68TS50,,-1.000000,100,,NSE,1.000000,1000000,False
10159,ORICONENT-EQ,ORICONENT,,-1.000000,1,,NSE,1.000000,1945821,False
10195,753AS27-SG,753AS27,,-1.000000,100,,NSE,1.000000,1000000,False
10197,785AS32-SG,785AS32,,-1.000000,100,,NSE,1.000000,1000000,False
10198,785MP32-SG,785MP32,,-1.000000,100,,NSE,1.000000,1000000,False
10205,794HR34-SG,794HR34,,-1.000000,100,,NSE,1.000000,1000000,False
10213,796WB37-SG,796WB37,,-1.000000,100,,NSE,1.000000,1000000,False
10235,776HP30-SG,776HP30,,-1.000000,100,,NSE,1.000000,999960,False
10247,782HP32-SG,782HP32,,-1.000000,100,,NSE,1.000000,1000000,False
10269,791TS43-SG,791TS43,,-1.000000,100,,NSE,1.000000,1000000,False
10331,781HR32A-SG,781HR32A,,-1.000000,100,,NSE,1.000000,986200,False
10381,798RJ42-SG,798RJ42,,-1.000000,100,,NSE,1.000000,1000000,False
10452,764TN29-SG,764TN29,,-1.000000,100,,NSE,1.000000,970800,False
10453,SATIN-EQ,SATIN,,-1.000000,1,,NSE,1.000000,461437,False
10471,804AP37-SG,804AP37,,-1.000000,100,,NSE,1.000000,1000000,False
10480,797RJ42-SG,797RJ42,,-1.000000,100,,NSE,1.000000,1000000,False
10543,765RJ32-SG,765RJ32,,-1.000000,100,,NSE,1.000000,1000000,False
10558,782PN42-SG,782PN42,,-1.000000,100,,NSE,1.000000,1010100,False
10579,MARKSANS-EQ,MARKSANS,,-1.000000,1,,NSE,5.000000,303249,False
10619,HDFCNEXT50-EQ,HDFCNEXT50,,-1.000000,1,,NSE,1.000000,927792,False
10644,793TN42-SG,793TN42,,-1.000000,100,,NSE,1.000000,1000000,False
10648,773GJ32-SG,773GJ32,,-1.000000,100,,NSE,1.000000,1000000,False
1076,ZENSARTECH-EQ,ZENSARTECH,,-1.000000,1,,NSE,5.000000,235003,False
1083,661RJ30-SG,661RJ30,,-1.000000,100,,NSE,1.000000,999954,False
10749,753NTPC30E-NC,753NTPC30E,,-1.000000,1,,NSE,1.000000,15792,False
10771,766UP32-SG,766UP32,,-1.000000,100,,NSE,1.000000,980500,False
1092,675KA34-SG,675KA34,,-1.000000,100,,NSE,1.000000,1000000,False
10871,GRMOVER-EQ,GRMOVER,,-1.000000,1,,NSE,1.000000,1183997,False
10898,AMEYA-SM,AMEYA,,-1.000000,1000,,NSE,5.000000,245250,False
10912,758GA37-SG,758GA37,,-1.000000,100,,NSE,1.000000,327000,False
1100,GARFIBRES-EQ,GARFIBRES,,-1.000000,1,,NSE,5.000000,125670,False
10985,SABAR-ST,SABAR,,-1.000000,5000,,NSE,5.000000,628473,False
10999,MARUTI-EQ,MARUTI,,-1.000000,1,,NSE,100.000000,7860,True
10993,INDORAMA-EQ,INDORAMA,,-1.000000,1,,NSE,1.000000,1155947,False
11080,GFSTEELS-EQ,GFSTEELS,,-1.000000,1,,NSE,1.000000,995061,False
11097,758GA37A-SG,758GA37A,,-1.000000,100,,NSE,1.000000,327000,False
11193,SILVERAXIS-EQ,SILVERAXIS,,-1.000000,1,,NSE,1.000000,442931,False
11255,HDFCQUAL-EQ,HDFCQUAL,,-1.000000,1,,NSE,1.000000,113200,False
11256,JAIBALAJI-EQ,JAIBALAJI,,-1.000000,1,,NSE,1.000000,1536240,False
11262,IGL-EQ,IGL,,-1.000000,1,,NSE,1.000000,656600,False
11294,778MZ37-SG,778MZ37,,-1.000000,100,,NSE,1.000000,327000,False
11295,772WB38-SG,772WB38,,-1.000000,100,,NSE,1.000000,1000000,False
11297,SIL-EQ,SIL,,-1.000000,1,,NSE,1.000000,2103556,False
11351,PETRONET-EQ,PETRONET,,-1.000000,1,,NSE,5.000000,348000,True
11407,XPROINDIA-EQ,XPROINDIA,,-1.000000,1,,NSE,10.000000,77217,False
11408,781UP32-SG,781UP32,,-1.000000,100,,NSE,1.000000,978500,False
11412,782AP35-SG,782AP35,,-1.000000,100,,NSE,1.000000,1000000,False
11418,774RJ42-SG,774RJ42,,-1.000000,100,,NSE,1.000000,1052600,False
11491,APARINDS-EQ,APARINDS,,-1.000000,1,,NSE,100.000000,5704,False
11501,FROG-SM,FROG,,-1.000000,400,,NSE,5.000000,380069,False
11507,783HR32-SG,783HR32,,-1.000000,100,,NSE,1.000000,974500,False
11580,WESTLIFE-EQ,WESTLIFE,,-1.000000,1,,NSE,5.000000,175428,False
11590,77MH30-SG,77MH30,,-1.000000,100,,NSE,1.000000,1030800,False
1160,654RJ30A-SG,654RJ30A,,-1.000000,100,,NSE,1.000000,1000000,False
1164,NEWGEN-EQ,NEWGEN,,-1.000000,1,,NSE,5.000000,199371,False
11648,KOTARISUG-BE,KOTARISUG,,-1.000000,1,,NSE,1.000000,2710456,False
11678,778MH30-SG,778MH30,,-1.000000,100,,NSE,1.000000,979200,False
11691,784RJ32-SG,784RJ32,,-1.000000,100,,NSE,1.000000,1029000,False
11698,793WB37-SG,793WB37,,-1.000000,100,,NSE,1.000000,1020300,False
11732,CONSOFINVT-BE,CONSOFINVT,,-1.000000,1,,NSE,5.000000,331668,False
11763,JPPOWER-EQ,JPPOWER,,-1.000000,1,,NSE,1.000000,6236647,False
11769,783PN42-SG,783PN42,,-1.000000,100,,NSE,1.000000,1000000,False
11778,GOKEX-EQ,GOKEX,,-1.000000,1,,NSE,5.000000,127276,False
11798,ALLDIGI-EQ,ALLDIGI,,-1.000000,1,,NSE,5.000000,125411,False
11868,63MOONS-EQ,63MOONS,,-1.000000,1,,NSE,5.000000,109989,False
11869,787HP35-SG,787HP35,,-1.000000,100,,NSE,1.000000,1000000,False
11878,782SK32A-SG,782SK32A,,-1.000000,100,,NSE,1.000000,905790,False
11896,GEOJITFSL-EQ,GEOJITFSL,,-1.000000,1,,NSE,1.000000,1272238,False
11905,GENUSPOWER-EQ,GENUSPOWER,,-1.000000,1,,NSE,5.000000,309414,False
11935,SPLIL-EQ,SPLIL,,-1.000000,1,,NSE,1.000000,948300,False
11945,ANZEN-IV,ANZEN,,-1.000000,25000,,NSE,1.000000,773280,False
11966,BIKAJI-EQ,BIKAJI,,-1.000000,1,,NSE,5.000000,182285,False
11983,SASKEN-EQ,SASKEN,,-1.000000,1,,NSE,10.000000,56053,False
11987,ICIL-EQ,ICIL,,-1.000000,1,,NSE,5.000000,225583,False
11992,SYNCOMF-EQ,SYNCOMF,,-1.000000,1,,NSE,1.000000,5138040,False
12018,SUZLON-EQ,SUZLON,,-1.000000,1,,NSE,1.000000,2253810,True
12026,RENUKA-EQ,RENUKA,,-1.000000,1,,NSE,1.000000,4020717,False
12219,RUSTOMJEE-EQ,RUSTOMJEE,,-1.000000,1,,NSE,5.000000,289847,False
1232,GRASIM-EQ,GRASIM,,-1.000000,1,,NSE,10.000000,29943,True
1239,658UP30-SG,658UP30,,-1.000000,100,,NSE,1.000000,1000000,False
12471,CAGL27A-N6,CAGL27A,,-1.000000,1,,NSE,1.000000,2695,False
12489,SWSOLAR-EQ,SWSOLAR,,-1.000000,1,,NSE,1.000000,554871,False
12686,MBAPL-EQ,MBAPL,,-1.000000,1,,NSE,1.000000,621275,False
12726,763KL43-SG,763KL43,,-1.000000,100,,NSE,1.000000,1001400,False
12904,SGBAUG27-GB,SGBAUG27,,-1.000000,1,,NSE,1.000000,6661,False
13057,UNIPARTS-EQ,UNIPARTS,,-1.000000,1,,NSE,5.000000,111413,False
13113,758BR32-SG,758BR32,,-1.000000,100,,NSE,1.000000,1000000,False
13194,741GS2036-GS,741GS2036,,-1.000000,1,,NSE,1.000000,954800,False
13242,764BR32-SG,764BR32,,-1.000000,100,,NSE,1.000000,1000000,False
13229,GVKPIL-BE,GVKPIL,,-1.000000,1,,NSE,1.000000,44442904,False
13237,767WB37-SG,767WB37,,-1.000000,100,,NSE,1.000000,1030800,False
13248,764WB32-SG,764WB32,,-1.000000,100,,NSE,1.000000,976200,False
13260,KEC-EQ,KEC,,-1.000000,1,,NSE,5.000000,245968,False
13288,AFSL-EQ,AFSL,,-1.000000,1,,NSE,1.000000,497465,False
13321,ORTEL-BZ,ORTEL,,-1.000000,1,,NSE,1.000000,1078344,False
13349,UMA-SM,UMA,,-1.000000,4000,,NSE,5.000000,662969,False
13352,MALUPAPER-EQ,MALUPAPER,,-1.000000,1,,NSE,1.000000,557837,False
13381,KKCL-EQ,KKCL,,-1.000000,1,,NSE,5.000000,202007,False
13393,769TN37-SG,769TN37,,-1.000000,100,,NSE,1.000000,1000000,False
13398,768PN39-SG,768PN39,,-1.000000,100,,NSE,1.000000,999935,False
13399,767WB39-SG,767WB39,,-1.000000,100,,NSE,1.000000,1000000,False
13404,SUNTV-EQ,SUNTV,,-1.000000,1,,NSE,5.000000,210047,False
13451,RATNAMANI-EQ,RATNAMANI,,-1.000000,1,,NSE,10.000000,35536,False
13496,PFOCUS-EQ,PFOCUS,,-1.000000,1,,NSE,5.000000,321260,False
1353,PARAMPARA-SM,PARAMPARA,,-1.000000,8000,,NSE,5.000000,343350,False
13501,ALLCARGO-EQ,ALLCARGO,,-1.000000,1,,NSE,1.000000,8222803,False
13517,EMAMILTD-EQ,EMAMILTD,,-1.000000,1,,NSE,5.000000,274558,False
13538,TECHM-EQ,TECHM,,-1.000000,1,,NSE,10.000000,64683,True
13572,MANUGRAPH-EQ,MANUGRAPH,,-1.000000,1,,NSE,1.000000,994572,False
13594,75HR29-SG,75HR29,,-1.000000,100,,NSE,1.000000,1000000,False
1364,649GJ29-SG,649GJ29,,-1.000000,100,,NSE,1.000000,999900,False
13620,ANANTRAJ-EQ,ANANTRAJ,,-1.000000,1,,NSE,5.000000,166982,False
13622,BILVYAPAR-BE,BILVYAPAR,,-1.000000,1,,NSE,1.000000,1025673,False
13642,SGBDE30III-GB,SGBDE30III,,-1.000000,1,,NSE,1.000000,6572,False
13648,TALBROAUTO-EQ,TALBROAUTO,,-1.000000,1,,NSE,5.000000,235986,False
1372,HINDCOMPOS-EQ,HINDCOMPOS,,-1.000000,1,,NSE,5.000000,265635,False
13731,CMNL-SM,CMNL,,-1.000000,750,,NSE,5.000000,789206,False
13740,SHYAMTEL-EQ,SHYAMTEL,,-1.000000,1,,NSE,1.000000,368529,False
1380,855IREDA29-N2,855IREDA29,,-1.000000,1,,NSE,1.000000,40246,False
1383,855IREDA34-N3,855IREDA34,,-1.000000,1,,NSE,1.000000,12691,False
13846,CLCIND-BE,CLCIND,,-1.000000,1,,NSE,1.000000,339906,False
13852,865IIFL28-NS,865IIFL28,,-1.000000,1,,NSE,1.000000,51753,False
13897,769MZ37-SG,769MZ37,,-1.000000,100,,NSE,1.000000,327000,False
1386,674TS50-SG,674TS50,,-1.000000,100,,NSE,1.000000,1000000,False
13966,HBLENGINE-EQ,HBLENGINE,,-1.000000,1,,NSE,5.000000,138320,False
13991,771WB39-SG,771WB39,,-1.000000,100,,NSE,1.000000,1000000,False
13993,768TS42-SG,768TS42,,-1.000000,100,,NSE,1.000000,1000000,False
14,656KA30-SG,656KA30,,-1.000000,100,,NSE,1.000000,1000000,False
1406,HINDPETRO-EQ,HINDPETRO,,-1.000000,1,,NSE,5.000000,283000,True
14003,ZEEMEDIA-EQ,ZEEMEDIA,,-1.000000,1,,NSE,1.000000,13458599,False
14034,1030SFIL28-NM,1030SFIL28,,-1.000000,1,,NSE,1.000000,2388,False
14087,763JH30-SG,763JH30,,-1.000000,100,,NSE,1.000000,1000000,False
14106,AUTOIND-EQ,AUTOIND,,-1.000000,1,,NSE,1.000000,1207257,False
1415,GLOBAL-EQ,GLOBAL,,-1.000000,1,,NSE,1.000000,787955,False
14154,UNOMINDA-EQ,UNOMINDA,,-1.000000,1,,NSE,10.000000,83168,True
14156,768GJ30-SG,768GJ30,,-1.000000,100,,NSE,1.000000,1052600,False
14194,NINSYS-EQ,NINSYS,,-1.000000,1,,NSE,5.000000,140694,False
1422,66RJ30B-SG,66RJ30B,,-1.000000,100,,NSE,1.000000,1000000,False
14204,LRRPL-SM,LRRPL,,-1.000000,1500,,NSE,5.000000,282550,False
14219,IMC1-N1,IMC1,,-1.000000,1,,NSE,1.000000,79788,False
14224,IMC1-N2,IMC1,,-1.000000,1,,NSE,1.000000,79788,False
14228,IMC1-N3,IMC1,,-1.000000,1,,NSE,1.000000,79788,False
14270,771AP33-SG,771AP33,,-1.000000,100,,NSE,1.000000,1000000,False
14347,769WB42-SG,769WB42,,-1.000000,100,,NSE,1.000000,1000000,False
14351,769AP43-SG,769AP43,,-1.000000,100,,NSE,1.000000,1000000,False
14354,758RJ48-SG,758RJ48,,-1.000000,100,,NSE,1.000000,999907,False
14359,77AP28-SG,77AP28,,-1.000000,100,,NSE,1.000000,1000000,False
14399,UTIRGR36P1-MF,UTIRGR36P1,,-1.000000,1,,NSE,1.000000,400720,False
14403,RAJTV-EQ,RAJTV,,-1.000000,1,,NSE,1.000000,1697566,False
14425,77MH33-SG,77MH33,,-1.000000,100,,NSE,1.000000,1000000,False
14432,771GJ34-SG,771GJ34,,-1.000000,100,,NSE,1.000000,999900,False
14435,JKTYRE-EQ,JKTYRE,,-1.000000,1,,NSE,5.000000,282523,False
14455,757TN53-SG,757TN53,,-1.000000,100,,NSE,1.000000,999900,False
1449,593CG26-SG,593CG26,,-1.000000,100,,NSE,1.000000,1000000,False
14506,SYSTANGO-SM,SYSTANGO,,-1.000000,400,,NSE,5.000000,435340,False
14532,77HR32-SG,77HR32,,-1.000000,100,,NSE,1.000000,1052600,False
14602,WEBELSOLAR-EQ,WEBELSOLAR,,-1.000000,1,,NSE,1.000000,1322896,False
14647,778TS34-SG,778TS34,,-1.000000,100,,NSE,1.000000,999900,False
14660,774TS48-SG,774TS48,,-1.000000,100,,NSE,1.000000,1000000,False
14774,111NSETEST-EQ,111NSETEST,,-1.000000,1,,NSE,5.000000,500000,False
14849,785WB42-SG,785WB42,,-1.000000,100,,NSE,1.000000,999950,False
14860,776TN53-SG,776TN53,,-1.000000,100,,NSE,1.000000,1047200,False
14917,TAKE-EQ,TAKE,,-1.000000,1,,NSE,1.000000,4837441,False
14971,710GR2028-GS,710GR2028,,-1.000000,1,,NSE,1.000000,1000000,False
15002,SUPREMEINF-EQ,SUPREMEINF,,-1.000000,1,,NSE,1.000000,1175883,False
15016,758AS33-SG,758AS33,,-1.000000,100,,NSE,1.000000,1017800,False
15106,761TS44-SG,761TS44,,-1.000000,100,,NSE,1.000000,1030900,False
15157,RHL-EQ,RHL,,-1.000000,1,,NSE,1.000000,565438,False
15174,TARIL-EQ,TARIL,,-1.000000,1,,NSE,5.000000,346391,False
15193,BGRENERGY-BE,BGRENERGY,,-1.000000,1,,NSE,1.000000,429577,False
15253,890SFIL23A-NZ,890SFIL23A,,-1.000000,1,,NSE,1.000000,3861,False
15265,743TS33-SG,743TS33,,-1.000000,100,,NSE,1.000000,1015200,False
15267,747AP37-SG,747AP37,,-1.000000,100,,NSE,1.000000,1000000,False
15347,GSS-EQ,GSS,,-1.000000,1,,NSE,1.000000,855328,False
15449,DENEERS-SM,DENEERS,,-1.000000,600,,NSE,5.000000,289277,False
15477,74AP31-SG,74AP31,,-1.000000,100,,NSE,1.000000,1000000,False
15716,PIGL-EQ,PIGL,,-1.000000,1,,NSE,1.000000,686010,False
1581,TARC-EQ,TARC,,-1.000000,1,,NSE,1.000000,761053,False
1593,MGEL-EQ,MGEL,,-1.000000,1,,NSE,1.000000,6305057,False
15744,727GJ31-SG,727GJ31,,-1.000000,100,,NSE,1.000000,999900,False
15783,732TS48-SG,732TS48,,-1.000000,100,,NSE,1.000000,1000000,False
15966,716HR27-SG,716HR27,,-1.000000,100,,NSE,1.000000,1000000,False
15973,726MH30-SG,726MH30,,-1.000000,100,,NSE,1.000000,999900,False
16029,732TN33-SG,732TN33,,-1.000000,100,,NSE,1.000000,999900,False
16235,737NL33-SG,737NL33,,-1.000000,100,,NSE,1.000000,654000,False
16374,735RJ43-SG,735RJ43,,-1.000000,100,,NSE,1.000000,999900,False
16395,MMP-EQ,MMP,,-1.000000,1,,NSE,5.000000,212772,False
1646,658GA30A-SG,658GA30A,,-1.000000,100,,NSE,1.000000,327000,False
1647,657HP30A-SG,657HP30A,,-1.000000,100,,NSE,1.000000,1000000,False
16640,729CG30-SG,729CG30,,-1.000000,100,,NSE,1.000000,1034400,False
16655,729KL51-SG,729KL51,,-1.000000,100,,NSE,1.000000,1000000,False
16656,729TN53-SG,729TN53,,-1.000000,100,,NSE,1.000000,1000000,False
16758,KDL-SM,KDL,,-1.000000,150,,NSE,5.000000,393184,False
16785,735MH32-SG,735MH32,,-1.000000,100,,NSE,1.000000,1000000,False
16809,736TS41-SG,736TS41,,-1.000000,100,,NSE,1.000000,999900,False
16876,SPECTSTM-SM,SPECTSTM,,-1.000000,800,,NSE,5.000000,755144,False
16908,TOUCHWOOD-EQ,TOUCHWOOD,,-1.000000,1,,NSE,1.000000,362356,False
16933,INDBANK-EQ,INDBANK,,-1.000000,1,,NSE,1.000000,1451167,False
16977,742ML32-SG,742ML32,,-1.000000,100,,NSE,1.000000,999985,False
16978,74MH32-SG,74MH32,,-1.000000,100,,NSE,1.000000,1000000,False
16979,74HR33-SG,74HR33,,-1.000000,100,,NSE,1.000000,1000000,False
16993,742AP43-SG,742AP43,,-1.000000,100,,NSE,1.000000,1000000,False
17000,TPHQ-BE,TPHQ,,-1.000000,1,,NSE,1.000000,35846380,False
17022,MAWANASUG-EQ,MAWANASUG,,-1.000000,1,,NSE,1.000000,742751,False
17088,MAGSON-SM,MAGSON,,-1.000000,1000,,NSE,5.000000,437148,False
17114,743PN48-SG,743PN48,,-1.000000,100,,NSE,1.000000,1018200,False
17164,AARTECH-BE,AARTECH,,-1.000000,1,,NSE,1.000000,1038891,False
17167,GLOBALPET-SM,GLOBALPET,,-1.000000,750,,NSE,5.000000,385448,False
17181,NEXT50-EQ,NEXT50,,-1.000000,1,,NSE,1.000000,134029,False
17186,SHRIPISTON-EQ,SHRIPISTON,,-1.000000,1,,NSE,10.000000,22868,False
17187,CYIENTDLM-EQ,CYIENTDLM,,-1.000000,1,,NSE,5.000000,110554,False
17223,744JK38-SG,744JK38,,-1.000000,100,,NSE,1.000000,1000000,False
17224,744TS39-SG,744TS39,,-1.000000,100,,NSE,1.000000,1000000,False
17256,ALBERTDAVD-EQ,ALBERTDAVD,,-1.000000,1,,NSE,5.000000,118429,False
17257,742KL43-SG,742KL43,,-1.000000,100,,NSE,1.000000,1000000,False
17270,ASPINWALL-EQ,ASPINWALL,,-1.000000,1,,NSE,5.000000,255658,False
173,673SK30-SG,673SK30,,-1.000000,100,,NSE,1.000000,483960,False
1730,664PY32-SG,664PY32,,-1.000000,100,,NSE,1.000000,327000,False
17313,LLOYDSME-EQ,LLOYDSME,,-1.000000,1,,NSE,10.000000,55152,False
17358,UTKARSHBNK-EQ,UTKARSHBNK,,-1.000000,1,,NSE,1.000000,6886756,False
17419,BANKETF-EQ,BANKETF,,-1.000000,1,,NSE,1.000000,173118,False
17433,NETWEB-EQ,NETWEB,,-1.000000,1,,NSE,50.000000,19872,False
17518,SETCO-BE,SETCO,,-1.000000,1,,NSE,1.000000,4374189,False
17534,MGL-EQ,MGL,,-1.000000,1,,NSE,10.000000,92159,False
17564,971SCL28I-BC,971SCL28I,,-1.000000,1,,NSE,1.000000,2285,False
17603,MAHEPC-EQ,MAHEPC,,-1.000000,1,,NSE,1.000000,913989,False
17627,YCCL-SM,YCCL,,-1.000000,3000,,NSE,5.000000,631238,False
17642,745AS33A-SG,745AS33A,,-1.000000,100,,NSE,1.000000,1000000,False
17643,745AP33-SG,745AP33,,-1.000000,100,,NSE,1.000000,1052600,False
17651,POKARNA-EQ,POKARNA,,-1.000000,1,,NSE,5.000000,124326,False
17670,743TN43-SG,743TN43,,-1.000000,100,,NSE,1.000000,1000000,False
17695,VIJIFIN-BE,VIJIFIN,,-1.000000,1,,NSE,1.000000,6262050,False
17735,BAFNAPH-BE,BAFNAPH,,-1.000000,1,,NSE,5.000000,331709,False
17764,REFEX-EQ,REFEX,,-1.000000,1,,NSE,5.000000,365552,False
17869,JSWENERGY-EQ,JSWENERGY,,-1.000000,1,,NSE,5.000000,188848,True
17905,VINSYS-ST,VINSYS,,-1.000000,250,,NSE,5.000000,172809,False
17996,PGIMCSR2G-MF,PGIMCSR2G,,-1.000000,1,,NSE,1.000000,6377082,False
18029,MBLINFRA-EQ,MBLINFRA,,-1.000000,1,,NSE,1.000000,4347693,False
18063,BPF02IDR-MF,BPF02IDR,,-1.000000,1,,NSE,1.000000,701,False
18065,BPF02IMD-MF,BPF02IMD,,-1.000000,1,,NSE,1.000000,20,False
18146,EMMBI-BE,EMMBI,,-1.000000,1,,NSE,1.000000,629156,False
18183,FISTIP3MDP-MF,FISTIP3MDP,,-1.000000,1,,NSE,1.000000,28414,False
1827,645GJ30A-SG,645GJ30A,,-1.000000,100,,NSE,1.000000,1000000,False
18232,LORDSCHLO-EQ,LORDSCHLO,,-1.000000,1,,NSE,1.000000,726346,False
18322,744RJ33A-SG,744RJ33A,,-1.000000,100,,NSE,1.000000,1000000,False
1833,663MN31-SG,663MN31,,-1.000000,100,,NSE,1.000000,490500,False
1836,659RJ31-SG,659RJ31,,-1.000000,100,,NSE,1.000000,999960,False
18327,744GA33-SG,744GA33,,-1.000000,100,,NSE,1.000000,327000,False
18336,74KL41-SG,74KL41,,-1.000000,100,,NSE,1.000000,999960,False
18391,RBLBANK-EQ,RBLBANK,,-1.000000,1,,NSE,5.000000,241575,True
18411,744AP40-SG,744AP40,,-1.000000,100,,NSE,1.000000,1000000,False
18479,ISFT-EQ,ISFT,,-1.000000,1,,NSE,1.000000,533391,False
18528,747MH34-SG,747MH34,,-1.000000,100,,NSE,1.000000,1123400,False
18539,746AP41-SG,746AP41,,-1.000000,100,,NSE,1.000000,1000000,False
18553,JLHL-EQ,JLHL,,-1.000000,1,,NSE,5.000000,357990,False
1860,666JH34-SG,666JH34,,-1.000000,100,,NSE,1.000000,999880,False
18564,LTTS-EQ,LTTS,,-1.000000,1,,NSE,10.000000,29911,False
18659,MARATHON-EQ,MARATHON,,-1.000000,1,,NSE,5.000000,229634,False
18681,744AP36-SG,744AP36,,-1.000000,100,,NSE,1.000000,981300,False
18686,741WB42-SG,741WB42,,-1.000000,100,,NSE,1.000000,1000000,False
18689,747CG30-SG,747CG30,,-1.000000,100,,NSE,1.000000,1000000,False
18738,MADHUSUDAN-ST,MADHUSUDAN,,-1.000000,1000,,NSE,5.000000,420155,False
18727,MASKINVEST-EQ,MASKINVEST,,-1.000000,1,,NSE,1.000000,99784,False
18760,YATRA-EQ,YATRA,,-1.000000,1,,NSE,1.000000,866334,False
18762,ALCODIS-SM,ALCODIS,,-1.000000,625,,NSE,5.000000,335175,False
18822,ENDURANCE-EQ,ENDURANCE,,-1.000000,1,,NSE,10.000000,37134,False
18844,NIRAJISPAT-BE,NIRAJISPAT,,-1.000000,1,,NSE,5.000000,19620,False
18856,965SCL28C-BR,965SCL28C,,-1.000000,1,,NSE,1.000000,8175,False
18889,KSL-EQ,KSL,,-1.000000,1,,NSE,5.000000,103195,False
18931,SUNDARAM-EQ,SUNDARAM,,-1.000000,1,,NSE,1.000000,15495803,False
1899,664MZ32-SG,664MZ32,,-1.000000,100,,NSE,1.000000,294300,False
18945,749GA33A-SG,749GA33A,,-1.000000,100,,NSE,1.000000,490500,False
18954,748HR35-SG,748HR35,,-1.000000,100,,NSE,1.000000,1000000,False
18962,RAJRATAN-EQ,RAJRATAN,,-1.000000,1,,NSE,5.000000,200697,False
19097,CRESTO-EQ,CRESTO,,-1.000000,1,,NSE,1.000000,452431,False
19111,NBIFIN-EQ,NBIFIN,,-1.000000,1,,NSE,10.000000,49502,False
192,875NHAI29-N6,875NHAI29,,-1.000000,1,,NSE,1.000000,89568,False
19167,767PN35-SG,767PN35,,-1.000000,100,,NSE,1.000000,999900,False
19206,VINYAS-SM,VINYAS,,-1.000000,100,,NSE,5.000000,64597,False
1927,LIQUIDETF-EQ,LIQUIDETF,,-1.000000,1,,NSE,1.000000,99999,False
19235,IMFA-EQ,IMFA,,-1.000000,1,,NSE,10.000000,80391,False
19370,AHLWEST-BE,AHLWEST,,-1.000000,1,,NSE,5.000000,198012,False
19458,PLAZACABLE-EQ,PLAZACABLE,,-1.000000,1,,NSE,1.000000,1430692,False
19519,762HP43-SG,762HP43,,-1.000000,100,,NSE,1.000000,1000000,False
19527,767GA33-SG,767GA33,,-1.000000,100,,NSE,1.000000,327000,False
1953,661MP37-SG,661MP37,,-1.000000,100,,NSE,1.000000,1000000,False
1959,662TS41-SG,662TS41,,-1.000000,100,,NSE,1.000000,1000000,False
19579,ARVINDPORT-SM,ARVINDPORT,,-1.000000,1500,,NSE,5.000000,582004,False
19615,769KA33-SG,769KA33,,-1.000000,100,,NSE,1.000000,1000000,False
19616,77UP33-SG,77UP33,,-1.000000,100,,NSE,1.000000,978900,False
19619,768MP34-SG,768MP34,,-1.000000,100,,NSE,1.000000,1000000,False
19723,773KA36-SG,773KA36,,-1.000000,100,,NSE,1.000000,1000000,False
19724,774AP36-SG,774AP36,,-1.000000,100,,NSE,1.000000,1000000,False
1979,LMW-EQ,LMW,,-1.000000,1,,NSE,100.000000,5640,False
19729,772AP41-SG,772AP41,,-1.000000,100,,NSE,1.000000,1000000,False
19730,77AP43-SG,77AP43,,-1.000000,100,,NSE,1.000000,1000000,False
1991,863IRFC29-NC,863IRFC29,,-1.000000,1,,NSE,1.000000,89795,False
1997,LICHSGFIN-EQ,LICHSGFIN,,-1.000000,1,,NSE,5.000000,177120,True
19877,RADIOCITY-EQ,RADIOCITY,,-1.000000,1,,NSE,1.000000,11303919,False
19902,772TS36-SG,772TS36,,-1.000000,100,,NSE,1.000000,1000000,False
2004,AHLADA-EQ,AHLADA,,-1.000000,1,,NSE,1.000000,422516,False
19970,901HUDCO34-NE,901HUDCO34,,-1.000000,1,,NSE,1.000000,78001,False
20028,892PFCL33-N8,892PFCL33,,-1.000000,1,,NSE,1.000000,77938,False
20041,711HP28-SG,711HP28,,-1.000000,100,,NSE,1.000000,654000,False
20088,SCLZC26E-NP,SCLZC26E,,-1.000000,1,,NSE,1.000000,1291,False
20106,971SCL28A-NT,971SCL28A,,-1.000000,1,,NSE,1.000000,5019,False
20109,718BR30-SG,718BR30,,-1.000000,100,,NSE,1.000000,948200,False
20118,1075SCL33B-NW,1075SCL33B,,-1.000000,1,,NSE,1.000000,392,False
20120,980SCL33-NX,980SCL33,,-1.000000,1,,NSE,1.000000,2454,False
20125,925SCL25G-NY,925SCL25G,,-1.000000,1,,NSE,1.000000,101,False
20134,RAMKY-EQ,RAMKY,,-1.000000,1,,NSE,5.000000,301079,False
20141,BABAFP-SM,BABAFP,,-1.000000,1600,,NSE,5.000000,533873,False
20147,719AP34-SG,719AP34,,-1.000000,100,,NSE,1.000000,936300,False
20152,ASKAUTOLTD-EQ,ASKAUTOLTD,,-1.000000,1,,NSE,5.000000,160079,False
20224,JWL-EQ,JWL,,-1.000000,1,,NSE,1.000000,417113,False
20238,765GA33-SG,765GA33,,-1.000000,100,,NSE,1.000000,327000,False
20244,768AR33-SG,768AR33,,-1.000000,100,,NSE,1.000000,1000000,False
2029,IRFC-EQ,IRFC,,-1.000000,1,,NSE,1.000000,1228439,True
20261,IREDA-EQ,IREDA,,-1.000000,1,,NSE,1.000000,893335,True
20347,774RJ33-SG,774RJ33,,-1.000000,100,,NSE,1.000000,1000000,False
20355,777AP35-SG,777AP35,,-1.000000,100,,NSE,1.000000,1000000,False
20356,779PN36-SG,779PN36,,-1.000000,100,,NSE,1.000000,980700,False
20476,774AS33A-SG,774AS33A,,-1.000000,100,,NSE,1.000000,1000000,False
20478,771KA36-SG,771KA36,,-1.000000,100,,NSE,1.000000,999900,False
2065,689BR28-SG,689BR28,,-1.000000,100,,NSE,1.000000,999888,False
20571,764GA30-SG,764GA30,,-1.000000,100,,NSE,1.000000,327000,False
20638,92LTF29-N4,92LTF29,,-1.000000,1,,NSE,1.000000,2618,False
20671,885LTF27-NE,885LTF27,,-1.000000,1,,NSE,1.000000,3440,False
20689,852LTF27-NG,852LTF27,,-1.000000,1,,NSE,1.000000,148,False
20691,87LTF27-NH,87LTF27,,-1.000000,1,,NSE,1.000000,5717,False
20724,755GJ31-SG,755GJ31,,-1.000000,100,,NSE,1.000000,1017200,False
20739,762KL38-SG,762KL38,,-1.000000,100,,NSE,1.000000,954000,False
20744,764KA39-SG,764KA39,,-1.000000,100,,NSE,1.000000,1000000,False
20773,715AP32-SG,715AP32,,-1.000000,100,,NSE,1.000000,944800,False
20774,705AS30-SG,705AS30,,-1.000000,100,,NSE,1.000000,956188,False
20796,707JK30-SG,707JK30,,-1.000000,100,,NSE,1.000000,954910,False
20831,MUTHOOTMF-EQ,MUTHOOTMF,,-1.000000,1,,NSE,1.000000,508919,False
20854,HAPPYFORGE-EQ,HAPPYFORGE,,-1.000000,1,,NSE,10.000000,46043,False
20926,74GJ26-SG,74GJ26,,-1.000000,100,,NSE,1.000000,1010100,False
20936,KIRLOSENG-EQ,KIRLOSENG,,-1.000000,1,,NSE,10.000000,46085,False
2096,687AP37-SG,687AP37,,-1.000000,100,,NSE,1.000000,1000000,False
20956,SUNCLAY-EQ,SUNCLAY,,-1.000000,1,,NSE,10.000000,77007,False
20959,719JK29-SG,719JK29,,-1.000000,100,,NSE,1.000000,947850,False
21042,1075SCL33-YK,1075SCL33,,-1.000000,1,,NSE,1.000000,2153,False
21091,STARCEMENT-EQ,STARCEMENT,,-1.000000,1,,NSE,1.000000,512236,False
21096,SAIFL-SM,SAIFL,,-1.000000,4000,,NSE,5.000000,881258,False
21152,747GJ28-SG,747GJ28,,-1.000000,100,,NSE,1.000000,992750,False
21166,779PN38-SG,779PN38,,-1.000000,100,,NSE,1.000000,1003000,False
212,ASHOKLEY-EQ,ASHOKLEY,,-1.000000,1,,NSE,1.000000,605007,True
21169,724GJ29-SG,724GJ29,,-1.000000,100,,NSE,1.000000,944900,False
21233,9HFL34-N0,9HFL34,,-1.000000,1,,NSE,1.000000,179,False
21238,AUBANK-EQ,AUBANK,,-1.000000,1,,NSE,10.000000,94341,True
2137,695RJ31-SG,695RJ31,,-1.000000,100,,NSE,1.000000,990500,False
21264,766GJ32-SG,766GJ32,,-1.000000,100,,NSE,1.000000,1042500,False
21269,772TN34-SG,772TN34,,-1.000000,100,,NSE,1.000000,959800,False
21390,649KA30-SG,649KA30,,-1.000000,100,,NSE,1.000000,994200,False
2144,BDL-EQ,BDL,,-1.000000,1,,NSE,10.000000,83942,True
21463,793THDC34-N0,793THDC34,,-1.000000,1,,NSE,1.000000,999,False
2147,696RJ41-SG,696RJ41,,-1.000000,100,,NSE,1.000000,999975,False
21643,729AP30-SG,729AP30,,-1.000000,100,,NSE,1.000000,941400,False
21651,730JK29-SG,730JK29,,-1.000000,100,,NSE,1.000000,941350,False
21677,840TPL27-N1,840TPL27,,-1.000000,1,,NSE,1.000000,572,False
21697,MANAV-SM,MANAV,,-1.000000,4000,,NSE,5.000000,430332,False
21710,723KA28-SG,723KA28,,-1.000000,100,,NSE,1.000000,944400,False
2176,AKG-EQ,AKG,,-1.000000,1,,NSE,1.000000,1039094,False
2181,BOSCHLTD-EQ,BOSCHLTD,,-1.000000,1,,NSE,500.000000,2064,True
21717,73PN34-SG,73PN34,,-1.000000,100,,NSE,1.000000,926325,False
21829,759TN44-SG,759TN44,,-1.000000,100,,NSE,1.000000,999937,False
21849,767CG31-SG,767CG31,,-1.000000,100,,NSE,1.000000,1000000,False
21903,673KL28-SG,673KL28,,-1.000000,100,,NSE,1.000000,971950,False
21908,728KL30-SG,728KL30,,-1.000000,100,,NSE,1.000000,944150,False
21926,69MN30-SG,69MN30,,-1.000000,100,,NSE,1.000000,966090,False
21957,INDTERRAIN-EQ,INDTERRAIN,,-1.000000,1,,NSE,1.000000,1656822,False
21997,703NL30-SG,703NL30,,-1.000000,100,,NSE,1.000000,490500,False
22019,704MZ30-SG,704MZ30,,-1.000000,100,,NSE,1.000000,327000,False
22023,655RJ50-SG,655RJ50,,-1.000000,100,,NSE,1.000000,994400,False
22056,657RJ30-SG,657RJ30,,-1.000000,100,,NSE,1.000000,985950,False
22073,659RJ30-SG,659RJ30,,-1.000000,100,,NSE,1.000000,986550,False
22074,714RJ30-SG,714RJ30,,-1.000000,100,,NSE,1.000000,953700,False
22079,655RJ30-SG,655RJ30,,-1.000000,100,,NSE,1.000000,990150,False
22081,65UP30-SG,65UP30,,-1.000000,100,,NSE,1.000000,989400,False
22087,703UP30-SG,703UP30,,-1.000000,100,,NSE,1.000000,955075,False
22123,717TN29-SG,717TN29,,-1.000000,100,,NSE,1.000000,947000,False
22173,654WB35-SG,654WB35,,-1.000000,100,,NSE,1.000000,993600,False
22175,799WB35-SG,799WB35,,-1.000000,100,,NSE,1.000000,877384,False
22176,665WB30-SG,665WB30,,-1.000000,100,,NSE,1.000000,982800,False
22181,815JK30-SG,815JK30,,-1.000000,100,,NSE,1.000000,899360,False
22183,664TS50-SG,664TS50,,-1.000000,100,,NSE,1.000000,986600,False
22207,694TS60-SG,694TS60,,-1.000000,100,,NSE,1.000000,941256,False
22218,714KA29-SG,714KA29,,-1.000000,100,,NSE,1.000000,950900,False
22261,65GA30-SG,65GA30,,-1.000000,100,,NSE,1.000000,327000,False
22272,62RJ27-SG,62RJ27,,-1.000000,100,,NSE,1.000000,1000000,False
22296,64GJ30-SG,64GJ30,,-1.000000,100,,NSE,1.000000,999900,False
2233,705HP35-SG,705HP35,,-1.000000,100,,NSE,1.000000,1000000,False
22297,654MP35-SG,654MP35,,-1.000000,100,,NSE,1.000000,1000000,False
22360,MCL-EQ,MCL,,-1.000000,1,,NSE,1.000000,887569,False
22385,SGBAUG28V-GB,SGBAUG28V,,-1.000000,1,,NSE,1.000000,6660,False
22433,HDFCNIFBAN-EQ,HDFCNIFBAN,,-1.000000,1,,NSE,1.000000,1714304,False
22449,645ML30-SG,645ML30,,-1.000000,100,,NSE,1.000000,490500,False
22457,671TS50-SG,671TS50,,-1.000000,100,,NSE,1.000000,999900,False
22488,ITBETA-EQ,ITBETA,,-1.000000,1,,NSE,1.000000,6780,False
22495,766RJ33A-SG,766RJ33A,,-1.000000,100,,NSE,1.000000,999900,False
22524,GILT10BETA-EQ,GILT10BETA,,-1.000000,1,,NSE,1.000000,294094,False
22608,742GJ31-SG,742GJ31,,-1.000000,100,,NSE,1.000000,1056600,False
22609,751CG32-SG,751CG32,,-1.000000,100,,NSE,1.000000,1000000,False
22610,749UP34A-SG,749UP34A,,-1.000000,100,,NSE,1.000000,1036200,False
22620,748MP40-SG,748MP40,,-1.000000,100,,NSE,1.000000,999900,False
22622,746AP41A-SG,746AP41A,,-1.000000,100,,NSE,1.000000,1000000,False
22624,752AP43-SG,752AP43,,-1.000000,100,,NSE,1.000000,1000000,False
22693,743GJ31-SG,743GJ31,,-1.000000,100,,NSE,1.000000,990000,False
22735,748IRFC34A-NQ,748IRFC34A,,-1.000000,1,,NSE,1.000000,999,False
22739,MON100-EQ,MON100,,-1.000000,1,,NSE,1.000000,299960,False
22754,744AP39A-SG,744AP39A,,-1.000000,100,,NSE,1.000000,999990,False
22758,745MP44A-SG,745MP44A,,-1.000000,100,,NSE,1.000000,999900,False
22822,825CFHL27-N0,825CFHL27,,-1.000000,1,,NSE,1.000000,1000,False
22868,744KA34-SG,744KA34,,-1.000000,100,,NSE,1.000000,1048500,False
22870,743BR39-SG,743BR39,,-1.000000,100,,NSE,1.000000,1074000,False
22880,742KA39-SG,742KA39,,-1.000000,100,,NSE,1.000000,1000000,False
22907,840GIL27-N1,840GIL27,,-1.000000,1,,NSE,1.000000,1000,False
22921,797SFL30-N0,797SFL30,,-1.000000,1,,NSE,1.000000,1000,False
22971,7835LIC27-N1,7835LIC27,,-1.000000,1,,NSE,1.000000,999,False
22976,MVKAGRO-SM,MVKAGRO,,-1.000000,300,,NSE,5.000000,333527,False
22985,74MZ39-SG,74MZ39,,-1.000000,100,,NSE,1.000000,264870,False
23024,1077IIFL30-N7,1077IIFL30,,-1.000000,1,,NSE,1.000000,317,False
23084,741AR34-SG,741AR34,,-1.000000,100,,NSE,1.000000,758640,False
23091,737KA37-SG,737KA37,,-1.000000,100,,NSE,1.000000,999900,False
23095,739BR39-SG,739BR39,,-1.000000,100,,NSE,1.000000,999923,False
23103,736TS50-SG,736TS50,,-1.000000,100,,NSE,1.000000,1000000,False
23111,18MVL27-N0,18MVL27,,-1.000000,1,,NSE,1.000000,482,False
23175,KRYSTAL-EQ,KRYSTAL,,-1.000000,1,,NSE,5.000000,162745,False
23202,745HR35B-SG,745HR35B,,-1.000000,100,,NSE,1.000000,1000000,False
23209,746KA38-SG,746KA38,,-1.000000,100,,NSE,1.000000,1000000,False
23224,ENFUSE-SM,ENFUSE,,-1.000000,600,,NSE,5.000000,289316,False
23246,792TCHFL34-NF,792TCHFL34,,-1.000000,1,,NSE,1.000000,1000,False
23248,773LIC34-N2,773LIC34,,-1.000000,1,,NSE,1.000000,999,False
23297,948SCL27-YV,948SCL27,,-1.000000,1,,NSE,1.000000,3073,False
23309,10SCL31-Z1,10SCL31,,-1.000000,1,,NSE,1.000000,71,False
23313,957SCL31-Z3,957SCL31,,-1.000000,1,,NSE,1.000000,3,False
23315,1003SCFL31-Z4,1003SCFL31,,-1.000000,1,,NSE,1.000000,795,False
23329,751UP40-SG,751UP40,,-1.000000,100,,NSE,1.000000,1052400,False
23330,746MH41-SG,746MH41,,-1.000000,100,,NSE,1.000000,1000000,False
23331,748MH42-SG,748MH42,,-1.000000,100,,NSE,1.000000,1000000,False
23353,751UP38-SG,751UP38,,-1.000000,100,,NSE,1.000000,1000000,False
23361,890MFL27-NK,890MFL27,,-1.000000,1,,NSE,1.000000,999,False
23430,744MH41-SG,744MH41,,-1.000000,100,,NSE,1.000000,1000000,False
23449,818CANF29-N1,818CANF29,,-1.000000,1,,NSE,1.000000,999,False
23474,ALUWIND-SM,ALUWIND,,-1.000000,1500,,NSE,5.000000,812510,False
2353,NURECA-BE,NURECA,,-1.000000,1,,NSE,5.000000,300522,False
23558,734GS2064-GS,734GS2064,,-1.000000,1,,NSE,1.000000,1014000,False
2365,GIRIRAJ-SM,GIRIRAJ,,-1.000000,250,,NSE,5.000000,782200,False
23621,JNKINDIA-EQ,JNKINDIA,,-1.000000,1,,NSE,5.000000,236741,False
23693,INDGN-EQ,INDGN,,-1.000000,1,,NSE,5.000000,172764,False
23706,897MOFSL29-N4,897MOFSL29,,-1.000000,1,,NSE,1.000000,31111,False
23759,741AP47-SG,741AP47,,-1.000000,100,,NSE,1.000000,1000000,False
23760,741JK49-SG,741JK49,,-1.000000,100,,NSE,1.000000,1000000,False
23812,738JK51-SG,738JK51,,-1.000000,100,,NSE,1.000000,1000000,False
23826,HOACFOODS-ST,HOACFOODS,,-1.000000,375,,NSE,5.000000,109501,False
23872,737RJ34B-SG,737RJ34B,,-1.000000,100,,NSE,1.000000,999900,False
23876,734KL55-SG,734KL55,,-1.000000,100,,NSE,1.000000,999900,False
23882,734JK54-SG,734JK54,,-1.000000,100,,NSE,1.000000,1000000,False
23907,768LIC34-N4,768LIC34,,-1.000000,1,,NSE,1.000000,999,False
23948,948SCL27A-ZJ,948SCL27A,,-1.000000,1,,NSE,1.000000,4080,False
23958,971SCL29A-ZN,971SCL29A,,-1.000000,1,,NSE,1.000000,5174,False
10060,SFMP6GR-MF,SFMP6GR,,-1.000000,1,,NSE,1.000000,83793,False
10181,BALKRISHNA-EQ,BALKRISHNA,,-1.000000,1,,NSE,1.000000,1053578,False
10212,794TS36-SG,794TS36,,-1.000000,100,,NSE,1.000000,1000000,False
10233,765GJ29-SG,765GJ29,,-1.000000,100,,NSE,1.000000,995400,False
10243,SYNGENE-EQ,SYNGENE,,-1.000000,1,,NSE,5.000000,261173,False
10246,782AS32-SG,782AS32,,-1.000000,100,,NSE,1.000000,1000000,False
10252,782WB32-SG,782WB32,,-1.000000,100,,NSE,1.000000,990000,False
10253,EMKAYTOOLS-SM,EMKAYTOOLS,,-1.000000,150,,NSE,5.000000,348951,False
10299,PPL-BE,PPL,,-1.000000,1,,NSE,5.000000,350188,False
10346,DGCONTENT-EQ,DGCONTENT,,-1.000000,1,,NSE,1.000000,1902717,False
10355,803AP36-SG,803AP36,,-1.000000,100,,NSE,1.000000,1000000,False
10374,802MZ36-SG,802MZ36,,-1.000000,100,,NSE,1.000000,294300,False
10454,797WB42-SG,797WB42,,-1.000000,100,,NSE,1.000000,999900,False
10525,782RJ44-SG,782RJ44,,-1.000000,100,,NSE,1.000000,1000000,False
10530,SHARDAMOTR-EQ,SHARDAMOTR,,-1.000000,1,,NSE,5.000000,105917,False
10531,761GJ32-SG,761GJ32,,-1.000000,100,,NSE,1.000000,999900,False
10577,KRBL-EQ,KRBL,,-1.000000,1,,NSE,5.000000,237358,False
10580,TCI-EQ,TCI,,-1.000000,1,,NSE,5.000000,116420,False
10590,LOYALTEX-EQ,LOYALTEX,,-1.000000,1,,NSE,1.000000,157497,False
10610,USASEEDS-SM,USASEEDS,,-1.000000,428,,NSE,5.000000,329793,False
10639,797AP36-SG,797AP36,,-1.000000,100,,NSE,1.000000,1000000,False
10676,MNC-EQ,MNC,,-1.000000,1,,NSE,1.000000,451438,False
1077,659HR30-SG,659HR30,,-1.000000,100,,NSE,1.000000,1000000,False
10765,765AS32-SG,765AS32,,-1.000000,100,,NSE,1.000000,975760,False
10784,774TS46-SG,774TS46,,-1.000000,100,,NSE,1.000000,1000000,False
10825,MOVALUE-EQ,MOVALUE,,-1.000000,1,,NSE,1.000000,460320,False
10848,771AP37-SG,771AP37,,-1.000000,100,,NSE,1.000000,1000000,False
10855,753HR30-SG,753HR30,,-1.000000,100,,NSE,1.000000,1046650,False
10906,753AS32-SG,753AS32,,-1.000000,100,,NSE,1.000000,1000000,False
10966,745SK32-SG,745SK32,,-1.000000,100,,NSE,1.000000,817500,False
10986,TAPIFRUIT-SM,TAPIFRUIT,,-1.000000,750,,NSE,5.000000,140626,False
11033,SANGINITA-BE,SANGINITA,,-1.000000,1,,NSE,1.000000,1522710,False
11037,BANKIETF-EQ,BANKIETF,,-1.000000,1,,NSE,1.000000,1719859,False
11072,AGRITECH-EQ,AGRITECH,,-1.000000,1,,NSE,1.000000,194238,False
1110,DANGEE-EQ,DANGEE,,-1.000000,1,,NSE,1.000000,5034982,False
11184,IDFCFIRSTB-EQ,IDFCFIRSTB,,-1.000000,1,,NSE,1.000000,1154172,True
11208,KANDARP-SM,KANDARP,,-1.000000,1000,,NSE,5.000000,293417,False
11253,WELSPUNLIV-EQ,WELSPUNLIV,,-1.000000,1,,NSE,1.000000,481494,False
11260,HDFCVALUE-EQ,HDFCVALUE,,-1.000000,1,,NSE,1.000000,86939,False
11289,768UP32-SG,768UP32,,-1.000000,100,,NSE,1.000000,1020250,False
11291,768WB32-SG,768WB32,,-1.000000,100,,NSE,1.000000,1000000,False
1134,APOLLO-EQ,APOLLO,,-1.000000,1,,NSE,5.000000,236536,False
1139,GICHSGFIN-EQ,GICHSGFIN,,-1.000000,1,,NSE,1.000000,730758,False
11386,PVTBANIETF-EQ,PVTBANIETF,,-1.000000,1,,NSE,1.000000,3590501,False
11413,783TS35-SG,783TS35,,-1.000000,100,,NSE,1.000000,1000000,False
11394,ZOTA-EQ,ZOTA,,-1.000000,1,,NSE,10.000000,91949,False
11401,778MZ32-SG,778MZ32,,-1.000000,100,,NSE,1.000000,327000,False
11411,RKFORGE-EQ,RKFORGE,,-1.000000,1,,NSE,5.000000,140558,False
11445,PILANIINVS-EQ,PILANIINVS,,-1.000000,1,,NSE,10.000000,23849,False
11480,KRIDHANINF-EQ,KRIDHANINF,,-1.000000,1,,NSE,1.000000,3099280,False
11506,781GJ32-SG,781GJ32,,-1.000000,100,,NSE,1.000000,953100,False
11547,HDFCLOWVOL-EQ,HDFCLOWVOL,,-1.000000,1,,NSE,1.000000,559145,False
11606,GUFICBIO-EQ,GUFICBIO,,-1.000000,1,,NSE,5.000000,235162,False
1174,GNFC-EQ,GNFC,,-1.000000,1,,NSE,5.000000,177798,False
11690,781HR32C-SG,781HR32C,,-1.000000,100,,NSE,1.000000,1000000,False
11773,VISHAL-EQ,VISHAL,,-1.000000,1,,NSE,1.000000,5446429,False
11821,WELCORP-EQ,WELCORP,,-1.000000,1,,NSE,10.000000,37194,False
11874,784HP37-SG,784HP37,,-1.000000,100,,NSE,1.000000,1000000,False
11892,VHL-EQ,VHL,,-1.000000,1,,NSE,10.000000,29001,False
11895,DCXINDIA-EQ,DCXINDIA,,-1.000000,1,,NSE,1.000000,600038,False
1196,KANSAINER-EQ,KANSAINER,,-1.000000,1,,NSE,1.000000,529707,False
11919,MSPL-EQ,MSPL,,-1.000000,1,,NSE,1.000000,2944508,False
11999,FCSSOFT-EQ,FCSSOFT,,-1.000000,1,,NSE,1.000000,55902386,False
12003,76NHAI31-NA,76NHAI31,,-1.000000,1,,NSE,1.000000,90156,False
12022,AURIONPRO-EQ,AURIONPRO,,-1.000000,1,,NSE,5.000000,146830,False
12092,KAYNES-EQ,KAYNES,,-1.000000,1,,NSE,10.000000,28489,True
12101,HDFCNIFIT-EQ,HDFCNIFIT,,-1.000000,1,,NSE,1.000000,1335686,False
1214,DELTAMAGNT-EQ,DELTAMAGNT,,-1.000000,1,,NSE,1.000000,354831,False
12295,768HR31-SG,768HR31,,-1.000000,100,,NSE,1.000000,1000000,False
1235,GREAVESCOT-EQ,GREAVESCOT,,-1.000000,1,,NSE,1.000000,519947,False
12465,10CAGL27-N5,10CAGL27,,-1.000000,1,,NSE,1.000000,18147,False
12667,76GJ32-SG,76GJ32,,-1.000000,100,,NSE,1.000000,999900,False
12692,763KA37-SG,763KA37,,-1.000000,100,,NSE,1.000000,996000,False
12706,763PN39-SG,763PN39,,-1.000000,100,,NSE,1.000000,981000,False
12848,N1NSETEST-EQ,N1NSETEST,,-1.000000,1,,NSE,5.000000,338900,False
12863,V1NSETEST-EQ,V1NSETEST,,-1.000000,1,,NSE,5.000000,253100,False
13,ABB-EQ,ABB,,-1.000000,1,,NSE,50.000000,13562,True
12913,SARVESHWAR-EQ,SARVESHWAR,,-1.000000,1,,NSE,1.000000,24936741,False
13072,IIFLCAPS-EQ,IIFLCAPS,,-1.000000,1,,NSE,5.000000,294839,False
13092,ARHAM-SM,ARHAM,,-1.000000,1000,,NSE,5.000000,467496,False
13117,757HP32-SG,757HP32,,-1.000000,100,,NSE,1.000000,1000000,False
1313,HARRMALAYA-EQ,HARRMALAYA,,-1.000000,1,,NSE,1.000000,538178,False
13134,763KA40-SG,763KA40,,-1.000000,100,,NSE,1.000000,1010000,False
13342,VAKRANGEE-EQ,VAKRANGEE,,-1.000000,1,,NSE,1.000000,18621150,False
13375,763KL32-SG,763KL32,,-1.000000,100,,NSE,1.000000,999900,False
1338,SDBL-EQ,SDBL,,-1.000000,1,,NSE,1.000000,1427120,False
13382,763PY32-SG,763PY32,,-1.000000,100,,NSE,1.000000,490500,False
13463,PIONEEREMB-EQ,PIONEEREMB,,-1.000000,1,,NSE,1.000000,1007395,False
13497,965SCL25C-N0,965SCL25C,,-1.000000,1,,NSE,1.000000,5967,False
13502,MOXSH-SM,MOXSH,,-1.000000,1600,,NSE,5.000000,305444,False
13526,HOMESFY-SM,HOMESFY,,-1.000000,300,,NSE,5.000000,105496,False
13560,GRINDWELL-EQ,GRINDWELL,,-1.000000,1,,NSE,10.000000,52924,False
13587,ACE-EQ,ACE,,-1.000000,1,,NSE,10.000000,88478,False
13592,HGM-EQ,HGM,,-1.000000,1,,NSE,1.000000,411855,False
13626,767NL33-SG,767NL33,,-1.000000,100,,NSE,1.000000,631110,False
13720,JHS-EQ,JHS,,-1.000000,1,,NSE,1.000000,2858168,False
13725,DCBBANK-EQ,DCBBANK,,-1.000000,1,,NSE,1.000000,441568,False
13771,VGL-EQ,VGL,,-1.000000,1,,NSE,1.000000,1496547,False
13816,LTFOODS-EQ,LTFOODS,,-1.000000,1,,NSE,5.000000,228145,False
1391,880IREDA29-N5,880IREDA29,,-1.000000,1,,NSE,1.000000,76698,False
1393,880IREDA34-N6,880IREDA34,,-1.000000,1,,NSE,1.000000,47141,False
13892,77MN35-SG,77MN35,,-1.000000,100,,NSE,1.000000,490500,False
1394,HINDUNILVR-EQ,HINDUNILVR,,-1.000000,1,,NSE,10.000000,51691,True
13957,765HR30-SG,765HR30,,-1.000000,100,,NSE,1.000000,1000000,False
13958,766AP32-SG,766AP32,,-1.000000,100,,NSE,1.000000,999982,False
13964,765GJ33-SG,765GJ33,,-1.000000,100,,NSE,1.000000,980400,False
13965,767MP33-SG,767MP33,,-1.000000,100,,NSE,1.000000,1010400,False
14008,AVTNPL-EQ,AVTNPL,,-1.000000,1,,NSE,1.000000,1109388,False
14051,726GS2033-GS,726GS2033,,-1.000000,1,,NSE,1.000000,968400,False
1412,AGI-EQ,AGI,,-1.000000,1,,NSE,5.000000,132306,False
14092,767AS33A-SG,767AS33A,,-1.000000,100,,NSE,1.000000,1000000,False
14103,76JK35-SG,76JK35,,-1.000000,100,,NSE,1.000000,1000000,False
14134,PITTIENG-EQ,PITTIENG,,-1.000000,1,,NSE,10.000000,85586,False
14160,771AS33-SG,771AS33,,-1.000000,100,,NSE,1.000000,1000000,False
14233,HDFCSML250-EQ,HDFCSML250,,-1.000000,1,,NSE,1.000000,539971,False
14274,766SK33-SG,766SK33,,-1.000000,100,,NSE,1.000000,999987,False
14276,759HP38-SG,759HP38,,-1.000000,100,,NSE,1.000000,999960,False
14280,753TN53-SG,753TN53,,-1.000000,100,,NSE,1.000000,1000000,False
14286,GOLDETF-EQ,GOLDETF,,-1.000000,1,,NSE,1.000000,679231,False
14319,TFL-EQ,TFL,,-1.000000,1,,NSE,1.000000,1802299,False
14349,769TN43-SG,769TN43,,-1.000000,100,,NSE,1.000000,1000000,False
14346,ORIENTALTL-EQ,ORIENTALTL,,-1.000000,1,,NSE,1.000000,2403687,False
14381,769PN39-SG,769PN39,,-1.000000,100,,NSE,1.000000,1000000,False
14385,POCL-EQ,POCL,,-1.000000,1,,NSE,5.000000,221130,False
14395,UTIDPP36P1-MF,UTIDPP36P1,,-1.000000,1,,NSE,1.000000,2010,False
14401,UTIRPP36P1-MF,UTIRPP36P1,,-1.000000,1,,NSE,1.000000,1680,False
1442,SANOFI-EQ,SANOFI,,-1.000000,1,,NSE,10.000000,32473,False
14418,ASTRAL-EQ,ASTRAL,,-1.000000,1,,NSE,10.000000,70654,True
14423,LAOPALA-EQ,LAOPALA,,-1.000000,1,,NSE,1.000000,629148,False
1443,671WB40-SG,671WB40,,-1.000000,100,,NSE,1.000000,1000000,False
1446,671TS40-SG,671TS40,,-1.000000,100,,NSE,1.000000,1000000,False
14459,LEXUS-EQ,LEXUS,,-1.000000,1,,NSE,1.000000,679856,False
14480,GOKULAGRO-EQ,GOKULAGRO,,-1.000000,1,,NSE,1.000000,440859,False
14533,769TS32-SG,769TS32,,-1.000000,100,,NSE,1.000000,970840,False
14548,768GJ33-SG,768GJ33,,-1.000000,100,,NSE,1.000000,1052600,False
14567,BFUTILITIE-EQ,BFUTILITIE,,-1.000000,1,,NSE,5.000000,182160,False
14640,773AP32-SG,773AP32,,-1.000000,100,,NSE,1.000000,1000000,False
14643,772GJ34-SG,772GJ34,,-1.000000,100,,NSE,1.000000,1000000,False
14652,773GJ36-SG,773GJ36,,-1.000000,100,,NSE,1.000000,999900,False
14732,DLF-EQ,DLF,,-1.000000,1,,NSE,5.000000,153469,True
14745,ADVANIHOTR-EQ,ADVANIHOTR,,-1.000000,1,,NSE,1.000000,2033277,False
14766,V2RETAIL-EQ,V2RETAIL,,-1.000000,1,,NSE,1.000000,458714,False
14788,SPARC-EQ,SPARC,,-1.000000,1,,NSE,1.000000,510113,False
14806,IRBIT-IV,IRBIT,,-1.000000,25000,,NSE,1.000000,466493,False
14834,78JK35-SG,78JK35,,-1.000000,100,,NSE,1.000000,999960,False
14871,USK-EQ,USK,,-1.000000,1,,NSE,1.000000,1810178,False
14895,AKI-BE,AKI,,-1.000000,1,,NSE,1.000000,3374834,False
14958,77AP32-SG,77AP32,,-1.000000,100,,NSE,1.000000,1000000,False
15015,749MH30-SG,749MH30,,-1.000000,100,,NSE,1.000000,988500,False
15019,759PN33-SG,759PN33,,-1.000000,100,,NSE,1.000000,999900,False
15032,PSUBNKBEES-EQ,PSUBNKBEES,,-1.000000,1,,NSE,1.000000,1072644,False
15034,BAJAJELEC-EQ,BAJAJELEC,,-1.000000,1,,NSE,5.000000,298174,False
15044,DELTACORP-EQ,DELTACORP,,-1.000000,1,,NSE,1.000000,1846549,False
15095,756RJ33-SG,756RJ33,,-1.000000,100,,NSE,1.000000,999900,False
15100,762PN38-SG,762PN38,,-1.000000,100,,NSE,1.000000,979900,False
15147,AGUL-SM,AGUL,,-1.000000,2000,,NSE,5.000000,179326,False
15199,MANAKSIA-EQ,MANAKSIA,,-1.000000,1,,NSE,1.000000,1409440,False
15214,DVL-EQ,DVL,,-1.000000,1,,NSE,5.000000,349371,False
15229,LICNFNHGP-EQ,LICNFNHGP,,-1.000000,1,,NSE,1.000000,370954,False
15264,743AP31-SG,743AP31,,-1.000000,100,,NSE,1.000000,998500,False
1532,668WB35-SG,668WB35,,-1.000000,100,,NSE,1.000000,999900,False
15285,QUICKTOUCH-SM,QUICKTOUCH,,-1.000000,500,,NSE,5.000000,419083,False
15346,SHALPAINTS-BE,SHALPAINTS,,-1.000000,1,,NSE,1.000000,1166431,False
15320,747WB43-SG,747WB43,,-1.000000,100,,NSE,1.000000,1000000,False
15349,SADHNANIQ-BE,SADHNANIQ,,-1.000000,1,,NSE,1.000000,35208710,False
15377,PDMJEPAPER-EQ,PDMJEPAPER,,-1.000000,1,,NSE,1.000000,1023466,False
15399,EIHAHOTELS-EQ,EIHAHOTELS,,-1.000000,1,,NSE,5.000000,347885,False
15409,NESCO-EQ,NESCO,,-1.000000,1,,NSE,10.000000,90681,False
15526,739AP33-SG,739AP33,,-1.000000,100,,NSE,1.000000,1000000,False
15749,733TN33-SG,733TN33,,-1.000000,100,,NSE,1.000000,1006000,False
1619,FAIRCHEMOR-BE,FAIRCHEMOR,,-1.000000,1,,NSE,5.000000,160257,False
15883,HINDWAREAP-EQ,HINDWAREAP,,-1.000000,1,,NSE,1.000000,560514,False
16045,PRINCEPIPE-EQ,PRINCEPIPE,,-1.000000,1,,NSE,5.000000,375023,False
16154,REMUS-SM,REMUS,,-1.000000,100,,NSE,5.000000,113633,False
1630,IONEXCHANG-EQ,IONEXCHANG,,-1.000000,1,,NSE,5.000000,224253,False
16239,737SK33-SG,737SK33,,-1.000000,100,,NSE,1.000000,981000,False
16249,CCAVENUE-EQ,CCAVENUE,,-1.000000,1,,NSE,1.000000,6135795,False
16261,743MZ36-SG,743MZ36,,-1.000000,100,,NSE,1.000000,408750,False
1645,66AS30A-SG,66AS30A,,-1.000000,100,,NSE,1.000000,999960,False
16355,PANACHE-BE,PANACHE,,-1.000000,1,,NSE,5.000000,192664,False
16647,733AP33-SG,733AP33,,-1.000000,100,,NSE,1.000000,990750,False
16802,737NL33A-SG,737NL33A,,-1.000000,100,,NSE,1.000000,490500,False
16806,739AP35-SG,739AP35,,-1.000000,100,,NSE,1.000000,1000000,False
16822,IKIO-EQ,IKIO,,-1.000000,1,,NSE,1.000000,446682,False
16915,ZFCVINDIA-EQ,ZFCVINDIA,,-1.000000,1,,NSE,10.000000,39149,False
16939,734TN43-SG,734TN43,,-1.000000,100,,NSE,1.000000,1111000,False
16961,AATMAJ-SM,AATMAJ,,-1.000000,2000,,NSE,5.000000,739020,False
16973,738GJ30A-SG,738GJ30A,,-1.000000,100,,NSE,1.000000,1000000,False
16982,747GA38-SG,747GA38,,-1.000000,100,,NSE,1.000000,327000,False
16997,739TS51-SG,739TS51,,-1.000000,100,,NSE,1.000000,1000000,False
17043,IIFLZC28B-Y1,IIFLZC28B,,-1.000000,1,,NSE,1.000000,12267,False
17105,SUMICHEM-EQ,SUMICHEM,,-1.000000,1,,NSE,5.000000,209641,False
17112,745TN43-SG,745TN43,,-1.000000,100,,NSE,1.000000,1000000,False
17124,746AP34-SG,746AP34,,-1.000000,100,,NSE,1.000000,1000000,False
17172,91SFL27-ZI,91SFL27,,-1.000000,1,,NSE,1.000000,4258,False
17357,GKWLIMITED-EQ,GKWLIMITED,,-1.000000,1,,NSE,10.000000,63095,False
1739,665AP36-SG,665AP36,,-1.000000,100,,NSE,1.000000,1000000,False
1745,665AP40-SG,665AP40,,-1.000000,100,,NSE,1.000000,1000000,False
17395,SETF10GILT-EQ,SETF10GILT,,-1.000000,1,,NSE,1.000000,378750,False
17455,741GA33-SG,741GA33,,-1.000000,100,,NSE,1.000000,327000,False
17520,RTNPOWER-EQ,RTNPOWER,,-1.000000,1,,NSE,1.000000,13946164,False
1756,JINDALPOLY-EQ,JINDALPOLY,,-1.000000,1,,NSE,5.000000,148961,False
1758,868NHB29-N3,868NHB29,,-1.000000,1,,NSE,1.000000,17869,False
1761,865NHB34-N4,865NHB34,,-1.000000,1,,NSE,1.000000,4810,False
1767,890NHB34-N7,890NHB34,,-1.000000,1,,NSE,1.000000,3162,False
17661,UNIVPHOTO-BE,UNIVPHOTO,,-1.000000,1,,NSE,5.000000,185128,False
17669,744AP43-SG,744AP43,,-1.000000,100,,NSE,1.000000,1000000,False
17704,QUESS-EQ,QUESS,,-1.000000,1,,NSE,5.000000,287218,False
17758,SARDAEN-EQ,SARDAEN,,-1.000000,1,,NSE,5.000000,190638,False
17766,ZEAL-SM,ZEAL,,-1.000000,600,,NSE,5.000000,435228,False
17808,QUAL30IETF-EQ,QUAL30IETF,,-1.000000,1,,NSE,1.000000,2169807,False
17835,744TN33B-SG,744TN33B,,-1.000000,100,,NSE,1.000000,1000000,False
17850,743JK53-SG,743JK53,,-1.000000,100,,NSE,1.000000,1000000,False
17875,GODREJPROP-EQ,GODREJPROP,,-1.000000,1,,NSE,10.000000,56931,True
17882,ORIANA-SM,ORIANA,,-1.000000,75,,NSE,5.000000,81479,False
17957,MMTC-EQ,MMTC,,-1.000000,1,,NSE,1.000000,1614000,False
17994,PGIMCSA4D-MF,PGIMCSA4D,,-1.000000,1,,NSE,1.000000,281,False
17995,PGIMCSR1D-MF,PGIMCSR1D,,-1.000000,1,,NSE,1.000000,5962,False
18008,BPF02D3R-MF,BPF02D3R,,-1.000000,1,,NSE,1.000000,22,False
18010,BPF02D4R-MF,BPF02D4R,,-1.000000,1,,NSE,1.000000,0,False
18081,749HR33-SG,749HR33,,-1.000000,100,,NSE,1.000000,999900,False
18083,752PN35-SG,752PN35,,-1.000000,100,,NSE,1.000000,999900,False
18084,751MN35-SG,751MN35,,-1.000000,100,,NSE,1.000000,654000,False
18163,BPF02RWR-MF,BPF02RWR,,-1.000000,1,,NSE,1.000000,0,False
18175,IF3GPD-MF,IF3GPD,,-1.000000,1,,NSE,1.000000,14648667,False
18178,FICRF3DP-MF,FICRF3DP,,-1.000000,1,,NSE,1.000000,1948373,False
18182,FISTIP3GP-MF,FISTIP3GP,,-1.000000,1,,NSE,1.000000,642697,False
18196,FISTIP3QDP-MF,FISTIP3QDP,,-1.000000,1,,NSE,1.000000,16018,False
18197,FISTIP3WDP-MF,FISTIP3WDP,,-1.000000,1,,NSE,1.000000,7619,False
18201,FISTIPD3WD-MF,FISTIPD3WD,,-1.000000,1,,NSE,1.000000,1647,False
18204,749BR31-SG,749BR31,,-1.000000,100,,NSE,1.000000,1000000,False
1826,KAMATHOTEL-EQ,KAMATHOTEL,,-1.000000,1,,NSE,1.000000,446004,False
18209,749GA33-SG,749GA33,,-1.000000,100,,NSE,1.000000,327000,False
18210,749UP34-SG,749UP34,,-1.000000,100,,NSE,1.000000,999900,False
18284,HNGSNGBEES-EQ,HNGSNGBEES,,-1.000000,1,,NSE,1.000000,215558,False
1830,658GA31-SG,658GA31,,-1.000000,100,,NSE,1.000000,327000,False
18412,74TS43-SG,74TS43,,-1.000000,100,,NSE,1.000000,999900,False
18451,SGBMAR28X-GB,SGBMAR28X,,-1.000000,1,,NSE,1.000000,6499,False
18527,746MP38-SG,746MP38,,-1.000000,100,,NSE,1.000000,1000000,False
18537,746TS42-SG,746TS42,,-1.000000,100,,NSE,1.000000,1000000,False
18566,RRKABEL-EQ,RRKABEL,,-1.000000,1,,NSE,10.000000,41170,False
18593,EMSLIMITED-EQ,EMSLIMITED,,-1.000000,1,,NSE,5.000000,260994,False
18690,746TS30-SG,746TS30,,-1.000000,100,,NSE,1.000000,991350,False
18693,AVSL-ST,AVSL,,-1.000000,1000,,NSE,5.000000,174327,False
18783,IDFNIFTYET-EQ,IDFNIFTYET,,-1.000000,1,,NSE,1.000000,4673,False
1879,CARYSIL-EQ,CARYSIL,,-1.000000,1,,NSE,10.000000,86266,False
18857,579GS2030-GS,579GS2030,,-1.000000,1,,NSE,1.000000,1004400,False
1887,597CG27-SG,597CG27,,-1.000000,100,,NSE,1.000000,1000000,False
18912,745MP44-SG,745MP44,,-1.000000,100,,NSE,1.000000,1000000,False
18933,752BR31-SG,752BR31,,-1.000000,100,,NSE,1.000000,1000000,False
18998,746WB39-SG,746WB39,,-1.000000,100,,NSE,1.000000,1000000,False
19078,SGBJUN28-GB,SGBJUN28,,-1.000000,1,,NSE,1.000000,6651,False
19138,DIGIKORE-SM,DIGIKORE,,-1.000000,400,,NSE,5.000000,414165,False
19142,UMESLTD-EQ,UMESLTD,,-1.000000,1,,NSE,1.000000,863797,False
19164,76AP34-SG,76AP34,,-1.000000,100,,NSE,1.000000,1011800,False
19168,756UP35-SG,756UP35,,-1.000000,100,,NSE,1.000000,999900,False
19184,SFL-EQ,SFL,,-1.000000,1,,NSE,5.000000,144585,False
19186,762AS33-SG,762AS33,,-1.000000,100,,NSE,1.000000,1000000,False
19215,HMVL-BE,HMVL,,-1.000000,1,,NSE,1.000000,1251532,False
19257,CHOLAFIN-D1,CHOLAFIN,,-1.000000,1,,NSE,5.000000,1000,False
1944,661KA33-SG,661KA33,,-1.000000,100,,NSE,1.000000,1000000,False
19263,AARTISURF-BE,AARTISURF,,-1.000000,1,,NSE,5.000000,197369,False
19269,BLISSGVS-BE,BLISSGVS,,-1.000000,1,,NSE,5.000000,138689,False
19469,SCML-SM,SCML,,-1.000000,1000,,NSE,5.000000,474045,False
19482,771UK33-SG,771UK33,,-1.000000,100,,NSE,1.000000,1000000,False
19484,77UP34-SG,77UP34,,-1.000000,100,,NSE,1.000000,1012200,False
19496,SECMARK-EQ,SECMARK,,-1.000000,1,,NSE,1.000000,341616,False
19520,764WB43-SG,764WB43,,-1.000000,100,,NSE,1.000000,999900,False
19526,767AS33B-SG,767AS33B,,-1.000000,100,,NSE,1.000000,1000000,False
19543,HDFCGOLD-EQ,HDFCGOLD,,-1.000000,1,,NSE,1.000000,772767,False
19633,ITETF-EQ,ITETF,,-1.000000,1,,NSE,1.000000,984425,False
19640,ALPHAETF-EQ,ALPHAETF,,-1.000000,1,,NSE,1.000000,3774900,False
19726,776AP37-SG,776AP37,,-1.000000,100,,NSE,1.000000,1000000,False
19732,77RJ43-SG,77RJ43,,-1.000000,100,,NSE,1.000000,1000000,False
19808,746GS2073-GS,746GS2073,,-1.000000,1,,NSE,1.000000,987000,False
19867,AMNPLST-EQ,AMNPLST,,-1.000000,1,,NSE,1.000000,605054,False
19901,772HR35-SG,772HR35,,-1.000000,100,,NSE,1.000000,1000000,False
19904,773BR38-SG,773BR38,,-1.000000,100,,NSE,1.000000,1000000,False
19907,758JK50-SG,758JK50,,-1.000000,100,,NSE,1.000000,1030860,False
1994,LIBERTSHOE-EQ,LIBERTSHOE,,-1.000000,1,,NSE,1.000000,437280,False
19908,765TN30-SG,765TN30,,-1.000000,100,,NSE,1.000000,1018900,False
19910,77GA33A-SG,77GA33A,,-1.000000,100,,NSE,1.000000,327000,False
19931,ORISSAMINE-EQ,ORISSAMINE,,-1.000000,1,,NSE,10.000000,25278,False
1999,888IRFC29-NE,888IRFC29,,-1.000000,1,,NSE,1.000000,88491,False
1995,SECL-SZ,SECL,,-1.000000,6250,,NSE,5.000000,3366411,False
20034,764NABAR31-N2,764NABAR31,,-1.000000,1,,NSE,1.000000,89378,False
20040,711HP30-SG,711HP30,,-1.000000,100,,NSE,1.000000,952560,False
20075,948SCL26A-NN,948SCL26A,,-1.000000,1,,NSE,1.000000,6274,False
20099,710GJ30-SG,710GJ30,,-1.000000,100,,NSE,1.000000,950800,False
20102,1015SCL28-NR,1015SCL28,,-1.000000,1,,NSE,1.000000,2871,False
20160,CANTABIL-EQ,CANTABIL,,-1.000000,1,,NSE,1.000000,416266,False
20184,774HP38-SG,774HP38,,-1.000000,100,,NSE,1.000000,1000000,False
20196,BEDMUTHA-EQ,BEDMUTHA,,-1.000000,1,,NSE,1.000000,962076,False
2024,664UP31-SG,664UP31,,-1.000000,100,,NSE,1.000000,999950,False
20220,768UP34A-SG,768UP34A,,-1.000000,100,,NSE,1.000000,977900,False
20221,77UP35-SG,77UP35,,-1.000000,100,,NSE,1.000000,1000000,False
20278,750AS30-SG,750AS30,,-1.000000,100,,NSE,1.000000,927600,False
20312,72JK29-SG,72JK29,,-1.000000,100,,NSE,1.000000,947146,False
20313,709KA30-SG,709KA30,,-1.000000,100,,NSE,1.000000,950500,False
20361,777MN38-SG,777MN38,,-1.000000,100,,NSE,1.000000,327000,False
20362,771WB41-SG,771WB41,,-1.000000,100,,NSE,1.000000,1000000,False
20372,FLAIR-EQ,FLAIR,,-1.000000,1,,NSE,1.000000,423584,False
20393,772HR33-SG,772HR33,,-1.000000,100,,NSE,1.000000,1010100,False
20397,777PN36-SG,777PN36,,-1.000000,100,,NSE,1.000000,953327,False
20401,774BR38-SG,774BR38,,-1.000000,100,,NSE,1.000000,1000000,False
20406,CBAZAAR-SM,CBAZAAR,,-1.000000,8000,,NSE,5.000000,701548,False
20425,NACLIND-EQ,NACLIND,,-1.000000,1,,NSE,1.000000,634330,False
20435,850CIFCL26-NE,850CIFCL26,,-1.000000,1,,NSE,1.000000,74616,False
20528,PRUDMOULI-BE,PRUDMOULI,,-1.000000,1,,NSE,1.000000,1054640,False
20531,BAJEL-EQ,BAJEL,,-1.000000,1,,NSE,1.000000,555808,False
206,ASHIMASYN-EQ,ASHIMASYN,,-1.000000,1,,NSE,1.000000,6020426,False
20588,802ABHF28-N1,802ABHF28,,-1.000000,1,,NSE,1.000000,866,False
20616,SUPERHOUSE-EQ,SUPERHOUSE,,-1.000000,1,,NSE,1.000000,360517,False
20621,PENIND-EQ,PENIND,,-1.000000,1,,NSE,1.000000,569608,False
2071,645RJ27-SG,645RJ27,,-1.000000,100,,NSE,1.000000,1000000,False
20687,905LTF27-NF,905LTF27,,-1.000000,1,,NSE,1.000000,96414,False
20734,763AR33-SG,763AR33,,-1.000000,100,,NSE,1.000000,555900,False
20751,885MFL28-NI,885MFL28,,-1.000000,1,,NSE,1.000000,942,False
20772,715AP31-SG,715AP31,,-1.000000,100,,NSE,1.000000,948000,False
20776,BHAGYANGR-EQ,BHAGYANGR,,-1.000000,1,,NSE,5.000000,236635,False
20860,696HR40-SG,696HR40,,-1.000000,100,,NSE,1.000000,950300,False
20915,722AS29-SG,722AS29,,-1.000000,100,,NSE,1.000000,946050,False
20916,722GA29-SG,722GA29,,-1.000000,100,,NSE,1.000000,654000,False
20928,766TN33-SG,766TN33,,-1.000000,100,,NSE,1.000000,999900,False
20930,JALAN-ST,JALAN,,-1.000000,3000,,NSE,5.000000,475367,False
20938,767UP33-SG,767UP33,,-1.000000,100,,NSE,1.000000,1000000,False
20947,772JK43-SG,772JK43,,-1.000000,100,,NSE,1.000000,999960,False
21,664UP30-SG,664UP30,,-1.000000,100,,NSE,1.000000,1000000,False
20961,798AP31-SG,798AP31,,-1.000000,100,,NSE,1.000000,896400,False
20986,940SCL26B-Y6,940SCL26B,,-1.000000,1,,NSE,1.000000,81,False
21032,726GJ29-SG,726GJ29,,-1.000000,100,,NSE,1.000000,940400,False
21039,648AP32-SG,648AP32,,-1.000000,100,,NSE,1.000000,993000,False
21119,KICL-EQ,KICL,,-1.000000,1,,NSE,50.000000,19835,False
21133,743GJ27-SG,743GJ27,,-1.000000,100,,NSE,1.000000,990000,False
21154,ERIS-EQ,ERIS,,-1.000000,1,,NSE,10.000000,73717,False
21155,774KA34-SG,774KA34,,-1.000000,100,,NSE,1.000000,999900,False
21227,875TCAPS29-NB,875TCAPS29,,-1.000000,1,,NSE,1.000000,1520,False
21231,815LTF27-NO,815LTF27,,-1.000000,1,,NSE,1.000000,1000,False
21247,DIGIDRIVE-EQ,DIGIDRIVE,,-1.000000,1,,NSE,1.000000,1260974,False
21260,TRANSWIND-SM,TRANSWIND,,-1.000000,4000,,NSE,5.000000,250122,False
21275,SUMMITSEC-EQ,SUMMITSEC,,-1.000000,1,,NSE,10.000000,70959,False
21375,702BR30-SG,702BR30,,-1.000000,100,,NSE,1.000000,958232,False
21578,COMSYN-EQ,COMSYN,,-1.000000,1,,NSE,5.000000,334250,False
21691,MAXPOSURE-SM,MAXPOSURE,,-1.000000,1000,,NSE,5.000000,743629,False
21705,MEDIASSIST-EQ,MEDIASSIST,,-1.000000,1,,NSE,5.000000,315988,False
21735,737GR2054-GS,737GR2054,,-1.000000,1,,NSE,1.000000,987500,False
21747,EDUCOMP-BZ,EDUCOMP,,-1.000000,1,,NSE,1.000000,4004676,False
21749,CAPACITE-EQ,CAPACITE,,-1.000000,1,,NSE,1.000000,520822,False
21828,TEXRAIL-EQ,TEXRAIL,,-1.000000,1,,NSE,1.000000,848719,False
21930,609KA28-SG,609KA28,,-1.000000,100,,NSE,1.000000,998800,False
21941,714MH29-SG,714MH29,,-1.000000,100,,NSE,1.000000,948300,False
21942,727MH30-SG,727MH30,,-1.000000,100,,NSE,1.000000,1010100,False
21949,652MP35-SG,652MP35,,-1.000000,100,,NSE,1.000000,994300,False
21977,721MP34-SG,721MP34,,-1.000000,100,,NSE,1.000000,933600,False
21978,698MP30-SG,698MP30,,-1.000000,100,,NSE,1.000000,959600,False
22012,704ML30-SG,704ML30,,-1.000000,100,,NSE,1.000000,490500,False
22013,729ML29-SG,729ML29,,-1.000000,100,,NSE,1.000000,327000,False
22024,721PY28-SG,721PY28,,-1.000000,100,,NSE,1.000000,654000,False
22054,715RJ30-SG,715RJ30,,-1.000000,100,,NSE,1.000000,950300,False
22060,718RJ29-SG,718RJ29,,-1.000000,100,,NSE,1.000000,948400,False
22062,831RJ27-SG,831RJ27,,-1.000000,100,,NSE,1.000000,892373,False
22066,73RJ30-SG,73RJ30,,-1.000000,100,,NSE,1.000000,939983,False
22095,714UP30-SG,714UP30,,-1.000000,100,,NSE,1.000000,951075,False
22122,673TN30-SG,673TN30,,-1.000000,100,,NSE,1.000000,973900,False
22153,729WB29-SG,729WB29,,-1.000000,100,,NSE,1.000000,941200,False
22154,714SK30-SG,714SK30,,-1.000000,100,,NSE,1.000000,955155,False
22165,745UK30-SG,745UK30,,-1.000000,100,,NSE,1.000000,817500,False
22171,729UK29-SG,729UK29,,-1.000000,100,,NSE,1.000000,817500,False
22198,705JH30-SG,705JH30,,-1.000000,100,,NSE,1.000000,956900,False
22203,739TS59-SG,739TS59,,-1.000000,100,,NSE,1.000000,891021,False
22206,731TS60-SG,731TS60,,-1.000000,100,,NSE,1.000000,897000,False
22215,722AP31-SG,722AP31,,-1.000000,100,,NSE,1.000000,938130,False
22222,717GJ30A-SG,717GJ30A,,-1.000000,100,,NSE,1.000000,948800,False
22225,714KA29A-SG,714KA29A,,-1.000000,100,,NSE,1.000000,948360,False
22242,SGBJUL28IV-GB,SGBJUL28IV,,-1.000000,1,,NSE,1.000000,6658,False
22293,65RJ50-SG,65RJ50,,-1.000000,100,,NSE,1.000000,1000000,False
22301,645MN30-SG,645MN30,,-1.000000,100,,NSE,1.000000,327000,False
22332,660AP39-SG,660AP39,,-1.000000,100,,NSE,1.000000,1000000,False
22337,644GJ29A-SG,644GJ29A,,-1.000000,100,,NSE,1.000000,999900,False
22370,664KA32-SG,664KA32,,-1.000000,100,,NSE,1.000000,1000000,False
22411,668WB30-SG,668WB30,,-1.000000,100,,NSE,1.000000,1000000,False
22415,LOVABLE-EQ,LOVABLE,,-1.000000,1,,NSE,1.000000,483960,False
22416,807NIIF39-N1,807NIIF39,,-1.000000,1,,NSE,1.000000,588,False
22475,KONSTELEC-ST,KONSTELEC,,-1.000000,1000,,NSE,5.000000,493770,False
22476,SGBDE31III-GB,SGBDE31III,,-1.000000,1,,NSE,1.000000,6404,False
22527,DELAPLEX-SM,DELAPLEX,,-1.000000,600,,NSE,5.000000,297897,False
2266,707AS31-SG,707AS31,,-1.000000,100,,NSE,1.000000,1000000,False
2256,PENINLAND-EQ,PENINLAND,,-1.000000,1,,NSE,1.000000,6414296,False
22560,MEGATHERM-SM,MEGATHERM,,-1.000000,400,,NSE,5.000000,398406,False
22670,RPTECH-EQ,RPTECH,,-1.000000,1,,NSE,5.000000,121980,False
22748,748RJ34-SG,748RJ34,,-1.000000,100,,NSE,1.000000,999975,False
22755,747BR39-SG,747BR39,,-1.000000,100,,NSE,1.000000,1000000,False
2277,MRF-EQ,MRF,,-1.000000,1,,NSE,500.000000,776,False
22785,ATMASTCO-SM,ATMASTCO,,-1.000000,400,,NSE,5.000000,768036,False
22820,759IREDA34-N0,759IREDA34,,-1.000000,1,,NSE,1.000000,999,False
22866,742TN34-SG,742TN34,,-1.000000,100,,NSE,1.000000,1000000,False
22925,820ABHF27-N5,820ABHF27,,-1.000000,1,,NSE,1.000000,735,False
22877,743MH35-SG,743MH35,,-1.000000,100,,NSE,1.000000,1029300,False
22886,SGBFEB32IV-GB,SGBFEB32IV,,-1.000000,1,,NSE,1.000000,6303,False
22901,GOLDCASE-EQ,GOLDCASE,,-1.000000,1,,NSE,1.000000,4197338,False
22938,PURVFLEXI-SM,PURVFLEXI,,-1.000000,800,,NSE,5.000000,686135,False
22993,742KA35-SG,742KA35,,-1.000000,100,,NSE,1.000000,999900,False
23030,LANCORHOL-BE,LANCORHOL,,-1.000000,1,,NSE,1.000000,2405103,False
23034,950BCIPL28-N2,950BCIPL28,,-1.000000,1,,NSE,1.000000,999,False
23074,SHREEKARNI-SM,SHREEKARNI,,-1.000000,150,,NSE,5.000000,236380,False
23080,738CG34-SG,738CG34,,-1.000000,100,,NSE,1.000000,1000000,False
23082,737RJ34A-SG,737RJ34A,,-1.000000,100,,NSE,1.000000,1000000,False
2317,676GS2061-GS,676GS2061,,-1.000000,1,,NSE,1.000000,1115525,False
23085,739KL34-SG,739KL34,,-1.000000,100,,NSE,1.000000,1000000,False
23086,738UP34-SG,738UP34,,-1.000000,100,,NSE,1.000000,1000000,False
23125,1119NFL27-ND,1119NFL27,,-1.000000,1,,NSE,1.000000,16284,False
2319,NCC-EQ,NCC,,-1.000000,1,,NSE,1.000000,709466,False
23172,860CIFCL29-NR,860CIFCL29,,-1.000000,1,,NSE,1.000000,999,False
23190,746CG32-SG,746CG32,,-1.000000,100,,NSE,1.000000,1000000,False
23197,747AS34-SG,747AS34,,-1.000000,100,,NSE,1.000000,1000000,False
23240,780BFL27-N0,780BFL27,,-1.000000,1,,NSE,1.000000,408,False
23254,762NABAR29-N3,762NABAR29,,-1.000000,1,,NSE,1.000000,999,False
23311,1050SCFL31-Z2,1050SCFL31,,-1.000000,1,,NSE,1.000000,729,False
23334,753WB44-SG,753WB44,,-1.000000,100,,NSE,1.000000,1000000,False
23335,748TS50-SG,748TS50,,-1.000000,100,,NSE,1.000000,999876,False
23350,749UP36-SG,749UP36,,-1.000000,100,,NSE,1.000000,1000000,False
23365,AQYLON-EQ,AQYLON,,-1.000000,1,,NSE,1.000000,4707970,False
23396,ASPIRE-SM,ASPIRE,,-1.000000,2000,,NSE,5.000000,496320,False
23410,BLUEPEBBLE-SM,BLUEPEBBLE,,-1.000000,400,,NSE,5.000000,133416,False
23417,TRUST-SM,TRUST,,-1.000000,600,,NSE,5.000000,779084,False
23421,739AP30-SG,739AP30,,-1.000000,100,,NSE,1.000000,1000000,False
23422,749PN32-SG,749PN32,,-1.000000,100,,NSE,1.000000,999900,False
23485,DRSCARGO-SM,DRSCARGO,,-1.000000,800,,NSE,5.000000,246270,False
23498,744TS53-SG,744TS53,,-1.000000,100,,NSE,1.000000,1097650,False
23512,TARACHAND-EQ,TARACHAND,,-1.000000,1,,NSE,1.000000,2133947,False
23518,723GS2039-GS,723GS2039,,-1.000000,1,,NSE,1.000000,956000,False
23536,745MH38A-SG,745MH38A,,-1.000000,100,,NSE,1.000000,999900,False
23551,885NOM28-N2,885NOM28,,-1.000000,1,,NSE,1.000000,277,False
23563,795SHFL34-N2,795SHFL34,,-1.000000,1,,NSE,1.000000,1000,False
23581,75TN31-SG,75TN31,,-1.000000,100,,NSE,1.000000,1000000,False
23642,749RJ44-SG,749RJ44,,-1.000000,100,,NSE,1.000000,1000000,False
23667,895MFL27-NM,895MFL27,,-1.000000,1,,NSE,1.000000,621,False
23669,AAFS27C-N4,AAFS27C,,-1.000000,1,,NSE,1.000000,405,False
23673,747HP33-SG,747HP33,,-1.000000,100,,NSE,1.000000,1049510,False
23692,SLONE-ST,SLONE,,-1.000000,400,,NSE,5.000000,172296,False
23702,91MOFSL27-N2,91MOFSL27,,-1.000000,1,,NSE,1.000000,98505,False
23710,93MOFSL34-N6,93MOFSL34,,-1.000000,1,,NSE,1.000000,15386,False
23740,TBOTEK-EQ,TBOTEK,,-1.000000,1,,NSE,10.000000,59506,False
23754,745AP33A-SG,745AP33A,,-1.000000,100,,NSE,1.000000,1000000,False
23755,745AP40B-SG,745AP40B,,-1.000000,100,,NSE,1.000000,1000000,False
23768,902MFL27-NO,902MFL27,,-1.000000,1,,NSE,1.000000,999,False
23775,VERITAAS-SM,VERITAAS,,-1.000000,1200,,NSE,5.000000,92312,False
2386,72GA31-SG,72GA31,,-1.000000,100,,NSE,1.000000,654000,False
23817,74AP41-SG,74AP41,,-1.000000,100,,NSE,1.000000,1000000,False
23830,RULKA-SM,RULKA,,-1.000000,300,,NSE,5.000000,139249,False
23837,865CIF29-NV,865CIF29,,-1.000000,1,,NSE,1.000000,999,False
23870,738TN33-SG,738TN33,,-1.000000,100,,NSE,1.000000,1000000,False
23884,734AP49-SG,734AP49,,-1.000000,100,,NSE,1.000000,1000000,False
23892,776TIL34-N1,776TIL34,,-1.000000,1,,NSE,1.000000,999,False
23894,758RECL29-NQ,758RECL29,,-1.000000,1,,NSE,1.000000,1000,False
2391,72JH35-SG,72JH35,,-1.000000,100,,NSE,1.000000,999880,False
23944,99SCL27-ZH,99SCL27,,-1.000000,1,,NSE,1.000000,6290,False
23970,1075SCL34-ZR,1075SCL34,,-1.000000,1,,NSE,1.000000,2940,False
23974,1025SCL34A-ZT,1025SCL34A,,-1.000000,1,,NSE,1.000000,4269,False
2398,722KA38-SG,722KA38,,-1.000000,100,,NSE,1.000000,1000000,False
23996,744TS40-SG,744TS40,,-1.000000,100,,NSE,1.000000,1000000,False
24003,738KL55-SG,738KL55,,-1.000000,100,,NSE,1.000000,1000000,False
24004,743TN32-SG,743TN32,,-1.000000,100,,NSE,1.000000,1000000,False
2406,NEULANDLAB-EQ,NEULANDLAB,,-1.000000,1,,NSE,500.000000,4246,False
24009,745RJ40-SG,745RJ40,,-1.000000,100,,NSE,1.000000,1000000,False
24013,743JK46-SG,743JK46,,-1.000000,100,,NSE,1.000000,1000000,False
24098,738RJ33-SG,738RJ33,,-1.000000,100,,NSE,1.000000,1000000,False
24131,812SFL27-N2,812SFL27,,-1.000000,1,,NSE,1.000000,999,False
24145,RETAIL-EQ,RETAIL,,-1.000000,1,,NSE,1.000000,268290,False
24182,734AP35-SG,734AP35,,-1.000000,100,,NSE,1.000000,1052600,False
24226,STANLEY-EQ,STANLEY,,-1.000000,1,,NSE,1.000000,737435,False
24255,793TPRE34-N0,793TPRE34,,-1.000000,1,,NSE,1.000000,1000,False
24257,793TPRE29-N0,793TPRE29,,-1.000000,1,,NSE,1.000000,1000,False
24284,98VFPL28-N0,98VFPL28,,-1.000000,1,,NSE,1.000000,327,False
24302,816LTFH27-N0,816LTFH27,,-1.000000,1,,NSE,1.000000,925,False
24304,AKIKO-SM,AKIKO,,-1.000000,800,,NSE,5.000000,231212,False
24313,DTL-SM,DTL,,-1.000000,1200,,NSE,5.000000,270123,False
24338,736AP41-SG,736AP41,,-1.000000,100,,NSE,1.000000,1000000,False
24341,736JK46-SG,736JK46,,-1.000000,100,,NSE,1.000000,1000000,False
24347,864CIFL29A-N0,864CIFL29A,,-1.000000,1,,NSE,1.000000,1000,False
24378,RELIABLE-EQ,RELIABLE,,-1.000000,1,,NSE,1.000000,337464,False
10052,SFMP6DR-MF,SFMP6DR,,-1.000000,1,,NSE,1.000000,98,False
10215,795AP39-SG,795AP39,,-1.000000,100,,NSE,1.000000,1000000,False
10277,NGLFINE-EQ,NGLFINE,,-1.000000,1,,NSE,10.000000,37630,False
10310,AURUM-EQ,AURUM,,-1.000000,1,,NSE,1.000000,446355,False
10334,789TS34-SG,789TS34,,-1.000000,100,,NSE,1.000000,1000000,False
10336,797AP39-SG,797AP39,,-1.000000,100,,NSE,1.000000,1000000,False
10366,UNIVAFOODS-BE,UNIVAFOODS,,-1.000000,1,,NSE,1.000000,468355,False
10384,802WB37-SG,802WB37,,-1.000000,100,,NSE,1.000000,962000,False
10461,781HR32B-SG,781HR32B,,-1.000000,100,,NSE,1.000000,1000000,False
10463,782NL32-SG,782NL32,,-1.000000,100,,NSE,1.000000,817500,False
10540,774MZ33-SG,774MZ33,,-1.000000,100,,NSE,1.000000,654000,False
10585,MOM30IETF-EQ,MOM30IETF,,-1.000000,1,,NSE,1.000000,3194731,False
10588,SHREEPUSHK-EQ,SHREEPUSHK,,-1.000000,1,,NSE,5.000000,205376,False
10618,SADBHIN-EQ,SADBHIN,,-1.000000,1,,NSE,1.000000,11517764,False
10634,ASAL-EQ,ASAL,,-1.000000,1,,NSE,5.000000,216247,False
10651,775TN32-SG,775TN32,,-1.000000,100,,NSE,1.000000,1000000,False
10666,PNB-EQ,PNB,,-1.000000,1,,NSE,1.000000,850477,True
10690,NIFTYQLITY-EQ,NIFTYQLITY,,-1.000000,1,,NSE,1.000000,379523,False
10721,765BR32A-SG,765BR32A,,-1.000000,100,,NSE,1.000000,1000000,False
10794,CANBK-EQ,CANBK,,-1.000000,1,,NSE,1.000000,798217,True
10836,SEYAIND-BE,SEYAIND,,-1.000000,1,,NSE,1.000000,868856,False
1084,66SK30-SG,66SK30,,-1.000000,100,,NSE,1.000000,999991,False
1085,GABRIEL-EQ,GABRIEL,,-1.000000,1,,NSE,10.000000,74259,False
10845,771KL42-SG,771KL42,,-1.000000,100,,NSE,1.000000,1000000,False
10847,771AP39-SG,771AP39,,-1.000000,100,,NSE,1.000000,1000000,False
10852,761TN32-SG,761TN32,,-1.000000,100,,NSE,1.000000,1000000,False
10902,745TS30-SG,745TS30,,-1.000000,100,,NSE,1.000000,1000000,False
10939,JUNIORBEES-EQ,JUNIORBEES,,-1.000000,1,,NSE,1.000000,127782,False
10958,748HP33-SG,748HP33,,-1.000000,100,,NSE,1.000000,1000000,False
10960,75HP36-SG,75HP36,,-1.000000,100,,NSE,1.000000,999950,False
10961,75HP37-SG,75HP37,,-1.000000,100,,NSE,1.000000,1000000,False
10990,RADICO-EQ,RADICO,,-1.000000,1,,NSE,10.000000,22768,True
11058,SECURKLOUD-EQ,SECURKLOUD,,-1.000000,1,,NSE,1.000000,1092526,False
11223,UCOBANK-EQ,UCOBANK,,-1.000000,1,,NSE,1.000000,4138054,False
11241,HDFCGROWTH-EQ,HDFCGROWTH,,-1.000000,1,,NSE,1.000000,51793,False
11282,769BR32-SG,769BR32,,-1.000000,100,,NSE,1.000000,1000000,False
11325,MUKANDLTD-EQ,MUKANDLTD,,-1.000000,1,,NSE,1.000000,716842,False
11355,PTC-EQ,PTC,,-1.000000,1,,NSE,1.000000,654474,False
11361,915SCL27-Z7,915SCL27,,-1.000000,1,,NSE,1.000000,3889,False
11416,77PN42-SG,77PN42,,-1.000000,100,,NSE,1.000000,1000000,False
11423,DATAMATICS-EQ,DATAMATICS,,-1.000000,1,,NSE,5.000000,131511,False
11483,LT-EQ,LT,,-1.000000,1,,NSE,10.000000,24763,True
11497,SWASTIK-ST,SWASTIK,,-1.000000,1200,,NSE,5.000000,759668,False
11513,785BR32-SG,785BR32,,-1.000000,100,,NSE,1.000000,1000000,False
11514,785AP40-SG,785AP40,,-1.000000,100,,NSE,1.000000,1000000,False
11588,741GJ26-SG,741GJ26,,-1.000000,100,,NSE,1.000000,1000000,False
1163,66AS30-SG,66AS30,,-1.000000,100,,NSE,1.000000,1000000,False
11589,762GJ29-SG,762GJ29,,-1.000000,100,,NSE,1.000000,1000000,False
11640,BOHRAIND-EQ,BOHRAIND,,-1.000000,1,,NSE,1.000000,692329,False
11658,79NHIT35-N1,79NHIT35,,-1.000000,1,,NSE,1.000000,320505,False
11730,728IRFC30-NG,728IRFC30,,-1.000000,1,,NSE,1.000000,77087,False
11757,750IRFC35-NK,750IRFC35,,-1.000000,1,,NSE,1.000000,82439,False
11765,782RJ32-SG,782RJ32,,-1.000000,100,,NSE,1.000000,1000000,False
1190,FMGOETZE-EQ,FMGOETZE,,-1.000000,1,,NSE,5.000000,216909,False
11882,783BR32-SG,783BR32,,-1.000000,100,,NSE,1.000000,1000000,False
11903,IPSL-SM,IPSL,,-1.000000,500,,NSE,5.000000,333965,False
11909,SWELECTES-EQ,SWELECTES,,-1.000000,1,,NSE,5.000000,176235,False
11927,NECLIFE-EQ,NECLIFE,,-1.000000,1,,NSE,1.000000,6352333,False
11943,MCLEODRUSS-EQ,MCLEODRUSS,,-1.000000,1,,NSE,1.000000,2310456,False
11971,GOLDIAM-EQ,GOLDIAM,,-1.000000,1,,NSE,5.000000,307588,False
11978,768KA31-SG,768KA31,,-1.000000,100,,NSE,1.000000,987600,False
1200,ESG-EQ,ESG,,-1.000000,1,,NSE,1.000000,772971,False
11985,768BR32-SG,768BR32,,-1.000000,100,,NSE,1.000000,1000000,False
12000,FAZE3Q-EQ,FAZE3Q,,-1.000000,1,,NSE,5.000000,204303,False
12311,774KA37-SG,774KA37,,-1.000000,100,,NSE,1.000000,1006800,False
1253,67JK32-SG,67JK32,,-1.000000,100,,NSE,1.000000,999975,False
12643,OSIAHYPER-BE,OSIAHYPER,,-1.000000,1,,NSE,1.000000,5786556,False
12657,744HR27-SG,744HR27,,-1.000000,100,,NSE,1.000000,1000000,False
12660,75AP28-SG,75AP28,,-1.000000,100,,NSE,1.000000,1000000,False
12689,764AP33-SG,764AP33,,-1.000000,100,,NSE,1.000000,1000000,False
12842,G1NSETEST-EQ,G1NSETEST,,-1.000000,1,,NSE,5.000000,512800,False
13051,753TS47-SG,753TS47,,-1.000000,100,,NSE,1.000000,1217250,False
1315,GALAXYSURF-EQ,GALAXYSURF,,-1.000000,1,,NSE,10.000000,45701,False
13147,PVRINOX-EQ,PVRINOX,,-1.000000,1,,NSE,10.000000,80818,False
13198,COMMOIETF-EQ,COMMOIETF,,-1.000000,1,,NSE,1.000000,412533,False
13209,SGBSEP27-GB,SGBSEP27,,-1.000000,1,,NSE,1.000000,6641,False
13236,SADBHAV-EQ,SADBHAV,,-1.000000,1,,NSE,1.000000,5610365,False
13239,749ML27-SG,749ML27,,-1.000000,100,,NSE,1.000000,999979,False
13245,76KA32-SG,76KA32,,-1.000000,100,,NSE,1.000000,1000000,False
13247,765NL32-SG,765NL32,,-1.000000,100,,NSE,1.000000,981000,False
13276,LANDMARK-EQ,LANDMARK,,-1.000000,1,,NSE,5.000000,204919,False
13285,M&MFIN-EQ,M&MFIN,,-1.000000,1,,NSE,5.000000,280774,False
13332,SOLARINDS-EQ,SOLARINDS,,-1.000000,1,,NSE,500.000000,4434,True
13368,758JH31-SG,758JH31,,-1.000000,100,,NSE,1.000000,1011600,False
13367,SGL-EQ,SGL,,-1.000000,1,,NSE,1.000000,882602,False
1342,SGBN28VIII-GB,SGBN28VIII,,-1.000000,1,,NSE,1.000000,6649,False
1348,HEROMOTOCO-EQ,HEROMOTOCO,,-1.000000,1,,NSE,50.000000,19008,True
13436,LOKESHMACH-EQ,LOKESHMACH,,-1.000000,1,,NSE,5.000000,288038,False
13511,MUNJALAU-EQ,MUNJALAU,,-1.000000,1,,NSE,1.000000,937700,False
13600,762HR31-SG,762HR31,,-1.000000,100,,NSE,1.000000,1015200,False
13627,763HR33-SG,763HR33,,-1.000000,100,,NSE,1.000000,1000000,False
13644,BANKADD-EQ,BANKADD,,-1.000000,1,,NSE,1.000000,1721408,False
13656,ALICON-EQ,ALICON,,-1.000000,1,,NSE,5.000000,136349,False
13657,ANLON-SM,ANLON,,-1.000000,400,,NSE,5.000000,144578,False
13687,MBECL-BE,MBECL,,-1.000000,1,,NSE,1.000000,302633,False
13716,762UK33-SG,762UK33,,-1.000000,100,,NSE,1.000000,1010100,False
13761,BBL-EQ,BBL,,-1.000000,1,,NSE,10.000000,44511,False
1379,669KA37-SG,669KA37,,-1.000000,100,,NSE,1.000000,1052600,False
13772,757TS31-SG,757TS31,,-1.000000,100,,NSE,1.000000,1000000,False
13814,KAMOPAINTS-EQ,KAMOPAINTS,,-1.000000,1,,NSE,1.000000,10758300,False
13874,765TN33-SG,765TN33,,-1.000000,100,,NSE,1.000000,999900,False
13875,JINDRILL-EQ,JINDRILL,,-1.000000,1,,NSE,5.000000,157889,False
13896,77HP36-SG,77HP36,,-1.000000,100,,NSE,1.000000,999950,False
13902,764RJ38-SG,764RJ38,,-1.000000,100,,NSE,1.000000,1000000,False
13908,762TN43-SG,762TN43,,-1.000000,100,,NSE,1.000000,999900,False
13913,757MH31-SG,757MH31,,-1.000000,100,,NSE,1.000000,1041000,False
13926,ARISTO-SM,ARISTO,,-1.000000,800,,NSE,5.000000,222615,False
13951,PARACABLES-EQ,PARACABLES,,-1.000000,1,,NSE,1.000000,1541297,False
13979,773RJ38-SG,773RJ38,,-1.000000,100,,NSE,1.000000,1030900,False
13987,ABSLBANETF-EQ,ABSLBANETF,,-1.000000,1,,NSE,1.000000,1723588,False
14014,LUMAXTECH-EQ,LUMAXTECH,,-1.000000,1,,NSE,10.000000,50095,False
14032,980SFIL28-NL,980SFIL28,,-1.000000,1,,NSE,1.000000,16350,False
14036,940SFIL28-NN,940SFIL28,,-1.000000,1,,NSE,1.000000,3,False
14074,APTECHT-BE,APTECHT,,-1.000000,1,,NSE,1.000000,1133781,False
14093,764MP33-SG,764MP33,,-1.000000,100,,NSE,1.000000,999900,False
14161,772BR33-SG,772BR33,,-1.000000,100,,NSE,1.000000,1000000,False
14163,762MP34-SG,762MP34,,-1.000000,100,,NSE,1.000000,999900,False
14222,CTE-BE,CTE,,-1.000000,1,,NSE,1.000000,641934,False
14230,HDFCBSE500-EQ,HDFCBSE500,,-1.000000,1,,NSE,1.000000,1059263,False
14260,PGIL-EQ,PGIL,,-1.000000,1,,NSE,10.000000,84139,False
14271,768BR33-SG,768BR33,,-1.000000,100,,NSE,1.000000,1000000,False
1432,668AP35A-SG,668AP35A,,-1.000000,100,,NSE,1.000000,1000000,False
14309,INDIANB-EQ,INDIANB,,-1.000000,1,,NSE,5.000000,115838,True
14330,HDFC2638RD-MF,HDFC2638RD,,-1.000000,1,,NSE,1.000000,32,False
14341,777AP40-SG,777AP40,,-1.000000,100,,NSE,1.000000,1000000,False
14367,772MH31-SG,772MH31,,-1.000000,100,,NSE,1.000000,1041500,False
14369,773HR32-SG,773HR32,,-1.000000,100,,NSE,1.000000,1000000,False
14376,774UK33-SG,774UK33,,-1.000000,100,,NSE,1.000000,999975,False
14379,776MN35-SG,776MN35,,-1.000000,100,,NSE,1.000000,654000,False
14380,769RJ39-SG,769RJ39,,-1.000000,100,,NSE,1.000000,1000000,False
14416,SRIVASAVI-ST,SRIVASAVI,,-1.000000,1000,,NSE,5.000000,463495,False
1453,654KA30-SG,654KA30,,-1.000000,100,,NSE,1.000000,1052600,False
14441,775UP35-SG,775UP35,,-1.000000,100,,NSE,1.000000,1000000,False
14490,NCLIND-EQ,NCLIND,,-1.000000,1,,NSE,1.000000,571244,False
14503,VERTEXPLUS-ST,VERTEXPLUS,,-1.000000,600,,NSE,5.000000,179182,False
14558,774MZ38-SG,774MZ38,,-1.000000,100,,NSE,1.000000,408750,False
14607,TGBHOTELS-EQ,TGBHOTELS,,-1.000000,1,,NSE,1.000000,957665,False
14642,777RJ33-SG,777RJ33,,-1.000000,100,,NSE,1.000000,1000000,False
14649,778UP35-SG,778UP35,,-1.000000,100,,NSE,1.000000,999900,False
14650,779JK35-SG,779JK35,,-1.000000,100,,NSE,1.000000,1000000,False
14653,774PN39-SG,774PN39,,-1.000000,100,,NSE,1.000000,1000000,False
14656,774MP43-SG,774MP43,,-1.000000,100,,NSE,1.000000,1000000,False
14657,INSECTICID-EQ,INSECTICID,,-1.000000,1,,NSE,5.000000,163995,False
14667,KMSUGAR-EQ,KMSUGAR,,-1.000000,1,,NSE,1.000000,3008405,False
14702,NAGREEKEXP-EQ,NAGREEKEXP,,-1.000000,1,,NSE,1.000000,1021850,False
14712,HGS-EQ,HGS,,-1.000000,1,,NSE,5.000000,262141,False
14751,021NSETEST-EQ,021NSETEST,,-1.000000,1,,NSE,5.000000,500000,False
14778,131NSETEST-EQ,131NSETEST,,-1.000000,1,,NSE,5.000000,500000,False
14812,749GJ28-SG,749GJ28,,-1.000000,100,,NSE,1.000000,1007000,False
149,SGBSEP28VI-GB,SGBSEP28VI,,-1.000000,1,,NSE,1.000000,6660,False
14814,774HR31-SG,774HR31,,-1.000000,100,,NSE,1.000000,1000000,False
14889,ASIANTILES-EQ,ASIANTILES,,-1.000000,1,,NSE,1.000000,1986323,False
14942,NAGREEKCAP-EQ,NAGREEKCAP,,-1.000000,1,,NSE,1.000000,412520,False
14959,771AP33A-SG,771AP33A,,-1.000000,100,,NSE,1.000000,1005700,False
1507,MOGSEC-EQ,MOGSEC,,-1.000000,1,,NSE,1.000000,766819,False
15067,BLAL-EQ,BLAL,,-1.000000,1,,NSE,1.000000,619295,False
15068,RELIGARE-EQ,RELIGARE,,-1.000000,1,,NSE,1.000000,389148,False
1515,INDIACEM-EQ,INDIACEM,,-1.000000,1,,NSE,5.000000,288204,False
15124,KOLTEPATIL-EQ,KOLTEPATIL,,-1.000000,1,,NSE,5.000000,228883,False
15262,741AP30-SG,741AP30,,-1.000000,100,,NSE,1.000000,998000,False
15283,KNRCON-EQ,KNRCON,,-1.000000,1,,NSE,1.000000,797300,False
1535,667TS50-SG,667TS50,,-1.000000,100,,NSE,1.000000,1000000,False
15355,RECLTD-EQ,RECLTD,,-1.000000,1,,NSE,5.000000,318620,True
15356,GOLDADD-EQ,GOLDADD,,-1.000000,1,,NSE,1.000000,6797549,False
15376,CIFCZC28A-N5,CIFCZC28A,,-1.000000,1,,NSE,1.000000,4065,False
1565,RVHL-EQ,RVHL,,-1.000000,1,,NSE,1.000000,2005351,False
15555,HCG-EQ,HCG,,-1.000000,1,,NSE,5.000000,144076,False
16064,735HR33-SG,735HR33,,-1.000000,100,,NSE,1.000000,1000000,False
158,67MH28-SG,67MH28,,-1.000000,100,,NSE,1.000000,999900,False
15750,737AS33-SG,737AS33,,-1.000000,100,,NSE,1.000000,1000000,False
15840,LATTEYS-EQ,LATTEYS,,-1.000000,1,,NSE,1.000000,1880113,False
1624,IOC-EQ,IOC,,-1.000000,1,,NSE,1.000000,734304,True
16069,737JK35-SG,737JK35,,-1.000000,100,,NSE,1.000000,1000000,False
16250,739MN35-SG,739MN35,,-1.000000,100,,NSE,1.000000,490500,False
16268,743MZ37-SG,743MZ37,,-1.000000,100,,NSE,1.000000,408750,False
16379,736WB43-SG,736WB43,,-1.000000,100,,NSE,1.000000,1000000,False
16454,DENTALKART-SM,DENTALKART,,-1.000000,250,,NSE,5.000000,256407,False
16654,733AP43-SG,733AP43,,-1.000000,100,,NSE,1.000000,1000000,False
16657,ANIKINDS-EQ,ANIKINDS,,-1.000000,1,,NSE,1.000000,907538,False
16781,722GJ28-SG,722GJ28,,-1.000000,100,,NSE,1.000000,1000000,False
16804,741PN34-SG,741PN34,,-1.000000,100,,NSE,1.000000,1000000,False
16815,735TS45-SG,735TS45,,-1.000000,100,,NSE,1.000000,1000000,False
16859,SINDHUTRAD-EQ,SINDHUTRAD,,-1.000000,1,,NSE,1.000000,4167833,False
16935,735AP40-SG,735AP40,,-1.000000,100,,NSE,1.000000,1000000,False
17003,739TN53-SG,739TN53,,-1.000000,100,,NSE,1.000000,1000000,False
17029,PATANJALI-EQ,PATANJALI,,-1.000000,1,,NSE,5.000000,292701,True
17081,URAVIDEF-BE,URAVIDEF,,-1.000000,1,,NSE,1.000000,372780,False
17103,747TS41-SG,747TS41,,-1.000000,100,,NSE,1.000000,1000000,False
17104,747KL42-SG,747KL42,,-1.000000,100,,NSE,1.000000,1000000,False
1712,66ML30A-SG,66ML30A,,-1.000000,100,,NSE,1.000000,327000,False
17197,PAKKA-EQ,PAKKA,,-1.000000,1,,NSE,1.000000,1305967,False
17215,TRIDHYA-ST,TRIDHYA,,-1.000000,3000,,NSE,5.000000,761517,False
17220,744HR32-SG,744HR32,,-1.000000,100,,NSE,1.000000,1000000,False
17329,734TS46-SG,734TS46,,-1.000000,100,,NSE,1.000000,1000000,False
17372,DRONE-SM,DRONE,,-1.000000,500,,NSE,5.000000,797879,False
17460,736RJ41-SG,736RJ41,,-1.000000,100,,NSE,1.000000,1000000,False
17446,74BR30-SG,74BR30,,-1.000000,100,,NSE,1.000000,1000000,False
17456,741RJ33-SG,741RJ33,,-1.000000,100,,NSE,1.000000,999900,False
17458,741MN35-SG,741MN35,,-1.000000,100,,NSE,1.000000,490500,False
17461,736WB41-SG,736WB41,,-1.000000,100,,NSE,1.000000,999900,False
17542,1015SCL28B-AZ,1015SCL28B,,-1.000000,1,,NSE,1.000000,2647,False
17547,AMRUTANJAN-EQ,AMRUTANJAN,,-1.000000,1,,NSE,5.000000,203675,False
17881,DBCORP-EQ,DBCORP,,-1.000000,1,,NSE,1.000000,524068,False
17939,HINDCOPPER-EQ,HINDCOPPER,,-1.000000,1,,NSE,5.000000,193404,False
1797,AWHCL-EQ,AWHCL,,-1.000000,1,,NSE,5.000000,272837,False
17998,PGIMCSR4D-MF,PGIMCSR4D,,-1.000000,1,,NSE,1.000000,43677,False
18006,BPF02D2G-MF,BPF02D2G,,-1.000000,1,,NSE,1.000000,4662,False
18082,75GA33-SG,75GA33,,-1.000000,100,,NSE,1.000000,327000,False
18085,75UP35-SG,75UP35,,-1.000000,100,,NSE,1.000000,999900,False
18151,TVSSCS-EQ,TVSSCS,,-1.000000,1,,NSE,1.000000,766329,False
18186,HFMPCC50RD-MF,HFMPCC50RD,,-1.000000,1,,NSE,1.000000,394261,False
18192,HFMPCC75RD-MF,HFMPCC75RD,,-1.000000,1,,NSE,1.000000,365059,False
18199,FISTIPD3MD-MF,FISTIPD3MD,,-1.000000,1,,NSE,1.000000,1830,False
18214,TEXMOPIPES-EQ,TEXMOPIPES,,-1.000000,1,,NSE,1.000000,954676,False
18215,747KL37-SG,747KL37,,-1.000000,100,,NSE,1.000000,1000000,False
18226,MANINFRA-EQ,MANINFRA,,-1.000000,1,,NSE,1.000000,787957,False
18263,CLSL-ST,CLSL,,-1.000000,2000,,NSE,5.000000,560478,False
184,TCPLPACK-EQ,TCPLPACK,,-1.000000,1,,NSE,10.000000,25825,False
18292,IVZINGOLD-EQ,IVZINGOLD,,-1.000000,1,,NSE,5.000000,758144,False
18320,745BR31-SG,745BR31,,-1.000000,100,,NSE,1.000000,1000000,False
18485,CAGL27-NC,CAGL27,,-1.000000,1,,NSE,1.000000,578,False
18608,ZAGGLE-EQ,ZAGGLE,,-1.000000,1,,NSE,1.000000,534741,False
1866,664AP39-SG,664AP39,,-1.000000,100,,NSE,1.000000,1000000,False
18652,ICICIPRULI-EQ,ICICIPRULI,,-1.000000,1,,NSE,5.000000,211804,True
18859,925SCL28C-BS,925SCL28C,,-1.000000,1,,NSE,1.000000,2869,False
18902,1075SCL33A-N2,1075SCL33A,,-1.000000,1,,NSE,1.000000,2697,False
18911,745RJ44-SG,745RJ44,,-1.000000,100,,NSE,1.000000,999900,False
19169,751MP38-SG,751MP38,,-1.000000,100,,NSE,1.000000,1000000,False
1905,663AP37-SG,663AP37,,-1.000000,100,,NSE,1.000000,1000000,False
18993,749PN35-SG,749PN35,,-1.000000,100,,NSE,1.000000,999950,False
19084,ITBEES-EQ,ITBEES,,-1.000000,1,,NSE,1.000000,3108101,False
19237,MONIFTY500-EQ,MONIFTY500,,-1.000000,1,,NSE,1.000000,4064610,False
19352,PROLIFE-SM,PROLIFE,,-1.000000,500,,NSE,5.000000,133876,False
1939,662GA31-SG,662GA31,,-1.000000,100,,NSE,1.000000,327000,False
19456,SGBSEP31II-GB,SGBSEP31II,,-1.000000,1,,NSE,1.000000,6490,False
19486,775PN36-SG,775PN36,,-1.000000,100,,NSE,1.000000,994577,False
19517,772ML31-SG,772ML31,,-1.000000,100,,NSE,1.000000,999971,False
19523,764KA32-SG,764KA32,,-1.000000,100,,NSE,1.000000,1000000,False
19538,766AP37-SG,766AP37,,-1.000000,100,,NSE,1.000000,1000000,False
19597,IRMENERGY-EQ,IRMENERGY,,-1.000000,1,,NSE,5.000000,356808,False
19622,766TN43-SG,766TN43,,-1.000000,100,,NSE,1.000000,1000000,False
19721,773KA35-SG,773KA35,,-1.000000,100,,NSE,1.000000,1000000,False
19900,772UP34-SG,772UP34,,-1.000000,100,,NSE,1.000000,1005400,False
19906,759RJ46-SG,759RJ46,,-1.000000,100,,NSE,1.000000,1019800,False
19911,771MH33-SG,771MH33,,-1.000000,100,,NSE,1.000000,1000000,False
19926,743REC35-NH,743REC35,,-1.000000,1,,NSE,1.000000,60840,False
19941,KILITCH-BE,KILITCH,,-1.000000,1,,NSE,1.000000,537708,False
19964,851HUDCO28-NB,851HUDCO28,,-1.000000,1,,NSE,1.000000,88486,False
19968,876HUDCO28-ND,876HUDCO28,,-1.000000,1,,NSE,1.000000,88101,False
20026,867PFCL33-N7,867PFCL33,,-1.000000,1,,NSE,1.000000,79349,False
20052,740IIFCL33-N1,740IIFCL33,,-1.000000,1,,NSE,1.000000,86847,False
20082,SCLZC26D-NO,SCLZC26D,,-1.000000,1,,NSE,1.000000,8,False
20092,TASTYBITE-EQ,TASTYBITE,,-1.000000,1,,NSE,100.000000,9732,False
20194,AKSHARCHEM-BE,AKSHARCHEM,,-1.000000,1,,NSE,5.000000,236462,False
20110,GREENPOWER-EQ,GREENPOWER,,-1.000000,1,,NSE,1.000000,10740196,False
20173,77MH34A-SG,77MH34A,,-1.000000,100,,NSE,1.000000,1047800,False
20219,780HR30-SG,780HR30,,-1.000000,100,,NSE,1.000000,910436,False
20242,OBEROIRLTY-EQ,OBEROIRLTY,,-1.000000,1,,NSE,10.000000,57085,True
20302,PRESTIGE-EQ,PRESTIGE,,-1.000000,1,,NSE,10.000000,66332,True
20310,717HR29-SG,717HR29,,-1.000000,100,,NSE,1.000000,949000,False
20395,778NL33-SG,778NL33,,-1.000000,100,,NSE,1.000000,999996,False
20396,772KA35-SG,772KA35,,-1.000000,100,,NSE,1.000000,1002400,False
20398,771AP37A-SG,771AP37A,,-1.000000,100,,NSE,1.000000,1001500,False
20443,860CIFCL28-NG,860CIFCL28,,-1.000000,1,,NSE,1.000000,98036,False
20498,PRESSTONIC-SM,PRESSTONIC,,-1.000000,800,,NSE,5.000000,498383,False
20519,724HR29-SG,724HR29,,-1.000000,100,,NSE,1.000000,947407,False
20532,GOLDAXIS-EQ,GOLDAXIS,,-1.000000,1,,NSE,1.000000,793802,False
20542,SJLOGISTIC-SM,SJLOGISTIC,,-1.000000,250,,NSE,5.000000,315099,False
20546,715GA30-SG,715GA30,,-1.000000,100,,NSE,1.000000,327000,False
20547,BBNPPGOLD-EQ,BBNPPGOLD,,-1.000000,1,,NSE,5.000000,683971,False
20599,690AP27-SG,690AP27,,-1.000000,100,,NSE,1.000000,1041600,False
20607,INOXINDIA-EQ,INOXINDIA,,-1.000000,1,,NSE,10.000000,44474,False
20614,847TPL26-N1,847TPL26,,-1.000000,1,,NSE,1.000000,817,False
20643,935LTF29-N5,935LTF29,,-1.000000,1,,NSE,1.000000,36269,False
20655,898LTF29-N7,898LTF29,,-1.000000,1,,NSE,1.000000,33270,False
20722,754AS28A-SG,754AS28A,,-1.000000,100,,NSE,1.000000,1000000,False
20731,763ML32-SG,763ML32,,-1.000000,100,,NSE,1.000000,562440,False
20738,765HP35-SG,765HP35,,-1.000000,100,,NSE,1.000000,1000000,False
20742,761HP38-SG,761HP38,,-1.000000,100,,NSE,1.000000,999950,False
20786,80409TCH27-NC,80409TCH27,,-1.000000,1,,NSE,1.000000,1000,False
20797,708KA31-SG,708KA31,,-1.000000,100,,NSE,1.000000,946000,False
20965,793KA31-SG,793KA31,,-1.000000,100,,NSE,1.000000,893600,False
2092,689WB41-SG,689WB41,,-1.000000,100,,NSE,1.000000,1000000,False
20919,715AP36-SG,715AP36,,-1.000000,100,,NSE,1.000000,933500,False
21001,PSB-EQ,PSB,,-1.000000,1,,NSE,1.000000,4399262,False
21017,FMNL-EQ,FMNL,,-1.000000,1,,NSE,1.000000,1983071,False
21034,726AS29-SG,726AS29,,-1.000000,100,,NSE,1.000000,943260,False
21050,780AP33-SG,780AP33,,-1.000000,100,,NSE,1.000000,898040,False
2112,MARALOVER-EQ,MARALOVER,,-1.000000,1,,NSE,1.000000,1357311,False
21058,INDIFRA-SM,INDIFRA,,-1.000000,2000,,NSE,5.000000,238383,False
21107,HRHNEXT-SM,HRHNEXT,,-1.000000,1500,,NSE,5.000000,431785,False
21138,688AP34-SG,688AP34,,-1.000000,100,,NSE,1.000000,960800,False
21141,695HP29-SG,695HP29,,-1.000000,100,,NSE,1.000000,966250,False
21163,773KA35A-SG,773KA35A,,-1.000000,100,,NSE,1.000000,952200,False
21213,730AS29-SG,730AS29,,-1.000000,100,,NSE,1.000000,941250,False
21273,773MH36-SG,773MH36,,-1.000000,100,,NSE,1.000000,999600,False
2132,MDL-SM,MDL,,-1.000000,1000,,NSE,5.000000,580102,False
2135,705PN31-SG,705PN31,,-1.000000,100,,NSE,1.000000,999990,False
21348,IBLFL-SM,IBLFL,,-1.000000,2000,,NSE,5.000000,808692,False
21469,OPTIEMUS-EQ,OPTIEMUS,,-1.000000,1,,NSE,5.000000,176579,False
21485,764REC34-NK,764REC34,,-1.000000,1,,NSE,1.000000,999,False
21501,SIS-EQ,SIS,,-1.000000,1,,NSE,5.000000,238374,False
21512,764HP39-SG,764HP39,,-1.000000,100,,NSE,1.000000,1000000,False
21539,773BR39A-SG,773BR39A,,-1.000000,100,,NSE,1.000000,1000000,False
21548,756TN54-SG,756TN54,,-1.000000,100,,NSE,1.000000,1044600,False
21623,APEX-EQ,APEX,,-1.000000,1,,NSE,5.000000,271343,False
21794,DAVANGERE-EQ,DAVANGERE,,-1.000000,1,,NSE,1.000000,46760699,False
21820,767KA42-SG,767KA42,,-1.000000,100,,NSE,1.000000,999900,False
21842,766RJ31-SG,766RJ31,,-1.000000,100,,NSE,1.000000,1000000,False
21865,769GA34-SG,769GA34,,-1.000000,100,,NSE,1.000000,327000,False
21872,773MZ39-SG,773MZ39,,-1.000000,100,,NSE,1.000000,261600,False
21879,771MP40-SG,771MP40,,-1.000000,100,,NSE,1.000000,1000000,False
21894,730PN31-SG,730PN31,,-1.000000,100,,NSE,1.000000,932650,False
21910,663KL30-SG,663KL30,,-1.000000,100,,NSE,1.000000,984600,False
21922,699MN30-SG,699MN30,,-1.000000,100,,NSE,1.000000,327000,False
21954,HFCL-BE,HFCL,,-1.000000,1,,NSE,1.000000,427038,False
21982,735MP29-SG,735MP29,,-1.000000,100,,NSE,1.000000,951825,False
22015,720MZ30-SG,720MZ30,,-1.000000,100,,NSE,1.000000,886170,False
22017,66MZ30-SG,66MZ30,,-1.000000,100,,NSE,1.000000,196200,False
22020,711MZ30-SG,711MZ30,,-1.000000,100,,NSE,1.000000,294300,False
22030,722AP30-SG,722AP30,,-1.000000,100,,NSE,1.000000,942641,False
22048,704RJ30-SG,704RJ30,,-1.000000,100,,NSE,1.000000,956000,False
22050,658RJ30-SG,658RJ30,,-1.000000,100,,NSE,1.000000,987900,False
22089,722UP30-SG,722UP30,,-1.000000,100,,NSE,1.000000,945800,False
22096,709UP30-SG,709UP30,,-1.000000,100,,NSE,1.000000,953150,False
22102,663TN55-SG,663TN55,,-1.000000,100,,NSE,1.000000,986750,False
22115,733TN54-SG,733TN54,,-1.000000,100,,NSE,1.000000,901400,False
22119,705TN26-SG,705TN26,,-1.000000,100,,NSE,1.000000,946650,False
22137,75TR30-SG,75TR30,,-1.000000,100,,NSE,1.000000,927612,False
22140,717TR30-SG,717TR30,,-1.000000,100,,NSE,1.000000,948760,False
22148,719WB29-SG,719WB29,,-1.000000,100,,NSE,1.000000,954395,False
22155,728SK30-SG,728SK30,,-1.000000,100,,NSE,1.000000,464340,False
22158,759CG30-SG,759CG30,,-1.000000,100,,NSE,1.000000,922100,False
22172,69UK30-SG,69UK30,,-1.000000,100,,NSE,1.000000,817500,False
22180,662JK30-SG,662JK30,,-1.000000,100,,NSE,1.000000,985200,False
22202,735UK30-SG,735UK30,,-1.000000,100,,NSE,1.000000,817500,False
22208,735TS30-SG,735TS30,,-1.000000,100,,NSE,1.000000,936853,False
22213,718UP30-SG,718UP30,,-1.000000,100,,NSE,1.000000,947100,False
22214,717GJ30-SG,717GJ30,,-1.000000,100,,NSE,1.000000,946600,False
22216,717BR30-SG,717BR30,,-1.000000,100,,NSE,1.000000,949000,False
22221,718UP30A-SG,718UP30A,,-1.000000,100,,NSE,1.000000,948250,False
22223,717BR30A-SG,717BR30A,,-1.000000,100,,NSE,1.000000,952400,False
22233,DHUNINV-EQ,DHUNINV,,-1.000000,1,,NSE,5.000000,100499,False
22335,648KA30-SG,648KA30,,-1.000000,100,,NSE,1.000000,1000000,False
22372,65RJ30-SG,65RJ30,,-1.000000,100,,NSE,1.000000,999950,False
22406,665GJ30-SG,665GJ30,,-1.000000,100,,NSE,1.000000,1000000,False
22414,667UP30-SG,667UP30,,-1.000000,100,,NSE,1.000000,1000000,False
22456,67PN40-SG,67PN40,,-1.000000,100,,NSE,1.000000,999944,False
22499,762TN34-SG,762TN34,,-1.000000,100,,NSE,1.000000,1000000,False
22515,806SDIL29-N0,806SDIL29,,-1.000000,1,,NSE,1.000000,999,False
22619,752BR39-SG,752BR39,,-1.000000,100,,NSE,1.000000,1000000,False
22626,748JK54-SG,748JK54,,-1.000000,100,,NSE,1.000000,999999,False
22684,799TCL29-NE,799TCL29,,-1.000000,1,,NSE,1.000000,376,False
22698,746CG33-SG,746CG33,,-1.000000,100,,NSE,1.000000,1000000,False
22711,POLYSIL-SM,POLYSIL,,-1.000000,500,,NSE,5.000000,866716,False
22730,VSTL-EQ,VSTL,,-1.000000,1,,NSE,1.000000,620071,False
22746,748KA33-SG,748KA33,,-1.000000,100,,NSE,1.000000,952000,False
22760,745JK54-SG,745JK54,,-1.000000,100,,NSE,1.000000,1000000,False
22803,ZENITHDRUG-SM,ZENITHDRUG,,-1.000000,800,,NSE,5.000000,560765,False
22811,850NIRMA27-N7,850NIRMA27,,-1.000000,1,,NSE,1.000000,999,False
22865,746PN33-SG,746PN33,,-1.000000,100,,NSE,1.000000,999865,False
22882,742MP46-SG,742MP46,,-1.000000,100,,NSE,1.000000,1000000,False
2289,HLEGLAS-EQ,HLEGLAS,,-1.000000,1,,NSE,5.000000,247258,False
22893,832TPL28-N6,832TPL28,,-1.000000,1,,NSE,1.000000,572,False
22989,74WB44-SG,74WB44,,-1.000000,100,,NSE,1.000000,999900,False
23009,83044SMF29-N3,83044SMF29,,-1.000000,1,,NSE,1.000000,408,False
23052,SONAMAC-SM,SONAMAC,,-1.000000,1000,,NSE,5.000000,448774,False
23079,739CG33-SG,739CG33,,-1.000000,100,,NSE,1.000000,1046000,False
23098,739WB42-SG,739WB42,,-1.000000,100,,NSE,1.000000,1000000,False
23101,737RJ45-SG,737RJ45,,-1.000000,100,,NSE,1.000000,1000000,False
23104,736KL54-SG,736KL54,,-1.000000,100,,NSE,1.000000,1000000,False
23105,736TN54-SG,736TN54,,-1.000000,100,,NSE,1.000000,1000000,False
23150,SIGNORIA-ST,SIGNORIA,,-1.000000,1000,,NSE,5.000000,155586,False
23168,835KSFL27-N0,835KSFL27,,-1.000000,1,,NSE,1.000000,163,False
23342,742KA32-SG,742KA32,,-1.000000,100,,NSE,1.000000,1000000,False
23191,746UP32-SG,746UP32,,-1.000000,100,,NSE,1.000000,999900,False
23230,ENSER-SM,ENSER,,-1.000000,5000,,NSE,5.000000,2850151,False
23386,VHLTD-BE,VHLTD,,-1.000000,1,,NSE,1.000000,840373,False
23429,743MH39-SG,743MH39,,-1.000000,100,,NSE,1.000000,1000000,False
23441,TAC-ST,TAC,,-1.000000,200,,NSE,5.000000,214173,False
23463,71GS2034-GS,71GS2034,,-1.000000,1,,NSE,1.000000,966000,False
23468,CGRAPHICS-SM,CGRAPHICS,,-1.000000,800,,NSE,5.000000,691300,False
23495,745MH41-SG,745MH41,,-1.000000,100,,NSE,1.000000,1000000,False
23496,744MH42A-SG,744MH42A,,-1.000000,100,,NSE,1.000000,1000000,False
23520,DCG-SM,DCG,,-1.000000,1200,,NSE,5.000000,593491,False
23530,TGL-ST,TGL,,-1.000000,200,,NSE,5.000000,392386,False
23565,RBS-SM,RBS,,-1.000000,800,,NSE,5.000000,747566,False
23582,75AP32-SG,75AP32,,-1.000000,100,,NSE,1.000000,1000000,False
236,ASIANPAINT-EQ,ASIANPAINT,,-1.000000,1,,NSE,10.000000,40286,True
23585,751PN37-SG,751PN37,,-1.000000,100,,NSE,1.000000,1000000,False
23590,GLOSTERLTD-EQ,GLOSTERLTD,,-1.000000,1,,NSE,5.000000,171491,False
23643,747KL50-SG,747KL50,,-1.000000,100,,NSE,1.000000,1000000,False
2374,67AS27-SG,67AS27,,-1.000000,100,,NSE,1.000000,1000000,False
23665,903MFL29-NN,903MFL29,,-1.000000,1,,NSE,1.000000,999,False
23678,743TS41A-SG,743TS41A,,-1.000000,100,,NSE,1.000000,1000000,False
23753,747PN32-SG,747PN32,,-1.000000,100,,NSE,1.000000,1005000,False
23793,QUESTLAB-SM,QUESTLAB,,-1.000000,1200,,NSE,5.000000,535861,False
23815,742HR34-SG,742HR34,,-1.000000,100,,NSE,1.000000,1052600,False
23818,738AP44-SG,738AP44,,-1.000000,100,,NSE,1.000000,1000000,False
23909,VILAS-SM,VILAS,,-1.000000,250,,NSE,5.000000,289010,False
23950,SCL310524A-ZK,SCL310524A,,-1.000000,1,,NSE,1.000000,1836,False
23964,1050SCL31-ZP,1050SCL31,,-1.000000,1,,NSE,1.000000,590,False
24005,743HR34-SG,743HR34,,-1.000000,100,,NSE,1.000000,999900,False
24081,TOP100CASE-EQ,TOP100CASE,,-1.000000,1,,NSE,1.000000,5176998,False
24096,723GJ27-SG,723GJ27,,-1.000000,100,,NSE,1.000000,984200,False
24107,SKIL-BZ,SKIL,,-1.000000,1,,NSE,1.000000,7081879,False
24179,744IREDA34-N0,744IREDA34,,-1.000000,1,,NSE,1.000000,999,False
24185,734WB39-SG,734WB39,,-1.000000,100,,NSE,1.000000,1000000,False
24198,733RJ43-SG,733RJ43,,-1.000000,100,,NSE,1.000000,1000000,False
24205,728JK54-SG,728JK54,,-1.000000,100,,NSE,1.000000,1000000,False
24217,IVZINNIFTY-EQ,IVZINNIFTY,,-1.000000,1,,NSE,1.000000,109438,False
24267,SYLVANPLY-SM,SYLVANPLY,,-1.000000,2000,,NSE,5.000000,633556,False
24274,VISAMAN-SM,VISAMAN,,-1.000000,1000,,NSE,5.000000,695564,False
24282,736SBOI39-N0,736SBOI39,,-1.000000,1,,NSE,1.000000,1000,False
24292,VSTTILLERS-EQ,VSTTILLERS,,-1.000000,1,,NSE,10.000000,24729,False
24335,737AP36-SG,737AP36,,-1.000000,100,,NSE,1.000000,1000000,False
24383,792TCHF34-N0,792TCHF34,,-1.000000,1,,NSE,1.000000,999,False
24008,747PN37-SG,747PN37,,-1.000000,100,,NSE,1.000000,1000000,False
24445,AGIIL-EQ,AGIIL,,-1.000000,1,,NSE,5.000000,366367,False
23998,744TN34B-SG,744TN34B,,-1.000000,100,,NSE,1.000000,1000000,False
24012,743AP44-SG,743AP44,,-1.000000,100,,NSE,1.000000,1000000,False
24019,TBI-SM,TBI,,-1.000000,600,,NSE,5.000000,593779,False
24072,702GS2031-GS,702GS2031,,-1.000000,1,,NSE,1.000000,980100,False
24075,735RECL34-NS,735RECL34,,-1.000000,1,,NSE,1.000000,1000,False
24139,10IIFLSF27-NB,10IIFLSF27,,-1.000000,1,,NSE,1.000000,4814,False
24192,731TS42-SG,731TS42,,-1.000000,100,,NSE,1.000000,1000000,False
24333,738PN34-SG,738PN34,,-1.000000,100,,NSE,1.000000,999900,False
24420,732HR36-SG,732HR36,,-1.000000,100,,NSE,1.000000,1000000,False
24488,732HR36A-SG,732HR36A,,-1.000000,100,,NSE,1.000000,1000000,False
24493,733AP43A-SG,733AP43A,,-1.000000,100,,NSE,1.000000,953200,False
24511,PRIZOR-ST,PRIZOR,,-1.000000,400,,NSE,5.000000,83325,False
24528,KATARIA-SM,KATARIA,,-1.000000,600,,NSE,5.000000,704071,False
24533,OILIETF-EQ,OILIETF,,-1.000000,1,,NSE,1.000000,8650072,False
24659,735JK46-SG,735JK46,,-1.000000,100,,NSE,1.000000,1000000,False
2475,ONGC-EQ,ONGC,,-1.000000,1,,NSE,1.000000,427729,True
24674,SATECH-SM,SATECH,,-1.000000,1000,,NSE,5.000000,426973,False
24735,RPEL-EQ,RPEL,,-1.000000,1,,NSE,10.000000,54187,False
24886,724HR36-SG,724HR36,,-1.000000,100,,NSE,1.000000,999900,False
24838,705GJ28-SG,705GJ28,,-1.000000,100,,NSE,1.000000,999900,False
24841,721TN34-SG,721TN34,,-1.000000,100,,NSE,1.000000,1000000,False
2496,ORIENTPPR-EQ,ORIENTPPR,,-1.000000,1,,NSE,1.000000,5624197,False
24889,724WB42-SG,724WB42,,-1.000000,100,,NSE,1.000000,1000000,False
24917,FORCAS-ST,FORCAS,,-1.000000,1600,,NSE,5.000000,461457,False
24979,731RECL39-N0,731RECL39,,-1.000000,1,,NSE,1.000000,999,False
25031,725IRFC34-N0,725IRFC34,,-1.000000,1,,NSE,1.000000,999,False
25073,RAYMONDLSL-EQ,RAYMONDLSL,,-1.000000,1,,NSE,5.000000,144449,False
25090,723MH35-SG,723MH35,,-1.000000,100,,NSE,1.000000,1052550,False
25101,725MH45-SG,725MH45,,-1.000000,100,,NSE,1.000000,999900,False
25108,725ML34-SG,725ML34,,-1.000000,100,,NSE,1.000000,490500,False
25143,745ABL34-N0,745ABL34,,-1.000000,1,,NSE,1.000000,999,False
25150,JEYYAM-ST,JEYYAM,,-1.000000,2000,,NSE,5.000000,1553143,False
25176,726BOB34-N0,726BOB34,,-1.000000,1,,NSE,1.000000,1000,False
25214,721BR33-SG,721BR33,,-1.000000,100,,NSE,1.000000,1000000,False
2531,CONTI-SM,CONTI,,-1.000000,3333,,NSE,5.000000,455916,False
25231,VIESL-SM,VIESL,,-1.000000,800,,NSE,5.000000,251943,False
25292,AEL120924A-N5,AEL120924A,,-1.000000,1,,NSE,1.000000,7582,False
25358,PGEL-EQ,PGEL,,-1.000000,1,,NSE,5.000000,183475,True
25360,713MH37-SG,713MH37,,-1.000000,100,,NSE,1.000000,1041600,False
25443,KALANA-SM,KALANA,,-1.000000,2000,,NSE,5.000000,426381,False
25464,12VCCL27-N0,12VCCL27,,-1.000000,1,,NSE,1.000000,65,False
2552,719UP31-SG,719UP31,,-1.000000,100,,NSE,1.000000,1000000,False
25484,703CG30-SG,703CG30,,-1.000000,100,,NSE,1.000000,1000000,False
25489,705AS31-SG,705AS31,,-1.000000,100,,NSE,1.000000,817500,False
25556,SCL25924D-N1,SCL25924D,,-1.000000,1,,NSE,1.000000,1895,False
2562,HUHTAMAKI-EQ,HUHTAMAKI,,-1.000000,1,,NSE,5.000000,393016,False
25602,WOL3D-SM,WOL3D,,-1.000000,1000,,NSE,5.000000,210980,False
25640,LICMFGOLD-EQ,LICMFGOLD,,-1.000000,1,,NSE,5.000000,733623,False
25672,DIFFNKG-EQ,DIFFNKG,,-1.000000,1,,NSE,5.000000,222461,False
25680,DIVYADHAN-ST,DIVYADHAN,,-1.000000,2000,,NSE,5.000000,467829,False
25700,70KA30-SG,70KA30,,-1.000000,100,,NSE,1.000000,1000000,False
25705,712HR36A-SG,712HR36A,,-1.000000,100,,NSE,1.000000,999900,False
25718,POLYMED-EQ,POLYMED,,-1.000000,1,,NSE,10.000000,57470,False
25758,GROWWDEFNC-EQ,GROWWDEFNC,,-1.000000,1,,NSE,1.000000,1026554,False
2581,725TS41-SG,725TS41,,-1.000000,100,,NSE,1.000000,999960,False
25814,1180VCCL26-N0,1180VCCL26,,-1.000000,1,,NSE,1.000000,49,False
25829,708UP32-SG,708UP32,,-1.000000,100,,NSE,1.000000,999900,False
25831,708KA34B-SG,708KA34B,,-1.000000,100,,NSE,1.000000,1000000,False
25916,1040UCL27B-N1,1040UCL27B,,-1.000000,1,,NSE,1.000000,11246,False
25939,7798LTFH29-N0,7798LTFH29,,-1.000000,1,,NSE,1.000000,981,False
25952,USHAFIN-SM,USHAFIN,,-1.000000,1600,,NSE,5.000000,1421641,False
26009,BANKNIFTY,BANKNIFTY,,-1.000000,1,,NSE,0.000000,0,False
27005,715KL40-SG,715KL40,,-1.000000,100,,NSE,1.000000,1000000,False
27006,715MZ40-SG,715MZ40,,-1.000000,100,,NSE,1.000000,261600,False
27021,890BTL34-N0,890BTL34,,-1.000000,1,,NSE,1.000000,999,False
27029,875BTL28-N0,875BTL28,,-1.000000,1,,NSE,1.000000,999,False
27035,747IIFCL27-N0,747IIFCL27,,-1.000000,1,,NSE,1.000000,999,False
27047,MASTERTR-EQ,MASTERTR,,-1.000000,1,,NSE,1.000000,1103576,False
27084,KMEW-EQ,KMEW,,-1.000000,1,,NSE,10.000000,34832,False
27123,NEELAM-SM,NEELAM,,-1.000000,6000,,NSE,5.000000,661128,False
27128,723SBI39-N0,723SBI39,,-1.000000,1,,NSE,1.000000,1000,False
27130,714NHB34-N0,714NHB34,,-1.000000,1,,NSE,1.000000,999,False
2715,MTARTECH-BE,MTARTECH,,-1.000000,1,,NSE,50.000000,13657,False
27143,ONYX-ST,ONYX,,-1.000000,2000,,NSE,5.000000,592922,False
27151,708KL31-SG,708KL31,,-1.000000,100,,NSE,1.000000,999949,False
27185,709KA30A-SG,709KA30A,,-1.000000,100,,NSE,1.000000,1000000,False
2721,711GJ31-SG,711GJ31,,-1.000000,100,,NSE,1.000000,1005000,False
27201,718RJ38-SG,718RJ38,,-1.000000,100,,NSE,1.000000,1000000,False
27202,718WB39-SG,718WB39,,-1.000000,100,,NSE,1.000000,999900,False
27269,RAJPUTANA-SM,RAJPUTANA,,-1.000000,500,,NSE,5.000000,229995,False
27309,AGARWALTUF-SM,AGARWALTUF,,-1.000000,1200,,NSE,5.000000,577959,False
27376,719LT34-N0,719LT34,,-1.000000,1,,NSE,1.000000,999,False
27431,935TSI32-N0,935TSI32,,-1.000000,1,,NSE,1.000000,944,False
27750,769LICH26-N0,769LICH26,,-1.000000,1,,NSE,1.000000,999,False
2792,EASEMYTRIP-EQ,EASEMYTRIP,,-1.000000,1,,NSE,1.000000,17149941,False
27811,714EXIM29-N0,714EXIM29,,-1.000000,1,,NSE,1.000000,1000,False
27934,965SFL27-N0,965SFL27,,-1.000000,1,,NSE,1.000000,163,False
2816,RALLIS-EQ,RALLIS,,-1.000000,1,,NSE,1.000000,494923,False
2829,ANURAS-EQ,ANURAS,,-1.000000,1,,NSE,10.000000,81970,False
2837,RANASUG-EQ,RANASUG,,-1.000000,1,,NSE,1.000000,5021667,False
2841,LXCHEM-EQ,LXCHEM,,-1.000000,1,,NSE,1.000000,569392,False
2854,CRAFTSMAN-EQ,CRAFTSMAN,,-1.000000,1,,NSE,100.000000,8552,False
28493,720NHB31-N0,720NHB31,,-1.000000,1,,NSE,1.000000,999,False
28539,799TFSIL27-N0,799TFSIL27,,-1.000000,1,,NSE,1.000000,654,False
28687,MAMATA-EQ,MAMATA,,-1.000000,1,,NSE,5.000000,245167,False
28797,770TPREL34-N0,770TPREL34,,-1.000000,1,,NSE,1.000000,1000,False
28805,SANATHAN-EQ,SANATHAN,,-1.000000,1,,NSE,5.000000,211769,False
28854,IHFL261224-N1,IHFL261224,,-1.000000,1,,NSE,1.000000,2348,False
28869,89IHFL29-N1,89IHFL29,,-1.000000,1,,NSE,1.000000,4975,False
28876,925IHFL31-N1,925IHFL31,,-1.000000,1,,NSE,1.000000,1515,False
28899,KITEX-EQ,KITEX,,-1.000000,1,,NSE,1.000000,807177,False
28927,971SCL29T-N1,971SCL29T,,-1.000000,1,,NSE,1.000000,3583,False
28928,1050SCL31T-N1,1050SCL31T,,-1.000000,1,,NSE,1.000000,281,False
29015,ARSHIYA-BZ,ARSHIYA,,-1.000000,1,,NSE,1.000000,8615662,False
29087,QUADFUTURE-EQ,QUADFUTURE,,-1.000000,1,,NSE,5.000000,208960,False
291,69PY29-SG,69PY29,,-1.000000,100,,NSE,1.000000,327000,False
2916,686JH36-SG,686JH36,,-1.000000,100,,NSE,1.000000,1000000,False
29125,724MH44-SG,724MH44,,-1.000000,100,,NSE,1.000000,1000000,False
294,69AS30A-SG,69AS30A,,-1.000000,100,,NSE,1.000000,999960,False
2928,684GJ31-SG,684GJ31,,-1.000000,100,,NSE,1.000000,1000000,False
29210,SITINET-BZ,SITINET,,-1.000000,1,,NSE,1.000000,28516160,False
29291,713WB44-SG,713WB44,,-1.000000,100,,NSE,1.000000,999900,False
29425,0NHIT35-N0,0NHIT35,,-1.000000,1,,NSE,1.000000,999,False
29503,713MH37B-SG,713MH37B,,-1.000000,100,,NSE,1.000000,999900,False
29624,AJAXENGG-EQ,AJAXENGG,,-1.000000,1,,NSE,5.000000,169207,False
29633,CHANDAN-SM,CHANDAN,,-1.000000,800,,NSE,5.000000,500484,False
29696,689OR28A-SG,689OR28A,,-1.000000,100,,NSE,1.000000,1000000,False
29717,834MLICL35-N0,834MLICL35,,-1.000000,1,,NSE,1.000000,1000,False
29921,72SK35-SG,72SK35,,-1.000000,100,,NSE,1.000000,999960,False
29929,718MH38-SG,718MH38,,-1.000000,100,,NSE,1.000000,999900,False
29942,740IREDA36-N0,740IREDA36,,-1.000000,1,,NSE,1.000000,999,False
29947,737NBRD35-N0,737NBRD35,,-1.000000,1,,NSE,1.000000,999,False
300,685KA30-SG,685KA30,,-1.000000,100,,NSE,1.000000,1000000,False
29979,817GHFL30-N0,817GHFL30,,-1.000000,1,,NSE,1.000000,817,False
29997,722KA32-SG,722KA32,,-1.000000,100,,NSE,1.000000,1000000,False
30008,722KA35A-SG,722KA35A,,-1.000000,100,,NSE,1.000000,1000000,False
30023,ATULAUTO-EQ,ATULAUTO,,-1.000000,1,,NSE,5.000000,224396,False
30075,723UK32-SG,723UK32,,-1.000000,100,,NSE,1.000000,1000000,False
3009,KOHINOOR-EQ,KOHINOOR,,-1.000000,1,,NSE,1.000000,1212239,False
30078,724AR45-SG,724AR45,,-1.000000,100,,NSE,1.000000,703050,False
30084,726HP35-SG,726HP35,,-1.000000,100,,NSE,1.000000,999971,False
30105,GOLD360-EQ,GOLD360,,-1.000000,1,,NSE,5.000000,303409,False
30164,717OR40-SG,717OR40,,-1.000000,100,,NSE,1.000000,1000000,False
30185,716CG34-SG,716CG34,,-1.000000,100,,NSE,1.000000,1000000,False
30210,SCL19325A-N1,SCL19325A,,-1.000000,1,,NSE,1.000000,2653,False
30224,971SCL30A-N1,971SCL30A,,-1.000000,1,,NSE,1.000000,1376,False
30238,902SCL28-N1,902SCL28,,-1.000000,1,,NSE,1.000000,20601,False
30244,BHARATSE-EQ,BHARATSE,,-1.000000,1,,NSE,1.000000,459821,False
30249,ISHANCH-EQ,ISHANCH,,-1.000000,1,,NSE,1.000000,892853,False
30267,739SIDBI30-N0,739SIDBI30,,-1.000000,1,,NSE,1.000000,999,False
30274,SILVERCASE-EQ,SILVERCASE,,-1.000000,1,,NSE,1.000000,4351314,False
30416,696JH29-SG,696JH29,,-1.000000,100,,NSE,1.000000,1000000,False
30420,705MP32-SG,705MP32,,-1.000000,100,,NSE,1.000000,1000000,False
30432,71NL35-SG,71NL35,,-1.000000,100,,NSE,1.000000,1000000,False
30447,71AS45-SG,71AS45,,-1.000000,100,,NSE,1.000000,1000000,False
30449,71WB45-SG,71WB45,,-1.000000,100,,NSE,1.000000,1000000,False
30568,MHLSDDR-SF,MHLSDDR,,-1.000000,1,,NSE,1.000000,39793,False
308,BAJAJHIND-EQ,BAJAJHIND,,-1.000000,1,,NSE,1.000000,4774160,False
3103,SHREECEM-EQ,SHREECEM,,-1.000000,1,,NSE,500.000000,4401,True
30990,871REC28-N9,871REC28,,-1.000000,1,,NSE,1.000000,88809,False
31181,MCX-EQ,MCX,,-1.000000,1,,NSE,10.000000,30344,True
31613,779MN42-SG,779MN42,,-1.000000,100,,NSE,1.000000,981000,False
31687,77GJ40-SG,77GJ40,,-1.000000,100,,NSE,1.000000,1010100,False
31718,182D101226-TB,182D101226,,-1.000000,100,,NSE,1.000000,1024320,False
31920,8TIAPL36-N0,8TIAPL36,,-1.000000,1,,NSE,1.000000,163,False
3275,TEMBO-EQ,TEMBO,,-1.000000,1,,NSE,1.000000,1783120,False
3291,STARPAPER-EQ,STARPAPER,,-1.000000,1,,NSE,1.000000,510393,False
3292,DEEPINDS-EQ,DEEPINDS,,-1.000000,1,,NSE,5.000000,129088,False
3363,SUPREMEIND-EQ,SUPREMEIND,,-1.000000,1,,NSE,10.000000,29597,True
3388,691AP40-SG,691AP40,,-1.000000,100,,NSE,1.000000,1000000,False
3389,AGARIND-EQ,AGARIND,,-1.000000,1,,NSE,5.000000,231606,False
3396,TAINWALCHM-EQ,TAINWALCHM,,-1.000000,1,,NSE,1.000000,306198,False
341,BALRAMCHIN-EQ,BALRAMCHIN,,-1.000000,1,,NSE,5.000000,144596,False
3403,AJOONI-EQ,AJOONI,,-1.000000,1,,NSE,1.000000,5632365,False
3435,BBOX-EQ,BBOX,,-1.000000,1,,NSE,5.000000,124852,False
3451,769IGT28-NH,769IGT28,,-1.000000,1,,NSE,1.000000,3934,False
3475,THERMAX-EQ,THERMAX,,-1.000000,1,,NSE,10.000000,27048,False
3482,CLSEL-EQ,CLSEL,,-1.000000,1,,NSE,5.000000,337239,False
3494,PGINVIT-IV,PGINVIT,,-1.000000,1,,NSE,1.000000,980069,False
3567,683MH32-SG,683MH32,,-1.000000,100,,NSE,1.000000,999900,False
3626,HEALTHIETF-EQ,HEALTHIETF,,-1.000000,1,,NSE,1.000000,445413,False
3641,676RJ31-SG,676RJ31,,-1.000000,100,,NSE,1.000000,1000000,False
3646,VARDMNPOLY-EQ,VARDMNPOLY,,-1.000000,1,,NSE,1.000000,15794721,False
3695,645BR27-SG,645BR27,,-1.000000,100,,NSE,1.000000,1000000,False
3710,685NL31A-SG,685NL31A,,-1.000000,100,,NSE,1.000000,817500,False
3716,705RJ41-SG,705RJ41,,-1.000000,100,,NSE,1.000000,1000000,False
3721,TATACOMM-EQ,TATACOMM,,-1.000000,1,,NSE,10.000000,56715,False
3726,665WB28-SG,665WB28,,-1.000000,100,,NSE,1.000000,999900,False
3745,WATERBASE-EQ,WATERBASE,,-1.000000,1,,NSE,1.000000,1354655,False
3813,ARIHANTCAP-EQ,ARIHANTCAP,,-1.000000,1,,NSE,1.000000,1265808,False
3821,ZODIACLOTH-EQ,ZODIACLOTH,,-1.000000,1,,NSE,1.000000,897880,False
3834,BHARATRAS-EQ,BHARATRAS,,-1.000000,1,,NSE,10.000000,86363,False
3857,VARROC-EQ,VARROC,,-1.000000,1,,NSE,5.000000,114589,False
3892,HATSUN-EQ,HATSUN,,-1.000000,1,,NSE,10.000000,81525,False
4306,SHRIRAMFIN-EQ,SHRIRAMFIN,,-1.000000,1,,NSE,10.000000,96466,True
4157,KEYFINSERV-EQ,KEYFINSERV,,-1.000000,1,,NSE,5.000000,182029,False
4391,GULFOILLUB-EQ,GULFOILLUB,,-1.000000,1,,NSE,10.000000,94230,False
4469,ELECTHERM-EQ,ELECTHERM,,-1.000000,1,,NSE,5.000000,104567,False
4529,NEXT50IETF-EQ,NEXT50IETF,,-1.000000,1,,NSE,1.000000,1309735,False
4555,GS220261C-GS,GS220261C,,-1.000000,100,,NSE,1.000000,55263,False
4556,703TS51-SG,703TS51,,-1.000000,100,,NSE,1.000000,999900,False
4594,KOTHARIPET-EQ,KOTHARIPET,,-1.000000,1,,NSE,1.000000,721633,False
4693,SHYAMMETL-EQ,SHYAMMETL,,-1.000000,1,,NSE,10.000000,92950,False
4757,688UP31A-SG,688UP31A,,-1.000000,100,,NSE,1.000000,1000000,False
4766,713AP36-SG,713AP36,,-1.000000,100,,NSE,1.000000,1000000,False
4887,695PN31-SG,695PN31,,-1.000000,100,,NSE,1.000000,1204800,False
4789,712AP37-SG,712AP37,,-1.000000,100,,NSE,1.000000,1052600,False
4822,DODLA-EQ,DODLA,,-1.000000,1,,NSE,10.000000,91637,False
5013,WALPAR-SM,WALPAR,,-1.000000,2000,,NSE,5.000000,307067,False
4980,675BR27-SG,675BR27,,-1.000000,100,,NSE,1.000000,1166000,False
4984,682CG28-SG,682CG28,,-1.000000,100,,NSE,1.000000,1000000,False
4986,IRCON-EQ,IRCON,,-1.000000,1,,NSE,1.000000,882203,False
5034,70MP31-SG,70MP31,,-1.000000,100,,NSE,1.000000,1000000,False
5041,712AP35-SG,712AP35,,-1.000000,100,,NSE,1.000000,1000000,False
5044,714AP36-SG,714AP36,,-1.000000,100,,NSE,1.000000,999975,False
5072,SHEMAROO-BE,SHEMAROO,,-1.000000,1,,NSE,1.000000,829386,False
5172,699WB30-SG,699WB30,,-1.000000,100,,NSE,1.000000,1000000,False
5194,ANTGRAPHIC-EQ,ANTGRAPHIC,,-1.000000,1,,NSE,1.000000,5068813,False
5200,GRAUWEIL-EQ,GRAUWEIL,,-1.000000,1,,NSE,1.000000,1322601,False
5237,714TS41-SG,714TS41,,-1.000000,100,,NSE,1.000000,999900,False
5264,PDSL-EQ,PDSL,,-1.000000,1,,NSE,5.000000,287127,False
5313,UGROCAP-EQ,UGROCAP,,-1.000000,1,,NSE,1.000000,1195254,False
5449,CHEMPLASTS-EQ,CHEMPLASTS,,-1.000000,1,,NSE,1.000000,583582,False
5538,698HP32-SG,698HP32,,-1.000000,100,,NSE,1.000000,1000000,False
5544,708JK36-SG,708JK36,,-1.000000,100,,NSE,1.000000,999960,False
5557,688GA31-SG,688GA31,,-1.000000,100,,NSE,1.000000,654000,False
5565,689UP31-SG,689UP31,,-1.000000,100,,NSE,1.000000,1000000,False
5668,698AP36-SG,698AP36,,-1.000000,100,,NSE,1.000000,1000000,False
5691,687MN31-SG,687MN31,,-1.000000,100,,NSE,1.000000,480690,False
5743,677RJ31A-SG,677RJ31A,,-1.000000,100,,NSE,1.000000,1000000,False
5782,MASPTOP50-EQ,MASPTOP50,,-1.000000,1,,NSE,1.000000,1064017,False
5859,889SCL28-NU,889SCL28,,-1.000000,1,,NSE,1.000000,940,False
5861,935SCL28-NV,935SCL28,,-1.000000,1,,NSE,1.000000,0,False
5865,LAGNAM-EQ,LAGNAM,,-1.000000,1,,NSE,1.000000,577776,False
5948,SOUTHBANK-EQ,SOUTHBANK,,-1.000000,1,,NSE,1.000000,2164770,False
5977,689GJ31-SG,689GJ31,,-1.000000,100,,NSE,1.000000,999900,False
6045,PASUPTAC-EQ,PASUPTAC,,-1.000000,1,,NSE,1.000000,1490751,False
6054,CYBERTECH-BE,CYBERTECH,,-1.000000,1,,NSE,1.000000,711583,False
6188,STERTOOLS-BE,STERTOOLS,,-1.000000,1,,NSE,1.000000,465826,False
6095,696KA31-SG,696KA31,,-1.000000,100,,NSE,1.000000,1000000,False
6125,GOODLUCK-EQ,GOODLUCK,,-1.000000,1,,NSE,5.000000,193448,False
6211,699HR31-SG,699HR31,,-1.000000,100,,NSE,1.000000,999900,False
625,ABREL-EQ,ABREL,,-1.000000,1,,NSE,10.000000,77963,False
628,CESC-EQ,CESC,,-1.000000,1,,NSE,1.000000,686645,False
6297,HEALTHY-EQ,HEALTHY,,-1.000000,1,,NSE,1.000000,1556667,False
6385,CCHHL-EQ,CCHHL,,-1.000000,1,,NSE,1.000000,5345296,False
6480,698RJ31A-SG,698RJ31A,,-1.000000,100,,NSE,1.000000,1000000,False
65,663GJ29-SG,663GJ29,,-1.000000,100,,NSE,1.000000,953200,False
6518,SGBNV29VII-GB,SGBNV29VII,,-1.000000,1,,NSE,1.000000,6632,False
6545,NYKAA-EQ,NYKAA,,-1.000000,1,,NSE,5.000000,289246,True
6750,699MP41-SG,699MP41,,-1.000000,100,,NSE,1.000000,1000000,False
6782,NIPPOBATRY-EQ,NIPPOBATRY,,-1.000000,1,,NSE,5.000000,245250,False
6858,DHRUV-EQ,DHRUV,,-1.000000,1,,NSE,1.000000,620206,False
6887,687KA31-SG,687KA31,,-1.000000,100,,NSE,1.000000,1000000,False
6908,VISHNU-EQ,VISHNU,,-1.000000,1,,NSE,5.000000,140015,False
6971,MENONBE-BE,MENONBE,,-1.000000,1,,NSE,5.000000,336127,False
7030,ASIANENE-EQ,ASIANENE,,-1.000000,1,,NSE,5.000000,186835,False
7044,694JK36-SG,694JK36,,-1.000000,100,,NSE,1.000000,1000000,False
7053,ACCELYA-EQ,ACCELYA,,-1.000000,1,,NSE,10.000000,89408,False
7055,696TS45-SG,696TS45,,-1.000000,100,,NSE,1.000000,999900,False
7122,788GS2030-GS,788GS2030,,-1.000000,1,,NSE,1.000000,952300,False
7152,684BR30-SG,684BR30,,-1.000000,100,,NSE,1.000000,1000000,False
7153,63PY27-SG,63PY27,,-1.000000,100,,NSE,1.000000,408750,False
7156,683TN31A-SG,683TN31A,,-1.000000,100,,NSE,1.000000,1049900,False
7160,694WB36-SG,694WB36,,-1.000000,100,,NSE,1.000000,1000000,False
7184,706GS2046-GS,706GS2046,,-1.000000,1,,NSE,1.000000,977500,False
72,665KA30-SG,665KA30,,-1.000000,100,,NSE,1.000000,1000000,False
7193,662GS2051-GS,662GS2051,,-1.000000,1,,NSE,1.000000,1089000,False
7227,MAPMYINDIA-EQ,MAPMYINDIA,,-1.000000,1,,NSE,10.000000,107988,False
7254,MEDPLUS-EQ,MEDPLUS,,-1.000000,1,,NSE,5.000000,151372,False
7287,JTLIND-EQ,JTLIND,,-1.000000,1,,NSE,1.000000,1127358,False
7353,SETFNN50-EQ,SETFNN50,,-1.000000,1,,NSE,1.000000,129395,False
742,COSMOFIRST-EQ,COSMOFIRST,,-1.000000,1,,NSE,5.000000,114291,False
7358,DATAPATTNS-EQ,DATAPATTNS,,-1.000000,1,,NSE,10.000000,20658,False
7457,HAVISHA-EQ,HAVISHA,,-1.000000,1,,NSE,1.000000,5020620,False
7500,629RJ26A-SG,629RJ26A,,-1.000000,100,,NSE,1.000000,999954,False
751411,PHLSRDP-SF,PHLSRDP,,-1.000000,1,,NSE,1.000000,75206,False
751498,PHLSDG-SF,PHLSDG,,-1.000000,1,,NSE,1.000000,720492,False
7524,702KA31-SG,702KA31,,-1.000000,100,,NSE,1.000000,1000000,False
751512,PHLSDDI-SF,PHLSDDI,,-1.000000,1,,NSE,1.000000,8174,False
751580,UTKAL-SM,UTKAL,,-1.000000,2000,,NSE,5.000000,638761,False
753867,788NIIF29-N0,788NIIF29,,-1.000000,1,,NSE,1.000000,999,False
754,656AS30-SG,656AS30,,-1.000000,100,,NSE,1.000000,1000000,False
7540,714AP35-SG,714AP35,,-1.000000,100,,NSE,1.000000,817500,False
7543,714JK36-SG,714JK36,,-1.000000,100,,NSE,1.000000,1000000,False
754304,779TCHFL30-N0,779TCHFL30,,-1.000000,1,,NSE,1.000000,999,False
7544,714PN36-SG,714PN36,,-1.000000,100,,NSE,1.000000,999900,False
7549,714AP40-SG,714AP40,,-1.000000,100,,NSE,1.000000,1000000,False
7553,NRBBEARING-EQ,NRBBEARING,,-1.000000,1,,NSE,5.000000,194232,False
755871,771NIIF35-N0,771NIIF35,,-1.000000,1,,NSE,1.000000,1000,False
755919,823GIL31-N0,823GIL31,,-1.000000,1,,NSE,1.000000,1000,False
755945,ABCL28-N6,ABCL28,,-1.000000,1,,NSE,1.000000,3533,False
755948,797ABCL28-N9,797ABCL28,,-1.000000,1,,NSE,1.000000,999,False
755955,812ABCL28-NG,812ABCL28,,-1.000000,1,,NSE,1.000000,999,False
7560,UNITEDPOLY-EQ,UNITEDPOLY,,-1.000000,1,,NSE,1.000000,2310532,False
756015,CIFL-EQ,CIFL,,-1.000000,1,,NSE,1.000000,4950381,False
756095,677MH38-SG,677MH38,,-1.000000,100,,NSE,1.000000,1000000,False
756100,665HP32-SG,665HP32,,-1.000000,100,,NSE,1.000000,1000000,False
756101,667UP32-SG,667UP32,,-1.000000,100,,NSE,1.000000,999900,False
756104,678RJ47-SG,678RJ47,,-1.000000,100,,NSE,1.000000,1000000,False
756154,1025IIFL30-Y3,1025IIFL30,,-1.000000,1,,NSE,1.000000,20271,False
756169,715NBFID35-N0,715NBFID35,,-1.000000,1,,NSE,1.000000,999,False
756710,679TS56-SG,679TS56,,-1.000000,100,,NSE,1.000000,999950,False
756788,668RJ35-SG,668RJ35,,-1.000000,100,,NSE,1.000000,1000000,False
756810,665GA35-SG,665GA35,,-1.000000,100,,NSE,1.000000,327000,False
756816,685RJ47-SG,685RJ47,,-1.000000,100,,NSE,1.000000,1000000,False
756827,GROWWSLVR-EQ,GROWWSLVR,,-1.000000,1,,NSE,1.000000,4504436,False
756855,661GJ32-SG,661GJ32,,-1.000000,100,,NSE,1.000000,999900,False
756866,678KL40-SG,678KL40,,-1.000000,100,,NSE,1.000000,1000000,False
756886,686NHPCL34-N0,686NHPCL34,,-1.000000,1,,NSE,1.000000,636,False
756913,685AP41-SG,685AP41,,-1.000000,100,,NSE,1.000000,999880,False
756914,688PN45-SG,688PN45,,-1.000000,100,,NSE,1.000000,1000000,False
756916,12VCCL29B-N0,12VCCL29B,,-1.000000,1,,NSE,1.000000,65,False
757035,668HR38-SG,668HR38,,-1.000000,100,,NSE,1.000000,999900,False
757036,671MN40-SG,671MN40,,-1.000000,100,,NSE,1.000000,817500,False
757114,677TN40-SG,677TN40,,-1.000000,100,,NSE,1.000000,1000000,False
757184,930APMD30-N0,930APMD30,,-1.000000,1,,NSE,1.000000,958,False
757365,760GFL30-N0,760GFL30,,-1.000000,1,,NSE,1.000000,490,False
757386,677KL37-SG,677KL37,,-1.000000,100,,NSE,1.000000,1000000,False
757393,692HP45-SG,692HP45,,-1.000000,100,,NSE,1.000000,1000000,False
757398,640TN32-SG,640TN32,,-1.000000,100,,NSE,1.000000,1000000,False
757415,72959ABC28-N0,72959ABC28,,-1.000000,1,,NSE,1.000000,1000,False
757455,SNXT30BEES-EQ,SNXT30BEES,,-1.000000,1,,NSE,1.000000,53739,False
757462,SCL01825-N6,SCL01825,,-1.000000,1,,NSE,1.000000,2286,False
757473,925SCL30A-NH,925SCL30A,,-1.000000,1,,NSE,1.000000,4384,False
757475,985SCL32-NJ,985SCL32,,-1.000000,1,,NSE,1.000000,305,False
757525,GANGABATH-SM,GANGABATH,,-1.000000,3000,,NSE,5.000000,726196,False
757553,709RJ43-SG,709RJ43,,-1.000000,100,,NSE,1.000000,999900,False
757612,945SCL29-N0,945SCL29,,-1.000000,1,,NSE,1.000000,212,False
757644,IWARE-ST,IWARE,,-1.000000,600,,NSE,5.000000,226442,False
757708,950ISF27C-N0,950ISF27C,,-1.000000,1,,NSE,1.000000,3270,False
757715,707TN55-SG,707TN55,,-1.000000,100,,NSE,1.000000,1000000,False
757767,SAMBHV-EQ,SAMBHV,,-1.000000,1,,NSE,1.000000,762609,False
757841,91PFL30-N0,91PFL30,,-1.000000,1,,NSE,1.000000,359,False
757911,690BR35-SG,690BR35,,-1.000000,100,,NSE,1.000000,1000000,False
758,651KA30-SG,651KA30,,-1.000000,100,,NSE,1.000000,1000000,False
758002,SHANTIGOLD-EQ,SHANTIGOLD,,-1.000000,1,,NSE,1.000000,387304,False
758157,RNPL-SM,RNPL,,-1.000000,1200,,NSE,5.000000,395161,False
758171,724CANF28-N0,724CANF28,,-1.000000,1,,NSE,1.000000,999,False
758195,721TS48-SG,721TS48,,-1.000000,100,,NSE,1.000000,1000000,False
758197,717RJ52-SG,717RJ52,,-1.000000,100,,NSE,1.000000,1000000,False
758556,LTFL28-N0,LTFL28,,-1.000000,1,,NSE,1.000000,735,False
758572,GLOBECIVIL-EQ,GLOBECIVIL,,-1.000000,1,,NSE,1.000000,1952811,False
758591,ETL-SM,ETL,,-1.000000,150,,NSE,5.000000,96425,False
758654,803TIL30-N0,803TIL30,,-1.000000,1,,NSE,1.000000,1000,False
758697,GROWWNIFTY-EQ,GROWWNIFTY,,-1.000000,1,,NSE,1.000000,1309429,False
758744,SHIVASHRIT-SM,SHIVASHRIT,,-1.000000,1000,,NSE,5.000000,597396,False
758820,723RJ35-SG,723RJ35,,-1.000000,100,,NSE,1.000000,1000000,False
758884,75MP44-SG,75MP44,,-1.000000,100,,NSE,1.000000,999900,False
758925,724BR31-SG,724BR31,,-1.000000,100,,NSE,1.000000,1000000,False
758993,ABCL020925-N0,ABCL020925,,-1.000000,1,,NSE,1.000000,327,False
759029,727MH36-SG,727MH36,,-1.000000,100,,NSE,1.000000,1011100,False
759034,744TS47-SG,744TS47,,-1.000000,100,,NSE,1.000000,999900,False
759038,745BR50-SG,745BR50,,-1.000000,100,,NSE,1.000000,1063200,False
759062,RHETAN-EQ,RHETAN,,-1.000000,1,,NSE,1.000000,4164468,False
759069,752ABCL30-N0,752ABCL30,,-1.000000,1,,NSE,1.000000,964,False
759146,755TCSL28-N0,755TCSL28,,-1.000000,1,,NSE,1.000000,999,False
759138,TECHD-SM,TECHD,,-1.000000,300,,NSE,5.000000,165204,False
759150,789GIL31-N0,789GIL31,,-1.000000,1,,NSE,1.000000,1000,False
759152,VMSTMT-EQ,VMSTMT,,-1.000000,1,,NSE,1.000000,1622940,False
759159,JAYESH-SM,JAYESH,,-1.000000,1000,,NSE,5.000000,284210,False
759165,677OR29-SG,677OR29,,-1.000000,100,,NSE,1.000000,1000000,False
759167,705TN31-SG,705TN31,,-1.000000,100,,NSE,1.000000,1000000,False
759187,748PY36-SG,748PY36,,-1.000000,100,,NSE,1.000000,654000,False
759188,743HR39-SG,743HR39,,-1.000000,100,,NSE,1.000000,1000000,False
759265,TATACAP-EQ,TATACAP,,-1.000000,1,,NSE,5.000000,271671,False
759307,712UP33A-SG,712UP33A,,-1.000000,100,,NSE,1.000000,1000000,False
759311,CRAMC-EQ,CRAMC,,-1.000000,1,,NSE,5.000000,418577,False
759318,744TS58-SG,744TS58,,-1.000000,100,,NSE,1.000000,1000000,False
759322,746RJ38-SG,746RJ38,,-1.000000,100,,NSE,1.000000,999900,False
759327,758BR43-SG,758BR43,,-1.000000,100,,NSE,1.000000,1000000,False
759331,75AP46-SG,75AP46,,-1.000000,100,,NSE,1.000000,1000000,False
759333,757BR49-SG,757BR49,,-1.000000,100,,NSE,1.000000,1000000,False
759341,364D021026-TB,364D021026,,-1.000000,100,,NSE,1.000000,1010056,False
759378,73TS51-SG,73TS51,,-1.000000,100,,NSE,1.000000,1000000,False
759394,118VCCL27B-N0,118VCCL27B,,-1.000000,1,,NSE,1.000000,98,False
759446,12AFIL27-N0,12AFIL27,,-1.000000,1,,NSE,1.000000,1635,False
759484,84AIL28-N0,84AIL28,,-1.000000,1,,NSE,1.000000,163,False
759488,MOMENTUM30-EQ,MOMENTUM30,,-1.000000,1,,NSE,1.000000,378101,False
759561,919PFL28-N0,919PFL28,,-1.000000,1,,NSE,1.000000,163,False
759491,741JK42-SG,741JK42,,-1.000000,100,,NSE,1.000000,981000,False
759562,905PFL26-N1,905PFL26,,-1.000000,1,,NSE,1.000000,42950,False
759594,73AP37-SG,73AP37,,-1.000000,100,,NSE,1.000000,1000000,False
759601,711SDIL30-N0,711SDIL30,,-1.000000,1,,NSE,1.000000,999,False
759706,763MP41-SG,763MP41,,-1.000000,100,,NSE,1.000000,999960,False
759712,1180IFL28-N0,1180IFL28,,-1.000000,1,,NSE,1.000000,1308,False
759714,724SFL28-N0,724SFL28,,-1.000000,1,,NSE,1.000000,999,False
759728,EMMVEE-EQ,EMMVEE,,-1.000000,1,,NSE,5.000000,288707,False
759733,715NBFID40-N0,715NBFID40,,-1.000000,1,,NSE,1.000000,999,False
759741,744BR40-SG,744BR40,,-1.000000,100,,NSE,1.000000,999900,False
759791,113ESFB31B-N0,113ESFB31B,,-1.000000,1,,NSE,1.000000,490,False
759814,SMALL250-EQ,SMALL250,,-1.000000,1,,NSE,1.000000,1502259,False
759847,SHILCTECH-EQ,SHILCTECH,,-1.000000,1,,NSE,10.000000,23944,False
759851,655TN29-SG,655TN29,,-1.000000,100,,NSE,1.000000,1000000,False
759852,684GJ31B-SG,684GJ31B,,-1.000000,100,,NSE,1.000000,999900,False
759862,75TS52-SG,75TS52,,-1.000000,100,,NSE,1.000000,1000000,False
759897,1225IFL27-N0,1225IFL27,,-1.000000,1,,NSE,1.000000,653,False
759914,738KA34-SG,738KA34,,-1.000000,100,,NSE,1.000000,1000000,False
759943,799GSGL29-N0,799GSGL29,,-1.000000,1,,NSE,1.000000,1000,False
759975,925ECL28-N2,925ECL28,,-1.000000,1,,NSE,1.000000,15811,False
759984,656RJ29-SG,656RJ29,,-1.000000,100,,NSE,1.000000,1000000,False
760004,707GJ33-SG,707GJ33,,-1.000000,100,,NSE,1.000000,1052550,False
760005,745ISL28-N0,745ISL28,,-1.000000,1,,NSE,1.000000,1000,False
760059,748MH37-SG,748MH37,,-1.000000,100,,NSE,1.000000,999925,False
760065,718TN33-SG,718TN33,,-1.000000,100,,NSE,1.000000,1000000,False
760067,717GJ34-SG,717GJ34,,-1.000000,100,,NSE,1.000000,1000000,False
760078,728TFSIL28-N0,728TFSIL28,,-1.000000,1,,NSE,1.000000,981,False
760090,752TN55-SG,752TN55,,-1.000000,100,,NSE,1.000000,1000000,False
760174,MANILAM-SM,MANILAM,,-1.000000,2000,,NSE,5.000000,714429,False
760204,MARKOLINES-EQ,MARKOLINES,,-1.000000,1,,NSE,1.000000,585267,False
760209,76825AIFL2-N0,76825AIFL2,,-1.000000,1,,NSE,1.000000,817,False
760224,VIDYAWIRES-EQ,VIDYAWIRES,,-1.000000,1,,NSE,1.000000,1133011,False
760282,AAFS30B-N0,AAFS30B,,-1.000000,1,,NSE,1.000000,903,False
760312,810SIHF35-N0,810SIHF35,,-1.000000,1,,NSE,1.000000,163,False
760321,ENCOMPAS-SM,ENCOMPAS,,-1.000000,400,,NSE,5.000000,385352,False
760356,MIDCAPADD-EQ,MIDCAPADD,,-1.000000,1,,NSE,1.000000,183161,False
760382,756PY35-SG,756PY35,,-1.000000,100,,NSE,1.000000,654000,False
760384,751UP39-SG,751UP39,,-1.000000,100,,NSE,1.000000,999992,False
760472,756KL44-SG,756KL44,,-1.000000,100,,NSE,1.000000,1052600,False
760478,686TN29-SG,686TN29,,-1.000000,100,,NSE,1.000000,999900,False
760504,724OR32-SG,724OR32,,-1.000000,100,,NSE,1.000000,1000000,False
760509,742KA35A-SG,742KA35A,,-1.000000,100,,NSE,1.000000,1052600,False
760518,76KL42-SG,76KL42,,-1.000000,100,,NSE,1.000000,999925,False
760528,720CL30-N0,720CL30,,-1.000000,1,,NSE,1.000000,817,False
760551,8BACL30A-N0,8BACL30A,,-1.000000,1,,NSE,1.000000,981,False
760556,692TN30-SG,692TN30,,-1.000000,100,,NSE,1.000000,1000000,False
760589,76WB47-SG,76WB47,,-1.000000,100,,NSE,1.000000,1000000,False
760614,12DCCL29A-N0,12DCCL29A,,-1.000000,1,,NSE,1.000000,5,False
760618,739TN34-SG,739TN34,,-1.000000,100,,NSE,1.000000,1000000,False
760631,750TN36A-SG,750TN36A,,-1.000000,100,,NSE,1.000000,1000000,False
760636,764KL39-SG,764KL39,,-1.000000,100,,NSE,1.000000,1000000,False
760637,757HR40-SG,757HR40,,-1.000000,100,,NSE,1.000000,1000000,False
760641,1150AFIL29-N0,1150AFIL29,,-1.000000,1,,NSE,1.000000,981,False
760662,748PN31-SG,748PN31,,-1.000000,100,,NSE,1.000000,1042000,False
760664,750TN36-SG,750TN36,,-1.000000,100,,NSE,1.000000,999940,False
760677,764WB42A-SG,764WB42A,,-1.000000,100,,NSE,1.000000,1000000,False
760722,704SIDBI29-N0,704SIDBI29,,-1.000000,1,,NSE,1.000000,999,False
760724,75343PHF31-N0,75343PHF31,,-1.000000,1,,NSE,1.000000,999,False
760726,BHARATCOAL-EQ,BHARATCOAL,,-1.000000,1,,NSE,1.000000,3027050,False
760731,905SCL36-N0,905SCL36,,-1.000000,1,,NSE,1.000000,376,False
760736,AVANA-ST,AVANA,,-1.000000,2000,,NSE,5.000000,695644,False
760763,12DCCL29-N0,12DCCL29,,-1.000000,1,,NSE,1.000000,1,False
760768,732KA33A-SG,732KA33A,,-1.000000,100,,NSE,1.000000,1000000,False
760785,364D040227-TB,364D040227,,-1.000000,100,,NSE,1.000000,1025304,False
760791,768AS41-SG,768AS41,,-1.000000,100,,NSE,1.000000,1000000,False
760793,768MP43-SG,768MP43,,-1.000000,100,,NSE,1.000000,1000000,False
760809,720PFCL41-NB,720PFCL41,,-1.000000,1,,NSE,1.000000,3468,False
760839,76UP37-SG,76UP37,,-1.000000,100,,NSE,1.000000,999900,False
760846,757UP36-SG,757UP36,,-1.000000,100,,NSE,1.000000,1010100,False
760847,754MH37-SG,754MH37,,-1.000000,100,,NSE,1.000000,1052465,False
760865,OMNI-EQ,OMNI,,-1.000000,1,,NSE,5.000000,181789,False
760880,733MH34-SG,733MH34,,-1.000000,100,,NSE,1.000000,999905,False
760883,74TN35-SG,74TN35,,-1.000000,100,,NSE,1.000000,1000000,False
760896,DCMSIL-EQ,DCMSIL,,-1.000000,1,,NSE,1.000000,1407620,False
760908,744MP34-SG,744MP34,,-1.000000,100,,NSE,1.000000,1000000,False
760910,754TN36-SG,754TN36,,-1.000000,100,,NSE,1.000000,1088200,False
760911,756KA36-SG,756KA36,,-1.000000,100,,NSE,1.000000,1000000,False
760917,778HR40-SG,778HR40,,-1.000000,100,,NSE,1.000000,961500,False
760918,781UP41-SG,781UP41,,-1.000000,100,,NSE,1.000000,1002450,False
761050,758UK38-SG,758UK38,,-1.000000,100,,NSE,1.000000,1000000,False
761056,BONLON-EQ,BONLON,,-1.000000,1,,NSE,1.000000,535735,False
761075,805NMC29-N1,805NMC29,,-1.000000,1,,NSE,1.000000,65400,False
761082,805NMC36-N8,805NMC36,,-1.000000,1,,NSE,1.000000,65400,False
761122,IIFL060326-YA,IIFL060326,,-1.000000,1,,NSE,1.000000,6701,False
761123,IIFL60326-YB,IIFL60326,,-1.000000,1,,NSE,1.000000,8538,False
761270,ALGOQUANT-EQ,ALGOQUANT,,-1.000000,1,,NSE,1.000000,1547714,False
761309,785BTL29-N0,785BTL29,,-1.000000,1,,NSE,1.000000,1000,False
761318,664TN29-SG,664TN29,,-1.000000,100,,NSE,1.000000,1032000,False
761319,679HR30-SG,679HR30,,-1.000000,100,,NSE,1.000000,1000000,False
761360,797TOPO36-N0,797TOPO36,,-1.000000,1,,NSE,1.000000,999,False
761371,762AS41-SG,762AS41,,-1.000000,100,,NSE,1.000000,999990,False
761374,779JK41-SG,779JK41,,-1.000000,100,,NSE,1.000000,999990,False
761380,77WB48-SG,77WB48,,-1.000000,100,,NSE,1.000000,999900,False
761397,1180IFL28A-N0,1180IFL28A,,-1.000000,1,,NSE,1.000000,1308,False
761399,790NOM28-N0,790NOM28,,-1.000000,1,,NSE,1.000000,654,False
761411,722AS32-SG,722AS32,,-1.000000,100,,NSE,1.000000,999968,False
761436,766JCL31-N0,766JCL31,,-1.000000,1,,NSE,1.000000,1000,False
761459,749RJ36-SG,749RJ36,,-1.000000,100,,NSE,1.000000,1052520,False
761493,788UK46-SG,788UK46,,-1.000000,100,,NSE,1.000000,1000000,False
761514,GROWWPSUBK-EQ,GROWWPSUBK,,-1.000000,1,,NSE,1.000000,23461,False
761549,724TN31-SG,724TN31,,-1.000000,100,,NSE,1.000000,1000000,False
761556,763UK35-SG,763UK35,,-1.000000,100,,NSE,1.000000,1000000,False
761563,765RJ36-SG,765RJ36,,-1.000000,100,,NSE,1.000000,1000000,False
761564,755TN36-SG,755TN36,,-1.000000,100,,NSE,1.000000,1000000,False
761568,776GA38-SG,776GA38,,-1.000000,100,,NSE,1.000000,327000,False
761572,776KA41-SG,776KA41,,-1.000000,100,,NSE,1.000000,1000000,False
761579,715INBK36-N0,715INBK36,,-1.000000,1,,NSE,1.000000,1000,False
761601,APSIFHLSDD-SF,APSIFHLSDD,,-1.000000,1,,NSE,1.000000,3269,False
761607,APSIFHLSRG-SF,APSIFHLSRG,,-1.000000,1,,NSE,1.000000,922126,False
761642,784ML36-SG,784ML36,,-1.000000,100,,NSE,1.000000,846930,False
761643,735MH31-SG,735MH31,,-1.000000,100,,NSE,1.000000,1028800,False
761680,POWERICA-EQ,POWERICA,,-1.000000,1,,NSE,5.000000,175527,False
761688,SAHLIBHFI-EQ,SAHLIBHFI,,-1.000000,1,,NSE,1.000000,1010050,False
761693,MOBANK10-EQ,MOBANK10,,-1.000000,1,,NSE,1.000000,103005,False
761727,772ABCL31-N0,772ABCL31,,-1.000000,1,,NSE,1.000000,999,False
761755,809UP56-SG,809UP56,,-1.000000,100,,NSE,1.000000,999901,False
761757,77UK35-SG,77UK35,,-1.000000,100,,NSE,1.000000,1000000,False
761760,792KL41-SG,792KL41,,-1.000000,100,,NSE,1.000000,1000000,False
761768,VIVIDEL-SM,VIVIDEL,,-1.000000,240,,NSE,5.000000,51175,False
761795,87HMDA40-N0,87HMDA40,,-1.000000,1,,NSE,1.000000,630,False
761811,87HMDA44-N0,87HMDA44,,-1.000000,1,,NSE,1.000000,630,False
761814,TCC-EQ,TCC,,-1.000000,1,,NSE,1.000000,1807492,False
761819,9PCPL28A-N0,9PCPL28A,,-1.000000,1,,NSE,1.000000,1635,False
761831,87HMDA46-N0,87HMDA46,,-1.000000,1,,NSE,1.000000,630,False
761837,87HMDA31-N0,87HMDA31,,-1.000000,1,,NSE,1.000000,630,False
762563,BAJAJST-EQ,BAJAJST,,-1.000000,1,,NSE,5.000000,273478,False
762596,BIRLAPREC-BE,BIRLAPREC,,-1.000000,1,,NSE,1.000000,1627830,False
762638,DECNGOLD-EQ,DECNGOLD,,-1.000000,1,,NSE,1.000000,435185,False
762643,DISAQ-EQ,DISAQ,,-1.000000,1,,NSE,100.000000,8555,False
762663,ELITECON-EQ,ELITECON,,-1.000000,1,,NSE,1.000000,12223729,False
762802,MMWL-EQ,MMWL,,-1.000000,1,,NSE,1.000000,7428523,False
762832,PIONRINV-BE,PIONRINV,,-1.000000,1,,NSE,1.000000,402108,False
762834,PML-EQ,PML,,-1.000000,1,,NSE,5.000000,100846,False
762874,SAPPL-EQ,SAPPL,,-1.000000,1,,NSE,5.000000,289419,False
762919,SONAL-EQ,SONAL,,-1.000000,1,,NSE,1.000000,481949,False
762949,THAKDEV-EQ,THAKDEV,,-1.000000,1,,NSE,1.000000,294300,False
763048,SDIL41-N0,SDIL41,,-1.000000,1,,NSE,1.000000,999,False
763073,764RJ36-SG,764RJ36,,-1.000000,100,,NSE,1.000000,999960,False
763199,783MP48-SG,783MP48,,-1.000000,100,,NSE,1.000000,1010040,False
763208,788NIIF31-N0,788NIIF31,,-1.000000,1,,NSE,1.000000,999,False
763270,AAFS31C-N0,AAFS31C,,-1.000000,1,,NSE,1.000000,847,False
763286,780TN41-SG,780TN41,,-1.000000,100,,NSE,1.000000,1052600,False
763378,SIMCA-ST,SIMCA,,-1.000000,600,,NSE,5.000000,381965,False
763492,9189GCM28-N0,9189GCM28,,-1.000000,1,,NSE,1.000000,327,False
763510,1175IFL28A-N0,1175IFL28A,,-1.000000,1,,NSE,1.000000,1635,False
763626,364D280527-TB,364D280527,,-1.000000,100,,NSE,1.000000,1051540,False
763632,CIFCL29-N0,CIFCL29,,-1.000000,1,,NSE,1.000000,999,False
763641,875HFL28-N0,875HFL28,,-1.000000,1,,NSE,1.000000,408,False
763697,850HMDA35-N0,850HMDA35,,-1.000000,1,,NSE,1.000000,999,False
763699,AAFS31D-N0,AAFS31D,,-1.000000,1,,NSE,1.000000,621,False
763717,1275DCC28-N0,1275DCC28,,-1.000000,1,,NSE,1.000000,457,False
763753,CSM-EQ,CSM,,-1.000000,1,,NSE,1.000000,1198439,False
764041,758SK39-SG,758SK39,,-1.000000,100,,NSE,1.000000,654000,False
763775,756AP39-SG,756AP39,,-1.000000,100,,NSE,1.000000,1052600,False
763789,920ISF28-N0,920ISF28,,-1.000000,1,,NSE,1.000000,1962,False
764050,GYFTR-EQ,GYFTR,,-1.000000,1,,NSE,1.000000,568995,False
764121,RIR-EQ,RIR,,-1.000000,1,,NSE,1.000000,564088,False
764131,HAPPY-SM,HAPPY,,-1.000000,2000,,NSE,5.000000,467158,False
764244,771BR44-SG,771BR44,,-1.000000,100,,NSE,1.000000,1000000,False
764260,820KSFP36A-N0,820KSFP36A,,-1.000000,1,,NSE,1.000000,490,False
764301,INDOMIM-EQ,INDOMIM,,-1.000000,1,,NSE,5.000000,97907,False
764362,904NACL28-N0,904NACL28,,-1.000000,1,,NSE,1.000000,245,False
764374,722ULCE29-N0,722ULCE29,,-1.000000,1,,NSE,1.000000,999,False
764376,129DCCL28-N0,129DCCL28,,-1.000000,1,,NSE,1.000000,32,False
764431,10CHI36-N0,10CHI36,,-1.000000,1,,NSE,1.000000,654,False
764583,AMAL-EQ,AMAL,,-1.000000,1,,NSE,5.000000,135371,False
764588,AMARJOTHI-EQ,AMARJOTHI,,-1.000000,1,,NSE,1.000000,220725,False
764598,ARCL-EQ,ARCL,,-1.000000,1,,NSE,1.000000,261600,False
764608,AUSTENG-EQ,AUSTENG,,-1.000000,1,,NSE,1.000000,113724,False
764633,BRIGHTBR-EQ,BRIGHTBR,,-1.000000,1,,NSE,5.000000,185743,False
764713,IPRINGLTD-EQ,IPRINGLTD,,-1.000000,1,,NSE,1.000000,414500,False
764718,ISTLTD-EQ,ISTLTD,,-1.000000,1,,NSE,5.000000,151003,False
764818,ORIRAIL-EQ,ORIRAIL,,-1.000000,1,,NSE,1.000000,805713,False
764828,PANCHMAHQ-EQ,PANCHMAHQ,,-1.000000,1,,NSE,5.000000,357127,False
764850,RRECL-EQ,RRECL,,-1.000000,1,,NSE,1.000000,747369,False
764930,SUNSHIEL-EQ,SUNSHIEL,,-1.000000,1,,NSE,10.000000,83313,False
764960,TRITONV-EQ,TRITONV,,-1.000000,1,,NSE,10.000000,91562,False
765035,AZADIND-EQ,AZADIND,,-1.000000,1,,NSE,1.000000,1147661,False
765118,MINALIND-BE,MINALIND,,-1.000000,1,,NSE,1.000000,6275151,False
765225,WARDINMOBI-EQ,WARDINMOBI,,-1.000000,1,,NSE,1.000000,9836730,False
765323,766MP48A-SG,766MP48A,,-1.000000,100,,NSE,1.000000,1000000,False
765327,IVZSENSEX-EQ,IVZSENSEX,,-1.000000,1,,NSE,1.000000,24043,False
765366,783TCHFL31-N0,783TCHFL31,,-1.000000,1,,NSE,1.000000,1000,False
765444,364D270827-TB,364D270827,,-1.000000,100,,NSE,1.000000,1057000,False
765583,925IIFL28-N0,925IIFL28,,-1.000000,1,,NSE,1.000000,999,False
765941,653GS2031-GS,653GS2031,,-1.000000,1,,NSE,1.000000,999600,False
767,689MP40-SG,689MP40,,-1.000000,100,,NSE,1.000000,1000000,False
7668,843IHFL29-NC,843IHFL29,,-1.000000,1,,NSE,1.000000,17571,False
765972,755ML33-SG,755ML33,,-1.000000,100,,NSE,1.000000,1000000,False
765976,776RJ48-SG,776RJ48,,-1.000000,100,,NSE,1.000000,1000000,False
772,DABUR-EQ,DABUR,,-1.000000,1,,NSE,5.000000,264318,True
7674,IIFLHF29-NE,IIFLHF29,,-1.000000,1,,NSE,1.000000,1807,False
7693,71KA32-SG,71KA32,,-1.000000,100,,NSE,1.000000,1000000,False
778,KEEPLEARN-EQ,KEEPLEARN,,-1.000000,1,,NSE,1.000000,5091785,False
779,654UP30-SG,654UP30,,-1.000000,100,,NSE,1.000000,1000000,False
7812,704TN30-SG,704TN30,,-1.000000,100,,NSE,1.000000,999990,False
7822,731PY35-SG,731PY35,,-1.000000,100,,NSE,1.000000,654000,False
7838,NETF-EQ,NETF,,-1.000000,1,,NSE,1.000000,392479,False
79,ALEMBICLTD-EQ,ALEMBICLTD,,-1.000000,1,,NSE,1.000000,958309,False
7844,AUTOIETF-EQ,AUTOIETF,,-1.000000,1,,NSE,1.000000,2522972,False
7879,SGBJAN30IX-GB,SGBJAN30IX,,-1.000000,1,,NSE,1.000000,6563,False
8003,SILVER-EQ,SILVER,,-1.000000,1,,NSE,1.000000,441457,False
8050,MAHLIFE-EQ,MAHLIFE,,-1.000000,1,,NSE,5.000000,283105,False
8077,MIDCAP-EQ,MIDCAP,,-1.000000,1,,NSE,1.000000,3720063,False
83,67ML30-SG,67ML30,,-1.000000,100,,NSE,1.000000,654000,False
8126,654MH27-SG,654MH27,,-1.000000,100,,NSE,1.000000,1000000,False
8186,685AS29-SG,685AS29,,-1.000000,100,,NSE,1.000000,1000000,False
8198,713TN47-SG,713TN47,,-1.000000,100,,NSE,1.000000,1052600,False
8311,BLUESTARCO-EQ,BLUESTARCO,,-1.000000,1,,NSE,10.000000,64151,True
8319,648RJ27-SG,648RJ27,,-1.000000,100,,NSE,1.000000,1000000,False
8321,703TN30-SG,703TN30,,-1.000000,100,,NSE,1.000000,1052600,False
8359,725MZ34-SG,725MZ34,,-1.000000,100,,NSE,1.000000,294300,False
840,651HP30-SG,651HP30,,-1.000000,100,,NSE,1.000000,1000000,False
847,SMVD-SM,SMVD,,-1.000000,4040,,NSE,5.000000,327984,False
8394,SHIGAN-SM,SHIGAN,,-1.000000,1500,,NSE,5.000000,664705,False
8492,722RJ32-SG,722RJ32,,-1.000000,100,,NSE,1.000000,1000000,False
8580,74HR37-SG,74HR37,,-1.000000,100,,NSE,1.000000,999900,False
8681,717TN30-SG,717TN30,,-1.000000,100,,NSE,1.000000,1000000,False
8695,734MN32A-SG,734MN32A,,-1.000000,100,,NSE,1.000000,588600,False
8701,736WB32-SG,736WB32,,-1.000000,100,,NSE,1.000000,999603,False
8866,CHOICEIN-EQ,CHOICEIN,,-1.000000,1,,NSE,5.000000,131438,False
89,67TR30-SG,67TR30,,-1.000000,100,,NSE,1.000000,1000000,False
8890,VERANDA-EQ,VERANDA,,-1.000000,1,,NSE,1.000000,443942,False
8900,MINDPOOL-SM,MINDPOOL,,-1.000000,1000,,NSE,5.000000,138566,False
8968,HARIOMPIPE-EQ,HARIOMPIPE,,-1.000000,1,,NSE,5.000000,278395,False
926,ORCHPHARMA-EQ,ORCHPHARMA,,-1.000000,1,,NSE,5.000000,99663,False
9014,ANUP-EQ,ANUP,,-1.000000,1,,NSE,10.000000,60074,False
9027,VCL-BE,VCL,,-1.000000,1,,NSE,1.000000,6008697,False
928,ELECTCAST-EQ,ELECTCAST,,-1.000000,1,,NSE,1.000000,1288296,False
9344,727HR30-SG,727HR30,,-1.000000,100,,NSE,1.000000,1000000,False
9348,IOB-EQ,IOB,,-1.000000,1,,NSE,1.000000,3023284,False
9362,CAMPUS-EQ,CAMPUS,,-1.000000,1,,NSE,1.000000,466427,False
9380,IL&FSENGG-BZ,IL&FSENGG,,-1.000000,1,,NSE,1.000000,2594623,False
9433,763HR29-SG,763HR29,,-1.000000,100,,NSE,1.000000,1000000,False
95,676MP33-SG,676MP33,,-1.000000,100,,NSE,1.000000,1000000,False
9480,LICI-EQ,LICI,,-1.000000,1,,NSE,5.000000,240349,True
9538,762GS2039-GS,762GS2039,,-1.000000,1,,NSE,1.000000,932400,False
9570,KHFM-SM,KHFM,,-1.000000,1550,,NSE,5.000000,755713,False
9581,METROPOLIS-EQ,METROPOLIS,,-1.000000,1,,NSE,5.000000,170630,False
9641,KHANDSE-EQ,KHANDSE,,-1.000000,1,,NSE,1.000000,498799,False
9708,769MZ31-SG,769MZ31,,-1.000000,100,,NSE,1.000000,490500,False
9719,773WB32-SG,773WB32,,-1.000000,100,,NSE,1.000000,1000000,False
9769,EASTSILK-BE,EASTSILK,,-1.000000,1,,NSE,1.000000,163500,False
9776,78TN32-SG,78TN32,,-1.000000,100,,NSE,1.000000,1000000,False
9802,TIL-BE,TIL,,-1.000000,1,,NSE,1.000000,391646,False
9888,769GS2043-GS,769GS2043,,-1.000000,1,,NSE,1.000000,970800,False
9902,AXITA-EQ,AXITA,,-1.000000,1,,NSE,1.000000,12515203,False
9922,786MZ32-SG,786MZ32,,-1.000000,100,,NSE,1.000000,327000,False
9952,785RJ39-SG,785RJ39,,-1.000000,100,,NSE,1.000000,1000000,False
24439,GGBL-SM,GGBL,,-1.000000,300,,NSE,5.000000,464026,False
24443,820ABSLI34-N0,820ABSLI34,,-1.000000,1,,NSE,1.000000,981,False
24461,EVINDIA-EQ,EVINDIA,,-1.000000,1,,NSE,1.000000,1760802,False
24474,739IRFC34-N0,739IRFC34,,-1.000000,1,,NSE,1.000000,999,False
24476,862HHFL29-N0,862HHFL29,,-1.000000,1,,NSE,1.000000,327,False
245,ADL-EQ,ADL,,-1.000000,1,,NSE,1.000000,182016,False
24478,SAHAJSOLAR-SM,SAHAJSOLAR,,-1.000000,400,,NSE,5.000000,718485,False
24484,736IOCL29-N0,736IOCL29,,-1.000000,1,,NSE,1.000000,1000,False
24487,732TS36-SG,732TS36,,-1.000000,100,,NSE,1.000000,1000000,False
24538,MAITHANALL-EQ,MAITHANALL,,-1.000000,1,,NSE,5.000000,95602,False
24566,734TS37-SG,734TS37,,-1.000000,100,,NSE,1.000000,1000000,False
24570,733TS42-SG,733TS42,,-1.000000,100,,NSE,1.000000,1000000,False
24580,739IREDA39-N0,739IREDA39,,-1.000000,1,,NSE,1.000000,999,False
24593,860GFL27-N0,860GFL27,,-1.000000,1,,NSE,1.000000,817,False
24595,RUSHIL-EQ,RUSHIL,,-1.000000,1,,NSE,1.000000,6285281,False
24606,VLINFRA-SM,VLINFRA,,-1.000000,1500,,NSE,5.000000,513798,False
24646,727TN32-SG,727TN32,,-1.000000,100,,NSE,1.000000,1000000,False
24652,733AP39-SG,733AP39,,-1.000000,100,,NSE,1.000000,1000000,False
24654,735WB40-SG,735WB40,,-1.000000,100,,NSE,1.000000,1000000,False
24660,734AP49A-SG,734AP49A,,-1.000000,100,,NSE,1.000000,1000000,False
24664,729TN54-SG,729TN54,,-1.000000,100,,NSE,1.000000,999900,False
24670,85GHFL27-N0,85GHFL27,,-1.000000,1,,NSE,1.000000,817,False
24704,BULKCORP-ST,BULKCORP,,-1.000000,1200,,NSE,5.000000,245709,False
24707,RAJINDLTD-SM,RAJINDLTD,,-1.000000,1500,,NSE,5.000000,726430,False
24757,731KL40-SG,731KL40,,-1.000000,100,,NSE,1.000000,1000000,False
24760,728MP45-SG,728MP45,,-1.000000,100,,NSE,1.000000,1000000,False
24763,726MH49-SG,726MH49,,-1.000000,100,,NSE,1.000000,1086900,False
24764,727KL59-SG,727KL59,,-1.000000,100,,NSE,1.000000,1000000,False
24785,PPSL-SM,PPSL,,-1.000000,3000,,NSE,5.000000,958110,False
2481,ONWARDTEC-EQ,ONWARDTEC,,-1.000000,1,,NSE,5.000000,352547,False
24839,706GJ29-SG,706GJ29,,-1.000000,100,,NSE,1.000000,1000000,False
24842,726TS35-SG,726TS35,,-1.000000,100,,NSE,1.000000,1000000,False
24843,728TS38-SG,728TS38,,-1.000000,100,,NSE,1.000000,1000000,False
24851,SUYOG-EQ,SUYOG,,-1.000000,1,,NSE,5.000000,153716,False
24892,723JK51-SG,723JK51,,-1.000000,100,,NSE,1.000000,654000,False
24966,SURAJLTD-EQ,SURAJLTD,,-1.000000,1,,NSE,1.000000,500017,False
24996,723RJ46-SG,723RJ46,,-1.000000,100,,NSE,1.000000,999900,False
25016,79123SHF26-N0,79123SHF26,,-1.000000,1,,NSE,1.000000,801,False
25060,ECOSMOBLTY-EQ,ECOSMOBLTY,,-1.000000,1,,NSE,1.000000,895380,False
2514,OSWALAGRO-EQ,OSWALAGRO,,-1.000000,1,,NSE,1.000000,2808862,False
25130,840GHFL28-N0,840GHFL28,,-1.000000,1,,NSE,1.000000,686,False
25132,747SIDBI29-N0,747SIDBI29,,-1.000000,1,,NSE,1.000000,1000,False
25216,723KL45-SG,723KL45,,-1.000000,100,,NSE,1.000000,999900,False
2537,702KL28-SG,702KL28,,-1.000000,100,,NSE,1.000000,1000000,False
25340,VASWANI-EQ,VASWANI,,-1.000000,1,,NSE,1.000000,1077339,False
25364,713MH43-SG,713MH43,,-1.000000,100,,NSE,1.000000,999900,False
25431,PSFL-SM,PSFL,,-1.000000,2000,,NSE,5.000000,643601,False
25435,727PFCL31-N0,727PFCL31,,-1.000000,1,,NSE,1.000000,999,False
25439,786TCHFL29-N0,786TCHFL29,,-1.000000,1,,NSE,1.000000,1000,False
25462,AAFS28B-N0,AAFS28B,,-1.000000,1,,NSE,1.000000,965,False
25470,695KA28-SG,695KA28,,-1.000000,100,,NSE,1.000000,1025700,False
25486,TIJARIA-BE,TIJARIA,,-1.000000,1,,NSE,1.000000,936089,False
25500,712MP36-SG,712MP36,,-1.000000,100,,NSE,1.000000,1000000,False
25513,PHOGLOBAL-SM,PHOGLOBAL,,-1.000000,2000,,NSE,5.000000,632614,False
2557,723PN31-SG,723PN31,,-1.000000,100,,NSE,1.000000,999999,False
25520,AVIANSH-SM,AVIANSH,,-1.000000,1000,,NSE,5.000000,457045,False
25550,902SCL27C-N1,902SCL27C,,-1.000000,1,,NSE,1.000000,124,False
25568,1025SCL34C-N1,1025SCL34C,,-1.000000,1,,NSE,1.000000,655,False
25610,RAPPID-SM,RAPPID,,-1.000000,600,,NSE,5.000000,169777,False
25744,METAL-EQ,METAL,,-1.000000,1,,NSE,1.000000,7598614,False
25766,71KA32A-SG,71KA32A,,-1.000000,100,,NSE,1.000000,1000000,False
25818,PRANIK-SM,PRANIK,,-1.000000,1600,,NSE,5.000000,360031,False
25772,715MP35-SG,715MP35,,-1.000000,100,,NSE,1.000000,1000000,False
25805,815PHFL27-N0,815PHFL27,,-1.000000,1,,NSE,1.000000,981,False
25833,711PN44-SG,711PN44,,-1.000000,100,,NSE,1.000000,999925,False
25835,VINCOFE-EQ,VINCOFE,,-1.000000,1,,NSE,1.000000,573429,False
25864,975SCL29A-N0,975SCL29A,,-1.000000,1,,NSE,1.000000,163,False
25871,FRESHARA-ST,FRESHARA,,-1.000000,600,,NSE,5.000000,206181,False
25920,OCCLLTD-BE,OCCLLTD,,-1.000000,1,,NSE,1.000000,627277,False
25931,712INBK34-N0,712INBK34,,-1.000000,1,,NSE,1.000000,1000,False
25959,715KA36-SG,715KA36,,-1.000000,100,,NSE,1.000000,1000000,False
25960,715KL39-SG,715KL39,,-1.000000,100,,NSE,1.000000,999900,False
25963,717AP43-SG,717AP43,,-1.000000,100,,NSE,1.000000,1000000,False
2614,HERANBA-EQ,HERANBA,,-1.000000,1,,NSE,1.000000,582796,False
2657,725WB41-SG,725WB41,,-1.000000,100,,NSE,1.000000,1000000,False
2673,713RJ31-SG,713RJ31,,-1.000000,100,,NSE,1.000000,999923,False
25966,716AP47-SG,716AP47,,-1.000000,100,,NSE,1.000000,1000000,False
27,GATECHDVR-BE,GATECHDVR,,-1.000000,1,,NSE,1.000000,6202074,False
2683,727MZ33-SG,727MZ33,,-1.000000,100,,NSE,1.000000,98100,False
2690,729TR36-SG,729TR36,,-1.000000,100,,NSE,1.000000,199470,False
2691,724KA37-SG,724KA37,,-1.000000,100,,NSE,1.000000,1000000,False
27007,715AP42-SG,715AP42,,-1.000000,100,,NSE,1.000000,1000000,False
27033,78241ABH29-N0,78241ABH29,,-1.000000,1,,NSE,1.000000,999,False
27059,734RL30-N0,734RL30,,-1.000000,1,,NSE,1.000000,999,False
27061,ACMESOLAR-EQ,ACMESOLAR,,-1.000000,1,,NSE,5.000000,248112,False
27097,NIVABUPA-EQ,NIVABUPA,,-1.000000,1,,NSE,1.000000,1250931,False
27114,708GJ33-SG,708GJ33,,-1.000000,100,,NSE,1.000000,1000000,False
27158,770SHFL29-N0,770SHFL29,,-1.000000,1,,NSE,1.000000,999,False
27199,719HR37-SG,719HR37,,-1.000000,100,,NSE,1.000000,1000000,False
27205,716AR44-SG,716AR44,,-1.000000,100,,NSE,1.000000,1000000,False
27267,815PNB27-N0,815PNB27,,-1.000000,1,,NSE,1.000000,915,False
27291,APEXECO-ST,APEXECO,,-1.000000,800,,NSE,5.000000,366970,False
2814,ARVEE-EQ,ARVEE,,-1.000000,1,,NSE,1.000000,360354,False
27322,712PN36-SG,712PN36,,-1.000000,100,,NSE,1.000000,1000000,False
28211,711RJ34-SG,711RJ34,,-1.000000,100,,NSE,1.000000,1000000,False
2868,HITECH-EQ,HITECH,,-1.000000,1,,NSE,1.000000,1309029,False
28220,711KA35-SG,711KA35,,-1.000000,100,,NSE,1.000000,1000000,False
28256,710KL42-SG,710KL42,,-1.000000,100,,NSE,1.000000,999984,False
28550,774PSB34-N0,774PSB34,,-1.000000,1,,NSE,1.000000,999,False
28764,CEWATER-EQ,CEWATER,,-1.000000,1,,NSE,5.000000,351235,False
28817,714JK51-SG,714JK51,,-1.000000,100,,NSE,1.000000,1000000,False
28822,715NL34-SG,715NL34,,-1.000000,100,,NSE,1.000000,817500,False
28825,711TN34A-SG,711TN34A,,-1.000000,100,,NSE,1.000000,1000000,False
28826,714TN44-SG,714TN44,,-1.000000,100,,NSE,1.000000,1000000,False
28856,865IHFL27-N1,865IHFL27,,-1.000000,1,,NSE,1.000000,3178,False
28874,IHF261224A-N1,IHF261224A,,-1.000000,1,,NSE,1.000000,1002,False
28897,925SCL26Z-N1,925SCL26Z,,-1.000000,1,,NSE,1.000000,103,False
28907,SCL271224-N1,SCL271224,,-1.000000,1,,NSE,1.000000,1066,False
28915,99SCL27V-N1,99SCL27V,,-1.000000,1,,NSE,1.000000,4371,False
28921,948SCL27R-N1,948SCL27R,,-1.000000,1,,NSE,1.000000,4845,False
28965,818GFL26-N0,818GFL26,,-1.000000,1,,NSE,1.000000,654,False
29,667MH31-SG,667MH31,,-1.000000,100,,NSE,1.000000,1000000,False
29009,715WB40-SG,715WB40,,-1.000000,100,,NSE,1.000000,1000000,False
29016,CEREBRAINT-BZ,CEREBRAINT,,-1.000000,1,,NSE,1.000000,3661957,False
29035,725IOCL30-N0,725IOCL30,,-1.000000,1,,NSE,1.000000,1000,False
29072,711TN55-SG,711TN55,,-1.000000,100,,NSE,1.000000,1000000,False
29092,DELTIC-SM,DELTIC,,-1.000000,1000,,NSE,5.000000,499973,False
29123,723MH41-SG,723MH41,,-1.000000,100,,NSE,1.000000,1000000,False
29157,CAPINVIT-IV,CAPINVIT,,-1.000000,1,,NSE,1.000000,1299171,False
29200,758LICH35-N0,758LICH35,,-1.000000,1,,NSE,1.000000,999,False
29239,715KA38-SG,715KA38,,-1.000000,100,,NSE,1.000000,1000000,False
29293,711BR45-SG,711BR45,,-1.000000,100,,NSE,1.000000,1000000,False
29298,708TS49-SG,708TS49,,-1.000000,100,,NSE,1.000000,1000000,False
2943,686PY34-SG,686PY34,,-1.000000,100,,NSE,1.000000,327000,False
29502,712BR37A-SG,712BR37A,,-1.000000,100,,NSE,1.000000,1000000,False
29508,714MH39-SG,714MH39,,-1.000000,100,,NSE,1.000000,1000000,False
29517,675GJ27-SG,675GJ27,,-1.000000,100,,NSE,1.000000,999960,False
29531,918IHFL28-N0,918IHFL28,,-1.000000,1,,NSE,1.000000,817,False
29537,724PFCL35-N0,724PFCL35,,-1.000000,1,,NSE,1.000000,1000,False
29561,READYMIX-SM,READYMIX,,-1.000000,1000,,NSE,5.000000,358342,False
29565,714BR37-SG,714BR37,,-1.000000,100,,NSE,1.000000,1000000,False
29569,708GJ34-SG,708GJ34,,-1.000000,100,,NSE,1.000000,999900,False
29571,718JK45-SG,718JK45,,-1.000000,100,,NSE,1.000000,654000,False
29572,708KA31A-SG,708KA31A,,-1.000000,100,,NSE,1.000000,1000000,False
29576,717TN45-SG,717TN45,,-1.000000,100,,NSE,1.000000,1000000,False
29598,REPCOHOME-EQ,REPCOHOME,,-1.000000,1,,NSE,5.000000,278085,False
29631,756IIFCL28-N0,756IIFCL28,,-1.000000,1,,NSE,1.000000,999,False
29641,728IRFC40-N0,728IRFC40,,-1.000000,1,,NSE,1.000000,999,False
29650,719HUDCO28-N7,719HUDCO28,,-1.000000,1,,NSE,1.000000,35772,False
29701,716MP40A-SG,716MP40A,,-1.000000,100,,NSE,1.000000,1000000,False
29703,718MP48A-SG,718MP48A,,-1.000000,100,,NSE,1.000000,1000000,False
29732,HDAIF1BDDR-MF,HDAIF1BDDR,,-1.000000,1,,NSE,1.000000,65,False
29912,698GJ30-SG,698GJ30,,-1.000000,100,,NSE,1.000000,1000000,False
29914,717TN33-SG,717TN33,,-1.000000,100,,NSE,1.000000,1000000,False
29925,724BR37-SG,724BR37,,-1.000000,100,,NSE,1.000000,999952,False
29926,717MH37-SG,717MH37,,-1.000000,100,,NSE,1.000000,999900,False
29995,706GJ30-SG,706GJ30,,-1.000000,100,,NSE,1.000000,1000000,False
29998,708TN30-SG,708TN30,,-1.000000,100,,NSE,1.000000,1000000,False
30005,721GJ35-SG,721GJ35,,-1.000000,100,,NSE,1.000000,1000000,False
3002,WONDERLA-EQ,WONDERLA,,-1.000000,1,,NSE,5.000000,191936,False
30030,BALAJIPHOS-SM,BALAJIPHOS,,-1.000000,1000,,NSE,5.000000,777511,False
30045,809CANF27-N0,809CANF27,,-1.000000,1,,NSE,1.000000,999,False
30061,960SFL35-N0,960SFL35,,-1.000000,1,,NSE,1.000000,65,False
30076,727PY33-SG,727PY33,,-1.000000,100,,NSE,1.000000,981000,False
30077,723TS49-SG,723TS49,,-1.000000,100,,NSE,1.000000,1000000,False
30080,687GJ28-SG,687GJ28,,-1.000000,100,,NSE,1.000000,1000000,False
30082,724KL43-SG,724KL43,,-1.000000,100,,NSE,1.000000,999944,False
30088,727NL35-SG,727NL35,,-1.000000,100,,NSE,1.000000,999960,False
30090,693OR28-SG,693OR28,,-1.000000,100,,NSE,1.000000,1000000,False
30091,717OR30-SG,717OR30,,-1.000000,100,,NSE,1.000000,999960,False
30121,EQUAL200-EQ,EQUAL200,,-1.000000,1,,NSE,1.000000,468134,False
30155,VALUEAXIS-EQ,VALUEAXIS,,-1.000000,1,,NSE,1.000000,318789,False
30169,718WB46-SG,718WB46,,-1.000000,100,,NSE,1.000000,1000000,False
30170,718WB47-SG,718WB47,,-1.000000,100,,NSE,1.000000,1000000,False
30172,718KL50A-SG,718KL50A,,-1.000000,100,,NSE,1.000000,999900,False
30178,704TN30B-SG,704TN30B,,-1.000000,100,,NSE,1.000000,1000000,False
3018,SAURASHCEM-EQ,SAURASHCEM,,-1.000000,1,,NSE,1.000000,1826112,False
30184,716CG33-SG,716CG33,,-1.000000,100,,NSE,1.000000,1000000,False
30200,793NIIF32-N0,793NIIF32,,-1.000000,1,,NSE,1.000000,999,False
30242,1050SCL32-N1,1050SCL32,,-1.000000,1,,NSE,1.000000,478,False
30323,ESSENTIA-EQ,ESSENTIA,,-1.000000,1,,NSE,1.000000,57397762,False
30413,687GJ28A-SG,687GJ28A,,-1.000000,100,,NSE,1.000000,999900,False
30428,703KA33-SG,703KA33,,-1.000000,100,,NSE,1.000000,1000000,False
30436,701TN35-SG,701TN35,,-1.000000,100,,NSE,1.000000,1000000,False
3045,SBIN-EQ,SBIN,,-1.000000,1,,NSE,10.000000,92306,True
30438,704HR37-SG,704HR37,,-1.000000,100,,NSE,1.000000,1000000,False
30451,71WB47-SG,71WB47,,-1.000000,100,,NSE,1.000000,1000000,False
30454,706KL55-SG,706KL55,,-1.000000,100,,NSE,1.000000,999807,False
30457,SPECTRUM-BE,SPECTRUM,,-1.000000,1,,NSE,10.000000,33077,False
30469,MID150-EQ,MID150,,-1.000000,1,,NSE,1.000000,208606,False
30489,712EXIM30-N0,712EXIM30,,-1.000000,1,,NSE,1.000000,999,False
30560,MHLSRD-SF,MHLSRD,,-1.000000,1,,NSE,1.000000,29918,False
30562,MHLSRDR-SF,MHLSRDR,,-1.000000,1,,NSE,1.000000,62126,False
30566,MHLSDD-SF,MHLSDD,,-1.000000,1,,NSE,1.000000,22888,False
3126,SHREYANIND-EQ,SHREYANIND,,-1.000000,1,,NSE,1.000000,452077,False
30992,862REC33-NA,862REC33,,-1.000000,1,,NSE,1.000000,13613,False
31017,THOMASCOTT-EQ,THOMASCOTT,,-1.000000,1,,NSE,5.000000,420951,False
31413,MTEDUCARE-BE,MTEDUCARE,,-1.000000,1,,NSE,1.000000,2361857,False
31468,AURUS-EQ,AURUS,,-1.000000,1,,NSE,1.000000,964126,False
31484,867NHPC33-N3,867NHPC33,,-1.000000,1,,NSE,1.000000,81564,False
3186,SKFINDIA-EQ,SKFINDIA,,-1.000000,1,,NSE,10.000000,65406,False
3257,684AR31-SG,684AR31,,-1.000000,100,,NSE,1.000000,1000000,False
31688,779MZ41-SG,779MZ41,,-1.000000,100,,NSE,1.000000,327000,False
31785,8TIAPL35-N0,8TIAPL35,,-1.000000,1,,NSE,1.000000,163,False
3304,678MN31-SG,678MN31,,-1.000000,100,,NSE,1.000000,654000,False
3321,SPMLINFRA-EQ,SPMLINFRA,,-1.000000,1,,NSE,1.000000,582630,False
3327,SUDARSCHEM-EQ,SUDARSCHEM,,-1.000000,1,,NSE,10.000000,80042,False
3385,69AP39-SG,69AP39,,-1.000000,100,,NSE,1.000000,1000000,False
3432,TATACONSUM-EQ,TATACONSUM,,-1.000000,1,,NSE,10.000000,99954,True
3456,TMPV-EQ,TMPV,,-1.000000,1,,NSE,5.000000,331454,True
3576,696AP36-SG,696AP36,,-1.000000,100,,NSE,1.000000,1000000,False
3607,UNIVCABLES-EQ,UNIVCABLES,,-1.000000,1,,NSE,10.000000,66986,False
38,685AP36-SG,685AP36,,-1.000000,100,,NSE,1.000000,1000000,False
3650,639BR27-SG,639BR27,,-1.000000,100,,NSE,1.000000,1000000,False
3697,704JK36-SG,704JK36,,-1.000000,100,,NSE,1.000000,1000000,False
3719,703TN46-SG,703TN46,,-1.000000,100,,NSE,1.000000,999900,False
383,BEL-EQ,BEL,,-1.000000,1,,NSE,5.000000,241222,True
3807,VINEETLAB-EQ,VINEETLAB,,-1.000000,1,,NSE,1.000000,628044,False
3827,ZUARIIND-EQ,ZUARIIND,,-1.000000,1,,NSE,5.000000,366070,False
4,21STCENMGM-EQ,21STCENMGM,,-1.000000,1,,NSE,1.000000,343350,False
399,NIACL-EQ,NIACL,,-1.000000,1,,NSE,1.000000,502640,False
3918,NATCOPHARM-EQ,NATCOPHARM,,-1.000000,1,,NSE,5.000000,122511,False
404,BERGEPAINT-EQ,BERGEPAINT,,-1.000000,1,,NSE,5.000000,218042,False
428,693JH30-SG,693JH30,,-1.000000,100,,NSE,1.000000,999960,False
4116,HBSL-EQ,HBSL,,-1.000000,1,,NSE,1.000000,233401,False
4204,MOTHERSON-EQ,MOTHERSON,,-1.000000,1,,NSE,1.000000,601603,True
430,692RJ30-SG,692RJ30,,-1.000000,100,,NSE,1.000000,1000000,False
436,IFGLEXPOR-EQ,IFGLEXPOR,,-1.000000,1,,NSE,1.000000,485233,False
4422,INDIANCARD-EQ,INDIANCARD,,-1.000000,1,,NSE,1.000000,194274,False
4503,MPHASIS-EQ,MPHASIS,,-1.000000,1,,NSE,10.000000,43519,True
46,SANWARIA-BZ,SANWARIA,,-1.000000,1,,NSE,1.000000,24070470,False
4579,68MH31-SG,68MH31,,-1.000000,100,,NSE,1.000000,999900,False
4581,681KL31-SG,681KL31,,-1.000000,100,,NSE,1.000000,1000000,False
4587,RAMCOIND-EQ,RAMCOIND,,-1.000000,1,,NSE,5.000000,310284,False
468,708KA34-SG,708KA34,,-1.000000,100,,NSE,1.000000,1000000,False
4612,692HR36A-SG,692HR36A,,-1.000000,100,,NSE,1.000000,1000000,False
4626,AILIMITED-SM,AILIMITED,,-1.000000,3000,,NSE,5.000000,414509,False
469,71AP37-SG,71AP37,,-1.000000,100,,NSE,1.000000,1000000,False
4847,KIMS-EQ,KIMS,,-1.000000,1,,NSE,5.000000,129782,False
4891,694UK31-SG,694UK31,,-1.000000,100,,NSE,1.000000,999950,False
4893,688GJ31-SG,688GJ31,,-1.000000,100,,NSE,1.000000,1000000,False
4897,713KL46-SG,713KL46,,-1.000000,100,,NSE,1.000000,1000000,False
4907,ENGINERSIN-EQ,ENGINERSIN,,-1.000000,1,,NSE,5.000000,371510,False
4942,92SFIL28-ND,92SFIL28,,-1.000000,1,,NSE,1.000000,4563,False
4997,697RJ31-SG,697RJ31,,-1.000000,100,,NSE,1.000000,1033500,False
4998,699GA31-SG,699GA31,,-1.000000,100,,NSE,1.000000,327000,False
5090,717TS41-SG,717TS41,,-1.000000,100,,NSE,1.000000,1000000,False
5097,ETERNAL-EQ,ETERNAL,,-1.000000,1,,NSE,5.000000,308811,True
5155,875PFL31-N9,875PFL31,,-1.000000,1,,NSE,1.000000,37,False
5160,9PFL31A-NA,9PFL31A,,-1.000000,1,,NSE,1.000000,50360,False
5204,GMDCLTD-EQ,GMDCLTD,,-1.000000,1,,NSE,5.000000,173628,False
5220,BFSI-EQ,BFSI,,-1.000000,1,,NSE,1.000000,3770711,False
5231,70WB31-SG,70WB31,,-1.000000,100,,NSE,1.000000,1000000,False
5279,ROLEXRINGS-EQ,ROLEXRINGS,,-1.000000,1,,NSE,1.000000,583337,False
5385,AAVAS-EQ,AAVAS,,-1.000000,1,,NSE,10.000000,78415,False
5378,ASAHIINDIA-EQ,ASAHIINDIA,,-1.000000,1,,NSE,5.000000,101206,False
5394,MOL-EQ,MOL,,-1.000000,1,,NSE,1.000000,1599382,False
5435,APTUS-EQ,APTUS,,-1.000000,1,,NSE,1.000000,401094,False
5471,695TN31B-SG,695TN31B,,-1.000000,100,,NSE,1.000000,1000000,False
5537,693HP31-SG,693HP31,,-1.000000,100,,NSE,1.000000,1000000,False
5539,704KL34-SG,704KL34,,-1.000000,100,,NSE,1.000000,1000000,False
5545,706KL39-SG,706KL39,,-1.000000,100,,NSE,1.000000,999900,False
5558,684GJ31A-SG,684GJ31A,,-1.000000,100,,NSE,1.000000,999900,False
5606,INTLCONV-EQ,INTLCONV,,-1.000000,1,,NSE,1.000000,1277597,False
5622,CEMPRO-EQ,CEMPRO,,-1.000000,1,,NSE,10.000000,80224,False
5674,685GA31B-SG,685GA31B,,-1.000000,100,,NSE,1.000000,327000,False
5736,686AP35-SG,686AP35,,-1.000000,100,,NSE,1.000000,1000000,False
5883,684PN31-SG,684PN31,,-1.000000,100,,NSE,1.000000,1000000,False
5967,704AP34-SG,704AP34,,-1.000000,100,,NSE,1.000000,1000000,False
5968,709AP39-SG,709AP39,,-1.000000,100,,NSE,1.000000,1000000,False
5969,691AS31-SG,691AS31,,-1.000000,100,,NSE,1.000000,999960,False
599,645MH27-SG,645MH27,,-1.000000,100,,NSE,1.000000,1000000,False
5983,70JH33-SG,70JH33,,-1.000000,100,,NSE,1.000000,1000000,False
5998,709TS40-SG,709TS40,,-1.000000,100,,NSE,1.000000,999900,False
5994,601RJ26-SG,601RJ26,,-1.000000,100,,NSE,1.000000,1025500,False
603,865IRFC29-NA,865IRFC29,,-1.000000,1,,NSE,1.000000,90491,False
6042,EIFFL-BE,EIFFL,,-1.000000,1,,NSE,5.000000,355607,False
6100,698RJ31-SG,698RJ31,,-1.000000,100,,NSE,1.000000,1000000,False
619,CENTENKA-EQ,CENTENKA,,-1.000000,1,,NSE,5.000000,176858,False
6198,FCL-EQ,FCL,,-1.000000,1,,NSE,1.000000,1731612,False
6239,DTIL-BE,DTIL,,-1.000000,1,,NSE,1.000000,343592,False
626,691AP39-SG,691AP39,,-1.000000,100,,NSE,1.000000,1000000,False
6274,SELMC-BE,SELMC,,-1.000000,1,,NSE,1.000000,1083504,False
6352,702AP37-SG,702AP37,,-1.000000,100,,NSE,1.000000,1000000,False
6462,TECH-EQ,TECH,,-1.000000,1,,NSE,1.000000,262248,False
6596,SONATSOFTW-EQ,SONATSOFTW,,-1.000000,1,,NSE,5.000000,376049,False
676,EXIDEIND-EQ,EXIDEIND,,-1.000000,1,,NSE,5.000000,242250,False
6656,POLICYBZR-EQ,POLICYBZR,,-1.000000,1,,NSE,10.000000,55523,True
6752,699TS43-SG,699TS43,,-1.000000,100,,NSE,1.000000,1000000,False
6817,695GS2061-GS,695GS2061,,-1.000000,1,,NSE,1.000000,1084300,False
6818,LATENTVIEW-EQ,LATENTVIEW,,-1.000000,1,,NSE,5.000000,396054,False
6895,662PY28-SG,662PY28,,-1.000000,100,,NSE,1.000000,408750,False
6897,691WB31-SG,691WB31,,-1.000000,100,,NSE,1.000000,1000000,False
6899,832GS2032-GS,832GS2032,,-1.000000,1,,NSE,1.000000,930114,False
6922,833GS2032-GS,833GS2032,,-1.000000,1,,NSE,1.000000,931605,False
6988,683KA31-SG,683KA31,,-1.000000,100,,NSE,1.000000,1000000,False
7016,SHIVALIK-EQ,SHIVALIK,,-1.000000,1,,NSE,5.000000,276198,False
7109,JMA-EQ,JMA,,-1.000000,1,,NSE,1.000000,746902,False
7127,773GS2034-GS,773GS2034,,-1.000000,1,,NSE,1.000000,990000,False
7200,SHRIRAMPPS-EQ,SHRIRAMPPS,,-1.000000,1,,NSE,1.000000,1392027,False
722,SBIETFPB-EQ,SBIETFPB,,-1.000000,1,,NSE,1.000000,354978,False
7307,70JK33-SG,70JK33,,-1.000000,100,,NSE,1.000000,1000000,False
7316,70NL31A-SG,70NL31A,,-1.000000,100,,NSE,1.000000,974460,False
7319,705WB36A-SG,705WB36A,,-1.000000,100,,NSE,1.000000,999900,False
7325,DCMSRIND-EQ,DCMSRIND,,-1.000000,1,,NSE,1.000000,2465445,False
7361,SETFNIFBK-EQ,SETFNIFBK,,-1.000000,1,,NSE,1.000000,171871,False
74,675KA33-SG,675KA33,,-1.000000,100,,NSE,1.000000,1000000,False
7413,MANAKCOAT-EQ,MANAKCOAT,,-1.000000,1,,NSE,1.000000,777986,False
7451,NIFTYADD-EQ,NIFTYADD,,-1.000000,1,,NSE,1.000000,280304,False
746,687AP35-SG,687AP35,,-1.000000,100,,NSE,1.000000,1052600,False
7495,633AS26A-SG,633AS26A,,-1.000000,100,,NSE,1.000000,999960,False
7519,703HP31-SG,703HP31,,-1.000000,100,,NSE,1.000000,1000000,False
750116,HEXAGON-BE,HEXAGON,,-1.000000,1,,NSE,1.000000,1477229,False
7530,70MN31B-SG,70MN31B,,-1.000000,100,,NSE,1.000000,294300,False
7534,704UP31-SG,704UP31,,-1.000000,100,,NSE,1.000000,1000000,False
7536,714HP33-SG,714HP33,,-1.000000,100,,NSE,1.000000,1000000,False
7529,LCCINFOTEC-EQ,LCCINFOTEC,,-1.000000,1,,NSE,1.000000,5513002,False
753889,815JCL31-N0,815JCL31,,-1.000000,1,,NSE,1.000000,999,False
754691,810BACL29-N0,810BACL29,,-1.000000,1,,NSE,1.000000,999,False
755786,182D241226-TB,182D241226,,-1.000000,100,,NSE,1.000000,1025440,False
755943,81ABCL33-N4,81ABCL33,,-1.000000,1,,NSE,1.000000,95224,False
755951,801ABCL28-NC,801ABCL28,,-1.000000,1,,NSE,1.000000,1000,False
755990,762TCL30-N0,762TCL30,,-1.000000,1,,NSE,1.000000,999,False
756014,690GS2065-GS,690GS2065,,-1.000000,1,,NSE,1.000000,1081600,False
756064,675MH39-SG,675MH39,,-1.000000,100,,NSE,1.000000,999900,False
756105,679TS52-SG,679TS52,,-1.000000,100,,NSE,1.000000,999950,False
756161,890ALSL27-N0,890ALSL27,,-1.000000,1,,NSE,1.000000,160,False
756171,770SHFL27-N0,770SHFL27,,-1.000000,1,,NSE,1.000000,490,False
756709,679TN55-SG,679TN55,,-1.000000,100,,NSE,1.000000,1000000,False
756821,753PHFL30-N0,753PHFL30,,-1.000000,1,,NSE,1.000000,1000,False
756843,ABLBL-EQ,ABLBL,,-1.000000,1,,NSE,1.000000,1194890,False
756856,668GJ33-SG,668GJ33,,-1.000000,100,,NSE,1.000000,999900,False
756863,679AP36-SG,679AP36,,-1.000000,100,,NSE,1.000000,1000000,False
756908,676JK31-SG,676JK31,,-1.000000,100,,NSE,1.000000,1000000,False
756911,684AP37-SG,684AP37,,-1.000000,100,,NSE,1.000000,1000000,False
756919,686NHPCL38-N0,686NHPCL38,,-1.000000,1,,NSE,1.000000,636,False
756996,680NHB32-N0,680NHB32,,-1.000000,1,,NSE,1.000000,1000,False
757,CRISIL-EQ,CRISIL,,-1.000000,1,,NSE,10.000000,21280,False
757014,THELEELA-EQ,THELEELA,,-1.000000,1,,NSE,5.000000,184344,False
757018,622AS30-SG,622AS30,,-1.000000,100,,NSE,1.000000,1000000,False
757058,708IIFCL35-N0,708IIFCL35,,-1.000000,1,,NSE,1.000000,1000,False
757115,683MN40-SG,683MN40,,-1.000000,100,,NSE,1.000000,1000000,False
757146,747ABCL29-N0,747ABCL29,,-1.000000,1,,NSE,1.000000,999,False
757167,MONEXT50-EQ,MONEXT50,,-1.000000,1,,NSE,1.000000,73248,False
757178,930APMD27-N0,930APMD27,,-1.000000,1,,NSE,1.000000,1262,False
757182,930APMD29-N0,930APMD29,,-1.000000,1,,NSE,1.000000,961,False
757385,678AP37-SG,678AP37,,-1.000000,100,,NSE,1.000000,999900,False
757387,684AP38-SG,684AP38,,-1.000000,100,,NSE,1.000000,999900,False
757400,663GA35-SG,663GA35,,-1.000000,100,,NSE,1.000000,327000,False
757404,857CIFL32-N0,857CIFL32,,-1.000000,1,,NSE,1.000000,999,False
757425,60TN28-SG,60TN28,,-1.000000,100,,NSE,1.000000,1000000,False
757429,668AP35B-SG,668AP35B,,-1.000000,100,,NSE,1.000000,1000000,False
757439,713PN50-SG,713PN50,,-1.000000,100,,NSE,1.000000,1000000,False
757461,SCL1825-N5,SCL1825,,-1.000000,1,,NSE,1.000000,29,False
757466,888SCL28-NA,888SCL28,,-1.000000,1,,NSE,1.000000,10494,False
757520,BLUSPRING-EQ,BLUSPRING,,-1.000000,1,,NSE,1.000000,760505,False
757551,704HR40-SG,704HR40,,-1.000000,100,,NSE,1.000000,1000000,False
757595,730SICC28A-N0,730SICC28A,,-1.000000,1,,NSE,1.000000,999,False
757627,688BR35-SG,688BR35,,-1.000000,100,,NSE,1.000000,1000000,False
757650,714MZ40-SG,714MZ40,,-1.000000,100,,NSE,1.000000,327000,False
757652,714MP41-SG,714MP41,,-1.000000,100,,NSE,1.000000,1000000,False
757674,820KSFP36-N0,820KSFP36,,-1.000000,1,,NSE,1.000000,327,False
757754,PICCADIL-EQ,PICCADIL,,-1.000000,1,,NSE,5.000000,165995,False
757806,PROFX-SM,PROFX,,-1.000000,1600,,NSE,5.000000,572370,False
757830,728HP47-SG,728HP47,,-1.000000,100,,NSE,1.000000,999978,False
757871,885AEL28-NB,885AEL28,,-1.000000,1,,NSE,1.000000,39515,False
757912,689GA35-SG,689GA35,,-1.000000,100,,NSE,1.000000,327000,False
757915,681RL36-N0,681RL36,,-1.000000,1,,NSE,1.000000,999,False
757924,709TS63-SG,709TS63,,-1.000000,100,,NSE,1.000000,1000000,False
757953,EUROBOND-EQ,EUROBOND,,-1.000000,1,,NSE,1.000000,664611,False
757931,613OR28-SG,613OR28,,-1.000000,100,,NSE,1.000000,1000000,False
757978,75GFL30-N0,75GFL30,,-1.000000,1,,NSE,1.000000,1000,False
758011,768GSGL28B-N0,768GSGL28B,,-1.000000,1,,NSE,1.000000,1000,False
758252,815TOPO31-N0,815TOPO31,,-1.000000,1,,NSE,1.000000,1000,False
758292,725SIHF28-N0,725SIHF28,,-1.000000,1,,NSE,1.000000,327,False
758355,820TOPO33-N0,820TOPO33,,-1.000000,1,,NSE,1.000000,1000,False
758404,734IREDA29-N0,734IREDA29,,-1.000000,1,,NSE,1.000000,999,False
758409,735JK40-SG,735JK40,,-1.000000,100,,NSE,1.000000,999985,False
758410,743BR55-SG,743BR55,,-1.000000,100,,NSE,1.000000,1000000,False
758527,STUDIOLSD-SM,STUDIOLSD,,-1.000000,2000,,NSE,5.000000,1696860,False
758578,695OR31-SG,695OR31,,-1.000000,100,,NSE,1.000000,1000000,False
758670,ARCIIL-SM,ARCIIL,,-1.000000,1000,,NSE,5.000000,336724,False
758674,724GS2055-GS,724GS2055,,-1.000000,1,,NSE,1.000000,1036100,False
758712,70TN31A-SG,70TN31A,,-1.000000,100,,NSE,1.000000,1000000,False
758721,756HP40-SG,756HP40,,-1.000000,100,,NSE,1.000000,1000000,False
758727,775WB47-SG,775WB47,,-1.000000,100,,NSE,1.000000,999900,False
758872,717SIHF28-N0,717SIHF28,,-1.000000,1,,NSE,1.000000,981,False
758921,774KL60-SG,774KL60,,-1.000000,100,,NSE,1.000000,1000000,False
758950,745SICCL30-N0,745SICCL30,,-1.000000,1,,NSE,1.000000,327,False
758984,RNBDENIMS-BE,RNBDENIMS,,-1.000000,1,,NSE,1.000000,8826394,False
759030,742WB36-SG,742WB36,,-1.000000,100,,NSE,1.000000,1000000,False
759041,IVALUE-EQ,IVALUE,,-1.000000,1,,NSE,1.000000,447695,False
759047,364D240926-TB,364D240926,,-1.000000,100,,NSE,1.000000,1005286,False
759073,795AMLIL35-N0,795AMLIL35,,-1.000000,1,,NSE,1.000000,1000,False
759181,715TN32-SG,715TN32,,-1.000000,100,,NSE,1.000000,1000000,False
759192,745HR42-SG,745HR42,,-1.000000,100,,NSE,1.000000,1000000,False
759195,747WB46-SG,747WB46,,-1.000000,100,,NSE,1.000000,999900,False
759210,TRUALT-EQ,TRUALT,,-1.000000,1,,NSE,5.000000,240107,False
759222,735TCHFL35-N0,735TCHFL35,,-1.000000,1,,NSE,1.000000,1000,False
759237,165RARL28-N0,165RARL28,,-1.000000,1,,NSE,1.000000,73,False
759249,950ISF35-N0,950ISF35,,-1.000000,1,,NSE,1.000000,327,False
759281,12VCCL28-N0,12VCCL28,,-1.000000,1,,NSE,1.000000,163,False
759309,731BR45-SG,731BR45,,-1.000000,100,,NSE,1.000000,999900,False
759310,731JK45-SG,731JK45,,-1.000000,100,,NSE,1.000000,981000,False
759329,75AP45-SG,75AP45,,-1.000000,100,,NSE,1.000000,1000000,False
759330,748MP45-SG,748MP45,,-1.000000,100,,NSE,1.000000,999900,False
759412,OMFREIGHT-BE,OMFREIGHT,,-1.000000,1,,NSE,1.000000,1101186,False
759433,364D081026-TB,364D081026,,-1.000000,100,,NSE,1.000000,1009286,False
759461,GEMAROMA-EQ,GEMAROMA,,-1.000000,1,,NSE,1.000000,621569,False
759498,788MFL28-N0,788MFL28,,-1.000000,1,,NSE,1.000000,999,False
759500,805MFL30-N0,805MFL30,,-1.000000,1,,NSE,1.000000,999,False
759505,692OIT28-N0,692OIT28,,-1.000000,1,,NSE,1.000000,917,False
759548,666RJ29-SG,666RJ29,,-1.000000,100,,NSE,1.000000,1052600,False
759747,SHIVAUM-EQ,SHIVAUM,,-1.000000,1,,NSE,5.000000,214859,False
759558,91PFL35-N0,91PFL35,,-1.000000,1,,NSE,1.000000,703,False
759795,77NVCL28-N0,77NVCL28,,-1.000000,1,,NSE,1.000000,999,False
759836,712TACA28-N0,712TACA28,,-1.000000,1,,NSE,1.000000,1000,False
759866,364D191126-TB,364D191126,,-1.000000,100,,NSE,1.000000,1020680,False
759880,TENNIND-EQ,TENNIND,,-1.000000,1,,NSE,5.000000,197362,False
759910,724GJ33-SG,724GJ33,,-1.000000,100,,NSE,1.000000,999900,False
759911,754PN34-SG,754PN34,,-1.000000,100,,NSE,1.000000,1000000,False
760007,EXCELSOFT-EQ,EXCELSOFT,,-1.000000,1,,NSE,1.000000,1234047,False
760012,729PN33-SG,729PN33,,-1.000000,100,,NSE,1.000000,1023491,False
760022,748WB44A-SG,748WB44A,,-1.000000,100,,NSE,1.000000,1000000,False
760035,705SFL28A-N0,705SFL28A,,-1.000000,1,,NSE,1.000000,1000,False
760051,GROWWCAPM-EQ,GROWWCAPM,,-1.000000,1,,NSE,1.000000,1369388,False
760061,767HR41-SG,767HR41,,-1.000000,100,,NSE,1.000000,1000000,False
760069,72TN35-SG,72TN35,,-1.000000,100,,NSE,1.000000,1000000,False
760084,756WB42A-SG,756WB42A,,-1.000000,100,,NSE,1.000000,1000000,False
760091,724RJ35-SG,724RJ35,,-1.000000,100,,NSE,1.000000,1000000,False
760125,FABTECH-EQ,FABTECH,,-1.000000,1,,NSE,1.000000,680141,False
760143,CSSL-SM,CSSL,,-1.000000,1000,,NSE,5.000000,786340,False
760148,769AP42A-SG,769AP42A,,-1.000000,100,,NSE,1.000000,999900,False
760178,GAUDIUMIVF-EQ,GAUDIUMIVF,,-1.000000,1,,NSE,1.000000,849204,False
760200,728PHFL28-N0,728PHFL28,,-1.000000,1,,NSE,1.000000,801,False
760242,PNGSREVA-EQ,PNGSREVA,,-1.000000,1,,NSE,5.000000,195040,False
760259,WAKEFIT-EQ,WAKEFIT,,-1.000000,1,,NSE,1.000000,644440,False
760266,737AP34-SG,737AP34,,-1.000000,100,,NSE,1.000000,1000000,False
760269,746KA36-SG,746KA36,,-1.000000,100,,NSE,1.000000,1000000,False
760271,752TS36-SG,752TS36,,-1.000000,100,,NSE,1.000000,1000000,False
760276,724UP33-SG,724UP33,,-1.000000,100,,NSE,1.000000,999979,False
760286,886SCL30-N0,886SCL30,,-1.000000,1,,NSE,1.000000,327,False
760292,762MZ38-SG,762MZ38,,-1.000000,100,,NSE,1.000000,343350,False
760295,748MH45-SG,748MH45,,-1.000000,100,,NSE,1.000000,1000000,False
760370,915APSBC30-N0,915APSBC30,,-1.000000,1,,NSE,1.000000,964,False
760392,RUDRA-EQ,RUDRA,,-1.000000,1,,NSE,1.000000,3281243,False
760469,895PAPL28B-N0,895PAPL28B,,-1.000000,1,,NSE,1.000000,245,False
760479,69RJ29-SG,69RJ29,,-1.000000,100,,NSE,1.000000,1000000,False
760493,88TIAPL29-N0,88TIAPL29,,-1.000000,1,,NSE,1.000000,408,False
760507,765BR33-SG,765BR33,,-1.000000,100,,NSE,1.000000,999900,False
760521,759WB47-SG,759WB47,,-1.000000,100,,NSE,1.000000,1000000,False
760539,729NHPC35-N0,729NHPC35,,-1.000000,1,,NSE,1.000000,654,False
760553,783CIFCL28-N0,783CIFCL28,,-1.000000,1,,NSE,1.000000,1000,False
760558,125VCCL31-N0,125VCCL31,,-1.000000,1,,NSE,1.000000,147,False
760569,75TN37-SG,75TN37,,-1.000000,100,,NSE,1.000000,1000000,False
760581,764WB41-SG,764WB41,,-1.000000,100,,NSE,1.000000,1000000,False
760603,729NHPC40-N0,729NHPC40,,-1.000000,1,,NSE,1.000000,654,False
760607,766MH47-SG,766MH47,,-1.000000,100,,NSE,1.000000,1000000,False
760612,763TN56-SG,763TN56,,-1.000000,100,,NSE,1.000000,1047100,False
760620,752RJ35-SG,752RJ35,,-1.000000,100,,NSE,1.000000,999900,False
760623,668GS2033-GS,668GS2033,,-1.000000,1,,NSE,1.000000,1013100,False
760635,759UK38-SG,759UK38,,-1.000000,100,,NSE,1.000000,1000000,False
760639,773CIFCL31-N0,773CIFCL31,,-1.000000,1,,NSE,1.000000,1000,False
760647,760TOPL29-N0,760TOPL29,,-1.000000,1,,NSE,1.000000,999,False
760656,1225IFL28-N0,1225IFL28,,-1.000000,1,,NSE,1.000000,523,False
760668,765AS38-SG,765AS38,,-1.000000,100,,NSE,1.000000,1000000,False
760720,TIT45-N0,TIT45,,-1.000000,1,,NSE,1.000000,1004,False
760755,767WB44A-SG,767WB44A,,-1.000000,100,,NSE,1.000000,1000000,False
760776,762JK41-SG,762JK41,,-1.000000,100,,NSE,1.000000,1000000,False
760780,364D210127-TB,364D210127,,-1.000000,100,,NSE,1.000000,1028500,False
760794,772JK43A-SG,772JK43A,,-1.000000,100,,NSE,1.000000,1000000,False
760800,690PFCL31-N2,690PFCL31,,-1.000000,1,,NSE,1.000000,964,False
760804,720PFCL36-N6,720PFCL36,,-1.000000,1,,NSE,1.000000,4263,False
760807,PFCL36B-N9,PFCL36B,,-1.000000,1,,NSE,1.000000,871,False
760815,725BACL28-N0,725BACL28,,-1.000000,1,,NSE,1.000000,1000,False
760824,PFCL41A-NE,PFCL41A,,-1.000000,1,,NSE,1.000000,2210,False
760848,771PN38-SG,771PN38,,-1.000000,100,,NSE,1.000000,1000000,False
760874,GROWWHOSPI-EQ,GROWWHOSPI,,-1.000000,1,,NSE,1.000000,1020205,False
760928,NEOCHEM-SM,NEOCHEM,,-1.000000,1200,,NSE,5.000000,559848,False
760937,777BR52-SG,777BR52,,-1.000000,100,,NSE,1.000000,862050,False
760942,BIOPOL-SM,BIOPOL,,-1.000000,1200,,NSE,5.000000,353336,False
760972,BRANDMAN-SM,BRANDMAN,,-1.000000,800,,NSE,5.000000,579703,False
760989,745NBFID36-N0,745NBFID36,,-1.000000,1,,NSE,1.000000,999,False
760991,925ISF29-N0,925ISF29,,-1.000000,1,,NSE,1.000000,3270,False
761008,698GJ31A-SG,698GJ31A,,-1.000000,100,,NSE,1.000000,999900,False
761013,748KA37-SG,748KA37,,-1.000000,100,,NSE,1.000000,1000000,False
761017,772MP45-SG,772MP45,,-1.000000,100,,NSE,1.000000,1000000,False
761116,837IIFL28-Y4,837IIFL28,,-1.000000,1,,NSE,1.000000,28962,False
761208,925ISF28-N0,925ISF28,,-1.000000,1,,NSE,1.000000,3270,False
761299,7545NIIF28-N0,7545NIIF28,,-1.000000,1,,NSE,1.000000,999,False
761337,KOTYARK-BE,KOTYARK,,-1.000000,1,,NSE,1.000000,3106492,False
761330,AEPL-EQ,AEPL,,-1.000000,1,,NSE,1.000000,5810500,False
761384,364D110327-TB,364D110327,,-1.000000,100,,NSE,1.000000,1037600,False
761416,728TN33-SG,728TN33,,-1.000000,100,,NSE,1.000000,1000000,False
761428,830TACA27A-N0,830TACA27A,,-1.000000,1,,NSE,1.000000,1000,False
761435,APSISAERO-ST,APSISAERO,,-1.000000,1200,,NSE,5.000000,163315,False
761452,771KL53-SG,771KL53,,-1.000000,100,,NSE,1.000000,999900,False
761481,364D190327-TB,364D190327,,-1.000000,100,,NSE,1.000000,1036000,False
761506,HSBCGOLD-EQ,HSBCGOLD,,-1.000000,1,,NSE,1.000000,757872,False
761533,975MWL29-N0,975MWL29,,-1.000000,1,,NSE,1.000000,1635,False
761542,ARSIFHRMD-SF,ARSIFHRMD,,-1.000000,1,,NSE,1.000000,3269,False
761548,733RJ31-SG,733RJ31,,-1.000000,100,,NSE,1.000000,1000000,False
761551,725KA31-SG,725KA31,,-1.000000,100,,NSE,1.000000,999980,False
761569,776HR39-SG,776HR39,,-1.000000,100,,NSE,1.000000,1000000,False
761574,788WB44-SG,788WB44,,-1.000000,100,,NSE,1.000000,999900,False
761575,788UP46-SG,788UP46,,-1.000000,100,,NSE,1.000000,1048500,False
761581,CMPDI-EQ,CMPDI,,-1.000000,1,,NSE,1.000000,464100,False
761593,ALSDP-SF,ALSDP,,-1.000000,1,,NSE,1.000000,3269,False
761648,797RJ43-SG,797RJ43,,-1.000000,100,,NSE,1.000000,990000,False
761653,ISIFHLSDG-SF,ISIFHLSDG,,-1.000000,1,,NSE,1.000000,6460247,False
761686,182D081026-TB,182D081026,,-1.000000,100,,NSE,1.000000,1010400,False
761729,AAFS31B-N0,AAFS31B,,-1.000000,1,,NSE,1.000000,694,False
761731,852LDL36-N0,852LDL36,,-1.000000,1,,NSE,1.000000,1000,False
761737,1275DCCL28-N0,1275DCCL28,,-1.000000,1,,NSE,1.000000,490,False
761739,NDR31-N0,NDR31,,-1.000000,1,,NSE,1.000000,999,False
761762,802AP42-SG,802AP42,,-1.000000,100,,NSE,1.000000,1000000,False
761763,807TR43-SG,807TR43,,-1.000000,100,,NSE,1.000000,999955,False
761828,768NIIF31-N0,768NIIF31,,-1.000000,1,,NSE,1.000000,999,False
762403,765SICCL31-N0,765SICCL31,,-1.000000,1,,NSE,1.000000,817,False
762573,BEEKAY-EQ,BEEKAY,,-1.000000,1,,NSE,5.000000,234948,False
762601,BLACKROSE-BE,BLACKROSE,,-1.000000,1,,NSE,1.000000,924681,False
762621,BTTL-BE,BTTL,,-1.000000,1,,NSE,1.000000,1908807,False
762658,ELCIDIN-EQ,ELCIDIN,,-1.000000,1,,NSE,500.000000,935,False
7627,SHREERAMA-EQ,SHREERAMA,,-1.000000,1,,NSE,1.000000,2122141,False
762690,GNRL-EQ,GNRL,,-1.000000,1,,NSE,1.000000,958782,False
762717,INDPRUD-EQ,INDPRUD,,-1.000000,1,,NSE,50.000000,15999,False
762747,KLBRENG-B-EQ,KLBRENG-B,,-1.000000,1,,NSE,5.000000,205327,False
762767,MADHAVIPL-EQ,MADHAVIPL,,-1.000000,1,,NSE,1.000000,8815317,False
762842,PRADPME-BE,PRADPME,,-1.000000,1,,NSE,5.000000,205374,False
762887,SCANSTL-BE,SCANSTL,,-1.000000,1,,NSE,1.000000,1774887,False
762939,TECHNVISN-EQ,TECHNVISN,,-1.000000,1,,NSE,50.000000,20883,False
762978,WPIL-EQ,WPIL,,-1.000000,1,,NSE,5.000000,229721,False
763067,782TS47-SG,782TS47,,-1.000000,100,,NSE,1.000000,1000000,False
763072,763AP34-SG,763AP34,,-1.000000,100,,NSE,1.000000,999900,False
763088,QSIFAARR-SF,QSIFAARR,,-1.000000,1,,NSE,1.000000,6539,False
763149,CITIUSINVT-IV,CITIUSINVT,,-1.000000,1,,NSE,1.000000,865590,False
763288,182D051126-TB,182D051126,,-1.000000,100,,NSE,1.000000,1020000,False
763348,8LMAEL32-N0,8LMAEL32,,-1.000000,1,,NSE,1.000000,999,False
763361,797TACA31-N0,797TACA31,,-1.000000,1,,NSE,1.000000,999,False
763363,BAGMANE-RR,BAGMANE,,-1.000000,1,,NSE,1.000000,918000,False
763373,182D121126-TB,182D121126,,-1.000000,100,,NSE,1.000000,1027440,False
763468,RFBL-ST,RFBL,,-1.000000,3000,,NSE,5.000000,762400,False
763469,774NBFID36-N0,774NBFID36,,-1.000000,1,,NSE,1.000000,1000,False
763494,9189GFL28-N0,9189GFL28,,-1.000000,1,,NSE,1.000000,327,False
763522,791PN41-SG,791PN41,,-1.000000,100,,NSE,1.000000,1052560,False
763536,NFPSAMPOOR-SM,NFPSAMPOOR,,-1.000000,2000,,NSE,5.000000,413135,False
763543,SBISMLETF-EQ,SBISMLETF,,-1.000000,1,,NSE,1.000000,149617,False
763594,QLINE-SM,QLINE,,-1.000000,400,,NSE,5.000000,137683,False
763623,787UK44-SG,787UK44,,-1.000000,100,,NSE,1.000000,999800,False
763645,767NHPCL33-N0,767NHPCL33,,-1.000000,1,,NSE,1.000000,654,False
763647,767NHPCL34-N0,767NHPCL34,,-1.000000,1,,NSE,1.000000,654,False
763655,767NHPCL38-N0,767NHPCL38,,-1.000000,1,,NSE,1.000000,654,False
763693,850HMDA33-N0,850HMDA33,,-1.000000,1,,NSE,1.000000,974,False
763701,850HMDA30-N0,850HMDA30,,-1.000000,1,,NSE,1.000000,999,False
763713,850HMDA40-N0,850HMDA40,,-1.000000,1,,NSE,1.000000,971,False
763732,78TN41-SG,78TN41,,-1.000000,100,,NSE,1.000000,1000000,False
763737,774TN36-SG,774TN36,,-1.000000,100,,NSE,1.000000,1000000,False
763747,855MFL36-N0,855MFL36,,-1.000000,1,,NSE,1.000000,999,False
763749,QSIFHRP-SF,QSIFHRP,,-1.000000,1,,NSE,1.000000,3207,False
763758,717RECL31-N0,717RECL31,,-1.000000,1,,NSE,1.000000,999,False
763821,VMOBILE-SM,VMOBILE,,-1.000000,800,,NSE,5.000000,201759,False
764045,764WB44-SG,764WB44,,-1.000000,100,,NSE,1.000000,999900,False
764111,794GFL28-N0,794GFL28,,-1.000000,1,,NSE,1.000000,817,False
764193,730TMCL29-N0,730TMCL29,,-1.000000,1,,NSE,1.000000,1000,False
764248,77OR44-SG,77OR44,,-1.000000,100,,NSE,1.000000,1000000,False
764279,SIHF29B-N0,SIHF29B,,-1.000000,1,,NSE,1.000000,490,False
764378,EBANK10-EQ,EBANK10,,-1.000000,1,,NSE,1.000000,307292,False
764408,JNPR-EQ,JNPR,,-1.000000,1,,NSE,5.000000,376676,False
764423,762TN41-SG,762TN41,,-1.000000,100,,NSE,1.000000,1000000,False
764427,364D050827-TB,364D050827,,-1.000000,100,,NSE,1.000000,1059800,False
764485,75ALL28-N0,75ALL28,,-1.000000,1,,NSE,1.000000,981,False
764508,765PN43-SG,765PN43,,-1.000000,100,,NSE,1.000000,1000000,False
764523,LEAPIND-EQ,LEAPIND,,-1.000000,1,,NSE,1.000000,692523,False
764548,MOLBIO-EQ,MOLBIO,,-1.000000,1,,NSE,10.000000,69489,False
764558,ACGL-EQ,ACGL,,-1.000000,1,,NSE,10.000000,55997,False
764563,ADDIND-EQ,ADDIND,,-1.000000,1,,NSE,1.000000,353047,False
764603,ARYAMAN-EQ,ARYAMAN,,-1.000000,1,,NSE,5.000000,157471,False
764783,MSL-EQ,MSL,,-1.000000,1,,NSE,1.000000,359051,False
764798,NTCIND-EQ,NTCIND,,-1.000000,1,,NSE,1.000000,474771,False
764813,OPTIFIN-EQ,OPTIFIN,,-1.000000,1,,NSE,1.000000,2443442,False
764845,POEL-EQ,POEL,,-1.000000,1,,NSE,1.000000,710050,False
764890,SHERVANI-EQ,SHERVANI,,-1.000000,1,,NSE,5.000000,84136,False
764915,SIMPLXREA-EQ,SIMPLXREA,,-1.000000,1,,NSE,1.000000,97818,False
764990,VIRAT-EQ,VIRAT,,-1.000000,1,,NSE,5.000000,222192,False
765053,CRSL-BE,CRSL,,-1.000000,1,,NSE,1.000000,13836831,False
765100,LKPSEC-EQ,LKPSEC,,-1.000000,1,,NSE,1.000000,2705533,False
765110,MEDICAPQ-EQ,MEDICAPQ,,-1.000000,1,,NSE,1.000000,407767,False
765140,PANORAMA-EQ,PANORAMA,,-1.000000,1,,NSE,1.000000,1859182,False
765145,PBMPOLY-EQ,PBMPOLY,,-1.000000,1,,NSE,1.000000,224943,False
765180,SUNLOC-EQ,SUNLOC,,-1.000000,1,,NSE,1.000000,335330,False
765195,TOYAMSL-EQ,TOYAMSL,,-1.000000,1,,NSE,1.000000,18894550,False
765200,TRANSCOR-EQ,TRANSCOR,,-1.000000,1,,NSE,1.000000,1046849,False
765268,781SHFL31-N0,781SHFL31,,-1.000000,1,,NSE,1.000000,981,False
765282,SHIPROCKET-EQ,SHIPROCKET,,-1.000000,1,,NSE,1.000000,745767,False
765324,91D191126-TB,91D191126,,-1.000000,100,,NSE,1.000000,1009886,False
765356,HORIZONIND-EQ,HORIZONIND,,-1.000000,1,,NSE,1.000000,1796048,False
765368,FASCINATE-SM,FASCINATE,,-1.000000,800,,NSE,5.000000,449981,False
765382,SHANKESH-EQ,SHANKESH,,-1.000000,1,,NSE,1.000000,987021,False
765392,SILVER001-EQ,SILVER001,,-1.000000,1,,NSE,1.000000,1273730,False
765396,GAJA-EQ,GAJA,,-1.000000,1,,NSE,1.000000,655274,False
765437,747GJ36A-SG,747GJ36A,,-1.000000,100,,NSE,1.000000,1000000,False
765442,91D271126-TB,91D271126,,-1.000000,100,,NSE,1.000000,1013696,False
765497,757RECL36-N0,757RECL36,,-1.000000,1,,NSE,1.000000,999,False
765503,ANNU-BE,ANNU,,-1.000000,1,,NSE,1.000000,1713746,False
765510,SUMAX-ST,SUMAX,,-1.000000,1200,,NSE,5.000000,622042,False
765553,ESDS-EQ,ESDS,,-1.000000,1,,NSE,5.000000,57433,False
765931,DEEPA-EQ,DEEPA,,-1.000000,1,,NSE,1.000000,538007,False
766000,PRANAV-EQ,PRANAV,,-1.000000,1,,NSE,1.000000,806379,False
7672,IMAGICAA-EQ,IMAGICAA,,-1.000000,1,,NSE,1.000000,1910914,False
7679,MONARCH-EQ,MONARCH,,-1.000000,1,,NSE,5.000000,267393,False
7713,718AP40-SG,718AP40,,-1.000000,100,,NSE,1.000000,1000000,False
7715,722AP42-SG,722AP42,,-1.000000,100,,NSE,1.000000,1000000,False
7816,731KA35-SG,731KA35,,-1.000000,100,,NSE,1.000000,1000000,False
7851,RAMCOSYS-EQ,RAMCOSYS,,-1.000000,1,,NSE,5.000000,168188,False
7871,723GA32-SG,723GA32,,-1.000000,100,,NSE,1.000000,327000,False
7908,737KA38-SG,737KA38,,-1.000000,100,,NSE,1.000000,1000000,False
7929,ZYDUSLIFE-EQ,ZYDUSLIFE,,-1.000000,1,,NSE,10.000000,88548,True
8006,732KA34-SG,732KA34,,-1.000000,100,,NSE,1.000000,1000000,False
804,SHIVATEX-EQ,SHIVATEX,,-1.000000,1,,NSE,1.000000,423880,False
8012,721KA32-SG,721KA32,,-1.000000,100,,NSE,1.000000,1000000,False
8013,721RJ32-SG,721RJ32,,-1.000000,100,,NSE,1.000000,999975,False
8054,KTKBANK-EQ,KTKBANK,,-1.000000,1,,NSE,5.000000,312017,False
8122,737AP38-SG,737AP38,,-1.000000,100,,NSE,1.000000,1000000,False
8128,699MH29-SG,699MH29,,-1.000000,100,,NSE,1.000000,999900,False
8134,704TN30A-SG,704TN30A,,-1.000000,100,,NSE,1.000000,1000000,False
8159,FIBERWEB-EQ,FIBERWEB,,-1.000000,1,,NSE,1.000000,941488,False
8187,709AS32-SG,709AS32,,-1.000000,100,,NSE,1.000000,1000000,False
8194,713AP41-SG,713AP41,,-1.000000,100,,NSE,1.000000,1000000,False
8266,SOFTTECH-EQ,SOFTTECH,,-1.000000,1,,NSE,5.000000,221058,False
8284,699PY29-SG,699PY29,,-1.000000,100,,NSE,1.000000,604950,False
8289,709GJ32-SG,709GJ32,,-1.000000,100,,NSE,1.000000,999900,False
8302,713KA39-SG,713KA39,,-1.000000,100,,NSE,1.000000,1000000,False
8308,SGBJAN27-GB,SGBJAN27,,-1.000000,1,,NSE,1.000000,6596,False
8324,712GJ32-SG,712GJ32,,-1.000000,100,,NSE,1.000000,999900,False
838,645HP29-SG,645HP29,,-1.000000,100,,NSE,1.000000,1000000,False
8363,748AP38-SG,748AP38,,-1.000000,100,,NSE,1.000000,1000000,False
857,DHAMPURSUG-EQ,DHAMPURSUG,,-1.000000,1,,NSE,1.000000,611233,False
8546,CHALET-EQ,CHALET,,-1.000000,1,,NSE,5.000000,113876,False
8570,713TN30-SG,713TN30,,-1.000000,100,,NSE,1.000000,1000000,False
8590,74TN42-SG,74TN42,,-1.000000,100,,NSE,1.000000,956900,False
8632,LOWVOL1-EQ,LOWVOL1,,-1.000000,1,,NSE,1.000000,4467103,False
8647,SFMP61DR-MF,SFMP61DR,,-1.000000,1,,NSE,1.000000,2125,False
8683,729GJ32-SG,729GJ32,,-1.000000,100,,NSE,1.000000,1015200,False
87,667RJ30-SG,667RJ30,,-1.000000,100,,NSE,1.000000,999975,False
8699,735SK32-SG,735SK32,,-1.000000,100,,NSE,1.000000,624570,False
8777,H1876D46RQ-MF,H1876D46RQ,,-1.000000,1,,NSE,1.000000,653,False
8954,TTML-EQ,TTML,,-1.000000,1,,NSE,1.000000,2807276,False
9007,NOVARTIND-EQ,NOVARTIND,,-1.000000,1,,NSE,10.000000,41801,False
937,ELGIEQUIP-EQ,ELGIEQUIP,,-1.000000,1,,NSE,5.000000,161623,False
9047,710GS2029-GS,710GS2029,,-1.000000,1,,NSE,1.000000,954100,False
940,PGHL-EQ,PGHL,,-1.000000,1,,NSE,50.000000,18475,False
956,667GS2050-GS,667GS2050,,-1.000000,1,,NSE,1.000000,1069500,False
9450,778AP41-SG,778AP41,,-1.000000,100,,NSE,1.000000,1000000,False
9599,DELHIVERY-EQ,DELHIVERY,,-1.000000,1,,NSE,5.000000,227649,True
9610,ICDSLTD-BE,ICDSLTD,,-1.000000,1,,NSE,1.000000,425973,False
9668,HIKAL-EQ,HIKAL,,-1.000000,1,,NSE,1.000000,444499,False
972,64KA30C-SG,64KA30C,,-1.000000,100,,NSE,1.000000,1000000,False
9725,772RJ35-SG,772RJ35,,-1.000000,100,,NSE,1.000000,1000000,False
985,648AS30-SG,648AS30,,-1.000000,100,,NSE,1.000000,1000000,False
997,659UP30-SG,659UP30,,-1.000000,100,,NSE,1.000000,1000000,False
9916,786AS32-SG,786AS32,,-1.000000,100,,NSE,1.000000,1000000,False
24482,820TFSIL29-N0,820TFSIL29,,-1.000000,1,,NSE,1.000000,408,False
24507,SATIPOLY-ST,SATIPOLY,,-1.000000,500,,NSE,5.000000,161766,False
24549,10157PCP27-N0,10157PCP27,,-1.000000,1,,NSE,1.000000,160,False
24558,801TCL34-N0,801TCL34,,-1.000000,1,,NSE,1.000000,999,False
24560,738PGCIL34-N0,738PGCIL34,,-1.000000,1,,NSE,1.000000,1249,False
24582,SANSTAR-EQ,SANSTAR,,-1.000000,1,,NSE,1.000000,904612,False
24636,830ABHFL34-N0,830ABHFL34,,-1.000000,1,,NSE,1.000000,490,False
24665,724TN30-SG,724TN30,,-1.000000,100,,NSE,1.000000,1000000,False
24723,830SICC27-N0,830SICC27,,-1.000000,1,,NSE,1.000000,999,False
24752,722MH34-SG,722MH34,,-1.000000,100,,NSE,1.000000,999900,False
24781,BSLNIFTY-EQ,BSLNIFTY,,-1.000000,1,,NSE,1.000000,3629484,False
24798,GROWWEV-EQ,GROWWEV,,-1.000000,1,,NSE,1.000000,2989485,False
24821,975SCL28A-N0,975SCL28A,,-1.000000,1,,NSE,1.000000,654,False
24837,727JK49-SG,727JK49,,-1.000000,100,,NSE,1.000000,999990,False
24861,METALIETF-EQ,METALIETF,,-1.000000,1,,NSE,1.000000,7633060,False
24885,721MH35-SG,721MH35,,-1.000000,100,,NSE,1.000000,1047000,False
24893,72MZ31-SG,72MZ31,,-1.000000,100,,NSE,1.000000,294300,False
24905,BRACEPORT-SM,BRACEPORT,,-1.000000,1600,,NSE,5.000000,369549,False
24987,726MP38-SG,726MP38,,-1.000000,100,,NSE,1.000000,1000000,False
24989,726KL39-SG,726KL39,,-1.000000,100,,NSE,1.000000,1000000,False
24992,727RJ42-SG,727RJ42,,-1.000000,100,,NSE,1.000000,1000000,False
24995,723AP46-SG,723AP46,,-1.000000,100,,NSE,1.000000,1000000,False
24997,722MH49-SG,722MH49,,-1.000000,100,,NSE,1.000000,999900,False
25008,723RJ33-SG,723RJ33,,-1.000000,100,,NSE,1.000000,1052600,False
25009,723GA34-SG,723GA34,,-1.000000,100,,NSE,1.000000,490500,False
25017,BODALCHEM-EQ,BODALCHEM,,-1.000000,1,,NSE,1.000000,579972,False
25042,761LIC34-N0,761LIC34,,-1.000000,1,,NSE,1.000000,999,False
25047,774LIC28-N0,774LIC28,,-1.000000,1,,NSE,1.000000,999,False
25049,PREMIERENE-EQ,PREMIERENE,,-1.000000,1,,NSE,10.000000,102376,True
25080,MULTICAP-EQ,MULTICAP,,-1.000000,1,,NSE,1.000000,1709812,False
25134,GALAPREC-EQ,GALAPREC,,-1.000000,1,,NSE,10.000000,96992,False
25171,TOP10ADD-EQ,TOP10ADD,,-1.000000,1,,NSE,1.000000,1168747,False
25208,MYMUDRA-SM,MYMUDRA,,-1.000000,1200,,NSE,5.000000,372511,False
25215,722HP39-SG,722HP39,,-1.000000,100,,NSE,1.000000,999950,False
25235,XTGLOBAL-EQ,XTGLOBAL,,-1.000000,1,,NSE,1.000000,3386355,False
25252,KROSS-EQ,KROSS,,-1.000000,1,,NSE,1.000000,418279,False
25298,AEL120924B-N8,AEL120924B,,-1.000000,1,,NSE,1.000000,11131,False
25323,INNOMET-ST,INNOMET,,-1.000000,600,,NSE,5.000000,353356,False
25357,713TS36-SG,713TS36,,-1.000000,100,,NSE,1.000000,1000000,False
25393,840CIFL27-N0,840CIFL27,,-1.000000,1,,NSE,1.000000,999,False
25412,ENVIRO-SM,ENVIRO,,-1.000000,1000,,NSE,5.000000,614433,False
255,NIRAJ-EQ,NIRAJ,,-1.000000,1,,NSE,1.000000,1952004,False
25466,12VCCL29-N0,12VCCL29,,-1.000000,1,,NSE,1.000000,32,False
25491,707MH32-SG,707MH32,,-1.000000,100,,NSE,1.000000,999900,False
25516,FLEXITUFF-BE,FLEXITUFF,,-1.000000,1,,NSE,1.000000,1073305,False
25548,990SCL27B-N1,990SCL27B,,-1.000000,1,,NSE,1.000000,12835,False
25554,SCL25924C-N1,SCL25924C,,-1.000000,1,,NSE,1.000000,120,False
25558,1015SCL29B-N1,1015SCL29B,,-1.000000,1,,NSE,1.000000,11039,False
25593,79SHFL27-N0,79SHFL27,,-1.000000,1,,NSE,1.000000,999,False
25608,INDOTHAI-EQ,INDOTHAI,,-1.000000,1,,NSE,1.000000,2428825,False
25643,KRN-EQ,KRN,,-1.000000,1,,NSE,10.000000,62709,False
25686,712TS39-SG,712TS39,,-1.000000,100,,NSE,1.000000,999900,False
25702,71KL34-SG,71KL34,,-1.000000,100,,NSE,1.000000,999984,False
25742,878MUTF29-N0,878MUTF29,,-1.000000,1,,NSE,1.000000,999,False
25756,VIKASECO-EQ,VIKASECO,,-1.000000,1,,NSE,1.000000,57836686,False
25770,713AS34A-SG,713AS34A,,-1.000000,100,,NSE,1.000000,999975,False
2584,72RJ46-SG,72RJ46,,-1.000000,100,,NSE,1.000000,1000000,False
25793,805HLICL34-N0,805HLICL34,,-1.000000,1,,NSE,1.000000,1000,False
25827,709KA35-SG,709KA35,,-1.000000,100,,NSE,1.000000,1000000,False
25844,HYUNDAI-EQ,HYUNDAI,,-1.000000,1,,NSE,10.000000,45502,True
25882,MEP-BZ,MEP,,-1.000000,1,,NSE,1.000000,5998685,False
25914,1025UCL26A-N1,1025UCL26A,,-1.000000,1,,NSE,1.000000,22589,False
25927,DANISH-SM,DANISH,,-1.000000,150,,NSE,5.000000,100249,False
2687,POLYPLEX-EQ,POLYPLEX,,-1.000000,1,,NSE,10.000000,88150,False
26074,MIDCPNIFTY,MIDCPNIFTY,,-1.000000,-1,,NSE,0.000000,0,False
27031,875BTL29-N0,875BTL29,,-1.000000,1,,NSE,1.000000,1000,False
2705,PRAJIND-EQ,PRAJIND,,-1.000000,1,,NSE,5.000000,310276,False
27052,SAGILITY-EQ,SAGILITY,,-1.000000,1,,NSE,1.000000,2209587,True
27113,705GJ31-SG,705GJ31,,-1.000000,100,,NSE,1.000000,1000000,False
2716,BUTTERFLY-EQ,BUTTERFLY,,-1.000000,1,,NSE,5.000000,170570,False
27144,BLACKBUCK-EQ,BLACKBUCK,,-1.000000,1,,NSE,5.000000,159135,False
27186,71TN32A-SG,71TN32A,,-1.000000,100,,NSE,1.000000,999945,False
27314,708RJ34-SG,708RJ34,,-1.000000,100,,NSE,1.000000,1000000,False
2744,715RJ31A-SG,715RJ31A,,-1.000000,100,,NSE,1.000000,999999,False
27334,SURAKSHA-EQ,SURAKSHA,,-1.000000,1,,NSE,5.000000,309307,False
27351,GANESHIN-ST,GANESHIN,,-1.000000,800,,NSE,5.000000,984728,False
276,CHEMCON-BE,CHEMCON,,-1.000000,1,,NSE,1.000000,460338,False
275,AUROPHARMA-EQ,AUROPHARMA,,-1.000000,1,,NSE,10.000000,59263,True
27617,710PFCL35-N0,710PFCL35,,-1.000000,1,,NSE,1.000000,999,False
27629,ETML-SM,ETML,,-1.000000,1200,,NSE,5.000000,636881,False
2768,719KA39-SG,719KA39,,-1.000000,100,,NSE,1.000000,1000000,False
27660,704GJ33-SG,704GJ33,,-1.000000,100,,NSE,1.000000,1000000,False
27686,708UP38-SG,708UP38,,-1.000000,100,,NSE,1.000000,999900,False
27839,SAILIFE-EQ,SAILIFE,,-1.000000,1,,NSE,10.000000,62998,False
27951,709IRFC34-N0,709IRFC34,,-1.000000,1,,NSE,1.000000,999,False
28205,711ML33-SG,711ML33,,-1.000000,100,,NSE,1.000000,999998,False
28277,710TS47-SG,710TS47,,-1.000000,100,,NSE,1.000000,1000000,False
2859,RAYMOND-EQ,RAYMOND,,-1.000000,1,,NSE,5.000000,99660,False
28519,803ICPR34-N0,803ICPR34,,-1.000000,1,,NSE,1.000000,999,False
28569,990IIFL27-N0,990IIFL27,,-1.000000,1,,NSE,1.000000,817,False
28574,IDENTICAL-SM,IDENTICAL,,-1.000000,2000,,NSE,5.000000,458648,False
28662,DAMCAPITAL-EQ,DAMCAPITAL,,-1.000000,1,,NSE,1.000000,702053,False
28799,805NIT32-N0,805NIT32,,-1.000000,1,,NSE,1.000000,999,False
28814,715BR34A-SG,715BR34A,,-1.000000,100,,NSE,1.000000,1000000,False
28820,714MP45-SG,714MP45,,-1.000000,100,,NSE,1.000000,1000000,False
28827,716UP39-SG,716UP39,,-1.000000,100,,NSE,1.000000,999900,False
28847,VENTIVE-EQ,VENTIVE,,-1.000000,1,,NSE,5.000000,173988,False
28906,MAYURUNIQ-EQ,MAYURUNIQ,,-1.000000,1,,NSE,5.000000,135094,False
2892,INTERISE-IV,INTERISE,,-1.000000,25000,,NSE,1.000000,932958,False
28932,98SCL34Z-N1,98SCL34Z,,-1.000000,1,,NSE,1.000000,4,False
28960,UNIMECH-EQ,UNIMECH,,-1.000000,1,,NSE,10.000000,62096,False
28967,102CCSP27A-N0,102CCSP27A,,-1.000000,1,,NSE,1.000000,114,False
28977,87HFL27-N0,87HFL27,,-1.000000,1,,NSE,1.000000,212,False
28979,87HFL26-N0,87HFL26,,-1.000000,1,,NSE,1.000000,999,False
28995,717AP39-SG,717AP39,,-1.000000,100,,NSE,1.000000,1000000,False
29052,710KA33-SG,710KA33,,-1.000000,100,,NSE,1.000000,999954,False
29071,711TS55-SG,711TS55,,-1.000000,100,,NSE,1.000000,1000000,False
29121,722BR40-SG,722BR40,,-1.000000,100,,NSE,1.000000,1000000,False
29132,722BR35-SG,722BR35,,-1.000000,100,,NSE,1.000000,1000000,False
29149,NAVKARURB-BE,NAVKARURB,,-1.000000,1,,NSE,1.000000,36692356,False
29164,SWANDEF-BE,SWANDEF,,-1.000000,1,,NSE,10.000000,36614,False
29169,770SUNF28-N0,770SUNF28,,-1.000000,1,,NSE,1.000000,1000,False
29202,806TFSIL28-N0,806TFSIL28,,-1.000000,1,,NSE,1.000000,1000,False
29249,900CIFL35-N0,900CIFL35,,-1.000000,1,,NSE,1.000000,1000,False
2925,683WB31-SG,683WB31,,-1.000000,100,,NSE,1.000000,1000000,False
29305,766LICH29-N0,766LICH29,,-1.000000,1,,NSE,1.000000,999,False
29312,751HUDCO28-N5,751HUDCO28,,-1.000000,1,,NSE,1.000000,93618,False
29323,734IRFC28-N4,734IRFC28,,-1.000000,1,,NSE,1.000000,91806,False
2947,888REC29-NF,888REC29,,-1.000000,1,,NSE,1.000000,87257,False
29459,MOSCHIP-EQ,MOSCHIP,,-1.000000,1,,NSE,1.000000,475448,False
29500,711KA35A-SG,711KA35A,,-1.000000,100,,NSE,1.000000,1000000,False
29516,719TS46-SG,719TS46,,-1.000000,100,,NSE,1.000000,1000000,False
29522,718TS49-SG,718TS49,,-1.000000,100,,NSE,1.000000,1000000,False
29539,725PFCL45-N0,725PFCL45,,-1.000000,1,,NSE,1.000000,999,False
29566,718BR45-SG,718BR45,,-1.000000,100,,NSE,1.000000,1000000,False
29666,HEXT-EQ,HEXT,,-1.000000,1,,NSE,5.000000,201024,False
297,683GJ30-SG,683GJ30,,-1.000000,100,,NSE,1.000000,1026600,False
29709,713KA34A-SG,713KA34A,,-1.000000,100,,NSE,1.000000,1000000,False
29731,GUJTHEM-EQ,GUJTHEM,,-1.000000,1,,NSE,5.000000,236563,False
2979,ORTINGLOBE-EQ,ORTINGLOBE,,-1.000000,1,,NSE,1.000000,265896,False
29913,716KA32-SG,716KA32,,-1.000000,100,,NSE,1.000000,1000000,False
29920,717RJ35-SG,717RJ35,,-1.000000,100,,NSE,1.000000,1000000,False
29923,72AP36-SG,72AP36,,-1.000000,100,,NSE,1.000000,1000000,False
29930,718MH39-SG,718MH39,,-1.000000,100,,NSE,1.000000,1000000,False
29954,735NHB32-N0,735NHB32,,-1.000000,1,,NSE,1.000000,999,False
29969,744PFCL30-N0,744PFCL30,,-1.000000,1,,NSE,1.000000,999,False
29989,727UP41-SG,727UP41,,-1.000000,100,,NSE,1.000000,999900,False
30051,ROADSTAR-IV,ROADSTAR,,-1.000000,25000,,NSE,1.000000,999772,False
30072,722JK32-SG,722JK32,,-1.000000,100,,NSE,1.000000,981000,False
30079,723TS53-SG,723TS53,,-1.000000,100,,NSE,1.000000,1000000,False
30177,702TN29A-SG,702TN29A,,-1.000000,100,,NSE,1.000000,1000000,False
30189,CURAA-EQ,CURAA,,-1.000000,1,,NSE,1.000000,323730,False
30414,687TN28-SG,687TN28,,-1.000000,100,,NSE,1.000000,1000000,False
30415,692TN29-SG,692TN29,,-1.000000,100,,NSE,1.000000,1000000,False
30419,699TN31-SG,699TN31,,-1.000000,100,,NSE,1.000000,1000000,False
306,69ML30-SG,69ML30,,-1.000000,100,,NSE,1.000000,817500,False
3067,68UK31-SG,68UK31,,-1.000000,100,,NSE,1.000000,1000000,False
30424,704AP33-SG,704AP33,,-1.000000,100,,NSE,1.000000,1000000,False
30440,708HR39-SG,708HR39,,-1.000000,100,,NSE,1.000000,1000000,False
3070,68KL31-SG,68KL31,,-1.000000,100,,NSE,1.000000,1000000,False
30723,822ABHFL29-N0,822ABHFL29,,-1.000000,1,,NSE,1.000000,1000,False
31043,ISIFAAFDG-SF,ISIFAAFDG,,-1.000000,1,,NSE,1.000000,4234992,False
3147,SIEL-EQ,SIEL,,-1.000000,1,,NSE,1.000000,452895,False
31762,866NTPC33-N3,866NTPC33,,-1.000000,1,,NSE,1.000000,79866,False
31927,738RECL29-N0,738RECL29,,-1.000000,1,,NSE,1.000000,999,False
32,679MP33-SG,679MP33,,-1.000000,100,,NSE,1.000000,1000000,False
321,705HR40-SG,705HR40,,-1.000000,100,,NSE,1.000000,999900,False
324,ANGELONE-EQ,ANGELONE,,-1.000000,1,,NSE,5.000000,326979,True
3325,MODISONLTD-BE,MODISONLTD,,-1.000000,1,,NSE,5.000000,198756,False
34,ADOR-EQ,ADOR,,-1.000000,1,,NSE,10.000000,62354,False
3375,SURYAROSNI-EQ,SURYAROSNI,,-1.000000,1,,NSE,1.000000,466611,False
3387,SMLMAH-EQ,SMLMAH,,-1.000000,1,,NSE,50.000000,15180,False
35,677KA34-SG,677KA34,,-1.000000,100,,NSE,1.000000,1000000,False
3428,77IGT28-NE,77IGT28,,-1.000000,1,,NSE,1.000000,32838,False
3442,749IGT28-NG,749IGT28,,-1.000000,1,,NSE,1.000000,154,False
3481,THOMASCOOK-EQ,THOMASCOOK,,-1.000000,1,,NSE,1.000000,920534,False
350,BANARISUG-EQ,BANARISUG,,-1.000000,1,,NSE,10.000000,28427,False
3518,TORNTPHARM-EQ,TORNTPHARM,,-1.000000,1,,NSE,50.000000,19779,True
3574,687MH33A-SG,687MH33A,,-1.000000,100,,NSE,1.000000,1000000,False
3577,698TS41-SG,698TS41,,-1.000000,100,,NSE,1.000000,1000000,False
3659,678MH31-SG,678MH31,,-1.000000,100,,NSE,1.000000,1016200,False
3707,686MH32-SG,686MH32,,-1.000000,100,,NSE,1.000000,1000000,False
3718,VOLTAS-EQ,VOLTAS,,-1.000000,1,,NSE,10.000000,85699,True
3722,703TN51-SG,703TN51,,-1.000000,100,,NSE,1.000000,999900,False
3750,672GJ30-SG,672GJ30,,-1.000000,100,,NSE,1.000000,999900,False
3755,681PN31-SG,681PN31,,-1.000000,100,,NSE,1.000000,1000000,False
3761,RITES-EQ,RITES,,-1.000000,1,,NSE,1.000000,477720,False
381,SINTERCOM-EQ,SINTERCOM,,-1.000000,1,,NSE,1.000000,900159,False
385,MAHLOG-EQ,MAHLOG,,-1.000000,1,,NSE,5.000000,251727,False
3799,WSTCSTPAPR-EQ,WSTCSTPAPR,,-1.000000,1,,NSE,5.000000,140089,False
3972,PARASPETRO-EQ,PARASPETRO,,-1.000000,1,,NSE,1.000000,10929026,False
3987,GREENPLY-EQ,GREENPLY,,-1.000000,1,,NSE,5.000000,344479,False
4007,CORALFINAC-EQ,CORALFINAC,,-1.000000,1,,NSE,1.000000,1317882,False
4041,JAYAGROGN-EQ,JAYAGROGN,,-1.000000,1,,NSE,1.000000,409590,False
4064,CUBEXTUB-EQ,CUBEXTUB,,-1.000000,1,,NSE,1.000000,468230,False
4176,ZENITHEXPO-EQ,ZENITHEXPO,,-1.000000,1,,NSE,1.000000,176457,False
4229,ZFSTEERING-EQ,ZFSTEERING,,-1.000000,1,,NSE,5.000000,130755,False
431,691AS30-SG,691AS30,,-1.000000,100,,NSE,1.000000,1000000,False
4235,WENDT-EQ,WENDT,,-1.000000,1,,NSE,50.000000,11346,False
4344,PUNJABCHEM-EQ,PUNJABCHEM,,-1.000000,1,,NSE,10.000000,93867,False
4395,GS220261P-GS,GS220261P,,-1.000000,100,,NSE,1.000000,1635000,False
4487,ALKYLAMINE-EQ,ALKYLAMINE,,-1.000000,1,,NSE,10.000000,53496,False
4517,SIGIND-BE,SIGIND,,-1.000000,1,,NSE,1.000000,962589,False
472,709WB40-SG,709WB40,,-1.000000,100,,NSE,1.000000,999900,False
4566,RUCHINFRA-EQ,RUCHINFRA,,-1.000000,1,,NSE,1.000000,7718015,False
4749,CONCOR-EQ,CONCOR,,-1.000000,1,,NSE,5.000000,199543,True
4755,683TN31-SG,683TN31,,-1.000000,100,,NSE,1.000000,1000000,False
4784,707HR37-SG,707HR37,,-1.000000,100,,NSE,1.000000,1000000,False
4843,SNOWMAN-EQ,SNOWMAN,,-1.000000,1,,NSE,1.000000,2784688,False
4889,694UP31A-SG,694UP31A,,-1.000000,100,,NSE,1.000000,1000000,False
4898,FDC-EQ,FDC,,-1.000000,1,,NSE,5.000000,292732,False
4930,96SFIL24A-NB,96SFIL24A,,-1.000000,1,,NSE,1.000000,4053,False
498,903SFL28-YI,903SFL28,,-1.000000,1,,NSE,1.000000,16326,False
4957,GANGAFORGE-EQ,GANGAFORGE,,-1.000000,1,,NSE,1.000000,11020082,False
4981,KESORAMIND-BE,KESORAMIND,,-1.000000,1,,NSE,1.000000,8326096,False
5027,699GA31A-SG,699GA31A,,-1.000000,100,,NSE,1.000000,327000,False
5033,695GJ31-SG,695GJ31,,-1.000000,100,,NSE,1.000000,1000000,False
5038,699UP31-SG,699UP31,,-1.000000,100,,NSE,1.000000,1000000,False
509,MAZDOCK-EQ,MAZDOCK,,-1.000000,1,,NSE,10.000000,42354,True
5114,SGIL-EQ,SGIL,,-1.000000,1,,NSE,5.000000,168859,False
5143,JAICORPLTD-EQ,JAICORPLTD,,-1.000000,1,,NSE,1.000000,1044430,False
5217,IIFLZC28C-N6,IIFLZC28C,,-1.000000,1,,NSE,1.000000,13170,False
5234,714AP37-SG,714AP37,,-1.000000,100,,NSE,1.000000,1028400,False
5309,REXPIPES-SM,REXPIPES,,-1.000000,1000,,NSE,5.000000,309015,False
5333,699GA31B-SG,699GA31B,,-1.000000,100,,NSE,1.000000,327000,False
5334,698GJ31-SG,698GJ31,,-1.000000,100,,NSE,1.000000,999900,False
5342,71JK33A-SG,71JK33A,,-1.000000,100,,NSE,1.000000,1052600,False
5414,643MH27-SG,643MH27,,-1.000000,100,,NSE,1.000000,1000000,False
5416,697AS31-SG,697AS31,,-1.000000,100,,NSE,1.000000,999960,False
5460,PARIN-SM,PARIN,,-1.000000,250,,NSE,5.000000,145534,False
5527,705AP35-SG,705AP35,,-1.000000,100,,NSE,1.000000,1000000,False
5570,702ML41-SG,702ML41,,-1.000000,100,,NSE,1.000000,327000,False
559,BSL-EQ,BSL,,-1.000000,1,,NSE,1.000000,336553,False
578,LIKHITHA-EQ,LIKHITHA,,-1.000000,1,,NSE,1.000000,460657,False
5650,SHANTI-EQ,SHANTI,,-1.000000,1,,NSE,1.000000,363166,False
5678,691MH33-SG,691MH33,,-1.000000,100,,NSE,1.000000,1041600,False
5697,698WB36-SG,698WB36,,-1.000000,100,,NSE,1.000000,1000000,False
595,CARBORUNIV-EQ,CARBORUNIV,,-1.000000,1,,NSE,10.000000,92960,False
5851,BANKNIFTY1-EQ,BANKNIFTY1,,-1.000000,1,,NSE,1.000000,1703251,False
5891,699KL36-SG,699KL36,,-1.000000,100,,NSE,1.000000,999900,False
5938,MONTECARLO-EQ,MONTECARLO,,-1.000000,1,,NSE,5.000000,180016,False
6001,705WB36-SG,705WB36,,-1.000000,100,,NSE,1.000000,1000000,False
6062,LICNETFGSC-EQ,LICNETFGSC,,-1.000000,1,,NSE,1.000000,3411264,False
6068,AIROLAM-EQ,AIROLAM,,-1.000000,1,,NSE,1.000000,490565,False
6115,714AP41A-SG,714AP41A,,-1.000000,100,,NSE,1.000000,1000000,False
6200,875IIFL26-NM,875IIFL26,,-1.000000,1,,NSE,1.000000,44499,False
6317,663HR28-SG,663HR28,,-1.000000,100,,NSE,1.000000,999900,False
6351,702AP36-SG,702AP36,,-1.000000,100,,NSE,1.000000,1000000,False
6353,NIFTYETF-EQ,NIFTYETF,,-1.000000,1,,NSE,1.000000,391617,False
6489,IRIS-EQ,IRIS,,-1.000000,1,,NSE,1.000000,407498,False
6556,694AS31-SG,694AS31,,-1.000000,100,,NSE,1.000000,1000000,False
6592,NIDAN-SM,NIDAN,,-1.000000,1000,,NSE,5.000000,454530,False
6643,SJS-EQ,SJS,,-1.000000,1,,NSE,10.000000,42470,False
6663,SIGACHI-EQ,SIGACHI,,-1.000000,1,,NSE,1.000000,2636225,False
6713,MOLDTKPAC-EQ,MOLDTKPAC,,-1.000000,1,,NSE,5.000000,147817,False
6792,SBC-EQ,SBC,,-1.000000,1,,NSE,1.000000,2069045,False
6878,686HP30-SG,686HP30,,-1.000000,100,,NSE,1.000000,1000000,False
6880,693HP32-SG,693HP32,,-1.000000,100,,NSE,1.000000,1000000,False
694,CIPLA-EQ,CIPLA,,-1.000000,1,,NSE,10.000000,72706,True
6987,607RJ26-SG,607RJ26,,-1.000000,100,,NSE,1.000000,1000000,False
7011,897GS2030-GS,897GS2030,,-1.000000,1,,NSE,1.000000,891000,False
7034,83GS2042-GS,83GS2042,,-1.000000,1,,NSE,1.000000,898953,False
7038,604AS26-SG,604AS26,,-1.000000,100,,NSE,1.000000,1000000,False
7048,HESTERBIO-EQ,HESTERBIO,,-1.000000,1,,NSE,10.000000,44150,False
7050,666TN29-SG,666TN29,,-1.000000,100,,NSE,1.000000,1000000,False
7083,STARHEALTH-EQ,STARHEALTH,,-1.000000,1,,NSE,5.000000,177706,False
7105,TEGA-EQ,TEGA,,-1.000000,1,,NSE,10.000000,57773,False
7106,824GS2033-GS,824GS2033,,-1.000000,1,,NSE,1.000000,890205,False
7142,761GS2030-GS,761GS2030,,-1.000000,1,,NSE,1.000000,935000,False
7296,698GA31-SG,698GA31,,-1.000000,100,,NSE,1.000000,654000,False
7314,696UP31-SG,696UP31,,-1.000000,100,,NSE,1.000000,1000000,False
7376,HPAL-EQ,HPAL,,-1.000000,1,,NSE,1.000000,2665929,False
7422,MONQ50-EQ,MONQ50,,-1.000000,1,,NSE,1.000000,462204,False
750174,VAML-EQ,VAML,,-1.000000,1,,NSE,5.000000,234623,False
750518,VEDPOWER-EQ,VEDPOWER,,-1.000000,1,,NSE,1.000000,2971894,False
7513,70GA31A-SG,70GA31A,,-1.000000,100,,NSE,1.000000,327000,False
7531,703RJ31-SG,703RJ31,,-1.000000,100,,NSE,1.000000,999900,False
751653,QMSMEDI-BE,QMSMEDI,,-1.000000,1,,NSE,1.000000,632334,False
753690,728AP32-SG,728AP32,,-1.000000,100,,NSE,1.000000,1052600,False
753729,757RJ35-SG,757RJ35,,-1.000000,100,,NSE,1.000000,999960,False
753748,762UK35-SG,762UK35,,-1.000000,100,,NSE,1.000000,999999,False
753799,364D170627-TB,364D170627,,-1.000000,100,,NSE,1.000000,1055340,False
7548,712WB36-SG,712WB36,,-1.000000,100,,NSE,1.000000,1000000,False
755612,743GJ35-SG,743GJ35,,-1.000000,100,,NSE,1.000000,999900,False
755720,776UP41-SG,776UP41,,-1.000000,100,,NSE,1.000000,1000000,False
755742,777HP49-SG,777HP49,,-1.000000,100,,NSE,1.000000,1011120,False
755879,875CIFL32-N0,875CIFL32,,-1.000000,1,,NSE,1.000000,1000,False
755950,8016ABCL29-NB,8016ABCL29,,-1.000000,1,,NSE,1.000000,999,False
755953,8034ABCL34-NE,8034ABCL34,,-1.000000,1,,NSE,1.000000,327,False
756025,759LTFL28-N0,759LTFL28,,-1.000000,1,,NSE,1.000000,1000,False
756031,815ANN31-N0,815ANN31,,-1.000000,1,,NSE,1.000000,40,False
756069,950ISF27A-N0,950ISF27A,,-1.000000,1,,NSE,1.000000,163,False
756086,GROWWMOM50-EQ,GROWWMOM50,,-1.000000,1,,NSE,1.000000,893229,False
756098,675TR40-SG,675TR40,,-1.000000,100,,NSE,1.000000,1000000,False
756102,679HP34-SG,679HP34,,-1.000000,100,,NSE,1.000000,1000000,False
756143,935IIFL28-NZ,935IIFL28,,-1.000000,1,,NSE,1.000000,7687,False
756324,NPST-EQ,NPST,,-1.000000,1,,NSE,10.000000,59299,False
756333,995CCSP27-N0,995CCSP27,,-1.000000,1,,NSE,1.000000,163,False
756705,673HPCL30-N0,673HPCL30,,-1.000000,1,,NSE,1.000000,1000,False
756769,73064ABH28-N0,73064ABH28,,-1.000000,1,,NSE,1.000000,1000,False
756812,665GJ37-SG,665GJ37,,-1.000000,100,,NSE,1.000000,1000000,False
756838,930PFL27A-N0,930PFL27A,,-1.000000,1,,NSE,1.000000,1000,False
756878,7IREDAL30-N0,7IREDAL30,,-1.000000,1,,NSE,1.000000,999,False
756896,ARUNAYA-SM,ARUNAYA,,-1.000000,2000,,NSE,5.000000,573506,False
756909,678AP33-SG,678AP33,,-1.000000,100,,NSE,1.000000,1000000,False
756915,688PN46-SG,688PN46,,-1.000000,100,,NSE,1.000000,999960,False
756925,PRIMO-EQ,PRIMO,,-1.000000,1,,NSE,1.000000,4217499,False
756954,915PFL27-N0,915PFL27,,-1.000000,1,,NSE,1.000000,999,False
756958,MONOLITH-SM,MONOLITH,,-1.000000,250,,NSE,5.000000,69794,False
757096,AONENIFTY-EQ,AONENIFTY,,-1.000000,1,,NSE,1.000000,693285,False
757099,MOMGF-EQ,MOMGF,,-1.000000,1,,NSE,1.000000,3270,False
757107,DCCL-SM,DCCL,,-1.000000,2000,,NSE,5.000000,466825,False
757170,930APMD32-N0,930APMD32,,-1.000000,1,,NSE,1.000000,947,False
757382,664ML35-SG,664ML35,,-1.000000,100,,NSE,1.000000,1000000,False
757383,664RJ35-SG,664RJ35,,-1.000000,100,,NSE,1.000000,1000000,False
757399,661AP34-SG,661AP34,,-1.000000,100,,NSE,1.000000,1000000,False
757413,1025VCCL28-N0,1025VCCL28,,-1.000000,1,,NSE,1.000000,196,False
757434,705AP39-SG,705AP39,,-1.000000,100,,NSE,1.000000,1000000,False
757453,778ABSL35-N0,778ABSL35,,-1.000000,1,,NSE,1.000000,654,False
757460,865SCL27-N4,865SCL27,,-1.000000,1,,NSE,1.000000,8324,False
757458,9SCL27-N2,9SCL27,,-1.000000,1,,NSE,1.000000,3407,False
757459,842SCL27-N3,842SCL27,,-1.000000,1,,NSE,1.000000,1962,False
757467,SCL010825-NB,SCL010825,,-1.000000,1,,NSE,1.000000,32,False
757470,902SCL30-NE,902SCL30,,-1.000000,1,,NSE,1.000000,1144,False
757483,667NBFID30-N0,667NBFID30,,-1.000000,1,,NSE,1.000000,999,False
757654,714MH45-SG,714MH45,,-1.000000,100,,NSE,1.000000,1000000,False
757663,880IIFL26-N0,880IIFL26,,-1.000000,1,,NSE,1.000000,163,False
757665,WHITEFORCE-SM,WHITEFORCE,,-1.000000,1600,,NSE,5.000000,379333,False
757712,71MN40-SG,71MN40,,-1.000000,100,,NSE,1.000000,817500,False
757729,649OR30-SG,649OR30,,-1.000000,100,,NSE,1.000000,1000000,False
757733,686AS35-SG,686AS35,,-1.000000,100,,NSE,1.000000,999990,False
757750,706RJ38-SG,706RJ38,,-1.000000,100,,NSE,1.000000,1000000,False
757761,749RCFL28-N0,749RCFL28,,-1.000000,1,,NSE,1.000000,981,False
757810,MMEL-SM,MMEL,,-1.000000,2000,,NSE,5.000000,614967,False
757832,717KL51-SG,717KL51,,-1.000000,100,,NSE,1.000000,1000000,False
757836,RMDRIP-BE,RMDRIP,,-1.000000,1,,NSE,1.000000,4245886,False
757848,985CCSP27-N0,985CCSP27,,-1.000000,1,,NSE,1.000000,196,False
757876,AEL170725A-NG,AEL170725A,,-1.000000,1,,NSE,1.000000,10744,False
757890,975ISF28-N0,975ISF28,,-1.000000,1,,NSE,1.000000,654,False
757892,111ESFB31-N0,111ESFB31,,-1.000000,1,,NSE,1.000000,212,False
757926,707WB37-SG,707WB37,,-1.000000,100,,NSE,1.000000,1000000,False
758121,PERFECT-SZ,PERFECT,,-1.000000,3000,,NSE,5.000000,572111,False
757965,SMARTWORKS-EQ,SMARTWORKS,,-1.000000,1,,NSE,5.000000,188303,False
758139,920SCL28-N0,920SCL28,,-1.000000,1,,NSE,1.000000,163,False
758185,BLUEWATER-ST,BLUEWATER,,-1.000000,1000,,NSE,5.000000,218570,False
758200,627TN29-SG,627TN29,,-1.000000,100,,NSE,1.000000,1000000,False
758202,684JK31A-SG,684JK31A,,-1.000000,100,,NSE,1.000000,999984,False
758338,12VCCL27D-N0,12VCCL27D,,-1.000000,1,,NSE,1.000000,81,False
758440,640NHPCL27-N0,640NHPCL27,,-1.000000,1,,NSE,1.000000,1000,False
758444,SAWALIYA-SM,SAWALIYA,,-1.000000,600,,NSE,5.000000,324325,False
758496,SBILIQETF-EQ,SBILIQETF,,-1.000000,1,,NSE,1.000000,3201,False
758558,KALPATARU-EQ,KALPATARU,,-1.000000,1,,NSE,5.000000,375381,False
758568,SHKSIL-SM,SHKSIL,,-1.000000,2000,,NSE,5.000000,627547,False
758598,TVSINVIT-IV,TVSINVIT,,-1.000000,25000,,NSE,1.000000,840269,False
758675,EFCIL-EQ,EFCIL,,-1.000000,1,,NSE,1.000000,540003,False
758680,REGAAL-EQ,REGAAL,,-1.000000,1,,NSE,1.000000,1194571,False
758705,LTGILTCASE-EQ,LTGILTCASE,,-1.000000,1,,NSE,1.000000,1308035,False
758713,713AS31-SG,713AS31,,-1.000000,100,,NSE,1.000000,667174,False
758842,GENSOL-BZ,GENSOL,,-1.000000,1,,NSE,1.000000,1242679,False
758716,725GJ34-SG,725GJ34,,-1.000000,100,,NSE,1.000000,1000000,False
758748,MEIL-EQ,MEIL,,-1.000000,1,,NSE,5.000000,354466,False
758819,73RJ51-SG,73RJ51,,-1.000000,100,,NSE,1.000000,999900,False
758843,674MH29-SG,674MH29,,-1.000000,100,,NSE,1.000000,1040100,False
758844,702BR30A-SG,702BR30A,,-1.000000,100,,NSE,1.000000,1000000,False
758885,751JK45-SG,751JK45,,-1.000000,100,,NSE,1.000000,981000,False
758903,OPTIVALUE-ST,OPTIVALUE,,-1.000000,1600,,NSE,5.000000,525328,False
758898,VIGOR-SM,VIGOR,,-1.000000,1600,,NSE,5.000000,338500,False
758922,772TS63-SG,772TS63,,-1.000000,100,,NSE,1.000000,999900,False
758936,778KL45-SG,778KL45,,-1.000000,100,,NSE,1.000000,1000000,False
759033,744MP46-SG,744MP46,,-1.000000,100,,NSE,1.000000,999900,False
759048,GKENERGY-EQ,GKENERGY,,-1.000000,1,,NSE,1.000000,782063,False
759079,DEVX-EQ,DEVX,,-1.000000,1,,NSE,1.000000,2936776,False
759093,SHRINGARMS-EQ,SHRINGARMS,,-1.000000,1,,NSE,1.000000,460173,False
759184,739GA35-SG,739GA35,,-1.000000,100,,NSE,1.000000,327000,False
759194,747AS45-SG,747AS45,,-1.000000,100,,NSE,1.000000,999900,False
759205,JKIPL-EQ,JKIPL,,-1.000000,1,,NSE,1.000000,1091198,False
759221,735HR39-SG,735HR39,,-1.000000,100,,NSE,1.000000,1000000,False
759224,ASIFDG-SF,ASIFDG,,-1.000000,1,,NSE,1.000000,1946533,False
759239,FINKURVE-EQ,FINKURVE,,-1.000000,1,,NSE,1.000000,1379437,False
759256,BMWVENTLTD-EQ,BMWVENTLTD,,-1.000000,1,,NSE,1.000000,1850064,False
759261,GURUNANAK-SM,GURUNANAK,,-1.000000,1600,,NSE,5.000000,392400,False
759283,12AFIL28-N0,12AFIL28,,-1.000000,1,,NSE,1.000000,981,False
759285,QSIFHDG-SF,QSIFHDG,,-1.000000,1,,NSE,1.000000,402189,False
759289,960SCL35-N0,960SCL35,,-1.000000,1,,NSE,1.000000,294,False
759305,658TN29-SG,658TN29,,-1.000000,100,,NSE,1.000000,1000000,False
759308,707GJ34A-SG,707GJ34A,,-1.000000,100,,NSE,1.000000,1000000,False
759316,RUBICON-EQ,RUBICON,,-1.000000,1,,NSE,10.000000,54410,False
759328,756WB45-SG,756WB45,,-1.000000,100,,NSE,1.000000,999900,False
759338,744TS56-SG,744TS56,,-1.000000,100,,NSE,1.000000,1000000,False
759358,SYSTMTXC-BE,SYSTMTXC,,-1.000000,1,,NSE,1.000000,1380535,False
759374,MOENERGY-EQ,MOENERGY,,-1.000000,1,,NSE,1.000000,536280,False
759444,1215DHPL27-N0,1215DHPL27,,-1.000000,1,,NSE,1.000000,1000,False
759453,VIKRAMSOLR-EQ,VIKRAMSOLR,,-1.000000,1,,NSE,1.000000,598971,False
759458,GROWWNXT50-EQ,GROWWNXT50,,-1.000000,1,,NSE,1.000000,41206,False
759494,975PCPL27-N0,975PCPL27,,-1.000000,1,,NSE,1.000000,245,False
759574,710PFCL40-N0,710PFCL40,,-1.000000,1,,NSE,1.000000,999,False
759735,701TN32-SG,701TN32,,-1.000000,100,,NSE,1.000000,1000000,False
759762,850KGEL30-N0,850KGEL30,,-1.000000,1,,NSE,1.000000,1169,False
759838,73TACA30-N0,73TACA30,,-1.000000,1,,NSE,1.000000,999,False
759907,677MH30-SG,677MH30,,-1.000000,100,,NSE,1.000000,999925,False
759929,SOLARWORLD-EQ,SOLARWORLD,,-1.000000,1,,NSE,1.000000,706728,False
759974,888ECL28-N1,888ECL28,,-1.000000,1,,NSE,1.000000,13381,False
759949,714SECIL35-N0,714SECIL35,,-1.000000,1,,NSE,1.000000,999,False
759964,ECOLINE-ST,ECOLINE,,-1.000000,1000,,NSE,5.000000,596997,False
760021,746TS42A-SG,746TS42A,,-1.000000,100,,NSE,1.000000,1000000,False
760049,115VCCL28-N0,115VCCL28,,-1.000000,1,,NSE,1.000000,65,False
760054,MOMNC-EQ,MOMNC,,-1.000000,1,,NSE,1.000000,24525,False
760073,JAYKAY-EQ,JAYKAY,,-1.000000,1,,NSE,1.000000,604792,False
760080,0IRFC35-N0,0IRFC35,,-1.000000,1,,NSE,1.000000,999,False
760085,759AP44-SG,759AP44,,-1.000000,100,,NSE,1.000000,1000000,False
760089,752TS52-SG,752TS52,,-1.000000,100,,NSE,1.000000,999900,False
760092,74BR35-SG,74BR35,,-1.000000,100,,NSE,1.000000,999970,False
760100,364D031226-TB,364D031226,,-1.000000,100,,NSE,1.000000,1012520,False
760116,GLOTTIS-EQ,GLOTTIS,,-1.000000,1,,NSE,1.000000,1693746,False
760121,VIJAYPD-SM,VIJAYPD,,-1.000000,2000,,NSE,5.000000,638588,False
760131,739TPL28-N0,739TPL28,,-1.000000,1,,NSE,1.000000,817,False
760162,77AP47-SG,77AP47,,-1.000000,100,,NSE,1.000000,1000000,False
760229,MEESHO-EQ,MEESHO,,-1.000000,1,,NSE,1.000000,459830,False
760250,729NHPC32-N0,729NHPC32,,-1.000000,1,,NSE,1.000000,654,False
760268,744AP35-SG,744AP35,,-1.000000,100,,NSE,1.000000,1000000,False
760290,76BR37-SG,76BR37,,-1.000000,100,,NSE,1.000000,999900,False
760291,765JK37-SG,765JK37,,-1.000000,100,,NSE,1.000000,1000000,False
760310,705SFL28-N0,705SFL28,,-1.000000,1,,NSE,1.000000,999,False
760335,714PY30-SG,714PY30,,-1.000000,100,,NSE,1.000000,490500,False
760368,915APSBC29-N0,915APSBC29,,-1.000000,1,,NSE,1.000000,970,False
760397,975PCPL28-N0,975PCPL28,,-1.000000,1,,NSE,1.000000,1635,False
760451,115VCCL28A-N0,115VCCL28A,,-1.000000,1,,NSE,1.000000,98,False
760465,895PAPL28-N0,895PAPL28,,-1.000000,1,,NSE,1.000000,245,False
760485,925IIFL32A-N0,925IIFL32A,,-1.000000,1,,NSE,1.000000,981,False
760512,747TN36-SG,747TN36,,-1.000000,100,,NSE,1.000000,1000000,False
760537,729NHPC34-N0,729NHPC34,,-1.000000,1,,NSE,1.000000,654,False
760545,729NHPC38-N0,729NHPC38,,-1.000000,1,,NSE,1.000000,654,False
760560,716KA31-SG,716KA31,,-1.000000,100,,NSE,1.000000,1000000,False
760577,885NACL28-N0,885NACL28,,-1.000000,1,,NSE,1.000000,817,False
760586,761WB45-SG,761WB45,,-1.000000,100,,NSE,1.000000,1000000,False
760610,766MH52-SG,766MH52,,-1.000000,100,,NSE,1.000000,1000000,False
760624,KRMAYURVED-SM,KRMAYURVED,,-1.000000,1000,,NSE,5.000000,324971,False
760630,747GJ36-SG,747GJ36,,-1.000000,100,,NSE,1.000000,1000000,False
760632,759AS36-SG,759AS36,,-1.000000,100,,NSE,1.000000,1000000,False
760652,7EHLS346-N0,7EHLS346,,-1.000000,1,,NSE,1.000000,220,False
760654,9PCPL28-N0,9PCPL28,,-1.000000,1,,NSE,1.000000,163,False
760670,765MZ41-SG,765MZ41,,-1.000000,100,,NSE,1.000000,376050,False
760678,761HR43-SG,761HR43,,-1.000000,100,,NSE,1.000000,1000000,False
760680,763WB46-SG,763WB46,,-1.000000,100,,NSE,1.000000,1000000,False
760691,VICTORYEV-SM,VICTORYEV,,-1.000000,3000,,NSE,5.000000,787743,False
760707,698SHFL28-N0,698SHFL28,,-1.000000,1,,NSE,1.000000,654,False
760757,758TS48-SG,758TS48,,-1.000000,100,,NSE,1.000000,1000000,False
760767,14DCCL31-N0,14DCCL31,,-1.000000,1,,NSE,1.000000,22,False
760770,731TN33-SG,731TN33,,-1.000000,100,,NSE,1.000000,1000000,False
760773,751UK35-SG,751UK35,,-1.000000,100,,NSE,1.000000,995000,False
760775,754KA37-SG,754KA37,,-1.000000,100,,NSE,1.000000,1000000,False
760795,769HR41-SG,769HR41,,-1.000000,100,,NSE,1.000000,1000000,False
760811,769ICPR35-N0,769ICPR35,,-1.000000,1,,NSE,1.000000,999,False
760903,722SIDBI29-N0,722SIDBI29,,-1.000000,1,,NSE,1.000000,999,False
760907,731TN33A-SG,731TN33A,,-1.000000,100,,NSE,1.000000,1000000,False
760914,777PN38-SG,777PN38,,-1.000000,100,,NSE,1.000000,990000,False
760919,780TS42-SG,780TS42,,-1.000000,100,,NSE,1.000000,943200,False
760921,785MZ42-SG,785MZ42,,-1.000000,100,,NSE,1.000000,376050,False
760976,GROWWPSE-EQ,GROWWPSE,,-1.000000,1,,NSE,1.000000,59438,False
761011,774JK46-SG,774JK46,,-1.000000,100,,NSE,1.000000,1000000,False
761012,725KA33-SG,725KA33,,-1.000000,100,,NSE,1.000000,1000000,False
761015,734MP34-SG,734MP34,,-1.000000,100,,NSE,1.000000,999960,False
761030,INFRA-EQ,INFRA,,-1.000000,1,,NSE,1.000000,297349,False
761081,805NMC35-N7,805NMC35,,-1.000000,1,,NSE,1.000000,65400,False
761120,885IIFL29-Y8,885IIFL29,,-1.000000,1,,NSE,1.000000,64959,False
761124,IIFL06326-YC,IIFL06326,,-1.000000,1,,NSE,1.000000,8167,False
761139,77SHFL36-N0,77SHFL36,,-1.000000,1,,NSE,1.000000,327,False
761213,SHYAMDHANI-ST,SHYAMDHANI,,-1.000000,2000,,NSE,5.000000,675451,False
761301,756NIIF31-N0,756NIIF31,,-1.000000,1,,NSE,1.000000,817,False
761321,723GJ33-SG,723GJ33,,-1.000000,100,,NSE,1.000000,999900,False
761323,745MP36-SG,745MP36,,-1.000000,100,,NSE,1.000000,999970,False
761329,758KA40-SG,758KA40,,-1.000000,100,,NSE,1.000000,1000000,False
761375,765AP43-SG,765AP43,,-1.000000,100,,NSE,1.000000,1000000,False
761419,769HR42A-SG,769HR42A,,-1.000000,100,,NSE,1.000000,1000000,False
761455,72JH32-SG,72JH32,,-1.000000,100,,NSE,1.000000,1000000,False
761478,746TN35-SG,746TN35,,-1.000000,100,,NSE,1.000000,1000000,False
761521,779JK51-SG,779JK51,,-1.000000,100,,NSE,1.000000,999882,False
761524,779UP51-SG,779UP51,,-1.000000,100,,NSE,1.000000,1052550,False
761559,758TN35-SG,758TN35,,-1.000000,100,,NSE,1.000000,1000000,False
761565,78PN36-SG,78PN36,,-1.000000,100,,NSE,1.000000,999868,False
761605,APSIFHLSRD-SF,APSIFHLSRD,,-1.000000,1,,NSE,1.000000,3269,False
761733,PHFL29-N0,PHFL29,,-1.000000,1,,NSE,1.000000,981,False
761754,804WB56-SG,804WB56,,-1.000000,100,,NSE,1.000000,1000000,False
761759,788HR41-SG,788HR41,,-1.000000,100,,NSE,1.000000,1038900,False
761799,87HMDA42-N0,87HMDA42,,-1.000000,1,,NSE,1.000000,630,False
761835,87HMDA30-N0,87HMDA30,,-1.000000,1,,NSE,1.000000,630,False
762239,GSPCROP-EQ,GSPCROP,,-1.000000,1,,NSE,5.000000,212172,False
762431,364D150427-TB,364D150427,,-1.000000,100,,NSE,1.000000,1042200,False
762518,3BBLACKBIO-EQ,3BBLACKBIO,,-1.000000,1,,NSE,10.000000,70420,False
762536,ACSTECH-BE,ACSTECH,,-1.000000,1,,NSE,1.000000,1715529,False
762538,AKCAPIT-EQ,AKCAPIT,,-1.000000,1,,NSE,10.000000,58528,False
762551,ASHIKAG-BE,ASHIKAG,,-1.000000,1,,NSE,5.000000,240665,False
762616,BNALTD-BE,BNALTD,,-1.000000,1,,NSE,5.000000,101370,False
762700,GRAVISSHO-EQ,GRAVISSHO,,-1.000000,1,,NSE,1.000000,2305975,False
762807,NATIONSTD-EQ,NATIONSTD,,-1.000000,1,,NSE,1.000000,654000,False
762849,PREMCO-EQ,PREMCO,,-1.000000,1,,NSE,5.000000,108066,False
762904,SHINDL-EQ,SHINDL,,-1.000000,1,,NSE,1.000000,613392,False
762944,THACKER-EQ,THACKER,,-1.000000,1,,NSE,5.000000,35568,False
763046,845MFL29-N0,845MFL29,,-1.000000,1,,NSE,1.000000,999,False
763044,1125AFIL29-N0,1125AFIL29,,-1.000000,1,,NSE,1.000000,1635,False
763069,779MH54-SG,779MH54,,-1.000000,100,,NSE,1.000000,1010080,False
763071,754TS33-SG,754TS33,,-1.000000,100,,NSE,1.000000,1000000,False
763156,ADISOFT-SM,ADISOFT,,-1.000000,800,,NSE,5.000000,423811,False
763196,782CG48-SG,782CG48,,-1.000000,100,,NSE,1.000000,1010100,False
763198,764MP34-SG,764MP34,,-1.000000,100,,NSE,1.000000,1004960,False
763204,182D291026-TB,182D291026,,-1.000000,100,,NSE,1.000000,1009140,False
763252,807ABCL36-N0,807ABCL36,,-1.000000,1,,NSE,1.000000,408,False
763285,750TN32-SG,750TN32,,-1.000000,100,,NSE,1.000000,1020400,False
763299,GRADIENTE-EQ,GRADIENTE,,-1.000000,1,,NSE,1.000000,10869480,False
763370,777ML36-SG,777ML36,,-1.000000,100,,NSE,1.000000,1000000,False
763380,115VCCL31A-N0,115VCCL31A,,-1.000000,1,,NSE,1.000000,1635,False
763546,SBIVALETF-EQ,SBIVALETF,,-1.000000,1,,NSE,1.000000,112103,False
763691,850HMDA43-N0,850HMDA43,,-1.000000,1,,NSE,1.000000,948,False
763711,850HMDA39-N0,850HMDA39,,-1.000000,1,,NSE,1.000000,999,False
763715,850HMDA41-N0,850HMDA41,,-1.000000,1,,NSE,1.000000,999,False
763739,779GJ41-SG,779GJ41,,-1.000000,100,,NSE,1.000000,999900,False
763776,762PN39-SG,762PN39,,-1.000000,100,,NSE,1.000000,1000000,False
763798,1116AFL28-N0,1116AFL28,,-1.000000,1,,NSE,1.000000,981,False
763819,795NIIF36A-N0,795NIIF36A,,-1.000000,1,,NSE,1.000000,981,False
763853,INSIFHLSDG-SF,INSIFHLSDG,,-1.000000,1,,NSE,1.000000,8610021,False
764031,742BR35-SG,742BR35,,-1.000000,100,,NSE,1.000000,1000000,False
764039,761MP44-SG,761MP44,,-1.000000,100,,NSE,1.000000,1000000,False
764047,91D081026-TB,91D081026,,-1.000000,100,,NSE,1.000000,1004560,False
764126,LASERPOWER-EQ,LASERPOWER,,-1.000000,1,,NSE,5.000000,345025,False
764145,739TN34A-SG,739TN34A,,-1.000000,100,,NSE,1.000000,1080200,False
764149,772ML38-SG,772ML38,,-1.000000,100,,NSE,1.000000,981000,False
764159,115AFIL28A-N0,115AFIL28A,,-1.000000,1,,NSE,1.000000,817,False
764183,BANK10BETF-EQ,BANK10BETF,,-1.000000,1,,NSE,1.000000,2921270,False
764210,PSIFHLSDG-SF,PSIFHLSDG,,-1.000000,1,,NSE,1.000000,2626755,False
764242,756AS36-SG,756AS36,,-1.000000,100,,NSE,1.000000,999949,False
764245,739MP34-SG,739MP34,,-1.000000,100,,NSE,1.000000,1000000,False
764254,364D220727-TB,364D220727,,-1.000000,100,,NSE,1.000000,1029000,False
764288,EMETAL-EQ,EMETAL,,-1.000000,1,,NSE,1.000000,185474,False
764310,1075WCAP29-N0,1075WCAP29,,-1.000000,1,,NSE,1.000000,981,False
764341,885TIAPL30-N0,885TIAPL30,,-1.000000,1,,NSE,1.000000,163,False
764364,INSUREIETF-EQ,INSUREIETF,,-1.000000,1,,NSE,1.000000,1405002,False
764383,805JCL31-N0,805JCL31,,-1.000000,1,,NSE,1.000000,1000,False
764393,773SICC29-N0,773SICC29,,-1.000000,1,,NSE,1.000000,999,False
764419,694OR30-SG,694OR30,,-1.000000,100,,NSE,1.000000,1000000,False
764421,764UK38-SG,764UK38,,-1.000000,100,,NSE,1.000000,346678,False
764428,MIDBANKADD-EQ,MIDBANKADD,,-1.000000,1,,NSE,1.000000,112094,False
764445,ASTRON-BZ,ASTRON,,-1.000000,1,,NSE,1.000000,1520550,False
764471,ANNAPURNA-EQ,ANNAPURNA,,-1.000000,1,,NSE,1.000000,713514,False
764512,364D120827-TB,364D120827,,-1.000000,100,,NSE,1.000000,1056120,False
764546,SICCL29-N0,SICCL29,,-1.000000,1,,NSE,1.000000,654,False
764613,AXTEL-EQ,AXTEL,,-1.000000,1,,NSE,5.000000,227168,False
764693,HAZOOR-EQ,HAZOOR,,-1.000000,1,,NSE,1.000000,5202890,False
764833,PARNAXLAB-EQ,PARNAXLAB,,-1.000000,1,,NSE,1.000000,375579,False
764860,SAB-EQ,SAB,,-1.000000,1,,NSE,1.000000,497369,False
764870,SAMBANDAM-EQ,SAMBANDAM,,-1.000000,1,,NSE,1.000000,139452,False
764875,SAYAJIIND-EQ,SAYAJIIND,,-1.000000,1,,NSE,1.000000,826656,False
764905,SHRADDHA-EQ,SHRADDHA,,-1.000000,1,,NSE,1.000000,654981,False
764923,SPELS-BE,SPELS,,-1.000000,1,,NSE,1.000000,686550,False
765065,EASTWEST-EQ,EASTWEST,,-1.000000,1,,NSE,1.000000,4171702,False
765080,HBPOR-EQ,HBPOR,,-1.000000,1,,NSE,1.000000,351990,False
765120,MKEXIM-EQ,MKEXIM,,-1.000000,1,,NSE,1.000000,1320009,False
765170,STLSTRINF-EQ,STLSTRINF,,-1.000000,1,,NSE,1.000000,282626,False
765210,VASUPRADA-EQ,VASUPRADA,,-1.000000,1,,NSE,1.000000,270899,False
765301,754NBFID41-N0,754NBFID41,,-1.000000,1,,NSE,1.000000,999,False
765307,NIFTYJBLK-EQ,NIFTYJBLK,,-1.000000,1,,NSE,1.000000,2127537,False
765325,182D180227-TB,182D180227,,-1.000000,100,,NSE,1.000000,1026950,False
765333,SKYTECH-SM,SKYTECH,,-1.000000,1600,,NSE,5.000000,321133,False
765387,SUNSHINE-EQ,SUNSHINE,,-1.000000,1,,NSE,5.000000,245203,False
765436,756HR35-SG,756HR35,,-1.000000,100,,NSE,1.000000,1000000,False
765438,763MH39-SG,763MH39,,-1.000000,100,,NSE,1.000000,999840,False
765439,759GJ41-SG,759GJ41,,-1.000000,100,,NSE,1.000000,1000000,False
765548,776BR51-SG,776BR51,,-1.000000,100,,NSE,1.000000,999960,False
765551,182D040327-TB,182D040327,,-1.000000,100,,NSE,1.000000,1027760,False
765568,PERNIASPOP-EQ,PERNIASPOP,,-1.000000,1,,NSE,5.000000,175413,False
7671,875IHFL29-ND,875IHFL29,,-1.000000,1,,NSE,1.000000,7251,False
765946,761PFCL36-N0,761PFCL36,,-1.000000,1,,NSE,1.000000,999,False
765973,775PN35-SG,775PN35,,-1.000000,100,,NSE,1.000000,1000000,False
7739,UCAL-BE,UCAL,,-1.000000,1,,NSE,1.000000,697198,False
7690,718TS33-SG,718TS33,,-1.000000,100,,NSE,1.000000,999928,False
7691,712AS32-SG,712AS32,,-1.000000,100,,NSE,1.000000,999938,False
7714,719PN37-SG,719PN37,,-1.000000,100,,NSE,1.000000,1015185,False
7813,714KA32-SG,714KA32,,-1.000000,100,,NSE,1.000000,1000000,False
7835,WEL-EQ,WEL,,-1.000000,1,,NSE,1.000000,1382292,False
7855,723MN32-SG,723MN32,,-1.000000,100,,NSE,1.000000,192930,False
7880,AUTOBEES-EQ,AUTOBEES,,-1.000000,1,,NSE,1.000000,353502,False
7965,MALLCOM-EQ,MALLCOM,,-1.000000,1,,NSE,5.000000,105025,False
7979,MAKEINDIA-EQ,MAKEINDIA,,-1.000000,1,,NSE,1.000000,523044,False
8007,733TN52-SG,733TN52,,-1.000000,100,,NSE,1.000000,1002450,False
8140,734MN32-SG,734MN32,,-1.000000,100,,NSE,1.000000,196200,False
822,BANKA-EQ,BANKA,,-1.000000,1,,NSE,1.000000,357163,False
8182,MOMOMENTUM-EQ,MOMOMENTUM,,-1.000000,1,,NSE,1.000000,645824,False
8191,709RJ32-SG,709RJ32,,-1.000000,100,,NSE,1.000000,1000000,False
8299,713TS37-SG,713TS37,,-1.000000,100,,NSE,1.000000,1000000,False
8325,714TN32-SG,714TN32,,-1.000000,100,,NSE,1.000000,1000000,False
8332,717WB32-SG,717WB32,,-1.000000,100,,NSE,1.000000,999900,False
8334,712JK37-SG,712JK37,,-1.000000,100,,NSE,1.000000,999960,False
8355,725HR32-SG,725HR32,,-1.000000,100,,NSE,1.000000,1036049,False
8413,MIDCAPETF-EQ,MIDCAPETF,,-1.000000,1,,NSE,1.000000,4275045,False
8450,H1861D46RD-MF,H1861D46RD,,-1.000000,1,,NSE,1.000000,997,False
8479,TVSMOTOR-EQ,TVSMOTOR,,-1.000000,1,,NSE,10.000000,24229,True
8501,741PN42-SG,741PN42,,-1.000000,100,,NSE,1.000000,999900,False
8576,727ML32-SG,727ML32,,-1.000000,100,,NSE,1.000000,261600,False
8578,737RJ34-SG,737RJ34,,-1.000000,100,,NSE,1.000000,1000000,False
8579,742KL34-SG,742KL34,,-1.000000,100,,NSE,1.000000,1000000,False
8596,MSUMI-EQ,MSUMI,,-1.000000,1,,NSE,1.000000,2752139,False
8650,BLUECHIP-BE,BLUECHIP,,-1.000000,1,,NSE,1.000000,1808451,False
8689,734UK32-SG,734UK32,,-1.000000,100,,NSE,1.000000,1010100,False
8702,735UP34-SG,735UP34,,-1.000000,100,,NSE,1.000000,999900,False
8713,74KL37-SG,74KL37,,-1.000000,100,,NSE,1.000000,1000000,False
8770,H1876D46DD-MF,H1876D46DD,,-1.000000,1,,NSE,1.000000,261,False
8772,DSKULKARNI-BE,DSKULKARNI,,-1.000000,1,,NSE,1.000000,327000,False
8817,SONAMLTD-BE,SONAMLTD,,-1.000000,1,,NSE,1.000000,1309046,False
8840,USHAMART-EQ,USHAMART,,-1.000000,1,,NSE,5.000000,202043,False
8940,E2E-BE,E2E,,-1.000000,1,,NSE,5.000000,163835,False
9305,STARTECK-EQ,STARTECK,,-1.000000,1,,NSE,5.000000,324067,False
9333,715HR28-SG,715HR28,,-1.000000,100,,NSE,1.000000,1000000,False
9345,745AP37-SG,745AP37,,-1.000000,100,,NSE,1.000000,974337,False
9378,TRU-EQ,TRU,,-1.000000,1,,NSE,1.000000,3886783,False
9385,PNCINFRA-EQ,PNCINFRA,,-1.000000,1,,NSE,1.000000,570030,False
9436,AXISCADES-EQ,AXISCADES,,-1.000000,1,,NSE,10.000000,54567,False
9516,SFMP1DD-MF,SFMP1DD,,-1.000000,1,,NSE,1.000000,32,False
9523,SFMP1GD-MF,SFMP1GD,,-1.000000,1,,NSE,1.000000,445288,False
953,622GS2035-GS,622GS2035,,-1.000000,1,,NSE,1.000000,1009800,False
9539,SAKAR-EQ,SAKAR,,-1.000000,1,,NSE,5.000000,86307,False
9685,TRIDENT-EQ,TRIDENT,,-1.000000,1,,NSE,1.000000,4270410,False
976,643AP30-SG,643AP30,,-1.000000,100,,NSE,1.000000,1000000,False
982,646GJ30-SG,646GJ30,,-1.000000,100,,NSE,1.000000,1000000,False
9779,781GA32-SG,781GA32,,-1.000000,100,,NSE,1.000000,327000,False
9822,789MH32-SG,789MH32,,-1.000000,100,,NSE,1.000000,982000,False
9834,799TN42-SG,799TN42,,-1.000000,100,,NSE,1.000000,1000000,False
9872,804AP42-SG,804AP42,,-1.000000,100,,NSE,1.000000,1000000,False
9873,769HR27-SG,769HR27,,-1.000000,100,,NSE,1.000000,969900,False
9914,78AP31A-SG,78AP31A,,-1.000000,100,,NSE,1.000000,1000000,False
9921,ALANKIT-EQ,ALANKIT,,-1.000000,1,,NSE,1.000000,8866869,False
99919000,SENSEX,SENSEX,,0.000000,1,AMXIDX,BSE,0.000000,0,False
99919001,BSEPSU,S&P BSE PSU,,0.000000,1,AMXIDX,BSE,0.000000,0,False
99919002,BSE100,S&P BSE 100,,0.000000,1,AMXIDX,BSE,0.000000,0,False
99919003,BSE200,S&P BSE 200,,0.000000,1,AMXIDX,BSE,0.000000,0,False
99919004,BSE500,S&P BSE 500,,0.000000,1,AMXIDX,BSE,0.000000,0,False
99919005,BSE IT,S&P BSE INFORMATION TECHNOLOGY,,0.000000,1,AMXIDX,BSE,0.000000,0,False
99919006,BSEFMC,S&P BSE FAST MOVING CONSUMER GOODS,,0.000000,1,AMXIDX,BSE,0.000000,0,False
99919007,BSE CG,S&P BSE CAPITAL GOODS,,0.000000,1,AMXIDX,BSE,0.000000,0,False
99919008,BSE CD,S&P BSE CONSUMER DURABLES,,0.000000,1,AMXIDX,BSE,0.000000,0,False
99919009,BSE HC,S&P BSE HEALTHCARE,,0.000000,1,AMXIDX,BSE,0.000000,0,False
99919011,TECK,S&P BSE TECK,,0.000000,1,AMXIDX,BSE,0.000000,0,False
99919012,BANKEX,BANKEX,,0.000000,1,AMXIDX,BSE,0.000000,0,False
99919013,AUTO,S&P BSE AUTO,,0.000000,1,AMXIDX,BSE,0.000000,0,False
99919014,METAL,S&P BSE METAL,,0.000000,1,AMXIDX,BSE,0.000000,0,False
99919015,CPSE,S&P BSE CPSE,,0.000000,1,AMXIDX,BSE,0.000000,0,False
99919016,MIDCAP,S&P BSE MIDCAP,,0.000000,1,AMXIDX,BSE,0.000000,0,False
99919017,SMLCAP,S&P BSE SMALLCAP,,0.000000,1,AMXIDX,BSE,0.000000,0,False
99919018,DOL30,S&P BSE DOLLEX 30,,0.000000,1,AMXIDX,BSE,0.000000,0,False
99919019,DOL100,S&P BSE DOLLEX 100,,0.000000,1,AMXIDX,BSE,0.000000,0,False
99919020,DOL200,S&P BSE DOLLEX 200,,0.000000,1,AMXIDX,BSE,0.000000,0,False
99919042,LRGCAP,S&P BSE LARGECAP,,0.000000,1,AMXIDX,BSE,0.000000,0,False
99919043,MIDSEL,S&P BSE MIDCAP SELECT INDEX,,0.000000,1,AMXIDX,BSE,0.000000,0,False
99919044,SMLSEL,S&P BSE SMALLCAP SELECT INDEX,,0.000000,1,AMXIDX,BSE,0.000000,0,False
99919051,OILGAS,S&P BSE OIL & GAS,,0.000000,1,AMXIDX,BSE,0.000000,0,False
99919052,POWER,S&P BSE POWER,,0.000000,1,AMXIDX,BSE,0.000000,0,False
99919053,REALTY,S&P BSE REALTY,,0.000000,1,AMXIDX,BSE,0.000000,0,False
99919054,BSEIPO,S&P BSE IPO,,0.000000,1,AMXIDX,BSE,0.000000,0,False
99919058,CARBON,S&P BSE CARBONEX,,0.000000,1,AMXIDX,BSE,0.000000,0,False
99919059,SMEIPO,S&P BSE SME IPO,,0.000000,1,AMXIDX,BSE,0.000000,0,False
99919060,INFRA,S&P BSE INDIA INFRASTRUCTURE INDEX,,0.000000,1,AMXIDX,BSE,0.000000,0,False
99919081,GREENX,S&P BSE GREENEX,,0.000000,1,AMXIDX,BSE,0.000000,0,False
99919082,SNSX50,S&P BSE SENSEX 50,,0.000000,1,AMXIDX,BSE,0.000000,0,False
99919083,SNXT50,S&P BSE SENSEX NEXT 50,,0.000000,1,AMXIDX,BSE,0.000000,0,False
99919084,ENERGY,S&P BSE ENERGY,,0.000000,1,AMXIDX,BSE,0.000000,0,False
99919085,FINSER,S&P BSE FINANCIAL SERVICES,,0.000000,1,AMXIDX,BSE,0.000000,0,False
99919086,INDSTR,S&P BSE INDUSTRIALS,,0.000000,1,AMXIDX,BSE,0.000000,0,False
99919087,TELCOM,S&P BSE TELECOM,,0.000000,1,AMXIDX,BSE,0.000000,0,False
99919088,MID150,S&P BSE 150 MIDCAP INDEX,,0.000000,1,AMXIDX,BSE,0.000000,0,False
99919089,LMI250,S&P BSE 250 LARGEMIDCAP INDEX,,0.000000,1,AMXIDX,BSE,0.000000,0,False
99919090,MSL400,S&P BSE 400 MIDSMALLCAP INDEX,,0.000000,1,AMXIDX,BSE,0.000000,0,False
500003,AEGISLOG,AEGISLOG,,-1.000000,1,,BSE,5.000000,0,False
500009,AMBALALSA,AMBALALSA,,-1.000000,1,,BSE,1.000000,0,False
500027,ATUL,ATUL,,-1.000000,1,,BSE,5.000000,0,False
500048,BEML,BEML,,-1.000000,1,,BSE,5.000000,0,False
500049,BEL,BEL,,-1.000000,1,,BSE,5.000000,0,True
500084,CESC,CESC,,-1.000000,1,,BSE,5.000000,0,False
500093,CGPOWER,CGPOWER,,-1.000000,1,,BSE,5.000000,0,True
500101,ARVIND,ARVIND,,-1.000000,1,,BSE,5.000000,0,False
500120,DIAMINESQ,DIAMINESQ,,-1.000000,1,,BSE,5.000000,0,False
500109,MRPL,MRPL,,-1.000000,1,,BSE,5.000000,0,False
500110,CHENNPETRO,CHENNPETRO,,-1.000000,1,,BSE,5.000000,0,False
500112,SBIN,SBIN,,-1.000000,1,,BSE,5.000000,0,True
500199,IGPL,IGPL,,-1.000000,1,,BSE,5.000000,0,False
500209,INFY,INFY,,-1.000000,1,,BSE,5.000000,0,True
500228,JSWSTEEL,JSWSTEEL,,-1.000000,1,,BSE,5.000000,0,True
500236,KANELIND,KANELIND,,-1.000000,1,,BSE,1.000000,0,False
500240,KINETICENG,KINETICENG,,-1.000000,1,,BSE,5.000000,0,False
500246,ENVAIREL,ENVAIREL,,-1.000000,1,,BSE,1.000000,0,False
500270,BARODARY,BARODARY,,-1.000000,1,,BSE,5.000000,0,False
500271,MFSL,MFSL,,-1.000000,1,,BSE,5.000000,0,True
500279,ONIDA,ONIDA,,-1.000000,1,,BSE,1.000000,0,False
500280,CENTENKA,CENTENKA,,-1.000000,1,,BSE,5.000000,0,False
500294,NCC,NCC,,-1.000000,1,,BSE,5.000000,0,False
500295,VEDL,VEDL,,-1.000000,1,,BSE,5.000000,0,True
500319,INDSUCR,INDSUCR,,-1.000000,1,,BSE,1.000000,0,False
500322,PANCM,PANCM,,-1.000000,1,,BSE,5.000000,0,False
500330,RAYMOND,RAYMOND,,-1.000000,1,,BSE,5.000000,0,False
500339,RAIN,RAIN,,-1.000000,1,,BSE,5.000000,0,False
500343,AMJLAND,AMJLAND,,-1.000000,1,,BSE,1.000000,0,False
500360,RAPICUT,RAPICUT,,-1.000000,1,,BSE,5.000000,0,False
500421,TPINDIA,TPINDIA,,-1.000000,1,,BSE,1.000000,0,False
500426,UTLINDS,UTLINDS,,-1.000000,1,,BSE,1.000000,0,False
500459,PGHH,PGHH,,-1.000000,1,,BSE,5.000000,0,False
500460,MUKANDLTD,MUKANDLTD,,-1.000000,1,,BSE,5.000000,0,False
500490,BAJAJHLDNG,BAJAJHLDNG,,-1.000000,1,,BSE,5.000000,0,True
500495,ESCORTS,ESCORTS,,-1.000000,1,,BSE,5.000000,0,False
500510,LT,LT,,-1.000000,1,,BSE,5.000000,0,True
500730,NOCIL,NOCIL,,-1.000000,1,,BSE,5.000000,0,False
500800,TATACONSUM,TATACONSUM,,-1.000000,1,,BSE,5.000000,0,True
500830,COLPAL,COLPAL,,-1.000000,1,,BSE,5.000000,0,True
501150,CENTRUM,CENTRUM,,-1.000000,1,,BSE,1.000000,0,False
501314,PRISMX,PRISMX,,-1.000000,1,,BSE,1.000000,0,False
501421,TECHNVISN,TECHNVISN,,-1.000000,1,,BSE,5.000000,0,False
501630,ANANDPROJ,ANANDPROJ,,-1.000000,1,,BSE,1.000000,0,False
502157,MANGLMCEM,MANGLMCEM,,-1.000000,1,,BSE,5.000000,0,False
502294,NILACHAL,NILACHAL,,-1.000000,1,,BSE,1.000000,0,False
502355,BALKRISIND,BALKRISIND,,-1.000000,1,,BSE,5.000000,0,False
502420,ORIENTPPR,ORIENTPPR,,-1.000000,1,,BSE,1.000000,0,False
502820,DCM,DCM,,-1.000000,1,,BSE,1.000000,0,False
502893,UNITEDINT,UNITEDINT,,-1.000000,1,,BSE,1.000000,0,False
502986,VTL,VTL,,-1.000000,1,,BSE,5.000000,0,False
503100,PHOENIXLTD,PHOENIXLTD,,-1.000000,1,,BSE,5.000000,0,True
500016,ARUNAHTEL,ARUNAHTEL,,-1.000000,1,,BSE,1.000000,0,False
503349,VICTMILL,VICTMILL,,-1.000000,1,,BSE,5.000000,0,False
503689,HEALINV,HEALINV,,-1.000000,1,,BSE,1.000000,0,False
503722,BANSWRAS,BANSWRAS,,-1.000000,1,,BSE,5.000000,0,False
500008,ARE&M,ARE&M,,-1.000000,1,,BSE,5.000000,0,False
500013,ANSALAPI,ANSALAPI,,-1.000000,1,,BSE,1.000000,0,False
500051,BHAGGAS,BHAGGAS,,-1.000000,1,,BSE,1.000000,0,False
500074,BPL,BPL,,-1.000000,1,,BSE,1.000000,0,False
500078,OAL,OAL,,-1.000000,1,,BSE,5.000000,0,False
500114,TITAN,TITAN,,-1.000000,1,,BSE,5.000000,0,True
500116,IDBI,IDBI,,-1.000000,1,,BSE,1.000000,0,False
500148,UFLEX,UFLEX,,-1.000000,1,,BSE,5.000000,0,False
500170,GTNINDS,GTNINDS,,-1.000000,1,,BSE,1.000000,0,False
500178,HARCR,HARCR,,-1.000000,1,,BSE,1.000000,0,False
500183,HFCL,HFCL,,-1.000000,1,,BSE,5.000000,0,False
500189,NDLVENTURE,NDLVENTURE,,-1.000000,1,,BSE,5.000000,0,False
500233,KAJARIACER,KAJARIACER,,-1.000000,1,,BSE,5.000000,0,False
500245,KIRLFER,KIRLFER,,-1.000000,1,,BSE,5.000000,0,False
500248,KRIFILIND,KRIFILIND,,-1.000000,1,,BSE,1.000000,0,False
500296,NAHARSPING,NAHARSPING,,-1.000000,1,,BSE,5.000000,0,False
500300,GRASIM,GRASIM,,-1.000000,1,,BSE,5.000000,0,True
500314,ORIENTHOT,ORIENTHOT,,-1.000000,1,,BSE,5.000000,0,False
500337,PRIMESECU,PRIMESECU,,-1.000000,1,,BSE,5.000000,0,False
500355,RALLIS,RALLIS,,-1.000000,1,,BSE,5.000000,0,False
500370,SALORAINTL,SALORAINTL,,-1.000000,1,,BSE,1.000000,0,False
500407,SWARAJENG,SWARAJENG,,-1.000000,1,,BSE,5.000000,0,False
500420,TORNTPHARM,TORNTPHARM,,-1.000000,1,,BSE,5.000000,0,True
500469,FEDERALBNK,FEDERALBNK,,-1.000000,1,,BSE,5.000000,0,True
500650,EXCELINDUS,EXCELINDUS,,-1.000000,1,,BSE,5.000000,0,False
500674,SANOFI,SANOFI,,-1.000000,1,,BSE,5.000000,0,False
500840,EIHOTEL,EIHOTEL,,-1.000000,1,,BSE,5.000000,0,False
502137,DECCANCE,DECCANCE,,-1.000000,1,,BSE,5.000000,0,False
502219,BORORENEW,BORORENEW,,-1.000000,1,,BSE,5.000000,0,False
502587,NATHIND,NATHIND,,-1.000000,1,,BSE,1.000000,0,False
503663,TILAK,TILAK,,-1.000000,1,,BSE,1.000000,0,False
503671,UNIJOLL,UNIJOLL,,-1.000000,1,,BSE,1.000000,0,False
500014,UTIQUE,UTIQUE,,-1.000000,1,,BSE,1.000000,0,False
500020,BOMDYEING,BOMDYEING,,-1.000000,1,,BSE,5.000000,0,False
500031,BAJAJELEC,BAJAJELEC,,-1.000000,1,,BSE,5.000000,0,False
503696,SHRENTI,SHRENTI,,-1.000000,1,,BSE,1.000000,0,False
500033,FORCEMOT,FORCEMOT,,-1.000000,1,,BSE,5.000000,0,True
500040,ABREL,ABREL,,-1.000000,1,,BSE,5.000000,0,False
500041,BANARISUG,BANARISUG,,-1.000000,1,,BSE,5.000000,0,False
500042,BASF,BASF,,-1.000000,1,,BSE,5.000000,0,False
500108,MTNL,MTNL,,-1.000000,1,,BSE,1.000000,0,False
500125,EIDPARRY,EIDPARRY,,-1.000000,1,,BSE,5.000000,0,False
500143,PHCAP,PHCAP,,-1.000000,1,,BSE,5.000000,0,False
500147,COCKERILL,COCKERILL,,-1.000000,1,,BSE,5.000000,0,False
500150,FOSECOIND,FOSECOIND,,-1.000000,1,,BSE,5.000000,0,False
500160,GTL,GTL,,-1.000000,1,,BSE,1.000000,0,False
500165,KANSAINER,KANSAINER,,-1.000000,1,,BSE,5.000000,0,False
500184,HSCL,HSCL,,-1.000000,1,,BSE,5.000000,0,False
500191,HMT,HMT,,-1.000000,1,,BSE,1.000000,0,False
500192,PRAGBOS,PRAGBOS,,-1.000000,1,,BSE,1.000000,0,False
500202,INDLEASE,INDLEASE,,-1.000000,1,,BSE,1.000000,0,False
500207,INDORAMA,INDORAMA,,-1.000000,1,,BSE,1.000000,0,False
500213,ITHL,ITHL,,-1.000000,1,,BSE,5.000000,0,False
500219,JISLJALEQS,JISLJALEQS,,-1.000000,1,,BSE,1.000000,0,False
500239,KGDENIM,KGDENIM,,-1.000000,1,,BSE,1.000000,0,False
500247,KOTAKBANK,KOTAKBANK,,-1.000000,1,,BSE,5.000000,0,True
500249,KSB,KSB,,-1.000000,1,,BSE,5.000000,0,False
500250,LGBBROSLTD,LGBBROSLTD,,-1.000000,1,,BSE,5.000000,0,False
500253,LICHSGFIN,LICHSGFIN,,-1.000000,1,,BSE,5.000000,0,True
500350,RSWM,RSWM,,-1.000000,1,,BSE,5.000000,0,False
500358,RAMAPETRO,RAMAPETRO,,-1.000000,1,,BSE,1.000000,0,False
500378,JINDALSAW,JINDALSAW,,-1.000000,1,,BSE,5.000000,0,False
500390,RELINFRA,RELINFRA,,-1.000000,1,,BSE,1.000000,0,False
500403,SUNDRMFAST,SUNDRMFAST,,-1.000000,1,,BSE,5.000000,0,False
500405,SPLPETRO,SPLPETRO,,-1.000000,1,,BSE,5.000000,0,False
500414,TIMEX,TIMEX,,-1.000000,1,,BSE,5.000000,0,False
500467,HARRMALAYA,HARRMALAYA,,-1.000000,1,,BSE,5.000000,0,False
500493,BHARATFORG,BHARATFORG,,-1.000000,1,,BSE,5.000000,0,True
500547,BPCL,BPCL,,-1.000000,1,,BSE,5.000000,0,True
500575,VOLTAS,VOLTAS,,-1.000000,1,,BSE,5.000000,0,True
500645,DEEPAKFERT,DEEPAKFERT,,-1.000000,1,,BSE,5.000000,0,False
500890,MODIRUBBER,MODIRUBBER,,-1.000000,1,,BSE,5.000000,0,False
501110,SUNRINV,SUNRINV,,-1.000000,1,,BSE,1.000000,0,False
501295,IITL,IITL,,-1.000000,1,,BSE,5.000000,0,False
501298,INDPRUD,INDPRUD,,-1.000000,1,,BSE,5.000000,0,False
501343,MOTOGENFIN,MOTOGENFIN,,-1.000000,1,,BSE,1.000000,0,False
501370,WALCHPF,WALCHPF,,-1.000000,1,,BSE,5.000000,0,False
501391,WHBRADY,WHBRADY,,-1.000000,1,,BSE,5.000000,0,False
501833,CHOWGULSTM,CHOWGULSTM,,-1.000000,1,,BSE,1.000000,0,False
503162,RELCHEMQ,RELCHEMQ,,-1.000000,1,,BSE,5.000000,0,False
47,SX50,SX50,,-1.000000,1,,BSE,0.000000,0,False
503659,SW1,SW1,,-1.000000,1,,BSE,5.000000,0,False
503675,WAGEND,WAGEND,,-1.000000,1,,BSE,1.000000,0,False
503776,MODIPON,MODIPON,,-1.000000,1,,BSE,1.000000,0,False
500058,BIHSPONG,BIHSPONG,,-1.000000,1,,BSE,1.000000,0,False
500083,CENTEXT,CENTEXT,,-1.000000,1,,BSE,1.000000,0,False
500086,EXIDEIND,EXIDEIND,,-1.000000,1,,BSE,5.000000,0,False
500113,SAIL,SAIL,,-1.000000,1,,BSE,5.000000,0,True
500126,PGHL,PGHL,,-1.000000,1,,BSE,5.000000,0,False
500133,ESABINDIA,ESABINDIA,,-1.000000,1,,BSE,5.000000,0,False
500135,EPL,EPL,,-1.000000,1,,BSE,5.000000,0,False
500168,GOODYEAR,GOODYEAR,,-1.000000,1,,BSE,5.000000,0,False
500180,HDFCBANK,HDFCBANK,,-1.000000,1,,BSE,5.000000,0,True
500201,INDIAGLYCO,INDIAGLYCO,,-1.000000,1,,BSE,5.000000,0,False
500206,MARGOFIN,MARGOFIN,,-1.000000,1,,BSE,1.000000,0,False
500214,IONEXCHANG,IONEXCHANG,,-1.000000,1,,BSE,5.000000,0,False
500012,ANDHRAPET,ANDHRAPET,,-1.000000,1,,BSE,1.000000,0,False
500038,BALRAMCHIN,BALRAMCHIN,,-1.000000,1,,BSE,5.000000,0,False
500067,BLUESTARCO,BLUESTARCO,,-1.000000,1,,BSE,5.000000,0,True
500087,CIPLA,CIPLA,,-1.000000,1,,BSE,5.000000,0,True
500220,JASCH,JASCH,,-1.000000,1,,BSE,5.000000,0,False
500313,OILCOUNTUB,OILCOUNTUB,,-1.000000,1,,BSE,1.000000,0,False
500367,RUBFILA,RUBFILA,,-1.000000,1,,BSE,1.000000,0,False
500371,SAMTELIN,SAMTELIN,,-1.000000,1,,BSE,1.000000,0,False
500089,DICIND,DICIND,,-1.000000,1,,BSE,5.000000,0,False
500104,HINDPETRO,HINDPETRO,,-1.000000,1,,BSE,5.000000,0,True
500117,DCW,DCW,,-1.000000,1,,BSE,1.000000,0,False
500142,FGP,FGP,,-1.000000,1,,BSE,1.000000,0,False
12,BANKEX,BANKEX,,-1.000000,1,,BSE,0.000000,0,False
500002,ABB,ABB,,-1.000000,1,,BSE,5.000000,0,True
500128,ELECTCAST,ELECTCAST,,-1.000000,1,,BSE,1.000000,0,False
500136,ESTER,ESTER,,-1.000000,1,,BSE,1.000000,0,False
500166,GOODRICKE,GOODRICKE,,-1.000000,1,,BSE,5.000000,0,False
500182,HEROMOTOCO,HEROMOTOCO,,-1.000000,1,,BSE,5.000000,0,True
500185,HCC,HCC,,-1.000000,1,,BSE,1.000000,0,False
500210,INGERRAND,INGERRAND,,-1.000000,1,,BSE,5.000000,0,False
500380,JKLAKSHMI,JKLAKSHMI,,-1.000000,1,,BSE,5.000000,0,False
500444,WSTCSTPAPR,WSTCSTPAPR,,-1.000000,1,,BSE,5.000000,0,False
500463,BBOX,BBOX,,-1.000000,1,,BSE,5.000000,0,False
500472,SKFINDIA,SKFINDIA,,-1.000000,1,,BSE,5.000000,0,False
500163,GODFRYPHLP,GODFRYPHLP,,-1.000000,1,,BSE,5.000000,0,True
500171,GHCL,GHCL,,-1.000000,1,,BSE,5.000000,0,False
500174,GLFL,GLFL,,-1.000000,1,,BSE,1.000000,0,False
500186,HINDOILEXP,HINDOILEXP,,-1.000000,1,,BSE,5.000000,0,False
500620,GESHIP,GESHIP,,-1.000000,1,,BSE,5.000000,0,False
500690,GSFC,GSFC,,-1.000000,1,,BSE,5.000000,0,False
500780,ZUARIIND,ZUARIIND,,-1.000000,1,,BSE,5.000000,0,False
500870,CASTROLIND,CASTROLIND,,-1.000000,1,,BSE,5.000000,0,False
500215,SUNDROP,SUNDROP,,-1.000000,1,,BSE,5.000000,0,False
500238,WHIRLPOOL,WHIRLPOOL,,-1.000000,1,,BSE,5.000000,0,False
500282,MODTHREAD,MODTHREAD,,-1.000000,1,,BSE,1.000000,0,False
500285,SPICEJET,SPICEJET,,-1.000000,1,,BSE,1.000000,0,False
501700,INDIANVSH,INDIANVSH,,-1.000000,1,,BSE,1.000000,0,False
500187,AGI,AGI,,-1.000000,1,,BSE,5.000000,0,False
500188,HINDZINC,HINDZINC,,-1.000000,1,,BSE,5.000000,0,True
500193,HLVLTD,HLVLTD,,-1.000000,1,,BSE,1.000000,0,False
500241,KIRLOSBROS,KIRLOSBROS,,-1.000000,1,,BSE,5.000000,0,False
500317,OSWALAGRO,OSWALAGRO,,-1.000000,1,,BSE,1.000000,0,False
500325,RELIANCE,RELIANCE,,-1.000000,1,,BSE,5.000000,0,True
500335,BIRLACORPN,BIRLACORPN,,-1.000000,1,,BSE,5.000000,0,False
500342,PRUDMOULI,PRUDMOULI,,-1.000000,1,,BSE,1.000000,0,False
500877,APOLLOTYRE,APOLLOTYRE,,-1.000000,1,,BSE,5.000000,0,False
501242,TCIFINANCE,TCIFINANCE,,-1.000000,1,,BSE,1.000000,0,False
501430,BOMBCYC,BOMBCYC,,-1.000000,1,,BSE,5.000000,0,False
500257,LUPIN,LUPIN,,-1.000000,1,,BSE,5.000000,0,True
500284,LORDSCHLO,LORDSCHLO,,-1.000000,1,,BSE,5.000000,0,False
500288,MOREPENLAB,MOREPENLAB,,-1.000000,1,,BSE,5.000000,0,False
500304,NIITLTD,NIITLTD,,-1.000000,1,,BSE,5.000000,0,False
500400,TATAPOWER,TATAPOWER,,-1.000000,1,,BSE,5.000000,0,True
500440,HINDALCO,HINDALCO,,-1.000000,1,,BSE,5.000000,0,True
500458,TEAM24,TEAM24,,-1.000000,1,,BSE,1.000000,0,False
500464,UCAL,UCAL,,-1.000000,1,,BSE,5.000000,0,False
502180,SHREDIGCEM,SHREDIGCEM,,-1.000000,1,,BSE,1.000000,0,False
502250,LERTHAI,LERTHAI,,-1.000000,1,,BSE,5.000000,0,False
502448,ROLLT,ROLLT,,-1.000000,1,,BSE,1.000000,0,False
503229,SIMPLXREA,SIMPLXREA,,-1.000000,1,,BSE,5.000000,0,False
500336,SURYAROSNI,SURYAROSNI,,-1.000000,1,,BSE,5.000000,0,False
500346,PUNJCOMMU,PUNJCOMMU,,-1.000000,1,,BSE,1.000000,0,False
500354,RAJSREESUG,RAJSREESUG,,-1.000000,1,,BSE,1.000000,0,False
500399,STEELCO,STEELCO,,-1.000000,1,,BSE,5.000000,0,False
500570,TMPV,TMPV,,-1.000000,1,,BSE,5.000000,0,True
500696,HINDUNILVR,HINDUNILVR,,-1.000000,1,,BSE,5.000000,0,True
500790,NESTLEIND,NESTLEIND,,-1.000000,1,,BSE,5.000000,0,True
500850,INDHOTEL,INDHOTEL,,-1.000000,1,,BSE,5.000000,0,True
503310,SWANCORP,SWANCORP,,-1.000000,1,,BSE,5.000000,0,False
503893,ZSATYASL,ZSATYASL,,-1.000000,1,,BSE,1.000000,0,False
500402,SPMLINFRA,SPMLINFRA,,-1.000000,1,,BSE,5.000000,0,False
500413,THOMASCOOK,THOMASCOOK,,-1.000000,1,,BSE,5.000000,0,False
500429,UNIENTER,UNIENTER,,-1.000000,1,,BSE,1.000000,0,False
500488,ABBOTINDIA,ABBOTINDIA,,-1.000000,1,,BSE,5.000000,0,False
500875,ITC,ITC,,-1.000000,1,,BSE,5.000000,0,True
500940,FINPIPE,FINPIPE,,-1.000000,1,,BSE,5.000000,0,False
501144,PEOPLIN,PEOPLIN,,-1.000000,1,,BSE,5.000000,0,False
501311,JAYBHCR,JAYBHCR,,-1.000000,1,,BSE,1.000000,0,False
501386,EENTER,EENTER,,-1.000000,1,,BSE,1.000000,0,False
502175,SAURASHCEM,SAURASHCEM,,-1.000000,1,,BSE,1.000000,0,False
502445,CITADEL,CITADEL,,-1.000000,1,,BSE,1.000000,0,False
502901,JAMSHRI,JAMSHRI,,-1.000000,1,,BSE,1.000000,0,False
500520,M&M,M&M,,-1.000000,1,,BSE,5.000000,0,True
500680,PFIZER,PFIZER,,-1.000000,1,,BSE,5.000000,0,False
501270,ANTARIKSH,ANTARIKSH,,-1.000000,1,,BSE,1.000000,0,False
501455,GREAVESCOT,GREAVESCOT,,-1.000000,1,,BSE,5.000000,0,False
501477,MULLER,MULLER,,-1.000000,1,,BSE,5.000000,0,False
502090,SAGCEM,SAGCEM,,-1.000000,1,,BSE,5.000000,0,False
502330,ANDHRAPAP,ANDHRAPAP,,-1.000000,1,,BSE,1.000000,0,False
502589,VAPIENTER,VAPIENTER,,-1.000000,1,,BSE,5.000000,0,False
503641,ZODIACVEN,ZODIACVEN,,-1.000000,1,,BSE,1.000000,0,False
502937,KESORAMIND,KESORAMIND,,-1.000000,1,,BSE,1.000000,0,False
503127,RAJABAH,RAJABAH,,-1.000000,1,,BSE,5.000000,0,False
503622,ZSVTRADI,ZSVTRADI,,-1.000000,1,,BSE,1.000000,0,False
500032,BAJAJHIND,BAJAJHIND,,-1.000000,1,,BSE,1.000000,0,False
500096,DABUR,DABUR,,-1.000000,1,,BSE,5.000000,0,True
500039,BANCOINDIA,BANCOINDIA,,-1.000000,1,,BSE,5.000000,0,False
500052,BEPL,BEPL,,-1.000000,1,,BSE,5.000000,0,False
502865,FORBESCO,FORBESCO,,-1.000000,1,,BSE,5.000000,0,False
502873,HPCOTTON,HPCOTTON,,-1.000000,1,,BSE,5.000000,0,False
503031,PENINLAND,PENINLAND,,-1.000000,1,,BSE,1.000000,0,False
503772,MODWOOL,MODWOOL,,-1.000000,1,,BSE,1.000000,0,False
1,BSX,BSX,,-1.000000,1,,BSE,0.000000,0,False
500023,ASIANHOTNR,ASIANHOTNR,,-1.000000,1,,BSE,5.000000,0,False
500028,ATVPR,ATVPR,,-1.000000,1,,BSE,1.000000,0,False
500034,BAJFINANCE,BAJFINANCE,,-1.000000,1,,BSE,5.000000,0,True
500119,DHAMPURSUG,DHAMPURSUG,,-1.000000,1,,BSE,5.000000,0,False
500144,FINCABLES,FINCABLES,,-1.000000,1,,BSE,5.000000,0,False
500151,GOLDENTOBC,GOLDENTOBC,,-1.000000,1,,BSE,1.000000,0,False
500159,METROGLOBL,METROGLOBL,,-1.000000,1,,BSE,5.000000,0,False
500043,BATAINDIA,BATAINDIA,,-1.000000,1,,BSE,5.000000,0,False
500059,BILVYAPAR,BILVYAPAR,,-1.000000,1,,BSE,1.000000,0,False
500085,CHAMBLFERT,CHAMBLFERT,,-1.000000,1,,BSE,5.000000,0,False
500097,DALMIASUG,DALMIASUG,,-1.000000,1,,BSE,5.000000,0,False
500179,HCL-INSYS,HCL-INSYS,,-1.000000,1,,BSE,1.000000,0,False
500234,KAKATCEM,KAKATCEM,,-1.000000,1,,BSE,5.000000,0,False
500235,KSL,KSL,,-1.000000,1,,BSE,5.000000,0,False
500243,KIRLOSIND,KIRLOSIND,,-1.000000,1,,BSE,5.000000,0,False
500164,GODREJIND,GODREJIND,,-1.000000,1,,BSE,5.000000,0,False
500173,GFLLIMITED,GFLLIMITED,,-1.000000,1,,BSE,1.000000,0,False
500227,JINDALPOLY,JINDALPOLY,,-1.000000,1,,BSE,5.000000,0,False
500251,TRENT,TRENT,,-1.000000,1,,BSE,5.000000,0,True
500260,RAMCOCEM,RAMCOCEM,,-1.000000,1,,BSE,5.000000,0,False
500277,MIDINDIA,MIDINDIA,,-1.000000,1,,BSE,1.000000,0,False
500292,HEIDELBERG,HEIDELBERG,,-1.000000,1,,BSE,5.000000,0,False
500356,RAMANEWS,RAMANEWS,,-1.000000,1,,BSE,1.000000,0,False
500259,LYKALABS,LYKALABS,,-1.000000,1,,BSE,1.000000,0,False
500262,HYBRIDFIN,HYBRIDFIN,,-1.000000,1,,BSE,1.000000,0,False
500264,MAFATIND,MAFATIND,,-1.000000,1,,BSE,5.000000,0,False
500265,MAHSEAMLES,MAHSEAMLES,,-1.000000,1,,BSE,5.000000,0,False
500365,WELSPLSOL,WELSPLSOL,,-1.000000,1,,BSE,1.000000,0,False
500408,TATAELXSI,TATAELXSI,,-1.000000,1,,BSE,5.000000,0,True
500411,THERMAX,THERMAX,,-1.000000,1,,BSE,5.000000,0,False
500418,TOKYOPLAST,TOKYOPLAST,,-1.000000,1,,BSE,1.000000,0,False
500266,MAHSCOOTER,MAHSCOOTER,,-1.000000,1,,BSE,5.000000,0,False
500267,MAJESAUT,MAJESAUT,,-1.000000,1,,BSE,5.000000,0,False
500290,MRF,MRF,,-1.000000,1,,BSE,5.000000,0,False
500298,NAPEROL,NAPEROL,,-1.000000,1,,BSE,5.000000,0,False
500425,AMBUJACEM,AMBUJACEM,,-1.000000,1,,BSE,5.000000,0,True
500449,HOCL,HOCL,,-1.000000,1,,BSE,1.000000,0,False
500456,PASUPTAC,PASUPTAC,,-1.000000,1,,BSE,1.000000,0,False
500540,PREMIER,PREMIER,,-1.000000,1,,BSE,1.000000,0,False
500060,BIRLACABLE,BIRLACABLE,,-1.000000,1,,BSE,5.000000,0,False
500068,DISAQ,DISAQ,,-1.000000,1,,BSE,5.000000,0,False
500069,QUESTCAP,QUESTCAP,,-1.000000,1,,BSE,5.000000,0,False
500092,CRISIL,CRISIL,,-1.000000,1,,BSE,5.000000,0,False
500312,ONGC,ONGC,,-1.000000,1,,BSE,5.000000,0,True
500327,PILITA,PILITA,,-1.000000,1,,BSE,1.000000,0,False
500331,PIDILITIND,PIDILITIND,,-1.000000,1,,BSE,5.000000,0,True
500333,PIXTRANS,PIXTRANS,,-1.000000,1,,BSE,5.000000,0,False
500670,GNFC,GNFC,,-1.000000,1,,BSE,5.000000,0,False
500770,TATACHEM,TATACHEM,,-1.000000,1,,BSE,5.000000,0,False
500820,ASIANPAINT,ASIANPAINT,,-1.000000,1,,BSE,5.000000,0,True
500825,BRITANNIA,BRITANNIA,,-1.000000,1,,BSE,5.000000,0,True
500103,BHEL,BHEL,,-1.000000,1,,BSE,5.000000,0,True
500106,IFCI,IFCI,,-1.000000,1,,BSE,1.000000,0,False
500123,ELANTAS,ELANTAS,,-1.000000,1,,BSE,5.000000,0,False
500124,DRREDDY,DRREDDY,,-1.000000,1,,BSE,5.000000,0,True
500357,RAMAPPR-B,RAMAPPR-B,,-1.000000,1,,BSE,1.000000,0,False
500387,SHREECEM,SHREECEM,,-1.000000,1,,BSE,5.000000,0,True
500388,SKPMIL,SKPMIL,,-1.000000,1,,BSE,1.000000,0,False
500404,SUNFLAG,SUNFLAG,,-1.000000,1,,BSE,5.000000,0,False
500878,CEATLTD,CEATLTD,,-1.000000,1,,BSE,5.000000,0,False
501148,DSINVEST,DSINVEST,,-1.000000,1,,BSE,5.000000,0,False
501301,TATAINVEST,TATAINVEST,,-1.000000,1,,BSE,5.000000,0,False
501351,RAPIDIN,RAPIDIN,,-1.000000,1,,BSE,1.000000,0,False
500153,GANESHBE,GANESHBE,,-1.000000,1,,BSE,5.000000,0,False
500252,LMW,LMW,,-1.000000,1,,BSE,5.000000,0,False
500268,MANALIPETC,MANALIPETC,,-1.000000,1,,BSE,1.000000,0,False
500306,JAYKAY,JAYKAY,,-1.000000,1,,BSE,5.000000,0,False
500410,ACC,ACC,,-1.000000,1,,BSE,5.000000,0,False
500412,TIRUMALCHM,TIRUMALCHM,,-1.000000,1,,BSE,5.000000,0,False
500439,VHL,VHL,,-1.000000,1,,BSE,5.000000,0,False
500470,TATASTEEL,TATASTEEL,,-1.000000,1,,BSE,5.000000,0,True
501425,BBTC,BBTC,,-1.000000,1,,BSE,5.000000,0,False
501622,AMALGAM,AMALGAM,,-1.000000,1,,BSE,5.000000,0,False
501945,DHENUBUILD,DHENUBUILD,,-1.000000,1,,BSE,1.000000,0,False
502015,ASIIL,ASIIL,,-1.000000,1,,BSE,1.000000,0,False
500307,NIRLON,NIRLON,,-1.000000,1,,BSE,5.000000,0,False
500338,PRSMJOHNSN,PRSMJOHNSN,,-1.000000,1,,BSE,5.000000,0,False
500368,PATANJALI,PATANJALI,,-1.000000,1,,BSE,5.000000,0,True
500422,TRANSCHEM,TRANSCHEM,,-1.000000,1,,BSE,5.000000,0,False
500477,ASHOKLEY,ASHOKLEY,,-1.000000,1,,BSE,5.000000,0,True
500500,HINDMOTORS,HINDMOTORS,,-1.000000,1,,BSE,1.000000,0,False
500710,JSWDULUX,JSWDULUX,,-1.000000,1,,BSE,5.000000,0,False
501151,KARTKIN,KARTKIN,,-1.000000,1,,BSE,5.000000,0,False
502450,SESHAPAPER,SESHAPAPER,,-1.000000,1,,BSE,5.000000,0,False
503635,SALSAIN,SALSAIN,,-1.000000,1,,BSE,5.000000,0,False
503657,VEERENRGY,VEERENRGY,,-1.000000,1,,BSE,1.000000,0,False
500450,MPILCORPL,MPILCORPL,,-1.000000,1,,BSE,5.000000,0,False
500480,CUMMINSIND,CUMMINSIND,,-1.000000,1,,BSE,5.000000,0,True
500483,TATACOMM,TATACOMM,,-1.000000,1,,BSE,5.000000,0,False
500530,BOSCHLTD,BOSCHLTD,,-1.000000,1,,BSE,5.000000,0,True
501423,SHAILY,SHAILY,,-1.000000,1,,BSE,5.000000,0,False
501479,SFTL,SFTL,,-1.000000,50,,BSE,1.000000,0,False
501848,GARWAOFFS,GARWAOFFS,,-1.000000,1,,BSE,1.000000,0,False
502168,NCLIND,NCLIND,,-1.000000,1,,BSE,5.000000,0,False
500550,SIEMENS,SIEMENS,,-1.000000,1,,BSE,5.000000,0,True
500672,NOVARTIND,NOVARTIND,,-1.000000,1,,BSE,5.000000,0,False
500655,GRWRHITECH,GRWRHITECH,,-1.000000,1,,BSE,5.000000,0,False
500660,GLAXO,GLAXO,,-1.000000,1,,BSE,5.000000,0,False
502271,RASSIREF,RASSIREF,,-1.000000,1,,BSE,1.000000,0,False
502281,TRIVENIGQ,TRIVENIGQ,,-1.000000,1,,BSE,1.000000,0,False
502850,ZGAEKWAR,ZGAEKWAR,,-1.000000,1,,BSE,1.000000,0,False
502933,KATRSPG,KATRSPG,,-1.000000,1,,BSE,5.000000,0,False
500777,TNPETRO,TNPETRO,,-1.000000,1,,BSE,5.000000,0,False
501111,ZGOLDINV,ZGOLDINV,,-1.000000,1,,BSE,1.000000,0,False
501261,LORDSMARK,LORDSMARK,,-1.000000,1,,BSE,1.000000,0,False
501831,COASTCORP,COASTCORP,,-1.000000,1,,BSE,1.000000,0,False
503639,APOLLOIN,APOLLOIN,,-1.000000,1,,BSE,1.000000,0,False
503681,ELCIDIN,ELCIDIN,,-1.000000,1,,BSE,5.000000,0,False
503685,MEDIAONE,MEDIAONE,,-1.000000,1,,BSE,1.000000,0,False
503804,SHRIDINE,SHRIDINE,,-1.000000,1,,BSE,5.000000,0,False
502958,LAKSHMIMIL,LAKSHMIMIL,,-1.000000,1,,BSE,5.000000,0,False
503092,PASUSPG,PASUSPG,,-1.000000,1,,BSE,1.000000,0,False
503101,MARATHON,MARATHON,,-1.000000,1,,BSE,5.000000,0,False
503169,RUBYMILLS,RUBYMILLS,,-1.000000,1,,BSE,5.000000,0,False
503806,SRF,SRF,,-1.000000,1,,BSE,5.000000,0,True
503816,SWADPOL,SWADPOL,,-1.000000,1,,BSE,1.000000,0,False
503624,ZSVARAJT,ZSVARAJT,,-1.000000,1,,BSE,1.000000,0,False
503626,MANGLAM,MANGLAM,,-1.000000,1,,BSE,1.000000,0,False
503837,SHRAJSYNQ,SHRAJSYNQ,,-1.000000,1,,BSE,1.000000,0,False
504080,JSLINDL,JSLINDL,,-1.000000,1,,BSE,5.000000,0,False
504176,HIGHENE,HIGHENE,,-1.000000,1,,BSE,5.000000,0,False
504240,DLTNCBL,DLTNCBL,,-1.000000,1,,BSE,5.000000,0,False
504369,GRANDMA,GRANDMA,,-1.000000,1,,BSE,1.000000,0,False
504380,FLOMIC,FLOMIC,,-1.000000,1,,BSE,1.000000,0,False
504646,BGWTATO,BGWTATO,,-1.000000,1,,BSE,5.000000,0,False
504810,INFORTEC,INFORTEC,,-1.000000,1,,BSE,1.000000,0,False
505075,SETCO,SETCO,,-1.000000,1,,BSE,1.000000,0,False
505250,GGDPROP,GGDPROP,,-1.000000,1,,BSE,1.000000,0,False
505343,MONOT,MONOT,,-1.000000,1,,BSE,1.000000,0,False
505537,ZEEL,ZEEL,,-1.000000,1,,BSE,1.000000,0,False
505650,SKYLMILAR,SKYLMILAR,,-1.000000,1,,BSE,1.000000,0,False
505714,GABRIEL,GABRIEL,,-1.000000,1,,BSE,5.000000,0,False
505797,MPCOSEMB,MPCOSEMB,,-1.000000,1,,BSE,1.000000,0,False
505807,ROLCOEN,ROLCOEN,,-1.000000,50,,BSE,5.000000,0,False
505854,TRF,TRF,,-1.000000,1,,BSE,5.000000,0,False
503811,SIYSIL,SIYSIL,,-1.000000,1,,BSE,5.000000,0,False
504067,ZENSARTECH,ZENSARTECH,,-1.000000,1,,BSE,5.000000,0,False
504132,PERMAGN,PERMAGN,,-1.000000,1,,BSE,5.000000,0,False
504180,STDBAT,STDBAT,,-1.000000,1,,BSE,1.000000,0,False
506734,MYSORPETRO,MYSORPETRO,,-1.000000,1,,BSE,5.000000,0,False
506074,ARSHIYA,ARSHIYA,,-1.000000,1,,BSE,1.000000,0,False
506261,MODISONLTD,MODISONLTD,,-1.000000,1,,BSE,5.000000,0,False
506401,DEEPAKNTR,DEEPAKNTR,,-1.000000,1,,BSE,5.000000,0,False
504351,EMPOWER,EMPOWER,,-1.000000,1,,BSE,1.000000,0,False
504370,ARDIALL,ARDIALL,,-1.000000,1,,BSE,1.000000,0,False
504375,IDREAM,IDREAM,,-1.000000,50,,BSE,5.000000,0,False
504973,CHOLAHLDNG,CHOLAHLDNG,,-1.000000,1,,BSE,5.000000,0,False
507598,KLRFM,KLRFM,,-1.000000,1,,BSE,1.000000,0,False
504028,GEE,GEE,,-1.000000,1,,BSE,5.000000,0,False
504076,JYOTI,JYOTI,,-1.000000,1,,BSE,1.000000,0,False
504084,KAYCEEI,KAYCEEI,,-1.000000,1,,BSE,5.000000,0,False
504220,WSI,WSI,,-1.000000,1,,BSE,1.000000,0,False
506979,APTPACK,APTPACK,,-1.000000,1,,BSE,1.000000,0,False
507438,IFBAGRO,IFBAGRO,,-1.000000,1,,BSE,5.000000,0,False
507552,FOODSIN,FOODSIN,,-1.000000,1,,BSE,1.000000,0,False
504988,ZWELCAST,ZWELCAST,,-1.000000,1,,BSE,5.000000,0,False
505283,KIRLPNU,KIRLPNU,,-1.000000,1,,BSE,5.000000,0,False
505368,SEMAC,SEMAC,,-1.000000,1,,BSE,5.000000,0,False
505504,GHVINFRA,GHVINFRA,,-1.000000,1,,BSE,5.000000,0,False
507609,OLYOI,OLYOI,,-1.000000,1,,BSE,1.000000,0,False
507759,LIMECHM,LIMECHM,,-1.000000,1,,BSE,1.000000,0,False
507836,MCCHRLS-B,MCCHRLS-B,,-1.000000,1,,BSE,5.000000,0,False
508867,NEWMKTAVE,NEWMKTAVE,,-1.000000,1,,BSE,1.000000,0,False
504286,DELTAMAGNT,DELTAMAGNT,,-1.000000,1,,BSE,1.000000,0,False
504365,RIDHISYN,RIDHISYN,,-1.000000,1,,BSE,1.000000,0,False
504398,SJCORP,SJCORP,,-1.000000,1,,BSE,5.000000,0,False
504614,SARDAEN,SARDAEN,,-1.000000,1,,BSE,5.000000,0,False
505703,SATANIBRG,SATANIBRG,,-1.000000,1,,BSE,5.000000,0,False
505840,JAIPAN,JAIPAN,,-1.000000,1,,BSE,1.000000,0,False
505978,TRITONV,TRITONV,,-1.000000,1,,BSE,5.000000,0,False
506042,ZPRBHSTE,ZPRBHSTE,,-1.000000,1,,BSE,5.000000,0,False
505010,AUTOAXLES,AUTOAXLES,,-1.000000,1,,BSE,5.000000,0,False
505196,TIL,TIL,,-1.000000,1,,BSE,5.000000,0,False
505216,ALFREDHE,ALFREDHE,,-1.000000,1,,BSE,5.000000,0,False
505242,DYNAMATECH,DYNAMATECH,,-1.000000,1,,BSE,5.000000,0,False
508933,AYMSYNTEX,AYMSYNTEX,,-1.000000,1,,BSE,5.000000,0,False
509020,RUCHINFRA,RUCHINFRA,,-1.000000,1,,BSE,1.000000,0,False
509048,LANCORHOL,LANCORHOL,,-1.000000,1,,BSE,1.000000,0,False
509055,VISAKAIND,VISAKAIND,,-1.000000,1,,BSE,1.000000,0,False
506076,GRINDWELL,GRINDWELL,,-1.000000,1,,BSE,5.000000,0,False
506222,STYRENIX,STYRENIX,,-1.000000,1,,BSE,5.000000,0,False
506248,AMNPLST,AMNPLST,,-1.000000,1,,BSE,5.000000,0,False
506480,GOCLCORP,GOCLCORP,,-1.000000,1,,BSE,5.000000,0,False
505255,GMMPFAUDLR,GMMPFAUDLR,,-1.000000,1,,BSE,5.000000,0,False
505299,KPT,KPT,,-1.000000,1,,BSE,5.000000,0,False
505400,TEXINFRA,TEXINFRA,,-1.000000,1,,BSE,5.000000,0,False
505533,WESTLIFE,WESTLIFE,,-1.000000,1,,BSE,5.000000,0,False
506605,POLYCHEM,POLYCHEM,,-1.000000,1,,BSE,5.000000,0,False
506879,GUJTHEM,GUJTHEM,,-1.000000,1,,BSE,5.000000,0,False
507155,JAGAJITIND,JAGAJITIND,,-1.000000,1,,BSE,5.000000,0,False
507717,DHANUKA,DHANUKA,,-1.000000,1,,BSE,5.000000,0,False
511092,JMDVL,JMDVL,,-1.000000,1,,BSE,1.000000,0,False
511187,MILLENNIUM,MILLENNIUM,,-1.000000,1,,BSE,1.000000,0,False
511559,TEAMGTY,TEAMGTY,,-1.000000,1,,BSE,5.000000,0,False
511571,CRESCENTIS,CRESCENTIS,,-1.000000,1,,BSE,5.000000,0,False
505710,GRAUWEIL,GRAUWEIL,,-1.000000,1,,BSE,1.000000,0,False
505737,INTLCOMBQ,INTLCOMBQ,,-1.000000,1,,BSE,5.000000,0,False
505872,WPIL,WPIL,,-1.000000,1,,BSE,5.000000,0,False
506003,SUDAI,SUDAI,,-1.000000,1,,BSE,1.000000,0,False
507789,JAGSNPHARM,JAGSNPHARM,,-1.000000,1,,BSE,5.000000,0,False
507817,WIREFABR,WIREFABR,,-1.000000,1,,BSE,5.000000,0,False
507910,FIBERWEB,FIBERWEB,,-1.000000,1,,BSE,1.000000,0,False
507944,BAJAJST,BAJAJST,,-1.000000,1,,BSE,5.000000,0,False
506022,PRAKASH,PRAKASH,,-1.000000,1,,BSE,5.000000,0,False
506079,LAKPRE,LAKPRE,,-1.000000,1,,BSE,1.000000,0,False
506105,STANROS,STANROS,,-1.000000,1,,BSE,1.000000,0,False
506161,ISHWATR,ISHWATR,,-1.000000,1,,BSE,1.000000,0,False
511626,RRFIN,RRFIN,,-1.000000,1,,BSE,1.000000,0,False
511630,SAMBHAAV,SAMBHAAV,,-1.000000,1,,BSE,1.000000,0,False
511654,SUGALDAM,SUGALDAM,,-1.000000,1,,BSE,1.000000,0,False
511692,AJCON,AJCON,,-1.000000,1,,BSE,1.000000,0,False
504000,ELPROINTL,ELPROINTL,,-1.000000,1,,BSE,5.000000,0,False
504112,NELCO,NELCO,,-1.000000,1,,BSE,5.000000,0,False
504273,MODULEX,MODULEX,,-1.000000,1,,BSE,1.000000,0,False
504918,SANDUMA,SANDUMA,,-1.000000,1,,BSE,5.000000,0,False
508906,EVERESTIND,EVERESTIND,,-1.000000,1,,BSE,5.000000,0,False
508961,SHRICON,SHRICON,,-1.000000,1,,BSE,5.000000,0,False
509038,VOLLF,VOLLF,,-1.000000,1,,BSE,1.000000,0,False
509046,TRILIANCE,TRILIANCE,,-1.000000,1,,BSE,1.000000,0,False
506285,BAYERCROP,BAYERCROP,,-1.000000,1,,BSE,5.000000,0,False
506390,SUDARCOLOR,SUDARCOLOR,,-1.000000,1,,BSE,5.000000,0,False
506395,COROMANDEL,COROMANDEL,,-1.000000,1,,BSE,5.000000,0,False
506405,DMCC,DMCC,,-1.000000,1,,BSE,5.000000,0,False
504959,STOVACQ,STOVACQ,,-1.000000,1,,BSE,5.000000,0,False
505029,ATLASCYCLE,ATLASCYCLE,,-1.000000,1,,BSE,1.000000,0,False
505160,TALBROAUTO,TALBROAUTO,,-1.000000,1,,BSE,5.000000,0,False
505163,ZFSTEERING,ZFSTEERING,,-1.000000,1,,BSE,5.000000,0,False
509079,GUFICBIO,GUFICBIO,,-1.000000,1,,BSE,5.000000,0,False
509162,INDAG,INDAG,,-1.000000,1,,BSE,5.000000,0,False
509196,MMRUBBR-B,MMRUBBR-B,,-1.000000,1,,BSE,1.000000,0,False
509782,OSEASPR,OSEASPR,,-1.000000,1,,BSE,1.000000,0,False
511710,CUBIFIN,CUBIFIN,,-1.000000,1,,BSE,1.000000,0,False
511756,ABIRAFN,ABIRAFN,,-1.000000,1,,BSE,1.000000,0,False
512025,ASGARD,ASGARD,,-1.000000,1,,BSE,1.000000,0,False
512179,SUNTECK,SUNTECK,,-1.000000,1,,BSE,5.000000,0,False
506642,SADHNANIQ,SADHNANIQ,,-1.000000,1,,BSE,1.000000,0,False
506655,SUDARSCHEM,SUDARSCHEM,,-1.000000,1,,BSE,5.000000,0,False
506687,TRANSPEK,TRANSPEK,,-1.000000,1,,BSE,5.000000,0,False
507265,EMERALL,EMERALL,,-1.000000,1,,BSE,5.000000,0,False
509820,HUHTAMAKI,HUHTAMAKI,,-1.000000,1,,BSE,5.000000,0,False
509966,VSTIND,VSTIND,,-1.000000,1,,BSE,5.000000,0,False
511131,KAMANWALA,KAMANWALA,,-1.000000,1,,BSE,1.000000,0,False
511246,BOMTALKIES,BOMTALKIES,,-1.000000,1,,BSE,1.000000,0,False
505358,INTEGRAEN,INTEGRAEN,,-1.000000,1,,BSE,5.000000,0,False
505590,SVPGLOB,SVPGLOB,,-1.000000,1,,BSE,1.000000,0,False
505690,BRADYM,BRADYM,,-1.000000,1,,BSE,5.000000,0,False
505725,ALGOQUANT,ALGOQUANT,,-1.000000,1,,BSE,1.000000,0,False
507498,PICCASUG,PICCASUG,,-1.000000,1,,BSE,1.000000,0,False
507514,SDBL,SDBL,,-1.000000,1,,BSE,1.000000,0,False
507685,WIPRO,WIPRO,,-1.000000,1,,BSE,5.000000,0,True
507747,TTKHLTCARE,TTKHLTCARE,,-1.000000,1,,BSE,5.000000,0,False
512271,TASHIND,TASHIND,,-1.000000,1,,BSE,5.000000,0,False
512291,ZSPEEDCO,ZSPEEDCO,,-1.000000,50,,BSE,1.000000,0,False
512361,CUPIDALBV,CUPIDALBV,,-1.000000,1,,BSE,1.000000,0,False
512405,IPOWER,IPOWER,,-1.000000,1,,BSE,1.000000,0,False
511254,SAGARSYST,SAGARSYST,,-1.000000,1,,BSE,1.000000,0,False
511441,GUJCRED,GUJCRED,,-1.000000,1,,BSE,1.000000,0,False
511509,VIVOBIOT,VIVOBIOT,,-1.000000,1,,BSE,1.000000,0,False
511605,ARIHANTCAP,ARIHANTCAP,,-1.000000,1,,BSE,1.000000,0,False
507952,SHIKHARLETR,SHIKHARLETR,,-1.000000,1,,BSE,1.000000,0,False
507968,JOLYPLS,JOLYPLS,,-1.000000,1,,BSE,1.000000,0,False
507984,DESIFARMS,DESIFARMS,,-1.000000,1,,BSE,5.000000,0,False
507998,SIMMOND,SIMMOND,,-1.000000,1,,BSE,5.000000,0,False
505726,IFBIND,IFBIND,,-1.000000,1,,BSE,5.000000,0,False
505744,FMGOETZE,FMGOETZE,,-1.000000,1,,BSE,5.000000,0,False
505850,MANCREDIT,MANCREDIT,,-1.000000,1,,BSE,5.000000,0,False
505893,HINDHARD,HINDHARD,,-1.000000,1,,BSE,5.000000,0,False
511634,AXENTRA,AXENTRA,,-1.000000,1,,BSE,5.000000,0,False
511730,BYLD,BYLD,,-1.000000,1,,BSE,1.000000,0,False
511768,MASTERTR,MASTERTR,,-1.000000,1,,BSE,1.000000,0,False
512014,SOBME,SOBME,,-1.000000,1,,BSE,5.000000,0,False
512415,MERCTRD,MERCTRD,,-1.000000,1,,BSE,1.000000,0,False
512505,MEENST,MEENST,,-1.000000,1,,BSE,1.000000,0,False
512608,BHANDARI,BHANDARI,,-1.000000,1,,BSE,1.000000,0,False
513039,ZHINUDYP,ZHINUDYP,,-1.000000,1,,BSE,1.000000,0,False
508905,NEXOME,NEXOME,,-1.000000,1,,BSE,5.000000,0,False
508922,MSRINDIA,MSRINDIA,,-1.000000,1,,BSE,1.000000,0,False
509024,GOLDLEG,GOLDLEG,,-1.000000,1,,BSE,1.000000,0,False
509073,HATHWAYB,HATHWAYB,,-1.000000,1,,BSE,1.000000,0,False
512024,NDMETAL,NDMETAL,,-1.000000,1,,BSE,1.000000,0,False
512036,SKYBIOTECH,SKYBIOTECH,,-1.000000,1,,BSE,5.000000,0,False
512038,TCC,TCC,,-1.000000,1,,BSE,5.000000,0,False
512047,ROYALIND,ROYALIND,,-1.000000,1,,BSE,1.000000,0,False
513097,SBCL,SBCL,,-1.000000,1,,BSE,5.000000,0,False
513173,STLSTRINF,STLSTRINF,,-1.000000,1,,BSE,1.000000,0,False
513252,JAYUSH,JAYUSH,,-1.000000,1,,BSE,5.000000,0,False
513488,SSWRL,SSWRL,,-1.000000,1,,BSE,1.000000,0,False
506166,APIS,APIS,,-1.000000,1,,BSE,1.000000,0,False
506178,VELOX,VELOX,,-1.000000,1,,BSE,1.000000,0,False
506365,STARSOURCE,STARSOURCE,,-1.000000,1,,BSE,1.000000,0,False
506525,KANORICHEM,KANORICHEM,,-1.000000,1,,BSE,5.000000,0,False
509243,TVSSRICHAK,TVSSRICHAK,,-1.000000,1,,BSE,5.000000,0,False
509438,BENARAS,BENARAS,,-1.000000,1,,BSE,5.000000,0,False
509472,CRAVATEX,CRAVATEX,,-1.000000,1,,BSE,5.000000,0,False
509546,GRAVISSHO,GRAVISSHO,,-1.000000,1,,BSE,1.000000,0,False
512048,DHANSAFAL,DHANSAFAL,,-1.000000,1,,BSE,1.000000,0,False
512064,VISVEN,VISVEN,,-1.000000,1,,BSE,1.000000,0,False
512065,MRUTR,MRUTR,,-1.000000,1,,BSE,5.000000,0,False
512099,EY,EY,,-1.000000,1,,BSE,5.000000,0,False
513498,SOUTHMG,SOUTHMG,,-1.000000,1,,BSE,1.000000,0,False
513511,PANCHMAHQ,PANCHMAHQ,,-1.000000,1,,BSE,5.000000,0,False
513532,PRADPME,PRADPME,,-1.000000,1,,BSE,5.000000,0,False
513683,NLCINDIA,NLCINDIA,,-1.000000,1,,BSE,5.000000,0,False
506543,MPAGI,MPAGI,,-1.000000,1,,BSE,1.000000,0,False
506580,PBGLOBAL,PBGLOBAL,,-1.000000,1,,BSE,1.000000,0,False
506858,GUJPETR,GUJPETR,,-1.000000,1,,BSE,1.000000,0,False
506981,BLUECHIPT,BLUECHIPT,,-1.000000,1,,BSE,5.000000,0,False
509557,GARFIBRES,GARFIBRES,,-1.000000,1,,BSE,5.000000,0,False
509732,KOTIC,KOTIC,,-1.000000,1,,BSE,5.000000,0,False
511018,ZMILGFIN,ZMILGFIN,,-1.000000,1,,BSE,1.000000,0,False
511076,AEROENTER,AEROENTER,,-1.000000,1,,BSE,5.000000,0,False
512131,SIGIND,SIGIND,,-1.000000,1,,BSE,1.000000,0,False
512149,AVANCE,AVANCE,,-1.000000,1,,BSE,1.000000,0,False
512161,SECURKLOUD,SECURKLOUD,,-1.000000,1,,BSE,1.000000,0,False
512197,SILVERO,SILVERO,,-1.000000,1,,BSE,1.000000,0,False
513693,KAJARIR,KAJARIR,,-1.000000,1,,BSE,1.000000,0,False
513713,WHITEORG,WHITEORG,,-1.000000,1,,BSE,1.000000,0,False
514030,DEEPAKSP,DEEPAKSP,,-1.000000,1,,BSE,5.000000,0,False
514060,NEWTRAC,NEWTRAC,,-1.000000,1,,BSE,1.000000,0,False
507410,WALCHANNAG,WALCHANNAG,,-1.000000,1,,BSE,5.000000,0,False
507490,RANASUG,RANASUG,,-1.000000,1,,BSE,1.000000,0,False
507690,ORIBEVER,ORIBEVER,,-1.000000,1,,BSE,5.000000,0,False
507779,KANPRPLA,KANPRPLA,,-1.000000,1,,BSE,5.000000,0,False
511096,TVOLCON,TVOLCON,,-1.000000,1,,BSE,1.000000,0,False
511196,CANFINHOME,CANFINHOME,,-1.000000,1,,BSE,5.000000,0,False
511208,IVC,IVC,,-1.000000,1,,BSE,1.000000,0,False
511260,ICONIKSPEV,ICONIKSPEV,,-1.000000,1,,BSE,1.000000,0,False
511355,INDCEMCAP,INDCEMCAP,,-1.000000,1,,BSE,1.000000,0,False
511359,ADMANUM,ADMANUM,,-1.000000,1,,BSE,1.000000,0,False
511413,CREST,CREST,,-1.000000,1,,BSE,5.000000,0,False
511451,DHARFIN,DHARFIN,,-1.000000,1,,BSE,1.000000,0,False
512217,PRISMMEDI,PRISMMEDI,,-1.000000,1,,BSE,1.000000,0,False
512229,VERITAS,VERITAS,,-1.000000,1,,BSE,5.000000,0,False
512245,ZNIVITRD,ZNIVITRD,,-1.000000,50,,BSE,1.000000,0,False
512303,ZMANSOON,ZMANSOON,,-1.000000,50,,BSE,1.000000,0,False
514113,ADINATH,ADINATH,,-1.000000,1,,BSE,1.000000,0,False
514140,SURYVANSP,SURYVANSP,,-1.000000,1,,BSE,1.000000,0,False
514183,BLACKROSE,BLACKROSE,,-1.000000,1,,BSE,5.000000,0,False
514197,STCORP,STCORP,,-1.000000,1,,BSE,1.000000,0,False
507794,KHAICHEM,KHAICHEM,,-1.000000,1,,BSE,1.000000,0,False
507962,FYNX,FYNX,,-1.000000,1,,BSE,1.000000,0,False
508814,COSMOFIRST,COSMOFIRST,,-1.000000,1,,BSE,5.000000,0,False
508875,NITINCAST,NITINCAST,,-1.000000,1,,BSE,5.000000,0,False
511463,ALEXANDER,ALEXANDER,,-1.000000,1,,BSE,1.000000,0,False
511628,FEDDERSHOL,FEDDERSHOL,,-1.000000,1,,BSE,1.000000,0,False
511507,USHAKIRA,USHAKIRA,,-1.000000,1,,BSE,1.000000,0,False
511533,SAHARAHOUS,SAHARAHOUS,,-1.000000,1,,BSE,1.000000,0,False
512463,LLOYDSENT,LLOYDSENT,,-1.000000,1,,BSE,1.000000,0,False
512481,POLYTEX,POLYTEX,,-1.000000,1,,BSE,1.000000,0,False
512489,OASISEC,OASISEC,,-1.000000,1,,BSE,1.000000,0,False
512517,VINVANI,VINVANI,,-1.000000,1,,BSE,1.000000,0,False
514211,SUMEETINDS,SUMEETINDS,,-1.000000,1,,BSE,1.000000,0,False
514266,ZENIFIB,ZENIFIB,,-1.000000,1,,BSE,1.000000,0,False
514274,VGL,VGL,,-1.000000,1,,BSE,1.000000,0,False
514286,ASHIMASYN,ASHIMASYN,,-1.000000,1,,BSE,1.000000,0,False
508956,HBLEAS,HBLEAS,,-1.000000,1,,BSE,1.000000,0,False
508980,FRONTCAP,FRONTCAP,,-1.000000,1,,BSE,1.000000,0,False
509009,AUSOMENT,AUSOMENT,,-1.000000,1,,BSE,5.000000,0,False
509051,INDINFO,INDINFO,,-1.000000,1,,BSE,1.000000,0,False
511688,MATHEWE,MATHEWE,,-1.000000,1,,BSE,1.000000,0,False
512018,TTGIL,TTGIL,,-1.000000,1,,BSE,1.000000,0,False
512020,ZSARACOM,ZSARACOM,,-1.000000,1,,BSE,5.000000,0,False
512101,TRIPR,TRIPR,,-1.000000,1,,BSE,1.000000,0,False
512529,VIYASH,VIYASH,,-1.000000,1,,BSE,5.000000,0,False
512600,ASTALLTD,ASTALLTD,,-1.000000,1,,BSE,1.000000,0,False
513043,REMIEDEL,REMIEDEL,,-1.000000,1,,BSE,5.000000,0,False
513117,AMFORG,AMFORG,,-1.000000,1,,BSE,1.000000,0,False
509152,GRPLTD,GRPLTD,,-1.000000,1,,BSE,5.000000,0,False
509525,EMPIND,EMPIND,,-1.000000,1,,BSE,5.000000,0,False
509563,GARWAMAR,GARWAMAR,,-1.000000,1,,BSE,1.000000,0,False
509631,HEG,HEG,,-1.000000,1,,BSE,5.000000,0,False
514324,OMNITEX,OMNITEX,,-1.000000,1,,BSE,5.000000,0,False
514336,CCME,CCME,,-1.000000,1,,BSE,1.000000,0,False
515018,REGENCERAM,REGENCERAM,,-1.000000,1,,BSE,1.000000,0,False
515055,ANANTRAJ,ANANTRAJ,,-1.000000,1,,BSE,5.000000,0,False
512109,AVIVA,AVIVA,,-1.000000,1,,BSE,1.000000,0,False
512237,JAICORPLTD,JAICORPLTD,,-1.000000,1,,BSE,1.000000,0,False
512265,AVONMERC,AVONMERC,,-1.000000,1,,BSE,1.000000,0,False
512297,SHANTAI,SHANTAI,,-1.000000,1,,BSE,1.000000,0,False
513121,ORICONENT,ORICONENT,,-1.000000,1,,BSE,1.000000,0,False
513250,JYOTISTRUC,JYOTISTRUC,,-1.000000,1,,BSE,1.000000,0,False
513295,IMEC,IMEC,,-1.000000,1,,BSE,5.000000,0,False
513375,CARBORUNIV,CARBORUNIV,,-1.000000,1,,BSE,5.000000,0,False
512344,ARAVALIS,ARAVALIS,,-1.000000,1,,BSE,1.000000,0,False
512618,RLF,RLF,,-1.000000,1,,BSE,1.000000,0,False
509692,INDIANCARD,INDIANCARD,,-1.000000,1,,BSE,5.000000,0,False
509709,INTLCONV,INTLCONV,,-1.000000,1,,BSE,1.000000,0,False
509715,JAYSREETEA,JAYSREETEA,,-1.000000,1,,BSE,1.000000,0,False
509835,PREMSYN,PREMSYN,,-1.000000,1,,BSE,1.000000,0,False
512433,ASUTENT,ASUTENT,,-1.000000,100,,BSE,1.000000,0,False
512441,ENBETRD,ENBETRD,,-1.000000,1,,BSE,1.000000,0,False
513460,MAHALXSE,MAHALXSE,,-1.000000,1,,BSE,1.000000,0,False
513544,MSCTC,MSCTC,,-1.000000,1,,BSE,1.000000,0,False
513554,MAHASTEEL,MAHASTEEL,,-1.000000,1,,BSE,5.000000,0,False
513642,AXELPOLY,AXELPOLY,,-1.000000,1,,BSE,1.000000,0,False
516038,KSSMART,KSSMART,,-1.000000,1,,BSE,5.000000,0,False
517059,SALZERELEC,SALZERELEC,,-1.000000,1,,BSE,5.000000,0,False
517146,USHAMART,USHAMART,,-1.000000,1,,BSE,5.000000,0,False
517320,MAGNUS,MAGNUS,,-1.000000,1,,BSE,1.000000,0,False
512624,REGENTRP,REGENTRP,,-1.000000,1,,BSE,1.000000,0,False
513012,ZJEETMAC,ZJEETMAC,,-1.000000,1,,BSE,1.000000,0,False
513059,GSAUTO,GSAUTO,,-1.000000,1,,BSE,1.000000,0,False
513513,ADITYA,ADITYA,,-1.000000,1,,BSE,1.000000,0,False
514316,RAGHUSYN,RAGHUSYN,,-1.000000,1,,BSE,1.000000,0,False
517399,VXLINSTR,VXLINSTR,,-1.000000,1,,BSE,1.000000,0,False
517415,LEENEE,LEENEE,,-1.000000,1,,BSE,1.000000,0,False
517447,RSSOFTWARE,RSSOFTWARE,,-1.000000,1,,BSE,1.000000,0,False
517556,PVP,PVP,,-1.000000,1,,BSE,1.000000,0,False
509874,SHALPAINTS,SHALPAINTS,,-1.000000,1,,BSE,1.000000,0,False
509895,HINDMILL,HINDMILL,,-1.000000,1,,BSE,5.000000,0,False
510245,SWASTIVI,SWASTIVI,,-1.000000,1,,BSE,1.000000,0,False
511000,MSLGLOBAL,MSLGLOBAL,,-1.000000,1,,BSE,1.000000,0,False
514028,RAJKSYN,RAJKSYN,,-1.000000,1,,BSE,1.000000,0,False
514087,PBMPOLY,PBMPOLY,,-1.000000,1,,BSE,1.000000,0,False
514236,TTLEL,TTLEL,,-1.000000,1,,BSE,1.000000,0,False
514045,BSL,BSL,,-1.000000,1,,BSE,5.000000,0,False
514167,GANECOS,GANECOS,,-1.000000,1,,BSE,5.000000,0,False
514238,MKVENTURES,MKVENTURES,,-1.000000,1,,BSE,5.000000,0,False
514260,SURBHIN,SURBHIN,,-1.000000,1,,BSE,1.000000,0,False
515008,MODINSU,MODINSU,,-1.000000,1,,BSE,5.000000,0,False
516022,STARPAPER,STARPAPER,,-1.000000,1,,BSE,5.000000,0,False
516064,ARROWGREEN,ARROWGREEN,,-1.000000,1,,BSE,5.000000,0,False
516072,VISHNU,VISHNU,,-1.000000,1,,BSE,5.000000,0,False
519183,ADFFOODS,ADFFOODS,,-1.000000,1,,BSE,5.000000,0,False
519359,POONADAL,POONADAL,,-1.000000,1,,BSE,1.000000,0,False
519532,ASIANTNE,ASIANTNE,,-1.000000,1,,BSE,1.000000,0,False
520121,ARCEEIN,ARCEEIN,,-1.000000,1,,BSE,1.000000,0,False
511074,EASYFIN,EASYFIN,,-1.000000,1,,BSE,5.000000,0,False
511169,RKDAGRRTL,RKDAGRRTL,,-1.000000,1,,BSE,1.000000,0,False
511185,RAJVI,RAJVI,,-1.000000,1,,BSE,1.000000,0,False
511200,MUNCAPM,MUNCAPM,,-1.000000,1,,BSE,1.000000,0,False
514332,NEOINFRA,NEOINFRA,,-1.000000,1,,BSE,1.000000,0,False
514386,GUJCOTEX,GUJCOTEX,,-1.000000,1,,BSE,1.000000,0,False
514418,MANORG,MANORG,,-1.000000,1,,BSE,5.000000,0,False
516108,STHINPA,STHINPA,,-1.000000,1,,BSE,5.000000,0,False
511401,MCLTD,MCLTD,,-1.000000,1,,BSE,1.000000,0,False
511411,SHRISTI,SHRISTI,,-1.000000,1,,BSE,1.000000,0,False
511431,VAKRANGEE,VAKRANGEE,,-1.000000,1,,BSE,1.000000,0,False
511493,SHRYDUS,SHRYDUS,,-1.000000,1,,BSE,1.000000,0,False
517170,EDVENSWA,EDVENSWA,,-1.000000,1,,BSE,1.000000,0,False
517230,AURIQUE,AURIQUE,,-1.000000,1,,BSE,1.000000,0,False
517238,DYNAVSN,DYNAVSN,,-1.000000,1,,BSE,5.000000,0,False
517286,RNITAI,RNITAI,,-1.000000,1,,BSE,1.000000,0,False
520123,ABCINDQ,ABCINDQ,,-1.000000,1,,BSE,1.000000,0,False
521018,MARALOVER,MARALOVER,,-1.000000,1,,BSE,1.000000,0,False
521180,SUPERSPIN,SUPERSPIN,,-1.000000,1,,BSE,1.000000,0,False
521216,DHANROTO,DHANROTO,,-1.000000,1,,BSE,1.000000,0,False
517035,RIR,RIR,,-1.000000,1,,BSE,5.000000,0,False
517077,INDAGIV,INDAGIV,,-1.000000,1,,BSE,1.000000,0,False
517174,HONAUT,HONAUT,,-1.000000,1,,BSE,5.000000,0,False
517273,S&SPOWER,S&SPOWER,,-1.000000,1,,BSE,5.000000,0,False
517393,REGANTO,REGANTO,,-1.000000,1,,BSE,1.000000,0,False
517417,PATELSAI,PATELSAI,,-1.000000,1,,BSE,5.000000,0,False
517498,WEBELSOLAR,WEBELSOLAR,,-1.000000,1,,BSE,1.000000,0,False
517506,TTKPRESTIG,TTKPRESTIG,,-1.000000,1,,BSE,5.000000,0,False
511539,SUPRATRE,SUPRATRE,,-1.000000,1,,BSE,1.000000,0,False
511549,MORARKFI,MORARKFI,,-1.000000,1,,BSE,1.000000,0,False
511563,SANCF,SANCF,,-1.000000,1,,BSE,1.000000,0,False
511589,AVONMORE,AVONMORE,,-1.000000,1,,BSE,1.000000,0,False
517354,HAVELLS,HAVELLS,,-1.000000,1,,BSE,5.000000,0,True
517514,DHINDIA,DHINDIA,,-1.000000,1,,BSE,5.000000,0,False
517530,SURANAT&P,SURANAT&P,,-1.000000,1,,BSE,1.000000,0,False
519216,AJANTSOY,AJANTSOY,,-1.000000,1,,BSE,1.000000,0,False
522001,CRANEX,CRANEX,,-1.000000,1,,BSE,1.000000,0,False
522101,KLBRENG-B,KLBRENG-B,,-1.000000,1,,BSE,5.000000,0,False
522207,RASANDIK,RASANDIK,,-1.000000,1,,BSE,1.000000,0,False
522273,AHMDSTE,AHMDSTE,,-1.000000,1,,BSE,5.000000,0,False
517569,KEI,KEI,,-1.000000,1,,BSE,5.000000,0,True
518053,SRICC,SRICC,,-1.000000,1,,BSE,1.000000,0,False
519260,SANWARIA,SANWARIA,,-1.000000,1,,BSE,1.000000,0,False
519287,MODAIRY,MODAIRY,,-1.000000,1,,BSE,1.000000,0,False
519234,SIEL,SIEL,,-1.000000,1,,BSE,1.000000,0,False
519238,SPTRSHI,SPTRSHI,,-1.000000,1,,BSE,1.000000,0,False
519242,SRDAPRT,SRDAPRT,,-1.000000,1,,BSE,1.000000,0,False
519353,NOVYRA,NOVYRA,,-1.000000,100,,BSE,1.000000,0,False
522295,CONTROLPR,CONTROLPR,,-1.000000,1,,BSE,5.000000,0,False
523019,BNRSEC,BNRSEC,,-1.000000,1,,BSE,1.000000,0,False
523054,ZBINTXPP,ZBINTXPP,,-1.000000,1,,BSE,5.000000,0,False
523277,GVFILM,GVFILM,,-1.000000,1,,BSE,1.000000,0,False
511658,NETTLINX,NETTLINX,,-1.000000,1,,BSE,1.000000,0,False
511696,CHRTEDCA,CHRTEDCA,,-1.000000,1,,BSE,5.000000,0,False
511716,INVIGO,INVIGO,,-1.000000,1,,BSE,1.000000,0,False
511726,VIPULLTD,VIPULLTD,,-1.000000,1,,BSE,1.000000,0,False
519483,TAIIND,TAIIND,,-1.000000,1,,BSE,1.000000,0,False
519500,BKV,BKV,,-1.000000,1,,BSE,1.000000,0,False
520111,RATNAMANI,RATNAMANI,,-1.000000,1,,BSE,5.000000,0,False
521082,CLCIND,CLCIND,,-1.000000,1,,BSE,1.000000,0,False
519574,HINDUST,HINDUST,,-1.000000,1,,BSE,1.000000,0,False
519606,INTEGFD,INTEGFD,,-1.000000,1,,BSE,5.000000,0,False
520008,RICOAUTO,RICOAUTO,,-1.000000,1,,BSE,5.000000,0,False
520056,TVSHLTD,TVSHLTD,,-1.000000,1,,BSE,5.000000,0,False
523351,STDSHOE,STDSHOE,,-1.000000,100,,BSE,1.000000,0,False
523367,DCMSHRIRAM,DCMSHRIRAM,,-1.000000,1,,BSE,5.000000,0,False
523373,MINID,MINID,,-1.000000,1,,BSE,1.000000,0,False
523457,LINDEINDIA,LINDEINDIA,,-1.000000,1,,BSE,5.000000,0,False
521220,DAMODARIND,DAMODARIND,,-1.000000,1,,BSE,1.000000,0,False
521226,UNIROYAL,UNIROYAL,,-1.000000,1,,BSE,1.000000,0,False
521234,SRINACHA,SRINACHA,,-1.000000,1,,BSE,1.000000,0,False
522014,UNIDT,UNIDT,,-1.000000,1,,BSE,5.000000,0,False
511734,PASUFIN,PASUFIN,,-1.000000,1,,BSE,1.000000,0,False
512004,ZNILKENG,ZNILKENG,,-1.000000,50,,BSE,1.000000,0,False
512026,VEGA,VEGA,,-1.000000,1,,BSE,1.000000,0,False
512070,UPL,UPL,,-1.000000,1,,BSE,5.000000,0,True
521054,KAKTEX,KAKTEX,,-1.000000,1,,BSE,1.000000,0,False
521080,PASARI,PASARI,,-1.000000,1,,BSE,1.000000,0,False
521151,DHANFAB,DHANFAB,,-1.000000,1,,BSE,1.000000,0,False
521163,ZODIACLOTH,ZODIACLOTH,,-1.000000,1,,BSE,1.000000,0,False
522152,SOLIMAC,SOLIMAC,,-1.000000,1,,BSE,1.000000,0,False
522229,TANAA,TANAA,,-1.000000,1,,BSE,5.000000,0,False
522237,SHIVAGR,SHIVAGR,,-1.000000,1,,BSE,1.000000,0,False
522245,IYKOTHITE,IYKOTHITE,,-1.000000,1,,BSE,1.000000,0,False
523465,INDBNK,INDBNK,,-1.000000,1,,BSE,1.000000,0,False
523475,LOTUSCHO,LOTUSCHO,,-1.000000,1,,BSE,5.000000,0,False
523519,UNIOFFICE,UNIOFFICE,,-1.000000,1,,BSE,1.000000,0,False
523537,APMIN,APMIN,,-1.000000,1,,BSE,1.000000,0,False
512103,NIDHGRN,NIDHGRN,,-1.000000,1,,BSE,5.000000,0,False
512115,ROSEMER,ROSEMER,,-1.000000,1,,BSE,1.000000,0,False
512117,TWIROST,TWIROST,,-1.000000,1,,BSE,1.000000,0,False
512296,BHAGYANGR,BHAGYANGR,,-1.000000,1,,BSE,5.000000,0,False
521200,SURYALAXMI,SURYALAXMI,,-1.000000,1,,BSE,1.000000,0,False
522091,UVDRHOR,UVDRHOR,,-1.000000,1,,BSE,1.000000,0,False
522257,RAJOOENG,RAJOOENG,,-1.000000,1,,BSE,1.000000,0,False
522261,DOLPHIN,DOLPHIN,,-1.000000,1,,BSE,5.000000,0,False
522650,BEMHY,BEMHY,,-1.000000,1,,BSE,5.000000,0,False
523232,CONTPTR,CONTPTR,,-1.000000,1,,BSE,1.000000,0,False
523289,RAMAVISION,RAMAVISION,,-1.000000,1,,BSE,5.000000,0,False
523319,BALMLAWRIE,BALMLAWRIE,,-1.000000,1,,BSE,5.000000,0,False
512359,SWORDEDGE,SWORDEDGE,,-1.000000,1,,BSE,1.000000,0,False
512367,ZSHERAPR,ZSHERAPR,,-1.000000,100,,BSE,1.000000,0,False
512573,AVANTIFEED,AVANTIFEED,,-1.000000,1,,BSE,5.000000,0,False
512604,HARIAEXPO,HARIAEXPO,,-1.000000,1,,BSE,1.000000,0,False
523638,IPRINGLTD,IPRINGLTD,,-1.000000,1,,BSE,5.000000,0,False
523704,MASTEK,MASTEK,,-1.000000,1,,BSE,5.000000,0,False
523712,JMGCORP,JMGCORP,,-1.000000,1,,BSE,1.000000,0,False
523722,SVAMSOF,SVAMSOF,,-1.000000,1,,BSE,1.000000,0,False
522267,VJLAXMIE,VJLAXMIE,,-1.000000,1,,BSE,1.000000,0,False
523025,SAFARI,SAFARI,,-1.000000,1,,BSE,5.000000,0,False
523222,SRMENERGY,SRMENERGY,,-1.000000,1,,BSE,1.000000,0,False
523301,TCPLPACK,TCPLPACK,,-1.000000,1,,BSE,5.000000,0,False
523398,BOSCH-HCIL,BOSCH-HCIL,,-1.000000,1,,BSE,5.000000,0,False
523467,JAIMATAG,JAIMATAG,,-1.000000,1,,BSE,1.000000,0,False
523489,CMMHOSP,CMMHOSP,,-1.000000,1,,BSE,1.000000,0,False
523558,SWISSMLTRY,SWISSMLTRY,,-1.000000,1,,BSE,1.000000,0,False
523732,ECOBOAR,ECOBOAR,,-1.000000,1,,BSE,1.000000,0,False
523836,GUJRAFFIA,GUJRAFFIA,,-1.000000,1,,BSE,1.000000,0,False
523874,EASTINDIA,EASTINDIA,,-1.000000,1,,BSE,1.000000,0,False
523890,DSKULKARNI,DSKULKARNI,,-1.000000,1,,BSE,1.000000,0,False
513343,GFSTEELS,GFSTEELS,,-1.000000,1,,BSE,1.000000,0,False
513369,KVFORGE,KVFORGE,,-1.000000,1,,BSE,5.000000,0,False
513507,GUJCONT,GUJCONT,,-1.000000,100,,BSE,5.000000,0,False
513519,PITTIENG,PITTIENG,,-1.000000,1,,BSE,5.000000,0,False
523411,ADCINDIA,ADCINDIA,,-1.000000,1,,BSE,5.000000,0,False
523586,INDTONER,INDTONER,,-1.000000,1,,BSE,1.000000,0,False
523838,SIMPLEXINF,SIMPLEXINF,,-1.000000,1,,BSE,5.000000,0,False
524136,PCCOSMA,PCCOSMA,,-1.000000,1,,BSE,5.000000,0,False
523618,DREDGECORP,DREDGECORP,,-1.000000,1,,BSE,5.000000,0,False
523648,PLASTIBLEN,PLASTIBLEN,,-1.000000,1,,BSE,5.000000,0,False
523676,GOLKUNDIA,GOLKUNDIA,,-1.000000,1,,BSE,5.000000,0,False
523696,FORTISMLR,FORTISMLR,,-1.000000,1,,BSE,1.000000,0,False
524051,POLYPLEX,POLYPLEX,,-1.000000,1,,BSE,5.000000,0,False
524109,KABRAEXTRU,KABRAEXTRU,,-1.000000,1,,BSE,5.000000,0,False
524174,KESARPE,KESARPE,,-1.000000,1,,BSE,1.000000,0,False
524204,TEEAI,TEEAI,,-1.000000,1,,BSE,5.000000,0,False
524210,PNTKYOR,PNTKYOR,,-1.000000,1,,BSE,1.000000,0,False
524324,SEYAIND,SEYAIND,,-1.000000,1,,BSE,1.000000,0,False
524336,SHHARICH,SHHARICH,,-1.000000,1,,BSE,5.000000,0,False
524348,AARTIDRUGS,AARTIDRUGS,,-1.000000,1,,BSE,5.000000,0,False
513528,GLITTEKG,GLITTEKG,,-1.000000,1,,BSE,1.000000,0,False
513687,SPECTRA,SPECTRA,,-1.000000,1,,BSE,1.000000,0,False
514128,KONARKSY,KONARKSY,,-1.000000,1,,BSE,1.000000,0,False
514248,SRECR,SRECR,,-1.000000,100,,BSE,1.000000,0,False
523752,TIHIL,TIHIL,,-1.000000,1,,BSE,1.000000,0,False
523828,MENONBE,MENONBE,,-1.000000,1,,BSE,5.000000,0,False
523840,INNOVTEC,INNOVTEC,,-1.000000,1,,BSE,1.000000,0,False
523888,MEGAMONT,MEGAMONT,,-1.000000,1,,BSE,5.000000,0,False
524516,BACPHAR,BACPHAR,,-1.000000,1,,BSE,1.000000,0,False
524548,SHARMEH,SHARMEH,,-1.000000,1,,BSE,1.000000,0,False
524580,PRIYALT,PRIYALT,,-1.000000,1,,BSE,1.000000,0,False
524590,HEMORGANIC,HEMORGANIC,,-1.000000,1,,BSE,1.000000,0,False
524598,AKSHARCHEM,AKSHARCHEM,,-1.000000,1,,BSE,5.000000,0,False
524654,NATCAPSUQ,NATCAPSUQ,,-1.000000,1,,BSE,5.000000,0,False
524711,VISTAPH,VISTAPH,,-1.000000,1,,BSE,1.000000,0,False
524731,JENBURPH,JENBURPH,,-1.000000,1,,BSE,5.000000,0,False
514264,SEASONST,SEASONST,,-1.000000,1,,BSE,1.000000,0,False
514322,KAMADGIRI,KAMADGIRI,,-1.000000,1,,BSE,5.000000,0,False
514450,MHLXMIRU,MHLXMIRU,,-1.000000,1,,BSE,5.000000,0,False
514470,WINSOMTX,WINSOMTX,,-1.000000,1,,BSE,1.000000,0,False
524038,VENLONENT,VENLONENT,,-1.000000,1,,BSE,1.000000,0,False
524226,GAEL,GAEL,,-1.000000,1,,BSE,5.000000,0,False
524500,KILITCH,KILITCH,,-1.000000,1,,BSE,5.000000,0,False
524504,REVAMEDIA,REVAMEDIA,,-1.000000,1,,BSE,1.000000,0,False
524667,SOTL,SOTL,,-1.000000,1,,BSE,5.000000,0,False
524768,EMMESSA,EMMESSA,,-1.000000,1,,BSE,1.000000,0,False
524828,BDH,BDH,,-1.000000,1,,BSE,5.000000,0,False
526071,STELLANT,STELLANT,,-1.000000,1,,BSE,5.000000,0,False
515059,MADHUDIN,MADHUDIN,,-1.000000,1,,BSE,1.000000,0,False
515085,RESTILE,RESTILE,,-1.000000,1,,BSE,1.000000,0,False
516003,DUROPLY,DUROPLY,,-1.000000,1,,BSE,1.000000,0,False
516016,SHREYANIND,SHREYANIND,,-1.000000,1,,BSE,5.000000,0,False
524735,HIKAL,HIKAL,,-1.000000,1,,BSE,5.000000,0,False
526125,BNAGROCHEM,BNAGROCHEM,,-1.000000,1,,BSE,5.000000,0,False
526159,NIKHILAD,NIKHILAD,,-1.000000,1,,BSE,1.000000,0,False
526325,ORIENTLTD,ORIENTLTD,,-1.000000,1,,BSE,1.000000,0,False
524558,NEULANDLAB,NEULANDLAB,,-1.000000,1,,BSE,5.000000,0,False
524572,PHARMAID,PHARMAID,,-1.000000,1,,BSE,1.000000,0,False
524594,AEONXDIGI,AEONXDIGI,,-1.000000,1,,BSE,5.000000,0,False
524604,ADLINE,ADLINE,,-1.000000,100,,BSE,1.000000,0,False
526217,HITECHCORP,HITECHCORP,,-1.000000,1,,BSE,5.000000,0,False
526237,MORGAN,MORGAN,,-1.000000,1,,BSE,1.000000,0,False
526345,PANJON,PANJON,,-1.000000,1,,BSE,1.000000,0,False
526445,INDRANIB,INDRANIB,,-1.000000,1,,BSE,1.000000,0,False
516032,TAHMARENT,TAHMARENT,,-1.000000,1,,BSE,1.000000,0,False
516078,JUMBO,JUMBO,,-1.000000,1,,BSE,1.000000,0,False
517041,ADOR,ADOR,,-1.000000,1,,BSE,5.000000,0,False
517166,SPELS,SPELS,,-1.000000,1,,BSE,5.000000,0,False
524709,NACLIND,NACLIND,,-1.000000,1,,BSE,5.000000,0,False
524727,SDL,SDL,,-1.000000,1,,BSE,1.000000,0,False
524752,DECIPHER,DECIPHER,,-1.000000,1,,BSE,1.000000,0,False
524824,BALPHARMA,BALPHARMA,,-1.000000,1,,BSE,1.000000,0,False
526331,ADVMULT,ADVMULT,,-1.000000,1,,BSE,1.000000,0,False
526335,SHREYASI,SHREYASI,,-1.000000,1,,BSE,1.000000,0,False
526365,SWARNSAR,SWARNSAR,,-1.000000,1,,BSE,1.000000,0,False
526373,CINDHO,CINDHO,,-1.000000,1,,BSE,1.000000,0,False
526479,SKYIND,SKYIND,,-1.000000,1,,BSE,1.000000,0,False
526504,DOLPHMED,DOLPHMED,,-1.000000,1,,BSE,1.000000,0,False
526506,SYSTMTXC,SYSTMTXC,,-1.000000,1,,BSE,1.000000,0,False
526582,TPLPLASTEH,TPLPLASTEH,,-1.000000,1,,BSE,1.000000,0,False
517168,SUBROS,SUBROS,,-1.000000,1,,BSE,5.000000,0,False
517206,LUMAXIND,LUMAXIND,,-1.000000,1,,BSE,5.000000,0,False
517344,MINDTECK,MINDTECK,,-1.000000,1,,BSE,5.000000,0,False
517356,ACIIN,ACIIN,,-1.000000,1,,BSE,1.000000,0,False
526025,GLOBUSCON,GLOBUSCON,,-1.000000,1,,BSE,1.000000,0,False
526027,CUBEXTUB,CUBEXTUB,,-1.000000,1,,BSE,1.000000,0,False
526113,UNRYLMA,UNRYLMA,,-1.000000,1,,BSE,1.000000,0,False
526133,SUPERTEX,SUPERTEX,,-1.000000,1,,BSE,1.000000,0,False
526604,LIPPISYS,LIPPISYS,,-1.000000,1,,BSE,5.000000,0,False
526654,THAKDEV,THAKDEV,,-1.000000,1,,BSE,5.000000,0,False
526683,UNIVAFOODS,UNIVAFOODS,,-1.000000,1,,BSE,1.000000,0,False
526711,ADARSHPL,ADARSHPL,,-1.000000,1,,BSE,1.000000,0,False
517449,MAGNAELQ,MAGNAELQ,,-1.000000,1,,BSE,5.000000,0,False
517467,MARSONS,MARSONS,,-1.000000,1,,BSE,5.000000,0,False
519031,SHAHFOOD,SHAHFOOD,,-1.000000,1,,BSE,5.000000,0,False
519091,TASTYBITE,TASTYBITE,,-1.000000,1,,BSE,5.000000,0,False
526443,AEIM,AEIM,,-1.000000,1,,BSE,1.000000,0,False
526473,ELEFLOR,ELEFLOR,,-1.000000,1,,BSE,1.000000,0,False
526532,SFPIL,SFPIL,,-1.000000,1,,BSE,1.000000,0,False
526544,SGLRES,SGLRES,,-1.000000,1,,BSE,1.000000,0,False
526367,GANESHHOU,GANESHHOU,,-1.000000,1,,BSE,5.000000,0,False
526407,HAMPTON,HAMPTON,,-1.000000,1,,BSE,1.000000,0,False
526481,PHOENXINTL,PHOENXINTL,,-1.000000,1,,BSE,1.000000,0,False
526490,PRATIK,PRATIK,,-1.000000,1,,BSE,1.000000,0,False
526783,DRAGARWQ,DRAGARWQ,,-1.000000,1,,BSE,5.000000,0,False
526817,CHEVIOT,CHEVIOT,,-1.000000,1,,BSE,5.000000,0,False
526821,DAICHI,DAICHI,,-1.000000,1,,BSE,5.000000,0,False
526829,CONFIPET,CONFIPET,,-1.000000,1,,BSE,1.000000,0,False
519097,RITESHIN,RITESHIN,,-1.000000,1,,BSE,1.000000,0,False
519191,RGRL,RGRL,,-1.000000,1,,BSE,1.000000,0,False
519214,WILLIMFI,WILLIMFI,,-1.000000,1,,BSE,1.000000,0,False
519299,PRIMIND,PRIMIND,,-1.000000,1,,BSE,1.000000,0,False
526525,WWALUM,WWALUM,,-1.000000,1,,BSE,1.000000,0,False
526570,REMAGNET,REMAGNET,,-1.000000,1,,BSE,5.000000,0,False
526588,PHOTOQUP,PHOTOQUP,,-1.000000,1,,BSE,1.000000,0,False
526612,BLUEDART,BLUEDART,,-1.000000,1,,BSE,5.000000,0,False
526638,TEXELIN,TEXELIN,,-1.000000,1,,BSE,1.000000,0,False
526668,KAMATHOTEL,KAMATHOTEL,,-1.000000,1,,BSE,5.000000,0,False
526675,TIRTPLS,TIRTPLS,,-1.000000,1,,BSE,1.000000,0,False
526723,NTCIND,NTCIND,,-1.000000,1,,BSE,5.000000,0,False
526859,ISFL,ISFL,,-1.000000,1,,BSE,1.000000,0,False
526901,SONALAD,SONALAD,,-1.000000,1,,BSE,1.000000,0,False
526967,HEERAISP,HEERAISP,,-1.000000,1,,BSE,1.000000,0,False
530005,INDIACEM,INDIACEM,,-1.000000,1,,BSE,5.000000,0,False
526677,KEEPLEARN,KEEPLEARN,,-1.000000,1,,BSE,1.000000,0,False
526729,GOLDIAM,GOLDIAM,,-1.000000,1,,BSE,5.000000,0,False
526751,GRATEXI,GRATEXI,,-1.000000,1,,BSE,1.000000,0,False
526775,VALIANT,VALIANT,,-1.000000,1,,BSE,5.000000,0,False
526807,SEAMECLTD,SEAMECLTD,,-1.000000,1,,BSE,5.000000,0,False
526849,BANARBEADS,BANARBEADS,,-1.000000,1,,BSE,5.000000,0,False
526873,RAJSEC,RAJSEC,,-1.000000,1,,BSE,1.000000,0,False
526877,SIDDHEGA,SIDDHEGA,,-1.000000,1,,BSE,1.000000,0,False
530007,JKTYRE,JKTYRE,,-1.000000,1,,BSE,5.000000,0,False
530019,JUBLPHARMA,JUBLPHARMA,,-1.000000,1,,BSE,5.000000,0,False
530057,VIVANZA,VIVANZA,,-1.000000,1,,BSE,1.000000,0,False
530075,ANTELOPUS,ANTELOPUS,,-1.000000,1,,BSE,5.000000,0,False
519463,IBINFO,IBINFO,,-1.000000,1,,BSE,1.000000,0,False
519528,NORBTEAEXP,NORBTEAEXP,,-1.000000,1,,BSE,1.000000,0,False
519604,SURFI,SURFI,,-1.000000,1,,BSE,1.000000,0,False
520131,COARO,COARO,,-1.000000,100,,BSE,1.000000,0,False
526861,RISHILASE,RISHILASE,,-1.000000,1,,BSE,5.000000,0,False
526883,SHIKHAR,SHIKHAR,,-1.000000,1,,BSE,1.000000,0,False
526885,SARLAPOLY,SARLAPOLY,,-1.000000,1,,BSE,5.000000,0,False
526899,HFIL,HFIL,,-1.000000,1,,BSE,1.000000,0,False
526931,HRYNSHP,HRYNSHP,,-1.000000,1,,BSE,5.000000,0,False
526935,KALIND,KALIND,,-1.000000,1,,BSE,1.000000,0,False
526971,DHOOTIN,DHOOTIN,,-1.000000,1,,BSE,5.000000,0,False
530073,SANGHVIMOV,SANGHVIMOV,,-1.000000,1,,BSE,5.000000,0,False
530167,MONGIPA,MONGIPA,,-1.000000,1,,BSE,1.000000,0,False
530169,MOHITPPR,MOHITPPR,,-1.000000,1,,BSE,1.000000,0,False
530175,ODYSSEY,ODYSSEY,,-1.000000,1,,BSE,1.000000,0,False
530201,KALLAM,KALLAM,,-1.000000,1,,BSE,1.000000,0,False
520151,TRANSWORLD,TRANSWORLD,,-1.000000,1,,BSE,5.000000,0,False
521016,ICIL,ICIL,,-1.000000,1,,BSE,5.000000,0,False
521070,ALOKINDS,ALOKINDS,,-1.000000,1,,BSE,1.000000,0,False
521097,AMARJOTHI,AMARJOTHI,,-1.000000,1,,BSE,5.000000,0,False
521133,GEMSPIN,GEMSPIN,,-1.000000,100,,BSE,1.000000,0,False
521137,EUREKAI,EUREKAI,,-1.000000,1,,BSE,1.000000,0,False
521161,SLSTLQ,SLSTLQ,,-1.000000,1,,BSE,1.000000,0,False
521178,SRMCL,SRMCL,,-1.000000,1,,BSE,1.000000,0,False
530187,ATHARVENT,ATHARVENT,,-1.000000,1,,BSE,1.000000,0,False
530239,SUVEN,SUVEN,,-1.000000,1,,BSE,5.000000,0,False
530245,ARYAMAN,ARYAMAN,,-1.000000,1,,BSE,5.000000,0,False
530249,BRIDGESE,BRIDGESE,,-1.000000,1,,BSE,1.000000,0,False
530255,KAYPOWR,KAYPOWR,,-1.000000,1,,BSE,1.000000,0,False
530263,GLOBALCA,GLOBALCA,,-1.000000,1,,BSE,1.000000,0,False
530299,KOTHARIPRO,KOTHARIPRO,,-1.000000,1,,BSE,1.000000,0,False
530307,CLSEL,CLSEL,,-1.000000,1,,BSE,5.000000,0,False
526941,VAICC,VAICC,,-1.000000,100,,BSE,1.000000,0,False
526965,GUJCRAFT,GUJCRAFT,,-1.000000,1,,BSE,1.000000,0,False
526977,CRIMSON,CRIMSON,,-1.000000,100,,BSE,1.000000,0,False
526981,SHBAJRG,SHBAJRG,,-1.000000,1,,BSE,5.000000,0,False
530343,GENUSPOWER,GENUSPOWER,,-1.000000,1,,BSE,5.000000,0,False
530393,DBSTOCKBRO,DBSTOCKBRO,,-1.000000,1,,BSE,1.000000,0,False
530521,VIRAT,VIRAT,,-1.000000,1,,BSE,5.000000,0,False
530545,COSCO,COSCO,,-1.000000,1,,BSE,5.000000,0,False
521228,TATIAGLOB,TATIAGLOB,,-1.000000,1,,BSE,1.000000,0,False
521246,PARASPETRO,PARASPETRO,,-1.000000,1,,BSE,1.000000,0,False
522034,SHANTIGEAR,SHANTIGEAR,,-1.000000,1,,BSE,5.000000,0,False
522122,VOITHPAPR,VOITHPAPR,,-1.000000,1,,BSE,5.000000,0,False
530025,SAMYAKINT,SAMYAKINT,,-1.000000,1,,BSE,1.000000,0,False
530027,AADIIND,AADIIND,,-1.000000,1,,BSE,1.000000,0,False
530063,YASHRAJC,YASHRAJC,,-1.000000,1,,BSE,1.000000,0,False
530291,PAOS,PAOS,,-1.000000,1,,BSE,1.000000,0,False
530309,CHANDRAP,CHANDRAP,,-1.000000,1,,BSE,1.000000,0,False
530363,UGARSUGAR,UGARSUGAR,,-1.000000,1,,BSE,1.000000,0,False
530459,VALSONQ,VALSONQ,,-1.000000,1,,BSE,1.000000,0,False
530461,SABOOSOD,SABOOSOD,,-1.000000,1,,BSE,1.000000,0,False
530557,NCLRESE,NCLRESE,,-1.000000,1,,BSE,1.000000,0,False
530621,AAIL,AAIL,,-1.000000,1,,BSE,1.000000,0,False
530627,VIPULORG,VIPULORG,,-1.000000,1,,BSE,5.000000,0,False
530643,ECORECO,ECORECO,,-1.000000,1,,BSE,5.000000,0,False
522134,ARTSON,ARTSON,,-1.000000,1,,BSE,5.000000,0,False
522205,PRAJIND,PRAJIND,,-1.000000,1,,BSE,5.000000,0,False
522215,HLEGLAS,HLEGLAS,,-1.000000,1,,BSE,5.000000,0,False
523023,SINCLAIR,SINCLAIR,,-1.000000,1,,BSE,1.000000,0,False
530313,KIMIABL,KIMIABL,,-1.000000,1,,BSE,1.000000,0,False
530427,CHOKSI,CHOKSI,,-1.000000,1,,BSE,5.000000,0,False
530445,SUMERUIND,SUMERUIND,,-1.000000,1,,BSE,1.000000,0,False
530475,TINNARUBR,TINNARUBR,,-1.000000,1,,BSE,5.000000,0,False
530615,GARGFUR,GARGFUR,,-1.000000,1,,BSE,5.000000,0,False
530755,CORNE,CORNE,,-1.000000,1,,BSE,1.000000,0,False
530765,AGARWAL,AGARWAL,,-1.000000,1,,BSE,1.000000,0,False
530883,SUCROSA,SUCROSA,,-1.000000,1,,BSE,1.000000,0,False
530655,GOODLUCK,GOODLUCK,,-1.000000,1,,BSE,5.000000,0,False
530697,ZENLABS,ZENLABS,,-1.000000,1,,BSE,1.000000,0,False
530735,SUPERBAK,SUPERBAK,,-1.000000,1,,BSE,1.000000,0,False
530745,ACSTECH,ACSTECH,,-1.000000,1,,BSE,1.000000,0,False
523105,CROPSTER,CROPSTER,,-1.000000,1,,BSE,1.000000,0,False
523151,OTCO,OTCO,,-1.000000,1,,BSE,1.000000,0,False
523323,KOVAI,KOVAI,,-1.000000,1,,BSE,5.000000,0,False
523343,MICROSE,MICROSE,,-1.000000,1,,BSE,1.000000,0,False
530705,ANIRIT,ANIRIT,,-1.000000,1,,BSE,1.000000,0,False
530711,JAGANLAM,JAGANLAM,,-1.000000,1,,BSE,1.000000,0,False
530747,CHALLANI,CHALLANI,,-1.000000,1,,BSE,1.000000,0,False
530759,STERTOOLS,STERTOOLS,,-1.000000,1,,BSE,5.000000,0,False
530789,CEEJAY,CEEJAY,,-1.000000,1,,BSE,5.000000,0,False
530795,SUNCITYSY,SUNCITYSY,,-1.000000,1,,BSE,1.000000,0,False
530799,ANNAINFRA,ANNAINFRA,,-1.000000,1,,BSE,1.000000,0,False
530809,BNRUDY,BNRUDY,,-1.000000,1,,BSE,1.000000,0,False
530917,RRSECUR,RRSECUR,,-1.000000,100,,BSE,1.000000,0,False
530925,RAMSONS,RAMSONS,,-1.000000,1,,BSE,1.000000,0,False
530927,HARAFIN,HARAFIN,,-1.000000,100,,BSE,1.000000,0,False
530943,AQYLON,AQYLON,,-1.000000,1,,BSE,1.000000,0,False
523384,MAHAPEXLTD,MAHAPEXLTD,,-1.000000,1,,BSE,1.000000,0,False
523405,JMFINANCIL,JMFINANCIL,,-1.000000,1,,BSE,5.000000,0,False
523606,SIKA,SIKA,,-1.000000,1,,BSE,5.000000,0,False
523620,PHRMASI,PHRMASI,,-1.000000,1,,BSE,5.000000,0,False
530797,SHGANEL,SHGANEL,,-1.000000,1,,BSE,1.000000,0,False
530805,OIVL,OIVL,,-1.000000,1,,BSE,1.000000,0,False
530825,DAIKAFFI,DAIKAFFI,,-1.000000,1,,BSE,1.000000,0,False
530843,CUPID,CUPID,,-1.000000,1,,BSE,5.000000,0,False
530845,SUNSHIEL,SUNSHIEL,,-1.000000,1,,BSE,5.000000,0,False
530929,RRPDEFENSE,RRPDEFENSE,,-1.000000,1,,BSE,5.000000,0,False
530959,DIANATEA,DIANATEA,,-1.000000,1,,BSE,1.000000,0,False
530977,SKCIL,SKCIL,,-1.000000,1,,BSE,1.000000,0,False
530999,BALAMINES,BALAMINES,,-1.000000,1,,BSE,5.000000,0,False
531069,VIJSOLX,VIJSOLX,,-1.000000,1,,BSE,5.000000,0,False
531082,ALANKIT,ALANKIT,,-1.000000,1,,BSE,1.000000,0,False
531099,CENTUPLE,CENTUPLE,,-1.000000,1,,BSE,1.000000,0,False
530855,GDLLEAS,GDLLEAS,,-1.000000,1,,BSE,1.000000,0,False
530897,NGIND,NGIND,,-1.000000,1,,BSE,5.000000,0,False
530921,INTETHR,INTETHR,,-1.000000,100,,BSE,1.000000,0,False
530985,JPTSEC,JPTSEC,,-1.000000,1,,BSE,1.000000,0,False
531109,ISHANCH,ISHANCH,,-1.000000,1,,BSE,1.000000,0,False
531112,BALUFORGE,BALUFORGE,,-1.000000,1,,BSE,5.000000,0,False
531163,KEMISTAR,KEMISTAR,,-1.000000,1,,BSE,1.000000,0,False
531164,LADIAMO,LADIAMO,,-1.000000,100,,BSE,1.000000,0,False
531169,SKPSEC,SKPSEC,,-1.000000,1,,BSE,5.000000,0,False
531209,NUCLEUS,NUCLEUS,,-1.000000,1,,BSE,5.000000,0,False
531219,SHYAMACOMP,SHYAMACOMP,,-1.000000,100,,BSE,1.000000,0,False
531223,ANJANI,ANJANI,,-1.000000,1,,BSE,1.000000,0,False
523642,PIIND,PIIND,,-1.000000,1,,BSE,5.000000,0,True
523716,ASHIANA,ASHIANA,,-1.000000,1,,BSE,5.000000,0,False
523782,MITSHI,MITSHI,,-1.000000,1,,BSE,1.000000,0,False
523826,SOVERDIA,SOVERDIA,,-1.000000,1,,BSE,1.000000,0,False
530993,SARTHAKGL,SARTHAKGL,,-1.000000,1,,BSE,1.000000,0,False
531017,ARISE,ARISE,,-1.000000,1,,BSE,1.000000,0,False
531119,CEENIK,CEENIK,,-1.000000,1,,BSE,5.000000,0,False
531153,DILIGENT,DILIGENT,,-1.000000,1,,BSE,1.000000,0,False
531272,NIKKIGL,NIKKIGL,,-1.000000,1,,BSE,1.000000,0,False
531297,ARTEFACT,ARTEFACT,,-1.000000,1,,BSE,1.000000,0,False
531322,HAVISHA,HAVISHA,,-1.000000,1,,BSE,1.000000,0,False
531328,KRETTOSYS,KRETTOSYS,,-1.000000,1,,BSE,1.000000,0,False
523850,AXTEL,AXTEL,,-1.000000,1,,BSE,5.000000,0,False
524091,CARYSIL,CARYSIL,,-1.000000,1,,BSE,5.000000,0,False
524129,VINYLINDIA,VINYLINDIA,,-1.000000,1,,BSE,5.000000,0,False
524218,RESONANCE,RESONANCE,,-1.000000,1,,BSE,5.000000,0,False
531225,XTGLOBAL,XTGLOBAL,,-1.000000,1,,BSE,1.000000,0,False
531259,ESHAMEDIA,ESHAMEDIA,,-1.000000,1,,BSE,1.000000,0,False
531307,RRIL,RRIL,,-1.000000,1,,BSE,1.000000,0,False
531287,NATPLASTI,NATPLASTI,,-1.000000,1,,BSE,5.000000,0,False
531155,EPSOMPRO,EPSOMPRO,,-1.000000,1,,BSE,1.000000,0,False
531176,MEFCOMCAP,MEFCOMCAP,,-1.000000,1,,BSE,1.000000,0,False
531190,EFORU,EFORU,,-1.000000,1,,BSE,1.000000,0,False
531201,SHILCTECH,SHILCTECH,,-1.000000,1,,BSE,5.000000,0,False
531334,VIKALPS,VIKALPS,,-1.000000,1,,BSE,1.000000,0,False
531358,CHOICEIN,CHOICEIN,,-1.000000,1,,BSE,5.000000,0,False
531359,SRAMSET,SRAMSET,,-1.000000,1,,BSE,5.000000,0,False
531381,ARIHANT,ARIHANT,,-1.000000,1,,BSE,5.000000,0,False
531346,EASTRED,EASTRED,,-1.000000,1,,BSE,1.000000,0,False
531390,UPSURGE,UPSURGE,,-1.000000,1,,BSE,1.000000,0,False
531397,POLYCON,POLYCON,,-1.000000,1,,BSE,1.000000,0,False
531399,GGAUTO,GGAUTO,,-1.000000,1,,BSE,5.000000,0,False
524330,JAYAGROGN,JAYAGROGN,,-1.000000,1,,BSE,5.000000,0,False
524332,BCLIND,BCLIND,,-1.000000,1,,BSE,1.000000,0,False
524394,VIMTALABS,VIMTALABS,,-1.000000,1,,BSE,5.000000,0,False
524434,ASINPET,ASINPET,,-1.000000,1,,BSE,1.000000,0,False
531234,SCOOBEEDAY,SCOOBEEDAY,,-1.000000,1,,BSE,1.000000,0,False
531237,DHRUVCA,DHRUVCA,,-1.000000,1,,BSE,1.000000,0,False
531279,TRISHAKT,TRISHAKT,,-1.000000,1,,BSE,5.000000,0,False
531301,TUSALDAH,TUSALDAH,,-1.000000,1,,BSE,5.000000,0,False
531406,ANSINDUS,ANSINDUS,,-1.000000,1,,BSE,1.000000,0,False
531420,BMBMUMG,BMBMUMG,,-1.000000,1,,BSE,1.000000,0,False
531496,OMKAR,OMKAR,,-1.000000,1,,BSE,1.000000,0,False
531509,STEP2COR,STEP2COR,,-1.000000,1,,BSE,1.000000,0,False
531433,SUNGOLD,SUNGOLD,,-1.000000,1,,BSE,1.000000,0,False
531436,SAFFRON,SAFFRON,,-1.000000,1,,BSE,1.000000,0,False
531449,GRMOVER,GRMOVER,,-1.000000,1,,BSE,1.000000,0,False
531486,FILME,FILME,,-1.000000,1,,BSE,1.000000,0,False
531304,NUTECGLOB,NUTECGLOB,,-1.000000,1,,BSE,1.000000,0,False
531364,EKANSH,EKANSH,,-1.000000,1,,BSE,5.000000,0,False
531398,SOURCENTRL,SOURCENTRL,,-1.000000,1,,BSE,5.000000,0,False
531413,KIRANPR,KIRANPR,,-1.000000,1,,BSE,1.000000,0,False
531529,SOFTRAKV,SOFTRAKV,,-1.000000,1,,BSE,1.000000,0,False
531537,MIZVEN,MIZVEN,,-1.000000,1,,BSE,1.000000,0,False
531591,BAMPSL,BAMPSL,,-1.000000,1,,BSE,1.000000,0,False
531599,FDC,FDC,,-1.000000,1,,BSE,5.000000,0,False
524506,CORALAB,CORALAB,,-1.000000,1,,BSE,5.000000,0,False
524518,KREBSBIO,KREBSBIO,,-1.000000,1,,BSE,1.000000,0,False
524522,LAFFANSQ,LAFFANSQ,,-1.000000,1,,BSE,1.000000,0,False
524576,VIVIDIND,VIVIDIND,,-1.000000,1,,BSE,1.000000,0,False
531497,MADHUCON,MADHUCON,,-1.000000,1,,BSE,1.000000,0,False
531518,VIKASPROP,VIKASPROP,,-1.000000,1,,BSE,1.000000,0,False
531548,SOMANYCERA,SOMANYCERA,,-1.000000,1,,BSE,5.000000,0,False
531550,JHACC,JHACC,,-1.000000,1,,BSE,5.000000,0,False
531426,TNPL,TNPL,,-1.000000,1,,BSE,5.000000,0,False
531431,SHAKTIPUMP,SHAKTIPUMP,,-1.000000,1,,BSE,5.000000,0,False
531503,MARIS,MARIS,,-1.000000,1,,BSE,1.000000,0,False
531521,DESHRAK,DESHRAK,,-1.000000,100,,BSE,1.000000,0,False
531613,MAL,MAL,,-1.000000,1,,BSE,1.000000,0,False
531628,TEJASSVI,TEJASSVI,,-1.000000,1,,BSE,1.000000,0,False
531633,LINCOLN,LINCOLN,,-1.000000,1,,BSE,5.000000,0,False
531723,GATECH,GATECH,,-1.000000,1,,BSE,1.000000,0,False
524592,JAYSYNTH,JAYSYNTH,,-1.000000,1,,BSE,1.000000,0,False
524602,BANDARAM,BANDARAM,,-1.000000,1,,BSE,1.000000,0,False
524661,WELCURE,WELCURE,,-1.000000,1,,BSE,1.000000,0,False
524663,BIBCL,BIBCL,,-1.000000,1,,BSE,1.000000,0,False
531539,RISHDIGA,RISHDIGA,,-1.000000,1,,BSE,1.000000,0,False
531557,AMITSEC,AMITSEC,,-1.000000,1,,BSE,1.000000,0,False
531569,SANJIVIN,SANJIVIN,,-1.000000,1,,BSE,5.000000,0,False
531608,GORANIN,GORANIN,,-1.000000,1,,BSE,1.000000,0,False
531624,COUNCODOS,COUNCODOS,,-1.000000,1,,BSE,1.000000,0,False
531667,RRMETAL,RRMETAL,,-1.000000,1,,BSE,1.000000,0,False
531779,PADALPO,PADALPO,,-1.000000,1,,BSE,1.000000,0,False
531784,KCLINFRA,KCLINFRA,,-1.000000,1,,BSE,1.000000,0,False
531795,ATULAUTO,ATULAUTO,,-1.000000,1,,BSE,5.000000,0,False
531797,SCANPRO,SCANPRO,,-1.000000,1,,BSE,5.000000,0,False
531810,METALCO,METALCO,,-1.000000,1,,BSE,1.000000,0,False
531840,IECEDU,IECEDU,,-1.000000,1,,BSE,1.000000,0,False
524675,KABSON,KABSON,,-1.000000,1,,BSE,1.000000,0,False
524687,BASANTGL,BASANTGL,,-1.000000,1,,BSE,1.000000,0,False
524818,DYNAMIND,DYNAMIND,,-1.000000,1,,BSE,5.000000,0,False
526073,GALXBRG,GALXBRG,,-1.000000,1,,BSE,5.000000,0,False
531635,SILVOAK,SILVOAK,,-1.000000,1,,BSE,1.000000,0,False
531647,PRABHATAM,PRABHATAM,,-1.000000,1,,BSE,1.000000,0,False
531658,ABATEAS,ABATEAS,,-1.000000,1,,BSE,1.000000,0,False
531694,RAINBOWF,RAINBOWF,,-1.000000,1,,BSE,1.000000,0,False
531802,PRERINFRA,PRERINFRA,,-1.000000,1,,BSE,1.000000,0,False
531814,TIRSARJ,TIRSARJ,,-1.000000,1,,BSE,1.000000,0,False
531847,ASTAR,ASTAR,,-1.000000,1,,BSE,5.000000,0,False
531867,UNITINT,UNITINT,,-1.000000,1,,BSE,1.000000,0,False
531910,JOJO,JOJO,,-1.000000,1,,BSE,5.000000,0,False
531911,GALAGEX,GALAGEX,,-1.000000,1,,BSE,1.000000,0,False
531959,NEWINFRA,NEWINFRA,,-1.000000,1,,BSE,1.000000,0,False
532016,ESPIRE,ESPIRE,,-1.000000,1,,BSE,5.000000,0,False
526081,SCAGRO,SCAGRO,,-1.000000,1,,BSE,1.000000,0,False
526115,KARANWO,KARANWO,,-1.000000,1,,BSE,1.000000,0,False
526137,SHETR,SHETR,,-1.000000,1,,BSE,5.000000,0,False
526143,MPL,MPL,,-1.000000,1,,BSE,1.000000,0,False
531735,PRISMFN,PRISMFN,,-1.000000,100,,BSE,1.000000,0,False
531743,HIRAUTO,HIRAUTO,,-1.000000,100,,BSE,5.000000,0,False
531746,PRAENG,PRAENG,,-1.000000,1,,BSE,1.000000,0,False
531778,KACHCHH,KACHCHH,,-1.000000,1,,BSE,1.000000,0,False
532019,LCCINFOTEC,LCCINFOTEC,,-1.000000,1,,BSE,1.000000,0,False
532051,SWELECTES,SWELECTES,,-1.000000,1,,BSE,5.000000,0,False
532057,ABHICAP,ABHICAP,,-1.000000,1,,BSE,5.000000,0,False
532113,BRIJLEAS,BRIJLEAS,,-1.000000,1,,BSE,1.000000,0,False
526435,PERFEPA,PERFEPA,,-1.000000,1,,BSE,1.000000,0,False
526488,BHUDEVI,BHUDEVI,,-1.000000,1,,BSE,5.000000,0,False
526494,PROMACT,PROMACT,,-1.000000,1,,BSE,1.000000,0,False
526795,MHSGRMS,MHSGRMS,,-1.000000,100,,BSE,1.000000,0,False
531885,SVAINDIA,SVAINDIA,,-1.000000,100,,BSE,1.000000,0,False
531946,CHADPAP,CHADPAP,,-1.000000,1,,BSE,1.000000,0,False
531950,VERTEX,VERTEX,,-1.000000,1,,BSE,1.000000,0,False
531968,IITLPROJ,IITLPROJ,,-1.000000,1,,BSE,1.000000,0,False
531822,RODIUM,RODIUM,,-1.000000,1,,BSE,5.000000,0,False
531825,RCCEMEN,RCCEMEN,,-1.000000,1,,BSE,1.000000,0,False
531846,TRINITYLEA,TRINITYLEA,,-1.000000,1,,BSE,1.000000,0,False
531923,DHAMPURE,DHAMPURE,,-1.000000,1,,BSE,5.000000,0,False
532123,BSELALGO,BSELALGO,,-1.000000,1,,BSE,1.000000,0,False
532150,INDRAMEDCO,INDRAMEDCO,,-1.000000,1,,BSE,5.000000,0,False
532164,MINOLTAF,MINOLTAF,,-1.000000,1,,BSE,1.000000,0,False
532180,DHANBANK,DHANBANK,,-1.000000,1,,BSE,1.000000,0,False
526827,SPICEISLIN,SPICEISLIN,,-1.000000,1,,BSE,5.000000,0,False
526847,ASHSI,ASHSI,,-1.000000,1,,BSE,1.000000,0,False
526865,JAINCO,JAINCO,,-1.000000,1,,BSE,1.000000,0,False
526891,MKTCREAT,MKTCREAT,,-1.000000,1,,BSE,1.000000,0,False
531930,SARTHAKIND,SARTHAKIND,,-1.000000,1,,BSE,1.000000,0,False
531960,JUNE,JUNE,,-1.000000,1,,BSE,1.000000,0,False
531962,SHREMETAL,SHREMETAL,,-1.000000,1,,BSE,1.000000,0,False
531980,SENINFO,SENINFO,,-1.000000,1,,BSE,1.000000,0,False
531991,AMRAAGRI,AMRAAGRI,,-1.000000,1,,BSE,1.000000,0,False
532007,SHVFL,SHVFL,,-1.000000,1,,BSE,1.000000,0,False
532041,HINDBIO,HINDBIO,,-1.000000,1,,BSE,1.000000,0,False
532067,3BBLACKBIO,3BBLACKBIO,,-1.000000,1,,BSE,5.000000,0,False
532216,HBSL,HBSL,,-1.000000,1,,BSE,1.000000,0,False
532310,SHREERAMA,SHREERAMA,,-1.000000,1,,BSE,1.000000,0,False
532343,TVSMOTOR,TVSMOTOR,,-1.000000,1,,BSE,5.000000,0,True
532350,PADMALAYAT,PADMALAYAT,,-1.000000,1,,BSE,1.000000,0,False
527005,SHREEPAC,SHREEPAC,,-1.000000,1,,BSE,5.000000,0,False
530117,PRIVISCL,PRIVISCL,,-1.000000,1,,BSE,5.000000,0,False
530127,NPRFIN,NPRFIN,,-1.000000,1,,BSE,1.000000,0,False
530135,OPTIEMUS,OPTIEMUS,,-1.000000,1,,BSE,5.000000,0,False
532072,INTERDIGI,INTERDIGI,,-1.000000,1,,BSE,1.000000,0,False
532083,SHKALYN,SHKALYN,,-1.000000,1,,BSE,1.000000,0,False
532100,INDOCITY,INDOCITY,,-1.000000,1,,BSE,1.000000,0,False
532102,SBECSUG,SBECSUG,,-1.000000,1,,BSE,1.000000,0,False
532131,TRIUMPIN,TRIUMPIN,,-1.000000,1,,BSE,1.000000,0,False
532140,MOHITE,MOHITE,,-1.000000,1,,BSE,1.000000,0,False
532156,VAIBHAVGBL,VAIBHAVGBL,,-1.000000,1,,BSE,5.000000,0,False
532159,TRESCON,TRESCON,,-1.000000,1,,BSE,1.000000,0,False
532359,HITKITGLO,HITKITGLO,,-1.000000,1,,BSE,1.000000,0,False
532374,STLTECH,STLTECH,,-1.000000,1,,BSE,5.000000,0,False
532392,CREATIVEYE,CREATIVEYE,,-1.000000,1,,BSE,1.000000,0,False
532404,7TEC,7TEC,,-1.000000,1,,BSE,1.000000,0,False
532145,HOTLSILV,HOTLSILV,,-1.000000,1,,BSE,1.000000,0,False
532163,SAREGAMA,SAREGAMA,,-1.000000,1,,BSE,5.000000,0,False
532234,NATIONALUM,NATIONALUM,,-1.000000,1,,BSE,5.000000,0,True
532256,NSIL,NSIL,,-1.000000,1,,BSE,5.000000,0,False
532408,SIGMAADV,SIGMAADV,,-1.000000,1,,BSE,5.000000,0,False
532486,POKARNA,POKARNA,,-1.000000,1,,BSE,5.000000,0,False
532523,BIOCON,BIOCON,,-1.000000,1,,BSE,5.000000,0,True
532633,ALLDIGI,ALLDIGI,,-1.000000,1,,BSE,5.000000,0,False
530171,DAULAT,DAULAT,,-1.000000,1,,BSE,1.000000,0,False
530177,VKGLOBAL,VKGLOBAL,,-1.000000,1,,BSE,1.000000,0,False
530207,BRAWN,BRAWN,,-1.000000,1,,BSE,1.000000,0,False
530419,SUMEDHA,SUMEDHA,,-1.000000,1,,BSE,1.000000,0,False
532209,J&KBANK,J&KBANK,,-1.000000,1,,BSE,5.000000,0,False
532212,ARCHIES,ARCHIES,,-1.000000,1,,BSE,1.000000,0,False
532218,SOUTHBANK,SOUTHBANK,,-1.000000,1,,BSE,1.000000,0,False
532240,INDNIPPON,INDNIPPON,,-1.000000,1,,BSE,5.000000,0,False
532259,APARINDS,APARINDS,,-1.000000,1,,BSE,5.000000,0,False
532286,JINDALSTEL,JINDALSTEL,,-1.000000,1,,BSE,5.000000,0,True
532290,BLBLIMITED,BLBLIMITED,,-1.000000,1,,BSE,1.000000,0,False
532309,GVPIL,GVPIL,,-1.000000,1,,BSE,5.000000,0,False
532668,AURIONPRO,AURIONPRO,,-1.000000,1,,BSE,5.000000,0,False
532686,KERNEX,KERNEX,,-1.000000,1,,BSE,5.000000,0,False
532699,ROHLTD,ROHLTD,,-1.000000,1,,BSE,5.000000,0,False
532717,INDOTECH,INDOTECH,,-1.000000,1,,BSE,5.000000,0,False
530477,VIKRAMTH,VIKRAMTH,,-1.000000,1,,BSE,5.000000,0,False
530525,RRETAIL,RRETAIL,,-1.000000,1,,BSE,1.000000,0,False
530549,SHILPAMED,SHILPAMED,,-1.000000,1,,BSE,5.000000,0,False
530565,KOIYAIN,KOIYAIN,,-1.000000,1,,BSE,1.000000,0,False
532262,TCIIND,TCIIND,,-1.000000,1,,BSE,5.000000,0,False
532284,TCFCFINQ,TCFCFINQ,,-1.000000,1,,BSE,1.000000,0,False
532296,GLENMARK,GLENMARK,,-1.000000,1,,BSE,5.000000,0,True
532313,MAHLIFE,MAHLIFE,,-1.000000,1,,BSE,5.000000,0,False
532323,SHIVACEM,SHIVACEM,,-1.000000,1,,BSE,1.000000,0,False
532331,AJANTPHARM,AJANTPHARM,,-1.000000,1,,BSE,5.000000,0,False
532334,HBESD,HBESD,,-1.000000,1,,BSE,1.000000,0,False
532335,AMBICAAGAR,AMBICAAGAR,,-1.000000,1,,BSE,1.000000,0,False
532723,MPDL,MPDL,,-1.000000,1,,BSE,1.000000,0,False
532729,UTTAMSUGAR,UTTAMSUGAR,,-1.000000,1,,BSE,5.000000,0,False
532730,SGL,SGL,,-1.000000,1,,BSE,1.000000,0,False
532732,KKCL,KKCL,,-1.000000,1,,BSE,5.000000,0,False
532315,GROARC,GROARC,,-1.000000,1,,BSE,1.000000,0,False
532321,ZYDUSLIFE,ZYDUSLIFE,,-1.000000,1,,BSE,5.000000,0,True
532341,IZMO,IZMO,,-1.000000,1,,BSE,5.000000,0,False
532356,TRIVENI,TRIVENI,,-1.000000,1,,BSE,5.000000,0,False
532365,DSSL,DSSL,,-1.000000,1,,BSE,5.000000,0,False
532370,RAMCOSYS,RAMCOSYS,,-1.000000,1,,BSE,5.000000,0,False
532382,BALAJITELE,BALAJITELE,,-1.000000,1,,BSE,1.000000,0,False
532475,APTECHT,APTECHT,,-1.000000,1,,BSE,1.000000,0,False
532735,RSYSTEMS,RSYSTEMS,,-1.000000,1,,BSE,5.000000,0,False
532737,EMKAY,EMKAY,,-1.000000,1,,BSE,5.000000,0,False
532782,SUTLEJTEX,SUTLEJTEX,,-1.000000,1,,BSE,1.000000,0,False
532801,CTE,CTE,,-1.000000,1,,BSE,1.000000,0,False
530601,JAGSONSER,JAGSONSER,,-1.000000,1,,BSE,1.000000,0,False
530665,ZENITHHE,ZENITHHE,,-1.000000,1,,BSE,1.000000,0,False
530695,PRIMEPRO,PRIMEPRO,,-1.000000,1,,BSE,1.000000,0,False
530803,BHAGERIA,BHAGERIA,,-1.000000,1,,BSE,5.000000,0,False
532375,TIPSMUSIC,TIPSMUSIC,,-1.000000,1,,BSE,5.000000,0,False
532378,UNIVARTS,UNIVARTS,,-1.000000,1,,BSE,1.000000,0,False
532380,BABA,BABA,,-1.000000,1,,BSE,1.000000,0,False
532390,TAJGVK,TAJGVK,,-1.000000,1,,BSE,5.000000,0,False
532478,UBL,UBL,,-1.000000,1,,BSE,5.000000,0,False
532513,TVSELECT,TVSELECT,,-1.000000,1,,BSE,5.000000,0,False
532524,PTC,PTC,,-1.000000,1,,BSE,5.000000,0,False
532624,JINDALPHOT,JINDALPHOT,,-1.000000,1,,BSE,5.000000,0,False
532848,DELTACORP,DELTACORP,,-1.000000,1,,BSE,1.000000,0,False
532875,ADSL,ADSL,,-1.000000,1,,BSE,5.000000,0,False
532878,ALPA,ALPA,,-1.000000,1,,BSE,1.000000,0,False
532890,TAKE,TAKE,,-1.000000,1,,BSE,1.000000,0,False
530821,SSPDL,SSPDL,,-1.000000,1,,BSE,1.000000,0,False
530881,ABVL,ABVL,,-1.000000,1,,BSE,1.000000,0,False
530931,STANPACK,STANPACK,,-1.000000,1,,BSE,1.000000,0,False
531025,VISAGAR,VISAGAR,,-1.000000,1,,BSE,1.000000,0,False
503960,BBL,BBL,,-1.000000,1,,BSE,5.000000,0,False
504378,NYSSACORP,NYSSACORP,,-1.000000,1,,BSE,1.000000,0,False
532629,MBECL,MBECL,,-1.000000,1,,BSE,1.000000,0,False
532660,VIVIMEDLAB,VIVIMEDLAB,,-1.000000,1,,BSE,1.000000,0,False
532893,VTMLTD,VTMLTD,,-1.000000,1,,BSE,1.000000,0,False
532900,PAISALO,PAISALO,,-1.000000,1,,BSE,1.000000,0,False
532918,RATHIBAR,RATHIBAR,,-1.000000,1,,BSE,1.000000,0,False
532925,KAUSHALYA,KAUSHALYA,,-1.000000,1,,BSE,5.000000,0,False
531027,LIBORD,LIBORD,,-1.000000,1,,BSE,1.000000,0,False
531035,EBIX,EBIX,,-1.000000,1,,BSE,1.000000,0,False
531049,NEELKAN,NEELKAN,,-1.000000,1,,BSE,1.000000,0,False
531051,VINTAGES,VINTAGES,,-1.000000,1,,BSE,1.000000,0,False
532407,MOSCHIP,MOSCHIP,,-1.000000,1,,BSE,5.000000,0,False
532444,TSPIRITUAL,TSPIRITUAL,,-1.000000,1,,BSE,1.000000,0,False
532457,GULPOLY,GULPOLY,,-1.000000,1,,BSE,5.000000,0,False
532466,OFSS,OFSS,,-1.000000,1,,BSE,5.000000,0,True
504605,UNIABEXAL,UNIABEXAL,,-1.000000,1,,BSE,5.000000,0,False
504671,CHASBRT,CHASBRT,,-1.000000,50,,BSE,1.000000,0,False
505412,WENDT,WENDT,,-1.000000,1,,BSE,5.000000,0,False
505502,PSITINFRA,PSITINFRA,,-1.000000,1,,BSE,1.000000,0,False
532930,BGRENERGY,BGRENERGY,,-1.000000,1,,BSE,5.000000,0,False
532952,NAHARCAP,NAHARCAP,,-1.000000,1,,BSE,5.000000,0,False
533012,LPDC,LPDC,,-1.000000,1,,BSE,1.000000,0,False
533033,ISGEC,ISGEC,,-1.000000,1,,BSE,5.000000,0,False
505790,SCHAEFFLER,SCHAEFFLER,,-1.000000,1,,BSE,5.000000,0,False
506122,VOLKAI,VOLKAI,,-1.000000,1,,BSE,5.000000,0,False
506128,PARNAXLAB,PARNAXLAB,,-1.000000,1,,BSE,5.000000,0,False
506134,GOURMET,GOURMET,,-1.000000,1,,BSE,1.000000,0,False
531067,CONTILI,CONTILI,,-1.000000,1,,BSE,1.000000,0,False
531111,GOTHIPL,GOTHIPL,,-1.000000,100,,BSE,1.000000,0,False
531120,PATELENG,PATELENG,,-1.000000,1,,BSE,1.000000,0,False
531126,KATIPATANG,KATIPATANG,,-1.000000,1,,BSE,1.000000,0,False
532470,MPFSL,MPFSL,,-1.000000,1,,BSE,1.000000,0,False
532482,GRANULES,GRANULES,,-1.000000,1,,BSE,5.000000,0,False
532507,BAGFILMS,BAGFILMS,,-1.000000,1,,BSE,1.000000,0,False
532515,TVTODAY,TVTODAY,,-1.000000,1,,BSE,5.000000,0,False
533056,VEDAVAAG,VEDAVAAG,,-1.000000,1,,BSE,1.000000,0,False
533080,MOLDTKPAC,MOLDTKPAC,,-1.000000,1,,BSE,5.000000,0,False
533110,SPSL,SPSL,,-1.000000,1,,BSE,1.000000,0,False
533152,MBLINFRA,MBLINFRA,,-1.000000,1,,BSE,1.000000,0,False
506180,EMERGENT,EMERGENT,,-1.000000,1,,BSE,5.000000,0,False
506194,ARIHANTSUP,ARIHANTSUP,,-1.000000,1,,BSE,5.000000,0,False
506528,KELENRG,KELENRG,,-1.000000,1,,BSE,5.000000,0,False
506618,PUNJABCHEM,PUNJABCHEM,,-1.000000,1,,BSE,5.000000,0,False
531144,ELFORGE,ELFORGE,,-1.000000,1,,BSE,1.000000,0,False
531157,ORGCOAT,ORGCOAT,,-1.000000,1,,BSE,1.000000,0,False
531178,HEMANG,HEMANG,,-1.000000,1,,BSE,1.000000,0,False
531179,ARMANFIN,ARMANFIN,,-1.000000,1,,BSE,5.000000,0,False
532521,PALREDTEC,PALREDTEC,,-1.000000,1,,BSE,1.000000,0,False
532529,NDTV,NDTV,,-1.000000,1,,BSE,1.000000,0,False
532531,STAR,STAR,,-1.000000,1,,BSE,5.000000,0,False
532538,ULTRACEMCO,ULTRACEMCO,,-1.000000,1,,BSE,5.000000,0,True
533172,IVZINGOLD,IVZINGOLD,,-1.000000,1,,BSE,1.000000,0,False
533230,HDFCGOLD,HDFCGOLD,,-1.000000,1,,BSE,1.000000,0,False
533271,ASHOKA,ASHOKA,,-1.000000,1,,BSE,5.000000,0,False
533275,SHAH,SHAH,,-1.000000,1,,BSE,1.000000,0,False
506640,ZR2,ZR2,,-1.000000,1,,BSE,5.000000,0,False
506685,ULTRAMAR,ULTRAMAR,,-1.000000,1,,BSE,5.000000,0,False
506854,TANFACIND,TANFACIND,,-1.000000,1,,BSE,5.000000,0,False
506906,SCBL,SCBL,,-1.000000,1,,BSE,1.000000,0,False
531240,SHAMROIN,SHAMROIN,,-1.000000,1,,BSE,1.000000,0,False
531268,B2BSOFT,B2BSOFT,,-1.000000,1,,BSE,1.000000,0,False
531273,RADHEDE,RADHEDE,,-1.000000,1,,BSE,1.000000,0,False
531280,PANKAJPO,PANKAJPO,,-1.000000,1,,BSE,5.000000,0,False
532539,UNOMINDA,UNOMINDA,,-1.000000,1,,BSE,5.000000,0,True
532637,MANGALAM,MANGALAM,,-1.000000,1,,BSE,1.000000,0,False
532644,JKCEMENT,JKCEMENT,,-1.000000,1,,BSE,5.000000,0,False
532654,MCLEODRUSS,MCLEODRUSS,,-1.000000,1,,BSE,1.000000,0,False
533326,TEXRAIL,TEXRAIL,,-1.000000,1,,BSE,5.000000,0,False
533333,FCL,FCL,,-1.000000,1,,BSE,1.000000,0,False
533477,ENKEIWHEL,ENKEIWHEL,,-1.000000,1,,BSE,5.000000,0,False
533552,RUPA,RUPA,,-1.000000,1,,BSE,5.000000,0,False
506935,CONTCHM,CONTCHM,,-1.000000,1,,BSE,1.000000,0,False
507315,SAKHTISUG,SAKHTISUG,,-1.000000,1,,BSE,1.000000,0,False
507515,CJGEL,CJGEL,,-1.000000,1,,BSE,1.000000,0,False
507808,UNTTEMI,UNTTEMI,,-1.000000,50,,BSE,1.000000,0,False
533632,ONELIFECAP,ONELIFECAP,,-1.000000,1,,BSE,1.000000,0,False
533638,FLEXITUFF,FLEXITUFF,,-1.000000,1,,BSE,1.000000,0,False
534063,FUTSOL,FUTSOL,,-1.000000,1,,BSE,1.000000,0,False
534190,OLPCL,OLPCL,,-1.000000,1,,BSE,1.000000,0,False
531306,DHPIND,DHPIND,,-1.000000,1,,BSE,5.000000,0,False
531340,BERVINL,BERVINL,,-1.000000,1,,BSE,1.000000,0,False
531341,GUJINV,GUJINV,,-1.000000,1,,BSE,1.000000,0,False
531357,MERCURYEV,MERCURYEV,,-1.000000,1,,BSE,1.000000,0,False
532665,RAJVIR,RAJVIR,,-1.000000,1,,BSE,1.000000,0,False
532670,RENUKA,RENUKA,,-1.000000,1,,BSE,1.000000,0,False
532684,EKC,EKC,,-1.000000,1,,BSE,5.000000,0,False
532696,EDUCOMP,EDUCOMP,,-1.000000,1,,BSE,1.000000,0,False
507966,RASRESOR,RASRESOR,,-1.000000,1,,BSE,1.000000,0,False
507970,PARMCOS-B,PARMCOS-B,,-1.000000,1,,BSE,1.000000,0,False
508571,COCHMAL,COCHMAL,,-1.000000,1,,BSE,5.000000,0,False
508918,IRONWOOD,IRONWOOD,,-1.000000,1,,BSE,1.000000,0,False
531370,SPAR,SPAR,,-1.000000,1,,BSE,1.000000,0,False
531402,LWSKNIT,LWSKNIT,,-1.000000,1,,BSE,1.000000,0,False
531409,ALCHCORP,ALCHCORP,,-1.000000,1,,BSE,1.000000,0,False
531456,MINAXI,MINAXI,,-1.000000,1,,BSE,1.000000,0,False
534328,HEXATRADEX,HEXATRADEX,,-1.000000,1,,BSE,5.000000,0,False
534338,MAXHEIGHTS,MAXHEIGHTS,,-1.000000,1,,BSE,1.000000,0,False
534535,META,META,,-1.000000,1,,BSE,1.000000,0,False
534796,JUJHARLOGI,JUJHARLOGI,,-1.000000,1,,BSE,5.000000,0,False
532705,JAGRAN,JAGRAN,,-1.000000,1,,BSE,1.000000,0,False
532710,SADBHAV,SADBHAV,,-1.000000,1,,BSE,1.000000,0,False
532728,MALUPAPER,MALUPAPER,,-1.000000,1,,BSE,1.000000,0,False
532740,LOKESHMACH,LOKESHMACH,,-1.000000,1,,BSE,5.000000,0,False
508989,NAVNETEDUL,NAVNETEDUL,,-1.000000,1,,BSE,5.000000,0,False
509084,PHOTON,PHOTON,,-1.000000,1,,BSE,5.000000,0,False
509220,PTL,PTL,,-1.000000,1,,BSE,1.000000,0,False
509496,CEMPRO,CEMPRO,,-1.000000,1,,BSE,5.000000,0,False
531494,NAVKARURB,NAVKARURB,,-1.000000,1,,BSE,1.000000,0,False
531525,ACESOFT,ACESOFT,,-1.000000,1,,BSE,5.000000,0,False
531610,UFMINDL,UFMINDL,,-1.000000,1,,BSE,1.000000,0,False
531668,VISIONCO,VISIONCO,,-1.000000,1,,BSE,1.000000,0,False
532767,GAYAPROJ,GAYAPROJ,,-1.000000,1,,BSE,1.000000,0,False
532785,RUCHIRA,RUCHIRA,,-1.000000,1,,BSE,5.000000,0,False
532822,IDEA,IDEA,,-1.000000,1,,BSE,1.000000,0,True
532835,ICRA,ICRA,,-1.000000,1,,BSE,5.000000,0,False
534804,CARERATING,CARERATING,,-1.000000,1,,BSE,5.000000,0,False
535204,MUKTA,MUKTA,,-1.000000,1,,BSE,1.000000,0,False
535754,ORIENTCEM,ORIENTCEM,,-1.000000,1,,BSE,5.000000,0,False
536155,RFHXXIV07G,RFHXXIV07G,,-1.000000,1,,BSE,1.000000,0,False
509597,HARDCAS,HARDCAS,,-1.000000,1,,BSE,5.000000,0,False
509917,TECHCON,TECHCON,,-1.000000,1,,BSE,1.000000,0,False
509945,THACKER,THACKER,,-1.000000,1,,BSE,5.000000,0,False
509953,TRADWIN,TRADWIN,,-1.000000,1,,BSE,5.000000,0,False
511048,KUSUMEL,KUSUMEL,,-1.000000,1,,BSE,1.000000,0,False
511108,SHIVATEX,SHIVATEX,,-1.000000,1,,BSE,5.000000,0,False
511176,PARSHWANA,PARSHWANA,,-1.000000,1,,BSE,1.000000,0,False
511218,SHRIRAMFIN,SHRIRAMFIN,,-1.000000,1,,BSE,5.000000,0,True
531672,INANISEC,INANISEC,,-1.000000,1,,BSE,1.000000,0,False
531680,MAYUR,MAYUR,,-1.000000,1,,BSE,1.000000,0,False
531696,VSDCONF,VSDCONF,,-1.000000,1,,BSE,1.000000,0,False
531794,SESHACHAL,SESHACHAL,,-1.000000,1,,BSE,1.000000,0,False
532842,SRHHYPOLTD,SRHHYPOLTD,,-1.000000,1,,BSE,5.000000,0,False
532867,V2RETAIL,V2RETAIL,,-1.000000,1,,BSE,5.000000,0,False
532873,HDIL,HDIL,,-1.000000,1,,BSE,1.000000,0,False
532902,CCCL,CCCL,,-1.000000,1,,BSE,1.000000,0,False
536565,NOVELIX,NOVELIX,,-1.000000,1,,BSE,1.000000,0,False
536827,RFHXXIV25D,RFHXXIV25D,,-1.000000,1,,BSE,1.000000,0,False
536861,NFHXXV01G,NFHXXV01G,,-1.000000,1,,BSE,1.000000,0,False
536967,NFXXV06DG,NFXXV06DG,,-1.000000,1,,BSE,1.000000,0,False
511535,NDASEC,NDASEC,,-1.000000,1,,BSE,1.000000,0,False
511551,MONARCH,MONARCH,,-1.000000,1,,BSE,5.000000,0,False
511636,DJSSS,DJSSS,,-1.000000,1,,BSE,1.000000,0,False
511664,BGIL,BGIL,,-1.000000,1,,BSE,1.000000,0,False
531859,ORIRAIL,ORIRAIL,,-1.000000,1,,BSE,5.000000,0,False
531869,SACHEMT,SACHEMT,,-1.000000,1,,BSE,1.000000,0,False
531870,POPULARES,POPULARES,,-1.000000,1,,BSE,1.000000,0,False
531893,SAWACA,SAWACA,,-1.000000,1,,BSE,1.000000,0,False
532904,SUPREMEINF,SUPREMEINF,,-1.000000,1,,BSE,1.000000,0,False
532932,MANAKSIA,MANAKSIA,,-1.000000,1,,BSE,1.000000,0,False
532946,BANG,BANG,,-1.000000,1,,BSE,1.000000,0,False
532951,GSS,GSS,,-1.000000,1,,BSE,1.000000,0,False
537007,NIFTYIETF,NIFTYIETF,,-1.000000,1,,BSE,1.000000,0,False
537008,NIF100IETF,NIF100IETF,,-1.000000,1,,BSE,1.000000,0,False
537069,ARNOLD,ARNOLD,,-1.000000,1,,BSE,1.000000,0,False
537253,SUNLOC,SUNLOC,,-1.000000,1,,BSE,1.000000,0,False
511676,GICHSGFIN,GICHSGFIN,,-1.000000,1,,BSE,5.000000,0,False
511738,MEHSECU,MEHSECU,,-1.000000,1,,BSE,1.000000,0,False
512060,SHYAM,SHYAM,,-1.000000,50,,BSE,1.000000,0,False
512093,CRANESSOFT,CRANESSOFT,,-1.000000,1,,BSE,1.000000,0,False
531928,GOLCA,GOLCA,,-1.000000,1,,BSE,1.000000,0,False
531979,HINDALUMI,HINDALUMI,,-1.000000,1,,BSE,1.000000,0,False
532022,FILATFASH,FILATFASH,,-1.000000,1,,BSE,1.000000,0,False
532054,KDDL,KDDL,,-1.000000,1,,BSE,5.000000,0,False
532953,VGUARD,VGUARD,,-1.000000,1,,BSE,5.000000,0,False
532977,BAJAJ-AUTO,BAJAJ-AUTO,,-1.000000,1,,BSE,5.000000,0,True
532989,BAFNAPH,BAFNAPH,,-1.000000,1,,BSE,5.000000,0,False
533004,DWSFTS50BG,DWSFTS50BG,,-1.000000,1,,BSE,1.000000,0,False
537459,NFXXV18DG,NFXXV18DG,,-1.000000,1,,BSE,1.000000,0,False
537754,NFHXXV26G,NFHXXV26G,,-1.000000,1,,BSE,1.000000,0,False
537800,MANGIND,MANGIND,,-1.000000,1,,BSE,1.000000,0,False
537913,NFHXXV32G,NFHXXV32G,,-1.000000,1,,BSE,1.000000,0,False
512157,TERRAREAL,TERRAREAL,,-1.000000,50,,BSE,1.000000,0,False
512195,BENTCOM,BENTCOM,,-1.000000,50,,BSE,1.000000,0,False
512213,CLASELE,CLASELE,,-1.000000,1,,BSE,1.000000,0,False
512277,AUTOINT,AUTOINT,,-1.000000,1,,BSE,5.000000,0,False
538109,NFHXXVI09G,NFHXXVI09G,,-1.000000,1,,BSE,1.000000,0,False
538119,RNBDENIMS,RNBDENIMS,,-1.000000,1,,BSE,1.000000,0,False
538351,AFEL,AFEL,,-1.000000,1,,BSE,1.000000,0,False
532090,ATVOENT,ATVOENT,,-1.000000,1,,BSE,1.000000,0,False
532154,JOHNPHARMA,JOHNPHARMA,,-1.000000,1,,BSE,1.000000,0,False
532172,ADROITINFO,ADROITINFO,,-1.000000,1,,BSE,1.000000,0,False
532173,CYBERTECH,CYBERTECH,,-1.000000,1,,BSE,5.000000,0,False
533107,SWANDEF,SWANDEF,,-1.000000,1,,BSE,5.000000,0,False
533142,FFTF16BDM,FFTF16BDM,,-1.000000,1,,BSE,1.000000,0,False
533146,DLINKINDIA,DLINKINDIA,,-1.000000,1,,BSE,5.000000,0,False
533149,YUNIKM,YUNIKM,,-1.000000,1,,BSE,1.000000,0,False
538319,GCMCAPI,GCMCAPI,,-1.000000,1000,,BSE,1.000000,0,False
512307,TYPHOON,TYPHOON,,-1.000000,1,,BSE,1.000000,0,False
512408,UNIWSEC,UNIWSEC,,-1.000000,1,,BSE,1.000000,0,False
512443,GANONPRO,GANONPRO,,-1.000000,1,,BSE,1.000000,0,False
512445,DEVITRD,DEVITRD,,-1.000000,1,,BSE,1.000000,0,False
532189,ITDC,ITDC,,-1.000000,1,,BSE,5.000000,0,False
532210,CUB,CUB,,-1.000000,1,,BSE,5.000000,0,False
532217,CMXLTD,CMXLTD,,-1.000000,1,,BSE,1.000000,0,False
532219,ENERGYDEV,ENERGYDEV,,-1.000000,1,,BSE,1.000000,0,False
533158,THANGAMAYL,THANGAMAYL,,-1.000000,1,,BSE,5.000000,0,False
533161,EMMBI,EMMBI,,-1.000000,1,,BSE,1.000000,0,False
533177,IL&FSTRANS,IL&FSTRANS,,-1.000000,1,,BSE,1.000000,0,False
533179,PERSISTENT,PERSISTENT,,-1.000000,1,,BSE,5.000000,0,True
538401,METSL,METSL,,-1.000000,1,,BSE,5.000000,0,False
538428,RFXXVI23DD,RFXXVI23DD,,-1.000000,1,,BSE,1.000000,0,False
538429,RFXXVI23DG,RFXXVI23DG,,-1.000000,1,,BSE,1.000000,0,False
538431,RFHXXVI23G,RFHXXVI23G,,-1.000000,1,,BSE,1.000000,0,False
512485,DHANCOT,DHANCOT,,-1.000000,1,,BSE,5.000000,0,False
512511,VARUNME,VARUNME,,-1.000000,1,,BSE,1.000000,0,False
512589,SITAENT,SITAENT,,-1.000000,1,,BSE,5.000000,0,False
512597,KEYFINSERV,KEYFINSERV,,-1.000000,1,,BSE,5.000000,0,False
532305,INDSWFTLAB,INDSWFTLAB,,-1.000000,1,,BSE,5.000000,0,False
532320,VAARAD,VAARAD,,-1.000000,1,,BSE,1.000000,0,False
532333,HBPOR,HBPOR,,-1.000000,1,,BSE,1.000000,0,False
532357,MUKTAARTS,MUKTAARTS,,-1.000000,1,,BSE,1.000000,0,False
533210,KRITINUT,KRITINUT,,-1.000000,1,,BSE,1.000000,0,False
533215,FFTF17BGR,FFTF17BGR,,-1.000000,1,,BSE,1.000000,0,False
533285,RDBIPL,RDBIPL,,-1.000000,1,,BSE,1.000000,0,False
533293,KIRLOSENG,KIRLOSENG,,-1.000000,1,,BSE,5.000000,0,False
538451,WORTH,WORTH,,-1.000000,1,,BSE,1.000000,0,False
538556,ARMAN,ARMAN,,-1.000000,1,,BSE,5.000000,0,False
538668,MIIL,MIIL,,-1.000000,1,,BSE,5.000000,0,False
538730,PDSL,PDSL,,-1.000000,1,,BSE,5.000000,0,False
512634,SAVERA,SAVERA,,-1.000000,1,,BSE,5.000000,0,False
513063,TRANSFRE,TRANSFRE,,-1.000000,1,,BSE,1.000000,0,False
513108,GANDHITUBE,GANDHITUBE,,-1.000000,1,,BSE,5.000000,0,False
513228,PENIND,PENIND,,-1.000000,1,,BSE,5.000000,0,False
538765,JSHL,JSHL,,-1.000000,5000,,BSE,1.000000,0,False
538777,ASIACAP,ASIACAP,,-1.000000,1,,BSE,5.000000,0,False
538838,ICL,ICL,,-1.000000,1,,BSE,1.000000,0,False
538868,CSL,CSL,,-1.000000,1,,BSE,1.000000,0,False
532362,NAGPI,NAGPI,,-1.000000,1,,BSE,5.000000,0,False
532366,PNBGILTS,PNBGILTS,,-1.000000,1,,BSE,1.000000,0,False
532376,UMIYA-MRO,UMIYA-MRO,,-1.000000,1,,BSE,1.000000,0,False
532379,FIRSTFIN,FIRSTFIN,,-1.000000,1,,BSE,1.000000,0,False
533294,RKDL,RKDL,,-1.000000,1,,BSE,1.000000,0,False
533301,SHEKHAWATI,SHEKHAWATI,,-1.000000,1,,BSE,1.000000,0,False
533302,KICL,KICL,,-1.000000,1,,BSE,5.000000,0,False
533316,STEL,STEL,,-1.000000,1,,BSE,5.000000,0,False
513262,SSWL,SSWL,,-1.000000,1,,BSE,5.000000,0,False
513436,SHAHALLOYS,SHAHALLOYS,,-1.000000,1,,BSE,5.000000,0,False
513472,SIMPLEXCAS,SIMPLEXCAS,,-1.000000,1,,BSE,5.000000,0,False
513502,BAROEXT,BAROEXT,,-1.000000,1,,BSE,1.000000,0,False
533339,ZENTEC,ZENTEC,,-1.000000,1,,BSE,5.000000,0,False
533418,KTKFMP46D,KTKFMP46D,,-1.000000,1,,BSE,1.000000,0,False
533482,KRIDHANINF,KRIDHANINF,,-1.000000,1,,BSE,1.000000,0,False
533506,INVENTURE,INVENTURE,,-1.000000,1,,BSE,1.000000,0,False
538918,VANICOM,VANICOM,,-1.000000,1,,BSE,1.000000,0,False
538921,RAFL,RAFL,,-1.000000,625,,BSE,1.000000,0,False
538964,MERCURYLAB,MERCURYLAB,,-1.000000,1,,BSE,5.000000,0,False
538992,SAPL,SAPL,,-1.000000,1,,BSE,5.000000,0,False
532384,TYCHE,TYCHE,,-1.000000,1,,BSE,5.000000,0,False
532395,AXISCADES,AXISCADES,,-1.000000,1,,BSE,5.000000,0,False
532410,TRANSCOR,TRANSCOR,,-1.000000,1,,BSE,1.000000,0,False
532425,GENUSPRIME,GENUSPRIME,,-1.000000,1,,BSE,1.000000,0,False
539013,GITARENEW,GITARENEW,,-1.000000,1,,BSE,1.000000,0,False
539112,SAB,SAB,,-1.000000,1,,BSE,5.000000,0,False
539196,AEL,AEL,,-1.000000,1,,BSE,5.000000,0,False
539226,RUDRA,RUDRA,,-1.000000,1,,BSE,1.000000,0,False
513517,STEELCAS,STEELCAS,,-1.000000,1,,BSE,5.000000,0,False
513540,TNSTLTU,TNSTLTU,,-1.000000,100,,BSE,1.000000,0,False
513566,NOVIS,NOVIS,,-1.000000,1,,BSE,1.000000,0,False
513599,HINDCOPPER,HINDCOPPER,,-1.000000,1,,BSE,5.000000,0,False
532477,UNIONBANK,UNIONBANK,,-1.000000,1,,BSE,5.000000,0,True
532500,MARUTI,MARUTI,,-1.000000,1,,BSE,5.000000,0,True
532543,GULFPETRO,GULFPETRO,,-1.000000,1,,BSE,1.000000,0,False
532612,INDOCO,INDOCO,,-1.000000,1,,BSE,5.000000,0,False
533629,TIJARIA,TIJARIA,,-1.000000,1,,BSE,1.000000,0,False
533941,THOMASCOTT,THOMASCOTT,,-1.000000,1,,BSE,5.000000,0,False
534425,SPECIALITY,SPECIALITY,,-1.000000,1,,BSE,5.000000,0,False
534612,AMTL,AMTL,,-1.000000,1,,BSE,1.000000,0,False
539271,NXXIX1D,NXXIX1D,,-1.000000,1,,BSE,1.000000,0,False
539275,MSL,MSL,,-1.000000,1,,BSE,5.000000,0,False
539353,SALAUTO,SALAUTO,,-1.000000,1,,BSE,5.000000,0,False
539400,MALLCOM,MALLCOM,,-1.000000,1,,BSE,5.000000,0,False
513699,SOLIDSTON,SOLIDSTON,,-1.000000,1,,BSE,1.000000,0,False
513709,SHILGRAVQ,SHILGRAVQ,,-1.000000,1,,BSE,5.000000,0,False
513721,MFSINTRCRP,MFSINTRCRP,,-1.000000,1,,BSE,1.000000,0,False
514280,SANTETX,SANTETX,,-1.000000,1,,BSE,5.000000,0,False
539519,TAVEXIA,TAVEXIA,,-1.000000,1,,BSE,1.000000,0,False
532630,GOKEX,GOKEX,,-1.000000,1,,BSE,5.000000,0,False
532661,RML,RML,,-1.000000,1,,BSE,5.000000,0,False
532716,GILLANDERS,GILLANDERS,,-1.000000,1,,BSE,5.000000,0,False
532741,KAMDHENU,KAMDHENU,,-1.000000,1,,BSE,1.000000,0,False
534708,SHANTIGURU,SHANTIGURU,,-1.000000,3000,,BSE,1.000000,0,False
534816,INDUSTOWER,INDUSTOWER,,-1.000000,1,,BSE,5.000000,0,True
534920,ISERA,ISERA,,-1.000000,1,,BSE,5.000000,0,False
535371,KTKFMP100G,KTKFMP100G,,-1.000000,1,,BSE,1.000000,0,False
539409,NEERAJ,NEERAJ,,-1.000000,1,,BSE,1.000000,0,False
539436,COFFEEDAY,COFFEEDAY,,-1.000000,1,,BSE,1.000000,0,False
539495,RAJKOTINV,RAJKOTINV,,-1.000000,1,,BSE,1.000000,0,False
514326,PATSPINLTD,PATSPINLTD,,-1.000000,1,,BSE,1.000000,0,False
514400,GARWSYN,GARWSYN,,-1.000000,1,,BSE,1.000000,0,False
514402,ECOHOTELS,ECOHOTELS,,-1.000000,1,,BSE,1.000000,0,False
514442,SRIKPRIND,SRIKPRIND,,-1.000000,1,,BSE,1.000000,0,False
532756,CIEINDIA,CIEINDIA,,-1.000000,1,,BSE,5.000000,0,False
532757,VOLTAMP,VOLTAMP,,-1.000000,1,,BSE,5.000000,0,False
532771,JHS,JHS,,-1.000000,1,,BSE,1.000000,0,False
532774,INSPIRISYS,INSPIRISYS,,-1.000000,1,,BSE,1.000000,0,False
539521,NAVIGANT,NAVIGANT,,-1.000000,1250,,BSE,1.000000,0,False
539528,AAYUSH,AAYUSH,,-1.000000,1,,BSE,1.000000,0,False
539730,FREDUN,FREDUN,,-1.000000,1,,BSE,5.000000,0,False
539742,SIMBHALS,SIMBHALS,,-1.000000,1,,BSE,1.000000,0,False
514448,JYOTIRES,JYOTIRES,,-1.000000,1,,BSE,5.000000,0,False
514454,SOUTLAT,SOUTLAT,,-1.000000,1,,BSE,1.000000,0,False
516020,AGIOPAPER,AGIOPAPER,,-1.000000,1,,BSE,1.000000,0,False
516030,PAKKA,PAKKA,,-1.000000,1,,BSE,1.000000,0,False
535374,KTKFMP100D,KTKFMP100D,,-1.000000,1,,BSE,1.000000,0,False
535431,GCMSECU,GCMSECU,,-1.000000,1,,BSE,1.000000,0,False
535657,OONE,OONE,,-1.000000,1,,BSE,1.000000,0,False
535602,SHARDAMOTR,SHARDAMOTR,,-1.000000,1,,BSE,5.000000,0,False
539785,PDMJEPAPER,PDMJEPAPER,,-1.000000,1,,BSE,1.000000,0,False
539799,BHARATWIRE,BHARATWIRE,,-1.000000,1,,BSE,5.000000,0,False
539839,FRANKLIN,FRANKLIN,,-1.000000,4000,,BSE,1.000000,0,False
539843,NINSYS,NINSYS,,-1.000000,1,,BSE,5.000000,0,False
516096,SANPA,SANPA,,-1.000000,1,,BSE,5.000000,0,False
517336,MODMA,MODMA,,-1.000000,100,,BSE,1.000000,0,False
517360,SBECSYS,SBECSYS,,-1.000000,1,,BSE,1.000000,0,False
517411,SHYAMTEL,SHYAMTEL,,-1.000000,1,,BSE,1.000000,0,False
532795,SITINET,SITINET,,-1.000000,1,,BSE,1.000000,0,False
532797,AUTOIND,AUTOIND,,-1.000000,1,,BSE,1.000000,0,False
532809,FSL,FSL,,-1.000000,1,,BSE,5.000000,0,False
532814,INDIANB,INDIANB,,-1.000000,1,,BSE,5.000000,0,True
535683,RMFINAFDG8,RMFINAFDG8,,-1.000000,1,,BSE,1.000000,0,False
535730,KHOOBSURAT,KHOOBSURAT,,-1.000000,1,,BSE,1.000000,0,False
536166,RFXXIV10DG,RFXXIV10DG,,-1.000000,1,,BSE,1.000000,0,False
536846,YURANUS,YURANUS,,-1.000000,1,,BSE,1.000000,0,False
539957,MGL,MGL,,-1.000000,1,,BSE,5.000000,0,False
540008,BSLSENETFG,BSLSENETFG,,-1.000000,1,,BSE,1.000000,0,False
540133,ICICIPRULI,ICICIPRULI,,-1.000000,1,,BSE,5.000000,0,True
540135,ARCFIN,ARCFIN,,-1.000000,1,,BSE,1.000000,0,False
517477,ELNET,ELNET,,-1.000000,1,,BSE,5.000000,0,False
517522,RAJRATAN,RAJRATAN,,-1.000000,1,,BSE,5.000000,0,False
517536,ONWARDTEC,ONWARDTEC,,-1.000000,1,,BSE,5.000000,0,False
518011,KEERTHI,KEERTHI,,-1.000000,1,,BSE,1.000000,0,False
532815,SMSPHARMA,SMSPHARMA,,-1.000000,1,,BSE,5.000000,0,False
532843,FORTIS,FORTIS,,-1.000000,1,,BSE,5.000000,0,True
532870,ANKITMETAL,ANKITMETAL,,-1.000000,1,,BSE,1.000000,0,False
532885,CENTRALBK,CENTRALBK,,-1.000000,1,,BSE,1.000000,0,False
536960,MOM100,MOM100,,-1.000000,1,,BSE,1.000000,0,False
537378,HCPO36MJDG,HCPO36MJDG,,-1.000000,1,,BSE,1.000000,0,False
537536,DENISCHEM,DENISCHEM,,-1.000000,1,,BSE,1.000000,0,False
537563,NFHXXV20G,NFHXXV20G,,-1.000000,1,,BSE,1.000000,0,False
540148,BINDALEXPO,BINDALEXPO,,-1.000000,4000,,BSE,1.000000,0,False
540455,ESCORP,ESCORP,,-1.000000,1,,BSE,5.000000,0,False
540467,PARMSILK,PARMSILK,,-1.000000,1,,BSE,5.000000,0,False
540481,CLFL,CLFL,,-1.000000,1,,BSE,1.000000,0,False
519295,BAMBINO,BAMBINO,,-1.000000,1,,BSE,5.000000,0,False
519331,VSFPROJ,VSFPROJ,,-1.000000,1,,BSE,1.000000,0,False
519612,LAKESHORE,LAKESHORE,,-1.000000,1,,BSE,1.000000,0,False
520113,VESUVIUS,VESUVIUS,,-1.000000,1,,BSE,5.000000,0,False
532896,MAGNUM,MAGNUM,,-1.000000,1,,BSE,1.000000,0,False
532911,PARLEIND,PARLEIND,,-1.000000,1,,BSE,1.000000,0,False
532935,ARIES,ARIES,,-1.000000,1,,BSE,5.000000,0,False
532939,RPOWER,RPOWER,,-1.000000,1,,BSE,1.000000,0,False
540519,MEERA,MEERA,,-1.000000,1,,BSE,1.000000,0,False
540612,LOWVOLIETF,LOWVOLIETF,,-1.000000,1,,BSE,1.000000,0,False
540649,AVADHSUGAR,AVADHSUGAR,,-1.000000,1,,BSE,5.000000,0,False
540652,CTCL,CTCL,,-1.000000,750,,BSE,5.000000,0,False
520119,ASAL,ASAL,,-1.000000,1,,BSE,5.000000,0,False
521105,OLYMPTX,OLYMPTX,,-1.000000,1,,BSE,1.000000,0,False
520127,BALTE,BALTE,,-1.000000,1,,BSE,1.000000,0,False
521068,HISARSP,HISARSP,,-1.000000,100,,BSE,1.000000,0,False
532941,CORDSCABLE,CORDSCABLE,,-1.000000,1,,BSE,5.000000,0,False
532945,SEPC,SEPC,,-1.000000,1,,BSE,1.000000,0,False
532955,RECLTD,RECLTD,,-1.000000,1,,BSE,5.000000,0,True
532957,GOKAKTEX,GOKAKTEX,,-1.000000,1,,BSE,1.000000,0,False
537708,NIFTY1,NIFTY1,,-1.000000,1,,BSE,1.000000,0,False
537985,INFRONICS,INFRONICS,,-1.000000,1,,BSE,1.000000,0,False
538100,NFXXVI09DG,NFXXVI09DG,,-1.000000,1,,BSE,1.000000,0,False
538392,RFHXXVI24DG,RFHXXVI24DG,,-1.000000,1,,BSE,1.000000,0,False
540680,KIOCL,KIOCL,,-1.000000,1,,BSE,5.000000,0,False
540691,ABCAPITAL,ABCAPITAL,,-1.000000,1,,BSE,5.000000,0,True
540719,SBILIFE,SBILIFE,,-1.000000,1,,BSE,5.000000,0,True
540757,SCPL,SCPL,,-1.000000,1,,BSE,5.000000,0,False
521210,CITYMAN,CITYMAN,,-1.000000,1,,BSE,1.000000,0,False
521232,SUNILTX,SUNILTX,,-1.000000,100,,BSE,1.000000,0,False
521242,KANDAGIRI,KANDAGIRI,,-1.000000,1,,BSE,1.000000,0,False
521248,KITEX,KITEX,,-1.000000,1,,BSE,5.000000,0,False
533048,TPHQ,TPHQ,,-1.000000,1,,BSE,1.000000,0,False
533088,MHRIL,MHRIL,,-1.000000,1,,BSE,5.000000,0,False
533104,GLOBUSSPR,GLOBUSSPR,,-1.000000,1,,BSE,5.000000,0,False
533141,FFTF16BCY,FFTF16BCY,,-1.000000,1,,BSE,1.000000,0,False
538496,TARINI,TARINI,,-1.000000,3000,,BSE,1.000000,0,False
538525,NFHXXVI30G,NFHXXVI30G,,-1.000000,1,,BSE,1.000000,0,False
538542,GOLDCOINHF,GOLDCOINHF,,-1.000000,1,,BSE,1.000000,0,False
538546,BRPL,BRPL,,-1.000000,1,,BSE,5.000000,0,False
540774,IFGLEXPOR,IFGLEXPOR,,-1.000000,1,,BSE,5.000000,0,False
540788,ASPIRA,ASPIRA,,-1.000000,1,,BSE,1.000000,0,False
540789,DNAMEDIA,DNAMEDIA,,-1.000000,1,,BSE,1.000000,0,False
540811,DML,DML,,-1.000000,5000,,BSE,1.000000,0,False
522105,BIRLAPREC,BIRLAPREC,,-1.000000,1,,BSE,1.000000,0,False
522195,FRONTSP,FRONTSP,,-1.000000,1,,BSE,5.000000,0,False
523269,ADVANIHOTR,ADVANIHOTR,,-1.000000,1,,BSE,1.000000,0,False
523371,MAWANASUG,MAWANASUG,,-1.000000,1,,BSE,5.000000,0,False
523419,TNTELE,TNTELE,,-1.000000,1,,BSE,1.000000,0,False
523483,PACIFICI,PACIFICI,,-1.000000,1,,BSE,5.000000,0,False
523550,KRYPTONQ,KRYPTONQ,,-1.000000,1,,BSE,1.000000,0,False
523598,SCI,SCI,,-1.000000,1,,BSE,5.000000,0,False
533284,RPPINFRA,RPPINFRA,,-1.000000,1,,BSE,1.000000,0,False
533295,PSB,PSB,,-1.000000,1,,BSE,1.000000,0,False
533336,DHUNINV,DHUNINV,,-1.000000,1,,BSE,5.000000,0,False
533385,MON100,MON100,,-1.000000,1,,BSE,1.000000,0,False
538565,VISTARAMAR,VISTARAMAR,,-1.000000,1,,BSE,5.000000,0,False
538569,TRIVENIENT,TRIVENIENT,,-1.000000,1,,BSE,1.000000,0,False
538591,NCAPBULADD,NCAPBULADD,,-1.000000,1,,BSE,1.000000,0,False
538632,NCAPBUILBD,NCAPBUILBD,,-1.000000,1,,BSE,1.000000,0,False
540902,AMBER,AMBER,,-1.000000,1,,BSE,5.000000,0,True
540955,TDSL,TDSL,,-1.000000,1,,BSE,1.000000,0,False
540956,BHATIA,BHATIA,,-1.000000,1,,BSE,1.000000,0,False
541153,BANDHANBNK,BANDHANBNK,,-1.000000,1,,BSE,5.000000,0,True
523650,YASHINNO,YASHINNO,,-1.000000,1,,BSE,1.000000,0,False
523652,KKPLASTICK,KKPLASTICK,,-1.000000,1,,BSE,1.000000,0,False
523708,EIMCOELECO,EIMCOELECO,,-1.000000,1,,BSE,5.000000,0,False
523796,VHLTD,VHLTD,,-1.000000,1,,BSE,5.000000,0,False
533573,APLLTD,APLLTD,,-1.000000,1,,BSE,5.000000,0,False
533608,RDBRL,RDBRL,,-1.000000,1,,BSE,5.000000,0,False
534064,AIML,AIML,,-1.000000,1,,BSE,1.000000,0,False
534312,MTEDUCARE,MTEDUCARE,,-1.000000,1,,BSE,1.000000,0,False
538634,VRL,VRL,,-1.000000,1,,BSE,5.000000,0,False
538715,DHABRIYA,DHABRIYA,,-1.000000,1,,BSE,5.000000,0,False
538731,HANMAN,HANMAN,,-1.000000,4200,,BSE,1.000000,0,False
538786,CITIZEN,CITIZEN,,-1.000000,1,,BSE,5.000000,0,False
541300,INTERISE,INTERISE,,-1.000000,25000,,BSE,1.000000,0,False
541445,WAA,WAA,,-1.000000,800,,BSE,1.000000,0,False
541450,ADANIGREEN,ADANIGREEN,,-1.000000,1,,BSE,5.000000,0,True
541633,STRAEXPO,STRAEXPO,,-1.000000,1,,BSE,1.000000,0,False
524031,PATIDAR,PATIDAR,,-1.000000,1,,BSE,1.000000,0,False
524080,HARLETH,HARLETH,,-1.000000,1,,BSE,1.000000,0,False
524202,LACTOSE,LACTOSE,,-1.000000,1,,BSE,5.000000,0,False
524208,AARTIIND,AARTIIND,,-1.000000,1,,BSE,5.000000,0,False
534600,JTLIND,JTLIND,,-1.000000,1,,BSE,1.000000,0,False
534618,WAAREERTL,WAAREERTL,,-1.000000,1,,BSE,5.000000,0,False
534623,JUPITERIN,JUPITERIN,,-1.000000,1,,BSE,1.000000,0,False
534639,VINAYAKPOL,VINAYAKPOL,,-1.000000,1,,BSE,1.000000,0,False
538787,GBFL,GBFL,,-1.000000,1,,BSE,1.000000,0,False
538891,MCLOUD,MCLOUD,,-1.000000,1,,BSE,1.000000,0,False
538894,OCTAL,OCTAL,,-1.000000,1,,BSE,1.000000,0,False
538935,ABHIFIN,ABHIFIN,,-1.000000,1,,BSE,1.000000,0,False
541703,RACONTEUR,RACONTEUR,,-1.000000,1600,,BSE,1.000000,0,False
542057,BCPL,BCPL,,-1.000000,1,,BSE,1.000000,0,False
542155,DGL,DGL,,-1.000000,2000,,BSE,1.000000,0,False
542285,AXITA,AXITA,,-1.000000,1,,BSE,1.000000,0,False
524372,ORCHPHARMA,ORCHPHARMA,,-1.000000,1,,BSE,5.000000,0,False
524400,ISHITADR,ISHITADR,,-1.000000,1,,BSE,1.000000,0,False
524412,AAREYDRUGS,AAREYDRUGS,,-1.000000,1,,BSE,1.000000,0,False
524458,INDOEURO,INDOEURO,,-1.000000,1,,BSE,1.000000,0,False
534741,VIRTUALG,VIRTUALG,,-1.000000,1,,BSE,1.000000,0,False
535267,COMFINCAP,COMFINCAP,,-1.000000,1,,BSE,1.000000,0,False
535441,KTKFMP101GD,KTKFMP101GD,,-1.000000,1,,BSE,1.000000,0,False
535566,KIFS,KIFS,,-1.000000,1,,BSE,5.000000,0,False
538993,PUROHITCON,PUROHITCON,,-1.000000,1,,BSE,1.000000,0,False
539031,SETFBSE100,SETFBSE100,,-1.000000,1,,BSE,1.000000,0,False
539083,INOXWIND,INOXWIND,,-1.000000,1,,BSE,1.000000,0,True
539091,CCDL,CCDL,,-1.000000,1,,BSE,1.000000,0,False
542503,MAHIP,MAHIP,,-1.000000,4000,,BSE,1.000000,0,False
542599,ROOPSHRI,ROOPSHRI,,-1.000000,3000,,BSE,1.000000,0,False
542661,NXLI8X,NXLI8X,,-1.000000,1,,BSE,1.000000,0,False
542665,NEOGEN,NEOGEN,,-1.000000,1,,BSE,5.000000,0,False
524494,IPCALAB,IPCALAB,,-1.000000,1,,BSE,5.000000,0,False
524520,KMCSHIL,KMCSHIL,,-1.000000,1,,BSE,5.000000,0,False
524542,SUKHJITS,SUKHJITS,,-1.000000,1,,BSE,5.000000,0,False
524614,INDXTRA,INDXTRA,,-1.000000,1,,BSE,1.000000,0,False
535647,SDC,SDC,,-1.000000,10000,,BSE,1.000000,0,False
535686,RMFINAFRD8,RMFINAFRD8,,-1.000000,1,,BSE,1.000000,0,False
535688,RMFINAFRR8,RMFINAFRR8,,-1.000000,1,,BSE,1.000000,0,False
535690,RFXXIII12G,RFXXIII12G,,-1.000000,1,,BSE,1.000000,0,False
539098,FILTRA,FILTRA,,-1.000000,2000,,BSE,1.000000,0,False
539113,PML,PML,,-1.000000,1,,BSE,5.000000,0,False
539141,UFO,UFO,,-1.000000,1,,BSE,1.000000,0,False
539175,STARBEAM,STARBEAM,,-1.000000,1,,BSE,1.000000,0,False
542685,DGCONTENT,DGCONTENT,,-1.000000,1,,BSE,1.000000,0,False
542726,INDIAMART,INDIAMART,,-1.000000,1,,BSE,5.000000,0,False
542727,CPML,CPML,,-1.000000,50,,BSE,5.000000,0,False
542759,SPANDANA,SPANDANA,,-1.000000,1,,BSE,5.000000,0,False
524628,PARKERAC,PARKERAC,,-1.000000,1,,BSE,1.000000,0,False
524632,SHUKRAPHAR,SHUKRAPHAR,,-1.000000,1,,BSE,1.000000,0,False
524636,OXYGENTAPH,OXYGENTAPH,,-1.000000,1,,BSE,1.000000,0,False
524715,SUNPHARMA,SUNPHARMA,,-1.000000,1,,BSE,5.000000,0,True
542774,MUFIN,MUFIN,,-1.000000,1,,BSE,5.000000,0,False
542909,EBBETF0430,EBBETF0430,,-1.000000,1,,BSE,1.000000,0,False
535916,ALSL,ALSL,,-1.000000,1,,BSE,1.000000,0,False
535998,RFHXXIV04G,RFHXXIV04G,,-1.000000,1,,BSE,1.000000,0,False
536060,KTKFMP111GD,KTKFMP111GD,,-1.000000,1,,BSE,1.000000,0,False
536119,RFHXXIV11G,RFHXXIV11G,,-1.000000,1,,BSE,1.000000,0,False
539201,SATIA,SATIA,,-1.000000,1,,BSE,1.000000,0,False
539220,MISHKA,MISHKA,,-1.000000,1,,BSE,1.000000,0,False
539278,SYMBIOX,SYMBIOX,,-1.000000,1,,BSE,1.000000,0,False
539301,ARVSMART,ARVSMART,,-1.000000,1,,BSE,5.000000,0,False
542850,GOBLIN,GOBLIN,,-1.000000,2000,,BSE,1.000000,0,False
542864,MOUNT,MOUNT,,-1.000000,1,,BSE,1.000000,0,False
526075,VINRKLB,VINRKLB,,-1.000000,1,,BSE,1.000000,0,False
526227,FILATEX,FILATEX,,-1.000000,1,,BSE,1.000000,0,False
526247,PREMEXPLN,PREMEXPLN,,-1.000000,1,,BSE,5.000000,0,False
526439,AMBIT,AMBIT,,-1.000000,1,,BSE,1.000000,0,False
536249,RFXXIV15DG,RFXXIV15DG,,-1.000000,1,,BSE,1.000000,0,False
536507,FLFL,FLFL,,-1.000000,1,,BSE,1.000000,0,False
536709,INDRENEW,INDRENEW,,-1.000000,1,,BSE,1.000000,0,False
536825,RFXXIV25DG,RFXXIV25DG,,-1.000000,1,,BSE,1.000000,0,False
539359,PRITIKAUTO,PRITIKAUTO,,-1.000000,1,,BSE,1.000000,0,False
539391,ACME,ACME,,-1.000000,1,,BSE,1.000000,0,False
539402,NAKSH,NAKSH,,-1.000000,1,,BSE,1.000000,0,False
539407,GENCON,GENCON,,-1.000000,1,,BSE,1.000000,0,False
542923,TRANWAY21,TRANWAY21,,-1.000000,10000,,BSE,1.000000,0,False
542933,UNIVPHOTO,UNIVPHOTO,,-1.000000,1,,BSE,5.000000,0,False
543073,07DPD,07DPD,,-1.000000,1,,BSE,1.000000,0,False
543083,09MPD,09MPD,,-1.000000,1,,BSE,1.000000,0,False
526471,WINSOMBR,WINSOMBR,,-1.000000,1,,BSE,1.000000,0,False
526477,SAENTER,SAENTER,,-1.000000,1,,BSE,1.000000,0,False
526500,STRGRENWO,STRGRENWO,,-1.000000,1,,BSE,1.000000,0,False
526530,IIRM,IIRM,,-1.000000,1,,BSE,5.000000,0,False
536965,BPCAP,BPCAP,,-1.000000,1,,BSE,1.000000,0,False
536974,CPL,CPL,,-1.000000,1,,BSE,1.000000,0,False
537561,NFXXV20DG,NFXXV20DG,,-1.000000,1,,BSE,1.000000,0,False
537766,BCP,BCP,,-1.000000,1,,BSE,1.000000,0,False
539468,TFSL,TFSL,,-1.000000,1,,BSE,1.000000,0,False
539470,SHREEGANES,SHREEGANES,,-1.000000,1,,BSE,1.000000,0,False
539560,MALTLAND,MALTLAND,,-1.000000,1,,BSE,1.000000,0,False
539562,AARNAV,AARNAV,,-1.000000,1,,BSE,1.000000,0,False
543084,09MPR,09MPR,,-1.000000,1,,BSE,1.000000,0,False
543088,09AMD,09AMD,,-1.000000,1,,BSE,1.000000,0,False
543103,UTCRFS2DHR,UTCRFS2DHR,,-1.000000,1,,BSE,1.000000,0,False
543110,UTCRFS2RGR,UTCRFS2RGR,,-1.000000,1,,BSE,1.000000,0,False
538057,CPSEETF,CPSEETF,,-1.000000,1,,BSE,1.000000,0,False
538212,SHARPINV,SHARPINV,,-1.000000,1,,BSE,1.000000,0,False
538268,WONDERLA,WONDERLA,,-1.000000,1,,BSE,5.000000,0,False
538352,NFXXVI22DD,NFXXVI22DD,,-1.000000,1,,BSE,1.000000,0,False
539725,GOKULAGRO,GOKULAGRO,,-1.000000,1,,BSE,5.000000,0,False
539760,RELICAB,RELICAB,,-1.000000,1,,BSE,1.000000,0,False
539819,MUDRA,MUDRA,,-1.000000,1,,BSE,1.000000,0,False
539875,RSDFIN,RSDFIN,,-1.000000,1,,BSE,5.000000,0,False
543116,UTCRFS2RFR,UTCRFS2RFR,,-1.000000,1,,BSE,1.000000,0,False
543120,UTMTFS2DQR,UTMTFS2DQR,,-1.000000,1,,BSE,1.000000,0,False
543160,10DRD,10DRD,,-1.000000,1,,BSE,1.000000,0,False
543166,10ARR,10ARR,,-1.000000,1,,BSE,1.000000,0,False
526596,LIBERTSHOE,LIBERTSHOE,,-1.000000,1,,BSE,5.000000,0,False
526662,ARENTERP,ARENTERP,,-1.000000,1,,BSE,1.000000,0,False
526709,BITS,BITS,,-1.000000,1,,BSE,1.000000,0,False
526717,HPBL,HPBL,,-1.000000,1,,BSE,5.000000,0,False
543179,11ADD,11ADD,,-1.000000,1,,BSE,1.000000,0,False
543185,11AQR,11AQR,,-1.000000,1,,BSE,1.000000,0,False
543212,BOROLTD,BOROLTD,,-1.000000,1,,BSE,5.000000,0,False
543223,MAXIND,MAXIND,,-1.000000,1,,BSE,5.000000,0,False
526841,SHAKTIPR,SHAKTIPR,,-1.000000,1,,BSE,1.000000,0,False
526853,BI,BI,,-1.000000,1,,BSE,1.000000,0,False
526951,STYLAMIND,STYLAMIND,,-1.000000,1,,BSE,5.000000,0,False
526961,LASTMILE,LASTMILE,,-1.000000,1,,BSE,1.000000,0,False
538353,NFHXXVI22DG,NFHXXVI22DG,,-1.000000,1,,BSE,1.000000,0,False
538395,NAM,NAM,,-1.000000,1,,BSE,1.000000,0,False
538520,SBL,SBL,,-1.000000,1,,BSE,1.000000,0,False
538537,PIPAN,PIPAN,,-1.000000,1,,BSE,5.000000,0,False
539921,SEIL,SEIL,,-1.000000,1,,BSE,5.000000,0,False
539997,KPL,KPL,,-1.000000,1,,BSE,5.000000,0,False
540072,SHIVAEXPO,SHIVAEXPO,,-1.000000,10000,,BSE,1.000000,0,False
540125,RADHIKAJWE,RADHIKAJWE,,-1.000000,1,,BSE,1.000000,0,False
543238,UTIAMC,UTIAMC,,-1.000000,1,,BSE,5.000000,0,False
543243,EQUITASBNK,EQUITASBNK,,-1.000000,1,,BSE,1.000000,0,False
543246,ESG,ESG,,-1.000000,1,,BSE,1.000000,0,False
543247,NETPIX,NETPIX,,-1.000000,4000,,BSE,1.000000,0,False
530037,SPARKLEGR,SPARKLEGR,,-1.000000,1,,BSE,1.000000,0,False
530139,KREONFIN,KREONFIN,,-1.000000,1,,BSE,1.000000,0,False
530145,KISAN,KISAN,,-1.000000,1,,BSE,1.000000,0,False
530185,SURATRAML,SURATRAML,,-1.000000,1,,BSE,1.000000,0,False
540136,HPL,HPL,,-1.000000,1,,BSE,5.000000,0,False
540175,REGENCY,REGENCY,,-1.000000,1,,BSE,1.000000,0,False
540210,HEADSUP,HEADSUP,,-1.000000,1,,BSE,1.000000,0,False
540243,NEWLIGHT,NEWLIGHT,,-1.000000,1,,BSE,1.000000,0,False
543287,LODHA,LODHA,,-1.000000,1,,BSE,5.000000,0,True
543306,DODLA,DODLA,,-1.000000,1,,BSE,5.000000,0,False
543319,AAPLUSTRAD,AAPLUSTRAD,,-1.000000,80000,,BSE,1.000000,0,False
543320,ETERNAL,ETERNAL,,-1.000000,1,,BSE,5.000000,0,True
538579,ZINEMA,ZINEMA,,-1.000000,4000,,BSE,1.000000,0,False
538674,CITYONLINE,CITYONLINE,,-1.000000,1,,BSE,1.000000,0,False
538683,SENSEXBEES,SENSEXBEES,,-1.000000,1,,BSE,1.000000,0,False
538684,ENCASH,ENCASH,,-1.000000,3000,,BSE,1.000000,0,False
530251,RISAINTL,RISAINTL,,-1.000000,1,,BSE,1.000000,0,False
530265,SAINIK,SAINIK,,-1.000000,1,,BSE,1.000000,0,False
530289,SPCAPIT,SPCAPIT,,-1.000000,1,,BSE,1.000000,0,False
530295,SHRAJOI,SHRAJOI,,-1.000000,1,,BSE,1.000000,0,False
543326,FMCGIETF,FMCGIETF,,-1.000000,1,,BSE,1.000000,0,False
543329,WINDLAS,WINDLAS,,-1.000000,1,,BSE,5.000000,0,False
543330,DEVYANI,DEVYANI,,-1.000000,1,,BSE,5.000000,0,False
543361,SFMP51GD,SFMP51GD,,-1.000000,1,,BSE,1.000000,0,False
530365,ORIENTBELL,ORIENTBELL,,-1.000000,1,,BSE,5.000000,0,False
530367,NRBBEARING,NRBBEARING,,-1.000000,1,,BSE,5.000000,0,False
530369,VAMSHIRU,VAMSHIRU,,-1.000000,1,,BSE,1.000000,0,False
530405,JINDCAP,JINDCAP,,-1.000000,1,,BSE,1.000000,0,False
538734,CEINSYS,CEINSYS,,-1.000000,1,,BSE,5.000000,0,False
538882,EMERALD,EMERALD,,-1.000000,1,,BSE,1.000000,0,False
538896,KANCHI,KANCHI,,-1.000000,1,,BSE,5.000000,0,False
538926,NAPL,NAPL,,-1.000000,1,,BSE,5.000000,0,False
540358,RMC,RMC,,-1.000000,1,,BSE,5.000000,0,False
540401,MAXIMUS,MAXIMUS,,-1.000000,1,,BSE,1.000000,0,False
540405,OCEANIC,OCEANIC,,-1.000000,1,,BSE,1.000000,0,False
540530,HUDCO,HUDCO,,-1.000000,1,,BSE,5.000000,0,False
543366,SBLI,SBLI,,-1.000000,1200,,BSE,1.000000,0,False
543413,TEGA,TEGA,,-1.000000,1,,BSE,5.000000,0,False
543433,HPAL,HPAL,,-1.000000,1,,BSE,1.000000,0,False
543444,FABINO,FABINO,,-1.000000,3000,,BSE,1.000000,0,False
530433,SHIVAAGRO,SHIVAAGRO,,-1.000000,1,,BSE,1.000000,0,False
530449,RUNGTAIR,RUNGTAIR,,-1.000000,1,,BSE,1.000000,0,False
530469,GSLSEC,GSLSEC,,-1.000000,1,,BSE,1.000000,0,False
530595,TELECANOR,TELECANOR,,-1.000000,1,,BSE,1.000000,0,False
539014,KALPACOMME,KALPACOMME,,-1.000000,1,,BSE,1.000000,0,False
539046,MANAKCOAT,MANAKCOAT,,-1.000000,1,,BSE,5.000000,0,False
539115,ALANSCOTT,ALANSCOTT,,-1.000000,1,,BSE,5.000000,0,False
539132,WARDWIZFBL,WARDWIZFBL,,-1.000000,1,,BSE,1.000000,0,False
540550,YUG,YUG,,-1.000000,5175,,BSE,1.000000,0,False
540595,TEJASNET,TEJASNET,,-1.000000,1,,BSE,5.000000,0,False
540651,JIGAR,JIGAR,,-1.000000,2000,,BSE,1.000000,0,False
540679,HALEOSLABS,HALEOSLABS,,-1.000000,1,,BSE,5.000000,0,False
543447,SFMP58GD,SFMP58GD,,-1.000000,1,,BSE,1.000000,0,False
543460,QRIL,QRIL,,-1.000000,500,,BSE,1.000000,0,False
543468,SFMP60GD,SFMP60GD,,-1.000000,1,,BSE,1.000000,0,False
543479,NIMFHKGP,NIMFHKGP,,-1.000000,1,,BSE,1.000000,0,False
530617,SAMPRE,SAMPRE,,-1.000000,1,,BSE,1.000000,0,False
530733,ENCODE,ENCODE,,-1.000000,1,,BSE,1.000000,0,False
530771,KLGCAP,KLGCAP,,-1.000000,1,,BSE,1.000000,0,False
530779,DYNAMICP,DYNAMICP,,-1.000000,1,,BSE,1.000000,0,False
543497,BCCL,BCCL,,-1.000000,400,,BSE,1.000000,0,False
543520,GLHRL,GLHRL,,-1.000000,1000,,BSE,1.000000,0,False
543522,NVENTURES,NVENTURES,,-1.000000,750,,BSE,1.000000,0,False
543524,RAINBOW,RAINBOW,,-1.000000,1,,BSE,5.000000,0,False
530787,INLANPR,INLANPR,,-1.000000,1,,BSE,1.000000,0,False
530839,CLIOINFO,CLIOINFO,,-1.000000,1,,BSE,1.000000,0,False
530879,CIFL,CIFL,,-1.000000,1,,BSE,1.000000,0,False
530951,RAMINFO,RAMINFO,,-1.000000,1,,BSE,1.000000,0,False
539198,CAPFIN,CAPFIN,,-1.000000,1,,BSE,5.000000,0,False
539217,SRESTHA,SRESTHA,,-1.000000,1,,BSE,1.000000,0,False
539228,GGPL,GGPL,,-1.000000,1,,BSE,1.000000,0,False
539246,ATMAIND,ATMAIND,,-1.000000,1,,BSE,5.000000,0,False
540709,RHFL,RHFL,,-1.000000,1,,BSE,1.000000,0,False
540728,SAYAJIIND,SAYAJIIND,,-1.000000,1,,BSE,5.000000,0,False
540743,GODREJAGRO,GODREJAGRO,,-1.000000,1,,BSE,5.000000,0,False
540756,KAARYAFSL,KAARYAFSL,,-1.000000,6000,,BSE,1.000000,0,False
543563,MOHEALTH,MOHEALTH,,-1.000000,1,,BSE,1.000000,0,False
543568,MOM30IETF,MOM30IETF,,-1.000000,1,,BSE,1.000000,0,False
543590,RHETAN,RHETAN,,-1.000000,1,,BSE,1.000000,0,False
543592,HDFCSILVER,HDFCSILVER,,-1.000000,1,,BSE,1.000000,0,False
530979,INDIAHOME,INDIAHOME,,-1.000000,1,,BSE,1.000000,0,False
530997,UNIQUEO,UNIQUEO,,-1.000000,1,,BSE,1.000000,0,False
531080,SHRIKRISH,SHRIKRISH,,-1.000000,1,,BSE,1.000000,0,False
531091,UNITDCR,UNITDCR,,-1.000000,1,,BSE,1.000000,0,False
539354,POLYSPIN,POLYSPIN,,-1.000000,1,,BSE,1.000000,0,False
539383,MAHAVEER,MAHAVEER,,-1.000000,1,,BSE,1.000000,0,False
539399,BELLACASA,BELLACASA,,-1.000000,1,,BSE,5.000000,0,False
539435,RFSL,RFSL,,-1.000000,1,,BSE,1.000000,0,False
540777,HDFCLIFE,HDFCLIFE,,-1.000000,1,,BSE,5.000000,0,True
540923,ASHOKAMET,ASHOKAMET,,-1.000000,1,,BSE,1.000000,0,False
541112,SHREESHAY,SHREESHAY,,-1.000000,2000,,BSE,1.000000,0,False
541133,ACFL,ACFL,,-1.000000,1,,BSE,1.000000,0,False
543594,DPL,DPL,,-1.000000,3000,,BSE,1.000000,0,False
543596,TMB,TMB,,-1.000000,1,,BSE,5.000000,0,False
543597,VOEPL,VOEPL,,-1.000000,1,,BSE,5.000000,0,False
543598,SISL,SISL,,-1.000000,400,,BSE,5.000000,0,False
531129,INANI,INANI,,-1.000000,1,,BSE,1.000000,0,False
531147,ALICON,ALICON,,-1.000000,1,,BSE,5.000000,0,False
531173,SYSCHEM,SYSCHEM,,-1.000000,1,,BSE,1.000000,0,False
531216,COMFINTE,COMFINTE,,-1.000000,1,,BSE,1.000000,0,False
543600,HARSHA,HARSHA,,-1.000000,1,,BSE,5.000000,0,False
543602,W5DP,W5DP,,-1.000000,1,,BSE,1.000000,0,False
543604,W5AD,W5AD,,-1.000000,1,,BSE,1.000000,0,False
543628,HDFCMOMENT,HDFCMOMENT,,-1.000000,1,,BSE,1.000000,0,False
531233,RASIELEC,RASIELEC,,-1.000000,1,,BSE,1.000000,0,False
531260,REFEXRENEW,REFEXRENEW,,-1.000000,1,,BSE,5.000000,0,False
531300,AMITINT,AMITINT,,-1.000000,1,,BSE,1.000000,0,False
531310,AVAILFC,AVAILFC,,-1.000000,1,,BSE,5.000000,0,False
539479,GTV,GTV,,-1.000000,1,,BSE,1.000000,0,False
539636,PRECAM,PRECAM,,-1.000000,1,,BSE,5.000000,0,False
539692,IFINSER,IFINSER,,-1.000000,1,,BSE,1.000000,0,False
539767,MNIL,MNIL,,-1.000000,1,,BSE,1.000000,0,False
541144,ACTIVE,ACTIVE,,-1.000000,1,,BSE,5.000000,0,False
541301,ORIENTELEC,ORIENTELEC,,-1.000000,1,,BSE,5.000000,0,False
541304,INDOUS,INDOUS,,-1.000000,1,,BSE,1.000000,0,False
541338,UHZAVERI,UHZAVERI,,-1.000000,1,,BSE,1.000000,0,False
543635,PPLPHARMA,PPLPHARMA,,-1.000000,1,,BSE,5.000000,0,False
543664,KAYNES,KAYNES,,-1.000000,1,,BSE,5.000000,0,True
543666,HDFCPVTBAN,HDFCPVTBAN,,-1.000000,1,,BSE,1.000000,0,False
543669,RUSTOMJEE,RUSTOMJEE,,-1.000000,1,,BSE,5.000000,0,False
531323,JAYIND,JAYIND,,-1.000000,1,,BSE,1.000000,0,False
531349,PANACEABIO,PANACEABIO,,-1.000000,1,,BSE,5.000000,0,False
531395,PADAMCO,PADAMCO,,-1.000000,1,,BSE,1.000000,0,False
531400,ALMONDZ,ALMONDZ,,-1.000000,1,,BSE,1.000000,0,False
541400,ZIMLAB,ZIMLAB,,-1.000000,1,,BSE,5.000000,0,False
541578,VARROC,VARROC,,-1.000000,1,,BSE,5.000000,0,False
541972,SETFSN50,SETFSN50,,-1.000000,1,,BSE,1.000000,0,False
541988,AAVAS,AAVAS,,-1.000000,1,,BSE,5.000000,0,False
539787,HCG,HCG,,-1.000000,1,,BSE,5.000000,0,False
539864,GHUSHINE,GHUSHINE,,-1.000000,5000,,BSE,1.000000,0,False
539889,PARAGMILK,PARAGMILK,,-1.000000,1,,BSE,5.000000,0,False
539894,MADHAVIPL,MADHAVIPL,,-1.000000,1,,BSE,1.000000,0,False
543686,SIRCA,SIRCA,,-1.000000,1,,BSE,5.000000,0,False
543687,DHARMAJ,DHARMAJ,,-1.000000,1,,BSE,5.000000,0,False
543700,GSEC10IETF,GSEC10IETF,,-1.000000,1,,BSE,1.000000,0,False
543739,KTKFMP304RG,KTKFMP304RG,,-1.000000,1,,BSE,1.000000,0,False
531460,CONTICON,CONTICON,,-1.000000,1,,BSE,1.000000,0,False
531489,CGVAK,CGVAK,,-1.000000,1,,BSE,5.000000,0,False
531500,RAJESHEXPO,RAJESHEXPO,,-1.000000,1,,BSE,1.000000,0,False
531515,MAHANIN,MAHANIN,,-1.000000,1,,BSE,1.000000,0,False
542013,DOLFIN,DOLFIN,,-1.000000,1,,BSE,5.000000,0,False
542123,PHOSPHATE,PHOSPHATE,,-1.000000,1,,BSE,5.000000,0,False
542337,SPENCERS,SPENCERS,,-1.000000,1,,BSE,1.000000,0,False
542580,AARTECH,AARTECH,,-1.000000,1,,BSE,1.000000,0,False
543767,BTML,BTML,,-1.000000,1,,BSE,1.000000,0,False
543787,ROBU,ROBU,,-1.000000,165,,BSE,5.000000,0,False
543794,HDFC2638DQ,HDFC2638DQ,,-1.000000,1,,BSE,1.000000,0,False
543805,RESGEN,RESGEN,,-1.000000,750,,BSE,1.000000,0,False
531552,RAGHUTOB,RAGHUTOB,,-1.000000,1,,BSE,1.000000,0,False
531582,BERYLSE,BERYLSE,,-1.000000,1,,BSE,1.000000,0,False
531595,CGCL,CGCL,,-1.000000,1,,BSE,5.000000,0,False
531616,STARCOM,STARCOM,,-1.000000,1,,BSE,1.000000,0,False
539978,QUESS,QUESS,,-1.000000,1,,BSE,5.000000,0,False
539980,MIDSELIETF,MIDSELIETF,,-1.000000,1,,BSE,1.000000,0,False
540005,LTM,LTM,,-1.000000,1,,BSE,5.000000,0,True
540048,SPAL,SPAL,,-1.000000,1,,BSE,5.000000,0,False
542663,NXLI8D,NXLI8D,,-1.000000,1,,BSE,1.000000,0,False
542682,HARISH,HARISH,,-1.000000,1,,BSE,1.000000,0,False
542728,SKIEL,SKIEL,,-1.000000,6000,,BSE,1.000000,0,False
542758,PVTBANIETF,PVTBANIETF,,-1.000000,1,,BSE,1.000000,0,False
543829,GSLSU,GSLSU,,-1.000000,1,,BSE,1.000000,0,False
543831,BRIGHT,BRIGHT,,-1.000000,375,,BSE,5.000000,0,False
543905,INNOKAIZ,INNOKAIZ,,-1.000000,800,,BSE,1.000000,0,False
543910,AVG,AVG,,-1.000000,1,,BSE,5.000000,0,False
531642,MARICO,MARICO,,-1.000000,1,,BSE,5.000000,0,True
531651,NATGENI,NATGENI,,-1.000000,1,,BSE,1.000000,0,False
531671,KARNAWATI,KARNAWATI,,-1.000000,1,,BSE,1.000000,0,False
531677,ARISINT,ARISINT,,-1.000000,1,,BSE,5.000000,0,False
540065,RBLBANK,RBLBANK,,-1.000000,1,,BSE,5.000000,0,True
540180,VBL,VBL,,-1.000000,1,,BSE,5.000000,0,True
540575,STARCEMENT,STARCEMENT,,-1.000000,1,,BSE,5.000000,0,False
540718,AAYUSHBULL,AAYUSHBULL,,-1.000000,125,,BSE,5.000000,0,False
542765,TRANSPACT,TRANSPACT,,-1.000000,500,,BSE,1.000000,0,False
542771,NOVATEOR,NOVATEOR,,-1.000000,3000,,BSE,1.000000,0,False
542803,VEL,VEL,,-1.000000,1,,BSE,1.000000,0,False
542851,GENSOL,GENSOL,,-1.000000,1,,BSE,1.000000,0,False
543914,SWATIPRO,SWATIPRO,,-1.000000,1,,BSE,1.000000,0,False
543915,PAVNAIND,PAVNAIND,,-1.000000,1,,BSE,1.000000,0,False
543918,GHCLTEXTIL,GHCLTEXTIL,,-1.000000,1,,BSE,5.000000,0,False
543933,CYIENTDLM,CYIENTDLM,,-1.000000,1,,BSE,5.000000,0,False
531681,AMERISE,AMERISE,,-1.000000,1,,BSE,1.000000,0,False
531717,VIDHIING,VIDHIING,,-1.000000,1,,BSE,5.000000,0,False
531758,GKCONS,GKCONS,,-1.000000,1,,BSE,1.000000,0,False
531780,KACL,KACL,,-1.000000,1,,BSE,1.000000,0,False
543938,ACCELERATE,ACCELERATE,,-1.000000,640,,BSE,1.000000,0,False
543942,UTKARSHBNK,UTKARSHBNK,,-1.000000,1,,BSE,1.000000,0,False
543947,SENSEXADD,SENSEXADD,,-1.000000,1,,BSE,1.000000,0,False
543950,YATHARTH,YATHARTH,,-1.000000,1,,BSE,5.000000,0,False
540755,GICRE,GICRE,,-1.000000,1,,BSE,5.000000,0,False
540829,CHANDRIMA,CHANDRIMA,,-1.000000,1,,BSE,1.000000,0,False
540850,JFL,JFL,,-1.000000,1000,,BSE,1.000000,0,False
540975,ASTERDM,ASTERDM,,-1.000000,1,,BSE,5.000000,0,False
531813,GANGAPA,GANGAPA,,-1.000000,1,,BSE,1.000000,0,False
531821,MUNOTHFI,MUNOTHFI,,-1.000000,1,,BSE,1.000000,0,False
531834,NATHUEC,NATHUEC,,-1.000000,1,,BSE,1.000000,0,False
531842,LAHOTIOV,LAHOTIOV,,-1.000000,1,,BSE,1.000000,0,False
542905,HINDWAREAP,HINDWAREAP,,-1.000000,1,,BSE,5.000000,0,False
542919,ARTEMISMED,ARTEMISMED,,-1.000000,1,,BSE,5.000000,0,False
542931,VARDHANCFL,VARDHANCFL,,-1.000000,1,,BSE,1.000000,0,False
543066,SBICARD,SBICARD,,-1.000000,1,,BSE,5.000000,0,True
531889,NWIL,NWIL,,-1.000000,1,,BSE,1.000000,0,False
531909,CROISSANCE,CROISSANCE,,-1.000000,1,,BSE,1.000000,0,False
531952,RIBATEX,RIBATEX,,-1.000000,1,,BSE,1.000000,0,False
531971,POPEES,POPEES,,-1.000000,1,,BSE,5.000000,0,False
541005,KANCOTEA,KANCOTEA,,-1.000000,1,,BSE,1.000000,0,False
541083,INFLAME,INFLAME,,-1.000000,250,,BSE,5.000000,0,False
541206,OBCL,OBCL,,-1.000000,1,,BSE,1.000000,0,False
541358,UCIL,UCIL,,-1.000000,1,,BSE,5.000000,0,False
543076,07ABB,07ABB,,-1.000000,1,,BSE,1.000000,0,False
543080,07ADR,07ADR,,-1.000000,1,,BSE,1.000000,0,False
543090,09AQD,09AQD,,-1.000000,1,,BSE,1.000000,0,False
543100,UTCRFS2DAP,UTCRFS2DAP,,-1.000000,1,,BSE,1.000000,0,False
543955,TREL,TREL,,-1.000000,1,,BSE,1.000000,0,False
543964,HFMPCC50DD,HFMPCC50DD,,-1.000000,1,,BSE,1.000000,0,False
543966,HFMPCC75DD,HFMPCC75DD,,-1.000000,1,,BSE,1.000000,0,False
543967,HFMPCC50RD,HFMPCC50RD,,-1.000000,1,,BSE,1.000000,0,False
531996,ODYCORP,ODYCORP,,-1.000000,1,,BSE,1.000000,0,False
532001,INDCTST,INDCTST,,-1.000000,1,,BSE,1.000000,0,False
532011,POOJAENT,POOJAENT,,-1.000000,1,,BSE,1.000000,0,False
532039,ZENOTECH,ZENOTECH,,-1.000000,1,,BSE,1.000000,0,False
541403,DOLLAR,DOLLAR,,-1.000000,1,,BSE,5.000000,0,False
541444,PALMJEWELS,PALMJEWELS,,-1.000000,1,,BSE,1.000000,0,False
541634,RAWEDGE,RAWEDGE,,-1.000000,1,,BSE,1.000000,0,False
541701,SUPERSHAKT,SUPERSHAKT,,-1.000000,300,,BSE,5.000000,0,False
543102,UTCRFS2DHP,UTCRFS2DHP,,-1.000000,1,,BSE,1.000000,0,False
543105,UTCRFS2DFR,UTCRFS2DFR,,-1.000000,1,,BSE,1.000000,0,False
543111,UTCRFS2RAP,UTCRFS2RAP,,-1.000000,1,,BSE,1.000000,0,False
543123,UTMTFS2DAR,UTMTFS2DAR,,-1.000000,1,,BSE,1.000000,0,False
543973,HDFCLIQUID,HDFCLIQUID,,-1.000000,1,,BSE,1.000000,0,False
543974,VPRPL,VPRPL,,-1.000000,1,,BSE,1.000000,0,False
543993,ARCL,ARCL,,-1.000000,1,,BSE,5.000000,0,False
543999,SENSEXETF,SENSEXETF,,-1.000000,1,,BSE,1.000000,0,False
532053,WALLFORT,WALLFORT,,-1.000000,1,,BSE,1.000000,0,False
532143,SKMEGGPROD,SKMEGGPROD,,-1.000000,1,,BSE,5.000000,0,False
532174,ICICIBANK,ICICIBANK,,-1.000000,1,,BSE,5.000000,0,True
532304,KJMCCORP,KJMCCORP,,-1.000000,1,,BSE,1.000000,0,False
544005,ISCITRUST,ISCITRUST,,-1.000000,25000,,BSE,1.000000,0,False
544036,DEEPAKCHEM,DEEPAKCHEM,,-1.000000,800,,BSE,1.000000,0,False
544043,BBNPPGOLD,BBNPPGOLD,,-1.000000,1,,BSE,1.000000,0,False
544047,SIYARAM,SIYARAM,,-1.000000,1500,,BSE,1.000000,0,False
541741,FRATELLI,FRATELLI,,-1.000000,1,,BSE,5.000000,0,False
541778,DEEP,DEEP,,-1.000000,1,,BSE,1.000000,0,False
541890,SPACEINCUBA,SPACEINCUBA,,-1.000000,1,,BSE,1.000000,0,False
541945,RANJEET,RANJEET,,-1.000000,8000,,BSE,1.000000,0,False
543129,UTMTFS2DMR,UTMTFS2DMR,,-1.000000,1,,BSE,1.000000,0,False
543132,UTMTFS2RGR,UTMTFS2RGR,,-1.000000,1,,BSE,1.000000,0,False
543137,UTMTFS2RFP,UTMTFS2RFP,,-1.000000,1,,BSE,1.000000,0,False
543147,08AMD,08AMD,,-1.000000,1,,BSE,1.000000,0,False
532324,CINEVISTA,CINEVISTA,,-1.000000,1,,BSE,1.000000,0,False
532339,COMPUSOFT,COMPUSOFT,,-1.000000,1,,BSE,1.000000,0,False
532368,BCG,BCG,,-1.000000,1,,BSE,1.000000,0,False
532403,4THGEN,4THGEN,,-1.000000,1,,BSE,1.000000,0,False
544053,MOTISONS,MOTISONS,,-1.000000,1,,BSE,1.000000,0,False
544056,SMARITIME,SMARITIME,,-1.000000,1600,,BSE,1.000000,0,False
544057,HAPPYFORGE,HAPPYFORGE,,-1.000000,1,,BSE,5.000000,0,False
544058,MUFTI,MUFTI,,-1.000000,1,,BSE,1.000000,0,False
541946,LIQUIDIETF,LIQUIDIETF,,-1.000000,1,,BSE,1.000000,0,False
542020,AKI,AKI,,-1.000000,1,,BSE,1.000000,0,False
542539,IDFTP179DG,IDFTP179DG,,-1.000000,1,,BSE,1.000000,0,False
542602,EMBASSY,EMBASSY,,-1.000000,1,,BSE,1.000000,0,False
543152,08QPD,08QPD,,-1.000000,1,,BSE,1.000000,0,False
543154,08QPR,08QPR,,-1.000000,1,,BSE,5.000000,0,False
543155,08AQD,08AQD,,-1.000000,1,,BSE,1.000000,0,False
543156,08DPD,08DPD,,-1.000000,1,,BSE,1.000000,0,False
532503,RAJPALAYAM,RAJPALAYAM,,-1.000000,1,,BSE,5.000000,0,False
532555,NTPC,NTPC,,-1.000000,1,,BSE,5.000000,0,True
532610,DWARKESH,DWARKESH,,-1.000000,1,,BSE,1.000000,0,False
532616,XCHANGING,XCHANGING,,-1.000000,1,,BSE,1.000000,0,False
542627,CHANDNIMACH,CHANDNIMACH,,-1.000000,1,,BSE,1.000000,0,False
542628,NSL,NSL,,-1.000000,1,,BSE,5.000000,0,False
542652,POLYCAB,POLYCAB,,-1.000000,1,,BSE,5.000000,0,True
542679,DEL,DEL,,-1.000000,1,,BSE,5.000000,0,False
543159,10DPR,10DPR,,-1.000000,1,,BSE,1.000000,0,False
543167,10GPG,10GPG,,-1.000000,1,,BSE,1.000000,0,False
543172,COSPOWER,COSPOWER,,-1.000000,125,,BSE,5.000000,0,False
543177,11QPD,11QPD,,-1.000000,1,,BSE,1.000000,0,False
544059,SHANTIDENM,SHANTIDENM,,-1.000000,2000,,BSE,1.000000,0,False
544072,AIKPIPES,AIKPIPES,,-1.000000,800,,BSE,1.000000,0,False
544080,SHILINDORE,SHILINDORE,,-1.000000,1,,BSE,5.000000,0,False
544095,EPACK,EPACK,,-1.000000,1,,BSE,5.000000,0,False
532626,POCL,POCL,,-1.000000,1,,BSE,5.000000,0,False
532627,JPPOWER,JPPOWER,,-1.000000,1,,BSE,1.000000,0,False
532651,SPLIL,SPLIL,,-1.000000,1,,BSE,1.000000,0,False
532662,HTMEDIA,HTMEDIA,,-1.000000,1,,BSE,1.000000,0,False
542725,SBC,SBC,,-1.000000,1,,BSE,1.000000,0,False
542760,SWSOLAR,SWSOLAR,,-1.000000,1,,BSE,5.000000,0,False
542772,360ONE,360ONE,,-1.000000,1,,BSE,5.000000,0,True
542857,GREENPANEL,GREENPANEL,,-1.000000,1,,BSE,5.000000,0,False
543221,ITIETF,ITIETF,,-1.000000,1,,BSE,1.000000,0,False
543225,ALTIUSINVIT,ALTIUSINVIT,,-1.000000,25000,,BSE,1.000000,0,False
543228,ROUTE,ROUTE,,-1.000000,1,,BSE,5.000000,0,False
543229,SAMRATFORG,SAMRATFORG,,-1.000000,1,,BSE,5.000000,0,False
544106,MCFL,MCFL,,-1.000000,1200,,BSE,5.000000,0,False
544110,HDFCPSUBK,HDFCPSUBK,,-1.000000,1,,BSE,1.000000,0,False
544129,JUNIPER,JUNIPER,,-1.000000,1,,BSE,5.000000,0,False
544131,GPTHEALTH,GPTHEALTH,,-1.000000,1,,BSE,5.000000,0,False
532695,CELEBRITY,CELEBRITY,,-1.000000,1,,BSE,1.000000,0,False
532701,CELLA,CELLA,,-1.000000,1,,BSE,1.000000,0,False
532708,GVKPIL,GVKPIL,,-1.000000,1,,BSE,1.000000,0,False
532734,GPIL,GPIL,,-1.000000,1,,BSE,5.000000,0,False
542867,CSBBANK,CSBBANK,,-1.000000,1,,BSE,5.000000,0,False
543065,SMAUTO,SMAUTO,,-1.000000,2000,,BSE,1.000000,0,False
543079,07GPG,07GPG,,-1.000000,1,,BSE,1.000000,0,False
543117,UTCRFS2RMP,UTCRFS2RMP,,-1.000000,1,,BSE,1.000000,0,False
543235,ANGELONE,ANGELONE,,-1.000000,1,,BSE,5.000000,0,True
543249,TARC,TARC,,-1.000000,1,,BSE,5.000000,0,False
543260,STOVEKRAFT,STOVEKRAFT,,-1.000000,1,,BSE,5.000000,0,False
543272,EASEMYTRIP,EASEMYTRIP,,-1.000000,1,,BSE,1.000000,0,False
544156,GCONNECT,GCONNECT,,-1.000000,1500,,BSE,1.000000,0,False
544158,SRM,SRM,,-1.000000,1,,BSE,5.000000,0,False
544167,JNKINDIA,JNKINDIA,,-1.000000,1,,BSE,5.000000,0,False
544168,VARYAA,VARYAA,,-1.000000,1000,,BSE,1.000000,0,False
532748,PFOCUS,PFOCUS,,-1.000000,1,,BSE,5.000000,0,False
532754,GMRAIRPORT,GMRAIRPORT,,-1.000000,1,,BSE,1.000000,0,True
532784,SOBHA,SOBHA,,-1.000000,1,,BSE,5.000000,0,False
532790,TANLA,TANLA,,-1.000000,1,,BSE,5.000000,0,False
543127,UTMTFS2DFR,UTMTFS2DFR,,-1.000000,1,,BSE,1.000000,0,False
543148,08AMR,08AMR,,-1.000000,1,,BSE,1.000000,0,False
543161,10AGG,10AGG,,-1.000000,1,,BSE,1.000000,0,False
543162,10DRR,10DRR,,-1.000000,1,,BSE,1.000000,0,False
543278,KALYANKJIL,KALYANKJIL,,-1.000000,1,,BSE,5.000000,0,True
543282,NIKSTECH,NIKSTECH,,-1.000000,300,,BSE,5.000000,0,False
543285,RCAN,RCAN,,-1.000000,400,,BSE,1.000000,0,False
543289,KGES,KGES,,-1.000000,3000,,BSE,1.000000,0,False
544178,PIOTEX,PIOTEX,,-1.000000,1200,,BSE,1.000000,0,False
544181,AWFIS,AWFIS,,-1.000000,1,,BSE,5.000000,0,False
544188,MAGENTA,MAGENTA,,-1.000000,4000,,BSE,1.000000,0,False
544190,3CIT,3CIT,,-1.000000,2000,,BSE,1.000000,0,False
532810,PFC,PFC,,-1.000000,1,,BSE,5.000000,0,True
532827,PAGEIND,PAGEIND,,-1.000000,1,,BSE,5.000000,0,True
532828,AMDIND,AMDIND,,-1.000000,1,,BSE,1.000000,0,False
532832,EMBDL,EMBDL,,-1.000000,1,,BSE,1.000000,0,False
543176,11MPR,11MPR,,-1.000000,1,,BSE,1.000000,0,False
543194,NIRMITEE,NIRMITEE,,-1.000000,900,,BSE,1.000000,0,False
543206,SFMP34DD,SFMP34DD,,-1.000000,1,,BSE,1.000000,0,False
543210,AARTISURF,AARTISURF,,-1.000000,1,,BSE,5.000000,0,False
543290,PGINVIT,PGINVIT,,-1.000000,1,,BSE,1.000000,0,False
543328,KRSNAA,KRSNAA,,-1.000000,1,,BSE,5.000000,0,False
543341,SHARPLINE,SHARPLINE,,-1.000000,1,,BSE,1.000000,0,False
543354,D60MS264RP,D60MS264RP,,-1.000000,1,,BSE,1.000000,0,False
544201,DFPL,DFPL,,-1.000000,2000,,BSE,1.000000,0,False
544207,RELIABLE,RELIABLE,,-1.000000,1,,BSE,5.000000,0,False
544214,THREEMPAPE,THREEMPAPE,,-1.000000,2000,,BSE,1.000000,0,False
544227,UNIECOM,UNIECOM,,-1.000000,1,,BSE,1.000000,0,False
532834,CAMLINFINE,CAMLINFINE,,-1.000000,1,,BSE,5.000000,0,False
532853,ASAHISONG,ASAHISONG,,-1.000000,1,,BSE,5.000000,0,False
532856,TIMETECHNO,TIMETECHNO,,-1.000000,1,,BSE,5.000000,0,False
532864,NELCAST,NELCAST,,-1.000000,1,,BSE,5.000000,0,False
543356,D60MS264DP,D60MS264DP,,-1.000000,1,,BSE,1.000000,0,False
543358,SANSERA,SANSERA,,-1.000000,1,,BSE,5.000000,0,False
543434,SUPRIYA,SUPRIYA,,-1.000000,1,,BSE,5.000000,0,False
543464,SPITZE,SPITZE,,-1.000000,1000,,BSE,1.000000,0,False
544228,GSEC10ABSL,GSEC10ABSL,,-1.000000,1,,BSE,1.000000,0,False
544235,ORIENTTECH,ORIENTTECH,,-1.000000,1,,BSE,5.000000,0,False
544263,KRN,KRN,,-1.000000,1,,BSE,5.000000,0,False
544267,SUBAM,SUBAM,,-1.000000,800,,BSE,5.000000,0,False
543226,BANKBETA,BANKBETA,,-1.000000,1,,BSE,1.000000,0,False
543231,ADL,ADL,,-1.000000,1,,BSE,1.000000,0,False
543234,SECMARK,SECMARK,,-1.000000,1,,BSE,5.000000,0,False
543240,LIKHITHA,LIKHITHA,,-1.000000,1,,BSE,5.000000,0,False
532884,REFEX,REFEX,,-1.000000,1,,BSE,5.000000,0,False
532886,SELMC,SELMC,,-1.000000,1,,BSE,1.000000,0,False
532926,JYOTHYLAB,JYOTHYLAB,,-1.000000,1,,BSE,5.000000,0,False
532942,KNRCON,KNRCON,,-1.000000,1,,BSE,5.000000,0,False
543244,SHINEFASH,SHINEFASH,,-1.000000,4000,,BSE,1.000000,0,False
543252,FAIRCHEMOR,FAIRCHEMOR,,-1.000000,1,,BSE,5.000000,0,False
543258,INDIGOPNTS,INDIGOPNTS,,-1.000000,1,,BSE,5.000000,0,False
543263,SMCGLOBAL,SMCGLOBAL,,-1.000000,1,,BSE,1.000000,0,False
543483,H1861D46DG,H1861D46DG,,-1.000000,1,,BSE,1.000000,0,False
543485,H1861D46DQ,H1861D46DQ,,-1.000000,1,,BSE,1.000000,0,False
543486,H1861D46RG,H1861D46RG,,-1.000000,1,,BSE,1.000000,0,False
543510,H1876D46RD,H1876D46RD,,-1.000000,1,,BSE,1.000000,0,False
544280,AFCONS,AFCONS,,-1.000000,1,,BSE,5.000000,0,False
544286,NIVABUPA,NIVABUPA,,-1.000000,1,,BSE,1.000000,0,False
544288,BLACKBUCK,BLACKBUCK,,-1.000000,1,,BSE,5.000000,0,False
544290,EIEL,EIEL,,-1.000000,1,,BSE,5.000000,0,False
543275,ANURAS,ANURAS,,-1.000000,1,,BSE,5.000000,0,False
543300,SONACOMS,SONACOMS,,-1.000000,1,,BSE,5.000000,0,True
543325,ROLEXRINGS,ROLEXRINGS,,-1.000000,1,,BSE,5.000000,0,False
543352,POBS,POBS,,-1.000000,600,,BSE,5.000000,0,False
543514,VERANDA,VERANDA,,-1.000000,1,,BSE,5.000000,0,False
543528,VENUSPIPES,VENUSPIPES,,-1.000000,1,,BSE,5.000000,0,False
543531,TIERRA,TIERRA,,-1.000000,1,,BSE,1.000000,0,False
543569,HDFCNIF100,HDFCNIF100,,-1.000000,1,,BSE,1.000000,0,False
532993,SEJALLTD,SEJALLTD,,-1.000000,1,,BSE,5.000000,0,False
533098,NHPC,NHPC,,-1.000000,1,,BSE,1.000000,0,True
533137,DEN,DEN,,-1.000000,1,,BSE,1.000000,0,False
533167,COROENGG,COROENGG,,-1.000000,1,,BSE,1.000000,0,False
544302,INNOVANA,INNOVANA,,-1.000000,1,,BSE,5.000000,0,False
544308,HILLTONE,HILLTONE,,-1.000000,1,,BSE,1.000000,0,False
544313,NACDAC,NACDAC,,-1.000000,4000,,BSE,1.000000,0,False
544317,TRANSRAILL,TRANSRAILL,,-1.000000,1,,BSE,5.000000,0,False
543355,D60MS264DG,D60MS264DG,,-1.000000,1,,BSE,1.000000,0,False
543371,SFMP52DD,SFMP52DD,,-1.000000,1,,BSE,1.000000,0,False
543375,PROMAX,PROMAX,,-1.000000,2500,,BSE,1.000000,0,False
543391,SGFRL,SGFRL,,-1.000000,750,,BSE,1.000000,0,False
533168,ROSSELLIND,ROSSELLIND,,-1.000000,1,,BSE,1.000000,0,False
533192,KCPSUGIND,KCPSUGIND,,-1.000000,1,,BSE,1.000000,0,False
533212,GKB,GKB,,-1.000000,1,,BSE,1.000000,0,False
533260,CPCAP,CPCAP,,-1.000000,1,,BSE,5.000000,0,False
543593,DBOL,DBOL,,-1.000000,1,,BSE,5.000000,0,False
543605,HDFCQUAL,HDFCQUAL,,-1.000000,1,,BSE,1.000000,0,False
543607,HDFCGROWTH,HDFCGROWTH,,-1.000000,1,,BSE,1.000000,0,False
543618,CARGOTRANS,CARGOTRANS,,-1.000000,750,,BSE,1.000000,0,False
543399,TARSONS,TARSONS,,-1.000000,1,,BSE,5.000000,0,False
543412,STARHEALTH,STARHEALTH,,-1.000000,1,,BSE,5.000000,0,False
543414,MAHKTECH,MAHKTECH,,-1.000000,1,,BSE,1.000000,0,False
543418,BBETF0432,BBETF0432,,-1.000000,1,,BSE,1.000000,0,False
544326,ECAPINSURE,ECAPINSURE,,-1.000000,1,,BSE,1.000000,0,False
544331,DAVIN,DAVIN,,-1.000000,2000,,BSE,1.000000,0,False
544338,CAPINVIT,CAPINVIT,,-1.000000,1,,BSE,1.000000,0,False
544371,VIKRAMAR,VIKRAMAR,,-1.000000,1,,BSE,1.000000,0,False
533269,WABAG,WABAG,,-1.000000,1,,BSE,5.000000,0,False
533273,OBEROIRLTY,OBEROIRLTY,,-1.000000,1,,BSE,5.000000,0,True
533287,ZEELEARN,ZEELEARN,,-1.000000,1,,BSE,1.000000,0,False
533343,LOVABLE,LOVABLE,,-1.000000,1,,BSE,1.000000,0,False
543651,DAPS,DAPS,,-1.000000,4000,,BSE,1.000000,0,False
543652,FUSION,FUSION,,-1.000000,1,,BSE,5.000000,0,False
543657,ACI,ACI,,-1.000000,1,,BSE,5.000000,0,False
543677,FINIETF,FINIETF,,-1.000000,1,,BSE,1.000000,0,False
533407,TRUEGREEN,TRUEGREEN,,-1.000000,1,,BSE,5.000000,0,False
533408,BSLGOLDETF,BSLGOLDETF,,-1.000000,1,,BSE,1.000000,0,False
533479,KTKFMP52D,KTKFMP52D,,-1.000000,1,,BSE,1.000000,0,False
533543,BROOKS,BROOKS,,-1.000000,1,,BSE,1.000000,0,False
543421,SFMP57GR,SFMP57GR,,-1.000000,1,,BSE,1.000000,0,False
543436,WITS,WITS,,-1.000000,800,,BSE,5.000000,0,False
543442,BCONCEPTS,BCONCEPTS,,-1.000000,1,,BSE,5.000000,0,False
543443,ASCENSIVE,ASCENSIVE,,-1.000000,10000,,BSE,1.000000,0,False
544372,SHREENATH,SHREENATH,,-1.000000,3000,,BSE,1.000000,0,False
544411,SCODATUBES,SCODATUBES,,-1.000000,1,,BSE,5.000000,0,False
544418,OSWALPUMPS,OSWALPUMPS,,-1.000000,1,,BSE,5.000000,0,False
544422,ABRFL,ABRFL,,-1.000000,1200,,BSE,1.000000,0,False
543711,SULA,SULA,,-1.000000,1,,BSE,5.000000,0,False
543741,KTKFMP304DG,KTKFMP304DG,,-1.000000,1,,BSE,1.000000,0,False
543743,AERONEU,AERONEU,,-1.000000,1,,BSE,1.000000,0,False
543811,AIRAN,AIRAN,,-1.000000,1,,BSE,1.000000,0,False
543448,SFMP58DD,SFMP58DD,,-1.000000,1,,BSE,1.000000,0,False
543465,MOMOMENTUM,MOMOMENTUM,,-1.000000,1,,BSE,1.000000,0,False
543473,HEALTHY,HEALTHY,,-1.000000,1,,BSE,1.000000,0,False
543508,H1876D46DQ,H1876D46DQ,,-1.000000,1,,BSE,1.000000,0,False
533553,TDPOWERSYS,TDPOWERSYS,,-1.000000,1,,BSE,5.000000,0,False
533758,APLAPOLLO,APLAPOLLO,,-1.000000,1,,BSE,5.000000,0,True
534076,RHIM,RHIM,,-1.000000,1,,BSE,5.000000,0,False
534659,JOINTECAED,JOINTECAED,,-1.000000,8000,,BSE,1.000000,0,False
544427,TOP15IETF,TOP15IETF,,-1.000000,1,,BSE,1.000000,0,False
544429,HDBFS,HDBFS,,-1.000000,1,,BSE,5.000000,0,False
544435,ADCOUNTY,ADCOUNTY,,-1.000000,800,,BSE,1.000000,0,False
544439,CRIZAC,CRIZAC,,-1.000000,1,,BSE,5.000000,0,False
543848,DEVLAB,DEVLAB,,-1.000000,4000,,BSE,1.000000,0,False
543904,MANKIND,MANKIND,,-1.000000,1,,BSE,5.000000,0,True
543917,SIGMA,SIGMA,,-1.000000,1,,BSE,1.000000,0,False
543931,VEEFIN,VEEFIN,,-1.000000,200,,BSE,5.000000,0,False
543518,EIGHTY,EIGHTY,,-1.000000,3000,,BSE,1.000000,0,False
543526,LICI,LICI,,-1.000000,1,,BSE,5.000000,0,True
543535,WEWIN,WEWIN,,-1.000000,1,,BSE,1.000000,0,False
543542,KESAR,KESAR,,-1.000000,100,,BSE,5.000000,0,False
534755,TRIOMERC,TRIOMERC,,-1.000000,1,,BSE,1.000000,0,False
535205,MYSTICELE,MYSTICELE,,-1.000000,1,,BSE,1.000000,0,False
535279,BMAL,BMAL,,-1.000000,4000,,BSE,1.000000,0,False
535387,LAKHOTIA,LAKHOTIA,,-1.000000,1,,BSE,1.000000,0,False
543944,BANKETF,BANKETF,,-1.000000,1,,BSE,1.000000,0,False
543945,NETWEB,NETWEB,,-1.000000,1,,BSE,5.000000,0,False
543948,PSUBANKADD,PSUBANKADD,,-1.000000,1,,BSE,1.000000,0,False
543982,QUESTFLOW,QUESTFLOW,,-1.000000,200,,BSE,5.000000,0,False
544446,ADVENTHTL,ADVENTHTL,,-1.000000,1,,BSE,5.000000,0,False
544461,EUROBOND,EUROBOND,,-1.000000,1,,BSE,5.000000,0,False
544462,PSTITANIA,PSTITANIA,,-1.000000,1,,BSE,1.000000,0,False
544478,SBILIQETF,SBILIQETF,,-1.000000,1,,BSE,1.000000,0,False
543544,JAYANT,JAYANT,,-1.000000,750,,BSE,1.000000,0,False
543571,INFRAIETF,INFRAIETF,,-1.000000,1,,BSE,1.000000,0,False
543577,MOQUALITY,MOQUALITY,,-1.000000,1,,BSE,1.000000,0,False
543617,REETECH,REETECH,,-1.000000,1200,,BSE,1.000000,0,False
535514,PRIMECAPM,PRIMECAPM,,-1.000000,1,,BSE,1.000000,0,False
535719,AMPVOLTS,AMPVOLTS,,-1.000000,1,,BSE,1.000000,0,False
535881,RFXXIV03DG,RFXXIV03DG,,-1.000000,1,,BSE,1.000000,0,False
535958,ESSENTIA,ESSENTIA,,-1.000000,1,,BSE,1.000000,0,False
544479,ALLTIME,ALLTIME,,-1.000000,1,,BSE,5.000000,0,False
544502,AMANTA,AMANTA,,-1.000000,1,,BSE,5.000000,0,False
544544,TELGE,TELGE,,-1.000000,1200,,BSE,5.000000,0,False
544566,SUNSKY,SUNSKY,,-1.000000,1500,,BSE,1.000000,0,False
543984,SAMHI,SAMHI,,-1.000000,1,,BSE,5.000000,0,False
544027,FEDFINA,FEDFINA,,-1.000000,1,,BSE,5.000000,0,False
544030,FLAIR,FLAIR,,-1.000000,1,,BSE,5.000000,0,False
544073,MCPL,MCPL,,-1.000000,1000,,BSE,1.000000,0,False
536070,RFHXXIV05G,RFHXXIV05G,,-1.000000,1,,BSE,1.000000,0,False
536153,RFXXIV07DG,RFXXIV07DG,,-1.000000,1,,BSE,1.000000,0,False
536659,PVVINFRA,PVVINFRA,,-1.000000,1,,BSE,1.000000,0,False
536710,SRGFFL,SRGFFL,,-1.000000,3000,,BSE,1.000000,0,False
543710,COMMOIETF,COMMOIETF,,-1.000000,1,,BSE,1.000000,0,False
543714,LANDMARK,LANDMARK,,-1.000000,1,,BSE,5.000000,0,False
543737,AVEER,AVEER,,-1.000000,1,,BSE,5.000000,0,False
543748,AARTIPHARM,AARTIPHARM,,-1.000000,1,,BSE,5.000000,0,False
544089,LIQUIDCASE,LIQUIDCASE,,-1.000000,1,,BSE,1.000000,0,False
544090,SHPLPUNE,SHPLPUNE,,-1.000000,1,,BSE,5.000000,0,False
544107,BLSE,BLSE,,-1.000000,1,,BSE,5.000000,0,False
544117,SIGNPOST,SIGNPOST,,-1.000000,1,,BSE,5.000000,0,False
544573,ELIQUID,ELIQUID,,-1.000000,1,,BSE,1.000000,0,False
544605,SMALL250,SMALL250,,-1.000000,1,,BSE,1.000000,0,False
544606,PINELABS,PINELABS,,-1.000000,1,,BSE,5.000000,0,False
544617,EXCELSOFT,EXCELSOFT,,-1.000000,1,,BSE,1.000000,0,False
536828,RFHXXIV25G,RFHXXIV25G,,-1.000000,1,,BSE,1.000000,0,False
536969,NFHXXV06G,NFHXXV06G,,-1.000000,1,,BSE,1.000000,0,False
537752,NFXXV26DG,NFXXV26DG,,-1.000000,1,,BSE,1.000000,0,False
537941,NFXXVI01DD,NFXXVI01DD,,-1.000000,1,,BSE,1.000000,0,False
543769,INDONG,INDONG,,-1.000000,4000,,BSE,1.000000,0,False
543788,D1144270RG,D1144270RG,,-1.000000,1,,BSE,1.000000,0,False
543798,PATRON,PATRON,,-1.000000,4000,,BSE,1.000000,0,False
543799,SVJ,SVJ,,-1.000000,250,,BSE,5.000000,0,False
544122,ENTERO,ENTERO,,-1.000000,1,,BSE,5.000000,0,False
544162,BHARTIHEXA,BHARTIHEXA,,-1.000000,1,,BSE,5.000000,0,False
544172,INDGN,INDGN,,-1.000000,1,,BSE,5.000000,0,False
544177,AZTEC,AZTEC,,-1.000000,1000,,BSE,1.000000,0,False
537942,NFXXVI01DG,NFXXVI01DG,,-1.000000,1,,BSE,1.000000,0,False
538422,JACKSON,JACKSON,,-1.000000,1,,BSE,1.000000,0,False
538430,RFHXXVI23D,RFHXXVI23D,,-1.000000,1,,BSE,1.000000,0,False
538522,NFXXVI30DD,NFXXVI30DD,,-1.000000,1,,BSE,1.000000,0,False
544619,SUDEEPPHRM,SUDEEPPHRM,,-1.000000,1,,BSE,5.000000,0,False
544627,PURPLEWAVE,PURPLEWAVE,,-1.000000,1000,,BSE,5.000000,0,False
544638,GOLDBND,GOLDBND,,-1.000000,1,,BSE,1.000000,0,False
544644,CORONA,CORONA,,-1.000000,1,,BSE,5.000000,0,False
543843,COMMAND,COMMAND,,-1.000000,4000,,BSE,1.000000,0,False
543861,USK,USK,,-1.000000,1,,BSE,1.000000,0,False
543897,SANCODE,SANCODE,,-1.000000,500,,BSE,5.000000,0,False
543989,KALAMANDIR,KALAMANDIR,,-1.000000,1,,BSE,1.000000,0,False
544182,LIQUIDBETF,LIQUIDBETF,,-1.000000,1,,BSE,1.000000,0,False
544183,ASSOCIATED,ASSOCIATED,,-1.000000,500,,BSE,5.000000,0,False
544189,SATTRIX,SATTRIX,,-1.000000,500,,BSE,5.000000,0,False
544202,STANLEY,STANLEY,,-1.000000,1,,BSE,5.000000,0,False
538567,GULFOILLUB,GULFOILLUB,,-1.000000,1,,BSE,5.000000,0,False
538568,FRUTION,FRUTION,,-1.000000,1,,BSE,1.000000,0,False
538594,NCAPBUILAG,NCAPBUILAG,,-1.000000,1,,BSE,1.000000,0,False
538596,CEMAINFRA,CEMAINFRA,,-1.000000,1,,BSE,1.000000,0,False
544651,TSIFRG,TSIFRG,,-1.000000,1,,BSE,1.000000,0,False
544663,NEPLOG,NEPLOG,,-1.000000,1000,,BSE,1.000000,0,False
544679,AMAGI,AMAGI,,-1.000000,1,,BSE,5.000000,0,False
544687,HANNAH,HANNAH,,-1.000000,2000,,BSE,5.000000,0,False
544003,PLAZACABLE,PLAZACABLE,,-1.000000,1,,BSE,1.000000,0,False
544052,BENCHMARK,BENCHMARK,,-1.000000,2000,,BSE,1.000000,0,False
544067,INNOVACAP,INNOVACAP,,-1.000000,1,,BSE,5.000000,0,False
544101,BRISK,BRISK,,-1.000000,800,,BSE,1.000000,0,False
538597,TTIENT,TTIENT,,-1.000000,1,,BSE,1.000000,0,False
538609,GAJANANSEC,GAJANANSEC,,-1.000000,1,,BSE,1.000000,0,False
538647,PURSHOTTAM,PURSHOTTAM,,-1.000000,1,,BSE,1.000000,0,False
538713,ATISHAY,ATISHAY,,-1.000000,1,,BSE,5.000000,0,False
544220,CTLLAB,CTLLAB,,-1.000000,1200,,BSE,1.000000,0,False
544222,AKUMS,AKUMS,,-1.000000,1,,BSE,5.000000,0,False
544223,CEIGALL,CEIGALL,,-1.000000,1,,BSE,5.000000,0,False
544232,INTERARCH,INTERARCH,,-1.000000,1,,BSE,5.000000,0,False
544688,KASTURI,KASTURI,,-1.000000,2000,,BSE,1.000000,0,False
544691,ARSIFHDG,ARSIFHDG,,-1.000000,1,,BSE,1.000000,0,False
544701,HEALTHCARE,HEALTHCARE,,-1.000000,1,,BSE,1.000000,0,False
544736,HSBCGOLD,HSBCGOLD,,-1.000000,1,,BSE,1.000000,0,False
538732,VGCL,VGCL,,-1.000000,1,,BSE,1.000000,0,False
538788,GILADAFINS,GILADAFINS,,-1.000000,1,,BSE,1.000000,0,False
538812,AANCHALISP,AANCHALISP,,-1.000000,1,,BSE,1.000000,0,False
538836,MONTECARLO,MONTECARLO,,-1.000000,1,,BSE,5.000000,0,False
544121,RUDRAGAS,RUDRAGAS,,-1.000000,1000,,BSE,1.000000,0,False
544139,KOURA,KOURA,,-1.000000,2000,,BSE,1.000000,0,False
544144,PVSL,PVSL,,-1.000000,1,,BSE,5.000000,0,False
544176,AADHARHFC,AADHARHFC,,-1.000000,1,,BSE,5.000000,0,False
544233,MFML,MFML,,-1.000000,1,,BSE,1.000000,0,False
544241,MULTICAP,MULTICAP,,-1.000000,1,,BSE,1.000000,0,False
544243,STYLEBAAZA,STYLEBAAZA,,-1.000000,1,,BSE,5.000000,0,False
544245,NHL,NHL,,-1.000000,1600,,BSE,1.000000,0,False
544754,KISSHT,KISSHT,,-1.000000,1,,BSE,5.000000,0,False
544770,YAASHVI,YAASHVI,,-1.000000,1600,,BSE,1.000000,0,False
544772,AUREATE,AUREATE,,-1.000000,2000,,BSE,1.000000,0,False
544778,VAHH,VAHH,,-1.000000,2000,,BSE,1.000000,0,False
538837,JSTL,JSTL,,-1.000000,1,,BSE,1.000000,0,False
538860,PANAFIC,PANAFIC,,-1.000000,1,,BSE,1.000000,0,False
538863,AMARNATH,AMARNATH,,-1.000000,1,,BSE,1.000000,0,False
538881,GALADAFIN,GALADAFIN,,-1.000000,1,,BSE,1.000000,0,False
544179,GODIGIT,GODIGIT,,-1.000000,1,,BSE,5.000000,0,False
544191,PURPLEFIN,PURPLEFIN,,-1.000000,1,,BSE,1.000000,0,False
544248,MACHLTD,MACHLTD,,-1.000000,600,,BSE,5.000000,0,False
544250,SANOFICONR,SANOFICONR,,-1.000000,1,,BSE,5.000000,0,False
544252,BAJAJHFL,BAJAJHFL,,-1.000000,1,,BSE,1.000000,0,False
544254,TOLINS,TOLINS,,-1.000000,1,,BSE,1.000000,0,False
544256,PNGJL,PNGJL,,-1.000000,1,,BSE,5.000000,0,False
544258,WCIL,WCIL,,-1.000000,1,,BSE,1.000000,0,False
544783,E2E,E2E,,-1.000000,1,,BSE,5.000000,0,False
544784,VISL,VISL,,-1.000000,1,,BSE,1.000000,0,False
544792,PHLSDDP,PHLSDDP,,-1.000000,1,,BSE,1.000000,0,False
544811,KRATIKAL,KRATIKAL,,-1.000000,1000,,BSE,5.000000,0,False
538890,MKEXIM,MKEXIM,,-1.000000,1,,BSE,1.000000,0,False
538895,MIHIKA,MIHIKA,,-1.000000,1,,BSE,1.000000,0,False
538902,DTIL,DTIL,,-1.000000,1,,BSE,5.000000,0,False
539026,SSPNFIN,SSPNFIN,,-1.000000,4000,,BSE,1.000000,0,False
544812,ATHARVA,ATHARVA,,-1.000000,2000,,BSE,1.000000,0,False
544820,INSIFHLSRR,INSIFHLSRR,,-1.000000,1,,BSE,1.000000,0,False
544828,LIQUIDBETA,LIQUIDBETA,,-1.000000,1,,BSE,1.000000,0,False
544855,PRIMAINNO,PRIMAINNO,,-1.000000,1,,BSE,1.000000,0,False
539044,MANAKSTEEL,MANAKSTEEL,,-1.000000,1,,BSE,1.000000,0,False
539110,NORTHLINK,NORTHLINK,,-1.000000,1,,BSE,1.000000,0,False
539111,SHESHAINDS,SHESHAINDS,,-1.000000,1,,BSE,1.000000,0,False
539117,SUJALA,SUJALA,,-1.000000,1,,BSE,1.000000,0,False
544262,MANBA,MANBA,,-1.000000,1,,BSE,5.000000,0,False
544281,ABINFRA,ABINFRA,,-1.000000,1,,BSE,1.000000,0,False
544284,LIQUIDPLUS,LIQUIDPLUS,,-1.000000,1,,BSE,1.000000,0,False
544289,NTPCGREEN,NTPCGREEN,,-1.000000,1,,BSE,1.000000,0,False
544303,TTC,TTC,,-1.000000,300,,BSE,5.000000,0,False
544309,IKS,IKS,,-1.000000,1,,BSE,5.000000,0,False
544320,CARRARO,CARRARO,,-1.000000,1,,BSE,5.000000,0,False
544340,RIKHAV,RIKHAV,,-1.000000,1600,,BSE,1.000000,0,False
544864,TECHNOCRAF,TECHNOCRAF,,-1.000000,1,,BSE,5.000000,0,False
544879,LALITHAA,LALITHAA,,-1.000000,1,,BSE,5.000000,0,False
544883,MOPSHOP,MOPSHOP,,-1.000000,1000,,BSE,5.000000,0,False
544899,PRIORITY,PRIORITY,,-1.000000,1,,BSE,5.000000,0,False
539123,VBIND,VBIND,,-1.000000,1,,BSE,1.000000,0,False
539174,HELPAGE,HELPAGE,,-1.000000,1,,BSE,1.000000,0,False
539195,POEL,POEL,,-1.000000,1,,BSE,5.000000,0,False
539224,HCKKVENTURE,HCKKVENTURE,,-1.000000,1,,BSE,1.000000,0,False
544311,IGIL,IGIL,,-1.000000,1,,BSE,5.000000,0,False
544325,ITCHOTELS,ITCHOTELS,,-1.000000,1,,BSE,5.000000,0,False
544334,INDOBELL,INDOBELL,,-1.000000,750,,BSE,1.000000,0,False
544341,LGLL,LGLL,,-1.000000,1600,,BSE,1.000000,0,False
544352,NEXT30ADD,NEXT30ADD,,-1.000000,1,,BSE,1.000000,0,False
544361,COVANCE,COVANCE,,-1.000000,1,,BSE,5.000000,0,False
544365,SHANMUGA,SHANMUGA,,-1.000000,2000,,BSE,1.000000,0,False
544376,SELECTIPO,SELECTIPO,,-1.000000,1,,BSE,1.000000,0,False
544901,PERNIASPOP,PERNIASPOP,,-1.000000,1,,BSE,5.000000,0,False
590018,HISARMETAL,HISARMETAL,,-1.000000,1,,BSE,5.000000,0,False
590143,LTGILTBEES,LTGILTBEES,,-1.000000,1,,BSE,1.000000,0,False
590156,GROWWGOLD,GROWWGOLD,,-1.000000,1,,BSE,1.000000,0,False
539253,SURYAINDIA,SURYAINDIA,,-1.000000,1,,BSE,1.000000,0,False
539255,STARDELTA,STARDELTA,,-1.000000,1,,BSE,5.000000,0,False
539265,AMRAFIN,AMRAFIN,,-1.000000,1200,,BSE,1.000000,0,False
539273,PECOS,PECOS,,-1.000000,500,,BSE,5.000000,0,False
590158,GROWWRAIL,GROWWRAIL,,-1.000000,1,,BSE,1.000000,0,False
730481,360OP31125,360OP31125,,-1.000000,1,,BSE,1.000000,0,False
730503,MFL041125,MFL041125,,-1.000000,1,,BSE,1.000000,0,False
730634,SCN211125,SCN211125,,-1.000000,1,,BSE,1.000000,0,False
539289,AURUM,AURUM,,-1.000000,1,,BSE,5.000000,0,False
539302,POWERMECH,POWERMECH,,-1.000000,1,,BSE,5.000000,0,False
539335,CALLISTA,CALLISTA,,-1.000000,1,,BSE,5.000000,0,False
539448,INDIGO,INDIGO,,-1.000000,1,,BSE,5.000000,0,True
544380,CASHIETF,CASHIETF,,-1.000000,1,,BSE,1.000000,0,False
544383,PPARIVAH,PPARIVAH,,-1.000000,1200,,BSE,5.000000,0,False
544385,SBIBPB,SBIBPB,,-1.000000,1,,BSE,1.000000,0,False
544389,SILVER360,SILVER360,,-1.000000,1,,BSE,1.000000,0,False
544390,ENRIN,ENRIN,,-1.000000,1,,BSE,5.000000,0,False
544392,SPINAROO,SPINAROO,,-1.000000,2000,,BSE,1.000000,0,False
544394,EVIETF,EVIETF,,-1.000000,1,,BSE,1.000000,0,False
544433,VALINDIA,VALINDIA,,-1.000000,1200,,BSE,1.000000,0,False
730692,JBC031225,JBC031225,,-1.000000,1,,BSE,1.000000,0,False
730948,OPL200126,OPL200126,,-1.000000,1,,BSE,1.000000,0,False
730957,OWL220126,OWL220126,,-1.000000,1,,BSE,1.000000,0,False
730962,BGH230126,BGH230126,,-1.000000,1,,BSE,1.000000,0,False
539455,ECOFINITY,ECOFINITY,,-1.000000,1,,BSE,1.000000,0,False
539516,HDFCNIFTY,HDFCNIFTY,,-1.000000,1,,BSE,1.000000,0,False
539522,GROVY,GROVY,,-1.000000,1,,BSE,1.000000,0,False
539526,SCTL,SCTL,,-1.000000,1,,BSE,1.000000,0,False
544417,ATENPAPERS,ATENPAPERS,,-1.000000,1200,,BSE,1.000000,0,False
544438,INTERNET,INTERNET,,-1.000000,1,,BSE,1.000000,0,False
544441,METAINFO,METAINFO,,-1.000000,800,,BSE,1.000000,0,False
544442,CHEMKART,CHEMKART,,-1.000000,600,,BSE,5.000000,0,False
544443,TRAVELFOOD,TRAVELFOOD,,-1.000000,1,,BSE,5.000000,0,False
544444,GLEN,GLEN,,-1.000000,1200,,BSE,5.000000,0,False
544452,SWASTIKAAL,SWASTIKAAL,,-1.000000,2000,,BSE,5.000000,0,False
544453,MSECL,MSECL,,-1.000000,600,,BSE,5.000000,0,False
731020,IFP040226,IFP040226,,-1.000000,1,,BSE,1.000000,0,False
731110,ABHF160226,ABHF160226,,-1.000000,1,,BSE,1.000000,0,False
731212,NWML27226,NWML27226,,-1.000000,1,,BSE,1.000000,0,False
731230,ABHL020326,ABHL020326,,-1.000000,1,,BSE,1.000000,0,False
539545,APOORVA,APOORVA,,-1.000000,1,,BSE,1.000000,0,False
539546,AGRIBIO,AGRIBIO,,-1.000000,1,,BSE,5.000000,0,False
539551,NH,NH,,-1.000000,1,,BSE,5.000000,0,False
539598,AMPL,AMPL,,-1.000000,1,,BSE,1.000000,0,False
544447,SMARTWORKS,SMARTWORKS,,-1.000000,1,,BSE,5.000000,0,False
544448,PASHUPATI,PASHUPATI,,-1.000000,1,,BSE,1.000000,0,False
544454,INDIQUBE,INDIQUBE,,-1.000000,1,,BSE,5.000000,0,False
544459,SHANTIGOLD,SHANTIGOLD,,-1.000000,1,,BSE,5.000000,0,False
544473,GROWWPOWER,GROWWPOWER,,-1.000000,1,,BSE,1.000000,0,False
544480,JSWCEMENT,JSWCEMENT,,-1.000000,1,,BSE,5.000000,0,False
544534,JARO,JARO,,-1.000000,1,,BSE,5.000000,0,False
544535,BHARATROHAN,BHARATROHAN,,-1.000000,800,,BSE,5.000000,0,False
731236,MFL20326,MFL20326,,-1.000000,1,,BSE,1.000000,0,False
731310,IHPL120326,IHPL120326,,-1.000000,1,,BSE,1.000000,0,False
731312,IHPL12326,IHPL12326,,-1.000000,1,,BSE,1.000000,0,False
731322,OPL120326,OPL120326,,-1.000000,1,,BSE,1.000000,0,False
539621,BCLENTERPR,BCLENTERPR,,-1.000000,1,,BSE,1.000000,0,False
539678,QUICKHEAL,QUICKHEAL,,-1.000000,1,,BSE,5.000000,0,False
539682,MOBAVENUE,MOBAVENUE,,-1.000000,1,,BSE,5.000000,0,False
539691,RGCORP,RGCORP,,-1.000000,1,,BSE,1.000000,0,False
544463,REPONO,REPONO,,-1.000000,1200,,BSE,1.000000,0,False
544474,BLT,BLT,,-1.000000,1600,,BSE,1.000000,0,False
544483,ICODEX,ICODEX,,-1.000000,1200,,BSE,1.000000,0,False
544484,BLUESTONE,BLUESTONE,,-1.000000,1,,BSE,5.000000,0,False
539773,ADVIKCA,ADVIKCA,,-1.000000,1,,BSE,1.000000,0,False
539788,KDML,KDML,,-1.000000,1200,,BSE,5.000000,0,False
539798,UMIYA,UMIYA,,-1.000000,1,,BSE,1.000000,0,False
539835,SUPERIOR,SUPERIOR,,-1.000000,1,,BSE,1.000000,0,False
544536,WEALTH,WEALTH,,-1.000000,1,,BSE,5.000000,0,False
544569,TMCV,TMCV,,-1.000000,1,,BSE,5.000000,0,False
544577,WORTHPERI,WORTHPERI,,-1.000000,1,,BSE,5.000000,0,False
544589,MHLSRD,MHLSRD,,-1.000000,1,,BSE,1.000000,0,False
731354,MRHFL17326,MRHFL17326,,-1.000000,1,,BSE,1.000000,0,False
731454,AKCS100426,AKCS100426,,-1.000000,1,,BSE,1.000000,0,False
731479,KMPL16426,KMPL16426,,-1.000000,1,,BSE,1.000000,0,False
731550,IFSL240426,IFSL240426,,-1.000000,1,,BSE,1.000000,0,False
544498,OVAL,OVAL,,-1.000000,1600,,BSE,1.000000,0,False
544503,RACHIT,RACHIT,,-1.000000,1000,,BSE,5.000000,0,False
544510,NCML,NCML,,-1.000000,1600,,BSE,1.000000,0,False
544513,DEVX,DEVX,,-1.000000,1,,BSE,1.000000,0,False
539837,RPEL,RPEL,,-1.000000,1,,BSE,5.000000,0,False
539854,HALDER,HALDER,,-1.000000,1,,BSE,5.000000,0,False
539871,THYROCARE,THYROCARE,,-1.000000,1,,BSE,5.000000,0,False
539883,PILANIINVS,PILANIINVS,,-1.000000,1,,BSE,5.000000,0,False
731552,NFL240426,NFL240426,,-1.000000,1,,BSE,1.000000,0,False
731558,UGC270426,UGC270426,,-1.000000,1,,BSE,1.000000,0,False
731560,MSFL280426,MSFL280426,,-1.000000,1,,BSE,1.000000,0,False
731584,IFPL4526,IFPL4526,,-1.000000,1,,BSE,1.000000,0,False
544609,PWL,PWL,,-1.000000,1,,BSE,5.000000,0,False
544631,CNL,CNL,,-1.000000,1,,BSE,5.000000,0,False
544636,WOSAL,WOSAL,,-1.000000,2000,,BSE,1.000000,0,False
544645,PARKHOSPS,PARKHOSPS,,-1.000000,1,,BSE,5.000000,0,False
539884,DARSHANORNA,DARSHANORNA,,-1.000000,1,,BSE,1.000000,0,False
539917,NAGAFERT,NAGAFERT,,-1.000000,1,,BSE,1.000000,0,False
539956,TAALTECH,TAALTECH,,-1.000000,1,,BSE,5.000000,0,False
539986,COMSYN,COMSYN,,-1.000000,1,,BSE,5.000000,0,False
544514,CITYSQUARE,CITYSQUARE,,-1.000000,800,,BSE,5.000000,0,False
544517,BUILDPRO,BUILDPRO,,-1.000000,1,,BSE,5.000000,0,False
544522,ABCOTS,ABCOTS,,-1.000000,1,,BSE,5.000000,0,False
544543,BMWVENTLTD,BMWVENTLTD,,-1.000000,1,,BSE,1.000000,0,False
731593,DAL05526,DAL05526,,-1.000000,1,,BSE,1.000000,0,False
731595,NWFL6526,NWFL6526,,-1.000000,1,,BSE,1.000000,0,False
731600,NCSL06526,NCSL06526,,-1.000000,1,,BSE,1.000000,0,False
731609,KMPL070526,KMPL070526,,-1.000000,1,,BSE,1.000000,0,False
540023,COLORCHIPS,COLORCHIPS,,-1.000000,1,,BSE,1.000000,0,False
540026,LAHL,LAHL,,-1.000000,1,,BSE,1.000000,0,False
540124,GNA,GNA,,-1.000000,1,,BSE,5.000000,0,False
540153,ENDURANCE,ENDURANCE,,-1.000000,1,,BSE,5.000000,0,False
544657,PAJSON,PAJSON,,-1.000000,600,,BSE,5.000000,0,False
544672,TWCGOLDETF,TWCGOLDETF,,-1.000000,1,,BSE,1.000000,0,False
544685,SHADOWFAX,SHADOWFAX,,-1.000000,1,,BSE,5.000000,0,False
544686,SHAYONAENG,SHAYONAENG,,-1.000000,1000,,BSE,5.000000,0,False
731624,PDL080526,PDL080526,,-1.000000,1,,BSE,1.000000,0,False
731693,DAL180526,DAL180526,,-1.000000,1,,BSE,1.000000,0,False
731702,IFSL190526,IFSL190526,,-1.000000,1,,BSE,1.000000,0,False
731727,BGHPL22526,BGHPL22526,,-1.000000,1,,BSE,1.000000,0,False
544545,TRUALT,TRUALT,,-1.000000,1,,BSE,5.000000,0,False
544555,AMEENJI,AMEENJI,,-1.000000,1200,,BSE,5.000000,0,False
544570,WEWORK,WEWORK,,-1.000000,1,,BSE,5.000000,0,False
544581,FLEXIADD,FLEXIADD,,-1.000000,1,,BSE,1.000000,0,False
540168,SUPRAPFSL,SUPRAPFSL,,-1.000000,1,,BSE,1.000000,0,False
540189,UPROTECH,UPROTECH,,-1.000000,1,,BSE,1.000000,0,False
540204,EIKO,EIKO,,-1.000000,1,,BSE,1.000000,0,False
540212,TCIEXP,TCIEXP,,-1.000000,1,,BSE,5.000000,0,False
544602,AGL,AGL,,-1.000000,1,,BSE,1.000000,0,False
544603,GROWW,GROWW,,-1.000000,1,,BSE,5.000000,0,False
544618,ESENSEX,ESENSEX,,-1.000000,1,,BSE,1.000000,0,False
544626,EXATO,EXATO,,-1.000000,500,,BSE,5.000000,0,False
544689,ARSIFHRG,ARSIFHRG,,-1.000000,1,,BSE,1.000000,0,False
544690,ARSIFHRMD,ARSIFHRMD,,-1.000000,1,,BSE,1.000000,0,False
544699,AYE,AYE,,-1.000000,1,,BSE,5.000000,0,False
544707,FIL,FIL,,-1.000000,600,,BSE,5.000000,0,False
731784,IKFFL29526,IKFFL29526,,-1.000000,1,,BSE,1.000000,0,False
731935,GIL18626,GIL18626,,-1.000000,1,,BSE,1.000000,0,False
731950,MFL19626,MFL19626,,-1.000000,1,,BSE,1.000000,0,False
731952,RL19626,RL19626,,-1.000000,1,,BSE,1.000000,0,False
540269,SKL,SKL,,-1.000000,10000,,BSE,1.000000,0,False
540270,RAIDEEPIND,RAIDEEPIND,,-1.000000,1,,BSE,1.000000,0,False
540311,JITFINFRA,JITFINFRA,,-1.000000,1,,BSE,5.000000,0,False
540377,IFL,IFL,,-1.000000,1,,BSE,1.000000,0,False
540403,CLEDUCATE,CLEDUCATE,,-1.000000,1,,BSE,1.000000,0,False
540404,PRIMEFRESH,PRIMEFRESH,,-1.000000,1,,BSE,5.000000,0,False
540468,KMSMEDI,KMSMEDI,,-1.000000,1000,,BSE,5.000000,0,False
540590,RIDDHICORP,RIDDHICORP,,-1.000000,1,,BSE,1.000000,0,False
544639,SILVERBND,SILVERBND,,-1.000000,1,,BSE,1.000000,0,False
544643,PRODOCS,PRODOCS,,-1.000000,1000,,BSE,5.000000,0,False
544656,HRS,HRS,,-1.000000,400,,BSE,5.000000,0,False
544669,ADMACH,ADMACH,,-1.000000,600,,BSE,5.000000,0,False
544709,GAUDIUMIVF,GAUDIUMIVF,,-1.000000,1,,BSE,5.000000,0,False
544710,ACCORDTS,ACCORDTS,,-1.000000,3000,,BSE,1.000000,0,False
544718,PNGSREVA,PNGSREVA,,-1.000000,1,,BSE,5.000000,0,False
544723,SEDEMAC,SEDEMAC,,-1.000000,1,,BSE,5.000000,0,False
731955,JCL19626,JCL19626,,-1.000000,1,,BSE,1.000000,0,False
731971,RL220626,RL220626,,-1.000000,1,,BSE,1.000000,0,False
731990,RL250626,RL250626,,-1.000000,1,,BSE,1.000000,0,False
732002,DFPL250626,DFPL250626,,-1.000000,1,,BSE,1.000000,0,False
540597,CONTAINER,CONTAINER,,-1.000000,1,,BSE,1.000000,0,False
540735,IRIS,IRIS,,-1.000000,1,,BSE,5.000000,0,False
540795,DYCL,DYCL,,-1.000000,1,,BSE,5.000000,0,False
540796,RATNABHUMI,RATNABHUMI,,-1.000000,1,,BSE,5.000000,0,False
544674,NEXT50ADD,NEXT50ADD,,-1.000000,1,,BSE,1.000000,0,False
544675,GTIL,GTIL,,-1.000000,1600,,BSE,5.000000,0,False
544700,FRACTAL,FRACTAL,,-1.000000,1,,BSE,5.000000,0,False
544703,DSFCL,DSFCL,,-1.000000,1,,BSE,1.000000,0,False
544726,KOTYARK,KOTYARK,,-1.000000,1,,BSE,1.000000,0,False
544732,INNOVISION,INNOVISION,,-1.000000,1,,BSE,5.000000,0,False
544733,GSPCROP,GSPCROP,,-1.000000,1,,BSE,5.000000,0,False
544738,SPML,SPML,,-1.000000,1000,,BSE,5.000000,0,False
732010,AFL29626,AFL29626,,-1.000000,1,,BSE,1.000000,0,False
732030,TTL2726,TTL2726,,-1.000000,1,,BSE,1.000000,0,False
732043,BPCL60726,BPCL60726,,-1.000000,1,,BSE,1.000000,0,False
732056,BFSL070726,BFSL070726,,-1.000000,1,,BSE,1.000000,0,False
540843,RITHWIKFMS,RITHWIKFMS,,-1.000000,1000,,BSE,5.000000,0,False
540900,NEWGEN,NEWGEN,,-1.000000,1,,BSE,5.000000,0,False
540901,PRAXIS,PRAXIS,,-1.000000,1,,BSE,1.000000,0,False
540952,LAL,LAL,,-1.000000,1,,BSE,1.000000,0,False
544704,INFRA,INFRA,,-1.000000,1,,BSE,1.000000,0,False
544720,OMNI,OMNI,,-1.000000,1,,BSE,5.000000,0,False
544739,CMPDI,CMPDI,,-1.000000,1,,BSE,5.000000,0,False
544740,TIPCO,TIPCO,,-1.000000,1600,,BSE,5.000000,0,False
544746,SCDL,SCDL,,-1.000000,1600,,BSE,1.000000,0,False
544757,BSHSL,BSHSL,,-1.000000,1,,BSE,1.000000,0,False
544759,GLPL,GLPL,,-1.000000,3000,,BSE,1.000000,0,False
544760,FMCGADD,FMCGADD,,-1.000000,1,,BSE,1.000000,0,False
732057,BHEL8726,BHEL8726,,-1.000000,1,,BSE,1.000000,0,False
732073,MHFC9726,MHFC9726,,-1.000000,1,,BSE,1.000000,0,False
732084,NFL130726,NFL130726,,-1.000000,1,,BSE,1.000000,0,False
732090,BHEL15726,BHEL15726,,-1.000000,1,,BSE,1.000000,0,False
541096,BPLPHARMA,BPLPHARMA,,-1.000000,1,,BSE,5.000000,0,False
541352,MEGASTAR,MEGASTAR,,-1.000000,1,,BSE,5.000000,0,False
541601,RAJNISH,RAJNISH,,-1.000000,1,,BSE,1.000000,0,False
541771,AMINTAN,AMINTAN,,-1.000000,1,,BSE,1.000000,0,False
544761,ENEXT50,ENEXT50,,-1.000000,1,,BSE,1.000000,0,False
544762,SBIVALETF,SBIVALETF,,-1.000000,1,,BSE,1.000000,0,False
544763,SBISMLETF,SBISMLETF,,-1.000000,1,,BSE,1.000000,0,False
544766,MSCI360,MSCI360,,-1.000000,1,,BSE,1.000000,0,False
544773,MRTX,MRTX,,-1.000000,1000,,BSE,5.000000,0,False
544779,UHMVL,UHMVL,,-1.000000,800,,BSE,1.000000,0,False
544782,VOGL,VOGL,,-1.000000,1,,BSE,1.000000,0,False
544798,DIKSHA,DIKSHA,,-1.000000,1200,,BSE,5.000000,0,False
732107,BFSL170726,BFSL170726,,-1.000000,1,,BSE,1.000000,0,False
732116,BFL200726,BFL200726,,-1.000000,1,,BSE,1.000000,0,False
732117,IFPL20726,IFPL20726,,-1.000000,1,,BSE,1.000000,0,False
732126,MFL210726,MFL210726,,-1.000000,1,,BSE,1.000000,0,False
541973,MACH,MACH,,-1.000000,1500,,BSE,1.000000,0,False
542011,GRSE,GRSE,,-1.000000,1,,BSE,5.000000,0,False
542351,GLOSTERLTD,GLOSTERLTD,,-1.000000,1,,BSE,5.000000,0,False
542383,RITCO,RITCO,,-1.000000,1,,BSE,5.000000,0,False
544768,MANIVENI,MANIVENI,,-1.000000,2000,,BSE,1.000000,0,False
544769,HARIKANTA,HARIKANTA,,-1.000000,1200,,BSE,1.000000,0,False
544775,ISIFAAFG,ISIFAAFG,,-1.000000,1,,BSE,1.000000,0,False
544781,VEDPOWER,VEDPOWER,,-1.000000,1,,BSE,1.000000,0,False
544799,TURTLEMINT,TURTLEMINT,,-1.000000,1,,BSE,5.000000,0,False
544803,RAMBHAJO,RAMBHAJO,,-1.000000,1,,BSE,5.000000,0,False
544807,CRAZY,CRAZY,,-1.000000,3000,,BSE,1.000000,0,False
544813,SEEMAX,SEEMAX,,-1.000000,1000,,BSE,1.000000,0,False
732129,IFPL210726,IFPL210726,,-1.000000,1,,BSE,1.000000,0,False
732130,DFL210726,DFL210726,,-1.000000,1,,BSE,1.000000,0,False
732136,BFSL220726,BFSL220726,,-1.000000,1,,BSE,1.000000,0,False
732146,CGCL240726,CGCL240726,,-1.000000,1,,BSE,1.000000,0,False
542399,CHALET,CHALET,,-1.000000,1,,BSE,5.000000,0,False
542541,IDFTP179DH,IDFTP179DH,,-1.000000,1,,BSE,1.000000,0,False
542544,JYOTIN,JYOTIN,,-1.000000,1,,BSE,1.000000,0,False
542651,KPITTECH,KPITTECH,,-1.000000,1,,BSE,5.000000,0,True
544787,PHLSRG,PHLSRG,,-1.000000,1,,BSE,1.000000,0,False
544789,PHLSRDP,PHLSRDP,,-1.000000,1,,BSE,1.000000,0,False
544793,SUSAN,SUSAN,,-1.000000,1000,,BSE,5.000000,0,False
544808,AASTHA,AASTHA,,-1.000000,1,,BSE,1.000000,0,False
544815,INSIFHLSDG,INSIFHLSDG,,-1.000000,1,,BSE,1.000000,0,False
544817,INSIFHLSDR,INSIFHLSDR,,-1.000000,1,,BSE,1.000000,0,False
544829,SBIFUNDS,SBIFUNDS,,-1.000000,1,,BSE,5.000000,0,False
544832,SOTEFIN,SOTEFIN,,-1.000000,600,,BSE,5.000000,0,False
732154,JBCP270726,JBCP270726,,-1.000000,1,,BSE,1.000000,0,False
732155,KMPL27726,KMPL27726,,-1.000000,1,,BSE,1.000000,0,False
732168,BFSL27726,BFSL27726,,-1.000000,1,,BSE,1.000000,0,False
732175,NCSL280726,NCSL280726,,-1.000000,1,,BSE,1.000000,0,False
542654,VRFILMS,VRFILMS,,-1.000000,1,,BSE,1.000000,0,False
542664,NXLI8G,NXLI8G,,-1.000000,1,,BSE,1.000000,0,False
542678,CHCL,CHCL,,-1.000000,137,,BSE,1.000000,0,False
542862,SHAHLON,SHAHLON,,-1.000000,1,,BSE,1.000000,0,False
544810,SILL,SILL,,-1.000000,1600,,BSE,1.000000,0,False
544822,LASERPOWER,LASERPOWER,,-1.000000,1,,BSE,5.000000,0,False
544823,DEVSON,DEVSON,,-1.000000,1200,,BSE,5.000000,0,False
544838,XTRANET,XTRANET,,-1.000000,1,,BSE,5.000000,0,False
544845,INSUREIETF,INSUREIETF,,-1.000000,1,,BSE,1.000000,0,False
544849,EBANK10,EBANK10,,-1.000000,1,,BSE,1.000000,0,False
544854,DHAVAL,DHAVAL,,-1.000000,1200,,BSE,5.000000,0,False
544856,KLASSROOM,KLASSROOM,,-1.000000,800,,BSE,5.000000,0,False
732183,NWML280726,NWML280726,,-1.000000,1,,BSE,1.000000,0,False
732194,JCL300726,JCL300726,,-1.000000,1,,BSE,1.000000,0,False
732209,DSPFPL4826,DSPFPL4826,,-1.000000,1,,BSE,1.000000,0,False
732213,NWIL4826,NWIL4826,,-1.000000,1,,BSE,1.000000,0,False
542863,ABSLBANETF,ABSLBANETF,,-1.000000,1,,BSE,1.000000,0,False
542865,ANUROOP,ANUROOP,,-1.000000,1,,BSE,1.000000,0,False
542866,COLAB,COLAB,,-1.000000,1,,BSE,5.000000,0,False
543086,09QPR,09QPR,,-1.000000,1,,BSE,1.000000,0,False
544865,LEAPIND,LEAPIND,,-1.000000,1,,BSE,5.000000,0,False
544884,DHANWEL,DHANWEL,,-1.000000,1200,,BSE,1.000000,0,False
544889,SYMBIOTEC,SYMBIOTEC,,-1.000000,1,,BSE,5.000000,0,False
544890,SKYWAYS,SKYWAYS,,-1.000000,1,,BSE,5.000000,0,False
543091,09AQR,09AQR,,-1.000000,1,,BSE,1.000000,0,False
543106,UTCRFS2DMP,UTCRFS2DMP,,-1.000000,1,,BSE,1.000000,0,False
543107,UTCRFS2DMR,UTCRFS2DMR,,-1.000000,1,,BSE,1.000000,0,False
543108,UTCRFS2RQP,UTCRFS2RQP,,-1.000000,1,,BSE,1.000000,0,False
544857,MIDBANKADD,MIDBANKADD,,-1.000000,1,,BSE,1.000000,0,False
544862,SOLEX,SOLEX,,-1.000000,1,,BSE,5.000000,0,False
544871,SHIPROCKET,SHIPROCKET,,-1.000000,1,,BSE,5.000000,0,False
544872,QTFOODS,QTFOODS,,-1.000000,1200,,BSE,1.000000,0,False
732222,MAFSP5826,MAFSP5826,,-1.000000,1,,BSE,1.000000,0,False
732230,SBISL6826,SBISL6826,,-1.000000,1,,BSE,1.000000,0,False
732269,AFL110826,AFL110826,,-1.000000,1,,BSE,1.000000,0,False
732273,EFL100826,EFL100826,,-1.000000,1,,BSE,1.000000,0,False
544900,CSML,CSML,,-1.000000,1000,,BSE,5.000000,0,False
544904,FLYHI,FLYHI,,-1.000000,1200,,BSE,5.000000,0,False
570004,JISLDVREQS,JISLDVREQS,,-1.000000,1,,BSE,1.000000,0,False
570005,GATECHDVR,GATECHDVR,,-1.000000,1,,BSE,1.000000,0,False
543128,UTMTFS2DMP,UTMTFS2DMP,,-1.000000,1,,BSE,1.000000,0,False
543140,UTMTFS2RMR,UTMTFS2RMR,,-1.000000,1,,BSE,1.000000,0,False
543150,08GPG,08GPG,,-1.000000,1,,BSE,1.000000,0,False
543153,08AGG,08AGG,,-1.000000,1,,BSE,1.000000,0,False
544873,NIFTYJBLK,NIFTYJBLK,,-1.000000,1,,BSE,1.000000,0,False
544880,HORIZONIND,HORIZONIND,,-1.000000,1,,BSE,1.000000,0,False
544881,SUNSHINE,SUNSHINE,,-1.000000,1,,BSE,5.000000,0,False
544885,GAJA,GAJA,,-1.000000,1,,BSE,5.000000,0,False
732292,ABLBL13826,ABLBL13826,,-1.000000,1,,BSE,1.000000,0,False
732298,RL140826A,RL140826A,,-1.000000,1,,BSE,1.000000,0,False
732308,IFPL140826,IFPL140826,,-1.000000,1,,BSE,1.000000,0,False
732318,TTL18826,TTL18826,,-1.000000,1,,BSE,1.000000,0,False
590022,EASTSILK,EASTSILK,,-1.000000,1,,BSE,1.000000,0,False
590024,FACT,FACT,,-1.000000,1,,BSE,5.000000,0,False
590051,SAKSOFT,SAKSOFT,,-1.000000,1,,BSE,5.000000,0,False
590066,KCP,KCP,,-1.000000,1,,BSE,5.000000,0,False
543173,11DPR,11DPR,,-1.000000,1,,BSE,1.000000,0,False
543187,POWERINDIA,POWERINDIA,,-1.000000,1,,BSE,5.000000,0,True
543204,SFMP34DR,SFMP34DR,,-1.000000,1,,BSE,1.000000,0,False
543205,SFMP34GD,SFMP34GD,,-1.000000,1,,BSE,1.000000,0,False
732320,MFL17826,MFL17826,,-1.000000,1,,BSE,1.000000,0,False
732333,BFL180826,BFL180826,,-1.000000,1,,BSE,1.000000,0,False
732336,GHFL19826,GHFL19826,,-1.000000,1,,BSE,1.000000,0,False
732343,GFL190826,GFL190826,,-1.000000,1,,BSE,1.000000,0,False
544893,ANNU,ANNU,,-1.000000,1,,BSE,1.000000,0,False
555555,SENSEXIETF,SENSEXIETF,,-1.000000,1,,BSE,1.000000,0,False
590073,WHEELS,WHEELS,,-1.000000,1,,BSE,5.000000,0,False
590078,MAITHANALL,MAITHANALL,,-1.000000,1,,BSE,5.000000,0,False
590097,GOLD1,GOLD1,,-1.000000,1,,BSE,1.000000,0,False
590098,SETFGOLD,SETFGOLD,,-1.000000,1,,BSE,1.000000,0,False
590099,QGOLDHALF,QGOLDHALF,,-1.000000,1,,BSE,1.000000,0,False
590103,NIFTYBEES,NIFTYBEES,,-1.000000,1,,BSE,1.000000,0,False
543220,MAXHEALTH,MAXHEALTH,,-1.000000,1,,BSE,5.000000,0,True
543227,HAPPSTMNDS,HAPPSTMNDS,,-1.000000,1,,BSE,5.000000,0,False
543250,MOGSEC,MOGSEC,,-1.000000,1,,BSE,1.000000,0,False
543255,INFRABEES,INFRABEES,,-1.000000,1,,BSE,1.000000,0,False
732344,PFCL190826,PFCL190826,,-1.000000,1,,BSE,1.000000,0,False
732353,BFL190826,BFL190826,,-1.000000,1,,BSE,1.000000,0,False
732400,SSL280826,SSL280826,,-1.000000,1,,BSE,1.000000,0,False
732401,BHFL27826,BHFL27826,,-1.000000,1,,BSE,1.000000,0,False
543264,NURECA,NURECA,,-1.000000,1,,BSE,5.000000,0,False
543281,SUVIDHAA,SUVIDHAA,,-1.000000,1,,BSE,1.000000,0,False
543284,EKI,EKI,,-1.000000,1,,BSE,1.000000,0,False
543317,GRINFRA,GRINFRA,,-1.000000,1,,BSE,5.000000,0,False
590106,BANKBEES,BANKBEES,,-1.000000,1,,BSE,1.000000,0,False
590107,PSUBANK,PSUBANK,,-1.000000,1,,BSE,1.000000,0,False
590137,SETFNIFBK,SETFNIFBK,,-1.000000,1,,BSE,1.000000,0,False
590142,PHARMABEES,PHARMABEES,,-1.000000,1,,BSE,1.000000,0,False
590144,MID150BEES,MID150BEES,,-1.000000,1,,BSE,1.000000,0,False
590153,MONIFTY500,MONIFTY500,,-1.000000,1,,BSE,1.000000,0,False
730366,MML081025,MML081025,,-1.000000,1,,BSE,1.000000,0,False
730512,BFL61125,BFL61125,,-1.000000,1,,BSE,1.000000,0,False
732406,NACL280826,NACL280826,,-1.000000,1,,BSE,1.000000,0,False
732421,TBBTC31826,TBBTC31826,,-1.000000,1,,BSE,1.000000,0,False
732436,MAFSL30926,MAFSL30926,,-1.000000,1,,BSE,1.000000,0,False
732460,BGHPL7926,BGHPL7926,,-1.000000,1,,BSE,1.000000,0,False
543322,ALIVUS,ALIVUS,,-1.000000,1,,BSE,5.000000,0,False
543324,GCSL,GCSL,,-1.000000,1,,BSE,5.000000,0,False
543332,EPIGRAL,EPIGRAL,,-1.000000,1,,BSE,5.000000,0,False
543334,NUVOCO,NUVOCO,,-1.000000,1,,BSE,5.000000,0,False
730616,KMPL211125,KMPL211125,,-1.000000,1,,BSE,1.000000,0,False
730679,AEL281125,AEL281125,,-1.000000,1,,BSE,1.000000,0,False
730695,MFL031225,MFL031225,,-1.000000,1,,BSE,1.000000,0,False
730701,MFL031225B,MFL031225B,,-1.000000,1,,BSE,1.000000,0,False
732471,SL040926,SL040926,,-1.000000,1,,BSE,1.000000,0,False
732472,NWIL7926,NWIL7926,,-1.000000,1,,BSE,1.000000,0,False
732479,HLFL070926,HLFL070926,,-1.000000,1,,BSE,1.000000,0,False
732481,IHPL080926,IHPL080926,,-1.000000,1,,BSE,1.000000,0,False
730501,BFL41125,BFL41125,,-1.000000,1,,BSE,1.000000,0,False
730548,TBBT121125,TBBT121125,,-1.000000,1,,BSE,1.000000,0,False
730812,MFL181225,MFL181225,,-1.000000,1,,BSE,1.000000,0,False
730932,THDC16126,THDC16126,,-1.000000,1,,BSE,1.000000,0,False
543346,AASHKA,AASHKA,,-1.000000,1000,,BSE,1.000000,0,False
543364,MARKOLINES,MARKOLINES,,-1.000000,1,,BSE,5.000000,0,False
543376,SAMOR,SAMOR,,-1.000000,1,,BSE,1.000000,0,False
543379,SFMP53GR,SFMP53GR,,-1.000000,1,,BSE,1.000000,0,False
730772,KMIL151225,KMIL151225,,-1.000000,1,,BSE,1.000000,0,False
730886,BHFL1126,BHFL1126,,-1.000000,1,,BSE,1.000000,0,False
730906,IHPL090126,IHPL090126,,-1.000000,1,,BSE,1.000000,0,False
730937,OPL190126,OPL190126,,-1.000000,1,,BSE,1.000000,0,False
730940,IFPL190126,IFPL190126,,-1.000000,1,,BSE,1.000000,0,False
730968,JBCL270126,JBCL270126,,-1.000000,1,,BSE,1.000000,0,False
730971,NWFL27126,NWFL27126,,-1.000000,1,,BSE,1.000000,0,False
730979,BHFL270126,BHFL270126,,-1.000000,1,,BSE,1.000000,0,False
732485,AFSL07926,AFSL07926,,-1.000000,1,,BSE,1.000000,0,False
732490,DCBL080926,DCBL080926,,-1.000000,1,,BSE,1.000000,0,False
732502,TRIL8926,TRIL8926,,-1.000000,1,,BSE,1.000000,0,False
732508,IGHHPL9926,IGHHPL9926,,-1.000000,1,,BSE,1.000000,0,False
543386,FINOPB,FINOPB,,-1.000000,1,,BSE,5.000000,0,False
543387,SJS,SJS,,-1.000000,1,,BSE,5.000000,0,False
543401,GOCOLORS,GOCOLORS,,-1.000000,1,,BSE,5.000000,0,False
543410,DMR,DMR,,-1.000000,1950,,BSE,1.000000,0,False
543415,ANANDRATHI,ANANDRATHI,,-1.000000,1,,BSE,5.000000,0,False
543435,CLARA,CLARA,,-1.000000,4150,,BSE,1.000000,0,False
543452,SILVERIETF,SILVERIETF,,-1.000000,1,,BSE,1.000000,0,False
543458,AWL,AWL,,-1.000000,1,,BSE,5.000000,0,False
730988,PIICL30126,PIICL30126,,-1.000000,1,,BSE,1.000000,0,False
730991,KMPL30126,KMPL30126,,-1.000000,1,,BSE,1.000000,0,False
731018,IFPL040226,IFPL040226,,-1.000000,1,,BSE,1.000000,0,False
731021,BHFL040226,BHFL040226,,-1.000000,1,,BSE,1.000000,0,False
731026,PIICL6226,PIICL6226,,-1.000000,1,,BSE,1.000000,0,False
731039,NWFL060226,NWFL060226,,-1.000000,1,,BSE,1.000000,0,False
731055,BGHP11226,BGHP11226,,-1.000000,1,,BSE,1.000000,0,False
731068,360OP10226,360OP10226,,-1.000000,1,,BSE,1.000000,0,False
732515,GHFL10926,GHFL10926,,-1.000000,1,,BSE,1.000000,0,False
732522,KMIL10926,KMIL10926,,-1.000000,1,,BSE,1.000000,0,False
732532,VCL090926,VCL090926,,-1.000000,1,,BSE,1.000000,0,False
732535,360OA10926,360OA10926,,-1.000000,1,,BSE,1.000000,0,False
543462,DEVIT,DEVIT,,-1.000000,1,,BSE,1.000000,0,False
543472,TECH,TECH,,-1.000000,1,,BSE,1.000000,0,False
543475,EKENNIS,EKENNIS,,-1.000000,800,,BSE,1.000000,0,False
543478,NIMFHKDP,NIMFHKDP,,-1.000000,1,,BSE,1.000000,0,False
731078,VCL120226B,VCL120226B,,-1.000000,1,,BSE,1.000000,0,False
731091,AFL120226,AFL120226,,-1.000000,1,,BSE,1.000000,0,False
731146,PILANI INVE,PILANI INVE,,-1.000000,1,,BSE,1.000000,0,False
731149,IHPL200226,IHPL200226,,-1.000000,1,,BSE,1.000000,0,False
731242,FFSL020326A,FFSL020326A,,-1.000000,1,,BSE,1.000000,0,False
731258,MAFS050326,MAFS050326,,-1.000000,1,,BSE,1.000000,0,False
731261,CFSL5326,CFSL5326,,-1.000000,1,,BSE,1.000000,0,False
731356,CGCL17326,CGCL17326,,-1.000000,1,,BSE,1.000000,0,False
732538,NWIL10926,NWIL10926,,-1.000000,1,,BSE,1.000000,0,False
732542,BFSL10926A,BFSL10926A,,-1.000000,1,,BSE,1.000000,0,False
800160,83GS2040,83GS2040,,-1.000000,1,,BSE,5.000000,0,False
800161,883GS2041,883GS2041,,-1.000000,1,,BSE,5.000000,0,False
543484,H1861D46DD,H1861D46DD,,-1.000000,1,,BSE,1.000000,0,False
543498,MSUMI,MSUMI,,-1.000000,1,,BSE,1.000000,0,False
543499,ACHYUT,ACHYUT,,-1.000000,1,,BSE,1.000000,0,False
543506,H1876D46DG,H1876D46DG,,-1.000000,1,,BSE,1.000000,0,False
731371,MAFS18326,MAFS18326,,-1.000000,1,,BSE,1.000000,0,False
731406,IFPL24326A,IFPL24326A,,-1.000000,1,,BSE,1.000000,0,False
731414,AKCS25326,AKCS25326,,-1.000000,1,,BSE,1.000000,0,False
731428,TTL60426,TTL60426,,-1.000000,1,,BSE,1.000000,0,False
800177,92GS2030,92GS2030,,-1.000000,1,,BSE,5.000000,0,False
800181,74GS2035,74GS2035,,-1.000000,1,,BSE,5.000000,0,False
800211,824GS2033,824GS2033,,-1.000000,1,,BSE,5.000000,0,False
800219,86GS2028,86GS2028,,-1.000000,1,,BSE,1.000000,0,False
731277,KMPL10326,KMPL10326,,-1.000000,1,,BSE,1.000000,0,False
731313,PIICL12326,PIICL12326,,-1.000000,1,,BSE,1.000000,0,False
731386,JBCIP23326,JBCIP23326,,-1.000000,1,,BSE,1.000000,0,False
731418,JCL270326,JCL270326,,-1.000000,1,,BSE,1.000000,0,False
543509,H187646RG,H187646RG,,-1.000000,1,,BSE,1.000000,0,False
543519,SFSL,SFSL,,-1.000000,1500,,BSE,1.000000,0,False
543521,FONE4,FONE4,,-1.000000,10000,,BSE,1.000000,0,False
543525,SILVERTUC,SILVERTUC,,-1.000000,1,,BSE,5.000000,0,False
800239,FRBGOI2035,FRBGOI2035,,-1.000000,1,,BSE,1.000000,0,False
800243,761GS2030,761GS2030,,-1.000000,1,,BSE,1.000000,0,False
800249,813CG2045A,813CG2045A,,-1.000000,1,,BSE,5.000000,0,False
800257,817GS2044,817GS2044,,-1.000000,1,,BSE,5.000000,0,False
731424,IFSL300326,IFSL300326,,-1.000000,1,,BSE,1.000000,0,False
731442,IFSL090426,IFSL090426,,-1.000000,1,,BSE,1.000000,0,False
731443,UCL9426,UCL9426,,-1.000000,1,,BSE,1.000000,0,False
731444,TTL100426,TTL100426,,-1.000000,1,,BSE,1.000000,0,False
731451,CGCL10426,CGCL10426,,-1.000000,1,,BSE,1.000000,0,False
731469,EOPR104026,EOPR104026,,-1.000000,1,,BSE,1.000000,0,False
731509,MML20426,MML20426,,-1.000000,1,,BSE,1.000000,0,False
731527,DFPL220426,DFPL220426,,-1.000000,1,,BSE,1.000000,0,False
543527,PRUDENT,PRUDENT,,-1.000000,1,,BSE,5.000000,0,False
543541,SAILANI,SAILANI,,-1.000000,1600,,BSE,1.000000,0,False
543570,HDFCNEXT50,HDFCNEXT50,,-1.000000,1,,BSE,1.000000,0,False
543576,MOVALUE,MOVALUE,,-1.000000,1,,BSE,1.000000,0,False
800261,679GS2029,679GS2029,,-1.000000,1,,BSE,5.000000,0,False
800297,SGBAUG27,SGBAUG27,,-1.000000,1,,BSE,1.000000,0,False
800316,719GS2060,719GS2060,,-1.000000,1,,BSE,1.000000,0,False
800326,68GS2060,68GS2060,,-1.000000,1,,BSE,1.000000,0,False
731563,SCSL280426,SCSL280426,,-1.000000,1,,BSE,1.000000,0,False
731567,TTL290426,TTL290426,,-1.000000,1,,BSE,1.000000,0,False
731615,SBFCF7526,SBFCF7526,,-1.000000,1,,BSE,1.000000,0,False
731705,KFL200526,KFL200526,,-1.000000,1,,BSE,1.000000,0,False
543591,DREAMFOLKS,DREAMFOLKS,,-1.000000,1,,BSE,1.000000,0,False
543606,CONTAINE,CONTAINE,,-1.000000,1000,,BSE,1.000000,0,False
543615,SRSOLTD,SRSOLTD,,-1.000000,800,,BSE,1.000000,0,False
543622,STML,STML,,-1.000000,1200,,BSE,1.000000,0,False
731532,NCSL22426,NCSL22426,,-1.000000,1,,BSE,1.000000,0,False
731541,NFL23426,NFL23426,,-1.000000,1,,BSE,1.000000,0,False
731545,BFL23426,BFL23426,,-1.000000,1,,BSE,1.000000,0,False
731637,DAL11526,DAL11526,,-1.000000,1,,BSE,1.000000,0,False
800329,SGBN28VIII,SGBN28VIII,,-1.000000,1,,BSE,1.000000,0,False
800386,SGBSEP29VI,SGBSEP29VI,,-1.000000,1,,BSE,1.000000,0,False
800402,GS17JUN27C,GS17JUN27C,,-1.000000,1,,BSE,1.000000,0,False
800418,GS15JUN39C,GS15JUN39C,,-1.000000,1,,BSE,1.000000,0,False
731762,VCLM26526,VCLM26526,,-1.000000,1,,BSE,1.000000,0,False
731804,BFL30626,BFL30626,,-1.000000,1,,BSE,1.000000,0,False
731936,IFPL180626,IFPL180626,,-1.000000,1,,BSE,1.000000,0,False
731947,DSPFP19626,DSPFP19626,,-1.000000,1,,BSE,1.000000,0,False
543637,PACE,PACE,,-1.000000,1200,,BSE,1.000000,0,False
543658,D1246267RG,D1246267RG,,-1.000000,1,,BSE,1.000000,0,False
543670,VINNY,VINNY,,-1.000000,1,,BSE,1.000000,0,False
543678,AMBOAGRI,AMBOAGRI,,-1.000000,1000,,BSE,1.000000,0,False
800419,GS22AUG28C,GS22AUG28C,,-1.000000,1,,BSE,1.000000,0,False
800438,SGBJAN30IX,SGBJAN30IX,,-1.000000,1,,BSE,1.000000,0,False
800439,SGBMAR30X,SGBMAR30X,,-1.000000,1,,BSE,1.000000,0,False
800446,GS16DEC2030,GS16DEC2030,,-1.000000,1,,BSE,1.000000,0,False
731676,FFSL14526,FFSL14526,,-1.000000,1,,BSE,1.000000,0,False
731689,NFL18526,NFL18526,,-1.000000,1,,BSE,1.000000,0,False
731757,360OA26526,360OA26526,,-1.000000,1,,BSE,1.000000,0,False
731785,OAAM010626,OAAM010626,,-1.000000,1,,BSE,1.000000,0,False
543712,AFSL,AFSL,,-1.000000,1,,BSE,5.000000,0,False
543742,KTKFMP304DI,KTKFMP304DI,,-1.000000,1,,BSE,1.000000,0,False
543768,NSLNISP,NSLNISP,,-1.000000,1,,BSE,1.000000,0,False
543814,PCL,PCL,,-1.000000,1000,,BSE,1.000000,0,False
731948,MFL190626,MFL190626,,-1.000000,1,,BSE,1.000000,0,False
731957,360O19626A,360O19626A,,-1.000000,1,,BSE,1.000000,0,False
731972,NFL22626,NFL22626,,-1.000000,1,,BSE,1.000000,0,False
731978,KFIL230626,KFIL230626,,-1.000000,1,,BSE,1.000000,0,False
800498,GS19SEP2027,GS19SEP2027,,-1.000000,1,,BSE,1.000000,0,False
800505,GS19MAR2031,GS19MAR2031,,-1.000000,1,,BSE,1.000000,0,False
800523,GS19MAR2037,GS19MAR2037,,-1.000000,1,,BSE,1.000000,0,False
800530,GS19MAR2051,GS19MAR2051,,-1.000000,1,,BSE,1.000000,0,False
731786,NFL010626,NFL010626,,-1.000000,1,,BSE,1.000000,0,False
731938,DAL180626,DAL180626,,-1.000000,1,,BSE,1.000000,0,False
731944,MHFCL18626,MHFCL18626,,-1.000000,1,,BSE,1.000000,0,False
731953,SBICA19626,SBICA19626,,-1.000000,1,,BSE,1.000000,0,False
543815,IPRU3533,IPRU3533,,-1.000000,1,,BSE,1.000000,0,False
543853,SENSEXAXIS,SENSEXAXIS,,-1.000000,1,,BSE,1.000000,0,False
543874,MAIDEN,MAIDEN,,-1.000000,1000,,BSE,5.000000,0,False
543896,AVALON,AVALON,,-1.000000,1,,BSE,5.000000,0,False
800531,GS19MAR2053,GS19MAR2053,,-1.000000,1,,BSE,1.000000,0,False
800539,GS19SEP2040,GS19SEP2040,,-1.000000,1,,BSE,1.000000,0,False
800547,GS19MAR2052,GS19MAR2052,,-1.000000,1,,BSE,1.000000,0,False
800568,GS19SEP2055,GS19SEP2055,,-1.000000,1,,BSE,1.000000,0,False
731962,GHFL190626,GHFL190626,,-1.000000,1,,BSE,1.000000,0,False
731965,BGHPL22626,BGHPL22626,,-1.000000,1,,BSE,1.000000,0,False
731975,VCL220626,VCL220626,,-1.000000,1,,BSE,1.000000,0,False
731977,SCSL23626,SCSL23626,,-1.000000,1,,BSE,1.000000,0,False
731993,SSL240626,SSL240626,,-1.000000,1,,BSE,1.000000,0,False
732013,KMPL30626,KMPL30626,,-1.000000,1,,BSE,1.000000,0,False
732032,EFL020726,EFL020726,,-1.000000,1,,BSE,1.000000,0,False
732038,SEIL60726,SEIL60726,,-1.000000,1,,BSE,1.000000,0,False
731984,MBPR24626,MBPR24626,,-1.000000,1,,BSE,1.000000,0,False
731987,MAFSI24626,MAFSI24626,,-1.000000,1,,BSE,1.000000,0,False
731995,GHFL240626,GHFL240626,,-1.000000,1,,BSE,1.000000,0,False
732022,NFL30626,NFL30626,,-1.000000,1,,BSE,1.000000,0,False
732041,MFL3726,MFL3726,,-1.000000,1,,BSE,1.000000,0,False
732047,TTL7726,TTL7726,,-1.000000,1,,BSE,1.000000,0,False
732050,BCML070726,BCML070726,,-1.000000,1,,BSE,1.000000,0,False
732070,BCML100726,BCML100726,,-1.000000,1,,BSE,1.000000,0,False
543899,CUBEINVIT,CUBEINVIT,,-1.000000,1,,BSE,1.000000,0,False
543900,SILVERBETA,SILVERBETA,,-1.000000,1,,BSE,1.000000,0,False
543919,MKPL,MKPL,,-1.000000,1,,BSE,1.000000,0,False
543922,SILVERAG,SILVERAG,,-1.000000,1,,BSE,1.000000,0,False
800582,GS12DC2032C,GS12DC2032C,,-1.000000,1,,BSE,1.000000,0,False
800622,GS15APR34C,GS15APR34C,,-1.000000,1,,BSE,1.000000,0,False
800625,GS15OCT35C,GS15OCT35C,,-1.000000,1,,BSE,1.000000,0,False
800641,GS15APR33C,GS15APR33C,,-1.000000,1,,BSE,1.000000,0,False
543927,ASIAN,ASIAN,,-1.000000,1,,BSE,1.000000,0,False
543932,IDEAFORGE,IDEAFORGE,,-1.000000,1,,BSE,5.000000,0,False
543943,ASARFI,ASARFI,,-1.000000,1000,,BSE,5.000000,0,False
543954,ATL,ATL,,-1.000000,1,,BSE,1.000000,0,False
732027,TSL010726,TSL010726,,-1.000000,1,,BSE,1.000000,0,False
732033,UCL2726,UCL2726,,-1.000000,1,,BSE,1.000000,0,False
732042,BFSL3726,BFSL3726,,-1.000000,1,,BSE,1.000000,0,False
732055,IHFC070726,IHFC070726,,-1.000000,1,,BSE,1.000000,0,False
732072,MAFS100726,MAFS100726,,-1.000000,1,,BSE,1.000000,0,False
732080,JBCPL13726,JBCPL13726,,-1.000000,1,,BSE,1.000000,0,False
732091,APSEZ14726,APSEZ14726,,-1.000000,1,,BSE,1.000000,0,False
732096,JBCIP15726,JBCIP15726,,-1.000000,1,,BSE,1.000000,0,False
800643,GS22OCT31C,GS22OCT31C,,-1.000000,1,,BSE,1.000000,0,False
800662,GS17DEC35,GS17DEC35,,-1.000000,1,,BSE,1.000000,0,False
800664,GS12JUN42,GS12JUN42,,-1.000000,1,,BSE,1.000000,0,False
800680,GS06MAY38C,GS06MAY38C,,-1.000000,1,,BSE,1.000000,0,False
543960,CONCORDBIO,CONCORDBIO,,-1.000000,1,,BSE,5.000000,0,False
543968,HFMPCC75RD,HFMPCC75RD,,-1.000000,1,,BSE,1.000000,0,False
543971,BONDADA,BONDADA,,-1.000000,200,,BSE,5.000000,0,False
543998,VALIANTLAB,VALIANTLAB,,-1.000000,1,,BSE,1.000000,0,False
800683,GS06MAY34C,GS06MAY34C,,-1.000000,1,,BSE,1.000000,0,False
800699,GS22OCT37,GS22OCT37,,-1.000000,1,,BSE,1.000000,0,False
732063,HSCL090726,HSCL090726,,-1.000000,1,,BSE,1.000000,0,False
732069,ABL090726,ABL090726,,-1.000000,1,,BSE,1.000000,0,False
732071,NACL100726,NACL100726,,-1.000000,1,,BSE,1.000000,0,False
732075,ECL100726,ECL100726,,-1.000000,1,,BSE,1.000000,0,False
732098,KMPL160726,KMPL160726,,-1.000000,1,,BSE,1.000000,0,False
732103,IFPL160726,IFPL160726,,-1.000000,1,,BSE,1.000000,0,False
732111,NVFL170726,NVFL170726,,-1.000000,1,,BSE,1.000000,0,False
732135,TRIL210726,TRIL210726,,-1.000000,1,,BSE,1.000000,0,False
800684,GS06NOV34C,GS06NOV34C,,-1.000000,1,,BSE,1.000000,0,False
800697,GS22OCT38,GS22OCT38,,-1.000000,1,,BSE,1.000000,0,False
544000,CCAL,CCAL,,-1.000000,6000,,BSE,1.000000,0,False
544014,HONASA,HONASA,,-1.000000,1,,BSE,5.000000,0,False
544029,GANDHAR,GANDHAR,,-1.000000,1,,BSE,5.000000,0,False
544035,SPL,SPL,,-1.000000,1600,,BSE,1.000000,0,False
732079,DSPFP10726,DSPFP10726,,-1.000000,1,,BSE,1.000000,0,False
732093,AEL140726,AEL140726,,-1.000000,1,,BSE,1.000000,0,False
732140,PFL220726,PFL220726,,-1.000000,1,,BSE,1.000000,0,False
732142,PFL22726,PFL22726,,-1.000000,1,,BSE,1.000000,0,False
732143,RECL230726,RECL230726,,-1.000000,1,,BSE,1.000000,0,False
732176,TRAIL28726,TRAIL28726,,-1.000000,1,,BSE,1.000000,0,False
800708,GS12JUN46,GS12JUN46,,-1.000000,1,,BSE,1.000000,0,False
800712,GS22OCT49,GS22OCT49,,-1.000000,1,,BSE,1.000000,0,False
800735,GS06MAY42,GS06MAY42,,-1.000000,1,,BSE,1.000000,0,False
800737,GS06NOV42,GS06NOV42,,-1.000000,1,,BSE,1.000000,0,False
732081,BFSL100726,BFSL100726,,-1.000000,1,,BSE,1.000000,0,False
732088,PDL14726,PDL14726,,-1.000000,1,,BSE,1.000000,0,False
544037,AMIC,AMIC,,-1.000000,100,,BSE,5.000000,0,False
544066,SUNCLAY,SUNCLAY,,-1.000000,1,,BSE,5.000000,0,False
544074,SBVCL,SBVCL,,-1.000000,600,,BSE,5.000000,0,False
544124,VSTL,VSTL,,-1.000000,1,,BSE,5.000000,0,False
800751,GS06MAY60,GS06MAY60,,-1.000000,1,,BSE,1.000000,0,False
800758,GS06NOV73,GS06NOV73,,-1.000000,1,,BSE,1.000000,0,False
800760,GS06NOV61,GS06NOV61,,-1.000000,1,,BSE,1.000000,0,False
800762,GS06MAY55,GS06MAY55,,-1.000000,1,,BSE,1.000000,0,False
732102,NFL160726,NFL160726,,-1.000000,1,,BSE,1.000000,0,False
732113,OPL200726,OPL200726,,-1.000000,1,,BSE,1.000000,0,False
732119,BFSL20726,BFSL20726,,-1.000000,1,,BSE,1.000000,0,False
732131,PFL210726,PFL210726,,-1.000000,1,,BSE,1.000000,0,False
732191,BFL300726,BFL300726,,-1.000000,1,,BSE,1.000000,0,False
732197,IFSL310726,IFSL310726,,-1.000000,1,,BSE,1.000000,0,False
732210,360OAAM4826,360OAAM4826,,-1.000000,1,,BSE,1.000000,0,False
732226,IGHHPL6826,IGHHPL6826,,-1.000000,1,,BSE,1.000000,0,False
544132,GOLDCASE,GOLDCASE,,-1.000000,1,,BSE,1.000000,0,False
544157,VRUDDHI,VRUDDHI,,-1.000000,500,,BSE,5.000000,0,False
544159,LIQUIDADD,LIQUIDADD,,-1.000000,1,,BSE,1.000000,0,False
544161,DPABHUSHAN,DPABHUSHAN,,-1.000000,1,,BSE,5.000000,0,False
800782,GS06NOV65,GS06NOV65,,-1.000000,1,,BSE,1.000000,0,False
800783,GS06NOV71,GS06NOV71,,-1.000000,1,,BSE,1.000000,0,False
800786,GS06MAY67,GS06MAY67,,-1.000000,1,,BSE,1.000000,0,False
800806,GS25NOV44,GS25NOV44,,-1.000000,1,,BSE,1.000000,0,False
732228,NMIL060826,NMIL060826,,-1.000000,1,,BSE,1.000000,0,False
732233,VCL6826,VCL6826,,-1.000000,1,,BSE,1.000000,0,False
732237,KMPL070826,KMPL070826,,-1.000000,1,,BSE,1.000000,0,False
732238,KMPL70826,KMPL70826,,-1.000000,1,,BSE,1.000000,0,False
544165,SHIVAM,SHIVAM,,-1.000000,1500,,BSE,5.000000,0,False
544174,TBOTEK,TBOTEK,,-1.000000,1,,BSE,5.000000,0,False
544180,MIDSMALL,MIDSMALL,,-1.000000,1,,BSE,1.000000,0,False
544185,ADTECH,ADTECH,,-1.000000,1,,BSE,1.000000,0,False
732160,GICHF24726,GICHF24726,,-1.000000,1,,BSE,1.000000,0,False
732161,JBCPL28726,JBCPL28726,,-1.000000,1,,BSE,1.000000,0,False
732162,OAAM270726,OAAM270726,,-1.000000,1,,BSE,1.000000,0,False
732184,IFPL280726,IFPL280726,,-1.000000,1,,BSE,1.000000,0,False
800821,GS23DEC43P,GS23DEC43P,,-1.000000,1,,BSE,1.000000,0,False
805138,364T291026,364T291026,,-1.000000,1,,BSE,1.000000,0,False
805150,364T261126,364T261126,,-1.000000,1,,BSE,1.000000,0,False
805201,364TB80427,364TB80427,,-1.000000,1,,BSE,1.000000,0,False
732249,CGCL100826,CGCL100826,,-1.000000,1,,BSE,1.000000,0,False
732264,OWL110826,OWL110826,,-1.000000,1,,BSE,1.000000,0,False
732279,AKCFL12826,AKCFL12826,,-1.000000,1,,BSE,1.000000,0,False
732285,MACM120826,MACM120826,,-1.000000,1,,BSE,1.000000,0,False
544198,DEEDEV,DEEDEV,,-1.000000,1,,BSE,5.000000,0,False
544199,GEMENVIRO,GEMENVIRO,,-1.000000,800,,BSE,1.000000,0,False
544204,VRAJ,VRAJ,,-1.000000,1,,BSE,5.000000,0,False
544217,SANSTAR,SANSTAR,,-1.000000,1,,BSE,5.000000,0,False
732211,ABHFL4826,ABHFL4826,,-1.000000,1,,BSE,1.000000,0,False
732214,TBBTCL4826,TBBTCL4826,,-1.000000,1,,BSE,1.000000,0,False
732219,MCFPL5826,MCFPL5826,,-1.000000,1,,BSE,1.000000,0,False
732246,APSEZ7826,APSEZ7826,,-1.000000,1,,BSE,1.000000,0,False
805213,364TB60527,364TB60527,,-1.000000,1,,BSE,1.000000,0,False
805233,182T241226,182T241226,,-1.000000,1,,BSE,1.000000,0,False
805252,364TB50827,364TB50827,,-1.000000,1,,BSE,1.000000,0,False
805263,182TB04327,182TB04327,,-1.000000,1,,BSE,1.000000,0,False
732288,OAAM12826,OAAM12826,,-1.000000,1,,BSE,1.000000,0,False
732297,RL140826,RL140826,,-1.000000,1,,BSE,1.000000,0,False
732302,AKCFL14826,AKCFL14826,,-1.000000,1,,BSE,1.000000,0,False
732315,DSPFP17826,DSPFP17826,,-1.000000,1,,BSE,1.000000,0,False
544219,VVIPIL,VVIPIL,,-1.000000,600,,BSE,5.000000,0,False
544246,RVTH,RVTH,,-1.000000,1,,BSE,5.000000,0,False
544264,DIFFNKG,DIFFNKG,,-1.000000,1,,BSE,5.000000,0,False
544273,MGEL,MGEL,,-1.000000,1,,BSE,1.000000,0,False
732248,CGCL10826,CGCL10826,,-1.000000,1,,BSE,1.000000,0,False
732256,PFL100826,PFL100826,,-1.000000,1,,BSE,1.000000,0,False
732271,OPL110826,OPL110826,,-1.000000,1,,BSE,1.000000,0,False
732274,DSPFP12826,DSPFP12826,,-1.000000,1,,BSE,1.000000,0,False
810588,805TN2028,805TN2028,,-1.000000,1,,BSE,1.000000,0,False
810596,795GJSDL28,795GJSDL28,,-1.000000,1,,BSE,5.000000,0,False
810608,827GUJ2029,827GUJ2029,,-1.000000,1,,BSE,5.000000,0,False
810627,808GUJSDL28,808GUJSDL28,,-1.000000,1,,BSE,5.000000,0,False
732342,KFIL190826,KFIL190826,,-1.000000,1,,BSE,1.000000,0,False
732368,SSL210826,SSL210826,,-1.000000,1,,BSE,1.000000,0,False
732369,CICPL21826,CICPL21826,,-1.000000,1,,BSE,1.000000,0,False
732374,AEL240826,AEL240826,,-1.000000,1,,BSE,1.000000,0,False
544276,DBEIL,DBEIL,,-1.000000,1,,BSE,1.000000,0,False
544306,SAILIFE,SAILIFE,,-1.000000,1,,BSE,5.000000,0,False
544314,SANATHAN,SANATHAN,,-1.000000,1,,BSE,5.000000,0,False
544321,VENTIVE,VENTIVE,,-1.000000,1,,BSE,5.000000,0,False
732377,NWIL24826,NWIL24826,,-1.000000,1,,BSE,1.000000,0,False
732379,LDL240826,LDL240826,,-1.000000,1,,BSE,1.000000,0,False
732381,BFL240826,BFL240826,,-1.000000,1,,BSE,1.000000,0,False
732385,VCL250826,VCL250826,,-1.000000,1,,BSE,1.000000,0,False
732289,CGCL130826,CGCL130826,,-1.000000,1,,BSE,1.000000,0,False
732300,MFL14826,MFL14826,,-1.000000,1,,BSE,1.000000,0,False
732327,BFSL18826,BFSL18826,,-1.000000,1,,BSE,1.000000,0,False
732351,BFS190826A,BFS190826A,,-1.000000,1,,BSE,1.000000,0,False
810633,773GJ29,773GJ29,,-1.000000,1,,BSE,5.000000,0,False
810644,678RJ30,678RJ30,,-1.000000,1,,BSE,1.000000,0,False
810645,654MH30,654MH30,,-1.000000,1,,BSE,1.000000,0,False
810647,657MH31,657MH31,,-1.000000,1,,BSE,1.000000,0,False
544322,UNIMECH,UNIMECH,,-1.000000,1,,BSE,5.000000,0,False
544329,VANDU,VANDU,,-1.000000,2000,,BSE,1.000000,0,False
544333,SETL,SETL,,-1.000000,1,,BSE,5.000000,0,False
544337,AVAX,AVAX,,-1.000000,1000,,BSE,1.000000,0,False
732352,AIL200826,AIL200826,,-1.000000,1,,BSE,1.000000,0,False
732365,SL240826,SL240826,,-1.000000,1,,BSE,1.000000,0,False
732394,KMPL270826,KMPL270826,,-1.000000,1,,BSE,1.000000,0,False
732407,ABLB270826,ABLB270826,,-1.000000,1,,BSE,1.000000,0,False
732390,SSL250826,SSL250826,,-1.000000,1,,BSE,1.000000,0,False
732405,GICHF28826,GICHF28826,,-1.000000,1,,BSE,1.000000,0,False
732411,VCL280826,VCL280826,,-1.000000,1,,BSE,1.000000,0,False
732412,VCL28826,VCL28826,,-1.000000,1,,BSE,1.000000,0,False
810649,669TN50,669TN50,,-1.000000,1,,BSE,5.000000,0,False
810674,697KA31,697KA31,,-1.000000,1,,BSE,1.000000,0,False
810693,697RJ51A,697RJ51A,,-1.000000,1,,BSE,1.000000,0,False
810695,695RJ31,695RJ31,,-1.000000,1,,BSE,1.000000,0,False
532689,PVRINOX,PVRINOX,,-1.000000,1,,BSE,5.000000,0,False
532698,NITINSPIN,NITINSPIN,,-1.000000,1,,BSE,5.000000,0,False
544343,CNINFOTECH,CNINFOTECH,,-1.000000,400,,BSE,1.000000,0,False
544345,DENTA,DENTA,,-1.000000,1,,BSE,5.000000,0,False
732423,SL010926,SL010926,,-1.000000,1,,BSE,1.000000,0,False
732441,RL030926,RL030926,,-1.000000,1,,BSE,1.000000,0,False
732468,NJCPL40926,NJCPL40926,,-1.000000,1,,BSE,1.000000,0,False
732469,SSL040926,SSL040926,,-1.000000,1,,BSE,1.000000,0,False
532719,BLKASHYAP,BLKASHYAP,,-1.000000,1,,BSE,1.000000,0,False
532764,GEECEE,GEECEE,,-1.000000,1,,BSE,5.000000,0,False
532773,GLOBALVECT,GLOBALVECT,,-1.000000,1,,BSE,5.000000,0,False
532775,GTLINFRA,GTLINFRA,,-1.000000,1,,BSE,1.000000,0,False
732419,BFL310826,BFL310826,,-1.000000,1,,BSE,1.000000,0,False
732424,NFL010926,NFL010926,,-1.000000,1,,BSE,1.000000,0,False
732433,SL02926,SL02926,,-1.000000,1,,BSE,1.000000,0,False
732439,PIAICL3926,PIAICL3926,,-1.000000,1,,BSE,1.000000,0,False
810702,729KA36,729KA36,,-1.000000,1,,BSE,1.000000,0,False
810703,724KA37,724KA37,,-1.000000,1,,BSE,1.000000,0,False
810707,724KA38,724KA38,,-1.000000,1,,BSE,1.000000,0,False
810729,697TN46,697TN46,,-1.000000,1,,BSE,1.000000,0,False
732482,DFPL070926,DFPL070926,,-1.000000,1,,BSE,1.000000,0,False
732489,CFHL70926,CFHL70926,,-1.000000,1,,BSE,1.000000,0,False
732496,CFHL80926,CFHL80926,,-1.000000,1,,BSE,1.000000,0,False
732505,VCL080926,VCL080926,,-1.000000,1,,BSE,1.000000,0,False
810733,705TS41,705TS41,,-1.000000,1,,BSE,1.000000,0,False
810748,701MH32,701MH32,,-1.000000,1,,BSE,1.000000,0,False
810749,715AP37,715AP37,,-1.000000,1,,BSE,1.000000,0,False
810765,697TN31B,697TN31B,,-1.000000,1,,BSE,1.000000,0,False
532796,LUMAXTECH,LUMAXTECH,,-1.000000,1,,BSE,5.000000,0,False
532798,NETWORK18,NETWORK18,,-1.000000,1,,BSE,1.000000,0,False
532799,HUBTOWN,HUBTOWN,,-1.000000,1,,BSE,5.000000,0,False
532806,AICHAMP,AICHAMP,,-1.000000,1,,BSE,1.000000,0,False
732443,IFSL030926,IFSL030926,,-1.000000,1,,BSE,1.000000,0,False
732445,NWIL03926,NWIL03926,,-1.000000,1,,BSE,1.000000,0,False
732462,TCL40926,TCL40926,,-1.000000,1,,BSE,1.000000,0,False
732474,AEL070926,AEL070926,,-1.000000,1,,BSE,1.000000,0,False
532812,TFL,TFL,,-1.000000,1,,BSE,1.000000,0,False
532820,ELAND,ELAND,,-1.000000,1,,BSE,1.000000,0,False
532825,JAGJANANI,JAGJANANI,,-1.000000,1,,BSE,1.000000,0,False
532841,SAHYADRI,SAHYADRI,,-1.000000,1,,BSE,5.000000,0,False
732521,IOCL090926,IOCL090926,,-1.000000,1,,BSE,1.000000,0,False
732548,KIL110926,KIL110926,,-1.000000,1,,BSE,1.000000,0,False
732552,BGHP110926,BGHP110926,,-1.000000,1,,BSE,1.000000,0,False
751141,SALEM-RE,SALEM-RE,,-1.000000,1,,BSE,1.000000,0,False
810776,709AP39,709AP39,,-1.000000,1,,BSE,1.000000,0,False
810784,708KA34A,708KA34A,,-1.000000,1,,BSE,1.000000,0,False
810795,687KA31,687KA31,,-1.000000,1,,BSE,1.000000,0,False
810806,718KA33,718KA33,,-1.000000,1,,BSE,1.000000,0,False
732477,BFL070926,BFL070926,,-1.000000,1,,BSE,1.000000,0,False
732499,AIL90926,AIL90926,,-1.000000,1,,BSE,1.000000,0,False
732512,TSL090926,TSL090926,,-1.000000,1,,BSE,1.000000,0,False
732519,CPCL090926,CPCL090926,,-1.000000,1,,BSE,1.000000,0,False
532850,MICEL,MICEL,,-1.000000,1,,BSE,1.000000,0,False
532859,HGS,HGS,,-1.000000,1,,BSE,5.000000,0,False
532869,TARMAT,TARMAT,,-1.000000,1,,BSE,1.000000,0,False
532872,SPARC,SPARC,,-1.000000,1,,BSE,5.000000,0,False
810818,730KA32,730KA32,,-1.000000,1,,BSE,1.000000,0,False
810828,719TN42,719TN42,,-1.000000,1,,BSE,1.000000,0,False
810834,729GJ32,729GJ32,,-1.000000,1,,BSE,1.000000,0,False
810838,718MH30,718MH30,,-1.000000,1,,BSE,1.000000,0,False
751142,INDRA-RE,INDRA-RE,,-1.000000,1,,BSE,1.000000,0,False
800162,83GS2042,83GS2042,,-1.000000,1,,BSE,5.000000,0,False
800262,657GS2033,657GS2033,,-1.000000,1,,BSE,5.000000,0,False
800288,SGBOCT26,SGBOCT26,,-1.000000,1,,BSE,1.000000,0,False
732520,BHEL10926,BHEL10926,,-1.000000,1,,BSE,1.000000,0,False
732526,UCL090926,UCL090926,,-1.000000,1,,BSE,1.000000,0,False
732530,BFSL90926,BFSL90926,,-1.000000,1,,BSE,1.000000,0,False
732543,BFL100926,BFL100926,,-1.000000,1,,BSE,1.000000,0,False
532880,OMAXE,OMAXE,,-1.000000,1,,BSE,5.000000,0,False
532906,MAANALU,MAANALU,,-1.000000,1,,BSE,5.000000,0,False
532921,ADANIPORTS,ADANIPORTS,,-1.000000,1,,BSE,5.000000,0,True
532927,ECLERX,ECLERX,,-1.000000,1,,BSE,5.000000,0,False
800289,SGBNOV26,SGBNOV26,,-1.000000,1,,BSE,1.000000,0,False
800303,SGBOCT27VI,SGBOCT27VI,,-1.000000,1,,BSE,1.000000,0,False
800311,645GS2029,645GS2029,,-1.000000,1,,BSE,5.000000,0,False
800315,SGBMAR28X,SGBMAR28X,,-1.000000,1,,BSE,1.000000,0,False
810874,76TN32,76TN32,,-1.000000,1,,BSE,5.000000,0,False
810878,761TN32,761TN32,,-1.000000,1,,BSE,1.000000,0,False
810880,758AP40,758AP40,,-1.000000,1,,BSE,1.000000,0,False
810881,758AP42,758AP42,,-1.000000,1,,BSE,1.000000,0,False
751132,MANOJ-RE,MANOJ-RE,,-1.000000,2000,,BSE,1.000000,0,False
800158,833GS2036,833GS2036,,-1.000000,1,,BSE,5.000000,0,False
800178,828GS2032,828GS2032,,-1.000000,1,,BSE,5.000000,0,False
800247,788GS2030,788GS2030,,-1.000000,1,,BSE,5.000000,0,False
810885,764TN29,764TN29,,-1.000000,1,,BSE,1.000000,0,False
810890,776MH30,776MH30,,-1.000000,1,,BSE,5.000000,0,False
810896,741GJ26,741GJ26,,-1.000000,1,,BSE,1.000000,0,False
810916,757GJ31,757GJ31,,-1.000000,1,,BSE,1.000000,0,False
532928,TARIL,TARIL,,-1.000000,1,,BSE,5.000000,0,False
532929,BRIGADE,BRIGADE,,-1.000000,1,,BSE,5.000000,0,False
532983,RPGLIFE,RPGLIFE,,-1.000000,1,,BSE,5.000000,0,False
533022,20MICRONS,20MICRONS,,-1.000000,1,,BSE,5.000000,0,False
800333,SGBFEB29XI,SGBFEB29XI,,-1.000000,1,,BSE,1.000000,0,False
800361,GS02JUL27C,GS02JUL27C,,-1.000000,1,,BSE,1.000000,0,False
800365,GS02JUL28C,GS02JUL28C,,-1.000000,1,,BSE,1.000000,0,False
800367,SGBJUL29IV,SGBJUL29IV,,-1.000000,1,,BSE,1.000000,0,False
800293,895FCI29,895FCI29,,-1.000000,1,,BSE,1.000000,0,False
800302,SGBOCT27,SGBOCT27,,-1.000000,1,,BSE,1.000000,0,False
800304,762GS2039,762GS2039,,-1.000000,1,,BSE,5.000000,0,False
800312,SGBDC27VII,SGBDC27VII,,-1.000000,1,,BSE,1.000000,0,False
810922,765GJ33,765GJ33,,-1.000000,1,,BSE,5.000000,0,False
810923,76GJ35,76GJ35,,-1.000000,1,,BSE,1.000000,0,False
810946,747AP37,747AP37,,-1.000000,1,,BSE,1.000000,0,False
810966,747MH34,747MH34,,-1.000000,1,,BSE,5.000000,0,False
533047,IMFA,IMFA,,-1.000000,1,,BSE,5.000000,0,False
533122,RTNPOWER,RTNPOWER,,-1.000000,1,,BSE,1.000000,0,False
533138,ASTEC,ASTEC,,-1.000000,1,,BSE,5.000000,0,False
533139,FFTF16BGR,FFTF16BGR,,-1.000000,1,,BSE,1.000000,0,False
800427,GS22FEB29C,GS22FEB29C,,-1.000000,1,,BSE,1.000000,0,False
800434,SGBNV29VII,SGBNV29VII,,-1.000000,1,,BSE,1.000000,0,False
800440,654GS2032,654GS2032,,-1.000000,1,,BSE,1.000000,0,False
800444,710GS2029,710GS2029,,-1.000000,1,,BSE,5.000000,0,False
811006,749TN44,749TN44,,-1.000000,1,,BSE,1.000000,0,False
811015,737APSDL36,737APSDL36,,-1.000000,1,,BSE,1.000000,0,False
811018,731TMSDL54,731TMSDL54,,-1.000000,1,,BSE,1.000000,0,False
811026,727MHSDL34,727MHSDL34,,-1.000000,1,,BSE,1.000000,0,False
533148,JSWENERGY,JSWENERGY,,-1.000000,1,,BSE,5.000000,0,True
533170,TAMBOLIIN,TAMBOLIIN,,-1.000000,1,,BSE,5.000000,0,False
533193,KECL,KECL,,-1.000000,1,,BSE,5.000000,0,False
533202,SATCH,SATCH,,-1.000000,1,,BSE,1.000000,0,False
800319,579GS2030,579GS2030,,-1.000000,1,,BSE,1.000000,0,False
800323,619GS2034,619GS2034,,-1.000000,1,,BSE,1.000000,0,False
800334,676GS2061,676GS2061,,-1.000000,1,,BSE,1.000000,0,False
800342,SGBJU29III,SGBJU29III,,-1.000000,1,,BSE,1.000000,0,False
800524,GS19MAR2039,GS19MAR2039,,-1.000000,1,,BSE,1.000000,0,False
800528,GS19MAR2047,GS19MAR2047,,-1.000000,1,,BSE,1.000000,0,False
800535,GS19MAR2042,GS19MAR2042,,-1.000000,1,,BSE,1.000000,0,False
800540,GS19SEP2042,GS19SEP2042,,-1.000000,1,,BSE,1.000000,0,False
800381,GS02JUL36C,GS02JUL36C,,-1.000000,1,,BSE,1.000000,0,False
800384,GS22FEB41C,GS22FEB41C,,-1.000000,1,,BSE,1.000000,0,False
800385,SGBAUG29V,SGBAUG29V,,-1.000000,1,,BSE,1.000000,0,False
800399,GS220831C,GS220831C,,-1.000000,1,,BSE,1.000000,0,False
811029,726MHSDL49,726MHSDL49,,-1.000000,1,,BSE,5.000000,0,False
811036,725APSDL47,725APSDL47,,-1.000000,1,,BSE,1.000000,0,False
811053,712MHSDL36,712MHSDL36,,-1.000000,1,,BSE,1.000000,0,False
811070,716MHSDL55,716MHSDL55,,-1.000000,1,,BSE,1.000000,0,False
533218,EMAMIREAL,EMAMIREAL,,-1.000000,1,,BSE,1.000000,0,False
533248,GPPL,GPPL,,-1.000000,1,,BSE,5.000000,0,False
533257,WAAREEINDO,WAAREEINDO,,-1.000000,1,,BSE,5.000000,0,False
533268,SEATV,SEATV,,-1.000000,1,,BSE,1.000000,0,False
800550,GS19MAR2054,GS19MAR2054,,-1.000000,1,,BSE,1.000000,0,False
800557,GS19SEP2039,GS19SEP2039,,-1.000000,1,,BSE,1.000000,0,False
800597,746GS2073,746GS2073,,-1.000000,1,,BSE,5.000000,0,False
800598,718GS2037,718GS2037,,-1.000000,1,,BSE,5.000000,0,False
811071,744TNSDL55,744TNSDL55,,-1.000000,1,,BSE,1.000000,0,False
811078,778KLSDL45,778KLSDL45,,-1.000000,1,,BSE,1.000000,0,False
811097,745TNSDL55,745TNSDL55,,-1.000000,1,,BSE,1.000000,0,False
811124,766MHSDL47,766MHSDL47,,-1.000000,1,,BSE,5.000000,0,False
533298,SURANASOL,SURANASOL,,-1.000000,1,,BSE,1.000000,0,False
533306,SUMMITSEC,SUMMITSEC,,-1.000000,1,,BSE,5.000000,0,False
533344,PFS,PFS,,-1.000000,1,,BSE,1.000000,0,False
533427,VMS,VMS,,-1.000000,1,,BSE,1.000000,0,False
800411,GS22FEB28C,GS22FEB28C,,-1.000000,1,,BSE,1.000000,0,False
800415,GS22FEB34C,GS22FEB34C,,-1.000000,1,,BSE,1.000000,0,False
800422,GS02JUL39C,GS02JUL39C,,-1.000000,1,,BSE,1.000000,0,False
800430,GS22AUG29C,GS22AUG29C,,-1.000000,1,,BSE,1.000000,0,False
533428,KTKFMP48G,KTKFMP48G,,-1.000000,1,,BSE,1.000000,0,False
533478,KTKFMP52G,KTKFMP52G,,-1.000000,1,,BSE,1.000000,0,False
533499,BGLOBAL,BGLOBAL,,-1.000000,1,,BSE,1.000000,0,False
533519,LTF,LTF,,-1.000000,1,,BSE,5.000000,0,True
800607,734GS2064,734GS2064,,-1.000000,1,,BSE,1.000000,0,False
800616,GS22OCT30,GS22OCT30,,-1.000000,1,,BSE,1.000000,0,False
800621,GS22OCT33,GS22OCT33,,-1.000000,1,,BSE,1.000000,0,False
800626,GS15APR36C,GS15APR36C,,-1.000000,1,,BSE,1.000000,0,False
811125,807MHSDL49,807MHSDL49,,-1.000000,1,,BSE,1.000000,0,False
811131,779MHSDL54,779MHSDL54,,-1.000000,1,,BSE,5.000000,0,False
811154,770MHSDL49,770MHSDL49,,-1.000000,1,,BSE,1.000000,0,False
890217,APLABPP,APLABPP,,-1.000000,1,,BSE,1.000000,0,False
800443,SGBJUN30,SGBJUN30,,-1.000000,1,,BSE,1.000000,0,False
800488,SGBAUG30,SGBAUG30,,-1.000000,1,,BSE,1.000000,0,False
800499,GS19MAR2028,GS19MAR2028,,-1.000000,1,,BSE,1.000000,0,False
800533,GS19MAR2055,GS19MAR2055,,-1.000000,1,,BSE,1.000000,0,False
533676,INDOTHAI,INDOTHAI,,-1.000000,1,,BSE,1.000000,0,False
533704,ESSARSHPNG,ESSARSHPNG,,-1.000000,1,,BSE,1.000000,0,False
533719,LICMFGOLD,LICMFGOLD,,-1.000000,1,,BSE,1.000000,0,False
534060,PMCFIN,PMCFIN,,-1.000000,1,,BSE,1.000000,0,False
800569,GS19SEP2057,GS19SEP2057,,-1.000000,1,,BSE,1.000000,0,False
800635,GS15APR30C,GS15APR30C,,-1.000000,1,,BSE,1.000000,0,False
800656,GS06MAY39C,GS06MAY39C,,-1.000000,1,,BSE,1.000000,0,False
800665,GS17DEC34C,GS17DEC34C,,-1.000000,1,,BSE,1.000000,0,False
800670,GS12DEC43,GS12DEC43,,-1.000000,1,,BSE,1.000000,0,False
890228,ATLPP,ATLPP,,-1.000000,1,,BSE,1.000000,0,False
929001,759PUNEM27,759PUNEM27,,-1.000000,1,,BSE,1.000000,0,False
929020,815PCMC28,815PCMC28,,-1.000000,1,,BSE,1.000000,0,False
929021,79AMC29,79AMC29,,-1.000000,1,,BSE,1.000000,0,False
800542,GS19SEP2044,GS19SEP2044,,-1.000000,1,,BSE,1.000000,0,False
800543,GS19MAR2048,GS19MAR2048,,-1.000000,1,,BSE,1.000000,0,False
800553,GS19MAR2059,GS19MAR2059,,-1.000000,1,,BSE,1.000000,0,False
534369,TBZ,TBZ,,-1.000000,1,,BSE,5.000000,0,False
534422,LOOKS,LOOKS,,-1.000000,1,,BSE,1.000000,0,False
534532,AURUS,AURUS,,-1.000000,1,,BSE,1.000000,0,False
535439,KTKFMP101G,KTKFMP101G,,-1.000000,1,,BSE,1.000000,0,False
929024,807PNN30,807PNN30,,-1.000000,1,,BSE,1.000000,0,False
935514,760PFCL35,760PFCL35,,-1.000000,1,,BSE,1.000000,0,False
935584,76NHAI31,76NHAI31,,-1.000000,1,,BSE,1.000000,0,False
936226,934JMFCS28,934JMFCS28,,-1.000000,1,,BSE,1.000000,0,False
535458,NIBL,NIBL,,-1.000000,1,,BSE,1.000000,0,False
535621,SVGLOBAL,SVGLOBAL,,-1.000000,1,,BSE,5.000000,0,False
535684,RMFINAFRG8,RMFINAFRG8,,-1.000000,1,,BSE,1.000000,0,False
535685,RMFINAFDD8,RMFINAFDD8,,-1.000000,1,,BSE,1.000000,0,False
800570,GS19MAR2060,GS19MAR2060,,-1.000000,1,,BSE,1.000000,0,False
800572,GS16JUN2029,GS16JUN2029,,-1.000000,1,,BSE,1.000000,0,False
800588,725GS2063,725GS2063,,-1.000000,1,,BSE,1.000000,0,False
800593,GS12DEC2040,GS12DEC2040,,-1.000000,1,,BSE,1.000000,0,False
800677,GS22OCT35C,GS22OCT35C,,-1.000000,1,,BSE,1.000000,0,False
800682,GS06NOV38C,GS06NOV38C,,-1.000000,1,,BSE,1.000000,0,False
800686,GS22OCT44,GS22OCT44,,-1.000000,1,,BSE,1.000000,0,False
800717,GS22OCT48,GS22OCT48,,-1.000000,1,,BSE,1.000000,0,False
936252,943ECL28,943ECL28,,-1.000000,1,,BSE,1.000000,0,False
936320,935AHFL28,935AHFL28,,-1.000000,1,,BSE,1.000000,0,False
936975,995ECL29,995ECL29,,-1.000000,1,,BSE,1.000000,0,False
936991,1025KFL26B,1025KFL26B,,-1.000000,1,,BSE,1.000000,0,False
535689,RXXIII12DG,RXXIII12DG,,-1.000000,1,,BSE,1.000000,0,False
535883,RFHXXIX03G,RFHXXIX03G,,-1.000000,1,,BSE,1.000000,0,False
536036,KTKFMP110GD,KTKFMP110GD,,-1.000000,1,,BSE,1.000000,0,False
536071,RFHXXIV05D,RFHXXIV05D,,-1.000000,1,,BSE,1.000000,0,False
800600,GS12SEP2041,GS12SEP2041,,-1.000000,1,,BSE,1.000000,0,False
800604,733GS2026,733GS2026,,-1.000000,1,,BSE,5.000000,0,False
800606,GS12DEC2034,GS12DEC2034,,-1.000000,1,,BSE,1.000000,0,False
800612,GS06NOV29C,GS06NOV29C,,-1.000000,1,,BSE,1.000000,0,False
800740,GS06MAY50,GS06MAY50,,-1.000000,1,,BSE,1.000000,0,False
800761,GS06NOV54,GS06NOV54,,-1.000000,1,,BSE,1.000000,0,False
800773,GS06NOV63,GS06NOV63,,-1.000000,1,,BSE,1.000000,0,False
800777,GS06MAY72,GS06MAY72,,-1.000000,1,,BSE,1.000000,0,False
936993,1041KFL26,1041KFL26,,-1.000000,1,,BSE,1.000000,0,False
937065,875SFL27,875SFL27,,-1.000000,1,,BSE,1.000000,0,False
937147,10JFPL30,10JFPL30,,-1.000000,1,,BSE,1.000000,0,False
937149,957JFPL30,957JFPL30,,-1.000000,1,,BSE,1.000000,0,False
536859,NFXXV01DG,NFXXV01DG,,-1.000000,1,,BSE,1.000000,0,False
537254,JTLDEFENCE,JTLDEFENCE,,-1.000000,1,,BSE,5.000000,0,False
537560,NFXXV20DD,NFXXV20DD,,-1.000000,1,,BSE,1.000000,0,False
537669,LAXMIPATI,LAXMIPATI,,-1.000000,500,,BSE,5.000000,0,False
800631,GS15OCT38C,GS15OCT38C,,-1.000000,1,,BSE,1.000000,0,False
800637,GS15APR31C,GS15APR31C,,-1.000000,1,,BSE,1.000000,0,False
800638,GS15OCT31C,GS15OCT31C,,-1.000000,1,,BSE,1.000000,0,False
800644,GS22APR32C,GS22APR32C,,-1.000000,1,,BSE,1.000000,0,False
537707,LADDU,LADDU,,-1.000000,1,,BSE,1.000000,0,False
537785,RACE,RACE,,-1.000000,1,,BSE,1.000000,0,False
537840,RAUNAQ,RAUNAQ,,-1.000000,1,,BSE,1.000000,0,False
537944,NFHXXVI01G,NFHXXVI01G,,-1.000000,1,,BSE,1.000000,0,False
800784,GS06MAY66,GS06MAY66,,-1.000000,1,,BSE,1.000000,0,False
800790,GS06MAY69,GS06MAY69,,-1.000000,1,,BSE,1.000000,0,False
800791,GS06NOV69,GS06NOV69,,-1.000000,1,,BSE,1.000000,0,False
800810,GS25MAY38,GS25MAY38,,-1.000000,1,,BSE,1.000000,0,False
937383,695PFCL36,695PFCL36,,-1.000000,1,,BSE,1.000000,0,False
937443,94MFL27A,94MFL27A,,-1.000000,1,,BSE,1.000000,0,False
937453,10IIFL28A,10IIFL28A,,-1.000000,1,,BSE,1.000000,0,False
937487,1025KFL26C,1025KFL26C,,-1.000000,1,,BSE,1.000000,0,False
538092,VASUPRADA,VASUPRADA,,-1.000000,1,,BSE,1.000000,0,False
538270,NFXXVI14DG,NFXXVI14DG,,-1.000000,1,,BSE,1.000000,0,False
538272,NFHXXVI14G,NFHXXVI14G,,-1.000000,1,,BSE,1.000000,0,False
538365,INCREDIBLE,INCREDIBLE,,-1.000000,1,,BSE,1.000000,0,False
800657,GS17JUN35,GS17JUN35,,-1.000000,1,,BSE,1.000000,0,False
800666,GS12DEC42,GS12DEC42,,-1.000000,1,,BSE,1.000000,0,False
800693,GS22APR41,GS22APR41,,-1.000000,1,,BSE,1.000000,0,False
800698,GS22APR38,GS22APR38,,-1.000000,1,,BSE,1.000000,0,False
937517,MMLZC28A,MMLZC28A,,-1.000000,1,,BSE,1.000000,0,False
937709,791JMFPL26,791JMFPL26,,-1.000000,1,,BSE,1.000000,0,False
937777,975MFL29,975MFL29,,-1.000000,1,,BSE,1.000000,0,False
937783,MFL26B,MFL26B,,-1.000000,1,,BSE,1.000000,0,False
538382,WESTLEIRES,WESTLEIRES,,-1.000000,1,,BSE,1.000000,0,False
538394,RFHXXVI24G,RFHXXVI24G,,-1.000000,1,,BSE,1.000000,0,False
538564,JAMESWARREN,JAMESWARREN,,-1.000000,1,,BSE,5.000000,0,False
538576,BHANDERI,BHANDERI,,-1.000000,1200,,BSE,5.000000,0,False
800814,GS22FEB38,GS22FEB38,,-1.000000,1,,BSE,1.000000,0,False
800816,771GOI2066,771GOI2066,,-1.000000,1,,BSE,5.000000,0,False
800820,GS17DEC39C,GS17DEC39C,,-1.000000,1,,BSE,1.000000,0,False
800823,69GS2065P,69GS2065P,,-1.000000,1,,BSE,1.000000,0,False
800703,GS22APR34,GS22APR34,,-1.000000,1,,BSE,1.000000,0,False
800707,GS22APR45,GS22APR45,,-1.000000,1,,BSE,1.000000,0,False
800709,GS12JUN47,GS12JUN47,,-1.000000,1,,BSE,1.000000,0,False
800722,GS22APR49E,GS22APR49E,,-1.000000,1,,BSE,1.000000,0,False
937807,97EFSL31A,97EFSL31A,,-1.000000,1,,BSE,1.000000,0,False
937861,925SCFL27,925SCFL27,,-1.000000,1,,BSE,1.000000,0,False
938019,MFLV29E,MFLV29E,,-1.000000,1,,BSE,1.000000,0,False
938214,975EFSL27,975EFSL27,,-1.000000,1,,BSE,1.000000,0,False
538633,NCAPBUILBG,NCAPBUILBG,,-1.000000,1,,BSE,1.000000,0,False
538646,QGO,QGO,,-1.000000,1,,BSE,1.000000,0,False
538666,SHARDACROP,SHARDACROP,,-1.000000,1,,BSE,5.000000,0,False
538707,RCCL,RCCL,,-1.000000,1,,BSE,1.000000,0,False
805123,364TB24926,364TB24926,,-1.000000,1,,BSE,1.000000,0,False
805132,364T151026,364T151026,,-1.000000,1,,BSE,1.000000,0,False
805183,364TB19227,364TB19227,,-1.000000,1,,BSE,1.000000,0,False
805186,364TB25227,364TB25227,,-1.000000,1,,BSE,1.000000,0,False
938216,EFSL27,EFSL27,,-1.000000,1,,BSE,1.000000,0,False
938218,965EFSL32,965EFSL32,,-1.000000,1,,BSE,1.000000,0,False
938222,79NHIT35,79NHIT35,,-1.000000,1,,BSE,1.000000,0,False
938348,95KFL27,95KFL27,,-1.000000,1,,BSE,1.000000,0,False
538794,JETSOLAR,JETSOLAR,,-1.000000,4000,,BSE,1.000000,0,False
538874,NEXUSSURGL,NEXUSSURGL,,-1.000000,1,,BSE,1.000000,0,False
538919,SKILVEN,SKILVEN,,-1.000000,1,,BSE,1.000000,0,False
538970,WARDINMOBI,WARDINMOBI,,-1.000000,1,,BSE,1.000000,0,False
800723,GS12DEC49F,GS12DEC49F,,-1.000000,1,,BSE,1.000000,0,False
800726,GS06NOV46,GS06NOV46,,-1.000000,1,,BSE,1.000000,0,False
800743,GS06MAY44,GS06MAY44,,-1.000000,1,,BSE,1.000000,0,False
800752,7466NOV73,7466NOV73,,-1.000000,1,,BSE,1.000000,0,False
805195,364TB19327,364TB19327,,-1.000000,1,,BSE,1.000000,0,False
805198,364TB26327,364TB26327,,-1.000000,1,,BSE,1.000000,0,False
805203,182T151026,182T151026,,-1.000000,1,,BSE,1.000000,0,False
805204,364TB15427,364TB15427,,-1.000000,1,,BSE,1.000000,0,False
539006,PTCIL,PTCIL,,-1.000000,1,,BSE,5.000000,0,False
539011,CHENFERRO,CHENFERRO,,-1.000000,1,,BSE,1.000000,0,False
539012,MEGRISOFT,MEGRISOFT,,-1.000000,1,,BSE,1.000000,0,False
539018,BEEKAY,BEEKAY,,-1.000000,1,,BSE,5.000000,0,False
938420,840MFL27,840MFL27,,-1.000000,1,,BSE,1.000000,0,False
938446,MFL23A,MFL23A,,-1.000000,1,,BSE,1.000000,0,False
938588,840CIFCL28,840CIFCL28,,-1.000000,1,,BSE,1.000000,0,False
938634,9IIFL28,9IIFL28,,-1.000000,1,,BSE,1.000000,0,False
805210,364TB29427,364TB29427,,-1.000000,1,,BSE,1.000000,0,False
805228,364TB10627,364TB10627,,-1.000000,1,,BSE,1.000000,0,False
805240,364TB08727,364TB08727,,-1.000000,1,,BSE,1.000000,0,False
805250,91TB051126,91TB051126,,-1.000000,1,,BSE,1.000000,0,False
539118,VRLLOG,VRLLOG,,-1.000000,1,,BSE,5.000000,0,False
539119,JAINMARMO,JAINMARMO,,-1.000000,1,,BSE,1.000000,0,False
539121,PALCO,PALCO,,-1.000000,1,,BSE,5.000000,0,False
539143,PANTH,PANTH,,-1.000000,1,,BSE,1.000000,0,False
800754,GS06MAY53,GS06MAY53,,-1.000000,1,,BSE,1.000000,0,False
800757,GS06NOV53,GS06NOV53,,-1.000000,1,,BSE,1.000000,0,False
800766,GS06MAY56,GS06MAY56,,-1.000000,1,,BSE,1.000000,0,False
800792,GS06MAY70,GS06MAY70,,-1.000000,1,,BSE,1.000000,0,False
938662,EFSL28A,EFSL28A,,-1.000000,1,,BSE,1.000000,0,False
938700,747PFCL33,747PFCL33,,-1.000000,1,,BSE,1.000000,0,False
938778,1010NIDO28,1010NIDO28,,-1.000000,1,,BSE,1.000000,0,False
938802,MFL28B,MFL28B,,-1.000000,1,,BSE,1.000000,0,False
805257,182TB18227,182TB18227,,-1.000000,1,,BSE,1.000000,0,False
805264,364TB02927,364TB02927,,-1.000000,1,,BSE,1.000000,0,False
810585,816GUJ2028,816GUJ2028,,-1.000000,1,,BSE,5.000000,0,False
810597,853RJSDL28,853RJSDL28,,-1.000000,1,,BSE,1.000000,0,False
539149,ICSL,ICSL,,-1.000000,1,,BSE,1.000000,0,False
539151,ARFIN,ARFIN,,-1.000000,1,,BSE,1.000000,0,False
539218,SAUMYA,SAUMYA,,-1.000000,1,,BSE,5.000000,0,False
539219,MUL,MUL,,-1.000000,1,,BSE,1.000000,0,False
800800,GS25NOV40,GS25NOV40,,-1.000000,1,,BSE,1.000000,0,False
805189,364TB40327,364TB40327,,-1.000000,1,,BSE,1.000000,0,False
805207,364TB22427,364TB22427,,-1.000000,1,,BSE,1.000000,0,False
805215,182T121126,182T121126,,-1.000000,1,,BSE,1.000000,0,False
539252,SHYAMCENT,SHYAMCENT,,-1.000000,1,,BSE,1.000000,0,False
539267,SAMSRITA,SAMSRITA,,-1.000000,1,,BSE,1.000000,0,False
539336,GUJENERGY,GUJENERGY,,-1.000000,1,,BSE,5.000000,0,False
539384,KRISHNACAP,KRISHNACAP,,-1.000000,1,,BSE,1.000000,0,False
539404,SATIN,SATIN,,-1.000000,1,,BSE,5.000000,0,False
539408,KUBERJI,KUBERJI,,-1.000000,1,,BSE,1.000000,0,False
539434,BRIPORT,BRIPORT,,-1.000000,1,,BSE,1.000000,0,False
539449,IGCIL,IGCIL,,-1.000000,1,,BSE,1.000000,0,False
805216,364TB13527,364TB13527,,-1.000000,1,,BSE,1.000000,0,False
805218,182T191126,182T191126,,-1.000000,1,,BSE,1.000000,0,False
805232,91TB24926,91TB24926,,-1.000000,1,,BSE,1.000000,0,False
805236,182T311226,182T311226,,-1.000000,1,,BSE,1.000000,0,False
810599,861GJSDL28,861GJSDL28,,-1.000000,1,,BSE,1.000000,0,False
810610,828GUJ2029,828GUJ2029,,-1.000000,1,,BSE,5.000000,0,False
810612,838GJSDL29,838GJSDL29,,-1.000000,1,,BSE,5.000000,0,False
810650,670RJ50,670RJ50,,-1.000000,1,,BSE,1.000000,0,False
938830,925SCL28C,925SCL28C,,-1.000000,1,,BSE,1.000000,0,False
938868,775MFLTD26,775MFLTD26,,-1.000000,1,,BSE,1.000000,0,False
938878,MFL26A,MFL26A,,-1.000000,1,,BSE,1.000000,0,False
938904,967EFSL28A,967EFSL28A,,-1.000000,1,,BSE,1.000000,0,False
539524,LALPATHLAB,LALPATHLAB,,-1.000000,1,,BSE,5.000000,0,False
539533,ELITECON,ELITECON,,-1.000000,1,,BSE,1.000000,0,False
539542,LUXIND,LUXIND,,-1.000000,1,,BSE,5.000000,0,False
539559,DEEPAI,DEEPAI,,-1.000000,1,,BSE,1.000000,0,False
805261,364TB27827,364TB27827,,-1.000000,1,,BSE,1.000000,0,False
810579,805GUJ2028,805GUJ2028,,-1.000000,1,,BSE,5.000000,0,False
810611,828GUJ2029A,828GUJ2029A,,-1.000000,1,,BSE,5.000000,0,False
810614,844RSDL29,844RSDL29,,-1.000000,1,,BSE,1.000000,0,False
810652,66TN29,66TN29,,-1.000000,1,,BSE,1.000000,0,False
810654,644GJ29,644GJ29,,-1.000000,1,,BSE,1.000000,0,False
810664,663KA30,663KA30,,-1.000000,1,,BSE,5.000000,0,False
810675,684GJ30,684GJ30,,-1.000000,1,,BSE,5.000000,0,False
938918,905MFL28,905MFL28,,-1.000000,1,,BSE,1.000000,0,False
938942,1150CCIL28,1150CCIL28,,-1.000000,1,,BSE,1.000000,0,False
938952,905PFL26,905PFL26,,-1.000000,1,,BSE,1.000000,0,False
938984,965SCL28A,965SCL28A,,-1.000000,1,,BSE,1.000000,0,False
539599,KEL,KEL,,-1.000000,1,,BSE,1.000000,0,False
539660,BESTAGRO,BESTAGRO,,-1.000000,1,,BSE,1.000000,0,False
539662,BFLAFL,BFLAFL,,-1.000000,1,,BSE,1.000000,0,False
539673,RCL,RCL,,-1.000000,1,,BSE,1.000000,0,False
810636,694TN50,694TN50,,-1.000000,1,,BSE,1.000000,0,False
810637,686UP30,686UP30,,-1.000000,1,,BSE,1.000000,0,False
810641,775TN30,775TN30,,-1.000000,1,,BSE,1.000000,0,False
810642,673TN30,673TN30,,-1.000000,1,,BSE,1.000000,0,False
810691,661MP37,661MP37,,-1.000000,1,,BSE,1.000000,0,False
810727,696TN56,696TN56,,-1.000000,1,,BSE,1.000000,0,False
810734,672GJ30,672GJ30,,-1.000000,1,,BSE,1.000000,0,False
810741,709KL36,709KL36,,-1.000000,1,,BSE,1.000000,0,False
539697,HILIKS,HILIKS,,-1.000000,1,,BSE,1.000000,0,False
539761,VKAL,VKAL,,-1.000000,1,,BSE,1.000000,0,False
539770,DARJEELING,DARJEELING,,-1.000000,1,,BSE,1.000000,0,False
539800,CHDCHEM,CHDCHEM,,-1.000000,1,,BSE,1.000000,0,False
938992,1050SCL30,1050SCL30,,-1.000000,1,,BSE,1.000000,0,False
939092,11MML28,11MML28,,-1.000000,1,,BSE,1.000000,0,False
939052,10ISFL26,10ISFL26,,-1.000000,1,,BSE,1.000000,0,False
939054,1003ISFL28,1003ISFL28,,-1.000000,1,,BSE,1.000000,0,False
539979,DIGJAMLMTD,DIGJAMLMTD,,-1.000000,1,,BSE,1.000000,0,False
539982,ASYL,ASYL,,-1.000000,1,,BSE,1.000000,0,False
539983,SIDH,SIDH,,-1.000000,1,,BSE,1.000000,0,False
539984,HIIL,HIIL,,-1.000000,1,,BSE,5.000000,0,False
810648,654RJ30,654RJ30,,-1.000000,1,,BSE,1.000000,0,False
810657,64KA31,64KA31,,-1.000000,1,,BSE,1.000000,0,False
810673,683GJ30,683GJ30,,-1.000000,1,,BSE,1.000000,0,False
810689,662KA32A,662KA32A,,-1.000000,1,,BSE,1.000000,0,False
810747,713RJ41,713RJ41,,-1.000000,1,,BSE,1.000000,0,False
810757,697TN31A,697TN31A,,-1.000000,1,,BSE,1.000000,0,False
810766,638MH27,638MH27,,-1.000000,1,,BSE,1.000000,0,False
810770,687RJ31,687RJ31,,-1.000000,1,,BSE,1.000000,0,False
939098,MML30,MML30,,-1.000000,1,,BSE,1.000000,0,False
939122,965SCL28B,965SCL28B,,-1.000000,1,,BSE,1.000000,0,False
939126,971SCL28B,971SCL28B,,-1.000000,1,,BSE,1.000000,0,False
939136,1075SCL33,1075SCL33,,-1.000000,1,,BSE,1.000000,0,False
539985,TITAANIUM,TITAANIUM,,-1.000000,1000,,BSE,1.000000,0,False
540025,ADVENZYMES,ADVENZYMES,,-1.000000,1,,BSE,5.000000,0,False
540063,ECS,ECS,,-1.000000,1,,BSE,1.000000,0,False
540066,AMS,AMS,,-1.000000,1,,BSE,1.000000,0,False
810696,707GJ31,707GJ31,,-1.000000,1,,BSE,1.000000,0,False
810718,705RJ31,705RJ31,,-1.000000,1,,BSE,1.000000,0,False
810719,684GJ31,684GJ31,,-1.000000,1,,BSE,1.000000,0,False
810723,687MH33,687MH33,,-1.000000,1,,BSE,1.000000,0,False
810772,691MH33,691MH33,,-1.000000,1,,BSE,5.000000,0,False
810773,691MH34,691MH34,,-1.000000,1,,BSE,1.000000,0,False
810793,671TN29,671TN29,,-1.000000,1,,BSE,1.000000,0,False
810803,707TN38,707TN38,,-1.000000,1,,BSE,1.000000,0,False
939138,980SCL33B,980SCL33B,,-1.000000,1,,BSE,1.000000,0,False
939146,93ARKA26,93ARKA26,,-1.000000,1,,BSE,1.000000,0,False
939164,10KFL28,10KFL28,,-1.000000,1,,BSE,1.000000,0,False
939166,KFLZC28C,KFLZC28C,,-1.000000,1,,BSE,1.000000,0,False
540082,RSTL,RSTL,,-1.000000,450,,BSE,5.000000,0,False
540132,SIIL,SIIL,,-1.000000,1,,BSE,1.000000,0,False
540199,CMBL,CMBL,,-1.000000,1,,BSE,1.000000,0,False
540203,SFL,SFL,,-1.000000,1,,BSE,5.000000,0,False
939168,KFLZC31,KFLZC31,,-1.000000,1,,BSE,1.000000,0,False
939190,920EFSL27,920EFSL27,,-1.000000,1,,BSE,1.000000,0,False
939200,EFSL29,EFSL29,,-1.000000,1,,BSE,1.000000,0,False
939278,SFL2722024,SFL2722024,,-1.000000,1,,BSE,1.000000,0,False
540254,MTPL,MTPL,,-1.000000,1,,BSE,1.000000,0,False
540402,MANAS,MANAS,,-1.000000,300,,BSE,5.000000,0,False
540425,SHANKARA,SHANKARA,,-1.000000,1,,BSE,5.000000,0,False
540570,VARIMAN,VARIMAN,,-1.000000,1,,BSE,1.000000,0,False
810736,707RJ46,707RJ46,,-1.000000,1,,BSE,1.000000,0,False
810744,704RJ36,704RJ36,,-1.000000,1,,BSE,1.000000,0,False
810754,678MH31,678MH31,,-1.000000,1,,BSE,1.000000,0,False
810771,684GJ31A,684GJ31A,,-1.000000,1,,BSE,1.000000,0,False
810813,724RJ32,724RJ32,,-1.000000,1,,BSE,1.000000,0,False
810836,74KL37,74KL37,,-1.000000,1,,BSE,1.000000,0,False
810847,770MH32,770MH32,,-1.000000,1,,BSE,1.000000,0,False
810859,785AP37,785AP37,,-1.000000,1,,BSE,1.000000,0,False
939280,SFL270224A,SFL270224A,,-1.000000,1,,BSE,1.000000,0,False
939307,NIDO010329,NIDO010329,,-1.000000,1,,BSE,1.000000,0,False
939327,CCI110324A,CCI110324A,,-1.000000,1,,BSE,1.000000,0,False
939381,1025SCL34,1025SCL34,,-1.000000,1,,BSE,1.000000,0,False
540648,PALASHSECU,PALASHSECU,,-1.000000,1,,BSE,1.000000,0,False
540654,GSTL,GSTL,,-1.000000,1,,BSE,1.000000,0,False
540669,NEXT50BETA,NEXT50BETA,,-1.000000,1,,BSE,1.000000,0,False
540737,SGRL,SGRL,,-1.000000,1,,BSE,5.000000,0,False
810781,714AP41A,714AP41A,,-1.000000,1,,BSE,1.000000,0,False
810783,703KA32,703KA32,,-1.000000,1,,BSE,1.000000,0,False
810789,708AP35,708AP35,,-1.000000,1,,BSE,1.000000,0,False
810797,692AP41,692AP41,,-1.000000,1,,BSE,1.000000,0,False
540768,MAHLOG,MAHLOG,,-1.000000,1,,BSE,5.000000,0,False
540769,NIACL,NIACL,,-1.000000,1,,BSE,5.000000,0,False
540786,SHARIKA,SHARIKA,,-1.000000,1,,BSE,1.000000,0,False
540879,APOLLO,APOLLO,,-1.000000,1,,BSE,5.000000,0,False
939425,1010EFS29,1010EFS29,,-1.000000,1,,BSE,1.000000,0,False
939429,EFS290424A,EFS290424A,,-1.000000,1,,BSE,1.000000,0,False
939441,1045EFS34A,1045EFS34A,,-1.000000,1,,BSE,1.000000,0,False
939473,91MOFSL27,91MOFSL27,,-1.000000,1,,BSE,1.000000,0,False
540914,SRUSTEELS,SRUSTEELS,,-1.000000,1,,BSE,1.000000,0,False
540980,YSL,YSL,,-1.000000,1,,BSE,5.000000,0,False
541006,ANGEL,ANGEL,,-1.000000,4000,,BSE,1.000000,0,False
541019,HGINFRA,HGINFRA,,-1.000000,1,,BSE,5.000000,0,False
810798,688KA32,688KA32,,-1.000000,1,,BSE,1.000000,0,False
810807,731KA35,731KA35,,-1.000000,1,,BSE,1.000000,0,False
810816,721RJ32,721RJ32,,-1.000000,1,,BSE,1.000000,0,False
810848,772MH34,772MH34,,-1.000000,1,,BSE,1.000000,0,False
810861,782GJ32,782GJ32,,-1.000000,1,,BSE,5.000000,0,False
810867,78TN32A,78TN32A,,-1.000000,1,,BSE,1.000000,0,False
810882,746MP32,746MP32,,-1.000000,1,,BSE,1.000000,0,False
810894,781UP34,781UP34,,-1.000000,1,,BSE,1.000000,0,False
939527,SCL310524A,SCL310524A,,-1.000000,1,,BSE,1.000000,0,False
939545,1025SCL34A,1025SCL34A,,-1.000000,1,,BSE,1.000000,0,False
939563,944ONE34,944ONE34,,-1.000000,1,,BSE,1.000000,0,False
939609,0SFL29A,0SFL29A,,-1.000000,1,,BSE,1.000000,0,False
541097,LIQUIDETF,LIQUIDETF,,-1.000000,1,,BSE,1.000000,0,False
541152,GOYALALUM,GOYALALUM,,-1.000000,1,,BSE,1.000000,0,False
541269,CHEMFAB,CHEMFAB,,-1.000000,1,,BSE,5.000000,0,False
541276,HARDWYN,HARDWYN,,-1.000000,1,,BSE,1.000000,0,False
939701,CCIL14824C,CCIL14824C,,-1.000000,1,,BSE,1.000000,0,False
939713,MML11924A,MML11924A,,-1.000000,1,,BSE,1.000000,0,False
939739,925MFCL27,925MFCL27,,-1.000000,1,,BSE,1.000000,0,False
939743,965MFCL30,965MFCL30,,-1.000000,1,,BSE,1.000000,0,False
541313,BSE500IETF,BSE500IETF,,-1.000000,1,,BSE,1.000000,0,False
541402,AFFORDABLE,AFFORDABLE,,-1.000000,1,,BSE,5.000000,0,False
541418,NGIL,NGIL,,-1.000000,1,,BSE,1.000000,0,False
541702,ASHNI,ASHNI,,-1.000000,1,,BSE,1.000000,0,False
939755,MFCL16924,MFCL16924,,-1.000000,1,,BSE,1.000000,0,False
939777,902SCL27C,902SCL27C,,-1.000000,1,,BSE,1.000000,0,False
939779,948SCL27D,948SCL27D,,-1.000000,1,,BSE,1.000000,0,False
939797,1075SCL34C,1075SCL34C,,-1.000000,1,,BSE,1.000000,0,False
541809,NEXT50IETF,NEXT50IETF,,-1.000000,1,,BSE,1.000000,0,False
542025,SUNRETAIL,SUNRETAIL,,-1.000000,48000,,BSE,1.000000,0,False
542230,ABSLNN50ET,ABSLNN50ET,,-1.000000,1,,BSE,1.000000,0,False
542231,NILASPACES,NILASPACES,,-1.000000,1,,BSE,1.000000,0,False
810850,78GJ32,78GJ32,,-1.000000,1,,BSE,1.000000,0,False
810905,78TN42,78TN42,,-1.000000,1,,BSE,5.000000,0,False
939841,EFSL241024,EFSL241024,,-1.000000,1,,BSE,1.000000,0,False
939843,957EFSL27A,957EFSL27A,,-1.000000,1,,BSE,1.000000,0,False
939849,1004EFS29B,1004EFS29B,,-1.000000,1,,BSE,1.000000,0,False
939855,1050EFS29A,1050EFS29A,,-1.000000,1,,BSE,1.000000,0,False
810862,765GJ29,765GJ29,,-1.000000,1,,BSE,1.000000,0,False
810869,804AP37,804AP37,,-1.000000,1,,BSE,1.000000,0,False
810898,778MH30,778MH30,,-1.000000,1,,BSE,5.000000,0,False
810907,763TN47,763TN47,,-1.000000,1,,BSE,1.000000,0,False
810929,771GJ33,771GJ33,,-1.000000,1,,BSE,5.000000,0,False
810937,778TS34,778TS34,,-1.000000,1,,BSE,5.000000,0,False
542332,HIKLASS,HIKLASS,,-1.000000,1,,BSE,1.000000,0,False
542460,ANUP,ANUP,,-1.000000,1,,BSE,5.000000,0,False
542649,RVNL,RVNL,,-1.000000,1,,BSE,5.000000,0,True
542662,NXLI8Z,NXLI8Z,,-1.000000,1,,BSE,1.000000,0,False
542668,EVANS,EVANS,,-1.000000,1000,,BSE,1.000000,0,False
542770,ALPHALOGIC,ALPHALOGIC,,-1.000000,1,,BSE,1.000000,0,False
542802,GALACTICO,GALACTICO,,-1.000000,1,,BSE,1.000000,0,False
542830,IRCTC,IRCTC,,-1.000000,1,,BSE,5.000000,0,False
810920,762TN43,762TN43,,-1.000000,1,,BSE,5.000000,0,False
810934,769MH31,769MH31,,-1.000000,1,,BSE,5.000000,0,False
810940,749GJ28,749GJ28,,-1.000000,1,,BSE,1.000000,0,False
810945,738GJ30,738GJ30,,-1.000000,1,,BSE,1.000000,0,False
810947,739TN33,739TN33,,-1.000000,1,,BSE,1.000000,0,False
810948,727GJ31,727GJ31,,-1.000000,1,,BSE,1.000000,0,False
810952,735TN33,735TN33,,-1.000000,1,,BSE,1.000000,0,False
810965,746MH33,746MH33,,-1.000000,1,,BSE,1.000000,0,False
542852,VISHWARAJ,VISHWARAJ,,-1.000000,1,,BSE,1.000000,0,False
542911,ASSAMENT,ASSAMENT,,-1.000000,1,,BSE,5.000000,0,False
543077,07QPR,07QPR,,-1.000000,1,,BSE,1.000000,0,False
543078,07ADD,07ADD,,-1.000000,1,,BSE,1.000000,0,False
810960,743TN43,743TN43,,-1.000000,1,,BSE,1.000000,0,False
810979,774KA34,774KA34,,-1.000000,1,,BSE,5.000000,0,False
810981,766GJ32,766GJ32,,-1.000000,1,,BSE,1.000000,0,False
810990,748MH35,748MH35,,-1.000000,1,,BSE,1.000000,0,False
939867,945MFCL29A,945MFCL29A,,-1.000000,1,,BSE,1.000000,0,False
939907,MML191124,MML191124,,-1.000000,1,,BSE,1.000000,0,False
939929,ICLF021224,ICLF021224,,-1.000000,1,,BSE,1.000000,0,False
939931,1175ICLF26,1175ICLF26,,-1.000000,1,,BSE,1.000000,0,False
810967,77KA33,77KA33,,-1.000000,1,,BSE,1.000000,0,False
810970,765TN30,765TN30,,-1.000000,1,,BSE,1.000000,0,False
810977,767GA33A,767GA33A,,-1.000000,1,,BSE,1.000000,0,False
810992,744TS46,744TS46,,-1.000000,1,,BSE,1.000000,0,False
543098,UTCRFS2DQR,UTCRFS2DQR,,-1.000000,1,,BSE,1.000000,0,False
543114,UTCRFS2RHR,UTCRFS2RHR,,-1.000000,1,,BSE,1.000000,0,False
543122,UTMTFS2DAP,UTMTFS2DAP,,-1.000000,1,,BSE,1.000000,0,False
543125,UTMTFS2DHR,UTMTFS2DHR,,-1.000000,1,,BSE,1.000000,0,False
939945,1025KLMA26,1025KLMA26,,-1.000000,1,,BSE,1.000000,0,False
940005,99SCL27V,99SCL27V,,-1.000000,1,,BSE,1.000000,0,False
940013,965SCL29S,965SCL29S,,-1.000000,1,,BSE,1.000000,0,False
940023,1003SCL31P,1003SCL31P,,-1.000000,1,,BSE,1.000000,0,False
810995,736KA34,736KA34,,-1.000000,1,,BSE,1.000000,0,False
810996,737KA37,737KA37,,-1.000000,1,,BSE,1.000000,0,False
811008,743TGNSDL41,743TGNSDL41,,-1.000000,1,,BSE,1.000000,0,False
811017,736RJSDL46,736RJSDL46,,-1.000000,1,,BSE,1.000000,0,False
811031,722RJSDL34,722RJSDL34,,-1.000000,1,,BSE,1.000000,0,False
811033,722MHSDL49,722MHSDL49,,-1.000000,1,,BSE,1.000000,0,False
811035,723MHSDL35,723MHSDL35,,-1.000000,1,,BSE,1.000000,0,False
811037,726MHSDL50,726MHSDL50,,-1.000000,1,,BSE,1.000000,0,False
543136,UTMTFS2RHR,UTMTFS2RHR,,-1.000000,1,,BSE,1.000000,0,False
543149,08BPB,08BPB,,-1.000000,1,,BSE,1.000000,0,False
543163,10ADD,10ADD,,-1.000000,1,,BSE,1.000000,0,False
543168,08AQR,08AQR,,-1.000000,1,,BSE,1.000000,0,False
940031,1025SCL34Z,1025SCL34Z,,-1.000000,1,,BSE,1.000000,0,False
940041,NHF060124,NHF060124,,-1.000000,1,,BSE,1.000000,0,False
940069,MFL100125,MFL100125,,-1.000000,1,,BSE,1.000000,0,False
940073,MFL10125A,MFL10125A,,-1.000000,1,,BSE,1.000000,0,False
543171,ROJL,ROJL,,-1.000000,1,,BSE,1.000000,0,False
543193,DJML,DJML,,-1.000000,1,,BSE,1.000000,0,False
543209,BILLWIN,BILLWIN,,-1.000000,3000,,BSE,1.000000,0,False
543213,ROSSARI,ROSSARI,,-1.000000,1,,BSE,5.000000,0,False
811040,682GJSDL27,682GJSDL27,,-1.000000,1,,BSE,1.000000,0,False
811041,709RJSDL35,709RJSDL35,,-1.000000,1,,BSE,1.000000,0,False
811056,718MHSDL39,718MHSDL39,,-1.000000,1,,BSE,1.000000,0,False
811061,676MHSDL37,676MHSDL37,,-1.000000,1,,BSE,1.000000,0,False
811042,71KARSDL35,71KARSDL35,,-1.000000,1,,BSE,1.000000,0,False
811049,708TNSDL34,708TNSDL34,,-1.000000,1,,BSE,1.000000,0,False
811051,711GJSDL33,711GJSDL33,,-1.000000,1,,BSE,1.000000,0,False
811068,707TNSDL55,707TNSDL55,,-1.000000,1,,BSE,1.000000,0,False
940077,MFL10125C,MFL10125C,,-1.000000,1,,BSE,1.000000,0,False
940085,12CCIL30C,12CCIL30C,,-1.000000,1,,BSE,1.000000,0,False
940169,940MFLIV27,940MFLIV27,,-1.000000,1,,BSE,1.000000,0,False
940171,965MFLIV28,965MFLIV28,,-1.000000,1,,BSE,1.000000,0,False
543233,CHEMCON,CHEMCON,,-1.000000,1,,BSE,5.000000,0,False
543236,ATAM,ATAM,,-1.000000,1,,BSE,1.000000,0,False
543241,VGIL,VGIL,,-1.000000,1,,BSE,5.000000,0,False
543257,IRFC,IRFC,,-1.000000,1,,BSE,1.000000,0,True
811077,704MAHSD40,704MAHSD40,,-1.000000,1,,BSE,1.000000,0,False
811087,706GUJSD33,706GUJSD33,,-1.000000,1,,BSE,1.000000,0,False
811093,75TELSDL52,75TELSDL52,,-1.000000,1,,BSE,1.000000,0,False
811094,744TNSD55A,744TNSD55A,,-1.000000,1,,BSE,1.000000,0,False
811072,754RJSDL53,754RJSDL53,,-1.000000,1,,BSE,1.000000,0,False
811075,775WBSDL47,775WBSDL47,,-1.000000,1,,BSE,5.000000,0,False
811081,750MPSDL44,750MPSDL44,,-1.000000,1,,BSE,1.000000,0,False
811082,718MAHSD33,718MAHSD33,,-1.000000,1,,BSE,1.000000,0,False
940179,MFL24225A,MFL24225A,,-1.000000,1,,BSE,1.000000,0,False
940187,925SCL27A,925SCL27A,,-1.000000,1,,BSE,1.000000,0,False
940195,SCL19325A,SCL19325A,,-1.000000,1,,BSE,1.000000,0,False
940199,990SCL28,990SCL28,,-1.000000,1,,BSE,1.000000,0,False
543261,BIRET,BIRET,,-1.000000,1,,BSE,1.000000,0,False
543266,HERANBA,HERANBA,,-1.000000,1,,BSE,5.000000,0,False
543269,ADJIA,ADJIA,,-1.000000,1600,,BSE,1.000000,0,False
543280,NAZARA,NAZARA,,-1.000000,1,,BSE,5.000000,0,False
811103,754MPSDL46,754MPSDL46,,-1.000000,1,,BSE,1.000000,0,False
811120,762MPSDL39,762MPSDL39,,-1.000000,1,,BSE,1.000000,0,False
811123,744KNSDL36,744KNSDL36,,-1.000000,1,,BSE,1.000000,0,False
811126,807TGSDL56,807TGSDL56,,-1.000000,1,,BSE,5.000000,0,False
811085,727MAHSD36,727MAHSD36,,-1.000000,1,,BSE,5.000000,0,False
811086,750APSDL45,750APSDL45,,-1.000000,1,,BSE,1.000000,0,False
811101,754RJSDL35,754RJSDL35,,-1.000000,1,,BSE,1.000000,0,False
811107,751KASDL36,751KASDL36,,-1.000000,1,,BSE,1.000000,0,False
940209,1015SCL30,1015SCL30,,-1.000000,1,,BSE,1.000000,0,False
940233,NHFL030425,NHFL030425,,-1.000000,1,,BSE,1.000000,0,False
940271,KFL150425B,KFL150425B,,-1.000000,1,,BSE,1.000000,0,False
940297,935IIFL28,935IIFL28,,-1.000000,1,,BSE,1.000000,0,False
543298,VINEETLAB,VINEETLAB,,-1.000000,1,,BSE,1.000000,0,False
543311,IPL,IPL,,-1.000000,1,,BSE,5.000000,0,False
543321,TATVA,TATVA,,-1.000000,1,,BSE,5.000000,0,False
543323,BFSI,BFSI,,-1.000000,1,,BSE,1.000000,0,False
811140,761MPSDL44,761MPSDL44,,-1.000000,1,,BSE,1.000000,0,False
811142,759UPSDL42,759UPSDL42,,-1.000000,1,,BSE,5.000000,0,False
811153,770TLSDL37,770TLSDL37,,-1.000000,1,,BSE,1.000000,0,False
811156,709MHSDL31,709MHSDL31,,-1.000000,1,,BSE,1.000000,0,False
940299,975IIFL28,975IIFL28,,-1.000000,1,,BSE,1.000000,0,False
940303,960IIFL30,960IIFL30,,-1.000000,1,,BSE,1.000000,0,False
940305,1025IIFL30,1025IIFL30,,-1.000000,1,,BSE,1.000000,0,False
940323,SMCGS24425,SMCGS24425,,-1.000000,1,,BSE,1.000000,0,False
504341,RELTD,RELTD,,-1.000000,1,,BSE,5.000000,0,False
543348,HEALTHAXIS,HEALTHAXIS,,-1.000000,1,,BSE,1.000000,0,False
543353,D60MS264RG,D60MS264RG,,-1.000000,1,,BSE,1.000000,0,False
543357,CONSUMAXIS,CONSUMAXIS,,-1.000000,1,,BSE,1.000000,0,False
543362,SFMP51DD,SFMP51DD,,-1.000000,1,,BSE,1.000000,0,False
811112,758TNSDL56,758TNSDL56,,-1.000000,1,,BSE,1.000000,0,False
811119,784TGSDL47,784TGSDL47,,-1.000000,1,,BSE,1.000000,0,False
811128,727MHSGS36,727MHSGS36,,-1.000000,1,,BSE,1.000000,0,False
811149,790MPSDL56,790MPSDL56,,-1.000000,1,,BSE,1.000000,0,False
912464,SMILCCD,SMILCCD,,-1.000000,1,,BSE,1.000000,0,False
929010,85LMC28,85LMC28,,-1.000000,7,,BSE,1.000000,0,False
503863,SHRMFGC,SHRMFGC,,-1.000000,1,,BSE,1.000000,0,False
940333,957EFSL28B,957EFSL28B,,-1.000000,1,,BSE,1.000000,0,False
940341,1050EFS30E,1050EFS30E,,-1.000000,1,,BSE,1.000000,0,False
940371,1250ICL30E,1250ICL30E,,-1.000000,1,,BSE,1.000000,0,False
940381,1225ICL28G,1225ICL28G,,-1.000000,1,,BSE,1.000000,0,False
543365,MASPTOP50,MASPTOP50,,-1.000000,1,,BSE,1.000000,0,False
543369,SFMP52DR,SFMP52DR,,-1.000000,1,,BSE,1.000000,0,False
543384,NYKAA,NYKAA,,-1.000000,1,,BSE,5.000000,0,True
543385,NHIT,NHIT,,-1.000000,25000,,BSE,1.000000,0,False
504346,RRP,RRP,,-1.000000,1,,BSE,5.000000,0,False
504392,KRISHNA,KRISHNA,,-1.000000,1,,BSE,1.000000,0,False
504746,INLCM,INLCM,,-1.000000,1,,BSE,5.000000,0,False
505032,AUTOPRD,AUTOPRD,,-1.000000,1,,BSE,1.000000,0,False
811150,77TAMSDL51,77TAMSDL51,,-1.000000,1,,BSE,1.000000,0,False
890231,ANIRITPP,ANIRITPP,,-1.000000,1,,BSE,1.000000,0,False
929018,810GNN30,810GNN30,,-1.000000,7,,BSE,1.000000,0,False
929023,807PNN29,807PNN29,,-1.000000,1,,BSE,1.000000,0,False
940385,9MFL27B,9MFL27B,,-1.000000,1,,BSE,1.000000,0,False
940397,99MFL30,99MFL30,,-1.000000,1,,BSE,1.000000,0,False
940413,113CCIL28C,113CCIL28C,,-1.000000,1,,BSE,1.000000,0,False
940423,925NHFL27,925NHFL27,,-1.000000,1,,BSE,1.000000,0,False
543388,EQUAL50ADD,EQUAL50ADD,,-1.000000,1,,BSE,1.000000,0,False
543389,SIGACHI,SIGACHI,,-1.000000,1,,BSE,1.000000,0,False
543396,PAYTM,PAYTM,,-1.000000,1,,BSE,5.000000,0,True
543398,LATENTVIEW,LATENTVIEW,,-1.000000,1,,BSE,5.000000,0,False
940427,957NHFL28,957NHFL28,,-1.000000,1,,BSE,1.000000,0,False
940449,940MFCL31,940MFCL31,,-1.000000,1,,BSE,1.000000,0,False
940453,945MFCL28,945MFCL28,,-1.000000,1,,BSE,1.000000,0,False
940455,970MFCL30,970MFCL30,,-1.000000,1,,BSE,1.000000,0,False
543417,RATEGAIN,RATEGAIN,,-1.000000,1,,BSE,5.000000,0,False
543426,METROBRAND,METROBRAND,,-1.000000,1,,BSE,5.000000,0,False
543437,MONQ50,MONQ50,,-1.000000,1,,BSE,1.000000,0,False
543441,CMSINFO,CMSINFO,,-1.000000,1,,BSE,5.000000,0,False
935544,734REC30,734REC30,,-1.000000,1,,BSE,1.000000,0,False
936132,925ECL28,925ECL28,,-1.000000,1,,BSE,1.000000,0,False
505302,LAKSHMIEW,LAKSHMIEW,,-1.000000,1,,BSE,5.000000,0,False
505520,ZHEMHOLD,ZHEMHOLD,,-1.000000,1,,BSE,5.000000,0,False
505594,MULTIIN,MULTIIN,,-1.000000,1,,BSE,1.000000,0,False
505712,HIMTEK,HIMTEK,,-1.000000,1,,BSE,5.000000,0,False
935612,749IREDA31,749IREDA31,,-1.000000,1,,BSE,1.000000,0,False
935682,764IRFC31,764IRFC31,,-1.000000,1,,BSE,1.000000,0,False
940463,MFCL16725B,MFCL16725B,,-1.000000,1,,BSE,1.000000,0,False
940485,10KFL28C,10KFL28C,,-1.000000,1,,BSE,1.000000,0,False
940499,KFL240725D,KFL240725D,,-1.000000,1,,BSE,1.000000,0,False
940507,EFSL24725,EFSL24725,,-1.000000,1,,BSE,1.000000,0,False
543454,MAKEINDIA,MAKEINDIA,,-1.000000,1,,BSE,1.000000,0,False
543461,SSTL,SSTL,,-1.000000,5000,,BSE,1.000000,0,False
543463,MANYAVAR,MANYAVAR,,-1.000000,1,,BSE,5.000000,0,False
543467,SFMP60DR,SFMP60DR,,-1.000000,1,,BSE,1.000000,0,False
936326,930SFL28,930SFL28,,-1.000000,1,,BSE,1.000000,0,False
936384,1025JFCS28,1025JFCS28,,-1.000000,1,,BSE,1.000000,0,False
936414,935MMFSL29,935MMFSL29,,-1.000000,1,,BSE,1.000000,0,False
936528,935LTF29,935LTF29,,-1.000000,1,,BSE,1.000000,0,False
505800,RANEHOLDIN,RANEHOLDIN,,-1.000000,1,,BSE,5.000000,0,False
505827,SNL,SNL,,-1.000000,1,,BSE,5.000000,0,False
506024,HVL,HVL,,-1.000000,50,,BSE,5.000000,0,False
506120,ALNATRD,ALNATRD,,-1.000000,50,,BSE,1.000000,0,False
940517,1003EFSL35,1003EFSL35,,-1.000000,1,,BSE,1.000000,0,False
940521,105EFSL35,105EFSL35,,-1.000000,1,,BSE,1.000000,0,False
940579,902SCL30,902SCL30,,-1.000000,1,,BSE,1.000000,0,False
940581,925SCL30,925SCL30,,-1.000000,1,,BSE,1.000000,0,False
543470,SOFTTECH,SOFTTECH,,-1.000000,1,,BSE,5.000000,0,False
543477,NIMFHKAG,NIMFHKAG,,-1.000000,1,,BSE,1.000000,0,False
543480,GSEC5IETF,GSEC5IETF,,-1.000000,1,,BSE,1.000000,0,False
543482,EUREKAFORB,EUREKAFORB,,-1.000000,1,,BSE,5.000000,0,False
936530,884LTF29,884LTF29,,-1.000000,1,,BSE,1.000000,0,False
936722,995ECL29A,995ECL29A,,-1.000000,1,,BSE,1.000000,0,False
936744,MFLZC26A,MFLZC26A,,-1.000000,1,,BSE,1.000000,0,False
937169,MVAF27,MVAF27,,-1.000000,1,,BSE,1.000000,0,False
506146,VIVIDHA,VIVIDHA,,-1.000000,1,,BSE,1.000000,0,False
506162,TERRAFORM,TERRAFORM,,-1.000000,50,,BSE,1.000000,0,False
506184,KANANIIND,KANANIIND,,-1.000000,1,,BSE,1.000000,0,False
506186,GSLTD,GSLTD,,-1.000000,1,,BSE,1.000000,0,False
940585,925SCL30A,925SCL30A,,-1.000000,1,,BSE,1.000000,0,False
940613,IFL200825B,IFL200825B,,-1.000000,1,,BSE,1.000000,0,False
940627,SFL290825D,SFL290825D,,-1.000000,1,,BSE,1.000000,0,False
940635,9MML27A,9MML27A,,-1.000000,1,,BSE,1.000000,0,False
543488,H1861D46RQ,H1861D46RQ,,-1.000000,1,,BSE,1.000000,0,False
543501,MOLOWVOL,MOLOWVOL,,-1.000000,1,,BSE,1.000000,0,False
543536,SILVERPRL,SILVERPRL,,-1.000000,8000,,BSE,1.000000,0,False
543540,PGCRL,PGCRL,,-1.000000,600,,BSE,5.000000,0,False
937419,MFLZC27C,MFLZC27C,,-1.000000,1,,BSE,1.000000,0,False
937441,9MFL27A,9MFL27A,,-1.000000,1,,BSE,1.000000,0,False
937457,IIFLZC28,IIFLZC28,,-1.000000,1,,BSE,1.000000,0,False
937527,77IGT28,77IGT28,,-1.000000,1,,BSE,1.000000,0,False
940739,KFL101125C,KFL101125C,,-1.000000,1,,BSE,1.000000,0,False
940747,1090CCIL27,1090CCIL27,,-1.000000,1,,BSE,1.000000,0,False
940767,ICLF021225,ICLF021225,,-1.000000,1,,BSE,1.000000,0,False
940781,EFSL121225,EFSL121225,,-1.000000,1,,BSE,1.000000,0,False
506313,SASHWAT,SASHWAT,,-1.000000,50,,BSE,5.000000,0,False
506373,CITURGIA,CITURGIA,,-1.000000,1,,BSE,5.000000,0,False
506520,JAYCH,JAYCH,,-1.000000,1,,BSE,1.000000,0,False
506579,AGVENTURES,AGVENTURES,,-1.000000,1,,BSE,5.000000,0,False
543573,SYRMA,SYRMA,,-1.000000,1,,BSE,5.000000,0,False
543614,TIPSFILMS,TIPSFILMS,,-1.000000,1,,BSE,5.000000,0,False
543623,VEDANTASSET,VEDANTASSET,,-1.000000,1500,,BSE,1.000000,0,False
543644,INFOBEAN,INFOBEAN,,-1.000000,1,,BSE,5.000000,0,False
937531,749IGT28,749IGT28,,-1.000000,1,,BSE,1.000000,0,False
937581,9PFL31A,9PFL31A,,-1.000000,1,,BSE,1.000000,0,False
937703,KFLZC28B,KFLZC28B,,-1.000000,1,,BSE,1.000000,0,False
937707,820JMFPL26,820JMFPL26,,-1.000000,1,,BSE,1.000000,0,False
940793,EFS121225A,EFS121225A,,-1.000000,1,,BSE,1.000000,0,False
940803,985KAFL27A,985KAFL27A,,-1.000000,1,,BSE,1.000000,0,False
940843,860AEL28,860AEL28,,-1.000000,1,,BSE,1.000000,0,False
940847,848AEL29,848AEL29,,-1.000000,1,,BSE,1.000000,0,False
543720,KFINTECH,KFINTECH,,-1.000000,1,,BSE,5.000000,0,True
543746,LOGICA,LOGICA,,-1.000000,600,,BSE,5.000000,0,False
543747,KAMOPAINTS,KAMOPAINTS,,-1.000000,1,,BSE,1.000000,0,False
543774,HDFCBSE500,HDFCBSE500,,-1.000000,1,,BSE,1.000000,0,False
937721,842IIFL26,842IIFL26,,-1.000000,1,,BSE,1.000000,0,False
937747,IML27,IML27,,-1.000000,1,,BSE,1.000000,0,False
937775,950MFL27,950MFL27,,-1.000000,1,,BSE,1.000000,0,False
938003,NIDO27,NIDO27,,-1.000000,1,,BSE,1.000000,0,False
940853,862AEL31,862AEL31,,-1.000000,1,,BSE,1.000000,0,False
940868,885MFL29,885MFL29,,-1.000000,1,,BSE,1.000000,0,False
940884,850KFL28,850KFL28,,-1.000000,1,,BSE,1.000000,0,False
940923,805NMC32,805NMC32,,-1.000000,1,,BSE,1.000000,0,False
506590,PCBL,PCBL,,-1.000000,1,,BSE,5.000000,0,False
506767,ALKYLAMINE,ALKYLAMINE,,-1.000000,1,,BSE,5.000000,0,False
506808,TUTIALKA,TUTIALKA,,-1.000000,1,,BSE,1.000000,0,False
506945,IGLFXPL-B,IGLFXPL-B,,-1.000000,50,,BSE,1.000000,0,False
543776,HDFCMID150,HDFCMID150,,-1.000000,1,,BSE,1.000000,0,False
543806,ITCONS,ITCONS,,-1.000000,200,,BSE,5.000000,0,False
543813,ABSLLIQUID,ABSLLIQUID,,-1.000000,1,,BSE,1.000000,0,False
543818,IPRU9736,IPRU9736,,-1.000000,1,,BSE,1.000000,0,False
938005,930NIDO32,930NIDO32,,-1.000000,1,,BSE,1.000000,0,False
938021,MFLVI32F,MFLVI32F,,-1.000000,1,,BSE,1.000000,0,False
938073,MFLV29,MFLV29,,-1.000000,1,,BSE,1.000000,0,False
938264,MFLV27,MFLV27,,-1.000000,1,,BSE,1.000000,0,False
506947,ADVPETR-B,ADVPETR-B,,-1.000000,1,,BSE,5.000000,0,False
507488,GMBREW,GMBREW,,-1.000000,1,,BSE,5.000000,0,False
507526,ASALCBR,ASALCBR,,-1.000000,1,,BSE,5.000000,0,False
507645,POLSON,POLSON,,-1.000000,1,,BSE,5.000000,0,False
940933,837IIFL28,837IIFL28,,-1.000000,1,,BSE,1.000000,0,False
940945,IIFL060326,IIFL060326,,-1.000000,1,,BSE,1.000000,0,False
940953,1275PCL30,1275PCL30,,-1.000000,1,,BSE,1.000000,0,False
940975,880EFSL29,880EFSL29,,-1.000000,1,,BSE,1.000000,0,False
543895,EXHICON,EXHICON,,-1.000000,250,,BSE,5.000000,0,False
543901,RHL,RHL,,-1.000000,1,,BSE,5.000000,0,False
543902,RETINA,RETINA,,-1.000000,2000,,BSE,1.000000,0,False
543911,ATALREAL,ATALREAL,,-1.000000,1,,BSE,1.000000,0,False
938290,775MFL27,775MFL27,,-1.000000,1,,BSE,1.000000,0,False
938316,894SCL27,894SCL27,,-1.000000,1,,BSE,1.000000,0,False
938384,9IIFL28A,9IIFL28A,,-1.000000,1,,BSE,1.000000,0,False
938508,1003SFIL28,1003SFIL28,,-1.000000,1,,BSE,1.000000,0,False
941011,MFL250326B,MFL250326B,,-1.000000,1,,BSE,1.000000,0,False
941015,10ICLFL027,10ICLFL027,,-1.000000,1,,BSE,1.000000,0,False
941019,11ICLF2029,11ICLF2029,,-1.000000,1,,BSE,1.000000,0,False
941037,880CGCL29,880CGCL29,,-1.000000,1,,BSE,1.000000,0,False
507833,COMPUPN,COMPUPN,,-1.000000,1,,BSE,1.000000,0,False
507878,UNITECH,UNITECH,,-1.000000,1,,BSE,1.000000,0,False
507880,VIPIND,VIPIND,,-1.000000,1,,BSE,5.000000,0,False
507917,EASTBUILD,EASTBUILD,,-1.000000,1,,BSE,1.000000,0,False
938512,890SFIL23A,890SFIL23A,,-1.000000,1,,BSE,1.000000,0,False
938706,755PFCL38,755PFCL38,,-1.000000,1,,BSE,1.000000,0,False
938716,84CIFCL28,84CIFCL28,,-1.000000,1,,BSE,1.000000,0,False
938760,1050KAFL28,1050KAFL28,,-1.000000,1,,BSE,1.000000,0,False
941055,885MFL28A,885MFL28A,,-1.000000,1,,BSE,1.000000,0,False
941085,KFL27526B,KFL27526B,,-1.000000,1,,BSE,1.000000,0,False
941087,1050MML27,1050MML27,,-1.000000,1,,BSE,1.000000,0,False
941101,865EFSL028,865EFSL028,,-1.000000,1,,BSE,1.000000,0,False
507960,GUJHOTE,GUJHOTE,,-1.000000,1,,BSE,5.000000,0,False
508869,APOLLOHOSP,APOLLOHOSP,,-1.000000,1,,BSE,5.000000,0,True
508941,PANCARBON,PANCARBON,,-1.000000,1,,BSE,5.000000,0,False
509040,NETLINK,NETLINK,,-1.000000,1,,BSE,5.000000,0,False
938776,967NIDO28,967NIDO28,,-1.000000,1,,BSE,1.000000,0,False
938790,905MFL28A,905MFL28A,,-1.000000,1,,BSE,1.000000,0,False
938842,888SCL25D,888SCL25D,,-1.000000,1,,BSE,1.000000,0,False
938848,980SCL33A,980SCL33A,,-1.000000,1,,BSE,1.000000,0,False
941125,1275PCL31,1275PCL31,,-1.000000,1,,BSE,1.000000,0,False
941143,MFL070726,MFL070726,,-1.000000,1,,BSE,1.000000,0,False
941151,1025CCIL28,1025CCIL28,,-1.000000,1,,BSE,1.000000,0,False
941173,10PDL31,10PDL31,,-1.000000,1,,BSE,1.000000,0,False
509053,BANASFN,BANASFN,,-1.000000,1,,BSE,1.000000,0,False
509449,BHAGWOX,BHAGWOX,,-1.000000,1,,BSE,1.000000,0,False
509480,BERGEPAINT,BERGEPAINT,,-1.000000,1,,BSE,5.000000,0,False
509488,GRAPHITE,GRAPHITE,,-1.000000,1,,BSE,5.000000,0,False
938910,10EFSL33A,10EFSL33A,,-1.000000,1,,BSE,1.000000,0,False
938922,927MFL26,927MFL26,,-1.000000,1,,BSE,1.000000,0,False
938924,944MFL28,944MFL28,,-1.000000,1,,BSE,1.000000,0,False
939012,984IFSL26,984IFSL26,,-1.000000,1,,BSE,1.000000,0,False
941175,1047PDL31,1047PDL31,,-1.000000,1,,BSE,1.000000,0,False
941183,IML24826A,IML24826A,,-1.000000,1,,BSE,1.000000,0,False
941193,115IML32,115IML32,,-1.000000,1,,BSE,1.000000,0,False
941223,10KFL030,10KFL030,,-1.000000,1,,BSE,1.000000,0,False
509675,BIRLANU,BIRLANU,,-1.000000,1,,BSE,5.000000,0,False
509760,MODRNSH,MODRNSH,,-1.000000,1,,BSE,1.000000,0,False
509887,SINNAR,SINNAR,,-1.000000,1,,BSE,5.000000,0,False
511116,QUADRANT,QUADRANT,,-1.000000,1,,BSE,1.000000,0,False
939030,12ICLFL26,12ICLFL26,,-1.000000,1,,BSE,1.000000,0,False
939094,MML28,MML28,,-1.000000,1,,BSE,1.000000,0,False
939206,825MFL27,825MFL27,,-1.000000,1,,BSE,1.000000,0,False
939214,850MFL29,850MFL29,,-1.000000,1,,BSE,1.000000,0,False
941231,95KAFL27,95KAFL27,,-1.000000,1,,BSE,1.000000,0,False
941247,11KAFL31,11KAFL31,,-1.000000,1,,BSE,1.000000,0,False
949470,848IIFC28B,848IIFC28B,,-1.000000,1,,BSE,1.000000,0,False
950201,1063IOT28B,1063IOT28B,,-1.000000,10,,BSE,1.000000,0,False
511501,BHARAT,BHARAT,,-1.000000,1,,BSE,1.000000,0,False
511557,PROFINC,PROFINC,,-1.000000,1,,BSE,1.000000,0,False
511644,OMEGAIN,OMEGAIN,,-1.000000,1,,BSE,1.000000,0,False
511740,RFL,RFL,,-1.000000,1,,BSE,5.000000,0,False
939224,85CIFC27,85CIFC27,,-1.000000,1,,BSE,1.000000,0,False
939242,975MFL29A,975MFL29A,,-1.000000,1,,BSE,1.000000,0,False
939311,1075NIDO34,1075NIDO34,,-1.000000,1,,BSE,1.000000,0,False
939321,1150CCIL29,1150CCIL29,,-1.000000,1,,BSE,1.000000,0,False
950220,1008IOT28E,1008IOT28E,,-1.000000,10,,BSE,1.000000,0,False
950497,872PFCL22A,872PFCL22A,,-1.000000,1,,BSE,1.000000,0,False
951523,893PGCIL27,893PGCIL27,,-1.000000,1,,BSE,1.000000,0,False
953066,93ELR28Y,93ELR28Y,,-1.000000,1,,BSE,1.000000,0,False
512091,GDIL,GDIL,,-1.000000,1,,BSE,1.000000,0,False
512153,MLINDLTD,MLINDLTD,,-1.000000,1,,BSE,1.000000,0,False
512165,ABANSENT,ABANSENT,,-1.000000,1,,BSE,1.000000,0,False
512169,CAPRICORN,CAPRICORN,,-1.000000,1,,BSE,1.000000,0,False
543912,PIGL,PIGL,,-1.000000,1,,BSE,5.000000,0,False
543929,HMAAGRO,HMAAGRO,,-1.000000,1,,BSE,1.000000,0,False
543934,MACIND,MACIND,,-1.000000,1,,BSE,5.000000,0,False
543936,SENCO,SENCO,,-1.000000,1,,BSE,5.000000,0,False
939369,1050SCFL31,1050SCFL31,,-1.000000,1,,BSE,1.000000,0,False
939445,915MFCL27,915MFCL27,,-1.000000,1,,BSE,1.000000,0,False
939461,MFCL30424A,MFCL30424A,,-1.000000,1,,BSE,1.000000,0,False
939479,935MOFSL29,935MOFSL29,,-1.000000,1,,BSE,1.000000,0,False
953434,840PGCIL29,840PGCIL29,,-1.000000,1,,BSE,1.000000,0,False
953438,840PGCI29A,840PGCI29A,,-1.000000,1,,BSE,1.000000,0,False
953490,739NHAI31,739NHAI31,,-1.000000,1,,BSE,1.000000,0,False
954723,813PGCIL28,813PGCIL28,,-1.000000,1,,BSE,1.000000,0,False
512257,SVARTCORP,SVARTCORP,,-1.000000,1,,BSE,1.000000,0,False
512279,NNTL,NNTL,,-1.000000,1,,BSE,1.000000,0,False
512329,SGMART,SGMART,,-1.000000,1,,BSE,5.000000,0,False
512377,MAGANTR,MAGANTR,,-1.000000,1,,BSE,1.000000,0,False
543937,ALPHAIND,ALPHAIND,,-1.000000,600,,BSE,5.000000,0,False
543941,AHASOLAR,AHASOLAR,,-1.000000,400,,BSE,1.000000,0,False
543972,AEROFLEX,AEROFLEX,,-1.000000,1,,BSE,5.000000,0,False
543997,ORGANICREC,ORGANICREC,,-1.000000,900,,BSE,5.000000,0,False
939543,98SCL34,98SCL34,,-1.000000,1,,BSE,1.000000,0,False
939557,955ONE27,955ONE27,,-1.000000,1,,BSE,1.000000,0,False
939619,10EFSL27,10EFSL27,,-1.000000,1,,BSE,1.000000,0,False
939699,CCIL14824B,CCIL14824B,,-1.000000,1,,BSE,1.000000,0,False
954725,813PGCIL30,813PGCIL30,,-1.000000,1,,BSE,1.000000,0,False
955027,869ILFSL26,869ILFSL26,,-1.000000,1000,,BSE,1.000000,0,False
955054,843LTF31,843LTF31,,-1.000000,1,,BSE,1.000000,0,False
955431,737NTPC31,737NTPC31,,-1.000000,1,,BSE,1.000000,0,False
544004,IRMENERGY,IRMENERGY,,-1.000000,1,,BSE,5.000000,0,False
544008,MAXESTATES,MAXESTATES,,-1.000000,1,,BSE,5.000000,0,False
544009,BLUEJET,BLUEJET,,-1.000000,1,,BSE,5.000000,0,False
544011,VPL,VPL,,-1.000000,1200,,BSE,1.000000,0,False
939793,1003SCL31A,1003SCL31A,,-1.000000,1,,BSE,1.000000,0,False
939863,9MFCL2026,9MFCL2026,,-1.000000,1,,BSE,1.000000,0,False
939865,925MFCL27A,925MFCL27A,,-1.000000,1,,BSE,1.000000,0,False
939913,10MM28,10MM28,,-1.000000,1,,BSE,1.000000,0,False
955697,722IREDA27,722IREDA27,,-1.000000,1,,BSE,1.000000,0,False
955852,790IWAI27,790IWAI27,,-1.000000,1,,BSE,1.000000,0,False
955992,1108HDFC27,1108HDFC27,,-1.000000,1,,BSE,1.000000,0,False
956177,150HDFCB27,150HDFCB27,,-1.000000,1,,BSE,1.000000,0,False
512379,CRSL,CRSL,,-1.000000,1,,BSE,1.000000,0,False
512393,SHARDUL,SHARDUL,,-1.000000,1,,BSE,1.000000,0,False
512404,BENGALS,BENGALS,,-1.000000,50,,BSE,1.000000,0,False
512437,APOLLOFI,APOLLOFI,,-1.000000,1,,BSE,5.000000,0,False
544020,ESAFSFB,ESAFSFB,,-1.000000,1,,BSE,1.000000,0,False
544022,ASKAUTOLTD,ASKAUTOLTD,,-1.000000,1,,BSE,5.000000,0,False
544044,INDIASHLTR,INDIASHLTR,,-1.000000,1,,BSE,5.000000,0,False
544045,DOMS,DOMS,,-1.000000,1,,BSE,5.000000,0,False
512439,ESQRMON,ESQRMON,,-1.000000,1,,BSE,1.000000,0,False
512519,DONEAR,DONEAR,,-1.000000,1,,BSE,1.000000,0,False
512553,ZENITHEXPO,ZENITHEXPO,,-1.000000,1,,BSE,5.000000,0,False
512565,NEELKANTH,NEELKANTH,,-1.000000,1,,BSE,1.000000,0,False
939949,1050KLMA27,1050KLMA27,,-1.000000,1,,BSE,1.000000,0,False
939965,KFL121224D,KFL121224D,,-1.000000,1,,BSE,1.000000,0,False
939999,SCL271224,SCL271224,,-1.000000,1,,BSE,1.000000,0,False
940007,902SCL27Q,902SCL27Q,,-1.000000,1,,BSE,1.000000,0,False
956597,850MRHF27B,850MRHF27B,,-1.000000,1,,BSE,1.000000,0,False
956607,766ABL27,766ABL27,,-1.000000,1,,BSE,1.000000,0,False
957196,845SFIL27A,845SFIL27A,,-1.000000,10,,BSE,1.000000,0,False
957385,925EFCL28,925EFCL28,,-1.000000,10,,BSE,1.000000,0,False
544046,INOXINDIA,INOXINDIA,,-1.000000,1,,BSE,5.000000,0,False
544079,DIGIDRIVE,DIGIDRIVE,,-1.000000,1,,BSE,1.000000,0,False
544083,SHREE,SHREE,,-1.000000,500,,BSE,1.000000,0,False
544088,MEDIASSIST,MEDIASSIST,,-1.000000,1,,BSE,5.000000,0,False
512595,KDGREEN,KDGREEN,,-1.000000,1,,BSE,1.000000,0,False
513023,NAVA,NAVA,,-1.000000,1,,BSE,5.000000,0,False
513119,ONIXSOLAR,ONIXSOLAR,,-1.000000,1,,BSE,5.000000,0,False
513269,MANINDS,MANINDS,,-1.000000,1,,BSE,5.000000,0,False
940017,925SCL29S,925SCL29S,,-1.000000,1,,BSE,1.000000,0,False
940047,NHF060125,NHF060125,,-1.000000,1,,BSE,1.000000,0,False
940099,EFSL240125,EFSL240125,,-1.000000,1,,BSE,1.000000,0,False
940103,10EFSL28,10EFSL28,,-1.000000,1,,BSE,1.000000,0,False
957402,794NABAR33,794NABAR33,,-1.000000,1,,BSE,1.000000,0,False
957445,85ABHF27,85ABHF27,,-1.000000,1,,BSE,1.000000,0,False
957468,842HDB28,842HDB28,,-1.000000,1,,BSE,1.000000,0,False
957765,865ILFS28B,865ILFS28B,,-1.000000,1000,,BSE,1.000000,0,False
544103,GILT5BETA,GILT5BETA,,-1.000000,1,,BSE,1.000000,0,False
544108,GPSL,GPSL,,-1.000000,600,,BSE,1.000000,0,False
544138,JGCHEM,JGCHEM,,-1.000000,1,,BSE,5.000000,0,False
544142,SCILAL,SCILAL,,-1.000000,1,,BSE,1.000000,0,False
513303,MDRNSTL,MDRNSTL,,-1.000000,1,,BSE,1.000000,0,False
513536,GNRL,GNRL,,-1.000000,1,,BSE,1.000000,0,False
513579,FFPL,FFPL,,-1.000000,1,,BSE,1.000000,0,False
514138,SURYALA,SURYALA,,-1.000000,1,,BSE,5.000000,0,False
544150,KPGEL,KPGEL,,-1.000000,250,,BSE,5.000000,0,False
544169,AMKAY,AMKAY,,-1.000000,2000,,BSE,1.000000,0,False
544186,TOTEM,TOTEM,,-1.000000,1,,BSE,5.000000,0,False
544195,COTFAB,COTFAB,,-1.000000,2000,,BSE,1.000000,0,False
940125,12ICLFL28,12ICLFL28,,-1.000000,1,,BSE,1.000000,0,False
940137,1225ICLF28,1225ICLF28,,-1.000000,1,,BSE,1.000000,0,False
940161,925MFLIV28,925MFLIV28,,-1.000000,1,,BSE,1.000000,0,False
940165,965MFLIV31,965MFLIV31,,-1.000000,1,,BSE,1.000000,0,False
957790,785PFCL28,785PFCL28,,-1.000000,1,,BSE,1.000000,0,False
957810,1015UPPC28,1015UPPC28,,-1.000000,1,,BSE,1.000000,0,False
958017,871WTGL34,871WTGL34,,-1.000000,1,,BSE,1.000000,0,False
958180,1032APCR28,1032APCR28,,-1.000000,5,,BSE,1.000000,0,False
514165,INDIANACRY,INDIANACRY,,-1.000000,1,,BSE,1.000000,0,False
514221,KLIFESTYL,KLIFESTYL,,-1.000000,1,,BSE,1.000000,0,False
514240,KUSHIND,KUSHIND,,-1.000000,1,,BSE,1.000000,0,False
514302,VIPPYSP,VIPPYSP,,-1.000000,1,,BSE,5.000000,0,False
544196,BBNPNBETF,BBNPNBETF,,-1.000000,1,,BSE,1.000000,0,False
544209,BANSALWIRE,BANSALWIRE,,-1.000000,1,,BSE,5.000000,0,False
544211,ABGSEC,ABGSEC,,-1.000000,1,,BSE,1.000000,0,False
544218,ABSLPSE,ABSLPSE,,-1.000000,1,,BSE,1.000000,0,False
958338,91LTF28,91LTF28,,-1.000000,1,,BSE,1.000000,0,False
958393,867PFCL28,867PFCL28,,-1.000000,1,,BSE,1.000000,0,False
958397,856REC28,856REC28,,-1.000000,1,,BSE,1.000000,0,False
958487,915ABCL28,915ABCL28,,-1.000000,1,,BSE,1.000000,0,False
514318,JATTAINDUS,JATTAINDUS,,-1.000000,1,,BSE,5.000000,0,False
514414,OXFORDIN,OXFORDIN,,-1.000000,1,,BSE,1.000000,0,False
515043,SEKURITIND,SEKURITIND,,-1.000000,1,,BSE,5.000000,0,False
516062,NATPLY,NATPLY,,-1.000000,1,,BSE,1.000000,0,False
940205,SCL190325,SCL190325,,-1.000000,1,,BSE,1.000000,0,False
940213,1050SCL32,1050SCL32,,-1.000000,1,,BSE,1.000000,0,False
940231,9SFL27A,9SFL27A,,-1.000000,1,,BSE,1.000000,0,False
940293,930IIFL27,930IIFL27,,-1.000000,1,,BSE,1.000000,0,False
544226,FIRSTCRY,FIRSTCRY,,-1.000000,1,,BSE,5.000000,0,False
544234,GLOBALE,GLOBALE,,-1.000000,1,,BSE,1.000000,0,False
544236,RAL,RAL,,-1.000000,1200,,BSE,1.000000,0,False
544237,RAPID,RAPID,,-1.000000,800,,BSE,5.000000,0,False
958523,851IREDA29,851IREDA29,,-1.000000,1,,BSE,1.000000,0,False
958616,923IREDA29,923IREDA29,,-1.000000,1,,BSE,1.000000,0,False
958659,835IRFC29,835IRFC29,,-1.000000,1,,BSE,1.000000,0,False
958675,897REC29,897REC29,,-1.000000,1,,BSE,1.000000,0,False
516110,FAMILYCARE,FAMILYCARE,,-1.000000,1,,BSE,1.000000,0,False
517044,IDM,IDM,,-1.000000,1,,BSE,1.000000,0,False
517063,JETKINGQ,JETKINGQ,,-1.000000,1,,BSE,5.000000,0,False
517096,APLAB,APLAB,,-1.000000,1,,BSE,1.000000,0,False
544240,RAYMONDLSL,RAYMONDLSL,,-1.000000,1,,BSE,5.000000,0,False
544244,GALAPREC,GALAPREC,,-1.000000,1,,BSE,5.000000,0,False
544268,METAL,METAL,,-1.000000,1,,BSE,1.000000,0,False
544270,KGVL,KGVL,,-1.000000,1200,,BSE,1.000000,0,False
940295,IIFL21425,IIFL21425,,-1.000000,1,,BSE,1.000000,0,False
940307,10UCL26,10UCL26,,-1.000000,1,,BSE,1.000000,0,False
940315,1050UCL28,1050UCL28,,-1.000000,1,,BSE,1.000000,0,False
940337,EFSL300425,EFSL300425,,-1.000000,1,,BSE,1.000000,0,False
958692,830IRFC29,830IRFC29,,-1.000000,1,,BSE,1.000000,0,False
958738,823IRFC29,823IRFC29,,-1.000000,1,,BSE,1.000000,0,False
958772,88RECL29,88RECL29,,-1.000000,1,,BSE,1.000000,0,False
958963,1023GHMC29,1023GHMC29,,-1.000000,1,,BSE,1.000000,0,False
517119,PCS,PCS,,-1.000000,1,,BSE,1.000000,0,False
517236,CALCOM,CALCOM,,-1.000000,1,,BSE,1.000000,0,False
517246,BCCFUBA,BCCFUBA,,-1.000000,1,,BSE,5.000000,0,False
517271,HBLENGINE,HBLENGINE,,-1.000000,1,,BSE,5.000000,0,False
940351,11EFSL35H,11EFSL35H,,-1.000000,1,,BSE,1.000000,0,False
940379,1175ICL27F,1175ICL27F,,-1.000000,1,,BSE,1.000000,0,False
940411,109CCIL27B,109CCIL27B,,-1.000000,1,,BSE,1.000000,0,False
940415,12CCIL30D,12CCIL30D,,-1.000000,1,,BSE,1.000000,0,False
958982,829REC34,829REC34,,-1.000000,1,,BSE,1.000000,0,False
958989,875THDC29,875THDC29,,-1.000000,1,,BSE,1.000000,0,False
959041,805HDFCB29,805HDFCB29,,-1.000000,1,,BSE,1.000000,0,False
959138,815PNB29,815PNB29,,-1.000000,1,,BSE,1.000000,0,False
544272,SHIVTEXCHEM,SHIVTEXCHEM,,-1.000000,400,,BSE,5.000000,0,False
544285,SWIGGY,SWIGGY,,-1.000000,1,,BSE,5.000000,0,True
544293,SURAKSHA,SURAKSHA,,-1.000000,1,,BSE,5.000000,0,False
544312,HAMPS,HAMPS,,-1.000000,4000,,BSE,1.000000,0,False
959153,757NABAR35,757NABAR35,,-1.000000,1,,BSE,1.000000,0,False
959193,738NHPC29,738NHPC29,,-1.000000,5,,BSE,1.000000,0,False
959210,754NHAI30,754NHAI30,,-1.000000,1,,BSE,1.000000,0,False
959213,7REC30,7REC30,,-1.000000,1,,BSE,1.000000,0,False
544319,SENORES,SENORES,,-1.000000,1,,BSE,5.000000,0,False
544336,QUADFUTURE,QUADFUTURE,,-1.000000,1,,BSE,5.000000,0,False
544348,GBLOGISTIC,GBLOGISTIC,,-1.000000,1200,,BSE,1.000000,0,False
544367,QPOWER,QPOWER,,-1.000000,1,,BSE,5.000000,0,False
517334,MOTHERSON,MOTHERSON,,-1.000000,1,,BSE,5.000000,0,True
517380,IGARASHI,IGARASHI,,-1.000000,1,,BSE,5.000000,0,False
517385,SYMPHONY,SYMPHONY,,-1.000000,1,,BSE,5.000000,0,False
517397,PANELEC,PANELEC,,-1.000000,1,,BSE,1.000000,0,False
940451,920MFCL27,920MFCL27,,-1.000000,1,,BSE,1.000000,0,False
940467,895AEL27,895AEL27,,-1.000000,1,,BSE,1.000000,0,False
940515,1025EFS30A,1025EFS30A,,-1.000000,1,,BSE,1.000000,0,False
940547,1025MML28,1025MML28,,-1.000000,1,,BSE,1.000000,0,False
959225,790BFL30,790BFL30,,-1.000000,1,,BSE,1.000000,0,False
959229,8BHFL35,8BHFL35,,-1.000000,1,,BSE,1.000000,0,False
959296,727NHAI35,727NHAI35,,-1.000000,1,,BSE,1.000000,0,False
959321,708IRFC30,708IRFC30,,-1.000000,1,,BSE,1.000000,0,False
517421,BUTTERFLY,BUTTERFLY,,-1.000000,1,,BSE,5.000000,0,False
517500,ROTO,ROTO,,-1.000000,1,,BSE,1.000000,0,False
519064,ZKHANDEN,ZKHANDEN,,-1.000000,1,,BSE,5.000000,0,False
519126,HNDFDS,HNDFDS,,-1.000000,1,,BSE,5.000000,0,False
544369,BEEZAASAN,BEEZAASAN,,-1.000000,800,,BSE,5.000000,0,False
544370,NUKLEUS,NUKLEUS,,-1.000000,600,,BSE,5.000000,0,False
544395,STLNETWORK,STLNETWORK,,-1.000000,1,,BSE,1.000000,0,False
544408,THELEELA,THELEELA,,-1.000000,1,,BSE,5.000000,0,False
940565,9SCL28,9SCL28,,-1.000000,1,,BSE,1.000000,0,False
940603,11IFL27,11IFL27,,-1.000000,1,,BSE,1.000000,0,False
940605,1150IFL28,1150IFL28,,-1.000000,1,,BSE,1.000000,0,False
940621,9SFL027A,9SFL027A,,-1.000000,1,,BSE,1.000000,0,False
544413,DIGITIDE,DIGITIDE,,-1.000000,1,,BSE,1.000000,0,False
544415,SNXT30BEES,SNXT30BEES,,-1.000000,1,,BSE,1.000000,0,False
544420,RAYMONDREL,RAYMONDREL,,-1.000000,1,,BSE,5.000000,0,False
544421,ELLEN,ELLEN,,-1.000000,1,,BSE,5.000000,0,False
519174,ASHAI,ASHAI,,-1.000000,1,,BSE,1.000000,0,False
519230,KISAAN,KISAAN,,-1.000000,1,,BSE,1.000000,0,False
519262,PRIMAGR,PRIMAGR,,-1.000000,1,,BSE,1.000000,0,False
519307,VIKASWSP,VIKASWSP,,-1.000000,1,,BSE,1.000000,0,False
940639,975MML28,975MML28,,-1.000000,1,,BSE,1.000000,0,False
940651,975NHFL28,975NHFL28,,-1.000000,1,,BSE,1.000000,0,False
940661,1003NHFL35,1003NHFL35,,-1.000000,1,,BSE,1.000000,0,False
940663,1050NHFL35,1050NHFL35,,-1.000000,1,,BSE,1.000000,0,False
544425,AJCJEWEL,AJCJEWEL,,-1.000000,1200,,BSE,5.000000,0,False
544426,ICON,ICON,,-1.000000,1200,,BSE,1.000000,0,False
544431,ACEALPHA,ACEALPHA,,-1.000000,1000,,BSE,5.000000,0,False
544434,NEETUYOSHI,NEETUYOSHI,,-1.000000,800,,BSE,5.000000,0,False
519367,TRANSFD,TRANSFD,,-1.000000,1,,BSE,5.000000,0,False
519397,SHINDL,SHINDL,,-1.000000,1,,BSE,5.000000,0,False
519421,KSE,KSE,,-1.000000,1,,BSE,5.000000,0,False
519471,AMBARPIL,AMBARPIL,,-1.000000,1,,BSE,5.000000,0,False
544470,MBEL,MBEL,,-1.000000,1,,BSE,5.000000,0,False
544476,JSLL,JSLL,,-1.000000,1,,BSE,5.000000,0,False
544481,KRT,KRT,,-1.000000,1,,BSE,1.000000,0,False
544489,LGT,LGT,,-1.000000,1200,,BSE,1.000000,0,False
940677,10EFSL30,10EFSL30,,-1.000000,1,,BSE,1.000000,0,False
940685,8SMC29,8SMC29,,-1.000000,1,,BSE,1.000000,0,False
940701,9IML26A,9IML26A,,-1.000000,1,,BSE,1.000000,0,False
940717,975SGSL27,975SGSL27,,-1.000000,1,,BSE,1.000000,0,False
519477,CIANAGRO,CIANAGRO,,-1.000000,1,,BSE,5.000000,0,False
519506,NCCBLUE,NCCBLUE,,-1.000000,100,,BSE,1.000000,0,False
520073,RACLGEAR,RACLGEAR,,-1.000000,1,,BSE,5.000000,0,False
520075,SAMKRG,SAMKRG,,-1.000000,1,,BSE,5.000000,0,False
544491,GEMAROMA,GEMAROMA,,-1.000000,1,,BSE,5.000000,0,False
544504,GOELCONS,GOELCONS,,-1.000000,400,,BSE,5.000000,0,False
544548,GPAPL,GPAPL,,-1.000000,1600,,BSE,1.000000,0,False
544567,INFINITY,INFINITY,,-1.000000,400,,BSE,5.000000,0,False
940725,98SGSL30,98SGSL30,,-1.000000,1,,BSE,1.000000,0,False
940761,11ICLFL27,11ICLFL27,,-1.000000,1,,BSE,1.000000,0,False
940795,967EFSL35,967EFSL35,,-1.000000,1,,BSE,1.000000,0,False
940799,950KAFL27,950KAFL27,,-1.000000,1,,BSE,1.000000,0,False
544576,LGEINDIA,LGEINDIA,,-1.000000,1,,BSE,5.000000,0,False
544579,ANANTAM,ANANTAM,,-1.000000,1,,BSE,1.000000,0,False
544584,SKM,SKM,,-1.000000,1000,,BSE,5.000000,0,False
544599,STUDDS,STUDDS,,-1.000000,1,,BSE,5.000000,0,False
520141,SIBARAUT,SIBARAUT,,-1.000000,1,,BSE,1.000000,0,False
521005,TITANIN,TITANIN,,-1.000000,1,,BSE,1.000000,0,False
521014,EUROTEXIND,EUROTEXIND,,-1.000000,1,,BSE,1.000000,0,False
521034,SOMATEX,SOMATEX,,-1.000000,1,,BSE,1.000000,0,False
940809,1025KAF028,1025KAF028,,-1.000000,1,,BSE,1.000000,0,False
940813,1075KAF30A,1075KAF30A,,-1.000000,1,,BSE,1.000000,0,False
940815,11KAFL2030,11KAFL2030,,-1.000000,1,,BSE,1.000000,0,False
940845,AEL12126,AEL12126,,-1.000000,1,,BSE,1.000000,0,False
521036,SOURCEIND,SOURCEIND,,-1.000000,1,,BSE,1.000000,0,False
521064,TRIDENT,TRIDENT,,-1.000000,1,,BSE,1.000000,0,False
521244,MKPMOB,MKPMOB,,-1.000000,1,,BSE,5.000000,0,False
522005,AUSTENG,AUSTENG,,-1.000000,1,,BSE,5.000000,0,False
544604,ENERGY,ENERGY,,-1.000000,1,,BSE,1.000000,0,False
544610,WORKMATES,WORKMATES,,-1.000000,600,,BSE,5.000000,0,False
544611,MAHALIFE,MAHALIFE,,-1.000000,1200,,BSE,5.000000,0,False
544613,UTLSOLAR,UTLSOLAR,,-1.000000,1,,BSE,5.000000,0,False
940859,837MFL28,837MFL28,,-1.000000,1,,BSE,1.000000,0,False
940919,805NMC30,805NMC30,,-1.000000,1,,BSE,1.000000,0,False
940921,805NMC31,805NMC31,,-1.000000,1,,BSE,1.000000,0,False
940941,885IIFL29,885IIFL29,,-1.000000,1,,BSE,1.000000,0,False
544630,HELLOJI,HELLOJI,,-1.000000,1200,,BSE,5.000000,0,False
522029,WINDMACHIN,WINDMACHIN,,-1.000000,1,,BSE,5.000000,0,False
522036,MIVENMACH,MIVENMACH,,-1.000000,1,,BSE,1.000000,0,False
522073,HITECHGEAR,HITECHGEAR,,-1.000000,1,,BSE,5.000000,0,False
522209,YOGISUNG,YOGISUNG,,-1.000000,1,,BSE,1.000000,0,False
544621,SSMD,SSMD,,-1.000000,1000,,BSE,1.000000,0,False
544623,MNFL,MNFL,,-1.000000,1200,,BSE,5.000000,0,False
544624,KKSILK,KKSILK,,-1.000000,3000,,BSE,1.000000,0,False
940961,1125CCIL29,1125CCIL29,,-1.000000,1,,BSE,1.000000,0,False
941007,MFL250326,MFL250326,,-1.000000,1,,BSE,1.000000,0,False
941017,105ICLF28,105ICLF28,,-1.000000,1,,BSE,1.000000,0,False
941041,893CGCL31,893CGCL31,,-1.000000,1,,BSE,1.000000,0,False
959352,74IREDA30,74IREDA30,,-1.000000,1,,BSE,1.000000,0,False
959457,68NHPCL27,68NHPCL27,,-1.000000,5,,BSE,1.000000,0,False
959459,68NHPCL29,68NHPCL29,,-1.000000,5,,BSE,1.000000,0,False
959478,768PFCL30,768PFCL30,,-1.000000,1,,BSE,1.000000,0,False
522249,MAYURUNIQ,MAYURUNIQ,,-1.000000,1,,BSE,5.000000,0,False
523011,WEIZMANIND,WEIZMANIND,,-1.000000,1,,BSE,1.000000,0,False
523113,FUTURSEC,FUTURSEC,,-1.000000,1,,BSE,1.000000,0,False
523127,EIHAHOTELS,EIHAHOTELS,,-1.000000,1,,BSE,5.000000,0,False
544634,AEQUS,AEQUS,,-1.000000,1,,BSE,5.000000,0,False
544637,METHODHUB,METHODHUB,,-1.000000,600,,BSE,1.000000,0,False
544646,SHIPWAVES,SHIPWAVES,,-1.000000,10000,,BSE,1.000000,0,False
544661,DIVIDEND,DIVIDEND,,-1.000000,1,,BSE,1.000000,0,False
941071,KFL27526,KFL27526,,-1.000000,1,,BSE,1.000000,0,False
941073,850KFL2028,850KFL2028,,-1.000000,1,,BSE,1.000000,0,False
941091,1075MM28,1075MM28,,-1.000000,1,,BSE,1.000000,0,False
941093,MML120626A,MML120626A,,-1.000000,1,,BSE,1.000000,0,False
959550,802IHFCL30,802IHFCL30,,-1.000000,2,,BSE,1.000000,0,False
959681,698NHAI35,698NHAI35,,-1.000000,1,,BSE,1.000000,0,False
959735,95MFL30,95MFL30,,-1.000000,1,,BSE,1.000000,0,False
959825,628PGCIL31,628PGCIL31,,-1.000000,1,,BSE,1.000000,0,False
544664,KSHINTL,KSHINTL,,-1.000000,1,,BSE,5.000000,0,False
544676,YAJUR,YAJUR,,-1.000000,800,,BSE,1.000000,0,False
544717,CLEANMAX,CLEANMAX,,-1.000000,1,,BSE,5.000000,0,False
544719,ABSL10BANK,ABSL10BANK,,-1.000000,1,,BSE,1.000000,0,False
523229,BHARATSE,BHARATSE,,-1.000000,1,,BSE,5.000000,0,False
523315,PURITY,PURITY,,-1.000000,1,,BSE,1.000000,0,False
523385,NILKAMAL,NILKAMAL,,-1.000000,1,,BSE,5.000000,0,False
523395,3MINDIA,3MINDIA,,-1.000000,1,,BSE,5.000000,0,False
941095,11MML29,11MML29,,-1.000000,1,,BSE,1.000000,0,False
941097,MML120626B,MML120626B,,-1.000000,1,,BSE,1.000000,0,False
941161,CCIL19826A,CCIL19826A,,-1.000000,1,,BSE,1.000000,0,False
941199,11ICLF29,11ICLF29,,-1.000000,1,,BSE,1.000000,0,False
959881,64ONGC31,64ONGC31,,-1.000000,1,,BSE,1.000000,0,False
959947,725REC30,725REC30,,-1.000000,1,,BSE,1.000000,0,False
959993,766LTF30,766LTF30,,-1.000000,1,,BSE,1.000000,0,False
960116,990FFSL27,990FFSL27,,-1.000000,1,,BSE,1.000000,0,False
544744,POWERICA,POWERICA,,-1.000000,1,,BSE,5.000000,0,False
544758,BAGMANE,BAGMANE,,-1.000000,1,,BSE,1.000000,0,False
544765,VPAL,VPAL,,-1.000000,1600,,BSE,5.000000,0,False
544767,AFLTD,AFLTD,,-1.000000,3000,,BSE,1.000000,0,False
960240,795LTF31,795LTF31,,-1.000000,5,,BSE,1.000000,0,False
960243,795LTF34,795LTF34,,-1.000000,5,,BSE,1.000000,0,False
960244,795LTF35,795LTF35,,-1.000000,5,,BSE,1.000000,0,False
960449,81RSOTB61,81RSOTB61,,-1.000000,1000,,BSE,1.000000,0,False
523574,FEL,FEL,,-1.000000,1,,BSE,1.000000,0,False
523660,WATERBASE,WATERBASE,,-1.000000,1,,BSE,1.000000,0,False
523736,DVL,DVL,,-1.000000,1,,BSE,5.000000,0,False
524000,POONAWALLA,POONAWALLA,,-1.000000,1,,BSE,5.000000,0,False
544788,PHLSRDI,PHLSRDI,,-1.000000,1,,BSE,1.000000,0,False
544795,SMALLIETF,SMALLIETF,,-1.000000,1,,BSE,1.000000,0,False
544804,RIYAASAT,RIYAASAT,,-1.000000,1200,,BSE,1.000000,0,False
544809,ADON,ADON,,-1.000000,2000,,BSE,1.000000,0,False
941207,ICLF25826A,ICLF25826A,,-1.000000,1,,BSE,1.000000,0,False
941229,KFL030926C,KFL030926C,,-1.000000,1,,BSE,1.000000,0,False
946831,935ILFS35,935ILFS35,,-1.000000,100,,BSE,1.000000,0,False
947001,1105SFL28,1105SFL28,,-1.000000,1,,BSE,1.000000,0,False
960478,686NHPC27,686NHPC27,,-1.000000,10,,BSE,1.000000,0,False
960483,686NHPC32,686NHPC32,,-1.000000,10,,BSE,1.000000,0,False
961717,PFCBT1S3,PFCBT1S3,,-1.000000,1,,BSE,1.000000,0,False
961753,736IIFCL28,736IIFCL28,,-1.000000,1,,BSE,1.000000,0,False
524019,KINGFA,KINGFA,,-1.000000,1,,BSE,5.000000,0,False
524156,TCMLMTD,TCMLMTD,,-1.000000,1,,BSE,1.000000,0,False
524342,INDOBORAX,INDOBORAX,,-1.000000,1,,BSE,5.000000,0,False
524396,BIOFILCHEM,BIOFILCHEM,,-1.000000,1,,BSE,1.000000,0,False
544825,ALPINETEX,ALPINETEX,,-1.000000,1,,BSE,1.000000,0,False
544837,INDOMIM,INDOMIM,,-1.000000,1,,BSE,5.000000,0,False
544839,LCL,LCL,,-1.000000,1,,BSE,5.000000,0,False
544847,MANIPALHOS,MANIPALHOS,,-1.000000,1,,BSE,5.000000,0,False
949156,1130SRSL24,1130SRSL24,,-1.000000,1,,BSE,1.000000,0,False
949250,10SFL28B,10SFL28B,,-1.000000,1,,BSE,1.000000,0,False
950214,1008IOT27B,1008IOT27B,,-1.000000,10,,BSE,1.000000,0,False
950218,1008IOT28C,1008IOT28C,,-1.000000,10,,BSE,1.000000,0,False
961770,702IIFCL28,702IIFCL28,,-1.000000,1,,BSE,1.000000,0,False
961771,708IIFCL33,708IIFCL33,,-1.000000,1,,BSE,1.000000,0,False
961791,879NHPC28,879NHPC28,,-1.000000,1,,BSE,1.000000,0,False
961800,854PFCL28,854PFCL28,,-1.000000,1,,BSE,1.000000,0,False
544853,JNPR,JNPR,,-1.000000,1,,BSE,5.000000,0,False
544861,SWARAJ,SWARAJ,,-1.000000,1,,BSE,5.000000,0,False
544863,LAPL,LAPL,,-1.000000,1200,,BSE,5.000000,0,False
544867,DHOOTTRANS,DHOOTTRANS,,-1.000000,1,,BSE,5.000000,0,False
524440,CAMEXLTD,CAMEXLTD,,-1.000000,1,,BSE,1.000000,0,False
524480,RIDDHI,RIDDHI,,-1.000000,1,,BSE,5.000000,0,False
524488,SVCIND,SVCIND,,-1.000000,1,,BSE,1.000000,0,False
524570,PODDARMENT,PODDARMENT,,-1.000000,1,,BSE,5.000000,0,False
961816,901HUDCO34,901HUDCO34,,-1.000000,1,,BSE,1.000000,0,False
961822,891IIFCL34,891IIFCL34,,-1.000000,1,,BSE,1.000000,0,False
961895,880IIFCL29,880IIFCL29,,-1.000000,1,,BSE,1.000000,0,False
972584,IFCI32,IFCI32,,-1.000000,4,,BSE,1.000000,0,False
544882,SHANKESH,SHANKESH,,-1.000000,1,,BSE,1.000000,0,False
544887,NIF500BETA,NIF500BETA,,-1.000000,1,,BSE,1.000000,0,False
544906,MOMSBELIEF,MOMSBELIEF,,-1.000000,1,,BSE,5.000000,0,False
544908,DOLLEX,DOLLEX,,-1.000000,1,,BSE,1.000000,0,False
952361,12 MFLS2,12 MFLS2,,-1.000000,10,,BSE,1.000000,0,False
953499,973LTF31,973LTF31,,-1.000000,1,,BSE,1.000000,0,False
953686,148KSDPL28,148KSDPL28,,-1.000000,1,,BSE,1.000000,0,False
954815,855LTF31,855LTF31,,-1.000000,1,,BSE,1.000000,0,False
524622,ISTRNETWK,ISTRNETWK,,-1.000000,1,,BSE,1.000000,0,False
524748,LINKPH,LINKPH,,-1.000000,1,,BSE,1.000000,0,False
526179,LUDLOWJUT,LUDLOWJUT,,-1.000000,1,,BSE,5.000000,0,False
526187,ASHRAM,ASHRAM,,-1.000000,1,,BSE,1.000000,0,False
972746,936IIFC42,936IIFC42,,-1.000000,1,,BSE,1.000000,0,False
972781,741IIFC32,741IIFC32,,-1.000000,1,,BSE,1.000000,0,False
972859,848IRFC28B,848IRFC28B,,-1.000000,1,,BSE,1.000000,0,False
972893,915PIFS27A,915PIFS27A,,-1.000000,1,,BSE,1.000000,0,False
590086,ORISSAMINE,ORISSAMINE,,-1.000000,1,,BSE,5.000000,0,False
590101,GOLDBETA,GOLDBETA,,-1.000000,1,,BSE,1.000000,0,False
590149,MOCAPITAL,MOCAPITAL,,-1.000000,1,,BSE,1.000000,0,False
590150,MOREALTY,MOREALTY,,-1.000000,1,,BSE,1.000000,0,False
955052,843LTF26,843LTF26,,-1.000000,1,,BSE,1.000000,0,False
955319,10SIDC26,10SIDC26,,-1.000000,1,,BSE,1.000000,0,False
955462,835KMIL26,835KMIL26,,-1.000000,1,,BSE,1.000000,0,False
955882,789PGCIL27,789PGCIL27,,-1.000000,1,,BSE,1.000000,0,False
590151,MOMENTUM50,MOMENTUM50,,-1.000000,1,,BSE,1.000000,0,False
590152,MODEFENCE,MODEFENCE,,-1.000000,1,,BSE,1.000000,0,False
590161,TATSILV,TATSILV,,-1.000000,1,,BSE,1.000000,0,False
710057,VALIANTOCPS,VALIANTOCPS,,-1.000000,10000,,BSE,1.000000,0,False
526315,DIVSHKT,DIVSHKT,,-1.000000,1,,BSE,1.000000,0,False
526397,ALPHAGEO,ALPHAGEO,,-1.000000,1,,BSE,5.000000,0,False
526433,ASMTEC,ASMTEC,,-1.000000,1,,BSE,5.000000,0,False
526508,SHAHISHIP,SHAHISHIP,,-1.000000,1,,BSE,1.000000,0,False
956338,1010PFL27,1010PFL27,,-1.000000,1,,BSE,1.000000,0,False
956577,724NHAI47,724NHAI47,,-1.000000,1,,BSE,1.000000,0,False
956666,950AFSL27,950AFSL27,,-1.000000,1,,BSE,1.000000,0,False
956863,925ECL27,925ECL27,,-1.000000,1,,BSE,1.000000,0,False
973085,777TPCL29,777TPCL29,,-1.000000,1,,BSE,1.000000,0,False
973086,777TPCL30,777TPCL30,,-1.000000,1,,BSE,1.000000,0,False
973201,920CIFCL31,920CIFCL31,,-1.000000,2,,BSE,1.000000,0,False
973223,699IRFC41,699IRFC41,,-1.000000,1,,BSE,1.000000,0,False
730534,MFL101125,MFL101125,,-1.000000,1,,BSE,1.000000,0,False
730600,IFPL181125,IFPL181125,,-1.000000,1,,BSE,1.000000,0,False
730739,KMP101225,KMP101225,,-1.000000,1,,BSE,1.000000,0,False
730905,BGHPL9126,BGHPL9126,,-1.000000,1,,BSE,1.000000,0,False
956909,850ECL27,850ECL27,,-1.000000,1,,BSE,1.000000,0,False
956922,727NABAR32,727NABAR32,,-1.000000,1,,BSE,1.000000,0,False
956948,780YES27,780YES27,,-1.000000,1,,BSE,1.000000,0,False
957070,16SSRHPL26,16SSRHPL26,,-1.000000,1,,BSE,1.000000,0,False
526554,SALGUTI,SALGUTI,,-1.000000,1,,BSE,1.000000,0,False
526622,MFLINDIA,MFLINDIA,,-1.000000,1,,BSE,1.000000,0,False
526666,BIL,BIL,,-1.000000,1,,BSE,5.000000,0,False
526799,UNQTYMI,UNQTYMI,,-1.000000,1,,BSE,1.000000,0,False
973232,91TCAPPERP,91TCAPPERP,,-1.000000,1,,BSE,1.000000,0,False
973273,905CIFCL31,905CIFCL31,,-1.000000,2,,BSE,1.000000,0,False
973383,1170SML27,1170SML27,,-1.000000,1,,BSE,1.000000,0,False
973666,692PFCL32,692PFCL32,,-1.000000,1,,BSE,1.000000,0,False
730924,NFL140126,NFL140126,,-1.000000,1,,BSE,1.000000,0,False
730925,KMPL16126,KMPL16126,,-1.000000,1,,BSE,1.000000,0,False
730949,360OA21126,360OA21126,,-1.000000,1,,BSE,1.000000,0,False
731012,BFL040226,BFL040226,,-1.000000,1,,BSE,1.000000,0,False
957144,754IRFC27,754IRFC27,,-1.000000,1,,BSE,1.000000,0,False
957209,975UPPCL27,975UPPCL27,,-1.000000,1,,BSE,1.000000,0,False
957253,935AFS27,935AFS27,,-1.000000,1,,BSE,1.000000,0,False
957393,775NABAR33,775NABAR33,,-1.000000,1,,BSE,1.000000,0,False
973752,775AGEUP31,775AGEUP31,,-1.000000,1,,BSE,1.000000,0,False
973844,717IIFCL32,717IIFCL32,,-1.000000,1,,BSE,1.000000,0,False
973871,605PGCIL27,605PGCIL27,,-1.000000,1,,BSE,1.000000,0,False
974033,840CFSL32,840CFSL32,,-1.000000,1,,BSE,1.000000,0,False
731043,MFL06226,MFL06226,,-1.000000,1,,BSE,1.000000,0,False
731051,BGHPL10226,BGHPL10226,,-1.000000,1,,BSE,1.000000,0,False
731056,OAAM10226,OAAM10226,,-1.000000,1,,BSE,1.000000,0,False
731070,ECLF10226,ECLF10226,,-1.000000,1,,BSE,1.000000,0,False
526887,INDOCRED,INDOCRED,,-1.000000,1,,BSE,1.000000,0,False
526945,TYROON,TYROON,,-1.000000,1,,BSE,1.000000,0,False
526987,URJA,URJA,,-1.000000,1,,BSE,1.000000,0,False
530001,GUJALKALI,GUJALKALI,,-1.000000,1,,BSE,5.000000,0,False
974037,875PNBPER,875PNBPER,,-1.000000,1,,BSE,1.000000,0,False
974060,820MMFSL32,820MMFSL32,,-1.000000,1,,BSE,1.000000,0,False
974111,872SFL32,872SFL32,,-1.000000,1,,BSE,1.000000,0,False
974139,788BOBPERP,788BOBPERP,,-1.000000,1,,BSE,1.000000,0,False
530023,THEINVEST,THEINVEST,,-1.000000,1,,BSE,1.000000,0,False
530065,LORDSHOTL,LORDSHOTL,,-1.000000,1,,BSE,1.000000,0,False
530093,ACEEDU,ACEEDU,,-1.000000,1,,BSE,1.000000,0,False
530109,ANUPAM,ANUPAM,,-1.000000,1,,BSE,1.000000,0,False
731131,OAAM180226,OAAM180226,,-1.000000,1,,BSE,1.000000,0,False
731138,GHFL180226,GHFL180226,,-1.000000,1,,BSE,1.000000,0,False
731177,GHF240226,GHF240226,,-1.000000,1,,BSE,1.000000,0,False
731187,ABHF240226,ABHF240226,,-1.000000,1,,BSE,1.000000,0,False
957691,828NABAR33,828NABAR33,,-1.000000,1,,BSE,1.000000,0,False
957809,1015UPPC27,1015UPPC27,,-1.000000,1,,BSE,1.000000,0,False
958166,980SCL28,980SCL28,,-1.000000,1,,BSE,1.000000,0,False
958306,2EARCL28,2EARCL28,,-1.000000,1,,BSE,1.000000,0,False
974151,714IOCL27,714IOCL27,,-1.000000,1,,BSE,1.000000,0,False
974334,807IIL32,807IIL32,,-1.000000,1,,BSE,1.000000,0,False
974338,137VRKPL47,137VRKPL47,,-1.000000,1,,BSE,1.000000,0,False
974347,858OPAL29,858OPAL29,,-1.000000,1,,BSE,1.000000,0,False
731198,GICHF26226,GICHF26226,,-1.000000,1,,BSE,1.000000,0,False
731320,FFSL12326,FFSL12326,,-1.000000,1,,BSE,1.000000,0,False
731327,BHFL120326,BHFL120326,,-1.000000,1,,BSE,1.000000,0,False
731353,AFL160326,AFL160326,,-1.000000,1,,BSE,1.000000,0,False
958438,865RIL28,865RIL28,,-1.000000,1,,BSE,1.000000,0,False
958502,106FEL26,106FEL26,,-1.000000,1,,BSE,1.000000,0,False
958518,84IRFC29,84IRFC29,,-1.000000,1,,BSE,1.000000,0,False
958531,837NHAI29,837NHAI29,,-1.000000,1,,BSE,1.000000,0,False
974396,763KMBL29,763KMBL29,,-1.000000,1,,BSE,1.000000,0,False
974407,795ABCL27,795ABCL27,,-1.000000,1,,BSE,1.000000,0,False
974429,754HPCL33,754HPCL33,,-1.000000,1,,BSE,1.000000,0,False
974430,747IRFC33,747IRFC33,,-1.000000,1,,BSE,1.000000,0,False
530129,NILE,NILE,,-1.000000,1,,BSE,5.000000,0,False
530173,OSCARGLO,OSCARGLO,,-1.000000,1,,BSE,1.000000,0,False
530217,SWOJAS,SWOJAS,,-1.000000,1,,BSE,1.000000,0,False
530219,NUTRICIRCLE,NUTRICIRCLE,,-1.000000,1,,BSE,5.000000,0,False
731425,IFSL30326,IFSL30326,,-1.000000,1,,BSE,1.000000,0,False
731427,SCSL020426,SCSL020426,,-1.000000,1,,BSE,1.000000,0,False
731459,TTL13426,TTL13426,,-1.000000,1,,BSE,1.000000,0,False
731496,TTL200426,TTL200426,,-1.000000,1,,BSE,1.000000,0,False
974439,734GIL27,734GIL27,,-1.000000,1,,BSE,1.000000,0,False
974465,815AFLPER,815AFLPER,,-1.000000,1,,BSE,1.000000,0,False
974527,769REC33,769REC33,,-1.000000,1,,BSE,1.000000,0,False
974559,794IREDA33,794IREDA33,,-1.000000,1,,BSE,1.000000,0,False
530235,KJMCFIN,KJMCFIN,,-1.000000,1,,BSE,1.000000,0,False
530253,RAJTUBE,RAJTUBE,,-1.000000,1,,BSE,1.000000,0,False
530271,RICHUNV,RICHUNV,,-1.000000,1,,BSE,1.000000,0,False
530305,PICCADIL,PICCADIL,,-1.000000,1,,BSE,5.000000,0,False
731500,CGCL20426,CGCL20426,,-1.000000,1,,BSE,1.000000,0,False
731544,BFL230426A,BFL230426A,,-1.000000,1,,BSE,1.000000,0,False
731632,KMPL110526,KMPL110526,,-1.000000,1,,BSE,1.000000,0,False
731684,FFSL15526,FFSL15526,,-1.000000,1,,BSE,1.000000,0,False
958553,829NABAR29,829NABAR29,,-1.000000,1,,BSE,1.000000,0,False
958568,854NABAR34,854NABAR34,,-1.000000,1,,BSE,1.000000,0,False
958588,858HUDC29A,858HUDC29A,,-1.000000,1,,BSE,1.000000,0,False
958625,10025IRTA2,10025IRTA2,,-1.000000,1,,BSE,1.000000,0,False
974573,815CFSPER,815CFSPER,,-1.000000,1,,BSE,1.000000,0,False
974594,770NABAR38,770NABAR38,,-1.000000,1,,BSE,1.000000,0,False
974597,759NHPCL37,759NHPCL37,,-1.000000,1,,BSE,1.000000,0,False
974611,764PFCL33,764PFCL33,,-1.000000,1,,BSE,1.000000,0,False
731696,FFSL19526,FFSL19526,,-1.000000,1,,BSE,1.000000,0,False
731758,EFL260526,EFL260526,,-1.000000,1,,BSE,1.000000,0,False
731915,MFL150626,MFL150626,,-1.000000,1,,BSE,1.000000,0,False
731939,NFL180626,NFL180626,,-1.000000,1,,BSE,1.000000,0,False
958646,862NABAR34,862NABAR34,,-1.000000,1,,BSE,1.000000,0,False
958944,818REC34,818REC34,,-1.000000,1,,BSE,1.000000,0,False
958945,87HDBPERP,87HDBPERP,,-1.000000,1,,BSE,1.000000,0,False
958972,75IRFC29,75IRFC29,,-1.000000,1,,BSE,1.000000,0,False
530355,ASIANENE,ASIANENE,,-1.000000,1,,BSE,5.000000,0,False
530361,PRABHHANS,PRABHHANS,,-1.000000,1,,BSE,1.000000,0,False
530377,NILAINFRA,NILAINFRA,,-1.000000,1,,BSE,1.000000,0,False
530401,VINYOFL,VINYOFL,,-1.000000,1,,BSE,1.000000,0,False
974625,18PAIPL28,18PAIPL28,,-1.000000,1,,BSE,1.000000,0,False
974667,769REC33A,769REC33A,,-1.000000,1,,BSE,1.000000,0,False
974682,785KMBL30,785KMBL30,,-1.000000,1,,BSE,1.000000,0,False
974690,83KIDFL28,83KIDFL28,,-1.000000,1,,BSE,1.000000,0,False
731941,BGHP190626,BGHP190626,,-1.000000,1,,BSE,1.000000,0,False
731942,CFHL18626,CFHL18626,,-1.000000,1,,BSE,1.000000,0,False
731954,GFL19626,GFL19626,,-1.000000,1,,BSE,1.000000,0,False
731958,360O19626B,360O19626B,,-1.000000,1,,BSE,1.000000,0,False
958980,825PFCL34,825PFCL34,,-1.000000,1,,BSE,1.000000,0,False
958981,77NHAI29,77NHAI29,,-1.000000,1,,BSE,1.000000,0,False
959033,783NABAR34,783NABAR34,,-1.000000,1,,BSE,1.000000,0,False
959036,741IOCL29,741IOCL29,,-1.000000,1,,BSE,1.000000,0,False
974698,752PGCIL33,752PGCIL33,,-1.000000,1,,BSE,1.000000,0,False
974716,770PFCL33,770PFCL33,,-1.000000,1,,BSE,1.000000,0,False
974730,825CFSL28,825CFSL28,,-1.000000,1,,BSE,1.000000,0,False
974763,960DIAL30,960DIAL30,,-1.000000,1,,BSE,1.000000,0,False
731970,360OP22626,360OP22626,,-1.000000,1,,BSE,1.000000,0,False
731999,OFSL250626,OFSL250626,,-1.000000,1,,BSE,1.000000,0,False
732004,KECIL29626,KECIL29626,,-1.000000,1,,BSE,1.000000,0,False
732009,KIL30626,KIL30626,,-1.000000,1,,BSE,1.000000,0,False
530457,GTTDATA,GTTDATA,,-1.000000,1,,BSE,1.000000,0,False
530517,RELAXO,RELAXO,,-1.000000,1,,BSE,5.000000,0,False
530533,TERAI,TERAI,,-1.000000,1,,BSE,5.000000,0,False
530547,KENFIN,KENFIN,,-1.000000,1,,BSE,1.000000,0,False
959096,13VRKPL44,13VRKPL44,,-1.000000,1,,BSE,1.000000,0,False
959159,755IRFC30,755IRFC30,,-1.000000,1,,BSE,1.000000,0,False
959162,7MRP130120,7MRP130120,,-1.000000,1,,BSE,1.000000,0,False
959228,7NABARD30,7NABARD30,,-1.000000,1,,BSE,1.000000,0,False
974777,955NHFL28,955NHFL28,,-1.000000,1,,BSE,1.000000,0,False
974854,1370AIP32B,1370AIP32B,,-1.000000,1,,BSE,1.000000,0,False
974863,9FFSL30,9FFSL30,,-1.000000,1,,BSE,1.000000,0,False
974873,840MHL33,840MHL33,,-1.000000,1,,BSE,1.000000,0,False
732012,CGCL30626,CGCL30626,,-1.000000,1,,BSE,1.000000,0,False
732025,GSIF010726,GSIF010726,,-1.000000,1,,BSE,1.000000,0,False
732045,ASL060726,ASL060726,,-1.000000,1,,BSE,1.000000,0,False
732065,360OAAML26,360OAAML26,,-1.000000,1,,BSE,1.000000,0,False
530577,LADDERUP,LADDERUP,,-1.000000,1,,BSE,1.000000,0,False
530675,YORKEXP,YORKEXP,,-1.000000,1,,BSE,1.000000,0,False
530689,LYKISLTD,LYKISLTD,,-1.000000,1,,BSE,1.000000,0,False
530871,CHEMBOND,CHEMBOND,,-1.000000,1,,BSE,5.000000,0,False
959285,713NHPCL27,713NHPCL27,,-1.000000,5,,BSE,1.000000,0,False
959288,713NHPCL30,713NHPCL30,,-1.000000,5,,BSE,1.000000,0,False
959353,77BHFL35,77BHFL35,,-1.000000,1,,BSE,1.000000,0,False
959412,15EPDPL30,15EPDPL30,,-1.000000,1,,BSE,1.000000,0,False
974900,775HDFCB33,775HDFCB33,,-1.000000,1,,BSE,1.000000,0,False
974905,91FSBFL26,91FSBFL26,,-1.000000,1,,BSE,1.000000,0,False
974944,774PNB38,774PNB38,,-1.000000,1,,BSE,1.000000,0,False
974959,849KIIFB32,849KIIFB32,,-1.000000,1,,BSE,1.000000,0,False
732067,BFSL9726,BFSL9726,,-1.000000,1,,BSE,1.000000,0,False
732125,JBCL220726,JBCL220726,,-1.000000,1,,BSE,1.000000,0,False
732134,TCL210726,TCL210726,,-1.000000,1,,BSE,1.000000,0,False
732144,IHFCL24726,IHFCL24726,,-1.000000,1,,BSE,1.000000,0,False
975000,EFCL28723A,EFCL28723A,,-1.000000,1,,BSE,1.000000,0,False
975091,850GPL28,850GPL28,,-1.000000,1,,BSE,1.000000,0,False
975116,GHFRESET28,GHFRESET28,,-1.000000,1,,BSE,1.000000,0,False
975128,875SHFL26,875SHFL26,,-1.000000,1,,BSE,1.000000,0,False
530899,ASIAPAK,ASIAPAK,,-1.000000,1,,BSE,1.000000,0,False
530961,VIKASECO,VIKASECO,,-1.000000,1,,BSE,1.000000,0,False
530973,ALFAICA,ALFAICA,,-1.000000,1,,BSE,1.000000,0,False
531043,ZDHJERK,ZDHJERK,,-1.000000,1,,BSE,1.000000,0,False
959458,68NHPCL28,68NHPCL28,,-1.000000,5,,BSE,1.000000,0,False
959552,755NEEPC28,755NEEPC28,,-1.000000,1,,BSE,1.000000,0,False
959666,81LTF30,81LTF30,,-1.000000,1,,BSE,1.000000,0,False
959754,857IIL30,857IIL30,,-1.000000,1,,BSE,1.000000,0,False
732148,ABHFL24726,ABHFL24726,,-1.000000,1,,BSE,1.000000,0,False
732153,FFSL24726,FFSL24726,,-1.000000,1,,BSE,1.000000,0,False
732167,APSE270726,APSE270726,,-1.000000,1,,BSE,1.000000,0,False
732190,VCL290726,VCL290726,,-1.000000,1,,BSE,1.000000,0,False
975164,769IIFC38,769IIFC38,,-1.000000,1,,BSE,1.000000,0,False
975168,82185KMI26,82185KMI26,,-1.000000,1,,BSE,1.000000,0,False
975184,78MTNL33A,78MTNL33A,,-1.000000,1,,BSE,1.000000,0,False
975191,771REC33,771REC33,,-1.000000,1,,BSE,1.000000,0,False
531065,OSWALOR,OSWALOR,,-1.000000,1,,BSE,5.000000,0,False
531127,MENAMANI,MENAMANI,,-1.000000,1,,BSE,1.000000,0,False
531161,ABMKNO,ABMKNO,,-1.000000,1,,BSE,5.000000,0,False
531203,TRADEWELL,TRADEWELL,,-1.000000,1,,BSE,1.000000,0,False
732196,AFL310726,AFL310726,,-1.000000,1,,BSE,1.000000,0,False
732198,IFPL310726,IFPL310726,,-1.000000,1,,BSE,1.000000,0,False
732200,OPL310726,OPL310726,,-1.000000,1,,BSE,1.000000,0,False
732204,JBCPL40826,JBCPL40826,,-1.000000,1,,BSE,1.000000,0,False
959799,629NTPC31,629NTPC31,,-1.000000,1,,BSE,1.000000,0,False
959820,688PFCL31,688PFCL31,,-1.000000,1,,BSE,1.000000,0,False
960004,704PFCL30,704PFCL30,,-1.000000,1,,BSE,1.000000,0,False
960039,679BSNL30,679BSNL30,,-1.000000,1,,BSE,1.000000,0,False
975200,892JMFPL26,892JMFPL26,,-1.000000,1,,BSE,1.000000,0,False
975234,774DDL38,774DDL38,,-1.000000,1,,BSE,1.000000,0,False
975236,1075MFSL29,1075MFSL29,,-1.000000,1,,BSE,1.000000,0,False
975246,950FSBFL26,950FSBFL26,,-1.000000,1,,BSE,1.000000,0,False
531207,CRESANTO,CRESANTO,,-1.000000,1,,BSE,1.000000,0,False
531221,MAYURFL,MAYURFL,,-1.000000,1,,BSE,1.000000,0,False
531253,INDGELA,INDGELA,,-1.000000,1,,BSE,5.000000,0,False
531254,OPTIFIN,OPTIFIN,,-1.000000,1,,BSE,1.000000,0,False
732205,IHFCL4826,IHFCL4826,,-1.000000,1,,BSE,1.000000,0,False
732223,IHFC6826,IHFC6826,,-1.000000,1,,BSE,1.000000,0,False
732224,BFL5826,BFL5826,,-1.000000,1,,BSE,1.000000,0,False
732227,MML5826,MML5826,,-1.000000,1,,BSE,1.000000,0,False
960121,705MTNL30,705MTNL30,,-1.000000,1,,BSE,1.000000,0,False
960152,81LTF34,81LTF34,,-1.000000,5,,BSE,1.000000,0,False
960281,7LKCP26B,7LKCP26B,,-1.000000,1,,BSE,1.000000,0,False
960463,95SFL31,95SFL31,,-1.000000,1,,BSE,1.000000,0,False
975257,990AUXI26A,990AUXI26A,,-1.000000,1,,BSE,1.000000,0,False
975264,975MFL28,975MFL28,,-1.000000,1,,BSE,1.000000,0,False
975267,895KIIFB27,895KIIFB27,,-1.000000,1,,BSE,1.000000,0,False
975319,838AFL34,838AFL34,,-1.000000,1,,BSE,1.000000,0,False
531265,PROGREXV,PROGREXV,,-1.000000,1,,BSE,1.000000,0,False
531266,VSTTILLERS,VSTTILLERS,,-1.000000,1,,BSE,5.000000,0,False
531281,MARBLE,MARBLE,,-1.000000,1,,BSE,5.000000,0,False
531286,ADHHATA,ADHHATA,,-1.000000,1,,BSE,1.000000,0,False
732231,BFL6826,BFL6826,,-1.000000,1,,BSE,1.000000,0,False
732239,NFL060826,NFL060826,,-1.000000,1,,BSE,1.000000,0,False
732252,TCL070826,TCL070826,,-1.000000,1,,BSE,1.000000,0,False
732254,SCSL10826,SCSL10826,,-1.000000,1,,BSE,1.000000,0,False
975337,834SBIPERP,834SBIPERP,,-1.000000,1,,BSE,1.000000,0,False
975346,1340TCFL27,1340TCFL27,,-1.000000,1,,BSE,1.000000,0,False
975358,768NABAR29,768NABAR29,,-1.000000,1,,BSE,1.000000,0,False
975381,816ABCL29,816ABCL29,,-1.000000,1,,BSE,1.000000,0,False
732255,LTMR10826,LTMR10826,,-1.000000,1,,BSE,1.000000,0,False
732263,IFPL11826,IFPL11826,,-1.000000,1,,BSE,1.000000,0,False
732266,JCL110826,JCL110826,,-1.000000,1,,BSE,1.000000,0,False
732272,ASL110826,ASL110826,,-1.000000,1,,BSE,1.000000,0,False
531338,MILESTONE,MILESTONE,,-1.000000,1,,BSE,1.000000,0,False
531412,RADIXIND,RADIXIND,,-1.000000,1,,BSE,5.000000,0,False
531437,PWASML,PWASML,,-1.000000,1,,BSE,1.000000,0,False
531505,INDERGR,INDERGR,,-1.000000,1,,BSE,1.000000,0,False
975383,920MOFL34,920MOFL34,,-1.000000,1,,BSE,1.000000,0,False
975384,930JFCL27,930JFCL27,,-1.000000,1,,BSE,1.000000,0,False
975388,804IHFCL29,804IHFCL29,,-1.000000,1,,BSE,1.000000,0,False
975392,EEL16224,EEL16224,,-1.000000,1,,BSE,1.000000,0,False
732280,THDCL12826,THDCL12826,,-1.000000,1,,BSE,1.000000,0,False
732294,NMIL14826,NMIL14826,,-1.000000,1,,BSE,1.000000,0,False
732296,DFL130826,DFL130826,,-1.000000,1,,BSE,1.000000,0,False
732304,JBCPL17826,JBCPL17826,,-1.000000,1,,BSE,1.000000,0,False
975411,865AHFL27,865AHFL27,,-1.000000,1,,BSE,1.000000,0,False
975417,759IREDA34,759IREDA34,,-1.000000,1,,BSE,1.000000,0,False
975442,829SBICP34,829SBICP34,,-1.000000,1,,BSE,1.000000,0,False
975455,820ABHF27,820ABHF27,,-1.000000,1,,BSE,1.000000,0,False
732317,IHFCL18826,IHFCL18826,,-1.000000,1,,BSE,1.000000,0,False
732321,GHFL180826,GHFL180826,,-1.000000,1,,BSE,1.000000,0,False
732324,UCL170826,UCL170826,,-1.000000,1,,BSE,1.000000,0,False
732325,AHFL17826,AHFL17826,,-1.000000,1,,BSE,1.000000,0,False
531506,SKRABUL,SKRABUL,,-1.000000,1,,BSE,1.000000,0,False
531533,ACCEDERE,ACCEDERE,,-1.000000,1,,BSE,1.000000,0,False
531540,MAINFRA,MAINFRA,,-1.000000,1,,BSE,1.000000,0,False
531562,PUSHPIN,PUSHPIN,,-1.000000,100,,BSE,1.000000,0,False
975470,810IHFC27,810IHFC27,,-1.000000,1,,BSE,1.000000,0,False
975474,975VFSPL27,975VFSPL27,,-1.000000,1,,BSE,1.000000,0,False
975551,910KIIFB30,910KIIFB30,,-1.000000,1,,BSE,1.000000,0,False
975553,910KIIFB32,910KIIFB32,,-1.000000,1,,BSE,1.000000,0,False
732329,JCL180826,JCL180826,,-1.000000,1,,BSE,1.000000,0,False
732340,NWIL190826,NWIL190826,,-1.000000,1,,BSE,1.000000,0,False
732384,OAAML25826,OAAML25826,,-1.000000,1,,BSE,1.000000,0,False
732388,NFL250826,NFL250826,,-1.000000,1,,BSE,1.000000,0,False
975561,975OFSL27,975OFSL27,,-1.000000,1,,BSE,1.000000,0,False
975565,910TIAPL31,910TIAPL31,,-1.000000,1,,BSE,1.000000,0,False
975573,86MFL34,86MFL34,,-1.000000,1,,BSE,1.000000,0,False
975575,858GMRHI34,858GMRHI34,,-1.000000,1,,BSE,1.000000,0,False
531585,DEVINE,DEVINE,,-1.000000,1,,BSE,1.000000,0,False
531637,PRAVEG,PRAVEG,,-1.000000,1,,BSE,5.000000,0,False
531640,SICL,SICL,,-1.000000,100,,BSE,1.000000,0,False
531685,FRONTFN,FRONTFN,,-1.000000,1,,BSE,1.000000,0,False
531727,MENNPIS,MENNPIS,,-1.000000,1,,BSE,1.000000,0,False
531737,GREENCREST,GREENCREST,,-1.000000,1,,BSE,1.000000,0,False
531739,GENNEX,GENNEX,,-1.000000,1,,BSE,1.000000,0,False
531752,BIOGEN,BIOGEN,,-1.000000,1,,BSE,1.000000,0,False
732389,TRIL25826,TRIL25826,,-1.000000,1,,BSE,1.000000,0,False
732408,AFL27826,AFL27826,,-1.000000,1,,BSE,1.000000,0,False
732416,TRIL310826,TRIL310826,,-1.000000,1,,BSE,1.000000,0,False
732417,AFSL310826,AFSL310826,,-1.000000,1,,BSE,1.000000,0,False
975585,975SCL27,975SCL27,,-1.000000,1,,BSE,1.000000,0,False
975594,NWFL12424,NWFL12424,,-1.000000,1,,BSE,1.000000,0,False
975598,940FSBFL28,940FSBFL28,,-1.000000,1,,BSE,1.000000,0,False
975602,831ABCL34,831ABCL34,,-1.000000,1,,BSE,1.000000,0,False
531761,APOLLOPIPE,APOLLOPIPE,,-1.000000,1,,BSE,5.000000,0,False
531771,SHRADDHA,SHRADDHA,,-1.000000,1,,BSE,5.000000,0,False
531861,JOINDRE,JOINDRE,,-1.000000,1,,BSE,1.000000,0,False
531888,REXNORD,REXNORD,,-1.000000,1,,BSE,1.000000,0,False
732429,IT020926,IT020926,,-1.000000,1,,BSE,1.000000,0,False
732430,MACMPL2926,MACMPL2926,,-1.000000,1,,BSE,1.000000,0,False
732453,BFL03926,BFL03926,,-1.000000,1,,BSE,1.000000,0,False
732475,OPL070926,OPL070926,,-1.000000,1,,BSE,1.000000,0,False
975608,805KMPL29A,805KMPL29A,,-1.000000,1,,BSE,1.000000,0,False
975640,995PDL29,995PDL29,,-1.000000,1,,BSE,1.000000,0,False
975643,NWFL3524,NWFL3524,,-1.000000,1,,BSE,1.000000,0,False
975667,8ERCSL26,8ERCSL26,,-1.000000,1,,BSE,1.000000,0,False
960479,686NHPC28,686NHPC28,,-1.000000,10,,BSE,1.000000,0,False
960482,686NHPC31,686NHPC31,,-1.000000,10,,BSE,1.000000,0,False
960486,686NHPC35,686NHPC35,,-1.000000,10,,BSE,1.000000,0,False
960487,686NHPC36,686NHPC36,,-1.000000,10,,BSE,1.000000,0,False
732497,ASL80926,ASL80926,,-1.000000,1,,BSE,1.000000,0,False
732486,NFL070926,NFL070926,,-1.000000,1,,BSE,1.000000,0,False
732491,JKCL080926,JKCL080926,,-1.000000,1,,BSE,1.000000,0,False
732492,BGHPL80926,BGHPL80926,,-1.000000,1,,BSE,1.000000,0,False
975676,920SFL29,920SFL29,,-1.000000,1,,BSE,1.000000,0,False
975697,744PFCL34,744PFCL34,,-1.000000,1,,BSE,1.000000,0,False
975699,945STM28,945STM28,,-1.000000,100000,,BSE,1.000000,0,False
975738,744IRFCL34,744IRFCL34,,-1.000000,1,,BSE,1.000000,0,False
531936,BLUECHIP,BLUECHIP,,-1.000000,1,,BSE,1.000000,0,False
531977,CHLOGIST,CHLOGIST,,-1.000000,1,,BSE,1.000000,0,False
531997,IKOMA,IKOMA,,-1.000000,1,,BSE,1.000000,0,False
532005,SAMINDUS,SAMINDUS,,-1.000000,1,,BSE,1.000000,0,False
732533,VCL90926,VCL90926,,-1.000000,1,,BSE,1.000000,0,False
732500,NMIL90926,NMIL90926,,-1.000000,1,,BSE,1.000000,0,False
732506,MFL080926,MFL080926,,-1.000000,1,,BSE,1.000000,0,False
732510,NFL080926,NFL080926,,-1.000000,1,,BSE,1.000000,0,False
960495,1096MECL31,1096MECL31,,-1.000000,1,,BSE,1.000000,0,False
961730,830PFCL27,830PFCL27,,-1.000000,1,,BSE,1.000000,0,False
961732,810IRFC27,810IRFC27,,-1.000000,1,,BSE,1.000000,0,False
961744,812REC27,812REC27,,-1.000000,1,,BSE,1.000000,0,False
975746,1050NFL27,1050NFL27,,-1.000000,1,,BSE,1.000000,0,False
975757,942PLM2527,942PLM2527,,-1.000000,100000,,BSE,1.000000,0,False
975759,835AFL34,835AFL34,,-1.000000,1,,BSE,1.000000,0,False
975789,799IFL36,799IFL36,,-1.000000,1,,BSE,1.000000,0,False
532029,SINDHUTRAD,SINDHUTRAD,,-1.000000,1,,BSE,1.000000,0,False
532056,TRUSTEDGE,TRUSTEDGE,,-1.000000,1,,BSE,5.000000,0,False
532078,MONIND,MONIND,,-1.000000,1,,BSE,1.000000,0,False
532141,ACL,ACL,,-1.000000,1,,BSE,1.000000,0,False
975793,807IHFCL27,807IHFCL27,,-1.000000,1,,BSE,1.000000,0,False
975800,743NBFID34,743NBFID34,,-1.000000,1,,BSE,1.000000,0,False
975815,736SBI39,736SBI39,,-1.000000,1,,BSE,1.000000,0,False
975827,871HDBFPER,871HDBFPER,,-1.000000,1,,BSE,1.000000,0,False
532155,GAIL,GAIL,,-1.000000,1,,BSE,5.000000,0,True
532160,GUJSTATFIN,GUJSTATFIN,,-1.000000,1,,BSE,1.000000,0,False
532162,JKPAPER,JKPAPER,,-1.000000,1,,BSE,5.000000,0,False
532175,CYIENT,CYIENT,,-1.000000,1,,BSE,5.000000,0,False
732539,FFSL100926,FFSL100926,,-1.000000,1,,BSE,1.000000,0,False
732545,TCL100926,TCL100926,,-1.000000,1,,BSE,1.000000,0,False
732550,RIL110926,RIL110926,,-1.000000,1,,BSE,1.000000,0,False
732551,PIAI110926,PIAI110926,,-1.000000,1,,BSE,1.000000,0,False
961754,740IIFCL33,740IIFCL33,,-1.000000,1,,BSE,1.000000,0,False
961765,751HUDCO28,751HUDCO28,,-1.000000,1,,BSE,1.000000,0,False
961773,704PFCL28,704PFCL28,,-1.000000,1,,BSE,1.000000,0,False
961777,837REC33,837REC33,,-1.000000,1,,BSE,1.000000,0,False
975828,808KMPL27,808KMPL27,,-1.000000,1,,BSE,1.000000,0,False
975854,950DIA34RR,950DIA34RR,,-1.000000,1,,BSE,1.000000,0,False
975862,737IRFC29,737IRFC29,,-1.000000,1,,BSE,1.000000,0,False
975865,995PDL27,995PDL27,,-1.000000,1,,BSE,1.000000,0,False
751140,JAYKAY-RE1,JAYKAY-RE1,,-1.000000,1,,BSE,1.000000,0,False
800148,826GS2027,826GS2027,,-1.000000,1,,BSE,5.000000,0,False
800164,824GS2027,824GS2027,,-1.000000,1,,BSE,5.000000,0,False
800174,601GS2028,601GS2028,,-1.000000,1,,BSE,1.000000,0,False
961792,892NHPC33,892NHPC33,,-1.000000,1,,BSE,1.000000,0,False
961795,838IIFCL28,838IIFCL28,,-1.000000,1,,BSE,1.000000,0,False
961809,873NTPC28,873NTPC28,,-1.000000,1,,BSE,1.000000,0,False
961847,875KPL34,875KPL34,,-1.000000,1,,BSE,1.000000,0,False
975883,OPML20824,OPML20824,,-1.000000,1,,BSE,1.000000,0,False
975953,87AESL34,87AESL34,,-1.000000,1,,BSE,1.000000,0,False
532183,GAYATRI,GAYATRI,,-1.000000,1,,BSE,1.000000,0,False
532215,AXISBANK,AXISBANK,,-1.000000,1,,BSE,5.000000,0,True
532300,WOCKPHARMA,WOCKPHARMA,,-1.000000,1,,BSE,5.000000,0,False
532336,BARONINF,BARONINF,,-1.000000,1,,BSE,1.000000,0,False
975930,12IFL27B,12IFL27B,,-1.000000,1,,BSE,1.000000,0,False
975940,732PFCL39,732PFCL39,,-1.000000,1,,BSE,1.000000,0,False
800176,897GS2030,897GS2030,,-1.000000,1,,BSE,5.000000,0,False
800272,668GS2031,668GS2031,,-1.000000,1,,BSE,5.000000,0,False
800290,SGBDEC26,SGBDEC26,,-1.000000,1,,BSE,1.000000,0,False
800291,SGBJAN27,SGBJAN27,,-1.000000,1,,BSE,1.000000,0,False
532344,MADALA,MADALA,,-1.000000,1,,BSE,5.000000,0,False
532373,WEPSOLN,WEPSOLN,,-1.000000,1,,BSE,1.000000,0,False
532387,PNC,PNC,,-1.000000,1,,BSE,1.000000,0,False
532398,UMESLTD,UMESLTD,,-1.000000,1,,BSE,1.000000,0,False
800310,726GS2029,726GS2029,,-1.000000,1,,BSE,5.000000,0,False
800313,SGBJ28VIII,SGBJ28VIII,,-1.000000,1,,BSE,1.000000,0,False
800328,SGBOC28VII,SGBOC28VII,,-1.000000,1,,BSE,1.000000,0,False
800359,GS02JAN27C,GS02JAN27C,,-1.000000,1,,BSE,1.000000,0,False
961871,861REC34,861REC34,,-1.000000,1,,BSE,1.000000,0,False
961875,888REC29,888REC29,,-1.000000,1,,BSE,1.000000,0,False
972562,97IFCI30,97IFCI30,,-1.000000,1,,BSE,1.000000,0,False
972575,975IFCI30A,975IFCI30A,,-1.000000,1,,BSE,1.000000,0,False
975971,OPML290824,OPML290824,,-1.000000,1,,BSE,1.000000,0,False
975980,95DHRUVA29,95DHRUVA29,,-1.000000,1,,BSE,1.000000,0,False
976003,844RSEPL29,844RSEPL29,,-1.000000,1,,BSE,1.000000,0,False
976038,86ABRL27,86ABRL27,,-1.000000,1,,BSE,1.000000,0,False
800400,GS15JUN27C,GS15JUN27C,,-1.000000,1,,BSE,1.000000,0,False
800413,GS15JUN28C,GS15JUN28C,,-1.000000,1,,BSE,1.000000,0,False
800417,GS02JAN39C,GS02JAN39C,,-1.000000,1,,BSE,1.000000,0,False
800420,GS17JUN39C,GS17JUN39C,,-1.000000,1,,BSE,1.000000,0,False
972577,IFCI39,IFCI39,,-1.000000,4,,BSE,1.000000,0,False
972607,998IFCI30,998IFCI30,,-1.000000,1,,BSE,1.000000,0,False
972768,1010IFCI27,1010IFCI27,,-1.000000,1,,BSE,1.000000,0,False
972771,990IFCI27B,990IFCI27B,,-1.000000,4,,BSE,1.000000,0,False
976039,715HUDCO34,715HUDCO34,,-1.000000,1,,BSE,1.000000,0,False
976095,1025HFL27,1025HFL27,,-1.000000,1,,BSE,1.000000,0,False
976110,9IKFFL27,9IKFFL27,,-1.000000,1,,BSE,1.000000,0,False
976120,929AKCF26,929AKCF26,,-1.000000,1,,BSE,1.000000,0,False
800424,GS17DEC28C,GS17DEC28C,,-1.000000,1,,BSE,1.000000,0,False
800441,754GS2036,754GS2036,,-1.000000,1,,BSE,5.000000,0,False
800452,736GS2052,736GS2052,,-1.000000,1,,BSE,5.000000,0,False
800496,GS19SEP2026,GS19SEP2026,,-1.000000,1,,BSE,1.000000,0,False
976122,1140KFL27,1140KFL27,,-1.000000,1,,BSE,1.000000,0,False
976139,102EFSL27,102EFSL27,,-1.000000,1,,BSE,1.000000,0,False
976144,809AFL29,809AFL29,,-1.000000,1,,BSE,1.000000,0,False
976151,960AVFSL27,960AVFSL27,,-1.000000,1,,BSE,1.000000,0,False
972772,990IFCI32C,990IFCI32C,,-1.000000,4,,BSE,1.000000,0,False
972805,739IRFC27C,739IRFC27C,,-1.000000,1,,BSE,1.000000,0,False
972821,1012IFCI27,1012IFCI27,,-1.000000,1,,BSE,1.000000,0,False
972832,975IFCI28,975IFCI28,,-1.000000,1,,BSE,1.000000,0,False
800509,GS19MAR2032,GS19MAR2032,,-1.000000,1,,BSE,1.000000,0,False
800515,GS19MAR2036,GS19MAR2036,,-1.000000,1,,BSE,1.000000,0,False
800548,GS19SEP2050,GS19SEP2050,,-1.000000,1,,BSE,1.000000,0,False
800549,GS19SEP2052,GS19SEP2052,,-1.000000,1,,BSE,1.000000,0,False
972848,826IIFC28A,826IIFC28A,,-1.000000,1,,BSE,1.000000,0,False
972874,861NTPC34,861NTPC34,,-1.000000,1,,BSE,1.000000,0,False
972889,915PIFS27,915PIFS27,,-1.000000,1,,BSE,1.000000,0,False
973038,925CIFPER,925CIFPER,,-1.000000,2,,BSE,1.000000,0,False
976170,975VFL28A,975VFL28A,,-1.000000,1,,BSE,1.000000,0,False
976176,9HLFL27,9HLFL27,,-1.000000,1,,BSE,1.000000,0,False
976194,IHFC261124,IHFC261124,,-1.000000,1,,BSE,1.000000,0,False
976196,10CJDPL28,10CJDPL28,,-1.000000,1,,BSE,1.000000,0,False
800556,GS19MAR2061,GS19MAR2061,,-1.000000,1,,BSE,1.000000,0,False
800559,GS19SEP2041,GS19SEP2041,,-1.000000,1,,BSE,1.000000,0,False
800567,GS19SEP2053,GS19SEP2053,,-1.000000,1,,BSE,1.000000,0,False
800571,GS19MAR2062,GS19MAR2062,,-1.000000,1,,BSE,1.000000,0,False
973103,825STL31,825STL31,,-1.000000,1,,BSE,1.000000,0,False
973127,9PFL31,9PFL31,,-1.000000,1,,BSE,1.000000,0,False
973219,79MFL31,79MFL31,,-1.000000,1,,BSE,1.000000,0,False
973321,689IRFC31,689IRFC31,,-1.000000,1,,BSE,1.000000,0,False
976202,741BOB39,741BOB39,,-1.000000,1,,BSE,1.000000,0,False
976206,803IUTL226,803IUTL226,,-1.000000,1,,BSE,1.000000,0,False
976209,990IFSL27,990IFSL27,,-1.000000,1,,BSE,1.000000,0,False
976214,950HLFLPERA,950HLFLPERA,,-1.000000,1,,BSE,1.000000,0,False
800615,GS12JUN32C,GS12JUN32C,,-1.000000,1,,BSE,1.000000,0,False
800619,GS22OCT32,GS22OCT32,,-1.000000,1,,BSE,1.000000,0,False
800624,GS15APR35C,GS15APR35C,,-1.000000,1,,BSE,1.000000,0,False
800632,GS15APR39C,GS15APR39C,,-1.000000,1,,BSE,1.000000,0,False
973324,85JMFCSL31,85JMFCSL31,,-1.000000,1,,BSE,1.000000,0,False
973550,623REC31,623REC31,,-1.000000,1,,BSE,1.000000,0,False
973603,763ABSLI31,763ABSLI31,,-1.000000,1,,BSE,1.000000,0,False
973610,705HDFCB31,705HDFCB31,,-1.000000,1,,BSE,1.000000,0,False
976220,792IIL30,792IIL30,,-1.000000,1,,BSE,1.000000,0,False
976242,FHL191224,FHL191224,,-1.000000,1,,BSE,1.000000,0,False
976243,FHL191224A,FHL191224A,,-1.000000,1,,BSE,1.000000,0,False
976249,1025SFL029,1025SFL029,,-1.000000,1,,BSE,1.000000,0,False
800634,GS15OCT29C,GS15OCT29C,,-1.000000,1,,BSE,1.000000,0,False
800636,GS15OCT30C,GS15OCT30C,,-1.000000,1,,BSE,1.000000,0,False
800654,GS15OCT28C,GS15OCT28C,,-1.000000,1,,BSE,1.000000,0,False
800658,GS06NOV39C,GS06NOV39C,,-1.000000,1,,BSE,1.000000,0,False
973630,742AFL31,742AFL31,,-1.000000,1,,BSE,1.000000,0,False
973638,840PNBPER,840PNBPER,,-1.000000,1,,BSE,1.000000,0,False
973647,692REC32,692REC32,,-1.000000,1,,BSE,1.000000,0,False
973672,655ICHCL26,655ICHCL26,,-1.000000,1,,BSE,1.000000,0,False
976259,747IIFCL28,747IIFCL28,,-1.000000,1,,BSE,1.000000,0,False
976262,860LDL27,860LDL27,,-1.000000,1,,BSE,1.000000,0,False
976301,99IKFF27,99IKFF27,,-1.000000,1,,BSE,1.000000,0,False
976320,855MOHFL27,855MOHFL27,,-1.000000,1,,BSE,1.000000,0,False
800659,GS22AUG35,GS22AUG35,,-1.000000,1,,BSE,1.000000,0,False
800660,GS15MAR34C,GS15MAR34C,,-1.000000,1,,BSE,1.000000,0,False
800676,GS06MAY37C,GS06MAY37C,,-1.000000,1,,BSE,1.000000,0,False
800685,GS06MAY35C,GS06MAY35C,,-1.000000,1,,BSE,1.000000,0,False
973674,905SFL31,905SFL31,,-1.000000,1,,BSE,1.000000,0,False
973753,785AGEUP34,785AGEUP34,,-1.000000,1,,BSE,1.000000,0,False
973834,740NL27,740NL27,,-1.000000,1,,BSE,1.000000,0,False
973861,690TRCL27,690TRCL27,,-1.000000,1,,BSE,1.000000,0,False
976323,995SCL35,995SCL35,,-1.000000,1,,BSE,1.000000,0,False
976334,725IRFC35A,725IRFC35A,,-1.000000,1,,BSE,1.000000,0,False
976335,ZCECAPEL27,ZCECAPEL27,,-1.000000,1,,BSE,1.000000,0,False
976359,1250AFIL30,1250AFIL30,,-1.000000,1,,BSE,1.000000,0,False
800714,GS22APR46,GS22APR46,,-1.000000,1,,BSE,1.000000,0,False
800715,GS22APR47,GS22APR47,,-1.000000,1,,BSE,1.000000,0,False
800729,GS06NOV40,GS06NOV40,,-1.000000,1,,BSE,1.000000,0,False
800736,GS06MAY49,GS06MAY49,,-1.000000,1,,BSE,1.000000,0,False
973911,790JMFH27,790JMFH27,,-1.000000,1,,BSE,1.000000,0,False
973921,7LKCP26,7LKCP26,,-1.000000,1,,BSE,1.000000,0,False
973993,962APSB30,962APSB30,,-1.000000,1,,BSE,1.000000,0,False
974056,779KMPL27,779KMPL27,,-1.000000,1,,BSE,1.000000,0,False
976375,115VFPL27,115VFPL27,,-1.000000,1,,BSE,1.000000,0,False
976380,87HHFL30,87HHFL30,,-1.000000,1,,BSE,1.000000,0,False
976434,759CHT44,759CHT44,,-1.000000,1,,BSE,1.000000,0,False
976444,10NHFL29,10NHFL29,,-1.000000,1,,BSE,1.000000,0,False
800739,GS06MAY43,GS06MAY43,,-1.000000,1,,BSE,1.000000,0,False
800744,GS06NOV44,GS06NOV44,,-1.000000,1,,BSE,1.000000,0,False
800750,GS06MAY52,GS06MAY52,,-1.000000,1,,BSE,1.000000,0,False
800774,GS06MAY58,GS06MAY58,,-1.000000,1,,BSE,1.000000,0,False
532406,AVANTEL,AVANTEL,,-1.000000,1,,BSE,5.000000,0,False
532416,NEXTMEDIA,NEXTMEDIA,,-1.000000,1,,BSE,1.000000,0,False
532419,SMARTLINK,SMARTLINK,,-1.000000,1,,BSE,5.000000,0,False
532439,OLECTRA,OLECTRA,,-1.000000,1,,BSE,5.000000,0,False
974093,93AUFL32,93AUFL32,,-1.000000,1,,BSE,1.000000,0,False
974095,93AUFL32B,93AUFL32B,,-1.000000,1,,BSE,1.000000,0,False
974197,750TSL27,750TSL27,,-1.000000,1,,BSE,1.000000,0,False
974217,1PRPL30,1PRPL30,,-1.000000,1,,BSE,1.000000,0,False
976453,799RECPERP,799RECPERP,,-1.000000,1,,BSE,1.000000,0,False
976457,925HLFL30,925HLFL30,,-1.000000,1,,BSE,1.000000,0,False
976490,737HUDCO35,737HUDCO35,,-1.000000,1,,BSE,1.000000,0,False
976496,745PFCL28,745PFCL28,,-1.000000,1,,BSE,1.000000,0,False
800787,GS06NOV67,GS06NOV67,,-1.000000,1,,BSE,1.000000,0,False
800788,GS06MAY68,GS06MAY68,,-1.000000,1,,BSE,1.000000,0,False
800801,GS25NOV42,GS25NOV42,,-1.000000,1,,BSE,1.000000,0,False
800802,GS25MAY41,GS25MAY41,,-1.000000,1,,BSE,1.000000,0,False
974227,825VIT29,825VIT29,,-1.000000,1,,BSE,1.000000,0,False
974231,784BHFL32,784BHFL32,,-1.000000,1,,BSE,1.000000,0,False
974265,86THFL37,86THFL37,,-1.000000,1,,BSE,1.000000,0,False
974288,995UPPCL32,995UPPCL32,,-1.000000,1,,BSE,1.000000,0,False
976504,744RL28,744RL28,,-1.000000,1,,BSE,1.000000,0,False
976510,1365AFFI26,1365AFFI26,,-1.000000,1,,BSE,1.000000,0,False
976515,775HZL27,775HZL27,,-1.000000,1,,BSE,1.000000,0,False
976524,830MCFPL30,830MCFPL30,,-1.000000,1,,BSE,1.000000,0,False
532456,COMPINFO,COMPINFO,,-1.000000,1,,BSE,1.000000,0,False
532488,DIVISLAB,DIVISLAB,,-1.000000,1,,BSE,5.000000,0,True
532493,ASTRAMICRO,ASTRAMICRO,,-1.000000,1,,BSE,5.000000,0,False
532541,COFORGE,COFORGE,,-1.000000,1,,BSE,5.000000,0,True
800819,CS12DEC35,CS12DEC35,,-1.000000,1,,BSE,1.000000,0,False
800822,772G261055,772G261055,,-1.000000,1,,BSE,5.000000,0,False
805129,364TB81026,364TB81026,,-1.000000,1,,BSE,1.000000,0,False
805147,364T191126,364T191126,,-1.000000,1,,BSE,1.000000,0,False
974309,PMPLZC28,PMPLZC28,,-1.000000,1,,BSE,1.000000,0,False
974311,PCPL28,PCPL28,,-1.000000,1,,BSE,1.000000,0,False
974316,815ABHF32,815ABHF32,,-1.000000,1,,BSE,1.000000,0,False
974319,11HFL28,11HFL28,,-1.000000,1,,BSE,1.000000,0,False
976526,10MMLD28,10MMLD28,,-1.000000,1,,BSE,1.000000,0,False
976530,1026MFCL30,1026MFCL30,,-1.000000,1,,BSE,1.000000,0,False
976559,1025GROT29,1025GROT29,,-1.000000,100000,,BSE,1.000000,0,False
976578,975OFSL28A,975OFSL28A,,-1.000000,1,,BSE,1.000000,0,False
532636,IIFL,IIFL,,-1.000000,1,,BSE,5.000000,0,False
532641,NDL,NDL,,-1.000000,1,,BSE,1.000000,0,False
532645,BEEYU,BEEYU,,-1.000000,1,,BSE,1.000000,0,False
532652,KTKBANK,KTKBANK,,-1.000000,1,,BSE,5.000000,0,False
805156,364T101226,364T101226,,-1.000000,1,,BSE,1.000000,0,False
805194,182TB18926,182TB18926,,-1.000000,1,,BSE,1.000000,0,False
805212,182TB51126,182TB51126,,-1.000000,1,,BSE,1.000000,0,False
805230,182T171226,182T171226,,-1.000000,1,,BSE,1.000000,0,False
532666,FCSSOFT,FCSSOFT,,-1.000000,1,,BSE,1.000000,0,False
532673,KMSUGAR,KMSUGAR,,-1.000000,1,,BSE,1.000000,0,False
532683,AIAENG,AIAENG,,-1.000000,1,,BSE,5.000000,0,False
532687,REPRO,REPRO,,-1.000000,1,,BSE,5.000000,0,False
974394,787MTNL32,787MTNL32,,-1.000000,1,,BSE,1.000000,0,False
974408,751SBI32,751SBI32,,-1.000000,1,,BSE,1.000000,0,False
974419,880GMRHI32,880GMRHI32,,-1.000000,1,,BSE,1.000000,0,False
974433,752HUDCL33,752HUDCL33,,-1.000000,1,,BSE,1.000000,0,False
976581,0ICLFL29A,0ICLFL29A,,-1.000000,1,,BSE,1.000000,0,False
976583,0ICLFL29B,0ICLFL29B,,-1.000000,1,,BSE,1.000000,0,False
976598,755BFL35,755BFL35,,-1.000000,1,,BSE,1.000000,0,False
976600,11RDCCIL28,11RDCCIL28,,-1.000000,1,,BSE,1.000000,0,False
805241,91TB151026,91TB151026,,-1.000000,1,,BSE,1.000000,0,False
805244,91TB221026,91TB221026,,-1.000000,1,,BSE,1.000000,0,False
805247,91TB291026,91TB291026,,-1.000000,1,,BSE,1.000000,0,False
805248,182T280127,182T280127,,-1.000000,1,,BSE,1.000000,0,False
976607,704NBFID35,704NBFID35,,-1.000000,1,,BSE,1.000000,0,False
976624,745ATIT35,745ATIT35,,-1.000000,1,,BSE,1.000000,0,False
976628,803ABHFL35,803ABHFL35,,-1.000000,1,,BSE,1.000000,0,False
976651,687REC30,687REC30,,-1.000000,1,,BSE,1.000000,0,False
805253,91TB121126,91TB121126,,-1.000000,1,,BSE,1.000000,0,False
805254,182TB11227,182TB11227,,-1.000000,1,,BSE,1.000000,0,False
805266,182TB11327,182TB11327,,-1.000000,1,,BSE,1.000000,0,False
810594,815TN2028,815TN2028,,-1.000000,1,,BSE,5.000000,0,False
935512,735PFCL35,735PFCL35,,-1.000000,1,,BSE,1.000000,0,False
935620,768IREDA36,768IREDA36,,-1.000000,1,,BSE,1.000000,0,False
935666,769NHAI31,769NHAI31,,-1.000000,1,,BSE,1.000000,0,False
935670,739HUDCO31,739HUDCO31,,-1.000000,1,,BSE,1.000000,0,False
974447,962APSB26A,962APSB26A,,-1.000000,1,,BSE,1.000000,0,False
974485,797KIDF28,797KIDF28,,-1.000000,1,,BSE,1.000000,0,False
974537,6IKATEPL33,6IKATEPL33,,-1.000000,1,,BSE,1.000000,0,False
974567,788IHFCL28,788IHFCL28,,-1.000000,1,,BSE,1.000000,0,False
976665,686NHPCL38,686NHPCL38,,-1.000000,1,,BSE,1.000000,0,False
976682,912PFL27,912PFL27,,-1.000000,1,,BSE,1.000000,0,False
976685,1125MFL27,1125MFL27,,-1.000000,1,,BSE,1.000000,0,False
976695,835MASFS26,835MASFS26,,-1.000000,1,,BSE,1.000000,0,False
810598,870GJSDL28,870GJSDL28,,-1.000000,1,,BSE,1.000000,0,False
810603,826MHSDL29,826MHSDL29,,-1.000000,1,,BSE,1.000000,0,False
810607,808MHSDL28,808MHSDL28,,-1.000000,1,,BSE,5.000000,0,False
810613,835GJSDL29,835GJSDL29,,-1.000000,1,,BSE,5.000000,0,False
935674,769HUDCO31,769HUDCO31,,-1.000000,1,,BSE,1.000000,0,False
935678,735IRFC31,735IRFC31,,-1.000000,1,,BSE,1.000000,0,False
936280,97SFIL26A,97SFIL26A,,-1.000000,1,,BSE,1.000000,0,False
936332,97SFL28,97SFL28,,-1.000000,1,,BSE,1.000000,0,False
974598,759NHPCL36,759NHPCL36,,-1.000000,1,,BSE,1.000000,0,False
974640,1370AIPP32,1370AIPP32,,-1.000000,1,,BSE,1.000000,0,False
974646,825SBIPER,825SBIPER,,-1.000000,1,,BSE,1.000000,0,False
974666,777REC28,777REC28,,-1.000000,1,,BSE,1.000000,0,False
976707,EFCL21525,EFCL21525,,-1.000000,1,,BSE,1.000000,0,False
976718,875AVHF30,875AVHF30,,-1.000000,1,,BSE,1.000000,0,False
976753,9HLFL35,9HLFL35,,-1.000000,1,,BSE,1.000000,0,False
976757,1130MBFL27,1130MBFL27,,-1.000000,1,,BSE,1.000000,0,False
810617,83GUJ2029,83GUJ2029,,-1.000000,1,,BSE,5.000000,0,False
810656,633TN30,633TN30,,-1.000000,1,,BSE,1.000000,0,False
810663,665GJ30,665GJ30,,-1.000000,1,,BSE,1.000000,0,False
810666,711TNSDL29,711TNSDL29,,-1.000000,1,,BSE,1.000000,0,False
810676,705MH32,705MH32,,-1.000000,1,,BSE,5.000000,0,False
810682,653KA30,653KA30,,-1.000000,1,,BSE,5.000000,0,False
810697,708MH31,708MH31,,-1.000000,1,,BSE,1.000000,0,False
810710,719KA40,719KA40,,-1.000000,1,,BSE,1.000000,0,False
936400,1060ECL29,1060ECL29,,-1.000000,1,,BSE,1.000000,0,False
936416,95MMFSL29,95MMFSL29,,-1.000000,1,,BSE,1.000000,0,False
936476,10IIFL29,10IIFL29,,-1.000000,1,,BSE,1.000000,0,False
937053,81TCHF28,81TCHF28,,-1.000000,1,,BSE,1.000000,0,False
974703,775MTNL33,775MTNL33,,-1.000000,1,,BSE,1.000000,0,False
974718,9IOB33,9IOB33,,-1.000000,1,,BSE,1.000000,0,False
974722,825BOB33,825BOB33,,-1.000000,1,,BSE,1.000000,0,False
974805,855SFL28,855SFL28,,-1.000000,1,,BSE,1.000000,0,False
976765,656GIL30,656GIL30,,-1.000000,1,,BSE,1.000000,0,False
976777,CFSL110625,CFSL110625,,-1.000000,1,,BSE,1.000000,0,False
976785,749DCBL35,749DCBL35,,-1.000000,1,,BSE,1.000000,0,False
976793,85JMFC28,85JMFC28,,-1.000000,1,,BSE,1.000000,0,False
810726,687MH33A,687MH33A,,-1.000000,1,,BSE,1.000000,0,False
810730,686MH32,686MH32,,-1.000000,1,,BSE,1.000000,0,False
810737,663TN55,663TN55,,-1.000000,1,,BSE,1.000000,0,False
810752,712AP35,712AP35,,-1.000000,1,,BSE,1.000000,0,False
937057,84TCHF28,84TCHF28,,-1.000000,1,,BSE,1.000000,0,False
937369,682PFCL31,682PFCL31,,-1.000000,1,,BSE,1.000000,0,False
937379,678PFCL36,678PFCL36,,-1.000000,1,,BSE,1.000000,0,False
937399,1025KFL28,1025KFL28,,-1.000000,1,,BSE,1.000000,0,False
974843,785SCPSL28,785SCPSL28,,-1.000000,1,,BSE,1.000000,0,False
974891,773BFL28,773BFL28,,-1.000000,1,,BSE,1.000000,0,False
974895,1135ATIP28,1135ATIP28,,-1.000000,1,,BSE,1.000000,0,False
976802,1150MBFL27,1150MBFL27,,-1.000000,1,,BSE,1.000000,0,False
976813,940ISCFL27,940ISCFL27,,-1.000000,1,,BSE,1.000000,0,False
976830,93VCL28,93VCL28,,-1.000000,1,,BSE,1.000000,0,False
976835,13PCL29,13PCL29,,-1.000000,1,,BSE,1.000000,0,False
974874,746IIFCL33,746IIFCL33,,-1.000000,1,,BSE,1.000000,0,False
810753,714AP36,714AP36,,-1.000000,1,,BSE,1.000000,0,False
810760,714AP41,714AP41,,-1.000000,1,,BSE,1.000000,0,False
810767,695TN31B,695TN31B,,-1.000000,1,,BSE,1.000000,0,False
810777,704AP34,704AP34,,-1.000000,1,,BSE,1.000000,0,False
976852,965MFL028,965MFL028,,-1.000000,1,,BSE,1.000000,0,False
976854,695VIT28,695VIT28,,-1.000000,1,,BSE,1.000000,0,False
976856,740AVFL30,740AVFL30,,-1.000000,1,,BSE,1.000000,0,False
976857,1025HFL30,1025HFL30,,-1.000000,1,,BSE,1.000000,0,False
937455,96IIFL28A,96IIFL28A,,-1.000000,1,,BSE,1.000000,0,False
937489,KFLZC28A,KFLZC28A,,-1.000000,1,,BSE,1.000000,0,False
937639,97EFSL31,97EFSL31,,-1.000000,1,,BSE,1.000000,0,False
937687,850SCL25A,850SCL25A,,-1.000000,1,,BSE,1.000000,0,False
974906,743NBFID33,743NBFID33,,-1.000000,1,,BSE,1.000000,0,False
974920,950HLFL33,950HLFL33,,-1.000000,1,,BSE,1.000000,0,False
974938,HFL280623,HFL280623,,-1.000000,1,,BSE,1.000000,0,False
974945,805KIDFL28,805KIDFL28,,-1.000000,1,,BSE,1.000000,0,False
810782,675GJ29,675GJ29,,-1.000000,1,,BSE,1.000000,0,False
810788,634RJ27,634RJ27,,-1.000000,1,,BSE,1.000000,0,False
810792,69KA31,69KA31,,-1.000000,1,,BSE,1.000000,0,False
810805,722KA35,722KA35,,-1.000000,1,,BSE,1.000000,0,False
976858,770PFL30,770PFL30,,-1.000000,1,,BSE,1.000000,0,False
976861,680SMIL30,680SMIL30,,-1.000000,1,,BSE,1.000000,0,False
976863,1225LXAA28,1225LXAA28,,-1.000000,1,,BSE,1.000000,0,False
976865,1125MBFL27,1125MBFL27,,-1.000000,1,,BSE,1.000000,0,False
810820,706GJ32,706GJ32,,-1.000000,1,,BSE,1.000000,0,False
810821,713KA38,713KA38,,-1.000000,1,,BSE,1.000000,0,False
810825,748AP38,748AP38,,-1.000000,1,,BSE,1.000000,0,False
810826,731AP42,731AP42,,-1.000000,1,,BSE,1.000000,0,False
937825,820IIFL27,820IIFL27,,-1.000000,1,,BSE,1.000000,0,False
974954,849KIIFB28,849KIIFB28,,-1.000000,1,,BSE,1.000000,0,False
974960,849KIIFB33,849KIIFB33,,-1.000000,1,,BSE,1.000000,0,False
974978,803ABHF27,803ABHF27,,-1.000000,1,,BSE,1.000000,0,False
974996,940AFS28,940AFS28,,-1.000000,1,,BSE,1.000000,0,False
976867,749RCFL28,749RCFL28,,-1.000000,1,,BSE,1.000000,0,False
976869,875OPL27,875OPL27,,-1.000000,1,,BSE,1.000000,0,False
976883,784LBTL44,784LBTL44,,-1.000000,1,,BSE,1.000000,0,False
976899,770WXTL43,770WXTL43,,-1.000000,1,,BSE,1.000000,0,False
937723,875IIFL26,875IIFL26,,-1.000000,1,,BSE,1.000000,0,False
937773,910MFL26,910MFL26,,-1.000000,1,,BSE,1.000000,0,False
937803,EFSL26A,EFSL26A,,-1.000000,1,,BSE,1.000000,0,False
810844,763MH30,763MH30,,-1.000000,1,,BSE,1.000000,0,False
810855,794TN32,794TN32,,-1.000000,1,,BSE,1.000000,0,False
810858,784TN52,784TN52,,-1.000000,1,,BSE,5.000000,0,False
810866,795TS35,795TS35,,-1.000000,1,,BSE,1.000000,0,False
937885,850MFL27,850MFL27,,-1.000000,1,,BSE,1.000000,0,False
937923,1125KAFL27,1125KAFL27,,-1.000000,1,,BSE,1.000000,0,False
937937,KFLZC26D,KFLZC26D,,-1.000000,1,,BSE,1.000000,0,False
937941,KFLZC29,KFLZC29,,-1.000000,1,,BSE,1.000000,0,False
975010,1005MFL29,1005MFL29,,-1.000000,1,,BSE,1.000000,0,False
975021,790JUPPL28,790JUPPL28,,-1.000000,1,,BSE,1.000000,0,False
975033,1005MFL29A,1005MFL29A,,-1.000000,1,,BSE,1.000000,0,False
975055,785BHFL28,785BHFL28,,-1.000000,1,,BSE,1.000000,0,False
976901,925CGCL28,925CGCL28,,-1.000000,1,,BSE,1.000000,0,False
976914,705MMFSL27,705MMFSL27,,-1.000000,1,,BSE,1.000000,0,False
976919,1075SCNL30,1075SCNL30,,-1.000000,1,,BSE,1.000000,0,False
976924,11DKGFS27,11DKGFS27,,-1.000000,1,,BSE,1.000000,0,False
810870,761GJ32,761GJ32,,-1.000000,1,,BSE,5.000000,0,False
810871,764TN32,764TN32,,-1.000000,1,,BSE,5.000000,0,False
810876,785KL35,785KL35,,-1.000000,1,,BSE,1.000000,0,False
810886,749GJ26,749GJ26,,-1.000000,1,,BSE,1.000000,0,False
976945,749GHFL27,749GHFL27,,-1.000000,1,,BSE,1.000000,0,False
976948,990OFSL28,990OFSL28,,-1.000000,1,,BSE,1.000000,0,False
976955,9PFL27,9PFL27,,-1.000000,1,,BSE,1.000000,0,False
976957,8424ABCPRP,8424ABCPRP,,-1.000000,1,,BSE,1.000000,0,False
937965,875SCL27,875SCL27,,-1.000000,1,,BSE,1.000000,0,False
937969,843SCL27,843SCL27,,-1.000000,1,,BSE,1.000000,0,False
938011,MFLII27B,MFLII27B,,-1.000000,1,,BSE,1.000000,0,False
938091,11IML27,11IML27,,-1.000000,1,,BSE,1.000000,0,False
975074,8AFL26,8AFL26,,-1.000000,1,,BSE,1.000000,0,False
975145,845SFL26,845SFL26,,-1.000000,1,,BSE,1.000000,0,False
975149,PSLPLZC29,PSLPLZC29,,-1.000000,1,,BSE,1.000000,0,False
975150,1010SML26,1010SML26,,-1.000000,1,,BSE,1.000000,0,False
810887,762MH30A,762MH30A,,-1.000000,1,,BSE,1.000000,0,False
810902,78KL45,78KL45,,-1.000000,1,,BSE,1.000000,0,False
810904,757GJ26,757GJ26,,-1.000000,1,,BSE,1.000000,0,False
810906,767KA32,767KA32,,-1.000000,1,,BSE,5.000000,0,False
977000,1062KFL28,1062KFL28,,-1.000000,1,,BSE,1.000000,0,False
977004,975PDL28,975PDL28,,-1.000000,1,,BSE,1.000000,0,False
977005,804AFL35,804AFL35,,-1.000000,1,,BSE,1.000000,0,False
977013,85ABDFVL27,85ABDFVL27,,-1.000000,1,,BSE,1.000000,0,False
938196,1050KLM27,1050KLM27,,-1.000000,1,,BSE,1.000000,0,False
938212,935EFSL27,935EFSL27,,-1.000000,1,,BSE,1.000000,0,False
938254,89SCL24A,89SCL24A,,-1.000000,1,,BSE,1.000000,0,False
938280,CAGL27A,CAGL27A,,-1.000000,1,,BSE,1.000000,0,False
975172,1195LFL26,1195LFL26,,-1.000000,1,,BSE,1.000000,0,False
975193,779RIL33,779RIL33,,-1.000000,1,,BSE,1.000000,0,False
975238,767IIFCL38,767IIFCL38,,-1.000000,1,,BSE,1.000000,0,False
975245,799BOM33,799BOM33,,-1.000000,1,,BSE,1.000000,0,False
810912,759KA38,759KA38,,-1.000000,1,,BSE,1.000000,0,False
810919,757TN33,757TN33,,-1.000000,1,,BSE,1.000000,0,False
810926,766GJ30,766GJ30,,-1.000000,1,,BSE,5.000000,0,False
810927,759MP38,759MP38,,-1.000000,1,,BSE,1.000000,0,False
938336,CCILZC29,CCILZC29,,-1.000000,1,,BSE,1.000000,0,False
938422,985SFIL28,985SFIL28,,-1.000000,1,,BSE,1.000000,0,False
938544,95KFL27A,95KFL27A,,-1.000000,1,,BSE,1.000000,0,False
938606,SFL28,SFL28,,-1.000000,1,,BSE,1.000000,0,False
975259,923SFL27,923SFL27,,-1.000000,1,,BSE,1.000000,0,False
975280,13EFL29,13EFL29,,-1.000000,1,,BSE,1.000000,0,False
975306,1050HFL27B,1050HFL27B,,-1.000000,1,,BSE,1.000000,0,False
975314,880APSEZ34,880APSEZ34,,-1.000000,1,,BSE,1.000000,0,False
977035,360OP19825,360OP19825,,-1.000000,1,,BSE,1.000000,0,False
977044,111KFL27,111KFL27,,-1.000000,1,,BSE,1.000000,0,False
977049,SFL200825,SFL200825,,-1.000000,1,,BSE,1.000000,0,False
977050,734KMIL28,734KMIL28,,-1.000000,1,,BSE,1.000000,0,False
810928,772MH31,772MH31,,-1.000000,1,,BSE,1.000000,0,False
810938,772MH32,772MH32,,-1.000000,1,,BSE,5.000000,0,False
810941,777MP47,777MP47,,-1.000000,1,,BSE,1.000000,0,False
810943,736MH28,736MH28,,-1.000000,1,,BSE,5.000000,0,False
977051,1225AX25,1225AX25,,-1.000000,100000,,BSE,1.000000,0,False
977063,855HGIEL28,855HGIEL28,,-1.000000,1,,BSE,1.000000,0,False
977068,1095BRFL27,1095BRFL27,,-1.000000,1,,BSE,1.000000,0,False
977069,785MUML38,785MUML38,,-1.000000,1,,BSE,1.000000,0,False
810961,744TN33B,744TN33B,,-1.000000,1,,BSE,5.000000,0,False
810963,744AP36,744AP36,,-1.000000,1,,BSE,1.000000,0,False
810971,77MH33A,77MH33A,,-1.000000,1,,BSE,5.000000,0,False
810973,765GJ29A,765GJ29A,,-1.000000,1,,BSE,1.000000,0,False
938622,IML29,IML29,,-1.000000,1,,BSE,1.000000,0,False
938704,750PFCL38,750PFCL38,,-1.000000,1,,BSE,1.000000,0,False
938718,CIFC28,CIFC28,,-1.000000,1,,BSE,1.000000,0,False
938834,10SCL30A,10SCL30A,,-1.000000,1,,BSE,1.000000,0,False
975317,820KMPL27,820KMPL27,,-1.000000,1,,BSE,1.000000,0,False
975328,835MMFSL34,835MMFSL34,,-1.000000,1,,BSE,1.000000,0,False
975353,879PCBL29,879PCBL29,,-1.000000,1,,BSE,1.000000,0,False
975354,890ACL29,890ACL29,,-1.000000,1,,BSE,1.000000,0,False
977075,1025NBFS27,1025NBFS27,,-1.000000,1,,BSE,1.000000,0,False
977101,758PFL28A,758PFL28A,,-1.000000,1,,BSE,1.000000,0,False
977104,880PFL28,880PFL28,,-1.000000,1,,BSE,1.000000,0,False
977115,770IREDPRP,770IREDPRP,,-1.000000,1,,BSE,1.000000,0,False
810988,76TN31,76TN31,,-1.000000,1,,BSE,1.000000,0,False
811001,75TN31,75TN31,,-1.000000,1,,BSE,1.000000,0,False
811002,75AP32,75AP32,,-1.000000,1,,BSE,1.000000,0,False
811014,727TNSDL54,727TNSDL54,,-1.000000,1,,BSE,1.000000,0,False
938844,1025SCL33A,1025SCL33A,,-1.000000,1,,BSE,1.000000,0,False
938880,MFL28A,MFL28A,,-1.000000,1,,BSE,1.000000,0,False
938888,ABCL28,ABCL28,,-1.000000,1,,BSE,1.000000,0,False
939088,MML26A,MML26A,,-1.000000,1,,BSE,1.000000,0,False
975361,1175AIHF27,1175AIHF27,,-1.000000,1,,BSE,1.000000,0,False
975368,835GRIL29,835GRIL29,,-1.000000,1,,BSE,1.000000,0,False
975407,749PFC34,749PFC34,,-1.000000,1,,BSE,1.000000,0,False
975408,835SBIGI34,835SBIGI34,,-1.000000,1,,BSE,1.000000,0,False
811021,734TMSDL34,734TMSDL34,,-1.000000,1,,BSE,1.000000,0,False
811047,708GJSDL33,708GJSDL33,,-1.000000,1,,BSE,1.000000,0,False
811074,754TGSDL55,754TGSDL55,,-1.000000,1,,BSE,1.000000,0,False
811088,726MAHSD42,726MAHSD42,,-1.000000,1,,BSE,1.000000,0,False
977118,7299KMPL28,7299KMPL28,,-1.000000,1,,BSE,1.000000,0,False
977120,7MBPR27,7MBPR27,,-1.000000,1,,BSE,1.000000,0,False
977136,87AML028,87AML028,,-1.000000,1,,BSE,1.000000,0,False
977142,980MML28,980MML28,,-1.000000,1,,BSE,1.000000,0,False
939112,940SCL26B,940SCL26B,,-1.000000,1,,BSE,1.000000,0,False
939120,SCLZC26G,SCLZC26G,,-1.000000,1,,BSE,1.000000,0,False
939152,10ARKA28,10ARKA28,,-1.000000,1,,BSE,1.000000,0,False
939160,925FL27,925FL27,,-1.000000,1,,BSE,1.000000,0,False
811095,717GJSDL34,717GJSDL34,,-1.000000,1,,BSE,1.000000,0,False
811110,762JKSDL41,762JKSDL41,,-1.000000,1,,BSE,5.000000,0,False
811113,747GJSDL36,747GJSDL36,,-1.000000,1,,BSE,1.000000,0,False
811136,761GJSDL39,761GJSDL39,,-1.000000,1,,BSE,1.000000,0,False
975419,NWIL22224,NWIL22224,,-1.000000,1,,BSE,1.000000,0,False
975430,AIPLREST29,AIPLREST29,,-1.000000,1,,BSE,1.000000,0,False
975433,744IRFC34,744IRFC34,,-1.000000,1,,BSE,1.000000,0,False
975467,91SFL27A,91SFL27A,,-1.000000,1,,BSE,1.000000,0,False
977150,76RCFL29,76RCFL29,,-1.000000,1,,BSE,1.000000,0,False
977156,1099IGIC35,1099IGIC35,,-1.000000,1,,BSE,1.000000,0,False
977161,970OFSL28,970OFSL28,,-1.000000,1,,BSE,1.000000,0,False
977174,95KRL28,95KRL28,,-1.000000,1,,BSE,1.000000,0,False
939192,960EFSL27,960EFSL27,,-1.000000,1,,BSE,1.000000,0,False
939230,CIF29,CIF29,,-1.000000,1,,BSE,1.000000,0,False
939234,915MFL27,915MFL27,,-1.000000,1,,BSE,1.000000,0,False
939236,935MFL29,935MFL29,,-1.000000,1,,BSE,1.000000,0,False
811143,765APSDL43,765APSDL43,,-1.000000,1,,BSE,1.000000,0,False
811144,759TNSDL41,759TNSDL41,,-1.000000,1,,BSE,1.000000,0,False
929002,89GHMC28,89GHMC28,,-1.000000,1,,BSE,1.000000,0,False
935510,752PFCL30,752PFCL30,,-1.000000,1,,BSE,1.000000,0,False
939264,1150IML29,1150IML29,,-1.000000,1,,BSE,1.000000,0,False
939266,IML1622024,IML1622024,,-1.000000,1,,BSE,1.000000,0,False
939305,1050NIDO29,1050NIDO29,,-1.000000,1,,BSE,1.000000,0,False
939365,971SCL29,971SCL29,,-1.000000,1,,BSE,1.000000,0,False
975473,835AFL27,835AFL27,,-1.000000,1,,BSE,1.000000,0,False
975477,735PGCIL34,735PGCIL34,,-1.000000,1,,BSE,1.000000,0,False
975482,796PIL27,796PIL27,,-1.000000,1,,BSE,1.000000,0,False
975491,889KFC34,889KFC34,,-1.000000,1,,BSE,1.000000,0,False
977189,NWFL300925,NWFL300925,,-1.000000,1,,BSE,1.000000,0,False
977217,785BPRL30,785BPRL30,,-1.000000,1,,BSE,1.000000,0,False
977239,799ATSTL42,799ATSTL42,,-1.000000,1,,BSE,1.000000,0,False
977245,11SSFL28,11SSFL28,,-1.000000,1,,BSE,1.000000,0,False
935642,764HUDCO31,764HUDCO31,,-1.000000,1,,BSE,1.000000,0,False
935686,735NABAR31,735NABAR31,,-1.000000,1,,BSE,1.000000,0,False
936294,910TCAP28,910TCAP28,,-1.000000,1,,BSE,1.000000,0,False
936574,905LTF27,905LTF27,,-1.000000,1,,BSE,1.000000,0,False
939401,IFL19424A,IFL19424A,,-1.000000,1,,BSE,1.000000,0,False
939431,0KFL28,0KFL28,,-1.000000,1,,BSE,1.000000,0,False
939501,1080MML29,1080MML29,,-1.000000,1,,BSE,1.000000,0,False
939559,921ONE29,921ONE29,,-1.000000,1,,BSE,1.000000,0,False
977251,18VPIL29,18VPIL29,,-1.000000,1,,BSE,1.000000,0,False
977254,699OPAL30,699OPAL30,,-1.000000,1,,BSE,1.000000,0,False
977264,73MRHF28,73MRHF28,,-1.000000,1,,BSE,1.000000,0,False
977265,0360OPL28,0360OPL28,,-1.000000,1,,BSE,1.000000,0,False
936656,MHLZC26,MHLZC26,,-1.000000,1,,BSE,1.000000,0,False
936724,104ECL29A,104ECL29A,,-1.000000,1,,BSE,1.000000,0,False
937071,91SFL27,91SFL27,,-1.000000,1,,BSE,1.000000,0,False
937205,1025KFL27,1025KFL27,,-1.000000,1,,BSE,1.000000,0,False
975523,751BSNL34,751BSNL34,,-1.000000,1,,BSE,1.000000,0,False
975525,820ABHFL27,820ABHFL27,,-1.000000,1,,BSE,1.000000,0,False
975530,838KMIL27,838KMIL27,,-1.000000,1,,BSE,1.000000,0,False
975567,975VFL28,975VFL28,,-1.000000,1,,BSE,1.000000,0,False
937373,7PFCL31,7PFCL31,,-1.000000,1,,BSE,1.000000,0,False
937377,683PFCL31,683PFCL31,,-1.000000,1,,BSE,1.000000,0,False
937381,697PFCL36,697PFCL36,,-1.000000,1,,BSE,1.000000,0,False
937385,715PFCL36,715PFCL36,,-1.000000,1,,BSE,1.000000,0,False
939565,985ONE34,985ONE34,,-1.000000,1,,BSE,1.000000,0,False
939571,957IIFLS27,957IIFLS27,,-1.000000,1,,BSE,1.000000,0,False
939589,1003NHFL29,1003NHFL29,,-1.000000,1,,BSE,1.000000,0,False
939603,925SFL27A,925SFL27A,,-1.000000,1,,BSE,1.000000,0,False
977268,79PFL31,79PFL31,,-1.000000,1,,BSE,1.000000,0,False
977269,79PFL30,79PFL30,,-1.000000,1,,BSE,1.000000,0,False
977277,765GICHF28,765GICHF28,,-1.000000,1,,BSE,1.000000,0,False
977278,850PDL28,850PDL28,,-1.000000,1,,BSE,1.000000,0,False
975569,995IFL27,995IFL27,,-1.000000,1,,BSE,1.000000,0,False
975589,759RL27,759RL27,,-1.000000,1,,BSE,1.000000,0,False
975607,935AKCFL27,935AKCFL27,,-1.000000,1,,BSE,1.000000,0,False
975614,AFI260324A,AFI260324A,,-1.000000,1,,BSE,1.000000,0,False
937433,MMLZC28,MMLZC28,,-1.000000,1,,BSE,1.000000,0,False
937451,MFLZC27E,MFLZC27E,,-1.000000,1,,BSE,1.000000,0,False
937619,10IIFL28,10IIFL28,,-1.000000,1,,BSE,1.000000,0,False
937621,96IIFL28,96IIFL28,,-1.000000,1,,BSE,1.000000,0,False
977288,99MML27,99MML27,,-1.000000,1,,BSE,1.000000,0,False
977289,10MML28,10MML28,,-1.000000,1,,BSE,1.000000,0,False
977302,840JFSL27,840JFSL27,,-1.000000,1,,BSE,1.000000,0,False
977314,925CGCL28B,925CGCL28B,,-1.000000,1,,BSE,1.000000,0,False
939607,1025SF29,1025SF29,,-1.000000,1,,BSE,1.000000,0,False
939625,1050EFSL29,1050EFSL29,,-1.000000,1,,BSE,1.000000,0,False
939633,11EFSL34,11EFSL34,,-1.000000,1,,BSE,1.000000,0,False
939635,11EFSL34A,11EFSL34A,,-1.000000,1,,BSE,1.000000,0,False
975628,1450DKGF27,1450DKGF27,,-1.000000,1,,BSE,1.000000,0,False
975656,9SFL27,9SFL27,,-1.000000,1,,BSE,1.000000,0,False
975660,1005MFL28,1005MFL28,,-1.000000,1,,BSE,1.000000,0,False
975689,DKGF240524,DKGF240524,,-1.000000,1,,BSE,1.000000,0,False
937745,12IML26A,12IML26A,,-1.000000,1,,BSE,1.000000,0,False
937785,MFL29A,MFL29A,,-1.000000,1,,BSE,1.000000,0,False
937859,875SCFL27,875SCFL27,,-1.000000,1,,BSE,1.000000,0,False
937863,843SCFL27,843SCFL27,,-1.000000,1,,BSE,1.000000,0,False
939647,102SMCGS27,102SMCGS27,,-1.000000,1,,BSE,1.000000,0,False
939659,1025KFL29,1025KFL29,,-1.000000,1,,BSE,1.000000,0,False
939679,1075KAFL29,1075KAFL29,,-1.000000,1,,BSE,1.000000,0,False
939787,925SCL29C,925SCL29C,,-1.000000,1,,BSE,1.000000,0,False
977318,1085MGFL26,1085MGFL26,,-1.000000,1,,BSE,1.000000,0,False
977323,785ISFCL30,785ISFCL30,,-1.000000,1,,BSE,1.000000,0,False
977326,950UCL27,950UCL27,,-1.000000,1,,BSE,1.000000,0,False
977336,1050HFL29,1050HFL29,,-1.000000,1,,BSE,1.000000,0,False
937887,875MFL28,875MFL28,,-1.000000,1,,BSE,1.000000,0,False
937895,MFLZC27A,MFLZC27A,,-1.000000,1,,BSE,1.000000,0,False
937899,MFLZC30,MFLZC30,,-1.000000,1,,BSE,1.000000,0,False
937925,KAFLZC28,KAFLZC28,,-1.000000,1,,BSE,1.000000,0,False
975701,818MMFSL29,818MMFSL29,,-1.000000,1,,BSE,1.000000,0,False
975724,950SFL27A,950SFL27A,,-1.000000,1,,BSE,1.000000,0,False
975728,0SFL29,0SFL29,,-1.000000,1,,BSE,1.000000,0,False
975732,873ELL27,873ELL27,,-1.000000,1,,BSE,1.000000,0,False
977355,886SCL30,886SCL30,,-1.000000,1,,BSE,1.000000,0,False
977363,1225FCPL28,1225FCPL28,,-1.000000,1,,BSE,1.000000,0,False
977366,73SCCL29,73SCCL29,,-1.000000,1,,BSE,1.000000,0,False
977373,824CFSL27,824CFSL27,,-1.000000,1,,BSE,1.000000,0,False
938127,925KFL27,925KFL27,,-1.000000,1,,BSE,1.000000,0,False
938200,KAFL29,KAFL29,,-1.000000,1,,BSE,1.000000,0,False
938252,915SCL27A,915SCL27A,,-1.000000,1,,BSE,1.000000,0,False
938382,865IIFL28,865IIFL28,,-1.000000,1,,BSE,1.000000,0,False
939789,971SCL29B,971SCL29B,,-1.000000,1,,BSE,1.000000,0,False
939825,1050NHF29,1050NHF29,,-1.000000,1,,BSE,1.000000,0,False
939835,1025UCL26A,1025UCL26A,,-1.000000,1,,BSE,1.000000,0,False
939851,1050EFS29C,1050EFS29C,,-1.000000,1,,BSE,1.000000,0,False
975747,925SKFLD27,925SKFLD27,,-1.000000,1,,BSE,1.000000,0,False
975758,812KMPL27,812KMPL27,,-1.000000,1,,BSE,1.000000,0,False
975763,794MBPR31,794MBPR31,,-1.000000,1,,BSE,1.000000,0,False
975771,1025UCL27,1025UCL27,,-1.000000,1,,BSE,1.000000,0,False
977387,1125SSFL27,1125SSFL27,,-1.000000,1,,BSE,1.000000,0,False
977413,11CFPL27A,11CFPL27A,,-1.000000,1,,BSE,1.000000,0,False
977417,1135NFL27,1135NFL27,,-1.000000,1,,BSE,1.000000,0,False
977426,1180FCPL29,1180FCPL29,,-1.000000,1,,BSE,1.000000,0,False
938528,EFSL28,EFSL28,,-1.000000,1,,BSE,1.000000,0,False
938558,810MFL2028,810MFL2028,,-1.000000,1,,BSE,1.000000,0,False
938632,865IFL28,865IFL28,,-1.000000,1,,BSE,1.000000,0,False
938666,1045EFS33,1045EFS33,,-1.000000,1,,BSE,1.000000,0,False
939875,99MFCL29,99MFCL29,,-1.000000,1,,BSE,1.000000,0,False
939901,IML8112024,IML8112024,,-1.000000,1,,BSE,1.000000,0,False
939905,9MML27,9MML27,,-1.000000,1,,BSE,1.000000,0,False
939979,9IHFL27,9IHFL27,,-1.000000,1,,BSE,1.000000,0,False
975777,839OPAL27,839OPAL27,,-1.000000,1,,BSE,1.000000,0,False
975808,1180NFL27,1180NFL27,,-1.000000,1,,BSE,1.000000,0,False
975882,78BOM34,78BOM34,,-1.000000,1,,BSE,1.000000,0,False
975889,785UML27A,785UML27A,,-1.000000,1,,BSE,1.000000,0,False
977427,1116FFSL27,1116FFSL27,,-1.000000,1,,BSE,1.000000,0,False
977461,892NWFL28,892NWFL28,,-1.000000,1,,BSE,1.000000,0,False
977467,10DCAL29,10DCAL29,,-1.000000,1,,BSE,1.000000,0,False
977471,930KIIFB33,930KIIFB33,,-1.000000,1,,BSE,1.000000,0,False
938692,925SCL28I,925SCL28I,,-1.000000,1,,BSE,1.000000,0,False
938738,940CAGL27,940CAGL27,,-1.000000,1,,BSE,1.000000,0,False
938742,970CAGL28,970CAGL28,,-1.000000,1,,BSE,1.000000,0,False
938784,1045NIDO33,1045NIDO33,,-1.000000,1,,BSE,1.000000,0,False
940001,SCL271224A,SCL271224A,,-1.000000,1,,BSE,1.000000,0,False
940071,MFL10125,MFL10125,,-1.000000,1,,BSE,1.000000,0,False
977472,930KIIFB34,930KIIFB34,,-1.000000,1,,BSE,1.000000,0,False
977500,830APL30,830APL30,,-1.000000,1,,BSE,1.000000,0,False
977521,715HZL29,715HZL29,,-1.000000,1,,BSE,1.000000,0,False
977525,875DFPL27,875DFPL27,,-1.000000,1,,BSE,1.000000,0,False
940033,95NHFL27,95NHFL27,,-1.000000,1,,BSE,1.000000,0,False
940055,925MFL28,925MFL28,,-1.000000,1,,BSE,1.000000,0,False
938804,MFL31,MFL31,,-1.000000,1,,BSE,1.000000,0,False
938886,805ABCL28,805ABCL28,,-1.000000,1,,BSE,1.000000,0,False
938908,EFSLZC28C,EFSLZC28C,,-1.000000,1,,BSE,1.000000,0,False
938932,MFL31A,MFL31A,,-1.000000,1,,BSE,1.000000,0,False
975901,925VJRT27,925VJRT27,,-1.000000,1,,BSE,1.000000,0,False
975925,9JMFHL28B,9JMFHL28B,,-1.000000,1,,BSE,1.000000,0,False
975934,IFL190824A,IFL190824A,,-1.000000,1,,BSE,1.000000,0,False
975949,731RECL39,731RECL39,,-1.000000,1,,BSE,1.000000,0,False
977526,801PFL36,801PFL36,,-1.000000,1,,BSE,1.000000,0,False
977528,9OPL29,9OPL29,,-1.000000,1,,BSE,1.000000,0,False
977538,RRAFPL28,RRAFPL28,,-1.000000,1,,BSE,1.000000,0,False
977544,845AAHL29,845AAHL29,,-1.000000,1,,BSE,1.000000,0,False
940075,MFL10125B,MFL10125B,,-1.000000,1,,BSE,1.000000,0,False
940093,CCI170125A,CCI170125A,,-1.000000,1,,BSE,1.000000,0,False
940111,EFSL24125A,EFSL24125A,,-1.000000,1,,BSE,1.000000,0,False
940127,1250ICLF30,1250ICLF30,,-1.000000,1,,BSE,1.000000,0,False
938958,935PFL33,935PFL33,,-1.000000,1,,BSE,1.000000,0,False
938976,902SCL26A,902SCL26A,,-1.000000,1,,BSE,1.000000,0,False
938986,1015SCL28,1015SCL28,,-1.000000,1,,BSE,1.000000,0,False
938990,971SCL28A,971SCL28A,,-1.000000,1,,BSE,1.000000,0,False
975950,73BOB34,73BOB34,,-1.000000,1,,BSE,1.000000,0,False
975981,772TIL34,772TIL34,,-1.000000,1,,BSE,1.000000,0,False
977546,10MGFL27,10MGFL27,,-1.000000,1,,BSE,1.000000,0,False
977548,95EFSL29,95EFSL29,,-1.000000,1,,BSE,1.000000,0,False
977550,785AVHFI31,785AVHFI31,,-1.000000,1,,BSE,1.000000,0,False
977551,787HUDCPRP,787HUDCPRP,,-1.000000,1,,BSE,1.000000,0,False
975956,722HPCL29,722HPCL29,,-1.000000,1,,BSE,1.000000,0,False
975968,855ABREL29,855ABREL29,,-1.000000,1,,BSE,1.000000,0,False
940139,ICLF27125B,ICLF27125B,,-1.000000,1,,BSE,1.000000,0,False
940163,945MFLIV30,945MFLIV30,,-1.000000,1,,BSE,1.000000,0,False
940207,SCL190325A,SCL190325A,,-1.000000,1,,BSE,1.000000,0,False
940219,1075SCL35,1075SCL35,,-1.000000,1,,BSE,1.000000,0,False
939000,925SCL25G,925SCL25G,,-1.000000,1,,BSE,1.000000,0,False
939002,965SCL25F,965SCL25F,,-1.000000,1,,BSE,1.000000,0,False
939010,1030IFSL26,1030IFSL26,,-1.000000,1,,BSE,1.000000,0,False
939038,125ICFL26,125ICFL26,,-1.000000,1,,BSE,1.000000,0,False
977556,980LGS1828,980LGS1828,,-1.000000,100000,,BSE,1.000000,0,False
977557,12IOPPL30,12IOPPL30,,-1.000000,1,,BSE,1.000000,0,False
977568,695RECL28,695RECL28,,-1.000000,1,,BSE,1.000000,0,False
977572,761IIL31,761IIL31,,-1.000000,1,,BSE,1.000000,0,False
940223,1025SCL35A,1025SCL35A,,-1.000000,1,,BSE,1.000000,0,False
940239,10NHFL28A,10NHFL28A,,-1.000000,1,,BSE,1.000000,0,False
940249,SFL040425D,SFL040425D,,-1.000000,1,,BSE,1.000000,0,False
940285,MML210425,MML210425,,-1.000000,1,,BSE,1.000000,0,False
975983,910PLM28,910PLM28,,-1.000000,1,,BSE,1.000000,0,False
976001,875AVHFI29,875AVHFI29,,-1.000000,1,,BSE,1.000000,0,False
976020,0CIPL28,0CIPL28,,-1.000000,1,,BSE,1.000000,0,False
976068,915AFPL027,915AFPL027,,-1.000000,1,,BSE,1.000000,0,False
939086,MML26,MML26,,-1.000000,1,,BSE,1.000000,0,False
939184,966ONE29,966ONE29,,-1.000000,1,,BSE,1.000000,0,False
939202,10EFSL34,10EFSL34,,-1.000000,1,,BSE,1.000000,0,False
939212,850MFL27A,850MFL27A,,-1.000000,1,,BSE,1.000000,0,False
977581,NWFL24226,NWFL24226,,-1.000000,1,,BSE,1.000000,0,False
977592,729NHPCL38,729NHPCL38,,-1.000000,1,,BSE,1.000000,0,False
977594,729NHPCL40,729NHPCL40,,-1.000000,1,,BSE,1.000000,0,False
977606,749EOPR36,749EOPR36,,-1.000000,1,,BSE,1.000000,0,False
976069,940AKCFL27,940AKCFL27,,-1.000000,1,,BSE,1.000000,0,False
976086,949KIIFB30,949KIIFB30,,-1.000000,1,,BSE,1.000000,0,False
976096,1050HFL30,1050HFL30,,-1.000000,1,,BSE,1.000000,0,False
976100,79611HDB28,79611HDB28,,-1.000000,1,,BSE,1.000000,0,False
939299,10NIDO27,10NIDO27,,-1.000000,1,,BSE,1.000000,0,False
939361,1015SCFL29,1015SCFL29,,-1.000000,1,,BSE,1.000000,0,False
939387,12IFL27,12IFL27,,-1.000000,1,,BSE,1.000000,0,False
939395,IFL1942024,IFL1942024,,-1.000000,1,,BSE,1.000000,0,False
940301,IIFL21425A,IIFL21425A,,-1.000000,1,,BSE,1.000000,0,False
940343,EFSL30425A,EFSL30425A,,-1.000000,1,,BSE,1.000000,0,False
940349,11EFSL35G,11EFSL35G,,-1.000000,1,,BSE,1.000000,0,False
940357,10MML28A,10MML28A,,-1.000000,1,,BSE,1.000000,0,False
977639,895VL29,895VL29,,-1.000000,1,,BSE,1.000000,0,False
977640,10IML28,10IML28,,-1.000000,1,,BSE,1.000000,0,False
977654,11RCL34A,11RCL34A,,-1.000000,1,,BSE,1.000000,0,False
977659,1175MCFL28,1175MCFL28,,-1.000000,1,,BSE,1.000000,0,False
976124,808MRRL35,808MRRL35,,-1.000000,1,,BSE,1.000000,0,False
976143,114BFL26,114BFL26,,-1.000000,1,,BSE,1.000000,0,False
976148,95HLFL30,95HLFL30,,-1.000000,1,,BSE,1.000000,0,False
976156,78241ABH29,78241ABH29,,-1.000000,1,,BSE,1.000000,0,False
939421,0KFL27,0KFL27,,-1.000000,1,,BSE,1.000000,0,False
939423,967EFSL29A,967EFSL29A,,-1.000000,1,,BSE,1.000000,0,False
939427,10KFL28A,10KFL28A,,-1.000000,1,,BSE,1.000000,0,False
939465,MFCL30424C,MFCL30424C,,-1.000000,1,,BSE,1.000000,0,False
977663,1250RIST33,1250RIST33,,-1.000000,1,,BSE,1.000000,0,False
977666,135ING5028,135ING5028,,-1.000000,100000,,BSE,1.000000,0,False
977695,1025MFL31A,1025MFL31A,,-1.000000,1,,BSE,1.000000,0,False
977700,1250BCSL29,1250BCSL29,,-1.000000,1,,BSE,1.000000,0,False
940391,955MFL31,955MFL31,,-1.000000,1,,BSE,1.000000,0,False
940435,1030NHFL30,1030NHFL30,,-1.000000,1,,BSE,1.000000,0,False
940437,NHFL20725,NHFL20725,,-1.000000,1,,BSE,1.000000,0,False
940439,1025NHFL35,1025NHFL35,,-1.000000,1,,BSE,1.000000,0,False
976193,775IHFCL34,775IHFCL34,,-1.000000,1,,BSE,1.000000,0,False
976205,AXFL291124,AXFL291124,,-1.000000,1,,BSE,1.000000,0,False
976246,10EFCL27,10EFCL27,,-1.000000,1,,BSE,1.000000,0,False
976248,0MSFL026,0MSFL026,,-1.000000,1,,BSE,1.000000,0,False
939467,MFCL30424D,MFCL30424D,,-1.000000,1,,BSE,1.000000,0,False
939505,0MML29A,0MML29A,,-1.000000,1,,BSE,1.000000,0,False
939529,1015SCL29,1015SCL29,,-1.000000,1,,BSE,1.000000,0,False
939535,10SCL31A,10SCL31A,,-1.000000,1,,BSE,1.000000,0,False
977702,98OFSL27,98OFSL27,,-1.000000,1,,BSE,1.000000,0,False
977704,901HFSPL29,901HFSPL29,,-1.000000,1,,BSE,1.000000,0,False
977706,910AML28,910AML28,,-1.000000,1,,BSE,1.000000,0,False
977718,PFL06426,PFL06426,,-1.000000,1,,BSE,1.000000,0,False
976250,95SFL027,95SFL027,,-1.000000,1,,BSE,1.000000,0,False
976251,SFL24,SFL24,,-1.000000,1,,BSE,1.000000,0,False
976257,766BHFL28,766BHFL28,,-1.000000,1,,BSE,1.000000,0,False
976264,823IIL34,823IIL34,,-1.000000,1,,BSE,1.000000,0,False
939561,96ONE29,96ONE29,,-1.000000,1,,BSE,1.000000,0,False
939585,10NHFL27,10NHFL27,,-1.000000,1,,BSE,1.000000,0,False
939605,0SFL27A,0SFL27A,,-1.000000,1,,BSE,1.000000,0,False
939651,0SMCGSL27,0SMCGSL27,,-1.000000,1,,BSE,1.000000,0,False
940473,915AEL28,915AEL28,,-1.000000,1,,BSE,1.000000,0,False
940489,9EFSL27,9EFSL27,,-1.000000,1,,BSE,1.000000,0,False
940527,985KAFL27,985KAFL27,,-1.000000,1,,BSE,1.000000,0,False
940529,10KAFL27,10KAFL27,,-1.000000,1,,BSE,1.000000,0,False
976270,716PFCL40,716PFCL40,,-1.000000,1,,BSE,1.000000,0,False
976322,13IML27,13IML27,,-1.000000,1,,BSE,1.000000,0,False
976330,842AFL30,842AFL30,,-1.000000,1,,BSE,1.000000,0,False
976343,1065MFPL27,1065MFPL27,,-1.000000,1,,BSE,1.000000,0,False
977724,895AKCFL28,895AKCFL28,,-1.000000,1,,BSE,1.000000,0,False
977743,12AFIL31A,12AFIL31A,,-1.000000,1,,BSE,1.000000,0,False
977770,1125MML36,1125MML36,,-1.000000,1,,BSE,1.000000,0,False
977783,ZC360AAM29,ZC360AAM29,,-1.000000,1,,BSE,1.000000,0,False
939653,KFL070824B,KFL070824B,,-1.000000,1,,BSE,1.000000,0,False
939663,KFL070824D,KFL070824D,,-1.000000,1,,BSE,1.000000,0,False
939715,1150MML29,1150MML29,,-1.000000,1,,BSE,1.000000,0,False
939725,932AEL27,932AEL27,,-1.000000,1,,BSE,1.000000,0,False
940563,SCL01825,SCL01825,,-1.000000,1,,BSE,1.000000,0,False
940571,888SCL28,888SCL28,,-1.000000,1,,BSE,1.000000,0,False
940619,IFL200828C,IFL200828C,,-1.000000,1,,BSE,1.000000,0,False
940687,8SMC30,8SMC30,,-1.000000,1,,BSE,1.000000,0,False
504036,HIRECT,HIRECT,,-1.000000,1,,BSE,5.000000,0,False
504093,PANAENERG,PANAENERG,,-1.000000,1,,BSE,5.000000,0,False
504212,UNIVCABLES,UNIVCABLES,,-1.000000,1,,BSE,5.000000,0,False
977785,860IKFL28,860IKFL28,,-1.000000,1,,BSE,1.000000,0,False
939729,AEL120924A,AEL120924A,,-1.000000,1,,BSE,1.000000,0,False
939781,SCL25924C,SCL25924C,,-1.000000,1,,BSE,1.000000,0,False
939801,1025SCL34B,1025SCL34B,,-1.000000,1,,BSE,1.000000,0,False
939817,958NHFL27A,958NHFL27A,,-1.000000,1,,BSE,1.000000,0,False
976358,1225AFIL28,1225AFIL28,,-1.000000,1,,BSE,1.000000,0,False
976366,940UTD30,940UTD30,,-1.000000,1,,BSE,1.000000,0,False
976371,97AFPL27,97AFPL27,,-1.000000,1,,BSE,1.000000,0,False
976393,786ABHFL28,786ABHFL28,,-1.000000,1,,BSE,1.000000,0,False
504397,GANHOLD,GANHOLD,,-1.000000,1,,BSE,1.000000,0,False
504731,AZADIND,AZADIND,,-1.000000,1,,BSE,1.000000,0,False
504840,KAIRA,KAIRA,,-1.000000,1,,BSE,5.000000,0,False
504998,WMINIMT,WMINIMT,,-1.000000,50,,BSE,1.000000,0,False
940695,925CGCL28A,925CGCL28A,,-1.000000,1,,BSE,1.000000,0,False
940729,KFL101125,KFL101125,,-1.000000,1,,BSE,1.000000,0,False
940749,1130CCIL28,1130CCIL28,,-1.000000,1,,BSE,1.000000,0,False
940771,ICLF21225,ICLF21225,,-1.000000,1,,BSE,1.000000,0,False
939821,NHF081024,NHF081024,,-1.000000,1,,BSE,1.000000,0,False
939837,1040UCL27B,1040UCL27B,,-1.000000,1,,BSE,1.000000,0,False
939869,965MFCL30A,965MFCL30A,,-1.000000,1,,BSE,1.000000,0,False
939877,101MFCL30,101MFCL30,,-1.000000,1,,BSE,1.000000,0,False
976398,729HUDCO35,729HUDCO35,,-1.000000,1,,BSE,1.000000,0,False
976400,950HLFLPRP,950HLFLPRP,,-1.000000,1,,BSE,1.000000,0,False
976421,975OFS27,975OFS27,,-1.000000,1,,BSE,1.000000,0,False
976432,765TSL30,765TSL30,,-1.000000,1,,BSE,1.000000,0,False
505192,SMLMAH,SMLMAH,,-1.000000,1,,BSE,5.000000,0,False
505200,EICHERMOT,EICHERMOT,,-1.000000,1,,BSE,5.000000,0,True
505212,JAINEX,JAINEX,,-1.000000,1,,BSE,5.000000,0,False
505526,DOLATALGO,DOLATALGO,,-1.000000,1,,BSE,1.000000,0,False
940775,1175ICLF28,1175ICLF28,,-1.000000,1,,BSE,1.000000,0,False
940791,985EFSL30,985EFSL30,,-1.000000,1,,BSE,1.000000,0,False
940805,10KAFL27A,10KAFL27A,,-1.000000,1,,BSE,1.000000,0,False
940807,1025KAF027,1025KAF027,,-1.000000,1,,BSE,1.000000,0,False
939935,ICLF21224,ICLF21224,,-1.000000,1,,BSE,1.000000,0,False
939953,11KLMAFL29,11KLMAFL29,,-1.000000,1,,BSE,1.000000,0,False
940011,SCL271224B,SCL271224B,,-1.000000,1,,BSE,1.000000,0,False
940045,1050NHFL30,1050NHFL30,,-1.000000,1,,BSE,1.000000,0,False
976438,91PFL35,91PFL35,,-1.000000,1,,BSE,1.000000,0,False
976458,10MCSL28,10MCSL28,,-1.000000,1,,BSE,1.000000,0,False
976487,875AVHFI30,875AVHFI30,,-1.000000,1,,BSE,1.000000,0,False
976497,11RDCCL28,11RDCCL28,,-1.000000,1,,BSE,1.000000,0,False
505729,SINGERIND,SINGERIND,,-1.000000,1,,BSE,1.000000,0,False
505750,JOSTS,JOSTS,,-1.000000,1,,BSE,5.000000,0,False
506109,GENESYS,GENESYS,,-1.000000,1,,BSE,5.000000,0,False
506235,ALEMBICLTD,ALEMBICLTD,,-1.000000,1,,BSE,1.000000,0,False
940107,1004EFSL30,1004EFSL30,,-1.000000,1,,BSE,1.000000,0,False
940211,971SCL30,971SCL30,,-1.000000,1,,BSE,1.000000,0,False
940217,1025SCL35,1025SCL35,,-1.000000,1,,BSE,1.000000,0,False
940221,980SCL35,980SCL35,,-1.000000,1,,BSE,1.000000,0,False
940823,MML191225A,MML191225A,,-1.000000,1,,BSE,1.000000,0,False
940827,MML191225B,MML191225B,,-1.000000,1,,BSE,1.000000,0,False
940857,AEL1212026,AEL1212026,,-1.000000,1,,BSE,1.000000,0,False
940864,875MFL32,875MFL32,,-1.000000,1,,BSE,1.000000,0,False
506532,NITTAGELA,NITTAGELA,,-1.000000,1,,BSE,5.000000,0,False
506680,TECILCHEM,TECILCHEM,,-1.000000,1,,BSE,1.000000,0,False
506690,UNICHEMLAB,UNICHEMLAB,,-1.000000,1,,BSE,5.000000,0,False
507300,RAVALSUGAR,RAVALSUGAR,,-1.000000,1,,BSE,5.000000,0,False
976533,109ESPL27,109ESPL27,,-1.000000,1,,BSE,1.000000,0,False
976558,758IIT47,758IIT47,,-1.000000,1,,BSE,1.000000,0,False
976563,797AFL30,797AFL30,,-1.000000,1,,BSE,1.000000,0,False
976567,719HUDCO35,719HUDCO35,,-1.000000,1,,BSE,1.000000,0,False
940243,NHF030425,NHF030425,,-1.000000,1,,BSE,1.000000,0,False
940309,1039UCL26,1039UCL26,,-1.000000,1,,BSE,1.000000,0,False
940319,SMCG240425,SMCG240425,,-1.000000,1,,BSE,1.000000,0,False
940329,950EFSL27A,950EFSL27A,,-1.000000,1,,BSE,1.000000,0,False
507486,CAPRO,CAPRO,,-1.000000,1,,BSE,1.000000,0,False
507530,THAKKERS,THAKKERS,,-1.000000,1,,BSE,1.000000,0,False
507621,MLKFOOD,MLKFOOD,,-1.000000,1,,BSE,1.000000,0,False
507872,ASHNOOR,ASHNOOR,,-1.000000,1,,BSE,1.000000,0,False
940878,MFL120226B,MFL120226B,,-1.000000,1,,BSE,1.000000,0,False
940937,865IIFL31,865IIFL31,,-1.000000,1,,BSE,1.000000,0,False
976574,960MFSL27A,960MFSL27A,,-1.000000,1,,BSE,1.000000,0,False
976577,975OFSL27C,975OFSL27C,,-1.000000,1,,BSE,1.000000,0,False
976579,715NBFID35,715NBFID35,,-1.000000,1,,BSE,1.000000,0,False
976582,1225ICL29,1225ICL29,,-1.000000,1,,BSE,1.000000,0,False
940902,11ICLFL29,11ICLFL29,,-1.000000,1,,BSE,1.000000,0,False
940927,805NMC34,805NMC34,,-1.000000,1,,BSE,1.000000,0,False
940331,EFSL30425,EFSL30425,,-1.000000,1,,BSE,1.000000,0,False
940339,1004EFS30D,1004EFS30D,,-1.000000,1,,BSE,1.000000,0,False
940345,1050EFS30F,1050EFS30F,,-1.000000,1,,BSE,1.000000,0,False
940355,95MM27,95MM27,,-1.000000,1,,BSE,1.000000,0,False
507938,MNPLFIN,MNPLFIN,,-1.000000,100,,BSE,1.000000,0,False
507987,JPTRLES,JPTRLES,,-1.000000,100,,BSE,1.000000,0,False
507948,KEYCORP,KEYCORP,,-1.000000,1,,BSE,1.000000,0,False
507981,JINDHOT,JINDHOT,,-1.000000,1,,BSE,1.000000,0,False
940359,1025MML29,1025MML29,,-1.000000,1,,BSE,1.000000,0,False
940399,10MFL31,10MFL31,,-1.000000,1,,BSE,1.000000,0,False
940403,MFL190525A,MFL190525A,,-1.000000,1,,BSE,1.000000,0,False
940433,985NHFL30,985NHFL30,,-1.000000,1,,BSE,1.000000,0,False
940951,125PCL29,125PCL29,,-1.000000,1,,BSE,1.000000,0,False
940967,CCIL180326,CCIL180326,,-1.000000,1,,BSE,1.000000,0,False
940971,865EFSL28,865EFSL28,,-1.000000,1,,BSE,1.000000,0,False
941013,MFL250326C,MFL250326C,,-1.000000,1,,BSE,1.000000,0,False
976603,10PLRPL35A,10PLRPL35A,,-1.000000,1,,BSE,1.000000,0,False
976642,860SANJA31,860SANJA31,,-1.000000,100000,,BSE,1.000000,0,False
976646,723BFL27,723BFL27,,-1.000000,1,,BSE,1.000000,0,False
976657,RRNST32,RRNST32,,-1.000000,1,,BSE,1.000000,0,False
508136,BNALTD,BNALTD,,-1.000000,1,,BSE,5.000000,0,False
508494,WARRENTEA,WARRENTEA,,-1.000000,1,,BSE,1.000000,0,False
508664,BESTEAST,BESTEAST,,-1.000000,1,,BSE,1.000000,0,False
508969,SULABEN,SULABEN,,-1.000000,1,,BSE,1.000000,0,False
940447,930MFCL30,930MFCL30,,-1.000000,1,,BSE,1.000000,0,False
940465,MFCL16725C,MFCL16725C,,-1.000000,1,,BSE,1.000000,0,False
940475,AEL170725,AEL170725,,-1.000000,1,,BSE,1.000000,0,False
940503,KFL240725E,KFL240725E,,-1.000000,1,,BSE,1.000000,0,False
941031,1125ICL29,1125ICL29,,-1.000000,1,,BSE,1.000000,0,False
941039,915CGCL29,915CGCL29,,-1.000000,1,,BSE,1.000000,0,False
941105,880EFSL029,880EFSL029,,-1.000000,1,,BSE,1.000000,0,False
941139,915MFL2031,915MFL2031,,-1.000000,1,,BSE,1.000000,0,False
509003,TRANOCE,TRANOCE,,-1.000000,1,,BSE,1.000000,0,False
509015,THAKRAL,THAKRAL,,-1.000000,1,,BSE,1.000000,0,False
509026,VJTFEDU,VJTFEDU,,-1.000000,1,,BSE,1.000000,0,False
509470,BOMOXY-B1,BOMOXY-B1,,-1.000000,1,,BSE,5.000000,0,False
976659,714BHFL27,714BHFL27,,-1.000000,1,,BSE,1.000000,0,False
976667,686NHPCL40,686NHPCL40,,-1.000000,1,,BSE,1.000000,0,False
976678,850HLFL30,850HLFL30,,-1.000000,1,,BSE,1.000000,0,False
976703,665IRFC30,665IRFC30,,-1.000000,1,,BSE,1.000000,0,False
940509,980EFSL30,980EFSL30,,-1.000000,1,,BSE,1.000000,0,False
940525,KAFL280725,KAFL280725,,-1.000000,1,,BSE,1.000000,0,False
940573,SCL010825,SCL010825,,-1.000000,1,,BSE,1.000000,0,False
940559,865SCL27,865SCL27,,-1.000000,1,,BSE,1.000000,0,False
941155,1125CCI29B,1125CCI29B,,-1.000000,1,,BSE,1.000000,0,False
941157,12CCIL31C,12CCIL31C,,-1.000000,1,,BSE,1.000000,0,False
941163,CCIL19826B,CCIL19826B,,-1.000000,1,,BSE,1.000000,0,False
941169,950PDL29,950PDL29,,-1.000000,1,,BSE,1.000000,0,False
509486,CAPRIHANS,CAPRIHANS,,-1.000000,1,,BSE,5.000000,0,False
509567,GOACARBON,GOACARBON,,-1.000000,1,,BSE,5.000000,0,False
509650,ZHINDHSG,ZHINDHSG,,-1.000000,1,,BSE,1.000000,0,False
509870,SHAHCON,SHAHCON,,-1.000000,1,,BSE,1.000000,0,False
940575,SCL0182025,SCL0182025,,-1.000000,1,,BSE,1.000000,0,False
940599,955SCL35,955SCL35,,-1.000000,1,,BSE,1.000000,0,False
940631,SFL290825E,SFL290825E,,-1.000000,1,,BSE,1.000000,0,False
940645,9NHFL27,9NHFL27,,-1.000000,1,,BSE,1.000000,0,False
976714,681RL36,681RL36,,-1.000000,1,,BSE,1.000000,0,False
976719,925VJ16T34,925VJ16T34,,-1.000000,1,,BSE,1.000000,0,False
976729,915AFPL27,915AFPL27,,-1.000000,1,,BSE,1.000000,0,False
976737,12LVAM25,12LVAM25,,-1.000000,1,,BSE,1.000000,0,False
509930,SUPREMEIND,SUPREMEIND,,-1.000000,1,,BSE,5.000000,0,True
511034,JINDRILL,JINDRILL,,-1.000000,1,,BSE,5.000000,0,False
511147,WSFX,WSFX,,-1.000000,1,,BSE,1.000000,0,False
511194,ICDSLTD,ICDSLTD,,-1.000000,1,,BSE,1.000000,0,False
941177,9IML27,9IML27,,-1.000000,1,,BSE,1.000000,0,False
941179,IML240826,IML240826,,-1.000000,1,,BSE,1.000000,0,False
941215,KFL030926,KFL030926,,-1.000000,1,,BSE,1.000000,0,False
941225,KFL030926B,KFL030926B,,-1.000000,1,,BSE,1.000000,0,False
940655,980NHFL30,980NHFL30,,-1.000000,1,,BSE,1.000000,0,False
940683,1025EFSL35,1025EFSL35,,-1.000000,1,,BSE,1.000000,0,False
940715,IML301025D,IML301025D,,-1.000000,1,,BSE,1.000000,0,False
940751,12CCIL30,12CCIL30,,-1.000000,1,,BSE,1.000000,0,False
976746,925VT31,925VT31,,-1.000000,1,,BSE,1.000000,0,False
976749,12AFL27,12AFL27,,-1.000000,1,,BSE,1.000000,0,False
976751,1125IML27,1125IML27,,-1.000000,1,,BSE,1.000000,0,False
976754,931VL27,931VL27,,-1.000000,1,,BSE,1.000000,0,False
941237,10KAFL28,10KAFL28,,-1.000000,1,,BSE,1.000000,0,False
941245,1075KAFL31,1075KAFL31,,-1.000000,1,,BSE,1.000000,0,False
950062,872CSL2029,872CSL2029,,-1.000000,1,,BSE,1.000000,0,False
950205,1063IOT28D,1063IOT28D,,-1.000000,10,,BSE,1.000000,0,False
511391,INTRGLB,INTRGLB,,-1.000000,1,,BSE,1.000000,0,False
511609,ISLCONSUL,ISLCONSUL,,-1.000000,1,,BSE,1.000000,0,False
940773,1125ICLF27,1125ICLF27,,-1.000000,1,,BSE,1.000000,0,False
940831,MML191225C,MML191225C,,-1.000000,1,,BSE,1.000000,0,False
940835,MML191225D,MML191225D,,-1.000000,1,,BSE,1.000000,0,False
940851,AEL120126,AEL120126,,-1.000000,1,,BSE,1.000000,0,False
511505,CAPTRUST,CAPTRUST,,-1.000000,1,,BSE,1.000000,0,False
511525,PANINDIAC,PANINDIAC,,-1.000000,1,,BSE,1.000000,0,False
976759,818PFL35,818PFL35,,-1.000000,1,,BSE,1.000000,0,False
976771,740VIT41,740VIT41,,-1.000000,1,,BSE,1.000000,0,False
976778,1025NBSP26,1025NBSP26,,-1.000000,1,,BSE,1.000000,0,False
976806,10MCSLD27,10MCSLD27,,-1.000000,1,,BSE,1.000000,0,False
950219,1008IOT28D,1008IOT28D,,-1.000000,10,,BSE,1.000000,0,False
950468,900PFCL28,900PFCL28,,-1.000000,1,,BSE,1.000000,0,False
950471,894PFCL28,894PFCL28,,-1.000000,1,,BSE,1.000000,0,False
950494,816PFCL26,816PFCL26,,-1.000000,10,,BSE,1.000000,0,False
940862,865MFL31,865MFL31,,-1.000000,1,,BSE,1.000000,0,False
940882,KFL20226,KFL20226,,-1.000000,1,,BSE,1.000000,0,False
940904,1150ICLF31,1150ICLF31,,-1.000000,1,,BSE,1.000000,0,False
940913,1125ICLF29,1125ICLF29,,-1.000000,1,,BSE,1.000000,0,False
511672,SCANSTL,SCANSTL,,-1.000000,1,,BSE,1.000000,0,False
511700,STANCAP,STANCAP,,-1.000000,1,,BSE,1.000000,0,False
511712,RELICTEC,RELICTEC,,-1.000000,1,,BSE,1.000000,0,False
511714,NIMBSPROJ,NIMBSPROJ,,-1.000000,1,,BSE,5.000000,0,False
953065,93ELR27X,93ELR27X,,-1.000000,1,,BSE,1.000000,0,False
976807,725JDFI27,725JDFI27,,-1.000000,1,,BSE,1.000000,0,False
976898,1035MCSL27,1035MCSL27,,-1.000000,1,,BSE,1.000000,0,False
976900,784WXTL44,784WXTL44,,-1.000000,1,,BSE,1.000000,0,False
976902,711BFL28,711BFL28,,-1.000000,1,,BSE,1.000000,0,False
950738,793PGCIL28,793PGCIL28,,-1.000000,1,,BSE,1.000000,0,False
951589,865RRVPN27,865RRVPN27,,-1.000000,1,,BSE,1.000000,0,False
952676,902IOT2028,902IOT2028,,-1.000000,10,,BSE,1.000000,0,False
940917,805NMC29,805NMC29,,-1.000000,1,,BSE,1.000000,0,False
940925,805NMC33,805NMC33,,-1.000000,1,,BSE,1.000000,0,False
940931,805NMC36,805NMC36,,-1.000000,1,,BSE,1.000000,0,False
940955,13PCL31,13PCL31,,-1.000000,1,,BSE,1.000000,0,False
511758,MANSIFIN,MANSIFIN,,-1.000000,1,,BSE,1.000000,0,False
511764,AASTAFIN,AASTAFIN,,-1.000000,1,,BSE,1.000000,0,False
512063,WARDHEALTH,WARDHEALTH,,-1.000000,50,,BSE,1.000000,0,False
512097,SAICOM,SAICOM,,-1.000000,1,,BSE,1.000000,0,False
940985,EFSL180326B,EFSL180326B,,-1.000000,1,,BSE,1.000000,0,False
940989,10EFSL36,10EFSL36,,-1.000000,1,,BSE,1.000000,0,False
941059,915MFL31,915MFL31,,-1.000000,1,,BSE,1.000000,0,False
941083,10KFL31,10KFL31,,-1.000000,1,,BSE,1.000000,0,False
953067,93ELR28Z,93ELR28Z,,-1.000000,1,,BSE,1.000000,0,False
953224,863LTF31,863LTF31,,-1.000000,1,,BSE,1.000000,0,False
953225,863LTF36,863LTF36,,-1.000000,1,,BSE,1.000000,0,False
953441,840PGCI28A,840PGCI28A,,-1.000000,1,,BSE,1.000000,0,False
976904,12ICLFL28A,12ICLFL28A,,-1.000000,1,,BSE,1.000000,0,False
976907,ICLFL10725,ICLFL10725,,-1.000000,1,,BSE,1.000000,0,False
976911,920NWIL27,920NWIL27,,-1.000000,1,,BSE,1.000000,0,False
976923,LDL210725,LDL210725,,-1.000000,1,,BSE,1.000000,0,False
512301,CHMBBRW,CHMBBRW,,-1.000000,1,,BSE,1.000000,0,False
512399,SERA,SERA,,-1.000000,1,,BSE,1.000000,0,False
512431,WHITHAL,WHITHAL,,-1.000000,1,,BSE,1.000000,0,False
512455,LLOYDSME,LLOYDSME,,-1.000000,1,,BSE,5.000000,0,False
941109,EFSL160626A,EFSL160626A,,-1.000000,1,,BSE,1.000000,0,False
941117,958EFSL036,958EFSL036,,-1.000000,1,,BSE,1.000000,0,False
941121,1225PCL29,1225PCL29,,-1.000000,1,,BSE,1.000000,0,False
941131,879MFL2031,879MFL2031,,-1.000000,1,,BSE,1.000000,0,False
512477,BETXIND,BETXIND,,-1.000000,1,,BSE,5.000000,0,False
512479,VIRYA,VIRYA,,-1.000000,1,,BSE,5.000000,0,False
512499,SHALPRO,SHALPRO,,-1.000000,1,,BSE,1.000000,0,False
512527,SUPER,SUPER,,-1.000000,1,,BSE,5.000000,0,False
954442,IVEPLZC28,IVEPLZC28,,-1.000000,10,,BSE,1.000000,0,False
954678,863LTF831,863LTF831,,-1.000000,1,,BSE,1.000000,0,False
954726,813PGCIL31,813PGCIL31,,-1.000000,1,,BSE,1.000000,0,False
955113,830LTF26,830LTF26,,-1.000000,1,,BSE,1.000000,0,False
976956,91PFL30,91PFL30,,-1.000000,1,,BSE,1.000000,0,False
976968,EFCL300725,EFCL300725,,-1.000000,1,,BSE,1.000000,0,False
976970,1025NBSP27,1025NBSP27,,-1.000000,1,,BSE,1.000000,0,False
976982,758ABHFL35,758ABHFL35,,-1.000000,1,,BSE,1.000000,0,False
941135,885MFL2028,885MFL2028,,-1.000000,1,,BSE,1.000000,0,False
941195,10ICLFL27A,10ICLFL27A,,-1.000000,1,,BSE,1.000000,0,False
941197,105ICLFL28,105ICLFL28,,-1.000000,1,,BSE,1.000000,0,False
941217,850KFL028,850KFL028,,-1.000000,1,,BSE,1.000000,0,False
512559,KOHINOOR,KOHINOOR,,-1.000000,1,,BSE,1.000000,0,False
512591,PULSRIN,PULSRIN,,-1.000000,1,,BSE,1.000000,0,False
512599,ADANIENT,ADANIENT,,-1.000000,1,,BSE,5.000000,0,True
512626,ORBTEXP,ORBTEXP,,-1.000000,1,,BSE,5.000000,0,False
976995,1225LB2532,1225LB2532,,-1.000000,1,,BSE,1.000000,0,False
977017,1030NFL27,1030NFL27,,-1.000000,1,,BSE,1.000000,0,False
955145,720NABAR31,720NABAR31,,-1.000000,1,,BSE,1.000000,0,False
955257,795LTF26,795LTF26,,-1.000000,1,,BSE,1.000000,0,False
955443,736PGCIL26,736PGCIL26,,-1.000000,1,,BSE,1.000000,0,False
955588,716NABAR32,716NABAR32,,-1.000000,1,,BSE,1.000000,0,False
976999,1020NFL27,1020NFL27,,-1.000000,1,,BSE,1.000000,0,False
977008,967KIIFB31,967KIIFB31,,-1.000000,1,,BSE,1.000000,0,False
941235,985KAFL28,985KAFL28,,-1.000000,1,,BSE,1.000000,0,False
948802,930ILFS38,930ILFS38,,-1.000000,100,,BSE,1.000000,0,False
950217,1008IOT28B,1008IOT28B,,-1.000000,10,,BSE,1.000000,0,False
950469,890PFCL28,890PFCL28,,-1.000000,1,,BSE,1.000000,0,False
513349,AJMERA,AJMERA,,-1.000000,1,,BSE,5.000000,0,False
513397,VALLABHSQ,VALLABHSQ,,-1.000000,1,,BSE,1.000000,0,False
513403,PMTELELIN,PMTELELIN,,-1.000000,1,,BSE,1.000000,0,False
513422,BLOIN,BLOIN,,-1.000000,1,,BSE,1.000000,0,False
950475,905PFCL30,905PFCL30,,-1.000000,1,,BSE,1.000000,0,False
951431,9RRVPN2026,9RRVPN2026,,-1.000000,1,,BSE,1.000000,0,False
951512,93PGCIL29,93PGCIL29,,-1.000000,1,,BSE,1.000000,0,False
952362,12 MFLS3,12 MFLS3,,-1.000000,10,,BSE,1.000000,0,False
955772,897UPPCL27,897UPPCL27,,-1.000000,1,,BSE,1.000000,0,False
955805,76IREDA27,76IREDA27,,-1.000000,1,,BSE,1.000000,0,False
956041,2EARC27,2EARC27,,-1.000000,1,,BSE,1.000000,0,False
956141,754NABAR32,754NABAR32,,-1.000000,1,,BSE,1.000000,0,False
977019,910BML27,910BML27,,-1.000000,1,,BSE,1.000000,0,False
977020,91BML27,91BML27,,-1.000000,1,,BSE,1.000000,0,False
977026,5GMRAL27,5GMRAL27,,-1.000000,1,,BSE,1.000000,0,False
977031,718HDBFS28,718HDBFS28,,-1.000000,1,,BSE,1.000000,0,False
513430,MAITRI,MAITRI,,-1.000000,1,,BSE,1.000000,0,False
513452,ELANGO,ELANGO,,-1.000000,1,,BSE,1.000000,0,False
513548,SHRDAIS,SHRDAIS,,-1.000000,1,,BSE,5.000000,0,False
513575,STERPOW,STERPOW,,-1.000000,1,,BSE,1.000000,0,False
953271,891NSEPL27,891NSEPL27,,-1.000000,10,,BSE,1.000000,0,False
953414,815PGCIL30,815PGCIL30,,-1.000000,1,,BSE,1.000000,0,False
954709,10BUDPL37A,10BUDPL37A,,-1.000000,1,,BSE,1.000000,0,False
954711,10BUDPL37B,10BUDPL37B,,-1.000000,10,,BSE,1.000000,0,False
956143,805IREDA27,805IREDA27,,-1.000000,1,,BSE,1.000000,0,False
956835,2EARC27D,2EARC27D,,-1.000000,1,,BSE,1.000000,0,False
956844,733IRFC27,733IRFC27,,-1.000000,1,,BSE,1.000000,0,False
957050,925ECL27A,925ECL27A,,-1.000000,1,,BSE,1.000000,0,False
977032,1225PFSP28,1225PFSP28,,-1.000000,1,,BSE,1.000000,0,False
977047,12MML2026,12MML2026,,-1.000000,1,,BSE,1.000000,0,False
977056,8HLFL28,8HLFL28,,-1.000000,1,,BSE,1.000000,0,False
977067,169BFPL29,169BFPL29,,-1.000000,1,,BSE,1.000000,0,False
954724,813PGCIL29,813PGCIL29,,-1.000000,1,,BSE,1.000000,0,False
955092,10AHFL26A,10AHFL26A,,-1.000000,1,,BSE,1.000000,0,False
513729,AROGRANITE,AROGRANITE,,-1.000000,1,,BSE,1.000000,0,False
514234,SANGAMIND,SANGAMIND,,-1.000000,1,,BSE,5.000000,0,False
514300,PIONEEREMB,PIONEEREMB,,-1.000000,1,,BSE,1.000000,0,False
514354,PREMIERPOL,PREMIERPOL,,-1.000000,1,,BSE,1.000000,0,False
955031,806BFL29,806BFL29,,-1.000000,1,,BSE,1.000000,0,False
955089,759THDC26,759THDC26,,-1.000000,1,,BSE,1.000000,0,False
957076,16SBIPL26,16SBIPL26,,-1.000000,1,,BSE,1.000000,0,False
957083,925ECLF27A,925ECLF27A,,-1.000000,1,,BSE,1.000000,0,False
957172,81CFSL27,81CFSL27,,-1.000000,1,,BSE,1.000000,0,False
957179,2EARCL27F,2EARCL27F,,-1.000000,1,,BSE,1.000000,0,False
977077,1290AFPL27,1290AFPL27,,-1.000000,1,,BSE,1.000000,0,False
977083,990SPHIR28,990SPHIR28,,-1.000000,100000,,BSE,1.000000,0,False
977110,AFIL110925,AFIL110925,,-1.000000,1,,BSE,1.000000,0,False
977132,925MMLD27,925MMLD27,,-1.000000,1,,BSE,1.000000,0,False
514358,EVERFIN,EVERFIN,,-1.000000,1,,BSE,5.000000,0,False
514360,KRRAIL,KRRAIL,,-1.000000,1,,BSE,1.000000,0,False
514378,YARNSYN,YARNSYN,,-1.000000,1,,BSE,1.000000,0,False
514460,OSWAYRN,OSWAYRN,,-1.000000,1,,BSE,1.000000,0,False
955147,975AHFL26A,975AHFL26A,,-1.000000,1,,BSE,1.000000,0,False
955256,9AHFL26,9AHFL26,,-1.000000,1,,BSE,1.000000,0,False
955311,824APSEZ26,824APSEZ26,,-1.000000,1,,BSE,1.000000,0,False
955512,85SFL26,85SFL26,,-1.000000,1,,BSE,1.000000,0,False
957192,12MFLPERA,12MFLPERA,,-1.000000,2,,BSE,1.000000,0,False
957228,875CFSER,875CFSER,,-1.000000,1,,BSE,1.000000,0,False
957237,774PGCIL32,774PGCIL32,,-1.000000,1,,BSE,1.000000,0,False
957409,845IIL28,845IIL28,,-1.000000,1,,BSE,1.000000,0,False
977139,1375KFL28,1375KFL28,,-1.000000,1,,BSE,1.000000,0,False
977140,11PPL26,11PPL26,,-1.000000,1,,BSE,1.000000,0,False
977155,1275FCPL27,1275FCPL27,,-1.000000,1,,BSE,1.000000,0,False
977173,11MBF28,11MBF28,,-1.000000,1,,BSE,1.000000,0,False
516082,NRAIL,NRAIL,,-1.000000,1,,BSE,5.000000,0,False
516098,VENTURA,VENTURA,,-1.000000,1,,BSE,1.000000,0,False
516106,SHKARTP,SHKARTP,,-1.000000,1,,BSE,1.000000,0,False
517015,VINDHYATEL,VINDHYATEL,,-1.000000,1,,BSE,5.000000,0,False
955782,85ILFSFS27,85ILFSFS27,,-1.000000,1000,,BSE,1.000000,0,False
955815,9ECL27,9ECL27,,-1.000000,1,,BSE,1.000000,0,False
955999,783IRFC27,783IRFC27,,-1.000000,1,,BSE,1.000000,0,False
956276,975ECL27,975ECL27,,-1.000000,10,,BSE,1.000000,0,False
957690,822NABAR28,822NABAR28,,-1.000000,1,,BSE,1.000000,0,False
957744,82NABARD28,82NABARD28,,-1.000000,1,,BSE,1.000000,0,False
958016,105JKBLPER,105JKBLPER,,-1.000000,1,,BSE,1.000000,0,False
958020,855NHAI48,855NHAI48,,-1.000000,1,,BSE,1.000000,0,False
977179,1735ATPL29,1735ATPL29,,-1.000000,1,,BSE,1.000000,0,False
977191,1425CSAI27,1425CSAI27,,-1.000000,1,,BSE,1.000000,0,False
977193,875360OP27,875360OP27,,-1.000000,1,,BSE,1.000000,0,False
977196,908NWFL27,908NWFL27,,-1.000000,1,,BSE,1.000000,0,False
517264,FINELINE,FINELINE,,-1.000000,1,,BSE,1.000000,0,False
517370,INCAP,INCAP,,-1.000000,1,,BSE,1.000000,0,False
517423,INTEGSW,INTEGSW,,-1.000000,1,,BSE,5.000000,0,False
517494,ACCEL,ACCEL,,-1.000000,1,,BSE,1.000000,0,False
956528,749IRFC27,749IRFC27,,-1.000000,1,,BSE,1.000000,0,False
956536,752NHPC27,752NHPC27,,-1.000000,1,,BSE,1.000000,0,False
956718,747ICICI27,747ICICI27,,-1.000000,1,,BSE,1.000000,0,False
957067,747IWAI27,747IWAI27,,-1.000000,1,,BSE,1.000000,0,False
958165,940MRHFL28,940MRHFL28,,-1.000000,1,,BSE,1.000000,0,False
958172,940HDB99,940HDB99,,-1.000000,1,,BSE,1.000000,0,False
958219,775IGT28,775IGT28,,-1.000000,1,,BSE,1.000000,0,False
958275,EELNIFT28,EELNIFT28,,-1.000000,10,,BSE,1.000000,0,False
977197,1150IFL28A,1150IFL28A,,-1.000000,1,,BSE,1.000000,0,False
977199,0IFL31,0IFL31,,-1.000000,1,,BSE,1.000000,0,False
977216,775BPRL35,775BPRL35,,-1.000000,1,,BSE,1.000000,0,False
977225,1050GFL027,1050GFL027,,-1.000000,1,,BSE,1.000000,0,False
517562,TRIGYN,TRIGYN,,-1.000000,1,,BSE,1.000000,0,False
518091,APCL,APCL,,-1.000000,1,,BSE,1.000000,0,False
519003,MODINATUR,MODINATUR,,-1.000000,1,,BSE,5.000000,0,False
519014,PRSNTIN,PRSNTIN,,-1.000000,1,,BSE,1.000000,0,False
957093,EIPPZC27,EIPPZC27,,-1.000000,10,,BSE,1.000000,0,False
957131,84MBEL26,84MBEL26,,-1.000000,1,,BSE,1.000000,0,False
957133,84MBEL28,84MBEL28,,-1.000000,1,,BSE,1.000000,0,False
957223,825KMPL27,825KMPL27,,-1.000000,1,,BSE,1.000000,0,False
958278,87RECL28,87RECL28,,-1.000000,1,,BSE,1.000000,0,False
958349,911BFL33,911BFL33,,-1.000000,1,,BSE,1.000000,0,False
958410,93SCL28,93SCL28,,-1.000000,1,,BSE,1.000000,0,False
958418,845IRFC28,845IRFC28,,-1.000000,1,,BSE,1.000000,0,False
977229,1055JSFB35,1055JSFB35,,-1.000000,1,,BSE,1.000000,0,False
977231,KPDL161025,KPDL161025,,-1.000000,1,,BSE,1.000000,0,False
977237,775ATSTL30,775ATSTL30,,-1.000000,1,,BSE,1.000000,0,False
977240,12MFL35,12MFL35,,-1.000000,1,,BSE,1.000000,0,False
519105,AVTNPL,AVTNPL,,-1.000000,1,,BSE,1.000000,0,False
519224,WILLAMAGOR,WILLAMAGOR,,-1.000000,1,,BSE,1.000000,0,False
519285,TARAI,TARAI,,-1.000000,1,,BSE,1.000000,0,False
519439,PIONAGR,PIONAGR,,-1.000000,1,,BSE,1.000000,0,False
544346,RRECL,RRECL,,-1.000000,1,,BSE,5.000000,0,False
544350,AGARWALEYE,AGARWALEYE,,-1.000000,1,,BSE,5.000000,0,False
544375,GOLD360,GOLD360,,-1.000000,1,,BSE,1.000000,0,False
544377,EQUAL200,EQUAL200,,-1.000000,1,,BSE,1.000000,0,False
958466,866HDFCB28,866HDFCB28,,-1.000000,1,,BSE,1.000000,0,False
958664,91PFCL29,91PFCL29,,-1.000000,1,,BSE,1.000000,0,False
958747,885REC29,885REC29,,-1.000000,1,,BSE,1.000000,0,False
958814,895ABCL29,895ABCL29,,-1.000000,1,,BSE,1.000000,0,False
977247,12VMVPL29,12VMVPL29,,-1.000000,1,,BSE,1.000000,0,False
977256,NWFL281025,NWFL281025,,-1.000000,1,,BSE,1.000000,0,False
977259,1115PPL27,1115PPL27,,-1.000000,1,,BSE,1.000000,0,False
977271,71PFCL40,71PFCL40,,-1.000000,1,,BSE,1.000000,0,False
520059,MUNJALAU,MUNJALAU,,-1.000000,1,,BSE,5.000000,0,False
520086,SICALLOG,SICALLOG,,-1.000000,1,,BSE,5.000000,0,False
521048,ADVLIFE,ADVLIFE,,-1.000000,1,,BSE,1.000000,0,False
521062,OCTAVE,OCTAVE,,-1.000000,1,,BSE,1.000000,0,False
544381,SUPERIRON,SUPERIRON,,-1.000000,1200,,BSE,1.000000,0,False
544384,SILVERCASE,SILVERCASE,,-1.000000,1,,BSE,1.000000,0,False
544387,DESCO,DESCO,,-1.000000,500,,BSE,5.000000,0,False
544393,INFONATIVE,INFONATIVE,,-1.000000,1600,,BSE,1.000000,0,False
977279,845PDL27,845PDL27,,-1.000000,1,,BSE,1.000000,0,False
977286,975RSIL30,975RSIL30,,-1.000000,1,,BSE,1.000000,0,False
977300,1165UCL31B,1165UCL31B,,-1.000000,1,,BSE,1.000000,0,False
977325,1075MML27B,1075MML27B,,-1.000000,1,,BSE,1.000000,0,False
544398,KENRIK,KENRIK,,-1.000000,6000,,BSE,1.000000,0,False
544401,EQUAL50,EQUAL50,,-1.000000,1,,BSE,1.000000,0,False
544403,ABLBL,ABLBL,,-1.000000,1,,BSE,1.000000,0,False
544407,AEGISVOPAK,AEGISVOPAK,,-1.000000,1,,BSE,5.000000,0,False
958821,912CFSL29,912CFSL29,,-1.000000,1,,BSE,1.000000,0,False
958840,899SCPSL29,899SCPSL29,,-1.000000,1,,BSE,1.000000,0,False
958866,865ABCL29,865ABCL29,,-1.000000,1,,BSE,1.000000,0,False
958875,785IRFC34,785IRFC34,,-1.000000,1,,BSE,1.000000,0,False
521131,SBFL,SBFL,,-1.000000,1,,BSE,1.000000,0,False
521141,ADITYASP,ADITYASP,,-1.000000,1,,BSE,1.000000,0,False
521206,SAMTEX,SAMTEX,,-1.000000,1,,BSE,1.000000,0,False
521222,SANBLUE,SANBLUE,,-1.000000,1,,BSE,1.000000,0,False
977332,739IIL31,739IIL31,,-1.000000,1,,BSE,1.000000,0,False
977353,880IFSL27,880IFSL27,,-1.000000,1,,BSE,1.000000,0,False
977357,751THDC28,751THDC28,,-1.000000,1,,BSE,1.000000,0,False
977358,85PDL28,85PDL28,,-1.000000,1,,BSE,1.000000,0,False
544416,KRISHIVAL,KRISHIVAL,,-1.000000,1,,BSE,5.000000,0,False
544449,ANTHEM,ANTHEM,,-1.000000,1,,BSE,5.000000,0,False
544451,MONIKA,MONIKA,,-1.000000,400,,BSE,5.000000,0,False
544458,SHREEREF,SHREEREF,,-1.000000,500,,BSE,5.000000,0,False
521238,BGDL,BGDL,,-1.000000,1,,BSE,5.000000,0,False
522163,DIACABS,DIACABS,,-1.000000,1,,BSE,5.000000,0,False
522183,ITL,ITL,,-1.000000,1,,BSE,5.000000,0,False
522275,GVT&D,GVT&D,,-1.000000,1,,BSE,5.000000,0,True
958879,732NTPC29,732NTPC29,,-1.000000,1,,BSE,1.000000,0,False
958916,1023CGCL29,1023CGCL29,,-1.000000,1,,BSE,1.000000,0,False
958938,748IRFC29,748IRFC29,,-1.000000,1,,BSE,1.000000,0,False
958968,1145MECL29,1145MECL29,,-1.000000,1,,BSE,1.000000,0,False
977368,880MFL2028,880MFL2028,,-1.000000,1,,BSE,1.000000,0,False
977372,698NST35,698NST35,,-1.000000,1,,BSE,1.000000,0,False
977376,NSL151225,NSL151225,,-1.000000,1,,BSE,1.000000,0,False
977378,AHRT151225,AHRT151225,,-1.000000,1,,BSE,1.000000,0,False
544466,CPPLUS,CPPLUS,,-1.000000,1,,BSE,5.000000,0,False
544469,LOTUSDEV,LOTUSDEV,,-1.000000,1,,BSE,5.000000,0,False
544482,STARIMAGIN,STARIMAGIN,,-1.000000,1000,,BSE,1.000000,0,False
544490,SHREEJISPG,SHREEJISPG,,-1.000000,1,,BSE,5.000000,0,False
959012,8IREDA29,8IREDA29,,-1.000000,1,,BSE,1.000000,0,False
959034,879JSL29,879JSL29,,-1.000000,1,,BSE,1.000000,0,False
959043,1285AFSL26,1285AFSL26,,-1.000000,100000,,BSE,1.000000,0,False
959119,778NABAR34,778NABAR34,,-1.000000,1,,BSE,1.000000,0,False
523062,JJFINCOR,JJFINCOR,,-1.000000,1,,BSE,1.000000,0,False
523100,COSMOFE,COSMOFE,,-1.000000,1,,BSE,5.000000,0,False
523116,SANCTRN,SANCTRN,,-1.000000,1,,BSE,5.000000,0,False
523204,ABAN,ABAN,,-1.000000,1,,BSE,1.000000,0,False
544495,NISMGMT,NISMGMT,,-1.000000,1200,,BSE,1.000000,0,False
544496,VIKRAN,VIKRAN,,-1.000000,1,,BSE,1.000000,0,False
544500,ABRIL,ABRIL,,-1.000000,2000,,BSE,1.000000,0,False
544501,SUGSLLOYD,SUGSLLOYD,,-1.000000,1000,,BSE,5.000000,0,False
977396,1050SRFC28,1050SRFC28,,-1.000000,1,,BSE,1.000000,0,False
977416,760TFL30,760TFL30,,-1.000000,1,,BSE,1.000000,0,False
977420,1095SFL27A,1095SFL27A,,-1.000000,1,,BSE,1.000000,0,False
977422,875MFSL28,875MFSL28,,-1.000000,1,,BSE,1.000000,0,False
959155,789REC30,789REC30,,-1.000000,1,,BSE,1.000000,0,False
959160,738PGCIL30,738PGCIL30,,-1.000000,1,,BSE,1.000000,0,False
959227,765ABL27,765ABL27,,-1.000000,1,,BSE,1.000000,0,False
959315,85TMCV26,85TMCV26,,-1.000000,1,,BSE,1.000000,0,False
523207,KOKUYOCMLN,KOKUYOCMLN,,-1.000000,1,,BSE,1.000000,0,False
523329,ELDEHSG,ELDEHSG,,-1.000000,1,,BSE,5.000000,0,False
523387,HOM,HOM,,-1.000000,1,,BSE,1.000000,0,False
523391,NAHARPOLY,NAHARPOLY,,-1.000000,1,,BSE,5.000000,0,False
544506,SHARVAYA,SHARVAYA,,-1.000000,600,,BSE,5.000000,0,False
544518,LTELEVATOR,LTELEVATOR,,-1.000000,800,,BSE,5.000000,0,False
544519,EUROPRATIK,EUROPRATIK,,-1.000000,1,,BSE,5.000000,0,False
544525,GKENERGY,GKENERGY,,-1.000000,1,,BSE,5.000000,0,False
977462,925MML28,925MML28,,-1.000000,1,,BSE,1.000000,0,False
977466,1273IML30,1273IML30,,-1.000000,1,,BSE,1.000000,0,False
977473,930KIIFB35,930KIIFB35,,-1.000000,1,,BSE,1.000000,0,False
977485,1050IML28,1050IML28,,-1.000000,1,,BSE,1.000000,0,False
523539,PRECWIRE,PRECWIRE,,-1.000000,1,,BSE,5.000000,0,False
523610,ITI,ITI,,-1.000000,1,,BSE,5.000000,0,False
523754,MAHEPC,MAHEPC,,-1.000000,1,,BSE,5.000000,0,False
523790,SHUKJEW,SHUKJEW,,-1.000000,100,,BSE,1.000000,0,False
959355,6NABARD30,6NABARD30,,-1.000000,1,,BSE,1.000000,0,False
959502,779PFCL30,779PFCL30,,-1.000000,1,,BSE,1.000000,0,False
959516,675HUDCO30,675HUDCO30,,-1.000000,1,,BSE,1.000000,0,False
959895,720PFC35,720PFC35,,-1.000000,1,,BSE,1.000000,0,False
544527,ATLANTAELE,ATLANTAELE,,-1.000000,1,,BSE,5.000000,0,False
544528,GANESHCP,GANESHCP,,-1.000000,1,,BSE,5.000000,0,False
544546,CHTR,CHTR,,-1.000000,1200,,BSE,1.000000,0,False
544554,KVSCASTING,KVSCASTING,,-1.000000,2000,,BSE,1.000000,0,False
977486,11IML29,11IML29,,-1.000000,1,,BSE,1.000000,0,False
977491,89OPL29,89OPL29,,-1.000000,1,,BSE,1.000000,0,False
977493,960HLFLPRP,960HLFLPRP,,-1.000000,1,,BSE,1.000000,0,False
977496,1050ESP28,1050ESP28,,-1.000000,1,,BSE,1.000000,0,False
523792,MAZDA,MAZDA,,-1.000000,1,,BSE,5.000000,0,False
524075,ALBERTDAVD,ALBERTDAVD,,-1.000000,1,,BSE,5.000000,0,False
524238,GUJINJEC,GUJINJEC,,-1.000000,1,,BSE,1.000000,0,False
524288,AIMCOPEST,AIMCOPEST,,-1.000000,1,,BSE,1.000000,0,False
544559,OML,OML,,-1.000000,1600,,BSE,1.000000,0,False
544564,OMFREIGHT,OMFREIGHT,,-1.000000,1,,BSE,1.000000,0,False
544568,ZAPPFRESH,ZAPPFRESH,,-1.000000,1200,,BSE,1.000000,0,False
544571,NSBBPO,NSBBPO,,-1.000000,1000,,BSE,1.000000,0,False
960065,734PFCL35,734PFCL35,,-1.000000,1,,BSE,1.000000,0,False
960082,145BML27,145BML27,,-1.000000,1,,BSE,1.000000,0,False
960151,81LTF33,81LTF33,,-1.000000,5,,BSE,1.000000,0,False
960167,932PFL30,932PFL30,,-1.000000,1,,BSE,1.000000,0,False
977498,8APL28,8APL28,,-1.000000,1,,BSE,1.000000,0,False
977502,1160KFL28,1160KFL28,,-1.000000,1,,BSE,1.000000,0,False
977505,1295LMPL28,1295LMPL28,,-1.000000,1,,BSE,1.000000,0,False
977552,910SKFL29,910SKFL29,,-1.000000,1,,BSE,1.000000,0,False
524404,MARKSANS,MARKSANS,,-1.000000,1,,BSE,5.000000,0,False
524582,TIRUSTA,TIRUSTA,,-1.000000,1,,BSE,5.000000,0,False
524634,ALUFLUOR,ALUFLUOR,,-1.000000,1,,BSE,5.000000,0,False
524703,SANDUPHQ,SANDUPHQ,,-1.000000,1,,BSE,1.000000,0,False
544572,SKFINDUS,SKFINDUS,,-1.000000,1,,BSE,5.000000,0,False
544588,MHLSRG,MHLSRG,,-1.000000,1,,BSE,1.000000,0,False
544591,MHLSDG,MHLSDG,,-1.000000,1,,BSE,1.000000,0,False
544596,SAFECURE,SAFECURE,,-1.000000,1200,,BSE,1.000000,0,False
960183,75IHFCL30,75IHFCL30,,-1.000000,2,,BSE,1.000000,0,False
960221,7CFSL27,7CFSL27,,-1.000000,1,,BSE,1.000000,0,False
960267,865JMFPL30,865JMFPL30,,-1.000000,1,,BSE,1.000000,0,False
960349,1101MECL30,1101MECL30,,-1.000000,1,,BSE,1.000000,0,False
977562,13AGXC2627,13AGXC2627,,-1.000000,100000,,BSE,1.000000,0,False
977567,742MRHFL28,742MRHFL28,,-1.000000,1,,BSE,1.000000,0,False
977571,1140AFL27,1140AFL27,,-1.000000,1,,BSE,1.000000,0,False
977583,965MML28,965MML28,,-1.000000,1,,BSE,1.000000,0,False
524723,ARVAYA,ARVAYA,,-1.000000,1,,BSE,5.000000,0,False
526139,TRABI,TRABI,,-1.000000,1,,BSE,1.000000,0,False
526161,SPENTA,SPENTA,,-1.000000,1,,BSE,5.000000,0,False
526169,MULTIBASE,MULTIBASE,,-1.000000,1,,BSE,5.000000,0,False
544608,EMMVEE,EMMVEE,,-1.000000,1,,BSE,5.000000,0,False
544616,GALLARD,GALLARD,,-1.000000,1000,,BSE,5.000000,0,False
544625,LOGICIEL,LOGICIEL,,-1.000000,600,,BSE,1.000000,0,False
544628,ASTRONMULT,ASTRONMULT,,-1.000000,2000,,BSE,1.000000,0,False
960364,743ABCL30,743ABCL30,,-1.000000,1,,BSE,1.000000,0,False
960416,743ABHF31,743ABHF31,,-1.000000,1,,BSE,1.000000,0,False
960462,925SFL30,925SFL30,,-1.000000,1,,BSE,1.000000,0,False
961756,734IRFC28,734IRFC28,,-1.000000,1,,BSE,1.000000,0,False
526211,SURJIND,SURJIND,,-1.000000,1,,BSE,1.000000,0,False
526231,STDSFAC,STDSFAC,,-1.000000,1,,BSE,1.000000,0,False
526241,AMRAPLIN,AMRAPLIN,,-1.000000,1,,BSE,1.000000,0,False
526269,CRSTCHM,CRSTCHM,,-1.000000,1,,BSE,5.000000,0,False
977587,729NHPCL33,729NHPCL33,,-1.000000,1,,BSE,1.000000,0,False
977588,729NHPCL34,729NHPCL34,,-1.000000,1,,BSE,1.000000,0,False
977593,729NHPCL39,729NHPCL39,,-1.000000,1,,BSE,1.000000,0,False
977597,12VFPL29,12VFPL29,,-1.000000,1,,BSE,1.000000,0,False
544640,RDEL,RDEL,,-1.000000,1200,,BSE,1.000000,0,False
544658,ICICIAMC,ICICIAMC,,-1.000000,1,,BSE,5.000000,0,False
544677,DEFRAIL,DEFRAIL,,-1.000000,1600,,BSE,1.000000,0,False
544694,ANL,ANL,,-1.000000,1000,,BSE,5.000000,0,False
961758,704IRFC28,704IRFC28,,-1.000000,1,,BSE,1.000000,0,False
961788,854NHPC28,854NHPC28,,-1.000000,1,,BSE,1.000000,0,False
961857,873HUDCO29,873HUDCO29,,-1.000000,1,,BSE,1.000000,0,False
972576,IFCI40,IFCI40,,-1.000000,4,,BSE,1.000000,0,False
526299,MPHASIS,MPHASIS,,-1.000000,1,,BSE,5.000000,0,True
526355,DUROPACK,DUROPACK,,-1.000000,1,,BSE,1.000000,0,False
526371,NMDC,NMDC,,-1.000000,1,,BSE,1.000000,0,True
526431,WELTI,WELTI,,-1.000000,1,,BSE,1.000000,0,False
544705,DEFENCE,DEFENCE,,-1.000000,1,,BSE,1.000000,0,False
544706,ABSLMSCIN,ABSLMSCIN,,-1.000000,1,,BSE,1.000000,0,False
544734,RIIT,RIIT,,-1.000000,1,,BSE,1.000000,0,False
544751,MTL,MTL,,-1.000000,1200,,BSE,5.000000,0,False
972716,916IFCI27A,916IFCI27A,,-1.000000,1,,BSE,1.000000,0,False
972778,738REC27,738REC27,,-1.000000,1,,BSE,1.000000,0,False
972867,855IRFC29A,855IRFC29A,,-1.000000,1,,BSE,1.000000,0,False
973014,721IRFC41,721IRFC41,,-1.000000,1,,BSE,1.000000,0,False
977603,837ABCPERP,837ABCPERP,,-1.000000,1,,BSE,1.000000,0,False
977604,696PFCL28,696PFCL28,,-1.000000,1,,BSE,1.000000,0,False
977605,731PFCL36,731PFCL36,,-1.000000,1,,BSE,1.000000,0,False
977607,NWFL27226,NWFL27226,,-1.000000,1,,BSE,1.000000,0,False
526468,EUROLED,EUROLED,,-1.000000,1,,BSE,1.000000,0,False
526608,ELECTHERM,ELECTHERM,,-1.000000,1,,BSE,5.000000,0,False
526614,EXPOEAPL,EXPOEAPL,,-1.000000,1,,BSE,1.000000,0,False
526616,NATPLAS,NATPLAS,,-1.000000,1,,BSE,1.000000,0,False
544776,ISIFAAFDG,ISIFAAFDG,,-1.000000,1,,BSE,1.000000,0,False
544790,PHLSDG,PHLSDG,,-1.000000,1,,BSE,1.000000,0,False
544794,HORIZON,HORIZON,,-1.000000,1200,,BSE,5.000000,0,False
544818,INSIFHLSRG,INSIFHLSRG,,-1.000000,1,,BSE,1.000000,0,False
526650,TFCILTD,TFCILTD,,-1.000000,1,,BSE,5.000000,0,False
526705,ELEMARB,ELEMARB,,-1.000000,1,,BSE,5.000000,0,False
526739,SHAWGELTIN,SHAWGELTIN,,-1.000000,1,,BSE,5.000000,0,False
526755,VELHO,VELHO,,-1.000000,1,,BSE,1.000000,0,False
973286,947RSOT69,947RSOT69,,-1.000000,1000,,BSE,1.000000,0,False
973309,79WCL36,79WCL36,,-1.000000,1,,BSE,1.000000,0,False
973327,970HLFL27,970HLFL27,,-1.000000,1,,BSE,1.000000,0,False
973350,703IRFC36,703IRFC36,,-1.000000,1,,BSE,1.000000,0,False
977614,71652MBR29,71652MBR29,,-1.000000,1,,BSE,1.000000,0,False
977622,1125NFL28,1125NFL28,,-1.000000,1,,BSE,1.000000,0,False
977626,759NEEPC36,759NEEPC36,,-1.000000,1,,BSE,1.000000,0,False
977629,760HFSL31,760HFSL31,,-1.000000,1,,BSE,1.000000,0,False
544827,BANK10BETF,BANK10BETF,,-1.000000,1,,BSE,1.000000,0,False
544844,PPEL,PPEL,,-1.000000,400,,BSE,5.000000,0,False
544868,MILKYMIST,MILKYMIST,,-1.000000,1,,BSE,5.000000,0,False
544869,SHAMFOAM,SHAMFOAM,,-1.000000,1000,,BSE,1.000000,0,False
526761,HOWARHO,HOWARHO,,-1.000000,1,,BSE,1.000000,0,False
526813,RAGHUNAT,RAGHUNAT,,-1.000000,1,,BSE,1.000000,0,False
526823,RAJINFRA,RAJINFRA,,-1.000000,1,,BSE,1.000000,0,False
526839,SIPL,SIPL,,-1.000000,1,,BSE,1.000000,0,False
977630,840RHFL29,840RHFL29,,-1.000000,1,,BSE,1.000000,0,False
977636,1110FCPL29,1110FCPL29,,-1.000000,1,,BSE,1.000000,0,False
977638,766JCL31,766JCL31,,-1.000000,1,,BSE,1.000000,0,False
977642,12SSFBL31,12SSFBL31,,-1.000000,1,,BSE,1.000000,0,False
544875,GSEC10ADD,GSEC10ADD,,-1.000000,1,,BSE,1.000000,0,False
544878,IVZSENSEX,IVZSENSEX,,-1.000000,1,,BSE,1.000000,0,False
544891,HTEL,HTEL,,-1.000000,1,,BSE,1.000000,0,False
590025,GINNIFILA,GINNIFILA,,-1.000000,1,,BSE,1.000000,0,False
973365,679NABAR31,679NABAR31,,-1.000000,1,,BSE,1.000000,0,False
973396,79AFLPERP,79AFLPERP,,-1.000000,1,,BSE,1.000000,0,False
973422,12MFLPERB,12MFLPERB,,-1.000000,1,,BSE,1.000000,0,False
973553,786BOM31,786BOM31,,-1.000000,1,,BSE,1.000000,0,False
526881,63MOONS,63MOONS,,-1.000000,1,,BSE,5.000000,0,False
526947,LAOPALA,LAOPALA,,-1.000000,1,,BSE,5.000000,0,False
527001,ASHAPURMIN,ASHAPURMIN,,-1.000000,1,,BSE,5.000000,0,False
530017,SIL,SIL,,-1.000000,1,,BSE,1.000000,0,False
590115,MOM50,MOM50,,-1.000000,1,,BSE,1.000000,0,False
590154,ALPHA,ALPHA,,-1.000000,1,,BSE,1.000000,0,False
590157,GROWWDEFNC,GROWWDEFNC,,-1.000000,1,,BSE,1.000000,0,False
730297,MML23925,MML23925,,-1.000000,1,,BSE,1.000000,0,False
977669,755BIL31,755BIL31,,-1.000000,1,,BSE,1.000000,0,False
977678,109AFSL28,109AFSL28,,-1.000000,1,,BSE,1.000000,0,False
977692,1050SFL28,1050SFL28,,-1.000000,1,,BSE,1.000000,0,False
977701,94OFSL29,94OFSL29,,-1.000000,1,,BSE,1.000000,0,False
973562,768HDB31,768HDB31,,-1.000000,1,,BSE,1.000000,0,False
973587,775SUDLI31,775SUDLI31,,-1.000000,1,,BSE,1.000000,0,False
973602,65AFL26,65AFL26,,-1.000000,1,,BSE,1.000000,0,False
973664,687IRFC32,687IRFC32,,-1.000000,1,,BSE,1.000000,0,False
530053,REALECO,REALECO,,-1.000000,1,,BSE,1.000000,0,False
530055,HRMNYCP,HRMNYCP,,-1.000000,1,,BSE,5.000000,0,False
530077,PURETROP,PURETROP,,-1.000000,1,,BSE,5.000000,0,False
530133,AMCOIND,AMCOIND,,-1.000000,1,,BSE,1.000000,0,False
730547,MFL121125,MFL121125,,-1.000000,1,,BSE,1.000000,0,False
730662,MFL261125,MFL261125,,-1.000000,1,,BSE,1.000000,0,False
730753,MRHF121225,MRHF121225,,-1.000000,1,,BSE,1.000000,0,False
730894,KMPL070126,KMPL070126,,-1.000000,1,,BSE,1.000000,0,False
530179,RSCINT,RSCINT,,-1.000000,1,,BSE,1.000000,0,False
530331,PREMCO,PREMCO,,-1.000000,1,,BSE,5.000000,0,False
530357,KBSINDIA,KBSINDIA,,-1.000000,1,,BSE,1.000000,0,False
530407,EPIC,EPIC,,-1.000000,1,,BSE,1.000000,0,False
973668,687NHAI32,687NHAI32,,-1.000000,1,,BSE,1.000000,0,False
973692,748MRPL32,748MRPL32,,-1.000000,1,,BSE,1.000000,0,False
973695,1130UCL27,1130UCL27,,-1.000000,1,,BSE,1.000000,0,False
973761,73PSEPL26,73PSEPL26,,-1.000000,1,,BSE,1.000000,0,False
977705,1050PPL27,1050PPL27,,-1.000000,1,,BSE,1.000000,0,False
977711,10SPPL30,10SPPL30,,-1.000000,1,,BSE,1.000000,0,False
977716,1116ABFL27,1116ABFL27,,-1.000000,1,,BSE,1.000000,0,False
977723,1236RST27,1236RST27,,-1.000000,1,,BSE,1.000000,0,False
730941,MFL190126,MFL190126,,-1.000000,1,,BSE,1.000000,0,False
730958,KSL220126,KSL220126,,-1.000000,1,,BSE,1.000000,0,False
731013,BGHP50226,BGHP50226,,-1.000000,1,,BSE,1.000000,0,False
731156,FFSL20226,FFSL20226,,-1.000000,1,,BSE,1.000000,0,False
977726,770AFL29,770AFL29,,-1.000000,1,,BSE,1.000000,0,False
977728,860MFL28,860MFL28,,-1.000000,1,,BSE,1.000000,0,False
977730,1030NFL28,1030NFL28,,-1.000000,1,,BSE,1.000000,0,False
977733,1420CIPL28,1420CIPL28,,-1.000000,1,,BSE,1.000000,0,False
530421,KUWERIN,KUWERIN,,-1.000000,1,,BSE,1.000000,0,False
530571,EXPLICITFIN,EXPLICITFIN,,-1.000000,1,,BSE,1.000000,0,False
530677,SUPREME,SUPREME,,-1.000000,1,,BSE,1.000000,0,False
530683,PITHP,PITHP,,-1.000000,100,,BSE,1.000000,0,False
731167,BHFL23226,BHFL23226,,-1.000000,1,,BSE,1.000000,0,False
731179,IFPL240226,IFPL240226,,-1.000000,1,,BSE,1.000000,0,False
731181,GHFL25226,GHFL25226,,-1.000000,1,,BSE,1.000000,0,False
731193,AFL250226,AFL250226,,-1.000000,1,,BSE,1.000000,0,False
973763,775PSEPL31,775PSEPL31,,-1.000000,1,,BSE,1.000000,0,False
973796,89TCBIL35,89TCBIL35,,-1.000000,1,,BSE,1.000000,0,False
973805,9SFL32,9SFL32,,-1.000000,1,,BSE,1.000000,0,False
973860,690TRCL26,690TRCL26,,-1.000000,1,,BSE,1.000000,0,False
977750,1050TCPL31,1050TCPL31,,-1.000000,1,,BSE,1.000000,0,False
977766,11KFL031,11KFL031,,-1.000000,1,,BSE,1.000000,0,False
977767,10MML33,10MML33,,-1.000000,1,,BSE,1.000000,0,False
977768,1050MML33,1050MML33,,-1.000000,1,,BSE,1.000000,0,False
530741,OVOBELE,OVOBELE,,-1.000000,1,,BSE,5.000000,0,False
530757,SHENTRA,SHENTRA,,-1.000000,1,,BSE,5.000000,0,False
530813,KRBL,KRBL,,-1.000000,1,,BSE,5.000000,0,False
530909,ERPSOFT,ERPSOFT,,-1.000000,1,,BSE,1.000000,0,False
731200,FFSL250226,FFSL250226,,-1.000000,1,,BSE,1.000000,0,False
731272,ABHF090326,ABHF090326,,-1.000000,1,,BSE,1.000000,0,False
731278,SCSL090326,SCSL090326,,-1.000000,1,,BSE,1.000000,0,False
731306,ABHFL11326,ABHFL11326,,-1.000000,1,,BSE,1.000000,0,False
504058,NIPPOBATRY,NIPPOBATRY,,-1.000000,1,,BSE,5.000000,0,False
973923,825SFL29,825SFL29,,-1.000000,1,,BSE,1.000000,0,False
973985,962APSB27,962APSB27,,-1.000000,1,,BSE,1.000000,0,False
973991,962APSB29,962APSB29,,-1.000000,1,,BSE,1.000000,0,False
974072,8HDFCB32,8HDFCB32,,-1.000000,1,,BSE,1.000000,0,False
977780,8KMPL31,8KMPL31,,-1.000000,1,,BSE,1.000000,0,False
977781,8BFL31,8BFL31,,-1.000000,1,,BSE,1.000000,0,False
977791,774KVTL28,774KVTL28,,-1.000000,1,,BSE,1.000000,0,False
530919,REMSONSIND,REMSONSIND,,-1.000000,1,,BSE,1.000000,0,False
530965,IOC,IOC,,-1.000000,1,,BSE,5.000000,0,True
530991,ROOPAIND,ROOPAIND,,-1.000000,1,,BSE,1.000000,0,False
531003,SWRNASE,SWRNASE,,-1.000000,1,,BSE,1.000000,0,False
731332,DFPL130326,DFPL130326,,-1.000000,1,,BSE,1.000000,0,False
731379,CGCL20326,CGCL20326,,-1.000000,1,,BSE,1.000000,0,False
731432,EFL070426,EFL070426,,-1.000000,1,,BSE,1.000000,0,False
731483,CGCL160426,CGCL160426,,-1.000000,1,,BSE,1.000000,0,False
504092,INDOKEM,INDOKEM,,-1.000000,1,,BSE,5.000000,0,False
504356,ZMULTIPU,ZMULTIPU,,-1.000000,1,,BSE,1.000000,0,False
504648,BOMBWIR,BOMBWIR,,-1.000000,1,,BSE,1.000000,0,False
504697,GALADA,GALADA,,-1.000000,1,,BSE,1.000000,0,False
731543,BFL230426,BFL230426,,-1.000000,1,,BSE,1.000000,0,False
731577,DAL30426,DAL30426,,-1.000000,1,,BSE,1.000000,0,False
731630,MRHFL08526,MRHFL08526,,-1.000000,1,,BSE,1.000000,0,False
731648,UCL12526,UCL12526,,-1.000000,1,,BSE,1.000000,0,False
974094,93AUFL32A,93AUFL32A,,-1.000000,1,,BSE,1.000000,0,False
974127,777IIL27,777IIL27,,-1.000000,1,,BSE,1.000000,0,False
974202,772HEGIC32,772HEGIC32,,-1.000000,1,,BSE,1.000000,0,False
974213,95EFRL26,95EFRL26,,-1.000000,1,,BSE,1.000000,0,False
531029,BHATEXT,BHATEXT,,-1.000000,100,,BSE,1.000000,0,False
531041,COMPEAU,COMPEAU,,-1.000000,1,,BSE,5.000000,0,False
531083,NIHARINF,NIHARINF,,-1.000000,1,,BSE,1.000000,0,False
531092,OMINFRAL,OMINFRAL,,-1.000000,1,,BSE,1.000000,0,False
731715,360OA20526,360OA20526,,-1.000000,1,,BSE,1.000000,0,False
731737,SCCL250526,SCCL250526,,-1.000000,1,,BSE,1.000000,0,False
731765,BFL27526,BFL27526,,-1.000000,1,,BSE,1.000000,0,False
731782,HHFL29526,HHFL29526,,-1.000000,1,,BSE,1.000000,0,False
504741,INDIANHUME,INDIANHUME,,-1.000000,1,,BSE,5.000000,0,False
504786,INVPRECQ,INVPRECQ,,-1.000000,1,,BSE,5.000000,0,False
504903,RATHIST,RATHIST,,-1.000000,1,,BSE,1.000000,0,False
504908,DUNCANENG,DUNCANENG,,-1.000000,1,,BSE,5.000000,0,False
531156,ALFAVIO,ALFAVIO,,-1.000000,1,,BSE,1.000000,0,False
531162,EMAMILTD,EMAMILTD,,-1.000000,1,,BSE,5.000000,0,False
531212,NLFL,NLFL,,-1.000000,1,,BSE,1.000000,0,False
531213,MANAPPURAM,MANAPPURAM,,-1.000000,1,,BSE,5.000000,0,True
974218,1PRPL30A,1PRPL30A,,-1.000000,1,,BSE,1.000000,0,False
974240,835MRHFL32,835MRHFL32,,-1.000000,1,,BSE,1.000000,0,False
974244,785IREDA32,785IREDA32,,-1.000000,1,,BSE,1.000000,0,False
974285,995UPPCL29,995UPPCL29,,-1.000000,1,,BSE,1.000000,0,False
731792,AFL1626,AFL1626,,-1.000000,1,,BSE,1.000000,0,False
731824,MSFL040626,MSFL040626,,-1.000000,1,,BSE,1.000000,0,False
731934,NFL17626,NFL17626,,-1.000000,1,,BSE,1.000000,0,False
731959,360O19626C,360O19626C,,-1.000000,1,,BSE,1.000000,0,False
974289,875SYTL29,875SYTL29,,-1.000000,1,,BSE,1.000000,0,False
974307,817CFSL32,817CFSL32,,-1.000000,1,,BSE,1.000000,0,False
974308,850SFL32,850SFL32,,-1.000000,1,,BSE,1.000000,0,False
974327,1360IKFF28,1360IKFF28,,-1.000000,1,,BSE,1.000000,0,False
531215,RTSPOWR,RTSPOWR,,-1.000000,1,,BSE,1.000000,0,False
531235,CITIPOR,CITIPOR,,-1.000000,1,,BSE,1.000000,0,False
531255,PARAGONF,PARAGONF,,-1.000000,1,,BSE,1.000000,0,False
531257,VELLORA,VELLORA,,-1.000000,1,,BSE,1.000000,0,False
731963,LTMRH22626,LTMRH22626,,-1.000000,1,,BSE,1.000000,0,False
731974,PIICL23626,PIICL23626,,-1.000000,1,,BSE,1.000000,0,False
731976,NWFL23626,NWFL23626,,-1.000000,1,,BSE,1.000000,0,False
732007,IFPL29626,IFPL29626,,-1.000000,1,,BSE,1.000000,0,False
505232,VELJAN,VELJAN,,-1.000000,1,,BSE,5.000000,0,False
505320,LYNMC,LYNMC,,-1.000000,1,,BSE,5.000000,0,False
505324,MANUGRAPH,MANUGRAPH,,-1.000000,1,,BSE,1.000000,0,False
505336,HARSHILAGR,HARSHILAGR,,-1.000000,1,,BSE,1.000000,0,False
974356,765PFCL37,765PFCL37,,-1.000000,1,,BSE,1.000000,0,False
974368,798BHFL27,798BHFL27,,-1.000000,1,,BSE,1.000000,0,False
974381,795CFSL32,795CFSL32,,-1.000000,1,,BSE,1.000000,0,False
974388,806AFL32,806AFL32,,-1.000000,1,,BSE,1.000000,0,False
732020,GFL30626,GFL30626,,-1.000000,1,,BSE,1.000000,0,False
732039,JBC60726,JBC60726,,-1.000000,1,,BSE,1.000000,0,False
732054,AEL70726,AEL70726,,-1.000000,1,,BSE,1.000000,0,False
732060,OFSL80726,OFSL80726,,-1.000000,1,,BSE,1.000000,0,False
531314,INTCAPL,INTCAPL,,-1.000000,1,,BSE,1.000000,0,False
531319,MGIL,MGIL,,-1.000000,1,,BSE,1.000000,0,False
531396,WOMENNET,WOMENNET,,-1.000000,1,,BSE,1.000000,0,False
531441,LYONSCO,LYONSCO,,-1.000000,1,,BSE,1.000000,0,False
505355,NESCO,NESCO,,-1.000000,1,,BSE,5.000000,0,False
505523,MAHACORP,MAHACORP,,-1.000000,1,,BSE,1.000000,0,False
505585,ZKOVALIN,ZKOVALIN,,-1.000000,1,,BSE,1.000000,0,False
505681,BIMETAL,BIMETAL,,-1.000000,1,,BSE,5.000000,0,False
974390,764IRFC37,764IRFC37,,-1.000000,1,,BSE,1.000000,0,False
974397,763GIL27,763GIL27,,-1.000000,1,,BSE,1.000000,0,False
974424,758PFCL33,758PFCL33,,-1.000000,1,,BSE,1.000000,0,False
974476,1370AIP32A,1370AIP32A,,-1.000000,1,,BSE,1.000000,0,False
531453,MOHITIND,MOHITIND,,-1.000000,1,,BSE,1.000000,0,False
531458,BOSTON,BOSTON,,-1.000000,1,,BSE,1.000000,0,False
531465,NOUVEAU,NOUVEAU,,-1.000000,1,,BSE,1.000000,0,False
531472,CYBELEIND,CYBELEIND,,-1.000000,1,,BSE,1.000000,0,False
732083,VCL13726,VCL13726,,-1.000000,1,,BSE,1.000000,0,False
732087,UCL13726,UCL13726,,-1.000000,1,,BSE,1.000000,0,False
732099,IFSL150726,IFSL150726,,-1.000000,1,,BSE,1.000000,0,False
732115,KIL210726,KIL210726,,-1.000000,1,,BSE,1.000000,0,False
505688,BHARATGEAR,BHARATGEAR,,-1.000000,1,,BSE,5.000000,0,False
505890,KENNAMET,KENNAMET,,-1.000000,1,,BSE,5.000000,0,False
505693,LATIMMETAL,LATIMMETAL,,-1.000000,1,,BSE,1.000000,0,False
505700,ELECON,ELECON,,-1.000000,1,,BSE,5.000000,0,False
531495,BLUECOAST,BLUECOAST,,-1.000000,1,,BSE,1.000000,0,False
531499,SYBLY,SYBLY,,-1.000000,1,,BSE,1.000000,0,False
531502,ESARIND,ESARIND,,-1.000000,1,,BSE,1.000000,0,False
531508,EVEREADY,EVEREADY,,-1.000000,1,,BSE,5.000000,0,False
732118,SPTL210726,SPTL210726,,-1.000000,1,,BSE,1.000000,0,False
732124,JKCL210726,JKCL210726,,-1.000000,1,,BSE,1.000000,0,False
732128,ABHF210726,ABHF210726,,-1.000000,1,,BSE,1.000000,0,False
732145,JBCP240726,JBCP240726,,-1.000000,1,,BSE,1.000000,0,False
974536,1230SCNL27,1230SCNL27,,-1.000000,1,,BSE,1.000000,0,False
974547,770SBI38,770SBI38,,-1.000000,1,,BSE,1.000000,0,False
974599,759NHPCL35,759NHPCL35,,-1.000000,1,,BSE,1.000000,0,False
974618,807AFL28,807AFL28,,-1.000000,1,,BSE,1.000000,0,False
506197,BLISSGVS,BLISSGVS,,-1.000000,1,,BSE,5.000000,0,False
506530,KEMP,KEMP,,-1.000000,1,,BSE,5.000000,0,False
506863,SWADEIN,SWADEIN,,-1.000000,1,,BSE,1.000000,0,False
506975,RAJSPTR,RAJSPTR,,-1.000000,100,,BSE,1.000000,0,False
732150,NFL240726,NFL240726,,-1.000000,1,,BSE,1.000000,0,False
732151,BFL240726,BFL240726,,-1.000000,1,,BSE,1.000000,0,False
732157,OWL240726,OWL240726,,-1.000000,1,,BSE,1.000000,0,False
732187,OAAML29726,OAAML29726,,-1.000000,1,,BSE,1.000000,0,False
531512,ORIENTTR,ORIENTTR,,-1.000000,1,,BSE,1.000000,0,False
531530,BETALA,BETALA,,-1.000000,1,,BSE,1.000000,0,False
531541,KOBO,KOBO,,-1.000000,1,,BSE,1.000000,0,False
531543,JINDWORLD,JINDWORLD,,-1.000000,1,,BSE,1.000000,0,False
974629,775IRFC33,775IRFC33,,-1.000000,1,,BSE,1.000000,0,False
974634,EELZC27,EELZC27,,-1.000000,1,,BSE,1.000000,0,False
974636,91THFL33,91THFL33,,-1.000000,1,,BSE,1.000000,0,False
974691,808BFL33,808BFL33,,-1.000000,1,,BSE,1.000000,0,False
507180,KESARENT,KESARENT,,-1.000000,1,,BSE,1.000000,0,False
507474,KFBL,KFBL,,-1.000000,1,,BSE,1.000000,0,False
507580,IVP,IVP,,-1.000000,1,,BSE,5.000000,0,False
507663,SIGNGCL,SIGNGCL,,-1.000000,1,,BSE,1.000000,0,False
732189,AEL290726,AEL290726,,-1.000000,1,,BSE,1.000000,0,False
732192,DFPL300726,DFPL300726,,-1.000000,1,,BSE,1.000000,0,False
732202,DFPL310726,DFPL310726,,-1.000000,1,,BSE,1.000000,0,False
732206,TSL030826A,TSL030826A,,-1.000000,1,,BSE,1.000000,0,False
531578,KMFBLDR,KMFBLDR,,-1.000000,1,,BSE,1.000000,0,False
531592,GENPHARMA,GENPHARMA,,-1.000000,1,,BSE,1.000000,0,False
531597,MIDPOLY,MIDPOLY,,-1.000000,1,,BSE,1.000000,0,False
531626,OROSMITHS,OROSMITHS,,-1.000000,1,,BSE,1.000000,0,False
732208,NMIL040826,NMIL040826,,-1.000000,1,,BSE,1.000000,0,False
732232,CGCL7826,CGCL7826,,-1.000000,1,,BSE,1.000000,0,False
732234,NFL6826,NFL6826,,-1.000000,1,,BSE,1.000000,0,False
732236,GHFL6826,GHFL6826,,-1.000000,1,,BSE,1.000000,0,False
974719,875PNBPERP,875PNBPERP,,-1.000000,1,,BSE,1.000000,0,False
974738,790TRCL28,790TRCL28,,-1.000000,1,,BSE,1.000000,0,False
974745,777PFCL28,777PFCL28,,-1.000000,1,,BSE,1.000000,0,False
974746,829KIDFL28,829KIDFL28,,-1.000000,1,,BSE,1.000000,0,False
507813,NOL,NOL,,-1.000000,1,,BSE,1.000000,0,False
507815,GILLETTE,GILLETTE,,-1.000000,1,,BSE,5.000000,0,False
507828,ANSALHSG,ANSALHSG,,-1.000000,1,,BSE,1.000000,0,False
507852,ADDIND,ADDIND,,-1.000000,1,,BSE,1.000000,0,False
531688,PRITHVIEXCH,PRITHVIEXCH,,-1.000000,1,,BSE,5.000000,0,False
531719,BHAGCHEM,BHAGCHEM,,-1.000000,1,,BSE,5.000000,0,False
531812,SGNTE,SGNTE,,-1.000000,1,,BSE,1.000000,0,False
531832,NAGTECH,NAGTECH,,-1.000000,1,,BSE,1.000000,0,False
732240,360OPL6826,360OPL6826,,-1.000000,1,,BSE,1.000000,0,False
732243,IFPL070826,IFPL070826,,-1.000000,1,,BSE,1.000000,0,False
732278,BFL12826,BFL12826,,-1.000000,1,,BSE,1.000000,0,False
732283,NMIL13826,NMIL13826,,-1.000000,1,,BSE,1.000000,0,False
974811,863KFL29,863KFL29,,-1.000000,1,,BSE,1.000000,0,False
974812,863KFL33,863KFL33,,-1.000000,1,,BSE,1.000000,0,False
974841,77HDFCB28,77HDFCB28,,-1.000000,1,,BSE,1.000000,0,False
974858,765HDFCB33,765HDFCB33,,-1.000000,1,,BSE,1.000000,0,False
531845,ZENITHSTL,ZENITHSTL,,-1.000000,1,,BSE,1.000000,0,False
531878,ANJANIFIN,ANJANIFIN,,-1.000000,1,,BSE,1.000000,0,False
531892,KHANDSE,KHANDSE,,-1.000000,1,,BSE,1.000000,0,False
531900,CCLINTER,CCLINTER,,-1.000000,1,,BSE,1.000000,0,False
508486,HAWKINCOOK,HAWKINCOOK,,-1.000000,1,,BSE,5.000000,0,False
508807,ISTLTD,ISTLTD,,-1.000000,1,,BSE,5.000000,0,False
508963,TRUSTWAVE,TRUSTWAVE,,-1.000000,1,,BSE,1.000000,0,False
509069,INFOMEDIA,INFOMEDIA,,-1.000000,1,,BSE,1.000000,0,False
732310,IFPL14826,IFPL14826,,-1.000000,1,,BSE,1.000000,0,False
732323,JUPPL18826,JUPPL18826,,-1.000000,1,,BSE,1.000000,0,False
732334,FFSL180826,FFSL180826,,-1.000000,1,,BSE,1.000000,0,False
732335,JEL190826,JEL190826,,-1.000000,1,,BSE,1.000000,0,False
974862,723IRFC26,723IRFC26,,-1.000000,1,,BSE,1.000000,0,False
974892,79ABCL28,79ABCL28,,-1.000000,1,,BSE,1.000000,0,False
974911,NWFL26,NWFL26,,-1.000000,1,,BSE,1.000000,0,False
974958,849KIIFB31,849KIIFB31,,-1.000000,1,,BSE,1.000000,0,False
531921,AGARIND,AGARIND,,-1.000000,1,,BSE,5.000000,0,False
531978,AMBIKCO,AMBIKCO,,-1.000000,1,,BSE,5.000000,0,False
531989,DECPO,DECPO,,-1.000000,1,,BSE,1.000000,0,False
531994,AUTOPINS,AUTOPINS,,-1.000000,1,,BSE,5.000000,0,False
732346,BFSL190826,BFSL190826,,-1.000000,1,,BSE,1.000000,0,False
732348,BFS190826,BFS190826,,-1.000000,1,,BSE,1.000000,0,False
732350,HCIFP19826,HCIFP19826,,-1.000000,1,,BSE,1.000000,0,False
732354,SL190826,SL190826,,-1.000000,1,,BSE,1.000000,0,False
509099,OSWALEA,OSWALEA,,-1.000000,50,,BSE,1.000000,0,False
509960,UPHOT,UPHOT,,-1.000000,1,,BSE,5.000000,0,False
511012,YAMNINV,YAMNINV,,-1.000000,1,,BSE,1.000000,0,False
511016,PREMCAP,PREMCAP,,-1.000000,1,,BSE,1.000000,0,False
532024,AARCON,AARCON,,-1.000000,100,,BSE,1.000000,0,False
532070,GUJJUBHAI,GUJJUBHAI,,-1.000000,1,,BSE,5.000000,0,False
532124,RELIABVEN,RELIABVEN,,-1.000000,1,,BSE,1.000000,0,False
532149,BANKINDIA,BANKINDIA,,-1.000000,1,,BSE,5.000000,0,True
974968,1125AML30,1125AML30,,-1.000000,1,,BSE,1.000000,0,False
974974,783KMPL28,783KMPL28,,-1.000000,1,,BSE,1.000000,0,False
975005,754SBI38,754SBI38,,-1.000000,1,,BSE,1.000000,0,False
975017,1075AUSB29,1075AUSB29,,-1.000000,1,,BSE,1.000000,0,False
732356,BFL200826,BFL200826,,-1.000000,1,,BSE,1.000000,0,False
732371,MRHF240826,MRHF240826,,-1.000000,1,,BSE,1.000000,0,False
732378,SBISL24826,SBISL24826,,-1.000000,1,,BSE,1.000000,0,False
732382,AFL240826,AFL240826,,-1.000000,1,,BSE,1.000000,0,False
511060,JUMBFNL,JUMBFNL,,-1.000000,1,,BSE,1.000000,0,False
511122,1STCUS,1STCUS,,-1.000000,1,,BSE,1.000000,0,False
511144,AXISOL,AXISOL,,-1.000000,1,,BSE,5.000000,0,False
511153,ANJANIFOODS,ANJANIFOODS,,-1.000000,1,,BSE,1.000000,0,False
532181,GMDCLTD,GMDCLTD,,-1.000000,1,,BSE,5.000000,0,False
532221,SONATSOFTW,SONATSOFTW,,-1.000000,1,,BSE,5.000000,0,False
532271,ORCHASP,ORCHASP,,-1.000000,1,,BSE,1.000000,0,False
532275,LANDMARC,LANDMARC,,-1.000000,1,,BSE,1.000000,0,False
732391,IFSL25826,IFSL25826,,-1.000000,1,,BSE,1.000000,0,False
732409,SL280826,SL280826,,-1.000000,1,,BSE,1.000000,0,False
732418,SSL310826,SSL310826,,-1.000000,1,,BSE,1.000000,0,False
732422,THDCL31826,THDCL31826,,-1.000000,1,,BSE,1.000000,0,False
975037,960DIAL30A,960DIAL30A,,-1.000000,1,,BSE,1.000000,0,False
975039,75PGCIL33,75PGCIL33,,-1.000000,1,,BSE,1.000000,0,False
975044,784IGT30,784IGT30,,-1.000000,1,,BSE,1.000000,0,False
975090,830GPL27,830GPL27,,-1.000000,1,,BSE,1.000000,0,False
975105,763NABAR28,763NABAR28,,-1.000000,1,,BSE,1.000000,0,False
975106,859PNBPERP,859PNBPERP,,-1.000000,1,,BSE,1.000000,0,False
975124,772TPCL32,772TPCL32,,-1.000000,1,,BSE,1.000000,0,False
975130,810SMIL28,810SMIL28,,-1.000000,1,,BSE,1.000000,0,False
511243,CHOLAFIN,CHOLAFIN,,-1.000000,1,,BSE,5.000000,0,True
511333,VLSFINANCE,VLSFINANCE,,-1.000000,1,,BSE,5.000000,0,False
511447,SYLPH,SYLPH,,-1.000000,1,,BSE,1.000000,0,False
511473,INDBANK,INDBANK,,-1.000000,1,,BSE,1.000000,0,False
532281,HCLTECH,HCLTECH,,-1.000000,1,,BSE,5.000000,0,True
532285,GEOJITFSL,GEOJITFSL,,-1.000000,1,,BSE,1.000000,0,False
532303,INTEGHIT,INTEGHIT,,-1.000000,1,,BSE,1.000000,0,False
532340,OMNIAX,OMNIAX,,-1.000000,1,,BSE,1.000000,0,False
732427,BFL010926,BFL010926,,-1.000000,1,,BSE,1.000000,0,False
732434,NMIL030926,NMIL030926,,-1.000000,1,,BSE,1.000000,0,False
732435,CGCL3926,CGCL3926,,-1.000000,1,,BSE,1.000000,0,False
732451,IFL030926,IFL030926,,-1.000000,1,,BSE,1.000000,0,False
975134,910DXX29,910DXX29,,-1.000000,1,,BSE,1.000000,0,False
975175,810IIL35,810IIL35,,-1.000000,1,,BSE,1.000000,0,False
975180,781SBI38,781SBI38,,-1.000000,1,,BSE,1.000000,0,False
975196,875ST28,875ST28,,-1.000000,10000000,,BSE,1.000000,0,False
732456,NWFL04926,NWFL04926,,-1.000000,1,,BSE,1.000000,0,False
732458,DSPFPL4926,DSPFPL4926,,-1.000000,1,,BSE,1.000000,0,False
732463,TRIL40926,TRIL40926,,-1.000000,1,,BSE,1.000000,0,False
732464,TBBTC40926,TBBTC40926,,-1.000000,1,,BSE,1.000000,0,False
511523,VEERHEALTH,VEERHEALTH,,-1.000000,1,,BSE,1.000000,0,False
511593,LIBORDFIN,LIBORDFIN,,-1.000000,1,,BSE,1.000000,0,False
511611,DCMFINSERV,DCMFINSERV,,-1.000000,1,,BSE,1.000000,0,False
511632,OLYMTFI,OLYMTFI,,-1.000000,1,,BSE,1.000000,0,False
532348,SUBEXLTD,SUBEXLTD,,-1.000000,1,,BSE,1.000000,0,False
532355,PICTUREHS,PICTUREHS,,-1.000000,1,,BSE,1.000000,0,False
532369,RAMCOIND,RAMCOIND,,-1.000000,1,,BSE,5.000000,0,False
532371,TTML,TTML,,-1.000000,1,,BSE,1.000000,0,False
975206,1075ARKA29,1075ARKA29,,-1.000000,1,,BSE,1.000000,0,False
975223,990AUXI26,990AUXI26,,-1.000000,1,,BSE,1.000000,0,False
975225,1250AYO27,1250AYO27,,-1.000000,1,,BSE,1.000000,0,False
975255,771HDFCB33,771HDFCB33,,-1.000000,1,,BSE,1.000000,0,False
732465,BGHP070926,BGHP070926,,-1.000000,1,,BSE,1.000000,0,False
732473,BFSL070926,BFSL070926,,-1.000000,1,,BSE,1.000000,0,False
732511,JEL080926,JEL080926,,-1.000000,1,,BSE,1.000000,0,False
732501,SBISL8926,SBISL8926,,-1.000000,1,,BSE,1.000000,0,False
532386,CALSOFT,CALSOFT,,-1.000000,1,,BSE,1.000000,0,False
532397,KONNDOR,KONNDOR,,-1.000000,1,,BSE,1.000000,0,False
532400,BSOFT,BSOFT,,-1.000000,1,,BSE,5.000000,0,False
532402,USGTECH,USGTECH,,-1.000000,1,,BSE,1.000000,0,False
732514,SL90926,SL90926,,-1.000000,1,,BSE,1.000000,0,False
732524,KIL10926,KIL10926,,-1.000000,1,,BSE,1.000000,0,False
732531,BFL090926,BFL090926,,-1.000000,1,,BSE,1.000000,0,False
732536,DCBL11926,DCBL11926,,-1.000000,1,,BSE,1.000000,0,False
511702,YOGI,YOGI,,-1.000000,1,,BSE,5.000000,0,False
511724,BAIDFIN,BAIDFIN,,-1.000000,1,,BSE,1.000000,0,False
512008,EFCIL,EFCIL,,-1.000000,1,,BSE,5.000000,0,False
512022,WINROC,WINROC,,-1.000000,1,,BSE,5.000000,0,False
975265,768IREDA33,768IREDA33,,-1.000000,1,,BSE,1.000000,0,False
975266,1750WEPL28,1750WEPL28,,-1.000000,1,,BSE,1.000000,0,False
975283,824KMIL27,824KMIL27,,-1.000000,1,,BSE,1.000000,0,False
975286,970MGIC33,970MGIC33,,-1.000000,1,,BSE,1.000000,0,False
532413,CEREBRAINT,CEREBRAINT,,-1.000000,1,,BSE,1.000000,0,False
532432,UNITDSPR,UNITDSPR,,-1.000000,1,,BSE,5.000000,0,True
532454,BHARTIARTL,BHARTIARTL,,-1.000000,1,,BSE,5.000000,0,True
532467,HAZOOR,HAZOOR,,-1.000000,1,,BSE,1.000000,0,False
800220,795GS2032,795GS2032,,-1.000000,1,,BSE,5.000000,0,False
800246,759GS2029,759GS2029,,-1.000000,1,,BSE,1.000000,0,False
800294,757GS2033,757GS2033,,-1.000000,1,,BSE,5.000000,0,False
800317,716GS2050,716GS2050,,-1.000000,1,,BSE,1.000000,0,False
512147,KAJALSY,KAJALSY,,-1.000000,1,,BSE,1.000000,0,False
512175,VAMA,VAMA,,-1.000000,1,,BSE,1.000000,0,False
512221,SPVGLOBAL,SPVGLOBAL,,-1.000000,1,,BSE,1.000000,0,False
512267,MMWL,MMWL,,-1.000000,1,,BSE,1.000000,0,False
975287,RSGPLMLD27,RSGPLMLD27,,-1.000000,1,,BSE,1.000000,0,False
975289,845HFSLPER,845HFSLPER,,-1.000000,1,,BSE,1.000000,0,False
975294,JMFHRESE27,JMFHRESE27,,-1.000000,1,,BSE,1.000000,0,False
975304,91JMFPL27,91JMFPL27,,-1.000000,1,,BSE,1.000000,0,False
532483,CANBK,CANBK,,-1.000000,1,,BSE,5.000000,0,True
532504,NAVINFLUOR,NAVINFLUOR,,-1.000000,1,,BSE,5.000000,0,False
532522,PETRONET,PETRONET,,-1.000000,1,,BSE,5.000000,0,True
532527,RKFORGE,RKFORGE,,-1.000000,1,,BSE,5.000000,0,False
800318,SGBAPR28I,SGBAPR28I,,-1.000000,1,,BSE,1.000000,0,False
800325,SGBAUG28V,SGBAUG28V,,-1.000000,1,,BSE,1.000000,0,False
800327,SGBSEP28VI,SGBSEP28VI,,-1.000000,1,,BSE,1.000000,0,False
800330,667GS2050,667GS2050,,-1.000000,1,,BSE,1.000000,0,False
512425,NIRAVCOM,NIRAVCOM,,-1.000000,1,,BSE,5.000000,0,False
512453,SHRJAGP,SHRJAGP,,-1.000000,1,,BSE,5.000000,0,False
512493,GARNETINT,GARNETINT,,-1.000000,1,,BSE,1.000000,0,False
512531,STCINDIA,STCINDIA,,-1.000000,1,,BSE,5.000000,0,False
532528,DATAMATICS,DATAMATICS,,-1.000000,1,,BSE,5.000000,0,False
532604,SALSTEEL,SALSTEEL,,-1.000000,1,,BSE,1.000000,0,False
532613,VIPCLOTHNG,VIPCLOTHNG,,-1.000000,1,,BSE,1.000000,0,False
532621,MORARJEE,MORARJEE,,-1.000000,1,,BSE,1.000000,0,False
800339,SGBMR29XII,SGBMR29XII,,-1.000000,1,,BSE,1.000000,0,False
800379,GS220230C,GS220230C,,-1.000000,1,,BSE,1.000000,0,False
800416,GS17JUN28C,GS17JUN28C,,-1.000000,1,,BSE,1.000000,0,False
800428,GS15JUN29C,GS15JUN29C,,-1.000000,1,,BSE,1.000000,0,False
975312,777IREDA27,777IREDA27,,-1.000000,1,,BSE,1.000000,0,False
975339,915SFL29,915SFL29,,-1.000000,1,,BSE,1.000000,0,False
975341,845MRHF27,845MRHF27,,-1.000000,1,,BSE,1.000000,0,False
975375,1385SML29,1385SML29,,-1.000000,1,,BSE,1.000000,0,False
512587,ZODJRDMKJ,ZODJRDMKJ,,-1.000000,1,,BSE,1.000000,0,False
513005,CHROME,CHROME,,-1.000000,1,,BSE,1.000000,0,False
513149,ACROW,ACROW,,-1.000000,1,,BSE,5.000000,0,False
513307,BELDING,BELDING,,-1.000000,1,,BSE,5.000000,0,False
532628,3IINFOLTD,3IINFOLTD,,-1.000000,1,,BSE,1.000000,0,False
532642,JSWHL,JSWHL,,-1.000000,1,,BSE,5.000000,0,False
532648,YESBANK,YESBANK,,-1.000000,1,,BSE,1.000000,0,True
532656,FACORALL,FACORALL,,-1.000000,1,,BSE,1.000000,0,False
800432,667GS2035,667GS2035,,-1.000000,1,,BSE,1.000000,0,False
800442,738GS2027,738GS2027,,-1.000000,1,,BSE,5.000000,0,False
800506,GS19SEP2031,GS19SEP2031,,-1.000000,1,,BSE,1.000000,0,False
800508,GS19SEP2034,GS19SEP2034,,-1.000000,1,,BSE,1.000000,0,False
975426,960CFSL34,960CFSL34,,-1.000000,1,,BSE,1.000000,0,False
975432,841MRHFL29,841MRHFL29,,-1.000000,1,,BSE,1.000000,0,False
975490,889KFC33,889KFC33,,-1.000000,1,,BSE,1.000000,0,False
975493,18MVL27,18MVL27,,-1.000000,1,,BSE,1.000000,0,False
800544,GS19MAR2050,GS19MAR2050,,-1.000000,1,,BSE,1.000000,0,False
800583,574GS2026,574GS2026,,-1.000000,1,,BSE,1.000000,0,False
513353,COCHINM,COCHINM,,-1.000000,1,,BSE,5.000000,0,False
513361,INDIAHOMES,INDIAHOMES,,-1.000000,1,,BSE,1.000000,0,False
513418,SMFIL,SMFIL,,-1.000000,1,,BSE,1.000000,0,False
513456,KANSHST,KANSHST,,-1.000000,1,,BSE,1.000000,0,False
532674,BASML,BASML,,-1.000000,1,,BSE,1.000000,0,False
532713,SAKUMA,SAKUMA,,-1.000000,1,,BSE,1.000000,0,False
532721,VISACHROME,VISACHROME,,-1.000000,1,,BSE,1.000000,0,False
532733,SUNTV,SUNTV,,-1.000000,1,,BSE,5.000000,0,False
800565,GS19SEP2049,GS19SEP2049,,-1.000000,1,,BSE,1.000000,0,False
800576,726GS2033,726GS2033,,-1.000000,1,,BSE,5.000000,0,False
975501,995AAHL27,995AAHL27,,-1.000000,1,,BSE,1.000000,0,False
975520,1110ESFB31,1110ESFB31,,-1.000000,1,,BSE,1.000000,0,False
975526,975MGICL34,975MGICL34,,-1.000000,1,,BSE,1.000000,0,False
975540,759IRDA34,759IRDA34,,-1.000000,1,,BSE,1.000000,0,False
532742,PAUSHAKLTD,PAUSHAKLTD,,-1.000000,1,,BSE,5.000000,0,False
532761,HGM,HGM,,-1.000000,1,,BSE,1.000000,0,False
532762,ACE,ACE,,-1.000000,1,,BSE,5.000000,0,False
532772,DCBBANK,DCBBANK,,-1.000000,1,,BSE,5.000000,0,False
800592,GS12JUN2040,GS12JUN2040,,-1.000000,1,,BSE,1.000000,0,False
800605,SGBFEB32IV,SGBFEB32IV,,-1.000000,1,,BSE,1.000000,0,False
800611,GS12JUN34,GS12JUN34,,-1.000000,1,,BSE,1.000000,0,False
800627,GS15OCT36C,GS15OCT36C,,-1.000000,1,,BSE,1.000000,0,False
513509,KALYANIFRG,KALYANIFRG,,-1.000000,1,,BSE,5.000000,0,False
513629,TULSYAN,TULSYAN,,-1.000000,1,,BSE,1.000000,0,False
514010,RUDRAECO,RUDRAECO,,-1.000000,1,,BSE,1.000000,0,False
514142,TTL,TTL,,-1.000000,1,,BSE,1.000000,0,False
975555,910KIIFB33,910KIIFB33,,-1.000000,1,,BSE,1.000000,0,False
975587,814KMPL27,814KMPL27,,-1.000000,1,,BSE,1.000000,0,False
975615,12AFI29,12AFI29,,-1.000000,1,,BSE,1.000000,0,False
975625,10MML27A,10MML27A,,-1.000000,1,,BSE,1.000000,0,False
800640,GS15OCT32C,GS15OCT32C,,-1.000000,1,,BSE,1.000000,0,False
800653,GS15APR28C,GS15APR28C,,-1.000000,1,,BSE,1.000000,0,False
800661,GS17JUN34C,GS17JUN34C,,-1.000000,1,,BSE,1.000000,0,False
800667,GS22FEB35C,GS22FEB35C,,-1.000000,1,,BSE,1.000000,0,False
532776,SHIVAMAUTO,SHIVAMAUTO,,-1.000000,1,,BSE,1.000000,0,False
532811,AHLUCONT,AHLUCONT,,-1.000000,1,,BSE,5.000000,0,False
532851,INSECTICID,INSECTICID,,-1.000000,1,,BSE,5.000000,0,False
532892,MOTILALOFS,MOTILALOFS,,-1.000000,1,,BSE,5.000000,0,True
514171,CEETAIN,CEETAIN,,-1.000000,1,,BSE,1.000000,0,False
514175,VARDMNPOLY,VARDMNPOLY,,-1.000000,1,,BSE,1.000000,0,False
514223,RAMGOPOLY,RAMGOPOLY,,-1.000000,1,,BSE,1.000000,0,False
514312,JAIHIND,JAIHIND,,-1.000000,1,,BSE,1.000000,0,False
975663,1050AFL26,1050AFL26,,-1.000000,1,,BSE,1.000000,0,False
975664,748HUD29,748HUD29,,-1.000000,1,,BSE,1.000000,0,False
975695,776TIL34,776TIL34,,-1.000000,1,,BSE,1.000000,0,False
975729,833HDBFS27,833HDBFS27,,-1.000000,1,,BSE,1.000000,0,False
800669,GS06NOV35C,GS06NOV35C,,-1.000000,1,,BSE,1.000000,0,False
800689,GS22APR43,GS22APR43,,-1.000000,1,,BSE,1.000000,0,False
800690,GS22OCT42,GS22OCT42,,-1.000000,1,,BSE,1.000000,0,False
800694,GS22OCT40,GS22OCT40,,-1.000000,1,,BSE,1.000000,0,False
532894,INDOWIND,INDOWIND,,-1.000000,1,,BSE,1.000000,0,False
532924,KOLTEPATIL,KOLTEPATIL,,-1.000000,1,,BSE,5.000000,0,False
532933,PORWAL,PORWAL,,-1.000000,1,,BSE,1.000000,0,False
532940,JKIL,JKIL,,-1.000000,1,,BSE,5.000000,0,False
514330,ONEGLOBAL,ONEGLOBAL,,-1.000000,1,,BSE,5.000000,0,False
514428,HINDADH,HINDADH,,-1.000000,1,,BSE,5.000000,0,False
515037,MURUDCERA,MURUDCERA,,-1.000000,1,,BSE,1.000000,0,False
515093,MADHAV,MADHAV,,-1.000000,1,,BSE,1.000000,0,False
800696,GS22OCT39,GS22OCT39,,-1.000000,1,,BSE,1.000000,0,False
800719,GS22OCT46B,GS22OCT46B,,-1.000000,1,,BSE,1.000000,0,False
800720,GS22OCT47C,GS22OCT47C,,-1.000000,1,,BSE,1.000000,0,False
800721,GS12JUN48D,GS12JUN48D,,-1.000000,1,,BSE,1.000000,0,False
532944,ONMOBILE,ONMOBILE,,-1.000000,1,,BSE,1.000000,0,False
532974,BIRLAMONEY,BIRLAMONEY,,-1.000000,1,,BSE,5.000000,0,False
532975,TELOGICA,TELOGICA,,-1.000000,1,,BSE,1.000000,0,False
532978,BAJAJFINSV,BAJAJFINSV,,-1.000000,1,,BSE,5.000000,0,True
517172,PERVASIVE,PERVASIVE,,-1.000000,1,,BSE,1.000000,0,False
517214,DIGISPICE,DIGISPICE,,-1.000000,1,,BSE,1.000000,0,False
517330,CMICABLES,CMICABLES,,-1.000000,1,,BSE,1.000000,0,False
517429,ATHENAGLO,ATHENAGLO,,-1.000000,1,,BSE,1.000000,0,False
975731,873ELL26,873ELL26,,-1.000000,1,,BSE,1.000000,0,False
975737,855HDBFPRP,855HDBFPRP,,-1.000000,1,,BSE,1.000000,0,False
975769,741IIFCL39,741IIFCL39,,-1.000000,1,,BSE,1.000000,0,False
975788,1005MFL30,1005MFL30,,-1.000000,1,,BSE,1.000000,0,False
532992,CHLLTD,CHLLTD,,-1.000000,1,,BSE,1.000000,0,False
533002,DWSFTS50AG,DWSFTS50AG,,-1.000000,1,,BSE,1.000000,0,False
533018,SIMPLXMIL,SIMPLXMIL,,-1.000000,1,,BSE,5.000000,0,False
533100,PEIL,PEIL,,-1.000000,1,,BSE,1.000000,0,False
800724,GS06MAY33,GS06MAY33,,-1.000000,1,,BSE,1.000000,0,False
800738,GS06NOV49,GS06NOV49,,-1.000000,1,,BSE,1.000000,0,False
800746,GS06NOV51,GS06NOV51,,-1.000000,1,,BSE,1.000000,0,False
800749,GS06MAY46,GS06MAY46,,-1.000000,1,,BSE,1.000000,0,False
517544,CENTUM,CENTUM,,-1.000000,1,,BSE,5.000000,0,False
517564,CLENON,CLENON,,-1.000000,1,,BSE,1.000000,0,False
519383,ANIKINDS,ANIKINDS,,-1.000000,1,,BSE,1.000000,0,False
519413,DATIWARE,DATIWARE,,-1.000000,100,,BSE,1.000000,0,False
975791,915SFL29A,915SFL29A,,-1.000000,1,,BSE,1.000000,0,False
975807,SJT2024,SJT2024,,-1.000000,100000,,BSE,1.000000,0,False
975810,860PJL29,860PJL29,,-1.000000,1,,BSE,1.000000,0,False
975812,95PFL34,95PFL34,,-1.000000,1,,BSE,1.000000,0,False
533106,OIL,OIL,,-1.000000,1,,BSE,5.000000,0,True
533108,BTTL,BTTL,,-1.000000,1,,BSE,1.000000,0,False
533121,EXPLEOSOL,EXPLEOSOL,,-1.000000,1,,BSE,5.000000,0,False
533155,JUBLFOOD,JUBLFOOD,,-1.000000,1,,BSE,5.000000,0,True
800780,GS06NOV59,GS06NOV59,,-1.000000,1,,BSE,1.000000,0,False
800755,GS06NOV60,GS06NOV60,,-1.000000,1,,BSE,1.000000,0,False
800764,GS06MAY62,GS06MAY62,,-1.000000,1,,BSE,1.000000,0,False
800769,GS06NOV56,GS06NOV56,,-1.000000,1,,BSE,1.000000,0,False
975831,8KMTL27,8KMTL27,,-1.000000,1,,BSE,1.000000,0,False
975849,12IFL27A,12IFL27A,,-1.000000,1,,BSE,1.000000,0,False
975860,830ABHFL34,830ABHFL34,,-1.000000,1,,BSE,1.000000,0,False
975867,ZCNWF27,ZCNWF27,,-1.000000,1,,BSE,1.000000,0,False
519415,KMGMILK,KMGMILK,,-1.000000,100,,BSE,1.000000,0,False
519475,CHORDIA,CHORDIA,,-1.000000,1,,BSE,1.000000,0,False
519479,OMEAG,OMEAG,,-1.000000,1,,BSE,1.000000,0,False
519552,HERITGFOOD,HERITGFOOD,,-1.000000,1,,BSE,5.000000,0,False
533160,DBREALTY,DBREALTY,,-1.000000,1,,BSE,5.000000,0,False
533164,TEXMOPIPES,TEXMOPIPES,,-1.000000,1,,BSE,1.000000,0,False
533166,SUNDARAM,SUNDARAM,,-1.000000,1,,BSE,1.000000,0,False
533181,ISFT,ISFT,,-1.000000,1,,BSE,1.000000,0,False
800781,GS06MAY65,GS06MAY65,,-1.000000,1,,BSE,1.000000,0,False
800785,GS06NOV66,GS06NOV66,,-1.000000,1,,BSE,1.000000,0,False
800799,GS25MAY40,GS25MAY40,,-1.000000,1,,BSE,1.000000,0,False
800803,GS12MAR40,GS12MAR40,,-1.000000,1,,BSE,1.000000,0,False
975924,9JMFHL28A,9JMFHL28A,,-1.000000,1,,BSE,1.000000,0,False
975952,95AFL34,95AFL34,,-1.000000,1,,BSE,1.000000,0,False
975955,1050NFL27A,1050NFL27A,,-1.000000,1,,BSE,1.000000,0,False
975959,742SBI39,742SBI39,,-1.000000,1,,BSE,1.000000,0,False
533217,HMVL,HMVL,,-1.000000,1,,BSE,1.000000,0,False
533227,AHLEAST,AHLEAST,,-1.000000,1,,BSE,5.000000,0,False
533239,PRAKASHSTL,PRAKASHSTL,,-1.000000,1,,BSE,1.000000,0,False
533259,HEALTHX,HEALTHX,,-1.000000,1,,BSE,5.000000,0,False
519600,CCL,CCL,,-1.000000,1,,BSE,5.000000,0,False
520043,MUNJALSHOW,MUNJALSHOW,,-1.000000,1,,BSE,5.000000,0,False
520051,JAMNAAUTO,JAMNAAUTO,,-1.000000,1,,BSE,5.000000,0,False
520057,JTEKTINDIA,JTEKTINDIA,,-1.000000,1,,BSE,5.000000,0,False
800811,GS25NOV38,GS25NOV38,,-1.000000,1,,BSE,1.000000,0,False
805135,364T221026,364T221026,,-1.000000,1,,BSE,1.000000,0,False
805209,182T291026,182T291026,,-1.000000,1,,BSE,1.000000,0,False
805225,364TB30627,364TB30627,,-1.000000,1,,BSE,1.000000,0,False
533282,GRAVITA,GRAVITA,,-1.000000,1,,BSE,5.000000,0,False
533452,DELPHIFX,DELPHIFX,,-1.000000,1,,BSE,1.000000,0,False
533570,GOLDAXIS,GOLDAXIS,,-1.000000,1,,BSE,1.000000,0,False
533982,TERASOFT,TERASOFT,,-1.000000,1,,BSE,5.000000,0,False
975974,835JSL29,835JSL29,,-1.000000,1,,BSE,1.000000,0,False
975986,925MOFSL32,925MOFSL32,,-1.000000,1,,BSE,1.000000,0,False
975994,726BOB34,726BOB34,,-1.000000,1,,BSE,1.000000,0,False
976000,85GPL29,85GPL29,,-1.000000,1,,BSE,1.000000,0,False
520155,STARLOG,STARLOG,,-1.000000,1,,BSE,1.000000,0,False
521003,SHVSUIT,SHVSUIT,,-1.000000,100,,BSE,1.000000,0,False
521149,PRIMEURB,PRIMEURB,,-1.000000,1,,BSE,1.000000,0,False
521188,UNITEDTE,UNITEDTE,,-1.000000,1,,BSE,1.000000,0,False
805231,364TB17627,364TB17627,,-1.000000,1,,BSE,1.000000,0,False
805235,91TB011026,91TB011026,,-1.000000,1,,BSE,1.000000,0,False
805237,364TB01727,364TB01727,,-1.000000,1,,BSE,1.000000,0,False
805259,91TB271126,91TB271126,,-1.000000,1,,BSE,1.000000,0,False
534091,MCX,MCX,,-1.000000,1,,BSE,5.000000,0,True
534139,SCHNEIDER,SCHNEIDER,,-1.000000,1,,BSE,5.000000,0,False
534392,VSSL,VSSL,,-1.000000,1,,BSE,5.000000,0,False
534675,PROZONER,PROZONER,,-1.000000,1,,BSE,1.000000,0,False
521194,SILINV,SILINV,,-1.000000,1,,BSE,5.000000,0,False
521240,SAMBANDAM,SAMBANDAM,,-1.000000,1,,BSE,5.000000,0,False
522027,EMAINDIA,EMAINDIA,,-1.000000,1,,BSE,5.000000,0,False
522113,TIMKEN,TIMKEN,,-1.000000,1,,BSE,5.000000,0,False
805260,182TB26227,182TB26227,,-1.000000,1,,BSE,1.000000,0,False
805265,91TB101226,91TB101226,,-1.000000,1,,BSE,1.000000,0,False
810623,751APSDL37,751APSDL37,,-1.000000,1,,BSE,5.000000,0,False
810626,765TNSDL27,765TNSDL27,,-1.000000,1,,BSE,1.000000,0,False
976004,803ABHFL29,803ABHFL29,,-1.000000,1,,BSE,1.000000,0,False
976021,18RHRPL27,18RHRPL27,,-1.000000,1,,BSE,1.000000,0,False
976025,810DCCDL34,810DCCDL34,,-1.000000,1,,BSE,1.000000,0,False
976027,733SBI39,733SBI39,,-1.000000,1,,BSE,1.000000,0,False
534733,AERPACE,AERPACE,,-1.000000,1,,BSE,1.000000,0,False
534742,ZUARI,ZUARI,,-1.000000,1,,BSE,5.000000,0,False
534748,STEELXIND,STEELXIND,,-1.000000,1,,BSE,1.000000,0,False
534976,VMART,VMART,,-1.000000,1,,BSE,5.000000,0,False
810630,723KA28,723KA28,,-1.000000,1,,BSE,5.000000,0,False
810634,783MH30,783MH30,,-1.000000,1,,BSE,1.000000,0,False
810638,671RJ30,671RJ30,,-1.000000,1,,BSE,1.000000,0,False
810640,669UP30,669UP30,,-1.000000,1,,BSE,1.000000,0,False
522171,TMTIND-B1,TMTIND-B1,,-1.000000,1,,BSE,1.000000,0,False
522217,GUJAPOLLO,GUJAPOLLO,,-1.000000,1,,BSE,5.000000,0,False
522241,MMFL,MMFL,,-1.000000,1,,BSE,5.000000,0,False
522251,CENLUB,CENLUB,,-1.000000,1,,BSE,5.000000,0,False
535136,NIBE,NIBE,,-1.000000,1,,BSE,5.000000,0,False
535322,REPCOHOME,REPCOHOME,,-1.000000,1,,BSE,5.000000,0,False
535375,KTKFMP100GD,KTKFMP100GD,,-1.000000,1,,BSE,1.000000,0,False
535601,SREEL,SREEL,,-1.000000,1,,BSE,5.000000,0,False
976028,795IHFC27,795IHFC27,,-1.000000,1,,BSE,1.000000,0,False
976030,0KPDL34,0KPDL34,,-1.000000,1,,BSE,1.000000,0,False
976032,10DKGFSP27,10DKGFSP27,,-1.000000,1,,BSE,1.000000,0,False
976040,1025HFSP27,1025HFSP27,,-1.000000,1,,BSE,1.000000,0,False
810643,672PN30,672PN30,,-1.000000,1,,BSE,1.000000,0,False
810659,649MH31,649MH31,,-1.000000,1,,BSE,1.000000,0,False
810670,67GJ30,67GJ30,,-1.000000,1,,BSE,1.000000,0,False
810672,71MH32,71MH32,,-1.000000,1,,BSE,1.000000,0,False
535648,JUSTDIAL,JUSTDIAL,,-1.000000,1,,BSE,5.000000,0,False
535667,IFINSEC,IFINSEC,,-1.000000,1,,BSE,5.000000,0,False
535687,RMFINAFDR8,RMFINAFDR8,,-1.000000,1,,BSE,1.000000,0,False
535755,ABFRL,ABFRL,,-1.000000,1,,BSE,1.000000,0,False
522287,KPIL,KPIL,,-1.000000,1,,BSE,5.000000,0,False
523120,THRIVE,THRIVE,,-1.000000,1,,BSE,1.000000,0,False
523186,BAPACK,BAPACK,,-1.000000,1,,BSE,5.000000,0,False
523248,MACPLASQ,MACPLASQ,,-1.000000,1,,BSE,5.000000,0,False
810678,662KA32,662KA32,,-1.000000,1,,BSE,1.000000,0,False
810687,665KA35,665KA35,,-1.000000,1,,BSE,1.000000,0,False
810688,663KA34,663KA34,,-1.000000,1,,BSE,1.000000,0,False
810692,703RJSDL36,703RJSDL36,,-1.000000,1,,BSE,1.000000,0,False
976051,812IUTA127,812IUTA127,,-1.000000,1,,BSE,1.000000,0,False
976073,885SAT29,885SAT29,,-1.000000,100000,,BSE,1.000000,0,False
976081,ICLF041024,ICLF041024,,-1.000000,1,,BSE,1.000000,0,False
976083,824MMFSL34,824MMFSL34,,-1.000000,1,,BSE,1.000000,0,False
536034,KTKFMP110G,KTKFMP110G,,-1.000000,1,,BSE,1.000000,0,False
536058,KTKFMP111G,KTKFMP111G,,-1.000000,1,,BSE,1.000000,0,False
536117,RFXXIV11DG,RFXXIV11DG,,-1.000000,1,,BSE,1.000000,0,False
537291,NATHBIOGEN,NATHBIOGEN,,-1.000000,1,,BSE,5.000000,0,False
976087,949KIIFB31,949KIIFB31,,-1.000000,1,,BSE,1.000000,0,False
976092,791ABCL34,791ABCL34,,-1.000000,1,,BSE,1.000000,0,False
976093,1050AF27,1050AF27,,-1.000000,1,,BSE,1.000000,0,False
976099,RRADPL27,RRADPL27,,-1.000000,1,,BSE,1.000000,0,False
523260,PEARLPOLY,PEARLPOLY,,-1.000000,1,,BSE,1.000000,0,False
523261,VENKEYS,VENKEYS,,-1.000000,1,,BSE,5.000000,0,False
523283,SUPERHOUSE,SUPERHOUSE,,-1.000000,1,,BSE,5.000000,0,False
523369,DCMSRIND,DCMSRIND,,-1.000000,1,,BSE,1.000000,0,False
537379,HCPO36MJDD,HCPO36MJDD,,-1.000000,1,,BSE,1.000000,0,False
537392,KETOMOTORS,KETOMOTORS,,-1.000000,1,,BSE,5.000000,0,False
537463,NFHXXV18G,NFHXXV18G,,-1.000000,1,,BSE,1.000000,0,False
537573,POLYMAC,POLYMAC,,-1.000000,800,,BSE,1.000000,0,False
810700,722KA38A,722KA38A,,-1.000000,1,,BSE,5.000000,0,False
810724,693GJ31,693GJ31,,-1.000000,1,,BSE,5.000000,0,False
810731,703TN51,703TN51,,-1.000000,1,,BSE,1.000000,0,False
810732,684RJ31,684RJ31,,-1.000000,1,,BSE,1.000000,0,False
523630,NFL,NFL,,-1.000000,1,,BSE,1.000000,0,False
523710,SAYAJIHOTL,SAYAJIHOTL,,-1.000000,1,,BSE,5.000000,0,False
523842,SUPTANERY,SUPTANERY,,-1.000000,1,,BSE,1.000000,0,False
523862,GRANDOAK,GRANDOAK,,-1.000000,1,,BSE,1.000000,0,False
537820,VIJIFIN,VIJIFIN,,-1.000000,1,,BSE,1.000000,0,False
537912,NFXXV32DG,NFXXV32DG,,-1.000000,1,,BSE,1.000000,0,False
538081,HARIAAPL,HARIAAPL,,-1.000000,1,,BSE,1.000000,0,False
538273,RESPONSINF,RESPONSINF,,-1.000000,1,,BSE,1.000000,0,False
810735,68RJ31,68RJ31,,-1.000000,1,,BSE,1.000000,0,False
810740,68MH31,68MH31,,-1.000000,1,,BSE,1.000000,0,False
810751,695MH31,695MH31,,-1.000000,1,,BSE,1.000000,0,False
810756,724TN51,724TN51,,-1.000000,1,,BSE,1.000000,0,False
976119,77165NST28,77165NST28,,-1.000000,1,,BSE,1.000000,0,False
976129,708PGC34,708PGC34,,-1.000000,1,,BSE,1.000000,0,False
976131,808SKRL35,808SKRL35,,-1.000000,1,,BSE,1.000000,0,False
976150,799MRHFL28,799MRHFL28,,-1.000000,1,,BSE,1.000000,0,False
523896,APIL,APIL,,-1.000000,1,,BSE,1.000000,0,False
524046,PETPLST,PETPLST,,-1.000000,1,,BSE,5.000000,0,False
524230,RCF,RCF,,-1.000000,1,,BSE,5.000000,0,False
524280,KOPRAN,KOPRAN,,-1.000000,1,,BSE,5.000000,0,False
538446,MONEYBOXX,MONEYBOXX,,-1.000000,1,,BSE,1.000000,0,False
538521,YAANENT,YAANENT,,-1.000000,1,,BSE,5.000000,0,False
538562,SKIPPER,SKIPPER,,-1.000000,1,,BSE,5.000000,0,False
538611,RTFL,RTFL,,-1.000000,1,,BSE,1.000000,0,False
810769,705TS35,705TS35,,-1.000000,1,,BSE,1.000000,0,False
810774,698AP36,698AP36,,-1.000000,1,,BSE,1.000000,0,False
810790,70AP38A,70AP38A,,-1.000000,1,,BSE,1.000000,0,False
810794,699TS43,699TS43,,-1.000000,1,,BSE,1.000000,0,False
976152,94AVFSL27,94AVFSL27,,-1.000000,1,,BSE,1.000000,0,False
976162,734RL30,734RL30,,-1.000000,1,,BSE,1.000000,0,False
976183,10MCSLD26,10MCSLD26,,-1.000000,1,,BSE,1.000000,0,False
976186,10CIPL30,10CIPL30,,-1.000000,1,,BSE,1.000000,0,False
524322,KABRADG,KABRADG,,-1.000000,1,,BSE,1.000000,0,False
524370,BODALCHEM,BODALCHEM,,-1.000000,1,,BSE,5.000000,0,False
524414,NORRIS,NORRIS,,-1.000000,1,,BSE,1.000000,0,False
524444,EVEXIA,EVEXIA,,-1.000000,1,,BSE,1.000000,0,False
538630,NCAPBULBDD,NCAPBULBDD,,-1.000000,1,,BSE,1.000000,0,False
538743,MUDUNURU,MUDUNURU,,-1.000000,1,,BSE,1.000000,0,False
538920,VINCOFE,VINCOFE,,-1.000000,1,,BSE,5.000000,0,False
538942,MERCANTILE,MERCANTILE,,-1.000000,1,,BSE,1.000000,0,False
810799,666TN29,666TN29,,-1.000000,1,,BSE,1.000000,0,False
810810,735KA36,735KA36,,-1.000000,1,,BSE,1.000000,0,False
810815,732KA34,732KA34,,-1.000000,1,,BSE,5.000000,0,False
810819,716KA36,716KA36,,-1.000000,1,,BSE,1.000000,0,False
976187,114KFL27A,114KFL27A,,-1.000000,1,,BSE,1.000000,0,False
976198,754MBP28,754MBP28,,-1.000000,1,,BSE,1.000000,0,False
976227,723DMEDL34,723DMEDL34,,-1.000000,1,,BSE,1.000000,0,False
976229,785ABHFL28,785ABHFL28,,-1.000000,1,,BSE,1.000000,0,False
538975,SHREESEC,SHREESEC,,-1.000000,1,,BSE,1.000000,0,False
539045,MANAKALUCO,MANAKALUCO,,-1.000000,1,,BSE,1.000000,0,False
539097,URSUGAR,URSUGAR,,-1.000000,1,,BSE,1.000000,0,False
539099,ATHCON,ATHCON,,-1.000000,2500,,BSE,1.000000,0,False
810822,709GJ32,709GJ32,,-1.000000,1,,BSE,1.000000,0,False
810840,745AP37,745AP37,,-1.000000,1,,BSE,1.000000,0,False
810843,778AP42,778AP42,,-1.000000,1,,BSE,1.000000,0,False
810849,79AP34,79AP34,,-1.000000,1,,BSE,1.000000,0,False
524502,RAAJMEDI,RAAJMEDI,,-1.000000,1,,BSE,1.000000,0,False
524514,TULASEEBIOE,TULASEEBIOE,,-1.000000,100,,BSE,1.000000,0,False
524534,BHASKAGR,BHASKAGR,,-1.000000,1,,BSE,5.000000,0,False
524624,GAGAN,GAGAN,,-1.000000,1,,BSE,1.000000,0,False
976240,773EOPR29,773EOPR29,,-1.000000,1,,BSE,1.000000,0,False
976254,789AXFL29,789AXFL29,,-1.000000,1,,BSE,1.000000,0,False
976267,835MCFPL29,835MCFPL29,,-1.000000,1,,BSE,1.000000,0,False
976273,712HUDCO34,712HUDCO34,,-1.000000,1,,BSE,1.000000,0,False
539122,BODHTREE,BODHTREE,,-1.000000,1,,BSE,1.000000,0,False
539150,PNCINFRA,PNCINFRA,,-1.000000,1,,BSE,5.000000,0,False
539190,DFL,DFL,,-1.000000,1,,BSE,1.000000,0,False
539199,SGFIN,SGFIN,,-1.000000,1,,BSE,5.000000,0,False
810868,777GJ32,777GJ32,,-1.000000,1,,BSE,5.000000,0,False
810872,782AP42,782AP42,,-1.000000,1,,BSE,1.000000,0,False
810875,774AP38,774AP38,,-1.000000,1,,BSE,1.000000,0,False
810879,77TN42,77TN42,,-1.000000,1,,BSE,1.000000,0,False
976283,94AKCFL27,94AKCFL27,,-1.000000,1,,BSE,1.000000,0,False
976286,835MCFPL27,835MCFPL27,,-1.000000,1,,BSE,1.000000,0,False
976305,995AFL26,995AFL26,,-1.000000,1,,BSE,1.000000,0,False
976307,108EAAAL27,108EAAAL27,,-1.000000,1,,BSE,1.000000,0,False
524648,INDOAMIN,INDOAMIN,,-1.000000,1,,BSE,5.000000,0,False
524743,FISCHER,FISCHER,,-1.000000,1,,BSE,1.000000,0,False
524774,NGLFINE,NGLFINE,,-1.000000,1,,BSE,5.000000,0,False
524816,NATCOPHARM,NATCOPHARM,,-1.000000,1,,BSE,5.000000,0,False
539230,CHEMIESYNT,CHEMIESYNT,,-1.000000,1,,BSE,1.000000,0,False
539251,BALKRISHNA,BALKRISHNA,,-1.000000,1,,BSE,1.000000,0,False
539290,OSWALGREEN,OSWALGREEN,,-1.000000,1,,BSE,1.000000,0,False
539310,THINKINK,THINKINK,,-1.000000,1,,BSE,1.000000,0,False
810889,769KL40,769KL40,,-1.000000,1,,BSE,5.000000,0,False
810897,762GJ29,762GJ29,,-1.000000,1,,BSE,1.000000,0,False
810901,788MP33,788MP33,,-1.000000,1,,BSE,1.000000,0,False
810921,763GJ32,763GJ32,,-1.000000,1,,BSE,1.000000,0,False
539313,NIFTYBETA,NIFTYBETA,,-1.000000,1,,BSE,1.000000,0,False
539393,KCL,KCL,,-1.000000,1,,BSE,1.000000,0,False
539398,VISHALBL,VISHALBL,,-1.000000,1,,BSE,1.000000,0,False
539469,PANORAMA,PANORAMA,,-1.000000,1,,BSE,1.000000,0,False
976315,89043SFL30,89043SFL30,,-1.000000,1,,BSE,1.000000,0,False
976317,938ARFL29,938ARFL29,,-1.000000,1,,BSE,1.000000,0,False
976342,728IREDA35,728IREDA35,,-1.000000,1,,BSE,1.000000,0,False
976344,95IFSL27,95IFSL27,,-1.000000,1,,BSE,1.000000,0,False
810924,768GJ30,768GJ30,,-1.000000,1,,BSE,1.000000,0,False
810925,762MP34,762MP34,,-1.000000,1,,BSE,1.000000,0,False
810932,77MH31,77MH31,,-1.000000,1,,BSE,1.000000,0,False
810936,774MP43,774MP43,,-1.000000,1,,BSE,1.000000,0,False
524820,PANAMAPET,PANAMAPET,,-1.000000,1,,BSE,5.000000,0,False
526043,POLYCHMP,POLYCHMP,,-1.000000,1,,BSE,1.000000,0,False
526117,SHERVANI,SHERVANI,,-1.000000,1,,BSE,5.000000,0,False
526173,ANDREWYU,ANDREWYU,,-1.000000,1,,BSE,1.000000,0,False
539488,TFLL,TFLL,,-1.000000,1,,BSE,1.000000,0,False
539494,SMARTFIN,SMARTFIN,,-1.000000,1,,BSE,1.000000,0,False
539527,CREATIVE,CREATIVE,,-1.000000,1,,BSE,5.000000,0,False
539543,VALLEY,VALLEY,,-1.000000,1,,BSE,1.000000,0,False
810972,758GJ26,758GJ26,,-1.000000,1,,BSE,1.000000,0,False
810994,743MH35,743MH35,,-1.000000,1,,BSE,5.000000,0,False
811003,753AP36,753AP36,,-1.000000,1,,BSE,1.000000,0,False
811010,741RJSDL34,741RJSDL34,,-1.000000,1,,BSE,1.000000,0,False
976364,990IKF27,990IKF27,,-1.000000,1,,BSE,1.000000,0,False
976367,TFL29125,TFL29125,,-1.000000,1,,BSE,1.000000,0,False
976389,975MML27,975MML27,,-1.000000,1,,BSE,1.000000,0,False
976403,728RECL40,728RECL40,,-1.000000,1,,BSE,1.000000,0,False
526415,OKPLA,OKPLA,,-1.000000,1,,BSE,1.000000,0,False
539552,DHVIJAFIN,DHVIJAFIN,,-1.000000,1,,BSE,1.000000,0,False
539661,ACEMEN,ACEMEN,,-1.000000,1,,BSE,5.000000,0,False
539681,DAL,DAL,,-1.000000,1,,BSE,1.000000,0,False
539807,CCAVENUE,CCAVENUE,,-1.000000,1,,BSE,1.000000,0,False
526251,MIDEASTP,MIDEASTP,,-1.000000,1,,BSE,1.000000,0,False
526263,MOLDTECH,MOLDTECH,,-1.000000,1,,BSE,5.000000,0,False
526409,KKALPANAIND,KKALPANAIND,,-1.000000,1,,BSE,1.000000,0,False
811011,737RJSDL39,737RJSDL39,,-1.000000,1,,BSE,1.000000,0,False
811020,736RJSDL34,736RJSDL34,,-1.000000,1,,BSE,1.000000,0,False
811044,715KRSDL36,715KRSDL36,,-1.000000,1,,BSE,1.000000,0,False
811050,712KASDL36,712KASDL36,,-1.000000,1,,BSE,1.000000,0,False
976411,12ACAPL28,12ACAPL28,,-1.000000,1,,BSE,1.000000,0,False
976471,1135STF27,1135STF27,,-1.000000,100000,,BSE,1.000000,0,False
976477,0ICLFL29,0ICLFL29,,-1.000000,1,,BSE,1.000000,0,False
976478,0ICLFL30B,0ICLFL30B,,-1.000000,1,,BSE,1.000000,0,False
539945,NV20IETF,NV20IETF,,-1.000000,1,,BSE,1.000000,0,False
539963,ZEAL,ZEAL,,-1.000000,1,,BSE,1.000000,0,False
540079,SPRAYKING,SPRAYKING,,-1.000000,1,,BSE,1.000000,0,False
540143,SAGARSOFT,SAGARSOFT,,-1.000000,1,,BSE,1.000000,0,False
811062,640TNSDL32,640TNSDL32,,-1.000000,1,,BSE,1.000000,0,False
811064,709TNSDL55,709TNSDL55,,-1.000000,1,,BSE,1.000000,0,False
811065,714MHSDL45,714MHSDL45,,-1.000000,1,,BSE,1.000000,0,False
811073,757MPSDL45,757MPSDL45,,-1.000000,1,,BSE,1.000000,0,False
526640,RAYALEMA,RAYALEMA,,-1.000000,1,,BSE,1.000000,0,False
526703,ECOPLAST,ECOPLAST,,-1.000000,1,,BSE,5.000000,0,False
526747,PGFOILQ,PGFOILQ,,-1.000000,1,,BSE,5.000000,0,False
526797,GREENPLY,GREENPLY,,-1.000000,1,,BSE,5.000000,0,False
540144,DRA,DRA,,-1.000000,2500,,BSE,1.000000,0,False
540145,VALIANTORG,VALIANTORG,,-1.000000,1,,BSE,5.000000,0,False
540147,SHASHIJIT,SHASHIJIT,,-1.000000,1,,BSE,1.000000,0,False
540174,SOUTHERNIN,SOUTHERNIN,,-1.000000,1,,BSE,1.000000,0,False
976501,8016ABCL29,8016ABCL29,,-1.000000,1,,BSE,1.000000,0,False
976516,775HZL28,775HZL28,,-1.000000,1,,BSE,1.000000,0,False
976517,840IRDAPRP,840IRDAPRP,,-1.000000,1,,BSE,1.000000,0,False
976538,EFCL25325A,EFCL25325A,,-1.000000,1,,BSE,1.000000,0,False
811076,708MAHSD39,708MAHSD39,,-1.000000,1,,BSE,1.000000,0,False
811092,684GJSDL31,684GJSDL31,,-1.000000,1,,BSE,1.000000,0,False
811096,72MHSDL34,72MHSDL34,,-1.000000,1,,BSE,1.000000,0,False
811104,758WBSDL42,758WBSDL42,,-1.000000,1,,BSE,1.000000,0,False
526851,AREXMIS,AREXMIS,,-1.000000,1,,BSE,5.000000,0,False
526921,21STCENMGM,21STCENMGM,,-1.000000,1,,BSE,1.000000,0,False
526983,ASHOKRE,ASHOKRE,,-1.000000,100,,BSE,1.000000,0,False
530035,SANTOSHF,SANTOSHF,,-1.000000,1,,BSE,1.000000,0,False
540192,LKPSEC,LKPSEC,,-1.000000,1,,BSE,1.000000,0,False
540198,OSIAJEE,OSIAJEE,,-1.000000,1,,BSE,5.000000,0,False
540205,AVL,AVL,,-1.000000,1,,BSE,5.000000,0,False
540332,TANVI,TANVI,,-1.000000,1000,,BSE,1.000000,0,False
811109,761HRSDL43,761HRSDL43,,-1.000000,1,,BSE,1.000000,0,False
811114,724MHSDL34,724MHSDL34,,-1.000000,1,,BSE,1.000000,0,False
811117,702GJSDL31,702GJSDL31,,-1.000000,1,,BSE,1.000000,0,False
811118,761TNSDL56,761TNSDL56,,-1.000000,1,,BSE,1.000000,0,False
976551,949KIIF31,949KIIF31,,-1.000000,1,,BSE,1.000000,0,False
976552,949KIIF32,949KIIF32,,-1.000000,1,,BSE,1.000000,0,False
976555,949KIIF35,949KIIF35,,-1.000000,1,,BSE,1.000000,0,False
976569,11AGAM2526,11AGAM2526,,-1.000000,100000,,BSE,1.000000,0,False
811155,763MHSDL39,763MHSDL39,,-1.000000,1,,BSE,1.000000,0,False
811157,747GUSDL36,747GUSDL36,,-1.000000,1,,BSE,1.000000,0,False
890238,GSAILPP,GSAILPP,,-1.000000,1,,BSE,1.000000,0,False
912463,CHOLACCD,CHOLACCD,,-1.000000,1,,BSE,1.000000,0,False
530045,TITANSEC,TITANSEC,,-1.000000,1,,BSE,1.000000,0,False
530067,CSLFINANCE,CSLFINANCE,,-1.000000,1,,BSE,5.000000,0,False
530079,FAZE3Q,FAZE3Q,,-1.000000,1,,BSE,5.000000,0,False
530119,NATRAJPR,NATRAJPR,,-1.000000,1,,BSE,1.000000,0,False
540366,RADIOCITY,RADIOCITY,,-1.000000,1,,BSE,1.000000,0,False
540393,SMLT,SMLT,,-1.000000,1,,BSE,1.000000,0,False
540492,STARLENT,STARLENT,,-1.000000,1,,BSE,1.000000,0,False
540497,SCHAND,SCHAND,,-1.000000,1,,BSE,5.000000,0,False
976584,1116NFL27,1116NFL27,,-1.000000,1,,BSE,1.000000,0,False
976591,875AVHFIRR,875AVHFIRR,,-1.000000,1,,BSE,1.000000,0,False
976604,76KMPL28,76KMPL28,,-1.000000,1,,BSE,1.000000,0,False
976606,6TL30,6TL30,,-1.000000,1,,BSE,1.000000,0,False
935542,709REC30,709REC30,,-1.000000,1,,BSE,1.000000,0,False
929015,810GNN27,810GNN27,,-1.000000,7,,BSE,1.000000,0,False
929016,810GNN28,810GNN28,,-1.000000,7,,BSE,1.000000,0,False
929019,810GNN31,810GNN31,,-1.000000,8,,BSE,1.000000,0,False
530125,SAMRATPH,SAMRATPH,,-1.000000,1,,BSE,5.000000,0,False
530151,VIJAYTX,VIJAYTX,,-1.000000,1,,BSE,1.000000,0,False
530163,KERALAYUR,KERALAYUR,,-1.000000,1,,BSE,5.000000,0,False
530197,FUNDVISER,FUNDVISER,,-1.000000,1,,BSE,5.000000,0,False
540544,PSPPROJECT,PSPPROJECT,,-1.000000,1,,BSE,5.000000,0,False
540565,INDIGRID,INDIGRID,,-1.000000,1,,BSE,1.000000,0,False
540602,GTPL,GTPL,,-1.000000,1,,BSE,1.000000,0,False
540613,GEL,GEL,,-1.000000,3000,,BSE,1.000000,0,False
976619,8SBVPL29,8SBVPL29,,-1.000000,1,,BSE,1.000000,0,False
976626,765PFL27,765PFL27,,-1.000000,1,,BSE,1.000000,0,False
976640,RRAVFL30B,RRAVFL30B,,-1.000000,1,,BSE,1.000000,0,False
976644,673HPCL30,673HPCL30,,-1.000000,1,,BSE,1.000000,0,False
935664,739NHAI31A,739NHAI31A,,-1.000000,1,,BSE,1.000000,0,False
936048,805MMFSL32,805MMFSL32,,-1.000000,1,,BSE,1.000000,0,False
936636,85PFL26A,85PFL26A,,-1.000000,1,,BSE,1.000000,0,False
937037,MFLZC27B,MFLZC27B,,-1.000000,1,,BSE,1.000000,0,False
530199,THEMISMED,THEMISMED,,-1.000000,1,,BSE,5.000000,0,False
530213,FORINTL,FORINTL,,-1.000000,1,,BSE,1.000000,0,False
530231,SUBSM,SUBSM,,-1.000000,1,,BSE,1.000000,0,False
530267,ARIGATO,ARIGATO,,-1.000000,1,,BSE,1.000000,0,False
540615,7NR,7NR,,-1.000000,1,,BSE,1.000000,0,False
540673,SIS,SIS,,-1.000000,1,,BSE,5.000000,0,False
540678,COCHINSHIP,COCHINSHIP,,-1.000000,1,,BSE,5.000000,0,True
540686,SMRUTHIORG,SMRUTHIORG,,-1.000000,1,,BSE,5.000000,0,False
976654,1120ESPL27,1120ESPL27,,-1.000000,1,,BSE,1.000000,0,False
976663,990RGPL28,990RGPL28,,-1.000000,1,,BSE,1.000000,0,False
976670,686NHPCL33,686NHPCL33,,-1.000000,1,,BSE,1.000000,0,False
976671,686NHPCL34,686NHPCL34,,-1.000000,1,,BSE,1.000000,0,False
937289,KFLZC27,KFLZC27,,-1.000000,1,,BSE,1.000000,0,False
937371,68PFCL31,68PFCL31,,-1.000000,1,,BSE,1.000000,0,False
937375,658PFCL31,658PFCL31,,-1.000000,1,,BSE,1.000000,0,False
937401,KFLZC28,KFLZC28,,-1.000000,1,,BSE,1.000000,0,False
530281,QUANTDIA,QUANTDIA,,-1.000000,1,,BSE,1.000000,0,False
530429,ASHISHPO,ASHISHPO,,-1.000000,1,,BSE,1.000000,0,False
530495,STRATMONT,STRATMONT,,-1.000000,1,,BSE,1.000000,0,False
530499,AKCAPIT,AKCAPIT,,-1.000000,1,,BSE,5.000000,0,False
540693,SHISHIND,SHISHIND,,-1.000000,1,,BSE,1.000000,0,False
540699,DIXON,DIXON,,-1.000000,1,,BSE,5.000000,0,True
540730,MEHAI,MEHAI,,-1.000000,1,,BSE,1.000000,0,False
540749,MASFIN,MASFIN,,-1.000000,1,,BSE,5.000000,0,False
937409,9MFL27,9MFL27,,-1.000000,1,,BSE,1.000000,0,False
937501,930EFSL31,930EFSL31,,-1.000000,1,,BSE,1.000000,0,False
937537,82IGT31,82IGT31,,-1.000000,1,,BSE,1.000000,0,False
937559,MFLZC28E,MFLZC28E,,-1.000000,1,,BSE,1.000000,0,False
976674,686NHPCL37,686NHPCL37,,-1.000000,1,,BSE,1.000000,0,False
976677,69HUDC30,69HUDC30,,-1.000000,1,,BSE,1.000000,0,False
976683,1005MFL28A,1005MFL28A,,-1.000000,1,,BSE,1.000000,0,False
976684,684NTPC35,684NTPC35,,-1.000000,1,,BSE,1.000000,0,False
530579,UYFINCORP,UYFINCORP,,-1.000000,1,,BSE,1.000000,0,False
530581,EKAMLEA,EKAMLEA,,-1.000000,1,,BSE,1.000000,0,False
530585,SWASTIKA,SWASTIKA,,-1.000000,1,,BSE,5.000000,0,False
530609,CARNATIN,CARNATIN,,-1.000000,1,,BSE,1.000000,0,False
540767,NAM-INDIA,NAM-INDIA,,-1.000000,1,,BSE,5.000000,0,True
540787,ICICIB22,ICICIB22,,-1.000000,1,,BSE,1.000000,0,False
540874,7SEASL,7SEASL,,-1.000000,1,,BSE,1.000000,0,False
540937,MEDICO,MEDICO,,-1.000000,1,,BSE,1.000000,0,False
937701,9KSFL27,9KSFL27,,-1.000000,1,,BSE,1.000000,0,False
937711,830JMFPL30,830JMFPL30,,-1.000000,1,,BSE,1.000000,0,False
937725,IIFLZC26,IIFLZC26,,-1.000000,1,,BSE,1.000000,0,False
937743,12IML26,12IML26,,-1.000000,1,,BSE,1.000000,0,False
976690,1125IML26B,1125IML26B,,-1.000000,1,,BSE,1.000000,0,False
976704,765PFL28,765PFL28,,-1.000000,1,,BSE,1.000000,0,False
976708,EFCL210525,EFCL210525,,-1.000000,1,,BSE,1.000000,0,False
976722,702BHFL28,702BHFL28,,-1.000000,1,,BSE,1.000000,0,False
937765,1125KLM26A,1125KLM26A,,-1.000000,1,,BSE,1.000000,0,False
937801,955EFSL26B,955EFSL26B,,-1.000000,1,,BSE,1.000000,0,False
937827,850IIFL27,850IIFL27,,-1.000000,1,,BSE,1.000000,0,False
937865,889SCFL27,889SCFL27,,-1.000000,1,,BSE,1.000000,0,False
541161,DHARAN,DHARAN,,-1.000000,1,,BSE,1.000000,0,False
541167,YASHO,YASHO,,-1.000000,1,,BSE,5.000000,0,False
541195,MIDHANI,MIDHANI,,-1.000000,1,,BSE,5.000000,0,False
541303,AKSHAR,AKSHAR,,-1.000000,1,,BSE,1.000000,0,False
976742,775APSE40,775APSE40,,-1.000000,1,,BSE,1.000000,0,False
976745,925VT29A,925VT29A,,-1.000000,1,,BSE,1.000000,0,False
976747,667NBFID30,667NBFID30,,-1.000000,1,,BSE,1.000000,0,False
976748,1190LMPL28,1190LMPL28,,-1.000000,1,,BSE,1.000000,0,False
530663,GOYALASS,GOYALASS,,-1.000000,1,,BSE,1.000000,0,False
530669,ACEENGITEC,ACEENGITEC,,-1.000000,1,,BSE,1.000000,0,False
530709,GOWRALE,GOWRALE,,-1.000000,1,,BSE,1.000000,0,False
530723,ASITCFIN,ASITCFIN,,-1.000000,1,,BSE,5.000000,0,False
938224,79NHIT40,79NHIT40,,-1.000000,1,,BSE,1.000000,0,False
937897,MFLZC28F,MFLZC28F,,-1.000000,1,,BSE,1.000000,0,False
937967,925SCL27,925SCL27,,-1.000000,1,,BSE,1.000000,0,False
938007,970NIDO32,970NIDO32,,-1.000000,1,,BSE,1.000000,0,False
530853,HIPOLIN,HIPOLIN,,-1.000000,1,,BSE,1.000000,0,False
530953,SUNILAGR,SUNILAGR,,-1.000000,1,,BSE,1.000000,0,False
531033,REGAL,REGAL,,-1.000000,1,,BSE,1.000000,0,False
531137,GEMSI,GEMSI,,-1.000000,1,,BSE,1.000000,0,False
541347,PARVATI,PARVATI,,-1.000000,1,,BSE,1.000000,0,False
541546,GAYAHWS,GAYAHWS,,-1.000000,1,,BSE,1.000000,0,False
541556,RITES,RITES,,-1.000000,1,,BSE,5.000000,0,False
541967,SKYGOLD,SKYGOLD,,-1.000000,1,,BSE,5.000000,0,False
976755,945VL28,945VL28,,-1.000000,1,,BSE,1.000000,0,False
976784,742DCBL32,742DCBL32,,-1.000000,1,,BSE,1.000000,0,False
976815,820HLFL28,820HLFL28,,-1.000000,1,,BSE,1.000000,0,False
976845,13PCL2029A,13PCL2029A,,-1.000000,1,,BSE,1.000000,0,False
938256,MFLTDII27,MFLTDII27,,-1.000000,1,,BSE,1.000000,0,False
938330,115CCIL28,115CCIL28,,-1.000000,1,,BSE,1.000000,0,False
938364,967EFSL28D,967EFSL28D,,-1.000000,1,,BSE,1.000000,0,False
938368,EFSLZC28,EFSLZC28,,-1.000000,1,,BSE,1.000000,0,False
542012,A1L,A1L,,-1.000000,1,,BSE,1.000000,0,False
542034,SMGOLD,SMGOLD,,-1.000000,1,,BSE,1.000000,0,False
542131,NIFTYETF,NIFTYETF,,-1.000000,1,,BSE,1.000000,0,False
542176,ARYAN,ARYAN,,-1.000000,1,,BSE,1.000000,0,False
938424,850MFL28,850MFL28,,-1.000000,1,,BSE,1.000000,0,False
938462,1050KLMA28,1050KLMA28,,-1.000000,1,,BSE,1.000000,0,False
938466,KAFLZC30,KAFLZC30,,-1.000000,1,,BSE,1.000000,0,False
938484,965SCL28,965SCL28,,-1.000000,1,,BSE,1.000000,0,False
531146,MEDICAMEQ,MEDICAMEQ,,-1.000000,1,,BSE,5.000000,0,False
531168,ASSOCER,ASSOCER,,-1.000000,1,,BSE,5.000000,0,False
531191,FILTRON,FILTRON,,-1.000000,1,,BSE,1.000000,0,False
531205,SPRIGHT,SPRIGHT,,-1.000000,1,,BSE,1.000000,0,False
976859,10HFL29,10HFL29,,-1.000000,1,,BSE,1.000000,0,False
976864,697EOPRE27,697EOPRE27,,-1.000000,1,,BSE,1.000000,0,False
976884,77LBTL43,77LBTL43,,-1.000000,1,,BSE,1.000000,0,False
976892,85JMF28A,85JMF28A,,-1.000000,1,,BSE,1.000000,0,False
542216,DALBHARAT,DALBHARAT,,-1.000000,1,,BSE,5.000000,0,False
542248,DECCAN,DECCAN,,-1.000000,1,,BSE,1.000000,0,False
542323,KPIGREEN,KPIGREEN,,-1.000000,1,,BSE,5.000000,0,False
542333,RPSGVENT,RPSGVENT,,-1.000000,1,,BSE,5.000000,0,False
938602,SFL27A,SFL27A,,-1.000000,1,,BSE,1.000000,0,False
938548,KFL30A,KFL30A,,-1.000000,1,,BSE,1.000000,0,False
938570,9MFL30A,9MFL30A,,-1.000000,1,,BSE,1.000000,0,False
938572,915MFL28,915MFL28,,-1.000000,1,,BSE,1.000000,0,False
531210,COLINZ,COLINZ,,-1.000000,1,,BSE,1.000000,0,False
531241,LINC,LINC,,-1.000000,1,,BSE,1.000000,0,False
531246,PRIMAIN,PRIMAIN,,-1.000000,1,,BSE,1.000000,0,False
531262,EQUILATERA,EQUILATERA,,-1.000000,1,,BSE,1.000000,0,False
542377,AARSHYAM,AARSHYAM,,-1.000000,1,,BSE,1.000000,0,False
542477,GLAAMUP,GLAAMUP,,-1.000000,10000,,BSE,1.000000,0,False
542579,AGOL,AGOL,,-1.000000,1,,BSE,1.000000,0,False
542666,GKP,GKP,,-1.000000,1,,BSE,1.000000,0,False
976908,ICLF10725,ICLF10725,,-1.000000,1,,BSE,1.000000,0,False
976926,ICFSL18725,ICFSL18725,,-1.000000,1,,BSE,1.000000,0,False
976937,858KFC33,858KFC33,,-1.000000,1,,BSE,1.000000,0,False
976953,72728SEI32,72728SEI32,,-1.000000,1,,BSE,1.000000,0,False
938604,1025SFL28,1025SFL28,,-1.000000,1,,BSE,1.000000,0,False
938620,IML28,IML28,,-1.000000,1,,BSE,1.000000,0,False
938690,1015SCL28B,1015SCL28B,,-1.000000,1,,BSE,1.000000,0,False
938702,753PFCL33,753PFCL33,,-1.000000,1,,BSE,1.000000,0,False
542694,PARSHVA,PARSHVA,,-1.000000,1,,BSE,5.000000,0,False
542812,FLUOROCHEM,FLUOROCHEM,,-1.000000,1,,BSE,5.000000,0,False
542907,PRINCEPIPE,PRINCEPIPE,,-1.000000,1,,BSE,5.000000,0,False
542918,GIANLIFE,GIANLIFE,,-1.000000,1,,BSE,1.000000,0,False
531274,KINETRU,KINETRU,,-1.000000,1,,BSE,1.000000,0,False
531283,CINDRELL,CINDRELL,,-1.000000,1,,BSE,1.000000,0,False
531288,LEADFIN,LEADFIN,,-1.000000,1,,BSE,1.000000,0,False
531335,ZYDUSWELL,ZYDUSWELL,,-1.000000,1,,BSE,5.000000,0,False
938780,NIDO28,NIDO28,,-1.000000,1,,BSE,1.000000,0,False
938838,957SCL30,957SCL30,,-1.000000,1,,BSE,1.000000,0,False
938862,10KFL27,10KFL27,,-1.000000,1,,BSE,1.000000,0,False
938874,8MFLTD26,8MFLTD26,,-1.000000,1,,BSE,1.000000,0,False
976954,NWFL24725,NWFL24725,,-1.000000,1,,BSE,1.000000,0,False
976967,EFCL30725,EFCL30725,,-1.000000,1,,BSE,1.000000,0,False
976974,72959ABC28,72959ABC28,,-1.000000,1,,BSE,1.000000,0,False
976989,1175AFI28B,1175AFI28B,,-1.000000,1,,BSE,1.000000,0,False
542920,SUMICHEM,SUMICHEM,,-1.000000,1,,BSE,5.000000,0,False
543064,COHANCE,COHANCE,,-1.000000,1,,BSE,5.000000,0,False
543071,07AGG,07AGG,,-1.000000,1,,BSE,1.000000,0,False
543075,07QPD,07QPD,,-1.000000,1,,BSE,1.000000,0,False
531352,PEETISEC,PEETISEC,,-1.000000,1,,BSE,1.000000,0,False
531373,BYKE,BYKE,,-1.000000,1,,BSE,1.000000,0,False
531380,CSURGSU,CSURGSU,,-1.000000,1,,BSE,1.000000,0,False
531416,NARPROP,NARPROP,,-1.000000,1,,BSE,1.000000,0,False
938900,960EFSLA,960EFSLA,,-1.000000,1,,BSE,1.000000,0,False
938948,CCILZC30,CCILZC30,,-1.000000,1,,BSE,1.000000,0,False
938972,940SCL26A,940SCL26A,,-1.000000,1,,BSE,1.000000,0,False
938974,990SCL26A,990SCL26A,,-1.000000,1,,BSE,1.000000,0,False
976997,990IND4329,990IND4329,,-1.000000,1,,BSE,1.000000,0,False
977012,967KIIFB35,967KIIFB35,,-1.000000,1,,BSE,1.000000,0,False
977018,870AML28,870AML28,,-1.000000,1,,BSE,1.000000,0,False
977021,640NHPCL27,640NHPCL27,,-1.000000,1,,BSE,1.000000,0,False
531417,MEGACOR,MEGACOR,,-1.000000,1,,BSE,1.000000,0,False
531432,SYTIXSE,SYTIXSE,,-1.000000,1,,BSE,1.000000,0,False
531454,POLYLINK,POLYLINK,,-1.000000,1,,BSE,1.000000,0,False
531463,GBLINFRA,GBLINFRA,,-1.000000,1,,BSE,1.000000,0,False
543085,09QPD,09QPD,,-1.000000,1,,BSE,1.000000,0,False
543087,09AGG,09AGG,,-1.000000,1,,BSE,1.000000,0,False
543092,09GPG,09GPG,,-1.000000,1,,BSE,1.000000,0,False
543101,UTCRFS2DAR,UTCRFS2DAR,,-1.000000,1,,BSE,1.000000,0,False
938988,925SCL28A,925SCL28A,,-1.000000,1,,BSE,1.000000,0,False
939024,CIFCZC28,CIFCZC28,,-1.000000,1,,BSE,1.000000,0,False
939042,1225ICLF26,1225ICLF26,,-1.000000,1,,BSE,1.000000,0,False
939044,ICLFLZC29,ICLFLZC29,,-1.000000,1,,BSE,1.000000,0,False
977034,842ABCLPER,842ABCLPER,,-1.000000,1,,BSE,1.000000,0,False
977037,73015CHT35,73015CHT35,,-1.000000,1,,BSE,1.000000,0,False
977042,1010VCL27,1010VCL27,,-1.000000,1,,BSE,1.000000,0,False
977043,741MBPR33,741MBPR33,,-1.000000,1,,BSE,1.000000,0,False
531471,DUKEOFS,DUKEOFS,,-1.000000,1,,BSE,1.000000,0,False
531531,HATSUN,HATSUN,,-1.000000,1,,BSE,5.000000,0,False
531572,RANJITSE,RANJITSE,,-1.000000,1,,BSE,1.000000,0,False
531583,RAP,RAP,,-1.000000,1,,BSE,1.000000,0,False
543112,UTCRFS2RAR,UTCRFS2RAR,,-1.000000,1,,BSE,1.000000,0,False
543119,UTMTFS2DQP,UTMTFS2DQP,,-1.000000,1,,BSE,1.000000,0,False
543131,UTMTFS2RQR,UTMTFS2RQR,,-1.000000,1,,BSE,1.000000,0,False
543157,10IGG,10IGG,,-1.000000,1,,BSE,1.000000,0,False
939084,1075MML26,1075MML26,,-1.000000,1,,BSE,1.000000,0,False
939090,1050MML28,1050MML28,,-1.000000,1,,BSE,1.000000,0,False
939116,948SCL26B,948SCL26B,,-1.000000,1,,BSE,1.000000,0,False
939128,980SCL33D,980SCL33D,,-1.000000,1,,BSE,1.000000,0,False
977061,10NFL26,10NFL26,,-1.000000,1,,BSE,1.000000,0,False
977071,ZCHDBFS28,ZCHDBFS28,,-1.000000,1,,BSE,1.000000,0,False
977086,1155KFL26,1155KFL26,,-1.000000,1,,BSE,1.000000,0,False
977093,0MSFL27,0MSFL27,,-1.000000,1,,BSE,1.000000,0,False
543164,10ADR,10ADR,,-1.000000,1,,BSE,1.000000,0,False
543169,08DPR,08DPR,,-1.000000,1,,BSE,1.000000,0,False
543170,08ADD,08ADD,,-1.000000,1,,BSE,1.000000,0,False
543203,SFMP34GR,SFMP34GR,,-1.000000,1,,BSE,1.000000,0,False
939148,965ARKA26,965ARKA26,,-1.000000,1,,BSE,1.000000,0,False
939178,921ONE27,921ONE27,,-1.000000,1,,BSE,1.000000,0,False
939182,926ONE29,926ONE29,,-1.000000,1,,BSE,1.000000,0,False
939198,1010EFSL29,1010EFSL29,,-1.000000,1,,BSE,1.000000,0,False
531594,INCON,INCON,,-1.000000,1,,BSE,1.000000,0,False
531609,KGPETRO,KGPETRO,,-1.000000,1,,BSE,5.000000,0,False
531638,SURAJLTD,SURAJLTD,,-1.000000,1,,BSE,5.000000,0,False
531652,UVS,UVS,,-1.000000,1,,BSE,1.000000,0,False
543208,REGIS,REGIS,,-1.000000,1,,BSE,1.000000,0,False
543211,BONLON,BONLON,,-1.000000,1,,BSE,1.000000,0,False
543214,NDRAUTO,NDRAUTO,,-1.000000,1,,BSE,5.000000,0,False
543230,ADVAIT,ADVAIT,,-1.000000,1,,BSE,5.000000,0,False
939204,1045EFSL34,1045EFSL34,,-1.000000,1,,BSE,1.000000,0,False
939208,825MFL29,825MFL29,,-1.000000,1,,BSE,1.000000,0,False
939216,MFL27,MFL27,,-1.000000,1,,BSE,1.000000,0,False
939218,MFL29,MFL29,,-1.000000,1,,BSE,1.000000,0,False
977095,1095SFL27,1095SFL27,,-1.000000,1,,BSE,1.000000,0,False
977108,940IKFFL27,940IKFFL27,,-1.000000,1,,BSE,1.000000,0,False
977119,7288KMPL28,7288KMPL28,,-1.000000,1,,BSE,1.000000,0,False
977128,1026MFL31,1026MFL31,,-1.000000,1,,BSE,1.000000,0,False
531661,HITTCO,HITTCO,,-1.000000,1,,BSE,1.000000,0,False
531676,EMROCK,EMROCK,,-1.000000,1,,BSE,5.000000,0,False
531686,ADVIKLA,ADVIKLA,,-1.000000,1,,BSE,1.000000,0,False
531716,TRICOMFRU,TRICOMFRU,,-1.000000,1,,BSE,1.000000,0,False
543253,BECTORFOOD,BECTORFOOD,,-1.000000,1,,BSE,5.000000,0,False
543256,RFLL,RFLL,,-1.000000,1,,BSE,1.000000,0,False
543262,MRP,MRP,,-1.000000,1000,,BSE,1.000000,0,False
543270,MTARTECH,MTARTECH,,-1.000000,1,,BSE,5.000000,0,False
939276,1025SFL29,1025SFL29,,-1.000000,1,,BSE,1.000000,0,False
939297,958NIDO27,958NIDO27,,-1.000000,1,,BSE,1.000000,0,False
939377,1075SCFL34,1075SCFL34,,-1.000000,1,,BSE,1.000000,0,False
939379,980SCL34,980SCL34,,-1.000000,1,,BSE,1.000000,0,False
977131,9087NWIL27,9087NWIL27,,-1.000000,1,,BSE,1.000000,0,False
977133,885VFL29,885VFL29,,-1.000000,1,,BSE,1.000000,0,False
977138,875OPL27A,875OPL27A,,-1.000000,1,,BSE,1.000000,0,False
977143,119NFL30,119NFL30,,-1.000000,1,,BSE,1.000000,0,False
531744,GINISILK,GINISILK,,-1.000000,1,,BSE,1.000000,0,False
531762,UNJHAFOR,UNJHAFOR,,-1.000000,1,,BSE,1.000000,0,False
531841,INDUSFINL,INDUSFINL,,-1.000000,1,,BSE,5.000000,0,False
531887,TACENT,TACENT,,-1.000000,1,,BSE,1.000000,0,False
531902,GALLOPENT,GALLOPENT,,-1.000000,1,,BSE,1.000000,0,False
531918,HINDAPL,HINDAPL,,-1.000000,1,,BSE,1.000000,0,False
531931,SAICAPI,SAICAPI,,-1.000000,1,,BSE,5.000000,0,False
532092,EPUJA,EPUJA,,-1.000000,1,,BSE,1.000000,0,False
543273,KMEW,KMEW,,-1.000000,1,,BSE,5.000000,0,False
543277,LXCHEM,LXCHEM,,-1.000000,1,,BSE,5.000000,0,False
543308,KIMS,KIMS,,-1.000000,1,,BSE,5.000000,0,False
543331,MOL,MOL,,-1.000000,1,,BSE,1.000000,0,False
939399,1225IFL27,1225IFL27,,-1.000000,1,,BSE,1.000000,0,False
939409,96EFSL27,96EFSL27,,-1.000000,1,,BSE,1.000000,0,False
939419,950KFL27,950KFL27,,-1.000000,1,,BSE,1.000000,0,False
939433,0KFL31,0KFL31,,-1.000000,1,,BSE,1.000000,0,False
977145,11SFPL27,11SFPL27,,-1.000000,1,,BSE,1.000000,0,False
977147,752ABCL30,752ABCL30,,-1.000000,1,,BSE,1.000000,0,False
977149,673PFCL27,673PFCL27,,-1.000000,1,,BSE,1.000000,0,False
977164,1075MCSL31,1075MCSL31,,-1.000000,1,,BSE,1.000000,0,False
543336,CHEMPLASTS,CHEMPLASTS,,-1.000000,1,,BSE,5.000000,0,False
543347,ITAXIS,ITAXIS,,-1.000000,1,,BSE,1.000000,0,False
543351,NBL,NBL,,-1.000000,1200,,BSE,5.000000,0,False
543360,SFMP51DR,SFMP51DR,,-1.000000,1,,BSE,1.000000,0,False
939437,10EFSL34A,10EFSL34A,,-1.000000,1,,BSE,1.000000,0,False
939449,955MFCL30,955MFCL30,,-1.000000,1,,BSE,1.000000,0,False
939497,1075MML27,1075MML27,,-1.000000,1,,BSE,1.000000,0,False
939525,948SCL27A,948SCL27A,,-1.000000,1,,BSE,1.000000,0,False
977171,0JMTL30,0JMTL30,,-1.000000,1,,BSE,1.000000,0,False
977183,1175NCPL27,1175NCPL27,,-1.000000,1,,BSE,1.000000,0,False
977184,98OFSL28,98OFSL28,,-1.000000,1,,BSE,1.000000,0,False
977186,99SFCPL27,99SFCPL27,,-1.000000,1,,BSE,1.000000,0,False
532138,SMCREDT,SMCREDT,,-1.000000,1,,BSE,1.000000,0,False
532139,GTEIT,GTEIT,,-1.000000,1,,BSE,1.000000,0,False
532167,OMKARPH,OMKARPH,,-1.000000,1,,BSE,1.000000,0,False
532178,ENGINERSIN,ENGINERSIN,,-1.000000,1,,BSE,5.000000,0,False
939617,957EFSL27,957EFSL27,,-1.000000,1,,BSE,1.000000,0,False
939711,1125MML27,1125MML27,,-1.000000,1,,BSE,1.000000,0,False
939727,965AEL27,965AEL27,,-1.000000,1,,BSE,1.000000,0,False
939747,965MFCL27,965MFCL27,,-1.000000,1,,BSE,1.000000,0,False
977194,870AEL28,870AEL28,,-1.000000,1,,BSE,1.000000,0,False
977205,12ACAPL27A,12ACAPL27A,,-1.000000,1,,BSE,1.000000,0,False
977212,723KMIL28,723KMIL28,,-1.000000,1,,BSE,1.000000,0,False
977228,975UCL27,975UCL27,,-1.000000,1,,BSE,1.000000,0,False
532230,BENGALT,BENGALT,,-1.000000,1,,BSE,5.000000,0,False
532268,ACCELYA,ACCELYA,,-1.000000,1,,BSE,5.000000,0,False
532329,DANLAW,DANLAW,,-1.000000,1,,BSE,5.000000,0,False
532349,TCI,TCI,,-1.000000,1,,BSE,5.000000,0,False
543363,PREVEST,PREVEST,,-1.000000,200,,BSE,5.000000,0,False
543367,PARAS,PARAS,,-1.000000,1,,BSE,5.000000,0,False
543374,ABSLAMC,ABSLAMC,,-1.000000,1,,BSE,5.000000,0,False
543406,SFMP55GR,SFMP55GR,,-1.000000,1,,BSE,1.000000,0,False
939795,1075SCL34A,1075SCL34A,,-1.000000,1,,BSE,1.000000,0,False
939799,980SCL34B,980SCL34B,,-1.000000,1,,BSE,1.000000,0,False
939813,95NHFL26,95NHFL26,,-1.000000,1,,BSE,1.000000,0,False
939871,94MFCL26,94MFCL26,,-1.000000,1,,BSE,1.000000,0,False
543411,HITECH,HITECH,,-1.000000,1,,BSE,1.000000,0,False
543428,DATAPATTNS,DATAPATTNS,,-1.000000,1,,BSE,5.000000,0,False
543489,GATEWAY,GATEWAY,,-1.000000,1,,BSE,1.000000,0,False
543490,GMRP&UI,GMRP&UI,,-1.000000,1,,BSE,1.000000,0,False
977253,885MFL28,885MFL28,,-1.000000,1,,BSE,1.000000,0,False
977283,4AHPL29,4AHPL29,,-1.000000,1,,BSE,1.000000,0,False
977290,907KMPL28,907KMPL28,,-1.000000,1,,BSE,1.000000,0,False
977313,921SKFL30,921SKFL30,,-1.000000,1,,BSE,1.000000,0,False
939879,MFCL301024,MFCL301024,,-1.000000,1,,BSE,1.000000,0,False
939887,MFL301024D,MFL301024D,,-1.000000,1,,BSE,1.000000,0,False
939921,12ICLFL27B,12ICLFL27B,,-1.000000,1,,BSE,1.000000,0,False
939933,1225ICLF27,1225ICLF27,,-1.000000,1,,BSE,1.000000,0,False
532351,AKSHOPTFBR,AKSHOPTFBR,,-1.000000,1,,BSE,1.000000,0,False
532388,IOB,IOB,,-1.000000,1,,BSE,1.000000,0,False
532430,BFUTILITIE,BFUTILITIE,,-1.000000,1,,BSE,5.000000,0,False
532435,SANINFRA,SANINFRA,,-1.000000,1,,BSE,1.000000,0,False
543507,H1876D46DD,H1876D46DD,,-1.000000,1,,BSE,1.000000,0,False
543512,AVROIND,AVROIND,,-1.000000,1,,BSE,1.000000,0,False
543513,UMAEXPORTS,UMAEXPORTS,,-1.000000,1,,BSE,1.000000,0,False
543515,SEML,SEML,,-1.000000,375,,BSE,1.000000,0,False
532440,MPSLTD,MPSLTD,,-1.000000,1,,BSE,5.000000,0,False
532443,CERA,CERA,,-1.000000,1,,BSE,5.000000,0,False
532468,KAMAHOLD,KAMAHOLD,,-1.000000,1,,BSE,5.000000,0,False
532481,NOIDATOLL,NOIDATOLL,,-1.000000,1,,BSE,1.000000,0,False
939943,10KLMAFL26,10KLMAFL26,,-1.000000,1,,BSE,1.000000,0,False
939951,1075KLMA29,1075KLMA29,,-1.000000,1,,BSE,1.000000,0,False
939967,1025KFL29A,1025KFL29A,,-1.000000,1,,BSE,1.000000,0,False
939973,885IHL26,885IHL26,,-1.000000,1,,BSE,1.000000,0,False
977322,NWFL251125,NWFL251125,,-1.000000,1,,BSE,1.000000,0,False
977327,1425CIPL27,1425CIPL27,,-1.000000,1,,BSE,1.000000,0,False
977328,830JMFSL27,830JMFSL27,,-1.000000,1,,BSE,1.000000,0,False
977334,0IRFC35,0IRFC35,,-1.000000,1,,BSE,1.000000,0,False
543537,SCARNOSE,SCARNOSE,,-1.000000,1000,,BSE,1.000000,0,False
543538,GOEL,GOEL,,-1.000000,2000,,BSE,1.000000,0,False
543545,VEERKRUPA,VEERKRUPA,,-1.000000,16700,,BSE,1.000000,0,False
543546,HEALTHYLIFE,HEALTHYLIFE,,-1.000000,2000,,BSE,1.000000,0,False
940015,1015SCL29T,1015SCL29T,,-1.000000,1,,BSE,1.000000,0,False
940035,NHFL060125,NHFL060125,,-1.000000,1,,BSE,1.000000,0,False
940057,945MFL30,945MFL30,,-1.000000,1,,BSE,1.000000,0,False
940063,965MFL28,965MFL28,,-1.000000,1,,BSE,1.000000,0,False
543578,OLATECH,OLATECH,,-1.000000,925,,BSE,1.000000,0,False
543608,HDFCVALUE,HDFCVALUE,,-1.000000,1,,BSE,1.000000,0,False
543616,TLL,TLL,,-1.000000,600,,BSE,5.000000,0,False
543619,CNCRD,CNCRD,,-1.000000,50,,BSE,5.000000,0,False
977340,89CGL27,89CGL27,,-1.000000,1,,BSE,1.000000,0,False
977342,970MML27,970MML27,,-1.000000,1,,BSE,1.000000,0,False
977349,76SFL32,76SFL32,,-1.000000,1,,BSE,1.000000,0,False
977350,69601MBP28,69601MBP28,,-1.000000,1,,BSE,1.000000,0,False
940065,990MFL30,990MFL30,,-1.000000,1,,BSE,1.000000,0,False
940067,1010MFL31,1010MFL31,,-1.000000,1,,BSE,1.000000,0,False
940097,950EFSL27,950EFSL27,,-1.000000,1,,BSE,1.000000,0,False
940155,MML290125C,MML290125C,,-1.000000,1,,BSE,1.000000,0,False
532497,RADICO,RADICO,,-1.000000,1,,BSE,5.000000,0,True
532509,SUPRAJIT,SUPRAJIT,,-1.000000,1,,BSE,5.000000,0,False
532525,MAHABANK,MAHABANK,,-1.000000,1,,BSE,1.000000,0,True
532540,TCS,TCS,,-1.000000,1,,BSE,5.000000,0,True
543626,EMIL,EMIL,,-1.000000,1,,BSE,5.000000,0,False
543627,HDFCLOWVOL,HDFCLOWVOL,,-1.000000,1,,BSE,1.000000,0,False
543638,TRACXN,TRACXN,,-1.000000,1,,BSE,1.000000,0,False
543643,NARMADA,NARMADA,,-1.000000,1,,BSE,1.000000,0,False
940173,990MFLIV30,990MFLIV30,,-1.000000,1,,BSE,1.000000,0,False
940191,925SCL27B,925SCL27B,,-1.000000,1,,BSE,1.000000,0,False
940201,902SCL28,902SCL28,,-1.000000,1,,BSE,1.000000,0,False
940215,1003SCL32,1003SCL32,,-1.000000,1,,BSE,1.000000,0,False
977356,1025NBS27A,1025NBS27A,,-1.000000,1,,BSE,1.000000,0,False
977359,725RJCL28,725RJCL28,,-1.000000,1,,BSE,1.000000,0,False
977375,IFSL121225,IFSL121225,,-1.000000,1,,BSE,1.000000,0,False
977382,999UCL29,999UCL29,,-1.000000,1,,BSE,1.000000,0,False
532548,CENTURYPLY,CENTURYPLY,,-1.000000,1,,BSE,5.000000,0,False
532614,IMPEXFERRO,IMPEXFERRO,,-1.000000,1,,BSE,1.000000,0,False
532640,CYBERMEDIA,CYBERMEDIA,,-1.000000,1,,BSE,1.000000,0,False
532649,NECLIFE,NECLIFE,,-1.000000,1,,BSE,1.000000,0,False
543655,ANZEN,ANZEN,,-1.000000,25000,,BSE,1.000000,0,False
543656,TECHNOPACK,TECHNOPACK,,-1.000000,4000,,BSE,1.000000,0,False
543661,D1246267DG,D1246267DG,,-1.000000,1,,BSE,1.000000,0,False
543667,INOXGREEN,INOXGREEN,,-1.000000,1,,BSE,5.000000,0,False
940229,95NHFL27A,95NHFL27A,,-1.000000,1,,BSE,1.000000,0,False
940251,1025SFL30E,1025SFL30E,,-1.000000,1,,BSE,1.000000,0,False
940261,11NHFL35A,11NHFL35A,,-1.000000,1,,BSE,1.000000,0,False
940275,KFL150425C,KFL150425C,,-1.000000,1,,BSE,1.000000,0,False
977384,698DLFC30,698DLFC30,,-1.000000,1,,BSE,1.000000,0,False
977389,705TPCL28,705TPCL28,,-1.000000,1,,BSE,1.000000,0,False
977390,725TPCL30,725TPCL30,,-1.000000,1,,BSE,1.000000,0,False
977410,1115AFPL27,1115AFPL27,,-1.000000,1,,BSE,1.000000,0,False
543671,AAATECH,AAATECH,,-1.000000,1,,BSE,1.000000,0,False
543688,SARVESHWAR,SARVESHWAR,,-1.000000,1,,BSE,1.000000,0,False
543689,UNIPARTS,UNIPARTS,,-1.000000,1,,BSE,5.000000,0,False
543713,DRONACHRYA,DRONACHRYA,,-1.000000,1000,,BSE,1.000000,0,False
532650,MSPL,MSPL,,-1.000000,1,,BSE,1.000000,0,False
532694,ASMS,ASMS,,-1.000000,1,,BSE,1.000000,0,False
532700,ENIL,ENIL,,-1.000000,1,,BSE,5.000000,0,False
532722,NITCO,NITCO,,-1.000000,1,,BSE,1.000000,0,False
940311,1015UCL27,1015UCL27,,-1.000000,1,,BSE,1.000000,0,False
940327,1050SMCG30,1050SMCG30,,-1.000000,1,,BSE,1.000000,0,False
940361,1050MML30,1050MML30,,-1.000000,1,,BSE,1.000000,0,False
940363,1075MM30,1075MM30,,-1.000000,1,,BSE,1.000000,0,False
977423,115KFL29,115KFL29,,-1.000000,1,,BSE,1.000000,0,False
977452,1225PFL28,1225PFL28,,-1.000000,1,,BSE,1.000000,0,False
977501,840APL31,840APL31,,-1.000000,1,,BSE,1.000000,0,False
977507,NWFL270126,NWFL270126,,-1.000000,1,,BSE,1.000000,0,False
543732,RADIANTCMS,RADIANTCMS,,-1.000000,1,,BSE,1.000000,0,False
543745,SVS,SVS,,-1.000000,6000,,BSE,1.000000,0,False
543754,TRANSVOY,TRANSVOY,,-1.000000,800,,BSE,1.000000,0,False
543791,D1144270DG,D1144270DG,,-1.000000,1,,BSE,1.000000,0,False
532777,NAUKRI,NAUKRI,,-1.000000,1,,BSE,5.000000,0,True
532808,PGIL,PGIL,,-1.000000,1,,BSE,5.000000,0,False
532817,ORIENTALTL,ORIENTALTL,,-1.000000,1,,BSE,1.000000,0,False
532826,RAJTV,RAJTV,,-1.000000,1,,BSE,1.000000,0,False
940369,12ICLFL28D,12ICLFL28D,,-1.000000,1,,BSE,1.000000,0,False
940387,925MFL28A,925MFL28A,,-1.000000,1,,BSE,1.000000,0,False
940389,945MFL30A,945MFL30A,,-1.000000,1,,BSE,1.000000,0,False
940393,94MFL27B,94MFL27B,,-1.000000,1,,BSE,1.000000,0,False
977522,1225AXCH27,1225AXCH27,,-1.000000,100000,,BSE,1.000000,0,False
977523,135IDG4828,135IDG4828,,-1.000000,100000,,BSE,1.000000,0,False
977535,1075SFL28,1075SFL28,,-1.000000,1,,BSE,1.000000,0,False
977547,1116FFS27A,1116FFS27A,,-1.000000,1,,BSE,1.000000,0,False
543804,AMANAYA,AMANAYA,,-1.000000,6000,,BSE,1.000000,0,False
543898,BLAL,BLAL,,-1.000000,1,,BSE,5.000000,0,False
543925,MIT,MIT,,-1.000000,25000,,BSE,1.000000,0,False
543926,BIZOTIC,BIZOTIC,,-1.000000,1200,,BSE,1.000000,0,False
940405,MFL190525B,MFL190525B,,-1.000000,1,,BSE,1.000000,0,False
940407,MFL190525C,MFL190525C,,-1.000000,1,,BSE,1.000000,0,False
940419,CCIL20625F,CCIL20625F,,-1.000000,1,,BSE,1.000000,0,False
940477,9AEL30,9AEL30,,-1.000000,1,,BSE,1.000000,0,False
532868,DLF,DLF,,-1.000000,1,,BSE,5.000000,0,True
532889,KPRMILL,KPRMILL,,-1.000000,1,,BSE,5.000000,0,False
532898,POWERGRID,POWERGRID,,-1.000000,1,,BSE,5.000000,0,True
532899,KSCL,KSCL,,-1.000000,1,,BSE,5.000000,0,False
940483,KFL240725,KFL240725,,-1.000000,1,,BSE,1.000000,0,False
940493,10KFL29,10KFL29,,-1.000000,1,,BSE,1.000000,0,False
940501,935EFSL28,935EFSL28,,-1.000000,1,,BSE,1.000000,0,False
940511,1025EFSL30,1025EFSL30,,-1.000000,1,,BSE,1.000000,0,False
977561,77SCCL27,77SCCL27,,-1.000000,1,,BSE,1.000000,0,False
977570,1035MFSP28,1035MFSP28,,-1.000000,1,,BSE,1.000000,0,False
977575,CSAI240226,CSAI240226,,-1.000000,1,,BSE,1.000000,0,False
977579,GHFL240226,GHFL240226,,-1.000000,1,,BSE,1.000000,0,False
532922,EDELWEISS,EDELWEISS,,-1.000000,1,,BSE,5.000000,0,False
532980,GOKUL,GOKUL,,-1.000000,1,,BSE,1.000000,0,False
543928,COSMICCRF,COSMICCRF,,-1.000000,100,,BSE,5.000000,0,False
543940,JIOFIN,JIOFIN,,-1.000000,1,,BSE,5.000000,0,True
543953,KHAZANCHI,KHAZANCHI,,-1.000000,250,,BSE,5.000000,0,False
543962,DPWIRES,DPWIRES,,-1.000000,1,,BSE,5.000000,0,False
532937,KUANTUM,KUANTUM,,-1.000000,1,,BSE,1.000000,0,False
532947,IRB,IRB,,-1.000000,1,,BSE,1.000000,0,False
940533,1025KAFL28,1025KAFL28,,-1.000000,1,,BSE,1.000000,0,False
940537,1075KAFL30,1075KAFL30,,-1.000000,1,,BSE,1.000000,0,False
940577,965SCL30,965SCL30,,-1.000000,1,,BSE,1.000000,0,False
940583,902SCL2030,902SCL2030,,-1.000000,1,,BSE,1.000000,0,False
543990,SIGNATURE,SIGNATURE,,-1.000000,1,,BSE,5.000000,0,False
544021,PROTEAN,PROTEAN,,-1.000000,1,,BSE,5.000000,0,False
544023,KALYANI,KALYANI,,-1.000000,250,,BSE,5.000000,0,False
544025,ARROWHEAD,ARROWHEAD,,-1.000000,600,,BSE,1.000000,0,False
977599,86IFSL28,86IFSL28,,-1.000000,1,,BSE,1.000000,0,False
977601,772KKRL37,772KKRL37,,-1.000000,1,,BSE,1.000000,0,False
977602,782KKRL29,782KKRL29,,-1.000000,1,,BSE,1.000000,0,False
977615,875MFL29,875MFL29,,-1.000000,1,,BSE,1.000000,0,False
532998,LOTUSEYE,LOTUSEYE,,-1.000000,1,,BSE,5.000000,0,False
533006,BIRLACOT,BIRLACOT,,-1.000000,1,,BSE,1.000000,0,False
533023,ZFCVINDIA,ZFCVINDIA,,-1.000000,1,,BSE,5.000000,0,False
533150,GODREJPROP,GODREJPROP,,-1.000000,1,,BSE,5.000000,0,True
940595,995SCL2035,995SCL2035,,-1.000000,1,,BSE,1.000000,0,False
940629,1025SFL30,1025SFL30,,-1.000000,1,,BSE,1.000000,0,False
940637,925MML27,925MML27,,-1.000000,1,,BSE,1.000000,0,False
940647,NHFL10925,NHFL10925,,-1.000000,1,,BSE,1.000000,0,False
533156,VASCONEQ,VASCONEQ,,-1.000000,1,,BSE,1.000000,0,False
533229,BAJAJCON,BAJAJCON,,-1.000000,1,,BSE,5.000000,0,False
533274,PRESTIGE,PRESTIGE,,-1.000000,1,,BSE,5.000000,0,True
533278,COALINDIA,COALINDIA,,-1.000000,1,,BSE,5.000000,0,True
544054,SURAJEST,SURAJEST,,-1.000000,1,,BSE,5.000000,0,False
544061,AZAD,AZAD,,-1.000000,1,,BSE,5.000000,0,False
544093,BANKBETF,BANKBETF,,-1.000000,1,,BSE,1.000000,0,False
544105,HARSHDEEP,HARSHDEEP,,-1.000000,1500,,BSE,1.000000,0,False
940649,935NHFL28,935NHFL28,,-1.000000,1,,BSE,1.000000,0,False
940657,1025NHFL30,1025NHFL30,,-1.000000,1,,BSE,1.000000,0,False
940659,NHFL10925A,NHFL10925A,,-1.000000,1,,BSE,1.000000,0,False
940665,9EFSL27A,9EFSL27A,,-1.000000,1,,BSE,1.000000,0,False
977621,1075SFLD28,1075SFLD28,,-1.000000,1,,BSE,1.000000,0,False
977623,85IFL28,85IFL28,,-1.000000,1,,BSE,1.000000,0,False
977631,990OFSL29,990OFSL29,,-1.000000,1,,BSE,1.000000,0,False
977646,135SDL30,135SDL30,,-1.000000,1,,BSE,1.000000,0,False
940679,EFSL71025A,EFSL71025A,,-1.000000,1,,BSE,1.000000,0,False
940681,980EFSL35,980EFSL35,,-1.000000,1,,BSE,1.000000,0,False
940723,SGS301025,SGS301025,,-1.000000,1,,BSE,1.000000,0,False
940731,950KFL28,950KFL28,,-1.000000,1,,BSE,1.000000,0,False
533286,MOIL,MOIL,,-1.000000,1,,BSE,5.000000,0,False
533289,KTIL,KTIL,,-1.000000,1,,BSE,1.000000,0,False
533296,FMNL,FMNL,,-1.000000,1,,BSE,1.000000,0,False
533329,INDTERRAIN,INDTERRAIN,,-1.000000,1,,BSE,1.000000,0,False
544109,HEALTHADD,HEALTHADD,,-1.000000,1,,BSE,1.000000,0,False
544111,PARKHOTELS,PARKHOTELS,,-1.000000,1,,BSE,5.000000,0,False
544112,JGTL,JGTL,,-1.000000,1,,BSE,5.000000,0,False
544119,RPTECH,RPTECH,,-1.000000,1,,BSE,5.000000,0,False
977647,925MCML28,925MCML28,,-1.000000,1,,BSE,1.000000,0,False
977653,11RCL34,11RCL34,,-1.000000,1,,BSE,1.000000,0,False
977655,705SBI36,705SBI36,,-1.000000,1,,BSE,1.000000,0,False
977668,738BIL30,738BIL30,,-1.000000,1,,BSE,1.000000,0,False
533429,KTKFMP48D,KTKFMP48D,,-1.000000,1,,BSE,1.000000,0,False
533451,KARMAENG,KARMAENG,,-1.000000,1,,BSE,1.000000,0,False
533527,KTKFMP55D,KTKFMP55D,,-1.000000,1,,BSE,1.000000,0,False
533602,LESHAIND,LESHAIND,,-1.000000,1,,BSE,1.000000,0,False
544164,FAALCON,FAALCON,,-1.000000,2000,,BSE,1.000000,0,False
544171,STAL,STAL,,-1.000000,800,,BSE,1.000000,0,False
544203,ABDL,ABDL,,-1.000000,1,,BSE,5.000000,0,False
544205,NPL,NPL,,-1.000000,1,,BSE,5.000000,0,False
940757,CCL101125B,CCL101125B,,-1.000000,1,,BSE,1.000000,0,False
940821,95MML27,95MML27,,-1.000000,1,,BSE,1.000000,0,False
940841,13PCL30A,13PCL30A,,-1.000000,1,,BSE,1.000000,0,False
940872,91MFL32,91MFL32,,-1.000000,1,,BSE,1.000000,0,False
977671,EFCL24326,EFCL24326,,-1.000000,1,,BSE,1.000000,0,False
977683,890FFSL33,890FFSL33,,-1.000000,1,,BSE,1.000000,0,False
977684,1190AX2627,1190AX2627,,-1.000000,100000,,BSE,1.000000,0,False
977687,735MCFPL27,735MCFPL27,,-1.000000,1,,BSE,1.000000,0,False
534597,RTNINDIA,RTNINDIA,,-1.000000,1,,BSE,1.000000,0,False
534615,NECCLTD,NECCLTD,,-1.000000,1,,BSE,1.000000,0,False
534809,PCJEWELLER,PCJEWELLER,,-1.000000,1,,BSE,1.000000,0,False
535276,SBISENSEX,SBISENSEX,,-1.000000,1,,BSE,1.000000,0,False
544206,SBISILVER,SBISILVER,,-1.000000,1,,BSE,1.000000,0,False
544215,SBINEQWETF,SBINEQWETF,,-1.000000,1,,BSE,1.000000,0,False
544238,PREMIERENE,PREMIERENE,,-1.000000,1,,BSE,5.000000,0,True
544239,ECOSMOBLTY,ECOSMOBLTY,,-1.000000,1,,BSE,5.000000,0,False
940886,9KFL2029,9KFL2029,,-1.000000,1,,BSE,1.000000,0,False
940896,KFL20226C,KFL20226C,,-1.000000,1,,BSE,1.000000,0,False
940910,ICLF23226,ICLF23226,,-1.000000,1,,BSE,1.000000,0,False
940935,852IIFL29,852IIFL29,,-1.000000,1,,BSE,1.000000,0,False
977688,893AKCFL29,893AKCFL29,,-1.000000,1,,BSE,1.000000,0,False
977709,RSETP27326,RSETP27326,,-1.000000,1,,BSE,1.000000,0,False
977715,1250PFL31,1250PFL31,,-1.000000,1,,BSE,1.000000,0,False
977717,980NFL27,980NFL27,,-1.000000,1,,BSE,1.000000,0,False
544242,TRAVELS,TRAVELS,,-1.000000,3000,,BSE,1.000000,0,False
544253,KROSS,KROSS,,-1.000000,1,,BSE,5.000000,0,False
544266,BANKPSU,BANKPSU,,-1.000000,1,,BSE,1.000000,0,False
544277,WAAREEENER,WAAREEENER,,-1.000000,1,,BSE,5.000000,0,True
940943,9IIFL31,9IIFL31,,-1.000000,1,,BSE,1.000000,0,False
940957,1025CCIL27,1025CCIL27,,-1.000000,1,,BSE,1.000000,0,False
940981,921EFSL31,921EFSL31,,-1.000000,1,,BSE,1.000000,0,False
940991,837MFL28A,837MFL28A,,-1.000000,1,,BSE,1.000000,0,False
535789,SAMMAANCAP,SAMMAANCAP,,-1.000000,1,,BSE,5.000000,0,False
535996,RFXXIV04DG,RFXXIV04DG,,-1.000000,1,,BSE,1.000000,0,False
536154,RFXXIV07DD,RFXXIV07DD,,-1.000000,1,,BSE,1.000000,0,False
536156,RFHXXIV07D,RFHXXIV07D,,-1.000000,1,,BSE,1.000000,0,False
977729,12LMPL27,12LMPL27,,-1.000000,1,,BSE,1.000000,0,False
977747,758MRHL28,758MRHL28,,-1.000000,1,,BSE,1.000000,0,False
977774,12ACAP27A,12ACAP27A,,-1.000000,1,,BSE,1.000000,0,False
977784,11RDCL28,11RDCL28,,-1.000000,1,,BSE,1.000000,0,False
940995,865MFL31A,865MFL31A,,-1.000000,1,,BSE,1.000000,0,False
940999,87MFL28A,87MFL28A,,-1.000000,1,,BSE,1.000000,0,False
941051,879MFL31,879MFL31,,-1.000000,1,,BSE,1.000000,0,False
941077,KFL270526,KFL270526,,-1.000000,1,,BSE,1.000000,0,False
536168,RFHXXIV10G,RFHXXIV10G,,-1.000000,1,,BSE,1.000000,0,False
536493,JKAGRI,JKAGRI,,-1.000000,1,,BSE,5.000000,0,False
536738,STELLAR,STELLAR,,-1.000000,6000,,BSE,1.000000,0,False
536823,RFXXIV25DD,RFXXIV25DD,,-1.000000,1,,BSE,1.000000,0,False
544278,OCCLLTD,OCCLLTD,,-1.000000,1,,BSE,5.000000,0,False
544291,RAJESH,RAJESH,,-1.000000,100,,BSE,5.000000,0,False
544324,CITICHEM,CITICHEM,,-1.000000,2000,,BSE,1.000000,0,False
544327,TECHNICHEM,TECHNICHEM,,-1.000000,2000,,BSE,1.000000,0,False
941089,MML120626,MML120626,,-1.000000,1,,BSE,1.000000,0,False
941209,1075ICL28A,1075ICL28A,,-1.000000,1,,BSE,1.000000,0,False
948103,1170SRSL24,1170SRSL24,,-1.000000,1,,BSE,1.000000,0,False
950486,738PFCL27,738PFCL27,,-1.000000,1,,BSE,1.000000,0,False
977805,IHFCL21526,IHFCL21526,,-1.000000,1,,BSE,1.000000,0,False
977822,890IFSL28A,890IFSL28A,,-1.000000,1,,BSE,1.000000,0,False
977826,767NHPCL37,767NHPCL37,,-1.000000,1,,BSE,1.000000,0,False
977832,767NHPCL41,767NHPCL41,,-1.000000,1,,BSE,1.000000,0,False
537136,NFHXXV11G,NFHXXV11G,,-1.000000,1,,BSE,1.000000,0,False
537259,SUYOG,SUYOG,,-1.000000,1,,BSE,5.000000,0,False
537483,NIF100BEES,NIF100BEES,,-1.000000,1,,BSE,1.000000,0,False
538341,SDFSA24GD,SDFSA24GD,,-1.000000,1,,BSE,1.000000,0,False
544342,STALLION,STALLION,,-1.000000,1,,BSE,5.000000,0,False
544344,SHRIPISTON,SHRIPISTON,,-1.000000,1,,BSE,5.000000,0,False
544347,CLN,CLN,,-1.000000,200,,BSE,5.000000,0,False
544351,MALPANI,MALPANI,,-1.000000,1600,,BSE,1.000000,0,False
532726,GALLANTT,GALLANTT,,-1.000000,1,,BSE,5.000000,0,False
532738,TICL,TICL,,-1.000000,1,,BSE,1.000000,0,False
532755,TECHM,TECHM,,-1.000000,1,,BSE,5.000000,0,True
950737,793PGCIL27,793PGCIL27,,-1.000000,1,,BSE,1.000000,0,False
951654,12VRDP35,12VRDP35,,-1.000000,1,,BSE,1.000000,0,False
951899,874RRVPN27,874RRVPN27,,-1.000000,1,,BSE,1.000000,0,False
951949,879IRFC30,879IRFC30,,-1.000000,1,,BSE,1.000000,0,False
977836,975GRNGR29,975GRNGR29,,-1.000000,1,,BSE,1.000000,0,False
532759,ATLANTAA,ATLANTAA,,-1.000000,1,,BSE,1.000000,0,False
532768,FIEMIND,FIEMIND,,-1.000000,1,,BSE,5.000000,0,False
532783,LTFOODS,LTFOODS,,-1.000000,1,,BSE,5.000000,0,False
532804,TIIL,TIIL,,-1.000000,1,,BSE,5.000000,0,False
538355,NFHXXVI22G,NFHXXVI22G,,-1.000000,1,,BSE,1.000000,0,False
538464,TPROJECT,TPROJECT,,-1.000000,1,,BSE,1.000000,0,False
538465,AMARSEC,AMARSEC,,-1.000000,1,,BSE,1.000000,0,False
538523,NFXXVI30DG,NFXXVI30DG,,-1.000000,1,,BSE,1.000000,0,False
544355,JUBLCPL,JUBLCPL,,-1.000000,1,,BSE,5.000000,0,False
544379,PRABHA,PRABHA,,-1.000000,1,,BSE,5.000000,0,False
544404,BORANA,BORANA,,-1.000000,1,,BSE,5.000000,0,False
544419,ARIS,ARIS,,-1.000000,1,,BSE,5.000000,0,False
952360,12MFLS1,12MFLS1,,-1.000000,10,,BSE,1.000000,0,False
952364,12MFLS4,12MFLS4,,-1.000000,10,,BSE,1.000000,0,False
952793,728NHAI30,728NHAI30,,-1.000000,1,,BSE,1.000000,0,False
953440,84PGCIL30,84PGCIL30,,-1.000000,1,,BSE,1.000000,0,False
532807,CINELINE,CINELINE,,-1.000000,1,,BSE,1.000000,0,False
532830,ASTRAL,ASTRAL,,-1.000000,1,,BSE,5.000000,0,True
532839,DISHTV,DISHTV,,-1.000000,1,,BSE,1.000000,0,False
532895,NAGREEKCAP,NAGREEKCAP,,-1.000000,1,,BSE,1.000000,0,False
538524,NFHXXVI30D,NFHXXVI30D,,-1.000000,1,,BSE,1.000000,0,False
538539,ANVRDHI,ANVRDHI,,-1.000000,1,,BSE,1.000000,0,False
538592,NCAPBULADG,NCAPBULADG,,-1.000000,1,,BSE,1.000000,0,False
538593,NCAPBUILAD,NCAPBUILAD,,-1.000000,1,,BSE,1.000000,0,False
544440,CRYOGENIC,CRYOGENIC,,-1.000000,750,,BSE,5.000000,0,False
544445,APL,APL,,-1.000000,1000,,BSE,5.000000,0,False
544450,CHEMBONDCH,CHEMBONDCH,,-1.000000,1,,BSE,5.000000,0,False
544456,RMDRIP,RMDRIP,,-1.000000,1,,BSE,1.000000,0,False
955156,995ECL26,995ECL26,,-1.000000,1,,BSE,1.000000,0,False
955229,752REC26,752REC26,,-1.000000,1,,BSE,1.000000,0,False
955488,748NABAR31,748NABAR31,,-1.000000,1,,BSE,1.000000,0,False
955513,805LTF27,805LTF27,,-1.000000,1,,BSE,1.000000,0,False
532923,RGL,RGL,,-1.000000,1,,BSE,5.000000,0,False
532931,BURNPUR,BURNPUR,,-1.000000,1,,BSE,1.000000,0,False
532934,PPAP,PPAP,,-1.000000,1,,BSE,5.000000,0,False
532966,TITAGARH,TITAGARH,,-1.000000,1,,BSE,5.000000,0,False
538607,TOYAMSL,TOYAMSL,,-1.000000,1,,BSE,1.000000,0,False
538631,NCAPBULBDG,NCAPBULBDG,,-1.000000,1,,BSE,1.000000,0,False
538667,SIROHIA,SIROHIA,,-1.000000,10000,,BSE,1.000000,0,False
538685,SHEMAROO,SHEMAROO,,-1.000000,1,,BSE,5.000000,0,False
544468,BDI,BDI,,-1.000000,1200,,BSE,5.000000,0,False
544477,HILINFRA,HILINFRA,,-1.000000,1,,BSE,1.000000,0,False
544486,LTGILTCASE,LTGILTCASE,,-1.000000,1,,BSE,1.000000,0,False
544494,GLOBTIER,GLOBTIER,,-1.000000,1600,,BSE,1.000000,0,False
955902,795REC27,795REC27,,-1.000000,1,,BSE,1.000000,0,False
955986,775PFCL27,775PFCL27,,-1.000000,1,,BSE,1.000000,0,False
956617,815BFL27,815BFL27,,-1.000000,1,,BSE,1.000000,0,False
956683,756HBL27,756HBL27,,-1.000000,1,,BSE,1.000000,0,False
538714,SANGAMFIN,SANGAMFIN,,-1.000000,1,,BSE,1.000000,0,False
538772,NIYOGIN,NIYOGIN,,-1.000000,1,,BSE,1.000000,0,False
538817,CAPPIPES,CAPPIPES,,-1.000000,1,,BSE,1.000000,0,False
538833,KAIZENAGRO,KAIZENAGRO,,-1.000000,1,,BSE,1.000000,0,False
544505,AUSTERE,AUSTERE,,-1.000000,2000,,BSE,1.000000,0,False
544521,VMSTMT,VMSTMT,,-1.000000,1,,BSE,1.000000,0,False
544539,SOLVEX,SOLVEX,,-1.000000,1600,,BSE,1.000000,0,False
544540,EPACKPEB,EPACKPEB,,-1.000000,1,,BSE,5.000000,0,False
956700,99ERCL27,99ERCL27,,-1.000000,1,,BSE,1.000000,0,False
956707,714NHAI47,714NHAI47,,-1.000000,1,,BSE,1.000000,0,False
956710,99ERCL27A,99ERCL27A,,-1.000000,1,,BSE,1.000000,0,False
956802,925ECLF27,925ECLF27,,-1.000000,1,,BSE,1.000000,0,False
532967,KIRIINDUS,KIRIINDUS,,-1.000000,1,,BSE,5.000000,0,False
532985,SENSEX1,SENSEX1,,-1.000000,1,,BSE,1.000000,0,False
532994,ARCHIDPLY,ARCHIDPLY,,-1.000000,1,,BSE,5.000000,0,False
533007,LGBFORGE,LGBFORGE,,-1.000000,1,,BSE,1.000000,0,False
538857,SCC,SCC,,-1.000000,1,,BSE,1.000000,0,False
538862,MYMONEY,MYMONEY,,-1.000000,1,,BSE,1.000000,0,False
538943,SONAL,SONAL,,-1.000000,1,,BSE,1.000000,0,False
538979,GREENLAM,GREENLAM,,-1.000000,1,,BSE,5.000000,0,False
544542,JUSTO,JUSTO,,-1.000000,1000,,BSE,5.000000,0,False
544547,JKIPL,JKIPL,,-1.000000,1,,BSE,5.000000,0,False
544556,DHILLON,DHILLON,,-1.000000,1600,,BSE,1.000000,0,False
544561,CHIRAHARIT,CHIRAHARIT,,-1.000000,6000,,BSE,1.000000,0,False
533014,SICAGEN,SICAGEN,,-1.000000,1,,BSE,1.000000,0,False
533019,SIMPLXPAP,SIMPLXPAP,,-1.000000,1,,BSE,5.000000,0,False
533095,BENGALASM,BENGALASM,,-1.000000,1,,BSE,5.000000,0,False
533096,ADANIPOWER,ADANIPOWER,,-1.000000,1,,BSE,5.000000,0,True
539015,ORTEL,ORTEL,,-1.000000,1,,BSE,1.000000,0,False
539090,RAJPUTANA,RAJPUTANA,,-1.000000,1,,BSE,1.000000,0,False
539096,AANANDALAK,AANANDALAK,,-1.000000,1,,BSE,1.000000,0,False
539120,GRAMEVA,GRAMEVA,,-1.000000,1,,BSE,1.000000,0,False
544574,TATACAP,TATACAP,,-1.000000,1,,BSE,5.000000,0,False
544578,RUBICON,RUBICON,,-1.000000,1,,BSE,5.000000,0,False
544580,CRAMC,CRAMC,,-1.000000,1,,BSE,5.000000,0,False
544590,MHLSRDR,MHLSRDR,,-1.000000,1,,BSE,1.000000,0,False
533169,MANINFRA,MANINFRA,,-1.000000,1,,BSE,5.000000,0,False
533203,TARAPUR,TARAPUR,,-1.000000,1,,BSE,1.000000,0,False
533206,SJVN,SJVN,,-1.000000,1,,BSE,1.000000,0,False
533244,GOLDIETF,GOLDIETF,,-1.000000,1,,BSE,1.000000,0,False
539148,SHIVALIK,SHIVALIK,,-1.000000,1,,BSE,5.000000,0,False
539189,ADHBHUTIN,ADHBHUTIN,,-1.000000,1,,BSE,1.000000,0,False
539225,JIYAECO,JIYAECO,,-1.000000,1,,BSE,1.000000,0,False
539269,NXXIX1X,NXXIX1X,,-1.000000,1,,BSE,1.000000,0,False
544592,MHLSDD,MHLSDD,,-1.000000,1,,BSE,1.000000,0,False
544595,ORKLAINDIA,ORKLAINDIA,,-1.000000,1,,BSE,5.000000,0,False
544612,TENNIND,TENNIND,,-1.000000,1,,BSE,5.000000,0,False
544615,KSR,KSR,,-1.000000,1,,BSE,1.000000,0,False
533262,RAMKY,RAMKY,,-1.000000,1,,BSE,5.000000,0,False
533272,JWL,JWL,,-1.000000,1,,BSE,5.000000,0,False
533315,INOVSYNTH,INOVSYNTH,,-1.000000,1,,BSE,5.000000,0,False
533417,KTKFMP46G,KTKFMP46G,,-1.000000,1,,BSE,1.000000,0,False
539276,KAYA,KAYA,,-1.000000,1,,BSE,5.000000,0,False
539312,SENSEXBETA,SENSEXBETA,,-1.000000,1,,BSE,1.000000,0,False
539314,UNIAUTO,UNIAUTO,,-1.000000,1,,BSE,1.000000,0,False
539331,VETO,VETO,,-1.000000,1,,BSE,5.000000,0,False
544620,MSCIADD,MSCIADD,,-1.000000,1,,BSE,1.000000,0,False
544629,RAVEL,RAVEL,,-1.000000,1000,,BSE,5.000000,0,False
544647,NEPHROPLUS,NEPHROPLUS,,-1.000000,1,,BSE,5.000000,0,False
544648,UNISEM,UNISEM,,-1.000000,2000,,BSE,1.000000,0,False
533470,RUSHIL,RUSHIL,,-1.000000,1,,BSE,1.000000,0,False
533520,IBULLSLTD,IBULLSLTD,,-1.000000,1,,BSE,1.000000,0,False
533576,VASWANI,VASWANI,,-1.000000,1,,BSE,1.000000,0,False
533605,SETUINFRA,SETUINFRA,,-1.000000,1,,BSE,1.000000,0,False
539332,NAVKARCORP,NAVKARCORP,,-1.000000,1,,BSE,1.000000,0,False
539352,PBFL,PBFL,,-1.000000,10000,,BSE,1.000000,0,False
539401,PJL,PJL,,-1.000000,750,,BSE,5.000000,0,False
539437,IDFCFIRSTB,IDFCFIRSTB,,-1.000000,1,,BSE,1.000000,0,True
544649,TSIFDG,TSIFDG,,-1.000000,1,,BSE,1.000000,0,False
544653,TSIFRIR,TSIFRIR,,-1.000000,1,,BSE,1.000000,0,False
544659,STANBIK,STANBIK,,-1.000000,4000,,BSE,1.000000,0,False
544670,BAIKAKAJI,BAIKAKAJI,,-1.000000,600,,BSE,5.000000,0,False
533644,UEL,UEL,,-1.000000,1,,BSE,5.000000,0,False
533896,FERVENTSYN,FERVENTSYN,,-1.000000,1,,BSE,1.000000,0,False
534109,PYXISFIN,PYXISFIN,,-1.000000,4000,,BSE,1.000000,0,False
534598,SAMPANN,SAMPANN,,-1.000000,1,,BSE,1.000000,0,False
539450,SHK,SHK,,-1.000000,1,,BSE,5.000000,0,False
539487,LICNETFSEN,LICNETFSEN,,-1.000000,1,,BSE,1.000000,0,False
539517,HDFCSENSEX,HDFCSENSEX,,-1.000000,1,,BSE,1.000000,0,False
539518,UDAYJEW,UDAYJEW,,-1.000000,1,,BSE,5.000000,0,False
544682,GRERENEW,GRERENEW,,-1.000000,1200,,BSE,5.000000,0,False
544693,KANISHK,KANISHK,,-1.000000,1600,,BSE,1.000000,0,False
544695,MSAFE,MSAFE,,-1.000000,1000,,BSE,5.000000,0,False
544696,ISIFHLSG,ISIFHLSG,,-1.000000,1,,BSE,1.000000,0,False
535429,RFHXXIII8G,RFHXXIII8G,,-1.000000,1,,BSE,1.000000,0,False
535693,BRAHMINFRA,BRAHMINFRA,,-1.000000,1,,BSE,5.000000,0,False
535910,MMLF,MMLF,,-1.000000,1,,BSE,1.000000,0,False
536073,JULIEN,JULIEN,,-1.000000,1,,BSE,1.000000,0,False
539544,ABHIINFRA,ABHIINFRA,,-1.000000,1,,BSE,1.000000,0,False
539561,SUPHA,SUPHA,,-1.000000,1,,BSE,1.000000,0,False
539593,SHIVA,SHIVA,,-1.000000,1,,BSE,1.000000,0,False
539596,DELTA,DELTA,,-1.000000,1,,BSE,1.000000,0,False
544702,DCMSIL,DCMSIL,,-1.000000,1,,BSE,1.000000,0,False
544748,ONEPOINT,ONEPOINT,,-1.000000,1,,BSE,1.000000,0,False
544753,CITIUSINVT,CITIUSINVT,,-1.000000,1,,BSE,1.000000,0,False
544756,UNITEDPOLY,UNITEDPOLY,,-1.000000,1,,BSE,1.000000,0,False
956821,738NHAI32,738NHAI32,,-1.000000,1,,BSE,1.000000,0,False
957135,84MBEL30,84MBEL30,,-1.000000,1,,BSE,1.000000,0,False
957208,975UPPCL26,975UPPCL26,,-1.000000,1,,BSE,1.000000,0,False
957222,77REC27,77REC27,,-1.000000,1,,BSE,1.000000,0,False
537326,CHEMTECH,CHEMTECH,,-1.000000,1,,BSE,1.000000,0,False
539669,RGF,RGF,,-1.000000,1,,BSE,1.000000,0,False
539814,LELAVOIR,LELAVOIR,,-1.000000,1,,BSE,1.000000,0,False
544777,CMRGREEN,CMRGREEN,,-1.000000,1,,BSE,5.000000,0,False
544796,LIOTECH,LIOTECH,,-1.000000,400,,BSE,1.000000,0,False
544814,KNACK,KNACK,,-1.000000,1,,BSE,5.000000,0,False
544830,MOMMIDCAP,MOMMIDCAP,,-1.000000,1,,BSE,1.000000,0,False
957234,774PGCIL29,774PGCIL29,,-1.000000,1,,BSE,1.000000,0,False
957446,85ABHF27A,85ABHF27A,,-1.000000,1,,BSE,1.000000,0,False
957615,8ABCL27,8ABCL27,,-1.000000,1,,BSE,1.000000,0,False
957670,843SCL28,843SCL28,,-1.000000,1,,BSE,1.000000,0,False
536251,RFHXXIV15G,RFHXXIV15G,,-1.000000,1,,BSE,1.000000,0,False
536264,TIGERLOGS,TIGERLOGS,,-1.000000,1,,BSE,1.000000,0,False
537135,NFXXV11DG,NFXXV11DG,,-1.000000,1,,BSE,1.000000,0,False
539679,KAPILRAJ,KAPILRAJ,,-1.000000,1,,BSE,1.000000,0,False
539724,HYPERSOFT,HYPERSOFT,,-1.000000,1,,BSE,5.000000,0,False
537582,UNISHIRE,UNISHIRE,,-1.000000,10000,,BSE,1.000000,0,False
537750,KIRANVYPAR,KIRANVYPAR,,-1.000000,1,,BSE,5.000000,0,False
537784,KCSL,KCSL,,-1.000000,6000,,BSE,1.000000,0,False
537839,HBGHOTELS,HBGHOTELS,,-1.000000,1,,BSE,1.000000,0,False
539834,BALGOPAL,BALGOPAL,,-1.000000,1,,BSE,5.000000,0,False
539841,LANCER,LANCER,,-1.000000,1,,BSE,1.000000,0,False
539861,SKIL,SKIL,,-1.000000,1,,BSE,1.000000,0,False
539872,BAJAJHCARE,BAJAJHCARE,,-1.000000,1,,BSE,5.000000,0,False
544841,HYBRIDETF,HYBRIDETF,,-1.000000,1,,BSE,1.000000,0,False
544842,HDFCNIMEG,HDFCNIMEG,,-1.000000,1,,BSE,1.000000,0,False
544843,ADVANCETL,ADVANCETL,,-1.000000,1200,,BSE,1.000000,0,False
544902,PHYCHEM,PHYCHEM,,-1.000000,2000,,BSE,1.000000,0,False
957788,809REC28,809REC28,,-1.000000,1,,BSE,1.000000,0,False
957824,10PFL28,10PFL28,,-1.000000,1,,BSE,1.000000,0,False
957844,88SCL28,88SCL28,,-1.000000,10,,BSE,1.000000,0,False
957951,875ISPDL28,875ISPDL28,,-1.000000,1,,BSE,1.000000,0,False
544905,FARMPEACE,FARMPEACE,,-1.000000,2000,,BSE,1.000000,0,False
544907,FINANCE,FINANCE,,-1.000000,1,,BSE,1.000000,0,False
590003,KARURVYSYA,KARURVYSYA,,-1.000000,1,,BSE,5.000000,0,False
590005,VEEDOL,VEEDOL,,-1.000000,1,,BSE,5.000000,0,False
957988,935CFSER,935CFSER,,-1.000000,1,,BSE,1.000000,0,False
958138,905HFSL28,905HFSL28,,-1.000000,1,,BSE,1.000000,0,False
958213,9507JFHL28,9507JFHL28,,-1.000000,1,,BSE,1.000000,0,False
958245,985ECL28A,985ECL28A,,-1.000000,1,,BSE,1.000000,0,False
537943,NFHXXVI01D,NFHXXVI01D,,-1.000000,1,,BSE,1.000000,0,False
538476,CTL,CTL,,-1.000000,1,,BSE,1.000000,0,False
538652,HCLTD,HCLTD,,-1.000000,1,,BSE,1.000000,0,False
538742,PANABYTE,PANABYTE,,-1.000000,1,,BSE,1.000000,0,False
539911,SNIM,SNIM,,-1.000000,1,,BSE,1.000000,0,False
539922,RGIL,RGIL,,-1.000000,1,,BSE,1.000000,0,False
539927,LIKHAMI,LIKHAMI,,-1.000000,1,,BSE,5.000000,0,False
539938,MIL,MIL,,-1.000000,1,,BSE,1.000000,0,False
590041,KAVDEFENCE,KAVDEFENCE,,-1.000000,1,,BSE,1.000000,0,False
590056,SALONA,SALONA,,-1.000000,1,,BSE,5.000000,0,False
590065,IMPAL,IMPAL,,-1.000000,1,,BSE,5.000000,0,False
590108,PSUBNKBEES,PSUBNKBEES,,-1.000000,1,,BSE,1.000000,0,False
958311,905RIL28,905RIL28,,-1.000000,1,,BSE,1.000000,0,False
958332,892NABAR33,892NABAR33,,-1.000000,1,,BSE,1.000000,0,False
958385,97HFSL28,97HFSL28,,-1.000000,1,,BSE,1.000000,0,False
958575,955SCPSL29,955SCPSL29,,-1.000000,1,,BSE,1.000000,0,False
539939,YASHCHEM,YASHCHEM,,-1.000000,1,,BSE,1.000000,0,False
539946,BAZELINTER,BAZELINTER,,-1.000000,1,,BSE,1.000000,0,False
540006,EASTWEST,EASTWEST,,-1.000000,1,,BSE,1.000000,0,False
540047,DBL,DBL,,-1.000000,1,,BSE,5.000000,0,False
538778,KALYANCAP,KALYANCAP,,-1.000000,1,,BSE,1.000000,0,False
538795,SAPPL,SAPPL,,-1.000000,1,,BSE,5.000000,0,False
538897,SHRINIWAS,SHRINIWAS,,-1.000000,1,,BSE,1.000000,0,False
538952,ALFL,ALFL,,-1.000000,1,,BSE,1.000000,0,False
958779,836NHAI29,836NHAI29,,-1.000000,1,,BSE,1.000000,0,False
958806,809NLCIL29,809NLCIL29,,-1.000000,1,,BSE,1.000000,0,False
958896,734PGCIL29,734PGCIL29,,-1.000000,1,,BSE,1.000000,0,False
958978,775BOB24,775BOB24,,-1.000000,1,,BSE,1.000000,0,False
540061,BIGBLOC,BIGBLOC,,-1.000000,1,,BSE,1.000000,0,False
540073,BLS,BLS,,-1.000000,1,,BSE,5.000000,0,False
540078,MITSU,MITSU,,-1.000000,1,,BSE,5.000000,0,False
540097,GAMCO,GAMCO,,-1.000000,1,,BSE,1.000000,0,False
590134,MADRASFERT,MADRASFERT,,-1.000000,1,,BSE,1.000000,0,False
590145,SILVERBEES,SILVERBEES,,-1.000000,1,,BSE,1.000000,0,False
590155,GROWWSLVR,GROWWSLVR,,-1.000000,1,,BSE,1.000000,0,False
730482,360O031125,360O031125,,-1.000000,1,,BSE,1.000000,0,False
538961,GENUSPAPER,GENUSPAPER,,-1.000000,1,,BSE,1.000000,0,False
538987,TALBROSENG,TALBROSENG,,-1.000000,1,,BSE,5.000000,0,False
539016,NEIL,NEIL,,-1.000000,1,,BSE,1.000000,0,False
539017,STARHFL,STARHFL,,-1.000000,1,,BSE,1.000000,0,False
959112,10CIFPERP,10CIFPERP,,-1.000000,2,,BSE,1.000000,0,False
959192,738NHPC28,738NHPC28,,-1.000000,5,,BSE,1.000000,0,False
959275,727NABAR30,727NABAR30,,-1.000000,1,,BSE,1.000000,0,False
959307,76BFL30,76BFL30,,-1.000000,1,,BSE,1.000000,0,False
730635,NCS211125,NCS211125,,-1.000000,1,,BSE,1.000000,0,False
730887,360OAA2126,360OAA2126,,-1.000000,1,,BSE,1.000000,0,False
730895,JBCIPL7126,JBCIPL7126,,-1.000000,1,,BSE,1.000000,0,False
730904,JBC90126,JBC90126,,-1.000000,1,,BSE,1.000000,0,False
539056,IMAGICAA,IMAGICAA,,-1.000000,1,,BSE,1.000000,0,False
540154,IDFSENSEXE,IDFSENSEXE,,-1.000000,1,,BSE,1.000000,0,False
540252,VSL,VSL,,-1.000000,1,,BSE,1.000000,0,False
540266,GLCL,GLCL,,-1.000000,1,,BSE,1.000000,0,False
540359,PARMAX,PARMAX,,-1.000000,1,,BSE,5.000000,0,False
959308,74HDFCB30,74HDFCB30,,-1.000000,1,,BSE,1.000000,0,False
959381,689NHPCL29,689NHPCL29,,-1.000000,5,,BSE,1.000000,0,False
959432,85APSEZ30,85APSEZ30,,-1.000000,1,,BSE,1.000000,0,False
959473,74PFCL30,74PFCL30,,-1.000000,1,,BSE,1.000000,0,False
539032,FRASER,FRASER,,-1.000000,1,,BSE,1.000000,0,False
539040,TIRUPATIIN,TIRUPATIIN,,-1.000000,1,,BSE,1.000000,0,False
539042,AGIIL,AGIIL,,-1.000000,1,,BSE,5.000000,0,False
730942,OAAM20126,OAAM20126,,-1.000000,1,,BSE,1.000000,0,False
730956,MFL220126,MFL220126,,-1.000000,1,,BSE,1.000000,0,False
730970,MRHF27126,MRHF27126,,-1.000000,1,,BSE,1.000000,0,False
730973,OPL270126,OPL270126,,-1.000000,1,,BSE,1.000000,0,False
959537,796REC30,796REC30,,-1.000000,1,,BSE,1.000000,0,False
959712,673IRFC35,673IRFC35,,-1.000000,1,,BSE,1.000000,0,False
959790,641IRFC31,641IRFC31,,-1.000000,1,,BSE,1.000000,0,False
960033,1250SSFB27,1250SSFB27,,-1.000000,1,,BSE,1.000000,0,False
539124,SARVOTTAM,SARVOTTAM,,-1.000000,1,,BSE,1.000000,0,False
539167,VLL,VLL,,-1.000000,1,,BSE,1.000000,0,False
539176,HAWAENG,HAWAENG,,-1.000000,1,,BSE,1.000000,0,False
539222,GROWINGTON,GROWINGTON,,-1.000000,1,,BSE,1.000000,0,False
540360,LLFICL,LLFICL,,-1.000000,1,,BSE,1.000000,0,False
540361,DANUBE,DANUBE,,-1.000000,1,,BSE,1.000000,0,False
540395,CHEMCRUX,CHEMCRUX,,-1.000000,1,,BSE,1.000000,0,False
540396,MANOMAY,MANOMAY,,-1.000000,1,,BSE,5.000000,0,False
731000,BGHPL02226,BGHPL02226,,-1.000000,1,,BSE,1.000000,0,False
731057,NWIL10226,NWIL10226,,-1.000000,1,,BSE,1.000000,0,False
731064,OWL100226,OWL100226,,-1.000000,1,,BSE,1.000000,0,False
731097,IFPL13226,IFPL13226,,-1.000000,1,,BSE,1.000000,0,False
960072,77KFC27,77KFC27,,-1.000000,5,,BSE,1.000000,0,False
960226,707IHF30,707IHF30,,-1.000000,2,,BSE,1.000000,0,False
960248,642NABAR30,642NABAR30,,-1.000000,1,,BSE,1.000000,0,False
960256,685IRFCL40,685IRFCL40,,-1.000000,1,,BSE,1.000000,0,False
539227,LOYAL,LOYAL,,-1.000000,1,,BSE,5.000000,0,False
539270,NXXIX1Z,NXXIX1Z,,-1.000000,1,,BSE,1.000000,0,False
539272,NXXIX1G,NXXIX1G,,-1.000000,1,,BSE,1.000000,0,False
539378,SML,SML,,-1.000000,1,,BSE,1.000000,0,False
731142,GFL180226,GFL180226,,-1.000000,1,,BSE,1.000000,0,False
731175,OPL230226,OPL230226,,-1.000000,1,,BSE,1.000000,0,False
731190,MFL25226,MFL25226,,-1.000000,1,,BSE,1.000000,0,False
731194,AFL250226A,AFL250226A,,-1.000000,1,,BSE,1.000000,0,False
960312,69REC31A,69REC31A,,-1.000000,1,,BSE,1.000000,0,False
960366,694NHAI36,694NHAI36,,-1.000000,1,,BSE,1.000000,0,False
960372,665NABA35A,665NABA35A,,-1.000000,1,,BSE,1.000000,0,False
960461,12VITPPL31,12VITPPL31,,-1.000000,10000,,BSE,1.000000,0,False
540701,DCAL,DCAL,,-1.000000,1,,BSE,5.000000,0,False
540716,ICICIGI,ICICIGI,,-1.000000,1,,BSE,5.000000,0,True
540724,DIAMONDYD,DIAMONDYD,,-1.000000,1,,BSE,5.000000,0,False
540729,VANTABIO,VANTABIO,,-1.000000,750,,BSE,1.000000,0,False
539406,SWAGTAM,SWAGTAM,,-1.000000,1,,BSE,1.000000,0,False
539515,QUINT,QUINT,,-1.000000,1,,BSE,1.000000,0,False
539523,ALKEM,ALKEM,,-1.000000,1,,BSE,5.000000,0,True
539620,KEIL,KEIL,,-1.000000,1,,BSE,1.000000,0,False
540750,IEX,IEX,,-1.000000,1,,BSE,5.000000,0,True
540775,KHADIM,KHADIM,,-1.000000,1,,BSE,5.000000,0,False
540935,GALAXYSURF,GALAXYSURF,,-1.000000,1,,BSE,5.000000,0,False
540936,GGL,GGL,,-1.000000,1,,BSE,1.000000,0,False
960480,686NHPC29,686NHPC29,,-1.000000,10,,BSE,1.000000,0,False
960492,724ABCL30,724ABCL30,,-1.000000,1,,BSE,1.000000,0,False
961780,862REC33,862REC33,,-1.000000,1,,BSE,1.000000,0,False
961804,892PFCL33,892PFCL33,,-1.000000,1,,BSE,1.000000,0,False
731228,FFSL020326,FFSL020326,,-1.000000,1,,BSE,1.000000,0,False
731232,BGHP40326,BGHP40326,,-1.000000,1,,BSE,1.000000,0,False
731265,FFSL6326,FFSL6326,,-1.000000,1,,BSE,1.000000,0,False
731343,EOPR13326,EOPR13326,,-1.000000,1,,BSE,1.000000,0,False
961815,883HUDCO29,883HUDCO29,,-1.000000,1,,BSE,1.000000,0,False
961835,855IREDA34,855IREDA34,,-1.000000,1,,BSE,1.000000,0,False
961851,900KPL29,900KPL29,,-1.000000,1,,BSE,1.000000,0,False
961863,898HUDCO29,898HUDCO29,,-1.000000,1,,BSE,1.000000,0,False
539680,GANGAPHARM,GANGAPHARM,,-1.000000,8000,,BSE,1.000000,0,False
539683,SHIVKAMAL,SHIVKAMAL,,-1.000000,1,,BSE,1.000000,0,False
539686,KPEL,KPEL,,-1.000000,1,,BSE,5.000000,0,False
539762,MEAPL,MEAPL,,-1.000000,1,,BSE,1.000000,0,False
540954,IWP,IWP,,-1.000000,1,,BSE,1.000000,0,False
541163,SANDHAR,SANDHAR,,-1.000000,1,,BSE,5.000000,0,False
541196,LEX,LEX,,-1.000000,2000,,BSE,1.000000,0,False
541353,INNOVATORS,INNOVATORS,,-1.000000,800,,BSE,5.000000,0,False
731408,IFSL2403226,IFSL2403226,,-1.000000,1,,BSE,1.000000,0,False
731429,PDL2426,PDL2426,,-1.000000,1,,BSE,1.000000,0,False
731434,PDL80426,PDL80426,,-1.000000,1,,BSE,1.000000,0,False
731468,EOPR100426,EOPR100426,,-1.000000,1,,BSE,1.000000,0,False
539895,SPICELOUNG,SPICELOUNG,,-1.000000,1,,BSE,1.000000,0,False
539991,CFEL,CFEL,,-1.000000,1,,BSE,1.000000,0,False
540083,TVVISION,TVVISION,,-1.000000,1,,BSE,1.000000,0,False
540150,MHEL,MHEL,,-1.000000,750,,BSE,1.000000,0,False
541503,UNICK,UNICK,,-1.000000,1,,BSE,1.000000,0,False
541540,SOLARA,SOLARA,,-1.000000,1,,BSE,5.000000,0,False
541735,VIVANTA,VIVANTA,,-1.000000,1,,BSE,1.000000,0,False
541770,CREDITACC,CREDITACC,,-1.000000,1,,BSE,5.000000,0,False
731480,KMPL160426,KMPL160426,,-1.000000,1,,BSE,1.000000,0,False
731538,DFPL230426,DFPL230426,,-1.000000,1,,BSE,1.000000,0,False
731547,TTL240426,TTL240426,,-1.000000,1,,BSE,1.000000,0,False
731554,NFL270426,NFL270426,,-1.000000,1,,BSE,1.000000,0,False
961869,863REC29,863REC29,,-1.000000,1,,BSE,1.000000,0,False
961877,886REC34,886REC34,,-1.000000,1,,BSE,1.000000,0,False
961910,762NTPC35F,762NTPC35F,,-1.000000,1,,BSE,1.000000,0,False
972574,975IFCI30,975IFCI30,,-1.000000,1,,BSE,1.000000,0,False
540151,DIKSAT,DIKSAT,,-1.000000,750,,BSE,5.000000,0,False
540159,PURPLE,PURPLE,,-1.000000,1,,BSE,1.000000,0,False
540173,PNBHOUSING,PNBHOUSING,,-1.000000,1,,BSE,5.000000,0,True
540181,SALEM,SALEM,,-1.000000,1,,BSE,1.000000,0,False
541865,ASRL,ASRL,,-1.000000,1,,BSE,1.000000,0,False
541929,SGIL,SGIL,,-1.000000,1,,BSE,5.000000,0,False
541974,MANORAMA,MANORAMA,,-1.000000,1,,BSE,5.000000,0,False
541983,INNOVATIVE,INNOVATIVE,,-1.000000,1000,,BSE,1.000000,0,False
731650,OAAM12526,OAAM12526,,-1.000000,1,,BSE,1.000000,0,False
731722,360OA21526,360OA21526,,-1.000000,1,,BSE,1.000000,0,False
731960,360O19626D,360O19626D,,-1.000000,1,,BSE,1.000000,0,False
731964,GHF190626,GHF190626,,-1.000000,1,,BSE,1.000000,0,False
972580,IFCI36,IFCI36,,-1.000000,4,,BSE,1.000000,0,False
972715,916IFCI27,916IFCI27,,-1.000000,1,,BSE,1.000000,0,False
972730,93DVC27,93DVC27,,-1.000000,1,,BSE,1.000000,0,False
972731,93DVC27A,93DVC27A,,-1.000000,1,,BSE,1.000000,0,False
540222,LAURUSLABS,LAURUSLABS,,-1.000000,1,,BSE,5.000000,0,True
540268,TRU,TRU,,-1.000000,1,,BSE,1.000000,0,False
540293,PRICOLLTD,PRICOLLTD,,-1.000000,1,,BSE,5.000000,0,False
540376,DMART,DMART,,-1.000000,1,,BSE,5.000000,0,True
542066,ATGL,ATGL,,-1.000000,1,,BSE,5.000000,0,False
542145,RONI,RONI,,-1.000000,1800,,BSE,1.000000,0,False
542232,SRD,SRD,,-1.000000,1,,BSE,1.000000,0,False
542233,TREJHARA,TREJHARA,,-1.000000,1,,BSE,5.000000,0,False
731967,DFPL220626,DFPL220626,,-1.000000,1,,BSE,1.000000,0,False
731969,HTML22626,HTML22626,,-1.000000,1,,BSE,1.000000,0,False
731973,ABHF220626,ABHF220626,,-1.000000,1,,BSE,1.000000,0,False
731980,ECLFL23626,ECLFL23626,,-1.000000,1,,BSE,1.000000,0,False
972801,738IRFC27B,738IRFC27B,,-1.000000,1,,BSE,1.000000,0,False
972862,848IRFC29A,848IRFC29A,,-1.000000,1,,BSE,1.000000,0,False
972868,855IRFC29B,855IRFC29B,,-1.000000,1,,BSE,1.000000,0,False
973051,RERTZC28,RERTZC28,,-1.000000,1,,BSE,1.000000,0,False
731996,NWIL240626,NWIL240626,,-1.000000,1,,BSE,1.000000,0,False
973220,8AHL41,8AHL41,,-1.000000,1,,BSE,1.000000,0,False
973272,885PFL31,885PFL31,,-1.000000,1,,BSE,1.000000,0,False
973276,635PFCL27,635PFCL27,,-1.000000,4,,BSE,1.000000,0,False
973320,85JMFPL31,85JMFPL31,,-1.000000,1,,BSE,1.000000,0,False
540515,KANUNGO,KANUNGO,,-1.000000,1,,BSE,1.000000,0,False
540526,IRBINVIT,IRBINVIT,,-1.000000,1,,BSE,1.000000,0,False
540545,GKL,GKL,,-1.000000,1,,BSE,1.000000,0,False
540611,AUBANK,AUBANK,,-1.000000,1,,BSE,5.000000,0,True
542376,SPACAPS,SPACAPS,,-1.000000,1,,BSE,5.000000,0,False
542446,JONJUA,JONJUA,,-1.000000,6227,,BSE,1.000000,0,False
542524,AIHL,AIHL,,-1.000000,1,,BSE,1.000000,0,False
542552,IPRU3315,IPRU3315,,-1.000000,1,,BSE,1.000000,0,False
731988,HTML24626,HTML24626,,-1.000000,1,,BSE,1.000000,0,False
731989,RL25626,RL25626,,-1.000000,1,,BSE,1.000000,0,False
731991,RL25062026,RL25062026,,-1.000000,1,,BSE,1.000000,0,False
540642,SALASAR,SALASAR,,-1.000000,1,,BSE,1.000000,0,False
540647,GANGESSECU,GANGESSECU,,-1.000000,1,,BSE,5.000000,0,False
540681,CHOTHANI,CHOTHANI,,-1.000000,2500,,BSE,1.000000,0,False
540692,APEX,APEX,,-1.000000,1,,BSE,5.000000,0,False
542553,IPRU3316,IPRU3316,,-1.000000,1,,BSE,1.000000,0,False
542592,HBEL,HBEL,,-1.000000,1250,,BSE,1.000000,0,False
542597,MSTCLTD,MSTCLTD,,-1.000000,1,,BSE,5.000000,0,False
542669,BMW,BMW,,-1.000000,1,,BSE,1.000000,0,False
732005,SSL290626,SSL290626,,-1.000000,1,,BSE,1.000000,0,False
732011,MACM290626,MACM290626,,-1.000000,1,,BSE,1.000000,0,False
732014,LTL30626,LTL30626,,-1.000000,1,,BSE,1.000000,0,False
732018,ASL300626,ASL300626,,-1.000000,1,,BSE,1.000000,0,False
973491,675PFL31,675PFL31,,-1.000000,1,,BSE,1.000000,0,False
973546,705EOP26,705EOP26,,-1.000000,1,,BSE,1.000000,0,False
973547,1075MFSL21,1075MFSL21,,-1.000000,1,,BSE,1.000000,0,False
973575,837SFL31,837SFL31,,-1.000000,1,,BSE,1.000000,0,False
973698,668LTMRH27,668LTMRH27,,-1.000000,1,,BSE,1.000000,0,False
540703,PROCLB,PROCLB,,-1.000000,1,,BSE,1.000000,0,False
540704,MATRIMONY,MATRIMONY,,-1.000000,1,,BSE,5.000000,0,False
540710,CAPACITE,CAPACITE,,-1.000000,1,,BSE,5.000000,0,False
540726,TTFL,TTFL,,-1.000000,1,,BSE,1.000000,0,False
973586,695IRFC36,695IRFC36,,-1.000000,1,,BSE,1.000000,0,False
973595,609SMIL26,609SMIL26,,-1.000000,1,,BSE,1.000000,0,False
973623,TCAPPERP,TCAPPERP,,-1.000000,1,,BSE,1.000000,0,False
542677,MAHESH,MAHESH,,-1.000000,1,,BSE,1.000000,0,False
542801,MISQUITA,MISQUITA,,-1.000000,1000,,BSE,1.000000,0,False
542910,VALENCIA,VALENCIA,,-1.000000,1500,,BSE,1.000000,0,False
542921,MIDCAPIETF,MIDCAPIETF,,-1.000000,1,,BSE,1.000000,0,False
732024,CFSL30626,CFSL30626,,-1.000000,1,,BSE,1.000000,0,False
732029,IHFC20726,IHFC20726,,-1.000000,1,,BSE,1.000000,0,False
732049,SL6726,SL6726,,-1.000000,1,,BSE,1.000000,0,False
732051,BCML70726,BCML70726,,-1.000000,1,,BSE,1.000000,0,False
973883,97UPPCL32,97UPPCL32,,-1.000000,1,,BSE,1.000000,0,False
973716,790MHFL32,790MHFL32,,-1.000000,1,,BSE,1.000000,0,False
973743,8BOBPERP,8BOBPERP,,-1.000000,1,,BSE,1.000000,0,False
973759,785PDPL34,785PDPL34,,-1.000000,1,,BSE,1.000000,0,False
540727,POOJA,POOJA,,-1.000000,1,,BSE,1.000000,0,False
540797,SHALBY,SHALBY,,-1.000000,1,,BSE,5.000000,0,False
540809,MRCAGRO,MRCAGRO,,-1.000000,1,,BSE,1.000000,0,False
540821,CRYSTAL,CRYSTAL,,-1.000000,1,,BSE,1.000000,0,False
732052,CFHL70726,CFHL70726,,-1.000000,1,,BSE,1.000000,0,False
732059,BFL8726,BFL8726,,-1.000000,1,,BSE,1.000000,0,False
732061,DCBL080726,DCBL080726,,-1.000000,1,,BSE,1.000000,0,False
732066,TTL10726,TTL10726,,-1.000000,1,,BSE,1.000000,0,False
974088,1050HFL27,1050HFL27,,-1.000000,1,,BSE,1.000000,0,False
542934,CBPL,CBPL,,-1.000000,1000,,BSE,1.000000,0,False
543072,07BPB,07BPB,,-1.000000,1,,BSE,1.000000,0,False
543082,07AQR,07AQR,,-1.000000,1,,BSE,1.000000,0,False
543089,09AMR,09AMR,,-1.000000,1,,BSE,1.000000,0,False
973910,735EOPR27,735EOPR27,,-1.000000,1,,BSE,1.000000,0,False
974018,8IIL27,8IIL27,,-1.000000,1,,BSE,1.000000,0,False
974042,10IPL37,10IPL37,,-1.000000,1,,BSE,1.000000,0,False
540824,ASTRON,ASTRON,,-1.000000,1,,BSE,1.000000,0,False
540938,GUJHYSPIN,GUJHYSPIN,,-1.000000,5000,,BSE,1.000000,0,False
541154,HAL,HAL,,-1.000000,1,,BSE,5.000000,0,True
732077,UCL10726,UCL10726,,-1.000000,1,,BSE,1.000000,0,False
732082,VCL130726,VCL130726,,-1.000000,1,,BSE,1.000000,0,False
732086,EFL130726,EFL130726,,-1.000000,1,,BSE,1.000000,0,False
732120,IML200726,IML200726,,-1.000000,1,,BSE,1.000000,0,False
974089,11HFL27,11HFL27,,-1.000000,1,,BSE,1.000000,0,False
974138,865YATL27,865YATL27,,-1.000000,1,,BSE,1.000000,0,False
974143,834AFLPER,834AFLPER,,-1.000000,1,,BSE,1.000000,0,False
974152,780HDFCB32,780HDFCB32,,-1.000000,1,,BSE,1.000000,0,False
540953,KENVI,KENVI,,-1.000000,1,,BSE,1.000000,0,False
543104,UTCRFS2DFP,UTCRFS2DFP,,-1.000000,1,,BSE,1.000000,0,False
543115,UTCRFS2RFP,UTCRFS2RFP,,-1.000000,1,,BSE,1.000000,0,False
543134,UTMTFS2RAR,UTMTFS2RAR,,-1.000000,1,,BSE,1.000000,0,False
543138,UTMTFS2RFR,UTMTFS2RFR,,-1.000000,1,,BSE,1.000000,0,False
732132,DFPL210726,DFPL210726,,-1.000000,1,,BSE,1.000000,0,False
732147,CGCL24726,CGCL24726,,-1.000000,1,,BSE,1.000000,0,False
732159,IFSL270726,IFSL270726,,-1.000000,1,,BSE,1.000000,0,False
732170,MAFSP28726,MAFSP28726,,-1.000000,1,,BSE,1.000000,0,False
974160,784HDFCB27,784HDFCB27,,-1.000000,1,,BSE,1.000000,0,False
974173,855SFL32,855SFL32,,-1.000000,1,,BSE,1.000000,0,False
974179,765HFSL27,765HFSL27,,-1.000000,1,,BSE,1.000000,0,False
974198,776TSL32,776TSL32,,-1.000000,1,,BSE,1.000000,0,False
541302,DHRUV,DHRUV,,-1.000000,1,,BSE,1.000000,0,False
541336,INDOSTAR,INDOSTAR,,-1.000000,1,,BSE,5.000000,0,False
541337,MILEFUR,MILEFUR,,-1.000000,3000,,BSE,1.000000,0,False
541557,FINEORG,FINEORG,,-1.000000,1,,BSE,5.000000,0,False
543146,08MPR,08MPR,,-1.000000,1,,BSE,1.000000,0,False
543158,10DPD,10DPD,,-1.000000,1,,BSE,1.000000,0,False
543175,11MPD,11MPD,,-1.000000,1,,BSE,1.000000,0,False
543182,11AMD,11AMD,,-1.000000,1,,BSE,1.000000,0,False
974207,830MHIL32,830MHIL32,,-1.000000,1,,BSE,1.000000,0,False
974235,8MMFSL32,8MMFSL32,,-1.000000,1,,BSE,1.000000,0,False
974275,1125AML28,1125AML28,,-1.000000,1,,BSE,1.000000,0,False
974284,995UPPCL28,995UPPCL28,,-1.000000,1,,BSE,1.000000,0,False
732177,AKCF280726,AKCF280726,,-1.000000,1,,BSE,1.000000,0,False
732185,NCSL29726,NCSL29726,,-1.000000,1,,BSE,1.000000,0,False
732199,AFL31726,AFL31726,,-1.000000,1,,BSE,1.000000,0,False
732201,AFL31726A,AFL31726A,,-1.000000,1,,BSE,1.000000,0,False
541627,GUJWIND,GUJWIND,,-1.000000,1,,BSE,1.000000,0,False
541729,HDFCAMC,HDFCAMC,,-1.000000,1,,BSE,5.000000,0,True
541956,IRCON,IRCON,,-1.000000,1,,BSE,5.000000,0,False
542046,VIVIDM,VIVIDM,,-1.000000,1,,BSE,1.000000,0,False
543183,11AMR,11AMR,,-1.000000,1,,BSE,1.000000,0,False
543184,11AQD,11AQD,,-1.000000,1,,BSE,1.000000,0,False
543186,11DPD,11DPD,,-1.000000,1,,BSE,1.000000,0,False
543207,NATURAL,NATURAL,,-1.000000,1,,BSE,1.000000,0,False
732216,DAL5826,DAL5826,,-1.000000,1,,BSE,1.000000,0,False
732217,TRIL5826,TRIL5826,,-1.000000,1,,BSE,1.000000,0,False
732241,RRVL060826,RRVL060826,,-1.000000,1,,BSE,1.000000,0,False
732242,ABHFL7826,ABHFL7826,,-1.000000,1,,BSE,1.000000,0,False
974286,995UPPCL30,995UPPCL30,,-1.000000,1,,BSE,1.000000,0,False
974303,1206FCL27,1206FCL27,,-1.000000,1,,BSE,1.000000,0,False
974385,765REC37,765REC37,,-1.000000,1,,BSE,1.000000,0,False
974402,755REC28,755REC28,,-1.000000,1,,BSE,1.000000,0,False
543216,EBBETF0431,EBBETF0431,,-1.000000,1,,BSE,1.000000,0,False
543217,MINDSPACE,MINDSPACE,,-1.000000,1,,BSE,1.000000,0,False
543224,HDFCNIFBAN,HDFCNIFBAN,,-1.000000,1,,BSE,1.000000,0,False
543245,GLAND,GLAND,,-1.000000,1,,BSE,5.000000,0,False
542141,TECHNOE,TECHNOE,,-1.000000,1,,BSE,5.000000,0,False
542367,XELPMOC,XELPMOC,,-1.000000,1,,BSE,1.000000,0,False
542437,ANMOL,ANMOL,,-1.000000,1,,BSE,1.000000,0,False
542484,ARVINDFASN,ARVINDFASN,,-1.000000,1,,BSE,5.000000,0,False
732258,ABHFL10826,ABHFL10826,,-1.000000,1,,BSE,1.000000,0,False
732270,BFSL110826,BFSL110826,,-1.000000,1,,BSE,1.000000,0,False
732284,JKCL13826,JKCL13826,,-1.000000,1,,BSE,1.000000,0,False
732303,BFL140826,BFL140826,,-1.000000,1,,BSE,1.000000,0,False
543259,HOMEFIRST,HOMEFIRST,,-1.000000,1,,BSE,5.000000,0,False
543265,RAILTEL,RAILTEL,,-1.000000,1,,BSE,5.000000,0,False
543267,DAVANGERE,DAVANGERE,,-1.000000,1,,BSE,1.000000,0,False
543271,JUBLINGREA,JUBLINGREA,,-1.000000,1,,BSE,5.000000,0,False
974467,788THDC32,788THDC32,,-1.000000,1,,BSE,1.000000,0,False
974472,792ABCL27,792ABCL27,,-1.000000,1,,BSE,1.000000,0,False
974483,775TPCL32,775TPCL32,,-1.000000,1,,BSE,1.000000,0,False
974596,759NHPCL38,759NHPCL38,,-1.000000,1,,BSE,1.000000,0,False
542536,IDFTP179RG,IDFTP179RG,,-1.000000,1,,BSE,1.000000,0,False
542543,ENERGYINF,ENERGYINF,,-1.000000,25000,,BSE,1.000000,0,False
542650,METROPOLIS,METROPOLIS,,-1.000000,1,,BSE,5.000000,0,False
542684,PPL,PPL,,-1.000000,1,,BSE,5.000000,0,False
543279,SURYODAY,SURYODAY,,-1.000000,1,,BSE,5.000000,0,False
543309,ADESHWAR,ADESHWAR,,-1.000000,6000,,BSE,1.000000,0,False
543318,CLEAN,CLEAN,,-1.000000,1,,BSE,5.000000,0,False
543370,SFMP52GD,SFMP52GD,,-1.000000,1,,BSE,1.000000,0,False
732305,DCBL140826,DCBL140826,,-1.000000,1,,BSE,1.000000,0,False
732338,IFPL190826,IFPL190826,,-1.000000,1,,BSE,1.000000,0,False
732339,IFPL19826,IFPL19826,,-1.000000,1,,BSE,1.000000,0,False
732355,BFL19826,BFL19826,,-1.000000,1,,BSE,1.000000,0,False
974601,759NHPCL33,759NHPCL33,,-1.000000,1,,BSE,1.000000,0,False
974613,1240SML23,1240SML23,,-1.000000,1,,BSE,1.000000,0,False
974658,782PFCL32,782PFCL32,,-1.000000,1,,BSE,1.000000,0,False
974729,778NABAR38,778NABAR38,,-1.000000,1,,BSE,1.000000,0,False
542747,SNXT50BEES,SNXT50BEES,,-1.000000,1,,BSE,1.000000,0,False
542773,IIFLCAPS,IIFLCAPS,,-1.000000,1,,BSE,5.000000,0,False
542904,UJJIVANSFB,UJJIVANSFB,,-1.000000,1,,BSE,1.000000,0,False
542938,OCTAVIUSPL,OCTAVIUSPL,,-1.000000,1,,BSE,1.000000,0,False
543373,SVRL,SVRL,,-1.000000,1,,BSE,5.000000,0,False
543383,CONSUMIETF,CONSUMIETF,,-1.000000,1,,BSE,1.000000,0,False
543390,POLICYBZR,POLICYBZR,,-1.000000,1,,BSE,5.000000,0,True
543397,SAPPHIRE,SAPPHIRE,,-1.000000,1,,BSE,5.000000,0,False
732357,DAL200826,DAL200826,,-1.000000,1,,BSE,1.000000,0,False
732358,ASL200826,ASL200826,,-1.000000,1,,BSE,1.000000,0,False
732360,CFHL200826,CFHL200826,,-1.000000,1,,BSE,1.000000,0,False
732361,DFPL200826,DFPL200826,,-1.000000,1,,BSE,1.000000,0,False
974774,VDPMLD35,VDPMLD35,,-1.000000,1,,BSE,1.000000,0,False
974804,875SFL28,875SFL28,,-1.000000,1,,BSE,1.000000,0,False
974809,863KFL31,863KFL31,,-1.000000,1,,BSE,1.000000,0,False
974814,78HDFCB33,78HDFCB33,,-1.000000,1,,BSE,1.000000,0,False
543074,07DPR,07DPR,,-1.000000,1,,BSE,1.000000,0,False
543081,07AQD,07AQD,,-1.000000,1,,BSE,1.000000,0,False
543097,UTCRFS2DQP,UTCRFS2DQP,,-1.000000,1,,BSE,1.000000,0,False
543109,UTCRFS2RQR,UTCRFS2RQR,,-1.000000,1,,BSE,1.000000,0,False
543400,OMNIPOTENT,OMNIPOTENT,,-1.000000,2000,,BSE,1.000000,0,False
543408,SFMP55GD,SFMP55GD,,-1.000000,1,,BSE,1.000000,0,False
543422,SFMP57DR,SFMP57DR,,-1.000000,1,,BSE,1.000000,0,False
543438,MIDQ50ADD,MIDQ50ADD,,-1.000000,1,,BSE,1.000000,0,False
732370,BFSL21826,BFSL21826,,-1.000000,1,,BSE,1.000000,0,False
732372,AFSL210826,AFSL210826,,-1.000000,1,,BSE,1.000000,0,False
732386,ABHFL25826,ABHFL25826,,-1.000000,1,,BSE,1.000000,0,False
732396,JBCPL27826,JBCPL27826,,-1.000000,1,,BSE,1.000000,0,False
974914,1075AUSF28,1075AUSF28,,-1.000000,1,,BSE,1.000000,0,False
974940,745IRFC28,745IRFC28,,-1.000000,1,,BSE,1.000000,0,False
974956,849KIIFB29,849KIIFB29,,-1.000000,1,,BSE,1.000000,0,False
974964,795IIL28,795IIL28,,-1.000000,1,,BSE,1.000000,0,False
543118,UTCRFS2RMR,UTCRFS2RMR,,-1.000000,1,,BSE,1.000000,0,False
543121,UTMTFS2DGR,UTMTFS2DGR,,-1.000000,1,,BSE,1.000000,0,False
543130,UTMTFS2RQP,UTMTFS2RQP,,-1.000000,1,,BSE,1.000000,0,False
543133,UTMTFS2RAP,UTMTFS2RAP,,-1.000000,1,,BSE,1.000000,0,False
543449,WEL,WEL,,-1.000000,1,,BSE,1.000000,0,False
543450,AUTOIETF,AUTOIETF,,-1.000000,1,,BSE,1.000000,0,False
543451,AGSTRA,AGSTRA,,-1.000000,1,,BSE,1.000000,0,False
543466,SFMP60GR,SFMP60GR,,-1.000000,1,,BSE,1.000000,0,False
975019,82HEPL39,82HEPL39,,-1.000000,1,,BSE,1.000000,0,False
975024,763IREDA33,763IREDA33,,-1.000000,1,,BSE,1.000000,0,False
975040,761MTNL33,761MTNL33,,-1.000000,1,,BSE,1.000000,0,False
975065,785BFL28,785BFL28,,-1.000000,1,,BSE,1.000000,0,False
975068,803MBPR26,803MBPR26,,-1.000000,1,,BSE,1.000000,0,False
975089,779BFL33,779BFL33,,-1.000000,1,,BSE,1.000000,0,False
975152,770PGCIL33,770PGCIL33,,-1.000000,1,,BSE,1.000000,0,False
975161,1310SHFL27,1310SHFL27,,-1.000000,1,,BSE,1.000000,0,False
543135,UTMTFS2RHP,UTMTFS2RHP,,-1.000000,1,,BSE,1.000000,0,False
543139,UTMTFS2RMP,UTMTFS2RMP,,-1.000000,1,,BSE,1.000000,0,False
543144,08MPD,08MPD,,-1.000000,1,,BSE,1.000000,0,False
543145,08ADR,08ADR,,-1.000000,1,,BSE,1.000000,0,False
543476,NIMFHKAD,NIMFHKAD,,-1.000000,1,,BSE,1.000000,0,False
543481,MIDCAPETF,MIDCAPETF,,-1.000000,1,,BSE,1.000000,0,False
543516,DHYAANITR,DHYAANITR,,-1.000000,2800,,BSE,1.000000,0,False
543547,DDEVPLSTIK,DDEVPLSTIK,,-1.000000,1,,BSE,5.000000,0,False
543151,08ABB,08ABB,,-1.000000,1,,BSE,1.000000,0,False
543165,10ARD,10ARD,,-1.000000,1,,BSE,1.000000,0,False
543174,11GPG,11GPG,,-1.000000,1,,BSE,1.000000,0,False
543178,11QPR,11QPR,,-1.000000,1,,BSE,1.000000,0,False
543595,EPBIO,EPBIO,,-1.000000,500,,BSE,1.000000,0,False
543599,KSOLVES,KSOLVES,,-1.000000,1,,BSE,5.000000,0,False
543601,W5GP,W5GP,,-1.000000,1,,BSE,1.000000,0,False
543621,CARGOSOL,CARGOSOL,,-1.000000,4000,,BSE,1.000000,0,False
975229,1420SML29,1420SML29,,-1.000000,1,,BSE,1.000000,0,False
975242,767REC38,767REC38,,-1.000000,1,,BSE,1.000000,0,False
975248,767IRFC33,767IRFC33,,-1.000000,1,,BSE,1.000000,0,False
975260,765NABAR34,765NABAR34,,-1.000000,1,,BSE,1.000000,0,False
543645,HPIL,HPIL,,-1.000000,1,,BSE,5.000000,0,False
543699,EBBETF0433,EBBETF0433,,-1.000000,1,,BSE,1.000000,0,False
975273,895KIIFB31,895KIIFB31,,-1.000000,1,,BSE,1.000000,0,False
975275,975VFL27,975VFL27,,-1.000000,1,,BSE,1.000000,0,False
975292,960CFSL29,960CFSL29,,-1.000000,1,,BSE,1.000000,0,False
975325,771REC27,771REC27,,-1.000000,1,,BSE,1.000000,0,False
543181,11AGG,11AGG,,-1.000000,1,,BSE,1.000000,0,False
543218,SBGLP,SBGLP,,-1.000000,1,,BSE,1.000000,0,False
543237,MAZDOCK,MAZDOCK,,-1.000000,1,,BSE,5.000000,0,True
543239,GMPL,GMPL,,-1.000000,700,,BSE,1.000000,0,False
543654,MEDANTA,MEDANTA,,-1.000000,1,,BSE,5.000000,0,False
543663,FIVESTAR,FIVESTAR,,-1.000000,1,,BSE,5.000000,0,False
543242,HEMIPROP,HEMIPROP,,-1.000000,1,,BSE,5.000000,0,False
543248,RBA,RBA,,-1.000000,1,,BSE,1.000000,0,False
543254,AWHCL,AWHCL,,-1.000000,1,,BSE,5.000000,0,False
543276,CRAFTSMAN,CRAFTSMAN,,-1.000000,1,,BSE,5.000000,0,False
543744,REXSEAL,REXSEAL,,-1.000000,500,,BSE,5.000000,0,False
543765,EARTH,EARTH,,-1.000000,3000,,BSE,1.000000,0,False
543766,ASHIKAG,ASHIKAG,,-1.000000,1,,BSE,5.000000,0,False
543782,SEALMATIC,SEALMATIC,,-1.000000,180,,BSE,5.000000,0,False
975326,764REC34,764REC34,,-1.000000,1,,BSE,1.000000,0,False
975373,787BFL34,787BFL34,,-1.000000,1,,BSE,1.000000,0,False
975378,806IIL29,806IIL29,,-1.000000,1,,BSE,1.000000,0,False
975387,76KMBL31,76KMBL31,,-1.000000,1,,BSE,1.000000,0,False
543292,HEALTHIETF,HEALTHIETF,,-1.000000,1,,BSE,1.000000,0,False
543299,SHYAMMETL,SHYAMMETL,,-1.000000,1,,BSE,5.000000,0,False
543310,TIMESGREEN,TIMESGREEN,,-1.000000,4000,,BSE,1.000000,0,False
543312,FOCUS,FOCUS,,-1.000000,2133,,BSE,5.000000,0,False
543792,D1144270DP,D1144270DP,,-1.000000,1,,BSE,1.000000,0,False
543796,HDFC2638RD,HDFC2638RD,,-1.000000,1,,BSE,1.000000,0,False
543819,PSUBNKIETF,PSUBNKIETF,,-1.000000,1,,BSE,1.000000,0,False
543939,KAKA,KAKA,,-1.000000,500,,BSE,5.000000,0,False
975393,748IRFC34A,748IRFC34A,,-1.000000,1,,BSE,1.000000,0,False
975404,823KMPL26,823KMPL26,,-1.000000,1,,BSE,1.000000,0,False
975413,990AFPL27,990AFPL27,,-1.000000,1,,BSE,1.000000,0,False
975422,764RL27,764RL27,,-1.000000,1,,BSE,1.000000,0,False
543327,EXXARO,EXXARO,,-1.000000,1,,BSE,1.000000,0,False
543335,APTUS,APTUS,,-1.000000,1,,BSE,5.000000,0,False
543349,ACUTAAS,ACUTAAS,,-1.000000,1,,BSE,5.000000,0,False
543359,SFMP51GR,SFMP51GR,,-1.000000,1,,BSE,1.000000,0,False
543946,LIQUID,LIQUID,,-1.000000,1,,BSE,1.000000,0,False
543952,NIITMTS,NIITMTS,,-1.000000,1,,BSE,5.000000,0,False
543957,REDTAPE,REDTAPE,,-1.000000,1,,BSE,5.000000,0,False
543965,TVSSCS,TVSSCS,,-1.000000,1,,BSE,5.000000,0,False
975424,1360DKGF27,1360DKGF27,,-1.000000,1,,BSE,1.000000,0,False
975449,1110ESAF34,1110ESAF34,,-1.000000,1,,BSE,1.000000,0,False
975487,889KFC30,889KFC30,,-1.000000,1,,BSE,1.000000,0,False
975489,889KFC32,889KFC32,,-1.000000,1,,BSE,1.000000,0,False
732404,SL270826,SL270826,,-1.000000,1,,BSE,1.000000,0,False
732410,NWML280826,NWML280826,,-1.000000,1,,BSE,1.000000,0,False
732425,NMIL020926,NMIL020926,,-1.000000,1,,BSE,1.000000,0,False
732437,IHPL30926,IHPL30926,,-1.000000,1,,BSE,1.000000,0,False
543368,SFMP52GR,SFMP52GR,,-1.000000,1,,BSE,1.000000,0,False
543377,ADISHAKTI,ADISHAKTI,,-1.000000,10000,,BSE,1.000000,0,False
543382,SFMP53DD,SFMP53DD,,-1.000000,1,,BSE,1.000000,0,False
543392,SFMP54GR,SFMP54GR,,-1.000000,1,,BSE,1.000000,0,False
543988,NUVAMA,NUVAMA,,-1.000000,1,,BSE,5.000000,0,False
543991,TECHKGREEN,TECHKGREEN,,-1.000000,400,,BSE,5.000000,0,False
543992,YATRA,YATRA,,-1.000000,1,,BSE,5.000000,0,False
543995,MVGJL,MVGJL,,-1.000000,1,,BSE,5.000000,0,False
975499,734IIFCL39,734IIFCL39,,-1.000000,1,,BSE,1.000000,0,False
975535,847PNBPERP,847PNBPERP,,-1.000000,1,,BSE,1.000000,0,False
975536,SIILRESE27,SIILRESE27,,-1.000000,1,,BSE,1.000000,0,False
975550,910KIIFB29,910KIIFB29,,-1.000000,1,,BSE,1.000000,0,False
732452,JBCPL04926,JBCPL04926,,-1.000000,1,,BSE,1.000000,0,False
732455,MACMIP3926,MACMIP3926,,-1.000000,1,,BSE,1.000000,0,False
732461,JKCL70926,JKCL70926,,-1.000000,1,,BSE,1.000000,0,False
732483,RL070926,RL070926,,-1.000000,1,,BSE,1.000000,0,False
975568,975VFL26,975VFL26,,-1.000000,1,,BSE,1.000000,0,False
975593,854CIFC29,854CIFC29,,-1.000000,1,,BSE,1.000000,0,False
975603,755PGCI34,755PGCI34,,-1.000000,1,,BSE,1.000000,0,False
975610,1175AFI27,1175AFI27,,-1.000000,1,,BSE,1.000000,0,False
543393,SFMP54DR,SFMP54DR,,-1.000000,1,,BSE,1.000000,0,False
543394,SFMP54GD,SFMP54GD,,-1.000000,1,,BSE,1.000000,0,False
543395,SFMP54DD,SFMP54DD,,-1.000000,1,,BSE,1.000000,0,False
543440,NIFTYADD,NIFTYADD,,-1.000000,1,,BSE,1.000000,0,False
544006,ITETF,ITETF,,-1.000000,1,,BSE,1.000000,0,False
544007,ALPHAETF,ALPHAETF,,-1.000000,1,,BSE,1.000000,0,False
544010,LIQUIDSBI,LIQUIDSBI,,-1.000000,1,,BSE,1.000000,0,False
544028,TATATECH,TATATECH,,-1.000000,1,,BSE,5.000000,0,False
732525,NMIL10926,NMIL10926,,-1.000000,1,,BSE,1.000000,0,False
732527,GFL090926,GFL090926,,-1.000000,1,,BSE,1.000000,0,False
732534,AEL10926,AEL10926,,-1.000000,1,,BSE,1.000000,0,False
732540,NWML10926,NWML10926,,-1.000000,1,,BSE,1.000000,0,False
975627,785UML27,785UML27,,-1.000000,1,,BSE,1.000000,0,False
975646,805BHFL29,805BHFL29,,-1.000000,1,,BSE,1.000000,0,False
975647,810BHFL27,810BHFL27,,-1.000000,1,,BSE,1.000000,0,False
975649,925SKFL27,925SKFL27,,-1.000000,1,,BSE,1.000000,0,False
732541,BFSL10926,BFSL10926,,-1.000000,1,,BSE,1.000000,0,False
751131,CONTAIN-RE,CONTAIN-RE,,-1.000000,1000,,BSE,1.000000,0,False
800145,0795GOI32,0795GOI32,,-1.000000,1,,BSE,5.000000,0,False
800157,832GS2032,832GS2032,,-1.000000,1,,BSE,5.000000,0,False
543469,SFMP60DD,SFMP60DD,,-1.000000,1,,BSE,1.000000,0,False
543471,SILVER,SILVER,,-1.000000,1,,BSE,1.000000,0,False
543474,BSLNIFTY,BSLNIFTY,,-1.000000,1,,BSE,1.000000,0,False
543487,H1861D46RD,H1861D46RD,,-1.000000,1,,BSE,1.000000,0,False
544060,RBZJEWEL,RBZJEWEL,,-1.000000,1,,BSE,5.000000,0,False
544104,GILT10BETA,GILT10BETA,,-1.000000,1,,BSE,1.000000,0,False
544130,SMALLCAP,SMALLCAP,,-1.000000,1,,BSE,1.000000,0,False
544133,EXICOM,EXICOM,,-1.000000,1,,BSE,5.000000,0,False
975655,753RECL34,753RECL34,,-1.000000,1,,BSE,1.000000,0,False
975672,12PFSP27,12PFSP27,,-1.000000,1,,BSE,1.000000,0,False
975681,1053SCNL29,1053SCNL29,,-1.000000,1,,BSE,1.000000,0,False
975698,1130AFL29,1130AFL29,,-1.000000,1,,BSE,1.000000,0,False
800175,613GS2028,613GS2028,,-1.000000,1,,BSE,1.000000,0,False
800180,75GS2034,75GS2034,,-1.000000,1,,BSE,5.000000,0,False
800250,772GS2055,772GS2055,,-1.000000,1,,BSE,5.000000,0,False
800286,717GS2028,717GS2028,,-1.000000,1,,BSE,5.000000,0,False
975710,819IIL26,819IIL26,,-1.000000,1,,BSE,1.000000,0,False
975760,835MRHF29,835MRHF29,,-1.000000,1,,BSE,1.000000,0,False
975764,744IRED34,744IRED34,,-1.000000,1,,BSE,1.000000,0,False
975797,1148LIFL27,1148LIFL27,,-1.000000,1,,BSE,1.000000,0,False
543500,EVOQ,EVOQ,,-1.000000,4000,,BSE,1.000000,0,False
543529,DELHIVERY,DELHIVERY,,-1.000000,1,,BSE,5.000000,0,True
543530,PARADEEP,PARADEEP,,-1.000000,1,,BSE,5.000000,0,False
543532,ETHOSLTD,ETHOSLTD,,-1.000000,1,,BSE,5.000000,0,False
544140,GOPAL,GOPAL,,-1.000000,1,,BSE,5.000000,0,False
544163,GVL,GVL,,-1.000000,1000,,BSE,1.000000,0,False
544166,EMMFORCE,EMMFORCE,,-1.000000,1200,,BSE,5.000000,0,False
544193,MID150CASE,MID150CASE,,-1.000000,1,,BSE,1.000000,0,False
800292,SGBFEB27,SGBFEB27,,-1.000000,1,,BSE,1.000000,0,False
800296,SGBJUL27,SGBJUL27,,-1.000000,1,,BSE,1.000000,0,False
800300,763GS2059,763GS2059,,-1.000000,1,,BSE,5.000000,0,False
800301,SGBSEP27,SGBSEP27,,-1.000000,1,,BSE,1.000000,0,False
975820,812ABHF29,812ABHF29,,-1.000000,1,,BSE,1.000000,0,False
975871,870SFL34,870SFL34,,-1.000000,1,,BSE,1.000000,0,False
975878,990PLD29,990PLD29,,-1.000000,1,,BSE,1.000000,0,False
975893,755RECL26,755RECL26,,-1.000000,1,,BSE,1.000000,0,False
543534,AETHER,AETHER,,-1.000000,1,,BSE,5.000000,0,False
543539,MODIS,MODIS,,-1.000000,1,,BSE,5.000000,0,False
543543,BRRL,BRRL,,-1.000000,200,,BSE,5.000000,0,False
543572,SILVERADD,SILVERADD,,-1.000000,1,,BSE,1.000000,0,False
544208,LIQUIDSHRI,LIQUIDSHRI,,-1.000000,1,,BSE,1.000000,0,False
544212,EVINDIA,EVINDIA,,-1.000000,1,,BSE,1.000000,0,False
544221,KIZI,KIZI,,-1.000000,3000,,BSE,1.000000,0,False
544257,SAFE,SAFE,,-1.000000,500,,BSE,5.000000,0,False
800322,SGBJUN28,SGBJUN28,,-1.000000,1,,BSE,1.000000,0,False
800340,SGBMAY29I,SGBMAY29I,,-1.000000,1,,BSE,1.000000,0,False
800362,GS12DEC27C,GS12DEC27C,,-1.000000,1,,BSE,1.000000,0,False
800377,GS17DEC26C,GS17DEC26C,,-1.000000,1,,BSE,1.000000,0,False
975910,965OPML27,965OPML27,,-1.000000,1,,BSE,1.000000,0,False
975913,1040NFL26A,1040NFL26A,,-1.000000,1,,BSE,1.000000,0,False
975935,1225AFIL27,1225AFIL27,,-1.000000,1,,BSE,1.000000,0,False
975939,1170NGCP27,1170NGCP27,,-1.000000,1,,BSE,1.000000,0,False
543574,NIFTYQLITY,NIFTYQLITY,,-1.000000,1,,BSE,1.000000,0,False
543613,MAFIA,MAFIA,,-1.000000,4000,,BSE,1.000000,0,False
543620,INA,INA,,-1.000000,1,,BSE,1.000000,0,False
543636,DCI,DCI,,-1.000000,1,,BSE,5.000000,0,False
544269,NPFL,NPFL,,-1.000000,6000,,BSE,1.000000,0,False
544271,GARUDA,GARUDA,,-1.000000,1,,BSE,5.000000,0,False
544274,HYUNDAI,HYUNDAI,,-1.000000,1,,BSE,5.000000,0,True
544275,VAL30IETF,VAL30IETF,,-1.000000,1,,BSE,1.000000,0,False
800378,GS220830C,GS220830C,,-1.000000,1,,BSE,1.000000,0,False
800380,GS02JAN36C,GS02JAN36C,,-1.000000,1,,BSE,1.000000,0,False
800387,GS15DEC29C,GS15DEC29C,,-1.000000,1,,BSE,1.000000,0,False
800388,GS17DEC29C,GS17DEC29C,,-1.000000,1,,BSE,1.000000,0,False
975965,1048EFL31,1048EFL31,,-1.000000,1,,BSE,1.000000,0,False
975990,1075SSFL27,1075SSFL27,,-1.000000,1,,BSE,1.000000,0,False
975992,980SFIL29,980SFIL29,,-1.000000,1,,BSE,1.000000,0,False
975995,81ABCL29,81ABCL29,,-1.000000,1,,BSE,1.000000,0,False
543650,DCXINDIA,DCXINDIA,,-1.000000,1,,BSE,5.000000,0,False
543665,HDFCNIFIT,HDFCNIFIT,,-1.000000,1,,BSE,1.000000,0,False
543709,GARGI,GARGI,,-1.000000,125,,BSE,5.000000,0,False
543740,KTKFMP304RI,KTKFMP304RI,,-1.000000,1,,BSE,1.000000,0,False
800391,GS17JUN30C,GS17JUN30C,,-1.000000,1,,BSE,1.000000,0,False
800394,GS220231C,GS220231C,,-1.000000,1,,BSE,1.000000,0,False
800397,GS22FEB27C,GS22FEB27C,,-1.000000,1,,BSE,1.000000,0,False
800401,GS15DEC31C,GS15DEC31C,,-1.000000,1,,BSE,1.000000,0,False
976005,910SFL34,910SFL34,,-1.000000,1,,BSE,1.000000,0,False
976012,950DHRU30,950DHRU30,,-1.000000,1,,BSE,1.000000,0,False
976018,12MFLAPER,12MFLAPER,,-1.000000,1,,BSE,1.000000,0,False
976052,820IUTA130,820IUTA130,,-1.000000,1,,BSE,1.000000,0,False
544292,ONESOURCE,ONESOURCE,,-1.000000,1,,BSE,5.000000,0,False
544294,ROSSTECH,ROSSTECH,,-1.000000,1,,BSE,5.000000,0,False
544301,ODIGMA,ODIGMA,,-1.000000,1,,BSE,1.000000,0,False
544318,MAMATA,MAMATA,,-1.000000,1,,BSE,5.000000,0,False
543753,DHARNI,DHARNI,,-1.000000,3000,,BSE,1.000000,0,False
543775,HDFCSML250,HDFCSML250,,-1.000000,1,,BSE,1.000000,0,False
543781,GOLDETF,GOLDETF,,-1.000000,1,,BSE,1.000000,0,False
543797,HDFC2638RQ,HDFC2638RQ,,-1.000000,1,,BSE,1.000000,0,False
800404,GS22AUG27C,GS22AUG27C,,-1.000000,1,,BSE,1.000000,0,False
800409,GS17DEC27C,GS17DEC27C,,-1.000000,1,,BSE,1.000000,0,False
800410,GS22AUG32C,GS22AUG32C,,-1.000000,1,,BSE,1.000000,0,False
800421,GS15DEC28C,GS15DEC28C,,-1.000000,1,,BSE,1.000000,0,False
976058,135NFL27,135NFL27,,-1.000000,1,,BSE,1.000000,0,False
976067,10SGHPL29,10SGHPL29,,-1.000000,1,,BSE,1.000000,0,False
976072,945PLKIG27,945PLKIG27,,-1.000000,1,,BSE,1.000000,0,False
976075,756BHFL34,756BHFL34,,-1.000000,1,,BSE,1.000000,0,False
544349,HMEML,HMEML,,-1.000000,1600,,BSE,1.000000,0,False
544353,AMWILL,AMWILL,,-1.000000,1200,,BSE,1.000000,0,False
544354,SOLARIUM,SOLARIUM,,-1.000000,300,,BSE,5.000000,0,False
544374,ROADSTAR,ROADSTAR,,-1.000000,25000,,BSE,1.000000,0,False
800425,GS17JUN40C,GS17JUN40C,,-1.000000,1,,BSE,1.000000,0,False
800429,GS17JUN29C,GS17JUN29C,,-1.000000,1,,BSE,1.000000,0,False
800433,664GS2035,664GS2035,,-1.000000,1,,BSE,1.000000,0,False
800451,GS16DEC2027,GS16DEC2027,,-1.000000,1,,BSE,1.000000,0,False
976080,ICL041024,ICL041024,,-1.000000,1,,BSE,1.000000,0,False
976085,949KIIFB29,949KIIFB29,,-1.000000,1,,BSE,1.000000,0,False
976090,949KIIFB34,949KIIFB34,,-1.000000,1,,BSE,1.000000,0,False
976105,9564AFSL28,9564AFSL28,,-1.000000,1,,BSE,1.000000,0,False
543828,SUDARSHAN,SUDARSHAN,,-1.000000,4000,,BSE,1.000000,0,False
543858,LOWVOL,LOWVOL,,-1.000000,1,,BSE,1.000000,0,False
543860,JAFINANCE,JAFINANCE,,-1.000000,1,,BSE,5.000000,0,False
543903,GOLDADD,GOLDADD,,-1.000000,1,,BSE,1.000000,0,False
544378,PSPL,PSPL,,-1.000000,1000,,BSE,1.000000,0,False
544396,NPST,NPST,,-1.000000,1,,BSE,5.000000,0,False
544397,ATHERENERG,ATHERENERG,,-1.000000,1,,BSE,5.000000,0,True
544399,SRIGEE,SRIGEE,,-1.000000,1200,,BSE,1.000000,0,False
976127,8ORL27,8ORL27,,-1.000000,1,,BSE,1.000000,0,False
976132,828SKRL31,828SKRL31,,-1.000000,1,,BSE,1.000000,0,False
976145,950IFSLD26,950IFSLD26,,-1.000000,1,,BSE,1.000000,0,False
976149,945DXXIV29,945DXXIV29,,-1.000000,1,,BSE,1.000000,0,False
543913,NXST,NXST,,-1.000000,1,,BSE,1.000000,0,False
543916,HSIL,HSIL,,-1.000000,400,,BSE,5.000000,0,False
543920,CFF,CFF,,-1.000000,200,,BSE,5.000000,0,False
543930,URAVIDEF,URAVIDEF,,-1.000000,1,,BSE,5.000000,0,False
800500,GS19SEP2028,GS19SEP2028,,-1.000000,1,,BSE,1.000000,0,False
800501,GS19MAR2029,GS19MAR2029,,-1.000000,1,,BSE,1.000000,0,False
800503,GS19MAR2030,GS19MAR2030,,-1.000000,1,,BSE,1.000000,0,False
800504,GS19SEP2030,GS19SEP2030,,-1.000000,1,,BSE,1.000000,0,False
544423,KALPATARU,KALPATARU,,-1.000000,1,,BSE,5.000000,0,False
544460,PATELCHEM,PATELCHEM,,-1.000000,1600,,BSE,5.000000,0,False
544465,LAXMIINDIA,LAXMIINDIA,,-1.000000,1,,BSE,5.000000,0,False
544471,TAKYON,TAKYON,,-1.000000,2000,,BSE,1.000000,0,False
976158,726IIFCL34,726IIFCL34,,-1.000000,1,,BSE,1.000000,0,False
976171,965VFL27,965VFL27,,-1.000000,1,,BSE,1.000000,0,False
976179,NWFL181124,NWFL181124,,-1.000000,1,,BSE,1.000000,0,False
976184,1350NFL27,1350NFL27,,-1.000000,1,,BSE,1.000000,0,False
543976,SHRAAITECH,SHRAAITECH,,-1.000000,1,,BSE,1.000000,0,False
800526,GS19MAR2043,GS19MAR2043,,-1.000000,1,,BSE,1.000000,0,False
800534,GS19MAR2057,GS19MAR2057,,-1.000000,1,,BSE,1.000000,0,False
800536,GS19SEP2059,GS19SEP2059,,-1.000000,1,,BSE,1.000000,0,False
800566,GS19SEP2051,GS19SEP2051,,-1.000000,1,,BSE,1.000000,0,False
543949,PVTBANKADD,PVTBANKADD,,-1.000000,1,,BSE,1.000000,0,False
543958,VLEGOV,VLEGOV,,-1.000000,1,,BSE,1.000000,0,False
543963,SHELTER,SHELTER,,-1.000000,3000,,BSE,1.000000,0,False
544507,SML100CASE,SML100CASE,,-1.000000,1,,BSE,1.000000,0,False
544516,AIRFLOA,AIRFLOA,,-1.000000,500,,BSE,5.000000,0,False
544526,SAATVIKGL,SAATVIKGL,,-1.000000,1,,BSE,5.000000,0,False
544533,STYL,STYL,,-1.000000,1,,BSE,5.000000,0,False
976207,809IUTL227,809IUTL227,,-1.000000,1,,BSE,1.000000,0,False
976219,117VFPL27,117VFPL27,,-1.000000,1,,BSE,1.000000,0,False
976233,95MCSL26,95MCSL26,,-1.000000,1,,BSE,1.000000,0,False
976247,911360OP27,911360OP27,,-1.000000,1,,BSE,1.000000,0,False
543979,KAHAN,KAHAN,,-1.000000,6400,,BSE,1.000000,0,False
543981,RRKABEL,RRKABEL,,-1.000000,1,,BSE,5.000000,0,False
543983,EMSLIMITED,EMSLIMITED,,-1.000000,1,,BSE,5.000000,0,False
543985,ZAGGLE,ZAGGLE,,-1.000000,1,,BSE,5.000000,0,False
800574,741GS2036,741GS2036,,-1.000000,1,,BSE,5.000000,0,False
800580,SGBJUN31I,SGBJUN31I,,-1.000000,1,,BSE,1.000000,0,False
800584,73GS2053,73GS2053,,-1.000000,1,,BSE,1.000000,0,False
800586,GS19DEC2030,GS19DEC2030,,-1.000000,1,,BSE,1.000000,0,False
544549,EARKART,EARKART,,-1.000000,1000,,BSE,5.000000,0,False
544552,RDGAIL,RDGAIL,,-1.000000,1200,,BSE,5.000000,0,False
544553,MPKSTEELS,MPKSTEELS,,-1.000000,800,,BSE,1.000000,0,False
544560,SODHACAP,SODHACAP,,-1.000000,2000,,BSE,1.000000,0,False
976252,710RECL35,710RECL35,,-1.000000,1,,BSE,1.000000,0,False
976271,74PFCL30A,74PFCL30A,,-1.000000,1,,BSE,1.000000,0,False
976288,942KIIF28A,942KIIF28A,,-1.000000,1,,BSE,1.000000,0,False
976290,942KIIFB30,942KIIFB30,,-1.000000,1,,BSE,1.000000,0,False
800594,GS12JUN2041,GS12JUN2041,,-1.000000,1,,BSE,1.000000,0,False
800596,SGBSEP31II,SGBSEP31II,,-1.000000,1,,BSE,1.000000,0,False
800610,GS12DEC33,GS12DEC33,,-1.000000,1,,BSE,1.000000,0,False
800614,GS06NOV30C,GS06NOV30C,,-1.000000,1,,BSE,1.000000,0,False
544583,CANHLIFE,CANHLIFE,,-1.000000,1,,BSE,5.000000,0,False
544593,MHLSDDR,MHLSDDR,,-1.000000,1,,BSE,1.000000,0,False
544594,TRADEUNO,TRADEUNO,,-1.000000,1200,,BSE,5.000000,0,False
544597,PIRAMALFIN,PIRAMALFIN,,-1.000000,1,,BSE,5.000000,0,False
976296,975MAS26,975MAS26,,-1.000000,1,,BSE,1.000000,0,False
976300,950IFSL26C,950IFSL26C,,-1.000000,1,,BSE,1.000000,0,False
976336,101ICFL27,101ICFL27,,-1.000000,1,,BSE,1.000000,0,False
976355,12AFIL30,12AFIL30,,-1.000000,1,,BSE,1.000000,0,False
543994,JSWINFRA,JSWINFRA,,-1.000000,1,,BSE,5.000000,0,False
543996,UDS,UDS,,-1.000000,1,,BSE,5.000000,0,False
544001,SUNITATOOL,SUNITATOOL,,-1.000000,125,,BSE,5.000000,0,False
544002,VIVAA,VIVAA,,-1.000000,2000,,BSE,5.000000,0,False
800623,GS15OCT34C,GS15OCT34C,,-1.000000,1,,BSE,1.000000,0,False
800629,GS15OCT37C,GS15OCT37C,,-1.000000,1,,BSE,1.000000,0,False
800642,GS15OCT33C,GS15OCT33C,,-1.000000,1,,BSE,1.000000,0,False
800655,723GS2039,723GS2039,,-1.000000,1,,BSE,5.000000,0,False
976369,98AFPL28,98AFPL28,,-1.000000,1,,BSE,1.000000,0,False
976374,0NHIT35,0NHIT35,,-1.000000,1,,BSE,1.000000,0,False
976390,93HLFL35,93HLFL35,,-1.000000,1,,BSE,1.000000,0,False
976395,9CFSL35,9CFSL35,,-1.000000,1,,BSE,1.000000,0,False
544015,MISHDESIGN,MISHDESIGN,,-1.000000,500,,BSE,1.000000,0,False
544042,BAJEL,BAJEL,,-1.000000,1,,BSE,5.000000,0,False
544055,MUTHOOTMF,MUTHOOTMF,,-1.000000,1,,BSE,5.000000,0,False
544081,JYOTICNC,JYOTICNC,,-1.000000,1,,BSE,5.000000,0,False
544601,CHOICEGOLD,CHOICEGOLD,,-1.000000,1,,BSE,1.000000,0,False
544607,SHTL,SHTL,,-1.000000,1200,,BSE,1.000000,0,False
544614,CAPILLARY,CAPILLARY,,-1.000000,1,,BSE,5.000000,0,False
544622,KWIL,KWIL,,-1.000000,1,,BSE,1.000000,0,False
800687,GS22APR44,GS22APR44,,-1.000000,1,,BSE,1.000000,0,False
800700,GS22APR37,GS22APR37,,-1.000000,1,,BSE,1.000000,0,False
800702,GS22APR39,GS22APR39,,-1.000000,1,,BSE,1.000000,0,False
800718,GS12JUN49,GS12JUN49,,-1.000000,1,,BSE,1.000000,0,False
976450,1325LFL26A,1325LFL26A,,-1.000000,1,,BSE,1.000000,0,False
976406,781IHFCL28,781IHFCL28,,-1.000000,1,,BSE,1.000000,0,False
976409,11SHFL27,11SHFL27,,-1.000000,1,,BSE,1.000000,0,False
976445,EFCL250225,EFCL250225,,-1.000000,1,,BSE,1.000000,0,False
544632,MEESHO,MEESHO,,-1.000000,1,,BSE,5.000000,0,False
544635,LUXURY,LUXURY,,-1.000000,1600,,BSE,1.000000,0,False
544641,KVTOYS,KVTOYS,,-1.000000,600,,BSE,5.000000,0,False
544642,WAKEFIT,WAKEFIT,,-1.000000,1,,BSE,5.000000,0,False
800725,GS06NOV33,GS06NOV33,,-1.000000,1,,BSE,1.000000,0,False
800730,GS06NOV47,GS06NOV47,,-1.000000,1,,BSE,1.000000,0,False
800734,GS06NOV48,GS06NOV48,,-1.000000,1,,BSE,1.000000,0,False
800753,GS06NOV52,GS06NOV52,,-1.000000,1,,BSE,1.000000,0,False
544092,NIFTYBETF,NIFTYBETF,,-1.000000,1,,BSE,1.000000,0,False
544102,ITBETA,ITBETA,,-1.000000,1,,BSE,1.000000,0,False
544118,JSFB,JSFB,,-1.000000,1,,BSE,5.000000,0,False
544120,CAPITALSFB,CAPITALSFB,,-1.000000,1,,BSE,5.000000,0,False
976451,995HFSPL28,995HFSPL28,,-1.000000,1,,BSE,1.000000,0,False
976472,930IG04128,930IG04128,,-1.000000,1,,BSE,1.000000,0,False
976479,11IML2026,11IML2026,,-1.000000,1,,BSE,1.000000,0,False
976481,895AFIP29,895AFIP29,,-1.000000,1,,BSE,1.000000,0,False
800763,GS06MAY73,GS06MAY73,,-1.000000,1,,BSE,1.000000,0,False
800775,GS06NOV58,GS06NOV58,,-1.000000,1,,BSE,1.000000,0,False
800776,GS06MAY64,GS06MAY64,,-1.000000,1,,BSE,1.000000,0,False
800778,GS06MAY59,GS06MAY59,,-1.000000,1,,BSE,1.000000,0,False
976499,925ARFL35,925ARFL35,,-1.000000,1,,BSE,1.000000,0,False
976502,80208ABC30,80208ABC30,,-1.000000,1,,BSE,1.000000,0,False
976505,732RL35,732RL35,,-1.000000,1,,BSE,1.000000,0,False
976511,975OFSL27A,975OFSL27A,,-1.000000,1,,BSE,1.000000,0,False
544123,LICNMID100,LICNMID100,,-1.000000,1,,BSE,1.000000,0,False
544134,PLATIND,PLATIND,,-1.000000,1,,BSE,5.000000,0,False
544137,INDUSINVIT,INDUSINVIT,,-1.000000,1,,BSE,1.000000,0,False
544151,CHATHA,CHATHA,,-1.000000,1000,,BSE,5.000000,0,False
544650,TSIFDIR,TSIFDIR,,-1.000000,1,,BSE,1.000000,0,False
544666,GKSL,GKSL,,-1.000000,1,,BSE,5.000000,0,False
544667,DACHEPALLI,DACHEPALLI,,-1.000000,1200,,BSE,1.000000,0,False
544678,BHARATCOAL,BHARATCOAL,,-1.000000,1,,BSE,1.000000,0,False
800779,GS06NOV64,GS06NOV64,,-1.000000,1,,BSE,1.000000,0,False
800789,GS06NOV68,GS06NOV68,,-1.000000,1,,BSE,1.000000,0,False
800794,GS06MAY71,GS06MAY71,,-1.000000,1,,BSE,1.000000,0,False
800808,690GOI65,690GOI65,,-1.000000,1,,BSE,1.000000,0,False
544683,ARITAS,ARITAS,,-1.000000,3000,,BSE,1.000000,0,False
544692,ARSIFHRHD,ARSIFHRHD,,-1.000000,1,,BSE,1.000000,0,False
544698,PANHR,PANHR,,-1.000000,1600,,BSE,1.000000,0,False
544711,KIAASA,KIAASA,,-1.000000,1000,,BSE,1.000000,0,False
976522,1225BRFL27,1225BRFL27,,-1.000000,1,,BSE,1.000000,0,False
976525,MFSL210325,MFSL210325,,-1.000000,1,,BSE,1.000000,0,False
976537,12AFIL27A,12AFIL27A,,-1.000000,1,,BSE,1.000000,0,False
976554,949KIIF34,949KIIF34,,-1.000000,1,,BSE,1.000000,0,False
800815,743GOI2076,743GOI2076,,-1.000000,1,,BSE,1.000000,0,False
805144,364T121126,364T121126,,-1.000000,1,,BSE,1.000000,0,False
805165,364TB70127,364TB70127,,-1.000000,1,,BSE,1.000000,0,False
805168,364TB15127,364TB15127,,-1.000000,1,,BSE,1.000000,0,False
544173,FTL,FTL,,-1.000000,1000,,BSE,1.000000,0,False
544192,IXIGO,IXIGO,,-1.000000,1,,BSE,5.000000,0,False
544200,AFIL,AFIL,,-1.000000,1,,BSE,1.000000,0,False
544229,METALIETF,METALIETF,,-1.000000,1,,BSE,1.000000,0,False
544745,SBINMID150,SBINMID150,,-1.000000,1,,BSE,1.000000,0,False
544747,EMIAC,EMIAC,,-1.000000,1200,,BSE,1.000000,0,False
544774,SMR,SMR,,-1.000000,1000,,BSE,1.000000,0,False
544780,VAML,VAML,,-1.000000,1,,BSE,5.000000,0,False
976570,975KFIL27,975KFIL27,,-1.000000,1,,BSE,1.000000,0,False
976575,975OFSL28,975OFSL28,,-1.000000,1,,BSE,1.000000,0,False
976602,78618ABH28,78618ABH28,,-1.000000,1,,BSE,1.000000,0,False
976630,731IHFCL27,731IHFCL27,,-1.000000,1,,BSE,1.000000,0,False
544230,SSDL,SSDL,,-1.000000,1,,BSE,1.000000,0,False
544231,BROACH,BROACH,,-1.000000,6000,,BSE,1.000000,0,False
544259,PFL,PFL,,-1.000000,3000,,BSE,1.000000,0,False
544260,NORTHARC,NORTHARC,,-1.000000,1,,BSE,5.000000,0,False
544785,HEXAGON,HEXAGON,,-1.000000,1,,BSE,1.000000,0,False
544786,SELECTRIC,SELECTRIC,,-1.000000,1,,BSE,5.000000,0,False
544791,PHLSDDI,PHLSDDI,,-1.000000,1,,BSE,1.000000,0,False
544805,JIVIAL,JIVIAL,,-1.000000,600,,BSE,1.000000,0,False
805192,364TB11327,364TB11327,,-1.000000,1,,BSE,1.000000,0,False
805197,182TB25926,182TB25926,,-1.000000,1,,BSE,1.000000,0,False
805227,182T101226,182T101226,,-1.000000,1,,BSE,1.000000,0,False
805238,91TB081026,91TB081026,,-1.000000,1,,BSE,1.000000,0,False
976635,810AHFL28,810AHFL28,,-1.000000,1,,BSE,1.000000,0,False
976658,1020PLF29,1020PLF29,,-1.000000,100000,,BSE,1.000000,0,False
976660,985ACAP26,985ACAP26,,-1.000000,1,,BSE,1.000000,0,False
976662,1135STA27,1135STA27,,-1.000000,100000,,BSE,1.000000,0,False
544261,ARKADE,ARKADE,,-1.000000,1,,BSE,5.000000,0,False
544304,JUNGLECAMP,JUNGLECAMP,,-1.000000,1600,,BSE,1.000000,0,False
544310,YASHHV,YASHHV,,-1.000000,250,,BSE,5.000000,0,False
544323,CONSUMER,CONSUMER,,-1.000000,1,,BSE,1.000000,0,False
976668,686NHPCL31,686NHPCL31,,-1.000000,1,,BSE,1.000000,0,False
976676,803ABCL35,803ABCL35,,-1.000000,1,,BSE,1.000000,0,False
976680,930PFL27A,930PFL27A,,-1.000000,1,,BSE,1.000000,0,False
976681,919PFL28,919PFL28,,-1.000000,1,,BSE,1.000000,0,False
544362,HEXT,HEXT,,-1.000000,1,,BSE,5.000000,0,False
544819,INSIFHLSRD,INSIFHLSRD,,-1.000000,1,,BSE,1.000000,0,False
544821,KUSUMGAR,KUSUMGAR,,-1.000000,1,,BSE,5.000000,0,False
544834,GULFLLOYDS,GULFLLOYDS,,-1.000000,1200,,BSE,1.000000,0,False
544850,AARVI,AARVI,,-1.000000,1,,BSE,5.000000,0,False
805246,364TB22727,364TB22727,,-1.000000,1,,BSE,1.000000,0,False
805249,364TB29727,364TB29727,,-1.000000,1,,BSE,1.000000,0,False
805255,364TB12827,364TB12827,,-1.000000,1,,BSE,1.000000,0,False
805258,91TB191126,91TB191126,,-1.000000,1,,BSE,1.000000,0,False
544335,BRGIL,BRGIL,,-1.000000,1000,,BSE,5.000000,0,False
544339,LAXMIDENTL,LAXMIDENTL,,-1.000000,1,,BSE,5.000000,0,False
544356,AJAXENGG,AJAXENGG,,-1.000000,1,,BSE,5.000000,0,False
976687,145DKGF35,145DKGF35,,-1.000000,1,,BSE,1.000000,0,False
976689,704IIT28,704IIT28,,-1.000000,1,,BSE,1.000000,0,False
976691,720MBPR30,720MBPR30,,-1.000000,1,,BSE,1.000000,0,False
976694,719JCL28,719JCL28,,-1.000000,1,,BSE,1.000000,0,False
544366,LKMEHTA,LKMEHTA,,-1.000000,1600,,BSE,1.000000,0,False
544373,NAPSGLOBAL,NAPSGLOBAL,,-1.000000,1600,,BSE,1.000000,0,False
544386,SPECTRUM,SPECTRUM,,-1.000000,1,,BSE,5.000000,0,False
544388,IDENTIXWEB,IDENTIXWEB,,-1.000000,2000,,BSE,1.000000,0,False
805267,364TB09927,364TB09927,,-1.000000,1,,BSE,1.000000,0,False
810574,775GUJ2028,775GUJ2028,,-1.000000,1,,BSE,5.000000,0,False
810575,771GUJ2027,771GUJ2027,,-1.000000,1,,BSE,5.000000,0,False
810583,775GUJ2027,775GUJ2027,,-1.000000,1,,BSE,1.000000,0,False
544859,GVELECTRIC,GVELECTRIC,,-1.000000,1000,,BSE,5.000000,0,False
544870,BLEL,BLEL,,-1.000000,1,,BSE,5.000000,0,False
544888,AUGMONT,AUGMONT,,-1.000000,1,,BSE,5.000000,0,False
544897,PALUCK,PALUCK,,-1.000000,3000,,BSE,1.000000,0,False
976698,OPL16525,OPL16525,,-1.000000,1,,BSE,1.000000,0,False
976699,721EOPR28,721EOPR28,,-1.000000,1,,BSE,1.000000,0,False
976700,722EOPR28,722EOPR28,,-1.000000,1,,BSE,1.000000,0,False
976710,664PFCL30,664PFCL30,,-1.000000,1,,BSE,1.000000,0,False
810616,84RAJ2029,84RAJ2029,,-1.000000,1,,BSE,5.000000,0,False
810618,818TN2028,818TN2028,,-1.000000,1,,BSE,5.000000,0,False
810631,717KA29,717KA29,,-1.000000,1,,BSE,5.000000,0,False
810635,76MH30,76MH30,,-1.000000,1,,BSE,5.000000,0,False
544391,RETAGGIO,RETAGGIO,,-1.000000,3000,,BSE,1.000000,0,False
544402,JASH,JASH,,-1.000000,1,,BSE,5.000000,0,False
544405,BELRISE,BELRISE,,-1.000000,1,,BSE,5.000000,0,False
544410,PROSTARM,PROSTARM,,-1.000000,1,,BSE,5.000000,0,False
544898,ESDS,ESDS,,-1.000000,1,,BSE,5.000000,0,False
544909,PRANAV,PRANAV,,-1.000000,1,,BSE,5.000000,0,False
590057,EQUIPPP,EQUIPPP,,-1.000000,1,,BSE,1.000000,0,False
590070,RADAAN,RADAAN,,-1.000000,1,,BSE,1.000000,0,False
976723,741HDBFS30,741HDBFS30,,-1.000000,1,,BSE,1.000000,0,False
976726,960ICFL27,960ICFL27,,-1.000000,1,,BSE,1.000000,0,False
976727,1075MML027,1075MML027,,-1.000000,1,,BSE,1.000000,0,False
976734,708JCL28,708JCL28,,-1.000000,1,,BSE,1.000000,0,False
810653,654GJ30,654GJ30,,-1.000000,1,,BSE,1.000000,0,False
810658,739MAHSDL30,739MAHSDL30,,-1.000000,1,,BSE,1.000000,0,False
810668,675KA33,675KA33,,-1.000000,1,,BSE,1.000000,0,False
810677,675KA33A,675KA33A,,-1.000000,1,,BSE,1.000000,0,False
976738,647IRFC28,647IRFC28,,-1.000000,1,,BSE,1.000000,0,False
976756,VL050625,VL050625,,-1.000000,1,,BSE,1.000000,0,False
976761,776AHFL28,776AHFL28,,-1.000000,1,,BSE,1.000000,0,False
976774,659PFCL30,659PFCL30,,-1.000000,1,,BSE,1.000000,0,False
544414,BLUSPRING,BLUSPRING,,-1.000000,1,,BSE,5.000000,0,False
544424,GLOBECIVIL,GLOBECIVIL,,-1.000000,1,,BSE,1.000000,0,False
544428,SEVL,SEVL,,-1.000000,1200,,BSE,1.000000,0,False
544436,VANDAN,VANDAN,,-1.000000,1200,,BSE,1.000000,0,False
590072,SUNDRMBRAK,SUNDRMBRAK,,-1.000000,1,,BSE,5.000000,0,False
590095,GOLDBEES,GOLDBEES,,-1.000000,1,,BSE,1.000000,0,False
590096,LIQUIDBEES,LIQUIDBEES,,-1.000000,1,,BSE,1.000000,0,False
590136,BANKNIFTY1,BANKNIFTY1,,-1.000000,1,,BSE,1.000000,0,False
810679,64GJ30A,64GJ30A,,-1.000000,1,,BSE,1.000000,0,False
810683,669KA37,669KA37,,-1.000000,1,,BSE,5.000000,0,False
810699,657TN31,657TN31,,-1.000000,1,,BSE,1.000000,0,False
810721,678RJ31,678RJ31,,-1.000000,1,,BSE,1.000000,0,False
976779,637RECL27,637RECL27,,-1.000000,1,,BSE,1.000000,0,False
976786,JSWEL12625,JSWEL12625,,-1.000000,1,,BSE,1.000000,0,False
976787,12MFLPERC,12MFLPERC,,-1.000000,1,,BSE,1.000000,0,False
976792,960OFSL27,960OFSL27,,-1.000000,1,,BSE,1.000000,0,False
810742,689MH32,689MH32,,-1.000000,1,,BSE,1.000000,0,False
810750,695GJ31,695GJ31,,-1.000000,1,,BSE,1.000000,0,False
810775,686AP35,686AP35,,-1.000000,1,,BSE,1.000000,0,False
810786,696TN51,696TN51,,-1.000000,1,,BSE,1.000000,0,False
544457,BRIGHOTEL,BRIGHOTEL,,-1.000000,1,,BSE,1.000000,0,False
544464,UML,UML,,-1.000000,2000,,BSE,1.000000,0,False
544472,MEHUL,MEHUL,,-1.000000,1600,,BSE,1.000000,0,False
544487,PATELRMART,PATELRMART,,-1.000000,1,,BSE,5.000000,0,False
590146,MOGOLD,MOGOLD,,-1.000000,1,,BSE,1.000000,0,False
730758,SCSL121225,SCSL121225,,-1.000000,1,,BSE,1.000000,0,False
730777,IFP151225,IFP151225,,-1.000000,1,,BSE,1.000000,0,False
730939,JBCIP20126,JBCIP20126,,-1.000000,1,,BSE,1.000000,0,False
976795,915BML27,915BML27,,-1.000000,1,,BSE,1.000000,0,False
976798,SCKL13625A,SCKL13625A,,-1.000000,1,,BSE,1.000000,0,False
976799,1125IML027,1125IML027,,-1.000000,1,,BSE,1.000000,0,False
976808,1075NFL28,1075NFL28,,-1.000000,1,,BSE,1.000000,0,False
810801,683TN31A,683TN31A,,-1.000000,1,,BSE,1.000000,0,False
810808,704TN30,704TN30,,-1.000000,1,,BSE,1.000000,0,False
810814,733MP42,733MP42,,-1.000000,1,,BSE,1.000000,0,False
810842,778AP41,778AP41,,-1.000000,1,,BSE,1.000000,0,False
976814,94ISCFL27,94ISCFL27,,-1.000000,1,,BSE,1.000000,0,False
976818,950SCL30,950SCL30,,-1.000000,1,,BSE,1.000000,0,False
976819,975SCL35,975SCL35,,-1.000000,1,,BSE,1.000000,0,False
976866,865AKCFL28,865AKCFL28,,-1.000000,1,,BSE,1.000000,0,False
544493,MANUFGBEES,MANUFGBEES,,-1.000000,1,,BSE,1.000000,0,False
544499,CPEDU,CPEDU,,-1.000000,1,,BSE,5.000000,0,False
544508,VASHISHTHA,VASHISHTHA,,-1.000000,1200,,BSE,1.000000,0,False
544509,KRUPALU,KRUPALU,,-1.000000,1600,,BSE,1.000000,0,False
730947,NWAL200126,NWAL200126,,-1.000000,1,,BSE,1.000000,0,False
730965,BGHPL27126,BGHPL27126,,-1.000000,1,,BSE,1.000000,0,False
730976,NWL270126A,NWL270126A,,-1.000000,1,,BSE,1.000000,0,False
730978,OWL270126,OWL270126,,-1.000000,1,,BSE,1.000000,0,False
810845,763AP30,763AP30,,-1.000000,1,,BSE,1.000000,0,False
810864,787TN33,787TN33,,-1.000000,1,,BSE,1.000000,0,False
810865,78GJ32A,78GJ32A,,-1.000000,1,,BSE,5.000000,0,False
810883,746TS48,746TS48,,-1.000000,1,,BSE,1.000000,0,False
976871,1125BFL27,1125BFL27,,-1.000000,1,,BSE,1.000000,0,False
976875,10KFL2027,10KFL2027,,-1.000000,1,,BSE,1.000000,0,False
976897,1062KFL27A,1062KFL27A,,-1.000000,1,,BSE,1.000000,0,False
976913,1162LVJ025,1162LVJ025,,-1.000000,1,,BSE,1.000000,0,False
544511,KARBON,KARBON,,-1.000000,800,,BSE,5.000000,0,False
544512,SHRINGARMS,SHRINGARMS,,-1.000000,1,,BSE,5.000000,0,False
544515,URBANCO,URBANCO,,-1.000000,1,,BSE,5.000000,0,False
544520,SAMPAT,SAMPAT,,-1.000000,1200,,BSE,1.000000,0,False
731009,NWF030226,NWF030226,,-1.000000,1,,BSE,1.000000,0,False
731036,OPL60226,OPL60226,,-1.000000,1,,BSE,1.000000,0,False
731042,KMPL09226,KMPL09226,,-1.000000,1,,BSE,1.000000,0,False
731162,JEL230226,JEL230226,,-1.000000,1,,BSE,1.000000,0,False
810893,781GJ32,781GJ32,,-1.000000,1,,BSE,1.000000,0,False
810900,783TN42,783TN42,,-1.000000,1,,BSE,1.000000,0,False
810915,76KA32,76KA32,,-1.000000,1,,BSE,1.000000,0,False
810917,76KA33,76KA33,,-1.000000,1,,BSE,1.000000,0,False
976922,1210NFL29,1210NFL29,,-1.000000,1,,BSE,1.000000,0,False
976944,759GHFL27,759GHFL27,,-1.000000,1,,BSE,1.000000,0,False
976960,925VFIP27,925VFIP27,,-1.000000,1,,BSE,1.000000,0,False
976969,975MFSL27,975MFSL27,,-1.000000,1,,BSE,1.000000,0,False
544523,IVALUE,IVALUE,,-1.000000,1,,BSE,5.000000,0,False
544530,ARSSBL,ARSSBL,,-1.000000,1,,BSE,5.000000,0,False
544532,SOLARWORLD,SOLARWORLD,,-1.000000,1,,BSE,5.000000,0,False
544537,JAINREC,JAINREC,,-1.000000,1,,BSE,5.000000,0,False
976978,980NJCPL28,980NJCPL28,,-1.000000,1,,BSE,1.000000,0,False
976986,20KFMSPL29,20KFMSPL29,,-1.000000,1,,BSE,1.000000,0,False
977015,698PGCIL35,698PGCIL35,,-1.000000,1,,BSE,1.000000,0,False
977040,1095MBFL27,1095MBFL27,,-1.000000,1,,BSE,1.000000,0,False
731201,FFS250226,FFS250226,,-1.000000,1,,BSE,1.000000,0,False
731206,OPL260226,OPL260226,,-1.000000,1,,BSE,1.000000,0,False
731216,AFL270226,AFL270226,,-1.000000,1,,BSE,1.000000,0,False
731223,FFSL270226,FFSL270226,,-1.000000,1,,BSE,1.000000,0,False
810944,761TS44,761TS44,,-1.000000,1,,BSE,1.000000,0,False
810954,744HR32,744HR32,,-1.000000,1,,BSE,1.000000,0,False
810956,733MH31,733MH31,,-1.000000,1,,BSE,1.000000,0,False
811009,745APSDL33,745APSDL33,,-1.000000,1,,BSE,1.000000,0,False
544538,PRARUH,PRARUH,,-1.000000,2000,,BSE,5.000000,0,False
544550,PACEDIGITK,PACEDIGITK,,-1.000000,1,,BSE,5.000000,0,False
544551,BHAVIK,BHAVIK,,-1.000000,1000,,BSE,5.000000,0,False
544558,FABTECH,FABTECH,,-1.000000,1,,BSE,5.000000,0,False
977064,91MFSL27,91MFSL27,,-1.000000,1,,BSE,1.000000,0,False
977096,1475ACAP27,1475ACAP27,,-1.000000,1,,BSE,1.000000,0,False
977148,744GSFP28,744GSFP28,,-1.000000,1,,BSE,1.000000,0,False
977159,99SRFCPL27,99SRFCPL27,,-1.000000,1,,BSE,1.000000,0,False
811022,733KRSDL54,733KRSDL54,,-1.000000,1,,BSE,1.000000,0,False
811025,733MHSDL44,733MHSDL44,,-1.000000,1,,BSE,1.000000,0,False
811032,726MPSDL38,726MPSDL38,,-1.000000,1,,BSE,1.000000,0,False
811046,712TNSDL34,712TNSDL34,,-1.000000,1,,BSE,1.000000,0,False
544563,ZELIO,ZELIO,,-1.000000,500,,BSE,5.000000,0,False
544565,VALPLAST,VALPLAST,,-1.000000,2000,,BSE,1.000000,0,False
544575,MITTALSTL,MITTALSTL,,-1.000000,1000,,BSE,1.000000,0,False
544585,SIHORA,SIHORA,,-1.000000,2000,,BSE,1.000000,0,False
731237,IFPL2326,IFPL2326,,-1.000000,1,,BSE,1.000000,0,False
731259,NWIL050326,NWIL050326,,-1.000000,1,,BSE,1.000000,0,False
731285,NWML090326,NWML090326,,-1.000000,1,,BSE,1.000000,0,False
731299,BGHP11326,BGHP11326,,-1.000000,1,,BSE,1.000000,0,False
811060,714MHSDL39,714MHSDL39,,-1.000000,1,,BSE,1.000000,0,False
811066,712MHSDL47,712MHSDL47,,-1.000000,1,,BSE,1.000000,0,False
811083,707GJSDL32,707GJSDL32,,-1.000000,1,,BSE,1.000000,0,False
811089,746TMSDL55,746TMSDL55,,-1.000000,1,,BSE,1.000000,0,False
977167,722AFL27,722AFL27,,-1.000000,1,,BSE,1.000000,0,False
977169,1095SFLD27,1095SFLD27,,-1.000000,1,,BSE,1.000000,0,False
977172,1075MML27A,1075MML27A,,-1.000000,1,,BSE,1.000000,0,False
977198,0IFL29,0IFL29,,-1.000000,1,,BSE,1.000000,0,False
731325,BGHPL12326,BGHPL12326,,-1.000000,1,,BSE,1.000000,0,False
731347,MFL13326,MFL13326,,-1.000000,1,,BSE,1.000000,0,False
731351,MSFL13326,MSFL13326,,-1.000000,1,,BSE,1.000000,0,False
731475,TFL150426,TFL150426,,-1.000000,1,,BSE,1.000000,0,False
544586,NIFTYCASE,NIFTYCASE,,-1.000000,1,,BSE,1.000000,0,False
544587,MIDWESTLTD,MIDWESTLTD,,-1.000000,1,,BSE,5.000000,0,False
544598,ACCURACY,ACCURACY,,-1.000000,1,,BSE,1.000000,0,False
544655,MIDCAPADD,MIDCAPADD,,-1.000000,1,,BSE,1.000000,0,False
811091,744TLSDL56,744TLSDL56,,-1.000000,1,,BSE,1.000000,0,False
811098,743MHSDL40,743MHSDL40,,-1.000000,1,,BSE,1.000000,0,False
811099,759WBSDL47,759WBSDL47,,-1.000000,1,,BSE,1.000000,0,False
811108,75TNSDL37,75TNSDL37,,-1.000000,1,,BSE,1.000000,0,False
977201,916INDIG29,916INDIG29,,-1.000000,1,,BSE,1.000000,0,False
977202,IFSL81025,IFSL81025,,-1.000000,1,,BSE,1.000000,0,False
977203,875PFL27,875PFL27,,-1.000000,1,,BSE,1.000000,0,False
977211,855AML27,855AML27,,-1.000000,1,,BSE,1.000000,0,False
731512,CFSL200426,CFSL200426,,-1.000000,1,,BSE,1.000000,0,False
731534,IFSL23426,IFSL23426,,-1.000000,1,,BSE,1.000000,0,False
731549,MBPR240426,MBPR240426,,-1.000000,1,,BSE,1.000000,0,False
731586,DFPL040526,DFPL040526,,-1.000000,1,,BSE,1.000000,0,False
544662,SIMANDHAR,SIMANDHAR,,-1.000000,1,,BSE,5.000000,0,False
544665,GLOBALLOG,GLOBALLOG,,-1.000000,1600,,BSE,5.000000,0,False
544668,NANTA,NANTA,,-1.000000,600,,BSE,5.000000,0,False
544671,ATIL,ATIL,,-1.000000,1000,,BSE,5.000000,0,False
811121,748MHSDL37,748MHSDL37,,-1.000000,1,,BSE,1.000000,0,False
811138,756APSDL39,756APSDL39,,-1.000000,1,,BSE,1.000000,0,False
811139,764TSSDL44,764TSSDL44,,-1.000000,1,,BSE,1.000000,0,False
811148,751GJSDL38,751GJSDL38,,-1.000000,1,,BSE,1.000000,0,False
977213,719KMIL28,719KMIL28,,-1.000000,1,,BSE,1.000000,0,False
977219,745BFL35,745BFL35,,-1.000000,1,,BSE,1.000000,0,False
977222,696IT45,696IT45,,-1.000000,1,,BSE,1.000000,0,False
977223,73IT2045,73IT2045,,-1.000000,1,,BSE,1.000000,0,False
731604,NWIL60526,NWIL60526,,-1.000000,1,,BSE,1.000000,0,False
731680,360OW15526,360OW15526,,-1.000000,1,,BSE,1.000000,0,False
731701,MML190526,MML190526,,-1.000000,1,,BSE,1.000000,0,False
731719,IFSL21526,IFSL21526,,-1.000000,1,,BSE,1.000000,0,False
811152,779UPSDL51,779UPSDL51,,-1.000000,1,,BSE,1.000000,0,False
929009,85LMC27,85LMC27,,-1.000000,7,,BSE,1.000000,0,False
929022,79VMC29,79VMC29,,-1.000000,1,,BSE,1.000000,0,False
929027,785PCMC29,785PCMC29,,-1.000000,1,,BSE,1.000000,0,False
544697,ISIFHLSDG,ISIFHLSDG,,-1.000000,1,,BSE,1.000000,0,False
544721,GROWWHOSPI,GROWWHOSPI,,-1.000000,1,,BSE,1.000000,0,False
544724,ELFIN,ELFIN,,-1.000000,3000,,BSE,5.000000,0,False
544725,BANK10ADD,BANK10ADD,,-1.000000,1,,BSE,1.000000,0,False
935508,727PFCL30,727PFCL30,,-1.000000,1,,BSE,1.000000,0,False
935582,735NHAI31,735NHAI31,,-1.000000,1,,BSE,1.000000,0,False
935614,743IREDA36,743IREDA36,,-1.000000,1,,BSE,1.000000,0,False
935618,774IREDA31,774IREDA31,,-1.000000,1,,BSE,1.000000,0,False
977257,753GWHP39,753GWHP39,,-1.000000,1,,BSE,1.000000,0,False
977260,13ACAPL28,13ACAPL28,,-1.000000,1,,BSE,1.000000,0,False
977266,NWFL301025,NWFL301025,,-1.000000,1,,BSE,1.000000,0,False
977281,1165UCL31A,1165UCL31A,,-1.000000,1,,BSE,1.000000,0,False
731923,SCSL160626,SCSL160626,,-1.000000,1,,BSE,1.000000,0,False
731925,BFL160626,BFL160626,,-1.000000,1,,BSE,1.000000,0,False
731926,SCSIL17626,SCSIL17626,,-1.000000,1,,BSE,1.000000,0,False
731930,NFL170626,NFL170626,,-1.000000,1,,BSE,1.000000,0,False
977315,1115FFSL27,1115FFSL27,,-1.000000,1,,BSE,1.000000,0,False
977324,795AVHFL30,795AVHFL30,,-1.000000,1,,BSE,1.000000,0,False
977347,1175MGFL30,1175MGFL30,,-1.000000,1,,BSE,1.000000,0,False
977374,837CFSL28,837CFSL28,,-1.000000,1,,BSE,1.000000,0,False
544737,VALUE,VALUE,,-1.000000,1,,BSE,1.000000,0,False
544741,HIGHNESS,HIGHNESS,,-1.000000,1200,,BSE,5.000000,0,False
544749,ARSIFHDAD,ARSIFHDAD,,-1.000000,1,,BSE,1.000000,0,False
544750,OMPOWER,OMPOWER,,-1.000000,1,,BSE,5.000000,0,False
936042,790MMFSL27,790MMFSL27,,-1.000000,1,,BSE,1.000000,0,False
936046,795MMFSL32,795MMFSL32,,-1.000000,1,,BSE,1.000000,0,False
936236,94SFL28,94SFL28,,-1.000000,1,,BSE,1.000000,0,False
936254,985ECL28,985ECL28,,-1.000000,1,,BSE,1.000000,0,False
731937,SIIL190626,SIIL190626,,-1.000000,1,,BSE,1.000000,0,False
731940,DAL18626,DAL18626,,-1.000000,1,,BSE,1.000000,0,False
731956,360OA19626,360OA19626,,-1.000000,1,,BSE,1.000000,0,False
731961,BFL19626,BFL19626,,-1.000000,1,,BSE,1.000000,0,False
977379,995MML28,995MML28,,-1.000000,1,,BSE,1.000000,0,False
977388,1125EGFS27,1125EGFS27,,-1.000000,1,,BSE,1.000000,0,False
977394,1050GFL27A,1050GFL27A,,-1.000000,1,,BSE,1.000000,0,False
977397,1065SRFC28,1065SRFC28,,-1.000000,1,,BSE,1.000000,0,False
936412,93MMFSL27,93MMFSL27,,-1.000000,1,,BSE,1.000000,0,False
936578,87LTF27,87LTF27,,-1.000000,1,,BSE,1.000000,0,False
936814,885TCAPS29,885TCAPS29,,-1.000000,1,,BSE,1.000000,0,False
937221,MMLZC27A,MMLZC27A,,-1.000000,1,,BSE,1.000000,0,False
544752,PSCELESTIA,PSCELESTIA,,-1.000000,1,,BSE,1.000000,0,False
544797,LESL,LESL,,-1.000000,6000,,BSE,1.000000,0,False
544802,CORDELIA,CORDELIA,,-1.000000,1,,BSE,5.000000,0,False
544806,CSM,CSM,,-1.000000,1,,BSE,1.000000,0,False
731979,KIL240626,KIL240626,,-1.000000,1,,BSE,1.000000,0,False
731982,DFPL230626,DFPL230626,,-1.000000,1,,BSE,1.000000,0,False
731985,MBPR240626,MBPR240626,,-1.000000,1,,BSE,1.000000,0,False
731992,KIL250626,KIL250626,,-1.000000,1,,BSE,1.000000,0,False
977400,EEL221225,EEL221225,,-1.000000,1,,BSE,1.000000,0,False
977402,122FCPL29,122FCPL29,,-1.000000,1,,BSE,1.000000,0,False
977404,11SSFL28A,11SSFL28A,,-1.000000,1,,BSE,1.000000,0,False
977411,11MGFLD27,11MGFLD27,,-1.000000,1,,BSE,1.000000,0,False
937333,MMLZC27C,MMLZC27C,,-1.000000,1,,BSE,1.000000,0,False
937529,79IGT28,79IGT28,,-1.000000,1,,BSE,1.000000,0,False
937617,KAFL28,KAFL28,,-1.000000,1,,BSE,1.000000,0,False
937623,IIFLZC28C,IIFLZC28C,,-1.000000,1,,BSE,1.000000,0,False
544840,SSPRL,SSPRL,,-1.000000,1000,,BSE,5.000000,0,False
544846,ELMDIV,ELMDIV,,-1.000000,1,,BSE,1.000000,0,False
544848,HRHYGIENE,HRHYGIENE,,-1.000000,1600,,BSE,1.000000,0,False
544852,ONEINDIG,ONEINDIG,,-1.000000,1200,,BSE,5.000000,0,False
977430,105SISL27,105SISL27,,-1.000000,1,,BSE,1.000000,0,False
977432,RROFSL28,RROFSL28,,-1.000000,1,,BSE,1.000000,0,False
977441,1150GFL27,1150GFL27,,-1.000000,1,,BSE,1.000000,0,False
977444,RRSGL30,RRSGL30,,-1.000000,1,,BSE,1.000000,0,False
731997,GIL250626,GIL250626,,-1.000000,1,,BSE,1.000000,0,False
732000,NST25626,NST25626,,-1.000000,1,,BSE,1.000000,0,False
732016,VCL29626,VCL29626,,-1.000000,1,,BSE,1.000000,0,False
732023,NFL300626,NFL300626,,-1.000000,1,,BSE,1.000000,0,False
937637,93EFSL31,93EFSL31,,-1.000000,1,,BSE,1.000000,0,False
937651,10MML27B,10MML27B,,-1.000000,1,,BSE,1.000000,0,False
937653,MMLZC28B,MMLZC28B,,-1.000000,1,,BSE,1.000000,0,False
937805,93EFSL31A,93EFSL31A,,-1.000000,1,,BSE,1.000000,0,False
544858,AEGEUS,AEGEUS,,-1.000000,1200,,BSE,5.000000,0,False
544860,ARDEE,ARDEE,,-1.000000,1,,BSE,1.000000,0,False
544866,MOLBIO,MOLBIO,,-1.000000,1,,BSE,5.000000,0,False
544877,TECHNOCRAT,TECHNOCRAT,,-1.000000,1000,,BSE,5.000000,0,False
977448,12AFIL31,12AFIL31,,-1.000000,1,,BSE,1.000000,0,False
977455,745KMPL31,745KMPL31,,-1.000000,1,,BSE,1.000000,0,False
977465,83710ABCPER,83710ABCPER,,-1.000000,1,,BSE,1.000000,0,False
977475,NWFL19126,NWFL19126,,-1.000000,1,,BSE,1.000000,0,False
937889,9MFL30,9MFL30,,-1.000000,1,,BSE,1.000000,0,False
938180,905SC24B,905SC24B,,-1.000000,1,,BSE,1.000000,0,False
732034,BFSL020726,BFSL020726,,-1.000000,1,,BSE,1.000000,0,False
732040,AFL3726,AFL3726,,-1.000000,1,,BSE,1.000000,0,False
732064,360OAAML27,360OAAML27,,-1.000000,1,,BSE,1.000000,0,False
732092,VCL140726,VCL140726,,-1.000000,1,,BSE,1.000000,0,False
937985,10SFL27,10SFL27,,-1.000000,1,,BSE,1.000000,0,False
938077,MFLVII27,MFLVII27,,-1.000000,1,,BSE,1.000000,0,False
977477,1075NFL28A,1075NFL28A,,-1.000000,1,,BSE,1.000000,0,False
977479,76101KMI29,76101KMI29,,-1.000000,1,,BSE,1.000000,0,False
977480,RRGHIAL41,RRGHIAL41,,-1.000000,1,,BSE,1.000000,0,False
977487,1175IML31,1175IML31,,-1.000000,1,,BSE,1.000000,0,False
544892,ENERGYAXIS,ENERGYAXIS,,-1.000000,1,,BSE,1.000000,0,False
544895,KWICK,KWICK,,-1.000000,1600,,BSE,1.000000,0,False
590013,XPROINDIA,XPROINDIA,,-1.000000,1,,BSE,5.000000,0,False
590021,BHARATRAS,BHARATRAS,,-1.000000,1,,BSE,5.000000,0,False
732097,IHFC16726,IHFC16726,,-1.000000,1,,BSE,1.000000,0,False
732108,BFSL17726,BFSL17726,,-1.000000,1,,BSE,1.000000,0,False
732109,AKCF170726,AKCF170726,,-1.000000,1,,BSE,1.000000,0,False
732164,KMPL280726,KMPL280726,,-1.000000,1,,BSE,1.000000,0,False
938198,1075KLM27,1075KLM27,,-1.000000,1,,BSE,1.000000,0,False
938220,1010EFSL32,1010EFSL32,,-1.000000,1,,BSE,1.000000,0,False
938268,MFLTDVII27,MFLTDVII27,,-1.000000,1,,BSE,1.000000,0,False
938366,1010EFS28A,1010EFS28A,,-1.000000,1,,BSE,1.000000,0,False
977511,14RFL27,14RFL27,,-1.000000,1,,BSE,1.000000,0,False
977516,11DKGFSP29,11DKGFSP29,,-1.000000,1,,BSE,1.000000,0,False
977518,11PPL27A,11PPL27A,,-1.000000,1,,BSE,1.000000,0,False
977530,11UFL27,11UFL27,,-1.000000,1,,BSE,1.000000,0,False
938386,IIFLZC28A,IIFLZC28A,,-1.000000,1,,BSE,1.000000,0,False
938426,870MFL27,870MFL27,,-1.000000,1,,BSE,1.000000,0,False
938428,880MFL28,880MFL28,,-1.000000,1,,BSE,1.000000,0,False
938436,785MFL28,785MFL28,,-1.000000,1,,BSE,1.000000,0,False
590030,SPIC,SPIC,,-1.000000,1,,BSE,1.000000,0,False
590031,DENORA,DENORA,,-1.000000,1,,BSE,5.000000,0,False
590071,SUNDARMFIN,SUNDARMFIN,,-1.000000,1,,BSE,5.000000,0,False
590104,JUNIORBEES,JUNIORBEES,,-1.000000,1,,BSE,1.000000,0,False
732172,NCSL270726,NCSL270726,,-1.000000,1,,BSE,1.000000,0,False
732173,FFSL270726,FFSL270726,,-1.000000,1,,BSE,1.000000,0,False
732179,PFL280726,PFL280726,,-1.000000,1,,BSE,1.000000,0,False
732180,ABHFL28726,ABHFL28726,,-1.000000,1,,BSE,1.000000,0,False
977533,780NFL36,780NFL36,,-1.000000,1,,BSE,1.000000,0,False
977534,1250ACAPL29,1250ACAPL29,,-1.000000,1,,BSE,1.000000,0,False
977536,75378KRT29,75378KRT29,,-1.000000,1,,BSE,1.000000,0,False
977559,1030EEL29,1030EEL29,,-1.000000,1,,BSE,1.000000,0,False
938490,971SCL28,971SCL28,,-1.000000,1,,BSE,1.000000,0,False
938530,10EFSL33,10EFSL33,,-1.000000,1,,BSE,1.000000,0,False
938568,88MFL28,88MFL28,,-1.000000,1,,BSE,1.000000,0,False
938578,MFL30A,MFL30A,,-1.000000,1,,BSE,1.000000,0,False
977564,104MFL33,104MFL33,,-1.000000,1,,BSE,1.000000,0,False
977569,NWFL20226,NWFL20226,,-1.000000,1,,BSE,1.000000,0,False
977598,1075SFL28A,1075SFL28A,,-1.000000,1,,BSE,1.000000,0,False
977608,1150PW2628,1150PW2628,,-1.000000,100000,,BSE,1.000000,0,False
590110,QNIFTY,QNIFTY,,-1.000000,1,,BSE,1.000000,0,False
590113,HNGSNGBEES,HNGSNGBEES,,-1.000000,1,,BSE,1.000000,0,False
590140,TATAGOLD,TATAGOLD,,-1.000000,1,,BSE,1.000000,0,False
590159,GROWWLIQID,GROWWLIQID,,-1.000000,1,,BSE,1.000000,0,False
732188,CGCL300726,CGCL300726,,-1.000000,1,,BSE,1.000000,0,False
732212,N18MI5826,N18MI5826,,-1.000000,1,,BSE,1.000000,0,False
732218,BFSL5826,BFSL5826,,-1.000000,1,,BSE,1.000000,0,False
732220,CGCL6826,CGCL6826,,-1.000000,1,,BSE,1.000000,0,False
938608,SFL30,SFL30,,-1.000000,1,,BSE,1.000000,0,False
938660,1010EFS28,1010EFS28,,-1.000000,1,,BSE,1.000000,0,False
938744,CAGL28,CAGL28,,-1.000000,1,,BSE,1.000000,0,False
938782,10NIDO33,10NIDO33,,-1.000000,1,,BSE,1.000000,0,False
977624,774AFL36,774AFL36,,-1.000000,1,,BSE,1.000000,0,False
977637,11HFL31A,11HFL31A,,-1.000000,1,,BSE,1.000000,0,False
977643,925PDL28,925PDL28,,-1.000000,1,,BSE,1.000000,0,False
977650,722ABLBL29,722ABLBL29,,-1.000000,1,,BSE,1.000000,0,False
715024,1PSL35,1PSL35,,-1.000000,1,,BSE,1.000000,0,False
730536,AEL111125,AEL111125,,-1.000000,1,,BSE,1.000000,0,False
730557,BFL121125,BFL121125,,-1.000000,1,,BSE,1.000000,0,False
730612,MML201125,MML201125,,-1.000000,1,,BSE,1.000000,0,False
977672,1350EIIL31,1350EIIL31,,-1.000000,1,,BSE,1.000000,0,False
977675,875VFIPL29,875VFIPL29,,-1.000000,1,,BSE,1.000000,0,False
977677,10SGHPL29A,10SGHPL29A,,-1.000000,1,,BSE,1.000000,0,False
977681,11KFL27,11KFL27,,-1.000000,1,,BSE,1.000000,0,False
732235,THDC6826,THDC6826,,-1.000000,1,,BSE,1.000000,0,False
732245,NFL070826,NFL070826,,-1.000000,1,,BSE,1.000000,0,False
732265,GFL110826,GFL110826,,-1.000000,1,,BSE,1.000000,0,False
732276,JBCPL13826,JBCPL13826,,-1.000000,1,,BSE,1.000000,0,False
938796,944MFL28A,944MFL28A,,-1.000000,1,,BSE,1.000000,0,False
938828,965SCL28C,965SCL28C,,-1.000000,1,,BSE,1.000000,0,False
938864,KFL28D,KFL28D,,-1.000000,1,,BSE,1.000000,0,False
938870,775MFLTD28,775MFLTD28,,-1.000000,1,,BSE,1.000000,0,False
730797,AFL171225,AFL171225,,-1.000000,1,,BSE,1.000000,0,False
730827,IFPL191225,IFPL191225,,-1.000000,1,,BSE,1.000000,0,False
730944,BGHP210126,BGHP210126,,-1.000000,1,,BSE,1.000000,0,False
731005,PFL020226,PFL020226,,-1.000000,1,,BSE,1.000000,0,False
977685,12KFL28A,12KFL28A,,-1.000000,1,,BSE,1.000000,0,False
977697,NWFL250326,NWFL250326,,-1.000000,1,,BSE,1.000000,0,False
977720,12SFL28,12SFL28,,-1.000000,1,,BSE,1.000000,0,False
977734,774KMPL29,774KMPL29,,-1.000000,1,,BSE,1.000000,0,False
938884,ABCL26,ABCL26,,-1.000000,1,,BSE,1.000000,0,False
938902,EFSLZC26C,EFSLZC26C,,-1.000000,1,,BSE,1.000000,0,False
938916,89MFL26,89MFL26,,-1.000000,1,,BSE,1.000000,0,False
938956,920PFL28,920PFL28,,-1.000000,1,,BSE,1.000000,0,False
731015,NWML040226,NWML040226,,-1.000000,1,,BSE,1.000000,0,False
731022,SCSL050226,SCSL050226,,-1.000000,1,,BSE,1.000000,0,False
731164,OPL20226,OPL20226,,-1.000000,1,,BSE,1.000000,0,False
731224,CFSL2326,CFSL2326,,-1.000000,1,,BSE,1.000000,0,False
732301,GFL140826,GFL140826,,-1.000000,1,,BSE,1.000000,0,False
977735,1090NFL28,1090NFL28,,-1.000000,1,,BSE,1.000000,0,False
977737,84308PFL36,84308PFL36,,-1.000000,1,,BSE,1.000000,0,False
977742,1175AFIL29A,1175AFIL29A,,-1.000000,1,,BSE,1.000000,0,False
977744,1250AFIL30A,1250AFIL30A,,-1.000000,1,,BSE,1.000000,0,False
732281,FFSL12826,FFSL12826,,-1.000000,1,,BSE,1.000000,0,False
732282,EOPR12826,EOPR12826,,-1.000000,1,,BSE,1.000000,0,False
732290,IHFC13826,IHFC13826,,-1.000000,1,,BSE,1.000000,0,False
939124,925SCL28B,925SCL28B,,-1.000000,1,,BSE,1.000000,0,False
939132,875SCL23A,875SCL23A,,-1.000000,1,,BSE,1.000000,0,False
939162,KFLZC27A,KFLZC27A,,-1.000000,1,,BSE,1.000000,0,False
939240,950MFL27A,950MFL27A,,-1.000000,1,,BSE,1.000000,0,False
977754,850MML28,850MML28,,-1.000000,1,,BSE,1.000000,0,False
977757,1175SFL27,1175SFL27,,-1.000000,1,,BSE,1.000000,0,False
977760,980AFPL31,980AFPL31,,-1.000000,1,,BSE,1.000000,0,False
977764,880LGS2329,880LGS2329,,-1.000000,100000,,BSE,1.000000,0,False
731287,IFPL09326,IFPL09326,,-1.000000,1,,BSE,1.000000,0,False
731301,PIIC110326,PIIC110326,,-1.000000,1,,BSE,1.000000,0,False
731305,IHPL11326,IHPL11326,,-1.000000,1,,BSE,1.000000,0,False
731377,GHFL20326,GHFL20326,,-1.000000,1,,BSE,1.000000,0,False
732313,SCCL140826,SCCL140826,,-1.000000,1,,BSE,1.000000,0,False
732332,DFPL180826,DFPL180826,,-1.000000,1,,BSE,1.000000,0,False
732345,DFPL190826,DFPL190826,,-1.000000,1,,BSE,1.000000,0,False
732359,SL200826,SL200826,,-1.000000,1,,BSE,1.000000,0,False
939260,1075IML27,1075IML27,,-1.000000,1,,BSE,1.000000,0,False
939349,940SCL27,940SCL27,,-1.000000,1,,BSE,1.000000,0,False
939363,925SCL29,925SCL29,,-1.000000,1,,BSE,1.000000,0,False
939371,957SCL31,957SCL31,,-1.000000,1,,BSE,1.000000,0,False
977765,975LGS2329,975LGS2329,,-1.000000,100000,,BSE,1.000000,0,False
977779,790BHFL31,790BHFL31,,-1.000000,1,,BSE,1.000000,0,False
977798,783BHFL29,783BHFL29,,-1.000000,1,,BSE,1.000000,0,False
977790,760KVTL27,760KVTL27,,-1.000000,1,,BSE,1.000000,0,False
731423,BHFL30326,BHFL30326,,-1.000000,1,,BSE,1.000000,0,False
731455,PDL100426,PDL100426,,-1.000000,1,,BSE,1.000000,0,False
731494,AEL17426,AEL17426,,-1.000000,1,,BSE,1.000000,0,False
731514,NFL200426,NFL200426,,-1.000000,1,,BSE,1.000000,0,False
732366,OAAML21826,OAAML21826,,-1.000000,1,,BSE,1.000000,0,False
732367,MFL210826,MFL210826,,-1.000000,1,,BSE,1.000000,0,False
732380,MFL240826,MFL240826,,-1.000000,1,,BSE,1.000000,0,False
732398,TSL270826,TSL270826,,-1.000000,1,,BSE,1.000000,0,False
939503,0MML29,0MML29,,-1.000000,1,,BSE,1.000000,0,False
939573,10IIFLSF27,10IIFLSF27,,-1.000000,1,,BSE,1.000000,0,False
939595,1026NHFL34,1026NHFL34,,-1.000000,1,,BSE,1.000000,0,False
939631,1049EFSL34,1049EFSL34,,-1.000000,1,,BSE,1.000000,0,False
732413,TCL280826,TCL280826,,-1.000000,1,,BSE,1.000000,0,False
732426,BFSL01926,BFSL01926,,-1.000000,1,,BSE,1.000000,0,False
732431,SL020926,SL020926,,-1.000000,1,,BSE,1.000000,0,False
732438,BFSL020926,BFSL020926,,-1.000000,1,,BSE,1.000000,0,False
957236,774PGCIL31,774PGCIL31,,-1.000000,1,,BSE,1.000000,0,False
957246,975ECLPER,975ECLPER,,-1.000000,1,,BSE,1.000000,0,False
977800,MMFSL19526,MMFSL19526,,-1.000000,1,,BSE,1.000000,0,False
977810,808BFL36,808BFL36,,-1.000000,1,,BSE,1.000000,0,False
731576,DAL300426,DAL300426,,-1.000000,1,,BSE,1.000000,0,False
731614,UCL070526,UCL070526,,-1.000000,1,,BSE,1.000000,0,False
731617,KMPL80526,KMPL80526,,-1.000000,1,,BSE,1.000000,0,False
731622,360OAA8526,360OAA8526,,-1.000000,1,,BSE,1.000000,0,False
939645,KFL070824A,KFL070824A,,-1.000000,1,,BSE,1.000000,0,False
939649,10KFL27A,10KFL27A,,-1.000000,1,,BSE,1.000000,0,False
939675,1025KAFL27,1025KAFL27,,-1.000000,1,,BSE,1.000000,0,False
939741,945MFCL29,945MFCL29,,-1.000000,1,,BSE,1.000000,0,False
957799,801REC28,801REC28,,-1.000000,1,,BSE,1.000000,0,False
957671,12MFL99,12MFL99,,-1.000000,2,,BSE,1.000000,0,False
957683,843SCL28A,843SCL28A,,-1.000000,1,,BSE,1.000000,0,False
957727,865ILFS28,865ILFS28,,-1.000000,1000,,BSE,1.000000,0,False
731748,MML26526,MML26526,,-1.000000,1,,BSE,1.000000,0,False
731756,NFL260526,NFL260526,,-1.000000,1,,BSE,1.000000,0,False
731759,OAAML26526,OAAML26526,,-1.000000,1,,BSE,1.000000,0,False
731822,BFL040626,BFL040626,,-1.000000,1,,BSE,1.000000,0,False
732442,SSL030926,SSL030926,,-1.000000,1,,BSE,1.000000,0,False
732446,SPTL040926,SPTL040926,,-1.000000,1,,BSE,1.000000,0,False
732447,DFPL03926,DFPL03926,,-1.000000,1,,BSE,1.000000,0,False
732476,THDCL70926,THDCL70926,,-1.000000,1,,BSE,1.000000,0,False
939751,1010MFCL30,1010MFCL30,,-1.000000,1,,BSE,1.000000,0,False
939809,1070ICFL27,1070ICFL27,,-1.000000,1,,BSE,1.000000,0,False
939831,11NHFL34,11NHFL34,,-1.000000,1,,BSE,1.000000,0,False
939853,EFS241024C,EFS241024C,,-1.000000,1,,BSE,1.000000,0,False
957877,853MMFSL33,853MMFSL33,,-1.000000,1,,BSE,1.000000,0,False
958179,1032APCR27,1032APCR27,,-1.000000,5,,BSE,1.000000,0,False
958354,895RIL28,895RIL28,,-1.000000,1,,BSE,1.000000,0,False
958364,854REC28,854REC28,,-1.000000,1,,BSE,1.000000,0,False
731968,UGL220626,UGL220626,,-1.000000,1,,BSE,1.000000,0,False
731994,NLCIL24626,NLCIL24626,,-1.000000,1,,BSE,1.000000,0,False
732003,VCL250626,VCL250626,,-1.000000,1,,BSE,1.000000,0,False
732006,CGCL300626,CGCL300626,,-1.000000,1,,BSE,1.000000,0,False
732478,CGCL080926,CGCL080926,,-1.000000,1,,BSE,1.000000,0,False
732484,ABHFL7926,ABHFL7926,,-1.000000,1,,BSE,1.000000,0,False
732488,AFSL70926,AFSL70926,,-1.000000,1,,BSE,1.000000,0,False
732493,NMIL080926,NMIL080926,,-1.000000,1,,BSE,1.000000,0,False
939881,MFL301024A,MFL301024A,,-1.000000,1,,BSE,1.000000,0,False
939899,12IML29,12IML29,,-1.000000,1,,BSE,1.000000,0,False
939961,KSL121224A,KSL121224A,,-1.000000,1,,BSE,1.000000,0,False
939971,KFL121224F,KFL121224F,,-1.000000,1,,BSE,1.000000,0,False
958394,864PFCL33,864PFCL33,,-1.000000,1,,BSE,1.000000,0,False
958399,852HUDCO28,852HUDCO28,,-1.000000,1,,BSE,1.000000,0,False
958419,837REC28,837REC28,,-1.000000,1,,BSE,1.000000,0,False
958464,851NABAR33,851NABAR33,,-1.000000,1,,BSE,1.000000,0,False
732017,NLCIL29626,NLCIL29626,,-1.000000,1,,BSE,1.000000,0,False
732026,AFSL30626,AFSL30626,,-1.000000,1,,BSE,1.000000,0,False
732046,IOCL6726,IOCL6726,,-1.000000,1,,BSE,1.000000,0,False
732085,IFSL130726,IFSL130726,,-1.000000,1,,BSE,1.000000,0,False
732495,LDL080926,LDL080926,,-1.000000,1,,BSE,1.000000,0,False
732498,GIL80926,GIL80926,,-1.000000,1,,BSE,1.000000,0,False
732507,GHFL9926,GHFL9926,,-1.000000,1,,BSE,1.000000,0,False
732517,360OAA9926,360OAA9926,,-1.000000,1,,BSE,1.000000,0,False
939989,925IHFL31,925IHFL31,,-1.000000,1,,BSE,1.000000,0,False
940003,94SCL27U,94SCL27U,,-1.000000,1,,BSE,1.000000,0,False
940019,971SCL29T,971SCL29T,,-1.000000,1,,BSE,1.000000,0,False
940025,1025SCL34U,1025SCL34U,,-1.000000,1,,BSE,1.000000,0,False
958469,860ABL28,860ABL28,,-1.000000,1,,BSE,1.000000,0,False
958539,836PGCIL29,836PGCIL29,,-1.000000,1,,BSE,1.000000,0,False
958596,875PFCL34,875PFCL34,,-1.000000,1,,BSE,1.000000,0,False
958661,83REC29,83REC29,,-1.000000,1,,BSE,1.000000,0,False
958884,885CFS29,885CFS29,,-1.000000,1,,BSE,1.000000,0,False
958912,848MMFSL29,848MMFSL29,,-1.000000,1,,BSE,1.000000,0,False
959008,90802IOB19,90802IOB19,,-1.000000,1,,BSE,1.000000,0,False
959031,739AIAH29,739AIAH29,,-1.000000,1,,BSE,1.000000,0,False
732100,EFL160726,EFL160726,,-1.000000,1,,BSE,1.000000,0,False
732101,NACL170726,NACL170726,,-1.000000,1,,BSE,1.000000,0,False
732104,BFL160726,BFL160726,,-1.000000,1,,BSE,1.000000,0,False
732106,DFPL170726,DFPL170726,,-1.000000,1,,BSE,1.000000,0,False
732523,RIL100926,RIL100926,,-1.000000,1,,BSE,1.000000,0,False
732546,SSL100926,SSL100926,,-1.000000,1,,BSE,1.000000,0,False
800163,923GS2043,923GS2043,,-1.000000,1,,BSE,1.000000,0,False
800324,SGBJUL28IV,SGBJUL28IV,,-1.000000,1,,BSE,1.000000,0,False
940105,EFSL24125,EFSL24125,,-1.000000,1,,BSE,1.000000,0,False
940117,11EFSL35,11EFSL35,,-1.000000,1,,BSE,1.000000,0,False
940119,11EFSL35A,11EFSL35A,,-1.000000,1,,BSE,1.000000,0,False
940151,MML290125B,MML290125B,,-1.000000,1,,BSE,1.000000,0,False
800331,SGBJAN29IX,SGBJAN29IX,,-1.000000,1,,BSE,1.000000,0,False
800332,SGBJAN29X,SGBJAN29X,,-1.000000,1,,BSE,1.000000,0,False
800358,GS151226C,GS151226C,,-1.000000,1,,BSE,1.000000,0,False
800363,GS02JAN28C,GS02JAN28C,,-1.000000,1,,BSE,1.000000,0,False
940153,11MML30,11MML30,,-1.000000,1,,BSE,1.000000,0,False
940157,MML290125D,MML290125D,,-1.000000,1,,BSE,1.000000,0,False
940175,101MFLIV31,101MFLIV31,,-1.000000,1,,BSE,1.000000,0,False
940197,940SCL28,940SCL28,,-1.000000,1,,BSE,1.000000,0,False
959045,739AIAH29A,739AIAH29A,,-1.000000,1,,BSE,1.000000,0,False
959205,8.9JSWSL30,8.9JSWSL30,,-1.000000,1,,BSE,1.000000,0,False
959216,8LTF20,8LTF20,,-1.000000,1,,BSE,1.000000,0,False
959237,736NLCIL30,736NLCIL30,,-1.000000,1,,BSE,1.000000,0,False
732110,KIL200726,KIL200726,,-1.000000,1,,BSE,1.000000,0,False
732114,KFIL200726,KFIL200726,,-1.000000,1,,BSE,1.000000,0,False
732133,ISPDL22726,ISPDL22726,,-1.000000,1,,BSE,1.000000,0,False
732138,OAAM220726,OAAM220726,,-1.000000,1,,BSE,1.000000,0,False
940227,13PCL30,13PCL30,,-1.000000,1,,BSE,1.000000,0,False
940247,1050NHF30,1050NHF30,,-1.000000,1,,BSE,1.000000,0,False
940253,NHF030425A,NHF030425A,,-1.000000,1,,BSE,1.000000,0,False
940257,SFL040425F,SFL040425F,,-1.000000,1,,BSE,1.000000,0,False
959250,775MRPL30,775MRPL30,,-1.000000,1,,BSE,1.000000,0,False
959316,85TMCV27,85TMCV27,,-1.000000,1,,BSE,1.000000,0,False
959325,775MMFS30,775MMFS30,,-1.000000,1,,BSE,1.000000,0,False
959339,75REC30,75REC30,,-1.000000,1,,BSE,1.000000,0,False
732139,BHFL220726,BHFL220726,,-1.000000,1,,BSE,1.000000,0,False
732141,CGCL230726,CGCL230726,,-1.000000,1,,BSE,1.000000,0,False
732166,BFSL270726,BFSL270726,,-1.000000,1,,BSE,1.000000,0,False
732174,TTL280726,TTL280726,,-1.000000,1,,BSE,1.000000,0,False
940267,KFL150425A,KFL150425A,,-1.000000,1,,BSE,1.000000,0,False
940269,10KFL28B,10KFL28B,,-1.000000,1,,BSE,1.000000,0,False
940277,KFL150425D,KFL150425D,,-1.000000,1,,BSE,1.000000,0,False
940313,1025UCL27A,1025UCL27A,,-1.000000,1,,BSE,1.000000,0,False
959369,752NHAI36,752NHAI36,,-1.000000,1,,BSE,1.000000,0,False
959461,755REC30,755REC30,,-1.000000,1,,BSE,1.000000,0,False
959496,8IHFCL30,8IHFCL30,,-1.000000,2,,BSE,1.000000,0,False
959570,83LTF30,83LTF30,,-1.000000,1,,BSE,1.000000,0,False
732181,JKCL280726,JKCL280726,,-1.000000,1,,BSE,1.000000,0,False
732182,ABHF280726,ABHF280726,,-1.000000,1,,BSE,1.000000,0,False
732186,TRIL29726,TRIL29726,,-1.000000,1,,BSE,1.000000,0,False
732221,GFL6826,GFL6826,,-1.000000,1,,BSE,1.000000,0,False
940317,10SMCGSL27,10SMCGSL27,,-1.000000,1,,BSE,1.000000,0,False
940325,1003SMCG30,1003SMCG30,,-1.000000,1,,BSE,1.000000,0,False
940367,1150ICL27C,1150ICL27C,,-1.000000,1,,BSE,1.000000,0,False
940375,ICLF16525,ICLF16525,,-1.000000,1,,BSE,1.000000,0,False
959795,69REC31,69REC31,,-1.000000,1,,BSE,1.000000,0,False
960174,9SFL30,9SFL30,,-1.000000,1,,BSE,1.000000,0,False
960175,735HDBFS30,735HDBFS30,,-1.000000,1,,BSE,1.000000,0,False
960301,960THFL30,960THFL30,,-1.000000,1,,BSE,1.000000,0,False
732225,GIL060826,GIL060826,,-1.000000,1,,BSE,1.000000,0,False
732244,IFPL70826,IFPL70826,,-1.000000,1,,BSE,1.000000,0,False
732247,AKCF070826,AKCF070826,,-1.000000,1,,BSE,1.000000,0,False
732250,SCSL7826,SCSL7826,,-1.000000,1,,BSE,1.000000,0,False
940377,ICLF16525A,ICLF16525A,,-1.000000,1,,BSE,1.000000,0,False
940401,MFL190525,MFL190525,,-1.000000,1,,BSE,1.000000,0,False
940513,EFSL24725A,EFSL24725A,,-1.000000,1,,BSE,1.000000,0,False
940531,1025KAF27A,1025KAF27A,,-1.000000,1,,BSE,1.000000,0,False
960337,685MTNL30,685MTNL30,,-1.000000,1,,BSE,1.000000,0,False
960379,762LTF30,762LTF30,,-1.000000,1,,BSE,1.000000,0,False
960405,683HDFCB31,683HDFCB31,,-1.000000,1,,BSE,1.000000,0,False
960454,AFINIF24A,AFINIF24A,,-1.000000,10,,BSE,1.000000,0,False
732261,KRT10826,KRT10826,,-1.000000,1,,BSE,1.000000,0,False
732287,CFHL120826,CFHL120826,,-1.000000,1,,BSE,1.000000,0,False
732299,NWIL14826,NWIL14826,,-1.000000,1,,BSE,1.000000,0,False
732306,GHFL140826,GHFL140826,,-1.000000,1,,BSE,1.000000,0,False
940561,SCL1825,SCL1825,,-1.000000,1,,BSE,1.000000,0,False
940569,865SCL28,865SCL28,,-1.000000,1,,BSE,1.000000,0,False
940591,920SCL32,920SCL32,,-1.000000,1,,BSE,1.000000,0,False
940699,97CGCL35,97CGCL35,,-1.000000,1,,BSE,1.000000,0,False
960467,8BOM31,8BOM31,,-1.000000,10,,BSE,1.000000,0,False
961734,82HUDCO27,82HUDCO27,,-1.000000,1,,BSE,1.000000,0,False
961801,867PFCL33,867PFCL33,,-1.000000,1,,BSE,1.000000,0,False
961818,848IIFC29A,848IIFC29A,,-1.000000,1,,BSE,1.000000,0,False
732309,MFL140826,MFL140826,,-1.000000,1,,BSE,1.000000,0,False
732311,DFPL140826,DFPL140826,,-1.000000,1,,BSE,1.000000,0,False
732314,THDC17826,THDC17826,,-1.000000,1,,BSE,1.000000,0,False
732322,MFL170826,MFL170826,,-1.000000,1,,BSE,1.000000,0,False
940703,IML301025,IML301025,,-1.000000,1,,BSE,1.000000,0,False
940707,IML301025B,IML301025B,,-1.000000,1,,BSE,1.000000,0,False
940711,IML301025C,IML301025C,,-1.000000,1,,BSE,1.000000,0,False
940727,1025SGSL30,1025SGSL30,,-1.000000,1,,BSE,1.000000,0,False
961828,840IRFC29,840IRFC29,,-1.000000,1,,BSE,1.000000,0,False
961833,855IREDA29,855IREDA29,,-1.000000,1,,BSE,1.000000,0,False
961841,880IREDA34,880IREDA34,,-1.000000,1,,BSE,1.000000,0,False
961845,875KPL29,875KPL29,,-1.000000,1,,BSE,1.000000,0,False
940737,KFL101125B,KFL101125B,,-1.000000,1,,BSE,1.000000,0,False
940741,10KFL2030,10KFL2030,,-1.000000,1,,BSE,1.000000,0,False
940763,1150ICLF28,1150ICLF28,,-1.000000,1,,BSE,1.000000,0,False
940769,ICLFL21225,ICLFL21225,,-1.000000,1,,BSE,1.000000,0,False
961904,737NTPC35C,737NTPC35C,,-1.000000,1,,BSE,1.000000,0,False
972579,IFCI37,IFCI37,,-1.000000,4,,BSE,1.000000,0,False
972582,IFCI34,IFCI34,,-1.000000,4,,BSE,1.000000,0,False
972583,IFCI33,IFCI33,,-1.000000,4,,BSE,1.000000,0,False
732326,JFPHL17826,JFPHL17826,,-1.000000,1,,BSE,1.000000,0,False
732331,JSL190826,JSL190826,,-1.000000,1,,BSE,1.000000,0,False
732349,BFSL19826,BFSL19826,,-1.000000,1,,BSE,1.000000,0,False
732362,SCSL20826,SCSL20826,,-1.000000,1,,BSE,1.000000,0,False
732364,BGHPL21826,BGHPL21826,,-1.000000,1,,BSE,1.000000,0,False
732399,SBICA27826,SBICA27826,,-1.000000,1,,BSE,1.000000,0,False
732403,VIT270826,VIT270826,,-1.000000,1,,BSE,1.000000,0,False
732414,TPCL280826,TPCL280826,,-1.000000,1,,BSE,1.000000,0,False
800364,GS12JUN28C,GS12JUN28C,,-1.000000,1,,BSE,1.000000,0,False
800366,GS12DEC28C,GS12DEC28C,,-1.000000,1,,BSE,1.000000,0,False
800383,GS220840C,GS220840C,,-1.000000,1,,BSE,1.000000,0,False
800389,GS15JUN30C,GS15JUN30C,,-1.000000,1,,BSE,1.000000,0,False
940783,903EFSL28,903EFSL28,,-1.000000,1,,BSE,1.000000,0,False
940829,1025MML28A,1025MML28A,,-1.000000,1,,BSE,1.000000,0,False
940861,852MFL29,852MFL29,,-1.000000,1,,BSE,1.000000,0,False
940870,9MFL31,9MFL31,,-1.000000,1,,BSE,1.000000,0,False
972650,947IRFC31,947IRFC31,,-1.000000,1,,BSE,1.000000,0,False
972693,777IRFC26,777IRFC26,,-1.000000,1,,BSE,1.000000,0,False
972779,945RFC2022,945RFC2022,,-1.000000,1,,BSE,1.000000,0,False
972790,738IRFC27,738IRFC27,,-1.000000,1,,BSE,1.000000,0,False
940890,975KFL2029,975KFL2029,,-1.000000,1,,BSE,1.000000,0,False
940894,10KFL2031,10KFL2031,,-1.000000,1,,BSE,1.000000,0,False
940900,1050ICLF28,1050ICLF28,,-1.000000,1,,BSE,1.000000,0,False
940939,870IIFL28,870IIFL28,,-1.000000,1,,BSE,1.000000,0,False
972826,869DVC28,869DVC28,,-1.000000,1,,BSE,1.000000,0,False
973001,74IHFCL31,74IHFCL31,,-1.000000,2,,BSE,1.000000,0,False
973008,95SFL30,95SFL30,,-1.000000,1,,BSE,1.000000,0,False
973048,74REC36,74REC36,,-1.000000,1,,BSE,1.000000,0,False
732415,NMIL31826,NMIL31826,,-1.000000,1,,BSE,1.000000,0,False
732420,AFL310826,AFL310826,,-1.000000,1,,BSE,1.000000,0,False
732432,BGHP030926,BGHP030926,,-1.000000,1,,BSE,1.000000,0,False
732449,MACMPL3926,MACMPL3926,,-1.000000,1,,BSE,1.000000,0,False
800392,GS15DEC30C,GS15DEC30C,,-1.000000,1,,BSE,1.000000,0,False
800393,GS17DEC30C,GS17DEC30C,,-1.000000,1,,BSE,1.000000,0,False
800398,GS17JUN31C,GS17JUN31C,,-1.000000,1,,BSE,1.000000,0,False
800408,GS17JUN32C,GS17JUN32C,,-1.000000,1,,BSE,1.000000,0,False
732450,SL030926,SL030926,,-1.000000,1,,BSE,1.000000,0,False
732457,BHFL4926,BHFL4926,,-1.000000,1,,BSE,1.000000,0,False
732459,JCL4926,JCL4926,,-1.000000,1,,BSE,1.000000,0,False
732480,KMPL080926,KMPL080926,,-1.000000,1,,BSE,1.000000,0,False
800455,GS15JUN2034,GS15JUN2034,,-1.000000,100,,BSE,1.000000,0,False
800456,GS15DEC2034,GS15DEC2034,,-1.000000,100,,BSE,1.000000,0,False
800457,GS15JUN2035,GS15JUN2035,,-1.000000,100,,BSE,1.000000,0,False
800512,GS19MAR2035,GS19MAR2035,,-1.000000,1,,BSE,1.000000,0,False
940959,1080CCIL28,1080CCIL28,,-1.000000,1,,BSE,1.000000,0,False
940963,12CCIL31,12CCIL31,,-1.000000,1,,BSE,1.000000,0,False
940979,EFSL18326A,EFSL18326A,,-1.000000,1,,BSE,1.000000,0,False
941001,885MFL29A,885MFL29A,,-1.000000,1,,BSE,1.000000,0,False
973171,876JSL31,876JSL31,,-1.000000,1,,BSE,1.000000,0,False
973190,AFINIF24B,AFINIF24B,,-1.000000,10,,BSE,1.000000,0,False
973271,727AFL31,727AFL31,,-1.000000,1,,BSE,1.000000,0,False
973277,711PFCL36,711PFCL36,,-1.000000,1,,BSE,1.000000,0,False
973294,735MMFSL31,735MMFSL31,,-1.000000,1,,BSE,1.000000,0,False
973369,737IIL31,737IIL31,,-1.000000,1,,BSE,1.000000,0,False
973486,688HDFC31,688HDFC31,,-1.000000,1,,BSE,1.000000,0,False
973509,692NABAR29,692NABAR29,,-1.000000,1,,BSE,1.000000,0,False
800513,GS19SEP2033,GS19SEP2033,,-1.000000,1,,BSE,1.000000,0,False
800516,GS19SEP2036,GS19SEP2036,,-1.000000,1,,BSE,1.000000,0,False
800517,GS19SEP2058,GS19SEP2058,,-1.000000,1,,BSE,1.000000,0,False
800527,GS19MAR2045,GS19MAR2045,,-1.000000,1,,BSE,1.000000,0,False
941021,115ICLFL31,115ICLFL31,,-1.000000,1,,BSE,1.000000,0,False
941043,930CGCL31,930CGCL31,,-1.000000,1,,BSE,1.000000,0,False
941045,950CGCL36,950CGCL36,,-1.000000,1,,BSE,1.000000,0,False
941053,888MFL32,888MFL32,,-1.000000,1,,BSE,1.000000,0,False
732528,NCPL90926,NCPL90926,,-1.000000,1,,BSE,1.000000,0,False
732544,REL100926,REL100926,,-1.000000,1,,BSE,1.000000,0,False
732549,GIL11926,GIL11926,,-1.000000,1,,BSE,1.000000,0,False
800159,683GS2039,683GS2039,,-1.000000,1,,BSE,1.000000,0,False
941061,925MFL32,925MFL32,,-1.000000,1,,BSE,1.000000,0,False
941063,MFL120526,MFL120526,,-1.000000,1,,BSE,1.000000,0,False
941147,MFL70726A,MFL70726A,,-1.000000,1,,BSE,1.000000,0,False
941165,9PDL28,9PDL28,,-1.000000,1,,BSE,1.000000,0,False
973554,627BPCL26,627BPCL26,,-1.000000,1,,BSE,1.000000,0,False
973567,710HEGI31,710HEGI31,,-1.000000,1,,BSE,1.000000,0,False
973579,745MMFSL31,745MMFSL31,,-1.000000,1,,BSE,1.000000,0,False
973618,715BFL31,715BFL31,,-1.000000,1,,BSE,1.000000,0,False
800173,828GS2027,828GS2027,,-1.000000,1,,BSE,5.000000,0,False
800179,833GS2032,833GS2032,,-1.000000,1,,BSE,1.000000,0,False
800241,773GS2034,773GS2034,,-1.000000,1,,BSE,1.000000,0,False
800263,706GS2046,706GS2046,,-1.000000,1,,BSE,1.000000,0,False
800538,GS19MAR2044,GS19MAR2044,,-1.000000,1,,BSE,1.000000,0,False
800558,GS19MAR2058,GS19MAR2058,,-1.000000,1,,BSE,1.000000,0,False
800561,GS19SEP2062,GS19SEP2062,,-1.000000,1,,BSE,1.000000,0,False
800564,GS19SEP2047,GS19SEP2047,,-1.000000,1,,BSE,1.000000,0,False
941187,IML24826B,IML24826B,,-1.000000,1,,BSE,1.000000,0,False
941205,ICLF25826,ICLF25826,,-1.000000,1,,BSE,1.000000,0,False
941241,1025KAFL29,1025KAFL29,,-1.000000,1,,BSE,1.000000,0,False
949439,819IIFC33B,819IIFC33B,,-1.000000,1,,BSE,1.000000,0,False
973645,755SBIPERP,755SBIPERP,,-1.000000,1,,BSE,1.000000,0,False
973704,776AFLPERP,776AFLPERP,,-1.000000,1,,BSE,1.000000,0,False
973720,850PNBPER,850PNBPER,,-1.000000,1,,BSE,1.000000,0,False
973764,785PSEPL34,785PSEPL34,,-1.000000,1,,BSE,1.000000,0,False
800577,GSEC190962,GSEC190962,,-1.000000,1,,BSE,5.000000,0,False
800581,706GS2028,706GS2028,,-1.000000,1,,BSE,5.000000,0,False
800608,71GS2034,71GS2034,,-1.000000,1,,BSE,5.000000,0,False
800609,GS12JUN33,GS12JUN33,,-1.000000,1,,BSE,1.000000,0,False
800264,662GS2051,662GS2051,,-1.000000,1,,BSE,1.000000,0,False
800266,679GS2027,679GS2027,,-1.000000,1,,BSE,5.000000,0,False
800341,SGBJUN29II,SGBJUN29II,,-1.000000,1,,BSE,1.000000,0,False
800360,GS12JUN27C,GS12JUN27C,,-1.000000,1,,BSE,1.000000,0,False
973818,730CFSL29,730CFSL29,,-1.000000,1,,BSE,1.000000,0,False
973822,609HPCL27,609HPCL27,,-1.000000,1,,BSE,1.000000,0,False
973864,714NEEPC30,714NEEPC30,,-1.000000,1,,BSE,1.000000,0,False
973868,715VMC27,715VMC27,,-1.000000,1,,BSE,1.000000,0,False
949451,837IIFC33C,837IIFC33C,,-1.000000,1,,BSE,1.000000,0,False
950199,1063IOT28A,1063IOT28A,,-1.000000,10,,BSE,1.000000,0,False
950216,1008IOT28A,1008IOT28A,,-1.000000,10,,BSE,1.000000,0,False
950492,846PFCL28,846PFCL28,,-1.000000,1,,BSE,1.000000,0,False
800617,GS22OCT29,GS22OCT29,,-1.000000,1,,BSE,1.000000,0,False
800620,GS22APR33,GS22APR33,,-1.000000,1,,BSE,1.000000,0,False
800630,GS15APR38C,GS15APR38C,,-1.000000,1,,BSE,1.000000,0,False
800663,GS22AUG34C,GS22AUG34C,,-1.000000,1,,BSE,1.000000,0,False
800396,GS15JUN31C,GS15JUN31C,,-1.000000,1,,BSE,1.000000,0,False
800403,GS17DEC31C,GS17DEC31C,,-1.000000,1,,BSE,1.000000,0,False
800406,GS15JUN32C,GS15JUN32C,,-1.000000,1,,BSE,1.000000,0,False
800407,GS15DEC27C,GS15DEC27C,,-1.000000,1,,BSE,1.000000,0,False
973880,97UPPCL27,97UPPCL27,,-1.000000,1,,BSE,1.000000,0,False
973882,97UPPCL28,97UPPCL28,,-1.000000,1,,BSE,1.000000,0,False
973902,860IOB32,860IOB32,,-1.000000,1,,BSE,1.000000,0,False
973924,ONEGSEC31,ONEGSEC31,,-1.000000,1,,BSE,1.000000,0,False
950753,965PGCIL28,965PGCIL28,,-1.000000,1,,BSE,1.000000,0,False
951524,893PGCIL28,893PGCIL28,,-1.000000,1,,BSE,1.000000,0,False
951653,851LTF30,851LTF30,,-1.000000,1,,BSE,1.000000,0,False
953436,840PGCIL30,840PGCIL30,,-1.000000,1,,BSE,1.000000,0,False
800668,GS12JUN43,GS12JUN43,,-1.000000,1,,BSE,1.000000,0,False
800671,GS12JUN44,GS12JUN44,,-1.000000,1,,BSE,1.000000,0,False
800674,GS22APR35C,GS22APR35C,,-1.000000,1,,BSE,1.000000,0,False
800678,GS06NOV37C,GS06NOV37C,,-1.000000,1,,BSE,1.000000,0,False
954549,803NHAI41,803NHAI41,,-1.000000,1,,BSE,1.000000,0,False
954708,10BUDPL37,10BUDPL37,,-1.000000,10,,BSE,1.000000,0,False
954991,PREPLZC28,PREPLZC28,,-1.000000,10,,BSE,1.000000,0,False
955087,8300LTH26,8300LTH26,,-1.000000,1,,BSE,1.000000,0,False
973982,750GIL27,750GIL27,,-1.000000,1,,BSE,1.000000,0,False
973994,962APSB31,962APSB31,,-1.000000,1,,BSE,1.000000,0,False
974019,825SCPSL32,825SCPSL32,,-1.000000,1,,BSE,1.000000,0,False
974026,875HPL29,875HPL29,,-1.000000,1,,BSE,1.000000,0,False
800688,GS22OCT43,GS22OCT43,,-1.000000,1,,BSE,1.000000,0,False
800691,GS22APR42,GS22APR42,,-1.000000,1,,BSE,1.000000,0,False
800695,GS22APR40,GS22APR40,,-1.000000,1,,BSE,1.000000,0,False
800706,GS12SEP27,GS12SEP27,,-1.000000,1,,BSE,1.000000,0,False
955183,749NTPC31,749NTPC31,,-1.000000,1,,BSE,1.000000,0,False
955282,784ABL26,784ABL26,,-1.000000,1,,BSE,1.000000,0,False
955310,84MRHFL26,84MRHFL26,,-1.000000,1,,BSE,1.000000,0,False
955359,868ILFSL26,868ILFSL26,,-1.000000,1000,,BSE,1.000000,0,False
974114,1125ISFL28,1125ISFL28,,-1.000000,1,,BSE,1.000000,0,False
974162,782BFL32,782BFL32,,-1.000000,1,,BSE,1.000000,0,False
974164,789BHFL32,789BHFL32,,-1.000000,1,,BSE,1.000000,0,False
974169,77AFL27,77AFL27,,-1.000000,1,,BSE,1.000000,0,False
800710,GS22APR48,GS22APR48,,-1.000000,1,,BSE,1.000000,0,False
800713,GS22OCT45,GS22OCT45,,-1.000000,1,,BSE,1.000000,0,False
800716,GS12DEC47,GS12DEC47,,-1.000000,1,,BSE,1.000000,0,False
800727,GS06MAY40,GS06MAY40,,-1.000000,1,,BSE,1.000000,0,False
955442,755PGCIL31,755PGCIL31,,-1.000000,1,,BSE,1.000000,0,False
955542,104PFL27,104PFL27,,-1.000000,1,,BSE,1.000000,0,False
955590,EFCLNIFT27,EFCLNIFT27,,-1.000000,10,,BSE,1.000000,0,False
955641,805LTF27A,805LTF27A,,-1.000000,1,,BSE,1.000000,0,False
974178,875YATL29,875YATL29,,-1.000000,1,,BSE,1.000000,0,False
974183,760THDC32,760THDC32,,-1.000000,1,,BSE,1.000000,0,False
974238,807AFL32,807AFL32,,-1.000000,1,,BSE,1.000000,0,False
974246,001HCCL29,001HCCL29,,-1.000000,1,,BSE,1.000000,0,False
800728,GS06MAY47,GS06MAY47,,-1.000000,1,,BSE,1.000000,0,False
800732,GS06MAY48,GS06MAY48,,-1.000000,1,,BSE,1.000000,0,False
800733,GS06NOV41,GS06NOV41,,-1.000000,1,,BSE,1.000000,0,False
800745,GS06MAY51,GS06MAY51,,-1.000000,1,,BSE,1.000000,0,False
955845,822APSEZ27,822APSEZ27,,-1.000000,1,,BSE,1.000000,0,False
955912,804NABAR32,804NABAR32,,-1.000000,1,,BSE,1.000000,0,False
956189,823ILFSL27,823ILFSL27,,-1.000000,1000,,BSE,1.000000,0,False
956318,85AFL27,85AFL27,,-1.000000,1,,BSE,1.000000,0,False
974287,995UPPCL31,995UPPCL31,,-1.000000,1,,BSE,1.000000,0,False
974290,10MDPL27,10MDPL27,,-1.000000,1,,BSE,1.000000,0,False
974315,795BFL27,795BFL27,,-1.000000,1,,BSE,1.000000,0,False
974321,875SFL32,875SFL32,,-1.000000,1,,BSE,1.000000,0,False
800748,GS06NOV45,GS06NOV45,,-1.000000,1,,BSE,1.000000,0,False
800759,GS06MAY54,GS06MAY54,,-1.000000,1,,BSE,1.000000,0,False
800768,GS06NOV72,GS06NOV72,,-1.000000,1,,BSE,1.000000,0,False
800793,GS06NOV70,GS06NOV70,,-1.000000,1,,BSE,1.000000,0,False
956321,1025ECL99,1025ECL99,,-1.000000,1,,BSE,1.000000,0,False
956620,965ECL27,965ECL27,,-1.000000,10,,BSE,1.000000,0,False
956631,727IRFC27,727IRFC27,,-1.000000,1,,BSE,1.000000,0,False
956670,8RPL35,8RPL35,,-1.000000,1,,BSE,1.000000,0,False
974341,764HPCL27,764HPCL27,,-1.000000,1,,BSE,1.000000,0,False
974345,79866KMP27,79866KMP27,,-1.000000,1,,BSE,1.000000,0,False
974370,812ABCL32A,812ABCL32A,,-1.000000,1,,BSE,1.000000,0,False
974382,779HDFCB32,779HDFCB32,,-1.000000,1,,BSE,1.000000,0,False
800797,GS22SEP33,GS22SEP33,,-1.000000,1,,BSE,1.000000,0,False
800805,73GS2053P,73GS2053P,,-1.000000,1,,BSE,1.000000,0,False
800812,709G251174,709G251174,,-1.000000,1,,BSE,1.000000,0,False
805141,364TB61126,364TB61126,,-1.000000,1,,BSE,1.000000,0,False
956760,730PGCIL27,730PGCIL27,,-1.000000,1,,BSE,1.000000,0,False
956775,770ILFS27,770ILFS27,,-1.000000,1000,,BSE,1.000000,0,False
956889,770ILFSL27,770ILFSL27,,-1.000000,1000,,BSE,1.000000,0,False
956929,785ILFS27,785ILFS27,,-1.000000,1000,,BSE,1.000000,0,False
974398,797KIDF27,797KIDF27,,-1.000000,1,,BSE,1.000000,0,False
974403,767REC37,767REC37,,-1.000000,1,,BSE,1.000000,0,False
974406,786HDFC32,786HDFC32,,-1.000000,1,,BSE,1.000000,0,False
974411,779IREDA32,779IREDA32,,-1.000000,1,,BSE,1.000000,0,False
805159,364T171226,364T171226,,-1.000000,1,,BSE,1.000000,0,False
805177,364TB40227,364TB40227,,-1.000000,1,,BSE,1.000000,0,False
805234,364TB24627,364TB24627,,-1.000000,1,,BSE,1.000000,0,False
810578,823GUJ2028,823GUJ2028,,-1.000000,1,,BSE,5.000000,0,False
956930,13WHREPL37,13WHREPL37,,-1.000000,10000,,BSE,1.000000,0,False
957039,780YES27A,780YES27A,,-1.000000,1,,BSE,1.000000,0,False
957090,923OEDL27,923OEDL27,,-1.000000,1,,BSE,1.000000,0,False
957132,84MBEL27,84MBEL27,,-1.000000,1,,BSE,1.000000,0,False
974413,8BOM32,8BOM32,,-1.000000,1,,BSE,1.000000,0,False
974423,EPDL91222,EPDL91222,,-1.000000,1,,BSE,1.000000,0,False
974503,975JKBL32,975JKBL32,,-1.000000,1,,BSE,1.000000,0,False
974534,762NABAR28,762NABAR28,,-1.000000,1,,BSE,1.000000,0,False
810581,828RJ2028,828RJ2028,,-1.000000,1,,BSE,5.000000,0,False
810601,850GJSDL28,850GJSDL28,,-1.000000,1,,BSE,5.000000,0,False
810609,830GJSDL202,830GJSDL202,,-1.000000,1,,BSE,5.000000,0,False
810619,814GJ2029,814GJ2029,,-1.000000,1,,BSE,5.000000,0,False
957173,845SFIL27,845SFIL27,,-1.000000,10,,BSE,1.000000,0,False
957180,764NHAI32,764NHAI32,,-1.000000,1,,BSE,1.000000,0,False
957233,774PGCIL28,774PGCIL28,,-1.000000,1,,BSE,1.000000,0,False
957463,10ECLPER,10ECLPER,,-1.000000,1,,BSE,1.000000,0,False
974543,827ATL40,827ATL40,,-1.000000,1,,BSE,1.000000,0,False
974587,804BHFL33,804BHFL33,,-1.000000,1,,BSE,1.000000,0,False
974604,759NHPCL30,759NHPCL30,,-1.000000,1,,BSE,1.000000,0,False
974607,759NHPCL27,759NHPCL27,,-1.000000,1,,BSE,1.000000,0,False
974624,803TSL28,803TSL28,,-1.000000,1,,BSE,1.000000,0,False
974644,812ABCL28,812ABCL28,,-1.000000,1,,BSE,1.000000,0,False
974654,1075MFSL28,1075MFSL28,,-1.000000,1,,BSE,1.000000,0,False
974661,922MFL33,922MFL33,,-1.000000,1,,BSE,1.000000,0,False
810646,72KARSDL29,72KARSDL29,,-1.000000,1,,BSE,5.000000,0,False
810655,656AP31,656AP31,,-1.000000,1,,BSE,1.000000,0,False
810665,645GJ30,645GJ30,,-1.000000,1,,BSE,1.000000,0,False
810667,667MH31,667MH31,,-1.000000,1,,BSE,1.000000,0,False
957645,890ABCL26A,890ABCL26A,,-1.000000,1,,BSE,1.000000,0,False
957646,825ABCL27,825ABCL27,,-1.000000,1,,BSE,1.000000,0,False
957680,845HDB28,845HDB28,,-1.000000,1,,BSE,1.000000,0,False
957837,885SFIL28,885SFIL28,,-1.000000,10,,BSE,1.000000,0,False
810669,663GJ29,663GJ29,,-1.000000,1,,BSE,1.000000,0,False
810698,735KA40,735KA40,,-1.000000,1,,BSE,5.000000,0,False
810705,708GJ31,708GJ31,,-1.000000,1,,BSE,5.000000,0,False
810722,682RJ31,682RJ31,,-1.000000,1,,BSE,5.000000,0,False
957921,880SFIL28,880SFIL28,,-1.000000,10,,BSE,1.000000,0,False
957962,910ILFSL28,910ILFSL28,,-1.000000,1,,BSE,1.000000,0,False
957977,918MRHFL28,918MRHFL28,,-1.000000,1,,BSE,1.000000,0,False
958232,847NABAR33,847NABAR33,,-1.000000,1,,BSE,1.000000,0,False
974684,HDBZC28,HDBZC28,,-1.000000,1,,BSE,1.000000,0,False
974710,890KFC30,890KFC30,,-1.000000,1,,BSE,1.000000,0,False
974735,790TRCL27,790TRCL27,,-1.000000,1,,BSE,1.000000,0,False
974747,1125AML29,1125AML29,,-1.000000,1,,BSE,1.000000,0,False
800437,SGBD29VIII,SGBD29VIII,,-1.000000,1,,BSE,1.000000,0,False
800449,GS16DEC2026,GS16DEC2026,,-1.000000,1,,BSE,1.000000,0,False
800450,GS16JUN2027,GS16JUN2027,,-1.000000,1,,BSE,1.000000,0,False
800458,GS15DEC2035,GS15DEC2035,,-1.000000,100,,BSE,1.000000,0,False
810739,683MH32B,683MH32B,,-1.000000,1,,BSE,1.000000,0,False
810743,683MH31,683MH31,,-1.000000,1,,BSE,1.000000,0,False
810745,706KL41,706KL41,,-1.000000,1,,BSE,1.000000,0,False
810778,693KA32,693KA32,,-1.000000,1,,BSE,1.000000,0,False
958246,91164YES28,91164YES28,,-1.000000,1,,BSE,1.000000,0,False
958312,905HDFCB28,905HDFCB28,,-1.000000,1,,BSE,1.000000,0,False
958356,860HUDCL28,860HUDCL28,,-1.000000,1,,BSE,1.000000,0,False
958468,818NABAR28,818NABAR28,,-1.000000,1,,BSE,1.000000,0,False
974762,790BFL28,790BFL28,,-1.000000,1,,BSE,1.000000,0,False
974772,VDPTBIL35,VDPTBIL35,,-1.000000,1,,BSE,1.000000,0,False
974835,IHFC120523,IHFC120523,,-1.000000,1,,BSE,1.000000,0,False
974838,775BFL33,775BFL33,,-1.000000,1,,BSE,1.000000,0,False
800510,GS19SEP2032,GS19SEP2032,,-1.000000,1,,BSE,1.000000,0,False
800511,GS19MAR2033,GS19MAR2033,,-1.000000,1,,BSE,1.000000,0,False
800522,GS19MAR2040,GS19MAR2040,,-1.000000,1,,BSE,1.000000,0,False
800529,GS19MAR2049,GS19MAR2049,,-1.000000,1,,BSE,1.000000,0,False
958538,2EARCL29,2EARCL29,,-1.000000,1,,BSE,1.000000,0,False
958551,847IREDA29,847IREDA29,,-1.000000,1,,BSE,1.000000,0,False
958569,838HUDCO29,838HUDCO29,,-1.000000,1,,BSE,1.000000,0,False
958607,98359TSL34,98359TSL34,,-1.000000,1,,BSE,1.000000,0,False
974890,9JMFCSL27,9JMFCSL27,,-1.000000,1,,BSE,1.000000,0,False
974928,803ABCL33,803ABCL33,,-1.000000,1,,BSE,1.000000,0,False
974957,849KIIFB30,849KIIFB30,,-1.000000,1,,BSE,1.000000,0,False
974995,807KIDFL28,807KIDFL28,,-1.000000,1,,BSE,1.000000,0,False
800537,GS19SEP2061,GS19SEP2061,,-1.000000,1,,BSE,1.000000,0,False
800541,GS19MAR2046,GS19MAR2046,,-1.000000,1,,BSE,1.000000,0,False
800551,GS19SEP2054,GS19SEP2054,,-1.000000,1,,BSE,1.000000,0,False
800575,SGBMAR31IV,SGBMAR31IV,,-1.000000,1,,BSE,1.000000,0,False
810780,601RJ26,601RJ26,,-1.000000,1,,BSE,1.000000,0,False
810785,702AP37,702AP37,,-1.000000,1,,BSE,1.000000,0,False
810796,699TN41,699TN41,,-1.000000,1,,BSE,5.000000,0,False
810800,689KA33,689KA33,,-1.000000,1,,BSE,1.000000,0,False
958674,855HDFCB29,855HDFCB29,,-1.000000,1,,BSE,1.000000,0,False
958685,1083CIFPER,1083CIFPER,,-1.000000,2,,BSE,1.000000,0,False
958789,9ABCL29,9ABCL29,,-1.000000,1,,BSE,1.000000,0,False
958851,780NHAI29,780NHAI29,,-1.000000,1,,BSE,1.000000,0,False
975051,81EOP28,81EOP28,,-1.000000,1,,BSE,1.000000,0,False
975057,1125ESFB29,1125ESFB29,,-1.000000,1,,BSE,1.000000,0,False
975073,9MSFL28,9MSFL28,,-1.000000,1,,BSE,1.000000,0,False
975108,803RECPER,803RECPER,,-1.000000,1,,BSE,1.000000,0,False
800595,GS12DEC2041,GS12DEC2041,,-1.000000,1,,BSE,1.000000,0,False
800628,GS15APR37C,GS15APR37C,,-1.000000,1,,BSE,1.000000,0,False
800645,723GS39P,723GS39P,,-1.000000,1,,BSE,1.000000,0,False
800650,GS15OCT26C,GS15OCT26C,,-1.000000,1,,BSE,1.000000,0,False
810802,702KA33,702KA33,,-1.000000,1,,BSE,1.000000,0,False
810823,712GJ32,712GJ32,,-1.000000,1,,BSE,1.000000,0,False
810824,725GJ32,725GJ32,,-1.000000,1,,BSE,1.000000,0,False
810830,742KL34,742KL34,,-1.000000,1,,BSE,1.000000,0,False
958909,754IRFC34,754IRFC34,,-1.000000,1,,BSE,1.000000,0,False
958913,87CFSL29,87CFSL29,,-1.000000,1,,BSE,1.000000,0,False
958922,815PFCL34,815PFCL34,,-1.000000,1,,BSE,1.000000,0,False
959000,825REC29,825REC29,,-1.000000,1,,BSE,1.000000,0,False
975129,875SFLTD26,875SFLTD26,,-1.000000,1,,BSE,1.000000,0,False
975171,825AFL33,825AFL33,,-1.000000,1,,BSE,1.000000,0,False
975176,813ABHF28,813ABHF28,,-1.000000,1,,BSE,1.000000,0,False
975189,925SKFL26,925SKFL26,,-1.000000,1,,BSE,1.000000,0,False
800651,GS15APR27C,GS15APR27C,,-1.000000,1,,BSE,1.000000,0,False
800692,GS22OCT41,GS22OCT41,,-1.000000,1,,BSE,1.000000,0,False
800701,GS22OCT34,GS22OCT34,,-1.000000,1,,BSE,1.000000,0,False
800705,GS12DEC45,GS12DEC45,,-1.000000,1,,BSE,1.000000,0,False
975195,809KMPL26,809KMPL26,,-1.000000,1,,BSE,1.000000,0,False
975203,81293HDB28,81293HDB28,,-1.000000,1,,BSE,1.000000,0,False
975213,890SFL28,890SFL28,,-1.000000,1,,BSE,1.000000,0,False
975232,768BOB33,768BOB33,,-1.000000,1,,BSE,1.000000,0,False
959060,749PGCIL34,749PGCIL34,,-1.000000,3,,BSE,1.000000,0,False
959103,78NHAI2034,78NHAI2034,,-1.000000,1,,BSE,1.000000,0,False
959194,73NHPCL20,73NHPCL20,,-1.000000,5,,BSE,1.000000,0,False
959196,8LTF0820,8LTF0820,,-1.000000,1,,BSE,1.000000,0,False
800742,GS06NOV50,GS06NOV50,,-1.000000,1,,BSE,1.000000,0,False
800765,GS06NOV55,GS06NOV55,,-1.000000,1,,BSE,1.000000,0,False
800767,GS06NOV62,GS06NOV62,,-1.000000,1,,BSE,1.000000,0,False
800770,GS06MAY57,GS06MAY57,,-1.000000,1,,BSE,1.000000,0,False
810832,74TN42,74TN42,,-1.000000,1,,BSE,5.000000,0,False
810837,734AP40,734AP40,,-1.000000,1,,BSE,1.000000,0,False
810852,786MH30,786MH30,,-1.000000,1,,BSE,5.000000,0,False
810857,804AP42,804AP42,,-1.000000,1,,BSE,1.000000,0,False
959311,92VAML30,92VAML30,,-1.000000,1,,BSE,1.000000,0,False
959382,689NHPCL30,689NHPCL30,,-1.000000,5,,BSE,1.000000,0,False
975244,880STNIV29,880STNIV29,,-1.000000,100000,,BSE,1.000000,0,False
975250,85HFSLPER,85HFSLPER,,-1.000000,1,,BSE,1.000000,0,False
975262,765NBFID38,765NBFID38,,-1.000000,1,,BSE,1.000000,0,False
975272,895KIIFB33,895KIIFB33,,-1.000000,1,,BSE,1.000000,0,False
959313,714REC30,714REC30,,-1.000000,1,,BSE,1.000000,0,False
959320,11MECL30,11MECL30,,-1.000000,1,,BSE,1.000000,0,False
810863,795AP40A,795AP40A,,-1.000000,1,,BSE,5.000000,0,False
810884,756TS40,756TS40,,-1.000000,1,,BSE,1.000000,0,False
810903,782RJ32,782RJ32,,-1.000000,1,,BSE,1.000000,0,False
810911,76GJ32,76GJ32,,-1.000000,1,,BSE,5.000000,0,False
975282,10MCSL26,10MCSL26,,-1.000000,1,,BSE,1.000000,0,False
975305,945SRSL29,945SRSL29,,-1.000000,1,,BSE,1.000000,0,False
975323,793THDC34,793THDC34,,-1.000000,1,,BSE,1.000000,0,False
975330,757IRFC29,757IRFC29,,-1.000000,1,,BSE,1.000000,0,False
800771,GS06MAY63,GS06MAY63,,-1.000000,1,,BSE,1.000000,0,False
800772,GS06NOV57,GS06NOV57,,-1.000000,1,,BSE,1.000000,0,False
800798,GS25NOV39,GS25NOV39,,-1.000000,1,,BSE,1.000000,0,False
800807,709GOI74,709GOI74,,-1.000000,1,,BSE,1.000000,0,False
959411,1425EPDP30,1425EPDP30,,-1.000000,1,,BSE,1.000000,0,False
959507,665NABAR35,665NABAR35,,-1.000000,1,,BSE,1.000000,0,False
959572,775PFCL30,775PFCL30,,-1.000000,1,,BSE,1.000000,0,False
959637,679NABAR35,679NABAR35,,-1.000000,1,,BSE,1.000000,0,False
810930,774MH33,774MH33,,-1.000000,1,,BSE,1.000000,0,False
810933,772GJ35,772GJ35,,-1.000000,1,,BSE,1.000000,0,False
810939,773MH32,773MH32,,-1.000000,1,,BSE,5.000000,0,False
810950,729KL49,729KL49,,-1.000000,1,,BSE,1.000000,0,False
975333,834VIT27,834VIT27,,-1.000000,1,,BSE,1.000000,0,False
975334,804BHFL27,804BHFL27,,-1.000000,1,,BSE,1.000000,0,False
975336,NWILZC27,NWILZC27,,-1.000000,1,,BSE,1.000000,0,False
975350,825MMFS27,825MMFS27,,-1.000000,1,,BSE,1.000000,0,False
800817,CS12JUN35,CS12JUN35,,-1.000000,1,,BSE,1.000000,0,False
800818,CS12JUN36,CS12JUN36,,-1.000000,1,,BSE,1.000000,0,False
804149,091TB190919,091TB190919,,-1.000000,1,,BSE,1.000000,0,False
805126,364TB21026,364TB21026,,-1.000000,1,,BSE,1.000000,0,False
810953,74MH32,74MH32,,-1.000000,1,,BSE,1.000000,0,False
810955,736KL38,736KL38,,-1.000000,1,,BSE,1.000000,0,False
810959,739TN33B,739TN33B,,-1.000000,1,,BSE,1.000000,0,False
810962,743TN33,743TN33,,-1.000000,1,,BSE,1.000000,0,False
959780,815LTF30,815LTF30,,-1.000000,1,,BSE,1.000000,0,False
959827,719THDC30,719THDC30,,-1.000000,1,,BSE,1.000000,0,False
960075,77KFC29,77KFC29,,-1.000000,5,,BSE,1.000000,0,False
960076,77KFC30,77KFC30,,-1.000000,5,,BSE,1.000000,0,False
975355,8ABHF34,8ABHF34,,-1.000000,1,,BSE,1.000000,0,False
975374,782BFL34,782BFL34,,-1.000000,1,,BSE,1.000000,0,False
975396,792BFL34,792BFL34,,-1.000000,1,,BSE,1.000000,0,False
975398,127SFPL27,127SFPL27,,-1.000000,1,,BSE,1.000000,0,False
805162,364T251226,364T251226,,-1.000000,1,,BSE,1.000000,0,False
805171,364TB21127,364TB21127,,-1.000000,1,,BSE,1.000000,0,False
805174,364TB28127,364TB28127,,-1.000000,1,,BSE,1.000000,0,False
805219,364TB20527,364TB20527,,-1.000000,1,,BSE,1.000000,0,False
960149,81LTF31,81LTF31,,-1.000000,5,,BSE,1.000000,0,False
960153,81LTF35,81LTF35,,-1.000000,5,,BSE,1.000000,0,False
960185,710PNB35,710PNB35,,-1.000000,1,,BSE,1.000000,0,False
960212,7LKCPL26,7LKCPL26,,-1.000000,1,,BSE,1.000000,0,False
810968,771MH33,771MH33,,-1.000000,1,,BSE,5.000000,0,False
810969,77MH34,77MH34,,-1.000000,1,,BSE,5.000000,0,False
810980,764GJ31,764GJ31,,-1.000000,1,,BSE,1.000000,0,False
810983,763GJ33,763GJ33,,-1.000000,1,,BSE,1.000000,0,False
975399,788IGT29,788IGT29,,-1.000000,1,,BSE,1.000000,0,False
975434,833HFSL27,833HFSL27,,-1.000000,1,,BSE,1.000000,0,False
975443,ABCRESET27,ABCRESET27,,-1.000000,1,,BSE,1.000000,0,False
975459,98024PLD28,98024PLD28,,-1.000000,100000,,BSE,1.000000,0,False
960241,795LTF32,795LTF32,,-1.000000,5,,BSE,1.000000,0,False
960242,795LTF33,795LTF33,,-1.000000,5,,BSE,1.000000,0,False
960399,TFSRIRR27,TFSRIRR27,,-1.000000,1,,BSE,1.000000,0,False
960410,1101MECL31,1101MECL31,,-1.000000,1,,BSE,1.000000,0,False
805243,364TB15727,364TB15727,,-1.000000,1,,BSE,1.000000,0,False
805245,182T210127,182T210127,,-1.000000,1,,BSE,1.000000,0,False
805256,364TB19827,364TB19827,,-1.000000,1,,BSE,1.000000,0,False
805262,91TB031226,91TB031226,,-1.000000,1,,BSE,1.000000,0,False
810984,763GJ34,763GJ34,,-1.000000,1,,BSE,1.000000,0,False
810985,767KA42,767KA42,,-1.000000,1,,BSE,1.000000,0,False
810999,742MH37,742MH37,,-1.000000,1,,BSE,1.000000,0,False
811005,747KL50,747KL50,,-1.000000,1,,BSE,1.000000,0,False
975494,839JSWSL27,839JSWSL27,,-1.000000,1,,BSE,1.000000,0,False
975514,1040ECL27,1040ECL27,,-1.000000,1,,BSE,1.000000,0,False
975515,990OFSL027,990OFSL027,,-1.000000,1,,BSE,1.000000,0,False
975522,755BSNL34,755BSNL34,,-1.000000,1,,BSE,1.000000,0,False
960422,942THFL31,942THFL31,,-1.000000,1,,BSE,1.000000,0,False
960428,797RECPER,797RECPER,,-1.000000,1,,BSE,1.000000,0,False
960437,702REC36,702REC36,,-1.000000,1,,BSE,1.000000,0,False
960484,686NHPC33,686NHPC33,,-1.000000,10,,BSE,1.000000,0,False
811038,725TLSDL46,725TLSDL46,,-1.000000,1,,BSE,1.000000,0,False
811054,719MHSDL40,719MHSDL40,,-1.000000,1,,BSE,1.000000,0,False
811059,712MHSDL38,712MHSDL38,,-1.000000,1,,BSE,1.000000,0,False
811063,694TNSDL55,694TNSDL55,,-1.000000,1,,BSE,1.000000,0,False
975533,DIALRESE34,DIALRESE34,,-1.000000,1,,BSE,1.000000,0,False
975541,873AFLPERP,873AFLPERP,,-1.000000,1,,BSE,1.000000,0,False
975542,845MRHFL27,845MRHFL27,,-1.000000,1,,BSE,1.000000,0,False
975546,129EFL29,129EFL29,,-1.000000,1,,BSE,1.000000,0,False
810590,773RJ2027,773RJ2027,,-1.000000,1,,BSE,1.000000,0,False
810602,825GJSDL29,825GJSDL29,,-1.000000,1,,BSE,5.000000,0,False
810620,815MH2030,815MH2030,,-1.000000,1,,BSE,5.000000,0,False
810628,724MHSDL29,724MHSDL29,,-1.000000,1,,BSE,1.000000,0,False
960485,686NHPC34,686NHPC34,,-1.000000,10,,BSE,1.000000,0,False
961760,704REC28,704REC28,,-1.000000,1,,BSE,1.000000,0,False
961763,717KPL28,717KPL28,,-1.000000,1,,BSE,1.000000,0,False
961783,849HUDCO33,849HUDCO33,,-1.000000,1,,BSE,1.000000,0,False
975552,910KIIFB31,910KIIFB31,,-1.000000,1,,BSE,1.000000,0,False
975556,910KIIFB34,910KIIFB34,,-1.000000,1,,BSE,1.000000,0,False
975558,9TCPL30,9TCPL30,,-1.000000,1,,BSE,1.000000,0,False
975580,1430DKGF29,1430DKGF29,,-1.000000,1,,BSE,1.000000,0,False
811079,774TELSD51,774TELSD51,,-1.000000,1,,BSE,1.000000,0,False
811100,752APSDL37,752APSDL37,,-1.000000,1,,BSE,1.000000,0,False
811127,797RJSDL43,797RJSDL43,,-1.000000,1,,BSE,1.000000,0,False
811129,781APSDL56,781APSDL56,,-1.000000,1,,BSE,1.000000,0,False
961798,875IIFCL33,875IIFCL33,,-1.000000,1,,BSE,1.000000,0,False
961806,848NTPC28,848NTPC28,,-1.000000,1,,BSE,1.000000,0,False
961830,865IRFC29,865IRFC29,,-1.000000,1,,BSE,1.000000,0,False
961885,888IRFC29,888IRFC29,,-1.000000,1,,BSE,1.000000,0,False
975586,925THFL27,925THFL27,,-1.000000,1,,BSE,1.000000,0,False
975613,AFI260324,AFI260324,,-1.000000,1,,BSE,1.000000,0,False
975654,796MBP29,796MBP29,,-1.000000,1,,BSE,1.000000,0,False
975661,806BFL29A,806BFL29A,,-1.000000,1,,BSE,1.000000,0,False
810651,659RJ30,659RJ30,,-1.000000,1,,BSE,5.000000,0,False
810661,664KA32,664KA32,,-1.000000,1,,BSE,5.000000,0,False
810681,675KA34,675KA34,,-1.000000,1,,BSE,1.000000,0,False
810685,668KA36,668KA36,,-1.000000,1,,BSE,1.000000,0,False
811132,767UPSDL41,767UPSDL41,,-1.000000,1,,BSE,1.000000,0,False
811135,743GJSDL35,743GJSDL35,,-1.000000,1,,BSE,1.000000,0,False
811137,780TNSDL41,780TNSDL41,,-1.000000,1,,BSE,5.000000,0,False
811151,753TELSD39,753TELSD39,,-1.000000,1,,BSE,1.000000,0,False
961891,855IIFCL34,855IIFCL34,,-1.000000,1,,BSE,1.000000,0,False
961908,753NTPC30E,753NTPC30E,,-1.000000,1,,BSE,1.000000,0,False
972368,PIDBSTRP27,PIDBSTRP27,,-1.000000,1,,BSE,1.000000,0,False
972581,IFCI35,IFCI35,,-1.000000,4,,BSE,1.000000,0,False
975680,815AFL29,815AFL29,,-1.000000,1,,BSE,1.000000,0,False
975696,1306LMP27,1306LMP27,,-1.000000,1,,BSE,1.000000,0,False
975725,0SFL27,0SFL27,,-1.000000,1,,BSE,1.000000,0,False
975734,TRILRE27,TRILRE27,,-1.000000,1,,BSE,1.000000,0,False
810686,652KA30,652KA30,,-1.000000,1,,BSE,1.000000,0,False
810694,695TN31,695TN31,,-1.000000,1,,BSE,5.000000,0,False
810720,686PN33,686PN33,,-1.000000,1,,BSE,1.000000,0,False
810746,695MH32,695MH32,,-1.000000,1,,BSE,1.000000,0,False
890234,VERTEXPP,VERTEXPP,,-1.000000,1,,BSE,1.000000,0,False
929004,10GVMC28,10GVMC28,,-1.000000,1,,BSE,1.000000,0,False
929011,85LMC29,85LMC29,,-1.000000,7,,BSE,1.000000,0,False
929012,85LMC30,85LMC30,,-1.000000,8,,BSE,1.000000,0,False
972721,872IFCI27,872IFCI27,,-1.000000,1,,BSE,1.000000,0,False
972745,941IIFC37,941IIFC37,,-1.000000,1,,BSE,1.000000,0,False
972788,738IRFC27A,738IRFC27A,,-1.000000,1,,BSE,1.000000,0,False
972878,876IFCI29,876IFCI29,,-1.000000,1,,BSE,1.000000,0,False
975735,835KPIL27,835KPIL27,,-1.000000,1,,BSE,1.000000,0,False
975740,735RECL34,735RECL34,,-1.000000,1,,BSE,1.000000,0,False
975742,764NBRD29,764NBRD29,,-1.000000,1,,BSE,1.000000,0,False
975765,787IGT27,787IGT27,,-1.000000,1,,BSE,1.000000,0,False
810758,71MH36,71MH36,,-1.000000,1,,BSE,1.000000,0,False
810763,70TN31,70TN31,,-1.000000,1,,BSE,1.000000,0,False
810764,643MH27,643MH27,,-1.000000,1,,BSE,1.000000,0,False
810768,691RJ31A,691RJ31A,,-1.000000,1,,BSE,1.000000,0,False
929026,807PNN32,807PNN32,,-1.000000,1,,BSE,1.000000,0,False
935574,753IRFC30,753IRFC30,,-1.000000,1,,BSE,1.000000,0,False
936276,931SFIL26A,931SFIL26A,,-1.000000,1,,BSE,1.000000,0,False
936292,9TCAP28,9TCAP28,,-1.000000,1,,BSE,1.000000,0,False
973003,75IHFCL33,75IHFCL33,,-1.000000,2,,BSE,1.000000,0,False
973036,728NHAI39,728NHAI39,,-1.000000,1,,BSE,1.000000,0,False
973045,881JFP31,881JFP31,,-1.000000,1,,BSE,1.000000,0,False
973087,777TPCL31,777TPCL31,,-1.000000,1,,BSE,1.000000,0,False
975774,0ICLFL30A,0ICLFL30A,,-1.000000,1,,BSE,1.000000,0,False
975778,965VFSP26,965VFSP26,,-1.000000,1,,BSE,1.000000,0,False
975781,1215NGPL29,1215NGPL29,,-1.000000,1,,BSE,1.000000,0,False
975801,789BOM34,789BOM34,,-1.000000,1,,BSE,1.000000,0,False
810779,689GJ31,689GJ31,,-1.000000,1,,BSE,1.000000,0,False
810787,693GJ31A,693GJ31A,,-1.000000,1,,BSE,1.000000,0,False
810791,692RJ31,692RJ31,,-1.000000,1,,BSE,1.000000,0,False
810809,733KA37,733KA37,,-1.000000,1,,BSE,1.000000,0,False
973124,8SFL31,8SFL31,,-1.000000,1,,BSE,1.000000,0,False
973176,663HPCL31,663HPCL31,,-1.000000,1,,BSE,1.000000,0,False
973213,726ABCL31,726ABCL31,,-1.000000,1,,BSE,1.000000,0,False
973363,723CFSL31,723CFSL31,,-1.000000,1,,BSE,1.000000,0,False
975803,1746CSAI28,1746CSAI28,,-1.000000,1,,BSE,1.000000,0,False
975826,739IRFC34,739IRFC34,,-1.000000,1,,BSE,1.000000,0,False
975829,736IOCL29,736IOCL29,,-1.000000,1,,BSE,1.000000,0,False
975830,789BHFL34,789BHFL34,,-1.000000,1,,BSE,1.000000,0,False
936322,975AHFL28,975AHFL28,,-1.000000,1,,BSE,1.000000,0,False
936398,1015ECL29,1015ECL29,,-1.000000,1,,BSE,1.000000,0,False
936460,97SFL29,97SFL29,,-1.000000,1,,BSE,1.000000,0,False
936478,105IIFL29,105IIFL29,,-1.000000,1,,BSE,1.000000,0,False
975836,745RECL35,745RECL35,,-1.000000,1,,BSE,1.000000,0,False
975851,ICL230724,ICL230724,,-1.000000,1,,BSE,1.000000,0,False
975858,985USGIC34,985USGIC34,,-1.000000,1,,BSE,1.000000,0,False
975873,1030IKF27,1030IKF27,,-1.000000,1,,BSE,1.000000,0,False
810827,719TN32,719TN32,,-1.000000,1,,BSE,5.000000,0,False
810831,737RJ34,737RJ34,,-1.000000,1,,BSE,1.000000,0,False
810835,739TN42,739TN42,,-1.000000,1,,BSE,1.000000,0,False
810846,771AP32,771AP32,,-1.000000,1,,BSE,1.000000,0,False
973374,726NHAI38,726NHAI38,,-1.000000,1,,BSE,1.000000,0,False
973412,692IRFC31,692IRFC31,,-1.000000,1,,BSE,1.000000,0,False
973460,865SFL31,865SFL31,,-1.000000,1,,BSE,1.000000,0,False
973519,695PFCL31,695PFCL31,,-1.000000,1,,BSE,1.000000,0,False
936526,92LTF29,92LTF29,,-1.000000,1,,BSE,1.000000,0,False
936532,898LTF29,898LTF29,,-1.000000,1,,BSE,1.000000,0,False
936634,829PFL29,829PFL29,,-1.000000,1,,BSE,1.000000,0,False
936944,MFLZC27D,MFLZC27D,,-1.000000,1,,BSE,1.000000,0,False
975886,825MRHF29,825MRHF29,,-1.000000,1,,BSE,1.000000,0,False
975905,EEL130827,EEL130827,,-1.000000,1,,BSE,1.000000,0,False
975929,12AFIL29,12AFIL29,,-1.000000,1,,BSE,1.000000,0,False
975948,88ABDFV27,88ABDFV27,,-1.000000,1,,BSE,1.000000,0,False
975985,730PFCL34,730PFCL34,,-1.000000,1,,BSE,1.000000,0,False
810851,803AP35,803AP35,,-1.000000,1,,BSE,1.000000,0,False
810854,799TN42,799TN42,,-1.000000,1,,BSE,1.000000,0,False
810856,804AP41,804AP41,,-1.000000,1,,BSE,5.000000,0,False
810873,773GJ32,773GJ32,,-1.000000,1,,BSE,5.000000,0,False
936977,104ECL29,104ECL29,,-1.000000,1,,BSE,1.000000,0,False
937015,85LTF26,85LTF26,,-1.000000,1,,BSE,1.000000,0,False
937051,801TCH28,801TCH28,,-1.000000,1,,BSE,1.000000,0,False
937059,TCHF30,TCHF30,,-1.000000,1,,BSE,1.000000,0,False
973560,725BHFL31,725BHFL31,,-1.000000,1,,BSE,1.000000,0,False
973667,699ABL31,699ABL31,,-1.000000,1,,BSE,1.000000,0,False
973735,899JMFCS32,899JMFCS32,,-1.000000,1,,BSE,1.000000,0,False
973736,67ABHF27,67ABHF27,,-1.000000,1,,BSE,1.000000,0,False
975969,8ATIT34,8ATIT34,,-1.000000,1,,BSE,1.000000,0,False
975976,843JSL31,843JSL31,,-1.000000,1,,BSE,1.000000,0,False
975978,737IIFCL34,737IIFCL34,,-1.000000,1,,BSE,1.000000,0,False
937093,1025NWFL30,1025NWFL30,,-1.000000,1,,BSE,1.000000,0,False
937347,995EFSL31,995EFSL31,,-1.000000,1,,BSE,1.000000,0,False
973965,799BFL35,799BFL35,,-1.000000,1,,BSE,1.000000,0,False
975989,8049ABHF27,8049ABHF27,,-1.000000,1,,BSE,1.000000,0,False
975993,820PFL29,820PFL29,,-1.000000,1,,BSE,1.000000,0,False
976011,925DHRU30,925DHRU30,,-1.000000,1,,BSE,1.000000,0,False
976026,115SFPLP29,115SFPLP29,,-1.000000,1,,BSE,1.000000,0,False
810888,764MH32,764MH32,,-1.000000,1,,BSE,1.000000,0,False
810891,775GJ32,775GJ32,,-1.000000,1,,BSE,5.000000,0,False
810892,77KL47,77KL47,,-1.000000,1,,BSE,1.000000,0,False
810895,77MH30,77MH30,,-1.000000,1,,BSE,1.000000,0,False
937207,KFL27,KFL27,,-1.000000,1,,BSE,1.000000,0,False
937345,953EFSL31,953EFSL31,,-1.000000,1,,BSE,1.000000,0,False
973757,765PDPL29,765PDPL29,,-1.000000,1,,BSE,1.000000,0,False
973878,970UPPC30,970UPPC30,,-1.000000,1,,BSE,1.000000,0,False
973901,1365AFSL27,1365AFSL27,,-1.000000,1,,BSE,1.000000,0,False
976029,794IHFC29,794IHFC29,,-1.000000,1,,BSE,1.000000,0,False
976034,722PFCL31,722PFCL31,,-1.000000,1,,BSE,1.000000,0,False
976043,812DLFCD27,812DLFCD27,,-1.000000,1,,BSE,1.000000,0,False
976077,7781KMPL29,7781KMPL29,,-1.000000,1,,BSE,1.000000,0,False
974000,779IOCL32,779IOCL32,,-1.000000,1,,BSE,1.000000,0,False
974043,815CFSL32,815CFSL32,,-1.000000,1,,BSE,1.000000,0,False
974057,777HDFCB27,777HDFCB27,,-1.000000,1,,BSE,1.000000,0,False
974063,8AHL2042,8AHL2042,,-1.000000,1,,BSE,1.000000,0,False
810913,763KA39,763KA39,,-1.000000,1,,BSE,1.000000,0,False
810942,771AP33A,771AP33A,,-1.000000,1,,BSE,5.000000,0,False
810949,72MH28,72MH28,,-1.000000,1,,BSE,1.000000,0,False
810951,718GJ28,718GJ28,,-1.000000,1,,BSE,1.000000,0,False
937503,970EFSL31,970EFSL31,,-1.000000,1,,BSE,1.000000,0,False
937549,950MFCL27D,950MFCL27D,,-1.000000,1,,BSE,1.000000,0,False
937579,875PFL31,875PFL31,,-1.000000,1,,BSE,1.000000,0,False
937763,11KAFL26,11KAFL26,,-1.000000,1,,BSE,1.000000,0,False
976089,949KIIFB33,949KIIFB33,,-1.000000,1,,BSE,1.000000,0,False
976094,925SFL027,925SFL027,,-1.000000,1,,BSE,1.000000,0,False
976103,799MPL26A,799MPL26A,,-1.000000,1,,BSE,1.000000,0,False
976107,RRBHFL29,RRBHFL29,,-1.000000,1,,BSE,1.000000,0,False
974075,795MBPR27,795MBPR27,,-1.000000,1,,BSE,1.000000,0,False
974206,830PNBPERP,830PNBPERP,,-1.000000,1,,BSE,1.000000,0,False
974283,995UPPCL27,995UPPCL27,,-1.000000,1,,BSE,1.000000,0,False
974335,91TIAPL30,91TIAPL30,,-1.000000,1,,BSE,1.000000,0,False
974420,788ABL32,788ABL32,,-1.000000,1,,BSE,1.000000,0,False
974427,744NTPC33,744NTPC33,,-1.000000,1,,BSE,1.000000,0,False
974450,962APSB30A,962APSB30A,,-1.000000,1,,BSE,1.000000,0,False
974451,962APSB31A,962APSB31A,,-1.000000,1,,BSE,1.000000,0,False
976123,798SBIPERP,798SBIPERP,,-1.000000,1,,BSE,1.000000,0,False
976130,743JUPPL34,743JUPPL34,,-1.000000,1,,BSE,1.000000,0,False
976134,772IHFCL29,772IHFCL29,,-1.000000,1,,BSE,1.000000,0,False
976161,709RL39,709RL39,,-1.000000,1,,BSE,1.000000,0,False
810964,745GJ31,745GJ31,,-1.000000,1,,BSE,1.000000,0,False
810974,769KA33A,769KA33A,,-1.000000,1,,BSE,1.000000,0,False
810975,766GJ30A,766GJ30A,,-1.000000,1,,BSE,1.000000,0,False
810976,755GJ31,755GJ31,,-1.000000,1,,BSE,1.000000,0,False
937767,KAFL28A,KAFL28A,,-1.000000,1,,BSE,1.000000,0,False
937939,10KFIL27,10KFIL27,,-1.000000,1,,BSE,1.000000,0,False
937971,889SCL27,889SCL27,,-1.000000,1,,BSE,1.000000,0,False
938015,MFLIV27D,MFLIV27D,,-1.000000,1,,BSE,1.000000,0,False
810978,74GJ26,74GJ26,,-1.000000,1,,BSE,1.000000,0,False
810982,773MH36,773MH36,,-1.000000,1,,BSE,1.000000,0,False
810986,76GJ33,76GJ33,,-1.000000,1,,BSE,1.000000,0,False
810987,763MH36,763MH36,,-1.000000,1,,BSE,1.000000,0,False
938093,IML28C,IML28C,,-1.000000,1,,BSE,1.000000,0,False
938109,NWIL27,NWIL27,,-1.000000,1,,BSE,1.000000,0,False
938125,KFL27A,KFL27A,,-1.000000,1,,BSE,1.000000,0,False
938226,79NHIT47,79NHIT47,,-1.000000,1,,BSE,1.000000,0,False
974497,765IRFC32,765IRFC32,,-1.000000,1,,BSE,1.000000,0,False
974542,815ATL31,815ATL31,,-1.000000,1,,BSE,1.000000,0,False
974583,83AHFL28,83AHFL28,,-1.000000,1,,BSE,1.000000,0,False
974586,778MTNL33,778MTNL33,,-1.000000,1,,BSE,1.000000,0,False
976168,832KPIL27A,832KPIL27A,,-1.000000,1,,BSE,1.000000,0,False
976173,990IKFFL27,990IKFFL27,,-1.000000,1,,BSE,1.000000,0,False
976180,942360OP27,942360OP27,,-1.000000,1,,BSE,1.000000,0,False
976203,1090USFB31,1090USFB31,,-1.000000,1,,BSE,1.000000,0,False
976224,710PFCL35,710PFCL35,,-1.000000,1,,BSE,1.000000,0,False
976238,837AHFL28,837AHFL28,,-1.000000,1,,BSE,1.000000,0,False
810989,742GJ31,742GJ31,,-1.000000,1,,BSE,1.000000,0,False
810991,749MH36,749MH36,,-1.000000,1,,BSE,1.000000,0,False
810993,742GJ33,742GJ33,,-1.000000,1,,BSE,1.000000,0,False
810998,736TN54,736TN54,,-1.000000,1,,BSE,1.000000,0,False
938410,980SFIL28,980SFIL28,,-1.000000,1,,BSE,1.000000,0,False
938552,785MFL2028,785MFL2028,,-1.000000,1,,BSE,1.000000,0,False
938600,950SFL27,950SFL27,,-1.000000,1,,BSE,1.000000,0,False
938664,10EFS33,10EFS33,,-1.000000,1,,BSE,1.000000,0,False
974588,909THFL33,909THFL33,,-1.000000,1,,BSE,1.000000,0,False
974638,11HFL28A,11HFL28A,,-1.000000,1,,BSE,1.000000,0,False
974639,1050HFL28,1050HFL28,,-1.000000,1,,BSE,1.000000,0,False
974641,774HPCL28,774HPCL28,,-1.000000,1,,BSE,1.000000,0,False
976226,77215BFL27,77215BFL27,,-1.000000,1,,BSE,1.000000,0,False
976236,965SFL27,965SFL27,,-1.000000,1,,BSE,1.000000,0,False
811007,743TAMSDL34,743TAMSDL34,,-1.000000,1,,BSE,1.000000,0,False
811012,739TNSDL32,739TNSDL32,,-1.000000,1,,BSE,1.000000,0,False
811019,733APSDL43,733APSDL43,,-1.000000,1,,BSE,1.000000,0,False
811023,730MHSDL38,730MHSDL38,,-1.000000,1,,BSE,1.000000,0,False
974655,782PFCL30,782PFCL30,,-1.000000,1,,BSE,1.000000,0,False
974656,782PFCL31,782PFCL31,,-1.000000,1,,BSE,1.000000,0,False
974657,871GMRHI33,871GMRHI33,,-1.000000,1,,BSE,1.000000,0,False
974704,9SVPL33,9SVPL33,,-1.000000,1,,BSE,1.000000,0,False
976265,712PGCIL34,712PGCIL34,,-1.000000,1,,BSE,1.000000,0,False
976272,835MRHF34,835MRHF34,,-1.000000,1,,BSE,1.000000,0,False
976297,968THFP27,968THFP27,,-1.000000,1,,BSE,1.000000,0,False
976298,84HHFL28,84HHFL28,,-1.000000,1,,BSE,1.000000,0,False
938694,971SCL28I,971SCL28I,,-1.000000,1,,BSE,1.000000,0,False
938836,1003SCL30,1003SCL30,,-1.000000,1,,BSE,1.000000,0,False
938840,980SCL33C,980SCL33C,,-1.000000,1,,BSE,1.000000,0,False
938846,1075SCL33A,1075SCL33A,,-1.000000,1,,BSE,1.000000,0,False
976304,1010AFL27,1010AFL27,,-1.000000,1,,BSE,1.000000,0,False
976324,94AKCF28,94AKCF28,,-1.000000,1,,BSE,1.000000,0,False
976333,968THFPL28,968THFPL28,,-1.000000,1,,BSE,1.000000,0,False
976361,IFSL24125,IFSL24125,,-1.000000,1,,BSE,1.000000,0,False
811024,730MHSDL39,730MHSDL39,,-1.000000,1,,BSE,1.000000,0,False
811027,729TMSDL54,729TMSDL54,,-1.000000,1,,BSE,1.000000,0,False
811039,708KASDL34,708KASDL34,,-1.000000,1,,BSE,1.000000,0,False
811043,7TNSDL29,7TNSDL29,,-1.000000,1,,BSE,1.000000,0,False
938850,888SCL25E,888SCL25E,,-1.000000,1,,BSE,1.000000,0,False
938898,920EFSL26A,920EFSL26A,,-1.000000,1,,BSE,1.000000,0,False
938912,1045EFSL33,1045EFSL33,,-1.000000,1,,BSE,1.000000,0,False
938928,MFL26D,MFL26D,,-1.000000,1,,BSE,1.000000,0,False
974711,890KFC31,890KFC31,,-1.000000,1,,BSE,1.000000,0,False
974720,1075MSFS28,1075MSFS28,,-1.000000,1,,BSE,1.000000,0,False
974742,890TIAPL28,890TIAPL28,,-1.000000,1,,BSE,1.000000,0,False
974749,1055MECL33,1055MECL33,,-1.000000,1,,BSE,1.000000,0,False
976370,10UCL29,10UCL29,,-1.000000,1,,BSE,1.000000,0,False
976377,EEL310125,EEL310125,,-1.000000,1,,BSE,1.000000,0,False
976384,PLDAN31125,PLDAN31125,,-1.000000,100000,,BSE,1.000000,0,False
976385,725NBFI40,725NBFI40,,-1.000000,1,,BSE,1.000000,0,False
811058,713MHSDL37,713MHSDL37,,-1.000000,1,,BSE,1.000000,0,False
811080,731TNSDL34,731TNSDL34,,-1.000000,1,,BSE,1.000000,0,False
811084,726TNSDL35,726TNSDL35,,-1.000000,1,,BSE,1.000000,0,False
811090,745TLSDL57,745TLSDL57,,-1.000000,1,,BSE,1.000000,0,False
938978,948SCL26A,948SCL26A,,-1.000000,1,,BSE,1.000000,0,False
938982,SCLZC26E,SCLZC26E,,-1.000000,1,,BSE,1.000000,0,False
938996,1075SCL33B,1075SCL33B,,-1.000000,1,,BSE,1.000000,0,False
938998,980SCL33,980SCL33,,-1.000000,1,,BSE,1.000000,0,False
974789,805IIL28,805IIL28,,-1.000000,1,,BSE,1.000000,0,False
974845,910THFL33,910THFL33,,-1.000000,1,,BSE,1.000000,0,False
974852,772BFL33,772BFL33,,-1.000000,1,,BSE,1.000000,0,False
974909,8NST28,8NST28,,-1.000000,1,,BSE,1.000000,0,False
976397,767CHT42,767CHT42,,-1.000000,1,,BSE,1.000000,0,False
976405,776IHFCL30,776IHFCL30,,-1.000000,1,,BSE,1.000000,0,False
976412,975NWFL27,975NWFL27,,-1.000000,1,,BSE,1.000000,0,False
976417,19KTPL28,19KTPL28,,-1.000000,1,,BSE,1.000000,0,False
811102,746KASDL36,746KASDL36,,-1.000000,1,,BSE,1.000000,0,False
811105,754TRSDL40,754TRSDL40,,-1.000000,1,,BSE,1.000000,0,False
811116,754MHSDL37,754MHSDL37,,-1.000000,1,,BSE,1.000000,0,False
811122,741GJSDL37,741GJSDL37,,-1.000000,1,,BSE,1.000000,0,False
939020,CIFCZC26,CIFCZC26,,-1.000000,1,,BSE,1.000000,0,False
939050,957ISFL26,957ISFL26,,-1.000000,1,,BSE,1.000000,0,False
939096,MML28A,MML28A,,-1.000000,1,,BSE,1.000000,0,False
939114,990SCL26B,990SCL26B,,-1.000000,1,,BSE,1.000000,0,False
974937,1050HFL28A,1050HFL28A,,-1.000000,1,,BSE,1.000000,0,False
974965,89THFL33,89THFL33,,-1.000000,1,,BSE,1.000000,0,False
974980,810SBIPERP,810SBIPERP,,-1.000000,1,,BSE,1.000000,0,False
974982,759MTNL33,759MTNL33,,-1.000000,1,,BSE,1.000000,0,False
976418,840NHL30,840NHL30,,-1.000000,1,,BSE,1.000000,0,False
976419,960IFSL27,960IFSL27,,-1.000000,1,,BSE,1.000000,0,False
976422,77BOM35,77BOM35,,-1.000000,1,,BSE,1.000000,0,False
976424,742PFC28,742PFC28,,-1.000000,1,,BSE,1.000000,0,False
811130,777MHSDL44,777MHSDL44,,-1.000000,1,,BSE,1.000000,0,False
811134,774GJSDL38,774GJSDL38,,-1.000000,1,,BSE,5.000000,0,False
811145,765TSDL55,765TSDL55,,-1.000000,1,,BSE,5.000000,0,False
811146,782UPSDL46,782UPSDL46,,-1.000000,1,,BSE,1.000000,0,False
939134,1025SCL33,1025SCL33,,-1.000000,1,,BSE,1.000000,0,False
939228,86CIFC29,86CIFC29,,-1.000000,1,,BSE,1.000000,0,False
939246,MFLZC27F,MFLZC27F,,-1.000000,1,,BSE,1.000000,0,False
939262,IML160224,IML160224,,-1.000000,1,,BSE,1.000000,0,False
974990,7988HFSL26,7988HFSL26,,-1.000000,1,,BSE,1.000000,0,False
974998,1240AFPL29,1240AFPL29,,-1.000000,1,,BSE,1.000000,0,False
974999,EFCL280723,EFCL280723,,-1.000000,1,,BSE,1.000000,0,False
975036,735IGT38,735IGT38,,-1.000000,1,,BSE,1.000000,0,False
976427,1115MHF30,1115MHF30,,-1.000000,1,,BSE,1.000000,0,False
976436,965VFL28,965VFL28,,-1.000000,1,,BSE,1.000000,0,False
976464,895AFIPL29,895AFIPL29,,-1.000000,1,,BSE,1.000000,0,False
976468,875JEL28,875JEL28,,-1.000000,1,,BSE,1.000000,0,False
976476,1225ICLF29,1225ICLF29,,-1.000000,1,,BSE,1.000000,0,False
976484,960SFL35,960SFL35,,-1.000000,1,,BSE,1.000000,0,False
976486,1035EFCL28,1035EFCL28,,-1.000000,1,,BSE,1.000000,0,False
976494,6HHPL28,6HHPL28,,-1.000000,1,,BSE,1.000000,0,False
811147,765RJSDL53,765RJSDL53,,-1.000000,1,,BSE,1.000000,0,False
890226,SURAJINDPP,SURAJINDPP,,-1.000000,1,,BSE,1.000000,0,False
929008,85LMC26,85LMC26,,-1.000000,7,,BSE,1.000000,0,False
929017,810GNN29,810GNN29,,-1.000000,7,,BSE,1.000000,0,False
975088,105HFL27,105HFL27,,-1.000000,1,,BSE,1.000000,0,False
975112,815HEGIC33,815HEGIC33,,-1.000000,1,,BSE,1.000000,0,False
975122,JMFHL28923,JMFHL28923,,-1.000000,1,,BSE,1.000000,0,False
975188,8995JMFP26,8995JMFP26,,-1.000000,1,,BSE,1.000000,0,False
939309,1026NIDO34,1026NIDO34,,-1.000000,1,,BSE,1.000000,0,False
939319,11CCIL27,11CCIL27,,-1.000000,1,,BSE,1.000000,0,False
939359,965SCL29,965SCL29,,-1.000000,1,,BSE,1.000000,0,False
939373,1003SCFL31,1003SCFL31,,-1.000000,1,,BSE,1.000000,0,False
976507,9MCHICL35,9MCHICL35,,-1.000000,1,,BSE,1.000000,0,False
976519,1035AFL27,1035AFL27,,-1.000000,1,,BSE,1.000000,0,False
976521,794IIL30,794IIL30,,-1.000000,1,,BSE,1.000000,0,False
976523,9TCPIPL31,9TCPIPL31,,-1.000000,1,,BSE,1.000000,0,False
929025,807PNN31,807PNN31,,-1.000000,1,,BSE,1.000000,0,False
935546,718REC35,718REC35,,-1.000000,1,,BSE,1.000000,0,False
935548,743REC35,743REC35,,-1.000000,1,,BSE,1.000000,0,False
935568,728IRFC30,728IRFC30,,-1.000000,1,,BSE,1.000000,0,False
975235,1225AFPL29,1225AFPL29,,-1.000000,1,,BSE,1.000000,0,False
975247,769PFCL38,769PFCL38,,-1.000000,1,,BSE,1.000000,0,False
975298,965HHFL38,965HHFL38,,-1.000000,1,,BSE,1.000000,0,False
975309,875SFL34,875SFL34,,-1.000000,1,,BSE,1.000000,0,False
976528,12EGFSL27,12EGFSL27,,-1.000000,1,,BSE,1.000000,0,False
976540,12AFI30,12AFI30,,-1.000000,1,,BSE,1.000000,0,False
976548,980IKFFL27,980IKFFL27,,-1.000000,1,,BSE,1.000000,0,False
976572,940S1328,940S1328,,-1.000000,1,,BSE,1.000000,0,False
939375,1025SCFL34,1025SCFL34,,-1.000000,1,,BSE,1.000000,0,False
939389,1250IFL29,1250IFL29,,-1.000000,1,,BSE,1.000000,0,False
939411,EFS290424,EFS290424,,-1.000000,1,,BSE,1.000000,0,False
939481,93MOFSL34,93MOFSL34,,-1.000000,1,,BSE,1.000000,0,False
935570,725IRFC35,725IRFC35,,-1.000000,1,,BSE,1.000000,0,False
935638,739HUDC31,739HUDC31,,-1.000000,1,,BSE,1.000000,0,False
936044,800MMFSL27,800MMFSL27,,-1.000000,1,,BSE,1.000000,0,False
936224,975JMFCS28,975JMFCS28,,-1.000000,1,,BSE,1.000000,0,False
975329,995PDL34,995PDL34,,-1.000000,1,,BSE,1.000000,0,False
975351,819AFL29,819AFL29,,-1.000000,1,,BSE,1.000000,0,False
975401,82378HDB27,82378HDB27,,-1.000000,1,,BSE,1.000000,0,False
975406,760PFC29,760PFC29,,-1.000000,1,,BSE,1.000000,0,False
939483,97MOFSL34,97MOFSL34,,-1.000000,1,,BSE,1.000000,0,False
939537,1050SCL31,1050SCL31,,-1.000000,1,,BSE,1.000000,0,False
939583,958NHFL27,958NHFL27,,-1.000000,1,,BSE,1.000000,0,False
939587,0NHFL27,0NHFL27,,-1.000000,1,,BSE,1.000000,0,False
976587,835HHFL29,835HHFL29,,-1.000000,1,,BSE,1.000000,0,False
976618,11IML26B,11IML26B,,-1.000000,1,,BSE,1.000000,0,False
976632,925SKF027,925SKF027,,-1.000000,1,,BSE,1.000000,0,False
976647,640IIT34,640IIT34,,-1.000000,1,,BSE,1.000000,0,False
975409,757BOB34,757BOB34,,-1.000000,1,,BSE,1.000000,0,False
975423,747RL34,747RL34,,-1.000000,1,,BSE,1.000000,0,False
975429,AHL22244,AHL22244,,-1.000000,1,,BSE,1.000000,0,False
975447,995ICFL26C,995ICFL26C,,-1.000000,1,,BSE,1.000000,0,False
976661,123VFPL27,123VFPL27,,-1.000000,1,,BSE,1.000000,0,False
976666,686NHPCL39,686NHPCL39,,-1.000000,1,,BSE,1.000000,0,False
976669,686NHPCL32,686NHPCL32,,-1.000000,1,,BSE,1.000000,0,False
976688,114QSSP30,114QSSP30,,-1.000000,1,,BSE,1.000000,0,False
936386,981JMFCS28,981JMFCS28,,-1.000000,1,,BSE,1.000000,0,False
936454,957ICCL25,957ICCL25,,-1.000000,1,,BSE,1.000000,0,False
936572,885LTF27,885LTF27,,-1.000000,1,,BSE,1.000000,0,False
936576,852LTF27,852LTF27,,-1.000000,1,,BSE,1.000000,0,False
939591,1050NHFL29,1050NHFL29,,-1.000000,1,,BSE,1.000000,0,False
939611,0SFL31,0SFL31,,-1.000000,1,,BSE,1.000000,0,False
939621,EFSL260724,EFSL260724,,-1.000000,1,,BSE,1.000000,0,False
939623,1004EFSL29,1004EFSL29,,-1.000000,1,,BSE,1.000000,0,False
975462,751MTNL34,751MTNL34,,-1.000000,1,,BSE,1.000000,0,False
975495,780TRCL28,780TRCL28,,-1.000000,1,,BSE,1.000000,0,False
975496,780TRC28,780TRC28,,-1.000000,1,,BSE,1.000000,0,False
975503,1335SHFL27,1335SHFL27,,-1.000000,1,,BSE,1.000000,0,False
976702,1125IML26C,1125IML26C,,-1.000000,1,,BSE,1.000000,0,False
976717,719IHFCL28,719IHFCL28,,-1.000000,1,,BSE,1.000000,0,False
976728,75168KID31,75168KID31,,-1.000000,1,,BSE,1.000000,0,False
976731,EFCL280525,EFCL280525,,-1.000000,1,,BSE,1.000000,0,False
936810,865TCAPS27,865TCAPS27,,-1.000000,1,,BSE,1.000000,0,False
936812,875TCAPS29,875TCAPS29,,-1.000000,1,,BSE,1.000000,0,False
937017,865LTF26,865LTF26,,-1.000000,1,,BSE,1.000000,0,False
937055,83TCHF28,83TCHF28,,-1.000000,1,,BSE,1.000000,0,False
976762,JBL050625,JBL050625,,-1.000000,1,,BSE,1.000000,0,False
976788,975MML27A,975MML27A,,-1.000000,1,,BSE,1.000000,0,False
976794,905ONEP28,905ONEP28,,-1.000000,1,,BSE,1.000000,0,False
976810,707IGIT30,707IGIT30,,-1.000000,1,,BSE,1.000000,0,False
937129,MMLZC27,MMLZC27,,-1.000000,1,,BSE,1.000000,0,False
937241,KAFLZC26A,KAFLZC26A,,-1.000000,1,,BSE,1.000000,0,False
937273,MMLZC27B,MMLZC27B,,-1.000000,1,,BSE,1.000000,0,False
937287,1025KFL27A,1025KFL27A,,-1.000000,1,,BSE,1.000000,0,False
939627,EFSL26724A,EFSL26724A,,-1.000000,1,,BSE,1.000000,0,False
939719,MML11924C,MML11924C,,-1.000000,1,,BSE,1.000000,0,False
939733,99AEL29,99AEL29,,-1.000000,1,,BSE,1.000000,0,False
939749,990MFCL29,990MFCL29,,-1.000000,1,,BSE,1.000000,0,False
975506,1250UCL29,1250UCL29,,-1.000000,1,,BSE,1.000000,0,False
975518,765HDFC34,765HDFC34,,-1.000000,1,,BSE,1.000000,0,False
975590,745RL34,745RL34,,-1.000000,1,,BSE,1.000000,0,False
975599,829AXFL27,829AXFL27,,-1.000000,1,,BSE,1.000000,0,False
937469,MFLVI31F,MFLVI31F,,-1.000000,1,,BSE,1.000000,0,False
937533,769IGT28,769IGT28,,-1.000000,1,,BSE,1.000000,0,False
937539,772IGT31,772IGT31,,-1.000000,1,,BSE,1.000000,0,False
937541,797IGT31,797IGT31,,-1.000000,1,,BSE,1.000000,0,False
939827,NHF081024A,NHF081024A,,-1.000000,1,,BSE,1.000000,0,False
939861,11EFSL34C,11EFSL34C,,-1.000000,1,,BSE,1.000000,0,False
939873,965MFCL27A,965MFCL27A,,-1.000000,1,,BSE,1.000000,0,False
976829,915HLFLPER,915HLFLPER,,-1.000000,1,,BSE,1.000000,0,False
976855,10NFL27,10NFL27,,-1.000000,1,,BSE,1.000000,0,False
976877,8HLFL27,8HLFL27,,-1.000000,1,,BSE,1.000000,0,False
976882,1110AFSL30,1110AFSL30,,-1.000000,1,,BSE,1.000000,0,False
939807,1030ICFL27,1030ICFL27,,-1.000000,1,,BSE,1.000000,0,False
975621,1353TECP29,1353TECP29,,-1.000000,1,,BSE,1.000000,0,False
975630,1050AFL27,1050AFL27,,-1.000000,1,,BSE,1.000000,0,False
975632,1040SCNL27,1040SCNL27,,-1.000000,1,,BSE,1.000000,0,False
975648,771NEEPC34,771NEEPC34,,-1.000000,1,,BSE,1.000000,0,False
976887,8VPPL45A,8VPPL45A,,-1.000000,1,,BSE,1.000000,0,False
976909,71ABHFL27,71ABHFL27,,-1.000000,1,,BSE,1.000000,0,False
976915,114KF27,114KF27,,-1.000000,1,,BSE,1.000000,0,False
976916,753PFL27,753PFL27,,-1.000000,1,,BSE,1.000000,0,False
937799,915EFSL26A,915EFSL26A,,-1.000000,1,,BSE,1.000000,0,False
937819,MMLZC27D,MMLZC27D,,-1.000000,1,,BSE,1.000000,0,False
937921,11KAFL27,11KAFL27,,-1.000000,1,,BSE,1.000000,0,False
937987,SFL27,SFL27,,-1.000000,1,,BSE,1.000000,0,False
939927,ICLF21224A,ICLF21224A,,-1.000000,1,,BSE,1.000000,0,False
939955,KLMA041224,KLMA041224,,-1.000000,1,,BSE,1.000000,0,False
939959,925KFL26B,925KFL26B,,-1.000000,1,,BSE,1.000000,0,False
939963,10KFL27C,10KFL27C,,-1.000000,1,,BSE,1.000000,0,False
975650,834HDB27,834HDB27,,-1.000000,1,,BSE,1.000000,0,False
975666,940NHFL26,940NHFL26,,-1.000000,1,,BSE,1.000000,0,False
975708,0ICLFL30,0ICLFL30,,-1.000000,1,,BSE,1.000000,0,False
975713,119ACAP26,119ACAP26,,-1.000000,1,,BSE,1.000000,0,False
976934,858KFC31,858KFC31,,-1.000000,1,,BSE,1.000000,0,False
976942,715MRHFL28,715MRHFL28,,-1.000000,1,,BSE,1.000000,0,False
976946,RREOPR35,RREOPR35,,-1.000000,1,,BSE,1.000000,0,False
976971,707BFL28,707BFL28,,-1.000000,1,,BSE,1.000000,0,False
975715,75IREDA34,75IREDA34,,-1.000000,1,,BSE,1.000000,0,False
975772,12ICLFL27A,12ICLFL27A,,-1.000000,1,,BSE,1.000000,0,False
975782,81004KIF30,81004KIF30,,-1.000000,1,,BSE,1.000000,0,False
975794,1182KSL26,1182KSL26,,-1.000000,1,,BSE,1.000000,0,False
937999,915NIDO27,915NIDO27,,-1.000000,1,,BSE,1.000000,0,False
938001,955NIDO27,955NIDO27,,-1.000000,1,,BSE,1.000000,0,False
938105,916NWIL27,916NWIL27,,-1.000000,1,,BSE,1.000000,0,False
938107,955NWIL27,955NWIL27,,-1.000000,1,,BSE,1.000000,0,False
939977,865IHFL27,865IHFL27,,-1.000000,1,,BSE,1.000000,0,False
939983,89IHFL29,89IHFL29,,-1.000000,1,,BSE,1.000000,0,False
939991,925SCL26Z,925SCL26Z,,-1.000000,1,,BSE,1.000000,0,False
976973,699IIFCL30,699IIFCL30,,-1.000000,1,,BSE,1.000000,0,False
976979,960ESFBL30,960ESFBL30,,-1.000000,1,,BSE,1.000000,0,False
976984,1250I04432,1250I04432,,-1.000000,1,,BSE,1.000000,0,False
977006,967KIIFB29,967KIIFB29,,-1.000000,1,,BSE,1.000000,0,False
939987,IHF261224A,IHF261224A,,-1.000000,1,,BSE,1.000000,0,False
975818,812BFL27A,812BFL27A,,-1.000000,1,,BSE,1.000000,0,False
975821,817ABHF27,817ABHF27,,-1.000000,1,,BSE,1.000000,0,False
975822,RRUCL11724,RRUCL11724,,-1.000000,1,,BSE,1.000000,0,False
975841,965AXFPL27,965AXFPL27,,-1.000000,1,,BSE,1.000000,0,False
977007,967KIIFB30,967KIIFB30,,-1.000000,1,,BSE,1.000000,0,False
977022,1065KSL27,1065KSL27,,-1.000000,1,,BSE,1.000000,0,False
977028,1050NCL28,1050NCL28,,-1.000000,1,,BSE,1.000000,0,False
977033,1175FFSL28,1175FFSL28,,-1.000000,1,,BSE,1.000000,0,False
938111,953NWIL32,953NWIL32,,-1.000000,1,,BSE,1.000000,0,False
938143,MFL30,MFL30,,-1.000000,1,,BSE,1.000000,0,False
938174,87SCL27,87SCL27,,-1.000000,1,,BSE,1.000000,0,False
938176,915SCL27,915SCL27,,-1.000000,1,,BSE,1.000000,0,False
939995,888SCL26X,888SCL26X,,-1.000000,1,,BSE,1.000000,0,False
939997,925SCL26W,925SCL26W,,-1.000000,1,,BSE,1.000000,0,False
940009,948SCL27R,948SCL27R,,-1.000000,1,,BSE,1.000000,0,False
940021,1050SCL31T,1050SCL31T,,-1.000000,1,,BSE,1.000000,0,False
975842,738PGCIL34,738PGCIL34,,-1.000000,1,,BSE,1.000000,0,False
975850,ICLF230724,ICLF230724,,-1.000000,1,,BSE,1.000000,0,False
975872,EEL010824,EEL010824,,-1.000000,1,,BSE,1.000000,0,False
975875,990AXFPL27,990AXFPL27,,-1.000000,1,,BSE,1.000000,0,False
977048,115SCNL32,115SCNL32,,-1.000000,1,,BSE,1.000000,0,False
977053,9NWIL27,9NWIL27,,-1.000000,1,,BSE,1.000000,0,False
977070,789HLFL27,789HLFL27,,-1.000000,1,,BSE,1.000000,0,False
977073,1070ESP27,1070ESP27,,-1.000000,1,,BSE,1.000000,0,False
938258,93SCL24A,93SCL24A,,-1.000000,1,,BSE,1.000000,0,False
938294,MFLZC27,MFLZC27,,-1.000000,1,,BSE,1.000000,0,False
938320,965SCL25C,965SCL25C,,-1.000000,1,,BSE,1.000000,0,False
938370,10EFSL33B,10EFSL33B,,-1.000000,1,,BSE,1.000000,0,False
975879,1175NFL27,1175NFL27,,-1.000000,1,,BSE,1.000000,0,False
975881,99TCPL27A,99TCPL27A,,-1.000000,1,,BSE,1.000000,0,False
975884,798IIL34,798IIL34,,-1.000000,1,,BSE,1.000000,0,False
975892,985NWFL27,985NWFL27,,-1.000000,1,,BSE,1.000000,0,False
977079,115MA2528,115MA2528,,-1.000000,1,,BSE,1.000000,0,False
977084,1125SPHR28,1125SPHR28,,-1.000000,100000,,BSE,1.000000,0,False
977088,9VCL26,9VCL26,,-1.000000,1,,BSE,1.000000,0,False
977092,1116AFL26,1116AFL26,,-1.000000,1,,BSE,1.000000,0,False
940043,1003NHFL30,1003NHFL30,,-1.000000,1,,BSE,1.000000,0,False
940049,1049NHFL35,1049NHFL35,,-1.000000,1,,BSE,1.000000,0,False
940123,1150ICLF27,1150ICLF27,,-1.000000,1,,BSE,1.000000,0,False
940135,1175ICLF27,1175ICLF27,,-1.000000,1,,BSE,1.000000,0,False
938414,1030SFIL28,1030SFIL28,,-1.000000,1,,BSE,1.000000,0,False
938418,940SFIL28,940SFIL28,,-1.000000,1,,BSE,1.000000,0,False
938442,81MFL28,81MFL28,,-1.000000,1,,BSE,1.000000,0,False
938486,1015SCL28A,1015SCL28A,,-1.000000,1,,BSE,1.000000,0,False
975894,825SCPSL34,825SCPSL34,,-1.000000,1,,BSE,1.000000,0,False
975895,8034ABCL34,8034ABCL34,,-1.000000,1,,BSE,1.000000,0,False
975936,125AFIL30,125AFIL30,,-1.000000,1,,BSE,1.000000,0,False
975960,725IRFC34,725IRFC34,,-1.000000,1,,BSE,1.000000,0,False
977107,1140KFLD28,1140KFLD28,,-1.000000,1,,BSE,1.000000,0,False
977121,773SST29,773SST29,,-1.000000,1,,BSE,1.000000,0,False
977123,1045KSL27,1045KSL27,,-1.000000,1,,BSE,1.000000,0,False
977137,849CFSL30,849CFSL30,,-1.000000,1,,BSE,1.000000,0,False
940181,MFL24225B,MFL24225B,,-1.000000,1,,BSE,1.000000,0,False
940193,SCL19325,SCL19325,,-1.000000,1,,BSE,1.000000,0,False
940235,958NHFL28B,958NHFL28B,,-1.000000,1,,BSE,1.000000,0,False
940259,SFL040425G,SFL040425G,,-1.000000,1,,BSE,1.000000,0,False
977152,11BRFL28,11BRFL28,,-1.000000,1,,BSE,1.000000,0,False
977154,735MCFPL28,735MCFPL28,,-1.000000,1,,BSE,1.000000,0,False
977160,11PPL27,11PPL27,,-1.000000,1,,BSE,1.000000,0,False
977163,810LDL30,810LDL30,,-1.000000,1,,BSE,1.000000,0,False
938488,925SCL28,925SCL28,,-1.000000,1,,BSE,1.000000,0,False
938510,866SFIL23A,866SFIL23A,,-1.000000,1,,BSE,1.000000,0,False
938524,967EFSL28,967EFSL28,,-1.000000,1,,BSE,1.000000,0,False
938526,101EFSL28,101EFSL28,,-1.000000,1,,BSE,1.000000,0,False
975964,NWF290824,NWF290824,,-1.000000,1,,BSE,1.000000,0,False
975987,1150NFL30,1150NFL30,,-1.000000,1,,BSE,1.000000,0,False
975996,999ATIT29,999ATIT29,,-1.000000,1,,BSE,1.000000,0,False
975999,736IRED39,736IRED39,,-1.000000,1,,BSE,1.000000,0,False
940283,1075MML28A,1075MML28A,,-1.000000,1,,BSE,1.000000,0,False
940335,10EFSL28C,10EFSL28C,,-1.000000,1,,BSE,1.000000,0,False
940353,MML130525,MML130525,,-1.000000,1,,BSE,1.000000,0,False
940395,965MFL28A,965MFL28A,,-1.000000,1,,BSE,1.000000,0,False
977170,1125CWCP27,1125CWCP27,,-1.000000,1,,BSE,1.000000,0,False
977180,91LGS28,91LGS28,,-1.000000,1,,BSE,1.000000,0,False
977182,115MFIL28,115MFIL28,,-1.000000,1,,BSE,1.000000,0,False
977190,SFL29928,SFL29928,,-1.000000,1,,BSE,1.000000,0,False
938546,KFL27C,KFL27C,,-1.000000,1,,BSE,1.000000,0,False
938562,MFL28,MFL28,,-1.000000,1,,BSE,1.000000,0,False
938566,865MFL26A,865MFL26A,,-1.000000,1,,BSE,1.000000,0,False
938576,MFL26Z,MFL26Z,,-1.000000,1,,BSE,1.000000,0,False
940409,105CCIL26A,105CCIL26A,,-1.000000,1,,BSE,1.000000,0,False
940425,NHFL2725,NHFL2725,,-1.000000,1,,BSE,1.000000,0,False
940429,10NHFL28B,10NHFL28B,,-1.000000,1,,BSE,1.000000,0,False
940441,1075MHFL35,1075MHFL35,,-1.000000,1,,BSE,1.000000,0,False
976007,786ABFRL26,786ABFRL26,,-1.000000,1,,BSE,1.000000,0,False
976031,10DKGFS27,10DKGFS27,,-1.000000,1,,BSE,1.000000,0,False
976037,NWFL23924,NWFL23924,,-1.000000,1,,BSE,1.000000,0,False
976045,893SHFL27,893SHFL27,,-1.000000,1,,BSE,1.000000,0,False
977195,910SKFL28,910SKFL28,,-1.000000,1,,BSE,1.000000,0,False
977214,20ISPL28,20ISPL28,,-1.000000,1,,BSE,1.000000,0,False
977220,930SCL2035,930SCL2035,,-1.000000,1,,BSE,1.000000,0,False
977233,770ATSTL27,770ATSTL27,,-1.000000,1,,BSE,1.000000,0,False
938618,1150IML28,1150IML28,,-1.000000,1,,BSE,1.000000,0,False
938636,IIFLZC28B,IIFLZC28B,,-1.000000,1,,BSE,1.000000,0,False
938762,1075KAFL28,1075KAFL28,,-1.000000,1,,BSE,1.000000,0,False
938866,KFL31,KFL31,,-1.000000,1,,BSE,1.000000,0,False
940471,885AEL28,885AEL28,,-1.000000,1,,BSE,1.000000,0,False
940481,AEL170725A,AEL170725A,,-1.000000,1,,BSE,1.000000,0,False
940551,MML31725B,MML31725B,,-1.000000,1,,BSE,1.000000,0,False
940553,875SCL27A,875SCL27A,,-1.000000,1,,BSE,1.000000,0,False
976065,935AAHL28,935AAHL28,,-1.000000,1,,BSE,1.000000,0,False
976076,770BF41034,770BF41034,,-1.000000,1,,BSE,1.000000,0,False
976079,1225ICL28,1225ICL28,,-1.000000,1,,BSE,1.000000,0,False
976108,0360OPL27,0360OPL27,,-1.000000,1,,BSE,1.000000,0,False
977234,693SBI35,693SBI35,,-1.000000,1,,BSE,1.000000,0,False
977248,925MML27A,925MML27A,,-1.000000,1,,BSE,1.000000,0,False
977255,1135NMFL27,1135NMFL27,,-1.000000,1,,BSE,1.000000,0,False
977258,77GWHPL39,77GWHPL39,,-1.000000,1,,BSE,1.000000,0,False
977261,1070ESPL28,1070ESPL28,,-1.000000,1,,BSE,1.000000,0,False
977262,1150KSL27,1150KSL27,,-1.000000,1,,BSE,1.000000,0,False
977272,11MGFL27,11MGFL27,,-1.000000,1,,BSE,1.000000,0,False
977273,9MFL28,9MFL28,,-1.000000,1,,BSE,1.000000,0,False
938882,8ABCL26,8ABCL26,,-1.000000,1,,BSE,1.000000,0,False
938940,11CCL26,11CCL26,,-1.000000,1,,BSE,1.000000,0,False
938994,1003SCL30A,1003SCL30A,,-1.000000,1,,BSE,1.000000,0,False
939018,850CIFCL26,850CIFCL26,,-1.000000,1,,BSE,1.000000,0,False
976109,1045EFL30,1045EFL30,,-1.000000,1,,BSE,1.000000,0,False
976114,1210KSL26,1210KSL26,,-1.000000,1,,BSE,1.000000,0,False
976118,76937NST27,76937NST27,,-1.000000,1,,BSE,1.000000,0,False
976125,828MRRL31,828MRRL31,,-1.000000,1,,BSE,1.000000,0,False
940555,9SCL27,9SCL27,,-1.000000,1,,BSE,1.000000,0,False
940567,925SCL2028,925SCL2028,,-1.000000,1,,BSE,1.000000,0,False
940587,960SCL32,960SCL32,,-1.000000,1,,BSE,1.000000,0,False
940589,985SCL32,985SCL32,,-1.000000,1,,BSE,1.000000,0,False
976136,896SFL27,896SFL27,,-1.000000,1,,BSE,1.000000,0,False
976163,88ISIPL29,88ISIPL29,,-1.000000,1,,BSE,1.000000,0,False
976165,803PFL29,803PFL29,,-1.000000,1,,BSE,1.000000,0,False
976166,89267SFL27,89267SFL27,,-1.000000,1,,BSE,1.000000,0,False
977282,805HHFL30,805HHFL30,,-1.000000,1,,BSE,1.000000,0,False
977303,849JFSL28,849JFSL28,,-1.000000,1,,BSE,1.000000,0,False
977308,745MRHFL30,745MRHFL30,,-1.000000,1,,BSE,1.000000,0,False
977329,89MFSL27,89MFSL27,,-1.000000,1,,BSE,1.000000,0,False
939032,125ICLFL28,125ICLFL28,,-1.000000,1,,BSE,1.000000,0,False
939056,1050ISFL28,1050ISFL28,,-1.000000,1,,BSE,1.000000,0,False
939180,961ONE27,961ONE27,,-1.000000,1,,BSE,1.000000,0,False
939194,EFSL27A,EFSL27A,,-1.000000,1,,BSE,1.000000,0,False
940623,SFL290825B,SFL290825B,,-1.000000,1,,BSE,1.000000,0,False
940669,912EFSL28,912EFSL28,,-1.000000,1,,BSE,1.000000,0,False
940673,EFSL071025,EFSL071025,,-1.000000,1,,BSE,1.000000,0,False
940675,958EFSL30,958EFSL30,,-1.000000,1,,BSE,1.000000,0,False
977333,1155KFL27,1155KFL27,,-1.000000,1,,BSE,1.000000,0,False
977343,886OPL28,886OPL28,,-1.000000,1,,BSE,1.000000,0,False
977346,895NWIL28,895NWIL28,,-1.000000,1,,BSE,1.000000,0,False
977367,12ACAP27,12ACAP27,,-1.000000,1,,BSE,1.000000,0,False
976172,865AESL34,865AESL34,,-1.000000,1,,BSE,1.000000,0,False
976175,RRIHFCL27,RRIHFCL27,,-1.000000,1,,BSE,1.000000,0,False
976195,737IREDA31,737IREDA31,,-1.000000,1,,BSE,1.000000,0,False
976208,817IUTL230,817IUTL230,,-1.000000,1,,BSE,1.000000,0,False
939226,CIF27,CIF27,,-1.000000,1,,BSE,1.000000,0,False
939248,MFLZC29A,MFLZC29A,,-1.000000,1,,BSE,1.000000,0,False
939250,MFLZC32,MFLZC32,,-1.000000,1,,BSE,1.000000,0,False
939272,925SFL27,925SFL27,,-1.000000,1,,BSE,1.000000,0,False
940709,1025IML28,1025IML28,,-1.000000,1,,BSE,1.000000,0,False
940713,1125IML30,1125IML30,,-1.000000,1,,BSE,1.000000,0,False
940719,SGSL301025,SGSL301025,,-1.000000,1,,BSE,1.000000,0,False
940745,1050CCIL27,1050CCIL27,,-1.000000,1,,BSE,1.000000,0,False
977380,985MML27,985MML27,,-1.000000,1,,BSE,1.000000,0,False
977385,0MCHP30,0MCHP30,,-1.000000,1,,BSE,1.000000,0,False
977419,1170MML27,1170MML27,,-1.000000,1,,BSE,1.000000,0,False
977440,13LLDL29,13LLDL29,,-1.000000,1,,BSE,1.000000,0,False
976212,125NFL31,125NFL31,,-1.000000,1,,BSE,1.000000,0,False
976223,711PFCL40,711PFCL40,,-1.000000,1,,BSE,1.000000,0,False
976235,962NWFL27,962NWFL27,,-1.000000,1,,BSE,1.000000,0,False
976256,7845AXFL34,7845AXFL34,,-1.000000,1,,BSE,1.000000,0,False
939274,SFL27224,SFL27224,,-1.000000,1,,BSE,1.000000,0,False
939303,1003NIDO29,1003NIDO29,,-1.000000,1,,BSE,1.000000,0,False
939335,1065NFL27,1065NFL27,,-1.000000,1,,BSE,1.000000,0,False
939337,1119NFL27,1119NFL27,,-1.000000,1,,BSE,1.000000,0,False
940753,CCIL101125,CCIL101125,,-1.000000,1,,BSE,1.000000,0,False
940759,1050ICLF27,1050ICLF27,,-1.000000,1,,BSE,1.000000,0,False
940765,12ICLFL30,12ICLFL30,,-1.000000,1,,BSE,1.000000,0,False
940777,ICL021225,ICL021225,,-1.000000,1,,BSE,1.000000,0,False
977449,1175AFIL29,1175AFIL29,,-1.000000,1,,BSE,1.000000,0,False
977451,1275AFIL31,1275AFIL31,,-1.000000,1,,BSE,1.000000,0,False
977468,930KIIFB30,930KIIFB30,,-1.000000,1,,BSE,1.000000,0,False
977476,7426KMPL29,7426KMPL29,,-1.000000,1,,BSE,1.000000,0,False
976266,743PNB39,743PNB39,,-1.000000,1,,BSE,1.000000,0,False
976278,980IKFHF28,980IKFHF28,,-1.000000,1,,BSE,1.000000,0,False
976284,10ICFL26,10ICFL26,,-1.000000,1,,BSE,1.000000,0,False
976293,942KIIFB34,942KIIFB34,,-1.000000,1,,BSE,1.000000,0,False
939351,990SCL27,990SCL27,,-1.000000,1,,BSE,1.000000,0,False
939355,948SCL27,948SCL27,,-1.000000,1,,BSE,1.000000,0,False
939457,10MFCL30,10MFCL30,,-1.000000,1,,BSE,1.000000,0,False
939499,0MML27,0MML27,,-1.000000,1,,BSE,1.000000,0,False
977509,10PPL27,10PPL27,,-1.000000,1,,BSE,1.000000,0,False
977512,1050GFL28,1050GFL28,,-1.000000,1,,BSE,1.000000,0,False
977513,911SMRTS28,911SMRTS28,,-1.000000,1,,BSE,1.000000,0,False
977517,1035STLN28,1035STLN28,,-1.000000,1,,BSE,1.000000,0,False
940785,940EFSL28,940EFSL28,,-1.000000,1,,BSE,1.000000,0,False
940787,EFS121225,EFS121225,,-1.000000,1,,BSE,1.000000,0,False
940789,944EFSL30,944EFSL30,,-1.000000,1,,BSE,1.000000,0,False
940797,1010EFSL35,1010EFSL35,,-1.000000,1,,BSE,1.000000,0,False
976312,775UNOML26,775UNOML26,,-1.000000,1,,BSE,1.000000,0,False
976316,930PFL27,930PFL27,,-1.000000,1,,BSE,1.000000,0,False
976321,753NABRD28,753NABRD28,,-1.000000,1,,BSE,1.000000,0,False
976325,1075NFL27,1075NFL27,,-1.000000,1,,BSE,1.000000,0,False
939519,94SCL27,94SCL27,,-1.000000,1,,BSE,1.000000,0,False
939523,902SCL27A,902SCL27A,,-1.000000,1,,BSE,1.000000,0,False
939541,1075SCL34,1075SCL34,,-1.000000,1,,BSE,1.000000,0,False
939629,105EFSL29,105EFSL29,,-1.000000,1,,BSE,1.000000,0,False
977529,970MML28,970MML28,,-1.000000,1,,BSE,1.000000,0,False
977537,896AKCFL29,896AKCFL29,,-1.000000,1,,BSE,1.000000,0,False
977541,12KFL28,12KFL28,,-1.000000,1,,BSE,1.000000,0,False
977577,758KMIL29,758KMIL29,,-1.000000,1,,BSE,1.000000,0,False
976327,777KMPL30,777KMPL30,,-1.000000,1,,BSE,1.000000,0,False
976337,950OPL35,950OPL35,,-1.000000,1,,BSE,1.000000,0,False
976346,1130KFL27,1130KFL27,,-1.000000,1,,BSE,1.000000,0,False
976350,11HFL30,11HFL30,,-1.000000,1,,BSE,1.000000,0,False
940839,1275PCL29,1275PCL29,,-1.000000,1,,BSE,1.000000,0,False
940849,875AEL29,875AEL29,,-1.000000,1,,BSE,1.000000,0,False
940874,MFL120226,MFL120226,,-1.000000,1,,BSE,1.000000,0,False
940880,MFL120226C,MFL120226C,,-1.000000,1,,BSE,1.000000,0,False
977578,747KMIL28,747KMIL28,,-1.000000,1,,BSE,1.000000,0,False
977582,12FFSL28,12FFSL28,,-1.000000,1,,BSE,1.000000,0,False
977590,729NHPCL36,729NHPCL36,,-1.000000,1,,BSE,1.000000,0,False
977641,1260NFL27,1260NFL27,,-1.000000,1,,BSE,1.000000,0,False
976352,952NWFL27,952NWFL27,,-1.000000,1,,BSE,1.000000,0,False
976357,12AFIL2027,12AFIL2027,,-1.000000,1,,BSE,1.000000,0,False
976362,1468LVJ26,1468LVJ26,,-1.000000,1,,BSE,1.000000,0,False
976363,10MCSL27B,10MCSL27B,,-1.000000,1,,BSE,1.000000,0,False
939655,994SMCGS29,994SMCGS29,,-1.000000,1,,BSE,1.000000,0,False
939681,11KAFL29,11KAFL29,,-1.000000,1,,BSE,1.000000,0,False
939683,KAF080824,KAF080824,,-1.000000,1,,BSE,1.000000,0,False
939735,AEL120924B,AEL120924B,,-1.000000,1,,BSE,1.000000,0,False
940898,10ICLFL27,10ICLFL27,,-1.000000,1,,BSE,1.000000,0,False
940906,ICLFL23226,ICLFL23226,,-1.000000,1,,BSE,1.000000,0,False
940947,IIFL60326,IIFL60326,,-1.000000,1,,BSE,1.000000,0,False
940965,CCIL18326,CCIL18326,,-1.000000,1,,BSE,1.000000,0,False
977652,1375KFL29,1375KFL29,,-1.000000,1,,BSE,1.000000,0,False
977664,125RIST33,125RIST33,,-1.000000,1,,BSE,1.000000,0,False
977670,880360OP28,880360OP28,,-1.000000,1,,BSE,1.000000,0,False
977679,860MASFS29,860MASFS29,,-1.000000,1,,BSE,1.000000,0,False
939761,MFCL16924C,MFCL16924C,,-1.000000,1,,BSE,1.000000,0,False
939773,940SCL27A,940SCL27A,,-1.000000,1,,BSE,1.000000,0,False
939783,SCL25924D,SCL25924D,,-1.000000,1,,BSE,1.000000,0,False
939785,1015SCL29B,1015SCL29B,,-1.000000,1,,BSE,1.000000,0,False
940977,915EFSL29,915EFSL29,,-1.000000,1,,BSE,1.000000,0,False
941003,9MFL31A,9MFL31A,,-1.000000,1,,BSE,1.000000,0,False
941005,91MFL32A,91MFL32A,,-1.000000,1,,BSE,1.000000,0,False
941033,ICLF28426,ICLF28426,,-1.000000,1,,BSE,1.000000,0,False
976372,1350LLDL29,1350LLDL29,,-1.000000,1,,BSE,1.000000,0,False
976381,75855SEI35,75855SEI35,,-1.000000,1,,BSE,1.000000,0,False
976386,823JDFI28,823JDFI28,,-1.000000,1,,BSE,1.000000,0,False
976394,790ABHFL27,790ABHFL27,,-1.000000,1,,BSE,1.000000,0,False
977680,105ESPL28A,105ESPL28A,,-1.000000,1,,BSE,1.000000,0,False
977691,890CGCL29,890CGCL29,,-1.000000,1,,BSE,1.000000,0,False
977707,1099IGIC36,1099IGIC36,,-1.000000,1,,BSE,1.000000,0,False
977708,IFSL30326A,IFSL30326A,,-1.000000,1,,BSE,1.000000,0,False
939791,1050SCL31A,1050SCL31A,,-1.000000,1,,BSE,1.000000,0,False
939811,1050ICFL29,1050ICFL29,,-1.000000,1,,BSE,1.000000,0,False
939815,NHFL081024,NHFL081024,,-1.000000,1,,BSE,1.000000,0,False
939819,10NHFL27A,10NHFL27A,,-1.000000,1,,BSE,1.000000,0,False
941049,865MFL29,865MFL29,,-1.000000,1,,BSE,1.000000,0,False
941057,9MFL29,9MFL29,,-1.000000,1,,BSE,1.000000,0,False
941065,MFL12526,MFL12526,,-1.000000,1,,BSE,1.000000,0,False
941081,KFL27526A,KFL27526A,,-1.000000,1,,BSE,1.000000,0,False
976407,728IRFC40,728IRFC40,,-1.000000,1,,BSE,1.000000,0,False
976431,95VAML27,95VAML27,,-1.000000,1,,BSE,1.000000,0,False
976448,1090ESP26A,1090ESP26A,,-1.000000,1,,BSE,1.000000,0,False
976452,740IREDA36,740IREDA36,,-1.000000,1,,BSE,1.000000,0,False
977738,10IML2028,10IML2028,,-1.000000,1,,BSE,1.000000,0,False
977762,860MFL28A,860MFL28A,,-1.000000,1,,BSE,1.000000,0,False
977782,1075NFL028,1075NFL028,,-1.000000,1,,BSE,1.000000,0,False
977786,90733NWI28,90733NWI28,,-1.000000,1,,BSE,1.000000,0,False
977812,1325DKG29,1325DKG29,,-1.000000,1,,BSE,1.000000,0,False
977823,FCPL27526,FCPL27526,,-1.000000,1,,BSE,1.000000,0,False
977848,9506CFSL31,9506CFSL31,,-1.000000,1,,BSE,1.000000,0,False
977850,822ABHFL29,822ABHFL29,,-1.000000,1,,BSE,1.000000,0,False
941099,MML120626C,MML120626C,,-1.000000,1,,BSE,1.000000,0,False
941107,915EFSL029,915EFSL029,,-1.000000,1,,BSE,1.000000,0,False
941113,960EFSL031,960EFSL031,,-1.000000,1,,BSE,1.000000,0,False
941119,10EFSL036,10EFSL036,,-1.000000,1,,BSE,1.000000,0,False
976465,12MFL27,12MFL27,,-1.000000,1,,BSE,1.000000,0,False
976467,115AFL27,115AFL27,,-1.000000,1,,BSE,1.000000,0,False
976480,79413ABC28,79413ABC28,,-1.000000,1,,BSE,1.000000,0,False
976483,113KFL27,113KFL27,,-1.000000,1,,BSE,1.000000,0,False
939839,950EFSL26A,950EFSL26A,,-1.000000,1,,BSE,1.000000,0,False
939845,10EFSL27A,10EFSL27A,,-1.000000,1,,BSE,1.000000,0,False
939857,1049EFS34A,1049EFS34A,,-1.000000,1,,BSE,1.000000,0,False
939897,IML081124,IML081124,,-1.000000,1,,BSE,1.000000,0,False
977861,1075SF2028,1075SF2028,,-1.000000,1,,BSE,1.000000,0,False
977917,73925CHT38,73925CHT38,,-1.000000,1,,BSE,1.000000,0,False
976512,6HHPL28A,6HHPL28A,,-1.000000,1,,BSE,1.000000,0,False
976529,835CHL28,835CHL28,,-1.000000,1,,BSE,1.000000,0,False
976531,855MOHFL28,855MOHFL28,,-1.000000,1,,BSE,1.000000,0,False
976534,1JCL28,1JCL28,,-1.000000,1,,BSE,1.000000,0,False
977865,12ACAPL028,12ACAPL028,,-1.000000,1,,BSE,1.000000,0,False
977903,1025MHFC29,1025MHFC29,,-1.000000,1,,BSE,1.000000,0,False
939915,MML191124B,MML191124B,,-1.000000,1,,BSE,1.000000,0,False
939919,1150ICLF26,1150ICLF26,,-1.000000,1,,BSE,1.000000,0,False
939923,1250ICLF29,1250ICLF29,,-1.000000,1,,BSE,1.000000,0,False
939969,KFL121224E,KFL121224E,,-1.000000,1,,BSE,1.000000,0,False
941159,CCIL190826,CCIL190826,,-1.000000,1,,BSE,1.000000,0,False
941181,95IML28,95IML28,,-1.000000,1,,BSE,1.000000,0,False
941185,10IML29,10IML29,,-1.000000,1,,BSE,1.000000,0,False
941189,11IML31,11IML31,,-1.000000,1,,BSE,1.000000,0,False
976539,1175AFI28,1175AFI28,,-1.000000,1,,BSE,1.000000,0,False
976543,1225AFI28,1225AFI28,,-1.000000,1,,BSE,1.000000,0,False
976544,94PLUM28,94PLUM28,,-1.000000,100000,,BSE,1.000000,0,False
976545,1235DKGF28,1235DKGF28,,-1.000000,1,,BSE,1.000000,0,False
977921,MFIL290626,MFIL290626,,-1.000000,1,,BSE,1.000000,0,False
977927,1215NCPL28,1215NCPL28,,-1.000000,1,,BSE,1.000000,0,False
977939,78998HFS29,78998HFS29,,-1.000000,1,,BSE,1.000000,0,False
977954,778JCL29,778JCL29,,-1.000000,1,,BSE,1.000000,0,False
941211,1125ICL29B,1125ICL29B,,-1.000000,1,,BSE,1.000000,0,False
941213,ICLF25826B,ICLF25826B,,-1.000000,1,,BSE,1.000000,0,False
941221,KFL030926A,KFL030926A,,-1.000000,1,,BSE,1.000000,0,False
941227,10KFL31A,10KFL31A,,-1.000000,1,,BSE,1.000000,0,False
939975,IHFL261224,IHFL261224,,-1.000000,1,,BSE,1.000000,0,False
939981,IHF261224,IHF261224,,-1.000000,1,,BSE,1.000000,0,False
939993,965SCL26Y,965SCL26Y,,-1.000000,1,,BSE,1.000000,0,False
940029,98SCL34Z,98SCL34Z,,-1.000000,1,,BSE,1.000000,0,False
977957,NWFL060726,NWFL060726,,-1.000000,1,,BSE,1.000000,0,False
977973,910NWFL29,910NWFL29,,-1.000000,1,,BSE,1.000000,0,False
977975,RRIHFC29,RRIHFC29,,-1.000000,1,,BSE,1.000000,0,False
977988,96738AML27,96738AML27,,-1.000000,1,,BSE,1.000000,0,False
976550,949KIIF30,949KIIF30,,-1.000000,1,,BSE,1.000000,0,False
976557,780IIT47,780IIT47,,-1.000000,1,,BSE,1.000000,0,False
976560,10DCAL27,10DCAL27,,-1.000000,1,,BSE,1.000000,0,False
976565,717IRFC35,717IRFC35,,-1.000000,1,,BSE,1.000000,0,False
941233,KAFL30926,KAFL30926,,-1.000000,1,,BSE,1.000000,0,False
941243,1050KAFL29,1050KAFL29,,-1.000000,1,,BSE,1.000000,0,False
941249,KAFL3926,KAFL3926,,-1.000000,1,,BSE,1.000000,0,False
947841,875IFCI26,875IFCI26,,-1.000000,1,,BSE,1.000000,0,False
977991,14RFL027,14RFL027,,-1.000000,1,,BSE,1.000000,0,False
978004,905ISFL28,905ISFL28,,-1.000000,1,,BSE,1.000000,0,False
978005,88AFSL27,88AFSL27,,-1.000000,1,,BSE,1.000000,0,False
978014,775SBIPERP,775SBIPERP,,-1.000000,1,,BSE,1.000000,0,False
940039,10NHFL28,10NHFL28,,-1.000000,1,,BSE,1.000000,0,False
940053,9MFLIII27,9MFLIII27,,-1.000000,1,,BSE,1.000000,0,False
940059,965MFL31,965MFL31,,-1.000000,1,,BSE,1.000000,0,False
940061,940MFL27,940MFL27,,-1.000000,1,,BSE,1.000000,0,False
976586,20PRIPL29,20PRIPL29,,-1.000000,1,,BSE,1.000000,0,False
976615,765HDBFS28,765HDBFS28,,-1.000000,1,,BSE,1.000000,0,False
976645,755LTMRH35,755LTMRH35,,-1.000000,1,,BSE,1.000000,0,False
976648,1310POPL27,1310POPL27,,-1.000000,1,,BSE,1.000000,0,False
978016,105ESSPL28,105ESSPL28,,-1.000000,1,,BSE,1.000000,0,False
978017,AFL300726,AFL300726,,-1.000000,1,,BSE,1.000000,0,False
978025,1050SISL28,1050SISL28,,-1.000000,1,,BSE,1.000000,0,False
978030,IFSL31726,IFSL31726,,-1.000000,1,,BSE,1.000000,0,False
949342,955MML2063,955MML2063,,-1.000000,1,,BSE,1.000000,0,False
950207,1063IOT28E,1063IOT28E,,-1.000000,10,,BSE,1.000000,0,False
950215,1008IOT27C,1008IOT27C,,-1.000000,10,,BSE,1.000000,0,False
950221,1008IOT28F,1008IOT28F,,-1.000000,10,,BSE,1.000000,0,False
976652,686REC35,686REC35,,-1.000000,1,,BSE,1.000000,0,False
976711,73064ABH28,73064ABH28,,-1.000000,1,,BSE,1.000000,0,False
976716,1325IBPL26,1325IBPL26,,-1.000000,1,,BSE,1.000000,0,False
976725,950NWIL27,950NWIL27,,-1.000000,1,,BSE,1.000000,0,False
940095,CCI170125B,CCI170125B,,-1.000000,1,,BSE,1.000000,0,False
940101,957EFSL28,957EFSL28,,-1.000000,1,,BSE,1.000000,0,False
940109,1050EFSL30,1050EFSL30,,-1.000000,1,,BSE,1.000000,0,False
940113,105EFSL30,105EFSL30,,-1.000000,1,,BSE,1.000000,0,False
978038,IFSL60826,IFSL60826,,-1.000000,1,,BSE,1.000000,0,False
978040,778BFL29,778BFL29,,-1.000000,1,,BSE,1.000000,0,False
978068,135RFL27,135RFL27,,-1.000000,1,,BSE,1.000000,0,False
978070,1175SFL28,1175SFL28,,-1.000000,1,,BSE,1.000000,0,False
950487,738PFCL27A,738PFCL27A,,-1.000000,1,,BSE,1.000000,0,False
950752,965PGCIL27,965PGCIL27,,-1.000000,1,,BSE,1.000000,0,False
950763,939PFCL29,939PFCL29,,-1.000000,1,,BSE,1.000000,0,False
953420,832PGCIL30,832PGCIL30,,-1.000000,1,,BSE,1.000000,0,False
976736,1275KFL27,1275KFL27,,-1.000000,1,,BSE,1.000000,0,False
976739,658IRFC30,658IRFC30,,-1.000000,1,,BSE,1.000000,0,False
976750,745IIL30,745IIL30,,-1.000000,1,,BSE,1.000000,0,False
976766,652HUDCL28,652HUDCL28,,-1.000000,1,,BSE,1.000000,0,False
940131,ICLF27125,ICLF27125,,-1.000000,1,,BSE,1.000000,0,False
940133,ICLF27125A,ICLF27125A,,-1.000000,1,,BSE,1.000000,0,False
940185,MFL24225D,MFL24225D,,-1.000000,1,,BSE,1.000000,0,False
940189,965SCL27,965SCL27,,-1.000000,1,,BSE,1.000000,0,False
978082,7633MBPR28,7633MBPR28,,-1.000000,1,,BSE,1.000000,0,False
978094,13RFL2029,13RFL2029,,-1.000000,1,,BSE,1.000000,0,False
976772,627PFCL27,627PFCL27,,-1.000000,1,,BSE,1.000000,0,False
976776,112KFL26,112KFL26,,-1.000000,1,,BSE,1.000000,0,False
976796,SCKL130625,SCKL130625,,-1.000000,1,,BSE,1.000000,0,False
976812,1230VFPL29,1230VFPL29,,-1.000000,1,,BSE,1.000000,0,False
940237,SFL040425B,SFL040425B,,-1.000000,1,,BSE,1.000000,0,False
940265,95KFL27B,95KFL27B,,-1.000000,1,,BSE,1.000000,0,False
940273,1025KFL30,1025KFL30,,-1.000000,1,,BSE,1.000000,0,False
940287,MML21425A,MML21425A,,-1.000000,1,,BSE,1.000000,0,False
953431,840PGCIL27,840PGCIL27,,-1.000000,1,,BSE,1.000000,0,False
953439,840PGCI27A,840PGCI27A,,-1.000000,1,,BSE,1.000000,0,False
954781,768NHAI41,768NHAI41,,-1.000000,1,,BSE,1.000000,0,False
955032,850ILFSL26,850ILFSL26,,-1.000000,1000,,BSE,1.000000,0,False
976817,795HDBFS35,795HDBFS35,,-1.000000,1,,BSE,1.000000,0,False
976826,660RECL27,660RECL27,,-1.000000,1,,BSE,1.000000,0,False
976827,706RECL35,706RECL35,,-1.000000,1,,BSE,1.000000,0,False
976828,1142BFL27,1142BFL27,,-1.000000,1,,BSE,1.000000,0,False
955091,975AHFL26,975AHFL26,,-1.000000,1,,BSE,1.000000,0,False
955094,975AHF26A,975AHF26A,,-1.000000,1,,BSE,1.000000,0,False
955126,738NABAR31,738NABAR31,,-1.000000,1,,BSE,1.000000,0,False
955248,815LTF26,815LTF26,,-1.000000,1,,BSE,1.000000,0,False
940321,1025SMCGS28,1025SMCGS28,,-1.000000,1,,BSE,1.000000,0,False
940347,1049EFS35F,1049EFS35F,,-1.000000,1,,BSE,1.000000,0,False
940383,ICLF160525,ICLF160525,,-1.000000,1,,BSE,1.000000,0,False
940445,905MFCL28,905MFCL28,,-1.000000,1,,BSE,1.000000,0,False
976834,14PCL29,14PCL29,,-1.000000,1,,BSE,1.000000,0,False
976851,1175MFL27,1175MFL27,,-1.000000,1,,BSE,1.000000,0,False
976870,10MML2028,10MML2028,,-1.000000,1,,BSE,1.000000,0,False
976872,1025AFL27,1025AFL27,,-1.000000,1,,BSE,1.000000,0,False
955251,772HDFCB26,772HDFCB26,,-1.000000,1,,BSE,1.000000,0,False
955445,805HDBFS26,805HDBFS26,,-1.000000,1,,BSE,1.000000,0,False
955817,1025PFL27,1025PFL27,,-1.000000,1,,BSE,1.000000,0,False
956100,2EARC7A,2EARC7A,,-1.000000,1,,BSE,1.000000,0,False
940457,980MFCL31,980MFCL31,,-1.000000,1,,BSE,1.000000,0,False
940459,MFCL16725,MFCL16725,,-1.000000,1,,BSE,1.000000,0,False
940461,MFCL16725A,MFCL16725A,,-1.000000,1,,BSE,1.000000,0,False
940491,EFSL240725,EFSL240725,,-1.000000,1,,BSE,1.000000,0,False
976874,1010VCL26,1010VCL26,,-1.000000,1,,BSE,1.000000,0,False
976890,1195ESCP29,1195ESCP29,,-1.000000,1,,BSE,1.000000,0,False
976893,10VCL28,10VCL28,,-1.000000,1,,BSE,1.000000,0,False
976895,796LDL28,796LDL28,,-1.000000,1,,BSE,1.000000,0,False
956150,848UPPCL27,848UPPCL27,,-1.000000,1,,BSE,1.000000,0,False
956208,150HDFC27A,150HDFC27A,,-1.000000,1,,BSE,1.000000,0,False
956322,1025ECL99A,1025ECL99A,,-1.000000,1,,BSE,1.000000,0,False
956337,850MRHFL27,850MRHFL27,,-1.000000,1,,BSE,1.000000,0,False
976896,1062KFL27,1062KFL27,,-1.000000,1,,BSE,1.000000,0,False
976905,985ACAPL27,985ACAPL27,,-1.000000,1,,BSE,1.000000,0,False
976943,1120KFPL27,1120KFPL27,,-1.000000,1,,BSE,1.000000,0,False
976947,825AFPL28,825AFPL28,,-1.000000,1,,BSE,1.000000,0,False
940495,KFL240725C,KFL240725C,,-1.000000,1,,BSE,1.000000,0,False
940497,10KFL30,10KFL30,,-1.000000,1,,BSE,1.000000,0,False
940505,975EFSL28,975EFSL28,,-1.000000,1,,BSE,1.000000,0,False
940519,1050EFSL35,1050EFSL35,,-1.000000,1,,BSE,1.000000,0,False
956427,82LTF32,82LTF32,,-1.000000,1,,BSE,1.000000,0,False
956470,850MRHF27A,850MRHF27A,,-1.000000,1,,BSE,1.000000,0,False
956594,ATCPLZC27,ATCPLZC27,,-1.000000,1,,BSE,1.000000,0,False
956692,AHREPZC27,AHREPZC27,,-1.000000,10,,BSE,1.000000,0,False
976965,10MCSL2027,10MCSL2027,,-1.000000,1,,BSE,1.000000,0,False
976972,7345IGIT47,7345IGIT47,,-1.000000,1,,BSE,1.000000,0,False
976985,0MCIBPL27,0MCIBPL27,,-1.000000,1,,BSE,1.000000,0,False
976987,11VITPPL55,11VITPPL55,,-1.000000,1,,BSE,1.000000,0,False
940541,KAFL28725,KAFL28725,,-1.000000,1,,BSE,1.000000,0,False
940593,945SCL32,945SCL32,,-1.000000,1,,BSE,1.000000,0,False
940549,MML31725A,MML31725A,,-1.000000,1,,BSE,1.000000,0,False
940557,842SCL27,842SCL27,,-1.000000,1,,BSE,1.000000,0,False
956714,78LTF29,78LTF29,,-1.000000,1,,BSE,1.000000,0,False
956752,82CFSL27,82CFSL27,,-1.000000,1,,BSE,1.000000,0,False
956787,11PFLPER,11PFLPER,,-1.000000,1,,BSE,1.000000,0,False
956797,720PGCIL27,720PGCIL27,,-1.000000,1,,BSE,1.000000,0,False
976991,12AFIL27D,12AFIL27D,,-1.000000,1,,BSE,1.000000,0,False
976994,125AFIL31F,125AFIL31F,,-1.000000,1,,BSE,1.000000,0,False
977016,920BML28,920BML28,,-1.000000,1,,BSE,1.000000,0,False
977024,9NWFL27,9NWFL27,,-1.000000,1,,BSE,1.000000,0,False
940615,1125IFL27,1125IFL27,,-1.000000,1,,BSE,1.000000,0,False
940617,1175IFL28,1175IFL28,,-1.000000,1,,BSE,1.000000,0,False
940625,9SFL028C,9SFL028C,,-1.000000,1,,BSE,1.000000,0,False
940689,855CGCL27,855CGCL27,,-1.000000,1,,BSE,1.000000,0,False
956883,803SCL27,803SCL27,,-1.000000,1,,BSE,1.000000,0,False
956927,808AFL27,808AFL27,,-1.000000,1,,BSE,1.000000,0,False
956936,796PFL27,796PFL27,,-1.000000,1,,BSE,1.000000,0,False
957073,820SFL27,820SFL27,,-1.000000,1,,BSE,1.000000,0,False
977025,91HLFL31,91HLFL31,,-1.000000,1,,BSE,1.000000,0,False
977030,960SCL35,960SCL35,,-1.000000,1,,BSE,1.000000,0,False
977038,10KFL2027A,10KFL2027A,,-1.000000,1,,BSE,1.000000,0,False
977039,10KFL2028,10KFL2028,,-1.000000,1,,BSE,1.000000,0,False
940693,89CGCL28,89CGCL28,,-1.000000,1,,BSE,1.000000,0,False
940705,975IML27,975IML27,,-1.000000,1,,BSE,1.000000,0,False
940721,10SGSL28,10SGSL28,,-1.000000,1,,BSE,1.000000,0,False
940733,KFL101125A,KFL101125A,,-1.000000,1,,BSE,1.000000,0,False
977045,712UML26,712UML26,,-1.000000,1,,BSE,1.000000,0,False
977074,123LVJ29,123LVJ29,,-1.000000,1,,BSE,1.000000,0,False
977080,10PLRPLD35,10PLRPLD35,,-1.000000,1,,BSE,1.000000,0,False
977081,ABCL020925,ABCL020925,,-1.000000,1,,BSE,1.000000,0,False
940743,KFL101125D,KFL101125D,,-1.000000,1,,BSE,1.000000,0,False
940755,CCL101125A,CCL101125A,,-1.000000,1,,BSE,1.000000,0,False
940811,105KAFL28,105KAFL28,,-1.000000,1,,BSE,1.000000,0,False
957187,12MFLPER,12MFLPER,,-1.000000,2,,BSE,1.000000,0,False
957197,78NABARD32,78NABARD32,,-1.000000,1,,BSE,1.000000,0,False
957381,845SFIL28,845SFIL28,,-1.000000,10,,BSE,1.000000,0,False
957647,850ABCL27,850ABCL27,,-1.000000,1,,BSE,1.000000,0,False
940779,885EFSL27,885EFSL27,,-1.000000,1,,BSE,1.000000,0,False
977087,1850PCKR29,1850PCKR29,,-1.000000,1,,BSE,1.000000,0,False
977089,915VCL27,915VCL27,,-1.000000,1,,BSE,1.000000,0,False
977091,1325SRFC30,1325SRFC30,,-1.000000,1,,BSE,1.000000,0,False
977102,11MGFL26,11MGFL26,,-1.000000,1,,BSE,1.000000,0,False
957649,87ABCLPERP,87ABCLPERP,,-1.000000,1,,BSE,1.000000,0,False
957801,806REC28,806REC28,,-1.000000,1,,BSE,1.000000,0,False
958025,JFCZC28,JFCZC28,,-1.000000,1,,BSE,1.000000,0,False
958156,855REC28,855REC28,,-1.000000,1,,BSE,1.000000,0,False
940819,MML191225,MML191225,,-1.000000,1,,BSE,1.000000,0,False
940825,10MML27,10MML27,,-1.000000,1,,BSE,1.000000,0,False
940876,MFL120226A,MFL120226A,,-1.000000,1,,BSE,1.000000,0,False
940888,KFL20226A,KFL20226A,,-1.000000,1,,BSE,1.000000,0,False
977103,761ABCL35,761ABCL35,,-1.000000,1,,BSE,1.000000,0,False
977114,724BFL28,724BFL28,,-1.000000,1,,BSE,1.000000,0,False
977117,1165UCL31,1165UCL31,,-1.000000,1,,BSE,1.000000,0,False
977135,86AML27,86AML27,,-1.000000,1,,BSE,1.000000,0,False
958304,1015FEL26,1015FEL26,,-1.000000,1,,BSE,1.000000,0,False
958353,9HDFCB28,9HDFCB28,,-1.000000,1,,BSE,1.000000,0,False
958406,9HDFCB28A,9HDFCB28A,,-1.000000,1,,BSE,1.000000,0,False
958463,952PFL28,952PFL28,,-1.000000,1,,BSE,1.000000,0,False
977162,1050GFL27,1050GFL27,,-1.000000,1,,BSE,1.000000,0,False
977165,910HLFL32,910HLFL32,,-1.000000,1,,BSE,1.000000,0,False
977168,1350EIL31,1350EIL31,,-1.000000,1,,BSE,1.000000,0,False
977181,1050LGS28,1050LGS28,,-1.000000,100000,,BSE,1.000000,0,False
940908,ICLF230226,ICLF230226,,-1.000000,1,,BSE,1.000000,0,False
940911,1075ICLF28,1075ICLF28,,-1.000000,1,,BSE,1.000000,0,False
940949,IIFL06326,IIFL06326,,-1.000000,1,,BSE,1.000000,0,False
940969,CCIL18326A,CCIL18326A,,-1.000000,1,,BSE,1.000000,0,False
958489,844HBL28,844HBL28,,-1.000000,1,,BSE,1.000000,0,False
958587,824PGCIL29,824PGCIL29,,-1.000000,1,,BSE,1.000000,0,False
958609,9855IRT3A2,9855IRT3A2,,-1.000000,1,,BSE,1.000000,0,False
958610,9855IRT3A3,9855IRT3A3,,-1.000000,1,,BSE,1.000000,0,False
977192,1725CPPL30,1725CPPL30,,-1.000000,1,,BSE,1.000000,0,False
977221,915SCL30,915SCL30,,-1.000000,1,,BSE,1.000000,0,False
977230,IFSL151025,IFSL151025,,-1.000000,1,,BSE,1.000000,0,False
977242,1152SRHF31,1152SRHF31,,-1.000000,1,,BSE,1.000000,0,False
940973,EFSL180326,EFSL180326,,-1.000000,1,,BSE,1.000000,0,False
941023,ICLFL28426,ICLFL28426,,-1.000000,1,,BSE,1.000000,0,False
941025,ICLF280426,ICLF280426,,-1.000000,1,,BSE,1.000000,0,False
941027,ICL280426,ICL280426,,-1.000000,1,,BSE,1.000000,0,False
977246,907NWIL28,907NWIL28,,-1.000000,1,,BSE,1.000000,0,False
977284,RRGHDPL28,RRGHDPL28,,-1.000000,1,,BSE,1.000000,0,False
977287,365JPL30,365JPL30,,-1.000000,1,,BSE,1.000000,0,False
977294,686NBFID30,686NBFID30,,-1.000000,1,,BSE,1.000000,0,False
941047,851MFL28,851MFL28,,-1.000000,1,,BSE,1.000000,0,False
941067,MFL12526A,MFL12526A,,-1.000000,1,,BSE,1.000000,0,False
941103,EFSL160626,EFSL160626,,-1.000000,1,,BSE,1.000000,0,False
941111,921EFSL031,921EFSL031,,-1.000000,1,,BSE,1.000000,0,False
958618,85NABARD29,85NABARD29,,-1.000000,1,,BSE,1.000000,0,False
958641,841HUDCO29,841HUDCO29,,-1.000000,1,,BSE,1.000000,0,False
958647,97609PFL29,97609PFL29,,-1.000000,1,,BSE,1.000000,0,False
958655,837HUDCO29,837HUDCO29,,-1.000000,1,,BSE,1.000000,0,False
977295,715NBFID40,715NBFID40,,-1.000000,1,,BSE,1.000000,0,False
977299,72841ABH30,72841ABH30,,-1.000000,1,,BSE,1.000000,0,False
977304,726JCL30,726JCL30,,-1.000000,1,,BSE,1.000000,0,False
977305,970AFPL28,970AFPL28,,-1.000000,1,,BSE,1.000000,0,False
941127,851MFL2028,851MFL2028,,-1.000000,1,,BSE,1.000000,0,False
941133,888MFL2032,888MFL2032,,-1.000000,1,,BSE,1.000000,0,False
941137,9MFL2029,9MFL2029,,-1.000000,1,,BSE,1.000000,0,False
941141,925MFL2032,925MFL2032,,-1.000000,1,,BSE,1.000000,0,False
958759,87929PFC34,87929PFC34,,-1.000000,1,,BSE,1.000000,0,False
958795,885PFCL29,885PFCL29,,-1.000000,1,,BSE,1.000000,0,False
958838,795IRFC29,795IRFC29,,-1.000000,1,,BSE,1.000000,0,False
958889,2EARC29,2EARC29,,-1.000000,1,,BSE,1.000000,0,False
977306,12MML27,12MML27,,-1.000000,1,,BSE,1.000000,0,False
977309,12ACAPL27B,12ACAPL27B,,-1.000000,1,,BSE,1.000000,0,False
977316,11KFL31,11KFL31,,-1.000000,1,,BSE,1.000000,0,False
977317,1125FFSL28,1125FFSL28,,-1.000000,1,,BSE,1.000000,0,False
977361,1107FCL27,1107FCL27,,-1.000000,1,,BSE,1.000000,0,False
977370,698HUDC32,698HUDC32,,-1.000000,1,,BSE,1.000000,0,False
977386,0MML30,0MML30,,-1.000000,1,,BSE,1.000000,0,False
977395,1080NCPL31,1080NCPL31,,-1.000000,1,,BSE,1.000000,0,False
941171,992PDL29,992PDL29,,-1.000000,1,,BSE,1.000000,0,False
941201,115ICLF31,115ICLF31,,-1.000000,1,,BSE,1.000000,0,False
941239,1025KAF28,1025KAF28,,-1.000000,1,,BSE,1.000000,0,False
949450,846IIFC28B,846IIFC28B,,-1.000000,1,,BSE,1.000000,0,False
959042,88LTF29,88LTF29,,-1.000000,1,,BSE,1.000000,0,False
959052,755IRFC29,755IRFC29,,-1.000000,1,,BSE,1.000000,0,False
959134,NWFLNIFT26,NWFLNIFT26,,-1.000000,10,,BSE,1.000000,0,False
959149,793PFCL29,793PFCL29,,-1.000000,1,,BSE,1.000000,0,False
977405,1150SSFL28,1150SSFL28,,-1.000000,1,,BSE,1.000000,0,False
977428,737KMIL28,737KMIL28,,-1.000000,1,,BSE,1.000000,0,False
977431,1050ESPL28,1050ESPL28,,-1.000000,1,,BSE,1.000000,0,False
977433,725AIPPL29,725AIPPL29,,-1.000000,1,,BSE,1.000000,0,False
950203,1063IOT28C,1063IOT28C,,-1.000000,10,,BSE,1.000000,0,False
950213,1008IOT27A,1008IOT27A,,-1.000000,10,,BSE,1.000000,0,False
950473,885PFCL30,885PFCL30,,-1.000000,1,,BSE,1.000000,0,False
950485,775PFCL26,775PFCL26,,-1.000000,10,,BSE,1.000000,0,False
959286,713NHPCL28,713NHPCL28,,-1.000000,5,,BSE,1.000000,0,False
959287,713NHPCL29,713NHPCL29,,-1.000000,5,,BSE,1.000000,0,False
959380,689NHPCL28,689NHPCL28,,-1.000000,5,,BSE,1.000000,0,False
959916,680SBI35,680SBI35,,-1.000000,1,,BSE,1.000000,0,False
977434,NWFL311225,NWFL311225,,-1.000000,1,,BSE,1.000000,0,False
977446,945KFIL28,945KFIL28,,-1.000000,1,,BSE,1.000000,0,False
977456,1015SCNL28,1015SCNL28,,-1.000000,1,,BSE,1.000000,0,False
977469,930KIIFB31,930KIIFB31,,-1.000000,1,,BSE,1.000000,0,False
950498,872PFCL22,872PFCL22,,-1.000000,1,,BSE,1.000000,0,False
950742,870PGCIL28,870PGCIL28,,-1.000000,1,,BSE,1.000000,0,False
950754,965PGCIL29,965PGCIL29,,-1.000000,1,,BSE,1.000000,0,False
951522,893PGCIL26,893PGCIL26,,-1.000000,1,,BSE,1.000000,0,False
959978,714NHAI40,714NHAI40,,-1.000000,1,,BSE,1.000000,0,False
960073,77KFC28,77KFC28,,-1.000000,5,,BSE,1.000000,0,False
960177,685IRFC40,685IRFC40,,-1.000000,1,,BSE,1.000000,0,False
960255,694NHAI37,694NHAI37,,-1.000000,1,,BSE,1.000000,0,False
977481,892NWIL28,892NWIL28,,-1.000000,1,,BSE,1.000000,0,False
977484,RRKFL29,RRKFL29,,-1.000000,1,,BSE,1.000000,0,False
977499,820APL29,820APL29,,-1.000000,1,,BSE,1.000000,0,False
977506,1065MFL28,1065MFL28,,-1.000000,1,,BSE,1.000000,0,False
977573,752APSEZ31,752APSEZ31,,-1.000000,1,,BSE,1.000000,0,False
951525,893PGCIL29,893PGCIL29,,-1.000000,1,,BSE,1.000000,0,False
953432,840PGCIL28,840PGCIL28,,-1.000000,1,,BSE,1.000000,0,False
953497,873LTF36,873LTF36,,-1.000000,1,,BSE,1.000000,0,False
955174,795SPTL26,795SPTL26,,-1.000000,1,,BSE,1.000000,0,False
960282,765IHFCL35,765IHFCL35,,-1.000000,2,,BSE,1.000000,0,False
960309,775BOM30,775BOM30,,-1.000000,1,,BSE,1.000000,0,False
960323,79MRHFL30,79MRHFL30,,-1.000000,1,,BSE,1.000000,0,False
960371,649NABAR30,649NABAR30,,-1.000000,1,,BSE,1.000000,0,False
977514,880OPL28,880OPL28,,-1.000000,1,,BSE,1.000000,0,False
977540,1365POPL30,1365POPL30,,-1.000000,1,,BSE,1.000000,0,False
977566,740BFL29,740BFL29,,-1.000000,1,,BSE,1.000000,0,False
955600,722NHAI47,722NHAI47,,-1.000000,1,,BSE,1.000000,0,False
960403,645REC31,645REC31,,-1.000000,1,,BSE,1.000000,0,False
960438,663REC31,663REC31,,-1.000000,1,,BSE,1.000000,0,False
960481,686NHPC30,686NHPC30,,-1.000000,10,,BSE,1.000000,0,False
961728,830NHAI27,830NHAI27,,-1.000000,1,,BSE,1.000000,0,False
977574,1050LIFL29,1050LIFL29,,-1.000000,1,,BSE,1.000000,0,False
977585,925MML28A,925MML28A,,-1.000000,1,,BSE,1.000000,0,False
977609,710BOB33,710BOB33,,-1.000000,1,,BSE,1.000000,0,False
977619,RCPL060326,RCPL060326,,-1.000000,1,,BSE,1.000000,0,False
955331,850SFL26,850SFL26,,-1.000000,1,,BSE,1.000000,0,False
955398,104PFL26,104PFL26,,-1.000000,1,,BSE,1.000000,0,False
955584,71PFCL27,71PFCL27,,-1.000000,1,,BSE,1.000000,0,False
961749,738REC27TF,738REC27TF,,-1.000000,1,,BSE,1.000000,0,False
961779,871REC28,871REC28,,-1.000000,1,,BSE,1.000000,0,False
961789,867NHPC33,867NHPC33,,-1.000000,1,,BSE,1.000000,0,False
961797,850IIFCL33,850IIFCL33,,-1.000000,1,,BSE,1.000000,0,False
977635,1050HFL29A,1050HFL29A,,-1.000000,1,,BSE,1.000000,0,False
977648,930MMCL28,930MMCL28,,-1.000000,1,,BSE,1.000000,0,False
977651,11CFPL2028,11CFPL2028,,-1.000000,1,,BSE,1.000000,0,False
977656,12MFLPRP,12MFLPRP,,-1.000000,1,,BSE,1.000000,0,False
956048,85500KMI27,85500KMI27,,-1.000000,1,,BSE,1.000000,0,False
955625,1040PFL27,1040PFL27,,-1.000000,1,,BSE,1.000000,0,False
955784,76PFCL27,76PFCL27,,-1.000000,1,,BSE,1.000000,0,False
955840,115PFLPERP,115PFLPERP,,-1.000000,1,,BSE,1.000000,0,False
977689,905AKCFL29,905AKCFL29,,-1.000000,1,,BSE,1.000000,0,False
977693,1325UCL32,1325UCL32,,-1.000000,1,,BSE,1.000000,0,False
977699,12NGCPL27,12NGCPL27,,-1.000000,1,,BSE,1.000000,0,False
977713,1450KFL31,1450KFL31,,-1.000000,1,,BSE,1.000000,0,False
956233,2EARC27B,2EARC27B,,-1.000000,1,,BSE,1.000000,0,False
956235,2EARC27C,2EARC27C,,-1.000000,1,,BSE,1.000000,0,False
956260,825ISEC27,825ISEC27,,-1.000000,1,,BSE,1.000000,0,False
956530,744PFCL27,744PFCL27,,-1.000000,1,,BSE,1.000000,0,False
961807,866NTPC33,866NTPC33,,-1.000000,1,,BSE,1.000000,0,False
961825,850NHAI29,850NHAI29,,-1.000000,1,,BSE,1.000000,0,False
961839,880IREDA29,880IREDA29,,-1.000000,1,,BSE,1.000000,0,False
961889,855IIFCL29,855IIFCL29,,-1.000000,1,,BSE,1.000000,0,False
977725,1050IML29,1050IML29,,-1.000000,1,,BSE,1.000000,0,False
977745,1275AFIL32,1275AFIL32,,-1.000000,1,,BSE,1.000000,0,False
977751,758HFSL28,758HFSL28,,-1.000000,1,,BSE,1.000000,0,False
977763,NWFL280426,NWFL280426,,-1.000000,1,,BSE,1.000000,0,False
956552,810BFL32,810BFL32,,-1.000000,1,,BSE,1.000000,0,False
956799,73PFCL27,73PFCL27,,-1.000000,1,,BSE,1.000000,0,False
956882,835SCL27,835SCL27,,-1.000000,10,,BSE,1.000000,0,False
957186,765PFCL27,765PFCL27,,-1.000000,1,,BSE,1.000000,0,False
961897,880IIFCL34,880IIFCL34,,-1.000000,1,,BSE,1.000000,0,False
972563,97IFCI30A,97IFCI30A,,-1.000000,1,,BSE,1.000000,0,False
972578,IFCI38,IFCI38,,-1.000000,4,,BSE,1.000000,0,False
972585,IFCI31,IFCI31,,-1.000000,4,,BSE,1.000000,0,False
977778,790MMFSL28,790MMFSL28,,-1.000000,1,,BSE,1.000000,0,False
977788,1133FFSL28,1133FFSL28,,-1.000000,1,,BSE,1.000000,0,False
977797,1240SRFC29,1240SRFC29,,-1.000000,1,,BSE,1.000000,0,False
977799,HFSL180526,HFSL180526,,-1.000000,1,,BSE,1.000000,0,False
957235,774PGCIL30,774PGCIL30,,-1.000000,1,,BSE,1.000000,0,False
957746,9ILFSPER,9ILFSPER,,-1.000000,1,,BSE,1.000000,0,False
957770,9SFL28,9SFL28,,-1.000000,1,,BSE,1.000000,0,False
957835,9SFL28A,9SFL28A,,-1.000000,1,,BSE,1.000000,0,False
972706,875IFCI26A,875IFCI26A,,-1.000000,1,,BSE,1.000000,0,False
972711,1070IFCI27,1070IFCI27,,-1.000000,100,,BSE,1.000000,0,False
972722,872IFCI27D,872IFCI27D,,-1.000000,1,,BSE,1.000000,0,False
972763,998IFCI37,998IFCI37,,-1.000000,1,,BSE,1.000000,0,False
977804,890NWIL28,890NWIL28,,-1.000000,1,,BSE,1.000000,0,False
977806,13UCIL2028,13UCIL2028,,-1.000000,1,,BSE,1.000000,0,False
977809,8KPL2030,8KPL2030,,-1.000000,1,,BSE,1.000000,0,False
977819,1075AML33,1075AML33,,-1.000000,1,,BSE,1.000000,0,False
977814,IFSL20526,IFSL20526,,-1.000000,1,,BSE,1.000000,0,False
977831,767NHPCL40,767NHPCL40,,-1.000000,1,,BSE,1.000000,0,False
977837,1050ESP28A,1050ESP28A,,-1.000000,1,,BSE,1.000000,0,False
977845,9IFSL2028,9IFSL2028,,-1.000000,1,,BSE,1.000000,0,False
957932,9ILFSL28,9ILFSL28,,-1.000000,1,,BSE,1.000000,0,False
958307,895PFC28,895PFC28,,-1.000000,1,,BSE,1.000000,0,False
958433,976ABCL28,976ABCL28,,-1.000000,1,,BSE,1.000000,0,False
958445,99EARCL28,99EARCL28,,-1.000000,1,,BSE,1.000000,0,False
973027,955TCAPERA,955TCAPERA,,-1.000000,1,,BSE,1.000000,0,False
973150,702BFL31,702BFL31,,-1.000000,1,,BSE,1.000000,0,False
973163,932THFL31,932THFL31,,-1.000000,1,,BSE,1.000000,0,False
973262,9SFL31,9SFL31,,-1.000000,1,,BSE,1.000000,0,False
977839,1065MML28,1065MML28,,-1.000000,1,,BSE,1.000000,0,False
977842,910AML2028,910AML2028,,-1.000000,1,,BSE,1.000000,0,False
977864,RRCAGL28,RRCAGL28,,-1.000000,1,,BSE,1.000000,0,False
977895,1060RAKC29,1060RAKC29,,-1.000000,1,,BSE,1.000000,0,False
958447,1051SFL28,1051SFL28,,-1.000000,1,,BSE,1.000000,0,False
958540,88REC29,88REC29,,-1.000000,1,,BSE,1.000000,0,False
958542,91SCL29,91SCL29,,-1.000000,1,,BSE,1.000000,0,False
958565,849NHAI29,849NHAI29,,-1.000000,1,,BSE,1.000000,0,False
973285,1667RSOT69,1667RSOT69,,-1.000000,1000,,BSE,1.000000,0,False
973345,697NABAR36,697NABAR36,,-1.000000,1,,BSE,1.000000,0,False
973361,EPDPGSEC28,EPDPGSEC28,,-1.000000,1,,BSE,1.000000,0,False
973380,725ICICI31,725ICICI31,,-1.000000,1,,BSE,1.000000,0,False
977919,890VFL28,890VFL28,,-1.000000,1,,BSE,1.000000,0,False
977925,1155FFSL29,1155FFSL29,,-1.000000,1,,BSE,1.000000,0,False
977933,1250BCSL28,1250BCSL28,,-1.000000,1,,BSE,1.000000,0,False
977934,1275BCSL29,1275BCSL29,,-1.000000,1,,BSE,1.000000,0,False
958613,855IRFC29,855IRFC29,,-1.000000,1,,BSE,1.000000,0,False
958629,86REC29,86REC29,,-1.000000,1,,BSE,1.000000,0,False
958673,827NHAI29,827NHAI29,,-1.000000,1,,BSE,1.000000,0,False
958696,898PFCL29,898PFCL29,,-1.000000,1,,BSE,1.000000,0,False
977937,957APTCS28,957APTCS28,,-1.000000,100000,,BSE,1.000000,0,False
977943,1250RST233,1250RST233,,-1.000000,1,,BSE,1.000000,0,False
977949,781AFL29,781AFL29,,-1.000000,1,,BSE,1.000000,0,False
977963,780SFL29,780SFL29,,-1.000000,1,,BSE,1.000000,0,False
958928,791HDFCB29,791HDFCB29,,-1.000000,1,,BSE,1.000000,0,False
958954,748IRFC34,748IRFC34,,-1.000000,1,,BSE,1.000000,0,False
959059,749PGCIL29,749PGCIL29,,-1.000000,4,,BSE,1.000000,0,False
959126,155SCNL26,155SCNL26,,-1.000000,1,,BSE,1.000000,0,False
973391,739THDC31,739THDC31,,-1.000000,1,,BSE,1.000000,0,False
973424,752ICICI32,752ICICI32,,-1.000000,1,,BSE,1.000000,0,False
973521,645ABCL26,645ABCL26,,-1.000000,1,,BSE,1.000000,0,False
973572,710HDFCB31,710HDFCB31,,-1.000000,1,,BSE,1.000000,0,False
977976,7832HFSL31,7832HFSL31,,-1.000000,1,,BSE,1.000000,0,False
977992,1090SFL28,1090SFL28,,-1.000000,1,,BSE,1.000000,0,False
977998,1175AFI29,1175AFI29,,-1.000000,1,,BSE,1.000000,0,False
977999,12AFIL2031,12AFIL2031,,-1.000000,1,,BSE,1.000000,0,False
959198,784BOB35,784BOB35,,-1.000000,1,,BSE,1.000000,0,False
959206,786PFCL30,786PFCL30,,-1.000000,1,,BSE,1.000000,0,False
959211,9MRHFL30,9MRHFL30,,-1.000000,1,,BSE,1.000000,0,False
959298,741PFCL30,741PFCL30,,-1.000000,1,,BSE,1.000000,0,False
973584,68AFL26,68AFL26,,-1.000000,1,,BSE,1.000000,0,False
973659,113UCL27,113UCL27,,-1.000000,1,,BSE,1.000000,0,False
973663,685NLC32,685NLC32,,-1.000000,1,,BSE,1.000000,0,False
973792,614IOCL27,614IOCL27,,-1.000000,1,,BSE,1.000000,0,False
978009,815GHFL28,815GHFL28,,-1.000000,1,,BSE,1.000000,0,False
978010,1095SFL28,1095SFL28,,-1.000000,1,,BSE,1.000000,0,False
978023,788KMPL29,788KMPL29,,-1.000000,1,,BSE,1.000000,0,False
978027,115IDG5329,115IDG5329,,-1.000000,1,,BSE,1.000000,0,False
959338,741PFCL30A,741PFCL30A,,-1.000000,1,,BSE,1.000000,0,False
959460,68NHPCL30,68NHPCL30,,-1.000000,5,,BSE,1.000000,0,False
960159,680REC30,680REC30,,-1.000000,1,,BSE,1.000000,0,False
960168,93CIFC30,93CIFC30,,-1.000000,2,,BSE,1.000000,0,False
978029,795JCL29,795JCL29,,-1.000000,1,,BSE,1.000000,0,False
978046,11MFIL29,11MFIL29,,-1.000000,1,,BSE,1.000000,0,False
978051,1035SFL28,1035SFL28,,-1.000000,1,,BSE,1.000000,0,False
978052,9IKFL28,9IKFL28,,-1.000000,1,,BSE,1.000000,0,False
973837,718HDFCB32,718HDFCB32,,-1.000000,1,,BSE,1.000000,0,False
973870,875BOMPERP,875BOMPERP,,-1.000000,1,,BSE,1.000000,0,False
973952,865JMFCS32,865JMFCS32,,-1.000000,1,,BSE,1.000000,0,False
973963,885SFL32,885SFL32,,-1.000000,1,,BSE,1.000000,0,False
978053,14RFL27A,14RFL27A,,-1.000000,1,,BSE,1.000000,0,False
978061,809PFL29,809PFL29,,-1.000000,1,,BSE,1.000000,0,False
978064,754NBFID41,754NBFID41,,-1.000000,1,,BSE,1.000000,0,False
978073,744IIT36,744IIT36,,-1.000000,1,,BSE,1.000000,0,False
960169,920JMCSL30,920JMCSL30,,-1.000000,1,,BSE,1.000000,0,False
960232,659NABAR35,659NABAR35,,-1.000000,1,,BSE,1.000000,0,False
960265,975TCAPPER,975TCAPPER,,-1.000000,1,,BSE,1.000000,0,False
960420,1101MEC31A,1101MEC31A,,-1.000000,1,,BSE,1.000000,0,False
973990,962APSB28,962APSB28,,-1.000000,1,,BSE,1.000000,0,False
974017,1018EFCL27,1018EFCL27,,-1.000000,1,,BSE,1.000000,0,False
974067,825CFSL32,825CFSL32,,-1.000000,1,,BSE,1.000000,0,False
974122,76BFL27,76BFL27,,-1.000000,1,,BSE,1.000000,0,False
978080,1060MFL28,1060MFL28,,-1.000000,1,,BSE,1.000000,0,False
978089,815BFL36,815BFL36,,-1.000000,1,,BSE,1.000000,0,False
978121,735BIL28,735BIL28,,-1.000000,1,,BSE,1.000000,0,False
978118,10PPL28,10PPL28,,-1.000000,1,,BSE,1.000000,0,False
960448,1522RSOT61,1522RSOT61,,-1.000000,1000,,BSE,1.000000,0,False
961767,719HUDCO28,719HUDCO28,,-1.000000,1,,BSE,1.000000,0,False
961782,851HUDCO28,851HUDCO28,,-1.000000,1,,BSE,1.000000,0,False
961786,874HUDCO33,874HUDCO33,,-1.000000,1,,BSE,1.000000,0,False
974165,775SBIPER,775SBIPER,,-1.000000,1,,BSE,1.000000,0,False
974171,715PFCL27,715PFCL27,,-1.000000,1,,BSE,1.000000,0,False
974320,1050HFL27A,1050HFL27A,,-1.000000,1,,BSE,1.000000,0,False
974412,910TIAL30,910TIAL30,,-1.000000,1,,BSE,1.000000,0,False
961803,879PFCL28,879PFCL28,,-1.000000,1,,BSE,1.000000,0,False
961812,858HUDCO29,858HUDCO29,,-1.000000,1,,BSE,1.000000,0,False
961819,866IIFC34B,866IIFC34B,,-1.000000,1,,BSE,1.000000,0,False
961826,875NHAI29,875NHAI29,,-1.000000,1,,BSE,1.000000,0,False
974434,759PFCL28,759PFCL28,,-1.000000,1,,BSE,1.000000,0,False
974452,962APSB32A,962APSB32A,,-1.000000,1,,BSE,1.000000,0,False
974453,962APSB27A,962APSB27A,,-1.000000,1,,BSE,1.000000,0,False
974458,BSNLIRR32,BSNLIRR32,,-1.000000,1,,BSE,1.000000,0,False
974459,840PNBPERP,840PNBPERP,,-1.000000,1,,BSE,1.000000,0,False
974482,775TPCL30,775TPCL30,,-1.000000,1,,BSE,1.000000,0,False
974539,765IRFC33,765IRFC33,,-1.000000,1,,BSE,1.000000,0,False
974541,810ATL28,810ATL28,,-1.000000,1,,BSE,1.000000,0,False
961853,900KPL34,900KPL34,,-1.000000,1,,BSE,1.000000,0,False
961859,871HUDCO34,871HUDCO34,,-1.000000,1,,BSE,1.000000,0,False
961865,896HUDCO34,896HUDCO34,,-1.000000,1,,BSE,1.000000,0,False
961881,863IRFC29,863IRFC29,,-1.000000,1,,BSE,1.000000,0,False
972367,PIDBSTRP26,PIDBSTRP26,,-1.000000,1,,BSE,1.000000,0,False
972873,863NTPC29,863NTPC29,,-1.000000,1,,BSE,1.000000,0,False
973037,975HLFL026,975HLFL026,,-1.000000,1,,BSE,1.000000,0,False
973126,680IRFC41,680IRFC41,,-1.000000,1,,BSE,1.000000,0,False
974553,788BFL28,788BFL28,,-1.000000,1,,BSE,1.000000,0,False
974593,740PGCL33,740PGCL33,,-1.000000,1,,BSE,1.000000,0,False
974603,759NHPCL31,759NHPCL31,,-1.000000,1,,BSE,1.000000,0,False
974606,759NHPCL28,759NHPCL28,,-1.000000,1,,BSE,1.000000,0,False
974712,890KFC32,890KFC32,,-1.000000,1,,BSE,1.000000,0,False
974713,890KFC33,890KFC33,,-1.000000,1,,BSE,1.000000,0,False
974736,790TRCL27A,790TRCL27A,,-1.000000,1,,BSE,1.000000,0,False
974781,770TGT41,770TGT41,,-1.000000,1,,BSE,1.000000,0,False
973143,699GIL31,699GIL31,,-1.000000,1,,BSE,1.000000,0,False
973228,740AFL31,740AFL31,,-1.000000,1,,BSE,1.000000,0,False
973229,734ABCL31,734ABCL31,,-1.000000,1,,BSE,1.000000,0,False
973236,688HDFCB31,688HDFCB31,,-1.000000,1,,BSE,1.000000,0,False
974790,804IIL33,804IIL33,,-1.000000,1,,BSE,1.000000,0,False
974794,810ABHF28,810ABHF28,,-1.000000,1,,BSE,1.000000,0,False
974802,798RECPER,798RECPER,,-1.000000,1,,BSE,1.000000,0,False
974803,790BHF28,790BHF28,,-1.000000,1,,BSE,1.000000,0,False
973574,8JMFHL26,8JMFHL26,,-1.000000,1,,BSE,1.000000,0,False
973583,710PNB31,710PNB31,,-1.000000,1,,BSE,1.000000,0,False
973596,795BOBPER,795BOBPER,,-1.000000,1,,BSE,1.000000,0,False
973646,675IIDL27,675IIDL27,,-1.000000,1,,BSE,1.000000,0,False
974806,801ABCL28,801ABCL28,,-1.000000,1,,BSE,1.000000,0,False
974807,863KFC30,863KFC30,,-1.000000,1,,BSE,1.000000,0,False
974963,1075AUSF29,1075AUSF29,,-1.000000,1,,BSE,1.000000,0,False
974970,757PFCL33,757PFCL33,,-1.000000,1,,BSE,1.000000,0,False
973688,08SFL31,08SFL31,,-1.000000,1,,BSE,1.000000,0,False
973729,770GRIL32,770GRIL32,,-1.000000,1,,BSE,1.000000,0,False
973750,73AGEUP26,73AGEUP26,,-1.000000,1,,BSE,1.000000,0,False
973751,765AGEUP29,765AGEUP29,,-1.000000,1,,BSE,1.000000,0,False
974977,802ABHF28,802ABHF28,,-1.000000,1,,BSE,1.000000,0,False
975048,760PFCL33,760PFCL33,,-1.000000,1,,BSE,1.000000,0,False
975069,757ABFRL30,757ABFRL30,,-1.000000,1,,BSE,1.000000,0,False
975102,749SBI38,749SBI38,,-1.000000,1,,BSE,1.000000,0,False
973756,730PDPL26,730PDPL26,,-1.000000,1,,BSE,1.000000,0,False
973762,765PSEPL29,765PSEPL29,,-1.000000,1,,BSE,1.000000,0,False
973841,712NHAI37,712NHAI37,,-1.000000,1,,BSE,1.000000,0,False
973876,97UPPCL29,97UPPCL29,,-1.000000,1,,BSE,1.000000,0,False
973898,950JKBL32,950JKBL32,,-1.000000,1,,BSE,1.000000,0,False
973904,1177MML27,1177MML27,,-1.000000,1,,BSE,1.000000,0,False
973949,786HDFCB32,786HDFCB32,,-1.000000,1,,BSE,1.000000,0,False
974021,14VPIPL27,14VPIPL27,,-1.000000,1,,BSE,1.000000,0,False
975114,815TAGIC33,815TAGIC33,,-1.000000,1,,BSE,1.000000,0,False
975153,775IREDA33,775IREDA33,,-1.000000,1,,BSE,1.000000,0,False
975169,PCPLZC28,PCPLZC28,,-1.000000,1,,BSE,1.000000,0,False
975182,8860JFHL26,8860JFHL26,,-1.000000,1,,BSE,1.000000,0,False
974022,874VAML32,874VAML32,,-1.000000,1,,BSE,1.000000,0,False
974028,895HPL27,895HPL27,,-1.000000,1,,BSE,1.000000,0,False
974051,865JMFPL32,865JMFPL32,,-1.000000,1,,BSE,1.000000,0,False
974134,836CFSPER,836CFSPER,,-1.000000,1,,BSE,1.000000,0,False
975187,1330PFSP26,1330PFSP26,,-1.000000,1,,BSE,1.000000,0,False
975201,10GGIAL43,10GGIAL43,,-1.000000,1,,BSE,1.000000,0,False
975202,995PDLL26,995PDLL26,,-1.000000,1,,BSE,1.000000,0,False
975226,77PFCL33,77PFCL33,,-1.000000,1,,BSE,1.000000,0,False
975239,1025NFL26,1025NFL26,,-1.000000,1,,BSE,1.000000,0,False
975261,775BOB33,775BOB33,,-1.000000,1,,BSE,1.000000,0,False
975263,840HDBFS33,840HDBFS33,,-1.000000,1,,BSE,1.000000,0,False
975268,895KIIFB28,895KIIFB28,,-1.000000,1,,BSE,1.000000,0,False
974137,79MMFSL27,79MMFSL27,,-1.000000,1,,BSE,1.000000,0,False
974167,742PFCL32,742PFCL32,,-1.000000,1,,BSE,1.000000,0,False
974220,757SBI37,757SBI37,,-1.000000,1,,BSE,1.000000,0,False
974222,750REC33,750REC33,,-1.000000,1,,BSE,1.000000,0,False
975269,895KIIFB29,895KIIFB29,,-1.000000,1,,BSE,1.000000,0,False
975270,895KIIFB30,895KIIFB30,,-1.000000,1,,BSE,1.000000,0,False
975281,855PNBPER,855PNBPER,,-1.000000,1,,BSE,1.000000,0,False
975285,145LMPF29,145LMPF29,,-1.000000,1,,BSE,1.000000,0,False
974250,001HCCL29B,001HCCL29B,,-1.000000,1,,BSE,1.000000,0,False
974298,769IRFC32,769IRFC32,,-1.000000,1,,BSE,1.000000,0,False
974354,8MTNL32,8MTNL32,,-1.000000,1,,BSE,1.000000,0,False
974380,7LKCP26A,7LKCP26A,,-1.000000,1,,BSE,1.000000,0,False
974387,744IOCL27,744IOCL27,,-1.000000,1,,BSE,1.000000,0,False
974395,789PNB37,789PNB37,,-1.000000,1,,BSE,1.000000,0,False
974428,753REC33,753REC33,,-1.000000,1,,BSE,1.000000,0,False
974435,772PFCL37,772PFCL37,,-1.000000,1,,BSE,1.000000,0,False
975340,810BFL29,810BFL29,,-1.000000,1,,BSE,1.000000,0,False
975362,NUVWEMCX27,NUVWEMCX27,,-1.000000,1,,BSE,1.000000,0,False
975370,832KPIL27,832KPIL27,,-1.000000,1,,BSE,1.000000,0,False
975400,788IGT2029,788IGT2029,,-1.000000,1,,BSE,1.000000,0,False
974544,827ATL41,827ATL41,,-1.000000,1,,BSE,1.000000,0,False
974545,827ATLS37,827ATLS37,,-1.000000,1,,BSE,1.000000,0,False
974574,890TIAL30,890TIAL30,,-1.000000,1,,BSE,1.000000,0,False
974580,1125ISFL29,1125ISFL29,,-1.000000,1,,BSE,1.000000,0,False
975403,8225KMPL27,8225KMPL27,,-1.000000,1,,BSE,1.000000,0,False
975420,0PMPL29,0PMPL29,,-1.000000,1,,BSE,1.000000,0,False
975437,995PDL34A,995PDL34A,,-1.000000,1,,BSE,1.000000,0,False
975438,0ADPL27,0ADPL27,,-1.000000,1,,BSE,1.000000,0,False
975452,993V6T29,993V6T29,,-1.000000,1,,BSE,1.000000,0,False
975464,753IRED34,753IRED34,,-1.000000,1,,BSE,1.000000,0,False
975484,796PIL29,796PIL29,,-1.000000,1,,BSE,1.000000,0,False
975485,755PFC27,755PFC27,,-1.000000,1,,BSE,1.000000,0,False
974595,797HDFCB33,797HDFCB33,,-1.000000,1,,BSE,1.000000,0,False
974602,759NHPCL32,759NHPCL32,,-1.000000,1,,BSE,1.000000,0,False
974610,820SBIPERP,820SBIPERP,,-1.000000,1,,BSE,1.000000,0,False
974630,785IGT28,785IGT28,,-1.000000,1,,BSE,1.000000,0,False
975502,10AAHL29,10AAHL29,,-1.000000,1,,BSE,1.000000,0,False
975508,833ABCL27,833ABCL27,,-1.000000,1,,BSE,1.000000,0,False
975509,746IRFC29,746IRFC29,,-1.000000,1,,BSE,1.000000,0,False
975519,11ESFB30,11ESFB30,,-1.000000,1,,BSE,1.000000,0,False
974631,7917IGT31,7917IGT31,,-1.000000,1,,BSE,1.000000,0,False
974642,782PFCL38,782PFCL38,,-1.000000,1,,BSE,1.000000,0,False
974679,774IRFC38,774IRFC38,,-1.000000,1,,BSE,1.000000,0,False
974689,790JKCL28,790JKCL28,,-1.000000,1,,BSE,1.000000,0,False
977835,1150NFL31,1150NFL31,,-1.000000,1,,BSE,1.000000,0,False
977846,12KFL2028,12KFL2028,,-1.000000,1,,BSE,1.000000,0,False
975527,970MGICL34,970MGICL34,,-1.000000,1,,BSE,1.000000,0,False
975528,MFSLMCLR28,MFSLMCLR28,,-1.000000,1,,BSE,1.000000,0,False
975531,837KMIL27,837KMIL27,,-1.000000,1,,BSE,1.000000,0,False
975534,812BFL27,812BFL27,,-1.000000,1,,BSE,1.000000,0,False
974709,890KFC29,890KFC29,,-1.000000,1,,BSE,1.000000,0,False
974725,825MMFSL28,825MMFSL28,,-1.000000,1,,BSE,1.000000,0,False
974732,1310AFPL28,1310AFPL28,,-1.000000,1,,BSE,1.000000,0,False
974737,756PGCIL33,756PGCIL33,,-1.000000,1,,BSE,1.000000,0,False
974773,1070VDP35,1070VDP35,,-1.000000,1,,BSE,1.000000,0,False
974780,762PFCL33,762PFCL33,,-1.000000,1,,BSE,1.000000,0,False
974810,863KFL32,863KFL32,,-1.000000,1,,BSE,1.000000,0,False
974834,8315MRHF27,8315MRHF27,,-1.000000,1,,BSE,1.000000,0,False
975543,751BSNLD34,751BSNLD34,,-1.000000,1,,BSE,1.000000,0,False
975571,EEL280324,EEL280324,,-1.000000,1,,BSE,1.000000,0,False
975574,1950PRPL27,1950PRPL27,,-1.000000,1,,BSE,1.000000,0,False
975577,975V07T30,975V07T30,,-1.000000,1,,BSE,1.000000,0,False
974837,880JMFHL27,880JMFHL27,,-1.000000,1,,BSE,1.000000,0,False
974848,VPDPLZC28,VPDPLZC28,,-1.000000,1,,BSE,1.000000,0,False
974865,795AFL28,795AFL28,,-1.000000,1,,BSE,1.000000,0,False
974899,746REC28,746REC28,,-1.000000,1,,BSE,1.000000,0,False
975584,990NVL0334,990NVL0334,,-1.000000,100000,,BSE,1.000000,0,False
975597,965VFSPL27,965VFSPL27,,-1.000000,1,,BSE,1.000000,0,False
975601,802IHFC29,802IHFC29,,-1.000000,1,,BSE,1.000000,0,False
975605,12AFPL30,12AFPL30,,-1.000000,1,,BSE,1.000000,0,False
974934,890JFPL26,890JFPL26,,-1.000000,1,,BSE,1.000000,0,False
974936,749CHT41,749CHT41,,-1.000000,1,,BSE,1.000000,0,False
974939,741IRFC26,741IRFC26,,-1.000000,1,,BSE,1.000000,0,False
974985,835AFL28,835AFL28,,-1.000000,1,,BSE,1.000000,0,False
975620,751IIFCL39,751IIFCL39,,-1.000000,1,,BSE,1.000000,0,False
975635,793BFL34,793BFL34,,-1.000000,1,,BSE,1.000000,0,False
975690,950HLFL29,950HLFL29,,-1.000000,1,,BSE,1.000000,0,False
975692,758RECL29,758RECL29,,-1.000000,1,,BSE,1.000000,0,False
975038,1070AUSF29,1070AUSF29,,-1.000000,1,,BSE,1.000000,0,False
975070,776THDC33,776THDC33,,-1.000000,1,,BSE,1.000000,0,False
975078,798BOM33,798BOM33,,-1.000000,1,,BSE,1.000000,0,False
975083,DLF20923,DLF20923,,-1.000000,1,,BSE,1.000000,0,False
975693,965HLFL39,965HLFL39,,-1.000000,1,,BSE,1.000000,0,False
975702,ECE310524,ECE310524,,-1.000000,1,,BSE,1.000000,0,False
975707,0ICLFL27,0ICLFL27,,-1.000000,1,,BSE,1.000000,0,False
975727,1025SFL29A,1025SFL29A,,-1.000000,1,,BSE,1.000000,0,False
975084,930MOFL33,930MOFL33,,-1.000000,1,,BSE,1.000000,0,False
975104,78SCL30,78SCL30,,-1.000000,1,,BSE,1.000000,0,False
975117,1045EFL26,1045EFL26,,-1.000000,1,,BSE,1.000000,0,False
975186,965TCPL26,965TCPL26,,-1.000000,1,,BSE,1.000000,0,False
975787,975VJ09T28,975VJ09T28,,-1.000000,1,,BSE,1.000000,0,False
975790,11USFBL31,11USFBL31,,-1.000000,1,,BSE,1.000000,0,False
975837,728HUDC29,728HUDC29,,-1.000000,1,,BSE,1.000000,0,False
975846,NWFL22724A,NWFL22724A,,-1.000000,1,,BSE,1.000000,0,False
975199,81929KMI27,81929KMI27,,-1.000000,1,,BSE,1.000000,0,False
975212,880SFL33,880SFL33,,-1.000000,1,,BSE,1.000000,0,False
975214,768IRFC26,768IRFC26,,-1.000000,1,,BSE,1.000000,0,False
975249,820KMPL28,820KMPL28,,-1.000000,1,,BSE,1.000000,0,False
975848,975SCL29,975SCL29,,-1.000000,1,,BSE,1.000000,0,False
975857,855GPL29,855GPL29,,-1.000000,1,,BSE,1.000000,0,False
975861,1097SML29,1097SML29,,-1.000000,1,,BSE,1.000000,0,False
975863,1140KFP27,1140KFP27,,-1.000000,1,,BSE,1.000000,0,False
977857,11MGFL027,11MGFL027,,-1.000000,1,,BSE,1.000000,0,False
977866,793BFL29,793BFL29,,-1.000000,1,,BSE,1.000000,0,False
977867,797KMPL29,797KMPL29,,-1.000000,1,,BSE,1.000000,0,False
977869,1075NFL29,1075NFL29,,-1.000000,1,,BSE,1.000000,0,False
975271,895KIIFB32,895KIIFB32,,-1.000000,1,,BSE,1.000000,0,False
975279,81BFL27,81BFL27,,-1.000000,1,,BSE,1.000000,0,False
975293,829AFL27,829AFL27,,-1.000000,1,,BSE,1.000000,0,False
975315,765PGCIL34,765PGCIL34,,-1.000000,1,,BSE,1.000000,0,False
975864,1050PFSP27,1050PFSP27,,-1.000000,1,,BSE,1.000000,0,False
975876,985STEL26,985STEL26,,-1.000000,100000,,BSE,1.000000,0,False
975885,897MML28,897MML28,,-1.000000,1,,BSE,1.000000,0,False
975890,799RCFL27,799RCFL27,,-1.000000,1,,BSE,1.000000,0,False
977871,766NBFID36,766NBFID36,,-1.000000,1,,BSE,1.000000,0,False
977878,18MVL31,18MVL31,,-1.000000,1,,BSE,1.000000,0,False
977893,915OPL29,915OPL29,,-1.000000,1,,BSE,1.000000,0,False
977897,925CAGL28,925CAGL28,,-1.000000,1,,BSE,1.000000,0,False
977902,103EEL29,103EEL29,,-1.000000,1,,BSE,1.000000,0,False
977913,0MCIBPL280M,0MCIBPL280M,,-1.000000,1,,BSE,1.000000,0,False
977918,0ABCL31,0ABCL31,,-1.000000,1,,BSE,1.000000,0,False
977922,1050HFL30A,1050HFL30A,,-1.000000,1,,BSE,1.000000,0,False
975321,840DLFL27,840DLFL27,,-1.000000,1,,BSE,1.000000,0,False
975324,1150SFPL25,1150SFPL25,,-1.000000,1,,BSE,1.000000,0,False
975335,1275SCNL29,1275SCNL29,,-1.000000,1,,BSE,1.000000,0,False
975342,829OPAL27,829OPAL27,,-1.000000,1,,BSE,1.000000,0,False
975897,975SCL28A,975SCL28A,,-1.000000,1,,BSE,1.000000,0,False
975902,8IIDL29,8IIDL29,,-1.000000,1,,BSE,1.000000,0,False
975904,795IIL39,795IIL39,,-1.000000,1,,BSE,1.000000,0,False
975918,850FFSL28,850FFSL28,,-1.000000,1,,BSE,1.000000,0,False
977924,1048NHFL27,1048NHFL27,,-1.000000,1,,BSE,1.000000,0,False
977930,890AFSL28,890AFSL28,,-1.000000,1,,BSE,1.000000,0,False
977944,895VFIPL28,895VFIPL28,,-1.000000,1,,BSE,1.000000,0,False
977951,770BFL29,770BFL29,,-1.000000,1,,BSE,1.000000,0,False
975345,757BOB24,757BOB24,,-1.000000,1,,BSE,1.000000,0,False
975390,961360OPL27,961360OPL27,,-1.000000,1,,BSE,1.000000,0,False
975483,796PIL28,796PIL28,,-1.000000,1,,BSE,1.000000,0,False
975511,975TCP27,975TCP27,,-1.000000,1,,BSE,1.000000,0,False
975921,975THFPL27,975THFPL27,,-1.000000,1,,BSE,1.000000,0,False
975923,9JMFHL27A,9JMFHL27A,,-1.000000,1,,BSE,1.000000,0,False
975933,IFL190824,IFL190824,,-1.000000,1,,BSE,1.000000,0,False
975937,94AFL27,94AFL27,,-1.000000,1,,BSE,1.000000,0,False
975516,825NHL29,825NHL29,,-1.000000,1,,BSE,1.000000,0,False
975549,910KIIFB28,910KIIFB28,,-1.000000,1,,BSE,1.000000,0,False
975572,EEL280324A,EEL280324A,,-1.000000,1,,BSE,1.000000,0,False
975578,975V08T27,975V08T27,,-1.000000,1,,BSE,1.000000,0,False
975957,83ISPDL35,83ISPDL35,,-1.000000,1,,BSE,1.000000,0,False
975958,85AHFL27,85AHFL27,,-1.000000,1,,BSE,1.000000,0,False
975972,1206FCL29,1206FCL29,,-1.000000,1,,BSE,1.000000,0,False
975988,745ABL34,745ABL34,,-1.000000,1,,BSE,1.000000,0,False
977952,753BHFL29,753BHFL29,,-1.000000,1,,BSE,1.000000,0,False
977959,91SKFL28,91SKFL28,,-1.000000,1,,BSE,1.000000,0,False
977960,77861HDB36,77861HDB36,,-1.000000,1,,BSE,1.000000,0,False
977962,1250ICLF27,1250ICLF27,,-1.000000,1,,BSE,1.000000,0,False
977969,RRWEPL29,RRWEPL29,,-1.000000,1,,BSE,1.000000,0,False
977978,RRAHFL31,RRAHFL31,,-1.000000,1,,BSE,1.000000,0,False
977985,905HLFL36,905HLFL36,,-1.000000,1,,BSE,1.000000,0,False
978007,12UCIL28,12UCIL28,,-1.000000,1,,BSE,1.000000,0,False
975631,1225KDM33,1225KDM33,,-1.000000,1,,BSE,1.000000,0,False
975703,EEL310524,EEL310524,,-1.000000,1,,BSE,1.000000,0,False
975704,12ICLFL27,12ICLFL27,,-1.000000,1,,BSE,1.000000,0,False
975714,12ACAP29,12ACAP29,,-1.000000,1,,BSE,1.000000,0,False
975997,999ATIT29A,999ATIT29A,,-1.000000,1,,BSE,1.000000,0,False
976046,801MMFSL27,801MMFSL27,,-1.000000,1,,BSE,1.000000,0,False
976048,11DKGF26,11DKGF26,,-1.000000,1,,BSE,1.000000,0,False
976071,940PL25728,940PL25728,,-1.000000,100000,,BSE,1.000000,0,False
975717,980DMIFP27,980DMIFP27,,-1.000000,1,,BSE,1.000000,0,False
975721,IFSL060624,IFSL060624,,-1.000000,1,,BSE,1.000000,0,False
975733,995AAHL28,995AAHL28,,-1.000000,1,,BSE,1.000000,0,False
975741,114KFL27,114KFL27,,-1.000000,1,,BSE,1.000000,0,False
976098,95HHFL39,95HHFL39,,-1.000000,1,,BSE,1.000000,0,False
976115,975DMIFP27,975DMIFP27,,-1.000000,1,,BSE,1.000000,0,False
976133,13PFSP31,13PFSP31,,-1.000000,1,,BSE,1.000000,0,False
976137,1182ESPL26,1182ESPL26,,-1.000000,1,,BSE,1.000000,0,False
978045,1365POP30D,1365POP30D,,-1.000000,1,,BSE,1.000000,0,False
978071,NWIL180230,NWIL180230,,-1.000000,1,,BSE,1.000000,0,False
978075,1175UCIL27,1175UCIL27,,-1.000000,1,,BSE,1.000000,0,False
978077,1050SIS28,1050SIS28,,-1.000000,1,,BSE,1.000000,0,False
975743,918NACL29,918NACL29,,-1.000000,1,,BSE,1.000000,0,False
975754,957MASFL27,957MASFL27,,-1.000000,1,,BSE,1.000000,0,False
975756,91SFL34,91SFL34,,-1.000000,1,,BSE,1.000000,0,False
975762,9JMFHL28,9JMFHL28,,-1.000000,1,,BSE,1.000000,0,False
976142,827HFSL34,827HFSL34,,-1.000000,1,,BSE,1.000000,0,False
976199,1010ICFL27,1010ICFL27,,-1.000000,1,,BSE,1.000000,0,False
976222,775KMPL27,775KMPL27,,-1.000000,1,,BSE,1.000000,0,False
976232,740NBARD30,740NBARD30,,-1.000000,1,,BSE,1.000000,0,False
978098,1020UCL31,1020UCL31,,-1.000000,1,,BSE,1.000000,0,False
978114,1050LIF29,1050LIF29,,-1.000000,1,,BSE,1.000000,0,False
978120,125ACAPL27,125ACAPL27,,-1.000000,1,,BSE,1.000000,0,False
978122,740BIL30,740BIL30,,-1.000000,1,,BSE,1.000000,0,False
975779,980VFL28,980VFL28,,-1.000000,1,,BSE,1.000000,0,False
975783,81006KIF31,81006KIF31,,-1.000000,1,,BSE,1.000000,0,False
975785,950VAJR28,950VAJR28,,-1.000000,1,,BSE,1.000000,0,False
975819,950HLFL39,950HLFL39,,-1.000000,1,,BSE,1.000000,0,False
976234,91CFSL29,91CFSL29,,-1.000000,1,,BSE,1.000000,0,False
976241,MUML161224,MUML161224,,-1.000000,1,,BSE,1.000000,0,False
976244,FHL191224B,FHL191224B,,-1.000000,1,,BSE,1.000000,0,False
976255,7882AXFL27,7882AXFL27,,-1.000000,1,,BSE,1.000000,0,False
978126,760PFCL31,760PFCL31,,-1.000000,1,,BSE,1.000000,0,False
978129,1550BCSL27,1550BCSL27,,-1.000000,1,,BSE,1.000000,0,False
978132,105GFL28A,105GFL28A,,-1.000000,1,,BSE,1.000000,0,False
978136,13SCCSPL27,13SCCSPL27,,-1.000000,1,,BSE,1.000000,0,False
975835,756RECL27,756RECL27,,-1.000000,1,,BSE,1.000000,0,False
975866,798BFL29,798BFL29,,-1.000000,1,,BSE,1.000000,0,False
975888,788UML27,788UML27,,-1.000000,1,,BSE,1.000000,0,False
975891,80956ABH26,80956ABH26,,-1.000000,1,,BSE,1.000000,0,False
976268,88912SFL28,88912SFL28,,-1.000000,1,,BSE,1.000000,0,False
976277,925VT28,925VT28,,-1.000000,1,,BSE,1.000000,0,False
976280,109AFPL26,109AFPL26,,-1.000000,1,,BSE,1.000000,0,False
976302,9AFIP28,9AFIP28,,-1.000000,1,,BSE,1.000000,0,False
975898,849ABSLI34,849ABSLI34,,-1.000000,1,,BSE,1.000000,0,False
975900,736NBFID44,736NBFID44,,-1.000000,1,,BSE,1.000000,0,False
975907,925VAJRA31,925VAJRA31,,-1.000000,1,,BSE,1.000000,0,False
975984,8857SFL27,8857SFL27,,-1.000000,1,,BSE,1.000000,0,False
976306,14ACAP26,14ACAP26,,-1.000000,1,,BSE,1.000000,0,False
976308,925SKFL28,925SKFL28,,-1.000000,1,,BSE,1.000000,0,False
976311,725IOCL30,725IOCL30,,-1.000000,1,,BSE,1.000000,0,False
976331,846AFL30,846AFL30,,-1.000000,1,,BSE,1.000000,0,False
976338,777IHFCL30,777IHFCL30,,-1.000000,1,,BSE,1.000000,0,False
976347,PFL230125A,PFL230125A,,-1.000000,1,,BSE,1.000000,0,False
976353,720NHPC35,720NHPC35,,-1.000000,1,,BSE,1.000000,0,False
976356,12AFIL27,12AFIL27,,-1.000000,1,,BSE,1.000000,0,False
976002,885SA24T,885SA24T,,-1.000000,100000,,BSE,1.000000,0,False
976036,1045MFL32,1045MFL32,,-1.000000,1,,BSE,1.000000,0,False
976061,895SISL39,895SISL39,,-1.000000,1,,BSE,1.000000,0,False
976064,847BOBPER,847BOBPER,,-1.000000,1,,BSE,1.000000,0,False
976078,825CIFCL29,825CIFCL29,,-1.000000,1,,BSE,1.000000,0,False
976088,949KIIFB32,949KIIFB32,,-1.000000,1,,BSE,1.000000,0,False
976104,797MPL27,797MPL27,,-1.000000,1,,BSE,1.000000,0,False
976106,94AFSL27,94AFSL27,,-1.000000,1,,BSE,1.000000,0,False
976376,1115MHFC30,1115MHFC30,,-1.000000,1,,BSE,1.000000,0,False
976396,873ABCLPRP,873ABCLPRP,,-1.000000,1,,BSE,1.000000,0,False
976404,1150BRFL27,1150BRFL27,,-1.000000,1,,BSE,1.000000,0,False
976416,773TIL35,773TIL35,,-1.000000,1,,BSE,1.000000,0,False
976128,805ORL28,805ORL28,,-1.000000,1,,BSE,1.000000,0,False
976141,961NWFL26A,961NWFL26A,,-1.000000,1,,BSE,1.000000,0,False
976153,732IREDA29,732IREDA29,,-1.000000,1,,BSE,1.000000,0,False
976159,747IIFCL27,747IIFCL27,,-1.000000,1,,BSE,1.000000,0,False
976428,116MFIL27,116MFIL27,,-1.000000,1,,BSE,1.000000,0,False
976435,975VFL29,975VFL29,,-1.000000,1,,BSE,1.000000,0,False
976440,1250MFL26A,1250MFL26A,,-1.000000,1,,BSE,1.000000,0,False
976443,986VCL27,986VCL27,,-1.000000,1,,BSE,1.000000,0,False
976167,945OFSL26,945OFSL26,,-1.000000,1,,BSE,1.000000,0,False
976174,12MFL26,12MFL26,,-1.000000,1,,BSE,1.000000,0,False
976178,920DCBBL34,920DCBBL34,,-1.000000,1,,BSE,1.000000,0,False
976189,960ARFL34,960ARFL34,,-1.000000,1,,BSE,1.000000,0,False
976456,86TFL27,86TFL27,,-1.000000,1,,BSE,1.000000,0,False
976459,12LVAF27,12LVAF27,,-1.000000,10,,BSE,1.000000,0,False
976463,74PFCL35,74PFCL35,,-1.000000,1,,BSE,1.000000,0,False
976474,940OPL27,940OPL27,,-1.000000,1,,BSE,1.000000,0,False
976200,1015ICFL27,1015ICFL27,,-1.000000,1,,BSE,1.000000,0,False
976201,97THFPL27,97THFPL27,,-1.000000,1,,BSE,1.000000,0,False
976221,793IIL34,793IIL34,,-1.000000,1,,BSE,1.000000,0,False
976230,950IFSL26B,950IFSL26B,,-1.000000,1,,BSE,1.000000,0,False
976485,1125MHFC30,1125MHFC30,,-1.000000,1,,BSE,1.000000,0,False
976491,1320IML30,1320IML30,,-1.000000,1,,BSE,1.000000,0,False
976506,12MFLPERPE,12MFLPERPE,,-1.000000,1,,BSE,1.000000,0,False
976508,875JEL028,875JEL028,,-1.000000,1,,BSE,1.000000,0,False
976237,709IRFC34,709IRFC34,,-1.000000,1,,BSE,1.000000,0,False
976258,735IIFCL34,735IIFCL34,,-1.000000,1,,BSE,1.000000,0,False
976261,96MFSL26,96MFSL26,,-1.000000,1,,BSE,1.000000,0,False
976275,1011VCL26,1011VCL26,,-1.000000,1,,BSE,1.000000,0,False
976546,865RRISF29,865RRISF29,,-1.000000,1,,BSE,1.000000,0,False
976553,949KIIF33,949KIIF33,,-1.000000,1,,BSE,1.000000,0,False
976556,749IIT28,749IIT28,,-1.000000,1,,BSE,1.000000,0,False
976576,975OFSL27B,975OFSL27B,,-1.000000,1,,BSE,1.000000,0,False
976287,11ESPL26,11ESPL26,,-1.000000,1,,BSE,1.000000,0,False
976291,942KIIFB31,942KIIFB31,,-1.000000,1,,BSE,1.000000,0,False
976292,942KIIFB33,942KIIFB33,,-1.000000,1,,BSE,1.000000,0,False
976299,NWFL311224,NWFL311224,,-1.000000,1,,BSE,1.000000,0,False
976590,950RAVEN26,950RAVEN26,,-1.000000,100000,,BSE,1.000000,0,False
976592,10PLRPL35,10PLRPL35,,-1.000000,1,,BSE,1.000000,0,False
976593,940CGCL35,940CGCL35,,-1.000000,1,,BSE,1.000000,0,False
976597,1290MCFL27,1290MCFL27,,-1.000000,1,,BSE,1.000000,0,False
976313,775UNOML27,775UNOML27,,-1.000000,1,,BSE,1.000000,0,False
976328,RRCIPL30,RRCIPL30,,-1.000000,1,,BSE,1.000000,0,False
976329,925SKFL27A,925SKFL27A,,-1.000000,1,,BSE,1.000000,0,False
976332,723BOB35,723BOB35,,-1.000000,1,,BSE,1.000000,0,False
976599,757BFL30,757BFL30,,-1.000000,1,,BSE,1.000000,0,False
976608,930PFL29,930PFL29,,-1.000000,1,,BSE,1.000000,0,False
976613,7732AFL28,7732AFL28,,-1.000000,1,,BSE,1.000000,0,False
976614,694PGCIL35,694PGCIL35,,-1.000000,1,,BSE,1.000000,0,False
976354,1175AFIL28,1175AFIL28,,-1.000000,1,,BSE,1.000000,0,False
976365,940UTD2430,940UTD2430,,-1.000000,1,,BSE,1.000000,0,False
976368,104NFL27,104NFL27,,-1.000000,1,,BSE,1.000000,0,False
976378,1081BHGC28,1081BHGC28,,-1.000000,1,,BSE,1.000000,0,False
976616,869SFL30,869SFL30,,-1.000000,1,,BSE,1.000000,0,False
976622,737BFL28,737BFL28,,-1.000000,1,,BSE,1.000000,0,False
976633,761HFSL30,761HFSL30,,-1.000000,1,,BSE,1.000000,0,False
976636,72503CHT28,72503CHT28,,-1.000000,1,,BSE,1.000000,0,False
976379,7886MMFS28,7886MMFS28,,-1.000000,1,,BSE,1.000000,0,False
976387,724PFCL35,724PFCL35,,-1.000000,1,,BSE,1.000000,0,False
976388,725PFCL45,725PFCL45,,-1.000000,1,,BSE,1.000000,0,False
976402,13KDFL27,13KDFL27,,-1.000000,1,,BSE,1.000000,0,False
976655,9CGCL28,9CGCL28,,-1.000000,1,,BSE,1.000000,0,False
976639,RRAVFL30A,RRAVFL30A,,-1.000000,1,,BSE,1.000000,0,False
976643,738BFL30,738BFL30,,-1.000000,1,,BSE,1.000000,0,False
976650,1310POP27B,1310POP27B,,-1.000000,1,,BSE,1.000000,0,False
976413,734PNB35,734PNB35,,-1.000000,1,,BSE,1.000000,0,False
976426,818MCFPL28,818MCFPL28,,-1.000000,1,,BSE,1.000000,0,False
976429,1028UCL29,1028UCL29,,-1.000000,1,,BSE,1.000000,0,False
976430,94VAML27,94VAML27,,-1.000000,1,,BSE,1.000000,0,False
976656,736IHFCL30,736IHFCL30,,-1.000000,1,,BSE,1.000000,0,False
976672,686NHPCL35,686NHPCL35,,-1.000000,1,,BSE,1.000000,0,False
976673,686NHPCL36,686NHPCL36,,-1.000000,1,,BSE,1.000000,0,False
976675,1065KSL26,1065KSL26,,-1.000000,1,,BSE,1.000000,0,False
976437,1060NFL27,1060NFL27,,-1.000000,1,,BSE,1.000000,0,False
976439,1250MFL28,1250MFL28,,-1.000000,1,,BSE,1.000000,0,False
976473,990IN04128,990IN04128,,-1.000000,1,,BSE,1.000000,0,False
976475,777AIEY28,777AIEY28,,-1.000000,1,,BSE,1.000000,0,False
976696,925MASFS27,925MASFS27,,-1.000000,1,,BSE,1.000000,0,False
976697,EFCL150525,EFCL150525,,-1.000000,1,,BSE,1.000000,0,False
976720,747ABCL29,747ABCL29,,-1.000000,1,,BSE,1.000000,0,False
976730,125IML28,125IML28,,-1.000000,1,,BSE,1.000000,0,False
976493,10KFL027,10KFL027,,-1.000000,1,,BSE,1.000000,0,False
976500,820HEGIC35,820HEGIC35,,-1.000000,1,,BSE,1.000000,0,False
976509,880JEL030,880JEL030,,-1.000000,1,,BSE,1.000000,0,False
976513,1250MFL29,1250MFL29,,-1.000000,1,,BSE,1.000000,0,False
976735,76PFL27,76PFL27,,-1.000000,1,,BSE,1.000000,0,False
976741,911LGS1027,911LGS1027,,-1.000000,1,,BSE,1.000000,0,False
976744,925VT27,925VT27,,-1.000000,1,,BSE,1.000000,0,False
976758,1135MBFL27,1135MBFL27,,-1.000000,1,,BSE,1.000000,0,False
976518,950HLFLPER,950HLFLPER,,-1.000000,1,,BSE,1.000000,0,False
976520,995AFL27,995AFL27,,-1.000000,1,,BSE,1.000000,0,False
976532,874VCL31,874VCL31,,-1.000000,1,,BSE,1.000000,0,False
976535,EFCL25325,EFCL25325,,-1.000000,1,,BSE,1.000000,0,False
976769,114AFSL28,114AFSL28,,-1.000000,1,,BSE,1.000000,0,False
976773,778ABSL35,778ABSL35,,-1.000000,1,,BSE,1.000000,0,False
976791,950OFSL26,950OFSL26,,-1.000000,1,,BSE,1.000000,0,False
976801,95PICAS27,95PICAS27,,-1.000000,100000,,BSE,1.000000,0,False
976541,125AFIL31,125AFIL31,,-1.000000,1,,BSE,1.000000,0,False
976542,12AFIL27B,12AFIL27B,,-1.000000,1,,BSE,1.000000,0,False
976549,949KIIF29,949KIIF29,,-1.000000,1,,BSE,1.000000,0,False
976562,774IREDA35,774IREDA35,,-1.000000,1,,BSE,1.000000,0,False
976811,701IGIT29,701IGIT29,,-1.000000,1,,BSE,1.000000,0,False
976836,14PCLD29,14PCLD29,,-1.000000,1,,BSE,1.000000,0,False
976840,13PCLD29,13PCLD29,,-1.000000,1,,BSE,1.000000,0,False
976841,13PCL2029,13PCL2029,,-1.000000,1,,BSE,1.000000,0,False
976564,95AKCFL28,95AKCFL28,,-1.000000,1,,BSE,1.000000,0,False
976566,728IIFCL32,728IIFCL32,,-1.000000,1,,BSE,1.000000,0,False
976573,850SISL28,850SISL28,,-1.000000,1,,BSE,1.000000,0,False
976589,10LGS8D27,10LGS8D27,,-1.000000,1,,BSE,1.000000,0,False
976868,125ACAP28,125ACAP28,,-1.000000,1,,BSE,1.000000,0,False
976873,1040AFL28,1040AFL28,,-1.000000,1,,BSE,1.000000,0,False
976879,733KMIL28,733KMIL28,,-1.000000,1,,BSE,1.000000,0,False
976910,113KFL027,113KFL027,,-1.000000,1,,BSE,1.000000,0,False
976595,95STELLA27,95STELLA27,,-1.000000,100000,,BSE,1.000000,0,False
976609,8MMFSL27A,8MMFSL27A,,-1.000000,1,,BSE,1.000000,0,False
976612,1150AFL27,1150AFL27,,-1.000000,1,,BSE,1.000000,0,False
976620,88HLFL30,88HLFL30,,-1.000000,1,,BSE,1.000000,0,False
976925,745TIL35,745TIL35,,-1.000000,1,,BSE,1.000000,0,False
976927,1095AFP27,1095AFP27,,-1.000000,1,,BSE,1.000000,0,False
976928,1125IMLD27,1125IMLD27,,-1.000000,1,,BSE,1.000000,0,False
976929,12IML28,12IML28,,-1.000000,1,,BSE,1.000000,0,False
976621,116SFPL28,116SFPL28,,-1.000000,1,,BSE,1.000000,0,False
976627,770PFL28,770PFL28,,-1.000000,1,,BSE,1.000000,0,False
976631,734IHFCL28,734IHFCL28,,-1.000000,1,,BSE,1.000000,0,False
976637,73006CHT32,73006CHT32,,-1.000000,1,,BSE,1.000000,0,False
976931,76ABCL35,76ABCL35,,-1.000000,1,,BSE,1.000000,0,False
976936,858KFC32,858KFC32,,-1.000000,1,,BSE,1.000000,0,False
976940,1150SCNL31,1150SCNL31,,-1.000000,1,,BSE,1.000000,0,False
976941,IFSL220725,IFSL220725,,-1.000000,1,,BSE,1.000000,0,False
976649,1310POP27A,1310POP27A,,-1.000000,1,,BSE,1.000000,0,False
976692,1175AFPL31,1175AFPL31,,-1.000000,1,,BSE,1.000000,0,False
976709,661PFCL28,661PFCL28,,-1.000000,1,,BSE,1.000000,0,False
976712,1040MFL33,1040MFL33,,-1.000000,1,,BSE,1.000000,0,False
976951,91USGI35,91USGI35,,-1.000000,1,,BSE,1.000000,0,False
976958,692DCCD28,692DCCD28,,-1.000000,1,,BSE,1.000000,0,False
976975,74242ABC30,74242ABC30,,-1.000000,1,,BSE,1.000000,0,False
976980,940MFL28,940MFL28,,-1.000000,1,,BSE,1.000000,0,False
976713,652RL28,652RL28,,-1.000000,1,,BSE,1.000000,0,False
976715,737AFL28,737AFL28,,-1.000000,1,,BSE,1.000000,0,False
976740,1675ARPL30,1675ARPL30,,-1.000000,1,,BSE,1.000000,0,False
976752,10PDL27,10PDL27,,-1.000000,1,,BSE,1.000000,0,False
976983,920SCL28,920SCL28,,-1.000000,1,,BSE,1.000000,0,False
976988,12AFIL30A,12AFIL30A,,-1.000000,1,,BSE,1.000000,0,False
976990,1225AFI28C,1225AFI28C,,-1.000000,1,,BSE,1.000000,0,False
976996,908IND4329,908IND4329,,-1.000000,1,,BSE,1.000000,0,False
976760,703RTL30,703RTL30,,-1.000000,1,,BSE,1.000000,0,False
976764,814LDL28,814LDL28,,-1.000000,1,,BSE,1.000000,0,False
976767,986VCL27A,986VCL27A,,-1.000000,1,,BSE,1.000000,0,False
976768,895OPL27,895OPL27,,-1.000000,1,,BSE,1.000000,0,False
976998,741JDFIP29,741JDFIP29,,-1.000000,1,,BSE,1.000000,0,False
977002,10EFL31,10EFL31,,-1.000000,1,,BSE,1.000000,0,False
977011,967KIIFB34,967KIIFB34,,-1.000000,1,,BSE,1.000000,0,False
977023,11CFPL27,11CFPL27,,-1.000000,1,,BSE,1.000000,0,False
976775,10SPPL28,10SPPL28,,-1.000000,1,,BSE,1.000000,0,False
976781,690BHFL27,690BHFL27,,-1.000000,1,,BSE,1.000000,0,False
976782,708BHFL30,708BHFL30,,-1.000000,1,,BSE,1.000000,0,False
976797,SCKL13625,SCKL13625,,-1.000000,1,,BSE,1.000000,0,False
976805,91PFL27,91PFL27,,-1.000000,1,,BSE,1.000000,0,False
976809,728IGIT35,728IGIT35,,-1.000000,1,,BSE,1.000000,0,False
976816,716KMPL28,716KMPL28,,-1.000000,1,,BSE,1.000000,0,False
976820,945SCL28,945SCL28,,-1.000000,1,,BSE,1.000000,0,False
977046,711UML26,711UML26,,-1.000000,1,,BSE,1.000000,0,False
977054,9NWIL27A,9NWIL27A,,-1.000000,1,,BSE,1.000000,0,False
977055,9NWFL027,9NWFL027,,-1.000000,1,,BSE,1.000000,0,False
977057,752PFL28,752PFL28,,-1.000000,1,,BSE,1.000000,0,False
976823,114KFL28,114KFL28,,-1.000000,1,,BSE,1.000000,0,False
976847,14PCL2029,14PCL2029,,-1.000000,1,,BSE,1.000000,0,False
976853,ABHF26625,ABHF26625,,-1.000000,1,,BSE,1.000000,0,False
976862,1180VFPL29,1180VFPL29,,-1.000000,1,,BSE,1.000000,0,False
977065,10KFLD27,10KFLD27,,-1.000000,1,,BSE,1.000000,0,False
977072,1353TERP28,1353TERP28,,-1.000000,1,,BSE,1.000000,0,False
977076,1152SRGH31,1152SRGH31,,-1.000000,1,,BSE,1.000000,0,False
977099,875OPLD27,875OPLD27,,-1.000000,1,,BSE,1.000000,0,False
976878,729KMIL27,729KMIL27,,-1.000000,1,,BSE,1.000000,0,False
976881,14DONN2527,14DONN2527,,-1.000000,1,,BSE,1.000000,0,False
976891,85JMF28,85JMF28,,-1.000000,1,,BSE,1.000000,0,False
976917,664HUDCO28,664HUDCO28,,-1.000000,1,,BSE,1.000000,0,False
977111,1010AFL28,1010AFL28,,-1.000000,1,,BSE,1.000000,0,False
977116,98MML27,98MML27,,-1.000000,1,,BSE,1.000000,0,False
977125,780SST30,780SST30,,-1.000000,1,,BSE,1.000000,0,False
977146,ABCRESET28,ABCRESET28,,-1.000000,1,,BSE,1.000000,0,False
976918,697BHFL28,697BHFL28,,-1.000000,1,,BSE,1.000000,0,False
976921,743PFCLPER,743PFCLPER,,-1.000000,1,,BSE,1.000000,0,False
976930,1040KSL27,1040KSL27,,-1.000000,1,,BSE,1.000000,0,False
976932,1025MFL31,1025MFL31,,-1.000000,1,,BSE,1.000000,0,False
977153,745AREP30,745AREP30,,-1.000000,1,,BSE,1.000000,0,False
977158,72KRT28,72KRT28,,-1.000000,1,,BSE,1.000000,0,False
977175,691DLFCC28,691DLFCC28,,-1.000000,1,,BSE,1.000000,0,False
977187,1025SRFC28,1025SRFC28,,-1.000000,1,,BSE,1.000000,0,False
976933,95MCSL27,95MCSL27,,-1.000000,1,,BSE,1.000000,0,False
976939,858KFC35,858KFC35,,-1.000000,1,,BSE,1.000000,0,False
976949,9AFSL28,9AFSL28,,-1.000000,1,,BSE,1.000000,0,False
976952,715SEIT30,715SEIT30,,-1.000000,1,,BSE,1.000000,0,False
977188,IFSL300925,IFSL300925,,-1.000000,1,,BSE,1.000000,0,False
977204,695BHFL28,695BHFL28,,-1.000000,1,,BSE,1.000000,0,False
977206,705JCL27,705JCL27,,-1.000000,1,,BSE,1.000000,0,False
977208,1140VFPL30,1140VFPL30,,-1.000000,1,,BSE,1.000000,0,False
976959,925VFIP28,925VFIP28,,-1.000000,1,,BSE,1.000000,0,False
976963,955CIFL28,955CIFL28,,-1.000000,1,,BSE,1.000000,0,False
976964,1125NFL31,1125NFL31,,-1.000000,1,,BSE,1.000000,0,False
976977,865UTJ29,865UTJ29,,-1.000000,100000,,BSE,1.000000,0,False
977224,755PFL27,755PFL27,,-1.000000,1,,BSE,1.000000,0,False
977227,1025MBFL27,1025MBFL27,,-1.000000,1,,BSE,1.000000,0,False
977235,770ATSTL28,770ATSTL28,,-1.000000,1,,BSE,1.000000,0,False
977236,775ATSTL29,775ATSTL29,,-1.000000,1,,BSE,1.000000,0,False
976981,699IHFC28,699IHFC28,,-1.000000,1,,BSE,1.000000,0,False
977003,850MOFSL27,850MOFSL27,,-1.000000,1,,BSE,1.000000,0,False
977010,967KIIFB33,967KIIFB33,,-1.000000,1,,BSE,1.000000,0,False
977014,790TFL28,790TFL28,,-1.000000,1,,BSE,1.000000,0,False
977241,1140KRFL27,1140KRFL27,,-1.000000,1,,BSE,1.000000,0,False
977243,723AFL28,723AFL28,,-1.000000,1,,BSE,1.000000,0,False
977250,975MMLD28,975MMLD28,,-1.000000,1,,BSE,1.000000,0,False
977280,98MML27A,98MML27A,,-1.000000,1,,BSE,1.000000,0,False
977052,1330ACAP27,1330ACAP27,,-1.000000,1,,BSE,1.000000,0,False
977058,1290DKGF29,1290DKGF29,,-1.000000,1,,BSE,1.000000,0,False
977059,725MRHF27,725MRHF27,,-1.000000,1,,BSE,1.000000,0,False
977090,925VCL28,925VCL28,,-1.000000,1,,BSE,1.000000,0,False
977291,805JSWEL28,805JSWEL28,,-1.000000,1,,BSE,1.000000,0,False
977296,925MML027,925MML027,,-1.000000,1,,BSE,1.000000,0,False
977297,71485MBR30,71485MBR30,,-1.000000,1,,BSE,1.000000,0,False
977298,12ACAPL28A,12ACAPL28A,,-1.000000,1,,BSE,1.000000,0,False
977109,12AFIL28,12AFIL28,,-1.000000,1,,BSE,1.000000,0,False
977124,766RKST28,766RKST28,,-1.000000,1,,BSE,1.000000,0,False
977126,12ACAPL27,12ACAPL27,,-1.000000,1,,BSE,1.000000,0,False
977127,12ACAPL027,12ACAPL027,,-1.000000,1,,BSE,1.000000,0,False
977311,735AFL30,735AFL30,,-1.000000,1,,BSE,1.000000,0,False
977312,838ABCLPER,838ABCLPER,,-1.000000,1,,BSE,1.000000,0,False
977319,739AIEY36,739AIEY36,,-1.000000,1,,BSE,1.000000,0,False
977320,727ABL35,727ABL35,,-1.000000,1,,BSE,1.000000,0,False
977177,1130NFL28,1130NFL28,,-1.000000,1,,BSE,1.000000,0,False
977144,1025NBS27,1025NBS27,,-1.000000,1,,BSE,1.000000,0,False
977157,737BFL30,737BFL30,,-1.000000,1,,BSE,1.000000,0,False
977176,1435ACAP26,1435ACAP26,,-1.000000,1,,BSE,1.000000,0,False
977337,11HFL31,11HFL31,,-1.000000,1,,BSE,1.000000,0,False
977351,0KPDL35,0KPDL35,,-1.000000,1,,BSE,1.000000,0,False
977362,895NWIL27,895NWIL27,,-1.000000,1,,BSE,1.000000,0,False
977377,8MPFL27,8MPFL27,,-1.000000,1,,BSE,1.000000,0,False
977178,1475ATPL26,1475ATPL26,,-1.000000,1,,BSE,1.000000,0,False
977185,963CHL30,963CHL30,,-1.000000,1,,BSE,1.000000,0,False
977209,7264KMPL30,7264KMPL30,,-1.000000,1,,BSE,1.000000,0,False
977210,11PPL027,11PPL027,,-1.000000,1,,BSE,1.000000,0,False
977393,BIREI30RR,BIREI30RR,,-1.000000,1,,BSE,1.000000,0,False
977399,12CVL27,12CVL27,,-1.000000,1,,BSE,1.000000,0,False
977401,76841PFL28,76841PFL28,,-1.000000,1,,BSE,1.000000,0,False
977408,875NJCPL27,875NJCPL27,,-1.000000,1,,BSE,1.000000,0,False
977215,NWFL131025,NWFL131025,,-1.000000,1,,BSE,1.000000,0,False
977218,11SGIL29,11SGIL29,,-1.000000,1,,BSE,1.000000,0,False
977249,930MML28,930MML28,,-1.000000,1,,BSE,1.000000,0,False
977252,915MFL28A,915MFL28A,,-1.000000,1,,BSE,1.000000,0,False
977415,1325SRFC31,1325SRFC31,,-1.000000,1,,BSE,1.000000,0,False
977418,1175AFPL32,1175AFPL32,,-1.000000,1,,BSE,1.000000,0,False
977442,FFS060126A,FFS060126A,,-1.000000,1,,BSE,1.000000,0,False
977414,955SLICL35,955SLICL35,,-1.000000,1,,BSE,1.000000,0,False
977270,10NFL2027,10NFL2027,,-1.000000,1,,BSE,1.000000,0,False
977274,735IIF30,735IIF30,,-1.000000,1,,BSE,1.000000,0,False
977275,74IIF35,74IIF35,,-1.000000,1,,BSE,1.000000,0,False
977301,10AFPL28,10AFPL28,,-1.000000,1,,BSE,1.000000,0,False
977447,RRUMPL30,RRUMPL30,,-1.000000,1,,BSE,1.000000,0,False
977450,125AFIL30A,125AFIL30A,,-1.000000,1,,BSE,1.000000,0,False
977459,9IFSL27,9IFSL27,,-1.000000,1,,BSE,1.000000,0,False
977460,812HLFL31,812HLFL31,,-1.000000,1,,BSE,1.000000,0,False
977307,895NWFL28,895NWFL28,,-1.000000,1,,BSE,1.000000,0,False
977310,144AFIL27,144AFIL27,,-1.000000,1,,BSE,1.000000,0,False
977331,1050KSL27,1050KSL27,,-1.000000,1,,BSE,1.000000,0,False
977335,SFL011225,SFL011225,,-1.000000,1,,BSE,1.000000,0,False
977470,930KIIFB32,930KIIFB32,,-1.000000,1,,BSE,1.000000,0,False
977482,725BHFL29,725BHFL29,,-1.000000,1,,BSE,1.000000,0,False
977495,0EFCL29,0EFCL29,,-1.000000,1,,BSE,1.000000,0,False
977504,0MML2027,0MML2027,,-1.000000,1,,BSE,1.000000,0,False
977339,SGHPL29,SGHPL29,,-1.000000,1,,BSE,1.000000,0,False
977345,1135AFSL27,1135AFSL27,,-1.000000,1,,BSE,1.000000,0,False
977352,0360OAM27,0360OAM27,,-1.000000,1,,BSE,1.000000,0,False
977354,879SCL30,879SCL30,,-1.000000,1,,BSE,1.000000,0,False
977508,1135AFSL28,1135AFSL28,,-1.000000,1,,BSE,1.000000,0,False
977549,731BFL28,731BFL28,,-1.000000,1,,BSE,1.000000,0,False
977565,755BFL31,755BFL31,,-1.000000,1,,BSE,1.000000,0,False
977580,1160KDFL28,1160KDFL28,,-1.000000,1,,BSE,1.000000,0,False
977584,9AKCFL29,9AKCFL29,,-1.000000,1,,BSE,1.000000,0,False
977600,124PFSPL28,124PFSPL28,,-1.000000,1,,BSE,1.000000,0,False
977610,920SCL36,920SCL36,,-1.000000,1,,BSE,1.000000,0,False
977618,750ATIT33,750ATIT33,,-1.000000,1,,BSE,1.000000,0,False
977360,1002AFPL30,1002AFPL30,,-1.000000,1,,BSE,1.000000,0,False
977364,702PGCIL35,702PGCIL35,,-1.000000,1,,BSE,1.000000,0,False
977365,1156NFL30,1156NFL30,,-1.000000,1,,BSE,1.000000,0,False
977369,1375MML28,1375MML28,,-1.000000,1,,BSE,1.000000,0,False
977381,1095FFL28,1095FFL28,,-1.000000,1,,BSE,1.000000,0,False
977383,1250ACAP27,1250ACAP27,,-1.000000,1,,BSE,1.000000,0,False
977392,115VFPL30,115VFPL30,,-1.000000,1,,BSE,1.000000,0,False
977403,115SSFL28,115SSFL28,,-1.000000,1,,BSE,1.000000,0,False
977625,11CFPL28,11CFPL28,,-1.000000,1,,BSE,1.000000,0,False
977628,1425CIPL28,1425CIPL28,,-1.000000,1,,BSE,1.000000,0,False
977632,719RECL31,719RECL31,,-1.000000,1,,BSE,1.000000,0,False
977644,756IIL31,756IIL31,,-1.000000,1,,BSE,1.000000,0,False
977421,815MPFL27,815MPFL27,,-1.000000,1,,BSE,1.000000,0,False
977649,965MMCL28,965MMCL28,,-1.000000,1,,BSE,1.000000,0,False
977676,14RFL2027,14RFL2027,,-1.000000,1,,BSE,1.000000,0,False
977406,14AFIL28,14AFIL28,,-1.000000,1,,BSE,1.000000,0,False
977407,983OFSL27,983OFSL27,,-1.000000,1,,BSE,1.000000,0,False
977412,1095FFL28A,1095FFL28A,,-1.000000,1,,BSE,1.000000,0,False
977658,125ING5129,125ING5129,,-1.000000,100000,,BSE,1.000000,0,False
977665,1116FFS27,1116FFS27,,-1.000000,1,,BSE,1.000000,0,False
977690,925CGCL36,925CGCL36,,-1.000000,1,,BSE,1.000000,0,False
977696,11CWCPL28,11CWCPL28,,-1.000000,1,,BSE,1.000000,0,False
977710,11UFL28,11UFL28,,-1.000000,1,,BSE,1.000000,0,False
977712,10KFL29A,10KFL29A,,-1.000000,1,,BSE,1.000000,0,False
977425,1175FCPL28,1175FCPL28,,-1.000000,1,,BSE,1.000000,0,False
977429,734KMIL27,734KMIL27,,-1.000000,1,,BSE,1.000000,0,False
977436,842LGS1728,842LGS1728,,-1.000000,1,,BSE,1.000000,0,False
977439,1116AFL28,1116AFL28,,-1.000000,1,,BSE,1.000000,0,False
977752,1350I05228,1350I05228,,-1.000000,100000,,BSE,1.000000,0,False
977714,18VPL31,18VPL31,,-1.000000,1,,BSE,1.000000,0,False
977741,1115CWCP28,1115CWCP28,,-1.000000,1,,BSE,1.000000,0,False
977746,7616ABHF29,7616ABHF29,,-1.000000,1,,BSE,1.000000,0,False
977445,11DKGFSF28,11DKGFSF28,,-1.000000,1,,BSE,1.000000,0,False
977453,11KFL2031,11KFL2031,,-1.000000,1,,BSE,1.000000,0,False
977463,905SCL36,905SCL36,,-1.000000,1,,BSE,1.000000,0,False
977464,1125EFL31,1125EFL31,,-1.000000,1,,BSE,1.000000,0,False
977771,763MBPR36,763MBPR36,,-1.000000,1,,BSE,1.000000,0,False
977772,HFSPL8526,HFSPL8526,,-1.000000,1,,BSE,1.000000,0,False
977773,1280ACAP28,1280ACAP28,,-1.000000,1,,BSE,1.000000,0,False
977787,930HLFL32,930HLFL32,,-1.000000,1,,BSE,1.000000,0,False
977483,RRVFSPL33,RRVFSPL33,,-1.000000,1,,BSE,1.000000,0,False
977489,990SRFCP28,990SRFCP28,,-1.000000,1,,BSE,1.000000,0,False
977490,990SRFCP29,990SRFCP29,,-1.000000,1,,BSE,1.000000,0,False
977492,780IOB36,780IOB36,,-1.000000,1,,BSE,1.000000,0,False
977802,990MFSL31,990MFSL31,,-1.000000,1,,BSE,1.000000,0,False
977815,975UCL2027,975UCL2027,,-1.000000,1,,BSE,1.000000,0,False
977817,1280SCNL33,1280SCNL33,,-1.000000,1,,BSE,1.000000,0,False
977827,767NHPCL32,767NHPCL32,,-1.000000,1,,BSE,1.000000,0,False
977494,97MML28,97MML28,,-1.000000,1,,BSE,1.000000,0,False
977524,83VAJRA35,83VAJRA35,,-1.000000,1,,BSE,1.000000,0,False
977527,880VFL30,880VFL30,,-1.000000,1,,BSE,1.000000,0,False
977531,12CIPL31,12CIPL31,,-1.000000,1,,BSE,1.000000,0,False
977833,767NHPCL38,767NHPCL38,,-1.000000,1,,BSE,1.000000,0,False
977838,OPL29526,OPL29526,,-1.000000,1,,BSE,1.000000,0,False
977841,0MCHPP30,0MCHPP30,,-1.000000,1,,BSE,1.000000,0,False
977844,18RTHPL30,18RTHPL30,,-1.000000,1,,BSE,1.000000,0,False
977542,1365POP30,1365POP30,,-1.000000,1,,BSE,1.000000,0,False
977543,1365POP30A,1365POP30A,,-1.000000,1,,BSE,1.000000,0,False
977545,745NBFID36,745NBFID36,,-1.000000,1,,BSE,1.000000,0,False
977553,692PFCL28,692PFCL28,,-1.000000,1,,BSE,1.000000,0,False
504258,LAKSELEC,LAKSELEC,,-1.000000,1,,BSE,5.000000,0,False
504340,LONGSPUR,LONGSPUR,,-1.000000,1,,BSE,1.000000,0,False
504879,ORIENTCER,ORIENTCER,,-1.000000,1,,BSE,1.000000,0,False
977558,11FCPL28,11FCPL28,,-1.000000,1,,BSE,1.000000,0,False
977560,9IFSL28,9IFSL28,,-1.000000,1,,BSE,1.000000,0,False
977591,729NHPCL37,729NHPCL37,,-1.000000,1,,BSE,1.000000,0,False
977595,729NHPCL41,729NHPCL41,,-1.000000,1,,BSE,1.000000,0,False
977847,950MGIL36,950MGIL36,,-1.000000,1,,BSE,1.000000,0,False
504882,NATIONSTD,NATIONSTD,,-1.000000,1,,BSE,5.000000,0,False
505036,ACGL,ACGL,,-1.000000,1,,BSE,5.000000,0,False
505509,RESPONIND,RESPONIND,,-1.000000,1,,BSE,5.000000,0,False
505515,SHYMINV,SHYMINV,,-1.000000,1,,BSE,1.000000,0,False
977611,89IND04930,89IND04930,,-1.000000,1,,BSE,1.000000,0,False
977612,96IND04930,96IND04930,,-1.000000,1,,BSE,1.000000,0,False
977616,0MCHPPL30,0MCHPPL30,,-1.000000,1,,BSE,1.000000,0,False
977617,1050BFCL27,1050BFCL27,,-1.000000,1,,BSE,1.000000,0,False
505685,TAPARIA,TAPARIA,,-1.000000,1,,BSE,1.000000,0,False
505720,HERCULES,HERCULES,,-1.000000,1,,BSE,5.000000,0,False
506190,ZSARVAMA,ZSARVAMA,,-1.000000,1,,BSE,1.000000,0,False
506196,VIKSHEN,VIKSHEN,,-1.000000,1,,BSE,1.000000,0,False
977633,1250TCL30,1250TCL30,,-1.000000,1,,BSE,1.000000,0,False
977634,11FCPL2028,11FCPL2028,,-1.000000,1,,BSE,1.000000,0,False
977645,95UCL27,95UCL27,,-1.000000,1,,BSE,1.000000,0,False
977657,125BCSL29,125BCSL29,,-1.000000,1,,BSE,1.000000,0,False
506260,ANUHPHR,ANUHPHR,,-1.000000,1,,BSE,1.000000,0,False
506414,FERMENTA,FERMENTA,,-1.000000,1,,BSE,5.000000,0,False
506597,AMAL,AMAL,,-1.000000,1,,BSE,5.000000,0,False
506820,ASTRAZEN,ASTRAZEN,,-1.000000,1,,BSE,5.000000,0,False
977660,0JSWJFE31,0JSWJFE31,,-1.000000,1,,BSE,1.000000,0,False
977667,720BIL29,720BIL29,,-1.000000,1,,BSE,1.000000,0,False
977694,12SCCNL31,12SCCNL31,,-1.000000,1,,BSE,1.000000,0,False
977698,1190MML28,1190MML28,,-1.000000,1,,BSE,1.000000,0,False
506852,PRIMO,PRIMO,,-1.000000,1,,BSE,1.000000,0,False
506919,MAKERSL,MAKERSL,,-1.000000,1,,BSE,5.000000,0,False
507205,TI,TI,,-1.000000,1,,BSE,5.000000,0,False
507543,CORAGRO,CORAGRO,,-1.000000,50,,BSE,1.000000,0,False
977719,1020MBFL28,1020MBFL28,,-1.000000,1,,BSE,1.000000,0,False
977732,12KFL27,12KFL27,,-1.000000,1,,BSE,1.000000,0,False
977736,1295LLDL29,1295LLDL29,,-1.000000,1,,BSE,1.000000,0,False
977739,7AHL46,7AHL46,,-1.000000,1,,BSE,1.000000,0,False
507912,GYFTR,GYFTR,,-1.000000,1,,BSE,5.000000,0,False
507753,TGVSL,TGVSL,,-1.000000,1,,BSE,5.000000,0,False
507785,TAINWALCHM,TAINWALCHM,,-1.000000,1,,BSE,5.000000,0,False
507864,PIONRINV,PIONRINV,,-1.000000,1,,BSE,1.000000,0,False
977748,12PFL28,12PFL28,,-1.000000,1,,BSE,1.000000,0,False
977749,1325DKGF29,1325DKGF29,,-1.000000,1,,BSE,1.000000,0,False
977758,11CFL28,11CFL28,,-1.000000,1,,BSE,1.000000,0,False
977761,12KFL29,12KFL29,,-1.000000,1,,BSE,1.000000,0,False
507946,KIDUJA,KIDUJA,,-1.000000,1,,BSE,1.000000,0,False
508670,NEAGI,NEAGI,,-1.000000,1,,BSE,5.000000,0,False
508860,DIAMANT,DIAMANT,,-1.000000,1,,BSE,1.000000,0,False
508929,AIRLTD,AIRLTD,,-1.000000,1,,BSE,5.000000,0,False
977775,825PFL28,825PFL28,,-1.000000,1,,BSE,1.000000,0,False
977803,975IML28,975IML28,,-1.000000,1,,BSE,1.000000,0,False
977807,11CSLFL28,11CSLFL28,,-1.000000,1,,BSE,1.000000,0,False
977813,MRHF22526,MRHF22526,,-1.000000,1,,BSE,1.000000,0,False
508954,FINKURVE,FINKURVE,,-1.000000,1,,BSE,1.000000,0,False
509423,SEL,SEL,,-1.000000,1,,BSE,1.000000,0,False
509635,HINDCOMPOS,HINDCOMPOS,,-1.000000,1,,BSE,5.000000,0,False
509762,MAPROIN,MAPROIN,,-1.000000,1,,BSE,1.000000,0,False
977820,828KMPL31,828KMPL31,,-1.000000,1,,BSE,1.000000,0,False
977829,767NHPCL35,767NHPCL35,,-1.000000,1,,BSE,1.000000,0,False
977830,767NHPCL39,767NHPCL39,,-1.000000,1,,BSE,1.000000,0,False
977843,15RFL28,15RFL28,,-1.000000,1,,BSE,1.000000,0,False
509845,RJSHAH,RJSHAH,,-1.000000,50,,BSE,5.000000,0,False
509910,ZSOUTGAS,ZSOUTGAS,,-1.000000,5,,BSE,1.000000,0,False
511038,ZARCOLEA,ZARCOLEA,,-1.000000,1,,BSE,1.000000,0,False
511066,SAKTHIFIN,SAKTHIFIN,,-1.000000,1,,BSE,1.000000,0,False
977849,825ABHFL31,825ABHFL31,,-1.000000,1,,BSE,1.000000,0,False
977851,12MML27A,12MML27A,,-1.000000,1,,BSE,1.000000,0,False
977852,1205ACAP29,1205ACAP29,,-1.000000,1,,BSE,1.000000,0,False
977883,790MMFSL29,790MMFSL29,,-1.000000,1,,BSE,1.000000,0,False
511110,VBDESAI,VBDESAI,,-1.000000,1,,BSE,1.000000,0,False
511377,MEHIF,MEHIF,,-1.000000,1,,BSE,1.000000,0,False
511543,GSBFIN,GSBFIN,,-1.000000,1,,BSE,1.000000,0,False
511577,MANTRA,MANTRA,,-1.000000,1,,BSE,1.000000,0,False
977889,805MRHFL31,805MRHFL31,,-1.000000,1,,BSE,1.000000,0,False
977891,1440AFIL27,1440AFIL27,,-1.000000,1,,BSE,1.000000,0,False
977894,13RFL28,13RFL28,,-1.000000,1,,BSE,1.000000,0,False
977905,895CFSL28,895CFSL28,,-1.000000,1,,BSE,1.000000,0,False
511585,BEFOUNDMOL,BEFOUNDMOL,,-1.000000,1,,BSE,1.000000,0,False
511601,YASHMGM,YASHMGM,,-1.000000,1,,BSE,1.000000,0,False
511660,PREMCAPM,PREMCAPM,,-1.000000,1,,BSE,1.000000,0,False
511728,KZLFIN,KZLFIN,,-1.000000,1,,BSE,1.000000,0,False
977907,1030ESPL29,1030ESPL29,,-1.000000,1,,BSE,1.000000,0,False
977938,1026AT2629,1026AT2629,,-1.000000,100000,,BSE,1.000000,0,False
977966,890V019T35,890V019T35,,-1.000000,1,,BSE,1.000000,0,False
977972,127RST1227,127RST1227,,-1.000000,1,,BSE,1.000000,0,False
511742,UGROCAP,UGROCAP,,-1.000000,1,,BSE,1.000000,0,False
511754,SAHLIBHFI,SAHLIBHFI,,-1.000000,1,,BSE,1.000000,0,False
511766,MUTHOOTCAP,MUTHOOTCAP,,-1.000000,1,,BSE,5.000000,0,False
512062,TANDHANIN,TANDHANIN,,-1.000000,1,,BSE,5.000000,0,False
977974,814PFL29,814PFL29,,-1.000000,1,,BSE,1.000000,0,False
977983,1075MFL28,1075MFL28,,-1.000000,1,,BSE,1.000000,0,False
977986,1370MFSP27,1370MFSP27,,-1.000000,1,,BSE,1.000000,0,False
977987,1125EFL32,1125EFL32,,-1.000000,1,,BSE,1.000000,0,False
512068,DECNGOLD,DECNGOLD,,-1.000000,1,,BSE,5.000000,0,False
512233,JAYTEX,JAYTEX,,-1.000000,1,,BSE,1.000000,0,False
512247,ASHCAP,ASHCAP,,-1.000000,1,,BSE,1.000000,0,False
512261,BAJGLOB,BAJGLOB,,-1.000000,1,,BSE,1.000000,0,False
977989,880LGS2529,880LGS2529,,-1.000000,100000,,BSE,1.000000,0,False
978000,1250AFI30,1250AFI30,,-1.000000,1,,BSE,1.000000,0,False
978054,910SKFL29A,910SKFL29A,,-1.000000,1,,BSE,1.000000,0,False
978055,11RCL29,11RCL29,,-1.000000,1,,BSE,1.000000,0,False
512345,LEXGLOBAL,LEXGLOBAL,,-1.000000,1,,BSE,5.000000,0,False
512381,STARTECK,STARTECK,,-1.000000,1,,BSE,5.000000,0,False
512461,PUNCTRD,PUNCTRD,,-1.000000,100,,BSE,1.000000,0,False
513337,GUJTLRM,GUJTLRM,,-1.000000,1,,BSE,1.000000,0,False
978076,779BHFL31,779BHFL31,,-1.000000,1,,BSE,1.000000,0,False
978092,7489MIT41,7489MIT41,,-1.000000,1,,BSE,1.000000,0,False
978099,11PPL28,11PPL28,,-1.000000,1,,BSE,1.000000,0,False
978139,12SCCSPL29,12SCCSPL29,,-1.000000,1,,BSE,1.000000,0,False
513377,MMTC,MMTC,,-1.000000,1,,BSE,1.000000,0,False
513496,SIZEMASTER,SIZEMASTER,,-1.000000,1,,BSE,5.000000,0,False
514036,LOYALTEX,LOYALTEX,,-1.000000,1,,BSE,5.000000,0,False
514043,HIMATSEIDE,HIMATSEIDE,,-1.000000,1,,BSE,1.000000,0,False
514162,WELSPUNLIV,WELSPUNLIV,,-1.000000,1,,BSE,5.000000,0,False
514177,IMPERA,IMPERA,,-1.000000,1,,BSE,1.000000,0,False
514272,BHILSPIN,BHILSPIN,,-1.000000,1,,BSE,5.000000,0,False
514412,SARUPINDUS,SARUPINDUS,,-1.000000,1,,BSE,5.000000,0,False
514440,BPAGRI,BPAGRI,,-1.000000,1,,BSE,1.000000,0,False
515030,ASAHIINDIA,ASAHIINDIA,,-1.000000,1,,BSE,5.000000,0,False
515147,HALDYNGL,HALDYNGL,,-1.000000,1,,BSE,5.000000,0,False
516092,3PLAND,3PLAND,,-1.000000,1,,BSE,1.000000,0,False
517201,SWITCHTE,SWITCHTE,,-1.000000,1,,BSE,5.000000,0,False
517258,PRECISIO,PRECISIO,,-1.000000,1,,BSE,5.000000,0,False
517288,GUJARATPOLY,GUJARATPOLY,,-1.000000,1,,BSE,1.000000,0,False
517300,GIPCL,GIPCL,,-1.000000,1,,BSE,5.000000,0,False
517372,GUJINTRX,GUJINTRX,,-1.000000,1,,BSE,5.000000,0,False
517431,NARMP,NARMP,,-1.000000,1,,BSE,1.000000,0,False
517437,DUTRON,DUTRON,,-1.000000,1,,BSE,5.000000,0,False
517546,ALFATRAN,ALFATRAN,,-1.000000,1,,BSE,1.000000,0,False
517554,NHCFOODS,NHCFOODS,,-1.000000,1,,BSE,1.000000,0,False
518075,SURAJ,SURAJ,,-1.000000,1,,BSE,5.000000,0,False
519136,NAHARINDUS,NAHARINDUS,,-1.000000,1,,BSE,5.000000,0,False
519152,VADILENT,VADILENT,,-1.000000,1,,BSE,5.000000,0,False
519156,VADILALIND,VADILALIND,,-1.000000,1,,BSE,5.000000,0,False
519279,MADHURIND,MADHURIND,,-1.000000,1,,BSE,1.000000,0,False
519457,VIRATCRA,VIRATCRA,,-1.000000,1,,BSE,1.000000,0,False
519494,NKIND,NKIND,,-1.000000,1,,BSE,1.000000,0,False
519566,SIMRAN,SIMRAN,,-1.000000,1,,BSE,5.000000,0,False
519602,KELLTONTEC,KELLTONTEC,,-1.000000,1,,BSE,1.000000,0,False
520021,OMAXAUTO,OMAXAUTO,,-1.000000,1,,BSE,5.000000,0,False
520066,JAYBARMARU,JAYBARMARU,,-1.000000,1,,BSE,5.000000,0,False
520081,ECSTSTL,ECSTSTL,,-1.000000,100,,BSE,1.000000,0,False
521109,NAGREEKEXP,NAGREEKEXP,,-1.000000,1,,BSE,1.000000,0,False
521113,SUDTIND-B,SUDTIND-B,,-1.000000,1,,BSE,1.000000,0,False
521167,MAXGROW,MAXGROW,,-1.000000,1,,BSE,5.000000,0,False
522004,BATLIBOI,BATLIBOI,,-1.000000,1,,BSE,1.000000,0,False
522017,FLUIDOM,FLUIDOM,,-1.000000,1,,BSE,5.000000,0,False
522064,HONDAPOWER,HONDAPOWER,,-1.000000,1,,BSE,5.000000,0,False
522074,ELGIEQUIP,ELGIEQUIP,,-1.000000,1,,BSE,5.000000,0,False
522108,YUKEN,YUKEN,,-1.000000,1,,BSE,5.000000,0,False
522165,INDSILHYD,INDSILHYD,,-1.000000,1,,BSE,1.000000,0,False
522231,CONART,CONART,,-1.000000,1,,BSE,1.000000,0,False
522235,MINALIND,MINALIND,,-1.000000,1,,BSE,1.000000,0,False
522281,RAMRAT,RAMRAT,,-1.000000,1,,BSE,5.000000,0,False
522285,JAYNECOIND,JAYNECOIND,,-1.000000,1,,BSE,1.000000,0,False
522289,NMSGLOBAL,NMSGLOBAL,,-1.000000,1,,BSE,1.000000,0,False
522292,CANDOUR,CANDOUR,,-1.000000,1,,BSE,1.000000,0,False
522294,TIGLOB,TIGLOB,,-1.000000,1,,BSE,5.000000,0,False
523007,ANSALBU,ANSALBU,,-1.000000,1,,BSE,1.000000,0,False
523021,RISHITECH,RISHITECH,,-1.000000,1,,BSE,1.000000,0,False
523031,ADSDIAG,ADSDIAG,,-1.000000,100,,BSE,1.000000,0,False
523144,MEDICAPQ,MEDICAPQ,,-1.000000,1,,BSE,1.000000,0,False
523160,FOSECOC,FOSECOC,,-1.000000,1,,BSE,5.000000,0,False
523242,NBFOOT,NBFOOT,,-1.000000,100,,BSE,1.000000,0,False
523309,SHRIGANG,SHRIGANG,,-1.000000,1,,BSE,1.000000,0,False
523425,SUNRAJDI,SUNRAJDI,,-1.000000,1,,BSE,1.000000,0,False
523445,RIIL,RIIL,,-1.000000,1,,BSE,5.000000,0,False
523449,SHARP,SHARP,,-1.000000,1,,BSE,5.000000,0,False
523566,MARBU,MARBU,,-1.000000,1,,BSE,1.000000,0,False
523594,KUNSTOFF,KUNSTOFF,,-1.000000,1,,BSE,1.000000,0,False
523672,FLEXFO,FLEXFO,,-1.000000,1,,BSE,1.000000,0,False
523694,APCOTEXIND,APCOTEXIND,,-1.000000,1,,BSE,5.000000,0,False
523832,MUKATPIP,MUKATPIP,,-1.000000,1,,BSE,1.000000,0,False
523844,CONSTRONIC,CONSTRONIC,,-1.000000,1,,BSE,1.000000,0,False
524037,RAMAPHO,RAMAPHO,,-1.000000,1,,BSE,5.000000,0,False
524055,PANIDPR,PANIDPR,,-1.000000,1,,BSE,1.000000,0,False
524164,IOLCP,IOLCP,,-1.000000,1,,BSE,5.000000,0,False
524200,VINATIORGA,VINATIORGA,,-1.000000,1,,BSE,5.000000,0,False
524212,WANBURY,WANBURY,,-1.000000,1,,BSE,5.000000,0,False
524314,GUJTERC,GUJTERC,,-1.000000,1,,BSE,1.000000,0,False
524408,UNIVSTAR,UNIVSTAR,,-1.000000,1,,BSE,5.000000,0,False
524470,SYNCOMF,SYNCOMF,,-1.000000,1,,BSE,1.000000,0,False
524564,GAYATRIBI,GAYATRIBI,,-1.000000,1,,BSE,1.000000,0,False
524606,BERLDRG,BERLDRG,,-1.000000,1,,BSE,1.000000,0,False
524640,ARCHITORG,ARCHITORG,,-1.000000,1,,BSE,1.000000,0,False
524669,HESTERBIO,HESTERBIO,,-1.000000,1,,BSE,5.000000,0,False
524717,TITANBIO,TITANBIO,,-1.000000,1,,BSE,5.000000,0,False
524742,CAPLIPOINT,CAPLIPOINT,,-1.000000,1,,BSE,5.000000,0,False
524790,EVERESTO,EVERESTO,,-1.000000,1,,BSE,5.000000,0,False
524804,AUROPHARMA,AUROPHARMA,,-1.000000,1,,BSE,5.000000,0,True
524808,PHYTO,PHYTO,,-1.000000,1,,BSE,1.000000,0,False
526001,JAUSPOL,JAUSPOL,,-1.000000,1,,BSE,1.000000,0,False
526095,RALEGRA,RALEGRA,,-1.000000,1,,BSE,1.000000,0,False
526193,ROYALCU,ROYALCU,,-1.000000,1,,BSE,1.000000,0,False
526349,CRAFTROOT,CRAFTROOT,,-1.000000,1,,BSE,1.000000,0,False
526381,PATINTLOG,PATINTLOG,,-1.000000,1,,BSE,1.000000,0,False
526423,KRITI,KRITI,,-1.000000,1,,BSE,1.000000,0,False
526441,VISIONCINE,VISIONCINE,,-1.000000,1,,BSE,1.000000,0,False
526492,RISHIROOP,RISHIROOP,,-1.000000,1,,BSE,5.000000,0,False
526519,ALPINEHOU,ALPINEHOU,,-1.000000,1,,BSE,5.000000,0,False
526546,CHOKSILA,CHOKSILA,,-1.000000,1,,BSE,5.000000,0,False
526550,CCHHL,CCHHL,,-1.000000,1,,BSE,1.000000,0,False
526574,ENTRINT,ENTRINT,,-1.000000,1,,BSE,1.000000,0,False
526628,AJWAFUN,AJWAFUN,,-1.000000,100,,BSE,1.000000,0,False
526642,MIRZAINT,MIRZAINT,,-1.000000,1,,BSE,1.000000,0,False
526721,NICCOPAR,NICCOPAR,,-1.000000,1,,BSE,1.000000,0,False
526725,SANDESH,SANDESH,,-1.000000,1,,BSE,5.000000,0,False
526727,GARNET,GARNET,,-1.000000,1,,BSE,1.000000,0,False
526731,BRIGHTBR,BRIGHTBR,,-1.000000,1,,BSE,5.000000,0,False
526869,KUMPFIN,KUMPFIN,,-1.000000,1,,BSE,1.000000,0,False
526871,INTECCAP,INTECCAP,,-1.000000,1,,BSE,1.000000,0,False
526905,PADMAIND,PADMAIND,,-1.000000,1,,BSE,1.000000,0,False
526953,VENUSREM,VENUSREM,,-1.000000,1,,BSE,5.000000,0,False
526959,WOODSVILA,WOODSVILA,,-1.000000,1,,BSE,1.000000,0,False
530043,ACKNIT,ACKNIT,,-1.000000,1,,BSE,5.000000,0,False
530111,RAJPACK,RAJPACK,,-1.000000,1,,BSE,1.000000,0,False
530141,GYANDEV,GYANDEV,,-1.000000,1,,BSE,1.000000,0,False
530215,KINGSINFR,KINGSINFR,,-1.000000,1,,BSE,1.000000,0,False
530233,AUROLAB,AUROLAB,,-1.000000,1,,BSE,5.000000,0,False
530259,INTSTOIL,INTSTOIL,,-1.000000,1,,BSE,1.000000,0,False
530315,HINDTIN,HINDTIN,,-1.000000,1,,BSE,5.000000,0,False
530317,GODAVARI,GODAVARI,,-1.000000,1,,BSE,1.000000,0,False
530341,MUKESHB,MUKESHB,,-1.000000,1,,BSE,5.000000,0,False
530439,SIDDHA,SIDDHA,,-1.000000,1,,BSE,1.000000,0,False
530443,KIRANSY-B,KIRANSY-B,,-1.000000,1,,BSE,1.000000,0,False
530537,MANRAJH,MANRAJH,,-1.000000,1,,BSE,1.000000,0,False
530555,PARACABLES,PARACABLES,,-1.000000,1,,BSE,1.000000,0,False
530589,PRIMAPLA,PRIMAPLA,,-1.000000,1,,BSE,5.000000,0,False
530611,STURDY,STURDY,,-1.000000,1,,BSE,1.000000,0,False
530699,RAJRILTD,RAJRILTD,,-1.000000,1,,BSE,1.000000,0,False
530829,CILSEC,CILSEC,,-1.000000,1,,BSE,1.000000,0,False
530889,AUDROC,AUDROC,,-1.000000,1,,BSE,1.000000,0,False
530907,SICAPIT,SICAPIT,,-1.000000,1,,BSE,1.000000,0,False
531015,VENMAX,VENMAX,,-1.000000,1,,BSE,1.000000,0,False
531039,SWADHATURE,SWADHATURE,,-1.000000,1,,BSE,1.000000,0,False
531158,CATVISION,CATVISION,,-1.000000,1,,BSE,1.000000,0,False
531199,GLANCE,GLANCE,,-1.000000,1,,BSE,5.000000,0,False
531227,DECOMIC,DECOMIC,,-1.000000,1,,BSE,1.000000,0,False
531228,RANDER,RANDER,,-1.000000,1,,BSE,1.000000,0,False
531278,ELIXIR,ELIXIR,,-1.000000,1,,BSE,1.000000,0,False
531289,NATFIT,NATFIT,,-1.000000,1,,BSE,5.000000,0,False
531324,ROSELABS,ROSELABS,,-1.000000,1,,BSE,1.000000,0,False
531344,CONCOR,CONCOR,,-1.000000,1,,BSE,5.000000,0,True
531360,GOLECHA,GOLECHA,,-1.000000,1,,BSE,1.000000,0,False
531387,HASTIFIN,HASTIFIN,,-1.000000,1,,BSE,1.000000,0,False
531411,TUNITEX,TUNITEX,,-1.000000,1,,BSE,1.000000,0,False
531439,GOLDTECH,GOLDTECH,,-1.000000,1,,BSE,1.000000,0,False
531553,DRL,DRL,,-1.000000,1,,BSE,1.000000,0,False
531556,CORALFINAC,CORALFINAC,,-1.000000,1,,BSE,1.000000,0,False
531574,VASINFRA,VASINFRA,,-1.000000,1,,BSE,1.000000,0,False
531600,GOGIACAPGL,GOGIACAPGL,,-1.000000,1,,BSE,1.000000,0,False
531644,TOKYOFIN,TOKYOFIN,,-1.000000,1,,BSE,1.000000,0,False
531663,YUVRAAJHPL,YUVRAAJHPL,,-1.000000,1,,BSE,1.000000,0,False
531673,ANKIN,ANKIN,,-1.000000,1,,BSE,1.000000,0,False
531768,POLYMED,POLYMED,,-1.000000,1,,BSE,5.000000,0,False
531692,KHYATI,KHYATI,,-1.000000,1,,BSE,1.000000,0,False
531726,PANCHSHEEL,PANCHSHEEL,,-1.000000,1,,BSE,5.000000,0,False
531769,PFLINFOTC,PFLINFOTC,,-1.000000,1,,BSE,1.000000,0,False
531862,BHARATAGRI,BHARATAGRI,,-1.000000,1,,BSE,1.000000,0,False
531913,CASTORA,CASTORA,,-1.000000,1,,BSE,1.000000,0,False
531925,SHAQUAK,SHAQUAK,,-1.000000,1,,BSE,1.000000,0,False
531929,INNOCORP,INNOCORP,,-1.000000,1,,BSE,1.000000,0,False
531944,LEXORAA,LEXORAA,,-1.000000,1,,BSE,1.000000,0,False
531982,SPECFOOD,SPECFOOD,,-1.000000,1,,BSE,1.000000,0,False
532015,GRAVITY,GRAVITY,,-1.000000,1,,BSE,1.000000,0,False
532042,FRONTCORP,FRONTCORP,,-1.000000,1,,BSE,1.000000,0,False
532134,BANKBARODA,BANKBARODA,,-1.000000,1,,BSE,5.000000,0,True
532144,WELCORP,WELCORP,,-1.000000,1,,BSE,5.000000,0,False
532187,INDUSINDBK,INDUSINDBK,,-1.000000,1,,BSE,5.000000,0,True
532326,INTENTECH,INTENTECH,,-1.000000,1,,BSE,1.000000,0,False
532332,CURAA,CURAA,,-1.000000,1,,BSE,1.000000,0,False
532354,VIRGOGLOB,VIRGOGLOB,,-1.000000,1,,BSE,1.000000,0,False
532372,VIRINCHI,VIRINCHI,,-1.000000,1,,BSE,1.000000,0,False
532424,GODREJCP,GODREJCP,,-1.000000,1,,BSE,5.000000,0,True
532455,SHALIWIR,SHALIWIR,,-1.000000,1,,BSE,1.000000,0,False
532460,PONNIERODE,PONNIERODE,,-1.000000,1,,BSE,5.000000,0,False
532461,PNB,PNB,,-1.000000,1,,BSE,5.000000,0,True
532485,BLIL,BLIL,,-1.000000,1,,BSE,1.000000,0,False
532505,UCOBANK,UCOBANK,,-1.000000,1,,BSE,1.000000,0,False
532508,JSL,JSL,,-1.000000,1,,BSE,5.000000,0,False
532514,IGL,IGL,,-1.000000,1,,BSE,5.000000,0,False
532553,WELENT,WELENT,,-1.000000,1,,BSE,5.000000,0,False
532605,JBMA,JBMA,,-1.000000,1,,BSE,5.000000,0,False
532638,SHOPERSTOP,SHOPERSTOP,,-1.000000,1,,BSE,5.000000,0,False
532663,SASKEN,SASKEN,,-1.000000,1,,BSE,5.000000,0,False
532667,SUZLON,SUZLON,,-1.000000,1,,BSE,1.000000,0,True
532676,PBAINFRA,PBAINFRA,,-1.000000,1,,BSE,1.000000,0,False
532707,DYNPRO,DYNPRO,,-1.000000,1,,BSE,5.000000,0,False
532712,RCOM,RCOM,,-1.000000,1,,BSE,1.000000,0,False
532714,KEC,KEC,,-1.000000,1,,BSE,5.000000,0,False
532720,M&MFIN,M&MFIN,,-1.000000,1,,BSE,5.000000,0,False
532725,SOLARINDS,SOLARINDS,,-1.000000,1,,BSE,5.000000,0,True
532744,GTNTEX,GTNTEX,,-1.000000,1,,BSE,1.000000,0,False
532749,ALLCARGO,ALLCARGO,,-1.000000,1,,BSE,1.000000,0,False
532779,TORNTPOWER,TORNTPOWER,,-1.000000,1,,BSE,5.000000,0,False
532780,PARSVNATH,PARSVNATH,,-1.000000,1,,BSE,1.000000,0,False
532794,ZEEMEDIA,ZEEMEDIA,,-1.000000,1,,BSE,1.000000,0,False
532805,REDINGTON,REDINGTON,,-1.000000,1,,BSE,5.000000,0,False
532829,LEHAR,LEHAR,,-1.000000,1,,BSE,5.000000,0,False
532845,TGBHOTELS,TGBHOTELS,,-1.000000,1,,BSE,1.000000,0,False
532847,HILTON,HILTON,,-1.000000,1,,BSE,1.000000,0,False
532855,HARYNACAP,HARYNACAP,,-1.000000,1,,BSE,5.000000,0,False
532866,QUINTEGRA,QUINTEGRA,,-1.000000,1,,BSE,1.000000,0,False
532887,NEUEON,NEUEON,,-1.000000,1,,BSE,1.000000,0,False
532888,ASIANTILES,ASIANTILES,,-1.000000,1,,BSE,1.000000,0,False
532891,PURVA,PURVA,,-1.000000,1,,BSE,5.000000,0,False
532907,IL&FSENGG,IL&FSENGG,,-1.000000,1,,BSE,1.000000,0,False
532915,RELIGARE,RELIGARE,,-1.000000,1,,BSE,5.000000,0,False
532916,BVCL,BVCL,,-1.000000,1,,BSE,1.000000,0,False
532976,JAIBALAJI,JAIBALAJI,,-1.000000,1,,BSE,1.000000,0,False
532986,NIRAJ,NIRAJ,,-1.000000,1,,BSE,1.000000,0,False
533001,SOMICONVEY,SOMICONVEY,,-1.000000,1,,BSE,1.000000,0,False
533029,ALKALI,ALKALI,,-1.000000,1,,BSE,1.000000,0,False
533090,LANDSMILL,LANDSMILL,,-1.000000,1,,BSE,1.000000,0,False
533093,ROML,ROML,,-1.000000,1,,BSE,1.000000,0,False
533101,SURYAAMBA,SURYAAMBA,,-1.000000,1,,BSE,5.000000,0,False
533140,FFTF16BCQ,FFTF16BCQ,,-1.000000,1,,BSE,1.000000,0,False
533151,DBCORP,DBCORP,,-1.000000,1,,BSE,5.000000,0,False
533162,HATHWAY,HATHWAY,,-1.000000,1,,BSE,1.000000,0,False
533208,EMAMIPAP,EMAMIPAP,,-1.000000,1,,BSE,5.000000,0,False
533221,AHLWEST,AHLWEST,,-1.000000,1,,BSE,5.000000,0,False
533252,WELINV,WELINV,,-1.000000,1,,BSE,5.000000,0,False
533263,GREENPOWER,GREENPOWER,,-1.000000,1,,BSE,1.000000,0,False
533267,CANTABIL,CANTABIL,,-1.000000,1,,BSE,5.000000,0,False
533270,BEDMUTHA,BEDMUTHA,,-1.000000,1,,BSE,5.000000,0,False
533292,A2ZINFRA,A2ZINFRA,,-1.000000,1,,BSE,1.000000,0,False
533303,BFINVEST,BFINVEST,,-1.000000,1,,BSE,5.000000,0,False
533398,MUTHOOTFIN,MUTHOOTFIN,,-1.000000,1,,BSE,5.000000,0,True
533526,KTKFMP55G,KTKFMP55G,,-1.000000,1,,BSE,1.000000,0,False
533540,TREEHOUSE,TREEHOUSE,,-1.000000,1,,BSE,1.000000,0,False
533581,PGEL,PGEL,,-1.000000,1,,BSE,5.000000,0,True
533655,TRITURBINE,TRITURBINE,,-1.000000,1,,BSE,5.000000,0,False
533761,GPTINFRA,GPTINFRA,,-1.000000,1,,BSE,5.000000,0,False
534309,NBCC,NBCC,,-1.000000,1,,BSE,1.000000,0,True
534674,DUCON,DUCON,,-1.000000,1,,BSE,1.000000,0,False
534680,SRGHFL,SRGHFL,,-1.000000,1,,BSE,5.000000,0,False
534691,COMCL,COMCL,,-1.000000,1,,BSE,1.000000,0,False
534732,CASPIAN,CASPIAN,,-1.000000,1,,BSE,1.000000,0,False
535427,RFXXIII8DG,RFXXIII8DG,,-1.000000,1,,BSE,1.000000,0,False
535440,KTKFMP101D,KTKFMP101D,,-1.000000,1,,BSE,1.000000,0,False
535620,BINNYMILLS,BINNYMILLS,,-1.000000,1,,BSE,5.000000,0,False
535917,GCMCOMM,GCMCOMM,,-1.000000,6000,,BSE,1.000000,0,False
536035,KTKFMP110D,KTKFMP110D,,-1.000000,1,,BSE,1.000000,0,False
536068,RFXXIV05DG,RFXXIV05DG,,-1.000000,1,,BSE,1.000000,0,False
536672,VCU,VCU,,-1.000000,1,,BSE,1.000000,0,False
536737,ACFSL,ACFSL,,-1.000000,1200,,BSE,1.000000,0,False
536773,JPOLYINVST,JPOLYINVST,,-1.000000,1,,BSE,5.000000,0,False
537292,AGRITECH,AGRITECH,,-1.000000,1,,BSE,5.000000,0,False
537381,HCPO36MJRD,HCPO36MJRD,,-1.000000,1,,BSE,1.000000,0,False
537562,NFHXXV20D,NFHXXV20D,,-1.000000,1,,BSE,1.000000,0,False
537709,HANSUGAR,HANSUGAR,,-1.000000,1,,BSE,1.000000,0,False
538271,NFHXXVI14D,NFHXXVI14D,,-1.000000,1,,BSE,1.000000,0,False
538540,RAAMA,RAAMA,,-1.000000,1,,BSE,1.000000,0,False
538563,SMTEL,SMTEL,,-1.000000,1,,BSE,5.000000,0,False
538598,VISHAL,VISHAL,,-1.000000,1,,BSE,1.000000,0,False
538610,UNISON,UNISON,,-1.000000,1,,BSE,1.000000,0,False
538635,SNOWMAN,SNOWMAN,,-1.000000,1,,BSE,1.000000,0,False
538706,ULTRACAB,ULTRACAB,,-1.000000,1,,BSE,1.000000,0,False
538708,ETIL,ETIL,,-1.000000,1,,BSE,1.000000,0,False
538716,ARYACAPM,ARYACAPM,,-1.000000,1,,BSE,5.000000,0,False
538770,CRANEINFRA,CRANEINFRA,,-1.000000,1,,BSE,1.000000,0,False
538834,JMJFIN,JMJFIN,,-1.000000,1,,BSE,1.000000,0,False
538835,INTELLECT,INTELLECT,,-1.000000,1,,BSE,5.000000,0,False
538922,COSYN,COSYN,,-1.000000,1,,BSE,1.000000,0,False
538923,SOFCOM,SOFCOM,,-1.000000,1,,BSE,1.000000,0,False
538928,KARNAVATI,KARNAVATI,,-1.000000,1,,BSE,1.000000,0,False
538962,MINDACORP,MINDACORP,,-1.000000,1,,BSE,5.000000,0,False
538965,CONCORD,CONCORD,,-1.000000,1,,BSE,1.000000,0,False
539005,JAYATMA,JAYATMA,,-1.000000,1,,BSE,1.000000,0,False
539041,GANVERSE,GANVERSE,,-1.000000,1250,,BSE,1.000000,0,False
539116,OPCHAINS,OPCHAINS,,-1.000000,5000,,BSE,1.000000,0,False
539126,MEP,MEP,,-1.000000,1,,BSE,1.000000,0,False
539177,AIIL,AIIL,,-1.000000,1,,BSE,5.000000,0,False
539200,NOBPOL,NOBPOL,,-1.000000,1,,BSE,1.000000,0,False
539206,GVBL,GVBL,,-1.000000,1,,BSE,1.000000,0,False
539216,GARMNTMNTR,GARMNTMNTR,,-1.000000,1,,BSE,1.000000,0,False
539221,SPORTKING,SPORTKING,,-1.000000,1,,BSE,5.000000,0,False
539254,ADANIENSOL,ADANIENSOL,,-1.000000,1,,BSE,5.000000,0,True
539268,SYNGENE,SYNGENE,,-1.000000,1,,BSE,5.000000,0,False
539287,ORTINGLOBE,ORTINGLOBE,,-1.000000,1,,BSE,1.000000,0,False
539300,SUNRAKSHAK,SUNRAKSHAK,,-1.000000,1,,BSE,5.000000,0,False
539309,RAMASTEEL,RAMASTEEL,,-1.000000,1,,BSE,1.000000,0,False
539334,SHREEPUSHK,SHREEPUSHK,,-1.000000,1,,BSE,5.000000,0,False
539337,WAAREE,WAAREE,,-1.000000,175,,BSE,5.000000,0,False
539346,SADBHIN,SADBHIN,,-1.000000,1,,BSE,1.000000,0,False
539405,DITCO,DITCO,,-1.000000,1,,BSE,1.000000,0,False
539428,TEJNAKSH,TEJNAKSH,,-1.000000,1,,BSE,1.000000,0,False
539480,LICNETFN50,LICNETFN50,,-1.000000,1,,BSE,1.000000,0,False
539486,GEETANJ,GEETANJ,,-1.000000,1,,BSE,1.000000,0,False
539492,GARBIFIN,GARBIFIN,,-1.000000,1,,BSE,1.000000,0,False
539506,ADCON,ADCON,,-1.000000,1,,BSE,1.000000,0,False
539594,MISHTANN,MISHTANN,,-1.000000,1,,BSE,1.000000,0,False
539607,BLUECLOUDS,BLUECLOUDS,,-1.000000,1,,BSE,1.000000,0,False
539658,TEAMLEASE,TEAMLEASE,,-1.000000,1,,BSE,5.000000,0,False
539659,KAMATS,KAMATS,,-1.000000,1,,BSE,1.000000,0,False
539784,LICNFNHGP,LICNFNHGP,,-1.000000,1,,BSE,1.000000,0,False
539876,CROMPTON,CROMPTON,,-1.000000,1,,BSE,5.000000,0,True
539900,DIDL,DIDL,,-1.000000,1,,BSE,1.000000,0,False
539947,JLL,JLL,,-1.000000,1,,BSE,1.000000,0,False
539992,LLOYDSENGG,LLOYDSENGG,,-1.000000,1,,BSE,1.000000,0,False
540062,GOLDENCREST,GOLDENCREST,,-1.000000,1,,BSE,5.000000,0,False
540080,DHATRE,DHATRE,,-1.000000,1,,BSE,1.000000,0,False
540115,LTTS,LTTS,,-1.000000,1,,BSE,5.000000,0,False
540146,ACML,ACML,,-1.000000,1000,,BSE,1.000000,0,False
540190,FRANKLININD,FRANKLININD,,-1.000000,1,,BSE,1.000000,0,False
540221,SHASHANK,SHASHANK,,-1.000000,1,,BSE,1.000000,0,False
540259,SHANGAR,SHANGAR,,-1.000000,1,,BSE,1.000000,0,False
540267,FLORACORP,FLORACORP,,-1.000000,1,,BSE,1.000000,0,False
540310,CFL,CFL,,-1.000000,1,,BSE,1.000000,0,False
540318,SUERYAAKNI,SUERYAAKNI,,-1.000000,1,,BSE,1.000000,0,False
540386,ONTIC,ONTIC,,-1.000000,1,,BSE,1.000000,0,False
540416,OCTAWARE,OCTAWARE,,-1.000000,1600,,BSE,1.000000,0,False
540596,ERIS,ERIS,,-1.000000,1,,BSE,5.000000,0,False
540650,MAGADSUGAR,MAGADSUGAR,,-1.000000,1,,BSE,5.000000,0,False
540694,ANG,ANG,,-1.000000,1,,BSE,1.000000,0,False
540696,KCDGROUP,KCDGROUP,,-1.000000,1,,BSE,1.000000,0,False
540700,BRNL,BRNL,,-1.000000,1,,BSE,1.000000,0,False
540702,LASA,LASA,,-1.000000,1,,BSE,1.000000,0,False
540717,PQIF,PQIF,,-1.000000,1,,BSE,1.000000,0,False
540725,SHAREINDIA,SHAREINDIA,,-1.000000,1,,BSE,5.000000,0,False
540738,STL,STL,,-1.000000,1,,BSE,1.000000,0,False
540762,TIINDIA,TIINDIA,,-1.000000,1,,BSE,5.000000,0,True
540776,5PAISA,5PAISA,,-1.000000,1,,BSE,5.000000,0,False
540782,SBRANDS,SBRANDS,,-1.000000,1000,,BSE,1.000000,0,False
540904,TIRUFOAM,TIRUFOAM,,-1.000000,1,,BSE,5.000000,0,False
540961,SHIVAMILLS,SHIVAMILLS,,-1.000000,1,,BSE,1.000000,0,False
541143,BDL,BDL,,-1.000000,1,,BSE,5.000000,0,True
541178,BENARA,BENARA,,-1.000000,2000,,BSE,1.000000,0,False
541228,TRL,TRL,,-1.000000,1,,BSE,1.000000,0,False
541233,LEMONTREE,LEMONTREE,,-1.000000,1,,BSE,5.000000,0,False
541299,DLCL,DLCL,,-1.000000,4000,,BSE,1.000000,0,False
541799,SMEL,SMEL,,-1.000000,5000,,BSE,1.000000,0,False
542019,SHUBHAM,SHUBHAM,,-1.000000,1,,BSE,1.000000,0,False
542146,SKIFL,SKIFL,,-1.000000,1250,,BSE,1.000000,0,False
542513,SNXT50BETA,SNXT50BETA,,-1.000000,1,,BSE,1.000000,0,False
542206,NIVAKA,NIVAKA,,-1.000000,1,,BSE,1.000000,0,False
542459,KRANTI,KRANTI,,-1.000000,1,,BSE,1.000000,0,False
542537,IDFTP179RP,IDFTP179RP,,-1.000000,1,,BSE,1.000000,0,False
542555,IPRU9517,IPRU9517,,-1.000000,1,,BSE,1.000000,0,False
542655,VIKASLIFE,VIKASLIFE,,-1.000000,1,,BSE,1.000000,0,False
542670,AEPL,AEPL,,-1.000000,1,,BSE,1.000000,0,False
542721,ARL,ARL,,-1.000000,1,,BSE,1.000000,0,False
542729,DCMNVL,DCMNVL,,-1.000000,1,,BSE,5.000000,0,False
542730,BANKIETF,BANKIETF,,-1.000000,1,,BSE,1.000000,0,False
542752,AFFLE,AFFLE,,-1.000000,1,,BSE,5.000000,0,False
542906,EASUN,EASUN,,-1.000000,1,,BSE,1.000000,0,False
542922,NEXT50,NEXT50,,-1.000000,1,,BSE,1.000000,0,False
543099,UTCRFS2DGR,UTCRFS2DGR,,-1.000000,1,,BSE,1.000000,0,False
543113,UTCRFS2RHP,UTCRFS2RHP,,-1.000000,1,,BSE,1.000000,0,False
543124,UTMTFS2DHP,UTMTFS2DHP,,-1.000000,1,,BSE,1.000000,0,False
543126,UTMTFS2DFP,UTMTFS2DFP,,-1.000000,1,,BSE,1.000000,0,False
543180,11ADR,11ADR,,-1.000000,1,,BSE,1.000000,0,False
543219,ALPL30IETF,ALPL30IETF,,-1.000000,1,,BSE,1.000000,0,False
543232,CAMS,CAMS,,-1.000000,1,,BSE,5.000000,0,True
543251,RVHL,RVHL,,-1.000000,1,,BSE,1.000000,0,False
543268,DRCSYSTEMS,DRCSYSTEMS,,-1.000000,1,,BSE,1.000000,0,False
543283,UFBL,UFBL,,-1.000000,1,,BSE,5.000000,0,False
543286,ARTEMISADR,ARTEMISADR,,-1.000000,6000,,BSE,5.000000,0,False
543288,DEEPINDS,DEEPINDS,,-1.000000,1,,BSE,5.000000,0,False
543291,MAFANG,MAFANG,,-1.000000,1,,BSE,1.000000,0,False
543333,CARTRADE,CARTRADE,,-1.000000,1,,BSE,5.000000,0,False
543350,VIJAYA,VIJAYA,,-1.000000,1,,BSE,5.000000,0,False
543372,GETALONG,GETALONG,,-1.000000,5000,,BSE,1.000000,0,False
543378,CWD,CWD,,-1.000000,500,,BSE,5.000000,0,False
543380,SFMP53DR,SFMP53DR,,-1.000000,1,,BSE,1.000000,0,False
543381,SFMP53GD,SFMP53GD,,-1.000000,1,,BSE,1.000000,0,False
543407,SFMP55DR,SFMP55DR,,-1.000000,1,,BSE,1.000000,0,False
543409,SFMP55DD,SFMP55DD,,-1.000000,1,,BSE,1.000000,0,False
543416,ZODIAC,ZODIAC,,-1.000000,1,,BSE,5.000000,0,False
543419,SHRIRAMPPS,SHRIRAMPPS,,-1.000000,1,,BSE,1.000000,0,False
543420,JETFREIGHT,JETFREIGHT,,-1.000000,1,,BSE,1.000000,0,False
543423,SFMP57GD,SFMP57GD,,-1.000000,1,,BSE,1.000000,0,False
543424,SFMP57DD,SFMP57DD,,-1.000000,1,,BSE,1.000000,0,False
543425,MAPMYINDIA,MAPMYINDIA,,-1.000000,1,,BSE,5.000000,0,False
543427,MEDPLUS,MEDPLUS,,-1.000000,1,,BSE,5.000000,0,False
543445,SFMP58GR,SFMP58GR,,-1.000000,1,,BSE,1.000000,0,False
543446,SFMP58DR,SFMP58DR,,-1.000000,1,,BSE,1.000000,0,False
543453,ALKOSIGN,ALKOSIGN,,-1.000000,1125,,BSE,1.000000,0,False
543511,H1876D46RQ,H1876D46RQ,,-1.000000,1,,BSE,1.000000,0,False
543517,HARIOMPIPE,HARIOMPIPE,,-1.000000,1,,BSE,5.000000,0,False
543523,CAMPUS,CAMPUS,,-1.000000,1,,BSE,5.000000,0,False
543533,EMUDHRA,EMUDHRA,,-1.000000,1,,BSE,5.000000,0,False
543575,MOMENTUM,MOMENTUM,,-1.000000,1,,BSE,1.000000,0,False
543603,W5AG,W5AG,,-1.000000,1,,BSE,1.000000,0,False
543653,BIKAJI,BIKAJI,,-1.000000,1,,BSE,5.000000,0,False
543668,BBTCL,BBTCL,,-1.000000,1,,BSE,5.000000,0,False
543725,ELIN,ELIN,,-1.000000,1,,BSE,5.000000,0,False
543738,BANKADD,BANKADD,,-1.000000,1,,BSE,1.000000,0,False
543793,HDFC2638DG,HDFC2638DG,,-1.000000,1,,BSE,1.000000,0,False
543795,HDFC2638RG,HDFC2638RG,,-1.000000,1,,BSE,1.000000,0,False
543812,DIVGIITTS,DIVGIITTS,,-1.000000,1,,BSE,5.000000,0,False
543816,IPRU3534,IPRU3534,,-1.000000,1,,BSE,1.000000,0,False
543817,IPRU9735,IPRU9735,,-1.000000,1,,BSE,1.000000,0,False
543830,LABELKRAFT,LABELKRAFT,,-1.000000,2000,,BSE,1.000000,0,False
543859,DIGIFIBRE,DIGIFIBRE,,-1.000000,25000,,BSE,1.000000,0,False
543875,GSEC10YEAR,GSEC10YEAR,,-1.000000,1,,BSE,1.000000,0,False
543921,COMRADE,COMRADE,,-1.000000,1000,,BSE,1.000000,0,False
543923,IKIO,IKIO,,-1.000000,1,,BSE,5.000000,0,False
543924,SONALIS,SONALIS,,-1.000000,2000,,BSE,1.000000,0,False
543935,ITADD,ITADD,,-1.000000,1,,BSE,1.000000,0,False
543956,QUAL30IETF,QUAL30IETF,,-1.000000,1,,BSE,1.000000,0,False
543959,SBFC,SBFC,,-1.000000,1,,BSE,1.000000,0,False
543969,PYRAMID,PYRAMID,,-1.000000,1,,BSE,5.000000,0,False
543970,SHOORA,SHOORA,,-1.000000,1500,,BSE,1.000000,0,False
543975,MIDCAPBETA,MIDCAPBETA,,-1.000000,1,,BSE,1.000000,0,False
543977,RISHABH,RISHABH,,-1.000000,1,,BSE,5.000000,0,False
543978,RATNAVEER,RATNAVEER,,-1.000000,1,,BSE,5.000000,0,False
543980,JLHL,JLHL,,-1.000000,1,,BSE,5.000000,0,False
543986,SOUTHWEST,SOUTHWEST,,-1.000000,1,,BSE,5.000000,0,False
544012,CELLO,CELLO,,-1.000000,1,,BSE,5.000000,0,False
544013,KKSHL,KKSHL,,-1.000000,3000,,BSE,1.000000,0,False
544026,IREDA,IREDA,,-1.000000,1,,BSE,5.000000,0,True
544082,SWANAGRO,SWANAGRO,,-1.000000,2000,,BSE,1.000000,0,False
544091,QLL,QLL,,-1.000000,400,,BSE,5.000000,0,False
544094,EUPHORIAIT,EUPHORIAIT,,-1.000000,1200,,BSE,1.000000,0,False
544100,NOVAAGRI,NOVAAGRI,,-1.000000,1,,BSE,1.000000,0,False
544135,MUKKA,MUKKA,,-1.000000,1,,BSE,1.000000,0,False
544136,RKSWAMY,RKSWAMY,,-1.000000,1,,BSE,1.000000,0,False
544141,PESB,PESB,,-1.000000,800,,BSE,5.000000,0,False
544143,ROYAL,ROYAL,,-1.000000,500,,BSE,5.000000,0,False
544149,KRYSTAL,KRYSTAL,,-1.000000,1,,BSE,5.000000,0,False
544160,JAYKAILASH,JAYKAILASH,,-1.000000,1600,,BSE,1.000000,0,False
544170,DKUAL,DKUAL,,-1.000000,2000,,BSE,1.000000,0,False
544175,TGIF,TGIF,,-1.000000,1200,,BSE,5.000000,0,False
544184,BOROSCI,BOROSCI,,-1.000000,1,,BSE,5.000000,0,False
544187,KRONOX,KRONOX,,-1.000000,1,,BSE,5.000000,0,False
544194,TOP100CASE,TOP100CASE,,-1.000000,1,,BSE,1.000000,0,False
544197,RETAIL,RETAIL,,-1.000000,1,,BSE,1.000000,0,False
544210,EMCURE,EMCURE,,-1.000000,1,,BSE,5.000000,0,False
544213,ACLD,ACLD,,-1.000000,600,,BSE,5.000000,0,False
544216,OILIETF,OILIETF,,-1.000000,1,,BSE,1.000000,0,False
544224,AFCOM,AFCOM,,-1.000000,120,,BSE,5.000000,0,False
544225,OLAELEC,OLAELEC,,-1.000000,1,,BSE,1.000000,0,False
544247,TOP10ADD,TOP10ADD,,-1.000000,1,,BSE,1.000000,0,False
544249,BALAJEE,BALAJEE,,-1.000000,1,,BSE,1.000000,0,False
544251,SSL,SSL,,-1.000000,1600,,BSE,1.000000,0,False
544265,NEXXUS,NEXXUS,,-1.000000,1200,,BSE,1.000000,0,False
544279,GODAVARIB,GODAVARIB,,-1.000000,1,,BSE,5.000000,0,False
544282,SAGILITY,SAGILITY,,-1.000000,1,,BSE,1.000000,0,True
544283,ACMESOLAR,ACMESOLAR,,-1.000000,1,,BSE,5.000000,0,False
544287,MANGALCOMP,MANGALCOMP,,-1.000000,3000,,BSE,1.000000,0,False
544295,PSPLATINA,PSPLATINA,,-1.000000,1,,BSE,1.000000,0,False
544296,NISUS,NISUS,,-1.000000,400,,BSE,5.000000,0,False
544305,MOBIKWIK,MOBIKWIK,,-1.000000,1,,BSE,5.000000,0,False
544307,VMM,VMM,,-1.000000,1,,BSE,5.000000,0,True
544315,CEWATER,CEWATER,,-1.000000,1,,BSE,5.000000,0,False
544316,DAMCAPITAL,DAMCAPITAL,,-1.000000,1,,BSE,5.000000,0,False
544328,INDOFARM,INDOFARM,,-1.000000,1,,BSE,5.000000,0,False
544330,PARMESHWAR,PARMESHWAR,,-1.000000,1000,,BSE,5.000000,0,False
544332,FABCLEAN,FABCLEAN,,-1.000000,400,,BSE,5.000000,0,False
544363,UNIONGOLD,UNIONGOLD,,-1.000000,1,,BSE,1.000000,0,False
544364,BAJAJINDEF,BAJAJINDEF,,-1.000000,1,,BSE,5.000000,0,False
544368,SWASTH,SWASTH,,-1.000000,1200,,BSE,1.000000,0,False
544382,VALUEAXIS,VALUEAXIS,,-1.000000,1,,BSE,1.000000,0,False
544400,MANOJJEWEL,MANOJJEWEL,,-1.000000,2000,,BSE,1.000000,0,False
544406,UNIFIED,UNIFIED,,-1.000000,400,,BSE,5.000000,0,False
544409,ASTONEALAB,ASTONEALAB,,-1.000000,1000,,BSE,5.000000,0,False
544412,3BFILMS,3BFILMS,,-1.000000,3000,,BSE,1.000000,0,False
544430,SAMBHV,SAMBHV,,-1.000000,1,,BSE,5.000000,0,False
544432,IGCL,IGCL,,-1.000000,1,,BSE,1.000000,0,False
544437,MARCLOIRE,MARCLOIRE,,-1.000000,1200,,BSE,1.000000,0,False
544455,EBGNG,EBGNG,,-1.000000,1,,BSE,5.000000,0,False
544467,NSDL,NSDL,,-1.000000,1,,BSE,5.000000,0,False
544475,ESSEX,ESSEX,,-1.000000,2000,,BSE,1.000000,0,False
544485,REGAAL,REGAAL,,-1.000000,1,,BSE,1.000000,0,False
544488,VIKRAMSOLR,VIKRAMSOLR,,-1.000000,1,,BSE,5.000000,0,False
544492,MEIL,MEIL,,-1.000000,1,,BSE,5.000000,0,False
544497,AHCL,AHCL,,-1.000000,1,,BSE,1.000000,0,False
544524,JDCABLES,JDCABLES,,-1.000000,800,,BSE,5.000000,0,False
544529,APPL,APPL,,-1.000000,400,,BSE,5.000000,0,False
544531,TRUECOLORS,TRUECOLORS,,-1.000000,600,,BSE,5.000000,0,False
544541,SYSTEMATIC,SYSTEMATIC,,-1.000000,600,,BSE,5.000000,0,False
544557,GLOTTIS,GLOTTIS,,-1.000000,1,,BSE,1.000000,0,False
544562,ADVANCE,ADVANCE,,-1.000000,1,,BSE,5.000000,0,False
544582,SHLOKKA,SHLOKKA,,-1.000000,1200,,BSE,1.000000,0,False
544600,LENSKART,LENSKART,,-1.000000,1,,BSE,5.000000,0,False
544633,VIDYAWIRES,VIDYAWIRES,,-1.000000,1,,BSE,1.000000,0,False
544652,TSIFRIP,TSIFRIP,,-1.000000,1,,BSE,1.000000,0,False
544654,SMALLADD,SMALLADD,,-1.000000,1,,BSE,1.000000,0,False
544660,TOP20,TOP20,,-1.000000,1,,BSE,1.000000,0,False
544673,MDRC,MDRC,,-1.000000,1600,,BSE,1.000000,0,False
544680,NARMADESH,NARMADESH,,-1.000000,240,,BSE,5.000000,0,False
544681,INDOSMC,INDOSMC,,-1.000000,1000,,BSE,5.000000,0,False
544684,DIGILOGIC,DIGILOGIC,,-1.000000,1200,,BSE,5.000000,0,False
544708,YASHHTEJ,YASHHTEJ,,-1.000000,1200,,BSE,1.000000,0,False
544722,SBIMIDMOM,SBIMIDMOM,,-1.000000,1,,BSE,1.000000,0,False
544735,NOVUS,NOVUS,,-1.000000,1000,,BSE,5.000000,0,False
544716,SRTL,SRTL,,-1.000000,1,,BSE,1.000000,0,False
544731,RSL,RSL,,-1.000000,1,,BSE,5.000000,0,False
544742,SAIPARENT,SAIPARENT,,-1.000000,1,,BSE,5.000000,0,False
544743,AEROPLANE,AEROPLANE,,-1.000000,1,,BSE,5.000000,0,False
544755,RECODE,RECODE,,-1.000000,800,,BSE,5.000000,0,False
544764,MWL,MWL,,-1.000000,1,,BSE,1.000000,0,False
544771,RFIL,RFIL,,-1.000000,2000,,BSE,1.000000,0,False
544800,ANUBHAV,ANUBHAV,,-1.000000,1600,,BSE,1.000000,0,False
544826,MILLWORKS,MILLWORKS,,-1.000000,400,,BSE,5.000000,0,False
544831,MEEIND,MEEIND,,-1.000000,1,,BSE,5.000000,0,False
544833,CMLL,CMLL,,-1.000000,1,,BSE,5.000000,0,False
544835,MALA,MALA,,-1.000000,2000,,BSE,1.000000,0,False
544851,MVELECTRO,MVELECTRO,,-1.000000,1,,BSE,5.000000,0,False
544874,LARGEMID50,LARGEMID50,,-1.000000,1,,BSE,1.000000,0,False
544876,ENS,ENS,,-1.000000,1200,,BSE,5.000000,0,False
544886,TEMPSENS,TEMPSENS,,-1.000000,1,,BSE,5.000000,0,False
544894,LUMINO,LUMINO,,-1.000000,1,,BSE,1.000000,0,False
544903,DEEPA,DEEPA,,-1.000000,1,,BSE,5.000000,0,False
544910,APANA,APANA,,-1.000000,2000,,BSE,1.000000,0,False
570002,FELDVR,FELDVR,,-1.000000,1,,BSE,1.000000,0,False
590006,AMRUTANJAN,AMRUTANJAN,,-1.000000,1,,BSE,5.000000,0,False
590062,ANDHRSUGAR,ANDHRSUGAR,,-1.000000,1,,BSE,1.000000,0,False
590068,KHAITANLTD,KHAITANLTD,,-1.000000,1,,BSE,5.000000,0,False
590075,LAMBODHARA,LAMBODHARA,,-1.000000,1,,BSE,5.000000,0,False
590109,SHARIABEES,SHARIABEES,,-1.000000,1,,BSE,1.000000,0,False
590138,SETFNIF50,SETFNIF50,,-1.000000,1,,BSE,1.000000,0,False
590139,LIQUID1,LIQUID1,,-1.000000,1,,BSE,1.000000,0,False
590141,ITBEES,ITBEES,,-1.000000,1,,BSE,1.000000,0,False
590147,MOSILVER,MOSILVER,,-1.000000,1,,BSE,1.000000,0,False
590148,MOSMALL250,MOSMALL250,,-1.000000,1,,BSE,1.000000,0,False
590160,NETF,NETF,,-1.000000,1,,BSE,1.000000,0,False
730420,NFL171025A,NFL171025A,,-1.000000,1,,BSE,1.000000,0,False
730483,360P031125,360P031125,,-1.000000,1,,BSE,1.000000,0,False
730601,MFL191125,MFL191125,,-1.000000,1,,BSE,1.000000,0,False
730623,SCCL211125,SCCL211125,,-1.000000,1,,BSE,1.000000,0,False
730706,IFPL041225,IFPL041225,,-1.000000,1,,BSE,1.000000,0,False
730738,KMPL101225,KMPL101225,,-1.000000,1,,BSE,1.000000,0,False
730883,LFL301225,LFL301225,,-1.000000,1,,BSE,1.000000,0,False
730961,BGHP230126,BGHP230126,,-1.000000,1,,BSE,1.000000,0,False
730983,PFL28126,PFL28126,,-1.000000,1,,BSE,1.000000,0,False
730997,TRIL30126,TRIL30126,,-1.000000,1,,BSE,1.000000,0,False
731006,BFL030226,BFL030226,,-1.000000,1,,BSE,1.000000,0,False
731025,BGHP60226,BGHP60226,,-1.000000,1,,BSE,1.000000,0,False
731038,OWL060226,OWL060226,,-1.000000,1,,BSE,1.000000,0,False
731045,MFL060226,MFL060226,,-1.000000,1,,BSE,1.000000,0,False
731107,OPL160226,OPL160226,,-1.000000,1,,BSE,1.000000,0,False
731137,MAFS180226,MAFS180226,,-1.000000,1,,BSE,1.000000,0,False
731168,BGHP240226,BGHP240226,,-1.000000,1,,BSE,1.000000,0,False
731275,DFPL90326,DFPL90326,,-1.000000,1,,BSE,1.000000,0,False
731390,JCL20326,JCL20326,,-1.000000,1,,BSE,1.000000,0,False
731391,GHFL230326,GHFL230326,,-1.000000,1,,BSE,1.000000,0,False
731402,360O24326,360O24326,,-1.000000,1,,BSE,1.000000,0,False
731407,CGCL25326,CGCL25326,,-1.000000,1,,BSE,1.000000,0,False
731421,NFL30326,NFL30326,,-1.000000,1,,BSE,1.000000,0,False
731433,KMPL8426,KMPL8426,,-1.000000,1,,BSE,1.000000,0,False
731458,CGCL130426,CGCL130426,,-1.000000,1,,BSE,1.000000,0,False
731464,TTL15426,TTL15426,,-1.000000,1,,BSE,1.000000,0,False
731524,OPAL220426,OPAL220426,,-1.000000,1,,BSE,1.000000,0,False
731580,DAL300426A,DAL300426A,,-1.000000,1,,BSE,1.000000,0,False
731594,IFPL06526,IFPL06526,,-1.000000,1,,BSE,1.000000,0,False
731619,BFL7526,BFL7526,,-1.000000,1,,BSE,1.000000,0,False
731636,DAL110526,DAL110526,,-1.000000,1,,BSE,1.000000,0,False
731667,BFSL130526,BFSL130526,,-1.000000,1,,BSE,1.000000,0,False
731692,360OA18526,360OA18526,,-1.000000,1,,BSE,1.000000,0,False
731746,JBCPL26526,JBCPL26526,,-1.000000,1,,BSE,1.000000,0,False
731875,SCCL110626,SCCL110626,,-1.000000,1,,BSE,1.000000,0,False
731876,360OW10626,360OW10626,,-1.000000,1,,BSE,1.000000,0,False
731943,GIL190626,GIL190626,,-1.000000,1,,BSE,1.000000,0,False
731949,ABLBL19626,ABLBL19626,,-1.000000,1,,BSE,1.000000,0,False
731951,RL190626,RL190626,,-1.000000,1,,BSE,1.000000,0,False
731966,KIL230626,KIL230626,,-1.000000,1,,BSE,1.000000,0,False
731981,TTL24626,TTL24626,,-1.000000,1,,BSE,1.000000,0,False
731983,MHFC220626,MHFC220626,,-1.000000,1,,BSE,1.000000,0,False
731998,TPCL250626,TPCL250626,,-1.000000,1,,BSE,1.000000,0,False
732021,VCL300626,VCL300626,,-1.000000,1,,BSE,1.000000,0,False
732048,CGCL070726,CGCL070726,,-1.000000,1,,BSE,1.000000,0,False
732053,GHFL070726,GHFL070726,,-1.000000,1,,BSE,1.000000,0,False
732062,SMIL090726,SMIL090726,,-1.000000,1,,BSE,1.000000,0,False
732074,TCL100726,TCL100726,,-1.000000,1,,BSE,1.000000,0,False
732076,NFL10726,NFL10726,,-1.000000,1,,BSE,1.000000,0,False
732122,NIL200726,NIL200726,,-1.000000,1,,BSE,1.000000,0,False
732123,APSEZ20726,APSEZ20726,,-1.000000,1,,BSE,1.000000,0,False
732127,ABL210726,ABL210726,,-1.000000,1,,BSE,1.000000,0,False
732137,BFL220726,BFL220726,,-1.000000,1,,BSE,1.000000,0,False
732149,AKCFL24726,AKCFL24726,,-1.000000,1,,BSE,1.000000,0,False
732158,IFPL240726,IFPL240726,,-1.000000,1,,BSE,1.000000,0,False
732163,BFL270726,BFL270726,,-1.000000,1,,BSE,1.000000,0,False
732169,GIL280726,GIL280726,,-1.000000,1,,BSE,1.000000,0,False
732193,IFSL300726,IFSL300726,,-1.000000,1,,BSE,1.000000,0,False
732195,AFL300726A,AFL300726A,,-1.000000,1,,BSE,1.000000,0,False
732207,MML030826,MML030826,,-1.000000,1,,BSE,1.000000,0,False
732215,BFL040826,BFL040826,,-1.000000,1,,BSE,1.000000,0,False
732251,NWIL70826,NWIL70826,,-1.000000,1,,BSE,1.000000,0,False
732253,DFPL10826,DFPL10826,,-1.000000,1,,BSE,1.000000,0,False
732260,BFL100826,BFL100826,,-1.000000,1,,BSE,1.000000,0,False
732262,NMIL110826,NMIL110826,,-1.000000,1,,BSE,1.000000,0,False
732268,NMIL12826,NMIL12826,,-1.000000,1,,BSE,1.000000,0,False
732277,BFSL12826,BFSL12826,,-1.000000,1,,BSE,1.000000,0,False
732291,BPCL14826,BPCL14826,,-1.000000,1,,BSE,1.000000,0,False
732293,TTL14826,TTL14826,,-1.000000,1,,BSE,1.000000,0,False
732295,MCFPL13826,MCFPL13826,,-1.000000,1,,BSE,1.000000,0,False
732307,BFSL14826,BFSL14826,,-1.000000,1,,BSE,1.000000,0,False
732312,TCL140826,TCL140826,,-1.000000,1,,BSE,1.000000,0,False
732316,BFSL170826,BFSL170826,,-1.000000,1,,BSE,1.000000,0,False
732328,TBBTC18826,TBBTC18826,,-1.000000,1,,BSE,1.000000,0,False
732337,OPL190826,OPL190826,,-1.000000,1,,BSE,1.000000,0,False
732341,IFP190826,IFP190826,,-1.000000,1,,BSE,1.000000,0,False
732347,FFSL19826,FFSL19826,,-1.000000,1,,BSE,1.000000,0,False
732363,NWIL210826,NWIL210826,,-1.000000,1,,BSE,1.000000,0,False
732376,NFL240826,NFL240826,,-1.000000,1,,BSE,1.000000,0,False
732383,THDCL25826,THDCL25826,,-1.000000,1,,BSE,1.000000,0,False
732387,RL250826,RL250826,,-1.000000,1,,BSE,1.000000,0,False
732393,IHFCL27826,IHFCL27826,,-1.000000,1,,BSE,1.000000,0,False
732397,MSFL25826,MSFL25826,,-1.000000,1,,BSE,1.000000,0,False
732402,TSL27826,TSL27826,,-1.000000,1,,BSE,1.000000,0,False
732428,DFPL02926,DFPL02926,,-1.000000,1,,BSE,1.000000,0,False
732440,JBCPL3926,JBCPL3926,,-1.000000,1,,BSE,1.000000,0,False
732444,NWML030926,NWML030926,,-1.000000,1,,BSE,1.000000,0,False
732448,TL030926,TL030926,,-1.000000,1,,BSE,1.000000,0,False
732454,KMPL040926,KMPL040926,,-1.000000,1,,BSE,1.000000,0,False
732466,AFL040926,AFL040926,,-1.000000,1,,BSE,1.000000,0,False
732467,MFL040926,MFL040926,,-1.000000,1,,BSE,1.000000,0,False
732470,AKCFL40926,AKCFL40926,,-1.000000,1,,BSE,1.000000,0,False
732487,AFSL7926,AFSL7926,,-1.000000,1,,BSE,1.000000,0,False
732494,HLFL080926,HLFL080926,,-1.000000,1,,BSE,1.000000,0,False
732503,RIL090926,RIL090926,,-1.000000,1,,BSE,1.000000,0,False
732504,BFSL80926,BFSL80926,,-1.000000,1,,BSE,1.000000,0,False
732509,BGHPL90926,BGHPL90926,,-1.000000,1,,BSE,1.000000,0,False
732513,MFL90926,MFL90926,,-1.000000,1,,BSE,1.000000,0,False
732516,MFL090926,MFL090926,,-1.000000,1,,BSE,1.000000,0,False
732518,BGHPL10926,BGHPL10926,,-1.000000,1,,BSE,1.000000,0,False
732529,ABFRL90926,ABFRL90926,,-1.000000,1,,BSE,1.000000,0,False
732537,AIL110926,AIL110926,,-1.000000,1,,BSE,1.000000,0,False
732547,GFL110926,GFL110926,,-1.000000,1,,BSE,1.000000,0,False
751139,NCL-RE,NCL-RE,,-1.000000,1,,BSE,1.000000,0,False
800218,815GS2026,815GS2026,,-1.000000,1,,BSE,5.000000,0,False
800295,SGBJUN27,SGBJUN27,,-1.000000,1,,BSE,1.000000,0,False
800298,769GS2043,769GS2043,,-1.000000,1,,BSE,5.000000,0,False
800299,772GS2049,772GS2049,,-1.000000,1,,BSE,5.000000,0,False
800314,SGBFEB28IX,SGBFEB28IX,,-1.000000,1,,BSE,1.000000,0,False
800320,SGBMAY28,SGBMAY28,,-1.000000,1,,BSE,1.000000,0,False
800382,GS02JUL40C,GS02JUL40C,,-1.000000,1,,BSE,1.000000,0,False
800405,GS22FEB32C,GS22FEB32C,,-1.000000,1,,BSE,1.000000,0,False
800412,GS15DEC32C,GS15DEC32C,,-1.000000,1,,BSE,1.000000,0,False
800414,GS17DEC32C,GS17DEC32C,,-1.000000,1,,BSE,1.000000,0,False
800423,GS15DEC39C,GS15DEC39C,,-1.000000,1,,BSE,1.000000,0,False
800426,GS02JAN29C,GS02JAN29C,,-1.000000,1,,BSE,1.000000,0,False
800489,74GS2062,74GS2062,,-1.000000,1,,BSE,5.000000,0,False
800435,699GS2051,699GS2051,,-1.000000,1,,BSE,1.000000,0,False
800436,695GS2061,695GS2061,,-1.000000,1,,BSE,1.000000,0,False
800497,GS19MAR2027,GS19MAR2027,,-1.000000,1,,BSE,1.000000,0,False
800502,GS19SEP2029,GS19SEP2029,,-1.000000,1,,BSE,1.000000,0,False
800514,GS19SEP2035,GS19SEP2035,,-1.000000,1,,BSE,1.000000,0,False
800520,726GS2032,726GS2032,,-1.000000,1,,BSE,5.000000,0,False
800521,GS19MAR2038,GS19MAR2038,,-1.000000,1,,BSE,1.000000,0,False
800525,GS19MAR2041,GS19MAR2041,,-1.000000,1,,BSE,1.000000,0,False
800532,GS19SEP2038,GS19SEP2038,,-1.000000,1,,BSE,1.000000,0,False
800545,GS19SEP2046,GS19SEP2046,,-1.000000,1,,BSE,1.000000,0,False
800546,GS19SEP2048,GS19SEP2048,,-1.000000,1,,BSE,1.000000,0,False
800552,GS19SEP2056,GS19SEP2056,,-1.000000,1,,BSE,1.000000,0,False
800554,GS19SEP2037,GS19SEP2037,,-1.000000,1,,BSE,1.000000,0,False
800555,GS19MAR2056,GS19MAR2056,,-1.000000,1,,BSE,1.000000,0,False
800560,GS19SEP2060,GS19SEP2060,,-1.000000,1,,BSE,1.000000,0,False
800562,GS19SEP2043,GS19SEP2043,,-1.000000,1,,BSE,1.000000,0,False
800563,GS19SEP2045,GS19SEP2045,,-1.000000,1,,BSE,1.000000,0,False
800573,SGBDE30III,SGBDE30III,,-1.000000,1,,BSE,1.000000,0,False
800585,GS12DEC2030,GS12DEC2030,,-1.000000,1,,BSE,1.000000,0,False
800587,GS19JUN2031,GS19JUN2031,,-1.000000,1,,BSE,1.000000,0,False
800599,718GS2033,718GS2033,,-1.000000,1,,BSE,5.000000,0,False
800601,737GR2054,737GR2054,,-1.000000,1,,BSE,5.000000,0,False
800603,SGBDE31III,SGBDE31III,,-1.000000,1,,BSE,1.000000,0,False
800613,GS06MAY30C,GS06MAY30C,,-1.000000,1,,BSE,1.000000,0,False
800618,709GOI54,709GOI54,,-1.000000,1,,BSE,1.000000,0,False
800633,GS15APR29C,GS15APR29C,,-1.000000,1,,BSE,1.000000,0,False
800639,GS15APR32C,GS15APR32C,,-1.000000,1,,BSE,1.000000,0,False
800652,GS15OCT27C,GS15OCT27C,,-1.000000,1,,BSE,1.000000,0,False
800672,GS06MAY36C,GS06MAY36C,,-1.000000,1,,BSE,1.000000,0,False
800673,GS12DEC44,GS12DEC44,,-1.000000,1,,BSE,1.000000,0,False
800675,GS06NOV36C,GS06NOV36C,,-1.000000,1,,BSE,1.000000,0,False
800679,GS22APR36C,GS22APR36C,,-1.000000,1,,BSE,1.000000,0,False
800681,GS22OCT36C,GS22OCT36C,,-1.000000,1,,BSE,1.000000,0,False
800704,GS12JUN45,GS12JUN45,,-1.000000,1,,BSE,1.000000,0,False
800711,GS12DEC48,GS12DEC48,,-1.000000,1,,BSE,1.000000,0,False
800731,GS06MAY41,GS06MAY41,,-1.000000,1,,BSE,1.000000,0,False
800741,GS06NOV43,GS06NOV43,,-1.000000,1,,BSE,1.000000,0,False
800747,GS06MAY45,GS06MAY45,,-1.000000,1,,BSE,1.000000,0,False
800756,GS06MAY61,GS06MAY61,,-1.000000,1,,BSE,1.000000,0,False
800804,GS12DEC36,GS12DEC36,,-1.000000,1,,BSE,1.000000,0,False
800809,724GOI55,724GOI55,,-1.000000,1,,BSE,1.000000,0,False
800813,GS12MAR28C,GS12MAR28C,,-1.000000,1,,BSE,1.000000,0,False
805153,364TB31126,364TB31126,,-1.000000,1,,BSE,1.000000,0,False
805180,364TB11227,364TB11227,,-1.000000,1,,BSE,1.000000,0,False
805200,182TB81026,182TB81026,,-1.000000,1,,BSE,1.000000,0,False
805206,182T221026,182T221026,,-1.000000,1,,BSE,1.000000,0,False
805221,182T271126,182T271126,,-1.000000,1,,BSE,1.000000,0,False
805222,364TB28527,364TB28527,,-1.000000,1,,BSE,1.000000,0,False
805224,182TB31226,182TB31226,,-1.000000,1,,BSE,1.000000,0,False
805239,182T070127,182T070127,,-1.000000,1,,BSE,1.000000,0,False
805242,182T140127,182T140127,,-1.000000,1,,BSE,1.000000,0,False
805251,182T040227,182T040227,,-1.000000,1,,BSE,1.000000,0,False
810576,835GUJ2028,835GUJ2028,,-1.000000,1,,BSE,5.000000,0,False
810577,780GUJ2027,780GUJ2027,,-1.000000,1,,BSE,5.000000,0,False
810600,858GJSDL28,858GJSDL28,,-1.000000,1,,BSE,5.000000,0,False
810615,831KSDL29,831KSDL29,,-1.000000,1,,BSE,5.000000,0,False
810621,817GJ2029,817GJ2029,,-1.000000,1,,BSE,5.000000,0,False
810622,814GJSDL29,814GJSDL29,,-1.000000,1,,BSE,5.000000,0,False
810624,731GUJ2029,731GUJ2029,,-1.000000,1,,BSE,5.000000,0,False
810629,717MHSDL,717MHSDL,,-1.000000,1,,BSE,1.000000,0,False
810632,714MH29,714MH29,,-1.000000,1,,BSE,5.000000,0,False
810639,669MP30,669MP30,,-1.000000,1,,BSE,1.000000,0,False
810660,649KA31,649KA31,,-1.000000,1,,BSE,1.000000,0,False
810662,65KA30,65KA30,,-1.000000,1,,BSE,1.000000,0,False
810671,678KA32,678KA32,,-1.000000,1,,BSE,1.000000,0,False
810680,65GJ30,65GJ30,,-1.000000,1,,BSE,1.000000,0,False
810684,654KA30,654KA30,,-1.000000,1,,BSE,1.000000,0,False
810690,653TN31,653TN31,,-1.000000,1,,BSE,1.000000,0,False
810701,724RJ36,724RJ36,,-1.000000,1,,BSE,1.000000,0,False
810704,729KA39,729KA39,,-1.000000,1,,BSE,1.000000,0,False
810708,711GJ31,711GJ31,,-1.000000,1,,BSE,1.000000,0,False
810725,688MH33,688MH33,,-1.000000,1,,BSE,1.000000,0,False
810728,683MH32A,683MH32A,,-1.000000,1,,BSE,5.000000,0,False
810738,675GJ31,675GJ31,,-1.000000,1,,BSE,1.000000,0,False
977855,1225IML32,1225IML32,,-1.000000,1,,BSE,1.000000,0,False
977858,12NGCPL27A,12NGCPL27A,,-1.000000,1,,BSE,1.000000,0,False
977868,1030NFL028,1030NFL028,,-1.000000,1,,BSE,1.000000,0,False
977870,737NBFID29,737NBFID29,,-1.000000,1,,BSE,1.000000,0,False
977872,826ABCL31,826ABCL31,,-1.000000,1,,BSE,1.000000,0,False
977892,1370MFSPL27,1370MFSPL27,,-1.000000,1,,BSE,1.000000,0,False
977923,11HFL31B,11HFL31B,,-1.000000,1,,BSE,1.000000,0,False
977928,717RECL31,717RECL31,,-1.000000,1,,BSE,1.000000,0,False
810755,697TN31,697TN31,,-1.000000,1,,BSE,1.000000,0,False
810759,698TN31A,698TN31A,,-1.000000,1,,BSE,1.000000,0,False
810761,698GJ31,698GJ31,,-1.000000,1,,BSE,1.000000,0,False
810804,712KA34,712KA34,,-1.000000,1,,BSE,5.000000,0,False
977961,MFSL090726,MFSL090726,,-1.000000,1,,BSE,1.000000,0,False
977964,99SRFCPL28,99SRFCPL28,,-1.000000,1,,BSE,1.000000,0,False
977996,1250BCS29,1250BCS29,,-1.000000,1,,BSE,1.000000,0,False
977997,950OFSL29,950OFSL29,,-1.000000,1,,BSE,1.000000,0,False
810811,733KA40,733KA40,,-1.000000,1,,BSE,1.000000,0,False
810812,737KA38,737KA38,,-1.000000,1,,BSE,1.000000,0,False
810817,744KA35,744KA35,,-1.000000,1,,BSE,1.000000,0,False
810829,739TN52,739TN52,,-1.000000,1,,BSE,1.000000,0,False
978001,9IKFL29,9IKFL29,,-1.000000,1,,BSE,1.000000,0,False
978006,1025MHF29A,1025MHF29A,,-1.000000,1,,BSE,1.000000,0,False
978011,1190PFL28,1190PFL28,,-1.000000,1,,BSE,1.000000,0,False
978015,NWFL28726,NWFL28726,,-1.000000,1,,BSE,1.000000,0,False
810833,713TN30,713TN30,,-1.000000,1,,BSE,1.000000,0,False
810839,752AP38,752AP38,,-1.000000,1,,BSE,1.000000,0,False
810841,776AP32,776AP32,,-1.000000,1,,BSE,1.000000,0,False
810853,789MH32,789MH32,,-1.000000,1,,BSE,1.000000,0,False
978021,1025NBSP28,1025NBSP28,,-1.000000,1,,BSE,1.000000,0,False
978037,11MGFL2027,11MGFL2027,,-1.000000,1,,BSE,1.000000,0,False
978042,1181PHPL29,1181PHPL29,,-1.000000,1,,BSE,1.000000,0,False
978047,749RECL41,749RECL41,,-1.000000,1,,BSE,1.000000,0,False
810860,769KSDL27,769KSDL27,,-1.000000,1,,BSE,5.000000,0,False
810877,776KL38,776KL38,,-1.000000,1,,BSE,1.000000,0,False
810908,774KA37,774KA37,,-1.000000,1,,BSE,5.000000,0,False
810909,766KA42,766KA42,,-1.000000,1,,BSE,1.000000,0,False
978048,728RECL29,728RECL29,,-1.000000,1,,BSE,1.000000,0,False
978059,905MFL32,905MFL32,,-1.000000,1,,BSE,1.000000,0,False
978063,1015MHFC28,1015MHFC28,,-1.000000,1,,BSE,1.000000,0,False
978066,9175NWFL28,9175NWFL28,,-1.000000,1,,BSE,1.000000,0,False
810910,763KA37,763KA37,,-1.000000,1,,BSE,5.000000,0,False
810914,768KA34,768KA34,,-1.000000,1,,BSE,5.000000,0,False
810918,764KL34,764KL34,,-1.000000,1,,BSE,1.000000,0,False
810931,771GJ34,771GJ34,,-1.000000,1,,BSE,5.000000,0,False
810935,768GJ33,768GJ33,,-1.000000,1,,BSE,5.000000,0,False
810958,732MH32,732MH32,,-1.000000,1,,BSE,1.000000,0,False
810997,737KA38A,737KA38A,,-1.000000,1,,BSE,1.000000,0,False
811000,749TN34,749TN34,,-1.000000,1,,BSE,1.000000,0,False
811004,752RJ34,752RJ34,,-1.000000,1,,BSE,1.000000,0,False
811013,723GJSDL27,723GJSDL27,,-1.000000,1,,BSE,1.000000,0,False
811016,732RJSDL34,732RJSDL34,,-1.000000,1,,BSE,1.000000,0,False
811028,727MHSDL44,727MHSDL44,,-1.000000,1,,BSE,1.000000,0,False
811030,727MHSDL39,727MHSDL39,,-1.000000,1,,BSE,1.000000,0,False
811034,727APSDL36,727APSDL36,,-1.000000,1,,BSE,1.000000,0,False
811045,716TNSDL54,716TNSDL54,,-1.000000,1,,BSE,1.000000,0,False
811048,704GJSDL32,704GJSDL32,,-1.000000,1,,BSE,1.000000,0,False
811052,712GJSDL35,712GJSDL35,,-1.000000,1,,BSE,5.000000,0,False
811055,717MHSDL37,717MHSDL37,,-1.000000,1,,BSE,1.000000,0,False
811057,722KASDL32,722KASDL32,,-1.000000,1,,BSE,1.000000,0,False
811067,716MHSDL50,716MHSDL50,,-1.000000,1,,BSE,1.000000,0,False
811115,763MPSDL48,763MPSDL48,,-1.000000,1,,BSE,1.000000,0,False
811069,709TLSDL63,709TLSDL63,,-1.000000,1,,BSE,1.000000,0,False
811106,759ADSDL47,759ADSDL47,,-1.000000,1,,BSE,1.000000,0,False
811111,754KASDL37,754KASDL37,,-1.000000,1,,BSE,1.000000,0,False
811133,792BRSDL51,792BRSDL51,,-1.000000,1,,BSE,1.000000,0,False
811141,797TSDL43,797TSDL43,,-1.000000,1,,BSE,1.000000,0,False
929003,938GHMC28,938GHMC28,,-1.000000,1,,BSE,1.000000,0,False
929028,785PCMC30A,785PCMC30A,,-1.000000,1,,BSE,1.000000,0,False
978083,990KSL28,990KSL28,,-1.000000,1,,BSE,1.000000,0,False
978084,960NWFL32,960NWFL32,,-1.000000,1,,BSE,1.000000,0,False
978103,1287RST27,1287RST27,,-1.000000,1,,BSE,1.000000,0,False
978104,1040MFL34,1040MFL34,,-1.000000,1,,BSE,1.000000,0,False
935576,750IRFC35,750IRFC35,,-1.000000,1,,BSE,1.000000,0,False
935690,764NABAR31,764NABAR31,,-1.000000,1,,BSE,1.000000,0,False
936130,888ECL28,888ECL28,,-1.000000,1,,BSE,1.000000,0,False
936230,903SFL28,903SFL28,,-1.000000,1,,BSE,1.000000,0,False
978110,888LGS28,888LGS28,,-1.000000,1,,BSE,1.000000,0,False
978117,925CAGL29,925CAGL29,,-1.000000,1,,BSE,1.000000,0,False
978125,761PFCL36,761PFCL36,,-1.000000,1,,BSE,1.000000,0,False
978138,1025MHF29,1025MHF29,,-1.000000,1,,BSE,1.000000,0,False
936808,855TCAPS27,855TCAPS27,,-1.000000,1,,BSE,1.000000,0,False
936278,96SFIL24A,96SFIL24A,,-1.000000,1,,BSE,1.000000,0,False
936282,92SFIL28,92SFIL28,,-1.000000,1,,BSE,1.000000,0,False
936410,92MMFSL27,92MMFSL27,,-1.000000,1,,BSE,1.000000,0,False
937091,98NWFL30,98NWFL30,,-1.000000,1,,BSE,1.000000,0,False
937367,663PFCL31,663PFCL31,,-1.000000,1,,BSE,1.000000,0,False
937411,94MFL27,94MFL27,,-1.000000,1,,BSE,1.000000,0,False
937535,795IGT31,795IGT31,,-1.000000,1,,BSE,1.000000,0,False
937551,975MFCL28E,975MFCL28E,,-1.000000,1,,BSE,1.000000,0,False
937683,889SCL28,889SCL28,,-1.000000,1,,BSE,1.000000,0,False
937685,935SCL28,935SCL28,,-1.000000,1,,BSE,1.000000,0,False
937829,IIFLHFZC27,IIFLHFZC27,,-1.000000,1,,BSE,1.000000,0,False
938029,MFLVIII27H,MFLVIII27H,,-1.000000,1,,BSE,1.000000,0,False
937831,843IHFL29,843IHFL29,,-1.000000,1,,BSE,1.000000,0,False
937833,875IHFL29,875IHFL29,,-1.000000,1,,BSE,1.000000,0,False
937835,IIFLHF29,IIFLHF29,,-1.000000,1,,BSE,1.000000,0,False
938055,MML27,MML27,,-1.000000,1,,BSE,1.000000,0,False
938067,MFLII27,MFLII27,,-1.000000,1,,BSE,1.000000,0,False
938071,MFLIV27,MFLIV27,,-1.000000,1,,BSE,1.000000,0,False
938113,995NWIL32,995NWIL32,,-1.000000,1,,BSE,1.000000,0,False
938129,KFL29,KFL29,,-1.000000,1,,BSE,1.000000,0,False
938178,865SCL24B,865SCL24B,,-1.000000,1,,BSE,1.000000,0,False
938278,10CAGL27,10CAGL27,,-1.000000,1,,BSE,1.000000,0,False
938284,750MFL27,750MFL27,,-1.000000,1,,BSE,1.000000,0,False
938318,939SCL27,939SCL27,,-1.000000,1,,BSE,1.000000,0,False
938350,KFL27B,KFL27B,,-1.000000,1,,BSE,1.000000,0,False
938352,KFL30,KFL30,,-1.000000,1,,BSE,1.000000,0,False
938372,1045EFS33A,1045EFS33A,,-1.000000,1,,BSE,1.000000,0,False
938464,1075KLMA28,1075KLMA28,,-1.000000,1,,BSE,1.000000,0,False
938532,1045EFS33B,1045EFS33B,,-1.000000,1,,BSE,1.000000,0,False
938590,CIFCZC28A,CIFCZC28A,,-1.000000,1,,BSE,1.000000,0,False
938658,967EFS28,967EFS28,,-1.000000,1,,BSE,1.000000,0,False
938740,CAGL27,CAGL27,,-1.000000,1,,BSE,1.000000,0,False
938764,KAFL30,KAFL30,,-1.000000,1,,BSE,1.000000,0,False
938832,971SCL28C,971SCL28C,,-1.000000,1,,BSE,1.000000,0,False
938860,KFL26C,KFL26C,,-1.000000,1,,BSE,1.000000,0,False
938876,8MFLTD28,8MFLTD28,,-1.000000,1,,BSE,1.000000,0,False
938890,78ABCL33,78ABCL33,,-1.000000,1,,BSE,1.000000,0,False
938892,81ABCL33,81ABCL33,,-1.000000,1,,BSE,1.000000,0,False
938906,1010EFSL28,1010EFSL28,,-1.000000,1,,BSE,1.000000,0,False
938930,MFL28D,MFL28D,,-1.000000,1,,BSE,1.000000,0,False
938980,SCLZC26D,SCLZC26D,,-1.000000,1,,BSE,1.000000,0,False
939022,860CIFCL28,860CIFCL28,,-1.000000,1,,BSE,1.000000,0,False
939082,1025MML26,1025MML26,,-1.000000,1,,BSE,1.000000,0,False
939118,SCLZC26F,SCLZC26F,,-1.000000,1,,BSE,1.000000,0,False
939130,835SCL23A,835SCL23A,,-1.000000,1,,BSE,1.000000,0,False
939140,835SCL23B,835SCL23B,,-1.000000,1,,BSE,1.000000,0,False
939150,965ARKA28,965ARKA28,,-1.000000,1,,BSE,1.000000,0,False
939196,967EFSL29,967EFSL29,,-1.000000,1,,BSE,1.000000,0,False
939301,NIDO010327,NIDO010327,,-1.000000,1,,BSE,1.000000,0,False
939353,902SCL27,902SCL27,,-1.000000,1,,BSE,1.000000,0,False
939357,0SCL27,0SCL27,,-1.000000,1,,BSE,1.000000,0,False
939367,10SCL31,10SCL31,,-1.000000,1,,BSE,1.000000,0,False
939407,920EFSL27A,920EFSL27A,,-1.000000,1,,BSE,1.000000,0,False
939417,0KFL26,0KFL26,,-1.000000,1,,BSE,1.000000,0,False
939435,1010EFS29A,1010EFS29A,,-1.000000,1,,BSE,1.000000,0,False
939439,1045EFS34,1045EFS34,,-1.000000,1,,BSE,1.000000,0,False
939447,935MFCL29,935MFCL29,,-1.000000,1,,BSE,1.000000,0,False
939453,950MFCL27,950MFCL27,,-1.000000,1,,BSE,1.000000,0,False
939455,975MFCL29,975MFCL29,,-1.000000,1,,BSE,1.000000,0,False
939463,MFCL30424B,MFCL30424B,,-1.000000,1,,BSE,1.000000,0,False
939475,0MOFSL27,0MOFSL27,,-1.000000,1,,BSE,1.000000,0,False
939477,897MOFSL29,897MOFSL29,,-1.000000,1,,BSE,1.000000,0,False
939521,99SCL27,99SCL27,,-1.000000,1,,BSE,1.000000,0,False
939531,925SCL29A,925SCL29A,,-1.000000,1,,BSE,1.000000,0,False
939533,971SCL29A,971SCL29A,,-1.000000,1,,BSE,1.000000,0,False
939539,1003SCL31,1003SCL31,,-1.000000,1,,BSE,1.000000,0,False
939555,916ONE27,916ONE27,,-1.000000,1,,BSE,1.000000,0,False
939575,1003IIFL29,1003IIFL29,,-1.000000,1,,BSE,1.000000,0,False
939577,1050IIFL29,1050IIFL29,,-1.000000,1,,BSE,1.000000,0,False
939593,0NHFL29,0NHFL29,,-1.000000,1,,BSE,1.000000,0,False
939597,1075NHFL34,1075NHFL34,,-1.000000,1,,BSE,1.000000,0,False
939657,104SMCGS29,104SMCGS29,,-1.000000,1,,BSE,1.000000,0,False
939661,KFL070824C,KFL070824C,,-1.000000,1,,BSE,1.000000,0,False
939677,1050KAFL27,1050KAFL27,,-1.000000,1,,BSE,1.000000,0,False
939691,1125CCI27,1125CCI27,,-1.000000,1,,BSE,1.000000,0,False
939693,12CCI29,12CCI29,,-1.000000,1,,BSE,1.000000,0,False
939717,MML11924B,MML11924B,,-1.000000,1,,BSE,1.000000,0,False
939731,956AEL29,956AEL29,,-1.000000,1,,BSE,1.000000,0,False
939757,MFCL16924A,MFCL16924A,,-1.000000,1,,BSE,1.000000,0,False
939759,MFCL16924B,MFCL16924B,,-1.000000,1,,BSE,1.000000,0,False
939775,990SCL27B,990SCL27B,,-1.000000,1,,BSE,1.000000,0,False
939823,1003NHF29,1003NHF29,,-1.000000,1,,BSE,1.000000,0,False
939829,1049NHFL34,1049NHFL34,,-1.000000,1,,BSE,1.000000,0,False
939847,EFS241024A,EFS241024A,,-1.000000,1,,BSE,1.000000,0,False
939859,11EFSL34B,11EFSL34B,,-1.000000,1,,BSE,1.000000,0,False
939883,MFL301024B,MFL301024B,,-1.000000,1,,BSE,1.000000,0,False
939885,MFL301024C,MFL301024C,,-1.000000,1,,BSE,1.000000,0,False
939895,11IML2027,11IML2027,,-1.000000,1,,BSE,1.000000,0,False
939909,950MML27,950MML27,,-1.000000,1,,BSE,1.000000,0,False
939911,MML191124A,MML191124A,,-1.000000,1,,BSE,1.000000,0,False
939947,1025KLMA27,1025KLMA27,,-1.000000,1,,BSE,1.000000,0,False
939985,925IHFL29,925IHFL29,,-1.000000,1,,BSE,1.000000,0,False
940027,1075SCL34T,1075SCL34T,,-1.000000,1,,BSE,1.000000,0,False
940037,958NHFL28,958NHFL28,,-1.000000,1,,BSE,1.000000,0,False
940051,11NHFL35,11NHFL35,,-1.000000,1,,BSE,1.000000,0,False
940083,11CCIL27B,11CCIL27B,,-1.000000,1,,BSE,1.000000,0,False
940115,1049EFSL35,1049EFSL35,,-1.000000,1,,BSE,1.000000,0,False
940149,1075MML28,1075MML28,,-1.000000,1,,BSE,1.000000,0,False
940159,9MFLIV27,9MFLIV27,,-1.000000,1,,BSE,1.000000,0,False
940183,MFL24225C,MFL24225C,,-1.000000,1,,BSE,1.000000,0,False
940203,948SCL28,948SCL28,,-1.000000,1,,BSE,1.000000,0,False
940225,971SCL30A,971SCL30A,,-1.000000,1,,BSE,1.000000,0,False
940241,925SFL28C,925SFL28C,,-1.000000,1,,BSE,1.000000,0,False
940245,1003NHF30,1003NHF30,,-1.000000,1,,BSE,1.000000,0,False
940255,1049NHF35,1049NHF35,,-1.000000,1,,BSE,1.000000,0,False
940263,KFL150425,KFL150425,,-1.000000,1,,BSE,1.000000,0,False
940421,CCIL20625G,CCIL20625G,,-1.000000,1,,BSE,1.000000,0,False
940431,NHFL02725,NHFL02725,,-1.000000,1,,BSE,1.000000,0,False
940443,885MFCL27,885MFCL27,,-1.000000,1,,BSE,1.000000,0,False
940469,AEL17725,AEL17725,,-1.000000,1,,BSE,1.000000,0,False
940479,930AEL30,930AEL30,,-1.000000,1,,BSE,1.000000,0,False
940487,KFL240725A,KFL240725A,,-1.000000,1,,BSE,1.000000,0,False
940535,1050KAF28B,1050KAF28B,,-1.000000,1,,BSE,1.000000,0,False
940539,11KAFL30,11KAFL30,,-1.000000,1,,BSE,1.000000,0,False
940597,930SCL35,930SCL35,,-1.000000,1,,BSE,1.000000,0,False
940607,12IFL30,12IFL30,,-1.000000,1,,BSE,1.000000,0,False
940611,IFL200825A,IFL200825A,,-1.000000,1,,BSE,1.000000,0,False
940633,SFL290825F,SFL290825F,,-1.000000,1,,BSE,1.000000,0,False
940641,1025MML30,1025MML30,,-1.000000,1,,BSE,1.000000,0,False
940643,105MML30,105MML30,,-1.000000,1,,BSE,1.000000,0,False
940653,NHFL100925,NHFL100925,,-1.000000,1,,BSE,1.000000,0,False
940667,EFSL71025,EFSL71025,,-1.000000,1,,BSE,1.000000,0,False
940671,950EFSL28,950EFSL28,,-1.000000,1,,BSE,1.000000,0,False
940691,89CGCL27,89CGCL27,,-1.000000,1,,BSE,1.000000,0,False
940697,945CGCL30,945CGCL30,,-1.000000,1,,BSE,1.000000,0,False
940735,975KFL29,975KFL29,,-1.000000,1,,BSE,1.000000,0,False
940801,KAFL161225,KAFL161225,,-1.000000,1,,BSE,1.000000,0,False
940817,KAF161225A,KAF161225A,,-1.000000,1,,BSE,1.000000,0,False
940833,1075MML30,1075MML30,,-1.000000,1,,BSE,1.000000,0,False
940837,125PCL28,125PCL28,,-1.000000,1,,BSE,1.000000,0,False
940855,890AEL31,890AEL31,,-1.000000,1,,BSE,1.000000,0,False
940866,87MFL28,87MFL28,,-1.000000,1,,BSE,1.000000,0,False
940892,KFL20226B,KFL20226B,,-1.000000,1,,BSE,1.000000,0,False
940915,ICL230226,ICL230226,,-1.000000,1,,BSE,1.000000,0,False
940929,805NMC35,805NMC35,,-1.000000,1,,BSE,1.000000,0,False
940983,960EFSL31,960EFSL31,,-1.000000,1,,BSE,1.000000,0,False
940997,875MFL32A,875MFL32A,,-1.000000,1,,BSE,1.000000,0,False
940987,958EFSL36,958EFSL36,,-1.000000,1,,BSE,1.000000,0,False
940993,852MFL29A,852MFL29A,,-1.000000,1,,BSE,1.000000,0,False
941009,MFL250326A,MFL250326A,,-1.000000,1,,BSE,1.000000,0,False
941029,1075ICL28,1075ICL28,,-1.000000,1,,BSE,1.000000,0,False
941035,9CGCL028,9CGCL028,,-1.000000,1,,BSE,1.000000,0,False
941069,MFL12526B,MFL12526B,,-1.000000,1,,BSE,1.000000,0,False
941075,925KFL29,925KFL29,,-1.000000,1,,BSE,1.000000,0,False
941079,10KFL2029,10KFL2029,,-1.000000,1,,BSE,1.000000,0,False
941115,EFSL160626B,EFSL160626B,,-1.000000,1,,BSE,1.000000,0,False
941123,1250PCL30,1250PCL30,,-1.000000,1,,BSE,1.000000,0,False
941129,865MFL2029,865MFL2029,,-1.000000,1,,BSE,1.000000,0,False
941145,MFL70726,MFL70726,,-1.000000,1,,BSE,1.000000,0,False
941149,MFL70726B,MFL70726B,,-1.000000,1,,BSE,1.000000,0,False
941153,108CCIL28A,108CCIL28A,,-1.000000,1,,BSE,1.000000,0,False
941167,915PDL28,915PDL28,,-1.000000,1,,BSE,1.000000,0,False
941191,IML24826C,IML24826C,,-1.000000,1,,BSE,1.000000,0,False
941203,ICLFL25826,ICLFL25826,,-1.000000,1,,BSE,1.000000,0,False
941219,925KFL029,925KFL029,,-1.000000,1,,BSE,1.000000,0,False
949395,205NLBD25,205NLBD25,,-1.000000,1,,BSE,1.000000,0,False
949563,854REC2028,854REC2028,,-1.000000,1,,BSE,1.000000,0,False
950208,1063IOT28F,1063IOT28F,,-1.000000,10,,BSE,1.000000,0,False
951678,820PGCIL30,820PGCIL30,,-1.000000,1,,BSE,1.000000,0,False
953063,93ELR26V,93ELR26V,,-1.000000,1,,BSE,1.000000,0,False
953064,93ELR27W,93ELR27W,,-1.000000,1,,BSE,1.000000,0,False
953148,138JSFBL27,138JSFBL27,,-1.000000,1,,BSE,1.000000,0,False
954041,810NTPC31,810NTPC31,,-1.000000,1,,BSE,1.000000,0,False
954588,865LTF31,865LTF31,,-1.000000,1,,BSE,1.000000,0,False
954722,813PGCIL27,813PGCIL27,,-1.000000,1,,BSE,1.000000,0,False
954731,797PGCIL31,797PGCIL31,,-1.000000,1,,BSE,1.000000,0,False
955294,790SPTL26,790SPTL26,,-1.000000,1,,BSE,1.000000,0,False
955329,805BFL26A,805BFL26A,,-1.000000,1,,BSE,1.000000,0,False
955389,824IIL26A,824IIL26A,,-1.000000,1,,BSE,1.000000,0,False
955484,754REC26,754REC26,,-1.000000,1,,BSE,1.000000,0,False
955498,73NABARD31,73NABARD31,,-1.000000,1,,BSE,1.000000,0,False
955522,810IIL26,810IIL26,,-1.000000,1,,BSE,1.000000,0,False
955561,723PFCL27,723PFCL27,,-1.000000,1,,BSE,1.000000,0,False
955603,734NABAR32,734NABAR32,,-1.000000,1,,BSE,1.000000,0,False
955610,718PFCL27,718PFCL27,,-1.000000,1,,BSE,1.000000,0,False
955693,115PFLPER,115PFLPER,,-1.000000,1,,BSE,1.000000,0,False
955858,785IREDA27,785IREDA27,,-1.000000,1,,BSE,1.000000,0,False
955942,771NABAR32,771NABAR32,,-1.000000,1,,BSE,1.000000,0,False
956046,830MRHFL27,830MRHFL27,,-1.000000,1,,BSE,1.000000,0,False
956092,835NICL27,835NICL27,,-1.000000,1,,BSE,1.000000,0,False
956136,812IREDA27,812IREDA27,,-1.000000,1,,BSE,1.000000,0,False
956836,2EARC27E,2EARC27E,,-1.000000,1,,BSE,1.000000,0,False
956905,735NHPC27,735NHPC27,,-1.000000,1,,BSE,1.000000,0,False
956939,748NABAR32,748NABAR32,,-1.000000,1,,BSE,1.000000,0,False
957109,765APSEZ27,765APSEZ27,,-1.000000,1,,BSE,1.000000,0,False
957134,84MBEL29,84MBEL29,,-1.000000,1,,BSE,1.000000,0,False
957225,762PFCL27,762PFCL27,,-1.000000,1,,BSE,1.000000,0,False
957232,925ERCS27,925ERCS27,,-1.000000,1,,BSE,1.000000,0,False
957280,88IFSLPER,88IFSLPER,,-1.000000,1,,BSE,1.000000,0,False
957656,873YES28,873YES28,,-1.000000,1,,BSE,1.000000,0,False
957764,865ILFS28A,865ILFS28A,,-1.000000,1000,,BSE,1.000000,0,False
957905,890IFSL28,890IFSL28,,-1.000000,1000,,BSE,1.000000,0,False
958047,915ILFSL28,915ILFSL28,,-1.000000,1,,BSE,1.000000,0,False
958191,863REC28,863REC28,,-1.000000,1,,BSE,1.000000,0,False
958257,915HFSLPER,915HFSLPER,,-1.000000,1,,BSE,1.000000,0,False
958522,83NTPCL29,83NTPCL29,,-1.000000,1,,BSE,1.000000,0,False
958612,9855IRT4A2,9855IRT4A2,,-1.000000,1,,BSE,1.000000,0,False
958614,92171LTH34,92171LTH34,,-1.000000,1,,BSE,1.000000,0,False
958668,1028NIDO29,1028NIDO29,,-1.000000,1,,BSE,1.000000,0,False
958680,8179NHAI49,8179NHAI49,,-1.000000,1,,BSE,1.000000,0,False
958788,1088CIFPER,1088CIFPER,,-1.000000,2,,BSE,1.000000,0,False
958807,792NHAI29,792NHAI29,,-1.000000,1,,BSE,1.000000,0,False
958811,894ABHF29,894ABHF29,,-1.000000,1,,BSE,1.000000,0,False
958831,1164MECL29,1164MECL29,,-1.000000,1,,BSE,1.000000,0,False
958834,885HFSL29,885HFSL29,,-1.000000,1,,BSE,1.000000,0,False
958842,FELXXVIB27,FELXXVIB27,,-1.000000,1,,BSE,1.000000,0,False
958846,830REC29,830REC29,,-1.000000,1,,BSE,1.000000,0,False
958887,975JFCSL29,975JFCSL29,,-1.000000,1,,BSE,1.000000,0,False
958897,734PGCIL34,734PGCIL34,,-1.000000,1,,BSE,1.000000,0,False
958995,842LTF29,842LTF29,,-1.000000,1,,BSE,1.000000,0,False
959078,75NABARD34,75NABARD34,,-1.000000,1,,BSE,1.000000,0,False
959208,815ABCL30,815ABCL30,,-1.000000,1,,BSE,1.000000,0,False
959087,87HFSLPERP,87HFSLPERP,,-1.000000,1,,BSE,1.000000,0,False
959122,14SHFL2026,14SHFL2026,,-1.000000,1,,BSE,1.000000,0,False
959191,738NHPC27,738NHPC27,,-1.000000,5,,BSE,1.000000,0,False
959230,EARCL31120,EARCL31120,,-1.000000,10,,BSE,1.000000,0,False
959354,703HPCL30,703HPCL30,,-1.000000,1,,BSE,1.000000,0,False
959379,689NHPCL27,689NHPCL27,,-1.000000,5,,BSE,1.000000,0,False
959386,825REC30,825REC30,,-1.000000,1,,BSE,1.000000,0,False
959398,782NHAI35,782NHAI35,,-1.000000,1,,BSE,1.000000,0,False
959431,735NHAI30,735NHAI30,,-1.000000,1,,BSE,1.000000,0,False
959484,774IREDA30,774IREDA30,,-1.000000,1,,BSE,1.000000,0,False
959489,779REC30,779REC30,,-1.000000,1,,BSE,1.000000,0,False
959566,69IRFC35,69IRFC35,,-1.000000,1,,BSE,1.000000,0,False
959581,725HDFCB30,725HDFCB30,,-1.000000,1,,BSE,1.000000,0,False
959831,65NHAI31,65NHAI31,,-1.000000,1,,BSE,1.000000,0,False
959839,645NABAR31,645NABAR31,,-1.000000,1,,BSE,1.000000,0,False
959863,757ABC35,757ABC35,,-1.000000,1,,BSE,1.000000,0,False
959894,705PFC30,705PFC30,,-1.000000,1,,BSE,1.000000,0,False
959942,725BFL30,725BFL30,,-1.000000,1,,BSE,1.000000,0,False
960150,81LTF32,81LTF32,,-1.000000,5,,BSE,1.000000,0,False
960338,96TCAPPERP,96TCAPPERP,,-1.000000,1,,BSE,1.000000,0,False
960353,692BFL30,692BFL30,,-1.000000,1,,BSE,1.000000,0,False
960424,955TCAPPER,955TCAPPER,,-1.000000,1,,BSE,1.000000,0,False
960426,745THDC31,745THDC31,,-1.000000,1,,BSE,1.000000,0,False
960431,643NTPC31,643NTPC31,,-1.000000,1,,BSE,1.000000,0,False
960436,857MFL28,857MFL28,,-1.000000,1,,BSE,1.000000,0,False
960469,875JFP31,875JFP31,,-1.000000,1,,BSE,1.000000,0,False
960477,745AFL31,745AFL31,,-1.000000,1,,BSE,1.000000,0,False
961718,PFCBT1S4,PFCBT1S4,,-1.000000,1,,BSE,1.000000,0,False
961751,736PFCL28,736PFCL28,,-1.000000,1,,BSE,1.000000,0,False
961776,846REC28,846REC28,,-1.000000,1,,BSE,1.000000,0,False
961785,876HUDCO28,876HUDCO28,,-1.000000,1,,BSE,1.000000,0,False
961796,863IIFCL28,863IIFCL28,,-1.000000,1,,BSE,1.000000,0,False
961810,891NTPC33,891NTPC33,,-1.000000,1,,BSE,1.000000,0,False
961813,876HUDCO34,876HUDCO34,,-1.000000,1,,BSE,1.000000,0,False
961821,873IIFC29D,873IIFC29D,,-1.000000,1,,BSE,1.000000,0,False
961902,728NTPC30B,728NTPC30B,,-1.000000,1,,BSE,1.000000,0,False
972691,1075IFC26,1075IFC26,,-1.000000,10,,BSE,1.000000,0,False
972773,990IFCI37D,990IFCI37D,,-1.000000,4,,BSE,1.000000,0,False
972791,739IRFC27B,739IRFC27B,,-1.000000,1,,BSE,1.000000,0,False
972857,848NHAI28,848NHAI28,,-1.000000,1,,BSE,1.000000,0,False
973007,925SFL30A,925SFL30A,,-1.000000,1,,BSE,1.000000,0,False
973047,765BOB31,765BOB31,,-1.000000,1,,BSE,1.000000,0,False
973079,8BOM31A,8BOM31A,,-1.000000,10,,BSE,1.000000,0,False
973098,65REC31,65REC31,,-1.000000,1,,BSE,1.000000,0,False
973153,975HLFL28,975HLFL28,,-1.000000,1,,BSE,1.000000,0,False
973269,732IGT31,732IGT31,,-1.000000,1,,BSE,1.000000,0,False
973340,875SFL31,875SFL31,,-1.000000,1,,BSE,1.000000,0,False
973408,715PFC36,715PFC36,,-1.000000,1,,BSE,1.000000,0,False
973489,644HDFC28,644HDFC28,,-1.000000,1,,BSE,1.000000,0,False
973520,71ABCL31,71ABCL31,,-1.000000,1,,BSE,1.000000,0,False
973524,675IIL27,675IIL27,,-1.000000,1,,BSE,1.000000,0,False
973540,772SBIPER,772SBIPER,,-1.000000,1,,BSE,1.000000,0,False
973627,743ABCL31,743ABCL31,,-1.000000,1,,BSE,1.000000,0,False
973715,1130UCL28,1130UCL28,,-1.000000,1,,BSE,1.000000,0,False
973748,750CFSL32,750CFSL32,,-1.000000,1,,BSE,1.000000,0,False
973758,775PDPL31,775PDPL31,,-1.000000,1,,BSE,1.000000,0,False
973811,715IIL27,715IIL27,,-1.000000,1,,BSE,1.000000,0,False
973823,856SFL32,856SFL32,,-1.000000,1,,BSE,1.000000,0,False
973863,625AFL27,625AFL27,,-1.000000,1,,BSE,1.000000,0,False
973881,97UPPCL31,97UPPCL31,,-1.000000,1,,BSE,1.000000,0,False
973945,770BHFL27,770BHFL27,,-1.000000,1,,BSE,1.000000,0,False
973975,770BFL27,770BFL27,,-1.000000,1,,BSE,1.000000,0,False
973987,962APSB32,962APSB32,,-1.000000,1,,BSE,1.000000,0,False
974002,781HPCL32,781HPCL32,,-1.000000,1,,BSE,1.000000,0,False
974052,970SFIL32,970SFIL32,,-1.000000,1,,BSE,1.000000,0,False
974107,739BOB29,739BOB29,,-1.000000,1,,BSE,1.000000,0,False
974109,1224AIHF27,1224AIHF27,,-1.000000,1,,BSE,1.000000,0,False
974124,1025ARKA28,1025ARKA28,,-1.000000,1,,BSE,1.000000,0,False
974136,8GRIL29,8GRIL29,,-1.000000,1,,BSE,1.000000,0,False
974166,874BOMPERP,874BOMPERP,,-1.000000,1,,BSE,1.000000,0,False
974215,865SYTL27,865SYTL27,,-1.000000,1,,BSE,1.000000,0,False
974276,1325IBP26A,1325IBP26A,,-1.000000,1,,BSE,1.000000,0,False
974297,807HDFCB32,807HDFCB32,,-1.000000,1,,BSE,1.000000,0,False
974386,1125AML28A,1125AML28A,,-1.000000,1,,BSE,1.000000,0,False
974431,784HDFC32,784HDFC32,,-1.000000,1,,BSE,1.000000,0,False
974448,962APSB28A,962APSB28A,,-1.000000,1,,BSE,1.000000,0,False
974449,962APSB29A,962APSB29A,,-1.000000,1,,BSE,1.000000,0,False
974455,787IIL27,787IIL27,,-1.000000,1,,BSE,1.000000,0,False
974464,874BOMPER,874BOMPER,,-1.000000,1,,BSE,1.000000,0,False
974512,9INDIGM25,9INDIGM25,,-1.000000,1,,BSE,1.000000,0,False
974600,759NHPCL34,759NHPCL34,,-1.000000,1,,BSE,1.000000,0,False
974605,759NHPCL29,759NHPCL29,,-1.000000,1,,BSE,1.000000,0,False
974609,815HEGI33A,815HEGI33A,,-1.000000,1,,BSE,1.000000,0,False
974617,78MTNL33,78MTNL33,,-1.000000,1,,BSE,1.000000,0,False
974633,805KMPL28,805KMPL28,,-1.000000,1,,BSE,1.000000,0,False
974659,782PFCL33,782PFCL33,,-1.000000,1,,BSE,1.000000,0,False
974673,865MFL27,865MFL27,,-1.000000,1,,BSE,1.000000,0,False
974727,825MMFS28A,825MMFS28A,,-1.000000,1,,BSE,1.000000,0,False
974740,935DBL33,935DBL33,,-1.000000,1,,BSE,1.000000,0,False
974771,KPDLZC33,KPDLZC33,,-1.000000,1,,BSE,1.000000,0,False
974798,8MMFS27,8MMFS27,,-1.000000,1,,BSE,1.000000,0,False
974878,880THFL26,880THFL26,,-1.000000,1,,BSE,1.000000,0,False
974903,975HHFL30,975HHFL30,,-1.000000,1,,BSE,1.000000,0,False
974916,748PFCL38,748PFCL38,,-1.000000,1,,BSE,1.000000,0,False
974924,755KMBL30,755KMBL30,,-1.000000,1,,BSE,1.000000,0,False
974927,FFSL27,FFSL27,,-1.000000,1,,BSE,1.000000,0,False
974933,795IIL28A,795IIL28A,,-1.000000,1,,BSE,1.000000,0,False
974951,825GPL28,825GPL28,,-1.000000,1,,BSE,1.000000,0,False
974953,849KIIFB27,849KIIFB27,,-1.000000,1,,BSE,1.000000,0,False
974976,797ABCL28,797ABCL28,,-1.000000,1,,BSE,1.000000,0,False
975018,875STJII28,875STJII28,,-1.000000,1,,BSE,1.000000,0,False
975023,17ENGDPL29,17ENGDPL29,,-1.000000,1,,BSE,1.000000,0,False
975041,945HLFL33,945HLFL33,,-1.000000,1,,BSE,1.000000,0,False
975054,88CBI33,88CBI33,,-1.000000,1,,BSE,1.000000,0,False
975080,753IIFCL38,753IIFCL38,,-1.000000,1,,BSE,1.000000,0,False
975111,804KMIL26,804KMIL26,,-1.000000,1,,BSE,1.000000,0,False
975113,945WL29,945WL29,,-1.000000,1,,BSE,1.000000,0,False
975136,875STSIX28,875STSIX28,,-1.000000,1,,BSE,1.000000,0,False
975158,8BFL28,8BFL28,,-1.000000,1,,BSE,1.000000,0,False
975208,810AFL28,810AFL28,,-1.000000,1,,BSE,1.000000,0,False
975219,771REC33A,771REC33A,,-1.000000,1,,BSE,1.000000,0,False
975231,940HLFL31,940HLFL31,,-1.000000,1,,BSE,1.000000,0,False
975251,995PDL33,995PDL33,,-1.000000,1,,BSE,1.000000,0,False
975253,880HLFL26,880HLFL26,,-1.000000,1,,BSE,1.000000,0,False
975254,DSRPLZC26,DSRPLZC26,,-1.000000,1,,BSE,1.000000,0,False
975297,995VT29,995VT29,,-1.000000,1,,BSE,1.000000,0,False
975313,870APSEZ29,870APSEZ29,,-1.000000,1,,BSE,1.000000,0,False
975316,820KIDF30,820KIDF30,,-1.000000,1,,BSE,1.000000,0,False
975343,833SBICS34,833SBICS34,,-1.000000,1,,BSE,1.000000,0,False
975364,885HHFL27,885HHFL27,,-1.000000,1,,BSE,1.000000,0,False
975365,885HHFL27A,885HHFL27A,,-1.000000,1,,BSE,1.000000,0,False
975376,780BHFL34,780BHFL34,,-1.000000,1,,BSE,1.000000,0,False
975382,788PFCPERP,788PFCPERP,,-1.000000,1,,BSE,1.000000,0,False
975410,814AFL29,814AFL29,,-1.000000,1,,BSE,1.000000,0,False
975453,1005MFL29B,1005MFL29B,,-1.000000,1,,BSE,1.000000,0,False
975456,755DDL39,755DDL39,,-1.000000,1,,BSE,1.000000,0,False
975476,764ABL34,764ABL34,,-1.000000,1,,BSE,1.000000,0,False
975479,825SCCL29,825SCCL29,,-1.000000,1,,BSE,1.000000,0,False
975481,ICFSL7324,ICFSL7324,,-1.000000,1,,BSE,1.000000,0,False
975486,980DFPL27,980DFPL27,,-1.000000,1,,BSE,1.000000,0,False
975488,889KFC31,889KFC31,,-1.000000,1,,BSE,1.000000,0,False
975497,780TRCL29,780TRCL29,,-1.000000,1,,BSE,1.000000,0,False
975505,805KMPL29,805KMPL29,,-1.000000,1,,BSE,1.000000,0,False
975507,757IREDL29,757IREDL29,,-1.000000,1,,BSE,1.000000,0,False
975510,975TCPL27,975TCPL27,,-1.000000,1,,BSE,1.000000,0,False
975513,10MCSL27,10MCSL27,,-1.000000,1,,BSE,1.000000,0,False
975537,793MBPR27,793MBPR27,,-1.000000,1,,BSE,1.000000,0,False
975548,779TSL27,779TSL27,,-1.000000,1,,BSE,1.000000,0,False
975570,965NACL27,965NACL27,,-1.000000,1,,BSE,1.000000,0,False
975576,825AHFL29,825AHFL29,,-1.000000,1,,BSE,1.000000,0,False
975617,1225AFI27,1225AFI27,,-1.000000,1,,BSE,1.000000,0,False
975633,807IHFC27,807IHFC27,,-1.000000,1,,BSE,1.000000,0,False
975634,813KMPL27,813KMPL27,,-1.000000,1,,BSE,1.000000,0,False
975659,995AHL29,995AHL29,,-1.000000,1,,BSE,1.000000,0,False
975662,10MCSL27A,10MCSL27A,,-1.000000,1,,BSE,1.000000,0,False
975673,NAOMI29,NAOMI29,,-1.000000,1,,BSE,1.000000,0,False
975684,11HFL29,11HFL29,,-1.000000,1,,BSE,1.000000,0,False
975687,1275DKGF27,1275DKGF27,,-1.000000,1,,BSE,1.000000,0,False
975688,DKGF240527,DKGF240527,,-1.000000,1,,BSE,1.000000,0,False
975712,1150CTM26,1150CTM26,,-1.000000,100000,,BSE,1.000000,0,False
975716,867AFLPER,867AFLPER,,-1.000000,1,,BSE,1.000000,0,False
975773,0ICLFL27A,0ICLFL27A,,-1.000000,1,,BSE,1.000000,0,False
975776,736SBOI39,736SBOI39,,-1.000000,1,,BSE,1.000000,0,False
975802,1050SCNL27,1050SCNL27,,-1.000000,1,,BSE,1.000000,0,False
975813,820ABSLI34,820ABSLI34,,-1.000000,1,,BSE,1.000000,0,False
975833,9CIFCL31,9CIFCL31,,-1.000000,1,,BSE,1.000000,0,False
975844,923CFSL27,923CFSL27,,-1.000000,1,,BSE,1.000000,0,False
975847,739IREDA39,739IREDA39,,-1.000000,1,,BSE,1.000000,0,False
975856,840GPL28,840GPL28,,-1.000000,1,,BSE,1.000000,0,False
975870,739IIFCL39,739IIFCL39,,-1.000000,1,,BSE,1.000000,0,False
975899,805AFL28,805AFL28,,-1.000000,1,,BSE,1.000000,0,False
975920,795IHFCL27,795IHFCL27,,-1.000000,1,,BSE,1.000000,0,False
975922,9JMFHL27,9JMFHL27,,-1.000000,1,,BSE,1.000000,0,False
975967,835ABREL27,835ABREL27,,-1.000000,1,,BSE,1.000000,0,False
975973,1206FCL27A,1206FCL27A,,-1.000000,1,,BSE,1.000000,0,False
976033,727PFCL31,727PFCL31,,-1.000000,1,,BSE,1.000000,0,False
976041,80232KDF30,80232KDF30,,-1.000000,1,,BSE,1.000000,0,False
976042,796EOPRT27,796EOPRT27,,-1.000000,1,,BSE,1.000000,0,False
976047,0ECAPEL28,0ECAPEL28,,-1.000000,1,,BSE,1.000000,0,False
976057,95SHDF27,95SHDF27,,-1.000000,1,,BSE,1.000000,0,False
976066,0RL34,0RL34,,-1.000000,1,,BSE,1.000000,0,False
976074,11IFSPL27,11IFSPL27,,-1.000000,1,,BSE,1.000000,0,False
976084,949KIIFB28,949KIIFB28,,-1.000000,1,,BSE,1.000000,0,False
976091,78BFL27,78BFL27,,-1.000000,1,,BSE,1.000000,0,False
976116,975SCL29A,975SCL29A,,-1.000000,1,,BSE,1.000000,0,False
976121,94AFSL27A,94AFSL27A,,-1.000000,1,,BSE,1.000000,0,False
976146,99MCSL26,99MCSL26,,-1.000000,1,,BSE,1.000000,0,False
976164,95NWFL26,95NWFL26,,-1.000000,1,,BSE,1.000000,0,False
976169,715IRFC39,715IRFC39,,-1.000000,1,,BSE,1.000000,0,False
976177,723SBI39,723SBI39,,-1.000000,1,,BSE,1.000000,0,False
976211,117NCPL26,117NCPL26,,-1.000000,1,,BSE,1.000000,0,False
976213,1040MCSL26,1040MCSL26,,-1.000000,1,,BSE,1.000000,0,False
976215,1331PA11T28,1331PA11T28,,-1.000000,1,,BSE,1.000000,0,False
976218,96ESFBL30,96ESFBL30,,-1.000000,1,,BSE,1.000000,0,False
976228,1045MFL33,1045MFL33,,-1.000000,1,,BSE,1.000000,0,False
976245,880HLFL29,880HLFL29,,-1.000000,1,,BSE,1.000000,0,False
976253,721GIL34,721GIL34,,-1.000000,1,,BSE,1.000000,0,False
976269,1125AFPL29,1125AFPL29,,-1.000000,1,,BSE,1.000000,0,False
976279,12FFSL27,12FFSL27,,-1.000000,1,,BSE,1.000000,0,False
976281,715IRFC34,715IRFC34,,-1.000000,1,,BSE,1.000000,0,False
976285,841AFLPER,841AFLPER,,-1.000000,1,,BSE,1.000000,0,False
976289,942KIIFB29,942KIIFB29,,-1.000000,1,,BSE,1.000000,0,False
976294,942KIIFB32,942KIIFB32,,-1.000000,1,,BSE,1.000000,0,False
976295,875AVHF29,875AVHF29,,-1.000000,1,,BSE,1.000000,0,False
976303,10KFL26,10KFL26,,-1.000000,1,,BSE,1.000000,0,False
976326,720RECL35,720RECL35,,-1.000000,1,,BSE,1.000000,0,False
976340,78537ABH30,78537ABH30,,-1.000000,1,,BSE,1.000000,0,False
976349,1030HFL26,1030HFL26,,-1.000000,1,,BSE,1.000000,0,False
976373,0NHIT34,0NHIT34,,-1.000000,1,,BSE,1.000000,0,False
976383,9SFL30A,9SFL30A,,-1.000000,1,,BSE,1.000000,0,False
976401,960MFSL27,960MFSL27,,-1.000000,1,,BSE,1.000000,0,False
976410,95HHFLPER,95HHFLPER,,-1.000000,1,,BSE,1.000000,0,False
976414,1081BHG28,1081BHG28,,-1.000000,1,,BSE,1.000000,0,False
976420,9OPL28,9OPL28,,-1.000000,1,,BSE,1.000000,0,False
976425,738PFC32,738PFC32,,-1.000000,1,,BSE,1.000000,0,False
976454,830MMFSL35,830MMFSL35,,-1.000000,1,,BSE,1.000000,0,False
976462,744PFCL30,744PFCL30,,-1.000000,1,,BSE,1.000000,0,False
976466,1255MFL27,1255MFL27,,-1.000000,1,,BSE,1.000000,0,False
976469,88JEL30,88JEL30,,-1.000000,1,,BSE,1.000000,0,False
976488,790ABHFL28,790ABHFL28,,-1.000000,1,,BSE,1.000000,0,False
976492,1175MBFL27,1175MBFL27,,-1.000000,1,,BSE,1.000000,0,False
976527,10CJDPL28A,10CJDPL28A,,-1.000000,1,,BSE,1.000000,0,False
976547,1135MFL26,1135MFL26,,-1.000000,1,,BSE,1.000000,0,False
976561,1002EIAL28,1002EIAL28,,-1.000000,1,,BSE,1.000000,0,False
976568,1135VFPL27,1135VFPL27,,-1.000000,1,,BSE,1.000000,0,False
976580,920AUSFB35,920AUSFB35,,-1.000000,1,,BSE,1.000000,0,False
976594,1050IFSP28,1050IFSP28,,-1.000000,1,,BSE,1.000000,0,False
976605,703NBFID30,703NBFID30,,-1.000000,1,,BSE,1.000000,0,False
976610,75BHFL35,75BHFL35,,-1.000000,1,,BSE,1.000000,0,False
976611,702RECL40,702RECL40,,-1.000000,1,,BSE,1.000000,0,False
976617,87SFL28,87SFL28,,-1.000000,1,,BSE,1.000000,0,False
976629,690HUDCO32,690HUDCO32,,-1.000000,1,,BSE,1.000000,0,False
976634,755HFSL29,755HFSL29,,-1.000000,1,,BSE,1.000000,0,False
976638,678IRFC30,678IRFC30,,-1.000000,1,,BSE,1.000000,0,False
976653,1130KFL27A,1130KFL27A,,-1.000000,1,,BSE,1.000000,0,False
976664,7IREDAL30,7IREDAL30,,-1.000000,1,,BSE,1.000000,0,False
976679,840HLFL27,840HLFL27,,-1.000000,1,,BSE,1.000000,0,False
976686,911LGS927,911LGS927,,-1.000000,1,,BSE,1.000000,0,False
976705,965KFIL28,965KFIL28,,-1.000000,1,,BSE,1.000000,0,False
976721,738ABCL28,738ABCL28,,-1.000000,1,,BSE,1.000000,0,False
976724,741HDBFS28,741HDBFS28,,-1.000000,1,,BSE,1.000000,0,False
976733,95IFSL027,95IFSL027,,-1.000000,1,,BSE,1.000000,0,False
976763,JBVL50625,JBVL50625,,-1.000000,1,,BSE,1.000000,0,False
976780,670RECL29,670RECL29,,-1.000000,1,,BSE,1.000000,0,False
976789,970AXFPL28,970AXFPL28,,-1.000000,1,,BSE,1.000000,0,False
976790,758PFL28,758PFL28,,-1.000000,1,,BSE,1.000000,0,False
976803,915PFL27,915PFL27,,-1.000000,1,,BSE,1.000000,0,False
976804,925PFL30,925PFL30,,-1.000000,1,,BSE,1.000000,0,False
976821,945SCL29,945SCL29,,-1.000000,1,,BSE,1.000000,0,False
976822,11AFL29,11AFL29,,-1.000000,1,,BSE,1.000000,0,False
976831,1140KFL28,1140KFL28,,-1.000000,1,,BSE,1.000000,0,False
976832,965VCL27,965VCL27,,-1.000000,1,,BSE,1.000000,0,False
976880,865LGS1227,865LGS1227,,-1.000000,1,,BSE,1.000000,0,False
976885,LGS300625,LGS300625,,-1.000000,1,,BSE,1.000000,0,False
976886,8EPPL45,8EPPL45,,-1.000000,1,,BSE,1.000000,0,False
976894,915AKCF28,915AKCF28,,-1.000000,1,,BSE,1.000000,0,False
976903,842LGS1327,842LGS1327,,-1.000000,1,,BSE,1.000000,0,False
976906,7AHL45,7AHL45,,-1.000000,1,,BSE,1.000000,0,False
976912,705KMPL28,705KMPL28,,-1.000000,1,,BSE,1.000000,0,False
976935,1120ESP27A,1120ESP27A,,-1.000000,1,,BSE,1.000000,0,False
976938,858KFC34,858KFC34,,-1.000000,1,,BSE,1.000000,0,False
976950,89AFSL27,89AFSL27,,-1.000000,1,,BSE,1.000000,0,False
976961,925VFIP28A,925VFIP28A,,-1.000000,1,,BSE,1.000000,0,False
976966,705SCPSL28,705SCPSL28,,-1.000000,1,,BSE,1.000000,0,False
976976,1070ESPL27,1070ESPL27,,-1.000000,1,,BSE,1.000000,0,False
976993,12AFIL27E,12AFIL27E,,-1.000000,1,,BSE,1.000000,0,False
977001,1062KFLD28,1062KFLD28,,-1.000000,1,,BSE,1.000000,0,False
977009,967KIIFB32,967KIIFB32,,-1.000000,1,,BSE,1.000000,0,False
977027,5GMRAL28A,5GMRAL28A,,-1.000000,1,,BSE,1.000000,0,False
977029,1140KFL27A,1140KFL27A,,-1.000000,1,,BSE,1.000000,0,False
977036,693CHT29,693CHT29,,-1.000000,1,,BSE,1.000000,0,False
977041,725KMPL30,725KMPL30,,-1.000000,1,,BSE,1.000000,0,False
977060,760IIL37,760IIL37,,-1.000000,1,,BSE,1.000000,0,False
977066,87AML28,87AML28,,-1.000000,1,,BSE,1.000000,0,False
977078,1150MA2528,1150MA2528,,-1.000000,1,,BSE,1.000000,0,False
977085,RRDIAL40,RRDIAL40,,-1.000000,1,,BSE,1.000000,0,False
977094,1120KSL27,1120KSL27,,-1.000000,1,,BSE,1.000000,0,False
977097,10PDL28,10PDL28,,-1.000000,1,,BSE,1.000000,0,False
977098,1125UFL27,1125UFL27,,-1.000000,1,,BSE,1.000000,0,False
977100,895NACL27,895NACL27,,-1.000000,1,,BSE,1.000000,0,False
977105,73274HDB28,73274HDB28,,-1.000000,1,,BSE,1.000000,0,False
977106,19SHTPL28,19SHTPL28,,-1.000000,1,,BSE,1.000000,0,False
977113,1005AFL27,1005AFL27,,-1.000000,1,,BSE,1.000000,0,False
977122,71BHFL28,71BHFL28,,-1.000000,1,,BSE,1.000000,0,False
977134,885VFL29A,885VFL29A,,-1.000000,1,,BSE,1.000000,0,False
977151,1165UCL031,1165UCL031,,-1.000000,1,,BSE,1.000000,0,False
977166,1175TT2527,1175TT2527,,-1.000000,1,,BSE,1.000000,0,False
977200,925HLFL31,925HLFL31,,-1.000000,1,,BSE,1.000000,0,False
977226,1350LLD29,1350LLD29,,-1.000000,1,,BSE,1.000000,0,False
977232,770ATSTL26,770ATSTL26,,-1.000000,1,,BSE,1.000000,0,False
977238,780ATSTL40,780ATSTL40,,-1.000000,1,,BSE,1.000000,0,False
977244,733HDBFS30,733HDBFS30,,-1.000000,1,,BSE,1.000000,0,False
977263,95KFIL27,95KFIL27,,-1.000000,1,,BSE,1.000000,0,False
977276,74IIF40,74IIF40,,-1.000000,1,,BSE,1.000000,0,False
977285,RRGHDPL29,RRGHDPL29,,-1.000000,1,,BSE,1.000000,0,False
977292,1140NFL27,1140NFL27,,-1.000000,1,,BSE,1.000000,0,False
977293,LDL131125,LDL131125,,-1.000000,1,,BSE,1.000000,0,False
977321,708PFCL35,708PFCL35,,-1.000000,1,,BSE,1.000000,0,False
977330,1020MFL27,1020MFL27,,-1.000000,1,,BSE,1.000000,0,False
977338,115RFALE28,115RFALE28,,-1.000000,100000,,BSE,1.000000,0,False
977341,1116AFL27A,1116AFL27A,,-1.000000,1,,BSE,1.000000,0,False
977344,1025STL27,1025STL27,,-1.000000,1,,BSE,1.000000,0,False
977348,SGHPL29A,SGHPL29A,,-1.000000,1,,BSE,1.000000,0,False
977371,845PDL2027,845PDL2027,,-1.000000,1,,BSE,1.000000,0,False
977391,89NWFL28,89NWFL28,,-1.000000,1,,BSE,1.000000,0,False
977398,896AKCFL28,896AKCFL28,,-1.000000,1,,BSE,1.000000,0,False
977409,NWFL231225,NWFL231225,,-1.000000,1,,BSE,1.000000,0,False
977424,0MCIBPL27A,0MCIBPL27A,,-1.000000,1,,BSE,1.000000,0,False
977435,123ACAP27,123ACAP27,,-1.000000,1,,BSE,1.000000,0,False
977437,957LGS1728,957LGS1728,,-1.000000,1,,BSE,1.000000,0,False
977438,1140IRWL27,1140IRWL27,,-1.000000,1,,BSE,1.000000,0,False
977443,1085SFL27,1085SFL27,,-1.000000,1,,BSE,1.000000,0,False
977458,812AFLPER,812AFLPER,,-1.000000,1,,BSE,1.000000,0,False
977474,930KIIFB36,930KIIFB36,,-1.000000,1,,BSE,1.000000,0,False
977478,76091KMI29,76091KMI29,,-1.000000,1,,BSE,1.000000,0,False
977488,12SCNL31,12SCNL31,,-1.000000,1,,BSE,1.000000,0,False
977497,765BFL36,765BFL36,,-1.000000,1,,BSE,1.000000,0,False
977510,9CGCL2028,9CGCL2028,,-1.000000,1,,BSE,1.000000,0,False
977515,10SCNL28,10SCNL28,,-1.000000,1,,BSE,1.000000,0,False
977519,11PKTPL36,11PKTPL36,,-1.000000,1,,BSE,1.000000,0,False
977520,715HZL28,715HZL28,,-1.000000,1,,BSE,1.000000,0,False
977532,0MSAFL28,0MSAFL28,,-1.000000,1,,BSE,1.000000,0,False
977539,1030EFCL29,1030EFCL29,,-1.000000,1,,BSE,1.000000,0,False
977554,724PFCL31,724PFCL31,,-1.000000,1,,BSE,1.000000,0,False
977555,883LGS1828,883LGS1828,,-1.000000,1,,BSE,1.000000,0,False
977576,13UCIL27,13UCIL27,,-1.000000,1,,BSE,1.000000,0,False
977586,729NHPCL32,729NHPCL32,,-1.000000,1,,BSE,1.000000,0,False
977589,729NHPC35,729NHPC35,,-1.000000,1,,BSE,1.000000,0,False
977596,105ESPL28,105ESPL28,,-1.000000,1,,BSE,1.000000,0,False
977613,1440AFIL28,1440AFIL28,,-1.000000,1,,BSE,1.000000,0,False
977620,790ABSLI36,790ABSLI36,,-1.000000,1,,BSE,1.000000,0,False
977627,1051SFCP27,1051SFCP27,,-1.000000,1,,BSE,1.000000,0,False
977661,ZCJSWJFE311,ZCJSWJFE311,,-1.000000,1,,BSE,1.000000,0,False
977662,1025SFL28A,1025SFL28A,,-1.000000,1,,BSE,1.000000,0,False
977673,875VFIPL28,875VFIPL28,,-1.000000,1,,BSE,1.000000,0,False
977674,875VFIP28A,875VFIP28A,,-1.000000,1,,BSE,1.000000,0,False
977682,885FFSL33,885FFSL33,,-1.000000,1,,BSE,1.000000,0,False
977686,811PIICL29,811PIICL29,,-1.000000,1,,BSE,1.000000,0,False
977703,772ABCL31,772ABCL31,,-1.000000,1,,BSE,1.000000,0,False
977721,12VMVPL029,12VMVPL029,,-1.000000,1,,BSE,1.000000,0,False
977722,1071RST27,1071RST27,,-1.000000,1,,BSE,1.000000,0,False
977727,777BFL29,777BFL29,,-1.000000,1,,BSE,1.000000,0,False
977731,77545HFS29,77545HFS29,,-1.000000,1,,BSE,1.000000,0,False
977740,13UCIL28,13UCIL28,,-1.000000,1,,BSE,1.000000,0,False
977753,1125SSFL28,1125SSFL28,,-1.000000,1,,BSE,1.000000,0,False
977755,11NFL28,11NFL28,,-1.000000,1,,BSE,1.000000,0,False
977756,771MMFSL29,771MMFSL29,,-1.000000,1,,BSE,1.000000,0,False
977759,807ABCL36,807ABCL36,,-1.000000,1,,BSE,1.000000,0,False
977769,1075MML36,1075MML36,,-1.000000,1,,BSE,1.000000,0,False
977776,945KFIL028,945KFIL028,,-1.000000,1,,BSE,1.000000,0,False
977777,105SRFC28,105SRFC28,,-1.000000,1,,BSE,1.000000,0,False
977789,774NBFID36,774NBFID36,,-1.000000,1,,BSE,1.000000,0,False
977792,8KVTL29,8KVTL29,,-1.000000,1,,BSE,1.000000,0,False
977793,815KVTL30,815KVTL30,,-1.000000,1,,BSE,1.000000,0,False
977794,84KVTL31,84KVTL31,,-1.000000,1,,BSE,1.000000,0,False
977808,1175MCF28,1175MCF28,,-1.000000,1,,BSE,1.000000,0,False
977816,1240PFSP30,1240PFSP30,,-1.000000,1,,BSE,1.000000,0,False
977795,855KVTL44,855KVTL44,,-1.000000,1,,BSE,1.000000,0,False
977821,NWIL26526,NWIL26526,,-1.000000,1,,BSE,1.000000,0,False
977834,767NHPCL36,767NHPCL36,,-1.000000,1,,BSE,1.000000,0,False
977840,IFSL260526,IFSL260526,,-1.000000,1,,BSE,1.000000,0,False
977796,856KVTL45,856KVTL45,,-1.000000,1,,BSE,1.000000,0,False
977801,930MML2028,930MML2028,,-1.000000,1,,BSE,1.000000,0,False
977811,1050GFL28A,1050GFL28A,,-1.000000,1,,BSE,1.000000,0,False
977818,1120MFIL29,1120MFIL29,,-1.000000,1,,BSE,1.000000,0,False
977824,825BHFL31,825BHFL31,,-1.000000,1,,BSE,1.000000,0,False
977825,767NHPCL34,767NHPCL34,,-1.000000,1,,BSE,1.000000,0,False
977828,767NHPCL33,767NHPCL33,,-1.000000,1,,BSE,1.000000,0,False
977856,738RECL29,738RECL29,,-1.000000,1,,BSE,1.000000,0,False
977873,880IFSL28,880IFSL28,,-1.000000,1,,BSE,1.000000,0,False
977874,MCIBP15626,MCIBP15626,,-1.000000,1,,BSE,1.000000,0,False
977875,MCIB15626,MCIB15626,,-1.000000,1,,BSE,1.000000,0,False
977879,1170MGFL29,1170MGFL29,,-1.000000,1,,BSE,1.000000,0,False
977882,1215NCPL27,1215NCPL27,,-1.000000,1,,BSE,1.000000,0,False
977885,AHFL18626,AHFL18626,,-1.000000,1,,BSE,1.000000,0,False
977898,734IREDA29,734IREDA29,,-1.000000,1,,BSE,1.000000,0,False
977915,105GFL2028,105GFL2028,,-1.000000,1,,BSE,1.000000,0,False
977935,1440MFSP27,1440MFSP27,,-1.000000,1,,BSE,1.000000,0,False
977936,865APTCS28,865APTCS28,,-1.000000,100000,,BSE,1.000000,0,False
977941,99VCL28,99VCL28,,-1.000000,1,,BSE,1.000000,0,False
977946,895VFPL29,895VFPL29,,-1.000000,1,,BSE,1.000000,0,False
977947,8056PFL28,8056PFL28,,-1.000000,1,,BSE,1.000000,0,False
977948,1026MFL031,1026MFL031,,-1.000000,1,,BSE,1.000000,0,False
977950,779BFL36,779BFL36,,-1.000000,1,,BSE,1.000000,0,False
977955,1050SISL27,1050SISL27,,-1.000000,1,,BSE,1.000000,0,False
977967,750TPCL31,750TPCL31,,-1.000000,1,,BSE,1.000000,0,False
977971,112RST1227,112RST1227,,-1.000000,1,,BSE,1.000000,0,False
977977,730RL31,730RL31,,-1.000000,1,,BSE,1.000000,0,False
978002,1275AFI32,1275AFI32,,-1.000000,1,,BSE,1.000000,0,False
978020,990VCL29,990VCL29,,-1.000000,1,,BSE,1.000000,0,False
978024,11FCPL29,11FCPL29,,-1.000000,1,,BSE,1.000000,0,False
978039,93MML29,93MML29,,-1.000000,1,,BSE,1.000000,0,False
978043,1365POP30B,1365POP30B,,-1.000000,1,,BSE,1.000000,0,False
978057,790AFL29,790AFL29,,-1.000000,1,,BSE,1.000000,0,False
978078,11AX2627,11AX2627,,-1.000000,100000,,BSE,1.000000,0,False
978062,10DCAL28,10DCAL28,,-1.000000,1,,BSE,1.000000,0,False
978065,823ABHFL36,823ABHFL36,,-1.000000,1,,BSE,1.000000,0,False
978090,1035CWCP29,1035CWCP29,,-1.000000,1,,BSE,1.000000,0,False
978093,975IGLL28,975IGLL28,,-1.000000,1,,BSE,1.000000,0,False
978095,126NFL27,126NFL27,,-1.000000,1,,BSE,1.000000,0,False
978102,1109RST27,1109RST27,,-1.000000,1,,BSE,1.000000,0,False
978105,IFSL030430,IFSL030430,,-1.000000,1,,BSE,1.000000,0,False
978106,VHFCL31826,VHFCL31826,,-1.000000,1,,BSE,1.000000,0,False
978128,0EARCL29,0EARCL29,,-1.000000,1,,BSE,1.000000,0,False
978130,815KMPL31,815KMPL31,,-1.000000,1,,BSE,1.000000,0,False
978141,1228SCCS26,1228SCCS26,,-1.000000,1,,BSE,1.000000,0,False
977854,11RDCL2028,11RDCL2028,,-1.000000,1,,BSE,1.000000,0,False
977860,823HFSL29,823HFSL29,,-1.000000,1,,BSE,1.000000,0,False
977863,RRAIPL31,RRAIPL31,,-1.000000,1,,BSE,1.000000,0,False
977877,1133FFS28,1133FFS28,,-1.000000,1,,BSE,1.000000,0,False
977881,746RECL36,746RECL36,,-1.000000,1,,BSE,1.000000,0,False
977884,723HUDCL29,723HUDCL29,,-1.000000,1,,BSE,1.000000,0,False
977899,792IIL31,792IIL31,,-1.000000,1,,BSE,1.000000,0,False
977901,749EOPR29,749EOPR29,,-1.000000,1,,BSE,1.000000,0,False
977904,985OFSL29,985OFSL29,,-1.000000,1,,BSE,1.000000,0,False
977909,1033KSL27,1033KSL27,,-1.000000,1,,BSE,1.000000,0,False
977910,1025MFL031,1025MFL031,,-1.000000,1,,BSE,1.000000,0,False
977911,792BFL31,792BFL31,,-1.000000,1,,BSE,1.000000,0,False
977916,1015MHFCL27,1015MHFCL27,,-1.000000,1,,BSE,1.000000,0,False
977926,MFSL300626,MFSL300626,,-1.000000,1,,BSE,1.000000,0,False
977953,725IIFCL31,725IIFCL31,,-1.000000,1,,BSE,1.000000,0,False
977965,11SCCSPL28,11SCCSPL28,,-1.000000,1,,BSE,1.000000,0,False
977982,9ABDFVL29,9ABDFVL29,,-1.000000,1,,BSE,1.000000,0,False
977984,10MGFL27A,10MGFL27A,,-1.000000,1,,BSE,1.000000,0,False
977990,1025LGS2529,1025LGS2529,,-1.000000,100000,,BSE,1.000000,0,False
977993,9MFSL28,9MFSL28,,-1.000000,1,,BSE,1.000000,0,False
978008,975AFL28,975AFL28,,-1.000000,1,,BSE,1.000000,0,False
978012,1115AFPL28,1115AFPL28,,-1.000000,1,,BSE,1.000000,0,False
978022,807GSFPP28,807GSFPP28,,-1.000000,1,,BSE,1.000000,0,False
978026,975IDG5329,975IDG5329,,-1.000000,1,,BSE,1.000000,0,False
978056,JFHLL13826,JFHLL13826,,-1.000000,1,,BSE,1.000000,0,False
978060,910MFL36,910MFL36,,-1.000000,1,,BSE,1.000000,0,False
978069,830VCL32,830VCL32,,-1.000000,1,,BSE,1.000000,0,False
978074,1150D32630,1150D32630,,-1.000000,1,,BSE,1.000000,0,False
978079,925MCSL29,925MCSL29,,-1.000000,1,,BSE,1.000000,0,False
978087,137MFSPL27,137MFSPL27,,-1.000000,1,,BSE,1.000000,0,False
978091,11UFL2027,11UFL2027,,-1.000000,1,,BSE,1.000000,0,False
978096,1080SFL28,1080SFL28,,-1.000000,1,,BSE,1.000000,0,False
978109,1050NFL28,1050NFL28,,-1.000000,1,,BSE,1.000000,0,False
978115,1050LIF29A,1050LIF29A,,-1.000000,1,,BSE,1.000000,0,False
978123,738BIL29,738BIL29,,-1.000000,1,,BSE,1.000000,0,False
978135,1150MCFL28,1150MCFL28,,-1.000000,1,,BSE,1.000000,0,False
977853,828HFSL31,828HFSL31,,-1.000000,1,,BSE,1.000000,0,False
977862,RRAFL29,RRAFL29,,-1.000000,1,,BSE,1.000000,0,False
977880,0ANSPL28,0ANSPL28,,-1.000000,1,,BSE,1.000000,0,False
977886,1115CWC28,1115CWC28,,-1.000000,1,,BSE,1.000000,0,False
977887,RRVFSPL33A,RRVFSPL33A,,-1.000000,1,,BSE,1.000000,0,False
977890,922NWFL28,922NWFL28,,-1.000000,1,,BSE,1.000000,0,False
977929,925MCSL28,925MCSL28,,-1.000000,1,,BSE,1.000000,0,False
977931,764BHFL30,764BHFL30,,-1.000000,1,,BSE,1.000000,0,False
977940,97VCL27,97VCL27,,-1.000000,1,,BSE,1.000000,0,False
977942,125RIST233,125RIST233,,-1.000000,1,,BSE,1.000000,0,False
977945,895VFIPL29,895VFIPL29,,-1.000000,1,,BSE,1.000000,0,False
977956,1048NHF27,1048NHF27,,-1.000000,1,,BSE,1.000000,0,False
977968,810MCFPL31,810MCFPL31,,-1.000000,1,,BSE,1.000000,0,False
977970,925SKFL29,925SKFL29,,-1.000000,1,,BSE,1.000000,0,False
977981,885ABDFV29,885ABDFV29,,-1.000000,1,,BSE,1.000000,0,False
977994,12BCSL2027,12BCSL2027,,-1.000000,1,,BSE,1.000000,0,False
978013,1215NCPL28A,1215NCPL28A,,-1.000000,1,,BSE,1.000000,0,False
978028,805JCL31,805JCL31,,-1.000000,1,,BSE,1.000000,0,False
978033,1175DAL29,1175DAL29,,-1.000000,1,,BSE,1.000000,0,False
978034,0MCIBPL28,0MCIBPL28,,-1.000000,1,,BSE,1.000000,0,False
978085,911EARCL29,911EARCL29,,-1.000000,1,,BSE,1.000000,0,False
978041,915NWFL28,915NWFL28,,-1.000000,1,,BSE,1.000000,0,False
978081,755PFCL41,755PFCL41,,-1.000000,1,,BSE,1.000000,0,False
978086,115ORFI28,115ORFI28,,-1.000000,1,,BSE,1.000000,0,False
978088,NWIL25826,NWIL25826,,-1.000000,1,,BSE,1.000000,0,False
978097,HFFCI28826,HFFCI28826,,-1.000000,1,,BSE,1.000000,0,False
978100,757RECL36,757RECL36,,-1.000000,1,,BSE,1.000000,0,False
978101,808JCL29,808JCL29,,-1.000000,1,,BSE,1.000000,0,False
978111,984LGS28,984LGS28,,-1.000000,1,,BSE,1.000000,0,False
978113,NUVAMA WEAL,NUVAMA WEAL,,-1.000000,1,,BSE,1.000000,0,False
978134,807BFL30,807BFL30,,-1.000000,1,,BSE,1.000000,0,False
978140,1050NFL29,1050NFL29,,-1.000000,1,,BSE,1.000000,0,False
977859,10DCAL2027,10DCAL2027,,-1.000000,1,,BSE,1.000000,0,False
977876,815JCL31,815JCL31,,-1.000000,1,,BSE,1.000000,0,False
977888,75397KRT29,75397KRT29,,-1.000000,1,,BSE,1.000000,0,False
977896,NWFL19626,NWFL19626,,-1.000000,1,,BSE,1.000000,0,False
977900,87MFSL28,87MFSL28,,-1.000000,1,,BSE,1.000000,0,False
977906,NWFL230626,NWFL230626,,-1.000000,1,,BSE,1.000000,0,False
977912,1049AFL31,1049AFL31,,-1.000000,1,,BSE,1.000000,0,False
977908,TFL250626,TFL250626,,-1.000000,1,,BSE,1.000000,0,False
977914,105GFL28,105GFL28,,-1.000000,1,,BSE,1.000000,0,False
977920,905VFL29,905VFL29,,-1.000000,1,,BSE,1.000000,0,False
977932,12BCSL27,12BCSL27,,-1.000000,1,,BSE,1.000000,0,False
977958,142CIPL28,142CIPL28,,-1.000000,1,,BSE,1.000000,0,False
977979,0EFCL2029,0EFCL2029,,-1.000000,1,,BSE,1.000000,0,False
977980,910IFSL29,910IFSL29,,-1.000000,1,,BSE,1.000000,0,False
977995,1225BCSL28,1225BCSL28,,-1.000000,1,,BSE,1.000000,0,False
978003,915ISFL29,915ISFL29,,-1.000000,1,,BSE,1.000000,0,False
978018,810ISFCL31,810ISFCL31,,-1.000000,1,,BSE,1.000000,0,False
978019,13RFL29,13RFL29,,-1.000000,1,,BSE,1.000000,0,False
978031,749MBPR28,749MBPR28,,-1.000000,1,,BSE,1.000000,0,False
978032,9IKFFL28,9IKFFL28,,-1.000000,1,,BSE,1.000000,0,False
978035,12ICLFL29,12ICLFL29,,-1.000000,1,,BSE,1.000000,0,False
978036,787BHFL36,787BHFL36,,-1.000000,1,,BSE,1.000000,0,False
978044,1365POP30C,1365POP30C,,-1.000000,1,,BSE,1.000000,0,False
978049,AFSL10826,AFSL10826,,-1.000000,1,,BSE,1.000000,0,False
978050,1085MGFL27,1085MGFL27,,-1.000000,1,,BSE,1.000000,0,False
978058,798ABCL31,798ABCL31,,-1.000000,1,,BSE,1.000000,0,False
978067,810JDFIP29,810JDFIP29,,-1.000000,1,,BSE,1.000000,0,False
978072,744IIT31,744IIT31,,-1.000000,1,,BSE,1.000000,0,False
978107,895AKCFL29,895AKCFL29,,-1.000000,1,,BSE,1.000000,0,False
978108,IHFC010926,IHFC010926,,-1.000000,1,,BSE,1.000000,0,False
978112,1035EEL31,1035EEL31,,-1.000000,1,,BSE,1.000000,0,False
978116,915CAGL28,915CAGL28,,-1.000000,1,,BSE,1.000000,0,False
978119,1250STS331,1250STS331,,-1.000000,1,,BSE,1.000000,0,False
978127,1150EGFS29,1150EGFS29,,-1.000000,1,,BSE,1.000000,0,False
978131,925MML028,925MML028,,-1.000000,1,,BSE,1.000000,0,False
978133,5GMRAL29,5GMRAL29,,-1.000000,1,,BSE,1.000000,0,False
978137,11SCCSPL27,11SCCSPL27,,-1.000000,1,,BSE,1.000000,0,False
100038,HINDZINC27OCT26670PE,HINDZINC,27OCT2026,67000.000000,1225,OPTSTK,NFO,5.000000,36751,False
100073,DIVISLAB29SEP267600PE,DIVISLAB,29SEP2026,760000.000000,100,OPTSTK,NFO,5.000000,3001,False
100078,DIVISLAB29SEP268200CE,DIVISLAB,29SEP2026,820000.000000,100,OPTSTK,NFO,5.000000,3001,False
100146,PATANJALI29SEP26305PE,PATANJALI,29SEP2026,30500.000000,1075,OPTSTK,NFO,5.000000,64501,False
100150,PATANJALI29SEP26325CE,PATANJALI,29SEP2026,32500.000000,1075,OPTSTK,NFO,5.000000,64501,False
100152,HINDZINC23NOV26640PE,HINDZINC,23NOV2026,64000.000000,1225,OPTSTK,NFO,5.000000,36751,False
100227,HYUNDAI27OCT262300PE,HYUNDAI,27OCT2026,230000.000000,275,OPTSTK,NFO,5.000000,11001,False
100235,HYUNDAI27OCT262420PE,HYUNDAI,27OCT2026,242000.000000,275,OPTSTK,NFO,5.000000,11001,False
100309,HYUNDAI23NOV261840CE,HYUNDAI,23NOV2026,184000.000000,275,OPTSTK,NFO,5.000000,11001,False
100354,HYUNDAI23NOV262040CE,HYUNDAI,23NOV2026,204000.000000,275,OPTSTK,NFO,5.000000,11001,False
100368,PATANJALI27OCT26290CE,PATANJALI,27OCT2026,29000.000000,1075,OPTSTK,NFO,5.000000,64501,False
100375,HYUNDAI23NOV262120PE,HYUNDAI,23NOV2026,212000.000000,275,OPTSTK,NFO,5.000000,11001,False
100450,PATANJALI27OCT26370PE,PATANJALI,27OCT2026,37000.000000,1075,OPTSTK,NFO,5.000000,64501,False
100503,DIXON29SEP2613500CE,DIXON,29SEP2026,1350000.000000,50,OPTSTK,NFO,5.000000,1501,False
100589,DLF29SEP26580CE,DLF,29SEP2026,58000.000000,950,OPTSTK,NFO,5.000000,38001,False
100594,DLF29SEP26620PE,DLF,29SEP2026,62000.000000,950,OPTSTK,NFO,5.000000,38001,False
100596,DLF29SEP26640PE,DLF,29SEP2026,64000.000000,950,OPTSTK,NFO,5.000000,38001,False
100599,DLF29SEP26680CE,DLF,29SEP2026,68000.000000,950,OPTSTK,NFO,5.000000,38001,False
100611,PAYTM29SEP261220CE,PAYTM,29SEP2026,122000.000000,725,OPTSTK,NFO,5.000000,14501,False
100615,PAYTM29SEP261300CE,PAYTM,29SEP2026,130000.000000,725,OPTSTK,NFO,5.000000,14501,False
100622,PAYTM29SEP261420PE,PAYTM,29SEP2026,142000.000000,725,OPTSTK,NFO,5.000000,14501,False
100624,PAYTM29SEP261460PE,PAYTM,29SEP2026,146000.000000,725,OPTSTK,NFO,5.000000,14501,False
100628,DLF29SEP26720CE,DLF,29SEP2026,72000.000000,950,OPTSTK,NFO,5.000000,38001,False
100633,PAYTM29SEP261580PE,PAYTM,29SEP2026,158000.000000,725,OPTSTK,NFO,5.000000,14501,False
100637,PAYTM29SEP261660PE,PAYTM,29SEP2026,166000.000000,725,OPTSTK,NFO,5.000000,14501,False
100640,PAYTM29SEP261800CE,PAYTM,29SEP2026,180000.000000,725,OPTSTK,NFO,5.000000,14501,False
100680,PAYTM27OCT261400PE,PAYTM,27OCT2026,140000.000000,725,OPTSTK,NFO,5.000000,14501,False
100728,PAYTM27OCT261680PE,PAYTM,27OCT2026,168000.000000,725,OPTSTK,NFO,5.000000,14501,False
100730,PAYTM27OCT261760PE,PAYTM,27OCT2026,176000.000000,725,OPTSTK,NFO,5.000000,14501,False
100741,ICICIBANK27OCT261290PE,ICICIBANK,27OCT2026,129000.000000,700,OPTSTK,NFO,5.000000,21001,False
100743,ICICIBANK27OCT261310PE,ICICIBANK,27OCT2026,131000.000000,700,OPTSTK,NFO,5.000000,21001,False
100745,ICICIBANK27OCT261330PE,ICICIBANK,27OCT2026,133000.000000,700,OPTSTK,NFO,5.000000,21001,False
100749,ICICIBANK27OCT261370PE,ICICIBANK,27OCT2026,137000.000000,700,OPTSTK,NFO,5.000000,21001,False
100819,PERSISTENT29SEP265500CE,PERSISTENT,29SEP2026,550000.000000,125,OPTSTK,NFO,5.000000,3751,False
100822,PERSISTENT29SEP265700PE,PERSISTENT,29SEP2026,570000.000000,125,OPTSTK,NFO,5.000000,3751,False
100826,PERSISTENT29SEP266100PE,PERSISTENT,29SEP2026,610000.000000,125,OPTSTK,NFO,5.000000,3751,False
100852,PERSISTENT27OCT264600PE,PERSISTENT,27OCT2026,460000.000000,125,OPTSTK,NFO,5.000000,3751,False
100854,PERSISTENT27OCT264800PE,PERSISTENT,27OCT2026,480000.000000,125,OPTSTK,NFO,5.000000,3751,False
100857,PERSISTENT27OCT265200CE,PERSISTENT,27OCT2026,520000.000000,125,OPTSTK,NFO,5.000000,3751,False
101043,PFC29SEP26385CE,PFC,29SEP2026,38500.000000,1300,OPTSTK,NFO,5.000000,52001,False
100859,PERSISTENT27OCT265400CE,PERSISTENT,27OCT2026,540000.000000,125,OPTSTK,NFO,5.000000,3751,False
100959,PETRONET27OCT26290CE,PETRONET,27OCT2026,29000.000000,1900,OPTSTK,NFO,5.000000,76001,False
100970,PETRONET27OCT26340CE,PETRONET,27OCT2026,34000.000000,1900,OPTSTK,NFO,5.000000,76001,False
101051,PFC29SEP26395CE,PFC,29SEP2026,39500.000000,1300,OPTSTK,NFO,5.000000,52001,False
101146,ICICIBANK23NOV261420CE,ICICIBANK,23NOV2026,142000.000000,700,OPTSTK,NFO,5.000000,21001,False
101147,ICICIBANK23NOV261420PE,ICICIBANK,23NOV2026,142000.000000,700,OPTSTK,NFO,5.000000,21001,False
101149,ICICIBANK23NOV261440PE,ICICIBANK,23NOV2026,144000.000000,700,OPTSTK,NFO,5.000000,21001,False
101187,ICICIBANK23NOV261560PE,ICICIBANK,23NOV2026,156000.000000,700,OPTSTK,NFO,5.000000,21001,False
101212,ICICIBANK23NOV261640CE,ICICIBANK,23NOV2026,164000.000000,700,OPTSTK,NFO,5.000000,21001,False
101233,DMART29SEP263700PE,DMART,29SEP2026,370000.000000,150,OPTSTK,NFO,5.000000,6001,False
101246,DMART29SEP264400CE,DMART,29SEP2026,440000.000000,150,OPTSTK,NFO,5.000000,6001,False
101324,PFC27OCT26340CE,PFC,27OCT2026,34000.000000,1300,OPTSTK,NFO,5.000000,52001,False
101328,DMART29SEP264700PE,DMART,29SEP2026,470000.000000,150,OPTSTK,NFO,5.000000,6001,False
101337,ICICIGI27OCT261420PE,ICICIGI,27OCT2026,142000.000000,325,OPTSTK,NFO,5.000000,13001,False
101351,ICICIGI27OCT261700PE,ICICIGI,27OCT2026,170000.000000,325,OPTSTK,NFO,5.000000,13001,False
101396,PFC27OCT26420PE,PFC,27OCT2026,42000.000000,1300,OPTSTK,NFO,5.000000,52001,False
101439,PGEL29SEP26490CE,PGEL,29SEP2026,49000.000000,950,OPTSTK,NFO,5.000000,38001,False
101545,ICICIGI23NOV261480PE,ICICIGI,23NOV2026,148000.000000,325,OPTSTK,NFO,5.000000,13001,False
101595,ICICIGI23NOV261760PE,ICICIGI,23NOV2026,176000.000000,325,OPTSTK,NFO,5.000000,13001,False
101634,PGEL27OCT26540CE,PGEL,27OCT2026,54000.000000,950,OPTSTK,NFO,5.000000,38001,False
101638,PGEL27OCT26560CE,PGEL,27OCT2026,56000.000000,950,OPTSTK,NFO,5.000000,38001,False
101648,PGEL27OCT26620PE,PGEL,27OCT2026,62000.000000,950,OPTSTK,NFO,5.000000,38001,False
101668,ICICIPRULI27OCT26425PE,ICICIPRULI,27OCT2026,42500.000000,925,OPTSTK,NFO,5.000000,46251,False
101669,ICICIPRULI27OCT26435CE,ICICIPRULI,27OCT2026,43500.000000,925,OPTSTK,NFO,5.000000,46251,False
101731,ICICIPRULI27OCT26545PE,ICICIPRULI,27OCT2026,54500.000000,925,OPTSTK,NFO,5.000000,46251,False
101734,ICICIPRULI27OCT26565CE,ICICIPRULI,27OCT2026,56500.000000,925,OPTSTK,NFO,5.000000,46251,False
101826,PHOENIXLTD29SEP261820PE,PHOENIXLTD,29SEP2026,182000.000000,350,OPTSTK,NFO,5.000000,14001,False
101843,PHOENIXLTD29SEP262060CE,PHOENIXLTD,29SEP2026,206000.000000,350,OPTSTK,NFO,5.000000,14001,False
101847,PHOENIXLTD29SEP262140CE,PHOENIXLTD,29SEP2026,214000.000000,350,OPTSTK,NFO,5.000000,14001,False
101874,DRREDDY29SEP261180CE,DRREDDY,29SEP2026,118000.000000,625,OPTSTK,NFO,5.000000,18751,False
101880,DRREDDY29SEP261200CE,DRREDDY,29SEP2026,120000.000000,625,OPTSTK,NFO,5.000000,18751,False
101913,DRREDDY29SEP261280CE,DRREDDY,29SEP2026,128000.000000,625,OPTSTK,NFO,5.000000,18751,False
101916,DRREDDY29SEP261300PE,DRREDDY,29SEP2026,130000.000000,625,OPTSTK,NFO,5.000000,18751,False
101925,PHOENIXLTD27OCT261640CE,PHOENIXLTD,27OCT2026,164000.000000,350,OPTSTK,NFO,5.000000,14001,False
101939,DRREDDY29SEP261400CE,DRREDDY,29SEP2026,140000.000000,625,OPTSTK,NFO,5.000000,18751,False
101963,PHOENIXLTD27OCT262160CE,PHOENIXLTD,27OCT2026,216000.000000,350,OPTSTK,NFO,5.000000,14001,False
102011,ICICIPRULI23NOV26520CE,ICICIPRULI,23NOV2026,52000.000000,925,OPTSTK,NFO,5.000000,46251,False
102067,IDEA27OCT2611CE,IDEA,27OCT2026,1100.000000,71475,OPTSTK,NFO,1.000000,1429501,False
102088,IDEA23NOV268PE,IDEA,23NOV2026,800.000000,71475,OPTSTK,NFO,1.000000,1429501,False
102096,IDEA23NOV2616PE,IDEA,23NOV2026,1600.000000,71475,OPTSTK,NFO,1.000000,1429501,False
102101,IDEA23NOV2622CE,IDEA,23NOV2026,2200.000000,71475,OPTSTK,NFO,1.000000,1429501,False
102183,IDFCFIRSTB27OCT2691PE,IDFCFIRSTB,27OCT2026,9100.000000,9275,OPTSTK,NFO,1.000000,278251,False
102185,IDFCFIRSTB27OCT2693PE,IDFCFIRSTB,27OCT2026,9300.000000,9275,OPTSTK,NFO,1.000000,278251,False
102202,PIDILITIND29SEP261540PE,PIDILITIND,29SEP2026,154000.000000,500,OPTSTK,NFO,5.000000,15001,False
102261,PIDILITIND29SEP261580PE,PIDILITIND,29SEP2026,158000.000000,500,OPTSTK,NFO,5.000000,15001,False
102266,IDFCFIRSTB23NOV2680CE,IDFCFIRSTB,23NOV2026,8000.000000,9275,OPTSTK,NFO,1.000000,278251,False
102299,EICHERMOT29SEP266400PE,EICHERMOT,29SEP2026,640000.000000,100,OPTSTK,NFO,5.000000,3001,False
102303,EICHERMOT29SEP266800PE,EICHERMOT,29SEP2026,680000.000000,100,OPTSTK,NFO,5.000000,3001,False
102306,EICHERMOT29SEP267200CE,EICHERMOT,29SEP2026,720000.000000,100,OPTSTK,NFO,5.000000,3001,False
102318,EICHERMOT29SEP268200CE,EICHERMOT,29SEP2026,820000.000000,100,OPTSTK,NFO,5.000000,3001,False
102320,EICHERMOT29SEP268400CE,EICHERMOT,29SEP2026,840000.000000,100,OPTSTK,NFO,5.000000,3001,False
102322,EICHERMOT29SEP268600CE,EICHERMOT,29SEP2026,860000.000000,100,OPTSTK,NFO,5.000000,3001,False
102352,PIDILITIND29SEP261740PE,PIDILITIND,29SEP2026,174000.000000,500,OPTSTK,NFO,5.000000,15001,False
102355,PIDILITIND29SEP261780PE,PIDILITIND,29SEP2026,178000.000000,500,OPTSTK,NFO,5.000000,15001,False
102370,IDFCFIRSTB23NOV2684PE,IDFCFIRSTB,23NOV2026,8400.000000,9275,OPTSTK,NFO,1.000000,278251,False
102457,PIDILITIND27OCT261640PE,PIDILITIND,27OCT2026,164000.000000,500,OPTSTK,NFO,5.000000,15001,False
102513,PIIND29SEP262150CE,PIIND,29SEP2026,215000.000000,175,OPTSTK,NFO,5.000000,8751,False
102517,PIIND29SEP262250CE,PIIND,29SEP2026,225000.000000,175,OPTSTK,NFO,5.000000,8751,False
102542,PIIND29SEP262950PE,PIIND,29SEP2026,295000.000000,175,OPTSTK,NFO,5.000000,8751,False
102543,PIIND29SEP263050CE,PIIND,29SEP2026,305000.000000,175,OPTSTK,NFO,5.000000,8751,False
102551,ETERNAL29SEP26260PE,ETERNAL,29SEP2026,26000.000000,2425,OPTSTK,NFO,5.000000,72751,False
102556,ETERNAL29SEP26290CE,ETERNAL,29SEP2026,29000.000000,2425,OPTSTK,NFO,5.000000,72751,False
102557,ETERNAL29SEP26290PE,ETERNAL,29SEP2026,29000.000000,2425,OPTSTK,NFO,5.000000,72751,False
102571,ETERNAL29SEP26340PE,ETERNAL,29SEP2026,34000.000000,2425,OPTSTK,NFO,5.000000,72751,False
102658,PIIND27OCT262000CE,PIIND,27OCT2026,200000.000000,175,OPTSTK,NFO,5.000000,8751,False
102686,FEDERALBNK29SEP26330PE,FEDERALBNK,29SEP2026,33000.000000,2500,OPTSTK,NFO,5.000000,75001,False
102706,IEX23NOV26100CE,IEX,23NOV2026,10000.000000,4350,OPTSTK,NFO,1.000000,174001,False
102716,PIIND27OCT262700CE,PIIND,27OCT2026,270000.000000,175,OPTSTK,NFO,5.000000,8751,False
102825,FEDERALBNK29SEP26340PE,FEDERALBNK,29SEP2026,34000.000000,2500,OPTSTK,NFO,5.000000,75001,False
102837,PNB29SEP26111CE,PNB,29SEP2026,11100.000000,8000,OPTSTK,NFO,1.000000,240001,False
102841,PNB29SEP26115CE,PNB,29SEP2026,11500.000000,8000,OPTSTK,NFO,1.000000,240001,False
102859,INDHOTEL27OCT26670PE,INDHOTEL,27OCT2026,67000.000000,1000,OPTSTK,NFO,5.000000,30001,False
102913,FEDERALBNK29SEP26380CE,FEDERALBNK,29SEP2026,38000.000000,2500,OPTSTK,NFO,5.000000,75001,False
102918,FEDERALBNK29SEP26400PE,FEDERALBNK,29SEP2026,40000.000000,2500,OPTSTK,NFO,5.000000,75001,False
102999,INDHOTEL23NOV26660PE,INDHOTEL,23NOV2026,66000.000000,1000,OPTSTK,NFO,5.000000,30001,False
103004,INDHOTEL23NOV26720CE,INDHOTEL,23NOV2026,72000.000000,1000,OPTSTK,NFO,5.000000,30001,False
103008,INDHOTEL23NOV26740CE,INDHOTEL,23NOV2026,74000.000000,1000,OPTSTK,NFO,5.000000,30001,False
103033,PNB27OCT26108PE,PNB,27OCT2026,10800.000000,8000,OPTSTK,NFO,1.000000,240001,False
103035,PNB27OCT26110PE,PNB,27OCT2026,11000.000000,8000,OPTSTK,NFO,1.000000,240001,False
103055,FORCEMOT29SEP2616000CE,FORCEMOT,29SEP2026,1600000.000000,25,OPTSTK,NFO,5.000000,1251,False
103058,FORCEMOT29SEP2617000PE,FORCEMOT,29SEP2026,1700000.000000,25,OPTSTK,NFO,5.000000,1251,False
103079,INDHOTEL23NOV26780PE,INDHOTEL,23NOV2026,78000.000000,1000,OPTSTK,NFO,5.000000,30001,False
103116,INDHOTEL23NOV26840PE,INDHOTEL,23NOV2026,84000.000000,1000,OPTSTK,NFO,5.000000,30001,False
103249,INDIANB27OCT26790PE,INDIANB,27OCT2026,79000.000000,1000,OPTSTK,NFO,5.000000,30001,False
103251,PNBHOUSING29SEP261020CE,PNBHOUSING,29SEP2026,102000.000000,650,OPTSTK,NFO,5.000000,19501,False
103255,PNBHOUSING29SEP261100CE,PNBHOUSING,29SEP2026,110000.000000,650,OPTSTK,NFO,5.000000,19501,False
103258,PNBHOUSING29SEP261140PE,PNBHOUSING,29SEP2026,114000.000000,650,OPTSTK,NFO,5.000000,19501,False
103259,PNBHOUSING29SEP261180CE,PNBHOUSING,29SEP2026,118000.000000,650,OPTSTK,NFO,5.000000,19501,False
103264,INDIANB27OCT26850CE,INDIANB,27OCT2026,85000.000000,1000,OPTSTK,NFO,5.000000,30001,False
103267,INDIANB27OCT26870PE,INDIANB,27OCT2026,87000.000000,1000,OPTSTK,NFO,5.000000,30001,False
103272,INDIANB27OCT26930CE,INDIANB,27OCT2026,93000.000000,1000,OPTSTK,NFO,5.000000,30001,False
103274,INDIANB27OCT26950CE,INDIANB,27OCT2026,95000.000000,1000,OPTSTK,NFO,5.000000,30001,False
103279,PNBHOUSING29SEP261220CE,PNBHOUSING,29SEP2026,122000.000000,650,OPTSTK,NFO,5.000000,19501,False
103336,PNBHOUSING27OCT261040CE,PNBHOUSING,27OCT2026,104000.000000,650,OPTSTK,NFO,5.000000,19501,False
103368,PNBHOUSING27OCT261200PE,PNBHOUSING,27OCT2026,120000.000000,650,OPTSTK,NFO,5.000000,19501,False
103384,PNBHOUSING27OCT261360PE,PNBHOUSING,27OCT2026,136000.000000,650,OPTSTK,NFO,5.000000,19501,False
103459,POLICYBZR29SEP261620CE,POLICYBZR,29SEP2026,162000.000000,350,OPTSTK,NFO,5.000000,14001,False
103463,POLICYBZR29SEP261700CE,POLICYBZR,29SEP2026,170000.000000,350,OPTSTK,NFO,5.000000,14001,False
103478,INDIANB23NOV26880CE,INDIANB,23NOV2026,88000.000000,1000,OPTSTK,NFO,5.000000,30001,False
103491,POLICYBZR29SEP261980CE,POLICYBZR,29SEP2026,198000.000000,350,OPTSTK,NFO,5.000000,14001,False
103501,INDIANB23NOV26980PE,INDIANB,23NOV2026,98000.000000,1000,OPTSTK,NFO,5.000000,30001,False
103541,POLICYBZR27OCT261600PE,POLICYBZR,27OCT2026,160000.000000,350,OPTSTK,NFO,5.000000,14001,False
103542,POLICYBZR27OCT261640CE,POLICYBZR,27OCT2026,164000.000000,350,OPTSTK,NFO,5.000000,14001,False
103544,POLICYBZR27OCT261680CE,POLICYBZR,27OCT2026,168000.000000,350,OPTSTK,NFO,5.000000,14001,False
103550,POLICYBZR27OCT261720CE,POLICYBZR,27OCT2026,172000.000000,350,OPTSTK,NFO,5.000000,14001,False
103624,FORTIS29SEP26740PE,FORTIS,29SEP2026,74000.000000,775,OPTSTK,NFO,5.000000,23251,False
103642,FORTIS29SEP26860PE,FORTIS,29SEP2026,86000.000000,775,OPTSTK,NFO,5.000000,23251,False
103676,FORTIS29SEP261100PE,FORTIS,29SEP2026,110000.000000,775,OPTSTK,NFO,5.000000,23251,False
103775,INDIGO23NOV264000CE,INDIGO,23NOV2026,400000.000000,150,OPTSTK,NFO,5.000000,4501,False
103776,INDIGO23NOV264000PE,INDIGO,23NOV2026,400000.000000,150,OPTSTK,NFO,5.000000,4501,False
103779,INDIGO23NOV264400CE,INDIGO,23NOV2026,440000.000000,150,OPTSTK,NFO,5.000000,4501,False
103791,INDIGO23NOV265600CE,INDIGO,23NOV2026,560000.000000,150,OPTSTK,NFO,5.000000,4501,False
103802,POLICYBZR27OCT262000PE,POLICYBZR,27OCT2026,200000.000000,350,OPTSTK,NFO,5.000000,14001,False
103803,POLICYBZR27OCT262040CE,POLICYBZR,27OCT2026,204000.000000,350,OPTSTK,NFO,5.000000,14001,False
103805,POLICYBZR27OCT262080CE,POLICYBZR,27OCT2026,208000.000000,350,OPTSTK,NFO,5.000000,14001,False
103848,POLYCAB29SEP268100CE,POLYCAB,29SEP2026,810000.000000,125,OPTSTK,NFO,5.000000,2501,False
103849,POLYCAB29SEP268100PE,POLYCAB,29SEP2026,810000.000000,125,OPTSTK,NFO,5.000000,2501,False
103852,POLYCAB29SEP268500CE,POLYCAB,29SEP2026,850000.000000,125,OPTSTK,NFO,5.000000,2501,False
104047,INDUSINDBK23NOV26960CE,INDUSINDBK,23NOV2026,96000.000000,700,OPTSTK,NFO,5.000000,28001,False
104056,INDUSINDBK23NOV261040PE,INDUSINDBK,23NOV2026,104000.000000,700,OPTSTK,NFO,5.000000,28001,False
104057,INDUSINDBK23NOV261060CE,INDUSINDBK,23NOV2026,106000.000000,700,OPTSTK,NFO,5.000000,28001,False
104140,GAIL29SEP26185PE,GAIL,29SEP2026,18500.000000,3550,OPTSTK,NFO,1.000000,142001,False
104261,POLYCAB27OCT268400PE,POLYCAB,27OCT2026,840000.000000,125,OPTSTK,NFO,5.000000,2501,False
104286,POLYCAB27OCT2610000PE,POLYCAB,27OCT2026,1000000.000000,125,OPTSTK,NFO,5.000000,2501,False
104287,POLYCAB27OCT2610200CE,POLYCAB,27OCT2026,1020000.000000,125,OPTSTK,NFO,5.000000,2501,False
104292,POLYCAB27OCT2610600PE,POLYCAB,27OCT2026,1060000.000000,125,OPTSTK,NFO,5.000000,2501,False
104335,INDUSTOWER27OCT26365CE,INDUSTOWER,27OCT2026,36500.000000,1700,OPTSTK,NFO,5.000000,68001,False
104336,INDUSTOWER27OCT26365PE,INDUSTOWER,27OCT2026,36500.000000,1700,OPTSTK,NFO,5.000000,68001,False
104343,INDUSTOWER27OCT26405CE,INDUSTOWER,27OCT2026,40500.000000,1700,OPTSTK,NFO,5.000000,68001,False
104346,INDUSTOWER27OCT26415PE,INDUSTOWER,27OCT2026,41500.000000,1700,OPTSTK,NFO,5.000000,68001,False
104351,INDUSTOWER27OCT26435CE,INDUSTOWER,27OCT2026,43500.000000,1700,OPTSTK,NFO,5.000000,68001,False
104383,POWERGRID29SEP26247.5PE,POWERGRID,29SEP2026,24750.000000,1900,OPTSTK,NFO,5.000000,76001,False
104384,POWERGRID29SEP26252.5CE,POWERGRID,29SEP2026,25250.000000,1900,OPTSTK,NFO,5.000000,76001,False
104448,INDUSTOWER23NOV26320PE,INDUSTOWER,23NOV2026,32000.000000,1700,OPTSTK,NFO,5.000000,68001,False
104451,INDUSTOWER23NOV26340CE,INDUSTOWER,23NOV2026,34000.000000,1700,OPTSTK,NFO,5.000000,68001,False
104461,INDUSTOWER23NOV26390CE,INDUSTOWER,23NOV2026,39000.000000,1700,OPTSTK,NFO,5.000000,68001,False
104473,INDUSTOWER23NOV26420CE,INDUSTOWER,23NOV2026,42000.000000,1700,OPTSTK,NFO,5.000000,68001,False
104650,POWERGRID27OCT26250CE,POWERGRID,27OCT2026,25000.000000,1900,OPTSTK,NFO,5.000000,76001,False
104667,POWERGRID27OCT26290PE,POWERGRID,27OCT2026,29000.000000,1900,OPTSTK,NFO,5.000000,76001,False
104677,POWERGRID27OCT26315PE,POWERGRID,27OCT2026,31500.000000,1900,OPTSTK,NFO,5.000000,76001,False
104712,INFY27OCT26900PE,INFY,27OCT2026,90000.000000,400,OPTSTK,NFO,5.000000,20001,False
104731,INFY27OCT261100PE,INFY,27OCT2026,110000.000000,400,OPTSTK,NFO,5.000000,20001,False
104739,INFY27OCT261260PE,INFY,27OCT2026,126000.000000,400,OPTSTK,NFO,5.000000,20001,False
104781,INFY23NOV261000PE,INFY,23NOV2026,100000.000000,400,OPTSTK,NFO,5.000000,20001,False
104787,INFY23NOV261080PE,INFY,23NOV2026,108000.000000,400,OPTSTK,NFO,5.000000,20001,False
104853,POWERINDIA29SEP2631500PE,POWERINDIA,29SEP2026,3150000.000000,25,OPTSTK,NFO,5.000000,751,False
104854,POWERINDIA29SEP2632500CE,POWERINDIA,29SEP2026,3250000.000000,25,OPTSTK,NFO,5.000000,751,False
104856,POWERINDIA29SEP2633500CE,POWERINDIA,29SEP2026,3350000.000000,25,OPTSTK,NFO,5.000000,751,False
104861,POWERINDIA29SEP2634500PE,POWERINDIA,29SEP2026,3450000.000000,25,OPTSTK,NFO,5.000000,751,False
104863,POWERINDIA29SEP2635500PE,POWERINDIA,29SEP2026,3550000.000000,25,OPTSTK,NFO,5.000000,751,False
104944,INFY23NOV261280CE,INFY,23NOV2026,128000.000000,400,OPTSTK,NFO,5.000000,20001,False
104978,GLENMARK29SEP262600CE,GLENMARK,29SEP2026,260000.000000,375,OPTSTK,NFO,5.000000,11251,False
104979,GLENMARK29SEP262600PE,GLENMARK,29SEP2026,260000.000000,375,OPTSTK,NFO,5.000000,11251,False
104986,GLENMARK29SEP262760CE,GLENMARK,29SEP2026,276000.000000,375,OPTSTK,NFO,5.000000,11251,False
104995,INOXWIND27OCT2662.5PE,INOXWIND,27OCT2026,6250.000000,6400,OPTSTK,NFO,1.000000,256001,False
104997,POWERINDIA27OCT2631000CE,POWERINDIA,27OCT2026,3100000.000000,25,OPTSTK,NFO,5.000000,751,False
105032,INOXWIND27OCT2672.5CE,INOXWIND,27OCT2026,7250.000000,6400,OPTSTK,NFO,1.000000,256001,False
105033,INOXWIND27OCT2672.5PE,INOXWIND,27OCT2026,7250.000000,6400,OPTSTK,NFO,1.000000,256001,False
105074,INOXWIND23NOV2660CE,INOXWIND,23NOV2026,6000.000000,6400,OPTSTK,NFO,1.000000,256001,False
105143,PREMIERENE29SEP26900CE,PREMIERENE,29SEP2026,90000.000000,650,OPTSTK,NFO,5.000000,26001,False
105186,IOC23NOV26110CE,IOC,23NOV2026,11000.000000,4875,OPTSTK,NFO,1.000000,195001,False
105193,IOC23NOV26125PE,IOC,23NOV2026,12500.000000,4875,OPTSTK,NFO,1.000000,195001,False
105336,IOC23NOV26155CE,IOC,23NOV2026,15500.000000,4875,OPTSTK,NFO,1.000000,195001,False
105344,PREMIERENE27OCT26920PE,PREMIERENE,27OCT2026,92000.000000,650,OPTSTK,NFO,5.000000,26001,False
105368,GMRAIRPORT29SEP2684CE,GMRAIRPORT,29SEP2026,8400.000000,6975,OPTSTK,NFO,1.000000,209251,False
105370,GMRAIRPORT29SEP2686CE,GMRAIRPORT,29SEP2026,8600.000000,6975,OPTSTK,NFO,1.000000,209251,False
105371,GMRAIRPORT29SEP2686PE,GMRAIRPORT,29SEP2026,8600.000000,6975,OPTSTK,NFO,1.000000,209251,False
105396,GMRAIRPORT29SEP26100CE,GMRAIRPORT,29SEP2026,10000.000000,6975,OPTSTK,NFO,1.000000,209251,False
105416,PRESTIGE29SEP261380CE,PRESTIGE,29SEP2026,138000.000000,450,OPTSTK,NFO,5.000000,13501,False
105418,PRESTIGE29SEP261420CE,PRESTIGE,29SEP2026,142000.000000,450,OPTSTK,NFO,5.000000,13501,False
105424,PRESTIGE29SEP261540CE,PRESTIGE,29SEP2026,154000.000000,450,OPTSTK,NFO,5.000000,13501,False
105439,PRESTIGE29SEP261780PE,PRESTIGE,29SEP2026,178000.000000,450,OPTSTK,NFO,5.000000,13501,False
105447,GMRAIRPORT29SEP26108PE,GMRAIRPORT,29SEP2026,10800.000000,6975,OPTSTK,NFO,1.000000,209251,False
105449,GMRAIRPORT29SEP26110PE,GMRAIRPORT,29SEP2026,11000.000000,6975,OPTSTK,NFO,1.000000,209251,False
105460,PRESTIGE29SEP261820PE,PRESTIGE,29SEP2026,182000.000000,450,OPTSTK,NFO,5.000000,13501,False
105528,IREDA27OCT26112.5PE,IREDA,27OCT2026,11250.000000,4525,OPTSTK,NFO,1.000000,181001,False
105534,IREDA27OCT26127.5CE,IREDA,27OCT2026,12750.000000,4525,OPTSTK,NFO,1.000000,181001,False
105574,IREDA23NOV26100CE,IREDA,23NOV2026,10000.000000,4525,OPTSTK,NFO,1.000000,181001,False
105576,IREDA23NOV26105CE,IREDA,23NOV2026,10500.000000,4525,OPTSTK,NFO,1.000000,181001,False
105581,IREDA23NOV26115PE,IREDA,23NOV2026,11500.000000,4525,OPTSTK,NFO,1.000000,181001,False
105653,PRESTIGE27OCT261240CE,PRESTIGE,27OCT2026,124000.000000,450,OPTSTK,NFO,5.000000,13501,False
105675,PRESTIGE27OCT261520CE,PRESTIGE,27OCT2026,152000.000000,450,OPTSTK,NFO,5.000000,13501,False
105684,PRESTIGE27OCT261680PE,PRESTIGE,27OCT2026,168000.000000,450,OPTSTK,NFO,5.000000,13501,False
105744,RADICO29SEP264250PE,RADICO,29SEP2026,425000.000000,150,OPTSTK,NFO,5.000000,6001,False
105748,RADICO29SEP264450PE,RADICO,29SEP2026,445000.000000,150,OPTSTK,NFO,5.000000,6001,False
105755,RADICO29SEP264550CE,RADICO,29SEP2026,455000.000000,150,OPTSTK,NFO,5.000000,6001,False
105775,RADICO29SEP264850PE,RADICO,29SEP2026,485000.000000,150,OPTSTK,NFO,5.000000,6001,False
105825,RADICO27OCT263900PE,RADICO,27OCT2026,390000.000000,150,OPTSTK,NFO,5.000000,6001,False
105831,RADICO27OCT264200PE,RADICO,27OCT2026,420000.000000,150,OPTSTK,NFO,5.000000,6001,False
105878,IRFC27OCT2679PE,IRFC,27OCT2026,7900.000000,5425,OPTSTK,NFO,1.000000,271251,False
105884,GODFRYPHLP29SEP261600CE,GODFRYPHLP,29SEP2026,160000.000000,275,OPTSTK,NFO,5.000000,11001,False
105887,GODFRYPHLP29SEP261700PE,GODFRYPHLP,29SEP2026,170000.000000,275,OPTSTK,NFO,5.000000,11001,False
105912,IRFC27OCT2681CE,IRFC,27OCT2026,8100.000000,5425,OPTSTK,NFO,1.000000,271251,False
105918,IRFC27OCT2685PE,IRFC,27OCT2026,8500.000000,5425,OPTSTK,NFO,1.000000,271251,False
105931,IRFC27OCT2693CE,IRFC,27OCT2026,9300.000000,5425,OPTSTK,NFO,1.000000,271251,False
106040,RBLBANK27OCT26340PE,RBLBANK,27OCT2026,34000.000000,3175,OPTSTK,NFO,5.000000,63501,False
105932,IRFC27OCT2693PE,IRFC,27OCT2026,9300.000000,5425,OPTSTK,NFO,1.000000,271251,False
105980,RBLBANK29SEP26425CE,RBLBANK,29SEP2026,42500.000000,3175,OPTSTK,NFO,5.000000,63501,False
106033,RBLBANK27OCT26320PE,RBLBANK,27OCT2026,32000.000000,3175,OPTSTK,NFO,5.000000,63501,False
106042,RBLBANK27OCT26350PE,RBLBANK,27OCT2026,35000.000000,3175,OPTSTK,NFO,5.000000,63501,False
106061,RBLBANK27OCT26440CE,RBLBANK,27OCT2026,44000.000000,3175,OPTSTK,NFO,5.000000,63501,False
106093,RECLTD29SEP26315PE,RECLTD,29SEP2026,31500.000000,1575,OPTSTK,NFO,5.000000,63001,False
106111,RECLTD29SEP26405PE,RECLTD,29SEP2026,40500.000000,1575,OPTSTK,NFO,5.000000,63001,False
106151,RECLTD27OCT26320CE,RECLTD,27OCT2026,32000.000000,1575,OPTSTK,NFO,5.000000,63001,False
106231,RECLTD27OCT26340PE,RECLTD,27OCT2026,34000.000000,1575,OPTSTK,NFO,5.000000,63001,False
106293,GODREJCP29SEP26800CE,GODREJCP,29SEP2026,80000.000000,500,OPTSTK,NFO,5.000000,25001,False
106309,GODREJCP29SEP26900CE,GODREJCP,29SEP2026,90000.000000,500,OPTSTK,NFO,5.000000,25001,False
106317,GODREJCP29SEP26960CE,GODREJCP,29SEP2026,96000.000000,500,OPTSTK,NFO,5.000000,25001,False
106347,GODREJCP29SEP261040CE,GODREJCP,29SEP2026,104000.000000,500,OPTSTK,NFO,5.000000,25001,False
106355,GODREJCP29SEP261080PE,GODREJCP,29SEP2026,108000.000000,500,OPTSTK,NFO,5.000000,25001,False
106361,RELIANCE29SEP261210PE,RELIANCE,29SEP2026,121000.000000,500,OPTSTK,NFO,5.000000,20001,False
106365,IRFC23NOV2668PE,IRFC,23NOV2026,6800.000000,5425,OPTSTK,NFO,1.000000,271251,False
106391,IRFC23NOV2678PE,IRFC,23NOV2026,7800.000000,5425,OPTSTK,NFO,1.000000,271251,False
106395,IRFC23NOV2680CE,IRFC,23NOV2026,8000.000000,5425,OPTSTK,NFO,1.000000,271251,False
106412,IRFC23NOV2692PE,IRFC,23NOV2026,9200.000000,5425,OPTSTK,NFO,1.000000,271251,False
106420,IRFC23NOV26100PE,IRFC,23NOV2026,10000.000000,5425,OPTSTK,NFO,1.000000,271251,False
106642,ITC27OCT26232.5PE,ITC,27OCT2026,23250.000000,1725,OPTSTK,NFO,5.000000,86251,False
106645,RELIANCE27OCT261060CE,RELIANCE,27OCT2026,106000.000000,500,OPTSTK,NFO,5.000000,20001,False
106650,RELIANCE27OCT261080PE,RELIANCE,27OCT2026,108000.000000,500,OPTSTK,NFO,5.000000,20001,False
106670,ITC27OCT26267.5PE,ITC,27OCT2026,26750.000000,1725,OPTSTK,NFO,5.000000,86251,False
106700,RELIANCE27OCT261260CE,RELIANCE,27OCT2026,126000.000000,500,OPTSTK,NFO,5.000000,20001,False
106727,RELIANCE27OCT261300PE,RELIANCE,27OCT2026,130000.000000,500,OPTSTK,NFO,5.000000,20001,False
106734,RELIANCE27OCT261360PE,RELIANCE,27OCT2026,136000.000000,500,OPTSTK,NFO,5.000000,20001,False
106738,RELIANCE27OCT261400PE,RELIANCE,27OCT2026,140000.000000,500,OPTSTK,NFO,5.000000,20001,False
106749,RELIANCE27OCT261520CE,RELIANCE,27OCT2026,152000.000000,500,OPTSTK,NFO,5.000000,20001,False
106797,GODREJPROP29SEP261520PE,GODREJPROP,29SEP2026,152000.000000,325,OPTSTK,NFO,5.000000,13001,False
106817,GODREJPROP29SEP261800PE,GODREJPROP,29SEP2026,180000.000000,325,OPTSTK,NFO,5.000000,13001,False
106828,GODREJPROP29SEP261920CE,GODREJPROP,29SEP2026,192000.000000,325,OPTSTK,NFO,5.000000,13001,False
106837,GODREJPROP29SEP262080PE,GODREJPROP,29SEP2026,208000.000000,325,OPTSTK,NFO,5.000000,13001,False
106894,RVNL29SEP26185PE,RVNL,29SEP2026,18500.000000,1925,OPTSTK,NFO,1.000000,96251,False
106899,RVNL29SEP26215CE,RVNL,29SEP2026,21500.000000,1925,OPTSTK,NFO,1.000000,96251,False
106935,RVNL27OCT26200CE,RVNL,27OCT2026,20000.000000,1925,OPTSTK,NFO,1.000000,96251,False
106945,RVNL27OCT26230PE,RVNL,27OCT2026,23000.000000,1925,OPTSTK,NFO,1.000000,96251,False
106949,RVNL27OCT26250PE,RVNL,27OCT2026,25000.000000,1925,OPTSTK,NFO,1.000000,96251,False
106998,SAIL29SEP26147.5PE,SAIL,29SEP2026,14750.000000,4700,OPTSTK,NFO,1.000000,141001,False
107009,SAIL29SEP26162.5CE,SAIL,29SEP2026,16250.000000,4700,OPTSTK,NFO,1.000000,141001,False
107010,SAIL29SEP26162.5PE,SAIL,29SEP2026,16250.000000,4700,OPTSTK,NFO,1.000000,141001,False
107018,SAIL29SEP26182.5PE,SAIL,29SEP2026,18250.000000,4700,OPTSTK,NFO,1.000000,141001,False
107090,SAIL27OCT26160PE,SAIL,27OCT2026,16000.000000,4700,OPTSTK,NFO,1.000000,141001,False
107092,SAIL27OCT26165CE,SAIL,27OCT2026,16500.000000,4700,OPTSTK,NFO,1.000000,141001,False
107122,ITC23NOV26275PE,ITC,23NOV2026,27500.000000,1725,OPTSTK,NFO,5.000000,86251,False
107131,ITC23NOV26290PE,ITC,23NOV2026,29000.000000,1725,OPTSTK,NFO,5.000000,86251,False
107164,SAIL27OCT26185PE,SAIL,27OCT2026,18500.000000,4700,OPTSTK,NFO,1.000000,141001,False
107230,SBICARD29SEP26570CE,SBICARD,29SEP2026,57000.000000,800,OPTSTK,NFO,5.000000,40001,False
107231,SBICARD29SEP26570PE,SBICARD,29SEP2026,57000.000000,800,OPTSTK,NFO,5.000000,40001,False
107431,GRASIM29SEP263080CE,GRASIM,29SEP2026,308000.000000,250,OPTSTK,NFO,5.000000,7501,False
107437,GRASIM29SEP263200CE,GRASIM,29SEP2026,320000.000000,250,OPTSTK,NFO,5.000000,7501,False
107445,SBICARD27OCT26580CE,SBICARD,27OCT2026,58000.000000,800,OPTSTK,NFO,5.000000,40001,False
107447,GRASIM29SEP263240CE,GRASIM,29SEP2026,324000.000000,250,OPTSTK,NFO,5.000000,7501,False
107452,SBICARD27OCT26620CE,SBICARD,27OCT2026,62000.000000,800,OPTSTK,NFO,5.000000,40001,False
107463,SBICARD27OCT26720CE,SBICARD,27OCT2026,72000.000000,800,OPTSTK,NFO,5.000000,40001,False
107474,JINDALSTEL27OCT261020PE,JINDALSTEL,27OCT2026,102000.000000,625,OPTSTK,NFO,5.000000,18751,False
107479,JINDALSTEL27OCT261140CE,JINDALSTEL,27OCT2026,114000.000000,625,OPTSTK,NFO,5.000000,18751,False
107484,JINDALSTEL27OCT261220CE,JINDALSTEL,27OCT2026,122000.000000,625,OPTSTK,NFO,5.000000,18751,False
107539,JINDALSTEL23NOV261040CE,JINDALSTEL,23NOV2026,104000.000000,625,OPTSTK,NFO,5.000000,18751,False
107599,GRASIM29SEP263360CE,GRASIM,29SEP2026,336000.000000,250,OPTSTK,NFO,5.000000,7501,False
107601,GRASIM29SEP263400CE,GRASIM,29SEP2026,340000.000000,250,OPTSTK,NFO,5.000000,7501,False
107626,JIOFIN27OCT26212.5PE,JIOFIN,27OCT2026,21250.000000,2350,OPTSTK,NFO,1.000000,94001,False
107628,JIOFIN27OCT26217.5PE,JIOFIN,27OCT2026,21750.000000,2350,OPTSTK,NFO,1.000000,94001,False
107649,GRASIM29SEP263600CE,GRASIM,29SEP2026,360000.000000,250,OPTSTK,NFO,5.000000,7501,False
107656,GRASIM29SEP263720PE,GRASIM,29SEP2026,372000.000000,250,OPTSTK,NFO,5.000000,7501,False
107709,JIOFIN27OCT26267.5CE,JIOFIN,27OCT2026,26750.000000,2350,OPTSTK,NFO,1.000000,94001,False
107925,HAL29SEP264000CE,HAL,29SEP2026,400000.000000,150,OPTSTK,NFO,5.000000,4501,False
107933,HAL29SEP264400CE,HAL,29SEP2026,440000.000000,150,OPTSTK,NFO,5.000000,4501,False
107935,HAL29SEP264500CE,HAL,29SEP2026,450000.000000,150,OPTSTK,NFO,5.000000,4501,False
107947,HAL29SEP264900CE,HAL,29SEP2026,490000.000000,150,OPTSTK,NFO,5.000000,4501,False
107967,HAL29SEP265300PE,HAL,29SEP2026,530000.000000,150,OPTSTK,NFO,5.000000,4501,False
107968,HAL29SEP265400CE,HAL,29SEP2026,540000.000000,150,OPTSTK,NFO,5.000000,4501,False
107971,HAL29SEP265500PE,HAL,29SEP2026,550000.000000,150,OPTSTK,NFO,5.000000,4501,False
108004,JIOFIN23NOV26210PE,JIOFIN,23NOV2026,21000.000000,2350,OPTSTK,NFO,1.000000,94001,False
108007,JIOFIN23NOV26220CE,JIOFIN,23NOV2026,22000.000000,2350,OPTSTK,NFO,1.000000,94001,False
108012,JIOFIN23NOV26230PE,JIOFIN,23NOV2026,23000.000000,2350,OPTSTK,NFO,1.000000,94001,False
108016,JIOFIN23NOV26240PE,JIOFIN,23NOV2026,24000.000000,2350,OPTSTK,NFO,1.000000,94001,False
108047,SBILIFE27OCT261440PE,SBILIFE,27OCT2026,144000.000000,375,OPTSTK,NFO,5.000000,15001,False
108054,SBILIFE27OCT261600CE,SBILIFE,27OCT2026,160000.000000,375,OPTSTK,NFO,5.000000,15001,False
108055,SBILIFE27OCT261600PE,SBILIFE,27OCT2026,160000.000000,375,OPTSTK,NFO,5.000000,15001,False
108061,HAVELLS29SEP26960PE,HAVELLS,29SEP2026,96000.000000,500,OPTSTK,NFO,5.000000,20001,False
108062,JIOFIN23NOV26245CE,JIOFIN,23NOV2026,24500.000000,2350,OPTSTK,NFO,1.000000,94001,False
108086,HAVELLS29SEP261120CE,HAVELLS,29SEP2026,112000.000000,500,OPTSTK,NFO,5.000000,20001,False
108104,HAVELLS29SEP261360CE,HAVELLS,29SEP2026,136000.000000,500,OPTSTK,NFO,5.000000,20001,False
108108,HAVELLS29SEP261440CE,HAVELLS,29SEP2026,144000.000000,500,OPTSTK,NFO,5.000000,20001,False
108124,SBILIFE27OCT261960PE,SBILIFE,27OCT2026,196000.000000,375,OPTSTK,NFO,5.000000,15001,False
108217,SBIN29SEP26990CE,SBIN,29SEP2026,99000.000000,750,OPTSTK,NFO,5.000000,22501,False
108245,SBIN29SEP261010CE,SBIN,29SEP2026,101000.000000,750,OPTSTK,NFO,5.000000,22501,False
108261,SBIN29SEP261070CE,SBIN,29SEP2026,107000.000000,750,OPTSTK,NFO,5.000000,22501,False
108264,SBIN29SEP261090PE,SBIN,29SEP2026,109000.000000,750,OPTSTK,NFO,5.000000,22501,False
108269,SBIN29SEP261150CE,SBIN,29SEP2026,115000.000000,750,OPTSTK,NFO,5.000000,22501,False
108344,JSWENERGY27OCT26530CE,JSWENERGY,27OCT2026,53000.000000,1075,OPTSTK,NFO,5.000000,43001,False
108347,JSWENERGY27OCT26550PE,JSWENERGY,27OCT2026,55000.000000,1075,OPTSTK,NFO,5.000000,43001,False
108410,JSWENERGY23NOV26480CE,JSWENERGY,23NOV2026,48000.000000,1075,OPTSTK,NFO,5.000000,43001,False
108411,JSWENERGY23NOV26480PE,JSWENERGY,23NOV2026,48000.000000,1075,OPTSTK,NFO,5.000000,43001,False
108416,JSWENERGY23NOV26540CE,JSWENERGY,23NOV2026,54000.000000,1075,OPTSTK,NFO,5.000000,43001,False
108417,JSWENERGY23NOV26540PE,JSWENERGY,23NOV2026,54000.000000,1075,OPTSTK,NFO,5.000000,43001,False
108419,JSWENERGY23NOV26560PE,JSWENERGY,23NOV2026,56000.000000,1075,OPTSTK,NFO,5.000000,43001,False
108421,JSWENERGY23NOV26580PE,JSWENERGY,23NOV2026,58000.000000,1075,OPTSTK,NFO,5.000000,43001,False
108465,JSWSTEEL27OCT261220CE,JSWSTEEL,27OCT2026,122000.000000,675,OPTSTK,NFO,5.000000,20251,False
108474,JSWSTEEL27OCT261380PE,JSWSTEEL,27OCT2026,138000.000000,675,OPTSTK,NFO,5.000000,20251,False
108489,JSWSTEEL27OCT261460PE,JSWSTEEL,27OCT2026,146000.000000,675,OPTSTK,NFO,5.000000,20251,False
108506,HCLTECH29SEP261120PE,HCLTECH,29SEP2026,112000.000000,400,OPTSTK,NFO,5.000000,20001,False
108512,HCLTECH29SEP261160PE,HCLTECH,29SEP2026,116000.000000,400,OPTSTK,NFO,5.000000,20001,False
108534,HCLTECH29SEP261300PE,HCLTECH,29SEP2026,130000.000000,400,OPTSTK,NFO,5.000000,20001,False
108552,SBIN27OCT26880CE,SBIN,27OCT2026,88000.000000,750,OPTSTK,NFO,5.000000,22501,False
108594,JSWSTEEL23NOV261440CE,JSWSTEEL,23NOV2026,144000.000000,675,OPTSTK,NFO,5.000000,20251,False
108595,JSWSTEEL23NOV261440PE,JSWSTEEL,23NOV2026,144000.000000,675,OPTSTK,NFO,5.000000,20251,False
108602,JSWSTEEL23NOV261480CE,JSWSTEEL,23NOV2026,148000.000000,675,OPTSTK,NFO,5.000000,20251,False
108611,JSWSTEEL23NOV261520CE,JSWSTEEL,23NOV2026,152000.000000,675,OPTSTK,NFO,5.000000,20251,False
108620,SBIN27OCT261120PE,SBIN,27OCT2026,112000.000000,750,OPTSTK,NFO,5.000000,22501,False
108631,SBIN27OCT261240CE,SBIN,27OCT2026,124000.000000,750,OPTSTK,NFO,5.000000,22501,False
108655,SHREECEM29SEP2620250CE,SHREECEM,29SEP2026,2025000.000000,25,OPTSTK,NFO,5.000000,1001,False
108661,SHREECEM29SEP2621250PE,SHREECEM,29SEP2026,2125000.000000,25,OPTSTK,NFO,5.000000,1001,False
108667,SHREECEM29SEP2622250PE,SHREECEM,29SEP2026,2225000.000000,25,OPTSTK,NFO,5.000000,1001,False
108737,SHREECEM27OCT2619500PE,SHREECEM,27OCT2026,1950000.000000,25,OPTSTK,NFO,5.000000,1001,False
108745,SHREECEM27OCT2621500PE,SHREECEM,27OCT2026,2150000.000000,25,OPTSTK,NFO,5.000000,1001,False
108749,SHREECEM27OCT2622500PE,SHREECEM,27OCT2026,2250000.000000,25,OPTSTK,NFO,5.000000,1001,False
108771,SHREECEM27OCT2624500PE,SHREECEM,27OCT2026,2450000.000000,25,OPTSTK,NFO,5.000000,1001,False
108781,SHREECEM27OCT2627000CE,SHREECEM,27OCT2026,2700000.000000,25,OPTSTK,NFO,5.000000,1001,False
108798,SHREECEM27OCT2628500PE,SHREECEM,27OCT2026,2850000.000000,25,OPTSTK,NFO,5.000000,1001,False
108828,JUBLFOOD27OCT26425PE,JUBLFOOD,27OCT2026,42500.000000,1250,OPTSTK,NFO,5.000000,50001,False
108830,JUBLFOOD27OCT26435PE,JUBLFOOD,27OCT2026,43500.000000,1250,OPTSTK,NFO,5.000000,50001,False
108833,JUBLFOOD27OCT26455CE,JUBLFOOD,27OCT2026,45500.000000,1250,OPTSTK,NFO,5.000000,50001,False
108848,JUBLFOOD27OCT26485CE,JUBLFOOD,27OCT2026,48500.000000,1250,OPTSTK,NFO,5.000000,50001,False
108852,JUBLFOOD27OCT26485PE,JUBLFOOD,27OCT2026,48500.000000,1250,OPTSTK,NFO,5.000000,50001,False
108856,JUBLFOOD27OCT26505CE,JUBLFOOD,27OCT2026,50500.000000,1250,OPTSTK,NFO,5.000000,50001,False
108883,HDFCAMC29SEP262600CE,HDFCAMC,29SEP2026,260000.000000,300,OPTSTK,NFO,5.000000,9001,False
108888,HDFCAMC29SEP262800PE,HDFCAMC,29SEP2026,280000.000000,300,OPTSTK,NFO,5.000000,9001,False
108995,HDFCBANK29SEP26560CE,HDFCBANK,29SEP2026,56000.000000,650,OPTSTK,NFO,5.000000,32501,False
109015,JUBLFOOD23NOV26440CE,JUBLFOOD,23NOV2026,44000.000000,1250,OPTSTK,NFO,5.000000,50001,False
109020,JUBLFOOD23NOV26460PE,JUBLFOOD,23NOV2026,46000.000000,1250,OPTSTK,NFO,5.000000,50001,False
109022,JUBLFOOD23NOV26470PE,JUBLFOOD,23NOV2026,47000.000000,1250,OPTSTK,NFO,5.000000,50001,False
109039,HDFCBANK29SEP26580PE,HDFCBANK,29SEP2026,58000.000000,650,OPTSTK,NFO,5.000000,32501,False
109048,JUBLFOOD23NOV26560CE,JUBLFOOD,23NOV2026,56000.000000,1250,OPTSTK,NFO,5.000000,50001,False
109068,SHRIRAMFIN29SEP261140CE,SHRIRAMFIN,29SEP2026,114000.000000,825,OPTSTK,NFO,5.000000,24751,False
109105,HDFCBANK29SEP26820PE,HDFCBANK,29SEP2026,82000.000000,650,OPTSTK,NFO,5.000000,32501,False
109110,HDFCBANK29SEP26880CE,HDFCBANK,29SEP2026,88000.000000,650,OPTSTK,NFO,5.000000,32501,False
109118,HDFCBANK29SEP26960CE,HDFCBANK,29SEP2026,96000.000000,650,OPTSTK,NFO,5.000000,32501,False
109209,SHRIRAMFIN27OCT261200CE,SHRIRAMFIN,27OCT2026,120000.000000,825,OPTSTK,NFO,5.000000,24751,False
109279,SIEMENS29SEP264150CE,SIEMENS,29SEP2026,415000.000000,175,OPTSTK,NFO,5.000000,7001,False
109380,KALYANKJIL23NOV26600CE,KALYANKJIL,23NOV2026,60000.000000,1350,OPTSTK,NFO,5.000000,40501,False
109381,KALYANKJIL23NOV26600PE,KALYANKJIL,23NOV2026,60000.000000,1350,OPTSTK,NFO,5.000000,40501,False
109386,KALYANKJIL23NOV26640PE,KALYANKJIL,23NOV2026,64000.000000,1350,OPTSTK,NFO,5.000000,40501,False
109390,KALYANKJIL23NOV26680PE,KALYANKJIL,23NOV2026,68000.000000,1350,OPTSTK,NFO,5.000000,40501,False
109396,KALYANKJIL23NOV26720PE,KALYANKJIL,23NOV2026,72000.000000,1350,OPTSTK,NFO,5.000000,40501,False
109433,SIEMENS27OCT263600CE,SIEMENS,27OCT2026,360000.000000,175,OPTSTK,NFO,5.000000,7001,False
109440,SIEMENS27OCT263900CE,SIEMENS,27OCT2026,390000.000000,175,OPTSTK,NFO,5.000000,7001,False
109449,SIEMENS27OCT264100PE,SIEMENS,27OCT2026,410000.000000,175,OPTSTK,NFO,5.000000,7001,False
109473,KAYNES27OCT263250PE,KAYNES,27OCT2026,325000.000000,150,OPTSTK,NFO,5.000000,6001,False
109479,KAYNES27OCT263550PE,KAYNES,27OCT2026,355000.000000,150,OPTSTK,NFO,5.000000,6001,False
109484,KAYNES27OCT263850CE,KAYNES,27OCT2026,385000.000000,150,OPTSTK,NFO,5.000000,6001,False
109486,KAYNES27OCT263950CE,KAYNES,27OCT2026,395000.000000,150,OPTSTK,NFO,5.000000,6001,False
109573,HDFCLIFE29SEP26440CE,HDFCLIFE,29SEP2026,44000.000000,1100,OPTSTK,NFO,5.000000,44001,False
109587,HDFCLIFE29SEP26490CE,HDFCLIFE,29SEP2026,49000.000000,1100,OPTSTK,NFO,5.000000,44001,False
109596,HDFCLIFE29SEP26530PE,HDFCLIFE,29SEP2026,53000.000000,1100,OPTSTK,NFO,5.000000,44001,False
109600,HDFCLIFE29SEP26550PE,HDFCLIFE,29SEP2026,55000.000000,1100,OPTSTK,NFO,5.000000,44001,False
109621,HDFCLIFE29SEP26630PE,HDFCLIFE,29SEP2026,63000.000000,1100,OPTSTK,NFO,5.000000,44001,False
109622,HDFCLIFE29SEP26640CE,HDFCLIFE,29SEP2026,64000.000000,1100,OPTSTK,NFO,5.000000,44001,False
109646,SOLARINDS27OCT2617500CE,SOLARINDS,27OCT2026,1750000.000000,50,OPTSTK,NFO,5.000000,1501,False
109648,SOLARINDS27OCT2618000CE,SOLARINDS,27OCT2026,1800000.000000,50,OPTSTK,NFO,5.000000,1501,False
109650,SOLARINDS27OCT2618500CE,SOLARINDS,27OCT2026,1850000.000000,50,OPTSTK,NFO,5.000000,1501,False
109662,SOLARINDS27OCT2621000CE,SOLARINDS,27OCT2026,2100000.000000,50,OPTSTK,NFO,5.000000,1501,False
109667,SOLARINDS27OCT2621500PE,SOLARINDS,27OCT2026,2150000.000000,50,OPTSTK,NFO,5.000000,1501,False
109701,SOLARINDS27OCT2624000PE,SOLARINDS,27OCT2026,2400000.000000,50,OPTSTK,NFO,5.000000,1501,False
109746,SONACOMS29SEP26670CE,SONACOMS,29SEP2026,67000.000000,1225,OPTSTK,NFO,5.000000,36751,False
109770,SONACOMS29SEP26810CE,SONACOMS,29SEP2026,81000.000000,1225,OPTSTK,NFO,5.000000,36751,False
109780,HEROMOTOCO29SEP265600PE,HEROMOTOCO,29SEP2026,560000.000000,150,OPTSTK,NFO,5.000000,4501,False
109782,HEROMOTOCO29SEP265800PE,HEROMOTOCO,29SEP2026,580000.000000,150,OPTSTK,NFO,5.000000,4501,False
109783,HEROMOTOCO29SEP266000CE,HEROMOTOCO,29SEP2026,600000.000000,150,OPTSTK,NFO,5.000000,4501,False
109784,SONACOMS29SEP26830CE,SONACOMS,29SEP2026,83000.000000,1225,OPTSTK,NFO,5.000000,36751,False
109845,KAYNES23NOV263600PE,KAYNES,23NOV2026,360000.000000,150,OPTSTK,NFO,5.000000,6001,False
109862,SONACOMS27OCT26800CE,SONACOMS,27OCT2026,80000.000000,1225,OPTSTK,NFO,5.000000,36751,False
109876,SONACOMS27OCT26880PE,SONACOMS,27OCT2026,88000.000000,1225,OPTSTK,NFO,5.000000,36751,False
109921,KEI27OCT264500PE,KEI,27OCT2026,450000.000000,175,OPTSTK,NFO,5.000000,5251,False
109923,SRF29SEP262450CE,SRF,29SEP2026,245000.000000,200,OPTSTK,NFO,5.000000,8001,False
109975,KEI27OCT266300CE,KEI,27OCT2026,630000.000000,175,OPTSTK,NFO,5.000000,5251,False
109993,SRF27OCT262200PE,SRF,27OCT2026,220000.000000,200,OPTSTK,NFO,5.000000,8001,False
109997,SRF27OCT262400CE,SRF,27OCT2026,240000.000000,200,OPTSTK,NFO,5.000000,8001,False
110013,SRF27OCT263000CE,SRF,27OCT2026,300000.000000,200,OPTSTK,NFO,5.000000,8001,False
110076,KEI23NOV264200CE,KEI,23NOV2026,420000.000000,175,OPTSTK,NFO,5.000000,5251,False
110088,HINDALCO29SEP26840PE,HINDALCO,29SEP2026,84000.000000,700,OPTSTK,NFO,5.000000,21001,False
110091,HINDALCO29SEP26920CE,HINDALCO,29SEP2026,92000.000000,700,OPTSTK,NFO,5.000000,21001,False
110099,SUNPHARMA29SEP261740CE,SUNPHARMA,29SEP2026,174000.000000,350,OPTSTK,NFO,5.000000,14001,False
110106,HINDALCO29SEP261040PE,HINDALCO,29SEP2026,104000.000000,700,OPTSTK,NFO,5.000000,21001,False
110111,HINDALCO29SEP261160CE,HINDALCO,29SEP2026,116000.000000,700,OPTSTK,NFO,5.000000,21001,False
110122,KEI23NOV265200PE,KEI,23NOV2026,520000.000000,175,OPTSTK,NFO,5.000000,5251,False
110138,KEI23NOV266400PE,KEI,23NOV2026,640000.000000,175,OPTSTK,NFO,5.000000,5251,False
110146,HINDPETRO29SEP26320.75PE,HINDPETRO,29SEP2026,32075.000000,2025,OPTSTK,NFO,5.000000,60751,False
110177,HINDPETRO29SEP26420.75PE,HINDPETRO,29SEP2026,42075.000000,2025,OPTSTK,NFO,5.000000,60751,False
110226,KFINTECH27OCT26980PE,KFINTECH,27OCT2026,98000.000000,575,OPTSTK,NFO,5.000000,23001,False
110283,KFINTECH23NOV26920CE,KFINTECH,23NOV2026,92000.000000,575,OPTSTK,NFO,5.000000,23001,False
110327,SUNPHARMA27OCT261560CE,SUNPHARMA,27OCT2026,156000.000000,350,OPTSTK,NFO,5.000000,14001,False
110332,SUNPHARMA27OCT261600PE,SUNPHARMA,27OCT2026,160000.000000,350,OPTSTK,NFO,5.000000,14001,False
110333,SUNPHARMA27OCT261640CE,SUNPHARMA,27OCT2026,164000.000000,350,OPTSTK,NFO,5.000000,14001,False
110455,SUPREMEIND29SEP263050PE,SUPREMEIND,29SEP2026,305000.000000,175,OPTSTK,NFO,5.000000,7001,False
110463,SUPREMEIND29SEP263450PE,SUPREMEIND,29SEP2026,345000.000000,175,OPTSTK,NFO,5.000000,7001,False
110466,SUPREMEIND29SEP263650CE,SUPREMEIND,29SEP2026,365000.000000,175,OPTSTK,NFO,5.000000,7001,False
110470,SUPREMEIND29SEP263750CE,SUPREMEIND,29SEP2026,375000.000000,175,OPTSTK,NFO,5.000000,7001,False
110490,KOTAKBANK27OCT26395CE,KOTAKBANK,27OCT2026,39500.000000,2000,OPTSTK,NFO,5.000000,60001,False
110492,KOTAKBANK27OCT26405CE,KOTAKBANK,27OCT2026,40500.000000,2000,OPTSTK,NFO,5.000000,60001,False
110496,KOTAKBANK27OCT26425CE,KOTAKBANK,27OCT2026,42500.000000,2000,OPTSTK,NFO,5.000000,60001,False
110499,KOTAKBANK27OCT26435PE,KOTAKBANK,27OCT2026,43500.000000,2000,OPTSTK,NFO,5.000000,60001,False
110551,SUPREMEIND27OCT263200CE,SUPREMEIND,27OCT2026,320000.000000,175,OPTSTK,NFO,5.000000,7001,False
110554,SUPREMEIND27OCT263300PE,SUPREMEIND,27OCT2026,330000.000000,175,OPTSTK,NFO,5.000000,7001,False
110565,SUPREMEIND27OCT263800CE,SUPREMEIND,27OCT2026,380000.000000,175,OPTSTK,NFO,5.000000,7001,False
110585,HINDUNILVR29SEP261920CE,HINDUNILVR,29SEP2026,192000.000000,300,OPTSTK,NFO,5.000000,12001,False
110592,HINDUNILVR29SEP262040PE,HINDUNILVR,29SEP2026,204000.000000,300,OPTSTK,NFO,5.000000,12001,False
110595,KOTAKBANK27OCT26455CE,KOTAKBANK,27OCT2026,45500.000000,2000,OPTSTK,NFO,5.000000,60001,False
110596,HINDUNILVR29SEP262080PE,HINDUNILVR,29SEP2026,208000.000000,300,OPTSTK,NFO,5.000000,12001,False
110603,HINDUNILVR29SEP262160CE,HINDUNILVR,29SEP2026,216000.000000,300,OPTSTK,NFO,5.000000,12001,False
110604,KOTAKBANK27OCT26465PE,KOTAKBANK,27OCT2026,46500.000000,2000,OPTSTK,NFO,5.000000,60001,False
110670,SUZLON29SEP2639CE,SUZLON,29SEP2026,3900.000000,12700,OPTSTK,NFO,1.000000,381001,False
110706,KOTAKBANK23NOV26360PE,KOTAKBANK,23NOV2026,36000.000000,2000,OPTSTK,NFO,5.000000,60001,False
110681,SUZLON29SEP2647PE,SUZLON,29SEP2026,4700.000000,12700,OPTSTK,NFO,1.000000,381001,False
110719,KOTAKBANK23NOV26430CE,KOTAKBANK,23NOV2026,43000.000000,2000,OPTSTK,NFO,5.000000,60001,False
110727,KOTAKBANK23NOV26470CE,KOTAKBANK,23NOV2026,47000.000000,2000,OPTSTK,NFO,5.000000,60001,False
110770,HINDUNILVR29SEP262280PE,HINDUNILVR,29SEP2026,228000.000000,300,OPTSTK,NFO,5.000000,12001,False
110771,HINDUNILVR29SEP262320CE,HINDUNILVR,29SEP2026,232000.000000,300,OPTSTK,NFO,5.000000,12001,False
110808,SUZLON27OCT2638CE,SUZLON,27OCT2026,3800.000000,12700,OPTSTK,NFO,1.000000,381001,False
110810,SUZLON27OCT2640CE,SUZLON,27OCT2026,4000.000000,12700,OPTSTK,NFO,1.000000,381001,False
110812,SUZLON27OCT2642CE,SUZLON,27OCT2026,4200.000000,12700,OPTSTK,NFO,1.000000,381001,False
110813,SUZLON27OCT2642PE,SUZLON,27OCT2026,4200.000000,12700,OPTSTK,NFO,1.000000,381001,False
110817,SUZLON27OCT2644CE,SUZLON,27OCT2026,4400.000000,12700,OPTSTK,NFO,1.000000,381001,False
110825,SUZLON27OCT2648PE,SUZLON,27OCT2026,4800.000000,12700,OPTSTK,NFO,1.000000,381001,False
110869,KPITTECH27OCT26490PE,KPITTECH,27OCT2026,49000.000000,775,OPTSTK,NFO,5.000000,38751,False
110888,KPITTECH27OCT26650PE,KPITTECH,27OCT2026,65000.000000,775,OPTSTK,NFO,5.000000,38751,False
111036,SWIGGY29SEP26255CE,SWIGGY,29SEP2026,25500.000000,1825,OPTSTK,NFO,5.000000,73001,False
111052,HINDZINC29SEP26540CE,HINDZINC,29SEP2026,54000.000000,1225,OPTSTK,NFO,5.000000,36751,False
111220,SWIGGY27OCT26270PE,SWIGGY,27OCT2026,27000.000000,1825,OPTSTK,NFO,5.000000,73001,False
111244,HYUNDAI29SEP261800CE,HYUNDAI,29SEP2026,180000.000000,275,OPTSTK,NFO,5.000000,11001,False
111248,HYUNDAI29SEP261880CE,HYUNDAI,29SEP2026,188000.000000,275,OPTSTK,NFO,5.000000,11001,False
111264,SWIGGY27OCT26320CE,SWIGGY,27OCT2026,32000.000000,1825,OPTSTK,NFO,5.000000,73001,False
111267,SWIGGY27OCT26330PE,SWIGGY,27OCT2026,33000.000000,1825,OPTSTK,NFO,5.000000,73001,False
111273,HYUNDAI29SEP262120PE,HYUNDAI,29SEP2026,212000.000000,275,OPTSTK,NFO,5.000000,11001,False
111286,HYUNDAI29SEP262360CE,HYUNDAI,29SEP2026,236000.000000,275,OPTSTK,NFO,5.000000,11001,False
111310,KPITTECH23NOV26620CE,KPITTECH,23NOV2026,62000.000000,775,OPTSTK,NFO,5.000000,38751,False
111311,KPITTECH23NOV26620PE,KPITTECH,23NOV2026,62000.000000,775,OPTSTK,NFO,5.000000,38751,False
111367,LAURUSLABS27OCT261780CE,LAURUSLABS,27OCT2026,178000.000000,850,OPTSTK,NFO,5.000000,17001,False
111517,ICICIBANK29SEP261200CE,ICICIBANK,29SEP2026,120000.000000,700,OPTSTK,NFO,5.000000,21001,False
111520,ICICIBANK29SEP261220PE,ICICIBANK,29SEP2026,122000.000000,700,OPTSTK,NFO,5.000000,21001,False
111523,ICICIBANK29SEP261260CE,ICICIBANK,29SEP2026,126000.000000,700,OPTSTK,NFO,5.000000,21001,False
111528,TATACONSUM29SEP26950PE,TATACONSUM,29SEP2026,95000.000000,550,OPTSTK,NFO,5.000000,22001,False
111531,TATACONSUM29SEP26970CE,TATACONSUM,29SEP2026,97000.000000,550,OPTSTK,NFO,5.000000,22001,False
111537,ICICIBANK29SEP261340CE,ICICIBANK,29SEP2026,134000.000000,700,OPTSTK,NFO,5.000000,21001,False
111542,ICICIBANK29SEP261380PE,ICICIBANK,29SEP2026,138000.000000,700,OPTSTK,NFO,5.000000,21001,False
111549,ICICIBANK29SEP261420PE,ICICIBANK,29SEP2026,142000.000000,700,OPTSTK,NFO,5.000000,21001,False
111555,ICICIBANK29SEP261480PE,ICICIBANK,29SEP2026,148000.000000,700,OPTSTK,NFO,5.000000,21001,False
111563,ICICIBANK29SEP261560CE,ICICIBANK,29SEP2026,156000.000000,700,OPTSTK,NFO,5.000000,21001,False
111564,ICICIBANK29SEP261560PE,ICICIBANK,29SEP2026,156000.000000,700,OPTSTK,NFO,5.000000,21001,False
111572,TATACONSUM29SEP261090CE,TATACONSUM,29SEP2026,109000.000000,550,OPTSTK,NFO,5.000000,22001,False
111580,ICICIBANK29SEP261660PE,ICICIBANK,29SEP2026,166000.000000,700,OPTSTK,NFO,5.000000,21001,False
111709,TATACONSUM27OCT26940PE,TATACONSUM,27OCT2026,94000.000000,550,OPTSTK,NFO,5.000000,22001,False
111736,LAURUSLABS23NOV261920CE,LAURUSLABS,23NOV2026,192000.000000,850,OPTSTK,NFO,5.000000,17001,False
111742,LAURUSLABS23NOV262000CE,LAURUSLABS,23NOV2026,200000.000000,850,OPTSTK,NFO,5.000000,17001,False
111745,LAURUSLABS23NOV262040PE,LAURUSLABS,23NOV2026,204000.000000,850,OPTSTK,NFO,5.000000,17001,False
111756,TATACONSUM27OCT261120PE,TATACONSUM,27OCT2026,112000.000000,550,OPTSTK,NFO,5.000000,22001,False
111760,TATACONSUM27OCT261160PE,TATACONSUM,27OCT2026,116000.000000,550,OPTSTK,NFO,5.000000,22001,False
111762,TATACONSUM27OCT261180PE,TATACONSUM,27OCT2026,118000.000000,550,OPTSTK,NFO,5.000000,22001,False
111913,LICHSGFIN27OCT26530PE,LICHSGFIN,27OCT2026,53000.000000,1000,OPTSTK,NFO,5.000000,40001,False
111941,ICICIGI29SEP261200PE,ICICIGI,29SEP2026,120000.000000,325,OPTSTK,NFO,5.000000,13001,False
111953,ICICIGI29SEP261360CE,ICICIGI,29SEP2026,136000.000000,325,OPTSTK,NFO,5.000000,13001,False
111954,ICICIGI29SEP261360PE,ICICIGI,29SEP2026,136000.000000,325,OPTSTK,NFO,5.000000,13001,False
111955,ICICIGI29SEP261400CE,ICICIGI,29SEP2026,140000.000000,325,OPTSTK,NFO,5.000000,13001,False
111960,ICICIGI29SEP261400PE,ICICIGI,29SEP2026,140000.000000,325,OPTSTK,NFO,5.000000,13001,False
100003,HINDZINC27OCT26550CE,HINDZINC,27OCT2026,55000.000000,1225,OPTSTK,NFO,5.000000,36751,False
100014,HINDZINC27OCT26590PE,HINDZINC,27OCT2026,59000.000000,1225,OPTSTK,NFO,5.000000,36751,False
100025,HINDZINC27OCT26630CE,HINDZINC,27OCT2026,63000.000000,1225,OPTSTK,NFO,5.000000,36751,False
100027,HINDZINC27OCT26650CE,HINDZINC,27OCT2026,65000.000000,1225,OPTSTK,NFO,5.000000,36751,False
100067,DIVISLAB29SEP267000PE,DIVISLAB,29SEP2026,700000.000000,100,OPTSTK,NFO,5.000000,3001,False
100138,HINDZINC23NOV26540PE,HINDZINC,23NOV2026,54000.000000,1225,OPTSTK,NFO,5.000000,36751,False
100143,HINDZINC23NOV26600CE,HINDZINC,23NOV2026,60000.000000,1225,OPTSTK,NFO,5.000000,36751,False
100145,HINDZINC23NOV26620CE,HINDZINC,23NOV2026,62000.000000,1225,OPTSTK,NFO,5.000000,36751,False
100147,HINDZINC23NOV26620PE,HINDZINC,23NOV2026,62000.000000,1225,OPTSTK,NFO,5.000000,36751,False
100155,HINDZINC23NOV26660CE,HINDZINC,23NOV2026,66000.000000,1225,OPTSTK,NFO,5.000000,36751,False
100159,HINDZINC23NOV26680PE,HINDZINC,23NOV2026,68000.000000,1225,OPTSTK,NFO,5.000000,36751,False
100213,HYUNDAI27OCT262060PE,HYUNDAI,27OCT2026,206000.000000,275,OPTSTK,NFO,5.000000,11001,False
100218,HYUNDAI27OCT262180CE,HYUNDAI,27OCT2026,218000.000000,275,OPTSTK,NFO,5.000000,11001,False
100353,HYUNDAI23NOV262000PE,HYUNDAI,23NOV2026,200000.000000,275,OPTSTK,NFO,5.000000,11001,False
100357,HYUNDAI23NOV262080PE,HYUNDAI,23NOV2026,208000.000000,275,OPTSTK,NFO,5.000000,11001,False
100386,HYUNDAI23NOV262360CE,HYUNDAI,23NOV2026,236000.000000,275,OPTSTK,NFO,5.000000,11001,False
100396,HYUNDAI23NOV262560CE,HYUNDAI,23NOV2026,256000.000000,275,OPTSTK,NFO,5.000000,11001,False
100434,PATANJALI27OCT26350CE,PATANJALI,27OCT2026,35000.000000,1075,OPTSTK,NFO,5.000000,64501,False
100523,DIXON29SEP2614500CE,DIXON,29SEP2026,1450000.000000,50,OPTSTK,NFO,5.000000,1501,False
100524,DIXON29SEP2614500PE,DIXON,29SEP2026,1450000.000000,50,OPTSTK,NFO,5.000000,1501,False
100531,DIXON29SEP2616500CE,DIXON,29SEP2026,1650000.000000,50,OPTSTK,NFO,5.000000,1501,False
100603,DLF29SEP26700PE,DLF,29SEP2026,70000.000000,950,OPTSTK,NFO,5.000000,38001,False
100623,PAYTM29SEP261460CE,PAYTM,29SEP2026,146000.000000,725,OPTSTK,NFO,5.000000,14501,False
100630,DLF29SEP26740CE,DLF,29SEP2026,74000.000000,950,OPTSTK,NFO,5.000000,38001,False
100704,PAYTM27OCT261520CE,PAYTM,27OCT2026,152000.000000,725,OPTSTK,NFO,5.000000,14501,False
100744,ICICIBANK27OCT261330CE,ICICIBANK,27OCT2026,133000.000000,700,OPTSTK,NFO,5.000000,21001,False
100811,PERSISTENT29SEP264900CE,PERSISTENT,29SEP2026,490000.000000,125,OPTSTK,NFO,5.000000,3751,False
100851,PERSISTENT27OCT264600CE,PERSISTENT,27OCT2026,460000.000000,125,OPTSTK,NFO,5.000000,3751,False
100864,PERSISTENT27OCT265800PE,PERSISTENT,27OCT2026,580000.000000,125,OPTSTK,NFO,5.000000,3751,False
100899,PETRONET29SEP26265CE,PETRONET,29SEP2026,26500.000000,1900,OPTSTK,NFO,5.000000,76001,False
100909,PETRONET29SEP26295CE,PETRONET,29SEP2026,29500.000000,1900,OPTSTK,NFO,5.000000,76001,False
100910,PETRONET29SEP26295PE,PETRONET,29SEP2026,29500.000000,1900,OPTSTK,NFO,5.000000,76001,False
100960,PETRONET27OCT26290PE,PETRONET,27OCT2026,29000.000000,1900,OPTSTK,NFO,5.000000,76001,False
100961,PETRONET27OCT26300CE,PETRONET,27OCT2026,30000.000000,1900,OPTSTK,NFO,5.000000,76001,False
100964,PETRONET27OCT26310PE,PETRONET,27OCT2026,31000.000000,1900,OPTSTK,NFO,5.000000,76001,False
101003,PFC29SEP26315CE,PFC,29SEP2026,31500.000000,1300,OPTSTK,NFO,5.000000,52001,False
101005,PFC29SEP26325CE,PFC,29SEP2026,32500.000000,1300,OPTSTK,NFO,5.000000,52001,False
101011,PFC29SEP26355CE,PFC,29SEP2026,35500.000000,1300,OPTSTK,NFO,5.000000,52001,False
101022,ICICIBANK23NOV261160CE,ICICIBANK,23NOV2026,116000.000000,700,OPTSTK,NFO,5.000000,21001,False
101023,ICICIBANK23NOV261160PE,ICICIBANK,23NOV2026,116000.000000,700,OPTSTK,NFO,5.000000,21001,False
101027,PFC29SEP26375CE,PFC,29SEP2026,37500.000000,1300,OPTSTK,NFO,5.000000,52001,False
101068,ICICIBANK23NOV261240PE,ICICIBANK,23NOV2026,124000.000000,700,OPTSTK,NFO,5.000000,21001,False
101104,ICICIBANK23NOV261280CE,ICICIBANK,23NOV2026,128000.000000,700,OPTSTK,NFO,5.000000,21001,False
101120,PFC27OCT26310PE,PFC,27OCT2026,31000.000000,1300,OPTSTK,NFO,5.000000,52001,False
101144,ICICIBANK23NOV261400CE,ICICIBANK,23NOV2026,140000.000000,700,OPTSTK,NFO,5.000000,21001,False
101168,ICICIBANK23NOV261480CE,ICICIBANK,23NOV2026,148000.000000,700,OPTSTK,NFO,5.000000,21001,False
101170,ICICIBANK23NOV261500CE,ICICIBANK,23NOV2026,150000.000000,700,OPTSTK,NFO,5.000000,21001,False
101171,ICICIBANK23NOV261500PE,ICICIBANK,23NOV2026,150000.000000,700,OPTSTK,NFO,5.000000,21001,False
101234,DMART29SEP263800CE,DMART,29SEP2026,380000.000000,150,OPTSTK,NFO,5.000000,6001,False
101245,DMART29SEP264300PE,DMART,29SEP2026,430000.000000,150,OPTSTK,NFO,5.000000,6001,False
101248,DMART29SEP264500CE,DMART,29SEP2026,450000.000000,150,OPTSTK,NFO,5.000000,6001,False
101309,ICICIGI27OCT261340CE,ICICIGI,27OCT2026,134000.000000,325,OPTSTK,NFO,5.000000,13001,False
101346,ICICIGI27OCT261620CE,ICICIGI,27OCT2026,162000.000000,325,OPTSTK,NFO,5.000000,13001,False
101354,ICICIGI27OCT261780CE,ICICIGI,27OCT2026,178000.000000,325,OPTSTK,NFO,5.000000,13001,False
101441,PGEL29SEP26510CE,PGEL,29SEP2026,51000.000000,950,OPTSTK,NFO,5.000000,38001,False
101445,PGEL29SEP26550CE,PGEL,29SEP2026,55000.000000,950,OPTSTK,NFO,5.000000,38001,False
101450,PGEL29SEP26590PE,PGEL,29SEP2026,59000.000000,950,OPTSTK,NFO,5.000000,38001,False
101524,ICICIGI23NOV261360PE,ICICIGI,23NOV2026,136000.000000,325,OPTSTK,NFO,5.000000,13001,False
101549,ICICIGI23NOV261560CE,ICICIGI,23NOV2026,156000.000000,325,OPTSTK,NFO,5.000000,13001,False
101586,ICICIGI23NOV261600CE,ICICIGI,23NOV2026,160000.000000,325,OPTSTK,NFO,5.000000,13001,False
101630,PGEL27OCT26500CE,PGEL,27OCT2026,50000.000000,950,OPTSTK,NFO,5.000000,38001,False
101631,PGEL27OCT26500PE,PGEL,27OCT2026,50000.000000,950,OPTSTK,NFO,5.000000,38001,False
101666,ICICIPRULI27OCT26415PE,ICICIPRULI,27OCT2026,41500.000000,925,OPTSTK,NFO,5.000000,46251,False
101815,DRREDDY29SEP26960PE,DRREDDY,29SEP2026,96000.000000,625,OPTSTK,NFO,5.000000,18751,False
101816,DRREDDY29SEP261000CE,DRREDDY,29SEP2026,100000.000000,625,OPTSTK,NFO,5.000000,18751,False
101823,DRREDDY29SEP261040CE,DRREDDY,29SEP2026,104000.000000,625,OPTSTK,NFO,5.000000,18751,False
101828,PHOENIXLTD29SEP261860PE,PHOENIXLTD,29SEP2026,186000.000000,350,OPTSTK,NFO,5.000000,14001,False
101850,DRREDDY29SEP261100PE,DRREDDY,29SEP2026,110000.000000,625,OPTSTK,NFO,5.000000,18751,False
101870,DRREDDY29SEP261160CE,DRREDDY,29SEP2026,116000.000000,625,OPTSTK,NFO,5.000000,18751,False
101918,DRREDDY29SEP261320PE,DRREDDY,29SEP2026,132000.000000,625,OPTSTK,NFO,5.000000,18751,False
101929,DRREDDY29SEP261360PE,DRREDDY,29SEP2026,136000.000000,625,OPTSTK,NFO,5.000000,18751,False
101945,PHOENIXLTD27OCT261920PE,PHOENIXLTD,27OCT2026,192000.000000,350,OPTSTK,NFO,5.000000,14001,False
102003,ICICIPRULI23NOV26480CE,ICICIPRULI,23NOV2026,48000.000000,925,OPTSTK,NFO,5.000000,46251,False
102004,ICICIPRULI23NOV26480PE,ICICIPRULI,23NOV2026,48000.000000,925,OPTSTK,NFO,5.000000,46251,False
102005,ICICIPRULI23NOV26490CE,ICICIPRULI,23NOV2026,49000.000000,925,OPTSTK,NFO,5.000000,46251,False
102015,ICICIPRULI23NOV26540CE,ICICIPRULI,23NOV2026,54000.000000,925,OPTSTK,NFO,5.000000,46251,False
102019,ICICIPRULI23NOV26560CE,ICICIPRULI,23NOV2026,56000.000000,925,OPTSTK,NFO,5.000000,46251,False
102070,IDEA27OCT2613PE,IDEA,27OCT2026,1300.000000,71475,OPTSTK,NFO,1.000000,1429501,False
102100,IDEA23NOV2620PE,IDEA,23NOV2026,2000.000000,71475,OPTSTK,NFO,1.000000,1429501,False
102102,IDEA23NOV2622PE,IDEA,23NOV2026,2200.000000,71475,OPTSTK,NFO,1.000000,1429501,False
102157,PIDILITIND29SEP261420CE,PIDILITIND,29SEP2026,142000.000000,500,OPTSTK,NFO,5.000000,15001,False
102167,IDFCFIRSTB27OCT2677PE,IDFCFIRSTB,27OCT2026,7700.000000,9275,OPTSTK,NFO,1.000000,278251,False
102174,IDFCFIRSTB27OCT2685CE,IDFCFIRSTB,27OCT2026,8500.000000,9275,OPTSTK,NFO,1.000000,278251,False
102178,PIDILITIND29SEP261500CE,PIDILITIND,29SEP2026,150000.000000,500,OPTSTK,NFO,5.000000,15001,False
102263,IDFCFIRSTB23NOV2678CE,IDFCFIRSTB,23NOV2026,7800.000000,9275,OPTSTK,NFO,1.000000,278251,False
102267,IDFCFIRSTB23NOV2680PE,IDFCFIRSTB,23NOV2026,8000.000000,9275,OPTSTK,NFO,1.000000,278251,False
102270,PIDILITIND29SEP261620PE,PIDILITIND,29SEP2026,162000.000000,500,OPTSTK,NFO,5.000000,15001,False
102313,EICHERMOT29SEP267600PE,EICHERMOT,29SEP2026,760000.000000,100,OPTSTK,NFO,5.000000,3001,False
102315,EICHERMOT29SEP267800PE,EICHERMOT,29SEP2026,780000.000000,100,OPTSTK,NFO,5.000000,3001,False
102328,EICHERMOT29SEP269200CE,EICHERMOT,29SEP2026,920000.000000,100,OPTSTK,NFO,5.000000,3001,False
102354,PIDILITIND29SEP261780CE,PIDILITIND,29SEP2026,178000.000000,500,OPTSTK,NFO,5.000000,15001,False
102366,IDFCFIRSTB23NOV2684CE,IDFCFIRSTB,23NOV2026,8400.000000,9275,OPTSTK,NFO,1.000000,278251,False
102452,PIDILITIND27OCT261560CE,PIDILITIND,27OCT2026,156000.000000,500,OPTSTK,NFO,5.000000,15001,False
102453,PIDILITIND27OCT261560PE,PIDILITIND,27OCT2026,156000.000000,500,OPTSTK,NFO,5.000000,15001,False
102458,PIDILITIND27OCT261680CE,PIDILITIND,27OCT2026,168000.000000,500,OPTSTK,NFO,5.000000,15001,False
102474,PIDILITIND27OCT261880CE,PIDILITIND,27OCT2026,188000.000000,500,OPTSTK,NFO,5.000000,15001,False
102510,PIIND29SEP261950PE,PIIND,29SEP2026,195000.000000,175,OPTSTK,NFO,5.000000,8751,False
102512,PIIND29SEP262050PE,PIIND,29SEP2026,205000.000000,175,OPTSTK,NFO,5.000000,8751,False
102521,PIIND29SEP262450CE,PIIND,29SEP2026,245000.000000,175,OPTSTK,NFO,5.000000,8751,False
102530,PIIND29SEP262850CE,PIIND,29SEP2026,285000.000000,175,OPTSTK,NFO,5.000000,8751,False
102549,ETERNAL29SEP26260CE,ETERNAL,29SEP2026,26000.000000,2425,OPTSTK,NFO,5.000000,72751,False
102552,ETERNAL29SEP26270CE,ETERNAL,29SEP2026,27000.000000,2425,OPTSTK,NFO,5.000000,72751,False
102554,ETERNAL29SEP26280CE,ETERNAL,29SEP2026,28000.000000,2425,OPTSTK,NFO,5.000000,72751,False
102563,ETERNAL29SEP26320PE,ETERNAL,29SEP2026,32000.000000,2425,OPTSTK,NFO,5.000000,72751,False
102565,ETERNAL29SEP26330PE,ETERNAL,29SEP2026,33000.000000,2425,OPTSTK,NFO,5.000000,72751,False
102567,PIIND29SEP263050PE,PIIND,29SEP2026,305000.000000,175,OPTSTK,NFO,5.000000,8751,False
102592,IEX27OCT26107.5PE,IEX,27OCT2026,10750.000000,4350,OPTSTK,NFO,1.000000,174001,False
102666,PIIND27OCT262100CE,PIIND,27OCT2026,210000.000000,175,OPTSTK,NFO,5.000000,8751,False
102678,FEDERALBNK29SEP26300CE,FEDERALBNK,29SEP2026,30000.000000,2500,OPTSTK,NFO,5.000000,75001,False
102681,FEDERALBNK29SEP26310PE,FEDERALBNK,29SEP2026,31000.000000,2500,OPTSTK,NFO,5.000000,75001,False
102724,IEX23NOV26115CE,IEX,23NOV2026,11500.000000,4350,OPTSTK,NFO,1.000000,174001,False
102725,IEX23NOV26115PE,IEX,23NOV2026,11500.000000,4350,OPTSTK,NFO,1.000000,174001,False
102726,PIIND27OCT262900PE,PIIND,27OCT2026,290000.000000,175,OPTSTK,NFO,5.000000,8751,False
102747,IEX23NOV26130PE,IEX,23NOV2026,13000.000000,4350,OPTSTK,NFO,1.000000,174001,False
102817,PNB29SEP26103PE,PNB,29SEP2026,10300.000000,8000,OPTSTK,NFO,1.000000,240001,False
102843,PNB29SEP26117CE,PNB,29SEP2026,11700.000000,8000,OPTSTK,NFO,1.000000,240001,False
102845,PNB29SEP26119CE,PNB,29SEP2026,11900.000000,8000,OPTSTK,NFO,1.000000,240001,False
102864,INDHOTEL27OCT26730CE,INDHOTEL,27OCT2026,73000.000000,1000,OPTSTK,NFO,5.000000,30001,False
102871,INDHOTEL27OCT26790PE,INDHOTEL,27OCT2026,79000.000000,1000,OPTSTK,NFO,5.000000,30001,False
102872,INDHOTEL27OCT26810CE,INDHOTEL,27OCT2026,81000.000000,1000,OPTSTK,NFO,5.000000,30001,False
102919,FEDERALBNK29SEP26410CE,FEDERALBNK,29SEP2026,41000.000000,2500,OPTSTK,NFO,5.000000,75001,False
103014,INDHOTEL23NOV26740PE,INDHOTEL,23NOV2026,74000.000000,1000,OPTSTK,NFO,5.000000,30001,False
103017,PNB27OCT2698PE,PNB,27OCT2026,9800.000000,8000,OPTSTK,NFO,1.000000,240001,False
103023,PNB27OCT26104PE,PNB,27OCT2026,10400.000000,8000,OPTSTK,NFO,1.000000,240001,False
103024,PNB27OCT26106CE,PNB,27OCT2026,10600.000000,8000,OPTSTK,NFO,1.000000,240001,False
103040,PNB27OCT26116CE,PNB,27OCT2026,11600.000000,8000,OPTSTK,NFO,1.000000,240001,False
103053,PNB27OCT26120PE,PNB,27OCT2026,12000.000000,8000,OPTSTK,NFO,1.000000,240001,False
103065,FORCEMOT29SEP2621000CE,FORCEMOT,29SEP2026,2100000.000000,25,OPTSTK,NFO,5.000000,1251,False
103091,PNB27OCT26132PE,PNB,27OCT2026,13200.000000,8000,OPTSTK,NFO,1.000000,240001,False
103266,INDIANB27OCT26870CE,INDIANB,27OCT2026,87000.000000,1000,OPTSTK,NFO,5.000000,30001,False
103271,INDIANB27OCT26910PE,INDIANB,27OCT2026,91000.000000,1000,OPTSTK,NFO,5.000000,30001,False
103275,INDIANB27OCT26950PE,INDIANB,27OCT2026,95000.000000,1000,OPTSTK,NFO,5.000000,30001,False
103280,PNBHOUSING29SEP261220PE,PNBHOUSING,29SEP2026,122000.000000,650,OPTSTK,NFO,5.000000,19501,False
103293,PNBHOUSING29SEP261260PE,PNBHOUSING,29SEP2026,126000.000000,650,OPTSTK,NFO,5.000000,19501,False
103335,PNBHOUSING27OCT261000PE,PNBHOUSING,27OCT2026,100000.000000,650,OPTSTK,NFO,5.000000,19501,False
103454,POLICYBZR29SEP261500PE,POLICYBZR,29SEP2026,150000.000000,350,OPTSTK,NFO,5.000000,14001,False
103470,INDIANB23NOV26820PE,INDIANB,23NOV2026,82000.000000,1000,OPTSTK,NFO,5.000000,30001,False
103472,INDIANB23NOV26840PE,INDIANB,23NOV2026,84000.000000,1000,OPTSTK,NFO,5.000000,30001,False
103482,INDIANB23NOV26920CE,INDIANB,23NOV2026,92000.000000,1000,OPTSTK,NFO,5.000000,30001,False
103486,POLICYBZR29SEP261860PE,POLICYBZR,29SEP2026,186000.000000,350,OPTSTK,NFO,5.000000,14001,False
103487,POLICYBZR29SEP261900CE,POLICYBZR,29SEP2026,190000.000000,350,OPTSTK,NFO,5.000000,14001,False
103493,POLICYBZR29SEP262020CE,POLICYBZR,29SEP2026,202000.000000,350,OPTSTK,NFO,5.000000,14001,False
103506,INDIANB23NOV261000CE,INDIANB,23NOV2026,100000.000000,1000,OPTSTK,NFO,5.000000,30001,False
103641,FORTIS29SEP26860CE,FORTIS,29SEP2026,86000.000000,775,OPTSTK,NFO,5.000000,23251,False
103647,FORTIS29SEP26920CE,FORTIS,29SEP2026,92000.000000,775,OPTSTK,NFO,5.000000,23251,False
103655,POLICYBZR27OCT261880CE,POLICYBZR,27OCT2026,188000.000000,350,OPTSTK,NFO,5.000000,14001,False
103656,FORTIS29SEP26960PE,FORTIS,29SEP2026,96000.000000,775,OPTSTK,NFO,5.000000,23251,False
103662,FORTIS29SEP261000CE,FORTIS,29SEP2026,100000.000000,775,OPTSTK,NFO,5.000000,23251,False
103782,INDIGO23NOV264600PE,INDIGO,23NOV2026,460000.000000,150,OPTSTK,NFO,5.000000,4501,False
103840,POLYCAB29SEP267300CE,POLYCAB,29SEP2026,730000.000000,125,OPTSTK,NFO,5.000000,2501,False
103842,POLYCAB29SEP267500CE,POLYCAB,29SEP2026,750000.000000,125,OPTSTK,NFO,5.000000,2501,False
103846,POLYCAB29SEP267900CE,POLYCAB,29SEP2026,790000.000000,125,OPTSTK,NFO,5.000000,2501,False
103853,POLYCAB29SEP268500PE,POLYCAB,29SEP2026,850000.000000,125,OPTSTK,NFO,5.000000,2501,False
103885,INDUSINDBK27OCT26950CE,INDUSINDBK,27OCT2026,95000.000000,700,OPTSTK,NFO,5.000000,28001,False
103886,INDUSINDBK27OCT26950PE,INDUSINDBK,27OCT2026,95000.000000,700,OPTSTK,NFO,5.000000,28001,False
103890,INDUSINDBK27OCT26990PE,INDUSINDBK,27OCT2026,99000.000000,700,OPTSTK,NFO,5.000000,28001,False
103899,INDUSINDBK27OCT261090CE,INDUSINDBK,27OCT2026,109000.000000,700,OPTSTK,NFO,5.000000,28001,False
103975,POLYCAB29SEP269900PE,POLYCAB,29SEP2026,990000.000000,125,OPTSTK,NFO,5.000000,2501,False
104038,INDUSINDBK23NOV26900CE,INDUSINDBK,23NOV2026,90000.000000,700,OPTSTK,NFO,5.000000,28001,False
104043,INDUSINDBK23NOV26920PE,INDUSINDBK,23NOV2026,92000.000000,700,OPTSTK,NFO,5.000000,28001,False
104063,INDUSINDBK23NOV261120CE,INDUSINDBK,23NOV2026,112000.000000,700,OPTSTK,NFO,5.000000,28001,False
104122,GAIL29SEP26150PE,GAIL,29SEP2026,15000.000000,3550,OPTSTK,NFO,1.000000,142001,False
104136,GAIL29SEP26180PE,GAIL,29SEP2026,18000.000000,3550,OPTSTK,NFO,1.000000,142001,False
104148,GAIL29SEP26190PE,GAIL,29SEP2026,19000.000000,3550,OPTSTK,NFO,1.000000,142001,False
104160,GAIL29SEP26200CE,GAIL,29SEP2026,20000.000000,3550,OPTSTK,NFO,1.000000,142001,False
104243,POLYCAB27OCT267600PE,POLYCAB,27OCT2026,760000.000000,125,OPTSTK,NFO,5.000000,2501,False
104273,POLYCAB27OCT269000CE,POLYCAB,27OCT2026,900000.000000,125,OPTSTK,NFO,5.000000,2501,False
104289,POLYCAB27OCT2610400CE,POLYCAB,27OCT2026,1040000.000000,125,OPTSTK,NFO,5.000000,2501,False
104341,INDUSTOWER27OCT26395CE,INDUSTOWER,27OCT2026,39500.000000,1700,OPTSTK,NFO,5.000000,68001,False
104386,POWERGRID29SEP26257.5CE,POWERGRID,29SEP2026,25750.000000,1900,OPTSTK,NFO,5.000000,76001,False
104423,POWERGRID29SEP26292.5CE,POWERGRID,29SEP2026,29250.000000,1900,OPTSTK,NFO,5.000000,76001,False
104427,POWERGRID29SEP26297.5CE,POWERGRID,29SEP2026,29750.000000,1900,OPTSTK,NFO,5.000000,76001,False
104452,INDUSTOWER23NOV26340PE,INDUSTOWER,23NOV2026,34000.000000,1700,OPTSTK,NFO,5.000000,68001,False
104459,INDUSTOWER23NOV26380CE,INDUSTOWER,23NOV2026,38000.000000,1700,OPTSTK,NFO,5.000000,68001,False
104471,INDUSTOWER23NOV26410CE,INDUSTOWER,23NOV2026,41000.000000,1700,OPTSTK,NFO,5.000000,68001,False
104481,INDUSTOWER23NOV26430CE,INDUSTOWER,23NOV2026,43000.000000,1700,OPTSTK,NFO,5.000000,68001,False
104640,POWERGRID27OCT26230CE,POWERGRID,27OCT2026,23000.000000,1900,OPTSTK,NFO,5.000000,76001,False
104657,POWERGRID27OCT26265PE,POWERGRID,27OCT2026,26500.000000,1900,OPTSTK,NFO,5.000000,76001,False
104664,POWERGRID27OCT26285CE,POWERGRID,27OCT2026,28500.000000,1900,OPTSTK,NFO,5.000000,76001,False
104672,POWERGRID27OCT26305CE,POWERGRID,27OCT2026,30500.000000,1900,OPTSTK,NFO,5.000000,76001,False
104711,INFY27OCT26900CE,INFY,27OCT2026,90000.000000,400,OPTSTK,NFO,5.000000,20001,False
104737,INFY27OCT261220PE,INFY,27OCT2026,122000.000000,400,OPTSTK,NFO,5.000000,20001,False
104813,INFY23NOV261240PE,INFY,23NOV2026,124000.000000,400,OPTSTK,NFO,5.000000,20001,False
104821,GLENMARK29SEP262120CE,GLENMARK,29SEP2026,212000.000000,375,OPTSTK,NFO,5.000000,11251,False
104897,POWERINDIA29SEP2637500CE,POWERINDIA,29SEP2026,3750000.000000,25,OPTSTK,NFO,5.000000,751,False
104836,GLENMARK29SEP262200CE,GLENMARK,29SEP2026,220000.000000,375,OPTSTK,NFO,5.000000,11251,False
104848,POWERINDIA29SEP2629500CE,POWERINDIA,29SEP2026,2950000.000000,25,OPTSTK,NFO,5.000000,751,False
104896,POWERINDIA29SEP2636500PE,POWERINDIA,29SEP2026,3650000.000000,25,OPTSTK,NFO,5.000000,751,False
104945,INFY23NOV261280PE,INFY,23NOV2026,128000.000000,400,OPTSTK,NFO,5.000000,20001,False
104985,GLENMARK29SEP262720PE,GLENMARK,29SEP2026,272000.000000,375,OPTSTK,NFO,5.000000,11251,False
105037,POWERINDIA27OCT2634000PE,POWERINDIA,27OCT2026,3400000.000000,25,OPTSTK,NFO,5.000000,751,False
105086,INOXWIND23NOV2685CE,INOXWIND,23NOV2026,8500.000000,6400,OPTSTK,NFO,1.000000,256001,False
105132,IOC27OCT26127.5CE,IOC,27OCT2026,12750.000000,4875,OPTSTK,NFO,1.000000,195001,False
105147,IOC27OCT26152.5PE,IOC,27OCT2026,15250.000000,4875,OPTSTK,NFO,1.000000,195001,False
105177,PREMIERENE29SEP261100PE,PREMIERENE,29SEP2026,110000.000000,650,OPTSTK,NFO,5.000000,26001,False
105192,IOC23NOV26125CE,IOC,23NOV2026,12500.000000,4875,OPTSTK,NFO,1.000000,195001,False
105244,PREMIERENE27OCT26800PE,PREMIERENE,27OCT2026,80000.000000,650,OPTSTK,NFO,5.000000,26001,False
105351,PREMIERENE27OCT261080CE,PREMIERENE,27OCT2026,108000.000000,650,OPTSTK,NFO,5.000000,26001,False
105356,PREMIERENE27OCT261120CE,PREMIERENE,27OCT2026,112000.000000,650,OPTSTK,NFO,5.000000,26001,False
105369,GMRAIRPORT29SEP2684PE,GMRAIRPORT,29SEP2026,8400.000000,6975,OPTSTK,NFO,1.000000,209251,False
105372,GMRAIRPORT29SEP2688CE,GMRAIRPORT,29SEP2026,8800.000000,6975,OPTSTK,NFO,1.000000,209251,False
105373,GMRAIRPORT29SEP2688PE,GMRAIRPORT,29SEP2026,8800.000000,6975,OPTSTK,NFO,1.000000,209251,False
105386,GMRAIRPORT29SEP2696CE,GMRAIRPORT,29SEP2026,9600.000000,6975,OPTSTK,NFO,1.000000,209251,False
105414,PRESTIGE29SEP261340CE,PRESTIGE,29SEP2026,134000.000000,450,OPTSTK,NFO,5.000000,13501,False
105435,PRESTIGE29SEP261700PE,PRESTIGE,29SEP2026,170000.000000,450,OPTSTK,NFO,5.000000,13501,False
105437,PRESTIGE29SEP261740PE,PRESTIGE,29SEP2026,174000.000000,450,OPTSTK,NFO,5.000000,13501,False
105448,GMRAIRPORT29SEP26110CE,GMRAIRPORT,29SEP2026,11000.000000,6975,OPTSTK,NFO,1.000000,209251,False
105466,GMRAIRPORT29SEP26124CE,GMRAIRPORT,29SEP2026,12400.000000,6975,OPTSTK,NFO,1.000000,209251,False
105523,IREDA27OCT26102.5CE,IREDA,27OCT2026,10250.000000,4525,OPTSTK,NFO,1.000000,181001,False
105524,IREDA27OCT26102.5PE,IREDA,27OCT2026,10250.000000,4525,OPTSTK,NFO,1.000000,181001,False
105571,IREDA23NOV2690PE,IREDA,23NOV2026,9000.000000,4525,OPTSTK,NFO,1.000000,181001,False
105582,IREDA23NOV26120CE,IREDA,23NOV2026,12000.000000,4525,OPTSTK,NFO,1.000000,181001,False
105587,IREDA23NOV26130PE,IREDA,23NOV2026,13000.000000,4525,OPTSTK,NFO,1.000000,181001,False
105654,PRESTIGE27OCT261240PE,PRESTIGE,27OCT2026,124000.000000,450,OPTSTK,NFO,5.000000,13501,False
105656,PRESTIGE27OCT261280CE,PRESTIGE,27OCT2026,128000.000000,450,OPTSTK,NFO,5.000000,13501,False
105664,PRESTIGE27OCT261320PE,PRESTIGE,27OCT2026,132000.000000,450,OPTSTK,NFO,5.000000,13501,False
105682,PRESTIGE27OCT261640PE,PRESTIGE,27OCT2026,164000.000000,450,OPTSTK,NFO,5.000000,13501,False
105683,PRESTIGE27OCT261680CE,PRESTIGE,27OCT2026,168000.000000,450,OPTSTK,NFO,5.000000,13501,False
105747,RADICO29SEP264450CE,RADICO,29SEP2026,445000.000000,150,OPTSTK,NFO,5.000000,6001,False
105764,RADICO29SEP264550PE,RADICO,29SEP2026,455000.000000,150,OPTSTK,NFO,5.000000,6001,False
105772,RADICO29SEP264750CE,RADICO,29SEP2026,475000.000000,150,OPTSTK,NFO,5.000000,6001,False
105803,IRFC27OCT2673PE,IRFC,27OCT2026,7300.000000,5425,OPTSTK,NFO,1.000000,271251,False
105821,IRFC27OCT2675PE,IRFC,27OCT2026,7500.000000,5425,OPTSTK,NFO,1.000000,271251,False
105822,IRFC27OCT2677CE,IRFC,27OCT2026,7700.000000,5425,OPTSTK,NFO,1.000000,271251,False
105827,RADICO27OCT264000PE,RADICO,27OCT2026,400000.000000,150,OPTSTK,NFO,5.000000,6001,False
105920,IRFC27OCT2687CE,IRFC,27OCT2026,8700.000000,5425,OPTSTK,NFO,1.000000,271251,False
105934,IRFC27OCT2695PE,IRFC,27OCT2026,9500.000000,5425,OPTSTK,NFO,1.000000,271251,False
105977,RBLBANK29SEP26405PE,RBLBANK,29SEP2026,40500.000000,3175,OPTSTK,NFO,5.000000,63501,False
105979,RBLBANK29SEP26415PE,RBLBANK,29SEP2026,41500.000000,3175,OPTSTK,NFO,5.000000,63501,False
105981,RBLBANK29SEP26425PE,RBLBANK,29SEP2026,42500.000000,3175,OPTSTK,NFO,5.000000,63501,False
106044,RBLBANK27OCT26360PE,RBLBANK,27OCT2026,36000.000000,3175,OPTSTK,NFO,5.000000,63501,False
106045,RBLBANK27OCT26370CE,RBLBANK,27OCT2026,37000.000000,3175,OPTSTK,NFO,5.000000,63501,False
106049,RBLBANK27OCT26390CE,RBLBANK,27OCT2026,39000.000000,3175,OPTSTK,NFO,5.000000,63501,False
106050,RBLBANK27OCT26390PE,RBLBANK,27OCT2026,39000.000000,3175,OPTSTK,NFO,5.000000,63501,False
106102,RECLTD29SEP26365CE,RECLTD,29SEP2026,36500.000000,1575,OPTSTK,NFO,5.000000,63001,False
106138,RECLTD27OCT26260CE,RECLTD,27OCT2026,26000.000000,1575,OPTSTK,NFO,5.000000,63001,False
106143,RECLTD27OCT26280PE,RECLTD,27OCT2026,28000.000000,1575,OPTSTK,NFO,5.000000,63001,False
106244,RECLTD27OCT26390CE,RECLTD,27OCT2026,39000.000000,1575,OPTSTK,NFO,5.000000,63001,False
106269,GODREJCP29SEP26740PE,GODREJCP,29SEP2026,74000.000000,500,OPTSTK,NFO,5.000000,25001,False
106285,GODREJCP29SEP26760CE,GODREJCP,29SEP2026,76000.000000,500,OPTSTK,NFO,5.000000,25001,False
106301,GODREJCP29SEP26820CE,GODREJCP,29SEP2026,82000.000000,500,OPTSTK,NFO,5.000000,25001,False
106302,GODREJCP29SEP26820PE,GODREJCP,29SEP2026,82000.000000,500,OPTSTK,NFO,5.000000,25001,False
106304,GODREJCP29SEP26840PE,GODREJCP,29SEP2026,84000.000000,500,OPTSTK,NFO,5.000000,25001,False
106314,GODREJCP29SEP26940PE,GODREJCP,29SEP2026,94000.000000,500,OPTSTK,NFO,5.000000,25001,False
106319,GODREJCP29SEP26980CE,GODREJCP,29SEP2026,98000.000000,500,OPTSTK,NFO,5.000000,25001,False
106342,RELIANCE29SEP261170PE,RELIANCE,29SEP2026,117000.000000,500,OPTSTK,NFO,5.000000,20001,False
106345,GODREJCP29SEP261020CE,GODREJCP,29SEP2026,102000.000000,500,OPTSTK,NFO,5.000000,25001,False
106349,RELIANCE29SEP261190CE,RELIANCE,29SEP2026,119000.000000,500,OPTSTK,NFO,5.000000,20001,False
106356,GODREJCP29SEP261100CE,GODREJCP,29SEP2026,110000.000000,500,OPTSTK,NFO,5.000000,25001,False
106358,GODREJCP29SEP261120CE,GODREJCP,29SEP2026,112000.000000,500,OPTSTK,NFO,5.000000,25001,False
106369,RELIANCE29SEP261270PE,RELIANCE,29SEP2026,127000.000000,500,OPTSTK,NFO,5.000000,20001,False
106384,RELIANCE29SEP261370PE,RELIANCE,29SEP2026,137000.000000,500,OPTSTK,NFO,5.000000,20001,False
106393,RELIANCE29SEP261430CE,RELIANCE,29SEP2026,143000.000000,500,OPTSTK,NFO,5.000000,20001,False
106394,RELIANCE29SEP261430PE,RELIANCE,29SEP2026,143000.000000,500,OPTSTK,NFO,5.000000,20001,False
106541,GODREJCP29SEP261140CE,GODREJCP,29SEP2026,114000.000000,500,OPTSTK,NFO,5.000000,25001,False
106558,GODREJCP29SEP261180PE,GODREJCP,29SEP2026,118000.000000,500,OPTSTK,NFO,5.000000,25001,False
106640,ITC27OCT26227.5PE,ITC,27OCT2026,22750.000000,1725,OPTSTK,NFO,5.000000,86251,False
106652,RELIANCE27OCT261100PE,RELIANCE,27OCT2026,110000.000000,500,OPTSTK,NFO,5.000000,20001,False
106663,ITC27OCT26252.5CE,ITC,27OCT2026,25250.000000,1725,OPTSTK,NFO,5.000000,86251,False
106673,RELIANCE27OCT261180PE,RELIANCE,27OCT2026,118000.000000,500,OPTSTK,NFO,5.000000,20001,False
106682,ITC27OCT26292.5CE,ITC,27OCT2026,29250.000000,1725,OPTSTK,NFO,5.000000,86251,False
106696,RELIANCE27OCT261240CE,RELIANCE,27OCT2026,124000.000000,500,OPTSTK,NFO,5.000000,20001,False
106737,RELIANCE27OCT261400CE,RELIANCE,27OCT2026,140000.000000,500,OPTSTK,NFO,5.000000,20001,False
106744,RELIANCE27OCT261460PE,RELIANCE,27OCT2026,146000.000000,500,OPTSTK,NFO,5.000000,20001,False
106794,GODREJPROP29SEP261480CE,GODREJPROP,29SEP2026,148000.000000,325,OPTSTK,NFO,5.000000,13001,False
106851,GODREJPROP29SEP262360PE,GODREJPROP,29SEP2026,236000.000000,325,OPTSTK,NFO,5.000000,13001,False
106857,GODREJPROP29SEP262400PE,GODREJPROP,29SEP2026,240000.000000,325,OPTSTK,NFO,5.000000,13001,False
106902,RVNL29SEP26225PE,RVNL,29SEP2026,22500.000000,1925,OPTSTK,NFO,1.000000,96251,False
106907,RVNL29SEP26255CE,RVNL,29SEP2026,25500.000000,1925,OPTSTK,NFO,1.000000,96251,False
106929,RVNL27OCT26170CE,RVNL,27OCT2026,17000.000000,1925,OPTSTK,NFO,1.000000,96251,False
106930,RVNL27OCT26170PE,RVNL,27OCT2026,17000.000000,1925,OPTSTK,NFO,1.000000,96251,False
106950,RVNL27OCT26260CE,RVNL,27OCT2026,26000.000000,1925,OPTSTK,NFO,1.000000,96251,False
106951,RVNL27OCT26260PE,RVNL,27OCT2026,26000.000000,1925,OPTSTK,NFO,1.000000,96251,False
107011,SAIL29SEP26167.5CE,SAIL,29SEP2026,16750.000000,4700,OPTSTK,NFO,1.000000,141001,False
107019,SAIL29SEP26187.5CE,SAIL,29SEP2026,18750.000000,4700,OPTSTK,NFO,1.000000,141001,False
107023,SAIL29SEP26197.5CE,SAIL,29SEP2026,19750.000000,4700,OPTSTK,NFO,1.000000,141001,False
107024,SAIL29SEP26197.5PE,SAIL,29SEP2026,19750.000000,4700,OPTSTK,NFO,1.000000,141001,False
107108,ITC23NOV26245CE,ITC,23NOV2026,24500.000000,1725,OPTSTK,NFO,5.000000,86251,False
107117,ITC23NOV26265CE,ITC,23NOV2026,26500.000000,1725,OPTSTK,NFO,5.000000,86251,False
107126,ITC23NOV26285CE,ITC,23NOV2026,28500.000000,1725,OPTSTK,NFO,5.000000,86251,False
107132,SAIL27OCT26175PE,SAIL,27OCT2026,17500.000000,4700,OPTSTK,NFO,1.000000,141001,False
107143,SAIL27OCT26180PE,SAIL,27OCT2026,18000.000000,4700,OPTSTK,NFO,1.000000,141001,False
107166,SAIL27OCT26190CE,SAIL,27OCT2026,19000.000000,4700,OPTSTK,NFO,1.000000,141001,False
107183,SAIL27OCT26205PE,SAIL,27OCT2026,20500.000000,4700,OPTSTK,NFO,1.000000,141001,False
107184,SAIL27OCT26210CE,SAIL,27OCT2026,21000.000000,4700,OPTSTK,NFO,1.000000,141001,False
107191,SAIL27OCT26220PE,SAIL,27OCT2026,22000.000000,4700,OPTSTK,NFO,1.000000,141001,False
107233,SBICARD29SEP26590PE,SBICARD,29SEP2026,59000.000000,800,OPTSTK,NFO,5.000000,40001,False
107235,SBICARD29SEP26610PE,SBICARD,29SEP2026,61000.000000,800,OPTSTK,NFO,5.000000,40001,False
107415,GRASIM29SEP262760CE,GRASIM,29SEP2026,276000.000000,250,OPTSTK,NFO,5.000000,7501,False
107444,SBICARD27OCT26560PE,SBICARD,27OCT2026,56000.000000,800,OPTSTK,NFO,5.000000,40001,False
107451,SBICARD27OCT26600PE,SBICARD,27OCT2026,60000.000000,800,OPTSTK,NFO,5.000000,40001,False
107461,SBICARD27OCT26700CE,SBICARD,27OCT2026,70000.000000,800,OPTSTK,NFO,5.000000,40001,False
107471,JINDALSTEL27OCT261020CE,JINDALSTEL,27OCT2026,102000.000000,625,OPTSTK,NFO,5.000000,18751,False
107480,JINDALSTEL27OCT261140PE,JINDALSTEL,27OCT2026,114000.000000,625,OPTSTK,NFO,5.000000,18751,False
107557,SBILIFE29SEP261540PE,SBILIFE,29SEP2026,154000.000000,375,OPTSTK,NFO,5.000000,15001,False
107564,JINDALSTEL23NOV261280CE,JINDALSTEL,23NOV2026,128000.000000,625,OPTSTK,NFO,5.000000,18751,False
107568,JINDALSTEL23NOV261360CE,JINDALSTEL,23NOV2026,136000.000000,625,OPTSTK,NFO,5.000000,18751,False
107605,GRASIM29SEP263440CE,GRASIM,29SEP2026,344000.000000,250,OPTSTK,NFO,5.000000,7501,False
107624,JIOFIN27OCT26207.5PE,JIOFIN,27OCT2026,20750.000000,2350,OPTSTK,NFO,1.000000,94001,False
107625,JIOFIN27OCT26212.5CE,JIOFIN,27OCT2026,21250.000000,2350,OPTSTK,NFO,1.000000,94001,False
107629,JIOFIN27OCT26222.5CE,JIOFIN,27OCT2026,22250.000000,2350,OPTSTK,NFO,1.000000,94001,False
107641,JIOFIN27OCT26247.5CE,JIOFIN,27OCT2026,24750.000000,2350,OPTSTK,NFO,1.000000,94001,False
107659,GRASIM29SEP263800CE,GRASIM,29SEP2026,380000.000000,250,OPTSTK,NFO,5.000000,7501,False
107725,GVT&D29SEP263400CE,GVT&D,29SEP2026,340000.000000,125,OPTSTK,NFO,5.000000,5001,False
107744,GVT&D29SEP265200PE,GVT&D,29SEP2026,520000.000000,125,OPTSTK,NFO,5.000000,5001,False
107748,GVT&D29SEP265400PE,GVT&D,29SEP2026,540000.000000,125,OPTSTK,NFO,5.000000,5001,False
107749,GVT&D29SEP265600CE,GVT&D,29SEP2026,560000.000000,125,OPTSTK,NFO,5.000000,5001,False
107865,SBILIFE29SEP261860PE,SBILIFE,29SEP2026,186000.000000,375,OPTSTK,NFO,5.000000,15001,False
107867,SBILIFE29SEP261900PE,SBILIFE,29SEP2026,190000.000000,375,OPTSTK,NFO,5.000000,15001,False
107871,SBILIFE29SEP261940PE,SBILIFE,29SEP2026,194000.000000,375,OPTSTK,NFO,5.000000,15001,False
107954,HAL29SEP265000PE,HAL,29SEP2026,500000.000000,150,OPTSTK,NFO,5.000000,4501,False
108081,SBILIFE27OCT261800CE,SBILIFE,27OCT2026,180000.000000,375,OPTSTK,NFO,5.000000,15001,False
108084,JIOFIN23NOV26260PE,JIOFIN,23NOV2026,26000.000000,2350,OPTSTK,NFO,1.000000,94001,False
108087,JIOFIN23NOV26265CE,JIOFIN,23NOV2026,26500.000000,2350,OPTSTK,NFO,1.000000,94001,False
108088,JIOFIN23NOV26265PE,JIOFIN,23NOV2026,26500.000000,2350,OPTSTK,NFO,1.000000,94001,False
108102,HAVELLS29SEP261320PE,HAVELLS,29SEP2026,132000.000000,500,OPTSTK,NFO,5.000000,20001,False
108106,HAVELLS29SEP261400CE,HAVELLS,29SEP2026,140000.000000,500,OPTSTK,NFO,5.000000,20001,False
108107,HAVELLS29SEP261400PE,HAVELLS,29SEP2026,140000.000000,500,OPTSTK,NFO,5.000000,20001,False
108206,SBIN29SEP26910PE,SBIN,29SEP2026,91000.000000,750,OPTSTK,NFO,5.000000,22501,False
108209,SBIN29SEP26930PE,SBIN,29SEP2026,93000.000000,750,OPTSTK,NFO,5.000000,22501,False
108272,SBIN29SEP261170PE,SBIN,29SEP2026,117000.000000,750,OPTSTK,NFO,5.000000,22501,False
108304,JSWENERGY27OCT26470CE,JSWENERGY,27OCT2026,47000.000000,1075,OPTSTK,NFO,5.000000,43001,False
108350,JSWENERGY27OCT26590CE,JSWENERGY,27OCT2026,59000.000000,1075,OPTSTK,NFO,5.000000,43001,False
108406,JSWENERGY23NOV26440CE,JSWENERGY,23NOV2026,44000.000000,1075,OPTSTK,NFO,5.000000,43001,False
108409,JSWENERGY23NOV26460PE,JSWENERGY,23NOV2026,46000.000000,1075,OPTSTK,NFO,5.000000,43001,False
108497,HCLTECH29SEP261040CE,HCLTECH,29SEP2026,104000.000000,400,OPTSTK,NFO,5.000000,20001,False
108507,HCLTECH29SEP261140CE,HCLTECH,29SEP2026,114000.000000,400,OPTSTK,NFO,5.000000,20001,False
108518,HCLTECH29SEP261200PE,HCLTECH,29SEP2026,120000.000000,400,OPTSTK,NFO,5.000000,20001,False
108529,SBIN27OCT26860PE,SBIN,27OCT2026,86000.000000,750,OPTSTK,NFO,5.000000,22501,False
108565,SBIN27OCT26920PE,SBIN,27OCT2026,92000.000000,750,OPTSTK,NFO,5.000000,22501,False
108567,SBIN27OCT26940CE,SBIN,27OCT2026,94000.000000,750,OPTSTK,NFO,5.000000,22501,False
108584,JSWSTEEL23NOV261240CE,JSWSTEEL,23NOV2026,124000.000000,675,OPTSTK,NFO,5.000000,20251,False
108597,SBIN27OCT26960CE,SBIN,27OCT2026,96000.000000,750,OPTSTK,NFO,5.000000,22501,False
108600,SBIN27OCT26980PE,SBIN,27OCT2026,98000.000000,750,OPTSTK,NFO,5.000000,22501,False
108601,SBIN27OCT261000CE,SBIN,27OCT2026,100000.000000,750,OPTSTK,NFO,5.000000,22501,False
108628,SBIN27OCT261200PE,SBIN,27OCT2026,120000.000000,750,OPTSTK,NFO,5.000000,22501,False
108659,SHREECEM29SEP2621250CE,SHREECEM,29SEP2026,2125000.000000,25,OPTSTK,NFO,5.000000,1001,False
108677,SHREECEM29SEP2624250PE,SHREECEM,29SEP2026,2425000.000000,25,OPTSTK,NFO,5.000000,1001,False
108680,SHREECEM29SEP2625250CE,SHREECEM,29SEP2026,2525000.000000,25,OPTSTK,NFO,5.000000,1001,False
108770,SHREECEM27OCT2624500CE,SHREECEM,27OCT2026,2450000.000000,25,OPTSTK,NFO,5.000000,1001,False
108772,SHREECEM27OCT2625000CE,SHREECEM,27OCT2026,2500000.000000,25,OPTSTK,NFO,5.000000,1001,False
108773,SHREECEM27OCT2625000PE,SHREECEM,27OCT2026,2500000.000000,25,OPTSTK,NFO,5.000000,1001,False
108774,SHREECEM27OCT2625500CE,SHREECEM,27OCT2026,2550000.000000,25,OPTSTK,NFO,5.000000,1001,False
108786,SHREECEM27OCT2628000PE,SHREECEM,27OCT2026,2800000.000000,25,OPTSTK,NFO,5.000000,1001,False
108847,JUBLFOOD27OCT26475PE,JUBLFOOD,27OCT2026,47500.000000,1250,OPTSTK,NFO,5.000000,50001,False
108857,JUBLFOOD27OCT26505PE,JUBLFOOD,27OCT2026,50500.000000,1250,OPTSTK,NFO,5.000000,50001,False
108876,HDFCAMC29SEP262200PE,HDFCAMC,29SEP2026,220000.000000,300,OPTSTK,NFO,5.000000,9001,False
108880,HDFCAMC29SEP262400PE,HDFCAMC,29SEP2026,240000.000000,300,OPTSTK,NFO,5.000000,9001,False
108889,HDFCAMC29SEP262900CE,HDFCAMC,29SEP2026,290000.000000,300,OPTSTK,NFO,5.000000,9001,False
108893,HDFCAMC29SEP263000CE,HDFCAMC,29SEP2026,300000.000000,300,OPTSTK,NFO,5.000000,9001,False
109023,JUBLFOOD23NOV26480CE,JUBLFOOD,23NOV2026,48000.000000,1250,OPTSTK,NFO,5.000000,50001,False
109024,JUBLFOOD23NOV26480PE,JUBLFOOD,23NOV2026,48000.000000,1250,OPTSTK,NFO,5.000000,50001,False
109029,JUBLFOOD23NOV26510CE,JUBLFOOD,23NOV2026,51000.000000,1250,OPTSTK,NFO,5.000000,50001,False
109037,SHRIRAMFIN29SEP26900CE,SHRIRAMFIN,29SEP2026,90000.000000,825,OPTSTK,NFO,5.000000,24751,False
109049,HDFCBANK29SEP26640PE,HDFCBANK,29SEP2026,64000.000000,650,OPTSTK,NFO,5.000000,32501,False
109059,SHRIRAMFIN29SEP26940PE,SHRIRAMFIN,29SEP2026,94000.000000,825,OPTSTK,NFO,5.000000,24751,False
109094,HDFCBANK29SEP26720CE,HDFCBANK,29SEP2026,72000.000000,650,OPTSTK,NFO,5.000000,32501,False
109097,HDFCBANK29SEP26740PE,HDFCBANK,29SEP2026,74000.000000,650,OPTSTK,NFO,5.000000,32501,False
109106,HDFCBANK29SEP26840CE,HDFCBANK,29SEP2026,84000.000000,650,OPTSTK,NFO,5.000000,32501,False
109171,SHRIRAMFIN27OCT26880CE,SHRIRAMFIN,27OCT2026,88000.000000,825,OPTSTK,NFO,5.000000,24751,False
109199,SHRIRAMFIN27OCT261120CE,SHRIRAMFIN,27OCT2026,112000.000000,825,OPTSTK,NFO,5.000000,24751,False
109203,SHRIRAMFIN27OCT261160PE,SHRIRAMFIN,27OCT2026,116000.000000,825,OPTSTK,NFO,5.000000,24751,False
109214,SHRIRAMFIN27OCT261280PE,SHRIRAMFIN,27OCT2026,128000.000000,825,OPTSTK,NFO,5.000000,24751,False
109285,SIEMENS29SEP264450CE,SIEMENS,29SEP2026,445000.000000,175,OPTSTK,NFO,5.000000,7001,False
109286,SIEMENS29SEP264450PE,SIEMENS,29SEP2026,445000.000000,175,OPTSTK,NFO,5.000000,7001,False
109329,KALYANKJIL27OCT26490PE,KALYANKJIL,27OCT2026,49000.000000,1350,OPTSTK,NFO,5.000000,40501,False
109374,KALYANKJIL23NOV26540PE,KALYANKJIL,23NOV2026,54000.000000,1350,OPTSTK,NFO,5.000000,40501,False
109375,KALYANKJIL23NOV26560CE,KALYANKJIL,23NOV2026,56000.000000,1350,OPTSTK,NFO,5.000000,40501,False
109377,KALYANKJIL23NOV26560PE,KALYANKJIL,23NOV2026,56000.000000,1350,OPTSTK,NFO,5.000000,40501,False
109393,KALYANKJIL23NOV26720CE,KALYANKJIL,23NOV2026,72000.000000,1350,OPTSTK,NFO,5.000000,40501,False
109428,SIEMENS27OCT263400PE,SIEMENS,27OCT2026,340000.000000,175,OPTSTK,NFO,5.000000,7001,False
109429,SIEMENS27OCT263500CE,SIEMENS,27OCT2026,350000.000000,175,OPTSTK,NFO,5.000000,7001,False
109452,SIEMENS27OCT264300CE,SIEMENS,27OCT2026,430000.000000,175,OPTSTK,NFO,5.000000,7001,False
109461,SIEMENS27OCT264600PE,SIEMENS,27OCT2026,460000.000000,175,OPTSTK,NFO,5.000000,7001,False
109481,KAYNES27OCT263650PE,KAYNES,27OCT2026,365000.000000,150,OPTSTK,NFO,5.000000,6001,False
109489,KAYNES27OCT264050PE,KAYNES,27OCT2026,405000.000000,150,OPTSTK,NFO,5.000000,6001,False
109493,KAYNES27OCT264150PE,KAYNES,27OCT2026,415000.000000,150,OPTSTK,NFO,5.000000,6001,False
109494,KAYNES27OCT264250CE,KAYNES,27OCT2026,425000.000000,150,OPTSTK,NFO,5.000000,6001,False
109526,HDFCLIFE29SEP26420CE,HDFCLIFE,29SEP2026,42000.000000,1100,OPTSTK,NFO,5.000000,44001,False
109540,SOLARINDS29SEP2617750PE,SOLARINDS,29SEP2026,1775000.000000,50,OPTSTK,NFO,5.000000,1501,False
109541,SOLARINDS29SEP2618250CE,SOLARINDS,29SEP2026,1825000.000000,50,OPTSTK,NFO,5.000000,1501,False
109542,SOLARINDS29SEP2618250PE,SOLARINDS,29SEP2026,1825000.000000,50,OPTSTK,NFO,5.000000,1501,False
109565,SOLARINDS29SEP2623250PE,SOLARINDS,29SEP2026,2325000.000000,50,OPTSTK,NFO,5.000000,1501,False
109589,HDFCLIFE29SEP26500CE,HDFCLIFE,29SEP2026,50000.000000,1100,OPTSTK,NFO,5.000000,44001,False
109614,HDFCLIFE29SEP26600CE,HDFCLIFE,29SEP2026,60000.000000,1100,OPTSTK,NFO,5.000000,44001,False
109649,SOLARINDS27OCT2618000PE,SOLARINDS,27OCT2026,1800000.000000,50,OPTSTK,NFO,5.000000,1501,False
109656,SOLARINDS27OCT2619500CE,SOLARINDS,27OCT2026,1950000.000000,50,OPTSTK,NFO,5.000000,1501,False
109669,HDFCLIFE29SEP26650CE,HDFCLIFE,29SEP2026,65000.000000,1100,OPTSTK,NFO,5.000000,44001,False
109696,SOLARINDS27OCT2623000CE,SOLARINDS,27OCT2026,2300000.000000,50,OPTSTK,NFO,5.000000,1501,False
109697,SOLARINDS27OCT2623000PE,SOLARINDS,27OCT2026,2300000.000000,50,OPTSTK,NFO,5.000000,1501,False
109703,SOLARINDS27OCT2625000PE,SOLARINDS,27OCT2026,2500000.000000,50,OPTSTK,NFO,5.000000,1501,False
109750,HEROMOTOCO29SEP264400PE,HEROMOTOCO,29SEP2026,440000.000000,150,OPTSTK,NFO,5.000000,4501,False
109753,HEROMOTOCO29SEP264800CE,HEROMOTOCO,29SEP2026,480000.000000,150,OPTSTK,NFO,5.000000,4501,False
109771,SONACOMS29SEP26810PE,SONACOMS,29SEP2026,81000.000000,1225,OPTSTK,NFO,5.000000,36751,False
109781,HEROMOTOCO29SEP265800CE,HEROMOTOCO,29SEP2026,580000.000000,150,OPTSTK,NFO,5.000000,4501,False
109786,SONACOMS29SEP26850CE,SONACOMS,29SEP2026,85000.000000,1225,OPTSTK,NFO,5.000000,36751,False
109822,SONACOMS27OCT26680PE,SONACOMS,27OCT2026,68000.000000,1225,OPTSTK,NFO,5.000000,36751,False
109827,SONACOMS27OCT26740CE,SONACOMS,27OCT2026,74000.000000,1225,OPTSTK,NFO,5.000000,36751,False
109828,SONACOMS27OCT26740PE,SONACOMS,27OCT2026,74000.000000,1225,OPTSTK,NFO,5.000000,36751,False
109833,KAYNES23NOV263000PE,KAYNES,23NOV2026,300000.000000,150,OPTSTK,NFO,5.000000,6001,False
109839,KAYNES23NOV263300PE,KAYNES,23NOV2026,330000.000000,150,OPTSTK,NFO,5.000000,6001,False
109849,KAYNES23NOV263800PE,KAYNES,23NOV2026,380000.000000,150,OPTSTK,NFO,5.000000,6001,False
109871,SONACOMS27OCT26840CE,SONACOMS,27OCT2026,84000.000000,1225,OPTSTK,NFO,5.000000,36751,False
109880,SONACOMS27OCT26920PE,SONACOMS,27OCT2026,92000.000000,1225,OPTSTK,NFO,5.000000,36751,False
109886,KAYNES23NOV264300PE,KAYNES,23NOV2026,430000.000000,150,OPTSTK,NFO,5.000000,6001,False
109917,SRF29SEP262350CE,SRF,29SEP2026,235000.000000,200,OPTSTK,NFO,5.000000,8001,False
109924,SRF29SEP262450PE,SRF,29SEP2026,245000.000000,200,OPTSTK,NFO,5.000000,8001,False
109962,KEI27OCT264900PE,KEI,27OCT2026,490000.000000,175,OPTSTK,NFO,5.000000,5251,False
109969,KEI27OCT265700CE,KEI,27OCT2026,570000.000000,175,OPTSTK,NFO,5.000000,5251,False
110008,SRF27OCT262700PE,SRF,27OCT2026,270000.000000,200,OPTSTK,NFO,5.000000,8001,False
110089,HINDALCO29SEP26880CE,HINDALCO,29SEP2026,88000.000000,700,OPTSTK,NFO,5.000000,21001,False
110095,KEI23NOV264800PE,KEI,23NOV2026,480000.000000,175,OPTSTK,NFO,5.000000,5251,False
110098,SUNPHARMA29SEP261700PE,SUNPHARMA,29SEP2026,170000.000000,350,OPTSTK,NFO,5.000000,14001,False
110114,HINDALCO29SEP261200PE,HINDALCO,29SEP2026,120000.000000,700,OPTSTK,NFO,5.000000,21001,False
110116,HINDALCO29SEP261240PE,HINDALCO,29SEP2026,124000.000000,700,OPTSTK,NFO,5.000000,21001,False
110119,SUNPHARMA29SEP261820CE,SUNPHARMA,29SEP2026,182000.000000,350,OPTSTK,NFO,5.000000,14001,False
110121,KEI23NOV265200CE,KEI,23NOV2026,520000.000000,175,OPTSTK,NFO,5.000000,5251,False
110133,KEI23NOV266000CE,KEI,23NOV2026,600000.000000,175,OPTSTK,NFO,5.000000,5251,False
110152,HINDPETRO29SEP26340.75PE,HINDPETRO,29SEP2026,34075.000000,2025,OPTSTK,NFO,5.000000,60751,False
110159,SUNPHARMA29SEP261900CE,SUNPHARMA,29SEP2026,190000.000000,350,OPTSTK,NFO,5.000000,14001,False
110171,SUNPHARMA29SEP262020PE,SUNPHARMA,29SEP2026,202000.000000,350,OPTSTK,NFO,5.000000,14001,False
110189,KFINTECH27OCT26860CE,KFINTECH,27OCT2026,86000.000000,575,OPTSTK,NFO,5.000000,23001,False
110191,KFINTECH27OCT26900CE,KFINTECH,27OCT2026,90000.000000,575,OPTSTK,NFO,5.000000,23001,False
110194,KFINTECH27OCT26940PE,KFINTECH,27OCT2026,94000.000000,575,OPTSTK,NFO,5.000000,23001,False
110197,SUNPHARMA29SEP262140PE,SUNPHARMA,29SEP2026,214000.000000,350,OPTSTK,NFO,5.000000,14001,False
110227,KFINTECH27OCT261020CE,KFINTECH,27OCT2026,102000.000000,575,OPTSTK,NFO,5.000000,23001,False
110334,SUNPHARMA27OCT261640PE,SUNPHARMA,27OCT2026,164000.000000,350,OPTSTK,NFO,5.000000,14001,False
110341,SUNPHARMA27OCT261680CE,SUNPHARMA,27OCT2026,168000.000000,350,OPTSTK,NFO,5.000000,14001,False
110360,SUNPHARMA27OCT261800PE,SUNPHARMA,27OCT2026,180000.000000,350,OPTSTK,NFO,5.000000,14001,False
110365,SUNPHARMA27OCT261880PE,SUNPHARMA,27OCT2026,188000.000000,350,OPTSTK,NFO,5.000000,14001,False
110368,SUNPHARMA27OCT261960CE,SUNPHARMA,27OCT2026,196000.000000,350,OPTSTK,NFO,5.000000,14001,False
110469,SUPREMEIND29SEP263650PE,SUPREMEIND,29SEP2026,365000.000000,175,OPTSTK,NFO,5.000000,7001,False
110489,KOTAKBANK27OCT26385PE,KOTAKBANK,27OCT2026,38500.000000,2000,OPTSTK,NFO,5.000000,60001,False
110498,KOTAKBANK27OCT26435CE,KOTAKBANK,27OCT2026,43500.000000,2000,OPTSTK,NFO,5.000000,60001,False
110557,SUPREMEIND27OCT263400PE,SUPREMEIND,27OCT2026,340000.000000,175,OPTSTK,NFO,5.000000,7001,False
110593,HINDUNILVR29SEP262080CE,HINDUNILVR,29SEP2026,208000.000000,300,OPTSTK,NFO,5.000000,12001,False
110594,KOTAKBANK27OCT26445PE,KOTAKBANK,27OCT2026,44500.000000,2000,OPTSTK,NFO,5.000000,60001,False
110602,SUPREMEIND27OCT264100PE,SUPREMEIND,27OCT2026,410000.000000,175,OPTSTK,NFO,5.000000,7001,False
110671,SUZLON29SEP2639PE,SUZLON,29SEP2026,3900.000000,12700,OPTSTK,NFO,1.000000,381001,False
110709,KOTAKBANK23NOV26380CE,KOTAKBANK,23NOV2026,38000.000000,2000,OPTSTK,NFO,5.000000,60001,False
110711,KOTAKBANK23NOV26390CE,KOTAKBANK,23NOV2026,39000.000000,2000,OPTSTK,NFO,5.000000,60001,False
110723,KOTAKBANK23NOV26450CE,KOTAKBANK,23NOV2026,45000.000000,2000,OPTSTK,NFO,5.000000,60001,False
110757,SUZLON29SEP2655PE,SUZLON,29SEP2026,5500.000000,12700,OPTSTK,NFO,1.000000,381001,False
110769,HINDUNILVR29SEP262280CE,HINDUNILVR,29SEP2026,228000.000000,300,OPTSTK,NFO,5.000000,12001,False
110809,SUZLON27OCT2638PE,SUZLON,27OCT2026,3800.000000,12700,OPTSTK,NFO,1.000000,381001,False
110818,SUZLON27OCT2644PE,SUZLON,27OCT2026,4400.000000,12700,OPTSTK,NFO,1.000000,381001,False
110827,HINDUNILVR29SEP262440CE,HINDUNILVR,29SEP2026,244000.000000,300,OPTSTK,NFO,5.000000,12001,False
110862,KPITTECH27OCT26470CE,KPITTECH,27OCT2026,47000.000000,775,OPTSTK,NFO,5.000000,38751,False
110868,KPITTECH27OCT26490CE,KPITTECH,27OCT2026,49000.000000,775,OPTSTK,NFO,5.000000,38751,False
110874,KPITTECH27OCT26550CE,KPITTECH,27OCT2026,55000.000000,775,OPTSTK,NFO,5.000000,38751,False
110879,KPITTECH27OCT26590CE,KPITTECH,27OCT2026,59000.000000,775,OPTSTK,NFO,5.000000,38751,False
110881,KPITTECH27OCT26610CE,KPITTECH,27OCT2026,61000.000000,775,OPTSTK,NFO,5.000000,38751,False
110883,KPITTECH27OCT26630CE,KPITTECH,27OCT2026,63000.000000,775,OPTSTK,NFO,5.000000,38751,False
110963,SUZLON27OCT2654PE,SUZLON,27OCT2026,5400.000000,12700,OPTSTK,NFO,1.000000,381001,False
111045,HINDZINC29SEP26460PE,HINDZINC,29SEP2026,46000.000000,1225,OPTSTK,NFO,5.000000,36751,False
111051,HINDZINC29SEP26520PE,HINDZINC,29SEP2026,52000.000000,1225,OPTSTK,NFO,5.000000,36751,False
111066,HINDZINC29SEP26680CE,HINDZINC,29SEP2026,68000.000000,1225,OPTSTK,NFO,5.000000,36751,False
111080,KPITTECH23NOV26440CE,KPITTECH,23NOV2026,44000.000000,775,OPTSTK,NFO,5.000000,38751,False
111131,SWIGGY29SEP26295CE,SWIGGY,29SEP2026,29500.000000,1825,OPTSTK,NFO,5.000000,73001,False
111132,SWIGGY29SEP26295PE,SWIGGY,29SEP2026,29500.000000,1825,OPTSTK,NFO,5.000000,73001,False
111134,SWIGGY29SEP26305PE,SWIGGY,29SEP2026,30500.000000,1825,OPTSTK,NFO,5.000000,73001,False
111135,SWIGGY29SEP26315CE,SWIGGY,29SEP2026,31500.000000,1825,OPTSTK,NFO,5.000000,73001,False
111215,SWIGGY27OCT26250CE,SWIGGY,27OCT2026,25000.000000,1825,OPTSTK,NFO,5.000000,73001,False
111250,HYUNDAI29SEP261920CE,HYUNDAI,29SEP2026,192000.000000,275,OPTSTK,NFO,5.000000,11001,False
111292,HYUNDAI29SEP262480CE,HYUNDAI,29SEP2026,248000.000000,275,OPTSTK,NFO,5.000000,11001,False
111296,HYUNDAI29SEP262560CE,HYUNDAI,29SEP2026,256000.000000,275,OPTSTK,NFO,5.000000,11001,False
111320,KPITTECH23NOV26720CE,KPITTECH,23NOV2026,72000.000000,775,OPTSTK,NFO,5.000000,38751,False
111364,LAURUSLABS27OCT261700PE,LAURUSLABS,27OCT2026,170000.000000,850,OPTSTK,NFO,5.000000,17001,False
111525,ICICIBANK29SEP261280CE,ICICIBANK,29SEP2026,128000.000000,700,OPTSTK,NFO,5.000000,21001,False
111529,ICICIBANK29SEP261280PE,ICICIBANK,29SEP2026,128000.000000,700,OPTSTK,NFO,5.000000,21001,False
111530,ICICIBANK29SEP261300CE,ICICIBANK,29SEP2026,130000.000000,700,OPTSTK,NFO,5.000000,21001,False
111556,ICICIBANK29SEP261500CE,ICICIBANK,29SEP2026,150000.000000,700,OPTSTK,NFO,5.000000,21001,False
111559,TATACONSUM29SEP261030CE,TATACONSUM,29SEP2026,103000.000000,550,OPTSTK,NFO,5.000000,22001,False
111562,ICICIBANK29SEP261540PE,ICICIBANK,29SEP2026,154000.000000,700,OPTSTK,NFO,5.000000,21001,False
111565,ICICIBANK29SEP261580CE,ICICIBANK,29SEP2026,158000.000000,700,OPTSTK,NFO,5.000000,21001,False
111569,TATACONSUM29SEP261070CE,TATACONSUM,29SEP2026,107000.000000,550,OPTSTK,NFO,5.000000,22001,False
111622,TATACONSUM29SEP261190PE,TATACONSUM,29SEP2026,119000.000000,550,OPTSTK,NFO,5.000000,22001,False
111637,LAURUSLABS23NOV261600CE,LAURUSLABS,23NOV2026,160000.000000,850,OPTSTK,NFO,5.000000,17001,False
111706,TATACONSUM27OCT26920CE,TATACONSUM,27OCT2026,92000.000000,550,OPTSTK,NFO,5.000000,22001,False
111719,TATACONSUM27OCT261040PE,TATACONSUM,27OCT2026,104000.000000,550,OPTSTK,NFO,5.000000,22001,False
111731,LAURUSLABS23NOV261800PE,LAURUSLABS,23NOV2026,180000.000000,850,OPTSTK,NFO,5.000000,17001,False
111732,LAURUSLABS23NOV261840CE,LAURUSLABS,23NOV2026,184000.000000,850,OPTSTK,NFO,5.000000,17001,False
111741,LAURUSLABS23NOV261960PE,LAURUSLABS,23NOV2026,196000.000000,850,OPTSTK,NFO,5.000000,17001,False
111747,LAURUSLABS23NOV262080PE,LAURUSLABS,23NOV2026,208000.000000,850,OPTSTK,NFO,5.000000,17001,False
111750,LAURUSLABS23NOV262160CE,LAURUSLABS,23NOV2026,216000.000000,850,OPTSTK,NFO,5.000000,17001,False
111753,TATACONSUM27OCT261120CE,TATACONSUM,27OCT2026,112000.000000,550,OPTSTK,NFO,5.000000,22001,False
111757,TATACONSUM27OCT261140CE,TATACONSUM,27OCT2026,114000.000000,550,OPTSTK,NFO,5.000000,22001,False
111759,TATACONSUM27OCT261160CE,TATACONSUM,27OCT2026,116000.000000,550,OPTSTK,NFO,5.000000,22001,False
111771,LAURUSLABS23NOV262240PE,LAURUSLABS,23NOV2026,224000.000000,850,OPTSTK,NFO,5.000000,17001,False
111914,LICHSGFIN27OCT26550CE,LICHSGFIN,27OCT2026,55000.000000,1000,OPTSTK,NFO,5.000000,40001,False
111949,ICICIGI29SEP261280CE,ICICIGI,29SEP2026,128000.000000,325,OPTSTK,NFO,5.000000,13001,False
111962,ICICIGI29SEP261440PE,ICICIGI,29SEP2026,144000.000000,325,OPTSTK,NFO,5.000000,13001,False
111968,ICICIGI29SEP261520PE,ICICIGI,29SEP2026,152000.000000,325,OPTSTK,NFO,5.000000,13001,False
111986,ICICIGI29SEP261760CE,ICICIGI,29SEP2026,176000.000000,325,OPTSTK,NFO,5.000000,13001,False
111996,ICICIGI29SEP261880PE,ICICIGI,29SEP2026,188000.000000,325,OPTSTK,NFO,5.000000,13001,False
112000,TATAELXSI29SEP263250PE,TATAELXSI,29SEP2026,325000.000000,125,OPTSTK,NFO,5.000000,6251,False
112077,TATAELXSI27OCT262800CE,TATAELXSI,27OCT2026,280000.000000,125,OPTSTK,NFO,5.000000,6251,False
112094,TATAELXSI27OCT263300PE,TATAELXSI,27OCT2026,330000.000000,125,OPTSTK,NFO,5.000000,6251,False
112098,TATAELXSI27OCT263500PE,TATAELXSI,27OCT2026,350000.000000,125,OPTSTK,NFO,5.000000,6251,False
112161,TATAPOWER29SEP26305CE,TATAPOWER,29SEP2026,30500.000000,1450,OPTSTK,NFO,5.000000,58001,False
112190,LICHSGFIN23NOV26440PE,LICHSGFIN,23NOV2026,44000.000000,1000,OPTSTK,NFO,5.000000,40001,False
112194,LICHSGFIN23NOV26480PE,LICHSGFIN,23NOV2026,48000.000000,1000,OPTSTK,NFO,5.000000,40001,False
112209,LICHSGFIN23NOV26620CE,LICHSGFIN,23NOV2026,62000.000000,1000,OPTSTK,NFO,5.000000,40001,False
112212,LICHSGFIN23NOV26640PE,LICHSGFIN,23NOV2026,64000.000000,1000,OPTSTK,NFO,5.000000,40001,False
112221,TATAPOWER29SEP26365PE,TATAPOWER,29SEP2026,36500.000000,1450,OPTSTK,NFO,5.000000,58001,False
112309,LICI27OCT26425CE,LICI,27OCT2026,42500.000000,1400,OPTSTK,NFO,5.000000,56001,False
112313,LICI27OCT26445CE,LICI,27OCT2026,44500.000000,1400,OPTSTK,NFO,5.000000,56001,False
112373,LICI23NOV26360CE,LICI,23NOV2026,36000.000000,1400,OPTSTK,NFO,5.000000,56001,False
112388,LICI23NOV26400CE,LICI,23NOV2026,40000.000000,1400,OPTSTK,NFO,5.000000,56001,False
112399,LICI23NOV26450PE,LICI,23NOV2026,45000.000000,1400,OPTSTK,NFO,5.000000,56001,False
112401,LICI23NOV26460PE,LICI,23NOV2026,46000.000000,1400,OPTSTK,NFO,5.000000,56001,False
112475,TATAPOWER27OCT26320PE,TATAPOWER,27OCT2026,32000.000000,1450,OPTSTK,NFO,5.000000,58001,False
112487,TATAPOWER27OCT26370CE,TATAPOWER,27OCT2026,37000.000000,1450,OPTSTK,NFO,5.000000,58001,False
112489,TATAPOWER27OCT26380CE,TATAPOWER,27OCT2026,38000.000000,1450,OPTSTK,NFO,5.000000,58001,False
112493,TATAPOWER27OCT26400CE,TATAPOWER,27OCT2026,40000.000000,1450,OPTSTK,NFO,5.000000,58001,False
112494,TATAPOWER27OCT26400PE,TATAPOWER,27OCT2026,40000.000000,1450,OPTSTK,NFO,5.000000,58001,False
111994,TATAELXSI29SEP263050PE,TATAELXSI,29SEP2026,305000.000000,125,OPTSTK,NFO,5.000000,6251,False
112079,TATAELXSI27OCT262900CE,TATAELXSI,27OCT2026,290000.000000,125,OPTSTK,NFO,5.000000,6251,False
112091,TATAELXSI27OCT263200CE,TATAELXSI,27OCT2026,320000.000000,125,OPTSTK,NFO,5.000000,6251,False
112529,LODHA27OCT261060CE,LODHA,27OCT2026,106000.000000,625,OPTSTK,NFO,5.000000,18751,False
112096,TATAELXSI27OCT263400PE,TATAELXSI,27OCT2026,340000.000000,125,OPTSTK,NFO,5.000000,6251,False
112100,TATAELXSI27OCT263600PE,TATAELXSI,27OCT2026,360000.000000,125,OPTSTK,NFO,5.000000,6251,False
112110,TATAELXSI27OCT264100PE,TATAELXSI,27OCT2026,410000.000000,125,OPTSTK,NFO,5.000000,6251,False
112111,TATAELXSI27OCT264200CE,TATAELXSI,27OCT2026,420000.000000,125,OPTSTK,NFO,5.000000,6251,False
112168,TATAPOWER29SEP26335PE,TATAPOWER,29SEP2026,33500.000000,1450,OPTSTK,NFO,5.000000,58001,False
112208,LICHSGFIN23NOV26600PE,LICHSGFIN,23NOV2026,60000.000000,1000,OPTSTK,NFO,5.000000,40001,False
112222,TATAPOWER29SEP26375CE,TATAPOWER,29SEP2026,37500.000000,1450,OPTSTK,NFO,5.000000,58001,False
112250,LICI27OCT26365PE,LICI,27OCT2026,36500.000000,1400,OPTSTK,NFO,5.000000,56001,False
112272,TATAPOWER29SEP26405PE,TATAPOWER,29SEP2026,40500.000000,1450,OPTSTK,NFO,5.000000,58001,False
112311,LICI27OCT26435CE,LICI,27OCT2026,43500.000000,1400,OPTSTK,NFO,5.000000,56001,False
112315,LICI27OCT26455CE,LICI,27OCT2026,45500.000000,1400,OPTSTK,NFO,5.000000,56001,False
112354,TATAPOWER27OCT26290CE,TATAPOWER,27OCT2026,29000.000000,1450,OPTSTK,NFO,5.000000,58001,False
112367,LICI23NOV26340CE,LICI,23NOV2026,34000.000000,1400,OPTSTK,NFO,5.000000,56001,False
112383,LICI23NOV26370PE,LICI,23NOV2026,37000.000000,1400,OPTSTK,NFO,5.000000,56001,False
112384,LICI23NOV26380CE,LICI,23NOV2026,38000.000000,1400,OPTSTK,NFO,5.000000,56001,False
112397,LICI23NOV26440PE,LICI,23NOV2026,44000.000000,1400,OPTSTK,NFO,5.000000,56001,False
112404,LICI23NOV26480CE,LICI,23NOV2026,48000.000000,1400,OPTSTK,NFO,5.000000,56001,False
112462,TATAPOWER27OCT26320CE,TATAPOWER,27OCT2026,32000.000000,1450,OPTSTK,NFO,5.000000,58001,False
112481,TATAPOWER27OCT26340CE,TATAPOWER,27OCT2026,34000.000000,1450,OPTSTK,NFO,5.000000,58001,False
112553,ICICIPRULI29SEP26420CE,ICICIPRULI,29SEP2026,42000.000000,925,OPTSTK,NFO,5.000000,46251,False
112564,ICICIPRULI29SEP26470PE,ICICIPRULI,29SEP2026,47000.000000,925,OPTSTK,NFO,5.000000,46251,False
112578,ICICIPRULI29SEP26540PE,ICICIPRULI,29SEP2026,54000.000000,925,OPTSTK,NFO,5.000000,46251,False
112585,LODHA27OCT261140CE,LODHA,27OCT2026,114000.000000,625,OPTSTK,NFO,5.000000,18751,False
112595,LODHA27OCT261340CE,LODHA,27OCT2026,134000.000000,625,OPTSTK,NFO,5.000000,18751,False
112624,ICICIPRULI29SEP26590PE,ICICIPRULI,29SEP2026,59000.000000,925,OPTSTK,NFO,5.000000,46251,False
112678,TATASTEEL29SEP26162.5CE,TATASTEEL,29SEP2026,16250.000000,2750,OPTSTK,NFO,1.000000,137501,False
112711,IDEA29SEP2614CE,IDEA,29SEP2026,1400.000000,71475,OPTSTK,NFO,1.000000,1429501,False
112720,TATASTEEL29SEP26167.5PE,TATASTEEL,29SEP2026,16750.000000,2750,OPTSTK,NFO,1.000000,137501,False
112723,TATASTEEL29SEP26177.5CE,TATASTEEL,29SEP2026,17750.000000,2750,OPTSTK,NFO,1.000000,137501,False
112729,TATASTEEL29SEP26192.5CE,TATASTEEL,29SEP2026,19250.000000,2750,OPTSTK,NFO,1.000000,137501,False
112880,TATASTEEL27OCT26155PE,TATASTEEL,27OCT2026,15500.000000,2750,OPTSTK,NFO,1.000000,137501,False
112885,TATASTEEL27OCT26170CE,TATASTEEL,27OCT2026,17000.000000,2750,OPTSTK,NFO,1.000000,137501,False
112887,TATASTEEL27OCT26175CE,TATASTEEL,27OCT2026,17500.000000,2750,OPTSTK,NFO,1.000000,137501,False
112897,TATASTEEL27OCT26195CE,TATASTEEL,27OCT2026,19500.000000,2750,OPTSTK,NFO,1.000000,137501,False
112901,TATASTEEL27OCT26205CE,TATASTEEL,27OCT2026,20500.000000,2750,OPTSTK,NFO,1.000000,137501,False
112908,TATASTEEL27OCT26220PE,TATASTEEL,27OCT2026,22000.000000,2750,OPTSTK,NFO,1.000000,137501,False
112941,LT27OCT263650CE,LT,27OCT2026,365000.000000,175,OPTSTK,NFO,5.000000,7001,False
113044,IDFCFIRSTB29SEP2674CE,IDFCFIRSTB,29SEP2026,7400.000000,9275,OPTSTK,NFO,1.000000,278251,False
113051,IDFCFIRSTB29SEP2680PE,IDFCFIRSTB,29SEP2026,8000.000000,9275,OPTSTK,NFO,1.000000,278251,False
113055,IDFCFIRSTB29SEP2684PE,IDFCFIRSTB,29SEP2026,8400.000000,9275,OPTSTK,NFO,1.000000,278251,False
113065,IDFCFIRSTB29SEP2688PE,IDFCFIRSTB,29SEP2026,8800.000000,9275,OPTSTK,NFO,1.000000,278251,False
113078,TCS29SEP261980CE,TCS,29SEP2026,198000.000000,225,OPTSTK,NFO,5.000000,9001,False
113093,IDFCFIRSTB29SEP2694CE,IDFCFIRSTB,29SEP2026,9400.000000,9275,OPTSTK,NFO,1.000000,278251,False
113095,IDFCFIRSTB29SEP2696CE,IDFCFIRSTB,29SEP2026,9600.000000,9275,OPTSTK,NFO,1.000000,278251,False
113107,TCS29SEP262300CE,TCS,29SEP2026,230000.000000,225,OPTSTK,NFO,5.000000,9001,False
113110,TCS29SEP262340CE,TCS,29SEP2026,234000.000000,225,OPTSTK,NFO,5.000000,9001,False
113112,TCS29SEP262380CE,TCS,29SEP2026,238000.000000,225,OPTSTK,NFO,5.000000,9001,False
113123,TCS29SEP262540CE,TCS,29SEP2026,254000.000000,225,OPTSTK,NFO,5.000000,9001,False
113126,TCS29SEP262580PE,TCS,29SEP2026,258000.000000,225,OPTSTK,NFO,5.000000,9001,False
113128,TCS29SEP262620PE,TCS,29SEP2026,262000.000000,225,OPTSTK,NFO,5.000000,9001,False
113129,TCS29SEP262660CE,TCS,29SEP2026,266000.000000,225,OPTSTK,NFO,5.000000,9001,False
113217,TCS27OCT262000CE,TCS,27OCT2026,200000.000000,225,OPTSTK,NFO,5.000000,9001,False
113233,TCS27OCT262280CE,TCS,27OCT2026,228000.000000,225,OPTSTK,NFO,5.000000,9001,False
113239,TCS27OCT262400CE,TCS,27OCT2026,240000.000000,225,OPTSTK,NFO,5.000000,9001,False
113246,TCS27OCT262520PE,TCS,27OCT2026,252000.000000,225,OPTSTK,NFO,5.000000,9001,False
113287,LT23NOV263800CE,LT,23NOV2026,380000.000000,175,OPTSTK,NFO,5.000000,7001,False
113289,LT23NOV263900CE,LT,23NOV2026,390000.000000,175,OPTSTK,NFO,5.000000,7001,False
113296,LT23NOV264100PE,LT,23NOV2026,410000.000000,175,OPTSTK,NFO,5.000000,7001,False
113304,LT23NOV264300PE,LT,23NOV2026,430000.000000,175,OPTSTK,NFO,5.000000,7001,False
113403,LTF27OCT26315PE,LTF,27OCT2026,31500.000000,2250,OPTSTK,NFO,5.000000,67501,False
113405,LTF27OCT26325PE,LTF,27OCT2026,32500.000000,2250,OPTSTK,NFO,5.000000,67501,False
113421,TECHM29SEP261460CE,TECHM,29SEP2026,146000.000000,600,OPTSTK,NFO,5.000000,18001,False
113425,TECHM29SEP261540CE,TECHM,29SEP2026,154000.000000,600,OPTSTK,NFO,5.000000,18001,False
113482,TECHM29SEP261580PE,TECHM,29SEP2026,158000.000000,600,OPTSTK,NFO,5.000000,18001,False
113505,LTF23NOV26260CE,LTF,23NOV2026,26000.000000,2250,OPTSTK,NFO,5.000000,67501,False
113509,LTF23NOV26280CE,LTF,23NOV2026,28000.000000,2250,OPTSTK,NFO,5.000000,67501,False
113517,LTF23NOV26310PE,LTF,23NOV2026,31000.000000,2250,OPTSTK,NFO,5.000000,67501,False
113625,LTM27OCT263950PE,LTM,27OCT2026,395000.000000,150,OPTSTK,NFO,5.000000,6001,False
113634,LTM27OCT264450CE,LTM,27OCT2026,445000.000000,150,OPTSTK,NFO,5.000000,6001,False
113714,IEX29SEP26105PE,IEX,29SEP2026,10500.000000,4350,OPTSTK,NFO,1.000000,174001,False
113735,LTM23NOV263600CE,LTM,23NOV2026,360000.000000,150,OPTSTK,NFO,5.000000,6001,False
113745,LTM23NOV264100CE,LTM,23NOV2026,410000.000000,150,OPTSTK,NFO,5.000000,6001,False
113777,TECHM27OCT261320PE,TECHM,27OCT2026,132000.000000,600,OPTSTK,NFO,5.000000,18001,False
113778,TECHM27OCT261360CE,TECHM,27OCT2026,136000.000000,600,OPTSTK,NFO,5.000000,18001,False
113796,TECHM27OCT261400PE,TECHM,27OCT2026,140000.000000,600,OPTSTK,NFO,5.000000,18001,False
113799,TECHM27OCT261440CE,TECHM,27OCT2026,144000.000000,600,OPTSTK,NFO,5.000000,18001,False
113836,LTM23NOV264600CE,LTM,23NOV2026,460000.000000,150,OPTSTK,NFO,5.000000,6001,False
113850,LTM23NOV265300CE,LTM,23NOV2026,530000.000000,150,OPTSTK,NFO,5.000000,6001,False
114002,INDHOTEL29SEP26640CE,INDHOTEL,29SEP2026,64000.000000,1000,OPTSTK,NFO,5.000000,30001,False
114023,TIINDIA29SEP262450PE,TIINDIA,29SEP2026,245000.000000,200,OPTSTK,NFO,5.000000,8001,False
114024,INDHOTEL29SEP26760CE,INDHOTEL,29SEP2026,76000.000000,1000,OPTSTK,NFO,5.000000,30001,False
114027,TIINDIA29SEP262550PE,TIINDIA,29SEP2026,255000.000000,200,OPTSTK,NFO,5.000000,8001,False
114036,TIINDIA29SEP262950CE,TIINDIA,29SEP2026,295000.000000,200,OPTSTK,NFO,5.000000,8001,False
114038,TIINDIA29SEP263050CE,TIINDIA,29SEP2026,305000.000000,200,OPTSTK,NFO,5.000000,8001,False
114041,TIINDIA29SEP263150PE,TIINDIA,29SEP2026,315000.000000,200,OPTSTK,NFO,5.000000,8001,False
114045,INDHOTEL29SEP26780PE,INDHOTEL,29SEP2026,78000.000000,1000,OPTSTK,NFO,5.000000,30001,False
114050,INDHOTEL29SEP26800CE,INDHOTEL,29SEP2026,80000.000000,1000,OPTSTK,NFO,5.000000,30001,False
114057,LUPIN27OCT262020PE,LUPIN,27OCT2026,202000.000000,425,OPTSTK,NFO,5.000000,12751,False
114064,INDHOTEL29SEP26840PE,INDHOTEL,29SEP2026,84000.000000,1000,OPTSTK,NFO,5.000000,30001,False
114089,LUPIN27OCT262140CE,LUPIN,27OCT2026,214000.000000,425,OPTSTK,NFO,5.000000,12751,False
114105,LUPIN27OCT262300PE,LUPIN,27OCT2026,230000.000000,425,OPTSTK,NFO,5.000000,12751,False
114107,LUPIN27OCT262340PE,LUPIN,27OCT2026,234000.000000,425,OPTSTK,NFO,5.000000,12751,False
114182,LUPIN23NOV261840PE,LUPIN,23NOV2026,184000.000000,425,OPTSTK,NFO,5.000000,12751,False
114190,LUPIN23NOV261960PE,LUPIN,23NOV2026,196000.000000,425,OPTSTK,NFO,5.000000,12751,False
114197,LUPIN23NOV262120CE,LUPIN,23NOV2026,212000.000000,425,OPTSTK,NFO,5.000000,12751,False
114213,LUPIN23NOV262360CE,LUPIN,23NOV2026,236000.000000,425,OPTSTK,NFO,5.000000,12751,False
114234,LUPIN23NOV262440CE,LUPIN,23NOV2026,244000.000000,425,OPTSTK,NFO,5.000000,12751,False
114304,TIINDIA27OCT262500CE,TIINDIA,27OCT2026,250000.000000,200,OPTSTK,NFO,5.000000,8001,False
114321,TIINDIA27OCT263000PE,TIINDIA,27OCT2026,300000.000000,200,OPTSTK,NFO,5.000000,8001,False
114419,INDIANB29SEP26860CE,INDIANB,29SEP2026,86000.000000,1000,OPTSTK,NFO,5.000000,30001,False
114425,INDIANB29SEP26880PE,INDIANB,29SEP2026,88000.000000,1000,OPTSTK,NFO,5.000000,30001,False
114457,TITAN29SEP264550CE,TITAN,29SEP2026,455000.000000,175,OPTSTK,NFO,5.000000,5251,False
114475,M&M27OCT262950CE,M&M,27OCT2026,295000.000000,200,OPTSTK,NFO,5.000000,8001,False
114483,M&M27OCT263250CE,M&M,27OCT2026,325000.000000,200,OPTSTK,NFO,5.000000,8001,False
114489,M&M27OCT263350CE,M&M,27OCT2026,335000.000000,200,OPTSTK,NFO,5.000000,8001,False
114498,M&M27OCT263550CE,M&M,27OCT2026,355000.000000,200,OPTSTK,NFO,5.000000,8001,False
114542,INDIGO29SEP264800PE,INDIGO,29SEP2026,480000.000000,150,OPTSTK,NFO,5.000000,4501,False
114612,TITAN27OCT264400CE,TITAN,27OCT2026,440000.000000,175,OPTSTK,NFO,5.000000,5251,False
114615,TITAN27OCT264500PE,TITAN,27OCT2026,450000.000000,175,OPTSTK,NFO,5.000000,5251,False
114617,TITAN27OCT264600PE,TITAN,27OCT2026,460000.000000,175,OPTSTK,NFO,5.000000,5251,False
114634,TITAN27OCT265200CE,TITAN,27OCT2026,520000.000000,175,OPTSTK,NFO,5.000000,5251,False
114641,TITAN27OCT265500PE,TITAN,27OCT2026,550000.000000,175,OPTSTK,NFO,5.000000,5251,False
114643,TITAN27OCT265600PE,TITAN,27OCT2026,560000.000000,175,OPTSTK,NFO,5.000000,5251,False
114651,TITAN27OCT265800PE,TITAN,27OCT2026,580000.000000,175,OPTSTK,NFO,5.000000,5251,False
114679,M&M23NOV262800PE,M&M,23NOV2026,280000.000000,200,OPTSTK,NFO,5.000000,8001,False
114680,M&M23NOV262900CE,M&M,23NOV2026,290000.000000,200,OPTSTK,NFO,5.000000,8001,False
114697,M&M23NOV263000PE,M&M,23NOV2026,300000.000000,200,OPTSTK,NFO,5.000000,8001,False
114792,TMPV27OCT26240CE,TMPV,27OCT2026,24000.000000,1600,OPTSTK,NFO,5.000000,64001,False
114800,M&M23NOV263300CE,M&M,23NOV2026,330000.000000,200,OPTSTK,NFO,5.000000,8001,False
114908,TMPV27OCT26260CE,TMPV,27OCT2026,26000.000000,1600,OPTSTK,NFO,5.000000,64001,False
114937,INDUSINDBK29SEP26860CE,INDUSINDBK,29SEP2026,86000.000000,700,OPTSTK,NFO,5.000000,28001,False
114952,TMPV27OCT26300CE,TMPV,27OCT2026,30000.000000,1600,OPTSTK,NFO,5.000000,64001,False
114966,TMPV27OCT26340PE,TMPV,27OCT2026,34000.000000,1600,OPTSTK,NFO,5.000000,64001,False
114967,TMPV27OCT26350CE,TMPV,27OCT2026,35000.000000,1600,OPTSTK,NFO,5.000000,64001,False
114969,TMPV27OCT26360CE,TMPV,27OCT2026,36000.000000,1600,OPTSTK,NFO,5.000000,64001,False
115045,MAHABANK29SEP2675PE,MAHABANK,29SEP2026,7500.000000,6500,OPTSTK,NFO,1.000000,260001,False
115049,TORNTPHARM29SEP264850CE,TORNTPHARM,29SEP2026,485000.000000,125,OPTSTK,NFO,5.000000,5001,False
115070,TORNTPHARM29SEP265450PE,TORNTPHARM,29SEP2026,545000.000000,125,OPTSTK,NFO,5.000000,5001,False
115111,MAHABANK29SEP2677CE,MAHABANK,29SEP2026,7700.000000,6500,OPTSTK,NFO,1.000000,260001,False
115147,TORNTPHARM27OCT264300CE,TORNTPHARM,27OCT2026,430000.000000,125,OPTSTK,NFO,5.000000,5001,False
115149,TORNTPHARM27OCT264400CE,TORNTPHARM,27OCT2026,440000.000000,125,OPTSTK,NFO,5.000000,5001,False
115164,MAHABANK29SEP2680PE,MAHABANK,29SEP2026,8000.000000,6500,OPTSTK,NFO,1.000000,260001,False
115166,TORNTPHARM27OCT264700PE,TORNTPHARM,27OCT2026,470000.000000,125,OPTSTK,NFO,5.000000,5001,False
115210,MAHABANK29SEP2687CE,MAHABANK,29SEP2026,8700.000000,6500,OPTSTK,NFO,1.000000,260001,False
115212,MAHABANK29SEP2688CE,MAHABANK,29SEP2026,8800.000000,6500,OPTSTK,NFO,1.000000,260001,False
115216,MAHABANK29SEP2690CE,MAHABANK,29SEP2026,9000.000000,6500,OPTSTK,NFO,1.000000,260001,False
115227,MAHABANK29SEP2691PE,MAHABANK,29SEP2026,9100.000000,6500,OPTSTK,NFO,1.000000,260001,False
115234,MAHABANK29SEP2694CE,MAHABANK,29SEP2026,9400.000000,6500,OPTSTK,NFO,1.000000,260001,False
115236,MAHABANK29SEP2694PE,MAHABANK,29SEP2026,9400.000000,6500,OPTSTK,NFO,1.000000,260001,False
115242,MAHABANK29SEP2696PE,MAHABANK,29SEP2026,9600.000000,6500,OPTSTK,NFO,1.000000,260001,False
115333,TRENT29SEP262750PE,TRENT,29SEP2026,275000.000000,225,OPTSTK,NFO,5.000000,9001,False
115335,TRENT29SEP262850PE,TRENT,29SEP2026,285000.000000,225,OPTSTK,NFO,5.000000,9001,False
115340,TRENT29SEP262950CE,TRENT,29SEP2026,295000.000000,225,OPTSTK,NFO,5.000000,9001,False
115342,TRENT29SEP263050CE,TRENT,29SEP2026,305000.000000,225,OPTSTK,NFO,5.000000,9001,False
115370,INDUSTOWER29SEP26406PE,INDUSTOWER,29SEP2026,40600.000000,1700,OPTSTK,NFO,5.000000,68001,False
115382,INDUSTOWER29SEP26436CE,INDUSTOWER,29SEP2026,43600.000000,1700,OPTSTK,NFO,5.000000,68001,False
115411,TRENT27OCT262800CE,TRENT,27OCT2026,280000.000000,225,OPTSTK,NFO,5.000000,9001,False
115459,TVSMOTOR29SEP263750CE,TVSMOTOR,29SEP2026,375000.000000,175,OPTSTK,NFO,5.000000,5251,False
115476,TVSMOTOR29SEP264250PE,TVSMOTOR,29SEP2026,425000.000000,175,OPTSTK,NFO,5.000000,5251,False
115486,TVSMOTOR29SEP264650CE,TVSMOTOR,29SEP2026,465000.000000,175,OPTSTK,NFO,5.000000,5251,False
115492,TVSMOTOR29SEP264900CE,TVSMOTOR,29SEP2026,490000.000000,175,OPTSTK,NFO,5.000000,5251,False
115551,MAHABANK27OCT2670CE,MAHABANK,27OCT2026,7000.000000,6500,OPTSTK,NFO,1.000000,260001,False
115579,TVSMOTOR27OCT263900PE,TVSMOTOR,27OCT2026,390000.000000,175,OPTSTK,NFO,5.000000,5251,False
115580,TVSMOTOR27OCT264000CE,TVSMOTOR,27OCT2026,400000.000000,175,OPTSTK,NFO,5.000000,5251,False
115581,TVSMOTOR27OCT264000PE,TVSMOTOR,27OCT2026,400000.000000,175,OPTSTK,NFO,5.000000,5251,False
115587,MAHABANK27OCT2679PE,MAHABANK,27OCT2026,7900.000000,6500,OPTSTK,NFO,1.000000,260001,False
115642,MAHABANK27OCT2693CE,MAHABANK,27OCT2026,9300.000000,6500,OPTSTK,NFO,1.000000,260001,False
115753,MAHABANK23NOV2684CE,MAHABANK,23NOV2026,8400.000000,6500,OPTSTK,NFO,1.000000,260001,False
115759,MAHABANK23NOV2690CE,MAHABANK,23NOV2026,9000.000000,6500,OPTSTK,NFO,1.000000,260001,False
115760,MAHABANK23NOV2690PE,MAHABANK,23NOV2026,9000.000000,6500,OPTSTK,NFO,1.000000,260001,False
115765,INFY29SEP261000CE,INFY,29SEP2026,100000.000000,400,OPTSTK,NFO,5.000000,20001,False
115775,MAHABANK23NOV2696PE,MAHABANK,23NOV2026,9600.000000,6500,OPTSTK,NFO,1.000000,260001,False
115778,MAHABANK23NOV2698CE,MAHABANK,23NOV2026,9800.000000,6500,OPTSTK,NFO,1.000000,260001,False
115783,ULTRACEMCO29SEP2611860CE,ULTRACEMCO,29SEP2026,1186000.000000,50,OPTSTK,NFO,5.000000,2001,False
115788,ULTRACEMCO29SEP2612060PE,ULTRACEMCO,29SEP2026,1206000.000000,50,OPTSTK,NFO,5.000000,2001,False
115803,INFY29SEP261200CE,INFY,29SEP2026,120000.000000,400,OPTSTK,NFO,5.000000,20001,False
115814,INFY29SEP261320PE,INFY,29SEP2026,132000.000000,400,OPTSTK,NFO,5.000000,20001,False
115834,MANAPPURAM27OCT26295PE,MANAPPURAM,27OCT2026,29500.000000,3000,OPTSTK,NFO,5.000000,60001,False
115839,MANAPPURAM27OCT26325CE,MANAPPURAM,27OCT2026,32500.000000,3000,OPTSTK,NFO,5.000000,60001,False
115848,MANAPPURAM27OCT26365PE,MANAPPURAM,27OCT2026,36500.000000,3000,OPTSTK,NFO,5.000000,60001,False
115909,MANAPPURAM23NOV26290CE,MANAPPURAM,23NOV2026,29000.000000,3000,OPTSTK,NFO,5.000000,60001,False
115911,MANAPPURAM23NOV26300CE,MANAPPURAM,23NOV2026,30000.000000,3000,OPTSTK,NFO,5.000000,60001,False
115948,MANAPPURAM23NOV26390CE,MANAPPURAM,23NOV2026,39000.000000,3000,OPTSTK,NFO,5.000000,60001,False
116054,MANKIND27OCT262060CE,MANKIND,27OCT2026,206000.000000,250,OPTSTK,NFO,5.000000,10001,False
116061,MANKIND27OCT262180PE,MANKIND,27OCT2026,218000.000000,250,OPTSTK,NFO,5.000000,10001,False
116075,MANKIND27OCT262460PE,MANKIND,27OCT2026,246000.000000,250,OPTSTK,NFO,5.000000,10001,False
116077,MANKIND27OCT262500PE,MANKIND,27OCT2026,250000.000000,250,OPTSTK,NFO,5.000000,10001,False
116085,MANKIND27OCT262580PE,MANKIND,27OCT2026,258000.000000,250,OPTSTK,NFO,5.000000,10001,False
116227,MANKIND23NOV262080CE,MANKIND,23NOV2026,208000.000000,250,OPTSTK,NFO,5.000000,10001,False
116256,UNIONBANK29SEP26172.5PE,UNIONBANK,29SEP2026,17250.000000,4425,OPTSTK,NFO,1.000000,132751,False
116356,MANKIND23NOV262280PE,MANKIND,23NOV2026,228000.000000,250,OPTSTK,NFO,5.000000,10001,False
116266,UNIONBANK29SEP26197.5PE,UNIONBANK,29SEP2026,19750.000000,4425,OPTSTK,NFO,1.000000,132751,False
116325,UNIONBANK27OCT26165PE,UNIONBANK,27OCT2026,16500.000000,4425,OPTSTK,NFO,1.000000,132751,False
116351,MANKIND23NOV262200CE,MANKIND,23NOV2026,220000.000000,250,OPTSTK,NFO,5.000000,10001,False
116358,MANKIND23NOV262320PE,MANKIND,23NOV2026,232000.000000,250,OPTSTK,NFO,5.000000,10001,False
116383,MANKIND23NOV262520PE,MANKIND,23NOV2026,252000.000000,250,OPTSTK,NFO,5.000000,10001,False
116482,MARICO27OCT26890CE,MARICO,27OCT2026,89000.000000,1200,OPTSTK,NFO,5.000000,36001,False
116485,MARICO27OCT26910PE,MARICO,27OCT2026,91000.000000,1200,OPTSTK,NFO,5.000000,36001,False
116537,MARICO23NOV26800CE,MARICO,23NOV2026,80000.000000,1200,OPTSTK,NFO,5.000000,36001,False
116545,UNITDSPR29SEP261620PE,UNITDSPR,29SEP2026,162000.000000,400,OPTSTK,NFO,5.000000,16001,False
116592,MARICO23NOV26920PE,MARICO,23NOV2026,92000.000000,1200,OPTSTK,NFO,5.000000,36001,False
116630,UNITDSPR27OCT261320CE,UNITDSPR,27OCT2026,132000.000000,400,OPTSTK,NFO,5.000000,16001,False
116736,UNOMINDA29SEP261380CE,UNOMINDA,29SEP2026,138000.000000,550,OPTSTK,NFO,5.000000,22001,False
116646,UNITDSPR27OCT261400CE,UNITDSPR,27OCT2026,140000.000000,400,OPTSTK,NFO,5.000000,16001,False
116670,UNITDSPR27OCT261680PE,UNITDSPR,27OCT2026,168000.000000,400,OPTSTK,NFO,5.000000,16001,False
116735,UNOMINDA29SEP261340PE,UNOMINDA,29SEP2026,134000.000000,550,OPTSTK,NFO,5.000000,22001,False
116762,UNOMINDA27OCT261040CE,UNOMINDA,27OCT2026,104000.000000,550,OPTSTK,NFO,5.000000,22001,False
116856,UNOMINDA27OCT261440PE,UNOMINDA,27OCT2026,144000.000000,550,OPTSTK,NFO,5.000000,22001,False
116888,UPL29SEP26550PE,UPL,29SEP2026,55000.000000,1355,OPTSTK,NFO,5.000000,40651,False
116893,UPL29SEP26590CE,UPL,29SEP2026,59000.000000,1355,OPTSTK,NFO,5.000000,40651,False
116912,IOC29SEP26120CE,IOC,29SEP2026,12000.000000,4875,OPTSTK,NFO,1.000000,195001,False
116916,IOC29SEP26130CE,IOC,29SEP2026,13000.000000,4875,OPTSTK,NFO,1.000000,195001,False
116978,MARUTI27OCT2612700PE,MARUTI,27OCT2026,1270000.000000,50,OPTSTK,NFO,5.000000,2001,False
117002,MARUTI27OCT2614500CE,MARUTI,27OCT2026,1450000.000000,50,OPTSTK,NFO,5.000000,2001,False
117004,MARUTI27OCT2614500PE,MARUTI,27OCT2026,1450000.000000,50,OPTSTK,NFO,5.000000,2001,False
117033,UPL27OCT26500PE,UPL,27OCT2026,50000.000000,1355,OPTSTK,NFO,5.000000,40651,False
117042,UPL27OCT26600CE,UPL,27OCT2026,60000.000000,1355,OPTSTK,NFO,5.000000,40651,False
117206,IREDA29SEP26115PE,IREDA,29SEP2026,11500.000000,4525,OPTSTK,NFO,1.000000,181001,False
117214,IREDA29SEP26135PE,IREDA,29SEP2026,13500.000000,4525,OPTSTK,NFO,1.000000,181001,False
117301,MARUTI23NOV2612200PE,MARUTI,23NOV2026,1220000.000000,50,OPTSTK,NFO,5.000000,2001,False
117321,MARUTI23NOV2613200CE,MARUTI,23NOV2026,1320000.000000,50,OPTSTK,NFO,5.000000,2001,False
117333,MARUTI23NOV2613800CE,MARUTI,23NOV2026,1380000.000000,50,OPTSTK,NFO,5.000000,2001,False
117358,MARUTI23NOV2614600CE,MARUTI,23NOV2026,1460000.000000,50,OPTSTK,NFO,5.000000,2001,False
117413,MARUTI23NOV2614800PE,MARUTI,23NOV2026,1480000.000000,50,OPTSTK,NFO,5.000000,2001,False
117436,IRFC29SEP2670PE,IRFC,29SEP2026,7000.000000,5425,OPTSTK,NFO,1.000000,271251,False
117442,IRFC29SEP2672PE,IRFC,29SEP2026,7200.000000,5425,OPTSTK,NFO,1.000000,271251,False
117470,VBL27OCT26480CE,VBL,27OCT2026,48000.000000,1275,OPTSTK,NFO,5.000000,51001,False
117452,VBL27OCT26360PE,VBL,27OCT2026,36000.000000,1275,OPTSTK,NFO,5.000000,51001,False
117453,VBL27OCT26380CE,VBL,27OCT2026,38000.000000,1275,OPTSTK,NFO,5.000000,51001,False
117461,VBL27OCT26460CE,VBL,27OCT2026,46000.000000,1275,OPTSTK,NFO,5.000000,51001,False
117494,VBL27OCT26500CE,VBL,27OCT2026,50000.000000,1275,OPTSTK,NFO,5.000000,51001,False
117536,IRFC29SEP2688CE,IRFC,29SEP2026,8800.000000,5425,OPTSTK,NFO,1.000000,271251,False
117539,IRFC29SEP2688PE,IRFC,29SEP2026,8800.000000,5425,OPTSTK,NFO,1.000000,271251,False
117657,IRFC29SEP2692PE,IRFC,29SEP2026,9200.000000,5425,OPTSTK,NFO,1.000000,271251,False
117724,VEDL27OCT26250CE,VEDL,27OCT2026,25000.000000,1150,OPTSTK,NFO,5.000000,80501,False
117745,VEDL27OCT26310PE,VEDL,27OCT2026,31000.000000,1150,OPTSTK,NFO,5.000000,80501,False
117746,VEDL27OCT26320CE,VEDL,27OCT2026,32000.000000,1150,OPTSTK,NFO,5.000000,80501,False
117780,VMM29SEP26117.5CE,VMM,29SEP2026,11750.000000,4850,OPTSTK,NFO,1.000000,194001,False
117811,VMM27OCT2685PE,VMM,27OCT2026,8500.000000,4850,OPTSTK,NFO,1.000000,194001,False
117884,MAXHEALTH27OCT26990PE,MAXHEALTH,27OCT2026,99000.000000,525,OPTSTK,NFO,5.000000,21001,False
118006,ITC29SEP26210CE,ITC,29SEP2026,21000.000000,1725,OPTSTK,NFO,5.000000,86251,False
118013,MAXHEALTH27OCT261070CE,MAXHEALTH,27OCT2026,107000.000000,525,OPTSTK,NFO,5.000000,21001,False
118036,ITC29SEP26245CE,ITC,29SEP2026,24500.000000,1725,OPTSTK,NFO,5.000000,86251,False
118066,ITC29SEP26270CE,ITC,29SEP2026,27000.000000,1725,OPTSTK,NFO,5.000000,86251,False
118070,ITC29SEP26280CE,ITC,29SEP2026,28000.000000,1725,OPTSTK,NFO,5.000000,86251,False
118085,VOLTAS29SEP261340CE,VOLTAS,29SEP2026,134000.000000,375,OPTSTK,NFO,5.000000,18751,False
118091,VOLTAS29SEP261420PE,VOLTAS,29SEP2026,142000.000000,375,OPTSTK,NFO,5.000000,18751,False
118147,MAXHEALTH23NOV26880CE,MAXHEALTH,23NOV2026,88000.000000,525,OPTSTK,NFO,5.000000,21001,False
118163,VOLTAS27OCT261080CE,VOLTAS,27OCT2026,108000.000000,375,OPTSTK,NFO,5.000000,18751,False
118178,VOLTAS27OCT261280PE,VOLTAS,27OCT2026,128000.000000,375,OPTSTK,NFO,5.000000,18751,False
118180,VOLTAS27OCT261320PE,VOLTAS,27OCT2026,132000.000000,375,OPTSTK,NFO,5.000000,18751,False
118190,MAXHEALTH23NOV261000CE,MAXHEALTH,23NOV2026,100000.000000,525,OPTSTK,NFO,5.000000,21001,False
118199,MAXHEALTH23NOV261040PE,MAXHEALTH,23NOV2026,104000.000000,525,OPTSTK,NFO,5.000000,21001,False
118214,ITC29SEP26315PE,ITC,29SEP2026,31500.000000,1725,OPTSTK,NFO,5.000000,86251,False
118233,MAXHEALTH23NOV261200CE,MAXHEALTH,23NOV2026,120000.000000,525,OPTSTK,NFO,5.000000,21001,False
118303,MAZDOCK27OCT262450PE,MAZDOCK,27OCT2026,245000.000000,225,OPTSTK,NFO,5.000000,9001,False
118339,JINDALSTEL29SEP26960CE,JINDALSTEL,29SEP2026,96000.000000,625,OPTSTK,NFO,5.000000,18751,False
118341,JINDALSTEL29SEP261000CE,JINDALSTEL,29SEP2026,100000.000000,625,OPTSTK,NFO,5.000000,18751,False
118342,JINDALSTEL29SEP261000PE,JINDALSTEL,29SEP2026,100000.000000,625,OPTSTK,NFO,5.000000,18751,False
118343,JINDALSTEL29SEP261040CE,JINDALSTEL,29SEP2026,104000.000000,625,OPTSTK,NFO,5.000000,18751,False
118357,JINDALSTEL29SEP261280CE,JINDALSTEL,29SEP2026,128000.000000,625,OPTSTK,NFO,5.000000,18751,False
118363,JINDALSTEL29SEP261320PE,JINDALSTEL,29SEP2026,132000.000000,625,OPTSTK,NFO,5.000000,18751,False
118375,JINDALSTEL29SEP261360CE,JINDALSTEL,29SEP2026,136000.000000,625,OPTSTK,NFO,5.000000,18751,False
118389,WAAREEENER29SEP262950CE,WAAREEENER,29SEP2026,295000.000000,175,OPTSTK,NFO,5.000000,8751,False
118460,WAAREEENER27OCT263100PE,WAAREEENER,27OCT2026,310000.000000,175,OPTSTK,NFO,5.000000,8751,False
118543,MAZDOCK23NOV262100CE,MAZDOCK,23NOV2026,210000.000000,225,OPTSTK,NFO,5.000000,9001,False
118548,MAZDOCK23NOV262300CE,MAZDOCK,23NOV2026,230000.000000,225,OPTSTK,NFO,5.000000,9001,False
118562,MAZDOCK23NOV262700CE,MAZDOCK,23NOV2026,270000.000000,225,OPTSTK,NFO,5.000000,9001,False
118566,MAZDOCK23NOV262800CE,MAZDOCK,23NOV2026,280000.000000,225,OPTSTK,NFO,5.000000,9001,False
118626,MCX27OCT263350CE,MCX,27OCT2026,335000.000000,225,OPTSTK,NFO,5.000000,6751,False
118628,MCX27OCT263450CE,MCX,27OCT2026,345000.000000,225,OPTSTK,NFO,5.000000,6751,False
118631,MCX27OCT263550PE,MCX,27OCT2026,355000.000000,225,OPTSTK,NFO,5.000000,6751,False
118653,WIPRO29SEP26172.5PE,WIPRO,29SEP2026,17250.000000,3000,OPTSTK,NFO,1.000000,120001,False
118714,WIPRO27OCT26155PE,WIPRO,27OCT2026,15500.000000,3000,OPTSTK,NFO,1.000000,120001,False
118716,WIPRO27OCT26160PE,WIPRO,27OCT2026,16000.000000,3000,OPTSTK,NFO,1.000000,120001,False
118718,WIPRO27OCT26165PE,WIPRO,27OCT2026,16500.000000,3000,OPTSTK,NFO,1.000000,120001,False
118725,WIPRO27OCT26180CE,WIPRO,27OCT2026,18000.000000,3000,OPTSTK,NFO,1.000000,120001,False
118770,YESBANK29SEP2623PE,YESBANK,29SEP2026,2300.000000,31100,OPTSTK,NFO,1.000000,933001,False
118847,YESBANK27OCT2628PE,YESBANK,27OCT2026,2800.000000,31100,OPTSTK,NFO,1.000000,933001,False
118867,JIOFIN29SEP26235PE,JIOFIN,29SEP2026,23500.000000,2350,OPTSTK,NFO,1.000000,94001,False
118875,JIOFIN29SEP26255PE,JIOFIN,29SEP2026,25500.000000,2350,OPTSTK,NFO,1.000000,94001,False
118878,JIOFIN29SEP26265CE,JIOFIN,29SEP2026,26500.000000,2350,OPTSTK,NFO,1.000000,94001,False
118879,JIOFIN29SEP26265PE,JIOFIN,29SEP2026,26500.000000,2350,OPTSTK,NFO,1.000000,94001,False
118891,JIOFIN29SEP26290CE,JIOFIN,29SEP2026,29000.000000,2350,OPTSTK,NFO,1.000000,94001,False
118943,ZYDUSLIFE29SEP261030CE,ZYDUSLIFE,29SEP2026,103000.000000,900,OPTSTK,NFO,5.000000,27001,False
118951,ZYDUSLIFE29SEP261090PE,ZYDUSLIFE,29SEP2026,109000.000000,900,OPTSTK,NFO,5.000000,27001,False
118961,ZYDUSLIFE29SEP261130CE,ZYDUSLIFE,29SEP2026,113000.000000,900,OPTSTK,NFO,5.000000,27001,False
118977,ZYDUSLIFE29SEP261230CE,ZYDUSLIFE,29SEP2026,123000.000000,900,OPTSTK,NFO,5.000000,27001,False
119026,JSWENERGY29SEP26560PE,JSWENERGY,29SEP2026,56000.000000,1075,OPTSTK,NFO,5.000000,43001,False
119028,JSWENERGY29SEP26580PE,JSWENERGY,29SEP2026,58000.000000,1075,OPTSTK,NFO,5.000000,43001,False
119091,ZYDUSLIFE27OCT261060CE,ZYDUSLIFE,27OCT2026,106000.000000,900,OPTSTK,NFO,5.000000,27001,False
119092,ZYDUSLIFE27OCT261060PE,ZYDUSLIFE,27OCT2026,106000.000000,900,OPTSTK,NFO,5.000000,27001,False
119106,MFSL27OCT261700CE,MFSL,27OCT2026,170000.000000,400,OPTSTK,NFO,5.000000,16001,False
119133,ZYDUSLIFE27OCT261220PE,ZYDUSLIFE,27OCT2026,122000.000000,900,OPTSTK,NFO,5.000000,27001,False
119219,ZYDUSLIFE27OCT261360CE,ZYDUSLIFE,27OCT2026,136000.000000,900,OPTSTK,NFO,5.000000,27001,False
119226,MFSL23NOV261400PE,MFSL,23NOV2026,140000.000000,400,OPTSTK,NFO,5.000000,16001,False
119238,MFSL23NOV261560CE,MFSL,23NOV2026,156000.000000,400,OPTSTK,NFO,5.000000,16001,False
119239,MFSL23NOV261560PE,MFSL,23NOV2026,156000.000000,400,OPTSTK,NFO,5.000000,16001,False
119251,MFSL23NOV261760PE,MFSL,23NOV2026,176000.000000,400,OPTSTK,NFO,5.000000,16001,False
119254,MFSL23NOV261840CE,MFSL,23NOV2026,184000.000000,400,OPTSTK,NFO,5.000000,16001,False
119274,JSWSTEEL29SEP261080CE,JSWSTEEL,29SEP2026,108000.000000,675,OPTSTK,NFO,5.000000,20251,False
119278,JSWSTEEL29SEP261160CE,JSWSTEEL,29SEP2026,116000.000000,675,OPTSTK,NFO,5.000000,20251,False
119281,JSWSTEEL29SEP261200PE,JSWSTEEL,29SEP2026,120000.000000,675,OPTSTK,NFO,5.000000,20251,False
119287,JSWSTEEL29SEP261280PE,JSWSTEEL,29SEP2026,128000.000000,675,OPTSTK,NFO,5.000000,20251,False
119413,JUBLFOOD29SEP26430CE,JUBLFOOD,29SEP2026,43000.000000,1250,OPTSTK,NFO,5.000000,50001,False
119424,JUBLFOOD29SEP26470PE,JUBLFOOD,29SEP2026,47000.000000,1250,OPTSTK,NFO,5.000000,50001,False
100019,HINDZINC27OCT26610CE,HINDZINC,27OCT2026,61000.000000,1225,OPTSTK,NFO,5.000000,36751,False
100042,HINDZINC27OCT26690PE,HINDZINC,27OCT2026,69000.000000,1225,OPTSTK,NFO,5.000000,36751,False
119429,MOTHERSON27OCT26147.5PE,MOTHERSON,27OCT2026,14750.000000,6150,OPTSTK,NFO,1.000000,184501,False
119440,MOTHERSON27OCT26177.5CE,MOTHERSON,27OCT2026,17750.000000,6150,OPTSTK,NFO,1.000000,184501,False
119542,MOTHERSON23NOV26165CE,MOTHERSON,23NOV2026,16500.000000,6150,OPTSTK,NFO,1.000000,184501,False
119552,MOTHERSON23NOV26185PE,MOTHERSON,23NOV2026,18500.000000,6150,OPTSTK,NFO,1.000000,184501,False
100065,DIVISLAB29SEP266800PE,DIVISLAB,29SEP2026,680000.000000,100,OPTSTK,NFO,5.000000,3001,False
100076,DIVISLAB29SEP268000CE,DIVISLAB,29SEP2026,800000.000000,100,OPTSTK,NFO,5.000000,3001,False
100209,HYUNDAI27OCT261980PE,HYUNDAI,27OCT2026,198000.000000,275,OPTSTK,NFO,5.000000,11001,False
100210,HYUNDAI27OCT262020CE,HYUNDAI,27OCT2026,202000.000000,275,OPTSTK,NFO,5.000000,11001,False
119577,MOTILALOFS27OCT26940CE,MOTILALOFS,27OCT2026,94000.000000,775,OPTSTK,NFO,5.000000,23251,False
119585,JUBLFOOD29SEP26510PE,JUBLFOOD,29SEP2026,51000.000000,1250,OPTSTK,NFO,5.000000,50001,False
119592,JUBLFOOD29SEP26560CE,JUBLFOOD,29SEP2026,56000.000000,1250,OPTSTK,NFO,5.000000,50001,False
119595,JUBLFOOD29SEP26580PE,JUBLFOOD,29SEP2026,58000.000000,1250,OPTSTK,NFO,5.000000,50001,False
100216,HYUNDAI27OCT262140CE,HYUNDAI,27OCT2026,214000.000000,275,OPTSTK,NFO,5.000000,11001,False
100233,HYUNDAI27OCT262380PE,HYUNDAI,27OCT2026,238000.000000,275,OPTSTK,NFO,5.000000,11001,False
100343,HYUNDAI23NOV261920PE,HYUNDAI,23NOV2026,192000.000000,275,OPTSTK,NFO,5.000000,11001,False
100374,HYUNDAI23NOV262120CE,HYUNDAI,23NOV2026,212000.000000,275,OPTSTK,NFO,5.000000,11001,False
119690,MPHASIS27OCT262550CE,MPHASIS,27OCT2026,255000.000000,275,OPTSTK,NFO,5.000000,11001,False
119695,MPHASIS27OCT262750CE,MPHASIS,27OCT2026,275000.000000,275,OPTSTK,NFO,5.000000,11001,False
119716,MPHASIS23NOV261800PE,MPHASIS,23NOV2026,180000.000000,275,OPTSTK,NFO,5.000000,11001,False
119762,MUTHOOTFIN27OCT262750PE,MUTHOOTFIN,27OCT2026,275000.000000,275,OPTSTK,NFO,5.000000,8251,False
100379,HYUNDAI23NOV262200PE,HYUNDAI,23NOV2026,220000.000000,275,OPTSTK,NFO,5.000000,11001,False
100380,HYUNDAI23NOV262240CE,HYUNDAI,23NOV2026,224000.000000,275,OPTSTK,NFO,5.000000,11001,False
100458,PATANJALI27OCT26410PE,PATANJALI,27OCT2026,41000.000000,1075,OPTSTK,NFO,5.000000,64501,False
100498,DIXON29SEP2612500PE,DIXON,29SEP2026,1250000.000000,50,OPTSTK,NFO,5.000000,1501,False
119769,MUTHOOTFIN27OCT263150CE,MUTHOOTFIN,27OCT2026,315000.000000,275,OPTSTK,NFO,5.000000,8251,False
119817,MUTHOOTFIN23NOV263100CE,MUTHOOTFIN,23NOV2026,310000.000000,275,OPTSTK,NFO,5.000000,8251,False
119866,NAM-INDIA27OCT261260PE,NAM-INDIA,27OCT2026,126000.000000,625,OPTSTK,NFO,5.000000,18751,False
119870,NAM-INDIA27OCT261340PE,NAM-INDIA,27OCT2026,134000.000000,625,OPTSTK,NFO,5.000000,18751,False
100509,DIXON29SEP2613500PE,DIXON,29SEP2026,1350000.000000,50,OPTSTK,NFO,5.000000,1501,False
100546,DIXON29SEP2617000CE,DIXON,29SEP2026,1700000.000000,50,OPTSTK,NFO,5.000000,1501,False
100585,DLF29SEP26540CE,DLF,29SEP2026,54000.000000,950,OPTSTK,NFO,5.000000,38001,False
100587,DLF29SEP26560CE,DLF,29SEP2026,56000.000000,950,OPTSTK,NFO,5.000000,38001,False
119905,NAM-INDIA23NOV261160CE,NAM-INDIA,23NOV2026,116000.000000,625,OPTSTK,NFO,5.000000,18751,False
119912,NAM-INDIA23NOV261280PE,NAM-INDIA,23NOV2026,128000.000000,625,OPTSTK,NFO,5.000000,18751,False
119943,NATIONALUM27OCT26410CE,NATIONALUM,27OCT2026,41000.000000,1875,OPTSTK,NFO,5.000000,56251,False
119968,NATIONALUM23NOV26320CE,NATIONALUM,23NOV2026,32000.000000,1875,OPTSTK,NFO,5.000000,56251,False
100591,DLF29SEP26600CE,DLF,29SEP2026,60000.000000,950,OPTSTK,NFO,5.000000,38001,False
100595,DLF29SEP26640CE,DLF,29SEP2026,64000.000000,950,OPTSTK,NFO,5.000000,38001,False
100597,DLF29SEP26660CE,DLF,29SEP2026,66000.000000,950,OPTSTK,NFO,5.000000,38001,False
100625,PAYTM29SEP261500CE,PAYTM,29SEP2026,150000.000000,725,OPTSTK,NFO,5.000000,14501,False
119973,NATIONALUM23NOV26360PE,NATIONALUM,23NOV2026,36000.000000,1875,OPTSTK,NFO,5.000000,56251,False
119993,NATIONALUM23NOV26440PE,NATIONALUM,23NOV2026,44000.000000,1875,OPTSTK,NFO,5.000000,56251,False
120123,KAYNES29SEP263500CE,KAYNES,29SEP2026,350000.000000,150,OPTSTK,NFO,5.000000,6001,False
120191,NAUKRI23NOV261200CE,NAUKRI,23NOV2026,120000.000000,550,OPTSTK,NFO,5.000000,16501,False
120247,NBCC27OCT2672.5CE,NBCC,27OCT2026,7250.000000,6500,OPTSTK,NFO,1.000000,260001,False
100627,PAYTM29SEP261540CE,PAYTM,29SEP2026,154000.000000,725,OPTSTK,NFO,5.000000,14501,False
100629,DLF29SEP26720PE,DLF,29SEP2026,72000.000000,950,OPTSTK,NFO,5.000000,38001,False
100634,PAYTM29SEP261620CE,PAYTM,29SEP2026,162000.000000,725,OPTSTK,NFO,5.000000,14501,False
100635,PAYTM29SEP261620PE,PAYTM,29SEP2026,162000.000000,725,OPTSTK,NFO,5.000000,14501,False
120208,NAUKRI23NOV261240PE,NAUKRI,23NOV2026,124000.000000,550,OPTSTK,NFO,5.000000,16501,False
120215,NAUKRI23NOV261400CE,NAUKRI,23NOV2026,140000.000000,550,OPTSTK,NFO,5.000000,16501,False
120219,NAUKRI23NOV261480CE,NAUKRI,23NOV2026,148000.000000,550,OPTSTK,NFO,5.000000,16501,False
120252,NBCC27OCT2682.5PE,NBCC,27OCT2026,8250.000000,6500,OPTSTK,NFO,1.000000,260001,False
120291,KEI29SEP265000CE,KEI,29SEP2026,500000.000000,175,OPTSTK,NFO,5.000000,5251,False
120297,NBCC23NOV2660PE,NBCC,23NOV2026,6000.000000,6500,OPTSTK,NFO,1.000000,260001,False
120313,KEI29SEP265400CE,KEI,29SEP2026,540000.000000,175,OPTSTK,NFO,5.000000,5251,False
100699,PAYTM27OCT261440CE,PAYTM,27OCT2026,144000.000000,725,OPTSTK,NFO,5.000000,14501,False
100725,PAYTM27OCT261680CE,PAYTM,27OCT2026,168000.000000,725,OPTSTK,NFO,5.000000,14501,False
100729,PAYTM27OCT261760CE,PAYTM,27OCT2026,176000.000000,725,OPTSTK,NFO,5.000000,14501,False
100747,ICICIBANK27OCT261350PE,ICICIBANK,27OCT2026,135000.000000,700,OPTSTK,NFO,5.000000,21001,False
120315,KEI29SEP265600CE,KEI,29SEP2026,560000.000000,175,OPTSTK,NFO,5.000000,5251,False
120328,KEI29SEP266600CE,KEI,29SEP2026,660000.000000,175,OPTSTK,NFO,5.000000,5251,False
120383,NESTLEIND27OCT261270CE,NESTLEIND,27OCT2026,127000.000000,500,OPTSTK,NFO,5.000000,15001,False
120392,NESTLEIND27OCT261350PE,NESTLEIND,27OCT2026,135000.000000,500,OPTSTK,NFO,5.000000,15001,False
100748,ICICIBANK27OCT261370CE,ICICIBANK,27OCT2026,137000.000000,700,OPTSTK,NFO,5.000000,21001,False
100750,ICICIBANK27OCT261390CE,ICICIBANK,27OCT2026,139000.000000,700,OPTSTK,NFO,5.000000,21001,False
100755,ICICIBANK27OCT261430PE,ICICIBANK,27OCT2026,143000.000000,700,OPTSTK,NFO,5.000000,21001,False
100761,ICICIBANK27OCT261490PE,ICICIBANK,27OCT2026,149000.000000,700,OPTSTK,NFO,5.000000,21001,False
120410,NESTLEIND27OCT261530PE,NESTLEIND,27OCT2026,153000.000000,500,OPTSTK,NFO,5.000000,15001,False
120415,NESTLEIND27OCT261590CE,NESTLEIND,27OCT2026,159000.000000,500,OPTSTK,NFO,5.000000,15001,False
120473,KFINTECH29SEP261080CE,KFINTECH,29SEP2026,108000.000000,575,OPTSTK,NFO,5.000000,23001,False
120510,NESTLEIND23NOV261200PE,NESTLEIND,23NOV2026,120000.000000,500,OPTSTK,NFO,5.000000,15001,False
100865,PERSISTENT27OCT266000CE,PERSISTENT,27OCT2026,600000.000000,125,OPTSTK,NFO,5.000000,3751,False
100871,PERSISTENT27OCT266600CE,PERSISTENT,27OCT2026,660000.000000,125,OPTSTK,NFO,5.000000,3751,False
100898,PETRONET29SEP26255PE,PETRONET,29SEP2026,25500.000000,1900,OPTSTK,NFO,5.000000,76001,False
100914,PETRONET29SEP26315PE,PETRONET,29SEP2026,31500.000000,1900,OPTSTK,NFO,5.000000,76001,False
120514,NESTLEIND23NOV261240PE,NESTLEIND,23NOV2026,124000.000000,500,OPTSTK,NFO,5.000000,15001,False
120523,NESTLEIND23NOV261340CE,NESTLEIND,23NOV2026,134000.000000,500,OPTSTK,NFO,5.000000,15001,False
120531,NESTLEIND23NOV261420CE,NESTLEIND,23NOV2026,142000.000000,500,OPTSTK,NFO,5.000000,15001,False
120535,NESTLEIND23NOV261460CE,NESTLEIND,23NOV2026,146000.000000,500,OPTSTK,NFO,5.000000,15001,False
100915,PETRONET29SEP26325CE,PETRONET,29SEP2026,32500.000000,1900,OPTSTK,NFO,5.000000,76001,False
100945,PETRONET27OCT26260CE,PETRONET,27OCT2026,26000.000000,1900,OPTSTK,NFO,5.000000,76001,False
100957,PETRONET27OCT26280CE,PETRONET,27OCT2026,28000.000000,1900,OPTSTK,NFO,5.000000,76001,False
120542,NESTLEIND23NOV261480PE,NESTLEIND,23NOV2026,148000.000000,500,OPTSTK,NFO,5.000000,15001,False
120550,NESTLEIND23NOV261560PE,NESTLEIND,23NOV2026,156000.000000,500,OPTSTK,NFO,5.000000,15001,False
120552,NESTLEIND23NOV261580PE,NESTLEIND,23NOV2026,158000.000000,500,OPTSTK,NFO,5.000000,15001,False
120561,NESTLEIND23NOV261680CE,NESTLEIND,23NOV2026,168000.000000,500,OPTSTK,NFO,5.000000,15001,False
100956,PETRONET27OCT26270PE,PETRONET,27OCT2026,27000.000000,1900,OPTSTK,NFO,5.000000,76001,False
120582,KOTAKBANK29SEP26350CE,KOTAKBANK,29SEP2026,35000.000000,2000,OPTSTK,NFO,5.000000,60001,False
120611,KOTAKBANK29SEP26390CE,KOTAKBANK,29SEP2026,39000.000000,2000,OPTSTK,NFO,5.000000,60001,False
120618,KOTAKBANK29SEP26420PE,KOTAKBANK,29SEP2026,42000.000000,2000,OPTSTK,NFO,5.000000,60001,False
120653,NHPC27OCT2667PE,NHPC,27OCT2026,6700.000000,6950,OPTSTK,NFO,1.000000,278001,False
101026,PFC29SEP26365PE,PFC,29SEP2026,36500.000000,1300,OPTSTK,NFO,5.000000,52001,False
101042,PFC29SEP26375PE,PFC,29SEP2026,37500.000000,1300,OPTSTK,NFO,5.000000,52001,False
101054,PFC29SEP26395PE,PFC,29SEP2026,39500.000000,1300,OPTSTK,NFO,5.000000,52001,False
101076,PFC29SEP26455PE,PFC,29SEP2026,45500.000000,1300,OPTSTK,NFO,5.000000,52001,False
120658,NHPC27OCT2671PE,NHPC,27OCT2026,7100.000000,6950,OPTSTK,NFO,1.000000,278001,False
120665,KOTAKBANK29SEP26470CE,KOTAKBANK,29SEP2026,47000.000000,2000,OPTSTK,NFO,5.000000,60001,False
120750,NHPC23NOV2680CE,NHPC,23NOV2026,8000.000000,6950,OPTSTK,NFO,1.000000,278001,False
120759,NHPC23NOV2688PE,NHPC,23NOV2026,8800.000000,6950,OPTSTK,NFO,1.000000,278001,False
101138,ICICIBANK23NOV261340CE,ICICIBANK,23NOV2026,134000.000000,700,OPTSTK,NFO,5.000000,21001,False
101140,ICICIBANK23NOV261360CE,ICICIBANK,23NOV2026,136000.000000,700,OPTSTK,NFO,5.000000,21001,False
101166,ICICIBANK23NOV261460CE,ICICIBANK,23NOV2026,146000.000000,700,OPTSTK,NFO,5.000000,21001,False
101230,DMART29SEP263600CE,DMART,29SEP2026,360000.000000,150,OPTSTK,NFO,5.000000,6001,False
120826,NMDC27OCT2675CE,NMDC,27OCT2026,7500.000000,6750,OPTSTK,NFO,1.000000,270001,False
120829,NMDC27OCT2677PE,NMDC,27OCT2026,7700.000000,6750,OPTSTK,NFO,1.000000,270001,False
120831,NMDC27OCT2679PE,NMDC,27OCT2026,7900.000000,6750,OPTSTK,NFO,1.000000,270001,False
120832,NMDC27OCT2681CE,NMDC,27OCT2026,8100.000000,6750,OPTSTK,NFO,1.000000,270001,False
101231,DMART29SEP263600PE,DMART,29SEP2026,360000.000000,150,OPTSTK,NFO,5.000000,6001,False
101239,DMART29SEP264000PE,DMART,29SEP2026,400000.000000,150,OPTSTK,NFO,5.000000,6001,False
101244,DMART29SEP264300CE,DMART,29SEP2026,430000.000000,150,OPTSTK,NFO,5.000000,6001,False
101247,DMART29SEP264400PE,DMART,29SEP2026,440000.000000,150,OPTSTK,NFO,5.000000,6001,False
120838,NMDC27OCT2685CE,NMDC,27OCT2026,8500.000000,6750,OPTSTK,NFO,1.000000,270001,False
120847,NMDC27OCT2693PE,NMDC,27OCT2026,9300.000000,6750,OPTSTK,NFO,1.000000,270001,False
120946,NMDC23NOV2672CE,NMDC,23NOV2026,7200.000000,6750,OPTSTK,NFO,1.000000,270001,False
120950,NMDC23NOV2676CE,NMDC,23NOV2026,7600.000000,6750,OPTSTK,NFO,1.000000,270001,False
101313,PFC27OCT26320PE,PFC,27OCT2026,32000.000000,1300,OPTSTK,NFO,5.000000,52001,False
101335,ICICIGI27OCT261380PE,ICICIGI,27OCT2026,138000.000000,325,OPTSTK,NFO,5.000000,13001,False
101374,PFC27OCT26390PE,PFC,27OCT2026,39000.000000,1300,OPTSTK,NFO,5.000000,52001,False
101376,PFC27OCT26400PE,PFC,27OCT2026,40000.000000,1300,OPTSTK,NFO,5.000000,52001,False
120963,NMDC23NOV2688PE,NMDC,23NOV2026,8800.000000,6750,OPTSTK,NFO,1.000000,270001,False
120969,NMDC23NOV2694PE,NMDC,23NOV2026,9400.000000,6750,OPTSTK,NFO,1.000000,270001,False
121015,NTPC27OCT26325PE,NTPC,27OCT2026,32500.000000,1500,OPTSTK,NFO,5.000000,75001,False
121073,NTPC23NOV26280PE,NTPC,23NOV2026,28000.000000,1500,OPTSTK,NFO,5.000000,75001,False
121078,NTPC23NOV26310CE,NTPC,23NOV2026,31000.000000,1500,OPTSTK,NFO,5.000000,75001,False
121083,NTPC23NOV26330PE,NTPC,23NOV2026,33000.000000,1500,OPTSTK,NFO,5.000000,75001,False
121087,NTPC23NOV26350PE,NTPC,23NOV2026,35000.000000,1500,OPTSTK,NFO,5.000000,75001,False
121091,NTPC23NOV26370PE,NTPC,23NOV2026,37000.000000,1500,OPTSTK,NFO,5.000000,75001,False
101442,PGEL29SEP26510PE,PGEL,29SEP2026,51000.000000,950,OPTSTK,NFO,5.000000,38001,False
101444,PGEL29SEP26530PE,PGEL,29SEP2026,53000.000000,950,OPTSTK,NFO,5.000000,38001,False
101452,PGEL29SEP26610PE,PGEL,29SEP2026,61000.000000,950,OPTSTK,NFO,5.000000,38001,False
101453,PGEL29SEP26630CE,PGEL,29SEP2026,63000.000000,950,OPTSTK,NFO,5.000000,38001,False
121107,KPITTECH29SEP26480PE,KPITTECH,29SEP2026,48000.000000,775,OPTSTK,NFO,5.000000,38751,False
121093,NTPC23NOV26380PE,NTPC,23NOV2026,38000.000000,1500,OPTSTK,NFO,5.000000,75001,False
121097,NTPC23NOV26400PE,NTPC,23NOV2026,40000.000000,1500,OPTSTK,NFO,5.000000,75001,False
121106,KPITTECH29SEP26480CE,KPITTECH,29SEP2026,48000.000000,775,OPTSTK,NFO,5.000000,38751,False
101454,PGEL29SEP26630PE,PGEL,29SEP2026,63000.000000,950,OPTSTK,NFO,5.000000,38001,False
101455,PGEL29SEP26650CE,PGEL,29SEP2026,65000.000000,950,OPTSTK,NFO,5.000000,38001,False
101457,PGEL29SEP26670CE,PGEL,29SEP2026,67000.000000,950,OPTSTK,NFO,5.000000,38001,False
101533,ICICIGI23NOV261480CE,ICICIGI,23NOV2026,148000.000000,325,OPTSTK,NFO,5.000000,13001,False
121114,KPITTECH29SEP26520CE,KPITTECH,29SEP2026,52000.000000,775,OPTSTK,NFO,5.000000,38751,False
121139,KPITTECH29SEP26700CE,KPITTECH,29SEP2026,70000.000000,775,OPTSTK,NFO,5.000000,38751,False
121252,NYKAA23NOV26330CE,NYKAA,23NOV2026,33000.000000,3125,OPTSTK,NFO,5.000000,93751,False
121264,NYKAA23NOV26350CE,NYKAA,23NOV2026,35000.000000,3125,OPTSTK,NFO,5.000000,93751,False
101672,ICICIPRULI27OCT26445PE,ICICIPRULI,27OCT2026,44500.000000,925,OPTSTK,NFO,5.000000,46251,False
101691,ICICIPRULI27OCT26475CE,ICICIPRULI,27OCT2026,47500.000000,925,OPTSTK,NFO,5.000000,46251,False
101701,ICICIPRULI27OCT26475PE,ICICIPRULI,27OCT2026,47500.000000,925,OPTSTK,NFO,5.000000,46251,False
101716,ICICIPRULI27OCT26515CE,ICICIPRULI,27OCT2026,51500.000000,925,OPTSTK,NFO,5.000000,46251,False
121267,NYKAA23NOV26360PE,NYKAA,23NOV2026,36000.000000,3125,OPTSTK,NFO,5.000000,93751,False
121270,NYKAA23NOV26380CE,NYKAA,23NOV2026,38000.000000,3125,OPTSTK,NFO,5.000000,93751,False
121361,OBEROIRLTY23NOV261520PE,OBEROIRLTY,23NOV2026,152000.000000,350,OPTSTK,NFO,5.000000,14001,False
121310,OBEROIRLTY27OCT261740CE,OBEROIRLTY,27OCT2026,174000.000000,350,OPTSTK,NFO,5.000000,14001,False
101730,ICICIPRULI27OCT26545CE,ICICIPRULI,27OCT2026,54500.000000,925,OPTSTK,NFO,5.000000,46251,False
101735,ICICIPRULI27OCT26565PE,ICICIPRULI,27OCT2026,56500.000000,925,OPTSTK,NFO,5.000000,46251,False
101839,PHOENIXLTD29SEP262020CE,PHOENIXLTD,29SEP2026,202000.000000,350,OPTSTK,NFO,5.000000,14001,False
101858,DRREDDY29SEP261120PE,DRREDDY,29SEP2026,112000.000000,625,OPTSTK,NFO,5.000000,18751,False
121365,OBEROIRLTY23NOV261600PE,OBEROIRLTY,23NOV2026,160000.000000,350,OPTSTK,NFO,5.000000,14001,False
121387,OBEROIRLTY23NOV261960PE,OBEROIRLTY,23NOV2026,196000.000000,350,OPTSTK,NFO,5.000000,14001,False
121454,OFSS27OCT2611900PE,OFSS,27OCT2026,1190000.000000,100,OPTSTK,NFO,5.000000,2001,False
121528,OFSS23NOV2610800CE,OFSS,23NOV2026,1080000.000000,100,OPTSTK,NFO,5.000000,2001,False
121530,OFSS23NOV2611000CE,OFSS,23NOV2026,1100000.000000,100,OPTSTK,NFO,5.000000,2001,False
121537,OFSS23NOV2611600PE,OFSS,23NOV2026,1160000.000000,100,OPTSTK,NFO,5.000000,2001,False
121539,OFSS23NOV2611800PE,OFSS,23NOV2026,1180000.000000,100,OPTSTK,NFO,5.000000,2001,False
121543,OFSS23NOV2612200CE,OFSS,23NOV2026,1220000.000000,100,OPTSTK,NFO,5.000000,2001,False
101869,DRREDDY29SEP261140PE,DRREDDY,29SEP2026,114000.000000,625,OPTSTK,NFO,5.000000,18751,False
101893,ICICIPRULI23NOV26420CE,ICICIPRULI,23NOV2026,42000.000000,925,OPTSTK,NFO,5.000000,46251,False
101894,ICICIPRULI23NOV26420PE,ICICIPRULI,23NOV2026,42000.000000,925,OPTSTK,NFO,5.000000,46251,False
101943,PHOENIXLTD27OCT261880PE,PHOENIXLTD,27OCT2026,188000.000000,350,OPTSTK,NFO,5.000000,14001,False
121548,OFSS23NOV2612600CE,OFSS,23NOV2026,1260000.000000,100,OPTSTK,NFO,5.000000,2001,False
121584,LAURUSLABS29SEP261760PE,LAURUSLABS,29SEP2026,176000.000000,850,OPTSTK,NFO,5.000000,17001,False
121616,LICHSGFIN29SEP26420PE,LICHSGFIN,29SEP2026,42000.000000,1000,OPTSTK,NFO,5.000000,40001,False
121630,LICHSGFIN29SEP26540PE,LICHSGFIN,29SEP2026,54000.000000,1000,OPTSTK,NFO,5.000000,40001,False
101952,PHOENIXLTD27OCT262040PE,PHOENIXLTD,27OCT2026,204000.000000,350,OPTSTK,NFO,5.000000,14001,False
101964,PHOENIXLTD27OCT262160PE,PHOENIXLTD,27OCT2026,216000.000000,350,OPTSTK,NFO,5.000000,14001,False
101966,PHOENIXLTD27OCT262200PE,PHOENIXLTD,27OCT2026,220000.000000,350,OPTSTK,NFO,5.000000,14001,False
102007,ICICIPRULI23NOV26500CE,ICICIPRULI,23NOV2026,50000.000000,925,OPTSTK,NFO,5.000000,46251,False
121631,LICHSGFIN29SEP26560CE,LICHSGFIN,29SEP2026,56000.000000,1000,OPTSTK,NFO,5.000000,40001,False
121637,LICHSGFIN29SEP26580PE,LICHSGFIN,29SEP2026,58000.000000,1000,OPTSTK,NFO,5.000000,40001,False
121683,LICI29SEP26350PE,LICI,29SEP2026,35000.000000,1400,OPTSTK,NFO,5.000000,56001,False
121684,LICI29SEP26360CE,LICI,29SEP2026,36000.000000,1400,OPTSTK,NFO,5.000000,56001,False
102020,ICICIPRULI23NOV26560PE,ICICIPRULI,23NOV2026,56000.000000,925,OPTSTK,NFO,5.000000,46251,False
102069,IDEA27OCT2613CE,IDEA,27OCT2026,1300.000000,71475,OPTSTK,NFO,1.000000,1429501,False
102099,IDEA23NOV2620CE,IDEA,23NOV2026,2000.000000,71475,OPTSTK,NFO,1.000000,1429501,False
102165,PIDILITIND29SEP261460CE,PIDILITIND,29SEP2026,146000.000000,500,OPTSTK,NFO,5.000000,15001,False
121689,LICI29SEP26380PE,LICI,29SEP2026,38000.000000,1400,OPTSTK,NFO,5.000000,56001,False
121697,LICI29SEP26390CE,LICI,29SEP2026,39000.000000,1400,OPTSTK,NFO,5.000000,56001,False
121738,LICI29SEP26410PE,LICI,29SEP2026,41000.000000,1400,OPTSTK,NFO,5.000000,56001,False
121783,OIL27OCT26455CE,OIL,27OCT2026,45500.000000,1400,OPTSTK,NFO,5.000000,56001,False
102176,IDFCFIRSTB27OCT2687CE,IDFCFIRSTB,27OCT2026,8700.000000,9275,OPTSTK,NFO,1.000000,278251,False
102182,IDFCFIRSTB27OCT2691CE,IDFCFIRSTB,27OCT2026,9100.000000,9275,OPTSTK,NFO,1.000000,278251,False
102258,IDFCFIRSTB23NOV2676PE,IDFCFIRSTB,23NOV2026,7600.000000,9275,OPTSTK,NFO,1.000000,278251,False
102375,IDFCFIRSTB23NOV2688CE,IDFCFIRSTB,23NOV2026,8800.000000,9275,OPTSTK,NFO,1.000000,278251,False
121787,OIL27OCT26475CE,OIL,27OCT2026,47500.000000,1400,OPTSTK,NFO,5.000000,56001,False
121791,OIL27OCT26495CE,OIL,27OCT2026,49500.000000,1400,OPTSTK,NFO,5.000000,56001,False
121800,OIL27OCT26515PE,OIL,27OCT2026,51500.000000,1400,OPTSTK,NFO,5.000000,56001,False
121803,OIL27OCT26525CE,OIL,27OCT2026,52500.000000,1400,OPTSTK,NFO,5.000000,56001,False
102400,IDFCFIRSTB23NOV2694CE,IDFCFIRSTB,23NOV2026,9400.000000,9275,OPTSTK,NFO,1.000000,278251,False
102402,IDFCFIRSTB23NOV2696CE,IDFCFIRSTB,23NOV2026,9600.000000,9275,OPTSTK,NFO,1.000000,278251,False
102446,PIDILITIND27OCT261440CE,PIDILITIND,27OCT2026,144000.000000,500,OPTSTK,NFO,5.000000,15001,False
102454,PIDILITIND27OCT261600CE,PIDILITIND,27OCT2026,160000.000000,500,OPTSTK,NFO,5.000000,15001,False
121810,OIL27OCT26535PE,OIL,27OCT2026,53500.000000,1400,OPTSTK,NFO,5.000000,56001,False
121883,OIL23NOV26450PE,OIL,23NOV2026,45000.000000,1400,OPTSTK,NFO,5.000000,56001,False
121885,OIL23NOV26460PE,OIL,23NOV2026,46000.000000,1400,OPTSTK,NFO,5.000000,56001,False
121886,OIL23NOV26470CE,OIL,23NOV2026,47000.000000,1400,OPTSTK,NFO,5.000000,56001,False
121892,OIL23NOV26500CE,OIL,23NOV2026,50000.000000,1400,OPTSTK,NFO,5.000000,56001,False
121897,OIL23NOV26520PE,OIL,23NOV2026,52000.000000,1400,OPTSTK,NFO,5.000000,56001,False
121964,ONGC27OCT26257.5CE,ONGC,27OCT2026,25750.000000,2250,OPTSTK,NFO,1.000000,90001,False
122021,ONGC23NOV26205PE,ONGC,23NOV2026,20500.000000,2250,OPTSTK,NFO,1.000000,90001,False
102461,PIDILITIND27OCT261720CE,PIDILITIND,27OCT2026,172000.000000,500,OPTSTK,NFO,5.000000,15001,False
102468,PIDILITIND27OCT261840CE,PIDILITIND,27OCT2026,184000.000000,500,OPTSTK,NFO,5.000000,15001,False
102523,PIIND29SEP262450PE,PIIND,29SEP2026,245000.000000,175,OPTSTK,NFO,5.000000,8751,False
102548,ETERNAL29SEP26250PE,ETERNAL,29SEP2026,25000.000000,2425,OPTSTK,NFO,5.000000,72751,False
122030,ONGC23NOV26230CE,ONGC,23NOV2026,23000.000000,2250,OPTSTK,NFO,1.000000,90001,False
122051,LODHA29SEP261200PE,LODHA,29SEP2026,120000.000000,625,OPTSTK,NFO,5.000000,18751,False
122070,ONGC23NOV26270CE,ONGC,23NOV2026,27000.000000,2250,OPTSTK,NFO,1.000000,90001,False
122116,PAGEIND27OCT2631500CE,PAGEIND,27OCT2026,3150000.000000,20,OPTSTK,NFO,5.000000,601,False
102553,ETERNAL29SEP26270PE,ETERNAL,29SEP2026,27000.000000,2425,OPTSTK,NFO,5.000000,72751,False
102558,ETERNAL29SEP26300CE,ETERNAL,29SEP2026,30000.000000,2425,OPTSTK,NFO,5.000000,72751,False
102591,IEX27OCT26107.5CE,IEX,27OCT2026,10750.000000,4350,OPTSTK,NFO,1.000000,174001,False
102667,PIIND27OCT262100PE,PIIND,27OCT2026,210000.000000,175,OPTSTK,NFO,5.000000,8751,False
122120,PAGEIND27OCT2633500CE,PAGEIND,27OCT2026,3350000.000000,20,OPTSTK,NFO,5.000000,601,False
122133,PAGEIND27OCT2639500PE,PAGEIND,27OCT2026,3950000.000000,20,OPTSTK,NFO,5.000000,601,False
122344,PATANJALI27OCT26305CE,PATANJALI,27OCT2026,30500.000000,1075,OPTSTK,NFO,5.000000,64501,False
122350,PATANJALI27OCT26335CE,PATANJALI,27OCT2026,33500.000000,1075,OPTSTK,NFO,5.000000,64501,False
102672,PIIND27OCT262200PE,PIIND,27OCT2026,220000.000000,175,OPTSTK,NFO,5.000000,8751,False
102684,FEDERALBNK29SEP26330CE,FEDERALBNK,29SEP2026,33000.000000,2500,OPTSTK,NFO,5.000000,75001,False
102688,PIIND27OCT262500CE,PIIND,27OCT2026,250000.000000,175,OPTSTK,NFO,5.000000,8751,False
102707,IEX23NOV26100PE,IEX,23NOV2026,10000.000000,4350,OPTSTK,NFO,1.000000,174001,False
122354,PATANJALI27OCT26355CE,PATANJALI,27OCT2026,35500.000000,1075,OPTSTK,NFO,5.000000,64501,False
122360,PATANJALI27OCT26385CE,PATANJALI,27OCT2026,38500.000000,1075,OPTSTK,NFO,5.000000,64501,False
122465,PAYTM27OCT261460PE,PAYTM,27OCT2026,146000.000000,725,OPTSTK,NFO,5.000000,14501,False
122467,PAYTM27OCT261500PE,PAYTM,27OCT2026,150000.000000,725,OPTSTK,NFO,5.000000,14501,False
102715,PIIND27OCT262600PE,PIIND,27OCT2026,260000.000000,175,OPTSTK,NFO,5.000000,8751,False
102718,PIIND27OCT262800CE,PIIND,27OCT2026,280000.000000,175,OPTSTK,NFO,5.000000,8751,False
102741,IEX23NOV26125CE,IEX,23NOV2026,12500.000000,4350,OPTSTK,NFO,1.000000,174001,False
102848,PNB29SEP26121PE,PNB,29SEP2026,12100.000000,8000,OPTSTK,NFO,1.000000,240001,False
122473,PAYTM27OCT261620PE,PAYTM,27OCT2026,162000.000000,725,OPTSTK,NFO,5.000000,14501,False
122481,PAYTM27OCT261780PE,PAYTM,27OCT2026,178000.000000,725,OPTSTK,NFO,5.000000,14501,False
122513,PAYTM23NOV261480PE,PAYTM,23NOV2026,148000.000000,725,OPTSTK,NFO,5.000000,14501,False
122519,PAYTM23NOV261600PE,PAYTM,23NOV2026,160000.000000,725,OPTSTK,NFO,5.000000,14501,False
102850,INDHOTEL27OCT26670CE,INDHOTEL,27OCT2026,67000.000000,1000,OPTSTK,NFO,5.000000,30001,False
102865,INDHOTEL27OCT26730PE,INDHOTEL,27OCT2026,73000.000000,1000,OPTSTK,NFO,5.000000,30001,False
102914,FEDERALBNK29SEP26380PE,FEDERALBNK,29SEP2026,38000.000000,2500,OPTSTK,NFO,5.000000,75001,False
103001,INDHOTEL23NOV26680PE,INDHOTEL,23NOV2026,68000.000000,1000,OPTSTK,NFO,5.000000,30001,False
122521,PAYTM23NOV261640PE,PAYTM,23NOV2026,164000.000000,725,OPTSTK,NFO,5.000000,14501,False
122534,PAYTM23NOV261920CE,PAYTM,23NOV2026,192000.000000,725,OPTSTK,NFO,5.000000,14501,False
122560,PERSISTENT27OCT265500CE,PERSISTENT,27OCT2026,550000.000000,125,OPTSTK,NFO,5.000000,3751,False
122562,PERSISTENT27OCT265700CE,PERSISTENT,27OCT2026,570000.000000,125,OPTSTK,NFO,5.000000,3751,False
103003,INDHOTEL23NOV26700PE,INDHOTEL,23NOV2026,70000.000000,1000,OPTSTK,NFO,5.000000,30001,False
103031,PNB27OCT26106PE,PNB,27OCT2026,10600.000000,8000,OPTSTK,NFO,1.000000,240001,False
103037,PNB27OCT26112PE,PNB,27OCT2026,11200.000000,8000,OPTSTK,NFO,1.000000,240001,False
103039,PNB27OCT26114PE,PNB,27OCT2026,11400.000000,8000,OPTSTK,NFO,1.000000,240001,False
122564,PERSISTENT27OCT265900CE,PERSISTENT,27OCT2026,590000.000000,125,OPTSTK,NFO,5.000000,3751,False
122570,PERSISTENT27OCT266100PE,PERSISTENT,27OCT2026,610000.000000,125,OPTSTK,NFO,5.000000,3751,False
122724,LT29SEP263800CE,LT,29SEP2026,380000.000000,175,OPTSTK,NFO,5.000000,7001,False
122742,LT29SEP264300CE,LT,29SEP2026,430000.000000,175,OPTSTK,NFO,5.000000,7001,False
103061,FORCEMOT29SEP2619000CE,FORCEMOT,29SEP2026,1900000.000000,25,OPTSTK,NFO,5.000000,1251,False
103069,INDHOTEL23NOV26760CE,INDHOTEL,23NOV2026,76000.000000,1000,OPTSTK,NFO,5.000000,30001,False
103086,PNB27OCT26130CE,PNB,27OCT2026,13000.000000,8000,OPTSTK,NFO,1.000000,240001,False
103090,PNB27OCT26132CE,PNB,27OCT2026,13200.000000,8000,OPTSTK,NFO,1.000000,240001,False
122812,PERSISTENT23NOV265200CE,PERSISTENT,23NOV2026,520000.000000,125,OPTSTK,NFO,5.000000,3751,False
122834,PERSISTENT23NOV266200CE,PERSISTENT,23NOV2026,620000.000000,125,OPTSTK,NFO,5.000000,3751,False
122929,PETRONET23NOV26280PE,PETRONET,23NOV2026,28000.000000,1900,OPTSTK,NFO,5.000000,76001,False
122937,PETRONET23NOV26320PE,PETRONET,23NOV2026,32000.000000,1900,OPTSTK,NFO,5.000000,76001,False
122940,PETRONET23NOV26330PE,PETRONET,23NOV2026,33000.000000,1900,OPTSTK,NFO,5.000000,76001,False
123001,PFC27OCT26325CE,PFC,27OCT2026,32500.000000,1300,OPTSTK,NFO,5.000000,52001,False
123071,PFC23NOV26280CE,PFC,23NOV2026,28000.000000,1300,OPTSTK,NFO,5.000000,52001,False
123075,PFC23NOV26300CE,PFC,23NOV2026,30000.000000,1300,OPTSTK,NFO,5.000000,52001,False
123076,PFC23NOV26300PE,PFC,23NOV2026,30000.000000,1300,OPTSTK,NFO,5.000000,52001,False
123077,PFC23NOV26310CE,PFC,23NOV2026,31000.000000,1300,OPTSTK,NFO,5.000000,52001,False
123103,PFC23NOV26390CE,PFC,23NOV2026,39000.000000,1300,OPTSTK,NFO,5.000000,52001,False
123110,LTF29SEP26270PE,LTF,29SEP2026,27000.000000,2250,OPTSTK,NFO,5.000000,67501,False
123124,LTF29SEP26290PE,LTF,29SEP2026,29000.000000,2250,OPTSTK,NFO,5.000000,67501,False
123158,PGEL27OCT26550PE,PGEL,27OCT2026,55000.000000,950,OPTSTK,NFO,5.000000,38001,False
123161,PGEL27OCT26590CE,PGEL,27OCT2026,59000.000000,950,OPTSTK,NFO,5.000000,38001,False
123193,PGEL23NOV26520PE,PGEL,23NOV2026,52000.000000,950,OPTSTK,NFO,5.000000,38001,False
123274,PHOENIXLTD27OCT261980PE,PHOENIXLTD,27OCT2026,198000.000000,350,OPTSTK,NFO,5.000000,14001,False
123282,PHOENIXLTD27OCT262140PE,PHOENIXLTD,27OCT2026,214000.000000,350,OPTSTK,NFO,5.000000,14001,False
123291,LTF29SEP26370PE,LTF,29SEP2026,37000.000000,2250,OPTSTK,NFO,5.000000,67501,False
123400,PHOENIXLTD23NOV261760CE,PHOENIXLTD,23NOV2026,176000.000000,350,OPTSTK,NFO,5.000000,14001,False
123425,LTM29SEP263800CE,LTM,29SEP2026,380000.000000,150,OPTSTK,NFO,5.000000,6001,False
123444,LTM29SEP264700PE,LTM,29SEP2026,470000.000000,150,OPTSTK,NFO,5.000000,6001,False
123450,LTM29SEP265200PE,LTM,29SEP2026,520000.000000,150,OPTSTK,NFO,5.000000,6001,False
123452,LTM29SEP265400PE,LTM,29SEP2026,540000.000000,150,OPTSTK,NFO,5.000000,6001,False
123488,PHOENIXLTD23NOV261920CE,PHOENIXLTD,23NOV2026,192000.000000,350,OPTSTK,NFO,5.000000,14001,False
123574,PIDILITIND27OCT261420CE,PIDILITIND,27OCT2026,142000.000000,500,OPTSTK,NFO,5.000000,15001,False
123585,PIDILITIND27OCT261620PE,PIDILITIND,27OCT2026,162000.000000,500,OPTSTK,NFO,5.000000,15001,False
123586,PIDILITIND27OCT261660CE,PIDILITIND,27OCT2026,166000.000000,500,OPTSTK,NFO,5.000000,15001,False
123595,PIDILITIND27OCT261820PE,PIDILITIND,27OCT2026,182000.000000,500,OPTSTK,NFO,5.000000,15001,False
123638,PIDILITIND23NOV261480CE,PIDILITIND,23NOV2026,148000.000000,500,OPTSTK,NFO,5.000000,15001,False
123651,PIDILITIND23NOV261720PE,PIDILITIND,23NOV2026,172000.000000,500,OPTSTK,NFO,5.000000,15001,False
123653,PIDILITIND23NOV261760PE,PIDILITIND,23NOV2026,176000.000000,500,OPTSTK,NFO,5.000000,15001,False
103246,PNBHOUSING29SEP26980CE,PNBHOUSING,29SEP2026,98000.000000,650,OPTSTK,NFO,5.000000,19501,False
103253,PNBHOUSING29SEP261060CE,PNBHOUSING,29SEP2026,106000.000000,650,OPTSTK,NFO,5.000000,19501,False
103281,INDIANB27OCT26990PE,INDIANB,27OCT2026,99000.000000,1000,OPTSTK,NFO,5.000000,30001,False
103343,PNBHOUSING27OCT261160CE,PNBHOUSING,27OCT2026,116000.000000,650,OPTSTK,NFO,5.000000,19501,False
123654,PIDILITIND23NOV261800CE,PIDILITIND,23NOV2026,180000.000000,500,OPTSTK,NFO,5.000000,15001,False
123698,PIIND27OCT262250CE,PIIND,27OCT2026,225000.000000,175,OPTSTK,NFO,5.000000,8751,False
123755,PIIND23NOV262300PE,PIIND,23NOV2026,230000.000000,175,OPTSTK,NFO,5.000000,8751,False
123756,PIIND23NOV262400CE,PIIND,23NOV2026,240000.000000,175,OPTSTK,NFO,5.000000,8751,False
103378,PNBHOUSING27OCT261280PE,PNBHOUSING,27OCT2026,128000.000000,650,OPTSTK,NFO,5.000000,19501,False
103383,PNBHOUSING27OCT261360CE,PNBHOUSING,27OCT2026,136000.000000,650,OPTSTK,NFO,5.000000,19501,False
103444,INDIANB23NOV26760CE,INDIANB,23NOV2026,76000.000000,1000,OPTSTK,NFO,5.000000,30001,False
103449,INDIANB23NOV26780CE,INDIANB,23NOV2026,78000.000000,1000,OPTSTK,NFO,5.000000,30001,False
123765,PIIND23NOV262500CE,PIIND,23NOV2026,250000.000000,175,OPTSTK,NFO,5.000000,8751,False
123771,PIIND23NOV262600CE,PIIND,23NOV2026,260000.000000,175,OPTSTK,NFO,5.000000,8751,False
123801,PIIND23NOV262700PE,PIIND,23NOV2026,270000.000000,175,OPTSTK,NFO,5.000000,8751,False
123890,LUPIN29SEP261880CE,LUPIN,29SEP2026,188000.000000,425,OPTSTK,NFO,5.000000,12751,False
103461,POLICYBZR29SEP261660CE,POLICYBZR,29SEP2026,166000.000000,350,OPTSTK,NFO,5.000000,14001,False
103464,POLICYBZR29SEP261700PE,POLICYBZR,29SEP2026,170000.000000,350,OPTSTK,NFO,5.000000,14001,False
103466,POLICYBZR29SEP261740PE,POLICYBZR,29SEP2026,174000.000000,350,OPTSTK,NFO,5.000000,14001,False
103497,INDIANB23NOV26940PE,INDIANB,23NOV2026,94000.000000,1000,OPTSTK,NFO,5.000000,30001,False
123892,LUPIN29SEP261920CE,LUPIN,29SEP2026,192000.000000,425,OPTSTK,NFO,5.000000,12751,False
123894,PNB27OCT26125PE,PNB,27OCT2026,12500.000000,8000,OPTSTK,NFO,1.000000,240001,False
123935,LUPIN29SEP262120PE,LUPIN,29SEP2026,212000.000000,425,OPTSTK,NFO,5.000000,12751,False
123950,LUPIN29SEP262320PE,LUPIN,29SEP2026,232000.000000,425,OPTSTK,NFO,5.000000,12751,False
103500,INDIANB23NOV26980CE,INDIANB,23NOV2026,98000.000000,1000,OPTSTK,NFO,5.000000,30001,False
103556,POLICYBZR27OCT261800CE,POLICYBZR,27OCT2026,180000.000000,350,OPTSTK,NFO,5.000000,14001,False
103625,FORTIS29SEP26760CE,FORTIS,29SEP2026,76000.000000,775,OPTSTK,NFO,5.000000,23251,False
103627,FORTIS29SEP26780CE,FORTIS,29SEP2026,78000.000000,775,OPTSTK,NFO,5.000000,23251,False
123953,LUPIN29SEP262360PE,LUPIN,29SEP2026,236000.000000,425,OPTSTK,NFO,5.000000,12751,False
123963,LUPIN29SEP262400PE,LUPIN,29SEP2026,240000.000000,425,OPTSTK,NFO,5.000000,12751,False
123975,LUPIN29SEP262440CE,LUPIN,29SEP2026,244000.000000,425,OPTSTK,NFO,5.000000,12751,False
123981,PNB23NOV26100PE,PNB,23NOV2026,10000.000000,8000,OPTSTK,NFO,1.000000,240001,False
103635,FORTIS29SEP26800CE,FORTIS,29SEP2026,80000.000000,775,OPTSTK,NFO,5.000000,23251,False
103639,FORTIS29SEP26840CE,FORTIS,29SEP2026,84000.000000,775,OPTSTK,NFO,5.000000,23251,False
103644,FORTIS29SEP26880PE,FORTIS,29SEP2026,88000.000000,775,OPTSTK,NFO,5.000000,23251,False
103657,FORTIS29SEP26980CE,FORTIS,29SEP2026,98000.000000,775,OPTSTK,NFO,5.000000,23251,False
123985,LUPIN29SEP262520PE,LUPIN,29SEP2026,252000.000000,425,OPTSTK,NFO,5.000000,12751,False
123987,LUPIN29SEP262560PE,LUPIN,29SEP2026,256000.000000,425,OPTSTK,NFO,5.000000,12751,False
124000,PNB23NOV26116CE,PNB,23NOV2026,11600.000000,8000,OPTSTK,NFO,1.000000,240001,False
124010,PNB23NOV26124CE,PNB,23NOV2026,12400.000000,8000,OPTSTK,NFO,1.000000,240001,False
103661,FORTIS29SEP26980PE,FORTIS,29SEP2026,98000.000000,775,OPTSTK,NFO,5.000000,23251,False
103670,FORTIS29SEP261080CE,FORTIS,29SEP2026,108000.000000,775,OPTSTK,NFO,5.000000,23251,False
103736,INDIGO27OCT265500PE,INDIGO,27OCT2026,550000.000000,150,OPTSTK,NFO,5.000000,4501,False
103854,POLYCAB29SEP268700CE,POLYCAB,29SEP2026,870000.000000,125,OPTSTK,NFO,5.000000,2501,False
124026,PNB23NOV26132CE,PNB,23NOV2026,13200.000000,8000,OPTSTK,NFO,1.000000,240001,False
124129,PNBHOUSING23NOV261360PE,PNBHOUSING,23NOV2026,136000.000000,650,OPTSTK,NFO,5.000000,19501,False
124179,POLICYBZR27OCT261940PE,POLICYBZR,27OCT2026,194000.000000,350,OPTSTK,NFO,5.000000,14001,False
124181,POLICYBZR27OCT261980PE,POLICYBZR,27OCT2026,198000.000000,350,OPTSTK,NFO,5.000000,14001,False
124238,POLICYBZR23NOV261520PE,POLICYBZR,23NOV2026,152000.000000,350,OPTSTK,NFO,5.000000,14001,False
124268,POLICYBZR23NOV261880CE,POLICYBZR,23NOV2026,188000.000000,350,OPTSTK,NFO,5.000000,14001,False
124271,POLICYBZR23NOV261920PE,POLICYBZR,23NOV2026,192000.000000,350,OPTSTK,NFO,5.000000,14001,False
124311,POLYCAB27OCT267100PE,POLYCAB,27OCT2026,710000.000000,125,OPTSTK,NFO,5.000000,2501,False
103881,INDUSINDBK27OCT26910CE,INDUSINDBK,27OCT2026,91000.000000,700,OPTSTK,NFO,5.000000,28001,False
103882,INDUSINDBK27OCT26910PE,INDUSINDBK,27OCT2026,91000.000000,700,OPTSTK,NFO,5.000000,28001,False
103896,INDUSINDBK27OCT261050PE,INDUSINDBK,27OCT2026,105000.000000,700,OPTSTK,NFO,5.000000,28001,False
103972,POLYCAB29SEP269700PE,POLYCAB,29SEP2026,970000.000000,125,OPTSTK,NFO,5.000000,2501,False
124319,POLYCAB27OCT267900PE,POLYCAB,27OCT2026,790000.000000,125,OPTSTK,NFO,5.000000,2501,False
124320,POLYCAB27OCT268100CE,POLYCAB,27OCT2026,810000.000000,125,OPTSTK,NFO,5.000000,2501,False
124325,POLYCAB27OCT268500PE,POLYCAB,27OCT2026,850000.000000,125,OPTSTK,NFO,5.000000,2501,False
124327,POLYCAB27OCT268700PE,POLYCAB,27OCT2026,870000.000000,125,OPTSTK,NFO,5.000000,2501,False
104048,INDUSINDBK23NOV26960PE,INDUSINDBK,23NOV2026,96000.000000,700,OPTSTK,NFO,5.000000,28001,False
104053,INDUSINDBK23NOV261020CE,INDUSINDBK,23NOV2026,102000.000000,700,OPTSTK,NFO,5.000000,28001,False
104123,GAIL29SEP26155CE,GAIL,29SEP2026,15500.000000,3550,OPTSTK,NFO,1.000000,142001,False
104170,GAIL29SEP26205CE,GAIL,29SEP2026,20500.000000,3550,OPTSTK,NFO,1.000000,142001,False
124328,POLYCAB27OCT268900CE,POLYCAB,27OCT2026,890000.000000,125,OPTSTK,NFO,5.000000,2501,False
124335,POLYCAB27OCT269500PE,POLYCAB,27OCT2026,950000.000000,125,OPTSTK,NFO,5.000000,2501,False
124505,POLYCAB23NOV268200CE,POLYCAB,23NOV2026,820000.000000,125,OPTSTK,NFO,5.000000,2501,False
124523,M&M29SEP262600PE,M&M,29SEP2026,260000.000000,200,OPTSTK,NFO,5.000000,8001,False
104281,POLYCAB27OCT269600CE,POLYCAB,27OCT2026,960000.000000,125,OPTSTK,NFO,5.000000,2501,False
104229,POLYCAB27OCT267200PE,POLYCAB,27OCT2026,720000.000000,125,OPTSTK,NFO,5.000000,2501,False
104249,POLYCAB27OCT267800PE,POLYCAB,27OCT2026,780000.000000,125,OPTSTK,NFO,5.000000,2501,False
104278,POLYCAB27OCT269200PE,POLYCAB,27OCT2026,920000.000000,125,OPTSTK,NFO,5.000000,2501,False
124528,POLYCAB23NOV269200PE,POLYCAB,23NOV2026,920000.000000,125,OPTSTK,NFO,5.000000,2501,False
124535,M&M29SEP262900CE,M&M,29SEP2026,290000.000000,200,OPTSTK,NFO,5.000000,8001,False
124540,POLYCAB23NOV2610200PE,POLYCAB,23NOV2026,1020000.000000,125,OPTSTK,NFO,5.000000,2501,False
124583,M&M29SEP262900PE,M&M,29SEP2026,290000.000000,200,OPTSTK,NFO,5.000000,8001,False
104284,POLYCAB27OCT269800PE,POLYCAB,27OCT2026,980000.000000,125,OPTSTK,NFO,5.000000,2501,False
104293,POLYCAB27OCT2610800CE,POLYCAB,27OCT2026,1080000.000000,125,OPTSTK,NFO,5.000000,2501,False
104327,INDUSTOWER27OCT26335CE,INDUSTOWER,27OCT2026,33500.000000,1700,OPTSTK,NFO,5.000000,68001,False
104348,INDUSTOWER27OCT26425PE,INDUSTOWER,27OCT2026,42500.000000,1700,OPTSTK,NFO,5.000000,68001,False
124601,M&M29SEP263400CE,M&M,29SEP2026,340000.000000,200,OPTSTK,NFO,5.000000,8001,False
124602,M&M29SEP263400PE,M&M,29SEP2026,340000.000000,200,OPTSTK,NFO,5.000000,8001,False
124613,POWERGRID27OCT26247.5PE,POWERGRID,27OCT2026,24750.000000,1900,OPTSTK,NFO,5.000000,76001,False
124621,POWERGRID27OCT26267.5PE,POWERGRID,27OCT2026,26750.000000,1900,OPTSTK,NFO,5.000000,76001,False
104388,POWERGRID29SEP26262.5CE,POWERGRID,29SEP2026,26250.000000,1900,OPTSTK,NFO,5.000000,76001,False
104391,POWERGRID29SEP26262.5PE,POWERGRID,29SEP2026,26250.000000,1900,OPTSTK,NFO,5.000000,76001,False
104397,POWERGRID29SEP26272.5PE,POWERGRID,29SEP2026,27250.000000,1900,OPTSTK,NFO,5.000000,76001,False
104450,INDUSTOWER23NOV26330PE,INDUSTOWER,23NOV2026,33000.000000,1700,OPTSTK,NFO,5.000000,68001,False
124627,POWERGRID27OCT26282.5PE,POWERGRID,27OCT2026,28250.000000,1900,OPTSTK,NFO,5.000000,76001,False
124685,POWERGRID23NOV26220CE,POWERGRID,23NOV2026,22000.000000,1900,OPTSTK,NFO,5.000000,76001,False
124699,POWERGRID23NOV26240CE,POWERGRID,23NOV2026,24000.000000,1900,OPTSTK,NFO,5.000000,76001,False
124713,POWERGRID23NOV26255PE,POWERGRID,23NOV2026,25500.000000,1900,OPTSTK,NFO,5.000000,76001,False
124720,POWERGRID23NOV26275CE,POWERGRID,23NOV2026,27500.000000,1900,OPTSTK,NFO,5.000000,76001,False
124724,POWERGRID23NOV26280PE,POWERGRID,23NOV2026,28000.000000,1900,OPTSTK,NFO,5.000000,76001,False
124736,POWERGRID23NOV26295PE,POWERGRID,23NOV2026,29500.000000,1900,OPTSTK,NFO,5.000000,76001,False
124808,POWERINDIA27OCT2627500CE,POWERINDIA,27OCT2026,2750000.000000,25,OPTSTK,NFO,5.000000,751,False
104457,INDUSTOWER23NOV26370CE,INDUSTOWER,23NOV2026,37000.000000,1700,OPTSTK,NFO,5.000000,68001,False
104480,INDUSTOWER23NOV26420PE,INDUSTOWER,23NOV2026,42000.000000,1700,OPTSTK,NFO,5.000000,68001,False
104641,POWERGRID27OCT26230PE,POWERGRID,27OCT2026,23000.000000,1900,OPTSTK,NFO,5.000000,76001,False
104642,POWERGRID27OCT26235CE,POWERGRID,27OCT2026,23500.000000,1900,OPTSTK,NFO,5.000000,76001,False
104718,INFY27OCT26940PE,INFY,27OCT2026,94000.000000,400,OPTSTK,NFO,5.000000,20001,False
104723,INFY27OCT26980PE,INFY,27OCT2026,98000.000000,400,OPTSTK,NFO,5.000000,20001,False
104728,INFY27OCT261060CE,INFY,27OCT2026,106000.000000,400,OPTSTK,NFO,5.000000,20001,False
104730,INFY27OCT261100CE,INFY,27OCT2026,110000.000000,400,OPTSTK,NFO,5.000000,20001,False
124809,POWERINDIA27OCT2627500PE,POWERINDIA,27OCT2026,2750000.000000,25,OPTSTK,NFO,5.000000,751,False
124904,POWERINDIA23NOV2628000PE,POWERINDIA,23NOV2026,2800000.000000,25,OPTSTK,NFO,5.000000,751,False
124925,POWERINDIA23NOV2632000PE,POWERINDIA,23NOV2026,3200000.000000,25,OPTSTK,NFO,5.000000,751,False
124929,POWERINDIA23NOV2634000PE,POWERINDIA,23NOV2026,3400000.000000,25,OPTSTK,NFO,5.000000,751,False
124938,POWERINDIA23NOV2637000PE,POWERINDIA,23NOV2026,3700000.000000,25,OPTSTK,NFO,5.000000,751,False
124944,POWERINDIA23NOV2640000PE,POWERINDIA,23NOV2026,4000000.000000,25,OPTSTK,NFO,5.000000,751,False
124973,PREMIERENE27OCT26860PE,PREMIERENE,27OCT2026,86000.000000,650,OPTSTK,NFO,5.000000,26001,False
124979,PREMIERENE27OCT26980PE,PREMIERENE,27OCT2026,98000.000000,650,OPTSTK,NFO,5.000000,26001,False
104732,INFY27OCT261140CE,INFY,27OCT2026,114000.000000,400,OPTSTK,NFO,5.000000,20001,False
104735,INFY27OCT261180PE,INFY,27OCT2026,118000.000000,400,OPTSTK,NFO,5.000000,20001,False
104756,GLENMARK29SEP262000CE,GLENMARK,29SEP2026,200000.000000,375,OPTSTK,NFO,5.000000,11251,False
104774,INFY23NOV26880CE,INFY,23NOV2026,88000.000000,400,OPTSTK,NFO,5.000000,20001,False
124985,PREMIERENE27OCT261100PE,PREMIERENE,27OCT2026,110000.000000,650,OPTSTK,NFO,5.000000,26001,False
125018,PREMIERENE23NOV26880CE,PREMIERENE,23NOV2026,88000.000000,650,OPTSTK,NFO,5.000000,26001,False
125031,PREMIERENE23NOV261120PE,PREMIERENE,23NOV2026,112000.000000,650,OPTSTK,NFO,5.000000,26001,False
125035,PREMIERENE23NOV261200PE,PREMIERENE,23NOV2026,120000.000000,650,OPTSTK,NFO,5.000000,26001,False
104780,INFY23NOV261000CE,INFY,23NOV2026,100000.000000,400,OPTSTK,NFO,5.000000,20001,False
104835,GLENMARK29SEP262160PE,GLENMARK,29SEP2026,216000.000000,375,OPTSTK,NFO,5.000000,11251,False
104845,POWERINDIA29SEP2627500PE,POWERINDIA,29SEP2026,2750000.000000,25,OPTSTK,NFO,5.000000,751,False
104847,POWERINDIA29SEP2628500PE,POWERINDIA,29SEP2026,2850000.000000,25,OPTSTK,NFO,5.000000,751,False
125069,PRESTIGE27OCT261500PE,PRESTIGE,27OCT2026,150000.000000,450,OPTSTK,NFO,5.000000,13501,False
125072,PRESTIGE27OCT261540PE,PRESTIGE,27OCT2026,154000.000000,450,OPTSTK,NFO,5.000000,13501,False
125080,MANAPPURAM29SEP26300PE,MANAPPURAM,29SEP2026,30000.000000,3000,OPTSTK,NFO,5.000000,60001,False
125084,MANAPPURAM29SEP26320PE,MANAPPURAM,29SEP2026,32000.000000,3000,OPTSTK,NFO,5.000000,60001,False
104862,POWERINDIA29SEP2635500CE,POWERINDIA,29SEP2026,3550000.000000,25,OPTSTK,NFO,5.000000,751,False
104927,GLENMARK29SEP262240PE,GLENMARK,29SEP2026,224000.000000,375,OPTSTK,NFO,5.000000,11251,False
104939,POWERINDIA27OCT2627000CE,POWERINDIA,27OCT2026,2700000.000000,25,OPTSTK,NFO,5.000000,751,False
104940,POWERINDIA27OCT2627000PE,POWERINDIA,27OCT2026,2700000.000000,25,OPTSTK,NFO,5.000000,751,False
125089,MANAPPURAM29SEP26350CE,MANAPPURAM,29SEP2026,35000.000000,3000,OPTSTK,NFO,5.000000,60001,False
125090,MANAPPURAM29SEP26350PE,MANAPPURAM,29SEP2026,35000.000000,3000,OPTSTK,NFO,5.000000,60001,False
125092,MANAPPURAM29SEP26360PE,MANAPPURAM,29SEP2026,36000.000000,3000,OPTSTK,NFO,5.000000,60001,False
125114,PRESTIGE27OCT261780CE,PRESTIGE,27OCT2026,178000.000000,450,OPTSTK,NFO,5.000000,13501,False
104961,GLENMARK29SEP262360PE,GLENMARK,29SEP2026,236000.000000,375,OPTSTK,NFO,5.000000,11251,False
104967,GLENMARK29SEP262440PE,GLENMARK,29SEP2026,244000.000000,375,OPTSTK,NFO,5.000000,11251,False
104976,GLENMARK29SEP262560PE,GLENMARK,29SEP2026,256000.000000,375,OPTSTK,NFO,5.000000,11251,False
104999,POWERINDIA27OCT2632000CE,POWERINDIA,27OCT2026,3200000.000000,25,OPTSTK,NFO,5.000000,751,False
125193,PRESTIGE23NOV261560PE,PRESTIGE,23NOV2026,156000.000000,450,OPTSTK,NFO,5.000000,13501,False
125197,PRESTIGE23NOV261640PE,PRESTIGE,23NOV2026,164000.000000,450,OPTSTK,NFO,5.000000,13501,False
125204,PRESTIGE23NOV261800CE,PRESTIGE,23NOV2026,180000.000000,450,OPTSTK,NFO,5.000000,13501,False
125321,RADICO23NOV264000CE,RADICO,23NOV2026,400000.000000,150,OPTSTK,NFO,5.000000,6001,False
105041,INOXWIND27OCT2677.5PE,INOXWIND,27OCT2026,7750.000000,6400,OPTSTK,NFO,1.000000,256001,False
105079,INOXWIND23NOV2665PE,INOXWIND,23NOV2026,6500.000000,6400,OPTSTK,NFO,1.000000,256001,False
105080,INOXWIND23NOV2670CE,INOXWIND,23NOV2026,7000.000000,6400,OPTSTK,NFO,1.000000,256001,False
105083,INOXWIND23NOV2675PE,INOXWIND,23NOV2026,7500.000000,6400,OPTSTK,NFO,1.000000,256001,False
125323,RADICO23NOV264100CE,RADICO,23NOV2026,410000.000000,150,OPTSTK,NFO,5.000000,6001,False
125325,RADICO23NOV264200CE,RADICO,23NOV2026,420000.000000,150,OPTSTK,NFO,5.000000,6001,False
125330,RADICO23NOV264300PE,RADICO,23NOV2026,430000.000000,150,OPTSTK,NFO,5.000000,6001,False
125334,RADICO23NOV264500PE,RADICO,23NOV2026,450000.000000,150,OPTSTK,NFO,5.000000,6001,False
105087,INOXWIND23NOV2685PE,INOXWIND,23NOV2026,8500.000000,6400,OPTSTK,NFO,1.000000,256001,False
105125,IOC27OCT26122.5PE,IOC,27OCT2026,12250.000000,4875,OPTSTK,NFO,1.000000,195001,False
105145,IOC27OCT26147.5PE,IOC,27OCT2026,14750.000000,4875,OPTSTK,NFO,1.000000,195001,False
105163,PREMIERENE29SEP26940PE,PREMIERENE,29SEP2026,94000.000000,650,OPTSTK,NFO,5.000000,26001,False
125345,RADICO23NOV265000CE,RADICO,23NOV2026,500000.000000,150,OPTSTK,NFO,5.000000,6001,False
125351,RADICO23NOV265200CE,RADICO,23NOV2026,520000.000000,150,OPTSTK,NFO,5.000000,6001,False
125424,MANKIND29SEP261920CE,MANKIND,29SEP2026,192000.000000,250,OPTSTK,NFO,5.000000,10001,False
125427,MANKIND29SEP261960PE,MANKIND,29SEP2026,196000.000000,250,OPTSTK,NFO,5.000000,10001,False
105196,IOC23NOV26135CE,IOC,23NOV2026,13500.000000,4875,OPTSTK,NFO,1.000000,195001,False
105323,IOC23NOV26145PE,IOC,23NOV2026,14500.000000,4875,OPTSTK,NFO,1.000000,195001,False
105338,IOC23NOV26160CE,IOC,23NOV2026,16000.000000,4875,OPTSTK,NFO,1.000000,195001,False
105339,PREMIERENE27OCT26840PE,PREMIERENE,27OCT2026,84000.000000,650,OPTSTK,NFO,5.000000,26001,False
125448,MANKIND29SEP262120CE,MANKIND,29SEP2026,212000.000000,250,OPTSTK,NFO,5.000000,10001,False
125457,MANKIND29SEP262280PE,MANKIND,29SEP2026,228000.000000,250,OPTSTK,NFO,5.000000,10001,False
125460,MANKIND29SEP262360CE,MANKIND,29SEP2026,236000.000000,250,OPTSTK,NFO,5.000000,10001,False
125462,MANKIND29SEP262400CE,MANKIND,29SEP2026,240000.000000,250,OPTSTK,NFO,5.000000,10001,False
125465,MANKIND29SEP262440PE,MANKIND,29SEP2026,244000.000000,250,OPTSTK,NFO,5.000000,10001,False
125483,RBLBANK27OCT26355PE,RBLBANK,27OCT2026,35500.000000,3175,OPTSTK,NFO,5.000000,63501,False
125529,RBLBANK27OCT26455PE,RBLBANK,27OCT2026,45500.000000,3175,OPTSTK,NFO,5.000000,63501,False
125580,RBLBANK23NOV26390PE,RBLBANK,23NOV2026,39000.000000,3175,OPTSTK,NFO,5.000000,63501,False
105366,PREMIERENE27OCT261120PE,PREMIERENE,27OCT2026,112000.000000,650,OPTSTK,NFO,5.000000,26001,False
105426,PRESTIGE29SEP261580CE,PRESTIGE,29SEP2026,158000.000000,450,OPTSTK,NFO,5.000000,13501,False
105429,PRESTIGE29SEP261580PE,PRESTIGE,29SEP2026,158000.000000,450,OPTSTK,NFO,5.000000,13501,False
105430,PRESTIGE29SEP261620CE,PRESTIGE,29SEP2026,162000.000000,450,OPTSTK,NFO,5.000000,13501,False
125587,RBLBANK23NOV26400CE,RBLBANK,23NOV2026,40000.000000,3175,OPTSTK,NFO,5.000000,63501,False
125602,MARICO29SEP26680PE,MARICO,29SEP2026,68000.000000,1200,OPTSTK,NFO,5.000000,36001,False
125611,RBLBANK23NOV26450CE,RBLBANK,23NOV2026,45000.000000,3175,OPTSTK,NFO,5.000000,63501,False
125617,RBLBANK23NOV26480CE,RBLBANK,23NOV2026,48000.000000,3175,OPTSTK,NFO,5.000000,63501,False
105461,GMRAIRPORT29SEP26120PE,GMRAIRPORT,29SEP2026,12000.000000,6975,OPTSTK,NFO,1.000000,209251,False
105531,IREDA27OCT26122.5CE,IREDA,27OCT2026,12250.000000,4525,OPTSTK,NFO,1.000000,181001,False
105532,IREDA27OCT26122.5PE,IREDA,27OCT2026,12250.000000,4525,OPTSTK,NFO,1.000000,181001,False
105540,IREDA27OCT26132.5CE,IREDA,27OCT2026,13250.000000,4525,OPTSTK,NFO,1.000000,181001,False
125618,RBLBANK23NOV26480PE,RBLBANK,23NOV2026,48000.000000,3175,OPTSTK,NFO,5.000000,63501,False
125649,RECLTD27OCT26285CE,RECLTD,27OCT2026,28500.000000,1575,OPTSTK,NFO,5.000000,63001,False
125761,MARICO29SEP26840PE,MARICO,29SEP2026,84000.000000,1200,OPTSTK,NFO,5.000000,36001,False
125801,MARICO29SEP261000CE,MARICO,29SEP2026,100000.000000,1200,OPTSTK,NFO,5.000000,36001,False
105586,IREDA23NOV26130CE,IREDA,23NOV2026,13000.000000,4525,OPTSTK,NFO,1.000000,181001,False
105590,IREDA23NOV26140CE,IREDA,23NOV2026,14000.000000,4525,OPTSTK,NFO,1.000000,181001,False
105658,PRESTIGE27OCT261280PE,PRESTIGE,27OCT2026,128000.000000,450,OPTSTK,NFO,5.000000,13501,False
105665,PRESTIGE27OCT261360CE,PRESTIGE,27OCT2026,136000.000000,450,OPTSTK,NFO,5.000000,13501,False
125846,RELIANCE27OCT261170PE,RELIANCE,27OCT2026,117000.000000,500,OPTSTK,NFO,5.000000,20001,False
125912,RELIANCE27OCT261390PE,RELIANCE,27OCT2026,139000.000000,500,OPTSTK,NFO,5.000000,20001,False
125971,RELIANCE23NOV261040CE,RELIANCE,23NOV2026,104000.000000,500,OPTSTK,NFO,5.000000,20001,False
125993,RELIANCE23NOV261260CE,RELIANCE,23NOV2026,126000.000000,500,OPTSTK,NFO,5.000000,20001,False
126071,RVNL27OCT26205CE,RVNL,27OCT2026,20500.000000,1925,OPTSTK,NFO,1.000000,96251,False
126074,RVNL27OCT26215PE,RVNL,27OCT2026,21500.000000,1925,OPTSTK,NFO,1.000000,96251,False
126102,RVNL23NOV26160PE,RVNL,23NOV2026,16000.000000,1925,OPTSTK,NFO,1.000000,96251,False
126105,RVNL23NOV26180CE,RVNL,23NOV2026,18000.000000,1925,OPTSTK,NFO,1.000000,96251,False
105828,RADICO27OCT264100CE,RADICO,27OCT2026,410000.000000,150,OPTSTK,NFO,5.000000,6001,False
105839,RADICO27OCT264500PE,RADICO,27OCT2026,450000.000000,150,OPTSTK,NFO,5.000000,6001,False
105842,RADICO27OCT264700CE,RADICO,27OCT2026,470000.000000,150,OPTSTK,NFO,5.000000,6001,False
105843,RADICO27OCT264700PE,RADICO,27OCT2026,470000.000000,150,OPTSTK,NFO,5.000000,6001,False
126158,SAGILITY29SEP2638PE,SAGILITY,29SEP2026,3800.000000,12000,OPTSTK,NFO,1.000000,480001,False
126165,SAGILITY29SEP2642CE,SAGILITY,29SEP2026,4200.000000,12000,OPTSTK,NFO,1.000000,480001,False
126171,SAGILITY29SEP2645CE,SAGILITY,29SEP2026,4500.000000,12000,OPTSTK,NFO,1.000000,480001,False
126177,SAGILITY29SEP2648CE,SAGILITY,29SEP2026,4800.000000,12000,OPTSTK,NFO,1.000000,480001,False
105888,GODFRYPHLP29SEP261800CE,GODFRYPHLP,29SEP2026,180000.000000,275,OPTSTK,NFO,5.000000,11001,False
105892,GODFRYPHLP29SEP262000CE,GODFRYPHLP,29SEP2026,200000.000000,275,OPTSTK,NFO,5.000000,11001,False
105898,GODFRYPHLP29SEP262100CE,GODFRYPHLP,29SEP2026,210000.000000,275,OPTSTK,NFO,5.000000,11001,False
105950,RBLBANK29SEP26335PE,RBLBANK,29SEP2026,33500.000000,3175,OPTSTK,NFO,5.000000,63501,False
105968,RBLBANK29SEP26375CE,RBLBANK,29SEP2026,37500.000000,3175,OPTSTK,NFO,5.000000,63501,False
105982,RBLBANK29SEP26435CE,RBLBANK,29SEP2026,43500.000000,3175,OPTSTK,NFO,5.000000,63501,False
106034,RBLBANK27OCT26330CE,RBLBANK,27OCT2026,33000.000000,3175,OPTSTK,NFO,5.000000,63501,False
106043,RBLBANK27OCT26360CE,RBLBANK,27OCT2026,36000.000000,3175,OPTSTK,NFO,5.000000,63501,False
126179,SAGILITY29SEP2649CE,SAGILITY,29SEP2026,4900.000000,12000,OPTSTK,NFO,1.000000,480001,False
126182,SAGILITY29SEP2650PE,SAGILITY,29SEP2026,5000.000000,12000,OPTSTK,NFO,1.000000,480001,False
126190,SAGILITY29SEP2654PE,SAGILITY,29SEP2026,5400.000000,12000,OPTSTK,NFO,1.000000,480001,False
126242,SAGILITY27OCT2648PE,SAGILITY,27OCT2026,4800.000000,12000,OPTSTK,NFO,1.000000,480001,False
126282,SAGILITY23NOV2638PE,SAGILITY,23NOV2026,3800.000000,12000,OPTSTK,NFO,1.000000,480001,False
126355,SAIL27OCT26162.5PE,SAIL,27OCT2026,16250.000000,4700,OPTSTK,NFO,1.000000,141001,False
126383,SAIL27OCT26192.5CE,SAIL,27OCT2026,19250.000000,4700,OPTSTK,NFO,1.000000,141001,False
126434,MARUTI29SEP2613600PE,MARUTI,29SEP2026,1360000.000000,50,OPTSTK,NFO,5.000000,2001,False
106053,RBLBANK27OCT26410CE,RBLBANK,27OCT2026,41000.000000,3175,OPTSTK,NFO,5.000000,63501,False
106055,RBLBANK27OCT26420CE,RBLBANK,27OCT2026,42000.000000,3175,OPTSTK,NFO,5.000000,63501,False
106140,RECLTD27OCT26270CE,RECLTD,27OCT2026,27000.000000,1575,OPTSTK,NFO,5.000000,63001,False
106305,GODREJCP29SEP26860CE,GODREJCP,29SEP2026,86000.000000,500,OPTSTK,NFO,5.000000,25001,False
126440,MARUTI29SEP2614200PE,MARUTI,29SEP2026,1420000.000000,50,OPTSTK,NFO,5.000000,2001,False
126445,MARUTI29SEP2614800CE,MARUTI,29SEP2026,1480000.000000,50,OPTSTK,NFO,5.000000,2001,False
126458,SAIL27OCT26217.5CE,SAIL,27OCT2026,21750.000000,4700,OPTSTK,NFO,1.000000,141001,False
126524,SAIL23NOV26170CE,SAIL,23NOV2026,17000.000000,4700,OPTSTK,NFO,1.000000,141001,False
106332,IRFC23NOV2664PE,IRFC,23NOV2026,6400.000000,5425,OPTSTK,NFO,1.000000,271251,False
106343,GODREJCP29SEP261000CE,GODREJCP,29SEP2026,100000.000000,500,OPTSTK,NFO,5.000000,25001,False
106363,RELIANCE29SEP261230PE,RELIANCE,29SEP2026,123000.000000,500,OPTSTK,NFO,5.000000,20001,False
106375,RELIANCE29SEP261310PE,RELIANCE,29SEP2026,131000.000000,500,OPTSTK,NFO,5.000000,20001,False
126550,SAIL23NOV26210CE,SAIL,23NOV2026,21000.000000,4700,OPTSTK,NFO,1.000000,141001,False
126554,SAIL23NOV26220CE,SAIL,23NOV2026,22000.000000,4700,OPTSTK,NFO,1.000000,141001,False
126558,SAIL23NOV26230CE,SAIL,23NOV2026,23000.000000,4700,OPTSTK,NFO,1.000000,141001,False
126653,SBICARD23NOV26660PE,SBICARD,23NOV2026,66000.000000,800,OPTSTK,NFO,5.000000,40001,False
106386,IRFC23NOV2676CE,IRFC,23NOV2026,7600.000000,5425,OPTSTK,NFO,1.000000,271251,False
106409,IRFC23NOV2690PE,IRFC,23NOV2026,9000.000000,5425,OPTSTK,NFO,1.000000,271251,False
106416,IRFC23NOV2696PE,IRFC,23NOV2026,9600.000000,5425,OPTSTK,NFO,1.000000,271251,False
106639,ITC27OCT26227.5CE,ITC,27OCT2026,22750.000000,1725,OPTSTK,NFO,5.000000,86251,False
126714,SBILIFE27OCT261580CE,SBILIFE,27OCT2026,158000.000000,375,OPTSTK,NFO,5.000000,15001,False
126717,SBILIFE27OCT261620PE,SBILIFE,27OCT2026,162000.000000,375,OPTSTK,NFO,5.000000,15001,False
126839,SBILIFE23NOV261520PE,SBILIFE,23NOV2026,152000.000000,375,OPTSTK,NFO,5.000000,15001,False
126858,SBILIFE23NOV261640CE,SBILIFE,23NOV2026,164000.000000,375,OPTSTK,NFO,5.000000,15001,False
126942,MAXHEALTH29SEP26900PE,MAXHEALTH,29SEP2026,90000.000000,525,OPTSTK,NFO,5.000000,21001,False
126946,MAXHEALTH29SEP26940PE,MAXHEALTH,29SEP2026,94000.000000,525,OPTSTK,NFO,5.000000,21001,False
126953,MAXHEALTH29SEP261020CE,MAXHEALTH,29SEP2026,102000.000000,525,OPTSTK,NFO,5.000000,21001,False
126957,MAXHEALTH29SEP261060CE,MAXHEALTH,29SEP2026,106000.000000,525,OPTSTK,NFO,5.000000,21001,False
106678,ITC27OCT26282.5PE,ITC,27OCT2026,28250.000000,1725,OPTSTK,NFO,5.000000,86251,False
106683,ITC27OCT26292.5PE,ITC,27OCT2026,29250.000000,1725,OPTSTK,NFO,5.000000,86251,False
106743,RELIANCE27OCT261460CE,RELIANCE,27OCT2026,146000.000000,500,OPTSTK,NFO,5.000000,20001,False
106848,GODREJPROP29SEP262320CE,GODREJPROP,29SEP2026,232000.000000,325,OPTSTK,NFO,5.000000,13001,False
106849,GODREJPROP29SEP262320PE,GODREJPROP,29SEP2026,232000.000000,325,OPTSTK,NFO,5.000000,13001,False
106895,RVNL29SEP26195CE,RVNL,29SEP2026,19500.000000,1925,OPTSTK,NFO,1.000000,96251,False
106908,RVNL29SEP26255PE,RVNL,29SEP2026,25500.000000,1925,OPTSTK,NFO,1.000000,96251,False
106933,RVNL27OCT26190CE,RVNL,27OCT2026,19000.000000,1925,OPTSTK,NFO,1.000000,96251,False
126958,MAXHEALTH29SEP261060PE,MAXHEALTH,29SEP2026,106000.000000,525,OPTSTK,NFO,5.000000,21001,False
126959,MAXHEALTH29SEP261080CE,MAXHEALTH,29SEP2026,108000.000000,525,OPTSTK,NFO,5.000000,21001,False
126977,MAXHEALTH29SEP261260CE,MAXHEALTH,29SEP2026,126000.000000,525,OPTSTK,NFO,5.000000,21001,False
127002,SBIN27OCT26930CE,SBIN,27OCT2026,93000.000000,750,OPTSTK,NFO,5.000000,22501,False
106934,RVNL27OCT26190PE,RVNL,27OCT2026,19000.000000,1925,OPTSTK,NFO,1.000000,96251,False
106938,RVNL27OCT26200PE,RVNL,27OCT2026,20000.000000,1925,OPTSTK,NFO,1.000000,96251,False
107020,SAIL29SEP26187.5PE,SAIL,29SEP2026,18750.000000,4700,OPTSTK,NFO,1.000000,141001,False
107021,SAIL29SEP26192.5CE,SAIL,29SEP2026,19250.000000,4700,OPTSTK,NFO,1.000000,141001,False
127005,SBIN27OCT26950PE,SBIN,27OCT2026,95000.000000,750,OPTSTK,NFO,5.000000,22501,False
127009,SBIN27OCT26990PE,SBIN,27OCT2026,99000.000000,750,OPTSTK,NFO,5.000000,22501,False
127015,SBIN27OCT261050PE,SBIN,27OCT2026,105000.000000,750,OPTSTK,NFO,5.000000,22501,False
127019,SBIN27OCT261090PE,SBIN,27OCT2026,109000.000000,750,OPTSTK,NFO,5.000000,22501,False
127023,SBIN27OCT261130PE,SBIN,27OCT2026,113000.000000,750,OPTSTK,NFO,5.000000,22501,False
127145,SBIN23NOV26900PE,SBIN,23NOV2026,90000.000000,750,OPTSTK,NFO,5.000000,22501,False
127156,SBIN23NOV261020CE,SBIN,23NOV2026,102000.000000,750,OPTSTK,NFO,5.000000,22501,False
127164,SBIN23NOV261100CE,SBIN,23NOV2026,110000.000000,750,OPTSTK,NFO,5.000000,22501,False
107022,SAIL29SEP26192.5PE,SAIL,29SEP2026,19250.000000,4700,OPTSTK,NFO,1.000000,141001,False
107036,SAIL29SEP26212.5PE,SAIL,29SEP2026,21250.000000,4700,OPTSTK,NFO,1.000000,141001,False
107110,ITC23NOV26245PE,ITC,23NOV2026,24500.000000,1725,OPTSTK,NFO,5.000000,86251,False
107116,ITC23NOV26260PE,ITC,23NOV2026,26000.000000,1725,OPTSTK,NFO,5.000000,86251,False
127168,SBIN23NOV261140CE,SBIN,23NOV2026,114000.000000,750,OPTSTK,NFO,5.000000,22501,False
127175,SBIN23NOV261200PE,SBIN,23NOV2026,120000.000000,750,OPTSTK,NFO,5.000000,22501,False
127216,SHREECEM27OCT2620250CE,SHREECEM,27OCT2026,2025000.000000,25,OPTSTK,NFO,5.000000,1001,False
127220,SHREECEM27OCT2621250CE,SHREECEM,27OCT2026,2125000.000000,25,OPTSTK,NFO,5.000000,1001,False
107121,ITC23NOV26275CE,ITC,23NOV2026,27500.000000,1725,OPTSTK,NFO,5.000000,86251,False
107130,ITC23NOV26290CE,ITC,23NOV2026,29000.000000,1725,OPTSTK,NFO,5.000000,86251,False
107133,ITC23NOV26295CE,ITC,23NOV2026,29500.000000,1725,OPTSTK,NFO,5.000000,86251,False
107172,SAIL27OCT26195CE,SAIL,27OCT2026,19500.000000,4700,OPTSTK,NFO,1.000000,141001,False
127229,SHREECEM27OCT2623250PE,SHREECEM,27OCT2026,2325000.000000,25,OPTSTK,NFO,5.000000,1001,False
127230,SHREECEM27OCT2623750CE,SHREECEM,27OCT2026,2375000.000000,25,OPTSTK,NFO,5.000000,1001,False
127238,SHREECEM27OCT2625750CE,SHREECEM,27OCT2026,2575000.000000,25,OPTSTK,NFO,5.000000,1001,False
127239,SHREECEM27OCT2625750PE,SHREECEM,27OCT2026,2575000.000000,25,OPTSTK,NFO,5.000000,1001,False
107175,SAIL27OCT26195PE,SAIL,27OCT2026,19500.000000,4700,OPTSTK,NFO,1.000000,141001,False
107182,SAIL27OCT26205CE,SAIL,27OCT2026,20500.000000,4700,OPTSTK,NFO,1.000000,141001,False
107242,SBICARD29SEP26690CE,SBICARD,29SEP2026,69000.000000,800,OPTSTK,NFO,5.000000,40001,False
107421,GRASIM29SEP262880CE,GRASIM,29SEP2026,288000.000000,250,OPTSTK,NFO,5.000000,7501,False
127240,SHREECEM27OCT2626250CE,SHREECEM,27OCT2026,2625000.000000,25,OPTSTK,NFO,5.000000,1001,False
127244,SHREECEM27OCT2627250CE,SHREECEM,27OCT2026,2725000.000000,25,OPTSTK,NFO,5.000000,1001,False
127290,SHREECEM23NOV2620500CE,SHREECEM,23NOV2026,2050000.000000,25,OPTSTK,NFO,5.000000,1001,False
127308,SHREECEM23NOV2623500CE,SHREECEM,23NOV2026,2350000.000000,25,OPTSTK,NFO,5.000000,1001,False
107426,GRASIM29SEP262960PE,GRASIM,29SEP2026,296000.000000,250,OPTSTK,NFO,5.000000,7501,False
107430,GRASIM29SEP263040PE,GRASIM,29SEP2026,304000.000000,250,OPTSTK,NFO,5.000000,7501,False
107434,GRASIM29SEP263120PE,GRASIM,29SEP2026,312000.000000,250,OPTSTK,NFO,5.000000,7501,False
107464,SBICARD27OCT26720PE,SBICARD,27OCT2026,72000.000000,800,OPTSTK,NFO,5.000000,40001,False
127319,SHREECEM23NOV2626000PE,SHREECEM,23NOV2026,2600000.000000,25,OPTSTK,NFO,5.000000,1001,False
127372,SHRIRAMFIN27OCT26900CE,SHRIRAMFIN,27OCT2026,90000.000000,825,OPTSTK,NFO,5.000000,24751,False
127405,SHRIRAMFIN27OCT261100PE,SHRIRAMFIN,27OCT2026,110000.000000,825,OPTSTK,NFO,5.000000,24751,False
127414,SHRIRAMFIN27OCT261180CE,SHRIRAMFIN,27OCT2026,118000.000000,825,OPTSTK,NFO,5.000000,24751,False
127447,MAZDOCK29SEP261900CE,MAZDOCK,29SEP2026,190000.000000,225,OPTSTK,NFO,5.000000,9001,False
127457,MAZDOCK29SEP262200PE,MAZDOCK,29SEP2026,220000.000000,225,OPTSTK,NFO,5.000000,9001,False
127473,MAZDOCK29SEP263000PE,MAZDOCK,29SEP2026,300000.000000,225,OPTSTK,NFO,5.000000,9001,False
127506,SHRIRAMFIN23NOV261240CE,SHRIRAMFIN,23NOV2026,124000.000000,825,OPTSTK,NFO,5.000000,24751,False
107482,SBICARD27OCT26760CE,SBICARD,27OCT2026,76000.000000,800,OPTSTK,NFO,5.000000,40001,False
107494,JINDALSTEL27OCT261300CE,JINDALSTEL,27OCT2026,130000.000000,625,OPTSTK,NFO,5.000000,18751,False
107542,JINDALSTEL23NOV261080PE,JINDALSTEL,23NOV2026,108000.000000,625,OPTSTK,NFO,5.000000,18751,False
107616,GRASIM29SEP263440PE,GRASIM,29SEP2026,344000.000000,250,OPTSTK,NFO,5.000000,7501,False
107634,JIOFIN27OCT26232.5PE,JIOFIN,27OCT2026,23250.000000,2350,OPTSTK,NFO,1.000000,94001,False
107666,JIOFIN27OCT26257.5PE,JIOFIN,27OCT2026,25750.000000,2350,OPTSTK,NFO,1.000000,94001,False
107740,GVT&D29SEP264800PE,GVT&D,29SEP2026,480000.000000,125,OPTSTK,NFO,5.000000,5001,False
127608,SIEMENS27OCT264050CE,SIEMENS,27OCT2026,405000.000000,175,OPTSTK,NFO,5.000000,7001,False
127615,SIEMENS27OCT264250CE,SIEMENS,27OCT2026,425000.000000,175,OPTSTK,NFO,5.000000,7001,False
127664,SIEMENS23NOV263700CE,SIEMENS,23NOV2026,370000.000000,175,OPTSTK,NFO,5.000000,7001,False
127683,SIEMENS23NOV264600PE,SIEMENS,23NOV2026,460000.000000,175,OPTSTK,NFO,5.000000,7001,False
107737,GVT&D29SEP264600CE,GVT&D,29SEP2026,460000.000000,125,OPTSTK,NFO,5.000000,5001,False
107741,GVT&D29SEP265000CE,GVT&D,29SEP2026,500000.000000,125,OPTSTK,NFO,5.000000,5001,False
107764,SBILIFE29SEP261660PE,SBILIFE,29SEP2026,166000.000000,375,OPTSTK,NFO,5.000000,15001,False
107765,SBILIFE29SEP261700CE,SBILIFE,29SEP2026,170000.000000,375,OPTSTK,NFO,5.000000,15001,False
107809,SBILIFE29SEP261700PE,SBILIFE,29SEP2026,170000.000000,375,OPTSTK,NFO,5.000000,15001,False
127728,SOLARINDS27OCT2620250CE,SOLARINDS,27OCT2026,2025000.000000,50,OPTSTK,NFO,5.000000,1501,False
127730,SOLARINDS27OCT2620750CE,SOLARINDS,27OCT2026,2075000.000000,50,OPTSTK,NFO,5.000000,1501,False
127849,SOLARINDS23NOV2620500CE,SOLARINDS,23NOV2026,2050000.000000,50,OPTSTK,NFO,5.000000,1501,False
127883,MCX29SEP263200PE,MCX,29SEP2026,320000.000000,225,OPTSTK,NFO,5.000000,6751,False
107810,SBILIFE29SEP261740CE,SBILIFE,29SEP2026,174000.000000,375,OPTSTK,NFO,5.000000,15001,False
107856,SBILIFE29SEP261780CE,SBILIFE,29SEP2026,178000.000000,375,OPTSTK,NFO,5.000000,15001,False
107862,SBILIFE29SEP261820CE,SBILIFE,29SEP2026,182000.000000,375,OPTSTK,NFO,5.000000,15001,False
107941,HAL29SEP264600CE,HAL,29SEP2026,460000.000000,150,OPTSTK,NFO,5.000000,4501,False
127886,MCX29SEP263400CE,MCX,29SEP2026,340000.000000,225,OPTSTK,NFO,5.000000,6751,False
127988,MFSL29SEP261600CE,MFSL,29SEP2026,160000.000000,400,OPTSTK,NFO,5.000000,16001,False
127992,MFSL29SEP261680CE,MFSL,29SEP2026,168000.000000,400,OPTSTK,NFO,5.000000,16001,False
128040,SONACOMS27OCT26830CE,SONACOMS,27OCT2026,83000.000000,1225,OPTSTK,NFO,5.000000,36751,False
107944,HAL29SEP264700PE,HAL,29SEP2026,470000.000000,150,OPTSTK,NFO,5.000000,4501,False
107994,JIOFIN23NOV26190PE,JIOFIN,23NOV2026,19000.000000,2350,OPTSTK,NFO,1.000000,94001,False
108002,JIOFIN23NOV26205PE,JIOFIN,23NOV2026,20500.000000,2350,OPTSTK,NFO,1.000000,94001,False
108006,JIOFIN23NOV26215PE,JIOFIN,23NOV2026,21500.000000,2350,OPTSTK,NFO,1.000000,94001,False
128042,SONACOMS27OCT26850CE,SONACOMS,27OCT2026,85000.000000,1225,OPTSTK,NFO,5.000000,36751,False
128043,SONACOMS27OCT26850PE,SONACOMS,27OCT2026,85000.000000,1225,OPTSTK,NFO,5.000000,36751,False
128084,SONACOMS23NOV26780CE,SONACOMS,23NOV2026,78000.000000,1225,OPTSTK,NFO,5.000000,36751,False
128093,SONACOMS23NOV26860PE,SONACOMS,23NOV2026,86000.000000,1225,OPTSTK,NFO,5.000000,36751,False
108009,JIOFIN23NOV26225CE,JIOFIN,23NOV2026,22500.000000,2350,OPTSTK,NFO,1.000000,94001,False
108049,SBILIFE27OCT261480PE,SBILIFE,27OCT2026,148000.000000,375,OPTSTK,NFO,5.000000,15001,False
108060,HAVELLS29SEP26960CE,HAVELLS,29SEP2026,96000.000000,500,OPTSTK,NFO,5.000000,20001,False
108071,JIOFIN23NOV26250CE,JIOFIN,23NOV2026,25000.000000,2350,OPTSTK,NFO,1.000000,94001,False
128127,SRF27OCT262550CE,SRF,27OCT2026,255000.000000,200,OPTSTK,NFO,5.000000,8001,False
128189,SRF23NOV262700CE,SRF,23NOV2026,270000.000000,200,OPTSTK,NFO,5.000000,8001,False
128194,SRF23NOV262900PE,SRF,23NOV2026,290000.000000,200,OPTSTK,NFO,5.000000,8001,False
128242,SUNPHARMA27OCT261700CE,SUNPHARMA,27OCT2026,170000.000000,350,OPTSTK,NFO,5.000000,14001,False
108076,JIOFIN23NOV26260CE,JIOFIN,23NOV2026,26000.000000,2350,OPTSTK,NFO,1.000000,94001,False
108080,SBILIFE27OCT261760PE,SBILIFE,27OCT2026,176000.000000,375,OPTSTK,NFO,5.000000,15001,False
108085,SBILIFE27OCT261840PE,SBILIFE,27OCT2026,184000.000000,375,OPTSTK,NFO,5.000000,15001,False
108089,JIOFIN23NOV26270CE,JIOFIN,23NOV2026,27000.000000,2350,OPTSTK,NFO,1.000000,94001,False
128252,SUNPHARMA27OCT261820PE,SUNPHARMA,27OCT2026,182000.000000,350,OPTSTK,NFO,5.000000,14001,False
128253,SUNPHARMA27OCT261860CE,SUNPHARMA,27OCT2026,186000.000000,350,OPTSTK,NFO,5.000000,14001,False
128469,SUPREMEIND23NOV263500CE,SUPREMEIND,23NOV2026,350000.000000,175,OPTSTK,NFO,5.000000,7001,False
128472,SUPREMEIND23NOV263500PE,SUPREMEIND,23NOV2026,350000.000000,175,OPTSTK,NFO,5.000000,7001,False
108092,HAVELLS29SEP261160CE,HAVELLS,29SEP2026,116000.000000,500,OPTSTK,NFO,5.000000,20001,False
108123,SBILIFE27OCT261960CE,SBILIFE,27OCT2026,196000.000000,375,OPTSTK,NFO,5.000000,15001,False
108208,SBIN29SEP26930CE,SBIN,29SEP2026,93000.000000,750,OPTSTK,NFO,5.000000,22501,False
108412,JSWENERGY23NOV26500CE,JSWENERGY,23NOV2026,50000.000000,1075,OPTSTK,NFO,5.000000,43001,False
128534,MOTHERSON29SEP26135CE,MOTHERSON,29SEP2026,13500.000000,6150,OPTSTK,NFO,1.000000,184501,False
128572,SUZLON27OCT2641CE,SUZLON,27OCT2026,4100.000000,12700,OPTSTK,NFO,1.000000,381001,False
128576,SUZLON27OCT2645CE,SUZLON,27OCT2026,4500.000000,12700,OPTSTK,NFO,1.000000,381001,False
128624,SUZLON23NOV2638CE,SUZLON,23NOV2026,3800.000000,12700,OPTSTK,NFO,1.000000,381001,False
128645,SUZLON23NOV2656CE,SUZLON,23NOV2026,5600.000000,12700,OPTSTK,NFO,1.000000,381001,False
128680,SWIGGY27OCT26285CE,SWIGGY,27OCT2026,28500.000000,1825,OPTSTK,NFO,5.000000,73001,False
128681,SWIGGY27OCT26285PE,SWIGGY,27OCT2026,28500.000000,1825,OPTSTK,NFO,5.000000,73001,False
128707,SWIGGY27OCT26315PE,SWIGGY,27OCT2026,31500.000000,1825,OPTSTK,NFO,5.000000,73001,False
108464,JSWSTEEL27OCT261180PE,JSWSTEEL,27OCT2026,118000.000000,675,OPTSTK,NFO,5.000000,20251,False
108469,JSWSTEEL27OCT261300CE,JSWSTEEL,27OCT2026,130000.000000,675,OPTSTK,NFO,5.000000,20251,False
108473,JSWSTEEL27OCT261380CE,JSWSTEEL,27OCT2026,138000.000000,675,OPTSTK,NFO,5.000000,20251,False
108500,HCLTECH29SEP261060PE,HCLTECH,29SEP2026,106000.000000,400,OPTSTK,NFO,5.000000,20001,False
108510,HCLTECH29SEP261140PE,HCLTECH,29SEP2026,114000.000000,400,OPTSTK,NFO,5.000000,20001,False
108521,HCLTECH29SEP261240CE,HCLTECH,29SEP2026,124000.000000,400,OPTSTK,NFO,5.000000,20001,False
108564,SBIN27OCT26920CE,SBIN,27OCT2026,92000.000000,750,OPTSTK,NFO,5.000000,22501,False
108585,JSWSTEEL23NOV261240PE,JSWSTEEL,23NOV2026,124000.000000,675,OPTSTK,NFO,5.000000,20251,False
128809,SWIGGY23NOV26260CE,SWIGGY,23NOV2026,26000.000000,1825,OPTSTK,NFO,5.000000,73001,False
128819,SWIGGY23NOV26310CE,SWIGGY,23NOV2026,31000.000000,1825,OPTSTK,NFO,5.000000,73001,False
128878,TATACONSUM27OCT26970CE,TATACONSUM,27OCT2026,97000.000000,550,OPTSTK,NFO,5.000000,22001,False
128905,MOTILALOFS29SEP261040CE,MOTILALOFS,29SEP2026,104000.000000,775,OPTSTK,NFO,5.000000,23251,False
108587,JSWSTEEL23NOV261280PE,JSWSTEEL,23NOV2026,128000.000000,675,OPTSTK,NFO,5.000000,20251,False
108591,JSWSTEEL23NOV261360PE,JSWSTEEL,23NOV2026,136000.000000,675,OPTSTK,NFO,5.000000,20251,False
108612,SBIN27OCT261080CE,SBIN,27OCT2026,108000.000000,750,OPTSTK,NFO,5.000000,22501,False
108626,SBIN27OCT261180PE,SBIN,27OCT2026,118000.000000,750,OPTSTK,NFO,5.000000,22501,False
128909,TATACONSUM27OCT261070CE,TATACONSUM,27OCT2026,107000.000000,550,OPTSTK,NFO,5.000000,22001,False
128929,MOTILALOFS29SEP261120CE,MOTILALOFS,29SEP2026,112000.000000,775,OPTSTK,NFO,5.000000,23251,False
128937,TATACONSUM27OCT261090PE,TATACONSUM,27OCT2026,109000.000000,550,OPTSTK,NFO,5.000000,22001,False
128940,TATACONSUM27OCT261110CE,TATACONSUM,27OCT2026,111000.000000,550,OPTSTK,NFO,5.000000,22001,False
108735,SHREECEM27OCT2619000PE,SHREECEM,27OCT2026,1900000.000000,25,OPTSTK,NFO,5.000000,1001,False
128943,TATACONSUM27OCT261130PE,TATACONSUM,27OCT2026,113000.000000,550,OPTSTK,NFO,5.000000,22001,False
129037,TATACONSUM23NOV26900PE,TATACONSUM,23NOV2026,90000.000000,550,OPTSTK,NFO,5.000000,22001,False
129046,TATACONSUM23NOV261000CE,TATACONSUM,23NOV2026,100000.000000,550,OPTSTK,NFO,5.000000,22001,False
129047,TATACONSUM23NOV261000PE,TATACONSUM,23NOV2026,100000.000000,550,OPTSTK,NFO,5.000000,22001,False
108688,SHREECEM29SEP2626750CE,SHREECEM,29SEP2026,2675000.000000,25,OPTSTK,NFO,5.000000,1001,False
108690,SHREECEM29SEP2627250CE,SHREECEM,29SEP2026,2725000.000000,25,OPTSTK,NFO,5.000000,1001,False
108691,SHREECEM29SEP2627250PE,SHREECEM,29SEP2026,2725000.000000,25,OPTSTK,NFO,5.000000,1001,False
108783,SHREECEM27OCT2627500CE,SHREECEM,27OCT2026,2750000.000000,25,OPTSTK,NFO,5.000000,1001,False
108793,SHREECEM27OCT2628500CE,SHREECEM,27OCT2026,2850000.000000,25,OPTSTK,NFO,5.000000,1001,False
108834,JUBLFOOD27OCT26455PE,JUBLFOOD,27OCT2026,45500.000000,1250,OPTSTK,NFO,5.000000,50001,False
108870,JUBLFOOD27OCT26525PE,JUBLFOOD,27OCT2026,52500.000000,1250,OPTSTK,NFO,5.000000,50001,False
129048,TATACONSUM23NOV261020CE,TATACONSUM,23NOV2026,102000.000000,550,OPTSTK,NFO,5.000000,22001,False
129061,TATACONSUM23NOV261140PE,TATACONSUM,23NOV2026,114000.000000,550,OPTSTK,NFO,5.000000,22001,False
129139,TATAELXSI27OCT264050PE,TATAELXSI,27OCT2026,405000.000000,125,OPTSTK,NFO,5.000000,6251,False
129233,TATAELXSI23NOV263100CE,TATAELXSI,23NOV2026,310000.000000,125,OPTSTK,NFO,5.000000,6251,False
108872,HDFCAMC29SEP262000PE,HDFCAMC,29SEP2026,200000.000000,300,OPTSTK,NFO,5.000000,9001,False
108886,HDFCAMC29SEP262700PE,HDFCAMC,29SEP2026,270000.000000,300,OPTSTK,NFO,5.000000,9001,False
108898,HDFCAMC29SEP263100PE,HDFCAMC,29SEP2026,310000.000000,300,OPTSTK,NFO,5.000000,9001,False
109013,JUBLFOOD23NOV26430PE,JUBLFOOD,23NOV2026,43000.000000,1250,OPTSTK,NFO,5.000000,50001,False
129253,TATAELXSI23NOV263600CE,TATAELXSI,23NOV2026,360000.000000,125,OPTSTK,NFO,5.000000,6251,False
129257,TATAELXSI23NOV263800CE,TATAELXSI,23NOV2026,380000.000000,125,OPTSTK,NFO,5.000000,6251,False
129260,TATAELXSI23NOV263900PE,TATAELXSI,23NOV2026,390000.000000,125,OPTSTK,NFO,5.000000,6251,False
129264,TATAELXSI23NOV264100PE,TATAELXSI,23NOV2026,410000.000000,125,OPTSTK,NFO,5.000000,6251,False
109021,JUBLFOOD23NOV26470CE,JUBLFOOD,23NOV2026,47000.000000,1250,OPTSTK,NFO,5.000000,50001,False
109025,JUBLFOOD23NOV26490CE,JUBLFOOD,23NOV2026,49000.000000,1250,OPTSTK,NFO,5.000000,50001,False
109026,JUBLFOOD23NOV26490PE,JUBLFOOD,23NOV2026,49000.000000,1250,OPTSTK,NFO,5.000000,50001,False
109028,JUBLFOOD23NOV26500PE,JUBLFOOD,23NOV2026,50000.000000,1250,OPTSTK,NFO,5.000000,50001,False
129265,TATAELXSI23NOV264200CE,TATAELXSI,23NOV2026,420000.000000,125,OPTSTK,NFO,5.000000,6251,False
129266,TATAELXSI23NOV264200PE,TATAELXSI,23NOV2026,420000.000000,125,OPTSTK,NFO,5.000000,6251,False
129322,TATAPOWER27OCT26325PE,TATAPOWER,27OCT2026,32500.000000,1450,OPTSTK,NFO,5.000000,58001,False
129324,TATAPOWER27OCT26335PE,TATAPOWER,27OCT2026,33500.000000,1450,OPTSTK,NFO,5.000000,58001,False
109064,SHRIRAMFIN29SEP261060CE,SHRIRAMFIN,29SEP2026,106000.000000,825,OPTSTK,NFO,5.000000,24751,False
109083,SHRIRAMFIN29SEP261220PE,SHRIRAMFIN,29SEP2026,122000.000000,825,OPTSTK,NFO,5.000000,24751,False
109091,HDFCBANK29SEP26680PE,HDFCBANK,29SEP2026,68000.000000,650,OPTSTK,NFO,5.000000,32501,False
109092,HDFCBANK29SEP26700CE,HDFCBANK,29SEP2026,70000.000000,650,OPTSTK,NFO,5.000000,32501,False
129325,TATAPOWER27OCT26345CE,TATAPOWER,27OCT2026,34500.000000,1450,OPTSTK,NFO,5.000000,58001,False
129327,TATAPOWER27OCT26355CE,TATAPOWER,27OCT2026,35500.000000,1450,OPTSTK,NFO,5.000000,58001,False
129329,TATAPOWER27OCT26365CE,TATAPOWER,27OCT2026,36500.000000,1450,OPTSTK,NFO,5.000000,58001,False
129337,TATAPOWER27OCT26405CE,TATAPOWER,27OCT2026,40500.000000,1450,OPTSTK,NFO,5.000000,58001,False
109104,HDFCBANK29SEP26820CE,HDFCBANK,29SEP2026,82000.000000,650,OPTSTK,NFO,5.000000,32501,False
109107,HDFCBANK29SEP26840PE,HDFCBANK,29SEP2026,84000.000000,650,OPTSTK,NFO,5.000000,32501,False
109109,HDFCBANK29SEP26860PE,HDFCBANK,29SEP2026,86000.000000,650,OPTSTK,NFO,5.000000,32501,False
109173,SHRIRAMFIN27OCT26920CE,SHRIRAMFIN,27OCT2026,92000.000000,825,OPTSTK,NFO,5.000000,24751,False
129338,TATAPOWER27OCT26405PE,TATAPOWER,27OCT2026,40500.000000,1450,OPTSTK,NFO,5.000000,58001,False
129390,TATAPOWER23NOV26360PE,TATAPOWER,23NOV2026,36000.000000,1450,OPTSTK,NFO,5.000000,58001,False
129392,TATAPOWER23NOV26370PE,TATAPOWER,23NOV2026,37000.000000,1450,OPTSTK,NFO,5.000000,58001,False
129478,TATASTEEL27OCT26162.5CE,TATASTEEL,27OCT2026,16250.000000,2750,OPTSTK,NFO,1.000000,137501,False
109181,SHRIRAMFIN27OCT261040CE,SHRIRAMFIN,27OCT2026,104000.000000,825,OPTSTK,NFO,5.000000,24751,False
109182,SHRIRAMFIN27OCT261040PE,SHRIRAMFIN,27OCT2026,104000.000000,825,OPTSTK,NFO,5.000000,24751,False
109184,SHRIRAMFIN27OCT261080PE,SHRIRAMFIN,27OCT2026,108000.000000,825,OPTSTK,NFO,5.000000,24751,False
109250,SIEMENS29SEP263650PE,SIEMENS,29SEP2026,365000.000000,175,OPTSTK,NFO,5.000000,7001,False
129499,TATASTEEL27OCT26202.5PE,TATASTEEL,27OCT2026,20250.000000,2750,OPTSTK,NFO,1.000000,137501,False
129560,TATASTEEL23NOV26180CE,TATASTEEL,23NOV2026,18000.000000,2750,OPTSTK,NFO,1.000000,137501,False
129571,TATASTEEL23NOV26205PE,TATASTEEL,23NOV2026,20500.000000,2750,OPTSTK,NFO,1.000000,137501,False
129623,MUTHOOTFIN29SEP262400CE,MUTHOOTFIN,29SEP2026,240000.000000,275,OPTSTK,NFO,5.000000,8251,False
109267,SIEMENS29SEP263950CE,SIEMENS,29SEP2026,395000.000000,175,OPTSTK,NFO,5.000000,7001,False
109276,SIEMENS29SEP263950PE,SIEMENS,29SEP2026,395000.000000,175,OPTSTK,NFO,5.000000,7001,False
109379,KALYANKJIL23NOV26580PE,KALYANKJIL,23NOV2026,58000.000000,1350,OPTSTK,NFO,5.000000,40501,False
109388,KALYANKJIL23NOV26660PE,KALYANKJIL,23NOV2026,66000.000000,1350,OPTSTK,NFO,5.000000,40501,False
129627,MUTHOOTFIN29SEP262600CE,MUTHOOTFIN,29SEP2026,260000.000000,275,OPTSTK,NFO,5.000000,8251,False
129635,MUTHOOTFIN29SEP262900CE,MUTHOOTFIN,29SEP2026,290000.000000,275,OPTSTK,NFO,5.000000,8251,False
129656,TCS27OCT261980PE,TCS,27OCT2026,198000.000000,225,OPTSTK,NFO,5.000000,9001,False
129659,TCS27OCT262060CE,TCS,27OCT2026,206000.000000,225,OPTSTK,NFO,5.000000,9001,False
129670,TCS27OCT262140PE,TCS,27OCT2026,214000.000000,225,OPTSTK,NFO,5.000000,9001,False
129672,TCS27OCT262180PE,TCS,27OCT2026,218000.000000,225,OPTSTK,NFO,5.000000,9001,False
129677,TCS27OCT262300CE,TCS,27OCT2026,230000.000000,225,OPTSTK,NFO,5.000000,9001,False
129686,TCS27OCT262420PE,TCS,27OCT2026,242000.000000,225,OPTSTK,NFO,5.000000,9001,False
109443,SIEMENS27OCT263900PE,SIEMENS,27OCT2026,390000.000000,175,OPTSTK,NFO,5.000000,7001,False
109475,KAYNES27OCT263350PE,KAYNES,27OCT2026,335000.000000,150,OPTSTK,NFO,5.000000,6001,False
109476,KAYNES27OCT263450CE,KAYNES,27OCT2026,345000.000000,150,OPTSTK,NFO,5.000000,6001,False
109517,KAYNES27OCT264350PE,KAYNES,27OCT2026,435000.000000,150,OPTSTK,NFO,5.000000,6001,False
129695,TCS27OCT262460PE,TCS,27OCT2026,246000.000000,225,OPTSTK,NFO,5.000000,9001,False
129799,TCS23NOV262520PE,TCS,23NOV2026,252000.000000,225,OPTSTK,NFO,5.000000,9001,False
129802,TCS23NOV262600CE,TCS,23NOV2026,260000.000000,225,OPTSTK,NFO,5.000000,9001,False
129808,TCS23NOV262720CE,TCS,23NOV2026,272000.000000,225,OPTSTK,NFO,5.000000,9001,False
109529,HDFCLIFE29SEP26420PE,HDFCLIFE,29SEP2026,42000.000000,1100,OPTSTK,NFO,5.000000,44001,False
109538,SOLARINDS29SEP2617250PE,SOLARINDS,29SEP2026,1725000.000000,50,OPTSTK,NFO,5.000000,1501,False
109546,SOLARINDS29SEP2619250PE,SOLARINDS,29SEP2026,1925000.000000,50,OPTSTK,NFO,5.000000,1501,False
109555,SOLARINDS29SEP2621250PE,SOLARINDS,29SEP2026,2125000.000000,50,OPTSTK,NFO,5.000000,1501,False
129894,TECHM27OCT261460CE,TECHM,27OCT2026,146000.000000,600,OPTSTK,NFO,5.000000,18001,False
129911,TECHM27OCT261700PE,TECHM,27OCT2026,170000.000000,600,OPTSTK,NFO,5.000000,18001,False
129965,TECHM23NOV261480PE,TECHM,23NOV2026,148000.000000,600,OPTSTK,NFO,5.000000,18001,False
129966,TECHM23NOV261520CE,TECHM,23NOV2026,152000.000000,600,OPTSTK,NFO,5.000000,18001,False
109585,HDFCLIFE29SEP26480CE,HDFCLIFE,29SEP2026,48000.000000,1100,OPTSTK,NFO,5.000000,44001,False
109608,HDFCLIFE29SEP26580CE,HDFCLIFE,29SEP2026,58000.000000,1100,OPTSTK,NFO,5.000000,44001,False
109612,HDFCLIFE29SEP26590CE,HDFCLIFE,29SEP2026,59000.000000,1100,OPTSTK,NFO,5.000000,44001,False
109617,HDFCLIFE29SEP26610PE,HDFCLIFE,29SEP2026,61000.000000,1100,OPTSTK,NFO,5.000000,44001,False
129975,TECHM23NOV261680PE,TECHM,23NOV2026,168000.000000,600,OPTSTK,NFO,5.000000,18001,False
129976,TECHM23NOV261720CE,TECHM,23NOV2026,172000.000000,600,OPTSTK,NFO,5.000000,18001,False
129980,TECHM23NOV261800CE,TECHM,23NOV2026,180000.000000,600,OPTSTK,NFO,5.000000,18001,False
130004,NAM-INDIA29SEP261240PE,NAM-INDIA,29SEP2026,124000.000000,625,OPTSTK,NFO,5.000000,18751,False
130062,NATIONALUM29SEP26360PE,NATIONALUM,29SEP2026,36000.000000,1875,OPTSTK,NFO,5.000000,56251,False
130065,NATIONALUM29SEP26400CE,NATIONALUM,29SEP2026,40000.000000,1875,OPTSTK,NFO,5.000000,56251,False
130179,TIINDIA23NOV262700CE,TIINDIA,23NOV2026,270000.000000,200,OPTSTK,NFO,5.000000,8001,False
130189,TIINDIA23NOV263200CE,TIINDIA,23NOV2026,320000.000000,200,OPTSTK,NFO,5.000000,8001,False
109618,HDFCLIFE29SEP26620CE,HDFCLIFE,29SEP2026,62000.000000,1100,OPTSTK,NFO,5.000000,44001,False
109773,HEROMOTOCO29SEP265000CE,HEROMOTOCO,29SEP2026,500000.000000,150,OPTSTK,NFO,5.000000,4501,False
109821,SONACOMS27OCT26680CE,SONACOMS,27OCT2026,68000.000000,1225,OPTSTK,NFO,5.000000,36751,False
109829,HEROMOTOCO29SEP266000PE,HEROMOTOCO,29SEP2026,600000.000000,150,OPTSTK,NFO,5.000000,4501,False
130239,TITAN27OCT265250CE,TITAN,27OCT2026,525000.000000,175,OPTSTK,NFO,5.000000,5251,False
130242,TITAN27OCT265350PE,TITAN,27OCT2026,535000.000000,175,OPTSTK,NFO,5.000000,5251,False
130295,TITAN23NOV264800CE,TITAN,23NOV2026,480000.000000,175,OPTSTK,NFO,5.000000,5251,False
130296,TITAN23NOV264800PE,TITAN,23NOV2026,480000.000000,175,OPTSTK,NFO,5.000000,5251,False
109841,KAYNES23NOV263400PE,KAYNES,23NOV2026,340000.000000,150,OPTSTK,NFO,5.000000,6001,False
109847,KAYNES23NOV263700PE,KAYNES,23NOV2026,370000.000000,150,OPTSTK,NFO,5.000000,6001,False
109852,KAYNES23NOV264000CE,KAYNES,23NOV2026,400000.000000,150,OPTSTK,NFO,5.000000,6001,False
109857,SONACOMS27OCT26760PE,SONACOMS,27OCT2026,76000.000000,1225,OPTSTK,NFO,5.000000,36751,False
130301,TITAN23NOV265100CE,TITAN,23NOV2026,510000.000000,175,OPTSTK,NFO,5.000000,5251,False
130308,TITAN23NOV265400PE,TITAN,23NOV2026,540000.000000,175,OPTSTK,NFO,5.000000,5251,False
130309,TITAN23NOV265500CE,TITAN,23NOV2026,550000.000000,175,OPTSTK,NFO,5.000000,5251,False
130380,TMPV27OCT26265CE,TMPV,27OCT2026,26500.000000,1600,OPTSTK,NFO,5.000000,64001,False
109885,KAYNES23NOV264300CE,KAYNES,23NOV2026,430000.000000,150,OPTSTK,NFO,5.000000,6001,False
109911,SRF29SEP262250CE,SRF,29SEP2026,225000.000000,200,OPTSTK,NFO,5.000000,8001,False
109918,SRF29SEP262350PE,SRF,29SEP2026,235000.000000,200,OPTSTK,NFO,5.000000,8001,False
109919,KEI27OCT264300PE,KEI,27OCT2026,430000.000000,175,OPTSTK,NFO,5.000000,5251,False
130382,TMPV27OCT26275CE,TMPV,27OCT2026,27500.000000,1600,OPTSTK,NFO,5.000000,64001,False
130393,TMPV27OCT26315PE,TMPV,27OCT2026,31500.000000,1600,OPTSTK,NFO,5.000000,64001,False
130443,TMPV23NOV26240CE,TMPV,23NOV2026,24000.000000,1600,OPTSTK,NFO,5.000000,64001,False
130463,TMPV23NOV26310CE,TMPV,23NOV2026,31000.000000,1600,OPTSTK,NFO,5.000000,64001,False
109922,KEI27OCT264700CE,KEI,27OCT2026,470000.000000,175,OPTSTK,NFO,5.000000,5251,False
109961,KEI27OCT264900CE,KEI,27OCT2026,490000.000000,175,OPTSTK,NFO,5.000000,5251,False
109972,KEI27OCT265900PE,KEI,27OCT2026,590000.000000,175,OPTSTK,NFO,5.000000,5251,False
110002,SRF27OCT262400PE,SRF,27OCT2026,240000.000000,200,OPTSTK,NFO,5.000000,8001,False
130546,TORNTPHARM27OCT265150CE,TORNTPHARM,27OCT2026,515000.000000,125,OPTSTK,NFO,5.000000,5001,False
130595,TORNTPHARM23NOV264200PE,TORNTPHARM,23NOV2026,420000.000000,125,OPTSTK,NFO,5.000000,5001,False
130687,NBCC29SEP2670CE,NBCC,29SEP2026,7000.000000,6500,OPTSTK,NFO,1.000000,260001,False
130702,NBCC29SEP26100PE,NBCC,29SEP2026,10000.000000,6500,OPTSTK,NFO,1.000000,260001,False
110054,KEI23NOV264000CE,KEI,23NOV2026,400000.000000,175,OPTSTK,NFO,5.000000,5251,False
110087,HINDALCO29SEP26840CE,HINDALCO,29SEP2026,84000.000000,700,OPTSTK,NFO,5.000000,21001,False
110155,HINDPETRO29SEP26360.75CE,HINDPETRO,29SEP2026,36075.000000,2025,OPTSTK,NFO,5.000000,60751,False
130706,NBCC29SEP26110CE,NBCC,29SEP2026,11000.000000,6500,OPTSTK,NFO,1.000000,260001,False
130766,TRENT27OCT262850CE,TRENT,27OCT2026,285000.000000,225,OPTSTK,NFO,5.000000,9001,False
130767,TRENT27OCT262850PE,TRENT,27OCT2026,285000.000000,225,OPTSTK,NFO,5.000000,9001,False
130769,TRENT27OCT262950PE,TRENT,27OCT2026,295000.000000,225,OPTSTK,NFO,5.000000,9001,False
110104,HINDALCO29SEP261000PE,HINDALCO,29SEP2026,100000.000000,700,OPTSTK,NFO,5.000000,21001,False
130802,TRENT23NOV262500CE,TRENT,23NOV2026,250000.000000,225,OPTSTK,NFO,5.000000,9001,False
130806,TRENT23NOV262700CE,TRENT,23NOV2026,270000.000000,225,OPTSTK,NFO,5.000000,9001,False
130844,TVSMOTOR27OCT263650CE,TVSMOTOR,27OCT2026,365000.000000,175,OPTSTK,NFO,5.000000,5251,False
130858,TVSMOTOR27OCT264150CE,TVSMOTOR,27OCT2026,415000.000000,175,OPTSTK,NFO,5.000000,5251,False
110156,SUNPHARMA29SEP261860PE,SUNPHARMA,29SEP2026,186000.000000,350,OPTSTK,NFO,5.000000,14001,False
110162,HINDPETRO29SEP26400.75CE,HINDPETRO,29SEP2026,40075.000000,2025,OPTSTK,NFO,5.000000,60751,False
110166,SUNPHARMA29SEP261980CE,SUNPHARMA,29SEP2026,198000.000000,350,OPTSTK,NFO,5.000000,14001,False
110192,KFINTECH27OCT26900PE,KFINTECH,27OCT2026,90000.000000,575,OPTSTK,NFO,5.000000,23001,False
130872,TVSMOTOR27OCT264550PE,TVSMOTOR,27OCT2026,455000.000000,175,OPTSTK,NFO,5.000000,5251,False
130932,TVSMOTOR23NOV264300CE,TVSMOTOR,23NOV2026,430000.000000,175,OPTSTK,NFO,5.000000,5251,False
130915,TVSMOTOR23NOV263600CE,TVSMOTOR,23NOV2026,360000.000000,175,OPTSTK,NFO,5.000000,5251,False
130919,TVSMOTOR23NOV263800CE,TVSMOTOR,23NOV2026,380000.000000,175,OPTSTK,NFO,5.000000,5251,False
110275,KFINTECH23NOV26760CE,KFINTECH,23NOV2026,76000.000000,575,OPTSTK,NFO,5.000000,23001,False
110287,KFINTECH23NOV261000CE,KFINTECH,23NOV2026,100000.000000,575,OPTSTK,NFO,5.000000,23001,False
110375,SUNPHARMA27OCT262080CE,SUNPHARMA,27OCT2026,208000.000000,350,OPTSTK,NFO,5.000000,14001,False
110379,SUNPHARMA27OCT262160CE,SUNPHARMA,27OCT2026,216000.000000,350,OPTSTK,NFO,5.000000,14001,False
130945,TVSMOTOR23NOV264800CE,TVSMOTOR,23NOV2026,480000.000000,175,OPTSTK,NFO,5.000000,5251,False
131023,ULTRACEMCO27OCT2610100PE,ULTRACEMCO,27OCT2026,1010000.000000,50,OPTSTK,NFO,5.000000,2001,False
131043,ULTRACEMCO27OCT2611700CE,ULTRACEMCO,27OCT2026,1170000.000000,50,OPTSTK,NFO,5.000000,2001,False
131046,ULTRACEMCO27OCT2611900PE,ULTRACEMCO,27OCT2026,1190000.000000,50,OPTSTK,NFO,5.000000,2001,False
110383,SUNPHARMA27OCT262240CE,SUNPHARMA,27OCT2026,224000.000000,350,OPTSTK,NFO,5.000000,14001,False
110454,SUPREMEIND29SEP263050CE,SUPREMEIND,29SEP2026,305000.000000,175,OPTSTK,NFO,5.000000,7001,False
110465,SUPREMEIND29SEP263550PE,SUPREMEIND,29SEP2026,355000.000000,175,OPTSTK,NFO,5.000000,7001,False
110486,KOTAKBANK27OCT26375CE,KOTAKBANK,27OCT2026,37500.000000,2000,OPTSTK,NFO,5.000000,60001,False
131052,ULTRACEMCO27OCT2612300PE,ULTRACEMCO,27OCT2026,1230000.000000,50,OPTSTK,NFO,5.000000,2001,False
131053,ULTRACEMCO27OCT2612500CE,ULTRACEMCO,27OCT2026,1250000.000000,50,OPTSTK,NFO,5.000000,2001,False
131169,ULTRACEMCO23NOV2610400CE,ULTRACEMCO,23NOV2026,1040000.000000,50,OPTSTK,NFO,5.000000,2001,False
131195,ULTRACEMCO23NOV2611600PE,ULTRACEMCO,23NOV2026,1160000.000000,50,OPTSTK,NFO,5.000000,2001,False
110488,KOTAKBANK27OCT26385CE,KOTAKBANK,27OCT2026,38500.000000,2000,OPTSTK,NFO,5.000000,60001,False
110566,SUPREMEIND27OCT263800PE,SUPREMEIND,27OCT2026,380000.000000,175,OPTSTK,NFO,5.000000,7001,False
110567,SUPREMEIND27OCT263900CE,SUPREMEIND,27OCT2026,390000.000000,175,OPTSTK,NFO,5.000000,7001,False
110571,SUPREMEIND27OCT264000CE,SUPREMEIND,27OCT2026,400000.000000,175,OPTSTK,NFO,5.000000,7001,False
131203,ULTRACEMCO23NOV2612400PE,ULTRACEMCO,23NOV2026,1240000.000000,50,OPTSTK,NFO,5.000000,2001,False
131207,ULTRACEMCO23NOV2612800CE,ULTRACEMCO,23NOV2026,1280000.000000,50,OPTSTK,NFO,5.000000,2001,False
131212,ULTRACEMCO23NOV2613200PE,ULTRACEMCO,23NOV2026,1320000.000000,50,OPTSTK,NFO,5.000000,2001,False
131341,NESTLEIND29SEP261200CE,NESTLEIND,29SEP2026,120000.000000,500,OPTSTK,NFO,5.000000,15001,False
110572,SUPREMEIND27OCT264000PE,SUPREMEIND,27OCT2026,400000.000000,175,OPTSTK,NFO,5.000000,7001,False
110574,HINDUNILVR29SEP261680PE,HINDUNILVR,29SEP2026,168000.000000,300,OPTSTK,NFO,5.000000,12001,False
110579,HINDUNILVR29SEP261800CE,HINDUNILVR,29SEP2026,180000.000000,300,OPTSTK,NFO,5.000000,12001,False
110600,HINDUNILVR29SEP262120PE,HINDUNILVR,29SEP2026,212000.000000,300,OPTSTK,NFO,5.000000,12001,False
131352,NESTLEIND29SEP261300PE,NESTLEIND,29SEP2026,130000.000000,500,OPTSTK,NFO,5.000000,15001,False
131362,NESTLEIND29SEP261400PE,NESTLEIND,29SEP2026,140000.000000,500,OPTSTK,NFO,5.000000,15001,False
131367,UNIONBANK27OCT26167.5CE,UNIONBANK,27OCT2026,16750.000000,4425,OPTSTK,NFO,1.000000,132751,False
131372,UNIONBANK27OCT26177.5PE,UNIONBANK,27OCT2026,17750.000000,4425,OPTSTK,NFO,1.000000,132751,False
131377,UNIONBANK27OCT26192.5CE,UNIONBANK,27OCT2026,19250.000000,4425,OPTSTK,NFO,1.000000,132751,False
131432,NESTLEIND29SEP261460PE,NESTLEIND,29SEP2026,146000.000000,500,OPTSTK,NFO,5.000000,15001,False
131443,NESTLEIND29SEP261580CE,NESTLEIND,29SEP2026,158000.000000,500,OPTSTK,NFO,5.000000,15001,False
131565,UNITDSPR27OCT261340CE,UNITDSPR,27OCT2026,134000.000000,400,OPTSTK,NFO,5.000000,16001,False
110673,SUZLON29SEP2641PE,SUZLON,29SEP2026,4100.000000,12700,OPTSTK,NFO,1.000000,381001,False
110680,SUZLON29SEP2647CE,SUZLON,29SEP2026,4700.000000,12700,OPTSTK,NFO,1.000000,381001,False
110683,SUZLON29SEP2649PE,SUZLON,29SEP2026,4900.000000,12700,OPTSTK,NFO,1.000000,381001,False
110707,KOTAKBANK23NOV26370CE,KOTAKBANK,23NOV2026,37000.000000,2000,OPTSTK,NFO,5.000000,60001,False
131566,UNITDSPR27OCT261340PE,UNITDSPR,27OCT2026,134000.000000,400,OPTSTK,NFO,5.000000,16001,False
131570,UNITDSPR27OCT261420PE,UNITDSPR,27OCT2026,142000.000000,400,OPTSTK,NFO,5.000000,16001,False
131577,UNITDSPR27OCT261580CE,UNITDSPR,27OCT2026,158000.000000,400,OPTSTK,NFO,5.000000,16001,False
131618,UNITDSPR23NOV261360PE,UNITDSPR,23NOV2026,136000.000000,400,OPTSTK,NFO,5.000000,16001,False
110726,KOTAKBANK23NOV26460PE,KOTAKBANK,23NOV2026,46000.000000,2000,OPTSTK,NFO,5.000000,60001,False
110755,SUZLON29SEP2655CE,SUZLON,29SEP2026,5500.000000,12700,OPTSTK,NFO,1.000000,381001,False
110819,SUZLON27OCT2646CE,SUZLON,27OCT2026,4600.000000,12700,OPTSTK,NFO,1.000000,381001,False
110826,SUZLON27OCT2650CE,SUZLON,27OCT2026,5000.000000,12700,OPTSTK,NFO,1.000000,381001,False
131628,UNITDSPR23NOV261520CE,UNITDSPR,23NOV2026,152000.000000,400,OPTSTK,NFO,5.000000,16001,False
131642,UNITDSPR23NOV261680CE,UNITDSPR,23NOV2026,168000.000000,400,OPTSTK,NFO,5.000000,16001,False
131643,UNITDSPR23NOV261680PE,UNITDSPR,23NOV2026,168000.000000,400,OPTSTK,NFO,5.000000,16001,False
131800,UNOMINDA23NOV261400CE,UNOMINDA,23NOV2026,140000.000000,550,OPTSTK,NFO,5.000000,22001,False
131828,NHPC29SEP2670PE,NHPC,29SEP2026,7000.000000,6950,OPTSTK,NFO,1.000000,278001,False
131850,UPL27OCT26570PE,UPL,27OCT2026,57000.000000,1355,OPTSTK,NFO,5.000000,40651,False
131854,UPL27OCT26610PE,UPL,27OCT2026,61000.000000,1355,OPTSTK,NFO,5.000000,40651,False
131855,UPL27OCT26630CE,UPL,27OCT2026,63000.000000,1355,OPTSTK,NFO,5.000000,40651,False
110958,SUZLON27OCT2652PE,SUZLON,27OCT2026,5200.000000,12700,OPTSTK,NFO,1.000000,381001,False
111034,SWIGGY29SEP26245CE,SWIGGY,29SEP2026,24500.000000,1825,OPTSTK,NFO,5.000000,73001,False
111048,HINDZINC29SEP26500CE,HINDZINC,29SEP2026,50000.000000,1225,OPTSTK,NFO,5.000000,36751,False
111054,HINDZINC29SEP26560CE,HINDZINC,29SEP2026,56000.000000,1225,OPTSTK,NFO,5.000000,36751,False
131874,NHPC29SEP2680PE,NHPC,29SEP2026,8000.000000,6950,OPTSTK,NFO,1.000000,278001,False
131878,NHPC29SEP2684PE,NHPC,29SEP2026,8400.000000,6950,OPTSTK,NFO,1.000000,278001,False
131891,UPL23NOV26480CE,UPL,23NOV2026,48000.000000,1355,OPTSTK,NFO,5.000000,40651,False
131892,UPL23NOV26480PE,UPL,23NOV2026,48000.000000,1355,OPTSTK,NFO,5.000000,40651,False
111060,HINDZINC29SEP26620CE,HINDZINC,29SEP2026,62000.000000,1225,OPTSTK,NFO,5.000000,36751,False
111068,HINDZINC29SEP26700CE,HINDZINC,29SEP2026,70000.000000,1225,OPTSTK,NFO,5.000000,36751,False
111069,HINDZINC29SEP26700PE,HINDZINC,29SEP2026,70000.000000,1225,OPTSTK,NFO,5.000000,36751,False
111098,KPITTECH23NOV26500CE,KPITTECH,23NOV2026,50000.000000,775,OPTSTK,NFO,5.000000,38751,False
131903,UPL23NOV26600CE,UPL,23NOV2026,60000.000000,1355,OPTSTK,NFO,5.000000,40651,False
131905,UPL23NOV26620CE,UPL,23NOV2026,62000.000000,1355,OPTSTK,NFO,5.000000,40651,False
131947,NHPC29SEP2688CE,NHPC,29SEP2026,8800.000000,6950,OPTSTK,NFO,1.000000,278001,False
132004,VBL23NOV26380CE,VBL,23NOV2026,38000.000000,1275,OPTSTK,NFO,5.000000,51001,False
111139,SWIGGY29SEP26335CE,SWIGGY,29SEP2026,33500.000000,1825,OPTSTK,NFO,5.000000,73001,False
111234,SWIGGY27OCT26280PE,SWIGGY,27OCT2026,28000.000000,1825,OPTSTK,NFO,5.000000,73001,False
111252,HYUNDAI29SEP261960CE,HYUNDAI,29SEP2026,196000.000000,275,OPTSTK,NFO,5.000000,11001,False
111285,HYUNDAI29SEP262320PE,HYUNDAI,29SEP2026,232000.000000,275,OPTSTK,NFO,5.000000,11001,False
132013,VBL23NOV26420PE,VBL,23NOV2026,42000.000000,1275,OPTSTK,NFO,5.000000,51001,False
132017,VBL23NOV26460PE,VBL,23NOV2026,46000.000000,1275,OPTSTK,NFO,5.000000,51001,False
132072,VEDL27OCT26305CE,VEDL,27OCT2026,30500.000000,1150,OPTSTK,NFO,5.000000,80501,False
132112,VEDL27OCT26315PE,VEDL,27OCT2026,31500.000000,1150,OPTSTK,NFO,5.000000,80501,False
111293,HYUNDAI29SEP262480PE,HYUNDAI,29SEP2026,248000.000000,275,OPTSTK,NFO,5.000000,11001,False
111300,KPITTECH23NOV26580PE,KPITTECH,23NOV2026,58000.000000,775,OPTSTK,NFO,5.000000,38751,False
111313,KPITTECH23NOV26640PE,KPITTECH,23NOV2026,64000.000000,775,OPTSTK,NFO,5.000000,38751,False
111314,KPITTECH23NOV26660CE,KPITTECH,23NOV2026,66000.000000,775,OPTSTK,NFO,5.000000,38751,False
132236,VEDL23NOV26280CE,VEDL,23NOV2026,28000.000000,1150,OPTSTK,NFO,5.000000,80501,False
132285,NMDC29SEP2678CE,NMDC,29SEP2026,7800.000000,6750,OPTSTK,NFO,1.000000,270001,False
132302,VMM27OCT26112.5PE,VMM,27OCT2026,11250.000000,4850,OPTSTK,NFO,1.000000,194001,False
132341,NMDC29SEP2698PE,NMDC,29SEP2026,9800.000000,6750,OPTSTK,NFO,1.000000,270001,False
111515,ICICIBANK29SEP261180CE,ICICIBANK,29SEP2026,118000.000000,700,OPTSTK,NFO,5.000000,21001,False
111524,ICICIBANK29SEP261260PE,ICICIBANK,29SEP2026,126000.000000,700,OPTSTK,NFO,5.000000,21001,False
111552,ICICIBANK29SEP261460CE,ICICIBANK,29SEP2026,146000.000000,700,OPTSTK,NFO,5.000000,21001,False
111554,ICICIBANK29SEP261480CE,ICICIBANK,29SEP2026,148000.000000,700,OPTSTK,NFO,5.000000,21001,False
132369,VMM23NOV26115PE,VMM,23NOV2026,11500.000000,4850,OPTSTK,NFO,1.000000,194001,False
132375,VMM23NOV26130PE,VMM,23NOV2026,13000.000000,4850,OPTSTK,NFO,1.000000,194001,False
132419,VOLTAS27OCT261220CE,VOLTAS,27OCT2026,122000.000000,375,OPTSTK,NFO,5.000000,18751,False
132422,VOLTAS27OCT261260PE,VOLTAS,27OCT2026,126000.000000,375,OPTSTK,NFO,5.000000,18751,False
111558,ICICIBANK29SEP261520CE,ICICIBANK,29SEP2026,152000.000000,700,OPTSTK,NFO,5.000000,21001,False
111561,ICICIBANK29SEP261540CE,ICICIBANK,29SEP2026,154000.000000,700,OPTSTK,NFO,5.000000,21001,False
111567,TATACONSUM29SEP261050CE,TATACONSUM,29SEP2026,105000.000000,550,OPTSTK,NFO,5.000000,22001,False
111576,ICICIBANK29SEP261620PE,ICICIBANK,29SEP2026,162000.000000,700,OPTSTK,NFO,5.000000,21001,False
132454,VOLTAS23NOV26960PE,VOLTAS,23NOV2026,96000.000000,375,OPTSTK,NFO,5.000000,18751,False
132461,VOLTAS23NOV261120CE,VOLTAS,23NOV2026,112000.000000,375,OPTSTK,NFO,5.000000,18751,False
132473,VOLTAS23NOV261360CE,VOLTAS,23NOV2026,136000.000000,375,OPTSTK,NFO,5.000000,18751,False
132507,WAAREEENER27OCT262250CE,WAAREEENER,27OCT2026,225000.000000,175,OPTSTK,NFO,5.000000,8751,False
111616,TATACONSUM29SEP261150CE,TATACONSUM,29SEP2026,115000.000000,550,OPTSTK,NFO,5.000000,22001,False
111638,LAURUSLABS23NOV261600PE,LAURUSLABS,23NOV2026,160000.000000,850,OPTSTK,NFO,5.000000,17001,False
111641,LAURUSLABS23NOV261680CE,LAURUSLABS,23NOV2026,168000.000000,850,OPTSTK,NFO,5.000000,17001,False
111699,TATACONSUM27OCT26840PE,TATACONSUM,27OCT2026,84000.000000,550,OPTSTK,NFO,5.000000,22001,False
132511,WAAREEENER27OCT262450CE,WAAREEENER,27OCT2026,245000.000000,175,OPTSTK,NFO,5.000000,8751,False
132519,WAAREEENER27OCT262850CE,WAAREEENER,27OCT2026,285000.000000,175,OPTSTK,NFO,5.000000,8751,False
132520,WAAREEENER27OCT262850PE,WAAREEENER,27OCT2026,285000.000000,175,OPTSTK,NFO,5.000000,8751,False
132583,NTPC29SEP26340PE,NTPC,29SEP2026,34000.000000,1500,OPTSTK,NFO,5.000000,75001,False
111704,TATACONSUM27OCT26900CE,TATACONSUM,27OCT2026,90000.000000,550,OPTSTK,NFO,5.000000,22001,False
111710,TATACONSUM27OCT26960CE,TATACONSUM,27OCT2026,96000.000000,550,OPTSTK,NFO,5.000000,22001,False
111733,LAURUSLABS23NOV261840PE,LAURUSLABS,23NOV2026,184000.000000,850,OPTSTK,NFO,5.000000,17001,False
111739,LAURUSLABS23NOV261960CE,LAURUSLABS,23NOV2026,196000.000000,850,OPTSTK,NFO,5.000000,17001,False
132623,WAAREEENER23NOV262500CE,WAAREEENER,23NOV2026,250000.000000,175,OPTSTK,NFO,5.000000,8751,False
132631,WAAREEENER23NOV262900CE,WAAREEENER,23NOV2026,290000.000000,175,OPTSTK,NFO,5.000000,8751,False
132632,WAAREEENER23NOV262900PE,WAAREEENER,23NOV2026,290000.000000,175,OPTSTK,NFO,5.000000,8751,False
132678,WIPRO27OCT26152.5PE,WIPRO,27OCT2026,15250.000000,3000,OPTSTK,NFO,1.000000,120001,False
111761,TATACONSUM27OCT261180CE,TATACONSUM,27OCT2026,118000.000000,550,OPTSTK,NFO,5.000000,22001,False
111951,ICICIGI29SEP261320CE,ICICIGI,29SEP2026,132000.000000,325,OPTSTK,NFO,5.000000,13001,False
111952,ICICIGI29SEP261320PE,ICICIGI,29SEP2026,132000.000000,325,OPTSTK,NFO,5.000000,13001,False
111964,ICICIGI29SEP261480PE,ICICIGI,29SEP2026,148000.000000,325,OPTSTK,NFO,5.000000,13001,False
132691,WIPRO27OCT26187.5CE,WIPRO,27OCT2026,18750.000000,3000,OPTSTK,NFO,1.000000,120001,False
132692,WIPRO27OCT26187.5PE,WIPRO,27OCT2026,18750.000000,3000,OPTSTK,NFO,1.000000,120001,False
132719,WIPRO27OCT26202.5PE,WIPRO,27OCT2026,20250.000000,3000,OPTSTK,NFO,1.000000,120001,False
132731,NYKAA29SEP26330PE,NYKAA,29SEP2026,33000.000000,3125,OPTSTK,NFO,5.000000,93751,False
132772,WIPRO23NOV26140PE,WIPRO,23NOV2026,14000.000000,3000,OPTSTK,NFO,1.000000,120001,False
132773,WIPRO23NOV26145CE,WIPRO,23NOV2026,14500.000000,3000,OPTSTK,NFO,1.000000,120001,False
132785,WIPRO23NOV26175CE,WIPRO,23NOV2026,17500.000000,3000,OPTSTK,NFO,1.000000,120001,False
132787,WIPRO23NOV26180CE,WIPRO,23NOV2026,18000.000000,3000,OPTSTK,NFO,1.000000,120001,False
132795,WIPRO23NOV26200CE,WIPRO,23NOV2026,20000.000000,3000,OPTSTK,NFO,1.000000,120001,False
132978,ZYDUSLIFE27OCT261130PE,ZYDUSLIFE,27OCT2026,113000.000000,900,OPTSTK,NFO,5.000000,27001,False
132999,ZYDUSLIFE27OCT261210CE,ZYDUSLIFE,27OCT2026,121000.000000,900,OPTSTK,NFO,5.000000,27001,False
133073,ZYDUSLIFE23NOV26960PE,ZYDUSLIFE,23NOV2026,96000.000000,900,OPTSTK,NFO,5.000000,27001,False
133078,ZYDUSLIFE23NOV261020CE,ZYDUSLIFE,23NOV2026,102000.000000,900,OPTSTK,NFO,5.000000,27001,False
133213,OBEROIRLTY29SEP261640CE,OBEROIRLTY,29SEP2026,164000.000000,350,OPTSTK,NFO,5.000000,14001,False
133220,OBEROIRLTY29SEP261720PE,OBEROIRLTY,29SEP2026,172000.000000,350,OPTSTK,NFO,5.000000,14001,False
133274,OBEROIRLTY29SEP261880CE,OBEROIRLTY,29SEP2026,188000.000000,350,OPTSTK,NFO,5.000000,14001,False
133917,OFSS29SEP2611000PE,OFSS,29SEP2026,1100000.000000,100,OPTSTK,NFO,5.000000,2001,False
133991,OFSS29SEP2613000PE,OFSS,29SEP2026,1300000.000000,100,OPTSTK,NFO,5.000000,2001,False
133995,OFSS29SEP2613400PE,OFSS,29SEP2026,1340000.000000,100,OPTSTK,NFO,5.000000,2001,False
133996,OFSS29SEP2613600CE,OFSS,29SEP2026,1360000.000000,100,OPTSTK,NFO,5.000000,2001,False
134263,OIL29SEP26400CE,OIL,29SEP2026,40000.000000,1400,OPTSTK,NFO,5.000000,56001,False
134274,OIL29SEP26450PE,OIL,29SEP2026,45000.000000,1400,OPTSTK,NFO,5.000000,56001,False
134287,OIL29SEP26470CE,OIL,29SEP2026,47000.000000,1400,OPTSTK,NFO,5.000000,56001,False
134360,OIL29SEP26500CE,OIL,29SEP2026,50000.000000,1400,OPTSTK,NFO,5.000000,56001,False
134365,OIL29SEP26510CE,OIL,29SEP2026,51000.000000,1400,OPTSTK,NFO,5.000000,56001,False
134810,ONGC29SEP26190PE,ONGC,29SEP2026,19000.000000,2250,OPTSTK,NFO,1.000000,90001,False
134846,ONGC29SEP26210CE,ONGC,29SEP2026,21000.000000,2250,OPTSTK,NFO,1.000000,90001,False
134848,ONGC29SEP26215CE,ONGC,29SEP2026,21500.000000,2250,OPTSTK,NFO,1.000000,90001,False
134865,ONGC29SEP26235CE,ONGC,29SEP2026,23500.000000,2250,OPTSTK,NFO,1.000000,90001,False
134881,ONGC29SEP26250CE,ONGC,29SEP2026,25000.000000,2250,OPTSTK,NFO,1.000000,90001,False
134887,ONGC29SEP26265CE,ONGC,29SEP2026,26500.000000,2250,OPTSTK,NFO,1.000000,90001,False
134897,ONGC29SEP26290CE,ONGC,29SEP2026,29000.000000,2250,OPTSTK,NFO,1.000000,90001,False
135060,PAGEIND29SEP2635000PE,PAGEIND,29SEP2026,3500000.000000,20,OPTSTK,NFO,5.000000,601,False
135066,PAGEIND29SEP2637000CE,PAGEIND,29SEP2026,3700000.000000,20,OPTSTK,NFO,5.000000,601,False
135088,PAGEIND29SEP2638000PE,PAGEIND,29SEP2026,3800000.000000,20,OPTSTK,NFO,5.000000,601,False
135133,PAGEIND29SEP2640000PE,PAGEIND,29SEP2026,4000000.000000,20,OPTSTK,NFO,5.000000,601,False
135137,PAGEIND29SEP2642000PE,PAGEIND,29SEP2026,4200000.000000,20,OPTSTK,NFO,5.000000,601,False
135611,PATANJALI29SEP26280CE,PATANJALI,29SEP2026,28000.000000,1075,OPTSTK,NFO,5.000000,64501,False
135614,PATANJALI29SEP26290PE,PATANJALI,29SEP2026,29000.000000,1075,OPTSTK,NFO,5.000000,64501,False
136058,PERSISTENT29SEP265400CE,PERSISTENT,29SEP2026,540000.000000,125,OPTSTK,NFO,5.000000,3751,False
136490,PFC29SEP26280PE,PFC,29SEP2026,28000.000000,1300,OPTSTK,NFO,5.000000,52001,False
136499,PFC29SEP26320CE,PFC,29SEP2026,32000.000000,1300,OPTSTK,NFO,5.000000,52001,False
136641,PFC29SEP26390PE,PFC,29SEP2026,39000.000000,1300,OPTSTK,NFO,5.000000,52001,False
136754,PFC29SEP26400PE,PFC,29SEP2026,40000.000000,1300,OPTSTK,NFO,5.000000,52001,False
136778,PFC29SEP26450CE,PFC,29SEP2026,45000.000000,1300,OPTSTK,NFO,5.000000,52001,False
136779,PFC29SEP26450PE,PFC,29SEP2026,45000.000000,1300,OPTSTK,NFO,5.000000,52001,False
137195,PGEL29SEP26540CE,PGEL,29SEP2026,54000.000000,950,OPTSTK,NFO,5.000000,38001,False
137197,PGEL29SEP26560CE,PGEL,29SEP2026,56000.000000,950,OPTSTK,NFO,5.000000,38001,False
137215,PGEL29SEP26700PE,PGEL,29SEP2026,70000.000000,950,OPTSTK,NFO,5.000000,38001,False
137631,PHOENIXLTD29SEP262200CE,PHOENIXLTD,29SEP2026,220000.000000,350,OPTSTK,NFO,5.000000,14001,False
137746,PIDILITIND29SEP261320CE,PIDILITIND,29SEP2026,132000.000000,500,OPTSTK,NFO,5.000000,15001,False
137795,PIDILITIND29SEP261680CE,PIDILITIND,29SEP2026,168000.000000,500,OPTSTK,NFO,5.000000,15001,False
137804,PIDILITIND29SEP261800PE,PIDILITIND,29SEP2026,180000.000000,500,OPTSTK,NFO,5.000000,15001,False
137805,PIDILITIND29SEP261840CE,PIDILITIND,29SEP2026,184000.000000,500,OPTSTK,NFO,5.000000,15001,False
138385,PIIND29SEP262400PE,PIIND,29SEP2026,240000.000000,175,OPTSTK,NFO,5.000000,8751,False
138388,PIIND29SEP262600CE,PIIND,29SEP2026,260000.000000,175,OPTSTK,NFO,5.000000,8751,False
138392,PIIND29SEP262800CE,PIIND,29SEP2026,280000.000000,175,OPTSTK,NFO,5.000000,8751,False
138398,PIIND29SEP263100CE,PIIND,29SEP2026,310000.000000,175,OPTSTK,NFO,5.000000,8751,False
138914,PNB29SEP26100PE,PNB,29SEP2026,10000.000000,8000,OPTSTK,NFO,1.000000,240001,False
139013,PNB29SEP26114CE,PNB,29SEP2026,11400.000000,8000,OPTSTK,NFO,1.000000,240001,False
139015,PNB29SEP26116CE,PNB,29SEP2026,11600.000000,8000,OPTSTK,NFO,1.000000,240001,False
139027,PNB29SEP26122CE,PNB,29SEP2026,12200.000000,8000,OPTSTK,NFO,1.000000,240001,False
139055,PNB29SEP26128PE,PNB,29SEP2026,12800.000000,8000,OPTSTK,NFO,1.000000,240001,False
139156,PNBHOUSING29SEP26880PE,PNBHOUSING,29SEP2026,88000.000000,650,OPTSTK,NFO,5.000000,19501,False
139613,POLICYBZR29SEP261600CE,POLICYBZR,29SEP2026,160000.000000,350,OPTSTK,NFO,5.000000,14001,False
139620,POLICYBZR29SEP261680PE,POLICYBZR,29SEP2026,168000.000000,350,OPTSTK,NFO,5.000000,14001,False
140280,POLYCAB29SEP267200CE,POLYCAB,29SEP2026,720000.000000,125,OPTSTK,NFO,5.000000,2501,False
140400,POLYCAB29SEP2610800CE,POLYCAB,29SEP2026,1080000.000000,125,OPTSTK,NFO,5.000000,2501,False
140818,POWERGRID29SEP26245PE,POWERGRID,29SEP2026,24500.000000,1900,OPTSTK,NFO,5.000000,76001,False
140829,POWERGRID29SEP26275CE,POWERGRID,29SEP2026,27500.000000,1900,OPTSTK,NFO,5.000000,76001,False
140899,POWERGRID29SEP26310PE,POWERGRID,29SEP2026,31000.000000,1900,OPTSTK,NFO,5.000000,76001,False
140934,POWERGRID29SEP26325CE,POWERGRID,29SEP2026,32500.000000,1900,OPTSTK,NFO,5.000000,76001,False
141695,POWERINDIA29SEP2630000PE,POWERINDIA,29SEP2026,3000000.000000,25,OPTSTK,NFO,5.000000,751,False
141709,POWERINDIA29SEP2637000PE,POWERINDIA,29SEP2026,3700000.000000,25,OPTSTK,NFO,5.000000,751,False
142207,PRESTIGE29SEP261440PE,PRESTIGE,29SEP2026,144000.000000,450,OPTSTK,NFO,5.000000,13501,False
142234,PRESTIGE29SEP261840CE,PRESTIGE,29SEP2026,184000.000000,450,OPTSTK,NFO,5.000000,13501,False
143435,RBLBANK29SEP26480CE,RBLBANK,29SEP2026,48000.000000,3175,OPTSTK,NFO,5.000000,63501,False
143416,RBLBANK29SEP26430PE,RBLBANK,29SEP2026,43000.000000,3175,OPTSTK,NFO,5.000000,63501,False
143417,RBLBANK29SEP26440CE,RBLBANK,29SEP2026,44000.000000,3175,OPTSTK,NFO,5.000000,63501,False
143433,RBLBANK29SEP26470CE,RBLBANK,29SEP2026,47000.000000,3175,OPTSTK,NFO,5.000000,63501,False
143606,RECLTD29SEP26280PE,RECLTD,29SEP2026,28000.000000,1575,OPTSTK,NFO,5.000000,63001,False
143680,RECLTD29SEP26310PE,RECLTD,29SEP2026,31000.000000,1575,OPTSTK,NFO,5.000000,63001,False
143682,RECLTD29SEP26320PE,RECLTD,29SEP2026,32000.000000,1575,OPTSTK,NFO,5.000000,63001,False
143708,RECLTD29SEP26380PE,RECLTD,29SEP2026,38000.000000,1575,OPTSTK,NFO,5.000000,63001,False
144382,RELIANCE29SEP261160CE,RELIANCE,29SEP2026,116000.000000,500,OPTSTK,NFO,5.000000,20001,False
144393,RELIANCE29SEP261260PE,RELIANCE,29SEP2026,126000.000000,500,OPTSTK,NFO,5.000000,20001,False
144399,RELIANCE29SEP261320PE,RELIANCE,29SEP2026,132000.000000,500,OPTSTK,NFO,5.000000,20001,False
144468,RELIANCE29SEP261440CE,RELIANCE,29SEP2026,144000.000000,500,OPTSTK,NFO,5.000000,20001,False
144484,RELIANCE29SEP261460CE,RELIANCE,29SEP2026,146000.000000,500,OPTSTK,NFO,5.000000,20001,False
144503,RELIANCE29SEP261540PE,RELIANCE,29SEP2026,154000.000000,500,OPTSTK,NFO,5.000000,20001,False
144818,RVNL29SEP26170PE,RVNL,29SEP2026,17000.000000,1925,OPTSTK,NFO,1.000000,96251,False
145471,SAIL29SEP26165CE,SAIL,29SEP2026,16500.000000,4700,OPTSTK,NFO,1.000000,141001,False
145472,SAIL29SEP26165PE,SAIL,29SEP2026,16500.000000,4700,OPTSTK,NFO,1.000000,141001,False
145476,SAIL29SEP26175PE,SAIL,29SEP2026,17500.000000,4700,OPTSTK,NFO,1.000000,141001,False
145479,SAIL29SEP26185CE,SAIL,29SEP2026,18500.000000,4700,OPTSTK,NFO,1.000000,141001,False
145612,SBICARD29SEP26520CE,SBICARD,29SEP2026,52000.000000,800,OPTSTK,NFO,5.000000,40001,False
145710,SBICARD29SEP26640CE,SBICARD,29SEP2026,64000.000000,800,OPTSTK,NFO,5.000000,40001,False
145722,SBICARD29SEP26740CE,SBICARD,29SEP2026,74000.000000,800,OPTSTK,NFO,5.000000,40001,False
146287,SBILIFE29SEP261440PE,SBILIFE,29SEP2026,144000.000000,375,OPTSTK,NFO,5.000000,15001,False
146288,SBILIFE29SEP261480CE,SBILIFE,29SEP2026,148000.000000,375,OPTSTK,NFO,5.000000,15001,False
146921,SBIN29SEP26880PE,SBIN,29SEP2026,88000.000000,750,OPTSTK,NFO,5.000000,22501,False
146922,SBIN29SEP26900CE,SBIN,29SEP2026,90000.000000,750,OPTSTK,NFO,5.000000,22501,False
147158,SBIN29SEP261000PE,SBIN,29SEP2026,100000.000000,750,OPTSTK,NFO,5.000000,22501,False
147169,SBIN29SEP261020CE,SBIN,29SEP2026,102000.000000,750,OPTSTK,NFO,5.000000,22501,False
147171,SBIN29SEP261040CE,SBIN,29SEP2026,104000.000000,750,OPTSTK,NFO,5.000000,22501,False
147194,SBIN29SEP261140CE,SBIN,29SEP2026,114000.000000,750,OPTSTK,NFO,5.000000,22501,False
147530,SHREECEM29SEP2621500PE,SHREECEM,29SEP2026,2150000.000000,25,OPTSTK,NFO,5.000000,1001,False
147542,SHREECEM29SEP2624500PE,SHREECEM,29SEP2026,2450000.000000,25,OPTSTK,NFO,5.000000,1001,False
147551,SHREECEM29SEP2626000CE,SHREECEM,29SEP2026,2600000.000000,25,OPTSTK,NFO,5.000000,1001,False
147556,SHREECEM29SEP2626000PE,SHREECEM,29SEP2026,2600000.000000,25,OPTSTK,NFO,5.000000,1001,False
147578,SHREECEM29SEP2627500PE,SHREECEM,29SEP2026,2750000.000000,25,OPTSTK,NFO,5.000000,1001,False
147583,SHREECEM29SEP2629000CE,SHREECEM,29SEP2026,2900000.000000,25,OPTSTK,NFO,5.000000,1001,False
148136,SHRIRAMFIN29SEP26920CE,SHRIRAMFIN,29SEP2026,92000.000000,825,OPTSTK,NFO,5.000000,24751,False
148348,SIEMENS29SEP263500PE,SIEMENS,29SEP2026,350000.000000,175,OPTSTK,NFO,5.000000,7001,False
148355,SIEMENS29SEP263900CE,SIEMENS,29SEP2026,390000.000000,175,OPTSTK,NFO,5.000000,7001,False
148570,SIEMENS29SEP264500CE,SIEMENS,29SEP2026,450000.000000,175,OPTSTK,NFO,5.000000,7001,False
148900,SOLARINDS29SEP2616000CE,SOLARINDS,29SEP2026,1600000.000000,50,OPTSTK,NFO,5.000000,1501,False
148909,SOLARINDS29SEP2617000PE,SOLARINDS,29SEP2026,1700000.000000,50,OPTSTK,NFO,5.000000,1501,False
148914,SOLARINDS29SEP2618000CE,SOLARINDS,29SEP2026,1800000.000000,50,OPTSTK,NFO,5.000000,1501,False
148931,SOLARINDS29SEP2620500PE,SOLARINDS,29SEP2026,2050000.000000,50,OPTSTK,NFO,5.000000,1501,False
148933,SOLARINDS29SEP2621000PE,SOLARINDS,29SEP2026,2100000.000000,50,OPTSTK,NFO,5.000000,1501,False
149165,SOLARINDS29SEP2625000PE,SOLARINDS,29SEP2026,2500000.000000,50,OPTSTK,NFO,5.000000,1501,False
149271,SONACOMS29SEP26660PE,SONACOMS,29SEP2026,66000.000000,1225,OPTSTK,NFO,5.000000,36751,False
149272,SONACOMS29SEP26680CE,SONACOMS,29SEP2026,68000.000000,1225,OPTSTK,NFO,5.000000,36751,False
149901,SRF29SEP262200PE,SRF,29SEP2026,220000.000000,200,OPTSTK,NFO,5.000000,8001,False
149943,SRF29SEP262800PE,SRF,29SEP2026,280000.000000,200,OPTSTK,NFO,5.000000,8001,False
149944,SRF29SEP262900CE,SRF,29SEP2026,290000.000000,200,OPTSTK,NFO,5.000000,8001,False
149945,SRF29SEP262900PE,SRF,29SEP2026,290000.000000,200,OPTSTK,NFO,5.000000,8001,False
150517,SUNPHARMA29SEP261880CE,SUNPHARMA,29SEP2026,188000.000000,350,OPTSTK,NFO,5.000000,14001,False
151024,SUPREMEIND29SEP263700CE,SUPREMEIND,29SEP2026,370000.000000,175,OPTSTK,NFO,5.000000,7001,False
151027,SUPREMEIND29SEP263800PE,SUPREMEIND,29SEP2026,380000.000000,175,OPTSTK,NFO,5.000000,7001,False
151033,SUPREMEIND29SEP264100PE,SUPREMEIND,29SEP2026,410000.000000,175,OPTSTK,NFO,5.000000,7001,False
151038,SUPREMEIND29SEP264200CE,SUPREMEIND,29SEP2026,420000.000000,175,OPTSTK,NFO,5.000000,7001,False
151236,SUZLON29SEP2640CE,SUZLON,29SEP2026,4000.000000,12700,OPTSTK,NFO,1.000000,381001,False
151240,SUZLON29SEP2644CE,SUZLON,29SEP2026,4400.000000,12700,OPTSTK,NFO,1.000000,381001,False
151501,SWIGGY29SEP26230PE,SWIGGY,29SEP2026,23000.000000,1825,OPTSTK,NFO,5.000000,73001,False
151502,SWIGGY29SEP26240CE,SWIGGY,29SEP2026,24000.000000,1825,OPTSTK,NFO,5.000000,73001,False
151515,SWIGGY29SEP26290PE,SWIGGY,29SEP2026,29000.000000,1825,OPTSTK,NFO,5.000000,73001,False
151554,SWIGGY29SEP26300CE,SWIGGY,29SEP2026,30000.000000,1825,OPTSTK,NFO,5.000000,73001,False
151945,TATACONSUM29SEP26900PE,TATACONSUM,29SEP2026,90000.000000,550,OPTSTK,NFO,5.000000,22001,False
151948,TATACONSUM29SEP26940CE,TATACONSUM,29SEP2026,94000.000000,550,OPTSTK,NFO,5.000000,22001,False
152019,TATACONSUM29SEP261180CE,TATACONSUM,29SEP2026,118000.000000,550,OPTSTK,NFO,5.000000,22001,False
152032,TATACONSUM29SEP261280PE,TATACONSUM,29SEP2026,128000.000000,550,OPTSTK,NFO,5.000000,22001,False
152578,TATAELXSI29SEP263100CE,TATAELXSI,29SEP2026,310000.000000,125,OPTSTK,NFO,5.000000,6251,False
152679,TATAELXSI29SEP264200PE,TATAELXSI,29SEP2026,420000.000000,125,OPTSTK,NFO,5.000000,6251,False
153277,TATAPOWER29SEP26410PE,TATAPOWER,29SEP2026,41000.000000,1450,OPTSTK,NFO,5.000000,58001,False
153800,TATASTEEL29SEP26175CE,TATASTEEL,29SEP2026,17500.000000,2750,OPTSTK,NFO,1.000000,137501,False
153805,TATASTEEL29SEP26185PE,TATASTEEL,29SEP2026,18500.000000,2750,OPTSTK,NFO,1.000000,137501,False
153811,TATASTEEL29SEP26200PE,TATASTEEL,29SEP2026,20000.000000,2750,OPTSTK,NFO,1.000000,137501,False
153814,TATASTEEL29SEP26210CE,TATASTEEL,29SEP2026,21000.000000,2750,OPTSTK,NFO,1.000000,137501,False
153816,TATASTEEL29SEP26215CE,TATASTEEL,29SEP2026,21500.000000,2750,OPTSTK,NFO,1.000000,137501,False
153818,TATASTEEL29SEP26220CE,TATASTEEL,29SEP2026,22000.000000,2750,OPTSTK,NFO,1.000000,137501,False
153941,TCS29SEP261800PE,TCS,29SEP2026,180000.000000,225,OPTSTK,NFO,5.000000,9001,False
153949,TCS29SEP261960PE,TCS,29SEP2026,196000.000000,225,OPTSTK,NFO,5.000000,9001,False
153953,TCS29SEP262040PE,TCS,29SEP2026,204000.000000,225,OPTSTK,NFO,5.000000,9001,False
153965,TCS29SEP262280PE,TCS,29SEP2026,228000.000000,225,OPTSTK,NFO,5.000000,9001,False
153970,TCS29SEP262400CE,TCS,29SEP2026,240000.000000,225,OPTSTK,NFO,5.000000,9001,False
153972,TCS29SEP262440CE,TCS,29SEP2026,244000.000000,225,OPTSTK,NFO,5.000000,9001,False
153975,TCS29SEP262480PE,TCS,29SEP2026,248000.000000,225,OPTSTK,NFO,5.000000,9001,False
153986,TCS29SEP262800CE,TCS,29SEP2026,280000.000000,225,OPTSTK,NFO,5.000000,9001,False
154262,TIINDIA29SEP262500CE,TIINDIA,29SEP2026,250000.000000,200,OPTSTK,NFO,5.000000,8001,False
154264,TIINDIA29SEP262600CE,TIINDIA,29SEP2026,260000.000000,200,OPTSTK,NFO,5.000000,8001,False
154280,TIINDIA29SEP263400CE,TIINDIA,29SEP2026,340000.000000,200,OPTSTK,NFO,5.000000,8001,False
154282,TIINDIA29SEP263500CE,TIINDIA,29SEP2026,350000.000000,200,OPTSTK,NFO,5.000000,8001,False
154396,TITAN29SEP264300PE,TITAN,29SEP2026,430000.000000,175,OPTSTK,NFO,5.000000,5251,False
154404,TITAN29SEP264700PE,TITAN,29SEP2026,470000.000000,175,OPTSTK,NFO,5.000000,5251,False
154406,TITAN29SEP264800PE,TITAN,29SEP2026,480000.000000,175,OPTSTK,NFO,5.000000,5251,False
154407,TITAN29SEP264900CE,TITAN,29SEP2026,490000.000000,175,OPTSTK,NFO,5.000000,5251,False
154417,TITAN29SEP265400CE,TITAN,29SEP2026,540000.000000,175,OPTSTK,NFO,5.000000,5251,False
154586,TMPV29SEP26240CE,TMPV,29SEP2026,24000.000000,1600,OPTSTK,NFO,5.000000,64001,False
154587,TMPV29SEP26240PE,TMPV,29SEP2026,24000.000000,1600,OPTSTK,NFO,5.000000,64001,False
154588,TMPV29SEP26250CE,TMPV,29SEP2026,25000.000000,1600,OPTSTK,NFO,5.000000,64001,False
154590,TMPV29SEP26260CE,TMPV,29SEP2026,26000.000000,1600,OPTSTK,NFO,5.000000,64001,False
154591,TMPV29SEP26260PE,TMPV,29SEP2026,26000.000000,1600,OPTSTK,NFO,5.000000,64001,False
154604,TMPV29SEP26330CE,TMPV,29SEP2026,33000.000000,1600,OPTSTK,NFO,5.000000,64001,False
154614,TMPV29SEP26380CE,TMPV,29SEP2026,38000.000000,1600,OPTSTK,NFO,5.000000,64001,False
154794,TORNTPHARM29SEP265500CE,TORNTPHARM,29SEP2026,550000.000000,125,OPTSTK,NFO,5.000000,5001,False
154952,TRENT29SEP262500CE,TRENT,29SEP2026,250000.000000,225,OPTSTK,NFO,5.000000,9001,False
154955,TRENT29SEP262600PE,TRENT,29SEP2026,260000.000000,225,OPTSTK,NFO,5.000000,9001,False
154966,TRENT29SEP263200CE,TRENT,29SEP2026,320000.000000,225,OPTSTK,NFO,5.000000,9001,False
154968,TRENT29SEP263300CE,TRENT,29SEP2026,330000.000000,225,OPTSTK,NFO,5.000000,9001,False
154969,TRENT29SEP263300PE,TRENT,29SEP2026,330000.000000,225,OPTSTK,NFO,5.000000,9001,False
155201,TVSMOTOR29SEP263300PE,TVSMOTOR,29SEP2026,330000.000000,175,OPTSTK,NFO,5.000000,5251,False
155206,TVSMOTOR29SEP263600CE,TVSMOTOR,29SEP2026,360000.000000,175,OPTSTK,NFO,5.000000,5251,False
155224,TVSMOTOR29SEP264600CE,TVSMOTOR,29SEP2026,460000.000000,175,OPTSTK,NFO,5.000000,5251,False
155227,TVSMOTOR29SEP264800PE,TVSMOTOR,29SEP2026,480000.000000,175,OPTSTK,NFO,5.000000,5251,False
155604,UNIONBANK29SEP26195CE,UNIONBANK,29SEP2026,19500.000000,4425,OPTSTK,NFO,1.000000,132751,False
155612,UNIONBANK29SEP26215CE,UNIONBANK,29SEP2026,21500.000000,4425,OPTSTK,NFO,1.000000,132751,False
155636,UNITDSPR29SEP261200CE,UNITDSPR,29SEP2026,120000.000000,400,OPTSTK,NFO,5.000000,16001,False
155654,UNITDSPR29SEP261560CE,UNITDSPR,29SEP2026,156000.000000,400,OPTSTK,NFO,5.000000,16001,False
155661,UNITDSPR29SEP261680PE,UNITDSPR,29SEP2026,168000.000000,400,OPTSTK,NFO,5.000000,16001,False
155757,UNOMINDA29SEP261240PE,UNOMINDA,29SEP2026,124000.000000,550,OPTSTK,NFO,5.000000,22001,False
155805,UPL29SEP26560PE,UPL,29SEP2026,56000.000000,1355,OPTSTK,NFO,5.000000,40651,False
155818,UPL29SEP26700CE,UPL,29SEP2026,70000.000000,1355,OPTSTK,NFO,5.000000,40651,False
155851,VBL29SEP26340PE,VBL,29SEP2026,34000.000000,1275,OPTSTK,NFO,5.000000,51001,False
155855,VBL29SEP26380PE,VBL,29SEP2026,38000.000000,1275,OPTSTK,NFO,5.000000,51001,False
155858,VBL29SEP26420CE,VBL,29SEP2026,42000.000000,1275,OPTSTK,NFO,5.000000,51001,False
156065,VEDL29SEP26290PE,VEDL,29SEP2026,29000.000000,1150,OPTSTK,NFO,5.000000,80501,False
156093,VEDL29SEP26310PE,VEDL,29SEP2026,31000.000000,1150,OPTSTK,NFO,5.000000,80501,False
156095,VEDL29SEP26320PE,VEDL,29SEP2026,32000.000000,1150,OPTSTK,NFO,5.000000,80501,False
156259,VMM29SEP26100PE,VMM,29SEP2026,10000.000000,4850,OPTSTK,NFO,1.000000,194001,False
156267,VMM29SEP26120PE,VMM,29SEP2026,12000.000000,4850,OPTSTK,NFO,1.000000,194001,False
156271,VMM29SEP26130PE,VMM,29SEP2026,13000.000000,4850,OPTSTK,NFO,1.000000,194001,False
156359,VOLTAS29SEP261080PE,VOLTAS,29SEP2026,108000.000000,375,OPTSTK,NFO,5.000000,18751,False
156361,VOLTAS29SEP261120PE,VOLTAS,29SEP2026,112000.000000,375,OPTSTK,NFO,5.000000,18751,False
156383,VOLTAS29SEP261520PE,VOLTAS,29SEP2026,152000.000000,375,OPTSTK,NFO,5.000000,18751,False
156464,WAAREEENER29SEP262100CE,WAAREEENER,29SEP2026,210000.000000,175,OPTSTK,NFO,5.000000,8751,False
156467,WAAREEENER29SEP262200PE,WAAREEENER,29SEP2026,220000.000000,175,OPTSTK,NFO,5.000000,8751,False
156475,WAAREEENER29SEP262600PE,WAAREEENER,29SEP2026,260000.000000,175,OPTSTK,NFO,5.000000,8751,False
156480,WAAREEENER29SEP262900CE,WAAREEENER,29SEP2026,290000.000000,175,OPTSTK,NFO,5.000000,8751,False
156578,WIPRO29SEP26150CE,WIPRO,29SEP2026,15000.000000,3000,OPTSTK,NFO,1.000000,120001,False
156591,WIPRO29SEP26180PE,WIPRO,29SEP2026,18000.000000,3000,OPTSTK,NFO,1.000000,120001,False
156592,WIPRO29SEP26185CE,WIPRO,29SEP2026,18500.000000,3000,OPTSTK,NFO,1.000000,120001,False
156594,WIPRO29SEP26190CE,WIPRO,29SEP2026,19000.000000,3000,OPTSTK,NFO,1.000000,120001,False
156662,YESBANK29SEP2626CE,YESBANK,29SEP2026,2600.000000,31100,OPTSTK,NFO,1.000000,933001,False
156835,ZYDUSLIFE29SEP261160PE,ZYDUSLIFE,29SEP2026,116000.000000,900,OPTSTK,NFO,5.000000,27001,False
35247,ADANIENSOL27OCT261160PE,ADANIENSOL,27OCT2026,116000.000000,675,OPTSTK,NFO,5.000000,13501,False
35486,COFORGE27OCT262200CE,COFORGE,27OCT2026,220000.000000,475,OPTSTK,NFO,5.000000,14251,False
35600,DIVISLAB29SEP2610600CE,DIVISLAB,29SEP2026,1060000.000000,100,OPTSTK,NFO,5.000000,3001,False
156854,ZYDUSLIFE29SEP261360CE,ZYDUSLIFE,29SEP2026,136000.000000,900,OPTSTK,NFO,5.000000,27001,False
35613,DIVISLAB29SEP2610600PE,DIVISLAB,29SEP2026,1060000.000000,100,OPTSTK,NFO,5.000000,3001,False
35622,DMART29SEP263100PE,DMART,29SEP2026,310000.000000,150,OPTSTK,NFO,5.000000,6001,False
35881,ICICIGI27OCT261160PE,ICICIGI,27OCT2026,116000.000000,325,OPTSTK,NFO,5.000000,13001,False
36606,GODREJCP29SEP26770CE,GODREJCP,29SEP2026,77000.000000,500,OPTSTK,NFO,5.000000,25001,False
36697,051NSETEST27NOV36FUT,051NSETEST,27NOV2036,-1.000000,50,FUTSTK,NFO,5.000000,100001,False
36826,DIVISLAB29SEP269200CE,DIVISLAB,29SEP2026,920000.000000,100,OPTSTK,NFO,5.000000,3001,False
37428,LAURUSLABS29SEP261880PE,LAURUSLABS,29SEP2026,188000.000000,850,OPTSTK,NFO,5.000000,17001,False
37530,ADANIGREEN29SEP261000PE,ADANIGREEN,29SEP2026,100000.000000,600,OPTSTK,NFO,5.000000,18001,False
37780,SONACOMS29SEP26920CE,SONACOMS,29SEP2026,92000.000000,1225,OPTSTK,NFO,5.000000,36751,False
37810,NIFTY29DEC2623000PE,NIFTY,29DEC2026,2300000.000000,65,OPTIDX,NFO,5.000000,1801,False
37883,TCS29SEP262680CE,TCS,29SEP2026,268000.000000,225,OPTSTK,NFO,5.000000,9001,False
37943,TVSMOTOR29SEP264500PE,TVSMOTOR,29SEP2026,450000.000000,175,OPTSTK,NFO,5.000000,5251,False
38030,ULTRACEMCO29SEP269700PE,ULTRACEMCO,29SEP2026,970000.000000,50,OPTSTK,NFO,5.000000,2001,False
38033,ULTRACEMCO29SEP269800CE,ULTRACEMCO,29SEP2026,980000.000000,50,OPTSTK,NFO,5.000000,2001,False
38050,ULTRACEMCO29SEP2610400CE,ULTRACEMCO,29SEP2026,1040000.000000,50,OPTSTK,NFO,5.000000,2001,False
38072,ULTRACEMCO29SEP2610700PE,ULTRACEMCO,29SEP2026,1070000.000000,50,OPTSTK,NFO,5.000000,2001,False
38111,ULTRACEMCO29SEP2611800CE,ULTRACEMCO,29SEP2026,1180000.000000,50,OPTSTK,NFO,5.000000,2001,False
38142,ULTRACEMCO29SEP2612600CE,ULTRACEMCO,29SEP2026,1260000.000000,50,OPTSTK,NFO,5.000000,2001,False
38158,NIFTY29DEC2629000CE,NIFTY,29DEC2026,2900000.000000,65,OPTIDX,NFO,5.000000,1801,False
38301,ULTRACEMCO27OCT269800CE,ULTRACEMCO,27OCT2026,980000.000000,50,OPTSTK,NFO,5.000000,2001,False
38305,ULTRACEMCO27OCT2610000CE,ULTRACEMCO,27OCT2026,1000000.000000,50,OPTSTK,NFO,5.000000,2001,False
38307,ULTRACEMCO27OCT2610000PE,ULTRACEMCO,27OCT2026,1000000.000000,50,OPTSTK,NFO,5.000000,2001,False
38325,ULTRACEMCO27OCT2611800CE,ULTRACEMCO,27OCT2026,1180000.000000,50,OPTSTK,NFO,5.000000,2001,False
38331,ULTRACEMCO27OCT2612200PE,ULTRACEMCO,27OCT2026,1220000.000000,50,OPTSTK,NFO,5.000000,2001,False
38421,COFORGE29SEP261960CE,COFORGE,29SEP2026,196000.000000,475,OPTSTK,NFO,5.000000,14251,False
39588,TECHM29SEP261720CE,TECHM,29SEP2026,172000.000000,600,OPTSTK,NFO,5.000000,18001,False
39589,TECHM29SEP261720PE,TECHM,29SEP2026,172000.000000,600,OPTSTK,NFO,5.000000,18001,False
39598,TECHM29SEP261880CE,TECHM,29SEP2026,188000.000000,600,OPTSTK,NFO,5.000000,18001,False
39775,SOLARINDS29SEP2623750PE,SOLARINDS,29SEP2026,2375000.000000,50,OPTSTK,NFO,5.000000,1501,False
40061,GLENMARK29SEP262840PE,GLENMARK,29SEP2026,284000.000000,375,OPTSTK,NFO,5.000000,11251,False
40450,APLAPOLLO27OCT262520CE,APLAPOLLO,27OCT2026,252000.000000,350,OPTSTK,NFO,5.000000,10501,False
40494,PERSISTENT29SEP266600PE,PERSISTENT,29SEP2026,660000.000000,125,OPTSTK,NFO,5.000000,3751,False
40671,NIFTY06OCT2622100CE,NIFTY,06OCT2026,2210000.000000,65,OPTIDX,NFO,5.000000,1801,False
40688,NIFTY06OCT2622400PE,NIFTY,06OCT2026,2240000.000000,65,OPTIDX,NFO,5.000000,1801,False
40712,NIFTY06OCT2622750CE,NIFTY,06OCT2026,2275000.000000,65,OPTIDX,NFO,5.000000,1801,False
40716,NIFTY06OCT2622800PE,NIFTY,06OCT2026,2280000.000000,65,OPTIDX,NFO,5.000000,1801,False
40719,COFORGE29SEP262180PE,COFORGE,29SEP2026,218000.000000,475,OPTSTK,NFO,5.000000,14251,False
40724,NIFTY06OCT2622950PE,NIFTY,06OCT2026,2295000.000000,65,OPTIDX,NFO,5.000000,1801,False
40736,NIFTY06OCT2623050PE,NIFTY,06OCT2026,2305000.000000,65,OPTIDX,NFO,5.000000,1801,False
40746,NIFTY06OCT2623200PE,NIFTY,06OCT2026,2320000.000000,65,OPTIDX,NFO,5.000000,1801,False
40751,NIFTY06OCT2623300CE,NIFTY,06OCT2026,2330000.000000,65,OPTIDX,NFO,5.000000,1801,False
40780,NIFTY06OCT2623750PE,NIFTY,06OCT2026,2375000.000000,65,OPTIDX,NFO,5.000000,1801,False
40811,NIFTY06OCT2624200CE,NIFTY,06OCT2026,2420000.000000,65,OPTIDX,NFO,5.000000,1801,False
40814,NIFTY06OCT2624250PE,NIFTY,06OCT2026,2425000.000000,65,OPTIDX,NFO,5.000000,1801,False
40819,NIFTY06OCT2624350CE,NIFTY,06OCT2026,2435000.000000,65,OPTIDX,NFO,5.000000,1801,False
40836,NIFTY06OCT2624650PE,NIFTY,06OCT2026,2465000.000000,65,OPTIDX,NFO,5.000000,1801,False
40902,NIFTY06OCT2625750CE,NIFTY,06OCT2026,2575000.000000,65,OPTIDX,NFO,5.000000,1801,False
41095,PAYTM29SEP261980CE,PAYTM,29SEP2026,198000.000000,725,OPTSTK,NFO,5.000000,14501,False
41096,PAYTM29SEP261980PE,PAYTM,29SEP2026,198000.000000,725,OPTSTK,NFO,5.000000,14501,False
41320,GODREJPROP29SEP261540CE,GODREJPROP,29SEP2026,154000.000000,325,OPTSTK,NFO,5.000000,13001,False
41812,NAUKRI29SEP261480CE,NAUKRI,29SEP2026,148000.000000,550,OPTSTK,NFO,5.000000,16501,False
41881,PAYTM29SEP261760CE,PAYTM,29SEP2026,176000.000000,725,OPTSTK,NFO,5.000000,14501,False
41975,PAYTM29SEP261780PE,PAYTM,29SEP2026,178000.000000,725,OPTSTK,NFO,5.000000,14501,False
41976,PAYTM29SEP261880CE,PAYTM,29SEP2026,188000.000000,725,OPTSTK,NFO,5.000000,14501,False
42058,POLICYBZR27OCT262120CE,POLICYBZR,27OCT2026,212000.000000,350,OPTSTK,NFO,5.000000,14001,False
42879,MARUTI29SEP2610600PE,MARUTI,29SEP2026,1060000.000000,50,OPTSTK,NFO,5.000000,2001,False
43136,MPHASIS29SEP262300CE,MPHASIS,29SEP2026,230000.000000,275,OPTSTK,NFO,5.000000,11001,False
43139,MPHASIS29SEP262400PE,MPHASIS,29SEP2026,240000.000000,275,OPTSTK,NFO,5.000000,11001,False
43145,MPHASIS29SEP262700PE,MPHASIS,29SEP2026,270000.000000,275,OPTSTK,NFO,5.000000,11001,False
43146,MPHASIS29SEP262800CE,MPHASIS,29SEP2026,280000.000000,275,OPTSTK,NFO,5.000000,11001,False
43198,PAGEIND29SEP2629000CE,PAGEIND,29SEP2026,2900000.000000,20,OPTSTK,NFO,5.000000,601,False
43569,DRREDDY29SEP26940CE,DRREDDY,29SEP2026,94000.000000,625,OPTSTK,NFO,5.000000,18751,False
43675,KALYANKJIL29SEP26530CE,KALYANKJIL,29SEP2026,53000.000000,1350,OPTSTK,NFO,5.000000,40501,False
43681,KALYANKJIL29SEP26600CE,KALYANKJIL,29SEP2026,60000.000000,1350,OPTSTK,NFO,5.000000,40501,False
43683,KALYANKJIL29SEP26620CE,KALYANKJIL,29SEP2026,62000.000000,1350,OPTSTK,NFO,5.000000,40501,False
44011,APLAPOLLO29SEP262440CE,APLAPOLLO,29SEP2026,244000.000000,350,OPTSTK,NFO,5.000000,10501,False
44277,KALYANKJIL29SEP26570CE,KALYANKJIL,29SEP2026,57000.000000,1350,OPTSTK,NFO,5.000000,40501,False
44286,KALYANKJIL29SEP26590PE,KALYANKJIL,29SEP2026,59000.000000,1350,OPTSTK,NFO,5.000000,40501,False
44288,KALYANKJIL29SEP26640PE,KALYANKJIL,29SEP2026,64000.000000,1350,OPTSTK,NFO,5.000000,40501,False
44561,NIFTY13OCT2621700PE,NIFTY,13OCT2026,2170000.000000,65,OPTIDX,NFO,5.000000,1801,False
44581,NIFTY13OCT2622000PE,NIFTY,13OCT2026,2200000.000000,65,OPTIDX,NFO,5.000000,1801,False
44600,NIFTY13OCT2622350CE,NIFTY,13OCT2026,2235000.000000,65,OPTIDX,NFO,5.000000,1801,False
44604,NIFTY13OCT2622400PE,NIFTY,13OCT2026,2240000.000000,65,OPTIDX,NFO,5.000000,1801,False
44618,NIFTY13OCT2622650CE,NIFTY,13OCT2026,2265000.000000,65,OPTIDX,NFO,5.000000,1801,False
44634,KALYANKJIL29SEP26610CE,KALYANKJIL,29SEP2026,61000.000000,1350,OPTSTK,NFO,5.000000,40501,False
44658,NIFTY13OCT2623350CE,NIFTY,13OCT2026,2335000.000000,65,OPTIDX,NFO,5.000000,1801,False
44659,NIFTY13OCT2623350PE,NIFTY,13OCT2026,2335000.000000,65,OPTIDX,NFO,5.000000,1801,False
44671,NIFTY13OCT2623550PE,NIFTY,13OCT2026,2355000.000000,65,OPTIDX,NFO,5.000000,1801,False
44710,NIFTY13OCT2623950CE,NIFTY,13OCT2026,2395000.000000,65,OPTIDX,NFO,5.000000,1801,False
44749,NIFTY13OCT2624450PE,NIFTY,13OCT2026,2445000.000000,65,OPTIDX,NFO,5.000000,1801,False
44766,NIFTY13OCT2624800CE,NIFTY,13OCT2026,2480000.000000,65,OPTIDX,NFO,5.000000,1801,False
44768,NIFTY13OCT2624850CE,NIFTY,13OCT2026,2485000.000000,65,OPTIDX,NFO,5.000000,1801,False
44775,NIFTY13OCT2624900PE,NIFTY,13OCT2026,2490000.000000,65,OPTIDX,NFO,5.000000,1801,False
44782,NIFTY13OCT2625100CE,NIFTY,13OCT2026,2510000.000000,65,OPTIDX,NFO,5.000000,1801,False
44798,NIFTY13OCT2625400CE,NIFTY,13OCT2026,2540000.000000,65,OPTIDX,NFO,5.000000,1801,False
46045,ICICIGI29SEP261160PE,ICICIGI,29SEP2026,116000.000000,325,OPTSTK,NFO,5.000000,13001,False
46063,INDUSTOWER29SEP26395CE,INDUSTOWER,29SEP2026,39500.000000,1700,OPTSTK,NFO,5.000000,68001,False
46185,INDUSTOWER27OCT26310PE,INDUSTOWER,27OCT2026,31000.000000,1700,OPTSTK,NFO,5.000000,68001,False
46202,INDUSTOWER27OCT26360PE,INDUSTOWER,27OCT2026,36000.000000,1700,OPTSTK,NFO,5.000000,68001,False
46209,INDUSTOWER27OCT26390PE,INDUSTOWER,27OCT2026,39000.000000,1700,OPTSTK,NFO,5.000000,68001,False
46220,INDUSTOWER27OCT26420PE,INDUSTOWER,27OCT2026,42000.000000,1700,OPTSTK,NFO,5.000000,68001,False
46477,PAYTM29SEP262040PE,PAYTM,29SEP2026,204000.000000,725,OPTSTK,NFO,5.000000,14501,False
47146,NIFTY15SEP2621750PE,NIFTY,15SEP2026,2175000.000000,65,OPTIDX,NFO,5.000000,1801,False
46485,PAYTM27OCT262000PE,PAYTM,27OCT2026,200000.000000,725,OPTSTK,NFO,5.000000,14501,False
46695,SOLARINDS29SEP2623500PE,SOLARINDS,29SEP2026,2350000.000000,50,OPTSTK,NFO,5.000000,1501,False
46704,SONACOMS29SEP26900CE,SONACOMS,29SEP2026,90000.000000,1225,OPTSTK,NFO,5.000000,36751,False
47192,NIFTY29JUN2733000CE,NIFTY,29JUN2027,3300000.000000,65,OPTIDX,NFO,5.000000,1801,False
47222,NIFTY15SEP2622050CE,NIFTY,15SEP2026,2205000.000000,65,OPTIDX,NFO,5.000000,1801,False
47253,NIFTY15SEP2622400CE,NIFTY,15SEP2026,2240000.000000,65,OPTIDX,NFO,5.000000,1801,False
47257,NIFTY15SEP2622500CE,NIFTY,15SEP2026,2250000.000000,65,OPTIDX,NFO,5.000000,1801,False
47275,NIFTY15SEP2622950CE,NIFTY,15SEP2026,2295000.000000,65,OPTIDX,NFO,5.000000,1801,False
47277,NIFTY15SEP2623000CE,NIFTY,15SEP2026,2300000.000000,65,OPTIDX,NFO,5.000000,1801,False
47285,NIFTY15SEP2623200CE,NIFTY,15SEP2026,2320000.000000,65,OPTIDX,NFO,5.000000,1801,False
47293,NIFTY15SEP2623400CE,NIFTY,15SEP2026,2340000.000000,65,OPTIDX,NFO,5.000000,1801,False
47295,NIFTY15SEP2623450CE,NIFTY,15SEP2026,2345000.000000,65,OPTIDX,NFO,5.000000,1801,False
47302,NIFTY15SEP2623600PE,NIFTY,15SEP2026,2360000.000000,65,OPTIDX,NFO,5.000000,1801,False
47316,NIFTY15SEP2623900PE,NIFTY,15SEP2026,2390000.000000,65,OPTIDX,NFO,5.000000,1801,False
47328,NIFTY15SEP2624200PE,NIFTY,15SEP2026,2420000.000000,65,OPTIDX,NFO,5.000000,1801,False
47331,NIFTY15SEP2624300CE,NIFTY,15SEP2026,2430000.000000,65,OPTIDX,NFO,5.000000,1801,False
47338,NIFTY15SEP2624450PE,NIFTY,15SEP2026,2445000.000000,65,OPTIDX,NFO,5.000000,1801,False
47339,NIFTY15SEP2624500CE,NIFTY,15SEP2026,2450000.000000,65,OPTIDX,NFO,5.000000,1801,False
47340,NIFTY15SEP2624500PE,NIFTY,15SEP2026,2450000.000000,65,OPTIDX,NFO,5.000000,1801,False
47347,NIFTY15SEP2624650CE,NIFTY,15SEP2026,2465000.000000,65,OPTIDX,NFO,5.000000,1801,False
47355,NIFTY15SEP2624800PE,NIFTY,15SEP2026,2480000.000000,65,OPTIDX,NFO,5.000000,1801,False
47356,NIFTY15SEP2624850CE,NIFTY,15SEP2026,2485000.000000,65,OPTIDX,NFO,5.000000,1801,False
47367,NIFTY15SEP2625100CE,NIFTY,15SEP2026,2510000.000000,65,OPTIDX,NFO,5.000000,1801,False
47370,NIFTY15SEP2625150PE,NIFTY,15SEP2026,2515000.000000,65,OPTIDX,NFO,5.000000,1801,False
47385,NIFTY15SEP2625400CE,NIFTY,15SEP2026,2540000.000000,65,OPTIDX,NFO,5.000000,1801,False
47396,NIFTY15SEP2625600PE,NIFTY,15SEP2026,2560000.000000,65,OPTIDX,NFO,5.000000,1801,False
47405,NIFTY15SEP2625700CE,NIFTY,15SEP2026,2570000.000000,65,OPTIDX,NFO,5.000000,1801,False
47423,NIFTY15SEP2625950CE,NIFTY,15SEP2026,2595000.000000,65,OPTIDX,NFO,5.000000,1801,False
47437,NIFTY15SEP2626100CE,NIFTY,15SEP2026,2610000.000000,65,OPTIDX,NFO,5.000000,1801,False
48347,NIFTYFPI29SEP261445PE,NIFTYFPI,29SEP2026,144500.000000,1100,OPTIDX,NFO,5.000000,8501,False
48351,NIFTYFPI29SEP261455PE,NIFTYFPI,29SEP2026,145500.000000,1100,OPTIDX,NFO,5.000000,8501,False
48376,NIFTYFPI29SEP261490CE,NIFTYFPI,29SEP2026,149000.000000,1100,OPTIDX,NFO,5.000000,8501,False
48377,NIFTYFPI29SEP261490PE,NIFTYFPI,29SEP2026,149000.000000,1100,OPTIDX,NFO,5.000000,8501,False
48379,NIFTYFPI29SEP261495PE,NIFTYFPI,29SEP2026,149500.000000,1100,OPTIDX,NFO,5.000000,8501,False
48384,NIFTYFPI29SEP261505CE,NIFTYFPI,29SEP2026,150500.000000,1100,OPTIDX,NFO,5.000000,8501,False
48385,NIFTYFPI29SEP261505PE,NIFTYFPI,29SEP2026,150500.000000,1100,OPTIDX,NFO,5.000000,8501,False
48418,NIFTYFPI29SEP261545CE,NIFTYFPI,29SEP2026,154500.000000,1100,OPTIDX,NFO,5.000000,8501,False
48431,NIFTYFPI29SEP261570PE,NIFTYFPI,29SEP2026,157000.000000,1100,OPTIDX,NFO,5.000000,8501,False
48434,NIFTYFPI29SEP261580CE,NIFTYFPI,29SEP2026,158000.000000,1100,OPTIDX,NFO,5.000000,8501,False
48457,NIFTYFPI29SEP261605PE,NIFTYFPI,29SEP2026,160500.000000,1100,OPTIDX,NFO,5.000000,8501,False
48464,NIFTYFPI29SEP261615CE,NIFTYFPI,29SEP2026,161500.000000,1100,OPTIDX,NFO,5.000000,8501,False
48487,NIFTYFPI29SEP261645PE,NIFTYFPI,29SEP2026,164500.000000,1100,OPTIDX,NFO,5.000000,8501,False
48565,NIFTYFPI29SEP261780PE,NIFTYFPI,29SEP2026,178000.000000,1100,OPTIDX,NFO,5.000000,8501,False
48731,ASHOKLEY27OCT26FUT,ASHOKLEY,27OCT2026,-1.000000,5000,FUTSTK,NFO,1.000000,150001,False
48734,AUBANK27OCT26FUT,AUBANK,27OCT2026,-1.000000,1000,FUTSTK,NFO,10.000000,20001,False
48773,BOSCHLTD27OCT26FUT,BOSCHLTD,27OCT2026,-1.000000,25,FUTSTK,NFO,500.000000,501,False
48775,BRITANNIA27OCT26FUT,BRITANNIA,27OCT2026,-1.000000,125,FUTSTK,NFO,50.000000,5001,False
48826,NIFTYFPI27OCT261300CE,NIFTYFPI,27OCT2026,130000.000000,1100,OPTIDX,NFO,5.000000,8501,False
48831,DIVISLAB27OCT26FUT,DIVISLAB,27OCT2026,-1.000000,100,FUTSTK,NFO,50.000000,3001,False
48838,ETERNAL27OCT26FUT,ETERNAL,27OCT2026,-1.000000,2425,FUTSTK,NFO,5.000000,72751,False
48860,HCLTECH27OCT26FUT,HCLTECH,27OCT2026,-1.000000,400,FUTSTK,NFO,10.000000,20001,False
48900,JSWSTEEL27OCT26FUT,JSWSTEEL,27OCT2026,-1.000000,675,FUTSTK,NFO,10.000000,20251,False
48924,M&M27OCT26FUT,M&M,27OCT2026,-1.000000,200,FUTSTK,NFO,10.000000,8001,False
48942,MUTHOOTFIN27OCT26FUT,MUTHOOTFIN,27OCT2026,-1.000000,275,FUTSTK,NFO,10.000000,8251,False
48945,NAUKRI27OCT26FUT,NAUKRI,27OCT2026,-1.000000,550,FUTSTK,NFO,10.000000,16501,False
48959,OFSS27OCT26FUT,OFSS,27OCT2026,-1.000000,100,FUTSTK,NFO,100.000000,2001,False
48962,PAGEIND27OCT26FUT,PAGEIND,27OCT2026,-1.000000,20,FUTSTK,NFO,500.000000,601,False
48963,PATANJALI27OCT26FUT,PATANJALI,27OCT2026,-1.000000,1075,FUTSTK,NFO,5.000000,64501,False
48965,PERSISTENT27OCT26FUT,PERSISTENT,27OCT2026,-1.000000,125,FUTSTK,NFO,50.000000,3751,False
48974,PNB27OCT26FUT,PNB,27OCT2026,-1.000000,8000,FUTSTK,NFO,1.000000,240001,False
49003,SUNPHARMA27OCT26FUT,SUNPHARMA,27OCT2026,-1.000000,350,FUTSTK,NFO,10.000000,14001,False
49005,SUZLON27OCT26FUT,SUZLON,27OCT2026,-1.000000,12700,FUTSTK,NFO,1.000000,381001,False
49025,UNITDSPR27OCT26FUT,UNITDSPR,27OCT2026,-1.000000,400,FUTSTK,NFO,10.000000,16001,False
49121,NIFTYFPI27OCT261450PE,NIFTYFPI,27OCT2026,145000.000000,1100,OPTIDX,NFO,5.000000,8501,False
49127,NIFTYFPI27OCT261455PE,NIFTYFPI,27OCT2026,145500.000000,1100,OPTIDX,NFO,5.000000,8501,False
49135,NIFTYFPI27OCT261460PE,NIFTYFPI,27OCT2026,146000.000000,1100,OPTIDX,NFO,5.000000,8501,False
49236,NIFTYFPI27OCT261500CE,NIFTYFPI,27OCT2026,150000.000000,1100,OPTIDX,NFO,5.000000,8501,False
49311,BANKNIFTY27OCT2650000PE,BANKNIFTY,27OCT2026,5000000.000000,30,OPTIDX,NFO,5.000000,601,False
49320,BANKNIFTY27OCT2650500CE,BANKNIFTY,27OCT2026,5050000.000000,30,OPTIDX,NFO,5.000000,601,False
49375,BANKNIFTY27OCT2652400CE,BANKNIFTY,27OCT2026,5240000.000000,30,OPTIDX,NFO,5.000000,601,False
49376,BANKNIFTY27OCT2652400PE,BANKNIFTY,27OCT2026,5240000.000000,30,OPTIDX,NFO,5.000000,601,False
49377,BANKNIFTY27OCT2652500CE,BANKNIFTY,27OCT2026,5250000.000000,30,OPTIDX,NFO,5.000000,601,False
49388,BANKNIFTY27OCT2653000PE,BANKNIFTY,27OCT2026,5300000.000000,30,OPTIDX,NFO,5.000000,601,False
49393,NIFTYFPI27OCT261535PE,NIFTYFPI,27OCT2026,153500.000000,1100,OPTIDX,NFO,5.000000,8501,False
49405,BANKNIFTY27OCT2653600CE,BANKNIFTY,27OCT2026,5360000.000000,30,OPTIDX,NFO,5.000000,601,False
49408,NIFTYFPI27OCT261555CE,NIFTYFPI,27OCT2026,155500.000000,1100,OPTIDX,NFO,5.000000,8501,False
49420,BANKNIFTY27OCT2654200PE,BANKNIFTY,27OCT2026,5420000.000000,30,OPTIDX,NFO,5.000000,601,False
49439,NIFTYFPI27OCT261565CE,NIFTYFPI,27OCT2026,156500.000000,1100,OPTIDX,NFO,5.000000,8501,False
49445,BANKNIFTY27OCT2655100PE,BANKNIFTY,27OCT2026,5510000.000000,30,OPTIDX,NFO,5.000000,601,False
49459,BANKNIFTY27OCT2655600CE,BANKNIFTY,27OCT2026,5560000.000000,30,OPTIDX,NFO,5.000000,601,False
49460,BANKNIFTY27OCT2655600PE,BANKNIFTY,27OCT2026,5560000.000000,30,OPTIDX,NFO,5.000000,601,False
49467,BANKNIFTY27OCT2656000CE,BANKNIFTY,27OCT2026,5600000.000000,30,OPTIDX,NFO,5.000000,601,False
49475,NIFTYFPI27OCT261580CE,NIFTYFPI,27OCT2026,158000.000000,1100,OPTIDX,NFO,5.000000,8501,False
49487,BANKNIFTY27OCT2656700CE,BANKNIFTY,27OCT2026,5670000.000000,30,OPTIDX,NFO,5.000000,601,False
49499,BANKNIFTY27OCT2657200CE,BANKNIFTY,27OCT2026,5720000.000000,30,OPTIDX,NFO,5.000000,601,False
49510,BANKNIFTY27OCT2657600PE,BANKNIFTY,27OCT2026,5760000.000000,30,OPTIDX,NFO,5.000000,601,False
49539,BANKNIFTY27OCT2658700CE,BANKNIFTY,27OCT2026,5870000.000000,30,OPTIDX,NFO,5.000000,601,False
49566,BANKNIFTY27OCT2659700PE,BANKNIFTY,27OCT2026,5970000.000000,30,OPTIDX,NFO,5.000000,601,False
49576,BANKNIFTY27OCT2660100PE,BANKNIFTY,27OCT2026,6010000.000000,30,OPTIDX,NFO,5.000000,601,False
49607,BANKNIFTY27OCT2661500CE,BANKNIFTY,27OCT2026,6150000.000000,30,OPTIDX,NFO,5.000000,601,False
49617,BANKNIFTY27OCT2661900CE,BANKNIFTY,27OCT2026,6190000.000000,30,OPTIDX,NFO,5.000000,601,False
49619,BANKNIFTY27OCT2662000CE,BANKNIFTY,27OCT2026,6200000.000000,30,OPTIDX,NFO,5.000000,601,False
49631,BANKNIFTY27OCT2662500PE,BANKNIFTY,27OCT2026,6250000.000000,30,OPTIDX,NFO,5.000000,601,False
49638,BANKNIFTY27OCT2662700CE,BANKNIFTY,27OCT2026,6270000.000000,30,OPTIDX,NFO,5.000000,601,False
49648,BANKNIFTY27OCT2663000PE,BANKNIFTY,27OCT2026,6300000.000000,30,OPTIDX,NFO,5.000000,601,False
49653,BANKNIFTY27OCT2663300CE,BANKNIFTY,27OCT2026,6330000.000000,30,OPTIDX,NFO,5.000000,601,False
49655,BANKNIFTY27OCT2663400CE,BANKNIFTY,27OCT2026,6340000.000000,30,OPTIDX,NFO,5.000000,601,False
49665,BANKNIFTY27OCT2663800CE,BANKNIFTY,27OCT2026,6380000.000000,30,OPTIDX,NFO,5.000000,601,False
49669,NIFTYFPI27OCT261650CE,NIFTYFPI,27OCT2026,165000.000000,1100,OPTIDX,NFO,5.000000,8501,False
49716,NIFTYFPI27OCT261665PE,NIFTYFPI,27OCT2026,166500.000000,1100,OPTIDX,NFO,5.000000,8501,False
49810,NIFTYFPI27OCT261690PE,NIFTYFPI,27OCT2026,169000.000000,1100,OPTIDX,NFO,5.000000,8501,False
49840,NIFTYFPI27OCT261700PE,NIFTYFPI,27OCT2026,170000.000000,1100,OPTIDX,NFO,5.000000,8501,False
50011,NIFTYFPI27OCT261780PE,NIFTYFPI,27OCT2026,178000.000000,1100,OPTIDX,NFO,5.000000,8501,False
50252,FINNIFTY27OCT2623300CE,FINNIFTY,27OCT2026,2330000.000000,60,OPTIDX,NFO,5.000000,1801,False
50263,FINNIFTY27OCT2623700PE,FINNIFTY,27OCT2026,2370000.000000,60,OPTIDX,NFO,5.000000,1801,False
50286,FINNIFTY27OCT2624200PE,FINNIFTY,27OCT2026,2420000.000000,60,OPTIDX,NFO,5.000000,1801,False
50299,FINNIFTY27OCT2624600PE,FINNIFTY,27OCT2026,2460000.000000,60,OPTIDX,NFO,5.000000,1801,False
50304,FINNIFTY27OCT2624800PE,FINNIFTY,27OCT2026,2480000.000000,60,OPTIDX,NFO,5.000000,1801,False
50334,FINNIFTY27OCT2625600PE,FINNIFTY,27OCT2026,2560000.000000,60,OPTIDX,NFO,5.000000,1801,False
50344,FINNIFTY27OCT2626000PE,FINNIFTY,27OCT2026,2600000.000000,60,OPTIDX,NFO,5.000000,1801,False
50396,FINNIFTY27OCT2628000PE,FINNIFTY,27OCT2026,2800000.000000,60,OPTIDX,NFO,5.000000,1801,False
50417,FINNIFTY27OCT2628900CE,FINNIFTY,27OCT2026,2890000.000000,60,OPTIDX,NFO,5.000000,1801,False
50420,FINNIFTY27OCT2629000PE,FINNIFTY,27OCT2026,2900000.000000,60,OPTIDX,NFO,5.000000,1801,False
50632,MIDCPNIFTY27OCT2612900CE,MIDCPNIFTY,27OCT2026,1290000.000000,120,OPTIDX,NFO,5.000000,2801,False
50641,MIDCPNIFTY27OCT2612975CE,MIDCPNIFTY,27OCT2026,1297500.000000,120,OPTIDX,NFO,5.000000,2801,False
50650,MIDCPNIFTY27OCT2613075PE,MIDCPNIFTY,27OCT2026,1307500.000000,120,OPTIDX,NFO,5.000000,2801,False
50681,MIDCPNIFTY27OCT2613425CE,MIDCPNIFTY,27OCT2026,1342500.000000,120,OPTIDX,NFO,5.000000,2801,False
50708,MIDCPNIFTY27OCT2613650PE,MIDCPNIFTY,27OCT2026,1365000.000000,120,OPTIDX,NFO,5.000000,2801,False
50709,MIDCPNIFTY27OCT2613675CE,MIDCPNIFTY,27OCT2026,1367500.000000,120,OPTIDX,NFO,5.000000,2801,False
50722,MIDCPNIFTY27OCT2613800PE,MIDCPNIFTY,27OCT2026,1380000.000000,120,OPTIDX,NFO,5.000000,2801,False
50725,MIDCPNIFTY27OCT2613850CE,MIDCPNIFTY,27OCT2026,1385000.000000,120,OPTIDX,NFO,5.000000,2801,False
50735,MIDCPNIFTY27OCT2613950CE,MIDCPNIFTY,27OCT2026,1395000.000000,120,OPTIDX,NFO,5.000000,2801,False
50738,MIDCPNIFTY27OCT2613975PE,MIDCPNIFTY,27OCT2026,1397500.000000,120,OPTIDX,NFO,5.000000,2801,False
50792,MIDCPNIFTY27OCT2614350PE,MIDCPNIFTY,27OCT2026,1435000.000000,120,OPTIDX,NFO,5.000000,2801,False
50811,MIDCPNIFTY27OCT2614475CE,MIDCPNIFTY,27OCT2026,1447500.000000,120,OPTIDX,NFO,5.000000,2801,False
50814,MIDCPNIFTY27OCT2614500PE,MIDCPNIFTY,27OCT2026,1450000.000000,120,OPTIDX,NFO,5.000000,2801,False
50825,MIDCPNIFTY27OCT2614575CE,MIDCPNIFTY,27OCT2026,1457500.000000,120,OPTIDX,NFO,5.000000,2801,False
50827,MIDCPNIFTY27OCT2614600CE,MIDCPNIFTY,27OCT2026,1460000.000000,120,OPTIDX,NFO,5.000000,2801,False
50830,MIDCPNIFTY27OCT2614625PE,MIDCPNIFTY,27OCT2026,1462500.000000,120,OPTIDX,NFO,5.000000,2801,False
50831,MIDCPNIFTY27OCT2614650CE,MIDCPNIFTY,27OCT2026,1465000.000000,120,OPTIDX,NFO,5.000000,2801,False
50835,MIDCPNIFTY27OCT2614650PE,MIDCPNIFTY,27OCT2026,1465000.000000,120,OPTIDX,NFO,5.000000,2801,False
112592,LODHA27OCT261260PE,LODHA,27OCT2026,126000.000000,625,OPTSTK,NFO,5.000000,18751,False
112596,LODHA27OCT261340PE,LODHA,27OCT2026,134000.000000,625,OPTSTK,NFO,5.000000,18751,False
112660,LODHA23NOV261000CE,LODHA,23NOV2026,100000.000000,625,OPTSTK,NFO,5.000000,18751,False
112695,LODHA23NOV261080CE,LODHA,23NOV2026,108000.000000,625,OPTSTK,NFO,5.000000,18751,False
112697,LODHA23NOV261120CE,LODHA,23NOV2026,112000.000000,625,OPTSTK,NFO,5.000000,18751,False
112705,LODHA23NOV261160PE,LODHA,23NOV2026,116000.000000,625,OPTSTK,NFO,5.000000,18751,False
112710,IDEA29SEP2612PE,IDEA,29SEP2026,1200.000000,71475,OPTSTK,NFO,1.000000,1429501,False
112726,TATASTEEL29SEP26182.5PE,TATASTEEL,29SEP2026,18250.000000,2750,OPTSTK,NFO,1.000000,137501,False
112727,TATASTEEL29SEP26187.5CE,TATASTEEL,29SEP2026,18750.000000,2750,OPTSTK,NFO,1.000000,137501,False
112730,TATASTEEL29SEP26192.5PE,TATASTEEL,29SEP2026,19250.000000,2750,OPTSTK,NFO,1.000000,137501,False
112733,TATASTEEL29SEP26202.5CE,TATASTEEL,29SEP2026,20250.000000,2750,OPTSTK,NFO,1.000000,137501,False
112840,LODHA23NOV261440PE,LODHA,23NOV2026,144000.000000,625,OPTSTK,NFO,5.000000,18751,False
112879,TATASTEEL27OCT26155CE,TATASTEEL,27OCT2026,15500.000000,2750,OPTSTK,NFO,1.000000,137501,False
112886,TATASTEEL27OCT26170PE,TATASTEEL,27OCT2026,17000.000000,2750,OPTSTK,NFO,1.000000,137501,False
112950,LT27OCT263950PE,LT,27OCT2026,395000.000000,175,OPTSTK,NFO,5.000000,7001,False
113046,IDFCFIRSTB29SEP2676CE,IDFCFIRSTB,29SEP2026,7600.000000,9275,OPTSTK,NFO,1.000000,278251,False
113049,IDFCFIRSTB29SEP2678PE,IDFCFIRSTB,29SEP2026,7800.000000,9275,OPTSTK,NFO,1.000000,278251,False
113053,IDFCFIRSTB29SEP2682PE,IDFCFIRSTB,29SEP2026,8200.000000,9275,OPTSTK,NFO,1.000000,278251,False
113080,TCS29SEP262020CE,TCS,29SEP2026,202000.000000,225,OPTSTK,NFO,5.000000,9001,False
113087,TCS29SEP262140PE,TCS,29SEP2026,214000.000000,225,OPTSTK,NFO,5.000000,9001,False
113094,IDFCFIRSTB29SEP2694PE,IDFCFIRSTB,29SEP2026,9400.000000,9275,OPTSTK,NFO,1.000000,278251,False
113096,TCS29SEP262220CE,TCS,29SEP2026,222000.000000,225,OPTSTK,NFO,5.000000,9001,False
113098,TCS29SEP262260CE,TCS,29SEP2026,226000.000000,225,OPTSTK,NFO,5.000000,9001,False
113118,TCS29SEP262460CE,TCS,29SEP2026,246000.000000,225,OPTSTK,NFO,5.000000,9001,False
113212,TCS27OCT261880PE,TCS,27OCT2026,188000.000000,225,OPTSTK,NFO,5.000000,9001,False
113215,TCS27OCT261960CE,TCS,27OCT2026,196000.000000,225,OPTSTK,NFO,5.000000,9001,False
113224,TCS27OCT262120PE,TCS,27OCT2026,212000.000000,225,OPTSTK,NFO,5.000000,9001,False
113225,TCS27OCT262160CE,TCS,27OCT2026,216000.000000,225,OPTSTK,NFO,5.000000,9001,False
113234,TCS27OCT262280PE,TCS,27OCT2026,228000.000000,225,OPTSTK,NFO,5.000000,9001,False
113248,TCS27OCT262560PE,TCS,27OCT2026,256000.000000,225,OPTSTK,NFO,5.000000,9001,False
113358,LTF27OCT26295PE,LTF,27OCT2026,29500.000000,2250,OPTSTK,NFO,5.000000,67501,False
113402,LTF27OCT26315CE,LTF,27OCT2026,31500.000000,2250,OPTSTK,NFO,5.000000,67501,False
113420,TECHM29SEP261420PE,TECHM,29SEP2026,142000.000000,600,OPTSTK,NFO,5.000000,18001,False
113424,TECHM29SEP261500PE,TECHM,29SEP2026,150000.000000,600,OPTSTK,NFO,5.000000,18001,False
113483,TECHM29SEP261620CE,TECHM,29SEP2026,162000.000000,600,OPTSTK,NFO,5.000000,18001,False
113488,TECHM29SEP261700PE,TECHM,29SEP2026,170000.000000,600,OPTSTK,NFO,5.000000,18001,False
113519,LTF23NOV26320PE,LTF,23NOV2026,32000.000000,2250,OPTSTK,NFO,5.000000,67501,False
113526,LTF23NOV26360CE,LTF,23NOV2026,36000.000000,2250,OPTSTK,NFO,5.000000,67501,False
113628,LTM27OCT264150CE,LTM,27OCT2026,415000.000000,150,OPTSTK,NFO,5.000000,6001,False
113630,LTM27OCT264250CE,LTM,27OCT2026,425000.000000,150,OPTSTK,NFO,5.000000,6001,False
113636,LTM27OCT264550CE,LTM,27OCT2026,455000.000000,150,OPTSTK,NFO,5.000000,6001,False
113644,LTM27OCT264550PE,LTM,27OCT2026,455000.000000,150,OPTSTK,NFO,5.000000,6001,False
113647,LTM27OCT264750CE,LTM,27OCT2026,475000.000000,150,OPTSTK,NFO,5.000000,6001,False
113709,IEX29SEP2695CE,IEX,29SEP2026,9500.000000,4350,OPTSTK,NFO,1.000000,174001,False
113736,LTM23NOV263600PE,LTM,23NOV2026,360000.000000,150,OPTSTK,NFO,5.000000,6001,False
113742,LTM23NOV263900PE,LTM,23NOV2026,390000.000000,150,OPTSTK,NFO,5.000000,6001,False
113752,LTM23NOV264300CE,LTM,23NOV2026,430000.000000,150,OPTSTK,NFO,5.000000,6001,False
113754,LTM23NOV264400CE,LTM,23NOV2026,440000.000000,150,OPTSTK,NFO,5.000000,6001,False
113758,IEX29SEP26120PE,IEX,29SEP2026,12000.000000,4350,OPTSTK,NFO,1.000000,174001,False
113813,TECHM27OCT261560CE,TECHM,27OCT2026,156000.000000,600,OPTSTK,NFO,5.000000,18001,False
113829,LTM23NOV264500PE,LTM,23NOV2026,450000.000000,150,OPTSTK,NFO,5.000000,6001,False
113841,LTM23NOV264800PE,LTM,23NOV2026,480000.000000,150,OPTSTK,NFO,5.000000,6001,False
113846,LTM23NOV265100CE,LTM,23NOV2026,510000.000000,150,OPTSTK,NFO,5.000000,6001,False
113872,IEX29SEP26135PE,IEX,29SEP2026,13500.000000,4350,OPTSTK,NFO,1.000000,174001,False
114004,INDHOTEL29SEP26660CE,INDHOTEL,29SEP2026,66000.000000,1000,OPTSTK,NFO,5.000000,30001,False
114013,INDHOTEL29SEP26700PE,INDHOTEL,29SEP2026,70000.000000,1000,OPTSTK,NFO,5.000000,30001,False
114026,TIINDIA29SEP262550CE,TIINDIA,29SEP2026,255000.000000,200,OPTSTK,NFO,5.000000,8001,False
114039,TIINDIA29SEP263050PE,TIINDIA,29SEP2026,305000.000000,200,OPTSTK,NFO,5.000000,8001,False
114040,TIINDIA29SEP263150CE,TIINDIA,29SEP2026,315000.000000,200,OPTSTK,NFO,5.000000,8001,False
114054,INDHOTEL29SEP26800PE,INDHOTEL,29SEP2026,80000.000000,1000,OPTSTK,NFO,5.000000,30001,False
114059,INDHOTEL29SEP26820CE,INDHOTEL,29SEP2026,82000.000000,1000,OPTSTK,NFO,5.000000,30001,False
114062,INDHOTEL29SEP26820PE,INDHOTEL,29SEP2026,82000.000000,1000,OPTSTK,NFO,5.000000,30001,False
114063,INDHOTEL29SEP26840CE,INDHOTEL,29SEP2026,84000.000000,1000,OPTSTK,NFO,5.000000,30001,False
114099,LUPIN27OCT262220CE,LUPIN,27OCT2026,222000.000000,425,OPTSTK,NFO,5.000000,12751,False
114200,LUPIN23NOV262160PE,LUPIN,23NOV2026,216000.000000,425,OPTSTK,NFO,5.000000,12751,False
114201,LUPIN23NOV262200CE,LUPIN,23NOV2026,220000.000000,425,OPTSTK,NFO,5.000000,12751,False
114301,TIINDIA27OCT262300PE,TIINDIA,27OCT2026,230000.000000,200,OPTSTK,NFO,5.000000,8001,False
114302,TIINDIA27OCT262400CE,TIINDIA,27OCT2026,240000.000000,200,OPTSTK,NFO,5.000000,8001,False
114306,TIINDIA27OCT262600CE,TIINDIA,27OCT2026,260000.000000,200,OPTSTK,NFO,5.000000,8001,False
114334,TIINDIA27OCT263300PE,TIINDIA,27OCT2026,330000.000000,200,OPTSTK,NFO,5.000000,8001,False
114337,TIINDIA27OCT263400PE,TIINDIA,27OCT2026,340000.000000,200,OPTSTK,NFO,5.000000,8001,False
114421,INDIANB29SEP26880CE,INDIANB,29SEP2026,88000.000000,1000,OPTSTK,NFO,5.000000,30001,False
114427,INDIANB29SEP26900PE,INDIANB,29SEP2026,90000.000000,1000,OPTSTK,NFO,5.000000,30001,False
114440,INDIANB29SEP26980PE,INDIANB,29SEP2026,98000.000000,1000,OPTSTK,NFO,5.000000,30001,False
114477,M&M27OCT263050CE,M&M,27OCT2026,305000.000000,200,OPTSTK,NFO,5.000000,8001,False
114551,INDIGO29SEP265800CE,INDIGO,29SEP2026,580000.000000,150,OPTSTK,NFO,5.000000,4501,False
114560,TITAN29SEP265450PE,TITAN,29SEP2026,545000.000000,175,OPTSTK,NFO,5.000000,5251,False
114561,TITAN29SEP265550CE,TITAN,29SEP2026,555000.000000,175,OPTSTK,NFO,5.000000,5251,False
114628,TITAN27OCT264900CE,TITAN,27OCT2026,490000.000000,175,OPTSTK,NFO,5.000000,5251,False
114698,TMPV29SEP26275CE,TMPV,29SEP2026,27500.000000,1600,OPTSTK,NFO,5.000000,64001,False
114745,TMPV29SEP26305PE,TMPV,29SEP2026,30500.000000,1600,OPTSTK,NFO,5.000000,64001,False
114760,TMPV29SEP26385CE,TMPV,29SEP2026,38500.000000,1600,OPTSTK,NFO,5.000000,64001,False
114793,M&M23NOV263200CE,M&M,23NOV2026,320000.000000,200,OPTSTK,NFO,5.000000,8001,False
114810,M&M23NOV263400CE,M&M,23NOV2026,340000.000000,200,OPTSTK,NFO,5.000000,8001,False
114812,M&M23NOV263500CE,M&M,23NOV2026,350000.000000,200,OPTSTK,NFO,5.000000,8001,False
114899,TMPV27OCT26240PE,TMPV,27OCT2026,24000.000000,1600,OPTSTK,NFO,5.000000,64001,False
114939,INDUSINDBK29SEP26880CE,INDUSINDBK,29SEP2026,88000.000000,700,OPTSTK,NFO,5.000000,28001,False
114959,TMPV27OCT26310PE,TMPV,27OCT2026,31000.000000,1600,OPTSTK,NFO,5.000000,64001,False
114960,TMPV27OCT26320CE,TMPV,27OCT2026,32000.000000,1600,OPTSTK,NFO,5.000000,64001,False
114961,TMPV27OCT26320PE,TMPV,27OCT2026,32000.000000,1600,OPTSTK,NFO,5.000000,64001,False
114978,TMPV27OCT26400PE,TMPV,27OCT2026,40000.000000,1600,OPTSTK,NFO,5.000000,64001,False
115040,MAHABANK29SEP2674CE,MAHABANK,29SEP2026,7400.000000,6500,OPTSTK,NFO,1.000000,260001,False
115043,MAHABANK29SEP2674PE,MAHABANK,29SEP2026,7400.000000,6500,OPTSTK,NFO,1.000000,260001,False
115051,INDUSINDBK29SEP26900PE,INDUSINDBK,29SEP2026,90000.000000,700,OPTSTK,NFO,5.000000,28001,False
115063,TORNTPHARM29SEP265150CE,TORNTPHARM,29SEP2026,515000.000000,125,OPTSTK,NFO,5.000000,5001,False
115071,TORNTPHARM29SEP265550CE,TORNTPHARM,29SEP2026,555000.000000,125,OPTSTK,NFO,5.000000,5001,False
115101,INDUSINDBK29SEP261040CE,INDUSINDBK,29SEP2026,104000.000000,700,OPTSTK,NFO,5.000000,28001,False
115117,INDUSINDBK29SEP261080CE,INDUSINDBK,29SEP2026,108000.000000,700,OPTSTK,NFO,5.000000,28001,False
115122,INDUSINDBK29SEP261120PE,INDUSINDBK,29SEP2026,112000.000000,700,OPTSTK,NFO,5.000000,28001,False
115123,INDUSINDBK29SEP261140CE,INDUSINDBK,29SEP2026,114000.000000,700,OPTSTK,NFO,5.000000,28001,False
115125,INDUSINDBK29SEP261160CE,INDUSINDBK,29SEP2026,116000.000000,700,OPTSTK,NFO,5.000000,28001,False
115145,TORNTPHARM27OCT264200CE,TORNTPHARM,27OCT2026,420000.000000,125,OPTSTK,NFO,5.000000,5001,False
115159,TORNTPHARM27OCT264600PE,TORNTPHARM,27OCT2026,460000.000000,125,OPTSTK,NFO,5.000000,5001,False
115167,MAHABANK29SEP2681PE,MAHABANK,29SEP2026,8100.000000,6500,OPTSTK,NFO,1.000000,260001,False
115171,TORNTPHARM27OCT264900CE,TORNTPHARM,27OCT2026,490000.000000,125,OPTSTK,NFO,5.000000,5001,False
115178,MAHABANK29SEP2684PE,MAHABANK,29SEP2026,8400.000000,6500,OPTSTK,NFO,1.000000,260001,False
115209,MAHABANK29SEP2686PE,MAHABANK,29SEP2026,8600.000000,6500,OPTSTK,NFO,1.000000,260001,False
115223,TORNTPHARM27OCT265200PE,TORNTPHARM,27OCT2026,520000.000000,125,OPTSTK,NFO,5.000000,5001,False
115226,TORNTPHARM27OCT265400CE,TORNTPHARM,27OCT2026,540000.000000,125,OPTSTK,NFO,5.000000,5001,False
115231,MAHABANK29SEP2692PE,MAHABANK,29SEP2026,9200.000000,6500,OPTSTK,NFO,1.000000,260001,False
115232,MAHABANK29SEP2693CE,MAHABANK,29SEP2026,9300.000000,6500,OPTSTK,NFO,1.000000,260001,False
115258,INDUSTOWER29SEP26336PE,INDUSTOWER,29SEP2026,33600.000000,1700,OPTSTK,NFO,5.000000,68001,False
115377,INDUSTOWER29SEP26416PE,INDUSTOWER,29SEP2026,41600.000000,1700,OPTSTK,NFO,5.000000,68001,False
115404,TRENT27OCT262400PE,TRENT,27OCT2026,240000.000000,225,OPTSTK,NFO,5.000000,9001,False
115407,TRENT27OCT262600CE,TRENT,27OCT2026,260000.000000,225,OPTSTK,NFO,5.000000,9001,False
115419,TRENT27OCT263200CE,TRENT,27OCT2026,320000.000000,225,OPTSTK,NFO,5.000000,9001,False
115462,TVSMOTOR29SEP263850PE,TVSMOTOR,29SEP2026,385000.000000,175,OPTSTK,NFO,5.000000,5251,False
115475,TVSMOTOR29SEP264250CE,TVSMOTOR,29SEP2026,425000.000000,175,OPTSTK,NFO,5.000000,5251,False
115493,TVSMOTOR29SEP264900PE,TVSMOTOR,29SEP2026,490000.000000,175,OPTSTK,NFO,5.000000,5251,False
115562,MAHABANK27OCT2675CE,MAHABANK,27OCT2026,7500.000000,6500,OPTSTK,NFO,1.000000,260001,False
115574,MAHABANK27OCT2676CE,MAHABANK,27OCT2026,7600.000000,6500,OPTSTK,NFO,1.000000,260001,False
115586,MAHABANK27OCT2679CE,MAHABANK,27OCT2026,7900.000000,6500,OPTSTK,NFO,1.000000,260001,False
115617,MAHABANK27OCT2691CE,MAHABANK,27OCT2026,9100.000000,6500,OPTSTK,NFO,1.000000,260001,False
115624,MAHABANK27OCT2691PE,MAHABANK,27OCT2026,9100.000000,6500,OPTSTK,NFO,1.000000,260001,False
115661,MAHABANK27OCT2696CE,MAHABANK,27OCT2026,9600.000000,6500,OPTSTK,NFO,1.000000,260001,False
115665,MAHABANK27OCT2698CE,MAHABANK,27OCT2026,9800.000000,6500,OPTSTK,NFO,1.000000,260001,False
115718,ULTRACEMCO29SEP2611060PE,ULTRACEMCO,29SEP2026,1106000.000000,50,OPTSTK,NFO,5.000000,2001,False
115729,ULTRACEMCO29SEP2611460PE,ULTRACEMCO,29SEP2026,1146000.000000,50,OPTSTK,NFO,5.000000,2001,False
115730,ULTRACEMCO29SEP2611660CE,ULTRACEMCO,29SEP2026,1166000.000000,50,OPTSTK,NFO,5.000000,2001,False
115744,MAHABANK23NOV2674PE,MAHABANK,23NOV2026,7400.000000,6500,OPTSTK,NFO,1.000000,260001,False
115750,MAHABANK23NOV2680PE,MAHABANK,23NOV2026,8000.000000,6500,OPTSTK,NFO,1.000000,260001,False
115773,MAHABANK23NOV2694PE,MAHABANK,23NOV2026,9400.000000,6500,OPTSTK,NFO,1.000000,260001,False
115786,INFY29SEP261120PE,INFY,29SEP2026,112000.000000,400,OPTSTK,NFO,5.000000,20001,False
115802,INFY29SEP261160PE,INFY,29SEP2026,116000.000000,400,OPTSTK,NFO,5.000000,20001,False
115858,MANAPPURAM27OCT26395PE,MANAPPURAM,27OCT2026,39500.000000,3000,OPTSTK,NFO,5.000000,60001,False
115916,MANAPPURAM23NOV26310PE,MANAPPURAM,23NOV2026,31000.000000,3000,OPTSTK,NFO,5.000000,60001,False
116056,MANKIND27OCT262100CE,MANKIND,27OCT2026,210000.000000,250,OPTSTK,NFO,5.000000,10001,False
116060,MANKIND27OCT262180CE,MANKIND,27OCT2026,218000.000000,250,OPTSTK,NFO,5.000000,10001,False
116070,MANKIND27OCT262380CE,MANKIND,27OCT2026,238000.000000,250,OPTSTK,NFO,5.000000,10001,False
116086,MANKIND27OCT262620CE,MANKIND,27OCT2026,262000.000000,250,OPTSTK,NFO,5.000000,10001,False
116251,UNIONBANK29SEP26162.5CE,UNIONBANK,29SEP2026,16250.000000,4425,OPTSTK,NFO,1.000000,132751,False
116260,UNIONBANK29SEP26182.5PE,UNIONBANK,29SEP2026,18250.000000,4425,OPTSTK,NFO,1.000000,132751,False
116292,INOXWIND29SEP2665PE,INOXWIND,29SEP2026,6500.000000,6400,OPTSTK,NFO,1.000000,256001,False
116299,INOXWIND29SEP2680CE,INOXWIND,29SEP2026,8000.000000,6400,OPTSTK,NFO,1.000000,256001,False
116314,INOXWIND29SEP2695CE,INOXWIND,29SEP2026,9500.000000,6400,OPTSTK,NFO,1.000000,256001,False
116337,UNIONBANK27OCT26190PE,UNIONBANK,27OCT2026,19000.000000,4425,OPTSTK,NFO,1.000000,132751,False
116350,MANKIND23NOV262160PE,MANKIND,23NOV2026,216000.000000,250,OPTSTK,NFO,5.000000,10001,False
116363,UNIONBANK27OCT26210PE,UNIONBANK,27OCT2026,21000.000000,4425,OPTSTK,NFO,1.000000,132751,False
116364,MANKIND23NOV262360PE,MANKIND,23NOV2026,236000.000000,250,OPTSTK,NFO,5.000000,10001,False
116448,UNITDSPR29SEP261300CE,UNITDSPR,29SEP2026,130000.000000,400,OPTSTK,NFO,5.000000,16001,False
116452,UNITDSPR29SEP261380CE,UNITDSPR,29SEP2026,138000.000000,400,OPTSTK,NFO,5.000000,16001,False
116468,MARICO27OCT26770CE,MARICO,27OCT2026,77000.000000,1200,OPTSTK,NFO,5.000000,36001,False
116477,MARICO27OCT26830PE,MARICO,27OCT2026,83000.000000,1200,OPTSTK,NFO,5.000000,36001,False
116588,MARICO23NOV26900PE,MARICO,23NOV2026,90000.000000,1200,OPTSTK,NFO,5.000000,36001,False
116596,UNITDSPR27OCT261280PE,UNITDSPR,27OCT2026,128000.000000,400,OPTSTK,NFO,5.000000,16001,False
116640,UNITDSPR27OCT261360CE,UNITDSPR,27OCT2026,136000.000000,400,OPTSTK,NFO,5.000000,16001,False
116650,UNITDSPR27OCT261440PE,UNITDSPR,27OCT2026,144000.000000,400,OPTSTK,NFO,5.000000,16001,False
116654,UNITDSPR27OCT261520PE,UNITDSPR,27OCT2026,152000.000000,400,OPTSTK,NFO,5.000000,16001,False
116721,UNOMINDA29SEP261100PE,UNOMINDA,29SEP2026,110000.000000,550,OPTSTK,NFO,5.000000,22001,False
116724,UNOMINDA29SEP261180CE,UNOMINDA,29SEP2026,118000.000000,550,OPTSTK,NFO,5.000000,22001,False
116728,UNOMINDA29SEP261260CE,UNOMINDA,29SEP2026,126000.000000,550,OPTSTK,NFO,5.000000,22001,False
116729,UNOMINDA29SEP261260PE,UNOMINDA,29SEP2026,126000.000000,550,OPTSTK,NFO,5.000000,22001,False
116825,UNOMINDA27OCT261240CE,UNOMINDA,27OCT2026,124000.000000,550,OPTSTK,NFO,5.000000,22001,False
116846,UNOMINDA27OCT261280PE,UNOMINDA,27OCT2026,128000.000000,550,OPTSTK,NFO,5.000000,22001,False
116850,UNOMINDA27OCT261320PE,UNOMINDA,27OCT2026,132000.000000,550,OPTSTK,NFO,5.000000,22001,False
116894,UPL29SEP26590PE,UPL,29SEP2026,59000.000000,1355,OPTSTK,NFO,5.000000,40651,False
116918,IOC29SEP26135CE,IOC,29SEP2026,13500.000000,4875,OPTSTK,NFO,1.000000,195001,False
116926,IOC29SEP26155CE,IOC,29SEP2026,15500.000000,4875,OPTSTK,NFO,1.000000,195001,False
116928,IOC29SEP26160CE,IOC,29SEP2026,16000.000000,4875,OPTSTK,NFO,1.000000,195001,False
116929,IOC29SEP26160PE,IOC,29SEP2026,16000.000000,4875,OPTSTK,NFO,1.000000,195001,False
116983,MARUTI27OCT2612900CE,MARUTI,27OCT2026,1290000.000000,50,OPTSTK,NFO,5.000000,2001,False
116984,MARUTI27OCT2612900PE,MARUTI,27OCT2026,1290000.000000,50,OPTSTK,NFO,5.000000,2001,False
116986,MARUTI27OCT2613100PE,MARUTI,27OCT2026,1310000.000000,50,OPTSTK,NFO,5.000000,2001,False
116994,MARUTI27OCT2613900CE,MARUTI,27OCT2026,1390000.000000,50,OPTSTK,NFO,5.000000,2001,False
117005,UPL27OCT26460CE,UPL,27OCT2026,46000.000000,1355,OPTSTK,NFO,5.000000,40651,False
117039,UPL27OCT26560PE,UPL,27OCT2026,56000.000000,1355,OPTSTK,NFO,5.000000,40651,False
117051,UPL27OCT26680PE,UPL,27OCT2026,68000.000000,1355,OPTSTK,NFO,5.000000,40651,False
117180,MARUTI23NOV2610400PE,MARUTI,23NOV2026,1040000.000000,50,OPTSTK,NFO,5.000000,2001,False
117188,MARUTI23NOV2610800PE,MARUTI,23NOV2026,1080000.000000,50,OPTSTK,NFO,5.000000,2001,False
117199,IREDA29SEP26100CE,IREDA,29SEP2026,10000.000000,4525,OPTSTK,NFO,1.000000,181001,False
117207,IREDA29SEP26120CE,IREDA,29SEP2026,12000.000000,4525,OPTSTK,NFO,1.000000,181001,False
117209,IREDA29SEP26125CE,IREDA,29SEP2026,12500.000000,4525,OPTSTK,NFO,1.000000,181001,False
117223,MARUTI23NOV2611000CE,MARUTI,23NOV2026,1100000.000000,50,OPTSTK,NFO,5.000000,2001,False
117230,MARUTI23NOV2611200PE,MARUTI,23NOV2026,1120000.000000,50,OPTSTK,NFO,5.000000,2001,False
117258,MARUTI23NOV2612000CE,MARUTI,23NOV2026,1200000.000000,50,OPTSTK,NFO,5.000000,2001,False
117300,MARUTI23NOV2612200CE,MARUTI,23NOV2026,1220000.000000,50,OPTSTK,NFO,5.000000,2001,False
117324,MARUTI23NOV2613400PE,MARUTI,23NOV2026,1340000.000000,50,OPTSTK,NFO,5.000000,2001,False
117330,VBL29SEP26410PE,VBL,29SEP2026,41000.000000,1275,OPTSTK,NFO,5.000000,51001,False
117335,VBL29SEP26430PE,VBL,29SEP2026,43000.000000,1275,OPTSTK,NFO,5.000000,51001,False
117337,VBL29SEP26450PE,VBL,29SEP2026,45000.000000,1275,OPTSTK,NFO,5.000000,51001,False
117340,VBL29SEP26470CE,VBL,29SEP2026,47000.000000,1275,OPTSTK,NFO,5.000000,51001,False
117343,VBL29SEP26490PE,VBL,29SEP2026,49000.000000,1275,OPTSTK,NFO,5.000000,51001,False
117355,MARUTI23NOV2614400CE,MARUTI,23NOV2026,1440000.000000,50,OPTSTK,NFO,5.000000,2001,False
117411,MARUTI23NOV2614600PE,MARUTI,23NOV2026,1460000.000000,50,OPTSTK,NFO,5.000000,2001,False
117451,VBL27OCT26360CE,VBL,27OCT2026,36000.000000,1275,OPTSTK,NFO,5.000000,51001,False
117460,VBL27OCT26440PE,VBL,27OCT2026,44000.000000,1275,OPTSTK,NFO,5.000000,51001,False
117558,IRFC29SEP2692CE,IRFC,29SEP2026,9200.000000,5425,OPTSTK,NFO,1.000000,271251,False
117602,VEDL29SEP26255PE,VEDL,29SEP2026,25500.000000,1150,OPTSTK,NFO,5.000000,80501,False
117616,VEDL29SEP26315CE,VEDL,29SEP2026,31500.000000,1150,OPTSTK,NFO,5.000000,80501,False
117649,MAXHEALTH27OCT26910CE,MAXHEALTH,27OCT2026,91000.000000,525,OPTSTK,NFO,5.000000,21001,False
117669,IRFC29SEP2696CE,IRFC,29SEP2026,9600.000000,5425,OPTSTK,NFO,1.000000,271251,False
117721,IRFC29SEP26102PE,IRFC,29SEP2026,10200.000000,5425,OPTSTK,NFO,1.000000,271251,False
117723,VEDL27OCT26240PE,VEDL,27OCT2026,24000.000000,1150,OPTSTK,NFO,5.000000,80501,False
117737,VEDL27OCT26270PE,VEDL,27OCT2026,27000.000000,1150,OPTSTK,NFO,5.000000,80501,False
117739,VEDL27OCT26280PE,VEDL,27OCT2026,28000.000000,1150,OPTSTK,NFO,5.000000,80501,False
117749,VEDL27OCT26330PE,VEDL,27OCT2026,33000.000000,1150,OPTSTK,NFO,5.000000,80501,False
117750,VEDL27OCT26340CE,VEDL,27OCT2026,34000.000000,1150,OPTSTK,NFO,5.000000,80501,False
117770,VMM29SEP2692.5CE,VMM,29SEP2026,9250.000000,4850,OPTSTK,NFO,1.000000,194001,False
117776,VMM29SEP26107.5CE,VMM,29SEP2026,10750.000000,4850,OPTSTK,NFO,1.000000,194001,False
117779,VMM29SEP26112.5PE,VMM,29SEP2026,11250.000000,4850,OPTSTK,NFO,1.000000,194001,False
117782,VMM29SEP26122.5CE,VMM,29SEP2026,12250.000000,4850,OPTSTK,NFO,1.000000,194001,False
117808,VMM27OCT2680CE,VMM,27OCT2026,8000.000000,4850,OPTSTK,NFO,1.000000,194001,False
117814,VMM27OCT2695CE,VMM,27OCT2026,9500.000000,4850,OPTSTK,NFO,1.000000,194001,False
117818,VMM27OCT26105CE,VMM,27OCT2026,10500.000000,4850,OPTSTK,NFO,1.000000,194001,False
117943,VOLTAS29SEP261100PE,VOLTAS,29SEP2026,110000.000000,375,OPTSTK,NFO,5.000000,18751,False
118012,MAXHEALTH27OCT261050PE,MAXHEALTH,27OCT2026,105000.000000,525,OPTSTK,NFO,5.000000,21001,False
118019,ITC29SEP26230PE,ITC,29SEP2026,23000.000000,1725,OPTSTK,NFO,5.000000,86251,False
118025,MAXHEALTH27OCT261110PE,MAXHEALTH,27OCT2026,111000.000000,525,OPTSTK,NFO,5.000000,21001,False
118064,ITC29SEP26265CE,ITC,29SEP2026,26500.000000,1725,OPTSTK,NFO,5.000000,86251,False
118067,ITC29SEP26270PE,ITC,29SEP2026,27000.000000,1725,OPTSTK,NFO,5.000000,86251,False
118072,ITC29SEP26285CE,ITC,29SEP2026,28500.000000,1725,OPTSTK,NFO,5.000000,86251,False
118084,VOLTAS29SEP261300PE,VOLTAS,29SEP2026,130000.000000,375,OPTSTK,NFO,5.000000,18751,False
118143,MAXHEALTH23NOV26840CE,MAXHEALTH,23NOV2026,84000.000000,525,OPTSTK,NFO,5.000000,21001,False
118156,MAXHEALTH23NOV26920PE,MAXHEALTH,23NOV2026,92000.000000,525,OPTSTK,NFO,5.000000,21001,False
118162,VOLTAS27OCT261040PE,VOLTAS,27OCT2026,104000.000000,375,OPTSTK,NFO,5.000000,18751,False
118171,MAXHEALTH23NOV26980PE,MAXHEALTH,23NOV2026,98000.000000,525,OPTSTK,NFO,5.000000,21001,False
118179,VOLTAS27OCT261320CE,VOLTAS,27OCT2026,132000.000000,375,OPTSTK,NFO,5.000000,18751,False
118268,ITC29SEP26330PE,ITC,29SEP2026,33000.000000,1725,OPTSTK,NFO,5.000000,86251,False
118269,ITC29SEP26335CE,ITC,29SEP2026,33500.000000,1725,OPTSTK,NFO,5.000000,86251,False
118296,MAZDOCK27OCT262150CE,MAZDOCK,27OCT2026,215000.000000,225,OPTSTK,NFO,5.000000,9001,False
118302,MAZDOCK27OCT262450CE,MAZDOCK,27OCT2026,245000.000000,225,OPTSTK,NFO,5.000000,9001,False
118372,WAAREEENER29SEP262350PE,WAAREEENER,29SEP2026,235000.000000,175,OPTSTK,NFO,5.000000,8751,False
118374,WAAREEENER29SEP262450PE,WAAREEENER,29SEP2026,245000.000000,175,OPTSTK,NFO,5.000000,8751,False
118377,WAAREEENER29SEP262550CE,WAAREEENER,29SEP2026,255000.000000,175,OPTSTK,NFO,5.000000,8751,False
118406,MAZDOCK27OCT262850PE,MAZDOCK,27OCT2026,285000.000000,225,OPTSTK,NFO,5.000000,9001,False
118438,WAAREEENER27OCT262000PE,WAAREEENER,27OCT2026,200000.000000,175,OPTSTK,NFO,5.000000,8751,False
118439,WAAREEENER27OCT262100CE,WAAREEENER,27OCT2026,210000.000000,175,OPTSTK,NFO,5.000000,8751,False
118455,WAAREEENER27OCT262900CE,WAAREEENER,27OCT2026,290000.000000,175,OPTSTK,NFO,5.000000,8751,False
118564,MAZDOCK23NOV262700PE,MAZDOCK,23NOV2026,270000.000000,225,OPTSTK,NFO,5.000000,9001,False
118567,MAZDOCK23NOV262800PE,MAZDOCK,23NOV2026,280000.000000,225,OPTSTK,NFO,5.000000,9001,False
118569,MAZDOCK23NOV262900PE,MAZDOCK,23NOV2026,290000.000000,225,OPTSTK,NFO,5.000000,9001,False
118578,WIPRO29SEP26152.5CE,WIPRO,29SEP2026,15250.000000,3000,OPTSTK,NFO,1.000000,120001,False
118603,JIOFIN29SEP26200PE,JIOFIN,29SEP2026,20000.000000,2350,OPTSTK,NFO,1.000000,94001,False
118604,JIOFIN29SEP26205CE,JIOFIN,29SEP2026,20500.000000,2350,OPTSTK,NFO,1.000000,94001,False
118633,MCX27OCT263650PE,MCX,27OCT2026,365000.000000,225,OPTSTK,NFO,5.000000,6751,False
118641,WIPRO29SEP26152.5PE,WIPRO,29SEP2026,15250.000000,3000,OPTSTK,NFO,1.000000,120001,False
118649,JIOFIN29SEP26210CE,JIOFIN,29SEP2026,21000.000000,2350,OPTSTK,NFO,1.000000,94001,False
118650,WIPRO29SEP26167.5CE,WIPRO,29SEP2026,16750.000000,3000,OPTSTK,NFO,1.000000,120001,False
118669,WIPRO29SEP26197.5CE,WIPRO,29SEP2026,19750.000000,3000,OPTSTK,NFO,1.000000,120001,False
118671,WIPRO29SEP26202.5CE,WIPRO,29SEP2026,20250.000000,3000,OPTSTK,NFO,1.000000,120001,False
118715,WIPRO27OCT26160CE,WIPRO,27OCT2026,16000.000000,3000,OPTSTK,NFO,1.000000,120001,False
118740,WIPRO27OCT26205PE,WIPRO,27OCT2026,20500.000000,3000,OPTSTK,NFO,1.000000,120001,False
118745,WIPRO27OCT26220CE,WIPRO,27OCT2026,22000.000000,3000,OPTSTK,NFO,1.000000,120001,False
118769,YESBANK29SEP2623CE,YESBANK,29SEP2026,2300.000000,31100,OPTSTK,NFO,1.000000,933001,False
118782,MCX23NOV262800PE,MCX,23NOV2026,280000.000000,225,OPTSTK,NFO,5.000000,6751,False
118812,MCX23NOV263500CE,MCX,23NOV2026,350000.000000,225,OPTSTK,NFO,5.000000,6751,False
118862,MFSL27OCT261300PE,MFSL,27OCT2026,130000.000000,400,OPTSTK,NFO,5.000000,16001,False
118863,MFSL27OCT261340CE,MFSL,27OCT2026,134000.000000,400,OPTSTK,NFO,5.000000,16001,False
118866,JIOFIN29SEP26235CE,JIOFIN,29SEP2026,23500.000000,2350,OPTSTK,NFO,1.000000,94001,False
118869,JIOFIN29SEP26240PE,JIOFIN,29SEP2026,24000.000000,2350,OPTSTK,NFO,1.000000,94001,False
118885,JIOFIN29SEP26280PE,JIOFIN,29SEP2026,28000.000000,2350,OPTSTK,NFO,1.000000,94001,False
118886,JIOFIN29SEP26285CE,JIOFIN,29SEP2026,28500.000000,2350,OPTSTK,NFO,1.000000,94001,False
118887,MFSL27OCT261380CE,MFSL,27OCT2026,138000.000000,400,OPTSTK,NFO,5.000000,16001,False
118915,MFSL27OCT261420PE,MFSL,27OCT2026,142000.000000,400,OPTSTK,NFO,5.000000,16001,False
118939,ZYDUSLIFE29SEP26990CE,ZYDUSLIFE,29SEP2026,99000.000000,900,OPTSTK,NFO,5.000000,27001,False
118973,ZYDUSLIFE29SEP261190PE,ZYDUSLIFE,29SEP2026,119000.000000,900,OPTSTK,NFO,5.000000,27001,False
119013,JSWENERGY29SEP26440CE,JSWENERGY,29SEP2026,44000.000000,1075,OPTSTK,NFO,5.000000,43001,False
119021,JSWENERGY29SEP26520CE,JSWENERGY,29SEP2026,52000.000000,1075,OPTSTK,NFO,5.000000,43001,False
119049,MFSL27OCT261540CE,MFSL,27OCT2026,154000.000000,400,OPTSTK,NFO,5.000000,16001,False
119080,ZYDUSLIFE27OCT26960PE,ZYDUSLIFE,27OCT2026,96000.000000,900,OPTSTK,NFO,5.000000,27001,False
119103,MFSL27OCT261620PE,MFSL,27OCT2026,162000.000000,400,OPTSTK,NFO,5.000000,16001,False
119130,ZYDUSLIFE27OCT261200CE,ZYDUSLIFE,27OCT2026,120000.000000,900,OPTSTK,NFO,5.000000,27001,False
119137,ZYDUSLIFE27OCT261260PE,ZYDUSLIFE,27OCT2026,126000.000000,900,OPTSTK,NFO,5.000000,27001,False
119222,MFSL23NOV261360PE,MFSL,23NOV2026,136000.000000,400,OPTSTK,NFO,5.000000,16001,False
119224,MFSL23NOV261400CE,MFSL,23NOV2026,140000.000000,400,OPTSTK,NFO,5.000000,16001,False
119227,MFSL23NOV261440CE,MFSL,23NOV2026,144000.000000,400,OPTSTK,NFO,5.000000,16001,False
119231,MFSL23NOV261520CE,MFSL,23NOV2026,152000.000000,400,OPTSTK,NFO,5.000000,16001,False
119235,MFSL23NOV261520PE,MFSL,23NOV2026,152000.000000,400,OPTSTK,NFO,5.000000,16001,False
119245,MFSL23NOV261640PE,MFSL,23NOV2026,164000.000000,400,OPTSTK,NFO,5.000000,16001,False
119275,JSWSTEEL29SEP261080PE,JSWSTEEL,29SEP2026,108000.000000,675,OPTSTK,NFO,5.000000,20251,False
119292,JSWSTEEL29SEP261400CE,JSWSTEEL,29SEP2026,140000.000000,675,OPTSTK,NFO,5.000000,20251,False
119297,JSWSTEEL29SEP261480PE,JSWSTEEL,29SEP2026,148000.000000,675,OPTSTK,NFO,5.000000,20251,False
119415,JUBLFOOD29SEP26440CE,JUBLFOOD,29SEP2026,44000.000000,1250,OPTSTK,NFO,5.000000,50001,False
119431,MOTHERSON27OCT26152.5PE,MOTHERSON,27OCT2026,15250.000000,6150,OPTSTK,NFO,1.000000,184501,False
119443,MOTHERSON27OCT26182.5PE,MOTHERSON,27OCT2026,18250.000000,6150,OPTSTK,NFO,1.000000,184501,False
119485,JUBLFOOD29SEP26490CE,JUBLFOOD,29SEP2026,49000.000000,1250,OPTSTK,NFO,5.000000,50001,False
119538,MOTHERSON23NOV26155CE,MOTHERSON,23NOV2026,15500.000000,6150,OPTSTK,NFO,1.000000,184501,False
119579,MOTILALOFS27OCT26980CE,MOTILALOFS,27OCT2026,98000.000000,775,OPTSTK,NFO,5.000000,23251,False
119583,JUBLFOOD29SEP26500PE,JUBLFOOD,29SEP2026,50000.000000,1250,OPTSTK,NFO,5.000000,50001,False
119593,JUBLFOOD29SEP26560PE,JUBLFOOD,29SEP2026,56000.000000,1250,OPTSTK,NFO,5.000000,50001,False
119643,MOTILALOFS23NOV261040CE,MOTILALOFS,23NOV2026,104000.000000,775,OPTSTK,NFO,5.000000,23251,False
119646,MOTILALOFS23NOV261080PE,MOTILALOFS,23NOV2026,108000.000000,775,OPTSTK,NFO,5.000000,23251,False
119682,MPHASIS27OCT262150CE,MPHASIS,27OCT2026,215000.000000,275,OPTSTK,NFO,5.000000,11001,False
119725,MPHASIS23NOV262300CE,MPHASIS,23NOV2026,230000.000000,275,OPTSTK,NFO,5.000000,11001,False
119727,MPHASIS23NOV262400CE,MPHASIS,23NOV2026,240000.000000,275,OPTSTK,NFO,5.000000,11001,False
119729,MPHASIS23NOV262500CE,MPHASIS,23NOV2026,250000.000000,275,OPTSTK,NFO,5.000000,11001,False
119735,MPHASIS23NOV262800CE,MPHASIS,23NOV2026,280000.000000,275,OPTSTK,NFO,5.000000,11001,False
119774,MUTHOOTFIN27OCT263350PE,MUTHOOTFIN,27OCT2026,335000.000000,275,OPTSTK,NFO,5.000000,8251,False
119805,MUTHOOTFIN23NOV262500CE,MUTHOOTFIN,23NOV2026,250000.000000,275,OPTSTK,NFO,5.000000,8251,False
119810,MUTHOOTFIN23NOV262700PE,MUTHOOTFIN,23NOV2026,270000.000000,275,OPTSTK,NFO,5.000000,8251,False
119816,MUTHOOTFIN23NOV263000PE,MUTHOOTFIN,23NOV2026,300000.000000,275,OPTSTK,NFO,5.000000,8251,False
119823,MUTHOOTFIN23NOV263400CE,MUTHOOTFIN,23NOV2026,340000.000000,275,OPTSTK,NFO,5.000000,8251,False
119827,MUTHOOTFIN23NOV263600CE,MUTHOOTFIN,23NOV2026,360000.000000,275,OPTSTK,NFO,5.000000,8251,False
119856,NAM-INDIA27OCT261060PE,NAM-INDIA,27OCT2026,106000.000000,625,OPTSTK,NFO,5.000000,18751,False
119857,NAM-INDIA27OCT261100CE,NAM-INDIA,27OCT2026,110000.000000,625,OPTSTK,NFO,5.000000,18751,False
119901,NAM-INDIA23NOV261080CE,NAM-INDIA,23NOV2026,108000.000000,625,OPTSTK,NFO,5.000000,18751,False
119903,NAM-INDIA23NOV261120CE,NAM-INDIA,23NOV2026,112000.000000,625,OPTSTK,NFO,5.000000,18751,False
119907,NAM-INDIA23NOV261200CE,NAM-INDIA,23NOV2026,120000.000000,625,OPTSTK,NFO,5.000000,18751,False
119910,NAM-INDIA23NOV261240PE,NAM-INDIA,23NOV2026,124000.000000,625,OPTSTK,NFO,5.000000,18751,False
119911,NAM-INDIA23NOV261280CE,NAM-INDIA,23NOV2026,128000.000000,625,OPTSTK,NFO,5.000000,18751,False
119986,NATIONALUM23NOV26400CE,NATIONALUM,23NOV2026,40000.000000,1875,OPTSTK,NFO,5.000000,56251,False
120020,NAUKRI27OCT261180CE,NAUKRI,27OCT2026,118000.000000,550,OPTSTK,NFO,5.000000,16501,False
120025,NAUKRI27OCT261220PE,NAUKRI,27OCT2026,122000.000000,550,OPTSTK,NFO,5.000000,16501,False
120201,KAYNES29SEP264000PE,KAYNES,29SEP2026,400000.000000,150,OPTSTK,NFO,5.000000,6001,False
120212,NAUKRI23NOV261320PE,NAUKRI,23NOV2026,132000.000000,550,OPTSTK,NFO,5.000000,16501,False
120218,NAUKRI23NOV261440PE,NAUKRI,23NOV2026,144000.000000,550,OPTSTK,NFO,5.000000,16501,False
120225,NAUKRI23NOV261520PE,NAUKRI,23NOV2026,152000.000000,550,OPTSTK,NFO,5.000000,16501,False
120254,NBCC27OCT2687.5PE,NBCC,27OCT2026,8750.000000,6500,OPTSTK,NFO,1.000000,260001,False
120258,NBCC27OCT2697.5PE,NBCC,27OCT2026,9750.000000,6500,OPTSTK,NFO,1.000000,260001,False
120277,KEI29SEP263800CE,KEI,29SEP2026,380000.000000,175,OPTSTK,NFO,5.000000,5251,False
120305,NBCC23NOV2675PE,NBCC,23NOV2026,7500.000000,6500,OPTSTK,NFO,1.000000,260001,False
120306,NBCC23NOV2680CE,NBCC,23NOV2026,8000.000000,6500,OPTSTK,NFO,1.000000,260001,False
120317,KEI29SEP265800CE,KEI,29SEP2026,580000.000000,175,OPTSTK,NFO,5.000000,5251,False
120320,KEI29SEP266000PE,KEI,29SEP2026,600000.000000,175,OPTSTK,NFO,5.000000,5251,False
120323,KEI29SEP266400CE,KEI,29SEP2026,640000.000000,175,OPTSTK,NFO,5.000000,5251,False
120329,KEI29SEP266600PE,KEI,29SEP2026,660000.000000,175,OPTSTK,NFO,5.000000,5251,False
120386,NESTLEIND27OCT261290PE,NESTLEIND,27OCT2026,129000.000000,500,OPTSTK,NFO,5.000000,15001,False
120387,NESTLEIND27OCT261310CE,NESTLEIND,27OCT2026,131000.000000,500,OPTSTK,NFO,5.000000,15001,False
120389,NESTLEIND27OCT261330CE,NESTLEIND,27OCT2026,133000.000000,500,OPTSTK,NFO,5.000000,15001,False
120395,NESTLEIND27OCT261390CE,NESTLEIND,27OCT2026,139000.000000,500,OPTSTK,NFO,5.000000,15001,False
120399,NESTLEIND27OCT261430CE,NESTLEIND,27OCT2026,143000.000000,500,OPTSTK,NFO,5.000000,15001,False
120412,NESTLEIND27OCT261550PE,NESTLEIND,27OCT2026,155000.000000,500,OPTSTK,NFO,5.000000,15001,False
120458,KFINTECH29SEP26760PE,KFINTECH,29SEP2026,76000.000000,575,OPTSTK,NFO,5.000000,23001,False
120462,KFINTECH29SEP26840PE,KFINTECH,29SEP2026,84000.000000,575,OPTSTK,NFO,5.000000,23001,False
120527,NESTLEIND23NOV261380CE,NESTLEIND,23NOV2026,138000.000000,500,OPTSTK,NFO,5.000000,15001,False
120532,NESTLEIND23NOV261420PE,NESTLEIND,23NOV2026,142000.000000,500,OPTSTK,NFO,5.000000,15001,False
120543,NESTLEIND23NOV261500CE,NESTLEIND,23NOV2026,150000.000000,500,OPTSTK,NFO,5.000000,15001,False
120548,NESTLEIND23NOV261540PE,NESTLEIND,23NOV2026,154000.000000,500,OPTSTK,NFO,5.000000,15001,False
120553,NESTLEIND23NOV261600CE,NESTLEIND,23NOV2026,160000.000000,500,OPTSTK,NFO,5.000000,15001,False
120554,NESTLEIND23NOV261600PE,NESTLEIND,23NOV2026,160000.000000,500,OPTSTK,NFO,5.000000,15001,False
120654,NHPC27OCT2669CE,NHPC,27OCT2026,6900.000000,6950,OPTSTK,NFO,1.000000,278001,False
120664,NHPC27OCT2677PE,NHPC,27OCT2026,7700.000000,6950,OPTSTK,NFO,1.000000,278001,False
120669,KOTAKBANK29SEP26490CE,KOTAKBANK,29SEP2026,49000.000000,2000,OPTSTK,NFO,5.000000,60001,False
120726,NHPC23NOV2664CE,NHPC,23NOV2026,6400.000000,6950,OPTSTK,NFO,1.000000,278001,False
120742,NHPC23NOV2672CE,NHPC,23NOV2026,7200.000000,6950,OPTSTK,NFO,1.000000,278001,False
120745,NHPC23NOV2674PE,NHPC,23NOV2026,7400.000000,6950,OPTSTK,NFO,1.000000,278001,False
120751,NHPC23NOV2680PE,NHPC,23NOV2026,8000.000000,6950,OPTSTK,NFO,1.000000,278001,False
120822,NMDC27OCT2673CE,NMDC,27OCT2026,7300.000000,6750,OPTSTK,NFO,1.000000,270001,False
120833,NMDC27OCT2681PE,NMDC,27OCT2026,8100.000000,6750,OPTSTK,NFO,1.000000,270001,False
120834,NMDC27OCT2683CE,NMDC,27OCT2026,8300.000000,6750,OPTSTK,NFO,1.000000,270001,False
120839,NMDC27OCT2685PE,NMDC,27OCT2026,8500.000000,6750,OPTSTK,NFO,1.000000,270001,False
120842,NMDC27OCT2689CE,NMDC,27OCT2026,8900.000000,6750,OPTSTK,NFO,1.000000,270001,False
120953,NMDC23NOV2678PE,NMDC,23NOV2026,7800.000000,6750,OPTSTK,NFO,1.000000,270001,False
120954,NMDC23NOV2680CE,NMDC,23NOV2026,8000.000000,6750,OPTSTK,NFO,1.000000,270001,False
121016,NTPC27OCT26335CE,NTPC,27OCT2026,33500.000000,1500,OPTSTK,NFO,5.000000,75001,False
121023,NTPC27OCT26355PE,NTPC,27OCT2026,35500.000000,1500,OPTSTK,NFO,5.000000,75001,False
121031,KPITTECH29SEP26440PE,KPITTECH,29SEP2026,44000.000000,775,OPTSTK,NFO,5.000000,38751,False
121096,NTPC23NOV26400CE,NTPC,23NOV2026,40000.000000,1500,OPTSTK,NFO,5.000000,75001,False
121119,KPITTECH29SEP26540PE,KPITTECH,29SEP2026,54000.000000,775,OPTSTK,NFO,5.000000,38751,False
121127,KPITTECH29SEP26580CE,KPITTECH,29SEP2026,58000.000000,775,OPTSTK,NFO,5.000000,38751,False
121128,KPITTECH29SEP26580PE,KPITTECH,29SEP2026,58000.000000,775,OPTSTK,NFO,5.000000,38751,False
121132,KPITTECH29SEP26620PE,KPITTECH,29SEP2026,62000.000000,775,OPTSTK,NFO,5.000000,38751,False
121144,KPITTECH29SEP26740PE,KPITTECH,29SEP2026,74000.000000,775,OPTSTK,NFO,5.000000,38751,False
121147,KPITTECH29SEP26760PE,KPITTECH,29SEP2026,76000.000000,775,OPTSTK,NFO,5.000000,38751,False
121197,NYKAA27OCT26335PE,NYKAA,27OCT2026,33500.000000,3125,OPTSTK,NFO,5.000000,93751,False
121238,NYKAA23NOV26300CE,NYKAA,23NOV2026,30000.000000,3125,OPTSTK,NFO,5.000000,93751,False
121306,OBEROIRLTY27OCT261660CE,OBEROIRLTY,27OCT2026,166000.000000,350,OPTSTK,NFO,5.000000,14001,False
121307,OBEROIRLTY27OCT261660PE,OBEROIRLTY,27OCT2026,166000.000000,350,OPTSTK,NFO,5.000000,14001,False
121308,OBEROIRLTY27OCT261700CE,OBEROIRLTY,27OCT2026,170000.000000,350,OPTSTK,NFO,5.000000,14001,False
121311,OBEROIRLTY27OCT261740PE,OBEROIRLTY,27OCT2026,174000.000000,350,OPTSTK,NFO,5.000000,14001,False
121320,OBEROIRLTY27OCT261940CE,OBEROIRLTY,27OCT2026,194000.000000,350,OPTSTK,NFO,5.000000,14001,False
121372,OBEROIRLTY23NOV261680CE,OBEROIRLTY,23NOV2026,168000.000000,350,OPTSTK,NFO,5.000000,14001,False
121373,OBEROIRLTY23NOV261680PE,OBEROIRLTY,23NOV2026,168000.000000,350,OPTSTK,NFO,5.000000,14001,False
121382,OBEROIRLTY23NOV261880CE,OBEROIRLTY,23NOV2026,188000.000000,350,OPTSTK,NFO,5.000000,14001,False
121442,OFSS27OCT2610900CE,OFSS,27OCT2026,1090000.000000,100,OPTSTK,NFO,5.000000,2001,False
121443,OFSS27OCT2610900PE,OFSS,27OCT2026,1090000.000000,100,OPTSTK,NFO,5.000000,2001,False
121453,OFSS27OCT2611900CE,OFSS,27OCT2026,1190000.000000,100,OPTSTK,NFO,5.000000,2001,False
121470,OFSS27OCT2613100PE,OFSS,27OCT2026,1310000.000000,100,OPTSTK,NFO,5.000000,2001,False
121547,OFSS23NOV2612400PE,OFSS,23NOV2026,1240000.000000,100,OPTSTK,NFO,5.000000,2001,False
121551,OFSS23NOV2612800PE,OFSS,23NOV2026,1280000.000000,100,OPTSTK,NFO,5.000000,2001,False
121553,OFSS23NOV2613000PE,OFSS,23NOV2026,1300000.000000,100,OPTSTK,NFO,5.000000,2001,False
121559,OFSS23NOV2613600PE,OFSS,23NOV2026,1360000.000000,100,OPTSTK,NFO,5.000000,2001,False
121575,LAURUSLABS29SEP261600CE,LAURUSLABS,29SEP2026,160000.000000,850,OPTSTK,NFO,5.000000,17001,False
121585,LAURUSLABS29SEP261800CE,LAURUSLABS,29SEP2026,180000.000000,850,OPTSTK,NFO,5.000000,17001,False
121623,LICHSGFIN29SEP26480CE,LICHSGFIN,29SEP2026,48000.000000,1000,OPTSTK,NFO,5.000000,40001,False
121638,LICHSGFIN29SEP26600CE,LICHSGFIN,29SEP2026,60000.000000,1000,OPTSTK,NFO,5.000000,40001,False
121639,LICHSGFIN29SEP26600PE,LICHSGFIN,29SEP2026,60000.000000,1000,OPTSTK,NFO,5.000000,40001,False
121676,LICI29SEP26340CE,LICI,29SEP2026,34000.000000,1400,OPTSTK,NFO,5.000000,56001,False
121688,LICI29SEP26380CE,LICI,29SEP2026,38000.000000,1400,OPTSTK,NFO,5.000000,56001,False
121704,LICI29SEP26400PE,LICI,29SEP2026,40000.000000,1400,OPTSTK,NFO,5.000000,56001,False
121737,OIL27OCT26435CE,OIL,27OCT2026,43500.000000,1400,OPTSTK,NFO,5.000000,56001,False
121739,LICI29SEP26420CE,LICI,29SEP2026,42000.000000,1400,OPTSTK,NFO,5.000000,56001,False
121798,OIL27OCT26505PE,OIL,27OCT2026,50500.000000,1400,OPTSTK,NFO,5.000000,56001,False
121876,OIL23NOV26420CE,OIL,23NOV2026,42000.000000,1400,OPTSTK,NFO,5.000000,56001,False
121895,OIL23NOV26510PE,OIL,23NOV2026,51000.000000,1400,OPTSTK,NFO,5.000000,56001,False
121896,OIL23NOV26520CE,OIL,23NOV2026,52000.000000,1400,OPTSTK,NFO,5.000000,56001,False
121950,ONGC27OCT26222.5CE,ONGC,27OCT2026,22250.000000,2250,OPTSTK,NFO,1.000000,90001,False
121951,ONGC27OCT26222.5PE,ONGC,27OCT2026,22250.000000,2250,OPTSTK,NFO,1.000000,90001,False
121960,ONGC27OCT26247.5CE,ONGC,27OCT2026,24750.000000,2250,OPTSTK,NFO,1.000000,90001,False
122037,LODHA29SEP26960PE,LODHA,29SEP2026,96000.000000,625,OPTSTK,NFO,5.000000,18751,False
122048,LODHA29SEP261160PE,LODHA,29SEP2026,116000.000000,625,OPTSTK,NFO,5.000000,18751,False
122064,ONGC23NOV26255CE,ONGC,23NOV2026,25500.000000,2250,OPTSTK,NFO,1.000000,90001,False
122118,PAGEIND27OCT2632500CE,PAGEIND,27OCT2026,3250000.000000,20,OPTSTK,NFO,5.000000,601,False
122135,PAGEIND27OCT2640500PE,PAGEIND,27OCT2026,4050000.000000,20,OPTSTK,NFO,5.000000,601,False
122168,PAGEIND23NOV2630000CE,PAGEIND,23NOV2026,3000000.000000,20,OPTSTK,NFO,5.000000,601,False
122172,PAGEIND23NOV2632000CE,PAGEIND,23NOV2026,3200000.000000,20,OPTSTK,NFO,5.000000,601,False
122173,PAGEIND23NOV2632000PE,PAGEIND,23NOV2026,3200000.000000,20,OPTSTK,NFO,5.000000,601,False
122188,PAGEIND23NOV2637000PE,PAGEIND,23NOV2026,3700000.000000,20,OPTSTK,NFO,5.000000,601,False
122203,PAGEIND23NOV2642000CE,PAGEIND,23NOV2026,4200000.000000,20,OPTSTK,NFO,5.000000,601,False
122343,PATANJALI27OCT26295PE,PATANJALI,27OCT2026,29500.000000,1075,OPTSTK,NFO,5.000000,64501,False
122348,PATANJALI27OCT26325CE,PATANJALI,27OCT2026,32500.000000,1075,OPTSTK,NFO,5.000000,64501,False
122358,PATANJALI27OCT26375CE,PATANJALI,27OCT2026,37500.000000,1075,OPTSTK,NFO,5.000000,64501,False
122359,PATANJALI27OCT26375PE,PATANJALI,27OCT2026,37500.000000,1075,OPTSTK,NFO,5.000000,64501,False
122361,PATANJALI27OCT26385PE,PATANJALI,27OCT2026,38500.000000,1075,OPTSTK,NFO,5.000000,64501,False
122362,PATANJALI27OCT26395CE,PATANJALI,27OCT2026,39500.000000,1075,OPTSTK,NFO,5.000000,64501,False
122420,PATANJALI23NOV26360CE,PATANJALI,23NOV2026,36000.000000,1075,OPTSTK,NFO,5.000000,64501,False
122425,PATANJALI23NOV26380PE,PATANJALI,23NOV2026,38000.000000,1075,OPTSTK,NFO,5.000000,64501,False
122426,PATANJALI23NOV26390CE,PATANJALI,23NOV2026,39000.000000,1075,OPTSTK,NFO,5.000000,64501,False
122474,PAYTM27OCT261660CE,PAYTM,27OCT2026,166000.000000,725,OPTSTK,NFO,5.000000,14501,False
122485,PAYTM27OCT261860PE,PAYTM,27OCT2026,186000.000000,725,OPTSTK,NFO,5.000000,14501,False
122486,PAYTM27OCT261900CE,PAYTM,27OCT2026,190000.000000,725,OPTSTK,NFO,5.000000,14501,False
122494,PAYTM27OCT262040CE,PAYTM,27OCT2026,204000.000000,725,OPTSTK,NFO,5.000000,14501,False
122509,PAYTM23NOV261400PE,PAYTM,23NOV2026,140000.000000,725,OPTSTK,NFO,5.000000,14501,False
122510,PAYTM23NOV261440CE,PAYTM,23NOV2026,144000.000000,725,OPTSTK,NFO,5.000000,14501,False
122512,PAYTM23NOV261480CE,PAYTM,23NOV2026,148000.000000,725,OPTSTK,NFO,5.000000,14501,False
122518,PAYTM23NOV261600CE,PAYTM,23NOV2026,160000.000000,725,OPTSTK,NFO,5.000000,14501,False
122528,PAYTM23NOV261800CE,PAYTM,23NOV2026,180000.000000,725,OPTSTK,NFO,5.000000,14501,False
122532,PAYTM23NOV261880CE,PAYTM,23NOV2026,188000.000000,725,OPTSTK,NFO,5.000000,14501,False
122538,PAYTM23NOV262000CE,PAYTM,23NOV2026,200000.000000,725,OPTSTK,NFO,5.000000,14501,False
122713,LT29SEP263300CE,LT,29SEP2026,330000.000000,175,OPTSTK,NFO,5.000000,7001,False
122791,LT29SEP264700CE,LT,29SEP2026,470000.000000,175,OPTSTK,NFO,5.000000,7001,False
122889,PETRONET27OCT26325PE,PETRONET,27OCT2026,32500.000000,1900,OPTSTK,NFO,5.000000,76001,False
122935,PETRONET23NOV26310PE,PETRONET,23NOV2026,31000.000000,1900,OPTSTK,NFO,5.000000,76001,False
123009,PFC27OCT26355CE,PFC,27OCT2026,35500.000000,1300,OPTSTK,NFO,5.000000,52001,False
123019,PFC27OCT26385PE,PFC,27OCT2026,38500.000000,1300,OPTSTK,NFO,5.000000,52001,False
123026,PFC27OCT26395CE,PFC,27OCT2026,39500.000000,1300,OPTSTK,NFO,5.000000,52001,False
123027,PFC27OCT26395PE,PFC,27OCT2026,39500.000000,1300,OPTSTK,NFO,5.000000,52001,False
123087,PFC23NOV26330CE,PFC,23NOV2026,33000.000000,1300,OPTSTK,NFO,5.000000,52001,False
123092,PFC23NOV26350PE,PFC,23NOV2026,35000.000000,1300,OPTSTK,NFO,5.000000,52001,False
123097,PFC23NOV26380CE,PFC,23NOV2026,38000.000000,1300,OPTSTK,NFO,5.000000,52001,False
123101,LTF29SEP26270CE,LTF,29SEP2026,27000.000000,2250,OPTSTK,NFO,5.000000,67501,False
123144,LTF29SEP26330CE,LTF,29SEP2026,33000.000000,2250,OPTSTK,NFO,5.000000,67501,False
123145,LTF29SEP26330PE,LTF,29SEP2026,33000.000000,2250,OPTSTK,NFO,5.000000,67501,False
123153,PGEL27OCT26510CE,PGEL,27OCT2026,51000.000000,950,OPTSTK,NFO,5.000000,38001,False
123159,PGEL27OCT26570CE,PGEL,27OCT2026,57000.000000,950,OPTSTK,NFO,5.000000,38001,False
123173,LTF29SEP26340PE,LTF,29SEP2026,34000.000000,2250,OPTSTK,NFO,5.000000,67501,False
123192,PGEL23NOV26520CE,PGEL,23NOV2026,52000.000000,950,OPTSTK,NFO,5.000000,38001,False
123197,PGEL23NOV26560PE,PGEL,23NOV2026,56000.000000,950,OPTSTK,NFO,5.000000,38001,False
123198,PGEL23NOV26580CE,PGEL,23NOV2026,58000.000000,950,OPTSTK,NFO,5.000000,38001,False
123199,PGEL23NOV26580PE,PGEL,23NOV2026,58000.000000,950,OPTSTK,NFO,5.000000,38001,False
123203,PGEL23NOV26620PE,PGEL,23NOV2026,62000.000000,950,OPTSTK,NFO,5.000000,38001,False
123258,PHOENIXLTD27OCT261740PE,PHOENIXLTD,27OCT2026,174000.000000,350,OPTSTK,NFO,5.000000,14001,False
123265,PHOENIXLTD27OCT261900CE,PHOENIXLTD,27OCT2026,190000.000000,350,OPTSTK,NFO,5.000000,14001,False
123269,PHOENIXLTD27OCT261980CE,PHOENIXLTD,27OCT2026,198000.000000,350,OPTSTK,NFO,5.000000,14001,False
123277,PHOENIXLTD27OCT262060CE,PHOENIXLTD,27OCT2026,206000.000000,350,OPTSTK,NFO,5.000000,14001,False
123281,PHOENIXLTD27OCT262140CE,PHOENIXLTD,27OCT2026,214000.000000,350,OPTSTK,NFO,5.000000,14001,False
123427,LTM29SEP263900CE,LTM,29SEP2026,390000.000000,150,OPTSTK,NFO,5.000000,6001,False
123451,LTM29SEP265400CE,LTM,29SEP2026,540000.000000,150,OPTSTK,NFO,5.000000,6001,False
123489,PHOENIXLTD23NOV261920PE,PHOENIXLTD,23NOV2026,192000.000000,350,OPTSTK,NFO,5.000000,14001,False
123492,PHOENIXLTD23NOV262000CE,PHOENIXLTD,23NOV2026,200000.000000,350,OPTSTK,NFO,5.000000,14001,False
123501,PHOENIXLTD23NOV262160PE,PHOENIXLTD,23NOV2026,216000.000000,350,OPTSTK,NFO,5.000000,14001,False
123504,PHOENIXLTD23NOV262240CE,PHOENIXLTD,23NOV2026,224000.000000,350,OPTSTK,NFO,5.000000,14001,False
123579,PIDILITIND27OCT261500PE,PIDILITIND,27OCT2026,150000.000000,500,OPTSTK,NFO,5.000000,15001,False
123590,PIDILITIND27OCT261740CE,PIDILITIND,27OCT2026,174000.000000,500,OPTSTK,NFO,5.000000,15001,False
123646,PIDILITIND23NOV261640CE,PIDILITIND,23NOV2026,164000.000000,500,OPTSTK,NFO,5.000000,15001,False
123649,PIDILITIND23NOV261680PE,PIDILITIND,23NOV2026,168000.000000,500,OPTSTK,NFO,5.000000,15001,False
123707,PIIND27OCT262650PE,PIIND,27OCT2026,265000.000000,175,OPTSTK,NFO,5.000000,8751,False
123738,PIIND23NOV262000CE,PIIND,23NOV2026,200000.000000,175,OPTSTK,NFO,5.000000,8751,False
123752,PIIND23NOV262200PE,PIIND,23NOV2026,220000.000000,175,OPTSTK,NFO,5.000000,8751,False
123856,PNB27OCT26107CE,PNB,27OCT2026,10700.000000,8000,OPTSTK,NFO,1.000000,240001,False
123861,PNB27OCT26111PE,PNB,27OCT2026,11100.000000,8000,OPTSTK,NFO,1.000000,240001,False
123885,LUPIN29SEP261800PE,LUPIN,29SEP2026,180000.000000,425,OPTSTK,NFO,5.000000,12751,False
123900,LUPIN29SEP262000CE,LUPIN,29SEP2026,200000.000000,425,OPTSTK,NFO,5.000000,12751,False
123949,LUPIN29SEP262320CE,LUPIN,29SEP2026,232000.000000,425,OPTSTK,NFO,5.000000,12751,False
123990,PNB23NOV26106CE,PNB,23NOV2026,10600.000000,8000,OPTSTK,NFO,1.000000,240001,False
124011,PNB23NOV26124PE,PNB,23NOV2026,12400.000000,8000,OPTSTK,NFO,1.000000,240001,False
124021,PNB23NOV26128PE,PNB,23NOV2026,12800.000000,8000,OPTSTK,NFO,1.000000,240001,False
124066,PNBHOUSING27OCT261060CE,PNBHOUSING,27OCT2026,106000.000000,650,OPTSTK,NFO,5.000000,19501,False
100010,HINDZINC27OCT26570CE,HINDZINC,27OCT2026,57000.000000,1225,OPTSTK,NFO,5.000000,36751,False
100071,DIVISLAB29SEP267400PE,DIVISLAB,29SEP2026,740000.000000,100,OPTSTK,NFO,5.000000,3001,False
100075,DIVISLAB29SEP267800PE,DIVISLAB,29SEP2026,780000.000000,100,OPTSTK,NFO,5.000000,3001,False
100131,PATANJALI29SEP26295CE,PATANJALI,29SEP2026,29500.000000,1075,OPTSTK,NFO,5.000000,64501,False
124072,PNBHOUSING27OCT261140CE,PNBHOUSING,27OCT2026,114000.000000,650,OPTSTK,NFO,5.000000,19501,False
124119,PNBHOUSING23NOV261200CE,PNBHOUSING,23NOV2026,120000.000000,650,OPTSTK,NFO,5.000000,19501,False
124123,PNBHOUSING23NOV261240PE,PNBHOUSING,23NOV2026,124000.000000,650,OPTSTK,NFO,5.000000,19501,False
124169,POLICYBZR27OCT261740PE,POLICYBZR,27OCT2026,174000.000000,350,OPTSTK,NFO,5.000000,14001,False
100137,HINDZINC23NOV26540CE,HINDZINC,23NOV2026,54000.000000,1225,OPTSTK,NFO,5.000000,36751,False
100178,PATANJALI29SEP26355PE,PATANJALI,29SEP2026,35500.000000,1075,OPTSTK,NFO,5.000000,64501,False
100182,PATANJALI29SEP26375PE,PATANJALI,29SEP2026,37500.000000,1075,OPTSTK,NFO,5.000000,64501,False
100356,HYUNDAI23NOV262080CE,HYUNDAI,23NOV2026,208000.000000,275,OPTSTK,NFO,5.000000,11001,False
124256,POLICYBZR23NOV261640CE,POLICYBZR,23NOV2026,164000.000000,350,OPTSTK,NFO,5.000000,14001,False
124266,POLICYBZR23NOV261840CE,POLICYBZR,23NOV2026,184000.000000,350,OPTSTK,NFO,5.000000,14001,False
124277,POLICYBZR23NOV262040PE,POLICYBZR,23NOV2026,204000.000000,350,OPTSTK,NFO,5.000000,14001,False
124312,POLYCAB27OCT267300CE,POLYCAB,27OCT2026,730000.000000,125,OPTSTK,NFO,5.000000,2501,False
100371,PATANJALI27OCT26300PE,PATANJALI,27OCT2026,30000.000000,1075,OPTSTK,NFO,5.000000,64501,False
100378,HYUNDAI23NOV262200CE,HYUNDAI,23NOV2026,220000.000000,275,OPTSTK,NFO,5.000000,11001,False
100383,HYUNDAI23NOV262280PE,HYUNDAI,23NOV2026,228000.000000,275,OPTSTK,NFO,5.000000,11001,False
100389,HYUNDAI23NOV262400PE,HYUNDAI,23NOV2026,240000.000000,275,OPTSTK,NFO,5.000000,11001,False
124318,POLYCAB27OCT267900CE,POLYCAB,27OCT2026,790000.000000,125,OPTSTK,NFO,5.000000,2501,False
124323,POLYCAB27OCT268300PE,POLYCAB,27OCT2026,830000.000000,125,OPTSTK,NFO,5.000000,2501,False
124339,POLYCAB27OCT269900PE,POLYCAB,27OCT2026,990000.000000,125,OPTSTK,NFO,5.000000,2501,False
124489,POLYCAB23NOV266800CE,POLYCAB,23NOV2026,680000.000000,125,OPTSTK,NFO,5.000000,2501,False
100455,PATANJALI27OCT26400CE,PATANJALI,27OCT2026,40000.000000,1075,OPTSTK,NFO,5.000000,64501,False
100502,DIXON29SEP2613000PE,DIXON,29SEP2026,1300000.000000,50,OPTSTK,NFO,5.000000,1501,False
100526,DIXON29SEP2615000PE,DIXON,29SEP2026,1500000.000000,50,OPTSTK,NFO,5.000000,1501,False
100588,DLF29SEP26560PE,DLF,29SEP2026,56000.000000,950,OPTSTK,NFO,5.000000,38001,False
124500,POLYCAB23NOV267600PE,POLYCAB,23NOV2026,760000.000000,125,OPTSTK,NFO,5.000000,2501,False
124507,POLYCAB23NOV268400CE,POLYCAB,23NOV2026,840000.000000,125,OPTSTK,NFO,5.000000,2501,False
124501,POLYCAB23NOV267800CE,POLYCAB,23NOV2026,780000.000000,125,OPTSTK,NFO,5.000000,2501,False
124506,POLYCAB23NOV268200PE,POLYCAB,23NOV2026,820000.000000,125,OPTSTK,NFO,5.000000,2501,False
100593,DLF29SEP26620CE,DLF,29SEP2026,62000.000000,950,OPTSTK,NFO,5.000000,38001,False
100614,PAYTM29SEP261260PE,PAYTM,29SEP2026,126000.000000,725,OPTSTK,NFO,5.000000,14501,False
100620,PAYTM29SEP261380PE,PAYTM,29SEP2026,138000.000000,725,OPTSTK,NFO,5.000000,14501,False
100639,DLF29SEP26760CE,DLF,29SEP2026,76000.000000,950,OPTSTK,NFO,5.000000,38001,False
124508,POLYCAB23NOV268400PE,POLYCAB,23NOV2026,840000.000000,125,OPTSTK,NFO,5.000000,2501,False
124542,POLYCAB23NOV2610400PE,POLYCAB,23NOV2026,1040000.000000,125,OPTSTK,NFO,5.000000,2501,False
124619,POWERGRID27OCT26262.5PE,POWERGRID,27OCT2026,26250.000000,1900,OPTSTK,NFO,5.000000,76001,False
124615,POWERGRID27OCT26252.5PE,POWERGRID,27OCT2026,25250.000000,1900,OPTSTK,NFO,5.000000,76001,False
100641,PAYTM29SEP261800PE,PAYTM,29SEP2026,180000.000000,725,OPTSTK,NFO,5.000000,14501,False
100703,PAYTM27OCT261480PE,PAYTM,27OCT2026,148000.000000,725,OPTSTK,NFO,5.000000,14501,False
100709,PAYTM27OCT261600PE,PAYTM,27OCT2026,160000.000000,725,OPTSTK,NFO,5.000000,14501,False
100724,PAYTM27OCT261640PE,PAYTM,27OCT2026,164000.000000,725,OPTSTK,NFO,5.000000,14501,False
124626,POWERGRID27OCT26282.5CE,POWERGRID,27OCT2026,28250.000000,1900,OPTSTK,NFO,5.000000,76001,False
124632,POWERGRID27OCT26297.5CE,POWERGRID,27OCT2026,29750.000000,1900,OPTSTK,NFO,5.000000,76001,False
124693,POWERGRID23NOV26235CE,POWERGRID,23NOV2026,23500.000000,1900,OPTSTK,NFO,5.000000,76001,False
124695,M&M29SEP263700CE,M&M,29SEP2026,370000.000000,200,OPTSTK,NFO,5.000000,8001,False
100738,ICICIBANK27OCT261270CE,ICICIBANK,27OCT2026,127000.000000,700,OPTSTK,NFO,5.000000,21001,False
100752,ICICIBANK27OCT261410CE,ICICIBANK,27OCT2026,141000.000000,700,OPTSTK,NFO,5.000000,21001,False
100757,ICICIBANK27OCT261450PE,ICICIBANK,27OCT2026,145000.000000,700,OPTSTK,NFO,5.000000,21001,False
100764,ICICIBANK27OCT261530CE,ICICIBANK,27OCT2026,153000.000000,700,OPTSTK,NFO,5.000000,21001,False
124703,M&M29SEP263900PE,M&M,29SEP2026,390000.000000,200,OPTSTK,NFO,5.000000,8001,False
124705,M&M29SEP264000PE,M&M,29SEP2026,400000.000000,200,OPTSTK,NFO,5.000000,8001,False
124711,POWERGRID23NOV26250PE,POWERGRID,23NOV2026,25000.000000,1900,OPTSTK,NFO,5.000000,76001,False
124719,POWERGRID23NOV26270PE,POWERGRID,23NOV2026,27000.000000,1900,OPTSTK,NFO,5.000000,76001,False
100765,ICICIBANK27OCT261530PE,ICICIBANK,27OCT2026,153000.000000,700,OPTSTK,NFO,5.000000,21001,False
100766,ICICIBANK27OCT261550CE,ICICIBANK,27OCT2026,155000.000000,700,OPTSTK,NFO,5.000000,21001,False
100768,ICICIBANK27OCT261570CE,ICICIBANK,27OCT2026,157000.000000,700,OPTSTK,NFO,5.000000,21001,False
100769,ICICIBANK27OCT261570PE,ICICIBANK,27OCT2026,157000.000000,700,OPTSTK,NFO,5.000000,21001,False
124737,POWERGRID23NOV26300CE,POWERGRID,23NOV2026,30000.000000,1900,OPTSTK,NFO,5.000000,76001,False
124820,POWERINDIA27OCT2630500CE,POWERINDIA,27OCT2026,3050000.000000,25,OPTSTK,NFO,5.000000,751,False
124848,POWERINDIA27OCT2632500CE,POWERINDIA,27OCT2026,3250000.000000,25,OPTSTK,NFO,5.000000,751,False
124905,POWERINDIA23NOV2629000CE,POWERINDIA,23NOV2026,2900000.000000,25,OPTSTK,NFO,5.000000,751,False
100823,PERSISTENT29SEP265900CE,PERSISTENT,29SEP2026,590000.000000,125,OPTSTK,NFO,5.000000,3751,False
100827,PERSISTENT29SEP266300CE,PERSISTENT,29SEP2026,630000.000000,125,OPTSTK,NFO,5.000000,3751,False
100828,PERSISTENT29SEP266300PE,PERSISTENT,29SEP2026,630000.000000,125,OPTSTK,NFO,5.000000,3751,False
100858,PERSISTENT27OCT265200PE,PERSISTENT,27OCT2026,520000.000000,125,OPTSTK,NFO,5.000000,3751,False
124936,POWERINDIA23NOV2636000PE,POWERINDIA,23NOV2026,3600000.000000,25,OPTSTK,NFO,5.000000,751,False
124975,PREMIERENE27OCT26900PE,PREMIERENE,27OCT2026,90000.000000,650,OPTSTK,NFO,5.000000,26001,False
124976,PREMIERENE27OCT26940CE,PREMIERENE,27OCT2026,94000.000000,650,OPTSTK,NFO,5.000000,26001,False
124981,PREMIERENE27OCT261020PE,PREMIERENE,27OCT2026,102000.000000,650,OPTSTK,NFO,5.000000,26001,False
100863,PERSISTENT27OCT265800CE,PERSISTENT,27OCT2026,580000.000000,125,OPTSTK,NFO,5.000000,3751,False
100907,PETRONET29SEP26285CE,PETRONET,29SEP2026,28500.000000,1900,OPTSTK,NFO,5.000000,76001,False
100908,PETRONET29SEP26285PE,PETRONET,29SEP2026,28500.000000,1900,OPTSTK,NFO,5.000000,76001,False
100944,PETRONET27OCT26250PE,PETRONET,27OCT2026,25000.000000,1900,OPTSTK,NFO,5.000000,76001,False
125019,PREMIERENE23NOV26880PE,PREMIERENE,23NOV2026,88000.000000,650,OPTSTK,NFO,5.000000,26001,False
125060,PRESTIGE27OCT261340CE,PRESTIGE,27OCT2026,134000.000000,450,OPTSTK,NFO,5.000000,13501,False
125063,PRESTIGE27OCT261380PE,PRESTIGE,27OCT2026,138000.000000,450,OPTSTK,NFO,5.000000,13501,False
125082,MANAPPURAM29SEP26310PE,MANAPPURAM,29SEP2026,31000.000000,3000,OPTSTK,NFO,5.000000,60001,False
125099,MANAPPURAM29SEP26400CE,MANAPPURAM,29SEP2026,40000.000000,3000,OPTSTK,NFO,5.000000,60001,False
125107,PRESTIGE27OCT261620PE,PRESTIGE,27OCT2026,162000.000000,450,OPTSTK,NFO,5.000000,13501,False
125115,PRESTIGE27OCT261780PE,PRESTIGE,27OCT2026,178000.000000,450,OPTSTK,NFO,5.000000,13501,False
125188,PRESTIGE23NOV261480CE,PRESTIGE,23NOV2026,148000.000000,450,OPTSTK,NFO,5.000000,13501,False
100958,PETRONET27OCT26280PE,PETRONET,27OCT2026,28000.000000,1900,OPTSTK,NFO,5.000000,76001,False
100962,PETRONET27OCT26300PE,PETRONET,27OCT2026,30000.000000,1900,OPTSTK,NFO,5.000000,76001,False
100968,PETRONET27OCT26330CE,PETRONET,27OCT2026,33000.000000,1900,OPTSTK,NFO,5.000000,76001,False
100999,PFC29SEP26295CE,PFC,29SEP2026,29500.000000,1300,OPTSTK,NFO,5.000000,52001,False
125190,PRESTIGE23NOV261520CE,PRESTIGE,23NOV2026,152000.000000,450,OPTSTK,NFO,5.000000,13501,False
125194,PRESTIGE23NOV261600CE,PRESTIGE,23NOV2026,160000.000000,450,OPTSTK,NFO,5.000000,13501,False
125203,PRESTIGE23NOV261760PE,PRESTIGE,23NOV2026,176000.000000,450,OPTSTK,NFO,5.000000,13501,False
125341,RADICO23NOV264800CE,RADICO,23NOV2026,480000.000000,150,OPTSTK,NFO,5.000000,6001,False
101001,PFC29SEP26305CE,PFC,29SEP2026,30500.000000,1300,OPTSTK,NFO,5.000000,52001,False
101063,ICICIBANK23NOV261200CE,ICICIBANK,23NOV2026,120000.000000,700,OPTSTK,NFO,5.000000,21001,False
101072,PFC29SEP26435PE,PFC,29SEP2026,43500.000000,1300,OPTSTK,NFO,5.000000,52001,False
101112,PFC27OCT26280PE,PFC,27OCT2026,28000.000000,1300,OPTSTK,NFO,5.000000,52001,False
125441,RBLBANK27OCT26345CE,RBLBANK,27OCT2026,34500.000000,3175,OPTSTK,NFO,5.000000,63501,False
125442,MANKIND29SEP262000CE,MANKIND,29SEP2026,200000.000000,250,OPTSTK,NFO,5.000000,10001,False
125451,MANKIND29SEP262160PE,MANKIND,29SEP2026,216000.000000,250,OPTSTK,NFO,5.000000,10001,False
125454,MANKIND29SEP262240CE,MANKIND,29SEP2026,224000.000000,250,OPTSTK,NFO,5.000000,10001,False
101117,PFC27OCT26300CE,PFC,27OCT2026,30000.000000,1300,OPTSTK,NFO,5.000000,52001,False
101135,ICICIBANK23NOV261300PE,ICICIBANK,23NOV2026,130000.000000,700,OPTSTK,NFO,5.000000,21001,False
101137,ICICIBANK23NOV261320PE,ICICIBANK,23NOV2026,132000.000000,700,OPTSTK,NFO,5.000000,21001,False
101145,ICICIBANK23NOV261400PE,ICICIBANK,23NOV2026,140000.000000,700,OPTSTK,NFO,5.000000,21001,False
125455,MANKIND29SEP262240PE,MANKIND,29SEP2026,224000.000000,250,OPTSTK,NFO,5.000000,10001,False
125476,MANKIND29SEP262680CE,MANKIND,29SEP2026,268000.000000,250,OPTSTK,NFO,5.000000,10001,False
125484,MANKIND29SEP262760PE,MANKIND,29SEP2026,276000.000000,250,OPTSTK,NFO,5.000000,10001,False
125489,MANKIND29SEP262800PE,MANKIND,29SEP2026,280000.000000,250,OPTSTK,NFO,5.000000,10001,False
101160,DMART29SEP263300CE,DMART,29SEP2026,330000.000000,150,OPTSTK,NFO,5.000000,6001,False
101163,DMART29SEP263400PE,DMART,29SEP2026,340000.000000,150,OPTSTK,NFO,5.000000,6001,False
101188,ICICIBANK23NOV261580CE,ICICIBANK,23NOV2026,158000.000000,700,OPTSTK,NFO,5.000000,21001,False
101190,ICICIBANK23NOV261600CE,ICICIBANK,23NOV2026,160000.000000,700,OPTSTK,NFO,5.000000,21001,False
125521,RBLBANK27OCT26425CE,RBLBANK,27OCT2026,42500.000000,3175,OPTSTK,NFO,5.000000,63501,False
125527,RBLBANK27OCT26455CE,RBLBANK,27OCT2026,45500.000000,3175,OPTSTK,NFO,5.000000,63501,False
125578,RBLBANK23NOV26380PE,RBLBANK,23NOV2026,38000.000000,3175,OPTSTK,NFO,5.000000,63501,False
125601,MARICO29SEP26680CE,MARICO,29SEP2026,68000.000000,1200,OPTSTK,NFO,5.000000,36001,False
101232,DMART29SEP263700CE,DMART,29SEP2026,370000.000000,150,OPTSTK,NFO,5.000000,6001,False
101236,DMART29SEP263900CE,DMART,29SEP2026,390000.000000,150,OPTSTK,NFO,5.000000,6001,False
101249,DMART29SEP264500PE,DMART,29SEP2026,450000.000000,150,OPTSTK,NFO,5.000000,6001,False
101325,DMART29SEP264600CE,DMART,29SEP2026,460000.000000,150,OPTSTK,NFO,5.000000,6001,False
125606,RBLBANK23NOV26420PE,RBLBANK,23NOV2026,42000.000000,3175,OPTSTK,NFO,5.000000,63501,False
125609,RBLBANK23NOV26440CE,RBLBANK,23NOV2026,44000.000000,3175,OPTSTK,NFO,5.000000,63501,False
125651,RECLTD27OCT26295CE,RECLTD,27OCT2026,29500.000000,1575,OPTSTK,NFO,5.000000,63001,False
125655,RECLTD27OCT26315CE,RECLTD,27OCT2026,31500.000000,1575,OPTSTK,NFO,5.000000,63001,False
101336,ICICIGI27OCT261420CE,ICICIGI,27OCT2026,142000.000000,325,OPTSTK,NFO,5.000000,13001,False
101340,ICICIGI27OCT261500CE,ICICIGI,27OCT2026,150000.000000,325,OPTSTK,NFO,5.000000,13001,False
101352,ICICIGI27OCT261740CE,ICICIGI,27OCT2026,174000.000000,325,OPTSTK,NFO,5.000000,13001,False
101355,ICICIGI27OCT261780PE,ICICIGI,27OCT2026,178000.000000,325,OPTSTK,NFO,5.000000,13001,False
125656,RECLTD27OCT26315PE,RECLTD,27OCT2026,31500.000000,1575,OPTSTK,NFO,5.000000,63001,False
125661,RECLTD27OCT26345CE,RECLTD,27OCT2026,34500.000000,1575,OPTSTK,NFO,5.000000,63001,False
125718,RECLTD23NOV26270PE,RECLTD,23NOV2026,27000.000000,1575,OPTSTK,NFO,5.000000,63001,False
125730,RECLTD23NOV26320PE,RECLTD,23NOV2026,32000.000000,1575,OPTSTK,NFO,5.000000,63001,False
101371,PFC27OCT26380CE,PFC,27OCT2026,38000.000000,1300,OPTSTK,NFO,5.000000,52001,False
101372,PFC27OCT26380PE,PFC,27OCT2026,38000.000000,1300,OPTSTK,NFO,5.000000,52001,False
101373,PFC27OCT26390CE,PFC,27OCT2026,39000.000000,1300,OPTSTK,NFO,5.000000,52001,False
101390,PFC27OCT26410PE,PFC,27OCT2026,41000.000000,1300,OPTSTK,NFO,5.000000,52001,False
125735,RECLTD23NOV26350CE,RECLTD,23NOV2026,35000.000000,1575,OPTSTK,NFO,5.000000,63001,False
125759,MARICO29SEP26820PE,MARICO,29SEP2026,82000.000000,1200,OPTSTK,NFO,5.000000,36001,False
125775,MARICO29SEP26880CE,MARICO,29SEP2026,88000.000000,1200,OPTSTK,NFO,5.000000,36001,False
125776,MARICO29SEP26880PE,MARICO,29SEP2026,88000.000000,1200,OPTSTK,NFO,5.000000,36001,False
101506,ICICIGI23NOV261320PE,ICICIGI,23NOV2026,132000.000000,325,OPTSTK,NFO,5.000000,13001,False
101587,ICICIGI23NOV261600PE,ICICIGI,23NOV2026,160000.000000,325,OPTSTK,NFO,5.000000,13001,False
125847,RELIANCE27OCT261190CE,RELIANCE,27OCT2026,119000.000000,500,OPTSTK,NFO,5.000000,20001,False
125972,RELIANCE23NOV261040PE,RELIANCE,23NOV2026,104000.000000,500,OPTSTK,NFO,5.000000,20001,False
125979,RELIANCE23NOV261120CE,RELIANCE,23NOV2026,112000.000000,500,OPTSTK,NFO,5.000000,20001,False
125984,RELIANCE23NOV261160PE,RELIANCE,23NOV2026,116000.000000,500,OPTSTK,NFO,5.000000,20001,False
101395,PFC27OCT26420CE,PFC,27OCT2026,42000.000000,1300,OPTSTK,NFO,5.000000,52001,False
101526,ICICIGI23NOV261400CE,ICICIGI,23NOV2026,140000.000000,325,OPTSTK,NFO,5.000000,13001,False
101592,ICICIGI23NOV261720CE,ICICIGI,23NOV2026,172000.000000,325,OPTSTK,NFO,5.000000,13001,False
101599,ICICIGI23NOV261840CE,ICICIGI,23NOV2026,184000.000000,325,OPTSTK,NFO,5.000000,13001,False
101626,PGEL27OCT26480CE,PGEL,27OCT2026,48000.000000,950,OPTSTK,NFO,5.000000,38001,False
101678,PGEL27OCT26680PE,PGEL,27OCT2026,68000.000000,950,OPTSTK,NFO,5.000000,38001,False
125985,RELIANCE23NOV261180CE,RELIANCE,23NOV2026,118000.000000,500,OPTSTK,NFO,5.000000,20001,False
125988,RELIANCE23NOV261200PE,RELIANCE,23NOV2026,120000.000000,500,OPTSTK,NFO,5.000000,20001,False
125991,RELIANCE23NOV261240CE,RELIANCE,23NOV2026,124000.000000,500,OPTSTK,NFO,5.000000,20001,False
125998,RELIANCE23NOV261300PE,RELIANCE,23NOV2026,130000.000000,500,OPTSTK,NFO,5.000000,20001,False
101684,ICICIPRULI27OCT26455CE,ICICIPRULI,27OCT2026,45500.000000,925,OPTSTK,NFO,5.000000,46251,False
101702,ICICIPRULI27OCT26485CE,ICICIPRULI,27OCT2026,48500.000000,925,OPTSTK,NFO,5.000000,46251,False
101705,ICICIPRULI27OCT26495CE,ICICIPRULI,27OCT2026,49500.000000,925,OPTSTK,NFO,5.000000,46251,False
101733,ICICIPRULI27OCT26555PE,ICICIPRULI,27OCT2026,55500.000000,925,OPTSTK,NFO,5.000000,46251,False
126010,RELIANCE23NOV261420CE,RELIANCE,23NOV2026,142000.000000,500,OPTSTK,NFO,5.000000,20001,False
126012,RELIANCE23NOV261440CE,RELIANCE,23NOV2026,144000.000000,500,OPTSTK,NFO,5.000000,20001,False
126013,RELIANCE23NOV261440PE,RELIANCE,23NOV2026,144000.000000,500,OPTSTK,NFO,5.000000,20001,False
126017,RELIANCE23NOV261480PE,RELIANCE,23NOV2026,148000.000000,500,OPTSTK,NFO,5.000000,20001,False
101817,DRREDDY29SEP261000PE,DRREDDY,29SEP2026,100000.000000,625,OPTSTK,NFO,5.000000,18751,False
101820,PHOENIXLTD29SEP261740PE,PHOENIXLTD,29SEP2026,174000.000000,350,OPTSTK,NFO,5.000000,14001,False
101835,DRREDDY29SEP261040PE,DRREDDY,29SEP2026,104000.000000,625,OPTSTK,NFO,5.000000,18751,False
101837,DRREDDY29SEP261060PE,DRREDDY,29SEP2026,106000.000000,625,OPTSTK,NFO,5.000000,18751,False
126078,RVNL27OCT26235PE,RVNL,27OCT2026,23500.000000,1925,OPTSTK,NFO,1.000000,96251,False
126113,RVNL23NOV26220CE,RVNL,23NOV2026,22000.000000,1925,OPTSTK,NFO,1.000000,96251,False
126116,RVNL23NOV26230PE,RVNL,23NOV2026,23000.000000,1925,OPTSTK,NFO,1.000000,96251,False
126117,RVNL23NOV26240CE,RVNL,23NOV2026,24000.000000,1925,OPTSTK,NFO,1.000000,96251,False
101838,DRREDDY29SEP261080CE,DRREDDY,29SEP2026,108000.000000,625,OPTSTK,NFO,5.000000,18751,False
101859,DRREDDY29SEP261140CE,DRREDDY,29SEP2026,114000.000000,625,OPTSTK,NFO,5.000000,18751,False
101879,DRREDDY29SEP261180PE,DRREDDY,29SEP2026,118000.000000,625,OPTSTK,NFO,5.000000,18751,False
101883,ICICIPRULI23NOV26380CE,ICICIPRULI,23NOV2026,38000.000000,925,OPTSTK,NFO,5.000000,46251,False
126168,SAGILITY29SEP2643PE,SAGILITY,29SEP2026,4300.000000,12000,OPTSTK,NFO,1.000000,480001,False
126170,SAGILITY29SEP2644PE,SAGILITY,29SEP2026,4400.000000,12000,OPTSTK,NFO,1.000000,480001,False
126183,SAGILITY29SEP2651CE,SAGILITY,29SEP2026,5100.000000,12000,OPTSTK,NFO,1.000000,480001,False
126230,SAGILITY27OCT2642PE,SAGILITY,27OCT2026,4200.000000,12000,OPTSTK,NFO,1.000000,480001,False
126235,SAGILITY27OCT2645CE,SAGILITY,27OCT2026,4500.000000,12000,OPTSTK,NFO,1.000000,480001,False
126240,SAGILITY27OCT2647PE,SAGILITY,27OCT2026,4700.000000,12000,OPTSTK,NFO,1.000000,480001,False
126253,SAGILITY27OCT2654CE,SAGILITY,27OCT2026,5400.000000,12000,OPTSTK,NFO,1.000000,480001,False
126292,SAGILITY23NOV2642CE,SAGILITY,23NOV2026,4200.000000,12000,OPTSTK,NFO,1.000000,480001,False
101892,ICICIPRULI23NOV26410PE,ICICIPRULI,23NOV2026,41000.000000,925,OPTSTK,NFO,5.000000,46251,False
101897,ICICIPRULI23NOV26440CE,ICICIPRULI,23NOV2026,44000.000000,925,OPTSTK,NFO,5.000000,46251,False
101909,DRREDDY29SEP261240CE,DRREDDY,29SEP2026,124000.000000,625,OPTSTK,NFO,5.000000,18751,False
101915,DRREDDY29SEP261300CE,DRREDDY,29SEP2026,130000.000000,625,OPTSTK,NFO,5.000000,18751,False
126296,SAGILITY23NOV2646CE,SAGILITY,23NOV2026,4600.000000,12000,OPTSTK,NFO,1.000000,480001,False
126300,SAGILITY23NOV2650CE,SAGILITY,23NOV2026,5000.000000,12000,OPTSTK,NFO,1.000000,480001,False
126313,SAGILITY23NOV2654CE,SAGILITY,23NOV2026,5400.000000,12000,OPTSTK,NFO,1.000000,480001,False
126376,SAIL27OCT26177.5PE,SAIL,27OCT2026,17750.000000,4700,OPTSTK,NFO,1.000000,141001,False
101922,DRREDDY29SEP261340PE,DRREDDY,29SEP2026,134000.000000,625,OPTSTK,NFO,5.000000,18751,False
101924,PHOENIXLTD27OCT261600PE,PHOENIXLTD,27OCT2026,160000.000000,350,OPTSTK,NFO,5.000000,14001,False
101936,PHOENIXLTD27OCT261800CE,PHOENIXLTD,27OCT2026,180000.000000,350,OPTSTK,NFO,5.000000,14001,False
101938,DRREDDY29SEP261380PE,DRREDDY,29SEP2026,138000.000000,625,OPTSTK,NFO,5.000000,18751,False
126381,SAIL27OCT26187.5CE,SAIL,27OCT2026,18750.000000,4700,OPTSTK,NFO,1.000000,141001,False
126397,SAIL27OCT26197.5CE,SAIL,27OCT2026,19750.000000,4700,OPTSTK,NFO,1.000000,141001,False
126403,MARUTI29SEP2610800CE,MARUTI,29SEP2026,1080000.000000,50,OPTSTK,NFO,5.000000,2001,False
126408,MARUTI29SEP2611200PE,MARUTI,29SEP2026,1120000.000000,50,OPTSTK,NFO,5.000000,2001,False
101941,PHOENIXLTD27OCT261840PE,PHOENIXLTD,27OCT2026,184000.000000,350,OPTSTK,NFO,5.000000,14001,False
101950,PHOENIXLTD27OCT262040CE,PHOENIXLTD,27OCT2026,204000.000000,350,OPTSTK,NFO,5.000000,14001,False
101959,PHOENIXLTD27OCT262080PE,PHOENIXLTD,27OCT2026,208000.000000,350,OPTSTK,NFO,5.000000,14001,False
101991,ICICIPRULI23NOV26460CE,ICICIPRULI,23NOV2026,46000.000000,925,OPTSTK,NFO,5.000000,46251,False
126417,MARUTI29SEP2612000CE,MARUTI,29SEP2026,1200000.000000,50,OPTSTK,NFO,5.000000,2001,False
126428,MARUTI29SEP2613000PE,MARUTI,29SEP2026,1300000.000000,50,OPTSTK,NFO,5.000000,2001,False
126429,MARUTI29SEP2613200CE,MARUTI,29SEP2026,1320000.000000,50,OPTSTK,NFO,5.000000,2001,False
126437,MARUTI29SEP2614000CE,MARUTI,29SEP2026,1400000.000000,50,OPTSTK,NFO,5.000000,2001,False
102002,ICICIPRULI23NOV26470PE,ICICIPRULI,23NOV2026,47000.000000,925,OPTSTK,NFO,5.000000,46251,False
102006,ICICIPRULI23NOV26490PE,ICICIPRULI,23NOV2026,49000.000000,925,OPTSTK,NFO,5.000000,46251,False
102009,ICICIPRULI23NOV26510CE,ICICIPRULI,23NOV2026,51000.000000,925,OPTSTK,NFO,5.000000,46251,False
102018,ICICIPRULI23NOV26550PE,ICICIPRULI,23NOV2026,55000.000000,925,OPTSTK,NFO,5.000000,46251,False
126444,MARUTI29SEP2614600PE,MARUTI,29SEP2026,1460000.000000,50,OPTSTK,NFO,5.000000,2001,False
126540,SAIL23NOV26195CE,SAIL,23NOV2026,19500.000000,4700,OPTSTK,NFO,1.000000,141001,False
126541,SAIL23NOV26195PE,SAIL,23NOV2026,19500.000000,4700,OPTSTK,NFO,1.000000,141001,False
126551,SAIL23NOV26210PE,SAIL,23NOV2026,21000.000000,4700,OPTSTK,NFO,1.000000,141001,False
102027,ICICIPRULI23NOV26580CE,ICICIPRULI,23NOV2026,58000.000000,925,OPTSTK,NFO,5.000000,46251,False
102075,IDEA27OCT2619CE,IDEA,27OCT2026,1900.000000,71475,OPTSTK,NFO,1.000000,1429501,False
102092,IDEA23NOV2612PE,IDEA,23NOV2026,1200.000000,71475,OPTSTK,NFO,1.000000,1429501,False
102171,IDFCFIRSTB27OCT2681PE,IDFCFIRSTB,27OCT2026,8100.000000,9275,OPTSTK,NFO,1.000000,278251,False
126592,SBICARD27OCT26610CE,SBICARD,27OCT2026,61000.000000,800,OPTSTK,NFO,5.000000,40001,False
126594,SBICARD27OCT26630CE,SBICARD,27OCT2026,63000.000000,800,OPTSTK,NFO,5.000000,40001,False
126599,SBICARD27OCT26670PE,SBICARD,27OCT2026,67000.000000,800,OPTSTK,NFO,5.000000,40001,False
126604,SBICARD27OCT26730CE,SBICARD,27OCT2026,73000.000000,800,OPTSTK,NFO,5.000000,40001,False
102175,IDFCFIRSTB27OCT2685PE,IDFCFIRSTB,27OCT2026,8500.000000,9275,OPTSTK,NFO,1.000000,278251,False
102177,IDFCFIRSTB27OCT2687PE,IDFCFIRSTB,27OCT2026,8700.000000,9275,OPTSTK,NFO,1.000000,278251,False
102181,IDFCFIRSTB27OCT2689PE,IDFCFIRSTB,27OCT2026,8900.000000,9275,OPTSTK,NFO,1.000000,278251,False
102271,PIDILITIND29SEP261660CE,PIDILITIND,29SEP2026,166000.000000,500,OPTSTK,NFO,5.000000,15001,False
126645,SBICARD23NOV26580PE,SBICARD,23NOV2026,58000.000000,800,OPTSTK,NFO,5.000000,40001,False
126652,SBICARD23NOV26660CE,SBICARD,23NOV2026,66000.000000,800,OPTSTK,NFO,5.000000,40001,False
126856,SBILIFE23NOV261600PE,SBILIFE,23NOV2026,160000.000000,375,OPTSTK,NFO,5.000000,15001,False
126877,SBILIFE23NOV261880CE,SBILIFE,23NOV2026,188000.000000,375,OPTSTK,NFO,5.000000,15001,False
126884,SBILIFE23NOV262000CE,SBILIFE,23NOV2026,200000.000000,375,OPTSTK,NFO,5.000000,15001,False
126952,MAXHEALTH29SEP261000PE,MAXHEALTH,29SEP2026,100000.000000,525,OPTSTK,NFO,5.000000,21001,False
126954,MAXHEALTH29SEP261020PE,MAXHEALTH,29SEP2026,102000.000000,525,OPTSTK,NFO,5.000000,21001,False
126955,MAXHEALTH29SEP261040CE,MAXHEALTH,29SEP2026,104000.000000,525,OPTSTK,NFO,5.000000,21001,False
102305,EICHERMOT29SEP267000PE,EICHERMOT,29SEP2026,700000.000000,100,OPTSTK,NFO,5.000000,3001,False
102314,EICHERMOT29SEP267800CE,EICHERMOT,29SEP2026,780000.000000,100,OPTSTK,NFO,5.000000,3001,False
102319,EICHERMOT29SEP268200PE,EICHERMOT,29SEP2026,820000.000000,100,OPTSTK,NFO,5.000000,3001,False
102321,EICHERMOT29SEP268400PE,EICHERMOT,29SEP2026,840000.000000,100,OPTSTK,NFO,5.000000,3001,False
126969,MAXHEALTH29SEP261180CE,MAXHEALTH,29SEP2026,118000.000000,525,OPTSTK,NFO,5.000000,21001,False
126979,MAXHEALTH29SEP261280CE,MAXHEALTH,29SEP2026,128000.000000,525,OPTSTK,NFO,5.000000,21001,False
127006,SBIN27OCT26970CE,SBIN,27OCT2026,97000.000000,750,OPTSTK,NFO,5.000000,22501,False
127024,SBIN27OCT261150CE,SBIN,27OCT2026,115000.000000,750,OPTSTK,NFO,5.000000,22501,False
102326,EICHERMOT29SEP269000CE,EICHERMOT,29SEP2026,900000.000000,100,OPTSTK,NFO,5.000000,3001,False
102331,EICHERMOT29SEP269400PE,EICHERMOT,29SEP2026,940000.000000,100,OPTSTK,NFO,5.000000,3001,False
102359,PIDILITIND29SEP261820PE,PIDILITIND,29SEP2026,182000.000000,500,OPTSTK,NFO,5.000000,15001,False
102365,IDFCFIRSTB23NOV2682PE,IDFCFIRSTB,23NOV2026,8200.000000,9275,OPTSTK,NFO,1.000000,278251,False
127152,SBIN23NOV26980CE,SBIN,23NOV2026,98000.000000,750,OPTSTK,NFO,5.000000,22501,False
127144,SBIN23NOV26900CE,SBIN,23NOV2026,90000.000000,750,OPTSTK,NFO,5.000000,22501,False
127146,SBIN23NOV26920CE,SBIN,23NOV2026,92000.000000,750,OPTSTK,NFO,5.000000,22501,False
127151,SBIN23NOV26960PE,SBIN,23NOV2026,96000.000000,750,OPTSTK,NFO,5.000000,22501,False
102401,IDFCFIRSTB23NOV2694PE,IDFCFIRSTB,23NOV2026,9400.000000,9275,OPTSTK,NFO,1.000000,278251,False
102449,PIDILITIND27OCT261480PE,PIDILITIND,27OCT2026,148000.000000,500,OPTSTK,NFO,5.000000,15001,False
102475,PIDILITIND27OCT261880PE,PIDILITIND,27OCT2026,188000.000000,500,OPTSTK,NFO,5.000000,15001,False
102511,PIIND29SEP262050CE,PIIND,29SEP2026,205000.000000,175,OPTSTK,NFO,5.000000,8751,False
127157,SBIN23NOV261020PE,SBIN,23NOV2026,102000.000000,750,OPTSTK,NFO,5.000000,22501,False
127162,SBIN23NOV261080CE,SBIN,23NOV2026,108000.000000,750,OPTSTK,NFO,5.000000,22501,False
127179,SBIN23NOV261240PE,SBIN,23NOV2026,124000.000000,750,OPTSTK,NFO,5.000000,22501,False
127222,SHREECEM27OCT2621750CE,SHREECEM,27OCT2026,2175000.000000,25,OPTSTK,NFO,5.000000,1001,False
102519,PIIND29SEP262350CE,PIIND,29SEP2026,235000.000000,175,OPTSTK,NFO,5.000000,8751,False
102528,PIIND29SEP262750CE,PIIND,29SEP2026,275000.000000,175,OPTSTK,NFO,5.000000,8751,False
102573,ETERNAL29SEP26350PE,ETERNAL,29SEP2026,35000.000000,2425,OPTSTK,NFO,5.000000,72751,False
102574,ETERNAL29SEP26360CE,ETERNAL,29SEP2026,36000.000000,2425,OPTSTK,NFO,5.000000,72751,False
127242,SHREECEM27OCT2626750CE,SHREECEM,27OCT2026,2675000.000000,25,OPTSTK,NFO,5.000000,1001,False
127245,SHREECEM27OCT2627250PE,SHREECEM,27OCT2026,2725000.000000,25,OPTSTK,NFO,5.000000,1001,False
127304,SHREECEM23NOV2622500CE,SHREECEM,23NOV2026,2250000.000000,25,OPTSTK,NFO,5.000000,1001,False
127320,SHREECEM23NOV2626500CE,SHREECEM,23NOV2026,2650000.000000,25,OPTSTK,NFO,5.000000,1001,False
102575,ETERNAL29SEP26360PE,ETERNAL,29SEP2026,36000.000000,2425,OPTSTK,NFO,5.000000,72751,False
102679,FEDERALBNK29SEP26300PE,FEDERALBNK,29SEP2026,30000.000000,2500,OPTSTK,NFO,5.000000,75001,False
102695,IEX23NOV2690PE,IEX,23NOV2026,9000.000000,4350,OPTSTK,NFO,1.000000,174001,False
102708,IEX23NOV26105CE,IEX,23NOV2026,10500.000000,4350,OPTSTK,NFO,1.000000,174001,False
127321,SHREECEM23NOV2626500PE,SHREECEM,23NOV2026,2650000.000000,25,OPTSTK,NFO,5.000000,1001,False
127327,SHREECEM23NOV2628000PE,SHREECEM,23NOV2026,2800000.000000,25,OPTSTK,NFO,5.000000,1001,False
127374,SHRIRAMFIN27OCT26940CE,SHRIRAMFIN,27OCT2026,94000.000000,825,OPTSTK,NFO,5.000000,24751,False
127375,SHRIRAMFIN27OCT26940PE,SHRIRAMFIN,27OCT2026,94000.000000,825,OPTSTK,NFO,5.000000,24751,False
102719,PIIND27OCT262800PE,PIIND,27OCT2026,280000.000000,175,OPTSTK,NFO,5.000000,8751,False
102740,IEX23NOV26120PE,IEX,23NOV2026,12000.000000,4350,OPTSTK,NFO,1.000000,174001,False
102745,IEX23NOV26125PE,IEX,23NOV2026,12500.000000,4350,OPTSTK,NFO,1.000000,174001,False
102835,PNB29SEP26109CE,PNB,29SEP2026,10900.000000,8000,OPTSTK,NFO,1.000000,240001,False
127452,MAZDOCK29SEP262100PE,MAZDOCK,29SEP2026,210000.000000,225,OPTSTK,NFO,5.000000,9001,False
127453,MAZDOCK29SEP262200CE,MAZDOCK,29SEP2026,220000.000000,225,OPTSTK,NFO,5.000000,9001,False
127458,MAZDOCK29SEP262300CE,MAZDOCK,29SEP2026,230000.000000,225,OPTSTK,NFO,5.000000,9001,False
127463,MAZDOCK29SEP262500PE,MAZDOCK,29SEP2026,250000.000000,225,OPTSTK,NFO,5.000000,9001,False
102854,PNB29SEP26125PE,PNB,29SEP2026,12500.000000,8000,OPTSTK,NFO,1.000000,240001,False
102857,PNB29SEP26129CE,PNB,29SEP2026,12900.000000,8000,OPTSTK,NFO,1.000000,240001,False
102860,INDHOTEL27OCT26690CE,INDHOTEL,27OCT2026,69000.000000,1000,OPTSTK,NFO,5.000000,30001,False
102870,INDHOTEL27OCT26790CE,INDHOTEL,27OCT2026,79000.000000,1000,OPTSTK,NFO,5.000000,30001,False
127468,MAZDOCK29SEP262800CE,MAZDOCK,29SEP2026,280000.000000,225,OPTSTK,NFO,5.000000,9001,False
127470,MAZDOCK29SEP262900CE,MAZDOCK,29SEP2026,290000.000000,225,OPTSTK,NFO,5.000000,9001,False
127495,SHRIRAMFIN23NOV261160CE,SHRIRAMFIN,23NOV2026,116000.000000,825,OPTSTK,NFO,5.000000,24751,False
127507,SHRIRAMFIN23NOV261240PE,SHRIRAMFIN,23NOV2026,124000.000000,825,OPTSTK,NFO,5.000000,24751,False
103018,PNB27OCT26100CE,PNB,27OCT2026,10000.000000,8000,OPTSTK,NFO,1.000000,240001,False
103032,PNB27OCT26108CE,PNB,27OCT2026,10800.000000,8000,OPTSTK,NFO,1.000000,240001,False
103042,PNB27OCT26118CE,PNB,27OCT2026,11800.000000,8000,OPTSTK,NFO,1.000000,240001,False
103050,PNB27OCT26120CE,PNB,27OCT2026,12000.000000,8000,OPTSTK,NFO,1.000000,240001,False
127618,SIEMENS27OCT264350PE,SIEMENS,27OCT2026,435000.000000,175,OPTSTK,NFO,5.000000,7001,False
127620,SIEMENS27OCT264450CE,SIEMENS,27OCT2026,445000.000000,175,OPTSTK,NFO,5.000000,7001,False
127665,SIEMENS23NOV263700PE,SIEMENS,23NOV2026,370000.000000,175,OPTSTK,NFO,5.000000,7001,False
127670,SIEMENS23NOV264000CE,SIEMENS,23NOV2026,400000.000000,175,OPTSTK,NFO,5.000000,7001,False
103059,FORCEMOT29SEP2618000CE,FORCEMOT,29SEP2026,1800000.000000,25,OPTSTK,NFO,5.000000,1251,False
103078,INDHOTEL23NOV26780CE,INDHOTEL,23NOV2026,78000.000000,1000,OPTSTK,NFO,5.000000,30001,False
103092,PNB27OCT26134CE,PNB,27OCT2026,13400.000000,8000,OPTSTK,NFO,1.000000,240001,False
103093,PNB27OCT26134PE,PNB,27OCT2026,13400.000000,8000,OPTSTK,NFO,1.000000,240001,False
127678,SIEMENS23NOV264400CE,SIEMENS,23NOV2026,440000.000000,175,OPTSTK,NFO,5.000000,7001,False
127682,SIEMENS23NOV264600CE,SIEMENS,23NOV2026,460000.000000,175,OPTSTK,NFO,5.000000,7001,False
127731,SOLARINDS27OCT2620750PE,SOLARINDS,27OCT2026,2075000.000000,50,OPTSTK,NFO,5.000000,1501,False
127840,SOLARINDS23NOV2618000PE,SOLARINDS,23NOV2026,1800000.000000,50,OPTSTK,NFO,5.000000,1501,False
103244,INDIANB27OCT26770CE,INDIANB,27OCT2026,77000.000000,1000,OPTSTK,NFO,5.000000,30001,False
103324,PNBHOUSING27OCT261000CE,PNBHOUSING,27OCT2026,100000.000000,650,OPTSTK,NFO,5.000000,19501,False
103469,INDIANB23NOV26820CE,INDIANB,23NOV2026,82000.000000,1000,OPTSTK,NFO,5.000000,30001,False
103473,POLICYBZR29SEP261780CE,POLICYBZR,29SEP2026,178000.000000,350,OPTSTK,NFO,5.000000,14001,False
127846,SOLARINDS23NOV2619500PE,SOLARINDS,23NOV2026,1950000.000000,50,OPTSTK,NFO,5.000000,1501,False
127847,SOLARINDS23NOV2620000CE,SOLARINDS,23NOV2026,2000000.000000,50,OPTSTK,NFO,5.000000,1501,False
127854,SOLARINDS23NOV2621500PE,SOLARINDS,23NOV2026,2150000.000000,50,OPTSTK,NFO,5.000000,1501,False
127855,SOLARINDS23NOV2622000CE,SOLARINDS,23NOV2026,2200000.000000,50,OPTSTK,NFO,5.000000,1501,False
103475,POLICYBZR29SEP261820CE,POLICYBZR,29SEP2026,182000.000000,350,OPTSTK,NFO,5.000000,14001,False
103476,INDIANB23NOV26860CE,INDIANB,23NOV2026,86000.000000,1000,OPTSTK,NFO,5.000000,30001,False
103483,INDIANB23NOV26920PE,INDIANB,23NOV2026,92000.000000,1000,OPTSTK,NFO,5.000000,30001,False
103539,POLICYBZR27OCT261560PE,POLICYBZR,27OCT2026,156000.000000,350,OPTSTK,NFO,5.000000,14001,False
127865,SOLARINDS23NOV2624000CE,SOLARINDS,23NOV2026,2400000.000000,50,OPTSTK,NFO,5.000000,1501,False
127867,MCX29SEP262500CE,MCX,29SEP2026,250000.000000,225,OPTSTK,NFO,5.000000,6751,False
127880,MCX29SEP263100CE,MCX,29SEP2026,310000.000000,225,OPTSTK,NFO,5.000000,6751,False
127881,MCX29SEP263100PE,MCX,29SEP2026,310000.000000,225,OPTSTK,NFO,5.000000,6751,False
103720,INDIGO27OCT264700CE,INDIGO,27OCT2026,470000.000000,150,OPTSTK,NFO,5.000000,4501,False
103554,POLICYBZR27OCT261760CE,POLICYBZR,27OCT2026,176000.000000,350,OPTSTK,NFO,5.000000,14001,False
103634,POLICYBZR27OCT261840CE,POLICYBZR,27OCT2026,184000.000000,350,OPTSTK,NFO,5.000000,14001,False
103638,FORTIS29SEP26820PE,FORTIS,29SEP2026,82000.000000,775,OPTSTK,NFO,5.000000,23251,False
127889,MCX29SEP263500PE,MCX,29SEP2026,350000.000000,225,OPTSTK,NFO,5.000000,6751,False
127896,SOLARINDS23NOV2624500CE,SOLARINDS,23NOV2026,2450000.000000,50,OPTSTK,NFO,5.000000,1501,False
127973,MFSL29SEP261280PE,MFSL,29SEP2026,128000.000000,400,OPTSTK,NFO,5.000000,16001,False
127975,MFSL29SEP261320PE,MFSL,29SEP2026,132000.000000,400,OPTSTK,NFO,5.000000,16001,False
103729,INDIGO27OCT264900PE,INDIGO,27OCT2026,490000.000000,150,OPTSTK,NFO,5.000000,4501,False
103734,INDIGO27OCT265300PE,INDIGO,27OCT2026,530000.000000,150,OPTSTK,NFO,5.000000,4501,False
103780,INDIGO23NOV264400PE,INDIGO,23NOV2026,440000.000000,150,OPTSTK,NFO,5.000000,4501,False
103784,INDIGO23NOV264800PE,INDIGO,23NOV2026,480000.000000,150,OPTSTK,NFO,5.000000,4501,False
127990,MFSL29SEP261640CE,MFSL,29SEP2026,164000.000000,400,OPTSTK,NFO,5.000000,16001,False
127996,MFSL29SEP261760CE,MFSL,29SEP2026,176000.000000,400,OPTSTK,NFO,5.000000,16001,False
128029,SONACOMS27OCT26750CE,SONACOMS,27OCT2026,75000.000000,1225,OPTSTK,NFO,5.000000,36751,False
128044,SONACOMS27OCT26870CE,SONACOMS,27OCT2026,87000.000000,1225,OPTSTK,NFO,5.000000,36751,False
103801,POLICYBZR27OCT262000CE,POLICYBZR,27OCT2026,200000.000000,350,OPTSTK,NFO,5.000000,14001,False
103889,INDUSINDBK27OCT26990CE,INDUSINDBK,27OCT2026,99000.000000,700,OPTSTK,NFO,5.000000,28001,False
103893,INDUSINDBK27OCT261030CE,INDUSINDBK,27OCT2026,103000.000000,700,OPTSTK,NFO,5.000000,28001,False
103898,INDUSINDBK27OCT261070PE,INDUSINDBK,27OCT2026,107000.000000,700,OPTSTK,NFO,5.000000,28001,False
103946,INDUSINDBK23NOV26840PE,INDUSINDBK,23NOV2026,84000.000000,700,OPTSTK,NFO,5.000000,28001,False
103974,POLYCAB29SEP269900CE,POLYCAB,29SEP2026,990000.000000,125,OPTSTK,NFO,5.000000,2501,False
103977,POLYCAB29SEP2610100PE,POLYCAB,29SEP2026,1010000.000000,125,OPTSTK,NFO,5.000000,2501,False
104011,INDUSINDBK23NOV26880PE,INDUSINDBK,23NOV2026,88000.000000,700,OPTSTK,NFO,5.000000,28001,False
104042,INDUSINDBK23NOV26920CE,INDUSINDBK,23NOV2026,92000.000000,700,OPTSTK,NFO,5.000000,28001,False
104052,INDUSINDBK23NOV261000PE,INDUSINDBK,23NOV2026,100000.000000,700,OPTSTK,NFO,5.000000,28001,False
104062,INDUSINDBK23NOV261100PE,INDUSINDBK,23NOV2026,110000.000000,700,OPTSTK,NFO,5.000000,28001,False
104120,GAIL29SEP26145PE,GAIL,29SEP2026,14500.000000,3550,OPTSTK,NFO,1.000000,142001,False
104149,GAIL29SEP26195CE,GAIL,29SEP2026,19500.000000,3550,OPTSTK,NFO,1.000000,142001,False
104166,POLYCAB27OCT266800PE,POLYCAB,27OCT2026,680000.000000,125,OPTSTK,NFO,5.000000,2501,False
104167,POLYCAB27OCT267000CE,POLYCAB,27OCT2026,700000.000000,125,OPTSTK,NFO,5.000000,2501,False
104254,POLYCAB27OCT268200CE,POLYCAB,27OCT2026,820000.000000,125,OPTSTK,NFO,5.000000,2501,False
104272,POLYCAB27OCT268800PE,POLYCAB,27OCT2026,880000.000000,125,OPTSTK,NFO,5.000000,2501,False
104279,POLYCAB27OCT269400CE,POLYCAB,27OCT2026,940000.000000,125,OPTSTK,NFO,5.000000,2501,False
104379,POWERGRID29SEP26237.5PE,POWERGRID,29SEP2026,23750.000000,1900,OPTSTK,NFO,5.000000,76001,False
104392,POWERGRID29SEP26267.5CE,POWERGRID,29SEP2026,26750.000000,1900,OPTSTK,NFO,5.000000,76001,False
104401,POWERGRID29SEP26282.5CE,POWERGRID,29SEP2026,28250.000000,1900,OPTSTK,NFO,5.000000,76001,False
104422,POWERGRID29SEP26287.5PE,POWERGRID,29SEP2026,28750.000000,1900,OPTSTK,NFO,5.000000,76001,False
104426,POWERGRID29SEP26292.5PE,POWERGRID,29SEP2026,29250.000000,1900,OPTSTK,NFO,5.000000,76001,False
104447,INDUSTOWER23NOV26320CE,INDUSTOWER,23NOV2026,32000.000000,1700,OPTSTK,NFO,5.000000,68001,False
128079,SONACOMS23NOV26720PE,SONACOMS,23NOV2026,72000.000000,1225,OPTSTK,NFO,5.000000,36751,False
128081,SONACOMS23NOV26740PE,SONACOMS,23NOV2026,74000.000000,1225,OPTSTK,NFO,5.000000,36751,False
128083,SONACOMS23NOV26760PE,SONACOMS,23NOV2026,76000.000000,1225,OPTSTK,NFO,5.000000,36751,False
128123,SRF27OCT262350PE,SRF,27OCT2026,235000.000000,200,OPTSTK,NFO,5.000000,8001,False
104460,INDUSTOWER23NOV26380PE,INDUSTOWER,23NOV2026,38000.000000,1700,OPTSTK,NFO,5.000000,68001,False
104470,INDUSTOWER23NOV26400PE,INDUSTOWER,23NOV2026,40000.000000,1700,OPTSTK,NFO,5.000000,68001,False
104483,INDUSTOWER23NOV26440CE,INDUSTOWER,23NOV2026,44000.000000,1700,OPTSTK,NFO,5.000000,68001,False
104484,INDUSTOWER23NOV26440PE,INDUSTOWER,23NOV2026,44000.000000,1700,OPTSTK,NFO,5.000000,68001,False
128128,SRF27OCT262550PE,SRF,27OCT2026,255000.000000,200,OPTSTK,NFO,5.000000,8001,False
128184,SRF23NOV262400PE,SRF,23NOV2026,240000.000000,200,OPTSTK,NFO,5.000000,8001,False
128186,SRF23NOV262500PE,SRF,23NOV2026,250000.000000,200,OPTSTK,NFO,5.000000,8001,False
128191,SRF23NOV262800CE,SRF,23NOV2026,280000.000000,200,OPTSTK,NFO,5.000000,8001,False
104638,POWERGRID27OCT26225CE,POWERGRID,27OCT2026,22500.000000,1900,OPTSTK,NFO,5.000000,76001,False
104651,POWERGRID27OCT26250PE,POWERGRID,27OCT2026,25000.000000,1900,OPTSTK,NFO,5.000000,76001,False
104655,POWERGRID27OCT26260PE,POWERGRID,27OCT2026,26000.000000,1900,OPTSTK,NFO,5.000000,76001,False
104669,POWERGRID27OCT26295PE,POWERGRID,27OCT2026,29500.000000,1900,OPTSTK,NFO,5.000000,76001,False
128254,SUNPHARMA27OCT261860PE,SUNPHARMA,27OCT2026,186000.000000,350,OPTSTK,NFO,5.000000,14001,False
128257,SUNPHARMA27OCT261940CE,SUNPHARMA,27OCT2026,194000.000000,350,OPTSTK,NFO,5.000000,14001,False
128277,SUNPHARMA27OCT262100PE,SUNPHARMA,27OCT2026,210000.000000,350,OPTSTK,NFO,5.000000,14001,False
128279,SUNPHARMA27OCT262140CE,SUNPHARMA,27OCT2026,214000.000000,350,OPTSTK,NFO,5.000000,14001,False
128325,SUNPHARMA23NOV261720CE,SUNPHARMA,23NOV2026,172000.000000,350,OPTSTK,NFO,5.000000,14001,False
128349,SUNPHARMA23NOV262200CE,SUNPHARMA,23NOV2026,220000.000000,350,OPTSTK,NFO,5.000000,14001,False
128459,SUPREMEIND23NOV263100CE,SUPREMEIND,23NOV2026,310000.000000,175,OPTSTK,NFO,5.000000,7001,False
128477,SUPREMEIND23NOV263600PE,SUPREMEIND,23NOV2026,360000.000000,175,OPTSTK,NFO,5.000000,7001,False
104670,POWERGRID27OCT26300CE,POWERGRID,27OCT2026,30000.000000,1900,OPTSTK,NFO,5.000000,76001,False
104778,INFY23NOV26960CE,INFY,23NOV2026,96000.000000,400,OPTSTK,NFO,5.000000,20001,False
104783,INFY23NOV261040PE,INFY,23NOV2026,104000.000000,400,OPTSTK,NFO,5.000000,20001,False
104789,INFY23NOV261120PE,INFY,23NOV2026,112000.000000,400,OPTSTK,NFO,5.000000,20001,False
128492,SUPREMEIND23NOV264200CE,SUPREMEIND,23NOV2026,420000.000000,175,OPTSTK,NFO,5.000000,7001,False
128530,MOTHERSON29SEP26125CE,MOTHERSON,29SEP2026,12500.000000,6150,OPTSTK,NFO,1.000000,184501,False
128549,MOTHERSON29SEP26170PE,MOTHERSON,29SEP2026,17000.000000,6150,OPTSTK,NFO,1.000000,184501,False
128550,MOTHERSON29SEP26175CE,MOTHERSON,29SEP2026,17500.000000,6150,OPTSTK,NFO,1.000000,184501,False
104820,GLENMARK29SEP262080PE,GLENMARK,29SEP2026,208000.000000,375,OPTSTK,NFO,5.000000,11251,False
104838,GLENMARK29SEP262240CE,GLENMARK,29SEP2026,224000.000000,375,OPTSTK,NFO,5.000000,11251,False
104860,POWERINDIA29SEP2634500CE,POWERINDIA,29SEP2026,3450000.000000,25,OPTSTK,NFO,5.000000,751,False
104938,POWERINDIA27OCT2626000PE,POWERINDIA,27OCT2026,2600000.000000,25,OPTSTK,NFO,5.000000,751,False
128551,MOTHERSON29SEP26175PE,MOTHERSON,29SEP2026,17500.000000,6150,OPTSTK,NFO,1.000000,184501,False
128553,MOTHERSON29SEP26180PE,MOTHERSON,29SEP2026,18000.000000,6150,OPTSTK,NFO,1.000000,184501,False
128555,MOTHERSON29SEP26185PE,MOTHERSON,29SEP2026,18500.000000,6150,OPTSTK,NFO,1.000000,184501,False
128557,MOTHERSON29SEP26190PE,MOTHERSON,29SEP2026,19000.000000,6150,OPTSTK,NFO,1.000000,184501,False
104943,POWERINDIA27OCT2629000CE,POWERINDIA,27OCT2026,2900000.000000,25,OPTSTK,NFO,5.000000,751,False
104968,GLENMARK29SEP262480CE,GLENMARK,29SEP2026,248000.000000,375,OPTSTK,NFO,5.000000,11251,False
104975,GLENMARK29SEP262560CE,GLENMARK,29SEP2026,256000.000000,375,OPTSTK,NFO,5.000000,11251,False
104980,GLENMARK29SEP262640CE,GLENMARK,29SEP2026,264000.000000,375,OPTSTK,NFO,5.000000,11251,False
128571,SUZLON27OCT2639PE,SUZLON,27OCT2026,3900.000000,12700,OPTSTK,NFO,1.000000,381001,False
128581,SUZLON27OCT2649PE,SUZLON,27OCT2026,4900.000000,12700,OPTSTK,NFO,1.000000,381001,False
128622,SUZLON23NOV2636CE,SUZLON,23NOV2026,3600.000000,12700,OPTSTK,NFO,1.000000,381001,False
128623,SUZLON23NOV2636PE,SUZLON,23NOV2026,3600.000000,12700,OPTSTK,NFO,1.000000,381001,False
104996,POWERINDIA27OCT2630000PE,POWERINDIA,27OCT2026,3000000.000000,25,OPTSTK,NFO,5.000000,751,False
105016,GLENMARK29SEP262800CE,GLENMARK,29SEP2026,280000.000000,375,OPTSTK,NFO,5.000000,11251,False
105036,POWERINDIA27OCT2634000CE,POWERINDIA,27OCT2026,3400000.000000,25,OPTSTK,NFO,5.000000,751,False
105042,INOXWIND27OCT2682.5CE,INOXWIND,27OCT2026,8250.000000,6400,OPTSTK,NFO,1.000000,256001,False
128646,SUZLON23NOV2656PE,SUZLON,23NOV2026,5600.000000,12700,OPTSTK,NFO,1.000000,381001,False
128806,SWIGGY23NOV26240PE,SWIGGY,23NOV2026,24000.000000,1825,OPTSTK,NFO,5.000000,73001,False
128814,SWIGGY23NOV26280PE,SWIGGY,23NOV2026,28000.000000,1825,OPTSTK,NFO,5.000000,73001,False
128817,SWIGGY23NOV26300CE,SWIGGY,23NOV2026,30000.000000,1825,OPTSTK,NFO,5.000000,73001,False
128822,SWIGGY23NOV26320PE,SWIGGY,23NOV2026,32000.000000,1825,OPTSTK,NFO,5.000000,73001,False
128859,TATACONSUM27OCT26890CE,TATACONSUM,27OCT2026,89000.000000,550,OPTSTK,NFO,5.000000,22001,False
128887,MOTILALOFS29SEP26720CE,MOTILALOFS,29SEP2026,72000.000000,775,OPTSTK,NFO,5.000000,23251,False
128889,MOTILALOFS29SEP26760CE,MOTILALOFS,29SEP2026,76000.000000,775,OPTSTK,NFO,5.000000,23251,False
105049,POWERINDIA27OCT2636000PE,POWERINDIA,27OCT2026,3600000.000000,25,OPTSTK,NFO,5.000000,751,False
105055,POWERINDIA27OCT2638000CE,POWERINDIA,27OCT2026,3800000.000000,25,OPTSTK,NFO,5.000000,751,False
105069,INOXWIND23NOV2655CE,INOXWIND,23NOV2026,5500.000000,6400,OPTSTK,NFO,1.000000,256001,False
105135,IOC27OCT26132.5PE,IOC,27OCT2026,13250.000000,4875,OPTSTK,NFO,1.000000,195001,False
105138,IOC27OCT26142.5CE,IOC,27OCT2026,14250.000000,4875,OPTSTK,NFO,1.000000,195001,False
105140,IOC27OCT26147.5CE,IOC,27OCT2026,14750.000000,4875,OPTSTK,NFO,1.000000,195001,False
105190,IOC23NOV26120CE,IOC,23NOV2026,12000.000000,4875,OPTSTK,NFO,1.000000,195001,False
105194,IOC23NOV26130CE,IOC,23NOV2026,13000.000000,4875,OPTSTK,NFO,1.000000,195001,False
128899,MOTILALOFS29SEP26920CE,MOTILALOFS,29SEP2026,92000.000000,775,OPTSTK,NFO,5.000000,23251,False
128903,MOTILALOFS29SEP261000CE,MOTILALOFS,29SEP2026,100000.000000,775,OPTSTK,NFO,5.000000,23251,False
128941,TATACONSUM27OCT261110PE,TATACONSUM,27OCT2026,111000.000000,550,OPTSTK,NFO,5.000000,22001,False
129043,TATACONSUM23NOV26960PE,TATACONSUM,23NOV2026,96000.000000,550,OPTSTK,NFO,5.000000,22001,False
105245,PREMIERENE27OCT26840CE,PREMIERENE,27OCT2026,84000.000000,650,OPTSTK,NFO,5.000000,26001,False
105318,IOC23NOV26140CE,IOC,23NOV2026,14000.000000,4875,OPTSTK,NFO,1.000000,195001,False
105347,PREMIERENE27OCT261000CE,PREMIERENE,27OCT2026,100000.000000,650,OPTSTK,NFO,5.000000,26001,False
105364,GMRAIRPORT29SEP2680CE,GMRAIRPORT,29SEP2026,8000.000000,6975,OPTSTK,NFO,1.000000,209251,False
129049,TATACONSUM23NOV261020PE,TATACONSUM,23NOV2026,102000.000000,550,OPTSTK,NFO,5.000000,22001,False
129051,TATACONSUM23NOV261040PE,TATACONSUM,23NOV2026,104000.000000,550,OPTSTK,NFO,5.000000,22001,False
129120,TATAELXSI27OCT263250CE,TATAELXSI,27OCT2026,325000.000000,125,OPTSTK,NFO,5.000000,6251,False
129123,TATAELXSI27OCT263350PE,TATAELXSI,27OCT2026,335000.000000,125,OPTSTK,NFO,5.000000,6251,False
105379,PREMIERENE27OCT261200PE,PREMIERENE,27OCT2026,120000.000000,650,OPTSTK,NFO,5.000000,26001,False
105423,PRESTIGE29SEP261500PE,PRESTIGE,29SEP2026,150000.000000,450,OPTSTK,NFO,5.000000,13501,False
105432,PRESTIGE29SEP261660CE,PRESTIGE,29SEP2026,166000.000000,450,OPTSTK,NFO,5.000000,13501,False
105525,IREDA27OCT26107.5CE,IREDA,27OCT2026,10750.000000,4525,OPTSTK,NFO,1.000000,181001,False
129128,TATAELXSI27OCT263650CE,TATAELXSI,27OCT2026,365000.000000,125,OPTSTK,NFO,5.000000,6251,False
129132,TATAELXSI27OCT263750PE,TATAELXSI,27OCT2026,375000.000000,125,OPTSTK,NFO,5.000000,6251,False
129222,TATAELXSI23NOV262800PE,TATAELXSI,23NOV2026,280000.000000,125,OPTSTK,NFO,5.000000,6251,False
129234,TATAELXSI23NOV263100PE,TATAELXSI,23NOV2026,310000.000000,125,OPTSTK,NFO,5.000000,6251,False
129246,TATAELXSI23NOV263200PE,TATAELXSI,23NOV2026,320000.000000,125,OPTSTK,NFO,5.000000,6251,False
129251,TATAELXSI23NOV263500CE,TATAELXSI,23NOV2026,350000.000000,125,OPTSTK,NFO,5.000000,6251,False
129254,TATAELXSI23NOV263600PE,TATAELXSI,23NOV2026,360000.000000,125,OPTSTK,NFO,5.000000,6251,False
129255,TATAELXSI23NOV263700CE,TATAELXSI,23NOV2026,370000.000000,125,OPTSTK,NFO,5.000000,6251,False
129262,TATAELXSI23NOV264000PE,TATAELXSI,23NOV2026,400000.000000,125,OPTSTK,NFO,5.000000,6251,False
129318,TATAPOWER27OCT26305PE,TATAPOWER,27OCT2026,30500.000000,1450,OPTSTK,NFO,5.000000,58001,False
129386,TATAPOWER23NOV26340PE,TATAPOWER,23NOV2026,34000.000000,1450,OPTSTK,NFO,5.000000,58001,False
129388,TATAPOWER23NOV26350PE,TATAPOWER,23NOV2026,35000.000000,1450,OPTSTK,NFO,5.000000,58001,False
105578,IREDA23NOV26110CE,IREDA,23NOV2026,11000.000000,4525,OPTSTK,NFO,1.000000,181001,False
105579,IREDA23NOV26110PE,IREDA,23NOV2026,11000.000000,4525,OPTSTK,NFO,1.000000,181001,False
105588,IREDA23NOV26135CE,IREDA,23NOV2026,13500.000000,4525,OPTSTK,NFO,1.000000,181001,False
129389,TATAPOWER23NOV26360CE,TATAPOWER,23NOV2026,36000.000000,1450,OPTSTK,NFO,5.000000,58001,False
129393,TATAPOWER23NOV26380CE,TATAPOWER,23NOV2026,38000.000000,1450,OPTSTK,NFO,5.000000,58001,False
129420,TATAPOWER23NOV26440CE,TATAPOWER,23NOV2026,44000.000000,1450,OPTSTK,NFO,5.000000,58001,False
129491,TATASTEEL27OCT26187.5PE,TATASTEEL,27OCT2026,18750.000000,2750,OPTSTK,NFO,1.000000,137501,False
105580,IREDA23NOV26115CE,IREDA,23NOV2026,11500.000000,4525,OPTSTK,NFO,1.000000,181001,False
105591,IREDA23NOV26140PE,IREDA,23NOV2026,14000.000000,4525,OPTSTK,NFO,1.000000,181001,False
105666,PRESTIGE27OCT261360PE,PRESTIGE,27OCT2026,136000.000000,450,OPTSTK,NFO,5.000000,13501,False
105671,PRESTIGE27OCT261440CE,PRESTIGE,27OCT2026,144000.000000,450,OPTSTK,NFO,5.000000,13501,False
105678,PRESTIGE27OCT261560PE,PRESTIGE,27OCT2026,156000.000000,450,OPTSTK,NFO,5.000000,13501,False
129492,TATASTEEL27OCT26192.5CE,TATASTEEL,27OCT2026,19250.000000,2750,OPTSTK,NFO,1.000000,137501,False
129497,TATASTEEL27OCT26197.5PE,TATASTEEL,27OCT2026,19750.000000,2750,OPTSTK,NFO,1.000000,137501,False
129557,TATASTEEL23NOV26175PE,TATASTEEL,23NOV2026,17500.000000,2750,OPTSTK,NFO,1.000000,137501,False
129567,TATASTEEL23NOV26195PE,TATASTEEL,23NOV2026,19500.000000,2750,OPTSTK,NFO,1.000000,137501,False
105679,PRESTIGE27OCT261600CE,PRESTIGE,27OCT2026,160000.000000,450,OPTSTK,NFO,5.000000,13501,False
105685,PRESTIGE27OCT261720CE,PRESTIGE,27OCT2026,172000.000000,450,OPTSTK,NFO,5.000000,13501,False
105793,IRFC27OCT2671PE,IRFC,27OCT2026,7100.000000,5425,OPTSTK,NFO,1.000000,271251,False
105832,RADICO27OCT264300CE,RADICO,27OCT2026,430000.000000,150,OPTSTK,NFO,5.000000,6001,False
129570,TATASTEEL23NOV26205CE,TATASTEEL,23NOV2026,20500.000000,2750,OPTSTK,NFO,1.000000,137501,False
129633,MUTHOOTFIN29SEP262800CE,MUTHOOTFIN,29SEP2026,280000.000000,275,OPTSTK,NFO,5.000000,8251,False
129637,MUTHOOTFIN29SEP263000CE,MUTHOOTFIN,29SEP2026,300000.000000,275,OPTSTK,NFO,5.000000,8251,False
129641,MUTHOOTFIN29SEP263200CE,MUTHOOTFIN,29SEP2026,320000.000000,275,OPTSTK,NFO,5.000000,8251,False
105889,GODFRYPHLP29SEP261800PE,GODFRYPHLP,29SEP2026,180000.000000,275,OPTSTK,NFO,5.000000,11001,False
105890,GODFRYPHLP29SEP261900CE,GODFRYPHLP,29SEP2026,190000.000000,275,OPTSTK,NFO,5.000000,11001,False
105900,GODFRYPHLP29SEP262200CE,GODFRYPHLP,29SEP2026,220000.000000,275,OPTSTK,NFO,5.000000,11001,False
105910,GODFRYPHLP29SEP262500PE,GODFRYPHLP,29SEP2026,250000.000000,275,OPTSTK,NFO,5.000000,11001,False
129645,MUTHOOTFIN29SEP263400CE,MUTHOOTFIN,29SEP2026,340000.000000,275,OPTSTK,NFO,5.000000,8251,False
129669,TCS27OCT262140CE,TCS,27OCT2026,214000.000000,225,OPTSTK,NFO,5.000000,9001,False
129697,TCS27OCT262500PE,TCS,27OCT2026,250000.000000,225,OPTSTK,NFO,5.000000,9001,False
129722,TCS27OCT262620CE,TCS,27OCT2026,262000.000000,225,OPTSTK,NFO,5.000000,9001,False
105933,IRFC27OCT2695CE,IRFC,27OCT2026,9500.000000,5425,OPTSTK,NFO,1.000000,271251,False
105965,RBLBANK29SEP26355PE,RBLBANK,29SEP2026,35500.000000,3175,OPTSTK,NFO,5.000000,63501,False
105969,RBLBANK29SEP26375PE,RBLBANK,29SEP2026,37500.000000,3175,OPTSTK,NFO,5.000000,63501,False
105976,RBLBANK29SEP26405CE,RBLBANK,29SEP2026,40500.000000,3175,OPTSTK,NFO,5.000000,63501,False
129781,TCS23NOV262160PE,TCS,23NOV2026,216000.000000,225,OPTSTK,NFO,5.000000,9001,False
129788,TCS23NOV262320CE,TCS,23NOV2026,232000.000000,225,OPTSTK,NFO,5.000000,9001,False
129792,TCS23NOV262400CE,TCS,23NOV2026,240000.000000,225,OPTSTK,NFO,5.000000,9001,False
129794,TCS23NOV262440CE,TCS,23NOV2026,244000.000000,225,OPTSTK,NFO,5.000000,9001,False
105986,RBLBANK29SEP26445CE,RBLBANK,29SEP2026,44500.000000,3175,OPTSTK,NFO,5.000000,63501,False
106064,RBLBANK27OCT26450CE,RBLBANK,27OCT2026,45000.000000,3175,OPTSTK,NFO,5.000000,63501,False
106071,RBLBANK27OCT26480PE,RBLBANK,27OCT2026,48000.000000,3175,OPTSTK,NFO,5.000000,63501,False
106105,RECLTD29SEP26375PE,RECLTD,29SEP2026,37500.000000,1575,OPTSTK,NFO,5.000000,63001,False
129892,TECHM27OCT261420CE,TECHM,27OCT2026,142000.000000,600,OPTSTK,NFO,5.000000,18001,False
129902,TECHM27OCT261620CE,TECHM,27OCT2026,162000.000000,600,OPTSTK,NFO,5.000000,18001,False
129909,TECHM27OCT261700CE,TECHM,27OCT2026,170000.000000,600,OPTSTK,NFO,5.000000,18001,False
129959,TECHM23NOV261360PE,TECHM,23NOV2026,136000.000000,600,OPTSTK,NFO,5.000000,18001,False
106106,RECLTD29SEP26385CE,RECLTD,29SEP2026,38500.000000,1575,OPTSTK,NFO,5.000000,63001,False
106153,RECLTD27OCT26320PE,RECLTD,27OCT2026,32000.000000,1575,OPTSTK,NFO,5.000000,63001,False
106230,RECLTD27OCT26340CE,RECLTD,27OCT2026,34000.000000,1575,OPTSTK,NFO,5.000000,63001,False
106242,GODREJCP29SEP26720PE,GODREJCP,29SEP2026,72000.000000,500,OPTSTK,NFO,5.000000,25001,False
129968,TECHM23NOV261560CE,TECHM,23NOV2026,156000.000000,600,OPTSTK,NFO,5.000000,18001,False
129970,TECHM23NOV261600CE,TECHM,23NOV2026,160000.000000,600,OPTSTK,NFO,5.000000,18001,False
129996,NAM-INDIA29SEP261080PE,NAM-INDIA,29SEP2026,108000.000000,625,OPTSTK,NFO,5.000000,18751,False
129999,NAM-INDIA29SEP261160CE,NAM-INDIA,29SEP2026,116000.000000,625,OPTSTK,NFO,5.000000,18751,False
130055,NATIONALUM29SEP26300CE,NATIONALUM,29SEP2026,30000.000000,1875,OPTSTK,NFO,5.000000,56251,False
130059,NATIONALUM29SEP26340CE,NATIONALUM,29SEP2026,34000.000000,1875,OPTSTK,NFO,5.000000,56251,False
130063,NATIONALUM29SEP26380CE,NATIONALUM,29SEP2026,38000.000000,1875,OPTSTK,NFO,5.000000,56251,False
130087,TIINDIA27OCT262350CE,TIINDIA,27OCT2026,235000.000000,200,OPTSTK,NFO,5.000000,8001,False
106251,RECLTD27OCT26420PE,RECLTD,27OCT2026,42000.000000,1575,OPTSTK,NFO,5.000000,63001,False
106313,GODREJCP29SEP26940CE,GODREJCP,29SEP2026,94000.000000,500,OPTSTK,NFO,5.000000,25001,False
106318,GODREJCP29SEP26960PE,GODREJCP,29SEP2026,96000.000000,500,OPTSTK,NFO,5.000000,25001,False
106320,GODREJCP29SEP26980PE,GODREJCP,29SEP2026,98000.000000,500,OPTSTK,NFO,5.000000,25001,False
130102,TIINDIA27OCT263050PE,TIINDIA,27OCT2026,305000.000000,200,OPTSTK,NFO,5.000000,8001,False
130164,TIINDIA23NOV262200PE,TIINDIA,23NOV2026,220000.000000,200,OPTSTK,NFO,5.000000,8001,False
130173,TIINDIA23NOV262400CE,TIINDIA,23NOV2026,240000.000000,200,OPTSTK,NFO,5.000000,8001,False
130184,TIINDIA23NOV262900PE,TIINDIA,23NOV2026,290000.000000,200,OPTSTK,NFO,5.000000,8001,False
106340,RELIANCE29SEP261150PE,RELIANCE,29SEP2026,115000.000000,500,OPTSTK,NFO,5.000000,20001,False
106348,GODREJCP29SEP261040PE,GODREJCP,29SEP2026,104000.000000,500,OPTSTK,NFO,5.000000,25001,False
106354,RELIANCE29SEP261210CE,RELIANCE,29SEP2026,121000.000000,500,OPTSTK,NFO,5.000000,20001,False
106364,RELIANCE29SEP261250CE,RELIANCE,29SEP2026,125000.000000,500,OPTSTK,NFO,5.000000,20001,False
130190,TIINDIA23NOV263200PE,TIINDIA,23NOV2026,320000.000000,200,OPTSTK,NFO,5.000000,8001,False
130302,TITAN23NOV265100PE,TITAN,23NOV2026,510000.000000,175,OPTSTK,NFO,5.000000,5251,False
130307,TITAN23NOV265400CE,TITAN,23NOV2026,540000.000000,175,OPTSTK,NFO,5.000000,5251,False
130341,NAUKRI29SEP261200PE,NAUKRI,29SEP2026,120000.000000,550,OPTSTK,NFO,5.000000,16501,False
130385,TMPV27OCT26285PE,TMPV,27OCT2026,28500.000000,1600,OPTSTK,NFO,5.000000,64001,False
130395,TMPV27OCT26325PE,TMPV,27OCT2026,32500.000000,1600,OPTSTK,NFO,5.000000,64001,False
130401,NAUKRI29SEP261440CE,NAUKRI,29SEP2026,144000.000000,550,OPTSTK,NFO,5.000000,16501,False
130408,TMPV27OCT26355PE,TMPV,27OCT2026,35500.000000,1600,OPTSTK,NFO,5.000000,64001,False
106389,RELIANCE29SEP261410CE,RELIANCE,29SEP2026,141000.000000,500,OPTSTK,NFO,5.000000,20001,False
106390,IRFC23NOV2678CE,IRFC,23NOV2026,7800.000000,5425,OPTSTK,NFO,1.000000,271251,False
106392,RELIANCE29SEP261410PE,RELIANCE,29SEP2026,141000.000000,500,OPTSTK,NFO,5.000000,20001,False
106399,IRFC23NOV2682PE,IRFC,23NOV2026,8200.000000,5425,OPTSTK,NFO,1.000000,271251,False
106405,IRFC23NOV2688CE,IRFC,23NOV2026,8800.000000,5425,OPTSTK,NFO,1.000000,271251,False
106641,ITC27OCT26232.5CE,ITC,27OCT2026,23250.000000,1725,OPTSTK,NFO,5.000000,86251,False
130458,TMPV23NOV26280PE,TMPV,23NOV2026,28000.000000,1600,OPTSTK,NFO,5.000000,64001,False
130464,TMPV23NOV26310PE,TMPV,23NOV2026,31000.000000,1600,OPTSTK,NFO,5.000000,64001,False
130477,TMPV23NOV26380CE,TMPV,23NOV2026,38000.000000,1600,OPTSTK,NFO,5.000000,64001,False
130537,TORNTPHARM27OCT264650PE,TORNTPHARM,27OCT2026,465000.000000,125,OPTSTK,NFO,5.000000,5001,False
106414,IRFC23NOV2694PE,IRFC,23NOV2026,9400.000000,5425,OPTSTK,NFO,1.000000,271251,False
106419,IRFC23NOV26100CE,IRFC,23NOV2026,10000.000000,5425,OPTSTK,NFO,1.000000,271251,False
130539,TORNTPHARM27OCT264750PE,TORNTPHARM,27OCT2026,475000.000000,125,OPTSTK,NFO,5.000000,5001,False
130540,TORNTPHARM27OCT264850CE,TORNTPHARM,27OCT2026,485000.000000,125,OPTSTK,NFO,5.000000,5001,False
130548,TORNTPHARM27OCT265250CE,TORNTPHARM,27OCT2026,525000.000000,125,OPTSTK,NFO,5.000000,5001,False
130552,TORNTPHARM27OCT265450CE,TORNTPHARM,27OCT2026,545000.000000,125,OPTSTK,NFO,5.000000,5001,False
106648,RELIANCE27OCT261080CE,RELIANCE,27OCT2026,108000.000000,500,OPTSTK,NFO,5.000000,20001,False
106654,RELIANCE27OCT261120PE,RELIANCE,27OCT2026,112000.000000,500,OPTSTK,NFO,5.000000,20001,False
106661,ITC27OCT26247.5CE,ITC,27OCT2026,24750.000000,1725,OPTSTK,NFO,5.000000,86251,False
106668,ITC27OCT26262.5PE,ITC,27OCT2026,26250.000000,1725,OPTSTK,NFO,5.000000,86251,False
130594,TORNTPHARM23NOV264200CE,TORNTPHARM,23NOV2026,420000.000000,125,OPTSTK,NFO,5.000000,5001,False
130604,TORNTPHARM23NOV264700CE,TORNTPHARM,23NOV2026,470000.000000,125,OPTSTK,NFO,5.000000,5001,False
130698,NBCC29SEP2690PE,NBCC,29SEP2026,9000.000000,6500,OPTSTK,NFO,1.000000,260001,False
130820,TRENT23NOV263400CE,TRENT,23NOV2026,340000.000000,225,OPTSTK,NFO,5.000000,9001,False
106672,ITC27OCT26272.5PE,ITC,27OCT2026,27250.000000,1725,OPTSTK,NFO,5.000000,86251,False
106681,ITC27OCT26287.5PE,ITC,27OCT2026,28750.000000,1725,OPTSTK,NFO,5.000000,86251,False
106732,RELIANCE27OCT261340PE,RELIANCE,27OCT2026,134000.000000,500,OPTSTK,NFO,5.000000,20001,False
106740,RELIANCE27OCT261420PE,RELIANCE,27OCT2026,142000.000000,500,OPTSTK,NFO,5.000000,20001,False
130842,TVSMOTOR27OCT263550CE,TVSMOTOR,27OCT2026,355000.000000,175,OPTSTK,NFO,5.000000,5251,False
130866,TVSMOTOR27OCT264250PE,TVSMOTOR,27OCT2026,425000.000000,175,OPTSTK,NFO,5.000000,5251,False
130870,TVSMOTOR27OCT264450PE,TVSMOTOR,27OCT2026,445000.000000,175,OPTSTK,NFO,5.000000,5251,False
130871,TVSMOTOR27OCT264550CE,TVSMOTOR,27OCT2026,455000.000000,175,OPTSTK,NFO,5.000000,5251,False
106745,RELIANCE27OCT261480CE,RELIANCE,27OCT2026,148000.000000,500,OPTSTK,NFO,5.000000,20001,False
106826,GODREJPROP29SEP261880CE,GODREJPROP,29SEP2026,188000.000000,325,OPTSTK,NFO,5.000000,13001,False
130873,TVSMOTOR27OCT264650CE,TVSMOTOR,27OCT2026,465000.000000,175,OPTSTK,NFO,5.000000,5251,False
130929,TVSMOTOR23NOV264100PE,TVSMOTOR,23NOV2026,410000.000000,175,OPTSTK,NFO,5.000000,5251,False
130946,TVSMOTOR23NOV264800PE,TVSMOTOR,23NOV2026,480000.000000,175,OPTSTK,NFO,5.000000,5251,False
131044,ULTRACEMCO27OCT2611700PE,ULTRACEMCO,27OCT2026,1170000.000000,50,OPTSTK,NFO,5.000000,2001,False
106746,RELIANCE27OCT261480PE,RELIANCE,27OCT2026,148000.000000,500,OPTSTK,NFO,5.000000,20001,False
106824,GODREJPROP29SEP261840CE,GODREJPROP,29SEP2026,184000.000000,325,OPTSTK,NFO,5.000000,13001,False
131058,ULTRACEMCO27OCT2612900PE,ULTRACEMCO,27OCT2026,1290000.000000,50,OPTSTK,NFO,5.000000,2001,False
131194,ULTRACEMCO23NOV2611600CE,ULTRACEMCO,23NOV2026,1160000.000000,50,OPTSTK,NFO,5.000000,2001,False
131206,ULTRACEMCO23NOV2612600PE,ULTRACEMCO,23NOV2026,1260000.000000,50,OPTSTK,NFO,5.000000,2001,False
131314,UNIONBANK27OCT26162.5CE,UNIONBANK,27OCT2026,16250.000000,4425,OPTSTK,NFO,1.000000,132751,False
106829,GODREJPROP29SEP261920PE,GODREJPROP,29SEP2026,192000.000000,325,OPTSTK,NFO,5.000000,13001,False
106830,GODREJPROP29SEP261960CE,GODREJPROP,29SEP2026,196000.000000,325,OPTSTK,NFO,5.000000,13001,False
106842,GODREJPROP29SEP262200CE,GODREJPROP,29SEP2026,220000.000000,325,OPTSTK,NFO,5.000000,13001,False
106844,GODREJPROP29SEP262240CE,GODREJPROP,29SEP2026,224000.000000,325,OPTSTK,NFO,5.000000,13001,False
131315,UNIONBANK27OCT26162.5PE,UNIONBANK,27OCT2026,16250.000000,4425,OPTSTK,NFO,1.000000,132751,False
131339,NESTLEIND29SEP261180CE,NESTLEIND,29SEP2026,118000.000000,500,OPTSTK,NFO,5.000000,15001,False
131340,NESTLEIND29SEP261180PE,NESTLEIND,29SEP2026,118000.000000,500,OPTSTK,NFO,5.000000,15001,False
131369,UNIONBANK27OCT26172.5CE,UNIONBANK,27OCT2026,17250.000000,4425,OPTSTK,NFO,1.000000,132751,False
106893,RVNL29SEP26185CE,RVNL,29SEP2026,18500.000000,1925,OPTSTK,NFO,1.000000,96251,False
106896,RVNL29SEP26195PE,RVNL,29SEP2026,19500.000000,1925,OPTSTK,NFO,1.000000,96251,False
106903,RVNL29SEP26235CE,RVNL,29SEP2026,23500.000000,1925,OPTSTK,NFO,1.000000,96251,False
106904,RVNL29SEP26235PE,RVNL,29SEP2026,23500.000000,1925,OPTSTK,NFO,1.000000,96251,False
131414,UNIONBANK23NOV26150PE,UNIONBANK,23NOV2026,15000.000000,4425,OPTSTK,NFO,1.000000,132751,False
131421,UNIONBANK23NOV26165PE,UNIONBANK,23NOV2026,16500.000000,4425,OPTSTK,NFO,1.000000,132751,False
131429,UNIONBANK23NOV26185CE,UNIONBANK,23NOV2026,18500.000000,4425,OPTSTK,NFO,1.000000,132751,False
131431,NESTLEIND29SEP261460CE,NESTLEIND,29SEP2026,146000.000000,500,OPTSTK,NFO,5.000000,15001,False
106905,RVNL29SEP26245CE,RVNL,29SEP2026,24500.000000,1925,OPTSTK,NFO,1.000000,96251,False
106941,RVNL27OCT26220CE,RVNL,27OCT2026,22000.000000,1925,OPTSTK,NFO,1.000000,96251,False
107006,SAIL29SEP26152.5PE,SAIL,29SEP2026,15250.000000,4700,OPTSTK,NFO,1.000000,141001,False
107017,SAIL29SEP26182.5CE,SAIL,29SEP2026,18250.000000,4700,OPTSTK,NFO,1.000000,141001,False
131441,NESTLEIND29SEP261560CE,NESTLEIND,29SEP2026,156000.000000,500,OPTSTK,NFO,5.000000,15001,False
131447,NESTLEIND29SEP261620CE,NESTLEIND,29SEP2026,162000.000000,500,OPTSTK,NFO,5.000000,15001,False
131450,NESTLEIND29SEP261620PE,NESTLEIND,29SEP2026,162000.000000,500,OPTSTK,NFO,5.000000,15001,False
131453,NESTLEIND29SEP261660CE,NESTLEIND,29SEP2026,166000.000000,500,OPTSTK,NFO,5.000000,15001,False
107038,SAIL29SEP26217.5CE,SAIL,29SEP2026,21750.000000,4700,OPTSTK,NFO,1.000000,141001,False
107088,SAIL27OCT26155PE,SAIL,27OCT2026,15500.000000,4700,OPTSTK,NFO,1.000000,141001,False
107107,ITC23NOV26240PE,ITC,23NOV2026,24000.000000,1725,OPTSTK,NFO,5.000000,86251,False
107115,ITC23NOV26260CE,ITC,23NOV2026,26000.000000,1725,OPTSTK,NFO,5.000000,86251,False
131457,NESTLEIND29SEP261700CE,NESTLEIND,29SEP2026,170000.000000,500,OPTSTK,NFO,5.000000,15001,False
131461,NESTLEIND29SEP261740CE,NESTLEIND,29SEP2026,174000.000000,500,OPTSTK,NFO,5.000000,15001,False
131505,UNIONBANK23NOV26205PE,UNIONBANK,23NOV2026,20500.000000,4425,OPTSTK,NFO,1.000000,132751,False
131609,UNITDSPR23NOV261200CE,UNITDSPR,23NOV2026,120000.000000,400,OPTSTK,NFO,5.000000,16001,False
107135,ITC23NOV26300CE,ITC,23NOV2026,30000.000000,1725,OPTSTK,NFO,5.000000,86251,False
107144,ITC23NOV26310PE,ITC,23NOV2026,31000.000000,1725,OPTSTK,NFO,5.000000,86251,False
107232,SBICARD29SEP26590CE,SBICARD,29SEP2026,59000.000000,800,OPTSTK,NFO,5.000000,40001,False
107239,SBICARD29SEP26650PE,SBICARD,29SEP2026,65000.000000,800,OPTSTK,NFO,5.000000,40001,False
131613,UNITDSPR23NOV261280CE,UNITDSPR,23NOV2026,128000.000000,400,OPTSTK,NFO,5.000000,16001,False
131625,UNITDSPR23NOV261440PE,UNITDSPR,23NOV2026,144000.000000,400,OPTSTK,NFO,5.000000,16001,False
131765,UNOMINDA23NOV261120PE,UNOMINDA,23NOV2026,112000.000000,550,OPTSTK,NFO,5.000000,22001,False
131769,NHPC29SEP2664CE,NHPC,29SEP2026,6400.000000,6950,OPTSTK,NFO,1.000000,278001,False
107356,SBICARD29SEP26750PE,SBICARD,29SEP2026,75000.000000,800,OPTSTK,NFO,5.000000,40001,False
107419,GRASIM29SEP262840CE,GRASIM,29SEP2026,284000.000000,250,OPTSTK,NFO,5.000000,7501,False
107422,GRASIM29SEP262880PE,GRASIM,29SEP2026,288000.000000,250,OPTSTK,NFO,5.000000,7501,False
107433,GRASIM29SEP263120CE,GRASIM,29SEP2026,312000.000000,250,OPTSTK,NFO,5.000000,7501,False
131770,NHPC29SEP2664PE,NHPC,29SEP2026,6400.000000,6950,OPTSTK,NFO,1.000000,278001,False
131797,UNOMINDA23NOV261320PE,UNOMINDA,23NOV2026,132000.000000,550,OPTSTK,NFO,5.000000,22001,False
131829,NHPC29SEP2672CE,NHPC,29SEP2026,7200.000000,6950,OPTSTK,NFO,1.000000,278001,False
131845,UPL27OCT26530CE,UPL,27OCT2026,53000.000000,1355,OPTSTK,NFO,5.000000,40651,False
107448,GRASIM29SEP263240PE,GRASIM,29SEP2026,324000.000000,250,OPTSTK,NFO,5.000000,7501,False
107462,SBICARD27OCT26700PE,SBICARD,27OCT2026,70000.000000,800,OPTSTK,NFO,5.000000,40001,False
107473,SBICARD27OCT26740PE,SBICARD,27OCT2026,74000.000000,800,OPTSTK,NFO,5.000000,40001,False
107554,JINDALSTEL23NOV261200CE,JINDALSTEL,23NOV2026,120000.000000,625,OPTSTK,NFO,5.000000,18751,False
131851,UPL27OCT26590CE,UPL,27OCT2026,59000.000000,1355,OPTSTK,NFO,5.000000,40651,False
131853,UPL27OCT26610CE,UPL,27OCT2026,61000.000000,1355,OPTSTK,NFO,5.000000,40651,False
131912,UPL23NOV26680PE,UPL,23NOV2026,68000.000000,1355,OPTSTK,NFO,5.000000,40651,False
131939,VBL27OCT26410CE,VBL,27OCT2026,41000.000000,1275,OPTSTK,NFO,5.000000,51001,False
131949,NHPC29SEP2690CE,NHPC,29SEP2026,9000.000000,6950,OPTSTK,NFO,1.000000,278001,False
132014,VBL23NOV26440CE,VBL,23NOV2026,44000.000000,1275,OPTSTK,NFO,5.000000,51001,False
132018,VBL23NOV26480CE,VBL,23NOV2026,48000.000000,1275,OPTSTK,NFO,5.000000,51001,False
132054,VEDL27OCT26235CE,VEDL,27OCT2026,23500.000000,1150,OPTSTK,NFO,5.000000,80501,False
107559,JINDALSTEL23NOV261240CE,JINDALSTEL,23NOV2026,124000.000000,625,OPTSTK,NFO,5.000000,18751,False
107565,JINDALSTEL23NOV261280PE,JINDALSTEL,23NOV2026,128000.000000,625,OPTSTK,NFO,5.000000,18751,False
107643,GRASIM29SEP263520CE,GRASIM,29SEP2026,352000.000000,250,OPTSTK,NFO,5.000000,7501,False
107654,GRASIM29SEP263680PE,GRASIM,29SEP2026,368000.000000,250,OPTSTK,NFO,5.000000,7501,False
132231,VEDL23NOV26250PE,VEDL,23NOV2026,25000.000000,1150,OPTSTK,NFO,5.000000,80501,False
132240,VEDL23NOV26300CE,VEDL,23NOV2026,30000.000000,1150,OPTSTK,NFO,5.000000,80501,False
132273,VMM27OCT2692.5CE,VMM,27OCT2026,9250.000000,4850,OPTSTK,NFO,1.000000,194001,False
132279,NMDC29SEP2674CE,NMDC,29SEP2026,7400.000000,6750,OPTSTK,NFO,1.000000,270001,False
107660,GRASIM29SEP263800PE,GRASIM,29SEP2026,380000.000000,250,OPTSTK,NFO,5.000000,7501,False
107661,GRASIM29SEP263840CE,GRASIM,29SEP2026,384000.000000,250,OPTSTK,NFO,5.000000,7501,False
107662,GRASIM29SEP263840PE,GRASIM,29SEP2026,384000.000000,250,OPTSTK,NFO,5.000000,7501,False
107678,JIOFIN27OCT26262.5PE,JIOFIN,27OCT2026,26250.000000,2350,OPTSTK,NFO,1.000000,94001,False
132295,NMDC29SEP2688CE,NMDC,29SEP2026,8800.000000,6750,OPTSTK,NFO,1.000000,270001,False
132304,VMM27OCT26117.5PE,VMM,27OCT2026,11750.000000,4850,OPTSTK,NFO,1.000000,194001,False
132316,NMDC29SEP2696CE,NMDC,29SEP2026,9600.000000,6750,OPTSTK,NFO,1.000000,270001,False
132349,NMDC29SEP26100PE,NMDC,29SEP2026,10000.000000,6750,OPTSTK,NFO,1.000000,270001,False
107726,GVT&D29SEP263400PE,GVT&D,29SEP2026,340000.000000,125,OPTSTK,NFO,5.000000,5001,False
107727,GVT&D29SEP263600CE,GVT&D,29SEP2026,360000.000000,125,OPTSTK,NFO,5.000000,5001,False
107728,GVT&D29SEP263600PE,GVT&D,29SEP2026,360000.000000,125,OPTSTK,NFO,5.000000,5001,False
107732,GVT&D29SEP264000PE,GVT&D,29SEP2026,400000.000000,125,OPTSTK,NFO,5.000000,5001,False
132354,VMM23NOV2685CE,VMM,23NOV2026,8500.000000,4850,OPTSTK,NFO,1.000000,194001,False
132356,VMM23NOV2690CE,VMM,23NOV2026,9000.000000,4850,OPTSTK,NFO,1.000000,194001,False
132367,VMM23NOV26110PE,VMM,23NOV2026,11000.000000,4850,OPTSTK,NFO,1.000000,194001,False
132368,VMM23NOV26115CE,VMM,23NOV2026,11500.000000,4850,OPTSTK,NFO,1.000000,194001,False
107752,GVT&D29SEP265600PE,GVT&D,29SEP2026,560000.000000,125,OPTSTK,NFO,5.000000,5001,False
107926,HAL29SEP264000PE,HAL,29SEP2026,400000.000000,150,OPTSTK,NFO,5.000000,4501,False
107932,HAL29SEP264300PE,HAL,29SEP2026,430000.000000,150,OPTSTK,NFO,5.000000,4501,False
107942,HAL29SEP264600PE,HAL,29SEP2026,460000.000000,150,OPTSTK,NFO,5.000000,4501,False
132416,VOLTAS27OCT261140PE,VOLTAS,27OCT2026,114000.000000,375,OPTSTK,NFO,5.000000,18751,False
132460,VOLTAS23NOV261080PE,VOLTAS,23NOV2026,108000.000000,375,OPTSTK,NFO,5.000000,18751,False
132464,VOLTAS23NOV261160PE,VOLTAS,23NOV2026,116000.000000,375,OPTSTK,NFO,5.000000,18751,False
132466,VOLTAS23NOV261200PE,VOLTAS,23NOV2026,120000.000000,375,OPTSTK,NFO,5.000000,18751,False
107970,HAL29SEP265500CE,HAL,29SEP2026,550000.000000,150,OPTSTK,NFO,5.000000,4501,False
108000,JIOFIN23NOV26200PE,JIOFIN,23NOV2026,20000.000000,2350,OPTSTK,NFO,1.000000,94001,False
108010,JIOFIN23NOV26225PE,JIOFIN,23NOV2026,22500.000000,2350,OPTSTK,NFO,1.000000,94001,False
108051,SBILIFE27OCT261520PE,SBILIFE,27OCT2026,152000.000000,375,OPTSTK,NFO,5.000000,15001,False
132518,WAAREEENER27OCT262750PE,WAAREEENER,27OCT2026,275000.000000,175,OPTSTK,NFO,5.000000,8751,False
132572,NTPC29SEP26290CE,NTPC,29SEP2026,29000.000000,1500,OPTSTK,NFO,5.000000,75001,False
132582,NTPC29SEP26340CE,NTPC,29SEP2026,34000.000000,1500,OPTSTK,NFO,5.000000,75001,False
132584,NTPC29SEP26350CE,NTPC,29SEP2026,35000.000000,1500,OPTSTK,NFO,5.000000,75001,False
108053,SBILIFE27OCT261560PE,SBILIFE,27OCT2026,156000.000000,375,OPTSTK,NFO,5.000000,15001,False
108063,HAVELLS29SEP261000CE,HAVELLS,29SEP2026,100000.000000,500,OPTSTK,NFO,5.000000,20001,False
108074,JIOFIN23NOV26255CE,JIOFIN,23NOV2026,25500.000000,2350,OPTSTK,NFO,1.000000,94001,False
108091,JIOFIN23NOV26270PE,JIOFIN,23NOV2026,27000.000000,2350,OPTSTK,NFO,1.000000,94001,False
132592,NTPC29SEP26370PE,NTPC,29SEP2026,37000.000000,1500,OPTSTK,NFO,5.000000,75001,False
132598,NTPC29SEP26400PE,NTPC,29SEP2026,40000.000000,1500,OPTSTK,NFO,5.000000,75001,False
132680,WIPRO27OCT26157.5PE,WIPRO,27OCT2026,15750.000000,3000,OPTSTK,NFO,1.000000,120001,False
132682,WIPRO27OCT26162.5PE,WIPRO,27OCT2026,16250.000000,3000,OPTSTK,NFO,1.000000,120001,False
108095,HAVELLS29SEP261200PE,HAVELLS,29SEP2026,120000.000000,500,OPTSTK,NFO,5.000000,20001,False
108113,SBILIFE27OCT261880PE,SBILIFE,27OCT2026,188000.000000,375,OPTSTK,NFO,5.000000,15001,False
108307,JSWENERGY27OCT26490PE,JSWENERGY,27OCT2026,49000.000000,1075,OPTSTK,NFO,5.000000,43001,False
108308,JSWENERGY27OCT26510CE,JSWENERGY,27OCT2026,51000.000000,1075,OPTSTK,NFO,5.000000,43001,False
132777,WIPRO23NOV26155CE,WIPRO,23NOV2026,15500.000000,3000,OPTSTK,NFO,1.000000,120001,False
132798,WIPRO23NOV26205PE,WIPRO,23NOV2026,20500.000000,3000,OPTSTK,NFO,1.000000,120001,False
132800,WIPRO23NOV26210PE,WIPRO,23NOV2026,21000.000000,3000,OPTSTK,NFO,1.000000,120001,False
132827,YESBANK27OCT2623CE,YESBANK,27OCT2026,2300.000000,31100,OPTSTK,NFO,1.000000,933001,False
108461,JSWSTEEL27OCT261140CE,JSWSTEEL,27OCT2026,114000.000000,675,OPTSTK,NFO,5.000000,20251,False
108462,JSWSTEEL27OCT261140PE,JSWSTEEL,27OCT2026,114000.000000,675,OPTSTK,NFO,5.000000,20251,False
108466,JSWSTEEL27OCT261220PE,JSWSTEEL,27OCT2026,122000.000000,675,OPTSTK,NFO,5.000000,20251,False
108470,JSWSTEEL27OCT261300PE,JSWSTEEL,27OCT2026,130000.000000,675,OPTSTK,NFO,5.000000,20251,False
108499,HCLTECH29SEP261060CE,HCLTECH,29SEP2026,106000.000000,400,OPTSTK,NFO,5.000000,20001,False
108514,HCLTECH29SEP261180PE,HCLTECH,29SEP2026,118000.000000,400,OPTSTK,NFO,5.000000,20001,False
108517,HCLTECH29SEP261200CE,HCLTECH,29SEP2026,120000.000000,400,OPTSTK,NFO,5.000000,20001,False
132987,NYKAA29SEP26380PE,NYKAA,29SEP2026,38000.000000,3125,OPTSTK,NFO,5.000000,93751,False
132995,ZYDUSLIFE27OCT261170CE,ZYDUSLIFE,27OCT2026,117000.000000,900,OPTSTK,NFO,5.000000,27001,False
133000,ZYDUSLIFE27OCT261210PE,ZYDUSLIFE,27OCT2026,121000.000000,900,OPTSTK,NFO,5.000000,27001,False
133007,ZYDUSLIFE27OCT261290CE,ZYDUSLIFE,27OCT2026,129000.000000,900,OPTSTK,NFO,5.000000,27001,False
108486,JSWSTEEL27OCT261420CE,JSWSTEEL,27OCT2026,142000.000000,675,OPTSTK,NFO,5.000000,20251,False
133086,ZYDUSLIFE23NOV261100CE,ZYDUSLIFE,23NOV2026,110000.000000,900,OPTSTK,NFO,5.000000,27001,False
133096,ZYDUSLIFE23NOV261120CE,ZYDUSLIFE,23NOV2026,112000.000000,900,OPTSTK,NFO,5.000000,27001,False
133098,ZYDUSLIFE23NOV261140CE,ZYDUSLIFE,23NOV2026,114000.000000,900,OPTSTK,NFO,5.000000,27001,False
133216,OBEROIRLTY29SEP261680CE,OBEROIRLTY,29SEP2026,168000.000000,350,OPTSTK,NFO,5.000000,14001,False
108525,HCLTECH29SEP261280CE,HCLTECH,29SEP2026,128000.000000,400,OPTSTK,NFO,5.000000,20001,False
108544,HCLTECH29SEP261340CE,HCLTECH,29SEP2026,134000.000000,400,OPTSTK,NFO,5.000000,20001,False
108548,HCLTECH29SEP261380CE,HCLTECH,29SEP2026,138000.000000,400,OPTSTK,NFO,5.000000,20001,False
108551,HCLTECH29SEP261400PE,HCLTECH,29SEP2026,140000.000000,400,OPTSTK,NFO,5.000000,20001,False
108561,SBIN27OCT26900PE,SBIN,27OCT2026,90000.000000,750,OPTSTK,NFO,5.000000,22501,False
108578,JSWSTEEL23NOV261120CE,JSWSTEEL,23NOV2026,112000.000000,675,OPTSTK,NFO,5.000000,20251,False
108583,JSWSTEEL23NOV261200PE,JSWSTEEL,23NOV2026,120000.000000,675,OPTSTK,NFO,5.000000,20251,False
108596,SBIN27OCT26940PE,SBIN,27OCT2026,94000.000000,750,OPTSTK,NFO,5.000000,22501,False
133221,OBEROIRLTY29SEP261760CE,OBEROIRLTY,29SEP2026,176000.000000,350,OPTSTK,NFO,5.000000,14001,False
133278,OBEROIRLTY29SEP261920CE,OBEROIRLTY,29SEP2026,192000.000000,350,OPTSTK,NFO,5.000000,14001,False
133284,OBEROIRLTY29SEP262040CE,OBEROIRLTY,29SEP2026,204000.000000,350,OPTSTK,NFO,5.000000,14001,False
133289,OBEROIRLTY29SEP262120PE,OBEROIRLTY,29SEP2026,212000.000000,350,OPTSTK,NFO,5.000000,14001,False
108624,SBIN27OCT261160PE,SBIN,27OCT2026,116000.000000,750,OPTSTK,NFO,5.000000,22501,False
108627,SBIN27OCT261200CE,SBIN,27OCT2026,120000.000000,750,OPTSTK,NFO,5.000000,22501,False
108665,SHREECEM29SEP2621750PE,SHREECEM,29SEP2026,2175000.000000,25,OPTSTK,NFO,5.000000,1001,False
108678,SHREECEM29SEP2624750CE,SHREECEM,29SEP2026,2475000.000000,25,OPTSTK,NFO,5.000000,1001,False
133290,OBEROIRLTY29SEP262160CE,OBEROIRLTY,29SEP2026,216000.000000,350,OPTSTK,NFO,5.000000,14001,False
133291,OBEROIRLTY29SEP262160PE,OBEROIRLTY,29SEP2026,216000.000000,350,OPTSTK,NFO,5.000000,14001,False
133871,OFSS29SEP269200PE,OFSS,29SEP2026,920000.000000,100,OPTSTK,NFO,5.000000,2001,False
133900,OFSS29SEP2610800CE,OFSS,29SEP2026,1080000.000000,100,OPTSTK,NFO,5.000000,2001,False
108686,SHREECEM29SEP2626250CE,SHREECEM,29SEP2026,2625000.000000,25,OPTSTK,NFO,5.000000,1001,False
108742,SHREECEM27OCT2621000CE,SHREECEM,27OCT2026,2100000.000000,25,OPTSTK,NFO,5.000000,1001,False
108778,SHREECEM27OCT2626000PE,SHREECEM,27OCT2026,2600000.000000,25,OPTSTK,NFO,5.000000,1001,False
108827,JUBLFOOD27OCT26425CE,JUBLFOOD,27OCT2026,42500.000000,1250,OPTSTK,NFO,5.000000,50001,False
133909,OFSS29SEP2610800PE,OFSS,29SEP2026,1080000.000000,100,OPTSTK,NFO,5.000000,2001,False
133986,OFSS29SEP2612600CE,OFSS,29SEP2026,1260000.000000,100,OPTSTK,NFO,5.000000,2001,False
133998,OFSS29SEP2613800CE,OFSS,29SEP2026,1380000.000000,100,OPTSTK,NFO,5.000000,2001,False
134267,OIL29SEP26420CE,OIL,29SEP2026,42000.000000,1400,OPTSTK,NFO,5.000000,56001,False
134269,OIL29SEP26430CE,OIL,29SEP2026,43000.000000,1400,OPTSTK,NFO,5.000000,56001,False
134270,OIL29SEP26430PE,OIL,29SEP2026,43000.000000,1400,OPTSTK,NFO,5.000000,56001,False
134356,OIL29SEP26480CE,OIL,29SEP2026,48000.000000,1400,OPTSTK,NFO,5.000000,56001,False
134376,OIL29SEP26540CE,OIL,29SEP2026,54000.000000,1400,OPTSTK,NFO,5.000000,56001,False
108829,JUBLFOOD27OCT26435CE,JUBLFOOD,27OCT2026,43500.000000,1250,OPTSTK,NFO,5.000000,50001,False
108853,JUBLFOOD27OCT26495CE,JUBLFOOD,27OCT2026,49500.000000,1250,OPTSTK,NFO,5.000000,50001,False
108890,HDFCAMC29SEP262900PE,HDFCAMC,29SEP2026,290000.000000,300,OPTSTK,NFO,5.000000,9001,False
109018,JUBLFOOD23NOV26450PE,JUBLFOOD,23NOV2026,45000.000000,1250,OPTSTK,NFO,5.000000,50001,False
134378,OIL29SEP26560CE,OIL,29SEP2026,56000.000000,1400,OPTSTK,NFO,5.000000,56001,False
134860,ONGC29SEP26225PE,ONGC,29SEP2026,22500.000000,2250,OPTSTK,NFO,1.000000,90001,False
134866,ONGC29SEP26235PE,ONGC,29SEP2026,23500.000000,2250,OPTSTK,NFO,1.000000,90001,False
134880,ONGC29SEP26245PE,ONGC,29SEP2026,24500.000000,2250,OPTSTK,NFO,1.000000,90001,False
109019,JUBLFOOD23NOV26460CE,JUBLFOOD,23NOV2026,46000.000000,1250,OPTSTK,NFO,5.000000,50001,False
109034,JUBLFOOD23NOV26530PE,JUBLFOOD,23NOV2026,53000.000000,1250,OPTSTK,NFO,5.000000,50001,False
109035,JUBLFOOD23NOV26540CE,JUBLFOOD,23NOV2026,54000.000000,1250,OPTSTK,NFO,5.000000,50001,False
109040,HDFCBANK29SEP26600CE,HDFCBANK,29SEP2026,60000.000000,650,OPTSTK,NFO,5.000000,32501,False
134891,ONGC29SEP26275CE,ONGC,29SEP2026,27500.000000,2250,OPTSTK,NFO,1.000000,90001,False
135108,PAGEIND29SEP2639000CE,PAGEIND,29SEP2026,3900000.000000,20,OPTSTK,NFO,5.000000,601,False
135665,PATANJALI29SEP26320CE,PATANJALI,29SEP2026,32000.000000,1075,OPTSTK,NFO,5.000000,64501,False
135109,PAGEIND29SEP2639000PE,PAGEIND,29SEP2026,3900000.000000,20,OPTSTK,NFO,5.000000,601,False
109042,JUBLFOOD23NOV26540PE,JUBLFOOD,23NOV2026,54000.000000,1250,OPTSTK,NFO,5.000000,50001,False
109045,HDFCBANK29SEP26620PE,HDFCBANK,29SEP2026,62000.000000,650,OPTSTK,NFO,5.000000,32501,False
109060,SHRIRAMFIN29SEP26980CE,SHRIRAMFIN,29SEP2026,98000.000000,825,OPTSTK,NFO,5.000000,24751,False
109065,SHRIRAMFIN29SEP261060PE,SHRIRAMFIN,29SEP2026,106000.000000,825,OPTSTK,NFO,5.000000,24751,False
135667,PATANJALI29SEP26330CE,PATANJALI,29SEP2026,33000.000000,1075,OPTSTK,NFO,5.000000,64501,False
135670,PATANJALI29SEP26340PE,PATANJALI,29SEP2026,34000.000000,1075,OPTSTK,NFO,5.000000,64501,False
135672,PATANJALI29SEP26350PE,PATANJALI,29SEP2026,35000.000000,1075,OPTSTK,NFO,5.000000,64501,False
135677,PATANJALI29SEP26380CE,PATANJALI,29SEP2026,38000.000000,1075,OPTSTK,NFO,5.000000,64501,False
109077,SHRIRAMFIN29SEP261180PE,SHRIRAMFIN,29SEP2026,118000.000000,825,OPTSTK,NFO,5.000000,24751,False
109098,HDFCBANK29SEP26760CE,HDFCBANK,29SEP2026,76000.000000,650,OPTSTK,NFO,5.000000,32501,False
109113,HDFCBANK29SEP26900PE,HDFCBANK,29SEP2026,90000.000000,650,OPTSTK,NFO,5.000000,32501,False
109201,SHRIRAMFIN27OCT261120PE,SHRIRAMFIN,27OCT2026,112000.000000,825,OPTSTK,NFO,5.000000,24751,False
135681,PATANJALI29SEP26400CE,PATANJALI,29SEP2026,40000.000000,1075,OPTSTK,NFO,5.000000,64501,False
135687,PATANJALI29SEP26410CE,PATANJALI,29SEP2026,41000.000000,1075,OPTSTK,NFO,5.000000,64501,False
135928,PAYTM29SEP261360CE,PAYTM,29SEP2026,136000.000000,725,OPTSTK,NFO,5.000000,14501,False
135931,PAYTM29SEP261400PE,PAYTM,29SEP2026,140000.000000,725,OPTSTK,NFO,5.000000,14501,False
109249,SIEMENS29SEP263650CE,SIEMENS,29SEP2026,365000.000000,175,OPTSTK,NFO,5.000000,7001,False
109284,SIEMENS29SEP264350PE,SIEMENS,29SEP2026,435000.000000,175,OPTSTK,NFO,5.000000,7001,False
109328,KALYANKJIL27OCT26490CE,KALYANKJIL,27OCT2026,49000.000000,1350,OPTSTK,NFO,5.000000,40501,False
109330,KALYANKJIL27OCT26510CE,KALYANKJIL,27OCT2026,51000.000000,1350,OPTSTK,NFO,5.000000,40501,False
135985,PERSISTENT29SEP264800PE,PERSISTENT,29SEP2026,480000.000000,125,OPTSTK,NFO,5.000000,3751,False
136059,PERSISTENT29SEP265400PE,PERSISTENT,29SEP2026,540000.000000,125,OPTSTK,NFO,5.000000,3751,False
136062,PERSISTENT29SEP265800CE,PERSISTENT,29SEP2026,580000.000000,125,OPTSTK,NFO,5.000000,3751,False
136125,PETRONET29SEP26280PE,PETRONET,29SEP2026,28000.000000,1900,OPTSTK,NFO,5.000000,76001,False
109365,KALYANKJIL23NOV26480PE,KALYANKJIL,23NOV2026,48000.000000,1350,OPTSTK,NFO,5.000000,40501,False
109371,KALYANKJIL23NOV26520PE,KALYANKJIL,23NOV2026,52000.000000,1350,OPTSTK,NFO,5.000000,40501,False
109383,KALYANKJIL23NOV26620PE,KALYANKJIL,23NOV2026,62000.000000,1350,OPTSTK,NFO,5.000000,40501,False
109425,SIEMENS27OCT263400CE,SIEMENS,27OCT2026,340000.000000,175,OPTSTK,NFO,5.000000,7001,False
136493,PFC29SEP26300CE,PFC,29SEP2026,30000.000000,1300,OPTSTK,NFO,5.000000,52001,False
136530,PFC29SEP26370CE,PFC,29SEP2026,37000.000000,1300,OPTSTK,NFO,5.000000,52001,False
136753,PFC29SEP26400CE,PFC,29SEP2026,40000.000000,1300,OPTSTK,NFO,5.000000,52001,False
136784,PFC29SEP26480CE,PFC,29SEP2026,48000.000000,1300,OPTSTK,NFO,5.000000,52001,False
109447,SIEMENS27OCT264000PE,SIEMENS,27OCT2026,400000.000000,175,OPTSTK,NFO,5.000000,7001,False
109451,SIEMENS27OCT264200PE,SIEMENS,27OCT2026,420000.000000,175,OPTSTK,NFO,5.000000,7001,False
109458,SIEMENS27OCT264500CE,SIEMENS,27OCT2026,450000.000000,175,OPTSTK,NFO,5.000000,7001,False
109460,SIEMENS27OCT264600CE,SIEMENS,27OCT2026,460000.000000,175,OPTSTK,NFO,5.000000,7001,False
136787,PFC29SEP26490PE,PFC,29SEP2026,49000.000000,1300,OPTSTK,NFO,5.000000,52001,False
137196,PGEL29SEP26540PE,PGEL,29SEP2026,54000.000000,950,OPTSTK,NFO,5.000000,38001,False
137571,PHOENIXLTD29SEP261720PE,PHOENIXLTD,29SEP2026,172000.000000,350,OPTSTK,NFO,5.000000,14001,False
137604,PHOENIXLTD29SEP261800PE,PHOENIXLTD,29SEP2026,180000.000000,350,OPTSTK,NFO,5.000000,14001,False
109485,KAYNES27OCT263850PE,KAYNES,27OCT2026,385000.000000,150,OPTSTK,NFO,5.000000,6001,False
109490,KAYNES27OCT264150CE,KAYNES,27OCT2026,415000.000000,150,OPTSTK,NFO,5.000000,6001,False
109560,SOLARINDS29SEP2622750CE,SOLARINDS,29SEP2026,2275000.000000,50,OPTSTK,NFO,5.000000,1501,False
109576,HDFCLIFE29SEP26450PE,HDFCLIFE,29SEP2026,45000.000000,1100,OPTSTK,NFO,5.000000,44001,False
137621,PHOENIXLTD29SEP262000CE,PHOENIXLTD,29SEP2026,200000.000000,350,OPTSTK,NFO,5.000000,14001,False
137788,PIDILITIND29SEP261520PE,PIDILITIND,29SEP2026,152000.000000,500,OPTSTK,NFO,5.000000,15001,False
137793,PIDILITIND29SEP261640CE,PIDILITIND,29SEP2026,164000.000000,500,OPTSTK,NFO,5.000000,15001,False
138384,PIIND29SEP262400CE,PIIND,29SEP2026,240000.000000,175,OPTSTK,NFO,5.000000,8751,False
138390,PIIND29SEP262700CE,PIIND,29SEP2026,270000.000000,175,OPTSTK,NFO,5.000000,8751,False
138400,PIIND29SEP263200CE,PIIND,29SEP2026,320000.000000,175,OPTSTK,NFO,5.000000,8751,False
138911,PNB29SEP2698CE,PNB,29SEP2026,9800.000000,8000,OPTSTK,NFO,1.000000,240001,False
138917,PNB29SEP26102CE,PNB,29SEP2026,10200.000000,8000,OPTSTK,NFO,1.000000,240001,False
109580,HDFCLIFE29SEP26460PE,HDFCLIFE,29SEP2026,46000.000000,1100,OPTSTK,NFO,5.000000,44001,False
109592,HDFCLIFE29SEP26510PE,HDFCLIFE,29SEP2026,51000.000000,1100,OPTSTK,NFO,5.000000,44001,False
109594,HDFCLIFE29SEP26520PE,HDFCLIFE,29SEP2026,52000.000000,1100,OPTSTK,NFO,5.000000,44001,False
109615,HDFCLIFE29SEP26600PE,HDFCLIFE,29SEP2026,60000.000000,1100,OPTSTK,NFO,5.000000,44001,False
139020,PNB29SEP26120PE,PNB,29SEP2026,12000.000000,8000,OPTSTK,NFO,1.000000,240001,False
139056,PNB29SEP26130CE,PNB,29SEP2026,13000.000000,8000,OPTSTK,NFO,1.000000,240001,False
139155,PNBHOUSING29SEP26880CE,PNBHOUSING,29SEP2026,88000.000000,650,OPTSTK,NFO,5.000000,19501,False
139169,PNBHOUSING29SEP261040CE,PNBHOUSING,29SEP2026,104000.000000,650,OPTSTK,NFO,5.000000,19501,False
109619,HDFCLIFE29SEP26620PE,HDFCLIFE,29SEP2026,62000.000000,1100,OPTSTK,NFO,5.000000,44001,False
109647,SOLARINDS27OCT2617500PE,SOLARINDS,27OCT2026,1750000.000000,50,OPTSTK,NFO,5.000000,1501,False
109651,SOLARINDS27OCT2618500PE,SOLARINDS,27OCT2026,1850000.000000,50,OPTSTK,NFO,5.000000,1501,False
109663,SOLARINDS27OCT2621000PE,SOLARINDS,27OCT2026,2100000.000000,50,OPTSTK,NFO,5.000000,1501,False
139172,PNBHOUSING29SEP261080PE,PNBHOUSING,29SEP2026,108000.000000,650,OPTSTK,NFO,5.000000,19501,False
139236,PNBHOUSING29SEP261120PE,PNBHOUSING,29SEP2026,112000.000000,650,OPTSTK,NFO,5.000000,19501,False
139239,PNBHOUSING29SEP261160PE,PNBHOUSING,29SEP2026,116000.000000,650,OPTSTK,NFO,5.000000,19501,False
139637,POLICYBZR29SEP262000CE,POLICYBZR,29SEP2026,200000.000000,350,OPTSTK,NFO,5.000000,14001,False
139639,POLICYBZR29SEP262040CE,POLICYBZR,29SEP2026,204000.000000,350,OPTSTK,NFO,5.000000,14001,False
140278,POLYCAB29SEP267000CE,POLYCAB,29SEP2026,700000.000000,125,OPTSTK,NFO,5.000000,2501,False
140289,POLYCAB29SEP268000PE,POLYCAB,29SEP2026,800000.000000,125,OPTSTK,NFO,5.000000,2501,False
140321,POLYCAB29SEP268600PE,POLYCAB,29SEP2026,860000.000000,125,OPTSTK,NFO,5.000000,2501,False
109749,HEROMOTOCO29SEP264400CE,HEROMOTOCO,29SEP2026,440000.000000,150,OPTSTK,NFO,5.000000,4501,False
109760,SONACOMS29SEP26730CE,SONACOMS,29SEP2026,73000.000000,1225,OPTSTK,NFO,5.000000,36751,False
109761,SONACOMS29SEP26730PE,SONACOMS,29SEP2026,73000.000000,1225,OPTSTK,NFO,5.000000,36751,False
109767,SONACOMS29SEP26790PE,SONACOMS,29SEP2026,79000.000000,1225,OPTSTK,NFO,5.000000,36751,False
140342,POLYCAB29SEP269400PE,POLYCAB,29SEP2026,940000.000000,125,OPTSTK,NFO,5.000000,2501,False
140346,POLYCAB29SEP269800PE,POLYCAB,29SEP2026,980000.000000,125,OPTSTK,NFO,5.000000,2501,False
140816,POWERGRID29SEP26240PE,POWERGRID,29SEP2026,24000.000000,1900,OPTSTK,NFO,5.000000,76001,False
140892,POWERGRID29SEP26300CE,POWERGRID,29SEP2026,30000.000000,1900,OPTSTK,NFO,5.000000,76001,False
109826,SONACOMS27OCT26720PE,SONACOMS,27OCT2026,72000.000000,1225,OPTSTK,NFO,5.000000,36751,False
109848,KAYNES23NOV263800CE,KAYNES,23NOV2026,380000.000000,150,OPTSTK,NFO,5.000000,6001,False
109851,KAYNES23NOV263900PE,KAYNES,23NOV2026,390000.000000,150,OPTSTK,NFO,5.000000,6001,False
109872,SONACOMS27OCT26840PE,SONACOMS,27OCT2026,84000.000000,1225,OPTSTK,NFO,5.000000,36751,False
140893,POWERGRID29SEP26300PE,POWERGRID,29SEP2026,30000.000000,1900,OPTSTK,NFO,5.000000,76001,False
140894,POWERGRID29SEP26305CE,POWERGRID,29SEP2026,30500.000000,1900,OPTSTK,NFO,5.000000,76001,False
141702,POWERINDIA29SEP2634000CE,POWERINDIA,29SEP2026,3400000.000000,25,OPTSTK,NFO,5.000000,751,False
141710,POWERINDIA29SEP2638000CE,POWERINDIA,29SEP2026,3800000.000000,25,OPTSTK,NFO,5.000000,751,False
109887,KAYNES23NOV264400CE,KAYNES,23NOV2026,440000.000000,150,OPTSTK,NFO,5.000000,6001,False
109925,SRF29SEP262550CE,SRF,29SEP2026,255000.000000,200,OPTSTK,NFO,5.000000,8001,False
109934,SRF29SEP262850PE,SRF,29SEP2026,285000.000000,200,OPTSTK,NFO,5.000000,8001,False
109959,SRF27OCT262100CE,SRF,27OCT2026,210000.000000,200,OPTSTK,NFO,5.000000,8001,False
141944,PREMIERENE29SEP26920CE,PREMIERENE,29SEP2026,92000.000000,650,OPTSTK,NFO,5.000000,26001,False
141985,PREMIERENE29SEP261200PE,PREMIERENE,29SEP2026,120000.000000,650,OPTSTK,NFO,5.000000,26001,False
142197,PRESTIGE29SEP261240PE,PRESTIGE,29SEP2026,124000.000000,450,OPTSTK,NFO,5.000000,13501,False
142200,PRESTIGE29SEP261320CE,PRESTIGE,29SEP2026,132000.000000,450,OPTSTK,NFO,5.000000,13501,False
109965,KEI27OCT265300CE,KEI,27OCT2026,530000.000000,175,OPTSTK,NFO,5.000000,5251,False
109967,KEI27OCT265500CE,KEI,27OCT2026,550000.000000,175,OPTSTK,NFO,5.000000,5251,False
109992,SRF27OCT262200CE,SRF,27OCT2026,220000.000000,200,OPTSTK,NFO,5.000000,8001,False
109998,HEROMOTOCO29SEP266200PE,HEROMOTOCO,29SEP2026,620000.000000,150,OPTSTK,NFO,5.000000,4501,False
142202,PRESTIGE29SEP261360CE,PRESTIGE,29SEP2026,136000.000000,450,OPTSTK,NFO,5.000000,13501,False
142236,PRESTIGE29SEP261880CE,PRESTIGE,29SEP2026,188000.000000,450,OPTSTK,NFO,5.000000,13501,False
142253,PRESTIGE29SEP261920PE,PRESTIGE,29SEP2026,192000.000000,450,OPTSTK,NFO,5.000000,13501,False
142567,RADICO29SEP263800PE,RADICO,29SEP2026,380000.000000,150,OPTSTK,NFO,5.000000,6001,False
110048,SUNPHARMA29SEP261660PE,SUNPHARMA,29SEP2026,166000.000000,350,OPTSTK,NFO,5.000000,14001,False
110086,KEI23NOV264800CE,KEI,23NOV2026,480000.000000,175,OPTSTK,NFO,5.000000,5251,False
110092,HINDALCO29SEP26920PE,HINDALCO,29SEP2026,92000.000000,700,OPTSTK,NFO,5.000000,21001,False
110093,HINDALCO29SEP26960CE,HINDALCO,29SEP2026,96000.000000,700,OPTSTK,NFO,5.000000,21001,False
142568,RADICO29SEP263900CE,RADICO,29SEP2026,390000.000000,150,OPTSTK,NFO,5.000000,6001,False
142577,RADICO29SEP264300PE,RADICO,29SEP2026,430000.000000,150,OPTSTK,NFO,5.000000,6001,False
142580,RADICO29SEP264500CE,RADICO,29SEP2026,450000.000000,150,OPTSTK,NFO,5.000000,6001,False
142582,RADICO29SEP264600CE,RADICO,29SEP2026,460000.000000,150,OPTSTK,NFO,5.000000,6001,False
110101,SUNPHARMA29SEP261780CE,SUNPHARMA,29SEP2026,178000.000000,350,OPTSTK,NFO,5.000000,14001,False
110112,HINDALCO29SEP261160PE,HINDALCO,29SEP2026,116000.000000,700,OPTSTK,NFO,5.000000,21001,False
110131,KEI23NOV265800CE,KEI,23NOV2026,580000.000000,175,OPTSTK,NFO,5.000000,5251,False
110132,KEI23NOV265800PE,KEI,23NOV2026,580000.000000,175,OPTSTK,NFO,5.000000,5251,False
143368,RBLBANK29SEP26400PE,RBLBANK,29SEP2026,40000.000000,3175,OPTSTK,NFO,5.000000,63501,False
143436,RBLBANK29SEP26480PE,RBLBANK,29SEP2026,48000.000000,3175,OPTSTK,NFO,5.000000,63501,False
143607,RECLTD29SEP26290CE,RECLTD,29SEP2026,29000.000000,1575,OPTSTK,NFO,5.000000,63001,False
143757,RECLTD29SEP26400PE,RECLTD,29SEP2026,40000.000000,1575,OPTSTK,NFO,5.000000,63001,False
144389,RELIANCE29SEP261220PE,RELIANCE,29SEP2026,122000.000000,500,OPTSTK,NFO,5.000000,20001,False
144391,RELIANCE29SEP261240PE,RELIANCE,29SEP2026,124000.000000,500,OPTSTK,NFO,5.000000,20001,False
144398,RELIANCE29SEP261320CE,RELIANCE,29SEP2026,132000.000000,500,OPTSTK,NFO,5.000000,20001,False
144407,RELIANCE29SEP261400PE,RELIANCE,29SEP2026,140000.000000,500,OPTSTK,NFO,5.000000,20001,False
110137,KEI23NOV266400CE,KEI,23NOV2026,640000.000000,175,OPTSTK,NFO,5.000000,5251,False
110143,HINDPETRO29SEP26320.75CE,HINDPETRO,29SEP2026,32075.000000,2025,OPTSTK,NFO,5.000000,60751,False
110147,HINDPETRO29SEP26340.75CE,HINDPETRO,29SEP2026,34075.000000,2025,OPTSTK,NFO,5.000000,60751,False
110158,HINDPETRO29SEP26380.75CE,HINDPETRO,29SEP2026,38075.000000,2025,OPTSTK,NFO,5.000000,60751,False
144502,RELIANCE29SEP261540CE,RELIANCE,29SEP2026,154000.000000,500,OPTSTK,NFO,5.000000,20001,False
144847,RVNL29SEP26200CE,RVNL,29SEP2026,20000.000000,1925,OPTSTK,NFO,1.000000,96251,False
144912,RVNL29SEP26260CE,RVNL,29SEP2026,26000.000000,1925,OPTSTK,NFO,1.000000,96251,False
144913,RVNL29SEP26260PE,RVNL,29SEP2026,26000.000000,1925,OPTSTK,NFO,1.000000,96251,False
110173,SUNPHARMA29SEP262060PE,SUNPHARMA,29SEP2026,206000.000000,350,OPTSTK,NFO,5.000000,14001,False
110273,KFINTECH23NOV26720CE,KFINTECH,23NOV2026,72000.000000,575,OPTSTK,NFO,5.000000,23001,False
110285,KFINTECH23NOV26960CE,KFINTECH,23NOV2026,96000.000000,575,OPTSTK,NFO,5.000000,23001,False
110354,SUNPHARMA27OCT261680PE,SUNPHARMA,27OCT2026,168000.000000,350,OPTSTK,NFO,5.000000,14001,False
145468,SAIL29SEP26155PE,SAIL,29SEP2026,15500.000000,4700,OPTSTK,NFO,1.000000,141001,False
145475,SAIL29SEP26175CE,SAIL,29SEP2026,17500.000000,4700,OPTSTK,NFO,1.000000,141001,False
145481,SAIL29SEP26190CE,SAIL,29SEP2026,19000.000000,4700,OPTSTK,NFO,1.000000,141001,False
145664,SBICARD29SEP26600PE,SBICARD,29SEP2026,60000.000000,800,OPTSTK,NFO,5.000000,40001,False
110361,SUNPHARMA27OCT261840CE,SUNPHARMA,27OCT2026,184000.000000,350,OPTSTK,NFO,5.000000,14001,False
110366,SUNPHARMA27OCT261920CE,SUNPHARMA,27OCT2026,192000.000000,350,OPTSTK,NFO,5.000000,14001,False
110370,SUNPHARMA27OCT262000CE,SUNPHARMA,27OCT2026,200000.000000,350,OPTSTK,NFO,5.000000,14001,False
110371,SUNPHARMA27OCT262000PE,SUNPHARMA,27OCT2026,200000.000000,350,OPTSTK,NFO,5.000000,14001,False
145707,SBICARD29SEP26620CE,SBICARD,29SEP2026,62000.000000,800,OPTSTK,NFO,5.000000,40001,False
145724,SBICARD29SEP26760CE,SBICARD,29SEP2026,76000.000000,800,OPTSTK,NFO,5.000000,40001,False
146290,SBILIFE29SEP261520CE,SBILIFE,29SEP2026,152000.000000,375,OPTSTK,NFO,5.000000,15001,False
146408,SBILIFE29SEP262000CE,SBILIFE,29SEP2026,200000.000000,375,OPTSTK,NFO,5.000000,15001,False
110378,SUNPHARMA27OCT262120PE,SUNPHARMA,27OCT2026,212000.000000,350,OPTSTK,NFO,5.000000,14001,False
110459,SUPREMEIND29SEP263250PE,SUPREMEIND,29SEP2026,325000.000000,175,OPTSTK,NFO,5.000000,7001,False
110461,SUPREMEIND29SEP263350PE,SUPREMEIND,29SEP2026,335000.000000,175,OPTSTK,NFO,5.000000,7001,False
110477,SUPREMEIND29SEP263750PE,SUPREMEIND,29SEP2026,375000.000000,175,OPTSTK,NFO,5.000000,7001,False
146429,SBILIFE29SEP262040CE,SBILIFE,29SEP2026,204000.000000,375,OPTSTK,NFO,5.000000,15001,False
146430,SBILIFE29SEP262040PE,SBILIFE,29SEP2026,204000.000000,375,OPTSTK,NFO,5.000000,15001,False
146438,SBILIFE29SEP262120PE,SBILIFE,29SEP2026,212000.000000,375,OPTSTK,NFO,5.000000,15001,False
146924,SBIN29SEP26920CE,SBIN,29SEP2026,92000.000000,750,OPTSTK,NFO,5.000000,22501,False
147149,SBIN29SEP26980CE,SBIN,29SEP2026,98000.000000,750,OPTSTK,NFO,5.000000,22501,False
147207,SBIN29SEP261260PE,SBIN,29SEP2026,126000.000000,750,OPTSTK,NFO,5.000000,22501,False
110497,KOTAKBANK27OCT26425PE,KOTAKBANK,27OCT2026,42500.000000,2000,OPTSTK,NFO,5.000000,60001,False
110501,SUPREMEIND29SEP263850PE,SUPREMEIND,29SEP2026,385000.000000,175,OPTSTK,NFO,5.000000,7001,False
110503,SUPREMEIND29SEP263950PE,SUPREMEIND,29SEP2026,395000.000000,175,OPTSTK,NFO,5.000000,7001,False
110544,SUPREMEIND27OCT262900CE,SUPREMEIND,27OCT2026,290000.000000,175,OPTSTK,NFO,5.000000,7001,False
147150,SBIN29SEP26980PE,SBIN,29SEP2026,98000.000000,750,OPTSTK,NFO,5.000000,22501,False
147188,SBIN29SEP261080CE,SBIN,29SEP2026,108000.000000,750,OPTSTK,NFO,5.000000,22501,False
147508,SHREECEM29SEP2619000PE,SHREECEM,29SEP2026,1900000.000000,25,OPTSTK,NFO,5.000000,1001,False
147535,SHREECEM29SEP2623000CE,SHREECEM,29SEP2026,2300000.000000,25,OPTSTK,NFO,5.000000,1001,False
147550,SHREECEM29SEP2625500PE,SHREECEM,29SEP2026,2550000.000000,25,OPTSTK,NFO,5.000000,1001,False
148140,SHRIRAMFIN29SEP26960CE,SHRIRAMFIN,29SEP2026,96000.000000,825,OPTSTK,NFO,5.000000,24751,False
110546,SUPREMEIND27OCT262900PE,SUPREMEIND,27OCT2026,290000.000000,175,OPTSTK,NFO,5.000000,7001,False
110562,SUPREMEIND27OCT263600PE,SUPREMEIND,27OCT2026,360000.000000,175,OPTSTK,NFO,5.000000,7001,False
110564,SUPREMEIND27OCT263700PE,SUPREMEIND,27OCT2026,370000.000000,175,OPTSTK,NFO,5.000000,7001,False
110569,HINDUNILVR29SEP261640PE,HINDUNILVR,29SEP2026,164000.000000,300,OPTSTK,NFO,5.000000,12001,False
148154,SHRIRAMFIN29SEP261200CE,SHRIRAMFIN,29SEP2026,120000.000000,825,OPTSTK,NFO,5.000000,24751,False
148303,SIEMENS29SEP263400PE,SIEMENS,29SEP2026,340000.000000,175,OPTSTK,NFO,5.000000,7001,False
148404,SIEMENS29SEP264000PE,SIEMENS,29SEP2026,400000.000000,175,OPTSTK,NFO,5.000000,7001,False
148405,SIEMENS29SEP264100CE,SIEMENS,29SEP2026,410000.000000,175,OPTSTK,NFO,5.000000,7001,False
110573,HINDUNILVR29SEP261680CE,HINDUNILVR,29SEP2026,168000.000000,300,OPTSTK,NFO,5.000000,12001,False
110578,HINDUNILVR29SEP261760PE,HINDUNILVR,29SEP2026,176000.000000,300,OPTSTK,NFO,5.000000,12001,False
110590,HINDUNILVR29SEP262000PE,HINDUNILVR,29SEP2026,200000.000000,300,OPTSTK,NFO,5.000000,12001,False
110597,HINDUNILVR29SEP262120CE,HINDUNILVR,29SEP2026,212000.000000,300,OPTSTK,NFO,5.000000,12001,False
148908,SOLARINDS29SEP2617000CE,SOLARINDS,29SEP2026,1700000.000000,50,OPTSTK,NFO,5.000000,1501,False
149093,SOLARINDS29SEP2622500PE,SOLARINDS,29SEP2026,2250000.000000,50,OPTSTK,NFO,5.000000,1501,False
149273,SONACOMS29SEP26680PE,SONACOMS,29SEP2026,68000.000000,1225,OPTSTK,NFO,5.000000,36751,False
149276,SONACOMS29SEP26720CE,SONACOMS,29SEP2026,72000.000000,1225,OPTSTK,NFO,5.000000,36751,False
110606,HINDUNILVR29SEP262160PE,HINDUNILVR,29SEP2026,216000.000000,300,OPTSTK,NFO,5.000000,12001,False
110679,SUZLON29SEP2645PE,SUZLON,29SEP2026,4500.000000,12700,OPTSTK,NFO,1.000000,381001,False
110714,KOTAKBANK23NOV26400PE,KOTAKBANK,23NOV2026,40000.000000,2000,OPTSTK,NFO,5.000000,60001,False
110715,KOTAKBANK23NOV26410CE,KOTAKBANK,23NOV2026,41000.000000,2000,OPTSTK,NFO,5.000000,60001,False
149283,SONACOMS29SEP26780PE,SONACOMS,29SEP2026,78000.000000,1225,OPTSTK,NFO,5.000000,36751,False
149946,SRF29SEP263000CE,SRF,29SEP2026,300000.000000,200,OPTSTK,NFO,5.000000,8001,False
150295,SUNPHARMA29SEP261560CE,SUNPHARMA,29SEP2026,156000.000000,350,OPTSTK,NFO,5.000000,14001,False
150510,SUNPHARMA29SEP261720PE,SUNPHARMA,29SEP2026,172000.000000,350,OPTSTK,NFO,5.000000,14001,False
110717,KOTAKBANK23NOV26420CE,KOTAKBANK,23NOV2026,42000.000000,2000,OPTSTK,NFO,5.000000,60001,False
110720,KOTAKBANK23NOV26430PE,KOTAKBANK,23NOV2026,43000.000000,2000,OPTSTK,NFO,5.000000,60001,False
110724,KOTAKBANK23NOV26450PE,KOTAKBANK,23NOV2026,45000.000000,2000,OPTSTK,NFO,5.000000,60001,False
110730,KOTAKBANK23NOV26480PE,KOTAKBANK,23NOV2026,48000.000000,2000,OPTSTK,NFO,5.000000,60001,False
150513,SUNPHARMA29SEP261800CE,SUNPHARMA,29SEP2026,180000.000000,350,OPTSTK,NFO,5.000000,14001,False
150518,SUNPHARMA29SEP261880PE,SUNPHARMA,29SEP2026,188000.000000,350,OPTSTK,NFO,5.000000,14001,False
150713,SUNPHARMA29SEP262080PE,SUNPHARMA,29SEP2026,208000.000000,350,OPTSTK,NFO,5.000000,14001,False
150728,SUNPHARMA29SEP262200PE,SUNPHARMA,29SEP2026,220000.000000,350,OPTSTK,NFO,5.000000,14001,False
151009,SUPREMEIND29SEP262900PE,SUPREMEIND,29SEP2026,290000.000000,175,OPTSTK,NFO,5.000000,7001,False
151015,SUPREMEIND29SEP263200PE,SUPREMEIND,29SEP2026,320000.000000,175,OPTSTK,NFO,5.000000,7001,False
151017,SUPREMEIND29SEP263300PE,SUPREMEIND,29SEP2026,330000.000000,175,OPTSTK,NFO,5.000000,7001,False
151022,SUPREMEIND29SEP263600CE,SUPREMEIND,29SEP2026,360000.000000,175,OPTSTK,NFO,5.000000,7001,False
110754,SUZLON29SEP2653PE,SUZLON,29SEP2026,5300.000000,12700,OPTSTK,NFO,1.000000,381001,False
110772,HINDUNILVR29SEP262320PE,HINDUNILVR,29SEP2026,232000.000000,300,OPTSTK,NFO,5.000000,12001,False
110822,HINDUNILVR29SEP262400CE,HINDUNILVR,29SEP2026,240000.000000,300,OPTSTK,NFO,5.000000,12001,False
110823,SUZLON27OCT2648CE,SUZLON,27OCT2026,4800.000000,12700,OPTSTK,NFO,1.000000,381001,False
151030,SUPREMEIND29SEP264000CE,SUPREMEIND,29SEP2026,400000.000000,175,OPTSTK,NFO,5.000000,7001,False
151032,SUPREMEIND29SEP264100CE,SUPREMEIND,29SEP2026,410000.000000,175,OPTSTK,NFO,5.000000,7001,False
151235,SUZLON29SEP2636PE,SUZLON,29SEP2026,3600.000000,12700,OPTSTK,NFO,1.000000,381001,False
151242,SUZLON29SEP2646CE,SUZLON,29SEP2026,4600.000000,12700,OPTSTK,NFO,1.000000,381001,False
110836,SUZLON27OCT2652CE,SUZLON,27OCT2026,5200.000000,12700,OPTSTK,NFO,1.000000,381001,False
110867,KPITTECH27OCT26470PE,KPITTECH,27OCT2026,47000.000000,775,OPTSTK,NFO,5.000000,38751,False
110875,KPITTECH27OCT26550PE,KPITTECH,27OCT2026,55000.000000,775,OPTSTK,NFO,5.000000,38751,False
110890,KPITTECH27OCT26670PE,KPITTECH,27OCT2026,67000.000000,775,OPTSTK,NFO,5.000000,38751,False
151245,SUZLON29SEP2648PE,SUZLON,29SEP2026,4800.000000,12700,OPTSTK,NFO,1.000000,381001,False
151247,SUZLON29SEP2650PE,SUZLON,29SEP2026,5000.000000,12700,OPTSTK,NFO,1.000000,381001,False
151949,TATACONSUM29SEP26940PE,TATACONSUM,29SEP2026,94000.000000,550,OPTSTK,NFO,5.000000,22001,False
151950,TATACONSUM29SEP26960CE,TATACONSUM,29SEP2026,96000.000000,550,OPTSTK,NFO,5.000000,22001,False
110891,KPITTECH27OCT26690CE,KPITTECH,27OCT2026,69000.000000,775,OPTSTK,NFO,5.000000,38751,False
111003,SUZLON27OCT2656PE,SUZLON,27OCT2026,5600.000000,12700,OPTSTK,NFO,1.000000,381001,False
111047,HINDZINC29SEP26480PE,HINDZINC,29SEP2026,48000.000000,1225,OPTSTK,NFO,5.000000,36751,False
111050,HINDZINC29SEP26520CE,HINDZINC,29SEP2026,52000.000000,1225,OPTSTK,NFO,5.000000,36751,False
151955,TATACONSUM29SEP261000PE,TATACONSUM,29SEP2026,100000.000000,550,OPTSTK,NFO,5.000000,22001,False
151956,TATACONSUM29SEP261020CE,TATACONSUM,29SEP2026,102000.000000,550,OPTSTK,NFO,5.000000,22001,False
152012,TATACONSUM29SEP261100PE,TATACONSUM,29SEP2026,110000.000000,550,OPTSTK,NFO,5.000000,22001,False
152580,TATAELXSI29SEP263200CE,TATAELXSI,29SEP2026,320000.000000,125,OPTSTK,NFO,5.000000,6251,False
152581,TATAELXSI29SEP263200PE,TATAELXSI,29SEP2026,320000.000000,125,OPTSTK,NFO,5.000000,6251,False
152673,TATAELXSI29SEP263900PE,TATAELXSI,29SEP2026,390000.000000,125,OPTSTK,NFO,5.000000,6251,False
152674,TATAELXSI29SEP264000CE,TATAELXSI,29SEP2026,400000.000000,125,OPTSTK,NFO,5.000000,6251,False
152681,TATAELXSI29SEP264300PE,TATAELXSI,29SEP2026,430000.000000,125,OPTSTK,NFO,5.000000,6251,False
111053,HINDZINC29SEP26540PE,HINDZINC,29SEP2026,54000.000000,1225,OPTSTK,NFO,5.000000,36751,False
111058,HINDZINC29SEP26600CE,HINDZINC,29SEP2026,60000.000000,1225,OPTSTK,NFO,5.000000,36751,False
111064,HINDZINC29SEP26660CE,HINDZINC,29SEP2026,66000.000000,1225,OPTSTK,NFO,5.000000,36751,False
111079,SWIGGY29SEP26275PE,SWIGGY,29SEP2026,27500.000000,1825,OPTSTK,NFO,5.000000,73001,False
152683,TATAELXSI29SEP264400PE,TATAELXSI,29SEP2026,440000.000000,125,OPTSTK,NFO,5.000000,6251,False
152969,TATAPOWER29SEP26290CE,TATAPOWER,29SEP2026,29000.000000,1450,OPTSTK,NFO,5.000000,58001,False
152973,TATAPOWER29SEP26310CE,TATAPOWER,29SEP2026,31000.000000,1450,OPTSTK,NFO,5.000000,58001,False
152976,TATAPOWER29SEP26320PE,TATAPOWER,29SEP2026,32000.000000,1450,OPTSTK,NFO,5.000000,58001,False
111241,SWIGGY27OCT26290CE,SWIGGY,27OCT2026,29000.000000,1825,OPTSTK,NFO,5.000000,73001,False
111093,SWIGGY29SEP26285PE,SWIGGY,29SEP2026,28500.000000,1825,OPTSTK,NFO,5.000000,73001,False
111152,KPITTECH23NOV26540PE,KPITTECH,23NOV2026,54000.000000,775,OPTSTK,NFO,5.000000,38751,False
111213,SWIGGY27OCT26240CE,SWIGGY,27OCT2026,24000.000000,1825,OPTSTK,NFO,5.000000,73001,False
152977,TATAPOWER29SEP26330CE,TATAPOWER,29SEP2026,33000.000000,1450,OPTSTK,NFO,5.000000,58001,False
153226,TATAPOWER29SEP26360CE,TATAPOWER,29SEP2026,36000.000000,1450,OPTSTK,NFO,5.000000,58001,False
153334,TATAPOWER29SEP26430PE,TATAPOWER,29SEP2026,43000.000000,1450,OPTSTK,NFO,5.000000,58001,False
153437,TATAPOWER29SEP26440PE,TATAPOWER,29SEP2026,44000.000000,1450,OPTSTK,NFO,5.000000,58001,False
111242,SWIGGY27OCT26290PE,SWIGGY,27OCT2026,29000.000000,1825,OPTSTK,NFO,5.000000,73001,False
111251,HYUNDAI29SEP261920PE,HYUNDAI,29SEP2026,192000.000000,275,OPTSTK,NFO,5.000000,11001,False
111259,HYUNDAI29SEP262080PE,HYUNDAI,29SEP2026,208000.000000,275,OPTSTK,NFO,5.000000,11001,False
111265,SWIGGY27OCT26320PE,SWIGGY,27OCT2026,32000.000000,1825,OPTSTK,NFO,5.000000,73001,False
153794,TATASTEEL29SEP26160CE,TATASTEEL,29SEP2026,16000.000000,2750,OPTSTK,NFO,1.000000,137501,False
153798,TATASTEEL29SEP26170CE,TATASTEEL,29SEP2026,17000.000000,2750,OPTSTK,NFO,1.000000,137501,False
153934,TCS29SEP261680CE,TCS,29SEP2026,168000.000000,225,OPTSTK,NFO,5.000000,9001,False
153943,TCS29SEP261840PE,TCS,29SEP2026,184000.000000,225,OPTSTK,NFO,5.000000,9001,False
153950,TCS29SEP262000CE,TCS,29SEP2026,200000.000000,225,OPTSTK,NFO,5.000000,9001,False
153958,TCS29SEP262160CE,TCS,29SEP2026,216000.000000,225,OPTSTK,NFO,5.000000,9001,False
153964,TCS29SEP262280CE,TCS,29SEP2026,228000.000000,225,OPTSTK,NFO,5.000000,9001,False
153966,TCS29SEP262320CE,TCS,29SEP2026,232000.000000,225,OPTSTK,NFO,5.000000,9001,False
111282,HYUNDAI29SEP262280CE,HYUNDAI,29SEP2026,228000.000000,275,OPTSTK,NFO,5.000000,11001,False
111289,HYUNDAI29SEP262400PE,HYUNDAI,29SEP2026,240000.000000,275,OPTSTK,NFO,5.000000,11001,False
111291,HYUNDAI29SEP262440PE,HYUNDAI,29SEP2026,244000.000000,275,OPTSTK,NFO,5.000000,11001,False
111315,KPITTECH23NOV26660PE,KPITTECH,23NOV2026,66000.000000,775,OPTSTK,NFO,5.000000,38751,False
153978,TCS29SEP262560CE,TCS,29SEP2026,256000.000000,225,OPTSTK,NFO,5.000000,9001,False
154266,TIINDIA29SEP262700CE,TIINDIA,29SEP2026,270000.000000,200,OPTSTK,NFO,5.000000,8001,False
154272,TIINDIA29SEP263000CE,TIINDIA,29SEP2026,300000.000000,200,OPTSTK,NFO,5.000000,8001,False
154278,TIINDIA29SEP263300CE,TIINDIA,29SEP2026,330000.000000,200,OPTSTK,NFO,5.000000,8001,False
111316,KPITTECH23NOV26680CE,KPITTECH,23NOV2026,68000.000000,775,OPTSTK,NFO,5.000000,38751,False
111366,LAURUSLABS27OCT261740PE,LAURUSLABS,27OCT2026,174000.000000,850,OPTSTK,NFO,5.000000,17001,False
111368,LAURUSLABS27OCT261780PE,LAURUSLABS,27OCT2026,178000.000000,850,OPTSTK,NFO,5.000000,17001,False
111372,LAURUSLABS27OCT261820PE,LAURUSLABS,27OCT2026,182000.000000,850,OPTSTK,NFO,5.000000,17001,False
154400,TITAN29SEP264500PE,TITAN,29SEP2026,450000.000000,175,OPTSTK,NFO,5.000000,5251,False
154411,TITAN29SEP265100CE,TITAN,29SEP2026,510000.000000,175,OPTSTK,NFO,5.000000,5251,False
154415,TITAN29SEP265300CE,TITAN,29SEP2026,530000.000000,175,OPTSTK,NFO,5.000000,5251,False
154426,TITAN29SEP265800PE,TITAN,29SEP2026,580000.000000,175,OPTSTK,NFO,5.000000,5251,False
111377,LAURUSLABS27OCT261900CE,LAURUSLABS,27OCT2026,190000.000000,850,OPTSTK,NFO,5.000000,17001,False
111384,LAURUSLABS27OCT261900PE,LAURUSLABS,27OCT2026,190000.000000,850,OPTSTK,NFO,5.000000,17001,False
111390,LAURUSLABS27OCT262020PE,LAURUSLABS,27OCT2026,202000.000000,850,OPTSTK,NFO,5.000000,17001,False
111446,TATACONSUM29SEP26890PE,TATACONSUM,29SEP2026,89000.000000,550,OPTSTK,NFO,5.000000,22001,False
154597,TMPV29SEP26290PE,TMPV,29SEP2026,29000.000000,1600,OPTSTK,NFO,5.000000,64001,False
154602,TMPV29SEP26320CE,TMPV,29SEP2026,32000.000000,1600,OPTSTK,NFO,5.000000,64001,False
154608,TMPV29SEP26350CE,TMPV,29SEP2026,35000.000000,1600,OPTSTK,NFO,5.000000,64001,False
154618,TMPV29SEP26400CE,TMPV,29SEP2026,40000.000000,1600,OPTSTK,NFO,5.000000,64001,False
111516,ICICIBANK29SEP261180PE,ICICIBANK,29SEP2026,118000.000000,700,OPTSTK,NFO,5.000000,21001,False
111527,TATACONSUM29SEP26950CE,TATACONSUM,29SEP2026,95000.000000,550,OPTSTK,NFO,5.000000,22001,False
111536,ICICIBANK29SEP261320PE,ICICIBANK,29SEP2026,132000.000000,700,OPTSTK,NFO,5.000000,21001,False
111551,ICICIBANK29SEP261440PE,ICICIBANK,29SEP2026,144000.000000,700,OPTSTK,NFO,5.000000,21001,False
154748,TORNTPHARM29SEP264500CE,TORNTPHARM,29SEP2026,450000.000000,125,OPTSTK,NFO,5.000000,5001,False
154751,TORNTPHARM29SEP264600PE,TORNTPHARM,29SEP2026,460000.000000,125,OPTSTK,NFO,5.000000,5001,False
154754,TORNTPHARM29SEP264800CE,TORNTPHARM,29SEP2026,480000.000000,125,OPTSTK,NFO,5.000000,5001,False
154761,TORNTPHARM29SEP265100PE,TORNTPHARM,29SEP2026,510000.000000,125,OPTSTK,NFO,5.000000,5001,False
111560,ICICIBANK29SEP261520PE,ICICIBANK,29SEP2026,152000.000000,700,OPTSTK,NFO,5.000000,21001,False
111611,TATACONSUM29SEP261090PE,TATACONSUM,29SEP2026,109000.000000,550,OPTSTK,NFO,5.000000,22001,False
111617,TATACONSUM29SEP261150PE,TATACONSUM,29SEP2026,115000.000000,550,OPTSTK,NFO,5.000000,22001,False
111621,TATACONSUM29SEP261190CE,TATACONSUM,29SEP2026,119000.000000,550,OPTSTK,NFO,5.000000,22001,False
154792,TORNTPHARM29SEP265400CE,TORNTPHARM,29SEP2026,540000.000000,125,OPTSTK,NFO,5.000000,5001,False
154956,TRENT29SEP262700CE,TRENT,29SEP2026,270000.000000,225,OPTSTK,NFO,5.000000,9001,False
154958,TRENT29SEP262800CE,TRENT,29SEP2026,280000.000000,225,OPTSTK,NFO,5.000000,9001,False
154965,TRENT29SEP263100PE,TRENT,29SEP2026,310000.000000,225,OPTSTK,NFO,5.000000,9001,False
111650,LAURUSLABS23NOV261760PE,LAURUSLABS,23NOV2026,176000.000000,850,OPTSTK,NFO,5.000000,17001,False
111715,TATACONSUM27OCT261000PE,TATACONSUM,27OCT2026,100000.000000,550,OPTSTK,NFO,5.000000,22001,False
111730,LAURUSLABS23NOV261800CE,LAURUSLABS,23NOV2026,180000.000000,850,OPTSTK,NFO,5.000000,17001,False
111743,LAURUSLABS23NOV262000PE,LAURUSLABS,23NOV2026,200000.000000,850,OPTSTK,NFO,5.000000,17001,False
155443,ULTRACEMCO29SEP2611760PE,ULTRACEMCO,29SEP2026,1176000.000000,50,OPTSTK,NFO,5.000000,2001,False
155613,UNIONBANK29SEP26215PE,UNIONBANK,29SEP2026,21500.000000,4425,OPTSTK,NFO,1.000000,132751,False
155656,UNITDSPR29SEP261600CE,UNITDSPR,29SEP2026,160000.000000,400,OPTSTK,NFO,5.000000,16001,False
155657,UNITDSPR29SEP261600PE,UNITDSPR,29SEP2026,160000.000000,400,OPTSTK,NFO,5.000000,16001,False
111746,LAURUSLABS23NOV262080CE,LAURUSLABS,23NOV2026,208000.000000,850,OPTSTK,NFO,5.000000,17001,False
111763,TATACONSUM27OCT261200CE,TATACONSUM,27OCT2026,120000.000000,550,OPTSTK,NFO,5.000000,22001,False
111915,LICHSGFIN27OCT26550PE,LICHSGFIN,27OCT2026,55000.000000,1000,OPTSTK,NFO,5.000000,40001,False
111916,LICHSGFIN27OCT26570CE,LICHSGFIN,27OCT2026,57000.000000,1000,OPTSTK,NFO,5.000000,40001,False
155766,UNOMINDA29SEP261440CE,UNOMINDA,29SEP2026,144000.000000,550,OPTSTK,NFO,5.000000,22001,False
155795,UPL29SEP26460PE,UPL,29SEP2026,46000.000000,1355,OPTSTK,NFO,5.000000,40651,False
155802,UPL29SEP26540CE,UPL,29SEP2026,54000.000000,1355,OPTSTK,NFO,5.000000,40651,False
155804,UPL29SEP26560CE,UPL,29SEP2026,56000.000000,1355,OPTSTK,NFO,5.000000,40651,False
111917,LICHSGFIN27OCT26570PE,LICHSGFIN,27OCT2026,57000.000000,1000,OPTSTK,NFO,5.000000,40001,False
111970,ICICIGI29SEP261560CE,ICICIGI,29SEP2026,156000.000000,325,OPTSTK,NFO,5.000000,13001,False
112009,TATAELXSI29SEP263650CE,TATAELXSI,29SEP2026,365000.000000,125,OPTSTK,NFO,5.000000,6251,False
112010,TATAELXSI29SEP263650PE,TATAELXSI,29SEP2026,365000.000000,125,OPTSTK,NFO,5.000000,6251,False
155821,UPL29SEP26720PE,UPL,29SEP2026,72000.000000,1355,OPTSTK,NFO,5.000000,40651,False
155859,VBL29SEP26420PE,VBL,29SEP2026,42000.000000,1275,OPTSTK,NFO,5.000000,51001,False
156050,VEDL29SEP26220CE,VEDL,29SEP2026,22000.000000,1150,OPTSTK,NFO,5.000000,80501,False
156061,VEDL29SEP26270PE,VEDL,29SEP2026,27000.000000,1150,OPTSTK,NFO,5.000000,80501,False
112012,TATAELXSI29SEP263750PE,TATAELXSI,29SEP2026,375000.000000,125,OPTSTK,NFO,5.000000,6251,False
112084,TATAELXSI27OCT263100PE,TATAELXSI,27OCT2026,310000.000000,125,OPTSTK,NFO,5.000000,6251,False
112101,TATAELXSI27OCT263700CE,TATAELXSI,27OCT2026,370000.000000,125,OPTSTK,NFO,5.000000,6251,False
112112,TATAELXSI27OCT264200PE,TATAELXSI,27OCT2026,420000.000000,125,OPTSTK,NFO,5.000000,6251,False
156096,VEDL29SEP26330CE,VEDL,29SEP2026,33000.000000,1150,OPTSTK,NFO,5.000000,80501,False
156097,VEDL29SEP26330PE,VEDL,29SEP2026,33000.000000,1150,OPTSTK,NFO,5.000000,80501,False
156099,VEDL29SEP26340PE,VEDL,29SEP2026,34000.000000,1150,OPTSTK,NFO,5.000000,80501,False
156250,VMM29SEP2680CE,VMM,29SEP2026,8000.000000,4850,OPTSTK,NFO,1.000000,194001,False
156261,VMM29SEP26105PE,VMM,29SEP2026,10500.000000,4850,OPTSTK,NFO,1.000000,194001,False
156264,VMM29SEP26115CE,VMM,29SEP2026,11500.000000,4850,OPTSTK,NFO,1.000000,194001,False
156362,VOLTAS29SEP261160CE,VOLTAS,29SEP2026,116000.000000,375,OPTSTK,NFO,5.000000,18751,False
112114,TATAELXSI27OCT264300PE,TATAELXSI,27OCT2026,430000.000000,125,OPTSTK,NFO,5.000000,6251,False
112167,TATAPOWER29SEP26335CE,TATAPOWER,29SEP2026,33500.000000,1450,OPTSTK,NFO,5.000000,58001,False
112210,LICHSGFIN23NOV26620PE,LICHSGFIN,23NOV2026,62000.000000,1000,OPTSTK,NFO,5.000000,40001,False
112211,LICHSGFIN23NOV26640CE,LICHSGFIN,23NOV2026,64000.000000,1000,OPTSTK,NFO,5.000000,40001,False
156357,VOLTAS29SEP261040PE,VOLTAS,29SEP2026,104000.000000,375,OPTSTK,NFO,5.000000,18751,False
112220,TATAPOWER29SEP26365CE,TATAPOWER,29SEP2026,36500.000000,1450,OPTSTK,NFO,5.000000,58001,False
112223,TATAPOWER29SEP26375PE,TATAPOWER,29SEP2026,37500.000000,1450,OPTSTK,NFO,5.000000,58001,False
112225,TATAPOWER29SEP26385PE,TATAPOWER,29SEP2026,38500.000000,1450,OPTSTK,NFO,5.000000,58001,False
112271,TATAPOWER29SEP26405CE,TATAPOWER,29SEP2026,40500.000000,1450,OPTSTK,NFO,5.000000,58001,False
156378,VOLTAS29SEP261440CE,VOLTAS,29SEP2026,144000.000000,375,OPTSTK,NFO,5.000000,18751,False
156479,WAAREEENER29SEP262800PE,WAAREEENER,29SEP2026,280000.000000,175,OPTSTK,NFO,5.000000,8751,False
156485,WAAREEENER29SEP263100PE,WAAREEENER,29SEP2026,310000.000000,175,OPTSTK,NFO,5.000000,8751,False
156487,WAAREEENER29SEP263200PE,WAAREEENER,29SEP2026,320000.000000,175,OPTSTK,NFO,5.000000,8751,False
156576,WIPRO29SEP26145CE,WIPRO,29SEP2026,14500.000000,3000,OPTSTK,NFO,1.000000,120001,False
156579,WIPRO29SEP26150PE,WIPRO,29SEP2026,15000.000000,3000,OPTSTK,NFO,1.000000,120001,False
156581,WIPRO29SEP26155PE,WIPRO,29SEP2026,15500.000000,3000,OPTSTK,NFO,1.000000,120001,False
156597,WIPRO29SEP26195PE,WIPRO,29SEP2026,19500.000000,3000,OPTSTK,NFO,1.000000,120001,False
112273,TATAPOWER29SEP26415CE,TATAPOWER,29SEP2026,41500.000000,1450,OPTSTK,NFO,5.000000,58001,False
112274,TATAPOWER29SEP26415PE,TATAPOWER,29SEP2026,41500.000000,1450,OPTSTK,NFO,5.000000,58001,False
112278,LICI27OCT26385CE,LICI,27OCT2026,38500.000000,1400,OPTSTK,NFO,5.000000,56001,False
112304,LICI27OCT26405PE,LICI,27OCT2026,40500.000000,1400,OPTSTK,NFO,5.000000,56001,False
156659,YESBANK29SEP2622PE,YESBANK,29SEP2026,2200.000000,31100,OPTSTK,NFO,1.000000,933001,False
156665,YESBANK29SEP2628PE,YESBANK,29SEP2026,2800.000000,31100,OPTSTK,NFO,1.000000,933001,False
156666,YESBANK29SEP2630CE,YESBANK,29SEP2026,3000.000000,31100,OPTSTK,NFO,1.000000,933001,False
156818,ZYDUSLIFE29SEP261000CE,ZYDUSLIFE,29SEP2026,100000.000000,900,OPTSTK,NFO,5.000000,27001,False
112308,LICI27OCT26415PE,LICI,27OCT2026,41500.000000,1400,OPTSTK,NFO,5.000000,56001,False
112405,LICI23NOV26480PE,LICI,23NOV2026,48000.000000,1400,OPTSTK,NFO,5.000000,56001,False
112484,TATAPOWER27OCT26350PE,TATAPOWER,27OCT2026,35000.000000,1450,OPTSTK,NFO,5.000000,58001,False
112495,TATAPOWER27OCT26410CE,TATAPOWER,27OCT2026,41000.000000,1450,OPTSTK,NFO,5.000000,58001,False
156820,ZYDUSLIFE29SEP261020CE,ZYDUSLIFE,29SEP2026,102000.000000,900,OPTSTK,NFO,5.000000,27001,False
156826,ZYDUSLIFE29SEP261080CE,ZYDUSLIFE,29SEP2026,108000.000000,900,OPTSTK,NFO,5.000000,27001,False
156828,ZYDUSLIFE29SEP261100CE,ZYDUSLIFE,29SEP2026,110000.000000,900,OPTSTK,NFO,5.000000,27001,False
156832,ZYDUSLIFE29SEP261140CE,ZYDUSLIFE,29SEP2026,114000.000000,900,OPTSTK,NFO,5.000000,27001,False
35566,APLAPOLLO29SEP262420CE,APLAPOLLO,29SEP2026,242000.000000,350,OPTSTK,NFO,5.000000,10501,False
111988,ICICIGI29SEP261800CE,ICICIGI,29SEP2026,180000.000000,325,OPTSTK,NFO,5.000000,13001,False
112496,TATAPOWER27OCT26410PE,TATAPOWER,27OCT2026,41000.000000,1450,OPTSTK,NFO,5.000000,58001,False
112499,TATAPOWER27OCT26430CE,TATAPOWER,27OCT2026,43000.000000,1450,OPTSTK,NFO,5.000000,58001,False
112551,ICICIPRULI29SEP26410CE,ICICIPRULI,29SEP2026,41000.000000,925,OPTSTK,NFO,5.000000,46251,False
156833,ZYDUSLIFE29SEP261140PE,ZYDUSLIFE,29SEP2026,114000.000000,900,OPTSTK,NFO,5.000000,27001,False
156844,ZYDUSLIFE29SEP261260CE,ZYDUSLIFE,29SEP2026,126000.000000,900,OPTSTK,NFO,5.000000,27001,False
156852,ZYDUSLIFE29SEP261340CE,ZYDUSLIFE,29SEP2026,134000.000000,900,OPTSTK,NFO,5.000000,27001,False
35567,APLAPOLLO29SEP262420PE,APLAPOLLO,29SEP2026,242000.000000,350,OPTSTK,NFO,5.000000,10501,False
36141,KAYNES29SEP264250PE,KAYNES,29SEP2026,425000.000000,150,OPTSTK,NFO,5.000000,6001,False
36721,141NSETEST27NOV36FUT,141NSETEST,27NOV2036,-1.000000,50,FUTSTK,NFO,5.000000,100001,False
112003,ICICIGI29SEP261960CE,ICICIGI,29SEP2026,196000.000000,325,OPTSTK,NFO,5.000000,13001,False
112030,TATAELXSI29SEP263850CE,TATAELXSI,29SEP2026,385000.000000,125,OPTSTK,NFO,5.000000,6251,False
112092,TATAELXSI27OCT263200PE,TATAELXSI,27OCT2026,320000.000000,125,OPTSTK,NFO,5.000000,6251,False
112093,TATAELXSI27OCT263300CE,TATAELXSI,27OCT2026,330000.000000,125,OPTSTK,NFO,5.000000,6251,False
37107,HCLTECH29SEP261420CE,HCLTECH,29SEP2026,142000.000000,400,OPTSTK,NFO,5.000000,20001,False
37400,KALYANKJIL29SEP26510CE,KALYANKJIL,29SEP2026,51000.000000,1350,OPTSTK,NFO,5.000000,40501,False
37654,PAGEIND29SEP2631000CE,PAGEIND,29SEP2026,3100000.000000,20,OPTSTK,NFO,5.000000,601,False
37778,SONACOMS29SEP26880CE,SONACOMS,29SEP2026,88000.000000,1225,OPTSTK,NFO,5.000000,36751,False
112097,TATAELXSI27OCT263500CE,TATAELXSI,27OCT2026,350000.000000,125,OPTSTK,NFO,5.000000,6251,False
112164,TATAPOWER29SEP26315PE,TATAPOWER,29SEP2026,31500.000000,1450,OPTSTK,NFO,5.000000,58001,False
112166,TATAPOWER29SEP26325PE,TATAPOWER,29SEP2026,32500.000000,1450,OPTSTK,NFO,5.000000,58001,False
112197,LICHSGFIN23NOV26520CE,LICHSGFIN,23NOV2026,52000.000000,1000,OPTSTK,NFO,5.000000,40001,False
37781,SONACOMS29SEP26920PE,SONACOMS,29SEP2026,92000.000000,1225,OPTSTK,NFO,5.000000,36751,False
38013,ULTRACEMCO29SEP269200CE,ULTRACEMCO,29SEP2026,920000.000000,50,OPTSTK,NFO,5.000000,2001,False
38043,ULTRACEMCO29SEP2610200PE,ULTRACEMCO,29SEP2026,1020000.000000,50,OPTSTK,NFO,5.000000,2001,False
38084,ULTRACEMCO29SEP2610900PE,ULTRACEMCO,29SEP2026,1090000.000000,50,OPTSTK,NFO,5.000000,2001,False
112198,LICHSGFIN23NOV26520PE,LICHSGFIN,23NOV2026,52000.000000,1000,OPTSTK,NFO,5.000000,40001,False
112202,LICHSGFIN23NOV26560PE,LICHSGFIN,23NOV2026,56000.000000,1000,OPTSTK,NFO,5.000000,40001,False
112203,TATAPOWER29SEP26345PE,TATAPOWER,29SEP2026,34500.000000,1450,OPTSTK,NFO,5.000000,58001,False
112300,LICI27OCT26395PE,LICI,27OCT2026,39500.000000,1400,OPTSTK,NFO,5.000000,56001,False
38091,ULTRACEMCO29SEP2611200CE,ULTRACEMCO,29SEP2026,1120000.000000,50,OPTSTK,NFO,5.000000,2001,False
38119,ULTRACEMCO29SEP2611900CE,ULTRACEMCO,29SEP2026,1190000.000000,50,OPTSTK,NFO,5.000000,2001,False
38121,ULTRACEMCO29SEP2612000CE,ULTRACEMCO,29SEP2026,1200000.000000,50,OPTSTK,NFO,5.000000,2001,False
38122,ULTRACEMCO29SEP2612000PE,ULTRACEMCO,29SEP2026,1200000.000000,50,OPTSTK,NFO,5.000000,2001,False
112391,LICI23NOV26410PE,LICI,23NOV2026,41000.000000,1400,OPTSTK,NFO,5.000000,56001,False
112400,LICI23NOV26460CE,LICI,23NOV2026,46000.000000,1400,OPTSTK,NFO,5.000000,56001,False
112457,TATAPOWER27OCT26310CE,TATAPOWER,27OCT2026,31000.000000,1450,OPTSTK,NFO,5.000000,58001,False
112488,TATAPOWER27OCT26370PE,TATAPOWER,27OCT2026,37000.000000,1450,OPTSTK,NFO,5.000000,58001,False
38125,ULTRACEMCO29SEP2612100CE,ULTRACEMCO,29SEP2026,1210000.000000,50,OPTSTK,NFO,5.000000,2001,False
38148,ULTRACEMCO29SEP2612900CE,ULTRACEMCO,29SEP2026,1290000.000000,50,OPTSTK,NFO,5.000000,2001,False
38299,ULTRACEMCO27OCT269600CE,ULTRACEMCO,27OCT2026,960000.000000,50,OPTSTK,NFO,5.000000,2001,False
38168,ULTRACEMCO29SEP2613400PE,ULTRACEMCO,29SEP2026,1340000.000000,50,OPTSTK,NFO,5.000000,2001,False
112491,TATAPOWER27OCT26390CE,TATAPOWER,27OCT2026,39000.000000,1450,OPTSTK,NFO,5.000000,58001,False
112527,LODHA27OCT261020CE,LODHA,27OCT2026,102000.000000,625,OPTSTK,NFO,5.000000,18751,False
112547,ICICIPRULI29SEP26390CE,ICICIPRULI,29SEP2026,39000.000000,925,OPTSTK,NFO,5.000000,46251,False
112555,ICICIPRULI29SEP26430CE,ICICIPRULI,29SEP2026,43000.000000,925,OPTSTK,NFO,5.000000,46251,False
38338,ULTRACEMCO27OCT2612600CE,ULTRACEMCO,27OCT2026,1260000.000000,50,OPTSTK,NFO,5.000000,2001,False
38339,ULTRACEMCO27OCT2612600PE,ULTRACEMCO,27OCT2026,1260000.000000,50,OPTSTK,NFO,5.000000,2001,False
38358,ULTRACEMCO27OCT2613200PE,ULTRACEMCO,27OCT2026,1320000.000000,50,OPTSTK,NFO,5.000000,2001,False
38359,ULTRACEMCO27OCT2613400CE,ULTRACEMCO,27OCT2026,1340000.000000,50,OPTSTK,NFO,5.000000,2001,False
112562,ICICIPRULI29SEP26460PE,ICICIPRULI,29SEP2026,46000.000000,925,OPTSTK,NFO,5.000000,46251,False
112563,ICICIPRULI29SEP26470CE,ICICIPRULI,29SEP2026,47000.000000,925,OPTSTK,NFO,5.000000,46251,False
112566,ICICIPRULI29SEP26480PE,ICICIPRULI,29SEP2026,48000.000000,925,OPTSTK,NFO,5.000000,46251,False
112574,ICICIPRULI29SEP26520PE,ICICIPRULI,29SEP2026,52000.000000,925,OPTSTK,NFO,5.000000,46251,False
39044,DIVISLAB27OCT269800CE,DIVISLAB,27OCT2026,980000.000000,100,OPTSTK,NFO,5.000000,3001,False
39582,TECHM29SEP261600CE,TECHM,29SEP2026,160000.000000,600,OPTSTK,NFO,5.000000,18001,False
39586,TECHM29SEP261680CE,TECHM,29SEP2026,168000.000000,600,OPTSTK,NFO,5.000000,18001,False
39594,TECHM29SEP261800CE,TECHM,29SEP2026,180000.000000,600,OPTSTK,NFO,5.000000,18001,False
112575,ICICIPRULI29SEP26530CE,ICICIPRULI,29SEP2026,53000.000000,925,OPTSTK,NFO,5.000000,46251,False
112588,LODHA27OCT261180PE,LODHA,27OCT2026,118000.000000,625,OPTSTK,NFO,5.000000,18751,False
112589,LODHA27OCT261220CE,LODHA,27OCT2026,122000.000000,625,OPTSTK,NFO,5.000000,18751,False
112597,LODHA27OCT261380CE,LODHA,27OCT2026,138000.000000,625,OPTSTK,NFO,5.000000,18751,False
39982,COFORGE29SEP262240CE,COFORGE,29SEP2026,224000.000000,475,OPTSTK,NFO,5.000000,14251,False
40277,KAYNES29SEP264300CE,KAYNES,29SEP2026,430000.000000,150,OPTSTK,NFO,5.000000,6001,False
40441,OIL29SEP26550CE,OIL,29SEP2026,55000.000000,1400,OPTSTK,NFO,5.000000,56001,False
40661,NIFTY06OCT2621850CE,NIFTY,06OCT2026,2185000.000000,65,OPTIDX,NFO,5.000000,1801,False
112598,LODHA27OCT261380PE,LODHA,27OCT2026,138000.000000,625,OPTSTK,NFO,5.000000,18751,False
112623,ICICIPRULI29SEP26590CE,ICICIPRULI,29SEP2026,59000.000000,925,OPTSTK,NFO,5.000000,46251,False
112661,LODHA23NOV261000PE,LODHA,23NOV2026,100000.000000,625,OPTSTK,NFO,5.000000,18751,False
112696,LODHA23NOV261080PE,LODHA,23NOV2026,108000.000000,625,OPTSTK,NFO,5.000000,18751,False
40662,NIFTY06OCT2621850PE,NIFTY,06OCT2026,2185000.000000,65,OPTIDX,NFO,5.000000,1801,False
40672,NIFTY06OCT2622100PE,NIFTY,06OCT2026,2210000.000000,65,OPTIDX,NFO,5.000000,1801,False
40677,NIFTY06OCT2622250CE,NIFTY,06OCT2026,2225000.000000,65,OPTIDX,NFO,5.000000,1801,False
40697,NIFTY06OCT2622500CE,NIFTY,06OCT2026,2250000.000000,65,OPTIDX,NFO,5.000000,1801,False
112698,LODHA23NOV261120PE,LODHA,23NOV2026,112000.000000,625,OPTSTK,NFO,5.000000,18751,False
112712,LODHA23NOV261200CE,LODHA,23NOV2026,120000.000000,625,OPTSTK,NFO,5.000000,18751,False
112724,TATASTEEL29SEP26177.5PE,TATASTEEL,29SEP2026,17750.000000,2750,OPTSTK,NFO,1.000000,137501,False
112734,TATASTEEL29SEP26202.5PE,TATASTEEL,29SEP2026,20250.000000,2750,OPTSTK,NFO,1.000000,137501,False
40743,NIFTY06OCT2623150CE,NIFTY,06OCT2026,2315000.000000,65,OPTIDX,NFO,5.000000,1801,False
40745,NIFTY06OCT2623200CE,NIFTY,06OCT2026,2320000.000000,65,OPTIDX,NFO,5.000000,1801,False
40753,NIFTY06OCT2623350CE,NIFTY,06OCT2026,2335000.000000,65,OPTIDX,NFO,5.000000,1801,False
40759,NIFTY06OCT2623500CE,NIFTY,06OCT2026,2350000.000000,65,OPTIDX,NFO,5.000000,1801,False
112735,TATASTEEL29SEP26207.5CE,TATASTEEL,29SEP2026,20750.000000,2750,OPTSTK,NFO,1.000000,137501,False
112881,TATASTEEL27OCT26160CE,TATASTEEL,27OCT2026,16000.000000,2750,OPTSTK,NFO,1.000000,137501,False
112906,TATASTEEL27OCT26215PE,TATASTEEL,27OCT2026,21500.000000,2750,OPTSTK,NFO,1.000000,137501,False
112949,LT27OCT263950CE,LT,27OCT2026,395000.000000,175,OPTSTK,NFO,5.000000,7001,False
40770,NIFTY06OCT2623700PE,NIFTY,06OCT2026,2370000.000000,65,OPTIDX,NFO,5.000000,1801,False
40829,DIVISLAB29SEP2610300CE,DIVISLAB,29SEP2026,1030000.000000,100,OPTSTK,NFO,5.000000,3001,False
40862,NIFTY06OCT2624900PE,NIFTY,06OCT2026,2490000.000000,65,OPTIDX,NFO,5.000000,1801,False
40864,NIFTY06OCT2624950PE,NIFTY,06OCT2026,2495000.000000,65,OPTIDX,NFO,5.000000,1801,False
112953,LT27OCT264150CE,LT,27OCT2026,415000.000000,175,OPTSTK,NFO,5.000000,7001,False
113020,LT27OCT264250PE,LT,27OCT2026,425000.000000,175,OPTSTK,NFO,5.000000,7001,False
113042,IDFCFIRSTB29SEP2672CE,IDFCFIRSTB,29SEP2026,7200.000000,9275,OPTSTK,NFO,1.000000,278251,False
113082,TCS29SEP262060CE,TCS,29SEP2026,206000.000000,225,OPTSTK,NFO,5.000000,9001,False
40877,NIFTY06OCT2625300CE,NIFTY,06OCT2026,2530000.000000,65,OPTIDX,NFO,5.000000,1801,False
40891,NIFTY06OCT2625600PE,NIFTY,06OCT2026,2560000.000000,65,OPTIDX,NFO,5.000000,1801,False
40903,NIFTY06OCT2625750PE,NIFTY,06OCT2026,2575000.000000,65,OPTIDX,NFO,5.000000,1801,False
40904,NIFTY06OCT2625800CE,NIFTY,06OCT2026,2580000.000000,65,OPTIDX,NFO,5.000000,1801,False
113088,IDFCFIRSTB29SEP2690PE,IDFCFIRSTB,29SEP2026,9000.000000,9275,OPTSTK,NFO,1.000000,278251,False
113222,TCS27OCT262080PE,TCS,27OCT2026,208000.000000,225,OPTSTK,NFO,5.000000,9001,False
113236,TCS27OCT262320PE,TCS,27OCT2026,232000.000000,225,OPTSTK,NFO,5.000000,9001,False
113247,TCS27OCT262560CE,TCS,27OCT2026,256000.000000,225,OPTSTK,NFO,5.000000,9001,False
41625,JUBLFOOD29SEP26570CE,JUBLFOOD,29SEP2026,57000.000000,1250,OPTSTK,NFO,5.000000,50001,False
41632,JUBLFOOD29SEP26585CE,JUBLFOOD,29SEP2026,58500.000000,1250,OPTSTK,NFO,5.000000,50001,False
43137,MPHASIS29SEP262300PE,MPHASIS,29SEP2026,230000.000000,275,OPTSTK,NFO,5.000000,11001,False
43218,GODREJPROP29SEP261500CE,GODREJPROP,29SEP2026,150000.000000,325,OPTSTK,NFO,5.000000,13001,False
113250,TCS27OCT262600PE,TCS,27OCT2026,260000.000000,225,OPTSTK,NFO,5.000000,9001,False
113259,TCS27OCT262640PE,TCS,27OCT2026,264000.000000,225,OPTSTK,NFO,5.000000,9001,False
113293,LT23NOV264100CE,LT,23NOV2026,410000.000000,175,OPTSTK,NFO,5.000000,7001,False
113313,LT23NOV264600CE,LT,23NOV2026,460000.000000,175,OPTSTK,NFO,5.000000,7001,False
43623,BOSCHLTD27OCT2655000PE,BOSCHLTD,27OCT2026,5500000.000000,25,OPTSTK,NFO,5.000000,501,False
43682,KALYANKJIL29SEP26600PE,KALYANKJIL,29SEP2026,60000.000000,1350,OPTSTK,NFO,5.000000,40501,False
43830,PAYTM29SEP261640PE,PAYTM,29SEP2026,164000.000000,725,OPTSTK,NFO,5.000000,14501,False
44162,HAL29SEP265700PE,HAL,29SEP2026,570000.000000,150,OPTSTK,NFO,5.000000,4501,False
113355,LTF27OCT26285CE,LTF,27OCT2026,28500.000000,2250,OPTSTK,NFO,5.000000,67501,False
113357,LTF27OCT26295CE,LTF,27OCT2026,29500.000000,2250,OPTSTK,NFO,5.000000,67501,False
113399,LTF27OCT26305PE,LTF,27OCT2026,30500.000000,2250,OPTSTK,NFO,5.000000,67501,False
113404,LTF27OCT26325CE,LTF,27OCT2026,32500.000000,2250,OPTSTK,NFO,5.000000,67501,False
44562,NIFTY13OCT2621750CE,NIFTY,13OCT2026,2175000.000000,65,OPTIDX,NFO,5.000000,1801,False
44564,NIFTY13OCT2621800CE,NIFTY,13OCT2026,2180000.000000,65,OPTIDX,NFO,5.000000,1801,False
44565,NIFTY13OCT2621800PE,NIFTY,13OCT2026,2180000.000000,65,OPTIDX,NFO,5.000000,1801,False
44566,NIFTY13OCT2621850CE,NIFTY,13OCT2026,2185000.000000,65,OPTIDX,NFO,5.000000,1801,False
113484,TECHM29SEP261620PE,TECHM,29SEP2026,162000.000000,600,OPTSTK,NFO,5.000000,18001,False
113516,LTF23NOV26310CE,LTF,23NOV2026,31000.000000,2250,OPTSTK,NFO,5.000000,67501,False
113525,LTF23NOV26350PE,LTF,23NOV2026,35000.000000,2250,OPTSTK,NFO,5.000000,67501,False
113532,TECHM29SEP261780CE,TECHM,29SEP2026,178000.000000,600,OPTSTK,NFO,5.000000,18001,False
44568,NIFTY13OCT2621900CE,NIFTY,13OCT2026,2190000.000000,65,OPTIDX,NFO,5.000000,1801,False
44569,NIFTY13OCT2621900PE,NIFTY,13OCT2026,2190000.000000,65,OPTIDX,NFO,5.000000,1801,False
44601,NIFTY13OCT2622350PE,NIFTY,13OCT2026,2235000.000000,65,OPTIDX,NFO,5.000000,1801,False
44602,NIFTY13OCT2622400CE,NIFTY,13OCT2026,2240000.000000,65,OPTIDX,NFO,5.000000,1801,False
113631,LTM27OCT264250PE,LTM,27OCT2026,425000.000000,150,OPTSTK,NFO,5.000000,6001,False
113657,LTM27OCT265250CE,LTM,27OCT2026,525000.000000,150,OPTSTK,NFO,5.000000,6001,False
113658,LTM27OCT265250PE,LTM,27OCT2026,525000.000000,150,OPTSTK,NFO,5.000000,6001,False
113661,LTM27OCT265350CE,LTM,27OCT2026,535000.000000,150,OPTSTK,NFO,5.000000,6001,False
113662,LTM27OCT265350PE,LTM,27OCT2026,535000.000000,150,OPTSTK,NFO,5.000000,6001,False
113713,IEX29SEP26105CE,IEX,29SEP2026,10500.000000,4350,OPTSTK,NFO,1.000000,174001,False
113757,IEX29SEP26120CE,IEX,29SEP2026,12000.000000,4350,OPTSTK,NFO,1.000000,174001,False
113776,TECHM27OCT261320CE,TECHM,27OCT2026,132000.000000,600,OPTSTK,NFO,5.000000,18001,False
44645,NIFTY13OCT2623050PE,NIFTY,13OCT2026,2305000.000000,65,OPTIDX,NFO,5.000000,1801,False
44646,NIFTY13OCT2623100CE,NIFTY,13OCT2026,2310000.000000,65,OPTIDX,NFO,5.000000,1801,False
44653,NIFTY13OCT2623200PE,NIFTY,13OCT2026,2320000.000000,65,OPTIDX,NFO,5.000000,1801,False
44655,NIFTY13OCT2623250PE,NIFTY,13OCT2026,2325000.000000,65,OPTIDX,NFO,5.000000,1801,False
44657,NIFTY13OCT2623300PE,NIFTY,13OCT2026,2330000.000000,65,OPTIDX,NFO,5.000000,1801,False
44668,NIFTY13OCT2623500CE,NIFTY,13OCT2026,2350000.000000,65,OPTIDX,NFO,5.000000,1801,False
44681,NIFTY13OCT2623600PE,NIFTY,13OCT2026,2360000.000000,65,OPTIDX,NFO,5.000000,1801,False
44691,NIFTY13OCT2623700PE,NIFTY,13OCT2026,2370000.000000,65,OPTIDX,NFO,5.000000,1801,False
113800,TECHM27OCT261440PE,TECHM,27OCT2026,144000.000000,600,OPTSTK,NFO,5.000000,18001,False
113804,TECHM27OCT261480PE,TECHM,27OCT2026,148000.000000,600,OPTSTK,NFO,5.000000,18001,False
113821,TECHM27OCT261680CE,TECHM,27OCT2026,168000.000000,600,OPTSTK,NFO,5.000000,18001,False
113822,TECHM27OCT261680PE,TECHM,27OCT2026,168000.000000,600,OPTSTK,NFO,5.000000,18001,False
113823,TECHM27OCT261720CE,TECHM,27OCT2026,172000.000000,600,OPTSTK,NFO,5.000000,18001,False
113824,TECHM27OCT261720PE,TECHM,27OCT2026,172000.000000,600,OPTSTK,NFO,5.000000,18001,False
113825,TECHM27OCT261760CE,TECHM,27OCT2026,176000.000000,600,OPTSTK,NFO,5.000000,18001,False
113826,TECHM27OCT261760PE,TECHM,27OCT2026,176000.000000,600,OPTSTK,NFO,5.000000,18001,False
44697,NIFTY13OCT2623800PE,NIFTY,13OCT2026,2380000.000000,65,OPTIDX,NFO,5.000000,1801,False
44698,NIFTY13OCT2623850CE,NIFTY,13OCT2026,2385000.000000,65,OPTIDX,NFO,5.000000,1801,False
44715,NIFTY13OCT2624000PE,NIFTY,13OCT2026,2400000.000000,65,OPTIDX,NFO,5.000000,1801,False
44745,NIFTY13OCT2624350PE,NIFTY,13OCT2026,2435000.000000,65,OPTIDX,NFO,5.000000,1801,False
113827,TECHM27OCT261800CE,TECHM,27OCT2026,180000.000000,600,OPTSTK,NFO,5.000000,18001,False
113851,LTM23NOV265300PE,LTM,23NOV2026,530000.000000,150,OPTSTK,NFO,5.000000,6001,False
113901,IEX29SEP26145PE,IEX,29SEP2026,14500.000000,4350,OPTSTK,NFO,1.000000,174001,False
113905,IEX29SEP26150PE,IEX,29SEP2026,15000.000000,4350,OPTSTK,NFO,1.000000,174001,False
44746,NIFTY13OCT2624400CE,NIFTY,13OCT2026,2440000.000000,65,OPTIDX,NFO,5.000000,1801,False
44760,NIFTY13OCT2624650CE,NIFTY,13OCT2026,2465000.000000,65,OPTIDX,NFO,5.000000,1801,False
44761,NIFTY13OCT2624650PE,NIFTY,13OCT2026,2465000.000000,65,OPTIDX,NFO,5.000000,1801,False
44783,NIFTY13OCT2625100PE,NIFTY,13OCT2026,2510000.000000,65,OPTIDX,NFO,5.000000,1801,False
113964,LUPIN27OCT261940PE,LUPIN,27OCT2026,194000.000000,425,OPTSTK,NFO,5.000000,12751,False
113998,INDHOTEL29SEP26600CE,INDHOTEL,29SEP2026,60000.000000,1000,OPTSTK,NFO,5.000000,30001,False
114003,INDHOTEL29SEP26640PE,INDHOTEL,29SEP2026,64000.000000,1000,OPTSTK,NFO,5.000000,30001,False
114015,INDHOTEL29SEP26720PE,INDHOTEL,29SEP2026,72000.000000,1000,OPTSTK,NFO,5.000000,30001,False
44792,NIFTY13OCT2625300CE,NIFTY,13OCT2026,2530000.000000,65,OPTIDX,NFO,5.000000,1801,False
45530,KALYANKJIL29SEP26650CE,KALYANKJIL,29SEP2026,65000.000000,1350,OPTSTK,NFO,5.000000,40501,False
45709,KALYANKJIL29SEP26720PE,KALYANKJIL,29SEP2026,72000.000000,1350,OPTSTK,NFO,5.000000,40501,False
46003,INDUSTOWER29SEP26310CE,INDUSTOWER,29SEP2026,31000.000000,1700,OPTSTK,NFO,5.000000,68001,False
114016,INDHOTEL29SEP26740CE,INDHOTEL,29SEP2026,74000.000000,1000,OPTSTK,NFO,5.000000,30001,False
114028,TIINDIA29SEP262650CE,TIINDIA,29SEP2026,265000.000000,200,OPTSTK,NFO,5.000000,8001,False
114046,TIINDIA29SEP263250PE,TIINDIA,29SEP2026,325000.000000,200,OPTSTK,NFO,5.000000,8001,False
114100,LUPIN27OCT262220PE,LUPIN,27OCT2026,222000.000000,425,OPTSTK,NFO,5.000000,12751,False
46016,INDUSTOWER29SEP26340CE,INDUSTOWER,29SEP2026,34000.000000,1700,OPTSTK,NFO,5.000000,68001,False
46046,ICICIGI29SEP261240CE,ICICIGI,29SEP2026,124000.000000,325,OPTSTK,NFO,5.000000,13001,False
46047,ICICIGI29SEP261240PE,ICICIGI,29SEP2026,124000.000000,325,OPTSTK,NFO,5.000000,13001,False
46064,INDUSTOWER29SEP26395PE,INDUSTOWER,29SEP2026,39500.000000,1700,OPTSTK,NFO,5.000000,68001,False
114101,LUPIN27OCT262260CE,LUPIN,27OCT2026,226000.000000,425,OPTSTK,NFO,5.000000,12751,False
114108,LUPIN27OCT262380CE,LUPIN,27OCT2026,238000.000000,425,OPTSTK,NFO,5.000000,12751,False
114210,LUPIN23NOV262280PE,LUPIN,23NOV2026,228000.000000,425,OPTSTK,NFO,5.000000,12751,False
114298,TIINDIA27OCT262200CE,TIINDIA,27OCT2026,220000.000000,200,OPTSTK,NFO,5.000000,8001,False
46067,INDUSTOWER29SEP26405CE,INDUSTOWER,29SEP2026,40500.000000,1700,OPTSTK,NFO,5.000000,68001,False
46073,INDUSTOWER29SEP26420CE,INDUSTOWER,29SEP2026,42000.000000,1700,OPTSTK,NFO,5.000000,68001,False
46182,INDUSTOWER27OCT26310CE,INDUSTOWER,27OCT2026,31000.000000,1700,OPTSTK,NFO,5.000000,68001,False
46196,INDUSTOWER27OCT26340CE,INDUSTOWER,27OCT2026,34000.000000,1700,OPTSTK,NFO,5.000000,68001,False
114319,TIINDIA27OCT262900PE,TIINDIA,27OCT2026,290000.000000,200,OPTSTK,NFO,5.000000,8001,False
114323,TIINDIA27OCT263100PE,TIINDIA,27OCT2026,310000.000000,200,OPTSTK,NFO,5.000000,8001,False
114378,INDIANB29SEP26740CE,INDIANB,29SEP2026,74000.000000,1000,OPTSTK,NFO,5.000000,30001,False
114409,INDIANB29SEP26760CE,INDIANB,29SEP2026,76000.000000,1000,OPTSTK,NFO,5.000000,30001,False
46203,INDUSTOWER27OCT26370CE,INDUSTOWER,27OCT2026,37000.000000,1700,OPTSTK,NFO,5.000000,68001,False
46631,SOLARINDS27OCT2623500CE,SOLARINDS,27OCT2026,2350000.000000,50,OPTSTK,NFO,5.000000,1501,False
46480,PAYTM27OCT261880CE,PAYTM,27OCT2026,188000.000000,725,OPTSTK,NFO,5.000000,14501,False
46531,PFC27OCT26290CE,PFC,27OCT2026,29000.000000,1300,OPTSTK,NFO,5.000000,52001,False
114426,INDIANB29SEP26900CE,INDIANB,29SEP2026,90000.000000,1000,OPTSTK,NFO,5.000000,30001,False
114455,TITAN29SEP264450CE,TITAN,29SEP2026,445000.000000,175,OPTSTK,NFO,5.000000,5251,False
114456,TITAN29SEP264450PE,TITAN,29SEP2026,445000.000000,175,OPTSTK,NFO,5.000000,5251,False
114474,M&M27OCT262850PE,M&M,27OCT2026,285000.000000,200,OPTSTK,NFO,5.000000,8001,False
46694,SOLARINDS29SEP2623500CE,SOLARINDS,29SEP2026,2350000.000000,50,OPTSTK,NFO,5.000000,1501,False
47135,NIFTY15SEP2621700PE,NIFTY,15SEP2026,2170000.000000,65,OPTIDX,NFO,5.000000,1801,False
47145,NIFTY15SEP2621750CE,NIFTY,15SEP2026,2175000.000000,65,OPTIDX,NFO,5.000000,1801,False
47148,NIFTY15SEP2621800PE,NIFTY,15SEP2026,2180000.000000,65,OPTIDX,NFO,5.000000,1801,False
114502,TITAN29SEP265250CE,TITAN,29SEP2026,525000.000000,175,OPTSTK,NFO,5.000000,5251,False
114538,INDIGO29SEP264400PE,INDIGO,29SEP2026,440000.000000,150,OPTSTK,NFO,5.000000,4501,False
114539,INDIGO29SEP264600CE,INDIGO,29SEP2026,460000.000000,150,OPTSTK,NFO,5.000000,4501,False
114545,INDIGO29SEP265200CE,INDIGO,29SEP2026,520000.000000,150,OPTSTK,NFO,5.000000,4501,False
47165,NIFTY15SEP2621900PE,NIFTY,15SEP2026,2190000.000000,65,OPTIDX,NFO,5.000000,1801,False
47225,NIFTY15SEP2622100PE,NIFTY,15SEP2026,2210000.000000,65,OPTIDX,NFO,5.000000,1801,False
47251,NIFTY15SEP2622350CE,NIFTY,15SEP2026,2235000.000000,65,OPTIDX,NFO,5.000000,1801,False
47259,NIFTY15SEP2622550CE,NIFTY,15SEP2026,2255000.000000,65,OPTIDX,NFO,5.000000,1801,False
114547,INDIGO29SEP265400CE,INDIGO,29SEP2026,540000.000000,150,OPTSTK,NFO,5.000000,4501,False
114550,INDIGO29SEP265600PE,INDIGO,29SEP2026,560000.000000,150,OPTSTK,NFO,5.000000,4501,False
114629,TITAN27OCT264900PE,TITAN,27OCT2026,490000.000000,175,OPTSTK,NFO,5.000000,5251,False
114631,TITAN27OCT265000PE,TITAN,27OCT2026,500000.000000,175,OPTSTK,NFO,5.000000,5251,False
47263,NIFTY15SEP2622650CE,NIFTY,15SEP2026,2265000.000000,65,OPTIDX,NFO,5.000000,1801,False
47273,NIFTY15SEP2622900CE,NIFTY,15SEP2026,2290000.000000,65,OPTIDX,NFO,5.000000,1801,False
47278,NIFTY15SEP2623000PE,NIFTY,15SEP2026,2300000.000000,65,OPTIDX,NFO,5.000000,1801,False
47286,NIFTY15SEP2623200PE,NIFTY,15SEP2026,2320000.000000,65,OPTIDX,NFO,5.000000,1801,False
114642,TITAN27OCT265600CE,TITAN,27OCT2026,560000.000000,175,OPTSTK,NFO,5.000000,5251,False
114648,TITAN27OCT265700CE,TITAN,27OCT2026,570000.000000,175,OPTSTK,NFO,5.000000,5251,False
114695,TMPV29SEP26265CE,TMPV,29SEP2026,26500.000000,1600,OPTSTK,NFO,5.000000,64001,False
114699,TMPV29SEP26275PE,TMPV,29SEP2026,27500.000000,1600,OPTSTK,NFO,5.000000,64001,False
47289,NIFTY15SEP2623300CE,NIFTY,15SEP2026,2330000.000000,65,OPTIDX,NFO,5.000000,1801,False
47301,NIFTY15SEP2623600CE,NIFTY,15SEP2026,2360000.000000,65,OPTIDX,NFO,5.000000,1801,False
47330,NIFTY15SEP2624250PE,NIFTY,15SEP2026,2425000.000000,65,OPTIDX,NFO,5.000000,1801,False
47352,NIFTY15SEP2624750PE,NIFTY,15SEP2026,2475000.000000,65,OPTIDX,NFO,5.000000,1801,False
114710,TMPV29SEP26295CE,TMPV,29SEP2026,29500.000000,1600,OPTSTK,NFO,5.000000,64001,False
114748,TMPV29SEP26325CE,TMPV,29SEP2026,32500.000000,1600,OPTSTK,NFO,5.000000,64001,False
114814,M&M23NOV263600CE,M&M,23NOV2026,360000.000000,200,OPTSTK,NFO,5.000000,8001,False
114833,M&M23NOV263800PE,M&M,23NOV2026,380000.000000,200,OPTSTK,NFO,5.000000,8001,False
47358,NIFTY15SEP2624850PE,NIFTY,15SEP2026,2485000.000000,65,OPTIDX,NFO,5.000000,1801,False
47363,NIFTY15SEP2625000CE,NIFTY,15SEP2026,2500000.000000,65,OPTIDX,NFO,5.000000,1801,False
47372,NIFTY15SEP2625200PE,NIFTY,15SEP2026,2520000.000000,65,OPTIDX,NFO,5.000000,1801,False
47373,NIFTY15SEP2625250CE,NIFTY,15SEP2026,2525000.000000,65,OPTIDX,NFO,5.000000,1801,False
114949,TMPV27OCT26280PE,TMPV,27OCT2026,28000.000000,1600,OPTSTK,NFO,5.000000,64001,False
114964,TMPV27OCT26330PE,TMPV,27OCT2026,33000.000000,1600,OPTSTK,NFO,5.000000,64001,False
114972,TMPV27OCT26370PE,TMPV,27OCT2026,37000.000000,1600,OPTSTK,NFO,5.000000,64001,False
114973,TMPV27OCT26380CE,TMPV,27OCT2026,38000.000000,1600,OPTSTK,NFO,5.000000,64001,False
47386,NIFTY15SEP2625400PE,NIFTY,15SEP2026,2540000.000000,65,OPTIDX,NFO,5.000000,1801,False
47395,NIFTY15SEP2625600CE,NIFTY,15SEP2026,2560000.000000,65,OPTIDX,NFO,5.000000,1801,False
47413,NIFTY15SEP2625800CE,NIFTY,15SEP2026,2580000.000000,65,OPTIDX,NFO,5.000000,1801,False
47436,NIFTY15SEP2626050PE,NIFTY,15SEP2026,2605000.000000,65,OPTIDX,NFO,5.000000,1801,False
115054,INDUSINDBK29SEP26940CE,INDUSINDBK,29SEP2026,94000.000000,700,OPTSTK,NFO,5.000000,28001,False
115088,INDUSINDBK29SEP26980PE,INDUSINDBK,29SEP2026,98000.000000,700,OPTSTK,NFO,5.000000,28001,False
115099,INDUSINDBK29SEP261020CE,INDUSINDBK,29SEP2026,102000.000000,700,OPTSTK,NFO,5.000000,28001,False
115146,TORNTPHARM27OCT264200PE,TORNTPHARM,27OCT2026,420000.000000,125,OPTSTK,NFO,5.000000,5001,False
48274,NIFTYFPI29SEP261300CE,NIFTYFPI,29SEP2026,130000.000000,1100,OPTIDX,NFO,5.000000,8501,False
48334,NIFTYFPI29SEP261420CE,NIFTYFPI,29SEP2026,142000.000000,1100,OPTIDX,NFO,5.000000,8501,False
48336,NIFTYFPI29SEP261425CE,NIFTYFPI,29SEP2026,142500.000000,1100,OPTIDX,NFO,5.000000,8501,False
48360,NIFTYFPI29SEP261465CE,NIFTYFPI,29SEP2026,146500.000000,1100,OPTIDX,NFO,5.000000,8501,False
115157,MAHABANK29SEP2678CE,MAHABANK,29SEP2026,7800.000000,6500,OPTSTK,NFO,1.000000,260001,False
115168,MAHABANK29SEP2682CE,MAHABANK,29SEP2026,8200.000000,6500,OPTSTK,NFO,1.000000,260001,False
115173,TORNTPHARM27OCT265000CE,TORNTPHARM,27OCT2026,500000.000000,125,OPTSTK,NFO,5.000000,5001,False
115175,MAHABANK29SEP2683CE,MAHABANK,29SEP2026,8300.000000,6500,OPTSTK,NFO,1.000000,260001,False
48378,NIFTYFPI29SEP261495CE,NIFTYFPI,29SEP2026,149500.000000,1100,OPTIDX,NFO,5.000000,8501,False
48386,NIFTYFPI29SEP261510CE,NIFTYFPI,29SEP2026,151000.000000,1100,OPTIDX,NFO,5.000000,8501,False
48396,NIFTYFPI29SEP261535CE,NIFTYFPI,29SEP2026,153500.000000,1100,OPTIDX,NFO,5.000000,8501,False
48429,NIFTYFPI29SEP261565PE,NIFTYFPI,29SEP2026,156500.000000,1100,OPTIDX,NFO,5.000000,8501,False
115211,MAHABANK29SEP2687PE,MAHABANK,29SEP2026,8700.000000,6500,OPTSTK,NFO,1.000000,260001,False
115215,MAHABANK29SEP2689PE,MAHABANK,29SEP2026,8900.000000,6500,OPTSTK,NFO,1.000000,260001,False
115218,MAHABANK29SEP2691CE,MAHABANK,29SEP2026,9100.000000,6500,OPTSTK,NFO,1.000000,260001,False
115222,TORNTPHARM27OCT265200CE,TORNTPHARM,27OCT2026,520000.000000,125,OPTSTK,NFO,5.000000,5001,False
48458,NIFTYFPI29SEP261610CE,NIFTYFPI,29SEP2026,161000.000000,1100,OPTIDX,NFO,5.000000,8501,False
48467,NIFTYFPI29SEP261620PE,NIFTYFPI,29SEP2026,162000.000000,1100,OPTIDX,NFO,5.000000,8501,False
48473,NIFTYFPI29SEP261635PE,NIFTYFPI,29SEP2026,163500.000000,1100,OPTIDX,NFO,5.000000,8501,False
48475,NIFTYFPI29SEP261640PE,NIFTYFPI,29SEP2026,164000.000000,1100,OPTIDX,NFO,5.000000,8501,False
115243,TORNTPHARM27OCT265700CE,TORNTPHARM,27OCT2026,570000.000000,125,OPTSTK,NFO,5.000000,5001,False
115245,MAHABANK29SEP2697PE,MAHABANK,29SEP2026,9700.000000,6500,OPTSTK,NFO,1.000000,260001,False
115261,INDUSTOWER29SEP26356CE,INDUSTOWER,29SEP2026,35600.000000,1700,OPTSTK,NFO,5.000000,68001,False
115341,TRENT29SEP262950PE,TRENT,29SEP2026,295000.000000,225,OPTSTK,NFO,5.000000,9001,False
48546,NIFTYFPI29SEP261760CE,NIFTYFPI,29SEP2026,176000.000000,1100,OPTIDX,NFO,5.000000,8501,False
48736,AXISBANK27OCT26FUT,AXISBANK,27OCT2026,-1.000000,625,FUTSTK,NFO,10.000000,18751,False
48738,BAJAJFINSV27OCT26FUT,BAJAJFINSV,27OCT2026,-1.000000,300,FUTSTK,NFO,10.000000,12001,False
48781,CHOLAFIN27OCT26FUT,CHOLAFIN,27OCT2026,-1.000000,625,FUTSTK,NFO,10.000000,12501,False
48798,COCHINSHIP27OCT26FUT,COCHINSHIP,27OCT2026,-1.000000,400,FUTSTK,NFO,10.000000,16001,False
48816,CUMMINSIND27OCT26FUT,CUMMINSIND,27OCT2026,-1.000000,200,FUTSTK,NFO,50.000000,4001,False
115354,TRENT29SEP263050PE,TRENT,29SEP2026,305000.000000,225,OPTSTK,NFO,5.000000,9001,False
115368,INDUSTOWER29SEP26396PE,INDUSTOWER,29SEP2026,39600.000000,1700,OPTSTK,NFO,5.000000,68001,False
115372,TRENT29SEP263250CE,TRENT,29SEP2026,325000.000000,225,OPTSTK,NFO,5.000000,9001,False
115412,TRENT27OCT262800PE,TRENT,27OCT2026,280000.000000,225,OPTSTK,NFO,5.000000,9001,False
48820,NIFTYFPI27OCT261280CE,NIFTYFPI,27OCT2026,128000.000000,1100,OPTIDX,NFO,5.000000,8501,False
48827,DABUR27OCT26FUT,DABUR,27OCT2026,-1.000000,1250,FUTSTK,NFO,5.000000,50001,False
48836,EICHERMOT27OCT26FUT,EICHERMOT,27OCT2026,-1.000000,100,FUTSTK,NFO,50.000000,3001,False
48847,GAIL27OCT26FUT,GAIL,27OCT2026,-1.000000,3550,FUTSTK,NFO,1.000000,142001,False
115415,TRENT27OCT263000CE,TRENT,27OCT2026,300000.000000,225,OPTSTK,NFO,5.000000,9001,False
115420,TRENT27OCT263200PE,TRENT,27OCT2026,320000.000000,225,OPTSTK,NFO,5.000000,9001,False
115461,TVSMOTOR29SEP263850CE,TVSMOTOR,29SEP2026,385000.000000,175,OPTSTK,NFO,5.000000,5251,False
115483,TVSMOTOR29SEP264450PE,TVSMOTOR,29SEP2026,445000.000000,175,OPTSTK,NFO,5.000000,5251,False
48855,GRASIM27OCT26FUT,GRASIM,27OCT2026,-1.000000,250,FUTSTK,NFO,10.000000,7501,False
48856,GVT&D27OCT26FUT,GVT&D,27OCT2026,-1.000000,125,FUTSTK,NFO,10.000000,5001,False
48869,HINDUNILVR27OCT26FUT,HINDUNILVR,27OCT2026,-1.000000,300,FUTSTK,NFO,10.000000,12001,False
115489,TVSMOTOR29SEP264750PE,TVSMOTOR,29SEP2026,475000.000000,175,OPTSTK,NFO,5.000000,5251,False
115561,MAHABANK27OCT2674PE,MAHABANK,27OCT2026,7400.000000,6500,OPTSTK,NFO,1.000000,260001,False
115577,TVSMOTOR27OCT263800PE,TVSMOTOR,27OCT2026,380000.000000,175,OPTSTK,NFO,5.000000,5251,False
115583,MAHABANK27OCT2677PE,MAHABANK,27OCT2026,7700.000000,6500,OPTSTK,NFO,1.000000,260001,False
48879,IEX27OCT26FUT,IEX,27OCT2026,-1.000000,4350,FUTSTK,NFO,1.000000,174001,False
48887,NIFTYFPI27OCT261340PE,NIFTYFPI,27OCT2026,134000.000000,1100,OPTIDX,NFO,5.000000,8501,False
115585,MAHABANK27OCT2678PE,MAHABANK,27OCT2026,7800.000000,6500,OPTSTK,NFO,1.000000,260001,False
115606,MAHABANK27OCT2686CE,MAHABANK,27OCT2026,8600.000000,6500,OPTSTK,NFO,1.000000,260001,False
115590,MAHABANK27OCT2681CE,MAHABANK,27OCT2026,8100.000000,6500,OPTSTK,NFO,1.000000,260001,False
115598,MAHABANK27OCT2683PE,MAHABANK,27OCT2026,8300.000000,6500,OPTSTK,NFO,1.000000,260001,False
48926,MANKIND27OCT26FUT,MANKIND,27OCT2026,-1.000000,250,FUTSTK,NFO,10.000000,10001,False
48928,MARUTI27OCT26FUT,MARUTI,27OCT2026,-1.000000,50,FUTSTK,NFO,100.000000,2001,False
48929,MAXHEALTH27OCT26FUT,MAXHEALTH,27OCT2026,-1.000000,525,FUTSTK,NFO,10.000000,21001,False
48954,NTPC27OCT26FUT,NTPC,27OCT2026,-1.000000,1500,FUTSTK,NFO,5.000000,75001,False
48956,NIFTYFPI27OCT261380CE,NIFTYFPI,27OCT2026,138000.000000,1100,OPTIDX,NFO,5.000000,8501,False
48961,ONGC27OCT26FUT,ONGC,27OCT2026,-1.000000,2250,FUTSTK,NFO,1.000000,90001,False
115607,MAHABANK27OCT2686PE,MAHABANK,27OCT2026,8600.000000,6500,OPTSTK,NFO,1.000000,260001,False
115612,MAHABANK27OCT2688PE,MAHABANK,27OCT2026,8800.000000,6500,OPTSTK,NFO,1.000000,260001,False
115623,TVSMOTOR27OCT264700CE,TVSMOTOR,27OCT2026,470000.000000,175,OPTSTK,NFO,5.000000,5251,False
115727,INFY29SEP26880PE,INFY,29SEP2026,88000.000000,400,OPTSTK,NFO,5.000000,20001,False
48969,PFC27OCT26FUT,PFC,27OCT2026,-1.000000,1300,FUTSTK,NFO,5.000000,52001,False
48989,SAIL27OCT26FUT,SAIL,27OCT2026,-1.000000,4700,FUTSTK,NFO,1.000000,141001,False
115731,ULTRACEMCO29SEP2611660PE,ULTRACEMCO,29SEP2026,1166000.000000,50,OPTSTK,NFO,5.000000,2001,False
115747,MAHABANK23NOV2678CE,MAHABANK,23NOV2026,7800.000000,6500,OPTSTK,NFO,1.000000,260001,False
115768,INFY29SEP261040PE,INFY,29SEP2026,104000.000000,400,OPTSTK,NFO,5.000000,20001,False
115770,MAHABANK23NOV2692CE,MAHABANK,23NOV2026,9200.000000,6500,OPTSTK,NFO,1.000000,260001,False
48995,SHREECEM27OCT26FUT,SHREECEM,27OCT2026,-1.000000,25,FUTSTK,NFO,500.000000,1001,False
115774,MAHABANK23NOV2696CE,MAHABANK,23NOV2026,9600.000000,6500,OPTSTK,NFO,1.000000,260001,False
115847,MANAPPURAM27OCT26365CE,MANAPPURAM,27OCT2026,36500.000000,3000,OPTSTK,NFO,5.000000,60001,False
115917,MANAPPURAM23NOV26320CE,MANAPPURAM,23NOV2026,32000.000000,3000,OPTSTK,NFO,5.000000,60001,False
115923,MANAPPURAM23NOV26330CE,MANAPPURAM,23NOV2026,33000.000000,3000,OPTSTK,NFO,5.000000,60001,False
49004,SUPREMEIND27OCT26FUT,SUPREMEIND,27OCT2026,-1.000000,175,FUTSTK,NFO,10.000000,7001,False
49020,TORNTPHARM27OCT26FUT,TORNTPHARM,27OCT2026,-1.000000,125,FUTSTK,NFO,50.000000,5001,False
116096,MANKIND27OCT262620PE,MANKIND,27OCT2026,262000.000000,250,OPTSTK,NFO,5.000000,10001,False
116097,MANKIND27OCT262660CE,MANKIND,27OCT2026,266000.000000,250,OPTSTK,NFO,5.000000,10001,False
116258,UNIONBANK29SEP26177.5PE,UNIONBANK,29SEP2026,17750.000000,4425,OPTSTK,NFO,1.000000,132751,False
116259,UNIONBANK29SEP26182.5CE,UNIONBANK,29SEP2026,18250.000000,4425,OPTSTK,NFO,1.000000,132751,False
49037,ZYDUSLIFE27OCT26FUT,ZYDUSLIFE,27OCT2026,-1.000000,900,FUTSTK,NFO,10.000000,27001,False
49134,NIFTYFPI27OCT261460CE,NIFTYFPI,27OCT2026,146000.000000,1100,OPTIDX,NFO,5.000000,8501,False
49216,NIFTYFPI27OCT261485CE,NIFTYFPI,27OCT2026,148500.000000,1100,OPTIDX,NFO,5.000000,8501,False
49301,BANKNIFTY27OCT2649500PE,BANKNIFTY,27OCT2026,4950000.000000,30,OPTIDX,NFO,5.000000,601,False
49347,BANKNIFTY27OCT2651300CE,BANKNIFTY,27OCT2026,5130000.000000,30,OPTIDX,NFO,5.000000,601,False
49349,NIFTYFPI27OCT261530CE,NIFTYFPI,27OCT2026,153000.000000,1100,OPTIDX,NFO,5.000000,8501,False
49352,BANKNIFTY27OCT2651300PE,BANKNIFTY,27OCT2026,5130000.000000,30,OPTIDX,NFO,5.000000,601,False
116261,UNIONBANK29SEP26187.5CE,UNIONBANK,29SEP2026,18750.000000,4425,OPTSTK,NFO,1.000000,132751,False
116269,UNIONBANK29SEP26207.5CE,UNIONBANK,29SEP2026,20750.000000,4425,OPTSTK,NFO,1.000000,132751,False
116300,INOXWIND29SEP2680PE,INOXWIND,29SEP2026,8000.000000,6400,OPTSTK,NFO,1.000000,256001,False
116326,UNIONBANK27OCT26170CE,UNIONBANK,27OCT2026,17000.000000,4425,OPTSTK,NFO,1.000000,132751,False
49358,BANKNIFTY27OCT2651600PE,BANKNIFTY,27OCT2026,5160000.000000,30,OPTIDX,NFO,5.000000,601,False
49360,NIFTYFPI27OCT261530PE,NIFTYFPI,27OCT2026,153000.000000,1100,OPTIDX,NFO,5.000000,8501,False
49362,BANKNIFTY27OCT2651700PE,BANKNIFTY,27OCT2026,5170000.000000,30,OPTIDX,NFO,5.000000,601,False
49383,BANKNIFTY27OCT2652800CE,BANKNIFTY,27OCT2026,5280000.000000,30,OPTIDX,NFO,5.000000,601,False
116331,UNIONBANK27OCT26180PE,UNIONBANK,27OCT2026,18000.000000,4425,OPTSTK,NFO,1.000000,132751,False
116336,UNIONBANK27OCT26190CE,UNIONBANK,27OCT2026,19000.000000,4425,OPTSTK,NFO,1.000000,132751,False
116340,UNIONBANK27OCT26200CE,UNIONBANK,27OCT2026,20000.000000,4425,OPTSTK,NFO,1.000000,132751,False
116357,MANKIND23NOV262320CE,MANKIND,23NOV2026,232000.000000,250,OPTSTK,NFO,5.000000,10001,False
49386,BANKNIFTY27OCT2652900PE,BANKNIFTY,27OCT2026,5290000.000000,30,OPTIDX,NFO,5.000000,601,False
49389,BANKNIFTY27OCT2653100CE,BANKNIFTY,27OCT2026,5310000.000000,30,OPTIDX,NFO,5.000000,601,False
49399,NIFTYFPI27OCT261545PE,NIFTYFPI,27OCT2026,154500.000000,1100,OPTIDX,NFO,5.000000,8501,False
49411,BANKNIFTY27OCT2653800CE,BANKNIFTY,27OCT2026,5380000.000000,30,OPTIDX,NFO,5.000000,601,False
116366,UNIONBANK27OCT26215PE,UNIONBANK,27OCT2026,21500.000000,4425,OPTSTK,NFO,1.000000,132751,False
116369,MANKIND23NOV262440CE,MANKIND,23NOV2026,244000.000000,250,OPTSTK,NFO,5.000000,10001,False
116371,MANKIND23NOV262480CE,MANKIND,23NOV2026,248000.000000,250,OPTSTK,NFO,5.000000,10001,False
116389,MANKIND23NOV262560PE,MANKIND,23NOV2026,256000.000000,250,OPTSTK,NFO,5.000000,10001,False
49412,BANKNIFTY27OCT2653800PE,BANKNIFTY,27OCT2026,5380000.000000,30,OPTIDX,NFO,5.000000,601,False
49413,BANKNIFTY27OCT2653900CE,BANKNIFTY,27OCT2026,5390000.000000,30,OPTIDX,NFO,5.000000,601,False
49416,BANKNIFTY27OCT2654000PE,BANKNIFTY,27OCT2026,5400000.000000,30,OPTIDX,NFO,5.000000,601,False
49444,NIFTYFPI27OCT261565PE,NIFTYFPI,27OCT2026,156500.000000,1100,OPTIDX,NFO,5.000000,8501,False
116397,MANKIND23NOV262720PE,MANKIND,23NOV2026,272000.000000,250,OPTSTK,NFO,5.000000,10001,False
116449,UNITDSPR29SEP261300PE,UNITDSPR,29SEP2026,130000.000000,400,OPTSTK,NFO,5.000000,16001,False
116460,MARICO27OCT26730CE,MARICO,27OCT2026,73000.000000,1200,OPTSTK,NFO,5.000000,36001,False
116466,UNITDSPR29SEP261460PE,UNITDSPR,29SEP2026,146000.000000,400,OPTSTK,NFO,5.000000,16001,False
49452,NIFTYFPI27OCT261570PE,NIFTYFPI,27OCT2026,157000.000000,1100,OPTIDX,NFO,5.000000,8501,False
49457,BANKNIFTY27OCT2655500CE,BANKNIFTY,27OCT2026,5550000.000000,30,OPTIDX,NFO,5.000000,601,False
49479,BANKNIFTY27OCT2656500CE,BANKNIFTY,27OCT2026,5650000.000000,30,OPTIDX,NFO,5.000000,601,False
49482,NIFTYFPI27OCT261580PE,NIFTYFPI,27OCT2026,158000.000000,1100,OPTIDX,NFO,5.000000,8501,False
116475,MARICO27OCT26810PE,MARICO,27OCT2026,81000.000000,1200,OPTSTK,NFO,5.000000,36001,False
116478,MARICO27OCT26850CE,MARICO,27OCT2026,85000.000000,1200,OPTSTK,NFO,5.000000,36001,False
116534,MARICO23NOV26760PE,MARICO,23NOV2026,76000.000000,1200,OPTSTK,NFO,5.000000,36001,False
116540,UNITDSPR29SEP261540CE,UNITDSPR,29SEP2026,154000.000000,400,OPTSTK,NFO,5.000000,16001,False
49493,BANKNIFTY27OCT2656900CE,BANKNIFTY,27OCT2026,5690000.000000,30,OPTIDX,NFO,5.000000,601,False
49512,BANKNIFTY27OCT2657700PE,BANKNIFTY,27OCT2026,5770000.000000,30,OPTIDX,NFO,5.000000,601,False
49522,BANKNIFTY27OCT2658100CE,BANKNIFTY,27OCT2026,5810000.000000,30,OPTIDX,NFO,5.000000,601,False
49532,BANKNIFTY27OCT2658500PE,BANKNIFTY,27OCT2026,5850000.000000,30,OPTIDX,NFO,5.000000,601,False
116544,UNITDSPR29SEP261620CE,UNITDSPR,29SEP2026,162000.000000,400,OPTSTK,NFO,5.000000,16001,False
116591,UNITDSPR27OCT261280CE,UNITDSPR,27OCT2026,128000.000000,400,OPTSTK,NFO,5.000000,16001,False
116604,MARICO23NOV26960PE,MARICO,23NOV2026,96000.000000,1200,OPTSTK,NFO,5.000000,36001,False
116647,UNITDSPR27OCT261400PE,UNITDSPR,27OCT2026,140000.000000,400,OPTSTK,NFO,5.000000,16001,False
49555,NIFTYFPI27OCT261615CE,NIFTYFPI,27OCT2026,161500.000000,1100,OPTIDX,NFO,5.000000,8501,False
49562,BANKNIFTY27OCT2659500PE,BANKNIFTY,27OCT2026,5950000.000000,30,OPTIDX,NFO,5.000000,601,False
49569,BANKNIFTY27OCT2659900CE,BANKNIFTY,27OCT2026,5990000.000000,30,OPTIDX,NFO,5.000000,601,False
49575,BANKNIFTY27OCT2660100CE,BANKNIFTY,27OCT2026,6010000.000000,30,OPTIDX,NFO,5.000000,601,False
116664,UNITDSPR27OCT261560PE,UNITDSPR,27OCT2026,156000.000000,400,OPTSTK,NFO,5.000000,16001,False
116667,UNITDSPR27OCT261640CE,UNITDSPR,27OCT2026,164000.000000,400,OPTSTK,NFO,5.000000,16001,False
116668,UNITDSPR27OCT261640PE,UNITDSPR,27OCT2026,164000.000000,400,OPTSTK,NFO,5.000000,16001,False
116782,MARUTI27OCT2610900CE,MARUTI,27OCT2026,1090000.000000,50,OPTSTK,NFO,5.000000,2001,False
49577,BANKNIFTY27OCT2660200CE,BANKNIFTY,27OCT2026,6020000.000000,30,OPTIDX,NFO,5.000000,601,False
49580,BANKNIFTY27OCT2660300PE,BANKNIFTY,27OCT2026,6030000.000000,30,OPTIDX,NFO,5.000000,601,False
49584,BANKNIFTY27OCT2660500PE,BANKNIFTY,27OCT2026,6050000.000000,30,OPTIDX,NFO,5.000000,601,False
49586,BANKNIFTY27OCT2660600PE,BANKNIFTY,27OCT2026,6060000.000000,30,OPTIDX,NFO,5.000000,601,False
116845,UNOMINDA27OCT261280CE,UNOMINDA,27OCT2026,128000.000000,550,OPTSTK,NFO,5.000000,22001,False
116854,UNOMINDA27OCT261400PE,UNOMINDA,27OCT2026,140000.000000,550,OPTSTK,NFO,5.000000,22001,False
116881,UPL29SEP26510CE,UPL,29SEP2026,51000.000000,1355,OPTSTK,NFO,5.000000,40651,False
116891,UPL29SEP26570CE,UPL,29SEP2026,57000.000000,1355,OPTSTK,NFO,5.000000,40651,False
49590,NIFTYFPI27OCT261625PE,NIFTYFPI,27OCT2026,162500.000000,1100,OPTIDX,NFO,5.000000,8501,False
49596,BANKNIFTY27OCT2661000PE,BANKNIFTY,27OCT2026,6100000.000000,30,OPTIDX,NFO,5.000000,601,False
49616,BANKNIFTY27OCT2661800PE,BANKNIFTY,27OCT2026,6180000.000000,30,OPTIDX,NFO,5.000000,601,False
49635,NIFTYFPI27OCT261635PE,NIFTYFPI,27OCT2026,163500.000000,1100,OPTIDX,NFO,5.000000,8501,False
49646,BANKNIFTY27OCT2662900PE,BANKNIFTY,27OCT2026,6290000.000000,30,OPTIDX,NFO,5.000000,601,False
49650,BANKNIFTY27OCT2663100PE,BANKNIFTY,27OCT2026,6310000.000000,30,OPTIDX,NFO,5.000000,601,False
49658,NIFTYFPI27OCT261640PE,NIFTYFPI,27OCT2026,164000.000000,1100,OPTIDX,NFO,5.000000,8501,False
49664,BANKNIFTY27OCT2663700PE,BANKNIFTY,27OCT2026,6370000.000000,30,OPTIDX,NFO,5.000000,601,False
116965,MARUTI27OCT2612100CE,MARUTI,27OCT2026,1210000.000000,50,OPTSTK,NFO,5.000000,2001,False
116896,UPL29SEP26610PE,UPL,29SEP2026,61000.000000,1355,OPTSTK,NFO,5.000000,40651,False
116920,IOC29SEP26140CE,IOC,29SEP2026,14000.000000,4875,OPTSTK,NFO,1.000000,195001,False
116960,MARUTI27OCT2611700CE,MARUTI,27OCT2026,1170000.000000,50,OPTSTK,NFO,5.000000,2001,False
116967,MARUTI27OCT2612300CE,MARUTI,27OCT2026,1230000.000000,50,OPTSTK,NFO,5.000000,2001,False
116977,MARUTI27OCT2612700CE,MARUTI,27OCT2026,1270000.000000,50,OPTSTK,NFO,5.000000,2001,False
116992,MARUTI27OCT2613700CE,MARUTI,27OCT2026,1370000.000000,50,OPTSTK,NFO,5.000000,2001,False
117007,UPL27OCT26460PE,UPL,27OCT2026,46000.000000,1355,OPTSTK,NFO,5.000000,40651,False
49666,NIFTYFPI27OCT261645PE,NIFTYFPI,27OCT2026,164500.000000,1100,OPTIDX,NFO,5.000000,8501,False
49671,NIFTYFPI27OCT261655CE,NIFTYFPI,27OCT2026,165500.000000,1100,OPTIDX,NFO,5.000000,8501,False
49759,NIFTYFPI27OCT261675CE,NIFTYFPI,27OCT2026,167500.000000,1100,OPTIDX,NFO,5.000000,8501,False
50113,NIFTYFPI27OCT261820PE,NIFTYFPI,27OCT2026,182000.000000,1100,OPTIDX,NFO,5.000000,8501,False
50227,FINNIFTY27OCT2622500CE,FINNIFTY,27OCT2026,2250000.000000,60,OPTIDX,NFO,5.000000,1801,False
50230,FINNIFTY27OCT2622600PE,FINNIFTY,27OCT2026,2260000.000000,60,OPTIDX,NFO,5.000000,1801,False
50232,FINNIFTY27OCT2622700PE,FINNIFTY,27OCT2026,2270000.000000,60,OPTIDX,NFO,5.000000,1801,False
50256,FINNIFTY27OCT2623500CE,FINNIFTY,27OCT2026,2350000.000000,60,OPTIDX,NFO,5.000000,1801,False
117029,UPL27OCT26480CE,UPL,27OCT2026,48000.000000,1355,OPTSTK,NFO,5.000000,40651,False
117035,UPL27OCT26520PE,UPL,27OCT2026,52000.000000,1355,OPTSTK,NFO,5.000000,40651,False
117050,UPL27OCT26680CE,UPL,27OCT2026,68000.000000,1355,OPTSTK,NFO,5.000000,40651,False
117200,IREDA29SEP26100PE,IREDA,29SEP2026,10000.000000,4525,OPTSTK,NFO,1.000000,181001,False
50259,FINNIFTY27OCT2623500PE,FINNIFTY,27OCT2026,2350000.000000,60,OPTIDX,NFO,5.000000,1801,False
50284,FINNIFTY27OCT2624100PE,FINNIFTY,27OCT2026,2410000.000000,60,OPTIDX,NFO,5.000000,1801,False
50297,FINNIFTY27OCT2624500PE,FINNIFTY,27OCT2026,2450000.000000,60,OPTIDX,NFO,5.000000,1801,False
50298,FINNIFTY27OCT2624600CE,FINNIFTY,27OCT2026,2460000.000000,60,OPTIDX,NFO,5.000000,1801,False
117211,IREDA29SEP26130CE,IREDA,29SEP2026,13000.000000,4525,OPTSTK,NFO,1.000000,181001,False
117218,IREDA29SEP26145PE,IREDA,29SEP2026,14500.000000,4525,OPTSTK,NFO,1.000000,181001,False
117234,MARUTI23NOV2611600CE,MARUTI,23NOV2026,1160000.000000,50,OPTSTK,NFO,5.000000,2001,False
117317,VBL29SEP26350PE,VBL,29SEP2026,35000.000000,1275,OPTSTK,NFO,5.000000,51001,False
50301,FINNIFTY27OCT2624700PE,FINNIFTY,27OCT2026,2470000.000000,60,OPTIDX,NFO,5.000000,1801,False
50327,FINNIFTY27OCT2625300CE,FINNIFTY,27OCT2026,2530000.000000,60,OPTIDX,NFO,5.000000,1801,False
50330,FINNIFTY27OCT2625400PE,FINNIFTY,27OCT2026,2540000.000000,60,OPTIDX,NFO,5.000000,1801,False
50337,FINNIFTY27OCT2625800CE,FINNIFTY,27OCT2026,2580000.000000,60,OPTIDX,NFO,5.000000,1801,False
117322,MARUTI23NOV2613200PE,MARUTI,23NOV2026,1320000.000000,50,OPTSTK,NFO,5.000000,2001,False
117323,MARUTI23NOV2613400CE,MARUTI,23NOV2026,1340000.000000,50,OPTSTK,NFO,5.000000,2001,False
117457,VBL27OCT26420CE,VBL,27OCT2026,42000.000000,1275,OPTSTK,NFO,5.000000,51001,False
117475,MARUTI23NOV2615600CE,MARUTI,23NOV2026,1560000.000000,50,OPTSTK,NFO,5.000000,2001,False
50343,FINNIFTY27OCT2626000CE,FINNIFTY,27OCT2026,2600000.000000,60,OPTIDX,NFO,5.000000,1801,False
50355,FINNIFTY27OCT2626400CE,FINNIFTY,27OCT2026,2640000.000000,60,OPTIDX,NFO,5.000000,1801,False
50373,FINNIFTY27OCT2627200CE,FINNIFTY,27OCT2026,2720000.000000,60,OPTIDX,NFO,5.000000,1801,False
50384,FINNIFTY27OCT2627500PE,FINNIFTY,27OCT2026,2750000.000000,60,OPTIDX,NFO,5.000000,1801,False
117476,MARUTI23NOV2615600PE,MARUTI,23NOV2026,1560000.000000,50,OPTSTK,NFO,5.000000,2001,False
117480,IRFC29SEP2680PE,IRFC,29SEP2026,8000.000000,5425,OPTSTK,NFO,1.000000,271251,False
117488,IRFC29SEP2684CE,IRFC,29SEP2026,8400.000000,5425,OPTSTK,NFO,1.000000,271251,False
117492,VBL27OCT26480PE,VBL,27OCT2026,48000.000000,1275,OPTSTK,NFO,5.000000,51001,False
50385,FINNIFTY27OCT2627600CE,FINNIFTY,27OCT2026,2760000.000000,60,OPTIDX,NFO,5.000000,1801,False
50390,FINNIFTY27OCT2627800PE,FINNIFTY,27OCT2026,2780000.000000,60,OPTIDX,NFO,5.000000,1801,False
50412,FINNIFTY27OCT2628600PE,FINNIFTY,27OCT2026,2860000.000000,60,OPTIDX,NFO,5.000000,1801,False
50416,FINNIFTY27OCT2628800PE,FINNIFTY,27OCT2026,2880000.000000,60,OPTIDX,NFO,5.000000,1801,False
117599,VEDL29SEP26245CE,VEDL,29SEP2026,24500.000000,1150,OPTSTK,NFO,5.000000,80501,False
117600,VEDL29SEP26245PE,VEDL,29SEP2026,24500.000000,1150,OPTSTK,NFO,5.000000,80501,False
117646,MAXHEALTH27OCT26890PE,MAXHEALTH,27OCT2026,89000.000000,525,OPTSTK,NFO,5.000000,21001,False
117650,MAXHEALTH27OCT26910PE,MAXHEALTH,27OCT2026,91000.000000,525,OPTSTK,NFO,5.000000,21001,False
50631,MIDCPNIFTY27OCT2612875PE,MIDCPNIFTY,27OCT2026,1287500.000000,120,OPTIDX,NFO,5.000000,2801,False
50645,MIDCPNIFTY27OCT2613025CE,MIDCPNIFTY,27OCT2026,1302500.000000,120,OPTIDX,NFO,5.000000,2801,False
50647,MIDCPNIFTY27OCT2613050CE,MIDCPNIFTY,27OCT2026,1305000.000000,120,OPTIDX,NFO,5.000000,2801,False
50665,MIDCPNIFTY27OCT2613250CE,MIDCPNIFTY,27OCT2026,1325000.000000,120,OPTIDX,NFO,5.000000,2801,False
117653,MAXHEALTH27OCT26950CE,MAXHEALTH,27OCT2026,95000.000000,525,OPTSTK,NFO,5.000000,21001,False
117665,IRFC29SEP2694CE,IRFC,29SEP2026,9400.000000,5425,OPTSTK,NFO,1.000000,271251,False
117687,IRFC29SEP26102CE,IRFC,29SEP2026,10200.000000,5425,OPTSTK,NFO,1.000000,271251,False
117706,VEDL27OCT26210CE,VEDL,27OCT2026,21000.000000,1150,OPTSTK,NFO,5.000000,80501,False
50667,MIDCPNIFTY27OCT2613275CE,MIDCPNIFTY,27OCT2026,1327500.000000,120,OPTIDX,NFO,5.000000,2801,False
50673,MIDCPNIFTY27OCT2613350CE,MIDCPNIFTY,27OCT2026,1335000.000000,120,OPTIDX,NFO,5.000000,2801,False
50714,MIDCPNIFTY27OCT2613725CE,MIDCPNIFTY,27OCT2026,1372500.000000,120,OPTIDX,NFO,5.000000,2801,False
50720,MIDCPNIFTY27OCT2613775PE,MIDCPNIFTY,27OCT2026,1377500.000000,120,OPTIDX,NFO,5.000000,2801,False
117729,IRFC29SEP26108PE,IRFC,29SEP2026,10800.000000,5425,OPTSTK,NFO,1.000000,271251,False
117738,VEDL27OCT26280CE,VEDL,27OCT2026,28000.000000,1150,OPTSTK,NFO,5.000000,80501,False
117740,VEDL27OCT26290CE,VEDL,27OCT2026,29000.000000,1150,OPTSTK,NFO,5.000000,80501,False
117775,VMM29SEP26102.5PE,VMM,29SEP2026,10250.000000,4850,OPTSTK,NFO,1.000000,194001,False
50730,MIDCPNIFTY27OCT2613875PE,MIDCPNIFTY,27OCT2026,1387500.000000,120,OPTIDX,NFO,5.000000,2801,False
50751,MIDCPNIFTY27OCT2614050PE,MIDCPNIFTY,27OCT2026,1405000.000000,120,OPTIDX,NFO,5.000000,2801,False
50753,MIDCPNIFTY27OCT2614075CE,MIDCPNIFTY,27OCT2026,1407500.000000,120,OPTIDX,NFO,5.000000,2801,False
50756,MIDCPNIFTY27OCT2614100PE,MIDCPNIFTY,27OCT2026,1410000.000000,120,OPTIDX,NFO,5.000000,2801,False
50789,MIDCPNIFTY27OCT2614325CE,MIDCPNIFTY,27OCT2026,1432500.000000,120,OPTIDX,NFO,5.000000,2801,False
50790,MIDCPNIFTY27OCT2614325PE,MIDCPNIFTY,27OCT2026,1432500.000000,120,OPTIDX,NFO,5.000000,2801,False
50802,MIDCPNIFTY27OCT2614400PE,MIDCPNIFTY,27OCT2026,1440000.000000,120,OPTIDX,NFO,5.000000,2801,False
50813,MIDCPNIFTY27OCT2614500CE,MIDCPNIFTY,27OCT2026,1450000.000000,120,OPTIDX,NFO,5.000000,2801,False
117813,VMM27OCT2690PE,VMM,27OCT2026,9000.000000,4850,OPTSTK,NFO,1.000000,194001,False
117817,VMM27OCT26100PE,VMM,27OCT2026,10000.000000,4850,OPTSTK,NFO,1.000000,194001,False
117820,VMM27OCT26110CE,VMM,27OCT2026,11000.000000,4850,OPTSTK,NFO,1.000000,194001,False
117825,VMM27OCT26115PE,VMM,27OCT2026,11500.000000,4850,OPTSTK,NFO,1.000000,194001,False
50828,MIDCPNIFTY27OCT2614600PE,MIDCPNIFTY,27OCT2026,1460000.000000,120,OPTIDX,NFO,5.000000,2801,False
50849,MIDCPNIFTY27OCT2614775CE,MIDCPNIFTY,27OCT2026,1477500.000000,120,OPTIDX,NFO,5.000000,2801,False
50857,MIDCPNIFTY27OCT2614850CE,MIDCPNIFTY,27OCT2026,1485000.000000,120,OPTIDX,NFO,5.000000,2801,False
50859,MIDCPNIFTY27OCT2614875CE,MIDCPNIFTY,27OCT2026,1487500.000000,120,OPTIDX,NFO,5.000000,2801,False
117837,VMM27OCT26130CE,VMM,27OCT2026,13000.000000,4850,OPTSTK,NFO,1.000000,194001,False
117838,VMM27OCT26130PE,VMM,27OCT2026,13000.000000,4850,OPTSTK,NFO,1.000000,194001,False
117944,VOLTAS29SEP261140CE,VOLTAS,29SEP2026,114000.000000,375,OPTSTK,NFO,5.000000,18751,False
117945,VOLTAS29SEP261140PE,VOLTAS,29SEP2026,114000.000000,375,OPTSTK,NFO,5.000000,18751,False
50876,MIDCPNIFTY27OCT2614925PE,MIDCPNIFTY,27OCT2026,1492500.000000,120,OPTIDX,NFO,5.000000,2801,False
50886,MIDCPNIFTY27OCT2615050PE,MIDCPNIFTY,27OCT2026,1505000.000000,120,OPTIDX,NFO,5.000000,2801,False
50899,MIDCPNIFTY27OCT2615175PE,MIDCPNIFTY,27OCT2026,1517500.000000,120,OPTIDX,NFO,5.000000,2801,False
50901,MIDCPNIFTY27OCT2615200PE,MIDCPNIFTY,27OCT2026,1520000.000000,120,OPTIDX,NFO,5.000000,2801,False
118009,ITC29SEP26215PE,ITC,29SEP2026,21500.000000,1725,OPTSTK,NFO,5.000000,86251,False
118014,ITC29SEP26220CE,ITC,29SEP2026,22000.000000,1725,OPTSTK,NFO,5.000000,86251,False
118062,ITC29SEP26260CE,ITC,29SEP2026,26000.000000,1725,OPTSTK,NFO,5.000000,86251,False
118068,ITC29SEP26275CE,ITC,29SEP2026,27500.000000,1725,OPTSTK,NFO,5.000000,86251,False
50946,MIDCPNIFTY27OCT2615300CE,MIDCPNIFTY,27OCT2026,1530000.000000,120,OPTIDX,NFO,5.000000,2801,False
50949,MIDCPNIFTY27OCT2615325PE,MIDCPNIFTY,27OCT2026,1532500.000000,120,OPTIDX,NFO,5.000000,2801,False
50954,MIDCPNIFTY27OCT2615400CE,MIDCPNIFTY,27OCT2026,1540000.000000,120,OPTIDX,NFO,5.000000,2801,False
50973,MIDCPNIFTY27OCT2615525PE,MIDCPNIFTY,27OCT2026,1552500.000000,120,OPTIDX,NFO,5.000000,2801,False
118079,ITC29SEP26300PE,ITC,29SEP2026,30000.000000,1725,OPTSTK,NFO,5.000000,86251,False
118086,VOLTAS29SEP261340PE,VOLTAS,29SEP2026,134000.000000,375,OPTSTK,NFO,5.000000,18751,False
118092,VOLTAS29SEP261460CE,VOLTAS,29SEP2026,146000.000000,375,OPTSTK,NFO,5.000000,18751,False
118149,MAXHEALTH23NOV26900CE,MAXHEALTH,23NOV2026,90000.000000,525,OPTSTK,NFO,5.000000,21001,False
50997,MIDCPNIFTY27OCT2615725PE,MIDCPNIFTY,27OCT2026,1572500.000000,120,OPTIDX,NFO,5.000000,2801,False
51003,MIDCPNIFTY27OCT2615800PE,MIDCPNIFTY,27OCT2026,1580000.000000,120,OPTIDX,NFO,5.000000,2801,False
51049,MIDCPNIFTY27OCT2616100PE,MIDCPNIFTY,27OCT2026,1610000.000000,120,OPTIDX,NFO,5.000000,2801,False
51081,MIDCPNIFTY27OCT2616500PE,MIDCPNIFTY,27OCT2026,1650000.000000,120,OPTIDX,NFO,5.000000,2801,False
118150,MAXHEALTH23NOV26900PE,MAXHEALTH,23NOV2026,90000.000000,525,OPTSTK,NFO,5.000000,21001,False
118164,VOLTAS27OCT261080PE,VOLTAS,27OCT2026,108000.000000,375,OPTSTK,NFO,5.000000,18751,False
118165,VOLTAS27OCT261120CE,VOLTAS,27OCT2026,112000.000000,375,OPTSTK,NFO,5.000000,18751,False
118172,VOLTAS27OCT261160PE,VOLTAS,27OCT2026,116000.000000,375,OPTSTK,NFO,5.000000,18751,False
51294,NIFTY27OCT2621700CE,NIFTY,27OCT2026,2170000.000000,65,OPTIDX,NFO,5.000000,1801,False
51309,NIFTY27OCT2622000PE,NIFTY,27OCT2026,2200000.000000,65,OPTIDX,NFO,5.000000,1801,False
51329,NIFTY27OCT2622450PE,NIFTY,27OCT2026,2245000.000000,65,OPTIDX,NFO,5.000000,1801,False
51341,NIFTY27OCT2622700PE,NIFTY,27OCT2026,2270000.000000,65,OPTIDX,NFO,5.000000,1801,False
118174,VOLTAS27OCT261200PE,VOLTAS,27OCT2026,120000.000000,375,OPTSTK,NFO,5.000000,18751,False
118183,VOLTAS27OCT261400CE,VOLTAS,27OCT2026,140000.000000,375,OPTSTK,NFO,5.000000,18751,False
118211,MAXHEALTH23NOV261080PE,MAXHEALTH,23NOV2026,108000.000000,525,OPTSTK,NFO,5.000000,21001,False
118227,MAXHEALTH23NOV261140CE,MAXHEALTH,23NOV2026,114000.000000,525,OPTSTK,NFO,5.000000,21001,False
51353,NIFTY27OCT2623000PE,NIFTY,27OCT2026,2300000.000000,65,OPTIDX,NFO,5.000000,1801,False
51362,NIFTY27OCT2623250CE,NIFTY,27OCT2026,2325000.000000,65,OPTIDX,NFO,5.000000,1801,False
51367,NIFTY27OCT2623350PE,NIFTY,27OCT2026,2335000.000000,65,OPTIDX,NFO,5.000000,1801,False
51368,NIFTY27OCT2623400CE,NIFTY,27OCT2026,2340000.000000,65,OPTIDX,NFO,5.000000,1801,False
51374,NIFTY27OCT2623550CE,NIFTY,27OCT2026,2355000.000000,65,OPTIDX,NFO,5.000000,1801,False
51384,NIFTY27OCT2623800CE,NIFTY,27OCT2026,2380000.000000,65,OPTIDX,NFO,5.000000,1801,False
51391,NIFTY27OCT2623950PE,NIFTY,27OCT2026,2395000.000000,65,OPTIDX,NFO,5.000000,1801,False
51426,NIFTY27OCT2624700CE,NIFTY,27OCT2026,2470000.000000,65,OPTIDX,NFO,5.000000,1801,False
118264,ITC29SEP26320PE,ITC,29SEP2026,32000.000000,1725,OPTSTK,NFO,5.000000,86251,False
118346,JINDALSTEL29SEP261080PE,JINDALSTEL,29SEP2026,108000.000000,625,OPTSTK,NFO,5.000000,18751,False
118353,JINDALSTEL29SEP261200CE,JINDALSTEL,29SEP2026,120000.000000,625,OPTSTK,NFO,5.000000,18751,False
118354,JINDALSTEL29SEP261200PE,JINDALSTEL,29SEP2026,120000.000000,625,OPTSTK,NFO,5.000000,18751,False
51436,NIFTY27OCT2624950CE,NIFTY,27OCT2026,2495000.000000,65,OPTIDX,NFO,5.000000,1801,False
51439,NIFTY27OCT2624950PE,NIFTY,27OCT2026,2495000.000000,65,OPTIDX,NFO,5.000000,1801,False
51452,NIFTY27OCT2625300CE,NIFTY,27OCT2026,2530000.000000,65,OPTIDX,NFO,5.000000,1801,False
51455,NIFTY27OCT2625350PE,NIFTY,27OCT2026,2535000.000000,65,OPTIDX,NFO,5.000000,1801,False
118369,WAAREEENER29SEP262250CE,WAAREEENER,29SEP2026,225000.000000,175,OPTSTK,NFO,5.000000,8751,False
118371,WAAREEENER29SEP262350CE,WAAREEENER,29SEP2026,235000.000000,175,OPTSTK,NFO,5.000000,8751,False
118373,WAAREEENER29SEP262450CE,WAAREEENER,29SEP2026,245000.000000,175,OPTSTK,NFO,5.000000,8751,False
118442,WAAREEENER27OCT262200PE,WAAREEENER,27OCT2026,220000.000000,175,OPTSTK,NFO,5.000000,8751,False
51468,NIFTY27OCT2625500CE,NIFTY,27OCT2026,2550000.000000,65,OPTIDX,NFO,5.000000,1801,False
51504,NIFTY27OCT2626350CE,NIFTY,27OCT2026,2635000.000000,65,OPTIDX,NFO,5.000000,1801,False
51511,NIFTY27OCT2626500PE,NIFTY,27OCT2026,2650000.000000,65,OPTIDX,NFO,5.000000,1801,False
51518,NIFTY27OCT2626700CE,NIFTY,27OCT2026,2670000.000000,65,OPTIDX,NFO,5.000000,1801,False
50856,MIDCPNIFTY27OCT2614825PE,MIDCPNIFTY,27OCT2026,1482500.000000,120,OPTIDX,NFO,5.000000,2801,False
50878,MIDCPNIFTY27OCT2614950PE,MIDCPNIFTY,27OCT2026,1495000.000000,120,OPTIDX,NFO,5.000000,2801,False
50881,MIDCPNIFTY27OCT2615000CE,MIDCPNIFTY,27OCT2026,1500000.000000,120,OPTIDX,NFO,5.000000,2801,False
51534,NIFTY27OCT2627050CE,NIFTY,27OCT2026,2705000.000000,65,OPTIDX,NFO,5.000000,1801,False
118445,WAAREEENER27OCT262400CE,WAAREEENER,27OCT2026,240000.000000,175,OPTSTK,NFO,5.000000,8751,False
118459,WAAREEENER27OCT263100CE,WAAREEENER,27OCT2026,310000.000000,175,OPTSTK,NFO,5.000000,8751,False
118451,WAAREEENER27OCT262700CE,WAAREEENER,27OCT2026,270000.000000,175,OPTSTK,NFO,5.000000,8751,False
118457,WAAREEENER27OCT263000CE,WAAREEENER,27OCT2026,300000.000000,175,OPTSTK,NFO,5.000000,8751,False
50885,MIDCPNIFTY27OCT2615050CE,MIDCPNIFTY,27OCT2026,1505000.000000,120,OPTIDX,NFO,5.000000,2801,False
50947,MIDCPNIFTY27OCT2615300PE,MIDCPNIFTY,27OCT2026,1530000.000000,120,OPTIDX,NFO,5.000000,2801,False
50948,MIDCPNIFTY27OCT2615325CE,MIDCPNIFTY,27OCT2026,1532500.000000,120,OPTIDX,NFO,5.000000,2801,False
50959,MIDCPNIFTY27OCT2615425PE,MIDCPNIFTY,27OCT2026,1542500.000000,120,OPTIDX,NFO,5.000000,2801,False
118570,MAZDOCK23NOV263000CE,MAZDOCK,23NOV2026,300000.000000,225,OPTSTK,NFO,5.000000,9001,False
118618,MCX27OCT262950CE,MCX,27OCT2026,295000.000000,225,OPTSTK,NFO,5.000000,6751,False
118619,MCX27OCT262950PE,MCX,27OCT2026,295000.000000,225,OPTSTK,NFO,5.000000,6751,False
118625,MCX27OCT263250PE,MCX,27OCT2026,325000.000000,225,OPTSTK,NFO,5.000000,6751,False
51004,MIDCPNIFTY27OCT2615825CE,MIDCPNIFTY,27OCT2026,1582500.000000,120,OPTIDX,NFO,5.000000,2801,False
51307,NIFTY27OCT2621950PE,NIFTY,27OCT2026,2195000.000000,65,OPTIDX,NFO,5.000000,1801,False
51318,NIFTY27OCT2622250CE,NIFTY,27OCT2026,2225000.000000,65,OPTIDX,NFO,5.000000,1801,False
51340,NIFTY27OCT2622700CE,NIFTY,27OCT2026,2270000.000000,65,OPTIDX,NFO,5.000000,1801,False
118672,WIPRO29SEP26202.5PE,WIPRO,29SEP2026,20250.000000,3000,OPTSTK,NFO,1.000000,120001,False
118644,WIPRO29SEP26162.5CE,WIPRO,29SEP2026,16250.000000,3000,OPTSTK,NFO,1.000000,120001,False
118663,JIOFIN29SEP26210PE,JIOFIN,29SEP2026,21000.000000,2350,OPTSTK,NFO,1.000000,94001,False
118667,WIPRO29SEP26192.5CE,WIPRO,29SEP2026,19250.000000,3000,OPTSTK,NFO,1.000000,120001,False
51346,NIFTY27OCT2622850CE,NIFTY,27OCT2026,2285000.000000,65,OPTIDX,NFO,5.000000,1801,False
51347,NIFTY27OCT2622850PE,NIFTY,27OCT2026,2285000.000000,65,OPTIDX,NFO,5.000000,1801,False
51352,NIFTY27OCT2623000CE,NIFTY,27OCT2026,2300000.000000,65,OPTIDX,NFO,5.000000,1801,False
51358,NIFTY27OCT2623150CE,NIFTY,27OCT2026,2315000.000000,65,OPTIDX,NFO,5.000000,1801,False
118726,JIOFIN29SEP26215CE,JIOFIN,29SEP2026,21500.000000,2350,OPTSTK,NFO,1.000000,94001,False
118738,WIPRO27OCT26200PE,WIPRO,27OCT2026,20000.000000,3000,OPTSTK,NFO,1.000000,120001,False
118771,YESBANK29SEP2625CE,YESBANK,29SEP2026,2500.000000,31100,OPTSTK,NFO,1.000000,933001,False
118781,MCX23NOV262800CE,MCX,23NOV2026,280000.000000,225,OPTSTK,NFO,5.000000,6751,False
51359,NIFTY27OCT2623150PE,NIFTY,27OCT2026,2315000.000000,65,OPTIDX,NFO,5.000000,1801,False
51363,NIFTY27OCT2623250PE,NIFTY,27OCT2026,2325000.000000,65,OPTIDX,NFO,5.000000,1801,False
51396,NIFTY27OCT2624050CE,NIFTY,27OCT2026,2405000.000000,65,OPTIDX,NFO,5.000000,1801,False
51400,NIFTY27OCT2624150CE,NIFTY,27OCT2026,2415000.000000,65,OPTIDX,NFO,5.000000,1801,False
51411,NIFTY27OCT2624400PE,NIFTY,27OCT2026,2440000.000000,65,OPTIDX,NFO,5.000000,1801,False
51412,NIFTY27OCT2624450CE,NIFTY,27OCT2026,2445000.000000,65,OPTIDX,NFO,5.000000,1801,False
51417,NIFTY27OCT2624450PE,NIFTY,27OCT2026,2445000.000000,65,OPTIDX,NFO,5.000000,1801,False
51430,NIFTY27OCT2624800CE,NIFTY,27OCT2026,2480000.000000,65,OPTIDX,NFO,5.000000,1801,False
118783,MCX23NOV262900CE,MCX,23NOV2026,290000.000000,225,OPTSTK,NFO,5.000000,6751,False
118824,YESBANK27OCT2620CE,YESBANK,27OCT2026,2000.000000,31100,OPTSTK,NFO,1.000000,933001,False
118839,YESBANK27OCT2626CE,YESBANK,27OCT2026,2600.000000,31100,OPTSTK,NFO,1.000000,933001,False
118840,YESBANK27OCT2626PE,YESBANK,27OCT2026,2600.000000,31100,OPTSTK,NFO,1.000000,933001,False
51443,NIFTY27OCT2625050PE,NIFTY,27OCT2026,2505000.000000,65,OPTIDX,NFO,5.000000,1801,False
51469,NIFTY27OCT2625500PE,NIFTY,27OCT2026,2550000.000000,65,OPTIDX,NFO,5.000000,1801,False
51480,NIFTY27OCT2625750CE,NIFTY,27OCT2026,2575000.000000,65,OPTIDX,NFO,5.000000,1801,False
51482,NIFTY27OCT2625800CE,NIFTY,27OCT2026,2580000.000000,65,OPTIDX,NFO,5.000000,1801,False
118861,MFSL27OCT261300CE,MFSL,27OCT2026,130000.000000,400,OPTSTK,NFO,5.000000,16001,False
118877,JIOFIN29SEP26260PE,JIOFIN,29SEP2026,26000.000000,2350,OPTSTK,NFO,1.000000,94001,False
118916,MFSL27OCT261460CE,MFSL,27OCT2026,146000.000000,400,OPTSTK,NFO,5.000000,16001,False
118949,ZYDUSLIFE29SEP261070PE,ZYDUSLIFE,29SEP2026,107000.000000,900,OPTSTK,NFO,5.000000,27001,False
51487,NIFTY27OCT2625900PE,NIFTY,27OCT2026,2590000.000000,65,OPTIDX,NFO,5.000000,1801,False
51488,NIFTY27OCT2625950CE,NIFTY,27OCT2026,2595000.000000,65,OPTIDX,NFO,5.000000,1801,False
51512,NIFTY27OCT2626550CE,NIFTY,27OCT2026,2655000.000000,65,OPTIDX,NFO,5.000000,1801,False
51513,NIFTY27OCT2626550PE,NIFTY,27OCT2026,2655000.000000,65,OPTIDX,NFO,5.000000,1801,False
51514,NIFTY27OCT2626600CE,NIFTY,27OCT2026,2660000.000000,65,OPTIDX,NFO,5.000000,1801,False
51521,NIFTY27OCT2626750PE,NIFTY,27OCT2026,2675000.000000,65,OPTIDX,NFO,5.000000,1801,False
51522,NIFTY27OCT2626800CE,NIFTY,27OCT2026,2680000.000000,65,OPTIDX,NFO,5.000000,1801,False
51792,NIFTYNXT5027OCT2662500CE,NIFTYNXT50,27OCT2026,6250000.000000,25,OPTIDX,NFO,5.000000,601,False
51809,NIFTYNXT5027OCT2663000PE,NIFTYNXT50,27OCT2026,6300000.000000,25,OPTIDX,NFO,5.000000,601,False
51867,NIFTYNXT5027OCT2664700CE,NIFTYNXT50,27OCT2026,6470000.000000,25,OPTIDX,NFO,5.000000,601,False
51912,NIFTYNXT5027OCT2666200PE,NIFTYNXT50,27OCT2026,6620000.000000,25,OPTIDX,NFO,5.000000,601,False
51914,NIFTYNXT5027OCT2666300PE,NIFTYNXT50,27OCT2026,6630000.000000,25,OPTIDX,NFO,5.000000,601,False
51932,NIFTYNXT5027OCT2667200PE,NIFTYNXT50,27OCT2026,6720000.000000,25,OPTIDX,NFO,5.000000,601,False
51944,NIFTYNXT5027OCT2667600PE,NIFTYNXT50,27OCT2026,6760000.000000,25,OPTIDX,NFO,5.000000,601,False
51951,NIFTYNXT5027OCT2667800CE,NIFTYNXT50,27OCT2026,6780000.000000,25,OPTIDX,NFO,5.000000,601,False
51952,NIFTYNXT5027OCT2667800PE,NIFTYNXT50,27OCT2026,6780000.000000,25,OPTIDX,NFO,5.000000,601,False
51975,NIFTYNXT5027OCT2668600CE,NIFTYNXT50,27OCT2026,6860000.000000,25,OPTIDX,NFO,5.000000,601,False
51995,NIFTYNXT5027OCT2669000CE,NIFTYNXT50,27OCT2026,6900000.000000,25,OPTIDX,NFO,5.000000,601,False
51996,NIFTYNXT5027OCT2669000PE,NIFTYNXT50,27OCT2026,6900000.000000,25,OPTIDX,NFO,5.000000,601,False
51999,NIFTYNXT5027OCT2669200CE,NIFTYNXT50,27OCT2026,6920000.000000,25,OPTIDX,NFO,5.000000,601,False
52008,NIFTYNXT5027OCT2669600PE,NIFTYNXT50,27OCT2026,6960000.000000,25,OPTIDX,NFO,5.000000,601,False
52015,NIFTYNXT5027OCT2670000CE,NIFTYNXT50,27OCT2026,7000000.000000,25,OPTIDX,NFO,5.000000,601,False
52020,NIFTYNXT5027OCT2670100PE,NIFTYNXT50,27OCT2026,7010000.000000,25,OPTIDX,NFO,5.000000,601,False
52025,NIFTYNXT5027OCT2670200PE,NIFTYNXT50,27OCT2026,7020000.000000,25,OPTIDX,NFO,5.000000,601,False
52062,NIFTYNXT5027OCT2671000PE,NIFTYNXT50,27OCT2026,7100000.000000,25,OPTIDX,NFO,5.000000,601,False
52065,NIFTYNXT5027OCT2671200CE,NIFTYNXT50,27OCT2026,7120000.000000,25,OPTIDX,NFO,5.000000,601,False
52075,NIFTYNXT5027OCT2671700CE,NIFTYNXT50,27OCT2026,7170000.000000,25,OPTIDX,NFO,5.000000,601,False
52079,NIFTYNXT5027OCT2671900CE,NIFTYNXT50,27OCT2026,7190000.000000,25,OPTIDX,NFO,5.000000,601,False
118957,JIOFIN29SEP26300PE,JIOFIN,29SEP2026,30000.000000,2350,OPTSTK,NFO,1.000000,94001,False
118969,ZYDUSLIFE29SEP261170PE,ZYDUSLIFE,29SEP2026,117000.000000,900,OPTSTK,NFO,5.000000,27001,False
118975,ZYDUSLIFE29SEP261210PE,ZYDUSLIFE,29SEP2026,121000.000000,900,OPTSTK,NFO,5.000000,27001,False
119023,JSWENERGY29SEP26540CE,JSWENERGY,29SEP2026,54000.000000,1075,OPTSTK,NFO,5.000000,43001,False
52163,NIFTYNXT5027OCT2674100CE,NIFTYNXT50,27OCT2026,7410000.000000,25,OPTIDX,NFO,5.000000,601,False
52172,NIFTYNXT5027OCT2674500PE,NIFTYNXT50,27OCT2026,7450000.000000,25,OPTIDX,NFO,5.000000,601,False
52178,NIFTYNXT5027OCT2674800PE,NIFTYNXT50,27OCT2026,7480000.000000,25,OPTIDX,NFO,5.000000,601,False
52192,NIFTYNXT5027OCT2675500PE,NIFTYNXT50,27OCT2026,7550000.000000,25,OPTIDX,NFO,5.000000,601,False
119082,ZYDUSLIFE27OCT26980PE,ZYDUSLIFE,27OCT2026,98000.000000,900,OPTSTK,NFO,5.000000,27001,False
119099,MFSL27OCT261540PE,MFSL,27OCT2026,154000.000000,400,OPTSTK,NFO,5.000000,16001,False
119101,MFSL27OCT261580PE,MFSL,27OCT2026,158000.000000,400,OPTSTK,NFO,5.000000,16001,False
119102,MFSL27OCT261620CE,MFSL,27OCT2026,162000.000000,400,OPTSTK,NFO,5.000000,16001,False
52196,NIFTYNXT5027OCT2675700CE,NIFTYNXT50,27OCT2026,7570000.000000,25,OPTIDX,NFO,5.000000,601,False
52199,NIFTYNXT5027OCT2675800PE,NIFTYNXT50,27OCT2026,7580000.000000,25,OPTIDX,NFO,5.000000,601,False
52207,NIFTYNXT5027OCT2676200CE,NIFTYNXT50,27OCT2026,7620000.000000,25,OPTIDX,NFO,5.000000,601,False
52212,NIFTYNXT5027OCT2676400CE,NIFTYNXT50,27OCT2026,7640000.000000,25,OPTIDX,NFO,5.000000,601,False
119129,ZYDUSLIFE27OCT261180PE,ZYDUSLIFE,27OCT2026,118000.000000,900,OPTSTK,NFO,5.000000,27001,False
119145,ZYDUSLIFE27OCT261280PE,ZYDUSLIFE,27OCT2026,128000.000000,900,OPTSTK,NFO,5.000000,27001,False
119212,ZYDUSLIFE27OCT261340PE,ZYDUSLIFE,27OCT2026,134000.000000,900,OPTSTK,NFO,5.000000,27001,False
119215,MFSL23NOV261280CE,MFSL,23NOV2026,128000.000000,400,OPTSTK,NFO,5.000000,16001,False
52214,NIFTYNXT5027OCT2676500CE,NIFTYNXT50,27OCT2026,7650000.000000,25,OPTIDX,NFO,5.000000,601,False
52218,NIFTYNXT5027OCT2676700CE,NIFTYNXT50,27OCT2026,7670000.000000,25,OPTIDX,NFO,5.000000,601,False
52232,NIFTYNXT5027OCT2677400CE,NIFTYNXT50,27OCT2026,7740000.000000,25,OPTIDX,NFO,5.000000,601,False
52235,NIFTYNXT5027OCT2677500PE,NIFTYNXT50,27OCT2026,7750000.000000,25,OPTIDX,NFO,5.000000,601,False
119240,MFSL23NOV261600CE,MFSL,23NOV2026,160000.000000,400,OPTSTK,NFO,5.000000,16001,False
119279,JSWSTEEL29SEP261160PE,JSWSTEEL,29SEP2026,116000.000000,675,OPTSTK,NFO,5.000000,20251,False
119390,JUBLFOOD29SEP26390CE,JUBLFOOD,29SEP2026,39000.000000,1250,OPTSTK,NFO,5.000000,50001,False
119427,JUBLFOOD29SEP26480CE,JUBLFOOD,29SEP2026,48000.000000,1250,OPTSTK,NFO,5.000000,50001,False
52249,NIFTYNXT5027OCT2678200PE,NIFTYNXT50,27OCT2026,7820000.000000,25,OPTIDX,NFO,5.000000,601,False
52253,NIFTYNXT5027OCT2678300PE,NIFTYNXT50,27OCT2026,7830000.000000,25,OPTIDX,NFO,5.000000,601,False
52264,BANKNIFTY29SEP2643500CE,BANKNIFTY,29SEP2026,4350000.000000,30,OPTIDX,NFO,5.000000,601,False
52277,NIFTYNXT5027OCT2678700PE,NIFTYNXT50,27OCT2026,7870000.000000,25,OPTIDX,NFO,5.000000,601,False
119428,JUBLFOOD29SEP26480PE,JUBLFOOD,29SEP2026,48000.000000,1250,OPTSTK,NFO,5.000000,50001,False
119436,MOTHERSON27OCT26167.5CE,MOTHERSON,27OCT2026,16750.000000,6150,OPTSTK,NFO,1.000000,184501,False
119487,JUBLFOOD29SEP26490PE,JUBLFOOD,29SEP2026,49000.000000,1250,OPTSTK,NFO,5.000000,50001,False
119533,MOTHERSON23NOV26140PE,MOTHERSON,23NOV2026,14000.000000,6150,OPTSTK,NFO,1.000000,184501,False
52279,NIFTYNXT5027OCT2678800PE,NIFTYNXT50,27OCT2026,7880000.000000,25,OPTIDX,NFO,5.000000,601,False
52281,BANKNIFTY29SEP2649500PE,BANKNIFTY,29SEP2026,4950000.000000,30,OPTIDX,NFO,5.000000,601,False
52289,NIFTYNXT5027OCT2678900PE,NIFTYNXT50,27OCT2026,7890000.000000,25,OPTIDX,NFO,5.000000,601,False
52297,BANKNIFTY29SEP2655500CE,BANKNIFTY,29SEP2026,5550000.000000,30,OPTIDX,NFO,5.000000,601,False
52304,NIFTYNXT5027OCT2679400CE,NIFTYNXT50,27OCT2026,7940000.000000,25,OPTIDX,NFO,5.000000,601,False
52337,NIFTYNXT5027OCT2680800PE,NIFTYNXT50,27OCT2026,8080000.000000,25,OPTIDX,NFO,5.000000,601,False
52353,NIFTYNXT5027OCT2681500PE,NIFTYNXT50,27OCT2026,8150000.000000,25,OPTIDX,NFO,5.000000,601,False
52413,BANKNIFTY29SEP2664500PE,BANKNIFTY,29SEP2026,6450000.000000,30,OPTIDX,NFO,5.000000,601,False
119536,MOTHERSON23NOV26150CE,MOTHERSON,23NOV2026,15000.000000,6150,OPTSTK,NFO,1.000000,184501,False
119548,MOTHERSON23NOV26175PE,MOTHERSON,23NOV2026,17500.000000,6150,OPTSTK,NFO,1.000000,184501,False
119578,MOTILALOFS27OCT26940PE,MOTILALOFS,27OCT2026,94000.000000,775,OPTSTK,NFO,5.000000,23251,False
119580,MOTILALOFS27OCT26980PE,MOTILALOFS,27OCT2026,98000.000000,775,OPTSTK,NFO,5.000000,23251,False
119582,MOTILALOFS27OCT261020PE,MOTILALOFS,27OCT2026,102000.000000,775,OPTSTK,NFO,5.000000,23251,False
119591,JUBLFOOD29SEP26540PE,JUBLFOOD,29SEP2026,54000.000000,1250,OPTSTK,NFO,5.000000,50001,False
119634,MOTILALOFS23NOV26880PE,MOTILALOFS,23NOV2026,88000.000000,775,OPTSTK,NFO,5.000000,23251,False
119644,MOTILALOFS23NOV261040PE,MOTILALOFS,23NOV2026,104000.000000,775,OPTSTK,NFO,5.000000,23251,False
52439,BANKNIFTY29SEP2669000CE,BANKNIFTY,29SEP2026,6900000.000000,30,OPTIDX,NFO,5.000000,601,False
52649,360ONE29SEP261140PE,360ONE,29SEP2026,114000.000000,500,OPTSTK,NFO,5.000000,20001,False
52657,360ONE29SEP261260PE,360ONE,29SEP2026,126000.000000,500,OPTSTK,NFO,5.000000,20001,False
52694,360ONE27OCT261040CE,360ONE,27OCT2026,104000.000000,500,OPTSTK,NFO,5.000000,20001,False
52697,360ONE27OCT261080PE,360ONE,27OCT2026,108000.000000,500,OPTSTK,NFO,5.000000,20001,False
52814,ABB29SEP267100CE,ABB,29SEP2026,710000.000000,125,OPTSTK,NFO,5.000000,3751,False
52836,ABB29SEP268300CE,ABB,29SEP2026,830000.000000,125,OPTSTK,NFO,5.000000,3751,False
52877,ABB27OCT266400PE,ABB,27OCT2026,640000.000000,125,OPTSTK,NFO,5.000000,3751,False
119648,MOTILALOFS23NOV261120PE,MOTILALOFS,23NOV2026,112000.000000,775,OPTSTK,NFO,5.000000,23251,False
119650,MOTILALOFS23NOV261160PE,MOTILALOFS,23NOV2026,116000.000000,775,OPTSTK,NFO,5.000000,23251,False
119681,MPHASIS27OCT262050PE,MPHASIS,27OCT2026,205000.000000,275,OPTSTK,NFO,5.000000,11001,False
119686,MPHASIS27OCT262350CE,MPHASIS,27OCT2026,235000.000000,275,OPTSTK,NFO,5.000000,11001,False
52881,ABB27OCT266800PE,ABB,27OCT2026,680000.000000,125,OPTSTK,NFO,5.000000,3751,False
52886,ABB27OCT267200CE,ABB,27OCT2026,720000.000000,125,OPTSTK,NFO,5.000000,3751,False
52900,ABB27OCT267800CE,ABB,27OCT2026,780000.000000,125,OPTSTK,NFO,5.000000,3751,False
52903,ABB27OCT268000PE,ABB,27OCT2026,800000.000000,125,OPTSTK,NFO,5.000000,3751,False
119689,MPHASIS27OCT262450PE,MPHASIS,27OCT2026,245000.000000,275,OPTSTK,NFO,5.000000,11001,False
119719,MPHASIS23NOV262000CE,MPHASIS,23NOV2026,200000.000000,275,OPTSTK,NFO,5.000000,11001,False
119740,MPHASIS23NOV263000PE,MPHASIS,23NOV2026,300000.000000,275,OPTSTK,NFO,5.000000,11001,False
119767,MUTHOOTFIN27OCT263050CE,MUTHOOTFIN,27OCT2026,305000.000000,275,OPTSTK,NFO,5.000000,8251,False
52905,ABB27OCT268200PE,ABB,27OCT2026,820000.000000,125,OPTSTK,NFO,5.000000,3751,False
52966,ABCAPITAL29SEP26395CE,ABCAPITAL,29SEP2026,39500.000000,3100,OPTSTK,NFO,5.000000,62001,False
53029,ABCAPITAL27OCT26350CE,ABCAPITAL,27OCT2026,35000.000000,3100,OPTSTK,NFO,5.000000,62001,False
53036,ABCAPITAL27OCT26370PE,ABCAPITAL,27OCT2026,37000.000000,3100,OPTSTK,NFO,5.000000,62001,False
119773,MUTHOOTFIN27OCT263350CE,MUTHOOTFIN,27OCT2026,335000.000000,275,OPTSTK,NFO,5.000000,8251,False
119776,MUTHOOTFIN27OCT263450PE,MUTHOOTFIN,27OCT2026,345000.000000,275,OPTSTK,NFO,5.000000,8251,False
119804,MUTHOOTFIN23NOV262400PE,MUTHOOTFIN,23NOV2026,240000.000000,275,OPTSTK,NFO,5.000000,8251,False
119806,MUTHOOTFIN23NOV262500PE,MUTHOOTFIN,23NOV2026,250000.000000,275,OPTSTK,NFO,5.000000,8251,False
53037,ABCAPITAL27OCT26380CE,ABCAPITAL,27OCT2026,38000.000000,3100,OPTSTK,NFO,5.000000,62001,False
53041,ABCAPITAL27OCT26400CE,ABCAPITAL,27OCT2026,40000.000000,3100,OPTSTK,NFO,5.000000,62001,False
53045,ABCAPITAL27OCT26420CE,ABCAPITAL,27OCT2026,42000.000000,3100,OPTSTK,NFO,5.000000,62001,False
53049,ABCAPITAL27OCT26440CE,ABCAPITAL,27OCT2026,44000.000000,3100,OPTSTK,NFO,5.000000,62001,False
119814,MUTHOOTFIN23NOV262900PE,MUTHOOTFIN,23NOV2026,290000.000000,275,OPTSTK,NFO,5.000000,8251,False
119819,MUTHOOTFIN23NOV263200CE,MUTHOOTFIN,23NOV2026,320000.000000,275,OPTSTK,NFO,5.000000,8251,False
119821,MUTHOOTFIN23NOV263300CE,MUTHOOTFIN,23NOV2026,330000.000000,275,OPTSTK,NFO,5.000000,8251,False
119860,NAM-INDIA27OCT261140PE,NAM-INDIA,27OCT2026,114000.000000,625,OPTSTK,NFO,5.000000,18751,False
53057,ABCAPITAL27OCT26470CE,ABCAPITAL,27OCT2026,47000.000000,3100,OPTSTK,NFO,5.000000,62001,False
53128,ADANIENSOL29SEP261700PE,ADANIENSOL,29SEP2026,170000.000000,675,OPTSTK,NFO,5.000000,13501,False
53139,ADANIENSOL29SEP261820CE,ADANIENSOL,29SEP2026,182000.000000,675,OPTSTK,NFO,5.000000,13501,False
53196,ADANIENSOL27OCT261280PE,ADANIENSOL,27OCT2026,128000.000000,675,OPTSTK,NFO,5.000000,13501,False
119906,NAM-INDIA23NOV261160PE,NAM-INDIA,23NOV2026,116000.000000,625,OPTSTK,NFO,5.000000,18751,False
119909,NAM-INDIA23NOV261240CE,NAM-INDIA,23NOV2026,124000.000000,625,OPTSTK,NFO,5.000000,18751,False
119913,NAM-INDIA23NOV261320CE,NAM-INDIA,23NOV2026,132000.000000,625,OPTSTK,NFO,5.000000,18751,False
119942,NATIONALUM27OCT26390PE,NATIONALUM,27OCT2026,39000.000000,1875,OPTSTK,NFO,5.000000,56251,False
53202,ADANIENSOL27OCT261360PE,ADANIENSOL,27OCT2026,136000.000000,675,OPTSTK,NFO,5.000000,13501,False
53211,ADANIENSOL27OCT261440CE,ADANIENSOL,27OCT2026,144000.000000,675,OPTSTK,NFO,5.000000,13501,False
53233,ADANIENSOL27OCT261480PE,ADANIENSOL,27OCT2026,148000.000000,675,OPTSTK,NFO,5.000000,13501,False
53244,BANKNIFTY29DEC2661500CE,BANKNIFTY,29DEC2026,6150000.000000,30,OPTIDX,NFO,5.000000,601,False
53251,BANKNIFTY29DEC2666000PE,BANKNIFTY,29DEC2026,6600000.000000,30,OPTIDX,NFO,5.000000,601,False
53286,ADANIENSOL27OCT261840CE,ADANIENSOL,27OCT2026,184000.000000,675,OPTSTK,NFO,5.000000,13501,False
53347,ADANIENT29SEP262650PE,ADANIENT,29SEP2026,265000.000000,309,OPTSTK,NFO,5.000000,9271,False
53355,ADANIENT29SEP262950CE,ADANIENT,29SEP2026,295000.000000,309,OPTSTK,NFO,5.000000,9271,False
119989,NATIONALUM23NOV26420PE,NATIONALUM,23NOV2026,42000.000000,1875,OPTSTK,NFO,5.000000,56251,False
119992,KALYANKJIL29SEP26500PE,KALYANKJIL,29SEP2026,50000.000000,1350,OPTSTK,NFO,5.000000,40501,False
119994,NATIONALUM23NOV26460CE,NATIONALUM,23NOV2026,46000.000000,1875,OPTSTK,NFO,5.000000,56251,False
119995,NATIONALUM23NOV26460PE,NATIONALUM,23NOV2026,46000.000000,1875,OPTSTK,NFO,5.000000,56251,False
53374,ADANIENT29SEP263450CE,ADANIENT,29SEP2026,345000.000000,309,OPTSTK,NFO,5.000000,9271,False
53416,ADANIENT27OCT263000CE,ADANIENT,27OCT2026,300000.000000,309,OPTSTK,NFO,5.000000,9271,False
53417,ADANIENT27OCT263000PE,ADANIENT,27OCT2026,300000.000000,309,OPTSTK,NFO,5.000000,9271,False
53460,ADANIGREEN29SEP261140CE,ADANIGREEN,29SEP2026,114000.000000,600,OPTSTK,NFO,5.000000,18001,False
120022,NAUKRI27OCT261220CE,NAUKRI,27OCT2026,122000.000000,550,OPTSTK,NFO,5.000000,16501,False
120063,NAUKRI27OCT261380PE,NAUKRI,27OCT2026,138000.000000,550,OPTSTK,NFO,5.000000,16501,False
120084,KAYNES29SEP263000PE,KAYNES,29SEP2026,300000.000000,150,OPTSTK,NFO,5.000000,6001,False
120211,NAUKRI23NOV261320CE,NAUKRI,23NOV2026,132000.000000,550,OPTSTK,NFO,5.000000,16501,False
53469,ADANIGREEN29SEP261300PE,ADANIGREEN,29SEP2026,130000.000000,600,OPTSTK,NFO,5.000000,18001,False
53480,ADANIGREEN29SEP261460CE,ADANIGREEN,29SEP2026,146000.000000,600,OPTSTK,NFO,5.000000,18001,False
53540,ADANIGREEN27OCT261320CE,ADANIGREEN,27OCT2026,132000.000000,600,OPTSTK,NFO,5.000000,18001,False
53551,ADANIGREEN27OCT261480PE,ADANIGREEN,27OCT2026,148000.000000,600,OPTSTK,NFO,5.000000,18001,False
120249,NBCC27OCT2677.5CE,NBCC,27OCT2026,7750.000000,6500,OPTSTK,NFO,1.000000,260001,False
120253,NBCC27OCT2687.5CE,NBCC,27OCT2026,8750.000000,6500,OPTSTK,NFO,1.000000,260001,False
120257,NBCC27OCT2697.5CE,NBCC,27OCT2026,9750.000000,6500,OPTSTK,NFO,1.000000,260001,False
120288,KEI29SEP264600PE,KEI,29SEP2026,460000.000000,175,OPTSTK,NFO,5.000000,5251,False
53624,NIFTY28DEC2724000CE,NIFTY,28DEC2027,2400000.000000,65,OPTIDX,NFO,5.000000,1801,False
53637,ADANIPORTS29SEP261820CE,ADANIPORTS,29SEP2026,182000.000000,475,OPTSTK,NFO,5.000000,14251,False
53686,ADANIPORTS27OCT261320PE,ADANIPORTS,27OCT2026,132000.000000,475,OPTSTK,NFO,5.000000,14251,False
53694,ADANIPORTS27OCT261480PE,ADANIPORTS,27OCT2026,148000.000000,475,OPTSTK,NFO,5.000000,14251,False
120316,KEI29SEP265600PE,KEI,29SEP2026,560000.000000,175,OPTSTK,NFO,5.000000,5251,False
120332,NBCC23NOV2690PE,NBCC,23NOV2026,9000.000000,6500,OPTSTK,NFO,1.000000,260001,False
120384,NESTLEIND27OCT261270PE,NESTLEIND,27OCT2026,127000.000000,500,OPTSTK,NFO,5.000000,15001,False
120390,NESTLEIND27OCT261330PE,NESTLEIND,27OCT2026,133000.000000,500,OPTSTK,NFO,5.000000,15001,False
53695,ADANIPORTS27OCT261520CE,ADANIPORTS,27OCT2026,152000.000000,475,OPTSTK,NFO,5.000000,14251,False
53698,ADANIPORTS27OCT261560PE,ADANIPORTS,27OCT2026,156000.000000,475,OPTSTK,NFO,5.000000,14251,False
53709,ADANIPORTS27OCT261680CE,ADANIPORTS,27OCT2026,168000.000000,475,OPTSTK,NFO,5.000000,14251,False
53721,ADANIPORTS27OCT261880CE,ADANIPORTS,27OCT2026,188000.000000,475,OPTSTK,NFO,5.000000,14251,False
120402,NESTLEIND27OCT261450PE,NESTLEIND,27OCT2026,145000.000000,500,OPTSTK,NFO,5.000000,15001,False
120406,NESTLEIND27OCT261490PE,NESTLEIND,27OCT2026,149000.000000,500,OPTSTK,NFO,5.000000,15001,False
120416,NESTLEIND27OCT261590PE,NESTLEIND,27OCT2026,159000.000000,500,OPTSTK,NFO,5.000000,15001,False
120460,KFINTECH29SEP26800PE,KFINTECH,29SEP2026,80000.000000,575,OPTSTK,NFO,5.000000,23001,False
53723,ADANIPORTS27OCT261920CE,ADANIPORTS,27OCT2026,192000.000000,475,OPTSTK,NFO,5.000000,14251,False
53772,HINDPETRO29SEP26280PE,HINDPETRO,29SEP2026,28000.000000,2025,OPTSTK,NFO,5.000000,60751,False
53823,ADANIPOWER27OCT26250CE,ADANIPOWER,27OCT2026,25000.000000,3550,OPTSTK,NFO,1.000000,106501,False
53869,ALKEM29SEP264850CE,ALKEM,29SEP2026,485000.000000,125,OPTSTK,NFO,5.000000,5001,False
120461,KFINTECH29SEP26840CE,KFINTECH,29SEP2026,84000.000000,575,OPTSTK,NFO,5.000000,23001,False
120467,KFINTECH29SEP26960CE,KFINTECH,29SEP2026,96000.000000,575,OPTSTK,NFO,5.000000,23001,False
120470,KFINTECH29SEP261000PE,KFINTECH,29SEP2026,100000.000000,575,OPTSTK,NFO,5.000000,23001,False
120526,NESTLEIND23NOV261360PE,NESTLEIND,23NOV2026,136000.000000,500,OPTSTK,NFO,5.000000,15001,False
53879,ALKEM29SEP265250CE,ALKEM,29SEP2026,525000.000000,125,OPTSTK,NFO,5.000000,5001,False
53881,ALKEM29SEP265350CE,ALKEM,29SEP2026,535000.000000,125,OPTSTK,NFO,5.000000,5001,False
53882,ALKEM29SEP265350PE,ALKEM,29SEP2026,535000.000000,125,OPTSTK,NFO,5.000000,5001,False
53883,ALKEM29SEP265450CE,ALKEM,29SEP2026,545000.000000,125,OPTSTK,NFO,5.000000,5001,False
120528,NESTLEIND23NOV261380PE,NESTLEIND,23NOV2026,138000.000000,500,OPTSTK,NFO,5.000000,15001,False
120655,KOTAKBANK29SEP26460PE,KOTAKBANK,29SEP2026,46000.000000,2000,OPTSTK,NFO,5.000000,60001,False
120657,NHPC27OCT2671CE,NHPC,27OCT2026,7100.000000,6950,OPTSTK,NFO,1.000000,278001,False
120661,NHPC27OCT2675CE,NHPC,27OCT2026,7500.000000,6950,OPTSTK,NFO,1.000000,278001,False
53950,HINDPETRO29SEP26410PE,HINDPETRO,29SEP2026,41000.000000,2025,OPTSTK,NFO,5.000000,60751,False
53973,ALKEM27OCT264400CE,ALKEM,27OCT2026,440000.000000,125,OPTSTK,NFO,5.000000,5001,False
53986,ALKEM27OCT265000PE,ALKEM,27OCT2026,500000.000000,125,OPTSTK,NFO,5.000000,5001,False
53991,ALKEM27OCT265300CE,ALKEM,27OCT2026,530000.000000,125,OPTSTK,NFO,5.000000,5001,False
120670,KOTAKBANK29SEP26490PE,KOTAKBANK,29SEP2026,49000.000000,2000,OPTSTK,NFO,5.000000,60001,False
120731,NHPC23NOV2668PE,NHPC,23NOV2026,6800.000000,6950,OPTSTK,NFO,1.000000,278001,False
120753,NHPC23NOV2682PE,NHPC,23NOV2026,8200.000000,6950,OPTSTK,NFO,1.000000,278001,False
120758,NHPC23NOV2688CE,NHPC,23NOV2026,8800.000000,6950,OPTSTK,NFO,1.000000,278001,False
54004,ALKEM27OCT265800PE,ALKEM,27OCT2026,580000.000000,125,OPTSTK,NFO,5.000000,5001,False
54010,ALKEM27OCT266000PE,ALKEM,27OCT2026,600000.000000,125,OPTSTK,NFO,5.000000,5001,False
54085,HINDPETRO27OCT26300CE,HINDPETRO,27OCT2026,30000.000000,2025,OPTSTK,NFO,5.000000,60751,False
54092,HINDPETRO27OCT26360PE,HINDPETRO,27OCT2026,36000.000000,2025,OPTSTK,NFO,5.000000,60751,False
120827,NMDC27OCT2675PE,NMDC,27OCT2026,7500.000000,6750,OPTSTK,NFO,1.000000,270001,False
120844,NMDC27OCT2691CE,NMDC,27OCT2026,9100.000000,6750,OPTSTK,NFO,1.000000,270001,False
120947,NMDC23NOV2672PE,NMDC,23NOV2026,7200.000000,6750,OPTSTK,NFO,1.000000,270001,False
120955,NMDC23NOV2680PE,NMDC,23NOV2026,8000.000000,6750,OPTSTK,NFO,1.000000,270001,False
54214,AMBER27OCT267600PE,AMBER,27OCT2026,760000.000000,100,OPTSTK,NFO,5.000000,3001,False
54218,AMBER27OCT268000PE,AMBER,27OCT2026,800000.000000,100,OPTSTK,NFO,5.000000,3001,False
54282,AMBUJACEM29SEP26355CE,AMBUJACEM,29SEP2026,35500.000000,1200,OPTSTK,NFO,5.000000,60001,False
54289,AMBUJACEM29SEP26385CE,AMBUJACEM,29SEP2026,38500.000000,1200,OPTSTK,NFO,5.000000,60001,False
120960,NMDC23NOV2686CE,NMDC,23NOV2026,8600.000000,6750,OPTSTK,NFO,1.000000,270001,False
120965,NMDC23NOV2690PE,NMDC,23NOV2026,9000.000000,6750,OPTSTK,NFO,1.000000,270001,False
120966,NMDC23NOV2692CE,NMDC,23NOV2026,9200.000000,6750,OPTSTK,NFO,1.000000,270001,False
120974,NMDC23NOV26100CE,NMDC,23NOV2026,10000.000000,6750,OPTSTK,NFO,1.000000,270001,False
54300,AMBUJACEM29SEP26435PE,AMBUJACEM,29SEP2026,43500.000000,1200,OPTSTK,NFO,5.000000,60001,False
54304,AMBUJACEM29SEP26455PE,AMBUJACEM,29SEP2026,45500.000000,1200,OPTSTK,NFO,5.000000,60001,False
54347,AMBUJACEM27OCT26340CE,AMBUJACEM,27OCT2026,34000.000000,1200,OPTSTK,NFO,5.000000,60001,False
54359,AMBUJACEM27OCT26400CE,AMBUJACEM,27OCT2026,40000.000000,1200,OPTSTK,NFO,5.000000,60001,False
121012,NTPC27OCT26315CE,NTPC,27OCT2026,31500.000000,1500,OPTSTK,NFO,5.000000,75001,False
121014,NTPC27OCT26325CE,NTPC,27OCT2026,32500.000000,1500,OPTSTK,NFO,5.000000,75001,False
121018,NTPC27OCT26345CE,NTPC,27OCT2026,34500.000000,1500,OPTSTK,NFO,5.000000,75001,False
121024,NTPC27OCT26365CE,NTPC,27OCT2026,36500.000000,1500,OPTSTK,NFO,5.000000,75001,False
54373,AMBUJACEM27OCT26470CE,AMBUJACEM,27OCT2026,47000.000000,1200,OPTSTK,NFO,5.000000,60001,False
54413,ANGELONE29SEP26245CE,ANGELONE,29SEP2026,24500.000000,2500,OPTSTK,NFO,5.000000,75001,False
54427,ANGELONE29SEP26315CE,ANGELONE,29SEP2026,31500.000000,2500,OPTSTK,NFO,5.000000,75001,False
54470,ANGELONE27OCT26250PE,ANGELONE,27OCT2026,25000.000000,2500,OPTSTK,NFO,5.000000,75001,False
121030,KPITTECH29SEP26440CE,KPITTECH,29SEP2026,44000.000000,775,OPTSTK,NFO,5.000000,38751,False
121075,NTPC23NOV26290PE,NTPC,23NOV2026,29000.000000,1500,OPTSTK,NFO,5.000000,75001,False
121076,NTPC23NOV26300CE,NTPC,23NOV2026,30000.000000,1500,OPTSTK,NFO,5.000000,75001,False
121108,KPITTECH29SEP26500CE,KPITTECH,29SEP2026,50000.000000,775,OPTSTK,NFO,5.000000,38751,False
54474,ANGELONE27OCT26270PE,ANGELONE,27OCT2026,27000.000000,2500,OPTSTK,NFO,5.000000,75001,False
54490,ANGELONE27OCT26350PE,ANGELONE,27OCT2026,35000.000000,2500,OPTSTK,NFO,5.000000,75001,False
54552,APLAPOLLO29SEP261900PE,APLAPOLLO,29SEP2026,190000.000000,350,OPTSTK,NFO,5.000000,10501,False
54561,APLAPOLLO29SEP262060PE,APLAPOLLO,29SEP2026,206000.000000,350,OPTSTK,NFO,5.000000,10501,False
121118,KPITTECH29SEP26540CE,KPITTECH,29SEP2026,54000.000000,775,OPTSTK,NFO,5.000000,38751,False
121130,KPITTECH29SEP26600PE,KPITTECH,29SEP2026,60000.000000,775,OPTSTK,NFO,5.000000,38751,False
121136,KPITTECH29SEP26660PE,KPITTECH,29SEP2026,66000.000000,775,OPTSTK,NFO,5.000000,38751,False
121140,KPITTECH29SEP26700PE,KPITTECH,29SEP2026,70000.000000,775,OPTSTK,NFO,5.000000,38751,False
54685,APLAPOLLO27OCT262080CE,APLAPOLLO,27OCT2026,208000.000000,350,OPTSTK,NFO,5.000000,10501,False
54698,APLAPOLLO27OCT262200PE,APLAPOLLO,27OCT2026,220000.000000,350,OPTSTK,NFO,5.000000,10501,False
54748,APOLLOHOSP29SEP268100PE,APOLLOHOSP,29SEP2026,810000.000000,125,OPTSTK,NFO,5.000000,2501,False
54749,APOLLOHOSP29SEP268300CE,APOLLOHOSP,29SEP2026,830000.000000,125,OPTSTK,NFO,5.000000,2501,False
121248,NYKAA23NOV26320CE,NYKAA,23NOV2026,32000.000000,3125,OPTSTK,NFO,5.000000,93751,False
121257,NYKAA23NOV26340PE,NYKAA,23NOV2026,34000.000000,3125,OPTSTK,NFO,5.000000,93751,False
121266,NYKAA23NOV26360CE,NYKAA,23NOV2026,36000.000000,3125,OPTSTK,NFO,5.000000,93751,False
121303,OBEROIRLTY27OCT261580PE,OBEROIRLTY,27OCT2026,158000.000000,350,OPTSTK,NFO,5.000000,14001,False
54754,APOLLOHOSP29SEP268500PE,APOLLOHOSP,29SEP2026,850000.000000,125,OPTSTK,NFO,5.000000,2501,False
54830,APOLLOHOSP27OCT267800PE,APOLLOHOSP,27OCT2026,780000.000000,125,OPTSTK,NFO,5.000000,2501,False
54833,APOLLOHOSP27OCT268200CE,APOLLOHOSP,27OCT2026,820000.000000,125,OPTSTK,NFO,5.000000,2501,False
54845,APOLLOHOSP27OCT269200CE,APOLLOHOSP,27OCT2026,920000.000000,125,OPTSTK,NFO,5.000000,2501,False
121315,OBEROIRLTY27OCT261820PE,OBEROIRLTY,27OCT2026,182000.000000,350,OPTSTK,NFO,5.000000,14001,False
121324,OBEROIRLTY27OCT262020CE,OBEROIRLTY,27OCT2026,202000.000000,350,OPTSTK,NFO,5.000000,14001,False
121379,OBEROIRLTY23NOV261800PE,OBEROIRLTY,23NOV2026,180000.000000,350,OPTSTK,NFO,5.000000,14001,False
121441,OFSS27OCT2610700PE,OFSS,27OCT2026,1070000.000000,100,OPTSTK,NFO,5.000000,2001,False
54916,ASHOKLEY29SEP26152.5PE,ASHOKLEY,29SEP2026,15250.000000,5000,OPTSTK,NFO,1.000000,150001,False
54920,ASHOKLEY29SEP26162.5CE,ASHOKLEY,29SEP2026,16250.000000,5000,OPTSTK,NFO,1.000000,150001,False
54923,ASHOKLEY29SEP26167.5CE,ASHOKLEY,29SEP2026,16750.000000,5000,OPTSTK,NFO,1.000000,150001,False
54929,ASHOKLEY29SEP26177.5CE,ASHOKLEY,29SEP2026,17750.000000,5000,OPTSTK,NFO,1.000000,150001,False
121444,OFSS27OCT2611100CE,OFSS,27OCT2026,1110000.000000,100,OPTSTK,NFO,5.000000,2001,False
121446,OFSS27OCT2611300CE,OFSS,27OCT2026,1130000.000000,100,OPTSTK,NFO,5.000000,2001,False
121451,OFSS27OCT2611700CE,OFSS,27OCT2026,1170000.000000,100,OPTSTK,NFO,5.000000,2001,False
121452,OFSS27OCT2611700PE,OFSS,27OCT2026,1170000.000000,100,OPTSTK,NFO,5.000000,2001,False
54970,ASHOKLEY27OCT26140PE,ASHOKLEY,27OCT2026,14000.000000,5000,OPTSTK,NFO,1.000000,150001,False
54973,ASHOKLEY27OCT26145CE,ASHOKLEY,27OCT2026,14500.000000,5000,OPTSTK,NFO,1.000000,150001,False
54996,ASHOKLEY27OCT26175PE,ASHOKLEY,27OCT2026,17500.000000,5000,OPTSTK,NFO,1.000000,150001,False
55053,ASIANPAINT29SEP262340CE,ASIANPAINT,29SEP2026,234000.000000,250,OPTSTK,NFO,5.000000,10001,False
121462,OFSS27OCT2612300PE,OFSS,27OCT2026,1230000.000000,100,OPTSTK,NFO,5.000000,2001,False
121520,OFSS23NOV2610000CE,OFSS,23NOV2026,1000000.000000,100,OPTSTK,NFO,5.000000,2001,False
121529,OFSS23NOV2610800PE,OFSS,23NOV2026,1080000.000000,100,OPTSTK,NFO,5.000000,2001,False
121531,OFSS23NOV2611000PE,OFSS,23NOV2026,1100000.000000,100,OPTSTK,NFO,5.000000,2001,False
55055,ASIANPAINT29SEP262380CE,ASIANPAINT,29SEP2026,238000.000000,250,OPTSTK,NFO,5.000000,10001,False
55079,ASIANPAINT29SEP262620CE,ASIANPAINT,29SEP2026,262000.000000,250,OPTSTK,NFO,5.000000,10001,False
55101,ASIANPAINT29SEP262860CE,ASIANPAINT,29SEP2026,286000.000000,250,OPTSTK,NFO,5.000000,10001,False
55113,ASIANPAINT29SEP262900CE,ASIANPAINT,29SEP2026,290000.000000,250,OPTSTK,NFO,5.000000,10001,False
121536,OFSS23NOV2611600CE,OFSS,23NOV2026,1160000.000000,100,OPTSTK,NFO,5.000000,2001,False
121552,OFSS23NOV2613000CE,OFSS,23NOV2026,1300000.000000,100,OPTSTK,NFO,5.000000,2001,False
121557,OFSS23NOV2613400PE,OFSS,23NOV2026,1340000.000000,100,OPTSTK,NFO,5.000000,2001,False
121577,LAURUSLABS29SEP261640CE,LAURUSLABS,29SEP2026,164000.000000,850,OPTSTK,NFO,5.000000,17001,False
55123,ASIANPAINT29SEP263060CE,ASIANPAINT,29SEP2026,306000.000000,250,OPTSTK,NFO,5.000000,10001,False
55212,ASIANPAINT27OCT262440CE,ASIANPAINT,27OCT2026,244000.000000,250,OPTSTK,NFO,5.000000,10001,False
55213,ASIANPAINT27OCT262440PE,ASIANPAINT,27OCT2026,244000.000000,250,OPTSTK,NFO,5.000000,10001,False
55217,ASIANPAINT27OCT262520PE,ASIANPAINT,27OCT2026,252000.000000,250,OPTSTK,NFO,5.000000,10001,False
121583,LAURUSLABS29SEP261760CE,LAURUSLABS,29SEP2026,176000.000000,850,OPTSTK,NFO,5.000000,17001,False
121592,LAURUSLABS29SEP261920PE,LAURUSLABS,29SEP2026,192000.000000,850,OPTSTK,NFO,5.000000,17001,False
121594,LAURUSLABS29SEP262000PE,LAURUSLABS,29SEP2026,200000.000000,850,OPTSTK,NFO,5.000000,17001,False
121598,LAURUSLABS29SEP262160PE,LAURUSLABS,29SEP2026,216000.000000,850,OPTSTK,NFO,5.000000,17001,False
55292,NIFTY29SEP2634500CE,NIFTY,29SEP2026,3450000.000000,65,OPTIDX,NFO,5.000000,1801,False
55424,NIFTY28DEC2722500CE,NIFTY,28DEC2027,2250000.000000,65,OPTIDX,NFO,5.000000,1801,False
55425,NIFTY28DEC2722500PE,NIFTY,28DEC2027,2250000.000000,65,OPTIDX,NFO,5.000000,1801,False
55476,NIFTY27JUN2825500CE,NIFTY,27JUN2028,2550000.000000,65,OPTIDX,NFO,5.000000,1801,False
121619,LICHSGFIN29SEP26460CE,LICHSGFIN,29SEP2026,46000.000000,1000,OPTSTK,NFO,5.000000,40001,False
121625,LICHSGFIN29SEP26500CE,LICHSGFIN,29SEP2026,50000.000000,1000,OPTSTK,NFO,5.000000,40001,False
121626,LICHSGFIN29SEP26500PE,LICHSGFIN,29SEP2026,50000.000000,1000,OPTSTK,NFO,5.000000,40001,False
121633,LICHSGFIN29SEP26580CE,LICHSGFIN,29SEP2026,58000.000000,1000,OPTSTK,NFO,5.000000,40001,False
55521,NIFTY26DEC2822500PE,NIFTY,26DEC2028,2250000.000000,65,OPTIDX,NFO,5.000000,1801,False
55563,NIFTY26JUN2925500PE,NIFTY,26JUN2029,2550000.000000,65,OPTIDX,NFO,5.000000,1801,False
55565,NIFTY26JUN2928500PE,NIFTY,26JUN2029,2850000.000000,65,OPTIDX,NFO,5.000000,1801,False
55583,ASTRAL29SEP261380PE,ASTRAL,29SEP2026,138000.000000,425,OPTSTK,NFO,5.000000,17001,False
55598,NIFTY24DEC2916500CE,NIFTY,24DEC2029,1650000.000000,65,OPTIDX,NFO,5.000000,1801,False
55602,NIFTY24DEC2922500CE,NIFTY,24DEC2029,2250000.000000,65,OPTIDX,NFO,5.000000,1801,False
55603,NIFTY24DEC2922500PE,NIFTY,24DEC2029,2250000.000000,65,OPTIDX,NFO,5.000000,1801,False
55646,NIFTY25JUN3025500CE,NIFTY,25JUN2030,2550000.000000,65,OPTIDX,NFO,5.000000,1801,False
121681,LICI29SEP26340PE,LICI,29SEP2026,34000.000000,1400,OPTSTK,NFO,5.000000,56001,False
121686,LICI29SEP26370CE,LICI,29SEP2026,37000.000000,1400,OPTSTK,NFO,5.000000,56001,False
121698,LICI29SEP26390PE,LICI,29SEP2026,39000.000000,1400,OPTSTK,NFO,5.000000,56001,False
121744,LICI29SEP26440PE,LICI,29SEP2026,44000.000000,1400,OPTSTK,NFO,5.000000,56001,False
55648,NIFTY25JUN3028500CE,NIFTY,25JUN2030,2850000.000000,65,OPTIDX,NFO,5.000000,1801,False
55649,NIFTY25JUN3028500PE,NIFTY,25JUN2030,2850000.000000,65,OPTIDX,NFO,5.000000,1801,False
55650,NIFTY25JUN3031500CE,NIFTY,25JUN2030,3150000.000000,65,OPTIDX,NFO,5.000000,1801,False
55651,NIFTY25JUN3031500PE,NIFTY,25JUN2030,3150000.000000,65,OPTIDX,NFO,5.000000,1801,False
121775,LICI29SEP26480CE,LICI,29SEP2026,48000.000000,1400,OPTSTK,NFO,5.000000,56001,False
121779,LICI29SEP26500CE,LICI,29SEP2026,50000.000000,1400,OPTSTK,NFO,5.000000,56001,False
121786,OIL27OCT26465PE,OIL,27OCT2026,46500.000000,1400,OPTSTK,NFO,5.000000,56001,False
121788,OIL27OCT26475PE,OIL,27OCT2026,47500.000000,1400,OPTSTK,NFO,5.000000,56001,False
55664,ASTRAL29SEP261540CE,ASTRAL,29SEP2026,154000.000000,425,OPTSTK,NFO,5.000000,17001,False
55699,NIFTY31DEC3018000PE,NIFTY,31DEC2030,1800000.000000,65,OPTIDX,NFO,5.000000,1801,False
55900,ASTRAL27OCT261360CE,ASTRAL,27OCT2026,136000.000000,425,OPTSTK,NFO,5.000000,17001,False
55903,ASTRAL27OCT261400PE,ASTRAL,27OCT2026,140000.000000,425,OPTSTK,NFO,5.000000,17001,False
121888,OIL23NOV26480CE,OIL,23NOV2026,48000.000000,1400,OPTSTK,NFO,5.000000,56001,False
121890,OIL23NOV26490CE,OIL,23NOV2026,49000.000000,1400,OPTSTK,NFO,5.000000,56001,False
121947,ONGC27OCT26212.5PE,ONGC,27OCT2026,21250.000000,2250,OPTSTK,NFO,1.000000,90001,False
121952,ONGC27OCT26227.5CE,ONGC,27OCT2026,22750.000000,2250,OPTSTK,NFO,1.000000,90001,False
55909,ASTRAL27OCT261520PE,ASTRAL,27OCT2026,152000.000000,425,OPTSTK,NFO,5.000000,17001,False
55917,ASTRAL27OCT261600PE,ASTRAL,27OCT2026,160000.000000,425,OPTSTK,NFO,5.000000,17001,False
55919,ASTRAL27OCT261640PE,ASTRAL,27OCT2026,164000.000000,425,OPTSTK,NFO,5.000000,17001,False
55927,ASTRAL27OCT261720PE,ASTRAL,27OCT2026,172000.000000,425,OPTSTK,NFO,5.000000,17001,False
121954,ONGC27OCT26232.5CE,ONGC,27OCT2026,23250.000000,2250,OPTSTK,NFO,1.000000,90001,False
121965,ONGC27OCT26257.5PE,ONGC,27OCT2026,25750.000000,2250,OPTSTK,NFO,1.000000,90001,False
122022,ONGC23NOV26210CE,ONGC,23NOV2026,21000.000000,2250,OPTSTK,NFO,1.000000,90001,False
122025,ONGC23NOV26215PE,ONGC,23NOV2026,21500.000000,2250,OPTSTK,NFO,1.000000,90001,False
55977,AUBANK29SEP261060PE,AUBANK,29SEP2026,106000.000000,1000,OPTSTK,NFO,5.000000,20001,False
56139,AUROPHARMA29SEP261460PE,AUROPHARMA,29SEP2026,146000.000000,550,OPTSTK,NFO,5.000000,16501,False
56147,AUROPHARMA29SEP261540PE,AUROPHARMA,29SEP2026,154000.000000,550,OPTSTK,NFO,5.000000,16501,False
56244,AUROPHARMA27OCT261800CE,AUROPHARMA,27OCT2026,180000.000000,550,OPTSTK,NFO,5.000000,16501,False
122033,ONGC23NOV26235PE,ONGC,23NOV2026,23500.000000,2250,OPTSTK,NFO,1.000000,90001,False
122040,LODHA29SEP261040CE,LODHA,29SEP2026,104000.000000,625,OPTSTK,NFO,5.000000,18751,False
122055,LODHA29SEP261280PE,LODHA,29SEP2026,128000.000000,625,OPTSTK,NFO,5.000000,18751,False
122063,ONGC23NOV26250PE,ONGC,23NOV2026,25000.000000,2250,OPTSTK,NFO,1.000000,90001,False
56308,AXISBANK29SEP261100CE,AXISBANK,29SEP2026,110000.000000,625,OPTSTK,NFO,5.000000,18751,False
56315,AXISBANK29SEP261220PE,AXISBANK,29SEP2026,122000.000000,625,OPTSTK,NFO,5.000000,18751,False
56320,AXISBANK29SEP261340CE,AXISBANK,29SEP2026,134000.000000,625,OPTSTK,NFO,5.000000,18751,False
56325,AXISBANK29SEP261420PE,AXISBANK,29SEP2026,142000.000000,625,OPTSTK,NFO,5.000000,18751,False
122074,ONGC23NOV26280CE,ONGC,23NOV2026,28000.000000,2250,OPTSTK,NFO,1.000000,90001,False
122117,PAGEIND27OCT2631500PE,PAGEIND,27OCT2026,3150000.000000,20,OPTSTK,NFO,5.000000,601,False
122128,PAGEIND27OCT2637500CE,PAGEIND,27OCT2026,3750000.000000,20,OPTSTK,NFO,5.000000,601,False
122131,PAGEIND27OCT2638500PE,PAGEIND,27OCT2026,3850000.000000,20,OPTSTK,NFO,5.000000,601,False
56374,AXISBANK27OCT261080CE,AXISBANK,27OCT2026,108000.000000,625,OPTSTK,NFO,5.000000,18751,False
56379,AXISBANK27OCT261120PE,AXISBANK,27OCT2026,112000.000000,625,OPTSTK,NFO,5.000000,18751,False
56482,BAJAJ-AUTO29SEP2611500CE,BAJAJ-AUTO,29SEP2026,1150000.000000,75,OPTSTK,NFO,5.000000,2251,False
56485,BAJAJ-AUTO29SEP2611700PE,BAJAJ-AUTO,29SEP2026,1170000.000000,75,OPTSTK,NFO,5.000000,2251,False
122175,PAGEIND23NOV2633000PE,PAGEIND,23NOV2026,3300000.000000,20,OPTSTK,NFO,5.000000,601,False
122179,PAGEIND23NOV2635000PE,PAGEIND,23NOV2026,3500000.000000,20,OPTSTK,NFO,5.000000,601,False
122345,PATANJALI27OCT26305PE,PATANJALI,27OCT2026,30500.000000,1075,OPTSTK,NFO,5.000000,64501,False
122349,PATANJALI27OCT26325PE,PATANJALI,27OCT2026,32500.000000,1075,OPTSTK,NFO,5.000000,64501,False
56494,BAJAJ-AUTO29SEP2612700CE,BAJAJ-AUTO,29SEP2026,1270000.000000,75,OPTSTK,NFO,5.000000,2251,False
56498,BAJAJ-AUTO29SEP2612900CE,BAJAJ-AUTO,29SEP2026,1290000.000000,75,OPTSTK,NFO,5.000000,2251,False
56503,BAJAJ-AUTO29SEP2613300PE,BAJAJ-AUTO,29SEP2026,1330000.000000,75,OPTSTK,NFO,5.000000,2251,False
56576,BAJAJ-AUTO27OCT2611200CE,BAJAJ-AUTO,27OCT2026,1120000.000000,75,OPTSTK,NFO,5.000000,2251,False
122356,PATANJALI27OCT26365CE,PATANJALI,27OCT2026,36500.000000,1075,OPTSTK,NFO,5.000000,64501,False
122411,PATANJALI23NOV26310PE,PATANJALI,23NOV2026,31000.000000,1075,OPTSTK,NFO,5.000000,64501,False
122414,PATANJALI23NOV26330CE,PATANJALI,23NOV2026,33000.000000,1075,OPTSTK,NFO,5.000000,64501,False
122452,PAYTM29SEP262020CE,PAYTM,29SEP2026,202000.000000,725,OPTSTK,NFO,5.000000,14501,False
56577,BAJAJ-AUTO27OCT2611200PE,BAJAJ-AUTO,27OCT2026,1120000.000000,75,OPTSTK,NFO,5.000000,2251,False
56591,BAJAJ-AUTO27OCT2612600PE,BAJAJ-AUTO,27OCT2026,1260000.000000,75,OPTSTK,NFO,5.000000,2251,False
56593,BAJAJ-AUTO27OCT2612800PE,BAJAJ-AUTO,27OCT2026,1280000.000000,75,OPTSTK,NFO,5.000000,2251,False
56598,BAJAJ-AUTO27OCT2613400CE,BAJAJ-AUTO,27OCT2026,1340000.000000,75,OPTSTK,NFO,5.000000,2251,False
122460,PAYTM27OCT261380CE,PAYTM,27OCT2026,138000.000000,725,OPTSTK,NFO,5.000000,14501,False
122478,PAYTM27OCT261740CE,PAYTM,27OCT2026,174000.000000,725,OPTSTK,NFO,5.000000,14501,False
122484,PAYTM27OCT261860CE,PAYTM,27OCT2026,186000.000000,725,OPTSTK,NFO,5.000000,14501,False
122488,PAYTM27OCT261940CE,PAYTM,27OCT2026,194000.000000,725,OPTSTK,NFO,5.000000,14501,False
56599,BAJAJ-AUTO27OCT2613400PE,BAJAJ-AUTO,27OCT2026,1340000.000000,75,OPTSTK,NFO,5.000000,2251,False
56601,BAJAJ-AUTO27OCT2613600PE,BAJAJ-AUTO,27OCT2026,1360000.000000,75,OPTSTK,NFO,5.000000,2251,False
56602,BAJAJ-AUTO27OCT2613800CE,BAJAJ-AUTO,27OCT2026,1380000.000000,75,OPTSTK,NFO,5.000000,2251,False
56678,BAJAJFINSV29SEP261820CE,BAJAJFINSV,29SEP2026,182000.000000,300,OPTSTK,NFO,5.000000,12001,False
122489,PAYTM27OCT261940PE,PAYTM,27OCT2026,194000.000000,725,OPTSTK,NFO,5.000000,14501,False
122497,PAYTM27OCT262060PE,PAYTM,27OCT2026,206000.000000,725,OPTSTK,NFO,5.000000,14501,False
122515,PAYTM23NOV261520PE,PAYTM,23NOV2026,152000.000000,725,OPTSTK,NFO,5.000000,14501,False
122516,PAYTM23NOV261560CE,PAYTM,23NOV2026,156000.000000,725,OPTSTK,NFO,5.000000,14501,False
56691,BAJAJFINSV29SEP261980PE,BAJAJFINSV,29SEP2026,198000.000000,300,OPTSTK,NFO,5.000000,12001,False
56699,BAJAJFINSV29SEP262100PE,BAJAJFINSV,29SEP2026,210000.000000,300,OPTSTK,NFO,5.000000,12001,False
56705,BAJAJFINSV29SEP262140PE,BAJAJFINSV,29SEP2026,214000.000000,300,OPTSTK,NFO,5.000000,12001,False
56721,NIFTY22SEP2621950CE,NIFTY,22SEP2026,2195000.000000,65,OPTIDX,NFO,5.000000,1801,False
122523,PAYTM23NOV261680PE,PAYTM,23NOV2026,168000.000000,725,OPTSTK,NFO,5.000000,14501,False
122525,PAYTM23NOV261720PE,PAYTM,23NOV2026,172000.000000,725,OPTSTK,NFO,5.000000,14501,False
122531,PAYTM23NOV261840PE,PAYTM,23NOV2026,184000.000000,725,OPTSTK,NFO,5.000000,14501,False
122541,PAYTM23NOV262040PE,PAYTM,23NOV2026,204000.000000,725,OPTSTK,NFO,5.000000,14501,False
56762,BAJAJFINSV27OCT261640CE,BAJAJFINSV,27OCT2026,164000.000000,300,OPTSTK,NFO,5.000000,12001,False
56799,BAJAJFINSV27OCT262280CE,BAJAJFINSV,27OCT2026,228000.000000,300,OPTSTK,NFO,5.000000,12001,False
56801,BAJAJFINSV27OCT262320CE,BAJAJFINSV,27OCT2026,232000.000000,300,OPTSTK,NFO,5.000000,12001,False
56802,BAJAJFINSV27OCT262320PE,BAJAJFINSV,27OCT2026,232000.000000,300,OPTSTK,NFO,5.000000,12001,False
122554,PERSISTENT27OCT264900CE,PERSISTENT,27OCT2026,490000.000000,125,OPTSTK,NFO,5.000000,3751,False
122716,LT29SEP263400PE,LT,29SEP2026,340000.000000,175,OPTSTK,NFO,5.000000,7001,False
122719,LT29SEP263500PE,LT,29SEP2026,350000.000000,175,OPTSTK,NFO,5.000000,7001,False
122720,LT29SEP263600CE,LT,29SEP2026,360000.000000,175,OPTSTK,NFO,5.000000,7001,False
56870,BAJAJHLDNG29SEP2610100CE,BAJAJHLDNG,29SEP2026,1010000.000000,75,OPTSTK,NFO,5.000000,2251,False
56880,BAJAJHLDNG29SEP2610700CE,BAJAJHLDNG,29SEP2026,1070000.000000,75,OPTSTK,NFO,5.000000,2251,False
56892,BAJAJHLDNG29SEP2611900CE,BAJAJHLDNG,29SEP2026,1190000.000000,75,OPTSTK,NFO,5.000000,2251,False
56904,NIFTY22SEP2622650PE,NIFTY,22SEP2026,2265000.000000,65,OPTIDX,NFO,5.000000,1801,False
122733,LT29SEP264100PE,LT,29SEP2026,410000.000000,175,OPTSTK,NFO,5.000000,7001,False
122745,LT29SEP264400PE,LT,29SEP2026,440000.000000,175,OPTSTK,NFO,5.000000,7001,False
122836,PERSISTENT23NOV266400CE,PERSISTENT,23NOV2026,640000.000000,125,OPTSTK,NFO,5.000000,3751,False
122921,PETRONET23NOV26240PE,PETRONET,23NOV2026,24000.000000,1900,OPTSTK,NFO,5.000000,76001,False
56936,NIFTY22SEP2622850PE,NIFTY,22SEP2026,2285000.000000,65,OPTIDX,NFO,5.000000,1801,False
56948,NIFTY22SEP2622950PE,NIFTY,22SEP2026,2295000.000000,65,OPTIDX,NFO,5.000000,1801,False
56956,NIFTY22SEP2623000PE,NIFTY,22SEP2026,2300000.000000,65,OPTIDX,NFO,5.000000,1801,False
56985,NIFTY22SEP2623300CE,NIFTY,22SEP2026,2330000.000000,65,OPTIDX,NFO,5.000000,1801,False
122934,PETRONET23NOV26310CE,PETRONET,23NOV2026,31000.000000,1900,OPTSTK,NFO,5.000000,76001,False
122936,PETRONET23NOV26320CE,PETRONET,23NOV2026,32000.000000,1900,OPTSTK,NFO,5.000000,76001,False
122995,PFC27OCT26295CE,PFC,27OCT2026,29500.000000,1300,OPTSTK,NFO,5.000000,52001,False
123013,PFC27OCT26365CE,PFC,27OCT2026,36500.000000,1300,OPTSTK,NFO,5.000000,52001,False
56996,NIFTY22SEP2623350PE,NIFTY,22SEP2026,2335000.000000,65,OPTIDX,NFO,5.000000,1801,False
57017,BAJAJHLDNG27OCT2611600PE,BAJAJHLDNG,27OCT2026,1160000.000000,75,OPTSTK,NFO,5.000000,2251,False
57086,NIFTY22SEP2623850CE,NIFTY,22SEP2026,2385000.000000,65,OPTIDX,NFO,5.000000,1801,False
57094,BAJFINANCE29SEP26950PE,BAJFINANCE,29SEP2026,95000.000000,750,OPTSTK,NFO,5.000000,22501,False
123028,PFC27OCT26405CE,PFC,27OCT2026,40500.000000,1300,OPTSTK,NFO,5.000000,52001,False
123072,PFC23NOV26280PE,PFC,23NOV2026,28000.000000,1300,OPTSTK,NFO,5.000000,52001,False
123109,PFC23NOV26420CE,PFC,23NOV2026,42000.000000,1300,OPTSTK,NFO,5.000000,52001,False
123123,LTF29SEP26290CE,LTF,29SEP2026,29000.000000,2250,OPTSTK,NFO,5.000000,67501,False
57103,BAJFINANCE29SEP261030CE,BAJFINANCE,29SEP2026,103000.000000,750,OPTSTK,NFO,5.000000,22501,False
57107,BAJFINANCE29SEP261070CE,BAJFINANCE,29SEP2026,107000.000000,750,OPTSTK,NFO,5.000000,22501,False
57111,BAJFINANCE29SEP261110CE,BAJFINANCE,29SEP2026,111000.000000,750,OPTSTK,NFO,5.000000,22501,False
57120,BAJFINANCE29SEP261190PE,BAJFINANCE,29SEP2026,119000.000000,750,OPTSTK,NFO,5.000000,22501,False
123125,LTF29SEP26300CE,LTF,29SEP2026,30000.000000,2250,OPTSTK,NFO,5.000000,67501,False
123167,PGEL27OCT26650CE,PGEL,27OCT2026,65000.000000,950,OPTSTK,NFO,5.000000,38001,False
123189,PGEL23NOV26480PE,PGEL,23NOV2026,48000.000000,950,OPTSTK,NFO,5.000000,38001,False
123195,PGEL23NOV26540PE,PGEL,23NOV2026,54000.000000,950,OPTSTK,NFO,5.000000,38001,False
57147,NIFTY22SEP2623950PE,NIFTY,22SEP2026,2395000.000000,65,OPTIDX,NFO,5.000000,1801,False
57170,BAJFINANCE27OCT26900PE,BAJFINANCE,27OCT2026,90000.000000,750,OPTSTK,NFO,5.000000,22501,False
57171,BAJFINANCE27OCT26920CE,BAJFINANCE,27OCT2026,92000.000000,750,OPTSTK,NFO,5.000000,22501,False
57176,BAJFINANCE27OCT26960PE,BAJFINANCE,27OCT2026,96000.000000,750,OPTSTK,NFO,5.000000,22501,False
123202,PGEL23NOV26620CE,PGEL,23NOV2026,62000.000000,950,OPTSTK,NFO,5.000000,38001,False
123262,PHOENIXLTD27OCT261820PE,PHOENIXLTD,27OCT2026,182000.000000,350,OPTSTK,NFO,5.000000,14001,False
123263,PHOENIXLTD27OCT261860CE,PHOENIXLTD,27OCT2026,186000.000000,350,OPTSTK,NFO,5.000000,14001,False
123264,PHOENIXLTD27OCT261860PE,PHOENIXLTD,27OCT2026,186000.000000,350,OPTSTK,NFO,5.000000,14001,False
57197,BAJFINANCE27OCT261180CE,BAJFINANCE,27OCT2026,118000.000000,750,OPTSTK,NFO,5.000000,22501,False
57199,BAJFINANCE27OCT261200CE,BAJFINANCE,27OCT2026,120000.000000,750,OPTSTK,NFO,5.000000,22501,False
57236,BANDHANBNK29SEP26155PE,BANDHANBNK,29SEP2026,15500.000000,3600,OPTSTK,NFO,1.000000,108001,False
57244,BANDHANBNK29SEP26195PE,BANDHANBNK,29SEP2026,19500.000000,3600,OPTSTK,NFO,1.000000,108001,False
123278,PHOENIXLTD27OCT262060PE,PHOENIXLTD,27OCT2026,206000.000000,350,OPTSTK,NFO,5.000000,14001,False
123399,PHOENIXLTD23NOV261720PE,PHOENIXLTD,23NOV2026,172000.000000,350,OPTSTK,NFO,5.000000,14001,False
123441,LTM29SEP264600CE,LTM,29SEP2026,460000.000000,150,OPTSTK,NFO,5.000000,6001,False
123449,LTM29SEP265200CE,LTM,29SEP2026,520000.000000,150,OPTSTK,NFO,5.000000,6001,False
57251,NIFTY22SEP2624100CE,NIFTY,22SEP2026,2410000.000000,65,OPTIDX,NFO,5.000000,1801,False
57266,BANDHANBNK27OCT26130PE,BANDHANBNK,27OCT2026,13000.000000,3600,OPTSTK,NFO,1.000000,108001,False
57270,BANDHANBNK27OCT26150PE,BANDHANBNK,27OCT2026,15000.000000,3600,OPTSTK,NFO,1.000000,108001,False
57278,BANDHANBNK27OCT26190PE,BANDHANBNK,27OCT2026,19000.000000,3600,OPTSTK,NFO,1.000000,108001,False
123462,PHOENIXLTD23NOV261880CE,PHOENIXLTD,23NOV2026,188000.000000,350,OPTSTK,NFO,5.000000,14001,False
123494,PHOENIXLTD23NOV262040CE,PHOENIXLTD,23NOV2026,204000.000000,350,OPTSTK,NFO,5.000000,14001,False
123500,PHOENIXLTD23NOV262160CE,PHOENIXLTD,23NOV2026,216000.000000,350,OPTSTK,NFO,5.000000,14001,False
123583,PIDILITIND27OCT261580PE,PIDILITIND,27OCT2026,158000.000000,500,OPTSTK,NFO,5.000000,15001,False
57279,BANDHANBNK27OCT26200CE,BANDHANBNK,27OCT2026,20000.000000,3600,OPTSTK,NFO,1.000000,108001,False
57360,BANKBARODA27OCT26260PE,BANKBARODA,27OCT2026,26000.000000,2925,OPTSTK,NFO,1.000000,87751,False
57405,BANKINDIA29SEP26142.5CE,BANKINDIA,29SEP2026,14250.000000,5200,OPTSTK,NFO,1.000000,156001,False
57462,BANKINDIA27OCT26165PE,BANKINDIA,27OCT2026,16500.000000,5200,OPTSTK,NFO,1.000000,156001,False
123591,PIDILITIND27OCT261740PE,PIDILITIND,27OCT2026,174000.000000,500,OPTSTK,NFO,5.000000,15001,False
123652,PIDILITIND23NOV261760CE,PIDILITIND,23NOV2026,176000.000000,500,OPTSTK,NFO,5.000000,15001,False
123693,PIIND27OCT261950PE,PIIND,27OCT2026,195000.000000,175,OPTSTK,NFO,5.000000,8751,False
123706,PIIND27OCT262650CE,PIIND,27OCT2026,265000.000000,175,OPTSTK,NFO,5.000000,8751,False
57490,BDL29SEP261140PE,BDL,29SEP2026,114000.000000,425,OPTSTK,NFO,5.000000,17001,False
57493,BDL29SEP261220CE,BDL,29SEP2026,122000.000000,425,OPTSTK,NFO,5.000000,17001,False
57500,BDL29SEP261340PE,BDL,29SEP2026,134000.000000,425,OPTSTK,NFO,5.000000,17001,False
57504,BDL29SEP261380PE,BDL,29SEP2026,138000.000000,425,OPTSTK,NFO,5.000000,17001,False
123709,PIIND27OCT262750PE,PIIND,27OCT2026,275000.000000,175,OPTSTK,NFO,5.000000,8751,False
123736,PIIND23NOV261900CE,PIIND,23NOV2026,190000.000000,175,OPTSTK,NFO,5.000000,8751,False
123853,PNB27OCT26103PE,PNB,27OCT2026,10300.000000,8000,OPTSTK,NFO,1.000000,240001,False
123854,PNB27OCT26105CE,PNB,27OCT2026,10500.000000,8000,OPTSTK,NFO,1.000000,240001,False
57543,BDL27OCT261240CE,BDL,27OCT2026,124000.000000,425,OPTSTK,NFO,5.000000,17001,False
57606,BEL29SEP26375PE,BEL,29SEP2026,37500.000000,1425,OPTSTK,NFO,5.000000,57001,False
57665,BEL27OCT26350PE,BEL,27OCT2026,35000.000000,1425,OPTSTK,NFO,5.000000,57001,False
57684,BEL27OCT26410CE,BEL,27OCT2026,41000.000000,1425,OPTSTK,NFO,5.000000,57001,False
123870,PNB27OCT26121CE,PNB,27OCT2026,12100.000000,8000,OPTSTK,NFO,1.000000,240001,False
123933,LUPIN29SEP262080PE,LUPIN,29SEP2026,208000.000000,425,OPTSTK,NFO,5.000000,12751,False
123934,LUPIN29SEP262120CE,LUPIN,29SEP2026,212000.000000,425,OPTSTK,NFO,5.000000,12751,False
123947,LUPIN29SEP262280CE,LUPIN,29SEP2026,228000.000000,425,OPTSTK,NFO,5.000000,12751,False
57715,NIFTY22SEP2624700PE,NIFTY,22SEP2026,2470000.000000,65,OPTIDX,NFO,5.000000,1801,False
57758,BHARATFORG29SEP262100CE,BHARATFORG,29SEP2026,210000.000000,500,OPTSTK,NFO,5.000000,10001,False
57764,BHARATFORG29SEP262220CE,BHARATFORG,29SEP2026,222000.000000,500,OPTSTK,NFO,5.000000,10001,False
57784,NIFTY22SEP2624900PE,NIFTY,22SEP2026,2490000.000000,65,OPTIDX,NFO,5.000000,1801,False
123979,LUPIN29SEP262480CE,LUPIN,29SEP2026,248000.000000,425,OPTSTK,NFO,5.000000,12751,False
123980,LUPIN29SEP262480PE,LUPIN,29SEP2026,248000.000000,425,OPTSTK,NFO,5.000000,12751,False
123984,LUPIN29SEP262520CE,LUPIN,29SEP2026,252000.000000,425,OPTSTK,NFO,5.000000,12751,False
123989,PNB23NOV26104PE,PNB,23NOV2026,10400.000000,8000,OPTSTK,NFO,1.000000,240001,False
123997,PNB23NOV26112PE,PNB,23NOV2026,11200.000000,8000,OPTSTK,NFO,1.000000,240001,False
124012,LUPIN29SEP262640CE,LUPIN,29SEP2026,264000.000000,425,OPTSTK,NFO,5.000000,12751,False
124071,PNBHOUSING27OCT261100PE,PNBHOUSING,27OCT2026,110000.000000,650,OPTSTK,NFO,5.000000,19501,False
124112,PNBHOUSING23NOV261080CE,PNBHOUSING,23NOV2026,108000.000000,650,OPTSTK,NFO,5.000000,19501,False
124117,PNBHOUSING23NOV261160PE,PNBHOUSING,23NOV2026,116000.000000,650,OPTSTK,NFO,5.000000,19501,False
124126,PNBHOUSING23NOV261320CE,PNBHOUSING,23NOV2026,132000.000000,650,OPTSTK,NFO,5.000000,19501,False
124171,POLICYBZR27OCT261780PE,POLICYBZR,27OCT2026,178000.000000,350,OPTSTK,NFO,5.000000,14001,False
124178,POLICYBZR27OCT261940CE,POLICYBZR,27OCT2026,194000.000000,350,OPTSTK,NFO,5.000000,14001,False
124264,POLICYBZR23NOV261800CE,POLICYBZR,23NOV2026,180000.000000,350,OPTSTK,NFO,5.000000,14001,False
124272,POLICYBZR23NOV261960CE,POLICYBZR,23NOV2026,196000.000000,350,OPTSTK,NFO,5.000000,14001,False
124273,POLICYBZR23NOV261960PE,POLICYBZR,23NOV2026,196000.000000,350,OPTSTK,NFO,5.000000,14001,False
124279,POLICYBZR23NOV262080PE,POLICYBZR,23NOV2026,208000.000000,350,OPTSTK,NFO,5.000000,14001,False
124329,POLYCAB27OCT268900PE,POLYCAB,27OCT2026,890000.000000,125,OPTSTK,NFO,5.000000,2501,False
124338,POLYCAB27OCT269900CE,POLYCAB,27OCT2026,990000.000000,125,OPTSTK,NFO,5.000000,2501,False
124340,POLYCAB27OCT2610100CE,POLYCAB,27OCT2026,1010000.000000,125,OPTSTK,NFO,5.000000,2501,False
124494,POLYCAB23NOV267200PE,POLYCAB,23NOV2026,720000.000000,125,OPTSTK,NFO,5.000000,2501,False
124521,M&M29SEP262600CE,M&M,29SEP2026,260000.000000,200,OPTSTK,NFO,5.000000,8001,False
124529,POLYCAB23NOV269400CE,POLYCAB,23NOV2026,940000.000000,125,OPTSTK,NFO,5.000000,2501,False
124545,POLYCAB23NOV2610800CE,POLYCAB,23NOV2026,1080000.000000,125,OPTSTK,NFO,5.000000,2501,False
124610,POWERGRID27OCT26242.5CE,POWERGRID,27OCT2026,24250.000000,1900,OPTSTK,NFO,5.000000,76001,False
57821,BHARATFORG27OCT261640PE,BHARATFORG,27OCT2026,164000.000000,500,OPTSTK,NFO,5.000000,10001,False
57861,BHARATFORG27OCT262240PE,BHARATFORG,27OCT2026,224000.000000,500,OPTSTK,NFO,5.000000,10001,False
57867,NIFTY22SEP2625200PE,NIFTY,22SEP2026,2520000.000000,65,OPTIDX,NFO,5.000000,1801,False
57874,NIFTY22SEP2625250PE,NIFTY,22SEP2026,2525000.000000,65,OPTIDX,NFO,5.000000,1801,False
124622,POWERGRID27OCT26272.5CE,POWERGRID,27OCT2026,27250.000000,1900,OPTSTK,NFO,5.000000,76001,False
124625,POWERGRID27OCT26277.5PE,POWERGRID,27OCT2026,27750.000000,1900,OPTSTK,NFO,5.000000,76001,False
124631,POWERGRID27OCT26292.5PE,POWERGRID,27OCT2026,29250.000000,1900,OPTSTK,NFO,5.000000,76001,False
124697,M&M29SEP263800CE,M&M,29SEP2026,380000.000000,200,OPTSTK,NFO,5.000000,8001,False
57893,NIFTY22SEP2625350CE,NIFTY,22SEP2026,2535000.000000,65,OPTIDX,NFO,5.000000,1801,False
57911,NIFTY22SEP2625400PE,NIFTY,22SEP2026,2540000.000000,65,OPTIDX,NFO,5.000000,1801,False
57927,NIFTY22SEP2625550CE,NIFTY,22SEP2026,2555000.000000,65,OPTIDX,NFO,5.000000,1801,False
57937,BHARTIARTL29SEP261660PE,BHARTIARTL,29SEP2026,166000.000000,475,OPTSTK,NFO,5.000000,14251,False
57946,BHARTIARTL29SEP261860CE,BHARTIARTL,29SEP2026,186000.000000,475,OPTSTK,NFO,5.000000,14251,False
57949,BHARTIARTL29SEP261900PE,BHARTIARTL,29SEP2026,190000.000000,475,OPTSTK,NFO,5.000000,14251,False
57958,BHARTIARTL29SEP262060CE,BHARTIARTL,29SEP2026,206000.000000,475,OPTSTK,NFO,5.000000,14251,False
57959,BHARTIARTL29SEP262060PE,BHARTIARTL,29SEP2026,206000.000000,475,OPTSTK,NFO,5.000000,14251,False
124712,POWERGRID23NOV26255CE,POWERGRID,23NOV2026,25500.000000,1900,OPTSTK,NFO,5.000000,76001,False
124729,POWERGRID23NOV26285CE,POWERGRID,23NOV2026,28500.000000,1900,OPTSTK,NFO,5.000000,76001,False
124734,POWERGRID23NOV26290PE,POWERGRID,23NOV2026,29000.000000,1900,OPTSTK,NFO,5.000000,76001,False
124738,POWERGRID23NOV26300PE,POWERGRID,23NOV2026,30000.000000,1900,OPTSTK,NFO,5.000000,76001,False
58033,NIFTY22SEP2626050PE,NIFTY,22SEP2026,2605000.000000,65,OPTIDX,NFO,5.000000,1801,False
58230,BHEL29SEP26405PE,BHEL,29SEP2026,40500.000000,2625,OPTSTK,NFO,5.000000,52501,False
58435,BHEL27OCT26360PE,BHEL,27OCT2026,36000.000000,2625,OPTSTK,NFO,5.000000,52501,False
58436,BHEL27OCT26370CE,BHEL,27OCT2026,37000.000000,2625,OPTSTK,NFO,5.000000,52501,False
124819,POWERINDIA27OCT2629500PE,POWERINDIA,27OCT2026,2950000.000000,25,OPTSTK,NFO,5.000000,751,False
124927,POWERINDIA23NOV2633000PE,POWERINDIA,23NOV2026,3300000.000000,25,OPTSTK,NFO,5.000000,751,False
124977,PREMIERENE27OCT26940PE,PREMIERENE,27OCT2026,94000.000000,650,OPTSTK,NFO,5.000000,26001,False
124980,PREMIERENE27OCT261020CE,PREMIERENE,27OCT2026,102000.000000,650,OPTSTK,NFO,5.000000,26001,False
124984,PREMIERENE27OCT261100CE,PREMIERENE,27OCT2026,110000.000000,650,OPTSTK,NFO,5.000000,26001,False
125014,PREMIERENE23NOV26800CE,PREMIERENE,23NOV2026,80000.000000,650,OPTSTK,NFO,5.000000,26001,False
125025,PREMIERENE23NOV261000PE,PREMIERENE,23NOV2026,100000.000000,650,OPTSTK,NFO,5.000000,26001,False
125033,PREMIERENE23NOV261160PE,PREMIERENE,23NOV2026,116000.000000,650,OPTSTK,NFO,5.000000,26001,False
58439,BHEL27OCT26380PE,BHEL,27OCT2026,38000.000000,2625,OPTSTK,NFO,5.000000,52501,False
58441,BHEL27OCT26390PE,BHEL,27OCT2026,39000.000000,2625,OPTSTK,NFO,5.000000,52501,False
58474,BHEL27OCT26430CE,BHEL,27OCT2026,43000.000000,2625,OPTSTK,NFO,5.000000,52501,False
58478,BHEL27OCT26440CE,BHEL,27OCT2026,44000.000000,2625,OPTSTK,NFO,5.000000,52501,False
125070,PRESTIGE27OCT261540CE,PRESTIGE,27OCT2026,154000.000000,450,OPTSTK,NFO,5.000000,13501,False
125078,MANAPPURAM29SEP26290PE,MANAPPURAM,29SEP2026,29000.000000,3000,OPTSTK,NFO,5.000000,60001,False
125086,MANAPPURAM29SEP26330PE,MANAPPURAM,29SEP2026,33000.000000,3000,OPTSTK,NFO,5.000000,60001,False
125087,MANAPPURAM29SEP26340CE,MANAPPURAM,29SEP2026,34000.000000,3000,OPTSTK,NFO,5.000000,60001,False
58480,BHEL27OCT26450CE,BHEL,27OCT2026,45000.000000,2625,OPTSTK,NFO,5.000000,52501,False
58508,BHEL27OCT26490CE,BHEL,27OCT2026,49000.000000,2625,OPTSTK,NFO,5.000000,52501,False
58614,BIOCON29SEP26375CE,BIOCON,29SEP2026,37500.000000,2500,OPTSTK,NFO,5.000000,50001,False
58640,NIFTY29DEC2618000CE,NIFTY,29DEC2026,1800000.000000,65,OPTIDX,NFO,5.000000,1801,False
58648,NIFTY29DEC2622000CE,NIFTY,29DEC2026,2200000.000000,65,OPTIDX,NFO,5.000000,1801,False
58690,BIOCON29SEP26435PE,BIOCON,29SEP2026,43500.000000,2500,OPTSTK,NFO,5.000000,50001,False
58807,BIOCON27OCT26360CE,BIOCON,27OCT2026,36000.000000,2500,OPTSTK,NFO,5.000000,50001,False
58820,BIOCON27OCT26360PE,BIOCON,27OCT2026,36000.000000,2500,OPTSTK,NFO,5.000000,50001,False
125109,PRESTIGE27OCT261660PE,PRESTIGE,27OCT2026,166000.000000,450,OPTSTK,NFO,5.000000,13501,False
125176,PRESTIGE23NOV261280CE,PRESTIGE,23NOV2026,128000.000000,450,OPTSTK,NFO,5.000000,13501,False
125177,PRESTIGE23NOV261280PE,PRESTIGE,23NOV2026,128000.000000,450,OPTSTK,NFO,5.000000,13501,False
125186,PRESTIGE23NOV261440CE,PRESTIGE,23NOV2026,144000.000000,450,OPTSTK,NFO,5.000000,13501,False
58847,BIOCON27OCT26410CE,BIOCON,27OCT2026,41000.000000,2500,OPTSTK,NFO,5.000000,50001,False
58901,BIOCON27OCT26460CE,BIOCON,27OCT2026,46000.000000,2500,OPTSTK,NFO,5.000000,50001,False
58912,BIOCON27OCT26480PE,BIOCON,27OCT2026,48000.000000,2500,OPTSTK,NFO,5.000000,50001,False
59130,BLUESTARCO29SEP261620CE,BLUESTARCO,29SEP2026,162000.000000,325,OPTSTK,NFO,5.000000,13001,False
125206,PRESTIGE23NOV261840CE,PRESTIGE,23NOV2026,184000.000000,450,OPTSTK,NFO,5.000000,13501,False
125269,RADICO27OCT264350PE,RADICO,27OCT2026,435000.000000,150,OPTSTK,NFO,5.000000,6001,False
125270,RADICO27OCT264450CE,RADICO,27OCT2026,445000.000000,150,OPTSTK,NFO,5.000000,6001,False
125273,RADICO27OCT264550PE,RADICO,27OCT2026,455000.000000,150,OPTSTK,NFO,5.000000,6001,False
59157,BLUESTARCO29SEP261660CE,BLUESTARCO,29SEP2026,166000.000000,325,OPTSTK,NFO,5.000000,13001,False
59169,BLUESTARCO29SEP261700CE,BLUESTARCO,29SEP2026,170000.000000,325,OPTSTK,NFO,5.000000,13001,False
59177,BLUESTARCO29SEP261780CE,BLUESTARCO,29SEP2026,178000.000000,325,OPTSTK,NFO,5.000000,13001,False
59307,BLUESTARCO27OCT261520CE,BLUESTARCO,27OCT2026,152000.000000,325,OPTSTK,NFO,5.000000,13001,False
125284,RADICO27OCT264950PE,RADICO,27OCT2026,495000.000000,150,OPTSTK,NFO,5.000000,6001,False
125318,RADICO23NOV263800PE,RADICO,23NOV2026,380000.000000,150,OPTSTK,NFO,5.000000,6001,False
125328,RADICO23NOV264200PE,RADICO,23NOV2026,420000.000000,150,OPTSTK,NFO,5.000000,6001,False
125329,RADICO23NOV264300CE,RADICO,23NOV2026,430000.000000,150,OPTSTK,NFO,5.000000,6001,False
59587,BOSCHLTD29SEP2649500CE,BOSCHLTD,29SEP2026,4950000.000000,25,OPTSTK,NFO,5.000000,501,False
59660,BOSCHLTD27OCT2648000PE,BOSCHLTD,27OCT2026,4800000.000000,25,OPTSTK,NFO,5.000000,501,False
59672,BOSCHLTD27OCT2654000PE,BOSCHLTD,27OCT2026,5400000.000000,25,OPTSTK,NFO,5.000000,501,False
59708,BPCL29SEP26315PE,BPCL,29SEP2026,31500.000000,1975,OPTSTK,NFO,5.000000,79001,False
125342,RADICO23NOV264800PE,RADICO,23NOV2026,480000.000000,150,OPTSTK,NFO,5.000000,6001,False
125344,RADICO23NOV264900PE,RADICO,23NOV2026,490000.000000,150,OPTSTK,NFO,5.000000,6001,False
125469,MANKIND29SEP262520PE,MANKIND,29SEP2026,252000.000000,250,OPTSTK,NFO,5.000000,10001,False
125471,MANKIND29SEP262560PE,MANKIND,29SEP2026,256000.000000,250,OPTSTK,NFO,5.000000,10001,False
59709,BPCL29SEP26325CE,BPCL,29SEP2026,32500.000000,1975,OPTSTK,NFO,5.000000,79001,False
59772,BPCL27OCT26370PE,BPCL,27OCT2026,37000.000000,1975,OPTSTK,NFO,5.000000,79001,False
59841,BRITANNIA29SEP264650PE,BRITANNIA,29SEP2026,465000.000000,125,OPTSTK,NFO,5.000000,5001,False
59857,BRITANNIA29SEP264750PE,BRITANNIA,29SEP2026,475000.000000,125,OPTSTK,NFO,5.000000,5001,False
125475,MANKIND29SEP262640PE,MANKIND,29SEP2026,264000.000000,250,OPTSTK,NFO,5.000000,10001,False
125481,RBLBANK27OCT26345PE,RBLBANK,27OCT2026,34500.000000,3175,OPTSTK,NFO,5.000000,63501,False
125486,RBLBANK27OCT26365CE,RBLBANK,27OCT2026,36500.000000,3175,OPTSTK,NFO,5.000000,63501,False
125512,RBLBANK27OCT26385PE,RBLBANK,27OCT2026,38500.000000,3175,OPTSTK,NFO,5.000000,63501,False
59876,BRITANNIA29SEP265350CE,BRITANNIA,29SEP2026,535000.000000,125,OPTSTK,NFO,5.000000,5001,False
59886,BRITANNIA29SEP265750PE,BRITANNIA,29SEP2026,575000.000000,125,OPTSTK,NFO,5.000000,5001,False
60178,BRITANNIA27OCT265500PE,BRITANNIA,27OCT2026,550000.000000,125,OPTSTK,NFO,5.000000,5001,False
60189,BRITANNIA27OCT265600CE,BRITANNIA,27OCT2026,560000.000000,125,OPTSTK,NFO,5.000000,5001,False
125515,RBLBANK27OCT26395CE,RBLBANK,27OCT2026,39500.000000,3175,OPTSTK,NFO,5.000000,63501,False
125520,RBLBANK27OCT26415PE,RBLBANK,27OCT2026,41500.000000,3175,OPTSTK,NFO,5.000000,63501,False
125526,RBLBANK27OCT26445PE,RBLBANK,27OCT2026,44500.000000,3175,OPTSTK,NFO,5.000000,63501,False
125569,RBLBANK23NOV26340CE,RBLBANK,23NOV2026,34000.000000,3175,OPTSTK,NFO,5.000000,63501,False
60194,BRITANNIA27OCT265700PE,BRITANNIA,27OCT2026,570000.000000,125,OPTSTK,NFO,5.000000,5001,False
60196,BRITANNIA27OCT265800PE,BRITANNIA,27OCT2026,580000.000000,125,OPTSTK,NFO,5.000000,5001,False
60306,BSE29SEP262900PE,BSE,29SEP2026,290000.000000,200,OPTSTK,NFO,5.000000,6001,False
60321,BSE29SEP263300CE,BSE,29SEP2026,330000.000000,200,OPTSTK,NFO,5.000000,6001,False
125614,RBLBANK23NOV26460PE,RBLBANK,23NOV2026,46000.000000,3175,OPTSTK,NFO,5.000000,63501,False
125663,RECLTD27OCT26355CE,RECLTD,27OCT2026,35500.000000,1575,OPTSTK,NFO,5.000000,63001,False
125664,RECLTD27OCT26355PE,RECLTD,27OCT2026,35500.000000,1575,OPTSTK,NFO,5.000000,63001,False
125717,RECLTD23NOV26270CE,RECLTD,23NOV2026,27000.000000,1575,OPTSTK,NFO,5.000000,63001,False
125732,RECLTD23NOV26330PE,RECLTD,23NOV2026,33000.000000,1575,OPTSTK,NFO,5.000000,63001,False
125778,MARICO29SEP26900PE,MARICO,29SEP2026,90000.000000,1200,OPTSTK,NFO,5.000000,36001,False
125780,MARICO29SEP26920PE,MARICO,29SEP2026,92000.000000,1200,OPTSTK,NFO,5.000000,36001,False
125866,RELIANCE27OCT261270PE,RELIANCE,27OCT2026,127000.000000,500,OPTSTK,NFO,5.000000,20001,False
60323,BSE29SEP263500CE,BSE,29SEP2026,350000.000000,200,OPTSTK,NFO,5.000000,6001,False
60401,BSE27OCT262800CE,BSE,27OCT2026,280000.000000,200,OPTSTK,NFO,5.000000,6001,False
60406,BSE27OCT262800PE,BSE,27OCT2026,280000.000000,200,OPTSTK,NFO,5.000000,6001,False
60561,CAMS29SEP26630CE,CAMS,29SEP2026,63000.000000,825,OPTSTK,NFO,5.000000,33001,False
125868,RELIANCE27OCT261290PE,RELIANCE,27OCT2026,129000.000000,500,OPTSTK,NFO,5.000000,20001,False
125904,RELIANCE27OCT261350CE,RELIANCE,27OCT2026,135000.000000,500,OPTSTK,NFO,5.000000,20001,False
125976,RELIANCE23NOV261080PE,RELIANCE,23NOV2026,108000.000000,500,OPTSTK,NFO,5.000000,20001,False
125990,RELIANCE23NOV261220PE,RELIANCE,23NOV2026,122000.000000,500,OPTSTK,NFO,5.000000,20001,False
60595,CAMS29SEP26750PE,CAMS,29SEP2026,75000.000000,825,OPTSTK,NFO,5.000000,33001,False
60601,CAMS29SEP26770PE,CAMS,29SEP2026,77000.000000,825,OPTSTK,NFO,5.000000,33001,False
60892,NIFTY25JUN3018000CE,NIFTY,25JUN2030,1800000.000000,65,OPTIDX,NFO,5.000000,1801,False
60929,CAMS27OCT26800CE,CAMS,27OCT2026,80000.000000,825,OPTSTK,NFO,5.000000,33001,False
126004,RELIANCE23NOV261360PE,RELIANCE,23NOV2026,136000.000000,500,OPTSTK,NFO,5.000000,20001,False
126072,RVNL27OCT26205PE,RVNL,27OCT2026,20500.000000,1925,OPTSTK,NFO,1.000000,96251,False
126073,RVNL27OCT26215CE,RVNL,27OCT2026,21500.000000,1925,OPTSTK,NFO,1.000000,96251,False
126108,RVNL23NOV26190PE,RVNL,23NOV2026,19000.000000,1925,OPTSTK,NFO,1.000000,96251,False
60945,NIFTY25JUN3033000PE,NIFTY,25JUN2030,3300000.000000,65,OPTIDX,NFO,5.000000,1801,False
61005,CAMS27OCT26820PE,CAMS,27OCT2026,82000.000000,825,OPTSTK,NFO,5.000000,33001,False
61466,BANKNIFTY23NOV26FUT,BANKNIFTY,23NOV2026,-1.000000,30,FUTIDX,NFO,20.000000,601,False
61474,360ONE23NOV26FUT,360ONE,23NOV2026,-1.000000,500,FUTSTK,NFO,10.000000,20001,False
126110,RVNL23NOV26200PE,RVNL,23NOV2026,20000.000000,1925,OPTSTK,NFO,1.000000,96251,False
126169,SAGILITY29SEP2644CE,SAGILITY,29SEP2026,4400.000000,12000,OPTSTK,NFO,1.000000,480001,False
126189,SAGILITY29SEP2654CE,SAGILITY,29SEP2026,5400.000000,12000,OPTSTK,NFO,1.000000,480001,False
126222,SAGILITY27OCT2638PE,SAGILITY,27OCT2026,3800.000000,12000,OPTSTK,NFO,1.000000,480001,False
61503,AUROPHARMA23NOV26FUT,AUROPHARMA,23NOV2026,-1.000000,550,FUTSTK,NFO,10.000000,16501,False
61508,BANDHANBNK23NOV26FUT,BANDHANBNK,23NOV2026,-1.000000,3600,FUTSTK,NFO,1.000000,108001,False
61516,BHEL23NOV26FUT,BHEL,23NOV2026,-1.000000,2625,FUTSTK,NFO,5.000000,52501,False
126226,SAGILITY27OCT2640PE,SAGILITY,27OCT2026,4000.000000,12000,OPTSTK,NFO,1.000000,480001,False
126279,SAGILITY23NOV2636CE,SAGILITY,23NOV2026,3600.000000,12000,OPTSTK,NFO,1.000000,480001,False
126299,SAGILITY23NOV2648PE,SAGILITY,23NOV2026,4800.000000,12000,OPTSTK,NFO,1.000000,480001,False
126311,SAGILITY23NOV2652CE,SAGILITY,23NOV2026,5200.000000,12000,OPTSTK,NFO,1.000000,480001,False
61540,COALINDIA23NOV26FUT,COALINDIA,23NOV2026,-1.000000,1350,FUTSTK,NFO,5.000000,54001,False
61558,DIVISLAB23NOV26FUT,DIVISLAB,23NOV2026,-1.000000,100,FUTSTK,NFO,50.000000,3001,False
61560,DIXON23NOV26FUT,DIXON,23NOV2026,-1.000000,50,FUTSTK,NFO,100.000000,1501,False
61575,GRASIM23NOV26FUT,GRASIM,23NOV2026,-1.000000,250,FUTSTK,NFO,10.000000,7501,False
126312,SAGILITY23NOV2652PE,SAGILITY,23NOV2026,5200.000000,12000,OPTSTK,NFO,1.000000,480001,False
126315,SAGILITY23NOV2656CE,SAGILITY,23NOV2026,5600.000000,12000,OPTSTK,NFO,1.000000,480001,False
126358,SAIL27OCT26167.5CE,SAIL,27OCT2026,16750.000000,4700,OPTSTK,NFO,1.000000,141001,False
126401,SAIL27OCT26207.5CE,SAIL,27OCT2026,20750.000000,4700,OPTSTK,NFO,1.000000,141001,False
61584,HEROMOTOCO23NOV26FUT,HEROMOTOCO,23NOV2026,-1.000000,150,FUTSTK,NFO,50.000000,4501,False
61590,HINDPETRO23NOV26FUT,HINDPETRO,23NOV2026,-1.000000,2025,FUTSTK,NFO,5.000000,60751,False
61591,HINDUNILVR23NOV26FUT,HINDUNILVR,23NOV2026,-1.000000,300,FUTSTK,NFO,10.000000,12001,False
61598,IDEA23NOV26FUT,IDEA,23NOV2026,-1.000000,71475,FUTSTK,NFO,1.000000,1429501,False
126404,MARUTI29SEP2610800PE,MARUTI,29SEP2026,1080000.000000,50,OPTSTK,NFO,5.000000,2001,False
126415,MARUTI29SEP2611800CE,MARUTI,29SEP2026,1180000.000000,50,OPTSTK,NFO,5.000000,2001,False
126420,MARUTI29SEP2612200PE,MARUTI,29SEP2026,1220000.000000,50,OPTSTK,NFO,5.000000,2001,False
126438,MARUTI29SEP2614000PE,MARUTI,29SEP2026,1400000.000000,50,OPTSTK,NFO,5.000000,2001,False
61599,IDFCFIRSTB23NOV26FUT,IDFCFIRSTB,23NOV2026,-1.000000,9275,FUTSTK,NFO,1.000000,278251,False
61608,INFY23NOV26FUT,INFY,23NOV2026,-1.000000,400,FUTSTK,NFO,10.000000,20001,False
61627,KOTAKBANK23NOV26FUT,KOTAKBANK,23NOV2026,-1.000000,2000,FUTSTK,NFO,5.000000,60001,False
61632,LODHA23NOV26FUT,LODHA,23NOV2026,-1.000000,625,FUTSTK,NFO,10.000000,18751,False
126454,MARUTI29SEP2615600PE,MARUTI,29SEP2026,1560000.000000,50,OPTSTK,NFO,5.000000,2001,False
126523,SAIL23NOV26165PE,SAIL,23NOV2026,16500.000000,4700,OPTSTK,NFO,1.000000,141001,False
126543,SAIL23NOV26200PE,SAIL,23NOV2026,20000.000000,4700,OPTSTK,NFO,1.000000,141001,False
126546,SAIL23NOV26205CE,SAIL,23NOV2026,20500.000000,4700,OPTSTK,NFO,1.000000,141001,False
61686,POLICYBZR23NOV26FUT,POLICYBZR,23NOV2026,-1.000000,350,FUTSTK,NFO,10.000000,14001,False
61710,SOLARINDS23NOV26FUT,SOLARINDS,23NOV2026,-1.000000,50,FUTSTK,NFO,500.000000,1501,False
61711,SONACOMS23NOV26FUT,SONACOMS,23NOV2026,-1.000000,1225,FUTSTK,NFO,5.000000,36751,False
61721,TATAELXSI23NOV26FUT,TATAELXSI,23NOV2026,-1.000000,125,FUTSTK,NFO,10.000000,6251,False
126659,SBICARD23NOV26720PE,SBICARD,23NOV2026,72000.000000,800,OPTSTK,NFO,5.000000,40001,False
126660,SBICARD23NOV26740CE,SBICARD,23NOV2026,74000.000000,800,OPTSTK,NFO,5.000000,40001,False
126713,SBILIFE27OCT261540PE,SBILIFE,27OCT2026,154000.000000,375,OPTSTK,NFO,5.000000,15001,False
126715,SBILIFE27OCT261580PE,SBILIFE,27OCT2026,158000.000000,375,OPTSTK,NFO,5.000000,15001,False
61730,TMPV23NOV26FUT,TMPV,23NOV2026,-1.000000,1600,FUTSTK,NFO,5.000000,64001,False
61739,UNOMINDA23NOV26FUT,UNOMINDA,23NOV2026,-1.000000,550,FUTSTK,NFO,10.000000,22001,False
61744,VOLTAS23NOV26FUT,VOLTAS,23NOV2026,-1.000000,375,FUTSTK,NFO,10.000000,18751,False
61751,ZYDUSLIFE23NOV26FUT,ZYDUSLIFE,23NOV2026,-1.000000,900,FUTSTK,NFO,10.000000,27001,False
61773,NIFTY24DEC2925000PE,NIFTY,24DEC2029,2500000.000000,65,OPTIDX,NFO,5.000000,1801,False
61823,CANBK29SEP26112.5CE,CANBK,29SEP2026,11250.000000,6750,OPTSTK,NFO,1.000000,202501,False
61861,CANBK29SEP26122.5PE,CANBK,29SEP2026,12250.000000,6750,OPTSTK,NFO,1.000000,202501,False
62072,BANKNIFTY23NOV2651700PE,BANKNIFTY,23NOV2026,5170000.000000,30,OPTIDX,NFO,5.000000,601,False
126720,SBILIFE27OCT261700CE,SBILIFE,27OCT2026,170000.000000,375,OPTSTK,NFO,5.000000,15001,False
126725,SBILIFE27OCT261780PE,SBILIFE,27OCT2026,178000.000000,375,OPTSTK,NFO,5.000000,15001,False
126732,SBILIFE27OCT261940CE,SBILIFE,27OCT2026,194000.000000,375,OPTSTK,NFO,5.000000,15001,False
126849,SBILIFE23NOV261560PE,SBILIFE,23NOV2026,156000.000000,375,OPTSTK,NFO,5.000000,15001,False
62082,BANKNIFTY23NOV2652200PE,BANKNIFTY,23NOV2026,5220000.000000,30,OPTIDX,NFO,5.000000,601,False
62094,BANKNIFTY23NOV2652800PE,BANKNIFTY,23NOV2026,5280000.000000,30,OPTIDX,NFO,5.000000,601,False
62109,BANKNIFTY23NOV2653400PE,BANKNIFTY,23NOV2026,5340000.000000,30,OPTIDX,NFO,5.000000,601,False
62141,BANKNIFTY23NOV2654300CE,BANKNIFTY,23NOV2026,5430000.000000,30,OPTIDX,NFO,5.000000,601,False
126855,SBILIFE23NOV261600CE,SBILIFE,23NOV2026,160000.000000,375,OPTSTK,NFO,5.000000,15001,False
126863,SBILIFE23NOV261680CE,SBILIFE,23NOV2026,168000.000000,375,OPTSTK,NFO,5.000000,15001,False
126868,SBILIFE23NOV261760CE,SBILIFE,23NOV2026,176000.000000,375,OPTSTK,NFO,5.000000,15001,False
126885,SBILIFE23NOV262000PE,SBILIFE,23NOV2026,200000.000000,375,OPTSTK,NFO,5.000000,15001,False
62142,BANKNIFTY23NOV2654300PE,BANKNIFTY,23NOV2026,5430000.000000,30,OPTIDX,NFO,5.000000,601,False
62150,BANKNIFTY23NOV2654700PE,BANKNIFTY,23NOV2026,5470000.000000,30,OPTIDX,NFO,5.000000,601,False
62159,BANKNIFTY23NOV2655200CE,BANKNIFTY,23NOV2026,5520000.000000,30,OPTIDX,NFO,5.000000,601,False
62173,BANKNIFTY23NOV2655600PE,BANKNIFTY,23NOV2026,5560000.000000,30,OPTIDX,NFO,5.000000,601,False
126935,MAXHEALTH29SEP26840CE,MAXHEALTH,29SEP2026,84000.000000,525,OPTSTK,NFO,5.000000,21001,False
126938,MAXHEALTH29SEP26860PE,MAXHEALTH,29SEP2026,86000.000000,525,OPTSTK,NFO,5.000000,21001,False
127017,SBIN27OCT261070PE,SBIN,27OCT2026,107000.000000,750,OPTSTK,NFO,5.000000,22501,False
127155,SBIN23NOV261000PE,SBIN,23NOV2026,100000.000000,750,OPTSTK,NFO,5.000000,22501,False
62174,BANKNIFTY23NOV2655700CE,BANKNIFTY,23NOV2026,5570000.000000,30,OPTIDX,NFO,5.000000,601,False
62185,BANKNIFTY23NOV2656100CE,BANKNIFTY,23NOV2026,5610000.000000,30,OPTIDX,NFO,5.000000,601,False
62192,BANKNIFTY23NOV2656400PE,BANKNIFTY,23NOV2026,5640000.000000,30,OPTIDX,NFO,5.000000,601,False
62200,BANKNIFTY23NOV2656600PE,BANKNIFTY,23NOV2026,5660000.000000,30,OPTIDX,NFO,5.000000,601,False
127159,SBIN23NOV261040PE,SBIN,23NOV2026,104000.000000,750,OPTSTK,NFO,5.000000,22501,False
127226,SHREECEM27OCT2622750CE,SHREECEM,27OCT2026,2275000.000000,25,OPTSTK,NFO,5.000000,1001,False
127317,SHREECEM23NOV2625500PE,SHREECEM,23NOV2026,2550000.000000,25,OPTSTK,NFO,5.000000,1001,False
127378,SHRIRAMFIN27OCT261020CE,SHRIRAMFIN,27OCT2026,102000.000000,825,OPTSTK,NFO,5.000000,24751,False
62209,BANKNIFTY23NOV2657100CE,BANKNIFTY,23NOV2026,5710000.000000,30,OPTIDX,NFO,5.000000,601,False
62217,BANKNIFTY23NOV2657500CE,BANKNIFTY,23NOV2026,5750000.000000,30,OPTIDX,NFO,5.000000,601,False
62219,BANKNIFTY23NOV2657600CE,BANKNIFTY,23NOV2026,5760000.000000,30,OPTIDX,NFO,5.000000,601,False
62251,BANKNIFTY23NOV2658200PE,BANKNIFTY,23NOV2026,5820000.000000,30,OPTIDX,NFO,5.000000,601,False
127449,MAZDOCK29SEP262000CE,MAZDOCK,29SEP2026,200000.000000,225,OPTSTK,NFO,5.000000,9001,False
127459,MAZDOCK29SEP262300PE,MAZDOCK,29SEP2026,230000.000000,225,OPTSTK,NFO,5.000000,9001,False
127482,SHRIRAMFIN23NOV261040CE,SHRIRAMFIN,23NOV2026,104000.000000,825,OPTSTK,NFO,5.000000,24751,False
127494,SHRIRAMFIN23NOV261120PE,SHRIRAMFIN,23NOV2026,112000.000000,825,OPTSTK,NFO,5.000000,24751,False
62266,BANKNIFTY23NOV2658500PE,BANKNIFTY,23NOV2026,5850000.000000,30,OPTIDX,NFO,5.000000,601,False
62267,BANKNIFTY23NOV2658600CE,BANKNIFTY,23NOV2026,5860000.000000,30,OPTIDX,NFO,5.000000,601,False
62291,BANKNIFTY23NOV2659500CE,BANKNIFTY,23NOV2026,5950000.000000,30,OPTIDX,NFO,5.000000,601,False
62305,BANKNIFTY23NOV2660100CE,BANKNIFTY,23NOV2026,6010000.000000,30,OPTIDX,NFO,5.000000,601,False
127592,SIEMENS27OCT263650CE,SIEMENS,27OCT2026,365000.000000,175,OPTSTK,NFO,5.000000,7001,False
127603,SIEMENS27OCT263850PE,SIEMENS,27OCT2026,385000.000000,175,OPTSTK,NFO,5.000000,7001,False
127660,SIEMENS23NOV263500CE,SIEMENS,23NOV2026,350000.000000,175,OPTSTK,NFO,5.000000,7001,False
127722,SOLARINDS27OCT2618750CE,SOLARINDS,27OCT2026,1875000.000000,50,OPTSTK,NFO,5.000000,1501,False
62311,BANKNIFTY23NOV2660400CE,BANKNIFTY,23NOV2026,6040000.000000,30,OPTIDX,NFO,5.000000,601,False
62317,BANKNIFTY23NOV2660700CE,BANKNIFTY,23NOV2026,6070000.000000,30,OPTIDX,NFO,5.000000,601,False
62340,BANKNIFTY23NOV2661200PE,BANKNIFTY,23NOV2026,6120000.000000,30,OPTIDX,NFO,5.000000,601,False
62343,CANBK27OCT26105PE,CANBK,27OCT2026,10500.000000,6750,OPTSTK,NFO,1.000000,202501,False
127723,SOLARINDS27OCT2618750PE,SOLARINDS,27OCT2026,1875000.000000,50,OPTSTK,NFO,5.000000,1501,False
127725,SOLARINDS27OCT2619250PE,SOLARINDS,27OCT2026,1925000.000000,50,OPTSTK,NFO,5.000000,1501,False
127735,SOLARINDS27OCT2621750PE,SOLARINDS,27OCT2026,2175000.000000,50,OPTSTK,NFO,5.000000,1501,False
127737,SOLARINDS27OCT2622250PE,SOLARINDS,27OCT2026,2225000.000000,50,OPTSTK,NFO,5.000000,1501,False
62350,BANKNIFTY23NOV2661400CE,BANKNIFTY,23NOV2026,6140000.000000,30,OPTIDX,NFO,5.000000,601,False
62388,BANKNIFTY23NOV2661600CE,BANKNIFTY,23NOV2026,6160000.000000,30,OPTIDX,NFO,5.000000,601,False
62408,CDSL29SEP261380CE,CDSL,29SEP2026,138000.000000,475,OPTSTK,NFO,5.000000,19001,False
62416,CDSL29SEP261500CE,CDSL,29SEP2026,150000.000000,475,OPTSTK,NFO,5.000000,19001,False
127839,SOLARINDS23NOV2618000CE,SOLARINDS,23NOV2026,1800000.000000,50,OPTSTK,NFO,5.000000,1501,False
127863,MCX29SEP262300PE,MCX,29SEP2026,230000.000000,225,OPTSTK,NFO,5.000000,6751,False
127864,MCX29SEP262400CE,MCX,29SEP2026,240000.000000,225,OPTSTK,NFO,5.000000,6751,False
127875,MCX29SEP262800PE,MCX,29SEP2026,280000.000000,225,OPTSTK,NFO,5.000000,6751,False
62429,BANKNIFTY23NOV2661900PE,BANKNIFTY,23NOV2026,6190000.000000,30,OPTIDX,NFO,5.000000,601,False
62461,BANKNIFTY23NOV2662100CE,BANKNIFTY,23NOV2026,6210000.000000,30,OPTIDX,NFO,5.000000,601,False
62479,CDSL27OCT261280CE,CDSL,27OCT2026,128000.000000,475,OPTSTK,NFO,5.000000,19001,False
62498,CDSL27OCT261320CE,CDSL,27OCT2026,132000.000000,475,OPTSTK,NFO,5.000000,19001,False
127879,MCX29SEP263000PE,MCX,29SEP2026,300000.000000,225,OPTSTK,NFO,5.000000,6751,False
127887,MCX29SEP263400PE,MCX,29SEP2026,340000.000000,225,OPTSTK,NFO,5.000000,6751,False
127888,MCX29SEP263500CE,MCX,29SEP2026,350000.000000,225,OPTSTK,NFO,5.000000,6751,False
127893,MCX29SEP263700PE,MCX,29SEP2026,370000.000000,225,OPTSTK,NFO,5.000000,6751,False
62502,CDSL27OCT261360PE,CDSL,27OCT2026,136000.000000,475,OPTSTK,NFO,5.000000,19001,False
62510,BANKNIFTY23NOV2662700PE,BANKNIFTY,23NOV2026,6270000.000000,30,OPTIDX,NFO,5.000000,601,False
62511,CDSL27OCT261440CE,CDSL,27OCT2026,144000.000000,475,OPTSTK,NFO,5.000000,19001,False
62513,BANKNIFTY23NOV2662800CE,BANKNIFTY,23NOV2026,6280000.000000,30,OPTIDX,NFO,5.000000,601,False
127897,SOLARINDS23NOV2624500PE,SOLARINDS,23NOV2026,2450000.000000,50,OPTSTK,NFO,5.000000,1501,False
127903,SOLARINDS23NOV2625000PE,SOLARINDS,23NOV2026,2500000.000000,50,OPTSTK,NFO,5.000000,1501,False
127974,MFSL29SEP261320CE,MFSL,29SEP2026,132000.000000,400,OPTSTK,NFO,5.000000,16001,False
127991,MFSL29SEP261640PE,MFSL,29SEP2026,164000.000000,400,OPTSTK,NFO,5.000000,16001,False
62514,BANKNIFTY23NOV2662800PE,BANKNIFTY,23NOV2026,6280000.000000,30,OPTIDX,NFO,5.000000,601,False
62521,CDSL27OCT261560CE,CDSL,27OCT2026,156000.000000,475,OPTSTK,NFO,5.000000,19001,False
62523,BANKNIFTY23NOV2663000CE,BANKNIFTY,23NOV2026,6300000.000000,30,OPTIDX,NFO,5.000000,601,False
62524,BANKNIFTY23NOV2663000PE,BANKNIFTY,23NOV2026,6300000.000000,30,OPTIDX,NFO,5.000000,601,False
127994,MFSL29SEP261720CE,MFSL,29SEP2026,172000.000000,400,OPTSTK,NFO,5.000000,16001,False
128000,MFSL29SEP261840CE,MFSL,29SEP2026,184000.000000,400,OPTSTK,NFO,5.000000,16001,False
128001,MFSL29SEP261840PE,MFSL,29SEP2026,184000.000000,400,OPTSTK,NFO,5.000000,16001,False
128041,SONACOMS27OCT26830PE,SONACOMS,27OCT2026,83000.000000,1225,OPTSTK,NFO,5.000000,36751,False
62529,CDSL27OCT261640CE,CDSL,27OCT2026,164000.000000,475,OPTSTK,NFO,5.000000,19001,False
62589,CGPOWER29SEP261020CE,CGPOWER,29SEP2026,102000.000000,850,OPTSTK,NFO,5.000000,25501,False
62617,CGPOWER27OCT26760PE,CGPOWER,27OCT2026,76000.000000,850,OPTSTK,NFO,5.000000,25501,False
62624,CGPOWER27OCT26920CE,CGPOWER,27OCT2026,92000.000000,850,OPTSTK,NFO,5.000000,25501,False
62626,CGPOWER27OCT26960CE,CGPOWER,27OCT2026,96000.000000,850,OPTSTK,NFO,5.000000,25501,False
62650,BANKNIFTY23NOV2664000CE,BANKNIFTY,23NOV2026,6400000.000000,30,OPTIDX,NFO,5.000000,601,False
62666,BANKNIFTY23NOV2664500CE,BANKNIFTY,23NOV2026,6450000.000000,30,OPTIDX,NFO,5.000000,601,False
62714,CHOLAFIN29SEP261740CE,CHOLAFIN,29SEP2026,174000.000000,625,OPTSTK,NFO,5.000000,12501,False
128085,SONACOMS23NOV26780PE,SONACOMS,23NOV2026,78000.000000,1225,OPTSTK,NFO,5.000000,36751,False
128090,SONACOMS23NOV26840CE,SONACOMS,23NOV2026,84000.000000,1225,OPTSTK,NFO,5.000000,36751,False
128092,SONACOMS23NOV26860CE,SONACOMS,23NOV2026,86000.000000,1225,OPTSTK,NFO,5.000000,36751,False
128173,SRF23NOV262000CE,SRF,23NOV2026,200000.000000,200,OPTSTK,NFO,5.000000,8001,False
62716,CHOLAFIN29SEP261780CE,CHOLAFIN,29SEP2026,178000.000000,625,OPTSTK,NFO,5.000000,12501,False
62873,CHOLAFIN27OCT261920CE,CHOLAFIN,27OCT2026,192000.000000,625,OPTSTK,NFO,5.000000,12501,False
63018,FINNIFTY29SEP2622850PE,FINNIFTY,29SEP2026,2285000.000000,60,OPTIDX,NFO,5.000000,1801,False
63036,FINNIFTY29SEP2623750PE,FINNIFTY,29SEP2026,2375000.000000,60,OPTIDX,NFO,5.000000,1801,False
128193,SRF23NOV262900CE,SRF,23NOV2026,290000.000000,200,OPTSTK,NFO,5.000000,8001,False
128243,SUNPHARMA27OCT261700PE,SUNPHARMA,27OCT2026,170000.000000,350,OPTSTK,NFO,5.000000,14001,False
128256,SUNPHARMA27OCT261900PE,SUNPHARMA,27OCT2026,190000.000000,350,OPTSTK,NFO,5.000000,14001,False
128272,SUNPHARMA27OCT262020CE,SUNPHARMA,27OCT2026,202000.000000,350,OPTSTK,NFO,5.000000,14001,False
63062,CHOLAFIN27OCT262000PE,CHOLAFIN,27OCT2026,200000.000000,625,OPTSTK,NFO,5.000000,12501,False
63085,FINNIFTY29SEP2625650CE,FINNIFTY,29SEP2026,2565000.000000,60,OPTIDX,NFO,5.000000,1801,False
63086,FINNIFTY29SEP2625650PE,FINNIFTY,29SEP2026,2565000.000000,60,OPTIDX,NFO,5.000000,1801,False
63107,FINNIFTY29SEP2626350CE,FINNIFTY,29SEP2026,2635000.000000,60,OPTIDX,NFO,5.000000,1801,False
63110,FINNIFTY29SEP2626450PE,FINNIFTY,29SEP2026,2645000.000000,60,OPTIDX,NFO,5.000000,1801,False
63127,FINNIFTY29SEP2626950CE,FINNIFTY,29SEP2026,2695000.000000,60,OPTIDX,NFO,5.000000,1801,False
63129,FINNIFTY29SEP2627050CE,FINNIFTY,29SEP2026,2705000.000000,60,OPTIDX,NFO,5.000000,1801,False
63158,CIPLA29SEP261250CE,CIPLA,29SEP2026,125000.000000,425,OPTSTK,NFO,5.000000,17001,False
128333,SUNPHARMA23NOV261880CE,SUNPHARMA,23NOV2026,188000.000000,350,OPTSTK,NFO,5.000000,14001,False
128339,SUNPHARMA23NOV262000CE,SUNPHARMA,23NOV2026,200000.000000,350,OPTSTK,NFO,5.000000,14001,False
128352,SUNPHARMA23NOV262240PE,SUNPHARMA,23NOV2026,224000.000000,350,OPTSTK,NFO,5.000000,14001,False
128466,SUPREMEIND23NOV263400PE,SUPREMEIND,23NOV2026,340000.000000,175,OPTSTK,NFO,5.000000,7001,False
128483,SUPREMEIND23NOV263700PE,SUPREMEIND,23NOV2026,370000.000000,175,OPTSTK,NFO,5.000000,7001,False
128484,SUPREMEIND23NOV263800CE,SUPREMEIND,23NOV2026,380000.000000,175,OPTSTK,NFO,5.000000,7001,False
128487,SUPREMEIND23NOV263900PE,SUPREMEIND,23NOV2026,390000.000000,175,OPTSTK,NFO,5.000000,7001,False
128535,MOTHERSON29SEP26135PE,MOTHERSON,29SEP2026,13500.000000,6150,OPTSTK,NFO,1.000000,184501,False
63159,CIPLA29SEP261250PE,CIPLA,29SEP2026,125000.000000,425,OPTSTK,NFO,5.000000,17001,False
63193,CIPLA29SEP261270PE,CIPLA,29SEP2026,127000.000000,425,OPTSTK,NFO,5.000000,17001,False
63229,CIPLA29SEP261470CE,CIPLA,29SEP2026,147000.000000,425,OPTSTK,NFO,5.000000,17001,False
63230,CIPLA29SEP261470PE,CIPLA,29SEP2026,147000.000000,425,OPTSTK,NFO,5.000000,17001,False
128639,SUZLON23NOV2650CE,SUZLON,23NOV2026,5000.000000,12700,OPTSTK,NFO,1.000000,381001,False
128675,SWIGGY27OCT26255PE,SWIGGY,27OCT2026,25500.000000,1825,OPTSTK,NFO,5.000000,73001,False
128815,SWIGGY23NOV26290CE,SWIGGY,23NOV2026,29000.000000,1825,OPTSTK,NFO,5.000000,73001,False
128820,SWIGGY23NOV26310PE,SWIGGY,23NOV2026,31000.000000,1825,OPTSTK,NFO,5.000000,73001,False
63237,CIPLA29SEP261530PE,CIPLA,29SEP2026,153000.000000,425,OPTSTK,NFO,5.000000,17001,False
63360,FINNIFTY23NOV2622900PE,FINNIFTY,23NOV2026,2290000.000000,60,OPTIDX,NFO,5.000000,1801,False
63389,FINNIFTY23NOV2624400CE,FINNIFTY,23NOV2026,2440000.000000,60,OPTIDX,NFO,5.000000,1801,False
63396,FINNIFTY23NOV2624700PE,FINNIFTY,23NOV2026,2470000.000000,60,OPTIDX,NFO,5.000000,1801,False
128862,TATACONSUM27OCT26910PE,TATACONSUM,27OCT2026,91000.000000,550,OPTSTK,NFO,5.000000,22001,False
128879,TATACONSUM27OCT26970PE,TATACONSUM,27OCT2026,97000.000000,550,OPTSTK,NFO,5.000000,22001,False
128882,TATACONSUM27OCT261010CE,TATACONSUM,27OCT2026,101000.000000,550,OPTSTK,NFO,5.000000,22001,False
128886,MOTILALOFS29SEP26680PE,MOTILALOFS,29SEP2026,68000.000000,775,OPTSTK,NFO,5.000000,23251,False
63404,FINNIFTY23NOV2625100PE,FINNIFTY,23NOV2026,2510000.000000,60,OPTIDX,NFO,5.000000,1801,False
63422,FINNIFTY23NOV2626000PE,FINNIFTY,23NOV2026,2600000.000000,60,OPTIDX,NFO,5.000000,1801,False
63426,FINNIFTY23NOV2626200PE,FINNIFTY,23NOV2026,2620000.000000,60,OPTIDX,NFO,5.000000,1801,False
63450,FINNIFTY23NOV2627300PE,FINNIFTY,23NOV2026,2730000.000000,60,OPTIDX,NFO,5.000000,1801,False
128907,TATACONSUM27OCT261050CE,TATACONSUM,27OCT2026,105000.000000,550,OPTSTK,NFO,5.000000,22001,False
128931,MOTILALOFS29SEP261160CE,MOTILALOFS,29SEP2026,116000.000000,775,OPTSTK,NFO,5.000000,23251,False
128933,MOTILALOFS29SEP261200CE,MOTILALOFS,29SEP2026,120000.000000,775,OPTSTK,NFO,5.000000,23251,False
129034,TATACONSUM23NOV26880CE,TATACONSUM,23NOV2026,88000.000000,550,OPTSTK,NFO,5.000000,22001,False
63459,FINNIFTY23NOV2627700CE,FINNIFTY,23NOV2026,2770000.000000,60,OPTIDX,NFO,5.000000,1801,False
63465,FINNIFTY23NOV2628000CE,FINNIFTY,23NOV2026,2800000.000000,60,OPTIDX,NFO,5.000000,1801,False
63623,MIDCPNIFTY23NOV2612875CE,MIDCPNIFTY,23NOV2026,1287500.000000,120,OPTIDX,NFO,5.000000,2801,False
63626,MIDCPNIFTY23NOV2612875PE,MIDCPNIFTY,23NOV2026,1287500.000000,120,OPTIDX,NFO,5.000000,2801,False
129117,TATAELXSI27OCT263050PE,TATAELXSI,27OCT2026,305000.000000,125,OPTSTK,NFO,5.000000,6251,False
129129,TATAELXSI27OCT263650PE,TATAELXSI,27OCT2026,365000.000000,125,OPTSTK,NFO,5.000000,6251,False
129249,TATAELXSI23NOV263400CE,TATAELXSI,23NOV2026,340000.000000,125,OPTSTK,NFO,5.000000,6251,False
129326,TATAPOWER27OCT26345PE,TATAPOWER,27OCT2026,34500.000000,1450,OPTSTK,NFO,5.000000,58001,False
63659,MIDCPNIFTY23NOV2613300CE,MIDCPNIFTY,23NOV2026,1330000.000000,120,OPTIDX,NFO,5.000000,2801,False
63665,MIDCPNIFTY23NOV2613375CE,MIDCPNIFTY,23NOV2026,1337500.000000,120,OPTIDX,NFO,5.000000,2801,False
63681,MIDCPNIFTY23NOV2613575CE,MIDCPNIFTY,23NOV2026,1357500.000000,120,OPTIDX,NFO,5.000000,2801,False
63691,MIDCPNIFTY23NOV2613700CE,MIDCPNIFTY,23NOV2026,1370000.000000,120,OPTIDX,NFO,5.000000,2801,False
129331,TATAPOWER27OCT26375CE,TATAPOWER,27OCT2026,37500.000000,1450,OPTSTK,NFO,5.000000,58001,False
129381,TATAPOWER23NOV26320CE,TATAPOWER,23NOV2026,32000.000000,1450,OPTSTK,NFO,5.000000,58001,False
129408,TATAPOWER23NOV26420CE,TATAPOWER,23NOV2026,42000.000000,1450,OPTSTK,NFO,5.000000,58001,False
129490,TATASTEEL27OCT26187.5CE,TATASTEEL,27OCT2026,18750.000000,2750,OPTSTK,NFO,1.000000,137501,False
63709,MIDCPNIFTY23NOV2613925CE,MIDCPNIFTY,23NOV2026,1392500.000000,120,OPTIDX,NFO,5.000000,2801,False
63710,MIDCPNIFTY23NOV2613925PE,MIDCPNIFTY,23NOV2026,1392500.000000,120,OPTIDX,NFO,5.000000,2801,False
63711,MIDCPNIFTY23NOV2613950CE,MIDCPNIFTY,23NOV2026,1395000.000000,120,OPTIDX,NFO,5.000000,2801,False
63723,MIDCPNIFTY23NOV2614025CE,MIDCPNIFTY,23NOV2026,1402500.000000,120,OPTIDX,NFO,5.000000,2801,False
129493,TATASTEEL27OCT26192.5PE,TATASTEEL,27OCT2026,19250.000000,2750,OPTSTK,NFO,1.000000,137501,False
129496,TATASTEEL27OCT26197.5CE,TATASTEEL,27OCT2026,19750.000000,2750,OPTSTK,NFO,1.000000,137501,False
129550,TATASTEEL23NOV26160CE,TATASTEEL,23NOV2026,16000.000000,2750,OPTSTK,NFO,1.000000,137501,False
129563,TATASTEEL23NOV26185PE,TATASTEEL,23NOV2026,18500.000000,2750,OPTSTK,NFO,1.000000,137501,False
63748,MIDCPNIFTY23NOV2614250PE,MIDCPNIFTY,23NOV2026,1425000.000000,120,OPTIDX,NFO,5.000000,2801,False
63749,MIDCPNIFTY23NOV2614275CE,MIDCPNIFTY,23NOV2026,1427500.000000,120,OPTIDX,NFO,5.000000,2801,False
63755,MIDCPNIFTY23NOV2614325CE,MIDCPNIFTY,23NOV2026,1432500.000000,120,OPTIDX,NFO,5.000000,2801,False
63767,MIDCPNIFTY23NOV2614450CE,MIDCPNIFTY,23NOV2026,1445000.000000,120,OPTIDX,NFO,5.000000,2801,False
129565,TATASTEEL23NOV26190PE,TATASTEEL,23NOV2026,19000.000000,2750,OPTSTK,NFO,1.000000,137501,False
129622,MUTHOOTFIN29SEP262300PE,MUTHOOTFIN,29SEP2026,230000.000000,275,OPTSTK,NFO,5.000000,8251,False
129632,MUTHOOTFIN29SEP262700PE,MUTHOOTFIN,29SEP2026,270000.000000,275,OPTSTK,NFO,5.000000,8251,False
129651,MUTHOOTFIN29SEP263700CE,MUTHOOTFIN,29SEP2026,370000.000000,275,OPTSTK,NFO,5.000000,8251,False
63775,MIDCPNIFTY23NOV2614550CE,MIDCPNIFTY,23NOV2026,1455000.000000,120,OPTIDX,NFO,5.000000,2801,False
63777,MIDCPNIFTY23NOV2614575CE,MIDCPNIFTY,23NOV2026,1457500.000000,120,OPTIDX,NFO,5.000000,2801,False
63806,MIDCPNIFTY23NOV2614825PE,MIDCPNIFTY,23NOV2026,1482500.000000,120,OPTIDX,NFO,5.000000,2801,False
63808,MIDCPNIFTY23NOV2614850PE,MIDCPNIFTY,23NOV2026,1485000.000000,120,OPTIDX,NFO,5.000000,2801,False
129655,TCS27OCT261980CE,TCS,27OCT2026,198000.000000,225,OPTSTK,NFO,5.000000,9001,False
129660,TCS27OCT262060PE,TCS,27OCT2026,206000.000000,225,OPTSTK,NFO,5.000000,9001,False
129678,TCS27OCT262300PE,TCS,27OCT2026,230000.000000,225,OPTSTK,NFO,5.000000,9001,False
129775,TCS23NOV262040PE,TCS,23NOV2026,204000.000000,225,OPTSTK,NFO,5.000000,9001,False
63809,MIDCPNIFTY23NOV2614875CE,MIDCPNIFTY,23NOV2026,1487500.000000,120,OPTIDX,NFO,5.000000,2801,False
63819,MIDCPNIFTY23NOV2615000CE,MIDCPNIFTY,23NOV2026,1500000.000000,120,OPTIDX,NFO,5.000000,2801,False
63830,MIDCPNIFTY23NOV2615075PE,MIDCPNIFTY,23NOV2026,1507500.000000,120,OPTIDX,NFO,5.000000,2801,False
63840,MIDCPNIFTY23NOV2615200PE,MIDCPNIFTY,23NOV2026,1520000.000000,120,OPTIDX,NFO,5.000000,2801,False
129777,TCS23NOV262080PE,TCS,23NOV2026,208000.000000,225,OPTSTK,NFO,5.000000,9001,False
129778,TCS23NOV262120CE,TCS,23NOV2026,212000.000000,225,OPTSTK,NFO,5.000000,9001,False
129780,TCS23NOV262160CE,TCS,23NOV2026,216000.000000,225,OPTSTK,NFO,5.000000,9001,False
129784,TCS23NOV262240CE,TCS,23NOV2026,224000.000000,225,OPTSTK,NFO,5.000000,9001,False
63856,MIDCPNIFTY23NOV2615400PE,MIDCPNIFTY,23NOV2026,1540000.000000,120,OPTIDX,NFO,5.000000,2801,False
63863,MIDCPNIFTY23NOV2615500CE,MIDCPNIFTY,23NOV2026,1550000.000000,120,OPTIDX,NFO,5.000000,2801,False
63865,MIDCPNIFTY23NOV2615525CE,MIDCPNIFTY,23NOV2026,1552500.000000,120,OPTIDX,NFO,5.000000,2801,False
63866,MIDCPNIFTY23NOV2615525PE,MIDCPNIFTY,23NOV2026,1552500.000000,120,OPTIDX,NFO,5.000000,2801,False
129785,TCS23NOV262240PE,TCS,23NOV2026,224000.000000,225,OPTSTK,NFO,5.000000,9001,False
129790,TCS23NOV262360CE,TCS,23NOV2026,236000.000000,225,OPTSTK,NFO,5.000000,9001,False
129793,TCS23NOV262400PE,TCS,23NOV2026,240000.000000,225,OPTSTK,NFO,5.000000,9001,False
129796,TCS23NOV262480CE,TCS,23NOV2026,248000.000000,225,OPTSTK,NFO,5.000000,9001,False
63876,MIDCPNIFTY23NOV2615650PE,MIDCPNIFTY,23NOV2026,1565000.000000,120,OPTIDX,NFO,5.000000,2801,False
63912,MIDCPNIFTY23NOV2616100PE,MIDCPNIFTY,23NOV2026,1610000.000000,120,OPTIDX,NFO,5.000000,2801,False
64232,NIFTY23NOV2621850CE,NIFTY,23NOV2026,2185000.000000,65,OPTIDX,NFO,5.000000,1801,False
64240,NIFTY23NOV2622050CE,NIFTY,23NOV2026,2205000.000000,65,OPTIDX,NFO,5.000000,1801,False
129896,TECHM27OCT261500CE,TECHM,27OCT2026,150000.000000,600,OPTSTK,NFO,5.000000,18001,False
129969,TECHM23NOV261560PE,TECHM,23NOV2026,156000.000000,600,OPTSTK,NFO,5.000000,18001,False
129983,TECHM23NOV261840PE,TECHM,23NOV2026,184000.000000,600,OPTSTK,NFO,5.000000,18001,False
129987,TECHM23NOV261920CE,TECHM,23NOV2026,192000.000000,600,OPTSTK,NFO,5.000000,18001,False
64277,NIFTY23NOV2622450PE,NIFTY,23NOV2026,2245000.000000,65,OPTIDX,NFO,5.000000,1801,False
64284,NIFTY23NOV2622550CE,NIFTY,23NOV2026,2255000.000000,65,OPTIDX,NFO,5.000000,1801,False
64285,NIFTY23NOV2622550PE,NIFTY,23NOV2026,2255000.000000,65,OPTIDX,NFO,5.000000,1801,False
64286,NIFTY23NOV2622600CE,NIFTY,23NOV2026,2260000.000000,65,OPTIDX,NFO,5.000000,1801,False
129988,TECHM23NOV261920PE,TECHM,23NOV2026,192000.000000,600,OPTSTK,NFO,5.000000,18001,False
129995,NAM-INDIA29SEP261080CE,NAM-INDIA,29SEP2026,108000.000000,625,OPTSTK,NFO,5.000000,18751,False
130003,NAM-INDIA29SEP261240CE,NAM-INDIA,29SEP2026,124000.000000,625,OPTSTK,NFO,5.000000,18751,False
130010,NAM-INDIA29SEP261360PE,NAM-INDIA,29SEP2026,136000.000000,625,OPTSTK,NFO,5.000000,18751,False
64287,NIFTY23NOV2622600PE,NIFTY,23NOV2026,2260000.000000,65,OPTIDX,NFO,5.000000,1801,False
64291,NIFTY23NOV2622700CE,NIFTY,23NOV2026,2270000.000000,65,OPTIDX,NFO,5.000000,1801,False
64337,NIFTY23NOV2623000PE,NIFTY,23NOV2026,2300000.000000,65,OPTIDX,NFO,5.000000,1801,False
64347,NIFTY23NOV2623100CE,NIFTY,23NOV2026,2310000.000000,65,OPTIDX,NFO,5.000000,1801,False
130054,NATIONALUM29SEP26280PE,NATIONALUM,29SEP2026,28000.000000,1875,OPTSTK,NFO,5.000000,56251,False
130069,NATIONALUM29SEP26440CE,NATIONALUM,29SEP2026,44000.000000,1875,OPTSTK,NFO,5.000000,56251,False
130089,TIINDIA27OCT262450CE,TIINDIA,27OCT2026,245000.000000,200,OPTSTK,NFO,5.000000,8001,False
130095,TIINDIA27OCT262750CE,TIINDIA,27OCT2026,275000.000000,200,OPTSTK,NFO,5.000000,8001,False
64356,NIFTY23NOV2623250PE,NIFTY,23NOV2026,2325000.000000,65,OPTIDX,NFO,5.000000,1801,False
64359,NIFTY23NOV2623350CE,NIFTY,23NOV2026,2335000.000000,65,OPTIDX,NFO,5.000000,1801,False
64372,NIFTY23NOV2623450PE,NIFTY,23NOV2026,2345000.000000,65,OPTIDX,NFO,5.000000,1801,False
64373,NIFTY23NOV2623500CE,NIFTY,23NOV2026,2350000.000000,65,OPTIDX,NFO,5.000000,1801,False
64384,NIFTY23NOV2623700PE,NIFTY,23NOV2026,2370000.000000,65,OPTIDX,NFO,5.000000,1801,False
64389,NIFTY23NOV2623850CE,NIFTY,23NOV2026,2385000.000000,65,OPTIDX,NFO,5.000000,1801,False
64408,NIFTY23NOV2624250PE,NIFTY,23NOV2026,2425000.000000,65,OPTIDX,NFO,5.000000,1801,False
64456,NIFTY23NOV2625300CE,NIFTY,23NOV2026,2530000.000000,65,OPTIDX,NFO,5.000000,1801,False
130097,TIINDIA27OCT262850CE,TIINDIA,27OCT2026,285000.000000,200,OPTSTK,NFO,5.000000,8001,False
130228,TITAN27OCT264650PE,TITAN,27OCT2026,465000.000000,175,OPTSTK,NFO,5.000000,5251,False
130231,TITAN27OCT264850CE,TITAN,27OCT2026,485000.000000,175,OPTSTK,NFO,5.000000,5251,False
130234,TITAN27OCT264950PE,TITAN,27OCT2026,495000.000000,175,OPTSTK,NFO,5.000000,5251,False
130238,TITAN27OCT265150PE,TITAN,27OCT2026,515000.000000,175,OPTSTK,NFO,5.000000,5251,False
130243,TITAN27OCT265450CE,TITAN,27OCT2026,545000.000000,175,OPTSTK,NFO,5.000000,5251,False
130246,TITAN27OCT265550PE,TITAN,27OCT2026,555000.000000,175,OPTSTK,NFO,5.000000,5251,False
130294,TITAN23NOV264700PE,TITAN,23NOV2026,470000.000000,175,OPTSTK,NFO,5.000000,5251,False
64459,NIFTY23NOV2625350PE,NIFTY,23NOV2026,2535000.000000,65,OPTIDX,NFO,5.000000,1801,False
64478,NIFTY23NOV2625600PE,NIFTY,23NOV2026,2560000.000000,65,OPTIDX,NFO,5.000000,1801,False
64480,NIFTY23NOV2625650PE,NIFTY,23NOV2026,2565000.000000,65,OPTIDX,NFO,5.000000,1801,False
64492,NIFTY23NOV2625850PE,NIFTY,23NOV2026,2585000.000000,65,OPTIDX,NFO,5.000000,1801,False
130342,NAUKRI29SEP261240CE,NAUKRI,29SEP2026,124000.000000,550,OPTSTK,NFO,5.000000,16501,False
130384,TMPV27OCT26285CE,TMPV,27OCT2026,28500.000000,1600,OPTSTK,NFO,5.000000,64001,False
130387,NAUKRI29SEP261280CE,NAUKRI,29SEP2026,128000.000000,550,OPTSTK,NFO,5.000000,16501,False
130457,TMPV23NOV26280CE,TMPV,23NOV2026,28000.000000,1600,OPTSTK,NFO,5.000000,64001,False
64496,NIFTY23NOV2625950PE,NIFTY,23NOV2026,2595000.000000,65,OPTIDX,NFO,5.000000,1801,False
64497,NIFTY23NOV2626000CE,NIFTY,23NOV2026,2600000.000000,65,OPTIDX,NFO,5.000000,1801,False
64498,NIFTY23NOV2626000PE,NIFTY,23NOV2026,2600000.000000,65,OPTIDX,NFO,5.000000,1801,False
64502,NIFTY23NOV2626100PE,NIFTY,23NOV2026,2610000.000000,65,OPTIDX,NFO,5.000000,1801,False
130461,TMPV23NOV26300CE,TMPV,23NOV2026,30000.000000,1600,OPTSTK,NFO,5.000000,64001,False
130538,TORNTPHARM27OCT264750CE,TORNTPHARM,27OCT2026,475000.000000,125,OPTSTK,NFO,5.000000,5001,False
130612,TORNTPHARM23NOV265100CE,TORNTPHARM,23NOV2026,510000.000000,125,OPTSTK,NFO,5.000000,5001,False
130616,TORNTPHARM23NOV265300CE,TORNTPHARM,23NOV2026,530000.000000,125,OPTSTK,NFO,5.000000,5001,False
64720,NIFTYFPI23NOV261280PE,NIFTYFPI,23NOV2026,128000.000000,1100,OPTIDX,NFO,5.000000,8501,False
64804,NIFTYFPI23NOV261425PE,NIFTYFPI,23NOV2026,142500.000000,1100,OPTIDX,NFO,5.000000,8501,False
64823,NIFTYFPI23NOV261470CE,NIFTYFPI,23NOV2026,147000.000000,1100,OPTIDX,NFO,5.000000,8501,False
64847,NIFTYFPI23NOV261525CE,NIFTYFPI,23NOV2026,152500.000000,1100,OPTIDX,NFO,5.000000,8501,False
130644,TORNTPHARM23NOV265600PE,TORNTPHARM,23NOV2026,560000.000000,125,OPTSTK,NFO,5.000000,5001,False
130694,NBCC29SEP2680PE,NBCC,29SEP2026,8000.000000,6500,OPTSTK,NFO,1.000000,260001,False
130801,TRENT23NOV262400PE,TRENT,23NOV2026,240000.000000,225,OPTSTK,NFO,5.000000,9001,False
130845,TVSMOTOR27OCT263650PE,TVSMOTOR,27OCT2026,365000.000000,175,OPTSTK,NFO,5.000000,5251,False
64856,NIFTYFPI23NOV261545PE,NIFTYFPI,23NOV2026,154500.000000,1100,OPTIDX,NFO,5.000000,8501,False
64872,NIFTYFPI23NOV261580CE,NIFTYFPI,23NOV2026,158000.000000,1100,OPTIDX,NFO,5.000000,8501,False
64874,NIFTYFPI23NOV261585CE,NIFTYFPI,23NOV2026,158500.000000,1100,OPTIDX,NFO,5.000000,8501,False
64905,NIFTYFPI23NOV261640CE,NIFTYFPI,23NOV2026,164000.000000,1100,OPTIDX,NFO,5.000000,8501,False
64927,NIFTYFPI23NOV261680PE,NIFTYFPI,23NOV2026,168000.000000,1100,OPTIDX,NFO,5.000000,8501,False
64928,NIFTYFPI23NOV261685CE,NIFTYFPI,23NOV2026,168500.000000,1100,OPTIDX,NFO,5.000000,8501,False
64962,NIFTYFPI23NOV261740CE,NIFTYFPI,23NOV2026,174000.000000,1100,OPTIDX,NFO,5.000000,8501,False
64975,NIFTYFPI23NOV261760PE,NIFTYFPI,23NOV2026,176000.000000,1100,OPTIDX,NFO,5.000000,8501,False
130848,TVSMOTOR27OCT263850CE,TVSMOTOR,27OCT2026,385000.000000,175,OPTSTK,NFO,5.000000,5251,False
130859,TVSMOTOR27OCT264150PE,TVSMOTOR,27OCT2026,415000.000000,175,OPTSTK,NFO,5.000000,5251,False
130867,TVSMOTOR27OCT264350CE,TVSMOTOR,27OCT2026,435000.000000,175,OPTSTK,NFO,5.000000,5251,False
130868,TVSMOTOR27OCT264350PE,TVSMOTOR,27OCT2026,435000.000000,175,OPTSTK,NFO,5.000000,5251,False
65008,NIFTYFPI23NOV261820CE,NIFTYFPI,23NOV2026,182000.000000,1100,OPTIDX,NFO,5.000000,8501,False
65187,CIPLA27OCT261260PE,CIPLA,27OCT2026,126000.000000,425,OPTSTK,NFO,5.000000,17001,False
65230,NIFTYNXT5023NOV2662000CE,NIFTYNXT50,23NOV2026,6200000.000000,25,OPTIDX,NFO,5.000000,601,False
65233,NIFTYNXT5023NOV2662500PE,NIFTYNXT50,23NOV2026,6250000.000000,25,OPTIDX,NFO,5.000000,601,False
130927,TVSMOTOR23NOV264000PE,TVSMOTOR,23NOV2026,400000.000000,175,OPTSTK,NFO,5.000000,5251,False
131020,ULTRACEMCO27OCT269900CE,ULTRACEMCO,27OCT2026,990000.000000,50,OPTSTK,NFO,5.000000,2001,False
131155,ULTRACEMCO23NOV269800CE,ULTRACEMCO,23NOV2026,980000.000000,50,OPTSTK,NFO,5.000000,2001,False
131196,ULTRACEMCO23NOV2611800CE,ULTRACEMCO,23NOV2026,1180000.000000,50,OPTSTK,NFO,5.000000,2001,False
65271,CIPLA27OCT261400PE,CIPLA,27OCT2026,140000.000000,425,OPTSTK,NFO,5.000000,17001,False
65374,NIFTYNXT5023NOV2664200CE,NIFTYNXT50,23NOV2026,6420000.000000,25,OPTIDX,NFO,5.000000,601,False
65423,NIFTYNXT5023NOV2665200PE,NIFTYNXT50,23NOV2026,6520000.000000,25,OPTIDX,NFO,5.000000,601,False
65426,NIFTYNXT5023NOV2665400CE,NIFTYNXT50,23NOV2026,6540000.000000,25,OPTIDX,NFO,5.000000,601,False
131211,ULTRACEMCO23NOV2613200CE,ULTRACEMCO,23NOV2026,1320000.000000,50,OPTSTK,NFO,5.000000,2001,False
131348,NESTLEIND29SEP261260PE,NESTLEIND,29SEP2026,126000.000000,500,OPTSTK,NFO,5.000000,15001,False
131349,NESTLEIND29SEP261280CE,NESTLEIND,29SEP2026,128000.000000,500,OPTSTK,NFO,5.000000,15001,False
131373,UNIONBANK27OCT26182.5CE,UNIONBANK,27OCT2026,18250.000000,4425,OPTSTK,NFO,1.000000,132751,False
65439,NIFTYNXT5023NOV2666000PE,NIFTYNXT50,23NOV2026,6600000.000000,25,OPTIDX,NFO,5.000000,601,False
65471,NIFTYNXT5023NOV2667000PE,NIFTYNXT50,23NOV2026,6700000.000000,25,OPTIDX,NFO,5.000000,601,False
65473,NIFTYNXT5023NOV2667100PE,NIFTYNXT50,23NOV2026,6710000.000000,25,OPTIDX,NFO,5.000000,601,False
65479,NIFTYNXT5023NOV2667400PE,NIFTYNXT50,23NOV2026,6740000.000000,25,OPTIDX,NFO,5.000000,601,False
131381,UNIONBANK27OCT26202.5CE,UNIONBANK,27OCT2026,20250.000000,4425,OPTSTK,NFO,1.000000,132751,False
131384,UNIONBANK27OCT26207.5PE,UNIONBANK,27OCT2026,20750.000000,4425,OPTSTK,NFO,1.000000,132751,False
131436,NESTLEIND29SEP261500PE,NESTLEIND,29SEP2026,150000.000000,500,OPTSTK,NFO,5.000000,15001,False
131445,NESTLEIND29SEP261600CE,NESTLEIND,29SEP2026,160000.000000,500,OPTSTK,NFO,5.000000,15001,False
131462,NESTLEIND29SEP261740PE,NESTLEIND,29SEP2026,174000.000000,500,OPTSTK,NFO,5.000000,15001,False
131508,UNIONBANK23NOV26210CE,UNIONBANK,23NOV2026,21000.000000,4425,OPTSTK,NFO,1.000000,132751,False
131578,UNITDSPR27OCT261580PE,UNITDSPR,27OCT2026,158000.000000,400,OPTSTK,NFO,5.000000,16001,False
131615,UNITDSPR23NOV261320CE,UNITDSPR,23NOV2026,132000.000000,400,OPTSTK,NFO,5.000000,16001,False
65487,NIFTYNXT5023NOV2667800PE,NIFTYNXT50,23NOV2026,6780000.000000,25,OPTIDX,NFO,5.000000,601,False
65490,NIFTYNXT5023NOV2668000CE,NIFTYNXT50,23NOV2026,6800000.000000,25,OPTIDX,NFO,5.000000,601,False
65528,NIFTYNXT5023NOV2669100CE,NIFTYNXT50,23NOV2026,6910000.000000,25,OPTIDX,NFO,5.000000,601,False
65533,NIFTYNXT5023NOV2669300PE,NIFTYNXT50,23NOV2026,6930000.000000,25,OPTIDX,NFO,5.000000,601,False
131672,UNOMINDA27OCT261140CE,UNOMINDA,27OCT2026,114000.000000,550,OPTSTK,NFO,5.000000,22001,False
131681,UNOMINDA27OCT261300PE,UNOMINDA,27OCT2026,130000.000000,550,OPTSTK,NFO,5.000000,22001,False
131684,UNOMINDA27OCT261380CE,UNOMINDA,27OCT2026,138000.000000,550,OPTSTK,NFO,5.000000,22001,False
131774,NHPC29SEP2666PE,NHPC,29SEP2026,6600.000000,6950,OPTSTK,NFO,1.000000,278001,False
65550,NIFTYNXT5023NOV2670200CE,NIFTYNXT50,23NOV2026,7020000.000000,25,OPTIDX,NFO,5.000000,601,False
65551,NIFTYNXT5023NOV2670200PE,NIFTYNXT50,23NOV2026,7020000.000000,25,OPTIDX,NFO,5.000000,601,False
65554,NIFTYNXT5023NOV2670400CE,NIFTYNXT50,23NOV2026,7040000.000000,25,OPTIDX,NFO,5.000000,601,False
65556,NIFTYNXT5023NOV2670500CE,NIFTYNXT50,23NOV2026,7050000.000000,25,OPTIDX,NFO,5.000000,601,False
131796,UNOMINDA23NOV261320CE,UNOMINDA,23NOV2026,132000.000000,550,OPTSTK,NFO,5.000000,22001,False
131801,UNOMINDA23NOV261400PE,UNOMINDA,23NOV2026,140000.000000,550,OPTSTK,NFO,5.000000,22001,False
131847,UPL27OCT26550CE,UPL,27OCT2026,55000.000000,1355,OPTSTK,NFO,5.000000,40651,False
131911,UPL23NOV26680CE,UPL,23NOV2026,68000.000000,1355,OPTSTK,NFO,5.000000,40651,False
65558,NIFTYNXT5023NOV2670600CE,NIFTYNXT50,23NOV2026,7060000.000000,25,OPTIDX,NFO,5.000000,601,False
65562,NIFTYNXT5023NOV2670800CE,NIFTYNXT50,23NOV2026,7080000.000000,25,OPTIDX,NFO,5.000000,601,False
65574,NIFTYNXT5023NOV2671300CE,NIFTYNXT50,23NOV2026,7130000.000000,25,OPTIDX,NFO,5.000000,601,False
65596,COALINDIA29SEP26355CE,COALINDIA,29SEP2026,35500.000000,1350,OPTSTK,NFO,5.000000,54001,False
131933,VBL27OCT26350CE,VBL,27OCT2026,35000.000000,1275,OPTSTK,NFO,5.000000,51001,False
131940,VBL27OCT26410PE,VBL,27OCT2026,41000.000000,1275,OPTSTK,NFO,5.000000,51001,False
131950,NHPC29SEP2690PE,NHPC,29SEP2026,9000.000000,6950,OPTSTK,NFO,1.000000,278001,False
132019,VBL23NOV26480PE,VBL,23NOV2026,48000.000000,1275,OPTSTK,NFO,5.000000,51001,False
65619,COALINDIA29SEP26415PE,COALINDIA,29SEP2026,41500.000000,1350,OPTSTK,NFO,5.000000,54001,False
65626,COALINDIA29SEP26455CE,COALINDIA,29SEP2026,45500.000000,1350,OPTSTK,NFO,5.000000,54001,False
65669,NIFTYNXT5023NOV2671800PE,NIFTYNXT50,23NOV2026,7180000.000000,25,OPTIDX,NFO,5.000000,601,False
65678,NIFTYNXT5023NOV2672200CE,NIFTYNXT50,23NOV2026,7220000.000000,25,OPTIDX,NFO,5.000000,601,False
132063,VEDL27OCT26275PE,VEDL,27OCT2026,27500.000000,1150,OPTSTK,NFO,5.000000,80501,False
132228,VEDL23NOV26240CE,VEDL,23NOV2026,24000.000000,1150,OPTSTK,NFO,5.000000,80501,False
132267,NMDC29SEP2670PE,NMDC,29SEP2026,7000.000000,6750,OPTSTK,NFO,1.000000,270001,False
132275,VMM27OCT2697.5CE,VMM,27OCT2026,9750.000000,4850,OPTSTK,NFO,1.000000,194001,False
65683,NIFTYNXT5023NOV2672400PE,NIFTYNXT50,23NOV2026,7240000.000000,25,OPTIDX,NFO,5.000000,601,False
65688,NIFTYNXT5023NOV2672700CE,NIFTYNXT50,23NOV2026,7270000.000000,25,OPTIDX,NFO,5.000000,601,False
65689,NIFTYNXT5023NOV2672700PE,NIFTYNXT50,23NOV2026,7270000.000000,25,OPTIDX,NFO,5.000000,601,False
65690,NIFTYNXT5023NOV2672800CE,NIFTYNXT50,23NOV2026,7280000.000000,25,OPTIDX,NFO,5.000000,601,False
132280,NMDC29SEP2674PE,NMDC,29SEP2026,7400.000000,6750,OPTSTK,NFO,1.000000,270001,False
132291,NMDC29SEP2684CE,NMDC,29SEP2026,8400.000000,6750,OPTSTK,NFO,1.000000,270001,False
132292,NMDC29SEP2684PE,NMDC,29SEP2026,8400.000000,6750,OPTSTK,NFO,1.000000,270001,False
132293,NMDC29SEP2686CE,NMDC,29SEP2026,8600.000000,6750,OPTSTK,NFO,1.000000,270001,False
65754,NIFTYNXT5023NOV2674700CE,NIFTYNXT50,23NOV2026,7470000.000000,25,OPTIDX,NFO,5.000000,601,False
65760,NIFTYNXT5023NOV2675000CE,NIFTYNXT50,23NOV2026,7500000.000000,25,OPTIDX,NFO,5.000000,601,False
65788,COALINDIA27OCT26360CE,COALINDIA,27OCT2026,36000.000000,1350,OPTSTK,NFO,5.000000,54001,False
65789,COALINDIA27OCT26360PE,COALINDIA,27OCT2026,36000.000000,1350,OPTSTK,NFO,5.000000,54001,False
132353,VMM23NOV2680PE,VMM,23NOV2026,8000.000000,4850,OPTSTK,NFO,1.000000,194001,False
132365,VMM23NOV26105PE,VMM,23NOV2026,10500.000000,4850,OPTSTK,NFO,1.000000,194001,False
132370,VMM23NOV26120CE,VMM,23NOV2026,12000.000000,4850,OPTSTK,NFO,1.000000,194001,False
132420,VOLTAS27OCT261220PE,VOLTAS,27OCT2026,122000.000000,375,OPTSTK,NFO,5.000000,18751,False
65805,COALINDIA27OCT26430PE,COALINDIA,27OCT2026,43000.000000,1350,OPTSTK,NFO,5.000000,54001,False
65811,NIFTYNXT5023NOV2675700PE,NIFTYNXT50,23NOV2026,7570000.000000,25,OPTIDX,NFO,5.000000,601,False
65816,NIFTYNXT5023NOV2676000CE,NIFTYNXT50,23NOV2026,7600000.000000,25,OPTIDX,NFO,5.000000,601,False
65831,NIFTYNXT5023NOV2676700PE,NIFTYNXT50,23NOV2026,7670000.000000,25,OPTIDX,NFO,5.000000,601,False
132459,VOLTAS23NOV261080CE,VOLTAS,23NOV2026,108000.000000,375,OPTSTK,NFO,5.000000,18751,False
132463,VOLTAS23NOV261160CE,VOLTAS,23NOV2026,116000.000000,375,OPTSTK,NFO,5.000000,18751,False
132468,VOLTAS23NOV261240PE,VOLTAS,23NOV2026,124000.000000,375,OPTSTK,NFO,5.000000,18751,False
132509,WAAREEENER27OCT262350CE,WAAREEENER,27OCT2026,235000.000000,175,OPTSTK,NFO,5.000000,8751,False
65833,NIFTYNXT5023NOV2676800PE,NIFTYNXT50,23NOV2026,7680000.000000,25,OPTIDX,NFO,5.000000,601,False
65834,NIFTYNXT5023NOV2676900CE,NIFTYNXT50,23NOV2026,7690000.000000,25,OPTIDX,NFO,5.000000,601,False
65848,NIFTYNXT5023NOV2677500CE,NIFTYNXT50,23NOV2026,7750000.000000,25,OPTIDX,NFO,5.000000,601,False
65860,NIFTYNXT5023NOV2678000CE,NIFTYNXT50,23NOV2026,7800000.000000,25,OPTIDX,NFO,5.000000,601,False
132514,WAAREEENER27OCT262550PE,WAAREEENER,27OCT2026,255000.000000,175,OPTSTK,NFO,5.000000,8751,False
132517,WAAREEENER27OCT262750CE,WAAREEENER,27OCT2026,275000.000000,175,OPTSTK,NFO,5.000000,8751,False
132591,NTPC29SEP26370CE,NTPC,29SEP2026,37000.000000,1500,OPTSTK,NFO,5.000000,75001,False
132633,WAAREEENER23NOV263000CE,WAAREEENER,23NOV2026,300000.000000,175,OPTSTK,NFO,5.000000,8751,False
65879,NIFTYNXT5023NOV2678300CE,NIFTYNXT50,23NOV2026,7830000.000000,25,OPTIDX,NFO,5.000000,601,False
65880,NIFTYNXT5023NOV2678300PE,NIFTYNXT50,23NOV2026,7830000.000000,25,OPTIDX,NFO,5.000000,601,False
65923,NIFTY29SEP2630000CE,NIFTY,29SEP2026,3000000.000000,65,OPTIDX,NFO,5.000000,1801,False
65931,NIFTYNXT5023NOV2679500PE,NIFTYNXT50,23NOV2026,7950000.000000,25,OPTIDX,NFO,5.000000,601,False
132683,WIPRO27OCT26167.5CE,WIPRO,27OCT2026,16750.000000,3000,OPTSTK,NFO,1.000000,120001,False
132716,NYKAA29SEP26290CE,NYKAA,29SEP2026,29000.000000,3125,OPTSTK,NFO,5.000000,93751,False
132717,NYKAA29SEP26290PE,NYKAA,29SEP2026,29000.000000,3125,OPTSTK,NFO,5.000000,93751,False
132728,NYKAA29SEP26320CE,NYKAA,29SEP2026,32000.000000,3125,OPTSTK,NFO,5.000000,93751,False
65953,COALINDIA27OCT26460PE,COALINDIA,27OCT2026,46000.000000,1350,OPTSTK,NFO,5.000000,54001,False
65993,COCHINSHIP29SEP261220PE,COCHINSHIP,29SEP2026,122000.000000,400,OPTSTK,NFO,5.000000,16001,False
65994,COCHINSHIP29SEP261260CE,COCHINSHIP,29SEP2026,126000.000000,400,OPTSTK,NFO,5.000000,16001,False
66184,COCHINSHIP29SEP261380CE,COCHINSHIP,29SEP2026,138000.000000,400,OPTSTK,NFO,5.000000,16001,False
132771,WIPRO23NOV26140CE,WIPRO,23NOV2026,14000.000000,3000,OPTSTK,NFO,1.000000,120001,False
132778,WIPRO23NOV26155PE,WIPRO,23NOV2026,15500.000000,3000,OPTSTK,NFO,1.000000,120001,False
132789,WIPRO23NOV26185CE,WIPRO,23NOV2026,18500.000000,3000,OPTSTK,NFO,1.000000,120001,False
132882,YESBANK23NOV2628CE,YESBANK,23NOV2026,2800.000000,31100,OPTSTK,NFO,1.000000,933001,False
66213,COCHINSHIP29SEP261660CE,COCHINSHIP,29SEP2026,166000.000000,400,OPTSTK,NFO,5.000000,16001,False
66297,COCHINSHIP27OCT261240PE,COCHINSHIP,27OCT2026,124000.000000,400,OPTSTK,NFO,5.000000,16001,False
66312,COCHINSHIP27OCT261400PE,COCHINSHIP,27OCT2026,140000.000000,400,OPTSTK,NFO,5.000000,16001,False
66327,COCHINSHIP27OCT261680CE,COCHINSHIP,27OCT2026,168000.000000,400,OPTSTK,NFO,5.000000,16001,False
132965,ZYDUSLIFE27OCT261010CE,ZYDUSLIFE,27OCT2026,101000.000000,900,OPTSTK,NFO,5.000000,27001,False
132967,ZYDUSLIFE27OCT261030CE,ZYDUSLIFE,27OCT2026,103000.000000,900,OPTSTK,NFO,5.000000,27001,False
132976,ZYDUSLIFE27OCT261110PE,ZYDUSLIFE,27OCT2026,111000.000000,900,OPTSTK,NFO,5.000000,27001,False
133081,ZYDUSLIFE23NOV261040PE,ZYDUSLIFE,23NOV2026,104000.000000,900,OPTSTK,NFO,5.000000,27001,False
66328,COCHINSHIP27OCT261680PE,COCHINSHIP,27OCT2026,168000.000000,400,OPTSTK,NFO,5.000000,16001,False
66331,COCHINSHIP27OCT261760CE,COCHINSHIP,27OCT2026,176000.000000,400,OPTSTK,NFO,5.000000,16001,False
66370,360ONE27OCT26980CE,360ONE,27OCT2026,98000.000000,500,OPTSTK,NFO,5.000000,20001,False
66383,360ONE27OCT261020PE,360ONE,27OCT2026,102000.000000,500,OPTSTK,NFO,5.000000,20001,False
133105,ZYDUSLIFE23NOV261200CE,ZYDUSLIFE,23NOV2026,120000.000000,900,OPTSTK,NFO,5.000000,27001,False
133117,ZYDUSLIFE23NOV261300PE,ZYDUSLIFE,23NOV2026,130000.000000,900,OPTSTK,NFO,5.000000,27001,False
133211,OBEROIRLTY29SEP261600CE,OBEROIRLTY,29SEP2026,160000.000000,350,OPTSTK,NFO,5.000000,14001,False
133281,OBEROIRLTY29SEP261960PE,OBEROIRLTY,29SEP2026,196000.000000,350,OPTSTK,NFO,5.000000,14001,False
66397,COFORGE29SEP261540CE,COFORGE,29SEP2026,154000.000000,475,OPTSTK,NFO,5.000000,14251,False
66400,COFORGE29SEP261580PE,COFORGE,29SEP2026,158000.000000,475,OPTSTK,NFO,5.000000,14251,False
66410,COFORGE29SEP261700PE,COFORGE,29SEP2026,170000.000000,475,OPTSTK,NFO,5.000000,14251,False
66422,COFORGE29SEP261820PE,COFORGE,29SEP2026,182000.000000,475,OPTSTK,NFO,5.000000,14251,False
133282,OBEROIRLTY29SEP262000CE,OBEROIRLTY,29SEP2026,200000.000000,350,OPTSTK,NFO,5.000000,14001,False
133975,OFSS29SEP2612000PE,OFSS,29SEP2026,1200000.000000,100,OPTSTK,NFO,5.000000,2001,False
133999,OFSS29SEP2613800PE,OFSS,29SEP2026,1380000.000000,100,OPTSTK,NFO,5.000000,2001,False
134001,OFSS29SEP2614000PE,OFSS,29SEP2026,1400000.000000,100,OPTSTK,NFO,5.000000,2001,False
66424,COFORGE29SEP261860PE,COFORGE,29SEP2026,186000.000000,475,OPTSTK,NFO,5.000000,14251,False
66429,COFORGE29SEP261980CE,COFORGE,29SEP2026,198000.000000,475,OPTSTK,NFO,5.000000,14251,False
66433,COFORGE29SEP262060CE,COFORGE,29SEP2026,206000.000000,475,OPTSTK,NFO,5.000000,14251,False
66518,360ONE23NOV26960PE,360ONE,23NOV2026,96000.000000,500,OPTSTK,NFO,5.000000,20001,False
134262,OIL29SEP26390PE,OIL,29SEP2026,39000.000000,1400,OPTSTK,NFO,5.000000,56001,False
134276,OIL29SEP26460PE,OIL,29SEP2026,46000.000000,1400,OPTSTK,NFO,5.000000,56001,False
134372,OIL29SEP26520CE,OIL,29SEP2026,52000.000000,1400,OPTSTK,NFO,5.000000,56001,False
134837,ONGC29SEP26195CE,ONGC,29SEP2026,19500.000000,2250,OPTSTK,NFO,1.000000,90001,False
66526,360ONE23NOV261080PE,360ONE,23NOV2026,108000.000000,500,OPTSTK,NFO,5.000000,20001,False
66531,COFORGE27OCT261840PE,COFORGE,27OCT2026,184000.000000,475,OPTSTK,NFO,5.000000,14251,False
66536,360ONE23NOV261200CE,360ONE,23NOV2026,120000.000000,500,OPTSTK,NFO,5.000000,20001,False
66539,360ONE23NOV261240PE,360ONE,23NOV2026,124000.000000,500,OPTSTK,NFO,5.000000,20001,False
134841,ONGC29SEP26200CE,ONGC,29SEP2026,20000.000000,2250,OPTSTK,NFO,1.000000,90001,False
134862,ONGC29SEP26230PE,ONGC,29SEP2026,23000.000000,2250,OPTSTK,NFO,1.000000,90001,False
134878,ONGC29SEP26240PE,ONGC,29SEP2026,24000.000000,2250,OPTSTK,NFO,1.000000,90001,False
134884,ONGC29SEP26255PE,ONGC,29SEP2026,25500.000000,2250,OPTSTK,NFO,1.000000,90001,False
66562,COFORGE27OCT261920PE,COFORGE,27OCT2026,192000.000000,475,OPTSTK,NFO,5.000000,14251,False
66580,COFORGE27OCT262120PE,COFORGE,27OCT2026,212000.000000,475,OPTSTK,NFO,5.000000,14251,False
66582,COFORGE27OCT262160PE,COFORGE,27OCT2026,216000.000000,475,OPTSTK,NFO,5.000000,14251,False
66608,COLPAL29SEP261620PE,COLPAL,29SEP2026,162000.000000,275,OPTSTK,NFO,5.000000,11001,False
135028,PAGEIND29SEP2630000PE,PAGEIND,29SEP2026,3000000.000000,20,OPTSTK,NFO,5.000000,601,False
135053,PAGEIND29SEP2632000PE,PAGEIND,29SEP2026,3200000.000000,20,OPTSTK,NFO,5.000000,601,False
135059,PAGEIND29SEP2635000CE,PAGEIND,29SEP2026,3500000.000000,20,OPTSTK,NFO,5.000000,601,False
135612,PATANJALI29SEP26280PE,PATANJALI,29SEP2026,28000.000000,1075,OPTSTK,NFO,5.000000,64501,False
66617,COLPAL29SEP261780CE,COLPAL,29SEP2026,178000.000000,275,OPTSTK,NFO,5.000000,11001,False
66618,COLPAL29SEP261780PE,COLPAL,29SEP2026,178000.000000,275,OPTSTK,NFO,5.000000,11001,False
66627,COLPAL29SEP261980CE,COLPAL,29SEP2026,198000.000000,275,OPTSTK,NFO,5.000000,11001,False
66628,COLPAL29SEP261980PE,COLPAL,29SEP2026,198000.000000,275,OPTSTK,NFO,5.000000,11001,False
135613,PATANJALI29SEP26290CE,PATANJALI,29SEP2026,29000.000000,1075,OPTSTK,NFO,5.000000,64501,False
135671,PATANJALI29SEP26350CE,PATANJALI,29SEP2026,35000.000000,1075,OPTSTK,NFO,5.000000,64501,False
135680,PATANJALI29SEP26390PE,PATANJALI,29SEP2026,39000.000000,1075,OPTSTK,NFO,5.000000,64501,False
135689,PATANJALI29SEP26420CE,PATANJALI,29SEP2026,42000.000000,1075,OPTSTK,NFO,5.000000,64501,False
66640,COLPAL29SEP262140PE,COLPAL,29SEP2026,214000.000000,275,OPTSTK,NFO,5.000000,11001,False
66652,COLPAL29SEP262300PE,COLPAL,29SEP2026,230000.000000,275,OPTSTK,NFO,5.000000,11001,False
66715,ABB27OCT268100PE,ABB,27OCT2026,810000.000000,125,OPTSTK,NFO,5.000000,3751,False
66717,ABB27OCT268300PE,ABB,27OCT2026,830000.000000,125,OPTSTK,NFO,5.000000,3751,False
135923,PAYTM29SEP261240PE,PAYTM,29SEP2026,124000.000000,725,OPTSTK,NFO,5.000000,14501,False
135930,PAYTM29SEP261400CE,PAYTM,29SEP2026,140000.000000,725,OPTSTK,NFO,5.000000,14501,False
135937,PAYTM29SEP261520PE,PAYTM,29SEP2026,152000.000000,725,OPTSTK,NFO,5.000000,14501,False
135938,PAYTM29SEP261600CE,PAYTM,29SEP2026,160000.000000,725,OPTSTK,NFO,5.000000,14501,False
66768,COLPAL27OCT261640CE,COLPAL,27OCT2026,164000.000000,275,OPTSTK,NFO,5.000000,11001,False
66813,ABB23NOV267000PE,ABB,23NOV2026,700000.000000,125,OPTSTK,NFO,5.000000,3751,False
66816,COLPAL27OCT261760PE,COLPAL,27OCT2026,176000.000000,275,OPTSTK,NFO,5.000000,11001,False
66830,ABB23NOV267400CE,ABB,23NOV2026,740000.000000,125,OPTSTK,NFO,5.000000,3751,False
135986,PERSISTENT29SEP265000CE,PERSISTENT,29SEP2026,500000.000000,125,OPTSTK,NFO,5.000000,3751,False
136063,PERSISTENT29SEP265800PE,PERSISTENT,29SEP2026,580000.000000,125,OPTSTK,NFO,5.000000,3751,False
136064,PERSISTENT29SEP266000CE,PERSISTENT,29SEP2026,600000.000000,125,OPTSTK,NFO,5.000000,3751,False
136065,PERSISTENT29SEP266000PE,PERSISTENT,29SEP2026,600000.000000,125,OPTSTK,NFO,5.000000,3751,False
66857,COLPAL27OCT261880CE,COLPAL,27OCT2026,188000.000000,275,OPTSTK,NFO,5.000000,11001,False
66860,COLPAL27OCT261920PE,COLPAL,27OCT2026,192000.000000,275,OPTSTK,NFO,5.000000,11001,False
66862,COLPAL27OCT261960PE,COLPAL,27OCT2026,196000.000000,275,OPTSTK,NFO,5.000000,11001,False
66871,ABB23NOV268000PE,ABB,23NOV2026,800000.000000,125,OPTSTK,NFO,5.000000,3751,False
136070,PERSISTENT29SEP266400PE,PERSISTENT,29SEP2026,640000.000000,125,OPTSTK,NFO,5.000000,3751,False
136126,PETRONET29SEP26290CE,PETRONET,29SEP2026,29000.000000,1900,OPTSTK,NFO,5.000000,76001,False
136232,PETRONET29SEP26330PE,PETRONET,29SEP2026,33000.000000,1900,OPTSTK,NFO,5.000000,76001,False
136772,PFC29SEP26420CE,PFC,29SEP2026,42000.000000,1300,OPTSTK,NFO,5.000000,52001,False
66975,CONCOR29SEP26455CE,CONCOR,29SEP2026,45500.000000,1250,OPTSTK,NFO,5.000000,50001,False
66997,CONCOR29SEP26515CE,CONCOR,29SEP2026,51500.000000,1250,OPTSTK,NFO,5.000000,50001,False
66998,CONCOR29SEP26515PE,CONCOR,29SEP2026,51500.000000,1250,OPTSTK,NFO,5.000000,50001,False
67070,ABCAPITAL27OCT26405PE,ABCAPITAL,27OCT2026,40500.000000,3100,OPTSTK,NFO,5.000000,62001,False
136775,PFC29SEP26430PE,PFC,29SEP2026,43000.000000,1300,OPTSTK,NFO,5.000000,52001,False
137191,PGEL29SEP26500CE,PGEL,29SEP2026,50000.000000,950,OPTSTK,NFO,5.000000,38001,False
137199,PGEL29SEP26580CE,PGEL,29SEP2026,58000.000000,950,OPTSTK,NFO,5.000000,38001,False
137615,PHOENIXLTD29SEP261880CE,PHOENIXLTD,29SEP2026,188000.000000,350,OPTSTK,NFO,5.000000,14001,False
137617,PHOENIXLTD29SEP261920CE,PHOENIXLTD,29SEP2026,192000.000000,350,OPTSTK,NFO,5.000000,14001,False
137618,PHOENIXLTD29SEP261920PE,PHOENIXLTD,29SEP2026,192000.000000,350,OPTSTK,NFO,5.000000,14001,False
137627,PHOENIXLTD29SEP262120CE,PHOENIXLTD,29SEP2026,212000.000000,350,OPTSTK,NFO,5.000000,14001,False
137797,PIDILITIND29SEP261720CE,PIDILITIND,29SEP2026,172000.000000,500,OPTSTK,NFO,5.000000,15001,False
67084,CONCOR29SEP26585CE,CONCOR,29SEP2026,58500.000000,1250,OPTSTK,NFO,5.000000,50001,False
67134,ABCAPITAL27OCT26445PE,ABCAPITAL,27OCT2026,44500.000000,3100,OPTSTK,NFO,5.000000,62001,False
67175,ABCAPITAL23NOV26340PE,ABCAPITAL,23NOV2026,34000.000000,3100,OPTSTK,NFO,5.000000,62001,False
67200,ABCAPITAL23NOV26430PE,ABCAPITAL,23NOV2026,43000.000000,3100,OPTSTK,NFO,5.000000,62001,False
67202,ABCAPITAL23NOV26440PE,ABCAPITAL,23NOV2026,44000.000000,3100,OPTSTK,NFO,5.000000,62001,False
67205,CONCOR27OCT26420PE,CONCOR,27OCT2026,42000.000000,1250,OPTSTK,NFO,5.000000,50001,False
67258,CONCOR27OCT26470PE,CONCOR,27OCT2026,47000.000000,1250,OPTSTK,NFO,5.000000,50001,False
67280,CONCOR27OCT26540PE,CONCOR,27OCT2026,54000.000000,1250,OPTSTK,NFO,5.000000,50001,False
137810,PIDILITIND29SEP261920PE,PIDILITIND,29SEP2026,192000.000000,500,OPTSTK,NFO,5.000000,15001,False
138377,PIIND29SEP262200CE,PIIND,29SEP2026,220000.000000,175,OPTSTK,NFO,5.000000,8751,False
138921,PNB29SEP26106CE,PNB,29SEP2026,10600.000000,8000,OPTSTK,NFO,1.000000,240001,False
138922,PNB29SEP26106PE,PNB,29SEP2026,10600.000000,8000,OPTSTK,NFO,1.000000,240001,False
67286,ABCAPITAL23NOV26480PE,ABCAPITAL,23NOV2026,48000.000000,3100,OPTSTK,NFO,5.000000,62001,False
67296,CONCOR27OCT26580PE,CONCOR,27OCT2026,58000.000000,1250,OPTSTK,NFO,5.000000,50001,False
67347,ADANIENSOL27OCT261540CE,ADANIENSOL,27OCT2026,154000.000000,675,OPTSTK,NFO,5.000000,13501,False
67349,ADANIENSOL27OCT261580CE,ADANIENSOL,27OCT2026,158000.000000,675,OPTSTK,NFO,5.000000,13501,False
138929,PNB29SEP26110CE,PNB,29SEP2026,11000.000000,8000,OPTSTK,NFO,1.000000,240001,False
139157,PNBHOUSING29SEP26920CE,PNBHOUSING,29SEP2026,92000.000000,650,OPTSTK,NFO,5.000000,19501,False
139282,PNBHOUSING29SEP261320CE,PNBHOUSING,29SEP2026,132000.000000,650,OPTSTK,NFO,5.000000,19501,False
139635,POLICYBZR29SEP261960CE,POLICYBZR,29SEP2026,196000.000000,350,OPTSTK,NFO,5.000000,14001,False
67367,ADANIENSOL27OCT261700CE,ADANIENSOL,27OCT2026,170000.000000,675,OPTSTK,NFO,5.000000,13501,False
67440,CROMPTON29SEP26215PE,CROMPTON,29SEP2026,21500.000000,2150,OPTSTK,NFO,1.000000,86001,False
67441,CROMPTON29SEP26225CE,CROMPTON,29SEP2026,22500.000000,2150,OPTSTK,NFO,1.000000,86001,False
67480,CROMPTON29SEP26275CE,CROMPTON,29SEP2026,27500.000000,2150,OPTSTK,NFO,1.000000,86001,False
139640,POLICYBZR29SEP262040PE,POLICYBZR,29SEP2026,204000.000000,350,OPTSTK,NFO,5.000000,14001,False
140326,POLYCAB29SEP269200CE,POLYCAB,29SEP2026,920000.000000,125,OPTSTK,NFO,5.000000,2501,False
140343,POLYCAB29SEP269600CE,POLYCAB,29SEP2026,960000.000000,125,OPTSTK,NFO,5.000000,2501,False
140344,POLYCAB29SEP269600PE,POLYCAB,29SEP2026,960000.000000,125,OPTSTK,NFO,5.000000,2501,False
67484,CROMPTON29SEP26285CE,CROMPTON,29SEP2026,28500.000000,2150,OPTSTK,NFO,1.000000,86001,False
67485,CROMPTON29SEP26285PE,CROMPTON,29SEP2026,28500.000000,2150,OPTSTK,NFO,1.000000,86001,False
67486,CROMPTON29SEP26295CE,CROMPTON,29SEP2026,29500.000000,2150,OPTSTK,NFO,1.000000,86001,False
67489,ADANIENSOL23NOV261600PE,ADANIENSOL,23NOV2026,160000.000000,675,OPTSTK,NFO,5.000000,13501,False
140378,POLYCAB29SEP2610400PE,POLYCAB,29SEP2026,1040000.000000,125,OPTSTK,NFO,5.000000,2501,False
140398,POLYCAB29SEP2610600CE,POLYCAB,29SEP2026,1060000.000000,125,OPTSTK,NFO,5.000000,2501,False
140838,POWERGRID29SEP26285CE,POWERGRID,29SEP2026,28500.000000,1900,OPTSTK,NFO,5.000000,76001,False
140933,POWERGRID29SEP26320PE,POWERGRID,29SEP2026,32000.000000,1900,OPTSTK,NFO,5.000000,76001,False
67499,ADANIENSOL23NOV261680PE,ADANIENSOL,23NOV2026,168000.000000,675,OPTSTK,NFO,5.000000,13501,False
67518,CROMPTON27OCT26190CE,CROMPTON,27OCT2026,19000.000000,2150,OPTSTK,NFO,1.000000,86001,False
67520,CROMPTON27OCT26200CE,CROMPTON,27OCT2026,20000.000000,2150,OPTSTK,NFO,1.000000,86001,False
67603,CUMMINSIND29SEP265500CE,CUMMINSIND,29SEP2026,550000.000000,200,OPTSTK,NFO,5.000000,4001,False
141703,POWERINDIA29SEP2634000PE,POWERINDIA,29SEP2026,3400000.000000,25,OPTSTK,NFO,5.000000,751,False
141940,PREMIERENE29SEP26840CE,PREMIERENE,29SEP2026,84000.000000,650,OPTSTK,NFO,5.000000,26001,False
141947,PREMIERENE29SEP26960PE,PREMIERENE,29SEP2026,96000.000000,650,OPTSTK,NFO,5.000000,26001,False
141948,PREMIERENE29SEP261000CE,PREMIERENE,29SEP2026,100000.000000,650,OPTSTK,NFO,5.000000,26001,False
67647,CUMMINSIND27OCT264600PE,CUMMINSIND,27OCT2026,460000.000000,200,OPTSTK,NFO,5.000000,4001,False
67651,CUMMINSIND27OCT265000PE,CUMMINSIND,27OCT2026,500000.000000,200,OPTSTK,NFO,5.000000,4001,False
67659,CUMMINSIND27OCT265600PE,CUMMINSIND,27OCT2026,560000.000000,200,OPTSTK,NFO,5.000000,4001,False
67715,DABUR29SEP26435PE,DABUR,29SEP2026,43500.000000,1250,OPTSTK,NFO,5.000000,50001,False
141955,PREMIERENE29SEP261120PE,PREMIERENE,29SEP2026,112000.000000,650,OPTSTK,NFO,5.000000,26001,False
142206,PRESTIGE29SEP261440CE,PRESTIGE,29SEP2026,144000.000000,450,OPTSTK,NFO,5.000000,13501,False
142228,PRESTIGE29SEP261720CE,PRESTIGE,29SEP2026,172000.000000,450,OPTSTK,NFO,5.000000,13501,False
142229,PRESTIGE29SEP261720PE,PRESTIGE,29SEP2026,172000.000000,450,OPTSTK,NFO,5.000000,13501,False
67722,ADANIENT27OCT262550PE,ADANIENT,27OCT2026,255000.000000,309,OPTSTK,NFO,5.000000,9271,False
67728,ADANIENT27OCT262750CE,ADANIENT,27OCT2026,275000.000000,309,OPTSTK,NFO,5.000000,9271,False
67730,ADANIENT27OCT262850CE,ADANIENT,27OCT2026,285000.000000,309,OPTSTK,NFO,5.000000,9271,False
67785,NIFTY26DEC2825000PE,NIFTY,26DEC2028,2500000.000000,65,OPTIDX,NFO,5.000000,1801,False
142251,PRESTIGE29SEP261880PE,PRESTIGE,29SEP2026,188000.000000,450,OPTSTK,NFO,5.000000,13501,False
142587,RADICO29SEP264700PE,RADICO,29SEP2026,470000.000000,150,OPTSTK,NFO,5.000000,6001,False
142677,RADICO29SEP265000CE,RADICO,29SEP2026,500000.000000,150,OPTSTK,NFO,5.000000,6001,False
143316,RBLBANK29SEP26320CE,RBLBANK,29SEP2026,32000.000000,3175,OPTSTK,NFO,5.000000,63501,False
67794,NIFTY26DEC2830000CE,NIFTY,26DEC2028,3000000.000000,65,OPTIDX,NFO,5.000000,1801,False
67839,DABUR27OCT26430PE,DABUR,27OCT2026,43000.000000,1250,OPTSTK,NFO,5.000000,50001,False
67895,ADANIENT23NOV262800CE,ADANIENT,23NOV2026,280000.000000,309,OPTSTK,NFO,5.000000,9271,False
67913,ADANIENT23NOV263600CE,ADANIENT,23NOV2026,360000.000000,309,OPTSTK,NFO,5.000000,9271,False
143353,RBLBANK29SEP26360CE,RBLBANK,29SEP2026,36000.000000,3175,OPTSTK,NFO,5.000000,63501,False
143363,RBLBANK29SEP26390CE,RBLBANK,29SEP2026,39000.000000,3175,OPTSTK,NFO,5.000000,63501,False
143364,RBLBANK29SEP26390PE,RBLBANK,29SEP2026,39000.000000,3175,OPTSTK,NFO,5.000000,63501,False
143365,RBLBANK29SEP26400CE,RBLBANK,29SEP2026,40000.000000,3175,OPTSTK,NFO,5.000000,63501,False
67965,ADANIGREEN27OCT261140PE,ADANIGREEN,27OCT2026,114000.000000,600,OPTSTK,NFO,5.000000,18001,False
67978,ADANIGREEN27OCT261380CE,ADANIGREEN,27OCT2026,138000.000000,600,OPTSTK,NFO,5.000000,18001,False
67983,ADANIGREEN27OCT261460PE,ADANIGREEN,27OCT2026,146000.000000,600,OPTSTK,NFO,5.000000,18001,False
68035,DELHIVERY29SEP26395PE,DELHIVERY,29SEP2026,39500.000000,2075,OPTSTK,NFO,5.000000,62251,False
143424,RBLBANK29SEP26440PE,RBLBANK,29SEP2026,44000.000000,3175,OPTSTK,NFO,5.000000,63501,False
143432,RBLBANK29SEP26460PE,RBLBANK,29SEP2026,46000.000000,3175,OPTSTK,NFO,5.000000,63501,False
143601,RECLTD29SEP26260CE,RECLTD,29SEP2026,26000.000000,1575,OPTSTK,NFO,5.000000,63001,False
143685,RECLTD29SEP26340CE,RECLTD,29SEP2026,34000.000000,1575,OPTSTK,NFO,5.000000,63001,False
68039,DELHIVERY29SEP26415PE,DELHIVERY,29SEP2026,41500.000000,2075,OPTSTK,NFO,5.000000,62251,False
68044,DELHIVERY29SEP26445CE,DELHIVERY,29SEP2026,44500.000000,2075,OPTSTK,NFO,5.000000,62251,False
68053,DELHIVERY29SEP26475PE,DELHIVERY,29SEP2026,47500.000000,2075,OPTSTK,NFO,5.000000,62251,False
68071,ADANIGREEN23NOV26960CE,ADANIGREEN,23NOV2026,96000.000000,600,OPTSTK,NFO,5.000000,18001,False
143690,RECLTD29SEP26350PE,RECLTD,29SEP2026,35000.000000,1575,OPTSTK,NFO,5.000000,63001,False
144379,RELIANCE29SEP261120PE,RELIANCE,29SEP2026,112000.000000,500,OPTSTK,NFO,5.000000,20001,False
144396,RELIANCE29SEP261300CE,RELIANCE,29SEP2026,130000.000000,500,OPTSTK,NFO,5.000000,20001,False
144397,RELIANCE29SEP261300PE,RELIANCE,29SEP2026,130000.000000,500,OPTSTK,NFO,5.000000,20001,False
68077,ADANIGREEN23NOV261080CE,ADANIGREEN,23NOV2026,108000.000000,600,OPTSTK,NFO,5.000000,18001,False
68081,ADANIGREEN23NOV261160CE,ADANIGREEN,23NOV2026,116000.000000,600,OPTSTK,NFO,5.000000,18001,False
68082,ADANIGREEN23NOV261160PE,ADANIGREEN,23NOV2026,116000.000000,600,OPTSTK,NFO,5.000000,18001,False
68118,ADANIGREEN23NOV261360PE,ADANIGREEN,23NOV2026,136000.000000,600,OPTSTK,NFO,5.000000,18001,False
144401,RELIANCE29SEP261340PE,RELIANCE,29SEP2026,134000.000000,500,OPTSTK,NFO,5.000000,20001,False
144402,RELIANCE29SEP261360CE,RELIANCE,29SEP2026,136000.000000,500,OPTSTK,NFO,5.000000,20001,False
144405,RELIANCE29SEP261380PE,RELIANCE,29SEP2026,138000.000000,500,OPTSTK,NFO,5.000000,20001,False
144483,RELIANCE29SEP261440PE,RELIANCE,29SEP2026,144000.000000,500,OPTSTK,NFO,5.000000,20001,False
68134,ADANIGREEN23NOV261440PE,ADANIGREEN,23NOV2026,144000.000000,600,OPTSTK,NFO,5.000000,18001,False
68145,DELHIVERY27OCT26430CE,DELHIVERY,27OCT2026,43000.000000,2075,OPTSTK,NFO,5.000000,62251,False
68158,ADANIGREEN23NOV261600PE,ADANIGREEN,23NOV2026,160000.000000,600,OPTSTK,NFO,5.000000,18001,False
68191,DELHIVERY27OCT26510PE,DELHIVERY,27OCT2026,51000.000000,2075,OPTSTK,NFO,5.000000,62251,False
144486,RELIANCE29SEP261480CE,RELIANCE,29SEP2026,148000.000000,500,OPTSTK,NFO,5.000000,20001,False
144819,RVNL29SEP26180CE,RVNL,29SEP2026,18000.000000,1925,OPTSTK,NFO,1.000000,96251,False
144820,RVNL29SEP26180PE,RVNL,29SEP2026,18000.000000,1925,OPTSTK,NFO,1.000000,96251,False
144821,RVNL29SEP26190CE,RVNL,29SEP2026,19000.000000,1925,OPTSTK,NFO,1.000000,96251,False
68206,DELHIVERY27OCT26540CE,DELHIVERY,27OCT2026,54000.000000,2075,OPTSTK,NFO,5.000000,62251,False
68218,ADANIPORTS27OCT261340CE,ADANIPORTS,27OCT2026,134000.000000,475,OPTSTK,NFO,5.000000,14251,False
68228,ADANIPORTS27OCT261460CE,ADANIPORTS,27OCT2026,146000.000000,475,OPTSTK,NFO,5.000000,14251,False
68232,ADANIPORTS27OCT261460PE,ADANIPORTS,27OCT2026,146000.000000,475,OPTSTK,NFO,5.000000,14251,False
144823,RVNL29SEP26190PE,RVNL,29SEP2026,19000.000000,1925,OPTSTK,NFO,1.000000,96251,False
144896,RVNL29SEP26220CE,RVNL,29SEP2026,22000.000000,1925,OPTSTK,NFO,1.000000,96251,False
144909,RVNL29SEP26240PE,RVNL,29SEP2026,24000.000000,1925,OPTSTK,NFO,1.000000,96251,False
144915,RVNL29SEP26270PE,RVNL,29SEP2026,27000.000000,1925,OPTSTK,NFO,1.000000,96251,False
68277,ADANIPORTS27OCT261900CE,ADANIPORTS,27OCT2026,190000.000000,475,OPTSTK,NFO,5.000000,14251,False
68412,NIFTYNXT5029SEP26FUT,NIFTYNXT50,29SEP2026,-1.000000,25,FUTIDX,NFO,20.000000,601,False
68358,DIVISLAB29SEP267300CE,DIVISLAB,29SEP2026,730000.000000,100,OPTSTK,NFO,5.000000,3001,False
68382,DIVISLAB29SEP268700PE,DIVISLAB,29SEP2026,870000.000000,100,OPTSTK,NFO,5.000000,3001,False
144917,RVNL29SEP26280PE,RVNL,29SEP2026,28000.000000,1925,OPTSTK,NFO,1.000000,96251,False
145477,SAIL29SEP26180CE,SAIL,29SEP2026,18000.000000,4700,OPTSTK,NFO,1.000000,141001,False
145513,SAIL29SEP26195CE,SAIL,29SEP2026,19500.000000,4700,OPTSTK,NFO,1.000000,141001,False
145515,SAIL29SEP26200CE,SAIL,29SEP2026,20000.000000,4700,OPTSTK,NFO,1.000000,141001,False
68413,360ONE29SEP26FUT,360ONE,29SEP2026,-1.000000,500,FUTSTK,NFO,10.000000,20001,False
68414,ABB29SEP26FUT,ABB,29SEP2026,-1.000000,125,FUTSTK,NFO,50.000000,3751,False
68417,ADANIENT29SEP26FUT,ADANIENT,29SEP2026,-1.000000,309,FUTSTK,NFO,10.000000,9271,False
145518,SAIL29SEP26205PE,SAIL,29SEP2026,20500.000000,4700,OPTSTK,NFO,1.000000,141001,False
145519,SAIL29SEP26210CE,SAIL,29SEP2026,21000.000000,4700,OPTSTK,NFO,1.000000,141001,False
145523,SAIL29SEP26220CE,SAIL,29SEP2026,22000.000000,4700,OPTSTK,NFO,1.000000,141001,False
145623,SBICARD29SEP26580PE,SBICARD,29SEP2026,58000.000000,800,OPTSTK,NFO,5.000000,40001,False
68450,BHEL29SEP26FUT,BHEL,29SEP2026,-1.000000,2625,FUTSTK,NFO,5.000000,52501,False
68451,BIOCON29SEP26FUT,BIOCON,29SEP2026,-1.000000,2500,FUTSTK,NFO,5.000000,50001,False
68454,BPCL29SEP26FUT,BPCL,29SEP2026,-1.000000,1975,FUTSTK,NFO,5.000000,79001,False
68455,BRITANNIA29SEP26FUT,BRITANNIA,29SEP2026,-1.000000,125,FUTSTK,NFO,50.000000,5001,False
145713,SBICARD29SEP26660PE,SBICARD,29SEP2026,66000.000000,800,OPTSTK,NFO,5.000000,40001,False
146292,SBILIFE29SEP261560CE,SBILIFE,29SEP2026,156000.000000,375,OPTSTK,NFO,5.000000,15001,False
146309,SBILIFE29SEP261760PE,SBILIFE,29SEP2026,176000.000000,375,OPTSTK,NFO,5.000000,15001,False
146347,SBILIFE29SEP261840PE,SBILIFE,29SEP2026,184000.000000,375,OPTSTK,NFO,5.000000,15001,False
146409,SBILIFE29SEP262000PE,SBILIFE,29SEP2026,200000.000000,375,OPTSTK,NFO,5.000000,15001,False
146925,SBIN29SEP26920PE,SBIN,29SEP2026,92000.000000,750,OPTSTK,NFO,5.000000,22501,False
146934,SBIN29SEP26960CE,SBIN,29SEP2026,96000.000000,750,OPTSTK,NFO,5.000000,22501,False
147532,SHREECEM29SEP2622000PE,SHREECEM,29SEP2026,2200000.000000,25,OPTSTK,NFO,5.000000,1001,False
68462,CIPLA29SEP26FUT,CIPLA,29SEP2026,-1.000000,425,FUTSTK,NFO,10.000000,17001,False
68483,GLENMARK29SEP26FUT,GLENMARK,29SEP2026,-1.000000,375,FUTSTK,NFO,10.000000,11251,False
68486,GODREJCP29SEP26FUT,GODREJCP,29SEP2026,-1.000000,500,FUTSTK,NFO,5.000000,25001,False
68520,HCLTECH29SEP26FUT,HCLTECH,29SEP2026,-1.000000,400,FUTSTK,NFO,10.000000,20001,False
147547,SHREECEM29SEP2625500CE,SHREECEM,29SEP2026,2550000.000000,25,OPTSTK,NFO,5.000000,1001,False
147579,SHREECEM29SEP2628000CE,SHREECEM,29SEP2026,2800000.000000,25,OPTSTK,NFO,5.000000,1001,False
147690,SHREECEM29SEP2630500CE,SHREECEM,29SEP2026,3050000.000000,25,OPTSTK,NFO,5.000000,1001,False
148149,SHRIRAMFIN29SEP261080PE,SHRIRAMFIN,29SEP2026,108000.000000,825,OPTSTK,NFO,5.000000,24751,False
68523,ADANIPORTS23NOV261560CE,ADANIPORTS,23NOV2026,156000.000000,475,OPTSTK,NFO,5.000000,14251,False
68534,HDFCBANK29SEP26FUT,HDFCBANK,29SEP2026,-1.000000,650,FUTSTK,NFO,5.000000,32501,False
68535,HDFCLIFE29SEP26FUT,HDFCLIFE,29SEP2026,-1.000000,1100,FUTSTK,NFO,5.000000,44001,False
148288,SIEMENS29SEP263400CE,SIEMENS,29SEP2026,340000.000000,175,OPTSTK,NFO,5.000000,7001,False
148350,SIEMENS29SEP263600PE,SIEMENS,29SEP2026,360000.000000,175,OPTSTK,NFO,5.000000,7001,False
148572,SIEMENS29SEP264600CE,SIEMENS,29SEP2026,460000.000000,175,OPTSTK,NFO,5.000000,7001,False
148915,SOLARINDS29SEP2618000PE,SOLARINDS,29SEP2026,1800000.000000,50,OPTSTK,NFO,5.000000,1501,False
68539,HINDUNILVR29SEP26FUT,HINDUNILVR,29SEP2026,-1.000000,300,FUTSTK,NFO,10.000000,12001,False
68543,ICICIGI29SEP26FUT,ICICIGI,29SEP2026,-1.000000,325,FUTSTK,NFO,10.000000,13001,False
148916,SOLARINDS29SEP2618500CE,SOLARINDS,29SEP2026,1850000.000000,50,OPTSTK,NFO,5.000000,1501,False
149088,SOLARINDS29SEP2621500CE,SOLARINDS,29SEP2026,2150000.000000,50,OPTSTK,NFO,5.000000,1501,False
149092,SOLARINDS29SEP2622500CE,SOLARINDS,29SEP2026,2250000.000000,50,OPTSTK,NFO,5.000000,1501,False
149160,SOLARINDS29SEP2623000CE,SOLARINDS,29SEP2026,2300000.000000,50,OPTSTK,NFO,5.000000,1501,False
68551,INDUSINDBK29SEP26FUT,INDUSINDBK,29SEP2026,-1.000000,700,FUTSTK,NFO,10.000000,28001,False
68557,IRFC29SEP26FUT,IRFC,29SEP2026,-1.000000,5425,FUTSTK,NFO,1.000000,271251,False
149266,SONACOMS29SEP26620CE,SONACOMS,29SEP2026,62000.000000,1225,OPTSTK,NFO,5.000000,36751,False
149270,SONACOMS29SEP26660CE,SONACOMS,29SEP2026,66000.000000,1225,OPTSTK,NFO,5.000000,36751,False
149274,SONACOMS29SEP26700CE,SONACOMS,29SEP2026,70000.000000,1225,OPTSTK,NFO,5.000000,36751,False
149282,SONACOMS29SEP26780CE,SONACOMS,29SEP2026,78000.000000,1225,OPTSTK,NFO,5.000000,36751,False
68572,ADANIPORTS23NOV261840CE,ADANIPORTS,23NOV2026,184000.000000,475,OPTSTK,NFO,5.000000,14251,False
68576,ADANIPORTS23NOV261920CE,ADANIPORTS,23NOV2026,192000.000000,475,OPTSTK,NFO,5.000000,14251,False
68577,DIVISLAB27OCT268400CE,DIVISLAB,27OCT2026,840000.000000,100,OPTSTK,NFO,5.000000,3001,False
149284,SONACOMS29SEP26800CE,SONACOMS,29SEP2026,80000.000000,1225,OPTSTK,NFO,5.000000,36751,False
149285,SONACOMS29SEP26800PE,SONACOMS,29SEP2026,80000.000000,1225,OPTSTK,NFO,5.000000,36751,False
149902,SRF29SEP262300CE,SRF,29SEP2026,230000.000000,200,OPTSTK,NFO,5.000000,8001,False
149932,SRF29SEP262300PE,SRF,29SEP2026,230000.000000,200,OPTSTK,NFO,5.000000,8001,False
68587,DIVISLAB27OCT269000CE,DIVISLAB,27OCT2026,900000.000000,100,OPTSTK,NFO,5.000000,3001,False
68611,KPITTECH29SEP26FUT,KPITTECH,29SEP2026,-1.000000,775,FUTSTK,NFO,5.000000,38751,False
150490,SUNPHARMA29SEP261640PE,SUNPHARMA,29SEP2026,164000.000000,350,OPTSTK,NFO,5.000000,14001,False
150512,SUNPHARMA29SEP261760PE,SUNPHARMA,29SEP2026,176000.000000,350,OPTSTK,NFO,5.000000,14001,False
150664,SUNPHARMA29SEP262040CE,SUNPHARMA,29SEP2026,204000.000000,350,OPTSTK,NFO,5.000000,14001,False
150666,SUNPHARMA29SEP262080CE,SUNPHARMA,29SEP2026,208000.000000,350,OPTSTK,NFO,5.000000,14001,False
68676,ADANIPOWER27OCT26175CE,ADANIPOWER,27OCT2026,17500.000000,3550,OPTSTK,NFO,1.000000,106501,False
68683,ADANIPOWER27OCT26205PE,ADANIPOWER,27OCT2026,20500.000000,3550,OPTSTK,NFO,1.000000,106501,False
68689,ADANIPOWER27OCT26235PE,ADANIPOWER,27OCT2026,23500.000000,3550,OPTSTK,NFO,1.000000,106501,False
150714,SUNPHARMA29SEP262120CE,SUNPHARMA,29SEP2026,212000.000000,350,OPTSTK,NFO,5.000000,14001,False
150725,SUNPHARMA29SEP262160CE,SUNPHARMA,29SEP2026,216000.000000,350,OPTSTK,NFO,5.000000,14001,False
150727,SUNPHARMA29SEP262200CE,SUNPHARMA,29SEP2026,220000.000000,350,OPTSTK,NFO,5.000000,14001,False
151234,SUZLON29SEP2636CE,SUZLON,29SEP2026,3600.000000,12700,OPTSTK,NFO,1.000000,381001,False
68700,MOTHERSON29SEP26FUT,MOTHERSON,29SEP2026,-1.000000,6150,FUTSTK,NFO,1.000000,184501,False
68720,DIXON29SEP2611750PE,DIXON,29SEP2026,1175000.000000,50,OPTSTK,NFO,5.000000,1501,False
68723,DIXON29SEP2612750CE,DIXON,29SEP2026,1275000.000000,50,OPTSTK,NFO,5.000000,1501,False
68728,DIXON29SEP2613750PE,DIXON,29SEP2026,1375000.000000,50,OPTSTK,NFO,5.000000,1501,False
151252,SUZLON29SEP2656CE,SUZLON,29SEP2026,5600.000000,12700,OPTSTK,NFO,1.000000,381001,False
151264,SUZLON29SEP2668CE,SUZLON,29SEP2026,6800.000000,12700,OPTSTK,NFO,1.000000,381001,False
151500,SWIGGY29SEP26230CE,SWIGGY,29SEP2026,23000.000000,1825,OPTSTK,NFO,5.000000,73001,False
151507,SWIGGY29SEP26250PE,SWIGGY,29SEP2026,25000.000000,1825,OPTSTK,NFO,5.000000,73001,False
68765,PIIND29SEP26FUT,PIIND,29SEP2026,-1.000000,175,FUTSTK,NFO,10.000000,8751,False
68767,PNBHOUSING29SEP26FUT,PNBHOUSING,29SEP2026,-1.000000,650,FUTSTK,NFO,10.000000,19501,False
151566,SWIGGY29SEP26330CE,SWIGGY,29SEP2026,33000.000000,1825,OPTSTK,NFO,5.000000,73001,False
151569,SWIGGY29SEP26340PE,SWIGGY,29SEP2026,34000.000000,1825,OPTSTK,NFO,5.000000,73001,False
151961,TATACONSUM29SEP261060PE,TATACONSUM,29SEP2026,106000.000000,550,OPTSTK,NFO,5.000000,22001,False
152023,TATACONSUM29SEP261220CE,TATACONSUM,29SEP2026,122000.000000,550,OPTSTK,NFO,5.000000,22001,False
68797,TCS29SEP26FUT,TCS,29SEP2026,-1.000000,225,FUTSTK,NFO,10.000000,9001,False
68799,TIINDIA29SEP26FUT,TIINDIA,29SEP2026,-1.000000,200,FUTSTK,NFO,10.000000,8001,False
68809,ADANIPOWER23NOV26180PE,ADANIPOWER,23NOV2026,18000.000000,3550,OPTSTK,NFO,1.000000,106501,False
152027,TATACONSUM29SEP261260CE,TATACONSUM,29SEP2026,126000.000000,550,OPTSTK,NFO,5.000000,22001,False
152031,TATACONSUM29SEP261280CE,TATACONSUM,29SEP2026,128000.000000,550,OPTSTK,NFO,5.000000,22001,False
152672,TATAELXSI29SEP263900CE,TATAELXSI,29SEP2026,390000.000000,125,OPTSTK,NFO,5.000000,6251,False
152676,TATAELXSI29SEP264100CE,TATAELXSI,29SEP2026,410000.000000,125,OPTSTK,NFO,5.000000,6251,False
68819,ADANIPOWER23NOV26230PE,ADANIPOWER,23NOV2026,23000.000000,3550,OPTSTK,NFO,1.000000,106501,False
68870,YESBANK29SEP26FUT,YESBANK,29SEP2026,-1.000000,31100,FUTSTK,NFO,1.000000,933001,False
68892,ALKEM27OCT264750CE,ALKEM,27OCT2026,475000.000000,125,OPTSTK,NFO,5.000000,5001,False
68906,ALKEM27OCT265150CE,ALKEM,27OCT2026,515000.000000,125,OPTSTK,NFO,5.000000,5001,False
152680,TATAELXSI29SEP264300CE,TATAELXSI,29SEP2026,430000.000000,125,OPTSTK,NFO,5.000000,6251,False
152970,TATAPOWER29SEP26290PE,TATAPOWER,29SEP2026,29000.000000,1450,OPTSTK,NFO,5.000000,58001,False
152971,TATAPOWER29SEP26300CE,TATAPOWER,29SEP2026,30000.000000,1450,OPTSTK,NFO,5.000000,58001,False
152978,TATAPOWER29SEP26330PE,TATAPOWER,29SEP2026,33000.000000,1450,OPTSTK,NFO,5.000000,58001,False
68924,ALKEM27OCT265650CE,ALKEM,27OCT2026,565000.000000,125,OPTSTK,NFO,5.000000,5001,False
68943,ALKEM27OCT265850PE,ALKEM,27OCT2026,585000.000000,125,OPTSTK,NFO,5.000000,5001,False
68949,DIXON27OCT2613500PE,DIXON,27OCT2026,1350000.000000,50,OPTSTK,NFO,5.000000,1501,False
68951,DIXON27OCT2614000PE,DIXON,27OCT2026,1400000.000000,50,OPTSTK,NFO,5.000000,1501,False
153216,TATAPOWER29SEP26350CE,TATAPOWER,29SEP2026,35000.000000,1450,OPTSTK,NFO,5.000000,58001,False
153792,TATASTEEL29SEP26155CE,TATASTEEL,29SEP2026,15500.000000,2750,OPTSTK,NFO,1.000000,137501,False
153804,TATASTEEL29SEP26185CE,TATASTEEL,29SEP2026,18500.000000,2750,OPTSTK,NFO,1.000000,137501,False
153806,TATASTEEL29SEP26190CE,TATASTEEL,29SEP2026,19000.000000,2750,OPTSTK,NFO,1.000000,137501,False
68959,DIXON27OCT2615500PE,DIXON,27OCT2026,1550000.000000,50,OPTSTK,NFO,5.000000,1501,False
68960,DIXON27OCT2616000CE,DIXON,27OCT2026,1600000.000000,50,OPTSTK,NFO,5.000000,1501,False
69033,ALKEM23NOV264400PE,ALKEM,23NOV2026,440000.000000,125,OPTSTK,NFO,5.000000,5001,False
69072,ALKEM23NOV266200PE,ALKEM,23NOV2026,620000.000000,125,OPTSTK,NFO,5.000000,5001,False
153808,TATASTEEL29SEP26195CE,TATASTEEL,29SEP2026,19500.000000,2750,OPTSTK,NFO,1.000000,137501,False
153815,TATASTEEL29SEP26210PE,TATASTEEL,29SEP2026,21000.000000,2750,OPTSTK,NFO,1.000000,137501,False
153819,TATASTEEL29SEP26220PE,TATASTEEL,29SEP2026,22000.000000,2750,OPTSTK,NFO,1.000000,137501,False
153951,TCS29SEP262000PE,TCS,29SEP2026,200000.000000,225,OPTSTK,NFO,5.000000,9001,False
69116,DLF29SEP26590CE,DLF,29SEP2026,59000.000000,950,OPTSTK,NFO,5.000000,38001,False
69157,DLF27OCT26540PE,DLF,27OCT2026,54000.000000,950,OPTSTK,NFO,5.000000,38001,False
69183,DLF27OCT26780PE,DLF,27OCT2026,78000.000000,950,OPTSTK,NFO,5.000000,38001,False
69260,AMBER27OCT267300PE,AMBER,27OCT2026,730000.000000,100,OPTSTK,NFO,5.000000,3001,False
153962,TCS29SEP262240CE,TCS,29SEP2026,224000.000000,225,OPTSTK,NFO,5.000000,9001,False
153977,TCS29SEP262520PE,TCS,29SEP2026,252000.000000,225,OPTSTK,NFO,5.000000,9001,False
154061,TECHM29SEP261084PE,TECHM,29SEP2026,108400.000000,600,OPTSTK,NFO,5.000000,18001,False
154259,TIINDIA29SEP262300PE,TIINDIA,29SEP2026,230000.000000,200,OPTSTK,NFO,5.000000,8001,False
69262,AMBER27OCT267500PE,AMBER,27OCT2026,750000.000000,100,OPTSTK,NFO,5.000000,3001,False
69265,AMBER27OCT267700CE,AMBER,27OCT2026,770000.000000,100,OPTSTK,NFO,5.000000,3001,False
69266,AMBER27OCT267700PE,AMBER,27OCT2026,770000.000000,100,OPTSTK,NFO,5.000000,3001,False
69310,AMBER23NOV266000PE,AMBER,23NOV2026,600000.000000,100,OPTSTK,NFO,5.000000,3001,False
154269,TIINDIA29SEP262800PE,TIINDIA,29SEP2026,280000.000000,200,OPTSTK,NFO,5.000000,8001,False
154283,TIINDIA29SEP263500PE,TIINDIA,29SEP2026,350000.000000,200,OPTSTK,NFO,5.000000,8001,False
154395,TITAN29SEP264300CE,TITAN,29SEP2026,430000.000000,175,OPTSTK,NFO,5.000000,5251,False
154412,TITAN29SEP265100PE,TITAN,29SEP2026,510000.000000,175,OPTSTK,NFO,5.000000,5251,False
69360,DMART29SEP263650CE,DMART,29SEP2026,365000.000000,150,OPTSTK,NFO,5.000000,6001,False
69388,AMBER23NOV266400PE,AMBER,23NOV2026,640000.000000,100,OPTSTK,NFO,5.000000,3001,False
69396,AMBER23NOV267200PE,AMBER,23NOV2026,720000.000000,100,OPTSTK,NFO,5.000000,3001,False
69411,AMBER23NOV268000CE,AMBER,23NOV2026,800000.000000,100,OPTSTK,NFO,5.000000,3001,False
154421,TITAN29SEP265500CE,TITAN,29SEP2026,550000.000000,175,OPTSTK,NFO,5.000000,5251,False
154589,TMPV29SEP26250PE,TMPV,29SEP2026,25000.000000,1600,OPTSTK,NFO,5.000000,64001,False
154593,TMPV29SEP26270PE,TMPV,29SEP2026,27000.000000,1600,OPTSTK,NFO,5.000000,64001,False
154595,TMPV29SEP26280PE,TMPV,29SEP2026,28000.000000,1600,OPTSTK,NFO,5.000000,64001,False
69422,AMBER23NOV268200CE,AMBER,23NOV2026,820000.000000,100,OPTSTK,NFO,5.000000,3001,False
69564,BANKNIFTY29SEP2650000CE,BANKNIFTY,29SEP2026,5000000.000000,30,OPTIDX,NFO,5.000000,601,False
69565,BANKNIFTY29SEP2650000PE,BANKNIFTY,29SEP2026,5000000.000000,30,OPTIDX,NFO,5.000000,601,False
69600,AMBUJACEM27OCT26345PE,AMBUJACEM,27OCT2026,34500.000000,1200,OPTSTK,NFO,5.000000,60001,False
154607,TMPV29SEP26340PE,TMPV,29SEP2026,34000.000000,1600,OPTSTK,NFO,5.000000,64001,False
154611,TMPV29SEP26360PE,TMPV,29SEP2026,36000.000000,1600,OPTSTK,NFO,5.000000,64001,False
154615,TMPV29SEP26380PE,TMPV,29SEP2026,38000.000000,1600,OPTSTK,NFO,5.000000,64001,False
154616,TMPV29SEP26390CE,TMPV,29SEP2026,39000.000000,1600,OPTSTK,NFO,5.000000,64001,False
69603,AMBUJACEM27OCT26365CE,AMBUJACEM,27OCT2026,36500.000000,1200,OPTSTK,NFO,5.000000,60001,False
69604,BANKNIFTY29SEP2650500PE,BANKNIFTY,29SEP2026,5050000.000000,30,OPTIDX,NFO,5.000000,601,False
69621,AMBUJACEM27OCT26385CE,AMBUJACEM,27OCT2026,38500.000000,1200,OPTSTK,NFO,5.000000,60001,False
69627,DMART27OCT263200CE,DMART,27OCT2026,320000.000000,150,OPTSTK,NFO,5.000000,6001,False
69630,DMART27OCT263300PE,DMART,27OCT2026,330000.000000,150,OPTSTK,NFO,5.000000,6001,False
69666,BANKNIFTY29SEP2652000CE,BANKNIFTY,29SEP2026,5200000.000000,30,OPTIDX,NFO,5.000000,601,False
69714,AMBUJACEM27OCT26445CE,AMBUJACEM,27OCT2026,44500.000000,1200,OPTSTK,NFO,5.000000,60001,False
69721,BANKNIFTY29SEP2654400PE,BANKNIFTY,29SEP2026,5440000.000000,30,OPTIDX,NFO,5.000000,601,False
154747,TORNTPHARM29SEP264400PE,TORNTPHARM,29SEP2026,440000.000000,125,OPTSTK,NFO,5.000000,5001,False
154752,TORNTPHARM29SEP264700CE,TORNTPHARM,29SEP2026,470000.000000,125,OPTSTK,NFO,5.000000,5001,False
154762,TORNTPHARM29SEP265200CE,TORNTPHARM,29SEP2026,520000.000000,125,OPTSTK,NFO,5.000000,5001,False
154796,TORNTPHARM29SEP265600CE,TORNTPHARM,29SEP2026,560000.000000,125,OPTSTK,NFO,5.000000,5001,False
154799,TORNTPHARM29SEP265700PE,TORNTPHARM,29SEP2026,570000.000000,125,OPTSTK,NFO,5.000000,5001,False
154954,TRENT29SEP262600CE,TRENT,29SEP2026,260000.000000,225,OPTSTK,NFO,5.000000,9001,False
155216,TVSMOTOR29SEP264100CE,TVSMOTOR,29SEP2026,410000.000000,175,OPTSTK,NFO,5.000000,5251,False
155441,ULTRACEMCO29SEP2611560PE,ULTRACEMCO,29SEP2026,1156000.000000,50,OPTSTK,NFO,5.000000,2001,False
69767,BANKNIFTY29SEP2655000CE,BANKNIFTY,29SEP2026,5500000.000000,30,OPTIDX,NFO,5.000000,601,False
69792,BANKNIFTY29SEP2656000PE,BANKNIFTY,29SEP2026,5600000.000000,30,OPTIDX,NFO,5.000000,601,False
69794,BANKNIFTY29SEP2656100PE,BANKNIFTY,29SEP2026,5610000.000000,30,OPTIDX,NFO,5.000000,601,False
69803,BANKNIFTY29SEP2656600CE,BANKNIFTY,29SEP2026,5660000.000000,30,OPTIDX,NFO,5.000000,601,False
69819,BANKNIFTY29SEP2657300PE,BANKNIFTY,29SEP2026,5730000.000000,30,OPTIDX,NFO,5.000000,601,False
69822,BANKNIFTY29SEP2657500CE,BANKNIFTY,29SEP2026,5750000.000000,30,OPTIDX,NFO,5.000000,601,False
69825,BANKNIFTY29SEP2657600PE,BANKNIFTY,29SEP2026,5760000.000000,30,OPTIDX,NFO,5.000000,601,False
69839,BANKNIFTY29SEP2658000PE,BANKNIFTY,29SEP2026,5800000.000000,30,OPTIDX,NFO,5.000000,601,False
155448,ULTRACEMCO29SEP2612360CE,ULTRACEMCO,29SEP2026,1236000.000000,50,OPTSTK,NFO,5.000000,2001,False
155584,UNIONBANK29SEP26145CE,UNIONBANK,29SEP2026,14500.000000,4425,OPTSTK,NFO,1.000000,132751,False
155652,UNITDSPR29SEP261520CE,UNITDSPR,29SEP2026,152000.000000,400,OPTSTK,NFO,5.000000,16001,False
155653,UNITDSPR29SEP261520PE,UNITDSPR,29SEP2026,152000.000000,400,OPTSTK,NFO,5.000000,16001,False
69845,BANKNIFTY29SEP2658200CE,BANKNIFTY,29SEP2026,5820000.000000,30,OPTIDX,NFO,5.000000,601,False
69846,BANKNIFTY29SEP2658200PE,BANKNIFTY,29SEP2026,5820000.000000,30,OPTIDX,NFO,5.000000,601,False
69847,DMART27OCT263700PE,DMART,27OCT2026,370000.000000,150,OPTSTK,NFO,5.000000,6001,False
69848,BANKNIFTY29SEP2658300CE,BANKNIFTY,29SEP2026,5830000.000000,30,OPTIDX,NFO,5.000000,601,False
155752,UNOMINDA29SEP261160CE,UNOMINDA,29SEP2026,116000.000000,550,OPTSTK,NFO,5.000000,22001,False
155660,UNITDSPR29SEP261680CE,UNITDSPR,29SEP2026,168000.000000,400,OPTSTK,NFO,5.000000,16001,False
155746,UNOMINDA29SEP261040CE,UNOMINDA,29SEP2026,104000.000000,550,OPTSTK,NFO,5.000000,22001,False
155748,UNOMINDA29SEP261080CE,UNOMINDA,29SEP2026,108000.000000,550,OPTSTK,NFO,5.000000,22001,False
69853,BANKNIFTY29SEP2658600CE,BANKNIFTY,29SEP2026,5860000.000000,30,OPTIDX,NFO,5.000000,601,False
69864,DMART27OCT264200CE,DMART,27OCT2026,420000.000000,150,OPTSTK,NFO,5.000000,6001,False
69869,BANKNIFTY29SEP2658700PE,BANKNIFTY,29SEP2026,5870000.000000,30,OPTIDX,NFO,5.000000,601,False
69871,BANKNIFTY29SEP2658800PE,BANKNIFTY,29SEP2026,5880000.000000,30,OPTIDX,NFO,5.000000,601,False
155759,UNOMINDA29SEP261280PE,UNOMINDA,29SEP2026,128000.000000,550,OPTSTK,NFO,5.000000,22001,False
155800,UPL29SEP26520CE,UPL,29SEP2026,52000.000000,1355,OPTSTK,NFO,5.000000,40651,False
155819,UPL29SEP26700PE,UPL,29SEP2026,70000.000000,1355,OPTSTK,NFO,5.000000,40651,False
155849,VBL29SEP26320PE,VBL,29SEP2026,32000.000000,1275,OPTSTK,NFO,5.000000,51001,False
69900,BANKNIFTY29SEP2659200PE,BANKNIFTY,29SEP2026,5920000.000000,30,OPTIDX,NFO,5.000000,601,False
69918,BANKNIFTY29SEP2659400PE,BANKNIFTY,29SEP2026,5940000.000000,30,OPTIDX,NFO,5.000000,601,False
69919,AMBUJACEM23NOV26390CE,AMBUJACEM,23NOV2026,39000.000000,1200,OPTSTK,NFO,5.000000,60001,False
69931,AMBUJACEM23NOV26450CE,AMBUJACEM,23NOV2026,45000.000000,1200,OPTSTK,NFO,5.000000,60001,False
70004,BANKNIFTY29SEP2659900CE,BANKNIFTY,29SEP2026,5990000.000000,30,OPTIDX,NFO,5.000000,601,False
70012,BANKNIFTY29SEP2660100PE,BANKNIFTY,29SEP2026,6010000.000000,30,OPTIDX,NFO,5.000000,601,False
70017,BANKNIFTY29SEP2660400CE,BANKNIFTY,29SEP2026,6040000.000000,30,OPTIDX,NFO,5.000000,601,False
70023,BANKNIFTY29SEP2660700CE,BANKNIFTY,29SEP2026,6070000.000000,30,OPTIDX,NFO,5.000000,601,False
155856,VBL29SEP26400CE,VBL,29SEP2026,40000.000000,1275,OPTSTK,NFO,5.000000,51001,False
155870,VBL29SEP26540CE,VBL,29SEP2026,54000.000000,1275,OPTSTK,NFO,5.000000,51001,False
156048,VEDL29SEP26210CE,VEDL,29SEP2026,21000.000000,1150,OPTSTK,NFO,5.000000,80501,False
156051,VEDL29SEP26220PE,VEDL,29SEP2026,22000.000000,1150,OPTSTK,NFO,5.000000,80501,False
70025,BANKNIFTY29SEP2660800CE,BANKNIFTY,29SEP2026,6080000.000000,30,OPTIDX,NFO,5.000000,601,False
70087,BANKNIFTY29SEP2662500PE,BANKNIFTY,29SEP2026,6250000.000000,30,OPTIDX,NFO,5.000000,601,False
70107,BANKNIFTY29SEP2663600CE,BANKNIFTY,29SEP2026,6360000.000000,30,OPTIDX,NFO,5.000000,601,False
70108,BANKNIFTY29SEP2663600PE,BANKNIFTY,29SEP2026,6360000.000000,30,OPTIDX,NFO,5.000000,601,False
156054,VEDL29SEP26240CE,VEDL,29SEP2026,24000.000000,1150,OPTSTK,NFO,5.000000,80501,False
156056,VEDL29SEP26250CE,VEDL,29SEP2026,25000.000000,1150,OPTSTK,NFO,5.000000,80501,False
156060,VEDL29SEP26270CE,VEDL,29SEP2026,27000.000000,1150,OPTSTK,NFO,5.000000,80501,False
156092,VEDL29SEP26310CE,VEDL,29SEP2026,31000.000000,1150,OPTSTK,NFO,5.000000,80501,False
70109,BANKNIFTY29SEP2663700CE,BANKNIFTY,29SEP2026,6370000.000000,30,OPTIDX,NFO,5.000000,601,False
70232,ANGELONE23NOV26250PE,ANGELONE,23NOV2026,25000.000000,2500,OPTSTK,NFO,5.000000,75001,False
70247,BANKNIFTY29SEP2665500PE,BANKNIFTY,29SEP2026,6550000.000000,30,OPTIDX,NFO,5.000000,601,False
70290,ANGELONE23NOV26360PE,ANGELONE,23NOV2026,36000.000000,2500,OPTSTK,NFO,5.000000,75001,False
156251,VMM29SEP2680PE,VMM,29SEP2026,8000.000000,4850,OPTSTK,NFO,1.000000,194001,False
156252,VMM29SEP2685CE,VMM,29SEP2026,8500.000000,4850,OPTSTK,NFO,1.000000,194001,False
156273,VMM29SEP26135PE,VMM,29SEP2026,13500.000000,4850,OPTSTK,NFO,1.000000,194001,False
156363,VOLTAS29SEP261160PE,VOLTAS,29SEP2026,116000.000000,375,OPTSTK,NFO,5.000000,18751,False
70406,DRREDDY29SEP261150PE,DRREDDY,29SEP2026,115000.000000,625,OPTSTK,NFO,5.000000,18751,False
70426,DRREDDY29SEP261290CE,DRREDDY,29SEP2026,129000.000000,625,OPTSTK,NFO,5.000000,18751,False
70481,APLAPOLLO27OCT262340CE,APLAPOLLO,27OCT2026,234000.000000,350,OPTSTK,NFO,5.000000,10501,False
70658,APLAPOLLO23NOV262000CE,APLAPOLLO,23NOV2026,200000.000000,350,OPTSTK,NFO,5.000000,10501,False
156379,VOLTAS29SEP261440PE,VOLTAS,29SEP2026,144000.000000,375,OPTSTK,NFO,5.000000,18751,False
156382,VOLTAS29SEP261520CE,VOLTAS,29SEP2026,152000.000000,375,OPTSTK,NFO,5.000000,18751,False
156469,WAAREEENER29SEP262300PE,WAAREEENER,29SEP2026,230000.000000,175,OPTSTK,NFO,5.000000,8751,False
156472,WAAREEENER29SEP262500CE,WAAREEENER,29SEP2026,250000.000000,175,OPTSTK,NFO,5.000000,8751,False
70662,APLAPOLLO23NOV262080CE,APLAPOLLO,23NOV2026,208000.000000,350,OPTSTK,NFO,5.000000,10501,False
70683,DRREDDY27OCT26940PE,DRREDDY,27OCT2026,94000.000000,625,OPTSTK,NFO,5.000000,18751,False
70781,DRREDDY27OCT261020PE,DRREDDY,27OCT2026,102000.000000,625,OPTSTK,NFO,5.000000,18751,False
70793,BANKNIFTY29JUN2757000PE,BANKNIFTY,29JUN2027,5700000.000000,30,OPTIDX,NFO,5.000000,601,False
156473,WAAREEENER29SEP262500PE,WAAREEENER,29SEP2026,250000.000000,175,OPTSTK,NFO,5.000000,8751,False
156477,WAAREEENER29SEP262700PE,WAAREEENER,29SEP2026,270000.000000,175,OPTSTK,NFO,5.000000,8751,False
156574,WIPRO29SEP26140CE,WIPRO,29SEP2026,14000.000000,3000,OPTSTK,NFO,1.000000,120001,False
156580,WIPRO29SEP26155CE,WIPRO,29SEP2026,15500.000000,3000,OPTSTK,NFO,1.000000,120001,False
70795,BANKNIFTY29JUN2758500PE,BANKNIFTY,29JUN2027,5850000.000000,30,OPTIDX,NFO,5.000000,601,False
70838,APOLLOHOSP27OCT269100PE,APOLLOHOSP,27OCT2026,910000.000000,125,OPTSTK,NFO,5.000000,2501,False
70841,APOLLOHOSP27OCT269500CE,APOLLOHOSP,27OCT2026,950000.000000,125,OPTSTK,NFO,5.000000,2501,False
70846,APOLLOHOSP27OCT269900PE,APOLLOHOSP,27OCT2026,990000.000000,125,OPTSTK,NFO,5.000000,2501,False
70911,DRREDDY27OCT261220CE,DRREDDY,27OCT2026,122000.000000,625,OPTSTK,NFO,5.000000,18751,False
70970,APOLLOHOSP23NOV268200PE,APOLLOHOSP,23NOV2026,820000.000000,125,OPTSTK,NFO,5.000000,2501,False
70971,APOLLOHOSP23NOV268400CE,APOLLOHOSP,23NOV2026,840000.000000,125,OPTSTK,NFO,5.000000,2501,False
71023,ASHOKLEY27OCT26152.5CE,ASHOKLEY,27OCT2026,15250.000000,5000,OPTSTK,NFO,1.000000,150001,False
156586,WIPRO29SEP26170CE,WIPRO,29SEP2026,17000.000000,3000,OPTSTK,NFO,1.000000,120001,False
156587,WIPRO29SEP26170PE,WIPRO,29SEP2026,17000.000000,3000,OPTSTK,NFO,1.000000,120001,False
156601,WIPRO29SEP26205PE,WIPRO,29SEP2026,20500.000000,3000,OPTSTK,NFO,1.000000,120001,False
156654,YESBANK29SEP2618CE,YESBANK,29SEP2026,1800.000000,31100,OPTSTK,NFO,1.000000,933001,False
71031,ASHOKLEY27OCT26172.5CE,ASHOKLEY,27OCT2026,17250.000000,5000,OPTSTK,NFO,1.000000,150001,False
71034,ASHOKLEY27OCT26177.5PE,ASHOKLEY,27OCT2026,17750.000000,5000,OPTSTK,NFO,1.000000,150001,False
71086,EICHERMOT29SEP266900PE,EICHERMOT,29SEP2026,690000.000000,100,OPTSTK,NFO,5.000000,3001,False
71089,EICHERMOT29SEP267300CE,EICHERMOT,29SEP2026,730000.000000,100,OPTSTK,NFO,5.000000,3001,False
156656,YESBANK29SEP2620CE,YESBANK,29SEP2026,2000.000000,31100,OPTSTK,NFO,1.000000,933001,False
156657,YESBANK29SEP2620PE,YESBANK,29SEP2026,2000.000000,31100,OPTSTK,NFO,1.000000,933001,False
156814,ZYDUSLIFE29SEP26960CE,ZYDUSLIFE,29SEP2026,96000.000000,900,OPTSTK,NFO,5.000000,27001,False
156817,ZYDUSLIFE29SEP26980PE,ZYDUSLIFE,29SEP2026,98000.000000,900,OPTSTK,NFO,5.000000,27001,False
71108,EICHERMOT29SEP268100PE,EICHERMOT,29SEP2026,810000.000000,100,OPTSTK,NFO,5.000000,3001,False
71113,EICHERMOT29SEP268300PE,EICHERMOT,29SEP2026,830000.000000,100,OPTSTK,NFO,5.000000,3001,False
71114,EICHERMOT29SEP268500CE,EICHERMOT,29SEP2026,850000.000000,100,OPTSTK,NFO,5.000000,3001,False
71158,ASHOKLEY23NOV26190CE,ASHOKLEY,23NOV2026,19000.000000,5000,OPTSTK,NFO,1.000000,150001,False
156823,ZYDUSLIFE29SEP261040PE,ZYDUSLIFE,29SEP2026,104000.000000,900,OPTSTK,NFO,5.000000,27001,False
156837,ZYDUSLIFE29SEP261180PE,ZYDUSLIFE,29SEP2026,118000.000000,900,OPTSTK,NFO,5.000000,27001,False
156847,ZYDUSLIFE29SEP261280PE,ZYDUSLIFE,29SEP2026,128000.000000,900,OPTSTK,NFO,5.000000,27001,False
156848,ZYDUSLIFE29SEP261300CE,ZYDUSLIFE,29SEP2026,130000.000000,900,OPTSTK,NFO,5.000000,27001,False
35228,ATHERENERG29SEP261900CE,ATHERENERG,29SEP2026,190000.000000,375,OPTSTK,NFO,5.000000,15001,False
35313,BOSCHLTD29SEP2653000PE,BOSCHLTD,29SEP2026,5300000.000000,25,OPTSTK,NFO,5.000000,501,False
35598,DIVISLAB29SEP269900CE,DIVISLAB,29SEP2026,990000.000000,100,OPTSTK,NFO,5.000000,3001,False
35638,DIVISLAB27OCT269400PE,DIVISLAB,27OCT2026,940000.000000,100,OPTSTK,NFO,5.000000,3001,False
71241,ASIANPAINT27OCT262460PE,ASIANPAINT,27OCT2026,246000.000000,250,OPTSTK,NFO,5.000000,10001,False
71247,ASIANPAINT27OCT262580CE,ASIANPAINT,27OCT2026,258000.000000,250,OPTSTK,NFO,5.000000,10001,False
71249,ASIANPAINT27OCT262620CE,ASIANPAINT,27OCT2026,262000.000000,250,OPTSTK,NFO,5.000000,10001,False
71253,ASIANPAINT27OCT262660CE,ASIANPAINT,27OCT2026,266000.000000,250,OPTSTK,NFO,5.000000,10001,False
35759,GODREJPROP29SEP262440PE,GODREJPROP,29SEP2026,244000.000000,325,OPTSTK,NFO,5.000000,13001,False
36068,JUBLFOOD29SEP26575CE,JUBLFOOD,29SEP2026,57500.000000,1250,OPTSTK,NFO,5.000000,50001,False
36140,KAYNES29SEP264250CE,KAYNES,29SEP2026,425000.000000,150,OPTSTK,NFO,5.000000,6001,False
36356,PAYTM29SEP261680CE,PAYTM,29SEP2026,168000.000000,725,OPTSTK,NFO,5.000000,14501,False
71262,ASIANPAINT27OCT262780CE,ASIANPAINT,27OCT2026,278000.000000,250,OPTSTK,NFO,5.000000,10001,False
71369,EICHERMOT27OCT267000PE,EICHERMOT,27OCT2026,700000.000000,100,OPTSTK,NFO,5.000000,3001,False
71377,EICHERMOT27OCT267800PE,EICHERMOT,27OCT2026,780000.000000,100,OPTSTK,NFO,5.000000,3001,False
71418,EICHERMOT27OCT268400CE,EICHERMOT,27OCT2026,840000.000000,100,OPTSTK,NFO,5.000000,3001,False
71583,ETERNAL29SEP26285PE,ETERNAL,29SEP2026,28500.000000,2425,OPTSTK,NFO,5.000000,72751,False
71603,ASIANPAINT23NOV262160PE,ASIANPAINT,23NOV2026,216000.000000,250,OPTSTK,NFO,5.000000,10001,False
71613,ASIANPAINT23NOV262360PE,ASIANPAINT,23NOV2026,236000.000000,250,OPTSTK,NFO,5.000000,10001,False
71621,ASIANPAINT23NOV262520PE,ASIANPAINT,23NOV2026,252000.000000,250,OPTSTK,NFO,5.000000,10001,False
36485,PAYTM29SEP261700PE,PAYTM,29SEP2026,170000.000000,725,OPTSTK,NFO,5.000000,14501,False
36607,GODREJCP29SEP26770PE,GODREJCP,29SEP2026,77000.000000,500,OPTSTK,NFO,5.000000,25001,False
36713,091NSETEST27NOV36FUT,091NSETEST,27NOV2036,-1.000000,50,FUTSTK,NFO,5.000000,100001,False
36715,101NSETEST27NOV36FUT,101NSETEST,27NOV2036,-1.000000,50,FUTSTK,NFO,5.000000,100001,False
71628,ASIANPAINT23NOV262680CE,ASIANPAINT,23NOV2026,268000.000000,250,OPTSTK,NFO,5.000000,10001,False
71639,ASIANPAINT23NOV262880PE,ASIANPAINT,23NOV2026,288000.000000,250,OPTSTK,NFO,5.000000,10001,False
71710,FINNIFTY29SEP2623000CE,FINNIFTY,29SEP2026,2300000.000000,60,OPTIDX,NFO,5.000000,1801,False
71720,FINNIFTY29SEP2623400CE,FINNIFTY,29SEP2026,2340000.000000,60,OPTIDX,NFO,5.000000,1801,False
36718,121NSETEST27NOV36FUT,121NSETEST,27NOV2036,-1.000000,50,FUTSTK,NFO,5.000000,100001,False
36724,151NSETEST27NOV36FUT,151NSETEST,27NOV2036,-1.000000,50,FUTSTK,NFO,5.000000,100001,False
36794,COFORGE29SEP261880CE,COFORGE,29SEP2026,188000.000000,475,OPTSTK,NFO,5.000000,14251,False
36828,DIVISLAB29SEP269200PE,DIVISLAB,29SEP2026,920000.000000,100,OPTSTK,NFO,5.000000,3001,False
71728,FINNIFTY29SEP2623800CE,FINNIFTY,29SEP2026,2380000.000000,60,OPTIDX,NFO,5.000000,1801,False
71741,FINNIFTY29SEP2624400PE,FINNIFTY,29SEP2026,2440000.000000,60,OPTIDX,NFO,5.000000,1801,False
71745,FINNIFTY29SEP2624500PE,FINNIFTY,29SEP2026,2450000.000000,60,OPTIDX,NFO,5.000000,1801,False
71767,FINNIFTY29SEP2625100PE,FINNIFTY,29SEP2026,2510000.000000,60,OPTIDX,NFO,5.000000,1801,False
37002,LODHA27OCT26940PE,LODHA,27OCT2026,94000.000000,625,OPTSTK,NFO,5.000000,18751,False
37461,LTM29SEP264900PE,LTM,29SEP2026,490000.000000,150,OPTSTK,NFO,5.000000,6001,False
37490,MAXHEALTH29SEP26820CE,MAXHEALTH,29SEP2026,82000.000000,525,OPTSTK,NFO,5.000000,21001,False
37775,SONACOMS29SEP26820CE,SONACOMS,29SEP2026,82000.000000,1225,OPTSTK,NFO,5.000000,36751,False
71768,FINNIFTY29SEP2625200CE,FINNIFTY,29SEP2026,2520000.000000,60,OPTIDX,NFO,5.000000,1801,False
71771,FINNIFTY29SEP2625300PE,FINNIFTY,29SEP2026,2530000.000000,60,OPTIDX,NFO,5.000000,1801,False
71783,FINNIFTY29SEP2625700CE,FINNIFTY,29SEP2026,2570000.000000,60,OPTIDX,NFO,5.000000,1801,False
71785,FINNIFTY29SEP2625800CE,FINNIFTY,29SEP2026,2580000.000000,60,OPTIDX,NFO,5.000000,1801,False
37779,SONACOMS29SEP26880PE,SONACOMS,29SEP2026,88000.000000,1225,OPTSTK,NFO,5.000000,36751,False
38037,ULTRACEMCO29SEP2610000CE,ULTRACEMCO,29SEP2026,1000000.000000,50,OPTSTK,NFO,5.000000,2001,False
38090,ULTRACEMCO29SEP2611100PE,ULTRACEMCO,29SEP2026,1110000.000000,50,OPTSTK,NFO,5.000000,2001,False
38106,ULTRACEMCO29SEP2611600PE,ULTRACEMCO,29SEP2026,1160000.000000,50,OPTSTK,NFO,5.000000,2001,False
71837,FINNIFTY29SEP2626800CE,FINNIFTY,29SEP2026,2680000.000000,60,OPTIDX,NFO,5.000000,1801,False
71868,FINNIFTY29SEP2627300CE,FINNIFTY,29SEP2026,2730000.000000,60,OPTIDX,NFO,5.000000,1801,False
71881,FINNIFTY29SEP2627600PE,FINNIFTY,29SEP2026,2760000.000000,60,OPTIDX,NFO,5.000000,1801,False
71887,FINNIFTY29SEP2627900PE,FINNIFTY,29SEP2026,2790000.000000,60,OPTIDX,NFO,5.000000,1801,False
71974,FINNIFTY29SEP2628900PE,FINNIFTY,29SEP2026,2890000.000000,60,OPTIDX,NFO,5.000000,1801,False
71979,FINNIFTY29SEP2629200CE,FINNIFTY,29SEP2026,2920000.000000,60,OPTIDX,NFO,5.000000,1801,False
71983,FINNIFTY29SEP2629400CE,FINNIFTY,29SEP2026,2940000.000000,60,OPTIDX,NFO,5.000000,1801,False
71984,FINNIFTY29SEP2629400PE,FINNIFTY,29SEP2026,2940000.000000,60,OPTIDX,NFO,5.000000,1801,False
38127,ULTRACEMCO29SEP2612200CE,ULTRACEMCO,29SEP2026,1220000.000000,50,OPTSTK,NFO,5.000000,2001,False
38129,ULTRACEMCO29SEP2612300CE,ULTRACEMCO,29SEP2026,1230000.000000,50,OPTSTK,NFO,5.000000,2001,False
38138,ULTRACEMCO29SEP2612500PE,ULTRACEMCO,29SEP2026,1250000.000000,50,OPTSTK,NFO,5.000000,2001,False
38151,ULTRACEMCO29SEP2613000PE,ULTRACEMCO,29SEP2026,1300000.000000,50,OPTSTK,NFO,5.000000,2001,False
72031,ETERNAL27OCT26260PE,ETERNAL,27OCT2026,26000.000000,2425,OPTSTK,NFO,5.000000,72751,False
72047,ETERNAL27OCT26320PE,ETERNAL,27OCT2026,32000.000000,2425,OPTSTK,NFO,5.000000,72751,False
72061,ASTRAL23NOV261400PE,ASTRAL,23NOV2026,140000.000000,425,OPTSTK,NFO,5.000000,17001,False
72064,ASTRAL23NOV261480CE,ASTRAL,23NOV2026,148000.000000,425,OPTSTK,NFO,5.000000,17001,False
38167,ULTRACEMCO29SEP2613400CE,ULTRACEMCO,29SEP2026,1340000.000000,50,OPTSTK,NFO,5.000000,2001,False
38310,ULTRACEMCO27OCT2610400CE,ULTRACEMCO,27OCT2026,1040000.000000,50,OPTSTK,NFO,5.000000,2001,False
38321,ULTRACEMCO27OCT2611400CE,ULTRACEMCO,27OCT2026,1140000.000000,50,OPTSTK,NFO,5.000000,2001,False
38323,ULTRACEMCO27OCT2611600CE,ULTRACEMCO,27OCT2026,1160000.000000,50,OPTSTK,NFO,5.000000,2001,False
72079,ASTRAL23NOV261640PE,ASTRAL,23NOV2026,164000.000000,425,OPTSTK,NFO,5.000000,17001,False
72081,ASTRAL23NOV261680PE,ASTRAL,23NOV2026,168000.000000,425,OPTSTK,NFO,5.000000,17001,False
72200,ATHERENERG29SEP261420CE,ATHERENERG,29SEP2026,142000.000000,375,OPTSTK,NFO,5.000000,15001,False
72337,FEDERALBNK29SEP26395CE,FEDERALBNK,29SEP2026,39500.000000,2500,OPTSTK,NFO,5.000000,75001,False
38327,ULTRACEMCO27OCT2612000CE,ULTRACEMCO,27OCT2026,1200000.000000,50,OPTSTK,NFO,5.000000,2001,False
38333,ULTRACEMCO27OCT2612400PE,ULTRACEMCO,27OCT2026,1240000.000000,50,OPTSTK,NFO,5.000000,2001,False
38472,DIVISLAB29SEP268600PE,DIVISLAB,29SEP2026,860000.000000,100,OPTSTK,NFO,5.000000,3001,False
38659,HCLTECH29SEP261460CE,HCLTECH,29SEP2026,146000.000000,400,OPTSTK,NFO,5.000000,20001,False
72403,ATHERENERG29SEP261480CE,ATHERENERG,29SEP2026,148000.000000,375,OPTSTK,NFO,5.000000,15001,False
72405,FEDERALBNK27OCT26320PE,FEDERALBNK,27OCT2026,32000.000000,2500,OPTSTK,NFO,5.000000,75001,False
72419,ATHERENERG29SEP261520PE,ATHERENERG,29SEP2026,152000.000000,375,OPTSTK,NFO,5.000000,15001,False
72424,ATHERENERG29SEP261560PE,ATHERENERG,29SEP2026,156000.000000,375,OPTSTK,NFO,5.000000,15001,False
38697,HYUNDAI29SEP262600CE,HYUNDAI,29SEP2026,260000.000000,275,OPTSTK,NFO,5.000000,11001,False
38700,HYUNDAI29SEP262600PE,HYUNDAI,29SEP2026,260000.000000,275,OPTSTK,NFO,5.000000,11001,False
38812,LODHA29SEP261400PE,LODHA,29SEP2026,140000.000000,625,OPTSTK,NFO,5.000000,18751,False
39244,SUZLON29SEP2638CE,SUZLON,29SEP2026,3800.000000,12700,OPTSTK,NFO,1.000000,381001,False
72432,ATHERENERG29SEP261640CE,ATHERENERG,29SEP2026,164000.000000,375,OPTSTK,NFO,5.000000,15001,False
72437,ATHERENERG29SEP261680CE,ATHERENERG,29SEP2026,168000.000000,375,OPTSTK,NFO,5.000000,15001,False
72476,FORCEMOT29SEP2616500PE,FORCEMOT,29SEP2026,1650000.000000,25,OPTSTK,NFO,5.000000,1251,False
72480,FORCEMOT29SEP2618500PE,FORCEMOT,29SEP2026,1850000.000000,25,OPTSTK,NFO,5.000000,1251,False
39565,TECHM29SEP261360CE,TECHM,29SEP2026,136000.000000,600,OPTSTK,NFO,5.000000,18001,False
39569,TECHM29SEP261400PE,TECHM,29SEP2026,140000.000000,600,OPTSTK,NFO,5.000000,18001,False
39574,TECHM29SEP261480CE,TECHM,29SEP2026,148000.000000,600,OPTSTK,NFO,5.000000,18001,False
39587,TECHM29SEP261680PE,TECHM,29SEP2026,168000.000000,600,OPTSTK,NFO,5.000000,18001,False
72511,ATHERENERG29SEP261780CE,ATHERENERG,29SEP2026,178000.000000,375,OPTSTK,NFO,5.000000,15001,False
72520,ATHERENERG29SEP261840PE,ATHERENERG,29SEP2026,184000.000000,375,OPTSTK,NFO,5.000000,15001,False
72522,ATHERENERG29SEP261860PE,ATHERENERG,29SEP2026,186000.000000,375,OPTSTK,NFO,5.000000,15001,False
72580,ATHERENERG27OCT261280CE,ATHERENERG,27OCT2026,128000.000000,375,OPTSTK,NFO,5.000000,15001,False
39590,TECHM29SEP261760CE,TECHM,29SEP2026,176000.000000,600,OPTSTK,NFO,5.000000,18001,False
39616,TIINDIA29SEP262100CE,TIINDIA,29SEP2026,210000.000000,200,OPTSTK,NFO,5.000000,8001,False
39774,SOLARINDS29SEP2623750CE,SOLARINDS,29SEP2026,2375000.000000,50,OPTSTK,NFO,5.000000,1501,False
40060,GLENMARK29SEP262840CE,GLENMARK,29SEP2026,284000.000000,375,OPTSTK,NFO,5.000000,11251,False
72627,MIDCPNIFTY29SEP2613025PE,MIDCPNIFTY,29SEP2026,1302500.000000,120,OPTIDX,NFO,5.000000,2801,False
72636,MIDCPNIFTY29SEP2613150CE,MIDCPNIFTY,29SEP2026,1315000.000000,120,OPTIDX,NFO,5.000000,2801,False
72661,MIDCPNIFTY29SEP2613450PE,MIDCPNIFTY,29SEP2026,1345000.000000,120,OPTIDX,NFO,5.000000,2801,False
72682,FORCEMOT27OCT2621000CE,FORCEMOT,27OCT2026,2100000.000000,25,OPTSTK,NFO,5.000000,1251,False
40493,PERSISTENT29SEP266600CE,PERSISTENT,29SEP2026,660000.000000,125,OPTSTK,NFO,5.000000,3751,False
40659,NIFTY06OCT2621800CE,NIFTY,06OCT2026,2180000.000000,65,OPTIDX,NFO,5.000000,1801,False
40700,NIFTY06OCT2622550PE,NIFTY,06OCT2026,2255000.000000,65,OPTIDX,NFO,5.000000,1801,False
40701,NIFTY06OCT2622600CE,NIFTY,06OCT2026,2260000.000000,65,OPTIDX,NFO,5.000000,1801,False
72735,MIDCPNIFTY29SEP2613550PE,MIDCPNIFTY,29SEP2026,1355000.000000,120,OPTIDX,NFO,5.000000,2801,False
72748,MIDCPNIFTY29SEP2613600PE,MIDCPNIFTY,29SEP2026,1360000.000000,120,OPTIDX,NFO,5.000000,2801,False
72753,MIDCPNIFTY29SEP2613650PE,MIDCPNIFTY,29SEP2026,1365000.000000,120,OPTIDX,NFO,5.000000,2801,False
72757,MIDCPNIFTY29SEP2613675CE,MIDCPNIFTY,29SEP2026,1367500.000000,120,OPTIDX,NFO,5.000000,2801,False
72762,FORTIS29SEP26790CE,FORTIS,29SEP2026,79000.000000,775,OPTSTK,NFO,5.000000,23251,False
72774,MIDCPNIFTY29SEP2613750PE,MIDCPNIFTY,29SEP2026,1375000.000000,120,OPTIDX,NFO,5.000000,2801,False
72782,ATHERENERG27OCT261360CE,ATHERENERG,27OCT2026,136000.000000,375,OPTSTK,NFO,5.000000,15001,False
72784,ATHERENERG27OCT261380CE,ATHERENERG,27OCT2026,138000.000000,375,OPTSTK,NFO,5.000000,15001,False
40703,NIFTY06OCT2622600PE,NIFTY,06OCT2026,2260000.000000,65,OPTIDX,NFO,5.000000,1801,False
40744,NIFTY06OCT2623150PE,NIFTY,06OCT2026,2315000.000000,65,OPTIDX,NFO,5.000000,1801,False
40760,NIFTY06OCT2623500PE,NIFTY,06OCT2026,2350000.000000,65,OPTIDX,NFO,5.000000,1801,False
40763,NIFTY06OCT2623550CE,NIFTY,06OCT2026,2355000.000000,65,OPTIDX,NFO,5.000000,1801,False
72785,ATHERENERG27OCT261380PE,ATHERENERG,27OCT2026,138000.000000,375,OPTSTK,NFO,5.000000,15001,False
72787,MIDCPNIFTY29SEP2613800CE,MIDCPNIFTY,29SEP2026,1380000.000000,120,OPTIDX,NFO,5.000000,2801,False
72793,MIDCPNIFTY29SEP2613850CE,MIDCPNIFTY,29SEP2026,1385000.000000,120,OPTIDX,NFO,5.000000,2801,False
72816,MIDCPNIFTY29SEP2614050PE,MIDCPNIFTY,29SEP2026,1405000.000000,120,OPTIDX,NFO,5.000000,2801,False
40765,NIFTY06OCT2623600CE,NIFTY,06OCT2026,2360000.000000,65,OPTIDX,NFO,5.000000,1801,False
40788,NIFTY06OCT2623850PE,NIFTY,06OCT2026,2385000.000000,65,OPTIDX,NFO,5.000000,1801,False
40789,NIFTY06OCT2623900CE,NIFTY,06OCT2026,2390000.000000,65,OPTIDX,NFO,5.000000,1801,False
40804,NIFTY06OCT2624100PE,NIFTY,06OCT2026,2410000.000000,65,OPTIDX,NFO,5.000000,1801,False
72819,ATHERENERG27OCT261500CE,ATHERENERG,27OCT2026,150000.000000,375,OPTSTK,NFO,5.000000,15001,False
72832,FORTIS29SEP26830PE,FORTIS,29SEP2026,83000.000000,775,OPTSTK,NFO,5.000000,23251,False
72833,MIDCPNIFTY29SEP2614175CE,MIDCPNIFTY,29SEP2026,1417500.000000,120,OPTIDX,NFO,5.000000,2801,False
72850,MIDCPNIFTY29SEP2614250PE,MIDCPNIFTY,29SEP2026,1425000.000000,120,OPTIDX,NFO,5.000000,2801,False
40809,NIFTY06OCT2624150CE,NIFTY,06OCT2026,2415000.000000,65,OPTIDX,NFO,5.000000,1801,False
40822,NIFTY06OCT2624400PE,NIFTY,06OCT2026,2440000.000000,65,OPTIDX,NFO,5.000000,1801,False
40823,NIFTY06OCT2624450CE,NIFTY,06OCT2026,2445000.000000,65,OPTIDX,NFO,5.000000,1801,False
40825,NIFTY06OCT2624500CE,NIFTY,06OCT2026,2450000.000000,65,OPTIDX,NFO,5.000000,1801,False
72863,MIDCPNIFTY29SEP2614350CE,MIDCPNIFTY,29SEP2026,1435000.000000,120,OPTIDX,NFO,5.000000,2801,False
72872,ATHERENERG27OCT261740CE,ATHERENERG,27OCT2026,174000.000000,375,OPTSTK,NFO,5.000000,15001,False
72882,MIDCPNIFTY29SEP2614350PE,MIDCPNIFTY,29SEP2026,1435000.000000,120,OPTIDX,NFO,5.000000,2801,False
72888,ATHERENERG27OCT261880CE,ATHERENERG,27OCT2026,188000.000000,375,OPTSTK,NFO,5.000000,15001,False
40826,NIFTY06OCT2624500PE,NIFTY,06OCT2026,2450000.000000,65,OPTIDX,NFO,5.000000,1801,False
40828,NIFTY06OCT2624550PE,NIFTY,06OCT2026,2455000.000000,65,OPTIDX,NFO,5.000000,1801,False
40844,NIFTY06OCT2624700CE,NIFTY,06OCT2026,2470000.000000,65,OPTIDX,NFO,5.000000,1801,False
40852,NIFTY06OCT2624800CE,NIFTY,06OCT2026,2480000.000000,65,OPTIDX,NFO,5.000000,1801,False
72942,MIDCPNIFTY29SEP2614550CE,MIDCPNIFTY,29SEP2026,1455000.000000,120,OPTIDX,NFO,5.000000,2801,False
72949,MIDCPNIFTY29SEP2614625PE,MIDCPNIFTY,29SEP2026,1462500.000000,120,OPTIDX,NFO,5.000000,2801,False
72951,MIDCPNIFTY29SEP2614650PE,MIDCPNIFTY,29SEP2026,1465000.000000,120,OPTIDX,NFO,5.000000,2801,False
72999,MIDCPNIFTY29SEP2615200PE,MIDCPNIFTY,29SEP2026,1520000.000000,120,OPTIDX,NFO,5.000000,2801,False
73005,ATHERENERG23NOV261400CE,ATHERENERG,23NOV2026,140000.000000,375,OPTSTK,NFO,5.000000,15001,False
73020,ATHERENERG23NOV261640CE,ATHERENERG,23NOV2026,164000.000000,375,OPTSTK,NFO,5.000000,15001,False
73068,FORTIS29SEP26950PE,FORTIS,29SEP2026,95000.000000,775,OPTSTK,NFO,5.000000,23251,False
73074,FORTIS29SEP261010PE,FORTIS,29SEP2026,101000.000000,775,OPTSTK,NFO,5.000000,23251,False
40857,NIFTY06OCT2624800PE,NIFTY,06OCT2026,2480000.000000,65,OPTIDX,NFO,5.000000,1801,False
40863,NIFTY06OCT2624950CE,NIFTY,06OCT2026,2495000.000000,65,OPTIDX,NFO,5.000000,1801,False
40883,NIFTY06OCT2625450CE,NIFTY,06OCT2026,2545000.000000,65,OPTIDX,NFO,5.000000,1801,False
40890,NIFTY06OCT2625600CE,NIFTY,06OCT2026,2560000.000000,65,OPTIDX,NFO,5.000000,1801,False
73083,MIDCPNIFTY29SEP2615325PE,MIDCPNIFTY,29SEP2026,1532500.000000,120,OPTIDX,NFO,5.000000,2801,False
73084,MIDCPNIFTY29SEP2615350CE,MIDCPNIFTY,29SEP2026,1535000.000000,120,OPTIDX,NFO,5.000000,2801,False
73086,MIDCPNIFTY29SEP2615375CE,MIDCPNIFTY,29SEP2026,1537500.000000,120,OPTIDX,NFO,5.000000,2801,False
73090,MIDCPNIFTY29SEP2615425CE,MIDCPNIFTY,29SEP2026,1542500.000000,120,OPTIDX,NFO,5.000000,2801,False
40892,NIFTY06OCT2625650CE,NIFTY,06OCT2026,2565000.000000,65,OPTIDX,NFO,5.000000,1801,False
40915,NIFTY06OCT2625800PE,NIFTY,06OCT2026,2580000.000000,65,OPTIDX,NFO,5.000000,1801,False
42136,NIFTY29DEC2631000CE,NIFTY,29DEC2026,3100000.000000,65,OPTIDX,NFO,5.000000,1801,False
43132,MPHASIS29SEP262100CE,MPHASIS,29SEP2026,210000.000000,275,OPTSTK,NFO,5.000000,11001,False
73096,MIDCPNIFTY29SEP2615475PE,MIDCPNIFTY,29SEP2026,1547500.000000,120,OPTIDX,NFO,5.000000,2801,False
73115,MIDCPNIFTY29SEP2615575PE,MIDCPNIFTY,29SEP2026,1557500.000000,120,OPTIDX,NFO,5.000000,2801,False
73120,MIDCPNIFTY29SEP2615650CE,MIDCPNIFTY,29SEP2026,1565000.000000,120,OPTIDX,NFO,5.000000,2801,False
73132,MIDCPNIFTY29SEP2615800CE,MIDCPNIFTY,29SEP2026,1580000.000000,120,OPTIDX,NFO,5.000000,2801,False
43138,MPHASIS29SEP262400CE,MPHASIS,29SEP2026,240000.000000,275,OPTSTK,NFO,5.000000,11001,False
43141,MPHASIS29SEP262500PE,MPHASIS,29SEP2026,250000.000000,275,OPTSTK,NFO,5.000000,11001,False
43143,MPHASIS29SEP262600PE,MPHASIS,29SEP2026,260000.000000,275,OPTSTK,NFO,5.000000,11001,False
43911,PAYTM27OCT261800CE,PAYTM,27OCT2026,180000.000000,725,OPTSTK,NFO,5.000000,14501,False
73134,MIDCPNIFTY29SEP2615825CE,MIDCPNIFTY,29SEP2026,1582500.000000,120,OPTIDX,NFO,5.000000,2801,False
73141,ATHERENERG23NOV261880CE,ATHERENERG,23NOV2026,188000.000000,375,OPTSTK,NFO,5.000000,15001,False
73146,ATHERENERG23NOV262000PE,ATHERENERG,23NOV2026,200000.000000,375,OPTSTK,NFO,5.000000,15001,False
73187,MIDCPNIFTY29SEP2615900PE,MIDCPNIFTY,29SEP2026,1590000.000000,120,OPTIDX,NFO,5.000000,2801,False
73190,AUBANK27OCT261100PE,AUBANK,27OCT2026,110000.000000,1000,OPTSTK,NFO,5.000000,20001,False
73208,FORTIS27OCT26740PE,FORTIS,27OCT2026,74000.000000,775,OPTSTK,NFO,5.000000,23251,False
73211,FORTIS27OCT26780CE,FORTIS,27OCT2026,78000.000000,775,OPTSTK,NFO,5.000000,23251,False
73214,FORTIS27OCT26800PE,FORTIS,27OCT2026,80000.000000,775,OPTSTK,NFO,5.000000,23251,False
43912,PAYTM27OCT261800PE,PAYTM,27OCT2026,180000.000000,725,OPTSTK,NFO,5.000000,14501,False
44395,PAYTM29SEP261720CE,PAYTM,29SEP2026,172000.000000,725,OPTSTK,NFO,5.000000,14501,False
44515,COFORGE29SEP262040CE,COFORGE,29SEP2026,204000.000000,475,OPTSTK,NFO,5.000000,14251,False
44582,NIFTY13OCT2622050CE,NIFTY,13OCT2026,2205000.000000,65,OPTIDX,NFO,5.000000,1801,False
73222,FORTIS27OCT26880PE,FORTIS,27OCT2026,88000.000000,775,OPTSTK,NFO,5.000000,23251,False
73232,MIDCPNIFTY29SEP2616025PE,MIDCPNIFTY,29SEP2026,1602500.000000,120,OPTIDX,NFO,5.000000,2801,False
73244,FORTIS27OCT261060CE,FORTIS,27OCT2026,106000.000000,775,OPTSTK,NFO,5.000000,23251,False
73356,MIDCPNIFTY29SEP2616500CE,MIDCPNIFTY,29SEP2026,1650000.000000,120,OPTIDX,NFO,5.000000,2801,False
44585,NIFTY13OCT2622100PE,NIFTY,13OCT2026,2210000.000000,65,OPTIDX,NFO,5.000000,1801,False
44611,NIFTY13OCT2622450PE,NIFTY,13OCT2026,2245000.000000,65,OPTIDX,NFO,5.000000,1801,False
44614,NIFTY13OCT2622550CE,NIFTY,13OCT2026,2255000.000000,65,OPTIDX,NFO,5.000000,1801,False
44621,NIFTY13OCT2622700PE,NIFTY,13OCT2026,2270000.000000,65,OPTIDX,NFO,5.000000,1801,False
73381,MIDCPNIFTY29SEP2616600PE,MIDCPNIFTY,29SEP2026,1660000.000000,120,OPTIDX,NFO,5.000000,2801,False
73718,AUROPHARMA27OCT261540PE,AUROPHARMA,27OCT2026,154000.000000,550,OPTSTK,NFO,5.000000,16501,False
73725,AUROPHARMA27OCT261700CE,AUROPHARMA,27OCT2026,170000.000000,550,OPTSTK,NFO,5.000000,16501,False
73727,AUROPHARMA27OCT261740CE,AUROPHARMA,27OCT2026,174000.000000,550,OPTSTK,NFO,5.000000,16501,False
44630,NIFTY13OCT2622950CE,NIFTY,13OCT2026,2295000.000000,65,OPTIDX,NFO,5.000000,1801,False
44632,NIFTY13OCT2623000CE,NIFTY,13OCT2026,2300000.000000,65,OPTIDX,NFO,5.000000,1801,False
44636,NIFTY13OCT2623050CE,NIFTY,13OCT2026,2305000.000000,65,OPTIDX,NFO,5.000000,1801,False
44640,KALYANKJIL29SEP26630PE,KALYANKJIL,29SEP2026,63000.000000,1350,OPTSTK,NFO,5.000000,40501,False
73731,AUROPHARMA27OCT261820CE,AUROPHARMA,27OCT2026,182000.000000,550,OPTSTK,NFO,5.000000,16501,False
73732,AUROPHARMA27OCT261820PE,AUROPHARMA,27OCT2026,182000.000000,550,OPTSTK,NFO,5.000000,16501,False
73766,AUROPHARMA23NOV261360PE,AUROPHARMA,23NOV2026,136000.000000,550,OPTSTK,NFO,5.000000,16501,False
73831,NIFTY29SEP2621650CE,NIFTY,29SEP2026,2165000.000000,65,OPTIDX,NFO,5.000000,1801,False
44644,KALYANKJIL29SEP26700PE,KALYANKJIL,29SEP2026,70000.000000,1350,OPTSTK,NFO,5.000000,40501,False
44647,NIFTY13OCT2623100PE,NIFTY,13OCT2026,2310000.000000,65,OPTIDX,NFO,5.000000,1801,False
44654,NIFTY13OCT2623250CE,NIFTY,13OCT2026,2325000.000000,65,OPTIDX,NFO,5.000000,1801,False
44660,NIFTY13OCT2623400CE,NIFTY,13OCT2026,2340000.000000,65,OPTIDX,NFO,5.000000,1801,False
73879,NIFTY29SEP2622350CE,NIFTY,29SEP2026,2235000.000000,65,OPTIDX,NFO,5.000000,1801,False
73893,NIFTY29SEP2622750CE,NIFTY,29SEP2026,2275000.000000,65,OPTIDX,NFO,5.000000,1801,False
73903,NIFTY29SEP2623000CE,NIFTY,29SEP2026,2300000.000000,65,OPTIDX,NFO,5.000000,1801,False
73909,NIFTY29SEP2623150PE,NIFTY,29SEP2026,2315000.000000,65,OPTIDX,NFO,5.000000,1801,False
44664,LTM29SEP265300PE,LTM,29SEP2026,530000.000000,150,OPTSTK,NFO,5.000000,6001,False
44755,NIFTY13OCT2624500PE,NIFTY,13OCT2026,2450000.000000,65,OPTIDX,NFO,5.000000,1801,False
44763,NIFTY13OCT2624700PE,NIFTY,13OCT2026,2470000.000000,65,OPTIDX,NFO,5.000000,1801,False
44772,TCS29SEP262760PE,TCS,29SEP2026,276000.000000,225,OPTSTK,NFO,5.000000,9001,False
73925,NIFTY29SEP2623350CE,NIFTY,29SEP2026,2335000.000000,65,OPTIDX,NFO,5.000000,1801,False
73931,AUROPHARMA23NOV261840PE,AUROPHARMA,23NOV2026,184000.000000,550,OPTSTK,NFO,5.000000,16501,False
73974,AXISBANK27OCT261180PE,AXISBANK,27OCT2026,118000.000000,625,OPTSTK,NFO,5.000000,18751,False
73982,NIFTY29SEP2623450PE,NIFTY,29SEP2026,2345000.000000,65,OPTIDX,NFO,5.000000,1801,False
44779,NIFTY13OCT2625000PE,NIFTY,13OCT2026,2500000.000000,65,OPTIDX,NFO,5.000000,1801,False
45472,DIVISLAB29SEP269600CE,DIVISLAB,29SEP2026,960000.000000,100,OPTSTK,NFO,5.000000,3001,False
45719,GODREJCP27OCT26740CE,GODREJCP,27OCT2026,74000.000000,500,OPTSTK,NFO,5.000000,25001,False
46009,INDUSTOWER29SEP26320PE,INDUSTOWER,29SEP2026,32000.000000,1700,OPTSTK,NFO,5.000000,68001,False
73983,AXISBANK27OCT261340PE,AXISBANK,27OCT2026,134000.000000,625,OPTSTK,NFO,5.000000,18751,False
74005,NIFTY29SEP2623650CE,NIFTY,29SEP2026,2365000.000000,65,OPTIDX,NFO,5.000000,1801,False
74009,NIFTY29SEP2623700PE,NIFTY,29SEP2026,2370000.000000,65,OPTIDX,NFO,5.000000,1801,False
74010,NIFTY29SEP2623750CE,NIFTY,29SEP2026,2375000.000000,65,OPTIDX,NFO,5.000000,1801,False
46013,INDUSTOWER29SEP26330PE,INDUSTOWER,29SEP2026,33000.000000,1700,OPTSTK,NFO,5.000000,68001,False
46023,INDUSTOWER29SEP26345CE,INDUSTOWER,29SEP2026,34500.000000,1700,OPTSTK,NFO,5.000000,68001,False
46050,INDUSTOWER29SEP26360PE,INDUSTOWER,29SEP2026,36000.000000,1700,OPTSTK,NFO,5.000000,68001,False
46054,INDUSTOWER29SEP26370PE,INDUSTOWER,29SEP2026,37000.000000,1700,OPTSTK,NFO,5.000000,68001,False
74058,NIFTY29SEP2623950CE,NIFTY,29SEP2026,2395000.000000,65,OPTIDX,NFO,5.000000,1801,False
74060,NIFTY29SEP2624050CE,NIFTY,29SEP2026,2405000.000000,65,OPTIDX,NFO,5.000000,1801,False
74066,NIFTY29SEP2624150CE,NIFTY,29SEP2026,2415000.000000,65,OPTIDX,NFO,5.000000,1801,False
74245,GAIL29SEP26157.5PE,GAIL,29SEP2026,15750.000000,3550,OPTSTK,NFO,1.000000,142001,False
46207,INDUSTOWER27OCT26380PE,INDUSTOWER,27OCT2026,38000.000000,1700,OPTSTK,NFO,5.000000,68001,False
46055,INDUSTOWER29SEP26375CE,INDUSTOWER,29SEP2026,37500.000000,1700,OPTSTK,NFO,5.000000,68001,False
46070,INDUSTOWER29SEP26410PE,INDUSTOWER,29SEP2026,41000.000000,1700,OPTSTK,NFO,5.000000,68001,False
46080,INDUSTOWER29SEP26430PE,INDUSTOWER,29SEP2026,43000.000000,1700,OPTSTK,NFO,5.000000,68001,False
74350,NIFTY29SEP2624600PE,NIFTY,29SEP2026,2460000.000000,65,OPTIDX,NFO,5.000000,1801,False
74357,NIFTY29SEP2624800CE,NIFTY,29SEP2026,2480000.000000,65,OPTIDX,NFO,5.000000,1801,False
74367,NIFTY29SEP2625050PE,NIFTY,29SEP2026,2505000.000000,65,OPTIDX,NFO,5.000000,1801,False
74368,NIFTY29SEP2625100CE,NIFTY,29SEP2026,2510000.000000,65,OPTIDX,NFO,5.000000,1801,False
46214,INDUSTOWER27OCT26400PE,INDUSTOWER,27OCT2026,40000.000000,1700,OPTSTK,NFO,5.000000,68001,False
46310,KALYANKJIL29SEP26690CE,KALYANKJIL,29SEP2026,69000.000000,1350,OPTSTK,NFO,5.000000,40501,False
46365,MCX27OCT263700CE,MCX,27OCT2026,370000.000000,225,OPTSTK,NFO,5.000000,6751,False
46460,PAYTM29SEP261900CE,PAYTM,29SEP2026,190000.000000,725,OPTSTK,NFO,5.000000,14501,False
74391,NIFTY29SEP2625400CE,NIFTY,29SEP2026,2540000.000000,65,OPTIDX,NFO,5.000000,1801,False
74400,BAJAJ-AUTO27OCT2611500PE,BAJAJ-AUTO,27OCT2026,1150000.000000,75,OPTSTK,NFO,5.000000,2251,False
74405,BAJAJ-AUTO27OCT2612100CE,BAJAJ-AUTO,27OCT2026,1210000.000000,75,OPTSTK,NFO,5.000000,2251,False
74422,NIFTY29SEP2625850CE,NIFTY,29SEP2026,2585000.000000,65,OPTIDX,NFO,5.000000,1801,False
46471,PAYTM29SEP261960PE,PAYTM,29SEP2026,196000.000000,725,OPTSTK,NFO,5.000000,14501,False
46475,PAYTM29SEP262000PE,PAYTM,29SEP2026,200000.000000,725,OPTSTK,NFO,5.000000,14501,False
46476,PAYTM29SEP262040CE,PAYTM,29SEP2026,204000.000000,725,OPTSTK,NFO,5.000000,14501,False
46633,SOLARINDS27OCT2623500PE,SOLARINDS,27OCT2026,2350000.000000,50,OPTSTK,NFO,5.000000,1501,False
74428,BAJAJ-AUTO27OCT2612900CE,BAJAJ-AUTO,27OCT2026,1290000.000000,75,OPTSTK,NFO,5.000000,2251,False
74432,NIFTY29SEP2625950CE,NIFTY,29SEP2026,2595000.000000,65,OPTIDX,NFO,5.000000,1801,False
74466,NIFTY29SEP2626200PE,NIFTY,29SEP2026,2620000.000000,65,OPTIDX,NFO,5.000000,1801,False
74468,NIFTY29SEP2626250PE,NIFTY,29SEP2026,2625000.000000,65,OPTIDX,NFO,5.000000,1801,False
47098,NIFTY15SEP2621650CE,NIFTY,15SEP2026,2165000.000000,65,OPTIDX,NFO,5.000000,1801,False
47195,NIFTY28DEC2733000PE,NIFTY,28DEC2027,3300000.000000,65,OPTIDX,NFO,5.000000,1801,False
47196,NIFTY27JUN2833000CE,NIFTY,27JUN2028,3300000.000000,65,OPTIDX,NFO,5.000000,1801,False
47198,NIFTY26DEC2833000CE,NIFTY,26DEC2028,3300000.000000,65,OPTIDX,NFO,5.000000,1801,False
74476,NIFTY29SEP2626350PE,NIFTY,29SEP2026,2635000.000000,65,OPTIDX,NFO,5.000000,1801,False
74490,NIFTY29SEP2626700PE,NIFTY,29SEP2026,2670000.000000,65,OPTIDX,NFO,5.000000,1801,False
74496,NIFTY29SEP2626850PE,NIFTY,29SEP2026,2685000.000000,65,OPTIDX,NFO,5.000000,1801,False
74497,NIFTY29SEP2626900CE,NIFTY,29SEP2026,2690000.000000,65,OPTIDX,NFO,5.000000,1801,False
47223,NIFTY15SEP2622050PE,NIFTY,15SEP2026,2205000.000000,65,OPTIDX,NFO,5.000000,1801,False
47240,NIFTY15SEP2622250CE,NIFTY,15SEP2026,2225000.000000,65,OPTIDX,NFO,5.000000,1801,False
47250,NIFTY15SEP2622300PE,NIFTY,15SEP2026,2230000.000000,65,OPTIDX,NFO,5.000000,1801,False
47255,NIFTY15SEP2622450CE,NIFTY,15SEP2026,2245000.000000,65,OPTIDX,NFO,5.000000,1801,False
74503,NIFTY29SEP2627100CE,NIFTY,29SEP2026,2710000.000000,65,OPTIDX,NFO,5.000000,1801,False
74638,NIFTY24JUN3116500CE,NIFTY,24JUN2031,1650000.000000,65,OPTIDX,NFO,5.000000,1801,False
74653,NIFTY24JUN3127000CE,NIFTY,24JUN2031,2700000.000000,65,OPTIDX,NFO,5.000000,1801,False
74661,NIFTY24JUN3131500CE,NIFTY,24JUN2031,3150000.000000,65,OPTIDX,NFO,5.000000,1801,False
47262,NIFTY15SEP2622600PE,NIFTY,15SEP2026,2260000.000000,65,OPTIDX,NFO,5.000000,1801,False
47281,NIFTY15SEP2623100CE,NIFTY,15SEP2026,2310000.000000,65,OPTIDX,NFO,5.000000,1801,False
47299,NIFTY15SEP2623550CE,NIFTY,15SEP2026,2355000.000000,65,OPTIDX,NFO,5.000000,1801,False
47324,NIFTY15SEP2624100PE,NIFTY,15SEP2026,2410000.000000,65,OPTIDX,NFO,5.000000,1801,False
74682,GAIL27OCT26175PE,GAIL,27OCT2026,17500.000000,3550,OPTSTK,NFO,1.000000,142001,False
74862,BAJAJ-AUTO23NOV2610800CE,BAJAJ-AUTO,23NOV2026,1080000.000000,75,OPTSTK,NFO,5.000000,2251,False
74883,GLENMARK29SEP262180PE,GLENMARK,29SEP2026,218000.000000,375,OPTSTK,NFO,5.000000,11251,False
74910,GLENMARK29SEP262460PE,GLENMARK,29SEP2026,246000.000000,375,OPTSTK,NFO,5.000000,11251,False
47336,NIFTY15SEP2624400PE,NIFTY,15SEP2026,2440000.000000,65,OPTIDX,NFO,5.000000,1801,False
47337,NIFTY15SEP2624450CE,NIFTY,15SEP2026,2445000.000000,65,OPTIDX,NFO,5.000000,1801,False
47414,NIFTY15SEP2625800PE,NIFTY,15SEP2026,2580000.000000,65,OPTIDX,NFO,5.000000,1801,False
47421,NIFTY15SEP2625900CE,NIFTY,15SEP2026,2590000.000000,65,OPTIDX,NFO,5.000000,1801,False
74928,BAJAJ-AUTO23NOV2612400CE,BAJAJ-AUTO,23NOV2026,1240000.000000,75,OPTSTK,NFO,5.000000,2251,False
74929,BAJAJ-AUTO23NOV2612400PE,BAJAJ-AUTO,23NOV2026,1240000.000000,75,OPTSTK,NFO,5.000000,2251,False
74955,GLENMARK29SEP262700CE,GLENMARK,29SEP2026,270000.000000,375,OPTSTK,NFO,5.000000,11251,False
75124,NIFTYNXT5029SEP2665500CE,NIFTYNXT50,29SEP2026,6550000.000000,25,OPTIDX,NFO,5.000000,601,False
47422,NIFTY15SEP2625900PE,NIFTY,15SEP2026,2590000.000000,65,OPTIDX,NFO,5.000000,1801,False
47432,NIFTY15SEP2626000PE,NIFTY,15SEP2026,2600000.000000,65,OPTIDX,NFO,5.000000,1801,False
47442,NIFTY15SEP2626200PE,NIFTY,15SEP2026,2620000.000000,65,OPTIDX,NFO,5.000000,1801,False
47473,LAURUSLABS29SEP261960PE,LAURUSLABS,29SEP2026,196000.000000,850,OPTSTK,NFO,5.000000,17001,False
75161,GLENMARK27OCT262200CE,GLENMARK,27OCT2026,220000.000000,375,OPTSTK,NFO,5.000000,11251,False
75166,GLENMARK27OCT262240PE,GLENMARK,27OCT2026,224000.000000,375,OPTSTK,NFO,5.000000,11251,False
75167,GLENMARK27OCT262280CE,GLENMARK,27OCT2026,228000.000000,375,OPTSTK,NFO,5.000000,11251,False
75168,GLENMARK27OCT262280PE,GLENMARK,27OCT2026,228000.000000,375,OPTSTK,NFO,5.000000,11251,False
47538,TVSMOTOR29SEP264700CE,TVSMOTOR,29SEP2026,470000.000000,175,OPTSTK,NFO,5.000000,5251,False
48269,NIFTYFPI29SEP261280PE,NIFTYFPI,29SEP2026,128000.000000,1100,OPTIDX,NFO,5.000000,8501,False
48340,NIFTYFPI29SEP261435CE,NIFTYFPI,29SEP2026,143500.000000,1100,OPTIDX,NFO,5.000000,8501,False
48364,NIFTYFPI29SEP261475CE,NIFTYFPI,29SEP2026,147500.000000,1100,OPTIDX,NFO,5.000000,8501,False
75176,GLENMARK27OCT262440CE,GLENMARK,27OCT2026,244000.000000,375,OPTSTK,NFO,5.000000,11251,False
75194,GLENMARK27OCT262800CE,GLENMARK,27OCT2026,280000.000000,375,OPTSTK,NFO,5.000000,11251,False
75221,NIFTYNXT5029SEP2666200CE,NIFTYNXT50,29SEP2026,6620000.000000,25,OPTIDX,NFO,5.000000,601,False
75224,NIFTYNXT5029SEP2666300PE,NIFTYNXT50,29SEP2026,6630000.000000,25,OPTIDX,NFO,5.000000,601,False
48387,NIFTYFPI29SEP261510PE,NIFTYFPI,29SEP2026,151000.000000,1100,OPTIDX,NFO,5.000000,8501,False
48392,NIFTYFPI29SEP261525CE,NIFTYFPI,29SEP2026,152500.000000,1100,OPTIDX,NFO,5.000000,8501,False
48425,NIFTYFPI29SEP261555PE,NIFTYFPI,29SEP2026,155500.000000,1100,OPTIDX,NFO,5.000000,8501,False
48471,NIFTYFPI29SEP261630PE,NIFTYFPI,29SEP2026,163000.000000,1100,OPTIDX,NFO,5.000000,8501,False
75225,NIFTYNXT5029SEP2666400CE,NIFTYNXT50,29SEP2026,6640000.000000,25,OPTIDX,NFO,5.000000,601,False
75229,NIFTYNXT5029SEP2666500CE,NIFTYNXT50,29SEP2026,6650000.000000,25,OPTIDX,NFO,5.000000,601,False
75231,GMRAIRPORT29SEP2685CE,GMRAIRPORT,29SEP2026,8500.000000,6975,OPTSTK,NFO,1.000000,209251,False
75233,NIFTYNXT5029SEP2666600CE,NIFTYNXT50,29SEP2026,6660000.000000,25,OPTIDX,NFO,5.000000,601,False
48500,NIFTYFPI29SEP261670CE,NIFTYFPI,29SEP2026,167000.000000,1100,OPTIDX,NFO,5.000000,8501,False
48517,NIFTYFPI29SEP261685PE,NIFTYFPI,29SEP2026,168500.000000,1100,OPTIDX,NFO,5.000000,8501,False
48538,NIFTYFPI29SEP261740CE,NIFTYFPI,29SEP2026,174000.000000,1100,OPTIDX,NFO,5.000000,8501,False
48582,NIFTYFPI29SEP261800CE,NIFTYFPI,29SEP2026,180000.000000,1100,OPTIDX,NFO,5.000000,8501,False
75234,NIFTYNXT5029SEP2666600PE,NIFTYNXT50,29SEP2026,6660000.000000,25,OPTIDX,NFO,5.000000,601,False
75246,GMRAIRPORT29SEP2687PE,GMRAIRPORT,29SEP2026,8700.000000,6975,OPTSTK,NFO,1.000000,209251,False
75252,GMRAIRPORT29SEP2693PE,GMRAIRPORT,29SEP2026,9300.000000,6975,OPTSTK,NFO,1.000000,209251,False
75253,GMRAIRPORT29SEP2695CE,GMRAIRPORT,29SEP2026,9500.000000,6975,OPTSTK,NFO,1.000000,209251,False
48730,APOLLOHOSP27OCT26FUT,APOLLOHOSP,27OCT2026,-1.000000,125,FUTSTK,NFO,50.000000,2501,False
48733,ASTRAL27OCT26FUT,ASTRAL,27OCT2026,-1.000000,425,FUTSTK,NFO,10.000000,17001,False
48742,BANKBARODA27OCT26FUT,BANKBARODA,27OCT2026,-1.000000,2925,FUTSTK,NFO,1.000000,87751,False
75260,NIFTYNXT5029SEP2667400PE,NIFTYNXT50,29SEP2026,6740000.000000,25,OPTIDX,NFO,5.000000,601,False
75267,GMRAIRPORT29SEP2699PE,GMRAIRPORT,29SEP2026,9900.000000,6975,OPTSTK,NFO,1.000000,209251,False
75282,GMRAIRPORT29SEP26115CE,GMRAIRPORT,29SEP2026,11500.000000,6975,OPTSTK,NFO,1.000000,209251,False
75296,NIFTYNXT5029SEP2667700CE,NIFTYNXT50,29SEP2026,6770000.000000,25,OPTIDX,NFO,5.000000,601,False
48758,BHARTIARTL27OCT26FUT,BHARTIARTL,27OCT2026,-1.000000,475,FUTSTK,NFO,10.000000,14251,False
48777,CAMS27OCT26FUT,CAMS,27OCT2026,-1.000000,825,FUTSTK,NFO,5.000000,33001,False
75325,NIFTYNXT5029SEP2669100CE,NIFTYNXT50,29SEP2026,6910000.000000,25,OPTIDX,NFO,5.000000,601,False
75337,NIFTYNXT5029SEP2669700CE,NIFTYNXT50,29SEP2026,6970000.000000,25,OPTIDX,NFO,5.000000,601,False
75338,NIFTYNXT5029SEP2669700PE,NIFTYNXT50,29SEP2026,6970000.000000,25,OPTIDX,NFO,5.000000,601,False
75408,NIFTYNXT5029SEP2670400CE,NIFTYNXT50,29SEP2026,7040000.000000,25,OPTIDX,NFO,5.000000,601,False
48779,CDSL27OCT26FUT,CDSL,27OCT2026,-1.000000,475,FUTSTK,NFO,10.000000,19001,False
48830,DELHIVERY27OCT26FUT,DELHIVERY,27OCT2026,-1.000000,2075,FUTSTK,NFO,5.000000,62251,False
75431,GMRAIRPORT27OCT2678PE,GMRAIRPORT,27OCT2026,7800.000000,6975,OPTSTK,NFO,1.000000,209251,False
75451,GMRAIRPORT27OCT2692PE,GMRAIRPORT,27OCT2026,9200.000000,6975,OPTSTK,NFO,1.000000,209251,False
75460,GMRAIRPORT27OCT26102CE,GMRAIRPORT,27OCT2026,10200.000000,6975,OPTSTK,NFO,1.000000,209251,False
75493,BAJAJFINSV23NOV261880PE,BAJAJFINSV,23NOV2026,188000.000000,300,OPTSTK,NFO,5.000000,12001,False
75529,BAJAJFINSV23NOV261960PE,BAJAJFINSV,23NOV2026,196000.000000,300,OPTSTK,NFO,5.000000,12001,False
48861,HDFCAMC27OCT26FUT,HDFCAMC,27OCT2026,-1.000000,300,FUTSTK,NFO,10.000000,9001,False
48865,HDFCLIFE27OCT26FUT,HDFCLIFE,27OCT2026,-1.000000,1100,FUTSTK,NFO,5.000000,44001,False
48867,HINDALCO27OCT26FUT,HINDALCO,27OCT2026,-1.000000,700,FUTSTK,NFO,10.000000,21001,False
75494,NIFTYNXT5029SEP2670500CE,NIFTYNXT50,29SEP2026,7050000.000000,25,OPTIDX,NFO,5.000000,601,False
75495,NIFTYNXT5029SEP2670500PE,NIFTYNXT50,29SEP2026,7050000.000000,25,OPTIDX,NFO,5.000000,601,False
75510,NIFTYNXT5029SEP2671300CE,NIFTYNXT50,29SEP2026,7130000.000000,25,OPTIDX,NFO,5.000000,601,False
48875,ICICIGI27OCT26FUT,ICICIGI,27OCT2026,-1.000000,325,FUTSTK,NFO,10.000000,13001,False
48885,NIFTYFPI27OCT261340CE,NIFTYFPI,27OCT2026,134000.000000,1100,OPTIDX,NFO,5.000000,8501,False
75535,BAJAJFINSV23NOV262080PE,BAJAJFINSV,23NOV2026,208000.000000,300,OPTSTK,NFO,5.000000,12001,False
75540,NIFTYNXT5029SEP2672300CE,NIFTYNXT50,29SEP2026,7230000.000000,25,OPTIDX,NFO,5.000000,601,False
75609,GODFRYPHLP29SEP261750PE,GODFRYPHLP,29SEP2026,175000.000000,275,OPTSTK,NFO,5.000000,11001,False
75612,GODFRYPHLP29SEP261950CE,GODFRYPHLP,29SEP2026,195000.000000,275,OPTSTK,NFO,5.000000,11001,False
75620,GODFRYPHLP29SEP262350CE,GODFRYPHLP,29SEP2026,235000.000000,275,OPTSTK,NFO,5.000000,11001,False
75626,GODFRYPHLP29SEP262650CE,GODFRYPHLP,29SEP2026,265000.000000,275,OPTSTK,NFO,5.000000,11001,False
75645,NIFTYNXT5029SEP2673000PE,NIFTYNXT50,29SEP2026,7300000.000000,25,OPTIDX,NFO,5.000000,601,False
75665,GODFRYPHLP27OCT261900CE,GODFRYPHLP,27OCT2026,190000.000000,275,OPTSTK,NFO,5.000000,11001,False
48892,INOXWIND27OCT26FUT,INOXWIND,27OCT2026,-1.000000,6400,FUTSTK,NFO,1.000000,256001,False
48894,IREDA27OCT26FUT,IREDA,27OCT2026,-1.000000,4525,FUTSTK,NFO,1.000000,181001,False
48901,JUBLFOOD27OCT26FUT,JUBLFOOD,27OCT2026,-1.000000,1250,FUTSTK,NFO,5.000000,50001,False
75668,NIFTYNXT5029SEP2673500PE,NIFTYNXT50,29SEP2026,7350000.000000,25,OPTIDX,NFO,5.000000,601,False
75679,GODFRYPHLP27OCT262000PE,GODFRYPHLP,27OCT2026,200000.000000,275,OPTSTK,NFO,5.000000,11001,False
75768,NIFTYNXT5029SEP2674200CE,NIFTYNXT50,29SEP2026,7420000.000000,25,OPTIDX,NFO,5.000000,601,False
75772,NIFTYNXT5029SEP2674400CE,NIFTYNXT50,29SEP2026,7440000.000000,25,OPTIDX,NFO,5.000000,601,False
48902,KALYANKJIL27OCT26FUT,KALYANKJIL,27OCT2026,-1.000000,1350,FUTSTK,NFO,5.000000,40501,False
48903,KAYNES27OCT26FUT,KAYNES,27OCT2026,-1.000000,150,FUTSTK,NFO,10.000000,6001,False
48904,KEI27OCT26FUT,KEI,27OCT2026,-1.000000,175,FUTSTK,NFO,50.000000,5251,False
48937,MCX27OCT26FUT,MCX,27OCT2026,-1.000000,225,FUTSTK,NFO,10.000000,6751,False
75777,NIFTYNXT5029SEP2674600CE,NIFTYNXT50,29SEP2026,7460000.000000,25,OPTIDX,NFO,5.000000,601,False
75778,NIFTYNXT5029SEP2674600PE,NIFTYNXT50,29SEP2026,7460000.000000,25,OPTIDX,NFO,5.000000,601,False
75789,NIFTYNXT5029SEP2675100PE,NIFTYNXT50,29SEP2026,7510000.000000,25,OPTIDX,NFO,5.000000,601,False
75796,GODREJCP29SEP26850CE,GODREJCP,29SEP2026,85000.000000,500,OPTSTK,NFO,5.000000,25001,False
48943,NAM-INDIA27OCT26FUT,NAM-INDIA,27OCT2026,-1.000000,625,FUTSTK,NFO,10.000000,18751,False
48978,POLICYBZR27OCT26FUT,POLICYBZR,27OCT2026,-1.000000,350,FUTSTK,NFO,10.000000,14001,False
48988,RVNL27OCT26FUT,RVNL,27OCT2026,-1.000000,1925,FUTSTK,NFO,1.000000,96251,False
48992,SBICARD27OCT26FUT,SBICARD,27OCT2026,-1.000000,800,FUTSTK,NFO,5.000000,40001,False
75807,NIFTYNXT5029SEP2675400CE,NIFTYNXT50,29SEP2026,7540000.000000,25,OPTIDX,NFO,5.000000,601,False
75809,GODREJCP29SEP26950CE,GODREJCP,29SEP2026,95000.000000,500,OPTSTK,NFO,5.000000,25001,False
75817,NIFTYNXT5029SEP2675500PE,NIFTYNXT50,29SEP2026,7550000.000000,25,OPTIDX,NFO,5.000000,601,False
75824,GODREJCP29SEP261070CE,GODREJCP,29SEP2026,107000.000000,500,OPTSTK,NFO,5.000000,25001,False
49321,BANKNIFTY27OCT2650500PE,BANKNIFTY,27OCT2026,5050000.000000,30,OPTIDX,NFO,5.000000,601,False
49087,NIFTYFPI27OCT261430PE,NIFTYFPI,27OCT2026,143000.000000,1100,OPTIDX,NFO,5.000000,8501,False
49098,NIFTYFPI27OCT261435CE,NIFTYFPI,27OCT2026,143500.000000,1100,OPTIDX,NFO,5.000000,8501,False
49117,NIFTYFPI27OCT261445PE,NIFTYFPI,27OCT2026,144500.000000,1100,OPTIDX,NFO,5.000000,8501,False
75827,NIFTYNXT5029SEP2675700CE,NIFTYNXT50,29SEP2026,7570000.000000,25,OPTIDX,NFO,5.000000,601,False
75835,GODREJCP29SEP261150PE,GODREJCP,29SEP2026,115000.000000,500,OPTSTK,NFO,5.000000,25001,False
75859,NIFTYNXT5029SEP2676200CE,NIFTYNXT50,29SEP2026,7620000.000000,25,OPTIDX,NFO,5.000000,601,False
75867,NIFTYNXT5029SEP2676600CE,NIFTYNXT50,29SEP2026,7660000.000000,25,OPTIDX,NFO,5.000000,601,False
49329,NIFTYFPI27OCT261515CE,NIFTYFPI,27OCT2026,151500.000000,1100,OPTIDX,NFO,5.000000,8501,False
49339,NIFTYFPI27OCT261525CE,NIFTYFPI,27OCT2026,152500.000000,1100,OPTIDX,NFO,5.000000,8501,False
49353,BANKNIFTY27OCT2651400CE,BANKNIFTY,27OCT2026,5140000.000000,30,OPTIDX,NFO,5.000000,601,False
49354,BANKNIFTY27OCT2651400PE,BANKNIFTY,27OCT2026,5140000.000000,30,OPTIDX,NFO,5.000000,601,False
75868,NIFTYNXT5029SEP2676600PE,NIFTYNXT50,29SEP2026,7660000.000000,25,OPTIDX,NFO,5.000000,601,False
75906,GODREJCP27OCT26720PE,GODREJCP,27OCT2026,72000.000000,500,OPTSTK,NFO,5.000000,25001,False
75911,GODREJCP27OCT26800CE,GODREJCP,27OCT2026,80000.000000,500,OPTSTK,NFO,5.000000,25001,False
75930,GODREJCP27OCT26900PE,GODREJCP,27OCT2026,90000.000000,500,OPTSTK,NFO,5.000000,25001,False
49355,BANKNIFTY27OCT2651500CE,BANKNIFTY,27OCT2026,5150000.000000,30,OPTIDX,NFO,5.000000,601,False
49364,BANKNIFTY27OCT2651800PE,BANKNIFTY,27OCT2026,5180000.000000,30,OPTIDX,NFO,5.000000,601,False
49365,BANKNIFTY27OCT2651900CE,BANKNIFTY,27OCT2026,5190000.000000,30,OPTIDX,NFO,5.000000,601,False
49366,BANKNIFTY27OCT2651900PE,BANKNIFTY,27OCT2026,5190000.000000,30,OPTIDX,NFO,5.000000,601,False
75937,GODREJCP27OCT26980CE,GODREJCP,27OCT2026,98000.000000,500,OPTSTK,NFO,5.000000,25001,False
75940,GODREJCP27OCT261000PE,GODREJCP,27OCT2026,100000.000000,500,OPTSTK,NFO,5.000000,25001,False
75942,GODREJCP27OCT261020PE,GODREJCP,27OCT2026,102000.000000,500,OPTSTK,NFO,5.000000,25001,False
75945,GODREJCP27OCT261060CE,GODREJCP,27OCT2026,106000.000000,500,OPTSTK,NFO,5.000000,25001,False
49379,BANKNIFTY27OCT2652600CE,BANKNIFTY,27OCT2026,5260000.000000,30,OPTIDX,NFO,5.000000,601,False
49381,BANKNIFTY27OCT2652700CE,BANKNIFTY,27OCT2026,5270000.000000,30,OPTIDX,NFO,5.000000,601,False
49390,BANKNIFTY27OCT2653100PE,BANKNIFTY,27OCT2026,5310000.000000,30,OPTIDX,NFO,5.000000,601,False
49395,NIFTYFPI27OCT261540CE,NIFTYFPI,27OCT2026,154000.000000,1100,OPTIDX,NFO,5.000000,8501,False
75948,GODREJCP27OCT261080PE,GODREJCP,27OCT2026,108000.000000,500,OPTSTK,NFO,5.000000,25001,False
76013,BAJAJHLDNG27OCT2610500PE,BAJAJHLDNG,27OCT2026,1050000.000000,75,OPTSTK,NFO,5.000000,2251,False
76070,NIFTYNXT5029SEP2679300PE,NIFTYNXT50,29SEP2026,7930000.000000,25,OPTIDX,NFO,5.000000,601,False
76072,NIFTYNXT5029SEP2679400PE,NIFTYNXT50,29SEP2026,7940000.000000,25,OPTIDX,NFO,5.000000,601,False
49442,BANKNIFTY27OCT2655000PE,BANKNIFTY,27OCT2026,5500000.000000,30,OPTIDX,NFO,5.000000,601,False
49400,NIFTYFPI27OCT261550CE,NIFTYFPI,27OCT2026,155000.000000,1100,OPTIDX,NFO,5.000000,8501,False
49417,BANKNIFTY27OCT2654100CE,BANKNIFTY,27OCT2026,5410000.000000,30,OPTIDX,NFO,5.000000,601,False
49425,BANKNIFTY27OCT2654500CE,BANKNIFTY,27OCT2026,5450000.000000,30,OPTIDX,NFO,5.000000,601,False
76073,NIFTYNXT5029SEP2679500CE,NIFTYNXT50,29SEP2026,7950000.000000,25,OPTIDX,NFO,5.000000,601,False
76082,BAJAJHLDNG27OCT2612300CE,BAJAJHLDNG,27OCT2026,1230000.000000,75,OPTSTK,NFO,5.000000,2251,False
76136,GODREJPROP29SEP261700PE,GODREJPROP,29SEP2026,170000.000000,325,OPTSTK,NFO,5.000000,13001,False
76146,GODREJPROP29SEP261780PE,GODREJPROP,29SEP2026,178000.000000,325,OPTSTK,NFO,5.000000,13001,False
49461,BANKNIFTY27OCT2655700CE,BANKNIFTY,27OCT2026,5570000.000000,30,OPTIDX,NFO,5.000000,601,False
49471,BANKNIFTY27OCT2656200CE,BANKNIFTY,27OCT2026,5620000.000000,30,OPTIDX,NFO,5.000000,601,False
49488,NIFTYFPI27OCT261585PE,NIFTYFPI,27OCT2026,158500.000000,1100,OPTIDX,NFO,5.000000,8501,False
49490,BANKNIFTY27OCT2656700PE,BANKNIFTY,27OCT2026,5670000.000000,30,OPTIDX,NFO,5.000000,601,False
76160,GODREJPROP29SEP261940PE,GODREJPROP,29SEP2026,194000.000000,325,OPTSTK,NFO,5.000000,13001,False
76162,GODREJPROP29SEP261980PE,GODREJPROP,29SEP2026,198000.000000,325,OPTSTK,NFO,5.000000,13001,False
76176,NIFTYNXT5029SEP2680700PE,NIFTYNXT50,29SEP2026,8070000.000000,25,OPTIDX,NFO,5.000000,601,False
76198,BAJFINANCE27OCT26970PE,BAJFINANCE,27OCT2026,97000.000000,750,OPTSTK,NFO,5.000000,22501,False
49516,BANKNIFTY27OCT2657800PE,BANKNIFTY,27OCT2026,5780000.000000,30,OPTIDX,NFO,5.000000,601,False
49526,BANKNIFTY27OCT2658200PE,BANKNIFTY,27OCT2026,5820000.000000,30,OPTIDX,NFO,5.000000,601,False
49529,BANKNIFTY27OCT2658400CE,BANKNIFTY,27OCT2026,5840000.000000,30,OPTIDX,NFO,5.000000,601,False
49530,BANKNIFTY27OCT2658400PE,BANKNIFTY,27OCT2026,5840000.000000,30,OPTIDX,NFO,5.000000,601,False
76204,BAJFINANCE27OCT261030PE,BAJFINANCE,27OCT2026,103000.000000,750,OPTSTK,NFO,5.000000,22501,False
76207,BAJFINANCE27OCT261070CE,BAJFINANCE,27OCT2026,107000.000000,750,OPTSTK,NFO,5.000000,22501,False
76210,BAJFINANCE27OCT261090PE,BAJFINANCE,27OCT2026,109000.000000,750,OPTSTK,NFO,5.000000,22501,False
76291,GODREJPROP27OCT261520PE,GODREJPROP,27OCT2026,152000.000000,325,OPTSTK,NFO,5.000000,13001,False
76297,GODREJPROP27OCT261680PE,GODREJPROP,27OCT2026,168000.000000,325,OPTSTK,NFO,5.000000,13001,False
76301,GODREJPROP27OCT261760PE,GODREJPROP,27OCT2026,176000.000000,325,OPTSTK,NFO,5.000000,13001,False
76327,GODREJPROP27OCT262200CE,GODREJPROP,27OCT2026,220000.000000,325,OPTSTK,NFO,5.000000,13001,False
76328,GODREJPROP27OCT262200PE,GODREJPROP,27OCT2026,220000.000000,325,OPTSTK,NFO,5.000000,13001,False
49544,BANKNIFTY27OCT2658900PE,BANKNIFTY,27OCT2026,5890000.000000,30,OPTIDX,NFO,5.000000,601,False
49546,BANKNIFTY27OCT2659000PE,BANKNIFTY,27OCT2026,5900000.000000,30,OPTIDX,NFO,5.000000,601,False
49564,BANKNIFTY27OCT2659600PE,BANKNIFTY,27OCT2026,5960000.000000,30,OPTIDX,NFO,5.000000,601,False
49594,BANKNIFTY27OCT2660900PE,BANKNIFTY,27OCT2026,6090000.000000,30,OPTIDX,NFO,5.000000,601,False
49599,BANKNIFTY27OCT2661200CE,BANKNIFTY,27OCT2026,6120000.000000,30,OPTIDX,NFO,5.000000,601,False
49621,BANKNIFTY27OCT2662100CE,BANKNIFTY,27OCT2026,6210000.000000,30,OPTIDX,NFO,5.000000,601,False
49623,BANKNIFTY27OCT2662200CE,BANKNIFTY,27OCT2026,6220000.000000,30,OPTIDX,NFO,5.000000,601,False
49651,BANKNIFTY27OCT2663200CE,BANKNIFTY,27OCT2026,6320000.000000,30,OPTIDX,NFO,5.000000,601,False
76329,GODREJPROP27OCT262240CE,GODREJPROP,27OCT2026,224000.000000,325,OPTSTK,NFO,5.000000,13001,False
76346,GODREJPROP27OCT262320PE,GODREJPROP,27OCT2026,232000.000000,325,OPTSTK,NFO,5.000000,13001,False
76347,GODREJPROP27OCT262360CE,GODREJPROP,27OCT2026,236000.000000,325,OPTSTK,NFO,5.000000,13001,False
76389,BANKNIFTY30MAR2749500PE,BANKNIFTY,30MAR2027,4950000.000000,30,OPTIDX,NFO,5.000000,601,False
49652,BANKNIFTY27OCT2663200PE,BANKNIFTY,27OCT2026,6320000.000000,30,OPTIDX,NFO,5.000000,601,False
49668,BANKNIFTY27OCT2663900CE,BANKNIFTY,27OCT2026,6390000.000000,30,OPTIDX,NFO,5.000000,601,False
49678,BANKNIFTY27OCT2664000PE,BANKNIFTY,27OCT2026,6400000.000000,30,OPTIDX,NFO,5.000000,601,False
49687,BANKNIFTY27OCT2664500CE,BANKNIFTY,27OCT2026,6450000.000000,30,OPTIDX,NFO,5.000000,601,False
76426,BANKNIFTY30MAR2763000PE,BANKNIFTY,30MAR2027,6300000.000000,30,OPTIDX,NFO,5.000000,601,False
76505,BAJFINANCE23NOV26920CE,BAJFINANCE,23NOV2026,92000.000000,750,OPTSTK,NFO,5.000000,22501,False
76506,BAJFINANCE23NOV26920PE,BAJFINANCE,23NOV2026,92000.000000,750,OPTSTK,NFO,5.000000,22501,False
76508,BAJFINANCE23NOV26940PE,BAJFINANCE,23NOV2026,94000.000000,750,OPTSTK,NFO,5.000000,22501,False
49760,NIFTYFPI27OCT261675PE,NIFTYFPI,27OCT2026,167500.000000,1100,OPTIDX,NFO,5.000000,8501,False
49938,NIFTYFPI27OCT261740PE,NIFTYFPI,27OCT2026,174000.000000,1100,OPTIDX,NFO,5.000000,8501,False
50061,NIFTYFPI27OCT261800PE,NIFTYFPI,27OCT2026,180000.000000,1100,OPTIDX,NFO,5.000000,8501,False
50238,FINNIFTY27OCT2622900PE,FINNIFTY,27OCT2026,2290000.000000,60,OPTIDX,NFO,5.000000,1801,False
76524,BAJFINANCE23NOV261100PE,BAJFINANCE,23NOV2026,110000.000000,750,OPTSTK,NFO,5.000000,22501,False
76525,BAJFINANCE23NOV261120CE,BAJFINANCE,23NOV2026,112000.000000,750,OPTSTK,NFO,5.000000,22501,False
76529,BAJFINANCE23NOV261160CE,BAJFINANCE,23NOV2026,116000.000000,750,OPTSTK,NFO,5.000000,22501,False
76670,BANDHANBNK27OCT26145PE,BANDHANBNK,27OCT2026,14500.000000,3600,OPTSTK,NFO,1.000000,108001,False
50241,FINNIFTY27OCT2623100CE,FINNIFTY,27OCT2026,2310000.000000,60,OPTIDX,NFO,5.000000,1801,False
50300,FINNIFTY27OCT2624700CE,FINNIFTY,27OCT2026,2470000.000000,60,OPTIDX,NFO,5.000000,1801,False
50302,FINNIFTY27OCT2624800CE,FINNIFTY,27OCT2026,2480000.000000,60,OPTIDX,NFO,5.000000,1801,False
50322,FINNIFTY27OCT2625000PE,FINNIFTY,27OCT2026,2500000.000000,60,OPTIDX,NFO,5.000000,1801,False
76671,BANDHANBNK27OCT26155CE,BANDHANBNK,27OCT2026,15500.000000,3600,OPTSTK,NFO,1.000000,108001,False
76673,BANDHANBNK27OCT26165CE,BANDHANBNK,27OCT2026,16500.000000,3600,OPTSTK,NFO,1.000000,108001,False
76723,BANDHANBNK23NOV26140PE,BANDHANBNK,23NOV2026,14000.000000,3600,OPTSTK,NFO,1.000000,108001,False
76726,BANDHANBNK23NOV26160CE,BANDHANBNK,23NOV2026,16000.000000,3600,OPTSTK,NFO,1.000000,108001,False
50329,FINNIFTY27OCT2625400CE,FINNIFTY,27OCT2026,2540000.000000,60,OPTIDX,NFO,5.000000,1801,False
50336,FINNIFTY27OCT2625700PE,FINNIFTY,27OCT2026,2570000.000000,60,OPTIDX,NFO,5.000000,1801,False
50339,FINNIFTY27OCT2625900CE,FINNIFTY,27OCT2026,2590000.000000,60,OPTIDX,NFO,5.000000,1801,False
50368,FINNIFTY27OCT2626900PE,FINNIFTY,27OCT2026,2690000.000000,60,OPTIDX,NFO,5.000000,1801,False
76825,GRASIM29SEP262980CE,GRASIM,29SEP2026,298000.000000,250,OPTSTK,NFO,5.000000,7501,False
76839,GRASIM29SEP263260CE,GRASIM,29SEP2026,326000.000000,250,OPTSTK,NFO,5.000000,7501,False
76844,GRASIM29SEP263340PE,GRASIM,29SEP2026,334000.000000,250,OPTSTK,NFO,5.000000,7501,False
76973,BANKBARODA23NOV26250PE,BANKBARODA,23NOV2026,25000.000000,2925,OPTSTK,NFO,1.000000,87751,False
76974,BANKBARODA23NOV26260CE,BANKBARODA,23NOV2026,26000.000000,2925,OPTSTK,NFO,1.000000,87751,False
77223,GRASIM27OCT263240CE,GRASIM,27OCT2026,324000.000000,250,OPTSTK,NFO,5.000000,7501,False
77224,GRASIM27OCT263240PE,GRASIM,27OCT2026,324000.000000,250,OPTSTK,NFO,5.000000,7501,False
77238,GRASIM27OCT263520PE,GRASIM,27OCT2026,352000.000000,250,OPTSTK,NFO,5.000000,7501,False
77241,GRASIM27OCT263600CE,GRASIM,27OCT2026,360000.000000,250,OPTSTK,NFO,5.000000,7501,False
77245,GRASIM27OCT263680CE,GRASIM,27OCT2026,368000.000000,250,OPTSTK,NFO,5.000000,7501,False
77250,GRASIM27OCT263760PE,GRASIM,27OCT2026,376000.000000,250,OPTSTK,NFO,5.000000,7501,False
77305,GVT&D29SEP264500PE,GVT&D,29SEP2026,450000.000000,125,OPTSTK,NFO,5.000000,5001,False
77307,GVT&D29SEP264700PE,GVT&D,29SEP2026,470000.000000,125,OPTSTK,NFO,5.000000,5001,False
77515,HAL29SEP265050PE,HAL,29SEP2026,505000.000000,150,OPTSTK,NFO,5.000000,4501,False
77516,HAL29SEP265150CE,HAL,29SEP2026,515000.000000,150,OPTSTK,NFO,5.000000,4501,False
77605,HAL27OCT264300CE,HAL,27OCT2026,430000.000000,150,OPTSTK,NFO,5.000000,4501,False
77621,BDL23NOV261280CE,BDL,23NOV2026,128000.000000,425,OPTSTK,NFO,5.000000,17001,False
77627,HAL27OCT264600PE,HAL,27OCT2026,460000.000000,150,OPTSTK,NFO,5.000000,4501,False
77640,HAL27OCT265200PE,HAL,27OCT2026,520000.000000,150,OPTSTK,NFO,5.000000,4501,False
77641,HAL27OCT265300CE,HAL,27OCT2026,530000.000000,150,OPTSTK,NFO,5.000000,4501,False
77648,HAL27OCT265600PE,HAL,27OCT2026,560000.000000,150,OPTSTK,NFO,5.000000,4501,False
77663,360ONE29SEP26960CE,360ONE,29SEP2026,96000.000000,500,OPTSTK,NFO,5.000000,20001,False
77670,360ONE29SEP261080PE,360ONE,29SEP2026,108000.000000,500,OPTSTK,NFO,5.000000,20001,False
77681,360ONE29SEP261240PE,360ONE,29SEP2026,124000.000000,500,OPTSTK,NFO,5.000000,20001,False
77704,HAVELLS29SEP261140PE,HAVELLS,29SEP2026,114000.000000,500,OPTSTK,NFO,5.000000,20001,False
77707,HAVELLS29SEP261220CE,HAVELLS,29SEP2026,122000.000000,500,OPTSTK,NFO,5.000000,20001,False
77748,HAVELLS27OCT26960PE,HAVELLS,27OCT2026,96000.000000,500,OPTSTK,NFO,5.000000,20001,False
77793,BDL23NOV261480CE,BDL,23NOV2026,148000.000000,425,OPTSTK,NFO,5.000000,17001,False
50391,FINNIFTY27OCT2627900CE,FINNIFTY,27OCT2026,2790000.000000,60,OPTIDX,NFO,5.000000,1801,False
50414,FINNIFTY27OCT2628700PE,FINNIFTY,27OCT2026,2870000.000000,60,OPTIDX,NFO,5.000000,1801,False
50418,FINNIFTY27OCT2628900PE,FINNIFTY,27OCT2026,2890000.000000,60,OPTIDX,NFO,5.000000,1801,False
50440,FINNIFTY27OCT2630000PE,FINNIFTY,27OCT2026,3000000.000000,60,OPTIDX,NFO,5.000000,1801,False
77818,HAVELLS27OCT261400PE,HAVELLS,27OCT2026,140000.000000,500,OPTSTK,NFO,5.000000,20001,False
77849,HCLTECH29SEP261130CE,HCLTECH,29SEP2026,113000.000000,400,OPTSTK,NFO,5.000000,20001,False
77854,HCLTECH29SEP261150PE,HCLTECH,29SEP2026,115000.000000,400,OPTSTK,NFO,5.000000,20001,False
77855,HCLTECH29SEP261170CE,HCLTECH,29SEP2026,117000.000000,400,OPTSTK,NFO,5.000000,20001,False
50633,MIDCPNIFTY27OCT2612900PE,MIDCPNIFTY,27OCT2026,1290000.000000,120,OPTIDX,NFO,5.000000,2801,False
50635,MIDCPNIFTY27OCT2612925PE,MIDCPNIFTY,27OCT2026,1292500.000000,120,OPTIDX,NFO,5.000000,2801,False
50642,MIDCPNIFTY27OCT2612975PE,MIDCPNIFTY,27OCT2026,1297500.000000,120,OPTIDX,NFO,5.000000,2801,False
50666,MIDCPNIFTY27OCT2613250PE,MIDCPNIFTY,27OCT2026,1325000.000000,120,OPTIDX,NFO,5.000000,2801,False
77886,HCLTECH29SEP261430CE,HCLTECH,29SEP2026,143000.000000,400,OPTSTK,NFO,5.000000,20001,False
77893,HCLTECH29SEP261490PE,HCLTECH,29SEP2026,149000.000000,400,OPTSTK,NFO,5.000000,20001,False
77914,ABB29SEP268000CE,ABB,29SEP2026,800000.000000,125,OPTSTK,NFO,5.000000,3751,False
77920,ABB29SEP268600CE,ABB,29SEP2026,860000.000000,125,OPTSTK,NFO,5.000000,3751,False
77921,ABB29SEP268600PE,ABB,29SEP2026,860000.000000,125,OPTSTK,NFO,5.000000,3751,False
77922,ABB29SEP268800CE,ABB,29SEP2026,880000.000000,125,OPTSTK,NFO,5.000000,3751,False
77996,HCLTECH27OCT261080PE,HCLTECH,27OCT2026,108000.000000,400,OPTSTK,NFO,5.000000,20001,False
78019,HCLTECH27OCT261280CE,HCLTECH,27OCT2026,128000.000000,400,OPTSTK,NFO,5.000000,20001,False
50680,MIDCPNIFTY27OCT2613400PE,MIDCPNIFTY,27OCT2026,1340000.000000,120,OPTIDX,NFO,5.000000,2801,False
50684,MIDCPNIFTY27OCT2613450PE,MIDCPNIFTY,27OCT2026,1345000.000000,120,OPTIDX,NFO,5.000000,2801,False
50685,MIDCPNIFTY27OCT2613475CE,MIDCPNIFTY,27OCT2026,1347500.000000,120,OPTIDX,NFO,5.000000,2801,False
50692,MIDCPNIFTY27OCT2613525PE,MIDCPNIFTY,27OCT2026,1352500.000000,120,OPTIDX,NFO,5.000000,2801,False
50711,MIDCPNIFTY27OCT2613700CE,MIDCPNIFTY,27OCT2026,1370000.000000,120,OPTIDX,NFO,5.000000,2801,False
50736,MIDCPNIFTY27OCT2613950PE,MIDCPNIFTY,27OCT2026,1395000.000000,120,OPTIDX,NFO,5.000000,2801,False
50766,MIDCPNIFTY27OCT2614175CE,MIDCPNIFTY,27OCT2026,1417500.000000,120,OPTIDX,NFO,5.000000,2801,False
50770,MIDCPNIFTY27OCT2614175PE,MIDCPNIFTY,27OCT2026,1417500.000000,120,OPTIDX,NFO,5.000000,2801,False
78042,HCLTECH27OCT261420CE,HCLTECH,27OCT2026,142000.000000,400,OPTSTK,NFO,5.000000,20001,False
78067,HCLTECH27OCT261500CE,HCLTECH,27OCT2026,150000.000000,400,OPTSTK,NFO,5.000000,20001,False
78074,BEL27OCT26435PE,BEL,27OCT2026,43500.000000,1425,OPTSTK,NFO,5.000000,57001,False
78079,BEL27OCT26445CE,BEL,27OCT2026,44500.000000,1425,OPTSTK,NFO,5.000000,57001,False
50803,MIDCPNIFTY27OCT2614425CE,MIDCPNIFTY,27OCT2026,1442500.000000,120,OPTIDX,NFO,5.000000,2801,False
78116,HDFCAMC29SEP262550PE,HDFCAMC,29SEP2026,255000.000000,300,OPTSTK,NFO,5.000000,9001,False
78118,HDFCAMC29SEP262650PE,HDFCAMC,29SEP2026,265000.000000,300,OPTSTK,NFO,5.000000,9001,False
78121,HDFCAMC29SEP262850CE,HDFCAMC,29SEP2026,285000.000000,300,OPTSTK,NFO,5.000000,9001,False
78132,BEL27OCT26445PE,BEL,27OCT2026,44500.000000,1425,OPTSTK,NFO,5.000000,57001,False
112570,ICICIPRULI29SEP26500PE,ICICIPRULI,29SEP2026,50000.000000,925,OPTSTK,NFO,5.000000,46251,False
112583,LODHA27OCT261100CE,LODHA,27OCT2026,110000.000000,625,OPTSTK,NFO,5.000000,18751,False
112665,LODHA23NOV261040CE,LODHA,23NOV2026,104000.000000,625,OPTSTK,NFO,5.000000,18751,False
78177,HDFCAMC27OCT262300CE,HDFCAMC,27OCT2026,230000.000000,300,OPTSTK,NFO,5.000000,9001,False
78206,BEL23NOV26380CE,BEL,23NOV2026,38000.000000,1425,OPTSTK,NFO,5.000000,57001,False
78208,BEL23NOV26390CE,BEL,23NOV2026,39000.000000,1425,OPTSTK,NFO,5.000000,57001,False
78289,HDFCBANK29SEP26650CE,HDFCBANK,29SEP2026,65000.000000,650,OPTSTK,NFO,5.000000,32501,False
112706,IDEA29SEP268PE,IDEA,29SEP2026,800.000000,71475,OPTSTK,NFO,1.000000,1429501,False
112708,IDEA29SEP2610PE,IDEA,29SEP2026,1000.000000,71475,OPTSTK,NFO,1.000000,1429501,False
112709,IDEA29SEP2612CE,IDEA,29SEP2026,1200.000000,71475,OPTSTK,NFO,1.000000,1429501,False
112728,TATASTEEL29SEP26187.5PE,TATASTEEL,29SEP2026,18750.000000,2750,OPTSTK,NFO,1.000000,137501,False
78388,HDFCBANK27OCT26560PE,HDFCBANK,27OCT2026,56000.000000,650,OPTSTK,NFO,5.000000,32501,False
78395,ABCAPITAL29SEP26360CE,ABCAPITAL,29SEP2026,36000.000000,3100,OPTSTK,NFO,5.000000,62001,False
78397,ABCAPITAL29SEP26370CE,ABCAPITAL,29SEP2026,37000.000000,3100,OPTSTK,NFO,5.000000,62001,False
78434,HDFCBANK27OCT26800CE,HDFCBANK,27OCT2026,80000.000000,650,OPTSTK,NFO,5.000000,32501,False
112732,TATASTEEL29SEP26197.5PE,TATASTEEL,29SEP2026,19750.000000,2750,OPTSTK,NFO,1.000000,137501,False
112773,IDEA29SEP2614PE,IDEA,29SEP2026,1400.000000,71475,OPTSTK,NFO,1.000000,1429501,False
112884,TATASTEEL27OCT26165PE,TATASTEEL,27OCT2026,16500.000000,2750,OPTSTK,NFO,1.000000,137501,False
112888,TATASTEEL27OCT26175PE,TATASTEEL,27OCT2026,17500.000000,2750,OPTSTK,NFO,1.000000,137501,False
78460,ABCAPITAL29SEP26390CE,ABCAPITAL,29SEP2026,39000.000000,3100,OPTSTK,NFO,5.000000,62001,False
78468,ABCAPITAL29SEP26430CE,ABCAPITAL,29SEP2026,43000.000000,3100,OPTSTK,NFO,5.000000,62001,False
78495,BEL23NOV26400PE,BEL,23NOV2026,40000.000000,1425,OPTSTK,NFO,5.000000,57001,False
78541,HDFCLIFE29SEP26465CE,HDFCLIFE,29SEP2026,46500.000000,1100,OPTSTK,NFO,5.000000,44001,False
112899,TATASTEEL27OCT26200CE,TATASTEEL,27OCT2026,20000.000000,2750,OPTSTK,NFO,1.000000,137501,False
112904,TATASTEEL27OCT26210PE,TATASTEEL,27OCT2026,21000.000000,2750,OPTSTK,NFO,1.000000,137501,False
112938,LT27OCT263550PE,LT,27OCT2026,355000.000000,175,OPTSTK,NFO,5.000000,7001,False
112952,LT27OCT264050PE,LT,27OCT2026,405000.000000,175,OPTSTK,NFO,5.000000,7001,False
78568,HDFCLIFE29SEP26475CE,HDFCLIFE,29SEP2026,47500.000000,1100,OPTSTK,NFO,5.000000,44001,False
78592,HDFCLIFE29SEP26515PE,HDFCLIFE,29SEP2026,51500.000000,1100,OPTSTK,NFO,5.000000,44001,False
78599,HDFCLIFE29SEP26555CE,HDFCLIFE,29SEP2026,55500.000000,1100,OPTSTK,NFO,5.000000,44001,False
78660,HDFCLIFE27OCT26420PE,HDFCLIFE,27OCT2026,42000.000000,1100,OPTSTK,NFO,5.000000,44001,False
112954,LT27OCT264150PE,LT,27OCT2026,415000.000000,175,OPTSTK,NFO,5.000000,7001,False
113021,LT27OCT264350CE,LT,27OCT2026,435000.000000,175,OPTSTK,NFO,5.000000,7001,False
113054,IDFCFIRSTB29SEP2684CE,IDFCFIRSTB,29SEP2026,8400.000000,9275,OPTSTK,NFO,1.000000,278251,False
113064,LT27OCT264450PE,LT,27OCT2026,445000.000000,175,OPTSTK,NFO,5.000000,7001,False
78667,HDFCLIFE27OCT26460CE,HDFCLIFE,27OCT2026,46000.000000,1100,OPTSTK,NFO,5.000000,44001,False
78733,HDFCLIFE27OCT26620PE,HDFCLIFE,27OCT2026,62000.000000,1100,OPTSTK,NFO,5.000000,44001,False
78762,HDFCLIFE27OCT26640PE,HDFCLIFE,27OCT2026,64000.000000,1100,OPTSTK,NFO,5.000000,44001,False
78797,BHARATFORG27OCT261900PE,BHARATFORG,27OCT2026,190000.000000,500,OPTSTK,NFO,5.000000,10001,False
113121,TCS29SEP262500CE,TCS,29SEP2026,250000.000000,225,OPTSTK,NFO,5.000000,9001,False
113218,TCS27OCT262000PE,TCS,27OCT2026,200000.000000,225,OPTSTK,NFO,5.000000,9001,False
113227,TCS27OCT262200CE,TCS,27OCT2026,220000.000000,225,OPTSTK,NFO,5.000000,9001,False
113229,TCS27OCT262240CE,TCS,27OCT2026,224000.000000,225,OPTSTK,NFO,5.000000,9001,False
78812,BHARATFORG27OCT262100CE,BHARATFORG,27OCT2026,210000.000000,500,OPTSTK,NFO,5.000000,10001,False
78830,HEROMOTOCO29SEP264500CE,HEROMOTOCO,29SEP2026,450000.000000,150,OPTSTK,NFO,5.000000,4501,False
78835,HEROMOTOCO29SEP264700PE,HEROMOTOCO,29SEP2026,470000.000000,150,OPTSTK,NFO,5.000000,4501,False
78845,HEROMOTOCO29SEP265700PE,HEROMOTOCO,29SEP2026,570000.000000,150,OPTSTK,NFO,5.000000,4501,False
113288,LT23NOV263800PE,LT,23NOV2026,380000.000000,175,OPTSTK,NFO,5.000000,7001,False
113308,LT23NOV264400PE,LT,23NOV2026,440000.000000,175,OPTSTK,NFO,5.000000,7001,False
113356,LTF27OCT26285PE,LTF,27OCT2026,28500.000000,2250,OPTSTK,NFO,5.000000,67501,False
113359,LTF27OCT26305CE,LTF,27OCT2026,30500.000000,2250,OPTSTK,NFO,5.000000,67501,False
78895,BHARATFORG23NOV261800PE,BHARATFORG,23NOV2026,180000.000000,500,OPTSTK,NFO,5.000000,10001,False
78903,BHARATFORG23NOV261960PE,BHARATFORG,23NOV2026,196000.000000,500,OPTSTK,NFO,5.000000,10001,False
78908,BHARATFORG23NOV262080CE,BHARATFORG,23NOV2026,208000.000000,500,OPTSTK,NFO,5.000000,10001,False
78920,BHARATFORG23NOV262240PE,BHARATFORG,23NOV2026,224000.000000,500,OPTSTK,NFO,5.000000,10001,False
113486,TECHM29SEP261660PE,TECHM,29SEP2026,166000.000000,600,OPTSTK,NFO,5.000000,18001,False
113487,TECHM29SEP261700CE,TECHM,29SEP2026,170000.000000,600,OPTSTK,NFO,5.000000,18001,False
113520,LTF23NOV26330CE,LTF,23NOV2026,33000.000000,2250,OPTSTK,NFO,5.000000,67501,False
113522,LTF23NOV26340CE,LTF,23NOV2026,34000.000000,2250,OPTSTK,NFO,5.000000,67501,False
78923,BHARATFORG23NOV262280PE,BHARATFORG,23NOV2026,228000.000000,500,OPTSTK,NFO,5.000000,10001,False
78992,HEROMOTOCO27OCT264600PE,HEROMOTOCO,27OCT2026,460000.000000,150,OPTSTK,NFO,5.000000,4501,False
78995,HEROMOTOCO27OCT265000CE,HEROMOTOCO,27OCT2026,500000.000000,150,OPTSTK,NFO,5.000000,4501,False
78997,HEROMOTOCO27OCT265200CE,HEROMOTOCO,27OCT2026,520000.000000,150,OPTSTK,NFO,5.000000,4501,False
113624,LTM27OCT263950CE,LTM,27OCT2026,395000.000000,150,OPTSTK,NFO,5.000000,6001,False
113627,LTM27OCT264050PE,LTM,27OCT2026,405000.000000,150,OPTSTK,NFO,5.000000,6001,False
113710,IEX29SEP2695PE,IEX,29SEP2026,9500.000000,4350,OPTSTK,NFO,1.000000,174001,False
113747,LTM23NOV264200CE,LTM,23NOV2026,420000.000000,150,OPTSTK,NFO,5.000000,6001,False
79054,HINDALCO29SEP26980PE,HINDALCO,29SEP2026,98000.000000,700,OPTSTK,NFO,5.000000,21001,False
79094,BHARTIARTL27OCT261780CE,BHARTIARTL,27OCT2026,178000.000000,475,OPTSTK,NFO,5.000000,14251,False
79104,BHARTIARTL27OCT261900PE,BHARTIARTL,27OCT2026,190000.000000,475,OPTSTK,NFO,5.000000,14251,False
79154,HINDALCO27OCT26880PE,HINDALCO,27OCT2026,88000.000000,700,OPTSTK,NFO,5.000000,21001,False
113786,TECHM27OCT261400CE,TECHM,27OCT2026,140000.000000,600,OPTSTK,NFO,5.000000,18001,False
113802,TECHM27OCT261480CE,TECHM,27OCT2026,148000.000000,600,OPTSTK,NFO,5.000000,18001,False
113817,IEX29SEP26130PE,IEX,29SEP2026,13000.000000,4350,OPTSTK,NFO,1.000000,174001,False
113844,LTM23NOV265000CE,LTM,23NOV2026,500000.000000,150,OPTSTK,NFO,5.000000,6001,False
79162,HINDALCO27OCT261000PE,HINDALCO,27OCT2026,100000.000000,700,OPTSTK,NFO,5.000000,21001,False
79188,BHARTIARTL27OCT262020PE,BHARTIARTL,27OCT2026,202000.000000,475,OPTSTK,NFO,5.000000,14251,False
79200,HINDPETRO29SEP26390.75PE,HINDPETRO,29SEP2026,39075.000000,2025,OPTSTK,NFO,5.000000,60751,False
79233,HINDPETRO27OCT26380.75CE,HINDPETRO,27OCT2026,38075.000000,2025,OPTSTK,NFO,5.000000,60751,False
113847,LTM23NOV265100PE,LTM,23NOV2026,510000.000000,150,OPTSTK,NFO,5.000000,6001,False
113848,LTM23NOV265200CE,LTM,23NOV2026,520000.000000,150,OPTSTK,NFO,5.000000,6001,False
113849,LTM23NOV265200PE,LTM,23NOV2026,520000.000000,150,OPTSTK,NFO,5.000000,6001,False
113909,IEX29SEP26155PE,IEX,29SEP2026,15500.000000,4350,OPTSTK,NFO,1.000000,174001,False
79274,BHARTIARTL23NOV261680CE,BHARTIARTL,23NOV2026,168000.000000,475,OPTSTK,NFO,5.000000,14251,False
79294,BHARTIARTL23NOV262080CE,BHARTIARTL,23NOV2026,208000.000000,475,OPTSTK,NFO,5.000000,14251,False
79368,BHEL27OCT26395PE,BHEL,27OCT2026,39500.000000,2625,OPTSTK,NFO,5.000000,52501,False
79367,BHEL27OCT26395CE,BHEL,27OCT2026,39500.000000,2625,OPTSTK,NFO,5.000000,52501,False
113963,LUPIN27OCT261940CE,LUPIN,27OCT2026,194000.000000,425,OPTSTK,NFO,5.000000,12751,False
114009,INDHOTEL29SEP26680PE,INDHOTEL,29SEP2026,68000.000000,1000,OPTSTK,NFO,5.000000,30001,False
114021,TIINDIA29SEP262350PE,TIINDIA,29SEP2026,235000.000000,200,OPTSTK,NFO,5.000000,8001,False
114035,TIINDIA29SEP262850PE,TIINDIA,29SEP2026,285000.000000,200,OPTSTK,NFO,5.000000,8001,False
79389,BHEL27OCT26455PE,BHEL,27OCT2026,45500.000000,2625,OPTSTK,NFO,5.000000,52501,False
79439,HINDUNILVR29SEP261740PE,HINDUNILVR,29SEP2026,174000.000000,300,OPTSTK,NFO,5.000000,12001,False
79456,HINDUNILVR29SEP262100CE,HINDUNILVR,29SEP2026,210000.000000,300,OPTSTK,NFO,5.000000,12001,False
79464,HINDUNILVR29SEP262220CE,HINDUNILVR,29SEP2026,222000.000000,300,OPTSTK,NFO,5.000000,12001,False
114043,INDHOTEL29SEP26780CE,INDHOTEL,29SEP2026,78000.000000,1000,OPTSTK,NFO,5.000000,30001,False
114058,LUPIN27OCT262060CE,LUPIN,27OCT2026,206000.000000,425,OPTSTK,NFO,5.000000,12751,False
114181,LUPIN23NOV261840CE,LUPIN,23NOV2026,184000.000000,425,OPTSTK,NFO,5.000000,12751,False
114184,LUPIN23NOV261880PE,LUPIN,23NOV2026,188000.000000,425,OPTSTK,NFO,5.000000,12751,False
79496,BHEL23NOV26390PE,BHEL,23NOV2026,39000.000000,2625,OPTSTK,NFO,5.000000,52501,False
79519,BHEL23NOV26420PE,BHEL,23NOV2026,42000.000000,2625,OPTSTK,NFO,5.000000,52501,False
79525,HINDUNILVR27OCT261600CE,HINDUNILVR,27OCT2026,160000.000000,300,OPTSTK,NFO,5.000000,12001,False
79554,HINDUNILVR27OCT262160PE,HINDUNILVR,27OCT2026,216000.000000,300,OPTSTK,NFO,5.000000,12001,False
114195,LUPIN23NOV262080CE,LUPIN,23NOV2026,208000.000000,425,OPTSTK,NFO,5.000000,12751,False
114198,LUPIN23NOV262120PE,LUPIN,23NOV2026,212000.000000,425,OPTSTK,NFO,5.000000,12751,False
114299,TIINDIA27OCT262200PE,TIINDIA,27OCT2026,220000.000000,200,OPTSTK,NFO,5.000000,8001,False
114303,TIINDIA27OCT262400PE,TIINDIA,27OCT2026,240000.000000,200,OPTSTK,NFO,5.000000,8001,False
79557,HINDUNILVR27OCT262240CE,HINDUNILVR,27OCT2026,224000.000000,300,OPTSTK,NFO,5.000000,12001,False
79565,HINDUNILVR27OCT262320PE,HINDUNILVR,27OCT2026,232000.000000,300,OPTSTK,NFO,5.000000,12001,False
79566,HINDUNILVR27OCT262360CE,HINDUNILVR,27OCT2026,236000.000000,300,OPTSTK,NFO,5.000000,12001,False
79570,HINDUNILVR27OCT262400CE,HINDUNILVR,27OCT2026,240000.000000,300,OPTSTK,NFO,5.000000,12001,False
114326,TIINDIA27OCT263300CE,TIINDIA,27OCT2026,330000.000000,200,OPTSTK,NFO,5.000000,8001,False
114335,TIINDIA27OCT263400CE,TIINDIA,27OCT2026,340000.000000,200,OPTSTK,NFO,5.000000,8001,False
114418,INDIANB29SEP26840PE,INDIANB,29SEP2026,84000.000000,1000,OPTSTK,NFO,5.000000,30001,False
114433,INDIANB29SEP26940PE,INDIANB,29SEP2026,94000.000000,1000,OPTSTK,NFO,5.000000,30001,False
79571,HINDUNILVR27OCT262400PE,HINDUNILVR,27OCT2026,240000.000000,300,OPTSTK,NFO,5.000000,12001,False
79578,BHEL23NOV26460CE,BHEL,23NOV2026,46000.000000,2625,OPTSTK,NFO,5.000000,52501,False
79582,BHEL23NOV26470CE,BHEL,23NOV2026,47000.000000,2625,OPTSTK,NFO,5.000000,52501,False
79621,ADANIENSOL29SEP261200PE,ADANIENSOL,29SEP2026,120000.000000,675,OPTSTK,NFO,5.000000,13501,False
114435,INDIANB29SEP26960CE,INDIANB,29SEP2026,96000.000000,1000,OPTSTK,NFO,5.000000,30001,False
114436,INDIANB29SEP26960PE,INDIANB,29SEP2026,96000.000000,1000,OPTSTK,NFO,5.000000,30001,False
114441,INDIANB29SEP261000CE,INDIANB,29SEP2026,100000.000000,1000,OPTSTK,NFO,5.000000,30001,False
114464,TITAN29SEP264650PE,TITAN,29SEP2026,465000.000000,175,OPTSTK,NFO,5.000000,5251,False
79628,ADANIENSOL29SEP261360CE,ADANIENSOL,29SEP2026,136000.000000,675,OPTSTK,NFO,5.000000,13501,False
79681,BHEL23NOV26500PE,BHEL,23NOV2026,50000.000000,2625,OPTSTK,NFO,5.000000,52501,False
79707,HINDZINC29SEP26590CE,HINDZINC,29SEP2026,59000.000000,1225,OPTSTK,NFO,5.000000,36751,False
79795,ADANIENSOL29SEP261480CE,ADANIENSOL,29SEP2026,148000.000000,675,OPTSTK,NFO,5.000000,13501,False
79798,HINDZINC27OCT26640PE,HINDZINC,27OCT2026,64000.000000,1225,OPTSTK,NFO,5.000000,36751,False
79869,BIOCON27OCT26355CE,BIOCON,27OCT2026,35500.000000,2500,OPTSTK,NFO,5.000000,50001,False
79873,BIOCON27OCT26375CE,BIOCON,27OCT2026,37500.000000,2500,OPTSTK,NFO,5.000000,50001,False
79880,BIOCON27OCT26405PE,BIOCON,27OCT2026,40500.000000,2500,OPTSTK,NFO,5.000000,50001,False
114476,M&M27OCT262950PE,M&M,27OCT2026,295000.000000,200,OPTSTK,NFO,5.000000,8001,False
114487,TITAN29SEP264950PE,TITAN,29SEP2026,495000.000000,175,OPTSTK,NFO,5.000000,5251,False
114501,TITAN29SEP265150PE,TITAN,29SEP2026,515000.000000,175,OPTSTK,NFO,5.000000,5251,False
114505,TITAN29SEP265350PE,TITAN,29SEP2026,535000.000000,175,OPTSTK,NFO,5.000000,5251,False
79883,BIOCON27OCT26425CE,BIOCON,27OCT2026,42500.000000,2500,OPTSTK,NFO,5.000000,50001,False
79890,HYUNDAI29SEP262140PE,HYUNDAI,29SEP2026,214000.000000,275,OPTSTK,NFO,5.000000,11001,False
79905,HYUNDAI29SEP262380PE,HYUNDAI,29SEP2026,238000.000000,275,OPTSTK,NFO,5.000000,11001,False
79971,HYUNDAI27OCT261840CE,HYUNDAI,27OCT2026,184000.000000,275,OPTSTK,NFO,5.000000,11001,False
114506,TITAN29SEP265450CE,TITAN,29SEP2026,545000.000000,175,OPTSTK,NFO,5.000000,5251,False
114536,INDIGO29SEP264200PE,INDIGO,29SEP2026,420000.000000,150,OPTSTK,NFO,5.000000,4501,False
114548,INDIGO29SEP265400PE,INDIGO,29SEP2026,540000.000000,150,OPTSTK,NFO,5.000000,4501,False
114613,TITAN27OCT264400PE,TITAN,27OCT2026,440000.000000,175,OPTSTK,NFO,5.000000,5251,False
79972,HYUNDAI27OCT261840PE,HYUNDAI,27OCT2026,184000.000000,275,OPTSTK,NFO,5.000000,11001,False
80016,HYUNDAI27OCT262280CE,HYUNDAI,27OCT2026,228000.000000,275,OPTSTK,NFO,5.000000,11001,False
80054,BIOCON23NOV26360CE,BIOCON,23NOV2026,36000.000000,2500,OPTSTK,NFO,5.000000,50001,False
80063,BIOCON23NOV26400PE,BIOCON,23NOV2026,40000.000000,2500,OPTSTK,NFO,5.000000,50001,False
114619,TITAN27OCT264700PE,TITAN,27OCT2026,470000.000000,175,OPTSTK,NFO,5.000000,5251,False
114635,TITAN27OCT265200PE,TITAN,27OCT2026,520000.000000,175,OPTSTK,NFO,5.000000,5251,False
114678,M&M23NOV262800CE,M&M,23NOV2026,280000.000000,200,OPTSTK,NFO,5.000000,8001,False
114683,M&M23NOV262900PE,M&M,23NOV2026,290000.000000,200,OPTSTK,NFO,5.000000,8001,False
80074,BIOCON23NOV26460CE,BIOCON,23NOV2026,46000.000000,2500,OPTSTK,NFO,5.000000,50001,False
80079,HYUNDAI27OCT262440PE,HYUNDAI,27OCT2026,244000.000000,275,OPTSTK,NFO,5.000000,11001,False
80081,HYUNDAI27OCT262480PE,HYUNDAI,27OCT2026,248000.000000,275,OPTSTK,NFO,5.000000,11001,False
80087,HYUNDAI27OCT262600PE,HYUNDAI,27OCT2026,260000.000000,275,OPTSTK,NFO,5.000000,11001,False
80141,ICICIBANK29SEP261310CE,ICICIBANK,29SEP2026,131000.000000,700,OPTSTK,NFO,5.000000,21001,False
80229,BLUESTARCO27OCT261300PE,BLUESTARCO,27OCT2026,130000.000000,325,OPTSTK,NFO,5.000000,13001,False
80269,NIFTY30MAR2721000PE,NIFTY,30MAR2027,2100000.000000,65,OPTIDX,NFO,5.000000,1801,False
80276,NIFTY30MAR2727000CE,NIFTY,30MAR2027,2700000.000000,65,OPTIDX,NFO,5.000000,1801,False
114696,TMPV29SEP26265PE,TMPV,29SEP2026,26500.000000,1600,OPTSTK,NFO,5.000000,64001,False
114706,M&M23NOV263100CE,M&M,23NOV2026,310000.000000,200,OPTSTK,NFO,5.000000,8001,False
114708,TMPV29SEP26285CE,TMPV,29SEP2026,28500.000000,1600,OPTSTK,NFO,5.000000,64001,False
114709,TMPV29SEP26285PE,TMPV,29SEP2026,28500.000000,1600,OPTSTK,NFO,5.000000,64001,False
80301,BLUESTARCO27OCT261660CE,BLUESTARCO,27OCT2026,166000.000000,325,OPTSTK,NFO,5.000000,13001,False
80307,NIFTY30MAR2730000CE,NIFTY,30MAR2027,3000000.000000,65,OPTIDX,NFO,5.000000,1801,False
80426,ADANIENT29SEP263000CE,ADANIENT,29SEP2026,300000.000000,309,OPTSTK,NFO,5.000000,9271,False
80428,ADANIENT29SEP263100CE,ADANIENT,29SEP2026,310000.000000,309,OPTSTK,NFO,5.000000,9271,False
114754,TMPV29SEP26355CE,TMPV,29SEP2026,35500.000000,1600,OPTSTK,NFO,5.000000,64001,False
114755,TMPV29SEP26355PE,TMPV,29SEP2026,35500.000000,1600,OPTSTK,NFO,5.000000,64001,False
114809,M&M23NOV263300PE,M&M,23NOV2026,330000.000000,200,OPTSTK,NFO,5.000000,8001,False
114910,TMPV27OCT26270CE,TMPV,27OCT2026,27000.000000,1600,OPTSTK,NFO,5.000000,64001,False
80433,ADANIENT29SEP263300PE,ADANIENT,29SEP2026,330000.000000,309,OPTSTK,NFO,5.000000,9271,False
80461,ICICIBANK29SEP261430PE,ICICIBANK,29SEP2026,143000.000000,700,OPTSTK,NFO,5.000000,21001,False
80464,ICICIBANK29SEP261470CE,ICICIBANK,29SEP2026,147000.000000,700,OPTSTK,NFO,5.000000,21001,False
80468,ICICIBANK29SEP261490CE,ICICIBANK,29SEP2026,149000.000000,700,OPTSTK,NFO,5.000000,21001,False
114914,TMPV27OCT26280CE,TMPV,27OCT2026,28000.000000,1600,OPTSTK,NFO,5.000000,64001,False
114970,TMPV27OCT26360PE,TMPV,27OCT2026,36000.000000,1600,OPTSTK,NFO,5.000000,64001,False
115035,MAHABANK29SEP2672CE,MAHABANK,29SEP2026,7200.000000,6500,OPTSTK,NFO,1.000000,260001,False
115048,TORNTPHARM29SEP264750PE,TORNTPHARM,29SEP2026,475000.000000,125,OPTSTK,NFO,5.000000,5001,False
80515,BLUESTARCO23NOV261640CE,BLUESTARCO,23NOV2026,164000.000000,325,OPTSTK,NFO,5.000000,13001,False
80527,BLUESTARCO23NOV261680CE,BLUESTARCO,23NOV2026,168000.000000,325,OPTSTK,NFO,5.000000,13001,False
80596,ICICIBANK27OCT261300PE,ICICIBANK,27OCT2026,130000.000000,700,OPTSTK,NFO,5.000000,21001,False
80632,ICICIBANK27OCT261520CE,ICICIBANK,27OCT2026,152000.000000,700,OPTSTK,NFO,5.000000,21001,False
115056,INDUSINDBK29SEP26960CE,INDUSINDBK,29SEP2026,96000.000000,700,OPTSTK,NFO,5.000000,28001,False
115058,INDUSINDBK29SEP26960PE,INDUSINDBK,29SEP2026,96000.000000,700,OPTSTK,NFO,5.000000,28001,False
115060,TORNTPHARM29SEP264950PE,TORNTPHARM,29SEP2026,495000.000000,125,OPTSTK,NFO,5.000000,5001,False
115065,TORNTPHARM29SEP265250CE,TORNTPHARM,29SEP2026,525000.000000,125,OPTSTK,NFO,5.000000,5001,False
80653,ICICIBANK27OCT261580PE,ICICIBANK,27OCT2026,158000.000000,700,OPTSTK,NFO,5.000000,21001,False
80658,ICICIBANK27OCT261620PE,ICICIBANK,27OCT2026,162000.000000,700,OPTSTK,NFO,5.000000,21001,False
80663,ICICIBANK27OCT261680CE,ICICIBANK,27OCT2026,168000.000000,700,OPTSTK,NFO,5.000000,21001,False
80699,BOSCHLTD27OCT2649500CE,BOSCHLTD,27OCT2026,4950000.000000,25,OPTSTK,NFO,5.000000,501,False
80754,ICICIGI29SEP261340CE,ICICIGI,29SEP2026,134000.000000,325,OPTSTK,NFO,5.000000,13001,False
80763,ADANIGREEN29SEP261080PE,ADANIGREEN,29SEP2026,108000.000000,600,OPTSTK,NFO,5.000000,18001,False
80771,ICICIGI29SEP261500PE,ICICIGI,29SEP2026,150000.000000,325,OPTSTK,NFO,5.000000,13001,False
80819,BOSCHLTD23NOV2642000CE,BOSCHLTD,23NOV2026,4200000.000000,25,OPTSTK,NFO,5.000000,501,False
115109,MAHABANK29SEP2676CE,MAHABANK,29SEP2026,7600.000000,6500,OPTSTK,NFO,1.000000,260001,False
115115,INDUSINDBK29SEP261060CE,INDUSINDBK,29SEP2026,106000.000000,700,OPTSTK,NFO,5.000000,28001,False
115118,INDUSINDBK29SEP261080PE,INDUSINDBK,29SEP2026,108000.000000,700,OPTSTK,NFO,5.000000,28001,False
115172,TORNTPHARM27OCT264900PE,TORNTPHARM,27OCT2026,490000.000000,125,OPTSTK,NFO,5.000000,5001,False
80839,BOSCHLTD23NOV2645000PE,BOSCHLTD,23NOV2026,4500000.000000,25,OPTSTK,NFO,5.000000,501,False
80889,BOSCHLTD23NOV2649000CE,BOSCHLTD,23NOV2026,4900000.000000,25,OPTSTK,NFO,5.000000,501,False
80903,ICICIGI27OCT261360PE,ICICIGI,27OCT2026,136000.000000,325,OPTSTK,NFO,5.000000,13001,False
80918,ICICIGI27OCT261640PE,ICICIGI,27OCT2026,164000.000000,325,OPTSTK,NFO,5.000000,13001,False
115229,TORNTPHARM27OCT265400PE,TORNTPHARM,27OCT2026,540000.000000,125,OPTSTK,NFO,5.000000,5001,False
115230,TORNTPHARM27OCT265500CE,TORNTPHARM,27OCT2026,550000.000000,125,OPTSTK,NFO,5.000000,5001,False
115240,MAHABANK29SEP2696CE,MAHABANK,29SEP2026,9600.000000,6500,OPTSTK,NFO,1.000000,260001,False
115256,INDUSTOWER29SEP26326PE,INDUSTOWER,29SEP2026,32600.000000,1700,OPTSTK,NFO,5.000000,68001,False
80919,ICICIGI27OCT261680CE,ICICIGI,27OCT2026,168000.000000,325,OPTSTK,NFO,5.000000,13001,False
80930,ICICIGI27OCT261880PE,ICICIGI,27OCT2026,188000.000000,325,OPTSTK,NFO,5.000000,13001,False
80982,ICICIPRULI29SEP26445CE,ICICIPRULI,29SEP2026,44500.000000,925,OPTSTK,NFO,5.000000,46251,False
81022,ICICIPRULI29SEP26545PE,ICICIPRULI,29SEP2026,54500.000000,925,OPTSTK,NFO,5.000000,46251,False
115264,INDUSTOWER29SEP26366CE,INDUSTOWER,29SEP2026,36600.000000,1700,OPTSTK,NFO,5.000000,68001,False
115269,TORNTPHARM27OCT265800CE,TORNTPHARM,27OCT2026,580000.000000,125,OPTSTK,NFO,5.000000,5001,False
115324,TRENT29SEP262550PE,TRENT,29SEP2026,255000.000000,225,OPTSTK,NFO,5.000000,9001,False
115326,TRENT29SEP262650PE,TRENT,29SEP2026,265000.000000,225,OPTSTK,NFO,5.000000,9001,False
81036,BPCL27OCT26275PE,BPCL,27OCT2026,27500.000000,1975,OPTSTK,NFO,5.000000,79001,False
81040,BPCL27OCT26295PE,BPCL,27OCT2026,29500.000000,1975,OPTSTK,NFO,5.000000,79001,False
81041,ADANIGREEN29SEP261640PE,ADANIGREEN,29SEP2026,164000.000000,600,OPTSTK,NFO,5.000000,18001,False
81071,BPCL27OCT26335PE,BPCL,27OCT2026,33500.000000,1975,OPTSTK,NFO,5.000000,79001,False
115358,TRENT29SEP263150PE,TRENT,29SEP2026,315000.000000,225,OPTSTK,NFO,5.000000,9001,False
115367,INDUSTOWER29SEP26396CE,INDUSTOWER,29SEP2026,39600.000000,1700,OPTSTK,NFO,5.000000,68001,False
115379,INDUSTOWER29SEP26426CE,INDUSTOWER,29SEP2026,42600.000000,1700,OPTSTK,NFO,5.000000,68001,False
115413,TRENT27OCT262900CE,TRENT,27OCT2026,290000.000000,225,OPTSTK,NFO,5.000000,9001,False
81143,ICICIPRULI27OCT26440CE,ICICIPRULI,27OCT2026,44000.000000,925,OPTSTK,NFO,5.000000,46251,False
81144,ICICIPRULI27OCT26440PE,ICICIPRULI,27OCT2026,44000.000000,925,OPTSTK,NFO,5.000000,46251,False
81152,ICICIPRULI27OCT26460PE,ICICIPRULI,27OCT2026,46000.000000,925,OPTSTK,NFO,5.000000,46251,False
81160,ICICIPRULI27OCT26480PE,ICICIPRULI,27OCT2026,48000.000000,925,OPTSTK,NFO,5.000000,46251,False
115414,TRENT27OCT262900PE,TRENT,27OCT2026,290000.000000,225,OPTSTK,NFO,5.000000,9001,False
115457,TVSMOTOR29SEP263650CE,TVSMOTOR,29SEP2026,365000.000000,175,OPTSTK,NFO,5.000000,5251,False
115473,TVSMOTOR29SEP264150CE,TVSMOTOR,29SEP2026,415000.000000,175,OPTSTK,NFO,5.000000,5251,False
115481,TVSMOTOR29SEP264350PE,TVSMOTOR,29SEP2026,435000.000000,175,OPTSTK,NFO,5.000000,5251,False
81170,ICICIPRULI27OCT26520CE,ICICIPRULI,27OCT2026,52000.000000,925,OPTSTK,NFO,5.000000,46251,False
81173,ICICIPRULI27OCT26530PE,ICICIPRULI,27OCT2026,53000.000000,925,OPTSTK,NFO,5.000000,46251,False
81188,ICICIPRULI27OCT26570CE,ICICIPRULI,27OCT2026,57000.000000,925,OPTSTK,NFO,5.000000,46251,False
81242,IDEA29SEP2611PE,IDEA,29SEP2026,1100.000000,71475,OPTSTK,NFO,1.000000,1429501,False
115556,MAHABANK27OCT2672CE,MAHABANK,27OCT2026,7200.000000,6500,OPTSTK,NFO,1.000000,260001,False
115595,TVSMOTOR27OCT264100PE,TVSMOTOR,27OCT2026,410000.000000,175,OPTSTK,NFO,5.000000,5251,False
115602,MAHABANK27OCT2684PE,MAHABANK,27OCT2026,8400.000000,6500,OPTSTK,NFO,1.000000,260001,False
115604,TVSMOTOR27OCT264300PE,TVSMOTOR,27OCT2026,430000.000000,175,OPTSTK,NFO,5.000000,5251,False
81243,IDEA29SEP2613CE,IDEA,29SEP2026,1300.000000,71475,OPTSTK,NFO,1.000000,1429501,False
81267,IDEA27OCT266PE,IDEA,27OCT2026,600.000000,71475,OPTSTK,NFO,1.000000,1429501,False
81297,IDEA27OCT2618CE,IDEA,27OCT2026,1800.000000,71475,OPTSTK,NFO,1.000000,1429501,False
81299,IDEA27OCT2620CE,IDEA,27OCT2026,2000.000000,71475,OPTSTK,NFO,1.000000,1429501,False
81364,IDFCFIRSTB29SEP2683CE,IDFCFIRSTB,29SEP2026,8300.000000,9275,OPTSTK,NFO,1.000000,278251,False
81393,ADANIPORTS29SEP261760PE,ADANIPORTS,29SEP2026,176000.000000,475,OPTSTK,NFO,5.000000,14251,False
81453,BPCL23NOV26260PE,BPCL,23NOV2026,26000.000000,1975,OPTSTK,NFO,5.000000,79001,False
81486,BPCL23NOV26310CE,BPCL,23NOV2026,31000.000000,1975,OPTSTK,NFO,5.000000,79001,False
115609,MAHABANK27OCT2687CE,MAHABANK,27OCT2026,8700.000000,6500,OPTSTK,NFO,1.000000,260001,False
115619,TVSMOTOR27OCT264500CE,TVSMOTOR,27OCT2026,450000.000000,175,OPTSTK,NFO,5.000000,5251,False
115621,TVSMOTOR27OCT264600CE,TVSMOTOR,27OCT2026,460000.000000,175,OPTSTK,NFO,5.000000,5251,False
115646,TVSMOTOR27OCT265000PE,TVSMOTOR,27OCT2026,500000.000000,175,OPTSTK,NFO,5.000000,5251,False
81499,IDFCFIRSTB27OCT2672CE,IDFCFIRSTB,27OCT2026,7200.000000,9275,OPTSTK,NFO,1.000000,278251,False
81500,IDFCFIRSTB27OCT2672PE,IDFCFIRSTB,27OCT2026,7200.000000,9275,OPTSTK,NFO,1.000000,278251,False
81506,IDFCFIRSTB27OCT2678PE,IDFCFIRSTB,27OCT2026,7800.000000,9275,OPTSTK,NFO,1.000000,278251,False
81515,IDFCFIRSTB27OCT2686PE,IDFCFIRSTB,27OCT2026,8600.000000,9275,OPTSTK,NFO,1.000000,278251,False
115662,MAHABANK27OCT2696PE,MAHABANK,27OCT2026,9600.000000,6500,OPTSTK,NFO,1.000000,260001,False
115663,MAHABANK27OCT2697CE,MAHABANK,27OCT2026,9700.000000,6500,OPTSTK,NFO,1.000000,260001,False
115743,MAHABANK23NOV2674CE,MAHABANK,23NOV2026,7400.000000,6500,OPTSTK,NFO,1.000000,260001,False
115749,MAHABANK23NOV2680CE,MAHABANK,23NOV2026,8000.000000,6500,OPTSTK,NFO,1.000000,260001,False
81564,IDFCFIRSTB27OCT2698PE,IDFCFIRSTB,27OCT2026,9800.000000,9275,OPTSTK,NFO,1.000000,278251,False
81607,ADANIPOWER29SEP26250CE,ADANIPOWER,29SEP2026,25000.000000,3550,OPTSTK,NFO,1.000000,106501,False
81608,ADANIPOWER29SEP26250PE,ADANIPOWER,29SEP2026,25000.000000,3550,OPTSTK,NFO,1.000000,106501,False
81637,BRITANNIA27OCT265250CE,BRITANNIA,27OCT2026,525000.000000,125,OPTSTK,NFO,5.000000,5001,False
115754,MAHABANK23NOV2684PE,MAHABANK,23NOV2026,8400.000000,6500,OPTSTK,NFO,1.000000,260001,False
115779,MAHABANK23NOV2698PE,MAHABANK,23NOV2026,9800.000000,6500,OPTSTK,NFO,1.000000,260001,False
115811,INFY29SEP261280CE,INFY,29SEP2026,128000.000000,400,OPTSTK,NFO,5.000000,20001,False
115833,MANAPPURAM27OCT26295CE,MANAPPURAM,27OCT2026,29500.000000,3000,OPTSTK,NFO,5.000000,60001,False
81643,IEX29SEP26127.5CE,IEX,29SEP2026,12750.000000,4350,OPTSTK,NFO,1.000000,174001,False
81676,BRITANNIA27OCT265450PE,BRITANNIA,27OCT2026,545000.000000,125,OPTSTK,NFO,5.000000,5001,False
81682,IEX27OCT26105PE,IEX,27OCT2026,10500.000000,4350,OPTSTK,NFO,1.000000,174001,False
81683,IEX27OCT26110CE,IEX,27OCT2026,11000.000000,4350,OPTSTK,NFO,1.000000,174001,False
115838,MANAPPURAM27OCT26315PE,MANAPPURAM,27OCT2026,31500.000000,3000,OPTSTK,NFO,5.000000,60001,False
115840,MANAPPURAM27OCT26325PE,MANAPPURAM,27OCT2026,32500.000000,3000,OPTSTK,NFO,5.000000,60001,False
115842,MANAPPURAM27OCT26335PE,MANAPPURAM,27OCT2026,33500.000000,3000,OPTSTK,NFO,5.000000,60001,False
115844,MANAPPURAM27OCT26345PE,MANAPPURAM,27OCT2026,34500.000000,3000,OPTSTK,NFO,5.000000,60001,False
81727,IEX27OCT26135CE,IEX,27OCT2026,13500.000000,4350,OPTSTK,NFO,1.000000,174001,False
81800,INDHOTEL29SEP26670PE,INDHOTEL,29SEP2026,67000.000000,1000,OPTSTK,NFO,5.000000,30001,False
81906,INDHOTEL27OCT26660PE,INDHOTEL,27OCT2026,66000.000000,1000,OPTSTK,NFO,5.000000,30001,False
81949,INDHOTEL27OCT26800PE,INDHOTEL,27OCT2026,80000.000000,1000,OPTSTK,NFO,5.000000,30001,False
82009,INDIANB29SEP26770CE,INDIANB,29SEP2026,77000.000000,1000,OPTSTK,NFO,5.000000,30001,False
82043,INDIANB29SEP26950CE,INDIANB,29SEP2026,95000.000000,1000,OPTSTK,NFO,5.000000,30001,False
82054,BRITANNIA23NOV264200CE,BRITANNIA,23NOV2026,420000.000000,125,OPTSTK,NFO,5.000000,5001,False
82144,INDIANB27OCT26740CE,INDIANB,27OCT2026,74000.000000,1000,OPTSTK,NFO,5.000000,30001,False
115846,MANAPPURAM27OCT26355PE,MANAPPURAM,27OCT2026,35500.000000,3000,OPTSTK,NFO,5.000000,60001,False
115908,MANAPPURAM23NOV26280PE,MANAPPURAM,23NOV2026,28000.000000,3000,OPTSTK,NFO,5.000000,60001,False
115910,MANAPPURAM23NOV26290PE,MANAPPURAM,23NOV2026,29000.000000,3000,OPTSTK,NFO,5.000000,60001,False
115922,MANAPPURAM23NOV26320PE,MANAPPURAM,23NOV2026,32000.000000,3000,OPTSTK,NFO,5.000000,60001,False
82193,BRITANNIA23NOV265500CE,BRITANNIA,23NOV2026,550000.000000,125,OPTSTK,NFO,5.000000,5001,False
82197,BRITANNIA23NOV265600PE,BRITANNIA,23NOV2026,560000.000000,125,OPTSTK,NFO,5.000000,5001,False
82224,INDIGO29SEP264500CE,INDIGO,29SEP2026,450000.000000,150,OPTSTK,NFO,5.000000,4501,False
82234,ALKEM29SEP264700CE,ALKEM,29SEP2026,470000.000000,125,OPTSTK,NFO,5.000000,5001,False
115928,MANAPPURAM23NOV26340PE,MANAPPURAM,23NOV2026,34000.000000,3000,OPTSTK,NFO,5.000000,60001,False
115942,MANAPPURAM23NOV26360CE,MANAPPURAM,23NOV2026,36000.000000,3000,OPTSTK,NFO,5.000000,60001,False
115946,MANAPPURAM23NOV26380CE,MANAPPURAM,23NOV2026,38000.000000,3000,OPTSTK,NFO,5.000000,60001,False
115949,MANAPPURAM23NOV26390PE,MANAPPURAM,23NOV2026,39000.000000,3000,OPTSTK,NFO,5.000000,60001,False
82251,ALKEM29SEP265300PE,ALKEM,29SEP2026,530000.000000,125,OPTSTK,NFO,5.000000,5001,False
82257,BRITANNIA23NOV265800CE,BRITANNIA,23NOV2026,580000.000000,125,OPTSTK,NFO,5.000000,5001,False
82259,INDIGO29SEP265700CE,INDIGO,29SEP2026,570000.000000,150,OPTSTK,NFO,5.000000,4501,False
82260,INDIGO29SEP265700PE,INDIGO,29SEP2026,570000.000000,150,OPTSTK,NFO,5.000000,4501,False
115950,MANAPPURAM23NOV26400CE,MANAPPURAM,23NOV2026,40000.000000,3000,OPTSTK,NFO,5.000000,60001,False
116055,MANKIND27OCT262060PE,MANKIND,27OCT2026,206000.000000,250,OPTSTK,NFO,5.000000,10001,False
116064,MANKIND27OCT262260CE,MANKIND,27OCT2026,226000.000000,250,OPTSTK,NFO,5.000000,10001,False
116059,MANKIND27OCT262140PE,MANKIND,27OCT2026,214000.000000,250,OPTSTK,NFO,5.000000,10001,False
116068,MANKIND27OCT262340CE,MANKIND,27OCT2026,234000.000000,250,OPTSTK,NFO,5.000000,10001,False
116072,MANKIND27OCT262420CE,MANKIND,27OCT2026,242000.000000,250,OPTSTK,NFO,5.000000,10001,False
116073,MANKIND27OCT262420PE,MANKIND,27OCT2026,242000.000000,250,OPTSTK,NFO,5.000000,10001,False
116074,MANKIND27OCT262460CE,MANKIND,27OCT2026,246000.000000,250,OPTSTK,NFO,5.000000,10001,False
116078,MANKIND27OCT262540CE,MANKIND,27OCT2026,254000.000000,250,OPTSTK,NFO,5.000000,10001,False
116098,MANKIND27OCT262660PE,MANKIND,27OCT2026,266000.000000,250,OPTSTK,NFO,5.000000,10001,False
116224,MANKIND23NOV262000PE,MANKIND,23NOV2026,200000.000000,250,OPTSTK,NFO,5.000000,10001,False
116231,MANKIND23NOV262120CE,MANKIND,23NOV2026,212000.000000,250,OPTSTK,NFO,5.000000,10001,False
116293,INOXWIND29SEP2670CE,INOXWIND,29SEP2026,7000.000000,6400,OPTSTK,NFO,1.000000,256001,False
116257,UNIONBANK29SEP26177.5CE,UNIONBANK,29SEP2026,17750.000000,4425,OPTSTK,NFO,1.000000,132751,False
116263,UNIONBANK29SEP26192.5CE,UNIONBANK,29SEP2026,19250.000000,4425,OPTSTK,NFO,1.000000,132751,False
116274,INOXWIND29SEP2655CE,INOXWIND,29SEP2026,5500.000000,6400,OPTSTK,NFO,1.000000,256001,False
116328,UNIONBANK27OCT26175CE,UNIONBANK,27OCT2026,17500.000000,4425,OPTSTK,NFO,1.000000,132751,False
116330,UNIONBANK27OCT26180CE,UNIONBANK,27OCT2026,18000.000000,4425,OPTSTK,NFO,1.000000,132751,False
116334,UNIONBANK27OCT26185CE,UNIONBANK,27OCT2026,18500.000000,4425,OPTSTK,NFO,1.000000,132751,False
116359,UNIONBANK27OCT26205CE,UNIONBANK,27OCT2026,20500.000000,4425,OPTSTK,NFO,1.000000,132751,False
116362,UNIONBANK27OCT26210CE,UNIONBANK,27OCT2026,21000.000000,4425,OPTSTK,NFO,1.000000,132751,False
116365,UNIONBANK27OCT26215CE,UNIONBANK,27OCT2026,21500.000000,4425,OPTSTK,NFO,1.000000,132751,False
116453,UNITDSPR29SEP261380PE,UNITDSPR,29SEP2026,138000.000000,400,OPTSTK,NFO,5.000000,16001,False
116462,MARICO27OCT26750CE,MARICO,27OCT2026,75000.000000,1200,OPTSTK,NFO,5.000000,36001,False
116480,MARICO27OCT26870CE,MARICO,27OCT2026,87000.000000,1200,OPTSTK,NFO,5.000000,36001,False
116529,MARICO23NOV26720CE,MARICO,23NOV2026,72000.000000,1200,OPTSTK,NFO,5.000000,36001,False
116536,MARICO23NOV26780PE,MARICO,23NOV2026,78000.000000,1200,OPTSTK,NFO,5.000000,36001,False
116539,UNITDSPR29SEP261500PE,UNITDSPR,29SEP2026,150000.000000,400,OPTSTK,NFO,5.000000,16001,False
82295,ALKEM29SEP265600CE,ALKEM,29SEP2026,560000.000000,125,OPTSTK,NFO,5.000000,5001,False
82303,ALKEM29SEP266000CE,ALKEM,29SEP2026,600000.000000,125,OPTSTK,NFO,5.000000,5001,False
82357,BSE27OCT262900CE,BSE,27OCT2026,290000.000000,200,OPTSTK,NFO,5.000000,6001,False
82378,INDIGO27OCT264400PE,INDIGO,27OCT2026,440000.000000,150,OPTSTK,NFO,5.000000,4501,False
116577,MARICO23NOV26820CE,MARICO,23NOV2026,82000.000000,1200,OPTSTK,NFO,5.000000,36001,False
116579,MARICO23NOV26840CE,MARICO,23NOV2026,84000.000000,1200,OPTSTK,NFO,5.000000,36001,False
116590,MARICO23NOV26920CE,MARICO,23NOV2026,92000.000000,1200,OPTSTK,NFO,5.000000,36001,False
116652,UNITDSPR27OCT261480PE,UNITDSPR,27OCT2026,148000.000000,400,OPTSTK,NFO,5.000000,16001,False
82382,INDIGO27OCT264600PE,INDIGO,27OCT2026,460000.000000,150,OPTSTK,NFO,5.000000,4501,False
82408,INDIGO27OCT264800PE,INDIGO,27OCT2026,480000.000000,150,OPTSTK,NFO,5.000000,4501,False
82416,INDIGO27OCT265000PE,INDIGO,27OCT2026,500000.000000,150,OPTSTK,NFO,5.000000,4501,False
82421,INDIGO27OCT265400CE,INDIGO,27OCT2026,540000.000000,150,OPTSTK,NFO,5.000000,4501,False
116669,UNITDSPR27OCT261680CE,UNITDSPR,27OCT2026,168000.000000,400,OPTSTK,NFO,5.000000,16001,False
116672,UNITDSPR27OCT261720PE,UNITDSPR,27OCT2026,172000.000000,400,OPTSTK,NFO,5.000000,16001,False
116730,UNOMINDA29SEP261300CE,UNOMINDA,29SEP2026,130000.000000,550,OPTSTK,NFO,5.000000,22001,False
116797,UNOMINDA27OCT261120CE,UNOMINDA,27OCT2026,112000.000000,550,OPTSTK,NFO,5.000000,22001,False
51537,NIFTY27OCT2627100PE,NIFTY,27OCT2026,2710000.000000,65,OPTIDX,NFO,5.000000,1801,False
51856,NIFTYNXT5027OCT2664400PE,NIFTYNXT50,27OCT2026,6440000.000000,25,OPTIDX,NFO,5.000000,601,False
51872,NIFTYNXT5027OCT2664900PE,NIFTYNXT50,27OCT2026,6490000.000000,25,OPTIDX,NFO,5.000000,601,False
82466,INDUSINDBK29SEP26910PE,INDUSINDBK,29SEP2026,91000.000000,700,OPTSTK,NFO,5.000000,28001,False
116800,UNOMINDA27OCT261160PE,UNOMINDA,27OCT2026,116000.000000,550,OPTSTK,NFO,5.000000,22001,False
116847,MARUTI27OCT2610900PE,MARUTI,27OCT2026,1090000.000000,50,OPTSTK,NFO,5.000000,2001,False
116851,UNOMINDA27OCT261360CE,UNOMINDA,27OCT2026,136000.000000,550,OPTSTK,NFO,5.000000,22001,False
116911,IOC29SEP26115PE,IOC,29SEP2026,11500.000000,4875,OPTSTK,NFO,1.000000,195001,False
51925,NIFTYNXT5027OCT2666900CE,NIFTYNXT50,27OCT2026,6690000.000000,25,OPTIDX,NFO,5.000000,601,False
51929,NIFTYNXT5027OCT2667100CE,NIFTYNXT50,27OCT2026,6710000.000000,25,OPTIDX,NFO,5.000000,601,False
51930,NIFTYNXT5027OCT2667100PE,NIFTYNXT50,27OCT2026,6710000.000000,25,OPTIDX,NFO,5.000000,601,False
51935,NIFTYNXT5027OCT2667400CE,NIFTYNXT50,27OCT2026,6740000.000000,25,OPTIDX,NFO,5.000000,601,False
116917,IOC29SEP26130PE,IOC,29SEP2026,13000.000000,4875,OPTSTK,NFO,1.000000,195001,False
116921,IOC29SEP26140PE,IOC,29SEP2026,14000.000000,4875,OPTSTK,NFO,1.000000,195001,False
116927,IOC29SEP26155PE,IOC,29SEP2026,15500.000000,4875,OPTSTK,NFO,1.000000,195001,False
116985,MARUTI27OCT2613100CE,MARUTI,27OCT2026,1310000.000000,50,OPTSTK,NFO,5.000000,2001,False
51943,NIFTYNXT5027OCT2667600CE,NIFTYNXT50,27OCT2026,6760000.000000,25,OPTIDX,NFO,5.000000,601,False
51959,NIFTYNXT5027OCT2668200CE,NIFTYNXT50,27OCT2026,6820000.000000,25,OPTIDX,NFO,5.000000,601,False
51997,NIFTYNXT5027OCT2669100CE,NIFTYNXT50,27OCT2026,6910000.000000,25,OPTIDX,NFO,5.000000,601,False
52016,NIFTYNXT5027OCT2670000PE,NIFTYNXT50,27OCT2026,7000000.000000,25,OPTIDX,NFO,5.000000,601,False
117038,UPL27OCT26560CE,UPL,27OCT2026,56000.000000,1355,OPTSTK,NFO,5.000000,40651,False
117196,IREDA29SEP2690PE,IREDA,29SEP2026,9000.000000,4525,OPTSTK,NFO,1.000000,181001,False
117198,IREDA29SEP2695PE,IREDA,29SEP2026,9500.000000,4525,OPTSTK,NFO,1.000000,181001,False
117212,IREDA29SEP26130PE,IREDA,29SEP2026,13000.000000,4525,OPTSTK,NFO,1.000000,181001,False
52019,NIFTYNXT5027OCT2670100CE,NIFTYNXT50,27OCT2026,7010000.000000,25,OPTIDX,NFO,5.000000,601,False
52027,NIFTYNXT5027OCT2670300CE,NIFTYNXT50,27OCT2026,7030000.000000,25,OPTIDX,NFO,5.000000,601,False
52049,NIFTYNXT5027OCT2670500PE,NIFTYNXT50,27OCT2026,7050000.000000,25,OPTIDX,NFO,5.000000,601,False
52068,NIFTYNXT5027OCT2671300PE,NIFTYNXT50,27OCT2026,7130000.000000,25,OPTIDX,NFO,5.000000,601,False
117338,MARUTI23NOV2614000CE,MARUTI,23NOV2026,1400000.000000,50,OPTSTK,NFO,5.000000,2001,False
117341,VBL29SEP26470PE,VBL,29SEP2026,47000.000000,1275,OPTSTK,NFO,5.000000,51001,False
117348,MARUTI23NOV2614200CE,MARUTI,23NOV2026,1420000.000000,50,OPTSTK,NFO,5.000000,2001,False
117450,VBL27OCT26340PE,VBL,27OCT2026,34000.000000,1275,OPTSTK,NFO,5.000000,51001,False
52085,NIFTYNXT5027OCT2672100CE,NIFTYNXT50,27OCT2026,7210000.000000,25,OPTIDX,NFO,5.000000,601,False
52099,NIFTYNXT5027OCT2672400CE,NIFTYNXT50,27OCT2026,7240000.000000,25,OPTIDX,NFO,5.000000,601,False
52104,NIFTYNXT5027OCT2672500CE,NIFTYNXT50,27OCT2026,7250000.000000,25,OPTIDX,NFO,5.000000,601,False
52113,NIFTYNXT5027OCT2672500PE,NIFTYNXT50,27OCT2026,7250000.000000,25,OPTIDX,NFO,5.000000,601,False
117459,VBL27OCT26440CE,VBL,27OCT2026,44000.000000,1275,OPTSTK,NFO,5.000000,51001,False
117474,IRFC29SEP2680CE,IRFC,29SEP2026,8000.000000,5425,OPTSTK,NFO,1.000000,271251,False
117534,IRFC29SEP2686CE,IRFC,29SEP2026,8600.000000,5425,OPTSTK,NFO,1.000000,271251,False
117535,IRFC29SEP2686PE,IRFC,29SEP2026,8600.000000,5425,OPTSTK,NFO,1.000000,271251,False
52136,NIFTYNXT5027OCT2673100PE,NIFTYNXT50,27OCT2026,7310000.000000,25,OPTIDX,NFO,5.000000,601,False
52151,NIFTYNXT5027OCT2673500CE,NIFTYNXT50,27OCT2026,7350000.000000,25,OPTIDX,NFO,5.000000,601,False
52171,NIFTYNXT5027OCT2674500CE,NIFTYNXT50,27OCT2026,7450000.000000,25,OPTIDX,NFO,5.000000,601,False
52177,NIFTYNXT5027OCT2674800CE,NIFTYNXT50,27OCT2026,7480000.000000,25,OPTIDX,NFO,5.000000,601,False
117597,VEDL29SEP26235CE,VEDL,29SEP2026,23500.000000,1150,OPTSTK,NFO,5.000000,80501,False
117598,VEDL29SEP26235PE,VEDL,29SEP2026,23500.000000,1150,OPTSTK,NFO,5.000000,80501,False
117603,VEDL29SEP26265CE,VEDL,29SEP2026,26500.000000,1150,OPTSTK,NFO,5.000000,80501,False
117608,VEDL29SEP26275PE,VEDL,29SEP2026,27500.000000,1150,OPTSTK,NFO,5.000000,80501,False
52182,NIFTYNXT5027OCT2675000PE,NIFTYNXT50,27OCT2026,7500000.000000,25,OPTIDX,NFO,5.000000,601,False
52183,NIFTYNXT5027OCT2675100CE,NIFTYNXT50,27OCT2026,7510000.000000,25,OPTIDX,NFO,5.000000,601,False
52185,NIFTYNXT5027OCT2675200CE,NIFTYNXT50,27OCT2026,7520000.000000,25,OPTIDX,NFO,5.000000,601,False
52205,NIFTYNXT5027OCT2676100PE,NIFTYNXT50,27OCT2026,7610000.000000,25,OPTIDX,NFO,5.000000,601,False
117641,MAXHEALTH27OCT26890CE,MAXHEALTH,27OCT2026,89000.000000,525,OPTSTK,NFO,5.000000,21001,False
117651,MAXHEALTH27OCT26930CE,MAXHEALTH,27OCT2026,93000.000000,525,OPTSTK,NFO,5.000000,21001,False
117671,IRFC29SEP2698CE,IRFC,29SEP2026,9800.000000,5425,OPTSTK,NFO,1.000000,271251,False
117684,IRFC29SEP2698PE,IRFC,29SEP2026,9800.000000,5425,OPTSTK,NFO,1.000000,271251,False
52209,NIFTYNXT5027OCT2676200PE,NIFTYNXT50,27OCT2026,7620000.000000,25,OPTIDX,NFO,5.000000,601,False
52211,NIFTYNXT5027OCT2676300PE,NIFTYNXT50,27OCT2026,7630000.000000,25,OPTIDX,NFO,5.000000,601,False
52215,NIFTYNXT5027OCT2676500PE,NIFTYNXT50,27OCT2026,7650000.000000,25,OPTIDX,NFO,5.000000,601,False
52221,NIFTYNXT5027OCT2676800PE,NIFTYNXT50,27OCT2026,7680000.000000,25,OPTIDX,NFO,5.000000,601,False
117725,IRFC29SEP26104PE,IRFC,29SEP2026,10400.000000,5425,OPTSTK,NFO,1.000000,271251,False
117733,VEDL27OCT26250PE,VEDL,27OCT2026,25000.000000,1150,OPTSTK,NFO,5.000000,80501,False
117741,VEDL27OCT26290PE,VEDL,27OCT2026,29000.000000,1150,OPTSTK,NFO,5.000000,80501,False
117778,VMM29SEP26112.5CE,VMM,29SEP2026,11250.000000,4850,OPTSTK,NFO,1.000000,194001,False
52225,NIFTYNXT5027OCT2677000PE,NIFTYNXT50,27OCT2026,7700000.000000,25,OPTIDX,NFO,5.000000,601,False
52237,NIFTYNXT5027OCT2677600PE,NIFTYNXT50,27OCT2026,7760000.000000,25,OPTIDX,NFO,5.000000,601,False
52241,NIFTYNXT5027OCT2677800PE,NIFTYNXT50,27OCT2026,7780000.000000,25,OPTIDX,NFO,5.000000,601,False
52276,NIFTYNXT5027OCT2678700CE,NIFTYNXT50,27OCT2026,7870000.000000,25,OPTIDX,NFO,5.000000,601,False
117793,MAXHEALTH27OCT26990CE,MAXHEALTH,27OCT2026,99000.000000,525,OPTSTK,NFO,5.000000,21001,False
117810,VMM27OCT2685CE,VMM,27OCT2026,8500.000000,4850,OPTSTK,NFO,1.000000,194001,False
117812,VMM27OCT2690CE,VMM,27OCT2026,9000.000000,4850,OPTSTK,NFO,1.000000,194001,False
117942,VOLTAS29SEP261100CE,VOLTAS,29SEP2026,110000.000000,375,OPTSTK,NFO,5.000000,18751,False
52316,NIFTYNXT5027OCT2680000CE,NIFTYNXT50,27OCT2026,8000000.000000,25,OPTIDX,NFO,5.000000,601,False
52320,NIFTYNXT5027OCT2680200CE,NIFTYNXT50,27OCT2026,8020000.000000,25,OPTIDX,NFO,5.000000,601,False
52322,NIFTYNXT5027OCT2680300CE,NIFTYNXT50,27OCT2026,8030000.000000,25,OPTIDX,NFO,5.000000,601,False
52377,NIFTYNXT5027OCT2682500PE,NIFTYNXT50,27OCT2026,8250000.000000,25,OPTIDX,NFO,5.000000,601,False
118008,ITC29SEP26215CE,ITC,29SEP2026,21500.000000,1725,OPTSTK,NFO,5.000000,86251,False
118017,ITC29SEP26225PE,ITC,29SEP2026,22500.000000,1725,OPTSTK,NFO,5.000000,86251,False
118018,ITC29SEP26230CE,ITC,29SEP2026,23000.000000,1725,OPTSTK,NFO,5.000000,86251,False
118021,MAXHEALTH27OCT261070PE,MAXHEALTH,27OCT2026,107000.000000,525,OPTSTK,NFO,5.000000,21001,False
52387,NIFTYNXT5027OCT2683000PE,NIFTYNXT50,27OCT2026,8300000.000000,25,OPTIDX,NFO,5.000000,601,False
52421,BANKNIFTY29SEP2666000PE,BANKNIFTY,29SEP2026,6600000.000000,30,OPTIDX,NFO,5.000000,601,False
52648,360ONE29SEP261140CE,360ONE,29SEP2026,114000.000000,500,OPTSTK,NFO,5.000000,20001,False
52675,SOLARINDS29SEP2624250PE,SOLARINDS,29SEP2026,2425000.000000,50,OPTSTK,NFO,5.000000,1501,False
118030,ITC29SEP26235PE,ITC,29SEP2026,23500.000000,1725,OPTSTK,NFO,5.000000,86251,False
118038,ITC29SEP26250CE,ITC,29SEP2026,25000.000000,1725,OPTSTK,NFO,5.000000,86251,False
118128,ITC29SEP26315CE,ITC,29SEP2026,31500.000000,1725,OPTSTK,NFO,5.000000,86251,False
118135,VOLTAS27OCT26960PE,VOLTAS,27OCT2026,96000.000000,375,OPTSTK,NFO,5.000000,18751,False
52699,360ONE27OCT261120PE,360ONE,27OCT2026,112000.000000,500,OPTSTK,NFO,5.000000,20001,False
52706,360ONE27OCT261280CE,360ONE,27OCT2026,128000.000000,500,OPTSTK,NFO,5.000000,20001,False
52707,360ONE27OCT261280PE,360ONE,27OCT2026,128000.000000,500,OPTSTK,NFO,5.000000,20001,False
52711,360ONE27OCT261360PE,360ONE,27OCT2026,136000.000000,500,OPTSTK,NFO,5.000000,20001,False
118200,MAXHEALTH23NOV261060CE,MAXHEALTH,23NOV2026,106000.000000,525,OPTSTK,NFO,5.000000,21001,False
118228,MAXHEALTH23NOV261140PE,MAXHEALTH,23NOV2026,114000.000000,525,OPTSTK,NFO,5.000000,21001,False
118230,MAXHEALTH23NOV261160PE,MAXHEALTH,23NOV2026,116000.000000,525,OPTSTK,NFO,5.000000,21001,False
118263,ITC29SEP26320CE,ITC,29SEP2026,32000.000000,1725,OPTSTK,NFO,5.000000,86251,False
52809,ABB29SEP266900PE,ABB,29SEP2026,690000.000000,125,OPTSTK,NFO,5.000000,3751,False
52833,ABB29SEP267900PE,ABB,29SEP2026,790000.000000,125,OPTSTK,NFO,5.000000,3751,False
52844,ABB29SEP268700CE,ABB,29SEP2026,870000.000000,125,OPTSTK,NFO,5.000000,3751,False
52893,ABB27OCT267400PE,ABB,27OCT2026,740000.000000,125,OPTSTK,NFO,5.000000,3751,False
118301,MAZDOCK27OCT262350PE,MAZDOCK,27OCT2026,235000.000000,225,OPTSTK,NFO,5.000000,9001,False
118349,JINDALSTEL29SEP261160CE,JINDALSTEL,29SEP2026,116000.000000,625,OPTSTK,NFO,5.000000,18751,False
118387,WAAREEENER29SEP262850CE,WAAREEENER,29SEP2026,285000.000000,175,OPTSTK,NFO,5.000000,8751,False
118388,WAAREEENER29SEP262850PE,WAAREEENER,29SEP2026,285000.000000,175,OPTSTK,NFO,5.000000,8751,False
52901,ABB27OCT267800PE,ABB,27OCT2026,780000.000000,125,OPTSTK,NFO,5.000000,3751,False
52904,ABB27OCT268200CE,ABB,27OCT2026,820000.000000,125,OPTSTK,NFO,5.000000,3751,False
52956,ABCAPITAL29SEP26375CE,ABCAPITAL,29SEP2026,37500.000000,3100,OPTSTK,NFO,5.000000,62001,False
52958,ABCAPITAL29SEP26385CE,ABCAPITAL,29SEP2026,38500.000000,3100,OPTSTK,NFO,5.000000,62001,False
118621,MCX27OCT263050PE,MCX,27OCT2026,305000.000000,225,OPTSTK,NFO,5.000000,6751,False
118405,MAZDOCK27OCT262850CE,MAZDOCK,27OCT2026,285000.000000,225,OPTSTK,NFO,5.000000,9001,False
118441,WAAREEENER27OCT262200CE,WAAREEENER,27OCT2026,220000.000000,175,OPTSTK,NFO,5.000000,8751,False
118452,WAAREEENER27OCT262700PE,WAAREEENER,27OCT2026,270000.000000,175,OPTSTK,NFO,5.000000,8751,False
52990,ABCAPITAL29SEP26485PE,ABCAPITAL,29SEP2026,48500.000000,3100,OPTSTK,NFO,5.000000,62001,False
53021,ABCAPITAL27OCT26330PE,ABCAPITAL,27OCT2026,33000.000000,3100,OPTSTK,NFO,5.000000,62001,False
53030,ABCAPITAL27OCT26350PE,ABCAPITAL,27OCT2026,35000.000000,3100,OPTSTK,NFO,5.000000,62001,False
53055,ABCAPITAL27OCT26460CE,ABCAPITAL,27OCT2026,46000.000000,3100,OPTSTK,NFO,5.000000,62001,False
53096,ADANIENSOL29SEP261300PE,ADANIENSOL,29SEP2026,130000.000000,675,OPTSTK,NFO,5.000000,13501,False
53105,ADANIENSOL29SEP261460CE,ADANIENSOL,29SEP2026,146000.000000,675,OPTSTK,NFO,5.000000,13501,False
53118,ADANIENSOL29SEP261540PE,ADANIENSOL,29SEP2026,154000.000000,675,OPTSTK,NFO,5.000000,13501,False
53138,ADANIENSOL29SEP261780PE,ADANIENSOL,29SEP2026,178000.000000,675,OPTSTK,NFO,5.000000,13501,False
118629,MCX27OCT263450PE,MCX,27OCT2026,345000.000000,225,OPTSTK,NFO,5.000000,6751,False
118656,WIPRO29SEP26182.5CE,WIPRO,29SEP2026,18250.000000,3000,OPTSTK,NFO,1.000000,120001,False
118713,WIPRO27OCT26155CE,WIPRO,27OCT2026,15500.000000,3000,OPTSTK,NFO,1.000000,120001,False
118720,WIPRO27OCT26170PE,WIPRO,27OCT2026,17000.000000,3000,OPTSTK,NFO,1.000000,120001,False
53200,ADANIENSOL27OCT261320PE,ADANIENSOL,27OCT2026,132000.000000,675,OPTSTK,NFO,5.000000,13501,False
53213,BANKNIFTY29DEC2645000PE,BANKNIFTY,29DEC2026,4500000.000000,30,OPTIDX,NFO,5.000000,601,False
53221,BANKNIFTY29DEC2651000PE,BANKNIFTY,29DEC2026,5100000.000000,30,OPTIDX,NFO,5.000000,601,False
53231,ADANIENSOL27OCT261440PE,ADANIENSOL,27OCT2026,144000.000000,675,OPTSTK,NFO,5.000000,13501,False
118794,MCX23NOV263400PE,MCX,23NOV2026,340000.000000,225,OPTSTK,NFO,5.000000,6751,False
118814,MCX23NOV263600CE,MCX,23NOV2026,360000.000000,225,OPTSTK,NFO,5.000000,6751,False
118817,MCX23NOV263700PE,MCX,23NOV2026,370000.000000,225,OPTSTK,NFO,5.000000,6751,False
118822,YESBANK27OCT2618CE,YESBANK,27OCT2026,1800.000000,31100,OPTSTK,NFO,1.000000,933001,False
53236,BANKNIFTY29DEC2658500PE,BANKNIFTY,29DEC2026,5850000.000000,30,OPTIDX,NFO,5.000000,601,False
53284,ADANIENSOL27OCT261800CE,ADANIENSOL,27OCT2026,180000.000000,675,OPTSTK,NFO,5.000000,13501,False
53338,ADANIENT29SEP262550CE,ADANIENT,29SEP2026,255000.000000,309,OPTSTK,NFO,5.000000,9271,False
53346,ADANIENT29SEP262650CE,ADANIENT,29SEP2026,265000.000000,309,OPTSTK,NFO,5.000000,9271,False
118825,YESBANK27OCT2620PE,YESBANK,27OCT2026,2000.000000,31100,OPTSTK,NFO,1.000000,933001,False
118851,JIOFIN29SEP26220PE,JIOFIN,29SEP2026,22000.000000,2350,OPTSTK,NFO,1.000000,94001,False
118880,JIOFIN29SEP26270CE,JIOFIN,29SEP2026,27000.000000,2350,OPTSTK,NFO,1.000000,94001,False
118906,MFSL27OCT261380PE,MFSL,27OCT2026,138000.000000,400,OPTSTK,NFO,5.000000,16001,False
53354,ADANIENT29SEP262850PE,ADANIENT,29SEP2026,285000.000000,309,OPTSTK,NFO,5.000000,9271,False
53369,ADANIENT29SEP263250PE,ADANIENT,29SEP2026,325000.000000,309,OPTSTK,NFO,5.000000,9271,False
53413,ADANIENT27OCT262800PE,ADANIENT,27OCT2026,280000.000000,309,OPTSTK,NFO,5.000000,9271,False
53422,ADANIENT27OCT263300CE,ADANIENT,27OCT2026,330000.000000,309,OPTSTK,NFO,5.000000,9271,False
119015,JSWENERGY29SEP26460CE,JSWENERGY,29SEP2026,46000.000000,1075,OPTSTK,NFO,5.000000,43001,False
118955,ZYDUSLIFE29SEP261110PE,ZYDUSLIFE,29SEP2026,111000.000000,900,OPTSTK,NFO,5.000000,27001,False
118964,ZYDUSLIFE29SEP261130PE,ZYDUSLIFE,29SEP2026,113000.000000,900,OPTSTK,NFO,5.000000,27001,False
118965,ZYDUSLIFE29SEP261150CE,ZYDUSLIFE,29SEP2026,115000.000000,900,OPTSTK,NFO,5.000000,27001,False
53423,ADANIENT27OCT263300PE,ADANIENT,27OCT2026,330000.000000,309,OPTSTK,NFO,5.000000,9271,False
53428,ADANIENT27OCT263600CE,ADANIENT,27OCT2026,360000.000000,309,OPTSTK,NFO,5.000000,9271,False
53468,ADANIGREEN29SEP261300CE,ADANIGREEN,29SEP2026,130000.000000,600,OPTSTK,NFO,5.000000,18001,False
53483,ADANIGREEN29SEP261500PE,ADANIGREEN,29SEP2026,150000.000000,600,OPTSTK,NFO,5.000000,18001,False
119020,JSWENERGY29SEP26500PE,JSWENERGY,29SEP2026,50000.000000,1075,OPTSTK,NFO,5.000000,43001,False
119022,JSWENERGY29SEP26520PE,JSWENERGY,29SEP2026,52000.000000,1075,OPTSTK,NFO,5.000000,43001,False
119036,JSWENERGY29SEP26660PE,JSWENERGY,29SEP2026,66000.000000,1075,OPTSTK,NFO,5.000000,43001,False
119090,ZYDUSLIFE27OCT261040PE,ZYDUSLIFE,27OCT2026,104000.000000,900,OPTSTK,NFO,5.000000,27001,False
53532,ADANIGREEN27OCT261160CE,ADANIGREEN,27OCT2026,116000.000000,600,OPTSTK,NFO,5.000000,18001,False
53538,ADANIGREEN27OCT261280CE,ADANIGREEN,27OCT2026,128000.000000,600,OPTSTK,NFO,5.000000,18001,False
53549,ADANIGREEN27OCT261440PE,ADANIGREEN,27OCT2026,144000.000000,600,OPTSTK,NFO,5.000000,18001,False
53550,ADANIGREEN27OCT261480CE,ADANIGREEN,27OCT2026,148000.000000,600,OPTSTK,NFO,5.000000,18001,False
53593,ADANIPORTS29SEP261340CE,ADANIPORTS,29SEP2026,134000.000000,475,OPTSTK,NFO,5.000000,14251,False
53594,ADANIPORTS29SEP261340PE,ADANIPORTS,29SEP2026,134000.000000,475,OPTSTK,NFO,5.000000,14251,False
53595,NIFTY28DEC2715000PE,NIFTY,28DEC2027,1500000.000000,65,OPTIDX,NFO,5.000000,1801,False
53604,NIFTY28DEC2718000PE,NIFTY,28DEC2027,1800000.000000,65,OPTIDX,NFO,5.000000,1801,False
119127,ZYDUSLIFE27OCT261180CE,ZYDUSLIFE,27OCT2026,118000.000000,900,OPTSTK,NFO,5.000000,27001,False
119148,ZYDUSLIFE27OCT261300PE,ZYDUSLIFE,27OCT2026,130000.000000,900,OPTSTK,NFO,5.000000,27001,False
119151,ZYDUSLIFE27OCT261320PE,ZYDUSLIFE,27OCT2026,132000.000000,900,OPTSTK,NFO,5.000000,27001,False
119216,MFSL23NOV261280PE,MFSL,23NOV2026,128000.000000,400,OPTSTK,NFO,5.000000,16001,False
53643,ADANIPORTS29SEP261940CE,ADANIPORTS,29SEP2026,194000.000000,475,OPTSTK,NFO,5.000000,14251,False
53708,ADANIPORTS27OCT261640PE,ADANIPORTS,27OCT2026,164000.000000,475,OPTSTK,NFO,5.000000,14251,False
53764,ADANIPOWER29SEP26215PE,ADANIPOWER,29SEP2026,21500.000000,3550,OPTSTK,NFO,1.000000,106501,False
53778,HINDPETRO29SEP26300PE,HINDPETRO,29SEP2026,30000.000000,2025,OPTSTK,NFO,5.000000,60751,False
119218,MFSL23NOV261320PE,MFSL,23NOV2026,132000.000000,400,OPTSTK,NFO,5.000000,16001,False
119229,MFSL23NOV261480CE,MFSL,23NOV2026,148000.000000,400,OPTSTK,NFO,5.000000,16001,False
119282,JSWSTEEL29SEP261240CE,JSWSTEEL,29SEP2026,124000.000000,675,OPTSTK,NFO,5.000000,20251,False
119290,JSWSTEEL29SEP261360CE,JSWSTEEL,29SEP2026,136000.000000,675,OPTSTK,NFO,5.000000,20251,False
53810,ADANIPOWER27OCT26180PE,ADANIPOWER,27OCT2026,18000.000000,3550,OPTSTK,NFO,1.000000,106501,False
53812,ADANIPOWER27OCT26190PE,ADANIPOWER,27OCT2026,19000.000000,3550,OPTSTK,NFO,1.000000,106501,False
53814,ADANIPOWER27OCT26200PE,ADANIPOWER,27OCT2026,20000.000000,3550,OPTSTK,NFO,1.000000,106501,False
53852,HINDPETRO29SEP26330PE,HINDPETRO,29SEP2026,33000.000000,2025,OPTSTK,NFO,5.000000,60751,False
119414,JUBLFOOD29SEP26430PE,JUBLFOOD,29SEP2026,43000.000000,1250,OPTSTK,NFO,5.000000,50001,False
119296,JSWSTEEL29SEP261480CE,JSWSTEEL,29SEP2026,148000.000000,675,OPTSTK,NFO,5.000000,20251,False
119298,JSWSTEEL29SEP261520CE,JSWSTEEL,29SEP2026,152000.000000,675,OPTSTK,NFO,5.000000,20251,False
119392,JUBLFOOD29SEP26400CE,JUBLFOOD,29SEP2026,40000.000000,1250,OPTSTK,NFO,5.000000,50001,False
53868,ALKEM29SEP264750PE,ALKEM,29SEP2026,475000.000000,125,OPTSTK,NFO,5.000000,5001,False
53873,ALKEM29SEP264950CE,ALKEM,29SEP2026,495000.000000,125,OPTSTK,NFO,5.000000,5001,False
53885,ALKEM29SEP265550CE,ALKEM,29SEP2026,555000.000000,125,OPTSTK,NFO,5.000000,5001,False
53920,HINDPETRO29SEP26390PE,HINDPETRO,29SEP2026,39000.000000,2025,OPTSTK,NFO,5.000000,60751,False
119417,JUBLFOOD29SEP26450CE,JUBLFOOD,29SEP2026,45000.000000,1250,OPTSTK,NFO,5.000000,50001,False
119420,JUBLFOOD29SEP26460PE,JUBLFOOD,29SEP2026,46000.000000,1250,OPTSTK,NFO,5.000000,50001,False
119423,JUBLFOOD29SEP26470CE,JUBLFOOD,29SEP2026,47000.000000,1250,OPTSTK,NFO,5.000000,50001,False
119426,MOTHERSON27OCT26147.5CE,MOTHERSON,27OCT2026,14750.000000,6150,OPTSTK,NFO,1.000000,184501,False
53945,HINDPETRO29SEP26400CE,HINDPETRO,29SEP2026,40000.000000,2025,OPTSTK,NFO,5.000000,60751,False
53949,HINDPETRO29SEP26410CE,HINDPETRO,29SEP2026,41000.000000,2025,OPTSTK,NFO,5.000000,60751,False
53960,HINDPETRO29SEP26440PE,HINDPETRO,29SEP2026,44000.000000,2025,OPTSTK,NFO,5.000000,60751,False
53994,ALKEM27OCT265400PE,ALKEM,27OCT2026,540000.000000,125,OPTSTK,NFO,5.000000,5001,False
119432,MOTHERSON27OCT26157.5CE,MOTHERSON,27OCT2026,15750.000000,6150,OPTSTK,NFO,1.000000,184501,False
119435,MOTHERSON27OCT26162.5PE,MOTHERSON,27OCT2026,16250.000000,6150,OPTSTK,NFO,1.000000,184501,False
119439,MOTHERSON27OCT26172.5PE,MOTHERSON,27OCT2026,17250.000000,6150,OPTSTK,NFO,1.000000,184501,False
119442,MOTHERSON27OCT26182.5CE,MOTHERSON,27OCT2026,18250.000000,6150,OPTSTK,NFO,1.000000,184501,False
54013,ALKEM27OCT266100CE,ALKEM,27OCT2026,610000.000000,125,OPTSTK,NFO,5.000000,5001,False
54150,AMBER29SEP268100CE,AMBER,29SEP2026,810000.000000,100,OPTSTK,NFO,5.000000,3001,False
54202,AMBER27OCT266400PE,AMBER,27OCT2026,640000.000000,100,OPTSTK,NFO,5.000000,3001,False
54215,AMBER27OCT267800CE,AMBER,27OCT2026,780000.000000,100,OPTSTK,NFO,5.000000,3001,False
119537,MOTHERSON23NOV26150PE,MOTHERSON,23NOV2026,15000.000000,6150,OPTSTK,NFO,1.000000,184501,False
119549,MOTHERSON23NOV26180CE,MOTHERSON,23NOV2026,18000.000000,6150,OPTSTK,NFO,1.000000,184501,False
119640,MOTILALOFS23NOV26960PE,MOTILALOFS,23NOV2026,96000.000000,775,OPTSTK,NFO,5.000000,23251,False
119645,MOTILALOFS23NOV261080CE,MOTILALOFS,23NOV2026,108000.000000,775,OPTSTK,NFO,5.000000,23251,False
54230,AMBER27OCT268600PE,AMBER,27OCT2026,860000.000000,100,OPTSTK,NFO,5.000000,3001,False
54281,AMBUJACEM29SEP26345PE,AMBUJACEM,29SEP2026,34500.000000,1200,OPTSTK,NFO,5.000000,60001,False
54301,AMBUJACEM29SEP26445CE,AMBUJACEM,29SEP2026,44500.000000,1200,OPTSTK,NFO,5.000000,60001,False
54350,AMBUJACEM27OCT26350PE,AMBUJACEM,27OCT2026,35000.000000,1200,OPTSTK,NFO,5.000000,60001,False
119651,MOTILALOFS23NOV261200CE,MOTILALOFS,23NOV2026,120000.000000,775,OPTSTK,NFO,5.000000,23251,False
119685,MPHASIS27OCT262250PE,MPHASIS,27OCT2026,225000.000000,275,OPTSTK,NFO,5.000000,11001,False
119715,MPHASIS23NOV261800CE,MPHASIS,23NOV2026,180000.000000,275,OPTSTK,NFO,5.000000,11001,False
119757,MUTHOOTFIN27OCT262550CE,MUTHOOTFIN,27OCT2026,255000.000000,275,OPTSTK,NFO,5.000000,8251,False
54371,AMBUJACEM27OCT26460CE,AMBUJACEM,27OCT2026,46000.000000,1200,OPTSTK,NFO,5.000000,60001,False
54376,AMBUJACEM27OCT26480CE,AMBUJACEM,27OCT2026,48000.000000,1200,OPTSTK,NFO,5.000000,60001,False
54431,ANGELONE29SEP26335CE,ANGELONE,29SEP2026,33500.000000,2500,OPTSTK,NFO,5.000000,75001,False
54467,ANGELONE27OCT26240CE,ANGELONE,27OCT2026,24000.000000,2500,OPTSTK,NFO,5.000000,75001,False
119765,MUTHOOTFIN27OCT262950CE,MUTHOOTFIN,27OCT2026,295000.000000,275,OPTSTK,NFO,5.000000,8251,False
119808,MUTHOOTFIN23NOV262600PE,MUTHOOTFIN,23NOV2026,260000.000000,275,OPTSTK,NFO,5.000000,8251,False
119811,MUTHOOTFIN23NOV262800CE,MUTHOOTFIN,23NOV2026,280000.000000,275,OPTSTK,NFO,5.000000,8251,False
119820,MUTHOOTFIN23NOV263200PE,MUTHOOTFIN,23NOV2026,320000.000000,275,OPTSTK,NFO,5.000000,8251,False
54557,APLAPOLLO29SEP262020CE,APLAPOLLO,29SEP2026,202000.000000,350,OPTSTK,NFO,5.000000,10501,False
54575,APLAPOLLO29SEP262300CE,APLAPOLLO,29SEP2026,230000.000000,350,OPTSTK,NFO,5.000000,10501,False
54580,APLAPOLLO29SEP262380PE,APLAPOLLO,29SEP2026,238000.000000,350,OPTSTK,NFO,5.000000,10501,False
54673,APLAPOLLO27OCT261880CE,APLAPOLLO,27OCT2026,188000.000000,350,OPTSTK,NFO,5.000000,10501,False
54678,APLAPOLLO27OCT261960PE,APLAPOLLO,27OCT2026,196000.000000,350,OPTSTK,NFO,5.000000,10501,False
54692,APLAPOLLO27OCT262120PE,APLAPOLLO,27OCT2026,212000.000000,350,OPTSTK,NFO,5.000000,10501,False
54747,APOLLOHOSP29SEP268100CE,APOLLOHOSP,29SEP2026,810000.000000,125,OPTSTK,NFO,5.000000,2501,False
54765,APOLLOHOSP29SEP269100CE,APOLLOHOSP,29SEP2026,910000.000000,125,OPTSTK,NFO,5.000000,2501,False
119824,MUTHOOTFIN23NOV263400PE,MUTHOOTFIN,23NOV2026,340000.000000,275,OPTSTK,NFO,5.000000,8251,False
119863,NAM-INDIA27OCT261220CE,NAM-INDIA,27OCT2026,122000.000000,625,OPTSTK,NFO,5.000000,18751,False
119865,NAM-INDIA27OCT261260CE,NAM-INDIA,27OCT2026,126000.000000,625,OPTSTK,NFO,5.000000,18751,False
119868,NAM-INDIA27OCT261300PE,NAM-INDIA,27OCT2026,130000.000000,625,OPTSTK,NFO,5.000000,18751,False
54773,APOLLOHOSP29SEP269700CE,APOLLOHOSP,29SEP2026,970000.000000,125,OPTSTK,NFO,5.000000,2501,False
54827,APOLLOHOSP27OCT267600CE,APOLLOHOSP,27OCT2026,760000.000000,125,OPTSTK,NFO,5.000000,2501,False
54835,APOLLOHOSP27OCT268400CE,APOLLOHOSP,27OCT2026,840000.000000,125,OPTSTK,NFO,5.000000,2501,False
54848,APOLLOHOSP27OCT269400PE,APOLLOHOSP,27OCT2026,940000.000000,125,OPTSTK,NFO,5.000000,2501,False
119869,NAM-INDIA27OCT261340CE,NAM-INDIA,27OCT2026,134000.000000,625,OPTSTK,NFO,5.000000,18751,False
119896,NAM-INDIA23NOV26960PE,NAM-INDIA,23NOV2026,96000.000000,625,OPTSTK,NFO,5.000000,18751,False
119941,NATIONALUM27OCT26390CE,NATIONALUM,27OCT2026,39000.000000,1875,OPTSTK,NFO,5.000000,56251,False
119946,NATIONALUM27OCT26430PE,NATIONALUM,27OCT2026,43000.000000,1875,OPTSTK,NFO,5.000000,56251,False
54858,APOLLOHOSP27OCT2610200PE,APOLLOHOSP,27OCT2026,1020000.000000,125,OPTSTK,NFO,5.000000,2501,False
54940,ASHOKLEY29SEP26197.5PE,ASHOKLEY,29SEP2026,19750.000000,5000,OPTSTK,NFO,1.000000,150001,False
54997,ASHOKLEY27OCT26180CE,ASHOKLEY,27OCT2026,18000.000000,5000,OPTSTK,NFO,1.000000,150001,False
55052,ASIANPAINT29SEP262300PE,ASIANPAINT,29SEP2026,230000.000000,250,OPTSTK,NFO,5.000000,10001,False
119984,NATIONALUM23NOV26380CE,NATIONALUM,23NOV2026,38000.000000,1875,OPTSTK,NFO,5.000000,56251,False
119990,NATIONALUM23NOV26440CE,NATIONALUM,23NOV2026,44000.000000,1875,OPTSTK,NFO,5.000000,56251,False
119998,KALYANKJIL29SEP26520CE,KALYANKJIL,29SEP2026,52000.000000,1350,OPTSTK,NFO,5.000000,40501,False
119999,KALYANKJIL29SEP26520PE,KALYANKJIL,29SEP2026,52000.000000,1350,OPTSTK,NFO,5.000000,40501,False
55062,ASIANPAINT29SEP262380PE,ASIANPAINT,29SEP2026,238000.000000,250,OPTSTK,NFO,5.000000,10001,False
55080,ASIANPAINT29SEP262620PE,ASIANPAINT,29SEP2026,262000.000000,250,OPTSTK,NFO,5.000000,10001,False
55090,ASIANPAINT29SEP262660PE,ASIANPAINT,29SEP2026,266000.000000,250,OPTSTK,NFO,5.000000,10001,False
55091,ASIANPAINT29SEP262700CE,ASIANPAINT,29SEP2026,270000.000000,250,OPTSTK,NFO,5.000000,10001,False
120026,NAUKRI27OCT261260CE,NAUKRI,27OCT2026,126000.000000,550,OPTSTK,NFO,5.000000,16501,False
120029,NAUKRI27OCT261300PE,NAUKRI,27OCT2026,130000.000000,550,OPTSTK,NFO,5.000000,16501,False
120094,KAYNES29SEP263300PE,KAYNES,29SEP2026,330000.000000,150,OPTSTK,NFO,5.000000,6001,False
120120,KAYNES29SEP263400PE,KAYNES,29SEP2026,340000.000000,150,OPTSTK,NFO,5.000000,6001,False
55097,ASIANPAINT29SEP262780CE,ASIANPAINT,29SEP2026,278000.000000,250,OPTSTK,NFO,5.000000,10001,False
55190,ASIANPAINT27OCT262120CE,ASIANPAINT,27OCT2026,212000.000000,250,OPTSTK,NFO,5.000000,10001,False
55191,ASIANPAINT27OCT262120PE,ASIANPAINT,27OCT2026,212000.000000,250,OPTSTK,NFO,5.000000,10001,False
55195,ASIANPAINT27OCT262160PE,ASIANPAINT,27OCT2026,216000.000000,250,OPTSTK,NFO,5.000000,10001,False
120189,NAUKRI23NOV261160CE,NAUKRI,23NOV2026,116000.000000,550,OPTSTK,NFO,5.000000,16501,False
120204,KAYNES29SEP264400CE,KAYNES,29SEP2026,440000.000000,150,OPTSTK,NFO,5.000000,6001,False
120216,NAUKRI23NOV261400PE,NAUKRI,23NOV2026,140000.000000,550,OPTSTK,NFO,5.000000,16501,False
120217,NAUKRI23NOV261440CE,NAUKRI,23NOV2026,144000.000000,550,OPTSTK,NFO,5.000000,16501,False
55196,ASIANPAINT27OCT262200CE,ASIANPAINT,27OCT2026,220000.000000,250,OPTSTK,NFO,5.000000,10001,False
55211,ASIANPAINT27OCT262400PE,ASIANPAINT,27OCT2026,240000.000000,250,OPTSTK,NFO,5.000000,10001,False
55219,ASIANPAINT27OCT262560PE,ASIANPAINT,27OCT2026,256000.000000,250,OPTSTK,NFO,5.000000,10001,False
55237,ASIANPAINT27OCT262840PE,ASIANPAINT,27OCT2026,284000.000000,250,OPTSTK,NFO,5.000000,10001,False
120248,NBCC27OCT2672.5PE,NBCC,27OCT2026,7250.000000,6500,OPTSTK,NFO,1.000000,260001,False
120250,NBCC27OCT2677.5PE,NBCC,27OCT2026,7750.000000,6500,OPTSTK,NFO,1.000000,260001,False
120279,KEI29SEP264000CE,KEI,29SEP2026,400000.000000,175,OPTSTK,NFO,5.000000,5251,False
120285,KEI29SEP264400CE,KEI,29SEP2026,440000.000000,175,OPTSTK,NFO,5.000000,5251,False
55240,ASIANPAINT27OCT262920CE,ASIANPAINT,27OCT2026,292000.000000,250,OPTSTK,NFO,5.000000,10001,False
55281,NIFTY29SEP2616500PE,NIFTY,29SEP2026,1650000.000000,65,OPTIDX,NFO,5.000000,1801,False
55291,NIFTY29SEP2631500PE,NIFTY,29SEP2026,3150000.000000,65,OPTIDX,NFO,5.000000,1801,False
55329,NIFTY29DEC2625500PE,NIFTY,29DEC2026,2550000.000000,65,OPTIDX,NFO,5.000000,1801,False
120304,NBCC23NOV2675CE,NBCC,23NOV2026,7500.000000,6500,OPTSTK,NFO,1.000000,260001,False
120314,KEI29SEP265400PE,KEI,29SEP2026,540000.000000,175,OPTSTK,NFO,5.000000,5251,False
120322,KEI29SEP266200PE,KEI,29SEP2026,620000.000000,175,OPTSTK,NFO,5.000000,5251,False
120333,NBCC23NOV2695CE,NBCC,23NOV2026,9500.000000,6500,OPTSTK,NFO,1.000000,260001,False
55330,NIFTY29DEC2628500CE,NIFTY,29DEC2026,2850000.000000,65,OPTIDX,NFO,5.000000,1801,False
55378,NIFTY29JUN2728500CE,NIFTY,29JUN2027,2850000.000000,65,OPTIDX,NFO,5.000000,1801,False
55380,NIFTY29JUN2731500CE,NIFTY,29JUN2027,3150000.000000,65,OPTIDX,NFO,5.000000,1801,False
55381,NIFTY29JUN2731500PE,NIFTY,29JUN2027,3150000.000000,65,OPTIDX,NFO,5.000000,1801,False
55427,NIFTY28DEC2725500PE,NIFTY,28DEC2027,2550000.000000,65,OPTIDX,NFO,5.000000,1801,False
55472,NIFTY27JUN2822500CE,NIFTY,27JUN2028,2250000.000000,65,OPTIDX,NFO,5.000000,1801,False
55479,NIFTY27JUN2828500PE,NIFTY,27JUN2028,2850000.000000,65,OPTIDX,NFO,5.000000,1801,False
55518,NIFTY26DEC2819500CE,NIFTY,26DEC2028,1950000.000000,65,OPTIDX,NFO,5.000000,1801,False
120340,NBCC23NOV26105PE,NBCC,23NOV2026,10500.000000,6500,OPTSTK,NFO,1.000000,260001,False
120385,NESTLEIND27OCT261290CE,NESTLEIND,27OCT2026,129000.000000,500,OPTSTK,NFO,5.000000,15001,False
120457,KFINTECH29SEP26760CE,KFINTECH,29SEP2026,76000.000000,575,OPTSTK,NFO,5.000000,23001,False
120463,KFINTECH29SEP26880CE,KFINTECH,29SEP2026,88000.000000,575,OPTSTK,NFO,5.000000,23001,False
55520,NIFTY26DEC2822500CE,NIFTY,26DEC2028,2250000.000000,65,OPTIDX,NFO,5.000000,1801,False
55523,NIFTY26DEC2825500PE,NIFTY,26DEC2028,2550000.000000,65,OPTIDX,NFO,5.000000,1801,False
55543,ASTRAL29SEP261340PE,ASTRAL,29SEP2026,134000.000000,425,OPTSTK,NFO,5.000000,17001,False
55559,NIFTY26JUN2919500PE,NIFTY,26JUN2029,1950000.000000,65,OPTIDX,NFO,5.000000,1801,False
120517,NESTLEIND23NOV261280CE,NESTLEIND,23NOV2026,128000.000000,500,OPTSTK,NFO,5.000000,15001,False
120566,NESTLEIND23NOV261680PE,NESTLEIND,23NOV2026,168000.000000,500,OPTSTK,NFO,5.000000,15001,False
120663,NHPC27OCT2677CE,NHPC,27OCT2026,7700.000000,6950,OPTSTK,NFO,1.000000,278001,False
120730,NHPC23NOV2668CE,NHPC,23NOV2026,6800.000000,6950,OPTSTK,NFO,1.000000,278001,False
55582,ASTRAL29SEP261380CE,ASTRAL,29SEP2026,138000.000000,425,OPTSTK,NFO,5.000000,17001,False
55600,NIFTY24DEC2919500CE,NIFTY,24DEC2029,1950000.000000,65,OPTIDX,NFO,5.000000,1801,False
55601,NIFTY24DEC2919500PE,NIFTY,24DEC2029,1950000.000000,65,OPTIDX,NFO,5.000000,1801,False
55609,NIFTY24DEC2931500PE,NIFTY,24DEC2029,3150000.000000,65,OPTIDX,NFO,5.000000,1801,False
120840,NMDC27OCT2687CE,NMDC,27OCT2026,8700.000000,6750,OPTSTK,NFO,1.000000,270001,False
120845,NMDC27OCT2691PE,NMDC,27OCT2026,9100.000000,6750,OPTSTK,NFO,1.000000,270001,False
120971,NMDC23NOV2696PE,NMDC,23NOV2026,9600.000000,6750,OPTSTK,NFO,1.000000,270001,False
121022,NTPC27OCT26355CE,NTPC,27OCT2026,35500.000000,1500,OPTSTK,NFO,5.000000,75001,False
55640,NIFTY25JUN3016500CE,NIFTY,25JUN2030,1650000.000000,65,OPTIDX,NFO,5.000000,1801,False
55671,ASTRAL29SEP261620PE,ASTRAL,29SEP2026,162000.000000,425,OPTSTK,NFO,5.000000,17001,False
55692,ASTRAL29SEP261740CE,ASTRAL,29SEP2026,174000.000000,425,OPTSTK,NFO,5.000000,17001,False
55703,NIFTY31DEC3021000PE,NIFTY,31DEC2030,2100000.000000,65,OPTIDX,NFO,5.000000,1801,False
121082,NTPC23NOV26330CE,NTPC,23NOV2026,33000.000000,1500,OPTSTK,NFO,5.000000,75001,False
121086,NTPC23NOV26350CE,NTPC,23NOV2026,35000.000000,1500,OPTSTK,NFO,5.000000,75001,False
121089,NTPC23NOV26360PE,NTPC,23NOV2026,36000.000000,1500,OPTSTK,NFO,5.000000,75001,False
121090,NTPC23NOV26370CE,NTPC,23NOV2026,37000.000000,1500,OPTSTK,NFO,5.000000,75001,False
55759,NIFTY31DEC3027000PE,NIFTY,31DEC2030,2700000.000000,65,OPTIDX,NFO,5.000000,1801,False
55762,NIFTY31DEC3030000CE,NIFTY,31DEC2030,3000000.000000,65,OPTIDX,NFO,5.000000,1801,False
55826,ASTRAL27OCT261160CE,ASTRAL,27OCT2026,116000.000000,425,OPTSTK,NFO,5.000000,17001,False
55851,ASTRAL27OCT261200PE,ASTRAL,27OCT2026,120000.000000,425,OPTSTK,NFO,5.000000,17001,False
121092,NTPC23NOV26380CE,NTPC,23NOV2026,38000.000000,1500,OPTSTK,NFO,5.000000,75001,False
121129,KPITTECH29SEP26600CE,KPITTECH,29SEP2026,60000.000000,775,OPTSTK,NFO,5.000000,38751,False
121134,KPITTECH29SEP26640PE,KPITTECH,29SEP2026,64000.000000,775,OPTSTK,NFO,5.000000,38751,False
121191,NYKAA27OCT26315PE,NYKAA,27OCT2026,31500.000000,3125,OPTSTK,NFO,5.000000,93751,False
55901,ASTRAL27OCT261360PE,ASTRAL,27OCT2026,136000.000000,425,OPTSTK,NFO,5.000000,17001,False
55907,ASTRAL27OCT261480PE,ASTRAL,27OCT2026,148000.000000,425,OPTSTK,NFO,5.000000,17001,False
55981,AUBANK29SEP261100PE,AUBANK,29SEP2026,110000.000000,1000,OPTSTK,NFO,5.000000,20001,False
56050,AUBANK27OCT261040CE,AUBANK,27OCT2026,104000.000000,1000,OPTSTK,NFO,5.000000,20001,False
121195,NYKAA27OCT26325PE,NYKAA,27OCT2026,32500.000000,3125,OPTSTK,NFO,5.000000,93751,False
121198,NYKAA27OCT26345CE,NYKAA,27OCT2026,34500.000000,3125,OPTSTK,NFO,5.000000,93751,False
121200,NYKAA27OCT26355CE,NYKAA,27OCT2026,35500.000000,3125,OPTSTK,NFO,5.000000,93751,False
121204,NYKAA27OCT26375CE,NYKAA,27OCT2026,37500.000000,3125,OPTSTK,NFO,5.000000,93751,False
56075,AUBANK27OCT261240PE,AUBANK,27OCT2026,124000.000000,1000,OPTSTK,NFO,5.000000,20001,False
56164,AUROPHARMA29SEP261860CE,AUROPHARMA,29SEP2026,186000.000000,550,OPTSTK,NFO,5.000000,16501,False
56209,AUROPHARMA27OCT261480PE,AUROPHARMA,27OCT2026,148000.000000,550,OPTSTK,NFO,5.000000,16501,False
56231,AUROPHARMA27OCT261640PE,AUROPHARMA,27OCT2026,164000.000000,550,OPTSTK,NFO,5.000000,16501,False
121269,NYKAA23NOV26370PE,NYKAA,23NOV2026,37000.000000,3125,OPTSTK,NFO,5.000000,93751,False
121305,OBEROIRLTY27OCT261620PE,OBEROIRLTY,27OCT2026,162000.000000,350,OPTSTK,NFO,5.000000,14001,False
121313,OBEROIRLTY27OCT261780PE,OBEROIRLTY,27OCT2026,178000.000000,350,OPTSTK,NFO,5.000000,14001,False
121317,OBEROIRLTY27OCT261860PE,OBEROIRLTY,27OCT2026,186000.000000,350,OPTSTK,NFO,5.000000,14001,False
56237,AUROPHARMA27OCT261720PE,AUROPHARMA,27OCT2026,172000.000000,550,OPTSTK,NFO,5.000000,16501,False
56243,AUROPHARMA27OCT261760PE,AUROPHARMA,27OCT2026,176000.000000,550,OPTSTK,NFO,5.000000,16501,False
56312,AXISBANK29SEP261180CE,AXISBANK,29SEP2026,118000.000000,625,OPTSTK,NFO,5.000000,18751,False
56314,AXISBANK29SEP261220CE,AXISBANK,29SEP2026,122000.000000,625,OPTSTK,NFO,5.000000,18751,False
121323,OBEROIRLTY27OCT261980PE,OBEROIRLTY,27OCT2026,198000.000000,350,OPTSTK,NFO,5.000000,14001,False
121326,OBEROIRLTY27OCT262060CE,OBEROIRLTY,27OCT2026,206000.000000,350,OPTSTK,NFO,5.000000,14001,False
121377,OBEROIRLTY23NOV261760PE,OBEROIRLTY,23NOV2026,176000.000000,350,OPTSTK,NFO,5.000000,14001,False
121383,OBEROIRLTY23NOV261880PE,OBEROIRLTY,23NOV2026,188000.000000,350,OPTSTK,NFO,5.000000,14001,False
56319,AXISBANK29SEP261300PE,AXISBANK,29SEP2026,130000.000000,625,OPTSTK,NFO,5.000000,18751,False
56372,AXISBANK27OCT261040CE,AXISBANK,27OCT2026,104000.000000,625,OPTSTK,NFO,5.000000,18751,False
56396,AXISBANK27OCT261280CE,AXISBANK,27OCT2026,128000.000000,625,OPTSTK,NFO,5.000000,18751,False
56402,AXISBANK27OCT261400CE,AXISBANK,27OCT2026,140000.000000,625,OPTSTK,NFO,5.000000,18751,False
56404,AXISBANK27OCT261440CE,AXISBANK,27OCT2026,144000.000000,625,OPTSTK,NFO,5.000000,18751,False
56475,BAJAJ-AUTO29SEP2611100PE,BAJAJ-AUTO,29SEP2026,1110000.000000,75,OPTSTK,NFO,5.000000,2251,False
56490,BAJAJ-AUTO29SEP2612300CE,BAJAJ-AUTO,29SEP2026,1230000.000000,75,OPTSTK,NFO,5.000000,2251,False
56500,BAJAJ-AUTO29SEP2613100CE,BAJAJ-AUTO,29SEP2026,1310000.000000,75,OPTSTK,NFO,5.000000,2251,False
121447,OFSS27OCT2611300PE,OFSS,27OCT2026,1130000.000000,100,OPTSTK,NFO,5.000000,2001,False
121460,OFSS27OCT2612100PE,OFSS,27OCT2026,1210000.000000,100,OPTSTK,NFO,5.000000,2001,False
121468,OFSS27OCT2612900PE,OFSS,27OCT2026,1290000.000000,100,OPTSTK,NFO,5.000000,2001,False
121533,OFSS23NOV2611200PE,OFSS,23NOV2026,1120000.000000,100,OPTSTK,NFO,5.000000,2001,False
56573,BAJAJ-AUTO27OCT2610800PE,BAJAJ-AUTO,27OCT2026,1080000.000000,75,OPTSTK,NFO,5.000000,2251,False
56713,BAJAJFINSV29SEP262220PE,BAJAJFINSV,29SEP2026,222000.000000,300,OPTSTK,NFO,5.000000,12001,False
56714,BAJAJFINSV29SEP262260CE,BAJAJFINSV,29SEP2026,226000.000000,300,OPTSTK,NFO,5.000000,12001,False
56720,NIFTY22SEP2621900PE,NIFTY,22SEP2026,2190000.000000,65,OPTIDX,NFO,5.000000,1801,False
121538,OFSS23NOV2611800CE,OFSS,23NOV2026,1180000.000000,100,OPTSTK,NFO,5.000000,2001,False
121540,OFSS23NOV2612000CE,OFSS,23NOV2026,1200000.000000,100,OPTSTK,NFO,5.000000,2001,False
121562,OFSS23NOV2614000CE,OFSS,23NOV2026,1400000.000000,100,OPTSTK,NFO,5.000000,2001,False
121618,LICHSGFIN29SEP26440PE,LICHSGFIN,29SEP2026,44000.000000,1000,OPTSTK,NFO,5.000000,40001,False
56728,NIFTY22SEP2622000PE,NIFTY,22SEP2026,2200000.000000,65,OPTIDX,NFO,5.000000,1801,False
56766,BAJAJFINSV27OCT261720CE,BAJAJFINSV,27OCT2026,172000.000000,300,OPTSTK,NFO,5.000000,12001,False
56770,BAJAJFINSV27OCT261800CE,BAJAJFINSV,27OCT2026,180000.000000,300,OPTSTK,NFO,5.000000,12001,False
56781,BAJAJFINSV27OCT261960PE,BAJAJFINSV,27OCT2026,196000.000000,300,OPTSTK,NFO,5.000000,12001,False
121624,LICHSGFIN29SEP26480PE,LICHSGFIN,29SEP2026,48000.000000,1000,OPTSTK,NFO,5.000000,40001,False
121703,LICI29SEP26400CE,LICI,29SEP2026,40000.000000,1400,OPTSTK,NFO,5.000000,56001,False
121743,LICI29SEP26440CE,LICI,29SEP2026,44000.000000,1400,OPTSTK,NFO,5.000000,56001,False
121747,LICI29SEP26460CE,LICI,29SEP2026,46000.000000,1400,OPTSTK,NFO,5.000000,56001,False
56825,NIFTY22SEP2622300CE,NIFTY,22SEP2026,2230000.000000,65,OPTIDX,NFO,5.000000,1801,False
56877,NIFTY22SEP2622600CE,NIFTY,22SEP2026,2260000.000000,65,OPTIDX,NFO,5.000000,1801,False
56889,BAJAJHLDNG29SEP2611500PE,BAJAJHLDNG,29SEP2026,1150000.000000,75,OPTSTK,NFO,5.000000,2251,False
56893,BAJAJHLDNG29SEP2611900PE,BAJAJHLDNG,29SEP2026,1190000.000000,75,OPTSTK,NFO,5.000000,2251,False
121792,OIL27OCT26495PE,OIL,27OCT2026,49500.000000,1400,OPTSTK,NFO,5.000000,56001,False
121872,OIL23NOV26400CE,OIL,23NOV2026,40000.000000,1400,OPTSTK,NFO,5.000000,56001,False
121887,OIL23NOV26470PE,OIL,23NOV2026,47000.000000,1400,OPTSTK,NFO,5.000000,56001,False
121898,OIL23NOV26530CE,OIL,23NOV2026,53000.000000,1400,OPTSTK,NFO,5.000000,56001,False
56897,BAJAJHLDNG29SEP2612300PE,BAJAJHLDNG,29SEP2026,1230000.000000,75,OPTSTK,NFO,5.000000,2251,False
56899,BAJAJHLDNG29SEP2612500PE,BAJAJHLDNG,29SEP2026,1250000.000000,75,OPTSTK,NFO,5.000000,2251,False
56977,NIFTY22SEP2623100PE,NIFTY,22SEP2026,2310000.000000,65,OPTIDX,NFO,5.000000,1801,False
56983,NIFTY22SEP2623250CE,NIFTY,22SEP2026,2325000.000000,65,OPTIDX,NFO,5.000000,1801,False
121961,ONGC27OCT26247.5PE,ONGC,27OCT2026,24750.000000,2250,OPTSTK,NFO,1.000000,90001,False
122031,ONGC23NOV26230PE,ONGC,23NOV2026,23000.000000,2250,OPTSTK,NFO,1.000000,90001,False
122034,ONGC23NOV26240CE,ONGC,23NOV2026,24000.000000,2250,OPTSTK,NFO,1.000000,90001,False
122045,LODHA29SEP261120CE,LODHA,29SEP2026,112000.000000,625,OPTSTK,NFO,5.000000,18751,False
56995,NIFTY22SEP2623350CE,NIFTY,22SEP2026,2335000.000000,65,OPTIDX,NFO,5.000000,1801,False
57008,BAJAJHLDNG27OCT2610800CE,BAJAJHLDNG,27OCT2026,1080000.000000,75,OPTSTK,NFO,5.000000,2251,False
57012,BAJAJHLDNG27OCT2611200CE,BAJAJHLDNG,27OCT2026,1120000.000000,75,OPTSTK,NFO,5.000000,2251,False
57020,BAJAJHLDNG27OCT2612000CE,BAJAJHLDNG,27OCT2026,1200000.000000,75,OPTSTK,NFO,5.000000,2251,False
122053,LODHA29SEP261240PE,LODHA,29SEP2026,124000.000000,625,OPTSTK,NFO,5.000000,18751,False
122067,ONGC23NOV26260PE,ONGC,23NOV2026,26000.000000,2250,OPTSTK,NFO,1.000000,90001,False
122069,ONGC23NOV26265PE,ONGC,23NOV2026,26500.000000,2250,OPTSTK,NFO,1.000000,90001,False
122132,PAGEIND27OCT2639500CE,PAGEIND,27OCT2026,3950000.000000,20,OPTSTK,NFO,5.000000,601,False
57028,BAJAJHLDNG27OCT2612200CE,BAJAJHLDNG,27OCT2026,1220000.000000,75,OPTSTK,NFO,5.000000,2251,False
57064,NIFTY22SEP2623700PE,NIFTY,22SEP2026,2370000.000000,65,OPTIDX,NFO,5.000000,1801,False
57087,NIFTY22SEP2623850PE,NIFTY,22SEP2026,2385000.000000,65,OPTIDX,NFO,5.000000,1801,False
57100,BAJFINANCE29SEP26990PE,BAJFINANCE,29SEP2026,99000.000000,750,OPTSTK,NFO,5.000000,22501,False
122171,PAGEIND23NOV2631000PE,PAGEIND,23NOV2026,3100000.000000,20,OPTSTK,NFO,5.000000,601,False
122405,PATANJALI23NOV26280PE,PATANJALI,23NOV2026,28000.000000,1075,OPTSTK,NFO,5.000000,64501,False
122416,PATANJALI23NOV26340CE,PATANJALI,23NOV2026,34000.000000,1075,OPTSTK,NFO,5.000000,64501,False
122424,PATANJALI23NOV26380CE,PATANJALI,23NOV2026,38000.000000,1075,OPTSTK,NFO,5.000000,64501,False
57105,BAJFINANCE29SEP261050CE,BAJFINANCE,29SEP2026,105000.000000,750,OPTSTK,NFO,5.000000,22501,False
57121,BAJFINANCE29SEP261210CE,BAJFINANCE,29SEP2026,121000.000000,750,OPTSTK,NFO,5.000000,22501,False
57126,NIFTY22SEP2623900PE,NIFTY,22SEP2026,2390000.000000,65,OPTIDX,NFO,5.000000,1801,False
57169,BAJFINANCE27OCT26900CE,BAJFINANCE,27OCT2026,90000.000000,750,OPTSTK,NFO,5.000000,22501,False
122454,PAYTM29SEP262060CE,PAYTM,29SEP2026,206000.000000,725,OPTSTK,NFO,5.000000,14501,False
122461,PAYTM27OCT261380PE,PAYTM,27OCT2026,138000.000000,725,OPTSTK,NFO,5.000000,14501,False
122463,PAYTM27OCT261420PE,PAYTM,27OCT2026,142000.000000,725,OPTSTK,NFO,5.000000,14501,False
122464,PAYTM27OCT261460CE,PAYTM,27OCT2026,146000.000000,725,OPTSTK,NFO,5.000000,14501,False
57174,BAJFINANCE27OCT26940PE,BAJFINANCE,27OCT2026,94000.000000,750,OPTSTK,NFO,5.000000,22501,False
57175,BAJFINANCE27OCT26960CE,BAJFINANCE,27OCT2026,96000.000000,750,OPTSTK,NFO,5.000000,22501,False
57243,BANDHANBNK29SEP26195CE,BANDHANBNK,29SEP2026,19500.000000,3600,OPTSTK,NFO,1.000000,108001,False
57276,BANDHANBNK27OCT26180PE,BANDHANBNK,27OCT2026,18000.000000,3600,OPTSTK,NFO,1.000000,108001,False
122466,PAYTM27OCT261500CE,PAYTM,27OCT2026,150000.000000,725,OPTSTK,NFO,5.000000,14501,False
122471,PAYTM27OCT261580PE,PAYTM,27OCT2026,158000.000000,725,OPTSTK,NFO,5.000000,14501,False
122475,PAYTM27OCT261660PE,PAYTM,27OCT2026,166000.000000,725,OPTSTK,NFO,5.000000,14501,False
122526,PAYTM23NOV261760CE,PAYTM,23NOV2026,176000.000000,725,OPTSTK,NFO,5.000000,14501,False
57321,BANKBARODA29SEP26275CE,BANKBARODA,29SEP2026,27500.000000,2925,OPTSTK,NFO,1.000000,87751,False
57346,BANKBARODA27OCT26190PE,BANKBARODA,27OCT2026,19000.000000,2925,OPTSTK,NFO,1.000000,87751,False
57350,BANKBARODA27OCT26210PE,BANKBARODA,27OCT2026,21000.000000,2925,OPTSTK,NFO,1.000000,87751,False
57352,BANKBARODA27OCT26220PE,BANKBARODA,27OCT2026,22000.000000,2925,OPTSTK,NFO,1.000000,87751,False
122540,PAYTM23NOV262040CE,PAYTM,23NOV2026,204000.000000,725,OPTSTK,NFO,5.000000,14501,False
122558,PERSISTENT27OCT265300CE,PERSISTENT,27OCT2026,530000.000000,125,OPTSTK,NFO,5.000000,3751,False
122566,PERSISTENT27OCT265900PE,PERSISTENT,27OCT2026,590000.000000,125,OPTSTK,NFO,5.000000,3751,False
122741,PERSISTENT23NOV264800PE,PERSISTENT,23NOV2026,480000.000000,125,OPTSTK,NFO,5.000000,3751,False
57388,NIFTY22SEP2624200PE,NIFTY,22SEP2026,2420000.000000,65,OPTIDX,NFO,5.000000,1801,False
57400,BANKINDIA29SEP26127.5PE,BANKINDIA,29SEP2026,12750.000000,5200,OPTSTK,NFO,1.000000,156001,False
57401,BANKINDIA29SEP26132.5CE,BANKINDIA,29SEP2026,13250.000000,5200,OPTSTK,NFO,1.000000,156001,False
57445,BANKINDIA27OCT26125PE,BANKINDIA,27OCT2026,12500.000000,5200,OPTSTK,NFO,1.000000,156001,False
122746,LT29SEP264500CE,LT,29SEP2026,450000.000000,175,OPTSTK,NFO,5.000000,7001,False
122749,LT29SEP264600PE,LT,29SEP2026,460000.000000,175,OPTSTK,NFO,5.000000,7001,False
122810,PERSISTENT23NOV265000CE,PERSISTENT,23NOV2026,500000.000000,125,OPTSTK,NFO,5.000000,3751,False
122835,PERSISTENT23NOV266200PE,PERSISTENT,23NOV2026,620000.000000,125,OPTSTK,NFO,5.000000,3751,False
57455,BANKINDIA27OCT26150CE,BANKINDIA,27OCT2026,15000.000000,5200,OPTSTK,NFO,1.000000,156001,False
57487,BDL29SEP261100CE,BDL,29SEP2026,110000.000000,425,OPTSTK,NFO,5.000000,17001,False
57491,BDL29SEP261180CE,BDL,29SEP2026,118000.000000,425,OPTSTK,NFO,5.000000,17001,False
57496,BDL29SEP261260PE,BDL,29SEP2026,126000.000000,425,OPTSTK,NFO,5.000000,17001,False
57519,NIFTY22SEP2624400CE,NIFTY,22SEP2026,2440000.000000,65,OPTIDX,NFO,5.000000,1801,False
57537,BDL27OCT261120CE,BDL,27OCT2026,112000.000000,425,OPTSTK,NFO,5.000000,17001,False
57545,BDL27OCT261280CE,BDL,27OCT2026,128000.000000,425,OPTSTK,NFO,5.000000,17001,False
57607,BEL29SEP26385CE,BEL,29SEP2026,38500.000000,1425,OPTSTK,NFO,5.000000,57001,False
122884,PETRONET27OCT26305CE,PETRONET,27OCT2026,30500.000000,1900,OPTSTK,NFO,5.000000,76001,False
122886,PETRONET27OCT26315CE,PETRONET,27OCT2026,31500.000000,1900,OPTSTK,NFO,5.000000,76001,False
122924,PETRONET23NOV26260CE,PETRONET,23NOV2026,26000.000000,1900,OPTSTK,NFO,5.000000,76001,False
122932,PETRONET23NOV26300CE,PETRONET,23NOV2026,30000.000000,1900,OPTSTK,NFO,5.000000,76001,False
57610,BEL29SEP26395PE,BEL,29SEP2026,39500.000000,1425,OPTSTK,NFO,5.000000,57001,False
57611,BEL29SEP26405CE,BEL,29SEP2026,40500.000000,1425,OPTSTK,NFO,5.000000,57001,False
57616,BEL29SEP26425PE,BEL,29SEP2026,42500.000000,1425,OPTSTK,NFO,5.000000,57001,False
57622,BEL29SEP26445PE,BEL,29SEP2026,44500.000000,1425,OPTSTK,NFO,5.000000,57001,False
122942,PETRONET23NOV26340PE,PETRONET,23NOV2026,34000.000000,1900,OPTSTK,NFO,5.000000,76001,False
122996,PFC27OCT26295PE,PFC,27OCT2026,29500.000000,1300,OPTSTK,NFO,5.000000,52001,False
122999,PFC27OCT26315CE,PFC,27OCT2026,31500.000000,1300,OPTSTK,NFO,5.000000,52001,False
123003,PFC27OCT26335CE,PFC,27OCT2026,33500.000000,1300,OPTSTK,NFO,5.000000,52001,False
57663,BEL27OCT26340PE,BEL,27OCT2026,34000.000000,1425,OPTSTK,NFO,5.000000,57001,False
57664,BEL27OCT26350CE,BEL,27OCT2026,35000.000000,1425,OPTSTK,NFO,5.000000,57001,False
57666,BEL27OCT26360CE,BEL,27OCT2026,36000.000000,1425,OPTSTK,NFO,5.000000,57001,False
57670,BEL27OCT26380CE,BEL,27OCT2026,38000.000000,1425,OPTSTK,NFO,5.000000,57001,False
123008,PFC27OCT26345PE,PFC,27OCT2026,34500.000000,1300,OPTSTK,NFO,5.000000,52001,False
123085,PFC23NOV26320CE,PFC,23NOV2026,32000.000000,1300,OPTSTK,NFO,5.000000,52001,False
123089,PFC23NOV26340CE,PFC,23NOV2026,34000.000000,1300,OPTSTK,NFO,5.000000,52001,False
123093,PFC23NOV26360CE,PFC,23NOV2026,36000.000000,1300,OPTSTK,NFO,5.000000,52001,False
57672,BEL27OCT26390CE,BEL,27OCT2026,39000.000000,1425,OPTSTK,NFO,5.000000,57001,False
57678,BEL27OCT26400CE,BEL,27OCT2026,40000.000000,1425,OPTSTK,NFO,5.000000,57001,False
57690,BEL27OCT26440CE,BEL,27OCT2026,44000.000000,1425,OPTSTK,NFO,5.000000,57001,False
57693,BEL27OCT26450PE,BEL,27OCT2026,45000.000000,1425,OPTSTK,NFO,5.000000,57001,False
123114,LTF29SEP26280CE,LTF,29SEP2026,28000.000000,2250,OPTSTK,NFO,5.000000,67501,False
123146,LTF29SEP26340CE,LTF,29SEP2026,34000.000000,2250,OPTSTK,NFO,5.000000,67501,False
123152,PGEL27OCT26490PE,PGEL,27OCT2026,49000.000000,950,OPTSTK,NFO,5.000000,38001,False
123154,PGEL27OCT26510PE,PGEL,27OCT2026,51000.000000,950,OPTSTK,NFO,5.000000,38001,False
57694,BEL27OCT26460CE,BEL,27OCT2026,46000.000000,1425,OPTSTK,NFO,5.000000,57001,False
57697,BEL27OCT26470PE,BEL,27OCT2026,47000.000000,1425,OPTSTK,NFO,5.000000,57001,False
57712,NIFTY22SEP2624700CE,NIFTY,22SEP2026,2470000.000000,65,OPTIDX,NFO,5.000000,1801,False
57739,BHARATFORG29SEP261780PE,BHARATFORG,29SEP2026,178000.000000,500,OPTSTK,NFO,5.000000,10001,False
123156,PGEL27OCT26530PE,PGEL,27OCT2026,53000.000000,950,OPTSTK,NFO,5.000000,38001,False
123157,PGEL27OCT26550CE,PGEL,27OCT2026,55000.000000,950,OPTSTK,NFO,5.000000,38001,False
123160,PGEL27OCT26570PE,PGEL,27OCT2026,57000.000000,950,OPTSTK,NFO,5.000000,38001,False
123164,PGEL27OCT26610PE,PGEL,27OCT2026,61000.000000,950,OPTSTK,NFO,5.000000,38001,False
57740,BHARATFORG29SEP261820CE,BHARATFORG,29SEP2026,182000.000000,500,OPTSTK,NFO,5.000000,10001,False
57743,BHARATFORG29SEP261860PE,BHARATFORG,29SEP2026,186000.000000,500,OPTSTK,NFO,5.000000,10001,False
57751,BHARATFORG29SEP261980PE,BHARATFORG,29SEP2026,198000.000000,500,OPTSTK,NFO,5.000000,10001,False
57768,BHARATFORG29SEP262300CE,BHARATFORG,29SEP2026,230000.000000,500,OPTSTK,NFO,5.000000,10001,False
123204,PGEL23NOV26640CE,PGEL,23NOV2026,64000.000000,950,OPTSTK,NFO,5.000000,38001,False
123205,PGEL23NOV26640PE,PGEL,23NOV2026,64000.000000,950,OPTSTK,NFO,5.000000,38001,False
123209,PGEL23NOV26680PE,PGEL,23NOV2026,68000.000000,950,OPTSTK,NFO,5.000000,38001,False
123259,PHOENIXLTD27OCT261780CE,PHOENIXLTD,27OCT2026,178000.000000,350,OPTSTK,NFO,5.000000,14001,False
57835,BHARATFORG27OCT261840PE,BHARATFORG,27OCT2026,184000.000000,500,OPTSTK,NFO,5.000000,10001,False
57850,BHARATFORG27OCT262080CE,BHARATFORG,27OCT2026,208000.000000,500,OPTSTK,NFO,5.000000,10001,False
57853,BHARATFORG27OCT262120PE,BHARATFORG,27OCT2026,212000.000000,500,OPTSTK,NFO,5.000000,10001,False
57856,NIFTY22SEP2625150CE,NIFTY,22SEP2026,2515000.000000,65,OPTIDX,NFO,5.000000,1801,False
123266,PHOENIXLTD27OCT261900PE,PHOENIXLTD,27OCT2026,190000.000000,350,OPTSTK,NFO,5.000000,14001,False
123279,PHOENIXLTD27OCT262100CE,PHOENIXLTD,27OCT2026,210000.000000,350,OPTSTK,NFO,5.000000,14001,False
123287,LTF29SEP26350PE,LTF,29SEP2026,35000.000000,2250,OPTSTK,NFO,5.000000,67501,False
123288,LTF29SEP26360CE,LTF,29SEP2026,36000.000000,2250,OPTSTK,NFO,5.000000,67501,False
57858,BHARATFORG27OCT262200CE,BHARATFORG,27OCT2026,220000.000000,500,OPTSTK,NFO,5.000000,10001,False
57860,BHARATFORG27OCT262240CE,BHARATFORG,27OCT2026,224000.000000,500,OPTSTK,NFO,5.000000,10001,False
57886,NIFTY22SEP2625300CE,NIFTY,22SEP2026,2530000.000000,65,OPTIDX,NFO,5.000000,1801,False
57916,NIFTY22SEP2625450CE,NIFTY,22SEP2026,2545000.000000,65,OPTIDX,NFO,5.000000,1801,False
123423,LTM29SEP263700CE,LTM,29SEP2026,370000.000000,150,OPTSTK,NFO,5.000000,6001,False
123443,LTM29SEP264700CE,LTM,29SEP2026,470000.000000,150,OPTSTK,NFO,5.000000,6001,False
123490,PHOENIXLTD23NOV261960CE,PHOENIXLTD,23NOV2026,196000.000000,350,OPTSTK,NFO,5.000000,14001,False
123491,PHOENIXLTD23NOV261960PE,PHOENIXLTD,23NOV2026,196000.000000,350,OPTSTK,NFO,5.000000,14001,False
57938,BHARTIARTL29SEP261700CE,BHARTIARTL,29SEP2026,170000.000000,475,OPTSTK,NFO,5.000000,14251,False
57944,BHARTIARTL29SEP261820CE,BHARTIARTL,29SEP2026,182000.000000,475,OPTSTK,NFO,5.000000,14251,False
57953,BHARTIARTL29SEP261980CE,BHARTIARTL,29SEP2026,198000.000000,475,OPTSTK,NFO,5.000000,14251,False
57963,BHARTIARTL29SEP262100PE,BHARTIARTL,29SEP2026,210000.000000,475,OPTSTK,NFO,5.000000,14251,False
57965,BHARTIARTL29SEP262140PE,BHARTIARTL,29SEP2026,214000.000000,475,OPTSTK,NFO,5.000000,14251,False
58011,NIFTY22SEP2625800PE,NIFTY,22SEP2026,2580000.000000,65,OPTIDX,NFO,5.000000,1801,False
58012,NIFTY22SEP2625850CE,NIFTY,22SEP2026,2585000.000000,65,OPTIDX,NFO,5.000000,1801,False
58019,BHARTIARTL27OCT261560CE,BHARTIARTL,27OCT2026,156000.000000,475,OPTSTK,NFO,5.000000,14251,False
123496,PHOENIXLTD23NOV262080CE,PHOENIXLTD,23NOV2026,208000.000000,350,OPTSTK,NFO,5.000000,14001,False
123578,PIDILITIND27OCT261500CE,PIDILITIND,27OCT2026,150000.000000,500,OPTSTK,NFO,5.000000,15001,False
123581,PIDILITIND27OCT261540PE,PIDILITIND,27OCT2026,154000.000000,500,OPTSTK,NFO,5.000000,15001,False
123582,PIDILITIND27OCT261580CE,PIDILITIND,27OCT2026,158000.000000,500,OPTSTK,NFO,5.000000,15001,False
58031,NIFTY22SEP2626000PE,NIFTY,22SEP2026,2600000.000000,65,OPTIDX,NFO,5.000000,1801,False
58036,BHARTIARTL27OCT261720CE,BHARTIARTL,27OCT2026,172000.000000,475,OPTSTK,NFO,5.000000,14251,False
58049,BHARTIARTL27OCT261800PE,BHARTIARTL,27OCT2026,180000.000000,475,OPTSTK,NFO,5.000000,14251,False
58059,BHARTIARTL27OCT261920PE,BHARTIARTL,27OCT2026,192000.000000,475,OPTSTK,NFO,5.000000,14251,False
123594,PIDILITIND27OCT261820CE,PIDILITIND,27OCT2026,182000.000000,500,OPTSTK,NFO,5.000000,15001,False
123637,PIDILITIND23NOV261440PE,PIDILITIND,23NOV2026,144000.000000,500,OPTSTK,NFO,5.000000,15001,False
123644,PIDILITIND23NOV261600CE,PIDILITIND,23NOV2026,160000.000000,500,OPTSTK,NFO,5.000000,15001,False
123645,PIDILITIND23NOV261600PE,PIDILITIND,23NOV2026,160000.000000,500,OPTSTK,NFO,5.000000,15001,False
58092,BHARTIARTL27OCT262200PE,BHARTIARTL,27OCT2026,220000.000000,475,OPTSTK,NFO,5.000000,14251,False
58221,BHEL29SEP26385PE,BHEL,29SEP2026,38500.000000,2625,OPTSTK,NFO,5.000000,52501,False
58223,BHEL29SEP26395PE,BHEL,29SEP2026,39500.000000,2625,OPTSTK,NFO,5.000000,52501,False
58224,BHEL29SEP26405CE,BHEL,29SEP2026,40500.000000,2625,OPTSTK,NFO,5.000000,52501,False
123695,PIIND27OCT262050PE,PIIND,27OCT2026,205000.000000,175,OPTSTK,NFO,5.000000,8751,False
123699,PIIND27OCT262250PE,PIIND,27OCT2026,225000.000000,175,OPTSTK,NFO,5.000000,8751,False
123703,PIIND27OCT262450PE,PIIND,27OCT2026,245000.000000,175,OPTSTK,NFO,5.000000,8751,False
123737,PIIND23NOV261900PE,PIIND,23NOV2026,190000.000000,175,OPTSTK,NFO,5.000000,8751,False
58238,BHEL29SEP26415PE,BHEL,29SEP2026,41500.000000,2625,OPTSTK,NFO,5.000000,52501,False
58265,BHEL29SEP26465PE,BHEL,29SEP2026,46500.000000,2625,OPTSTK,NFO,5.000000,52501,False
58475,BHEL27OCT26430PE,BHEL,27OCT2026,43000.000000,2625,OPTSTK,NFO,5.000000,52501,False
58479,BHEL27OCT26440PE,BHEL,27OCT2026,44000.000000,2625,OPTSTK,NFO,5.000000,52501,False
123772,PIIND23NOV262600PE,PIIND,23NOV2026,260000.000000,175,OPTSTK,NFO,5.000000,8751,False
123855,PNB27OCT26105PE,PNB,27OCT2026,10500.000000,8000,OPTSTK,NFO,1.000000,240001,False
123864,PNB27OCT26115CE,PNB,27OCT2026,11500.000000,8000,OPTSTK,NFO,1.000000,240001,False
123868,PNB27OCT26119CE,PNB,27OCT2026,11900.000000,8000,OPTSTK,NFO,1.000000,240001,False
58485,BHEL27OCT26460PE,BHEL,27OCT2026,46000.000000,2625,OPTSTK,NFO,5.000000,52501,False
58610,BIOCON29SEP26355CE,BIOCON,29SEP2026,35500.000000,2500,OPTSTK,NFO,5.000000,50001,False
58631,NIFTY29DEC2613000PE,NIFTY,29DEC2026,1300000.000000,65,OPTIDX,NFO,5.000000,1801,False
58637,NIFTY29DEC2616000PE,NIFTY,29DEC2026,1600000.000000,65,OPTIDX,NFO,5.000000,1801,False
123929,LUPIN29SEP262040PE,LUPIN,29SEP2026,204000.000000,425,OPTSTK,NFO,5.000000,12751,False
123962,LUPIN29SEP262400CE,LUPIN,29SEP2026,240000.000000,425,OPTSTK,NFO,5.000000,12751,False
124006,PNB23NOV26122CE,PNB,23NOV2026,12200.000000,8000,OPTSTK,NFO,1.000000,240001,False
124008,LUPIN29SEP262600CE,LUPIN,29SEP2026,260000.000000,425,OPTSTK,NFO,5.000000,12751,False
58639,NIFTY29DEC2617000PE,NIFTY,29DEC2026,1700000.000000,65,OPTIDX,NFO,5.000000,1801,False
58691,BIOCON29SEP26445CE,BIOCON,29SEP2026,44500.000000,2500,OPTSTK,NFO,5.000000,50001,False
58798,BIOCON27OCT26330PE,BIOCON,27OCT2026,33000.000000,2500,OPTSTK,NFO,5.000000,50001,False
58854,BIOCON27OCT26410PE,BIOCON,27OCT2026,41000.000000,2500,OPTSTK,NFO,5.000000,50001,False
124019,PNB23NOV26126PE,PNB,23NOV2026,12600.000000,8000,OPTSTK,NFO,1.000000,240001,False
124076,PNBHOUSING27OCT261220CE,PNBHOUSING,27OCT2026,122000.000000,650,OPTSTK,NFO,5.000000,19501,False
124079,PNBHOUSING27OCT261260PE,PNBHOUSING,27OCT2026,126000.000000,650,OPTSTK,NFO,5.000000,19501,False
124110,PNBHOUSING23NOV261040CE,PNBHOUSING,23NOV2026,104000.000000,650,OPTSTK,NFO,5.000000,19501,False
58857,BIOCON27OCT26430CE,BIOCON,27OCT2026,43000.000000,2500,OPTSTK,NFO,5.000000,50001,False
59102,BLUESTARCO29SEP261380PE,BLUESTARCO,29SEP2026,138000.000000,325,OPTSTK,NFO,5.000000,13001,False
59103,BLUESTARCO29SEP261420CE,BLUESTARCO,29SEP2026,142000.000000,325,OPTSTK,NFO,5.000000,13001,False
59105,BLUESTARCO29SEP261460CE,BLUESTARCO,29SEP2026,146000.000000,325,OPTSTK,NFO,5.000000,13001,False
124122,PNBHOUSING23NOV261240CE,PNBHOUSING,23NOV2026,124000.000000,650,OPTSTK,NFO,5.000000,19501,False
124164,POLICYBZR27OCT261660CE,POLICYBZR,27OCT2026,166000.000000,350,OPTSTK,NFO,5.000000,14001,False
124168,POLICYBZR27OCT261740CE,POLICYBZR,27OCT2026,174000.000000,350,OPTSTK,NFO,5.000000,14001,False
124170,POLICYBZR27OCT261780CE,POLICYBZR,27OCT2026,178000.000000,350,OPTSTK,NFO,5.000000,14001,False
59176,BLUESTARCO29SEP261740PE,BLUESTARCO,29SEP2026,174000.000000,325,OPTSTK,NFO,5.000000,13001,False
59326,BLUESTARCO27OCT261640PE,BLUESTARCO,27OCT2026,164000.000000,325,OPTSTK,NFO,5.000000,13001,False
59574,BOSCHLTD29SEP2642500PE,BOSCHLTD,29SEP2026,4250000.000000,25,OPTSTK,NFO,5.000000,501,False
59653,BOSCHLTD27OCT2645000CE,BOSCHLTD,27OCT2026,4500000.000000,25,OPTSTK,NFO,5.000000,501,False
124180,POLICYBZR27OCT261980CE,POLICYBZR,27OCT2026,198000.000000,350,OPTSTK,NFO,5.000000,14001,False
124258,POLICYBZR23NOV261680CE,POLICYBZR,23NOV2026,168000.000000,350,OPTSTK,NFO,5.000000,14001,False
124275,POLICYBZR23NOV262000PE,POLICYBZR,23NOV2026,200000.000000,350,OPTSTK,NFO,5.000000,14001,False
124278,POLICYBZR23NOV262080CE,POLICYBZR,23NOV2026,208000.000000,350,OPTSTK,NFO,5.000000,14001,False
59655,BOSCHLTD27OCT2646000CE,BOSCHLTD,27OCT2026,4600000.000000,25,OPTSTK,NFO,5.000000,501,False
59665,BOSCHLTD27OCT2651000CE,BOSCHLTD,27OCT2026,5100000.000000,25,OPTSTK,NFO,5.000000,501,False
59669,BOSCHLTD27OCT2653000CE,BOSCHLTD,27OCT2026,5300000.000000,25,OPTSTK,NFO,5.000000,501,False
59697,BPCL29SEP26285PE,BPCL,29SEP2026,28500.000000,1975,OPTSTK,NFO,5.000000,79001,False
124330,POLYCAB27OCT269100CE,POLYCAB,27OCT2026,910000.000000,125,OPTSTK,NFO,5.000000,2501,False
124336,POLYCAB27OCT269700CE,POLYCAB,27OCT2026,970000.000000,125,OPTSTK,NFO,5.000000,2501,False
124341,POLYCAB27OCT2610100PE,POLYCAB,27OCT2026,1010000.000000,125,OPTSTK,NFO,5.000000,2501,False
124496,POLYCAB23NOV267400PE,POLYCAB,23NOV2026,740000.000000,125,OPTSTK,NFO,5.000000,2501,False
59811,BRITANNIA29SEP264550PE,BRITANNIA,29SEP2026,455000.000000,125,OPTSTK,NFO,5.000000,5001,False
59865,BRITANNIA29SEP265150PE,BRITANNIA,29SEP2026,515000.000000,125,OPTSTK,NFO,5.000000,5001,False
59868,BRITANNIA29SEP265250CE,BRITANNIA,29SEP2026,525000.000000,125,OPTSTK,NFO,5.000000,5001,False
59959,BRITANNIA29SEP266050PE,BRITANNIA,29SEP2026,605000.000000,125,OPTSTK,NFO,5.000000,5001,False
124502,POLYCAB23NOV267800PE,POLYCAB,23NOV2026,780000.000000,125,OPTSTK,NFO,5.000000,2501,False
124503,POLYCAB23NOV268000CE,POLYCAB,23NOV2026,800000.000000,125,OPTSTK,NFO,5.000000,2501,False
124511,POLYCAB23NOV268800CE,POLYCAB,23NOV2026,880000.000000,125,OPTSTK,NFO,5.000000,2501,False
124537,POLYCAB23NOV2610000CE,POLYCAB,23NOV2026,1000000.000000,125,OPTSTK,NFO,5.000000,2501,False
60095,BRITANNIA27OCT264200PE,BRITANNIA,27OCT2026,420000.000000,125,OPTSTK,NFO,5.000000,5001,False
60125,BRITANNIA27OCT264600PE,BRITANNIA,27OCT2026,460000.000000,125,OPTSTK,NFO,5.000000,5001,False
60141,BRITANNIA27OCT264700CE,BRITANNIA,27OCT2026,470000.000000,125,OPTSTK,NFO,5.000000,5001,False
60195,BRITANNIA27OCT265800CE,BRITANNIA,27OCT2026,580000.000000,125,OPTSTK,NFO,5.000000,5001,False
124538,POLYCAB23NOV2610000PE,POLYCAB,23NOV2026,1000000.000000,125,OPTSTK,NFO,5.000000,2501,False
124608,POWERGRID27OCT26237.5CE,POWERGRID,27OCT2026,23750.000000,1900,OPTSTK,NFO,5.000000,76001,False
124611,POWERGRID27OCT26242.5PE,POWERGRID,27OCT2026,24250.000000,1900,OPTSTK,NFO,5.000000,76001,False
124614,POWERGRID27OCT26252.5CE,POWERGRID,27OCT2026,25250.000000,1900,OPTSTK,NFO,5.000000,76001,False
60324,BSE29SEP263500PE,BSE,29SEP2026,350000.000000,200,OPTSTK,NFO,5.000000,6001,False
60400,BSE27OCT262600PE,BSE,27OCT2026,260000.000000,200,OPTSTK,NFO,5.000000,6001,False
60454,BSE27OCT263800PE,BSE,27OCT2026,380000.000000,200,OPTSTK,NFO,5.000000,6001,False
60651,CAMS29SEP26830PE,CAMS,29SEP2026,83000.000000,825,OPTSTK,NFO,5.000000,33001,False
124616,POWERGRID27OCT26257.5CE,POWERGRID,27OCT2026,25750.000000,1900,OPTSTK,NFO,5.000000,76001,False
124661,M&M29SEP263500CE,M&M,29SEP2026,350000.000000,200,OPTSTK,NFO,5.000000,8001,False
124691,M&M29SEP263600CE,M&M,29SEP2026,360000.000000,200,OPTSTK,NFO,5.000000,8001,False
124696,M&M29SEP263700PE,M&M,29SEP2026,370000.000000,200,OPTSTK,NFO,5.000000,8001,False
60662,CAMS29SEP26850CE,CAMS,29SEP2026,85000.000000,825,OPTSTK,NFO,5.000000,33001,False
60858,CAMS27OCT26700CE,CAMS,27OCT2026,70000.000000,825,OPTSTK,NFO,5.000000,33001,False
60883,CAMS27OCT26720PE,CAMS,27OCT2026,72000.000000,825,OPTSTK,NFO,5.000000,33001,False
60925,CAMS27OCT26760CE,CAMS,27OCT2026,76000.000000,825,OPTSTK,NFO,5.000000,33001,False
124702,M&M29SEP263900CE,M&M,29SEP2026,390000.000000,200,OPTSTK,NFO,5.000000,8001,False
124708,POWERGRID23NOV26245CE,POWERGRID,23NOV2026,24500.000000,1900,OPTSTK,NFO,5.000000,76001,False
124723,POWERGRID23NOV26280CE,POWERGRID,23NOV2026,28000.000000,1900,OPTSTK,NFO,5.000000,76001,False
124733,POWERGRID23NOV26290CE,POWERGRID,23NOV2026,29000.000000,1900,OPTSTK,NFO,5.000000,76001,False
61022,CAMS27OCT26840CE,CAMS,27OCT2026,84000.000000,825,OPTSTK,NFO,5.000000,33001,False
61025,CAMS27OCT26860PE,CAMS,27OCT2026,86000.000000,825,OPTSTK,NFO,5.000000,33001,False
61479,ADANIGREEN23NOV26FUT,ADANIGREEN,23NOV2026,-1.000000,600,FUTSTK,NFO,10.000000,18001,False
61480,ADANIPORTS23NOV26FUT,ADANIPORTS,23NOV2026,-1.000000,475,FUTSTK,NFO,10.000000,14251,False
124741,POWERGRID23NOV26310CE,POWERGRID,23NOV2026,31000.000000,1900,OPTSTK,NFO,5.000000,76001,False
124855,POWERINDIA27OCT2635500CE,POWERINDIA,27OCT2026,3550000.000000,25,OPTSTK,NFO,5.000000,751,False
124891,POWERINDIA23NOV2626000CE,POWERINDIA,23NOV2026,2600000.000000,25,OPTSTK,NFO,5.000000,751,False
124895,POWERINDIA23NOV2628000CE,POWERINDIA,23NOV2026,2800000.000000,25,OPTSTK,NFO,5.000000,751,False
61489,ASIANPAINT23NOV26FUT,ASIANPAINT,23NOV2026,-1.000000,250,FUTSTK,NFO,10.000000,10001,False
61510,BANKINDIA23NOV26FUT,BANKINDIA,23NOV2026,-1.000000,5200,FUTSTK,NFO,1.000000,156001,False
61515,BHARTIARTL23NOV26FUT,BHARTIARTL,23NOV2026,-1.000000,475,FUTSTK,NFO,10.000000,14251,False
61537,CGPOWER23NOV26FUT,CGPOWER,23NOV2026,-1.000000,850,FUTSTK,NFO,5.000000,25501,False
124918,POWERINDIA23NOV2631000CE,POWERINDIA,23NOV2026,3100000.000000,25,OPTSTK,NFO,5.000000,751,False
124935,POWERINDIA23NOV2636000CE,POWERINDIA,23NOV2026,3600000.000000,25,OPTSTK,NFO,5.000000,751,False
124939,POWERINDIA23NOV2638000CE,POWERINDIA,23NOV2026,3800000.000000,25,OPTSTK,NFO,5.000000,751,False
124983,PREMIERENE27OCT261060PE,PREMIERENE,27OCT2026,106000.000000,650,OPTSTK,NFO,5.000000,26001,False
61563,DRREDDY23NOV26FUT,DRREDDY,23NOV2026,-1.000000,625,FUTSTK,NFO,10.000000,18751,False
61578,HAL23NOV26FUT,HAL,23NOV2026,-1.000000,150,FUTSTK,NFO,10.000000,4501,False
61597,ICICIPRULI23NOV26FUT,ICICIPRULI,23NOV2026,-1.000000,925,FUTSTK,NFO,5.000000,46251,False
61611,INOXWIND23NOV26FUT,INOXWIND,23NOV2026,-1.000000,6400,FUTSTK,NFO,1.000000,256001,False
125034,PREMIERENE23NOV261200CE,PREMIERENE,23NOV2026,120000.000000,650,OPTSTK,NFO,5.000000,26001,False
125061,PRESTIGE27OCT261340PE,PRESTIGE,27OCT2026,134000.000000,450,OPTSTK,NFO,5.000000,13501,False
125083,MANAPPURAM29SEP26320CE,MANAPPURAM,29SEP2026,32000.000000,3000,OPTSTK,NFO,5.000000,60001,False
125094,MANAPPURAM29SEP26370PE,MANAPPURAM,29SEP2026,37000.000000,3000,OPTSTK,NFO,5.000000,60001,False
61613,IREDA23NOV26FUT,IREDA,23NOV2026,-1.000000,4525,FUTSTK,NFO,1.000000,181001,False
61630,LICHSGFIN23NOV26FUT,LICHSGFIN,23NOV2026,-1.000000,1000,FUTSTK,NFO,5.000000,40001,False
61639,MAHABANK27OCT26FUT,MAHABANK,27OCT2026,-1.000000,6500,FUTSTK,NFO,1.000000,260001,False
61641,MANAPPURAM23NOV26FUT,MANAPPURAM,23NOV2026,-1.000000,3000,FUTSTK,NFO,5.000000,60001,False
125102,MANAPPURAM29SEP26410PE,MANAPPURAM,29SEP2026,41000.000000,3000,OPTSTK,NFO,5.000000,60001,False
125103,MANAPPURAM29SEP26420CE,MANAPPURAM,29SEP2026,42000.000000,3000,OPTSTK,NFO,5.000000,60001,False
125104,MANAPPURAM29SEP26420PE,MANAPPURAM,29SEP2026,42000.000000,3000,OPTSTK,NFO,5.000000,60001,False
125201,PRESTIGE23NOV261720PE,PRESTIGE,23NOV2026,172000.000000,450,OPTSTK,NFO,5.000000,13501,False
61642,MANKIND23NOV26FUT,MANKIND,23NOV2026,-1.000000,250,FUTSTK,NFO,10.000000,10001,False
61657,NAUKRI23NOV26FUT,NAUKRI,23NOV2026,-1.000000,550,FUTSTK,NFO,10.000000,16501,False
61668,OIL23NOV26FUT,OIL,23NOV2026,-1.000000,1400,FUTSTK,NFO,5.000000,56001,False
61715,SUZLON23NOV26FUT,SUZLON,23NOV2026,-1.000000,12700,FUTSTK,NFO,1.000000,381001,False
125207,PRESTIGE23NOV261840PE,PRESTIGE,23NOV2026,184000.000000,450,OPTSTK,NFO,5.000000,13501,False
125322,RADICO23NOV264000PE,RADICO,23NOV2026,400000.000000,150,OPTSTK,NFO,5.000000,6001,False
125444,MANKIND29SEP262040CE,MANKIND,29SEP2026,204000.000000,250,OPTSTK,NFO,5.000000,10001,False
125445,MANKIND29SEP262040PE,MANKIND,29SEP2026,204000.000000,250,OPTSTK,NFO,5.000000,10001,False
61716,SWIGGY23NOV26FUT,SWIGGY,23NOV2026,-1.000000,1825,FUTSTK,NFO,5.000000,73001,False
61735,TVSMOTOR23NOV26FUT,TVSMOTOR,23NOV2026,-1.000000,175,FUTSTK,NFO,10.000000,5251,False
61794,NIFTY24DEC2927000CE,NIFTY,24DEC2029,2700000.000000,65,OPTIDX,NFO,5.000000,1801,False
61795,NIFTY24DEC2927000PE,NIFTY,24DEC2029,2700000.000000,65,OPTIDX,NFO,5.000000,1801,False
125447,MANKIND29SEP262080PE,MANKIND,29SEP2026,208000.000000,250,OPTSTK,NFO,5.000000,10001,False
125461,MANKIND29SEP262360PE,MANKIND,29SEP2026,236000.000000,250,OPTSTK,NFO,5.000000,10001,False
125466,MANKIND29SEP262480CE,MANKIND,29SEP2026,248000.000000,250,OPTSTK,NFO,5.000000,10001,False
125470,MANKIND29SEP262560CE,MANKIND,29SEP2026,256000.000000,250,OPTSTK,NFO,5.000000,10001,False
61933,NIFTY24DEC2930000PE,NIFTY,24DEC2029,3000000.000000,65,OPTIDX,NFO,5.000000,1801,False
61992,BANKNIFTY23NOV2649500PE,BANKNIFTY,23NOV2026,4950000.000000,30,OPTIDX,NFO,5.000000,601,False
62040,BANKNIFTY23NOV2651000PE,BANKNIFTY,23NOV2026,5100000.000000,30,OPTIDX,NFO,5.000000,601,False
62086,BANKNIFTY23NOV2652400PE,BANKNIFTY,23NOV2026,5240000.000000,30,OPTIDX,NFO,5.000000,601,False
125472,MANKIND29SEP262600CE,MANKIND,29SEP2026,260000.000000,250,OPTSTK,NFO,5.000000,10001,False
125474,MANKIND29SEP262640CE,MANKIND,29SEP2026,264000.000000,250,OPTSTK,NFO,5.000000,10001,False
125495,MANKIND29SEP262920CE,MANKIND,29SEP2026,292000.000000,250,OPTSTK,NFO,5.000000,10001,False
125497,MANKIND29SEP262960CE,MANKIND,29SEP2026,296000.000000,250,OPTSTK,NFO,5.000000,10001,False
62088,BANKNIFTY23NOV2652500PE,BANKNIFTY,23NOV2026,5250000.000000,30,OPTIDX,NFO,5.000000,601,False
62100,BANKNIFTY23NOV2653100PE,BANKNIFTY,23NOV2026,5310000.000000,30,OPTIDX,NFO,5.000000,601,False
62112,BANKNIFTY23NOV2653500PE,BANKNIFTY,23NOV2026,5350000.000000,30,OPTIDX,NFO,5.000000,601,False
62138,BANKNIFTY23NOV2654100PE,BANKNIFTY,23NOV2026,5410000.000000,30,OPTIDX,NFO,5.000000,601,False
125516,RBLBANK27OCT26395PE,RBLBANK,27OCT2026,39500.000000,3175,OPTSTK,NFO,5.000000,63501,False
125579,RBLBANK23NOV26390CE,RBLBANK,23NOV2026,39000.000000,3175,OPTSTK,NFO,5.000000,63501,False
125588,RBLBANK23NOV26400PE,RBLBANK,23NOV2026,40000.000000,3175,OPTSTK,NFO,5.000000,63501,False
125605,RBLBANK23NOV26420CE,RBLBANK,23NOV2026,42000.000000,3175,OPTSTK,NFO,5.000000,63501,False
62152,BANKNIFTY23NOV2654800PE,BANKNIFTY,23NOV2026,5480000.000000,30,OPTIDX,NFO,5.000000,601,False
62154,BANKNIFTY23NOV2654900PE,BANKNIFTY,23NOV2026,5490000.000000,30,OPTIDX,NFO,5.000000,601,False
62186,BANKNIFTY23NOV2656100PE,BANKNIFTY,23NOV2026,5610000.000000,30,OPTIDX,NFO,5.000000,601,False
62187,BANKNIFTY23NOV2656200CE,BANKNIFTY,23NOV2026,5620000.000000,30,OPTIDX,NFO,5.000000,601,False
125652,RECLTD27OCT26295PE,RECLTD,27OCT2026,29500.000000,1575,OPTSTK,NFO,5.000000,63001,False
125660,RECLTD27OCT26335PE,RECLTD,27OCT2026,33500.000000,1575,OPTSTK,NFO,5.000000,63001,False
125686,MARICO29SEP26740PE,MARICO,29SEP2026,74000.000000,1200,OPTSTK,NFO,5.000000,36001,False
125719,RECLTD23NOV26280CE,RECLTD,23NOV2026,28000.000000,1575,OPTSTK,NFO,5.000000,63001,False
62188,BANKNIFTY23NOV2656200PE,BANKNIFTY,23NOV2026,5620000.000000,30,OPTIDX,NFO,5.000000,601,False
62191,BANKNIFTY23NOV2656400CE,BANKNIFTY,23NOV2026,5640000.000000,30,OPTIDX,NFO,5.000000,601,False
62194,BANKNIFTY23NOV2656500PE,BANKNIFTY,23NOV2026,5650000.000000,30,OPTIDX,NFO,5.000000,601,False
62204,BANKNIFTY23NOV2656800PE,BANKNIFTY,23NOV2026,5680000.000000,30,OPTIDX,NFO,5.000000,601,False
125720,RECLTD23NOV26280PE,RECLTD,23NOV2026,28000.000000,1575,OPTSTK,NFO,5.000000,63001,False
125722,RECLTD23NOV26290PE,RECLTD,23NOV2026,29000.000000,1575,OPTSTK,NFO,5.000000,63001,False
125855,RELIANCE27OCT261210CE,RELIANCE,27OCT2026,121000.000000,500,OPTSTK,NFO,5.000000,20001,False
125902,RELIANCE27OCT261330CE,RELIANCE,27OCT2026,133000.000000,500,OPTSTK,NFO,5.000000,20001,False
62213,BANKNIFTY23NOV2657300CE,BANKNIFTY,23NOV2026,5730000.000000,30,OPTIDX,NFO,5.000000,601,False
62214,BANKNIFTY23NOV2657300PE,BANKNIFTY,23NOV2026,5730000.000000,30,OPTIDX,NFO,5.000000,601,False
62278,BANKNIFTY23NOV2659100PE,BANKNIFTY,23NOV2026,5910000.000000,30,OPTIDX,NFO,5.000000,601,False
62289,BANKNIFTY23NOV2659400CE,BANKNIFTY,23NOV2026,5940000.000000,30,OPTIDX,NFO,5.000000,601,False
125906,RELIANCE27OCT261370CE,RELIANCE,27OCT2026,137000.000000,500,OPTSTK,NFO,5.000000,20001,False
125915,RELIANCE27OCT261430CE,RELIANCE,27OCT2026,143000.000000,500,OPTSTK,NFO,5.000000,20001,False
125987,RELIANCE23NOV261200CE,RELIANCE,23NOV2026,120000.000000,500,OPTSTK,NFO,5.000000,20001,False
125989,RELIANCE23NOV261220CE,RELIANCE,23NOV2026,122000.000000,500,OPTSTK,NFO,5.000000,20001,False
62299,BANKNIFTY23NOV2659900CE,BANKNIFTY,23NOV2026,5990000.000000,30,OPTIDX,NFO,5.000000,601,False
62300,BANKNIFTY23NOV2659900PE,BANKNIFTY,23NOV2026,5990000.000000,30,OPTIDX,NFO,5.000000,601,False
62322,BANKNIFTY23NOV2660700PE,BANKNIFTY,23NOV2026,6070000.000000,30,OPTIDX,NFO,5.000000,601,False
62358,BANKNIFTY23NOV2661500CE,BANKNIFTY,23NOV2026,6150000.000000,30,OPTIDX,NFO,5.000000,601,False
126008,RELIANCE23NOV261400CE,RELIANCE,23NOV2026,140000.000000,500,OPTSTK,NFO,5.000000,20001,False
126016,RELIANCE23NOV261480CE,RELIANCE,23NOV2026,148000.000000,500,OPTSTK,NFO,5.000000,20001,False
126069,RVNL27OCT26195CE,RVNL,27OCT2026,19500.000000,1925,OPTSTK,NFO,1.000000,96251,False
126080,RVNL27OCT26245PE,RVNL,27OCT2026,24500.000000,1925,OPTSTK,NFO,1.000000,96251,False
62362,CANBK27OCT26130PE,CANBK,27OCT2026,13000.000000,6750,OPTSTK,NFO,1.000000,202501,False
62364,BANKNIFTY23NOV2661500PE,BANKNIFTY,23NOV2026,6150000.000000,30,OPTIDX,NFO,5.000000,601,False
62367,CANBK27OCT26140PE,CANBK,27OCT2026,14000.000000,6750,OPTSTK,NFO,1.000000,202501,False
62369,CANBK27OCT26145PE,CANBK,27OCT2026,14500.000000,6750,OPTSTK,NFO,1.000000,202501,False
62389,BANKNIFTY23NOV2661600PE,BANKNIFTY,23NOV2026,6160000.000000,30,OPTIDX,NFO,5.000000,601,False
62401,CDSL29SEP261220PE,CDSL,29SEP2026,122000.000000,475,OPTSTK,NFO,5.000000,19001,False
62411,CDSL29SEP261420PE,CDSL,29SEP2026,142000.000000,475,OPTSTK,NFO,5.000000,19001,False
62480,CDSL27OCT261280PE,CDSL,27OCT2026,128000.000000,475,OPTSTK,NFO,5.000000,19001,False
126101,RVNL23NOV26160CE,RVNL,23NOV2026,16000.000000,1925,OPTSTK,NFO,1.000000,96251,False
126176,SAGILITY29SEP2647PE,SAGILITY,29SEP2026,4700.000000,12000,OPTSTK,NFO,1.000000,480001,False
126161,SAGILITY29SEP2640CE,SAGILITY,29SEP2026,4000.000000,12000,OPTSTK,NFO,1.000000,480001,False
126166,SAGILITY29SEP2642PE,SAGILITY,29SEP2026,4200.000000,12000,OPTSTK,NFO,1.000000,480001,False
62483,BANKNIFTY23NOV2662300CE,BANKNIFTY,23NOV2026,6230000.000000,30,OPTIDX,NFO,5.000000,601,False
62485,BANKNIFTY23NOV2662400CE,BANKNIFTY,23NOV2026,6240000.000000,30,OPTIDX,NFO,5.000000,601,False
62488,BANKNIFTY23NOV2662500PE,BANKNIFTY,23NOV2026,6250000.000000,30,OPTIDX,NFO,5.000000,601,False
62508,CDSL27OCT261400CE,CDSL,27OCT2026,140000.000000,475,OPTSTK,NFO,5.000000,19001,False
126184,SAGILITY29SEP2651PE,SAGILITY,29SEP2026,5100.000000,12000,OPTSTK,NFO,1.000000,480001,False
126225,SAGILITY27OCT2640CE,SAGILITY,27OCT2026,4000.000000,12000,OPTSTK,NFO,1.000000,480001,False
126228,SAGILITY27OCT2641PE,SAGILITY,27OCT2026,4100.000000,12000,OPTSTK,NFO,1.000000,480001,False
126229,SAGILITY27OCT2642CE,SAGILITY,27OCT2026,4200.000000,12000,OPTSTK,NFO,1.000000,480001,False
62578,CGPOWER29SEP26820CE,CGPOWER,29SEP2026,82000.000000,850,OPTSTK,NFO,5.000000,25501,False
62588,CGPOWER29SEP26980PE,CGPOWER,29SEP2026,98000.000000,850,OPTSTK,NFO,5.000000,25501,False
62590,CGPOWER29SEP261020PE,CGPOWER,29SEP2026,102000.000000,850,OPTSTK,NFO,5.000000,25501,False
62615,CGPOWER27OCT26720PE,CGPOWER,27OCT2026,72000.000000,850,OPTSTK,NFO,5.000000,25501,False
126232,SAGILITY27OCT2643PE,SAGILITY,27OCT2026,4300.000000,12000,OPTSTK,NFO,1.000000,480001,False
126236,SAGILITY27OCT2645PE,SAGILITY,27OCT2026,4500.000000,12000,OPTSTK,NFO,1.000000,480001,False
126237,SAGILITY27OCT2646CE,SAGILITY,27OCT2026,4600.000000,12000,OPTSTK,NFO,1.000000,480001,False
126238,SAGILITY27OCT2646PE,SAGILITY,27OCT2026,4600.000000,12000,OPTSTK,NFO,1.000000,480001,False
62630,CGPOWER27OCT261040CE,CGPOWER,27OCT2026,104000.000000,850,OPTSTK,NFO,5.000000,25501,False
62715,CHOLAFIN29SEP261740PE,CHOLAFIN,29SEP2026,174000.000000,625,OPTSTK,NFO,5.000000,12501,False
62738,CHOLAFIN29SEP261900PE,CHOLAFIN,29SEP2026,190000.000000,625,OPTSTK,NFO,5.000000,12501,False
62745,CHOLAFIN29SEP261980CE,CHOLAFIN,29SEP2026,198000.000000,625,OPTSTK,NFO,5.000000,12501,False
126241,SAGILITY27OCT2648CE,SAGILITY,27OCT2026,4800.000000,12000,OPTSTK,NFO,1.000000,480001,False
126254,SAGILITY27OCT2654PE,SAGILITY,27OCT2026,5400.000000,12000,OPTSTK,NFO,1.000000,480001,False
126281,SAGILITY23NOV2638CE,SAGILITY,23NOV2026,3800.000000,12000,OPTSTK,NFO,1.000000,480001,False
126301,SAGILITY23NOV2650PE,SAGILITY,23NOV2026,5000.000000,12000,OPTSTK,NFO,1.000000,480001,False
62853,CHOLAFIN27OCT261600PE,CHOLAFIN,27OCT2026,160000.000000,625,OPTSTK,NFO,5.000000,12501,False
62858,CHOLAFIN27OCT261680CE,CHOLAFIN,27OCT2026,168000.000000,625,OPTSTK,NFO,5.000000,12501,False
62871,CHOLAFIN27OCT261880CE,CHOLAFIN,27OCT2026,188000.000000,625,OPTSTK,NFO,5.000000,12501,False
62874,CHOLAFIN27OCT261920PE,CHOLAFIN,27OCT2026,192000.000000,625,OPTSTK,NFO,5.000000,12501,False
126371,SAIL27OCT26177.5CE,SAIL,27OCT2026,17750.000000,4700,OPTSTK,NFO,1.000000,141001,False
126400,SAIL27OCT26202.5PE,SAIL,27OCT2026,20250.000000,4700,OPTSTK,NFO,1.000000,141001,False
126406,MARUTI29SEP2611000PE,MARUTI,29SEP2026,1100000.000000,50,OPTSTK,NFO,5.000000,2001,False
126410,SAIL27OCT26212.5PE,SAIL,27OCT2026,21250.000000,4700,OPTSTK,NFO,1.000000,141001,False
63013,FINNIFTY29SEP2622650CE,FINNIFTY,29SEP2026,2265000.000000,60,OPTIDX,NFO,5.000000,1801,False
63032,FINNIFTY29SEP2623550PE,FINNIFTY,29SEP2026,2355000.000000,60,OPTIDX,NFO,5.000000,1801,False
63058,FINNIFTY29SEP2624850PE,FINNIFTY,29SEP2026,2485000.000000,60,OPTIDX,NFO,5.000000,1801,False
63065,FINNIFTY29SEP2625150CE,FINNIFTY,29SEP2026,2515000.000000,60,OPTIDX,NFO,5.000000,1801,False
126414,MARUTI29SEP2611600PE,MARUTI,29SEP2026,1160000.000000,50,OPTSTK,NFO,5.000000,2001,False
126418,MARUTI29SEP2612000PE,MARUTI,29SEP2026,1200000.000000,50,OPTSTK,NFO,5.000000,2001,False
126421,MARUTI29SEP2612400CE,MARUTI,29SEP2026,1240000.000000,50,OPTSTK,NFO,5.000000,2001,False
126436,MARUTI29SEP2613800PE,MARUTI,29SEP2026,1380000.000000,50,OPTSTK,NFO,5.000000,2001,False
63094,FINNIFTY29SEP2626050PE,FINNIFTY,29SEP2026,2605000.000000,60,OPTIDX,NFO,5.000000,1801,False
63112,FINNIFTY29SEP2626550PE,FINNIFTY,29SEP2026,2655000.000000,60,OPTIDX,NFO,5.000000,1801,False
63124,FINNIFTY29SEP2626750PE,FINNIFTY,29SEP2026,2675000.000000,60,OPTIDX,NFO,5.000000,1801,False
63125,FINNIFTY29SEP2626850CE,FINNIFTY,29SEP2026,2685000.000000,60,OPTIDX,NFO,5.000000,1801,False
126450,MARUTI29SEP2615200PE,MARUTI,29SEP2026,1520000.000000,50,OPTSTK,NFO,5.000000,2001,False
126515,SAIL23NOV26150PE,SAIL,23NOV2026,15000.000000,4700,OPTSTK,NFO,1.000000,141001,False
126532,SAIL23NOV26180PE,SAIL,23NOV2026,18000.000000,4700,OPTSTK,NFO,1.000000,141001,False
126542,SAIL23NOV26200CE,SAIL,23NOV2026,20000.000000,4700,OPTSTK,NFO,1.000000,141001,False
63138,FINNIFTY29SEP2627250PE,FINNIFTY,29SEP2026,2725000.000000,60,OPTIDX,NFO,5.000000,1801,False
63199,CIPLA29SEP261310PE,CIPLA,29SEP2026,131000.000000,425,OPTSTK,NFO,5.000000,17001,False
63209,CIPLA29SEP261350PE,CIPLA,29SEP2026,135000.000000,425,OPTSTK,NFO,5.000000,17001,False
63359,FINNIFTY23NOV2622900CE,FINNIFTY,23NOV2026,2290000.000000,60,OPTIDX,NFO,5.000000,1801,False
126555,SAIL23NOV26220PE,SAIL,23NOV2026,22000.000000,4700,OPTSTK,NFO,1.000000,141001,False
126607,SBICARD27OCT26730PE,SBICARD,27OCT2026,73000.000000,800,OPTSTK,NFO,5.000000,40001,False
126643,SBICARD23NOV26560PE,SBICARD,23NOV2026,56000.000000,800,OPTSTK,NFO,5.000000,40001,False
126644,SBICARD23NOV26580CE,SBICARD,23NOV2026,58000.000000,800,OPTSTK,NFO,5.000000,40001,False
63403,FINNIFTY23NOV2625100CE,FINNIFTY,23NOV2026,2510000.000000,60,OPTIDX,NFO,5.000000,1801,False
63408,FINNIFTY23NOV2625300PE,FINNIFTY,23NOV2026,2530000.000000,60,OPTIDX,NFO,5.000000,1801,False
63415,FINNIFTY23NOV2625700CE,FINNIFTY,23NOV2026,2570000.000000,60,OPTIDX,NFO,5.000000,1801,False
63416,FINNIFTY23NOV2625700PE,FINNIFTY,23NOV2026,2570000.000000,60,OPTIDX,NFO,5.000000,1801,False
126656,SBICARD23NOV26700CE,SBICARD,23NOV2026,70000.000000,800,OPTSTK,NFO,5.000000,40001,False
126724,SBILIFE27OCT261780CE,SBILIFE,27OCT2026,178000.000000,375,OPTSTK,NFO,5.000000,15001,False
126727,SBILIFE27OCT261820PE,SBILIFE,27OCT2026,182000.000000,375,OPTSTK,NFO,5.000000,15001,False
126843,SBILIFE23NOV261560CE,SBILIFE,23NOV2026,156000.000000,375,OPTSTK,NFO,5.000000,15001,False
63424,FINNIFTY23NOV2626100PE,FINNIFTY,23NOV2026,2610000.000000,60,OPTIDX,NFO,5.000000,1801,False
63441,FINNIFTY23NOV2627000CE,FINNIFTY,23NOV2026,2700000.000000,60,OPTIDX,NFO,5.000000,1801,False
63448,FINNIFTY23NOV2627200PE,FINNIFTY,23NOV2026,2720000.000000,60,OPTIDX,NFO,5.000000,1801,False
63455,FINNIFTY23NOV2627500CE,FINNIFTY,23NOV2026,2750000.000000,60,OPTIDX,NFO,5.000000,1801,False
63458,FINNIFTY23NOV2627600PE,FINNIFTY,23NOV2026,2760000.000000,60,OPTIDX,NFO,5.000000,1801,False
63466,FINNIFTY23NOV2628000PE,FINNIFTY,23NOV2026,2800000.000000,60,OPTIDX,NFO,5.000000,1801,False
63472,FINNIFTY23NOV2628300PE,FINNIFTY,23NOV2026,2830000.000000,60,OPTIDX,NFO,5.000000,1801,False
63474,FINNIFTY23NOV2628400PE,FINNIFTY,23NOV2026,2840000.000000,60,OPTIDX,NFO,5.000000,1801,False
126866,SBILIFE23NOV261720CE,SBILIFE,23NOV2026,172000.000000,375,OPTSTK,NFO,5.000000,15001,False
126870,SBILIFE23NOV261760PE,SBILIFE,23NOV2026,176000.000000,375,OPTSTK,NFO,5.000000,15001,False
126875,SBILIFE23NOV261840CE,SBILIFE,23NOV2026,184000.000000,375,OPTSTK,NFO,5.000000,15001,False
126878,SBILIFE23NOV261880PE,SBILIFE,23NOV2026,188000.000000,375,OPTSTK,NFO,5.000000,15001,False
63475,FINNIFTY23NOV2628500CE,FINNIFTY,23NOV2026,2850000.000000,60,OPTIDX,NFO,5.000000,1801,False
63642,MIDCPNIFTY23NOV2613075PE,MIDCPNIFTY,23NOV2026,1307500.000000,120,OPTIDX,NFO,5.000000,2801,False
63644,MIDCPNIFTY23NOV2613100PE,MIDCPNIFTY,23NOV2026,1310000.000000,120,OPTIDX,NFO,5.000000,2801,False
63653,MIDCPNIFTY23NOV2613225CE,MIDCPNIFTY,23NOV2026,1322500.000000,120,OPTIDX,NFO,5.000000,2801,False
126937,MAXHEALTH29SEP26860CE,MAXHEALTH,29SEP2026,86000.000000,525,OPTSTK,NFO,5.000000,21001,False
126940,MAXHEALTH29SEP26880PE,MAXHEALTH,29SEP2026,88000.000000,525,OPTSTK,NFO,5.000000,21001,False
126950,MAXHEALTH29SEP26980PE,MAXHEALTH,29SEP2026,98000.000000,525,OPTSTK,NFO,5.000000,21001,False
126951,MAXHEALTH29SEP261000CE,MAXHEALTH,29SEP2026,100000.000000,525,OPTSTK,NFO,5.000000,21001,False
63654,MIDCPNIFTY23NOV2613225PE,MIDCPNIFTY,23NOV2026,1322500.000000,120,OPTIDX,NFO,5.000000,2801,False
63656,MIDCPNIFTY23NOV2613250PE,MIDCPNIFTY,23NOV2026,1325000.000000,120,OPTIDX,NFO,5.000000,2801,False
63670,MIDCPNIFTY23NOV2613425PE,MIDCPNIFTY,23NOV2026,1342500.000000,120,OPTIDX,NFO,5.000000,2801,False
63671,MIDCPNIFTY23NOV2613450CE,MIDCPNIFTY,23NOV2026,1345000.000000,120,OPTIDX,NFO,5.000000,2801,False
126956,MAXHEALTH29SEP261040PE,MAXHEALTH,29SEP2026,104000.000000,525,OPTSTK,NFO,5.000000,21001,False
126960,MAXHEALTH29SEP261080PE,MAXHEALTH,29SEP2026,108000.000000,525,OPTSTK,NFO,5.000000,21001,False
127003,SBIN27OCT26930PE,SBIN,27OCT2026,93000.000000,750,OPTSTK,NFO,5.000000,22501,False
127010,SBIN27OCT261010CE,SBIN,27OCT2026,101000.000000,750,OPTSTK,NFO,5.000000,22501,False
63693,MIDCPNIFTY23NOV2613725CE,MIDCPNIFTY,23NOV2026,1372500.000000,120,OPTIDX,NFO,5.000000,2801,False
63700,MIDCPNIFTY23NOV2613800PE,MIDCPNIFTY,23NOV2026,1380000.000000,120,OPTIDX,NFO,5.000000,2801,False
63705,MIDCPNIFTY23NOV2613875CE,MIDCPNIFTY,23NOV2026,1387500.000000,120,OPTIDX,NFO,5.000000,2801,False
63712,MIDCPNIFTY23NOV2613950PE,MIDCPNIFTY,23NOV2026,1395000.000000,120,OPTIDX,NFO,5.000000,2801,False
127012,SBIN27OCT261030CE,SBIN,27OCT2026,103000.000000,750,OPTSTK,NFO,5.000000,22501,False
127138,SBIN23NOV26840CE,SBIN,23NOV2026,84000.000000,750,OPTSTK,NFO,5.000000,22501,False
127150,SBIN23NOV26960CE,SBIN,23NOV2026,96000.000000,750,OPTSTK,NFO,5.000000,22501,False
127154,SBIN23NOV261000CE,SBIN,23NOV2026,100000.000000,750,OPTSTK,NFO,5.000000,22501,False
63714,MIDCPNIFTY23NOV2613975PE,MIDCPNIFTY,23NOV2026,1397500.000000,120,OPTIDX,NFO,5.000000,2801,False
63734,MIDCPNIFTY23NOV2614125PE,MIDCPNIFTY,23NOV2026,1412500.000000,120,OPTIDX,NFO,5.000000,2801,False
63752,MIDCPNIFTY23NOV2614300PE,MIDCPNIFTY,23NOV2026,1430000.000000,120,OPTIDX,NFO,5.000000,2801,False
63756,MIDCPNIFTY23NOV2614325PE,MIDCPNIFTY,23NOV2026,1432500.000000,120,OPTIDX,NFO,5.000000,2801,False
127217,SHREECEM27OCT2620250PE,SHREECEM,27OCT2026,2025000.000000,25,OPTSTK,NFO,5.000000,1001,False
127227,SHREECEM27OCT2622750PE,SHREECEM,27OCT2026,2275000.000000,25,OPTSTK,NFO,5.000000,1001,False
127237,SHREECEM27OCT2625250PE,SHREECEM,27OCT2026,2525000.000000,25,OPTSTK,NFO,5.000000,1001,False
127288,SHREECEM23NOV2620000CE,SHREECEM,23NOV2026,2000000.000000,25,OPTSTK,NFO,5.000000,1001,False
63759,MIDCPNIFTY23NOV2614375CE,MIDCPNIFTY,23NOV2026,1437500.000000,120,OPTIDX,NFO,5.000000,2801,False
63765,MIDCPNIFTY23NOV2614425CE,MIDCPNIFTY,23NOV2026,1442500.000000,120,OPTIDX,NFO,5.000000,2801,False
63784,MIDCPNIFTY23NOV2614600PE,MIDCPNIFTY,23NOV2026,1460000.000000,120,OPTIDX,NFO,5.000000,2801,False
63799,MIDCPNIFTY23NOV2614750CE,MIDCPNIFTY,23NOV2026,1475000.000000,120,OPTIDX,NFO,5.000000,2801,False
127310,SHREECEM23NOV2624000CE,SHREECEM,23NOV2026,2400000.000000,25,OPTSTK,NFO,5.000000,1001,False
127331,SHREECEM23NOV2629000PE,SHREECEM,23NOV2026,2900000.000000,25,OPTSTK,NFO,5.000000,1001,False
127465,MAZDOCK29SEP262600PE,MAZDOCK,29SEP2026,260000.000000,225,OPTSTK,NFO,5.000000,9001,False
127479,SHRIRAMFIN23NOV26960PE,SHRIRAMFIN,23NOV2026,96000.000000,825,OPTSTK,NFO,5.000000,24751,False
63813,MIDCPNIFTY23NOV2614925CE,MIDCPNIFTY,23NOV2026,1492500.000000,120,OPTIDX,NFO,5.000000,2801,False
63834,MIDCPNIFTY23NOV2615125PE,MIDCPNIFTY,23NOV2026,1512500.000000,120,OPTIDX,NFO,5.000000,2801,False
63836,MIDCPNIFTY23NOV2615150PE,MIDCPNIFTY,23NOV2026,1515000.000000,120,OPTIDX,NFO,5.000000,2801,False
63846,MIDCPNIFTY23NOV2615275PE,MIDCPNIFTY,23NOV2026,1527500.000000,120,OPTIDX,NFO,5.000000,2801,False
127505,SHRIRAMFIN23NOV261200PE,SHRIRAMFIN,23NOV2026,120000.000000,825,OPTSTK,NFO,5.000000,24751,False
127611,SIEMENS27OCT264050PE,SIEMENS,27OCT2026,405000.000000,175,OPTSTK,NFO,5.000000,7001,False
127658,SIEMENS23NOV263400CE,SIEMENS,23NOV2026,340000.000000,175,OPTSTK,NFO,5.000000,7001,False
127668,SIEMENS23NOV263900CE,SIEMENS,23NOV2026,390000.000000,175,OPTSTK,NFO,5.000000,7001,False
63855,MIDCPNIFTY23NOV2615400CE,MIDCPNIFTY,23NOV2026,1540000.000000,120,OPTIDX,NFO,5.000000,2801,False
63860,MIDCPNIFTY23NOV2615450PE,MIDCPNIFTY,23NOV2026,1545000.000000,120,OPTIDX,NFO,5.000000,2801,False
63864,MIDCPNIFTY23NOV2615500PE,MIDCPNIFTY,23NOV2026,1550000.000000,120,OPTIDX,NFO,5.000000,2801,False
63872,MIDCPNIFTY23NOV2615600PE,MIDCPNIFTY,23NOV2026,1560000.000000,120,OPTIDX,NFO,5.000000,2801,False
64219,NIFTY23NOV2621650PE,NIFTY,23NOV2026,2165000.000000,65,OPTIDX,NFO,5.000000,1801,False
64227,NIFTY23NOV2621800CE,NIFTY,23NOV2026,2180000.000000,65,OPTIDX,NFO,5.000000,1801,False
64268,NIFTY23NOV2622300CE,NIFTY,23NOV2026,2230000.000000,65,OPTIDX,NFO,5.000000,1801,False
64271,NIFTY23NOV2622350PE,NIFTY,23NOV2026,2235000.000000,65,OPTIDX,NFO,5.000000,1801,False
127676,SIEMENS23NOV264300CE,SIEMENS,23NOV2026,430000.000000,175,OPTSTK,NFO,5.000000,7001,False
127727,SOLARINDS27OCT2619750PE,SOLARINDS,27OCT2026,1975000.000000,50,OPTSTK,NFO,5.000000,1501,False
127738,SOLARINDS27OCT2622750CE,SOLARINDS,27OCT2026,2275000.000000,50,OPTSTK,NFO,5.000000,1501,False
127841,SOLARINDS23NOV2618500CE,SOLARINDS,23NOV2026,1850000.000000,50,OPTSTK,NFO,5.000000,1501,False
64275,NIFTY23NOV2622400PE,NIFTY,23NOV2026,2240000.000000,65,OPTIDX,NFO,5.000000,1801,False
64295,NIFTY23NOV2622750PE,NIFTY,23NOV2026,2275000.000000,65,OPTIDX,NFO,5.000000,1801,False
64376,NIFTY23NOV2623550PE,NIFTY,23NOV2026,2355000.000000,65,OPTIDX,NFO,5.000000,1801,False
64379,NIFTY23NOV2623650CE,NIFTY,23NOV2026,2365000.000000,65,OPTIDX,NFO,5.000000,1801,False
127862,SOLARINDS23NOV2623500PE,SOLARINDS,23NOV2026,2350000.000000,50,OPTSTK,NFO,5.000000,1501,False
127869,MCX29SEP262600CE,MCX,29SEP2026,260000.000000,225,OPTSTK,NFO,5.000000,6751,False
127870,MCX29SEP262600PE,MCX,29SEP2026,260000.000000,225,OPTSTK,NFO,5.000000,6751,False
127876,MCX29SEP262900CE,MCX,29SEP2026,290000.000000,225,OPTSTK,NFO,5.000000,6751,False
64380,NIFTY23NOV2623650PE,NIFTY,23NOV2026,2365000.000000,65,OPTIDX,NFO,5.000000,1801,False
64387,NIFTY23NOV2623800CE,NIFTY,23NOV2026,2380000.000000,65,OPTIDX,NFO,5.000000,1801,False
64391,NIFTY23NOV2623900CE,NIFTY,23NOV2026,2390000.000000,65,OPTIDX,NFO,5.000000,1801,False
64417,NIFTY23NOV2624500CE,NIFTY,23NOV2026,2450000.000000,65,OPTIDX,NFO,5.000000,1801,False
127895,MCX29SEP263800PE,MCX,29SEP2026,380000.000000,225,OPTSTK,NFO,5.000000,6751,False
127985,MFSL29SEP261520PE,MFSL,29SEP2026,152000.000000,400,OPTSTK,NFO,5.000000,16001,False
127986,MFSL29SEP261560CE,MFSL,29SEP2026,156000.000000,400,OPTSTK,NFO,5.000000,16001,False
127989,MFSL29SEP261600PE,MFSL,29SEP2026,160000.000000,400,OPTSTK,NFO,5.000000,16001,False
64426,NIFTY23NOV2624700PE,NIFTY,23NOV2026,2470000.000000,65,OPTIDX,NFO,5.000000,1801,False
64427,NIFTY23NOV2624750CE,NIFTY,23NOV2026,2475000.000000,65,OPTIDX,NFO,5.000000,1801,False
64436,NIFTY23NOV2624900PE,NIFTY,23NOV2026,2490000.000000,65,OPTIDX,NFO,5.000000,1801,False
64450,NIFTY23NOV2625150PE,NIFTY,23NOV2026,2515000.000000,65,OPTIDX,NFO,5.000000,1801,False
127993,MFSL29SEP261680PE,MFSL,29SEP2026,168000.000000,400,OPTSTK,NFO,5.000000,16001,False
127998,MFSL29SEP261800CE,MFSL,29SEP2026,180000.000000,400,OPTSTK,NFO,5.000000,16001,False
128027,SONACOMS27OCT26730CE,SONACOMS,27OCT2026,73000.000000,1225,OPTSTK,NFO,5.000000,36751,False
128086,SONACOMS23NOV26800CE,SONACOMS,23NOV2026,80000.000000,1225,OPTSTK,NFO,5.000000,36751,False
64469,NIFTY23NOV2625400PE,NIFTY,23NOV2026,2540000.000000,65,OPTIDX,NFO,5.000000,1801,False
64471,NIFTY23NOV2625450PE,NIFTY,23NOV2026,2545000.000000,65,OPTIDX,NFO,5.000000,1801,False
64477,NIFTY23NOV2625600CE,NIFTY,23NOV2026,2560000.000000,65,OPTIDX,NFO,5.000000,1801,False
64488,NIFTY23NOV2625750PE,NIFTY,23NOV2026,2575000.000000,65,OPTIDX,NFO,5.000000,1801,False
128089,SONACOMS23NOV26820PE,SONACOMS,23NOV2026,82000.000000,1225,OPTSTK,NFO,5.000000,36751,False
128180,SRF23NOV262200PE,SRF,23NOV2026,220000.000000,200,OPTSTK,NFO,5.000000,8001,False
128182,SRF23NOV262300PE,SRF,23NOV2026,230000.000000,200,OPTSTK,NFO,5.000000,8001,False
128249,SUNPHARMA27OCT261780CE,SUNPHARMA,27OCT2026,178000.000000,350,OPTSTK,NFO,5.000000,14001,False
64774,NIFTYFPI23NOV261380CE,NIFTYFPI,23NOV2026,138000.000000,1100,OPTIDX,NFO,5.000000,8501,False
64775,NIFTYFPI23NOV261380PE,NIFTYFPI,23NOV2026,138000.000000,1100,OPTIDX,NFO,5.000000,8501,False
64812,NIFTYFPI23NOV261440PE,NIFTYFPI,23NOV2026,144000.000000,1100,OPTIDX,NFO,5.000000,8501,False
64811,NIFTYFPI23NOV261440CE,NIFTYFPI,23NOV2026,144000.000000,1100,OPTIDX,NFO,5.000000,8501,False
128331,SUNPHARMA23NOV261840CE,SUNPHARMA,23NOV2026,184000.000000,350,OPTSTK,NFO,5.000000,14001,False
128347,SUNPHARMA23NOV262160CE,SUNPHARMA,23NOV2026,216000.000000,350,OPTSTK,NFO,5.000000,14001,False
128348,SUNPHARMA23NOV262160PE,SUNPHARMA,23NOV2026,216000.000000,350,OPTSTK,NFO,5.000000,14001,False
128399,SUPREMEIND27OCT263150PE,SUPREMEIND,27OCT2026,315000.000000,175,OPTSTK,NFO,5.000000,7001,False
64814,NIFTYFPI23NOV261445PE,NIFTYFPI,23NOV2026,144500.000000,1100,OPTIDX,NFO,5.000000,8501,False
64830,NIFTYFPI23NOV261480PE,NIFTYFPI,23NOV2026,148000.000000,1100,OPTIDX,NFO,5.000000,8501,False
64832,NIFTYFPI23NOV261485PE,NIFTYFPI,23NOV2026,148500.000000,1100,OPTIDX,NFO,5.000000,8501,False
64835,NIFTYFPI23NOV261495CE,NIFTYFPI,23NOV2026,149500.000000,1100,OPTIDX,NFO,5.000000,8501,False
128400,SUPREMEIND27OCT263250CE,SUPREMEIND,27OCT2026,325000.000000,175,OPTSTK,NFO,5.000000,7001,False
128402,SUPREMEIND27OCT263350CE,SUPREMEIND,27OCT2026,335000.000000,175,OPTSTK,NFO,5.000000,7001,False
128409,SUPREMEIND27OCT263650PE,SUPREMEIND,27OCT2026,365000.000000,175,OPTSTK,NFO,5.000000,7001,False
128416,SUPREMEIND27OCT263950PE,SUPREMEIND,27OCT2026,395000.000000,175,OPTSTK,NFO,5.000000,7001,False
64837,NIFTYFPI23NOV261500CE,NIFTYFPI,23NOV2026,150000.000000,1100,OPTIDX,NFO,5.000000,8501,False
64846,NIFTYFPI23NOV261520PE,NIFTYFPI,23NOV2026,152000.000000,1100,OPTIDX,NFO,5.000000,8501,False
64863,NIFTYFPI23NOV261555PE,NIFTYFPI,23NOV2026,155500.000000,1100,OPTIDX,NFO,5.000000,8501,False
64868,NIFTYFPI23NOV261570CE,NIFTYFPI,23NOV2026,157000.000000,1100,OPTIDX,NFO,5.000000,8501,False
128454,SUPREMEIND23NOV262800PE,SUPREMEIND,23NOV2026,280000.000000,175,OPTSTK,NFO,5.000000,7001,False
128545,MOTHERSON29SEP26160PE,MOTHERSON,29SEP2026,16000.000000,6150,OPTSTK,NFO,1.000000,184501,False
128546,MOTHERSON29SEP26165CE,MOTHERSON,29SEP2026,16500.000000,6150,OPTSTK,NFO,1.000000,184501,False
128577,SUZLON27OCT2645PE,SUZLON,27OCT2026,4500.000000,12700,OPTSTK,NFO,1.000000,381001,False
64918,NIFTYFPI23NOV261660CE,NIFTYFPI,23NOV2026,166000.000000,1100,OPTIDX,NFO,5.000000,8501,False
64922,NIFTYFPI23NOV261670CE,NIFTYFPI,23NOV2026,167000.000000,1100,OPTIDX,NFO,5.000000,8501,False
64924,NIFTYFPI23NOV261675CE,NIFTYFPI,23NOV2026,167500.000000,1100,OPTIDX,NFO,5.000000,8501,False
65009,NIFTYFPI23NOV261820PE,NIFTYFPI,23NOV2026,182000.000000,1100,OPTIDX,NFO,5.000000,8501,False
128580,SUZLON27OCT2649CE,SUZLON,27OCT2026,4900.000000,12700,OPTSTK,NFO,1.000000,381001,False
128588,SUZLON27OCT2653PE,SUZLON,27OCT2026,5300.000000,12700,OPTSTK,NFO,1.000000,381001,False
128630,SUZLON23NOV2640PE,SUZLON,23NOV2026,4000.000000,12700,OPTSTK,NFO,1.000000,381001,False
128631,SUZLON23NOV2642CE,SUZLON,23NOV2026,4200.000000,12700,OPTSTK,NFO,1.000000,381001,False
65180,CIPLA27OCT261200CE,CIPLA,27OCT2026,120000.000000,425,OPTSTK,NFO,5.000000,17001,False
65289,CIPLA27OCT261520PE,CIPLA,27OCT2026,152000.000000,425,OPTSTK,NFO,5.000000,17001,False
65390,NIFTYNXT5023NOV2664600CE,NIFTYNXT50,23NOV2026,6460000.000000,25,OPTIDX,NFO,5.000000,601,False
65421,NIFTYNXT5023NOV2665100PE,NIFTYNXT50,23NOV2026,6510000.000000,25,OPTIDX,NFO,5.000000,601,False
128638,SUZLON23NOV2648PE,SUZLON,23NOV2026,4800.000000,12700,OPTSTK,NFO,1.000000,381001,False
128643,SUZLON23NOV2654CE,SUZLON,23NOV2026,5400.000000,12700,OPTSTK,NFO,1.000000,381001,False
128644,SUZLON23NOV2654PE,SUZLON,23NOV2026,5400.000000,12700,OPTSTK,NFO,1.000000,381001,False
128678,SWIGGY27OCT26275CE,SWIGGY,27OCT2026,27500.000000,1825,OPTSTK,NFO,5.000000,73001,False
65431,NIFTYNXT5023NOV2665600PE,NIFTYNXT50,23NOV2026,6560000.000000,25,OPTIDX,NFO,5.000000,601,False
65450,NIFTYNXT5023NOV2666600CE,NIFTYNXT50,23NOV2026,6660000.000000,25,OPTIDX,NFO,5.000000,601,False
65451,NIFTYNXT5023NOV2666600PE,NIFTYNXT50,23NOV2026,6660000.000000,25,OPTIDX,NFO,5.000000,601,False
65521,NIFTYNXT5023NOV2668700PE,NIFTYNXT50,23NOV2026,6870000.000000,25,OPTIDX,NFO,5.000000,601,False
128679,SWIGGY27OCT26275PE,SWIGGY,27OCT2026,27500.000000,1825,OPTSTK,NFO,5.000000,73001,False
128801,SWIGGY23NOV26220CE,SWIGGY,23NOV2026,22000.000000,1825,OPTSTK,NFO,5.000000,73001,False
128892,MOTILALOFS29SEP26760PE,MOTILALOFS,29SEP2026,76000.000000,775,OPTSTK,NFO,5.000000,23251,False
128894,MOTILALOFS29SEP26800PE,MOTILALOFS,29SEP2026,80000.000000,775,OPTSTK,NFO,5.000000,23251,False
65527,NIFTYNXT5023NOV2669000PE,NIFTYNXT50,23NOV2026,6900000.000000,25,OPTIDX,NFO,5.000000,601,False
65534,NIFTYNXT5023NOV2669400CE,NIFTYNXT50,23NOV2026,6940000.000000,25,OPTIDX,NFO,5.000000,601,False
65538,NIFTYNXT5023NOV2669600CE,NIFTYNXT50,23NOV2026,6960000.000000,25,OPTIDX,NFO,5.000000,601,False
65541,NIFTYNXT5023NOV2669700PE,NIFTYNXT50,23NOV2026,6970000.000000,25,OPTIDX,NFO,5.000000,601,False
128897,MOTILALOFS29SEP26880CE,MOTILALOFS,29SEP2026,88000.000000,775,OPTSTK,NFO,5.000000,23251,False
128900,MOTILALOFS29SEP26920PE,MOTILALOFS,29SEP2026,92000.000000,775,OPTSTK,NFO,5.000000,23251,False
128901,MOTILALOFS29SEP26960CE,MOTILALOFS,29SEP2026,96000.000000,775,OPTSTK,NFO,5.000000,23251,False
128908,TATACONSUM27OCT261050PE,TATACONSUM,27OCT2026,105000.000000,550,OPTSTK,NFO,5.000000,22001,False
65552,NIFTYNXT5023NOV2670300CE,NIFTYNXT50,23NOV2026,7030000.000000,25,OPTIDX,NFO,5.000000,601,False
65560,NIFTYNXT5023NOV2670700CE,NIFTYNXT50,23NOV2026,7070000.000000,25,OPTIDX,NFO,5.000000,601,False
65561,NIFTYNXT5023NOV2670700PE,NIFTYNXT50,23NOV2026,7070000.000000,25,OPTIDX,NFO,5.000000,601,False
65577,NIFTYNXT5023NOV2671400PE,NIFTYNXT50,23NOV2026,7140000.000000,25,OPTIDX,NFO,5.000000,601,False
128928,MOTILALOFS29SEP261080PE,MOTILALOFS,29SEP2026,108000.000000,775,OPTSTK,NFO,5.000000,23251,False
128945,TATACONSUM27OCT261150PE,TATACONSUM,27OCT2026,115000.000000,550,OPTSTK,NFO,5.000000,22001,False
129038,TATACONSUM23NOV26920CE,TATACONSUM,23NOV2026,92000.000000,550,OPTSTK,NFO,5.000000,22001,False
129042,TATACONSUM23NOV26960CE,TATACONSUM,23NOV2026,96000.000000,550,OPTSTK,NFO,5.000000,22001,False
65581,NIFTYNXT5023NOV2671600PE,NIFTYNXT50,23NOV2026,7160000.000000,25,OPTIDX,NFO,5.000000,601,False
65615,COALINDIA29SEP26395PE,COALINDIA,29SEP2026,39500.000000,1350,OPTSTK,NFO,5.000000,54001,False
65622,COALINDIA29SEP26435CE,COALINDIA,29SEP2026,43500.000000,1350,OPTSTK,NFO,5.000000,54001,False
65624,COALINDIA29SEP26445CE,COALINDIA,29SEP2026,44500.000000,1350,OPTSTK,NFO,5.000000,54001,False
129319,TATAPOWER27OCT26315CE,TATAPOWER,27OCT2026,31500.000000,1450,OPTSTK,NFO,5.000000,58001,False
129119,TATAELXSI27OCT263150PE,TATAELXSI,27OCT2026,315000.000000,125,OPTSTK,NFO,5.000000,6251,False
129122,TATAELXSI27OCT263350CE,TATAELXSI,27OCT2026,335000.000000,125,OPTSTK,NFO,5.000000,6251,False
129137,TATAELXSI27OCT264050CE,TATAELXSI,27OCT2026,405000.000000,125,OPTSTK,NFO,5.000000,6251,False
65668,NIFTYNXT5023NOV2671800CE,NIFTYNXT50,23NOV2026,7180000.000000,25,OPTIDX,NFO,5.000000,601,False
65686,NIFTYNXT5023NOV2672600CE,NIFTYNXT50,23NOV2026,7260000.000000,25,OPTIDX,NFO,5.000000,601,False
65693,NIFTYNXT5023NOV2672900PE,NIFTYNXT50,23NOV2026,7290000.000000,25,OPTIDX,NFO,5.000000,601,False
65696,NIFTYNXT5023NOV2673100CE,NIFTYNXT50,23NOV2026,7310000.000000,25,OPTIDX,NFO,5.000000,601,False
129320,TATAPOWER27OCT26315PE,TATAPOWER,27OCT2026,31500.000000,1450,OPTSTK,NFO,5.000000,58001,False
129379,TATAPOWER23NOV26310CE,TATAPOWER,23NOV2026,31000.000000,1450,OPTSTK,NFO,5.000000,58001,False
129383,TATAPOWER23NOV26330CE,TATAPOWER,23NOV2026,33000.000000,1450,OPTSTK,NFO,5.000000,58001,False
129399,TATAPOWER23NOV26400PE,TATAPOWER,23NOV2026,40000.000000,1450,OPTSTK,NFO,5.000000,58001,False
65713,NIFTYNXT5023NOV2673500CE,NIFTYNXT50,23NOV2026,7350000.000000,25,OPTIDX,NFO,5.000000,601,False
65739,NIFTYNXT5023NOV2674000PE,NIFTYNXT50,23NOV2026,7400000.000000,25,OPTIDX,NFO,5.000000,601,False
65749,NIFTYNXT5023NOV2674400PE,NIFTYNXT50,23NOV2026,7440000.000000,25,OPTIDX,NFO,5.000000,601,False
65787,COALINDIA27OCT26350PE,COALINDIA,27OCT2026,35000.000000,1350,OPTSTK,NFO,5.000000,54001,False
129409,TATAPOWER23NOV26420PE,TATAPOWER,23NOV2026,42000.000000,1450,OPTSTK,NFO,5.000000,58001,False
129483,TATASTEEL27OCT26172.5PE,TATASTEEL,27OCT2026,17250.000000,2750,OPTSTK,NFO,1.000000,137501,False
129486,TATASTEEL27OCT26177.5CE,TATASTEEL,27OCT2026,17750.000000,2750,OPTSTK,NFO,1.000000,137501,False
129498,TATASTEEL27OCT26202.5CE,TATASTEEL,27OCT2026,20250.000000,2750,OPTSTK,NFO,1.000000,137501,False
65790,COALINDIA27OCT26370CE,COALINDIA,27OCT2026,37000.000000,1350,OPTSTK,NFO,5.000000,54001,False
65810,NIFTYNXT5023NOV2675700CE,NIFTYNXT50,23NOV2026,7570000.000000,25,OPTIDX,NFO,5.000000,601,False
65832,NIFTYNXT5023NOV2676800CE,NIFTYNXT50,23NOV2026,7680000.000000,25,OPTIDX,NFO,5.000000,601,False
65849,NIFTYNXT5023NOV2677500PE,NIFTYNXT50,23NOV2026,7750000.000000,25,OPTIDX,NFO,5.000000,601,False
65917,NIFTYNXT5023NOV2679000PE,NIFTYNXT50,23NOV2026,7900000.000000,25,OPTIDX,NFO,5.000000,601,False
65958,COALINDIA27OCT26490CE,COALINDIA,27OCT2026,49000.000000,1350,OPTSTK,NFO,5.000000,54001,False
65961,COALINDIA27OCT26500PE,COALINDIA,27OCT2026,50000.000000,1350,OPTSTK,NFO,5.000000,54001,False
66182,COCHINSHIP29SEP261340CE,COCHINSHIP,29SEP2026,134000.000000,400,OPTSTK,NFO,5.000000,16001,False
129501,TATASTEEL27OCT26207.5PE,TATASTEEL,27OCT2026,20750.000000,2750,OPTSTK,NFO,1.000000,137501,False
129566,TATASTEEL23NOV26195CE,TATASTEEL,23NOV2026,19500.000000,2750,OPTSTK,NFO,1.000000,137501,False
129628,MUTHOOTFIN29SEP262600PE,MUTHOOTFIN,29SEP2026,260000.000000,275,OPTSTK,NFO,5.000000,8251,False
129631,MUTHOOTFIN29SEP262700CE,MUTHOOTFIN,29SEP2026,270000.000000,275,OPTSTK,NFO,5.000000,8251,False
66212,COCHINSHIP29SEP261620PE,COCHINSHIP,29SEP2026,162000.000000,400,OPTSTK,NFO,5.000000,16001,False
66301,COCHINSHIP27OCT261280CE,COCHINSHIP,27OCT2026,128000.000000,400,OPTSTK,NFO,5.000000,16001,False
66309,COCHINSHIP27OCT261360CE,COCHINSHIP,27OCT2026,136000.000000,400,OPTSTK,NFO,5.000000,16001,False
66325,COCHINSHIP27OCT261640CE,COCHINSHIP,27OCT2026,164000.000000,400,OPTSTK,NFO,5.000000,16001,False
129638,MUTHOOTFIN29SEP263000PE,MUTHOOTFIN,29SEP2026,300000.000000,275,OPTSTK,NFO,5.000000,8251,False
129640,MUTHOOTFIN29SEP263100PE,MUTHOOTFIN,29SEP2026,310000.000000,275,OPTSTK,NFO,5.000000,8251,False
129658,TCS27OCT262020PE,TCS,27OCT2026,202000.000000,225,OPTSTK,NFO,5.000000,9001,False
129675,TCS27OCT262260CE,TCS,27OCT2026,226000.000000,225,OPTSTK,NFO,5.000000,9001,False
66412,COFORGE29SEP261740PE,COFORGE,29SEP2026,174000.000000,475,OPTSTK,NFO,5.000000,14251,False
66421,COFORGE29SEP261820CE,COFORGE,29SEP2026,182000.000000,475,OPTSTK,NFO,5.000000,14251,False
66483,COFORGE27OCT261600CE,COFORGE,27OCT2026,160000.000000,475,OPTSTK,NFO,5.000000,14251,False
66439,COFORGE29SEP262200CE,COFORGE,29SEP2026,220000.000000,475,OPTSTK,NFO,5.000000,14251,False
129723,TCS27OCT262620PE,TCS,27OCT2026,262000.000000,225,OPTSTK,NFO,5.000000,9001,False
129776,TCS23NOV262080CE,TCS,23NOV2026,208000.000000,225,OPTSTK,NFO,5.000000,9001,False
129791,TCS23NOV262360PE,TCS,23NOV2026,236000.000000,225,OPTSTK,NFO,5.000000,9001,False
129809,TCS23NOV262720PE,TCS,23NOV2026,272000.000000,225,OPTSTK,NFO,5.000000,9001,False
66524,COFORGE27OCT261720PE,COFORGE,27OCT2026,172000.000000,475,OPTSTK,NFO,5.000000,14251,False
66574,COFORGE27OCT262000PE,COFORGE,27OCT2026,200000.000000,475,OPTSTK,NFO,5.000000,14251,False
66616,COLPAL29SEP261740PE,COLPAL,29SEP2026,174000.000000,275,OPTSTK,NFO,5.000000,11001,False
66629,COLPAL29SEP262020CE,COLPAL,29SEP2026,202000.000000,275,OPTSTK,NFO,5.000000,11001,False
129890,TECHM27OCT261380CE,TECHM,27OCT2026,138000.000000,600,OPTSTK,NFO,5.000000,18001,False
129900,TECHM27OCT261580CE,TECHM,27OCT2026,158000.000000,600,OPTSTK,NFO,5.000000,18001,False
129903,TECHM27OCT261620PE,TECHM,27OCT2026,162000.000000,600,OPTSTK,NFO,5.000000,18001,False
129963,TECHM23NOV261440PE,TECHM,23NOV2026,144000.000000,600,OPTSTK,NFO,5.000000,18001,False
66805,ABB23NOV266400PE,ABB,23NOV2026,640000.000000,125,OPTSTK,NFO,5.000000,3751,False
66806,ABB23NOV266600CE,ABB,23NOV2026,660000.000000,125,OPTSTK,NFO,5.000000,3751,False
66817,COLPAL27OCT261800CE,COLPAL,27OCT2026,180000.000000,275,OPTSTK,NFO,5.000000,11001,False
66864,COLPAL27OCT262000PE,COLPAL,27OCT2026,200000.000000,275,OPTSTK,NFO,5.000000,11001,False
129967,TECHM23NOV261520PE,TECHM,23NOV2026,152000.000000,600,OPTSTK,NFO,5.000000,18001,False
129973,TECHM23NOV261640PE,TECHM,23NOV2026,164000.000000,600,OPTSTK,NFO,5.000000,18001,False
129977,TECHM23NOV261720PE,TECHM,23NOV2026,172000.000000,600,OPTSTK,NFO,5.000000,18001,False
129981,TECHM23NOV261800PE,TECHM,23NOV2026,180000.000000,600,OPTSTK,NFO,5.000000,18001,False
66887,ABB23NOV268200CE,ABB,23NOV2026,820000.000000,125,OPTSTK,NFO,5.000000,3751,False
66937,ABCAPITAL27OCT26365CE,ABCAPITAL,27OCT2026,36500.000000,3100,OPTSTK,NFO,5.000000,62001,False
66940,ABCAPITAL27OCT26375PE,ABCAPITAL,27OCT2026,37500.000000,3100,OPTSTK,NFO,5.000000,62001,False
66978,CONCOR29SEP26465PE,CONCOR,29SEP2026,46500.000000,1250,OPTSTK,NFO,5.000000,50001,False
129986,NAM-INDIA29SEP261040PE,NAM-INDIA,29SEP2026,104000.000000,625,OPTSTK,NFO,5.000000,18751,False
130000,NAM-INDIA29SEP261160PE,NAM-INDIA,29SEP2026,116000.000000,625,OPTSTK,NFO,5.000000,18751,False
130066,NATIONALUM29SEP26400PE,NATIONALUM,29SEP2026,40000.000000,1875,OPTSTK,NFO,5.000000,56251,False
130070,NATIONALUM29SEP26440PE,NATIONALUM,29SEP2026,44000.000000,1875,OPTSTK,NFO,5.000000,56251,False
66995,CONCOR29SEP26505PE,CONCOR,29SEP2026,50500.000000,1250,OPTSTK,NFO,5.000000,50001,False
67077,CONCOR29SEP26545PE,CONCOR,29SEP2026,54500.000000,1250,OPTSTK,NFO,5.000000,50001,False
67128,ABCAPITAL27OCT26425CE,ABCAPITAL,27OCT2026,42500.000000,3100,OPTSTK,NFO,5.000000,62001,False
67129,ABCAPITAL27OCT26425PE,ABCAPITAL,27OCT2026,42500.000000,3100,OPTSTK,NFO,5.000000,62001,False
130096,TIINDIA27OCT262750PE,TIINDIA,27OCT2026,275000.000000,200,OPTSTK,NFO,5.000000,8001,False
130101,TIINDIA27OCT263050CE,TIINDIA,27OCT2026,305000.000000,200,OPTSTK,NFO,5.000000,8001,False
130103,TIINDIA27OCT263150CE,TIINDIA,27OCT2026,315000.000000,200,OPTSTK,NFO,5.000000,8001,False
130177,TIINDIA23NOV262600CE,TIINDIA,23NOV2026,260000.000000,200,OPTSTK,NFO,5.000000,8001,False
67176,ABCAPITAL23NOV26350CE,ABCAPITAL,23NOV2026,35000.000000,3100,OPTSTK,NFO,5.000000,62001,False
67215,CONCOR27OCT26440CE,CONCOR,27OCT2026,44000.000000,1250,OPTSTK,NFO,5.000000,50001,False
67186,CONCOR27OCT26420CE,CONCOR,27OCT2026,42000.000000,1250,OPTSTK,NFO,5.000000,50001,False
67194,ABCAPITAL23NOV26410CE,ABCAPITAL,23NOV2026,41000.000000,3100,OPTSTK,NFO,5.000000,62001,False
130186,TIINDIA23NOV263000PE,TIINDIA,23NOV2026,300000.000000,200,OPTSTK,NFO,5.000000,8001,False
130225,TITAN27OCT264550CE,TITAN,27OCT2026,455000.000000,175,OPTSTK,NFO,5.000000,5251,False
130237,TITAN27OCT265150CE,TITAN,27OCT2026,515000.000000,175,OPTSTK,NFO,5.000000,5251,False
130293,TITAN23NOV264700CE,TITAN,23NOV2026,470000.000000,175,OPTSTK,NFO,5.000000,5251,False
67225,CONCOR27OCT26450CE,CONCOR,27OCT2026,45000.000000,1250,OPTSTK,NFO,5.000000,50001,False
67259,CONCOR27OCT26480CE,CONCOR,27OCT2026,48000.000000,1250,OPTSTK,NFO,5.000000,50001,False
67264,CONCOR27OCT26490PE,CONCOR,27OCT2026,49000.000000,1250,OPTSTK,NFO,5.000000,50001,False
67268,CONCOR27OCT26500PE,CONCOR,27OCT2026,50000.000000,1250,OPTSTK,NFO,5.000000,50001,False
130459,TMPV23NOV26290CE,TMPV,23NOV2026,29000.000000,1600,OPTSTK,NFO,5.000000,64001,False
130386,NAUKRI29SEP261240PE,NAUKRI,29SEP2026,124000.000000,550,OPTSTK,NFO,5.000000,16501,False
130388,TMPV27OCT26295CE,TMPV,27OCT2026,29500.000000,1600,OPTSTK,NFO,5.000000,64001,False
130397,NAUKRI29SEP261320CE,NAUKRI,29SEP2026,132000.000000,550,OPTSTK,NFO,5.000000,16501,False
67285,ABCAPITAL23NOV26480CE,ABCAPITAL,23NOV2026,48000.000000,3100,OPTSTK,NFO,5.000000,62001,False
67289,CONCOR27OCT26560CE,CONCOR,27OCT2026,56000.000000,1250,OPTSTK,NFO,5.000000,50001,False
67343,ADANIENSOL27OCT261460CE,ADANIENSOL,27OCT2026,146000.000000,675,OPTSTK,NFO,5.000000,13501,False
67348,ADANIENSOL27OCT261540PE,ADANIENSOL,27OCT2026,154000.000000,675,OPTSTK,NFO,5.000000,13501,False
130468,TMPV23NOV26330PE,TMPV,23NOV2026,33000.000000,1600,OPTSTK,NFO,5.000000,64001,False
130470,TMPV23NOV26340PE,TMPV,23NOV2026,34000.000000,1600,OPTSTK,NFO,5.000000,64001,False
130541,TORNTPHARM27OCT264850PE,TORNTPHARM,27OCT2026,485000.000000,125,OPTSTK,NFO,5.000000,5001,False
130547,TORNTPHARM27OCT265150PE,TORNTPHARM,27OCT2026,515000.000000,125,OPTSTK,NFO,5.000000,5001,False
67363,ADANIENSOL27OCT261620CE,ADANIENSOL,27OCT2026,162000.000000,675,OPTSTK,NFO,5.000000,13501,False
67372,ADANIENSOL27OCT261780PE,ADANIENSOL,27OCT2026,178000.000000,675,OPTSTK,NFO,5.000000,13501,False
67439,CROMPTON29SEP26215CE,CROMPTON,29SEP2026,21500.000000,2150,OPTSTK,NFO,1.000000,86001,False
67458,ADANIENSOL23NOV261200PE,ADANIENSOL,23NOV2026,120000.000000,675,OPTSTK,NFO,5.000000,13501,False
67464,ADANIENSOL23NOV261320PE,ADANIENSOL,23NOV2026,132000.000000,675,OPTSTK,NFO,5.000000,13501,False
67506,ADANIENSOL23NOV261840CE,ADANIENSOL,23NOV2026,184000.000000,675,OPTSTK,NFO,5.000000,13501,False
67529,CROMPTON27OCT26230PE,CROMPTON,27OCT2026,23000.000000,2150,OPTSTK,NFO,1.000000,86001,False
67601,CUMMINSIND29SEP265300CE,CUMMINSIND,29SEP2026,530000.000000,200,OPTSTK,NFO,5.000000,4001,False
130610,TORNTPHARM23NOV265000CE,TORNTPHARM,23NOV2026,500000.000000,125,OPTSTK,NFO,5.000000,5001,False
130613,TORNTPHARM23NOV265100PE,TORNTPHARM,23NOV2026,510000.000000,125,OPTSTK,NFO,5.000000,5001,False
130699,NBCC29SEP2695CE,NBCC,29SEP2026,9500.000000,6500,OPTSTK,NFO,1.000000,260001,False
130760,TRENT27OCT262550CE,TRENT,27OCT2026,255000.000000,225,OPTSTK,NFO,5.000000,9001,False
67610,CUMMINSIND29SEP266100CE,CUMMINSIND,29SEP2026,610000.000000,200,OPTSTK,NFO,5.000000,4001,False
67645,CUMMINSIND27OCT264400PE,CUMMINSIND,27OCT2026,440000.000000,200,OPTSTK,NFO,5.000000,4001,False
67648,CUMMINSIND27OCT264800CE,CUMMINSIND,27OCT2026,480000.000000,200,OPTSTK,NFO,5.000000,4001,False
67695,DABUR29SEP26335PE,DABUR,29SEP2026,33500.000000,1250,OPTSTK,NFO,5.000000,50001,False
130765,TRENT27OCT262750PE,TRENT,27OCT2026,275000.000000,225,OPTSTK,NFO,5.000000,9001,False
130810,TRENT23NOV262900CE,TRENT,23NOV2026,290000.000000,225,OPTSTK,NFO,5.000000,9001,False
130812,TRENT23NOV263000CE,TRENT,23NOV2026,300000.000000,225,OPTSTK,NFO,5.000000,9001,False
130847,TVSMOTOR27OCT263750PE,TVSMOTOR,27OCT2026,375000.000000,175,OPTSTK,NFO,5.000000,5251,False
67700,DABUR29SEP26365CE,DABUR,29SEP2026,36500.000000,1250,OPTSTK,NFO,5.000000,50001,False
67701,DABUR29SEP26365PE,DABUR,29SEP2026,36500.000000,1250,OPTSTK,NFO,5.000000,50001,False
67702,DABUR29SEP26375CE,DABUR,29SEP2026,37500.000000,1250,OPTSTK,NFO,5.000000,50001,False
67707,DABUR29SEP26395PE,DABUR,29SEP2026,39500.000000,1250,OPTSTK,NFO,5.000000,50001,False
130865,TVSMOTOR27OCT264250CE,TVSMOTOR,27OCT2026,425000.000000,175,OPTSTK,NFO,5.000000,5251,False
130920,TVSMOTOR23NOV263800PE,TVSMOTOR,23NOV2026,380000.000000,175,OPTSTK,NFO,5.000000,5251,False
130924,TVSMOTOR23NOV263900CE,TVSMOTOR,23NOV2026,390000.000000,175,OPTSTK,NFO,5.000000,5251,False
130933,TVSMOTOR23NOV264300PE,TVSMOTOR,23NOV2026,430000.000000,175,OPTSTK,NFO,5.000000,5251,False
67712,DABUR29SEP26425CE,DABUR,29SEP2026,42500.000000,1250,OPTSTK,NFO,5.000000,50001,False
67716,DABUR29SEP26445CE,DABUR,29SEP2026,44500.000000,1250,OPTSTK,NFO,5.000000,50001,False
67724,ADANIENT27OCT262650CE,ADANIENT,27OCT2026,265000.000000,309,OPTSTK,NFO,5.000000,9271,False
67725,DABUR29SEP26465PE,DABUR,29SEP2026,46500.000000,1250,OPTSTK,NFO,5.000000,50001,False
130943,TVSMOTOR23NOV264700CE,TVSMOTOR,23NOV2026,470000.000000,175,OPTSTK,NFO,5.000000,5251,False
131021,ULTRACEMCO27OCT269900PE,ULTRACEMCO,27OCT2026,990000.000000,50,OPTSTK,NFO,5.000000,2001,False
131041,ULTRACEMCO27OCT2611500CE,ULTRACEMCO,27OCT2026,1150000.000000,50,OPTSTK,NFO,5.000000,2001,False
131153,ULTRACEMCO23NOV269600CE,ULTRACEMCO,23NOV2026,960000.000000,50,OPTSTK,NFO,5.000000,2001,False
67731,ADANIENT27OCT262850PE,ADANIENT,27OCT2026,285000.000000,309,OPTSTK,NFO,5.000000,9271,False
67733,DABUR29SEP26475PE,DABUR,29SEP2026,47500.000000,1250,OPTSTK,NFO,5.000000,50001,False
67768,ADANIENT27OCT263350PE,ADANIENT,27OCT2026,335000.000000,309,OPTSTK,NFO,5.000000,9271,False
67770,NIFTY26DEC2818000CE,NIFTY,26DEC2028,1800000.000000,65,OPTIDX,NFO,5.000000,1801,False
131156,ULTRACEMCO23NOV269800PE,ULTRACEMCO,23NOV2026,980000.000000,50,OPTSTK,NFO,5.000000,2001,False
131188,ULTRACEMCO23NOV2611000CE,ULTRACEMCO,23NOV2026,1100000.000000,50,OPTSTK,NFO,5.000000,2001,False
131189,ULTRACEMCO23NOV2611000PE,ULTRACEMCO,23NOV2026,1100000.000000,50,OPTSTK,NFO,5.000000,2001,False
131190,ULTRACEMCO23NOV2611200CE,ULTRACEMCO,23NOV2026,1120000.000000,50,OPTSTK,NFO,5.000000,2001,False
131359,NESTLEIND29SEP261380CE,NESTLEIND,29SEP2026,138000.000000,500,OPTSTK,NFO,5.000000,15001,False
131191,ULTRACEMCO23NOV2611200PE,ULTRACEMCO,23NOV2026,1120000.000000,50,OPTSTK,NFO,5.000000,2001,False
131201,ULTRACEMCO23NOV2612200PE,ULTRACEMCO,23NOV2026,1220000.000000,50,OPTSTK,NFO,5.000000,2001,False
131202,ULTRACEMCO23NOV2612400CE,ULTRACEMCO,23NOV2026,1240000.000000,50,OPTSTK,NFO,5.000000,2001,False
67797,DABUR27OCT26320PE,DABUR,27OCT2026,32000.000000,1250,OPTSTK,NFO,5.000000,50001,False
67799,DABUR27OCT26330CE,DABUR,27OCT2026,33000.000000,1250,OPTSTK,NFO,5.000000,50001,False
67814,DABUR27OCT26370CE,DABUR,27OCT2026,37000.000000,1250,OPTSTK,NFO,5.000000,50001,False
67832,DABUR27OCT26420CE,DABUR,27OCT2026,42000.000000,1250,OPTSTK,NFO,5.000000,50001,False
131371,UNIONBANK27OCT26177.5CE,UNIONBANK,27OCT2026,17750.000000,4425,OPTSTK,NFO,1.000000,132751,False
131378,UNIONBANK27OCT26192.5PE,UNIONBANK,27OCT2026,19250.000000,4425,OPTSTK,NFO,1.000000,132751,False
131417,UNIONBANK23NOV26160CE,UNIONBANK,23NOV2026,16000.000000,4425,OPTSTK,NFO,1.000000,132751,False
131423,NESTLEIND29SEP261440PE,NESTLEIND,29SEP2026,144000.000000,500,OPTSTK,NFO,5.000000,15001,False
67833,DABUR27OCT26420PE,DABUR,27OCT2026,42000.000000,1250,OPTSTK,NFO,5.000000,50001,False
67836,DABUR27OCT26430CE,DABUR,27OCT2026,43000.000000,1250,OPTSTK,NFO,5.000000,50001,False
67899,ADANIENT23NOV263000CE,ADANIENT,23NOV2026,300000.000000,309,OPTSTK,NFO,5.000000,9271,False
67967,ADANIGREEN27OCT261180PE,ADANIGREEN,27OCT2026,118000.000000,600,OPTSTK,NFO,5.000000,18001,False
131426,UNIONBANK23NOV26175PE,UNIONBANK,23NOV2026,17500.000000,4425,OPTSTK,NFO,1.000000,132751,False
131452,NESTLEIND29SEP261640PE,NESTLEIND,29SEP2026,164000.000000,500,OPTSTK,NFO,5.000000,15001,False
131568,UNITDSPR27OCT261380PE,UNITDSPR,27OCT2026,138000.000000,400,OPTSTK,NFO,5.000000,16001,False
131573,UNITDSPR27OCT261500CE,UNITDSPR,27OCT2026,150000.000000,400,OPTSTK,NFO,5.000000,16001,False
67975,ADANIGREEN27OCT261300PE,ADANIGREEN,27OCT2026,130000.000000,600,OPTSTK,NFO,5.000000,18001,False
67977,ADANIGREEN27OCT261340PE,ADANIGREEN,27OCT2026,134000.000000,600,OPTSTK,NFO,5.000000,18001,False
67980,ADANIGREEN27OCT261420CE,ADANIGREEN,27OCT2026,142000.000000,600,OPTSTK,NFO,5.000000,18001,False
67982,ADANIGREEN27OCT261460CE,ADANIGREEN,27OCT2026,146000.000000,600,OPTSTK,NFO,5.000000,18001,False
131614,UNITDSPR23NOV261280PE,UNITDSPR,23NOV2026,128000.000000,400,OPTSTK,NFO,5.000000,16001,False
131631,UNITDSPR23NOV261560PE,UNITDSPR,23NOV2026,156000.000000,400,OPTSTK,NFO,5.000000,16001,False
131674,UNOMINDA27OCT261180CE,UNOMINDA,27OCT2026,118000.000000,550,OPTSTK,NFO,5.000000,22001,False
131676,UNOMINDA27OCT261220CE,UNOMINDA,27OCT2026,122000.000000,550,OPTSTK,NFO,5.000000,22001,False
68042,DELHIVERY29SEP26435CE,DELHIVERY,29SEP2026,43500.000000,2075,OPTSTK,NFO,5.000000,62251,False
68061,DELHIVERY29SEP26515PE,DELHIVERY,29SEP2026,51500.000000,2075,OPTSTK,NFO,5.000000,62251,False
68076,ADANIGREEN23NOV261040PE,ADANIGREEN,23NOV2026,104000.000000,600,OPTSTK,NFO,5.000000,18001,False
68109,ADANIGREEN23NOV261320CE,ADANIGREEN,23NOV2026,132000.000000,600,OPTSTK,NFO,5.000000,18001,False
131685,UNOMINDA27OCT261380PE,UNOMINDA,27OCT2026,138000.000000,550,OPTSTK,NFO,5.000000,22001,False
131764,UNOMINDA23NOV261120CE,UNOMINDA,23NOV2026,112000.000000,550,OPTSTK,NFO,5.000000,22001,False
131790,UNOMINDA23NOV261200CE,UNOMINDA,23NOV2026,120000.000000,550,OPTSTK,NFO,5.000000,22001,False
131799,UNOMINDA23NOV261360PE,UNOMINDA,23NOV2026,136000.000000,550,OPTSTK,NFO,5.000000,22001,False
68132,DELHIVERY27OCT26390PE,DELHIVERY,27OCT2026,39000.000000,2075,OPTSTK,NFO,5.000000,62251,False
68136,ADANIGREEN23NOV261480PE,ADANIGREEN,23NOV2026,148000.000000,600,OPTSTK,NFO,5.000000,18001,False
68140,DELHIVERY27OCT26400PE,DELHIVERY,27OCT2026,40000.000000,2075,OPTSTK,NFO,5.000000,62251,False
68146,DELHIVERY27OCT26430PE,DELHIVERY,27OCT2026,43000.000000,2075,OPTSTK,NFO,5.000000,62251,False
131805,NHPC29SEP2668PE,NHPC,29SEP2026,6800.000000,6950,OPTSTK,NFO,1.000000,278001,False
131806,NHPC29SEP2670CE,NHPC,29SEP2026,7000.000000,6950,OPTSTK,NFO,1.000000,278001,False
131831,NHPC29SEP2674CE,NHPC,29SEP2026,7400.000000,6950,OPTSTK,NFO,1.000000,278001,False
131841,NHPC29SEP2678CE,NHPC,29SEP2026,7800.000000,6950,OPTSTK,NFO,1.000000,278001,False
131875,NHPC29SEP2682CE,NHPC,29SEP2026,8200.000000,6950,OPTSTK,NFO,1.000000,278001,False
131897,UPL23NOV26540CE,UPL,23NOV2026,54000.000000,1355,OPTSTK,NFO,5.000000,40651,False
131942,VBL27OCT26430PE,VBL,27OCT2026,43000.000000,1275,OPTSTK,NFO,5.000000,51001,False
131943,VBL27OCT26450CE,VBL,27OCT2026,45000.000000,1275,OPTSTK,NFO,5.000000,51001,False
68147,ADANIGREEN23NOV261520CE,ADANIGREEN,23NOV2026,152000.000000,600,OPTSTK,NFO,5.000000,18001,False
68157,ADANIGREEN23NOV261600CE,ADANIGREEN,23NOV2026,160000.000000,600,OPTSTK,NFO,5.000000,18001,False
68159,DELHIVERY27OCT26470CE,DELHIVERY,27OCT2026,47000.000000,2075,OPTSTK,NFO,5.000000,62251,False
68176,DELHIVERY27OCT26500CE,DELHIVERY,27OCT2026,50000.000000,2075,OPTSTK,NFO,5.000000,62251,False
68179,DELHIVERY27OCT26500PE,DELHIVERY,27OCT2026,50000.000000,2075,OPTSTK,NFO,5.000000,62251,False
68221,ADANIPORTS27OCT261380CE,ADANIPORTS,27OCT2026,138000.000000,475,OPTSTK,NFO,5.000000,14251,False
68243,ADANIPORTS27OCT261620PE,ADANIPORTS,27OCT2026,162000.000000,475,OPTSTK,NFO,5.000000,14251,False
68272,ADANIPORTS27OCT261780PE,ADANIPORTS,27OCT2026,178000.000000,475,OPTSTK,NFO,5.000000,14251,False
131948,NHPC29SEP2688PE,NHPC,29SEP2026,8800.000000,6950,OPTSTK,NFO,1.000000,278001,False
131997,VBL23NOV26320PE,VBL,23NOV2026,32000.000000,1275,OPTSTK,NFO,5.000000,51001,False
131998,VBL23NOV26340CE,VBL,23NOV2026,34000.000000,1275,OPTSTK,NFO,5.000000,51001,False
132000,VBL23NOV26360CE,VBL,23NOV2026,36000.000000,1275,OPTSTK,NFO,5.000000,51001,False
68355,DIVISLAB29SEP267100PE,DIVISLAB,29SEP2026,710000.000000,100,OPTSTK,NFO,5.000000,3001,False
68388,DIVISLAB29SEP269100PE,DIVISLAB,29SEP2026,910000.000000,100,OPTSTK,NFO,5.000000,3001,False
68393,DIVISLAB29SEP269400CE,DIVISLAB,29SEP2026,940000.000000,100,OPTSTK,NFO,5.000000,3001,False
132010,VBL23NOV26400CE,VBL,23NOV2026,40000.000000,1275,OPTSTK,NFO,5.000000,51001,False
132058,VEDL27OCT26255CE,VEDL,27OCT2026,25500.000000,1150,OPTSTK,NFO,5.000000,80501,False
132060,VEDL27OCT26265CE,VEDL,27OCT2026,26500.000000,1150,OPTSTK,NFO,5.000000,80501,False
132232,VEDL23NOV26260CE,VEDL,23NOV2026,26000.000000,1150,OPTSTK,NFO,5.000000,80501,False
68415,ABCAPITAL29SEP26FUT,ABCAPITAL,29SEP2026,-1.000000,3100,FUTSTK,NFO,5.000000,62001,False
68416,ADANIENSOL29SEP26FUT,ADANIENSOL,29SEP2026,-1.000000,675,FUTSTK,NFO,10.000000,13501,False
68422,AMBER29SEP26FUT,AMBER,29SEP2026,-1.000000,100,FUTSTK,NFO,50.000000,3001,False
132239,VEDL23NOV26290PE,VEDL,23NOV2026,29000.000000,1150,OPTSTK,NFO,5.000000,80501,False
132248,NMDC29SEP2668CE,NMDC,29SEP2026,6800.000000,6750,OPTSTK,NFO,1.000000,270001,False
132263,NMDC29SEP2670CE,NMDC,29SEP2026,7000.000000,6750,OPTSTK,NFO,1.000000,270001,False
132268,NMDC29SEP2672CE,NMDC,29SEP2026,7200.000000,6750,OPTSTK,NFO,1.000000,270001,False
68436,BAJAJFINSV29SEP26FUT,BAJAJFINSV,29SEP2026,-1.000000,300,FUTSTK,NFO,10.000000,12001,False
68443,BANDHANBNK29SEP26FUT,BANDHANBNK,29SEP2026,-1.000000,3600,FUTSTK,NFO,1.000000,108001,False
132276,VMM27OCT2697.5PE,VMM,27OCT2026,9750.000000,4850,OPTSTK,NFO,1.000000,194001,False
132281,NMDC29SEP2676CE,NMDC,29SEP2026,7600.000000,6750,OPTSTK,NFO,1.000000,270001,False
132296,NMDC29SEP2688PE,NMDC,29SEP2026,8800.000000,6750,OPTSTK,NFO,1.000000,270001,False
132299,NMDC29SEP2692CE,NMDC,29SEP2026,9200.000000,6750,OPTSTK,NFO,1.000000,270001,False
68448,BHARATFORG29SEP26FUT,BHARATFORG,29SEP2026,-1.000000,500,FUTSTK,NFO,10.000000,10001,False
68461,CHOLAFIN29SEP26FUT,CHOLAFIN,29SEP2026,-1.000000,625,FUTSTK,NFO,10.000000,12501,False
68463,COALINDIA29SEP26FUT,COALINDIA,29SEP2026,-1.000000,1350,FUTSTK,NFO,5.000000,54001,False
132303,VMM27OCT26117.5CE,VMM,27OCT2026,11750.000000,4850,OPTSTK,NFO,1.000000,194001,False
132314,NMDC29SEP2694CE,NMDC,29SEP2026,9400.000000,6750,OPTSTK,NFO,1.000000,270001,False
132338,NMDC29SEP2698CE,NMDC,29SEP2026,9800.000000,6750,OPTSTK,NFO,1.000000,270001,False
132351,NMDC29SEP26102PE,NMDC,29SEP2026,10200.000000,6750,OPTSTK,NFO,1.000000,270001,False
68471,DELHIVERY29SEP26FUT,DELHIVERY,29SEP2026,-1.000000,2075,FUTSTK,NFO,5.000000,62251,False
68479,FEDERALBNK29SEP26FUT,FEDERALBNK,29SEP2026,-1.000000,2500,FUTSTK,NFO,5.000000,75001,False
132411,VOLTAS27OCT261060CE,VOLTAS,27OCT2026,106000.000000,375,OPTSTK,NFO,5.000000,18751,False
132417,VOLTAS27OCT261180CE,VOLTAS,27OCT2026,118000.000000,375,OPTSTK,NFO,5.000000,18751,False
132462,VOLTAS23NOV261120PE,VOLTAS,23NOV2026,112000.000000,375,OPTSTK,NFO,5.000000,18751,False
132512,WAAREEENER27OCT262450PE,WAAREEENER,27OCT2026,245000.000000,175,OPTSTK,NFO,5.000000,8751,False
68513,ADANIPORTS23NOV261400CE,ADANIPORTS,23NOV2026,140000.000000,475,OPTSTK,NFO,5.000000,14251,False
132571,NTPC29SEP26280PE,NTPC,29SEP2026,28000.000000,1500,OPTSTK,NFO,5.000000,75001,False
132575,NTPC29SEP26300PE,NTPC,29SEP2026,30000.000000,1500,OPTSTK,NFO,5.000000,75001,False
132589,NTPC29SEP26360PE,NTPC,29SEP2026,36000.000000,1500,OPTSTK,NFO,5.000000,75001,False
132594,NTPC29SEP26380PE,NTPC,29SEP2026,38000.000000,1500,OPTSTK,NFO,5.000000,75001,False
68526,ADANIPORTS23NOV261600PE,ADANIPORTS,23NOV2026,160000.000000,475,OPTSTK,NFO,5.000000,14251,False
68527,ADANIPORTS23NOV261640CE,ADANIPORTS,23NOV2026,164000.000000,475,OPTSTK,NFO,5.000000,14251,False
68529,ADANIPORTS23NOV261680CE,ADANIPORTS,23NOV2026,168000.000000,475,OPTSTK,NFO,5.000000,14251,False
68531,DIVISLAB27OCT268000PE,DIVISLAB,27OCT2026,800000.000000,100,OPTSTK,NFO,5.000000,3001,False
132624,WAAREEENER23NOV262500PE,WAAREEENER,23NOV2026,250000.000000,175,OPTSTK,NFO,5.000000,8751,False
132625,WAAREEENER23NOV262600CE,WAAREEENER,23NOV2026,260000.000000,175,OPTSTK,NFO,5.000000,8751,False
132629,WAAREEENER23NOV262800CE,WAAREEENER,23NOV2026,280000.000000,175,OPTSTK,NFO,5.000000,8751,False
132677,WIPRO27OCT26152.5CE,WIPRO,27OCT2026,15250.000000,3000,OPTSTK,NFO,1.000000,120001,False
68540,HINDZINC29SEP26FUT,HINDZINC,29SEP2026,-1.000000,1225,FUTSTK,NFO,5.000000,36751,False
68546,IDFCFIRSTB29SEP26FUT,IDFCFIRSTB,29SEP2026,-1.000000,9275,FUTSTK,NFO,1.000000,278251,False
68549,INDIANB29SEP26FUT,INDIANB,29SEP2026,-1.000000,1000,FUTSTK,NFO,5.000000,30001,False
68552,INDUSTOWER29SEP26FUT,INDUSTOWER,29SEP2026,-1.000000,1700,FUTSTK,NFO,5.000000,68001,False
132679,WIPRO27OCT26157.5CE,WIPRO,27OCT2026,15750.000000,3000,OPTSTK,NFO,1.000000,120001,False
132689,WIPRO27OCT26182.5CE,WIPRO,27OCT2026,18250.000000,3000,OPTSTK,NFO,1.000000,120001,False
132693,WIPRO27OCT26192.5CE,WIPRO,27OCT2026,19250.000000,3000,OPTSTK,NFO,1.000000,120001,False
132697,WIPRO27OCT26197.5CE,WIPRO,27OCT2026,19750.000000,3000,OPTSTK,NFO,1.000000,120001,False
68563,JSWENERGY29SEP26FUT,JSWENERGY,29SEP2026,-1.000000,1075,FUTSTK,NFO,5.000000,43001,False
68567,DIVISLAB27OCT268200CE,DIVISLAB,27OCT2026,820000.000000,100,OPTSTK,NFO,5.000000,3001,False
68568,DIVISLAB27OCT268200PE,DIVISLAB,27OCT2026,820000.000000,100,OPTSTK,NFO,5.000000,3001,False
132700,WIPRO27OCT26197.5PE,WIPRO,27OCT2026,19750.000000,3000,OPTSTK,NFO,1.000000,120001,False
132714,NYKAA29SEP26280CE,NYKAA,29SEP2026,28000.000000,3125,OPTSTK,NFO,5.000000,93751,False
132775,WIPRO23NOV26150CE,WIPRO,23NOV2026,15000.000000,3000,OPTSTK,NFO,1.000000,120001,False
132786,WIPRO23NOV26175PE,WIPRO,23NOV2026,17500.000000,3000,OPTSTK,NFO,1.000000,120001,False
68581,ADANIPORTS23NOV261920PE,ADANIPORTS,23NOV2026,192000.000000,475,OPTSTK,NFO,5.000000,14251,False
68584,DIVISLAB27OCT268800PE,DIVISLAB,27OCT2026,880000.000000,100,OPTSTK,NFO,5.000000,3001,False
68589,ADANIPORTS23NOV262000PE,ADANIPORTS,23NOV2026,200000.000000,475,OPTSTK,NFO,5.000000,14251,False
68619,LODHA29SEP26FUT,LODHA,29SEP2026,-1.000000,625,FUTSTK,NFO,10.000000,18751,False
132794,WIPRO23NOV26195PE,WIPRO,23NOV2026,19500.000000,3000,OPTSTK,NFO,1.000000,120001,False
132799,WIPRO23NOV26210CE,WIPRO,23NOV2026,21000.000000,3000,OPTSTK,NFO,1.000000,120001,False
132829,YESBANK27OCT2625CE,YESBANK,27OCT2026,2500.000000,31100,OPTSTK,NFO,1.000000,933001,False
132878,YESBANK23NOV2624CE,YESBANK,23NOV2026,2400.000000,31100,OPTSTK,NFO,1.000000,933001,False
68677,ADANIPOWER27OCT26175PE,ADANIPOWER,27OCT2026,17500.000000,3550,OPTSTK,NFO,1.000000,106501,False
132880,YESBANK23NOV2626CE,YESBANK,23NOV2026,2600.000000,31100,OPTSTK,NFO,1.000000,933001,False
132984,NYKAA29SEP26370CE,NYKAA,29SEP2026,37000.000000,3125,OPTSTK,NFO,5.000000,93751,False
132985,NYKAA29SEP26370PE,NYKAA,29SEP2026,37000.000000,3125,OPTSTK,NFO,5.000000,93751,False
133001,ZYDUSLIFE27OCT261230CE,ZYDUSLIFE,27OCT2026,123000.000000,900,OPTSTK,NFO,5.000000,27001,False
68721,DIXON29SEP2612250CE,DIXON,29SEP2026,1225000.000000,50,OPTSTK,NFO,5.000000,1501,False
68743,NBCC29SEP26FUT,NBCC,29SEP2026,-1.000000,6500,FUTSTK,NFO,1.000000,260001,False
133076,ZYDUSLIFE23NOV261000CE,ZYDUSLIFE,23NOV2026,100000.000000,900,OPTSTK,NFO,5.000000,27001,False
133108,ZYDUSLIFE23NOV261220CE,ZYDUSLIFE,23NOV2026,122000.000000,900,OPTSTK,NFO,5.000000,27001,False
133209,OBEROIRLTY29SEP261560CE,OBEROIRLTY,29SEP2026,156000.000000,350,OPTSTK,NFO,5.000000,14001,False
133286,OBEROIRLTY29SEP262080CE,OBEROIRLTY,29SEP2026,208000.000000,350,OPTSTK,NFO,5.000000,14001,False
68760,PETRONET29SEP26FUT,PETRONET,29SEP2026,-1.000000,1900,FUTSTK,NFO,5.000000,76001,False
68761,PFC29SEP26FUT,PFC,29SEP2026,-1.000000,1300,FUTSTK,NFO,5.000000,52001,False
133910,OFSS29SEP2611000CE,OFSS,29SEP2026,1100000.000000,100,OPTSTK,NFO,5.000000,2001,False
133970,OFSS29SEP2611600CE,OFSS,29SEP2026,1160000.000000,100,OPTSTK,NFO,5.000000,2001,False
133973,OFSS29SEP2611800PE,OFSS,29SEP2026,1180000.000000,100,OPTSTK,NFO,5.000000,2001,False
133988,OFSS29SEP2612800CE,OFSS,29SEP2026,1280000.000000,100,OPTSTK,NFO,5.000000,2001,False
68777,RELIANCE29SEP26FUT,RELIANCE,29SEP2026,-1.000000,500,FUTSTK,NFO,10.000000,20001,False
133992,OFSS29SEP2613200CE,OFSS,29SEP2026,1320000.000000,100,OPTSTK,NFO,5.000000,2001,False
134264,OIL29SEP26400PE,OIL,29SEP2026,40000.000000,1400,OPTSTK,NFO,5.000000,56001,False
134361,OIL29SEP26500PE,OIL,29SEP2026,50000.000000,1400,OPTSTK,NFO,5.000000,56001,False
134849,ONGC29SEP26215PE,ONGC,29SEP2026,21500.000000,2250,OPTSTK,NFO,1.000000,90001,False
68790,SUPREMEIND29SEP26FUT,SUPREMEIND,29SEP2026,-1.000000,175,FUTSTK,NFO,10.000000,7001,False
68795,TATAPOWER29SEP26FUT,TATAPOWER,29SEP2026,-1.000000,1450,FUTSTK,NFO,5.000000,58001,False
68798,TECHM29SEP26FUT,TECHM,29SEP2026,-1.000000,600,FUTSTK,NFO,10.000000,18001,False
134889,ONGC29SEP26270CE,ONGC,29SEP2026,27000.000000,2250,OPTSTK,NFO,1.000000,90001,False
135058,PAGEIND29SEP2634000PE,PAGEIND,29SEP2026,3400000.000000,20,OPTSTK,NFO,5.000000,601,False
135163,PAGEIND29SEP2644000CE,PAGEIND,29SEP2026,4400000.000000,20,OPTSTK,NFO,5.000000,601,False
135676,PATANJALI29SEP26370PE,PATANJALI,29SEP2026,37000.000000,1075,OPTSTK,NFO,5.000000,64501,False
68800,TITAN29SEP26FUT,TITAN,29SEP2026,-1.000000,175,FUTSTK,NFO,50.000000,5251,False
68813,ADANIPOWER23NOV26200PE,ADANIPOWER,23NOV2026,20000.000000,3550,OPTSTK,NFO,1.000000,106501,False
68814,ADANIPOWER23NOV26210CE,ADANIPOWER,23NOV2026,21000.000000,3550,OPTSTK,NFO,1.000000,106501,False
68821,ADANIPOWER23NOV26240PE,ADANIPOWER,23NOV2026,24000.000000,3550,OPTSTK,NFO,1.000000,106501,False
68863,UPL29SEP26FUT,UPL,29SEP2026,-1.000000,1355,FUTSTK,NFO,5.000000,40651,False
68903,ALKEM27OCT264950PE,ALKEM,27OCT2026,495000.000000,125,OPTSTK,NFO,5.000000,5001,False
135678,PATANJALI29SEP26380PE,PATANJALI,29SEP2026,38000.000000,1075,OPTSTK,NFO,5.000000,64501,False
135927,PAYTM29SEP261320PE,PAYTM,29SEP2026,132000.000000,725,OPTSTK,NFO,5.000000,14501,False
135934,PAYTM29SEP261480CE,PAYTM,29SEP2026,148000.000000,725,OPTSTK,NFO,5.000000,14501,False
136067,PERSISTENT29SEP266200CE,PERSISTENT,29SEP2026,620000.000000,125,OPTSTK,NFO,5.000000,3751,False
68907,ALKEM27OCT265150PE,ALKEM,27OCT2026,515000.000000,125,OPTSTK,NFO,5.000000,5001,False
68923,ALKEM27OCT265550PE,ALKEM,27OCT2026,555000.000000,125,OPTSTK,NFO,5.000000,5001,False
68939,DIXON27OCT2612000PE,DIXON,27OCT2026,1200000.000000,50,OPTSTK,NFO,5.000000,1501,False
68940,ALKEM27OCT265750CE,ALKEM,27OCT2026,575000.000000,125,OPTSTK,NFO,5.000000,5001,False
136120,PETRONET29SEP26270PE,PETRONET,29SEP2026,27000.000000,1900,OPTSTK,NFO,5.000000,76001,False
136231,PETRONET29SEP26330CE,PETRONET,29SEP2026,33000.000000,1900,OPTSTK,NFO,5.000000,76001,False
136496,PFC29SEP26310PE,PFC,29SEP2026,31000.000000,1300,OPTSTK,NFO,5.000000,52001,False
136523,PFC29SEP26330PE,PFC,29SEP2026,33000.000000,1300,OPTSTK,NFO,5.000000,52001,False
68944,DIXON27OCT2612500CE,DIXON,27OCT2026,1250000.000000,50,OPTSTK,NFO,5.000000,1501,False
68950,DIXON27OCT2614000CE,DIXON,27OCT2026,1400000.000000,50,OPTSTK,NFO,5.000000,1501,False
68964,DIXON27OCT2617000CE,DIXON,27OCT2026,1700000.000000,50,OPTSTK,NFO,5.000000,1501,False
69029,ALKEM23NOV264200PE,ALKEM,23NOV2026,420000.000000,125,OPTSTK,NFO,5.000000,5001,False
136771,PFC29SEP26410PE,PFC,29SEP2026,41000.000000,1300,OPTSTK,NFO,5.000000,52001,False
136781,PFC29SEP26460PE,PFC,29SEP2026,46000.000000,1300,OPTSTK,NFO,5.000000,52001,False
136783,PFC29SEP26470PE,PFC,29SEP2026,47000.000000,1300,OPTSTK,NFO,5.000000,52001,False
137179,PGEL29SEP26460CE,PGEL,29SEP2026,46000.000000,950,OPTSTK,NFO,5.000000,38001,False
69050,ALKEM23NOV265300CE,ALKEM,23NOV2026,530000.000000,125,OPTSTK,NFO,5.000000,5001,False
69061,ALKEM23NOV265700CE,ALKEM,23NOV2026,570000.000000,125,OPTSTK,NFO,5.000000,5001,False
69065,ALKEM23NOV265900CE,ALKEM,23NOV2026,590000.000000,125,OPTSTK,NFO,5.000000,5001,False
69071,ALKEM23NOV266200CE,ALKEM,23NOV2026,620000.000000,125,OPTSTK,NFO,5.000000,5001,False
137203,PGEL29SEP26600CE,PGEL,29SEP2026,60000.000000,950,OPTSTK,NFO,5.000000,38001,False
137206,PGEL29SEP26620PE,PGEL,29SEP2026,62000.000000,950,OPTSTK,NFO,5.000000,38001,False
137548,PHOENIXLTD29SEP261680CE,PHOENIXLTD,29SEP2026,168000.000000,350,OPTSTK,NFO,5.000000,14001,False
137570,PHOENIXLTD29SEP261720CE,PHOENIXLTD,29SEP2026,172000.000000,350,OPTSTK,NFO,5.000000,14001,False
69125,DLF29SEP26670PE,DLF,29SEP2026,67000.000000,950,OPTSTK,NFO,5.000000,38001,False
69126,DLF29SEP26690CE,DLF,29SEP2026,69000.000000,950,OPTSTK,NFO,5.000000,38001,False
69161,DLF27OCT26580PE,DLF,27OCT2026,58000.000000,950,OPTSTK,NFO,5.000000,38001,False
69179,DLF27OCT26740PE,DLF,27OCT2026,74000.000000,950,OPTSTK,NFO,5.000000,38001,False
137624,PHOENIXLTD29SEP262040PE,PHOENIXLTD,29SEP2026,204000.000000,350,OPTSTK,NFO,5.000000,14001,False
137625,PHOENIXLTD29SEP262080CE,PHOENIXLTD,29SEP2026,208000.000000,350,OPTSTK,NFO,5.000000,14001,False
137751,PIDILITIND29SEP261400PE,PIDILITIND,29SEP2026,140000.000000,500,OPTSTK,NFO,5.000000,15001,False
137786,PIDILITIND29SEP261480PE,PIDILITIND,29SEP2026,148000.000000,500,OPTSTK,NFO,5.000000,15001,False
69313,AMBER23NOV266400CE,AMBER,23NOV2026,640000.000000,100,OPTSTK,NFO,5.000000,3001,False
69361,DMART29SEP263650PE,DMART,29SEP2026,365000.000000,150,OPTSTK,NFO,5.000000,6001,False
69366,DMART29SEP263950CE,DMART,29SEP2026,395000.000000,150,OPTSTK,NFO,5.000000,6001,False
69389,AMBER23NOV266600CE,AMBER,23NOV2026,660000.000000,100,OPTSTK,NFO,5.000000,3001,False
137791,PIDILITIND29SEP261600CE,PIDILITIND,29SEP2026,160000.000000,500,OPTSTK,NFO,5.000000,15001,False
137794,PIDILITIND29SEP261640PE,PIDILITIND,29SEP2026,164000.000000,500,OPTSTK,NFO,5.000000,15001,False
137801,PIDILITIND29SEP261800CE,PIDILITIND,29SEP2026,180000.000000,500,OPTSTK,NFO,5.000000,15001,False
137808,PIDILITIND29SEP261880PE,PIDILITIND,29SEP2026,188000.000000,500,OPTSTK,NFO,5.000000,15001,False
69667,BANKNIFTY29SEP2652000PE,BANKNIFTY,29SEP2026,5200000.000000,30,OPTIDX,NFO,5.000000,601,False
69437,AMBER23NOV268800CE,AMBER,23NOV2026,880000.000000,100,OPTSTK,NFO,5.000000,3001,False
69575,DMART29SEP264250CE,DMART,29SEP2026,425000.000000,150,OPTSTK,NFO,5.000000,6001,False
69578,DMART29SEP264350PE,DMART,29SEP2026,435000.000000,150,OPTSTK,NFO,5.000000,6001,False
138374,PIIND29SEP262000PE,PIIND,29SEP2026,200000.000000,175,OPTSTK,NFO,5.000000,8751,False
138383,PIIND29SEP262300PE,PIIND,29SEP2026,230000.000000,175,OPTSTK,NFO,5.000000,8751,False
138394,PIIND29SEP262900CE,PIIND,29SEP2026,290000.000000,175,OPTSTK,NFO,5.000000,8751,False
138918,PNB29SEP26102PE,PNB,29SEP2026,10200.000000,8000,OPTSTK,NFO,1.000000,240001,False
69668,BANKNIFTY29SEP2652100CE,BANKNIFTY,29SEP2026,5210000.000000,30,OPTIDX,NFO,5.000000,601,False
69670,BANKNIFTY29SEP2652200CE,BANKNIFTY,29SEP2026,5220000.000000,30,OPTIDX,NFO,5.000000,601,False
69690,BANKNIFTY29SEP2653300CE,BANKNIFTY,29SEP2026,5330000.000000,30,OPTIDX,NFO,5.000000,601,False
69692,BANKNIFTY29SEP2653400CE,BANKNIFTY,29SEP2026,5340000.000000,30,OPTIDX,NFO,5.000000,601,False
139016,PNB29SEP26116PE,PNB,29SEP2026,11600.000000,8000,OPTSTK,NFO,1.000000,240001,False
139046,PNB29SEP26126CE,PNB,29SEP2026,12600.000000,8000,OPTSTK,NFO,1.000000,240001,False
139160,PNBHOUSING29SEP26960PE,PNBHOUSING,29SEP2026,96000.000000,650,OPTSTK,NFO,5.000000,19501,False
139170,PNBHOUSING29SEP261040PE,PNBHOUSING,29SEP2026,104000.000000,650,OPTSTK,NFO,5.000000,19501,False
69706,BANKNIFTY29SEP2654200CE,BANKNIFTY,29SEP2026,5420000.000000,30,OPTIDX,NFO,5.000000,601,False
69710,BANKNIFTY29SEP2654400CE,BANKNIFTY,29SEP2026,5440000.000000,30,OPTIDX,NFO,5.000000,601,False
69713,AMBUJACEM27OCT26435PE,AMBUJACEM,27OCT2026,43500.000000,1200,OPTSTK,NFO,5.000000,60001,False
69715,AMBUJACEM27OCT26445PE,AMBUJACEM,27OCT2026,44500.000000,1200,OPTSTK,NFO,5.000000,60001,False
139235,PNBHOUSING29SEP261120CE,PNBHOUSING,29SEP2026,112000.000000,650,OPTSTK,NFO,5.000000,19501,False
139240,PNBHOUSING29SEP261200CE,PNBHOUSING,29SEP2026,120000.000000,650,OPTSTK,NFO,5.000000,19501,False
139284,PNBHOUSING29SEP261360CE,PNBHOUSING,29SEP2026,136000.000000,650,OPTSTK,NFO,5.000000,19501,False
139604,POLICYBZR29SEP261400PE,POLICYBZR,29SEP2026,140000.000000,350,OPTSTK,NFO,5.000000,14001,False
69780,BANKNIFTY29SEP2655600PE,BANKNIFTY,29SEP2026,5560000.000000,30,OPTIDX,NFO,5.000000,601,False
69781,BANKNIFTY29SEP2655700CE,BANKNIFTY,29SEP2026,5570000.000000,30,OPTIDX,NFO,5.000000,601,False
69793,BANKNIFTY29SEP2656100CE,BANKNIFTY,29SEP2026,5610000.000000,30,OPTIDX,NFO,5.000000,601,False
69808,BANKNIFTY29SEP2656800CE,BANKNIFTY,29SEP2026,5680000.000000,30,OPTIDX,NFO,5.000000,601,False
139628,POLICYBZR29SEP261800PE,POLICYBZR,29SEP2026,180000.000000,350,OPTSTK,NFO,5.000000,14001,False
139642,POLICYBZR29SEP262080PE,POLICYBZR,29SEP2026,208000.000000,350,OPTSTK,NFO,5.000000,14001,False
140282,POLYCAB29SEP267400CE,POLYCAB,29SEP2026,740000.000000,125,OPTSTK,NFO,5.000000,2501,False
140285,POLYCAB29SEP267600PE,POLYCAB,29SEP2026,760000.000000,125,OPTSTK,NFO,5.000000,2501,False
69817,BANKNIFTY29SEP2657300CE,BANKNIFTY,29SEP2026,5730000.000000,30,OPTIDX,NFO,5.000000,601,False
69826,BANKNIFTY29SEP2657700CE,BANKNIFTY,29SEP2026,5770000.000000,30,OPTIDX,NFO,5.000000,601,False
69832,BANKNIFTY29SEP2657900CE,BANKNIFTY,29SEP2026,5790000.000000,30,OPTIDX,NFO,5.000000,601,False
69833,BANKNIFTY29SEP2657900PE,BANKNIFTY,29SEP2026,5790000.000000,30,OPTIDX,NFO,5.000000,601,False
140293,POLYCAB29SEP268400PE,POLYCAB,29SEP2026,840000.000000,125,OPTSTK,NFO,5.000000,2501,False
140327,POLYCAB29SEP269200PE,POLYCAB,29SEP2026,920000.000000,125,OPTSTK,NFO,5.000000,2501,False
140347,POLYCAB29SEP2610000CE,POLYCAB,29SEP2026,1000000.000000,125,OPTSTK,NFO,5.000000,2501,False
140348,POLYCAB29SEP2610000PE,POLYCAB,29SEP2026,1000000.000000,125,OPTSTK,NFO,5.000000,2501,False
69836,DMART27OCT263600CE,DMART,27OCT2026,360000.000000,150,OPTSTK,NFO,5.000000,6001,False
69844,DMART27OCT263700CE,DMART,27OCT2026,370000.000000,150,OPTSTK,NFO,5.000000,6001,False
69851,BANKNIFTY29SEP2658400PE,BANKNIFTY,29SEP2026,5840000.000000,30,OPTIDX,NFO,5.000000,601,False
69863,DMART27OCT264100PE,DMART,27OCT2026,410000.000000,150,OPTSTK,NFO,5.000000,6001,False
140373,POLYCAB29SEP2610200PE,POLYCAB,29SEP2026,1020000.000000,125,OPTSTK,NFO,5.000000,2501,False
140789,POWERGRID29SEP26220CE,POWERGRID,29SEP2026,22000.000000,1900,OPTSTK,NFO,5.000000,76001,False
140793,POWERGRID29SEP26225CE,POWERGRID,29SEP2026,22500.000000,1900,OPTSTK,NFO,5.000000,76001,False
140812,POWERGRID29SEP26230PE,POWERGRID,29SEP2026,23000.000000,1900,OPTSTK,NFO,5.000000,76001,False
69873,BANKNIFTY29SEP2658900PE,BANKNIFTY,29SEP2026,5890000.000000,30,OPTIDX,NFO,5.000000,601,False
69922,AMBUJACEM23NOV26400PE,AMBUJACEM,23NOV2026,40000.000000,1200,OPTSTK,NFO,5.000000,60001,False
69896,BANKNIFTY29SEP2659000PE,BANKNIFTY,29SEP2026,5900000.000000,30,OPTIDX,NFO,5.000000,601,False
69916,BANKNIFTY29SEP2659300PE,BANKNIFTY,29SEP2026,5930000.000000,30,OPTIDX,NFO,5.000000,601,False
140820,POWERGRID29SEP26250PE,POWERGRID,29SEP2026,25000.000000,1900,OPTSTK,NFO,5.000000,76001,False
140823,POWERGRID29SEP26260CE,POWERGRID,29SEP2026,26000.000000,1900,OPTSTK,NFO,5.000000,76001,False
140828,POWERGRID29SEP26270PE,POWERGRID,29SEP2026,27000.000000,1900,OPTSTK,NFO,5.000000,76001,False
140839,POWERGRID29SEP26285PE,POWERGRID,29SEP2026,28500.000000,1900,OPTSTK,NFO,5.000000,76001,False
69928,AMBUJACEM23NOV26430PE,AMBUJACEM,23NOV2026,43000.000000,1200,OPTSTK,NFO,5.000000,60001,False
69978,ANGELONE27OCT26275PE,ANGELONE,27OCT2026,27500.000000,2500,OPTSTK,NFO,5.000000,75001,False
70000,DMART27OCT264500PE,DMART,27OCT2026,450000.000000,150,OPTSTK,NFO,5.000000,6001,False
70016,BANKNIFTY29SEP2660300PE,BANKNIFTY,29SEP2026,6030000.000000,30,OPTIDX,NFO,5.000000,601,False
140842,POWERGRID29SEP26295CE,POWERGRID,29SEP2026,29500.000000,1900,OPTSTK,NFO,5.000000,76001,False
140896,POWERGRID29SEP26310CE,POWERGRID,29SEP2026,31000.000000,1900,OPTSTK,NFO,5.000000,76001,False
140902,POWERGRID29SEP26320CE,POWERGRID,29SEP2026,32000.000000,1900,OPTSTK,NFO,5.000000,76001,False
140937,POWERGRID29SEP26330PE,POWERGRID,29SEP2026,33000.000000,1900,OPTSTK,NFO,5.000000,76001,False
70043,BANKNIFTY29SEP2661700CE,BANKNIFTY,29SEP2026,6170000.000000,30,OPTIDX,NFO,5.000000,601,False
70086,BANKNIFTY29SEP2662500CE,BANKNIFTY,29SEP2026,6250000.000000,30,OPTIDX,NFO,5.000000,601,False
70093,BANKNIFTY29SEP2662800CE,BANKNIFTY,29SEP2026,6280000.000000,30,OPTIDX,NFO,5.000000,601,False
70095,BANKNIFTY29SEP2662900CE,BANKNIFTY,29SEP2026,6290000.000000,30,OPTIDX,NFO,5.000000,601,False
141696,POWERINDIA29SEP2631000CE,POWERINDIA,29SEP2026,3100000.000000,25,OPTSTK,NFO,5.000000,751,False
141698,POWERINDIA29SEP2632000CE,POWERINDIA,29SEP2026,3200000.000000,25,OPTSTK,NFO,5.000000,751,False
141699,POWERINDIA29SEP2632000PE,POWERINDIA,29SEP2026,3200000.000000,25,OPTSTK,NFO,5.000000,751,False
141708,POWERINDIA29SEP2637000CE,POWERINDIA,29SEP2026,3700000.000000,25,OPTSTK,NFO,5.000000,751,False
70098,BANKNIFTY29SEP2663100PE,BANKNIFTY,29SEP2026,6310000.000000,30,OPTIDX,NFO,5.000000,601,False
70101,BANKNIFTY29SEP2663300CE,BANKNIFTY,29SEP2026,6330000.000000,30,OPTIDX,NFO,5.000000,601,False
70116,BANKNIFTY29SEP2664000PE,BANKNIFTY,29SEP2026,6400000.000000,30,OPTIDX,NFO,5.000000,601,False
70119,BANKNIFTY29SEP2664200CE,BANKNIFTY,29SEP2026,6420000.000000,30,OPTIDX,NFO,5.000000,601,False
141712,POWERINDIA29SEP2639000CE,POWERINDIA,29SEP2026,3900000.000000,25,OPTSTK,NFO,5.000000,751,False
141939,PREMIERENE29SEP26800PE,PREMIERENE,29SEP2026,80000.000000,650,OPTSTK,NFO,5.000000,26001,False
141941,PREMIERENE29SEP26840PE,PREMIERENE,29SEP2026,84000.000000,650,OPTSTK,NFO,5.000000,26001,False
141942,PREMIERENE29SEP26880CE,PREMIERENE,29SEP2026,88000.000000,650,OPTSTK,NFO,5.000000,26001,False
70206,DRREDDY29SEP261050CE,DRREDDY,29SEP2026,105000.000000,625,OPTSTK,NFO,5.000000,18751,False
70225,ANGELONE23NOV26220CE,ANGELONE,23NOV2026,22000.000000,2500,OPTSTK,NFO,5.000000,75001,False
70288,ANGELONE23NOV26350PE,ANGELONE,23NOV2026,35000.000000,2500,OPTSTK,NFO,5.000000,75001,False
70397,APLAPOLLO27OCT261980PE,APLAPOLLO,27OCT2026,198000.000000,350,OPTSTK,NFO,5.000000,10501,False
141943,PREMIERENE29SEP26880PE,PREMIERENE,29SEP2026,88000.000000,650,OPTSTK,NFO,5.000000,26001,False
141949,PREMIERENE29SEP261000PE,PREMIERENE,29SEP2026,100000.000000,650,OPTSTK,NFO,5.000000,26001,False
142196,PRESTIGE29SEP261240CE,PRESTIGE,29SEP2026,124000.000000,450,OPTSTK,NFO,5.000000,13501,False
142204,PRESTIGE29SEP261400CE,PRESTIGE,29SEP2026,140000.000000,450,OPTSTK,NFO,5.000000,13501,False
70400,DRREDDY29SEP261090PE,DRREDDY,29SEP2026,109000.000000,625,OPTSTK,NFO,5.000000,18751,False
70401,DRREDDY29SEP261110CE,DRREDDY,29SEP2026,111000.000000,625,OPTSTK,NFO,5.000000,18751,False
70403,DRREDDY29SEP261130CE,DRREDDY,29SEP2026,113000.000000,625,OPTSTK,NFO,5.000000,18751,False
70405,DRREDDY29SEP261150CE,DRREDDY,29SEP2026,115000.000000,625,OPTSTK,NFO,5.000000,18751,False
142225,PRESTIGE29SEP261640PE,PRESTIGE,29SEP2026,164000.000000,450,OPTSTK,NFO,5.000000,13501,False
142231,PRESTIGE29SEP261760PE,PRESTIGE,29SEP2026,176000.000000,450,OPTSTK,NFO,5.000000,13501,False
142235,PRESTIGE29SEP261840PE,PRESTIGE,29SEP2026,184000.000000,450,OPTSTK,NFO,5.000000,13501,False
142579,RADICO29SEP264400PE,RADICO,29SEP2026,440000.000000,150,OPTSTK,NFO,5.000000,6001,False
70468,APLAPOLLO27OCT262140CE,APLAPOLLO,27OCT2026,214000.000000,350,OPTSTK,NFO,5.000000,10501,False
70657,APLAPOLLO23NOV261960PE,APLAPOLLO,23NOV2026,196000.000000,350,OPTSTK,NFO,5.000000,10501,False
70660,APLAPOLLO23NOV262040CE,APLAPOLLO,23NOV2026,204000.000000,350,OPTSTK,NFO,5.000000,10501,False
70668,APLAPOLLO23NOV262200CE,APLAPOLLO,23NOV2026,220000.000000,350,OPTSTK,NFO,5.000000,10501,False
143341,RBLBANK29SEP26340CE,RBLBANK,29SEP2026,34000.000000,3175,OPTSTK,NFO,5.000000,63501,False
143352,RBLBANK29SEP26350PE,RBLBANK,29SEP2026,35000.000000,3175,OPTSTK,NFO,5.000000,63501,False
143359,RBLBANK29SEP26370CE,RBLBANK,29SEP2026,37000.000000,3175,OPTSTK,NFO,5.000000,63501,False
143362,RBLBANK29SEP26380PE,RBLBANK,29SEP2026,38000.000000,3175,OPTSTK,NFO,5.000000,63501,False
70681,APLAPOLLO23NOV262280PE,APLAPOLLO,23NOV2026,228000.000000,350,OPTSTK,NFO,5.000000,10501,False
70694,APLAPOLLO23NOV262440CE,APLAPOLLO,23NOV2026,244000.000000,350,OPTSTK,NFO,5.000000,10501,False
70779,DRREDDY27OCT261000PE,DRREDDY,27OCT2026,100000.000000,625,OPTSTK,NFO,5.000000,18751,False
70799,BANKNIFTY29JUN2761500PE,BANKNIFTY,29JUN2027,6150000.000000,30,OPTIDX,NFO,5.000000,601,False
143602,RECLTD29SEP26260PE,RECLTD,29SEP2026,26000.000000,1575,OPTSTK,NFO,5.000000,63001,False
143605,RECLTD29SEP26280CE,RECLTD,29SEP2026,28000.000000,1575,OPTSTK,NFO,5.000000,63001,False
143681,RECLTD29SEP26320CE,RECLTD,29SEP2026,32000.000000,1575,OPTSTK,NFO,5.000000,63001,False
143684,RECLTD29SEP26330PE,RECLTD,29SEP2026,33000.000000,1575,OPTSTK,NFO,5.000000,63001,False
70802,BANKNIFTY29JUN2764500CE,BANKNIFTY,29JUN2027,6450000.000000,30,OPTIDX,NFO,5.000000,601,False
70829,APOLLOHOSP27OCT268300CE,APOLLOHOSP,27OCT2026,830000.000000,125,OPTSTK,NFO,5.000000,2501,False
70844,APOLLOHOSP27OCT269700PE,APOLLOHOSP,27OCT2026,970000.000000,125,OPTSTK,NFO,5.000000,2501,False
70902,DRREDDY27OCT261120PE,DRREDDY,27OCT2026,112000.000000,625,OPTSTK,NFO,5.000000,18751,False
144387,RELIANCE29SEP261200PE,RELIANCE,29SEP2026,120000.000000,500,OPTSTK,NFO,5.000000,20001,False
144388,RELIANCE29SEP261220CE,RELIANCE,29SEP2026,122000.000000,500,OPTSTK,NFO,5.000000,20001,False
144408,RELIANCE29SEP261420CE,RELIANCE,29SEP2026,142000.000000,500,OPTSTK,NFO,5.000000,20001,False
144467,RELIANCE29SEP261420PE,RELIANCE,29SEP2026,142000.000000,500,OPTSTK,NFO,5.000000,20001,False
70918,DRREDDY27OCT261280PE,DRREDDY,27OCT2026,128000.000000,625,OPTSTK,NFO,5.000000,18751,False
70930,DRREDDY27OCT261380PE,DRREDDY,27OCT2026,138000.000000,625,OPTSTK,NFO,5.000000,18751,False
70964,APOLLOHOSP23NOV267600PE,APOLLOHOSP,23NOV2026,760000.000000,125,OPTSTK,NFO,5.000000,2501,False
70981,APOLLOHOSP23NOV269400CE,APOLLOHOSP,23NOV2026,940000.000000,125,OPTSTK,NFO,5.000000,2501,False
144485,RELIANCE29SEP261460PE,RELIANCE,29SEP2026,146000.000000,500,OPTSTK,NFO,5.000000,20001,False
144817,RVNL29SEP26170CE,RVNL,29SEP2026,17000.000000,1925,OPTSTK,NFO,1.000000,96251,False
144856,RVNL29SEP26210CE,RVNL,29SEP2026,21000.000000,1925,OPTSTK,NFO,1.000000,96251,False
145465,SAIL29SEP26150CE,SAIL,29SEP2026,15000.000000,4700,OPTSTK,NFO,1.000000,141001,False
71027,ASHOKLEY27OCT26162.5CE,ASHOKLEY,27OCT2026,16250.000000,5000,OPTSTK,NFO,1.000000,150001,False
71029,ASHOKLEY27OCT26167.5CE,ASHOKLEY,27OCT2026,16750.000000,5000,OPTSTK,NFO,1.000000,150001,False
71035,ASHOKLEY27OCT26182.5CE,ASHOKLEY,27OCT2026,18250.000000,5000,OPTSTK,NFO,1.000000,150001,False
71039,ASHOKLEY27OCT26192.5CE,ASHOKLEY,27OCT2026,19250.000000,5000,OPTSTK,NFO,1.000000,150001,False
145514,SAIL29SEP26195PE,SAIL,29SEP2026,19500.000000,4700,OPTSTK,NFO,1.000000,141001,False
145622,SBICARD29SEP26580CE,SBICARD,29SEP2026,58000.000000,800,OPTSTK,NFO,5.000000,40001,False
145708,SBICARD29SEP26620PE,SBICARD,29SEP2026,62000.000000,800,OPTSTK,NFO,5.000000,40001,False
145723,SBICARD29SEP26740PE,SBICARD,29SEP2026,74000.000000,800,OPTSTK,NFO,5.000000,40001,False
71085,EICHERMOT29SEP266900CE,EICHERMOT,29SEP2026,690000.000000,100,OPTSTK,NFO,5.000000,3001,False
71091,EICHERMOT29SEP267500CE,EICHERMOT,29SEP2026,750000.000000,100,OPTSTK,NFO,5.000000,3001,False
71093,EICHERMOT29SEP267700CE,EICHERMOT,29SEP2026,770000.000000,100,OPTSTK,NFO,5.000000,3001,False
71107,EICHERMOT29SEP268100CE,EICHERMOT,29SEP2026,810000.000000,100,OPTSTK,NFO,5.000000,3001,False
145725,SBICARD29SEP26760PE,SBICARD,29SEP2026,76000.000000,800,OPTSTK,NFO,5.000000,40001,False
146286,SBILIFE29SEP261440CE,SBILIFE,29SEP2026,144000.000000,375,OPTSTK,NFO,5.000000,15001,False
146300,SBILIFE29SEP261680PE,SBILIFE,29SEP2026,168000.000000,375,OPTSTK,NFO,5.000000,15001,False
146307,SBILIFE29SEP261720PE,SBILIFE,29SEP2026,172000.000000,375,OPTSTK,NFO,5.000000,15001,False
71109,EICHERMOT29SEP268300CE,EICHERMOT,29SEP2026,830000.000000,100,OPTSTK,NFO,5.000000,3001,False
71115,ASHOKLEY23NOV26140PE,ASHOKLEY,23NOV2026,14000.000000,5000,OPTSTK,NFO,1.000000,150001,False
71128,ASHOKLEY23NOV26155PE,ASHOKLEY,23NOV2026,15500.000000,5000,OPTSTK,NFO,1.000000,150001,False
71149,ASHOKLEY23NOV26165PE,ASHOKLEY,23NOV2026,16500.000000,5000,OPTSTK,NFO,1.000000,150001,False
146308,SBILIFE29SEP261760CE,SBILIFE,29SEP2026,176000.000000,375,OPTSTK,NFO,5.000000,15001,False
146927,SBIN29SEP26940PE,SBIN,29SEP2026,94000.000000,750,OPTSTK,NFO,5.000000,22501,False
147189,SBIN29SEP261080PE,SBIN,29SEP2026,108000.000000,750,OPTSTK,NFO,5.000000,22501,False
147191,SBIN29SEP261100PE,SBIN,29SEP2026,110000.000000,750,OPTSTK,NFO,5.000000,22501,False
71151,ASHOKLEY23NOV26170PE,ASHOKLEY,23NOV2026,17000.000000,5000,OPTSTK,NFO,1.000000,150001,False
71368,EICHERMOT27OCT267000CE,EICHERMOT,27OCT2026,700000.000000,100,OPTSTK,NFO,5.000000,3001,False
71373,EICHERMOT27OCT267400PE,EICHERMOT,27OCT2026,740000.000000,100,OPTSTK,NFO,5.000000,3001,False
71375,EICHERMOT27OCT267600PE,EICHERMOT,27OCT2026,760000.000000,100,OPTSTK,NFO,5.000000,3001,False
147192,SBIN29SEP261120CE,SBIN,29SEP2026,112000.000000,750,OPTSTK,NFO,5.000000,22501,False
147195,SBIN29SEP261140PE,SBIN,29SEP2026,114000.000000,750,OPTSTK,NFO,5.000000,22501,False
147202,SBIN29SEP261220CE,SBIN,29SEP2026,122000.000000,750,OPTSTK,NFO,5.000000,22501,False
147521,SHREECEM29SEP2619500CE,SHREECEM,29SEP2026,1950000.000000,25,OPTSTK,NFO,5.000000,1001,False
71433,EICHERMOT27OCT269400PE,EICHERMOT,27OCT2026,940000.000000,100,OPTSTK,NFO,5.000000,3001,False
71503,NIFTY29DEC2625000CE,NIFTY,29DEC2026,2500000.000000,65,OPTIDX,NFO,5.000000,1801,False
71560,NIFTY29JUN2724000CE,NIFTY,29JUN2027,2400000.000000,65,OPTIDX,NFO,5.000000,1801,False
71595,ETERNAL29SEP26345PE,ETERNAL,29SEP2026,34500.000000,2425,OPTSTK,NFO,5.000000,72751,False
147536,SHREECEM29SEP2623000PE,SHREECEM,29SEP2026,2300000.000000,25,OPTSTK,NFO,5.000000,1001,False
147541,SHREECEM29SEP2624500CE,SHREECEM,29SEP2026,2450000.000000,25,OPTSTK,NFO,5.000000,1001,False
147558,SHREECEM29SEP2626500PE,SHREECEM,29SEP2026,2650000.000000,25,OPTSTK,NFO,5.000000,1001,False
148146,SHRIRAMFIN29SEP261040CE,SHRIRAMFIN,29SEP2026,104000.000000,825,OPTSTK,NFO,5.000000,24751,False
71607,ASIANPAINT23NOV262240PE,ASIANPAINT,23NOV2026,224000.000000,250,OPTSTK,NFO,5.000000,10001,False
71620,ASIANPAINT23NOV262520CE,ASIANPAINT,23NOV2026,252000.000000,250,OPTSTK,NFO,5.000000,10001,False
71642,ASIANPAINT23NOV262960CE,ASIANPAINT,23NOV2026,296000.000000,250,OPTSTK,NFO,5.000000,10001,False
71662,ETERNAL29SEP26355PE,ETERNAL,29SEP2026,35500.000000,2425,OPTSTK,NFO,5.000000,72751,False
148353,SIEMENS29SEP263800CE,SIEMENS,29SEP2026,380000.000000,175,OPTSTK,NFO,5.000000,7001,False
148354,SIEMENS29SEP263800PE,SIEMENS,29SEP2026,380000.000000,175,OPTSTK,NFO,5.000000,7001,False
148403,SIEMENS29SEP264000CE,SIEMENS,29SEP2026,400000.000000,175,OPTSTK,NFO,5.000000,7001,False
148454,SIEMENS29SEP264300CE,SIEMENS,29SEP2026,430000.000000,175,OPTSTK,NFO,5.000000,7001,False
71666,FINNIFTY29SEP2622600CE,FINNIFTY,29SEP2026,2260000.000000,60,OPTIDX,NFO,5.000000,1801,False
71697,ASTRAL27OCT261260CE,ASTRAL,27OCT2026,126000.000000,425,OPTSTK,NFO,5.000000,17001,False
71702,FINNIFTY29SEP2622800CE,FINNIFTY,29SEP2026,2280000.000000,60,OPTIDX,NFO,5.000000,1801,False
71704,FINNIFTY29SEP2622900CE,FINNIFTY,29SEP2026,2290000.000000,60,OPTIDX,NFO,5.000000,1801,False
148455,SIEMENS29SEP264300PE,SIEMENS,29SEP2026,430000.000000,175,OPTSTK,NFO,5.000000,7001,False
148855,SOLARINDS29SEP2615500CE,SOLARINDS,29SEP2026,1550000.000000,50,OPTSTK,NFO,5.000000,1501,False
148907,SOLARINDS29SEP2616500PE,SOLARINDS,29SEP2026,1650000.000000,50,OPTSTK,NFO,5.000000,1501,False
148911,SOLARINDS29SEP2617500PE,SOLARINDS,29SEP2026,1750000.000000,50,OPTSTK,NFO,5.000000,1501,False
71714,FINNIFTY29SEP2623100CE,FINNIFTY,29SEP2026,2310000.000000,60,OPTIDX,NFO,5.000000,1801,False
71719,FINNIFTY29SEP2623300PE,FINNIFTY,29SEP2026,2330000.000000,60,OPTIDX,NFO,5.000000,1801,False
71725,FINNIFTY29SEP2623600PE,FINNIFTY,29SEP2026,2360000.000000,60,OPTIDX,NFO,5.000000,1801,False
71772,FINNIFTY29SEP2625400CE,FINNIFTY,29SEP2026,2540000.000000,60,OPTIDX,NFO,5.000000,1801,False
148928,SOLARINDS29SEP2620000CE,SOLARINDS,29SEP2026,2000000.000000,50,OPTSTK,NFO,5.000000,1501,False
148930,SOLARINDS29SEP2620500CE,SOLARINDS,29SEP2026,2050000.000000,50,OPTSTK,NFO,5.000000,1501,False
149275,SONACOMS29SEP26700PE,SONACOMS,29SEP2026,70000.000000,1225,OPTSTK,NFO,5.000000,36751,False
149280,SONACOMS29SEP26760CE,SONACOMS,29SEP2026,76000.000000,1225,OPTSTK,NFO,5.000000,36751,False
71778,FINNIFTY29SEP2625400PE,FINNIFTY,29SEP2026,2540000.000000,60,OPTIDX,NFO,5.000000,1801,False
71789,FINNIFTY29SEP2626000CE,FINNIFTY,29SEP2026,2600000.000000,60,OPTIDX,NFO,5.000000,1801,False
71819,FINNIFTY29SEP2626500CE,FINNIFTY,29SEP2026,2650000.000000,60,OPTIDX,NFO,5.000000,1801,False
71836,FINNIFTY29SEP2626700PE,FINNIFTY,29SEP2026,2670000.000000,60,OPTIDX,NFO,5.000000,1801,False
149888,SRF29SEP262200CE,SRF,29SEP2026,220000.000000,200,OPTSTK,NFO,5.000000,8001,False
149934,SRF29SEP262400PE,SRF,29SEP2026,240000.000000,200,OPTSTK,NFO,5.000000,8001,False
149938,SRF29SEP262600PE,SRF,29SEP2026,260000.000000,200,OPTSTK,NFO,5.000000,8001,False
150491,SUNPHARMA29SEP261680CE,SUNPHARMA,29SEP2026,168000.000000,350,OPTSTK,NFO,5.000000,14001,False
71838,FINNIFTY29SEP2626800PE,FINNIFTY,29SEP2026,2680000.000000,60,OPTIDX,NFO,5.000000,1801,False
71840,FINNIFTY29SEP2626900PE,FINNIFTY,29SEP2026,2690000.000000,60,OPTIDX,NFO,5.000000,1801,False
71889,FINNIFTY29SEP2628000PE,FINNIFTY,29SEP2026,2800000.000000,60,OPTIDX,NFO,5.000000,1801,False
71892,FINNIFTY29SEP2628200CE,FINNIFTY,29SEP2026,2820000.000000,60,OPTIDX,NFO,5.000000,1801,False
150663,SUNPHARMA29SEP262000PE,SUNPHARMA,29SEP2026,200000.000000,350,OPTSTK,NFO,5.000000,14001,False
151237,SUZLON29SEP2640PE,SUZLON,29SEP2026,4000.000000,12700,OPTSTK,NFO,1.000000,381001,False
151257,SUZLON29SEP2660PE,SUZLON,29SEP2026,6000.000000,12700,OPTSTK,NFO,1.000000,381001,False
151258,SUZLON29SEP2662CE,SUZLON,29SEP2026,6200.000000,12700,OPTSTK,NFO,1.000000,381001,False
71917,ASTRAL23NOV261280CE,ASTRAL,23NOV2026,128000.000000,425,OPTSTK,NFO,5.000000,17001,False
71969,FINNIFTY29SEP2628700CE,FINNIFTY,29SEP2026,2870000.000000,60,OPTIDX,NFO,5.000000,1801,False
72044,ETERNAL27OCT26310CE,ETERNAL,27OCT2026,31000.000000,2425,OPTSTK,NFO,5.000000,72751,False
72052,ETERNAL27OCT26350CE,ETERNAL,27OCT2026,35000.000000,2425,OPTSTK,NFO,5.000000,72751,False
151261,SUZLON29SEP2664PE,SUZLON,29SEP2026,6400.000000,12700,OPTSTK,NFO,1.000000,381001,False
151514,SWIGGY29SEP26290CE,SWIGGY,29SEP2026,29000.000000,1825,OPTSTK,NFO,5.000000,73001,False
151564,SWIGGY29SEP26320CE,SWIGGY,29SEP2026,32000.000000,1825,OPTSTK,NFO,5.000000,73001,False
151940,TATACONSUM29SEP26860CE,TATACONSUM,29SEP2026,86000.000000,550,OPTSTK,NFO,5.000000,22001,False
72080,ASTRAL23NOV261680CE,ASTRAL,23NOV2026,168000.000000,425,OPTSTK,NFO,5.000000,17001,False
72149,ATHERENERG29SEP261240PE,ATHERENERG,29SEP2026,124000.000000,375,OPTSTK,NFO,5.000000,15001,False
72201,ATHERENERG29SEP261420PE,ATHERENERG,29SEP2026,142000.000000,375,OPTSTK,NFO,5.000000,15001,False
72214,FEDERALBNK29SEP26315PE,FEDERALBNK,29SEP2026,31500.000000,2500,OPTSTK,NFO,5.000000,75001,False
151941,TATACONSUM29SEP26860PE,TATACONSUM,29SEP2026,86000.000000,550,OPTSTK,NFO,5.000000,22001,False
151943,TATACONSUM29SEP26880PE,TATACONSUM,29SEP2026,88000.000000,550,OPTSTK,NFO,5.000000,22001,False
151947,TATACONSUM29SEP26920PE,TATACONSUM,29SEP2026,92000.000000,550,OPTSTK,NFO,5.000000,22001,False
151954,TATACONSUM29SEP261000CE,TATACONSUM,29SEP2026,100000.000000,550,OPTSTK,NFO,5.000000,22001,False
72217,FEDERALBNK29SEP26335CE,FEDERALBNK,29SEP2026,33500.000000,2500,OPTSTK,NFO,5.000000,75001,False
72233,FEDERALBNK29SEP26365PE,FEDERALBNK,29SEP2026,36500.000000,2500,OPTSTK,NFO,5.000000,75001,False
72234,FEDERALBNK29SEP26375CE,FEDERALBNK,29SEP2026,37500.000000,2500,OPTSTK,NFO,5.000000,75001,False
72338,FEDERALBNK29SEP26395PE,FEDERALBNK,29SEP2026,39500.000000,2500,OPTSTK,NFO,5.000000,75001,False
72400,FEDERALBNK27OCT26310CE,FEDERALBNK,27OCT2026,31000.000000,2500,OPTSTK,NFO,5.000000,75001,False
72414,FEDERALBNK27OCT26360PE,FEDERALBNK,27OCT2026,36000.000000,2500,OPTSTK,NFO,5.000000,75001,False
72430,ATHERENERG29SEP261620CE,ATHERENERG,29SEP2026,162000.000000,375,OPTSTK,NFO,5.000000,15001,False
72440,ATHERENERG29SEP261700CE,ATHERENERG,29SEP2026,170000.000000,375,OPTSTK,NFO,5.000000,15001,False
152004,TATACONSUM29SEP261100CE,TATACONSUM,29SEP2026,110000.000000,550,OPTSTK,NFO,5.000000,22001,False
152016,TATACONSUM29SEP261140PE,TATACONSUM,29SEP2026,114000.000000,550,OPTSTK,NFO,5.000000,22001,False
152020,TATACONSUM29SEP261180PE,TATACONSUM,29SEP2026,118000.000000,550,OPTSTK,NFO,5.000000,22001,False
152022,TATACONSUM29SEP261200PE,TATACONSUM,29SEP2026,120000.000000,550,OPTSTK,NFO,5.000000,22001,False
72488,FORCEMOT29SEP2621500PE,FORCEMOT,29SEP2026,2150000.000000,25,OPTSTK,NFO,5.000000,1251,False
72482,FORCEMOT29SEP2619500PE,FORCEMOT,29SEP2026,1950000.000000,25,OPTSTK,NFO,5.000000,1251,False
72484,FORCEMOT29SEP2620500PE,FORCEMOT,29SEP2026,2050000.000000,25,OPTSTK,NFO,5.000000,1251,False
72487,ATHERENERG29SEP261720CE,ATHERENERG,29SEP2026,172000.000000,375,OPTSTK,NFO,5.000000,15001,False
152574,TATAELXSI29SEP262900CE,TATAELXSI,29SEP2026,290000.000000,125,OPTSTK,NFO,5.000000,6251,False
152576,TATAELXSI29SEP263000CE,TATAELXSI,29SEP2026,300000.000000,125,OPTSTK,NFO,5.000000,6251,False
152579,TATAELXSI29SEP263100PE,TATAELXSI,29SEP2026,310000.000000,125,OPTSTK,NFO,5.000000,6251,False
152664,TATAELXSI29SEP263500CE,TATAELXSI,29SEP2026,350000.000000,125,OPTSTK,NFO,5.000000,6251,False
72506,ATHERENERG29SEP261720PE,ATHERENERG,29SEP2026,172000.000000,375,OPTSTK,NFO,5.000000,15001,False
72512,ATHERENERG29SEP261780PE,ATHERENERG,29SEP2026,178000.000000,375,OPTSTK,NFO,5.000000,15001,False
72519,ATHERENERG29SEP261840CE,ATHERENERG,29SEP2026,184000.000000,375,OPTSTK,NFO,5.000000,15001,False
72523,ATHERENERG29SEP261880CE,ATHERENERG,29SEP2026,188000.000000,375,OPTSTK,NFO,5.000000,15001,False
152669,TATAELXSI29SEP263700PE,TATAELXSI,29SEP2026,370000.000000,125,OPTSTK,NFO,5.000000,6251,False
152677,TATAELXSI29SEP264100PE,TATAELXSI,29SEP2026,410000.000000,125,OPTSTK,NFO,5.000000,6251,False
152972,TATAPOWER29SEP26300PE,TATAPOWER,29SEP2026,30000.000000,1450,OPTSTK,NFO,5.000000,58001,False
153227,TATAPOWER29SEP26360PE,TATAPOWER,29SEP2026,36000.000000,1450,OPTSTK,NFO,5.000000,58001,False
72619,MIDCPNIFTY29SEP2612925PE,MIDCPNIFTY,29SEP2026,1292500.000000,120,OPTIDX,NFO,5.000000,2801,False
72628,MIDCPNIFTY29SEP2613050CE,MIDCPNIFTY,29SEP2026,1305000.000000,120,OPTIDX,NFO,5.000000,2801,False
72631,MIDCPNIFTY29SEP2613075PE,MIDCPNIFTY,29SEP2026,1307500.000000,120,OPTIDX,NFO,5.000000,2801,False
72640,MIDCPNIFTY29SEP2613200CE,MIDCPNIFTY,29SEP2026,1320000.000000,120,OPTIDX,NFO,5.000000,2801,False
153247,TATAPOWER29SEP26380PE,TATAPOWER,29SEP2026,38000.000000,1450,OPTSTK,NFO,5.000000,58001,False
153812,TATASTEEL29SEP26205CE,TATASTEEL,29SEP2026,20500.000000,2750,OPTSTK,NFO,1.000000,137501,False
153939,TCS29SEP261760PE,TCS,29SEP2026,176000.000000,225,OPTSTK,NFO,5.000000,9001,False
153955,TCS29SEP262080PE,TCS,29SEP2026,208000.000000,225,OPTSTK,NFO,5.000000,9001,False
72642,MIDCPNIFTY29SEP2613225CE,MIDCPNIFTY,29SEP2026,1322500.000000,120,OPTIDX,NFO,5.000000,2801,False
72651,MIDCPNIFTY29SEP2613325PE,MIDCPNIFTY,29SEP2026,1332500.000000,120,OPTIDX,NFO,5.000000,2801,False
72676,FORCEMOT27OCT2618000CE,FORCEMOT,27OCT2026,1800000.000000,25,OPTSTK,NFO,5.000000,1251,False
72679,FORCEMOT27OCT2619000PE,FORCEMOT,27OCT2026,1900000.000000,25,OPTSTK,NFO,5.000000,1251,False
153957,TCS29SEP262120PE,TCS,29SEP2026,212000.000000,225,OPTSTK,NFO,5.000000,9001,False
154271,TIINDIA29SEP262900PE,TIINDIA,29SEP2026,290000.000000,200,OPTSTK,NFO,5.000000,8001,False
154281,TIINDIA29SEP263400PE,TIINDIA,29SEP2026,340000.000000,200,OPTSTK,NFO,5.000000,8001,False
154276,TIINDIA29SEP263200CE,TIINDIA,29SEP2026,320000.000000,200,OPTSTK,NFO,5.000000,8001,False
72738,MIDCPNIFTY29SEP2613600CE,MIDCPNIFTY,29SEP2026,1360000.000000,120,OPTIDX,NFO,5.000000,2801,False
72763,FORTIS29SEP26790PE,FORTIS,29SEP2026,79000.000000,775,OPTSTK,NFO,5.000000,23251,False
72789,MIDCPNIFTY29SEP2613800PE,MIDCPNIFTY,29SEP2026,1380000.000000,120,OPTIDX,NFO,5.000000,2801,False
72805,MIDCPNIFTY29SEP2614000CE,MIDCPNIFTY,29SEP2026,1400000.000000,120,OPTIDX,NFO,5.000000,2801,False
154401,TITAN29SEP264600CE,TITAN,29SEP2026,460000.000000,175,OPTSTK,NFO,5.000000,5251,False
154405,TITAN29SEP264800CE,TITAN,29SEP2026,480000.000000,175,OPTSTK,NFO,5.000000,5251,False
154413,TITAN29SEP265200CE,TITAN,29SEP2026,520000.000000,175,OPTSTK,NFO,5.000000,5251,False
154420,TITAN29SEP265400PE,TITAN,29SEP2026,540000.000000,175,OPTSTK,NFO,5.000000,5251,False
72814,MIDCPNIFTY29SEP2614025PE,MIDCPNIFTY,29SEP2026,1402500.000000,120,OPTIDX,NFO,5.000000,2801,False
72827,MIDCPNIFTY29SEP2614150CE,MIDCPNIFTY,29SEP2026,1415000.000000,120,OPTIDX,NFO,5.000000,2801,False
72829,ATHERENERG27OCT261520PE,ATHERENERG,27OCT2026,152000.000000,375,OPTSTK,NFO,5.000000,15001,False
72831,ATHERENERG27OCT261540PE,ATHERENERG,27OCT2026,154000.000000,375,OPTSTK,NFO,5.000000,15001,False
154422,TITAN29SEP265500PE,TITAN,29SEP2026,550000.000000,175,OPTSTK,NFO,5.000000,5251,False
154424,TITAN29SEP265600PE,TITAN,29SEP2026,560000.000000,175,OPTSTK,NFO,5.000000,5251,False
154598,TMPV29SEP26300CE,TMPV,29SEP2026,30000.000000,1600,OPTSTK,NFO,5.000000,64001,False
154600,TMPV29SEP26310CE,TMPV,29SEP2026,31000.000000,1600,OPTSTK,NFO,5.000000,64001,False
72834,MIDCPNIFTY29SEP2614175PE,MIDCPNIFTY,29SEP2026,1417500.000000,120,OPTIDX,NFO,5.000000,2801,False
72837,ATHERENERG27OCT261560PE,ATHERENERG,27OCT2026,156000.000000,375,OPTSTK,NFO,5.000000,15001,False
72845,MIDCPNIFTY29SEP2614225PE,MIDCPNIFTY,29SEP2026,1422500.000000,120,OPTIDX,NFO,5.000000,2801,False
72856,ATHERENERG27OCT261620CE,ATHERENERG,27OCT2026,162000.000000,375,OPTSTK,NFO,5.000000,15001,False
154606,TMPV29SEP26340CE,TMPV,29SEP2026,34000.000000,1600,OPTSTK,NFO,5.000000,64001,False
154742,TORNTPHARM29SEP264200CE,TORNTPHARM,29SEP2026,420000.000000,125,OPTSTK,NFO,5.000000,5001,False
154746,TORNTPHARM29SEP264400CE,TORNTPHARM,29SEP2026,440000.000000,125,OPTSTK,NFO,5.000000,5001,False
154797,TORNTPHARM29SEP265600PE,TORNTPHARM,29SEP2026,560000.000000,125,OPTSTK,NFO,5.000000,5001,False
72865,ATHERENERG27OCT261660PE,ATHERENERG,27OCT2026,166000.000000,375,OPTSTK,NFO,5.000000,15001,False
72877,ATHERENERG27OCT261780PE,ATHERENERG,27OCT2026,178000.000000,375,OPTSTK,NFO,5.000000,15001,False
72881,ATHERENERG27OCT261820PE,ATHERENERG,27OCT2026,182000.000000,375,OPTSTK,NFO,5.000000,15001,False
72884,ATHERENERG27OCT261840CE,ATHERENERG,27OCT2026,184000.000000,375,OPTSTK,NFO,5.000000,15001,False
154801,TORNTPHARM29SEP265800PE,TORNTPHARM,29SEP2026,580000.000000,125,OPTSTK,NFO,5.000000,5001,False
154959,TRENT29SEP262800PE,TRENT,29SEP2026,280000.000000,225,OPTSTK,NFO,5.000000,9001,False
154960,TRENT29SEP262900CE,TRENT,29SEP2026,290000.000000,225,OPTSTK,NFO,5.000000,9001,False
154961,TRENT29SEP262900PE,TRENT,29SEP2026,290000.000000,225,OPTSTK,NFO,5.000000,9001,False
72970,ATHERENERG23NOV261280CE,ATHERENERG,23NOV2026,128000.000000,375,OPTSTK,NFO,5.000000,15001,False
72971,MIDCPNIFTY29SEP2614875PE,MIDCPNIFTY,29SEP2026,1487500.000000,120,OPTIDX,NFO,5.000000,2801,False
72980,MIDCPNIFTY29SEP2614975CE,MIDCPNIFTY,29SEP2026,1497500.000000,120,OPTIDX,NFO,5.000000,2801,False
72989,MIDCPNIFTY29SEP2615075PE,MIDCPNIFTY,29SEP2026,1507500.000000,120,OPTIDX,NFO,5.000000,2801,False
154970,TRENT29SEP263400CE,TRENT,29SEP2026,340000.000000,225,OPTSTK,NFO,5.000000,9001,False
155207,TVSMOTOR29SEP263600PE,TVSMOTOR,29SEP2026,360000.000000,175,OPTSTK,NFO,5.000000,5251,False
155439,ULTRACEMCO29SEP2611360PE,ULTRACEMCO,29SEP2026,1136000.000000,50,OPTSTK,NFO,5.000000,2001,False
155445,ULTRACEMCO29SEP2611960PE,ULTRACEMCO,29SEP2026,1196000.000000,50,OPTSTK,NFO,5.000000,2001,False
72995,MIDCPNIFTY29SEP2615150PE,MIDCPNIFTY,29SEP2026,1515000.000000,120,OPTIDX,NFO,5.000000,2801,False
73003,ATHERENERG23NOV261360CE,ATHERENERG,23NOV2026,136000.000000,375,OPTSTK,NFO,5.000000,15001,False
73004,ATHERENERG23NOV261360PE,ATHERENERG,23NOV2026,136000.000000,375,OPTSTK,NFO,5.000000,15001,False
73009,ATHERENERG23NOV261480CE,ATHERENERG,23NOV2026,148000.000000,375,OPTSTK,NFO,5.000000,15001,False
155585,UNIONBANK29SEP26145PE,UNIONBANK,29SEP2026,14500.000000,4425,OPTSTK,NFO,1.000000,132751,False
155586,UNIONBANK29SEP26150CE,UNIONBANK,29SEP2026,15000.000000,4425,OPTSTK,NFO,1.000000,132751,False
155591,UNIONBANK29SEP26160PE,UNIONBANK,29SEP2026,16000.000000,4425,OPTSTK,NFO,1.000000,132751,False
155597,UNIONBANK29SEP26175PE,UNIONBANK,29SEP2026,17500.000000,4425,OPTSTK,NFO,1.000000,132751,False
73021,ATHERENERG23NOV261640PE,ATHERENERG,23NOV2026,164000.000000,375,OPTSTK,NFO,5.000000,15001,False
73069,FORTIS29SEP26970CE,FORTIS,29SEP2026,97000.000000,775,OPTSTK,NFO,5.000000,23251,False
73095,MIDCPNIFTY29SEP2615475CE,MIDCPNIFTY,29SEP2026,1547500.000000,120,OPTIDX,NFO,5.000000,2801,False
73137,ATHERENERG23NOV261840PE,ATHERENERG,23NOV2026,184000.000000,375,OPTSTK,NFO,5.000000,15001,False
155605,UNIONBANK29SEP26195PE,UNIONBANK,29SEP2026,19500.000000,4425,OPTSTK,NFO,1.000000,132751,False
155606,UNIONBANK29SEP26200CE,UNIONBANK,29SEP2026,20000.000000,4425,OPTSTK,NFO,1.000000,132751,False
155607,UNIONBANK29SEP26200PE,UNIONBANK,29SEP2026,20000.000000,4425,OPTSTK,NFO,1.000000,132751,False
155608,UNIONBANK29SEP26205CE,UNIONBANK,29SEP2026,20500.000000,4425,OPTSTK,NFO,1.000000,132751,False
73143,ATHERENERG23NOV261920CE,ATHERENERG,23NOV2026,192000.000000,375,OPTSTK,NFO,5.000000,15001,False
73204,FORTIS27OCT26740CE,FORTIS,27OCT2026,74000.000000,775,OPTSTK,NFO,5.000000,23251,False
73205,MIDCPNIFTY29SEP2615975CE,MIDCPNIFTY,29SEP2026,1597500.000000,120,OPTIDX,NFO,5.000000,2801,False
73207,MIDCPNIFTY29SEP2616000CE,MIDCPNIFTY,29SEP2026,1600000.000000,120,OPTIDX,NFO,5.000000,2801,False
73212,FORTIS27OCT26780PE,FORTIS,27OCT2026,78000.000000,775,OPTSTK,NFO,5.000000,23251,False
73218,FORTIS27OCT26840PE,FORTIS,27OCT2026,84000.000000,775,OPTSTK,NFO,5.000000,23251,False
73226,MIDCPNIFTY29SEP2616000PE,MIDCPNIFTY,29SEP2026,1600000.000000,120,OPTIDX,NFO,5.000000,2801,False
73227,FORTIS27OCT26920PE,FORTIS,27OCT2026,92000.000000,775,OPTSTK,NFO,5.000000,23251,False
73263,MIDCPNIFTY29SEP2616075CE,MIDCPNIFTY,29SEP2026,1607500.000000,120,OPTIDX,NFO,5.000000,2801,False
73264,MIDCPNIFTY29SEP2616075PE,MIDCPNIFTY,29SEP2026,1607500.000000,120,OPTIDX,NFO,5.000000,2801,False
73267,MIDCPNIFTY29SEP2616100CE,MIDCPNIFTY,29SEP2026,1610000.000000,120,OPTIDX,NFO,5.000000,2801,False
73349,MIDCPNIFTY29SEP2616400PE,MIDCPNIFTY,29SEP2026,1640000.000000,120,OPTIDX,NFO,5.000000,2801,False
73499,AUBANK23NOV261040PE,AUBANK,23NOV2026,104000.000000,1000,OPTSTK,NFO,5.000000,20001,False
73515,AUBANK23NOV261240PE,AUBANK,23NOV2026,124000.000000,1000,OPTSTK,NFO,5.000000,20001,False
73714,AUROPHARMA27OCT261500PE,AUROPHARMA,27OCT2026,150000.000000,550,OPTSTK,NFO,5.000000,16501,False
73775,AUROPHARMA23NOV261520CE,AUROPHARMA,23NOV2026,152000.000000,550,OPTSTK,NFO,5.000000,16501,False
73851,NIFTY29SEP2621750PE,NIFTY,29SEP2026,2175000.000000,65,OPTIDX,NFO,5.000000,1801,False
73779,AUROPHARMA23NOV261600CE,AUROPHARMA,23NOV2026,160000.000000,550,OPTSTK,NFO,5.000000,16501,False
73787,AUROPHARMA23NOV261720CE,AUROPHARMA,23NOV2026,172000.000000,550,OPTSTK,NFO,5.000000,16501,False
73788,AUROPHARMA23NOV261720PE,AUROPHARMA,23NOV2026,172000.000000,550,OPTSTK,NFO,5.000000,16501,False
73853,NIFTY29SEP2621800PE,NIFTY,29SEP2026,2180000.000000,65,OPTIDX,NFO,5.000000,1801,False
73865,NIFTY29SEP2622000CE,NIFTY,29SEP2026,2200000.000000,65,OPTIDX,NFO,5.000000,1801,False
73905,NIFTY29SEP2623050PE,NIFTY,29SEP2026,2305000.000000,65,OPTIDX,NFO,5.000000,1801,False
73911,NIFTY29SEP2623200PE,NIFTY,29SEP2026,2320000.000000,65,OPTIDX,NFO,5.000000,1801,False
73929,AUROPHARMA23NOV261800PE,AUROPHARMA,23NOV2026,180000.000000,550,OPTSTK,NFO,5.000000,16501,False
73932,AUROPHARMA23NOV261880CE,AUROPHARMA,23NOV2026,188000.000000,550,OPTSTK,NFO,5.000000,16501,False
73964,NIFTY29SEP2623450CE,NIFTY,29SEP2026,2345000.000000,65,OPTIDX,NFO,5.000000,1801,False
73970,AXISBANK27OCT261100PE,AXISBANK,27OCT2026,110000.000000,625,OPTSTK,NFO,5.000000,18751,False
73978,AXISBANK27OCT261260PE,AXISBANK,27OCT2026,126000.000000,625,OPTSTK,NFO,5.000000,18751,False
73986,AXISBANK27OCT261380PE,AXISBANK,27OCT2026,138000.000000,625,OPTSTK,NFO,5.000000,18751,False
74004,NIFTY29SEP2623600PE,NIFTY,29SEP2026,2360000.000000,65,OPTIDX,NFO,5.000000,1801,False
74006,NIFTY29SEP2623650PE,NIFTY,29SEP2026,2365000.000000,65,OPTIDX,NFO,5.000000,1801,False
155609,UNIONBANK29SEP26205PE,UNIONBANK,29SEP2026,20500.000000,4425,OPTSTK,NFO,1.000000,132751,False
155751,UNOMINDA29SEP261120PE,UNOMINDA,29SEP2026,112000.000000,550,OPTSTK,NFO,5.000000,22001,False
155756,UNOMINDA29SEP261240CE,UNOMINDA,29SEP2026,124000.000000,550,OPTSTK,NFO,5.000000,22001,False
155763,UNOMINDA29SEP261360PE,UNOMINDA,29SEP2026,136000.000000,550,OPTSTK,NFO,5.000000,22001,False
74055,NIFTY29SEP2623850PE,NIFTY,29SEP2026,2385000.000000,65,OPTIDX,NFO,5.000000,1801,False
74063,NIFTY29SEP2624050PE,NIFTY,29SEP2026,2405000.000000,65,OPTIDX,NFO,5.000000,1801,False
74112,NIFTY29SEP2624350CE,NIFTY,29SEP2026,2435000.000000,65,OPTIDX,NFO,5.000000,1801,False
74155,AXISBANK23NOV261240CE,AXISBANK,23NOV2026,124000.000000,625,OPTSTK,NFO,5.000000,18751,False
155767,UNOMINDA29SEP261440PE,UNOMINDA,29SEP2026,144000.000000,550,OPTSTK,NFO,5.000000,22001,False
155803,UPL29SEP26540PE,UPL,29SEP2026,54000.000000,1355,OPTSTK,NFO,5.000000,40651,False
155814,UPL29SEP26660CE,UPL,29SEP2026,66000.000000,1355,OPTSTK,NFO,5.000000,40651,False
155850,VBL29SEP26340CE,VBL,29SEP2026,34000.000000,1275,OPTSTK,NFO,5.000000,51001,False
74158,AXISBANK23NOV261280PE,AXISBANK,23NOV2026,128000.000000,625,OPTSTK,NFO,5.000000,18751,False
74161,AXISBANK23NOV261360CE,AXISBANK,23NOV2026,136000.000000,625,OPTSTK,NFO,5.000000,18751,False
74252,GAIL29SEP26177.5CE,GAIL,29SEP2026,17750.000000,3550,OPTSTK,NFO,1.000000,142001,False
74288,NIFTY29SEP2624550PE,NIFTY,29SEP2026,2455000.000000,65,OPTIDX,NFO,5.000000,1801,False
155852,VBL29SEP26360CE,VBL,29SEP2026,36000.000000,1275,OPTSTK,NFO,5.000000,51001,False
155862,VBL29SEP26460CE,VBL,29SEP2026,46000.000000,1275,OPTSTK,NFO,5.000000,51001,False
155866,VBL29SEP26500CE,VBL,29SEP2026,50000.000000,1275,OPTSTK,NFO,5.000000,51001,False
155868,VBL29SEP26520CE,VBL,29SEP2026,52000.000000,1275,OPTSTK,NFO,5.000000,51001,False
74371,NIFTY29SEP2625150PE,NIFTY,29SEP2026,2515000.000000,65,OPTIDX,NFO,5.000000,1801,False
74372,NIFTY29SEP2625200CE,NIFTY,29SEP2026,2520000.000000,65,OPTIDX,NFO,5.000000,1801,False
74385,NIFTY29SEP2625250PE,NIFTY,29SEP2026,2525000.000000,65,OPTIDX,NFO,5.000000,1801,False
74390,NIFTY29SEP2625350PE,NIFTY,29SEP2026,2535000.000000,65,OPTIDX,NFO,5.000000,1801,False
74424,BAJAJ-AUTO27OCT2612700CE,BAJAJ-AUTO,27OCT2026,1270000.000000,75,OPTSTK,NFO,5.000000,2251,False
74392,BAJAJ-AUTO27OCT2611300CE,BAJAJ-AUTO,27OCT2026,1130000.000000,75,OPTSTK,NFO,5.000000,2251,False
74412,BAJAJ-AUTO27OCT2612500PE,BAJAJ-AUTO,27OCT2026,1250000.000000,75,OPTSTK,NFO,5.000000,2251,False
74415,NIFTY29SEP2625650PE,NIFTY,29SEP2026,2565000.000000,65,OPTIDX,NFO,5.000000,1801,False
156255,VMM29SEP2690PE,VMM,29SEP2026,9000.000000,4850,OPTSTK,NFO,1.000000,194001,False
156257,VMM29SEP2695PE,VMM,29SEP2026,9500.000000,4850,OPTSTK,NFO,1.000000,194001,False
156262,VMM29SEP26110CE,VMM,29SEP2026,11000.000000,4850,OPTSTK,NFO,1.000000,194001,False
156265,VMM29SEP26115PE,VMM,29SEP2026,11500.000000,4850,OPTSTK,NFO,1.000000,194001,False
74426,NIFTY29SEP2625900CE,NIFTY,29SEP2026,2590000.000000,65,OPTIDX,NFO,5.000000,1801,False
74479,NIFTY29SEP2626450CE,NIFTY,29SEP2026,2645000.000000,65,OPTIDX,NFO,5.000000,1801,False
74481,NIFTY29SEP2626500CE,NIFTY,29SEP2026,2650000.000000,65,OPTIDX,NFO,5.000000,1801,False
74484,NIFTY29SEP2626550PE,NIFTY,29SEP2026,2655000.000000,65,OPTIDX,NFO,5.000000,1801,False
156272,VMM29SEP26135CE,VMM,29SEP2026,13500.000000,4850,OPTSTK,NFO,1.000000,194001,False
156355,VOLTAS29SEP261000PE,VOLTAS,29SEP2026,100000.000000,375,OPTSTK,NFO,5.000000,18751,False
156360,VOLTAS29SEP261120CE,VOLTAS,29SEP2026,112000.000000,375,OPTSTK,NFO,5.000000,18751,False
156372,VOLTAS29SEP261320CE,VOLTAS,29SEP2026,132000.000000,375,OPTSTK,NFO,5.000000,18751,False
74488,NIFTY29SEP2626650PE,NIFTY,29SEP2026,2665000.000000,65,OPTIDX,NFO,5.000000,1801,False
74492,NIFTY29SEP2626750PE,NIFTY,29SEP2026,2675000.000000,65,OPTIDX,NFO,5.000000,1801,False
74505,NIFTY29SEP2627150CE,NIFTY,29SEP2026,2715000.000000,65,OPTIDX,NFO,5.000000,1801,False
74608,GAIL27OCT26140PE,GAIL,27OCT2026,14000.000000,3550,OPTSTK,NFO,1.000000,142001,False
156380,VOLTAS29SEP261480CE,VOLTAS,29SEP2026,148000.000000,375,OPTSTK,NFO,5.000000,18751,False
156463,WAAREEENER29SEP262000PE,WAAREEENER,29SEP2026,200000.000000,175,OPTSTK,NFO,5.000000,8751,False
156474,WAAREEENER29SEP262600CE,WAAREEENER,29SEP2026,260000.000000,175,OPTSTK,NFO,5.000000,8751,False
156476,WAAREEENER29SEP262700CE,WAAREEENER,29SEP2026,270000.000000,175,OPTSTK,NFO,5.000000,8751,False
74615,GAIL27OCT26160CE,GAIL,27OCT2026,16000.000000,3550,OPTSTK,NFO,1.000000,142001,False
74642,NIFTY24JUN3118000PE,NIFTY,24JUN2031,1800000.000000,65,OPTIDX,NFO,5.000000,1801,False
74644,NIFTY24JUN3119500PE,NIFTY,24JUN2031,1950000.000000,65,OPTIDX,NFO,5.000000,1801,False
74648,NIFTY24JUN3122500PE,NIFTY,24JUN2031,2250000.000000,65,OPTIDX,NFO,5.000000,1801,False
156486,WAAREEENER29SEP263200CE,WAAREEENER,29SEP2026,320000.000000,175,OPTSTK,NFO,5.000000,8751,False
156575,WIPRO29SEP26140PE,WIPRO,29SEP2026,14000.000000,3000,OPTSTK,NFO,1.000000,120001,False
156599,WIPRO29SEP26200PE,WIPRO,29SEP2026,20000.000000,3000,OPTSTK,NFO,1.000000,120001,False
156603,WIPRO29SEP26210PE,WIPRO,29SEP2026,21000.000000,3000,OPTSTK,NFO,1.000000,120001,False
74694,GAIL27OCT26185CE,GAIL,27OCT2026,18500.000000,3550,OPTSTK,NFO,1.000000,142001,False
74703,GAIL27OCT26205PE,GAIL,27OCT2026,20500.000000,3550,OPTSTK,NFO,1.000000,142001,False
74787,BAJAJ-AUTO23NOV2610000PE,BAJAJ-AUTO,23NOV2026,1000000.000000,75,OPTSTK,NFO,5.000000,2251,False
74854,NIFTYNXT5029SEP2661000PE,NIFTYNXT50,29SEP2026,6100000.000000,25,OPTIDX,NFO,5.000000,601,False
156663,YESBANK29SEP2626PE,YESBANK,29SEP2026,2600.000000,31100,OPTSTK,NFO,1.000000,933001,False
156831,ZYDUSLIFE29SEP261120PE,ZYDUSLIFE,29SEP2026,112000.000000,900,OPTSTK,NFO,5.000000,27001,False
156846,ZYDUSLIFE29SEP261280CE,ZYDUSLIFE,29SEP2026,128000.000000,900,OPTSTK,NFO,5.000000,27001,False
156853,ZYDUSLIFE29SEP261340PE,ZYDUSLIFE,29SEP2026,134000.000000,900,OPTSTK,NFO,5.000000,27001,False
74880,GLENMARK29SEP262140CE,GLENMARK,29SEP2026,214000.000000,375,OPTSTK,NFO,5.000000,11251,False
74889,GLENMARK29SEP262300PE,GLENMARK,29SEP2026,230000.000000,375,OPTSTK,NFO,5.000000,11251,False
74911,NIFTYNXT5029SEP2662000CE,NIFTYNXT50,29SEP2026,6200000.000000,25,OPTIDX,NFO,5.000000,601,False
74915,BAJAJ-AUTO23NOV2611000PE,BAJAJ-AUTO,23NOV2026,1100000.000000,75,OPTSTK,NFO,5.000000,2251,False
35262,NIFTY29JUN2730000CE,NIFTY,29JUN2027,3000000.000000,65,OPTIDX,NFO,5.000000,1801,False
35346,NIFTY28DEC2730000CE,NIFTY,28DEC2027,3000000.000000,65,OPTIDX,NFO,5.000000,1801,False
35353,NIFTY27JUN2830000PE,NIFTY,27JUN2028,3000000.000000,65,OPTIDX,NFO,5.000000,1801,False
35620,DMART29SEP263100CE,DMART,29SEP2026,310000.000000,150,OPTSTK,NFO,5.000000,6001,False
74916,BAJAJ-AUTO23NOV2611200CE,BAJAJ-AUTO,23NOV2026,1120000.000000,75,OPTSTK,NFO,5.000000,2251,False
74917,BAJAJ-AUTO23NOV2611200PE,BAJAJ-AUTO,23NOV2026,1120000.000000,75,OPTSTK,NFO,5.000000,2251,False
74949,GLENMARK29SEP262580CE,GLENMARK,29SEP2026,258000.000000,375,OPTSTK,NFO,5.000000,11251,False
74950,GLENMARK29SEP262580PE,GLENMARK,29SEP2026,258000.000000,375,OPTSTK,NFO,5.000000,11251,False
35633,DIVISLAB27OCT269400CE,DIVISLAB,27OCT2026,940000.000000,100,OPTSTK,NFO,5.000000,3001,False
35640,DRREDDY29SEP26980PE,DRREDDY,29SEP2026,98000.000000,625,OPTSTK,NFO,5.000000,18751,False
35675,ETERNAL29SEP26370PE,ETERNAL,29SEP2026,37000.000000,2425,OPTSTK,NFO,5.000000,72751,False
35707,GLENMARK27OCT262840PE,GLENMARK,27OCT2026,284000.000000,375,OPTSTK,NFO,5.000000,11251,False
74957,GLENMARK29SEP262740CE,GLENMARK,29SEP2026,274000.000000,375,OPTSTK,NFO,5.000000,11251,False
75045,NIFTYNXT5029SEP2664000CE,NIFTYNXT50,29SEP2026,6400000.000000,25,OPTIDX,NFO,5.000000,601,False
75077,BAJAJFINSV27OCT261820CE,BAJAJFINSV,27OCT2026,182000.000000,300,OPTSTK,NFO,5.000000,12001,False
75084,NIFTYNXT5029SEP2664000PE,NIFTYNXT50,29SEP2026,6400000.000000,25,OPTIDX,NFO,5.000000,601,False
35771,GRASIM29SEP263880PE,GRASIM,29SEP2026,388000.000000,250,OPTSTK,NFO,5.000000,7501,False
35816,BOSCHLTD29SEP2653500CE,BOSCHLTD,29SEP2026,5350000.000000,25,OPTSTK,NFO,5.000000,501,False
35954,KAYNES29SEP264100CE,KAYNES,29SEP2026,410000.000000,150,OPTSTK,NFO,5.000000,6001,False
75092,NIFTYNXT5029SEP2664200CE,NIFTYNXT50,29SEP2026,6420000.000000,25,OPTIDX,NFO,5.000000,601,False
75093,NIFTYNXT5029SEP2664200PE,NIFTYNXT50,29SEP2026,6420000.000000,25,OPTIDX,NFO,5.000000,601,False
75097,NIFTYNXT5029SEP2664400PE,NIFTYNXT50,29SEP2026,6440000.000000,25,OPTIDX,NFO,5.000000,601,False
75101,NIFTYNXT5029SEP2664600PE,NIFTYNXT50,29SEP2026,6460000.000000,25,OPTIDX,NFO,5.000000,601,False
36148,DIVISLAB27OCT2610400CE,DIVISLAB,27OCT2026,1040000.000000,100,OPTSTK,NFO,5.000000,3001,False
36352,PAYTM29SEP261560CE,PAYTM,29SEP2026,156000.000000,725,OPTSTK,NFO,5.000000,14501,False
36687,011NSETEST27NOV36FUT,011NSETEST,27NOV2036,-1.000000,50,FUTSTK,NFO,5.000000,100001,False
36691,031NSETEST27NOV36FUT,031NSETEST,27NOV2036,-1.000000,50,FUTSTK,NFO,5.000000,100001,False
75103,NIFTYNXT5029SEP2664700PE,NIFTYNXT50,29SEP2026,6470000.000000,25,OPTIDX,NFO,5.000000,601,False
75109,GLENMARK27OCT262080CE,GLENMARK,27OCT2026,208000.000000,375,OPTSTK,NFO,5.000000,11251,False
75111,NIFTYNXT5029SEP2664900PE,NIFTYNXT50,29SEP2026,6490000.000000,25,OPTIDX,NFO,5.000000,601,False
75114,GLENMARK27OCT262120PE,GLENMARK,27OCT2026,212000.000000,375,OPTSTK,NFO,5.000000,11251,False
36694,041NSETEST27NOV36FUT,041NSETEST,27NOV2036,-1.000000,50,FUTSTK,NFO,5.000000,100001,False
36725,161NSETEST27NOV36FUT,161NSETEST,27NOV2036,-1.000000,50,FUTSTK,NFO,5.000000,100001,False
36796,COFORGE29SEP262160CE,COFORGE,29SEP2026,216000.000000,475,OPTSTK,NFO,5.000000,14251,False
37046,LODHA29SEP26980PE,LODHA,29SEP2026,98000.000000,625,OPTSTK,NFO,5.000000,18751,False
75116,NIFTYNXT5029SEP2665100CE,NIFTYNXT50,29SEP2026,6510000.000000,25,OPTIDX,NFO,5.000000,601,False
75120,NIFTYNXT5029SEP2665300CE,NIFTYNXT50,29SEP2026,6530000.000000,25,OPTIDX,NFO,5.000000,601,False
75121,NIFTYNXT5029SEP2665300PE,NIFTYNXT50,29SEP2026,6530000.000000,25,OPTIDX,NFO,5.000000,601,False
75123,NIFTYNXT5029SEP2665400PE,NIFTYNXT50,29SEP2026,6540000.000000,25,OPTIDX,NFO,5.000000,601,False
37491,MAXHEALTH29SEP26820PE,MAXHEALTH,29SEP2026,82000.000000,525,OPTSTK,NFO,5.000000,21001,False
37529,ADANIGREEN29SEP261000CE,ADANIGREEN,29SEP2026,100000.000000,600,OPTSTK,NFO,5.000000,18001,False
37552,NAUKRI29SEP261400CE,NAUKRI,29SEP2026,140000.000000,550,OPTSTK,NFO,5.000000,16501,False
37554,NAUKRI29SEP261400PE,NAUKRI,29SEP2026,140000.000000,550,OPTSTK,NFO,5.000000,16501,False
75125,NIFTYNXT5029SEP2665500PE,NIFTYNXT50,29SEP2026,6550000.000000,25,OPTIDX,NFO,5.000000,601,False
75177,GLENMARK27OCT262440PE,GLENMARK,27OCT2026,244000.000000,375,OPTSTK,NFO,5.000000,11251,False
75241,NIFTYNXT5029SEP2667000CE,NIFTYNXT50,29SEP2026,6700000.000000,25,OPTIDX,NFO,5.000000,601,False
75268,GMRAIRPORT29SEP26101CE,GMRAIRPORT,29SEP2026,10100.000000,6975,OPTSTK,NFO,1.000000,209251,False
37557,NAUKRI29SEP261520PE,NAUKRI,29SEP2026,152000.000000,550,OPTSTK,NFO,5.000000,16501,False
37942,TVSMOTOR29SEP264500CE,TVSMOTOR,29SEP2026,450000.000000,175,OPTSTK,NFO,5.000000,5251,False
38014,ULTRACEMCO29SEP269200PE,ULTRACEMCO,29SEP2026,920000.000000,50,OPTSTK,NFO,5.000000,2001,False
38023,ULTRACEMCO29SEP269400PE,ULTRACEMCO,29SEP2026,940000.000000,50,OPTSTK,NFO,5.000000,2001,False
75271,GMRAIRPORT29SEP26103PE,GMRAIRPORT,29SEP2026,10300.000000,6975,OPTSTK,NFO,1.000000,209251,False
75272,GMRAIRPORT29SEP26105CE,GMRAIRPORT,29SEP2026,10500.000000,6975,OPTSTK,NFO,1.000000,209251,False
75280,GMRAIRPORT29SEP26113CE,GMRAIRPORT,29SEP2026,11300.000000,6975,OPTSTK,NFO,1.000000,209251,False
75301,NIFTYNXT5029SEP2667900PE,NIFTYNXT50,29SEP2026,6790000.000000,25,OPTIDX,NFO,5.000000,601,False
38029,ULTRACEMCO29SEP269700CE,ULTRACEMCO,29SEP2026,970000.000000,50,OPTSTK,NFO,5.000000,2001,False
38035,ULTRACEMCO29SEP269900CE,ULTRACEMCO,29SEP2026,990000.000000,50,OPTSTK,NFO,5.000000,2001,False
38082,ULTRACEMCO29SEP2610800PE,ULTRACEMCO,29SEP2026,1080000.000000,50,OPTSTK,NFO,5.000000,2001,False
38099,ULTRACEMCO29SEP2611400CE,ULTRACEMCO,29SEP2026,1140000.000000,50,OPTSTK,NFO,5.000000,2001,False
75302,NIFTYNXT5029SEP2668000CE,NIFTYNXT50,29SEP2026,6800000.000000,25,OPTIDX,NFO,5.000000,601,False
75313,NIFTYNXT5029SEP2668500CE,NIFTYNXT50,29SEP2026,6850000.000000,25,OPTIDX,NFO,5.000000,601,False
75320,NIFTYNXT5029SEP2668800PE,NIFTYNXT50,29SEP2026,6880000.000000,25,OPTIDX,NFO,5.000000,601,False
75323,NIFTYNXT5029SEP2669000CE,NIFTYNXT50,29SEP2026,6900000.000000,25,OPTIDX,NFO,5.000000,601,False
38171,ULTRACEMCO29SEP2613600CE,ULTRACEMCO,29SEP2026,1360000.000000,50,OPTSTK,NFO,5.000000,2001,False
38186,ULTRACEMCO29SEP2614000PE,ULTRACEMCO,29SEP2026,1400000.000000,50,OPTSTK,NFO,5.000000,2001,False
38196,BAJAJFINSV29SEP262360CE,BAJAJFINSV,29SEP2026,236000.000000,300,OPTSTK,NFO,5.000000,12001,False
38297,ULTRACEMCO27OCT269400CE,ULTRACEMCO,27OCT2026,940000.000000,50,OPTSTK,NFO,5.000000,2001,False
75331,NIFTYNXT5029SEP2669400CE,NIFTYNXT50,29SEP2026,6940000.000000,25,OPTIDX,NFO,5.000000,601,False
75332,NIFTYNXT5029SEP2669400PE,NIFTYNXT50,29SEP2026,6940000.000000,25,OPTIDX,NFO,5.000000,601,False
75333,NIFTYNXT5029SEP2669500CE,NIFTYNXT50,29SEP2026,6950000.000000,25,OPTIDX,NFO,5.000000,601,False
75443,GMRAIRPORT27OCT2688CE,GMRAIRPORT,27OCT2026,8800.000000,6975,OPTSTK,NFO,1.000000,209251,False
38298,ULTRACEMCO27OCT269400PE,ULTRACEMCO,27OCT2026,940000.000000,50,OPTSTK,NFO,5.000000,2001,False
38309,ULTRACEMCO27OCT2610200PE,ULTRACEMCO,27OCT2026,1020000.000000,50,OPTSTK,NFO,5.000000,2001,False
38319,ULTRACEMCO27OCT2611200PE,ULTRACEMCO,27OCT2026,1120000.000000,50,OPTSTK,NFO,5.000000,2001,False
38330,ULTRACEMCO27OCT2612200CE,ULTRACEMCO,27OCT2026,1220000.000000,50,OPTSTK,NFO,5.000000,2001,False
75444,GMRAIRPORT27OCT2688PE,GMRAIRPORT,27OCT2026,8800.000000,6975,OPTSTK,NFO,1.000000,209251,False
75447,GMRAIRPORT27OCT2692CE,GMRAIRPORT,27OCT2026,9200.000000,6975,OPTSTK,NFO,1.000000,209251,False
75463,GMRAIRPORT27OCT26104PE,GMRAIRPORT,27OCT2026,10400.000000,6975,OPTSTK,NFO,1.000000,209251,False
75466,GMRAIRPORT27OCT26108CE,GMRAIRPORT,27OCT2026,10800.000000,6975,OPTSTK,NFO,1.000000,209251,False
75467,GMRAIRPORT27OCT26108PE,GMRAIRPORT,27OCT2026,10800.000000,6975,OPTSTK,NFO,1.000000,209251,False
75468,GMRAIRPORT27OCT26110CE,GMRAIRPORT,27OCT2026,11000.000000,6975,OPTSTK,NFO,1.000000,209251,False
75498,NIFTYNXT5029SEP2670700CE,NIFTYNXT50,29SEP2026,7070000.000000,25,OPTIDX,NFO,5.000000,601,False
75504,NIFTYNXT5029SEP2671000CE,NIFTYNXT50,29SEP2026,7100000.000000,25,OPTIDX,NFO,5.000000,601,False
38332,ULTRACEMCO27OCT2612400CE,ULTRACEMCO,27OCT2026,1240000.000000,50,OPTSTK,NFO,5.000000,2001,False
38341,ULTRACEMCO27OCT2612800PE,ULTRACEMCO,27OCT2026,1280000.000000,50,OPTSTK,NFO,5.000000,2001,False
38365,ULTRACEMCO27OCT2613600CE,ULTRACEMCO,27OCT2026,1360000.000000,50,OPTSTK,NFO,5.000000,2001,False
38422,COFORGE29SEP261960PE,COFORGE,29SEP2026,196000.000000,475,OPTSTK,NFO,5.000000,14251,False
75506,NIFTYNXT5029SEP2671100CE,NIFTYNXT50,29SEP2026,7110000.000000,25,OPTIDX,NFO,5.000000,601,False
75507,NIFTYNXT5029SEP2671100PE,NIFTYNXT50,29SEP2026,7110000.000000,25,OPTIDX,NFO,5.000000,601,False
75513,NIFTYNXT5029SEP2671400PE,NIFTYNXT50,29SEP2026,7140000.000000,25,OPTIDX,NFO,5.000000,601,False
75542,NIFTYNXT5029SEP2672400CE,NIFTYNXT50,29SEP2026,7240000.000000,25,OPTIDX,NFO,5.000000,601,False
38469,DIVISLAB29SEP268600CE,DIVISLAB,29SEP2026,860000.000000,100,OPTSTK,NFO,5.000000,3001,False
39045,DIVISLAB27OCT269800PE,DIVISLAB,27OCT2026,980000.000000,100,OPTSTK,NFO,5.000000,3001,False
39567,TECHM29SEP261400CE,TECHM,29SEP2026,140000.000000,600,OPTSTK,NFO,5.000000,18001,False
39597,TECHM29SEP261840PE,TECHM,29SEP2026,184000.000000,600,OPTSTK,NFO,5.000000,18001,False
75549,GMRAIRPORT27OCT26112PE,GMRAIRPORT,27OCT2026,11200.000000,6975,OPTSTK,NFO,1.000000,209251,False
75616,GODFRYPHLP29SEP262150CE,GODFRYPHLP,29SEP2026,215000.000000,275,OPTSTK,NFO,5.000000,11001,False
75659,NIFTYNXT5029SEP2673400CE,NIFTYNXT50,29SEP2026,7340000.000000,25,OPTIDX,NFO,5.000000,601,False
75660,NIFTYNXT5029SEP2673400PE,NIFTYNXT50,29SEP2026,7340000.000000,25,OPTIDX,NFO,5.000000,601,False
39667,PAYTM27OCT261720PE,PAYTM,27OCT2026,172000.000000,725,OPTSTK,NFO,5.000000,14501,False
39912,BAJAJ-AUTO29SEP2613000CE,BAJAJ-AUTO,29SEP2026,1300000.000000,75,OPTSTK,NFO,5.000000,2251,False
40652,NIFTY06OCT2621650CE,NIFTY,06OCT2026,2165000.000000,65,OPTIDX,NFO,5.000000,1801,False
40657,NIFTY06OCT2621750CE,NIFTY,06OCT2026,2175000.000000,65,OPTIDX,NFO,5.000000,1801,False
75664,GODFRYPHLP27OCT261800PE,GODFRYPHLP,27OCT2026,180000.000000,275,OPTSTK,NFO,5.000000,11001,False
75677,GODFRYPHLP27OCT261900PE,GODFRYPHLP,27OCT2026,190000.000000,275,OPTSTK,NFO,5.000000,11001,False
75678,GODFRYPHLP27OCT262000CE,GODFRYPHLP,27OCT2026,200000.000000,275,OPTSTK,NFO,5.000000,11001,False
75737,NIFTYNXT5029SEP2673700CE,NIFTYNXT50,29SEP2026,7370000.000000,25,OPTIDX,NFO,5.000000,601,False
40681,NIFTY06OCT2622300PE,NIFTY,06OCT2026,2230000.000000,65,OPTIDX,NFO,5.000000,1801,False
40664,NIFTY06OCT2621900PE,NIFTY,06OCT2026,2190000.000000,65,OPTIDX,NFO,5.000000,1801,False
40674,NIFTY06OCT2622150PE,NIFTY,06OCT2026,2215000.000000,65,OPTIDX,NFO,5.000000,1801,False
40679,NIFTY06OCT2622300CE,NIFTY,06OCT2026,2230000.000000,65,OPTIDX,NFO,5.000000,1801,False
75762,NIFTYNXT5029SEP2674100CE,NIFTYNXT50,29SEP2026,7410000.000000,25,OPTIDX,NFO,5.000000,601,False
75781,NIFTYNXT5029SEP2674800CE,NIFTYNXT50,29SEP2026,7480000.000000,25,OPTIDX,NFO,5.000000,601,False
75798,GODREJCP29SEP26870CE,GODREJCP,29SEP2026,87000.000000,500,OPTSTK,NFO,5.000000,25001,False
75837,NIFTYNXT5029SEP2675800CE,NIFTYNXT50,29SEP2026,7580000.000000,25,OPTIDX,NFO,5.000000,601,False
40710,NIFTY06OCT2622700CE,NIFTY,06OCT2026,2270000.000000,65,OPTIDX,NFO,5.000000,1801,False
40714,NIFTY06OCT2622750PE,NIFTY,06OCT2026,2275000.000000,65,OPTIDX,NFO,5.000000,1801,False
40754,NIFTY06OCT2623350PE,NIFTY,06OCT2026,2335000.000000,65,OPTIDX,NFO,5.000000,1801,False
40786,NIFTY06OCT2623850CE,NIFTY,06OCT2026,2385000.000000,65,OPTIDX,NFO,5.000000,1801,False
40803,NIFTY06OCT2624100CE,NIFTY,06OCT2026,2410000.000000,65,OPTIDX,NFO,5.000000,1801,False
40812,NIFTY06OCT2624200PE,NIFTY,06OCT2026,2420000.000000,65,OPTIDX,NFO,5.000000,1801,False
40817,NIFTY06OCT2624300CE,NIFTY,06OCT2026,2430000.000000,65,OPTIDX,NFO,5.000000,1801,False
40846,NIFTY06OCT2624750CE,NIFTY,06OCT2026,2475000.000000,65,OPTIDX,NFO,5.000000,1801,False
40851,NIFTY06OCT2624750PE,NIFTY,06OCT2026,2475000.000000,65,OPTIDX,NFO,5.000000,1801,False
40865,NIFTY06OCT2625000CE,NIFTY,06OCT2026,2500000.000000,65,OPTIDX,NFO,5.000000,1801,False
40872,NIFTY06OCT2625150PE,NIFTY,06OCT2026,2515000.000000,65,OPTIDX,NFO,5.000000,1801,False
40874,NIFTY06OCT2625200PE,NIFTY,06OCT2026,2520000.000000,65,OPTIDX,NFO,5.000000,1801,False
40878,NIFTY06OCT2625300PE,NIFTY,06OCT2026,2530000.000000,65,OPTIDX,NFO,5.000000,1801,False
40940,GODREJCP27OCT26700PE,GODREJCP,27OCT2026,70000.000000,500,OPTSTK,NFO,5.000000,25001,False
41986,SONACOMS29SEP26860PE,SONACOMS,29SEP2026,86000.000000,1225,OPTSTK,NFO,5.000000,36751,False
43219,GODREJPROP29SEP261500PE,GODREJPROP,29SEP2026,150000.000000,325,OPTSTK,NFO,5.000000,13001,False
43223,GODREJPROP27OCT261560PE,GODREJPROP,27OCT2026,156000.000000,325,OPTSTK,NFO,5.000000,13001,False
43456,MANAPPURAM27OCT26270CE,MANAPPURAM,27OCT2026,27000.000000,3000,OPTSTK,NFO,5.000000,60001,False
43679,KALYANKJIL29SEP26580CE,KALYANKJIL,29SEP2026,58000.000000,1350,OPTSTK,NFO,5.000000,40501,False
43684,KALYANKJIL29SEP26620PE,KALYANKJIL,29SEP2026,62000.000000,1350,OPTSTK,NFO,5.000000,40501,False
44161,HAL29SEP265700CE,HAL,29SEP2026,570000.000000,150,OPTSTK,NFO,5.000000,4501,False
44287,KALYANKJIL29SEP26640CE,KALYANKJIL,29SEP2026,64000.000000,1350,OPTSTK,NFO,5.000000,40501,False
44583,NIFTY13OCT2622050PE,NIFTY,13OCT2026,2205000.000000,65,OPTIDX,NFO,5.000000,1801,False
44586,NIFTY13OCT2622150CE,NIFTY,13OCT2026,2215000.000000,65,OPTIDX,NFO,5.000000,1801,False
44592,NIFTY13OCT2622200CE,NIFTY,13OCT2026,2220000.000000,65,OPTIDX,NFO,5.000000,1801,False
44596,NIFTY13OCT2622250CE,NIFTY,13OCT2026,2225000.000000,65,OPTIDX,NFO,5.000000,1801,False
44599,NIFTY13OCT2622300PE,NIFTY,13OCT2026,2230000.000000,65,OPTIDX,NFO,5.000000,1801,False
44608,NIFTY13OCT2622450CE,NIFTY,13OCT2026,2245000.000000,65,OPTIDX,NFO,5.000000,1801,False
75855,NIFTYNXT5029SEP2676000CE,NIFTYNXT50,29SEP2026,7600000.000000,25,OPTIDX,NFO,5.000000,601,False
75863,NIFTYNXT5029SEP2676400CE,NIFTYNXT50,29SEP2026,7640000.000000,25,OPTIDX,NFO,5.000000,601,False
75865,NIFTYNXT5029SEP2676500CE,NIFTYNXT50,29SEP2026,7650000.000000,25,OPTIDX,NFO,5.000000,601,False
75866,NIFTYNXT5029SEP2676500PE,NIFTYNXT50,29SEP2026,7650000.000000,25,OPTIDX,NFO,5.000000,601,False
44613,NIFTY13OCT2622500PE,NIFTY,13OCT2026,2250000.000000,65,OPTIDX,NFO,5.000000,1801,False
44619,NIFTY13OCT2622650PE,NIFTY,13OCT2026,2265000.000000,65,OPTIDX,NFO,5.000000,1801,False
44625,NIFTY13OCT2622800PE,NIFTY,13OCT2026,2280000.000000,65,OPTIDX,NFO,5.000000,1801,False
44649,NIFTY13OCT2623150PE,NIFTY,13OCT2026,2315000.000000,65,OPTIDX,NFO,5.000000,1801,False
75869,NIFTYNXT5029SEP2676700CE,NIFTYNXT50,29SEP2026,7670000.000000,25,OPTIDX,NFO,5.000000,601,False
75915,GODREJCP27OCT26840CE,GODREJCP,27OCT2026,84000.000000,500,OPTSTK,NFO,5.000000,25001,False
75939,GODREJCP27OCT261000CE,GODREJCP,27OCT2026,100000.000000,500,OPTSTK,NFO,5.000000,25001,False
75952,NIFTYNXT5029SEP2677300PE,NIFTYNXT50,29SEP2026,7730000.000000,25,OPTIDX,NFO,5.000000,601,False
44683,NIFTY13OCT2623650PE,NIFTY,13OCT2026,2365000.000000,65,OPTIDX,NFO,5.000000,1801,False
44711,NIFTY13OCT2623950PE,NIFTY,13OCT2026,2395000.000000,65,OPTIDX,NFO,5.000000,1801,False
44722,NIFTY13OCT2624150CE,NIFTY,13OCT2026,2415000.000000,65,OPTIDX,NFO,5.000000,1801,False
44730,NIFTY13OCT2624250CE,NIFTY,13OCT2026,2425000.000000,65,OPTIDX,NFO,5.000000,1801,False
75956,NIFTYNXT5029SEP2677500PE,NIFTYNXT50,29SEP2026,7750000.000000,25,OPTIDX,NFO,5.000000,601,False
75980,NIFTYNXT5029SEP2677600PE,NIFTYNXT50,29SEP2026,7760000.000000,25,OPTIDX,NFO,5.000000,601,False
75982,NIFTYNXT5029SEP2677700PE,NIFTYNXT50,29SEP2026,7770000.000000,25,OPTIDX,NFO,5.000000,601,False
75993,NIFTYNXT5029SEP2678000CE,NIFTYNXT50,29SEP2026,7800000.000000,25,OPTIDX,NFO,5.000000,601,False
75994,NIFTYNXT5029SEP2678000PE,NIFTYNXT50,29SEP2026,7800000.000000,25,OPTIDX,NFO,5.000000,601,False
76010,BAJAJHLDNG27OCT2610300CE,BAJAJHLDNG,27OCT2026,1030000.000000,75,OPTSTK,NFO,5.000000,2251,False
76014,BAJAJHLDNG27OCT2610700CE,BAJAJHLDNG,27OCT2026,1070000.000000,75,OPTSTK,NFO,5.000000,2251,False
76024,BAJAJHLDNG27OCT2611100PE,BAJAJHLDNG,27OCT2026,1110000.000000,75,OPTSTK,NFO,5.000000,2251,False
44748,NIFTY13OCT2624450CE,NIFTY,13OCT2026,2445000.000000,65,OPTIDX,NFO,5.000000,1801,False
44756,NIFTY13OCT2624550CE,NIFTY,13OCT2026,2455000.000000,65,OPTIDX,NFO,5.000000,1801,False
44777,NIFTY13OCT2624950PE,NIFTY,13OCT2026,2495000.000000,65,OPTIDX,NFO,5.000000,1801,False
44778,NIFTY13OCT2625000CE,NIFTY,13OCT2026,2500000.000000,65,OPTIDX,NFO,5.000000,1801,False
76025,BAJAJHLDNG27OCT2611300CE,BAJAJHLDNG,27OCT2026,1130000.000000,75,OPTSTK,NFO,5.000000,2251,False
76028,BAJAJHLDNG27OCT2611500PE,BAJAJHLDNG,27OCT2026,1150000.000000,75,OPTSTK,NFO,5.000000,2251,False
76052,NIFTYNXT5029SEP2678400PE,NIFTYNXT50,29SEP2026,7840000.000000,25,OPTIDX,NFO,5.000000,601,False
76059,NIFTYNXT5029SEP2678800CE,NIFTYNXT50,29SEP2026,7880000.000000,25,OPTIDX,NFO,5.000000,601,False
45720,GODREJCP27OCT26740PE,GODREJCP,27OCT2026,74000.000000,500,OPTSTK,NFO,5.000000,25001,False
46008,INDUSTOWER29SEP26320CE,INDUSTOWER,29SEP2026,32000.000000,1700,OPTSTK,NFO,5.000000,68001,False
46053,INDUSTOWER29SEP26370CE,INDUSTOWER,29SEP2026,37000.000000,1700,OPTSTK,NFO,5.000000,68001,False
46072,INDUSTOWER29SEP26415PE,INDUSTOWER,29SEP2026,41500.000000,1700,OPTSTK,NFO,5.000000,68001,False
76071,NIFTYNXT5029SEP2679400CE,NIFTYNXT50,29SEP2026,7940000.000000,25,OPTIDX,NFO,5.000000,601,False
76163,GODREJPROP29SEP262020CE,GODREJPROP,29SEP2026,202000.000000,325,OPTSTK,NFO,5.000000,13001,False
76166,GODREJPROP29SEP262060PE,GODREJPROP,29SEP2026,206000.000000,325,OPTSTK,NFO,5.000000,13001,False
76173,NIFTYNXT5029SEP2680600CE,NIFTYNXT50,29SEP2026,8060000.000000,25,OPTIDX,NFO,5.000000,601,False
100006,HINDZINC27OCT26550PE,HINDZINC,27OCT2026,55000.000000,1225,OPTSTK,NFO,5.000000,36751,False
100066,DIVISLAB29SEP267000CE,DIVISLAB,29SEP2026,700000.000000,100,OPTSTK,NFO,5.000000,3001,False
100068,DIVISLAB29SEP267200CE,DIVISLAB,29SEP2026,720000.000000,100,OPTSTK,NFO,5.000000,3001,False
100072,DIVISLAB29SEP267600CE,DIVISLAB,29SEP2026,760000.000000,100,OPTSTK,NFO,5.000000,3001,False
46087,INDUSTOWER29SEP26440PE,INDUSTOWER,29SEP2026,44000.000000,1700,OPTSTK,NFO,5.000000,68001,False
46090,INDUSTOWER29SEP26445PE,INDUSTOWER,29SEP2026,44500.000000,1700,OPTSTK,NFO,5.000000,68001,False
46192,INDUSTOWER27OCT26330CE,INDUSTOWER,27OCT2026,33000.000000,1700,OPTSTK,NFO,5.000000,68001,False
46216,INDUSTOWER27OCT26410PE,INDUSTOWER,27OCT2026,41000.000000,1700,OPTSTK,NFO,5.000000,68001,False
76182,NIFTYNXT5029SEP2681000PE,NIFTYNXT50,29SEP2026,8100000.000000,25,OPTIDX,NFO,5.000000,601,False
76231,GODREJPROP29SEP262180PE,GODREJPROP,29SEP2026,218000.000000,325,OPTSTK,NFO,5.000000,13001,False
76293,GODREJPROP27OCT261600PE,GODREJPROP,27OCT2026,160000.000000,325,OPTSTK,NFO,5.000000,13001,False
76299,GODREJPROP27OCT261720PE,GODREJPROP,27OCT2026,172000.000000,325,OPTSTK,NFO,5.000000,13001,False
100081,DIVISLAB29SEP268400PE,DIVISLAB,29SEP2026,840000.000000,100,OPTSTK,NFO,5.000000,3001,False
100133,PATANJALI29SEP26305CE,PATANJALI,29SEP2026,30500.000000,1075,OPTSTK,NFO,5.000000,64501,False
100135,HINDZINC23NOV26520CE,HINDZINC,23NOV2026,52000.000000,1225,OPTSTK,NFO,5.000000,36751,False
100139,HINDZINC23NOV26560CE,HINDZINC,23NOV2026,56000.000000,1225,OPTSTK,NFO,5.000000,36751,False
46219,INDUSTOWER27OCT26420CE,INDUSTOWER,27OCT2026,42000.000000,1700,OPTSTK,NFO,5.000000,68001,False
46229,INDUSTOWER27OCT26450CE,INDUSTOWER,27OCT2026,45000.000000,1700,OPTSTK,NFO,5.000000,68001,False
46230,INDUSTOWER27OCT26450PE,INDUSTOWER,27OCT2026,45000.000000,1700,OPTSTK,NFO,5.000000,68001,False
46362,MCX29SEP263650PE,MCX,29SEP2026,365000.000000,225,OPTSTK,NFO,5.000000,6751,False
76310,GODREJPROP27OCT261960CE,GODREJPROP,27OCT2026,196000.000000,325,OPTSTK,NFO,5.000000,13001,False
76318,GODREJPROP27OCT262080CE,GODREJPROP,27OCT2026,208000.000000,325,OPTSTK,NFO,5.000000,13001,False
76322,GODREJPROP27OCT262160CE,GODREJPROP,27OCT2026,216000.000000,325,OPTSTK,NFO,5.000000,13001,False
76393,BANKNIFTY30MAR2752500PE,BANKNIFTY,30MAR2027,5250000.000000,30,OPTIDX,NFO,5.000000,601,False
100141,HINDZINC23NOV26580CE,HINDZINC,23NOV2026,58000.000000,1225,OPTSTK,NFO,5.000000,36751,False
100162,HINDZINC23NOV26720CE,HINDZINC,23NOV2026,72000.000000,1225,OPTSTK,NFO,5.000000,36751,False
100215,HYUNDAI27OCT262100PE,HYUNDAI,27OCT2026,210000.000000,275,OPTSTK,NFO,5.000000,11001,False
100352,HYUNDAI23NOV262000CE,HYUNDAI,23NOV2026,200000.000000,275,OPTSTK,NFO,5.000000,11001,False
47190,NIFTY29DEC2633000CE,NIFTY,29DEC2026,3300000.000000,65,OPTIDX,NFO,5.000000,1801,False
47215,NIFTY15SEP2622000CE,NIFTY,15SEP2026,2200000.000000,65,OPTIDX,NFO,5.000000,1801,False
47237,NIFTY15SEP2622200PE,NIFTY,15SEP2026,2220000.000000,65,OPTIDX,NFO,5.000000,1801,False
47244,NIFTY15SEP2622300CE,NIFTY,15SEP2026,2230000.000000,65,OPTIDX,NFO,5.000000,1801,False
76453,NIFTYNXT5029SEP2681500CE,NIFTYNXT50,29SEP2026,8150000.000000,25,OPTIDX,NFO,5.000000,601,False
76501,BAJFINANCE23NOV26880CE,BAJFINANCE,23NOV2026,88000.000000,750,OPTSTK,NFO,5.000000,22501,False
76515,BAJFINANCE23NOV261020CE,BAJFINANCE,23NOV2026,102000.000000,750,OPTSTK,NFO,5.000000,22501,False
76527,BAJFINANCE23NOV261140CE,BAJFINANCE,23NOV2026,114000.000000,750,OPTSTK,NFO,5.000000,22501,False
76537,BAJFINANCE23NOV261240CE,BAJFINANCE,23NOV2026,124000.000000,750,OPTSTK,NFO,5.000000,22501,False
76589,NIFTYNXT5029SEP2683000PE,NIFTYNXT50,29SEP2026,8300000.000000,25,OPTIDX,NFO,5.000000,601,False
76630,NIFTYNXT5029SEP2684000CE,NIFTYNXT50,29SEP2026,8400000.000000,25,OPTIDX,NFO,5.000000,601,False
76724,BANDHANBNK23NOV26150CE,BANDHANBNK,23NOV2026,15000.000000,3600,OPTSTK,NFO,1.000000,108001,False
47254,NIFTY15SEP2622400PE,NIFTY,15SEP2026,2240000.000000,65,OPTIDX,NFO,5.000000,1801,False
47265,NIFTY15SEP2622700CE,NIFTY,15SEP2026,2270000.000000,65,OPTIDX,NFO,5.000000,1801,False
47267,NIFTY15SEP2622750CE,NIFTY,15SEP2026,2275000.000000,65,OPTIDX,NFO,5.000000,1801,False
47269,NIFTY15SEP2622800CE,NIFTY,15SEP2026,2280000.000000,65,OPTIDX,NFO,5.000000,1801,False
100381,HYUNDAI23NOV262240PE,HYUNDAI,23NOV2026,224000.000000,275,OPTSTK,NFO,5.000000,11001,False
100382,HYUNDAI23NOV262280CE,HYUNDAI,23NOV2026,228000.000000,275,OPTSTK,NFO,5.000000,11001,False
100384,HYUNDAI23NOV262320CE,HYUNDAI,23NOV2026,232000.000000,275,OPTSTK,NFO,5.000000,11001,False
100387,HYUNDAI23NOV262360PE,HYUNDAI,23NOV2026,236000.000000,275,OPTSTK,NFO,5.000000,11001,False
47311,NIFTY15SEP2623850CE,NIFTY,15SEP2026,2385000.000000,65,OPTIDX,NFO,5.000000,1801,False
47317,NIFTY15SEP2623950CE,NIFTY,15SEP2026,2395000.000000,65,OPTIDX,NFO,5.000000,1801,False
47325,NIFTY15SEP2624150CE,NIFTY,15SEP2026,2415000.000000,65,OPTIDX,NFO,5.000000,1801,False
47326,NIFTY15SEP2624150PE,NIFTY,15SEP2026,2415000.000000,65,OPTIDX,NFO,5.000000,1801,False
76734,BANDHANBNK23NOV26200CE,BANDHANBNK,23NOV2026,20000.000000,3600,OPTSTK,NFO,1.000000,108001,False
76826,GRASIM29SEP262980PE,GRASIM,29SEP2026,298000.000000,250,OPTSTK,NFO,5.000000,7501,False
76829,GRASIM29SEP263060CE,GRASIM,29SEP2026,306000.000000,250,OPTSTK,NFO,5.000000,7501,False
76853,GRASIM29SEP263460PE,GRASIM,29SEP2026,346000.000000,250,OPTSTK,NFO,5.000000,7501,False
100437,PATANJALI27OCT26350PE,PATANJALI,27OCT2026,35000.000000,1075,OPTSTK,NFO,5.000000,64501,False
100454,PATANJALI27OCT26390PE,PATANJALI,27OCT2026,39000.000000,1075,OPTSTK,NFO,5.000000,64501,False
100456,PATANJALI27OCT26400PE,PATANJALI,27OCT2026,40000.000000,1075,OPTSTK,NFO,5.000000,64501,False
100551,DIXON29SEP2617000PE,DIXON,29SEP2026,1700000.000000,50,OPTSTK,NFO,5.000000,1501,False
47360,NIFTY15SEP2624900PE,NIFTY,15SEP2026,2490000.000000,65,OPTIDX,NFO,5.000000,1801,False
47361,NIFTY15SEP2624950CE,NIFTY,15SEP2026,2495000.000000,65,OPTIDX,NFO,5.000000,1801,False
47362,NIFTY15SEP2624950PE,NIFTY,15SEP2026,2495000.000000,65,OPTIDX,NFO,5.000000,1801,False
47378,NIFTY15SEP2625250PE,NIFTY,15SEP2026,2525000.000000,65,OPTIDX,NFO,5.000000,1801,False
76889,BANKBARODA27OCT26245CE,BANKBARODA,27OCT2026,24500.000000,2925,OPTSTK,NFO,1.000000,87751,False
76892,BANKBARODA27OCT26255PE,BANKBARODA,27OCT2026,25500.000000,2925,OPTSTK,NFO,1.000000,87751,False
76893,BANKBARODA27OCT26265CE,BANKBARODA,27OCT2026,26500.000000,2925,OPTSTK,NFO,1.000000,87751,False
76894,BANKBARODA27OCT26265PE,BANKBARODA,27OCT2026,26500.000000,2925,OPTSTK,NFO,1.000000,87751,False
100598,DLF29SEP26660PE,DLF,29SEP2026,66000.000000,950,OPTSTK,NFO,5.000000,38001,False
100636,PAYTM29SEP261660CE,PAYTM,29SEP2026,166000.000000,725,OPTSTK,NFO,5.000000,14501,False
100742,ICICIBANK27OCT261310CE,ICICIBANK,27OCT2026,131000.000000,700,OPTSTK,NFO,5.000000,21001,False
100762,ICICIBANK27OCT261510CE,ICICIBANK,27OCT2026,151000.000000,700,OPTSTK,NFO,5.000000,21001,False
76970,BANKBARODA23NOV26240CE,BANKBARODA,23NOV2026,24000.000000,2925,OPTSTK,NFO,1.000000,87751,False
76972,BANKBARODA23NOV26250CE,BANKBARODA,23NOV2026,25000.000000,2925,OPTSTK,NFO,1.000000,87751,False
77022,BANKINDIA27OCT26142.5PE,BANKINDIA,27OCT2026,14250.000000,5200,OPTSTK,NFO,1.000000,156001,False
77029,BANKINDIA27OCT26152.5CE,BANKINDIA,27OCT2026,15250.000000,5200,OPTSTK,NFO,1.000000,156001,False
47406,NIFTY15SEP2625700PE,NIFTY,15SEP2026,2570000.000000,65,OPTIDX,NFO,5.000000,1801,False
47415,NIFTY15SEP2625850CE,NIFTY,15SEP2026,2585000.000000,65,OPTIDX,NFO,5.000000,1801,False
47766,KALYANKJIL29SEP26710CE,KALYANKJIL,29SEP2026,71000.000000,1350,OPTSTK,NFO,5.000000,40501,False
48295,NIFTYFPI29SEP261340PE,NIFTYFPI,29SEP2026,134000.000000,1100,OPTIDX,NFO,5.000000,8501,False
77215,GRASIM27OCT263080CE,GRASIM,27OCT2026,308000.000000,250,OPTSTK,NFO,5.000000,7501,False
77220,GRASIM27OCT263160PE,GRASIM,27OCT2026,316000.000000,250,OPTSTK,NFO,5.000000,7501,False
77225,GRASIM27OCT263280CE,GRASIM,27OCT2026,328000.000000,250,OPTSTK,NFO,5.000000,7501,False
77226,GRASIM27OCT263280PE,GRASIM,27OCT2026,328000.000000,250,OPTSTK,NFO,5.000000,7501,False
100767,ICICIBANK27OCT261550PE,ICICIBANK,27OCT2026,155000.000000,700,OPTSTK,NFO,5.000000,21001,False
100795,DLF29SEP26780CE,DLF,29SEP2026,78000.000000,950,OPTSTK,NFO,5.000000,38001,False
100813,PERSISTENT29SEP265100CE,PERSISTENT,29SEP2026,510000.000000,125,OPTSTK,NFO,5.000000,3751,False
100824,PERSISTENT29SEP265900PE,PERSISTENT,29SEP2026,590000.000000,125,OPTSTK,NFO,5.000000,3751,False
48342,NIFTYFPI29SEP261440CE,NIFTYFPI,29SEP2026,144000.000000,1100,OPTIDX,NFO,5.000000,8501,False
48363,NIFTYFPI29SEP261470PE,NIFTYFPI,29SEP2026,147000.000000,1100,OPTIDX,NFO,5.000000,8501,False
48365,NIFTYFPI29SEP261475PE,NIFTYFPI,29SEP2026,147500.000000,1100,OPTIDX,NFO,5.000000,8501,False
48370,NIFTYFPI29SEP261480CE,NIFTYFPI,29SEP2026,148000.000000,1100,OPTIDX,NFO,5.000000,8501,False
77228,GRASIM27OCT263320PE,GRASIM,27OCT2026,332000.000000,250,OPTSTK,NFO,5.000000,7501,False
77251,GRASIM27OCT263800CE,GRASIM,27OCT2026,380000.000000,250,OPTSTK,NFO,5.000000,7501,False
77252,GRASIM27OCT263800PE,GRASIM,27OCT2026,380000.000000,250,OPTSTK,NFO,5.000000,7501,False
77254,GRASIM27OCT263840PE,GRASIM,27OCT2026,384000.000000,250,OPTSTK,NFO,5.000000,7501,False
48382,NIFTYFPI29SEP261500CE,NIFTYFPI,29SEP2026,150000.000000,1100,OPTIDX,NFO,5.000000,8501,False
48393,NIFTYFPI29SEP261525PE,NIFTYFPI,29SEP2026,152500.000000,1100,OPTIDX,NFO,5.000000,8501,False
48400,NIFTYFPI29SEP261540CE,NIFTYFPI,29SEP2026,154000.000000,1100,OPTIDX,NFO,5.000000,8501,False
48423,NIFTYFPI29SEP261550PE,NIFTYFPI,29SEP2026,155000.000000,1100,OPTIDX,NFO,5.000000,8501,False
100825,PERSISTENT29SEP266100CE,PERSISTENT,29SEP2026,610000.000000,125,OPTSTK,NFO,5.000000,3751,False
100853,PERSISTENT27OCT264800CE,PERSISTENT,27OCT2026,480000.000000,125,OPTSTK,NFO,5.000000,3751,False
100868,PERSISTENT27OCT266200PE,PERSISTENT,27OCT2026,620000.000000,125,OPTSTK,NFO,5.000000,3751,False
100900,PETRONET29SEP26265PE,PETRONET,29SEP2026,26500.000000,1900,OPTSTK,NFO,5.000000,76001,False
77304,GVT&D29SEP264500CE,GVT&D,29SEP2026,450000.000000,125,OPTSTK,NFO,5.000000,5001,False
77388,BANKINDIA23NOV26145CE,BANKINDIA,23NOV2026,14500.000000,5200,OPTSTK,NFO,1.000000,156001,False
77400,GVT&D27OCT264200PE,GVT&D,27OCT2026,420000.000000,125,OPTSTK,NFO,5.000000,5001,False
77403,GVT&D27OCT264600CE,GVT&D,27OCT2026,460000.000000,125,OPTSTK,NFO,5.000000,5001,False
48426,NIFTYFPI29SEP261560CE,NIFTYFPI,29SEP2026,156000.000000,1100,OPTIDX,NFO,5.000000,8501,False
48442,NIFTYFPI29SEP261585CE,NIFTYFPI,29SEP2026,158500.000000,1100,OPTIDX,NFO,5.000000,8501,False
48456,NIFTYFPI29SEP261605CE,NIFTYFPI,29SEP2026,160500.000000,1100,OPTIDX,NFO,5.000000,8501,False
48493,NIFTYFPI29SEP261655PE,NIFTYFPI,29SEP2026,165500.000000,1100,OPTIDX,NFO,5.000000,8501,False
100969,PETRONET27OCT26330PE,PETRONET,27OCT2026,33000.000000,1900,OPTSTK,NFO,5.000000,76001,False
101012,PFC29SEP26355PE,PFC,29SEP2026,35500.000000,1300,OPTSTK,NFO,5.000000,52001,False
101055,PFC29SEP26405CE,PFC,29SEP2026,40500.000000,1300,OPTSTK,NFO,5.000000,52001,False
101057,PFC29SEP26415CE,PFC,29SEP2026,41500.000000,1300,OPTSTK,NFO,5.000000,52001,False
77408,BANKINDIA23NOV26155CE,BANKINDIA,23NOV2026,15500.000000,5200,OPTSTK,NFO,1.000000,156001,False
77438,BDL27OCT261180CE,BDL,27OCT2026,118000.000000,425,OPTSTK,NFO,5.000000,17001,False
77443,BDL27OCT261260PE,BDL,27OCT2026,126000.000000,425,OPTSTK,NFO,5.000000,17001,False
77449,BDL27OCT261380PE,BDL,27OCT2026,138000.000000,425,OPTSTK,NFO,5.000000,17001,False
48510,NIFTYFPI29SEP261685CE,NIFTYFPI,29SEP2026,168500.000000,1100,OPTIDX,NFO,5.000000,8501,False
48519,NIFTYFPI29SEP261690PE,NIFTYFPI,29SEP2026,169000.000000,1100,OPTIDX,NFO,5.000000,8501,False
48550,NIFTYFPI29SEP261760PE,NIFTYFPI,29SEP2026,176000.000000,1100,OPTIDX,NFO,5.000000,8501,False
48703,MIDCPNIFTY27OCT26FUT,MIDCPNIFTY,27OCT2026,-1.000000,120,FUTIDX,NFO,10.000000,2801,False
77455,BDL27OCT261460PE,BDL,27OCT2026,146000.000000,425,OPTSTK,NFO,5.000000,17001,False
77457,GVT&D27OCT265200CE,GVT&D,27OCT2026,520000.000000,125,OPTSTK,NFO,5.000000,5001,False
77498,HAL29SEP264350PE,HAL,29SEP2026,435000.000000,150,OPTSTK,NFO,5.000000,4501,False
77513,HAL29SEP264950PE,HAL,29SEP2026,495000.000000,150,OPTSTK,NFO,5.000000,4501,False
101060,PFC29SEP26425CE,PFC,29SEP2026,42500.000000,1300,OPTSTK,NFO,5.000000,52001,False
101064,ICICIBANK23NOV261200PE,ICICIBANK,23NOV2026,120000.000000,700,OPTSTK,NFO,5.000000,21001,False
101111,PFC27OCT26280CE,PFC,27OCT2026,28000.000000,1300,OPTSTK,NFO,5.000000,52001,False
101141,ICICIBANK23NOV261360PE,ICICIBANK,23NOV2026,136000.000000,700,OPTSTK,NFO,5.000000,21001,False
48711,ADANIENT27OCT26FUT,ADANIENT,27OCT2026,-1.000000,309,FUTSTK,NFO,10.000000,9271,False
48741,BANDHANBNK27OCT26FUT,BANDHANBNK,27OCT2026,-1.000000,3600,FUTSTK,NFO,1.000000,108001,False
77514,HAL29SEP265050CE,HAL,29SEP2026,505000.000000,150,OPTSTK,NFO,5.000000,4501,False
77603,HAL27OCT264200PE,HAL,27OCT2026,420000.000000,150,OPTSTK,NFO,5.000000,4501,False
77604,BDL23NOV261160CE,BDL,23NOV2026,116000.000000,425,OPTSTK,NFO,5.000000,17001,False
77616,BDL23NOV261200PE,BDL,23NOV2026,120000.000000,425,OPTSTK,NFO,5.000000,17001,False
101182,ICICIBANK23NOV261540CE,ICICIBANK,23NOV2026,154000.000000,700,OPTSTK,NFO,5.000000,21001,False
101192,DMART29SEP263500PE,DMART,29SEP2026,350000.000000,150,OPTSTK,NFO,5.000000,6001,False
101240,DMART29SEP264100CE,DMART,29SEP2026,410000.000000,150,OPTSTK,NFO,5.000000,6001,False
101305,ICICIGI27OCT261300PE,ICICIGI,27OCT2026,130000.000000,325,OPTSTK,NFO,5.000000,13001,False
77625,HAL27OCT264500PE,HAL,27OCT2026,450000.000000,150,OPTSTK,NFO,5.000000,4501,False
77626,HAL27OCT264600CE,HAL,27OCT2026,460000.000000,150,OPTSTK,NFO,5.000000,4501,False
77632,HAL27OCT264900CE,HAL,27OCT2026,490000.000000,150,OPTSTK,NFO,5.000000,4501,False
77635,HAL27OCT265000CE,HAL,27OCT2026,500000.000000,150,OPTSTK,NFO,5.000000,4501,False
48745,BANKINDIA27OCT26FUT,BANKINDIA,27OCT2026,-1.000000,5200,FUTSTK,NFO,1.000000,156001,False
48756,BEL27OCT26FUT,BEL,27OCT2026,-1.000000,1425,FUTSTK,NFO,5.000000,57001,False
48778,CANBK27OCT26FUT,CANBK,27OCT2026,-1.000000,6750,FUTSTK,NFO,1.000000,202501,False
101310,ICICIGI27OCT261340PE,ICICIGI,27OCT2026,134000.000000,325,OPTSTK,NFO,5.000000,13001,False
101349,ICICIGI27OCT261660PE,ICICIGI,27OCT2026,166000.000000,325,OPTSTK,NFO,5.000000,13001,False
101353,ICICIGI27OCT261740PE,ICICIGI,27OCT2026,174000.000000,325,OPTSTK,NFO,5.000000,13001,False
101362,PFC27OCT26350CE,PFC,27OCT2026,35000.000000,1300,OPTSTK,NFO,5.000000,52001,False
48846,NIFTYFPI27OCT261320CE,NIFTYFPI,27OCT2026,132000.000000,1100,OPTIDX,NFO,5.000000,8501,False
77668,360ONE29SEP261040PE,360ONE,29SEP2026,104000.000000,500,OPTSTK,NFO,5.000000,20001,False
77690,BDL23NOV261360CE,BDL,23NOV2026,136000.000000,425,OPTSTK,NFO,5.000000,17001,False
77706,HAVELLS29SEP261180PE,HAVELLS,29SEP2026,118000.000000,500,OPTSTK,NFO,5.000000,20001,False
77716,HAVELLS29SEP261380PE,HAVELLS,29SEP2026,138000.000000,500,OPTSTK,NFO,5.000000,20001,False
48780,CGPOWER27OCT26FUT,CGPOWER,27OCT2026,-1.000000,850,FUTSTK,NFO,5.000000,25501,False
48800,COFORGE27OCT26FUT,COFORGE,27OCT2026,-1.000000,475,FUTSTK,NFO,10.000000,14251,False
101365,PFC27OCT26360CE,PFC,27OCT2026,36000.000000,1300,OPTSTK,NFO,5.000000,52001,False
101443,PGEL29SEP26530CE,PGEL,29SEP2026,53000.000000,950,OPTSTK,NFO,5.000000,38001,False
101463,PGEL29SEP26730CE,PGEL,29SEP2026,73000.000000,950,OPTSTK,NFO,5.000000,38001,False
101499,ICICIGI23NOV261280CE,ICICIGI,23NOV2026,128000.000000,325,OPTSTK,NFO,5.000000,13001,False
77755,HAVELLS27OCT261040CE,HAVELLS,27OCT2026,104000.000000,500,OPTSTK,NFO,5.000000,20001,False
77757,HAVELLS27OCT261080CE,HAVELLS,27OCT2026,108000.000000,500,OPTSTK,NFO,5.000000,20001,False
77772,BDL23NOV261360PE,BDL,23NOV2026,136000.000000,425,OPTSTK,NFO,5.000000,17001,False
77794,BDL23NOV261480PE,BDL,23NOV2026,148000.000000,425,OPTSTK,NFO,5.000000,17001,False
48853,GODREJCP27OCT26FUT,GODREJCP,27OCT2026,-1.000000,500,FUTSTK,NFO,5.000000,25001,False
101507,ICICIGI23NOV261360CE,ICICIGI,23NOV2026,136000.000000,325,OPTSTK,NFO,5.000000,13001,False
101547,ICICIGI23NOV261520PE,ICICIGI,23NOV2026,152000.000000,325,OPTSTK,NFO,5.000000,13001,False
101550,ICICIGI23NOV261560PE,ICICIGI,23NOV2026,156000.000000,325,OPTSTK,NFO,5.000000,13001,False
101590,ICICIGI23NOV261680CE,ICICIGI,23NOV2026,168000.000000,325,OPTSTK,NFO,5.000000,13001,False
77795,BDL23NOV261520CE,BDL,23NOV2026,152000.000000,425,OPTSTK,NFO,5.000000,17001,False
77859,HCLTECH29SEP261190PE,HCLTECH,29SEP2026,119000.000000,400,OPTSTK,NFO,5.000000,20001,False
77868,HCLTECH29SEP261270PE,HCLTECH,29SEP2026,127000.000000,400,OPTSTK,NFO,5.000000,20001,False
77869,HCLTECH29SEP261290CE,HCLTECH,29SEP2026,129000.000000,400,OPTSTK,NFO,5.000000,20001,False
48864,HDFCBANK27OCT26FUT,HDFCBANK,27OCT2026,-1.000000,650,FUTSTK,NFO,5.000000,32501,False
48871,HYUNDAI27OCT26FUT,HYUNDAI,27OCT2026,-1.000000,275,FUTSTK,NFO,10.000000,11001,False
48878,IDFCFIRSTB27OCT26FUT,IDFCFIRSTB,27OCT2026,-1.000000,9275,FUTSTK,NFO,1.000000,278251,False
77883,ABB29SEP266600CE,ABB,29SEP2026,660000.000000,125,OPTSTK,NFO,5.000000,3751,False
77890,HCLTECH29SEP261470CE,HCLTECH,29SEP2026,147000.000000,400,OPTSTK,NFO,5.000000,20001,False
77904,ABB29SEP267000CE,ABB,29SEP2026,700000.000000,125,OPTSTK,NFO,5.000000,3751,False
77905,ABB29SEP267000PE,ABB,29SEP2026,700000.000000,125,OPTSTK,NFO,5.000000,3751,False
101600,ICICIGI23NOV261840PE,ICICIGI,23NOV2026,184000.000000,325,OPTSTK,NFO,5.000000,13001,False
101635,PGEL27OCT26540PE,PGEL,27OCT2026,54000.000000,950,OPTSTK,NFO,5.000000,38001,False
101641,PGEL27OCT26580PE,PGEL,27OCT2026,58000.000000,950,OPTSTK,NFO,5.000000,38001,False
101671,ICICIPRULI27OCT26445CE,ICICIPRULI,27OCT2026,44500.000000,925,OPTSTK,NFO,5.000000,46251,False
48914,LAURUSLABS27OCT26FUT,LAURUSLABS,27OCT2026,-1.000000,850,FUTSTK,NFO,10.000000,17001,False
48899,JSWENERGY27OCT26FUT,JSWENERGY,27OCT2026,-1.000000,1075,FUTSTK,NFO,5.000000,43001,False
48913,NIFTYFPI27OCT261360PE,NIFTYFPI,27OCT2026,136000.000000,1100,OPTIDX,NFO,5.000000,8501,False
77906,ABB29SEP267200CE,ABB,29SEP2026,720000.000000,125,OPTSTK,NFO,5.000000,3751,False
77908,ABB29SEP267400CE,ABB,29SEP2026,740000.000000,125,OPTSTK,NFO,5.000000,3751,False
77994,HCLTECH27OCT261060PE,HCLTECH,27OCT2026,106000.000000,400,OPTSTK,NFO,5.000000,20001,False
77999,HCLTECH27OCT261120CE,HCLTECH,27OCT2026,112000.000000,400,OPTSTK,NFO,5.000000,20001,False
101673,PGEL27OCT26640CE,PGEL,27OCT2026,64000.000000,950,OPTSTK,NFO,5.000000,38001,False
101687,ICICIPRULI27OCT26455PE,ICICIPRULI,27OCT2026,45500.000000,925,OPTSTK,NFO,5.000000,46251,False
101688,ICICIPRULI27OCT26465CE,ICICIPRULI,27OCT2026,46500.000000,925,OPTSTK,NFO,5.000000,46251,False
101729,ICICIPRULI27OCT26535PE,ICICIPRULI,27OCT2026,53500.000000,925,OPTSTK,NFO,5.000000,46251,False
48916,LICI27OCT26FUT,LICI,27OCT2026,-1.000000,1400,FUTSTK,NFO,5.000000,56001,False
48925,MANAPPURAM27OCT26FUT,MANAPPURAM,27OCT2026,-1.000000,3000,FUTSTK,NFO,5.000000,60001,False
78006,HCLTECH27OCT261180PE,HCLTECH,27OCT2026,118000.000000,400,OPTSTK,NFO,5.000000,20001,False
78018,HCLTECH27OCT261260PE,HCLTECH,27OCT2026,126000.000000,400,OPTSTK,NFO,5.000000,20001,False
78022,HCLTECH27OCT261300PE,HCLTECH,27OCT2026,130000.000000,400,OPTSTK,NFO,5.000000,20001,False
78044,HCLTECH27OCT261420PE,HCLTECH,27OCT2026,142000.000000,400,OPTSTK,NFO,5.000000,20001,False
101821,PHOENIXLTD29SEP261780CE,PHOENIXLTD,29SEP2026,178000.000000,350,OPTSTK,NFO,5.000000,14001,False
101832,PHOENIXLTD29SEP261940PE,PHOENIXLTD,29SEP2026,194000.000000,350,OPTSTK,NFO,5.000000,14001,False
101834,PHOENIXLTD29SEP261980PE,PHOENIXLTD,29SEP2026,198000.000000,350,OPTSTK,NFO,5.000000,14001,False
101848,PHOENIXLTD29SEP262140PE,PHOENIXLTD,29SEP2026,214000.000000,350,OPTSTK,NFO,5.000000,14001,False
48938,MFSL27OCT26FUT,MFSL,27OCT2026,-1.000000,400,FUTSTK,NFO,10.000000,16001,False
48940,MOTILALOFS27OCT26FUT,MOTILALOFS,27OCT2026,-1.000000,775,FUTSTK,NFO,10.000000,23251,False
48941,MPHASIS27OCT26FUT,MPHASIS,27OCT2026,-1.000000,275,FUTSTK,NFO,10.000000,11001,False
78050,HCLTECH27OCT261440PE,HCLTECH,27OCT2026,144000.000000,400,OPTSTK,NFO,5.000000,20001,False
78056,BEL27OCT26385PE,BEL,27OCT2026,38500.000000,1425,OPTSTK,NFO,5.000000,57001,False
78060,BEL27OCT26405PE,BEL,27OCT2026,40500.000000,1425,OPTSTK,NFO,5.000000,57001,False
78065,HCLTECH27OCT261480PE,HCLTECH,27OCT2026,148000.000000,400,OPTSTK,NFO,5.000000,20001,False
101896,ICICIPRULI23NOV26430PE,ICICIPRULI,23NOV2026,43000.000000,925,OPTSTK,NFO,5.000000,46251,False
101908,DRREDDY29SEP261220PE,DRREDDY,29SEP2026,122000.000000,625,OPTSTK,NFO,5.000000,18751,False
101914,DRREDDY29SEP261280PE,DRREDDY,29SEP2026,128000.000000,625,OPTSTK,NFO,5.000000,18751,False
101926,PHOENIXLTD27OCT261640PE,PHOENIXLTD,27OCT2026,164000.000000,350,OPTSTK,NFO,5.000000,14001,False
48960,OIL27OCT26FUT,OIL,27OCT2026,-1.000000,1400,FUTSTK,NFO,5.000000,56001,False
48964,PAYTM27OCT26FUT,PAYTM,27OCT2026,-1.000000,725,FUTSTK,NFO,10.000000,14501,False
78120,HDFCAMC29SEP262750PE,HDFCAMC,29SEP2026,275000.000000,300,OPTSTK,NFO,5.000000,9001,False
78174,HDFCAMC27OCT262200PE,HDFCAMC,27OCT2026,220000.000000,300,OPTSTK,NFO,5.000000,9001,False
78290,HDFCBANK29SEP26650PE,HDFCBANK,29SEP2026,65000.000000,650,OPTSTK,NFO,5.000000,32501,False
78387,HDFCBANK27OCT26560CE,HDFCBANK,27OCT2026,56000.000000,650,OPTSTK,NFO,5.000000,32501,False
48986,RECLTD27OCT26FUT,RECLTD,27OCT2026,-1.000000,1575,FUTSTK,NFO,5.000000,63001,False
49002,SRF27OCT26FUT,SRF,27OCT2026,-1.000000,200,FUTSTK,NFO,10.000000,8001,False
101931,PHOENIXLTD27OCT261720CE,PHOENIXLTD,27OCT2026,172000.000000,350,OPTSTK,NFO,5.000000,14001,False
101932,PHOENIXLTD27OCT261720PE,PHOENIXLTD,27OCT2026,172000.000000,350,OPTSTK,NFO,5.000000,14001,False
101942,PHOENIXLTD27OCT261880CE,PHOENIXLTD,27OCT2026,188000.000000,350,OPTSTK,NFO,5.000000,14001,False
101944,PHOENIXLTD27OCT261920CE,PHOENIXLTD,27OCT2026,192000.000000,350,OPTSTK,NFO,5.000000,14001,False
78403,ABCAPITAL29SEP26380CE,ABCAPITAL,29SEP2026,38000.000000,3100,OPTSTK,NFO,5.000000,62001,False
78461,ABCAPITAL29SEP26390PE,ABCAPITAL,29SEP2026,39000.000000,3100,OPTSTK,NFO,5.000000,62001,False
78494,ABCAPITAL29SEP26470PE,ABCAPITAL,29SEP2026,47000.000000,3100,OPTSTK,NFO,5.000000,62001,False
78498,BEL23NOV26420CE,BEL,23NOV2026,42000.000000,1425,OPTSTK,NFO,5.000000,57001,False
49022,TVSMOTOR27OCT26FUT,TVSMOTOR,27OCT2026,-1.000000,175,FUTSTK,NFO,10.000000,5251,False
49031,VOLTAS27OCT26FUT,VOLTAS,27OCT2026,-1.000000,375,FUTSTK,NFO,10.000000,18751,False
101946,PHOENIXLTD27OCT261960CE,PHOENIXLTD,27OCT2026,196000.000000,350,OPTSTK,NFO,5.000000,14001,False
101947,PHOENIXLTD27OCT261960PE,PHOENIXLTD,27OCT2026,196000.000000,350,OPTSTK,NFO,5.000000,14001,False
101960,PHOENIXLTD27OCT262120CE,PHOENIXLTD,27OCT2026,212000.000000,350,OPTSTK,NFO,5.000000,14001,False
101995,ICICIPRULI23NOV26470CE,ICICIPRULI,23NOV2026,47000.000000,925,OPTSTK,NFO,5.000000,46251,False
78537,HDFCLIFE29SEP26455CE,HDFCLIFE,29SEP2026,45500.000000,1100,OPTSTK,NFO,5.000000,44001,False
78591,HDFCLIFE29SEP26515CE,HDFCLIFE,29SEP2026,51500.000000,1100,OPTSTK,NFO,5.000000,44001,False
78594,HDFCLIFE29SEP26525PE,HDFCLIFE,29SEP2026,52500.000000,1100,OPTSTK,NFO,5.000000,44001,False
78661,HDFCLIFE27OCT26430CE,HDFCLIFE,27OCT2026,43000.000000,1100,OPTSTK,NFO,5.000000,44001,False
49083,NIFTYFPI27OCT261425PE,NIFTYFPI,27OCT2026,142500.000000,1100,OPTIDX,NFO,5.000000,8501,False
49120,NIFTYFPI27OCT261450CE,NIFTYFPI,27OCT2026,145000.000000,1100,OPTIDX,NFO,5.000000,8501,False
49155,NIFTYFPI27OCT261465PE,NIFTYFPI,27OCT2026,146500.000000,1100,OPTIDX,NFO,5.000000,8501,False
49204,NIFTYFPI27OCT261480CE,NIFTYFPI,27OCT2026,148000.000000,1100,OPTIDX,NFO,5.000000,8501,False
102025,ICICIPRULI23NOV26570CE,ICICIPRULI,23NOV2026,57000.000000,925,OPTSTK,NFO,5.000000,46251,False
102068,IDEA27OCT2611PE,IDEA,27OCT2026,1100.000000,71475,OPTSTK,NFO,1.000000,1429501,False
102089,IDEA23NOV2610CE,IDEA,23NOV2026,1000.000000,71475,OPTSTK,NFO,1.000000,1429501,False
102093,IDEA23NOV2614CE,IDEA,23NOV2026,1400.000000,71475,OPTSTK,NFO,1.000000,1429501,False
78663,HDFCLIFE27OCT26440CE,HDFCLIFE,27OCT2026,44000.000000,1100,OPTSTK,NFO,5.000000,44001,False
78668,HDFCLIFE27OCT26460PE,HDFCLIFE,27OCT2026,46000.000000,1100,OPTSTK,NFO,5.000000,44001,False
78680,HDFCLIFE27OCT26510PE,HDFCLIFE,27OCT2026,51000.000000,1100,OPTSTK,NFO,5.000000,44001,False
78685,HDFCLIFE27OCT26540CE,HDFCLIFE,27OCT2026,54000.000000,1100,OPTSTK,NFO,5.000000,44001,False
49300,BANKNIFTY27OCT2649500CE,BANKNIFTY,27OCT2026,4950000.000000,30,OPTIDX,NFO,5.000000,601,False
49326,NIFTYFPI27OCT261510CE,NIFTYFPI,27OCT2026,151000.000000,1100,OPTIDX,NFO,5.000000,8501,False
49337,NIFTYFPI27OCT261520PE,NIFTYFPI,27OCT2026,152000.000000,1100,OPTIDX,NFO,5.000000,8501,False
49348,NIFTYFPI27OCT261525PE,NIFTYFPI,27OCT2026,152500.000000,1100,OPTIDX,NFO,5.000000,8501,False
78691,BHARATFORG27OCT261780CE,BHARATFORG,27OCT2026,178000.000000,500,OPTSTK,NFO,5.000000,10001,False
78693,BHARATFORG27OCT261820CE,BHARATFORG,27OCT2026,182000.000000,500,OPTSTK,NFO,5.000000,10001,False
78695,HDFCLIFE27OCT26550CE,HDFCLIFE,27OCT2026,55000.000000,1100,OPTSTK,NFO,5.000000,44001,False
78701,HDFCLIFE27OCT26570PE,HDFCLIFE,27OCT2026,57000.000000,1100,OPTSTK,NFO,5.000000,44001,False
102162,IDFCFIRSTB27OCT2675CE,IDFCFIRSTB,27OCT2026,7500.000000,9275,OPTSTK,NFO,1.000000,278251,False
102164,IDFCFIRSTB27OCT2677CE,IDFCFIRSTB,27OCT2026,7700.000000,9275,OPTSTK,NFO,1.000000,278251,False
102169,IDFCFIRSTB27OCT2679PE,IDFCFIRSTB,27OCT2026,7900.000000,9275,OPTSTK,NFO,1.000000,278251,False
102173,IDFCFIRSTB27OCT2683PE,IDFCFIRSTB,27OCT2026,8300.000000,9275,OPTSTK,NFO,1.000000,278251,False
49370,BANKNIFTY27OCT2652100PE,BANKNIFTY,27OCT2026,5210000.000000,30,OPTIDX,NFO,5.000000,601,False
49373,BANKNIFTY27OCT2652300CE,BANKNIFTY,27OCT2026,5230000.000000,30,OPTIDX,NFO,5.000000,601,False
49374,BANKNIFTY27OCT2652300PE,BANKNIFTY,27OCT2026,5230000.000000,30,OPTIDX,NFO,5.000000,601,False
49421,BANKNIFTY27OCT2654300CE,BANKNIFTY,27OCT2026,5430000.000000,30,OPTIDX,NFO,5.000000,601,False
78719,HDFCLIFE27OCT26580PE,HDFCLIFE,27OCT2026,58000.000000,1100,OPTSTK,NFO,5.000000,44001,False
78725,HDFCLIFE27OCT26600PE,HDFCLIFE,27OCT2026,60000.000000,1100,OPTSTK,NFO,5.000000,44001,False
78804,BHARATFORG27OCT261980CE,BHARATFORG,27OCT2026,198000.000000,500,OPTSTK,NFO,5.000000,10001,False
78840,HEROMOTOCO29SEP265300CE,HEROMOTOCO,29SEP2026,530000.000000,150,OPTSTK,NFO,5.000000,4501,False
102279,PIDILITIND29SEP261740CE,PIDILITIND,29SEP2026,174000.000000,500,OPTSTK,NFO,5.000000,15001,False
102403,IDFCFIRSTB23NOV2696PE,IDFCFIRSTB,23NOV2026,9600.000000,9275,OPTSTK,NFO,1.000000,278251,False
102444,PIDILITIND27OCT261400CE,PIDILITIND,27OCT2026,140000.000000,500,OPTSTK,NFO,5.000000,15001,False
102450,PIDILITIND27OCT261520CE,PIDILITIND,27OCT2026,152000.000000,500,OPTSTK,NFO,5.000000,15001,False
49428,BANKNIFTY27OCT2654600PE,BANKNIFTY,27OCT2026,5460000.000000,30,OPTIDX,NFO,5.000000,601,False
49432,BANKNIFTY27OCT2654700PE,BANKNIFTY,27OCT2026,5470000.000000,30,OPTIDX,NFO,5.000000,601,False
49448,BANKNIFTY27OCT2655300CE,BANKNIFTY,27OCT2026,5530000.000000,30,OPTIDX,NFO,5.000000,601,False
49449,NIFTYFPI27OCT261570CE,NIFTYFPI,27OCT2026,157000.000000,1100,OPTIDX,NFO,5.000000,8501,False
78844,HEROMOTOCO29SEP265700CE,HEROMOTOCO,29SEP2026,570000.000000,150,OPTSTK,NFO,5.000000,4501,False
78901,BHARATFORG23NOV261920PE,BHARATFORG,23NOV2026,192000.000000,500,OPTSTK,NFO,5.000000,10001,False
78907,BHARATFORG23NOV262040PE,BHARATFORG,23NOV2026,204000.000000,500,OPTSTK,NFO,5.000000,10001,False
78915,BHARATFORG23NOV262160CE,BHARATFORG,23NOV2026,216000.000000,500,OPTSTK,NFO,5.000000,10001,False
102462,PIDILITIND27OCT261720PE,PIDILITIND,27OCT2026,172000.000000,500,OPTSTK,NFO,5.000000,15001,False
102467,PIDILITIND27OCT261800PE,PIDILITIND,27OCT2026,180000.000000,500,OPTSTK,NFO,5.000000,15001,False
102476,PIDILITIND27OCT261920CE,PIDILITIND,27OCT2026,192000.000000,500,OPTSTK,NFO,5.000000,15001,False
102477,PIDILITIND27OCT261920PE,PIDILITIND,27OCT2026,192000.000000,500,OPTSTK,NFO,5.000000,15001,False
49451,BANKNIFTY27OCT2655400CE,BANKNIFTY,27OCT2026,5540000.000000,30,OPTIDX,NFO,5.000000,601,False
49474,NIFTYFPI27OCT261575PE,NIFTYFPI,27OCT2026,157500.000000,1100,OPTIDX,NFO,5.000000,8501,False
49477,BANKNIFTY27OCT2656400CE,BANKNIFTY,27OCT2026,5640000.000000,30,OPTIDX,NFO,5.000000,601,False
49478,BANKNIFTY27OCT2656400PE,BANKNIFTY,27OCT2026,5640000.000000,30,OPTIDX,NFO,5.000000,601,False
78926,BHARATFORG23NOV262320PE,BHARATFORG,23NOV2026,232000.000000,500,OPTSTK,NFO,5.000000,10001,False
78929,BHARATFORG23NOV262400CE,BHARATFORG,23NOV2026,240000.000000,500,OPTSTK,NFO,5.000000,10001,False
78999,HEROMOTOCO27OCT265400CE,HEROMOTOCO,27OCT2026,540000.000000,150,OPTSTK,NFO,5.000000,4501,False
79003,HEROMOTOCO27OCT265800CE,HEROMOTOCO,27OCT2026,580000.000000,150,OPTSTK,NFO,5.000000,4501,False
102524,PIIND29SEP262550CE,PIIND,29SEP2026,255000.000000,175,OPTSTK,NFO,5.000000,8751,False
102540,PIIND29SEP262950CE,PIIND,29SEP2026,295000.000000,175,OPTSTK,NFO,5.000000,8751,False
102589,IEX27OCT26102.5CE,IEX,27OCT2026,10250.000000,4350,OPTSTK,NFO,1.000000,174001,False
102600,IEX27OCT26127.5PE,IEX,27OCT2026,12750.000000,4350,OPTSTK,NFO,1.000000,174001,False
49486,BANKNIFTY27OCT2656600PE,BANKNIFTY,27OCT2026,5660000.000000,30,OPTIDX,NFO,5.000000,601,False
49497,BANKNIFTY27OCT2657100CE,BANKNIFTY,27OCT2026,5710000.000000,30,OPTIDX,NFO,5.000000,601,False
49506,BANKNIFTY27OCT2657500PE,BANKNIFTY,27OCT2026,5750000.000000,30,OPTIDX,NFO,5.000000,601,False
49525,BANKNIFTY27OCT2658200CE,BANKNIFTY,27OCT2026,5820000.000000,30,OPTIDX,NFO,5.000000,601,False
79021,HEROMOTOCO27OCT266400CE,HEROMOTOCO,27OCT2026,640000.000000,150,OPTSTK,NFO,5.000000,4501,False
79065,HINDALCO29SEP261100CE,HINDALCO,29SEP2026,110000.000000,700,OPTSTK,NFO,5.000000,21001,False
79068,HINDALCO29SEP261140PE,HINDALCO,29SEP2026,114000.000000,700,OPTSTK,NFO,5.000000,21001,False
79093,BHARTIARTL27OCT261740PE,BHARTIARTL,27OCT2026,174000.000000,475,OPTSTK,NFO,5.000000,14251,False
102665,PIIND27OCT262000PE,PIIND,27OCT2026,200000.000000,175,OPTSTK,NFO,5.000000,8751,False
102687,PIIND27OCT262400PE,PIIND,27OCT2026,240000.000000,175,OPTSTK,NFO,5.000000,8751,False
102717,PIIND27OCT262700PE,PIIND,27OCT2026,270000.000000,175,OPTSTK,NFO,5.000000,8751,False
102728,IEX23NOV26120CE,IEX,23NOV2026,12000.000000,4350,OPTSTK,NFO,1.000000,174001,False
49534,NIFTYFPI27OCT261600PE,NIFTYFPI,27OCT2026,160000.000000,1100,OPTIDX,NFO,5.000000,8501,False
49545,BANKNIFTY27OCT2659000CE,BANKNIFTY,27OCT2026,5900000.000000,30,OPTIDX,NFO,5.000000,601,False
49547,BANKNIFTY27OCT2659100CE,BANKNIFTY,27OCT2026,5910000.000000,30,OPTIDX,NFO,5.000000,601,False
49557,BANKNIFTY27OCT2659300PE,BANKNIFTY,27OCT2026,5930000.000000,30,OPTIDX,NFO,5.000000,601,False
79095,BHARTIARTL27OCT261780PE,BHARTIARTL,27OCT2026,178000.000000,475,OPTSTK,NFO,5.000000,14251,False
79107,BHARTIARTL27OCT261940CE,BHARTIARTL,27OCT2026,194000.000000,475,OPTSTK,NFO,5.000000,14251,False
79174,HINDALCO27OCT261200CE,HINDALCO,27OCT2026,120000.000000,700,OPTSTK,NFO,5.000000,21001,False
79202,HINDPETRO29SEP26410.75PE,HINDPETRO,29SEP2026,41075.000000,2025,OPTSTK,NFO,5.000000,60751,False
49558,BANKNIFTY27OCT2659400CE,BANKNIFTY,27OCT2026,5940000.000000,30,OPTIDX,NFO,5.000000,601,False
49578,BANKNIFTY27OCT2660200PE,BANKNIFTY,27OCT2026,6020000.000000,30,OPTIDX,NFO,5.000000,601,False
49583,BANKNIFTY27OCT2660500CE,BANKNIFTY,27OCT2026,6050000.000000,30,OPTIDX,NFO,5.000000,601,False
49603,BANKNIFTY27OCT2661400CE,BANKNIFTY,27OCT2026,6140000.000000,30,OPTIDX,NFO,5.000000,601,False
102746,IEX23NOV26130CE,IEX,23NOV2026,13000.000000,4350,OPTSTK,NFO,1.000000,174001,False
102748,IEX23NOV26135CE,IEX,23NOV2026,13500.000000,4350,OPTSTK,NFO,1.000000,174001,False
102749,IEX23NOV26135PE,IEX,23NOV2026,13500.000000,4350,OPTSTK,NFO,1.000000,174001,False
102750,IEX23NOV26140CE,IEX,23NOV2026,14000.000000,4350,OPTSTK,NFO,1.000000,174001,False
79271,BHARTIARTL23NOV261600PE,BHARTIARTL,23NOV2026,160000.000000,475,OPTSTK,NFO,5.000000,14251,False
79275,BHARTIARTL23NOV261680PE,BHARTIARTL,23NOV2026,168000.000000,475,OPTSTK,NFO,5.000000,14251,False
79286,BHARTIARTL23NOV261920CE,BHARTIARTL,23NOV2026,192000.000000,475,OPTSTK,NFO,5.000000,14251,False
79298,BHARTIARTL23NOV262160CE,BHARTIARTL,23NOV2026,216000.000000,475,OPTSTK,NFO,5.000000,14251,False
102816,PNB29SEP26103CE,PNB,29SEP2026,10300.000000,8000,OPTSTK,NFO,1.000000,240001,False
102831,PNB29SEP26105CE,PNB,29SEP2026,10500.000000,8000,OPTSTK,NFO,1.000000,240001,False
102833,PNB29SEP26107CE,PNB,29SEP2026,10700.000000,8000,OPTSTK,NFO,1.000000,240001,False
102840,PNB29SEP26113PE,PNB,29SEP2026,11300.000000,8000,OPTSTK,NFO,1.000000,240001,False
49606,NIFTYFPI27OCT261635CE,NIFTYFPI,27OCT2026,163500.000000,1100,OPTIDX,NFO,5.000000,8501,False
49614,BANKNIFTY27OCT2661700PE,BANKNIFTY,27OCT2026,6170000.000000,30,OPTIDX,NFO,5.000000,601,False
49627,BANKNIFTY27OCT2662400CE,BANKNIFTY,27OCT2026,6240000.000000,30,OPTIDX,NFO,5.000000,601,False
49645,BANKNIFTY27OCT2662900CE,BANKNIFTY,27OCT2026,6290000.000000,30,OPTIDX,NFO,5.000000,601,False
79383,BHEL27OCT26445CE,BHEL,27OCT2026,44500.000000,2625,OPTSTK,NFO,5.000000,52501,False
79386,BHEL27OCT26445PE,BHEL,27OCT2026,44500.000000,2625,OPTSTK,NFO,5.000000,52501,False
79394,BHEL27OCT26485CE,BHEL,27OCT2026,48500.000000,2625,OPTSTK,NFO,5.000000,52501,False
79395,BHEL27OCT26485PE,BHEL,27OCT2026,48500.000000,2625,OPTSTK,NFO,5.000000,52501,False
102846,PNB29SEP26119PE,PNB,29SEP2026,11900.000000,8000,OPTSTK,NFO,1.000000,240001,False
102849,INDHOTEL27OCT26650PE,INDHOTEL,27OCT2026,65000.000000,1000,OPTSTK,NFO,5.000000,30001,False
102851,PNB29SEP26123CE,PNB,29SEP2026,12300.000000,8000,OPTSTK,NFO,1.000000,240001,False
102862,INDHOTEL27OCT26710CE,INDHOTEL,27OCT2026,71000.000000,1000,OPTSTK,NFO,5.000000,30001,False
79396,BHEL27OCT26495CE,BHEL,27OCT2026,49500.000000,2625,OPTSTK,NFO,5.000000,52501,False
79440,HINDUNILVR29SEP261780CE,HINDUNILVR,29SEP2026,178000.000000,300,OPTSTK,NFO,5.000000,12001,False
79442,HINDUNILVR29SEP261820CE,HINDUNILVR,29SEP2026,182000.000000,300,OPTSTK,NFO,5.000000,12001,False
79448,HINDUNILVR29SEP261940CE,HINDUNILVR,29SEP2026,194000.000000,300,OPTSTK,NFO,5.000000,12001,False
49659,NIFTYFPI27OCT261645CE,NIFTYFPI,27OCT2026,164500.000000,1100,OPTIDX,NFO,5.000000,8501,False
49677,BANKNIFTY27OCT2664000CE,BANKNIFTY,27OCT2026,6400000.000000,30,OPTIDX,NFO,5.000000,601,False
49717,NIFTYFPI27OCT261670CE,NIFTYFPI,27OCT2026,167000.000000,1100,OPTIDX,NFO,5.000000,8501,False
49797,NIFTYFPI27OCT261685CE,NIFTYFPI,27OCT2026,168500.000000,1100,OPTIDX,NFO,5.000000,8501,False
102867,INDHOTEL27OCT26750PE,INDHOTEL,27OCT2026,75000.000000,1000,OPTSTK,NFO,5.000000,30001,False
102912,FEDERALBNK29SEP26370PE,FEDERALBNK,29SEP2026,37000.000000,2500,OPTSTK,NFO,5.000000,75001,False
102915,FEDERALBNK29SEP26390CE,FEDERALBNK,29SEP2026,39000.000000,2500,OPTSTK,NFO,5.000000,75001,False
103043,PNB27OCT26118PE,PNB,27OCT2026,11800.000000,8000,OPTSTK,NFO,1.000000,240001,False
50010,NIFTYFPI27OCT261780CE,NIFTYFPI,27OCT2026,178000.000000,1100,OPTIDX,NFO,5.000000,8501,False
50060,NIFTYFPI27OCT261800CE,NIFTYFPI,27OCT2026,180000.000000,1100,OPTIDX,NFO,5.000000,8501,False
50228,FINNIFTY27OCT2622500PE,FINNIFTY,27OCT2026,2250000.000000,60,OPTIDX,NFO,5.000000,1801,False
50253,FINNIFTY27OCT2623300PE,FINNIFTY,27OCT2026,2330000.000000,60,OPTIDX,NFO,5.000000,1801,False
79455,HINDUNILVR29SEP262060PE,HINDUNILVR,29SEP2026,206000.000000,300,OPTSTK,NFO,5.000000,12001,False
79497,BHEL23NOV26400CE,BHEL,23NOV2026,40000.000000,2625,OPTSTK,NFO,5.000000,52501,False
79540,HINDUNILVR27OCT261880PE,HINDUNILVR,27OCT2026,188000.000000,300,OPTSTK,NFO,5.000000,12001,False
79543,HINDUNILVR27OCT261960CE,HINDUNILVR,27OCT2026,196000.000000,300,OPTSTK,NFO,5.000000,12001,False
103054,FORCEMOT29SEP2615000PE,FORCEMOT,29SEP2026,1500000.000000,25,OPTSTK,NFO,5.000000,1251,False
103063,FORCEMOT29SEP2620000CE,FORCEMOT,29SEP2026,2000000.000000,25,OPTSTK,NFO,5.000000,1251,False
103064,FORCEMOT29SEP2620000PE,FORCEMOT,29SEP2026,2000000.000000,25,OPTSTK,NFO,5.000000,1251,False
103071,PNB27OCT26124CE,PNB,27OCT2026,12400.000000,8000,OPTSTK,NFO,1.000000,240001,False
79549,HINDUNILVR27OCT262080CE,HINDUNILVR,27OCT2026,208000.000000,300,OPTSTK,NFO,5.000000,12001,False
79560,HINDUNILVR27OCT262280PE,HINDUNILVR,27OCT2026,228000.000000,300,OPTSTK,NFO,5.000000,12001,False
79579,BHEL23NOV26460PE,BHEL,23NOV2026,46000.000000,2625,OPTSTK,NFO,5.000000,52501,False
79622,ADANIENSOL29SEP261240CE,ADANIENSOL,29SEP2026,124000.000000,675,OPTSTK,NFO,5.000000,13501,False
50254,FINNIFTY27OCT2623400CE,FINNIFTY,27OCT2026,2340000.000000,60,OPTIDX,NFO,5.000000,1801,False
50255,FINNIFTY27OCT2623400PE,FINNIFTY,27OCT2026,2340000.000000,60,OPTIDX,NFO,5.000000,1801,False
50261,FINNIFTY27OCT2623600PE,FINNIFTY,27OCT2026,2360000.000000,60,OPTIDX,NFO,5.000000,1801,False
50289,FINNIFTY27OCT2624400CE,FINNIFTY,27OCT2026,2440000.000000,60,OPTIDX,NFO,5.000000,1801,False
103075,PNB27OCT26126PE,PNB,27OCT2026,12600.000000,8000,OPTSTK,NFO,1.000000,240001,False
103076,FORCEMOT29SEP2622000PE,FORCEMOT,29SEP2026,2200000.000000,25,OPTSTK,NFO,5.000000,1251,False
103096,INDHOTEL23NOV26800CE,INDHOTEL,23NOV2026,80000.000000,1000,OPTSTK,NFO,5.000000,30001,False
103270,INDIANB27OCT26910CE,INDIANB,27OCT2026,91000.000000,1000,OPTSTK,NFO,5.000000,30001,False
79624,ADANIENSOL29SEP261280CE,ADANIENSOL,29SEP2026,128000.000000,675,OPTSTK,NFO,5.000000,13501,False
79698,HINDZINC29SEP26490PE,HINDZINC,29SEP2026,49000.000000,1225,OPTSTK,NFO,5.000000,36751,False
79706,HINDZINC29SEP26570PE,HINDZINC,29SEP2026,57000.000000,1225,OPTSTK,NFO,5.000000,36751,False
79708,HINDZINC29SEP26590PE,HINDZINC,29SEP2026,59000.000000,1225,OPTSTK,NFO,5.000000,36751,False
50324,FINNIFTY27OCT2625100PE,FINNIFTY,27OCT2026,2510000.000000,60,OPTIDX,NFO,5.000000,1801,False
50331,FINNIFTY27OCT2625500CE,FINNIFTY,27OCT2026,2550000.000000,60,OPTIDX,NFO,5.000000,1801,False
50347,FINNIFTY27OCT2626200CE,FINNIFTY,27OCT2026,2620000.000000,60,OPTIDX,NFO,5.000000,1801,False
50366,FINNIFTY27OCT2626800PE,FINNIFTY,27OCT2026,2680000.000000,60,OPTIDX,NFO,5.000000,1801,False
79731,HINDZINC29SEP26710PE,HINDZINC,29SEP2026,71000.000000,1225,OPTSTK,NFO,5.000000,36751,False
79758,HINDZINC27OCT26500CE,HINDZINC,27OCT2026,50000.000000,1225,OPTSTK,NFO,5.000000,36751,False
79767,HINDZINC27OCT26560PE,HINDZINC,27OCT2026,56000.000000,1225,OPTSTK,NFO,5.000000,36751,False
79769,HINDZINC27OCT26580PE,HINDZINC,27OCT2026,58000.000000,1225,OPTSTK,NFO,5.000000,36751,False
103278,INDIANB27OCT26990CE,INDIANB,27OCT2026,99000.000000,1000,OPTSTK,NFO,5.000000,30001,False
103292,PNBHOUSING29SEP261260CE,PNBHOUSING,29SEP2026,126000.000000,650,OPTSTK,NFO,5.000000,19501,False
103345,PNBHOUSING27OCT261160PE,PNBHOUSING,27OCT2026,116000.000000,650,OPTSTK,NFO,5.000000,19501,False
103346,PNBHOUSING27OCT261200CE,PNBHOUSING,27OCT2026,120000.000000,650,OPTSTK,NFO,5.000000,19501,False
50381,FINNIFTY27OCT2627400CE,FINNIFTY,27OCT2026,2740000.000000,60,OPTIDX,NFO,5.000000,1801,False
50388,FINNIFTY27OCT2627700PE,FINNIFTY,27OCT2026,2770000.000000,60,OPTIDX,NFO,5.000000,1801,False
50404,FINNIFTY27OCT2628300PE,FINNIFTY,27OCT2026,2830000.000000,60,OPTIDX,NFO,5.000000,1801,False
50405,FINNIFTY27OCT2628400CE,FINNIFTY,27OCT2026,2840000.000000,60,OPTIDX,NFO,5.000000,1801,False
79797,ADANIENSOL29SEP261520CE,ADANIENSOL,29SEP2026,152000.000000,675,OPTSTK,NFO,5.000000,13501,False
79868,HYUNDAI29SEP262100PE,HYUNDAI,29SEP2026,210000.000000,275,OPTSTK,NFO,5.000000,11001,False
79877,BIOCON27OCT26395CE,BIOCON,27OCT2026,39500.000000,2500,OPTSTK,NFO,5.000000,50001,False
79889,HYUNDAI29SEP262140CE,HYUNDAI,29SEP2026,214000.000000,275,OPTSTK,NFO,5.000000,11001,False
50413,FINNIFTY27OCT2628700CE,FINNIFTY,27OCT2026,2870000.000000,60,OPTIDX,NFO,5.000000,1801,False
50547,NIFTY29DEC2628000CE,NIFTY,29DEC2026,2800000.000000,65,OPTIDX,NFO,5.000000,1801,False
50636,MIDCPNIFTY27OCT2612950CE,MIDCPNIFTY,27OCT2026,1295000.000000,120,OPTIDX,NFO,5.000000,2801,False
50644,MIDCPNIFTY27OCT2613000PE,MIDCPNIFTY,27OCT2026,1300000.000000,120,OPTIDX,NFO,5.000000,2801,False
103420,INDIANB23NOV26720CE,INDIANB,23NOV2026,72000.000000,1000,OPTSTK,NFO,5.000000,30001,False
103450,INDIANB23NOV26780PE,INDIANB,23NOV2026,78000.000000,1000,OPTSTK,NFO,5.000000,30001,False
103453,POLICYBZR29SEP261500CE,POLICYBZR,29SEP2026,150000.000000,350,OPTSTK,NFO,5.000000,14001,False
103462,POLICYBZR29SEP261660PE,POLICYBZR,29SEP2026,166000.000000,350,OPTSTK,NFO,5.000000,14001,False
79892,HYUNDAI29SEP262180CE,HYUNDAI,29SEP2026,218000.000000,275,OPTSTK,NFO,5.000000,11001,False
79894,HYUNDAI29SEP262220CE,HYUNDAI,29SEP2026,222000.000000,275,OPTSTK,NFO,5.000000,11001,False
79896,BIOCON27OCT26455PE,BIOCON,27OCT2026,45500.000000,2500,OPTSTK,NFO,5.000000,50001,False
79901,HYUNDAI29SEP262300PE,HYUNDAI,29SEP2026,230000.000000,275,OPTSTK,NFO,5.000000,11001,False
50649,MIDCPNIFTY27OCT2613075CE,MIDCPNIFTY,27OCT2026,1307500.000000,120,OPTIDX,NFO,5.000000,2801,False
50656,MIDCPNIFTY27OCT2613150PE,MIDCPNIFTY,27OCT2026,1315000.000000,120,OPTIDX,NFO,5.000000,2801,False
50659,MIDCPNIFTY27OCT2613200CE,MIDCPNIFTY,27OCT2026,1320000.000000,120,OPTIDX,NFO,5.000000,2801,False
50660,MIDCPNIFTY27OCT2613200PE,MIDCPNIFTY,27OCT2026,1320000.000000,120,OPTIDX,NFO,5.000000,2801,False
79967,ADANIENSOL29SEP261800PE,ADANIENSOL,29SEP2026,180000.000000,675,OPTSTK,NFO,5.000000,13501,False
79983,ADANIENSOL29SEP261840CE,ADANIENSOL,29SEP2026,184000.000000,675,OPTSTK,NFO,5.000000,13501,False
79992,HYUNDAI27OCT262120PE,HYUNDAI,27OCT2026,212000.000000,275,OPTSTK,NFO,5.000000,11001,False
80052,BIOCON23NOV26350CE,BIOCON,23NOV2026,35000.000000,2500,OPTSTK,NFO,5.000000,50001,False
103471,INDIANB23NOV26840CE,INDIANB,23NOV2026,84000.000000,1000,OPTSTK,NFO,5.000000,30001,False
103484,POLICYBZR29SEP261820PE,POLICYBZR,29SEP2026,182000.000000,350,OPTSTK,NFO,5.000000,14001,False
103488,POLICYBZR29SEP261900PE,POLICYBZR,29SEP2026,190000.000000,350,OPTSTK,NFO,5.000000,14001,False
103492,POLICYBZR29SEP261980PE,POLICYBZR,29SEP2026,198000.000000,350,OPTSTK,NFO,5.000000,14001,False
50662,MIDCPNIFTY27OCT2613225PE,MIDCPNIFTY,27OCT2026,1322500.000000,120,OPTIDX,NFO,5.000000,2801,False
50670,MIDCPNIFTY27OCT2613300PE,MIDCPNIFTY,27OCT2026,1330000.000000,120,OPTIDX,NFO,5.000000,2801,False
50716,MIDCPNIFTY27OCT2613750CE,MIDCPNIFTY,27OCT2026,1375000.000000,120,OPTIDX,NFO,5.000000,2801,False
50726,MIDCPNIFTY27OCT2613850PE,MIDCPNIFTY,27OCT2026,1385000.000000,120,OPTIDX,NFO,5.000000,2801,False
80071,BIOCON23NOV26440PE,BIOCON,23NOV2026,44000.000000,2500,OPTSTK,NFO,5.000000,50001,False
80072,BIOCON23NOV26450CE,BIOCON,23NOV2026,45000.000000,2500,OPTSTK,NFO,5.000000,50001,False
80231,BLUESTARCO27OCT261340PE,BLUESTARCO,27OCT2026,134000.000000,325,OPTSTK,NFO,5.000000,13001,False
80268,NIFTY30MAR2721000CE,NIFTY,30MAR2027,2100000.000000,65,OPTIDX,NFO,5.000000,1801,False
103540,POLICYBZR27OCT261600CE,POLICYBZR,27OCT2026,160000.000000,350,OPTSTK,NFO,5.000000,14001,False
103555,POLICYBZR27OCT261760PE,POLICYBZR,27OCT2026,176000.000000,350,OPTSTK,NFO,5.000000,14001,False
103632,FORTIS29SEP26780PE,FORTIS,29SEP2026,78000.000000,775,OPTSTK,NFO,5.000000,23251,False
103633,POLICYBZR27OCT261800PE,POLICYBZR,27OCT2026,180000.000000,350,OPTSTK,NFO,5.000000,14001,False
50746,MIDCPNIFTY27OCT2614025PE,MIDCPNIFTY,27OCT2026,1402500.000000,120,OPTIDX,NFO,5.000000,2801,False
50806,MIDCPNIFTY27OCT2614450CE,MIDCPNIFTY,27OCT2026,1445000.000000,120,OPTIDX,NFO,5.000000,2801,False
50810,MIDCPNIFTY27OCT2614450PE,MIDCPNIFTY,27OCT2026,1445000.000000,120,OPTIDX,NFO,5.000000,2801,False
50812,MIDCPNIFTY27OCT2614475PE,MIDCPNIFTY,27OCT2026,1447500.000000,120,OPTIDX,NFO,5.000000,2801,False
80271,NIFTY30MAR2722500PE,NIFTY,30MAR2027,2250000.000000,65,OPTIDX,NFO,5.000000,1801,False
80275,NIFTY30MAR2725500PE,NIFTY,30MAR2027,2550000.000000,65,OPTIDX,NFO,5.000000,1801,False
80277,NIFTY30MAR2727000PE,NIFTY,30MAR2027,2700000.000000,65,OPTIDX,NFO,5.000000,1801,False
80411,ADANIENT29SEP262500PE,ADANIENT,29SEP2026,250000.000000,309,OPTSTK,NFO,5.000000,9271,False
103645,FORTIS29SEP26900CE,FORTIS,29SEP2026,90000.000000,775,OPTSTK,NFO,5.000000,23251,False
103669,FORTIS29SEP261060PE,FORTIS,29SEP2026,106000.000000,775,OPTSTK,NFO,5.000000,23251,False
103675,FORTIS29SEP261100CE,FORTIS,29SEP2026,110000.000000,775,OPTSTK,NFO,5.000000,23251,False
103731,INDIGO27OCT265100CE,INDIGO,27OCT2026,510000.000000,150,OPTSTK,NFO,5.000000,4501,False
80420,ADANIENT29SEP262700CE,ADANIENT,29SEP2026,270000.000000,309,OPTSTK,NFO,5.000000,9271,False
80423,ADANIENT29SEP262800PE,ADANIENT,29SEP2026,280000.000000,309,OPTSTK,NFO,5.000000,9271,False
80425,ADANIENT29SEP262900PE,ADANIENT,29SEP2026,290000.000000,309,OPTSTK,NFO,5.000000,9271,False
80472,ICICIBANK29SEP261530CE,ICICIBANK,29SEP2026,153000.000000,700,OPTSTK,NFO,5.000000,21001,False
50817,MIDCPNIFTY27OCT2614525CE,MIDCPNIFTY,27OCT2026,1452500.000000,120,OPTIDX,NFO,5.000000,2801,False
50821,MIDCPNIFTY27OCT2614550CE,MIDCPNIFTY,27OCT2026,1455000.000000,120,OPTIDX,NFO,5.000000,2801,False
50840,MIDCPNIFTY27OCT2614700CE,MIDCPNIFTY,27OCT2026,1470000.000000,120,OPTIDX,NFO,5.000000,2801,False
50855,MIDCPNIFTY27OCT2614825CE,MIDCPNIFTY,27OCT2026,1482500.000000,120,OPTIDX,NFO,5.000000,2801,False
80514,BLUESTARCO23NOV261600PE,BLUESTARCO,23NOV2026,160000.000000,325,OPTSTK,NFO,5.000000,13001,False
80584,ICICIBANK27OCT261180PE,ICICIBANK,27OCT2026,118000.000000,700,OPTSTK,NFO,5.000000,21001,False
80590,ICICIBANK27OCT261240PE,ICICIBANK,27OCT2026,124000.000000,700,OPTSTK,NFO,5.000000,21001,False
80595,ICICIBANK27OCT261300CE,ICICIBANK,27OCT2026,130000.000000,700,OPTSTK,NFO,5.000000,21001,False
103783,INDIGO23NOV264800CE,INDIGO,23NOV2026,480000.000000,150,OPTSTK,NFO,5.000000,4501,False
103785,INDIGO23NOV265000CE,INDIGO,23NOV2026,500000.000000,150,OPTSTK,NFO,5.000000,4501,False
103795,INDIGO23NOV266000CE,INDIGO,23NOV2026,600000.000000,150,OPTSTK,NFO,5.000000,4501,False
103798,POLICYBZR27OCT261920PE,POLICYBZR,27OCT2026,192000.000000,350,OPTSTK,NFO,5.000000,14001,False
50893,MIDCPNIFTY27OCT2615150CE,MIDCPNIFTY,27OCT2026,1515000.000000,120,OPTIDX,NFO,5.000000,2801,False
50894,MIDCPNIFTY27OCT2615150PE,MIDCPNIFTY,27OCT2026,1515000.000000,120,OPTIDX,NFO,5.000000,2801,False
50953,MIDCPNIFTY27OCT2615375PE,MIDCPNIFTY,27OCT2026,1537500.000000,120,OPTIDX,NFO,5.000000,2801,False
50969,MIDCPNIFTY27OCT2615475PE,MIDCPNIFTY,27OCT2026,1547500.000000,120,OPTIDX,NFO,5.000000,2801,False
80603,ICICIBANK27OCT261380CE,ICICIBANK,27OCT2026,138000.000000,700,OPTSTK,NFO,5.000000,21001,False
80631,ICICIBANK27OCT261500PE,ICICIBANK,27OCT2026,150000.000000,700,OPTSTK,NFO,5.000000,21001,False
80701,BOSCHLTD27OCT2649500PE,BOSCHLTD,27OCT2026,4950000.000000,25,OPTSTK,NFO,5.000000,501,False
80715,BOSCHLTD27OCT2651500CE,BOSCHLTD,27OCT2026,5150000.000000,25,OPTSTK,NFO,5.000000,501,False
50974,MIDCPNIFTY27OCT2615550CE,MIDCPNIFTY,27OCT2026,1555000.000000,120,OPTIDX,NFO,5.000000,2801,False
50975,MIDCPNIFTY27OCT2615550PE,MIDCPNIFTY,27OCT2026,1555000.000000,120,OPTIDX,NFO,5.000000,2801,False
50978,NIFTY29DEC2627000CE,NIFTY,29DEC2026,2700000.000000,65,OPTIDX,NFO,5.000000,1801,False
50983,MIDCPNIFTY27OCT2615625CE,MIDCPNIFTY,27OCT2026,1562500.000000,120,OPTIDX,NFO,5.000000,2801,False
103799,POLICYBZR27OCT261960CE,POLICYBZR,27OCT2026,196000.000000,350,OPTSTK,NFO,5.000000,14001,False
103839,POLYCAB29SEP267100PE,POLYCAB,29SEP2026,710000.000000,125,OPTSTK,NFO,5.000000,2501,False
103880,INDUSINDBK27OCT26890PE,INDUSINDBK,27OCT2026,89000.000000,700,OPTSTK,NFO,5.000000,28001,False
103884,INDUSINDBK27OCT26930PE,INDUSINDBK,27OCT2026,93000.000000,700,OPTSTK,NFO,5.000000,28001,False
80759,ICICIGI29SEP261420CE,ICICIGI,29SEP2026,142000.000000,325,OPTSTK,NFO,5.000000,13001,False
80833,ADANIGREEN29SEP261200PE,ADANIGREEN,29SEP2026,120000.000000,600,OPTSTK,NFO,5.000000,18001,False
80843,ADANIGREEN29SEP261320CE,ADANIGREEN,29SEP2026,132000.000000,600,OPTSTK,NFO,5.000000,18001,False
80850,ADANIGREEN29SEP261440CE,ADANIGREEN,29SEP2026,144000.000000,600,OPTSTK,NFO,5.000000,18001,False
50984,NIFTY29JUN2727000PE,NIFTY,29JUN2027,2700000.000000,65,OPTIDX,NFO,5.000000,1801,False
50991,MIDCPNIFTY27OCT2615650PE,MIDCPNIFTY,27OCT2026,1565000.000000,120,OPTIDX,NFO,5.000000,2801,False
51002,MIDCPNIFTY27OCT2615800CE,MIDCPNIFTY,27OCT2026,1580000.000000,120,OPTIDX,NFO,5.000000,2801,False
51005,MIDCPNIFTY27OCT2615825PE,MIDCPNIFTY,27OCT2026,1582500.000000,120,OPTIDX,NFO,5.000000,2801,False
80887,BOSCHLTD23NOV2648000CE,BOSCHLTD,23NOV2026,4800000.000000,25,OPTSTK,NFO,5.000000,501,False
80896,BOSCHLTD23NOV2651000CE,BOSCHLTD,23NOV2026,5100000.000000,25,OPTSTK,NFO,5.000000,501,False
80898,ADANIGREEN29SEP261560PE,ADANIGREEN,29SEP2026,156000.000000,600,OPTSTK,NFO,5.000000,18001,False
80908,ICICIGI27OCT261440PE,ICICIGI,27OCT2026,144000.000000,325,OPTSTK,NFO,5.000000,13001,False
103891,INDUSINDBK27OCT261010CE,INDUSINDBK,27OCT2026,101000.000000,700,OPTSTK,NFO,5.000000,28001,False
103895,INDUSINDBK27OCT261050CE,INDUSINDBK,27OCT2026,105000.000000,700,OPTSTK,NFO,5.000000,28001,False
103901,INDUSINDBK27OCT261110CE,INDUSINDBK,27OCT2026,111000.000000,700,OPTSTK,NFO,5.000000,28001,False
104124,GAIL29SEP26155PE,GAIL,29SEP2026,15500.000000,3550,OPTSTK,NFO,1.000000,142001,False
80960,BOSCHLTD23NOV2652000CE,BOSCHLTD,23NOV2026,5200000.000000,25,OPTSTK,NFO,5.000000,501,False
80980,ICICIPRULI29SEP26435CE,ICICIPRULI,29SEP2026,43500.000000,925,OPTSTK,NFO,5.000000,46251,False
80998,ICICIPRULI29SEP26465CE,ICICIPRULI,29SEP2026,46500.000000,925,OPTSTK,NFO,5.000000,46251,False
81006,ICICIPRULI29SEP26485CE,ICICIPRULI,29SEP2026,48500.000000,925,OPTSTK,NFO,5.000000,46251,False
51023,MIDCPNIFTY27OCT2615900PE,MIDCPNIFTY,27OCT2026,1590000.000000,120,OPTIDX,NFO,5.000000,2801,False
51039,MIDCPNIFTY27OCT2616000PE,MIDCPNIFTY,27OCT2026,1600000.000000,120,OPTIDX,NFO,5.000000,2801,False
51089,MIDCPNIFTY27OCT2616600PE,MIDCPNIFTY,27OCT2026,1660000.000000,120,OPTIDX,NFO,5.000000,2801,False
51297,NIFTY27OCT2621750PE,NIFTY,27OCT2026,2175000.000000,65,OPTIDX,NFO,5.000000,1801,False
104130,GAIL29SEP26165PE,GAIL,29SEP2026,16500.000000,3550,OPTSTK,NFO,1.000000,142001,False
104159,GAIL29SEP26195PE,GAIL,29SEP2026,19500.000000,3550,OPTSTK,NFO,1.000000,142001,False
104165,POLYCAB27OCT266800CE,POLYCAB,27OCT2026,680000.000000,125,OPTSTK,NFO,5.000000,2501,False
104169,GAIL29SEP26200PE,GAIL,29SEP2026,20000.000000,3550,OPTSTK,NFO,1.000000,142001,False
81008,ICICIPRULI29SEP26495CE,ICICIPRULI,29SEP2026,49500.000000,925,OPTSTK,NFO,5.000000,46251,False
81048,ADANIGREEN29SEP261800CE,ADANIGREEN,29SEP2026,180000.000000,600,OPTSTK,NFO,5.000000,18001,False
81062,BPCL27OCT26305CE,BPCL,27OCT2026,30500.000000,1975,OPTSTK,NFO,5.000000,79001,False
81142,ICICIPRULI27OCT26430PE,ICICIPRULI,27OCT2026,43000.000000,925,OPTSTK,NFO,5.000000,46251,False
51314,NIFTY27OCT2622150CE,NIFTY,27OCT2026,2215000.000000,65,OPTIDX,NFO,5.000000,1801,False
51320,NIFTY27OCT2622300CE,NIFTY,27OCT2026,2230000.000000,65,OPTIDX,NFO,5.000000,1801,False
51327,NIFTY27OCT2622400PE,NIFTY,27OCT2026,2240000.000000,65,OPTIDX,NFO,5.000000,1801,False
51364,NIFTY27OCT2623300CE,NIFTY,27OCT2026,2330000.000000,65,OPTIDX,NFO,5.000000,1801,False
104282,POLYCAB27OCT269600PE,POLYCAB,27OCT2026,960000.000000,125,OPTSTK,NFO,5.000000,2501,False
104283,POLYCAB27OCT269800CE,POLYCAB,27OCT2026,980000.000000,125,OPTSTK,NFO,5.000000,2501,False
104331,INDUSTOWER27OCT26345CE,INDUSTOWER,27OCT2026,34500.000000,1700,OPTSTK,NFO,5.000000,68001,False
104337,INDUSTOWER27OCT26375CE,INDUSTOWER,27OCT2026,37500.000000,1700,OPTSTK,NFO,5.000000,68001,False
81153,ICICIPRULI27OCT26470CE,ICICIPRULI,27OCT2026,47000.000000,925,OPTSTK,NFO,5.000000,46251,False
81203,ICICIPRULI27OCT26580PE,ICICIPRULI,27OCT2026,58000.000000,925,OPTSTK,NFO,5.000000,46251,False
81204,ICICIPRULI27OCT26590CE,ICICIPRULI,27OCT2026,59000.000000,925,OPTSTK,NFO,5.000000,46251,False
81321,ADANIPORTS29SEP261320CE,ADANIPORTS,29SEP2026,132000.000000,475,OPTSTK,NFO,5.000000,14251,False
51382,NIFTY27OCT2623750CE,NIFTY,27OCT2026,2375000.000000,65,OPTIDX,NFO,5.000000,1801,False
51401,NIFTY27OCT2624150PE,NIFTY,27OCT2026,2415000.000000,65,OPTIDX,NFO,5.000000,1801,False
51434,NIFTY27OCT2624900CE,NIFTY,27OCT2026,2490000.000000,65,OPTIDX,NFO,5.000000,1801,False
51435,NIFTY27OCT2624900PE,NIFTY,27OCT2026,2490000.000000,65,OPTIDX,NFO,5.000000,1801,False
81337,ADANIPORTS29SEP261480CE,ADANIPORTS,29SEP2026,148000.000000,475,OPTSTK,NFO,5.000000,14251,False
81351,ADANIPORTS29SEP261560PE,ADANIPORTS,29SEP2026,156000.000000,475,OPTSTK,NFO,5.000000,14251,False
81365,IDFCFIRSTB29SEP2683PE,IDFCFIRSTB,29SEP2026,8300.000000,9275,OPTSTK,NFO,1.000000,278251,False
81371,IDFCFIRSTB29SEP2689PE,IDFCFIRSTB,29SEP2026,8900.000000,9275,OPTSTK,NFO,1.000000,278251,False
81452,BPCL23NOV26260CE,BPCL,23NOV2026,26000.000000,1975,OPTSTK,NFO,5.000000,79001,False
81490,BPCL23NOV26330CE,BPCL,23NOV2026,33000.000000,1975,OPTSTK,NFO,5.000000,79001,False
81509,IDFCFIRSTB27OCT2682CE,IDFCFIRSTB,27OCT2026,8200.000000,9275,OPTSTK,NFO,1.000000,278251,False
81514,BPCL23NOV26350CE,BPCL,23NOV2026,35000.000000,1975,OPTSTK,NFO,5.000000,79001,False
51445,NIFTY27OCT2625100PE,NIFTY,27OCT2026,2510000.000000,65,OPTIDX,NFO,5.000000,1801,False
51448,NIFTY27OCT2625200CE,NIFTY,27OCT2026,2520000.000000,65,OPTIDX,NFO,5.000000,1801,False
51453,NIFTY27OCT2625300PE,NIFTY,27OCT2026,2530000.000000,65,OPTIDX,NFO,5.000000,1801,False
51456,NIFTY27OCT2625400CE,NIFTY,27OCT2026,2540000.000000,65,OPTIDX,NFO,5.000000,1801,False
81535,IDFCFIRSTB27OCT2688CE,IDFCFIRSTB,27OCT2026,8800.000000,9275,OPTSTK,NFO,1.000000,278251,False
81542,IDFCFIRSTB27OCT2688PE,IDFCFIRSTB,27OCT2026,8800.000000,9275,OPTSTK,NFO,1.000000,278251,False
81562,IDFCFIRSTB27OCT2696PE,IDFCFIRSTB,27OCT2026,9600.000000,9275,OPTSTK,NFO,1.000000,278251,False
81588,BRITANNIA27OCT265050CE,BRITANNIA,27OCT2026,505000.000000,125,OPTSTK,NFO,5.000000,5001,False
50836,MIDCPNIFTY27OCT2614675CE,MIDCPNIFTY,27OCT2026,1467500.000000,120,OPTIDX,NFO,5.000000,2801,False
50839,MIDCPNIFTY27OCT2614675PE,MIDCPNIFTY,27OCT2026,1467500.000000,120,OPTIDX,NFO,5.000000,2801,False
50858,MIDCPNIFTY27OCT2614850PE,MIDCPNIFTY,27OCT2026,1485000.000000,120,OPTIDX,NFO,5.000000,2801,False
50882,MIDCPNIFTY27OCT2615000PE,MIDCPNIFTY,27OCT2026,1500000.000000,120,OPTIDX,NFO,5.000000,2801,False
81591,ADANIPOWER29SEP26170PE,ADANIPOWER,29SEP2026,17000.000000,3550,OPTSTK,NFO,1.000000,106501,False
81592,ADANIPOWER29SEP26180CE,ADANIPOWER,29SEP2026,18000.000000,3550,OPTSTK,NFO,1.000000,106501,False
81631,IEX29SEP26112.5CE,IEX,29SEP2026,11250.000000,4350,OPTSTK,NFO,1.000000,174001,False
81646,IEX29SEP26132.5PE,IEX,29SEP2026,13250.000000,4350,OPTSTK,NFO,1.000000,174001,False
50902,MIDCPNIFTY27OCT2615225CE,MIDCPNIFTY,27OCT2026,1522500.000000,120,OPTIDX,NFO,5.000000,2801,False
50972,MIDCPNIFTY27OCT2615525CE,MIDCPNIFTY,27OCT2026,1552500.000000,120,OPTIDX,NFO,5.000000,2801,False
50979,NIFTY29DEC2627000PE,NIFTY,29DEC2026,2700000.000000,65,OPTIDX,NFO,5.000000,1801,False
50985,MIDCPNIFTY27OCT2615625PE,MIDCPNIFTY,27OCT2026,1562500.000000,120,OPTIDX,NFO,5.000000,2801,False
81673,IEX27OCT2695CE,IEX,27OCT2026,9500.000000,4350,OPTSTK,NFO,1.000000,174001,False
81724,IEX27OCT26125PE,IEX,27OCT2026,12500.000000,4350,OPTSTK,NFO,1.000000,174001,False
81798,INDHOTEL29SEP26650PE,INDHOTEL,29SEP2026,65000.000000,1000,OPTSTK,NFO,5.000000,30001,False
81808,INDHOTEL29SEP26710PE,INDHOTEL,29SEP2026,71000.000000,1000,OPTSTK,NFO,5.000000,30001,False
50998,MIDCPNIFTY27OCT2615750CE,MIDCPNIFTY,27OCT2026,1575000.000000,120,OPTIDX,NFO,5.000000,2801,False
51325,NIFTY27OCT2622350PE,NIFTY,27OCT2026,2235000.000000,65,OPTIDX,NFO,5.000000,1801,False
51022,MIDCPNIFTY27OCT2615900CE,MIDCPNIFTY,27OCT2026,1590000.000000,120,OPTIDX,NFO,5.000000,2801,False
51038,MIDCPNIFTY27OCT2616000CE,MIDCPNIFTY,27OCT2026,1600000.000000,120,OPTIDX,NFO,5.000000,2801,False
81911,INDHOTEL27OCT26720CE,INDHOTEL,27OCT2026,72000.000000,1000,OPTSTK,NFO,5.000000,30001,False
82055,BRITANNIA23NOV264200PE,BRITANNIA,23NOV2026,420000.000000,125,OPTSTK,NFO,5.000000,5001,False
82065,BRITANNIA23NOV264400CE,BRITANNIA,23NOV2026,440000.000000,125,OPTSTK,NFO,5.000000,5001,False
82073,BRITANNIA23NOV264500CE,BRITANNIA,23NOV2026,450000.000000,125,OPTSTK,NFO,5.000000,5001,False
51342,NIFTY27OCT2622750CE,NIFTY,27OCT2026,2275000.000000,65,OPTIDX,NFO,5.000000,1801,False
51344,NIFTY27OCT2622800CE,NIFTY,27OCT2026,2280000.000000,65,OPTIDX,NFO,5.000000,1801,False
51348,NIFTY27OCT2622900CE,NIFTY,27OCT2026,2290000.000000,65,OPTIDX,NFO,5.000000,1801,False
51349,NIFTY27OCT2622900PE,NIFTY,27OCT2026,2290000.000000,65,OPTIDX,NFO,5.000000,1801,False
82075,BRITANNIA23NOV264600CE,BRITANNIA,23NOV2026,460000.000000,125,OPTSTK,NFO,5.000000,5001,False
82082,BRITANNIA23NOV264900PE,BRITANNIA,23NOV2026,490000.000000,125,OPTSTK,NFO,5.000000,5001,False
82158,INDIANB27OCT26860PE,INDIANB,27OCT2026,86000.000000,1000,OPTSTK,NFO,5.000000,30001,False
82162,INDIANB27OCT26900PE,INDIANB,27OCT2026,90000.000000,1000,OPTSTK,NFO,5.000000,30001,False
82236,ALKEM29SEP264800CE,ALKEM,29SEP2026,480000.000000,125,OPTSTK,NFO,5.000000,5001,False
51365,NIFTY27OCT2623300PE,NIFTY,27OCT2026,2330000.000000,65,OPTIDX,NFO,5.000000,1801,False
51378,NIFTY27OCT2623650CE,NIFTY,27OCT2026,2365000.000000,65,OPTIDX,NFO,5.000000,1801,False
51388,NIFTY27OCT2623900CE,NIFTY,27OCT2026,2390000.000000,65,OPTIDX,NFO,5.000000,1801,False
51392,NIFTY27OCT2624000CE,NIFTY,27OCT2026,2400000.000000,65,OPTIDX,NFO,5.000000,1801,False
82205,ALKEM29SEP264300CE,ALKEM,29SEP2026,430000.000000,125,OPTSTK,NFO,5.000000,5001,False
82227,INDIGO29SEP264700CE,INDIGO,29SEP2026,470000.000000,150,OPTSTK,NFO,5.000000,4501,False
82228,INDIGO29SEP264700PE,INDIGO,29SEP2026,470000.000000,150,OPTSTK,NFO,5.000000,4501,False
51398,NIFTY27OCT2624100CE,NIFTY,27OCT2026,2410000.000000,65,OPTIDX,NFO,5.000000,1801,False
51402,NIFTY27OCT2624200CE,NIFTY,27OCT2026,2420000.000000,65,OPTIDX,NFO,5.000000,1801,False
51420,NIFTY27OCT2624550CE,NIFTY,27OCT2026,2455000.000000,65,OPTIDX,NFO,5.000000,1801,False
51421,NIFTY27OCT2624550PE,NIFTY,27OCT2026,2455000.000000,65,OPTIDX,NFO,5.000000,1801,False
82243,ALKEM29SEP264900PE,ALKEM,29SEP2026,490000.000000,125,OPTSTK,NFO,5.000000,5001,False
82293,ALKEM29SEP265500CE,ALKEM,29SEP2026,550000.000000,125,OPTSTK,NFO,5.000000,5001,False
82326,ALKEM29SEP266500CE,ALKEM,29SEP2026,650000.000000,125,OPTSTK,NFO,5.000000,5001,False
82359,BSE27OCT263100CE,BSE,27OCT2026,310000.000000,200,OPTSTK,NFO,5.000000,6001,False
51447,NIFTY27OCT2625150PE,NIFTY,27OCT2026,2515000.000000,65,OPTIDX,NFO,5.000000,1801,False
51457,NIFTY27OCT2625400PE,NIFTY,27OCT2026,2540000.000000,65,OPTIDX,NFO,5.000000,1801,False
51497,NIFTY27OCT2626150PE,NIFTY,27OCT2026,2615000.000000,65,OPTIDX,NFO,5.000000,1801,False
51505,NIFTY27OCT2626350PE,NIFTY,27OCT2026,2635000.000000,65,OPTIDX,NFO,5.000000,1801,False
82374,INDIGO27OCT264200PE,INDIGO,27OCT2026,420000.000000,150,OPTSTK,NFO,5.000000,4501,False
82407,INDIGO27OCT264800CE,INDIGO,27OCT2026,480000.000000,150,OPTSTK,NFO,5.000000,4501,False
82481,INDUSINDBK29SEP261070CE,INDUSINDBK,29SEP2026,107000.000000,700,OPTSTK,NFO,5.000000,28001,False
82502,BSE23NOV263400PE,BSE,23NOV2026,340000.000000,200,OPTSTK,NFO,5.000000,6001,False
51508,NIFTY27OCT2626450CE,NIFTY,27OCT2026,2645000.000000,65,OPTIDX,NFO,5.000000,1801,False
51509,NIFTY27OCT2626450PE,NIFTY,27OCT2026,2645000.000000,65,OPTIDX,NFO,5.000000,1801,False
51519,NIFTY27OCT2626700PE,NIFTY,27OCT2026,2670000.000000,65,OPTIDX,NFO,5.000000,1801,False
51822,NIFTYNXT5027OCT2663500CE,NIFTYNXT50,27OCT2026,6350000.000000,25,OPTIDX,NFO,5.000000,601,False
82595,CAMS27OCT26830CE,CAMS,27OCT2026,83000.000000,825,OPTSTK,NFO,5.000000,33001,False
82712,CAMS23NOV26600CE,CAMS,23NOV2026,60000.000000,825,OPTSTK,NFO,5.000000,33001,False
82728,INDUSINDBK27OCT26980PE,INDUSINDBK,27OCT2026,98000.000000,700,OPTSTK,NFO,5.000000,28001,False
82732,CAMS23NOV26740PE,CAMS,23NOV2026,74000.000000,825,OPTSTK,NFO,5.000000,33001,False
82735,CAMS23NOV26780CE,CAMS,23NOV2026,78000.000000,825,OPTSTK,NFO,5.000000,33001,False
82771,INDUSINDBK27OCT261060CE,INDUSINDBK,27OCT2026,106000.000000,700,OPTSTK,NFO,5.000000,28001,False
82858,AMBER29SEP267800PE,AMBER,29SEP2026,780000.000000,100,OPTSTK,NFO,5.000000,3001,False
82861,AMBER29SEP268200CE,AMBER,29SEP2026,820000.000000,100,OPTSTK,NFO,5.000000,3001,False
51840,NIFTYNXT5027OCT2664000CE,NIFTYNXT50,27OCT2026,6400000.000000,25,OPTIDX,NFO,5.000000,601,False
51859,NIFTYNXT5027OCT2664500PE,NIFTYNXT50,27OCT2026,6450000.000000,25,OPTIDX,NFO,5.000000,601,False
51868,NIFTYNXT5027OCT2664700PE,NIFTYNXT50,27OCT2026,6470000.000000,25,OPTIDX,NFO,5.000000,601,False
51876,NIFTYNXT5027OCT2665000PE,NIFTYNXT50,27OCT2026,6500000.000000,25,OPTIDX,NFO,5.000000,601,False
82865,AMBER29SEP268600CE,AMBER,29SEP2026,860000.000000,100,OPTSTK,NFO,5.000000,3001,False
82869,AMBER29SEP269000CE,AMBER,29SEP2026,900000.000000,100,OPTSTK,NFO,5.000000,3001,False
82870,AMBER29SEP269000PE,AMBER,29SEP2026,900000.000000,100,OPTSTK,NFO,5.000000,3001,False
82920,CANBK27OCT26112.5CE,CANBK,27OCT2026,11250.000000,6750,OPTSTK,NFO,1.000000,202501,False
51878,NIFTYNXT5027OCT2665100PE,NIFTYNXT50,27OCT2026,6510000.000000,25,OPTIDX,NFO,5.000000,601,False
51890,NIFTYNXT5027OCT2665500PE,NIFTYNXT50,27OCT2026,6550000.000000,25,OPTIDX,NFO,5.000000,601,False
51906,NIFTYNXT5027OCT2665900PE,NIFTYNXT50,27OCT2026,6590000.000000,25,OPTIDX,NFO,5.000000,601,False
51910,NIFTYNXT5027OCT2666100PE,NIFTYNXT50,27OCT2026,6610000.000000,25,OPTIDX,NFO,5.000000,601,False
82951,CANBK27OCT26132.5PE,CANBK,27OCT2026,13250.000000,6750,OPTSTK,NFO,1.000000,202501,False
83046,CANBK23NOV26115PE,CANBK,23NOV2026,11500.000000,6750,OPTSTK,NFO,1.000000,202501,False
83073,CANBK23NOV26150PE,CANBK,23NOV2026,15000.000000,6750,OPTSTK,NFO,1.000000,202501,False
83164,CDSL23NOV261200CE,CDSL,23NOV2026,120000.000000,475,OPTSTK,NFO,5.000000,19001,False
51918,NIFTYNXT5027OCT2666500PE,NIFTYNXT50,27OCT2026,6650000.000000,25,OPTIDX,NFO,5.000000,601,False
51924,NIFTYNXT5027OCT2666800PE,NIFTYNXT50,27OCT2026,6680000.000000,25,OPTIDX,NFO,5.000000,601,False
51961,NIFTYNXT5027OCT2668300CE,NIFTYNXT50,27OCT2026,6830000.000000,25,OPTIDX,NFO,5.000000,601,False
51966,NIFTYNXT5027OCT2668400CE,NIFTYNXT50,27OCT2026,6840000.000000,25,OPTIDX,NFO,5.000000,601,False
83221,CDSL23NOV261360CE,CDSL,23NOV2026,136000.000000,475,OPTSTK,NFO,5.000000,19001,False
83269,AMBUJACEM29SEP26380PE,AMBUJACEM,29SEP2026,38000.000000,1200,OPTSTK,NFO,5.000000,60001,False
83272,AMBUJACEM29SEP26400CE,AMBUJACEM,29SEP2026,40000.000000,1200,OPTSTK,NFO,5.000000,60001,False
83279,AMBUJACEM29SEP26430PE,AMBUJACEM,29SEP2026,43000.000000,1200,OPTSTK,NFO,5.000000,60001,False
52088,NIFTYNXT5027OCT2672200PE,NIFTYNXT50,27OCT2026,7220000.000000,25,OPTIDX,NFO,5.000000,601,False
52126,NIFTYNXT5027OCT2672700PE,NIFTYNXT50,27OCT2026,7270000.000000,25,OPTIDX,NFO,5.000000,601,False
52132,NIFTYNXT5027OCT2672900PE,NIFTYNXT50,27OCT2026,7290000.000000,25,OPTIDX,NFO,5.000000,601,False
52137,NIFTYNXT5027OCT2673200CE,NIFTYNXT50,27OCT2026,7320000.000000,25,OPTIDX,NFO,5.000000,601,False
83281,AMBUJACEM29SEP26440PE,AMBUJACEM,29SEP2026,44000.000000,1200,OPTSTK,NFO,5.000000,60001,False
83288,AMBUJACEM29SEP26480CE,AMBUJACEM,29SEP2026,48000.000000,1200,OPTSTK,NFO,5.000000,60001,False
83294,AMBUJACEM29SEP26510CE,AMBUJACEM,29SEP2026,51000.000000,1200,OPTSTK,NFO,5.000000,60001,False
83317,CDSL23NOV261480CE,CDSL,23NOV2026,148000.000000,475,OPTSTK,NFO,5.000000,19001,False
52141,NIFTYNXT5027OCT2673300CE,NIFTYNXT50,27OCT2026,7330000.000000,25,OPTIDX,NFO,5.000000,601,False
52165,NIFTYNXT5027OCT2674200CE,NIFTYNXT50,27OCT2026,7420000.000000,25,OPTIDX,NFO,5.000000,601,False
52167,NIFTYNXT5027OCT2674300CE,NIFTYNXT50,27OCT2026,7430000.000000,25,OPTIDX,NFO,5.000000,601,False
52187,NIFTYNXT5027OCT2675300CE,NIFTYNXT50,27OCT2026,7530000.000000,25,OPTIDX,NFO,5.000000,601,False
82469,INDUSINDBK29SEP26950CE,INDUSINDBK,29SEP2026,95000.000000,700,OPTSTK,NFO,5.000000,28001,False
82471,INDUSINDBK29SEP26970CE,INDUSINDBK,29SEP2026,97000.000000,700,OPTSTK,NFO,5.000000,28001,False
82479,INDUSINDBK29SEP261050CE,INDUSINDBK,29SEP2026,105000.000000,700,OPTSTK,NFO,5.000000,28001,False
82597,CAMS27OCT26850CE,CAMS,27OCT2026,85000.000000,825,OPTSTK,NFO,5.000000,33001,False
52201,NIFTYNXT5027OCT2675900PE,NIFTYNXT50,27OCT2026,7590000.000000,25,OPTIDX,NFO,5.000000,601,False
52230,NIFTYNXT5027OCT2677300CE,NIFTYNXT50,27OCT2026,7730000.000000,25,OPTIDX,NFO,5.000000,601,False
52267,NIFTYNXT5027OCT2678500PE,NIFTYNXT50,27OCT2026,7850000.000000,25,OPTIDX,NFO,5.000000,601,False
52298,BANKNIFTY29SEP2655500PE,BANKNIFTY,29SEP2026,5550000.000000,30,OPTIDX,NFO,5.000000,601,False
82677,INDUSINDBK27OCT26880CE,INDUSINDBK,27OCT2026,88000.000000,700,OPTSTK,NFO,5.000000,28001,False
82681,INDUSINDBK27OCT26920CE,INDUSINDBK,27OCT2026,92000.000000,700,OPTSTK,NFO,5.000000,28001,False
82717,CAMS23NOV26640PE,CAMS,23NOV2026,64000.000000,825,OPTSTK,NFO,5.000000,33001,False
82734,CAMS23NOV26760PE,CAMS,23NOV2026,76000.000000,825,OPTSTK,NFO,5.000000,33001,False
52302,NIFTYNXT5027OCT2679300CE,NIFTYNXT50,27OCT2026,7930000.000000,25,OPTIDX,NFO,5.000000,601,False
52312,NIFTYNXT5027OCT2679800CE,NIFTYNXT50,27OCT2026,7980000.000000,25,OPTIDX,NFO,5.000000,601,False
52319,NIFTYNXT5027OCT2680100PE,NIFTYNXT50,27OCT2026,8010000.000000,25,OPTIDX,NFO,5.000000,601,False
52329,NIFTYNXT5027OCT2680500PE,NIFTYNXT50,27OCT2026,8050000.000000,25,OPTIDX,NFO,5.000000,601,False
82736,CAMS23NOV26780PE,CAMS,23NOV2026,78000.000000,825,OPTSTK,NFO,5.000000,33001,False
82741,CAMS23NOV26840CE,CAMS,23NOV2026,84000.000000,825,OPTSTK,NFO,5.000000,33001,False
82776,INDUSINDBK27OCT261100PE,INDUSINDBK,27OCT2026,110000.000000,700,OPTSTK,NFO,5.000000,28001,False
82777,CAMS23NOV26920CE,CAMS,23NOV2026,92000.000000,825,OPTSTK,NFO,5.000000,33001,False
52386,NIFTYNXT5027OCT2683000CE,NIFTYNXT50,27OCT2026,8300000.000000,25,OPTIDX,NFO,5.000000,601,False
52389,BANKNIFTY29SEP2661500PE,BANKNIFTY,29SEP2026,6150000.000000,30,OPTIDX,NFO,5.000000,601,False
52422,NIFTYNXT5027OCT2685000CE,NIFTYNXT50,27OCT2026,8500000.000000,25,OPTIDX,NFO,5.000000,601,False
52640,360ONE29SEP261060CE,360ONE,29SEP2026,106000.000000,500,OPTSTK,NFO,5.000000,20001,False
82790,INDUSINDBK27OCT261120CE,INDUSINDBK,27OCT2026,112000.000000,700,OPTSTK,NFO,5.000000,28001,False
82801,INDUSINDBK27OCT261140PE,INDUSINDBK,27OCT2026,114000.000000,700,OPTSTK,NFO,5.000000,28001,False
82804,INDUSINDBK27OCT261160CE,INDUSINDBK,27OCT2026,116000.000000,700,OPTSTK,NFO,5.000000,28001,False
82839,AMBER29SEP266200PE,AMBER,29SEP2026,620000.000000,100,OPTSTK,NFO,5.000000,3001,False
52705,360ONE27OCT261240PE,360ONE,27OCT2026,124000.000000,500,OPTSTK,NFO,5.000000,20001,False
52710,360ONE27OCT261360CE,360ONE,27OCT2026,136000.000000,500,OPTSTK,NFO,5.000000,20001,False
52874,ABB27OCT266200CE,ABB,27OCT2026,620000.000000,125,OPTSTK,NFO,5.000000,3751,False
52887,ABB27OCT267200PE,ABB,27OCT2026,720000.000000,125,OPTSTK,NFO,5.000000,3751,False
82841,AMBER29SEP266400PE,AMBER,29SEP2026,640000.000000,100,OPTSTK,NFO,5.000000,3001,False
82845,AMBER29SEP266800PE,AMBER,29SEP2026,680000.000000,100,OPTSTK,NFO,5.000000,3001,False
82855,AMBER29SEP267600CE,AMBER,29SEP2026,760000.000000,100,OPTSTK,NFO,5.000000,3001,False
82956,CANBK27OCT26137.5PE,CANBK,27OCT2026,13750.000000,6750,OPTSTK,NFO,1.000000,202501,False
52899,ABB27OCT267600PE,ABB,27OCT2026,760000.000000,125,OPTSTK,NFO,5.000000,3751,False
52902,ABB27OCT268000CE,ABB,27OCT2026,800000.000000,125,OPTSTK,NFO,5.000000,3751,False
52907,ABB27OCT268400PE,ABB,27OCT2026,840000.000000,125,OPTSTK,NFO,5.000000,3751,False
52985,ABCAPITAL29SEP26465CE,ABCAPITAL,29SEP2026,46500.000000,3100,OPTSTK,NFO,5.000000,62001,False
83052,CANBK23NOV26125PE,CANBK,23NOV2026,12500.000000,6750,OPTSTK,NFO,1.000000,202501,False
83054,INDUSTOWER29SEP26371PE,INDUSTOWER,29SEP2026,37100.000000,1700,OPTSTK,NFO,5.000000,68001,False
83059,INDUSTOWER29SEP26401CE,INDUSTOWER,29SEP2026,40100.000000,1700,OPTSTK,NFO,5.000000,68001,False
83118,CDSL27OCT261380PE,CDSL,27OCT2026,138000.000000,475,OPTSTK,NFO,5.000000,19001,False
53035,ABCAPITAL27OCT26370CE,ABCAPITAL,27OCT2026,37000.000000,3100,OPTSTK,NFO,5.000000,62001,False
53040,ABCAPITAL27OCT26390PE,ABCAPITAL,27OCT2026,39000.000000,3100,OPTSTK,NFO,5.000000,62001,False
53044,ABCAPITAL27OCT26410PE,ABCAPITAL,27OCT2026,41000.000000,3100,OPTSTK,NFO,5.000000,62001,False
53050,ABCAPITAL27OCT26440PE,ABCAPITAL,27OCT2026,44000.000000,3100,OPTSTK,NFO,5.000000,62001,False
83119,CDSL27OCT261420CE,CDSL,27OCT2026,142000.000000,475,OPTSTK,NFO,5.000000,19001,False
83259,AMBUJACEM29SEP26330PE,AMBUJACEM,29SEP2026,33000.000000,1200,OPTSTK,NFO,5.000000,60001,False
83265,AMBUJACEM29SEP26360PE,AMBUJACEM,29SEP2026,36000.000000,1200,OPTSTK,NFO,5.000000,60001,False
83267,AMBUJACEM29SEP26370PE,AMBUJACEM,29SEP2026,37000.000000,1200,OPTSTK,NFO,5.000000,60001,False
53058,ABCAPITAL27OCT26470PE,ABCAPITAL,27OCT2026,47000.000000,3100,OPTSTK,NFO,5.000000,62001,False
53117,ADANIENSOL29SEP261540CE,ADANIENSOL,29SEP2026,154000.000000,675,OPTSTK,NFO,5.000000,13501,False
53220,BANKNIFTY29DEC2651000CE,BANKNIFTY,29DEC2026,5100000.000000,30,OPTIDX,NFO,5.000000,601,False
53222,BANKNIFTY29DEC2652500CE,BANKNIFTY,29DEC2026,5250000.000000,30,OPTIDX,NFO,5.000000,601,False
83315,CDSL23NOV261440CE,CDSL,23NOV2026,144000.000000,475,OPTSTK,NFO,5.000000,19001,False
83364,INFY29SEP26940CE,INFY,29SEP2026,94000.000000,400,OPTSTK,NFO,5.000000,20001,False
83371,INFY29SEP261060PE,INFY,29SEP2026,106000.000000,400,OPTSTK,NFO,5.000000,20001,False
83395,CGPOWER27OCT26900CE,CGPOWER,27OCT2026,90000.000000,850,OPTSTK,NFO,5.000000,25501,False
53223,BANKNIFTY29DEC2652500PE,BANKNIFTY,29DEC2026,5250000.000000,30,OPTIDX,NFO,5.000000,601,False
53240,BANKNIFTY29DEC2660000CE,BANKNIFTY,29DEC2026,6000000.000000,30,OPTIDX,NFO,5.000000,601,False
53248,BANKNIFTY29DEC2664500CE,BANKNIFTY,29DEC2026,6450000.000000,30,OPTIDX,NFO,5.000000,601,False
53274,ADANIENSOL27OCT261600PE,ADANIENSOL,27OCT2026,160000.000000,675,OPTSTK,NFO,5.000000,13501,False
83402,CGPOWER27OCT261020PE,CGPOWER,27OCT2026,102000.000000,850,OPTSTK,NFO,5.000000,25501,False
83445,INFY27OCT261000CE,INFY,27OCT2026,100000.000000,400,OPTSTK,NFO,5.000000,20001,False
83450,INFY27OCT261040PE,INFY,27OCT2026,104000.000000,400,OPTSTK,NFO,5.000000,20001,False
83465,CGPOWER23NOV26960PE,CGPOWER,23NOV2026,96000.000000,850,OPTSTK,NFO,5.000000,25501,False
53279,ADANIENSOL27OCT261680PE,ADANIENSOL,27OCT2026,168000.000000,675,OPTSTK,NFO,5.000000,13501,False
53285,ADANIENSOL27OCT261800PE,ADANIENSOL,27OCT2026,180000.000000,675,OPTSTK,NFO,5.000000,13501,False
53287,ADANIENSOL27OCT261840PE,ADANIENSOL,27OCT2026,184000.000000,675,OPTSTK,NFO,5.000000,13501,False
53349,ADANIENT29SEP262750PE,ADANIENT,29SEP2026,275000.000000,309,OPTSTK,NFO,5.000000,9271,False
83469,INFY27OCT261240PE,INFY,27OCT2026,124000.000000,400,OPTSTK,NFO,5.000000,20001,False
83471,CGPOWER23NOV261000PE,CGPOWER,23NOV2026,100000.000000,850,OPTSTK,NFO,5.000000,25501,False
83486,INFY27OCT261280CE,INFY,27OCT2026,128000.000000,400,OPTSTK,NFO,5.000000,20001,False
83585,INOXWIND29SEP2662.5PE,INOXWIND,29SEP2026,6250.000000,6400,OPTSTK,NFO,1.000000,256001,False
53365,ADANIENT29SEP263150PE,ADANIENT,29SEP2026,315000.000000,309,OPTSTK,NFO,5.000000,9271,False
53404,ADANIENT27OCT262500CE,ADANIENT,27OCT2026,250000.000000,309,OPTSTK,NFO,5.000000,9271,False
53406,ADANIENT27OCT262600CE,ADANIENT,27OCT2026,260000.000000,309,OPTSTK,NFO,5.000000,9271,False
53454,ADANIGREEN29SEP261060CE,ADANIGREEN,29SEP2026,106000.000000,600,OPTSTK,NFO,5.000000,18001,False
83601,INOXWIND29SEP2677.5CE,INOXWIND,29SEP2026,7750.000000,6400,OPTSTK,NFO,1.000000,256001,False
83662,CHOLAFIN27OCT261820CE,CHOLAFIN,27OCT2026,182000.000000,625,OPTSTK,NFO,5.000000,12501,False
83663,CHOLAFIN27OCT261820PE,CHOLAFIN,27OCT2026,182000.000000,625,OPTSTK,NFO,5.000000,12501,False
83671,CHOLAFIN27OCT261980PE,CHOLAFIN,27OCT2026,198000.000000,625,OPTSTK,NFO,5.000000,12501,False
83720,INOXWIND27OCT2685PE,INOXWIND,27OCT2026,8500.000000,6400,OPTSTK,NFO,1.000000,256001,False
83766,CHOLAFIN23NOV261960PE,CHOLAFIN,23NOV2026,196000.000000,625,OPTSTK,NFO,5.000000,12501,False
83767,CHOLAFIN23NOV262000CE,CHOLAFIN,23NOV2026,200000.000000,625,OPTSTK,NFO,5.000000,12501,False
83811,ANGELONE29SEP26250PE,ANGELONE,29SEP2026,25000.000000,2500,OPTSTK,NFO,5.000000,75001,False
53475,ADANIGREEN29SEP261340PE,ADANIGREEN,29SEP2026,134000.000000,600,OPTSTK,NFO,5.000000,18001,False
53476,ADANIGREEN29SEP261380CE,ADANIGREEN,29SEP2026,138000.000000,600,OPTSTK,NFO,5.000000,18001,False
53477,ADANIGREEN29SEP261380PE,ADANIGREEN,29SEP2026,138000.000000,600,OPTSTK,NFO,5.000000,18001,False
53523,ADANIGREEN27OCT261000PE,ADANIGREEN,27OCT2026,100000.000000,600,OPTSTK,NFO,5.000000,18001,False
83814,ANGELONE29SEP26260CE,ANGELONE,29SEP2026,26000.000000,2500,OPTSTK,NFO,5.000000,75001,False
83815,ANGELONE29SEP26260PE,ANGELONE,29SEP2026,26000.000000,2500,OPTSTK,NFO,5.000000,75001,False
83819,ANGELONE29SEP26280PE,ANGELONE,29SEP2026,28000.000000,2500,OPTSTK,NFO,5.000000,75001,False
83831,ANGELONE29SEP26330PE,ANGELONE,29SEP2026,33000.000000,2500,OPTSTK,NFO,5.000000,75001,False
53536,ADANIGREEN27OCT261240CE,ADANIGREEN,27OCT2026,124000.000000,600,OPTSTK,NFO,5.000000,18001,False
53544,ADANIGREEN27OCT261360CE,ADANIGREEN,27OCT2026,136000.000000,600,OPTSTK,NFO,5.000000,18001,False
53548,ADANIGREEN27OCT261440CE,ADANIGREEN,27OCT2026,144000.000000,600,OPTSTK,NFO,5.000000,18001,False
53552,ADANIGREEN27OCT261520CE,ADANIGREEN,27OCT2026,152000.000000,600,OPTSTK,NFO,5.000000,18001,False
83834,ANGELONE29SEP26350CE,ANGELONE,29SEP2026,35000.000000,2500,OPTSTK,NFO,5.000000,75001,False
83835,ANGELONE29SEP26350PE,ANGELONE,29SEP2026,35000.000000,2500,OPTSTK,NFO,5.000000,75001,False
83899,CIPLA27OCT261370PE,CIPLA,27OCT2026,137000.000000,425,OPTSTK,NFO,5.000000,17001,False
84170,CIPLA23NOV261160PE,CIPLA,23NOV2026,116000.000000,425,OPTSTK,NFO,5.000000,17001,False
53598,ADANIPORTS29SEP261420CE,ADANIPORTS,29SEP2026,142000.000000,475,OPTSTK,NFO,5.000000,14251,False
53599,ADANIPORTS29SEP261420PE,ADANIPORTS,29SEP2026,142000.000000,475,OPTSTK,NFO,5.000000,14251,False
53600,ADANIPORTS29SEP261460CE,ADANIPORTS,29SEP2026,146000.000000,475,OPTSTK,NFO,5.000000,14251,False
53606,NIFTY28DEC2719000PE,NIFTY,28DEC2027,1900000.000000,65,OPTIDX,NFO,5.000000,1801,False
84175,CIPLA23NOV261200CE,CIPLA,23NOV2026,120000.000000,425,OPTSTK,NFO,5.000000,17001,False
84205,APLAPOLLO29SEP262040CE,APLAPOLLO,29SEP2026,204000.000000,350,OPTSTK,NFO,5.000000,10501,False
84222,APLAPOLLO29SEP262160PE,APLAPOLLO,29SEP2026,216000.000000,350,OPTSTK,NFO,5.000000,10501,False
84235,CIPLA23NOV261340CE,CIPLA,23NOV2026,134000.000000,425,OPTSTK,NFO,5.000000,17001,False
53623,ADANIPORTS29SEP261740CE,ADANIPORTS,29SEP2026,174000.000000,475,OPTSTK,NFO,5.000000,14251,False
53633,ADANIPORTS29SEP261780CE,ADANIPORTS,29SEP2026,178000.000000,475,OPTSTK,NFO,5.000000,14251,False
53634,ADANIPORTS29SEP261780PE,ADANIPORTS,29SEP2026,178000.000000,475,OPTSTK,NFO,5.000000,14251,False
53685,ADANIPORTS27OCT261320CE,ADANIPORTS,27OCT2026,132000.000000,475,OPTSTK,NFO,5.000000,14251,False
84268,IOC27OCT26120CE,IOC,27OCT2026,12000.000000,4875,OPTSTK,NFO,1.000000,195001,False
84241,CIPLA23NOV261360CE,CIPLA,23NOV2026,136000.000000,425,OPTSTK,NFO,5.000000,17001,False
84243,CIPLA23NOV261380CE,CIPLA,23NOV2026,138000.000000,425,OPTSTK,NFO,5.000000,17001,False
84247,CIPLA23NOV261420CE,CIPLA,23NOV2026,142000.000000,425,OPTSTK,NFO,5.000000,17001,False
53725,ADANIPORTS27OCT261960CE,ADANIPORTS,27OCT2026,196000.000000,475,OPTSTK,NFO,5.000000,14251,False
53729,ADANIPORTS27OCT262040CE,ADANIPORTS,27OCT2026,204000.000000,475,OPTSTK,NFO,5.000000,14251,False
53757,ADANIPOWER29SEP26185CE,ADANIPOWER,29SEP2026,18500.000000,3550,OPTSTK,NFO,1.000000,106501,False
53759,ADANIPOWER29SEP26195CE,ADANIPOWER,29SEP2026,19500.000000,3550,OPTSTK,NFO,1.000000,106501,False
84272,IOC27OCT26120PE,IOC,27OCT2026,12000.000000,4875,OPTSTK,NFO,1.000000,195001,False
84288,IOC27OCT26160PE,IOC,27OCT2026,16000.000000,4875,OPTSTK,NFO,1.000000,195001,False
84329,IREDA29SEP26132.5CE,IREDA,29SEP2026,13250.000000,4525,OPTSTK,NFO,1.000000,181001,False
84333,CIPLA23NOV261640PE,CIPLA,23NOV2026,164000.000000,425,OPTSTK,NFO,5.000000,17001,False
53774,ADANIPOWER29SEP26235PE,ADANIPOWER,29SEP2026,23500.000000,3550,OPTSTK,NFO,1.000000,106501,False
53777,HINDPETRO29SEP26300CE,HINDPETRO,29SEP2026,30000.000000,2025,OPTSTK,NFO,5.000000,60751,False
53779,HINDPETRO29SEP26310CE,HINDPETRO,29SEP2026,31000.000000,2025,OPTSTK,NFO,5.000000,60751,False
53787,HINDPETRO29SEP26320CE,HINDPETRO,29SEP2026,32000.000000,2025,OPTSTK,NFO,5.000000,60751,False
84428,COALINDIA27OCT26455CE,COALINDIA,27OCT2026,45500.000000,1350,OPTSTK,NFO,5.000000,54001,False
84557,APOLLOHOSP29SEP268200CE,APOLLOHOSP,29SEP2026,820000.000000,125,OPTSTK,NFO,5.000000,2501,False
84560,APOLLOHOSP29SEP268400PE,APOLLOHOSP,29SEP2026,840000.000000,125,OPTSTK,NFO,5.000000,2501,False
84570,APOLLOHOSP29SEP269400CE,APOLLOHOSP,29SEP2026,940000.000000,125,OPTSTK,NFO,5.000000,2501,False
53806,ADANIPOWER27OCT26160PE,ADANIPOWER,27OCT2026,16000.000000,3550,OPTSTK,NFO,1.000000,106501,False
53807,ADANIPOWER27OCT26170CE,ADANIPOWER,27OCT2026,17000.000000,3550,OPTSTK,NFO,1.000000,106501,False
53818,ADANIPOWER27OCT26220PE,ADANIPOWER,27OCT2026,22000.000000,3550,OPTSTK,NFO,1.000000,106501,False
53858,HINDPETRO29SEP26350PE,HINDPETRO,29SEP2026,35000.000000,2025,OPTSTK,NFO,5.000000,60751,False
84744,COALINDIA23NOV26400PE,COALINDIA,23NOV2026,40000.000000,1350,OPTSTK,NFO,5.000000,54001,False
84778,COALINDIA23NOV26450PE,COALINDIA,23NOV2026,45000.000000,1350,OPTSTK,NFO,5.000000,54001,False
84811,COCHINSHIP27OCT261340CE,COCHINSHIP,27OCT2026,134000.000000,400,OPTSTK,NFO,5.000000,16001,False
84843,COCHINSHIP27OCT261660CE,COCHINSHIP,27OCT2026,166000.000000,400,OPTSTK,NFO,5.000000,16001,False
84912,COCHINSHIP23NOV261440CE,COCHINSHIP,23NOV2026,144000.000000,400,OPTSTK,NFO,5.000000,16001,False
53867,ALKEM29SEP264750CE,ALKEM,29SEP2026,475000.000000,125,OPTSTK,NFO,5.000000,5001,False
53890,HINDPETRO29SEP26360PE,HINDPETRO,29SEP2026,36000.000000,2025,OPTSTK,NFO,5.000000,60751,False
53907,HINDPETRO29SEP26370CE,HINDPETRO,29SEP2026,37000.000000,2025,OPTSTK,NFO,5.000000,60751,False
53989,ALKEM27OCT265200CE,ALKEM,27OCT2026,520000.000000,125,OPTSTK,NFO,5.000000,5001,False
84904,COCHINSHIP23NOV261280CE,COCHINSHIP,23NOV2026,128000.000000,400,OPTSTK,NFO,5.000000,16001,False
84905,COCHINSHIP23NOV261280PE,COCHINSHIP,23NOV2026,128000.000000,400,OPTSTK,NFO,5.000000,16001,False
84907,COCHINSHIP23NOV261320PE,COCHINSHIP,23NOV2026,132000.000000,400,OPTSTK,NFO,5.000000,16001,False
84997,COCHINSHIP23NOV261720PE,COCHINSHIP,23NOV2026,172000.000000,400,OPTSTK,NFO,5.000000,16001,False
84923,COCHINSHIP23NOV261640PE,COCHINSHIP,23NOV2026,164000.000000,400,OPTSTK,NFO,5.000000,16001,False
84949,IRFC29SEP2697PE,IRFC,29SEP2026,9700.000000,5425,OPTSTK,NFO,1.000000,271251,False
84951,IRFC29SEP2699PE,IRFC,29SEP2026,9900.000000,5425,OPTSTK,NFO,1.000000,271251,False
54088,HINDPETRO27OCT26320PE,HINDPETRO,27OCT2026,32000.000000,2025,OPTSTK,NFO,5.000000,60751,False
54095,HINDPETRO27OCT26380CE,HINDPETRO,27OCT2026,38000.000000,2025,OPTSTK,NFO,5.000000,60751,False
54131,AMBER29SEP266500PE,AMBER,29SEP2026,650000.000000,100,OPTSTK,NFO,5.000000,3001,False
54154,AMBER29SEP268500CE,AMBER,29SEP2026,850000.000000,100,OPTSTK,NFO,5.000000,3001,False
85023,IRFC27OCT2668CE,IRFC,27OCT2026,6800.000000,5425,OPTSTK,NFO,1.000000,271251,False
85042,IRFC27OCT2682PE,IRFC,27OCT2026,8200.000000,5425,OPTSTK,NFO,1.000000,271251,False
85064,ASHOKLEY29SEP26190PE,ASHOKLEY,29SEP2026,19000.000000,5000,OPTSTK,NFO,1.000000,150001,False
85083,COFORGE27OCT261700PE,COFORGE,27OCT2026,170000.000000,475,OPTSTK,NFO,5.000000,14251,False
54175,HINDPETRO27OCT26440CE,HINDPETRO,27OCT2026,44000.000000,2025,OPTSTK,NFO,5.000000,60751,False
54205,AMBER27OCT266800CE,AMBER,27OCT2026,680000.000000,100,OPTSTK,NFO,5.000000,3001,False
54209,AMBER27OCT267200CE,AMBER,27OCT2026,720000.000000,100,OPTSTK,NFO,5.000000,3001,False
54213,AMBER27OCT267600CE,AMBER,27OCT2026,760000.000000,100,OPTSTK,NFO,5.000000,3001,False
85087,COFORGE27OCT261780PE,COFORGE,27OCT2026,178000.000000,475,OPTSTK,NFO,5.000000,14251,False
85185,COFORGE27OCT262220CE,COFORGE,27OCT2026,222000.000000,475,OPTSTK,NFO,5.000000,14251,False
85223,COFORGE23NOV261680PE,COFORGE,23NOV2026,168000.000000,475,OPTSTK,NFO,5.000000,14251,False
85224,COFORGE23NOV261720CE,COFORGE,23NOV2026,172000.000000,475,OPTSTK,NFO,5.000000,14251,False
54293,AMBUJACEM29SEP26405CE,AMBUJACEM,29SEP2026,40500.000000,1200,OPTSTK,NFO,5.000000,60001,False
54297,AMBUJACEM29SEP26425CE,AMBUJACEM,29SEP2026,42500.000000,1200,OPTSTK,NFO,5.000000,60001,False
54299,AMBUJACEM29SEP26435CE,AMBUJACEM,29SEP2026,43500.000000,1200,OPTSTK,NFO,5.000000,60001,False
54306,AMBUJACEM29SEP26465PE,AMBUJACEM,29SEP2026,46500.000000,1200,OPTSTK,NFO,5.000000,60001,False
85298,COFORGE23NOV261960PE,COFORGE,23NOV2026,196000.000000,475,OPTSTK,NFO,5.000000,14251,False
85299,COFORGE23NOV262000CE,COFORGE,23NOV2026,200000.000000,475,OPTSTK,NFO,5.000000,14251,False
85328,COFORGE23NOV262200PE,COFORGE,23NOV2026,220000.000000,475,OPTSTK,NFO,5.000000,14251,False
85332,COFORGE23NOV262280PE,COFORGE,23NOV2026,228000.000000,475,OPTSTK,NFO,5.000000,14251,False
85375,ITC29SEP26227.5CE,ITC,29SEP2026,22750.000000,1725,OPTSTK,NFO,5.000000,86251,False
85381,ITC29SEP26227.5PE,ITC,29SEP2026,22750.000000,1725,OPTSTK,NFO,5.000000,86251,False
85425,ITC29SEP26312.5PE,ITC,29SEP2026,31250.000000,1725,OPTSTK,NFO,5.000000,86251,False
85524,COLPAL27OCT261900CE,COLPAL,27OCT2026,190000.000000,275,OPTSTK,NFO,5.000000,11001,False
54369,AMBUJACEM27OCT26450CE,AMBUJACEM,27OCT2026,45000.000000,1200,OPTSTK,NFO,5.000000,60001,False
54374,AMBUJACEM27OCT26470PE,AMBUJACEM,27OCT2026,47000.000000,1200,OPTSTK,NFO,5.000000,60001,False
54377,AMBUJACEM27OCT26480PE,AMBUJACEM,27OCT2026,48000.000000,1200,OPTSTK,NFO,5.000000,60001,False
54477,ANGELONE27OCT26290CE,ANGELONE,27OCT2026,29000.000000,2500,OPTSTK,NFO,5.000000,75001,False
85527,COLPAL27OCT261940PE,COLPAL,27OCT2026,194000.000000,275,OPTSTK,NFO,5.000000,11001,False
85535,COLPAL27OCT262100PE,COLPAL,27OCT2026,210000.000000,275,OPTSTK,NFO,5.000000,11001,False
85567,ASIANPAINT29SEP262160CE,ASIANPAINT,29SEP2026,216000.000000,250,OPTSTK,NFO,5.000000,10001,False
85617,ASIANPAINT29SEP262520PE,ASIANPAINT,29SEP2026,252000.000000,250,OPTSTK,NFO,5.000000,10001,False
54489,ANGELONE27OCT26350CE,ANGELONE,27OCT2026,35000.000000,2500,OPTSTK,NFO,5.000000,75001,False
54491,ANGELONE27OCT26360CE,ANGELONE,27OCT2026,36000.000000,2500,OPTSTK,NFO,5.000000,75001,False
54544,APLAPOLLO29SEP261780CE,APLAPOLLO,29SEP2026,178000.000000,350,OPTSTK,NFO,5.000000,10501,False
54564,APLAPOLLO29SEP262100PE,APLAPOLLO,29SEP2026,210000.000000,350,OPTSTK,NFO,5.000000,10501,False
85623,ASIANPAINT29SEP262640PE,ASIANPAINT,29SEP2026,264000.000000,250,OPTSTK,NFO,5.000000,10001,False
85645,ITC27OCT26240PE,ITC,27OCT2026,24000.000000,1725,OPTSTK,NFO,5.000000,86251,False
85650,ITC27OCT26255CE,ITC,27OCT2026,25500.000000,1725,OPTSTK,NFO,5.000000,86251,False
85666,ITC27OCT26295CE,ITC,27OCT2026,29500.000000,1725,OPTSTK,NFO,5.000000,86251,False
54566,APLAPOLLO29SEP262140PE,APLAPOLLO,29SEP2026,214000.000000,350,OPTSTK,NFO,5.000000,10501,False
54568,APLAPOLLO29SEP262180PE,APLAPOLLO,29SEP2026,218000.000000,350,OPTSTK,NFO,5.000000,10501,False
54581,APLAPOLLO29SEP262520CE,APLAPOLLO,29SEP2026,252000.000000,350,OPTSTK,NFO,5.000000,10501,False
54674,APLAPOLLO27OCT261880PE,APLAPOLLO,27OCT2026,188000.000000,350,OPTSTK,NFO,5.000000,10501,False
85675,ITC27OCT26315PE,ITC,27OCT2026,31500.000000,1725,OPTSTK,NFO,5.000000,86251,False
85692,ASIANPAINT29SEP262880CE,ASIANPAINT,29SEP2026,288000.000000,250,OPTSTK,NFO,5.000000,10001,False
85695,ASIANPAINT29SEP262920PE,ASIANPAINT,29SEP2026,292000.000000,250,OPTSTK,NFO,5.000000,10001,False
85701,ASIANPAINT29SEP263000CE,ASIANPAINT,29SEP2026,300000.000000,250,OPTSTK,NFO,5.000000,10001,False
54710,APLAPOLLO27OCT262440PE,APLAPOLLO,27OCT2026,244000.000000,350,OPTSTK,NFO,5.000000,10501,False
54714,APLAPOLLO27OCT262560PE,APLAPOLLO,27OCT2026,256000.000000,350,OPTSTK,NFO,5.000000,10501,False
54753,APOLLOHOSP29SEP268500CE,APOLLOHOSP,29SEP2026,850000.000000,125,OPTSTK,NFO,5.000000,2501,False
54770,APOLLOHOSP29SEP269300PE,APOLLOHOSP,29SEP2026,930000.000000,125,OPTSTK,NFO,5.000000,2501,False
85816,COLPAL23NOV261800PE,COLPAL,23NOV2026,180000.000000,275,OPTSTK,NFO,5.000000,11001,False
85817,COLPAL23NOV261840CE,COLPAL,23NOV2026,184000.000000,275,OPTSTK,NFO,5.000000,11001,False
85832,COLPAL23NOV262000PE,COLPAL,23NOV2026,200000.000000,275,OPTSTK,NFO,5.000000,11001,False
85834,COLPAL23NOV262040CE,COLPAL,23NOV2026,204000.000000,275,OPTSTK,NFO,5.000000,11001,False
54840,APOLLOHOSP27OCT268600PE,APOLLOHOSP,27OCT2026,860000.000000,125,OPTSTK,NFO,5.000000,2501,False
54842,APOLLOHOSP27OCT268800PE,APOLLOHOSP,27OCT2026,880000.000000,125,OPTSTK,NFO,5.000000,2501,False
54844,APOLLOHOSP27OCT269000PE,APOLLOHOSP,27OCT2026,900000.000000,125,OPTSTK,NFO,5.000000,2501,False
54918,ASHOKLEY29SEP26157.5CE,ASHOKLEY,29SEP2026,15750.000000,5000,OPTSTK,NFO,1.000000,150001,False
85835,COLPAL23NOV262040PE,COLPAL,23NOV2026,204000.000000,275,OPTSTK,NFO,5.000000,11001,False
85925,CONCOR27OCT26455CE,CONCOR,27OCT2026,45500.000000,1250,OPTSTK,NFO,5.000000,50001,False
85964,JINDALSTEL29SEP261100CE,JINDALSTEL,29SEP2026,110000.000000,625,OPTSTK,NFO,5.000000,18751,False
85973,JINDALSTEL29SEP261220CE,JINDALSTEL,29SEP2026,122000.000000,625,OPTSTK,NFO,5.000000,18751,False
54924,ASHOKLEY29SEP26167.5PE,ASHOKLEY,29SEP2026,16750.000000,5000,OPTSTK,NFO,1.000000,150001,False
54926,ASHOKLEY29SEP26172.5PE,ASHOKLEY,29SEP2026,17250.000000,5000,OPTSTK,NFO,1.000000,150001,False
54939,ASHOKLEY29SEP26197.5CE,ASHOKLEY,29SEP2026,19750.000000,5000,OPTSTK,NFO,1.000000,150001,False
55054,ASIANPAINT29SEP262340PE,ASIANPAINT,29SEP2026,234000.000000,250,OPTSTK,NFO,5.000000,10001,False
86017,ASTRAL29SEP261400CE,ASTRAL,29SEP2026,140000.000000,425,OPTSTK,NFO,5.000000,17001,False
55073,ASIANPAINT29SEP262580CE,ASIANPAINT,29SEP2026,258000.000000,250,OPTSTK,NFO,5.000000,10001,False
55206,ASIANPAINT27OCT262360CE,ASIANPAINT,27OCT2026,236000.000000,250,OPTSTK,NFO,5.000000,10001,False
55215,ASIANPAINT27OCT262480PE,ASIANPAINT,27OCT2026,248000.000000,250,OPTSTK,NFO,5.000000,10001,False
55223,ASIANPAINT27OCT262640PE,ASIANPAINT,27OCT2026,264000.000000,250,OPTSTK,NFO,5.000000,10001,False
85993,ASTRAL29SEP261160CE,ASTRAL,29SEP2026,116000.000000,425,OPTSTK,NFO,5.000000,17001,False
85999,ASTRAL29SEP261280CE,ASTRAL,29SEP2026,128000.000000,425,OPTSTK,NFO,5.000000,17001,False
86013,CONCOR27OCT26545CE,CONCOR,27OCT2026,54500.000000,1250,OPTSTK,NFO,5.000000,50001,False
55227,ASIANPAINT27OCT262720PE,ASIANPAINT,27OCT2026,272000.000000,250,OPTSTK,NFO,5.000000,10001,False
55233,ASIANPAINT27OCT262760PE,ASIANPAINT,27OCT2026,276000.000000,250,OPTSTK,NFO,5.000000,10001,False
55238,ASIANPAINT27OCT262880CE,ASIANPAINT,27OCT2026,288000.000000,250,OPTSTK,NFO,5.000000,10001,False
55247,ASIANPAINT27OCT263040PE,ASIANPAINT,27OCT2026,304000.000000,250,OPTSTK,NFO,5.000000,10001,False
86026,CONCOR27OCT26565PE,CONCOR,27OCT2026,56500.000000,1250,OPTSTK,NFO,5.000000,50001,False
86081,JINDALSTEL27OCT261360PE,JINDALSTEL,27OCT2026,136000.000000,625,OPTSTK,NFO,5.000000,18751,False
86093,ASTRAL29SEP261520CE,ASTRAL,29SEP2026,152000.000000,425,OPTSTK,NFO,5.000000,17001,False
86095,ASTRAL29SEP261560CE,ASTRAL,29SEP2026,156000.000000,425,OPTSTK,NFO,5.000000,17001,False
86099,ASTRAL29SEP261560PE,ASTRAL,29SEP2026,156000.000000,425,OPTSTK,NFO,5.000000,17001,False
86107,ASTRAL29SEP261680PE,ASTRAL,29SEP2026,168000.000000,425,OPTSTK,NFO,5.000000,17001,False
86152,NIFTY27JUN2824000PE,NIFTY,27JUN2028,2400000.000000,65,OPTIDX,NFO,5.000000,1801,False
86209,CONCOR23NOV26490PE,CONCOR,23NOV2026,49000.000000,1250,OPTSTK,NFO,5.000000,50001,False
55293,NIFTY29SEP2634500PE,NIFTY,29SEP2026,3450000.000000,65,OPTIDX,NFO,5.000000,1801,False
55375,NIFTY29JUN2722500PE,NIFTY,29JUN2027,2250000.000000,65,OPTIDX,NFO,5.000000,1801,False
55429,NIFTY28DEC2728500PE,NIFTY,28DEC2027,2850000.000000,65,OPTIDX,NFO,5.000000,1801,False
55477,NIFTY27JUN2825500PE,NIFTY,27JUN2028,2550000.000000,65,OPTIDX,NFO,5.000000,1801,False
86233,JIOFIN29SEP26207.5CE,JIOFIN,29SEP2026,20750.000000,2350,OPTSTK,NFO,1.000000,94001,False
86241,CONCOR23NOV26550CE,CONCOR,23NOV2026,55000.000000,1250,OPTSTK,NFO,5.000000,50001,False
86279,JIOFIN29SEP26247.5PE,JIOFIN,29SEP2026,24750.000000,2350,OPTSTK,NFO,1.000000,94001,False
86345,JIOFIN29SEP26257.5PE,JIOFIN,29SEP2026,25750.000000,2350,OPTSTK,NFO,1.000000,94001,False
55525,NIFTY26DEC2828500PE,NIFTY,26DEC2028,2850000.000000,65,OPTIDX,NFO,5.000000,1801,False
55606,NIFTY24DEC2928500CE,NIFTY,24DEC2029,2850000.000000,65,OPTIDX,NFO,5.000000,1801,False
55627,ASTRAL29SEP261500PE,ASTRAL,29SEP2026,150000.000000,425,OPTSTK,NFO,5.000000,17001,False
55666,ASTRAL29SEP261580CE,ASTRAL,29SEP2026,158000.000000,425,OPTSTK,NFO,5.000000,17001,False
86349,JIOFIN29SEP26267.5PE,JIOFIN,29SEP2026,26750.000000,2350,OPTSTK,NFO,1.000000,94001,False
86350,JIOFIN29SEP26272.5CE,JIOFIN,29SEP2026,27250.000000,2350,OPTSTK,NFO,1.000000,94001,False
86399,JIOFIN27OCT26200PE,JIOFIN,27OCT2026,20000.000000,2350,OPTSTK,NFO,1.000000,94001,False
86403,JIOFIN27OCT26210PE,JIOFIN,27OCT2026,21000.000000,2350,OPTSTK,NFO,1.000000,94001,False
55757,NIFTY31DEC3025500PE,NIFTY,31DEC2030,2550000.000000,65,OPTIDX,NFO,5.000000,1801,False
55767,NIFTY31DEC3033000PE,NIFTY,31DEC2030,3300000.000000,65,OPTIDX,NFO,5.000000,1801,False
55906,ASTRAL27OCT261480CE,ASTRAL,27OCT2026,148000.000000,425,OPTSTK,NFO,5.000000,17001,False
55976,AUBANK29SEP261060CE,AUBANK,29SEP2026,106000.000000,1000,OPTSTK,NFO,5.000000,20001,False
86404,JIOFIN27OCT26215CE,JIOFIN,27OCT2026,21500.000000,2350,OPTSTK,NFO,1.000000,94001,False
86409,JIOFIN27OCT26225PE,JIOFIN,27OCT2026,22500.000000,2350,OPTSTK,NFO,1.000000,94001,False
86422,JIOFIN27OCT26260CE,JIOFIN,27OCT2026,26000.000000,2350,OPTSTK,NFO,1.000000,94001,False
86495,CROMPTON23NOV26180PE,CROMPTON,23NOV2026,18000.000000,2150,OPTSTK,NFO,1.000000,86001,False
55984,AUBANK29SEP261180CE,AUBANK,29SEP2026,118000.000000,1000,OPTSTK,NFO,5.000000,20001,False
56146,AUROPHARMA29SEP261540CE,AUROPHARMA,29SEP2026,154000.000000,550,OPTSTK,NFO,5.000000,16501,False
56067,AUBANK27OCT261200PE,AUBANK,27OCT2026,120000.000000,1000,OPTSTK,NFO,5.000000,20001,False
56138,AUROPHARMA29SEP261460CE,AUROPHARMA,29SEP2026,146000.000000,550,OPTSTK,NFO,5.000000,16501,False
86503,CROMPTON23NOV26210PE,CROMPTON,23NOV2026,21000.000000,2150,OPTSTK,NFO,1.000000,86001,False
86509,CROMPTON23NOV26240PE,CROMPTON,23NOV2026,24000.000000,2150,OPTSTK,NFO,1.000000,86001,False
86512,CROMPTON23NOV26260CE,CROMPTON,23NOV2026,26000.000000,2150,OPTSTK,NFO,1.000000,86001,False
86563,CUMMINSIND27OCT265500CE,CUMMINSIND,27OCT2026,550000.000000,200,OPTSTK,NFO,5.000000,4001,False
56148,AUROPHARMA29SEP261580CE,AUROPHARMA,29SEP2026,158000.000000,550,OPTSTK,NFO,5.000000,16501,False
56156,AUROPHARMA29SEP261740CE,AUROPHARMA,29SEP2026,174000.000000,550,OPTSTK,NFO,5.000000,16501,False
56162,AUROPHARMA29SEP261820CE,AUROPHARMA,29SEP2026,182000.000000,550,OPTSTK,NFO,5.000000,16501,False
56227,AUROPHARMA27OCT261560PE,AUROPHARMA,27OCT2026,156000.000000,550,OPTSTK,NFO,5.000000,16501,False
86597,JSWENERGY29SEP26490CE,JSWENERGY,29SEP2026,49000.000000,1075,OPTSTK,NFO,5.000000,43001,False
86601,JSWENERGY29SEP26530CE,JSWENERGY,29SEP2026,53000.000000,1075,OPTSTK,NFO,5.000000,43001,False
86643,JSWENERGY27OCT26540CE,JSWENERGY,27OCT2026,54000.000000,1075,OPTSTK,NFO,5.000000,43001,False
86647,JSWENERGY27OCT26580CE,JSWENERGY,27OCT2026,58000.000000,1075,OPTSTK,NFO,5.000000,43001,False
56250,AUROPHARMA27OCT261840PE,AUROPHARMA,27OCT2026,184000.000000,550,OPTSTK,NFO,5.000000,16501,False
56310,AXISBANK29SEP261140CE,AXISBANK,29SEP2026,114000.000000,625,OPTSTK,NFO,5.000000,18751,False
56373,AXISBANK27OCT261040PE,AXISBANK,27OCT2026,104000.000000,625,OPTSTK,NFO,5.000000,18751,False
56384,AXISBANK27OCT261200CE,AXISBANK,27OCT2026,120000.000000,625,OPTSTK,NFO,5.000000,18751,False
86728,CUMMINSIND23NOV264400PE,CUMMINSIND,23NOV2026,440000.000000,200,OPTSTK,NFO,5.000000,4001,False
86744,CUMMINSIND23NOV265400CE,CUMMINSIND,23NOV2026,540000.000000,200,OPTSTK,NFO,5.000000,4001,False
86747,CUMMINSIND23NOV265600PE,CUMMINSIND,23NOV2026,560000.000000,200,OPTSTK,NFO,5.000000,4001,False
86805,JSWSTEEL29SEP261340CE,JSWSTEEL,29SEP2026,134000.000000,675,OPTSTK,NFO,5.000000,20251,False
56400,AXISBANK27OCT261360CE,AXISBANK,27OCT2026,136000.000000,625,OPTSTK,NFO,5.000000,18751,False
56406,AXISBANK27OCT261480CE,AXISBANK,27OCT2026,148000.000000,625,OPTSTK,NFO,5.000000,18751,False
56472,BAJAJ-AUTO29SEP2610900CE,BAJAJ-AUTO,29SEP2026,1090000.000000,75,OPTSTK,NFO,5.000000,2251,False
56486,BAJAJ-AUTO29SEP2611900CE,BAJAJ-AUTO,29SEP2026,1190000.000000,75,OPTSTK,NFO,5.000000,2251,False
86835,DABUR27OCT26345CE,DABUR,27OCT2026,34500.000000,1250,OPTSTK,NFO,5.000000,50001,False
86836,DABUR27OCT26345PE,DABUR,27OCT2026,34500.000000,1250,OPTSTK,NFO,5.000000,50001,False
86848,DABUR27OCT26405CE,DABUR,27OCT2026,40500.000000,1250,OPTSTK,NFO,5.000000,50001,False
86855,DABUR27OCT26435PE,DABUR,27OCT2026,43500.000000,1250,OPTSTK,NFO,5.000000,50001,False
86963,AUROPHARMA29SEP261400CE,AUROPHARMA,29SEP2026,140000.000000,550,OPTSTK,NFO,5.000000,16501,False
86965,AUROPHARMA29SEP261440CE,AUROPHARMA,29SEP2026,144000.000000,550,OPTSTK,NFO,5.000000,16501,False
86987,JSWSTEEL27OCT261160PE,JSWSTEEL,27OCT2026,116000.000000,675,OPTSTK,NFO,5.000000,20251,False
86993,JSWSTEEL27OCT261280PE,JSWSTEEL,27OCT2026,128000.000000,675,OPTSTK,NFO,5.000000,20251,False
56497,BAJAJ-AUTO29SEP2612700PE,BAJAJ-AUTO,29SEP2026,1270000.000000,75,OPTSTK,NFO,5.000000,2251,False
56499,BAJAJ-AUTO29SEP2612900PE,BAJAJ-AUTO,29SEP2026,1290000.000000,75,OPTSTK,NFO,5.000000,2251,False
56584,BAJAJ-AUTO27OCT2612000CE,BAJAJ-AUTO,27OCT2026,1200000.000000,75,OPTSTK,NFO,5.000000,2251,False
56589,BAJAJ-AUTO27OCT2612400PE,BAJAJ-AUTO,27OCT2026,1240000.000000,75,OPTSTK,NFO,5.000000,2251,False
87024,DABUR23NOV26330PE,DABUR,23NOV2026,33000.000000,1250,OPTSTK,NFO,5.000000,50001,False
87030,DABUR23NOV26350PE,DABUR,23NOV2026,35000.000000,1250,OPTSTK,NFO,5.000000,50001,False
87032,DABUR23NOV26360PE,DABUR,23NOV2026,36000.000000,1250,OPTSTK,NFO,5.000000,50001,False
87045,DABUR23NOV26390CE,DABUR,23NOV2026,39000.000000,1250,OPTSTK,NFO,5.000000,50001,False
56592,BAJAJ-AUTO27OCT2612800CE,BAJAJ-AUTO,27OCT2026,1280000.000000,75,OPTSTK,NFO,5.000000,2251,False
56594,BAJAJ-AUTO27OCT2613000CE,BAJAJ-AUTO,27OCT2026,1300000.000000,75,OPTSTK,NFO,5.000000,2251,False
56595,BAJAJ-AUTO27OCT2613000PE,BAJAJ-AUTO,27OCT2026,1300000.000000,75,OPTSTK,NFO,5.000000,2251,False
56680,BAJAJFINSV29SEP261860CE,BAJAJFINSV,29SEP2026,186000.000000,300,OPTSTK,NFO,5.000000,12001,False
87047,DABUR23NOV26400CE,DABUR,23NOV2026,40000.000000,1250,OPTSTK,NFO,5.000000,50001,False
87048,JSWSTEEL27OCT261400CE,JSWSTEEL,27OCT2026,140000.000000,675,OPTSTK,NFO,5.000000,20251,False
87055,DABUR23NOV26430PE,DABUR,23NOV2026,43000.000000,1250,OPTSTK,NFO,5.000000,50001,False
87095,JSWSTEEL27OCT261560CE,JSWSTEEL,27OCT2026,156000.000000,675,OPTSTK,NFO,5.000000,20251,False
56763,BAJAJFINSV27OCT261640PE,BAJAJFINSV,27OCT2026,164000.000000,300,OPTSTK,NFO,5.000000,12001,False
56765,BAJAJFINSV27OCT261680PE,BAJAJFINSV,27OCT2026,168000.000000,300,OPTSTK,NFO,5.000000,12001,False
56767,BAJAJFINSV27OCT261720PE,BAJAJFINSV,27OCT2026,172000.000000,300,OPTSTK,NFO,5.000000,12001,False
56769,BAJAJFINSV27OCT261760PE,BAJAJFINSV,27OCT2026,176000.000000,300,OPTSTK,NFO,5.000000,12001,False
87115,AXISBANK29SEP261160CE,AXISBANK,29SEP2026,116000.000000,625,OPTSTK,NFO,5.000000,18751,False
87119,AXISBANK29SEP261240CE,AXISBANK,29SEP2026,124000.000000,625,OPTSTK,NFO,5.000000,18751,False
87137,AXISBANK29SEP261520CE,AXISBANK,29SEP2026,152000.000000,625,OPTSTK,NFO,5.000000,18751,False
87236,JUBLFOOD29SEP26425PE,JUBLFOOD,29SEP2026,42500.000000,1250,OPTSTK,NFO,5.000000,50001,False
56773,BAJAJFINSV27OCT261840PE,BAJAJFINSV,27OCT2026,184000.000000,300,OPTSTK,NFO,5.000000,12001,False
56797,BAJAJFINSV27OCT262240CE,BAJAJFINSV,27OCT2026,224000.000000,300,OPTSTK,NFO,5.000000,12001,False
56824,NIFTY22SEP2622250PE,NIFTY,22SEP2026,2225000.000000,65,OPTIDX,NFO,5.000000,1801,False
56827,NIFTY22SEP2622350CE,NIFTY,22SEP2026,2235000.000000,65,OPTIDX,NFO,5.000000,1801,False
87237,JUBLFOOD29SEP26435CE,JUBLFOOD,29SEP2026,43500.000000,1250,OPTSTK,NFO,5.000000,50001,False
87239,JUBLFOOD29SEP26445CE,JUBLFOOD,29SEP2026,44500.000000,1250,OPTSTK,NFO,5.000000,50001,False
87241,JUBLFOOD29SEP26455CE,JUBLFOOD,29SEP2026,45500.000000,1250,OPTSTK,NFO,5.000000,50001,False
87242,JUBLFOOD29SEP26455PE,JUBLFOOD,29SEP2026,45500.000000,1250,OPTSTK,NFO,5.000000,50001,False
87244,JUBLFOOD29SEP26465PE,JUBLFOOD,29SEP2026,46500.000000,1250,OPTSTK,NFO,5.000000,50001,False
87261,JUBLFOOD29SEP26525CE,JUBLFOOD,29SEP2026,52500.000000,1250,OPTSTK,NFO,5.000000,50001,False
87299,DELHIVERY27OCT26455CE,DELHIVERY,27OCT2026,45500.000000,2075,OPTSTK,NFO,5.000000,62251,False
87315,DELHIVERY27OCT26465PE,DELHIVERY,27OCT2026,46500.000000,2075,OPTSTK,NFO,5.000000,62251,False
56873,BAJAJHLDNG29SEP2610300PE,BAJAJHLDNG,29SEP2026,1030000.000000,75,OPTSTK,NFO,5.000000,2251,False
56895,BAJAJHLDNG29SEP2612100PE,BAJAJHLDNG,29SEP2026,1210000.000000,75,OPTSTK,NFO,5.000000,2251,False
56938,NIFTY22SEP2622900PE,NIFTY,22SEP2026,2290000.000000,65,OPTIDX,NFO,5.000000,1801,False
56957,NIFTY22SEP2623050CE,NIFTY,22SEP2026,2305000.000000,65,OPTIDX,NFO,5.000000,1801,False
87347,JUBLFOOD27OCT26420PE,JUBLFOOD,27OCT2026,42000.000000,1250,OPTSTK,NFO,5.000000,50001,False
87371,DELHIVERY27OCT26515CE,DELHIVERY,27OCT2026,51500.000000,2075,OPTSTK,NFO,5.000000,62251,False
87385,JUBLFOOD27OCT26550CE,JUBLFOOD,27OCT2026,55000.000000,1250,OPTSTK,NFO,5.000000,50001,False
87387,JUBLFOOD27OCT26560CE,JUBLFOOD,27OCT2026,56000.000000,1250,OPTSTK,NFO,5.000000,50001,False
56975,BAJAJHLDNG27OCT269600PE,BAJAJHLDNG,27OCT2026,960000.000000,75,OPTSTK,NFO,5.000000,2251,False
56979,NIFTY22SEP2623150PE,NIFTY,22SEP2026,2315000.000000,65,OPTIDX,NFO,5.000000,1801,False
56980,NIFTY22SEP2623200CE,NIFTY,22SEP2026,2320000.000000,65,OPTIDX,NFO,5.000000,1801,False
56982,BAJAJHLDNG27OCT269800PE,BAJAJHLDNG,27OCT2026,980000.000000,75,OPTSTK,NFO,5.000000,2251,False
87414,KALYANKJIL29SEP26545CE,KALYANKJIL,29SEP2026,54500.000000,1350,OPTSTK,NFO,5.000000,40501,False
87426,KALYANKJIL29SEP26565PE,KALYANKJIL,29SEP2026,56500.000000,1350,OPTSTK,NFO,5.000000,40501,False
87437,KALYANKJIL29SEP26605PE,KALYANKJIL,29SEP2026,60500.000000,1350,OPTSTK,NFO,5.000000,40501,False
87506,DELHIVERY23NOV26390PE,DELHIVERY,23NOV2026,39000.000000,2075,OPTSTK,NFO,5.000000,62251,False
57021,BAJAJHLDNG27OCT2612000PE,BAJAJHLDNG,27OCT2026,1200000.000000,75,OPTSTK,NFO,5.000000,2251,False
57022,NIFTY22SEP2623500PE,NIFTY,22SEP2026,2350000.000000,65,OPTIDX,NFO,5.000000,1801,False
57023,NIFTY22SEP2623550CE,NIFTY,22SEP2026,2355000.000000,65,OPTIDX,NFO,5.000000,1801,False
57030,NIFTY22SEP2623550PE,NIFTY,22SEP2026,2355000.000000,65,OPTIDX,NFO,5.000000,1801,False
87537,DELHIVERY23NOV26470CE,DELHIVERY,23NOV2026,47000.000000,2075,OPTSTK,NFO,5.000000,62251,False
87546,DELHIVERY23NOV26500PE,DELHIVERY,23NOV2026,50000.000000,2075,OPTSTK,NFO,5.000000,62251,False
87638,BAJAJ-AUTO29SEP2613200PE,BAJAJ-AUTO,29SEP2026,1320000.000000,75,OPTSTK,NFO,5.000000,2251,False
87777,KALYANKJIL27OCT26650PE,KALYANKJIL,27OCT2026,65000.000000,1350,OPTSTK,NFO,5.000000,40501,False
57035,BAJAJHLDNG27OCT2612400PE,BAJAJHLDNG,27OCT2026,1240000.000000,75,OPTSTK,NFO,5.000000,2251,False
57049,NIFTY22SEP2623600PE,NIFTY,22SEP2026,2360000.000000,65,OPTIDX,NFO,5.000000,1801,False
57082,NIFTY22SEP2623750CE,NIFTY,22SEP2026,2375000.000000,65,OPTIDX,NFO,5.000000,1801,False
57095,BAJFINANCE29SEP26970CE,BAJFINANCE,29SEP2026,97000.000000,750,OPTSTK,NFO,5.000000,22501,False
87778,KALYANKJIL27OCT26660CE,KALYANKJIL,27OCT2026,66000.000000,1350,OPTSTK,NFO,5.000000,40501,False
87789,KALYANKJIL27OCT26670CE,KALYANKJIL,27OCT2026,67000.000000,1350,OPTSTK,NFO,5.000000,40501,False
87796,KALYANKJIL27OCT26700CE,KALYANKJIL,27OCT2026,70000.000000,1350,OPTSTK,NFO,5.000000,40501,False
87803,DIVISLAB27OCT268300CE,DIVISLAB,27OCT2026,830000.000000,100,OPTSTK,NFO,5.000000,3001,False
57102,BAJFINANCE29SEP261010PE,BAJFINANCE,29SEP2026,101000.000000,750,OPTSTK,NFO,5.000000,22501,False
57112,BAJFINANCE29SEP261110PE,BAJFINANCE,29SEP2026,111000.000000,750,OPTSTK,NFO,5.000000,22501,False
57113,BAJFINANCE29SEP261130CE,BAJFINANCE,29SEP2026,113000.000000,750,OPTSTK,NFO,5.000000,22501,False
57124,BAJFINANCE29SEP261230PE,BAJFINANCE,29SEP2026,123000.000000,750,OPTSTK,NFO,5.000000,22501,False
87816,DIVISLAB27OCT268500PE,DIVISLAB,27OCT2026,850000.000000,100,OPTSTK,NFO,5.000000,3001,False
87822,DIVISLAB27OCT268900PE,DIVISLAB,27OCT2026,890000.000000,100,OPTSTK,NFO,5.000000,3001,False
87942,KAYNES27OCT264000PE,KAYNES,27OCT2026,400000.000000,150,OPTSTK,NFO,5.000000,6001,False
87947,KAYNES27OCT264200PE,KAYNES,27OCT2026,420000.000000,150,OPTSTK,NFO,5.000000,6001,False
57153,NIFTY22SEP2624000CE,NIFTY,22SEP2026,2400000.000000,65,OPTIDX,NFO,5.000000,1801,False
57172,BAJFINANCE27OCT26920PE,BAJFINANCE,27OCT2026,92000.000000,750,OPTSTK,NFO,5.000000,22501,False
57173,BAJFINANCE27OCT26940CE,BAJFINANCE,27OCT2026,94000.000000,750,OPTSTK,NFO,5.000000,22501,False
57180,BAJFINANCE27OCT261000PE,BAJFINANCE,27OCT2026,100000.000000,750,OPTSTK,NFO,5.000000,22501,False
87948,KAYNES27OCT264400CE,KAYNES,27OCT2026,440000.000000,150,OPTSTK,NFO,5.000000,6001,False
87967,KEI29SEP264100PE,KEI,29SEP2026,410000.000000,175,OPTSTK,NFO,5.000000,5251,False
87983,KEI29SEP265700PE,KEI,29SEP2026,570000.000000,175,OPTSTK,NFO,5.000000,5251,False
87989,KEI29SEP265900PE,KEI,29SEP2026,590000.000000,175,OPTSTK,NFO,5.000000,5251,False
57187,BAJFINANCE27OCT261080CE,BAJFINANCE,27OCT2026,108000.000000,750,OPTSTK,NFO,5.000000,22501,False
57192,BAJFINANCE27OCT261120PE,BAJFINANCE,27OCT2026,112000.000000,750,OPTSTK,NFO,5.000000,22501,False
57194,BAJFINANCE27OCT261140PE,BAJFINANCE,27OCT2026,114000.000000,750,OPTSTK,NFO,5.000000,22501,False
57201,BAJFINANCE27OCT261220CE,BAJFINANCE,27OCT2026,122000.000000,750,OPTSTK,NFO,5.000000,22501,False
88028,BAJAJFINSV29SEP261680CE,BAJAJFINSV,29SEP2026,168000.000000,300,OPTSTK,NFO,5.000000,12001,False
88034,BAJAJFINSV29SEP261800CE,BAJAJFINSV,29SEP2026,180000.000000,300,OPTSTK,NFO,5.000000,12001,False
88038,BAJAJFINSV29SEP261880CE,BAJAJFINSV,29SEP2026,188000.000000,300,OPTSTK,NFO,5.000000,12001,False
88052,BAJAJFINSV29SEP262160CE,BAJAJFINSV,29SEP2026,216000.000000,300,OPTSTK,NFO,5.000000,12001,False
57233,BANDHANBNK29SEP26145CE,BANDHANBNK,29SEP2026,14500.000000,3600,OPTSTK,NFO,1.000000,108001,False
57252,NIFTY22SEP2624100PE,NIFTY,22SEP2026,2410000.000000,65,OPTIDX,NFO,5.000000,1801,False
57277,BANDHANBNK27OCT26190CE,BANDHANBNK,27OCT2026,19000.000000,3600,OPTSTK,NFO,1.000000,108001,False
57280,BANDHANBNK27OCT26200PE,BANDHANBNK,27OCT2026,20000.000000,3600,OPTSTK,NFO,1.000000,108001,False
88057,BAJAJFINSV29SEP262240PE,BAJAJFINSV,29SEP2026,224000.000000,300,OPTSTK,NFO,5.000000,12001,False
88064,BAJAJFINSV29SEP262400PE,BAJAJFINSV,29SEP2026,240000.000000,300,OPTSTK,NFO,5.000000,12001,False
88097,DIVISLAB23NOV269200CE,DIVISLAB,23NOV2026,920000.000000,100,OPTSTK,NFO,5.000000,3001,False
88111,DIVISLAB23NOV2610400PE,DIVISLAB,23NOV2026,1040000.000000,100,OPTSTK,NFO,5.000000,3001,False
88131,DIXON27OCT2613750CE,DIXON,27OCT2026,1375000.000000,50,OPTSTK,NFO,5.000000,1501,False
88176,DIXON23NOV2612500CE,DIXON,23NOV2026,1250000.000000,50,OPTSTK,NFO,5.000000,1501,False
88178,DIXON23NOV2613000CE,DIXON,23NOV2026,1300000.000000,50,OPTSTK,NFO,5.000000,1501,False
88184,DIXON23NOV2614500CE,DIXON,23NOV2026,1450000.000000,50,OPTSTK,NFO,5.000000,1501,False
57317,BANKBARODA29SEP26255CE,BANKBARODA,29SEP2026,25500.000000,2925,OPTSTK,NFO,1.000000,87751,False
57318,BANKBARODA29SEP26255PE,BANKBARODA,29SEP2026,25500.000000,2925,OPTSTK,NFO,1.000000,87751,False
57319,BANKBARODA29SEP26265CE,BANKBARODA,29SEP2026,26500.000000,2925,OPTSTK,NFO,1.000000,87751,False
57441,NIFTY22SEP2624300CE,NIFTY,22SEP2026,2430000.000000,65,OPTIDX,NFO,5.000000,1801,False
57447,BANKINDIA27OCT26130CE,BANKINDIA,27OCT2026,13000.000000,5200,OPTSTK,NFO,1.000000,156001,False
57449,BANKINDIA27OCT26135CE,BANKINDIA,27OCT2026,13500.000000,5200,OPTSTK,NFO,1.000000,156001,False
57450,BANKINDIA27OCT26135PE,BANKINDIA,27OCT2026,13500.000000,5200,OPTSTK,NFO,1.000000,156001,False
57457,BANKINDIA27OCT26155CE,BANKINDIA,27OCT2026,15500.000000,5200,OPTSTK,NFO,1.000000,156001,False
88189,DIXON23NOV2615500PE,DIXON,23NOV2026,1550000.000000,50,OPTSTK,NFO,5.000000,1501,False
88193,KEI27OCT265400CE,KEI,27OCT2026,540000.000000,175,OPTSTK,NFO,5.000000,5251,False
88197,KEI27OCT265600PE,KEI,27OCT2026,560000.000000,175,OPTSTK,NFO,5.000000,5251,False
88199,KEI27OCT265800PE,KEI,27OCT2026,580000.000000,175,OPTSTK,NFO,5.000000,5251,False
57497,BDL29SEP261300CE,BDL,29SEP2026,130000.000000,425,OPTSTK,NFO,5.000000,17001,False
57506,BDL29SEP261420PE,BDL,29SEP2026,142000.000000,425,OPTSTK,NFO,5.000000,17001,False
57510,BDL29SEP261500PE,BDL,29SEP2026,150000.000000,425,OPTSTK,NFO,5.000000,17001,False
57533,BDL27OCT261040CE,BDL,27OCT2026,104000.000000,425,OPTSTK,NFO,5.000000,17001,False
88205,KEI27OCT266400PE,KEI,27OCT2026,640000.000000,175,OPTSTK,NFO,5.000000,5251,False
88231,KFINTECH29SEP26940CE,KFINTECH,29SEP2026,94000.000000,575,OPTSTK,NFO,5.000000,23001,False
88238,KFINTECH29SEP261020PE,KFINTECH,29SEP2026,102000.000000,575,OPTSTK,NFO,5.000000,23001,False
88381,KOTAKBANK29SEP26385PE,KOTAKBANK,29SEP2026,38500.000000,2000,OPTSTK,NFO,5.000000,60001,False
57534,BDL27OCT261040PE,BDL,27OCT2026,104000.000000,425,OPTSTK,NFO,5.000000,17001,False
57535,BDL27OCT261080CE,BDL,27OCT2026,108000.000000,425,OPTSTK,NFO,5.000000,17001,False
57555,BDL27OCT261480CE,BDL,27OCT2026,148000.000000,425,OPTSTK,NFO,5.000000,17001,False
57559,BDL27OCT261560CE,BDL,27OCT2026,156000.000000,425,OPTSTK,NFO,5.000000,17001,False
88390,KOTAKBANK29SEP26395CE,KOTAKBANK,29SEP2026,39500.000000,2000,OPTSTK,NFO,5.000000,60001,False
88392,KOTAKBANK29SEP26405CE,KOTAKBANK,29SEP2026,40500.000000,2000,OPTSTK,NFO,5.000000,60001,False
88401,KOTAKBANK29SEP26435PE,KOTAKBANK,29SEP2026,43500.000000,2000,OPTSTK,NFO,5.000000,60001,False
88474,DLF27OCT26650CE,DLF,27OCT2026,65000.000000,950,OPTSTK,NFO,5.000000,38001,False
88484,DLF27OCT26710PE,DLF,27OCT2026,71000.000000,950,OPTSTK,NFO,5.000000,38001,False
88485,DLF27OCT26730CE,DLF,27OCT2026,73000.000000,950,OPTSTK,NFO,5.000000,38001,False
88489,BAJAJHLDNG29SEP2610200PE,BAJAJHLDNG,29SEP2026,1020000.000000,75,OPTSTK,NFO,5.000000,2251,False
88491,BAJAJHLDNG29SEP2610400PE,BAJAJHLDNG,29SEP2026,1040000.000000,75,OPTSTK,NFO,5.000000,2251,False
57560,BDL27OCT261560PE,BDL,27OCT2026,156000.000000,425,OPTSTK,NFO,5.000000,17001,False
57601,BEL29SEP26355CE,BEL,29SEP2026,35500.000000,1425,OPTSTK,NFO,5.000000,57001,False
57608,BEL29SEP26385PE,BEL,29SEP2026,38500.000000,1425,OPTSTK,NFO,5.000000,57001,False
57609,BEL29SEP26395CE,BEL,29SEP2026,39500.000000,1425,OPTSTK,NFO,5.000000,57001,False
88507,BAJAJHLDNG29SEP2611200CE,BAJAJHLDNG,29SEP2026,1120000.000000,75,OPTSTK,NFO,5.000000,2251,False
88570,BAJAJHLDNG29SEP2613000CE,BAJAJHLDNG,29SEP2026,1300000.000000,75,OPTSTK,NFO,5.000000,2251,False
88608,KOTAKBANK27OCT26390PE,KOTAKBANK,27OCT2026,39000.000000,2000,OPTSTK,NFO,5.000000,60001,False
88610,KOTAKBANK27OCT26400CE,KOTAKBANK,27OCT2026,40000.000000,2000,OPTSTK,NFO,5.000000,60001,False
57612,BEL29SEP26405PE,BEL,29SEP2026,40500.000000,1425,OPTSTK,NFO,5.000000,57001,False
57613,BEL29SEP26415CE,BEL,29SEP2026,41500.000000,1425,OPTSTK,NFO,5.000000,57001,False
57615,BEL29SEP26425CE,BEL,29SEP2026,42500.000000,1425,OPTSTK,NFO,5.000000,57001,False
57617,NIFTY22SEP2624500CE,NIFTY,22SEP2026,2450000.000000,65,OPTIDX,NFO,5.000000,1801,False
57701,NIFTY22SEP2624650CE,NIFTY,22SEP2026,2465000.000000,65,OPTIDX,NFO,5.000000,1801,False
57716,NIFTY22SEP2624750CE,NIFTY,22SEP2026,2475000.000000,65,OPTIDX,NFO,5.000000,1801,False
57738,BHARATFORG29SEP261780CE,BHARATFORG,29SEP2026,178000.000000,500,OPTSTK,NFO,5.000000,10001,False
57747,BHARATFORG29SEP261900PE,BHARATFORG,29SEP2026,190000.000000,500,OPTSTK,NFO,5.000000,10001,False
88612,DLF23NOV26600CE,DLF,23NOV2026,60000.000000,950,OPTSTK,NFO,5.000000,38001,False
88645,KOTAKBANK27OCT26440PE,KOTAKBANK,27OCT2026,44000.000000,2000,OPTSTK,NFO,5.000000,60001,False
88648,DLF23NOV26700CE,DLF,23NOV2026,70000.000000,950,OPTSTK,NFO,5.000000,38001,False
88722,KPITTECH29SEP26490PE,KPITTECH,29SEP2026,49000.000000,775,OPTSTK,NFO,5.000000,38751,False
57754,BHARATFORG29SEP262060CE,BHARATFORG,29SEP2026,206000.000000,500,OPTSTK,NFO,5.000000,10001,False
57756,NIFTY22SEP2624850CE,NIFTY,22SEP2026,2485000.000000,65,OPTIDX,NFO,5.000000,1801,False
57762,BHARATFORG29SEP262180CE,BHARATFORG,29SEP2026,218000.000000,500,OPTSTK,NFO,5.000000,10001,False
57772,BHARATFORG29SEP262380CE,BHARATFORG,29SEP2026,238000.000000,500,OPTSTK,NFO,5.000000,10001,False
88739,KPITTECH29SEP26590PE,KPITTECH,29SEP2026,59000.000000,775,OPTSTK,NFO,5.000000,38751,False
88851,KPITTECH27OCT26460PE,KPITTECH,27OCT2026,46000.000000,775,OPTSTK,NFO,5.000000,38751,False
88870,KPITTECH27OCT26500CE,KPITTECH,27OCT2026,50000.000000,775,OPTSTK,NFO,5.000000,38751,False
88878,KPITTECH27OCT26520PE,KPITTECH,27OCT2026,52000.000000,775,OPTSTK,NFO,5.000000,38751,False
57844,BHARATFORG27OCT262000PE,BHARATFORG,27OCT2026,200000.000000,500,OPTSTK,NFO,5.000000,10001,False
57855,BHARATFORG27OCT262160PE,BHARATFORG,27OCT2026,216000.000000,500,OPTSTK,NFO,5.000000,10001,False
57868,BHARATFORG27OCT262360CE,BHARATFORG,27OCT2026,236000.000000,500,OPTSTK,NFO,5.000000,10001,False
57875,BHARATFORG27OCT262440PE,BHARATFORG,27OCT2026,244000.000000,500,OPTSTK,NFO,5.000000,10001,False
88897,KPITTECH27OCT26580CE,KPITTECH,27OCT2026,58000.000000,775,OPTSTK,NFO,5.000000,38751,False
88922,KPITTECH27OCT26600PE,KPITTECH,27OCT2026,60000.000000,775,OPTSTK,NFO,5.000000,38751,False
88924,DMART27OCT263450CE,DMART,27OCT2026,345000.000000,150,OPTSTK,NFO,5.000000,6001,False
88931,KPITTECH27OCT26660CE,KPITTECH,27OCT2026,66000.000000,775,OPTSTK,NFO,5.000000,38751,False
88937,KPITTECH27OCT26700CE,KPITTECH,27OCT2026,70000.000000,775,OPTSTK,NFO,5.000000,38751,False
88976,DMART27OCT264150PE,DMART,27OCT2026,415000.000000,150,OPTSTK,NFO,5.000000,6001,False
88977,DMART27OCT264250CE,DMART,27OCT2026,425000.000000,150,OPTSTK,NFO,5.000000,6001,False
88991,LAURUSLABS29SEP261660CE,LAURUSLABS,29SEP2026,166000.000000,850,OPTSTK,NFO,5.000000,17001,False
57889,NIFTY22SEP2625300PE,NIFTY,22SEP2026,2530000.000000,65,OPTIDX,NFO,5.000000,1801,False
57920,NIFTY22SEP2625500CE,NIFTY,22SEP2026,2550000.000000,65,OPTIDX,NFO,5.000000,1801,False
57939,BHARTIARTL29SEP261700PE,BHARTIARTL,29SEP2026,170000.000000,475,OPTSTK,NFO,5.000000,14251,False
57955,BHARTIARTL29SEP261980PE,BHARTIARTL,29SEP2026,198000.000000,475,OPTSTK,NFO,5.000000,14251,False
104338,INDUSTOWER27OCT26375PE,INDUSTOWER,27OCT2026,37500.000000,1700,OPTSTK,NFO,5.000000,68001,False
104339,INDUSTOWER27OCT26385CE,INDUSTOWER,27OCT2026,38500.000000,1700,OPTSTK,NFO,5.000000,68001,False
57998,NIFTY22SEP2625750CE,NIFTY,22SEP2026,2575000.000000,65,OPTIDX,NFO,5.000000,1801,False
58021,BHARTIARTL27OCT261600CE,BHARTIARTL,27OCT2026,160000.000000,475,OPTSTK,NFO,5.000000,14251,False
58028,BHARTIARTL27OCT261680CE,BHARTIARTL,27OCT2026,168000.000000,475,OPTSTK,NFO,5.000000,14251,False
58032,NIFTY22SEP2626050CE,NIFTY,22SEP2026,2605000.000000,65,OPTIDX,NFO,5.000000,1801,False
89000,BAJFINANCE29SEP26920CE,BAJFINANCE,29SEP2026,92000.000000,750,OPTSTK,NFO,5.000000,22501,False
89004,BAJFINANCE29SEP26960CE,BAJFINANCE,29SEP2026,96000.000000,750,OPTSTK,NFO,5.000000,22501,False
89009,BAJFINANCE29SEP261000PE,BAJFINANCE,29SEP2026,100000.000000,750,OPTSTK,NFO,5.000000,22501,False
89025,BAJFINANCE29SEP261140CE,BAJFINANCE,29SEP2026,114000.000000,750,OPTSTK,NFO,5.000000,22501,False
89039,BAJFINANCE29SEP261240PE,BAJFINANCE,29SEP2026,124000.000000,750,OPTSTK,NFO,5.000000,22501,False
89069,BANDHANBNK29SEP26130PE,BANDHANBNK,29SEP2026,13000.000000,3600,OPTSTK,NFO,1.000000,108001,False
89070,BANDHANBNK29SEP26140CE,BANDHANBNK,29SEP2026,14000.000000,3600,OPTSTK,NFO,1.000000,108001,False
89076,BANDHANBNK29SEP26150PE,BANDHANBNK,29SEP2026,15000.000000,3600,OPTSTK,NFO,1.000000,108001,False
104340,INDUSTOWER27OCT26385PE,INDUSTOWER,27OCT2026,38500.000000,1700,OPTSTK,NFO,5.000000,68001,False
104455,INDUSTOWER23NOV26360CE,INDUSTOWER,23NOV2026,36000.000000,1700,OPTSTK,NFO,5.000000,68001,False
104458,INDUSTOWER23NOV26370PE,INDUSTOWER,23NOV2026,37000.000000,1700,OPTSTK,NFO,5.000000,68001,False
104462,INDUSTOWER23NOV26390PE,INDUSTOWER,23NOV2026,39000.000000,1700,OPTSTK,NFO,5.000000,68001,False
58040,NIFTY22SEP2626100CE,NIFTY,22SEP2026,2610000.000000,65,OPTIDX,NFO,5.000000,1801,False
58048,BHARTIARTL27OCT261800CE,BHARTIARTL,27OCT2026,180000.000000,475,OPTSTK,NFO,5.000000,14251,False
58052,BHARTIARTL27OCT261840PE,BHARTIARTL,27OCT2026,184000.000000,475,OPTSTK,NFO,5.000000,14251,False
58055,BHARTIARTL27OCT261920CE,BHARTIARTL,27OCT2026,192000.000000,475,OPTSTK,NFO,5.000000,14251,False
89193,DMART23NOV263500PE,DMART,23NOV2026,350000.000000,150,OPTSTK,NFO,5.000000,6001,False
89200,DMART23NOV263900CE,DMART,23NOV2026,390000.000000,150,OPTSTK,NFO,5.000000,6001,False
89202,DMART23NOV264000CE,DMART,23NOV2026,400000.000000,150,OPTSTK,NFO,5.000000,6001,False
89207,DMART23NOV264200PE,DMART,23NOV2026,420000.000000,150,OPTSTK,NFO,5.000000,6001,False
104472,INDUSTOWER23NOV26410PE,INDUSTOWER,23NOV2026,41000.000000,1700,OPTSTK,NFO,5.000000,68001,False
104647,POWERGRID27OCT26240PE,POWERGRID,27OCT2026,24000.000000,1900,OPTSTK,NFO,5.000000,76001,False
104653,POWERGRID27OCT26255PE,POWERGRID,27OCT2026,25500.000000,1900,OPTSTK,NFO,5.000000,76001,False
104671,POWERGRID27OCT26300PE,POWERGRID,27OCT2026,30000.000000,1900,OPTSTK,NFO,5.000000,76001,False
58069,BHARTIARTL27OCT262040CE,BHARTIARTL,27OCT2026,204000.000000,475,OPTSTK,NFO,5.000000,14251,False
58078,BHARTIARTL27OCT262080PE,BHARTIARTL,27OCT2026,208000.000000,475,OPTSTK,NFO,5.000000,14251,False
58239,BHEL29SEP26425CE,BHEL,29SEP2026,42500.000000,2625,OPTSTK,NFO,5.000000,52501,False
58255,BHEL29SEP26445CE,BHEL,29SEP2026,44500.000000,2625,OPTSTK,NFO,5.000000,52501,False
89284,BANKBARODA29SEP26210CE,BANKBARODA,29SEP2026,21000.000000,2925,OPTSTK,NFO,1.000000,87751,False
89289,DRREDDY27OCT261150CE,DRREDDY,27OCT2026,115000.000000,625,OPTSTK,NFO,5.000000,18751,False
89303,BANKBARODA29SEP26210PE,BANKBARODA,29SEP2026,21000.000000,2925,OPTSTK,NFO,1.000000,87751,False
89308,LAURUSLABS27OCT262040PE,LAURUSLABS,27OCT2026,204000.000000,850,OPTSTK,NFO,5.000000,17001,False
104674,POWERGRID27OCT26310CE,POWERGRID,27OCT2026,31000.000000,1900,OPTSTK,NFO,5.000000,76001,False
104724,INFY27OCT261020CE,INFY,27OCT2026,102000.000000,400,OPTSTK,NFO,5.000000,20001,False
104729,INFY27OCT261060PE,INFY,27OCT2026,106000.000000,400,OPTSTK,NFO,5.000000,20001,False
104733,INFY27OCT261140PE,INFY,27OCT2026,114000.000000,400,OPTSTK,NFO,5.000000,20001,False
58438,BHEL27OCT26380CE,BHEL,27OCT2026,38000.000000,2625,OPTSTK,NFO,5.000000,52501,False
58472,BHEL27OCT26420CE,BHEL,27OCT2026,42000.000000,2625,OPTSTK,NFO,5.000000,52501,False
58625,BIOCON29SEP26385PE,BIOCON,29SEP2026,38500.000000,2500,OPTSTK,NFO,5.000000,50001,False
58647,NIFTY29DEC2621000PE,NIFTY,29DEC2026,2100000.000000,65,OPTIDX,NFO,5.000000,1801,False
89366,BANKBARODA29SEP26280PE,BANKBARODA,29SEP2026,28000.000000,2925,OPTSTK,NFO,1.000000,87751,False
89423,LICHSGFIN29SEP26490CE,LICHSGFIN,29SEP2026,49000.000000,1000,OPTSTK,NFO,5.000000,40001,False
89508,LICHSGFIN27OCT26460PE,LICHSGFIN,27OCT2026,46000.000000,1000,OPTSTK,NFO,5.000000,40001,False
89510,LICHSGFIN27OCT26480PE,LICHSGFIN,27OCT2026,48000.000000,1000,OPTSTK,NFO,5.000000,40001,False
104734,INFY27OCT261180CE,INFY,27OCT2026,118000.000000,400,OPTSTK,NFO,5.000000,20001,False
104776,INFY23NOV26920CE,INFY,23NOV2026,92000.000000,400,OPTSTK,NFO,5.000000,20001,False
104777,INFY23NOV26920PE,INFY,23NOV2026,92000.000000,400,OPTSTK,NFO,5.000000,20001,False
104809,INFY23NOV261200PE,INFY,23NOV2026,120000.000000,400,OPTSTK,NFO,5.000000,20001,False
89525,LICHSGFIN27OCT26640CE,LICHSGFIN,27OCT2026,64000.000000,1000,OPTSTK,NFO,5.000000,40001,False
89582,DRREDDY23NOV261020PE,DRREDDY,23NOV2026,102000.000000,625,OPTSTK,NFO,5.000000,18751,False
89585,DRREDDY23NOV261060CE,DRREDDY,23NOV2026,106000.000000,625,OPTSTK,NFO,5.000000,18751,False
89590,DRREDDY23NOV261100CE,DRREDDY,23NOV2026,110000.000000,625,OPTSTK,NFO,5.000000,18751,False
58659,BIOCON29SEP26405CE,BIOCON,29SEP2026,40500.000000,2500,OPTSTK,NFO,5.000000,50001,False
58674,BIOCON29SEP26415PE,BIOCON,29SEP2026,41500.000000,2500,OPTSTK,NFO,5.000000,50001,False
58684,BIOCON29SEP26425PE,BIOCON,29SEP2026,42500.000000,2500,OPTSTK,NFO,5.000000,50001,False
58699,BIOCON29SEP26465CE,BIOCON,29SEP2026,46500.000000,2500,OPTSTK,NFO,5.000000,50001,False
104850,POWERINDIA29SEP2630500CE,POWERINDIA,29SEP2026,3050000.000000,25,OPTSTK,NFO,5.000000,751,False
104898,POWERINDIA29SEP2637500PE,POWERINDIA,29SEP2026,3750000.000000,25,OPTSTK,NFO,5.000000,751,False
104928,GLENMARK29SEP262280CE,GLENMARK,29SEP2026,228000.000000,375,OPTSTK,NFO,5.000000,11251,False
104942,POWERINDIA27OCT2628000PE,POWERINDIA,27OCT2026,2800000.000000,25,OPTSTK,NFO,5.000000,751,False
58799,BIOCON27OCT26340CE,BIOCON,27OCT2026,34000.000000,2500,OPTSTK,NFO,5.000000,50001,False
58822,BIOCON27OCT26370PE,BIOCON,27OCT2026,37000.000000,2500,OPTSTK,NFO,5.000000,50001,False
58855,BIOCON27OCT26420CE,BIOCON,27OCT2026,42000.000000,2500,OPTSTK,NFO,5.000000,50001,False
58856,BIOCON27OCT26420PE,BIOCON,27OCT2026,42000.000000,2500,OPTSTK,NFO,5.000000,50001,False
89610,DRREDDY23NOV261260PE,DRREDDY,23NOV2026,126000.000000,625,OPTSTK,NFO,5.000000,18751,False
89611,DRREDDY23NOV261280CE,DRREDDY,23NOV2026,128000.000000,625,OPTSTK,NFO,5.000000,18751,False
89615,DRREDDY23NOV261300CE,DRREDDY,23NOV2026,130000.000000,625,OPTSTK,NFO,5.000000,18751,False
89616,DRREDDY23NOV261300PE,DRREDDY,23NOV2026,130000.000000,625,OPTSTK,NFO,5.000000,18751,False
104949,GLENMARK29SEP262280PE,GLENMARK,29SEP2026,228000.000000,375,OPTSTK,NFO,5.000000,11251,False
104950,GLENMARK29SEP262320CE,GLENMARK,29SEP2026,232000.000000,375,OPTSTK,NFO,5.000000,11251,False
104959,GLENMARK29SEP262320PE,GLENMARK,29SEP2026,232000.000000,375,OPTSTK,NFO,5.000000,11251,False
105026,INOXWIND27OCT2667.5CE,INOXWIND,27OCT2026,6750.000000,6400,OPTSTK,NFO,1.000000,256001,False
89622,DRREDDY23NOV261360PE,DRREDDY,23NOV2026,136000.000000,625,OPTSTK,NFO,5.000000,18751,False
89718,LICI29SEP26365PE,LICI,29SEP2026,36500.000000,1400,OPTSTK,NFO,5.000000,56001,False
89765,EICHERMOT27OCT268100PE,EICHERMOT,27OCT2026,810000.000000,100,OPTSTK,NFO,5.000000,3001,False
89786,LICI29SEP26395CE,LICI,29SEP2026,39500.000000,1400,OPTSTK,NFO,5.000000,56001,False
58905,BIOCON27OCT26480CE,BIOCON,27OCT2026,48000.000000,2500,OPTSTK,NFO,5.000000,50001,False
59085,BLUESTARCO29SEP261340CE,BLUESTARCO,29SEP2026,134000.000000,325,OPTSTK,NFO,5.000000,13001,False
59244,BLUESTARCO27OCT261320CE,BLUESTARCO,27OCT2026,132000.000000,325,OPTSTK,NFO,5.000000,13001,False
59292,BLUESTARCO27OCT261400PE,BLUESTARCO,27OCT2026,140000.000000,325,OPTSTK,NFO,5.000000,13001,False
89791,LICI29SEP26415PE,LICI,29SEP2026,41500.000000,1400,OPTSTK,NFO,5.000000,56001,False
89890,LICI27OCT26340CE,LICI,27OCT2026,34000.000000,1400,OPTSTK,NFO,5.000000,56001,False
89893,LICI27OCT26350PE,LICI,27OCT2026,35000.000000,1400,OPTSTK,NFO,5.000000,56001,False
89939,LICI27OCT26480PE,LICI,27OCT2026,48000.000000,1400,OPTSTK,NFO,5.000000,56001,False
105056,POWERINDIA27OCT2638000PE,POWERINDIA,27OCT2026,3800000.000000,25,OPTSTK,NFO,5.000000,751,False
105030,POWERINDIA27OCT2632000PE,POWERINDIA,27OCT2026,3200000.000000,25,OPTSTK,NFO,5.000000,751,False
105040,INOXWIND27OCT2677.5CE,INOXWIND,27OCT2026,7750.000000,6400,OPTSTK,NFO,1.000000,256001,False
105045,INOXWIND27OCT2687.5PE,INOXWIND,27OCT2026,8750.000000,6400,OPTSTK,NFO,1.000000,256001,False
59308,BLUESTARCO27OCT261520PE,BLUESTARCO,27OCT2026,152000.000000,325,OPTSTK,NFO,5.000000,13001,False
59572,BOSCHLTD29SEP2641500PE,BOSCHLTD,29SEP2026,4150000.000000,25,OPTSTK,NFO,5.000000,501,False
59586,BOSCHLTD29SEP2648500PE,BOSCHLTD,29SEP2026,4850000.000000,25,OPTSTK,NFO,5.000000,501,False
59588,BOSCHLTD29SEP2649500PE,BOSCHLTD,29SEP2026,4950000.000000,25,OPTSTK,NFO,5.000000,501,False
90093,EICHERMOT23NOV267800CE,EICHERMOT,23NOV2026,780000.000000,100,OPTSTK,NFO,5.000000,3001,False
90111,BDL29SEP261280PE,BDL,29SEP2026,128000.000000,425,OPTSTK,NFO,5.000000,17001,False
90116,LODHA29SEP261220CE,LODHA,29SEP2026,122000.000000,625,OPTSTK,NFO,5.000000,18751,False
90124,BDL29SEP261480CE,BDL,29SEP2026,148000.000000,425,OPTSTK,NFO,5.000000,17001,False
105075,INOXWIND23NOV2660PE,INOXWIND,23NOV2026,6000.000000,6400,OPTSTK,NFO,1.000000,256001,False
105082,INOXWIND23NOV2675CE,INOXWIND,23NOV2026,7500.000000,6400,OPTSTK,NFO,1.000000,256001,False
105084,INOXWIND23NOV2680CE,INOXWIND,23NOV2026,8000.000000,6400,OPTSTK,NFO,1.000000,256001,False
105089,INOXWIND23NOV2690PE,INOXWIND,23NOV2026,9000.000000,6400,OPTSTK,NFO,1.000000,256001,False
90131,BDL29SEP261600PE,BDL,29SEP2026,160000.000000,425,OPTSTK,NFO,5.000000,17001,False
90133,LODHA29SEP261220PE,LODHA,29SEP2026,122000.000000,625,OPTSTK,NFO,5.000000,18751,False
90134,EICHERMOT23NOV268600CE,EICHERMOT,23NOV2026,860000.000000,100,OPTSTK,NFO,5.000000,3001,False
90136,EICHERMOT23NOV268800CE,EICHERMOT,23NOV2026,880000.000000,100,OPTSTK,NFO,5.000000,3001,False
59597,BOSCHLTD29SEP2655000CE,BOSCHLTD,29SEP2026,5500000.000000,25,OPTSTK,NFO,5.000000,501,False
59598,BOSCHLTD29SEP2655000PE,BOSCHLTD,29SEP2026,5500000.000000,25,OPTSTK,NFO,5.000000,501,False
59646,BOSCHLTD27OCT2641000PE,BOSCHLTD,27OCT2026,4100000.000000,25,OPTSTK,NFO,5.000000,501,False
59651,BOSCHLTD27OCT2644000CE,BOSCHLTD,27OCT2026,4400000.000000,25,OPTSTK,NFO,5.000000,501,False
105134,IOC27OCT26132.5CE,IOC,27OCT2026,13250.000000,4875,OPTSTK,NFO,1.000000,195001,False
105142,PREMIERENE29SEP26860PE,PREMIERENE,29SEP2026,86000.000000,650,OPTSTK,NFO,5.000000,26001,False
105179,PREMIERENE29SEP261140PE,PREMIERENE,29SEP2026,114000.000000,650,OPTSTK,NFO,5.000000,26001,False
105319,IOC23NOV26140PE,IOC,23NOV2026,14000.000000,4875,OPTSTK,NFO,1.000000,195001,False
90152,LODHA29SEP261340PE,LODHA,29SEP2026,134000.000000,625,OPTSTK,NFO,5.000000,18751,False
90229,ETERNAL27OCT26315CE,ETERNAL,27OCT2026,31500.000000,2425,OPTSTK,NFO,5.000000,72751,False
90231,ETERNAL27OCT26315PE,ETERNAL,27OCT2026,31500.000000,2425,OPTSTK,NFO,5.000000,72751,False
90248,LODHA27OCT261080CE,LODHA,27OCT2026,108000.000000,625,OPTSTK,NFO,5.000000,18751,False
59654,BOSCHLTD27OCT2645000PE,BOSCHLTD,27OCT2026,4500000.000000,25,OPTSTK,NFO,5.000000,501,False
59664,BOSCHLTD27OCT2650000PE,BOSCHLTD,27OCT2026,5000000.000000,25,OPTSTK,NFO,5.000000,501,False
59667,BOSCHLTD27OCT2652000CE,BOSCHLTD,27OCT2026,5200000.000000,25,OPTSTK,NFO,5.000000,501,False
59674,BOSCHLTD27OCT2656000PE,BOSCHLTD,27OCT2026,5600000.000000,25,OPTSTK,NFO,5.000000,501,False
105322,IOC23NOV26145CE,IOC,23NOV2026,14500.000000,4875,OPTSTK,NFO,1.000000,195001,False
105343,PREMIERENE27OCT26920CE,PREMIERENE,27OCT2026,92000.000000,650,OPTSTK,NFO,5.000000,26001,False
105345,PREMIERENE27OCT26960CE,PREMIERENE,27OCT2026,96000.000000,650,OPTSTK,NFO,5.000000,26001,False
105346,PREMIERENE27OCT26960PE,PREMIERENE,27OCT2026,96000.000000,650,OPTSTK,NFO,5.000000,26001,False
59693,BPCL29SEP26275CE,BPCL,29SEP2026,27500.000000,1975,OPTSTK,NFO,5.000000,79001,False
59711,BPCL29SEP26335CE,BPCL,29SEP2026,33500.000000,1975,OPTSTK,NFO,5.000000,79001,False
59750,BPCL27OCT26260PE,BPCL,27OCT2026,26000.000000,1975,OPTSTK,NFO,5.000000,79001,False
59765,BPCL27OCT26340CE,BPCL,27OCT2026,34000.000000,1975,OPTSTK,NFO,5.000000,79001,False
90249,LODHA27OCT261080PE,LODHA,27OCT2026,108000.000000,625,OPTSTK,NFO,5.000000,18751,False
90255,LODHA27OCT261200PE,LODHA,27OCT2026,120000.000000,625,OPTSTK,NFO,5.000000,18751,False
90256,LODHA27OCT261240CE,LODHA,27OCT2026,124000.000000,625,OPTSTK,NFO,5.000000,18751,False
90329,LT29SEP264050PE,LT,29SEP2026,405000.000000,175,OPTSTK,NFO,5.000000,7001,False
59863,BRITANNIA29SEP265050PE,BRITANNIA,29SEP2026,505000.000000,125,OPTSTK,NFO,5.000000,5001,False
59877,BRITANNIA29SEP265350PE,BRITANNIA,29SEP2026,535000.000000,125,OPTSTK,NFO,5.000000,5001,False
59879,BRITANNIA29SEP265450CE,BRITANNIA,29SEP2026,545000.000000,125,OPTSTK,NFO,5.000000,5001,False
59881,BRITANNIA29SEP265550CE,BRITANNIA,29SEP2026,555000.000000,125,OPTSTK,NFO,5.000000,5001,False
90333,LT29SEP264250PE,LT,29SEP2026,425000.000000,175,OPTSTK,NFO,5.000000,7001,False
90335,LT29SEP264350PE,LT,29SEP2026,435000.000000,175,OPTSTK,NFO,5.000000,7001,False
90417,ETERNAL23NOV26300PE,ETERNAL,23NOV2026,30000.000000,2425,OPTSTK,NFO,5.000000,72751,False
90429,LT27OCT264600PE,LT,27OCT2026,460000.000000,175,OPTSTK,NFO,5.000000,7001,False
105374,GMRAIRPORT29SEP2690CE,GMRAIRPORT,29SEP2026,9000.000000,6975,OPTSTK,NFO,1.000000,209251,False
105383,GMRAIRPORT29SEP2692PE,GMRAIRPORT,29SEP2026,9200.000000,6975,OPTSTK,NFO,1.000000,209251,False
105438,PRESTIGE29SEP261780CE,PRESTIGE,29SEP2026,178000.000000,450,OPTSTK,NFO,5.000000,13501,False
105442,GMRAIRPORT29SEP26104CE,GMRAIRPORT,29SEP2026,10400.000000,6975,OPTSTK,NFO,1.000000,209251,False
60108,BRITANNIA27OCT264500CE,BRITANNIA,27OCT2026,450000.000000,125,OPTSTK,NFO,5.000000,5001,False
60147,BRITANNIA27OCT264800PE,BRITANNIA,27OCT2026,480000.000000,125,OPTSTK,NFO,5.000000,5001,False
60193,BRITANNIA27OCT265700CE,BRITANNIA,27OCT2026,570000.000000,125,OPTSTK,NFO,5.000000,5001,False
60322,BSE29SEP263300PE,BSE,29SEP2026,330000.000000,200,OPTSTK,NFO,5.000000,6001,False
90472,ETERNAL23NOV26320CE,ETERNAL,23NOV2026,32000.000000,2425,OPTSTK,NFO,5.000000,72751,False
90492,LTF29SEP26315PE,LTF,29SEP2026,31500.000000,2250,OPTSTK,NFO,5.000000,67501,False
90513,BEL29SEP26340PE,BEL,29SEP2026,34000.000000,1425,OPTSTK,NFO,5.000000,57001,False
90547,BEL29SEP26450CE,BEL,29SEP2026,45000.000000,1425,OPTSTK,NFO,5.000000,57001,False
105444,GMRAIRPORT29SEP26106CE,GMRAIRPORT,29SEP2026,10600.000000,6975,OPTSTK,NFO,1.000000,209251,False
105445,GMRAIRPORT29SEP26106PE,GMRAIRPORT,29SEP2026,10600.000000,6975,OPTSTK,NFO,1.000000,209251,False
105452,GMRAIRPORT29SEP26114CE,GMRAIRPORT,29SEP2026,11400.000000,6975,OPTSTK,NFO,1.000000,209251,False
105454,GMRAIRPORT29SEP26116CE,GMRAIRPORT,29SEP2026,11600.000000,6975,OPTSTK,NFO,1.000000,209251,False
90548,BEL29SEP26450PE,BEL,29SEP2026,45000.000000,1425,OPTSTK,NFO,5.000000,57001,False
90629,FEDERALBNK27OCT26375PE,FEDERALBNK,27OCT2026,37500.000000,2500,OPTSTK,NFO,5.000000,75001,False
90718,LTF27OCT26290PE,LTF,27OCT2026,29000.000000,2250,OPTSTK,NFO,5.000000,67501,False
60399,BSE27OCT262600CE,BSE,27OCT2026,260000.000000,200,OPTSTK,NFO,5.000000,6001,False
60451,BSE27OCT263600CE,BSE,27OCT2026,360000.000000,200,OPTSTK,NFO,5.000000,6001,False
60847,CAMS27OCT26620PE,CAMS,27OCT2026,62000.000000,825,OPTSTK,NFO,5.000000,33001,False
60893,NIFTY25JUN3018000PE,NIFTY,25JUN2030,1800000.000000,65,OPTIDX,NFO,5.000000,1801,False
90552,BEL29SEP26470CE,BEL,29SEP2026,47000.000000,1425,OPTSTK,NFO,5.000000,57001,False
105462,GMRAIRPORT29SEP26122CE,GMRAIRPORT,29SEP2026,12200.000000,6975,OPTSTK,NFO,1.000000,209251,False
105527,IREDA27OCT26112.5CE,IREDA,27OCT2026,11250.000000,4525,OPTSTK,NFO,1.000000,181001,False
105529,IREDA27OCT26117.5CE,IREDA,27OCT2026,11750.000000,4525,OPTSTK,NFO,1.000000,181001,False
105542,IREDA27OCT26132.5PE,IREDA,27OCT2026,13250.000000,4525,OPTSTK,NFO,1.000000,181001,False
60907,CAMS27OCT26740PE,CAMS,27OCT2026,74000.000000,825,OPTSTK,NFO,5.000000,33001,False
60939,NIFTY25JUN3030000PE,NIFTY,25JUN2030,3000000.000000,65,OPTIDX,NFO,5.000000,1801,False
61060,CAMS27OCT26900CE,CAMS,27OCT2026,90000.000000,825,OPTSTK,NFO,5.000000,33001,False
61390,NIFTY24DEC2918000CE,NIFTY,24DEC2029,1800000.000000,65,OPTIDX,NFO,5.000000,1801,False
90773,FEDERALBNK23NOV26350PE,FEDERALBNK,23NOV2026,35000.000000,2500,OPTSTK,NFO,5.000000,75001,False
90820,LTM29SEP264350PE,LTM,29SEP2026,435000.000000,150,OPTSTK,NFO,5.000000,6001,False
90840,LTM29SEP265350PE,LTM,29SEP2026,535000.000000,150,OPTSTK,NFO,5.000000,6001,False
90909,LTM27OCT263700PE,LTM,27OCT2026,370000.000000,150,OPTSTK,NFO,5.000000,6001,False
105823,IRFC27OCT2677PE,IRFC,27OCT2026,7700.000000,5425,OPTSTK,NFO,1.000000,271251,False
105584,IREDA23NOV26125CE,IREDA,23NOV2026,12500.000000,4525,OPTSTK,NFO,1.000000,181001,False
105739,RADICO29SEP264050CE,RADICO,29SEP2026,405000.000000,150,OPTSTK,NFO,5.000000,6001,False
105742,RADICO29SEP264150PE,RADICO,29SEP2026,415000.000000,150,OPTSTK,NFO,5.000000,6001,False
61486,APLAPOLLO23NOV26FUT,APLAPOLLO,23NOV2026,-1.000000,350,FUTSTK,NFO,10.000000,10501,False
61470,MIDCPNIFTY23NOV26FUT,MIDCPNIFTY,23NOV2026,-1.000000,120,FUTIDX,NFO,10.000000,2801,False
61472,NIFTYFPI23NOV26FUT,NIFTYFPI,23NOV2026,-1.000000,1100,FUTIDX,NFO,5.000000,8501,False
61476,ABCAPITAL23NOV26FUT,ABCAPITAL,23NOV2026,-1.000000,3100,FUTSTK,NFO,5.000000,62001,False
90925,LTM27OCT264100CE,LTM,27OCT2026,410000.000000,150,OPTSTK,NFO,5.000000,6001,False
90997,BHARATFORG29SEP261800CE,BHARATFORG,29SEP2026,180000.000000,500,OPTSTK,NFO,5.000000,10001,False
91002,BHARATFORG29SEP261880PE,BHARATFORG,29SEP2026,188000.000000,500,OPTSTK,NFO,5.000000,10001,False
91011,BHARATFORG29SEP262080CE,BHARATFORG,29SEP2026,208000.000000,500,OPTSTK,NFO,5.000000,10001,False
105829,RADICO27OCT264100PE,RADICO,27OCT2026,410000.000000,150,OPTSTK,NFO,5.000000,6001,False
105834,RADICO27OCT264400CE,RADICO,27OCT2026,440000.000000,150,OPTSTK,NFO,5.000000,6001,False
105904,GODFRYPHLP29SEP262200PE,GODFRYPHLP,29SEP2026,220000.000000,275,OPTSTK,NFO,5.000000,11001,False
105897,GODFRYPHLP29SEP262000PE,GODFRYPHLP,29SEP2026,200000.000000,275,OPTSTK,NFO,5.000000,11001,False
61507,BAJFINANCE23NOV26FUT,BAJFINANCE,23NOV2026,-1.000000,750,FUTSTK,NFO,10.000000,22501,False
61509,BANKBARODA23NOV26FUT,BANKBARODA,23NOV2026,-1.000000,2925,FUTSTK,NFO,1.000000,87751,False
61525,BSE23NOV26FUT,BSE,23NOV2026,-1.000000,200,FUTSTK,NFO,10.000000,6001,False
61527,CANBK23NOV26FUT,CANBK,23NOV2026,-1.000000,6750,FUTSTK,NFO,1.000000,202501,False
91018,BHARATFORG29SEP262200PE,BHARATFORG,29SEP2026,220000.000000,500,OPTSTK,NFO,5.000000,10001,False
91037,BHARATFORG29SEP262520CE,BHARATFORG,29SEP2026,252000.000000,500,OPTSTK,NFO,5.000000,10001,False
91049,LTM27OCT265000PE,LTM,27OCT2026,500000.000000,150,OPTSTK,NFO,5.000000,6001,False
91091,FORCEMOT27OCT2619500PE,FORCEMOT,27OCT2026,1950000.000000,25,OPTSTK,NFO,5.000000,1251,False
61539,CIPLA23NOV26FUT,CIPLA,23NOV2026,-1.000000,425,FUTSTK,NFO,10.000000,17001,False
61542,COFORGE23NOV26FUT,COFORGE,23NOV2026,-1.000000,475,FUTSTK,NFO,10.000000,14251,False
61545,CROMPTON23NOV26FUT,CROMPTON,23NOV2026,-1.000000,2150,FUTSTK,NFO,1.000000,86001,False
61576,GVT&D23NOV26FUT,GVT&D,23NOV2026,-1.000000,125,FUTSTK,NFO,10.000000,5001,False
105905,GODFRYPHLP29SEP262300CE,GODFRYPHLP,29SEP2026,230000.000000,275,OPTSTK,NFO,5.000000,11001,False
105909,GODFRYPHLP29SEP262500CE,GODFRYPHLP,29SEP2026,250000.000000,275,OPTSTK,NFO,5.000000,11001,False
105927,IRFC27OCT2691CE,IRFC,27OCT2026,9100.000000,5425,OPTSTK,NFO,1.000000,271251,False
105970,RBLBANK29SEP26385CE,RBLBANK,29SEP2026,38500.000000,3175,OPTSTK,NFO,5.000000,63501,False
91092,FORCEMOT27OCT2620500CE,FORCEMOT,27OCT2026,2050000.000000,25,OPTSTK,NFO,5.000000,1251,False
91094,FORCEMOT27OCT2620500PE,FORCEMOT,27OCT2026,2050000.000000,25,OPTSTK,NFO,5.000000,1251,False
91117,FORCEMOT23NOV2615000CE,FORCEMOT,23NOV2026,1500000.000000,25,OPTSTK,NFO,5.000000,1251,False
91178,LUPIN29SEP261860CE,LUPIN,29SEP2026,186000.000000,425,OPTSTK,NFO,5.000000,12751,False
61596,ICICIGI23NOV26FUT,ICICIGI,23NOV2026,-1.000000,325,FUTSTK,NFO,10.000000,13001,False
61607,INDUSTOWER23NOV26FUT,INDUSTOWER,23NOV2026,-1.000000,1700,FUTSTK,NFO,5.000000,68001,False
61625,KEI23NOV26FUT,KEI,23NOV2026,-1.000000,175,FUTSTK,NFO,50.000000,5251,False
61626,KFINTECH23NOV26FUT,KFINTECH,23NOV2026,-1.000000,575,FUTSTK,NFO,5.000000,23001,False
91182,FORTIS27OCT26810PE,FORTIS,27OCT2026,81000.000000,775,OPTSTK,NFO,5.000000,23251,False
91187,FORTIS27OCT26850CE,FORTIS,27OCT2026,85000.000000,775,OPTSTK,NFO,5.000000,23251,False
91197,LUPIN29SEP261980PE,LUPIN,29SEP2026,198000.000000,425,OPTSTK,NFO,5.000000,12751,False
91198,LUPIN29SEP262020CE,LUPIN,29SEP2026,202000.000000,425,OPTSTK,NFO,5.000000,12751,False
105987,RBLBANK29SEP26445PE,RBLBANK,29SEP2026,44500.000000,3175,OPTSTK,NFO,5.000000,63501,False
105990,RBLBANK29SEP26455CE,RBLBANK,29SEP2026,45500.000000,3175,OPTSTK,NFO,5.000000,63501,False
106035,RBLBANK27OCT26330PE,RBLBANK,27OCT2026,33000.000000,3175,OPTSTK,NFO,5.000000,63501,False
106041,RBLBANK27OCT26350CE,RBLBANK,27OCT2026,35000.000000,3175,OPTSTK,NFO,5.000000,63501,False
61645,MAXHEALTH23NOV26FUT,MAXHEALTH,23NOV2026,-1.000000,525,FUTSTK,NFO,10.000000,21001,False
61648,MAZDOCK23NOV26FUT,MAZDOCK,23NOV2026,-1.000000,225,FUTSTK,NFO,10.000000,9001,False
61655,NAM-INDIA23NOV26FUT,NAM-INDIA,23NOV2026,-1.000000,625,FUTSTK,NFO,10.000000,18751,False
61659,NIFTY24DEC2921000CE,NIFTY,24DEC2029,2100000.000000,65,OPTIDX,NFO,5.000000,1801,False
91206,LUPIN29SEP262100CE,LUPIN,29SEP2026,210000.000000,425,OPTSTK,NFO,5.000000,12751,False
91207,LUPIN29SEP262100PE,LUPIN,29SEP2026,210000.000000,425,OPTSTK,NFO,5.000000,12751,False
91208,LUPIN29SEP262140CE,LUPIN,29SEP2026,214000.000000,425,OPTSTK,NFO,5.000000,12751,False
91274,LUPIN29SEP262300PE,LUPIN,29SEP2026,230000.000000,425,OPTSTK,NFO,5.000000,12751,False
61661,NESTLEIND23NOV26FUT,NESTLEIND,23NOV2026,-1.000000,500,FUTSTK,NFO,10.000000,15001,False
61694,RADICO23NOV26FUT,RADICO,23NOV2026,-1.000000,150,FUTSTK,NFO,10.000000,6001,False
61699,SAGILITY29SEP26FUT,SAGILITY,29SEP2026,-1.000000,12000,FUTSTK,NFO,1.000000,480001,False
61702,SAIL23NOV26FUT,SAIL,23NOV2026,-1.000000,4700,FUTSTK,NFO,1.000000,141001,False
106054,RBLBANK27OCT26410PE,RBLBANK,27OCT2026,41000.000000,3175,OPTSTK,NFO,5.000000,63501,False
106060,RBLBANK27OCT26430PE,RBLBANK,27OCT2026,43000.000000,3175,OPTSTK,NFO,5.000000,63501,False
106062,RBLBANK27OCT26440PE,RBLBANK,27OCT2026,44000.000000,3175,OPTSTK,NFO,5.000000,63501,False
106067,RBLBANK27OCT26460PE,RBLBANK,27OCT2026,46000.000000,3175,OPTSTK,NFO,5.000000,63501,False
91276,FORTIS27OCT26950PE,FORTIS,27OCT2026,95000.000000,775,OPTSTK,NFO,5.000000,23251,False
91280,LUPIN29SEP262340PE,LUPIN,29SEP2026,234000.000000,425,OPTSTK,NFO,5.000000,12751,False
91283,LUPIN29SEP262420CE,LUPIN,29SEP2026,242000.000000,425,OPTSTK,NFO,5.000000,12751,False
91329,FORTIS27OCT261010PE,FORTIS,27OCT2026,101000.000000,775,OPTSTK,NFO,5.000000,23251,False
61741,VBL23NOV26FUT,VBL,23NOV2026,-1.000000,1275,FUTSTK,NFO,5.000000,51001,False
61745,WAAREEENER23NOV26FUT,WAAREEENER,23NOV2026,-1.000000,175,FUTSTK,NFO,10.000000,8751,False
61747,NIFTY24DEC2923000PE,NIFTY,24DEC2029,2300000.000000,65,OPTIDX,NFO,5.000000,1801,False
61932,NIFTY24DEC2930000CE,NIFTY,24DEC2029,3000000.000000,65,OPTIDX,NFO,5.000000,1801,False
91394,LUPIN27OCT261880CE,LUPIN,27OCT2026,188000.000000,425,OPTSTK,NFO,5.000000,12751,False
91473,LUPIN27OCT262400PE,LUPIN,27OCT2026,240000.000000,425,OPTSTK,NFO,5.000000,12751,False
91480,LUPIN27OCT262560CE,LUPIN,27OCT2026,256000.000000,425,OPTSTK,NFO,5.000000,12751,False
91565,M&M29SEP263150PE,M&M,29SEP2026,315000.000000,200,OPTSTK,NFO,5.000000,8001,False
106070,RBLBANK27OCT26480CE,RBLBANK,27OCT2026,48000.000000,3175,OPTSTK,NFO,5.000000,63501,False
106091,RECLTD29SEP26305PE,RECLTD,29SEP2026,30500.000000,1575,OPTSTK,NFO,5.000000,63001,False
106098,RECLTD29SEP26345CE,RECLTD,29SEP2026,34500.000000,1575,OPTSTK,NFO,5.000000,63001,False
106099,RECLTD29SEP26345PE,RECLTD,29SEP2026,34500.000000,1575,OPTSTK,NFO,5.000000,63001,False
62073,BANKNIFTY23NOV2651800CE,BANKNIFTY,23NOV2026,5180000.000000,30,OPTIDX,NFO,5.000000,601,False
62077,BANKNIFTY23NOV2652000CE,BANKNIFTY,23NOV2026,5200000.000000,30,OPTIDX,NFO,5.000000,601,False
62095,BANKNIFTY23NOV2652900CE,BANKNIFTY,23NOV2026,5290000.000000,30,OPTIDX,NFO,5.000000,601,False
62111,BANKNIFTY23NOV2653500CE,BANKNIFTY,23NOV2026,5350000.000000,30,OPTIDX,NFO,5.000000,601,False
91601,FORTIS23NOV26800CE,FORTIS,23NOV2026,80000.000000,775,OPTSTK,NFO,5.000000,23251,False
91614,FORTIS23NOV26900PE,FORTIS,23NOV2026,90000.000000,775,OPTSTK,NFO,5.000000,23251,False
91616,FORTIS23NOV26920PE,FORTIS,23NOV2026,92000.000000,775,OPTSTK,NFO,5.000000,23251,False
91621,FORTIS23NOV26980CE,FORTIS,23NOV2026,98000.000000,775,OPTSTK,NFO,5.000000,23251,False
106104,RECLTD29SEP26375CE,RECLTD,29SEP2026,37500.000000,1575,OPTSTK,NFO,5.000000,63001,False
106141,RECLTD27OCT26270PE,RECLTD,27OCT2026,27000.000000,1575,OPTSTK,NFO,5.000000,63001,False
106150,RECLTD27OCT26310PE,RECLTD,27OCT2026,31000.000000,1575,OPTSTK,NFO,5.000000,63001,False
106295,IRFC23NOV2664CE,IRFC,23NOV2026,6400.000000,5425,OPTSTK,NFO,1.000000,271251,False
62131,BANKNIFTY23NOV2653900CE,BANKNIFTY,23NOV2026,5390000.000000,30,OPTIDX,NFO,5.000000,601,False
62132,BANKNIFTY23NOV2653900PE,BANKNIFTY,23NOV2026,5390000.000000,30,OPTIDX,NFO,5.000000,601,False
62139,BANKNIFTY23NOV2654200CE,BANKNIFTY,23NOV2026,5420000.000000,30,OPTIDX,NFO,5.000000,601,False
62140,BANKNIFTY23NOV2654200PE,BANKNIFTY,23NOV2026,5420000.000000,30,OPTIDX,NFO,5.000000,601,False
91687,M&M27OCT262900PE,M&M,27OCT2026,290000.000000,200,OPTSTK,NFO,5.000000,8001,False
91697,GAIL27OCT26162.5CE,GAIL,27OCT2026,16250.000000,3550,OPTSTK,NFO,1.000000,142001,False
91699,GAIL27OCT26162.5PE,GAIL,27OCT2026,16250.000000,3550,OPTSTK,NFO,1.000000,142001,False
91701,GAIL27OCT26167.5PE,GAIL,27OCT2026,16750.000000,3550,OPTSTK,NFO,1.000000,142001,False
106341,RELIANCE29SEP261170CE,RELIANCE,29SEP2026,117000.000000,500,OPTSTK,NFO,5.000000,20001,False
106352,GODREJCP29SEP261080CE,GODREJCP,29SEP2026,108000.000000,500,OPTSTK,NFO,5.000000,25001,False
106367,RELIANCE29SEP261250PE,RELIANCE,29SEP2026,125000.000000,500,OPTSTK,NFO,5.000000,20001,False
106379,RELIANCE29SEP261330PE,RELIANCE,29SEP2026,133000.000000,500,OPTSTK,NFO,5.000000,20001,False
62145,BANKNIFTY23NOV2654500CE,BANKNIFTY,23NOV2026,5450000.000000,30,OPTIDX,NFO,5.000000,601,False
62148,BANKNIFTY23NOV2654600PE,BANKNIFTY,23NOV2026,5460000.000000,30,OPTIDX,NFO,5.000000,601,False
62158,BANKNIFTY23NOV2655100PE,BANKNIFTY,23NOV2026,5510000.000000,30,OPTIDX,NFO,5.000000,601,False
62161,BANKNIFTY23NOV2655300CE,BANKNIFTY,23NOV2026,5530000.000000,30,OPTIDX,NFO,5.000000,601,False
91704,GAIL27OCT26177.5CE,GAIL,27OCT2026,17750.000000,3550,OPTSTK,NFO,1.000000,142001,False
91709,GAIL27OCT26187.5PE,GAIL,27OCT2026,18750.000000,3550,OPTSTK,NFO,1.000000,142001,False
91710,GAIL27OCT26192.5CE,GAIL,27OCT2026,19250.000000,3550,OPTSTK,NFO,1.000000,142001,False
91721,M&M27OCT263200PE,M&M,27OCT2026,320000.000000,200,OPTSTK,NFO,5.000000,8001,False
106381,IRFC23NOV2674PE,IRFC,23NOV2026,7400.000000,5425,OPTSTK,NFO,1.000000,271251,False
106382,RELIANCE29SEP261350PE,RELIANCE,29SEP2026,135000.000000,500,OPTSTK,NFO,5.000000,20001,False
106404,IRFC23NOV2686PE,IRFC,23NOV2026,8600.000000,5425,OPTSTK,NFO,1.000000,271251,False
106415,IRFC23NOV2696CE,IRFC,23NOV2026,9600.000000,5425,OPTSTK,NFO,1.000000,271251,False
62164,BANKNIFTY23NOV2655400PE,BANKNIFTY,23NOV2026,5540000.000000,30,OPTIDX,NFO,5.000000,601,False
62167,BANKNIFTY23NOV2655500PE,BANKNIFTY,23NOV2026,5550000.000000,30,OPTIDX,NFO,5.000000,601,False
62169,BANKNIFTY23NOV2655600CE,BANKNIFTY,23NOV2026,5560000.000000,30,OPTIDX,NFO,5.000000,601,False
62189,BANKNIFTY23NOV2656300CE,BANKNIFTY,23NOV2026,5630000.000000,30,OPTIDX,NFO,5.000000,601,False
91734,M&M27OCT263900CE,M&M,27OCT2026,390000.000000,200,OPTSTK,NFO,5.000000,8001,False
91754,MANAPPURAM29SEP26315CE,MANAPPURAM,29SEP2026,31500.000000,3000,OPTSTK,NFO,5.000000,60001,False
91786,MANAPPURAM29SEP26375CE,MANAPPURAM,29SEP2026,37500.000000,3000,OPTSTK,NFO,5.000000,60001,False
91831,MANAPPURAM27OCT26320PE,MANAPPURAM,27OCT2026,32000.000000,3000,OPTSTK,NFO,5.000000,60001,False
106649,ITC27OCT26242.5CE,ITC,27OCT2026,24250.000000,1725,OPTSTK,NFO,5.000000,86251,False
106653,RELIANCE27OCT261120CE,RELIANCE,27OCT2026,112000.000000,500,OPTSTK,NFO,5.000000,20001,False
106657,RELIANCE27OCT261160CE,RELIANCE,27OCT2026,116000.000000,500,OPTSTK,NFO,5.000000,20001,False
106666,ITC27OCT26257.5PE,ITC,27OCT2026,25750.000000,1725,OPTSTK,NFO,5.000000,86251,False
62190,BANKNIFTY23NOV2656300PE,BANKNIFTY,23NOV2026,5630000.000000,30,OPTIDX,NFO,5.000000,601,False
62193,BANKNIFTY23NOV2656500CE,BANKNIFTY,23NOV2026,5650000.000000,30,OPTIDX,NFO,5.000000,601,False
62225,BANKNIFTY23NOV2657700PE,BANKNIFTY,23NOV2026,5770000.000000,30,OPTIDX,NFO,5.000000,601,False
62233,BANKNIFTY23NOV2657900CE,BANKNIFTY,23NOV2026,5790000.000000,30,OPTIDX,NFO,5.000000,601,False
91843,GAIL23NOV26150PE,GAIL,23NOV2026,15000.000000,3550,OPTSTK,NFO,1.000000,142001,False
91847,BHARTIARTL29SEP262160CE,BHARTIARTL,29SEP2026,216000.000000,475,OPTSTK,NFO,5.000000,14251,False
91865,GAIL23NOV26165CE,GAIL,23NOV2026,16500.000000,3550,OPTSTK,NFO,1.000000,142001,False
91870,GAIL23NOV26170PE,GAIL,23NOV2026,17000.000000,3550,OPTSTK,NFO,1.000000,142001,False
62269,BANKNIFTY23NOV2658700CE,BANKNIFTY,23NOV2026,5870000.000000,30,OPTIDX,NFO,5.000000,601,False
62271,BANKNIFTY23NOV2658800CE,BANKNIFTY,23NOV2026,5880000.000000,30,OPTIDX,NFO,5.000000,601,False
62274,BANKNIFTY23NOV2658900PE,BANKNIFTY,23NOV2026,5890000.000000,30,OPTIDX,NFO,5.000000,601,False
62306,BANKNIFTY23NOV2660100PE,BANKNIFTY,23NOV2026,6010000.000000,30,OPTIDX,NFO,5.000000,601,False
106669,ITC27OCT26267.5CE,ITC,27OCT2026,26750.000000,1725,OPTSTK,NFO,5.000000,86251,False
106719,RELIANCE27OCT261300CE,RELIANCE,27OCT2026,130000.000000,500,OPTSTK,NFO,5.000000,20001,False
106733,RELIANCE27OCT261360CE,RELIANCE,27OCT2026,136000.000000,500,OPTSTK,NFO,5.000000,20001,False
106747,RELIANCE27OCT261500CE,RELIANCE,27OCT2026,150000.000000,500,OPTSTK,NFO,5.000000,20001,False
91878,GAIL23NOV26185CE,GAIL,23NOV2026,18500.000000,3550,OPTSTK,NFO,1.000000,142001,False
91889,MANAPPURAM27OCT26420PE,MANAPPURAM,27OCT2026,42000.000000,3000,OPTSTK,NFO,5.000000,60001,False
91925,GAIL23NOV26210PE,GAIL,23NOV2026,21000.000000,3550,OPTSTK,NFO,1.000000,142001,False
91973,BHEL29SEP26340CE,BHEL,29SEP2026,34000.000000,2625,OPTSTK,NFO,5.000000,52501,False
62307,BANKNIFTY23NOV2660200CE,BANKNIFTY,23NOV2026,6020000.000000,30,OPTIDX,NFO,5.000000,601,False
62310,BANKNIFTY23NOV2660300PE,BANKNIFTY,23NOV2026,6030000.000000,30,OPTIDX,NFO,5.000000,601,False
62314,BANKNIFTY23NOV2660500PE,BANKNIFTY,23NOV2026,6050000.000000,30,OPTIDX,NFO,5.000000,601,False
62315,BANKNIFTY23NOV2660600CE,BANKNIFTY,23NOV2026,6060000.000000,30,OPTIDX,NFO,5.000000,601,False
91988,BHEL29SEP26410PE,BHEL,29SEP2026,41000.000000,2625,OPTSTK,NFO,5.000000,52501,False
92003,BHEL29SEP26490CE,BHEL,29SEP2026,49000.000000,2625,OPTSTK,NFO,5.000000,52501,False
92013,MANKIND29SEP262180PE,MANKIND,29SEP2026,218000.000000,250,OPTSTK,NFO,5.000000,10001,False
92088,MANKIND29SEP262700PE,MANKIND,29SEP2026,270000.000000,250,OPTSTK,NFO,5.000000,10001,False
106802,GODREJPROP29SEP261640CE,GODREJPROP,29SEP2026,164000.000000,325,OPTSTK,NFO,5.000000,13001,False
106834,GODREJPROP29SEP262040CE,GODREJPROP,29SEP2026,204000.000000,325,OPTSTK,NFO,5.000000,13001,False
106900,RVNL29SEP26215PE,RVNL,29SEP2026,21500.000000,1925,OPTSTK,NFO,1.000000,96251,False
106948,RVNL27OCT26250CE,RVNL,27OCT2026,25000.000000,1925,OPTSTK,NFO,1.000000,96251,False
62325,BANKNIFTY23NOV2660900CE,BANKNIFTY,23NOV2026,6090000.000000,30,OPTIDX,NFO,5.000000,601,False
62339,BANKNIFTY23NOV2661200CE,BANKNIFTY,23NOV2026,6120000.000000,30,OPTIDX,NFO,5.000000,601,False
62341,BANKNIFTY23NOV2661300CE,BANKNIFTY,23NOV2026,6130000.000000,30,OPTIDX,NFO,5.000000,601,False
62347,BANKNIFTY23NOV2661300PE,BANKNIFTY,23NOV2026,6130000.000000,30,OPTIDX,NFO,5.000000,601,False
92217,GLENMARK27OCT262340CE,GLENMARK,27OCT2026,234000.000000,375,OPTSTK,NFO,5.000000,11251,False
92234,GLENMARK27OCT262540CE,GLENMARK,27OCT2026,254000.000000,375,OPTSTK,NFO,5.000000,11251,False
92324,MANKIND27OCT261960CE,MANKIND,27OCT2026,196000.000000,250,OPTSTK,NFO,5.000000,10001,False
92353,BIOCON29SEP26340CE,BIOCON,29SEP2026,34000.000000,2500,OPTSTK,NFO,5.000000,50001,False
107012,SAIL29SEP26167.5PE,SAIL,29SEP2026,16750.000000,4700,OPTSTK,NFO,1.000000,141001,False
107014,SAIL29SEP26172.5PE,SAIL,29SEP2026,17250.000000,4700,OPTSTK,NFO,1.000000,141001,False
107026,SAIL29SEP26202.5PE,SAIL,29SEP2026,20250.000000,4700,OPTSTK,NFO,1.000000,141001,False
107094,SAIL27OCT26165PE,SAIL,27OCT2026,16500.000000,4700,OPTSTK,NFO,1.000000,141001,False
62351,BANKNIFTY23NOV2661400PE,BANKNIFTY,23NOV2026,6140000.000000,30,OPTIDX,NFO,5.000000,601,False
62357,CANBK27OCT26120PE,CANBK,27OCT2026,12000.000000,6750,OPTSTK,NFO,1.000000,202501,False
62361,CANBK27OCT26130CE,CANBK,27OCT2026,13000.000000,6750,OPTSTK,NFO,1.000000,202501,False
62415,BANKNIFTY23NOV2661700PE,BANKNIFTY,23NOV2026,6170000.000000,30,OPTIDX,NFO,5.000000,601,False
92362,BIOCON29SEP26380PE,BIOCON,29SEP2026,38000.000000,2500,OPTSTK,NFO,5.000000,50001,False
92365,BIOCON29SEP26400CE,BIOCON,29SEP2026,40000.000000,2500,OPTSTK,NFO,5.000000,50001,False
92367,BIOCON29SEP26410CE,BIOCON,29SEP2026,41000.000000,2500,OPTSTK,NFO,5.000000,50001,False
92377,BIOCON29SEP26460CE,BIOCON,29SEP2026,46000.000000,2500,OPTSTK,NFO,5.000000,50001,False
62476,CDSL27OCT261240PE,CDSL,27OCT2026,124000.000000,475,OPTSTK,NFO,5.000000,19001,False
62482,BANKNIFTY23NOV2662200PE,BANKNIFTY,23NOV2026,6220000.000000,30,OPTIDX,NFO,5.000000,601,False
62501,CDSL27OCT261360CE,CDSL,27OCT2026,136000.000000,475,OPTSTK,NFO,5.000000,19001,False
62507,BANKNIFTY23NOV2662700CE,BANKNIFTY,23NOV2026,6270000.000000,30,OPTIDX,NFO,5.000000,601,False
107096,SAIL27OCT26170CE,SAIL,27OCT2026,17000.000000,4700,OPTSTK,NFO,1.000000,141001,False
107105,ITC23NOV26235PE,ITC,23NOV2026,23500.000000,1725,OPTSTK,NFO,5.000000,86251,False
107111,ITC23NOV26250CE,ITC,23NOV2026,25000.000000,1725,OPTSTK,NFO,5.000000,86251,False
107125,SAIL27OCT26175CE,SAIL,27OCT2026,17500.000000,4700,OPTSTK,NFO,1.000000,141001,False
92379,BIOCON29SEP26470CE,BIOCON,29SEP2026,47000.000000,2500,OPTSTK,NFO,5.000000,50001,False
92398,MANKIND27OCT262240CE,MANKIND,27OCT2026,224000.000000,250,OPTSTK,NFO,5.000000,10001,False
92428,GLENMARK23NOV262160CE,GLENMARK,23NOV2026,216000.000000,375,OPTSTK,NFO,5.000000,11251,False
92434,GLENMARK23NOV262280CE,GLENMARK,23NOV2026,228000.000000,375,OPTSTK,NFO,5.000000,11251,False
62515,CDSL27OCT261480CE,CDSL,27OCT2026,148000.000000,475,OPTSTK,NFO,5.000000,19001,False
62522,CDSL27OCT261560PE,CDSL,27OCT2026,156000.000000,475,OPTSTK,NFO,5.000000,19001,False
62528,CDSL27OCT261600PE,CDSL,27OCT2026,160000.000000,475,OPTSTK,NFO,5.000000,19001,False
62530,CDSL27OCT261640PE,CDSL,27OCT2026,164000.000000,475,OPTSTK,NFO,5.000000,19001,False
92458,GLENMARK23NOV262640PE,GLENMARK,23NOV2026,264000.000000,375,OPTSTK,NFO,5.000000,11251,False
92502,MANKIND27OCT262360PE,MANKIND,27OCT2026,236000.000000,250,OPTSTK,NFO,5.000000,10001,False
92516,MANKIND27OCT262400CE,MANKIND,27OCT2026,240000.000000,250,OPTSTK,NFO,5.000000,10001,False
92544,MANKIND27OCT262600CE,MANKIND,27OCT2026,260000.000000,250,OPTSTK,NFO,5.000000,10001,False
107169,SAIL27OCT26190PE,SAIL,27OCT2026,19000.000000,4700,OPTSTK,NFO,1.000000,141001,False
107238,SBICARD29SEP26650CE,SBICARD,29SEP2026,65000.000000,800,OPTSTK,NFO,5.000000,40001,False
107427,GRASIM29SEP263000CE,GRASIM,29SEP2026,300000.000000,250,OPTSTK,NFO,5.000000,7501,False
107435,GRASIM29SEP263160CE,GRASIM,29SEP2026,316000.000000,250,OPTSTK,NFO,5.000000,7501,False
62552,BANKNIFTY23NOV2663500PE,BANKNIFTY,23NOV2026,6350000.000000,30,OPTIDX,NFO,5.000000,601,False
62572,CGPOWER29SEP26740CE,CGPOWER,29SEP2026,74000.000000,850,OPTSTK,NFO,5.000000,25501,False
62581,CGPOWER29SEP26860CE,CGPOWER,29SEP2026,86000.000000,850,OPTSTK,NFO,5.000000,25501,False
62583,CGPOWER29SEP26900CE,CGPOWER,29SEP2026,90000.000000,850,OPTSTK,NFO,5.000000,25501,False
92561,MANKIND27OCT262680PE,MANKIND,27OCT2026,268000.000000,250,OPTSTK,NFO,5.000000,10001,False
92662,MARICO29SEP26890CE,MARICO,29SEP2026,89000.000000,1200,OPTSTK,NFO,5.000000,36001,False
92663,MARICO29SEP26890PE,MARICO,29SEP2026,89000.000000,1200,OPTSTK,NFO,5.000000,36001,False
92668,MARICO29SEP26930CE,MARICO,29SEP2026,93000.000000,1200,OPTSTK,NFO,5.000000,36001,False
62584,CGPOWER29SEP26900PE,CGPOWER,29SEP2026,90000.000000,850,OPTSTK,NFO,5.000000,25501,False
62621,CGPOWER27OCT26840PE,CGPOWER,27OCT2026,84000.000000,850,OPTSTK,NFO,5.000000,25501,False
62632,CGPOWER27OCT261080CE,CGPOWER,27OCT2026,108000.000000,850,OPTSTK,NFO,5.000000,25501,False
62764,CHOLAFIN29SEP262020PE,CHOLAFIN,29SEP2026,202000.000000,625,OPTSTK,NFO,5.000000,12501,False
107453,SBICARD27OCT26620PE,SBICARD,27OCT2026,62000.000000,800,OPTSTK,NFO,5.000000,40001,False
107455,SBICARD27OCT26640PE,SBICARD,27OCT2026,64000.000000,800,OPTSTK,NFO,5.000000,40001,False
107466,GRASIM29SEP263280CE,GRASIM,29SEP2026,328000.000000,250,OPTSTK,NFO,5.000000,7501,False
107475,JINDALSTEL27OCT261060CE,JINDALSTEL,27OCT2026,106000.000000,625,OPTSTK,NFO,5.000000,18751,False
92728,BLUESTARCO29SEP261400PE,BLUESTARCO,29SEP2026,140000.000000,325,OPTSTK,NFO,5.000000,13001,False
92734,BLUESTARCO29SEP261520PE,BLUESTARCO,29SEP2026,152000.000000,325,OPTSTK,NFO,5.000000,13001,False
92763,BLUESTARCO29SEP261760PE,BLUESTARCO,29SEP2026,176000.000000,325,OPTSTK,NFO,5.000000,13001,False
92835,GMRAIRPORT27OCT2685CE,GMRAIRPORT,27OCT2026,8500.000000,6975,OPTSTK,NFO,1.000000,209251,False
63020,FINNIFTY29SEP2622950PE,FINNIFTY,29SEP2026,2295000.000000,60,OPTIDX,NFO,5.000000,1801,False
63057,FINNIFTY29SEP2624850CE,FINNIFTY,29SEP2026,2485000.000000,60,OPTIDX,NFO,5.000000,1801,False
63064,FINNIFTY29SEP2625050PE,FINNIFTY,29SEP2026,2505000.000000,60,OPTIDX,NFO,5.000000,1801,False
63072,CHOLAFIN27OCT262080PE,CHOLAFIN,27OCT2026,208000.000000,625,OPTSTK,NFO,5.000000,12501,False
92855,GMRAIRPORT27OCT26105CE,GMRAIRPORT,27OCT2026,10500.000000,6975,OPTSTK,NFO,1.000000,209251,False
92871,MARICO27OCT26840CE,MARICO,27OCT2026,84000.000000,1200,OPTSTK,NFO,5.000000,36001,False
92887,MARICO27OCT26880CE,MARICO,27OCT2026,88000.000000,1200,OPTSTK,NFO,5.000000,36001,False
92905,MARICO27OCT26920CE,MARICO,27OCT2026,92000.000000,1200,OPTSTK,NFO,5.000000,36001,False
107481,JINDALSTEL27OCT261180CE,JINDALSTEL,27OCT2026,118000.000000,625,OPTSTK,NFO,5.000000,18751,False
107555,SBILIFE29SEP261500PE,SBILIFE,29SEP2026,150000.000000,375,OPTSTK,NFO,5.000000,15001,False
107561,SBILIFE29SEP261580CE,SBILIFE,29SEP2026,158000.000000,375,OPTSTK,NFO,5.000000,15001,False
107572,GRASIM29SEP263320PE,GRASIM,29SEP2026,332000.000000,250,OPTSTK,NFO,5.000000,7501,False
63082,FINNIFTY29SEP2625450PE,FINNIFTY,29SEP2026,2545000.000000,60,OPTIDX,NFO,5.000000,1801,False
63100,FINNIFTY29SEP2626250PE,FINNIFTY,29SEP2026,2625000.000000,60,OPTIDX,NFO,5.000000,1801,False
63126,FINNIFTY29SEP2626850PE,FINNIFTY,29SEP2026,2685000.000000,60,OPTIDX,NFO,5.000000,1801,False
63190,CIPLA29SEP261270CE,CIPLA,29SEP2026,127000.000000,425,OPTSTK,NFO,5.000000,17001,False
92979,GMRAIRPORT23NOV2684CE,GMRAIRPORT,23NOV2026,8400.000000,6975,OPTSTK,NFO,1.000000,209251,False
93017,MARUTI29SEP2612900PE,MARUTI,29SEP2026,1290000.000000,50,OPTSTK,NFO,5.000000,2001,False
93021,MARUTI29SEP2613300PE,MARUTI,29SEP2026,1330000.000000,50,OPTSTK,NFO,5.000000,2001,False
93031,MARUTI29SEP2614300CE,MARUTI,29SEP2026,1430000.000000,50,OPTSTK,NFO,5.000000,2001,False
107729,GVT&D29SEP263800CE,GVT&D,29SEP2026,380000.000000,125,OPTSTK,NFO,5.000000,5001,False
107731,GVT&D29SEP264000CE,GVT&D,29SEP2026,400000.000000,125,OPTSTK,NFO,5.000000,5001,False
107743,GVT&D29SEP265200CE,GVT&D,29SEP2026,520000.000000,125,OPTSTK,NFO,5.000000,5001,False
107751,SBILIFE29SEP261660CE,SBILIFE,29SEP2026,166000.000000,375,OPTSTK,NFO,5.000000,15001,False
63197,CIPLA29SEP261290PE,CIPLA,29SEP2026,129000.000000,425,OPTSTK,NFO,5.000000,17001,False
63200,CIPLA29SEP261330CE,CIPLA,29SEP2026,133000.000000,425,OPTSTK,NFO,5.000000,17001,False
63211,CIPLA29SEP261370PE,CIPLA,29SEP2026,137000.000000,425,OPTSTK,NFO,5.000000,17001,False
63214,CIPLA29SEP261410CE,CIPLA,29SEP2026,141000.000000,425,OPTSTK,NFO,5.000000,17001,False
93042,MARUTI29SEP2615300CE,MARUTI,29SEP2026,1530000.000000,50,OPTSTK,NFO,5.000000,2001,False
93060,BOSCHLTD29SEP2640000PE,BOSCHLTD,29SEP2026,4000000.000000,25,OPTSTK,NFO,5.000000,501,False
93113,MARUTI27OCT2610600PE,MARUTI,27OCT2026,1060000.000000,50,OPTSTK,NFO,5.000000,2001,False
93116,MARUTI27OCT2611000CE,MARUTI,27OCT2026,1100000.000000,50,OPTSTK,NFO,5.000000,2001,False
107872,SBILIFE29SEP261980CE,SBILIFE,29SEP2026,198000.000000,375,OPTSTK,NFO,5.000000,15001,False
107927,HAL29SEP264100CE,HAL,29SEP2026,410000.000000,150,OPTSTK,NFO,5.000000,4501,False
107930,HAL29SEP264200PE,HAL,29SEP2026,420000.000000,150,OPTSTK,NFO,5.000000,4501,False
107943,HAL29SEP264700CE,HAL,29SEP2026,470000.000000,150,OPTSTK,NFO,5.000000,4501,False
63217,CIPLA29SEP261430CE,CIPLA,29SEP2026,143000.000000,425,OPTSTK,NFO,5.000000,17001,False
63226,CIPLA29SEP261430PE,CIPLA,29SEP2026,143000.000000,425,OPTSTK,NFO,5.000000,17001,False
63227,CIPLA29SEP261450CE,CIPLA,29SEP2026,145000.000000,425,OPTSTK,NFO,5.000000,17001,False
63234,CIPLA29SEP261510CE,CIPLA,29SEP2026,151000.000000,425,OPTSTK,NFO,5.000000,17001,False
93119,MARUTI27OCT2611200PE,MARUTI,27OCT2026,1120000.000000,50,OPTSTK,NFO,5.000000,2001,False
93135,MARUTI27OCT2612600PE,MARUTI,27OCT2026,1260000.000000,50,OPTSTK,NFO,5.000000,2001,False
93144,MARUTI27OCT2613400CE,MARUTI,27OCT2026,1340000.000000,50,OPTSTK,NFO,5.000000,2001,False
93164,MARUTI27OCT2615200CE,MARUTI,27OCT2026,1520000.000000,50,OPTSTK,NFO,5.000000,2001,False
108013,JIOFIN23NOV26235CE,JIOFIN,23NOV2026,23500.000000,2350,OPTSTK,NFO,1.000000,94001,False
107945,HAL29SEP264800CE,HAL,29SEP2026,480000.000000,150,OPTSTK,NFO,5.000000,4501,False
107957,HAL29SEP265200CE,HAL,29SEP2026,520000.000000,150,OPTSTK,NFO,5.000000,4501,False
108001,JIOFIN23NOV26205CE,JIOFIN,23NOV2026,20500.000000,2350,OPTSTK,NFO,1.000000,94001,False
63236,CIPLA29SEP261530CE,CIPLA,29SEP2026,153000.000000,425,OPTSTK,NFO,5.000000,17001,False
63239,CIPLA29SEP261550PE,CIPLA,29SEP2026,155000.000000,425,OPTSTK,NFO,5.000000,17001,False
63242,CIPLA29SEP261590CE,CIPLA,29SEP2026,159000.000000,425,OPTSTK,NFO,5.000000,17001,False
63366,FINNIFTY23NOV2623200PE,FINNIFTY,23NOV2026,2320000.000000,60,OPTIDX,NFO,5.000000,1801,False
93210,GMRAIRPORT23NOV2694PE,GMRAIRPORT,23NOV2026,9400.000000,6975,OPTSTK,NFO,1.000000,209251,False
93228,MAXHEALTH29SEP26890CE,MAXHEALTH,29SEP2026,89000.000000,525,OPTSTK,NFO,5.000000,21001,False
93232,MAXHEALTH29SEP26930CE,MAXHEALTH,29SEP2026,93000.000000,525,OPTSTK,NFO,5.000000,21001,False
93246,BOSCHLTD29SEP2643000PE,BOSCHLTD,29SEP2026,4300000.000000,25,OPTSTK,NFO,5.000000,501,False
63376,FINNIFTY23NOV2623700PE,FINNIFTY,23NOV2026,2370000.000000,60,OPTIDX,NFO,5.000000,1801,False
63385,FINNIFTY23NOV2624200CE,FINNIFTY,23NOV2026,2420000.000000,60,OPTIDX,NFO,5.000000,1801,False
63386,FINNIFTY23NOV2624200PE,FINNIFTY,23NOV2026,2420000.000000,60,OPTIDX,NFO,5.000000,1801,False
63407,FINNIFTY23NOV2625300CE,FINNIFTY,23NOV2026,2530000.000000,60,OPTIDX,NFO,5.000000,1801,False
93303,GODFRYPHLP27OCT261950PE,GODFRYPHLP,27OCT2026,195000.000000,275,OPTSTK,NFO,5.000000,11001,False
93307,BOSCHLTD29SEP2645000CE,BOSCHLTD,29SEP2026,4500000.000000,25,OPTSTK,NFO,5.000000,501,False
93354,BOSCHLTD29SEP2651000CE,BOSCHLTD,29SEP2026,5100000.000000,25,OPTSTK,NFO,5.000000,501,False
93415,GODFRYPHLP23NOV262600CE,GODFRYPHLP,23NOV2026,260000.000000,275,OPTSTK,NFO,5.000000,11001,False
63420,FINNIFTY23NOV2625900PE,FINNIFTY,23NOV2026,2590000.000000,60,OPTIDX,NFO,5.000000,1801,False
63430,FINNIFTY23NOV2626400PE,FINNIFTY,23NOV2026,2640000.000000,60,OPTIDX,NFO,5.000000,1801,False
63438,FINNIFTY23NOV2626800PE,FINNIFTY,23NOV2026,2680000.000000,60,OPTIDX,NFO,5.000000,1801,False
63446,FINNIFTY23NOV2627100PE,FINNIFTY,23NOV2026,2710000.000000,60,OPTIDX,NFO,5.000000,1801,False
93484,MAXHEALTH27OCT26840PE,MAXHEALTH,27OCT2026,84000.000000,525,OPTSTK,NFO,5.000000,21001,False
93526,MAXHEALTH27OCT26980CE,MAXHEALTH,27OCT2026,98000.000000,525,OPTSTK,NFO,5.000000,21001,False
93540,MAXHEALTH27OCT261080CE,MAXHEALTH,27OCT2026,108000.000000,525,OPTSTK,NFO,5.000000,21001,False
93637,MAXHEALTH27OCT261180PE,MAXHEALTH,27OCT2026,118000.000000,525,OPTSTK,NFO,5.000000,21001,False
93722,GODREJCP27OCT26830CE,GODREJCP,27OCT2026,83000.000000,500,OPTSTK,NFO,5.000000,25001,False
93744,MAZDOCK29SEP262150PE,MAZDOCK,29SEP2026,215000.000000,225,OPTSTK,NFO,5.000000,9001,False
93747,MAZDOCK29SEP262350CE,MAZDOCK,29SEP2026,235000.000000,225,OPTSTK,NFO,5.000000,9001,False
93787,MAZDOCK29SEP262550CE,MAZDOCK,29SEP2026,255000.000000,225,OPTSTK,NFO,5.000000,9001,False
63454,FINNIFTY23NOV2627400PE,FINNIFTY,23NOV2026,2740000.000000,60,OPTIDX,NFO,5.000000,1801,False
63456,FINNIFTY23NOV2627500PE,FINNIFTY,23NOV2026,2750000.000000,60,OPTIDX,NFO,5.000000,1801,False
63463,FINNIFTY23NOV2627900CE,FINNIFTY,23NOV2026,2790000.000000,60,OPTIDX,NFO,5.000000,1801,False
63468,FINNIFTY23NOV2628100PE,FINNIFTY,23NOV2026,2810000.000000,60,OPTIDX,NFO,5.000000,1801,False
63495,FINNIFTY23NOV2629500CE,FINNIFTY,23NOV2026,2950000.000000,60,OPTIDX,NFO,5.000000,1801,False
63496,FINNIFTY23NOV2629500PE,FINNIFTY,23NOV2026,2950000.000000,60,OPTIDX,NFO,5.000000,1801,False
63628,MIDCPNIFTY23NOV2612900PE,MIDCPNIFTY,23NOV2026,1290000.000000,120,OPTIDX,NFO,5.000000,2801,False
63637,MIDCPNIFTY23NOV2613025CE,MIDCPNIFTY,23NOV2026,1302500.000000,120,OPTIDX,NFO,5.000000,2801,False
93802,BRITANNIA29SEP264500CE,BRITANNIA,29SEP2026,450000.000000,125,OPTSTK,NFO,5.000000,5001,False
93806,MAZDOCK29SEP262550PE,MAZDOCK,29SEP2026,255000.000000,225,OPTSTK,NFO,5.000000,9001,False
93818,GODREJCP27OCT26890PE,GODREJCP,27OCT2026,89000.000000,500,OPTSTK,NFO,5.000000,25001,False
93858,MAZDOCK27OCT262800CE,MAZDOCK,27OCT2026,280000.000000,225,OPTSTK,NFO,5.000000,9001,False
63638,MIDCPNIFTY23NOV2613025PE,MIDCPNIFTY,23NOV2026,1302500.000000,120,OPTIDX,NFO,5.000000,2801,False
63652,MIDCPNIFTY23NOV2613200PE,MIDCPNIFTY,23NOV2026,1320000.000000,120,OPTIDX,NFO,5.000000,2801,False
63661,MIDCPNIFTY23NOV2613325CE,MIDCPNIFTY,23NOV2026,1332500.000000,120,OPTIDX,NFO,5.000000,2801,False
63666,MIDCPNIFTY23NOV2613375PE,MIDCPNIFTY,23NOV2026,1337500.000000,120,OPTIDX,NFO,5.000000,2801,False
93894,MCX29SEP262750PE,MCX,29SEP2026,275000.000000,225,OPTSTK,NFO,5.000000,6751,False
93895,MCX29SEP262850CE,MCX,29SEP2026,285000.000000,225,OPTSTK,NFO,5.000000,6751,False
93898,MCX29SEP262950PE,MCX,29SEP2026,295000.000000,225,OPTSTK,NFO,5.000000,6751,False
93906,BRITANNIA29SEP264700PE,BRITANNIA,29SEP2026,470000.000000,125,OPTSTK,NFO,5.000000,5001,False
93909,BRITANNIA29SEP264800PE,BRITANNIA,29SEP2026,480000.000000,125,OPTSTK,NFO,5.000000,5001,False
93912,MCX29SEP263250PE,MCX,29SEP2026,325000.000000,225,OPTSTK,NFO,5.000000,6751,False
93918,BRITANNIA29SEP265000CE,BRITANNIA,29SEP2026,500000.000000,125,OPTSTK,NFO,5.000000,5001,False
93926,BRITANNIA29SEP265100CE,BRITANNIA,29SEP2026,510000.000000,125,OPTSTK,NFO,5.000000,5001,False
63667,MIDCPNIFTY23NOV2613400CE,MIDCPNIFTY,23NOV2026,1340000.000000,120,OPTIDX,NFO,5.000000,2801,False
63668,MIDCPNIFTY23NOV2613400PE,MIDCPNIFTY,23NOV2026,1340000.000000,120,OPTIDX,NFO,5.000000,2801,False
63669,MIDCPNIFTY23NOV2613425CE,MIDCPNIFTY,23NOV2026,1342500.000000,120,OPTIDX,NFO,5.000000,2801,False
63676,MIDCPNIFTY23NOV2613500PE,MIDCPNIFTY,23NOV2026,1350000.000000,120,OPTIDX,NFO,5.000000,2801,False
63701,MIDCPNIFTY23NOV2613825CE,MIDCPNIFTY,23NOV2026,1382500.000000,120,OPTIDX,NFO,5.000000,2801,False
63704,MIDCPNIFTY23NOV2613850PE,MIDCPNIFTY,23NOV2026,1385000.000000,120,OPTIDX,NFO,5.000000,2801,False
63727,MIDCPNIFTY23NOV2614075CE,MIDCPNIFTY,23NOV2026,1407500.000000,120,OPTIDX,NFO,5.000000,2801,False
63733,MIDCPNIFTY23NOV2614125CE,MIDCPNIFTY,23NOV2026,1412500.000000,120,OPTIDX,NFO,5.000000,2801,False
93931,GODREJCP27OCT26930CE,GODREJCP,27OCT2026,93000.000000,500,OPTSTK,NFO,5.000000,25001,False
93943,GODREJCP27OCT26970PE,GODREJCP,27OCT2026,97000.000000,500,OPTSTK,NFO,5.000000,25001,False
93959,GODREJCP27OCT261010PE,GODREJCP,27OCT2026,101000.000000,500,OPTSTK,NFO,5.000000,25001,False
94028,GODREJCP23NOV26900PE,GODREJCP,23NOV2026,90000.000000,500,OPTSTK,NFO,5.000000,25001,False
63783,MIDCPNIFTY23NOV2614600CE,MIDCPNIFTY,23NOV2026,1460000.000000,120,OPTIDX,NFO,5.000000,2801,False
63789,MIDCPNIFTY23NOV2614650CE,MIDCPNIFTY,23NOV2026,1465000.000000,120,OPTIDX,NFO,5.000000,2801,False
63795,MIDCPNIFTY23NOV2614700CE,MIDCPNIFTY,23NOV2026,1470000.000000,120,OPTIDX,NFO,5.000000,2801,False
63796,MIDCPNIFTY23NOV2614700PE,MIDCPNIFTY,23NOV2026,1470000.000000,120,OPTIDX,NFO,5.000000,2801,False
94029,BRITANNIA29SEP265700PE,BRITANNIA,29SEP2026,570000.000000,125,OPTSTK,NFO,5.000000,5001,False
94102,MCX27OCT262600PE,MCX,27OCT2026,260000.000000,225,OPTSTK,NFO,5.000000,6751,False
94133,GODREJPROP27OCT261660PE,GODREJPROP,27OCT2026,166000.000000,325,OPTSTK,NFO,5.000000,13001,False
94143,BSE29SEP262600PE,BSE,29SEP2026,260000.000000,200,OPTSTK,NFO,5.000000,6001,False
108015,JIOFIN23NOV26240CE,JIOFIN,23NOV2026,24000.000000,2350,OPTSTK,NFO,1.000000,94001,False
108045,SBILIFE27OCT261400PE,SBILIFE,27OCT2026,140000.000000,375,OPTSTK,NFO,5.000000,15001,False
108046,SBILIFE27OCT261440CE,SBILIFE,27OCT2026,144000.000000,375,OPTSTK,NFO,5.000000,15001,False
108048,SBILIFE27OCT261480CE,SBILIFE,27OCT2026,148000.000000,375,OPTSTK,NFO,5.000000,15001,False
63802,MIDCPNIFTY23NOV2614775PE,MIDCPNIFTY,23NOV2026,1477500.000000,120,OPTIDX,NFO,5.000000,2801,False
63826,MIDCPNIFTY23NOV2615050PE,MIDCPNIFTY,23NOV2026,1505000.000000,120,OPTIDX,NFO,5.000000,2801,False
63832,MIDCPNIFTY23NOV2615100PE,MIDCPNIFTY,23NOV2026,1510000.000000,120,OPTIDX,NFO,5.000000,2801,False
63839,MIDCPNIFTY23NOV2615200CE,MIDCPNIFTY,23NOV2026,1520000.000000,120,OPTIDX,NFO,5.000000,2801,False
94147,MCX27OCT263000PE,MCX,27OCT2026,300000.000000,225,OPTSTK,NFO,5.000000,6751,False
94161,MCX27OCT263800PE,MCX,27OCT2026,380000.000000,225,OPTSTK,NFO,5.000000,6751,False
94173,BSE29SEP263200CE,BSE,29SEP2026,320000.000000,200,OPTSTK,NFO,5.000000,6001,False
94182,BSE29SEP264000PE,BSE,29SEP2026,400000.000000,200,OPTSTK,NFO,5.000000,6001,False
108050,SBILIFE27OCT261520CE,SBILIFE,27OCT2026,152000.000000,375,OPTSTK,NFO,5.000000,15001,False
108064,SBILIFE27OCT261680CE,SBILIFE,27OCT2026,168000.000000,375,OPTSTK,NFO,5.000000,15001,False
108069,HAVELLS29SEP261040PE,HAVELLS,29SEP2026,104000.000000,500,OPTSTK,NFO,5.000000,20001,False
108079,SBILIFE27OCT261760CE,SBILIFE,27OCT2026,176000.000000,375,OPTSTK,NFO,5.000000,15001,False
94203,GODREJPROP27OCT261820CE,GODREJPROP,27OCT2026,182000.000000,325,OPTSTK,NFO,5.000000,13001,False
94237,MFSL29SEP261340PE,MFSL,29SEP2026,134000.000000,400,OPTSTK,NFO,5.000000,16001,False
94242,MFSL29SEP261460CE,MFSL,29SEP2026,146000.000000,400,OPTSTK,NFO,5.000000,16001,False
94254,MFSL29SEP261580PE,MFSL,29SEP2026,158000.000000,400,OPTSTK,NFO,5.000000,16001,False
63845,MIDCPNIFTY23NOV2615275CE,MIDCPNIFTY,23NOV2026,1527500.000000,120,OPTIDX,NFO,5.000000,2801,False
63858,MIDCPNIFTY23NOV2615425PE,MIDCPNIFTY,23NOV2026,1542500.000000,120,OPTIDX,NFO,5.000000,2801,False
63859,MIDCPNIFTY23NOV2615450CE,MIDCPNIFTY,23NOV2026,1545000.000000,120,OPTIDX,NFO,5.000000,2801,False
63861,MIDCPNIFTY23NOV2615475CE,MIDCPNIFTY,23NOV2026,1547500.000000,120,OPTIDX,NFO,5.000000,2801,False
108097,HAVELLS29SEP261240PE,HAVELLS,29SEP2026,124000.000000,500,OPTSTK,NFO,5.000000,20001,False
108101,HAVELLS29SEP261320CE,HAVELLS,29SEP2026,132000.000000,500,OPTSTK,NFO,5.000000,20001,False
108105,HAVELLS29SEP261360PE,HAVELLS,29SEP2026,136000.000000,500,OPTSTK,NFO,5.000000,20001,False
108111,JIOFIN23NOV26280PE,JIOFIN,23NOV2026,28000.000000,2350,OPTSTK,NFO,1.000000,94001,False
63862,MIDCPNIFTY23NOV2615475PE,MIDCPNIFTY,23NOV2026,1547500.000000,120,OPTIDX,NFO,5.000000,2801,False
63945,MIDCPNIFTY23NOV2616500CE,MIDCPNIFTY,23NOV2026,1650000.000000,120,OPTIDX,NFO,5.000000,2801,False
94255,MFSL29SEP261620CE,MFSL,29SEP2026,162000.000000,400,OPTSTK,NFO,5.000000,16001,False
94306,GODREJPROP27OCT262020CE,GODREJPROP,27OCT2026,202000.000000,325,OPTSTK,NFO,5.000000,13001,False
94318,GODREJPROP27OCT262220PE,GODREJPROP,27OCT2026,222000.000000,325,OPTSTK,NFO,5.000000,13001,False
94364,GODREJPROP23NOV261600CE,GODREJPROP,23NOV2026,160000.000000,325,OPTSTK,NFO,5.000000,13001,False
63875,MIDCPNIFTY23NOV2615650CE,MIDCPNIFTY,23NOV2026,1565000.000000,120,OPTIDX,NFO,5.000000,2801,False
63881,MIDCPNIFTY23NOV2615725CE,MIDCPNIFTY,23NOV2026,1572500.000000,120,OPTIDX,NFO,5.000000,2801,False
108258,SBIN29SEP261030PE,SBIN,29SEP2026,103000.000000,750,OPTSTK,NFO,5.000000,22501,False
108305,JSWENERGY27OCT26470PE,JSWENERGY,27OCT2026,47000.000000,1075,OPTSTK,NFO,5.000000,43001,False
108348,JSWENERGY27OCT26570CE,JSWENERGY,27OCT2026,57000.000000,1075,OPTSTK,NFO,5.000000,43001,False
108388,SBIN27OCT26860CE,SBIN,27OCT2026,86000.000000,750,OPTSTK,NFO,5.000000,22501,False
64222,NIFTY23NOV2621750CE,NIFTY,23NOV2026,2175000.000000,65,OPTIDX,NFO,5.000000,1801,False
64358,NIFTY23NOV2623300PE,NIFTY,23NOV2026,2330000.000000,65,OPTIDX,NFO,5.000000,1801,False
94371,GODREJPROP23NOV261680PE,GODREJPROP,23NOV2026,168000.000000,325,OPTSTK,NFO,5.000000,13001,False
94464,CAMS29SEP26720PE,CAMS,29SEP2026,72000.000000,825,OPTSTK,NFO,5.000000,33001,False
94480,MFSL27OCT261600CE,MFSL,27OCT2026,160000.000000,400,OPTSTK,NFO,5.000000,16001,False
94489,MFSL27OCT261720PE,MFSL,27OCT2026,172000.000000,400,OPTSTK,NFO,5.000000,16001,False
64304,NIFTY23NOV2622800CE,NIFTY,23NOV2026,2280000.000000,65,OPTIDX,NFO,5.000000,1801,False
64327,NIFTY23NOV2622950CE,NIFTY,23NOV2026,2295000.000000,65,OPTIDX,NFO,5.000000,1801,False
108408,JSWENERGY23NOV26460CE,JSWENERGY,23NOV2026,46000.000000,1075,OPTSTK,NFO,5.000000,43001,False
108426,JSWENERGY23NOV26640CE,JSWENERGY,23NOV2026,64000.000000,1075,OPTSTK,NFO,5.000000,43001,False
108471,JSWSTEEL27OCT261340CE,JSWSTEEL,27OCT2026,134000.000000,675,OPTSTK,NFO,5.000000,20251,False
108501,HCLTECH29SEP261080CE,HCLTECH,29SEP2026,108000.000000,400,OPTSTK,NFO,5.000000,20001,False
64361,NIFTY23NOV2623400CE,NIFTY,23NOV2026,2340000.000000,65,OPTIDX,NFO,5.000000,1801,False
64375,NIFTY23NOV2623550CE,NIFTY,23NOV2026,2355000.000000,65,OPTIDX,NFO,5.000000,1801,False
64390,NIFTY23NOV2623850PE,NIFTY,23NOV2026,2385000.000000,65,OPTIDX,NFO,5.000000,1801,False
64403,NIFTY23NOV2624150CE,NIFTY,23NOV2026,2415000.000000,65,OPTIDX,NFO,5.000000,1801,False
94492,GODREJPROP23NOV261880PE,GODREJPROP,23NOV2026,188000.000000,325,OPTSTK,NFO,5.000000,13001,False
94499,CAMS29SEP26840PE,CAMS,29SEP2026,84000.000000,825,OPTSTK,NFO,5.000000,33001,False
94569,MOTHERSON29SEP26147.5CE,MOTHERSON,29SEP2026,14750.000000,6150,OPTSTK,NFO,1.000000,184501,False
94575,MOTHERSON29SEP26162.5CE,MOTHERSON,29SEP2026,16250.000000,6150,OPTSTK,NFO,1.000000,184501,False
108502,HCLTECH29SEP261080PE,HCLTECH,29SEP2026,108000.000000,400,OPTSTK,NFO,5.000000,20001,False
108511,HCLTECH29SEP261160CE,HCLTECH,29SEP2026,116000.000000,400,OPTSTK,NFO,5.000000,20001,False
108526,HCLTECH29SEP261280PE,HCLTECH,29SEP2026,128000.000000,400,OPTSTK,NFO,5.000000,20001,False
108545,HCLTECH29SEP261340PE,HCLTECH,29SEP2026,134000.000000,400,OPTSTK,NFO,5.000000,20001,False
64407,NIFTY23NOV2624250CE,NIFTY,23NOV2026,2425000.000000,65,OPTIDX,NFO,5.000000,1801,False
64409,NIFTY23NOV2624300CE,NIFTY,23NOV2026,2430000.000000,65,OPTIDX,NFO,5.000000,1801,False
64413,NIFTY23NOV2624400CE,NIFTY,23NOV2026,2440000.000000,65,OPTIDX,NFO,5.000000,1801,False
64439,NIFTY23NOV2625000CE,NIFTY,23NOV2026,2500000.000000,65,OPTIDX,NFO,5.000000,1801,False
94590,GODREJPROP23NOV262000CE,GODREJPROP,23NOV2026,200000.000000,325,OPTSTK,NFO,5.000000,13001,False
94667,GODREJPROP23NOV262200CE,GODREJPROP,23NOV2026,220000.000000,325,OPTSTK,NFO,5.000000,13001,False
94770,MOTILALOFS29SEP261060PE,MOTILALOFS,29SEP2026,106000.000000,775,OPTSTK,NFO,5.000000,23251,False
94773,MOTILALOFS29SEP261140CE,MOTILALOFS,29SEP2026,114000.000000,775,OPTSTK,NFO,5.000000,23251,False
108550,HCLTECH29SEP261400CE,HCLTECH,29SEP2026,140000.000000,400,OPTSTK,NFO,5.000000,20001,False
108554,HCLTECH29SEP261440CE,HCLTECH,29SEP2026,144000.000000,400,OPTSTK,NFO,5.000000,20001,False
108589,JSWSTEEL23NOV261320PE,JSWSTEEL,23NOV2026,132000.000000,675,OPTSTK,NFO,5.000000,20251,False
108623,SBIN27OCT261160CE,SBIN,27OCT2026,116000.000000,750,OPTSTK,NFO,5.000000,22501,False
94794,GRASIM27OCT263060CE,GRASIM,27OCT2026,306000.000000,250,OPTSTK,NFO,5.000000,7501,False
94806,GRASIM27OCT263180CE,GRASIM,27OCT2026,318000.000000,250,OPTSTK,NFO,5.000000,7501,False
94818,GRASIM27OCT263420CE,GRASIM,27OCT2026,342000.000000,250,OPTSTK,NFO,5.000000,7501,False
94835,MOTILALOFS27OCT26880PE,MOTILALOFS,27OCT2026,88000.000000,775,OPTSTK,NFO,5.000000,23251,False
64458,NIFTY23NOV2625350CE,NIFTY,23NOV2026,2535000.000000,65,OPTIDX,NFO,5.000000,1801,False
64462,NIFTY23NOV2625400CE,NIFTY,23NOV2026,2540000.000000,65,OPTIDX,NFO,5.000000,1801,False
64474,NIFTY23NOV2625500PE,NIFTY,23NOV2026,2550000.000000,65,OPTIDX,NFO,5.000000,1801,False
64493,NIFTY23NOV2625900CE,NIFTY,23NOV2026,2590000.000000,65,OPTIDX,NFO,5.000000,1801,False
108657,SHREECEM29SEP2620750CE,SHREECEM,29SEP2026,2075000.000000,25,OPTSTK,NFO,5.000000,1001,False
108666,SHREECEM29SEP2622250CE,SHREECEM,29SEP2026,2225000.000000,25,OPTSTK,NFO,5.000000,1001,False
108669,SHREECEM29SEP2622750PE,SHREECEM,29SEP2026,2275000.000000,25,OPTSTK,NFO,5.000000,1001,False
108743,SHREECEM27OCT2621000PE,SHREECEM,27OCT2026,2100000.000000,25,OPTSTK,NFO,5.000000,1001,False
94893,MPHASIS29SEP262050CE,MPHASIS,29SEP2026,205000.000000,275,OPTSTK,NFO,5.000000,11001,False
94920,MPHASIS29SEP262550PE,MPHASIS,29SEP2026,255000.000000,275,OPTSTK,NFO,5.000000,11001,False
94909,MPHASIS29SEP262150CE,MPHASIS,29SEP2026,215000.000000,275,OPTSTK,NFO,5.000000,11001,False
94912,MPHASIS29SEP262250PE,MPHASIS,29SEP2026,225000.000000,275,OPTSTK,NFO,5.000000,11001,False
64499,NIFTY23NOV2626050CE,NIFTY,23NOV2026,2605000.000000,65,OPTIDX,NFO,5.000000,1801,False
64500,NIFTY23NOV2626050PE,NIFTY,23NOV2026,2605000.000000,65,OPTIDX,NFO,5.000000,1801,False
64833,NIFTYFPI23NOV261490CE,NIFTYFPI,23NOV2026,149000.000000,1100,OPTIDX,NFO,5.000000,8501,False
64845,NIFTYFPI23NOV261520CE,NIFTYFPI,23NOV2026,152000.000000,1100,OPTIDX,NFO,5.000000,8501,False
94924,MPHASIS29SEP262650PE,MPHASIS,29SEP2026,265000.000000,275,OPTSTK,NFO,5.000000,11001,False
94926,MPHASIS29SEP262750PE,MPHASIS,29SEP2026,275000.000000,275,OPTSTK,NFO,5.000000,11001,False
95030,MPHASIS27OCT262600PE,MPHASIS,27OCT2026,260000.000000,275,OPTSTK,NFO,5.000000,11001,False
95047,GRASIM23NOV262800PE,GRASIM,23NOV2026,280000.000000,250,OPTSTK,NFO,5.000000,7501,False
108744,SHREECEM27OCT2621500CE,SHREECEM,27OCT2026,2150000.000000,25,OPTSTK,NFO,5.000000,1001,False
108747,SHREECEM27OCT2622000PE,SHREECEM,27OCT2026,2200000.000000,25,OPTSTK,NFO,5.000000,1001,False
108769,SHREECEM27OCT2624000PE,SHREECEM,27OCT2026,2400000.000000,25,OPTSTK,NFO,5.000000,1001,False
108844,JUBLFOOD27OCT26465PE,JUBLFOOD,27OCT2026,46500.000000,1250,OPTSTK,NFO,5.000000,50001,False
64851,NIFTYFPI23NOV261535CE,NIFTYFPI,23NOV2026,153500.000000,1100,OPTIDX,NFO,5.000000,8501,False
64876,NIFTYFPI23NOV261590CE,NIFTYFPI,23NOV2026,159000.000000,1100,OPTIDX,NFO,5.000000,8501,False
64895,NIFTYFPI23NOV261615PE,NIFTYFPI,23NOV2026,161500.000000,1100,OPTIDX,NFO,5.000000,8501,False
64910,NIFTYFPI23NOV261650CE,NIFTYFPI,23NOV2026,165000.000000,1100,OPTIDX,NFO,5.000000,8501,False
95054,GRASIM23NOV262880CE,GRASIM,23NOV2026,288000.000000,250,OPTSTK,NFO,5.000000,7501,False
95055,GRASIM23NOV262880PE,GRASIM,23NOV2026,288000.000000,250,OPTSTK,NFO,5.000000,7501,False
95104,MUTHOOTFIN29SEP263150PE,MUTHOOTFIN,29SEP2026,315000.000000,275,OPTSTK,NFO,5.000000,8251,False
95109,MUTHOOTFIN29SEP263450CE,MUTHOOTFIN,29SEP2026,345000.000000,275,OPTSTK,NFO,5.000000,8251,False
108845,JUBLFOOD27OCT26475CE,JUBLFOOD,27OCT2026,47500.000000,1250,OPTSTK,NFO,5.000000,50001,False
108855,JUBLFOOD27OCT26495PE,JUBLFOOD,27OCT2026,49500.000000,1250,OPTSTK,NFO,5.000000,50001,False
108858,JUBLFOOD27OCT26515CE,JUBLFOOD,27OCT2026,51500.000000,1250,OPTSTK,NFO,5.000000,50001,False
108877,HDFCAMC29SEP262300CE,HDFCAMC,29SEP2026,230000.000000,300,OPTSTK,NFO,5.000000,9001,False
95129,GRASIM23NOV263040CE,GRASIM,23NOV2026,304000.000000,250,OPTSTK,NFO,5.000000,7501,False
95137,GRASIM23NOV263200CE,GRASIM,23NOV2026,320000.000000,250,OPTSTK,NFO,5.000000,7501,False
95140,GRASIM23NOV263240PE,GRASIM,23NOV2026,324000.000000,250,OPTSTK,NFO,5.000000,7501,False
95152,GRASIM23NOV263480PE,GRASIM,23NOV2026,348000.000000,250,OPTSTK,NFO,5.000000,7501,False
64917,NIFTYFPI23NOV261655PE,NIFTYFPI,23NOV2026,165500.000000,1100,OPTIDX,NFO,5.000000,8501,False
64987,NIFTYFPI23NOV261780PE,NIFTYFPI,23NOV2026,178000.000000,1100,OPTIDX,NFO,5.000000,8501,False
64994,NIFTYFPI23NOV261800CE,NIFTYFPI,23NOV2026,180000.000000,1100,OPTIDX,NFO,5.000000,8501,False
64997,NIFTYFPI23NOV261800PE,NIFTYFPI,23NOV2026,180000.000000,1100,OPTIDX,NFO,5.000000,8501,False
108879,HDFCAMC29SEP262400CE,HDFCAMC,29SEP2026,240000.000000,300,OPTSTK,NFO,5.000000,9001,False
108882,HDFCAMC29SEP262500PE,HDFCAMC,29SEP2026,250000.000000,300,OPTSTK,NFO,5.000000,9001,False
108885,HDFCAMC29SEP262700CE,HDFCAMC,29SEP2026,270000.000000,300,OPTSTK,NFO,5.000000,9001,False
108897,HDFCAMC29SEP263100CE,HDFCAMC,29SEP2026,310000.000000,300,OPTSTK,NFO,5.000000,9001,False
95155,GRASIM23NOV263560CE,GRASIM,23NOV2026,356000.000000,250,OPTSTK,NFO,5.000000,7501,False
95157,GRASIM23NOV263600CE,GRASIM,23NOV2026,360000.000000,250,OPTSTK,NFO,5.000000,7501,False
95196,CANBK29SEP26135PE,CANBK,29SEP2026,13500.000000,6750,OPTSTK,NFO,1.000000,202501,False
95199,CANBK29SEP26145CE,CANBK,29SEP2026,14500.000000,6750,OPTSTK,NFO,1.000000,202501,False
108904,JUBLFOOD27OCT26535PE,JUBLFOOD,27OCT2026,53500.000000,1250,OPTSTK,NFO,5.000000,50001,False
109012,JUBLFOOD23NOV26430CE,JUBLFOOD,23NOV2026,43000.000000,1250,OPTSTK,NFO,5.000000,50001,False
109033,JUBLFOOD23NOV26530CE,JUBLFOOD,23NOV2026,53000.000000,1250,OPTSTK,NFO,5.000000,50001,False
109062,SHRIRAMFIN29SEP261020CE,SHRIRAMFIN,29SEP2026,102000.000000,825,OPTSTK,NFO,5.000000,24751,False
95271,MUTHOOTFIN27OCT263100CE,MUTHOOTFIN,27OCT2026,310000.000000,275,OPTSTK,NFO,5.000000,8251,False
95299,GVT&D27OCT263700PE,GVT&D,27OCT2026,370000.000000,125,OPTSTK,NFO,5.000000,5001,False
95349,NAM-INDIA29SEP261060CE,NAM-INDIA,29SEP2026,106000.000000,625,OPTSTK,NFO,5.000000,18751,False
95353,NAM-INDIA29SEP261140CE,NAM-INDIA,29SEP2026,114000.000000,625,OPTSTK,NFO,5.000000,18751,False
65177,CIPLA27OCT261160PE,CIPLA,27OCT2026,116000.000000,425,OPTSTK,NFO,5.000000,17001,False
65277,CIPLA27OCT261440PE,CIPLA,27OCT2026,144000.000000,425,OPTSTK,NFO,5.000000,17001,False
65285,CIPLA27OCT261480PE,CIPLA,27OCT2026,148000.000000,425,OPTSTK,NFO,5.000000,17001,False
65293,CIPLA27OCT261560PE,CIPLA,27OCT2026,156000.000000,425,OPTSTK,NFO,5.000000,17001,False
109066,SHRIRAMFIN29SEP261100CE,SHRIRAMFIN,29SEP2026,110000.000000,825,OPTSTK,NFO,5.000000,24751,False
109075,SHRIRAMFIN29SEP261180CE,SHRIRAMFIN,29SEP2026,118000.000000,825,OPTSTK,NFO,5.000000,24751,False
109085,HDFCBANK29SEP26660PE,HDFCBANK,29SEP2026,66000.000000,650,OPTSTK,NFO,5.000000,32501,False
109099,HDFCBANK29SEP26760PE,HDFCBANK,29SEP2026,76000.000000,650,OPTSTK,NFO,5.000000,32501,False
65298,CIPLA27OCT261620CE,CIPLA,27OCT2026,162000.000000,425,OPTSTK,NFO,5.000000,17001,False
65380,NIFTYNXT5023NOV2664500CE,NIFTYNXT50,23NOV2026,6450000.000000,25,OPTIDX,NFO,5.000000,601,False
65411,NIFTYNXT5023NOV2664600PE,NIFTYNXT50,23NOV2026,6460000.000000,25,OPTIDX,NFO,5.000000,601,False
65416,NIFTYNXT5023NOV2664900CE,NIFTYNXT50,23NOV2026,6490000.000000,25,OPTIDX,NFO,5.000000,601,False
95452,NAM-INDIA27OCT261120PE,NAM-INDIA,27OCT2026,112000.000000,625,OPTSTK,NFO,5.000000,18751,False
95495,NAM-INDIA27OCT261320CE,NAM-INDIA,27OCT2026,132000.000000,625,OPTSTK,NFO,5.000000,18751,False
95510,GVT&D23NOV263600CE,GVT&D,23NOV2026,360000.000000,125,OPTSTK,NFO,5.000000,5001,False
95517,NAM-INDIA27OCT261400CE,NAM-INDIA,27OCT2026,140000.000000,625,OPTSTK,NFO,5.000000,18751,False
109111,HDFCBANK29SEP26880PE,HDFCBANK,29SEP2026,88000.000000,650,OPTSTK,NFO,5.000000,32501,False
109177,SHRIRAMFIN27OCT26960CE,SHRIRAMFIN,27OCT2026,96000.000000,825,OPTSTK,NFO,5.000000,24751,False
109262,SIEMENS29SEP263750PE,SIEMENS,29SEP2026,375000.000000,175,OPTSTK,NFO,5.000000,7001,False
109263,SIEMENS29SEP263850CE,SIEMENS,29SEP2026,385000.000000,175,OPTSTK,NFO,5.000000,7001,False
65417,NIFTYNXT5023NOV2664900PE,NIFTYNXT50,23NOV2026,6490000.000000,25,OPTIDX,NFO,5.000000,601,False
65424,NIFTYNXT5023NOV2665300CE,NIFTYNXT50,23NOV2026,6530000.000000,25,OPTIDX,NFO,5.000000,601,False
65430,NIFTYNXT5023NOV2665600CE,NIFTYNXT50,23NOV2026,6560000.000000,25,OPTIDX,NFO,5.000000,601,False
65440,NIFTYNXT5023NOV2666100CE,NIFTYNXT50,23NOV2026,6610000.000000,25,OPTIDX,NFO,5.000000,601,False
95525,GVT&D23NOV264400CE,GVT&D,23NOV2026,440000.000000,125,OPTSTK,NFO,5.000000,5001,False
95536,CDSL29SEP261120PE,CDSL,29SEP2026,112000.000000,475,OPTSTK,NFO,5.000000,19001,False
95545,CDSL29SEP261280CE,CDSL,29SEP2026,128000.000000,475,OPTSTK,NFO,5.000000,19001,False
95548,CDSL29SEP261320CE,CDSL,29SEP2026,132000.000000,475,OPTSTK,NFO,5.000000,19001,False
109280,SIEMENS29SEP264150PE,SIEMENS,29SEP2026,415000.000000,175,OPTSTK,NFO,5.000000,7001,False
109283,SIEMENS29SEP264350CE,SIEMENS,29SEP2026,435000.000000,175,OPTSTK,NFO,5.000000,7001,False
109331,KALYANKJIL27OCT26510PE,KALYANKJIL,27OCT2026,51000.000000,1350,OPTSTK,NFO,5.000000,40501,False
109364,KALYANKJIL23NOV26480CE,KALYANKJIL,23NOV2026,48000.000000,1350,OPTSTK,NFO,5.000000,40501,False
65443,NIFTYNXT5023NOV2666200PE,NIFTYNXT50,23NOV2026,6620000.000000,25,OPTIDX,NFO,5.000000,601,False
65446,NIFTYNXT5023NOV2666400CE,NIFTYNXT50,23NOV2026,6640000.000000,25,OPTIDX,NFO,5.000000,601,False
65447,NIFTYNXT5023NOV2666400PE,NIFTYNXT50,23NOV2026,6640000.000000,25,OPTIDX,NFO,5.000000,601,False
65448,NIFTYNXT5023NOV2666500CE,NIFTYNXT50,23NOV2026,6650000.000000,25,OPTIDX,NFO,5.000000,601,False
95559,GVT&D23NOV265600CE,GVT&D,23NOV2026,560000.000000,125,OPTSTK,NFO,5.000000,5001,False
95623,HAL27OCT264750PE,HAL,27OCT2026,475000.000000,150,OPTSTK,NFO,5.000000,4501,False
95749,HAL23NOV264400CE,HAL,23NOV2026,440000.000000,150,OPTSTK,NFO,5.000000,4501,False
95762,CGPOWER29SEP26760PE,CGPOWER,29SEP2026,76000.000000,850,OPTSTK,NFO,5.000000,25501,False
65472,NIFTYNXT5023NOV2667100CE,NIFTYNXT50,23NOV2026,6710000.000000,25,OPTIDX,NFO,5.000000,601,False
65481,NIFTYNXT5023NOV2667500PE,NIFTYNXT50,23NOV2026,6750000.000000,25,OPTIDX,NFO,5.000000,601,False
65491,NIFTYNXT5023NOV2668000PE,NIFTYNXT50,23NOV2026,6800000.000000,25,OPTIDX,NFO,5.000000,601,False
65493,NIFTYNXT5023NOV2668100PE,NIFTYNXT50,23NOV2026,6810000.000000,25,OPTIDX,NFO,5.000000,601,False
95772,HAL23NOV265100CE,HAL,23NOV2026,510000.000000,150,OPTSTK,NFO,5.000000,4501,False
95776,HAL23NOV265200CE,HAL,23NOV2026,520000.000000,150,OPTSTK,NFO,5.000000,4501,False
95804,NATIONALUM29SEP26410PE,NATIONALUM,29SEP2026,41000.000000,1875,OPTSTK,NFO,5.000000,56251,False
95807,NATIONALUM29SEP26450CE,NATIONALUM,29SEP2026,45000.000000,1875,OPTSTK,NFO,5.000000,56251,False
109366,KALYANKJIL23NOV26500CE,KALYANKJIL,23NOV2026,50000.000000,1350,OPTSTK,NFO,5.000000,40501,False
109369,KALYANKJIL23NOV26500PE,KALYANKJIL,23NOV2026,50000.000000,1350,OPTSTK,NFO,5.000000,40501,False
109432,SIEMENS27OCT263500PE,SIEMENS,27OCT2026,350000.000000,175,OPTSTK,NFO,5.000000,7001,False
109444,SIEMENS27OCT264000CE,SIEMENS,27OCT2026,400000.000000,175,OPTSTK,NFO,5.000000,7001,False
65520,NIFTYNXT5023NOV2668700CE,NIFTYNXT50,23NOV2026,6870000.000000,25,OPTIDX,NFO,5.000000,601,False
65530,NIFTYNXT5023NOV2669200CE,NIFTYNXT50,23NOV2026,6920000.000000,25,OPTIDX,NFO,5.000000,601,False
65535,NIFTYNXT5023NOV2669400PE,NIFTYNXT50,23NOV2026,6940000.000000,25,OPTIDX,NFO,5.000000,601,False
65540,NIFTYNXT5023NOV2669700CE,NIFTYNXT50,23NOV2026,6970000.000000,25,OPTIDX,NFO,5.000000,601,False
95982,HAVELLS27OCT261180CE,HAVELLS,27OCT2026,118000.000000,500,OPTSTK,NFO,5.000000,20001,False
95997,NAUKRI29SEP261140CE,NAUKRI,29SEP2026,114000.000000,550,OPTSTK,NFO,5.000000,16501,False
96013,CHOLAFIN29SEP261920CE,CHOLAFIN,29SEP2026,192000.000000,625,OPTSTK,NFO,5.000000,12501,False
96017,CHOLAFIN29SEP262000CE,CHOLAFIN,29SEP2026,200000.000000,625,OPTSTK,NFO,5.000000,12501,False
109450,SIEMENS27OCT264200CE,SIEMENS,27OCT2026,420000.000000,175,OPTSTK,NFO,5.000000,7001,False
109495,KAYNES27OCT264250PE,KAYNES,27OCT2026,425000.000000,150,OPTSTK,NFO,5.000000,6001,False
109577,HDFCLIFE29SEP26460CE,HDFCLIFE,29SEP2026,46000.000000,1100,OPTSTK,NFO,5.000000,44001,False
109581,HDFCLIFE29SEP26470CE,HDFCLIFE,29SEP2026,47000.000000,1100,OPTSTK,NFO,5.000000,44001,False
96026,CHOLAFIN29SEP262080CE,CHOLAFIN,29SEP2026,208000.000000,625,OPTSTK,NFO,5.000000,12501,False
96027,NAUKRI29SEP261260CE,NAUKRI,29SEP2026,126000.000000,550,OPTSTK,NFO,5.000000,16501,False
96108,HAVELLS23NOV261040CE,HAVELLS,23NOV2026,104000.000000,500,OPTSTK,NFO,5.000000,20001,False
96114,NAUKRI27OCT261240CE,NAUKRI,27OCT2026,124000.000000,550,OPTSTK,NFO,5.000000,16501,False
65547,NIFTYNXT5023NOV2670000PE,NIFTYNXT50,23NOV2026,7000000.000000,25,OPTIDX,NFO,5.000000,601,False
65565,NIFTYNXT5023NOV2670900PE,NIFTYNXT50,23NOV2026,7090000.000000,25,OPTIDX,NFO,5.000000,601,False
65569,NIFTYNXT5023NOV2671100PE,NIFTYNXT50,23NOV2026,7110000.000000,25,OPTIDX,NFO,5.000000,601,False
65672,NIFTYNXT5023NOV2671900CE,NIFTYNXT50,23NOV2026,7190000.000000,25,OPTIDX,NFO,5.000000,601,False
109595,HDFCLIFE29SEP26530CE,HDFCLIFE,29SEP2026,53000.000000,1100,OPTSTK,NFO,5.000000,44001,False
109598,HDFCLIFE29SEP26540PE,HDFCLIFE,29SEP2026,54000.000000,1100,OPTSTK,NFO,5.000000,44001,False
109653,SOLARINDS27OCT2619000PE,SOLARINDS,27OCT2026,1900000.000000,50,OPTSTK,NFO,5.000000,1501,False
109659,SOLARINDS27OCT2620000PE,SOLARINDS,27OCT2026,2000000.000000,50,OPTSTK,NFO,5.000000,1501,False
65687,NIFTYNXT5023NOV2672600PE,NIFTYNXT50,23NOV2026,7260000.000000,25,OPTIDX,NFO,5.000000,601,False
65695,NIFTYNXT5023NOV2673000PE,NIFTYNXT50,23NOV2026,7300000.000000,25,OPTIDX,NFO,5.000000,601,False
65714,NIFTYNXT5023NOV2673500PE,NIFTYNXT50,23NOV2026,7350000.000000,25,OPTIDX,NFO,5.000000,601,False
65738,NIFTYNXT5023NOV2674000CE,NIFTYNXT50,23NOV2026,7400000.000000,25,OPTIDX,NFO,5.000000,601,False
96123,HAVELLS23NOV261280PE,HAVELLS,23NOV2026,128000.000000,500,OPTSTK,NFO,5.000000,20001,False
96129,NAUKRI27OCT261360CE,NAUKRI,27OCT2026,136000.000000,550,OPTSTK,NFO,5.000000,16501,False
96131,NAUKRI27OCT261400CE,NAUKRI,27OCT2026,140000.000000,550,OPTSTK,NFO,5.000000,16501,False
96155,NBCC29SEP2692.5CE,NBCC,29SEP2026,9250.000000,6500,OPTSTK,NFO,1.000000,260001,False
109660,SOLARINDS27OCT2620500CE,SOLARINDS,27OCT2026,2050000.000000,50,OPTSTK,NFO,5.000000,1501,False
109661,SOLARINDS27OCT2620500PE,SOLARINDS,27OCT2026,2050000.000000,50,OPTSTK,NFO,5.000000,1501,False
109666,SOLARINDS27OCT2621500CE,SOLARINDS,27OCT2026,2150000.000000,50,OPTSTK,NFO,5.000000,1501,False
109671,HDFCLIFE29SEP26650PE,HDFCLIFE,29SEP2026,65000.000000,1100,OPTSTK,NFO,5.000000,44001,False
65746,NIFTYNXT5023NOV2674400CE,NIFTYNXT50,23NOV2026,7440000.000000,25,OPTIDX,NFO,5.000000,601,False
65757,NIFTYNXT5023NOV2674800PE,NIFTYNXT50,23NOV2026,7480000.000000,25,OPTIDX,NFO,5.000000,601,False
65762,NIFTYNXT5023NOV2675100CE,NIFTYNXT50,23NOV2026,7510000.000000,25,OPTIDX,NFO,5.000000,601,False
65765,NIFTYNXT5023NOV2675200PE,NIFTYNXT50,23NOV2026,7520000.000000,25,OPTIDX,NFO,5.000000,601,False
96167,HAVELLS23NOV261360CE,HAVELLS,23NOV2026,136000.000000,500,OPTSTK,NFO,5.000000,20001,False
96318,HCLTECH27OCT261250PE,HCLTECH,27OCT2026,125000.000000,400,OPTSTK,NFO,5.000000,20001,False
96343,HCLTECH27OCT261370CE,HCLTECH,27OCT2026,137000.000000,400,OPTSTK,NFO,5.000000,20001,False
96459,NBCC27OCT2670CE,NBCC,27OCT2026,7000.000000,6500,OPTSTK,NFO,1.000000,260001,False
109678,SOLARINDS27OCT2622500PE,SOLARINDS,27OCT2026,2250000.000000,50,OPTSTK,NFO,5.000000,1501,False
109754,SONACOMS29SEP26690CE,SONACOMS,29SEP2026,69000.000000,1225,OPTSTK,NFO,5.000000,36751,False
109765,SONACOMS29SEP26770PE,SONACOMS,29SEP2026,77000.000000,1225,OPTSTK,NFO,5.000000,36751,False
109772,HEROMOTOCO29SEP264800PE,HEROMOTOCO,29SEP2026,480000.000000,150,OPTSTK,NFO,5.000000,4501,False
96468,NBCC27OCT2675PE,NBCC,27OCT2026,7500.000000,6500,OPTSTK,NFO,1.000000,260001,False
96496,NBCC27OCT2695CE,NBCC,27OCT2026,9500.000000,6500,OPTSTK,NFO,1.000000,260001,False
96497,NBCC27OCT2695PE,NBCC,27OCT2026,9500.000000,6500,OPTSTK,NFO,1.000000,260001,False
96570,CIPLA29SEP261280PE,CIPLA,29SEP2026,128000.000000,425,OPTSTK,NFO,5.000000,17001,False
65766,NIFTYNXT5023NOV2675300CE,NIFTYNXT50,23NOV2026,7530000.000000,25,OPTIDX,NFO,5.000000,601,False
65774,NIFTYNXT5023NOV2675400CE,NIFTYNXT50,23NOV2026,7540000.000000,25,OPTIDX,NFO,5.000000,601,False
65783,COALINDIA27OCT26330PE,COALINDIA,27OCT2026,33000.000000,1350,OPTSTK,NFO,5.000000,54001,False
65793,COALINDIA27OCT26380PE,COALINDIA,27OCT2026,38000.000000,1350,OPTSTK,NFO,5.000000,54001,False
109779,HEROMOTOCO29SEP265600CE,HEROMOTOCO,29SEP2026,560000.000000,150,OPTSTK,NFO,5.000000,4501,False
109785,SONACOMS29SEP26830PE,SONACOMS,29SEP2026,83000.000000,1225,OPTSTK,NFO,5.000000,36751,False
109824,SONACOMS27OCT26700PE,SONACOMS,27OCT2026,70000.000000,1225,OPTSTK,NFO,5.000000,36751,False
109837,KAYNES23NOV263200PE,KAYNES,23NOV2026,320000.000000,150,OPTSTK,NFO,5.000000,6001,False
65795,COALINDIA27OCT26390PE,COALINDIA,27OCT2026,39000.000000,1350,OPTSTK,NFO,5.000000,54001,False
65804,COALINDIA27OCT26430CE,COALINDIA,27OCT2026,43000.000000,1350,OPTSTK,NFO,5.000000,54001,False
65819,NIFTYNXT5023NOV2676100PE,NIFTYNXT50,23NOV2026,7610000.000000,25,OPTIDX,NFO,5.000000,601,False
65823,NIFTYNXT5023NOV2676300PE,NIFTYNXT50,23NOV2026,7630000.000000,25,OPTIDX,NFO,5.000000,601,False
96596,NESTLEIND29SEP261470PE,NESTLEIND,29SEP2026,147000.000000,500,OPTSTK,NFO,5.000000,15001,False
96597,NESTLEIND29SEP261490CE,NESTLEIND,29SEP2026,149000.000000,500,OPTSTK,NFO,5.000000,15001,False
96598,NESTLEIND29SEP261490PE,NESTLEIND,29SEP2026,149000.000000,500,OPTSTK,NFO,5.000000,15001,False
96599,NESTLEIND29SEP261510CE,NESTLEIND,29SEP2026,151000.000000,500,OPTSTK,NFO,5.000000,15001,False
109840,KAYNES23NOV263400CE,KAYNES,23NOV2026,340000.000000,150,OPTSTK,NFO,5.000000,6001,False
109865,KAYNES23NOV264200PE,KAYNES,23NOV2026,420000.000000,150,OPTSTK,NFO,5.000000,6001,False
109866,SONACOMS27OCT26800PE,SONACOMS,27OCT2026,80000.000000,1225,OPTSTK,NFO,5.000000,36751,False
109869,SONACOMS27OCT26820CE,SONACOMS,27OCT2026,82000.000000,1225,OPTSTK,NFO,5.000000,36751,False
65839,NIFTYNXT5023NOV2677100PE,NIFTYNXT50,23NOV2026,7710000.000000,25,OPTIDX,NFO,5.000000,601,False
65841,NIFTYNXT5023NOV2677200PE,NIFTYNXT50,23NOV2026,7720000.000000,25,OPTIDX,NFO,5.000000,601,False
65899,NIFTY29SEP2623000PE,NIFTY,29SEP2026,2300000.000000,65,OPTIDX,NFO,5.000000,1801,False
65901,NIFTY29SEP2624000PE,NIFTY,29SEP2026,2400000.000000,65,OPTIDX,NFO,5.000000,1801,False
96604,NESTLEIND29SEP261550PE,NESTLEIND,29SEP2026,155000.000000,500,OPTSTK,NFO,5.000000,15001,False
96650,CIPLA29SEP261400PE,CIPLA,29SEP2026,140000.000000,425,OPTSTK,NFO,5.000000,17001,False
96654,HCLTECH23NOV261080PE,HCLTECH,23NOV2026,108000.000000,400,OPTSTK,NFO,5.000000,20001,False
96668,CIPLA29SEP261500PE,CIPLA,29SEP2026,150000.000000,425,OPTSTK,NFO,5.000000,17001,False
109875,SONACOMS27OCT26880CE,SONACOMS,27OCT2026,88000.000000,1225,OPTSTK,NFO,5.000000,36751,False
109879,SONACOMS27OCT26920CE,SONACOMS,27OCT2026,92000.000000,1225,OPTSTK,NFO,5.000000,36751,False
109926,SRF29SEP262550PE,SRF,29SEP2026,255000.000000,200,OPTSTK,NFO,5.000000,8001,False
109929,SRF29SEP262650CE,SRF,29SEP2026,265000.000000,200,OPTSTK,NFO,5.000000,8001,False
65903,NIFTY29SEP2625000PE,NIFTY,29SEP2026,2500000.000000,65,OPTIDX,NFO,5.000000,1801,False
65928,NIFTYNXT5023NOV2679500CE,NIFTYNXT50,23NOV2026,7950000.000000,25,OPTIDX,NFO,5.000000,601,False
65956,COALINDIA27OCT26480CE,COALINDIA,27OCT2026,48000.000000,1350,OPTSTK,NFO,5.000000,54001,False
65957,COALINDIA27OCT26480PE,COALINDIA,27OCT2026,48000.000000,1350,OPTSTK,NFO,5.000000,54001,False
96684,CIPLA29SEP261580PE,CIPLA,29SEP2026,158000.000000,425,OPTSTK,NFO,5.000000,17001,False
96692,NESTLEIND27OCT261180CE,NESTLEIND,27OCT2026,118000.000000,500,OPTSTK,NFO,5.000000,15001,False
96695,CIPLA29SEP261620CE,CIPLA,29SEP2026,162000.000000,425,OPTSTK,NFO,5.000000,17001,False
96699,NESTLEIND27OCT261200PE,NESTLEIND,27OCT2026,120000.000000,500,OPTSTK,NFO,5.000000,15001,False
66056,NIFTYNXT5023NOV2681000CE,NIFTYNXT50,23NOV2026,8100000.000000,25,OPTIDX,NFO,5.000000,601,False
66069,NIFTYNXT5023NOV2681500PE,NIFTYNXT50,23NOV2026,8150000.000000,25,OPTIDX,NFO,5.000000,601,False
66098,NIFTYNXT5023NOV2683000CE,NIFTYNXT50,23NOV2026,8300000.000000,25,OPTIDX,NFO,5.000000,601,False
66118,NIFTYNXT5023NOV2684000CE,NIFTYNXT50,23NOV2026,8400000.000000,25,OPTIDX,NFO,5.000000,601,False
96700,NESTLEIND27OCT261220CE,NESTLEIND,27OCT2026,122000.000000,500,OPTSTK,NFO,5.000000,15001,False
96720,NESTLEIND27OCT261400PE,NESTLEIND,27OCT2026,140000.000000,500,OPTSTK,NFO,5.000000,15001,False
96736,NESTLEIND27OCT261560PE,NESTLEIND,27OCT2026,156000.000000,500,OPTSTK,NFO,5.000000,15001,False
96741,HCLTECH23NOV261120PE,HCLTECH,23NOV2026,112000.000000,400,OPTSTK,NFO,5.000000,20001,False
109963,KEI27OCT265100CE,KEI,27OCT2026,510000.000000,175,OPTSTK,NFO,5.000000,5251,False
109995,SRF27OCT262300CE,SRF,27OCT2026,230000.000000,200,OPTSTK,NFO,5.000000,8001,False
110001,HEROMOTOCO29SEP266600CE,HEROMOTOCO,29SEP2026,660000.000000,150,OPTSTK,NFO,5.000000,4501,False
110004,SRF27OCT262500PE,SRF,27OCT2026,250000.000000,200,OPTSTK,NFO,5.000000,8001,False
66183,COCHINSHIP29SEP261340PE,COCHINSHIP,29SEP2026,134000.000000,400,OPTSTK,NFO,5.000000,16001,False
66185,COCHINSHIP29SEP261380PE,COCHINSHIP,29SEP2026,138000.000000,400,OPTSTK,NFO,5.000000,16001,False
66210,COCHINSHIP29SEP261580PE,COCHINSHIP,29SEP2026,158000.000000,400,OPTSTK,NFO,5.000000,16001,False
66308,COCHINSHIP27OCT261320PE,COCHINSHIP,27OCT2026,132000.000000,400,OPTSTK,NFO,5.000000,16001,False
96742,HCLTECH23NOV261140CE,HCLTECH,23NOV2026,114000.000000,400,OPTSTK,NFO,5.000000,20001,False
96779,NESTLEIND27OCT261580CE,NESTLEIND,27OCT2026,158000.000000,500,OPTSTK,NFO,5.000000,15001,False
96828,HCLTECH23NOV261260CE,HCLTECH,23NOV2026,126000.000000,400,OPTSTK,NFO,5.000000,20001,False
96831,NESTLEIND27OCT261620CE,NESTLEIND,27OCT2026,162000.000000,500,OPTSTK,NFO,5.000000,15001,False
110011,SRF27OCT262900CE,SRF,27OCT2026,290000.000000,200,OPTSTK,NFO,5.000000,8001,False
110075,KEI23NOV264000PE,KEI,23NOV2026,400000.000000,175,OPTSTK,NFO,5.000000,5251,False
110082,KEI23NOV264600CE,KEI,23NOV2026,460000.000000,175,OPTSTK,NFO,5.000000,5251,False
110100,SUNPHARMA29SEP261740PE,SUNPHARMA,29SEP2026,174000.000000,350,OPTSTK,NFO,5.000000,14001,False
96845,HCLTECH23NOV261300CE,HCLTECH,23NOV2026,130000.000000,400,OPTSTK,NFO,5.000000,20001,False
96877,HCLTECH23NOV261520PE,HCLTECH,23NOV2026,152000.000000,400,OPTSTK,NFO,5.000000,20001,False
96925,COALINDIA29SEP26430CE,COALINDIA,29SEP2026,43000.000000,1350,OPTSTK,NFO,5.000000,54001,False
96930,COALINDIA29SEP26450PE,COALINDIA,29SEP2026,45000.000000,1350,OPTSTK,NFO,5.000000,54001,False
110103,HINDALCO29SEP261000CE,HINDALCO,29SEP2026,100000.000000,700,OPTSTK,NFO,5.000000,21001,False
110115,HINDALCO29SEP261240CE,HINDALCO,29SEP2026,124000.000000,700,OPTSTK,NFO,5.000000,21001,False
110130,KEI23NOV265600PE,KEI,23NOV2026,560000.000000,175,OPTSTK,NFO,5.000000,5251,False
110142,HINDPETRO29SEP26300.75PE,HINDPETRO,29SEP2026,30075.000000,2025,OPTSTK,NFO,5.000000,60751,False
66314,COCHINSHIP27OCT261440PE,COCHINSHIP,27OCT2026,144000.000000,400,OPTSTK,NFO,5.000000,16001,False
66375,360ONE27OCT26980PE,360ONE,27OCT2026,98000.000000,500,OPTSTK,NFO,5.000000,20001,False
66398,COFORGE29SEP261540PE,COFORGE,29SEP2026,154000.000000,475,OPTSTK,NFO,5.000000,14251,False
66404,360ONE27OCT261180CE,360ONE,27OCT2026,118000.000000,500,OPTSTK,NFO,5.000000,20001,False
96939,COALINDIA29SEP26460CE,COALINDIA,29SEP2026,46000.000000,1350,OPTSTK,NFO,5.000000,54001,False
97004,NHPC29SEP2667PE,NHPC,29SEP2026,6700.000000,6950,OPTSTK,NFO,1.000000,278001,False
97005,NHPC29SEP2669CE,NHPC,29SEP2026,6900.000000,6950,OPTSTK,NFO,1.000000,278001,False
97014,NHPC29SEP2677PE,NHPC,29SEP2026,7700.000000,6950,OPTSTK,NFO,1.000000,278001,False
66408,COFORGE29SEP261660PE,COFORGE,29SEP2026,166000.000000,475,OPTSTK,NFO,5.000000,14251,False
66411,COFORGE29SEP261740CE,COFORGE,29SEP2026,174000.000000,475,OPTSTK,NFO,5.000000,14251,False
66413,360ONE27OCT261180PE,360ONE,27OCT2026,118000.000000,500,OPTSTK,NFO,5.000000,20001,False
66419,COFORGE29SEP261780CE,COFORGE,29SEP2026,178000.000000,475,OPTSTK,NFO,5.000000,14251,False
110164,HINDPETRO29SEP26400.75PE,HINDPETRO,29SEP2026,40075.000000,2025,OPTSTK,NFO,5.000000,60751,False
110175,SUNPHARMA29SEP262100PE,SUNPHARMA,29SEP2026,210000.000000,350,OPTSTK,NFO,5.000000,14001,False
110188,KFINTECH27OCT26820PE,KFINTECH,27OCT2026,82000.000000,575,OPTSTK,NFO,5.000000,23001,False
110279,KFINTECH23NOV26840CE,KFINTECH,23NOV2026,84000.000000,575,OPTSTK,NFO,5.000000,23001,False
97016,NHPC29SEP2679PE,NHPC,29SEP2026,7900.000000,6950,OPTSTK,NFO,1.000000,278001,False
97017,NHPC29SEP2681CE,NHPC,29SEP2026,8100.000000,6950,OPTSTK,NFO,1.000000,278001,False
97019,NHPC29SEP2683CE,NHPC,29SEP2026,8300.000000,6950,OPTSTK,NFO,1.000000,278001,False
97061,NHPC27OCT2664CE,NHPC,27OCT2026,6400.000000,6950,OPTSTK,NFO,1.000000,278001,False
66420,COFORGE29SEP261780PE,COFORGE,29SEP2026,178000.000000,475,OPTSTK,NFO,5.000000,14251,False
66434,COFORGE29SEP262060PE,COFORGE,29SEP2026,206000.000000,475,OPTSTK,NFO,5.000000,14251,False
66435,COFORGE29SEP262100CE,COFORGE,29SEP2026,210000.000000,475,OPTSTK,NFO,5.000000,14251,False
66437,COFORGE29SEP262120CE,COFORGE,29SEP2026,212000.000000,475,OPTSTK,NFO,5.000000,14251,False
97063,NHPC27OCT2666CE,NHPC,27OCT2026,6600.000000,6950,OPTSTK,NFO,1.000000,278001,False
97065,NHPC27OCT2668CE,NHPC,27OCT2026,6800.000000,6950,OPTSTK,NFO,1.000000,278001,False
97068,NHPC27OCT2670PE,NHPC,27OCT2026,7000.000000,6950,OPTSTK,NFO,1.000000,278001,False
97085,HDFCAMC27OCT262250CE,HDFCAMC,27OCT2026,225000.000000,300,OPTSTK,NFO,5.000000,9001,False
110282,KFINTECH23NOV26880PE,KFINTECH,23NOV2026,88000.000000,575,OPTSTK,NFO,5.000000,23001,False
110290,KFINTECH23NOV261040PE,KFINTECH,23NOV2026,104000.000000,575,OPTSTK,NFO,5.000000,23001,False
110291,KFINTECH23NOV261080CE,KFINTECH,23NOV2026,108000.000000,575,OPTSTK,NFO,5.000000,23001,False
110355,SUNPHARMA27OCT261720CE,SUNPHARMA,27OCT2026,172000.000000,350,OPTSTK,NFO,5.000000,14001,False
66438,COFORGE29SEP262120PE,COFORGE,29SEP2026,212000.000000,475,OPTSTK,NFO,5.000000,14251,False
66491,COFORGE27OCT261640CE,COFORGE,27OCT2026,164000.000000,475,OPTSTK,NFO,5.000000,14251,False
66492,COFORGE27OCT261640PE,COFORGE,27OCT2026,164000.000000,475,OPTSTK,NFO,5.000000,14251,False
66497,COFORGE27OCT261720CE,COFORGE,27OCT2026,172000.000000,475,OPTSTK,NFO,5.000000,14251,False
97092,HDFCAMC27OCT262550PE,HDFCAMC,27OCT2026,255000.000000,300,OPTSTK,NFO,5.000000,9001,False
97097,HDFCAMC27OCT262850CE,HDFCAMC,27OCT2026,285000.000000,300,OPTSTK,NFO,5.000000,9001,False
97140,NHPC27OCT2688CE,NHPC,27OCT2026,8800.000000,6950,OPTSTK,NFO,1.000000,278001,False
97188,HDFCAMC23NOV262500PE,HDFCAMC,23NOV2026,250000.000000,300,OPTSTK,NFO,5.000000,9001,False
110358,SUNPHARMA27OCT261760PE,SUNPHARMA,27OCT2026,176000.000000,350,OPTSTK,NFO,5.000000,14001,False
110369,SUNPHARMA27OCT261960PE,SUNPHARMA,27OCT2026,196000.000000,350,OPTSTK,NFO,5.000000,14001,False
110372,SUNPHARMA27OCT262040CE,SUNPHARMA,27OCT2026,204000.000000,350,OPTSTK,NFO,5.000000,14001,False
110381,SUNPHARMA27OCT262200CE,SUNPHARMA,27OCT2026,220000.000000,350,OPTSTK,NFO,5.000000,14001,False
66525,COFORGE27OCT261760CE,COFORGE,27OCT2026,176000.000000,475,OPTSTK,NFO,5.000000,14251,False
66527,COFORGE27OCT261760PE,COFORGE,27OCT2026,176000.000000,475,OPTSTK,NFO,5.000000,14251,False
66530,COFORGE27OCT261840CE,COFORGE,27OCT2026,184000.000000,475,OPTSTK,NFO,5.000000,14251,False
66532,360ONE23NOV261120CE,360ONE,23NOV2026,112000.000000,500,OPTSTK,NFO,5.000000,20001,False
97194,HDFCAMC23NOV262800PE,HDFCAMC,23NOV2026,280000.000000,300,OPTSTK,NFO,5.000000,9001,False
97201,HDFCAMC23NOV262900CE,HDFCAMC,23NOV2026,290000.000000,300,OPTSTK,NFO,5.000000,9001,False
97202,HDFCAMC23NOV262900PE,HDFCAMC,23NOV2026,290000.000000,300,OPTSTK,NFO,5.000000,9001,False
97323,HDFCBANK27OCT26670CE,HDFCBANK,27OCT2026,67000.000000,650,OPTSTK,NFO,5.000000,32501,False
66537,360ONE23NOV261200PE,360ONE,23NOV2026,120000.000000,500,OPTSTK,NFO,5.000000,20001,False
66542,360ONE23NOV261320CE,360ONE,23NOV2026,132000.000000,500,OPTSTK,NFO,5.000000,20001,False
66544,360ONE23NOV261360CE,360ONE,23NOV2026,136000.000000,500,OPTSTK,NFO,5.000000,20001,False
66575,COFORGE27OCT262040CE,COFORGE,27OCT2026,204000.000000,475,OPTSTK,NFO,5.000000,14251,False
110382,SUNPHARMA27OCT262200PE,SUNPHARMA,27OCT2026,220000.000000,350,OPTSTK,NFO,5.000000,14001,False
110456,SUPREMEIND29SEP263150CE,SUPREMEIND,29SEP2026,315000.000000,175,OPTSTK,NFO,5.000000,7001,False
110491,KOTAKBANK27OCT26395PE,KOTAKBANK,27OCT2026,39500.000000,2000,OPTSTK,NFO,5.000000,60001,False
110495,KOTAKBANK27OCT26415PE,KOTAKBANK,27OCT2026,41500.000000,2000,OPTSTK,NFO,5.000000,60001,False
97326,HDFCBANK27OCT26690PE,HDFCBANK,27OCT2026,69000.000000,650,OPTSTK,NFO,5.000000,32501,False
97328,HDFCBANK27OCT26710PE,HDFCBANK,27OCT2026,71000.000000,650,OPTSTK,NFO,5.000000,32501,False
97354,COCHINSHIP29SEP261200PE,COCHINSHIP,29SEP2026,120000.000000,400,OPTSTK,NFO,5.000000,16001,False
97356,COCHINSHIP29SEP261240PE,COCHINSHIP,29SEP2026,124000.000000,400,OPTSTK,NFO,5.000000,16001,False
66576,COFORGE27OCT262040PE,COFORGE,27OCT2026,204000.000000,475,OPTSTK,NFO,5.000000,14251,False
66621,COLPAL29SEP261860CE,COLPAL,29SEP2026,186000.000000,275,OPTSTK,NFO,5.000000,11001,False
66630,COLPAL29SEP262020PE,COLPAL,29SEP2026,202000.000000,275,OPTSTK,NFO,5.000000,11001,False
66636,COLPAL29SEP262100PE,COLPAL,29SEP2026,210000.000000,275,OPTSTK,NFO,5.000000,11001,False
97357,COCHINSHIP29SEP261280CE,COCHINSHIP,29SEP2026,128000.000000,400,OPTSTK,NFO,5.000000,16001,False
97360,COCHINSHIP29SEP261320PE,COCHINSHIP,29SEP2026,132000.000000,400,OPTSTK,NFO,5.000000,16001,False
97364,COCHINSHIP29SEP261400PE,COCHINSHIP,29SEP2026,140000.000000,400,OPTSTK,NFO,5.000000,16001,False
97369,COCHINSHIP29SEP261520CE,COCHINSHIP,29SEP2026,152000.000000,400,OPTSTK,NFO,5.000000,16001,False
110553,SUPREMEIND27OCT263300CE,SUPREMEIND,27OCT2026,330000.000000,175,OPTSTK,NFO,5.000000,7001,False
110556,SUPREMEIND27OCT263400CE,SUPREMEIND,27OCT2026,340000.000000,175,OPTSTK,NFO,5.000000,7001,False
110575,HINDUNILVR29SEP261720CE,HINDUNILVR,29SEP2026,172000.000000,300,OPTSTK,NFO,5.000000,12001,False
110580,HINDUNILVR29SEP261800PE,HINDUNILVR,29SEP2026,180000.000000,300,OPTSTK,NFO,5.000000,12001,False
66637,COLPAL29SEP262140CE,COLPAL,29SEP2026,214000.000000,275,OPTSTK,NFO,5.000000,11001,False
66677,ABB27OCT266700PE,ABB,27OCT2026,670000.000000,125,OPTSTK,NFO,5.000000,3751,False
66708,ABB27OCT267500CE,ABB,27OCT2026,750000.000000,125,OPTSTK,NFO,5.000000,3751,False
66763,COLPAL27OCT261520PE,COLPAL,27OCT2026,152000.000000,275,OPTSTK,NFO,5.000000,11001,False
97370,COCHINSHIP29SEP261520PE,COCHINSHIP,29SEP2026,152000.000000,400,OPTSTK,NFO,5.000000,16001,False
97373,COCHINSHIP29SEP261600CE,COCHINSHIP,29SEP2026,160000.000000,400,OPTSTK,NFO,5.000000,16001,False
97531,NMDC29SEP2695CE,NMDC,29SEP2026,9500.000000,6750,OPTSTK,NFO,1.000000,270001,False
97522,NMDC29SEP2689CE,NMDC,29SEP2026,8900.000000,6750,OPTSTK,NFO,1.000000,270001,False
66810,ABB23NOV267000CE,ABB,23NOV2026,700000.000000,125,OPTSTK,NFO,5.000000,3751,False
66833,ABB23NOV267600PE,ABB,23NOV2026,760000.000000,125,OPTSTK,NFO,5.000000,3751,False
66874,COLPAL27OCT262160PE,COLPAL,27OCT2026,216000.000000,275,OPTSTK,NFO,5.000000,11001,False
66876,COLPAL27OCT262200PE,COLPAL,27OCT2026,220000.000000,275,OPTSTK,NFO,5.000000,11001,False
110712,KOTAKBANK23NOV26390PE,KOTAKBANK,23NOV2026,39000.000000,2000,OPTSTK,NFO,5.000000,60001,False
110713,KOTAKBANK23NOV26400CE,KOTAKBANK,23NOV2026,40000.000000,2000,OPTSTK,NFO,5.000000,60001,False
110721,KOTAKBANK23NOV26440CE,KOTAKBANK,23NOV2026,44000.000000,2000,OPTSTK,NFO,5.000000,60001,False
110725,KOTAKBANK23NOV26460CE,KOTAKBANK,23NOV2026,46000.000000,2000,OPTSTK,NFO,5.000000,60001,False
97533,HDFCBANK23NOV26720PE,HDFCBANK,23NOV2026,72000.000000,650,OPTSTK,NFO,5.000000,32501,False
97536,HDFCBANK23NOV26760CE,HDFCBANK,23NOV2026,76000.000000,650,OPTSTK,NFO,5.000000,32501,False
97681,NMDC27OCT2680CE,NMDC,27OCT2026,8000.000000,6750,OPTSTK,NFO,1.000000,270001,False
97688,NMDC27OCT2684PE,NMDC,27OCT2026,8400.000000,6750,OPTSTK,NFO,1.000000,270001,False
66895,ABB23NOV268800CE,ABB,23NOV2026,880000.000000,125,OPTSTK,NFO,5.000000,3751,False
66961,ABCAPITAL27OCT26385CE,ABCAPITAL,27OCT2026,38500.000000,3100,OPTSTK,NFO,5.000000,62001,False
66979,ABCAPITAL27OCT26395CE,ABCAPITAL,27OCT2026,39500.000000,3100,OPTSTK,NFO,5.000000,62001,False
66993,CONCOR29SEP26495PE,CONCOR,29SEP2026,49500.000000,1250,OPTSTK,NFO,5.000000,50001,False
97690,NMDC27OCT2686PE,NMDC,27OCT2026,8600.000000,6750,OPTSTK,NFO,1.000000,270001,False
97691,NMDC27OCT2688CE,NMDC,27OCT2026,8800.000000,6750,OPTSTK,NFO,1.000000,270001,False
97706,NMDC27OCT2696CE,NMDC,27OCT2026,9600.000000,6750,OPTSTK,NFO,1.000000,270001,False
97720,HDFCLIFE27OCT26575CE,HDFCLIFE,27OCT2026,57500.000000,1100,OPTSTK,NFO,5.000000,44001,False
110729,KOTAKBANK23NOV26480CE,KOTAKBANK,23NOV2026,48000.000000,2000,OPTSTK,NFO,5.000000,60001,False
110773,HINDUNILVR29SEP262360CE,HINDUNILVR,29SEP2026,236000.000000,300,OPTSTK,NFO,5.000000,12001,False
110828,HINDUNILVR29SEP262440PE,HINDUNILVR,29SEP2026,244000.000000,300,OPTSTK,NFO,5.000000,12001,False
110837,HINDUNILVR29SEP262560CE,HINDUNILVR,29SEP2026,256000.000000,300,OPTSTK,NFO,5.000000,12001,False
97727,HDFCLIFE27OCT26605PE,HDFCLIFE,27OCT2026,60500.000000,1100,OPTSTK,NFO,5.000000,44001,False
97797,NTPC29SEP26305PE,NTPC,29SEP2026,30500.000000,1500,OPTSTK,NFO,5.000000,75001,False
97802,NTPC29SEP26325PE,NTPC,29SEP2026,32500.000000,1500,OPTSTK,NFO,5.000000,75001,False
97806,NTPC29SEP26345PE,NTPC,29SEP2026,34500.000000,1500,OPTSTK,NFO,5.000000,75001,False
67075,CONCOR29SEP26535PE,CONCOR,29SEP2026,53500.000000,1250,OPTSTK,NFO,5.000000,50001,False
67089,ABCAPITAL27OCT26415PE,ABCAPITAL,27OCT2026,41500.000000,3100,OPTSTK,NFO,5.000000,62001,False
67174,ABCAPITAL23NOV26340CE,ABCAPITAL,23NOV2026,34000.000000,3100,OPTSTK,NFO,5.000000,62001,False
67192,ABCAPITAL23NOV26400CE,ABCAPITAL,23NOV2026,40000.000000,3100,OPTSTK,NFO,5.000000,62001,False
110870,KPITTECH27OCT26510CE,KPITTECH,27OCT2026,51000.000000,775,OPTSTK,NFO,5.000000,38751,False
110872,KPITTECH27OCT26530CE,KPITTECH,27OCT2026,53000.000000,775,OPTSTK,NFO,5.000000,38751,False
110878,KPITTECH27OCT26570PE,KPITTECH,27OCT2026,57000.000000,775,OPTSTK,NFO,5.000000,38751,False
110889,KPITTECH27OCT26670CE,KPITTECH,27OCT2026,67000.000000,775,OPTSTK,NFO,5.000000,38751,False
67198,ABCAPITAL23NOV26420PE,ABCAPITAL,23NOV2026,42000.000000,3100,OPTSTK,NFO,5.000000,62001,False
67227,ABCAPITAL23NOV26450PE,ABCAPITAL,23NOV2026,45000.000000,3100,OPTSTK,NFO,5.000000,62001,False
67294,CONCOR27OCT26570PE,CONCOR,27OCT2026,57000.000000,1250,OPTSTK,NFO,5.000000,50001,False
67297,CONCOR27OCT26590CE,CONCOR,27OCT2026,59000.000000,1250,OPTSTK,NFO,5.000000,50001,False
97809,NTPC29SEP26355CE,NTPC,29SEP2026,35500.000000,1500,OPTSTK,NFO,5.000000,75001,False
97816,COFORGE29SEP261560PE,COFORGE,29SEP2026,156000.000000,475,OPTSTK,NFO,5.000000,14251,False
97818,COFORGE29SEP261600PE,COFORGE,29SEP2026,160000.000000,475,OPTSTK,NFO,5.000000,14251,False
97926,NTPC27OCT26290PE,NTPC,27OCT2026,29000.000000,1500,OPTSTK,NFO,5.000000,75001,False
111037,SWIGGY29SEP26255PE,SWIGGY,29SEP2026,25500.000000,1825,OPTSTK,NFO,5.000000,73001,False
111057,HINDZINC29SEP26580PE,HINDZINC,29SEP2026,58000.000000,1225,OPTSTK,NFO,5.000000,36751,False
111065,HINDZINC29SEP26660PE,HINDZINC,29SEP2026,66000.000000,1225,OPTSTK,NFO,5.000000,36751,False
111092,SWIGGY29SEP26285CE,SWIGGY,29SEP2026,28500.000000,1825,OPTSTK,NFO,5.000000,73001,False
67334,ADANIENSOL27OCT261260PE,ADANIENSOL,27OCT2026,126000.000000,675,OPTSTK,NFO,5.000000,13501,False
67368,ADANIENSOL27OCT261700PE,ADANIENSOL,27OCT2026,170000.000000,675,OPTSTK,NFO,5.000000,13501,False
97968,NTPC27OCT26360PE,NTPC,27OCT2026,36000.000000,1500,OPTSTK,NFO,5.000000,75001,False
97974,NTPC27OCT26390PE,NTPC,27OCT2026,39000.000000,1500,OPTSTK,NFO,5.000000,75001,False
98010,NYKAA29SEP26305PE,NYKAA,29SEP2026,30500.000000,3125,OPTSTK,NFO,5.000000,93751,False
98013,NYKAA29SEP26325CE,NYKAA,29SEP2026,32500.000000,3125,OPTSTK,NFO,5.000000,93751,False
67336,ADANIENSOL27OCT261300PE,ADANIENSOL,27OCT2026,130000.000000,675,OPTSTK,NFO,5.000000,13501,False
67340,ADANIENSOL27OCT261380PE,ADANIENSOL,27OCT2026,138000.000000,675,OPTSTK,NFO,5.000000,13501,False
111096,KPITTECH23NOV26480CE,KPITTECH,23NOV2026,48000.000000,775,OPTSTK,NFO,5.000000,38751,False
111133,SWIGGY29SEP26305CE,SWIGGY,29SEP2026,30500.000000,1825,OPTSTK,NFO,5.000000,73001,False
111136,SWIGGY29SEP26315PE,SWIGGY,29SEP2026,31500.000000,1825,OPTSTK,NFO,5.000000,73001,False
111137,SWIGGY29SEP26325CE,SWIGGY,29SEP2026,32500.000000,1825,OPTSTK,NFO,5.000000,73001,False
67369,ADANIENSOL27OCT261740CE,ADANIENSOL,27OCT2026,174000.000000,675,OPTSTK,NFO,5.000000,13501,False
67447,CROMPTON29SEP26245CE,CROMPTON,29SEP2026,24500.000000,2150,OPTSTK,NFO,1.000000,86001,False
67453,ADANIENSOL23NOV261120CE,ADANIENSOL,23NOV2026,112000.000000,675,OPTSTK,NFO,5.000000,13501,False
67460,ADANIENSOL23NOV261240PE,ADANIENSOL,23NOV2026,124000.000000,675,OPTSTK,NFO,5.000000,13501,False
98082,NYKAA27OCT26330PE,NYKAA,27OCT2026,33000.000000,3125,OPTSTK,NFO,5.000000,93751,False
98173,COLPAL29SEP262000CE,COLPAL,29SEP2026,200000.000000,275,OPTSTK,NFO,5.000000,11001,False
98176,COLPAL29SEP262040PE,COLPAL,29SEP2026,204000.000000,275,OPTSTK,NFO,5.000000,11001,False
98193,OBEROIRLTY29SEP261660PE,OBEROIRLTY,29SEP2026,166000.000000,350,OPTSTK,NFO,5.000000,14001,False
111145,KPITTECH23NOV26520CE,KPITTECH,23NOV2026,52000.000000,775,OPTSTK,NFO,5.000000,38751,False
111217,SWIGGY27OCT26260CE,SWIGGY,27OCT2026,26000.000000,1825,OPTSTK,NFO,5.000000,73001,False
111233,SWIGGY27OCT26280CE,SWIGGY,27OCT2026,28000.000000,1825,OPTSTK,NFO,5.000000,73001,False
111246,HYUNDAI29SEP261840CE,HYUNDAI,29SEP2026,184000.000000,275,OPTSTK,NFO,5.000000,11001,False
98220,HDFCLIFE23NOV26470CE,HDFCLIFE,23NOV2026,47000.000000,1100,OPTSTK,NFO,5.000000,44001,False
98231,HDFCLIFE23NOV26520PE,HDFCLIFE,23NOV2026,52000.000000,1100,OPTSTK,NFO,5.000000,44001,False
98240,HDFCLIFE23NOV26570CE,HDFCLIFE,23NOV2026,57000.000000,1100,OPTSTK,NFO,5.000000,44001,False
98246,HDFCLIFE23NOV26600CE,HDFCLIFE,23NOV2026,60000.000000,1100,OPTSTK,NFO,5.000000,44001,False
67465,ADANIENSOL23NOV261360CE,ADANIENSOL,23NOV2026,136000.000000,675,OPTSTK,NFO,5.000000,13501,False
67473,ADANIENSOL23NOV261480PE,ADANIENSOL,23NOV2026,148000.000000,675,OPTSTK,NFO,5.000000,13501,False
67476,ADANIENSOL23NOV261560CE,ADANIENSOL,23NOV2026,156000.000000,675,OPTSTK,NFO,5.000000,13501,False
67478,CROMPTON29SEP26265CE,CROMPTON,29SEP2026,26500.000000,2150,OPTSTK,NFO,1.000000,86001,False
111297,HYUNDAI29SEP262560PE,HYUNDAI,29SEP2026,256000.000000,275,OPTSTK,NFO,5.000000,11001,False
111255,HYUNDAI29SEP262000PE,HYUNDAI,29SEP2026,200000.000000,275,OPTSTK,NFO,5.000000,11001,False
111276,HYUNDAI29SEP262160CE,HYUNDAI,29SEP2026,216000.000000,275,OPTSTK,NFO,5.000000,11001,False
111281,HYUNDAI29SEP262240PE,HYUNDAI,29SEP2026,224000.000000,275,OPTSTK,NFO,5.000000,11001,False
67483,ADANIENSOL23NOV261600CE,ADANIENSOL,23NOV2026,160000.000000,675,OPTSTK,NFO,5.000000,13501,False
67496,ADANIENSOL23NOV261640PE,ADANIENSOL,23NOV2026,164000.000000,675,OPTSTK,NFO,5.000000,13501,False
67526,CROMPTON27OCT26220CE,CROMPTON,27OCT2026,22000.000000,2150,OPTSTK,NFO,1.000000,86001,False
67528,CROMPTON27OCT26230CE,CROMPTON,27OCT2026,23000.000000,2150,OPTSTK,NFO,1.000000,86001,False
98300,OBEROIRLTY29SEP261780PE,OBEROIRLTY,29SEP2026,178000.000000,350,OPTSTK,NFO,5.000000,14001,False
98321,OBEROIRLTY29SEP262020PE,OBEROIRLTY,29SEP2026,202000.000000,350,OPTSTK,NFO,5.000000,14001,False
98323,OBEROIRLTY29SEP262060PE,OBEROIRLTY,29SEP2026,206000.000000,350,OPTSTK,NFO,5.000000,14001,False
98365,HEROMOTOCO27OCT264900PE,HEROMOTOCO,27OCT2026,490000.000000,150,OPTSTK,NFO,5.000000,4501,False
98367,HEROMOTOCO27OCT265100PE,HEROMOTOCO,27OCT2026,510000.000000,150,OPTSTK,NFO,5.000000,4501,False
98385,COLPAL29SEP262480CE,COLPAL,29SEP2026,248000.000000,275,OPTSTK,NFO,5.000000,11001,False
98398,HEROMOTOCO27OCT265700PE,HEROMOTOCO,27OCT2026,570000.000000,150,OPTSTK,NFO,5.000000,4501,False
98429,OBEROIRLTY27OCT261520CE,OBEROIRLTY,27OCT2026,152000.000000,350,OPTSTK,NFO,5.000000,14001,False
111299,KPITTECH23NOV26580CE,KPITTECH,23NOV2026,58000.000000,775,OPTSTK,NFO,5.000000,38751,False
111304,KPITTECH23NOV26600PE,KPITTECH,23NOV2026,60000.000000,775,OPTSTK,NFO,5.000000,38751,False
111317,KPITTECH23NOV26680PE,KPITTECH,23NOV2026,68000.000000,775,OPTSTK,NFO,5.000000,38751,False
111365,LAURUSLABS27OCT261740CE,LAURUSLABS,27OCT2026,174000.000000,850,OPTSTK,NFO,5.000000,17001,False
67584,CUMMINSIND29SEP264500CE,CUMMINSIND,29SEP2026,450000.000000,200,OPTSTK,NFO,5.000000,4001,False
67607,CUMMINSIND29SEP265700PE,CUMMINSIND,29SEP2026,570000.000000,200,OPTSTK,NFO,5.000000,4001,False
67652,CUMMINSIND27OCT265200CE,CUMMINSIND,27OCT2026,520000.000000,200,OPTSTK,NFO,5.000000,4001,False
67661,CUMMINSIND27OCT265800PE,CUMMINSIND,27OCT2026,580000.000000,200,OPTSTK,NFO,5.000000,4001,False
98436,OBEROIRLTY27OCT261600PE,OBEROIRLTY,27OCT2026,160000.000000,350,OPTSTK,NFO,5.000000,14001,False
98443,OBEROIRLTY27OCT261760CE,OBEROIRLTY,27OCT2026,176000.000000,350,OPTSTK,NFO,5.000000,14001,False
98447,OBEROIRLTY27OCT261840CE,OBEROIRLTY,27OCT2026,184000.000000,350,OPTSTK,NFO,5.000000,14001,False
98451,OBEROIRLTY27OCT261920CE,OBEROIRLTY,27OCT2026,192000.000000,350,OPTSTK,NFO,5.000000,14001,False
111369,LAURUSLABS27OCT261820CE,LAURUSLABS,27OCT2026,182000.000000,850,OPTSTK,NFO,5.000000,17001,False
111394,LAURUSLABS27OCT262100CE,LAURUSLABS,27OCT2026,210000.000000,850,OPTSTK,NFO,5.000000,17001,False
111426,TATACONSUM29SEP26890CE,TATACONSUM,29SEP2026,89000.000000,550,OPTSTK,NFO,5.000000,22001,False
111447,TATACONSUM29SEP26910CE,TATACONSUM,29SEP2026,91000.000000,550,OPTSTK,NFO,5.000000,22001,False
67732,ADANIENT27OCT262950CE,ADANIENT,27OCT2026,295000.000000,309,OPTSTK,NFO,5.000000,9271,False
67767,ADANIENT27OCT263350CE,ADANIENT,27OCT2026,335000.000000,309,OPTSTK,NFO,5.000000,9271,False
67777,NIFTY26DEC2821000PE,NIFTY,26DEC2028,2100000.000000,65,OPTIDX,NFO,5.000000,1801,False
67787,NIFTY26DEC2826000PE,NIFTY,26DEC2028,2600000.000000,65,OPTIDX,NFO,5.000000,1801,False
98517,OBEROIRLTY27OCT262080PE,OBEROIRLTY,27OCT2026,208000.000000,350,OPTSTK,NFO,5.000000,14001,False
98541,HINDALCO27OCT26900PE,HINDALCO,27OCT2026,90000.000000,700,OPTSTK,NFO,5.000000,21001,False
98545,HINDALCO27OCT26940CE,HINDALCO,27OCT2026,94000.000000,700,OPTSTK,NFO,5.000000,21001,False
98563,HINDALCO27OCT261060CE,HINDALCO,27OCT2026,106000.000000,700,OPTSTK,NFO,5.000000,21001,False
67806,DABUR27OCT26350CE,DABUR,27OCT2026,35000.000000,1250,OPTSTK,NFO,5.000000,50001,False
67809,DABUR27OCT26350PE,DABUR,27OCT2026,35000.000000,1250,OPTSTK,NFO,5.000000,50001,False
67817,DABUR27OCT26380PE,DABUR,27OCT2026,38000.000000,1250,OPTSTK,NFO,5.000000,50001,False
67819,DABUR27OCT26390PE,DABUR,27OCT2026,39000.000000,1250,OPTSTK,NFO,5.000000,50001,False
111521,ICICIBANK29SEP261240CE,ICICIBANK,29SEP2026,124000.000000,700,OPTSTK,NFO,5.000000,21001,False
111522,ICICIBANK29SEP261240PE,ICICIBANK,29SEP2026,124000.000000,700,OPTSTK,NFO,5.000000,21001,False
111548,ICICIBANK29SEP261420CE,ICICIBANK,29SEP2026,142000.000000,700,OPTSTK,NFO,5.000000,21001,False
111613,TATACONSUM29SEP261110PE,TATACONSUM,29SEP2026,111000.000000,550,OPTSTK,NFO,5.000000,22001,False
98633,OFSS29SEP2611500PE,OFSS,29SEP2026,1150000.000000,100,OPTSTK,NFO,5.000000,2001,False
98636,OFSS29SEP2611900CE,OFSS,29SEP2026,1190000.000000,100,OPTSTK,NFO,5.000000,2001,False
98648,OFSS29SEP2612700CE,OFSS,29SEP2026,1270000.000000,100,OPTSTK,NFO,5.000000,2001,False
98663,OFSS29SEP2613100PE,OFSS,29SEP2026,1310000.000000,100,OPTSTK,NFO,5.000000,2001,False
67827,DABUR27OCT26410CE,DABUR,27OCT2026,41000.000000,1250,OPTSTK,NFO,5.000000,50001,False
67842,DABUR27OCT26440CE,DABUR,27OCT2026,44000.000000,1250,OPTSTK,NFO,5.000000,50001,False
67844,DABUR27OCT26450CE,DABUR,27OCT2026,45000.000000,1250,OPTSTK,NFO,5.000000,50001,False
67848,DABUR27OCT26460PE,DABUR,27OCT2026,46000.000000,1250,OPTSTK,NFO,5.000000,50001,False
98746,CONCOR29SEP26500CE,CONCOR,29SEP2026,50000.000000,1250,OPTSTK,NFO,5.000000,50001,False
98748,HINDALCO23NOV26920CE,HINDALCO,23NOV2026,92000.000000,700,OPTSTK,NFO,5.000000,21001,False
98754,CONCOR29SEP26520CE,CONCOR,29SEP2026,52000.000000,1250,OPTSTK,NFO,5.000000,50001,False
98761,CONCOR29SEP26540PE,CONCOR,29SEP2026,54000.000000,1250,OPTSTK,NFO,5.000000,50001,False
111619,TATACONSUM29SEP261170CE,TATACONSUM,29SEP2026,117000.000000,550,OPTSTK,NFO,5.000000,22001,False
111647,LAURUSLABS23NOV261720PE,LAURUSLABS,23NOV2026,172000.000000,850,OPTSTK,NFO,5.000000,17001,False
111707,TATACONSUM27OCT26920PE,TATACONSUM,27OCT2026,92000.000000,550,OPTSTK,NFO,5.000000,22001,False
111735,LAURUSLABS23NOV261880PE,LAURUSLABS,23NOV2026,188000.000000,850,OPTSTK,NFO,5.000000,17001,False
98764,CONCOR29SEP26560CE,CONCOR,29SEP2026,56000.000000,1250,OPTSTK,NFO,5.000000,50001,False
98797,HINDALCO23NOV261080PE,HINDALCO,23NOV2026,108000.000000,700,OPTSTK,NFO,5.000000,21001,False
98828,HINDPETRO27OCT26350CE,HINDPETRO,27OCT2026,35000.000000,2025,OPTSTK,NFO,5.000000,60751,False
98914,OFSS27OCT2610600PE,OFSS,27OCT2026,1060000.000000,100,OPTSTK,NFO,5.000000,2001,False
67869,ADANIENT23NOV262400CE,ADANIENT,23NOV2026,240000.000000,309,OPTSTK,NFO,5.000000,9271,False
67906,ADANIENT23NOV263300PE,ADANIENT,23NOV2026,330000.000000,309,OPTSTK,NFO,5.000000,9271,False
67907,ADANIENT23NOV263400CE,ADANIENT,23NOV2026,340000.000000,309,OPTSTK,NFO,5.000000,9271,False
67981,ADANIGREEN27OCT261420PE,ADANIGREEN,27OCT2026,142000.000000,600,OPTSTK,NFO,5.000000,18001,False
111740,TATACONSUM27OCT261100PE,TATACONSUM,27OCT2026,110000.000000,550,OPTSTK,NFO,5.000000,22001,False
111758,TATACONSUM27OCT261140PE,TATACONSUM,27OCT2026,114000.000000,550,OPTSTK,NFO,5.000000,22001,False
111911,LICHSGFIN27OCT26510PE,LICHSGFIN,27OCT2026,51000.000000,1000,OPTSTK,NFO,5.000000,40001,False
111977,ICICIGI29SEP261600PE,ICICIGI,29SEP2026,160000.000000,325,OPTSTK,NFO,5.000000,13001,False
98917,OFSS27OCT2611000CE,OFSS,27OCT2026,1100000.000000,100,OPTSTK,NFO,5.000000,2001,False
98956,CROMPTON29SEP26310CE,CROMPTON,29SEP2026,31000.000000,2150,OPTSTK,NFO,1.000000,86001,False
98989,OFSS27OCT2613200PE,OFSS,27OCT2026,1320000.000000,100,OPTSTK,NFO,5.000000,2001,False
99005,OFSS27OCT2613800CE,OFSS,27OCT2026,1380000.000000,100,OPTSTK,NFO,5.000000,2001,False
68038,DELHIVERY29SEP26415CE,DELHIVERY,29SEP2026,41500.000000,2075,OPTSTK,NFO,5.000000,62251,False
68052,DELHIVERY29SEP26475CE,DELHIVERY,29SEP2026,47500.000000,2075,OPTSTK,NFO,5.000000,62251,False
68123,ADANIGREEN23NOV261400CE,ADANIGREEN,23NOV2026,140000.000000,600,OPTSTK,NFO,5.000000,18001,False
68126,DELHIVERY27OCT26370PE,DELHIVERY,27OCT2026,37000.000000,2075,OPTSTK,NFO,5.000000,62251,False
99113,OIL29SEP26425PE,OIL,29SEP2026,42500.000000,1400,OPTSTK,NFO,5.000000,56001,False
99130,OIL29SEP26485CE,OIL,29SEP2026,48500.000000,1400,OPTSTK,NFO,5.000000,56001,False
99266,OIL27OCT26420CE,OIL,27OCT2026,42000.000000,1400,OPTSTK,NFO,5.000000,56001,False
99274,OIL27OCT26460CE,OIL,27OCT2026,46000.000000,1400,OPTSTK,NFO,5.000000,56001,False
111985,ICICIGI29SEP261720PE,ICICIGI,29SEP2026,172000.000000,325,OPTSTK,NFO,5.000000,13001,False
111989,ICICIGI29SEP261800PE,ICICIGI,29SEP2026,180000.000000,325,OPTSTK,NFO,5.000000,13001,False
112004,TATAELXSI29SEP263350PE,TATAELXSI,29SEP2026,335000.000000,125,OPTSTK,NFO,5.000000,6251,False
112031,TATAELXSI29SEP263850PE,TATAELXSI,29SEP2026,385000.000000,125,OPTSTK,NFO,5.000000,6251,False
68141,DELHIVERY27OCT26410CE,DELHIVERY,27OCT2026,41000.000000,2075,OPTSTK,NFO,5.000000,62251,False
68205,DELHIVERY27OCT26530PE,DELHIVERY,27OCT2026,53000.000000,2075,OPTSTK,NFO,5.000000,62251,False
68207,DELHIVERY27OCT26540PE,DELHIVERY,27OCT2026,54000.000000,2075,OPTSTK,NFO,5.000000,62251,False
68225,ADANIPORTS27OCT261420CE,ADANIPORTS,27OCT2026,142000.000000,475,OPTSTK,NFO,5.000000,14251,False
99288,OIL27OCT26510CE,OIL,27OCT2026,51000.000000,1400,OPTSTK,NFO,5.000000,56001,False
99293,OIL27OCT26520CE,OIL,27OCT2026,52000.000000,1400,OPTSTK,NFO,5.000000,56001,False
99300,DABUR29SEP26380CE,DABUR,29SEP2026,38000.000000,1250,OPTSTK,NFO,5.000000,50001,False
99303,DABUR29SEP26390PE,DABUR,29SEP2026,39000.000000,1250,OPTSTK,NFO,5.000000,50001,False
112032,TATAELXSI29SEP263950CE,TATAELXSI,29SEP2026,395000.000000,125,OPTSTK,NFO,5.000000,6251,False
112034,TATAELXSI29SEP264050CE,TATAELXSI,29SEP2026,405000.000000,125,OPTSTK,NFO,5.000000,6251,False
112078,TATAELXSI27OCT262800PE,TATAELXSI,27OCT2026,280000.000000,125,OPTSTK,NFO,5.000000,6251,False
112099,TATAELXSI27OCT263600CE,TATAELXSI,27OCT2026,360000.000000,125,OPTSTK,NFO,5.000000,6251,False
68280,ADANIPORTS27OCT261940PE,ADANIPORTS,27OCT2026,194000.000000,475,OPTSTK,NFO,5.000000,14251,False
68373,DIVISLAB29SEP267900CE,DIVISLAB,29SEP2026,790000.000000,100,OPTSTK,NFO,5.000000,3001,False
68374,DIVISLAB29SEP267900PE,DIVISLAB,29SEP2026,790000.000000,100,OPTSTK,NFO,5.000000,3001,False
99306,DABUR29SEP26410CE,DABUR,29SEP2026,41000.000000,1250,OPTSTK,NFO,5.000000,50001,False
99310,DABUR29SEP26430CE,DABUR,29SEP2026,43000.000000,1250,OPTSTK,NFO,5.000000,50001,False
99317,DABUR29SEP26460PE,DABUR,29SEP2026,46000.000000,1250,OPTSTK,NFO,5.000000,50001,False
99323,DABUR29SEP26490PE,DABUR,29SEP2026,49000.000000,1250,OPTSTK,NFO,5.000000,50001,False
112191,LICHSGFIN23NOV26460CE,LICHSGFIN,23NOV2026,46000.000000,1000,OPTSTK,NFO,5.000000,40001,False
112196,LICHSGFIN23NOV26500PE,LICHSGFIN,23NOV2026,50000.000000,1000,OPTSTK,NFO,5.000000,40001,False
112204,LICHSGFIN23NOV26580CE,LICHSGFIN,23NOV2026,58000.000000,1000,OPTSTK,NFO,5.000000,40001,False
112277,LICI27OCT26375PE,LICI,27OCT2026,37500.000000,1400,OPTSTK,NFO,5.000000,56001,False
99371,HINDUNILVR27OCT261980PE,HINDUNILVR,27OCT2026,198000.000000,300,OPTSTK,NFO,5.000000,12001,False
99375,HINDUNILVR27OCT262060PE,HINDUNILVR,27OCT2026,206000.000000,300,OPTSTK,NFO,5.000000,12001,False
99393,ONGC29SEP26207.5CE,ONGC,29SEP2026,20750.000000,2250,OPTSTK,NFO,1.000000,90001,False
99397,HINDUNILVR27OCT262220PE,HINDUNILVR,27OCT2026,222000.000000,300,OPTSTK,NFO,5.000000,12001,False
112312,LICI27OCT26435PE,LICI,27OCT2026,43500.000000,1400,OPTSTK,NFO,5.000000,56001,False
112368,LICI23NOV26340PE,LICI,23NOV2026,34000.000000,1400,OPTSTK,NFO,5.000000,56001,False
112386,LICI23NOV26390CE,LICI,23NOV2026,39000.000000,1400,OPTSTK,NFO,5.000000,56001,False
112498,TATAPOWER27OCT26420PE,TATAPOWER,27OCT2026,42000.000000,1450,OPTSTK,NFO,5.000000,58001,False
99414,ONGC29SEP26242.5PE,ONGC,29SEP2026,24250.000000,2250,OPTSTK,NFO,1.000000,90001,False
99419,ONGC29SEP26252.5CE,ONGC,29SEP2026,25250.000000,2250,OPTSTK,NFO,1.000000,90001,False
99534,HINDUNILVR23NOV261680CE,HINDUNILVR,23NOV2026,168000.000000,300,OPTSTK,NFO,5.000000,12001,False
99537,HINDUNILVR23NOV261720PE,HINDUNILVR,23NOV2026,172000.000000,300,OPTSTK,NFO,5.000000,12001,False
99564,ONGC27OCT26200CE,ONGC,27OCT2026,20000.000000,2250,OPTSTK,NFO,1.000000,90001,False
99570,HINDUNILVR23NOV261920PE,HINDUNILVR,23NOV2026,192000.000000,300,OPTSTK,NFO,5.000000,12001,False
99573,HINDUNILVR23NOV262000CE,HINDUNILVR,23NOV2026,200000.000000,300,OPTSTK,NFO,5.000000,12001,False
99575,HINDUNILVR23NOV262040CE,HINDUNILVR,23NOV2026,204000.000000,300,OPTSTK,NFO,5.000000,12001,False
112502,TATAPOWER27OCT26440PE,TATAPOWER,27OCT2026,44000.000000,1450,OPTSTK,NFO,5.000000,58001,False
112550,ICICIPRULI29SEP26400PE,ICICIPRULI,29SEP2026,40000.000000,925,OPTSTK,NFO,5.000000,46251,False
112552,ICICIPRULI29SEP26410PE,ICICIPRULI,29SEP2026,41000.000000,925,OPTSTK,NFO,5.000000,46251,False
112559,ICICIPRULI29SEP26450CE,ICICIPRULI,29SEP2026,45000.000000,925,OPTSTK,NFO,5.000000,46251,False
99579,HINDUNILVR23NOV262120CE,HINDUNILVR,23NOV2026,212000.000000,300,OPTSTK,NFO,5.000000,12001,False
99811,DELHIVERY29SEP26420PE,DELHIVERY,29SEP2026,42000.000000,2075,OPTSTK,NFO,5.000000,62251,False
99816,DELHIVERY29SEP26450CE,DELHIVERY,29SEP2026,45000.000000,2075,OPTSTK,NFO,5.000000,62251,False
99824,DELHIVERY29SEP26470CE,DELHIVERY,29SEP2026,47000.000000,2075,OPTSTK,NFO,5.000000,62251,False
112567,ICICIPRULI29SEP26490CE,ICICIPRULI,29SEP2026,49000.000000,925,OPTSTK,NFO,5.000000,46251,False
99834,DELHIVERY29SEP26520CE,DELHIVERY,29SEP2026,52000.000000,2075,OPTSTK,NFO,5.000000,62251,False
99837,PAGEIND29SEP2642500PE,PAGEIND,29SEP2026,4250000.000000,20,OPTSTK,NFO,5.000000,601,False
99848,PAGEIND29SEP2643500PE,PAGEIND,29SEP2026,4350000.000000,20,OPTSTK,NFO,5.000000,601,False
99893,DELHIVERY29SEP26530CE,DELHIVERY,29SEP2026,53000.000000,2075,OPTSTK,NFO,5.000000,62251,False
99935,PAGEIND27OCT2630000CE,PAGEIND,27OCT2026,3000000.000000,20,OPTSTK,NFO,5.000000,601,False
99938,PAGEIND27OCT2631000PE,PAGEIND,27OCT2026,3100000.000000,20,OPTSTK,NFO,5.000000,601,False
99945,PAGEIND27OCT2635000CE,PAGEIND,27OCT2026,3500000.000000,20,OPTSTK,NFO,5.000000,601,False
99960,PAGEIND27OCT2640000PE,PAGEIND,27OCT2026,4000000.000000,20,OPTSTK,NFO,5.000000,601,False
83393,CGPOWER27OCT26860CE,CGPOWER,27OCT2026,86000.000000,850,OPTSTK,NFO,5.000000,25501,False
83446,INFY27OCT261000PE,INFY,27OCT2026,100000.000000,400,OPTSTK,NFO,5.000000,20001,False
83447,CGPOWER23NOV26760PE,CGPOWER,23NOV2026,76000.000000,850,OPTSTK,NFO,5.000000,25501,False
99963,PAGEIND27OCT2642000CE,PAGEIND,27OCT2026,4200000.000000,20,OPTSTK,NFO,5.000000,601,False
68397,DIVISLAB29SEP269800CE,DIVISLAB,29SEP2026,980000.000000,100,OPTSTK,NFO,5.000000,3001,False
68400,DIVISLAB29SEP2610200PE,DIVISLAB,29SEP2026,1020000.000000,100,OPTSTK,NFO,5.000000,3001,False
83448,CGPOWER23NOV26800CE,CGPOWER,23NOV2026,80000.000000,850,OPTSTK,NFO,5.000000,25501,False
83464,CGPOWER23NOV26960CE,CGPOWER,23NOV2026,96000.000000,850,OPTSTK,NFO,5.000000,25501,False
83655,CHOLAFIN27OCT261660PE,CHOLAFIN,27OCT2026,166000.000000,625,OPTSTK,NFO,5.000000,12501,False
83668,CHOLAFIN27OCT261940CE,CHOLAFIN,27OCT2026,194000.000000,625,OPTSTK,NFO,5.000000,12501,False
68407,NIFTY29SEP26FUT,NIFTY,29SEP2026,-1.000000,65,FUTIDX,NFO,10.000000,1801,False
83669,CHOLAFIN27OCT261940PE,CHOLAFIN,27OCT2026,194000.000000,625,OPTSTK,NFO,5.000000,12501,False
83712,INOXWIND27OCT2665PE,INOXWIND,27OCT2026,6500.000000,6400,OPTSTK,NFO,1.000000,256001,False
83714,INOXWIND27OCT2670PE,INOXWIND,27OCT2026,7000.000000,6400,OPTSTK,NFO,1.000000,256001,False
83739,CHOLAFIN23NOV261600PE,CHOLAFIN,23NOV2026,160000.000000,625,OPTSTK,NFO,5.000000,12501,False
68424,ANGELONE29SEP26FUT,ANGELONE,29SEP2026,-1.000000,2500,FUTSTK,NFO,5.000000,75001,False
68449,BHARTIARTL29SEP26FUT,BHARTIARTL,29SEP2026,-1.000000,475,FUTSTK,NFO,10.000000,14251,False
68467,CONCOR29SEP26FUT,CONCOR,29SEP2026,-1.000000,1250,FUTSTK,NFO,5.000000,50001,False
68469,CUMMINSIND29SEP26FUT,CUMMINSIND,29SEP2026,-1.000000,200,FUTSTK,NFO,50.000000,4001,False
68475,DMART29SEP26FUT,DMART,29SEP2026,-1.000000,150,FUTSTK,NFO,10.000000,6001,False
68487,GODREJPROP29SEP26FUT,GODREJPROP,29SEP2026,-1.000000,325,FUTSTK,NFO,10.000000,13001,False
68516,ADANIPORTS23NOV261440PE,ADANIPORTS,23NOV2026,144000.000000,475,OPTSTK,NFO,5.000000,14251,False
68530,DIVISLAB27OCT268000CE,DIVISLAB,27OCT2026,800000.000000,100,OPTSTK,NFO,5.000000,3001,False
68533,ADANIPORTS23NOV261720CE,ADANIPORTS,23NOV2026,172000.000000,475,OPTSTK,NFO,5.000000,14251,False
68548,INDHOTEL29SEP26FUT,INDHOTEL,29SEP2026,-1.000000,1000,FUTSTK,NFO,5.000000,30001,False
68542,ICICIBANK29SEP26FUT,ICICIBANK,29SEP2026,-1.000000,700,FUTSTK,NFO,10.000000,21001,False
68569,ADANIPORTS23NOV261760PE,ADANIPORTS,23NOV2026,176000.000000,475,OPTSTK,NFO,5.000000,14251,False
68595,KAYNES29SEP26FUT,KAYNES,29SEP2026,-1.000000,150,FUTSTK,NFO,10.000000,6001,False
68606,KFINTECH29SEP26FUT,KFINTECH,29SEP2026,-1.000000,575,FUTSTK,NFO,5.000000,23001,False
68610,KOTAKBANK29SEP26FUT,KOTAKBANK,29SEP2026,-1.000000,2000,FUTSTK,NFO,5.000000,60001,False
68644,LTM29SEP26FUT,LTM,29SEP2026,-1.000000,150,FUTSTK,NFO,10.000000,6001,False
68645,LUPIN29SEP26FUT,LUPIN,29SEP2026,-1.000000,425,FUTSTK,NFO,10.000000,12751,False
68664,DIVISLAB27OCT269200CE,DIVISLAB,27OCT2026,920000.000000,100,OPTSTK,NFO,5.000000,3001,False
68665,DIVISLAB27OCT269200PE,DIVISLAB,27OCT2026,920000.000000,100,OPTSTK,NFO,5.000000,3001,False
68682,ADANIPOWER27OCT26205CE,ADANIPOWER,27OCT2026,20500.000000,3550,OPTSTK,NFO,1.000000,106501,False
68724,DIXON29SEP2612750PE,DIXON,29SEP2026,1275000.000000,50,OPTSTK,NFO,5.000000,1501,False
68745,NHPC29SEP26FUT,NHPC,29SEP2026,-1.000000,6950,FUTSTK,NFO,1.000000,278001,False
68754,OIL29SEP26FUT,OIL,29SEP2026,-1.000000,1400,FUTSTK,NFO,5.000000,56001,False
68758,PAYTM29SEP26FUT,PAYTM,29SEP2026,-1.000000,725,FUTSTK,NFO,10.000000,14501,False
68763,PHOENIXLTD29SEP26FUT,PHOENIXLTD,29SEP2026,-1.000000,350,FUTSTK,NFO,10.000000,14001,False
68764,PIDILITIND29SEP26FUT,PIDILITIND,29SEP2026,-1.000000,500,FUTSTK,NFO,10.000000,15001,False
68773,PRESTIGE29SEP26FUT,PRESTIGE,29SEP2026,-1.000000,450,FUTSTK,NFO,10.000000,13501,False
68787,SONACOMS29SEP26FUT,SONACOMS,29SEP2026,-1.000000,1225,FUTSTK,NFO,5.000000,36751,False
68806,UNIONBANK29SEP26FUT,UNIONBANK,29SEP2026,-1.000000,4425,FUTSTK,NFO,1.000000,132751,False
68810,ADANIPOWER23NOV26190CE,ADANIPOWER,23NOV2026,19000.000000,3550,OPTSTK,NFO,1.000000,106501,False
68812,ADANIPOWER23NOV26200CE,ADANIPOWER,23NOV2026,20000.000000,3550,OPTSTK,NFO,1.000000,106501,False
68818,ADANIPOWER23NOV26230CE,ADANIPOWER,23NOV2026,23000.000000,3550,OPTSTK,NFO,1.000000,106501,False
68824,ADANIPOWER23NOV26260CE,ADANIPOWER,23NOV2026,26000.000000,3550,OPTSTK,NFO,1.000000,106501,False
68861,UNITDSPR29SEP26FUT,UNITDSPR,29SEP2026,-1.000000,400,FUTSTK,NFO,10.000000,16001,False
68890,ALKEM27OCT264650CE,ALKEM,27OCT2026,465000.000000,125,OPTSTK,NFO,5.000000,5001,False
68895,ALKEM27OCT264850PE,ALKEM,27OCT2026,485000.000000,125,OPTSTK,NFO,5.000000,5001,False
68921,ALKEM27OCT265450PE,ALKEM,27OCT2026,545000.000000,125,OPTSTK,NFO,5.000000,5001,False
68905,ALKEM27OCT265050PE,ALKEM,27OCT2026,505000.000000,125,OPTSTK,NFO,5.000000,5001,False
68908,ALKEM27OCT265250CE,ALKEM,27OCT2026,525000.000000,125,OPTSTK,NFO,5.000000,5001,False
68954,DIXON27OCT2615000CE,DIXON,27OCT2026,1500000.000000,50,OPTSTK,NFO,5.000000,1501,False
68965,DIXON27OCT2617000PE,DIXON,27OCT2026,1700000.000000,50,OPTSTK,NFO,5.000000,1501,False
69032,ALKEM23NOV264400CE,ALKEM,23NOV2026,440000.000000,125,OPTSTK,NFO,5.000000,5001,False
69037,ALKEM23NOV264600PE,ALKEM,23NOV2026,460000.000000,125,OPTSTK,NFO,5.000000,5001,False
69046,ALKEM23NOV265100CE,ALKEM,23NOV2026,510000.000000,125,OPTSTK,NFO,5.000000,5001,False
69067,ALKEM23NOV266000CE,ALKEM,23NOV2026,600000.000000,125,OPTSTK,NFO,5.000000,5001,False
69130,DLF29SEP26730CE,DLF,29SEP2026,73000.000000,950,OPTSTK,NFO,5.000000,38001,False
69159,DLF27OCT26560PE,DLF,27OCT2026,56000.000000,950,OPTSTK,NFO,5.000000,38001,False
69178,DLF27OCT26740CE,DLF,27OCT2026,74000.000000,950,OPTSTK,NFO,5.000000,38001,False
69181,DLF27OCT26760PE,DLF,27OCT2026,76000.000000,950,OPTSTK,NFO,5.000000,38001,False
69259,AMBER27OCT267300CE,AMBER,27OCT2026,730000.000000,100,OPTSTK,NFO,5.000000,3001,False
69270,AMBER27OCT268100PE,AMBER,27OCT2026,810000.000000,100,OPTSTK,NFO,5.000000,3001,False
69370,DMART29SEP264050CE,DMART,29SEP2026,405000.000000,150,OPTSTK,NFO,5.000000,6001,False
69390,AMBER23NOV266600PE,AMBER,23NOV2026,660000.000000,100,OPTSTK,NFO,5.000000,3001,False
69399,AMBER23NOV267600CE,AMBER,23NOV2026,760000.000000,100,OPTSTK,NFO,5.000000,3001,False
69400,AMBER23NOV267600PE,AMBER,23NOV2026,760000.000000,100,OPTSTK,NFO,5.000000,3001,False
69421,AMBER23NOV268000PE,AMBER,23NOV2026,800000.000000,100,OPTSTK,NFO,5.000000,3001,False
69483,DMART29SEP264150CE,DMART,29SEP2026,415000.000000,150,OPTSTK,NFO,5.000000,6001,False
69546,BANKNIFTY29SEP2649000CE,BANKNIFTY,29SEP2026,4900000.000000,30,OPTIDX,NFO,5.000000,601,False
69576,DMART29SEP264250PE,DMART,29SEP2026,425000.000000,150,OPTSTK,NFO,5.000000,6001,False
69633,AMBUJACEM27OCT26385PE,AMBUJACEM,27OCT2026,38500.000000,1200,OPTSTK,NFO,5.000000,60001,False
69653,BANKNIFTY29SEP2651300PE,BANKNIFTY,29SEP2026,5130000.000000,30,OPTIDX,NFO,5.000000,601,False
69657,BANKNIFTY29SEP2651500PE,BANKNIFTY,29SEP2026,5150000.000000,30,OPTIDX,NFO,5.000000,601,False
69661,BANKNIFTY29SEP2651700PE,BANKNIFTY,29SEP2026,5170000.000000,30,OPTIDX,NFO,5.000000,601,False
69664,BANKNIFTY29SEP2651900CE,BANKNIFTY,29SEP2026,5190000.000000,30,OPTIDX,NFO,5.000000,601,False
69677,BANKNIFTY29SEP2652600PE,BANKNIFTY,29SEP2026,5260000.000000,30,OPTIDX,NFO,5.000000,601,False
69687,BANKNIFTY29SEP2653100PE,BANKNIFTY,29SEP2026,5310000.000000,30,OPTIDX,NFO,5.000000,601,False
69694,BANKNIFTY29SEP2653500CE,BANKNIFTY,29SEP2026,5350000.000000,30,OPTIDX,NFO,5.000000,601,False
69703,BANKNIFTY29SEP2653900PE,BANKNIFTY,29SEP2026,5390000.000000,30,OPTIDX,NFO,5.000000,601,False
69707,BANKNIFTY29SEP2654200PE,BANKNIFTY,29SEP2026,5420000.000000,30,OPTIDX,NFO,5.000000,601,False
69711,AMBUJACEM27OCT26425PE,AMBUJACEM,27OCT2026,42500.000000,1200,OPTSTK,NFO,5.000000,60001,False
69717,AMBUJACEM27OCT26455PE,AMBUJACEM,27OCT2026,45500.000000,1200,OPTSTK,NFO,5.000000,60001,False
69719,AMBUJACEM27OCT26465PE,AMBUJACEM,27OCT2026,46500.000000,1200,OPTSTK,NFO,5.000000,60001,False
69763,BANKNIFTY29SEP2654800CE,BANKNIFTY,29SEP2026,5480000.000000,30,OPTIDX,NFO,5.000000,601,False
69768,BANKNIFTY29SEP2655000PE,BANKNIFTY,29SEP2026,5500000.000000,30,OPTIDX,NFO,5.000000,601,False
69774,BANKNIFTY29SEP2655200PE,BANKNIFTY,29SEP2026,5520000.000000,30,OPTIDX,NFO,5.000000,601,False
69789,DMART27OCT263500CE,DMART,27OCT2026,350000.000000,150,OPTSTK,NFO,5.000000,6001,False
69802,BANKNIFTY29SEP2656500PE,BANKNIFTY,29SEP2026,5650000.000000,30,OPTIDX,NFO,5.000000,601,False
69813,BANKNIFTY29SEP2657100CE,BANKNIFTY,29SEP2026,5710000.000000,30,OPTIDX,NFO,5.000000,601,False
69815,BANKNIFTY29SEP2657200CE,BANKNIFTY,29SEP2026,5720000.000000,30,OPTIDX,NFO,5.000000,601,False
69820,BANKNIFTY29SEP2657400CE,BANKNIFTY,29SEP2026,5740000.000000,30,OPTIDX,NFO,5.000000,601,False
69823,BANKNIFTY29SEP2657500PE,BANKNIFTY,29SEP2026,5750000.000000,30,OPTIDX,NFO,5.000000,601,False
69827,BANKNIFTY29SEP2657700PE,BANKNIFTY,29SEP2026,5770000.000000,30,OPTIDX,NFO,5.000000,601,False
69837,DMART27OCT263600PE,DMART,27OCT2026,360000.000000,150,OPTSTK,NFO,5.000000,6001,False
69856,DMART27OCT263900CE,DMART,27OCT2026,390000.000000,150,OPTSTK,NFO,5.000000,6001,False
69866,DMART27OCT264300CE,DMART,27OCT2026,430000.000000,150,OPTSTK,NFO,5.000000,6001,False
69897,BANKNIFTY29SEP2659100CE,BANKNIFTY,29SEP2026,5910000.000000,30,OPTIDX,NFO,5.000000,601,False
69921,AMBUJACEM23NOV26400CE,AMBUJACEM,23NOV2026,40000.000000,1200,OPTSTK,NFO,5.000000,60001,False
69927,AMBUJACEM23NOV26430CE,AMBUJACEM,23NOV2026,43000.000000,1200,OPTSTK,NFO,5.000000,60001,False
69982,BANKNIFTY29SEP2659600CE,BANKNIFTY,29SEP2026,5960000.000000,30,OPTIDX,NFO,5.000000,601,False
69984,ANGELONE27OCT26305CE,ANGELONE,27OCT2026,30500.000000,2500,OPTSTK,NFO,5.000000,75001,False
69991,ANGELONE27OCT26335PE,ANGELONE,27OCT2026,33500.000000,2500,OPTSTK,NFO,5.000000,75001,False
69999,DMART27OCT264500CE,DMART,27OCT2026,450000.000000,150,OPTSTK,NFO,5.000000,6001,False
70003,BANKNIFTY29SEP2659800PE,BANKNIFTY,29SEP2026,5980000.000000,30,OPTIDX,NFO,5.000000,601,False
70011,BANKNIFTY29SEP2660100CE,BANKNIFTY,29SEP2026,6010000.000000,30,OPTIDX,NFO,5.000000,601,False
70013,BANKNIFTY29SEP2660200CE,BANKNIFTY,29SEP2026,6020000.000000,30,OPTIDX,NFO,5.000000,601,False
70030,BANKNIFTY29SEP2661000PE,BANKNIFTY,29SEP2026,6100000.000000,30,OPTIDX,NFO,5.000000,601,False
70036,BANKNIFTY29SEP2661300PE,BANKNIFTY,29SEP2026,6130000.000000,30,OPTIDX,NFO,5.000000,601,False
70047,BANKNIFTY29SEP2661900CE,BANKNIFTY,29SEP2026,6190000.000000,30,OPTIDX,NFO,5.000000,601,False
70094,BANKNIFTY29SEP2662800PE,BANKNIFTY,29SEP2026,6280000.000000,30,OPTIDX,NFO,5.000000,601,False
70096,BANKNIFTY29SEP2662900PE,BANKNIFTY,29SEP2026,6290000.000000,30,OPTIDX,NFO,5.000000,601,False
70103,BANKNIFTY29SEP2663400CE,BANKNIFTY,29SEP2026,6340000.000000,30,OPTIDX,NFO,5.000000,601,False
70104,BANKNIFTY29SEP2663400PE,BANKNIFTY,29SEP2026,6340000.000000,30,OPTIDX,NFO,5.000000,601,False
70117,BANKNIFTY29SEP2664100CE,BANKNIFTY,29SEP2026,6410000.000000,30,OPTIDX,NFO,5.000000,601,False
70118,BANKNIFTY29SEP2664100PE,BANKNIFTY,29SEP2026,6410000.000000,30,OPTIDX,NFO,5.000000,601,False
70233,ANGELONE23NOV26260CE,ANGELONE,23NOV2026,26000.000000,2500,OPTSTK,NFO,5.000000,75001,False
70274,ANGELONE23NOV26280PE,ANGELONE,23NOV2026,28000.000000,2500,OPTSTK,NFO,5.000000,75001,False
70412,DRREDDY29SEP261190PE,DRREDDY,29SEP2026,119000.000000,625,OPTSTK,NFO,5.000000,18751,False
70413,DRREDDY29SEP261210CE,DRREDDY,29SEP2026,121000.000000,625,OPTSTK,NFO,5.000000,18751,False
70416,DRREDDY29SEP261230PE,DRREDDY,29SEP2026,123000.000000,625,OPTSTK,NFO,5.000000,18751,False
70420,DRREDDY29SEP261250PE,DRREDDY,29SEP2026,125000.000000,625,OPTSTK,NFO,5.000000,18751,False
70451,DRREDDY29SEP261290PE,DRREDDY,29SEP2026,129000.000000,625,OPTSTK,NFO,5.000000,18751,False
70467,APLAPOLLO27OCT262100PE,APLAPOLLO,27OCT2026,210000.000000,350,OPTSTK,NFO,5.000000,10501,False
70491,APLAPOLLO27OCT262420CE,APLAPOLLO,27OCT2026,242000.000000,350,OPTSTK,NFO,5.000000,10501,False
70659,APLAPOLLO23NOV262000PE,APLAPOLLO,23NOV2026,200000.000000,350,OPTSTK,NFO,5.000000,10501,False
70667,APLAPOLLO23NOV262160PE,APLAPOLLO,23NOV2026,216000.000000,350,OPTSTK,NFO,5.000000,10501,False
70693,APLAPOLLO23NOV262400PE,APLAPOLLO,23NOV2026,240000.000000,350,OPTSTK,NFO,5.000000,10501,False
70764,BANKNIFTY29JUN2749500PE,BANKNIFTY,29JUN2027,4950000.000000,30,OPTIDX,NFO,5.000000,601,False
70766,BANKNIFTY29JUN2751000PE,BANKNIFTY,29JUN2027,5100000.000000,30,OPTIDX,NFO,5.000000,601,False
70792,BANKNIFTY29JUN2757000CE,BANKNIFTY,29JUN2027,5700000.000000,30,OPTIDX,NFO,5.000000,601,False
70831,APOLLOHOSP27OCT268500CE,APOLLOHOSP,27OCT2026,850000.000000,125,OPTSTK,NFO,5.000000,2501,False
70832,APOLLOHOSP27OCT268500PE,APOLLOHOSP,27OCT2026,850000.000000,125,OPTSTK,NFO,5.000000,2501,False
70843,APOLLOHOSP27OCT269700CE,APOLLOHOSP,27OCT2026,970000.000000,125,OPTSTK,NFO,5.000000,2501,False
70845,APOLLOHOSP27OCT269900CE,APOLLOHOSP,27OCT2026,990000.000000,125,OPTSTK,NFO,5.000000,2501,False
70897,DRREDDY27OCT261080CE,DRREDDY,27OCT2026,108000.000000,625,OPTSTK,NFO,5.000000,18751,False
70920,DRREDDY27OCT261300PE,DRREDDY,27OCT2026,130000.000000,625,OPTSTK,NFO,5.000000,18751,False
70923,DRREDDY27OCT261340CE,DRREDDY,27OCT2026,134000.000000,625,OPTSTK,NFO,5.000000,18751,False
70963,APOLLOHOSP23NOV267600CE,APOLLOHOSP,23NOV2026,760000.000000,125,OPTSTK,NFO,5.000000,2501,False
70986,APOLLOHOSP23NOV269800PE,APOLLOHOSP,23NOV2026,980000.000000,125,OPTSTK,NFO,5.000000,2501,False
70987,APOLLOHOSP23NOV2610000CE,APOLLOHOSP,23NOV2026,1000000.000000,125,OPTSTK,NFO,5.000000,2501,False
71032,ASHOKLEY27OCT26172.5PE,ASHOKLEY,27OCT2026,17250.000000,5000,OPTSTK,NFO,1.000000,150001,False
71088,EICHERMOT29SEP267100PE,EICHERMOT,29SEP2026,710000.000000,100,OPTSTK,NFO,5.000000,3001,False
71090,EICHERMOT29SEP267300PE,EICHERMOT,29SEP2026,730000.000000,100,OPTSTK,NFO,5.000000,3001,False
71104,EICHERMOT29SEP267700PE,EICHERMOT,29SEP2026,770000.000000,100,OPTSTK,NFO,5.000000,3001,False
71152,ASHOKLEY23NOV26175CE,ASHOKLEY,23NOV2026,17500.000000,5000,OPTSTK,NFO,1.000000,150001,False
71364,ASIANPAINT27OCT262900PE,ASIANPAINT,27OCT2026,290000.000000,250,OPTSTK,NFO,5.000000,10001,False
71366,EICHERMOT27OCT266800CE,EICHERMOT,27OCT2026,680000.000000,100,OPTSTK,NFO,5.000000,3001,False
71370,EICHERMOT27OCT267200CE,EICHERMOT,27OCT2026,720000.000000,100,OPTSTK,NFO,5.000000,3001,False
71381,EICHERMOT27OCT268000CE,EICHERMOT,27OCT2026,800000.000000,100,OPTSTK,NFO,5.000000,3001,False
71430,EICHERMOT27OCT269200CE,EICHERMOT,27OCT2026,920000.000000,100,OPTSTK,NFO,5.000000,3001,False
71501,NIFTY29DEC2624000CE,NIFTY,29DEC2026,2400000.000000,65,OPTIDX,NFO,5.000000,1801,False
71593,ETERNAL29SEP26335PE,ETERNAL,29SEP2026,33500.000000,2425,OPTSTK,NFO,5.000000,72751,False
71614,ASIANPAINT23NOV262400CE,ASIANPAINT,23NOV2026,240000.000000,250,OPTSTK,NFO,5.000000,10001,False
71630,ASIANPAINT23NOV262720CE,ASIANPAINT,23NOV2026,272000.000000,250,OPTSTK,NFO,5.000000,10001,False
71636,ASIANPAINT23NOV262840CE,ASIANPAINT,23NOV2026,284000.000000,250,OPTSTK,NFO,5.000000,10001,False
71638,ASIANPAINT23NOV262880CE,ASIANPAINT,23NOV2026,288000.000000,250,OPTSTK,NFO,5.000000,10001,False
71646,ASIANPAINT23NOV263040CE,ASIANPAINT,23NOV2026,304000.000000,250,OPTSTK,NFO,5.000000,10001,False
71711,FINNIFTY29SEP2623000PE,FINNIFTY,29SEP2026,2300000.000000,60,OPTIDX,NFO,5.000000,1801,False
71722,FINNIFTY29SEP2623500CE,FINNIFTY,29SEP2026,2350000.000000,60,OPTIDX,NFO,5.000000,1801,False
71724,FINNIFTY29SEP2623600CE,FINNIFTY,29SEP2026,2360000.000000,60,OPTIDX,NFO,5.000000,1801,False
71731,FINNIFTY29SEP2623900PE,FINNIFTY,29SEP2026,2390000.000000,60,OPTIDX,NFO,5.000000,1801,False
71738,FINNIFTY29SEP2624300CE,FINNIFTY,29SEP2026,2430000.000000,60,OPTIDX,NFO,5.000000,1801,False
71740,FINNIFTY29SEP2624400CE,FINNIFTY,29SEP2026,2440000.000000,60,OPTIDX,NFO,5.000000,1801,False
71760,ASTRAL27OCT261660CE,ASTRAL,27OCT2026,166000.000000,425,OPTSTK,NFO,5.000000,17001,False
71764,FINNIFTY29SEP2625000CE,FINNIFTY,29SEP2026,2500000.000000,60,OPTIDX,NFO,5.000000,1801,False
71765,FINNIFTY29SEP2625000PE,FINNIFTY,29SEP2026,2500000.000000,60,OPTIDX,NFO,5.000000,1801,False
71769,FINNIFTY29SEP2625200PE,FINNIFTY,29SEP2026,2520000.000000,60,OPTIDX,NFO,5.000000,1801,False
71782,FINNIFTY29SEP2625600PE,FINNIFTY,29SEP2026,2560000.000000,60,OPTIDX,NFO,5.000000,1801,False
71788,FINNIFTY29SEP2625900PE,FINNIFTY,29SEP2026,2590000.000000,60,OPTIDX,NFO,5.000000,1801,False
71799,FINNIFTY29SEP2626200CE,FINNIFTY,29SEP2026,2620000.000000,60,OPTIDX,NFO,5.000000,1801,False
71818,FINNIFTY29SEP2626400PE,FINNIFTY,29SEP2026,2640000.000000,60,OPTIDX,NFO,5.000000,1801,False
71833,FINNIFTY29SEP2626700CE,FINNIFTY,29SEP2026,2670000.000000,60,OPTIDX,NFO,5.000000,1801,False
71839,FINNIFTY29SEP2626900CE,FINNIFTY,29SEP2026,2690000.000000,60,OPTIDX,NFO,5.000000,1801,False
71877,FINNIFTY29SEP2627400PE,FINNIFTY,29SEP2026,2740000.000000,60,OPTIDX,NFO,5.000000,1801,False
71941,FINNIFTY29SEP2628500CE,FINNIFTY,29SEP2026,2850000.000000,60,OPTIDX,NFO,5.000000,1801,False
71942,FINNIFTY29SEP2628500PE,FINNIFTY,29SEP2026,2850000.000000,60,OPTIDX,NFO,5.000000,1801,False
71967,FINNIFTY29SEP2628600PE,FINNIFTY,29SEP2026,2860000.000000,60,OPTIDX,NFO,5.000000,1801,False
71977,FINNIFTY29SEP2629100CE,FINNIFTY,29SEP2026,2910000.000000,60,OPTIDX,NFO,5.000000,1801,False
71978,FINNIFTY29SEP2629100PE,FINNIFTY,29SEP2026,2910000.000000,60,OPTIDX,NFO,5.000000,1801,False
71995,FINNIFTY29SEP2630000CE,FINNIFTY,29SEP2026,3000000.000000,60,OPTIDX,NFO,5.000000,1801,False
72034,ETERNAL27OCT26280CE,ETERNAL,27OCT2026,28000.000000,2425,OPTSTK,NFO,5.000000,72751,False
72164,ATHERENERG29SEP261320CE,ATHERENERG,29SEP2026,132000.000000,375,OPTSTK,NFO,5.000000,15001,False
72204,ATHERENERG29SEP261460CE,ATHERENERG,29SEP2026,146000.000000,375,OPTSTK,NFO,5.000000,15001,False
72412,FEDERALBNK27OCT26350PE,FEDERALBNK,27OCT2026,35000.000000,2500,OPTSTK,NFO,5.000000,75001,False
72415,FEDERALBNK27OCT26370CE,FEDERALBNK,27OCT2026,37000.000000,2500,OPTSTK,NFO,5.000000,75001,False
72423,ATHERENERG29SEP261560CE,ATHERENERG,29SEP2026,156000.000000,375,OPTSTK,NFO,5.000000,15001,False
72426,FEDERALBNK27OCT26380PE,FEDERALBNK,27OCT2026,38000.000000,2500,OPTSTK,NFO,5.000000,75001,False
72435,ATHERENERG29SEP261660CE,ATHERENERG,29SEP2026,166000.000000,375,OPTSTK,NFO,5.000000,15001,False
72443,FEDERALBNK27OCT26410CE,FEDERALBNK,27OCT2026,41000.000000,2500,OPTSTK,NFO,5.000000,75001,False
72521,ATHERENERG29SEP261860CE,ATHERENERG,29SEP2026,186000.000000,375,OPTSTK,NFO,5.000000,15001,False
72528,ATHERENERG29SEP261920PE,ATHERENERG,29SEP2026,192000.000000,375,OPTSTK,NFO,5.000000,15001,False
72622,MIDCPNIFTY29SEP2612975CE,MIDCPNIFTY,29SEP2026,1297500.000000,120,OPTIDX,NFO,5.000000,2801,False
72623,MIDCPNIFTY29SEP2612975PE,MIDCPNIFTY,29SEP2026,1297500.000000,120,OPTIDX,NFO,5.000000,2801,False
72625,MIDCPNIFTY29SEP2613000PE,MIDCPNIFTY,29SEP2026,1300000.000000,120,OPTIDX,NFO,5.000000,2801,False
72646,MIDCPNIFTY29SEP2613275CE,MIDCPNIFTY,29SEP2026,1327500.000000,120,OPTIDX,NFO,5.000000,2801,False
72673,FORCEMOT27OCT2616000PE,FORCEMOT,27OCT2026,1600000.000000,25,OPTSTK,NFO,5.000000,1251,False
72675,FORCEMOT27OCT2617000PE,FORCEMOT,27OCT2026,1700000.000000,25,OPTSTK,NFO,5.000000,1251,False
72691,MIDCPNIFTY29SEP2613475PE,MIDCPNIFTY,29SEP2026,1347500.000000,120,OPTIDX,NFO,5.000000,2801,False
83760,CHOLAFIN23NOV261920CE,CHOLAFIN,23NOV2026,192000.000000,625,OPTSTK,NFO,5.000000,12501,False
83776,CHOLAFIN23NOV262080PE,CHOLAFIN,23NOV2026,208000.000000,625,OPTSTK,NFO,5.000000,12501,False
83789,ANGELONE29SEP26230CE,ANGELONE,29SEP2026,23000.000000,2500,OPTSTK,NFO,5.000000,75001,False
83825,ANGELONE29SEP26300PE,ANGELONE,29SEP2026,30000.000000,2500,OPTSTK,NFO,5.000000,75001,False
72717,MIDCPNIFTY29SEP2613550CE,MIDCPNIFTY,29SEP2026,1355000.000000,120,OPTIDX,NFO,5.000000,2801,False
72736,MIDCPNIFTY29SEP2613575CE,MIDCPNIFTY,29SEP2026,1357500.000000,120,OPTIDX,NFO,5.000000,2801,False
72777,ATHERENERG27OCT261320PE,ATHERENERG,27OCT2026,132000.000000,375,OPTSTK,NFO,5.000000,15001,False
72778,MIDCPNIFTY29SEP2613775CE,MIDCPNIFTY,29SEP2026,1377500.000000,120,OPTIDX,NFO,5.000000,2801,False
83826,ANGELONE29SEP26310CE,ANGELONE,29SEP2026,31000.000000,2500,OPTSTK,NFO,5.000000,75001,False
83888,CIPLA27OCT261270CE,CIPLA,27OCT2026,127000.000000,425,OPTSTK,NFO,5.000000,17001,False
83898,CIPLA27OCT261370CE,CIPLA,27OCT2026,137000.000000,425,OPTSTK,NFO,5.000000,17001,False
83979,IOC29SEP26127.5PE,IOC,29SEP2026,12750.000000,4875,OPTSTK,NFO,1.000000,195001,False
72796,MIDCPNIFTY29SEP2613875PE,MIDCPNIFTY,29SEP2026,1387500.000000,120,OPTIDX,NFO,5.000000,2801,False
72803,MIDCPNIFTY29SEP2613975CE,MIDCPNIFTY,29SEP2026,1397500.000000,120,OPTIDX,NFO,5.000000,2801,False
72798,MIDCPNIFTY29SEP2613900PE,MIDCPNIFTY,29SEP2026,1390000.000000,120,OPTIDX,NFO,5.000000,2801,False
72802,MIDCPNIFTY29SEP2613950PE,MIDCPNIFTY,29SEP2026,1395000.000000,120,OPTIDX,NFO,5.000000,2801,False
83983,IOC29SEP26137.5PE,IOC,29SEP2026,13750.000000,4875,OPTSTK,NFO,1.000000,195001,False
84169,CIPLA23NOV261160CE,CIPLA,23NOV2026,116000.000000,425,OPTSTK,NFO,5.000000,17001,False
84193,APLAPOLLO29SEP261800CE,APLAPOLLO,29SEP2026,180000.000000,350,OPTSTK,NFO,5.000000,10501,False
84201,APLAPOLLO29SEP261960CE,APLAPOLLO,29SEP2026,196000.000000,350,OPTSTK,NFO,5.000000,10501,False
72820,MIDCPNIFTY29SEP2614075PE,MIDCPNIFTY,29SEP2026,1407500.000000,120,OPTIDX,NFO,5.000000,2801,False
72821,ATHERENERG27OCT261500PE,ATHERENERG,27OCT2026,150000.000000,375,OPTSTK,NFO,5.000000,15001,False
72841,ATHERENERG27OCT261580CE,ATHERENERG,27OCT2026,158000.000000,375,OPTSTK,NFO,5.000000,15001,False
72844,MIDCPNIFTY29SEP2614225CE,MIDCPNIFTY,29SEP2026,1422500.000000,120,OPTIDX,NFO,5.000000,2801,False
84230,APLAPOLLO29SEP262280PE,APLAPOLLO,29SEP2026,228000.000000,350,OPTSTK,NFO,5.000000,10501,False
84240,CIPLA23NOV261340PE,CIPLA,23NOV2026,134000.000000,425,OPTSTK,NFO,5.000000,17001,False
84256,CIPLA23NOV261500PE,CIPLA,23NOV2026,150000.000000,425,OPTSTK,NFO,5.000000,17001,False
84283,IOC27OCT26150CE,IOC,27OCT2026,15000.000000,4875,OPTSTK,NFO,1.000000,195001,False
72857,ATHERENERG27OCT261620PE,ATHERENERG,27OCT2026,162000.000000,375,OPTSTK,NFO,5.000000,15001,False
72869,ATHERENERG27OCT261700PE,ATHERENERG,27OCT2026,170000.000000,375,OPTSTK,NFO,5.000000,15001,False
72873,ATHERENERG27OCT261740PE,ATHERENERG,27OCT2026,174000.000000,375,OPTSTK,NFO,5.000000,15001,False
72933,MIDCPNIFTY29SEP2614425PE,MIDCPNIFTY,29SEP2026,1442500.000000,120,OPTIDX,NFO,5.000000,2801,False
84318,IREDA29SEP26107.5PE,IREDA,29SEP2026,10750.000000,4525,OPTSTK,NFO,1.000000,181001,False
84405,COALINDIA27OCT26365PE,COALINDIA,27OCT2026,36500.000000,1350,OPTSTK,NFO,5.000000,54001,False
84413,COALINDIA27OCT26375PE,COALINDIA,27OCT2026,37500.000000,1350,OPTSTK,NFO,5.000000,54001,False
84417,COALINDIA27OCT26395PE,COALINDIA,27OCT2026,39500.000000,1350,OPTSTK,NFO,5.000000,54001,False
72934,MIDCPNIFTY29SEP2614450CE,MIDCPNIFTY,29SEP2026,1445000.000000,120,OPTIDX,NFO,5.000000,2801,False
72937,MIDCPNIFTY29SEP2614475PE,MIDCPNIFTY,29SEP2026,1447500.000000,120,OPTIDX,NFO,5.000000,2801,False
72938,MIDCPNIFTY29SEP2614500CE,MIDCPNIFTY,29SEP2026,1450000.000000,120,OPTIDX,NFO,5.000000,2801,False
72957,MIDCPNIFTY29SEP2614725PE,MIDCPNIFTY,29SEP2026,1472500.000000,120,OPTIDX,NFO,5.000000,2801,False
84526,IREDA27OCT26105PE,IREDA,27OCT2026,10500.000000,4525,OPTSTK,NFO,1.000000,181001,False
84529,IREDA27OCT26110PE,IREDA,27OCT2026,11000.000000,4525,OPTSTK,NFO,1.000000,181001,False
84556,APOLLOHOSP29SEP268000PE,APOLLOHOSP,29SEP2026,800000.000000,125,OPTSTK,NFO,5.000000,2501,False
84558,APOLLOHOSP29SEP268200PE,APOLLOHOSP,29SEP2026,820000.000000,125,OPTSTK,NFO,5.000000,2501,False
72974,MIDCPNIFTY29SEP2614925CE,MIDCPNIFTY,29SEP2026,1492500.000000,120,OPTIDX,NFO,5.000000,2801,False
72982,MIDCPNIFTY29SEP2615000CE,MIDCPNIFTY,29SEP2026,1500000.000000,120,OPTIDX,NFO,5.000000,2801,False
72983,MIDCPNIFTY29SEP2615000PE,MIDCPNIFTY,29SEP2026,1500000.000000,120,OPTIDX,NFO,5.000000,2801,False
73001,MIDCPNIFTY29SEP2615225PE,MIDCPNIFTY,29SEP2026,1522500.000000,120,OPTIDX,NFO,5.000000,2801,False
84561,APOLLOHOSP29SEP268600CE,APOLLOHOSP,29SEP2026,860000.000000,125,OPTSTK,NFO,5.000000,2501,False
84579,APOLLOHOSP29SEP2610000PE,APOLLOHOSP,29SEP2026,1000000.000000,125,OPTSTK,NFO,5.000000,2501,False
84761,ASHOKLEY29SEP26135PE,ASHOKLEY,29SEP2026,13500.000000,5000,OPTSTK,NFO,1.000000,150001,False
84768,IRFC29SEP2685PE,IRFC,29SEP2026,8500.000000,5425,OPTSTK,NFO,1.000000,271251,False
73002,ATHERENERG23NOV261320PE,ATHERENERG,23NOV2026,132000.000000,375,OPTSTK,NFO,5.000000,15001,False
73077,FORTIS29SEP261030PE,FORTIS,29SEP2026,103000.000000,775,OPTSTK,NFO,5.000000,23251,False
73085,MIDCPNIFTY29SEP2615350PE,MIDCPNIFTY,29SEP2026,1535000.000000,120,OPTIDX,NFO,5.000000,2801,False
73089,MIDCPNIFTY29SEP2615400PE,MIDCPNIFTY,29SEP2026,1540000.000000,120,OPTIDX,NFO,5.000000,2801,False
84773,COALINDIA23NOV26430CE,COALINDIA,23NOV2026,43000.000000,1350,OPTSTK,NFO,5.000000,54001,False
84779,COALINDIA23NOV26460CE,COALINDIA,23NOV2026,46000.000000,1350,OPTSTK,NFO,5.000000,54001,False
84809,COCHINSHIP27OCT261300CE,COCHINSHIP,27OCT2026,130000.000000,400,OPTSTK,NFO,5.000000,16001,False
84810,COCHINSHIP27OCT261300PE,COCHINSHIP,27OCT2026,130000.000000,400,OPTSTK,NFO,5.000000,16001,False
73098,MIDCPNIFTY29SEP2615500PE,MIDCPNIFTY,29SEP2026,1550000.000000,120,OPTIDX,NFO,5.000000,2801,False
73117,MIDCPNIFTY29SEP2615600PE,MIDCPNIFTY,29SEP2026,1560000.000000,120,OPTIDX,NFO,5.000000,2801,False
73121,MIDCPNIFTY29SEP2615650PE,MIDCPNIFTY,29SEP2026,1565000.000000,120,OPTIDX,NFO,5.000000,2801,False
73122,MIDCPNIFTY29SEP2615675CE,MIDCPNIFTY,29SEP2026,1567500.000000,120,OPTIDX,NFO,5.000000,2801,False
84814,COCHINSHIP27OCT261380PE,COCHINSHIP,27OCT2026,138000.000000,400,OPTSTK,NFO,5.000000,16001,False
84824,COCHINSHIP27OCT261580PE,COCHINSHIP,27OCT2026,158000.000000,400,OPTSTK,NFO,5.000000,16001,False
84913,COCHINSHIP23NOV261440PE,COCHINSHIP,23NOV2026,144000.000000,400,OPTSTK,NFO,5.000000,16001,False
84918,COCHINSHIP23NOV261560CE,COCHINSHIP,23NOV2026,156000.000000,400,OPTSTK,NFO,5.000000,16001,False
73123,MIDCPNIFTY29SEP2615675PE,MIDCPNIFTY,29SEP2026,1567500.000000,120,OPTIDX,NFO,5.000000,2801,False
73128,MIDCPNIFTY29SEP2615750CE,MIDCPNIFTY,29SEP2026,1575000.000000,120,OPTIDX,NFO,5.000000,2801,False
73130,MIDCPNIFTY29SEP2615775CE,MIDCPNIFTY,29SEP2026,1577500.000000,120,OPTIDX,NFO,5.000000,2801,False
73144,ATHERENERG23NOV261920PE,ATHERENERG,23NOV2026,192000.000000,375,OPTSTK,NFO,5.000000,15001,False
84920,COCHINSHIP23NOV261600CE,COCHINSHIP,23NOV2026,160000.000000,400,OPTSTK,NFO,5.000000,16001,False
84924,COCHINSHIP23NOV261680CE,COCHINSHIP,23NOV2026,168000.000000,400,OPTSTK,NFO,5.000000,16001,False
84925,COCHINSHIP23NOV261680PE,COCHINSHIP,23NOV2026,168000.000000,400,OPTSTK,NFO,5.000000,16001,False
84928,ASHOKLEY29SEP26160PE,ASHOKLEY,29SEP2026,16000.000000,5000,OPTSTK,NFO,1.000000,150001,False
73162,AUBANK27OCT261020PE,AUBANK,27OCT2026,102000.000000,1000,OPTSTK,NFO,5.000000,20001,False
73177,MIDCPNIFTY29SEP2615850PE,MIDCPNIFTY,29SEP2026,1585000.000000,120,OPTIDX,NFO,5.000000,2801,False
73193,MIDCPNIFTY29SEP2615925CE,MIDCPNIFTY,29SEP2026,1592500.000000,120,OPTIDX,NFO,5.000000,2801,False
73195,MIDCPNIFTY29SEP2615925PE,MIDCPNIFTY,29SEP2026,1592500.000000,120,OPTIDX,NFO,5.000000,2801,False
73206,MIDCPNIFTY29SEP2615975PE,MIDCPNIFTY,29SEP2026,1597500.000000,120,OPTIDX,NFO,5.000000,2801,False
73215,FORTIS27OCT26820CE,FORTIS,27OCT2026,82000.000000,775,OPTSTK,NFO,5.000000,23251,False
73219,FORTIS27OCT26860CE,FORTIS,27OCT2026,86000.000000,775,OPTSTK,NFO,5.000000,23251,False
73224,FORTIS27OCT26900PE,FORTIS,27OCT2026,90000.000000,775,OPTSTK,NFO,5.000000,23251,False
84942,IRFC29SEP2691CE,IRFC,29SEP2026,9100.000000,5425,OPTSTK,NFO,1.000000,271251,False
84943,IRFC29SEP2691PE,IRFC,29SEP2026,9100.000000,5425,OPTSTK,NFO,1.000000,271251,False
84946,IRFC29SEP2695CE,IRFC,29SEP2026,9500.000000,5425,OPTSTK,NFO,1.000000,271251,False
85024,IRFC27OCT2668PE,IRFC,27OCT2026,6800.000000,5425,OPTSTK,NFO,1.000000,271251,False
85044,IRFC27OCT2684CE,IRFC,27OCT2026,8400.000000,5425,OPTSTK,NFO,1.000000,271251,False
85062,IRFC27OCT2690CE,IRFC,27OCT2026,9000.000000,5425,OPTSTK,NFO,1.000000,271251,False
85082,COFORGE27OCT261700CE,COFORGE,27OCT2026,170000.000000,475,OPTSTK,NFO,5.000000,14251,False
85084,COFORGE27OCT261740CE,COFORGE,27OCT2026,174000.000000,475,OPTSTK,NFO,5.000000,14251,False
73236,MIDCPNIFTY29SEP2616050CE,MIDCPNIFTY,29SEP2026,1605000.000000,120,OPTIDX,NFO,5.000000,2801,False
73266,AUBANK27OCT261180PE,AUBANK,27OCT2026,118000.000000,1000,OPTSTK,NFO,5.000000,20001,False
73327,MIDCPNIFTY29SEP2616300PE,MIDCPNIFTY,29SEP2026,1630000.000000,120,OPTIDX,NFO,5.000000,2801,False
73347,MIDCPNIFTY29SEP2616400CE,MIDCPNIFTY,29SEP2026,1640000.000000,120,OPTIDX,NFO,5.000000,2801,False
85091,COFORGE27OCT261860PE,COFORGE,27OCT2026,186000.000000,475,OPTSTK,NFO,5.000000,14251,False
85092,COFORGE27OCT261900CE,COFORGE,27OCT2026,190000.000000,475,OPTSTK,NFO,5.000000,14251,False
85094,COFORGE27OCT261900PE,COFORGE,27OCT2026,190000.000000,475,OPTSTK,NFO,5.000000,14251,False
85105,IRFC27OCT26100CE,IRFC,27OCT2026,10000.000000,5425,OPTSTK,NFO,1.000000,271251,False
73492,AUBANK23NOV26920CE,AUBANK,23NOV2026,92000.000000,1000,OPTSTK,NFO,5.000000,20001,False
73498,AUBANK23NOV261040CE,AUBANK,23NOV2026,104000.000000,1000,OPTSTK,NFO,5.000000,20001,False
73512,AUBANK23NOV261200CE,AUBANK,23NOV2026,120000.000000,1000,OPTSTK,NFO,5.000000,20001,False
73781,AUROPHARMA23NOV261640CE,AUROPHARMA,23NOV2026,164000.000000,550,OPTSTK,NFO,5.000000,16501,False
73782,AUROPHARMA23NOV261640PE,AUROPHARMA,23NOV2026,164000.000000,550,OPTSTK,NFO,5.000000,16501,False
73786,AUROPHARMA23NOV261680PE,AUROPHARMA,23NOV2026,168000.000000,550,OPTSTK,NFO,5.000000,16501,False
73833,NIFTY29SEP2621700CE,NIFTY,29SEP2026,2170000.000000,65,OPTIDX,NFO,5.000000,1801,False
73876,NIFTY29SEP2622250PE,NIFTY,29SEP2026,2225000.000000,65,OPTIDX,NFO,5.000000,1801,False
85114,IRFC27OCT26108CE,IRFC,27OCT2026,10800.000000,5425,OPTSTK,NFO,1.000000,271251,False
85163,COFORGE27OCT262020CE,COFORGE,27OCT2026,202000.000000,475,OPTSTK,NFO,5.000000,14251,False
85173,COFORGE27OCT262140CE,COFORGE,27OCT2026,214000.000000,475,OPTSTK,NFO,5.000000,14251,False
85188,COFORGE27OCT262260PE,COFORGE,27OCT2026,226000.000000,475,OPTSTK,NFO,5.000000,14251,False
73877,NIFTY29SEP2622300CE,NIFTY,29SEP2026,2230000.000000,65,OPTIDX,NFO,5.000000,1801,False
73882,NIFTY29SEP2622400PE,NIFTY,29SEP2026,2240000.000000,65,OPTIDX,NFO,5.000000,1801,False
73883,NIFTY29SEP2622450CE,NIFTY,29SEP2026,2245000.000000,65,OPTIDX,NFO,5.000000,1801,False
73887,NIFTY29SEP2622600CE,NIFTY,29SEP2026,2260000.000000,65,OPTIDX,NFO,5.000000,1801,False
85227,COFORGE23NOV261760PE,COFORGE,23NOV2026,176000.000000,475,OPTSTK,NFO,5.000000,14251,False
85233,COFORGE23NOV261800PE,COFORGE,23NOV2026,180000.000000,475,OPTSTK,NFO,5.000000,14251,False
85295,COFORGE23NOV261920CE,COFORGE,23NOV2026,192000.000000,475,OPTSTK,NFO,5.000000,14251,False
85296,COFORGE23NOV261920PE,COFORGE,23NOV2026,192000.000000,475,OPTSTK,NFO,5.000000,14251,False
85309,COFORGE23NOV262040PE,COFORGE,23NOV2026,204000.000000,475,OPTSTK,NFO,5.000000,14251,False
85418,ITC29SEP26297.5CE,ITC,29SEP2026,29750.000000,1725,OPTSTK,NFO,5.000000,86251,False
85513,COLPAL27OCT261660PE,COLPAL,27OCT2026,166000.000000,275,OPTSTK,NFO,5.000000,11001,False
85523,COLPAL27OCT261860PE,COLPAL,27OCT2026,186000.000000,275,OPTSTK,NFO,5.000000,11001,False
73891,NIFTY29SEP2622700CE,NIFTY,29SEP2026,2270000.000000,65,OPTIDX,NFO,5.000000,1801,False
73900,NIFTY29SEP2622900PE,NIFTY,29SEP2026,2290000.000000,65,OPTIDX,NFO,5.000000,1801,False
73904,NIFTY29SEP2623050CE,NIFTY,29SEP2026,2305000.000000,65,OPTIDX,NFO,5.000000,1801,False
73973,AXISBANK27OCT261180CE,AXISBANK,27OCT2026,118000.000000,625,OPTSTK,NFO,5.000000,18751,False
85586,ASIANPAINT29SEP262280CE,ASIANPAINT,29SEP2026,228000.000000,250,OPTSTK,NFO,5.000000,10001,False
85593,ASIANPAINT29SEP262320PE,ASIANPAINT,29SEP2026,232000.000000,250,OPTSTK,NFO,5.000000,10001,False
85606,ASIANPAINT29SEP262400PE,ASIANPAINT,29SEP2026,240000.000000,250,OPTSTK,NFO,5.000000,10001,False
85635,ITC27OCT26215PE,ITC,27OCT2026,21500.000000,1725,OPTSTK,NFO,5.000000,86251,False
74003,NIFTY29SEP2623600CE,NIFTY,29SEP2026,2360000.000000,65,OPTIDX,NFO,5.000000,1801,False
74045,NIFTY29SEP2623800CE,NIFTY,29SEP2026,2380000.000000,65,OPTIDX,NFO,5.000000,1801,False
74048,NIFTY29SEP2623850CE,NIFTY,29SEP2026,2385000.000000,65,OPTIDX,NFO,5.000000,1801,False
74056,NIFTY29SEP2623900CE,NIFTY,29SEP2026,2390000.000000,65,OPTIDX,NFO,5.000000,1801,False
85643,ITC27OCT26235PE,ITC,27OCT2026,23500.000000,1725,OPTSTK,NFO,5.000000,86251,False
85647,ITC27OCT26245PE,ITC,27OCT2026,24500.000000,1725,OPTSTK,NFO,5.000000,86251,False
85649,ITC27OCT26250PE,ITC,27OCT2026,25000.000000,1725,OPTSTK,NFO,5.000000,86251,False
85665,ITC27OCT26290PE,ITC,27OCT2026,29000.000000,1725,OPTSTK,NFO,5.000000,86251,False
74064,NIFTY29SEP2624100CE,NIFTY,29SEP2026,2410000.000000,65,OPTIDX,NFO,5.000000,1801,False
74098,NIFTY29SEP2624250PE,NIFTY,29SEP2026,2425000.000000,65,OPTIDX,NFO,5.000000,1801,False
74162,AXISBANK23NOV261360PE,AXISBANK,23NOV2026,136000.000000,625,OPTSTK,NFO,5.000000,18751,False
74163,AXISBANK23NOV261400CE,AXISBANK,23NOV2026,140000.000000,625,OPTSTK,NFO,5.000000,18751,False
85693,ASIANPAINT29SEP262880PE,ASIANPAINT,29SEP2026,288000.000000,250,OPTSTK,NFO,5.000000,10001,False
85694,ASIANPAINT29SEP262920CE,ASIANPAINT,29SEP2026,292000.000000,250,OPTSTK,NFO,5.000000,10001,False
85703,ASIANPAINT29SEP263040CE,ASIANPAINT,29SEP2026,304000.000000,250,OPTSTK,NFO,5.000000,10001,False
85704,ASIANPAINT29SEP263040PE,ASIANPAINT,29SEP2026,304000.000000,250,OPTSTK,NFO,5.000000,10001,False
74289,NIFTY29SEP2624600CE,NIFTY,29SEP2026,2460000.000000,65,OPTIDX,NFO,5.000000,1801,False
74348,BAJAJ-AUTO27OCT2610700CE,BAJAJ-AUTO,27OCT2026,1070000.000000,75,OPTSTK,NFO,5.000000,2251,False
74355,NIFTY29SEP2624750CE,NIFTY,29SEP2026,2475000.000000,65,OPTIDX,NFO,5.000000,1801,False
74397,NIFTY29SEP2625550CE,NIFTY,29SEP2026,2555000.000000,65,OPTIDX,NFO,5.000000,1801,False
85806,COLPAL23NOV261640PE,COLPAL,23NOV2026,164000.000000,275,OPTSTK,NFO,5.000000,11001,False
85830,COLPAL23NOV261960PE,COLPAL,23NOV2026,196000.000000,275,OPTSTK,NFO,5.000000,11001,False
85841,COLPAL23NOV262160PE,COLPAL,23NOV2026,216000.000000,275,OPTSTK,NFO,5.000000,11001,False
85844,COLPAL23NOV262240CE,COLPAL,23NOV2026,224000.000000,275,OPTSTK,NFO,5.000000,11001,False
74404,BAJAJ-AUTO27OCT2611900PE,BAJAJ-AUTO,27OCT2026,1190000.000000,75,OPTSTK,NFO,5.000000,2251,False
74409,BAJAJ-AUTO27OCT2612300CE,BAJAJ-AUTO,27OCT2026,1230000.000000,75,OPTSTK,NFO,5.000000,2251,False
74417,NIFTY29SEP2625700PE,NIFTY,29SEP2026,2570000.000000,65,OPTIDX,NFO,5.000000,1801,False
74420,NIFTY29SEP2625800CE,NIFTY,29SEP2026,2580000.000000,65,OPTIDX,NFO,5.000000,1801,False
85928,CONCOR27OCT26465PE,CONCOR,27OCT2026,46500.000000,1250,OPTSTK,NFO,5.000000,50001,False
85942,CONCOR27OCT26495PE,CONCOR,27OCT2026,49500.000000,1250,OPTSTK,NFO,5.000000,50001,False
85972,JINDALSTEL29SEP261180PE,JINDALSTEL,29SEP2026,118000.000000,625,OPTSTK,NFO,5.000000,18751,False
85975,JINDALSTEL29SEP261260CE,JINDALSTEL,29SEP2026,126000.000000,625,OPTSTK,NFO,5.000000,18751,False
74433,NIFTY29SEP2625950PE,NIFTY,29SEP2026,2595000.000000,65,OPTIDX,NFO,5.000000,1801,False
74439,NIFTY29SEP2626050PE,NIFTY,29SEP2026,2605000.000000,65,OPTIDX,NFO,5.000000,1801,False
74463,NIFTY29SEP2626150CE,NIFTY,29SEP2026,2615000.000000,65,OPTIDX,NFO,5.000000,1801,False
74483,NIFTY29SEP2626550CE,NIFTY,29SEP2026,2655000.000000,65,OPTIDX,NFO,5.000000,1801,False
85977,JINDALSTEL29SEP261300CE,JINDALSTEL,29SEP2026,130000.000000,625,OPTSTK,NFO,5.000000,18751,False
85979,JINDALSTEL29SEP261300PE,JINDALSTEL,29SEP2026,130000.000000,625,OPTSTK,NFO,5.000000,18751,False
86016,ASTRAL29SEP261360PE,ASTRAL,29SEP2026,136000.000000,425,OPTSTK,NFO,5.000000,17001,False
86025,ASTRAL29SEP261440CE,ASTRAL,29SEP2026,144000.000000,425,OPTSTK,NFO,5.000000,17001,False
86058,JINDALSTEL27OCT261240PE,JINDALSTEL,27OCT2026,124000.000000,625,OPTSTK,NFO,5.000000,18751,False
86094,ASTRAL29SEP261520PE,ASTRAL,29SEP2026,152000.000000,425,OPTSTK,NFO,5.000000,17001,False
86105,ASTRAL29SEP261640PE,ASTRAL,29SEP2026,164000.000000,425,OPTSTK,NFO,5.000000,17001,False
86200,CONCOR23NOV26460PE,CONCOR,23NOV2026,46000.000000,1250,OPTSTK,NFO,5.000000,50001,False
74494,NIFTY29SEP2626800PE,NIFTY,29SEP2026,2680000.000000,65,OPTIDX,NFO,5.000000,1801,False
74611,GAIL27OCT26150CE,GAIL,27OCT2026,15000.000000,3550,OPTSTK,NFO,1.000000,142001,False
74613,GAIL27OCT26155CE,GAIL,27OCT2026,15500.000000,3550,OPTSTK,NFO,1.000000,142001,False
74617,GAIL27OCT26165CE,GAIL,27OCT2026,16500.000000,3550,OPTSTK,NFO,1.000000,142001,False
86216,CONCOR23NOV26520PE,CONCOR,23NOV2026,52000.000000,1250,OPTSTK,NFO,5.000000,50001,False
86264,JIOFIN29SEP26242.5CE,JIOFIN,29SEP2026,24250.000000,2350,OPTSTK,NFO,1.000000,94001,False
86276,JIOFIN29SEP26247.5CE,JIOFIN,29SEP2026,24750.000000,2350,OPTSTK,NFO,1.000000,94001,False
86315,CROMPTON27OCT26235CE,CROMPTON,27OCT2026,23500.000000,2150,OPTSTK,NFO,1.000000,86001,False
86406,JIOFIN27OCT26220CE,JIOFIN,27OCT2026,22000.000000,2350,OPTSTK,NFO,1.000000,94001,False
74639,NIFTY24JUN3116500PE,NIFTY,24JUN2031,1650000.000000,65,OPTIDX,NFO,5.000000,1801,False
74652,NIFTY24JUN3125500PE,NIFTY,24JUN2031,2550000.000000,65,OPTIDX,NFO,5.000000,1801,False
74655,NIFTY24JUN3128500CE,NIFTY,24JUN2031,2850000.000000,65,OPTIDX,NFO,5.000000,1801,False
74701,GAIL27OCT26200PE,GAIL,27OCT2026,20000.000000,3550,OPTSTK,NFO,1.000000,142001,False
86347,JIOFIN29SEP26262.5PE,JIOFIN,29SEP2026,26250.000000,2350,OPTSTK,NFO,1.000000,94001,False
86400,JIOFIN27OCT26205CE,JIOFIN,27OCT2026,20500.000000,2350,OPTSTK,NFO,1.000000,94001,False
86401,JIOFIN27OCT26205PE,JIOFIN,27OCT2026,20500.000000,2350,OPTSTK,NFO,1.000000,94001,False
74879,GLENMARK29SEP262100PE,GLENMARK,29SEP2026,210000.000000,375,OPTSTK,NFO,5.000000,11251,False
74884,GLENMARK29SEP262220CE,GLENMARK,29SEP2026,222000.000000,375,OPTSTK,NFO,5.000000,11251,False
74899,GLENMARK29SEP262380CE,GLENMARK,29SEP2026,238000.000000,375,OPTSTK,NFO,5.000000,11251,False
74901,GLENMARK29SEP262420CE,GLENMARK,29SEP2026,242000.000000,375,OPTSTK,NFO,5.000000,11251,False
86410,JIOFIN27OCT26230CE,JIOFIN,27OCT2026,23000.000000,2350,OPTSTK,NFO,1.000000,94001,False
86424,JIOFIN27OCT26265CE,JIOFIN,27OCT2026,26500.000000,2350,OPTSTK,NFO,1.000000,94001,False
86439,AUBANK29SEP26960CE,AUBANK,29SEP2026,96000.000000,1000,OPTSTK,NFO,5.000000,20001,False
86448,AUBANK29SEP26960PE,AUBANK,29SEP2026,96000.000000,1000,OPTSTK,NFO,5.000000,20001,False
74912,NIFTYNXT5029SEP2662000PE,NIFTYNXT50,29SEP2026,6200000.000000,25,OPTIDX,NFO,5.000000,601,False
74914,GLENMARK29SEP262500PE,GLENMARK,29SEP2026,250000.000000,375,OPTSTK,NFO,5.000000,11251,False
74933,BAJAJ-AUTO23NOV2612800PE,BAJAJ-AUTO,23NOV2026,1280000.000000,75,OPTSTK,NFO,5.000000,2251,False
74947,GLENMARK29SEP262540CE,GLENMARK,29SEP2026,254000.000000,375,OPTSTK,NFO,5.000000,11251,False
86455,AUBANK29SEP261000PE,AUBANK,29SEP2026,100000.000000,1000,OPTSTK,NFO,5.000000,20001,False
86469,AUBANK29SEP261280PE,AUBANK,29SEP2026,128000.000000,1000,OPTSTK,NFO,5.000000,20001,False
86499,CROMPTON23NOV26200PE,CROMPTON,23NOV2026,20000.000000,2150,OPTSTK,NFO,1.000000,86001,False
86504,CROMPTON23NOV26220CE,CROMPTON,23NOV2026,22000.000000,2150,OPTSTK,NFO,1.000000,86001,False
74952,GLENMARK29SEP262620PE,GLENMARK,29SEP2026,262000.000000,375,OPTSTK,NFO,5.000000,11251,False
74991,NIFTYNXT5029SEP2662500CE,NIFTYNXT50,29SEP2026,6250000.000000,25,OPTIDX,NFO,5.000000,601,False
75014,NIFTYNXT5029SEP2663000PE,NIFTYNXT50,29SEP2026,6300000.000000,25,OPTIDX,NFO,5.000000,601,False
75036,NIFTYNXT5029SEP2663500PE,NIFTYNXT50,29SEP2026,6350000.000000,25,OPTIDX,NFO,5.000000,601,False
86505,CROMPTON23NOV26220PE,CROMPTON,23NOV2026,22000.000000,2150,OPTSTK,NFO,1.000000,86001,False
86513,CROMPTON23NOV26260PE,CROMPTON,23NOV2026,26000.000000,2150,OPTSTK,NFO,1.000000,86001,False
86516,CROMPTON23NOV26270CE,CROMPTON,23NOV2026,27000.000000,2150,OPTSTK,NFO,1.000000,86001,False
86558,CUMMINSIND27OCT265100CE,CUMMINSIND,27OCT2026,510000.000000,200,OPTSTK,NFO,5.000000,4001,False
86564,CUMMINSIND27OCT265500PE,CUMMINSIND,27OCT2026,550000.000000,200,OPTSTK,NFO,5.000000,4001,False
86637,JSWENERGY27OCT26480CE,JSWENERGY,27OCT2026,48000.000000,1075,OPTSTK,NFO,5.000000,43001,False
86644,JSWENERGY27OCT26540PE,JSWENERGY,27OCT2026,54000.000000,1075,OPTSTK,NFO,5.000000,43001,False
86645,JSWENERGY27OCT26560CE,JSWENERGY,27OCT2026,56000.000000,1075,OPTSTK,NFO,5.000000,43001,False
75067,BAJAJFINSV27OCT261740CE,BAJAJFINSV,27OCT2026,174000.000000,300,OPTSTK,NFO,5.000000,12001,False
75068,BAJAJFINSV27OCT261740PE,BAJAJFINSV,27OCT2026,174000.000000,300,OPTSTK,NFO,5.000000,12001,False
75088,BAJAJFINSV27OCT261940CE,BAJAJFINSV,27OCT2026,194000.000000,300,OPTSTK,NFO,5.000000,12001,False
75094,NIFTYNXT5029SEP2664300CE,NIFTYNXT50,29SEP2026,6430000.000000,25,OPTIDX,NFO,5.000000,601,False
86734,CUMMINSIND23NOV265000PE,CUMMINSIND,23NOV2026,500000.000000,200,OPTSTK,NFO,5.000000,4001,False
86787,JSWSTEEL29SEP261140CE,JSWSTEEL,29SEP2026,114000.000000,675,OPTSTK,NFO,5.000000,20251,False
86807,JSWSTEEL29SEP261380CE,JSWSTEEL,29SEP2026,138000.000000,675,OPTSTK,NFO,5.000000,20251,False
86834,DABUR27OCT26335PE,DABUR,27OCT2026,33500.000000,1250,OPTSTK,NFO,5.000000,50001,False
75110,GLENMARK27OCT262080PE,GLENMARK,27OCT2026,208000.000000,375,OPTSTK,NFO,5.000000,11251,False
75112,NIFTYNXT5029SEP2665000CE,NIFTYNXT50,29SEP2026,6500000.000000,25,OPTIDX,NFO,5.000000,601,False
75117,NIFTYNXT5029SEP2665100PE,NIFTYNXT50,29SEP2026,6510000.000000,25,OPTIDX,NFO,5.000000,601,False
75119,NIFTYNXT5029SEP2665200PE,NIFTYNXT50,29SEP2026,6520000.000000,25,OPTIDX,NFO,5.000000,601,False
86849,DABUR27OCT26405PE,DABUR,27OCT2026,40500.000000,1250,OPTSTK,NFO,5.000000,50001,False
86851,DABUR27OCT26415PE,DABUR,27OCT2026,41500.000000,1250,OPTSTK,NFO,5.000000,50001,False
86964,AUROPHARMA29SEP261400PE,AUROPHARMA,29SEP2026,140000.000000,550,OPTSTK,NFO,5.000000,16501,False
86983,JSWSTEEL27OCT261120CE,JSWSTEEL,27OCT2026,112000.000000,675,OPTSTK,NFO,5.000000,20251,False
75157,NIFTYNXT5029SEP2665800PE,NIFTYNXT50,29SEP2026,6580000.000000,25,OPTIDX,NFO,5.000000,601,False
75181,GLENMARK27OCT262520PE,GLENMARK,27OCT2026,252000.000000,375,OPTSTK,NFO,5.000000,11251,False
75158,NIFTYNXT5029SEP2665900CE,NIFTYNXT50,29SEP2026,6590000.000000,25,OPTIDX,NFO,5.000000,601,False
75179,GLENMARK27OCT262480PE,GLENMARK,27OCT2026,248000.000000,375,OPTSTK,NFO,5.000000,11251,False
86989,JSWSTEEL27OCT261200PE,JSWSTEEL,27OCT2026,120000.000000,675,OPTSTK,NFO,5.000000,20251,False
86996,JSWSTEEL27OCT261360CE,JSWSTEEL,27OCT2026,136000.000000,675,OPTSTK,NFO,5.000000,20251,False
87023,DABUR23NOV26330CE,DABUR,23NOV2026,33000.000000,1250,OPTSTK,NFO,5.000000,50001,False
87052,DABUR23NOV26420CE,DABUR,23NOV2026,42000.000000,1250,OPTSTK,NFO,5.000000,50001,False
100020,HINDZINC27OCT26610PE,HINDZINC,27OCT2026,61000.000000,1225,OPTSTK,NFO,5.000000,36751,False
100037,HINDZINC27OCT26670CE,HINDZINC,27OCT2026,67000.000000,1225,OPTSTK,NFO,5.000000,36751,False
100064,DIVISLAB29SEP266800CE,DIVISLAB,29SEP2026,680000.000000,100,OPTSTK,NFO,5.000000,3001,False
100074,DIVISLAB29SEP267800CE,DIVISLAB,29SEP2026,780000.000000,100,OPTSTK,NFO,5.000000,3001,False
75184,GLENMARK27OCT262600CE,GLENMARK,27OCT2026,260000.000000,375,OPTSTK,NFO,5.000000,11251,False
75188,GLENMARK27OCT262680CE,GLENMARK,27OCT2026,268000.000000,375,OPTSTK,NFO,5.000000,11251,False
75220,NIFTYNXT5029SEP2666100PE,NIFTYNXT50,29SEP2026,6610000.000000,25,OPTIDX,NFO,5.000000,601,False
75265,GMRAIRPORT29SEP2697PE,GMRAIRPORT,29SEP2026,9700.000000,6975,OPTSTK,NFO,1.000000,209251,False
87063,JSWSTEEL27OCT261400PE,JSWSTEEL,27OCT2026,140000.000000,675,OPTSTK,NFO,5.000000,20251,False
87124,AXISBANK29SEP261280CE,AXISBANK,29SEP2026,128000.000000,625,OPTSTK,NFO,5.000000,18751,False
87141,AXISBANK29SEP261600CE,AXISBANK,29SEP2026,160000.000000,625,OPTSTK,NFO,5.000000,18751,False
87238,JUBLFOOD29SEP26435PE,JUBLFOOD,29SEP2026,43500.000000,1250,OPTSTK,NFO,5.000000,50001,False
75269,GMRAIRPORT29SEP26101PE,GMRAIRPORT,29SEP2026,10100.000000,6975,OPTSTK,NFO,1.000000,209251,False
75277,GMRAIRPORT29SEP26109PE,GMRAIRPORT,29SEP2026,10900.000000,6975,OPTSTK,NFO,1.000000,209251,False
75278,GMRAIRPORT29SEP26111CE,GMRAIRPORT,29SEP2026,11100.000000,6975,OPTSTK,NFO,1.000000,209251,False
75295,NIFTYNXT5029SEP2667600PE,NIFTYNXT50,29SEP2026,6760000.000000,25,OPTIDX,NFO,5.000000,601,False
100110,HINDZINC23NOV26480CE,HINDZINC,23NOV2026,48000.000000,1225,OPTSTK,NFO,5.000000,36751,False
100144,HINDZINC23NOV26600PE,HINDZINC,23NOV2026,60000.000000,1225,OPTSTK,NFO,5.000000,36751,False
100153,PATANJALI29SEP26325PE,PATANJALI,29SEP2026,32500.000000,1075,OPTSTK,NFO,5.000000,64501,False
100158,HINDZINC23NOV26680CE,HINDZINC,23NOV2026,68000.000000,1225,OPTSTK,NFO,5.000000,36751,False
87257,JUBLFOOD29SEP26515CE,JUBLFOOD,29SEP2026,51500.000000,1250,OPTSTK,NFO,5.000000,50001,False
87286,DELHIVERY27OCT26395CE,DELHIVERY,27OCT2026,39500.000000,2075,OPTSTK,NFO,5.000000,62251,False
87291,DELHIVERY27OCT26415CE,DELHIVERY,27OCT2026,41500.000000,2075,OPTSTK,NFO,5.000000,62251,False
87298,DELHIVERY27OCT26445PE,DELHIVERY,27OCT2026,44500.000000,2075,OPTSTK,NFO,5.000000,62251,False
75298,NIFTYNXT5029SEP2667800CE,NIFTYNXT50,29SEP2026,6780000.000000,25,OPTIDX,NFO,5.000000,601,False
75304,NIFTYNXT5029SEP2668000PE,NIFTYNXT50,29SEP2026,6800000.000000,25,OPTIDX,NFO,5.000000,601,False
75305,NIFTYNXT5029SEP2668100CE,NIFTYNXT50,29SEP2026,6810000.000000,25,OPTIDX,NFO,5.000000,601,False
75312,NIFTYNXT5029SEP2668400PE,NIFTYNXT50,29SEP2026,6840000.000000,25,OPTIDX,NFO,5.000000,601,False
87339,JUBLFOOD27OCT26380PE,JUBLFOOD,27OCT2026,38000.000000,1250,OPTSTK,NFO,5.000000,50001,False
87360,JUBLFOOD27OCT26480PE,JUBLFOOD,27OCT2026,48000.000000,1250,OPTSTK,NFO,5.000000,50001,False
87369,DELHIVERY27OCT26505CE,DELHIVERY,27OCT2026,50500.000000,2075,OPTSTK,NFO,5.000000,62251,False
87370,DELHIVERY27OCT26505PE,DELHIVERY,27OCT2026,50500.000000,2075,OPTSTK,NFO,5.000000,62251,False
100179,PATANJALI29SEP26365CE,PATANJALI,29SEP2026,36500.000000,1075,OPTSTK,NFO,5.000000,64501,False
100180,PATANJALI29SEP26365PE,PATANJALI,29SEP2026,36500.000000,1075,OPTSTK,NFO,5.000000,64501,False
100186,PATANJALI29SEP26385PE,PATANJALI,29SEP2026,38500.000000,1075,OPTSTK,NFO,5.000000,64501,False
100190,PATANJALI29SEP26405PE,PATANJALI,29SEP2026,40500.000000,1075,OPTSTK,NFO,5.000000,64501,False
75317,NIFTYNXT5029SEP2668700CE,NIFTYNXT50,29SEP2026,6870000.000000,25,OPTIDX,NFO,5.000000,601,False
75319,NIFTYNXT5029SEP2668800CE,NIFTYNXT50,29SEP2026,6880000.000000,25,OPTIDX,NFO,5.000000,601,False
75327,NIFTYNXT5029SEP2669200CE,NIFTYNXT50,29SEP2026,6920000.000000,25,OPTIDX,NFO,5.000000,601,False
75330,NIFTYNXT5029SEP2669300PE,NIFTYNXT50,29SEP2026,6930000.000000,25,OPTIDX,NFO,5.000000,601,False
87630,BAJAJ-AUTO29SEP2612200PE,BAJAJ-AUTO,29SEP2026,1220000.000000,75,OPTSTK,NFO,5.000000,2251,False
87714,KALYANKJIL27OCT26530CE,KALYANKJIL,27OCT2026,53000.000000,1350,OPTSTK,NFO,5.000000,40501,False
87717,KALYANKJIL27OCT26540PE,KALYANKJIL,27OCT2026,54000.000000,1350,OPTSTK,NFO,5.000000,40501,False
87736,KALYANKJIL27OCT26570CE,KALYANKJIL,27OCT2026,57000.000000,1350,OPTSTK,NFO,5.000000,40501,False
100219,HYUNDAI27OCT262180PE,HYUNDAI,27OCT2026,218000.000000,275,OPTSTK,NFO,5.000000,11001,False
100221,HYUNDAI27OCT262220PE,HYUNDAI,27OCT2026,222000.000000,275,OPTSTK,NFO,5.000000,11001,False
100234,HYUNDAI27OCT262420CE,HYUNDAI,27OCT2026,242000.000000,275,OPTSTK,NFO,5.000000,11001,False
100321,HYUNDAI23NOV261840PE,HYUNDAI,23NOV2026,184000.000000,275,OPTSTK,NFO,5.000000,11001,False
87791,KALYANKJIL27OCT26670PE,KALYANKJIL,27OCT2026,67000.000000,1350,OPTSTK,NFO,5.000000,40501,False
87815,DIVISLAB27OCT268500CE,DIVISLAB,27OCT2026,850000.000000,100,OPTSTK,NFO,5.000000,3001,False
87817,DIVISLAB27OCT268700CE,DIVISLAB,27OCT2026,870000.000000,100,OPTSTK,NFO,5.000000,3001,False
87825,DIVISLAB27OCT269300CE,DIVISLAB,27OCT2026,930000.000000,100,OPTSTK,NFO,5.000000,3001,False
75339,NIFTYNXT5029SEP2669800CE,NIFTYNXT50,29SEP2026,6980000.000000,25,OPTIDX,NFO,5.000000,601,False
75340,NIFTYNXT5029SEP2669800PE,NIFTYNXT50,29SEP2026,6980000.000000,25,OPTIDX,NFO,5.000000,601,False
75409,NIFTYNXT5029SEP2670400PE,NIFTYNXT50,29SEP2026,7040000.000000,25,OPTIDX,NFO,5.000000,601,False
75434,GMRAIRPORT27OCT2682CE,GMRAIRPORT,27OCT2026,8200.000000,6975,OPTSTK,NFO,1.000000,209251,False
100350,HYUNDAI23NOV261960CE,HYUNDAI,23NOV2026,196000.000000,275,OPTSTK,NFO,5.000000,11001,False
100355,HYUNDAI23NOV262040PE,HYUNDAI,23NOV2026,204000.000000,275,OPTSTK,NFO,5.000000,11001,False
100373,PATANJALI27OCT26310PE,PATANJALI,27OCT2026,31000.000000,1075,OPTSTK,NFO,5.000000,64501,False
100425,PATANJALI27OCT26330CE,PATANJALI,27OCT2026,33000.000000,1075,OPTSTK,NFO,5.000000,64501,False
87829,DIVISLAB27OCT269700CE,DIVISLAB,27OCT2026,970000.000000,100,OPTSTK,NFO,5.000000,3001,False
87855,DIVISLAB27OCT269700PE,DIVISLAB,27OCT2026,970000.000000,100,OPTSTK,NFO,5.000000,3001,False
87868,DIVISLAB27OCT269900PE,DIVISLAB,27OCT2026,990000.000000,100,OPTSTK,NFO,5.000000,3001,False
87873,KAYNES29SEP263650PE,KAYNES,29SEP2026,365000.000000,150,OPTSTK,NFO,5.000000,6001,False
75437,GMRAIRPORT27OCT2684PE,GMRAIRPORT,27OCT2026,8400.000000,6975,OPTSTK,NFO,1.000000,209251,False
75445,GMRAIRPORT27OCT2690CE,GMRAIRPORT,27OCT2026,9000.000000,6975,OPTSTK,NFO,1.000000,209251,False
75492,BAJAJFINSV23NOV261880CE,BAJAJFINSV,23NOV2026,188000.000000,300,OPTSTK,NFO,5.000000,12001,False
75500,NIFTYNXT5029SEP2670800CE,NIFTYNXT50,29SEP2026,7080000.000000,25,OPTIDX,NFO,5.000000,601,False
100429,PATANJALI27OCT26340CE,PATANJALI,27OCT2026,34000.000000,1075,OPTSTK,NFO,5.000000,64501,False
100449,PATANJALI27OCT26370CE,PATANJALI,27OCT2026,37000.000000,1075,OPTSTK,NFO,5.000000,64501,False
100495,DIXON29SEP2612000CE,DIXON,29SEP2026,1200000.000000,50,OPTSTK,NFO,5.000000,1501,False
100501,DIXON29SEP2613000CE,DIXON,29SEP2026,1300000.000000,50,OPTSTK,NFO,5.000000,1501,False
87888,DIVISLAB27OCT2610100PE,DIVISLAB,27OCT2026,1010000.000000,100,OPTSTK,NFO,5.000000,3001,False
87926,KAYNES27OCT263600CE,KAYNES,27OCT2026,360000.000000,150,OPTSTK,NFO,5.000000,6001,False
87943,KAYNES27OCT264100CE,KAYNES,27OCT2026,410000.000000,150,OPTSTK,NFO,5.000000,6001,False
87973,KEI29SEP264700PE,KEI,29SEP2026,470000.000000,175,OPTSTK,NFO,5.000000,5251,False
87976,KEI29SEP265100CE,KEI,29SEP2026,510000.000000,175,OPTSTK,NFO,5.000000,5251,False
87990,KEI29SEP266100CE,KEI,29SEP2026,610000.000000,175,OPTSTK,NFO,5.000000,5251,False
88033,BAJAJFINSV29SEP261760PE,BAJAJFINSV,29SEP2026,176000.000000,300,OPTSTK,NFO,5.000000,12001,False
88037,BAJAJFINSV29SEP261840PE,BAJAJFINSV,29SEP2026,184000.000000,300,OPTSTK,NFO,5.000000,12001,False
75509,NIFTYNXT5029SEP2671200PE,NIFTYNXT50,29SEP2026,7120000.000000,25,OPTIDX,NFO,5.000000,601,False
75511,NIFTYNXT5029SEP2671300PE,NIFTYNXT50,29SEP2026,7130000.000000,25,OPTIDX,NFO,5.000000,601,False
75512,NIFTYNXT5029SEP2671400CE,NIFTYNXT50,29SEP2026,7140000.000000,25,OPTIDX,NFO,5.000000,601,False
75519,NIFTYNXT5029SEP2671700PE,NIFTYNXT50,29SEP2026,7170000.000000,25,OPTIDX,NFO,5.000000,601,False
100530,DIXON29SEP2616000PE,DIXON,29SEP2026,1600000.000000,50,OPTSTK,NFO,5.000000,1501,False
100600,DLF29SEP26680PE,DLF,29SEP2026,68000.000000,950,OPTSTK,NFO,5.000000,38001,False
100626,PAYTM29SEP261500PE,PAYTM,29SEP2026,150000.000000,725,OPTSTK,NFO,5.000000,14501,False
100631,PAYTM29SEP261540PE,PAYTM,29SEP2026,154000.000000,725,OPTSTK,NFO,5.000000,14501,False
88046,BAJAJFINSV29SEP262040CE,BAJAJFINSV,29SEP2026,204000.000000,300,OPTSTK,NFO,5.000000,12001,False
88058,BAJAJFINSV29SEP262280CE,BAJAJFINSV,29SEP2026,228000.000000,300,OPTSTK,NFO,5.000000,12001,False
88061,BAJAJFINSV29SEP262320PE,BAJAJFINSV,29SEP2026,232000.000000,300,OPTSTK,NFO,5.000000,12001,False
88082,DIVISLAB23NOV268600PE,DIVISLAB,23NOV2026,860000.000000,100,OPTSTK,NFO,5.000000,3001,False
100632,PAYTM29SEP261580CE,PAYTM,29SEP2026,158000.000000,725,OPTSTK,NFO,5.000000,14501,False
100638,DLF29SEP26740PE,DLF,29SEP2026,74000.000000,950,OPTSTK,NFO,5.000000,38001,False
100645,DLF29SEP26760PE,DLF,29SEP2026,76000.000000,950,OPTSTK,NFO,5.000000,38001,False
100670,PAYTM27OCT261320PE,PAYTM,27OCT2026,132000.000000,725,OPTSTK,NFO,5.000000,14501,False
75521,NIFTYNXT5029SEP2671800PE,NIFTYNXT50,29SEP2026,7180000.000000,25,OPTIDX,NFO,5.000000,601,False
75533,BAJAJFINSV23NOV262040PE,BAJAJFINSV,23NOV2026,204000.000000,300,OPTSTK,NFO,5.000000,12001,False
75536,NIFTYNXT5029SEP2672100CE,NIFTYNXT50,29SEP2026,7210000.000000,25,OPTIDX,NFO,5.000000,601,False
75543,NIFTYNXT5029SEP2672400PE,NIFTYNXT50,29SEP2026,7240000.000000,25,OPTIDX,NFO,5.000000,601,False
88088,DIVISLAB23NOV269000CE,DIVISLAB,23NOV2026,900000.000000,100,OPTSTK,NFO,5.000000,3001,False
88093,KEI27OCT263800PE,KEI,27OCT2026,380000.000000,175,OPTSTK,NFO,5.000000,5251,False
88099,DIVISLAB23NOV269400CE,DIVISLAB,23NOV2026,940000.000000,100,OPTSTK,NFO,5.000000,3001,False
88101,DIVISLAB23NOV269600CE,DIVISLAB,23NOV2026,960000.000000,100,OPTSTK,NFO,5.000000,3001,False
75548,BAJAJFINSV23NOV262120CE,BAJAJFINSV,23NOV2026,212000.000000,300,OPTSTK,NFO,5.000000,12001,False
75608,GODFRYPHLP29SEP261750CE,GODFRYPHLP,29SEP2026,175000.000000,275,OPTSTK,NFO,5.000000,11001,False
75614,GODFRYPHLP29SEP262050CE,GODFRYPHLP,29SEP2026,205000.000000,275,OPTSTK,NFO,5.000000,11001,False
75615,GODFRYPHLP29SEP262050PE,GODFRYPHLP,29SEP2026,205000.000000,275,OPTSTK,NFO,5.000000,11001,False
100740,ICICIBANK27OCT261290CE,ICICIBANK,27OCT2026,129000.000000,700,OPTSTK,NFO,5.000000,21001,False
100754,ICICIBANK27OCT261430CE,ICICIBANK,27OCT2026,143000.000000,700,OPTSTK,NFO,5.000000,21001,False
100760,ICICIBANK27OCT261490CE,ICICIBANK,27OCT2026,149000.000000,700,OPTSTK,NFO,5.000000,21001,False
100816,PERSISTENT29SEP265100PE,PERSISTENT,29SEP2026,510000.000000,125,OPTSTK,NFO,5.000000,3751,False
88145,KEI27OCT264600CE,KEI,27OCT2026,460000.000000,175,OPTSTK,NFO,5.000000,5251,False
88151,KEI27OCT265000PE,KEI,27OCT2026,500000.000000,175,OPTSTK,NFO,5.000000,5251,False
88161,KEI27OCT265200CE,KEI,27OCT2026,520000.000000,175,OPTSTK,NFO,5.000000,5251,False
88179,DIXON23NOV2613000PE,DIXON,23NOV2026,1300000.000000,50,OPTSTK,NFO,5.000000,1501,False
75642,NIFTYNXT5029SEP2672900CE,NIFTYNXT50,29SEP2026,7290000.000000,25,OPTIDX,NFO,5.000000,601,False
75648,NIFTYNXT5029SEP2673200CE,NIFTYNXT50,29SEP2026,7320000.000000,25,OPTIDX,NFO,5.000000,601,False
75653,NIFTYNXT5029SEP2673200PE,NIFTYNXT50,29SEP2026,7320000.000000,25,OPTIDX,NFO,5.000000,601,False
75654,NIFTYNXT5029SEP2673300CE,NIFTYNXT50,29SEP2026,7330000.000000,25,OPTIDX,NFO,5.000000,601,False
88180,DIXON23NOV2613500CE,DIXON,23NOV2026,1350000.000000,50,OPTSTK,NFO,5.000000,1501,False
88182,DIXON23NOV2614000CE,DIXON,23NOV2026,1400000.000000,50,OPTSTK,NFO,5.000000,1501,False
88183,DIXON23NOV2614000PE,DIXON,23NOV2026,1400000.000000,50,OPTSTK,NFO,5.000000,1501,False
88187,DIXON23NOV2615000PE,DIXON,23NOV2026,1500000.000000,50,OPTSTK,NFO,5.000000,1501,False
100821,PERSISTENT29SEP265700CE,PERSISTENT,29SEP2026,570000.000000,125,OPTSTK,NFO,5.000000,3751,False
100856,PERSISTENT27OCT265000PE,PERSISTENT,27OCT2026,500000.000000,125,OPTSTK,NFO,5.000000,3751,False
100860,PERSISTENT27OCT265400PE,PERSISTENT,27OCT2026,540000.000000,125,OPTSTK,NFO,5.000000,3751,False
100862,PERSISTENT27OCT265600PE,PERSISTENT,27OCT2026,560000.000000,125,OPTSTK,NFO,5.000000,3751,False
75657,GODFRYPHLP27OCT261600CE,GODFRYPHLP,27OCT2026,160000.000000,275,OPTSTK,NFO,5.000000,11001,False
75774,NIFTYNXT5029SEP2674500CE,NIFTYNXT50,29SEP2026,7450000.000000,25,OPTIDX,NFO,5.000000,601,False
75775,GODREJCP29SEP26790PE,GODREJCP,29SEP2026,79000.000000,500,OPTSTK,NFO,5.000000,25001,False
75802,GODREJCP29SEP26910CE,GODREJCP,29SEP2026,91000.000000,500,OPTSTK,NFO,5.000000,25001,False
88195,DIXON23NOV2616500CE,DIXON,23NOV2026,1650000.000000,50,OPTSTK,NFO,5.000000,1501,False
88196,KEI27OCT265600CE,KEI,27OCT2026,560000.000000,175,OPTSTK,NFO,5.000000,5251,False
88200,KEI27OCT266000CE,KEI,27OCT2026,600000.000000,175,OPTSTK,NFO,5.000000,5251,False
88224,KFINTECH29SEP26820CE,KFINTECH,29SEP2026,82000.000000,575,OPTSTK,NFO,5.000000,23001,False
75811,GODREJCP29SEP26970CE,GODREJCP,29SEP2026,97000.000000,500,OPTSTK,NFO,5.000000,25001,False
75814,GODREJCP29SEP26990PE,GODREJCP,29SEP2026,99000.000000,500,OPTSTK,NFO,5.000000,25001,False
75823,GODREJCP29SEP261050PE,GODREJCP,29SEP2026,105000.000000,500,OPTSTK,NFO,5.000000,25001,False
75829,GODREJCP29SEP261090PE,GODREJCP,29SEP2026,109000.000000,500,OPTSTK,NFO,5.000000,25001,False
100902,PETRONET29SEP26275PE,PETRONET,29SEP2026,27500.000000,1900,OPTSTK,NFO,5.000000,76001,False
100912,PETRONET29SEP26305PE,PETRONET,29SEP2026,30500.000000,1900,OPTSTK,NFO,5.000000,76001,False
100943,PETRONET27OCT26250CE,PETRONET,27OCT2026,25000.000000,1900,OPTSTK,NFO,5.000000,76001,False
100963,PETRONET27OCT26310CE,PETRONET,27OCT2026,31000.000000,1900,OPTSTK,NFO,5.000000,76001,False
88233,KFINTECH29SEP26940PE,KFINTECH,29SEP2026,94000.000000,575,OPTSTK,NFO,5.000000,23001,False
88274,KFINTECH27OCT26760CE,KFINTECH,27OCT2026,76000.000000,575,OPTSTK,NFO,5.000000,23001,False
88276,KFINTECH27OCT26800CE,KFINTECH,27OCT2026,80000.000000,575,OPTSTK,NFO,5.000000,23001,False
88377,KOTAKBANK29SEP26375CE,KOTAKBANK,29SEP2026,37500.000000,2000,OPTSTK,NFO,5.000000,60001,False
75879,NIFTYNXT5029SEP2677200CE,NIFTYNXT50,29SEP2026,7720000.000000,25,OPTIDX,NFO,5.000000,601,False
75905,GODREJCP27OCT26720CE,GODREJCP,27OCT2026,72000.000000,500,OPTSTK,NFO,5.000000,25001,False
75926,GODREJCP27OCT26860PE,GODREJCP,27OCT2026,86000.000000,500,OPTSTK,NFO,5.000000,25001,False
75928,GODREJCP27OCT26880PE,GODREJCP,27OCT2026,88000.000000,500,OPTSTK,NFO,5.000000,25001,False
88406,KOTAKBANK29SEP26465CE,KOTAKBANK,29SEP2026,46500.000000,2000,OPTSTK,NFO,5.000000,60001,False
88465,DLF27OCT26610CE,DLF,27OCT2026,61000.000000,950,OPTSTK,NFO,5.000000,38001,False
88470,BAJAJHLDNG29SEP269400CE,BAJAJHLDNG,29SEP2026,940000.000000,75,OPTSTK,NFO,5.000000,2251,False
88480,BAJAJHLDNG29SEP269800CE,BAJAJHLDNG,29SEP2026,980000.000000,75,OPTSTK,NFO,5.000000,2251,False
100965,PETRONET27OCT26320CE,PETRONET,27OCT2026,32000.000000,1900,OPTSTK,NFO,5.000000,76001,False
101002,PFC29SEP26305PE,PFC,29SEP2026,30500.000000,1300,OPTSTK,NFO,5.000000,52001,False
101006,PFC29SEP26325PE,PFC,29SEP2026,32500.000000,1300,OPTSTK,NFO,5.000000,52001,False
101007,PFC29SEP26335CE,PFC,29SEP2026,33500.000000,1300,OPTSTK,NFO,5.000000,52001,False
75932,GODREJCP27OCT26920PE,GODREJCP,27OCT2026,92000.000000,500,OPTSTK,NFO,5.000000,25001,False
75943,GODREJCP27OCT261040CE,GODREJCP,27OCT2026,104000.000000,500,OPTSTK,NFO,5.000000,25001,False
75944,GODREJCP27OCT261040PE,GODREJCP,27OCT2026,104000.000000,500,OPTSTK,NFO,5.000000,25001,False
75983,NIFTYNXT5029SEP2677800CE,NIFTYNXT50,29SEP2026,7780000.000000,25,OPTIDX,NFO,5.000000,601,False
88564,BAJAJHLDNG29SEP2612400CE,BAJAJHLDNG,29SEP2026,1240000.000000,75,OPTSTK,NFO,5.000000,2251,False
88572,BAJAJHLDNG29SEP2613200CE,BAJAJHLDNG,29SEP2026,1320000.000000,75,OPTSTK,NFO,5.000000,2251,False
88639,KOTAKBANK27OCT26420CE,KOTAKBANK,27OCT2026,42000.000000,2000,OPTSTK,NFO,5.000000,60001,False
88654,DLF23NOV26740CE,DLF,23NOV2026,74000.000000,950,OPTSTK,NFO,5.000000,38001,False
101009,PFC29SEP26345CE,PFC,29SEP2026,34500.000000,1300,OPTSTK,NFO,5.000000,52001,False
101056,PFC29SEP26405PE,PFC,29SEP2026,40500.000000,1300,OPTSTK,NFO,5.000000,52001,False
101059,PFC29SEP26415PE,PFC,29SEP2026,41500.000000,1300,OPTSTK,NFO,5.000000,52001,False
101069,ICICIBANK23NOV261260CE,ICICIBANK,23NOV2026,126000.000000,700,OPTSTK,NFO,5.000000,21001,False
75985,NIFTYNXT5029SEP2677900CE,NIFTYNXT50,29SEP2026,7790000.000000,25,OPTIDX,NFO,5.000000,601,False
76049,NIFTYNXT5029SEP2678300CE,NIFTYNXT50,29SEP2026,7830000.000000,25,OPTIDX,NFO,5.000000,601,False
76080,BAJAJHLDNG27OCT2612100CE,BAJAJHLDNG,27OCT2026,1210000.000000,75,OPTSTK,NFO,5.000000,2251,False
76084,BAJAJHLDNG27OCT2612500CE,BAJAJHLDNG,27OCT2026,1250000.000000,75,OPTSTK,NFO,5.000000,2251,False
88711,KPITTECH29SEP26470CE,KPITTECH,29SEP2026,47000.000000,775,OPTSTK,NFO,5.000000,38751,False
88769,KPITTECH29SEP26690CE,KPITTECH,29SEP2026,69000.000000,775,OPTSTK,NFO,5.000000,38751,False
88840,KPITTECH27OCT26440CE,KPITTECH,27OCT2026,44000.000000,775,OPTSTK,NFO,5.000000,38751,False
88963,DMART27OCT263650CE,DMART,27OCT2026,365000.000000,150,OPTSTK,NFO,5.000000,6001,False
88964,DMART27OCT263650PE,DMART,27OCT2026,365000.000000,150,OPTSTK,NFO,5.000000,6001,False
88970,DMART27OCT263950CE,DMART,27OCT2026,395000.000000,150,OPTSTK,NFO,5.000000,6001,False
89002,BAJFINANCE29SEP26940CE,BAJFINANCE,29SEP2026,94000.000000,750,OPTSTK,NFO,5.000000,22501,False
89012,BAJFINANCE29SEP261020PE,BAJFINANCE,29SEP2026,102000.000000,750,OPTSTK,NFO,5.000000,22501,False
101103,ICICIBANK23NOV261260PE,ICICIBANK,23NOV2026,126000.000000,700,OPTSTK,NFO,5.000000,21001,False
101122,ICICIBANK23NOV261280PE,ICICIBANK,23NOV2026,128000.000000,700,OPTSTK,NFO,5.000000,21001,False
101139,ICICIBANK23NOV261340PE,ICICIBANK,23NOV2026,134000.000000,700,OPTSTK,NFO,5.000000,21001,False
101156,DMART29SEP263200CE,DMART,29SEP2026,320000.000000,150,OPTSTK,NFO,5.000000,6001,False
76131,GODREJPROP29SEP261620CE,GODREJPROP,29SEP2026,162000.000000,325,OPTSTK,NFO,5.000000,13001,False
76138,GODREJPROP29SEP261740PE,GODREJPROP,29SEP2026,174000.000000,325,OPTSTK,NFO,5.000000,13001,False
76165,GODREJPROP29SEP262060CE,GODREJPROP,29SEP2026,206000.000000,325,OPTSTK,NFO,5.000000,13001,False
76170,NIFTYNXT5029SEP2680400PE,NIFTYNXT50,29SEP2026,8040000.000000,25,OPTIDX,NFO,5.000000,601,False
89022,BAJFINANCE29SEP261120CE,BAJFINANCE,29SEP2026,112000.000000,750,OPTSTK,NFO,5.000000,22501,False
89027,BAJFINANCE29SEP261160CE,BAJFINANCE,29SEP2026,116000.000000,750,OPTSTK,NFO,5.000000,22501,False
89029,BAJFINANCE29SEP261180CE,BAJFINANCE,29SEP2026,118000.000000,750,OPTSTK,NFO,5.000000,22501,False
89030,LAURUSLABS29SEP261780PE,LAURUSLABS,29SEP2026,178000.000000,850,OPTSTK,NFO,5.000000,17001,False
101169,ICICIBANK23NOV261480PE,ICICIBANK,23NOV2026,148000.000000,700,OPTSTK,NFO,5.000000,21001,False
101172,ICICIBANK23NOV261520CE,ICICIBANK,23NOV2026,152000.000000,700,OPTSTK,NFO,5.000000,21001,False
101213,ICICIBANK23NOV261640PE,ICICIBANK,23NOV2026,164000.000000,700,OPTSTK,NFO,5.000000,21001,False
101235,DMART29SEP263800PE,DMART,29SEP2026,380000.000000,150,OPTSTK,NFO,5.000000,6001,False
76196,BAJFINANCE27OCT26950PE,BAJFINANCE,27OCT2026,95000.000000,750,OPTSTK,NFO,5.000000,22501,False
76199,BAJFINANCE27OCT26990CE,BAJFINANCE,27OCT2026,99000.000000,750,OPTSTK,NFO,5.000000,22501,False
76202,BAJFINANCE27OCT261010PE,BAJFINANCE,27OCT2026,101000.000000,750,OPTSTK,NFO,5.000000,22501,False
76237,GODREJPROP29SEP262300PE,GODREJPROP,29SEP2026,230000.000000,325,OPTSTK,NFO,5.000000,13001,False
89036,BAJFINANCE29SEP261220CE,BAJFINANCE,29SEP2026,122000.000000,750,OPTSTK,NFO,5.000000,22501,False
89074,LAURUSLABS29SEP261980CE,LAURUSLABS,29SEP2026,198000.000000,850,OPTSTK,NFO,5.000000,17001,False
89093,BANDHANBNK29SEP26210CE,BANDHANBNK,29SEP2026,21000.000000,3600,OPTSTK,NFO,1.000000,108001,False
89155,LAURUSLABS27OCT261720CE,LAURUSLABS,27OCT2026,172000.000000,850,OPTSTK,NFO,5.000000,17001,False
101237,DMART29SEP263900PE,DMART,29SEP2026,390000.000000,150,OPTSTK,NFO,5.000000,6001,False
101242,DMART29SEP264200CE,DMART,29SEP2026,420000.000000,150,OPTSTK,NFO,5.000000,6001,False
101243,DMART29SEP264200PE,DMART,29SEP2026,420000.000000,150,OPTSTK,NFO,5.000000,6001,False
101314,PFC27OCT26330CE,PFC,27OCT2026,33000.000000,1300,OPTSTK,NFO,5.000000,52001,False
76302,GODREJPROP27OCT261800CE,GODREJPROP,27OCT2026,180000.000000,325,OPTSTK,NFO,5.000000,13001,False
76392,BANKNIFTY30MAR2752500CE,BANKNIFTY,30MAR2027,5250000.000000,30,OPTIDX,NFO,5.000000,601,False
76394,BANKNIFTY30MAR2754000CE,BANKNIFTY,30MAR2027,5400000.000000,30,OPTIDX,NFO,5.000000,601,False
76402,BANKNIFTY30MAR2760000CE,BANKNIFTY,30MAR2027,6000000.000000,30,OPTIDX,NFO,5.000000,601,False
89157,LAURUSLABS27OCT261760CE,LAURUSLABS,27OCT2026,176000.000000,850,OPTSTK,NFO,5.000000,17001,False
89179,LAURUSLABS27OCT261840CE,LAURUSLABS,27OCT2026,184000.000000,850,OPTSTK,NFO,5.000000,17001,False
89186,LAURUSLABS27OCT261880PE,LAURUSLABS,27OCT2026,188000.000000,850,OPTSTK,NFO,5.000000,17001,False
89196,DMART23NOV263700CE,DMART,23NOV2026,370000.000000,150,OPTSTK,NFO,5.000000,6001,False
101342,ICICIGI27OCT261540CE,ICICIGI,27OCT2026,154000.000000,325,OPTSTK,NFO,5.000000,13001,False
101364,PFC27OCT26350PE,PFC,27OCT2026,35000.000000,1300,OPTSTK,NFO,5.000000,52001,False
101366,PFC27OCT26360PE,PFC,27OCT2026,36000.000000,1300,OPTSTK,NFO,5.000000,52001,False
101502,ICICIGI23NOV261280PE,ICICIGI,23NOV2026,128000.000000,325,OPTSTK,NFO,5.000000,13001,False
76512,BAJFINANCE23NOV26980PE,BAJFINANCE,23NOV2026,98000.000000,750,OPTSTK,NFO,5.000000,22501,False
76520,BAJFINANCE23NOV261060PE,BAJFINANCE,23NOV2026,106000.000000,750,OPTSTK,NFO,5.000000,22501,False
76526,BAJFINANCE23NOV261120PE,BAJFINANCE,23NOV2026,112000.000000,750,OPTSTK,NFO,5.000000,22501,False
76532,BAJFINANCE23NOV261180PE,BAJFINANCE,23NOV2026,118000.000000,750,OPTSTK,NFO,5.000000,22501,False
89205,DMART23NOV264100PE,DMART,23NOV2026,410000.000000,150,OPTSTK,NFO,5.000000,6001,False
89214,DMART23NOV264600CE,DMART,23NOV2026,460000.000000,150,OPTSTK,NFO,5.000000,6001,False
89215,DMART23NOV264600PE,DMART,23NOV2026,460000.000000,150,OPTSTK,NFO,5.000000,6001,False
89226,BANKBARODA29SEP26190PE,BANKBARODA,29SEP2026,19000.000000,2925,OPTSTK,NFO,1.000000,87751,False
101503,ICICIGI23NOV261320CE,ICICIGI,23NOV2026,132000.000000,325,OPTSTK,NFO,5.000000,13001,False
101529,ICICIGI23NOV261440CE,ICICIGI,23NOV2026,144000.000000,325,OPTSTK,NFO,5.000000,13001,False
101546,ICICIGI23NOV261520CE,ICICIGI,23NOV2026,152000.000000,325,OPTSTK,NFO,5.000000,13001,False
101588,ICICIGI23NOV261640CE,ICICIGI,23NOV2026,164000.000000,325,OPTSTK,NFO,5.000000,13001,False
89279,DRREDDY27OCT261110CE,DRREDDY,27OCT2026,111000.000000,625,OPTSTK,NFO,5.000000,18751,False
89280,DRREDDY27OCT261110PE,DRREDDY,27OCT2026,111000.000000,625,OPTSTK,NFO,5.000000,18751,False
89290,DRREDDY27OCT261150PE,DRREDDY,27OCT2026,115000.000000,625,OPTSTK,NFO,5.000000,18751,False
89302,DRREDDY27OCT261270PE,DRREDDY,27OCT2026,127000.000000,625,OPTSTK,NFO,5.000000,18751,False
101589,ICICIGI23NOV261640PE,ICICIGI,23NOV2026,164000.000000,325,OPTSTK,NFO,5.000000,13001,False
101639,PGEL27OCT26560PE,PGEL,27OCT2026,56000.000000,950,OPTSTK,NFO,5.000000,38001,False
101643,PGEL27OCT26600PE,PGEL,27OCT2026,60000.000000,950,OPTSTK,NFO,5.000000,38001,False
101670,ICICIPRULI27OCT26435PE,ICICIPRULI,27OCT2026,43500.000000,925,OPTSTK,NFO,5.000000,46251,False
76646,NIFTYNXT5029SEP2685000CE,NIFTYNXT50,29SEP2026,8500000.000000,25,OPTIDX,NFO,5.000000,601,False
76680,BANDHANBNK27OCT26195PE,BANDHANBNK,27OCT2026,19500.000000,3600,OPTSTK,NFO,1.000000,108001,False
76739,BANDHANBNK23NOV26220CE,BANDHANBNK,23NOV2026,22000.000000,3600,OPTSTK,NFO,1.000000,108001,False
76832,GRASIM29SEP263100PE,GRASIM,29SEP2026,310000.000000,250,OPTSTK,NFO,5.000000,7501,False
89316,LAURUSLABS27OCT262160PE,LAURUSLABS,27OCT2026,216000.000000,850,OPTSTK,NFO,5.000000,17001,False
89355,BANKBARODA29SEP26250CE,BANKBARODA,29SEP2026,25000.000000,2925,OPTSTK,NFO,1.000000,87751,False
89365,BANKBARODA29SEP26280CE,BANKBARODA,29SEP2026,28000.000000,2925,OPTSTK,NFO,1.000000,87751,False
89425,LICHSGFIN29SEP26510CE,LICHSGFIN,29SEP2026,51000.000000,1000,OPTSTK,NFO,5.000000,40001,False
76883,BANKBARODA27OCT26215CE,BANKBARODA,27OCT2026,21500.000000,2925,OPTSTK,NFO,1.000000,87751,False
76975,BANKBARODA23NOV26260PE,BANKBARODA,23NOV2026,26000.000000,2925,OPTSTK,NFO,1.000000,87751,False
76976,BANKBARODA23NOV26270CE,BANKBARODA,23NOV2026,27000.000000,2925,OPTSTK,NFO,1.000000,87751,False
77007,BANKINDIA27OCT26127.5PE,BANKINDIA,27OCT2026,12750.000000,5200,OPTSTK,NFO,1.000000,156001,False
101674,PGEL27OCT26640PE,PGEL,27OCT2026,64000.000000,950,OPTSTK,NFO,5.000000,38001,False
101689,ICICIPRULI27OCT26465PE,ICICIPRULI,27OCT2026,46500.000000,925,OPTSTK,NFO,5.000000,46251,False
101703,ICICIPRULI27OCT26485PE,ICICIPRULI,27OCT2026,48500.000000,925,OPTSTK,NFO,5.000000,46251,False
101721,ICICIPRULI27OCT26525PE,ICICIPRULI,27OCT2026,52500.000000,925,OPTSTK,NFO,5.000000,46251,False
89454,LICHSGFIN29SEP26550PE,LICHSGFIN,29SEP2026,55000.000000,1000,OPTSTK,NFO,5.000000,40001,False
89459,LICHSGFIN29SEP26610CE,LICHSGFIN,29SEP2026,61000.000000,1000,OPTSTK,NFO,5.000000,40001,False
89506,LICHSGFIN27OCT26440PE,LICHSGFIN,27OCT2026,44000.000000,1000,OPTSTK,NFO,5.000000,40001,False
89507,LICHSGFIN27OCT26460CE,LICHSGFIN,27OCT2026,46000.000000,1000,OPTSTK,NFO,5.000000,40001,False
77012,BANKINDIA27OCT26132.5PE,BANKINDIA,27OCT2026,13250.000000,5200,OPTSTK,NFO,1.000000,156001,False
77208,GRASIM27OCT262920PE,GRASIM,27OCT2026,292000.000000,250,OPTSTK,NFO,5.000000,7501,False
77195,GRASIM27OCT262760CE,GRASIM,27OCT2026,276000.000000,250,OPTSTK,NFO,5.000000,7501,False
77203,GRASIM27OCT262840CE,GRASIM,27OCT2026,284000.000000,250,OPTSTK,NFO,5.000000,7501,False
89511,LICHSGFIN27OCT26500CE,LICHSGFIN,27OCT2026,50000.000000,1000,OPTSTK,NFO,5.000000,40001,False
89600,DRREDDY23NOV261200CE,DRREDDY,23NOV2026,120000.000000,625,OPTSTK,NFO,5.000000,18751,False
89605,DRREDDY23NOV261240CE,DRREDDY,23NOV2026,124000.000000,625,OPTSTK,NFO,5.000000,18751,False
89608,DRREDDY23NOV261240PE,DRREDDY,23NOV2026,124000.000000,625,OPTSTK,NFO,5.000000,18751,False
101818,DRREDDY29SEP261020CE,DRREDDY,29SEP2026,102000.000000,625,OPTSTK,NFO,5.000000,18751,False
101819,PHOENIXLTD29SEP261740CE,PHOENIXLTD,29SEP2026,174000.000000,350,OPTSTK,NFO,5.000000,14001,False
101831,PHOENIXLTD29SEP261940CE,PHOENIXLTD,29SEP2026,194000.000000,350,OPTSTK,NFO,5.000000,14001,False
101836,DRREDDY29SEP261060CE,DRREDDY,29SEP2026,106000.000000,625,OPTSTK,NFO,5.000000,18751,False
77213,GRASIM27OCT263040CE,GRASIM,27OCT2026,304000.000000,250,OPTSTK,NFO,5.000000,7501,False
77216,GRASIM27OCT263080PE,GRASIM,27OCT2026,308000.000000,250,OPTSTK,NFO,5.000000,7501,False
77230,GRASIM27OCT263360PE,GRASIM,27OCT2026,336000.000000,250,OPTSTK,NFO,5.000000,7501,False
77233,GRASIM27OCT263440CE,GRASIM,27OCT2026,344000.000000,250,OPTSTK,NFO,5.000000,7501,False
89612,NIFTY26JUN2918000CE,NIFTY,26JUN2029,1800000.000000,65,OPTIDX,NFO,5.000000,1801,False
89618,DRREDDY23NOV261320PE,DRREDDY,23NOV2026,132000.000000,625,OPTSTK,NFO,5.000000,18751,False
89624,NIFTY26JUN2921000CE,NIFTY,26JUN2029,2100000.000000,65,OPTIDX,NFO,5.000000,1801,False
89643,NIFTY26JUN2930000PE,NIFTY,26JUN2029,3000000.000000,65,OPTIDX,NFO,5.000000,1801,False
77235,GRASIM27OCT263480CE,GRASIM,27OCT2026,348000.000000,250,OPTSTK,NFO,5.000000,7501,False
77240,GRASIM27OCT263560PE,GRASIM,27OCT2026,356000.000000,250,OPTSTK,NFO,5.000000,7501,False
77248,GRASIM27OCT263720PE,GRASIM,27OCT2026,372000.000000,250,OPTSTK,NFO,5.000000,7501,False
77302,GVT&D29SEP264300CE,GVT&D,29SEP2026,430000.000000,125,OPTSTK,NFO,5.000000,5001,False
101842,DRREDDY29SEP261100CE,DRREDDY,29SEP2026,110000.000000,625,OPTSTK,NFO,5.000000,18751,False
101844,PHOENIXLTD29SEP262060PE,PHOENIXLTD,29SEP2026,206000.000000,350,OPTSTK,NFO,5.000000,14001,False
101845,PHOENIXLTD29SEP262100CE,PHOENIXLTD,29SEP2026,210000.000000,350,OPTSTK,NFO,5.000000,14001,False
101851,DRREDDY29SEP261120CE,DRREDDY,29SEP2026,112000.000000,625,OPTSTK,NFO,5.000000,18751,False
89755,BANKINDIA29SEP26120PE,BANKINDIA,29SEP2026,12000.000000,5200,OPTSTK,NFO,1.000000,156001,False
89802,BANKINDIA29SEP26155CE,BANKINDIA,29SEP2026,15500.000000,5200,OPTSTK,NFO,1.000000,156001,False
89841,LICI29SEP26455CE,LICI,29SEP2026,45500.000000,1400,OPTSTK,NFO,5.000000,56001,False
89892,LICI27OCT26350CE,LICI,27OCT2026,35000.000000,1400,OPTSTK,NFO,5.000000,56001,False
77312,GVT&D29SEP265300CE,GVT&D,29SEP2026,530000.000000,125,OPTSTK,NFO,5.000000,5001,False
77332,GVT&D27OCT263400CE,GVT&D,27OCT2026,340000.000000,125,OPTSTK,NFO,5.000000,5001,False
77383,GVT&D27OCT263600PE,GVT&D,27OCT2026,360000.000000,125,OPTSTK,NFO,5.000000,5001,False
77436,BDL27OCT261140CE,BDL,27OCT2026,114000.000000,425,OPTSTK,NFO,5.000000,17001,False
89901,LICI27OCT26370PE,LICI,27OCT2026,37000.000000,1400,OPTSTK,NFO,5.000000,56001,False
89931,LICI27OCT26440PE,LICI,27OCT2026,44000.000000,1400,OPTSTK,NFO,5.000000,56001,False
89933,LICI27OCT26450PE,LICI,27OCT2026,45000.000000,1400,OPTSTK,NFO,5.000000,56001,False
89971,LODHA29SEP261020CE,LODHA,29SEP2026,102000.000000,625,OPTSTK,NFO,5.000000,18751,False
101884,ICICIPRULI23NOV26380PE,ICICIPRULI,23NOV2026,38000.000000,925,OPTSTK,NFO,5.000000,46251,False
101889,ICICIPRULI23NOV26400CE,ICICIPRULI,23NOV2026,40000.000000,925,OPTSTK,NFO,5.000000,46251,False
101910,DRREDDY29SEP261240PE,DRREDDY,29SEP2026,124000.000000,625,OPTSTK,NFO,5.000000,18751,False
101912,DRREDDY29SEP261260PE,DRREDDY,29SEP2026,126000.000000,625,OPTSTK,NFO,5.000000,18751,False
77445,BDL27OCT261300PE,BDL,27OCT2026,130000.000000,425,OPTSTK,NFO,5.000000,17001,False
77497,HAL29SEP264350CE,HAL,29SEP2026,435000.000000,150,OPTSTK,NFO,5.000000,4501,False
77501,HAL29SEP264550CE,HAL,29SEP2026,455000.000000,150,OPTSTK,NFO,5.000000,4501,False
77521,HAL29SEP265350PE,HAL,29SEP2026,535000.000000,150,OPTSTK,NFO,5.000000,4501,False
89973,LODHA29SEP261060CE,LODHA,29SEP2026,106000.000000,625,OPTSTK,NFO,5.000000,18751,False
89974,LODHA29SEP261060PE,LODHA,29SEP2026,106000.000000,625,OPTSTK,NFO,5.000000,18751,False
90054,EICHERMOT23NOV266400CE,EICHERMOT,23NOV2026,640000.000000,100,OPTSTK,NFO,5.000000,3001,False
90096,EICHERMOT23NOV268000PE,EICHERMOT,23NOV2026,800000.000000,100,OPTSTK,NFO,5.000000,3001,False
101923,PHOENIXLTD27OCT261600CE,PHOENIXLTD,27OCT2026,160000.000000,350,OPTSTK,NFO,5.000000,14001,False
101933,PHOENIXLTD27OCT261760CE,PHOENIXLTD,27OCT2026,176000.000000,350,OPTSTK,NFO,5.000000,14001,False
101940,PHOENIXLTD27OCT261840CE,PHOENIXLTD,27OCT2026,184000.000000,350,OPTSTK,NFO,5.000000,14001,False
101951,DRREDDY29SEP261400PE,DRREDDY,29SEP2026,140000.000000,625,OPTSTK,NFO,5.000000,18751,False
77594,BDL23NOV261080CE,BDL,23NOV2026,108000.000000,425,OPTSTK,NFO,5.000000,17001,False
77606,HAL27OCT264300PE,HAL,27OCT2026,430000.000000,150,OPTSTK,NFO,5.000000,4501,False
77629,HAL27OCT264700PE,HAL,27OCT2026,470000.000000,150,OPTSTK,NFO,5.000000,4501,False
77662,360ONE29SEP26920PE,360ONE,29SEP2026,92000.000000,500,OPTSTK,NFO,5.000000,20001,False
90103,BDL29SEP261120PE,BDL,29SEP2026,112000.000000,425,OPTSTK,NFO,5.000000,17001,False
90105,BDL29SEP261160PE,BDL,29SEP2026,116000.000000,425,OPTSTK,NFO,5.000000,17001,False
90108,BDL29SEP261240CE,BDL,29SEP2026,124000.000000,425,OPTSTK,NFO,5.000000,17001,False
90113,EICHERMOT23NOV268200PE,EICHERMOT,23NOV2026,820000.000000,100,OPTSTK,NFO,5.000000,3001,False
77671,360ONE29SEP261120CE,360ONE,29SEP2026,112000.000000,500,OPTSTK,NFO,5.000000,20001,False
77702,HAVELLS29SEP261100PE,HAVELLS,29SEP2026,110000.000000,500,OPTSTK,NFO,5.000000,20001,False
77705,HAVELLS29SEP261180CE,HAVELLS,29SEP2026,118000.000000,500,OPTSTK,NFO,5.000000,20001,False
77712,HAVELLS29SEP261300PE,HAVELLS,29SEP2026,130000.000000,500,OPTSTK,NFO,5.000000,20001,False
101953,PHOENIXLTD27OCT262080CE,PHOENIXLTD,27OCT2026,208000.000000,350,OPTSTK,NFO,5.000000,14001,False
101967,PHOENIXLTD27OCT262240CE,PHOENIXLTD,27OCT2026,224000.000000,350,OPTSTK,NFO,5.000000,14001,False
102012,ICICIPRULI23NOV26520PE,ICICIPRULI,23NOV2026,52000.000000,925,OPTSTK,NFO,5.000000,46251,False
102013,ICICIPRULI23NOV26530CE,ICICIPRULI,23NOV2026,53000.000000,925,OPTSTK,NFO,5.000000,46251,False
90137,EICHERMOT23NOV268800PE,EICHERMOT,23NOV2026,880000.000000,100,OPTSTK,NFO,5.000000,3001,False
90154,EICHERMOT23NOV269000CE,EICHERMOT,23NOV2026,900000.000000,100,OPTSTK,NFO,5.000000,3001,False
90157,EICHERMOT23NOV269200PE,EICHERMOT,23NOV2026,920000.000000,100,OPTSTK,NFO,5.000000,3001,False
90227,ETERNAL27OCT26305CE,ETERNAL,27OCT2026,30500.000000,2425,OPTSTK,NFO,5.000000,72751,False
77714,HAVELLS29SEP261340PE,HAVELLS,29SEP2026,134000.000000,500,OPTSTK,NFO,5.000000,20001,False
77718,HAVELLS29SEP261420PE,HAVELLS,29SEP2026,142000.000000,500,OPTSTK,NFO,5.000000,20001,False
77723,360ONE29SEP261320PE,360ONE,29SEP2026,132000.000000,500,OPTSTK,NFO,5.000000,20001,False
77808,HAVELLS27OCT261200PE,HAVELLS,27OCT2026,120000.000000,500,OPTSTK,NFO,5.000000,20001,False
90271,LODHA27OCT261400PE,LODHA,27OCT2026,140000.000000,625,OPTSTK,NFO,5.000000,18751,False
90327,LT29SEP263950PE,LT,29SEP2026,395000.000000,175,OPTSTK,NFO,5.000000,7001,False
90386,ETERNAL23NOV26290PE,ETERNAL,23NOV2026,29000.000000,2425,OPTSTK,NFO,5.000000,72751,False
90406,LT27OCT263700CE,LT,27OCT2026,370000.000000,175,OPTSTK,NFO,5.000000,7001,False
102014,ICICIPRULI23NOV26530PE,ICICIPRULI,23NOV2026,53000.000000,925,OPTSTK,NFO,5.000000,46251,False
102026,ICICIPRULI23NOV26570PE,ICICIPRULI,23NOV2026,57000.000000,925,OPTSTK,NFO,5.000000,46251,False
102028,ICICIPRULI23NOV26580PE,ICICIPRULI,23NOV2026,58000.000000,925,OPTSTK,NFO,5.000000,46251,False
102074,IDEA27OCT2617PE,IDEA,27OCT2026,1700.000000,71475,OPTSTK,NFO,1.000000,1429501,False
77810,HAVELLS27OCT261240PE,HAVELLS,27OCT2026,124000.000000,500,OPTSTK,NFO,5.000000,20001,False
77812,HAVELLS27OCT261280PE,HAVELLS,27OCT2026,128000.000000,500,OPTSTK,NFO,5.000000,20001,False
77816,HAVELLS27OCT261360PE,HAVELLS,27OCT2026,136000.000000,500,OPTSTK,NFO,5.000000,20001,False
77850,HCLTECH29SEP261130PE,HCLTECH,29SEP2026,113000.000000,400,OPTSTK,NFO,5.000000,20001,False
90409,LT27OCT263800PE,LT,27OCT2026,380000.000000,175,OPTSTK,NFO,5.000000,7001,False
90415,LT27OCT264100PE,LT,27OCT2026,410000.000000,175,OPTSTK,NFO,5.000000,7001,False
90423,LT27OCT264300PE,LT,27OCT2026,430000.000000,175,OPTSTK,NFO,5.000000,7001,False
90426,LT27OCT264500CE,LT,27OCT2026,450000.000000,175,OPTSTK,NFO,5.000000,7001,False
102076,IDEA27OCT2619PE,IDEA,27OCT2026,1900.000000,71475,OPTSTK,NFO,1.000000,1429501,False
102090,IDEA23NOV2610PE,IDEA,23NOV2026,1000.000000,71475,OPTSTK,NFO,1.000000,1429501,False
102094,IDEA23NOV2614PE,IDEA,23NOV2026,1400.000000,71475,OPTSTK,NFO,1.000000,1429501,False
102095,IDEA23NOV2616CE,IDEA,23NOV2026,1600.000000,71475,OPTSTK,NFO,1.000000,1429501,False
77865,HCLTECH29SEP261250CE,HCLTECH,29SEP2026,125000.000000,400,OPTSTK,NFO,5.000000,20001,False
77871,HCLTECH29SEP261310CE,HCLTECH,29SEP2026,131000.000000,400,OPTSTK,NFO,5.000000,20001,False
77878,HCLTECH29SEP261370PE,HCLTECH,29SEP2026,137000.000000,400,OPTSTK,NFO,5.000000,20001,False
77885,ABB29SEP266800CE,ABB,29SEP2026,680000.000000,125,OPTSTK,NFO,5.000000,3751,False
90460,LTF29SEP26275PE,LTF,29SEP2026,27500.000000,2250,OPTSTK,NFO,5.000000,67501,False
90463,LTF29SEP26295CE,LTF,29SEP2026,29500.000000,2250,OPTSTK,NFO,5.000000,67501,False
90480,LTF29SEP26305PE,LTF,29SEP2026,30500.000000,2250,OPTSTK,NFO,5.000000,67501,False
90511,BEL29SEP26330PE,BEL,29SEP2026,33000.000000,1425,OPTSTK,NFO,5.000000,57001,False
102158,PIDILITIND29SEP261420PE,PIDILITIND,29SEP2026,142000.000000,500,OPTSTK,NFO,5.000000,15001,False
102170,IDFCFIRSTB27OCT2681CE,IDFCFIRSTB,27OCT2026,8100.000000,9275,OPTSTK,NFO,1.000000,278251,False
102180,IDFCFIRSTB27OCT2689CE,IDFCFIRSTB,27OCT2026,8900.000000,9275,OPTSTK,NFO,1.000000,278251,False
102184,IDFCFIRSTB27OCT2693CE,IDFCFIRSTB,27OCT2026,9300.000000,9275,OPTSTK,NFO,1.000000,278251,False
77903,ABB29SEP266800PE,ABB,29SEP2026,680000.000000,125,OPTSTK,NFO,5.000000,3751,False
77912,ABB29SEP267800CE,ABB,29SEP2026,780000.000000,125,OPTSTK,NFO,5.000000,3751,False
77916,ABB29SEP268200CE,ABB,29SEP2026,820000.000000,125,OPTSTK,NFO,5.000000,3751,False
77917,ABB29SEP268200PE,ABB,29SEP2026,820000.000000,125,OPTSTK,NFO,5.000000,3751,False
90521,BEL29SEP26380PE,BEL,29SEP2026,38000.000000,1425,OPTSTK,NFO,5.000000,57001,False
90525,BEL29SEP26400CE,BEL,29SEP2026,40000.000000,1425,OPTSTK,NFO,5.000000,57001,False
90539,BEL29SEP26430PE,BEL,29SEP2026,43000.000000,1425,OPTSTK,NFO,5.000000,57001,False
90541,ETERNAL23NOV26350CE,ETERNAL,23NOV2026,35000.000000,2425,OPTSTK,NFO,5.000000,72751,False
102260,PIDILITIND29SEP261580CE,PIDILITIND,29SEP2026,158000.000000,500,OPTSTK,NFO,5.000000,15001,False
102300,EICHERMOT29SEP266600CE,EICHERMOT,29SEP2026,660000.000000,100,OPTSTK,NFO,5.000000,3001,False
102316,EICHERMOT29SEP268000CE,EICHERMOT,29SEP2026,800000.000000,100,OPTSTK,NFO,5.000000,3001,False
102317,EICHERMOT29SEP268000PE,EICHERMOT,29SEP2026,800000.000000,100,OPTSTK,NFO,5.000000,3001,False
77992,HCLTECH27OCT261040PE,HCLTECH,27OCT2026,104000.000000,400,OPTSTK,NFO,5.000000,20001,False
78002,HCLTECH27OCT261140PE,HCLTECH,27OCT2026,114000.000000,400,OPTSTK,NFO,5.000000,20001,False
78003,HCLTECH27OCT261160CE,HCLTECH,27OCT2026,116000.000000,400,OPTSTK,NFO,5.000000,20001,False
78007,HCLTECH27OCT261200CE,HCLTECH,27OCT2026,120000.000000,400,OPTSTK,NFO,5.000000,20001,False
90619,FEDERALBNK27OCT26345PE,FEDERALBNK,27OCT2026,34500.000000,2500,OPTSTK,NFO,5.000000,75001,False
90669,FEDERALBNK23NOV26310PE,FEDERALBNK,23NOV2026,31000.000000,2500,OPTSTK,NFO,5.000000,75001,False
90719,LTF27OCT26300CE,LTF,27OCT2026,30000.000000,2250,OPTSTK,NFO,5.000000,67501,False
90720,LTF27OCT26300PE,LTF,27OCT2026,30000.000000,2250,OPTSTK,NFO,5.000000,67501,False
90770,FEDERALBNK23NOV26340CE,FEDERALBNK,23NOV2026,34000.000000,2500,OPTSTK,NFO,5.000000,75001,False
90790,FEDERALBNK23NOV26370PE,FEDERALBNK,23NOV2026,37000.000000,2500,OPTSTK,NFO,5.000000,75001,False
90811,LTM29SEP263950CE,LTM,29SEP2026,395000.000000,150,OPTSTK,NFO,5.000000,6001,False
90812,LTM29SEP263950PE,LTM,29SEP2026,395000.000000,150,OPTSTK,NFO,5.000000,6001,False
102324,EICHERMOT29SEP268800CE,EICHERMOT,29SEP2026,880000.000000,100,OPTSTK,NFO,5.000000,3001,False
102329,EICHERMOT29SEP269200PE,EICHERMOT,29SEP2026,920000.000000,100,OPTSTK,NFO,5.000000,3001,False
102330,EICHERMOT29SEP269400CE,EICHERMOT,29SEP2026,940000.000000,100,OPTSTK,NFO,5.000000,3001,False
102396,IDFCFIRSTB23NOV2690CE,IDFCFIRSTB,23NOV2026,9000.000000,9275,OPTSTK,NFO,1.000000,278251,False
78021,HCLTECH27OCT261300CE,HCLTECH,27OCT2026,130000.000000,400,OPTSTK,NFO,5.000000,20001,False
78026,HCLTECH27OCT261340PE,HCLTECH,27OCT2026,134000.000000,400,OPTSTK,NFO,5.000000,20001,False
78038,HCLTECH27OCT261400PE,HCLTECH,27OCT2026,140000.000000,400,OPTSTK,NFO,5.000000,20001,False
78046,HCLTECH27OCT261440CE,HCLTECH,27OCT2026,144000.000000,400,OPTSTK,NFO,5.000000,20001,False
90813,LTM29SEP264050CE,LTM,29SEP2026,405000.000000,150,OPTSTK,NFO,5.000000,6001,False
90814,LTM29SEP264050PE,LTM,29SEP2026,405000.000000,150,OPTSTK,NFO,5.000000,6001,False
90822,LTM29SEP264450PE,LTM,29SEP2026,445000.000000,150,OPTSTK,NFO,5.000000,6001,False
90823,LTM29SEP264550CE,LTM,29SEP2026,455000.000000,150,OPTSTK,NFO,5.000000,6001,False
102398,IDFCFIRSTB23NOV2692CE,IDFCFIRSTB,23NOV2026,9200.000000,9275,OPTSTK,NFO,1.000000,278251,False
102440,PIDILITIND27OCT261320CE,PIDILITIND,27OCT2026,132000.000000,500,OPTSTK,NFO,5.000000,15001,False
102441,PIDILITIND27OCT261320PE,PIDILITIND,27OCT2026,132000.000000,500,OPTSTK,NFO,5.000000,15001,False
102445,PIDILITIND27OCT261400PE,PIDILITIND,27OCT2026,140000.000000,500,OPTSTK,NFO,5.000000,15001,False
78051,BEL27OCT26365PE,BEL,27OCT2026,36500.000000,1425,OPTSTK,NFO,5.000000,57001,False
78063,HCLTECH27OCT261460PE,HCLTECH,27OCT2026,146000.000000,400,OPTSTK,NFO,5.000000,20001,False
78070,HCLTECH27OCT261520PE,HCLTECH,27OCT2026,152000.000000,400,OPTSTK,NFO,5.000000,20001,False
78122,HDFCAMC29SEP262850PE,HDFCAMC,29SEP2026,285000.000000,300,OPTSTK,NFO,5.000000,9001,False
90826,LTM29SEP264650PE,LTM,29SEP2026,465000.000000,150,OPTSTK,NFO,5.000000,6001,False
90832,LTM29SEP264950PE,LTM,29SEP2026,495000.000000,150,OPTSTK,NFO,5.000000,6001,False
90836,LTM29SEP265150PE,LTM,29SEP2026,515000.000000,150,OPTSTK,NFO,5.000000,6001,False
90921,LTM27OCT263900CE,LTM,27OCT2026,390000.000000,150,OPTSTK,NFO,5.000000,6001,False
78241,HDFCAMC27OCT263000PE,HDFCAMC,27OCT2026,300000.000000,300,OPTSTK,NFO,5.000000,9001,False
78286,HDFCBANK29SEP26610PE,HDFCBANK,29SEP2026,61000.000000,650,OPTSTK,NFO,5.000000,32501,False
78311,HDFCBANK29SEP26830CE,HDFCBANK,29SEP2026,83000.000000,650,OPTSTK,NFO,5.000000,32501,False
78367,BEL23NOV26390PE,BEL,23NOV2026,39000.000000,1425,OPTSTK,NFO,5.000000,57001,False
102447,PIDILITIND27OCT261440PE,PIDILITIND,27OCT2026,144000.000000,500,OPTSTK,NFO,5.000000,15001,False
102451,PIDILITIND27OCT261520PE,PIDILITIND,27OCT2026,152000.000000,500,OPTSTK,NFO,5.000000,15001,False
102473,PIDILITIND27OCT261840PE,PIDILITIND,27OCT2026,184000.000000,500,OPTSTK,NFO,5.000000,15001,False
102518,PIIND29SEP262250PE,PIIND,29SEP2026,225000.000000,175,OPTSTK,NFO,5.000000,8751,False
90994,BHARATFORG29SEP261720PE,BHARATFORG,29SEP2026,172000.000000,500,OPTSTK,NFO,5.000000,10001,False
90996,BHARATFORG29SEP261760PE,BHARATFORG,29SEP2026,176000.000000,500,OPTSTK,NFO,5.000000,10001,False
90998,BHARATFORG29SEP261800PE,BHARATFORG,29SEP2026,180000.000000,500,OPTSTK,NFO,5.000000,10001,False
90999,BHARATFORG29SEP261840CE,BHARATFORG,29SEP2026,184000.000000,500,OPTSTK,NFO,5.000000,10001,False
78368,BEL23NOV26400CE,BEL,23NOV2026,40000.000000,1425,OPTSTK,NFO,5.000000,57001,False
78422,HDFCBANK27OCT26680CE,HDFCBANK,27OCT2026,68000.000000,650,OPTSTK,NFO,5.000000,32501,False
78436,HDFCBANK27OCT26820CE,HDFCBANK,27OCT2026,82000.000000,650,OPTSTK,NFO,5.000000,32501,False
78442,HDFCBANK27OCT26880CE,HDFCBANK,27OCT2026,88000.000000,650,OPTSTK,NFO,5.000000,32501,False
91005,BHARATFORG29SEP261960CE,BHARATFORG,29SEP2026,196000.000000,500,OPTSTK,NFO,5.000000,10001,False
91012,BHARATFORG29SEP262080PE,BHARATFORG,29SEP2026,208000.000000,500,OPTSTK,NFO,5.000000,10001,False
91031,BHARATFORG29SEP262480CE,BHARATFORG,29SEP2026,248000.000000,500,OPTSTK,NFO,5.000000,10001,False
91058,BHARATFORG29SEP262520PE,BHARATFORG,29SEP2026,252000.000000,500,OPTSTK,NFO,5.000000,10001,False
102525,PIIND29SEP262550PE,PIIND,29SEP2026,255000.000000,175,OPTSTK,NFO,5.000000,8751,False
102526,PIIND29SEP262650CE,PIIND,29SEP2026,265000.000000,175,OPTSTK,NFO,5.000000,8751,False
102527,PIIND29SEP262650PE,PIIND,29SEP2026,265000.000000,175,OPTSTK,NFO,5.000000,8751,False
102559,ETERNAL29SEP26300PE,ETERNAL,29SEP2026,30000.000000,2425,OPTSTK,NFO,5.000000,72751,False
78464,ABCAPITAL29SEP26410CE,ABCAPITAL,29SEP2026,41000.000000,3100,OPTSTK,NFO,5.000000,62001,False
78471,ABCAPITAL29SEP26440PE,ABCAPITAL,29SEP2026,44000.000000,3100,OPTSTK,NFO,5.000000,62001,False
78503,BEL23NOV26430CE,BEL,23NOV2026,43000.000000,1425,OPTSTK,NFO,5.000000,57001,False
78511,BEL23NOV26430PE,BEL,23NOV2026,43000.000000,1425,OPTSTK,NFO,5.000000,57001,False
91068,FORCEMOT27OCT2615500PE,FORCEMOT,27OCT2026,1550000.000000,25,OPTSTK,NFO,5.000000,1251,False
91086,FORCEMOT27OCT2618500CE,FORCEMOT,27OCT2026,1850000.000000,25,OPTSTK,NFO,5.000000,1251,False
91114,FORCEMOT23NOV2614000PE,FORCEMOT,23NOV2026,1400000.000000,25,OPTSTK,NFO,5.000000,1251,False
91123,FORCEMOT23NOV2618000CE,FORCEMOT,23NOV2026,1800000.000000,25,OPTSTK,NFO,5.000000,1251,False
102566,ETERNAL29SEP26340CE,ETERNAL,29SEP2026,34000.000000,2425,OPTSTK,NFO,5.000000,72751,False
102595,IEX27OCT26117.5CE,IEX,27OCT2026,11750.000000,4350,OPTSTK,NFO,1.000000,174001,False
102596,IEX27OCT26117.5PE,IEX,27OCT2026,11750.000000,4350,OPTSTK,NFO,1.000000,174001,False
102598,IEX27OCT26122.5PE,IEX,27OCT2026,12250.000000,4350,OPTSTK,NFO,1.000000,174001,False
78512,BEL23NOV26440CE,BEL,23NOV2026,44000.000000,1425,OPTSTK,NFO,5.000000,57001,False
78528,BEL23NOV26480CE,BEL,23NOV2026,48000.000000,1425,OPTSTK,NFO,5.000000,57001,False
78584,HDFCLIFE29SEP26475PE,HDFCLIFE,29SEP2026,47500.000000,1100,OPTSTK,NFO,5.000000,44001,False
78585,HDFCLIFE29SEP26485CE,HDFCLIFE,29SEP2026,48500.000000,1100,OPTSTK,NFO,5.000000,44001,False
91125,FORCEMOT23NOV2619000CE,FORCEMOT,23NOV2026,1900000.000000,25,OPTSTK,NFO,5.000000,1251,False
91126,FORCEMOT23NOV2619000PE,FORCEMOT,23NOV2026,1900000.000000,25,OPTSTK,NFO,5.000000,1251,False
91127,FORCEMOT23NOV2620000CE,FORCEMOT,23NOV2026,2000000.000000,25,OPTSTK,NFO,5.000000,1251,False
91189,FORTIS27OCT26850PE,FORTIS,27OCT2026,85000.000000,775,OPTSTK,NFO,5.000000,23251,False
102656,PIIND27OCT261900CE,PIIND,27OCT2026,190000.000000,175,OPTSTK,NFO,5.000000,8751,False
102680,FEDERALBNK29SEP26310CE,FEDERALBNK,29SEP2026,31000.000000,2500,OPTSTK,NFO,5.000000,75001,False
102683,FEDERALBNK29SEP26320PE,FEDERALBNK,29SEP2026,32000.000000,2500,OPTSTK,NFO,5.000000,75001,False
102689,PIIND27OCT262500PE,PIIND,27OCT2026,250000.000000,175,OPTSTK,NFO,5.000000,8751,False
91201,LUPIN29SEP262020PE,LUPIN,29SEP2026,202000.000000,425,OPTSTK,NFO,5.000000,12751,False
91213,FORTIS27OCT26890PE,FORTIS,27OCT2026,89000.000000,775,OPTSTK,NFO,5.000000,23251,False
91217,FORTIS27OCT26910PE,FORTIS,27OCT2026,91000.000000,775,OPTSTK,NFO,5.000000,23251,False
91220,FORTIS27OCT26930CE,FORTIS,27OCT2026,93000.000000,775,OPTSTK,NFO,5.000000,23251,False
78588,HDFCLIFE29SEP26495PE,HDFCLIFE,29SEP2026,49500.000000,1100,OPTSTK,NFO,5.000000,44001,False
78605,HDFCLIFE29SEP26585CE,HDFCLIFE,29SEP2026,58500.000000,1100,OPTSTK,NFO,5.000000,44001,False
78794,BHARATFORG27OCT261860CE,BHARATFORG,27OCT2026,186000.000000,500,OPTSTK,NFO,5.000000,10001,False
78806,BHARATFORG27OCT262020CE,BHARATFORG,27OCT2026,202000.000000,500,OPTSTK,NFO,5.000000,10001,False
91268,LUPIN29SEP262260CE,LUPIN,29SEP2026,226000.000000,425,OPTSTK,NFO,5.000000,12751,False
91393,LUPIN27OCT261840PE,LUPIN,27OCT2026,184000.000000,425,OPTSTK,NFO,5.000000,12751,False
91432,BHARTIARTL29SEP261640PE,BHARTIARTL,29SEP2026,164000.000000,475,OPTSTK,NFO,5.000000,14251,False
91433,BHARTIARTL29SEP261680CE,BHARTIARTL,29SEP2026,168000.000000,475,OPTSTK,NFO,5.000000,14251,False
102720,PIIND27OCT262900CE,PIIND,27OCT2026,290000.000000,175,OPTSTK,NFO,5.000000,8751,False
102722,IEX23NOV26110CE,IEX,23NOV2026,11000.000000,4350,OPTSTK,NFO,1.000000,174001,False
102723,IEX23NOV26110PE,IEX,23NOV2026,11000.000000,4350,OPTSTK,NFO,1.000000,174001,False
102815,PNB29SEP26101PE,PNB,29SEP2026,10100.000000,8000,OPTSTK,NFO,1.000000,240001,False
78817,BHARATFORG27OCT262180CE,BHARATFORG,27OCT2026,218000.000000,500,OPTSTK,NFO,5.000000,10001,False
78832,BHARATFORG27OCT262300CE,BHARATFORG,27OCT2026,230000.000000,500,OPTSTK,NFO,5.000000,10001,False
78885,BHARATFORG23NOV261600PE,BHARATFORG,23NOV2026,160000.000000,500,OPTSTK,NFO,5.000000,10001,False
78888,BHARATFORG23NOV261680CE,BHARATFORG,23NOV2026,168000.000000,500,OPTSTK,NFO,5.000000,10001,False
91442,BHARTIARTL29SEP261800CE,BHARTIARTL,29SEP2026,180000.000000,475,OPTSTK,NFO,5.000000,14251,False
91450,LUPIN27OCT262040CE,LUPIN,27OCT2026,204000.000000,425,OPTSTK,NFO,5.000000,12751,False
91462,BHARTIARTL29SEP261920CE,BHARTIARTL,29SEP2026,192000.000000,475,OPTSTK,NFO,5.000000,14251,False
91467,LUPIN27OCT262280PE,LUPIN,27OCT2026,228000.000000,425,OPTSTK,NFO,5.000000,12751,False
78889,BHARATFORG23NOV261680PE,BHARATFORG,23NOV2026,168000.000000,500,OPTSTK,NFO,5.000000,10001,False
78894,BHARATFORG23NOV261800CE,BHARATFORG,23NOV2026,180000.000000,500,OPTSTK,NFO,5.000000,10001,False
78916,BHARATFORG23NOV262160PE,BHARATFORG,23NOV2026,216000.000000,500,OPTSTK,NFO,5.000000,10001,False
78949,HEROMOTOCO29SEP265900CE,HEROMOTOCO,29SEP2026,590000.000000,150,OPTSTK,NFO,5.000000,4501,False
102836,PNB29SEP26109PE,PNB,29SEP2026,10900.000000,8000,OPTSTK,NFO,1.000000,240001,False
102855,PNB29SEP26127CE,PNB,29SEP2026,12700.000000,8000,OPTSTK,NFO,1.000000,240001,False
102866,INDHOTEL27OCT26750CE,INDHOTEL,27OCT2026,75000.000000,1000,OPTSTK,NFO,5.000000,30001,False
102909,FEDERALBNK29SEP26360CE,FEDERALBNK,29SEP2026,36000.000000,2500,OPTSTK,NFO,5.000000,75001,False
91471,LUPIN27OCT262360PE,LUPIN,27OCT2026,236000.000000,425,OPTSTK,NFO,5.000000,12751,False
91522,BHARTIARTL29SEP261960CE,BHARTIARTL,29SEP2026,196000.000000,475,OPTSTK,NFO,5.000000,14251,False
91524,BHARTIARTL29SEP262000CE,BHARTIARTL,29SEP2026,200000.000000,475,OPTSTK,NFO,5.000000,14251,False
91558,M&M29SEP262850CE,M&M,29SEP2026,285000.000000,200,OPTSTK,NFO,5.000000,8001,False
78996,HEROMOTOCO27OCT265000PE,HEROMOTOCO,27OCT2026,500000.000000,150,OPTSTK,NFO,5.000000,4501,False
79004,HEROMOTOCO27OCT265800PE,HEROMOTOCO,27OCT2026,580000.000000,150,OPTSTK,NFO,5.000000,4501,False
79066,HINDALCO29SEP261100PE,HINDALCO,29SEP2026,110000.000000,700,OPTSTK,NFO,5.000000,21001,False
79067,HINDALCO29SEP261140CE,HINDALCO,29SEP2026,114000.000000,700,OPTSTK,NFO,5.000000,21001,False
91562,M&M29SEP263050CE,M&M,29SEP2026,305000.000000,200,OPTSTK,NFO,5.000000,8001,False
91563,M&M29SEP263050PE,M&M,29SEP2026,305000.000000,200,OPTSTK,NFO,5.000000,8001,False
91570,M&M29SEP263450CE,M&M,29SEP2026,345000.000000,200,OPTSTK,NFO,5.000000,8001,False
91606,FORTIS23NOV26840PE,FORTIS,23NOV2026,84000.000000,775,OPTSTK,NFO,5.000000,23251,False
102921,FEDERALBNK29SEP26420CE,FEDERALBNK,29SEP2026,42000.000000,2500,OPTSTK,NFO,5.000000,75001,False
103007,INDHOTEL23NOV26720PE,INDHOTEL,23NOV2026,72000.000000,1000,OPTSTK,NFO,5.000000,30001,False
103016,PNB27OCT2698CE,PNB,27OCT2026,9800.000000,8000,OPTSTK,NFO,1.000000,240001,False
103021,PNB27OCT26102PE,PNB,27OCT2026,10200.000000,8000,OPTSTK,NFO,1.000000,240001,False
79099,BHARTIARTL27OCT261860PE,BHARTIARTL,27OCT2026,186000.000000,475,OPTSTK,NFO,5.000000,14251,False
79110,BHARTIARTL27OCT261980PE,BHARTIARTL,27OCT2026,198000.000000,475,OPTSTK,NFO,5.000000,14251,False
79152,HINDALCO27OCT26840PE,HINDALCO,27OCT2026,84000.000000,700,OPTSTK,NFO,5.000000,21001,False
79160,HINDALCO27OCT26960PE,HINDALCO,27OCT2026,96000.000000,700,OPTSTK,NFO,5.000000,21001,False
91607,FORTIS23NOV26860CE,FORTIS,23NOV2026,86000.000000,775,OPTSTK,NFO,5.000000,23251,False
91610,FORTIS23NOV26880PE,FORTIS,23NOV2026,88000.000000,775,OPTSTK,NFO,5.000000,23251,False
91613,FORTIS23NOV26900CE,FORTIS,23NOV2026,90000.000000,775,OPTSTK,NFO,5.000000,23251,False
91632,FORTIS23NOV261080PE,FORTIS,23NOV2026,108000.000000,775,OPTSTK,NFO,5.000000,23251,False
79168,HINDALCO27OCT261120CE,HINDALCO,27OCT2026,112000.000000,700,OPTSTK,NFO,5.000000,21001,False
79235,HINDPETRO27OCT26400.75CE,HINDPETRO,27OCT2026,40075.000000,2025,OPTSTK,NFO,5.000000,60751,False
79287,BHARTIARTL23NOV261920PE,BHARTIARTL,23NOV2026,192000.000000,475,OPTSTK,NFO,5.000000,14251,False
79283,BHARTIARTL23NOV261840PE,BHARTIARTL,23NOV2026,184000.000000,475,OPTSTK,NFO,5.000000,14251,False
103060,FORCEMOT29SEP2618000PE,FORCEMOT,29SEP2026,1800000.000000,25,OPTSTK,NFO,5.000000,1251,False
103066,FORCEMOT29SEP2621000PE,FORCEMOT,29SEP2026,2100000.000000,25,OPTSTK,NFO,5.000000,1251,False
103068,PNB27OCT26122PE,PNB,27OCT2026,12200.000000,8000,OPTSTK,NFO,1.000000,240001,False
103250,INDIANB27OCT26810CE,INDIANB,27OCT2026,81000.000000,1000,OPTSTK,NFO,5.000000,30001,False
91665,M&M27OCT262700CE,M&M,27OCT2026,270000.000000,200,OPTSTK,NFO,5.000000,8001,False
91722,M&M27OCT263300CE,M&M,27OCT2026,330000.000000,200,OPTSTK,NFO,5.000000,8001,False
91736,M&M27OCT264000CE,M&M,27OCT2026,400000.000000,200,OPTSTK,NFO,5.000000,8001,False
91756,MANAPPURAM29SEP26325CE,MANAPPURAM,29SEP2026,32500.000000,3000,OPTSTK,NFO,5.000000,60001,False
79293,BHARTIARTL23NOV262040PE,BHARTIARTL,23NOV2026,204000.000000,475,OPTSTK,NFO,5.000000,14251,False
79295,BHARTIARTL23NOV262080PE,BHARTIARTL,23NOV2026,208000.000000,475,OPTSTK,NFO,5.000000,14251,False
79370,BHEL27OCT26405PE,BHEL,27OCT2026,40500.000000,2625,OPTSTK,NFO,5.000000,52501,False
79382,BHEL27OCT26435PE,BHEL,27OCT2026,43500.000000,2625,OPTSTK,NFO,5.000000,52501,False
91816,GAIL23NOV26140PE,GAIL,23NOV2026,14000.000000,3550,OPTSTK,NFO,1.000000,142001,False
91827,MANAPPURAM27OCT26300PE,MANAPPURAM,27OCT2026,30000.000000,3000,OPTSTK,NFO,5.000000,60001,False
91854,BHARTIARTL29SEP262280PE,BHARTIARTL,29SEP2026,228000.000000,475,OPTSTK,NFO,5.000000,14251,False
91863,GAIL23NOV26160PE,GAIL,23NOV2026,16000.000000,3550,OPTSTK,NFO,1.000000,142001,False
103256,PNBHOUSING29SEP261100PE,PNBHOUSING,29SEP2026,110000.000000,650,OPTSTK,NFO,5.000000,19501,False
103263,INDIANB27OCT26830PE,INDIANB,27OCT2026,83000.000000,1000,OPTSTK,NFO,5.000000,30001,False
103269,INDIANB27OCT26890PE,INDIANB,27OCT2026,89000.000000,1000,OPTSTK,NFO,5.000000,30001,False
103340,PNBHOUSING27OCT261120CE,PNBHOUSING,27OCT2026,112000.000000,650,OPTSTK,NFO,5.000000,19501,False
79392,BHEL27OCT26475CE,BHEL,27OCT2026,47500.000000,2625,OPTSTK,NFO,5.000000,52501,False
79449,HINDUNILVR29SEP261940PE,HINDUNILVR,29SEP2026,194000.000000,300,OPTSTK,NFO,5.000000,12001,False
79451,HINDUNILVR29SEP261980PE,HINDUNILVR,29SEP2026,198000.000000,300,OPTSTK,NFO,5.000000,12001,False
79468,HINDUNILVR29SEP262300CE,HINDUNILVR,29SEP2026,230000.000000,300,OPTSTK,NFO,5.000000,12001,False
91864,MANAPPURAM27OCT26380PE,MANAPPURAM,27OCT2026,38000.000000,3000,OPTSTK,NFO,5.000000,60001,False
91958,MANKIND29SEP262060CE,MANKIND,29SEP2026,206000.000000,250,OPTSTK,NFO,5.000000,10001,False
91977,BHEL29SEP26360CE,BHEL,29SEP2026,36000.000000,2625,OPTSTK,NFO,5.000000,52501,False
91980,BHEL29SEP26370PE,BHEL,29SEP2026,37000.000000,2625,OPTSTK,NFO,5.000000,52501,False
103369,PNBHOUSING27OCT261240CE,PNBHOUSING,27OCT2026,124000.000000,650,OPTSTK,NFO,5.000000,19501,False
103458,POLICYBZR29SEP261580PE,POLICYBZR,29SEP2026,158000.000000,350,OPTSTK,NFO,5.000000,14001,False
103460,POLICYBZR29SEP261620PE,POLICYBZR,29SEP2026,162000.000000,350,OPTSTK,NFO,5.000000,14001,False
103468,INDIANB23NOV26800PE,INDIANB,23NOV2026,80000.000000,1000,OPTSTK,NFO,5.000000,30001,False
79490,BHEL23NOV26360PE,BHEL,23NOV2026,36000.000000,2625,OPTSTK,NFO,5.000000,52501,False
79507,BHEL23NOV26410PE,BHEL,23NOV2026,41000.000000,2625,OPTSTK,NFO,5.000000,52501,False
79520,BHEL23NOV26430CE,BHEL,23NOV2026,43000.000000,2625,OPTSTK,NFO,5.000000,52501,False
79526,HINDUNILVR27OCT261600PE,HINDUNILVR,27OCT2026,160000.000000,300,OPTSTK,NFO,5.000000,12001,False
91982,BHEL29SEP26380PE,BHEL,29SEP2026,38000.000000,2625,OPTSTK,NFO,5.000000,52501,False
91997,BHEL29SEP26460CE,BHEL,29SEP2026,46000.000000,2625,OPTSTK,NFO,5.000000,52501,False
92025,MANKIND29SEP262300PE,MANKIND,29SEP2026,230000.000000,250,OPTSTK,NFO,5.000000,10001,False
92037,MANKIND29SEP262460PE,MANKIND,29SEP2026,246000.000000,250,OPTSTK,NFO,5.000000,10001,False
103477,INDIANB23NOV26860PE,INDIANB,23NOV2026,86000.000000,1000,OPTSTK,NFO,5.000000,30001,False
103479,INDIANB23NOV26880PE,INDIANB,23NOV2026,88000.000000,1000,OPTSTK,NFO,5.000000,30001,False
103481,INDIANB23NOV26900PE,INDIANB,23NOV2026,90000.000000,1000,OPTSTK,NFO,5.000000,30001,False
103499,INDIANB23NOV26960PE,INDIANB,23NOV2026,96000.000000,1000,OPTSTK,NFO,5.000000,30001,False
79529,HINDUNILVR27OCT261680CE,HINDUNILVR,27OCT2026,168000.000000,300,OPTSTK,NFO,5.000000,12001,False
79534,HINDUNILVR27OCT261760PE,HINDUNILVR,27OCT2026,176000.000000,300,OPTSTK,NFO,5.000000,12001,False
79539,HINDUNILVR27OCT261880CE,HINDUNILVR,27OCT2026,188000.000000,300,OPTSTK,NFO,5.000000,12001,False
79545,HINDUNILVR27OCT262000CE,HINDUNILVR,27OCT2026,200000.000000,300,OPTSTK,NFO,5.000000,12001,False
92212,GLENMARK27OCT262220PE,GLENMARK,27OCT2026,222000.000000,375,OPTSTK,NFO,5.000000,11251,False
92213,GLENMARK27OCT262260CE,GLENMARK,27OCT2026,226000.000000,375,OPTSTK,NFO,5.000000,11251,False
92230,GLENMARK27OCT262460CE,GLENMARK,27OCT2026,246000.000000,375,OPTSTK,NFO,5.000000,11251,False
92240,GLENMARK27OCT262620PE,GLENMARK,27OCT2026,262000.000000,375,OPTSTK,NFO,5.000000,11251,False
103626,FORTIS29SEP26760PE,FORTIS,29SEP2026,76000.000000,775,OPTSTK,NFO,5.000000,23251,False
103637,FORTIS29SEP26820CE,FORTIS,29SEP2026,82000.000000,775,OPTSTK,NFO,5.000000,23251,False
103646,FORTIS29SEP26900PE,FORTIS,29SEP2026,90000.000000,775,OPTSTK,NFO,5.000000,23251,False
103666,FORTIS29SEP261040CE,FORTIS,29SEP2026,104000.000000,775,OPTSTK,NFO,5.000000,23251,False
92243,GLENMARK27OCT262660CE,GLENMARK,27OCT2026,266000.000000,375,OPTSTK,NFO,5.000000,11251,False
92281,GLENMARK27OCT262740CE,GLENMARK,27OCT2026,274000.000000,375,OPTSTK,NFO,5.000000,11251,False
92282,GLENMARK27OCT262740PE,GLENMARK,27OCT2026,274000.000000,375,OPTSTK,NFO,5.000000,11251,False
92316,MANKIND27OCT261880PE,MANKIND,27OCT2026,188000.000000,250,OPTSTK,NFO,5.000000,10001,False
79561,BHEL23NOV26430PE,BHEL,23NOV2026,43000.000000,2625,OPTSTK,NFO,5.000000,52501,False
79563,BHEL23NOV26440PE,BHEL,23NOV2026,44000.000000,2625,OPTSTK,NFO,5.000000,52501,False
79569,BHEL23NOV26450PE,BHEL,23NOV2026,45000.000000,2625,OPTSTK,NFO,5.000000,52501,False
79605,BHEL23NOV26480CE,BHEL,23NOV2026,48000.000000,2625,OPTSTK,NFO,5.000000,52501,False
103668,FORTIS29SEP261060CE,FORTIS,29SEP2026,106000.000000,775,OPTSTK,NFO,5.000000,23251,False
103727,INDIGO27OCT264900CE,INDIGO,27OCT2026,490000.000000,150,OPTSTK,NFO,5.000000,4501,False
103737,INDIGO27OCT265700CE,INDIGO,27OCT2026,570000.000000,150,OPTSTK,NFO,5.000000,4501,False
103738,INDIGO27OCT265700PE,INDIGO,27OCT2026,570000.000000,150,OPTSTK,NFO,5.000000,4501,False
92356,BIOCON29SEP26350PE,BIOCON,29SEP2026,35000.000000,2500,OPTSTK,NFO,5.000000,50001,False
92360,BIOCON29SEP26370PE,BIOCON,29SEP2026,37000.000000,2500,OPTSTK,NFO,5.000000,50001,False
92363,BIOCON29SEP26390CE,BIOCON,29SEP2026,39000.000000,2500,OPTSTK,NFO,5.000000,50001,False
92372,BIOCON29SEP26430PE,BIOCON,29SEP2026,43000.000000,2500,OPTSTK,NFO,5.000000,50001,False
79618,ADANIENSOL29SEP261160CE,ADANIENSOL,29SEP2026,116000.000000,675,OPTSTK,NFO,5.000000,13501,False
79623,ADANIENSOL29SEP261240PE,ADANIENSOL,29SEP2026,124000.000000,675,OPTSTK,NFO,5.000000,13501,False
79626,ADANIENSOL29SEP261320CE,ADANIENSOL,29SEP2026,132000.000000,675,OPTSTK,NFO,5.000000,13501,False
79637,BHEL23NOV26480PE,BHEL,23NOV2026,48000.000000,2625,OPTSTK,NFO,5.000000,52501,False
103788,INDIGO23NOV265200PE,INDIGO,23NOV2026,520000.000000,150,OPTSTK,NFO,5.000000,4501,False
103790,INDIGO23NOV265400PE,INDIGO,23NOV2026,540000.000000,150,OPTSTK,NFO,5.000000,4501,False
103792,INDIGO23NOV265600PE,INDIGO,23NOV2026,560000.000000,150,OPTSTK,NFO,5.000000,4501,False
103794,INDIGO23NOV265800PE,INDIGO,23NOV2026,580000.000000,150,OPTSTK,NFO,5.000000,4501,False
92432,GLENMARK23NOV262240CE,GLENMARK,23NOV2026,224000.000000,375,OPTSTK,NFO,5.000000,11251,False
92450,MANKIND27OCT262320PE,MANKIND,27OCT2026,232000.000000,250,OPTSTK,NFO,5.000000,10001,False
92454,GLENMARK23NOV262560PE,GLENMARK,23NOV2026,256000.000000,375,OPTSTK,NFO,5.000000,11251,False
92495,GLENMARK23NOV262680CE,GLENMARK,23NOV2026,268000.000000,375,OPTSTK,NFO,5.000000,11251,False
79702,HINDZINC29SEP26530PE,HINDZINC,29SEP2026,53000.000000,1225,OPTSTK,NFO,5.000000,36751,False
79722,HINDZINC29SEP26670CE,HINDZINC,29SEP2026,67000.000000,1225,OPTSTK,NFO,5.000000,36751,False
79794,ADANIENSOL29SEP261440PE,ADANIENSOL,29SEP2026,144000.000000,675,OPTSTK,NFO,5.000000,13501,False
79800,HINDZINC27OCT26660PE,HINDZINC,27OCT2026,66000.000000,1225,OPTSTK,NFO,5.000000,36751,False
92518,MANKIND27OCT262440CE,MANKIND,27OCT2026,244000.000000,250,OPTSTK,NFO,5.000000,10001,False
92532,MANKIND27OCT262480PE,MANKIND,27OCT2026,248000.000000,250,OPTSTK,NFO,5.000000,10001,False
92543,MANKIND27OCT262560PE,MANKIND,27OCT2026,256000.000000,250,OPTSTK,NFO,5.000000,10001,False
92557,MANKIND27OCT262600PE,MANKIND,27OCT2026,260000.000000,250,OPTSTK,NFO,5.000000,10001,False
103806,POLICYBZR27OCT262080PE,POLICYBZR,27OCT2026,208000.000000,350,OPTSTK,NFO,5.000000,14001,False
103856,POLYCAB29SEP268700PE,POLYCAB,29SEP2026,870000.000000,125,OPTSTK,NFO,5.000000,2501,False
103857,POLYCAB29SEP268900CE,POLYCAB,29SEP2026,890000.000000,125,OPTSTK,NFO,5.000000,2501,False
103883,INDUSINDBK27OCT26930CE,INDUSINDBK,27OCT2026,93000.000000,700,OPTSTK,NFO,5.000000,28001,False
79855,HYUNDAI29SEP261900CE,HYUNDAI,29SEP2026,190000.000000,275,OPTSTK,NFO,5.000000,11001,False
79859,HYUNDAI29SEP261980CE,HYUNDAI,29SEP2026,198000.000000,275,OPTSTK,NFO,5.000000,11001,False
79861,HYUNDAI29SEP262020CE,HYUNDAI,29SEP2026,202000.000000,275,OPTSTK,NFO,5.000000,11001,False
79870,BIOCON27OCT26355PE,BIOCON,27OCT2026,35500.000000,2500,OPTSTK,NFO,5.000000,50001,False
92638,MARICO29SEP26730PE,MARICO,29SEP2026,73000.000000,1200,OPTSTK,NFO,5.000000,36001,False
92640,MARICO29SEP26750PE,MARICO,29SEP2026,75000.000000,1200,OPTSTK,NFO,5.000000,36001,False
92649,MARICO29SEP26810PE,MARICO,29SEP2026,81000.000000,1200,OPTSTK,NFO,5.000000,36001,False
92657,MARICO29SEP26870CE,MARICO,29SEP2026,87000.000000,1200,OPTSTK,NFO,5.000000,36001,False
79879,BIOCON27OCT26405CE,BIOCON,27OCT2026,40500.000000,2500,OPTSTK,NFO,5.000000,50001,False
79898,HYUNDAI29SEP262260CE,HYUNDAI,29SEP2026,226000.000000,275,OPTSTK,NFO,5.000000,11001,False
79902,HYUNDAI29SEP262340CE,HYUNDAI,29SEP2026,234000.000000,275,OPTSTK,NFO,5.000000,11001,False
79960,ADANIENSOL29SEP261680CE,ADANIENSOL,29SEP2026,168000.000000,675,OPTSTK,NFO,5.000000,13501,False
103888,INDUSINDBK27OCT26970PE,INDUSINDBK,27OCT2026,97000.000000,700,OPTSTK,NFO,5.000000,28001,False
103902,INDUSINDBK27OCT261110PE,INDUSINDBK,27OCT2026,111000.000000,700,OPTSTK,NFO,5.000000,28001,False
103945,INDUSINDBK23NOV26840CE,INDUSINDBK,23NOV2026,84000.000000,700,OPTSTK,NFO,5.000000,28001,False
103968,POLYCAB29SEP269300PE,POLYCAB,29SEP2026,930000.000000,125,OPTSTK,NFO,5.000000,2501,False
92727,BLUESTARCO29SEP261400CE,BLUESTARCO,29SEP2026,140000.000000,325,OPTSTK,NFO,5.000000,13001,False
92737,BLUESTARCO29SEP261600CE,BLUESTARCO,29SEP2026,160000.000000,325,OPTSTK,NFO,5.000000,13001,False
92772,MARICO27OCT26740CE,MARICO,27OCT2026,74000.000000,1200,OPTSTK,NFO,5.000000,36001,False
92841,GMRAIRPORT27OCT2691CE,GMRAIRPORT,27OCT2026,9100.000000,6975,OPTSTK,NFO,1.000000,209251,False
79961,ADANIENSOL29SEP261680PE,ADANIENSOL,29SEP2026,168000.000000,675,OPTSTK,NFO,5.000000,13501,False
79981,HYUNDAI27OCT262040CE,HYUNDAI,27OCT2026,204000.000000,275,OPTSTK,NFO,5.000000,11001,False
79985,ADANIENSOL29SEP261880CE,ADANIENSOL,29SEP2026,188000.000000,675,OPTSTK,NFO,5.000000,13501,False
80051,BIOCON23NOV26340PE,BIOCON,23NOV2026,34000.000000,2500,OPTSTK,NFO,5.000000,50001,False
92845,GMRAIRPORT27OCT2695CE,GMRAIRPORT,27OCT2026,9500.000000,6975,OPTSTK,NFO,1.000000,209251,False
92850,GMRAIRPORT27OCT2699PE,GMRAIRPORT,27OCT2026,9900.000000,6975,OPTSTK,NFO,1.000000,209251,False
92851,GMRAIRPORT27OCT26101CE,GMRAIRPORT,27OCT2026,10100.000000,6975,OPTSTK,NFO,1.000000,209251,False
92860,GMRAIRPORT27OCT26109PE,GMRAIRPORT,27OCT2026,10900.000000,6975,OPTSTK,NFO,1.000000,209251,False
103976,POLYCAB29SEP2610100CE,POLYCAB,29SEP2026,1010000.000000,125,OPTSTK,NFO,5.000000,2501,False
104039,INDUSINDBK23NOV26900PE,INDUSINDBK,23NOV2026,90000.000000,700,OPTSTK,NFO,5.000000,28001,False
104050,INDUSINDBK23NOV26980PE,INDUSINDBK,23NOV2026,98000.000000,700,OPTSTK,NFO,5.000000,28001,False
104059,INDUSINDBK23NOV261080CE,INDUSINDBK,23NOV2026,108000.000000,700,OPTSTK,NFO,5.000000,28001,False
92902,MARICO27OCT26900PE,MARICO,27OCT2026,90000.000000,1200,OPTSTK,NFO,5.000000,36001,False
92961,GMRAIRPORT23NOV2676PE,GMRAIRPORT,23NOV2026,7600.000000,6975,OPTSTK,NFO,1.000000,209251,False
92975,GMRAIRPORT23NOV2680CE,GMRAIRPORT,23NOV2026,8000.000000,6975,OPTSTK,NFO,1.000000,209251,False
92996,MARUTI29SEP2610900PE,MARUTI,29SEP2026,1090000.000000,50,OPTSTK,NFO,5.000000,2001,False
80061,BIOCON23NOV26390PE,BIOCON,23NOV2026,39000.000000,2500,OPTSTK,NFO,5.000000,50001,False
80075,BIOCON23NOV26460PE,BIOCON,23NOV2026,46000.000000,2500,OPTSTK,NFO,5.000000,50001,False
80078,HYUNDAI27OCT262440CE,HYUNDAI,27OCT2026,244000.000000,275,OPTSTK,NFO,5.000000,11001,False
80189,NIFTY30MAR2715000PE,NIFTY,30MAR2027,1500000.000000,65,OPTIDX,NFO,5.000000,1801,False
104119,GAIL29SEP26145CE,GAIL,29SEP2026,14500.000000,3550,OPTSTK,NFO,1.000000,142001,False
104125,GAIL29SEP26160CE,GAIL,29SEP2026,16000.000000,3550,OPTSTK,NFO,1.000000,142001,False
104127,GAIL29SEP26165CE,GAIL,29SEP2026,16500.000000,3550,OPTSTK,NFO,1.000000,142001,False
104132,GAIL29SEP26170PE,GAIL,29SEP2026,17000.000000,3550,OPTSTK,NFO,1.000000,142001,False
80238,BLUESTARCO27OCT261500CE,BLUESTARCO,27OCT2026,150000.000000,325,OPTSTK,NFO,5.000000,13001,False
80427,ADANIENT29SEP263000PE,ADANIENT,29SEP2026,300000.000000,309,OPTSTK,NFO,5.000000,9271,False
80431,ADANIENT29SEP263200PE,ADANIENT,29SEP2026,320000.000000,309,OPTSTK,NFO,5.000000,9271,False
80436,ADANIENT29SEP263500CE,ADANIENT,29SEP2026,350000.000000,309,OPTSTK,NFO,5.000000,9271,False
93018,MARUTI29SEP2613100CE,MARUTI,29SEP2026,1310000.000000,50,OPTSTK,NFO,5.000000,2001,False
93053,BOSCHLTD29SEP2637000CE,BOSCHLTD,29SEP2026,3700000.000000,25,OPTSTK,NFO,5.000000,501,False
93107,GMRAIRPORT23NOV2694CE,GMRAIRPORT,23NOV2026,9400.000000,6975,OPTSTK,NFO,1.000000,209251,False
93108,MARUTI27OCT2610400CE,MARUTI,27OCT2026,1040000.000000,50,OPTSTK,NFO,5.000000,2001,False
104257,POLYCAB27OCT268200PE,POLYCAB,27OCT2026,820000.000000,125,OPTSTK,NFO,5.000000,2501,False
104134,GAIL29SEP26175PE,GAIL,29SEP2026,17500.000000,3550,OPTSTK,NFO,1.000000,142001,False
104223,POLYCAB27OCT267200CE,POLYCAB,27OCT2026,720000.000000,125,OPTSTK,NFO,5.000000,2501,False
104231,POLYCAB27OCT267400CE,POLYCAB,27OCT2026,740000.000000,125,OPTSTK,NFO,5.000000,2501,False
80451,ADANIENT29SEP263600PE,ADANIENT,29SEP2026,360000.000000,309,OPTSTK,NFO,5.000000,9271,False
80457,ICICIBANK29SEP261410PE,ICICIBANK,29SEP2026,141000.000000,700,OPTSTK,NFO,5.000000,21001,False
80460,ICICIBANK29SEP261430CE,ICICIBANK,29SEP2026,143000.000000,700,OPTSTK,NFO,5.000000,21001,False
80473,ICICIBANK29SEP261530PE,ICICIBANK,29SEP2026,153000.000000,700,OPTSTK,NFO,5.000000,21001,False
93132,MARUTI27OCT2612400CE,MARUTI,27OCT2026,1240000.000000,50,OPTSTK,NFO,5.000000,2001,False
93148,MARUTI27OCT2613800CE,MARUTI,27OCT2026,1380000.000000,50,OPTSTK,NFO,5.000000,2001,False
93240,BOSCHLTD29SEP2642000CE,BOSCHLTD,29SEP2026,4200000.000000,25,OPTSTK,NFO,5.000000,501,False
93250,GMRAIRPORT23NOV26104PE,GMRAIRPORT,23NOV2026,10400.000000,6975,OPTSTK,NFO,1.000000,209251,False
104288,POLYCAB27OCT2610200PE,POLYCAB,27OCT2026,1020000.000000,125,OPTSTK,NFO,5.000000,2501,False
104330,INDUSTOWER27OCT26335PE,INDUSTOWER,27OCT2026,33500.000000,1700,OPTSTK,NFO,5.000000,68001,False
104332,INDUSTOWER27OCT26345PE,INDUSTOWER,27OCT2026,34500.000000,1700,OPTSTK,NFO,5.000000,68001,False
104333,INDUSTOWER27OCT26355CE,INDUSTOWER,27OCT2026,35500.000000,1700,OPTSTK,NFO,5.000000,68001,False
80496,BLUESTARCO23NOV261320PE,BLUESTARCO,23NOV2026,132000.000000,325,OPTSTK,NFO,5.000000,13001,False
80497,BLUESTARCO23NOV261360CE,BLUESTARCO,23NOV2026,136000.000000,325,OPTSTK,NFO,5.000000,13001,False
80599,ICICIBANK27OCT261340CE,ICICIBANK,27OCT2026,134000.000000,700,OPTSTK,NFO,5.000000,21001,False
80623,ICICIBANK27OCT261440CE,ICICIBANK,27OCT2026,144000.000000,700,OPTSTK,NFO,5.000000,21001,False
93252,GMRAIRPORT23NOV26106PE,GMRAIRPORT,23NOV2026,10600.000000,6975,OPTSTK,NFO,1.000000,209251,False
93254,GMRAIRPORT23NOV26108PE,GMRAIRPORT,23NOV2026,10800.000000,6975,OPTSTK,NFO,1.000000,209251,False
93257,GMRAIRPORT23NOV26112CE,GMRAIRPORT,23NOV2026,11200.000000,6975,OPTSTK,NFO,1.000000,209251,False
93295,BOSCHLTD29SEP2644000CE,BOSCHLTD,29SEP2026,4400000.000000,25,OPTSTK,NFO,5.000000,501,False
93299,GODFRYPHLP27OCT261850CE,GODFRYPHLP,27OCT2026,185000.000000,275,OPTSTK,NFO,5.000000,11001,False
93302,BOSCHLTD29SEP2644000PE,BOSCHLTD,29SEP2026,4400000.000000,25,OPTSTK,NFO,5.000000,501,False
93333,BOSCHLTD29SEP2647000PE,BOSCHLTD,29SEP2026,4700000.000000,25,OPTSTK,NFO,5.000000,501,False
93357,GODFRYPHLP23NOV261600CE,GODFRYPHLP,23NOV2026,160000.000000,275,OPTSTK,NFO,5.000000,11001,False
80646,BOSCHLTD27OCT2643500PE,BOSCHLTD,27OCT2026,4350000.000000,25,OPTSTK,NFO,5.000000,501,False
80647,BOSCHLTD27OCT2644500CE,BOSCHLTD,27OCT2026,4450000.000000,25,OPTSTK,NFO,5.000000,501,False
80649,BOSCHLTD27OCT2645500CE,BOSCHLTD,27OCT2026,4550000.000000,25,OPTSTK,NFO,5.000000,501,False
80753,ICICIGI29SEP261300PE,ICICIGI,29SEP2026,130000.000000,325,OPTSTK,NFO,5.000000,13001,False
104389,INDUSTOWER27OCT26445CE,INDUSTOWER,27OCT2026,44500.000000,1700,OPTSTK,NFO,5.000000,68001,False
104396,POWERGRID29SEP26272.5CE,POWERGRID,29SEP2026,27250.000000,1900,OPTSTK,NFO,5.000000,76001,False
104400,POWERGRID29SEP26277.5PE,POWERGRID,29SEP2026,27750.000000,1900,OPTSTK,NFO,5.000000,76001,False
104429,POWERGRID29SEP26302.5CE,POWERGRID,29SEP2026,30250.000000,1900,OPTSTK,NFO,5.000000,76001,False
93366,GODFRYPHLP23NOV261900PE,GODFRYPHLP,23NOV2026,190000.000000,275,OPTSTK,NFO,5.000000,11001,False
93389,MAXHEALTH29SEP261090CE,MAXHEALTH,29SEP2026,109000.000000,525,OPTSTK,NFO,5.000000,21001,False
93394,MAXHEALTH29SEP261130PE,MAXHEALTH,29SEP2026,113000.000000,525,OPTSTK,NFO,5.000000,21001,False
93401,MAXHEALTH29SEP261210CE,MAXHEALTH,29SEP2026,121000.000000,525,OPTSTK,NFO,5.000000,21001,False
80755,ICICIGI29SEP261340PE,ICICIGI,29SEP2026,134000.000000,325,OPTSTK,NFO,5.000000,13001,False
80767,ICICIGI29SEP261460CE,ICICIGI,29SEP2026,146000.000000,325,OPTSTK,NFO,5.000000,13001,False
80801,ICICIGI29SEP261700PE,ICICIGI,29SEP2026,170000.000000,325,OPTSTK,NFO,5.000000,13001,False
80822,ICICIGI29SEP261780CE,ICICIGI,29SEP2026,178000.000000,325,OPTSTK,NFO,5.000000,13001,False
93518,MAXHEALTH27OCT26920CE,MAXHEALTH,27OCT2026,92000.000000,525,OPTSTK,NFO,5.000000,21001,False
93536,MAXHEALTH27OCT261040CE,MAXHEALTH,27OCT2026,104000.000000,525,OPTSTK,NFO,5.000000,21001,False
93576,BPCL29SEP26290PE,BPCL,29SEP2026,29000.000000,1975,OPTSTK,NFO,5.000000,79001,False
93581,BPCL29SEP26320CE,BPCL,29SEP2026,32000.000000,1975,OPTSTK,NFO,5.000000,79001,False
104453,INDUSTOWER23NOV26350CE,INDUSTOWER,23NOV2026,35000.000000,1700,OPTSTK,NFO,5.000000,68001,False
104482,INDUSTOWER23NOV26430PE,INDUSTOWER,23NOV2026,43000.000000,1700,OPTSTK,NFO,5.000000,68001,False
104637,POWERGRID27OCT26220PE,POWERGRID,27OCT2026,22000.000000,1900,OPTSTK,NFO,5.000000,76001,False
104643,POWERGRID27OCT26235PE,POWERGRID,27OCT2026,23500.000000,1900,OPTSTK,NFO,5.000000,76001,False
80836,ICICIGI29SEP261900PE,ICICIGI,29SEP2026,190000.000000,325,OPTSTK,NFO,5.000000,13001,False
80845,ADANIGREEN29SEP261360CE,ADANIGREEN,29SEP2026,136000.000000,600,OPTSTK,NFO,5.000000,18001,False
80846,ADANIGREEN29SEP261360PE,ADANIGREEN,29SEP2026,136000.000000,600,OPTSTK,NFO,5.000000,18001,False
80857,ADANIGREEN29SEP261520PE,ADANIGREEN,29SEP2026,152000.000000,600,OPTSTK,NFO,5.000000,18001,False
93584,BPCL29SEP26330PE,BPCL,29SEP2026,33000.000000,1975,OPTSTK,NFO,5.000000,79001,False
93587,BPCL29SEP26350CE,BPCL,29SEP2026,35000.000000,1975,OPTSTK,NFO,5.000000,79001,False
93803,BRITANNIA29SEP264500PE,BRITANNIA,29SEP2026,450000.000000,125,OPTSTK,NFO,5.000000,5001,False
93843,MAZDOCK27OCT262000PE,MAZDOCK,27OCT2026,200000.000000,225,OPTSTK,NFO,5.000000,9001,False
104648,POWERGRID27OCT26245CE,POWERGRID,27OCT2026,24500.000000,1900,OPTSTK,NFO,5.000000,76001,False
104656,POWERGRID27OCT26265CE,POWERGRID,27OCT2026,26500.000000,1900,OPTSTK,NFO,5.000000,76001,False
104659,POWERGRID27OCT26270PE,POWERGRID,27OCT2026,27000.000000,1900,OPTSTK,NFO,5.000000,76001,False
104660,POWERGRID27OCT26275CE,POWERGRID,27OCT2026,27500.000000,1900,OPTSTK,NFO,5.000000,76001,False
80870,BOSCHLTD23NOV2646000PE,BOSCHLTD,23NOV2026,4600000.000000,25,OPTSTK,NFO,5.000000,501,False
80891,ICICIGI27OCT261280PE,ICICIGI,27OCT2026,128000.000000,325,OPTSTK,NFO,5.000000,13001,False
80921,ICICIGI27OCT261720CE,ICICIGI,27OCT2026,172000.000000,325,OPTSTK,NFO,5.000000,13001,False
80929,ICICIGI27OCT261880CE,ICICIGI,27OCT2026,188000.000000,325,OPTSTK,NFO,5.000000,13001,False
93855,MAZDOCK27OCT262600PE,MAZDOCK,27OCT2026,260000.000000,225,OPTSTK,NFO,5.000000,9001,False
93856,MAZDOCK27OCT262700CE,MAZDOCK,27OCT2026,270000.000000,225,OPTSTK,NFO,5.000000,9001,False
93861,MAZDOCK27OCT262900PE,MAZDOCK,27OCT2026,290000.000000,225,OPTSTK,NFO,5.000000,9001,False
93890,MCX29SEP262550PE,MCX,29SEP2026,255000.000000,225,OPTSTK,NFO,5.000000,6751,False
80974,ICICIPRULI29SEP26415PE,ICICIPRULI,29SEP2026,41500.000000,925,OPTSTK,NFO,5.000000,46251,False
81004,ICICIPRULI29SEP26475CE,ICICIPRULI,29SEP2026,47500.000000,925,OPTSTK,NFO,5.000000,46251,False
81035,BPCL27OCT26275CE,BPCL,27OCT2026,27500.000000,1975,OPTSTK,NFO,5.000000,79001,False
81063,BPCL27OCT26305PE,BPCL,27OCT2026,30500.000000,1975,OPTSTK,NFO,5.000000,79001,False
93897,MCX29SEP262950CE,MCX,29SEP2026,295000.000000,225,OPTSTK,NFO,5.000000,6751,False
93925,BRITANNIA29SEP265000PE,BRITANNIA,29SEP2026,500000.000000,125,OPTSTK,NFO,5.000000,5001,False
93928,GODREJCP27OCT26910PE,GODREJCP,27OCT2026,91000.000000,500,OPTSTK,NFO,5.000000,25001,False
93993,BRITANNIA29SEP265500CE,BRITANNIA,29SEP2026,550000.000000,125,OPTSTK,NFO,5.000000,5001,False
104661,POWERGRID27OCT26275PE,POWERGRID,27OCT2026,27500.000000,1900,OPTSTK,NFO,5.000000,76001,False
104673,POWERGRID27OCT26305PE,POWERGRID,27OCT2026,30500.000000,1900,OPTSTK,NFO,5.000000,76001,False
104717,INFY27OCT26940CE,INFY,27OCT2026,94000.000000,400,OPTSTK,NFO,5.000000,20001,False
104725,INFY27OCT261020PE,INFY,27OCT2026,102000.000000,400,OPTSTK,NFO,5.000000,20001,False
94015,GODREJCP23NOV26780CE,GODREJCP,23NOV2026,78000.000000,500,OPTSTK,NFO,5.000000,25001,False
94024,GODREJCP23NOV26860PE,GODREJCP,23NOV2026,86000.000000,500,OPTSTK,NFO,5.000000,25001,False
94039,GODREJCP23NOV26980CE,GODREJCP,23NOV2026,98000.000000,500,OPTSTK,NFO,5.000000,25001,False
94057,BRITANNIA29SEP266000CE,BRITANNIA,29SEP2026,600000.000000,125,OPTSTK,NFO,5.000000,5001,False
81072,BPCL27OCT26345CE,BPCL,27OCT2026,34500.000000,1975,OPTSTK,NFO,5.000000,79001,False
81141,ICICIPRULI27OCT26430CE,ICICIPRULI,27OCT2026,43000.000000,925,OPTSTK,NFO,5.000000,46251,False
81158,ICICIPRULI27OCT26470PE,ICICIPRULI,27OCT2026,47000.000000,925,OPTSTK,NFO,5.000000,46251,False
81162,ICICIPRULI27OCT26490PE,ICICIPRULI,27OCT2026,49000.000000,925,OPTSTK,NFO,5.000000,46251,False
104757,GLENMARK29SEP262000PE,GLENMARK,29SEP2026,200000.000000,375,OPTSTK,NFO,5.000000,11251,False
104786,INFY23NOV261080CE,INFY,23NOV2026,108000.000000,400,OPTSTK,NFO,5.000000,20001,False
104808,INFY23NOV261200CE,INFY,23NOV2026,120000.000000,400,OPTSTK,NFO,5.000000,20001,False
104855,POWERINDIA29SEP2632500PE,POWERINDIA,29SEP2026,3250000.000000,25,OPTSTK,NFO,5.000000,751,False
81177,ICICIPRULI27OCT26550PE,ICICIPRULI,27OCT2026,55000.000000,925,OPTSTK,NFO,5.000000,46251,False
81241,IDEA29SEP2611CE,IDEA,29SEP2026,1100.000000,71475,OPTSTK,NFO,1.000000,1429501,False
81248,IDEA29SEP2617PE,IDEA,29SEP2026,1700.000000,71475,OPTSTK,NFO,1.000000,1429501,False
81322,ADANIPORTS29SEP261320PE,ADANIPORTS,29SEP2026,132000.000000,475,OPTSTK,NFO,5.000000,14251,False
94070,BRITANNIA29SEP266200CE,BRITANNIA,29SEP2026,620000.000000,125,OPTSTK,NFO,5.000000,5001,False
94071,BRITANNIA29SEP266200PE,BRITANNIA,29SEP2026,620000.000000,125,OPTSTK,NFO,5.000000,5001,False
94072,BRITANNIA29SEP266300CE,BRITANNIA,29SEP2026,630000.000000,125,OPTSTK,NFO,5.000000,5001,False
94120,GODREJPROP27OCT261480CE,GODREJPROP,27OCT2026,148000.000000,325,OPTSTK,NFO,5.000000,13001,False
104926,POWERINDIA27OCT2626000CE,POWERINDIA,27OCT2026,2600000.000000,25,OPTSTK,NFO,5.000000,751,False
104951,POWERINDIA27OCT2629000PE,POWERINDIA,27OCT2026,2900000.000000,25,OPTSTK,NFO,5.000000,751,False
104952,POWERINDIA27OCT2630000CE,POWERINDIA,27OCT2026,3000000.000000,25,OPTSTK,NFO,5.000000,751,False
104960,GLENMARK29SEP262360CE,GLENMARK,29SEP2026,236000.000000,375,OPTSTK,NFO,5.000000,11251,False
81323,ADANIPORTS29SEP261360CE,ADANIPORTS,29SEP2026,136000.000000,475,OPTSTK,NFO,5.000000,14251,False
81324,ADANIPORTS29SEP261360PE,ADANIPORTS,29SEP2026,136000.000000,475,OPTSTK,NFO,5.000000,14251,False
81336,ADANIPORTS29SEP261440PE,ADANIPORTS,29SEP2026,144000.000000,475,OPTSTK,NFO,5.000000,14251,False
81369,IDFCFIRSTB29SEP2687PE,IDFCFIRSTB,29SEP2026,8700.000000,9275,OPTSTK,NFO,1.000000,278251,False
94129,GODREJPROP27OCT261620PE,GODREJPROP,27OCT2026,162000.000000,325,OPTSTK,NFO,5.000000,13001,False
94154,MCX27OCT263400CE,MCX,27OCT2026,340000.000000,225,OPTSTK,NFO,5.000000,6751,False
94157,MCX27OCT263500PE,MCX,27OCT2026,350000.000000,225,OPTSTK,NFO,5.000000,6751,False
94180,BSE29SEP263800PE,BSE,29SEP2026,380000.000000,200,OPTSTK,NFO,5.000000,6001,False
81376,IDFCFIRSTB29SEP2695CE,IDFCFIRSTB,29SEP2026,9500.000000,9275,OPTSTK,NFO,1.000000,278251,False
81404,ADANIPORTS29SEP261920PE,ADANIPORTS,29SEP2026,192000.000000,475,OPTSTK,NFO,5.000000,14251,False
81405,ADANIPORTS29SEP261960CE,ADANIPORTS,29SEP2026,196000.000000,475,OPTSTK,NFO,5.000000,14251,False
81478,BPCL23NOV26290CE,BPCL,23NOV2026,29000.000000,1975,OPTSTK,NFO,5.000000,79001,False
104972,GLENMARK29SEP262520CE,GLENMARK,29SEP2026,252000.000000,375,OPTSTK,NFO,5.000000,11251,False
104974,GLENMARK29SEP262520PE,GLENMARK,29SEP2026,252000.000000,375,OPTSTK,NFO,5.000000,11251,False
105015,GLENMARK29SEP262760PE,GLENMARK,29SEP2026,276000.000000,375,OPTSTK,NFO,5.000000,11251,False
105017,GLENMARK29SEP262800PE,GLENMARK,29SEP2026,280000.000000,375,OPTSTK,NFO,5.000000,11251,False
94198,GODREJPROP27OCT261700PE,GODREJPROP,27OCT2026,170000.000000,325,OPTSTK,NFO,5.000000,13001,False
94202,GODREJPROP27OCT261780PE,GODREJPROP,27OCT2026,178000.000000,325,OPTSTK,NFO,5.000000,13001,False
94208,GODREJPROP27OCT261900PE,GODREJPROP,27OCT2026,190000.000000,325,OPTSTK,NFO,5.000000,13001,False
94272,MFSL29SEP261740PE,MFSL,29SEP2026,174000.000000,400,OPTSTK,NFO,5.000000,16001,False
81502,IDFCFIRSTB27OCT2674PE,IDFCFIRSTB,27OCT2026,7400.000000,9275,OPTSTK,NFO,1.000000,278251,False
81511,IDFCFIRSTB27OCT2684CE,IDFCFIRSTB,27OCT2026,8400.000000,9275,OPTSTK,NFO,1.000000,278251,False
81512,IDFCFIRSTB27OCT2684PE,IDFCFIRSTB,27OCT2026,8400.000000,9275,OPTSTK,NFO,1.000000,278251,False
81517,BPCL23NOV26360CE,BPCL,23NOV2026,36000.000000,1975,OPTSTK,NFO,5.000000,79001,False
94308,GODREJPROP27OCT262020PE,GODREJPROP,27OCT2026,202000.000000,325,OPTSTK,NFO,5.000000,13001,False
94359,GODREJPROP23NOV261520PE,GODREJPROP,23NOV2026,152000.000000,325,OPTSTK,NFO,5.000000,13001,False
94360,GODREJPROP23NOV261560CE,GODREJPROP,23NOV2026,156000.000000,325,OPTSTK,NFO,5.000000,13001,False
94361,GODREJPROP23NOV261560PE,GODREJPROP,23NOV2026,156000.000000,325,OPTSTK,NFO,5.000000,13001,False
105034,POWERINDIA27OCT2633000CE,POWERINDIA,27OCT2026,3300000.000000,25,OPTSTK,NFO,5.000000,751,False
105038,POWERINDIA27OCT2635000CE,POWERINDIA,27OCT2026,3500000.000000,25,OPTSTK,NFO,5.000000,751,False
105048,POWERINDIA27OCT2636000CE,POWERINDIA,27OCT2026,3600000.000000,25,OPTSTK,NFO,5.000000,751,False
105133,IOC27OCT26127.5PE,IOC,27OCT2026,12750.000000,4875,OPTSTK,NFO,1.000000,195001,False
81544,IDFCFIRSTB27OCT2690PE,IDFCFIRSTB,27OCT2026,9000.000000,9275,OPTSTK,NFO,1.000000,278251,False
81545,IDFCFIRSTB27OCT2692CE,IDFCFIRSTB,27OCT2026,9200.000000,9275,OPTSTK,NFO,1.000000,278251,False
81546,IDFCFIRSTB27OCT2692PE,IDFCFIRSTB,27OCT2026,9200.000000,9275,OPTSTK,NFO,1.000000,278251,False
81566,IDFCFIRSTB27OCT26100PE,IDFCFIRSTB,27OCT2026,10000.000000,9275,OPTSTK,NFO,1.000000,278251,False
94395,MFSL27OCT261280CE,MFSL,27OCT2026,128000.000000,400,OPTSTK,NFO,5.000000,16001,False
94396,MFSL27OCT261280PE,MFSL,27OCT2026,128000.000000,400,OPTSTK,NFO,5.000000,16001,False
94455,CAMS29SEP26640CE,CAMS,29SEP2026,64000.000000,825,OPTSTK,NFO,5.000000,33001,False
94456,CAMS29SEP26640PE,CAMS,29SEP2026,64000.000000,825,OPTSTK,NFO,5.000000,33001,False
105136,IOC27OCT26137.5CE,IOC,27OCT2026,13750.000000,4875,OPTSTK,NFO,1.000000,195001,False
105137,IOC27OCT26137.5PE,IOC,27OCT2026,13750.000000,4875,OPTSTK,NFO,1.000000,195001,False
105139,IOC27OCT26142.5PE,IOC,27OCT2026,14250.000000,4875,OPTSTK,NFO,1.000000,195001,False
105144,PREMIERENE29SEP26900PE,PREMIERENE,29SEP2026,90000.000000,650,OPTSTK,NFO,5.000000,26001,False
81584,BRITANNIA27OCT264950CE,BRITANNIA,27OCT2026,495000.000000,125,OPTSTK,NFO,5.000000,5001,False
81587,BRITANNIA27OCT264950PE,BRITANNIA,27OCT2026,495000.000000,125,OPTSTK,NFO,5.000000,5001,False
81600,ADANIPOWER29SEP26210PE,ADANIPOWER,29SEP2026,21000.000000,3550,OPTSTK,NFO,1.000000,106501,False
81602,ADANIPOWER29SEP26220PE,ADANIPOWER,29SEP2026,22000.000000,3550,OPTSTK,NFO,1.000000,106501,False
94458,CAMS29SEP26660PE,CAMS,29SEP2026,66000.000000,825,OPTSTK,NFO,5.000000,33001,False
94490,MFSL27OCT261760CE,MFSL,27OCT2026,176000.000000,400,OPTSTK,NFO,5.000000,16001,False
94494,GODREJPROP23NOV261920PE,GODREJPROP,23NOV2026,192000.000000,325,OPTSTK,NFO,5.000000,13001,False
94508,CAMS29SEP26920CE,CAMS,29SEP2026,92000.000000,825,OPTSTK,NFO,5.000000,33001,False
81628,IEX29SEP26102.5PE,IEX,29SEP2026,10250.000000,4350,OPTSTK,NFO,1.000000,174001,False
81629,IEX29SEP26107.5CE,IEX,29SEP2026,10750.000000,4350,OPTSTK,NFO,1.000000,174001,False
81632,IEX29SEP26112.5PE,IEX,29SEP2026,11250.000000,4350,OPTSTK,NFO,1.000000,174001,False
81633,IEX29SEP26117.5CE,IEX,29SEP2026,11750.000000,4350,OPTSTK,NFO,1.000000,174001,False
105172,PREMIERENE29SEP261020CE,PREMIERENE,29SEP2026,102000.000000,650,OPTSTK,NFO,5.000000,26001,False
105178,PREMIERENE29SEP261140CE,PREMIERENE,29SEP2026,114000.000000,650,OPTSTK,NFO,5.000000,26001,False
105341,PREMIERENE27OCT26880CE,PREMIERENE,27OCT2026,88000.000000,650,OPTSTK,NFO,5.000000,26001,False
105375,GMRAIRPORT29SEP2690PE,GMRAIRPORT,29SEP2026,9000.000000,6975,OPTSTK,NFO,1.000000,209251,False
94583,MOTHERSON29SEP26177.5CE,MOTHERSON,29SEP2026,17750.000000,6150,OPTSTK,NFO,1.000000,184501,False
94629,MOTHERSON27OCT26140PE,MOTHERSON,27OCT2026,14000.000000,6150,OPTSTK,NFO,1.000000,184501,False
94640,MOTHERSON27OCT26170CE,MOTHERSON,27OCT2026,17000.000000,6150,OPTSTK,NFO,1.000000,184501,False
94642,MOTHERSON27OCT26175CE,MOTHERSON,27OCT2026,17500.000000,6150,OPTSTK,NFO,1.000000,184501,False
105376,GMRAIRPORT29SEP2692CE,GMRAIRPORT,29SEP2026,9200.000000,6975,OPTSTK,NFO,1.000000,209251,False
105385,GMRAIRPORT29SEP2694PE,GMRAIRPORT,29SEP2026,9400.000000,6975,OPTSTK,NFO,1.000000,209251,False
105422,PRESTIGE29SEP261500CE,PRESTIGE,29SEP2026,150000.000000,450,OPTSTK,NFO,5.000000,13501,False
105431,PRESTIGE29SEP261620PE,PRESTIGE,29SEP2026,162000.000000,450,OPTSTK,NFO,5.000000,13501,False
81679,BRITANNIA27OCT265650CE,BRITANNIA,27OCT2026,565000.000000,125,OPTSTK,NFO,5.000000,5001,False
81684,BRITANNIA27OCT265650PE,BRITANNIA,27OCT2026,565000.000000,125,OPTSTK,NFO,5.000000,5001,False
81703,BRITANNIA27OCT265750PE,BRITANNIA,27OCT2026,575000.000000,125,OPTSTK,NFO,5.000000,5001,False
81725,IEX27OCT26130CE,IEX,27OCT2026,13000.000000,4350,OPTSTK,NFO,1.000000,174001,False
94654,GODREJPROP23NOV262040PE,GODREJPROP,23NOV2026,204000.000000,325,OPTSTK,NFO,5.000000,13001,False
94656,GODREJPROP23NOV262080PE,GODREJPROP,23NOV2026,208000.000000,325,OPTSTK,NFO,5.000000,13001,False
94668,GODREJPROP23NOV262200PE,GODREJPROP,23NOV2026,220000.000000,325,OPTSTK,NFO,5.000000,13001,False
94763,MOTILALOFS29SEP26980PE,MOTILALOFS,29SEP2026,98000.000000,775,OPTSTK,NFO,5.000000,23251,False
81726,IEX27OCT26130PE,IEX,27OCT2026,13000.000000,4350,OPTSTK,NFO,1.000000,174001,False
81804,INDHOTEL29SEP26710CE,INDHOTEL,29SEP2026,71000.000000,1000,OPTSTK,NFO,5.000000,30001,False
81816,INDHOTEL29SEP26790PE,INDHOTEL,29SEP2026,79000.000000,1000,OPTSTK,NFO,5.000000,30001,False
81916,INDHOTEL27OCT26760PE,INDHOTEL,27OCT2026,76000.000000,1000,OPTSTK,NFO,5.000000,30001,False
94804,GRASIM27OCT263140CE,GRASIM,27OCT2026,314000.000000,250,OPTSTK,NFO,5.000000,7501,False
94816,GRASIM27OCT263380CE,GRASIM,27OCT2026,338000.000000,250,OPTSTK,NFO,5.000000,7501,False
94825,GRASIM27OCT263540PE,GRASIM,27OCT2026,354000.000000,250,OPTSTK,NFO,5.000000,7501,False
94834,MOTILALOFS27OCT26880CE,MOTILALOFS,27OCT2026,88000.000000,775,OPTSTK,NFO,5.000000,23251,False
105443,GMRAIRPORT29SEP26104PE,GMRAIRPORT,29SEP2026,10400.000000,6975,OPTSTK,NFO,1.000000,209251,False
105453,GMRAIRPORT29SEP26114PE,GMRAIRPORT,29SEP2026,11400.000000,6975,OPTSTK,NFO,1.000000,209251,False
105570,IREDA23NOV2690CE,IREDA,23NOV2026,9000.000000,4525,OPTSTK,NFO,1.000000,181001,False
105573,IREDA23NOV2695PE,IREDA,23NOV2026,9500.000000,4525,OPTSTK,NFO,1.000000,181001,False
82030,INDIANB29SEP26830PE,INDIANB,29SEP2026,83000.000000,1000,OPTSTK,NFO,5.000000,30001,False
82033,INDIANB29SEP26870CE,INDIANB,29SEP2026,87000.000000,1000,OPTSTK,NFO,5.000000,30001,False
82037,INDIANB29SEP26890PE,INDIANB,29SEP2026,89000.000000,1000,OPTSTK,NFO,5.000000,30001,False
82040,INDIANB29SEP26930CE,INDIANB,29SEP2026,93000.000000,1000,OPTSTK,NFO,5.000000,30001,False
94856,MOTILALOFS27OCT26960PE,MOTILALOFS,27OCT2026,96000.000000,775,OPTSTK,NFO,5.000000,23251,False
94861,MOTILALOFS27OCT261080CE,MOTILALOFS,27OCT2026,108000.000000,775,OPTSTK,NFO,5.000000,23251,False
95012,MPHASIS27OCT262100CE,MPHASIS,27OCT2026,210000.000000,275,OPTSTK,NFO,5.000000,11001,False
95016,MPHASIS27OCT262300CE,MPHASIS,27OCT2026,230000.000000,275,OPTSTK,NFO,5.000000,11001,False
105674,PRESTIGE27OCT261480PE,PRESTIGE,27OCT2026,148000.000000,450,OPTSTK,NFO,5.000000,13501,False
105677,PRESTIGE27OCT261560CE,PRESTIGE,27OCT2026,156000.000000,450,OPTSTK,NFO,5.000000,13501,False
105686,PRESTIGE27OCT261720PE,PRESTIGE,27OCT2026,172000.000000,450,OPTSTK,NFO,5.000000,13501,False
105687,PRESTIGE27OCT261760CE,PRESTIGE,27OCT2026,176000.000000,450,OPTSTK,NFO,5.000000,13501,False
82076,BRITANNIA23NOV264600PE,BRITANNIA,23NOV2026,460000.000000,125,OPTSTK,NFO,5.000000,5001,False
82080,BRITANNIA23NOV264800PE,BRITANNIA,23NOV2026,480000.000000,125,OPTSTK,NFO,5.000000,5001,False
82147,INDIANB27OCT26760PE,INDIANB,27OCT2026,76000.000000,1000,OPTSTK,NFO,5.000000,30001,False
82151,INDIANB27OCT26800CE,INDIANB,27OCT2026,80000.000000,1000,OPTSTK,NFO,5.000000,30001,False
95027,MPHASIS27OCT262500CE,MPHASIS,27OCT2026,250000.000000,275,OPTSTK,NFO,5.000000,11001,False
95046,GRASIM23NOV262800CE,GRASIM,23NOV2026,280000.000000,250,OPTSTK,NFO,5.000000,7501,False
95061,CANBK29SEP26105CE,CANBK,29SEP2026,10500.000000,6750,OPTSTK,NFO,1.000000,202501,False
95106,MUTHOOTFIN29SEP263250PE,MUTHOOTFIN,29SEP2026,325000.000000,275,OPTSTK,NFO,5.000000,8251,False
105692,PRESTIGE27OCT261840PE,PRESTIGE,27OCT2026,184000.000000,450,OPTSTK,NFO,5.000000,13501,False
105774,RADICO29SEP264850CE,RADICO,29SEP2026,485000.000000,150,OPTSTK,NFO,5.000000,6001,False
105693,PRESTIGE27OCT261880CE,PRESTIGE,27OCT2026,188000.000000,450,OPTSTK,NFO,5.000000,13501,False
105773,RADICO29SEP264750PE,RADICO,29SEP2026,475000.000000,150,OPTSTK,NFO,5.000000,6001,False
95107,MUTHOOTFIN29SEP263350CE,MUTHOOTFIN,29SEP2026,335000.000000,275,OPTSTK,NFO,5.000000,8251,False
95130,GRASIM23NOV263040PE,GRASIM,23NOV2026,304000.000000,250,OPTSTK,NFO,5.000000,7501,False
95136,GRASIM23NOV263160PE,GRASIM,23NOV2026,316000.000000,250,OPTSTK,NFO,5.000000,7501,False
95138,GRASIM23NOV263200PE,GRASIM,23NOV2026,320000.000000,250,OPTSTK,NFO,5.000000,7501,False
82154,INDIANB27OCT26820PE,INDIANB,27OCT2026,82000.000000,1000,OPTSTK,NFO,5.000000,30001,False
82160,INDIANB27OCT26880PE,INDIANB,27OCT2026,88000.000000,1000,OPTSTK,NFO,5.000000,30001,False
82163,INDIANB27OCT26920CE,INDIANB,27OCT2026,92000.000000,1000,OPTSTK,NFO,5.000000,30001,False
82174,INDIANB27OCT26940CE,INDIANB,27OCT2026,94000.000000,1000,OPTSTK,NFO,5.000000,30001,False
105792,IRFC27OCT2671CE,IRFC,27OCT2026,7100.000000,5425,OPTSTK,NFO,1.000000,271251,False
105800,IRFC27OCT2673CE,IRFC,27OCT2026,7300.000000,5425,OPTSTK,NFO,1.000000,271251,False
105830,RADICO27OCT264200CE,RADICO,27OCT2026,420000.000000,150,OPTSTK,NFO,5.000000,6001,False
105835,RADICO27OCT264400PE,RADICO,27OCT2026,440000.000000,150,OPTSTK,NFO,5.000000,6001,False
82176,INDIANB27OCT26960CE,INDIANB,27OCT2026,96000.000000,1000,OPTSTK,NFO,5.000000,30001,False
82178,INDIANB27OCT26980CE,INDIANB,27OCT2026,98000.000000,1000,OPTSTK,NFO,5.000000,30001,False
82182,INDIANB27OCT261000CE,INDIANB,27OCT2026,100000.000000,1000,OPTSTK,NFO,5.000000,30001,False
82188,BRITANNIA23NOV265200PE,BRITANNIA,23NOV2026,520000.000000,125,OPTSTK,NFO,5.000000,5001,False
95143,GRASIM23NOV263320CE,GRASIM,23NOV2026,332000.000000,250,OPTSTK,NFO,5.000000,7501,False
95150,GRASIM23NOV263440PE,GRASIM,23NOV2026,344000.000000,250,OPTSTK,NFO,5.000000,7501,False
95171,GRASIM23NOV263840PE,GRASIM,23NOV2026,384000.000000,250,OPTSTK,NFO,5.000000,7501,False
95188,CANBK29SEP26120PE,CANBK,29SEP2026,12000.000000,6750,OPTSTK,NFO,1.000000,202501,False
105840,RADICO27OCT264600CE,RADICO,27OCT2026,460000.000000,150,OPTSTK,NFO,5.000000,6001,False
105841,RADICO27OCT264600PE,RADICO,27OCT2026,460000.000000,150,OPTSTK,NFO,5.000000,6001,False
105846,RADICO27OCT264900CE,RADICO,27OCT2026,490000.000000,150,OPTSTK,NFO,5.000000,6001,False
105845,RADICO27OCT264800PE,RADICO,27OCT2026,480000.000000,150,OPTSTK,NFO,5.000000,6001,False
82190,BRITANNIA23NOV265300PE,BRITANNIA,23NOV2026,530000.000000,125,OPTSTK,NFO,5.000000,5001,False
82206,ALKEM29SEP264300PE,ALKEM,29SEP2026,430000.000000,125,OPTSTK,NFO,5.000000,5001,False
82233,ALKEM29SEP264600PE,ALKEM,29SEP2026,460000.000000,125,OPTSTK,NFO,5.000000,5001,False
82253,INDIGO29SEP265300CE,INDIGO,29SEP2026,530000.000000,150,OPTSTK,NFO,5.000000,4501,False
95189,CANBK29SEP26125CE,CANBK,29SEP2026,12500.000000,6750,OPTSTK,NFO,1.000000,202501,False
95190,CANBK29SEP26125PE,CANBK,29SEP2026,12500.000000,6750,OPTSTK,NFO,1.000000,202501,False
95192,CANBK29SEP26130PE,CANBK,29SEP2026,13000.000000,6750,OPTSTK,NFO,1.000000,202501,False
95197,CANBK29SEP26140CE,CANBK,29SEP2026,14000.000000,6750,OPTSTK,NFO,1.000000,202501,False
105849,RADICO27OCT264900PE,RADICO,27OCT2026,490000.000000,150,OPTSTK,NFO,5.000000,6001,False
105885,GODFRYPHLP29SEP261600PE,GODFRYPHLP,29SEP2026,160000.000000,275,OPTSTK,NFO,5.000000,11001,False
105852,RADICO27OCT265100CE,RADICO,27OCT2026,510000.000000,150,OPTSTK,NFO,5.000000,6001,False
105853,RADICO27OCT265100PE,RADICO,27OCT2026,510000.000000,150,OPTSTK,NFO,5.000000,6001,False
51493,NIFTY27OCT2626050PE,NIFTY,27OCT2026,2605000.000000,65,OPTIDX,NFO,5.000000,1801,False
82304,ALKEM29SEP266000PE,ALKEM,29SEP2026,600000.000000,125,OPTSTK,NFO,5.000000,5001,False
82375,INDIGO27OCT264400CE,INDIGO,27OCT2026,440000.000000,150,OPTSTK,NFO,5.000000,4501,False
82376,BSE27OCT263100PE,BSE,27OCT2026,310000.000000,200,OPTSTK,NFO,5.000000,6001,False
95243,MUTHOOTFIN27OCT262400CE,MUTHOOTFIN,27OCT2026,240000.000000,275,OPTSTK,NFO,5.000000,8251,False
95245,MUTHOOTFIN27OCT262500CE,MUTHOOTFIN,27OCT2026,250000.000000,275,OPTSTK,NFO,5.000000,8251,False
95307,GVT&D27OCT264500PE,GVT&D,27OCT2026,450000.000000,125,OPTSTK,NFO,5.000000,5001,False
95308,GVT&D27OCT264700CE,GVT&D,27OCT2026,470000.000000,125,OPTSTK,NFO,5.000000,5001,False
105930,IRFC27OCT2691PE,IRFC,27OCT2026,9100.000000,5425,OPTSTK,NFO,1.000000,271251,False
105966,RBLBANK29SEP26365CE,RBLBANK,29SEP2026,36500.000000,3175,OPTSTK,NFO,5.000000,63501,False
105974,RBLBANK29SEP26395CE,RBLBANK,29SEP2026,39500.000000,3175,OPTSTK,NFO,5.000000,63501,False
105978,RBLBANK29SEP26415CE,RBLBANK,29SEP2026,41500.000000,3175,OPTSTK,NFO,5.000000,63501,False
51507,NIFTY27OCT2626400PE,NIFTY,27OCT2026,2640000.000000,65,OPTIDX,NFO,5.000000,1801,False
51524,NIFTY27OCT2626850CE,NIFTY,27OCT2026,2685000.000000,65,OPTIDX,NFO,5.000000,1801,False
51858,NIFTYNXT5027OCT2664500CE,NIFTYNXT50,27OCT2026,6450000.000000,25,OPTIDX,NFO,5.000000,601,False
51869,NIFTYNXT5027OCT2664800CE,NIFTYNXT50,27OCT2026,6480000.000000,25,OPTIDX,NFO,5.000000,601,False
95311,GVT&D27OCT264900PE,GVT&D,27OCT2026,490000.000000,125,OPTSTK,NFO,5.000000,5001,False
95362,NAM-INDIA29SEP261300PE,NAM-INDIA,29SEP2026,130000.000000,625,OPTSTK,NFO,5.000000,18751,False
95365,NAM-INDIA29SEP261340PE,NAM-INDIA,29SEP2026,134000.000000,625,OPTSTK,NFO,5.000000,18751,False
95494,NAM-INDIA27OCT261280PE,NAM-INDIA,27OCT2026,128000.000000,625,OPTSTK,NFO,5.000000,18751,False
106036,RBLBANK27OCT26340CE,RBLBANK,27OCT2026,34000.000000,3175,OPTSTK,NFO,5.000000,63501,False
106046,RBLBANK27OCT26370PE,RBLBANK,27OCT2026,37000.000000,3175,OPTSTK,NFO,5.000000,63501,False
106047,RBLBANK27OCT26380CE,RBLBANK,27OCT2026,38000.000000,3175,OPTSTK,NFO,5.000000,63501,False
106059,RBLBANK27OCT26430CE,RBLBANK,27OCT2026,43000.000000,3175,OPTSTK,NFO,5.000000,63501,False
51879,NIFTYNXT5027OCT2665200CE,NIFTYNXT50,27OCT2026,6520000.000000,25,OPTIDX,NFO,5.000000,601,False
51884,NIFTYNXT5027OCT2665300PE,NIFTYNXT50,27OCT2026,6530000.000000,25,OPTIDX,NFO,5.000000,601,False
51891,NIFTYNXT5027OCT2665600CE,NIFTYNXT50,27OCT2026,6560000.000000,25,OPTIDX,NFO,5.000000,601,False
51919,NIFTYNXT5027OCT2666600CE,NIFTYNXT50,27OCT2026,6660000.000000,25,OPTIDX,NFO,5.000000,601,False
95526,GVT&D23NOV264400PE,GVT&D,23NOV2026,440000.000000,125,OPTSTK,NFO,5.000000,5001,False
95535,CDSL29SEP261120CE,CDSL,29SEP2026,112000.000000,475,OPTSTK,NFO,5.000000,19001,False
95540,GVT&D23NOV264600PE,GVT&D,23NOV2026,460000.000000,125,OPTSTK,NFO,5.000000,5001,False
95552,GVT&D23NOV265000PE,GVT&D,23NOV2026,500000.000000,125,OPTSTK,NFO,5.000000,5001,False
106068,RBLBANK27OCT26470CE,RBLBANK,27OCT2026,47000.000000,3175,OPTSTK,NFO,5.000000,63501,False
106090,RECLTD29SEP26305CE,RECLTD,29SEP2026,30500.000000,1575,OPTSTK,NFO,5.000000,63001,False
106149,RECLTD27OCT26310CE,RECLTD,27OCT2026,31000.000000,1575,OPTSTK,NFO,5.000000,63001,False
106245,RECLTD27OCT26390PE,RECLTD,27OCT2026,39000.000000,1575,OPTSTK,NFO,5.000000,63001,False
95560,GVT&D23NOV265600PE,GVT&D,23NOV2026,560000.000000,125,OPTSTK,NFO,5.000000,5001,False
95621,HAL27OCT264650PE,HAL,27OCT2026,465000.000000,150,OPTSTK,NFO,5.000000,4501,False
95622,HAL27OCT264750CE,HAL,27OCT2026,475000.000000,150,OPTSTK,NFO,5.000000,4501,False
95627,HAL27OCT264850PE,HAL,27OCT2026,485000.000000,150,OPTSTK,NFO,5.000000,4501,False
51920,NIFTYNXT5027OCT2666600PE,NIFTYNXT50,27OCT2026,6660000.000000,25,OPTIDX,NFO,5.000000,601,False
51927,NIFTYNXT5027OCT2667000CE,NIFTYNXT50,27OCT2026,6700000.000000,25,OPTIDX,NFO,5.000000,601,False
51949,NIFTYNXT5027OCT2667700CE,NIFTYNXT50,27OCT2026,6770000.000000,25,OPTIDX,NFO,5.000000,601,False
51953,NIFTYNXT5027OCT2667900CE,NIFTYNXT50,27OCT2026,6790000.000000,25,OPTIDX,NFO,5.000000,601,False
106350,GODREJCP29SEP261060CE,GODREJCP,29SEP2026,106000.000000,500,OPTSTK,NFO,5.000000,25001,False
106360,IRFC23NOV2668CE,IRFC,23NOV2026,6800.000000,5425,OPTSTK,NFO,1.000000,271251,False
106362,RELIANCE29SEP261230CE,RELIANCE,29SEP2026,123000.000000,500,OPTSTK,NFO,5.000000,20001,False
106368,RELIANCE29SEP261270CE,RELIANCE,29SEP2026,127000.000000,500,OPTSTK,NFO,5.000000,20001,False
95631,HAL27OCT265050PE,HAL,27OCT2026,505000.000000,150,OPTSTK,NFO,5.000000,4501,False
95633,HAL27OCT265150PE,HAL,27OCT2026,515000.000000,150,OPTSTK,NFO,5.000000,4501,False
95744,CGPOWER29SEP26720PE,CGPOWER,29SEP2026,72000.000000,850,OPTSTK,NFO,5.000000,25501,False
95745,CGPOWER29SEP26760CE,CGPOWER,29SEP2026,76000.000000,850,OPTSTK,NFO,5.000000,25501,False
51958,NIFTYNXT5027OCT2668100PE,NIFTYNXT50,27OCT2026,6810000.000000,25,OPTIDX,NFO,5.000000,601,False
51969,NIFTYNXT5027OCT2668500CE,NIFTYNXT50,27OCT2026,6850000.000000,25,OPTIDX,NFO,5.000000,601,False
52002,NIFTYNXT5027OCT2669300PE,NIFTYNXT50,27OCT2026,6930000.000000,25,OPTIDX,NFO,5.000000,601,False
52009,NIFTYNXT5027OCT2669700CE,NIFTYNXT50,27OCT2026,6970000.000000,25,OPTIDX,NFO,5.000000,601,False
95751,HAL23NOV264500CE,HAL,23NOV2026,450000.000000,150,OPTSTK,NFO,5.000000,4501,False
95752,HAL23NOV264500PE,HAL,23NOV2026,450000.000000,150,OPTSTK,NFO,5.000000,4501,False
95755,HAL23NOV264700CE,HAL,23NOV2026,470000.000000,150,OPTSTK,NFO,5.000000,4501,False
95757,HAL23NOV264800CE,HAL,23NOV2026,480000.000000,150,OPTSTK,NFO,5.000000,4501,False
106374,RELIANCE29SEP261310CE,RELIANCE,29SEP2026,131000.000000,500,OPTSTK,NFO,5.000000,20001,False
106377,IRFC23NOV2672PE,IRFC,23NOV2026,7200.000000,5425,OPTSTK,NFO,1.000000,271251,False
106387,RELIANCE29SEP261390PE,RELIANCE,29SEP2026,139000.000000,500,OPTSTK,NFO,5.000000,20001,False
106406,IRFC23NOV2688PE,IRFC,23NOV2026,8800.000000,5425,OPTSTK,NFO,1.000000,271251,False
95758,HAL23NOV264800PE,HAL,23NOV2026,480000.000000,150,OPTSTK,NFO,5.000000,4501,False
95767,CGPOWER29SEP26880CE,CGPOWER,29SEP2026,88000.000000,850,OPTSTK,NFO,5.000000,25501,False
95781,CGPOWER29SEP261000PE,CGPOWER,29SEP2026,100000.000000,850,OPTSTK,NFO,5.000000,25501,False
95796,NATIONALUM29SEP26330PE,NATIONALUM,29SEP2026,33000.000000,1875,OPTSTK,NFO,5.000000,56251,False
52011,NIFTYNXT5027OCT2669800CE,NIFTYNXT50,27OCT2026,6980000.000000,25,OPTIDX,NFO,5.000000,601,False
52013,NIFTYNXT5027OCT2669900CE,NIFTYNXT50,27OCT2026,6990000.000000,25,OPTIDX,NFO,5.000000,601,False
52051,NIFTYNXT5027OCT2670600PE,NIFTYNXT50,27OCT2026,7060000.000000,25,OPTIDX,NFO,5.000000,601,False
52061,NIFTYNXT5027OCT2671000CE,NIFTYNXT50,27OCT2026,7100000.000000,25,OPTIDX,NFO,5.000000,601,False
106646,RELIANCE27OCT261060PE,RELIANCE,27OCT2026,106000.000000,500,OPTSTK,NFO,5.000000,20001,False
106655,RELIANCE27OCT261140CE,RELIANCE,27OCT2026,114000.000000,500,OPTSTK,NFO,5.000000,20001,False
106659,RELIANCE27OCT261180CE,RELIANCE,27OCT2026,118000.000000,500,OPTSTK,NFO,5.000000,20001,False
106679,ITC27OCT26287.5CE,ITC,27OCT2026,28750.000000,1725,OPTSTK,NFO,5.000000,86251,False
95799,NATIONALUM29SEP26370CE,NATIONALUM,29SEP2026,37000.000000,1875,OPTSTK,NFO,5.000000,56251,False
95805,NATIONALUM29SEP26430CE,NATIONALUM,29SEP2026,43000.000000,1875,OPTSTK,NFO,5.000000,56251,False
95814,HAL23NOV265600CE,HAL,23NOV2026,560000.000000,150,OPTSTK,NFO,5.000000,4501,False
95944,NATIONALUM27OCT26320PE,NATIONALUM,27OCT2026,32000.000000,1875,OPTSTK,NFO,5.000000,56251,False
52063,NIFTYNXT5027OCT2671100CE,NIFTYNXT50,27OCT2026,7110000.000000,25,OPTIDX,NFO,5.000000,601,False
52071,NIFTYNXT5027OCT2671500CE,NIFTYNXT50,27OCT2026,7150000.000000,25,OPTIDX,NFO,5.000000,601,False
52073,NIFTYNXT5027OCT2671600CE,NIFTYNXT50,27OCT2026,7160000.000000,25,OPTIDX,NFO,5.000000,601,False
52089,NIFTYNXT5027OCT2672300CE,NIFTYNXT50,27OCT2026,7230000.000000,25,OPTIDX,NFO,5.000000,601,False
95945,NATIONALUM27OCT26340CE,NATIONALUM,27OCT2026,34000.000000,1875,OPTSTK,NFO,5.000000,56251,False
95947,NATIONALUM27OCT26360CE,NATIONALUM,27OCT2026,36000.000000,1875,OPTSTK,NFO,5.000000,56251,False
95955,NATIONALUM27OCT26440CE,NATIONALUM,27OCT2026,44000.000000,1875,OPTSTK,NFO,5.000000,56251,False
95956,CHOLAFIN29SEP261520CE,CHOLAFIN,29SEP2026,152000.000000,625,OPTSTK,NFO,5.000000,12501,False
106685,RELIANCE27OCT261220CE,RELIANCE,27OCT2026,122000.000000,500,OPTSTK,NFO,5.000000,20001,False
106699,RELIANCE27OCT261240PE,RELIANCE,27OCT2026,124000.000000,500,OPTSTK,NFO,5.000000,20001,False
106707,RELIANCE27OCT261260PE,RELIANCE,27OCT2026,126000.000000,500,OPTSTK,NFO,5.000000,20001,False
106708,RELIANCE27OCT261280CE,RELIANCE,27OCT2026,128000.000000,500,OPTSTK,NFO,5.000000,20001,False
52152,NIFTYNXT5027OCT2673500PE,NIFTYNXT50,27OCT2026,7350000.000000,25,OPTIDX,NFO,5.000000,601,False
52164,NIFTYNXT5027OCT2674100PE,NIFTYNXT50,27OCT2026,7410000.000000,25,OPTIDX,NFO,5.000000,601,False
52169,NIFTYNXT5027OCT2674400CE,NIFTYNXT50,27OCT2026,7440000.000000,25,OPTIDX,NFO,5.000000,601,False
52174,NIFTYNXT5027OCT2674600PE,NIFTYNXT50,27OCT2026,7460000.000000,25,OPTIDX,NFO,5.000000,601,False
95962,NATIONALUM27OCT26460PE,NATIONALUM,27OCT2026,46000.000000,1875,OPTSTK,NFO,5.000000,56251,False
95984,HAVELLS27OCT261220CE,HAVELLS,27OCT2026,122000.000000,500,OPTSTK,NFO,5.000000,20001,False
95989,HAVELLS27OCT261260PE,HAVELLS,27OCT2026,126000.000000,500,OPTSTK,NFO,5.000000,20001,False
96002,CHOLAFIN29SEP261760CE,CHOLAFIN,29SEP2026,176000.000000,625,OPTSTK,NFO,5.000000,12501,False
106730,RELIANCE27OCT261320PE,RELIANCE,27OCT2026,132000.000000,500,OPTSTK,NFO,5.000000,20001,False
106735,RELIANCE27OCT261380CE,RELIANCE,27OCT2026,138000.000000,500,OPTSTK,NFO,5.000000,20001,False
106736,RELIANCE27OCT261380PE,RELIANCE,27OCT2026,138000.000000,500,OPTSTK,NFO,5.000000,20001,False
106742,RELIANCE27OCT261440PE,RELIANCE,27OCT2026,144000.000000,500,OPTSTK,NFO,5.000000,20001,False
52210,NIFTYNXT5027OCT2676300CE,NIFTYNXT50,27OCT2026,7630000.000000,25,OPTIDX,NFO,5.000000,601,False
52220,NIFTYNXT5027OCT2676800CE,NIFTYNXT50,27OCT2026,7680000.000000,25,OPTIDX,NFO,5.000000,601,False
52229,NIFTYNXT5027OCT2677200PE,NIFTYNXT50,27OCT2026,7720000.000000,25,OPTIDX,NFO,5.000000,601,False
52233,NIFTYNXT5027OCT2677400PE,NIFTYNXT50,27OCT2026,7740000.000000,25,OPTIDX,NFO,5.000000,601,False
96016,CHOLAFIN29SEP261960PE,CHOLAFIN,29SEP2026,196000.000000,625,OPTSTK,NFO,5.000000,12501,False
96067,NAUKRI29SEP261460CE,NAUKRI,29SEP2026,146000.000000,550,OPTSTK,NFO,5.000000,16501,False
96070,NAUKRI29SEP261500PE,NAUKRI,29SEP2026,150000.000000,550,OPTSTK,NFO,5.000000,16501,False
96093,NAUKRI27OCT261080CE,NAUKRI,27OCT2026,108000.000000,550,OPTSTK,NFO,5.000000,16501,False
106801,GODREJPROP29SEP261600PE,GODREJPROP,29SEP2026,160000.000000,325,OPTSTK,NFO,5.000000,13001,False
106803,GODREJPROP29SEP261640PE,GODREJPROP,29SEP2026,164000.000000,325,OPTSTK,NFO,5.000000,13001,False
106831,GODREJPROP29SEP261960PE,GODREJPROP,29SEP2026,196000.000000,325,OPTSTK,NFO,5.000000,13001,False
106833,GODREJPROP29SEP262000PE,GODREJPROP,29SEP2026,200000.000000,325,OPTSTK,NFO,5.000000,13001,False
52244,NIFTYNXT5027OCT2678000CE,NIFTYNXT50,27OCT2026,7800000.000000,25,OPTIDX,NFO,5.000000,601,False
52245,NIFTYNXT5027OCT2678000PE,NIFTYNXT50,27OCT2026,7800000.000000,25,OPTIDX,NFO,5.000000,601,False
52246,NIFTYNXT5027OCT2678100CE,NIFTYNXT50,27OCT2026,7810000.000000,25,OPTIDX,NFO,5.000000,601,False
52247,NIFTYNXT5027OCT2678100PE,NIFTYNXT50,27OCT2026,7810000.000000,25,OPTIDX,NFO,5.000000,601,False
96118,HAVELLS23NOV261200CE,HAVELLS,23NOV2026,120000.000000,500,OPTSTK,NFO,5.000000,20001,False
96125,HAVELLS23NOV261320CE,HAVELLS,23NOV2026,132000.000000,500,OPTSTK,NFO,5.000000,20001,False
96149,NBCC29SEP2677.5CE,NBCC,29SEP2026,7750.000000,6500,OPTSTK,NFO,1.000000,260001,False
96152,NBCC29SEP2682.5PE,NBCC,29SEP2026,8250.000000,6500,OPTSTK,NFO,1.000000,260001,False
106835,GODREJPROP29SEP262040PE,GODREJPROP,29SEP2026,204000.000000,325,OPTSTK,NFO,5.000000,13001,False
106839,GODREJPROP29SEP262120PE,GODREJPROP,29SEP2026,212000.000000,325,OPTSTK,NFO,5.000000,13001,False
106840,GODREJPROP29SEP262160CE,GODREJPROP,29SEP2026,216000.000000,325,OPTSTK,NFO,5.000000,13001,False
106841,GODREJPROP29SEP262160PE,GODREJPROP,29SEP2026,216000.000000,325,OPTSTK,NFO,5.000000,13001,False
52252,NIFTYNXT5027OCT2678300CE,NIFTYNXT50,27OCT2026,7830000.000000,25,OPTIDX,NFO,5.000000,601,False
52275,NIFTYNXT5027OCT2678600PE,NIFTYNXT50,27OCT2026,7860000.000000,25,OPTIDX,NFO,5.000000,601,False
52283,BANKNIFTY29SEP2651000PE,BANKNIFTY,29SEP2026,5100000.000000,30,OPTIDX,NFO,5.000000,601,False
52285,BANKNIFTY29SEP2652500PE,BANKNIFTY,29SEP2026,5250000.000000,30,OPTIDX,NFO,5.000000,601,False
96159,NBCC29SEP26102.5CE,NBCC,29SEP2026,10250.000000,6500,OPTSTK,NFO,1.000000,260001,False
96171,HAVELLS23NOV261440CE,HAVELLS,23NOV2026,144000.000000,500,OPTSTK,NFO,5.000000,20001,False
96172,HAVELLS23NOV261440PE,HAVELLS,23NOV2026,144000.000000,500,OPTSTK,NFO,5.000000,20001,False
96295,HCLTECH27OCT261130CE,HCLTECH,27OCT2026,113000.000000,400,OPTSTK,NFO,5.000000,20001,False
52290,NIFTYNXT5027OCT2679000CE,NIFTYNXT50,27OCT2026,7900000.000000,25,OPTIDX,NFO,5.000000,601,False
52301,NIFTYNXT5027OCT2679200PE,NIFTYNXT50,27OCT2026,7920000.000000,25,OPTIDX,NFO,5.000000,601,False
52305,NIFTYNXT5027OCT2679400PE,NIFTYNXT50,27OCT2026,7940000.000000,25,OPTIDX,NFO,5.000000,601,False
52313,NIFTYNXT5027OCT2679800PE,NIFTYNXT50,27OCT2026,7980000.000000,25,OPTIDX,NFO,5.000000,601,False
96296,HCLTECH27OCT261130PE,HCLTECH,27OCT2026,113000.000000,400,OPTSTK,NFO,5.000000,20001,False
96300,HCLTECH27OCT261170PE,HCLTECH,27OCT2026,117000.000000,400,OPTSTK,NFO,5.000000,20001,False
96317,HCLTECH27OCT261250CE,HCLTECH,27OCT2026,125000.000000,400,OPTSTK,NFO,5.000000,20001,False
96337,HCLTECH27OCT261350PE,HCLTECH,27OCT2026,135000.000000,400,OPTSTK,NFO,5.000000,20001,False
106846,GODREJPROP29SEP262280CE,GODREJPROP,29SEP2026,228000.000000,325,OPTSTK,NFO,5.000000,13001,False
106850,GODREJPROP29SEP262360CE,GODREJPROP,29SEP2026,236000.000000,325,OPTSTK,NFO,5.000000,13001,False
106901,RVNL29SEP26225CE,RVNL,29SEP2026,22500.000000,1925,OPTSTK,NFO,1.000000,96251,False
106927,RVNL27OCT26160CE,RVNL,27OCT2026,16000.000000,1925,OPTSTK,NFO,1.000000,96251,False
52317,NIFTYNXT5027OCT2680000PE,NIFTYNXT50,27OCT2026,8000000.000000,25,OPTIDX,NFO,5.000000,601,False
52318,NIFTYNXT5027OCT2680100CE,NIFTYNXT50,27OCT2026,8010000.000000,25,OPTIDX,NFO,5.000000,601,False
52330,NIFTYNXT5027OCT2680600CE,NIFTYNXT50,27OCT2026,8060000.000000,25,OPTIDX,NFO,5.000000,601,False
52358,BANKNIFTY29SEP2658500CE,BANKNIFTY,29SEP2026,5850000.000000,30,OPTIDX,NFO,5.000000,601,False
96516,HCLTECH23NOV261040CE,HCLTECH,23NOV2026,104000.000000,400,OPTSTK,NFO,5.000000,20001,False
96520,NBCC27OCT26105PE,NBCC,27OCT2026,10500.000000,6500,OPTSTK,NFO,1.000000,260001,False
96594,NESTLEIND29SEP261450PE,NESTLEIND,29SEP2026,145000.000000,500,OPTSTK,NFO,5.000000,15001,False
96610,NESTLEIND29SEP261610PE,NESTLEIND,29SEP2026,161000.000000,500,OPTSTK,NFO,5.000000,15001,False
106939,RVNL27OCT26210CE,RVNL,27OCT2026,21000.000000,1925,OPTSTK,NFO,1.000000,96251,False
106940,RVNL27OCT26210PE,RVNL,27OCT2026,21000.000000,1925,OPTSTK,NFO,1.000000,96251,False
107034,SAIL29SEP26207.5PE,SAIL,29SEP2026,20750.000000,4700,OPTSTK,NFO,1.000000,141001,False
107039,SAIL29SEP26217.5PE,SAIL,29SEP2026,21750.000000,4700,OPTSTK,NFO,1.000000,141001,False
96638,CIPLA29SEP261340PE,CIPLA,29SEP2026,134000.000000,425,OPTSTK,NFO,5.000000,17001,False
96639,CIPLA29SEP261360CE,CIPLA,29SEP2026,136000.000000,425,OPTSTK,NFO,5.000000,17001,False
96641,CIPLA29SEP261360PE,CIPLA,29SEP2026,136000.000000,425,OPTSTK,NFO,5.000000,17001,False
96693,NESTLEIND27OCT261180PE,NESTLEIND,27OCT2026,118000.000000,500,OPTSTK,NFO,5.000000,15001,False
52359,BANKNIFTY29SEP2658500PE,BANKNIFTY,29SEP2026,5850000.000000,30,OPTIDX,NFO,5.000000,601,False
52400,NIFTYNXT5027OCT2683500CE,NIFTYNXT50,27OCT2026,8350000.000000,25,OPTIDX,NFO,5.000000,601,False
52427,BANKNIFTY29SEP2667500PE,BANKNIFTY,29SEP2026,6750000.000000,30,OPTIDX,NFO,5.000000,601,False
52659,360ONE29SEP261300PE,360ONE,29SEP2026,130000.000000,500,OPTSTK,NFO,5.000000,20001,False
107089,SAIL27OCT26160CE,SAIL,27OCT2026,16000.000000,4700,OPTSTK,NFO,1.000000,141001,False
107134,ITC23NOV26295PE,ITC,23NOV2026,29500.000000,1725,OPTSTK,NFO,5.000000,86251,False
107142,SAIL27OCT26180CE,SAIL,27OCT2026,18000.000000,4700,OPTSTK,NFO,1.000000,141001,False
107189,SAIL27OCT26215PE,SAIL,27OCT2026,21500.000000,4700,OPTSTK,NFO,1.000000,141001,False
52708,360ONE27OCT261320CE,360ONE,27OCT2026,132000.000000,500,OPTSTK,NFO,5.000000,20001,False
96704,NESTLEIND27OCT261240PE,NESTLEIND,27OCT2026,124000.000000,500,OPTSTK,NFO,5.000000,15001,False
96705,NESTLEIND27OCT261260CE,NESTLEIND,27OCT2026,126000.000000,500,OPTSTK,NFO,5.000000,15001,False
96712,NESTLEIND27OCT261320PE,NESTLEIND,27OCT2026,132000.000000,500,OPTSTK,NFO,5.000000,15001,False
96723,NESTLEIND27OCT261440CE,NESTLEIND,27OCT2026,144000.000000,500,OPTSTK,NFO,5.000000,15001,False
52692,360ONE27OCT261000CE,360ONE,27OCT2026,100000.000000,500,OPTSTK,NFO,5.000000,20001,False
52695,360ONE27OCT261040PE,360ONE,27OCT2026,104000.000000,500,OPTSTK,NFO,5.000000,20001,False
52704,360ONE27OCT261240CE,360ONE,27OCT2026,124000.000000,500,OPTSTK,NFO,5.000000,20001,False
107236,SBICARD29SEP26630CE,SBICARD,29SEP2026,63000.000000,800,OPTSTK,NFO,5.000000,40001,False
107237,SBICARD29SEP26630PE,SBICARD,29SEP2026,63000.000000,800,OPTSTK,NFO,5.000000,40001,False
107245,SBICARD29SEP26710PE,SBICARD,29SEP2026,71000.000000,800,OPTSTK,NFO,5.000000,40001,False
107344,SBICARD29SEP26750CE,SBICARD,29SEP2026,75000.000000,800,OPTSTK,NFO,5.000000,40001,False
52709,360ONE27OCT261320PE,360ONE,27OCT2026,132000.000000,500,OPTSTK,NFO,5.000000,20001,False
52732,SOLARINDS27OCT2624500PE,SOLARINDS,27OCT2026,2450000.000000,50,OPTSTK,NFO,5.000000,1501,False
52835,ABB29SEP268100PE,ABB,29SEP2026,810000.000000,125,OPTSTK,NFO,5.000000,3751,False
52882,ABB27OCT267000CE,ABB,27OCT2026,700000.000000,125,OPTSTK,NFO,5.000000,3751,False
96725,NESTLEIND27OCT261460CE,NESTLEIND,27OCT2026,146000.000000,500,OPTSTK,NFO,5.000000,15001,False
96732,NESTLEIND27OCT261520PE,NESTLEIND,27OCT2026,152000.000000,500,OPTSTK,NFO,5.000000,15001,False
96807,HCLTECH23NOV261240CE,HCLTECH,23NOV2026,124000.000000,400,OPTSTK,NFO,5.000000,20001,False
96843,NESTLEIND27OCT261660PE,NESTLEIND,27OCT2026,166000.000000,500,OPTSTK,NFO,5.000000,15001,False
107417,GRASIM29SEP262800CE,GRASIM,29SEP2026,280000.000000,250,OPTSTK,NFO,5.000000,7501,False
107424,GRASIM29SEP262920PE,GRASIM,29SEP2026,292000.000000,250,OPTSTK,NFO,5.000000,7501,False
107429,GRASIM29SEP263040CE,GRASIM,29SEP2026,304000.000000,250,OPTSTK,NFO,5.000000,7501,False
107432,GRASIM29SEP263080PE,GRASIM,29SEP2026,308000.000000,250,OPTSTK,NFO,5.000000,7501,False
52954,ABCAPITAL29SEP26365CE,ABCAPITAL,29SEP2026,36500.000000,3100,OPTSTK,NFO,5.000000,62001,False
52965,ABCAPITAL29SEP26385PE,ABCAPITAL,29SEP2026,38500.000000,3100,OPTSTK,NFO,5.000000,62001,False
52975,ABCAPITAL29SEP26425PE,ABCAPITAL,29SEP2026,42500.000000,3100,OPTSTK,NFO,5.000000,62001,False
52987,ABCAPITAL29SEP26475CE,ABCAPITAL,29SEP2026,47500.000000,3100,OPTSTK,NFO,5.000000,62001,False
96868,HCLTECH23NOV261480PE,HCLTECH,23NOV2026,148000.000000,400,OPTSTK,NFO,5.000000,20001,False
96907,COALINDIA29SEP26340CE,COALINDIA,29SEP2026,34000.000000,1350,OPTSTK,NFO,5.000000,54001,False
96912,COALINDIA29SEP26360PE,COALINDIA,29SEP2026,36000.000000,1350,OPTSTK,NFO,5.000000,54001,False
96913,COALINDIA29SEP26370CE,COALINDIA,29SEP2026,37000.000000,1350,OPTSTK,NFO,5.000000,54001,False
107439,SBICARD27OCT26560CE,SBICARD,27OCT2026,56000.000000,800,OPTSTK,NFO,5.000000,40001,False
107476,JINDALSTEL27OCT261060PE,JINDALSTEL,27OCT2026,106000.000000,625,OPTSTK,NFO,5.000000,18751,False
107477,JINDALSTEL27OCT261100CE,JINDALSTEL,27OCT2026,110000.000000,625,OPTSTK,NFO,5.000000,18751,False
107483,JINDALSTEL27OCT261180PE,JINDALSTEL,27OCT2026,118000.000000,625,OPTSTK,NFO,5.000000,18751,False
53052,ABCAPITAL27OCT26450PE,ABCAPITAL,27OCT2026,45000.000000,3100,OPTSTK,NFO,5.000000,62001,False
53095,ADANIENSOL29SEP261300CE,ADANIENSOL,29SEP2026,130000.000000,675,OPTSTK,NFO,5.000000,13501,False
53120,ADANIENSOL29SEP261580PE,ADANIENSOL,29SEP2026,158000.000000,675,OPTSTK,NFO,5.000000,13501,False
53123,ADANIENSOL29SEP261660CE,ADANIENSOL,29SEP2026,166000.000000,675,OPTSTK,NFO,5.000000,13501,False
96919,COALINDIA29SEP26400CE,COALINDIA,29SEP2026,40000.000000,1350,OPTSTK,NFO,5.000000,54001,False
96921,COALINDIA29SEP26410CE,COALINDIA,29SEP2026,41000.000000,1350,OPTSTK,NFO,5.000000,54001,False
96922,COALINDIA29SEP26410PE,COALINDIA,29SEP2026,41000.000000,1350,OPTSTK,NFO,5.000000,54001,False
97006,NHPC29SEP2669PE,NHPC,29SEP2026,6900.000000,6950,OPTSTK,NFO,1.000000,278001,False
53134,ADANIENSOL29SEP261740PE,ADANIENSOL,29SEP2026,174000.000000,675,OPTSTK,NFO,5.000000,13501,False
53188,ADANIENSOL27OCT261200PE,ADANIENSOL,27OCT2026,120000.000000,675,OPTSTK,NFO,5.000000,13501,False
53228,BANKNIFTY29DEC2657000CE,BANKNIFTY,29DEC2026,5700000.000000,30,OPTIDX,NFO,5.000000,601,False
53246,BANKNIFTY29DEC2663000CE,BANKNIFTY,29DEC2026,6300000.000000,30,OPTIDX,NFO,5.000000,601,False
97009,NHPC29SEP2673CE,NHPC,29SEP2026,7300.000000,6950,OPTSTK,NFO,1.000000,278001,False
97026,NHPC29SEP2689PE,NHPC,29SEP2026,8900.000000,6950,OPTSTK,NFO,1.000000,278001,False
97129,NHPC27OCT2680PE,NHPC,27OCT2026,8000.000000,6950,OPTSTK,NFO,1.000000,278001,False
97135,NHPC27OCT2684CE,NHPC,27OCT2026,8400.000000,6950,OPTSTK,NFO,1.000000,278001,False
107536,JINDALSTEL23NOV26960PE,JINDALSTEL,23NOV2026,96000.000000,625,OPTSTK,NFO,5.000000,18751,False
107540,JINDALSTEL23NOV261040PE,JINDALSTEL,23NOV2026,104000.000000,625,OPTSTK,NFO,5.000000,18751,False
107541,JINDALSTEL23NOV261080CE,JINDALSTEL,23NOV2026,108000.000000,625,OPTSTK,NFO,5.000000,18751,False
107566,JINDALSTEL23NOV261320CE,JINDALSTEL,23NOV2026,132000.000000,625,OPTSTK,NFO,5.000000,18751,False
53249,BANKNIFTY29DEC2664500PE,BANKNIFTY,29DEC2026,6450000.000000,30,OPTIDX,NFO,5.000000,601,False
53366,ADANIENT29SEP263250CE,ADANIENT,29SEP2026,325000.000000,309,OPTSTK,NFO,5.000000,9271,False
53370,ADANIENT29SEP263350CE,ADANIENT,29SEP2026,335000.000000,309,OPTSTK,NFO,5.000000,9271,False
53410,ADANIENT27OCT262700CE,ADANIENT,27OCT2026,270000.000000,309,OPTSTK,NFO,5.000000,9271,False
97137,NHPC27OCT2686CE,NHPC,27OCT2026,8600.000000,6950,OPTSTK,NFO,1.000000,278001,False
97169,HDFCAMC23NOV262000CE,HDFCAMC,23NOV2026,200000.000000,300,OPTSTK,NFO,5.000000,9001,False
97317,HDFCBANK27OCT26610CE,HDFCBANK,27OCT2026,61000.000000,650,OPTSTK,NFO,5.000000,32501,False
97318,HDFCBANK27OCT26610PE,HDFCBANK,27OCT2026,61000.000000,650,OPTSTK,NFO,5.000000,32501,False
107600,GRASIM29SEP263360PE,GRASIM,29SEP2026,336000.000000,250,OPTSTK,NFO,5.000000,7501,False
107655,GRASIM29SEP263720CE,GRASIM,29SEP2026,372000.000000,250,OPTSTK,NFO,5.000000,7501,False
107623,JIOFIN27OCT26207.5CE,JIOFIN,27OCT2026,20750.000000,2350,OPTSTK,NFO,1.000000,94001,False
107647,JIOFIN27OCT26252.5CE,JIOFIN,27OCT2026,25250.000000,2350,OPTSTK,NFO,1.000000,94001,False
97355,COCHINSHIP29SEP261240CE,COCHINSHIP,29SEP2026,124000.000000,400,OPTSTK,NFO,5.000000,16001,False
97362,COCHINSHIP29SEP261360PE,COCHINSHIP,29SEP2026,136000.000000,400,OPTSTK,NFO,5.000000,16001,False
97368,COCHINSHIP29SEP261480PE,COCHINSHIP,29SEP2026,148000.000000,400,OPTSTK,NFO,5.000000,16001,False
97380,COCHINSHIP29SEP261720PE,COCHINSHIP,29SEP2026,172000.000000,400,OPTSTK,NFO,5.000000,16001,False
53414,ADANIENT27OCT262900CE,ADANIENT,27OCT2026,290000.000000,309,OPTSTK,NFO,5.000000,9271,False
53426,ADANIENT27OCT263500CE,ADANIENT,27OCT2026,350000.000000,309,OPTSTK,NFO,5.000000,9271,False
53427,ADANIENT27OCT263500PE,ADANIENT,27OCT2026,350000.000000,309,OPTSTK,NFO,5.000000,9271,False
53462,ADANIGREEN29SEP261180CE,ADANIGREEN,29SEP2026,118000.000000,600,OPTSTK,NFO,5.000000,18001,False
97428,HDFCBANK23NOV26640CE,HDFCBANK,23NOV2026,64000.000000,650,OPTSTK,NFO,5.000000,32501,False
97494,NMDC29SEP2673PE,NMDC,29SEP2026,7300.000000,6750,OPTSTK,NFO,1.000000,270001,False
97512,NMDC29SEP2679CE,NMDC,29SEP2026,7900.000000,6750,OPTSTK,NFO,1.000000,270001,False
97519,NMDC29SEP2685PE,NMDC,29SEP2026,8500.000000,6750,OPTSTK,NFO,1.000000,270001,False
107710,JIOFIN27OCT26267.5PE,JIOFIN,27OCT2026,26750.000000,2350,OPTSTK,NFO,1.000000,94001,False
107730,GVT&D29SEP263800PE,GVT&D,29SEP2026,380000.000000,125,OPTSTK,NFO,5.000000,5001,False
107863,SBILIFE29SEP261820PE,SBILIFE,29SEP2026,182000.000000,375,OPTSTK,NFO,5.000000,15001,False
107851,SBILIFE29SEP261740PE,SBILIFE,29SEP2026,174000.000000,375,OPTSTK,NFO,5.000000,15001,False
53467,ADANIGREEN29SEP261260PE,ADANIGREEN,29SEP2026,126000.000000,600,OPTSTK,NFO,5.000000,18001,False
53526,ADANIGREEN27OCT261040CE,ADANIGREEN,27OCT2026,104000.000000,600,OPTSTK,NFO,5.000000,18001,False
53541,ADANIGREEN27OCT261320PE,ADANIGREEN,27OCT2026,132000.000000,600,OPTSTK,NFO,5.000000,18001,False
53555,ADANIGREEN27OCT261560PE,ADANIGREEN,27OCT2026,156000.000000,600,OPTSTK,NFO,5.000000,18001,False
97525,HDFCBANK23NOV26680PE,HDFCBANK,23NOV2026,68000.000000,650,OPTSTK,NFO,5.000000,32501,False
97526,HDFCBANK23NOV26700CE,HDFCBANK,23NOV2026,70000.000000,650,OPTSTK,NFO,5.000000,32501,False
97540,HDFCBANK23NOV26800CE,HDFCBANK,23NOV2026,80000.000000,650,OPTSTK,NFO,5.000000,32501,False
97646,HDFCLIFE27OCT26455CE,HDFCLIFE,27OCT2026,45500.000000,1100,OPTSTK,NFO,5.000000,44001,False
53597,ADANIPORTS29SEP261380PE,ADANIPORTS,29SEP2026,138000.000000,475,OPTSTK,NFO,5.000000,14251,False
53608,ADANIPORTS29SEP261540CE,ADANIPORTS,29SEP2026,154000.000000,475,OPTSTK,NFO,5.000000,14251,False
53617,NIFTY28DEC2722000PE,NIFTY,28DEC2027,2200000.000000,65,OPTIDX,NFO,5.000000,1801,False
53626,NIFTY28DEC2725000CE,NIFTY,28DEC2027,2500000.000000,65,OPTIDX,NFO,5.000000,1801,False
107868,SBILIFE29SEP261940CE,SBILIFE,29SEP2026,194000.000000,375,OPTSTK,NFO,5.000000,15001,False
107878,SBILIFE29SEP262100CE,SBILIFE,29SEP2026,210000.000000,375,OPTSTK,NFO,5.000000,15001,False
107931,HAL29SEP264300CE,HAL,29SEP2026,430000.000000,150,OPTSTK,NFO,5.000000,4501,False
107956,HAL29SEP265100PE,HAL,29SEP2026,510000.000000,150,OPTSTK,NFO,5.000000,4501,False
97647,HDFCLIFE27OCT26455PE,HDFCLIFE,27OCT2026,45500.000000,1100,OPTSTK,NFO,5.000000,44001,False
97664,NMDC27OCT2668CE,NMDC,27OCT2026,6800.000000,6750,OPTSTK,NFO,1.000000,270001,False
97670,NMDC27OCT2674CE,NMDC,27OCT2026,7400.000000,6750,OPTSTK,NFO,1.000000,270001,False
97695,HDFCLIFE27OCT26495PE,HDFCLIFE,27OCT2026,49500.000000,1100,OPTSTK,NFO,5.000000,44001,False
53627,NIFTY28DEC2725000PE,NIFTY,28DEC2027,2500000.000000,65,OPTIDX,NFO,5.000000,1801,False
53628,NIFTY28DEC2726000CE,NIFTY,28DEC2027,2600000.000000,65,OPTIDX,NFO,5.000000,1801,False
53700,ADANIPORTS27OCT261600PE,ADANIPORTS,27OCT2026,160000.000000,475,OPTSTK,NFO,5.000000,14251,False
53763,ADANIPOWER29SEP26215CE,ADANIPOWER,29SEP2026,21500.000000,3550,OPTSTK,NFO,1.000000,106501,False
97699,NMDC27OCT2692CE,NMDC,27OCT2026,9200.000000,6750,OPTSTK,NFO,1.000000,270001,False
97722,HDFCLIFE27OCT26585CE,HDFCLIFE,27OCT2026,58500.000000,1100,OPTSTK,NFO,5.000000,44001,False
97728,HDFCLIFE27OCT26615CE,HDFCLIFE,27OCT2026,61500.000000,1100,OPTSTK,NFO,5.000000,44001,False
97757,NMDC27OCT26102PE,NMDC,27OCT2026,10200.000000,6750,OPTSTK,NFO,1.000000,270001,False
107969,HAL29SEP265400PE,HAL,29SEP2026,540000.000000,150,OPTSTK,NFO,5.000000,4501,False
108011,JIOFIN23NOV26230CE,JIOFIN,23NOV2026,23000.000000,2350,OPTSTK,NFO,1.000000,94001,False
108014,JIOFIN23NOV26235PE,JIOFIN,23NOV2026,23500.000000,2350,OPTSTK,NFO,1.000000,94001,False
108066,HAVELLS29SEP261000PE,HAVELLS,29SEP2026,100000.000000,500,OPTSTK,NFO,5.000000,20001,False
53780,HINDPETRO29SEP26310PE,HINDPETRO,29SEP2026,31000.000000,2025,OPTSTK,NFO,5.000000,60751,False
53819,ADANIPOWER27OCT26230CE,ADANIPOWER,27OCT2026,23000.000000,3550,OPTSTK,NFO,1.000000,106501,False
53865,ALKEM29SEP264650CE,ALKEM,29SEP2026,465000.000000,125,OPTSTK,NFO,5.000000,5001,False
53866,ALKEM29SEP264650PE,ALKEM,29SEP2026,465000.000000,125,OPTSTK,NFO,5.000000,5001,False
97804,NTPC29SEP26335PE,NTPC,29SEP2026,33500.000000,1500,OPTSTK,NFO,5.000000,75001,False
97813,COFORGE29SEP261520PE,COFORGE,29SEP2026,152000.000000,475,OPTSTK,NFO,5.000000,14251,False
97824,COFORGE29SEP261720PE,COFORGE,29SEP2026,172000.000000,475,OPTSTK,NFO,5.000000,14251,False
97825,COFORGE29SEP261760CE,COFORGE,29SEP2026,176000.000000,475,OPTSTK,NFO,5.000000,14251,False
108067,HAVELLS29SEP261040CE,HAVELLS,29SEP2026,104000.000000,500,OPTSTK,NFO,5.000000,20001,False
108072,JIOFIN23NOV26250PE,JIOFIN,23NOV2026,25000.000000,2350,OPTSTK,NFO,1.000000,94001,False
108083,SBILIFE27OCT261840CE,SBILIFE,27OCT2026,184000.000000,375,OPTSTK,NFO,5.000000,15001,False
108090,HAVELLS29SEP261120PE,HAVELLS,29SEP2026,112000.000000,500,OPTSTK,NFO,5.000000,20001,False
53870,ALKEM29SEP264850PE,ALKEM,29SEP2026,485000.000000,125,OPTSTK,NFO,5.000000,5001,False
53874,ALKEM29SEP264950PE,ALKEM,29SEP2026,495000.000000,125,OPTSTK,NFO,5.000000,5001,False
53875,ALKEM29SEP265050CE,ALKEM,29SEP2026,505000.000000,125,OPTSTK,NFO,5.000000,5001,False
53888,ALKEM29SEP265650PE,ALKEM,29SEP2026,565000.000000,125,OPTSTK,NFO,5.000000,5001,False
97827,COFORGE29SEP261800CE,COFORGE,29SEP2026,180000.000000,475,OPTSTK,NFO,5.000000,14251,False
97833,COFORGE29SEP261840CE,COFORGE,29SEP2026,184000.000000,475,OPTSTK,NFO,5.000000,14251,False
97941,NTPC27OCT26310CE,NTPC,27OCT2026,31000.000000,1500,OPTSTK,NFO,5.000000,75001,False
97969,NTPC27OCT26370CE,NTPC,27OCT2026,37000.000000,1500,OPTSTK,NFO,5.000000,75001,False
53891,ALKEM29SEP265750CE,ALKEM,29SEP2026,575000.000000,125,OPTSTK,NFO,5.000000,5001,False
53913,HINDPETRO29SEP26380CE,HINDPETRO,29SEP2026,38000.000000,2025,OPTSTK,NFO,5.000000,60751,False
53914,HINDPETRO29SEP26380PE,HINDPETRO,29SEP2026,38000.000000,2025,OPTSTK,NFO,5.000000,60751,False
53919,HINDPETRO29SEP26390CE,HINDPETRO,29SEP2026,39000.000000,2025,OPTSTK,NFO,5.000000,60751,False
108110,JIOFIN23NOV26280CE,JIOFIN,23NOV2026,28000.000000,2350,OPTSTK,NFO,1.000000,94001,False
108112,SBILIFE27OCT261880CE,SBILIFE,27OCT2026,188000.000000,375,OPTSTK,NFO,5.000000,15001,False
108122,SBILIFE27OCT261920PE,SBILIFE,27OCT2026,192000.000000,375,OPTSTK,NFO,5.000000,15001,False
108132,SBILIFE27OCT262000PE,SBILIFE,27OCT2026,200000.000000,375,OPTSTK,NFO,5.000000,15001,False
97970,NTPC27OCT26370PE,NTPC,27OCT2026,37000.000000,1500,OPTSTK,NFO,5.000000,75001,False
98073,NYKAA27OCT26290CE,NYKAA,27OCT2026,29000.000000,3125,OPTSTK,NFO,5.000000,93751,False
98075,NYKAA27OCT26300CE,NYKAA,27OCT2026,30000.000000,3125,OPTSTK,NFO,5.000000,93751,False
98079,NYKAA27OCT26320CE,NYKAA,27OCT2026,32000.000000,3125,OPTSTK,NFO,5.000000,93751,False
108143,SBILIFE27OCT262040PE,SBILIFE,27OCT2026,204000.000000,375,OPTSTK,NFO,5.000000,15001,False
108205,SBIN29SEP26910CE,SBIN,29SEP2026,91000.000000,750,OPTSTK,NFO,5.000000,22501,False
108262,SBIN29SEP261070PE,SBIN,29SEP2026,107000.000000,750,OPTSTK,NFO,5.000000,22501,False
108265,SBIN29SEP261110CE,SBIN,29SEP2026,111000.000000,750,OPTSTK,NFO,5.000000,22501,False
53946,HINDPETRO29SEP26400PE,HINDPETRO,29SEP2026,40000.000000,2025,OPTSTK,NFO,5.000000,60751,False
53976,ALKEM27OCT264500PE,ALKEM,27OCT2026,450000.000000,125,OPTSTK,NFO,5.000000,5001,False
53978,ALKEM27OCT264600PE,ALKEM,27OCT2026,460000.000000,125,OPTSTK,NFO,5.000000,5001,False
53980,ALKEM27OCT264700PE,ALKEM,27OCT2026,470000.000000,125,OPTSTK,NFO,5.000000,5001,False
98083,NYKAA27OCT26340CE,NYKAA,27OCT2026,34000.000000,3125,OPTSTK,NFO,5.000000,93751,False
98084,NYKAA27OCT26340PE,NYKAA,27OCT2026,34000.000000,3125,OPTSTK,NFO,5.000000,93751,False
98092,NYKAA27OCT26380PE,NYKAA,27OCT2026,38000.000000,3125,OPTSTK,NFO,5.000000,93751,False
98094,NYKAA27OCT26390PE,NYKAA,27OCT2026,39000.000000,3125,OPTSTK,NFO,5.000000,93751,False
108267,SBIN29SEP261130CE,SBIN,29SEP2026,113000.000000,750,OPTSTK,NFO,5.000000,22501,False
108271,SBIN29SEP261170CE,SBIN,29SEP2026,117000.000000,750,OPTSTK,NFO,5.000000,22501,False
108343,JSWENERGY27OCT26510PE,JSWENERGY,27OCT2026,51000.000000,1075,OPTSTK,NFO,5.000000,43001,False
108349,JSWENERGY27OCT26570PE,JSWENERGY,27OCT2026,57000.000000,1075,OPTSTK,NFO,5.000000,43001,False
53993,ALKEM27OCT265400CE,ALKEM,27OCT2026,540000.000000,125,OPTSTK,NFO,5.000000,5001,False
53997,ALKEM27OCT265500PE,ALKEM,27OCT2026,550000.000000,125,OPTSTK,NFO,5.000000,5001,False
53999,ALKEM27OCT265600CE,ALKEM,27OCT2026,560000.000000,125,OPTSTK,NFO,5.000000,5001,False
54001,ALKEM27OCT265700CE,ALKEM,27OCT2026,570000.000000,125,OPTSTK,NFO,5.000000,5001,False
98134,COLPAL29SEP261600CE,COLPAL,29SEP2026,160000.000000,275,OPTSTK,NFO,5.000000,11001,False
98175,COLPAL29SEP262040CE,COLPAL,29SEP2026,204000.000000,275,OPTSTK,NFO,5.000000,11001,False
98190,OBEROIRLTY29SEP261620CE,OBEROIRLTY,29SEP2026,162000.000000,350,OPTSTK,NFO,5.000000,14001,False
98191,OBEROIRLTY29SEP261620PE,OBEROIRLTY,29SEP2026,162000.000000,350,OPTSTK,NFO,5.000000,14001,False
54015,ALKEM27OCT266200CE,ALKEM,27OCT2026,620000.000000,125,OPTSTK,NFO,5.000000,5001,False
54137,AMBER29SEP266900CE,AMBER,29SEP2026,690000.000000,100,OPTSTK,NFO,5.000000,3001,False
54138,AMBER29SEP266900PE,AMBER,29SEP2026,690000.000000,100,OPTSTK,NFO,5.000000,3001,False
54204,AMBER27OCT266600PE,AMBER,27OCT2026,660000.000000,100,OPTSTK,NFO,5.000000,3001,False
98195,OBEROIRLTY29SEP261700PE,OBEROIRLTY,29SEP2026,170000.000000,350,OPTSTK,NFO,5.000000,14001,False
98222,HDFCLIFE23NOV26480CE,HDFCLIFE,23NOV2026,48000.000000,1100,OPTSTK,NFO,5.000000,44001,False
98223,HDFCLIFE23NOV26480PE,HDFCLIFE,23NOV2026,48000.000000,1100,OPTSTK,NFO,5.000000,44001,False
98225,HDFCLIFE23NOV26490PE,HDFCLIFE,23NOV2026,49000.000000,1100,OPTSTK,NFO,5.000000,44001,False
108351,JSWENERGY27OCT26590PE,JSWENERGY,27OCT2026,59000.000000,1075,OPTSTK,NFO,5.000000,43001,False
108427,JSWENERGY23NOV26640PE,JSWENERGY,23NOV2026,64000.000000,1075,OPTSTK,NFO,5.000000,43001,False
108468,JSWSTEEL27OCT261260PE,JSWSTEEL,27OCT2026,126000.000000,675,OPTSTK,NFO,5.000000,20251,False
108504,HCLTECH29SEP261100PE,HCLTECH,29SEP2026,110000.000000,400,OPTSTK,NFO,5.000000,20001,False
54227,AMBER27OCT268400CE,AMBER,27OCT2026,840000.000000,100,OPTSTK,NFO,5.000000,3001,False
54303,AMBUJACEM29SEP26455CE,AMBUJACEM,29SEP2026,45500.000000,1200,OPTSTK,NFO,5.000000,60001,False
54346,AMBUJACEM27OCT26330PE,AMBUJACEM,27OCT2026,33000.000000,1200,OPTSTK,NFO,5.000000,60001,False
54349,AMBUJACEM27OCT26350CE,AMBUJACEM,27OCT2026,35000.000000,1200,OPTSTK,NFO,5.000000,60001,False
98227,HDFCLIFE23NOV26500PE,HDFCLIFE,23NOV2026,50000.000000,1100,OPTSTK,NFO,5.000000,44001,False
98233,HDFCLIFE23NOV26530PE,HDFCLIFE,23NOV2026,53000.000000,1100,OPTSTK,NFO,5.000000,44001,False
98237,HDFCLIFE23NOV26550PE,HDFCLIFE,23NOV2026,55000.000000,1100,OPTSTK,NFO,5.000000,44001,False
98243,HDFCLIFE23NOV26580PE,HDFCLIFE,23NOV2026,58000.000000,1100,OPTSTK,NFO,5.000000,44001,False
108513,HCLTECH29SEP261180CE,HCLTECH,29SEP2026,118000.000000,400,OPTSTK,NFO,5.000000,20001,False
108522,HCLTECH29SEP261240PE,HCLTECH,29SEP2026,124000.000000,400,OPTSTK,NFO,5.000000,20001,False
108533,HCLTECH29SEP261300CE,HCLTECH,29SEP2026,130000.000000,400,OPTSTK,NFO,5.000000,20001,False
108579,JSWSTEEL23NOV261120PE,JSWSTEEL,23NOV2026,112000.000000,675,OPTSTK,NFO,5.000000,20251,False
54414,ANGELONE29SEP26245PE,ANGELONE,29SEP2026,24500.000000,2500,OPTSTK,NFO,5.000000,75001,False
98249,HDFCLIFE23NOV26610PE,HDFCLIFE,23NOV2026,61000.000000,1100,OPTSTK,NFO,5.000000,44001,False
98310,OBEROIRLTY29SEP261940CE,OBEROIRLTY,29SEP2026,194000.000000,350,OPTSTK,NFO,5.000000,14001,False
98318,OBEROIRLTY29SEP262020CE,OBEROIRLTY,29SEP2026,202000.000000,350,OPTSTK,NFO,5.000000,14001,False
98355,HEROMOTOCO27OCT264500CE,HEROMOTOCO,27OCT2026,450000.000000,150,OPTSTK,NFO,5.000000,4501,False
54363,AMBUJACEM27OCT26420CE,AMBUJACEM,27OCT2026,42000.000000,1200,OPTSTK,NFO,5.000000,60001,False
54370,AMBUJACEM27OCT26450PE,AMBUJACEM,27OCT2026,45000.000000,1200,OPTSTK,NFO,5.000000,60001,False
54372,AMBUJACEM27OCT26460PE,AMBUJACEM,27OCT2026,46000.000000,1200,OPTSTK,NFO,5.000000,60001,False
108580,JSWSTEEL23NOV261160CE,JSWSTEEL,23NOV2026,116000.000000,675,OPTSTK,NFO,5.000000,20251,False
108586,JSWSTEEL23NOV261280CE,JSWSTEEL,23NOV2026,128000.000000,675,OPTSTK,NFO,5.000000,20251,False
108593,JSWSTEEL23NOV261400PE,JSWSTEEL,23NOV2026,140000.000000,675,OPTSTK,NFO,5.000000,20251,False
108599,SBIN27OCT26980CE,SBIN,27OCT2026,98000.000000,750,OPTSTK,NFO,5.000000,22501,False
54416,ANGELONE29SEP26255PE,ANGELONE,29SEP2026,25500.000000,2500,OPTSTK,NFO,5.000000,75001,False
54420,ANGELONE29SEP26275PE,ANGELONE,29SEP2026,27500.000000,2500,OPTSTK,NFO,5.000000,75001,False
54465,ANGELONE27OCT26230CE,ANGELONE,27OCT2026,23000.000000,2500,OPTSTK,NFO,5.000000,75001,False
54475,ANGELONE27OCT26280CE,ANGELONE,27OCT2026,28000.000000,2500,OPTSTK,NFO,5.000000,75001,False
98361,HEROMOTOCO27OCT264500PE,HEROMOTOCO,27OCT2026,450000.000000,150,OPTSTK,NFO,5.000000,4501,False
98373,COLPAL29SEP262240PE,COLPAL,29SEP2026,224000.000000,275,OPTSTK,NFO,5.000000,11001,False
98380,COLPAL29SEP262360PE,COLPAL,29SEP2026,236000.000000,275,OPTSTK,NFO,5.000000,11001,False
98438,OBEROIRLTY27OCT261640PE,OBEROIRLTY,27OCT2026,164000.000000,350,OPTSTK,NFO,5.000000,14001,False
54476,ANGELONE27OCT26280PE,ANGELONE,27OCT2026,28000.000000,2500,OPTSTK,NFO,5.000000,75001,False
54481,ANGELONE27OCT26310CE,ANGELONE,27OCT2026,31000.000000,2500,OPTSTK,NFO,5.000000,75001,False
54485,ANGELONE27OCT26330CE,ANGELONE,27OCT2026,33000.000000,2500,OPTSTK,NFO,5.000000,75001,False
54487,ANGELONE27OCT26340CE,ANGELONE,27OCT2026,34000.000000,2500,OPTSTK,NFO,5.000000,75001,False
108605,SBIN27OCT261020CE,SBIN,27OCT2026,102000.000000,750,OPTSTK,NFO,5.000000,22501,False
108608,SBIN27OCT261040PE,SBIN,27OCT2026,104000.000000,750,OPTSTK,NFO,5.000000,22501,False
108616,SBIN27OCT261100CE,SBIN,27OCT2026,110000.000000,750,OPTSTK,NFO,5.000000,22501,False
108617,SBIN27OCT261100PE,SBIN,27OCT2026,110000.000000,750,OPTSTK,NFO,5.000000,22501,False
98439,OBEROIRLTY27OCT261680CE,OBEROIRLTY,27OCT2026,168000.000000,350,OPTSTK,NFO,5.000000,14001,False
98519,OBEROIRLTY27OCT262120PE,OBEROIRLTY,27OCT2026,212000.000000,350,OPTSTK,NFO,5.000000,14001,False
98561,HINDALCO27OCT261020CE,HINDALCO,27OCT2026,102000.000000,700,OPTSTK,NFO,5.000000,21001,False
98571,HINDALCO27OCT261100CE,HINDALCO,27OCT2026,110000.000000,700,OPTSTK,NFO,5.000000,21001,False
54567,APLAPOLLO29SEP262180CE,APLAPOLLO,29SEP2026,218000.000000,350,OPTSTK,NFO,5.000000,10501,False
54573,APLAPOLLO29SEP262260CE,APLAPOLLO,29SEP2026,226000.000000,350,OPTSTK,NFO,5.000000,10501,False
54693,APLAPOLLO27OCT262160CE,APLAPOLLO,27OCT2026,216000.000000,350,OPTSTK,NFO,5.000000,10501,False
54699,APLAPOLLO27OCT262240CE,APLAPOLLO,27OCT2026,224000.000000,350,OPTSTK,NFO,5.000000,10501,False
98635,OFSS29SEP2611700PE,OFSS,29SEP2026,1170000.000000,100,OPTSTK,NFO,5.000000,2001,False
98683,OFSS29SEP2613300CE,OFSS,29SEP2026,1330000.000000,100,OPTSTK,NFO,5.000000,2001,False
98704,CONCOR29SEP26430CE,CONCOR,29SEP2026,43000.000000,1250,OPTSTK,NFO,5.000000,50001,False
98706,CONCOR29SEP26440CE,CONCOR,29SEP2026,44000.000000,1250,OPTSTK,NFO,5.000000,50001,False
108625,SBIN27OCT261180CE,SBIN,27OCT2026,118000.000000,750,OPTSTK,NFO,5.000000,22501,False
108662,SHREECEM29SEP2621750CE,SHREECEM,29SEP2026,2175000.000000,25,OPTSTK,NFO,5.000000,1001,False
108672,SHREECEM29SEP2623750CE,SHREECEM,29SEP2026,2375000.000000,25,OPTSTK,NFO,5.000000,1001,False
108676,SHREECEM29SEP2624250CE,SHREECEM,29SEP2026,2425000.000000,25,OPTSTK,NFO,5.000000,1001,False
54764,APOLLOHOSP29SEP268900PE,APOLLOHOSP,29SEP2026,890000.000000,125,OPTSTK,NFO,5.000000,2501,False
54829,APOLLOHOSP27OCT267800CE,APOLLOHOSP,27OCT2026,780000.000000,125,OPTSTK,NFO,5.000000,2501,False
54846,APOLLOHOSP27OCT269200PE,APOLLOHOSP,27OCT2026,920000.000000,125,OPTSTK,NFO,5.000000,2501,False
54847,APOLLOHOSP27OCT269400CE,APOLLOHOSP,27OCT2026,940000.000000,125,OPTSTK,NFO,5.000000,2501,False
98731,CONCOR29SEP26450PE,CONCOR,29SEP2026,45000.000000,1250,OPTSTK,NFO,5.000000,50001,False
98739,CONCOR29SEP26470PE,CONCOR,29SEP2026,47000.000000,1250,OPTSTK,NFO,5.000000,50001,False
98741,HINDALCO23NOV26880PE,HINDALCO,23NOV2026,88000.000000,700,OPTSTK,NFO,5.000000,21001,False
98752,CONCOR29SEP26510CE,CONCOR,29SEP2026,51000.000000,1250,OPTSTK,NFO,5.000000,50001,False
54849,APOLLOHOSP27OCT269600CE,APOLLOHOSP,27OCT2026,960000.000000,125,OPTSTK,NFO,5.000000,2501,False
54853,APOLLOHOSP27OCT269800CE,APOLLOHOSP,27OCT2026,980000.000000,125,OPTSTK,NFO,5.000000,2501,False
54855,APOLLOHOSP27OCT2610000CE,APOLLOHOSP,27OCT2026,1000000.000000,125,OPTSTK,NFO,5.000000,2501,False
54976,ASHOKLEY27OCT26150PE,ASHOKLEY,27OCT2026,15000.000000,5000,OPTSTK,NFO,1.000000,150001,False
108683,SHREECEM29SEP2625250PE,SHREECEM,29SEP2026,2525000.000000,25,OPTSTK,NFO,5.000000,1001,False
108736,SHREECEM27OCT2619500CE,SHREECEM,27OCT2026,1950000.000000,25,OPTSTK,NFO,5.000000,1001,False
108741,SHREECEM27OCT2620500PE,SHREECEM,27OCT2026,2050000.000000,25,OPTSTK,NFO,5.000000,1001,False
108768,SHREECEM27OCT2624000CE,SHREECEM,27OCT2026,2400000.000000,25,OPTSTK,NFO,5.000000,1001,False
98770,CONCOR29SEP26580CE,CONCOR,29SEP2026,58000.000000,1250,OPTSTK,NFO,5.000000,50001,False
98795,HINDALCO23NOV261040PE,HINDALCO,23NOV2026,104000.000000,700,OPTSTK,NFO,5.000000,21001,False
98801,HINDALCO23NOV261160PE,HINDALCO,23NOV2026,116000.000000,700,OPTSTK,NFO,5.000000,21001,False
98832,HINDPETRO27OCT26370CE,HINDPETRO,27OCT2026,37000.000000,2025,OPTSTK,NFO,5.000000,60751,False
108831,JUBLFOOD27OCT26445CE,JUBLFOOD,27OCT2026,44500.000000,1250,OPTSTK,NFO,5.000000,50001,False
108843,JUBLFOOD27OCT26465CE,JUBLFOOD,27OCT2026,46500.000000,1250,OPTSTK,NFO,5.000000,50001,False
108894,HDFCAMC29SEP263000PE,HDFCAMC,29SEP2026,300000.000000,300,OPTSTK,NFO,5.000000,9001,False
108906,JUBLFOOD27OCT26545PE,JUBLFOOD,27OCT2026,54500.000000,1250,OPTSTK,NFO,5.000000,50001,False
54994,ASHOKLEY27OCT26170PE,ASHOKLEY,27OCT2026,17000.000000,5000,OPTSTK,NFO,1.000000,150001,False
55049,ASIANPAINT29SEP262260CE,ASIANPAINT,29SEP2026,226000.000000,250,OPTSTK,NFO,5.000000,10001,False
55067,ASIANPAINT29SEP262500CE,ASIANPAINT,29SEP2026,250000.000000,250,OPTSTK,NFO,5.000000,10001,False
55197,ASIANPAINT27OCT262200PE,ASIANPAINT,27OCT2026,220000.000000,250,OPTSTK,NFO,5.000000,10001,False
98833,HINDPETRO27OCT26370PE,HINDPETRO,27OCT2026,37000.000000,2025,OPTSTK,NFO,5.000000,60751,False
98834,HINDPETRO27OCT26390CE,HINDPETRO,27OCT2026,39000.000000,2025,OPTSTK,NFO,5.000000,60751,False
98886,CROMPTON29SEP26230CE,CROMPTON,29SEP2026,23000.000000,2150,OPTSTK,NFO,1.000000,86001,False
98908,OFSS27OCT2610000PE,OFSS,27OCT2026,1000000.000000,100,OPTSTK,NFO,5.000000,2001,False
98923,CROMPTON29SEP26270CE,CROMPTON,29SEP2026,27000.000000,2150,OPTSTK,NFO,1.000000,86001,False
98933,OFSS27OCT2611600CE,OFSS,27OCT2026,1160000.000000,100,OPTSTK,NFO,5.000000,2001,False
98936,OFSS27OCT2611800PE,OFSS,27OCT2026,1180000.000000,100,OPTSTK,NFO,5.000000,2001,False
98940,OFSS27OCT2612200PE,OFSS,27OCT2026,1220000.000000,100,OPTSTK,NFO,5.000000,2001,False
109009,JUBLFOOD23NOV26420PE,JUBLFOOD,23NOV2026,42000.000000,1250,OPTSTK,NFO,5.000000,50001,False
109017,JUBLFOOD23NOV26450CE,JUBLFOOD,23NOV2026,45000.000000,1250,OPTSTK,NFO,5.000000,50001,False
109030,JUBLFOOD23NOV26510PE,JUBLFOOD,23NOV2026,51000.000000,1250,OPTSTK,NFO,5.000000,50001,False
109050,SHRIRAMFIN29SEP26900PE,SHRIRAMFIN,29SEP2026,90000.000000,825,OPTSTK,NFO,5.000000,24751,False
55241,ASIANPAINT27OCT262920PE,ASIANPAINT,27OCT2026,292000.000000,250,OPTSTK,NFO,5.000000,10001,False
55243,ASIANPAINT27OCT262960PE,ASIANPAINT,27OCT2026,296000.000000,250,OPTSTK,NFO,5.000000,10001,False
55285,NIFTY29SEP2622500PE,NIFTY,29SEP2026,2250000.000000,65,OPTIDX,NFO,5.000000,1801,False
55323,NIFTY29DEC2616500PE,NIFTY,29DEC2026,1650000.000000,65,OPTIDX,NFO,5.000000,1801,False
98945,OFSS27OCT2612600CE,OFSS,27OCT2026,1260000.000000,100,OPTSTK,NFO,5.000000,2001,False
98988,HINDPETRO23NOV26300PE,HINDPETRO,23NOV2026,30000.000000,2025,OPTSTK,NFO,5.000000,60751,False
99023,CUMMINSIND29SEP264200CE,CUMMINSIND,29SEP2026,420000.000000,200,OPTSTK,NFO,5.000000,4001,False
99030,OFSS27OCT2614000PE,OFSS,27OCT2026,1400000.000000,100,OPTSTK,NFO,5.000000,2001,False
55324,NIFTY29DEC2619500CE,NIFTY,29DEC2026,1950000.000000,65,OPTIDX,NFO,5.000000,1801,False
55326,NIFTY29DEC2622500CE,NIFTY,29DEC2026,2250000.000000,65,OPTIDX,NFO,5.000000,1801,False
55368,NIFTY29JUN2716500CE,NIFTY,29JUN2027,1650000.000000,65,OPTIDX,NFO,5.000000,1801,False
55371,NIFTY29JUN2716500PE,NIFTY,29JUN2027,1650000.000000,65,OPTIDX,NFO,5.000000,1801,False
109051,JUBLFOOD23NOV26560PE,JUBLFOOD,23NOV2026,56000.000000,1250,OPTSTK,NFO,5.000000,50001,False
109052,SHRIRAMFIN29SEP26940CE,SHRIRAMFIN,29SEP2026,94000.000000,825,OPTSTK,NFO,5.000000,24751,False
109061,SHRIRAMFIN29SEP26980PE,SHRIRAMFIN,29SEP2026,98000.000000,825,OPTSTK,NFO,5.000000,24751,False
109082,SHRIRAMFIN29SEP261220CE,SHRIRAMFIN,29SEP2026,122000.000000,825,OPTSTK,NFO,5.000000,24751,False
99080,CUMMINSIND29SEP265400CE,CUMMINSIND,29SEP2026,540000.000000,200,OPTSTK,NFO,5.000000,4001,False
99093,CUMMINSIND29SEP265800PE,CUMMINSIND,29SEP2026,580000.000000,200,OPTSTK,NFO,5.000000,4001,False
99098,CUMMINSIND29SEP266400CE,CUMMINSIND,29SEP2026,640000.000000,200,OPTSTK,NFO,5.000000,4001,False
99116,OIL29SEP26445CE,OIL,29SEP2026,44500.000000,1400,OPTSTK,NFO,5.000000,56001,False
55373,NIFTY29JUN2719500PE,NIFTY,29JUN2027,1950000.000000,65,OPTIDX,NFO,5.000000,1801,False
55374,NIFTY29JUN2722500CE,NIFTY,29JUN2027,2250000.000000,65,OPTIDX,NFO,5.000000,1801,False
55426,NIFTY28DEC2725500CE,NIFTY,28DEC2027,2550000.000000,65,OPTIDX,NFO,5.000000,1801,False
55428,NIFTY28DEC2728500CE,NIFTY,28DEC2027,2850000.000000,65,OPTIDX,NFO,5.000000,1801,False
99117,OIL29SEP26445PE,OIL,29SEP2026,44500.000000,1400,OPTSTK,NFO,5.000000,56001,False
99128,OIL29SEP26475PE,OIL,29SEP2026,47500.000000,1400,OPTSTK,NFO,5.000000,56001,False
99141,OIL29SEP26495PE,OIL,29SEP2026,49500.000000,1400,OPTSTK,NFO,5.000000,56001,False
99206,HINDUNILVR27OCT261820PE,HINDUNILVR,27OCT2026,182000.000000,300,OPTSTK,NFO,5.000000,12001,False
109096,HDFCBANK29SEP26740CE,HDFCBANK,29SEP2026,74000.000000,650,OPTSTK,NFO,5.000000,32501,False
109100,HDFCBANK29SEP26780CE,HDFCBANK,29SEP2026,78000.000000,650,OPTSTK,NFO,5.000000,32501,False
109112,HDFCBANK29SEP26900CE,HDFCBANK,29SEP2026,90000.000000,650,OPTSTK,NFO,5.000000,32501,False
109174,SHRIRAMFIN27OCT26920PE,SHRIRAMFIN,27OCT2026,92000.000000,825,OPTSTK,NFO,5.000000,24751,False
99262,OIL27OCT26410CE,OIL,27OCT2026,41000.000000,1400,OPTSTK,NFO,5.000000,56001,False
99270,OIL27OCT26440CE,OIL,27OCT2026,44000.000000,1400,OPTSTK,NFO,5.000000,56001,False
99282,DABUR29SEP26330CE,DABUR,29SEP2026,33000.000000,1250,OPTSTK,NFO,5.000000,50001,False
99287,OIL27OCT26500PE,OIL,27OCT2026,50000.000000,1400,OPTSTK,NFO,5.000000,56001,False
55431,NIFTY28DEC2731500PE,NIFTY,28DEC2027,3150000.000000,65,OPTIDX,NFO,5.000000,1801,False
55502,ASTRAL29SEP261300CE,ASTRAL,29SEP2026,130000.000000,425,OPTSTK,NFO,5.000000,17001,False
55524,NIFTY26DEC2828500CE,NIFTY,26DEC2028,2850000.000000,65,OPTIDX,NFO,5.000000,1801,False
55526,NIFTY26DEC2831500CE,NIFTY,26DEC2028,3150000.000000,65,OPTIDX,NFO,5.000000,1801,False
109178,SHRIRAMFIN27OCT26960PE,SHRIRAMFIN,27OCT2026,96000.000000,825,OPTSTK,NFO,5.000000,24751,False
109179,SHRIRAMFIN27OCT261000CE,SHRIRAMFIN,27OCT2026,100000.000000,825,OPTSTK,NFO,5.000000,24751,False
109180,SHRIRAMFIN27OCT261000PE,SHRIRAMFIN,27OCT2026,100000.000000,825,OPTSTK,NFO,5.000000,24751,False
109202,SHRIRAMFIN27OCT261160CE,SHRIRAMFIN,27OCT2026,116000.000000,825,OPTSTK,NFO,5.000000,24751,False
99299,DABUR29SEP26370PE,DABUR,29SEP2026,37000.000000,1250,OPTSTK,NFO,5.000000,50001,False
99311,DABUR29SEP26430PE,DABUR,29SEP2026,43000.000000,1250,OPTSTK,NFO,5.000000,50001,False
99339,OIL27OCT26540PE,OIL,27OCT2026,54000.000000,1400,OPTSTK,NFO,5.000000,56001,False
99345,OIL27OCT26560PE,OIL,27OCT2026,56000.000000,1400,OPTSTK,NFO,5.000000,56001,False
55542,ASTRAL29SEP261340CE,ASTRAL,29SEP2026,134000.000000,425,OPTSTK,NFO,5.000000,17001,False
55558,NIFTY26JUN2919500CE,NIFTY,26JUN2029,1950000.000000,65,OPTIDX,NFO,5.000000,1801,False
55561,NIFTY26JUN2922500PE,NIFTY,26JUN2029,2250000.000000,65,OPTIDX,NFO,5.000000,1801,False
55567,NIFTY26JUN2931500PE,NIFTY,26JUN2029,3150000.000000,65,OPTIDX,NFO,5.000000,1801,False
99409,ONGC29SEP26232.5CE,ONGC,29SEP2026,23250.000000,2250,OPTSTK,NFO,1.000000,90001,False
99411,ONGC29SEP26237.5CE,ONGC,29SEP2026,23750.000000,2250,OPTSTK,NFO,1.000000,90001,False
99447,ONGC29SEP26257.5CE,ONGC,29SEP2026,25750.000000,2250,OPTSTK,NFO,1.000000,90001,False
99536,HINDUNILVR23NOV261720CE,HINDUNILVR,23NOV2026,172000.000000,300,OPTSTK,NFO,5.000000,12001,False
109247,SIEMENS29SEP263550CE,SIEMENS,29SEP2026,355000.000000,175,OPTSTK,NFO,5.000000,7001,False
109255,SIEMENS29SEP263750CE,SIEMENS,29SEP2026,375000.000000,175,OPTSTK,NFO,5.000000,7001,False
109266,SIEMENS29SEP263850PE,SIEMENS,29SEP2026,385000.000000,175,OPTSTK,NFO,5.000000,7001,False
109278,SIEMENS29SEP264050PE,SIEMENS,29SEP2026,405000.000000,175,OPTSTK,NFO,5.000000,7001,False
55593,ASTRAL29SEP261420CE,ASTRAL,29SEP2026,142000.000000,425,OPTSTK,NFO,5.000000,17001,False
55613,ASTRAL29SEP261460CE,ASTRAL,29SEP2026,146000.000000,425,OPTSTK,NFO,5.000000,17001,False
55642,NIFTY25JUN3019500CE,NIFTY,25JUN2030,1950000.000000,65,OPTIDX,NFO,5.000000,1801,False
55644,NIFTY25JUN3022500CE,NIFTY,25JUN2030,2250000.000000,65,OPTIDX,NFO,5.000000,1801,False
99555,HINDUNILVR23NOV261840PE,HINDUNILVR,23NOV2026,184000.000000,300,OPTSTK,NFO,5.000000,12001,False
99586,HINDUNILVR23NOV262160PE,HINDUNILVR,23NOV2026,216000.000000,300,OPTSTK,NFO,5.000000,12001,False
99592,ONGC27OCT26225CE,ONGC,27OCT2026,22500.000000,2250,OPTSTK,NFO,1.000000,90001,False
99599,ONGC27OCT26240PE,ONGC,27OCT2026,24000.000000,2250,OPTSTK,NFO,1.000000,90001,False
55686,ASTRAL29SEP261660CE,ASTRAL,29SEP2026,166000.000000,425,OPTSTK,NFO,5.000000,17001,False
55687,ASTRAL29SEP261660PE,ASTRAL,29SEP2026,166000.000000,425,OPTSTK,NFO,5.000000,17001,False
55756,NIFTY31DEC3025500CE,NIFTY,31DEC2030,2550000.000000,65,OPTIDX,NFO,5.000000,1801,False
55918,ASTRAL27OCT261640CE,ASTRAL,27OCT2026,164000.000000,425,OPTSTK,NFO,5.000000,17001,False
109281,SIEMENS29SEP264250CE,SIEMENS,29SEP2026,425000.000000,175,OPTSTK,NFO,5.000000,7001,False
109282,SIEMENS29SEP264250PE,SIEMENS,29SEP2026,425000.000000,175,OPTSTK,NFO,5.000000,7001,False
109289,SIEMENS29SEP264650CE,SIEMENS,29SEP2026,465000.000000,175,OPTSTK,NFO,5.000000,7001,False
109382,KALYANKJIL23NOV26620CE,KALYANKJIL,23NOV2026,62000.000000,1350,OPTSTK,NFO,5.000000,40501,False
99620,ONGC27OCT26275PE,ONGC,27OCT2026,27500.000000,2250,OPTSTK,NFO,1.000000,90001,False
99742,PAGEIND29SEP2632500PE,PAGEIND,29SEP2026,3250000.000000,20,OPTSTK,NFO,5.000000,601,False
99762,PAGEIND29SEP2635500PE,PAGEIND,29SEP2026,3550000.000000,20,OPTSTK,NFO,5.000000,601,False
99812,DELHIVERY29SEP26430CE,DELHIVERY,29SEP2026,43000.000000,2075,OPTSTK,NFO,5.000000,62251,False
55928,ASTRAL27OCT261760CE,ASTRAL,27OCT2026,176000.000000,425,OPTSTK,NFO,5.000000,17001,False
55968,AUBANK29SEP26980CE,AUBANK,29SEP2026,98000.000000,1000,OPTSTK,NFO,5.000000,20001,False
55982,AUBANK29SEP261140CE,AUBANK,29SEP2026,114000.000000,1000,OPTSTK,NFO,5.000000,20001,False
56029,AUBANK27OCT26880PE,AUBANK,27OCT2026,88000.000000,1000,OPTSTK,NFO,5.000000,20001,False
99815,DELHIVERY29SEP26440PE,DELHIVERY,29SEP2026,44000.000000,2075,OPTSTK,NFO,5.000000,62251,False
99820,PAGEIND29SEP2640500PE,PAGEIND,29SEP2026,4050000.000000,20,OPTSTK,NFO,5.000000,601,False
99827,DELHIVERY29SEP26480PE,DELHIVERY,29SEP2026,48000.000000,2075,OPTSTK,NFO,5.000000,62251,False
99833,DELHIVERY29SEP26510PE,DELHIVERY,29SEP2026,51000.000000,2075,OPTSTK,NFO,5.000000,62251,False
109384,KALYANKJIL23NOV26640CE,KALYANKJIL,23NOV2026,64000.000000,1350,OPTSTK,NFO,5.000000,40501,False
109435,SIEMENS27OCT263700CE,SIEMENS,27OCT2026,370000.000000,175,OPTSTK,NFO,5.000000,7001,False
109439,SIEMENS27OCT263800PE,SIEMENS,27OCT2026,380000.000000,175,OPTSTK,NFO,5.000000,7001,False
109448,SIEMENS27OCT264100CE,SIEMENS,27OCT2026,410000.000000,175,OPTSTK,NFO,5.000000,7001,False
56045,AUBANK27OCT26960PE,AUBANK,27OCT2026,96000.000000,1000,OPTSTK,NFO,5.000000,20001,False
56053,AUBANK27OCT261080PE,AUBANK,27OCT2026,108000.000000,1000,OPTSTK,NFO,5.000000,20001,False
56056,AUBANK27OCT261160CE,AUBANK,27OCT2026,116000.000000,1000,OPTSTK,NFO,5.000000,20001,False
56079,AUBANK27OCT261280PE,AUBANK,27OCT2026,128000.000000,1000,OPTSTK,NFO,5.000000,20001,False
99869,PAGEIND29SEP2644500CE,PAGEIND,29SEP2026,4450000.000000,20,OPTSTK,NFO,5.000000,601,False
99937,PAGEIND27OCT2631000CE,PAGEIND,27OCT2026,3100000.000000,20,OPTSTK,NFO,5.000000,601,False
99943,PAGEIND27OCT2634000CE,PAGEIND,27OCT2026,3400000.000000,20,OPTSTK,NFO,5.000000,601,False
99962,PAGEIND27OCT2641000PE,PAGEIND,27OCT2026,4100000.000000,20,OPTSTK,NFO,5.000000,601,False
109456,SIEMENS27OCT264400CE,SIEMENS,27OCT2026,440000.000000,175,OPTSTK,NFO,5.000000,7001,False
109459,SIEMENS27OCT264500PE,SIEMENS,27OCT2026,450000.000000,175,OPTSTK,NFO,5.000000,7001,False
109478,KAYNES27OCT263550CE,KAYNES,27OCT2026,355000.000000,150,OPTSTK,NFO,5.000000,6001,False
109530,HDFCLIFE29SEP26430CE,HDFCLIFE,29SEP2026,43000.000000,1100,OPTSTK,NFO,5.000000,44001,False
56152,AUROPHARMA29SEP261660CE,AUROPHARMA,29SEP2026,166000.000000,550,OPTSTK,NFO,5.000000,16501,False
56155,AUROPHARMA29SEP261700PE,AUROPHARMA,29SEP2026,170000.000000,550,OPTSTK,NFO,5.000000,16501,False
56157,AUROPHARMA29SEP261740PE,AUROPHARMA,29SEP2026,174000.000000,550,OPTSTK,NFO,5.000000,16501,False
56205,AUROPHARMA27OCT261440PE,AUROPHARMA,27OCT2026,144000.000000,550,OPTSTK,NFO,5.000000,16501,False
109543,SOLARINDS29SEP2618750CE,SOLARINDS,29SEP2026,1875000.000000,50,OPTSTK,NFO,5.000000,1501,False
109544,SOLARINDS29SEP2618750PE,SOLARINDS,29SEP2026,1875000.000000,50,OPTSTK,NFO,5.000000,1501,False
109545,SOLARINDS29SEP2619250CE,SOLARINDS,29SEP2026,1925000.000000,50,OPTSTK,NFO,5.000000,1501,False
109556,SOLARINDS29SEP2621750CE,SOLARINDS,29SEP2026,2175000.000000,50,OPTSTK,NFO,5.000000,1501,False
56217,AUROPHARMA27OCT261520PE,AUROPHARMA,27OCT2026,152000.000000,550,OPTSTK,NFO,5.000000,16501,False
56252,AUROPHARMA27OCT261880CE,AUROPHARMA,27OCT2026,188000.000000,550,OPTSTK,NFO,5.000000,16501,False
56254,AUROPHARMA27OCT261920CE,AUROPHARMA,27OCT2026,192000.000000,550,OPTSTK,NFO,5.000000,16501,False
56255,AUROPHARMA27OCT261920PE,AUROPHARMA,27OCT2026,192000.000000,550,OPTSTK,NFO,5.000000,16501,False
109557,SOLARINDS29SEP2621750PE,SOLARINDS,29SEP2026,2175000.000000,50,OPTSTK,NFO,5.000000,1501,False
109561,SOLARINDS29SEP2622750PE,SOLARINDS,29SEP2026,2275000.000000,50,OPTSTK,NFO,5.000000,1501,False
109575,HDFCLIFE29SEP26450CE,HDFCLIFE,29SEP2026,45000.000000,1100,OPTSTK,NFO,5.000000,44001,False
109584,HDFCLIFE29SEP26470PE,HDFCLIFE,29SEP2026,47000.000000,1100,OPTSTK,NFO,5.000000,44001,False
56321,AXISBANK29SEP261340PE,AXISBANK,29SEP2026,134000.000000,625,OPTSTK,NFO,5.000000,18751,False
56395,AXISBANK27OCT261240PE,AXISBANK,27OCT2026,124000.000000,625,OPTSTK,NFO,5.000000,18751,False
56397,AXISBANK27OCT261280PE,AXISBANK,27OCT2026,128000.000000,625,OPTSTK,NFO,5.000000,18751,False
56403,AXISBANK27OCT261400PE,AXISBANK,27OCT2026,140000.000000,625,OPTSTK,NFO,5.000000,18751,False
56405,AXISBANK27OCT261440PE,AXISBANK,27OCT2026,144000.000000,625,OPTSTK,NFO,5.000000,18751,False
56487,BAJAJ-AUTO29SEP2611900PE,BAJAJ-AUTO,29SEP2026,1190000.000000,75,OPTSTK,NFO,5.000000,2251,False
56559,BAJAJ-AUTO27OCT2610200PE,BAJAJ-AUTO,27OCT2026,1020000.000000,75,OPTSTK,NFO,5.000000,2251,False
56582,BAJAJ-AUTO27OCT2611800CE,BAJAJ-AUTO,27OCT2026,1180000.000000,75,OPTSTK,NFO,5.000000,2251,False
109588,HDFCLIFE29SEP26490PE,HDFCLIFE,29SEP2026,49000.000000,1100,OPTSTK,NFO,5.000000,44001,False
109603,HDFCLIFE29SEP26560CE,HDFCLIFE,29SEP2026,56000.000000,1100,OPTSTK,NFO,5.000000,44001,False
109606,HDFCLIFE29SEP26570CE,HDFCLIFE,29SEP2026,57000.000000,1100,OPTSTK,NFO,5.000000,44001,False
109652,SOLARINDS27OCT2619000CE,SOLARINDS,27OCT2026,1900000.000000,50,OPTSTK,NFO,5.000000,1501,False
56583,BAJAJ-AUTO27OCT2611800PE,BAJAJ-AUTO,27OCT2026,1180000.000000,75,OPTSTK,NFO,5.000000,2251,False
56587,BAJAJ-AUTO27OCT2612200PE,BAJAJ-AUTO,27OCT2026,1220000.000000,75,OPTSTK,NFO,5.000000,2251,False
56603,BAJAJ-AUTO27OCT2613800PE,BAJAJ-AUTO,27OCT2026,1380000.000000,75,OPTSTK,NFO,5.000000,2251,False
56682,BAJAJFINSV29SEP261900CE,BAJAJFINSV,29SEP2026,190000.000000,300,OPTSTK,NFO,5.000000,12001,False
109675,SOLARINDS27OCT2622000PE,SOLARINDS,27OCT2026,2200000.000000,50,OPTSTK,NFO,5.000000,1501,False
109677,SOLARINDS27OCT2622500CE,SOLARINDS,27OCT2026,2250000.000000,50,OPTSTK,NFO,5.000000,1501,False
109702,SOLARINDS27OCT2625000CE,SOLARINDS,27OCT2026,2500000.000000,50,OPTSTK,NFO,5.000000,1501,False
109777,HEROMOTOCO29SEP265400CE,HEROMOTOCO,29SEP2026,540000.000000,150,OPTSTK,NFO,5.000000,4501,False
56690,BAJAJFINSV29SEP261980CE,BAJAJFINSV,29SEP2026,198000.000000,300,OPTSTK,NFO,5.000000,12001,False
56697,NIFTY22SEP2621750CE,NIFTY,22SEP2026,2175000.000000,65,OPTIDX,NFO,5.000000,1801,False
56702,NIFTY22SEP2621800PE,NIFTY,22SEP2026,2180000.000000,65,OPTIDX,NFO,5.000000,1801,False
56777,BAJAJFINSV27OCT261920PE,BAJAJFINSV,27OCT2026,192000.000000,300,OPTSTK,NFO,5.000000,12001,False
109778,HEROMOTOCO29SEP265400PE,HEROMOTOCO,29SEP2026,540000.000000,150,OPTSTK,NFO,5.000000,4501,False
109787,SONACOMS29SEP26850PE,SONACOMS,29SEP2026,85000.000000,1225,OPTSTK,NFO,5.000000,36751,False
109843,KAYNES23NOV263500PE,KAYNES,23NOV2026,350000.000000,150,OPTSTK,NFO,5.000000,6001,False
109853,KAYNES23NOV264000PE,KAYNES,23NOV2026,400000.000000,150,OPTSTK,NFO,5.000000,6001,False
56779,NIFTY22SEP2622100CE,NIFTY,22SEP2026,2210000.000000,65,OPTIDX,NFO,5.000000,1801,False
56786,BAJAJFINSV27OCT262080CE,BAJAJFINSV,27OCT2026,208000.000000,300,OPTSTK,NFO,5.000000,12001,False
56791,BAJAJFINSV27OCT262160PE,BAJAJFINSV,27OCT2026,216000.000000,300,OPTSTK,NFO,5.000000,12001,False
56794,BAJAJFINSV27OCT262200CE,BAJAJFINSV,27OCT2026,220000.000000,300,OPTSTK,NFO,5.000000,12001,False
109860,SONACOMS27OCT26780PE,SONACOMS,27OCT2026,78000.000000,1225,OPTSTK,NFO,5.000000,36751,False
109888,KAYNES23NOV264400PE,KAYNES,23NOV2026,440000.000000,150,OPTSTK,NFO,5.000000,6001,False
109931,SRF29SEP262750CE,SRF,29SEP2026,275000.000000,200,OPTSTK,NFO,5.000000,8001,False
109932,SRF29SEP262750PE,SRF,29SEP2026,275000.000000,200,OPTSTK,NFO,5.000000,8001,False
56800,BAJAJFINSV27OCT262280PE,BAJAJFINSV,27OCT2026,228000.000000,300,OPTSTK,NFO,5.000000,12001,False
56826,NIFTY22SEP2622300PE,NIFTY,22SEP2026,2230000.000000,65,OPTIDX,NFO,5.000000,1801,False
56836,NIFTY22SEP2622350PE,NIFTY,22SEP2026,2235000.000000,65,OPTIDX,NFO,5.000000,1801,False
56879,BAJAJHLDNG29SEP2610500PE,BAJAJHLDNG,29SEP2026,1050000.000000,75,OPTSTK,NFO,5.000000,2251,False
109968,KEI27OCT265500PE,KEI,27OCT2026,550000.000000,175,OPTSTK,NFO,5.000000,5251,False
109970,KEI27OCT265700PE,KEI,27OCT2026,570000.000000,175,OPTSTK,NFO,5.000000,5251,False
109994,KEI23NOV263600CE,KEI,23NOV2026,360000.000000,175,OPTSTK,NFO,5.000000,5251,False
109999,HEROMOTOCO29SEP266400CE,HEROMOTOCO,29SEP2026,640000.000000,150,OPTSTK,NFO,5.000000,4501,False
56890,BAJAJHLDNG29SEP2611700CE,BAJAJHLDNG,29SEP2026,1170000.000000,75,OPTSTK,NFO,5.000000,2251,False
56891,BAJAJHLDNG29SEP2611700PE,BAJAJHLDNG,29SEP2026,1170000.000000,75,OPTSTK,NFO,5.000000,2251,False
56905,NIFTY22SEP2622700CE,NIFTY,22SEP2026,2270000.000000,65,OPTIDX,NFO,5.000000,1801,False
56966,NIFTY22SEP2623050PE,NIFTY,22SEP2026,2305000.000000,65,OPTIDX,NFO,5.000000,1801,False
110046,SUNPHARMA29SEP261660CE,SUNPHARMA,29SEP2026,166000.000000,350,OPTSTK,NFO,5.000000,14001,False
110090,HINDALCO29SEP26880PE,HINDALCO,29SEP2026,88000.000000,700,OPTSTK,NFO,5.000000,21001,False
110096,KEI23NOV265000CE,KEI,23NOV2026,500000.000000,175,OPTSTK,NFO,5.000000,5251,False
110102,SUNPHARMA29SEP261780PE,SUNPHARMA,29SEP2026,178000.000000,350,OPTSTK,NFO,5.000000,14001,False
56967,NIFTY22SEP2623100CE,NIFTY,22SEP2026,2310000.000000,65,OPTIDX,NFO,5.000000,1801,False
56974,BAJAJHLDNG27OCT269600CE,BAJAJHLDNG,27OCT2026,960000.000000,75,OPTSTK,NFO,5.000000,2251,False
57007,NIFTY22SEP2623500CE,NIFTY,22SEP2026,2350000.000000,65,OPTIDX,NFO,5.000000,1801,False
57009,BAJAJHLDNG27OCT2610800PE,BAJAJHLDNG,27OCT2026,1080000.000000,75,OPTSTK,NFO,5.000000,2251,False
110109,HINDALCO29SEP261120CE,HINDALCO,29SEP2026,112000.000000,700,OPTSTK,NFO,5.000000,21001,False
110110,HINDALCO29SEP261120PE,HINDALCO,29SEP2026,112000.000000,700,OPTSTK,NFO,5.000000,21001,False
110113,HINDALCO29SEP261200CE,HINDALCO,29SEP2026,120000.000000,700,OPTSTK,NFO,5.000000,21001,False
110120,SUNPHARMA29SEP261820PE,SUNPHARMA,29SEP2026,182000.000000,350,OPTSTK,NFO,5.000000,14001,False
57011,BAJAJHLDNG27OCT2611000PE,BAJAJHLDNG,27OCT2026,1100000.000000,75,OPTSTK,NFO,5.000000,2251,False
57016,BAJAJHLDNG27OCT2611600CE,BAJAJHLDNG,27OCT2026,1160000.000000,75,OPTSTK,NFO,5.000000,2251,False
57037,BAJAJHLDNG27OCT2612600PE,BAJAJHLDNG,27OCT2026,1260000.000000,75,OPTSTK,NFO,5.000000,2251,False
57038,BAJAJHLDNG27OCT2612800CE,BAJAJHLDNG,27OCT2026,1280000.000000,75,OPTSTK,NFO,5.000000,2251,False
110163,SUNPHARMA29SEP261940CE,SUNPHARMA,29SEP2026,194000.000000,350,OPTSTK,NFO,5.000000,14001,False
110165,SUNPHARMA29SEP261940PE,SUNPHARMA,29SEP2026,194000.000000,350,OPTSTK,NFO,5.000000,14001,False
110172,SUNPHARMA29SEP262060CE,SUNPHARMA,29SEP2026,206000.000000,350,OPTSTK,NFO,5.000000,14001,False
110187,KFINTECH27OCT26820CE,KFINTECH,27OCT2026,82000.000000,575,OPTSTK,NFO,5.000000,23001,False
57041,BAJAJHLDNG27OCT2613000PE,BAJAJHLDNG,27OCT2026,1300000.000000,75,OPTSTK,NFO,5.000000,2251,False
57093,BAJFINANCE29SEP26950CE,BAJFINANCE,29SEP2026,95000.000000,750,OPTSTK,NFO,5.000000,22501,False
57097,BAJFINANCE29SEP26990CE,BAJFINANCE,29SEP2026,99000.000000,750,OPTSTK,NFO,5.000000,22501,False
57127,BAJFINANCE29SEP261250CE,BAJFINANCE,29SEP2026,125000.000000,750,OPTSTK,NFO,5.000000,22501,False
110232,KFINTECH27OCT261060PE,KFINTECH,27OCT2026,106000.000000,575,OPTSTK,NFO,5.000000,23001,False
110274,KFINTECH23NOV26720PE,KFINTECH,23NOV2026,72000.000000,575,OPTSTK,NFO,5.000000,23001,False
110277,KFINTECH23NOV26800CE,KFINTECH,23NOV2026,80000.000000,575,OPTSTK,NFO,5.000000,23001,False
110278,KFINTECH23NOV26800PE,KFINTECH,23NOV2026,80000.000000,575,OPTSTK,NFO,5.000000,23001,False
57178,BAJFINANCE27OCT26980PE,BAJFINANCE,27OCT2026,98000.000000,750,OPTSTK,NFO,5.000000,22501,False
57179,BAJFINANCE27OCT261000CE,BAJFINANCE,27OCT2026,100000.000000,750,OPTSTK,NFO,5.000000,22501,False
57181,BAJFINANCE27OCT261020CE,BAJFINANCE,27OCT2026,102000.000000,750,OPTSTK,NFO,5.000000,22501,False
57182,BAJFINANCE27OCT261020PE,BAJFINANCE,27OCT2026,102000.000000,750,OPTSTK,NFO,5.000000,22501,False
110296,KFINTECH23NOV261120PE,KFINTECH,23NOV2026,112000.000000,575,OPTSTK,NFO,5.000000,23001,False
110330,SUNPHARMA27OCT261560PE,SUNPHARMA,27OCT2026,156000.000000,350,OPTSTK,NFO,5.000000,14001,False
110367,SUNPHARMA27OCT261920PE,SUNPHARMA,27OCT2026,192000.000000,350,OPTSTK,NFO,5.000000,14001,False
110374,SUNPHARMA27OCT262040PE,SUNPHARMA,27OCT2026,204000.000000,350,OPTSTK,NFO,5.000000,14001,False
57183,BAJFINANCE27OCT261040CE,BAJFINANCE,27OCT2026,104000.000000,750,OPTSTK,NFO,5.000000,22501,False
57188,BAJFINANCE27OCT261080PE,BAJFINANCE,27OCT2026,108000.000000,750,OPTSTK,NFO,5.000000,22501,False
57202,BAJFINANCE27OCT261220PE,BAJFINANCE,27OCT2026,122000.000000,750,OPTSTK,NFO,5.000000,22501,False
57211,BAJFINANCE27OCT261320CE,BAJFINANCE,27OCT2026,132000.000000,750,OPTSTK,NFO,5.000000,22501,False
110376,SUNPHARMA27OCT262080PE,SUNPHARMA,27OCT2026,208000.000000,350,OPTSTK,NFO,5.000000,14001,False
110384,SUNPHARMA27OCT262240PE,SUNPHARMA,27OCT2026,224000.000000,350,OPTSTK,NFO,5.000000,14001,False
110462,SUPREMEIND29SEP263450CE,SUPREMEIND,29SEP2026,345000.000000,175,OPTSTK,NFO,5.000000,7001,False
110502,SUPREMEIND29SEP263950CE,SUPREMEIND,29SEP2026,395000.000000,175,OPTSTK,NFO,5.000000,7001,False
57228,NIFTY22SEP2624050CE,NIFTY,22SEP2026,2405000.000000,65,OPTIDX,NFO,5.000000,1801,False
57229,NIFTY22SEP2624050PE,NIFTY,22SEP2026,2405000.000000,65,OPTIDX,NFO,5.000000,1801,False
57235,BANDHANBNK29SEP26155CE,BANDHANBNK,29SEP2026,15500.000000,3600,OPTSTK,NFO,1.000000,108001,False
57267,BANDHANBNK27OCT26140CE,BANDHANBNK,27OCT2026,14000.000000,3600,OPTSTK,NFO,1.000000,108001,False
57274,BANDHANBNK27OCT26170PE,BANDHANBNK,27OCT2026,17000.000000,3600,OPTSTK,NFO,1.000000,108001,False
57309,BANKBARODA29SEP26215CE,BANKBARODA,29SEP2026,21500.000000,2925,OPTSTK,NFO,1.000000,87751,False
57307,BANKBARODA29SEP26205CE,BANKBARODA,29SEP2026,20500.000000,2925,OPTSTK,NFO,1.000000,87751,False
57308,BANKBARODA29SEP26205PE,BANKBARODA,29SEP2026,20500.000000,2925,OPTSTK,NFO,1.000000,87751,False
57315,BANKBARODA29SEP26245CE,BANKBARODA,29SEP2026,24500.000000,2925,OPTSTK,NFO,1.000000,87751,False
57379,NIFTY22SEP2624150CE,NIFTY,22SEP2026,2415000.000000,65,OPTIDX,NFO,5.000000,1801,False
57380,NIFTY22SEP2624150PE,NIFTY,22SEP2026,2415000.000000,65,OPTIDX,NFO,5.000000,1801,False
57320,BANKBARODA29SEP26265PE,BANKBARODA,29SEP2026,26500.000000,2925,OPTSTK,NFO,1.000000,87751,False
57403,BANKINDIA29SEP26137.5CE,BANKINDIA,29SEP2026,13750.000000,5200,OPTSTK,NFO,1.000000,156001,False
57404,BANKINDIA29SEP26137.5PE,BANKINDIA,29SEP2026,13750.000000,5200,OPTSTK,NFO,1.000000,156001,False
57442,BANKINDIA27OCT26120CE,BANKINDIA,27OCT2026,12000.000000,5200,OPTSTK,NFO,1.000000,156001,False
57452,BANKINDIA27OCT26140PE,BANKINDIA,27OCT2026,14000.000000,5200,OPTSTK,NFO,1.000000,156001,False
57461,BANKINDIA27OCT26165CE,BANKINDIA,27OCT2026,16500.000000,5200,OPTSTK,NFO,1.000000,156001,False
57499,BDL29SEP261340CE,BDL,29SEP2026,134000.000000,425,OPTSTK,NFO,5.000000,17001,False
57501,NIFTY22SEP2624350CE,NIFTY,22SEP2026,2435000.000000,65,OPTIDX,NFO,5.000000,1801,False
57520,NIFTY22SEP2624400PE,NIFTY,22SEP2026,2440000.000000,65,OPTIDX,NFO,5.000000,1801,False
57544,BDL27OCT261240PE,BDL,27OCT2026,124000.000000,425,OPTSTK,NFO,5.000000,17001,False
57549,BDL27OCT261360CE,BDL,27OCT2026,136000.000000,425,OPTSTK,NFO,5.000000,17001,False
57587,NIFTY22SEP2624450PE,NIFTY,22SEP2026,2445000.000000,65,OPTIDX,NFO,5.000000,1801,False
57602,BEL29SEP26355PE,BEL,29SEP2026,35500.000000,1425,OPTSTK,NFO,5.000000,57001,False
57662,BEL27OCT26340CE,BEL,27OCT2026,34000.000000,1425,OPTSTK,NFO,5.000000,57001,False
57671,BEL27OCT26380PE,BEL,27OCT2026,38000.000000,1425,OPTSTK,NFO,5.000000,57001,False
57686,BEL27OCT26420CE,BEL,27OCT2026,42000.000000,1425,OPTSTK,NFO,5.000000,57001,False
57688,BEL27OCT26430CE,BEL,27OCT2026,43000.000000,1425,OPTSTK,NFO,5.000000,57001,False
57742,BHARATFORG29SEP261860CE,BHARATFORG,29SEP2026,186000.000000,500,OPTSTK,NFO,5.000000,10001,False
57759,BHARATFORG29SEP262100PE,BHARATFORG,29SEP2026,210000.000000,500,OPTSTK,NFO,5.000000,10001,False
57763,BHARATFORG29SEP262180PE,BHARATFORG,29SEP2026,218000.000000,500,OPTSTK,NFO,5.000000,10001,False
57769,BHARATFORG29SEP262300PE,BHARATFORG,29SEP2026,230000.000000,500,OPTSTK,NFO,5.000000,10001,False
110549,SUPREMEIND27OCT263100CE,SUPREMEIND,27OCT2026,310000.000000,175,OPTSTK,NFO,5.000000,7001,False
110576,HINDUNILVR29SEP261720PE,HINDUNILVR,29SEP2026,172000.000000,300,OPTSTK,NFO,5.000000,12001,False
110581,HINDUNILVR29SEP261840CE,HINDUNILVR,29SEP2026,184000.000000,300,OPTSTK,NFO,5.000000,12001,False
110607,HINDUNILVR29SEP262200CE,HINDUNILVR,29SEP2026,220000.000000,300,OPTSTK,NFO,5.000000,12001,False
57770,BHARATFORG29SEP262340CE,BHARATFORG,29SEP2026,234000.000000,500,OPTSTK,NFO,5.000000,10001,False
57771,BHARATFORG29SEP262340PE,BHARATFORG,29SEP2026,234000.000000,500,OPTSTK,NFO,5.000000,10001,False
57776,BHARATFORG29SEP262460CE,BHARATFORG,29SEP2026,246000.000000,500,OPTSTK,NFO,5.000000,10001,False
57783,NIFTY22SEP2624900CE,NIFTY,22SEP2026,2490000.000000,65,OPTIDX,NFO,5.000000,1801,False
57794,NIFTY22SEP2624950CE,NIFTY,22SEP2026,2495000.000000,65,OPTIDX,NFO,5.000000,1801,False
57825,BHARATFORG27OCT261720PE,BHARATFORG,27OCT2026,172000.000000,500,OPTSTK,NFO,5.000000,10001,False
57829,NIFTY22SEP2625050PE,NIFTY,22SEP2026,2505000.000000,65,OPTIDX,NFO,5.000000,1801,False
57840,BHARATFORG27OCT261960CE,BHARATFORG,27OCT2026,196000.000000,500,OPTSTK,NFO,5.000000,10001,False
110674,SUZLON29SEP2643CE,SUZLON,29SEP2026,4300.000000,12700,OPTSTK,NFO,1.000000,381001,False
110708,KOTAKBANK23NOV26370PE,KOTAKBANK,23NOV2026,37000.000000,2000,OPTSTK,NFO,5.000000,60001,False
110718,KOTAKBANK23NOV26420PE,KOTAKBANK,23NOV2026,42000.000000,2000,OPTSTK,NFO,5.000000,60001,False
110766,HINDUNILVR29SEP262200PE,HINDUNILVR,29SEP2026,220000.000000,300,OPTSTK,NFO,5.000000,12001,False
57842,BHARATFORG27OCT262000CE,BHARATFORG,27OCT2026,200000.000000,500,OPTSTK,NFO,5.000000,10001,False
57845,BHARATFORG27OCT262040CE,BHARATFORG,27OCT2026,204000.000000,500,OPTSTK,NFO,5.000000,10001,False
57862,BHARATFORG27OCT262280CE,BHARATFORG,27OCT2026,228000.000000,500,OPTSTK,NFO,5.000000,10001,False
57945,BHARTIARTL29SEP261820PE,BHARTIARTL,29SEP2026,182000.000000,475,OPTSTK,NFO,5.000000,14251,False
110806,SUZLON27OCT2636CE,SUZLON,27OCT2026,3600.000000,12700,OPTSTK,NFO,1.000000,381001,False
110820,SUZLON27OCT2646PE,SUZLON,27OCT2026,4600.000000,12700,OPTSTK,NFO,1.000000,381001,False
110873,KPITTECH27OCT26530PE,KPITTECH,27OCT2026,53000.000000,775,OPTSTK,NFO,5.000000,38751,False
110876,KPITTECH27OCT26570CE,KPITTECH,27OCT2026,57000.000000,775,OPTSTK,NFO,5.000000,38751,False
57947,BHARTIARTL29SEP261860PE,BHARTIARTL,29SEP2026,186000.000000,475,OPTSTK,NFO,5.000000,14251,False
57948,BHARTIARTL29SEP261900CE,BHARTIARTL,29SEP2026,190000.000000,475,OPTSTK,NFO,5.000000,14251,False
58009,BHARTIARTL27OCT261520PE,BHARTIARTL,27OCT2026,152000.000000,475,OPTSTK,NFO,5.000000,14251,False
58010,NIFTY22SEP2625800CE,NIFTY,22SEP2026,2580000.000000,65,OPTIDX,NFO,5.000000,1801,False
110886,KPITTECH27OCT26650CE,KPITTECH,27OCT2026,65000.000000,775,OPTSTK,NFO,5.000000,38751,False
111056,HINDZINC29SEP26580CE,HINDZINC,29SEP2026,58000.000000,1225,OPTSTK,NFO,5.000000,36751,False
111061,HINDZINC29SEP26620PE,HINDZINC,29SEP2026,62000.000000,1225,OPTSTK,NFO,5.000000,36751,False
111099,KPITTECH23NOV26500PE,KPITTECH,23NOV2026,50000.000000,775,OPTSTK,NFO,5.000000,38751,False
58062,BHARTIARTL27OCT261960PE,BHARTIARTL,27OCT2026,196000.000000,475,OPTSTK,NFO,5.000000,14251,False
58013,NIFTY22SEP2625850PE,NIFTY,22SEP2026,2585000.000000,65,OPTIDX,NFO,5.000000,1801,False
58015,NIFTY22SEP2625900PE,NIFTY,22SEP2026,2590000.000000,65,OPTIDX,NFO,5.000000,1801,False
58026,BHARTIARTL27OCT261640CE,BHARTIARTL,27OCT2026,164000.000000,475,OPTSTK,NFO,5.000000,14251,False
111151,KPITTECH23NOV26540CE,KPITTECH,23NOV2026,54000.000000,775,OPTSTK,NFO,5.000000,38751,False
111192,KPITTECH23NOV26560PE,KPITTECH,23NOV2026,56000.000000,775,OPTSTK,NFO,5.000000,38751,False
111214,SWIGGY27OCT26240PE,SWIGGY,27OCT2026,24000.000000,1825,OPTSTK,NFO,5.000000,73001,False
111218,SWIGGY27OCT26260PE,SWIGGY,27OCT2026,26000.000000,1825,OPTSTK,NFO,5.000000,73001,False
58068,BHARTIARTL27OCT262000PE,BHARTIARTL,27OCT2026,200000.000000,475,OPTSTK,NFO,5.000000,14251,False
58206,BHEL29SEP26375PE,BHEL,29SEP2026,37500.000000,2625,OPTSTK,NFO,5.000000,52501,False
58252,BHEL29SEP26425PE,BHEL,29SEP2026,42500.000000,2625,OPTSTK,NFO,5.000000,52501,False
58262,BHEL29SEP26455CE,BHEL,29SEP2026,45500.000000,2625,OPTSTK,NFO,5.000000,52501,False
58458,BHEL27OCT26410CE,BHEL,27OCT2026,41000.000000,2625,OPTSTK,NFO,5.000000,52501,False
58629,NIFTY29DEC2612000PE,NIFTY,29DEC2026,1200000.000000,65,OPTIDX,NFO,5.000000,1801,False
58646,NIFTY29DEC2621000CE,NIFTY,29DEC2026,2100000.000000,65,OPTIDX,NFO,5.000000,1801,False
58692,BIOCON29SEP26445PE,BIOCON,29SEP2026,44500.000000,2500,OPTSTK,NFO,5.000000,50001,False
111261,SWIGGY27OCT26300PE,SWIGGY,27OCT2026,30000.000000,1825,OPTSTK,NFO,5.000000,73001,False
111263,SWIGGY27OCT26310PE,SWIGGY,27OCT2026,31000.000000,1825,OPTSTK,NFO,5.000000,73001,False
111279,HYUNDAI29SEP262200PE,HYUNDAI,29SEP2026,220000.000000,275,OPTSTK,NFO,5.000000,11001,False
111290,HYUNDAI29SEP262440CE,HYUNDAI,29SEP2026,244000.000000,275,OPTSTK,NFO,5.000000,11001,False
58821,BIOCON27OCT26370CE,BIOCON,27OCT2026,37000.000000,2500,OPTSTK,NFO,5.000000,50001,False
58832,BIOCON27OCT26380PE,BIOCON,27OCT2026,38000.000000,2500,OPTSTK,NFO,5.000000,50001,False
58834,BIOCON27OCT26390PE,BIOCON,27OCT2026,39000.000000,2500,OPTSTK,NFO,5.000000,50001,False
58835,BIOCON27OCT26400CE,BIOCON,27OCT2026,40000.000000,2500,OPTSTK,NFO,5.000000,50001,False
111363,LAURUSLABS27OCT261700CE,LAURUSLABS,27OCT2026,170000.000000,850,OPTSTK,NFO,5.000000,17001,False
111386,LAURUSLABS27OCT261940PE,LAURUSLABS,27OCT2026,194000.000000,850,OPTSTK,NFO,5.000000,17001,False
111502,TATACONSUM29SEP26930CE,TATACONSUM,29SEP2026,93000.000000,550,OPTSTK,NFO,5.000000,22001,False
111519,ICICIBANK29SEP261220CE,ICICIBANK,29SEP2026,122000.000000,700,OPTSTK,NFO,5.000000,21001,False
59120,BLUESTARCO29SEP261500CE,BLUESTARCO,29SEP2026,150000.000000,325,OPTSTK,NFO,5.000000,13001,False
59236,BLUESTARCO27OCT261200CE,BLUESTARCO,27OCT2026,120000.000000,325,OPTSTK,NFO,5.000000,13001,False
59242,BLUESTARCO27OCT261280CE,BLUESTARCO,27OCT2026,128000.000000,325,OPTSTK,NFO,5.000000,13001,False
59243,BLUESTARCO27OCT261280PE,BLUESTARCO,27OCT2026,128000.000000,325,OPTSTK,NFO,5.000000,13001,False
111541,ICICIBANK29SEP261380CE,ICICIBANK,29SEP2026,138000.000000,700,OPTSTK,NFO,5.000000,21001,False
111546,TATACONSUM29SEP261010PE,TATACONSUM,29SEP2026,101000.000000,550,OPTSTK,NFO,5.000000,22001,False
111550,ICICIBANK29SEP261440CE,ICICIBANK,29SEP2026,144000.000000,700,OPTSTK,NFO,5.000000,21001,False
111568,TATACONSUM29SEP261050PE,TATACONSUM,29SEP2026,105000.000000,550,OPTSTK,NFO,5.000000,22001,False
59566,BOSCHLTD29SEP2638500PE,BOSCHLTD,29SEP2026,3850000.000000,25,OPTSTK,NFO,5.000000,501,False
59570,BOSCHLTD29SEP2640500PE,BOSCHLTD,29SEP2026,4050000.000000,25,OPTSTK,NFO,5.000000,501,False
59593,BOSCHLTD29SEP2652500CE,BOSCHLTD,29SEP2026,5250000.000000,25,OPTSTK,NFO,5.000000,501,False
59648,BOSCHLTD27OCT2642000PE,BOSCHLTD,27OCT2026,4200000.000000,25,OPTSTK,NFO,5.000000,501,False
111573,ICICIBANK29SEP261600CE,ICICIBANK,29SEP2026,160000.000000,700,OPTSTK,NFO,5.000000,21001,False
111579,ICICIBANK29SEP261660CE,ICICIBANK,29SEP2026,166000.000000,700,OPTSTK,NFO,5.000000,21001,False
111575,ICICIBANK29SEP261620CE,ICICIBANK,29SEP2026,162000.000000,700,OPTSTK,NFO,5.000000,21001,False
111578,ICICIBANK29SEP261640PE,ICICIBANK,29SEP2026,164000.000000,700,OPTSTK,NFO,5.000000,21001,False
59753,BPCL27OCT26280CE,BPCL,27OCT2026,28000.000000,1975,OPTSTK,NFO,5.000000,79001,False
59649,BOSCHLTD27OCT2643000CE,BOSCHLTD,27OCT2026,4300000.000000,25,OPTSTK,NFO,5.000000,501,False
59673,BOSCHLTD27OCT2656000CE,BOSCHLTD,27OCT2026,5600000.000000,25,OPTSTK,NFO,5.000000,501,False
59752,BPCL27OCT26270PE,BPCL,27OCT2026,27000.000000,1975,OPTSTK,NFO,5.000000,79001,False
111698,TATACONSUM27OCT26840CE,TATACONSUM,27OCT2026,84000.000000,550,OPTSTK,NFO,5.000000,22001,False
111700,TATACONSUM27OCT26860CE,TATACONSUM,27OCT2026,86000.000000,550,OPTSTK,NFO,5.000000,22001,False
111702,TATACONSUM27OCT26880CE,TATACONSUM,27OCT2026,88000.000000,550,OPTSTK,NFO,5.000000,22001,False
111712,TATACONSUM27OCT26980CE,TATACONSUM,27OCT2026,98000.000000,550,OPTSTK,NFO,5.000000,22001,False
59758,BPCL27OCT26300PE,BPCL,27OCT2026,30000.000000,1975,OPTSTK,NFO,5.000000,79001,False
59764,BPCL27OCT26330PE,BPCL,27OCT2026,33000.000000,1975,OPTSTK,NFO,5.000000,79001,False
59766,BPCL27OCT26340PE,BPCL,27OCT2026,34000.000000,1975,OPTSTK,NFO,5.000000,79001,False
59768,BPCL27OCT26350PE,BPCL,27OCT2026,35000.000000,1975,OPTSTK,NFO,5.000000,79001,False
111722,TATACONSUM27OCT261060PE,TATACONSUM,27OCT2026,106000.000000,550,OPTSTK,NFO,5.000000,22001,False
111729,TATACONSUM27OCT261080PE,TATACONSUM,27OCT2026,108000.000000,550,OPTSTK,NFO,5.000000,22001,False
111737,LAURUSLABS23NOV261920PE,LAURUSLABS,23NOV2026,192000.000000,850,OPTSTK,NFO,5.000000,17001,False
111755,LAURUSLABS23NOV262240CE,LAURUSLABS,23NOV2026,224000.000000,850,OPTSTK,NFO,5.000000,17001,False
59807,BRITANNIA29SEP264450PE,BRITANNIA,29SEP2026,445000.000000,125,OPTSTK,NFO,5.000000,5001,False
59858,BRITANNIA29SEP264850CE,BRITANNIA,29SEP2026,485000.000000,125,OPTSTK,NFO,5.000000,5001,False
59882,BRITANNIA29SEP265550PE,BRITANNIA,29SEP2026,555000.000000,125,OPTSTK,NFO,5.000000,5001,False
59885,BRITANNIA29SEP265750CE,BRITANNIA,29SEP2026,575000.000000,125,OPTSTK,NFO,5.000000,5001,False
111825,LICHSGFIN27OCT26490CE,LICHSGFIN,27OCT2026,49000.000000,1000,OPTSTK,NFO,5.000000,40001,False
111927,ICICIGI29SEP261200CE,ICICIGI,29SEP2026,120000.000000,325,OPTSTK,NFO,5.000000,13001,False
111950,ICICIGI29SEP261280PE,ICICIGI,29SEP2026,128000.000000,325,OPTSTK,NFO,5.000000,13001,False
111963,ICICIGI29SEP261480CE,ICICIGI,29SEP2026,148000.000000,325,OPTSTK,NFO,5.000000,13001,False
60109,BRITANNIA27OCT264500PE,BRITANNIA,27OCT2026,450000.000000,125,OPTSTK,NFO,5.000000,5001,False
60110,BRITANNIA27OCT264600CE,BRITANNIA,27OCT2026,460000.000000,125,OPTSTK,NFO,5.000000,5001,False
60161,BRITANNIA27OCT265100CE,BRITANNIA,27OCT2026,510000.000000,125,OPTSTK,NFO,5.000000,5001,False
60199,BRITANNIA27OCT266000CE,BRITANNIA,27OCT2026,600000.000000,125,OPTSTK,NFO,5.000000,5001,False
111987,ICICIGI29SEP261760PE,ICICIGI,29SEP2026,176000.000000,325,OPTSTK,NFO,5.000000,13001,False
111998,TATAELXSI29SEP263150PE,TATAELXSI,29SEP2026,315000.000000,125,OPTSTK,NFO,5.000000,6251,False
111999,TATAELXSI29SEP263250CE,TATAELXSI,29SEP2026,325000.000000,125,OPTSTK,NFO,5.000000,6251,False
112002,ICICIGI29SEP261920PE,ICICIGI,29SEP2026,192000.000000,325,OPTSTK,NFO,5.000000,13001,False
60319,BSE29SEP263100CE,BSE,29SEP2026,310000.000000,200,OPTSTK,NFO,5.000000,6001,False
60408,BSE27OCT263000PE,BSE,27OCT2026,300000.000000,200,OPTSTK,NFO,5.000000,6001,False
60423,BSE27OCT263200PE,BSE,27OCT2026,320000.000000,200,OPTSTK,NFO,5.000000,6001,False
60455,BSE27OCT264000CE,BSE,27OCT2026,400000.000000,200,OPTSTK,NFO,5.000000,6001,False
112011,TATAELXSI29SEP263750CE,TATAELXSI,29SEP2026,375000.000000,125,OPTSTK,NFO,5.000000,6251,False
112033,TATAELXSI29SEP263950PE,TATAELXSI,29SEP2026,395000.000000,125,OPTSTK,NFO,5.000000,6251,False
112075,LICHSGFIN27OCT26610PE,LICHSGFIN,27OCT2026,61000.000000,1000,OPTSTK,NFO,5.000000,40001,False
112095,TATAELXSI27OCT263400CE,TATAELXSI,27OCT2026,340000.000000,125,OPTSTK,NFO,5.000000,6251,False
60562,CAMS29SEP26630PE,CAMS,29SEP2026,63000.000000,825,OPTSTK,NFO,5.000000,33001,False
60570,CAMS29SEP26690PE,CAMS,29SEP2026,69000.000000,825,OPTSTK,NFO,5.000000,33001,False
60600,CAMS29SEP26770CE,CAMS,29SEP2026,77000.000000,825,OPTSTK,NFO,5.000000,33001,False
60650,CAMS29SEP26830CE,CAMS,29SEP2026,83000.000000,825,OPTSTK,NFO,5.000000,33001,False
112105,TATAELXSI27OCT263900CE,TATAELXSI,27OCT2026,390000.000000,125,OPTSTK,NFO,5.000000,6251,False
112106,TATAELXSI27OCT263900PE,TATAELXSI,27OCT2026,390000.000000,125,OPTSTK,NFO,5.000000,6251,False
112108,TATAELXSI27OCT264000PE,TATAELXSI,27OCT2026,400000.000000,125,OPTSTK,NFO,5.000000,6251,False
112113,TATAELXSI27OCT264300CE,TATAELXSI,27OCT2026,430000.000000,125,OPTSTK,NFO,5.000000,6251,False
61485,ANGELONE23NOV26FUT,ANGELONE,23NOV2026,-1.000000,2500,FUTSTK,NFO,5.000000,75001,False
60846,CAMS27OCT26620CE,CAMS,27OCT2026,62000.000000,825,OPTSTK,NFO,5.000000,33001,False
60848,CAMS27OCT26640CE,CAMS,27OCT2026,64000.000000,825,OPTSTK,NFO,5.000000,33001,False
60859,CAMS27OCT26700PE,CAMS,27OCT2026,70000.000000,825,OPTSTK,NFO,5.000000,33001,False
112162,TATAPOWER29SEP26305PE,TATAPOWER,29SEP2026,30500.000000,1450,OPTSTK,NFO,5.000000,58001,False
112165,TATAPOWER29SEP26325CE,TATAPOWER,29SEP2026,32500.000000,1450,OPTSTK,NFO,5.000000,58001,False
112189,LICHSGFIN23NOV26440CE,LICHSGFIN,23NOV2026,44000.000000,1000,OPTSTK,NFO,5.000000,40001,False
112193,LICHSGFIN23NOV26480CE,LICHSGFIN,23NOV2026,48000.000000,1000,OPTSTK,NFO,5.000000,40001,False
112226,TATAPOWER29SEP26395CE,TATAPOWER,29SEP2026,39500.000000,1450,OPTSTK,NFO,5.000000,58001,False
112249,LICI27OCT26365CE,LICI,27OCT2026,36500.000000,1400,OPTSTK,NFO,5.000000,56001,False
112276,TATAPOWER29SEP26425PE,TATAPOWER,29SEP2026,42500.000000,1450,OPTSTK,NFO,5.000000,58001,False
112298,LICI27OCT26385PE,LICI,27OCT2026,38500.000000,1400,OPTSTK,NFO,5.000000,56001,False
112310,LICI27OCT26425PE,LICI,27OCT2026,42500.000000,1400,OPTSTK,NFO,5.000000,56001,False
112359,TATAPOWER27OCT26300CE,TATAPOWER,27OCT2026,30000.000000,1450,OPTSTK,NFO,5.000000,58001,False
112381,LICI23NOV26360PE,LICI,23NOV2026,36000.000000,1400,OPTSTK,NFO,5.000000,56001,False
112382,LICI23NOV26370CE,LICI,23NOV2026,37000.000000,1400,OPTSTK,NFO,5.000000,56001,False
112390,LICI23NOV26410CE,LICI,23NOV2026,41000.000000,1400,OPTSTK,NFO,5.000000,56001,False
112392,LICI23NOV26420CE,LICI,23NOV2026,42000.000000,1400,OPTSTK,NFO,5.000000,56001,False
112394,LICI23NOV26430CE,LICI,23NOV2026,43000.000000,1400,OPTSTK,NFO,5.000000,56001,False
112478,TATAPOWER27OCT26330CE,TATAPOWER,27OCT2026,33000.000000,1450,OPTSTK,NFO,5.000000,58001,False
112480,TATAPOWER27OCT26330PE,TATAPOWER,27OCT2026,33000.000000,1450,OPTSTK,NFO,5.000000,58001,False
112483,TATAPOWER27OCT26350CE,TATAPOWER,27OCT2026,35000.000000,1450,OPTSTK,NFO,5.000000,58001,False
112485,TATAPOWER27OCT26360CE,TATAPOWER,27OCT2026,36000.000000,1450,OPTSTK,NFO,5.000000,58001,False
112490,TATAPOWER27OCT26380PE,TATAPOWER,27OCT2026,38000.000000,1450,OPTSTK,NFO,5.000000,58001,False
112571,ICICIPRULI29SEP26510CE,ICICIPRULI,29SEP2026,51000.000000,925,OPTSTK,NFO,5.000000,46251,False
112576,ICICIPRULI29SEP26530PE,ICICIPRULI,29SEP2026,53000.000000,925,OPTSTK,NFO,5.000000,46251,False
112654,LODHA23NOV26960CE,LODHA,23NOV2026,96000.000000,625,OPTSTK,NFO,5.000000,18751,False
112659,LODHA23NOV26960PE,LODHA,23NOV2026,96000.000000,625,OPTSTK,NFO,5.000000,18751,False
112713,LODHA23NOV261200PE,LODHA,23NOV2026,120000.000000,625,OPTSTK,NFO,5.000000,18751,False
112714,LODHA23NOV261240CE,LODHA,23NOV2026,124000.000000,625,OPTSTK,NFO,5.000000,18751,False
112715,LODHA23NOV261240PE,LODHA,23NOV2026,124000.000000,625,OPTSTK,NFO,5.000000,18751,False
112783,IDEA29SEP2616PE,IDEA,29SEP2026,1600.000000,71475,OPTSTK,NFO,1.000000,1429501,False
61491,ATHERENERG29SEP26FUT,ATHERENERG,29SEP2026,-1.000000,375,FUTSTK,NFO,10.000000,15001,False
61505,BAJAJ-AUTO23NOV26FUT,BAJAJ-AUTO,23NOV2026,-1.000000,75,FUTSTK,NFO,100.000000,2251,False
61521,BLUESTARCO23NOV26FUT,BLUESTARCO,23NOV2026,-1.000000,325,FUTSTK,NFO,10.000000,13001,False
61543,COLPAL23NOV26FUT,COLPAL,23NOV2026,-1.000000,275,FUTSTK,NFO,10.000000,11001,False
61568,FORTIS23NOV26FUT,FORTIS,23NOV2026,-1.000000,775,FUTSTK,NFO,5.000000,23251,False
61570,GLENMARK23NOV26FUT,GLENMARK,23NOV2026,-1.000000,375,FUTSTK,NFO,10.000000,11251,False
61574,GODREJPROP23NOV26FUT,GODREJPROP,23NOV2026,-1.000000,325,FUTSTK,NFO,10.000000,13001,False
61585,HINDALCO23NOV26FUT,HINDALCO,23NOV2026,-1.000000,700,FUTSTK,NFO,10.000000,21001,False
112890,TATASTEEL27OCT26180PE,TATASTEEL,27OCT2026,18000.000000,2750,OPTSTK,NFO,1.000000,137501,False
112891,TATASTEEL27OCT26185CE,TATASTEEL,27OCT2026,18500.000000,2750,OPTSTK,NFO,1.000000,137501,False
112893,TATASTEEL27OCT26190CE,TATASTEEL,27OCT2026,19000.000000,2750,OPTSTK,NFO,1.000000,137501,False
112900,TATASTEEL27OCT26200PE,TATASTEEL,27OCT2026,20000.000000,2750,OPTSTK,NFO,1.000000,137501,False
61612,IOC23NOV26FUT,IOC,23NOV2026,-1.000000,4875,FUTSTK,NFO,1.000000,195001,False
61614,IRFC23NOV26FUT,IRFC,23NOV2026,-1.000000,5425,FUTSTK,NFO,1.000000,271251,False
61616,JINDALSTEL23NOV26FUT,JINDALSTEL,23NOV2026,-1.000000,625,FUTSTK,NFO,10.000000,18751,False
61618,JSWENERGY23NOV26FUT,JSWENERGY,23NOV2026,-1.000000,1075,FUTSTK,NFO,5.000000,43001,False
112905,TATASTEEL27OCT26215CE,TATASTEEL,27OCT2026,21500.000000,2750,OPTSTK,NFO,1.000000,137501,False
112935,LT27OCT263550CE,LT,27OCT2026,355000.000000,175,OPTSTK,NFO,5.000000,7001,False
112944,LT27OCT263750PE,LT,27OCT2026,375000.000000,175,OPTSTK,NFO,5.000000,7001,False
113035,IDFCFIRSTB29SEP2664PE,IDFCFIRSTB,29SEP2026,6400.000000,9275,OPTSTK,NFO,1.000000,278251,False
61624,KAYNES23NOV26FUT,KAYNES,23NOV2026,-1.000000,150,FUTSTK,NFO,10.000000,6001,False
61649,MCX23NOV26FUT,MCX,23NOV2026,-1.000000,225,FUTSTK,NFO,10.000000,6751,False
113041,IDFCFIRSTB29SEP2670PE,IDFCFIRSTB,29SEP2026,7000.000000,9275,OPTSTK,NFO,1.000000,278251,False
113045,IDFCFIRSTB29SEP2674PE,IDFCFIRSTB,29SEP2026,7400.000000,9275,OPTSTK,NFO,1.000000,278251,False
113047,IDFCFIRSTB29SEP2676PE,IDFCFIRSTB,29SEP2026,7600.000000,9275,OPTSTK,NFO,1.000000,278251,False
113048,IDFCFIRSTB29SEP2678CE,IDFCFIRSTB,29SEP2026,7800.000000,9275,OPTSTK,NFO,1.000000,278251,False
61651,MOTHERSON23NOV26FUT,MOTHERSON,23NOV2026,-1.000000,6150,FUTSTK,NFO,1.000000,184501,False
61653,MPHASIS23NOV26FUT,MPHASIS,23NOV2026,-1.000000,275,FUTSTK,NFO,10.000000,11001,False
61673,PATANJALI23NOV26FUT,PATANJALI,23NOV2026,-1.000000,1075,FUTSTK,NFO,5.000000,64501,False
61695,RBLBANK23NOV26FUT,RBLBANK,23NOV2026,-1.000000,3175,FUTSTK,NFO,5.000000,63501,False
113058,IDFCFIRSTB29SEP2688CE,IDFCFIRSTB,29SEP2026,8800.000000,9275,OPTSTK,NFO,1.000000,278251,False
113089,IDFCFIRSTB29SEP2692CE,IDFCFIRSTB,29SEP2026,9200.000000,9275,OPTSTK,NFO,1.000000,278251,False
113097,TCS29SEP262220PE,TCS,29SEP2026,222000.000000,225,OPTSTK,NFO,5.000000,9001,False
113102,IDFCFIRSTB29SEP2698PE,IDFCFIRSTB,29SEP2026,9800.000000,9275,OPTSTK,NFO,1.000000,278251,False
61700,SAGILITY27OCT26FUT,SAGILITY,27OCT2026,-1.000000,12000,FUTSTK,NFO,1.000000,480001,False
61707,SHREECEM23NOV26FUT,SHREECEM,23NOV2026,-1.000000,25,FUTSTK,NFO,500.000000,1001,False
61709,SIEMENS23NOV26FUT,SIEMENS,23NOV2026,-1.000000,175,FUTSTK,NFO,10.000000,7001,False
61736,ULTRACEMCO23NOV26FUT,ULTRACEMCO,23NOV2026,-1.000000,50,FUTSTK,NFO,100.000000,2001,False
113104,IDFCFIRSTB29SEP26100PE,IDFCFIRSTB,29SEP2026,10000.000000,9275,OPTSTK,NFO,1.000000,278251,False
113220,TCS27OCT262040PE,TCS,27OCT2026,204000.000000,225,OPTSTK,NFO,5.000000,9001,False
113114,TCS29SEP262420CE,TCS,29SEP2026,242000.000000,225,OPTSTK,NFO,5.000000,9001,False
113131,TCS29SEP262700CE,TCS,29SEP2026,270000.000000,225,OPTSTK,NFO,5.000000,9001,False
61860,CANBK29SEP26122.5CE,CANBK,29SEP2026,12250.000000,6750,OPTSTK,NFO,1.000000,202501,False
61881,CANBK29SEP26127.5CE,CANBK,29SEP2026,12750.000000,6750,OPTSTK,NFO,1.000000,202501,False
61968,BANKNIFTY23NOV2649000PE,BANKNIFTY,23NOV2026,4900000.000000,30,OPTIDX,NFO,5.000000,601,False
62011,BANKNIFTY23NOV2650000CE,BANKNIFTY,23NOV2026,5000000.000000,30,OPTIDX,NFO,5.000000,601,False
113238,TCS27OCT262360PE,TCS,27OCT2026,236000.000000,225,OPTSTK,NFO,5.000000,9001,False
113243,TCS27OCT262480CE,TCS,27OCT2026,248000.000000,225,OPTSTK,NFO,5.000000,9001,False
113271,TCS27OCT262680CE,TCS,27OCT2026,268000.000000,225,OPTSTK,NFO,5.000000,9001,False
113281,LT23NOV263500PE,LT,23NOV2026,350000.000000,175,OPTSTK,NFO,5.000000,7001,False
62051,BANKNIFTY23NOV2651300PE,BANKNIFTY,23NOV2026,5130000.000000,30,OPTIDX,NFO,5.000000,601,False
62057,BANKNIFTY23NOV2651400CE,BANKNIFTY,23NOV2026,5140000.000000,30,OPTIDX,NFO,5.000000,601,False
62065,BANKNIFTY23NOV2651600CE,BANKNIFTY,23NOV2026,5160000.000000,30,OPTIDX,NFO,5.000000,601,False
62090,BANKNIFTY23NOV2652600PE,BANKNIFTY,23NOV2026,5260000.000000,30,OPTIDX,NFO,5.000000,601,False
113283,LT23NOV263600PE,LT,23NOV2026,360000.000000,175,OPTSTK,NFO,5.000000,7001,False
113294,TCS27OCT262720CE,TCS,27OCT2026,272000.000000,225,OPTSTK,NFO,5.000000,9001,False
113295,TCS27OCT262720PE,TCS,27OCT2026,272000.000000,225,OPTSTK,NFO,5.000000,9001,False
113300,LT23NOV264200PE,LT,23NOV2026,420000.000000,175,OPTSTK,NFO,5.000000,7001,False
113406,LTF27OCT26335CE,LTF,27OCT2026,33500.000000,2250,OPTSTK,NFO,5.000000,67501,False
113422,TECHM29SEP261460PE,TECHM,29SEP2026,146000.000000,600,OPTSTK,NFO,5.000000,18001,False
113485,TECHM29SEP261660CE,TECHM,29SEP2026,166000.000000,600,OPTSTK,NFO,5.000000,18001,False
113489,TECHM29SEP261740CE,TECHM,29SEP2026,174000.000000,600,OPTSTK,NFO,5.000000,18001,False
62096,BANKNIFTY23NOV2652900PE,BANKNIFTY,23NOV2026,5290000.000000,30,OPTIDX,NFO,5.000000,601,False
62098,BANKNIFTY23NOV2653000PE,BANKNIFTY,23NOV2026,5300000.000000,30,OPTIDX,NFO,5.000000,601,False
62102,BANKNIFTY23NOV2653200CE,BANKNIFTY,23NOV2026,5320000.000000,30,OPTIDX,NFO,5.000000,601,False
62104,BANKNIFTY23NOV2653300CE,BANKNIFTY,23NOV2026,5330000.000000,30,OPTIDX,NFO,5.000000,601,False
62116,BANKNIFTY23NOV2653700PE,BANKNIFTY,23NOV2026,5370000.000000,30,OPTIDX,NFO,5.000000,601,False
62124,BANKNIFTY23NOV2653800PE,BANKNIFTY,23NOV2026,5380000.000000,30,OPTIDX,NFO,5.000000,601,False
62134,BANKNIFTY23NOV2654000PE,BANKNIFTY,23NOV2026,5400000.000000,30,OPTIDX,NFO,5.000000,601,False
62147,BANKNIFTY23NOV2654600CE,BANKNIFTY,23NOV2026,5460000.000000,30,OPTIDX,NFO,5.000000,601,False
113513,LTF23NOV26300CE,LTF,23NOV2026,30000.000000,2250,OPTSTK,NFO,5.000000,67501,False
113650,LTM27OCT264850PE,LTM,27OCT2026,485000.000000,150,OPTSTK,NFO,5.000000,6001,False
113652,LTM27OCT264950PE,LTM,27OCT2026,495000.000000,150,OPTSTK,NFO,5.000000,6001,False
113653,LTM27OCT265050CE,LTM,27OCT2026,505000.000000,150,OPTSTK,NFO,5.000000,6001,False
62199,BANKNIFTY23NOV2656600CE,BANKNIFTY,23NOV2026,5660000.000000,30,OPTIDX,NFO,5.000000,601,False
62206,BANKNIFTY23NOV2656900PE,BANKNIFTY,23NOV2026,5690000.000000,30,OPTIDX,NFO,5.000000,601,False
62210,BANKNIFTY23NOV2657100PE,BANKNIFTY,23NOV2026,5710000.000000,30,OPTIDX,NFO,5.000000,601,False
62215,BANKNIFTY23NOV2657400CE,BANKNIFTY,23NOV2026,5740000.000000,30,OPTIDX,NFO,5.000000,601,False
113655,LTM27OCT265150CE,LTM,27OCT2026,515000.000000,150,OPTSTK,NFO,5.000000,6001,False
113739,LTM23NOV263800CE,LTM,23NOV2026,380000.000000,150,OPTSTK,NFO,5.000000,6001,False
113746,LTM23NOV264100PE,LTM,23NOV2026,410000.000000,150,OPTSTK,NFO,5.000000,6001,False
113768,IEX29SEP26125PE,IEX,29SEP2026,12500.000000,4350,OPTSTK,NFO,1.000000,174001,False
62224,BANKNIFTY23NOV2657700CE,BANKNIFTY,23NOV2026,5770000.000000,30,OPTIDX,NFO,5.000000,601,False
62239,BANKNIFTY23NOV2657900PE,BANKNIFTY,23NOV2026,5790000.000000,30,OPTIDX,NFO,5.000000,601,False
62240,BANKNIFTY23NOV2658000CE,BANKNIFTY,23NOV2026,5800000.000000,30,OPTIDX,NFO,5.000000,601,False
62250,BANKNIFTY23NOV2658200CE,BANKNIFTY,23NOV2026,5820000.000000,30,OPTIDX,NFO,5.000000,601,False
113785,TECHM27OCT261360PE,TECHM,27OCT2026,136000.000000,600,OPTSTK,NFO,5.000000,18001,False
113818,IEX29SEP26135CE,IEX,29SEP2026,13500.000000,4350,OPTSTK,NFO,1.000000,174001,False
113831,TECHM27OCT261840CE,TECHM,27OCT2026,184000.000000,600,OPTSTK,NFO,5.000000,18001,False
113966,LUPIN27OCT261980PE,LUPIN,27OCT2026,198000.000000,425,OPTSTK,NFO,5.000000,12751,False
62253,BANKNIFTY23NOV2658300PE,BANKNIFTY,23NOV2026,5830000.000000,30,OPTIDX,NFO,5.000000,601,False
62277,BANKNIFTY23NOV2659100CE,BANKNIFTY,23NOV2026,5910000.000000,30,OPTIDX,NFO,5.000000,601,False
62285,BANKNIFTY23NOV2659300CE,BANKNIFTY,23NOV2026,5930000.000000,30,OPTIDX,NFO,5.000000,601,False
62295,BANKNIFTY23NOV2659700CE,BANKNIFTY,23NOV2026,5970000.000000,30,OPTIDX,NFO,5.000000,601,False
114006,INDHOTEL29SEP26660PE,INDHOTEL,29SEP2026,66000.000000,1000,OPTSTK,NFO,5.000000,30001,False
114014,INDHOTEL29SEP26720CE,INDHOTEL,29SEP2026,72000.000000,1000,OPTSTK,NFO,5.000000,30001,False
114019,TIINDIA29SEP262250PE,TIINDIA,29SEP2026,225000.000000,200,OPTSTK,NFO,5.000000,8001,False
114020,TIINDIA29SEP262350CE,TIINDIA,29SEP2026,235000.000000,200,OPTSTK,NFO,5.000000,8001,False
62304,BANKNIFTY23NOV2660000PE,BANKNIFTY,23NOV2026,6000000.000000,30,OPTIDX,NFO,5.000000,601,False
62309,BANKNIFTY23NOV2660300CE,BANKNIFTY,23NOV2026,6030000.000000,30,OPTIDX,NFO,5.000000,601,False
62334,BANKNIFTY23NOV2660900PE,BANKNIFTY,23NOV2026,6090000.000000,30,OPTIDX,NFO,5.000000,601,False
62336,BANKNIFTY23NOV2661000PE,BANKNIFTY,23NOV2026,6100000.000000,30,OPTIDX,NFO,5.000000,601,False
114029,TIINDIA29SEP262650PE,TIINDIA,29SEP2026,265000.000000,200,OPTSTK,NFO,5.000000,8001,False
114081,LUPIN27OCT262100CE,LUPIN,27OCT2026,210000.000000,425,OPTSTK,NFO,5.000000,12751,False
114109,LUPIN27OCT262380PE,LUPIN,27OCT2026,238000.000000,425,OPTSTK,NFO,5.000000,12751,False
114185,LUPIN23NOV261920CE,LUPIN,23NOV2026,192000.000000,425,OPTSTK,NFO,5.000000,12751,False
62356,CANBK27OCT26120CE,CANBK,27OCT2026,12000.000000,6750,OPTSTK,NFO,1.000000,202501,False
62370,CANBK27OCT26150CE,CANBK,27OCT2026,15000.000000,6750,OPTSTK,NFO,1.000000,202501,False
62420,BANKNIFTY23NOV2661800CE,BANKNIFTY,23NOV2026,6180000.000000,30,OPTIDX,NFO,5.000000,601,False
62472,CDSL27OCT261160PE,CDSL,27OCT2026,116000.000000,475,OPTSTK,NFO,5.000000,19001,False
114199,LUPIN23NOV262160CE,LUPIN,23NOV2026,216000.000000,425,OPTSTK,NFO,5.000000,12751,False
114209,LUPIN23NOV262280CE,LUPIN,23NOV2026,228000.000000,425,OPTSTK,NFO,5.000000,12751,False
114214,LUPIN23NOV262360PE,LUPIN,23NOV2026,236000.000000,425,OPTSTK,NFO,5.000000,12751,False
114300,TIINDIA27OCT262300CE,TIINDIA,27OCT2026,230000.000000,200,OPTSTK,NFO,5.000000,8001,False
62481,BANKNIFTY23NOV2662200CE,BANKNIFTY,23NOV2026,6220000.000000,30,OPTIDX,NFO,5.000000,601,False
62487,BANKNIFTY23NOV2662500CE,BANKNIFTY,23NOV2026,6250000.000000,30,OPTIDX,NFO,5.000000,601,False
62489,BANKNIFTY23NOV2662600CE,BANKNIFTY,23NOV2026,6260000.000000,30,OPTIDX,NFO,5.000000,601,False
62516,CDSL27OCT261480PE,CDSL,27OCT2026,148000.000000,475,OPTSTK,NFO,5.000000,19001,False
114308,TIINDIA27OCT262700CE,TIINDIA,27OCT2026,270000.000000,200,OPTSTK,NFO,5.000000,8001,False
114318,TIINDIA27OCT262900CE,TIINDIA,27OCT2026,290000.000000,200,OPTSTK,NFO,5.000000,8001,False
114322,TIINDIA27OCT263100CE,TIINDIA,27OCT2026,310000.000000,200,OPTSTK,NFO,5.000000,8001,False
114325,TIINDIA27OCT263200PE,TIINDIA,27OCT2026,320000.000000,200,OPTSTK,NFO,5.000000,8001,False
62519,CDSL27OCT261520CE,CDSL,27OCT2026,152000.000000,475,OPTSTK,NFO,5.000000,19001,False
62586,CGPOWER29SEP26940PE,CGPOWER,29SEP2026,94000.000000,850,OPTSTK,NFO,5.000000,25501,False
62628,CGPOWER27OCT261000CE,CGPOWER,27OCT2026,100000.000000,850,OPTSTK,NFO,5.000000,25501,False
62652,BANKNIFTY23NOV2664000PE,BANKNIFTY,23NOV2026,6400000.000000,30,OPTIDX,NFO,5.000000,601,False
114408,INDIANB29SEP26740PE,INDIANB,29SEP2026,74000.000000,1000,OPTSTK,NFO,5.000000,30001,False
114428,INDIANB29SEP26920CE,INDIANB,29SEP2026,92000.000000,1000,OPTSTK,NFO,5.000000,30001,False
114439,INDIANB29SEP26980CE,INDIANB,29SEP2026,98000.000000,1000,OPTSTK,NFO,5.000000,30001,False
114458,INDIANB29SEP261020CE,INDIANB,29SEP2026,102000.000000,1000,OPTSTK,NFO,5.000000,30001,False
62709,BANKNIFTY23NOV2665500PE,BANKNIFTY,23NOV2026,6550000.000000,30,OPTIDX,NFO,5.000000,601,False
62712,CHOLAFIN29SEP261700CE,CHOLAFIN,29SEP2026,170000.000000,625,OPTSTK,NFO,5.000000,12501,False
62719,CHOLAFIN29SEP261820PE,CHOLAFIN,29SEP2026,182000.000000,625,OPTSTK,NFO,5.000000,12501,False
62737,CHOLAFIN29SEP261900CE,CHOLAFIN,29SEP2026,190000.000000,625,OPTSTK,NFO,5.000000,12501,False
114459,INDIANB29SEP261020PE,INDIANB,29SEP2026,102000.000000,1000,OPTSTK,NFO,5.000000,30001,False
114460,TITAN29SEP264550PE,TITAN,29SEP2026,455000.000000,175,OPTSTK,NFO,5.000000,5251,False
114473,M&M27OCT262850CE,M&M,27OCT2026,285000.000000,200,OPTSTK,NFO,5.000000,8001,False
114479,M&M27OCT263150CE,M&M,27OCT2026,315000.000000,200,OPTSTK,NFO,5.000000,8001,False
62739,CHOLAFIN29SEP261940CE,CHOLAFIN,29SEP2026,194000.000000,625,OPTSTK,NFO,5.000000,12501,False
62772,CHOLAFIN29SEP262100PE,CHOLAFIN,29SEP2026,210000.000000,625,OPTSTK,NFO,5.000000,12501,False
62851,CHOLAFIN27OCT261560PE,CHOLAFIN,27OCT2026,156000.000000,625,OPTSTK,NFO,5.000000,12501,False
62855,CHOLAFIN27OCT261640PE,CHOLAFIN,27OCT2026,164000.000000,625,OPTSTK,NFO,5.000000,12501,False
114620,TITAN27OCT264800CE,TITAN,27OCT2026,480000.000000,175,OPTSTK,NFO,5.000000,5251,False
62859,CHOLAFIN27OCT261680PE,CHOLAFIN,27OCT2026,168000.000000,625,OPTSTK,NFO,5.000000,12501,False
62861,CHOLAFIN27OCT261720PE,CHOLAFIN,27OCT2026,172000.000000,625,OPTSTK,NFO,5.000000,12501,False
62863,CHOLAFIN27OCT261760PE,CHOLAFIN,27OCT2026,176000.000000,625,OPTSTK,NFO,5.000000,12501,False
62867,CHOLAFIN27OCT261840PE,CHOLAFIN,27OCT2026,184000.000000,625,OPTSTK,NFO,5.000000,12501,False
114486,M&M27OCT263250PE,M&M,27OCT2026,325000.000000,200,OPTSTK,NFO,5.000000,8001,False
114509,M&M27OCT263650CE,M&M,27OCT2026,365000.000000,200,OPTSTK,NFO,5.000000,8001,False
114618,TITAN27OCT264700CE,TITAN,27OCT2026,470000.000000,175,OPTSTK,NFO,5.000000,5251,False
62878,CHOLAFIN27OCT261960PE,CHOLAFIN,27OCT2026,196000.000000,625,OPTSTK,NFO,5.000000,12501,False
63027,FINNIFTY29SEP2623350CE,FINNIFTY,29SEP2026,2335000.000000,60,OPTIDX,NFO,5.000000,1801,False
63028,FINNIFTY29SEP2623350PE,FINNIFTY,29SEP2026,2335000.000000,60,OPTIDX,NFO,5.000000,1801,False
63037,FINNIFTY29SEP2623850CE,FINNIFTY,29SEP2026,2385000.000000,60,OPTIDX,NFO,5.000000,1801,False
114649,TITAN27OCT265700PE,TITAN,27OCT2026,570000.000000,175,OPTSTK,NFO,5.000000,5251,False
114684,M&M23NOV263000CE,M&M,23NOV2026,300000.000000,200,OPTSTK,NFO,5.000000,8001,False
114711,TMPV29SEP26295PE,TMPV,29SEP2026,29500.000000,1600,OPTSTK,NFO,5.000000,64001,False
114712,TMPV29SEP26305CE,TMPV,29SEP2026,30500.000000,1600,OPTSTK,NFO,5.000000,64001,False
114761,TMPV29SEP26385PE,TMPV,29SEP2026,38500.000000,1600,OPTSTK,NFO,5.000000,64001,False
114749,TMPV29SEP26325PE,TMPV,29SEP2026,32500.000000,1600,OPTSTK,NFO,5.000000,64001,False
114752,TMPV29SEP26345CE,TMPV,29SEP2026,34500.000000,1600,OPTSTK,NFO,5.000000,64001,False
114753,TMPV29SEP26345PE,TMPV,29SEP2026,34500.000000,1600,OPTSTK,NFO,5.000000,64001,False
63040,FINNIFTY29SEP2623950PE,FINNIFTY,29SEP2026,2395000.000000,60,OPTIDX,NFO,5.000000,1801,False
63044,FINNIFTY29SEP2624150PE,FINNIFTY,29SEP2026,2415000.000000,60,OPTIDX,NFO,5.000000,1801,False
63045,FINNIFTY29SEP2624250CE,FINNIFTY,29SEP2026,2425000.000000,60,OPTIDX,NFO,5.000000,1801,False
63053,FINNIFTY29SEP2624650CE,FINNIFTY,29SEP2026,2465000.000000,60,OPTIDX,NFO,5.000000,1801,False
63060,FINNIFTY29SEP2624950PE,FINNIFTY,29SEP2026,2495000.000000,60,OPTIDX,NFO,5.000000,1801,False
63069,CHOLAFIN27OCT262040CE,CHOLAFIN,27OCT2026,204000.000000,625,OPTSTK,NFO,5.000000,12501,False
63076,FINNIFTY29SEP2625350CE,FINNIFTY,29SEP2026,2535000.000000,60,OPTIDX,NFO,5.000000,1801,False
63109,FINNIFTY29SEP2626450CE,FINNIFTY,29SEP2026,2645000.000000,60,OPTIDX,NFO,5.000000,1801,False
114831,M&M23NOV263700PE,M&M,23NOV2026,370000.000000,200,OPTSTK,NFO,5.000000,8001,False
114936,INDUSINDBK29SEP26840PE,INDUSINDBK,29SEP2026,84000.000000,700,OPTSTK,NFO,5.000000,28001,False
114950,TMPV27OCT26290CE,TMPV,27OCT2026,29000.000000,1600,OPTSTK,NFO,5.000000,64001,False
114956,INDUSINDBK29SEP26900CE,INDUSINDBK,29SEP2026,90000.000000,700,OPTSTK,NFO,5.000000,28001,False
63136,FINNIFTY29SEP2627150PE,FINNIFTY,29SEP2026,2715000.000000,60,OPTIDX,NFO,5.000000,1801,False
63140,FINNIFTY29SEP2627350PE,FINNIFTY,29SEP2026,2735000.000000,60,OPTIDX,NFO,5.000000,1801,False
63208,CIPLA29SEP261350CE,CIPLA,29SEP2026,135000.000000,425,OPTSTK,NFO,5.000000,17001,False
63210,CIPLA29SEP261370CE,CIPLA,29SEP2026,137000.000000,425,OPTSTK,NFO,5.000000,17001,False
114968,TMPV27OCT26350PE,TMPV,27OCT2026,35000.000000,1600,OPTSTK,NFO,5.000000,64001,False
114971,TMPV27OCT26370CE,TMPV,27OCT2026,37000.000000,1600,OPTSTK,NFO,5.000000,64001,False
114974,TMPV27OCT26380PE,TMPV,27OCT2026,38000.000000,1600,OPTSTK,NFO,5.000000,64001,False
115032,TORNTPHARM29SEP264450CE,TORNTPHARM,29SEP2026,445000.000000,125,OPTSTK,NFO,5.000000,5001,False
63364,FINNIFTY23NOV2623100PE,FINNIFTY,23NOV2026,2310000.000000,60,OPTIDX,NFO,5.000000,1801,False
63378,FINNIFTY23NOV2623800PE,FINNIFTY,23NOV2026,2380000.000000,60,OPTIDX,NFO,5.000000,1801,False
63379,FINNIFTY23NOV2623900CE,FINNIFTY,23NOV2026,2390000.000000,60,OPTIDX,NFO,5.000000,1801,False
63382,FINNIFTY23NOV2624000PE,FINNIFTY,23NOV2026,2400000.000000,60,OPTIDX,NFO,5.000000,1801,False
115042,TORNTPHARM29SEP264650CE,TORNTPHARM,29SEP2026,465000.000000,125,OPTSTK,NFO,5.000000,5001,False
115055,INDUSINDBK29SEP26940PE,INDUSINDBK,29SEP2026,94000.000000,700,OPTSTK,NFO,5.000000,28001,False
115061,TORNTPHARM29SEP265050CE,TORNTPHARM,29SEP2026,505000.000000,125,OPTSTK,NFO,5.000000,5001,False
115076,TORNTPHARM29SEP265750PE,TORNTPHARM,29SEP2026,575000.000000,125,OPTSTK,NFO,5.000000,5001,False
115089,INDUSINDBK29SEP261000CE,INDUSINDBK,29SEP2026,100000.000000,700,OPTSTK,NFO,5.000000,28001,False
115094,INDUSINDBK29SEP261000PE,INDUSINDBK,29SEP2026,100000.000000,700,OPTSTK,NFO,5.000000,28001,False
115120,INDUSINDBK29SEP261100PE,INDUSINDBK,29SEP2026,110000.000000,700,OPTSTK,NFO,5.000000,28001,False
115126,INDUSINDBK29SEP261160PE,INDUSINDBK,29SEP2026,116000.000000,700,OPTSTK,NFO,5.000000,28001,False
63387,FINNIFTY23NOV2624300CE,FINNIFTY,23NOV2026,2430000.000000,60,OPTIDX,NFO,5.000000,1801,False
63394,FINNIFTY23NOV2624600PE,FINNIFTY,23NOV2026,2460000.000000,60,OPTIDX,NFO,5.000000,1801,False
63395,FINNIFTY23NOV2624700CE,FINNIFTY,23NOV2026,2470000.000000,60,OPTIDX,NFO,5.000000,1801,False
63406,FINNIFTY23NOV2625200PE,FINNIFTY,23NOV2026,2520000.000000,60,OPTIDX,NFO,5.000000,1801,False
115148,TORNTPHARM27OCT264300PE,TORNTPHARM,27OCT2026,430000.000000,125,OPTSTK,NFO,5.000000,5001,False
115152,TORNTPHARM27OCT264500CE,TORNTPHARM,27OCT2026,450000.000000,125,OPTSTK,NFO,5.000000,5001,False
115160,MAHABANK29SEP2679CE,MAHABANK,29SEP2026,7900.000000,6500,OPTSTK,NFO,1.000000,260001,False
115161,MAHABANK29SEP2679PE,MAHABANK,29SEP2026,7900.000000,6500,OPTSTK,NFO,1.000000,260001,False
63410,FINNIFTY23NOV2625400PE,FINNIFTY,23NOV2026,2540000.000000,60,OPTIDX,NFO,5.000000,1801,False
63411,FINNIFTY23NOV2625500CE,FINNIFTY,23NOV2026,2550000.000000,60,OPTIDX,NFO,5.000000,1801,False
63413,FINNIFTY23NOV2625600CE,FINNIFTY,23NOV2026,2560000.000000,60,OPTIDX,NFO,5.000000,1801,False
63417,FINNIFTY23NOV2625800CE,FINNIFTY,23NOV2026,2580000.000000,60,OPTIDX,NFO,5.000000,1801,False
115162,MAHABANK29SEP2680CE,MAHABANK,29SEP2026,8000.000000,6500,OPTSTK,NFO,1.000000,260001,False
115170,TORNTPHARM27OCT264800PE,TORNTPHARM,27OCT2026,480000.000000,125,OPTSTK,NFO,5.000000,5001,False
115176,MAHABANK29SEP2683PE,MAHABANK,29SEP2026,8300.000000,6500,OPTSTK,NFO,1.000000,260001,False
115214,MAHABANK29SEP2689CE,MAHABANK,29SEP2026,8900.000000,6500,OPTSTK,NFO,1.000000,260001,False
63418,FINNIFTY23NOV2625800PE,FINNIFTY,23NOV2026,2580000.000000,60,OPTIDX,NFO,5.000000,1801,False
63457,FINNIFTY23NOV2627600CE,FINNIFTY,23NOV2026,2760000.000000,60,OPTIDX,NFO,5.000000,1801,False
63461,FINNIFTY23NOV2627800CE,FINNIFTY,23NOV2026,2780000.000000,60,OPTIDX,NFO,5.000000,1801,False
63469,FINNIFTY23NOV2628200CE,FINNIFTY,23NOV2026,2820000.000000,60,OPTIDX,NFO,5.000000,1801,False
63627,MIDCPNIFTY23NOV2612900CE,MIDCPNIFTY,23NOV2026,1290000.000000,120,OPTIDX,NFO,5.000000,2801,False
63629,MIDCPNIFTY23NOV2612925CE,MIDCPNIFTY,23NOV2026,1292500.000000,120,OPTIDX,NFO,5.000000,2801,False
63636,MIDCPNIFTY23NOV2613000PE,MIDCPNIFTY,23NOV2026,1300000.000000,120,OPTIDX,NFO,5.000000,2801,False
63643,MIDCPNIFTY23NOV2613100CE,MIDCPNIFTY,23NOV2026,1310000.000000,120,OPTIDX,NFO,5.000000,2801,False
115217,MAHABANK29SEP2690PE,MAHABANK,29SEP2026,9000.000000,6500,OPTSTK,NFO,1.000000,260001,False
115219,TORNTPHARM27OCT265000PE,TORNTPHARM,27OCT2026,500000.000000,125,OPTSTK,NFO,5.000000,5001,False
115224,TORNTPHARM27OCT265300CE,TORNTPHARM,27OCT2026,530000.000000,125,OPTSTK,NFO,5.000000,5001,False
115241,TORNTPHARM27OCT265600PE,TORNTPHARM,27OCT2026,560000.000000,125,OPTSTK,NFO,5.000000,5001,False
63649,MIDCPNIFTY23NOV2613175CE,MIDCPNIFTY,23NOV2026,1317500.000000,120,OPTIDX,NFO,5.000000,2801,False
63708,MIDCPNIFTY23NOV2613900PE,MIDCPNIFTY,23NOV2026,1390000.000000,120,OPTIDX,NFO,5.000000,2801,False
63713,MIDCPNIFTY23NOV2613975CE,MIDCPNIFTY,23NOV2026,1397500.000000,120,OPTIDX,NFO,5.000000,2801,False
63719,MIDCPNIFTY23NOV2614000CE,MIDCPNIFTY,23NOV2026,1400000.000000,120,OPTIDX,NFO,5.000000,2801,False
115263,INDUSTOWER29SEP26356PE,INDUSTOWER,29SEP2026,35600.000000,1700,OPTSTK,NFO,5.000000,68001,False
115325,TRENT29SEP262650CE,TRENT,29SEP2026,265000.000000,225,OPTSTK,NFO,5.000000,9001,False
115332,TRENT29SEP262750CE,TRENT,29SEP2026,275000.000000,225,OPTSTK,NFO,5.000000,9001,False
115334,TRENT29SEP262850CE,TRENT,29SEP2026,285000.000000,225,OPTSTK,NFO,5.000000,9001,False
115373,TRENT29SEP263250PE,TRENT,29SEP2026,325000.000000,225,OPTSTK,NFO,5.000000,9001,False
115381,INDUSTOWER29SEP26426PE,INDUSTOWER,29SEP2026,42600.000000,1700,OPTSTK,NFO,5.000000,68001,False
115408,TRENT27OCT262600PE,TRENT,27OCT2026,260000.000000,225,OPTSTK,NFO,5.000000,9001,False
115557,MAHABANK27OCT2672PE,MAHABANK,27OCT2026,7200.000000,6500,OPTSTK,NFO,1.000000,260001,False
63742,MIDCPNIFTY23NOV2614225PE,MIDCPNIFTY,23NOV2026,1422500.000000,120,OPTIDX,NFO,5.000000,2801,False
63758,MIDCPNIFTY23NOV2614350PE,MIDCPNIFTY,23NOV2026,1435000.000000,120,OPTIDX,NFO,5.000000,2801,False
63772,MIDCPNIFTY23NOV2614500PE,MIDCPNIFTY,23NOV2026,1450000.000000,120,OPTIDX,NFO,5.000000,2801,False
63774,MIDCPNIFTY23NOV2614525PE,MIDCPNIFTY,23NOV2026,1452500.000000,120,OPTIDX,NFO,5.000000,2801,False
63790,MIDCPNIFTY23NOV2614650PE,MIDCPNIFTY,23NOV2026,1465000.000000,120,OPTIDX,NFO,5.000000,2801,False
63794,MIDCPNIFTY23NOV2614675PE,MIDCPNIFTY,23NOV2026,1467500.000000,120,OPTIDX,NFO,5.000000,2801,False
63811,MIDCPNIFTY23NOV2614900CE,MIDCPNIFTY,23NOV2026,1490000.000000,120,OPTIDX,NFO,5.000000,2801,False
63823,MIDCPNIFTY23NOV2615025CE,MIDCPNIFTY,23NOV2026,1502500.000000,120,OPTIDX,NFO,5.000000,2801,False
115570,TVSMOTOR27OCT263600CE,TVSMOTOR,27OCT2026,360000.000000,175,OPTSTK,NFO,5.000000,5251,False
115578,TVSMOTOR27OCT263900CE,TVSMOTOR,27OCT2026,390000.000000,175,OPTSTK,NFO,5.000000,5251,False
115582,MAHABANK27OCT2677CE,MAHABANK,27OCT2026,7700.000000,6500,OPTSTK,NFO,1.000000,260001,False
115588,MAHABANK27OCT2680CE,MAHABANK,27OCT2026,8000.000000,6500,OPTSTK,NFO,1.000000,260001,False
115591,MAHABANK27OCT2681PE,MAHABANK,27OCT2026,8100.000000,6500,OPTSTK,NFO,1.000000,260001,False
115592,MAHABANK27OCT2682CE,MAHABANK,27OCT2026,8200.000000,6500,OPTSTK,NFO,1.000000,260001,False
115597,TVSMOTOR27OCT264200CE,TVSMOTOR,27OCT2026,420000.000000,175,OPTSTK,NFO,5.000000,5251,False
115599,TVSMOTOR27OCT264200PE,TVSMOTOR,27OCT2026,420000.000000,175,OPTSTK,NFO,5.000000,5251,False
63857,MIDCPNIFTY23NOV2615425CE,MIDCPNIFTY,23NOV2026,1542500.000000,120,OPTIDX,NFO,5.000000,2801,False
63870,MIDCPNIFTY23NOV2615575PE,MIDCPNIFTY,23NOV2026,1557500.000000,120,OPTIDX,NFO,5.000000,2801,False
63873,MIDCPNIFTY23NOV2615625CE,MIDCPNIFTY,23NOV2026,1562500.000000,120,OPTIDX,NFO,5.000000,2801,False
63879,MIDCPNIFTY23NOV2615700CE,MIDCPNIFTY,23NOV2026,1570000.000000,120,OPTIDX,NFO,5.000000,2801,False
115600,MAHABANK27OCT2684CE,MAHABANK,27OCT2026,8400.000000,6500,OPTSTK,NFO,1.000000,260001,False
115601,TVSMOTOR27OCT264300CE,TVSMOTOR,27OCT2026,430000.000000,175,OPTSTK,NFO,5.000000,5251,False
115608,TVSMOTOR27OCT264400CE,TVSMOTOR,27OCT2026,440000.000000,175,OPTSTK,NFO,5.000000,5251,False
115613,MAHABANK27OCT2689CE,MAHABANK,27OCT2026,8900.000000,6500,OPTSTK,NFO,1.000000,260001,False
63885,MIDCPNIFTY23NOV2615775CE,MIDCPNIFTY,23NOV2026,1577500.000000,120,OPTIDX,NFO,5.000000,2801,False
63895,MIDCPNIFTY23NOV2615900CE,MIDCPNIFTY,23NOV2026,1590000.000000,120,OPTIDX,NFO,5.000000,2801,False
63911,MIDCPNIFTY23NOV2616100CE,MIDCPNIFTY,23NOV2026,1610000.000000,120,OPTIDX,NFO,5.000000,2801,False
64234,NIFTY23NOV2621900CE,NIFTY,23NOV2026,2190000.000000,65,OPTIDX,NFO,5.000000,1801,False
115620,TVSMOTOR27OCT264500PE,TVSMOTOR,27OCT2026,450000.000000,175,OPTSTK,NFO,5.000000,5251,False
115622,TVSMOTOR27OCT264600PE,TVSMOTOR,27OCT2026,460000.000000,175,OPTSTK,NFO,5.000000,5251,False
115627,TVSMOTOR27OCT264800CE,TVSMOTOR,27OCT2026,480000.000000,175,OPTSTK,NFO,5.000000,5251,False
115628,TVSMOTOR27OCT264800PE,TVSMOTOR,27OCT2026,480000.000000,175,OPTSTK,NFO,5.000000,5251,False
64266,NIFTY23NOV2622250CE,NIFTY,23NOV2026,2225000.000000,65,OPTIDX,NFO,5.000000,1801,False
64267,NIFTY23NOV2622250PE,NIFTY,23NOV2026,2225000.000000,65,OPTIDX,NFO,5.000000,1801,False
64270,NIFTY23NOV2622350CE,NIFTY,23NOV2026,2235000.000000,65,OPTIDX,NFO,5.000000,1801,False
64279,NIFTY23NOV2622500PE,NIFTY,23NOV2026,2250000.000000,65,OPTIDX,NFO,5.000000,1801,False
115641,MAHABANK27OCT2692PE,MAHABANK,27OCT2026,9200.000000,6500,OPTSTK,NFO,1.000000,260001,False
115643,TVSMOTOR27OCT265000CE,TVSMOTOR,27OCT2026,500000.000000,175,OPTSTK,NFO,5.000000,5251,False
115725,ULTRACEMCO29SEP2611260PE,ULTRACEMCO,29SEP2026,1126000.000000,50,OPTSTK,NFO,5.000000,2001,False
115726,INFY29SEP26880CE,INFY,29SEP2026,88000.000000,400,OPTSTK,NFO,5.000000,20001,False
64290,NIFTY23NOV2622650PE,NIFTY,23NOV2026,2265000.000000,65,OPTIDX,NFO,5.000000,1801,False
64305,NIFTY23NOV2622800PE,NIFTY,23NOV2026,2280000.000000,65,OPTIDX,NFO,5.000000,1801,False
64385,NIFTY23NOV2623750CE,NIFTY,23NOV2026,2375000.000000,65,OPTIDX,NFO,5.000000,1801,False
64397,NIFTY23NOV2624000CE,NIFTY,23NOV2026,2400000.000000,65,OPTIDX,NFO,5.000000,1801,False
115741,MAHABANK23NOV2672CE,MAHABANK,23NOV2026,7200.000000,6500,OPTSTK,NFO,1.000000,260001,False
115742,MAHABANK23NOV2672PE,MAHABANK,23NOV2026,7200.000000,6500,OPTSTK,NFO,1.000000,260001,False
115756,MAHABANK23NOV2686PE,MAHABANK,23NOV2026,8600.000000,6500,OPTSTK,NFO,1.000000,260001,False
115758,MAHABANK23NOV2688PE,MAHABANK,23NOV2026,8800.000000,6500,OPTSTK,NFO,1.000000,260001,False
64398,NIFTY23NOV2624000PE,NIFTY,23NOV2026,2400000.000000,65,OPTIDX,NFO,5.000000,1801,False
64404,NIFTY23NOV2624150PE,NIFTY,23NOV2026,2415000.000000,65,OPTIDX,NFO,5.000000,1801,False
64406,NIFTY23NOV2624200PE,NIFTY,23NOV2026,2420000.000000,65,OPTIDX,NFO,5.000000,1801,False
64414,NIFTY23NOV2624400PE,NIFTY,23NOV2026,2440000.000000,65,OPTIDX,NFO,5.000000,1801,False
64423,NIFTY23NOV2624650CE,NIFTY,23NOV2026,2465000.000000,65,OPTIDX,NFO,5.000000,1801,False
64433,NIFTY23NOV2624850CE,NIFTY,23NOV2026,2485000.000000,65,OPTIDX,NFO,5.000000,1801,False
64437,NIFTY23NOV2624950CE,NIFTY,23NOV2026,2495000.000000,65,OPTIDX,NFO,5.000000,1801,False
64442,NIFTY23NOV2625050PE,NIFTY,23NOV2026,2505000.000000,65,OPTIDX,NFO,5.000000,1801,False
115776,INFY29SEP261080PE,INFY,29SEP2026,108000.000000,400,OPTSTK,NFO,5.000000,20001,False
115787,INFY29SEP261160CE,INFY,29SEP2026,116000.000000,400,OPTSTK,NFO,5.000000,20001,False
115790,ULTRACEMCO29SEP2612260PE,ULTRACEMCO,29SEP2026,1226000.000000,50,OPTSTK,NFO,5.000000,2001,False
115792,ULTRACEMCO29SEP2612460PE,ULTRACEMCO,29SEP2026,1246000.000000,50,OPTSTK,NFO,5.000000,2001,False
64453,NIFTY23NOV2625250CE,NIFTY,23NOV2026,2525000.000000,65,OPTIDX,NFO,5.000000,1801,False
64489,NIFTY23NOV2625800CE,NIFTY,23NOV2026,2580000.000000,65,OPTIDX,NFO,5.000000,1801,False
64742,NIFTYFPI23NOV261320PE,NIFTYFPI,23NOV2026,132000.000000,1100,OPTIDX,NFO,5.000000,8501,False
64785,NIFTYFPI23NOV261400CE,NIFTYFPI,23NOV2026,140000.000000,1100,OPTIDX,NFO,5.000000,8501,False
115809,INFY29SEP261240CE,INFY,29SEP2026,124000.000000,400,OPTSTK,NFO,5.000000,20001,False
115835,MANAPPURAM27OCT26305CE,MANAPPURAM,27OCT2026,30500.000000,3000,OPTSTK,NFO,5.000000,60001,False
115856,MANAPPURAM27OCT26385PE,MANAPPURAM,27OCT2026,38500.000000,3000,OPTSTK,NFO,5.000000,60001,False
115857,MANAPPURAM27OCT26395CE,MANAPPURAM,27OCT2026,39500.000000,3000,OPTSTK,NFO,5.000000,60001,False
64794,NIFTYFPI23NOV261420PE,NIFTYFPI,23NOV2026,142000.000000,1100,OPTIDX,NFO,5.000000,8501,False
64809,NIFTYFPI23NOV261435CE,NIFTYFPI,23NOV2026,143500.000000,1100,OPTIDX,NFO,5.000000,8501,False
64815,NIFTYFPI23NOV261450CE,NIFTYFPI,23NOV2026,145000.000000,1100,OPTIDX,NFO,5.000000,8501,False
64825,NIFTYFPI23NOV261475CE,NIFTYFPI,23NOV2026,147500.000000,1100,OPTIDX,NFO,5.000000,8501,False
115927,MANAPPURAM23NOV26340CE,MANAPPURAM,23NOV2026,34000.000000,3000,OPTSTK,NFO,5.000000,60001,False
115944,MANAPPURAM23NOV26370CE,MANAPPURAM,23NOV2026,37000.000000,3000,OPTSTK,NFO,5.000000,60001,False
116062,MANKIND27OCT262220CE,MANKIND,27OCT2026,222000.000000,250,OPTSTK,NFO,5.000000,10001,False
116067,MANKIND27OCT262300PE,MANKIND,27OCT2026,230000.000000,250,OPTSTK,NFO,5.000000,10001,False
116076,MANKIND27OCT262500CE,MANKIND,27OCT2026,250000.000000,250,OPTSTK,NFO,5.000000,10001,False
116253,UNIONBANK29SEP26167.5CE,UNIONBANK,29SEP2026,16750.000000,4425,OPTSTK,NFO,1.000000,132751,False
116255,UNIONBANK29SEP26172.5CE,UNIONBANK,29SEP2026,17250.000000,4425,OPTSTK,NFO,1.000000,132751,False
116264,UNIONBANK29SEP26192.5PE,UNIONBANK,29SEP2026,19250.000000,4425,OPTSTK,NFO,1.000000,132751,False
64834,NIFTYFPI23NOV261490PE,NIFTYFPI,23NOV2026,149000.000000,1100,OPTIDX,NFO,5.000000,8501,False
64841,NIFTYFPI23NOV261510CE,NIFTYFPI,23NOV2026,151000.000000,1100,OPTIDX,NFO,5.000000,8501,False
64859,NIFTYFPI23NOV261550CE,NIFTYFPI,23NOV2026,155000.000000,1100,OPTIDX,NFO,5.000000,8501,False
64862,NIFTYFPI23NOV261555CE,NIFTYFPI,23NOV2026,155500.000000,1100,OPTIDX,NFO,5.000000,8501,False
116291,INOXWIND29SEP2665CE,INOXWIND,29SEP2026,6500.000000,6400,OPTSTK,NFO,1.000000,256001,False
116296,INOXWIND29SEP2675CE,INOXWIND,29SEP2026,7500.000000,6400,OPTSTK,NFO,1.000000,256001,False
116301,INOXWIND29SEP2685CE,INOXWIND,29SEP2026,8500.000000,6400,OPTSTK,NFO,1.000000,256001,False
116303,INOXWIND29SEP2690CE,INOXWIND,29SEP2026,9000.000000,6400,OPTSTK,NFO,1.000000,256001,False
64894,NIFTYFPI23NOV261615CE,NIFTYFPI,23NOV2026,161500.000000,1100,OPTIDX,NFO,5.000000,8501,False
64916,NIFTYFPI23NOV261655CE,NIFTYFPI,23NOV2026,165500.000000,1100,OPTIDX,NFO,5.000000,8501,False
64923,NIFTYFPI23NOV261670PE,NIFTYFPI,23NOV2026,167000.000000,1100,OPTIDX,NFO,5.000000,8501,False
64936,NIFTYFPI23NOV261700CE,NIFTYFPI,23NOV2026,170000.000000,1100,OPTIDX,NFO,5.000000,8501,False
116304,INOXWIND29SEP2690PE,INOXWIND,29SEP2026,9000.000000,6400,OPTSTK,NFO,1.000000,256001,False
116320,UNIONBANK27OCT26155CE,UNIONBANK,27OCT2026,15500.000000,4425,OPTSTK,NFO,1.000000,132751,False
116360,UNIONBANK27OCT26205PE,UNIONBANK,27OCT2026,20500.000000,4425,OPTSTK,NFO,1.000000,132751,False
116361,MANKIND23NOV262360CE,MANKIND,23NOV2026,236000.000000,250,OPTSTK,NFO,5.000000,10001,False
65179,CIPLA27OCT261180PE,CIPLA,27OCT2026,118000.000000,425,OPTSTK,NFO,5.000000,17001,False
65183,CIPLA27OCT261220PE,CIPLA,27OCT2026,122000.000000,425,OPTSTK,NFO,5.000000,17001,False
65191,CIPLA27OCT261280PE,CIPLA,27OCT2026,128000.000000,425,OPTSTK,NFO,5.000000,17001,False
65192,CIPLA27OCT261300CE,CIPLA,27OCT2026,130000.000000,425,OPTSTK,NFO,5.000000,17001,False
116373,MANKIND23NOV262520CE,MANKIND,23NOV2026,252000.000000,250,OPTSTK,NFO,5.000000,10001,False
116390,MANKIND23NOV262600CE,MANKIND,23NOV2026,260000.000000,250,OPTSTK,NFO,5.000000,10001,False
116483,MARICO27OCT26890PE,MARICO,27OCT2026,89000.000000,1200,OPTSTK,NFO,5.000000,36001,False
116525,MARICO23NOV26680CE,MARICO,23NOV2026,68000.000000,1200,OPTSTK,NFO,5.000000,36001,False
65196,CIPLA27OCT261320CE,CIPLA,27OCT2026,132000.000000,425,OPTSTK,NFO,5.000000,17001,False
65274,CIPLA27OCT261420CE,CIPLA,27OCT2026,142000.000000,425,OPTSTK,NFO,5.000000,17001,False
65288,CIPLA27OCT261520CE,CIPLA,27OCT2026,152000.000000,425,OPTSTK,NFO,5.000000,17001,False
65292,CIPLA27OCT261560CE,CIPLA,27OCT2026,156000.000000,425,OPTSTK,NFO,5.000000,17001,False
116535,MARICO23NOV26780CE,MARICO,23NOV2026,78000.000000,1200,OPTSTK,NFO,5.000000,36001,False
116547,UNITDSPR29SEP261660PE,UNITDSPR,29SEP2026,166000.000000,400,OPTSTK,NFO,5.000000,16001,False
116574,UNITDSPR27OCT261200CE,UNITDSPR,27OCT2026,120000.000000,400,OPTSTK,NFO,5.000000,16001,False
116580,MARICO23NOV26840PE,MARICO,23NOV2026,84000.000000,1200,OPTSTK,NFO,5.000000,36001,False
65375,NIFTYNXT5023NOV2664200PE,NIFTYNXT50,23NOV2026,6420000.000000,25,OPTIDX,NFO,5.000000,601,False
65379,NIFTYNXT5023NOV2664400PE,NIFTYNXT50,23NOV2026,6440000.000000,25,OPTIDX,NFO,5.000000,601,False
65419,NIFTYNXT5023NOV2665000PE,NIFTYNXT50,23NOV2026,6500000.000000,25,OPTIDX,NFO,5.000000,601,False
65427,NIFTYNXT5023NOV2665400PE,NIFTYNXT50,23NOV2026,6540000.000000,25,OPTIDX,NFO,5.000000,601,False
116582,MARICO23NOV26860PE,MARICO,23NOV2026,86000.000000,1200,OPTSTK,NFO,5.000000,36001,False
116583,MARICO23NOV26880CE,MARICO,23NOV2026,88000.000000,1200,OPTSTK,NFO,5.000000,36001,False
116648,UNITDSPR27OCT261440CE,UNITDSPR,27OCT2026,144000.000000,400,OPTSTK,NFO,5.000000,16001,False
116651,UNITDSPR27OCT261480CE,UNITDSPR,27OCT2026,148000.000000,400,OPTSTK,NFO,5.000000,16001,False
65436,NIFTYNXT5023NOV2665900CE,NIFTYNXT50,23NOV2026,6590000.000000,25,OPTIDX,NFO,5.000000,601,False
65437,NIFTYNXT5023NOV2665900PE,NIFTYNXT50,23NOV2026,6590000.000000,25,OPTIDX,NFO,5.000000,601,False
65438,NIFTYNXT5023NOV2666000CE,NIFTYNXT50,23NOV2026,6600000.000000,25,OPTIDX,NFO,5.000000,601,False
65449,NIFTYNXT5023NOV2666500PE,NIFTYNXT50,23NOV2026,6650000.000000,25,OPTIDX,NFO,5.000000,601,False
116720,UNOMINDA29SEP261100CE,UNOMINDA,29SEP2026,110000.000000,550,OPTSTK,NFO,5.000000,22001,False
116723,UNOMINDA29SEP261140PE,UNOMINDA,29SEP2026,114000.000000,550,OPTSTK,NFO,5.000000,22001,False
116725,UNOMINDA29SEP261180PE,UNOMINDA,29SEP2026,118000.000000,550,OPTSTK,NFO,5.000000,22001,False
116734,UNOMINDA29SEP261340CE,UNOMINDA,29SEP2026,134000.000000,550,OPTSTK,NFO,5.000000,22001,False
65455,NIFTYNXT5023NOV2666800PE,NIFTYNXT50,23NOV2026,6680000.000000,25,OPTIDX,NFO,5.000000,601,False
65477,NIFTYNXT5023NOV2667300PE,NIFTYNXT50,23NOV2026,6730000.000000,25,OPTIDX,NFO,5.000000,601,False
65482,NIFTYNXT5023NOV2667600CE,NIFTYNXT50,23NOV2026,6760000.000000,25,OPTIDX,NFO,5.000000,601,False
65488,NIFTYNXT5023NOV2667900CE,NIFTYNXT50,23NOV2026,6790000.000000,25,OPTIDX,NFO,5.000000,601,False
116785,UNOMINDA27OCT261080CE,UNOMINDA,27OCT2026,108000.000000,550,OPTSTK,NFO,5.000000,22001,False
116885,UPL29SEP26530CE,UPL,29SEP2026,53000.000000,1355,OPTSTK,NFO,5.000000,40651,False
116890,MARUTI27OCT2611300CE,MARUTI,27OCT2026,1130000.000000,50,OPTSTK,NFO,5.000000,2001,False
116913,IOC29SEP26120PE,IOC,29SEP2026,12000.000000,4875,OPTSTK,NFO,1.000000,195001,False
65496,NIFTYNXT5023NOV2668300CE,NIFTYNXT50,23NOV2026,6830000.000000,25,OPTIDX,NFO,5.000000,601,False
65498,NIFTYNXT5023NOV2668400CE,NIFTYNXT50,23NOV2026,6840000.000000,25,OPTIDX,NFO,5.000000,601,False
65522,NIFTYNXT5023NOV2668800CE,NIFTYNXT50,23NOV2026,6880000.000000,25,OPTIDX,NFO,5.000000,601,False
65529,NIFTYNXT5023NOV2669100PE,NIFTYNXT50,23NOV2026,6910000.000000,25,OPTIDX,NFO,5.000000,601,False
116962,MARUTI27OCT2611900CE,MARUTI,27OCT2026,1190000.000000,50,OPTSTK,NFO,5.000000,2001,False
116966,MARUTI27OCT2612100PE,MARUTI,27OCT2026,1210000.000000,50,OPTSTK,NFO,5.000000,2001,False
116968,MARUTI27OCT2612300PE,MARUTI,27OCT2026,1230000.000000,50,OPTSTK,NFO,5.000000,2001,False
116990,MARUTI27OCT2613500CE,MARUTI,27OCT2026,1350000.000000,50,OPTSTK,NFO,5.000000,2001,False
65553,NIFTYNXT5023NOV2670300PE,NIFTYNXT50,23NOV2026,7030000.000000,25,OPTIDX,NFO,5.000000,601,False
65566,NIFTYNXT5023NOV2671000CE,NIFTYNXT50,23NOV2026,7100000.000000,25,OPTIDX,NFO,5.000000,601,False
65572,NIFTYNXT5023NOV2671200CE,NIFTYNXT50,23NOV2026,7120000.000000,25,OPTIDX,NFO,5.000000,601,False
65573,NIFTYNXT5023NOV2671200PE,NIFTYNXT50,23NOV2026,7120000.000000,25,OPTIDX,NFO,5.000000,601,False
116991,MARUTI27OCT2613500PE,MARUTI,27OCT2026,1350000.000000,50,OPTSTK,NFO,5.000000,2001,False
116993,MARUTI27OCT2613700PE,MARUTI,27OCT2026,1370000.000000,50,OPTSTK,NFO,5.000000,2001,False
116996,MARUTI27OCT2614100CE,MARUTI,27OCT2026,1410000.000000,50,OPTSTK,NFO,5.000000,2001,False
117001,MARUTI27OCT2614300PE,MARUTI,27OCT2026,1430000.000000,50,OPTSTK,NFO,5.000000,2001,False
65597,COALINDIA29SEP26355PE,COALINDIA,29SEP2026,35500.000000,1350,OPTSTK,NFO,5.000000,54001,False
65601,COALINDIA29SEP26375PE,COALINDIA,29SEP2026,37500.000000,1350,OPTSTK,NFO,5.000000,54001,False
65616,COALINDIA29SEP26405CE,COALINDIA,29SEP2026,40500.000000,1350,OPTSTK,NFO,5.000000,54001,False
65680,NIFTYNXT5023NOV2672300CE,NIFTYNXT50,23NOV2026,7230000.000000,25,OPTIDX,NFO,5.000000,601,False
117048,UPL27OCT26660CE,UPL,27OCT2026,66000.000000,1355,OPTSTK,NFO,5.000000,40651,False
117195,IREDA29SEP2690CE,IREDA,29SEP2026,9000.000000,4525,OPTSTK,NFO,1.000000,181001,False
117210,IREDA29SEP26125PE,IREDA,29SEP2026,12500.000000,4525,OPTSTK,NFO,1.000000,181001,False
117213,IREDA29SEP26135CE,IREDA,29SEP2026,13500.000000,4525,OPTSTK,NFO,1.000000,181001,False
65681,NIFTYNXT5023NOV2672300PE,NIFTYNXT50,23NOV2026,7230000.000000,25,OPTIDX,NFO,5.000000,601,False
65711,NIFTYNXT5023NOV2673400CE,NIFTYNXT50,23NOV2026,7340000.000000,25,OPTIDX,NFO,5.000000,601,False
65729,NIFTYNXT5023NOV2673600PE,NIFTYNXT50,23NOV2026,7360000.000000,25,OPTIDX,NFO,5.000000,601,False
65732,NIFTYNXT5023NOV2673700PE,NIFTYNXT50,23NOV2026,7370000.000000,25,OPTIDX,NFO,5.000000,601,False
117316,VBL29SEP26350CE,VBL,29SEP2026,35000.000000,1275,OPTSTK,NFO,5.000000,51001,False
117319,MARUTI23NOV2613000CE,MARUTI,23NOV2026,1300000.000000,50,OPTSTK,NFO,5.000000,2001,False
117328,VBL29SEP26390PE,VBL,29SEP2026,39000.000000,1275,OPTSTK,NFO,5.000000,51001,False
117339,MARUTI23NOV2614000PE,MARUTI,23NOV2026,1400000.000000,50,OPTSTK,NFO,5.000000,2001,False
65755,NIFTYNXT5023NOV2674700PE,NIFTYNXT50,23NOV2026,7470000.000000,25,OPTIDX,NFO,5.000000,601,False
65764,NIFTYNXT5023NOV2675200CE,NIFTYNXT50,23NOV2026,7520000.000000,25,OPTIDX,NFO,5.000000,601,False
65767,NIFTYNXT5023NOV2675300PE,NIFTYNXT50,23NOV2026,7530000.000000,25,OPTIDX,NFO,5.000000,601,False
65808,NIFTYNXT5023NOV2675600CE,NIFTYNXT50,23NOV2026,7560000.000000,25,OPTIDX,NFO,5.000000,601,False
117434,IRFC29SEP2668PE,IRFC,29SEP2026,6800.000000,5425,OPTSTK,NFO,1.000000,271251,False
117435,IRFC29SEP2670CE,IRFC,29SEP2026,7000.000000,5425,OPTSTK,NFO,1.000000,271251,False
117448,VBL27OCT26320PE,VBL,27OCT2026,32000.000000,1275,OPTSTK,NFO,5.000000,51001,False
117458,VBL27OCT26420PE,VBL,27OCT2026,42000.000000,1275,OPTSTK,NFO,5.000000,51001,False
65809,NIFTYNXT5023NOV2675600PE,NIFTYNXT50,23NOV2026,7560000.000000,25,OPTIDX,NFO,5.000000,601,False
65824,NIFTYNXT5023NOV2676400CE,NIFTYNXT50,23NOV2026,7640000.000000,25,OPTIDX,NFO,5.000000,601,False
65829,NIFTYNXT5023NOV2676600PE,NIFTYNXT50,23NOV2026,7660000.000000,25,OPTIDX,NFO,5.000000,601,False
65844,NIFTYNXT5023NOV2677400CE,NIFTYNXT50,23NOV2026,7740000.000000,25,OPTIDX,NFO,5.000000,601,False
117464,IRFC29SEP2676PE,IRFC,29SEP2026,7600.000000,5425,OPTSTK,NFO,1.000000,271251,False
117465,IRFC29SEP2678CE,IRFC,29SEP2026,7800.000000,5425,OPTSTK,NFO,1.000000,271251,False
117473,IRFC29SEP2678PE,IRFC,29SEP2026,7800.000000,5425,OPTSTK,NFO,1.000000,271251,False
117654,MAXHEALTH27OCT26950PE,MAXHEALTH,27OCT2026,95000.000000,525,OPTSTK,NFO,5.000000,21001,False
65851,NIFTYNXT5023NOV2677600PE,NIFTYNXT50,23NOV2026,7760000.000000,25,OPTIDX,NFO,5.000000,601,False
65852,NIFTYNXT5023NOV2677700CE,NIFTYNXT50,23NOV2026,7770000.000000,25,OPTIDX,NFO,5.000000,601,False
65881,NIFTY29SEP2615000CE,NIFTY,29SEP2026,1500000.000000,65,OPTIDX,NFO,5.000000,1801,False
65949,COALINDIA27OCT26440PE,COALINDIA,27OCT2026,44000.000000,1350,OPTSTK,NFO,5.000000,54001,False
117710,VEDL27OCT26220CE,VEDL,27OCT2026,22000.000000,1150,OPTSTK,NFO,5.000000,80501,False
117711,VEDL27OCT26220PE,VEDL,27OCT2026,22000.000000,1150,OPTSTK,NFO,5.000000,80501,False
117718,VEDL27OCT26230CE,VEDL,27OCT2026,23000.000000,1150,OPTSTK,NFO,5.000000,80501,False
117719,VEDL27OCT26230PE,VEDL,27OCT2026,23000.000000,1150,OPTSTK,NFO,5.000000,80501,False
65951,COALINDIA27OCT26450PE,COALINDIA,27OCT2026,45000.000000,1350,OPTSTK,NFO,5.000000,54001,False
65955,COALINDIA27OCT26470PE,COALINDIA,27OCT2026,47000.000000,1350,OPTSTK,NFO,5.000000,54001,False
66128,NIFTYNXT5023NOV2684500CE,NIFTYNXT50,23NOV2026,8450000.000000,25,OPTIDX,NFO,5.000000,601,False
66195,COCHINSHIP29SEP261460PE,COCHINSHIP,29SEP2026,146000.000000,400,OPTSTK,NFO,5.000000,16001,False
117722,IRFC29SEP26104CE,IRFC,29SEP2026,10400.000000,5425,OPTSTK,NFO,1.000000,271251,False
117735,VEDL27OCT26260PE,VEDL,27OCT2026,26000.000000,1150,OPTSTK,NFO,5.000000,80501,False
117772,VMM29SEP2697.5CE,VMM,29SEP2026,9750.000000,4850,OPTSTK,NFO,1.000000,194001,False
117809,VMM27OCT2680PE,VMM,27OCT2026,8000.000000,4850,OPTSTK,NFO,1.000000,194001,False
66202,COCHINSHIP29SEP261500CE,COCHINSHIP,29SEP2026,150000.000000,400,OPTSTK,NFO,5.000000,16001,False
66205,COCHINSHIP29SEP261540PE,COCHINSHIP,29SEP2026,154000.000000,400,OPTSTK,NFO,5.000000,16001,False
66295,COCHINSHIP27OCT261200PE,COCHINSHIP,27OCT2026,120000.000000,400,OPTSTK,NFO,5.000000,16001,False
66322,COCHINSHIP27OCT261560PE,COCHINSHIP,27OCT2026,156000.000000,400,OPTSTK,NFO,5.000000,16001,False
117821,VMM27OCT26110PE,VMM,27OCT2026,11000.000000,4850,OPTSTK,NFO,1.000000,194001,False
117824,VMM27OCT26115CE,VMM,27OCT2026,11500.000000,4850,OPTSTK,NFO,1.000000,194001,False
117908,VOLTAS29SEP261020CE,VOLTAS,29SEP2026,102000.000000,375,OPTSTK,NFO,5.000000,18751,False
118026,MAXHEALTH27OCT261130CE,MAXHEALTH,27OCT2026,113000.000000,525,OPTSTK,NFO,5.000000,21001,False
66323,COCHINSHIP27OCT261600CE,COCHINSHIP,27OCT2026,160000.000000,400,OPTSTK,NFO,5.000000,16001,False
66389,360ONE27OCT261060PE,360ONE,27OCT2026,106000.000000,500,OPTSTK,NFO,5.000000,20001,False
66401,360ONE27OCT261100PE,360ONE,27OCT2026,110000.000000,500,OPTSTK,NFO,5.000000,20001,False
66423,COFORGE29SEP261860CE,COFORGE,29SEP2026,186000.000000,475,OPTSTK,NFO,5.000000,14251,False
118035,ITC29SEP26240PE,ITC,29SEP2026,24000.000000,1725,OPTSTK,NFO,5.000000,86251,False
118061,ITC29SEP26255PE,ITC,29SEP2026,25500.000000,1725,OPTSTK,NFO,5.000000,86251,False
118063,ITC29SEP26260PE,ITC,29SEP2026,26000.000000,1725,OPTSTK,NFO,5.000000,86251,False
118065,ITC29SEP26265PE,ITC,29SEP2026,26500.000000,1725,OPTSTK,NFO,5.000000,86251,False
66425,COFORGE29SEP261900CE,COFORGE,29SEP2026,190000.000000,475,OPTSTK,NFO,5.000000,14251,False
66440,COFORGE29SEP262200PE,COFORGE,29SEP2026,220000.000000,475,OPTSTK,NFO,5.000000,14251,False
66451,360ONE27OCT261260CE,360ONE,27OCT2026,126000.000000,500,OPTSTK,NFO,5.000000,20001,False
66452,360ONE27OCT261260PE,360ONE,27OCT2026,126000.000000,500,OPTSTK,NFO,5.000000,20001,False
118083,VOLTAS29SEP261300CE,VOLTAS,29SEP2026,130000.000000,375,OPTSTK,NFO,5.000000,18751,False
118069,ITC29SEP26275PE,ITC,29SEP2026,27500.000000,1725,OPTSTK,NFO,5.000000,86251,False
118071,ITC29SEP26280PE,ITC,29SEP2026,28000.000000,1725,OPTSTK,NFO,5.000000,86251,False
118076,ITC29SEP26295CE,ITC,29SEP2026,29500.000000,1725,OPTSTK,NFO,5.000000,86251,False
66496,COFORGE27OCT261680PE,COFORGE,27OCT2026,168000.000000,475,OPTSTK,NFO,5.000000,14251,False
66519,360ONE23NOV261000CE,360ONE,23NOV2026,100000.000000,500,OPTSTK,NFO,5.000000,20001,False
66538,360ONE23NOV261240CE,360ONE,23NOV2026,124000.000000,500,OPTSTK,NFO,5.000000,20001,False
66541,360ONE23NOV261280PE,360ONE,23NOV2026,128000.000000,500,OPTSTK,NFO,5.000000,20001,False
118087,VOLTAS29SEP261380CE,VOLTAS,29SEP2026,138000.000000,375,OPTSTK,NFO,5.000000,18751,False
118089,VOLTAS29SEP261420CE,VOLTAS,29SEP2026,142000.000000,375,OPTSTK,NFO,5.000000,18751,False
118144,MAXHEALTH23NOV26840PE,MAXHEALTH,23NOV2026,84000.000000,525,OPTSTK,NFO,5.000000,21001,False
118158,MAXHEALTH23NOV26940PE,MAXHEALTH,23NOV2026,94000.000000,525,OPTSTK,NFO,5.000000,21001,False
66543,360ONE23NOV261320PE,360ONE,23NOV2026,132000.000000,500,OPTSTK,NFO,5.000000,20001,False
66545,360ONE23NOV261360PE,360ONE,23NOV2026,136000.000000,500,OPTSTK,NFO,5.000000,20001,False
66581,COFORGE27OCT262160CE,COFORGE,27OCT2026,216000.000000,475,OPTSTK,NFO,5.000000,14251,False
66610,COLPAL29SEP261660PE,COLPAL,29SEP2026,166000.000000,275,OPTSTK,NFO,5.000000,11001,False
118166,MAXHEALTH23NOV26960CE,MAXHEALTH,23NOV2026,96000.000000,525,OPTSTK,NFO,5.000000,21001,False
118168,VOLTAS27OCT261120PE,VOLTAS,27OCT2026,112000.000000,375,OPTSTK,NFO,5.000000,18751,False
118169,VOLTAS27OCT261160CE,VOLTAS,27OCT2026,116000.000000,375,OPTSTK,NFO,5.000000,18751,False
118170,MAXHEALTH23NOV26980CE,MAXHEALTH,23NOV2026,98000.000000,525,OPTSTK,NFO,5.000000,21001,False
66619,COLPAL29SEP261820CE,COLPAL,29SEP2026,182000.000000,275,OPTSTK,NFO,5.000000,11001,False
66631,COLPAL29SEP262060CE,COLPAL,29SEP2026,206000.000000,275,OPTSTK,NFO,5.000000,11001,False
66683,ABB27OCT267100CE,ABB,27OCT2026,710000.000000,125,OPTSTK,NFO,5.000000,3751,False
66685,ABB27OCT267300CE,ABB,27OCT2026,730000.000000,125,OPTSTK,NFO,5.000000,3751,False
118176,VOLTAS27OCT261240PE,VOLTAS,27OCT2026,124000.000000,375,OPTSTK,NFO,5.000000,18751,False
118177,VOLTAS27OCT261280CE,VOLTAS,27OCT2026,128000.000000,375,OPTSTK,NFO,5.000000,18751,False
118182,VOLTAS27OCT261360PE,VOLTAS,27OCT2026,136000.000000,375,OPTSTK,NFO,5.000000,18751,False
118191,MAXHEALTH23NOV261000PE,MAXHEALTH,23NOV2026,100000.000000,525,OPTSTK,NFO,5.000000,21001,False
66782,COLPAL27OCT261760CE,COLPAL,27OCT2026,176000.000000,275,OPTSTK,NFO,5.000000,11001,False
66814,ABB23NOV267200CE,ABB,23NOV2026,720000.000000,125,OPTSTK,NFO,5.000000,3751,False
66831,ABB23NOV267400PE,ABB,23NOV2026,740000.000000,125,OPTSTK,NFO,5.000000,3751,False
66861,COLPAL27OCT261960CE,COLPAL,27OCT2026,196000.000000,275,OPTSTK,NFO,5.000000,11001,False
118267,ITC29SEP26330CE,ITC,29SEP2026,33000.000000,1725,OPTSTK,NFO,5.000000,86251,False
118299,MAZDOCK27OCT262250PE,MAZDOCK,27OCT2026,225000.000000,225,OPTSTK,NFO,5.000000,9001,False
118304,MAZDOCK27OCT262550CE,MAZDOCK,27OCT2026,255000.000000,225,OPTSTK,NFO,5.000000,9001,False
118323,MAZDOCK27OCT262650CE,MAZDOCK,27OCT2026,265000.000000,225,OPTSTK,NFO,5.000000,9001,False
66977,CONCOR29SEP26465CE,CONCOR,29SEP2026,46500.000000,1250,OPTSTK,NFO,5.000000,50001,False
66863,COLPAL27OCT262000CE,COLPAL,27OCT2026,200000.000000,275,OPTSTK,NFO,5.000000,11001,False
66869,COLPAL27OCT262120CE,COLPAL,27OCT2026,212000.000000,275,OPTSTK,NFO,5.000000,11001,False
66870,ABB23NOV268000CE,ABB,23NOV2026,800000.000000,125,OPTSTK,NFO,5.000000,3751,False
118344,JINDALSTEL29SEP261040PE,JINDALSTEL,29SEP2026,104000.000000,625,OPTSTK,NFO,5.000000,18751,False
118347,JINDALSTEL29SEP261120CE,JINDALSTEL,29SEP2026,112000.000000,625,OPTSTK,NFO,5.000000,18751,False
118348,JINDALSTEL29SEP261120PE,JINDALSTEL,29SEP2026,112000.000000,625,OPTSTK,NFO,5.000000,18751,False
118350,JINDALSTEL29SEP261160PE,JINDALSTEL,29SEP2026,116000.000000,625,OPTSTK,NFO,5.000000,18751,False
66989,CONCOR29SEP26475PE,CONCOR,29SEP2026,47500.000000,1250,OPTSTK,NFO,5.000000,50001,False
67068,CONCOR29SEP26535CE,CONCOR,29SEP2026,53500.000000,1250,OPTSTK,NFO,5.000000,50001,False
67085,CONCOR29SEP26585PE,CONCOR,29SEP2026,58500.000000,1250,OPTSTK,NFO,5.000000,50001,False
67131,ABCAPITAL27OCT26435PE,ABCAPITAL,27OCT2026,43500.000000,3100,OPTSTK,NFO,5.000000,62001,False
118384,WAAREEENER29SEP262650PE,WAAREEENER,29SEP2026,265000.000000,175,OPTSTK,NFO,5.000000,8751,False
118390,WAAREEENER29SEP262950PE,WAAREEENER,29SEP2026,295000.000000,175,OPTSTK,NFO,5.000000,8751,False
118396,MAZDOCK27OCT262650PE,MAZDOCK,27OCT2026,265000.000000,225,OPTSTK,NFO,5.000000,9001,False
118404,MAZDOCK27OCT262750PE,MAZDOCK,27OCT2026,275000.000000,225,OPTSTK,NFO,5.000000,9001,False
67181,ABCAPITAL23NOV26360CE,ABCAPITAL,23NOV2026,36000.000000,3100,OPTSTK,NFO,5.000000,62001,False
67188,ABCAPITAL23NOV26380CE,ABCAPITAL,23NOV2026,38000.000000,3100,OPTSTK,NFO,5.000000,62001,False
67197,ABCAPITAL23NOV26420CE,ABCAPITAL,23NOV2026,42000.000000,3100,OPTSTK,NFO,5.000000,62001,False
67214,CONCOR27OCT26430PE,CONCOR,27OCT2026,43000.000000,1250,OPTSTK,NFO,5.000000,50001,False
118444,WAAREEENER27OCT262300PE,WAAREEENER,27OCT2026,230000.000000,175,OPTSTK,NFO,5.000000,8751,False
118454,WAAREEENER27OCT262800PE,WAAREEENER,27OCT2026,280000.000000,175,OPTSTK,NFO,5.000000,8751,False
118541,MAZDOCK23NOV262000CE,MAZDOCK,23NOV2026,200000.000000,225,OPTSTK,NFO,5.000000,9001,False
118544,MAZDOCK23NOV262100PE,MAZDOCK,23NOV2026,210000.000000,225,OPTSTK,NFO,5.000000,9001,False
67274,CONCOR27OCT26520CE,CONCOR,27OCT2026,52000.000000,1250,OPTSTK,NFO,5.000000,50001,False
67342,ADANIENSOL27OCT261420PE,ADANIENSOL,27OCT2026,142000.000000,675,OPTSTK,NFO,5.000000,13501,False
67344,ADANIENSOL27OCT261460PE,ADANIENSOL,27OCT2026,146000.000000,675,OPTSTK,NFO,5.000000,13501,False
67463,ADANIENSOL23NOV261320CE,ADANIENSOL,23NOV2026,132000.000000,675,OPTSTK,NFO,5.000000,13501,False
118551,MAZDOCK23NOV262400PE,MAZDOCK,23NOV2026,240000.000000,225,OPTSTK,NFO,5.000000,9001,False
118568,MAZDOCK23NOV262900CE,MAZDOCK,23NOV2026,290000.000000,225,OPTSTK,NFO,5.000000,9001,False
118620,MCX27OCT263050CE,MCX,27OCT2026,305000.000000,225,OPTSTK,NFO,5.000000,6751,False
118622,MCX27OCT263150CE,MCX,27OCT2026,315000.000000,225,OPTSTK,NFO,5.000000,6751,False
67468,ADANIENSOL23NOV261400PE,ADANIENSOL,23NOV2026,140000.000000,675,OPTSTK,NFO,5.000000,13501,False
67502,ADANIENSOL23NOV261760CE,ADANIENSOL,23NOV2026,176000.000000,675,OPTSTK,NFO,5.000000,13501,False
67536,CROMPTON27OCT26250PE,CROMPTON,27OCT2026,25000.000000,2150,OPTSTK,NFO,1.000000,86001,False
67587,CUMMINSIND29SEP264500PE,CUMMINSIND,29SEP2026,450000.000000,200,OPTSTK,NFO,5.000000,4001,False
118708,WIPRO27OCT26145PE,WIPRO,27OCT2026,14500.000000,3000,OPTSTK,NFO,1.000000,120001,False
118717,WIPRO27OCT26165CE,WIPRO,27OCT2026,16500.000000,3000,OPTSTK,NFO,1.000000,120001,False
118724,WIPRO27OCT26175PE,WIPRO,27OCT2026,17500.000000,3000,OPTSTK,NFO,1.000000,120001,False
118729,WIPRO27OCT26185CE,WIPRO,27OCT2026,18500.000000,3000,OPTSTK,NFO,1.000000,120001,False
67589,CUMMINSIND29SEP264700PE,CUMMINSIND,29SEP2026,470000.000000,200,OPTSTK,NFO,5.000000,4001,False
67606,CUMMINSIND29SEP265700CE,CUMMINSIND,29SEP2026,570000.000000,200,OPTSTK,NFO,5.000000,4001,False
67640,CUMMINSIND27OCT264200CE,CUMMINSIND,27OCT2026,420000.000000,200,OPTSTK,NFO,5.000000,4001,False
67655,CUMMINSIND27OCT265200PE,CUMMINSIND,27OCT2026,520000.000000,200,OPTSTK,NFO,5.000000,4001,False
118733,WIPRO27OCT26195CE,WIPRO,27OCT2026,19500.000000,3000,OPTSTK,NFO,1.000000,120001,False
118734,WIPRO27OCT26195PE,WIPRO,27OCT2026,19500.000000,3000,OPTSTK,NFO,1.000000,120001,False
118765,YESBANK29SEP2619CE,YESBANK,29SEP2026,1900.000000,31100,OPTSTK,NFO,1.000000,933001,False
118784,MCX23NOV262900PE,MCX,23NOV2026,290000.000000,225,OPTSTK,NFO,5.000000,6751,False
67657,CUMMINSIND27OCT265400PE,CUMMINSIND,27OCT2026,540000.000000,200,OPTSTK,NFO,5.000000,4001,False
67660,CUMMINSIND27OCT265800CE,CUMMINSIND,27OCT2026,580000.000000,200,OPTSTK,NFO,5.000000,4001,False
67703,DABUR29SEP26375PE,DABUR,29SEP2026,37500.000000,1250,OPTSTK,NFO,5.000000,50001,False
67704,DABUR29SEP26385CE,DABUR,29SEP2026,38500.000000,1250,OPTSTK,NFO,5.000000,50001,False
118790,MCX23NOV263200PE,MCX,23NOV2026,320000.000000,225,OPTSTK,NFO,5.000000,6751,False
118816,MCX23NOV263700CE,MCX,23NOV2026,370000.000000,225,OPTSTK,NFO,5.000000,6751,False
118826,YESBANK27OCT2622CE,YESBANK,27OCT2026,2200.000000,31100,OPTSTK,NFO,1.000000,933001,False
118864,MFSL27OCT261340PE,MFSL,27OCT2026,134000.000000,400,OPTSTK,NFO,5.000000,16001,False
67706,DABUR29SEP26395CE,DABUR,29SEP2026,39500.000000,1250,OPTSTK,NFO,5.000000,50001,False
67709,DABUR29SEP26405PE,DABUR,29SEP2026,40500.000000,1250,OPTSTK,NFO,5.000000,50001,False
67721,DABUR29SEP26455PE,DABUR,29SEP2026,45500.000000,1250,OPTSTK,NFO,5.000000,50001,False
67756,ADANIENT27OCT263050PE,ADANIENT,27OCT2026,305000.000000,309,OPTSTK,NFO,5.000000,9271,False
118883,JIOFIN29SEP26275PE,JIOFIN,29SEP2026,27500.000000,2350,OPTSTK,NFO,1.000000,94001,False
118941,ZYDUSLIFE29SEP261010CE,ZYDUSLIFE,29SEP2026,101000.000000,900,OPTSTK,NFO,5.000000,27001,False
118967,ZYDUSLIFE29SEP261150PE,ZYDUSLIFE,29SEP2026,115000.000000,900,OPTSTK,NFO,5.000000,27001,False
118970,ZYDUSLIFE29SEP261190CE,ZYDUSLIFE,29SEP2026,119000.000000,900,OPTSTK,NFO,5.000000,27001,False
67772,ADANIENT27OCT263450PE,ADANIENT,27OCT2026,345000.000000,309,OPTSTK,NFO,5.000000,9271,False
67775,NIFTY26DEC2820000PE,NIFTY,26DEC2028,2000000.000000,65,OPTIDX,NFO,5.000000,1801,False
67788,NIFTY26DEC2827000CE,NIFTY,26DEC2028,2700000.000000,65,OPTIDX,NFO,5.000000,1801,False
67792,DABUR27OCT26310PE,DABUR,27OCT2026,31000.000000,1250,OPTSTK,NFO,5.000000,50001,False
118974,ZYDUSLIFE29SEP261210CE,ZYDUSLIFE,29SEP2026,121000.000000,900,OPTSTK,NFO,5.000000,27001,False
118978,ZYDUSLIFE29SEP261230PE,ZYDUSLIFE,29SEP2026,123000.000000,900,OPTSTK,NFO,5.000000,27001,False
118987,ZYDUSLIFE29SEP261290PE,ZYDUSLIFE,29SEP2026,129000.000000,900,OPTSTK,NFO,5.000000,27001,False
119001,MFSL27OCT261500CE,MFSL,27OCT2026,150000.000000,400,OPTSTK,NFO,5.000000,16001,False
67793,DABUR27OCT26320CE,DABUR,27OCT2026,32000.000000,1250,OPTSTK,NFO,5.000000,50001,False
67845,DABUR27OCT26450PE,DABUR,27OCT2026,45000.000000,1250,OPTSTK,NFO,5.000000,50001,False
67964,ADANIGREEN27OCT261140CE,ADANIGREEN,27OCT2026,114000.000000,600,OPTSTK,NFO,5.000000,18001,False
67974,ADANIGREEN27OCT261300CE,ADANIGREEN,27OCT2026,130000.000000,600,OPTSTK,NFO,5.000000,18001,False
119014,JSWENERGY29SEP26440PE,JSWENERGY,29SEP2026,44000.000000,1075,OPTSTK,NFO,5.000000,43001,False
119031,JSWENERGY29SEP26620CE,JSWENERGY,29SEP2026,62000.000000,1075,OPTSTK,NFO,5.000000,43001,False
119094,ZYDUSLIFE27OCT261080PE,ZYDUSLIFE,27OCT2026,108000.000000,900,OPTSTK,NFO,5.000000,27001,False
119033,JSWENERGY29SEP26640CE,JSWENERGY,29SEP2026,64000.000000,1075,OPTSTK,NFO,5.000000,43001,False
67976,ADANIGREEN27OCT261340CE,ADANIGREEN,27OCT2026,134000.000000,600,OPTSTK,NFO,5.000000,18001,False
68043,DELHIVERY29SEP26435PE,DELHIVERY,29SEP2026,43500.000000,2075,OPTSTK,NFO,5.000000,62251,False
68045,DELHIVERY29SEP26445PE,DELHIVERY,29SEP2026,44500.000000,2075,OPTSTK,NFO,5.000000,62251,False
68048,DELHIVERY29SEP26455CE,DELHIVERY,29SEP2026,45500.000000,2075,OPTSTK,NFO,5.000000,62251,False
119095,ZYDUSLIFE27OCT261100CE,ZYDUSLIFE,27OCT2026,110000.000000,900,OPTSTK,NFO,5.000000,27001,False
119096,ZYDUSLIFE27OCT261100PE,ZYDUSLIFE,27OCT2026,110000.000000,900,OPTSTK,NFO,5.000000,27001,False
119097,ZYDUSLIFE27OCT261120CE,ZYDUSLIFE,27OCT2026,112000.000000,900,OPTSTK,NFO,5.000000,27001,False
119109,MFSL27OCT261740PE,MFSL,27OCT2026,174000.000000,400,OPTSTK,NFO,5.000000,16001,False
68051,DELHIVERY29SEP26465PE,DELHIVERY,29SEP2026,46500.000000,2075,OPTSTK,NFO,5.000000,62251,False
68054,DELHIVERY29SEP26485CE,DELHIVERY,29SEP2026,48500.000000,2075,OPTSTK,NFO,5.000000,62251,False
68056,DELHIVERY29SEP26495CE,DELHIVERY,29SEP2026,49500.000000,2075,OPTSTK,NFO,5.000000,62251,False
68059,DELHIVERY29SEP26505PE,DELHIVERY,29SEP2026,50500.000000,2075,OPTSTK,NFO,5.000000,62251,False
119134,ZYDUSLIFE27OCT261240CE,ZYDUSLIFE,27OCT2026,124000.000000,900,OPTSTK,NFO,5.000000,27001,False
119135,ZYDUSLIFE27OCT261240PE,ZYDUSLIFE,27OCT2026,124000.000000,900,OPTSTK,NFO,5.000000,27001,False
119142,ZYDUSLIFE27OCT261280CE,ZYDUSLIFE,27OCT2026,128000.000000,900,OPTSTK,NFO,5.000000,27001,False
119146,ZYDUSLIFE27OCT261300CE,ZYDUSLIFE,27OCT2026,130000.000000,900,OPTSTK,NFO,5.000000,27001,False
68060,DELHIVERY29SEP26515CE,DELHIVERY,29SEP2026,51500.000000,2075,OPTSTK,NFO,5.000000,62251,False
68100,ADANIGREEN23NOV261280PE,ADANIGREEN,23NOV2026,128000.000000,600,OPTSTK,NFO,5.000000,18001,False
68131,DELHIVERY27OCT26390CE,DELHIVERY,27OCT2026,39000.000000,2075,OPTSTK,NFO,5.000000,62251,False
68135,ADANIGREEN23NOV261480CE,ADANIGREEN,23NOV2026,148000.000000,600,OPTSTK,NFO,5.000000,18001,False
119209,MFSL23NOV261200CE,MFSL,23NOV2026,120000.000000,400,OPTSTK,NFO,5.000000,16001,False
119220,ZYDUSLIFE27OCT261360PE,ZYDUSLIFE,27OCT2026,136000.000000,900,OPTSTK,NFO,5.000000,27001,False
119277,JSWSTEEL29SEP261120PE,JSWSTEEL,29SEP2026,112000.000000,675,OPTSTK,NFO,5.000000,20251,False
119283,JSWSTEEL29SEP261240PE,JSWSTEEL,29SEP2026,124000.000000,675,OPTSTK,NFO,5.000000,20251,False
68154,DELHIVERY27OCT26460PE,DELHIVERY,27OCT2026,46000.000000,2075,OPTSTK,NFO,5.000000,62251,False
68224,ADANIPORTS27OCT261380PE,ADANIPORTS,27OCT2026,138000.000000,475,OPTSTK,NFO,5.000000,14251,False
68234,ADANIPORTS27OCT261500PE,ADANIPORTS,27OCT2026,150000.000000,475,OPTSTK,NFO,5.000000,14251,False
68265,ADANIPORTS27OCT261740CE,ADANIPORTS,27OCT2026,174000.000000,475,OPTSTK,NFO,5.000000,14251,False
119419,JUBLFOOD29SEP26460CE,JUBLFOOD,29SEP2026,46000.000000,1250,OPTSTK,NFO,5.000000,50001,False
119544,MOTHERSON23NOV26165PE,MOTHERSON,23NOV2026,16500.000000,6150,OPTSTK,NFO,1.000000,184501,False
119547,MOTHERSON23NOV26175CE,MOTHERSON,23NOV2026,17500.000000,6150,OPTSTK,NFO,1.000000,184501,False
119551,MOTHERSON23NOV26185CE,MOTHERSON,23NOV2026,18500.000000,6150,OPTSTK,NFO,1.000000,184501,False
68271,ADANIPORTS27OCT261780CE,ADANIPORTS,27OCT2026,178000.000000,475,OPTSTK,NFO,5.000000,14251,False
68274,ADANIPORTS27OCT261820PE,ADANIPORTS,27OCT2026,182000.000000,475,OPTSTK,NFO,5.000000,14251,False
68362,DIVISLAB29SEP267500CE,DIVISLAB,29SEP2026,750000.000000,100,OPTSTK,NFO,5.000000,3001,False
68395,DIVISLAB29SEP269500CE,DIVISLAB,29SEP2026,950000.000000,100,OPTSTK,NFO,5.000000,3001,False
119581,MOTILALOFS27OCT261020CE,MOTILALOFS,27OCT2026,102000.000000,775,OPTSTK,NFO,5.000000,23251,False
119598,MOTILALOFS27OCT261060CE,MOTILALOFS,27OCT2026,106000.000000,775,OPTSTK,NFO,5.000000,23251,False
119633,MOTILALOFS23NOV26880CE,MOTILALOFS,23NOV2026,88000.000000,775,OPTSTK,NFO,5.000000,23251,False
119647,MOTILALOFS23NOV261120CE,MOTILALOFS,23NOV2026,112000.000000,775,OPTSTK,NFO,5.000000,23251,False
68396,DIVISLAB29SEP269500PE,DIVISLAB,29SEP2026,950000.000000,100,OPTSTK,NFO,5.000000,3001,False
68398,DIVISLAB29SEP269800PE,DIVISLAB,29SEP2026,980000.000000,100,OPTSTK,NFO,5.000000,3001,False
68402,DIVISLAB29SEP2610400PE,DIVISLAB,29SEP2026,1040000.000000,100,OPTSTK,NFO,5.000000,3001,False
119649,MOTILALOFS23NOV261160CE,MOTILALOFS,23NOV2026,116000.000000,775,OPTSTK,NFO,5.000000,23251,False
119683,MPHASIS27OCT262150PE,MPHASIS,27OCT2026,215000.000000,275,OPTSTK,NFO,5.000000,11001,False
119684,MPHASIS27OCT262250CE,MPHASIS,27OCT2026,225000.000000,275,OPTSTK,NFO,5.000000,11001,False
119726,MPHASIS23NOV262300PE,MPHASIS,23NOV2026,230000.000000,275,OPTSTK,NFO,5.000000,11001,False
68420,ADANIPOWER29SEP26FUT,ADANIPOWER,29SEP2026,-1.000000,3550,FUTSTK,NFO,1.000000,106501,False
68423,AMBUJACEM29SEP26FUT,AMBUJACEM,29SEP2026,-1.000000,1200,FUTSTK,NFO,5.000000,60001,False
119728,MPHASIS23NOV262400PE,MPHASIS,23NOV2026,240000.000000,275,OPTSTK,NFO,5.000000,11001,False
119732,MPHASIS23NOV262600PE,MPHASIS,23NOV2026,260000.000000,275,OPTSTK,NFO,5.000000,11001,False
119766,MUTHOOTFIN27OCT262950PE,MUTHOOTFIN,27OCT2026,295000.000000,275,OPTSTK,NFO,5.000000,8251,False
119768,MUTHOOTFIN27OCT263050PE,MUTHOOTFIN,27OCT2026,305000.000000,275,OPTSTK,NFO,5.000000,8251,False
68429,ASTRAL29SEP26FUT,ASTRAL,29SEP2026,-1.000000,425,FUTSTK,NFO,10.000000,17001,False
68435,BAJAJ-AUTO29SEP26FUT,BAJAJ-AUTO,29SEP2026,-1.000000,75,FUTSTK,NFO,100.000000,2251,False
68437,BAJAJHLDNG29SEP26FUT,BAJAJHLDNG,29SEP2026,-1.000000,75,FUTSTK,NFO,100.000000,2251,False
119770,MUTHOOTFIN27OCT263150PE,MUTHOOTFIN,27OCT2026,315000.000000,275,OPTSTK,NFO,5.000000,8251,False
119828,MUTHOOTFIN23NOV263600PE,MUTHOOTFIN,23NOV2026,360000.000000,275,OPTSTK,NFO,5.000000,8251,False
119864,NAM-INDIA27OCT261220PE,NAM-INDIA,27OCT2026,122000.000000,625,OPTSTK,NFO,5.000000,18751,False
119867,NAM-INDIA27OCT261300CE,NAM-INDIA,27OCT2026,130000.000000,625,OPTSTK,NFO,5.000000,18751,False
68453,BOSCHLTD29SEP26FUT,BOSCHLTD,29SEP2026,-1.000000,25,FUTSTK,NFO,500.000000,501,False
68460,CGPOWER29SEP26FUT,CGPOWER,29SEP2026,-1.000000,850,FUTSTK,NFO,5.000000,25501,False
119914,NAM-INDIA23NOV261320PE,NAM-INDIA,23NOV2026,132000.000000,625,OPTSTK,NFO,5.000000,18751,False
119916,NAM-INDIA23NOV261360PE,NAM-INDIA,23NOV2026,136000.000000,625,OPTSTK,NFO,5.000000,18751,False
119964,NATIONALUM23NOV26300CE,NATIONALUM,23NOV2026,30000.000000,1875,OPTSTK,NFO,5.000000,56251,False
119991,KALYANKJIL29SEP26500CE,KALYANKJIL,29SEP2026,50000.000000,1350,OPTSTK,NFO,5.000000,40501,False
68477,EICHERMOT29SEP26FUT,EICHERMOT,29SEP2026,-1.000000,100,FUTSTK,NFO,50.000000,3001,False
68480,FORCEMOT29SEP26FUT,FORCEMOT,29SEP2026,-1.000000,25,FUTSTK,NFO,100.000000,1251,False
68481,FORTIS29SEP26FUT,FORTIS,29SEP2026,-1.000000,775,FUTSTK,NFO,5.000000,23251,False
68485,GODFRYPHLP29SEP26FUT,GODFRYPHLP,29SEP2026,-1.000000,275,FUTSTK,NFO,10.000000,11001,False
120001,KALYANKJIL29SEP26540PE,KALYANKJIL,29SEP2026,54000.000000,1350,OPTSTK,NFO,5.000000,40501,False
120021,NAUKRI27OCT261180PE,NAUKRI,27OCT2026,118000.000000,550,OPTSTK,NFO,5.000000,16501,False
120027,NAUKRI27OCT261260PE,NAUKRI,27OCT2026,126000.000000,550,OPTSTK,NFO,5.000000,16501,False
120040,NAUKRI27OCT261340PE,NAUKRI,27OCT2026,134000.000000,550,OPTSTK,NFO,5.000000,16501,False
68491,HAVELLS29SEP26FUT,HAVELLS,29SEP2026,-1.000000,500,FUTSTK,NFO,10.000000,20001,False
68521,HDFCAMC29SEP26FUT,HDFCAMC,29SEP2026,-1.000000,300,FUTSTK,NFO,10.000000,9001,False
68538,HINDPETRO29SEP26FUT,HINDPETRO,29SEP2026,-1.000000,2025,FUTSTK,NFO,5.000000,60751,False
120064,NAUKRI27OCT261420CE,NAUKRI,27OCT2026,142000.000000,550,OPTSTK,NFO,5.000000,16501,False
120088,NAUKRI27OCT261420PE,NAUKRI,27OCT2026,142000.000000,550,OPTSTK,NFO,5.000000,16501,False
120092,KAYNES29SEP263200PE,KAYNES,29SEP2026,320000.000000,150,OPTSTK,NFO,5.000000,6001,False
120187,NAUKRI23NOV261120CE,NAUKRI,23NOV2026,112000.000000,550,OPTSTK,NFO,5.000000,16501,False
68555,IOC29SEP26FUT,IOC,29SEP2026,-1.000000,4875,FUTSTK,NFO,1.000000,195001,False
68556,IREDA29SEP26FUT,IREDA,29SEP2026,-1.000000,4525,FUTSTK,NFO,1.000000,181001,False
120194,KAYNES29SEP263700CE,KAYNES,29SEP2026,370000.000000,150,OPTSTK,NFO,5.000000,6001,False
120199,KAYNES29SEP263900PE,KAYNES,29SEP2026,390000.000000,150,OPTSTK,NFO,5.000000,6001,False
120206,NAUKRI23NOV261200PE,NAUKRI,23NOV2026,120000.000000,550,OPTSTK,NFO,5.000000,16501,False
120220,NAUKRI23NOV261480PE,NAUKRI,23NOV2026,148000.000000,550,OPTSTK,NFO,5.000000,16501,False
68562,ADANIPORTS23NOV261760CE,ADANIPORTS,23NOV2026,176000.000000,475,OPTSTK,NFO,5.000000,14251,False
68566,KALYANKJIL29SEP26FUT,KALYANKJIL,29SEP2026,-1.000000,1350,FUTSTK,NFO,5.000000,40501,False
68578,DIVISLAB27OCT268400PE,DIVISLAB,27OCT2026,840000.000000,100,OPTSTK,NFO,5.000000,3001,False
120221,NAUKRI23NOV261520CE,NAUKRI,23NOV2026,152000.000000,550,OPTSTK,NFO,5.000000,16501,False
120251,NBCC27OCT2682.5CE,NBCC,27OCT2026,8250.000000,6500,OPTSTK,NFO,1.000000,260001,False
120281,KEI29SEP264200CE,KEI,29SEP2026,420000.000000,175,OPTSTK,NFO,5.000000,5251,False
120302,NBCC23NOV2670CE,NBCC,23NOV2026,7000.000000,6500,OPTSTK,NFO,1.000000,260001,False
68580,DIVISLAB27OCT268600PE,DIVISLAB,27OCT2026,860000.000000,100,OPTSTK,NFO,5.000000,3001,False
68588,DIVISLAB27OCT269000PE,DIVISLAB,27OCT2026,900000.000000,100,OPTSTK,NFO,5.000000,3001,False
68613,LICHSGFIN29SEP26FUT,LICHSGFIN,29SEP2026,-1.000000,1000,FUTSTK,NFO,5.000000,40001,False
68672,MAXHEALTH29SEP26FUT,MAXHEALTH,29SEP2026,-1.000000,525,FUTSTK,NFO,10.000000,21001,False
68679,ADANIPOWER27OCT26185PE,ADANIPOWER,27OCT2026,18500.000000,3550,OPTSTK,NFO,1.000000,106501,False
120308,NBCC23NOV2680PE,NBCC,23NOV2026,8000.000000,6500,OPTSTK,NFO,1.000000,260001,False
120327,NBCC23NOV2690CE,NBCC,23NOV2026,9000.000000,6500,OPTSTK,NFO,1.000000,260001,False
120388,NESTLEIND27OCT261310PE,NESTLEIND,27OCT2026,131000.000000,500,OPTSTK,NFO,5.000000,15001,False
120396,NESTLEIND27OCT261390PE,NESTLEIND,27OCT2026,139000.000000,500,OPTSTK,NFO,5.000000,15001,False
68685,ADANIPOWER27OCT26215PE,ADANIPOWER,27OCT2026,21500.000000,3550,OPTSTK,NFO,1.000000,106501,False
68712,DIVISLAB27OCT2610000PE,DIVISLAB,27OCT2026,1000000.000000,100,OPTSTK,NFO,5.000000,3001,False
68734,DIXON29SEP2615250PE,DIXON,29SEP2026,1525000.000000,50,OPTSTK,NFO,5.000000,1501,False
68755,ONGC29SEP26FUT,ONGC,29SEP2026,-1.000000,2250,FUTSTK,NFO,1.000000,90001,False
120405,NESTLEIND27OCT261490CE,NESTLEIND,27OCT2026,149000.000000,500,OPTSTK,NFO,5.000000,15001,False
120408,NESTLEIND27OCT261510PE,NESTLEIND,27OCT2026,151000.000000,500,OPTSTK,NFO,5.000000,15001,False
120409,NESTLEIND27OCT261530CE,NESTLEIND,27OCT2026,153000.000000,500,OPTSTK,NFO,5.000000,15001,False
120414,NESTLEIND27OCT261570PE,NESTLEIND,27OCT2026,157000.000000,500,OPTSTK,NFO,5.000000,15001,False
68772,PREMIERENE29SEP26FUT,PREMIERENE,29SEP2026,-1.000000,650,FUTSTK,NFO,10.000000,26001,False
68778,RVNL29SEP26FUT,RVNL,29SEP2026,-1.000000,1925,FUTSTK,NFO,1.000000,96251,False
68780,SBICARD29SEP26FUT,SBICARD,29SEP2026,-1.000000,800,FUTSTK,NFO,5.000000,40001,False
120518,NESTLEIND23NOV261280PE,NESTLEIND,23NOV2026,128000.000000,500,OPTSTK,NFO,5.000000,15001,False
120519,NESTLEIND23NOV261300CE,NESTLEIND,23NOV2026,130000.000000,500,OPTSTK,NFO,5.000000,15001,False
120520,NESTLEIND23NOV261300PE,NESTLEIND,23NOV2026,130000.000000,500,OPTSTK,NFO,5.000000,15001,False
120522,NESTLEIND23NOV261320PE,NESTLEIND,23NOV2026,132000.000000,500,OPTSTK,NFO,5.000000,15001,False
68783,SHREECEM29SEP26FUT,SHREECEM,29SEP2026,-1.000000,25,FUTSTK,NFO,500.000000,1001,False
68785,SIEMENS29SEP26FUT,SIEMENS,29SEP2026,-1.000000,175,FUTSTK,NFO,10.000000,7001,False
68786,SOLARINDS29SEP26FUT,SOLARINDS,29SEP2026,-1.000000,50,FUTSTK,NFO,500.000000,1501,False
120541,NESTLEIND23NOV261480CE,NESTLEIND,23NOV2026,148000.000000,500,OPTSTK,NFO,5.000000,15001,False
120556,NESTLEIND23NOV261620PE,NESTLEIND,23NOV2026,162000.000000,500,OPTSTK,NFO,5.000000,15001,False
120583,KOTAKBANK29SEP26350PE,KOTAKBANK,29SEP2026,35000.000000,2000,OPTSTK,NFO,5.000000,60001,False
120644,KOTAKBANK29SEP26460CE,KOTAKBANK,29SEP2026,46000.000000,2000,OPTSTK,NFO,5.000000,60001,False
68792,SWIGGY29SEP26FUT,SWIGGY,29SEP2026,-1.000000,1825,FUTSTK,NFO,5.000000,73001,False
68801,TMPV29SEP26FUT,TMPV,29SEP2026,-1.000000,1600,FUTSTK,NFO,5.000000,64001,False
68811,ADANIPOWER23NOV26190PE,ADANIPOWER,23NOV2026,19000.000000,3550,OPTSTK,NFO,1.000000,106501,False
120668,KOTAKBANK29SEP26480PE,KOTAKBANK,29SEP2026,48000.000000,2000,OPTSTK,NFO,5.000000,60001,False
120678,NHPC27OCT2685PE,NHPC,27OCT2026,8500.000000,6950,OPTSTK,NFO,1.000000,278001,False
120747,NHPC23NOV2676PE,NHPC,23NOV2026,7600.000000,6950,OPTSTK,NFO,1.000000,278001,False
120752,NHPC23NOV2682CE,NHPC,23NOV2026,8200.000000,6950,OPTSTK,NFO,1.000000,278001,False
68865,VEDL29SEP26FUT,VEDL,29SEP2026,-1.000000,1150,FUTSTK,NFO,5.000000,80501,False
68868,WAAREEENER29SEP26FUT,WAAREEENER,29SEP2026,-1.000000,175,FUTSTK,NFO,10.000000,8751,False
68912,ALKEM27OCT265350CE,ALKEM,27OCT2026,535000.000000,125,OPTSTK,NFO,5.000000,5001,False
68938,DIXON27OCT2612000CE,DIXON,27OCT2026,1200000.000000,50,OPTSTK,NFO,5.000000,1501,False
120825,NMDC27OCT2673PE,NMDC,27OCT2026,7300.000000,6750,OPTSTK,NFO,1.000000,270001,False
120841,NMDC27OCT2687PE,NMDC,27OCT2026,8700.000000,6750,OPTSTK,NFO,1.000000,270001,False
120956,NMDC23NOV2682CE,NMDC,23NOV2026,8200.000000,6750,OPTSTK,NFO,1.000000,270001,False
120957,NMDC23NOV2682PE,NMDC,23NOV2026,8200.000000,6750,OPTSTK,NFO,1.000000,270001,False
68947,DIXON27OCT2613000PE,DIXON,27OCT2026,1300000.000000,50,OPTSTK,NFO,5.000000,1501,False
68952,DIXON27OCT2614500CE,DIXON,27OCT2026,1450000.000000,50,OPTSTK,NFO,5.000000,1501,False
68963,DIXON27OCT2616500PE,DIXON,27OCT2026,1650000.000000,50,OPTSTK,NFO,5.000000,1501,False
69028,ALKEM23NOV264200CE,ALKEM,23NOV2026,420000.000000,125,OPTSTK,NFO,5.000000,5001,False
120961,NMDC23NOV2686PE,NMDC,23NOV2026,8600.000000,6750,OPTSTK,NFO,1.000000,270001,False
120968,NMDC23NOV2694CE,NMDC,23NOV2026,9400.000000,6750,OPTSTK,NFO,1.000000,270001,False
121009,NTPC27OCT26295PE,NTPC,27OCT2026,29500.000000,1500,OPTSTK,NFO,5.000000,75001,False
121069,NTPC23NOV26260PE,NTPC,23NOV2026,26000.000000,1500,OPTSTK,NFO,5.000000,75001,False
69038,ALKEM23NOV264700CE,ALKEM,23NOV2026,470000.000000,125,OPTSTK,NFO,5.000000,5001,False
69047,ALKEM23NOV265100PE,ALKEM,23NOV2026,510000.000000,125,OPTSTK,NFO,5.000000,5001,False
69057,ALKEM23NOV265500CE,ALKEM,23NOV2026,550000.000000,125,OPTSTK,NFO,5.000000,5001,False
69066,ALKEM23NOV265900PE,ALKEM,23NOV2026,590000.000000,125,OPTSTK,NFO,5.000000,5001,False
121081,NTPC23NOV26320PE,NTPC,23NOV2026,32000.000000,1500,OPTSTK,NFO,5.000000,75001,False
121084,NTPC23NOV26340CE,NTPC,23NOV2026,34000.000000,1500,OPTSTK,NFO,5.000000,75001,False
121085,NTPC23NOV26340PE,NTPC,23NOV2026,34000.000000,1500,OPTSTK,NFO,5.000000,75001,False
121122,KPITTECH29SEP26560CE,KPITTECH,29SEP2026,56000.000000,775,OPTSTK,NFO,5.000000,38751,False
69118,DLF29SEP26610CE,DLF,29SEP2026,61000.000000,950,OPTSTK,NFO,5.000000,38001,False
69123,DLF29SEP26650PE,DLF,29SEP2026,65000.000000,950,OPTSTK,NFO,5.000000,38001,False
69124,DLF29SEP26670CE,DLF,29SEP2026,67000.000000,950,OPTSTK,NFO,5.000000,38001,False
69127,DLF29SEP26690PE,DLF,29SEP2026,69000.000000,950,OPTSTK,NFO,5.000000,38001,False
121137,KPITTECH29SEP26680CE,KPITTECH,29SEP2026,68000.000000,775,OPTSTK,NFO,5.000000,38751,False
121180,NYKAA27OCT26305CE,NYKAA,27OCT2026,30500.000000,3125,OPTSTK,NFO,5.000000,93751,False
121201,NYKAA27OCT26355PE,NYKAA,27OCT2026,35500.000000,3125,OPTSTK,NFO,5.000000,93751,False
121202,NYKAA27OCT26365CE,NYKAA,27OCT2026,36500.000000,3125,OPTSTK,NFO,5.000000,93751,False
69132,DLF29SEP26750CE,DLF,29SEP2026,75000.000000,950,OPTSTK,NFO,5.000000,38001,False
69169,DLF27OCT26660PE,DLF,27OCT2026,66000.000000,950,OPTSTK,NFO,5.000000,38001,False
69173,DLF27OCT26700PE,DLF,27OCT2026,70000.000000,950,OPTSTK,NFO,5.000000,38001,False
69182,DLF27OCT26780CE,DLF,27OCT2026,78000.000000,950,OPTSTK,NFO,5.000000,38001,False
121242,NYKAA23NOV26310CE,NYKAA,23NOV2026,31000.000000,3125,OPTSTK,NFO,5.000000,93751,False
121271,NYKAA23NOV26380PE,NYKAA,23NOV2026,38000.000000,3125,OPTSTK,NFO,5.000000,93751,False
121309,OBEROIRLTY27OCT261700PE,OBEROIRLTY,27OCT2026,170000.000000,350,OPTSTK,NFO,5.000000,14001,False
121319,OBEROIRLTY27OCT261900PE,OBEROIRLTY,27OCT2026,190000.000000,350,OPTSTK,NFO,5.000000,14001,False
69251,AMBER27OCT266700PE,AMBER,27OCT2026,670000.000000,100,OPTSTK,NFO,5.000000,3001,False
69252,AMBER27OCT266900CE,AMBER,27OCT2026,690000.000000,100,OPTSTK,NFO,5.000000,3001,False
69255,AMBER27OCT267100CE,AMBER,27OCT2026,710000.000000,100,OPTSTK,NFO,5.000000,3001,False
69271,AMBER27OCT268300CE,AMBER,27OCT2026,830000.000000,100,OPTSTK,NFO,5.000000,3001,False
121321,OBEROIRLTY27OCT261940PE,OBEROIRLTY,27OCT2026,194000.000000,350,OPTSTK,NFO,5.000000,14001,False
121325,OBEROIRLTY27OCT262020PE,OBEROIRLTY,27OCT2026,202000.000000,350,OPTSTK,NFO,5.000000,14001,False
121375,OBEROIRLTY23NOV261720PE,OBEROIRLTY,23NOV2026,172000.000000,350,OPTSTK,NFO,5.000000,14001,False
121390,OBEROIRLTY23NOV262040CE,OBEROIRLTY,23NOV2026,204000.000000,350,OPTSTK,NFO,5.000000,14001,False
69352,DMART29SEP263450CE,DMART,29SEP2026,345000.000000,150,OPTSTK,NFO,5.000000,6001,False
69359,DMART29SEP263550PE,DMART,29SEP2026,355000.000000,150,OPTSTK,NFO,5.000000,6001,False
69362,DMART29SEP263750CE,DMART,29SEP2026,375000.000000,150,OPTSTK,NFO,5.000000,6001,False
69393,AMBER23NOV267000CE,AMBER,23NOV2026,700000.000000,100,OPTSTK,NFO,5.000000,3001,False
121445,OFSS27OCT2611100PE,OFSS,27OCT2026,1110000.000000,100,OPTSTK,NFO,5.000000,2001,False
121466,OFSS27OCT2612700PE,OFSS,27OCT2026,1270000.000000,100,OPTSTK,NFO,5.000000,2001,False
121469,OFSS27OCT2613100CE,OFSS,27OCT2026,1310000.000000,100,OPTSTK,NFO,5.000000,2001,False
121471,OFSS27OCT2613300CE,OFSS,27OCT2026,1330000.000000,100,OPTSTK,NFO,5.000000,2001,False
69436,AMBER23NOV268600PE,AMBER,23NOV2026,860000.000000,100,OPTSTK,NFO,5.000000,3001,False
69580,DMART29SEP264450PE,DMART,29SEP2026,445000.000000,150,OPTSTK,NFO,5.000000,6001,False
69629,DMART27OCT263300CE,DMART,27OCT2026,330000.000000,150,OPTSTK,NFO,5.000000,6001,False
69631,DMART27OCT263400CE,DMART,27OCT2026,340000.000000,150,OPTSTK,NFO,5.000000,6001,False
121526,OFSS23NOV2610600CE,OFSS,23NOV2026,1060000.000000,100,OPTSTK,NFO,5.000000,2001,False
121576,LAURUSLABS29SEP261600PE,LAURUSLABS,29SEP2026,160000.000000,850,OPTSTK,NFO,5.000000,17001,False
121640,LICHSGFIN29SEP26620CE,LICHSGFIN,29SEP2026,62000.000000,1000,OPTSTK,NFO,5.000000,40001,False
121643,LICHSGFIN29SEP26640PE,LICHSGFIN,29SEP2026,64000.000000,1000,OPTSTK,NFO,5.000000,40001,False
69635,AMBUJACEM27OCT26395PE,AMBUJACEM,27OCT2026,39500.000000,1200,OPTSTK,NFO,5.000000,60001,False
69655,BANKNIFTY29SEP2651400PE,BANKNIFTY,29SEP2026,5140000.000000,30,OPTIDX,NFO,5.000000,601,False
69640,AMBUJACEM27OCT26425CE,AMBUJACEM,27OCT2026,42500.000000,1200,OPTSTK,NFO,5.000000,60001,False
69652,BANKNIFTY29SEP2651300CE,BANKNIFTY,29SEP2026,5130000.000000,30,OPTIDX,NFO,5.000000,601,False
121685,LICI29SEP26360PE,LICI,29SEP2026,36000.000000,1400,OPTSTK,NFO,5.000000,56001,False
121687,LICI29SEP26370PE,LICI,29SEP2026,37000.000000,1400,OPTSTK,NFO,5.000000,56001,False
121741,LICI29SEP26430CE,LICI,29SEP2026,43000.000000,1400,OPTSTK,NFO,5.000000,56001,False
121746,LICI29SEP26450PE,LICI,29SEP2026,45000.000000,1400,OPTSTK,NFO,5.000000,56001,False
69672,BANKNIFTY29SEP2652300CE,BANKNIFTY,29SEP2026,5230000.000000,30,OPTIDX,NFO,5.000000,601,False
69696,BANKNIFTY29SEP2653600CE,BANKNIFTY,29SEP2026,5360000.000000,30,OPTIDX,NFO,5.000000,601,False
69708,BANKNIFTY29SEP2654300CE,BANKNIFTY,29SEP2026,5430000.000000,30,OPTIDX,NFO,5.000000,601,False
69757,BANKNIFTY29SEP2654600CE,BANKNIFTY,29SEP2026,5460000.000000,30,OPTIDX,NFO,5.000000,601,False
121777,LICI29SEP26490CE,LICI,29SEP2026,49000.000000,1400,OPTSTK,NFO,5.000000,56001,False
121804,OIL27OCT26525PE,OIL,27OCT2026,52500.000000,1400,OPTSTK,NFO,5.000000,56001,False
121877,OIL23NOV26420PE,OIL,23NOV2026,42000.000000,1400,OPTSTK,NFO,5.000000,56001,False
121881,OIL23NOV26440PE,OIL,23NOV2026,44000.000000,1400,OPTSTK,NFO,5.000000,56001,False
69764,BANKNIFTY29SEP2654800PE,BANKNIFTY,29SEP2026,5480000.000000,30,OPTIDX,NFO,5.000000,601,False
69773,BANKNIFTY29SEP2655200CE,BANKNIFTY,29SEP2026,5520000.000000,30,OPTIDX,NFO,5.000000,601,False
69778,BANKNIFTY29SEP2655400PE,BANKNIFTY,29SEP2026,5540000.000000,30,OPTIDX,NFO,5.000000,601,False
69785,BANKNIFTY29SEP2655900CE,BANKNIFTY,29SEP2026,5590000.000000,30,OPTIDX,NFO,5.000000,601,False
121884,OIL23NOV26460CE,OIL,23NOV2026,46000.000000,1400,OPTSTK,NFO,5.000000,56001,False
121955,ONGC27OCT26232.5PE,ONGC,27OCT2026,23250.000000,2250,OPTSTK,NFO,1.000000,90001,False
122019,ONGC23NOV26200PE,ONGC,23NOV2026,20000.000000,2250,OPTSTK,NFO,1.000000,90001,False
122023,ONGC23NOV26210PE,ONGC,23NOV2026,21000.000000,2250,OPTSTK,NFO,1.000000,90001,False
69790,DMART27OCT263500PE,DMART,27OCT2026,350000.000000,150,OPTSTK,NFO,5.000000,6001,False
69796,BANKNIFTY29SEP2656200PE,BANKNIFTY,29SEP2026,5620000.000000,30,OPTIDX,NFO,5.000000,601,False
69801,BANKNIFTY29SEP2656500CE,BANKNIFTY,29SEP2026,5650000.000000,30,OPTIDX,NFO,5.000000,601,False
69810,BANKNIFTY29SEP2656800PE,BANKNIFTY,29SEP2026,5680000.000000,30,OPTIDX,NFO,5.000000,601,False
122041,LODHA29SEP261040PE,LODHA,29SEP2026,104000.000000,625,OPTSTK,NFO,5.000000,18751,False
122046,LODHA29SEP261120PE,LODHA,29SEP2026,112000.000000,625,OPTSTK,NFO,5.000000,18751,False
122050,LODHA29SEP261200CE,LODHA,29SEP2026,120000.000000,625,OPTSTK,NFO,5.000000,18751,False
122052,LODHA29SEP261240CE,LODHA,29SEP2026,124000.000000,625,OPTSTK,NFO,5.000000,18751,False
69814,BANKNIFTY29SEP2657100PE,BANKNIFTY,29SEP2026,5710000.000000,30,OPTIDX,NFO,5.000000,601,False
69821,BANKNIFTY29SEP2657400PE,BANKNIFTY,29SEP2026,5740000.000000,30,OPTIDX,NFO,5.000000,601,False
69824,BANKNIFTY29SEP2657600CE,BANKNIFTY,29SEP2026,5760000.000000,30,OPTIDX,NFO,5.000000,601,False
69854,BANKNIFTY29SEP2658600PE,BANKNIFTY,29SEP2026,5860000.000000,30,OPTIDX,NFO,5.000000,601,False
122122,PAGEIND27OCT2634500CE,PAGEIND,27OCT2026,3450000.000000,20,OPTSTK,NFO,5.000000,601,False
122123,PAGEIND27OCT2634500PE,PAGEIND,27OCT2026,3450000.000000,20,OPTSTK,NFO,5.000000,601,False
122182,PAGEIND23NOV2637000CE,PAGEIND,23NOV2026,3700000.000000,20,OPTSTK,NFO,5.000000,601,False
122198,PAGEIND23NOV2639000PE,PAGEIND,23NOV2026,3900000.000000,20,OPTSTK,NFO,5.000000,601,False
69860,DMART27OCT264100CE,DMART,27OCT2026,410000.000000,150,OPTSTK,NFO,5.000000,6001,False
69868,BANKNIFTY29SEP2658700CE,BANKNIFTY,29SEP2026,5870000.000000,30,OPTIDX,NFO,5.000000,601,False
69915,AMBUJACEM23NOV26380PE,AMBUJACEM,23NOV2026,38000.000000,1200,OPTSTK,NFO,5.000000,60001,False
69932,AMBUJACEM23NOV26450PE,AMBUJACEM,23NOV2026,45000.000000,1200,OPTSTK,NFO,5.000000,60001,False
122408,PATANJALI23NOV26300CE,PATANJALI,23NOV2026,30000.000000,1075,OPTSTK,NFO,5.000000,64501,False
122412,PATANJALI23NOV26320CE,PATANJALI,23NOV2026,32000.000000,1075,OPTSTK,NFO,5.000000,64501,False
122415,PATANJALI23NOV26330PE,PATANJALI,23NOV2026,33000.000000,1075,OPTSTK,NFO,5.000000,64501,False
122421,PATANJALI23NOV26360PE,PATANJALI,23NOV2026,36000.000000,1075,OPTSTK,NFO,5.000000,64501,False
69971,ANGELONE27OCT26245CE,ANGELONE,27OCT2026,24500.000000,2500,OPTSTK,NFO,5.000000,75001,False
69972,ANGELONE27OCT26245PE,ANGELONE,27OCT2026,24500.000000,2500,OPTSTK,NFO,5.000000,75001,False
69974,ANGELONE27OCT26255PE,ANGELONE,27OCT2026,25500.000000,2500,OPTSTK,NFO,5.000000,75001,False
69975,ANGELONE27OCT26265CE,ANGELONE,27OCT2026,26500.000000,2500,OPTSTK,NFO,5.000000,75001,False
122423,PATANJALI23NOV26370PE,PATANJALI,23NOV2026,37000.000000,1075,OPTSTK,NFO,5.000000,64501,False
122428,PATANJALI23NOV26400CE,PATANJALI,23NOV2026,40000.000000,1075,OPTSTK,NFO,5.000000,64501,False
122469,PAYTM27OCT261540PE,PAYTM,27OCT2026,154000.000000,725,OPTSTK,NFO,5.000000,14501,False
122472,PAYTM27OCT261620CE,PAYTM,27OCT2026,162000.000000,725,OPTSTK,NFO,5.000000,14501,False
69983,ANGELONE27OCT26295PE,ANGELONE,27OCT2026,29500.000000,2500,OPTSTK,NFO,5.000000,75001,False
69987,ANGELONE27OCT26315PE,ANGELONE,27OCT2026,31500.000000,2500,OPTSTK,NFO,5.000000,75001,False
69995,BANKNIFTY29SEP2659700PE,BANKNIFTY,29SEP2026,5970000.000000,30,OPTIDX,NFO,5.000000,601,False
70031,BANKNIFTY29SEP2661100CE,BANKNIFTY,29SEP2026,6110000.000000,30,OPTIDX,NFO,5.000000,601,False
70049,BANKNIFTY29SEP2661900PE,BANKNIFTY,29SEP2026,6190000.000000,30,OPTIDX,NFO,5.000000,601,False
70079,BANKNIFTY29SEP2662100PE,BANKNIFTY,29SEP2026,6210000.000000,30,OPTIDX,NFO,5.000000,601,False
70082,BANKNIFTY29SEP2662300CE,BANKNIFTY,29SEP2026,6230000.000000,30,OPTIDX,NFO,5.000000,601,False
70084,BANKNIFTY29SEP2662400CE,BANKNIFTY,29SEP2026,6240000.000000,30,OPTIDX,NFO,5.000000,601,False
122483,PAYTM27OCT261820PE,PAYTM,27OCT2026,182000.000000,725,OPTSTK,NFO,5.000000,14501,False
122487,PAYTM27OCT261900PE,PAYTM,27OCT2026,190000.000000,725,OPTSTK,NFO,5.000000,14501,False
122539,PAYTM23NOV262000PE,PAYTM,23NOV2026,200000.000000,725,OPTSTK,NFO,5.000000,14501,False
122543,PAYTM23NOV262080PE,PAYTM,23NOV2026,208000.000000,725,OPTSTK,NFO,5.000000,14501,False
70114,BANKNIFTY29SEP2663900PE,BANKNIFTY,29SEP2026,6390000.000000,30,OPTIDX,NFO,5.000000,601,False
70249,ANGELONE23NOV26270CE,ANGELONE,23NOV2026,27000.000000,2500,OPTSTK,NFO,5.000000,75001,False
70279,ANGELONE23NOV26310CE,ANGELONE,23NOV2026,31000.000000,2500,OPTSTK,NFO,5.000000,75001,False
70282,ANGELONE23NOV26320PE,ANGELONE,23NOV2026,32000.000000,2500,OPTSTK,NFO,5.000000,75001,False
122555,PERSISTENT27OCT264900PE,PERSISTENT,27OCT2026,490000.000000,125,OPTSTK,NFO,5.000000,3751,False
122557,PERSISTENT27OCT265100PE,PERSISTENT,27OCT2026,510000.000000,125,OPTSTK,NFO,5.000000,3751,False
122559,PERSISTENT27OCT265300PE,PERSISTENT,27OCT2026,530000.000000,125,OPTSTK,NFO,5.000000,3751,False
122567,PERSISTENT27OCT266100CE,PERSISTENT,27OCT2026,610000.000000,125,OPTSTK,NFO,5.000000,3751,False
70285,ANGELONE23NOV26340CE,ANGELONE,23NOV2026,34000.000000,2500,OPTSTK,NFO,5.000000,75001,False
70404,DRREDDY29SEP261130PE,DRREDDY,29SEP2026,113000.000000,625,OPTSTK,NFO,5.000000,18751,False
70421,DRREDDY29SEP261270CE,DRREDDY,29SEP2026,127000.000000,625,OPTSTK,NFO,5.000000,18751,False
70446,APLAPOLLO27OCT262020PE,APLAPOLLO,27OCT2026,202000.000000,350,OPTSTK,NFO,5.000000,10501,False
122721,LT29SEP263600PE,LT,29SEP2026,360000.000000,175,OPTSTK,NFO,5.000000,7001,False
122743,LT29SEP264300PE,LT,29SEP2026,430000.000000,175,OPTSTK,NFO,5.000000,7001,False
122744,LT29SEP264400CE,LT,29SEP2026,440000.000000,175,OPTSTK,NFO,5.000000,7001,False
122813,PERSISTENT23NOV265200PE,PERSISTENT,23NOV2026,520000.000000,125,OPTSTK,NFO,5.000000,3751,False
70469,APLAPOLLO27OCT262140PE,APLAPOLLO,27OCT2026,214000.000000,350,OPTSTK,NFO,5.000000,10501,False
70471,APLAPOLLO27OCT262180PE,APLAPOLLO,27OCT2026,218000.000000,350,OPTSTK,NFO,5.000000,10501,False
70478,APLAPOLLO27OCT262260PE,APLAPOLLO,27OCT2026,226000.000000,350,OPTSTK,NFO,5.000000,10501,False
70663,APLAPOLLO23NOV262080PE,APLAPOLLO,23NOV2026,208000.000000,350,OPTSTK,NFO,5.000000,10501,False
122826,PERSISTENT23NOV265600CE,PERSISTENT,23NOV2026,560000.000000,125,OPTSTK,NFO,5.000000,3751,False
122831,PERSISTENT23NOV265800PE,PERSISTENT,23NOV2026,580000.000000,125,OPTSTK,NFO,5.000000,3751,False
122877,PETRONET27OCT26285CE,PETRONET,27OCT2026,28500.000000,1900,OPTSTK,NFO,5.000000,76001,False
122920,PETRONET23NOV26240CE,PETRONET,23NOV2026,24000.000000,1900,OPTSTK,NFO,5.000000,76001,False
70676,APLAPOLLO23NOV262240PE,APLAPOLLO,23NOV2026,224000.000000,350,OPTSTK,NFO,5.000000,10501,False
70685,APLAPOLLO23NOV262320PE,APLAPOLLO,23NOV2026,232000.000000,350,OPTSTK,NFO,5.000000,10501,False
70691,APLAPOLLO23NOV262360PE,APLAPOLLO,23NOV2026,236000.000000,350,OPTSTK,NFO,5.000000,10501,False
70692,APLAPOLLO23NOV262400CE,APLAPOLLO,23NOV2026,240000.000000,350,OPTSTK,NFO,5.000000,10501,False
122926,PETRONET23NOV26270CE,PETRONET,23NOV2026,27000.000000,1900,OPTSTK,NFO,5.000000,76001,False
122933,PETRONET23NOV26300PE,PETRONET,23NOV2026,30000.000000,1900,OPTSTK,NFO,5.000000,76001,False
122997,PFC27OCT26305CE,PFC,27OCT2026,30500.000000,1300,OPTSTK,NFO,5.000000,52001,False
123000,PFC27OCT26315PE,PFC,27OCT2026,31500.000000,1300,OPTSTK,NFO,5.000000,52001,False
70899,DRREDDY27OCT261100CE,DRREDDY,27OCT2026,110000.000000,625,OPTSTK,NFO,5.000000,18751,False
70905,DRREDDY27OCT261160CE,DRREDDY,27OCT2026,116000.000000,625,OPTSTK,NFO,5.000000,18751,False
70906,DRREDDY27OCT261160PE,DRREDDY,27OCT2026,116000.000000,625,OPTSTK,NFO,5.000000,18751,False
70915,DRREDDY27OCT261260CE,DRREDDY,27OCT2026,126000.000000,625,OPTSTK,NFO,5.000000,18751,False
123002,PFC27OCT26325PE,PFC,27OCT2026,32500.000000,1300,OPTSTK,NFO,5.000000,52001,False
123018,PFC27OCT26385CE,PFC,27OCT2026,38500.000000,1300,OPTSTK,NFO,5.000000,52001,False
123086,PFC23NOV26320PE,PFC,23NOV2026,32000.000000,1300,OPTSTK,NFO,5.000000,52001,False
123088,PFC23NOV26330PE,PFC,23NOV2026,33000.000000,1300,OPTSTK,NFO,5.000000,52001,False
70924,DRREDDY27OCT261340PE,DRREDDY,27OCT2026,134000.000000,625,OPTSTK,NFO,5.000000,18751,False
70967,APOLLOHOSP23NOV268000CE,APOLLOHOSP,23NOV2026,800000.000000,125,OPTSTK,NFO,5.000000,2501,False
71025,ASHOKLEY27OCT26157.5CE,ASHOKLEY,27OCT2026,15750.000000,5000,OPTSTK,NFO,1.000000,150001,False
71036,ASHOKLEY27OCT26182.5PE,ASHOKLEY,27OCT2026,18250.000000,5000,OPTSTK,NFO,1.000000,150001,False
123104,PFC23NOV26390PE,PFC,23NOV2026,39000.000000,1300,OPTSTK,NFO,5.000000,52001,False
123106,PFC23NOV26400PE,PFC,23NOV2026,40000.000000,1300,OPTSTK,NFO,5.000000,52001,False
123267,PHOENIXLTD27OCT261940CE,PHOENIXLTD,27OCT2026,194000.000000,350,OPTSTK,NFO,5.000000,14001,False
123275,PHOENIXLTD27OCT262020CE,PHOENIXLTD,27OCT2026,202000.000000,350,OPTSTK,NFO,5.000000,14001,False
71092,EICHERMOT29SEP267500PE,EICHERMOT,29SEP2026,750000.000000,100,OPTSTK,NFO,5.000000,3001,False
71119,EICHERMOT29SEP268500PE,EICHERMOT,29SEP2026,850000.000000,100,OPTSTK,NFO,5.000000,3001,False
71129,EICHERMOT29SEP268900PE,EICHERMOT,29SEP2026,890000.000000,100,OPTSTK,NFO,5.000000,3001,False
71146,ASHOKLEY23NOV26160CE,ASHOKLEY,23NOV2026,16000.000000,5000,OPTSTK,NFO,1.000000,150001,False
123426,LTM29SEP263800PE,LTM,29SEP2026,380000.000000,150,OPTSTK,NFO,5.000000,6001,False
123428,LTM29SEP263900PE,LTM,29SEP2026,390000.000000,150,OPTSTK,NFO,5.000000,6001,False
123430,LTM29SEP264000PE,LTM,29SEP2026,400000.000000,150,OPTSTK,NFO,5.000000,6001,False
123435,LTM29SEP264300CE,LTM,29SEP2026,430000.000000,150,OPTSTK,NFO,5.000000,6001,False
71153,ASHOKLEY23NOV26175PE,ASHOKLEY,23NOV2026,17500.000000,5000,OPTSTK,NFO,1.000000,150001,False
71154,ASHOKLEY23NOV26180CE,ASHOKLEY,23NOV2026,18000.000000,5000,OPTSTK,NFO,1.000000,150001,False
71156,ASHOKLEY23NOV26185CE,ASHOKLEY,23NOV2026,18500.000000,5000,OPTSTK,NFO,1.000000,150001,False
71237,ASIANPAINT27OCT262420PE,ASIANPAINT,27OCT2026,242000.000000,250,OPTSTK,NFO,5.000000,10001,False
123438,LTM29SEP264400PE,LTM,29SEP2026,440000.000000,150,OPTSTK,NFO,5.000000,6001,False
123446,LTM29SEP264800PE,LTM,29SEP2026,480000.000000,150,OPTSTK,NFO,5.000000,6001,False
123447,LTM29SEP265000CE,LTM,29SEP2026,500000.000000,150,OPTSTK,NFO,5.000000,6001,False
123493,PHOENIXLTD23NOV262000PE,PHOENIXLTD,23NOV2026,200000.000000,350,OPTSTK,NFO,5.000000,14001,False
71244,ASIANPAINT27OCT262540CE,ASIANPAINT,27OCT2026,254000.000000,250,OPTSTK,NFO,5.000000,10001,False
71248,ASIANPAINT27OCT262580PE,ASIANPAINT,27OCT2026,258000.000000,250,OPTSTK,NFO,5.000000,10001,False
71256,ASIANPAINT27OCT262700PE,ASIANPAINT,27OCT2026,270000.000000,250,OPTSTK,NFO,5.000000,10001,False
71361,EICHERMOT27OCT266400CE,EICHERMOT,27OCT2026,640000.000000,100,OPTSTK,NFO,5.000000,3001,False
123499,PHOENIXLTD23NOV262120PE,PHOENIXLTD,23NOV2026,212000.000000,350,OPTSTK,NFO,5.000000,14001,False
123575,PIDILITIND27OCT261420PE,PIDILITIND,27OCT2026,142000.000000,500,OPTSTK,NFO,5.000000,15001,False
123577,PIDILITIND27OCT261460PE,PIDILITIND,27OCT2026,146000.000000,500,OPTSTK,NFO,5.000000,15001,False
123588,PIDILITIND27OCT261700CE,PIDILITIND,27OCT2026,170000.000000,500,OPTSTK,NFO,5.000000,15001,False
71363,EICHERMOT27OCT266600CE,EICHERMOT,27OCT2026,660000.000000,100,OPTSTK,NFO,5.000000,3001,False
71505,NIFTY29DEC2626000CE,NIFTY,29DEC2026,2600000.000000,65,OPTIDX,NFO,5.000000,1801,False
71506,NIFTY29DEC2626000PE,NIFTY,29DEC2026,2600000.000000,65,OPTIDX,NFO,5.000000,1801,False
71580,ASIANPAINT23NOV262080CE,ASIANPAINT,23NOV2026,208000.000000,250,OPTSTK,NFO,5.000000,10001,False
123641,PIDILITIND23NOV261520PE,PIDILITIND,23NOV2026,152000.000000,500,OPTSTK,NFO,5.000000,15001,False
123647,PIDILITIND23NOV261640PE,PIDILITIND,23NOV2026,164000.000000,500,OPTSTK,NFO,5.000000,15001,False
123663,PIDILITIND23NOV261920PE,PIDILITIND,23NOV2026,192000.000000,500,OPTSTK,NFO,5.000000,15001,False
123728,PIIND23NOV261800CE,PIIND,23NOV2026,180000.000000,175,OPTSTK,NFO,5.000000,8751,False
71591,ETERNAL29SEP26325PE,ETERNAL,29SEP2026,32500.000000,2425,OPTSTK,NFO,5.000000,72751,False
71602,ASIANPAINT23NOV262160CE,ASIANPAINT,23NOV2026,216000.000000,250,OPTSTK,NFO,5.000000,10001,False
71611,ASIANPAINT23NOV262320PE,ASIANPAINT,23NOV2026,232000.000000,250,OPTSTK,NFO,5.000000,10001,False
71619,ASIANPAINT23NOV262480PE,ASIANPAINT,23NOV2026,248000.000000,250,OPTSTK,NFO,5.000000,10001,False
123749,PIIND23NOV262100PE,PIIND,23NOV2026,210000.000000,175,OPTSTK,NFO,5.000000,8751,False
123763,PIIND23NOV262400PE,PIIND,23NOV2026,240000.000000,175,OPTSTK,NFO,5.000000,8751,False
123858,PNB27OCT26109CE,PNB,27OCT2026,10900.000000,8000,OPTSTK,NFO,1.000000,240001,False
123865,PNB27OCT26115PE,PNB,27OCT2026,11500.000000,8000,OPTSTK,NFO,1.000000,240001,False
71635,ASIANPAINT23NOV262800PE,ASIANPAINT,23NOV2026,280000.000000,250,OPTSTK,NFO,5.000000,10001,False
71699,ASTRAL27OCT261300CE,ASTRAL,27OCT2026,130000.000000,425,OPTSTK,NFO,5.000000,17001,False
71712,ASTRAL27OCT261380PE,ASTRAL,27OCT2026,138000.000000,425,OPTSTK,NFO,5.000000,17001,False
71729,FINNIFTY29SEP2623800PE,FINNIFTY,29SEP2026,2380000.000000,60,OPTIDX,NFO,5.000000,1801,False
123866,PNB27OCT26117CE,PNB,27OCT2026,11700.000000,8000,OPTSTK,NFO,1.000000,240001,False
123883,LUPIN29SEP261760PE,LUPIN,29SEP2026,176000.000000,425,OPTSTK,NFO,5.000000,12751,False
123884,LUPIN29SEP261800CE,LUPIN,29SEP2026,180000.000000,425,OPTSTK,NFO,5.000000,12751,False
123886,PNB27OCT26123CE,PNB,27OCT2026,12300.000000,8000,OPTSTK,NFO,1.000000,240001,False
71735,FINNIFTY29SEP2624100PE,FINNIFTY,29SEP2026,2410000.000000,60,OPTIDX,NFO,5.000000,1801,False
71750,ASTRAL27OCT261500CE,ASTRAL,27OCT2026,150000.000000,425,OPTSTK,NFO,5.000000,17001,False
71775,ASTRAL27OCT261700PE,ASTRAL,27OCT2026,170000.000000,425,OPTSTK,NFO,5.000000,17001,False
71817,FINNIFTY29SEP2626400CE,FINNIFTY,29SEP2026,2640000.000000,60,OPTIDX,NFO,5.000000,1801,False
123930,LUPIN29SEP262080CE,LUPIN,29SEP2026,208000.000000,425,OPTSTK,NFO,5.000000,12751,False
123937,LUPIN29SEP262160PE,LUPIN,29SEP2026,216000.000000,425,OPTSTK,NFO,5.000000,12751,False
123951,LUPIN29SEP262360CE,LUPIN,29SEP2026,236000.000000,425,OPTSTK,NFO,5.000000,12751,False
123991,PNB23NOV26106PE,PNB,23NOV2026,10600.000000,8000,OPTSTK,NFO,1.000000,240001,False
71870,FINNIFTY29SEP2627400CE,FINNIFTY,29SEP2026,2740000.000000,60,OPTIDX,NFO,5.000000,1801,False
71882,FINNIFTY29SEP2627700CE,FINNIFTY,29SEP2026,2770000.000000,60,OPTIDX,NFO,5.000000,1801,False
71888,FINNIFTY29SEP2628000CE,FINNIFTY,29SEP2026,2800000.000000,60,OPTIDX,NFO,5.000000,1801,False
71970,FINNIFTY29SEP2628700PE,FINNIFTY,29SEP2026,2870000.000000,60,OPTIDX,NFO,5.000000,1801,False
123998,PNB23NOV26114CE,PNB,23NOV2026,11400.000000,8000,OPTSTK,NFO,1.000000,240001,False
124014,LUPIN29SEP262680CE,LUPIN,29SEP2026,268000.000000,425,OPTSTK,NFO,5.000000,12751,False
124016,LUPIN29SEP262720CE,LUPIN,29SEP2026,272000.000000,425,OPTSTK,NFO,5.000000,12751,False
124027,PNB23NOV26132PE,PNB,23NOV2026,13200.000000,8000,OPTSTK,NFO,1.000000,240001,False
71986,FINNIFTY29SEP2629500PE,FINNIFTY,29SEP2026,2950000.000000,60,OPTIDX,NFO,5.000000,1801,False
72007,ASTRAL23NOV261320PE,ASTRAL,23NOV2026,132000.000000,425,OPTSTK,NFO,5.000000,17001,False
72035,ETERNAL27OCT26280PE,ETERNAL,27OCT2026,28000.000000,2425,OPTSTK,NFO,5.000000,72751,False
72036,ETERNAL27OCT26290CE,ETERNAL,27OCT2026,29000.000000,2425,OPTSTK,NFO,5.000000,72751,False
124069,PNBHOUSING27OCT261060PE,PNBHOUSING,27OCT2026,106000.000000,650,OPTSTK,NFO,5.000000,19501,False
124075,PNBHOUSING27OCT261180PE,PNBHOUSING,27OCT2026,118000.000000,650,OPTSTK,NFO,5.000000,19501,False
124077,PNBHOUSING27OCT261220PE,PNBHOUSING,27OCT2026,122000.000000,650,OPTSTK,NFO,5.000000,19501,False
124167,POLICYBZR27OCT261700PE,POLICYBZR,27OCT2026,170000.000000,350,OPTSTK,NFO,5.000000,14001,False
72084,ASTRAL23NOV261760CE,ASTRAL,23NOV2026,176000.000000,425,OPTSTK,NFO,5.000000,17001,False
72195,ATHERENERG29SEP261360PE,ATHERENERG,29SEP2026,136000.000000,375,OPTSTK,NFO,5.000000,15001,False
72213,FEDERALBNK29SEP26315CE,FEDERALBNK,29SEP2026,31500.000000,2500,OPTSTK,NFO,5.000000,75001,False
72385,ATHERENERG29SEP261460PE,ATHERENERG,29SEP2026,146000.000000,375,OPTSTK,NFO,5.000000,15001,False
124226,LUPIN29SEP262800CE,LUPIN,29SEP2026,280000.000000,425,OPTSTK,NFO,5.000000,12751,False
124257,POLICYBZR23NOV261640PE,POLICYBZR,23NOV2026,164000.000000,350,OPTSTK,NFO,5.000000,14001,False
124260,POLICYBZR23NOV261720CE,POLICYBZR,23NOV2026,172000.000000,350,OPTSTK,NFO,5.000000,14001,False
124276,POLICYBZR23NOV262040CE,POLICYBZR,23NOV2026,204000.000000,350,OPTSTK,NFO,5.000000,14001,False
72402,FEDERALBNK27OCT26320CE,FEDERALBNK,27OCT2026,32000.000000,2500,OPTSTK,NFO,5.000000,75001,False
72409,FEDERALBNK27OCT26340CE,FEDERALBNK,27OCT2026,34000.000000,2500,OPTSTK,NFO,5.000000,75001,False
72411,FEDERALBNK27OCT26350CE,FEDERALBNK,27OCT2026,35000.000000,2500,OPTSTK,NFO,5.000000,75001,False
72413,FEDERALBNK27OCT26360CE,FEDERALBNK,27OCT2026,36000.000000,2500,OPTSTK,NFO,5.000000,75001,False
124315,POLYCAB27OCT267500PE,POLYCAB,27OCT2026,750000.000000,125,OPTSTK,NFO,5.000000,2501,False
124316,POLYCAB27OCT267700CE,POLYCAB,27OCT2026,770000.000000,125,OPTSTK,NFO,5.000000,2501,False
124321,POLYCAB27OCT268100PE,POLYCAB,27OCT2026,810000.000000,125,OPTSTK,NFO,5.000000,2501,False
124324,POLYCAB27OCT268500CE,POLYCAB,27OCT2026,850000.000000,125,OPTSTK,NFO,5.000000,2501,False
72416,ATHERENERG29SEP261500PE,ATHERENERG,29SEP2026,150000.000000,375,OPTSTK,NFO,5.000000,15001,False
72428,ATHERENERG29SEP261600CE,ATHERENERG,29SEP2026,160000.000000,375,OPTSTK,NFO,5.000000,15001,False
72441,FEDERALBNK27OCT26400CE,FEDERALBNK,27OCT2026,40000.000000,2500,OPTSTK,NFO,5.000000,75001,False
72442,FEDERALBNK27OCT26400PE,FEDERALBNK,27OCT2026,40000.000000,2500,OPTSTK,NFO,5.000000,75001,False
124331,POLYCAB27OCT269100PE,POLYCAB,27OCT2026,910000.000000,125,OPTSTK,NFO,5.000000,2501,False
124334,POLYCAB27OCT269500CE,POLYCAB,27OCT2026,950000.000000,125,OPTSTK,NFO,5.000000,2501,False
124522,POLYCAB23NOV269000PE,POLYCAB,23NOV2026,900000.000000,125,OPTSTK,NFO,5.000000,2501,False
124525,M&M29SEP262700PE,M&M,29SEP2026,270000.000000,200,OPTSTK,NFO,5.000000,8001,False
72479,FORCEMOT29SEP2618500CE,FORCEMOT,29SEP2026,1850000.000000,25,OPTSTK,NFO,5.000000,1251,False
72620,MIDCPNIFTY29SEP2612950CE,MIDCPNIFTY,29SEP2026,1295000.000000,120,OPTIDX,NFO,5.000000,2801,False
72509,ATHERENERG29SEP261760CE,ATHERENERG,29SEP2026,176000.000000,375,OPTSTK,NFO,5.000000,15001,False
72517,ATHERENERG29SEP261820CE,ATHERENERG,29SEP2026,182000.000000,375,OPTSTK,NFO,5.000000,15001,False
124533,POLYCAB23NOV269800CE,POLYCAB,23NOV2026,980000.000000,125,OPTSTK,NFO,5.000000,2501,False
124534,M&M29SEP262800PE,M&M,29SEP2026,280000.000000,200,OPTSTK,NFO,5.000000,8001,False
124549,POLYCAB23NOV2611200CE,POLYCAB,23NOV2026,1120000.000000,125,OPTSTK,NFO,5.000000,2501,False
124598,M&M29SEP263200PE,M&M,29SEP2026,320000.000000,200,OPTSTK,NFO,5.000000,8001,False
72626,MIDCPNIFTY29SEP2613025CE,MIDCPNIFTY,29SEP2026,1302500.000000,120,OPTIDX,NFO,5.000000,2801,False
72632,MIDCPNIFTY29SEP2613100CE,MIDCPNIFTY,29SEP2026,1310000.000000,120,OPTIDX,NFO,5.000000,2801,False
72637,MIDCPNIFTY29SEP2613150PE,MIDCPNIFTY,29SEP2026,1315000.000000,120,OPTIDX,NFO,5.000000,2801,False
72644,MIDCPNIFTY29SEP2613250CE,MIDCPNIFTY,29SEP2026,1325000.000000,120,OPTIDX,NFO,5.000000,2801,False
124700,POWERGRID23NOV26240PE,POWERGRID,23NOV2026,24000.000000,1900,OPTSTK,NFO,5.000000,76001,False
124704,M&M29SEP264000CE,M&M,29SEP2026,400000.000000,200,OPTSTK,NFO,5.000000,8001,False
124716,POWERGRID23NOV26265CE,POWERGRID,23NOV2026,26500.000000,1900,OPTSTK,NFO,5.000000,76001,False
124811,POWERINDIA27OCT2628500PE,POWERINDIA,27OCT2026,2850000.000000,25,OPTSTK,NFO,5.000000,751,False
72647,MIDCPNIFTY29SEP2613275PE,MIDCPNIFTY,29SEP2026,1327500.000000,120,OPTIDX,NFO,5.000000,2801,False
72649,MIDCPNIFTY29SEP2613300PE,MIDCPNIFTY,29SEP2026,1330000.000000,120,OPTIDX,NFO,5.000000,2801,False
72677,FORCEMOT27OCT2618000PE,FORCEMOT,27OCT2026,1800000.000000,25,OPTSTK,NFO,5.000000,1251,False
72678,FORCEMOT27OCT2619000CE,FORCEMOT,27OCT2026,1900000.000000,25,OPTSTK,NFO,5.000000,1251,False
124934,POWERINDIA23NOV2635000PE,POWERINDIA,23NOV2026,3500000.000000,25,OPTSTK,NFO,5.000000,751,False
124847,POWERINDIA27OCT2631500PE,POWERINDIA,27OCT2026,3150000.000000,25,OPTSTK,NFO,5.000000,751,False
124849,POWERINDIA27OCT2632500PE,POWERINDIA,27OCT2026,3250000.000000,25,OPTSTK,NFO,5.000000,751,False
124892,POWERINDIA23NOV2626000PE,POWERINDIA,23NOV2026,2600000.000000,25,OPTSTK,NFO,5.000000,751,False
72715,MIDCPNIFTY29SEP2613525CE,MIDCPNIFTY,29SEP2026,1352500.000000,120,OPTIDX,NFO,5.000000,2801,False
72804,MIDCPNIFTY29SEP2613975PE,MIDCPNIFTY,29SEP2026,1397500.000000,120,OPTIDX,NFO,5.000000,2801,False
72815,MIDCPNIFTY29SEP2614050CE,MIDCPNIFTY,29SEP2026,1405000.000000,120,OPTIDX,NFO,5.000000,2801,False
72840,FORTIS29SEP26870CE,FORTIS,29SEP2026,87000.000000,775,OPTSTK,NFO,5.000000,23251,False
124937,POWERINDIA23NOV2637000CE,POWERINDIA,23NOV2026,3700000.000000,25,OPTSTK,NFO,5.000000,751,False
124940,POWERINDIA23NOV2638000PE,POWERINDIA,23NOV2026,3800000.000000,25,OPTSTK,NFO,5.000000,751,False
124978,PREMIERENE27OCT26980CE,PREMIERENE,27OCT2026,98000.000000,650,OPTSTK,NFO,5.000000,26001,False
124982,PREMIERENE27OCT261060CE,PREMIERENE,27OCT2026,106000.000000,650,OPTSTK,NFO,5.000000,26001,False
72851,MIDCPNIFTY29SEP2614275CE,MIDCPNIFTY,29SEP2026,1427500.000000,120,OPTIDX,NFO,5.000000,2801,False
72852,MIDCPNIFTY29SEP2614275PE,MIDCPNIFTY,29SEP2026,1427500.000000,120,OPTIDX,NFO,5.000000,2801,False
72853,MIDCPNIFTY29SEP2614300CE,MIDCPNIFTY,29SEP2026,1430000.000000,120,OPTIDX,NFO,5.000000,2801,False
72854,ATHERENERG27OCT261600CE,ATHERENERG,27OCT2026,160000.000000,375,OPTSTK,NFO,5.000000,15001,False
125021,PREMIERENE23NOV26920PE,PREMIERENE,23NOV2026,92000.000000,650,OPTSTK,NFO,5.000000,26001,False
125029,PREMIERENE23NOV261080PE,PREMIERENE,23NOV2026,108000.000000,650,OPTSTK,NFO,5.000000,26001,False
125065,PRESTIGE27OCT261420PE,PRESTIGE,27OCT2026,142000.000000,450,OPTSTK,NFO,5.000000,13501,False
125066,PRESTIGE27OCT261460CE,PRESTIGE,27OCT2026,146000.000000,450,OPTSTK,NFO,5.000000,13501,False
72861,MIDCPNIFTY29SEP2614325CE,MIDCPNIFTY,29SEP2026,1432500.000000,120,OPTIDX,NFO,5.000000,2801,False
72874,ATHERENERG27OCT261760CE,ATHERENERG,27OCT2026,176000.000000,375,OPTSTK,NFO,5.000000,15001,False
72878,ATHERENERG27OCT261800CE,ATHERENERG,27OCT2026,180000.000000,375,OPTSTK,NFO,5.000000,15001,False
72890,ATHERENERG27OCT261920CE,ATHERENERG,27OCT2026,192000.000000,375,OPTSTK,NFO,5.000000,15001,False
125067,PRESTIGE27OCT261460PE,PRESTIGE,27OCT2026,146000.000000,450,OPTSTK,NFO,5.000000,13501,False
125088,MANAPPURAM29SEP26340PE,MANAPPURAM,29SEP2026,34000.000000,3000,OPTSTK,NFO,5.000000,60001,False
125093,MANAPPURAM29SEP26370CE,MANAPPURAM,29SEP2026,37000.000000,3000,OPTSTK,NFO,5.000000,60001,False
125098,MANAPPURAM29SEP26390PE,MANAPPURAM,29SEP2026,39000.000000,3000,OPTSTK,NFO,5.000000,60001,False
125113,PRESTIGE27OCT261740PE,PRESTIGE,27OCT2026,174000.000000,450,OPTSTK,NFO,5.000000,13501,False
125184,PRESTIGE23NOV261400CE,PRESTIGE,23NOV2026,140000.000000,450,OPTSTK,NFO,5.000000,13501,False
125202,PRESTIGE23NOV261760CE,PRESTIGE,23NOV2026,176000.000000,450,OPTSTK,NFO,5.000000,13501,False
125275,RADICO27OCT264650PE,RADICO,27OCT2026,465000.000000,150,OPTSTK,NFO,5.000000,6001,False
72893,MIDCPNIFTY29SEP2614375PE,MIDCPNIFTY,29SEP2026,1437500.000000,120,OPTIDX,NFO,5.000000,2801,False
72941,MIDCPNIFTY29SEP2614525PE,MIDCPNIFTY,29SEP2026,1452500.000000,120,OPTIDX,NFO,5.000000,2801,False
72944,MIDCPNIFTY29SEP2614575CE,MIDCPNIFTY,29SEP2026,1457500.000000,120,OPTIDX,NFO,5.000000,2801,False
72953,MIDCPNIFTY29SEP2614675PE,MIDCPNIFTY,29SEP2026,1467500.000000,120,OPTIDX,NFO,5.000000,2801,False
72955,MIDCPNIFTY29SEP2614700PE,MIDCPNIFTY,29SEP2026,1470000.000000,120,OPTIDX,NFO,5.000000,2801,False
72963,MIDCPNIFTY29SEP2614800PE,MIDCPNIFTY,29SEP2026,1480000.000000,120,OPTIDX,NFO,5.000000,2801,False
72975,MIDCPNIFTY29SEP2614925PE,MIDCPNIFTY,29SEP2026,1492500.000000,120,OPTIDX,NFO,5.000000,2801,False
73008,ATHERENERG23NOV261440PE,ATHERENERG,23NOV2026,144000.000000,375,OPTSTK,NFO,5.000000,15001,False
125282,RADICO27OCT264850PE,RADICO,27OCT2026,485000.000000,150,OPTSTK,NFO,5.000000,6001,False
125283,RADICO27OCT264950CE,RADICO,27OCT2026,495000.000000,150,OPTSTK,NFO,5.000000,6001,False
125354,RADICO23NOV265200PE,RADICO,23NOV2026,520000.000000,150,OPTSTK,NFO,5.000000,6001,False
125456,MANKIND29SEP262280CE,MANKIND,29SEP2026,228000.000000,250,OPTSTK,NFO,5.000000,10001,False
73012,ATHERENERG23NOV261520PE,ATHERENERG,23NOV2026,152000.000000,375,OPTSTK,NFO,5.000000,15001,False
73026,ATHERENERG23NOV261760CE,ATHERENERG,23NOV2026,176000.000000,375,OPTSTK,NFO,5.000000,15001,False
73070,FORTIS29SEP26970PE,FORTIS,29SEP2026,97000.000000,775,OPTSTK,NFO,5.000000,23251,False
73071,FORTIS29SEP26990CE,FORTIS,29SEP2026,99000.000000,775,OPTSTK,NFO,5.000000,23251,False
125463,MANKIND29SEP262400PE,MANKIND,29SEP2026,240000.000000,250,OPTSTK,NFO,5.000000,10001,False
125473,MANKIND29SEP262600PE,MANKIND,29SEP2026,260000.000000,250,OPTSTK,NFO,5.000000,10001,False
125522,RBLBANK27OCT26425PE,RBLBANK,27OCT2026,42500.000000,3175,OPTSTK,NFO,5.000000,63501,False
125533,RBLBANK27OCT26465PE,RBLBANK,27OCT2026,46500.000000,3175,OPTSTK,NFO,5.000000,63501,False
73079,FORTIS29SEP261050PE,FORTIS,29SEP2026,105000.000000,775,OPTSTK,NFO,5.000000,23251,False
73118,MIDCPNIFTY29SEP2615625CE,MIDCPNIFTY,29SEP2026,1562500.000000,120,OPTIDX,NFO,5.000000,2801,False
73145,ATHERENERG23NOV262000CE,ATHERENERG,23NOV2026,200000.000000,375,OPTSTK,NFO,5.000000,15001,False
73209,FORTIS27OCT26760CE,FORTIS,27OCT2026,76000.000000,775,OPTSTK,NFO,5.000000,23251,False
125566,RBLBANK23NOV26320PE,RBLBANK,23NOV2026,32000.000000,3175,OPTSTK,NFO,5.000000,63501,False
125570,RBLBANK23NOV26340PE,RBLBANK,23NOV2026,34000.000000,3175,OPTSTK,NFO,5.000000,63501,False
125575,RBLBANK23NOV26370CE,RBLBANK,23NOV2026,37000.000000,3175,OPTSTK,NFO,5.000000,63501,False
125576,RBLBANK23NOV26370PE,RBLBANK,23NOV2026,37000.000000,3175,OPTSTK,NFO,5.000000,63501,False
73234,FORTIS27OCT26980CE,FORTIS,27OCT2026,98000.000000,775,OPTSTK,NFO,5.000000,23251,False
73235,FORTIS27OCT26980PE,FORTIS,27OCT2026,98000.000000,775,OPTSTK,NFO,5.000000,23251,False
73238,FORTIS27OCT261000PE,FORTIS,27OCT2026,100000.000000,775,OPTSTK,NFO,5.000000,23251,False
73240,FORTIS27OCT261020PE,FORTIS,27OCT2026,102000.000000,775,OPTSTK,NFO,5.000000,23251,False
125604,RBLBANK23NOV26410PE,RBLBANK,23NOV2026,41000.000000,3175,OPTSTK,NFO,5.000000,63501,False
125654,RECLTD27OCT26305PE,RECLTD,27OCT2026,30500.000000,1575,OPTSTK,NFO,5.000000,63001,False
125657,RECLTD27OCT26325CE,RECLTD,27OCT2026,32500.000000,1575,OPTSTK,NFO,5.000000,63001,False
125662,RECLTD27OCT26345PE,RECLTD,27OCT2026,34500.000000,1575,OPTSTK,NFO,5.000000,63001,False
73270,AUBANK27OCT261220PE,AUBANK,27OCT2026,122000.000000,1000,OPTSTK,NFO,5.000000,20001,False
73295,MIDCPNIFTY29SEP2616200PE,MIDCPNIFTY,29SEP2026,1620000.000000,120,OPTIDX,NFO,5.000000,2801,False
73511,AUBANK23NOV261160PE,AUBANK,23NOV2026,116000.000000,1000,OPTSTK,NFO,5.000000,20001,False
73514,AUBANK23NOV261240CE,AUBANK,23NOV2026,124000.000000,1000,OPTSTK,NFO,5.000000,20001,False
125684,MARICO29SEP26720PE,MARICO,29SEP2026,72000.000000,1200,OPTSTK,NFO,5.000000,36001,False
125685,MARICO29SEP26740CE,MARICO,29SEP2026,74000.000000,1200,OPTSTK,NFO,5.000000,36001,False
125725,RECLTD23NOV26310CE,RECLTD,23NOV2026,31000.000000,1575,OPTSTK,NFO,5.000000,63001,False
125726,RECLTD23NOV26310PE,RECLTD,23NOV2026,31000.000000,1575,OPTSTK,NFO,5.000000,63001,False
73721,AUROPHARMA27OCT261620CE,AUROPHARMA,27OCT2026,162000.000000,550,OPTSTK,NFO,5.000000,16501,False
73769,AUROPHARMA23NOV261440CE,AUROPHARMA,23NOV2026,144000.000000,550,OPTSTK,NFO,5.000000,16501,False
73772,AUROPHARMA23NOV261480PE,AUROPHARMA,23NOV2026,148000.000000,550,OPTSTK,NFO,5.000000,16501,False
73789,AUROPHARMA23NOV261760CE,AUROPHARMA,23NOV2026,176000.000000,550,OPTSTK,NFO,5.000000,16501,False
125746,RECLTD23NOV26380PE,RECLTD,23NOV2026,38000.000000,1575,OPTSTK,NFO,5.000000,63001,False
125758,MARICO29SEP26820CE,MARICO,29SEP2026,82000.000000,1200,OPTSTK,NFO,5.000000,36001,False
125784,MARICO29SEP26960PE,MARICO,29SEP2026,96000.000000,1200,OPTSTK,NFO,5.000000,36001,False
125840,RELIANCE27OCT261150PE,RELIANCE,27OCT2026,115000.000000,500,OPTSTK,NFO,5.000000,20001,False
73790,AUROPHARMA23NOV261760PE,AUROPHARMA,23NOV2026,176000.000000,550,OPTSTK,NFO,5.000000,16501,False
73849,NIFTY29SEP2621750CE,NIFTY,29SEP2026,2175000.000000,65,OPTIDX,NFO,5.000000,1801,False
73859,NIFTY29SEP2621950CE,NIFTY,29SEP2026,2195000.000000,65,OPTIDX,NFO,5.000000,1801,False
73874,NIFTY29SEP2622200PE,NIFTY,29SEP2026,2220000.000000,65,OPTIDX,NFO,5.000000,1801,False
125911,RELIANCE27OCT261390CE,RELIANCE,27OCT2026,139000.000000,500,OPTSTK,NFO,5.000000,20001,False
125975,RELIANCE23NOV261080CE,RELIANCE,23NOV2026,108000.000000,500,OPTSTK,NFO,5.000000,20001,False
125994,RELIANCE23NOV261260PE,RELIANCE,23NOV2026,126000.000000,500,OPTSTK,NFO,5.000000,20001,False
125996,RELIANCE23NOV261280PE,RELIANCE,23NOV2026,128000.000000,500,OPTSTK,NFO,5.000000,20001,False
73897,NIFTY29SEP2622850CE,NIFTY,29SEP2026,2285000.000000,65,OPTIDX,NFO,5.000000,1801,False
73908,NIFTY29SEP2623150CE,NIFTY,29SEP2026,2315000.000000,65,OPTIDX,NFO,5.000000,1801,False
73910,NIFTY29SEP2623200CE,NIFTY,29SEP2026,2320000.000000,65,OPTIDX,NFO,5.000000,1801,False
73924,NIFTY29SEP2623300PE,NIFTY,29SEP2026,2330000.000000,65,OPTIDX,NFO,5.000000,1801,False
125997,RELIANCE23NOV261300CE,RELIANCE,23NOV2026,130000.000000,500,OPTSTK,NFO,5.000000,20001,False
125999,RELIANCE23NOV261320CE,RELIANCE,23NOV2026,132000.000000,500,OPTSTK,NFO,5.000000,20001,False
126000,RELIANCE23NOV261320PE,RELIANCE,23NOV2026,132000.000000,500,OPTSTK,NFO,5.000000,20001,False
126003,RELIANCE23NOV261360CE,RELIANCE,23NOV2026,136000.000000,500,OPTSTK,NFO,5.000000,20001,False
73975,AXISBANK27OCT261220CE,AXISBANK,27OCT2026,122000.000000,625,OPTSTK,NFO,5.000000,18751,False
73976,AXISBANK27OCT261220PE,AXISBANK,27OCT2026,122000.000000,625,OPTSTK,NFO,5.000000,18751,False
73987,AXISBANK27OCT261420CE,AXISBANK,27OCT2026,142000.000000,625,OPTSTK,NFO,5.000000,18751,False
73994,NIFTY29SEP2623500PE,NIFTY,29SEP2026,2350000.000000,65,OPTIDX,NFO,5.000000,1801,False
126006,RELIANCE23NOV261380CE,RELIANCE,23NOV2026,138000.000000,500,OPTSTK,NFO,5.000000,20001,False
126070,RVNL27OCT26195PE,RVNL,27OCT2026,19500.000000,1925,OPTSTK,NFO,1.000000,96251,False
126114,RVNL23NOV26220PE,RVNL,23NOV2026,22000.000000,1925,OPTSTK,NFO,1.000000,96251,False
126172,SAGILITY29SEP2645PE,SAGILITY,29SEP2026,4500.000000,12000,OPTSTK,NFO,1.000000,480001,False
74116,NIFTY29SEP2624450CE,NIFTY,29SEP2026,2445000.000000,65,OPTIDX,NFO,5.000000,1801,False
74141,AXISBANK23NOV26960CE,AXISBANK,23NOV2026,96000.000000,625,OPTSTK,NFO,5.000000,18751,False
74142,AXISBANK23NOV26960PE,AXISBANK,23NOV2026,96000.000000,625,OPTSTK,NFO,5.000000,18751,False
74145,AXISBANK23NOV261040CE,AXISBANK,23NOV2026,104000.000000,625,OPTSTK,NFO,5.000000,18751,False
126174,SAGILITY29SEP2646PE,SAGILITY,29SEP2026,4600.000000,12000,OPTSTK,NFO,1.000000,480001,False
126178,SAGILITY29SEP2648PE,SAGILITY,29SEP2026,4800.000000,12000,OPTSTK,NFO,1.000000,480001,False
126186,SAGILITY29SEP2652PE,SAGILITY,29SEP2026,5200.000000,12000,OPTSTK,NFO,1.000000,480001,False
126234,SAGILITY27OCT2644PE,SAGILITY,27OCT2026,4400.000000,12000,OPTSTK,NFO,1.000000,480001,False
74151,AXISBANK23NOV261160CE,AXISBANK,23NOV2026,116000.000000,625,OPTSTK,NFO,5.000000,18751,False
74159,AXISBANK23NOV261320CE,AXISBANK,23NOV2026,132000.000000,625,OPTSTK,NFO,5.000000,18751,False
74166,AXISBANK23NOV261440PE,AXISBANK,23NOV2026,144000.000000,625,OPTSTK,NFO,5.000000,18751,False
74241,NIFTY29SEP2624500CE,NIFTY,29SEP2026,2450000.000000,65,OPTIDX,NFO,5.000000,1801,False
126243,SAGILITY27OCT2649CE,SAGILITY,27OCT2026,4900.000000,12000,OPTSTK,NFO,1.000000,480001,False
126244,SAGILITY27OCT2649PE,SAGILITY,27OCT2026,4900.000000,12000,OPTSTK,NFO,1.000000,480001,False
126295,SAGILITY23NOV2644PE,SAGILITY,23NOV2026,4400.000000,12000,OPTSTK,NFO,1.000000,480001,False
126297,SAGILITY23NOV2646PE,SAGILITY,23NOV2026,4600.000000,12000,OPTSTK,NFO,1.000000,480001,False
74250,GAIL29SEP26172.5CE,GAIL,29SEP2026,17250.000000,3550,OPTSTK,NFO,1.000000,142001,False
74349,BAJAJ-AUTO27OCT2610700PE,BAJAJ-AUTO,27OCT2026,1070000.000000,75,OPTSTK,NFO,5.000000,2251,False
74354,NIFTY29SEP2624700PE,NIFTY,29SEP2026,2470000.000000,65,OPTIDX,NFO,5.000000,1801,False
74359,NIFTY29SEP2624850CE,NIFTY,29SEP2026,2485000.000000,65,OPTIDX,NFO,5.000000,1801,False
126298,SAGILITY23NOV2648CE,SAGILITY,23NOV2026,4800.000000,12000,OPTSTK,NFO,1.000000,480001,False
126384,SAIL27OCT26192.5PE,SAIL,27OCT2026,19250.000000,4700,OPTSTK,NFO,1.000000,141001,False
126395,MARUTI29SEP2610400CE,MARUTI,29SEP2026,1040000.000000,50,OPTSTK,NFO,5.000000,2001,False
126402,SAIL27OCT26207.5PE,SAIL,27OCT2026,20750.000000,4700,OPTSTK,NFO,1.000000,141001,False
74384,NIFTY29SEP2625250CE,NIFTY,29SEP2026,2525000.000000,65,OPTIDX,NFO,5.000000,1801,False
74393,BAJAJ-AUTO27OCT2611300PE,BAJAJ-AUTO,27OCT2026,1130000.000000,75,OPTSTK,NFO,5.000000,2251,False
74401,BAJAJ-AUTO27OCT2611700CE,BAJAJ-AUTO,27OCT2026,1170000.000000,75,OPTSTK,NFO,5.000000,2251,False
74411,BAJAJ-AUTO27OCT2612500CE,BAJAJ-AUTO,27OCT2026,1250000.000000,75,OPTSTK,NFO,5.000000,2251,False
126435,MARUTI29SEP2613800CE,MARUTI,29SEP2026,1380000.000000,50,OPTSTK,NFO,5.000000,2001,False
126589,SBICARD27OCT26570PE,SBICARD,27OCT2026,57000.000000,800,OPTSTK,NFO,5.000000,40001,False
126608,SBICARD27OCT26750CE,SBICARD,27OCT2026,75000.000000,800,OPTSTK,NFO,5.000000,40001,False
126647,SBICARD23NOV26600PE,SBICARD,23NOV2026,60000.000000,800,OPTSTK,NFO,5.000000,40001,False
126655,SBICARD23NOV26680PE,SBICARD,23NOV2026,68000.000000,800,OPTSTK,NFO,5.000000,40001,False
126718,SBILIFE27OCT261660CE,SBILIFE,27OCT2026,166000.000000,375,OPTSTK,NFO,5.000000,15001,False
126721,SBILIFE27OCT261700PE,SBILIFE,27OCT2026,170000.000000,375,OPTSTK,NFO,5.000000,15001,False
126821,SBILIFE23NOV261440CE,SBILIFE,23NOV2026,144000.000000,375,OPTSTK,NFO,5.000000,15001,False
74413,NIFTY29SEP2625600PE,NIFTY,29SEP2026,2560000.000000,65,OPTIDX,NFO,5.000000,1801,False
74442,NIFTY29SEP2626100CE,NIFTY,29SEP2026,2610000.000000,65,OPTIDX,NFO,5.000000,1801,False
74482,NIFTY29SEP2626500PE,NIFTY,29SEP2026,2650000.000000,65,OPTIDX,NFO,5.000000,1801,False
74491,NIFTY29SEP2626750CE,NIFTY,29SEP2026,2675000.000000,65,OPTIDX,NFO,5.000000,1801,False
74495,NIFTY29SEP2626850CE,NIFTY,29SEP2026,2685000.000000,65,OPTIDX,NFO,5.000000,1801,False
74504,NIFTY29SEP2627100PE,NIFTY,29SEP2026,2710000.000000,65,OPTIDX,NFO,5.000000,1801,False
74610,GAIL27OCT26145PE,GAIL,27OCT2026,14500.000000,3550,OPTSTK,NFO,1.000000,142001,False
74619,GAIL27OCT26170CE,GAIL,27OCT2026,17000.000000,3550,OPTSTK,NFO,1.000000,142001,False
126822,SBILIFE23NOV261440PE,SBILIFE,23NOV2026,144000.000000,375,OPTSTK,NFO,5.000000,15001,False
126864,SBILIFE23NOV261680PE,SBILIFE,23NOV2026,168000.000000,375,OPTSTK,NFO,5.000000,15001,False
126944,MAXHEALTH29SEP26920PE,MAXHEALTH,29SEP2026,92000.000000,525,OPTSTK,NFO,5.000000,21001,False
126947,MAXHEALTH29SEP26960CE,MAXHEALTH,29SEP2026,96000.000000,525,OPTSTK,NFO,5.000000,21001,False
126967,MAXHEALTH29SEP261160CE,MAXHEALTH,29SEP2026,116000.000000,525,OPTSTK,NFO,5.000000,21001,False
126972,MAXHEALTH29SEP261200PE,MAXHEALTH,29SEP2026,120000.000000,525,OPTSTK,NFO,5.000000,21001,False
127004,SBIN27OCT26950CE,SBIN,27OCT2026,95000.000000,750,OPTSTK,NFO,5.000000,22501,False
127016,SBIN27OCT261070CE,SBIN,27OCT2026,107000.000000,750,OPTSTK,NFO,5.000000,22501,False
74641,NIFTY24JUN3118000CE,NIFTY,24JUN2031,1800000.000000,65,OPTIDX,NFO,5.000000,1801,False
74645,NIFTY24JUN3121000CE,NIFTY,24JUN2031,2100000.000000,65,OPTIDX,NFO,5.000000,1801,False
74647,NIFTY24JUN3122500CE,NIFTY,24JUN2031,2250000.000000,65,OPTIDX,NFO,5.000000,1801,False
74664,NIFTY24JUN3131500PE,NIFTY,24JUN2031,3150000.000000,65,OPTIDX,NFO,5.000000,1801,False
74679,GAIL27OCT26175CE,GAIL,27OCT2026,17500.000000,3550,OPTSTK,NFO,1.000000,142001,False
74853,NIFTYNXT5029SEP2661000CE,NIFTYNXT50,29SEP2026,6100000.000000,25,OPTIDX,NFO,5.000000,601,False
74861,BAJAJ-AUTO23NOV2610600PE,BAJAJ-AUTO,23NOV2026,1060000.000000,75,OPTSTK,NFO,5.000000,2251,False
74877,GLENMARK29SEP262060PE,GLENMARK,29SEP2026,206000.000000,375,OPTSTK,NFO,5.000000,11251,False
127018,SBIN27OCT261090CE,SBIN,27OCT2026,109000.000000,750,OPTSTK,NFO,5.000000,22501,False
127139,SBIN23NOV26840PE,SBIN,23NOV2026,84000.000000,750,OPTSTK,NFO,5.000000,22501,False
127160,SBIN23NOV261060CE,SBIN,23NOV2026,106000.000000,750,OPTSTK,NFO,5.000000,22501,False
127163,SBIN23NOV261080PE,SBIN,23NOV2026,108000.000000,750,OPTSTK,NFO,5.000000,22501,False
74892,GLENMARK29SEP262340PE,GLENMARK,29SEP2026,234000.000000,375,OPTSTK,NFO,5.000000,11251,False
74895,NIFTYNXT5029SEP2661500CE,NIFTYNXT50,29SEP2026,6150000.000000,25,OPTIDX,NFO,5.000000,601,False
74896,NIFTYNXT5029SEP2661500PE,NIFTYNXT50,29SEP2026,6150000.000000,25,OPTIDX,NFO,5.000000,601,False
75076,BAJAJFINSV27OCT261780PE,BAJAJFINSV,27OCT2026,178000.000000,300,OPTSTK,NFO,5.000000,12001,False
127167,SBIN23NOV261120PE,SBIN,23NOV2026,112000.000000,750,OPTSTK,NFO,5.000000,22501,False
127174,SBIN23NOV261200CE,SBIN,23NOV2026,120000.000000,750,OPTSTK,NFO,5.000000,22501,False
127178,SBIN23NOV261240CE,SBIN,23NOV2026,124000.000000,750,OPTSTK,NFO,5.000000,22501,False
127228,SHREECEM27OCT2623250CE,SHREECEM,27OCT2026,2325000.000000,25,OPTSTK,NFO,5.000000,1001,False
75154,NIFTYNXT5029SEP2665700CE,NIFTYNXT50,29SEP2026,6570000.000000,25,OPTIDX,NFO,5.000000,601,False
75079,BAJAJFINSV27OCT261860CE,BAJAJFINSV,27OCT2026,186000.000000,300,OPTSTK,NFO,5.000000,12001,False
75086,BAJAJFINSV27OCT261900CE,BAJAJFINSV,27OCT2026,190000.000000,300,OPTSTK,NFO,5.000000,12001,False
75087,BAJAJFINSV27OCT261900PE,BAJAJFINSV,27OCT2026,190000.000000,300,OPTSTK,NFO,5.000000,12001,False
127243,SHREECEM27OCT2626750PE,SHREECEM,27OCT2026,2675000.000000,25,OPTSTK,NFO,5.000000,1001,False
127300,SHREECEM23NOV2621500CE,SHREECEM,23NOV2026,2150000.000000,25,OPTSTK,NFO,5.000000,1001,False
127305,SHREECEM23NOV2622500PE,SHREECEM,23NOV2026,2250000.000000,25,OPTSTK,NFO,5.000000,1001,False
127306,SHREECEM23NOV2623000CE,SHREECEM,23NOV2026,2300000.000000,25,OPTSTK,NFO,5.000000,1001,False
75175,NIFTYNXT5029SEP2666000PE,NIFTYNXT50,29SEP2026,6600000.000000,25,OPTIDX,NFO,5.000000,601,False
75222,NIFTYNXT5029SEP2666200PE,NIFTYNXT50,29SEP2026,6620000.000000,25,OPTIDX,NFO,5.000000,601,False
75230,GMRAIRPORT29SEP2683PE,GMRAIRPORT,29SEP2026,8300.000000,6975,OPTSTK,NFO,1.000000,209251,False
75232,NIFTYNXT5029SEP2666500PE,NIFTYNXT50,29SEP2026,6650000.000000,25,OPTIDX,NFO,5.000000,601,False
127322,SHREECEM23NOV2627000CE,SHREECEM,23NOV2026,2700000.000000,25,OPTSTK,NFO,5.000000,1001,False
127379,SHRIRAMFIN27OCT261020PE,SHRIRAMFIN,27OCT2026,102000.000000,825,OPTSTK,NFO,5.000000,24751,False
127456,SHRIRAMFIN23NOV26880PE,SHRIRAMFIN,23NOV2026,88000.000000,825,OPTSTK,NFO,5.000000,24751,False
127461,MAZDOCK29SEP262400PE,MAZDOCK,29SEP2026,240000.000000,225,OPTSTK,NFO,5.000000,9001,False
75235,NIFTYNXT5029SEP2666700CE,NIFTYNXT50,29SEP2026,6670000.000000,25,OPTIDX,NFO,5.000000,601,False
75243,NIFTYNXT5029SEP2667100CE,NIFTYNXT50,29SEP2026,6710000.000000,25,OPTIDX,NFO,5.000000,601,False
75244,GMRAIRPORT29SEP2685PE,GMRAIRPORT,29SEP2026,8500.000000,6975,OPTSTK,NFO,1.000000,209251,False
75250,GMRAIRPORT29SEP2691PE,GMRAIRPORT,29SEP2026,9100.000000,6975,OPTSTK,NFO,1.000000,209251,False
127666,SIEMENS23NOV263800CE,SIEMENS,23NOV2026,380000.000000,175,OPTSTK,NFO,5.000000,7001,False
127667,SIEMENS23NOV263800PE,SIEMENS,23NOV2026,380000.000000,175,OPTSTK,NFO,5.000000,7001,False
127721,SOLARINDS27OCT2618250PE,SOLARINDS,27OCT2026,1825000.000000,50,OPTSTK,NFO,5.000000,1501,False
127724,SOLARINDS27OCT2619250CE,SOLARINDS,27OCT2026,1925000.000000,50,OPTSTK,NFO,5.000000,1501,False
75258,NIFTYNXT5029SEP2667300PE,NIFTYNXT50,29SEP2026,6730000.000000,25,OPTIDX,NFO,5.000000,601,False
75259,NIFTYNXT5029SEP2667400CE,NIFTYNXT50,29SEP2026,6740000.000000,25,OPTIDX,NFO,5.000000,601,False
75270,GMRAIRPORT29SEP26103CE,GMRAIRPORT,29SEP2026,10300.000000,6975,OPTSTK,NFO,1.000000,209251,False
75294,NIFTYNXT5029SEP2667600CE,NIFTYNXT50,29SEP2026,6760000.000000,25,OPTIDX,NFO,5.000000,601,False
127744,SOLARINDS27OCT2624250CE,SOLARINDS,27OCT2026,2425000.000000,50,OPTSTK,NFO,5.000000,1501,False
127835,SOLARINDS23NOV2617000CE,SOLARINDS,23NOV2026,1700000.000000,50,OPTSTK,NFO,5.000000,1501,False
127850,SOLARINDS23NOV2620500PE,SOLARINDS,23NOV2026,2050000.000000,50,OPTSTK,NFO,5.000000,1501,False
127851,SOLARINDS23NOV2621000CE,SOLARINDS,23NOV2026,2100000.000000,50,OPTSTK,NFO,5.000000,1501,False
75297,NIFTYNXT5029SEP2667700PE,NIFTYNXT50,29SEP2026,6770000.000000,25,OPTIDX,NFO,5.000000,601,False
75318,NIFTYNXT5029SEP2668700PE,NIFTYNXT50,29SEP2026,6870000.000000,25,OPTIDX,NFO,5.000000,601,False
75324,NIFTYNXT5029SEP2669000PE,NIFTYNXT50,29SEP2026,6900000.000000,25,OPTIDX,NFO,5.000000,601,False
75328,NIFTYNXT5029SEP2669200PE,NIFTYNXT50,29SEP2026,6920000.000000,25,OPTIDX,NFO,5.000000,601,False
127878,MCX29SEP263000CE,MCX,29SEP2026,300000.000000,225,OPTSTK,NFO,5.000000,6751,False
127882,MCX29SEP263200CE,MCX,29SEP2026,320000.000000,225,OPTSTK,NFO,5.000000,6751,False
127885,MCX29SEP263300PE,MCX,29SEP2026,330000.000000,225,OPTSTK,NFO,5.000000,6751,False
127890,MCX29SEP263600CE,MCX,29SEP2026,360000.000000,225,OPTSTK,NFO,5.000000,6751,False
75341,NIFTYNXT5029SEP2669900CE,NIFTYNXT50,29SEP2026,6990000.000000,25,OPTIDX,NFO,5.000000,601,False
75347,NIFTYNXT5029SEP2670200CE,NIFTYNXT50,29SEP2026,7020000.000000,25,OPTIDX,NFO,5.000000,601,False
75355,BAJAJFINSV27OCT262180PE,BAJAJFINSV,27OCT2026,218000.000000,300,OPTSTK,NFO,5.000000,12001,False
75436,GMRAIRPORT27OCT2684CE,GMRAIRPORT,27OCT2026,8400.000000,6975,OPTSTK,NFO,1.000000,209251,False
127970,MFSL29SEP261240CE,MFSL,29SEP2026,124000.000000,400,OPTSTK,NFO,5.000000,16001,False
127972,MFSL29SEP261280CE,MFSL,29SEP2026,128000.000000,400,OPTSTK,NFO,5.000000,16001,False
127987,MFSL29SEP261560PE,MFSL,29SEP2026,156000.000000,400,OPTSTK,NFO,5.000000,16001,False
128037,SONACOMS27OCT26790PE,SONACOMS,27OCT2026,79000.000000,1225,OPTSTK,NFO,5.000000,36751,False
75454,GMRAIRPORT27OCT2696CE,GMRAIRPORT,27OCT2026,9600.000000,6975,OPTSTK,NFO,1.000000,209251,False
75483,BAJAJFINSV23NOV261680PE,BAJAJFINSV,23NOV2026,168000.000000,300,OPTSTK,NFO,5.000000,12001,False
75486,BAJAJFINSV23NOV261760CE,BAJAJFINSV,23NOV2026,176000.000000,300,OPTSTK,NFO,5.000000,12001,False
75523,NIFTYNXT5029SEP2671900PE,NIFTYNXT50,29SEP2026,7190000.000000,25,OPTIDX,NFO,5.000000,601,False
128174,SRF23NOV262000PE,SRF,23NOV2026,200000.000000,200,OPTSTK,NFO,5.000000,8001,False
128183,SRF23NOV262400CE,SRF,23NOV2026,240000.000000,200,OPTSTK,NFO,5.000000,8001,False
128197,SRF23NOV263000CE,SRF,23NOV2026,300000.000000,200,OPTSTK,NFO,5.000000,8001,False
128247,SUNPHARMA27OCT261740PE,SUNPHARMA,27OCT2026,174000.000000,350,OPTSTK,NFO,5.000000,14001,False
75526,BAJAJFINSV23NOV261920CE,BAJAJFINSV,23NOV2026,192000.000000,300,OPTSTK,NFO,5.000000,12001,False
75537,NIFTYNXT5029SEP2672100PE,NIFTYNXT50,29SEP2026,7210000.000000,25,OPTIDX,NFO,5.000000,601,False
75560,BAJAJFINSV23NOV262240PE,BAJAJFINSV,23NOV2026,224000.000000,300,OPTSTK,NFO,5.000000,12001,False
75640,NIFTYNXT5029SEP2672800CE,NIFTYNXT50,29SEP2026,7280000.000000,25,OPTIDX,NFO,5.000000,601,False
128251,SUNPHARMA27OCT261820CE,SUNPHARMA,27OCT2026,182000.000000,350,OPTSTK,NFO,5.000000,14001,False
128255,SUNPHARMA27OCT261900CE,SUNPHARMA,27OCT2026,190000.000000,350,OPTSTK,NFO,5.000000,14001,False
128280,SUNPHARMA27OCT262140PE,SUNPHARMA,27OCT2026,214000.000000,350,OPTSTK,NFO,5.000000,14001,False
128320,SUNPHARMA23NOV261600PE,SUNPHARMA,23NOV2026,160000.000000,350,OPTSTK,NFO,5.000000,14001,False
75681,NIFTYNXT5029SEP2673600CE,NIFTYNXT50,29SEP2026,7360000.000000,25,OPTIDX,NFO,5.000000,601,False
75689,GODFRYPHLP27OCT262200PE,GODFRYPHLP,27OCT2026,220000.000000,275,OPTSTK,NFO,5.000000,11001,False
75690,GODFRYPHLP27OCT262300CE,GODFRYPHLP,27OCT2026,230000.000000,275,OPTSTK,NFO,5.000000,11001,False
75746,NIFTYNXT5029SEP2673900PE,NIFTYNXT50,29SEP2026,7390000.000000,25,OPTIDX,NFO,5.000000,601,False
128321,SUNPHARMA23NOV261640CE,SUNPHARMA,23NOV2026,164000.000000,350,OPTSTK,NFO,5.000000,14001,False
128332,SUNPHARMA23NOV261840PE,SUNPHARMA,23NOV2026,184000.000000,350,OPTSTK,NFO,5.000000,14001,False
128336,SUNPHARMA23NOV261920PE,SUNPHARMA,23NOV2026,192000.000000,350,OPTSTK,NFO,5.000000,14001,False
128337,SUNPHARMA23NOV261960CE,SUNPHARMA,23NOV2026,196000.000000,350,OPTSTK,NFO,5.000000,14001,False
75760,GODREJCP29SEP26700CE,GODREJCP,29SEP2026,70000.000000,500,OPTSTK,NFO,5.000000,25001,False
75773,NIFTYNXT5029SEP2674400PE,NIFTYNXT50,29SEP2026,7440000.000000,25,OPTIDX,NFO,5.000000,601,False
75779,NIFTYNXT5029SEP2674700CE,NIFTYNXT50,29SEP2026,7470000.000000,25,OPTIDX,NFO,5.000000,601,False
75780,NIFTYNXT5029SEP2674700PE,NIFTYNXT50,29SEP2026,7470000.000000,25,OPTIDX,NFO,5.000000,601,False
128338,SUNPHARMA23NOV261960PE,SUNPHARMA,23NOV2026,196000.000000,350,OPTSTK,NFO,5.000000,14001,False
128340,SUNPHARMA23NOV262000PE,SUNPHARMA,23NOV2026,200000.000000,350,OPTSTK,NFO,5.000000,14001,False
128342,SUNPHARMA23NOV262040PE,SUNPHARMA,23NOV2026,204000.000000,350,OPTSTK,NFO,5.000000,14001,False
128346,SUNPHARMA23NOV262120PE,SUNPHARMA,23NOV2026,212000.000000,350,OPTSTK,NFO,5.000000,14001,False
75782,NIFTYNXT5029SEP2674800PE,NIFTYNXT50,29SEP2026,7480000.000000,25,OPTIDX,NFO,5.000000,601,False
75793,GODREJCP29SEP26810PE,GODREJCP,29SEP2026,81000.000000,500,OPTSTK,NFO,5.000000,25001,False
75794,GODREJCP29SEP26830CE,GODREJCP,29SEP2026,83000.000000,500,OPTSTK,NFO,5.000000,25001,False
75795,GODREJCP29SEP26830PE,GODREJCP,29SEP2026,83000.000000,500,OPTSTK,NFO,5.000000,25001,False
128350,SUNPHARMA23NOV262200PE,SUNPHARMA,23NOV2026,220000.000000,350,OPTSTK,NFO,5.000000,14001,False
128403,SUPREMEIND27OCT263350PE,SUPREMEIND,27OCT2026,335000.000000,175,OPTSTK,NFO,5.000000,7001,False
128415,SUPREMEIND27OCT263950CE,SUPREMEIND,27OCT2026,395000.000000,175,OPTSTK,NFO,5.000000,7001,False
128460,SUPREMEIND23NOV263100PE,SUPREMEIND,23NOV2026,310000.000000,175,OPTSTK,NFO,5.000000,7001,False
75799,GODREJCP29SEP26870PE,GODREJCP,29SEP2026,87000.000000,500,OPTSTK,NFO,5.000000,25001,False
75800,GODREJCP29SEP26890CE,GODREJCP,29SEP2026,89000.000000,500,OPTSTK,NFO,5.000000,25001,False
75818,GODREJCP29SEP261010PE,GODREJCP,29SEP2026,101000.000000,500,OPTSTK,NFO,5.000000,25001,False
75822,GODREJCP29SEP261050CE,GODREJCP,29SEP2026,105000.000000,500,OPTSTK,NFO,5.000000,25001,False
128461,SUPREMEIND23NOV263200CE,SUPREMEIND,23NOV2026,320000.000000,175,OPTSTK,NFO,5.000000,7001,False
128531,MOTHERSON29SEP26125PE,MOTHERSON,29SEP2026,12500.000000,6150,OPTSTK,NFO,1.000000,184501,False
128540,MOTHERSON29SEP26150CE,MOTHERSON,29SEP2026,15000.000000,6150,OPTSTK,NFO,1.000000,184501,False
128542,MOTHERSON29SEP26155CE,MOTHERSON,29SEP2026,15500.000000,6150,OPTSTK,NFO,1.000000,184501,False
75846,NIFTYNXT5029SEP2675800PE,NIFTYNXT50,29SEP2026,7580000.000000,25,OPTIDX,NFO,5.000000,601,False
75851,NIFTYNXT5029SEP2675900CE,NIFTYNXT50,29SEP2026,7590000.000000,25,OPTIDX,NFO,5.000000,601,False
75852,NIFTYNXT5029SEP2675900PE,NIFTYNXT50,29SEP2026,7590000.000000,25,OPTIDX,NFO,5.000000,601,False
75862,NIFTYNXT5029SEP2676300PE,NIFTYNXT50,29SEP2026,7630000.000000,25,OPTIDX,NFO,5.000000,601,False
128552,MOTHERSON29SEP26180CE,MOTHERSON,29SEP2026,18000.000000,6150,OPTSTK,NFO,1.000000,184501,False
128674,SWIGGY27OCT26255CE,SWIGGY,27OCT2026,25500.000000,1825,OPTSTK,NFO,5.000000,73001,False
128676,SWIGGY27OCT26265CE,SWIGGY,27OCT2026,26500.000000,1825,OPTSTK,NFO,5.000000,73001,False
128821,SWIGGY23NOV26320CE,SWIGGY,23NOV2026,32000.000000,1825,OPTSTK,NFO,5.000000,73001,False
75909,GODREJCP27OCT26780CE,GODREJCP,27OCT2026,78000.000000,500,OPTSTK,NFO,5.000000,25001,False
75913,GODREJCP27OCT26820CE,GODREJCP,27OCT2026,82000.000000,500,OPTSTK,NFO,5.000000,25001,False
75914,GODREJCP27OCT26820PE,GODREJCP,27OCT2026,82000.000000,500,OPTSTK,NFO,5.000000,25001,False
75929,GODREJCP27OCT26900CE,GODREJCP,27OCT2026,90000.000000,500,OPTSTK,NFO,5.000000,25001,False
128902,MOTILALOFS29SEP26960PE,MOTILALOFS,29SEP2026,96000.000000,775,OPTSTK,NFO,5.000000,23251,False
128930,MOTILALOFS29SEP261120PE,MOTILALOFS,29SEP2026,112000.000000,775,OPTSTK,NFO,5.000000,23251,False
128942,TATACONSUM27OCT261130CE,TATACONSUM,27OCT2026,113000.000000,550,OPTSTK,NFO,5.000000,22001,False
129035,TATACONSUM23NOV26880PE,TATACONSUM,23NOV2026,88000.000000,550,OPTSTK,NFO,5.000000,22001,False
75935,GODREJCP27OCT26960CE,GODREJCP,27OCT2026,96000.000000,500,OPTSTK,NFO,5.000000,25001,False
75946,GODREJCP27OCT261060PE,GODREJCP,27OCT2026,106000.000000,500,OPTSTK,NFO,5.000000,25001,False
75947,GODREJCP27OCT261080CE,GODREJCP,27OCT2026,108000.000000,500,OPTSTK,NFO,5.000000,25001,False
75981,NIFTYNXT5029SEP2677700CE,NIFTYNXT50,29SEP2026,7770000.000000,25,OPTIDX,NFO,5.000000,601,False
129040,TATACONSUM23NOV26940CE,TATACONSUM,23NOV2026,94000.000000,550,OPTSTK,NFO,5.000000,22001,False
129041,TATACONSUM23NOV26940PE,TATACONSUM,23NOV2026,94000.000000,550,OPTSTK,NFO,5.000000,22001,False
129044,TATACONSUM23NOV26980CE,TATACONSUM,23NOV2026,98000.000000,550,OPTSTK,NFO,5.000000,22001,False
129058,TATACONSUM23NOV261120CE,TATACONSUM,23NOV2026,112000.000000,550,OPTSTK,NFO,5.000000,22001,False
76051,NIFTYNXT5029SEP2678400CE,NIFTYNXT50,29SEP2026,7840000.000000,25,OPTIDX,NFO,5.000000,601,False
76058,NIFTYNXT5029SEP2678700PE,NIFTYNXT50,29SEP2026,7870000.000000,25,OPTIDX,NFO,5.000000,601,False
76062,NIFTYNXT5029SEP2678900PE,NIFTYNXT50,29SEP2026,7890000.000000,25,OPTIDX,NFO,5.000000,601,False
76063,NIFTYNXT5029SEP2679000CE,NIFTYNXT50,29SEP2026,7900000.000000,25,OPTIDX,NFO,5.000000,601,False
129060,TATACONSUM23NOV261140CE,TATACONSUM,23NOV2026,114000.000000,550,OPTSTK,NFO,5.000000,22001,False
129118,TATAELXSI27OCT263150CE,TATAELXSI,27OCT2026,315000.000000,125,OPTSTK,NFO,5.000000,6251,False
129121,TATAELXSI27OCT263250PE,TATAELXSI,27OCT2026,325000.000000,125,OPTSTK,NFO,5.000000,6251,False
129124,TATAELXSI27OCT263450CE,TATAELXSI,27OCT2026,345000.000000,125,OPTSTK,NFO,5.000000,6251,False
76065,NIFTYNXT5029SEP2679100CE,NIFTYNXT50,29SEP2026,7910000.000000,25,OPTIDX,NFO,5.000000,601,False
76078,NIFTYNXT5029SEP2679700PE,NIFTYNXT50,29SEP2026,7970000.000000,25,OPTIDX,NFO,5.000000,601,False
76079,BAJAJHLDNG27OCT2611900PE,BAJAJHLDNG,27OCT2026,1190000.000000,75,OPTSTK,NFO,5.000000,2251,False
76139,NIFTYNXT5029SEP2679800CE,NIFTYNXT50,29SEP2026,7980000.000000,25,OPTIDX,NFO,5.000000,601,False
129125,TATAELXSI27OCT263450PE,TATAELXSI,27OCT2026,345000.000000,125,OPTSTK,NFO,5.000000,6251,False
129131,TATAELXSI27OCT263750CE,TATAELXSI,27OCT2026,375000.000000,125,OPTSTK,NFO,5.000000,6251,False
129136,TATAELXSI27OCT263950PE,TATAELXSI,27OCT2026,395000.000000,125,OPTSTK,NFO,5.000000,6251,False
129248,TATAELXSI23NOV263300PE,TATAELXSI,23NOV2026,330000.000000,125,OPTSTK,NFO,5.000000,6251,False
76144,GODREJPROP29SEP261780CE,GODREJPROP,29SEP2026,178000.000000,325,OPTSTK,NFO,5.000000,13001,False
76147,NIFTYNXT5029SEP2680100CE,NIFTYNXT50,29SEP2026,8010000.000000,25,OPTIDX,NFO,5.000000,601,False
76153,GODREJPROP29SEP261900CE,GODREJPROP,29SEP2026,190000.000000,325,OPTSTK,NFO,5.000000,13001,False
76169,NIFTYNXT5029SEP2680400CE,NIFTYNXT50,29SEP2026,8040000.000000,25,OPTIDX,NFO,5.000000,601,False
76171,NIFTYNXT5029SEP2680500CE,NIFTYNXT50,29SEP2026,8050000.000000,25,OPTIDX,NFO,5.000000,601,False
76200,BAJFINANCE27OCT26990PE,BAJFINANCE,27OCT2026,99000.000000,750,OPTSTK,NFO,5.000000,22501,False
76201,BAJFINANCE27OCT261010CE,BAJFINANCE,27OCT2026,101000.000000,750,OPTSTK,NFO,5.000000,22501,False
76205,BAJFINANCE27OCT261050CE,BAJFINANCE,27OCT2026,105000.000000,750,OPTSTK,NFO,5.000000,22501,False
129252,TATAELXSI23NOV263500PE,TATAELXSI,23NOV2026,350000.000000,125,OPTSTK,NFO,5.000000,6251,False
129256,TATAELXSI23NOV263700PE,TATAELXSI,23NOV2026,370000.000000,125,OPTSTK,NFO,5.000000,6251,False
129259,TATAELXSI23NOV263900CE,TATAELXSI,23NOV2026,390000.000000,125,OPTSTK,NFO,5.000000,6251,False
129330,TATAPOWER27OCT26365PE,TATAPOWER,27OCT2026,36500.000000,1450,OPTSTK,NFO,5.000000,58001,False
76217,BAJFINANCE27OCT261170CE,BAJFINANCE,27OCT2026,117000.000000,750,OPTSTK,NFO,5.000000,22501,False
76304,GODREJPROP27OCT261840CE,GODREJPROP,27OCT2026,184000.000000,325,OPTSTK,NFO,5.000000,13001,False
76305,GODREJPROP27OCT261840PE,GODREJPROP,27OCT2026,184000.000000,325,OPTSTK,NFO,5.000000,13001,False
76326,GODREJPROP27OCT262160PE,GODREJPROP,27OCT2026,216000.000000,325,OPTSTK,NFO,5.000000,13001,False
129332,TATAPOWER27OCT26375PE,TATAPOWER,27OCT2026,37500.000000,1450,OPTSTK,NFO,5.000000,58001,False
129333,TATAPOWER27OCT26385CE,TATAPOWER,27OCT2026,38500.000000,1450,OPTSTK,NFO,5.000000,58001,False
129382,TATAPOWER23NOV26320PE,TATAPOWER,23NOV2026,32000.000000,1450,OPTSTK,NFO,5.000000,58001,False
129394,TATAPOWER23NOV26380PE,TATAPOWER,23NOV2026,38000.000000,1450,OPTSTK,NFO,5.000000,58001,False
76397,BANKNIFTY30MAR2755500PE,BANKNIFTY,30MAR2027,5550000.000000,30,OPTIDX,NFO,5.000000,601,False
76433,BANKNIFTY30MAR2766000CE,BANKNIFTY,30MAR2027,6600000.000000,30,OPTIDX,NFO,5.000000,601,False
76518,BAJFINANCE23NOV261040PE,BAJFINANCE,23NOV2026,104000.000000,750,OPTSTK,NFO,5.000000,22501,False
76531,BAJFINANCE23NOV261180CE,BAJFINANCE,23NOV2026,118000.000000,750,OPTSTK,NFO,5.000000,22501,False
129421,TATAPOWER23NOV26440PE,TATAPOWER,23NOV2026,44000.000000,1450,OPTSTK,NFO,5.000000,58001,False
129547,TATASTEEL23NOV26150PE,TATASTEEL,23NOV2026,15000.000000,2750,OPTSTK,NFO,1.000000,137501,False
129572,TATASTEEL23NOV26210CE,TATASTEEL,23NOV2026,21000.000000,2750,OPTSTK,NFO,1.000000,137501,False
129621,MUTHOOTFIN29SEP262300CE,MUTHOOTFIN,29SEP2026,230000.000000,275,OPTSTK,NFO,5.000000,8251,False
76538,BAJFINANCE23NOV261240PE,BAJFINANCE,23NOV2026,124000.000000,750,OPTSTK,NFO,5.000000,22501,False
76647,NIFTYNXT5029SEP2685000PE,NIFTYNXT50,29SEP2026,8500000.000000,25,OPTIDX,NFO,5.000000,601,False
76674,BANDHANBNK27OCT26165PE,BANDHANBNK,27OCT2026,16500.000000,3600,OPTSTK,NFO,1.000000,108001,False
76676,BANDHANBNK27OCT26175PE,BANDHANBNK,27OCT2026,17500.000000,3600,OPTSTK,NFO,1.000000,108001,False
129626,MUTHOOTFIN29SEP262500PE,MUTHOOTFIN,29SEP2026,250000.000000,275,OPTSTK,NFO,5.000000,8251,False
129652,MUTHOOTFIN29SEP263700PE,MUTHOOTFIN,29SEP2026,370000.000000,275,OPTSTK,NFO,5.000000,8251,False
129719,TCS27OCT262540PE,TCS,27OCT2026,254000.000000,225,OPTSTK,NFO,5.000000,9001,False
129768,TCS23NOV261920CE,TCS,23NOV2026,192000.000000,225,OPTSTK,NFO,5.000000,9001,False
76718,BANDHANBNK23NOV26140CE,BANDHANBNK,23NOV2026,14000.000000,3600,OPTSTK,NFO,1.000000,108001,False
76729,BANDHANBNK23NOV26170PE,BANDHANBNK,23NOV2026,17000.000000,3600,OPTSTK,NFO,1.000000,108001,False
76735,BANDHANBNK23NOV26200PE,BANDHANBNK,23NOV2026,20000.000000,3600,OPTSTK,NFO,1.000000,108001,False
76736,BANDHANBNK23NOV26210CE,BANDHANBNK,23NOV2026,21000.000000,3600,OPTSTK,NFO,1.000000,108001,False
129772,TCS23NOV262000CE,TCS,23NOV2026,200000.000000,225,OPTSTK,NFO,5.000000,9001,False
129774,TCS23NOV262040CE,TCS,23NOV2026,204000.000000,225,OPTSTK,NFO,5.000000,9001,False
129797,TCS23NOV262480PE,TCS,23NOV2026,248000.000000,225,OPTSTK,NFO,5.000000,9001,False
129800,TCS23NOV262560CE,TCS,23NOV2026,256000.000000,225,OPTSTK,NFO,5.000000,9001,False
76738,BANDHANBNK23NOV26210PE,BANDHANBNK,23NOV2026,21000.000000,3600,OPTSTK,NFO,1.000000,108001,False
76830,GRASIM29SEP263060PE,GRASIM,29SEP2026,306000.000000,250,OPTSTK,NFO,5.000000,7501,False
76842,GRASIM29SEP263300PE,GRASIM,29SEP2026,330000.000000,250,OPTSTK,NFO,5.000000,7501,False
76845,GRASIM29SEP263380CE,GRASIM,29SEP2026,338000.000000,250,OPTSTK,NFO,5.000000,7501,False
76846,GRASIM29SEP263380PE,GRASIM,29SEP2026,338000.000000,250,OPTSTK,NFO,5.000000,7501,False
76857,GRASIM29SEP263500PE,GRASIM,29SEP2026,350000.000000,250,OPTSTK,NFO,5.000000,7501,False
76865,GRASIM29SEP263660CE,GRASIM,29SEP2026,366000.000000,250,OPTSTK,NFO,5.000000,7501,False
76886,BANKBARODA27OCT26225PE,BANKBARODA,27OCT2026,22500.000000,2925,OPTSTK,NFO,1.000000,87751,False
129897,TECHM27OCT261500PE,TECHM,27OCT2026,150000.000000,600,OPTSTK,NFO,5.000000,18001,False
129962,TECHM23NOV261440CE,TECHM,23NOV2026,144000.000000,600,OPTSTK,NFO,5.000000,18001,False
129998,NAM-INDIA29SEP261120PE,NAM-INDIA,29SEP2026,112000.000000,625,OPTSTK,NFO,5.000000,18751,False
130001,NAM-INDIA29SEP261200CE,NAM-INDIA,29SEP2026,120000.000000,625,OPTSTK,NFO,5.000000,18751,False
76895,BANKBARODA27OCT26275CE,BANKBARODA,27OCT2026,27500.000000,2925,OPTSTK,NFO,1.000000,87751,False
77033,GRASIM29SEP263700PE,GRASIM,29SEP2026,370000.000000,250,OPTSTK,NFO,5.000000,7501,False
77200,GRASIM27OCT262760PE,GRASIM,27OCT2026,276000.000000,250,OPTSTK,NFO,5.000000,7501,False
77205,GRASIM27OCT262880CE,GRASIM,27OCT2026,288000.000000,250,OPTSTK,NFO,5.000000,7501,False
130012,NAM-INDIA29SEP261400PE,NAM-INDIA,29SEP2026,140000.000000,625,OPTSTK,NFO,5.000000,18751,False
130072,NATIONALUM29SEP26460PE,NATIONALUM,29SEP2026,46000.000000,1875,OPTSTK,NFO,5.000000,56251,False
130104,TIINDIA27OCT263150PE,TIINDIA,27OCT2026,315000.000000,200,OPTSTK,NFO,5.000000,8001,False
130181,TIINDIA23NOV262800CE,TIINDIA,23NOV2026,280000.000000,200,OPTSTK,NFO,5.000000,8001,False
77227,GRASIM27OCT263320CE,GRASIM,27OCT2026,332000.000000,250,OPTSTK,NFO,5.000000,7501,False
77236,GRASIM27OCT263480PE,GRASIM,27OCT2026,348000.000000,250,OPTSTK,NFO,5.000000,7501,False
77239,GRASIM27OCT263560CE,GRASIM,27OCT2026,356000.000000,250,OPTSTK,NFO,5.000000,7501,False
77301,GVT&D29SEP264100PE,GVT&D,29SEP2026,410000.000000,125,OPTSTK,NFO,5.000000,5001,False
130297,TITAN23NOV264900CE,TITAN,23NOV2026,490000.000000,175,OPTSTK,NFO,5.000000,5251,False
130306,TITAN23NOV265300PE,TITAN,23NOV2026,530000.000000,175,OPTSTK,NFO,5.000000,5251,False
130312,TITAN23NOV265600PE,TITAN,23NOV2026,560000.000000,175,OPTSTK,NFO,5.000000,5251,False
130333,TITAN23NOV265800PE,TITAN,23NOV2026,580000.000000,175,OPTSTK,NFO,5.000000,5251,False
77342,BANKINDIA23NOV26120CE,BANKINDIA,23NOV2026,12000.000000,5200,OPTSTK,NFO,1.000000,156001,False
77346,BANKINDIA23NOV26125CE,BANKINDIA,23NOV2026,12500.000000,5200,OPTSTK,NFO,1.000000,156001,False
77354,BANKINDIA23NOV26135CE,BANKINDIA,23NOV2026,13500.000000,5200,OPTSTK,NFO,1.000000,156001,False
77394,GVT&D27OCT263800PE,GVT&D,27OCT2026,380000.000000,125,OPTSTK,NFO,5.000000,5001,False
130335,NAUKRI29SEP261120CE,NAUKRI,29SEP2026,112000.000000,550,OPTSTK,NFO,5.000000,16501,False
130337,NAUKRI29SEP261120PE,NAUKRI,29SEP2026,112000.000000,550,OPTSTK,NFO,5.000000,16501,False
130339,NAUKRI29SEP261160PE,NAUKRI,29SEP2026,116000.000000,550,OPTSTK,NFO,5.000000,16501,False
130403,TMPV27OCT26335CE,TMPV,27OCT2026,33500.000000,1600,OPTSTK,NFO,5.000000,64001,False
77404,GVT&D27OCT264600PE,GVT&D,27OCT2026,460000.000000,125,OPTSTK,NFO,5.000000,5001,False
77407,BANKINDIA23NOV26150PE,BANKINDIA,23NOV2026,15000.000000,5200,OPTSTK,NFO,1.000000,156001,False
77437,BDL27OCT261140PE,BDL,27OCT2026,114000.000000,425,OPTSTK,NFO,5.000000,17001,False
77439,BDL27OCT261180PE,BDL,27OCT2026,118000.000000,425,OPTSTK,NFO,5.000000,17001,False
130404,TMPV27OCT26335PE,TMPV,27OCT2026,33500.000000,1600,OPTSTK,NFO,5.000000,64001,False
130453,TMPV23NOV26270CE,TMPV,23NOV2026,27000.000000,1600,OPTSTK,NFO,5.000000,64001,False
130456,TMPV23NOV26270PE,TMPV,23NOV2026,27000.000000,1600,OPTSTK,NFO,5.000000,64001,False
130460,TMPV23NOV26290PE,TMPV,23NOV2026,29000.000000,1600,OPTSTK,NFO,5.000000,64001,False
77440,BDL27OCT261220CE,BDL,27OCT2026,122000.000000,425,OPTSTK,NFO,5.000000,17001,False
77450,GVT&D27OCT265000CE,GVT&D,27OCT2026,500000.000000,125,OPTSTK,NFO,5.000000,5001,False
77460,GVT&D27OCT265400PE,GVT&D,27OCT2026,540000.000000,125,OPTSTK,NFO,5.000000,5001,False
77462,GVT&D27OCT265600PE,GVT&D,27OCT2026,560000.000000,125,OPTSTK,NFO,5.000000,5001,False
130462,TMPV23NOV26300PE,TMPV,23NOV2026,30000.000000,1600,OPTSTK,NFO,5.000000,64001,False
130466,TMPV23NOV26320PE,TMPV,23NOV2026,32000.000000,1600,OPTSTK,NFO,5.000000,64001,False
130467,TMPV23NOV26330CE,TMPV,23NOV2026,33000.000000,1600,OPTSTK,NFO,5.000000,64001,False
130473,TMPV23NOV26360CE,TMPV,23NOV2026,36000.000000,1600,OPTSTK,NFO,5.000000,64001,False
77505,HAL29SEP264750CE,HAL,29SEP2026,475000.000000,150,OPTSTK,NFO,5.000000,4501,False
77517,HAL29SEP265150PE,HAL,29SEP2026,515000.000000,150,OPTSTK,NFO,5.000000,4501,False
77599,BDL23NOV261120PE,BDL,23NOV2026,112000.000000,425,OPTSTK,NFO,5.000000,17001,False
77631,HAL27OCT264800PE,HAL,27OCT2026,480000.000000,150,OPTSTK,NFO,5.000000,4501,False
77636,HAL27OCT265000PE,HAL,27OCT2026,500000.000000,150,OPTSTK,NFO,5.000000,4501,False
77646,HAL27OCT265500PE,HAL,27OCT2026,550000.000000,150,OPTSTK,NFO,5.000000,4501,False
77669,360ONE29SEP261080CE,360ONE,29SEP2026,108000.000000,500,OPTSTK,NFO,5.000000,20001,False
77689,BDL23NOV261320PE,BDL,23NOV2026,132000.000000,425,OPTSTK,NFO,5.000000,17001,False
130601,TORNTPHARM23NOV264500PE,TORNTPHARM,23NOV2026,450000.000000,125,OPTSTK,NFO,5.000000,5001,False
130611,TORNTPHARM23NOV265000PE,TORNTPHARM,23NOV2026,500000.000000,125,OPTSTK,NFO,5.000000,5001,False
130691,NBCC29SEP2675CE,NBCC,29SEP2026,7500.000000,6500,OPTSTK,NFO,1.000000,260001,False
130693,NBCC29SEP2680CE,NBCC,29SEP2026,8000.000000,6500,OPTSTK,NFO,1.000000,260001,False
77698,HAVELLS29SEP261020PE,HAVELLS,29SEP2026,102000.000000,500,OPTSTK,NFO,5.000000,20001,False
77709,HAVELLS29SEP261260CE,HAVELLS,29SEP2026,126000.000000,500,OPTSTK,NFO,5.000000,20001,False
77759,HAVELLS27OCT261120CE,HAVELLS,27OCT2026,112000.000000,500,OPTSTK,NFO,5.000000,20001,False
77763,HAVELLS27OCT261120PE,HAVELLS,27OCT2026,112000.000000,500,OPTSTK,NFO,5.000000,20001,False
130695,NBCC29SEP2685CE,NBCC,29SEP2026,8500.000000,6500,OPTSTK,NFO,1.000000,260001,False
130707,NBCC29SEP26110PE,NBCC,29SEP2026,11000.000000,6500,OPTSTK,NFO,1.000000,260001,False
130811,TRENT23NOV262900PE,TRENT,23NOV2026,290000.000000,225,OPTSTK,NFO,5.000000,9001,False
130846,TVSMOTOR27OCT263750CE,TVSMOTOR,27OCT2026,375000.000000,175,OPTSTK,NFO,5.000000,5251,False
77764,HAVELLS27OCT261160CE,HAVELLS,27OCT2026,116000.000000,500,OPTSTK,NFO,5.000000,20001,False
77775,BDL23NOV261440CE,BDL,23NOV2026,144000.000000,425,OPTSTK,NFO,5.000000,17001,False
77792,BDL23NOV261440PE,BDL,23NOV2026,144000.000000,425,OPTSTK,NFO,5.000000,17001,False
77806,HAVELLS27OCT261160PE,HAVELLS,27OCT2026,116000.000000,500,OPTSTK,NFO,5.000000,20001,False
130853,TVSMOTOR27OCT264050PE,TVSMOTOR,27OCT2026,405000.000000,175,OPTSTK,NFO,5.000000,5251,False
130918,TVSMOTOR23NOV263700PE,TVSMOTOR,23NOV2026,370000.000000,175,OPTSTK,NFO,5.000000,5251,False
130925,TVSMOTOR23NOV263900PE,TVSMOTOR,23NOV2026,390000.000000,175,OPTSTK,NFO,5.000000,5251,False
130851,TVSMOTOR27OCT263950PE,TVSMOTOR,27OCT2026,395000.000000,175,OPTSTK,NFO,5.000000,5251,False
77807,HAVELLS27OCT261200CE,HAVELLS,27OCT2026,120000.000000,500,OPTSTK,NFO,5.000000,20001,False
77813,HAVELLS27OCT261320CE,HAVELLS,27OCT2026,132000.000000,500,OPTSTK,NFO,5.000000,20001,False
77814,HAVELLS27OCT261320PE,HAVELLS,27OCT2026,132000.000000,500,OPTSTK,NFO,5.000000,20001,False
77817,HAVELLS27OCT261400CE,HAVELLS,27OCT2026,140000.000000,500,OPTSTK,NFO,5.000000,20001,False
130942,TVSMOTOR23NOV264600PE,TVSMOTOR,23NOV2026,460000.000000,175,OPTSTK,NFO,5.000000,5251,False
131033,ULTRACEMCO27OCT2611100CE,ULTRACEMCO,27OCT2026,1110000.000000,50,OPTSTK,NFO,5.000000,2001,False
131034,ULTRACEMCO27OCT2611100PE,ULTRACEMCO,27OCT2026,1110000.000000,50,OPTSTK,NFO,5.000000,2001,False
131054,ULTRACEMCO27OCT2612500PE,ULTRACEMCO,27OCT2026,1250000.000000,50,OPTSTK,NFO,5.000000,2001,False
77851,ABB29SEP266200CE,ABB,29SEP2026,620000.000000,125,OPTSTK,NFO,5.000000,3751,False
77852,ABB29SEP266200PE,ABB,29SEP2026,620000.000000,125,OPTSTK,NFO,5.000000,3751,False
77864,HCLTECH29SEP261230PE,HCLTECH,29SEP2026,123000.000000,400,OPTSTK,NFO,5.000000,20001,False
77874,HCLTECH29SEP261330PE,HCLTECH,29SEP2026,133000.000000,400,OPTSTK,NFO,5.000000,20001,False
77876,HCLTECH29SEP261350PE,HCLTECH,29SEP2026,135000.000000,400,OPTSTK,NFO,5.000000,20001,False
77891,HCLTECH29SEP261470PE,HCLTECH,29SEP2026,147000.000000,400,OPTSTK,NFO,5.000000,20001,False
77907,ABB29SEP267200PE,ABB,29SEP2026,720000.000000,125,OPTSTK,NFO,5.000000,3751,False
77909,ABB29SEP267400PE,ABB,29SEP2026,740000.000000,125,OPTSTK,NFO,5.000000,3751,False
131056,ULTRACEMCO27OCT2612700PE,ULTRACEMCO,27OCT2026,1270000.000000,50,OPTSTK,NFO,5.000000,2001,False
131150,ULTRACEMCO23NOV269200PE,ULTRACEMCO,23NOV2026,920000.000000,50,OPTSTK,NFO,5.000000,2001,False
131168,ULTRACEMCO23NOV2610200PE,ULTRACEMCO,23NOV2026,1020000.000000,50,OPTSTK,NFO,5.000000,2001,False
131186,ULTRACEMCO23NOV2610800CE,ULTRACEMCO,23NOV2026,1080000.000000,50,OPTSTK,NFO,5.000000,2001,False
78001,HCLTECH27OCT261140CE,HCLTECH,27OCT2026,114000.000000,400,OPTSTK,NFO,5.000000,20001,False
78017,HCLTECH27OCT261260CE,HCLTECH,27OCT2026,126000.000000,400,OPTSTK,NFO,5.000000,20001,False
78036,HCLTECH27OCT261400CE,HCLTECH,27OCT2026,140000.000000,400,OPTSTK,NFO,5.000000,20001,False
78057,BEL27OCT26395CE,BEL,27OCT2026,39500.000000,1425,OPTSTK,NFO,5.000000,57001,False
131192,ULTRACEMCO23NOV2611400CE,ULTRACEMCO,23NOV2026,1140000.000000,50,OPTSTK,NFO,5.000000,2001,False
131193,ULTRACEMCO23NOV2611400PE,ULTRACEMCO,23NOV2026,1140000.000000,50,OPTSTK,NFO,5.000000,2001,False
131210,ULTRACEMCO23NOV2613000PE,ULTRACEMCO,23NOV2026,1300000.000000,50,OPTSTK,NFO,5.000000,2001,False
131354,NESTLEIND29SEP261320PE,NESTLEIND,29SEP2026,132000.000000,500,OPTSTK,NFO,5.000000,15001,False
78059,BEL27OCT26405CE,BEL,27OCT2026,40500.000000,1425,OPTSTK,NFO,5.000000,57001,False
78066,BEL27OCT26425CE,BEL,27OCT2026,42500.000000,1425,OPTSTK,NFO,5.000000,57001,False
78073,BEL27OCT26435CE,BEL,27OCT2026,43500.000000,1425,OPTSTK,NFO,5.000000,57001,False
78119,HDFCAMC29SEP262750CE,HDFCAMC,29SEP2026,275000.000000,300,OPTSTK,NFO,5.000000,9001,False
131363,NESTLEIND29SEP261420CE,NESTLEIND,29SEP2026,142000.000000,500,OPTSTK,NFO,5.000000,15001,False
131374,UNIONBANK27OCT26182.5PE,UNIONBANK,27OCT2026,18250.000000,4425,OPTSTK,NFO,1.000000,132751,False
131376,UNIONBANK27OCT26187.5PE,UNIONBANK,27OCT2026,18750.000000,4425,OPTSTK,NFO,1.000000,132751,False
131418,UNIONBANK23NOV26160PE,UNIONBANK,23NOV2026,16000.000000,4425,OPTSTK,NFO,1.000000,132751,False
78148,HDFCAMC27OCT262000CE,HDFCAMC,27OCT2026,200000.000000,300,OPTSTK,NFO,5.000000,9001,False
78239,HDFCAMC27OCT262900PE,HDFCAMC,27OCT2026,290000.000000,300,OPTSTK,NFO,5.000000,9001,False
78243,HDFCAMC27OCT263100PE,HDFCAMC,27OCT2026,310000.000000,300,OPTSTK,NFO,5.000000,9001,False
78297,HDFCBANK29SEP26690CE,HDFCBANK,29SEP2026,69000.000000,650,OPTSTK,NFO,5.000000,32501,False
131438,NESTLEIND29SEP261520PE,NESTLEIND,29SEP2026,152000.000000,500,OPTSTK,NFO,5.000000,15001,False
131439,NESTLEIND29SEP261540CE,NESTLEIND,29SEP2026,154000.000000,500,OPTSTK,NFO,5.000000,15001,False
131446,NESTLEIND29SEP261600PE,NESTLEIND,29SEP2026,160000.000000,500,OPTSTK,NFO,5.000000,15001,False
131514,UNIONBANK23NOV26220CE,UNIONBANK,23NOV2026,22000.000000,4425,OPTSTK,NFO,1.000000,132751,False
78308,HDFCBANK29SEP26790PE,HDFCBANK,29SEP2026,79000.000000,650,OPTSTK,NFO,5.000000,32501,False
78309,HDFCBANK29SEP26810CE,HDFCBANK,29SEP2026,81000.000000,650,OPTSTK,NFO,5.000000,32501,False
78312,HDFCBANK29SEP26830PE,HDFCBANK,29SEP2026,83000.000000,650,OPTSTK,NFO,5.000000,32501,False
78393,ABCAPITAL29SEP26350CE,ABCAPITAL,29SEP2026,35000.000000,3100,OPTSTK,NFO,5.000000,62001,False
131563,UNITDSPR27OCT261300CE,UNITDSPR,27OCT2026,130000.000000,400,OPTSTK,NFO,5.000000,16001,False
131576,UNITDSPR27OCT261540PE,UNITDSPR,27OCT2026,154000.000000,400,OPTSTK,NFO,5.000000,16001,False
131579,UNITDSPR27OCT261620CE,UNITDSPR,27OCT2026,162000.000000,400,OPTSTK,NFO,5.000000,16001,False
131610,UNITDSPR23NOV261200PE,UNITDSPR,23NOV2026,120000.000000,400,OPTSTK,NFO,5.000000,16001,False
78402,ABCAPITAL29SEP26370PE,ABCAPITAL,29SEP2026,37000.000000,3100,OPTSTK,NFO,5.000000,62001,False
78423,HDFCBANK27OCT26680PE,HDFCBANK,27OCT2026,68000.000000,650,OPTSTK,NFO,5.000000,32501,False
78432,HDFCBANK27OCT26780CE,HDFCBANK,27OCT2026,78000.000000,650,OPTSTK,NFO,5.000000,32501,False
78433,HDFCBANK27OCT26780PE,HDFCBANK,27OCT2026,78000.000000,650,OPTSTK,NFO,5.000000,32501,False
131617,UNITDSPR23NOV261360CE,UNITDSPR,23NOV2026,136000.000000,400,OPTSTK,NFO,5.000000,16001,False
131629,UNITDSPR23NOV261520PE,UNITDSPR,23NOV2026,152000.000000,400,OPTSTK,NFO,5.000000,16001,False
131635,UNITDSPR23NOV261600PE,UNITDSPR,23NOV2026,160000.000000,400,OPTSTK,NFO,5.000000,16001,False
131638,UNITDSPR23NOV261640CE,UNITDSPR,23NOV2026,164000.000000,400,OPTSTK,NFO,5.000000,16001,False
78467,ABCAPITAL29SEP26420PE,ABCAPITAL,29SEP2026,42000.000000,3100,OPTSTK,NFO,5.000000,62001,False
78473,ABCAPITAL29SEP26450PE,ABCAPITAL,29SEP2026,45000.000000,3100,OPTSTK,NFO,5.000000,62001,False
78538,HDFCLIFE29SEP26455PE,HDFCLIFE,29SEP2026,45500.000000,1100,OPTSTK,NFO,5.000000,44001,False
78587,HDFCLIFE29SEP26495CE,HDFCLIFE,29SEP2026,49500.000000,1100,OPTSTK,NFO,5.000000,44001,False
131639,UNITDSPR23NOV261640PE,UNITDSPR,23NOV2026,164000.000000,400,OPTSTK,NFO,5.000000,16001,False
131675,UNOMINDA27OCT261180PE,UNOMINDA,27OCT2026,118000.000000,550,OPTSTK,NFO,5.000000,22001,False
131678,UNOMINDA27OCT261260CE,UNOMINDA,27OCT2026,126000.000000,550,OPTSTK,NFO,5.000000,22001,False
131682,UNOMINDA27OCT261340CE,UNOMINDA,27OCT2026,134000.000000,550,OPTSTK,NFO,5.000000,22001,False
78601,HDFCLIFE29SEP26565CE,HDFCLIFE,29SEP2026,56500.000000,1100,OPTSTK,NFO,5.000000,44001,False
78603,HDFCLIFE29SEP26575CE,HDFCLIFE,29SEP2026,57500.000000,1100,OPTSTK,NFO,5.000000,44001,False
78607,HDFCLIFE29SEP26595CE,HDFCLIFE,29SEP2026,59500.000000,1100,OPTSTK,NFO,5.000000,44001,False
78608,HDFCLIFE29SEP26595PE,HDFCLIFE,29SEP2026,59500.000000,1100,OPTSTK,NFO,5.000000,44001,False
78665,HDFCLIFE27OCT26450CE,HDFCLIFE,27OCT2026,45000.000000,1100,OPTSTK,NFO,5.000000,44001,False
78679,HDFCLIFE27OCT26510CE,HDFCLIFE,27OCT2026,51000.000000,1100,OPTSTK,NFO,5.000000,44001,False
78682,HDFCLIFE27OCT26520PE,HDFCLIFE,27OCT2026,52000.000000,1100,OPTSTK,NFO,5.000000,44001,False
78690,BHARATFORG27OCT261740PE,BHARATFORG,27OCT2026,174000.000000,500,OPTSTK,NFO,5.000000,10001,False
131755,UNOMINDA23NOV261040CE,UNOMINDA,23NOV2026,104000.000000,550,OPTSTK,NFO,5.000000,22001,False
131761,UNOMINDA23NOV261040PE,UNOMINDA,23NOV2026,104000.000000,550,OPTSTK,NFO,5.000000,22001,False
131767,NHPC29SEP2662CE,NHPC,29SEP2026,6200.000000,6950,OPTSTK,NFO,1.000000,278001,False
131793,UNOMINDA23NOV261240PE,UNOMINDA,23NOV2026,124000.000000,550,OPTSTK,NFO,5.000000,22001,False
78699,HDFCLIFE27OCT26560PE,HDFCLIFE,27OCT2026,56000.000000,1100,OPTSTK,NFO,5.000000,44001,False
78735,HDFCLIFE27OCT26630PE,HDFCLIFE,27OCT2026,63000.000000,1100,OPTSTK,NFO,5.000000,44001,False
78798,BHARATFORG27OCT261940CE,BHARATFORG,27OCT2026,194000.000000,500,OPTSTK,NFO,5.000000,10001,False
78803,BHARATFORG27OCT261940PE,BHARATFORG,27OCT2026,194000.000000,500,OPTSTK,NFO,5.000000,10001,False
112558,ICICIPRULI29SEP26440PE,ICICIPRULI,29SEP2026,44000.000000,925,OPTSTK,NFO,5.000000,46251,False
112579,ICICIPRULI29SEP26550CE,ICICIPRULI,29SEP2026,55000.000000,925,OPTSTK,NFO,5.000000,46251,False
131794,UNOMINDA23NOV261280CE,UNOMINDA,23NOV2026,128000.000000,550,OPTSTK,NFO,5.000000,22001,False
131832,NHPC29SEP2674PE,NHPC,29SEP2026,7400.000000,6950,OPTSTK,NFO,1.000000,278001,False
78810,BHARATFORG27OCT262060CE,BHARATFORG,27OCT2026,206000.000000,500,OPTSTK,NFO,5.000000,10001,False
78838,HEROMOTOCO29SEP265100CE,HEROMOTOCO,29SEP2026,510000.000000,150,OPTSTK,NFO,5.000000,4501,False
78839,HEROMOTOCO29SEP265100PE,HEROMOTOCO,29SEP2026,510000.000000,150,OPTSTK,NFO,5.000000,4501,False
78842,HEROMOTOCO29SEP265500CE,HEROMOTOCO,29SEP2026,550000.000000,150,OPTSTK,NFO,5.000000,4501,False
112716,LODHA23NOV261280CE,LODHA,23NOV2026,128000.000000,625,OPTSTK,NFO,5.000000,18751,False
112586,LODHA27OCT261140PE,LODHA,27OCT2026,114000.000000,625,OPTSTK,NFO,5.000000,18751,False
112587,LODHA27OCT261180CE,LODHA,27OCT2026,118000.000000,625,OPTSTK,NFO,5.000000,18751,False
112619,ICICIPRULI29SEP26570CE,ICICIPRULI,29SEP2026,57000.000000,925,OPTSTK,NFO,5.000000,46251,False
78884,BHARATFORG23NOV261600CE,BHARATFORG,23NOV2026,160000.000000,500,OPTSTK,NFO,5.000000,10001,False
78896,BHARATFORG23NOV261840CE,BHARATFORG,23NOV2026,184000.000000,500,OPTSTK,NFO,5.000000,10001,False
78897,BHARATFORG23NOV261840PE,BHARATFORG,23NOV2026,184000.000000,500,OPTSTK,NFO,5.000000,10001,False
78904,BHARATFORG23NOV262000CE,BHARATFORG,23NOV2026,200000.000000,500,OPTSTK,NFO,5.000000,10001,False
112718,TATASTEEL29SEP26162.5PE,TATASTEEL,29SEP2026,16250.000000,2750,OPTSTK,NFO,1.000000,137501,False
112719,TATASTEEL29SEP26167.5CE,TATASTEEL,29SEP2026,16750.000000,2750,OPTSTK,NFO,1.000000,137501,False
112725,TATASTEEL29SEP26182.5CE,TATASTEEL,29SEP2026,18250.000000,2750,OPTSTK,NFO,1.000000,137501,False
112737,LODHA23NOV261320CE,LODHA,23NOV2026,132000.000000,625,OPTSTK,NFO,5.000000,18751,False
78951,HEROMOTOCO29SEP266100CE,HEROMOTOCO,29SEP2026,610000.000000,150,OPTSTK,NFO,5.000000,4501,False
78978,HEROMOTOCO27OCT264400CE,HEROMOTOCO,27OCT2026,440000.000000,150,OPTSTK,NFO,5.000000,4501,False
78998,HEROMOTOCO27OCT265200PE,HEROMOTOCO,27OCT2026,520000.000000,150,OPTSTK,NFO,5.000000,4501,False
79000,HEROMOTOCO27OCT265400PE,HEROMOTOCO,27OCT2026,540000.000000,150,OPTSTK,NFO,5.000000,4501,False
112766,LODHA23NOV261400PE,LODHA,23NOV2026,140000.000000,625,OPTSTK,NFO,5.000000,18751,False
112774,IDEA29SEP2616CE,IDEA,29SEP2026,1600.000000,71475,OPTSTK,NFO,1.000000,1429501,False
112784,IDEA29SEP2618CE,IDEA,29SEP2026,1800.000000,71475,OPTSTK,NFO,1.000000,1429501,False
112907,TATASTEEL27OCT26220CE,TATASTEEL,27OCT2026,22000.000000,2750,OPTSTK,NFO,1.000000,137501,False
79001,HEROMOTOCO27OCT265600CE,HEROMOTOCO,27OCT2026,560000.000000,150,OPTSTK,NFO,5.000000,4501,False
79007,HEROMOTOCO27OCT266000PE,HEROMOTOCO,27OCT2026,600000.000000,150,OPTSTK,NFO,5.000000,4501,False
79086,BHARTIARTL27OCT261660CE,BHARTIARTL,27OCT2026,166000.000000,475,OPTSTK,NFO,5.000000,14251,False
79096,BHARTIARTL27OCT261820CE,BHARTIARTL,27OCT2026,182000.000000,475,OPTSTK,NFO,5.000000,14251,False
112942,LT27OCT263650PE,LT,27OCT2026,365000.000000,175,OPTSTK,NFO,5.000000,7001,False
112945,LT27OCT263850CE,LT,27OCT2026,385000.000000,175,OPTSTK,NFO,5.000000,7001,False
112951,LT27OCT264050CE,LT,27OCT2026,405000.000000,175,OPTSTK,NFO,5.000000,7001,False
113066,IDFCFIRSTB29SEP2690CE,IDFCFIRSTB,29SEP2026,9000.000000,9275,OPTSTK,NFO,1.000000,278251,False
79098,BHARTIARTL27OCT261860CE,BHARTIARTL,27OCT2026,186000.000000,475,OPTSTK,NFO,5.000000,14251,False
79159,HINDALCO27OCT26960CE,HINDALCO,27OCT2026,96000.000000,700,OPTSTK,NFO,5.000000,21001,False
79169,HINDALCO27OCT261120PE,HINDALCO,27OCT2026,112000.000000,700,OPTSTK,NFO,5.000000,21001,False
79196,HINDPETRO29SEP26350.75PE,HINDPETRO,29SEP2026,35075.000000,2025,OPTSTK,NFO,5.000000,60751,False
113086,TCS29SEP262140CE,TCS,29SEP2026,214000.000000,225,OPTSTK,NFO,5.000000,9001,False
113091,TCS29SEP262180PE,TCS,29SEP2026,218000.000000,225,OPTSTK,NFO,5.000000,9001,False
113115,TCS29SEP262420PE,TCS,29SEP2026,242000.000000,225,OPTSTK,NFO,5.000000,9001,False
113132,TCS29SEP262700PE,TCS,29SEP2026,270000.000000,225,OPTSTK,NFO,5.000000,9001,False
79272,BHARTIARTL23NOV261640CE,BHARTIARTL,23NOV2026,164000.000000,475,OPTSTK,NFO,5.000000,14251,False
79279,BHARTIARTL23NOV261760PE,BHARTIARTL,23NOV2026,176000.000000,475,OPTSTK,NFO,5.000000,14251,False
79280,BHARTIARTL23NOV261800CE,BHARTIARTL,23NOV2026,180000.000000,475,OPTSTK,NFO,5.000000,14251,False
79285,BHARTIARTL23NOV261880PE,BHARTIARTL,23NOV2026,188000.000000,475,OPTSTK,NFO,5.000000,14251,False
113214,TCS27OCT261920PE,TCS,27OCT2026,192000.000000,225,OPTSTK,NFO,5.000000,9001,False
113216,TCS27OCT261960PE,TCS,27OCT2026,196000.000000,225,OPTSTK,NFO,5.000000,9001,False
113226,TCS27OCT262160PE,TCS,27OCT2026,216000.000000,225,OPTSTK,NFO,5.000000,9001,False
113237,TCS27OCT262360CE,TCS,27OCT2026,236000.000000,225,OPTSTK,NFO,5.000000,9001,False
79288,BHARTIARTL23NOV261960CE,BHARTIARTL,23NOV2026,196000.000000,475,OPTSTK,NFO,5.000000,14251,False
79292,BHARTIARTL23NOV262040CE,BHARTIARTL,23NOV2026,204000.000000,475,OPTSTK,NFO,5.000000,14251,False
79299,BHARTIARTL23NOV262160PE,BHARTIARTL,23NOV2026,216000.000000,475,OPTSTK,NFO,5.000000,14251,False
79369,BHEL27OCT26405CE,BHEL,27OCT2026,40500.000000,2625,OPTSTK,NFO,5.000000,52501,False
113242,TCS27OCT262440PE,TCS,27OCT2026,244000.000000,225,OPTSTK,NFO,5.000000,9001,False
113245,TCS27OCT262520CE,TCS,27OCT2026,252000.000000,225,OPTSTK,NFO,5.000000,9001,False
113278,LT23NOV263400CE,LT,23NOV2026,340000.000000,175,OPTSTK,NFO,5.000000,7001,False
113290,LT23NOV263900PE,LT,23NOV2026,390000.000000,175,OPTSTK,NFO,5.000000,7001,False
79371,BHEL27OCT26415CE,BHEL,27OCT2026,41500.000000,2625,OPTSTK,NFO,5.000000,52501,False
79390,BHEL27OCT26465CE,BHEL,27OCT2026,46500.000000,2625,OPTSTK,NFO,5.000000,52501,False
79454,HINDUNILVR29SEP262060CE,HINDUNILVR,29SEP2026,206000.000000,300,OPTSTK,NFO,5.000000,12001,False
79463,HINDUNILVR29SEP262180PE,HINDUNILVR,29SEP2026,218000.000000,300,OPTSTK,NFO,5.000000,12001,False
113303,TCS27OCT262800PE,TCS,27OCT2026,280000.000000,225,OPTSTK,NFO,5.000000,9001,False
113417,TECHM29SEP261380CE,TECHM,29SEP2026,138000.000000,600,OPTSTK,NFO,5.000000,18001,False
113418,TECHM29SEP261380PE,TECHM,29SEP2026,138000.000000,600,OPTSTK,NFO,5.000000,18001,False
113506,LTF23NOV26260PE,LTF,23NOV2026,26000.000000,2250,OPTSTK,NFO,5.000000,67501,False
79466,HINDUNILVR29SEP262260CE,HINDUNILVR,29SEP2026,226000.000000,300,OPTSTK,NFO,5.000000,12001,False
79493,BHEL23NOV26380CE,BHEL,23NOV2026,38000.000000,2625,OPTSTK,NFO,5.000000,52501,False
79495,BHEL23NOV26390CE,BHEL,23NOV2026,39000.000000,2625,OPTSTK,NFO,5.000000,52501,False
79508,BHEL23NOV26420CE,BHEL,23NOV2026,42000.000000,2625,OPTSTK,NFO,5.000000,52501,False
113510,LTF23NOV26280PE,LTF,23NOV2026,28000.000000,2250,OPTSTK,NFO,5.000000,67501,False
113523,LTF23NOV26340PE,LTF,23NOV2026,34000.000000,2250,OPTSTK,NFO,5.000000,67501,False
113533,TECHM29SEP261780PE,TECHM,29SEP2026,178000.000000,600,OPTSTK,NFO,5.000000,18001,False
113626,LTM27OCT264050CE,LTM,27OCT2026,405000.000000,150,OPTSTK,NFO,5.000000,6001,False
79531,HINDUNILVR27OCT261720CE,HINDUNILVR,27OCT2026,172000.000000,300,OPTSTK,NFO,5.000000,12001,False
79551,HINDUNILVR27OCT262120CE,HINDUNILVR,27OCT2026,212000.000000,300,OPTSTK,NFO,5.000000,12001,False
79616,ADANIENSOL29SEP261120CE,ADANIENSOL,29SEP2026,112000.000000,675,OPTSTK,NFO,5.000000,13501,False
79620,ADANIENSOL29SEP261200CE,ADANIENSOL,29SEP2026,120000.000000,675,OPTSTK,NFO,5.000000,13501,False
113645,LTM27OCT264650CE,LTM,27OCT2026,465000.000000,150,OPTSTK,NFO,5.000000,6001,False
113646,LTM27OCT264650PE,LTM,27OCT2026,465000.000000,150,OPTSTK,NFO,5.000000,6001,False
113654,LTM27OCT265050PE,LTM,27OCT2026,505000.000000,150,OPTSTK,NFO,5.000000,6001,False
113716,IEX29SEP26110PE,IEX,29SEP2026,11000.000000,4350,OPTSTK,NFO,1.000000,174001,False
79709,HINDZINC29SEP26610CE,HINDZINC,29SEP2026,61000.000000,1225,OPTSTK,NFO,5.000000,36751,False
79711,HINDZINC29SEP26630CE,HINDZINC,29SEP2026,63000.000000,1225,OPTSTK,NFO,5.000000,36751,False
79793,HINDZINC27OCT26640CE,HINDZINC,27OCT2026,64000.000000,1225,OPTSTK,NFO,5.000000,36751,False
79867,HYUNDAI29SEP262100CE,HYUNDAI,29SEP2026,210000.000000,275,OPTSTK,NFO,5.000000,11001,False
113740,LTM23NOV263800PE,LTM,23NOV2026,380000.000000,150,OPTSTK,NFO,5.000000,6001,False
113743,LTM23NOV264000CE,LTM,23NOV2026,400000.000000,150,OPTSTK,NFO,5.000000,6001,False
113753,LTM23NOV264300PE,LTM,23NOV2026,430000.000000,150,OPTSTK,NFO,5.000000,6001,False
113814,TECHM27OCT261560PE,TECHM,27OCT2026,156000.000000,600,OPTSTK,NFO,5.000000,18001,False
79871,BIOCON27OCT26365CE,BIOCON,27OCT2026,36500.000000,2500,OPTSTK,NFO,5.000000,50001,False
79876,BIOCON27OCT26385PE,BIOCON,27OCT2026,38500.000000,2500,OPTSTK,NFO,5.000000,50001,False
79884,BIOCON27OCT26425PE,BIOCON,27OCT2026,42500.000000,2500,OPTSTK,NFO,5.000000,50001,False
79899,HYUNDAI29SEP262260PE,HYUNDAI,29SEP2026,226000.000000,275,OPTSTK,NFO,5.000000,11001,False
113816,TECHM27OCT261600PE,TECHM,27OCT2026,160000.000000,600,OPTSTK,NFO,5.000000,18001,False
113819,TECHM27OCT261640CE,TECHM,27OCT2026,164000.000000,600,OPTSTK,NFO,5.000000,18001,False
113830,TECHM27OCT261800PE,TECHM,27OCT2026,180000.000000,600,OPTSTK,NFO,5.000000,18001,False
113837,LTM23NOV264600PE,LTM,23NOV2026,460000.000000,150,OPTSTK,NFO,5.000000,6001,False
79908,HYUNDAI29SEP262460CE,HYUNDAI,29SEP2026,246000.000000,275,OPTSTK,NFO,5.000000,11001,False
79952,ADANIENSOL29SEP261600CE,ADANIENSOL,29SEP2026,160000.000000,675,OPTSTK,NFO,5.000000,13501,False
79955,ADANIENSOL29SEP261600PE,ADANIENSOL,29SEP2026,160000.000000,675,OPTSTK,NFO,5.000000,13501,False
79979,HYUNDAI27OCT262000CE,HYUNDAI,27OCT2026,200000.000000,275,OPTSTK,NFO,5.000000,11001,False
113840,LTM23NOV264800CE,LTM,23NOV2026,480000.000000,150,OPTSTK,NFO,5.000000,6001,False
113842,LTM23NOV264900CE,LTM,23NOV2026,490000.000000,150,OPTSTK,NFO,5.000000,6001,False
113873,IEX29SEP26140CE,IEX,29SEP2026,14000.000000,4350,OPTSTK,NFO,1.000000,174001,False
113962,LUPIN27OCT261900PE,LUPIN,27OCT2026,190000.000000,425,OPTSTK,NFO,5.000000,12751,False
113999,INDHOTEL29SEP26600PE,INDHOTEL,29SEP2026,60000.000000,1000,OPTSTK,NFO,5.000000,30001,False
114000,INDHOTEL29SEP26620CE,INDHOTEL,29SEP2026,62000.000000,1000,OPTSTK,NFO,5.000000,30001,False
114007,INDHOTEL29SEP26680CE,INDHOTEL,29SEP2026,68000.000000,1000,OPTSTK,NFO,5.000000,30001,False
114022,TIINDIA29SEP262450CE,TIINDIA,29SEP2026,245000.000000,200,OPTSTK,NFO,5.000000,8001,False
79980,HYUNDAI27OCT262000PE,HYUNDAI,27OCT2026,200000.000000,275,OPTSTK,NFO,5.000000,11001,False
79984,ADANIENSOL29SEP261840PE,ADANIENSOL,29SEP2026,184000.000000,675,OPTSTK,NFO,5.000000,13501,False
79988,ADANIENSOL29SEP261920PE,ADANIENSOL,29SEP2026,192000.000000,675,OPTSTK,NFO,5.000000,13501,False
79990,HYUNDAI27OCT262080PE,HYUNDAI,27OCT2026,208000.000000,275,OPTSTK,NFO,5.000000,11001,False
114056,LUPIN27OCT262020CE,LUPIN,27OCT2026,202000.000000,425,OPTSTK,NFO,5.000000,12751,False
114090,LUPIN27OCT262140PE,LUPIN,27OCT2026,214000.000000,425,OPTSTK,NFO,5.000000,12751,False
114103,LUPIN27OCT262300CE,LUPIN,27OCT2026,230000.000000,425,OPTSTK,NFO,5.000000,12751,False
114183,LUPIN23NOV261880CE,LUPIN,23NOV2026,188000.000000,425,OPTSTK,NFO,5.000000,12751,False
80020,HYUNDAI27OCT262320CE,HYUNDAI,27OCT2026,232000.000000,275,OPTSTK,NFO,5.000000,11001,False
80050,BIOCON23NOV26340CE,BIOCON,23NOV2026,34000.000000,2500,OPTSTK,NFO,5.000000,50001,False
80053,BIOCON23NOV26350PE,BIOCON,23NOV2026,35000.000000,2500,OPTSTK,NFO,5.000000,50001,False
80069,BIOCON23NOV26430PE,BIOCON,23NOV2026,43000.000000,2500,OPTSTK,NFO,5.000000,50001,False
114212,LUPIN23NOV262320PE,LUPIN,23NOV2026,232000.000000,425,OPTSTK,NFO,5.000000,12751,False
114305,TIINDIA27OCT262500PE,TIINDIA,27OCT2026,250000.000000,200,OPTSTK,NFO,5.000000,8001,False
114410,INDIANB29SEP26760PE,INDIANB,29SEP2026,76000.000000,1000,OPTSTK,NFO,5.000000,30001,False
114412,INDIANB29SEP26780PE,INDIANB,29SEP2026,78000.000000,1000,OPTSTK,NFO,5.000000,30001,False
80073,BIOCON23NOV26450PE,BIOCON,23NOV2026,45000.000000,2500,OPTSTK,NFO,5.000000,50001,False
80086,HYUNDAI27OCT262600CE,HYUNDAI,27OCT2026,260000.000000,275,OPTSTK,NFO,5.000000,11001,False
80192,NIFTY30MAR2718000CE,NIFTY,30MAR2027,1800000.000000,65,OPTIDX,NFO,5.000000,1801,False
80310,NIFTY30MAR2730000PE,NIFTY,30MAR2027,3000000.000000,65,OPTIDX,NFO,5.000000,1801,False
80402,ICICIBANK29SEP261390PE,ICICIBANK,29SEP2026,139000.000000,700,OPTSTK,NFO,5.000000,21001,False
80412,ADANIENT29SEP262600CE,ADANIENT,29SEP2026,260000.000000,309,OPTSTK,NFO,5.000000,9271,False
80421,ADANIENT29SEP262700PE,ADANIENT,29SEP2026,270000.000000,309,OPTSTK,NFO,5.000000,9271,False
80429,ADANIENT29SEP263100PE,ADANIENT,29SEP2026,310000.000000,309,OPTSTK,NFO,5.000000,9271,False
114413,INDIANB29SEP26800CE,INDIANB,29SEP2026,80000.000000,1000,OPTSTK,NFO,5.000000,30001,False
114414,INDIANB29SEP26800PE,INDIANB,29SEP2026,80000.000000,1000,OPTSTK,NFO,5.000000,30001,False
114416,INDIANB29SEP26820PE,INDIANB,29SEP2026,82000.000000,1000,OPTSTK,NFO,5.000000,30001,False
114468,TITAN29SEP264750PE,TITAN,29SEP2026,475000.000000,175,OPTSTK,NFO,5.000000,5251,False
80432,ADANIENT29SEP263300CE,ADANIENT,29SEP2026,330000.000000,309,OPTSTK,NFO,5.000000,9271,False
80434,ADANIENT29SEP263400CE,ADANIENT,29SEP2026,340000.000000,309,OPTSTK,NFO,5.000000,9271,False
80471,ICICIBANK29SEP261510PE,ICICIBANK,29SEP2026,151000.000000,700,OPTSTK,NFO,5.000000,21001,False
80557,BLUESTARCO23NOV261760CE,BLUESTARCO,23NOV2026,176000.000000,325,OPTSTK,NFO,5.000000,13001,False
114470,TITAN29SEP264850CE,TITAN,29SEP2026,485000.000000,175,OPTSTK,NFO,5.000000,5251,False
114540,INDIGO29SEP264600PE,INDIGO,29SEP2026,460000.000000,150,OPTSTK,NFO,5.000000,4501,False
114552,INDIGO29SEP265800PE,INDIGO,29SEP2026,580000.000000,150,OPTSTK,NFO,5.000000,4501,False
114555,INDIGO29SEP266200CE,INDIGO,29SEP2026,620000.000000,150,OPTSTK,NFO,5.000000,4501,False
80594,ICICIBANK27OCT261280PE,ICICIBANK,27OCT2026,128000.000000,700,OPTSTK,NFO,5.000000,21001,False
80600,ICICIBANK27OCT261340PE,ICICIBANK,27OCT2026,134000.000000,700,OPTSTK,NFO,5.000000,21001,False
80616,ICICIBANK27OCT261420CE,ICICIBANK,27OCT2026,142000.000000,700,OPTSTK,NFO,5.000000,21001,False
80617,ICICIBANK27OCT261420PE,ICICIBANK,27OCT2026,142000.000000,700,OPTSTK,NFO,5.000000,21001,False
114616,TITAN27OCT264600CE,TITAN,27OCT2026,460000.000000,175,OPTSTK,NFO,5.000000,5251,False
114632,TITAN27OCT265100CE,TITAN,27OCT2026,510000.000000,175,OPTSTK,NFO,5.000000,5251,False
114636,TITAN27OCT265300CE,TITAN,27OCT2026,530000.000000,175,OPTSTK,NFO,5.000000,5251,False
114640,TITAN27OCT265500CE,TITAN,27OCT2026,550000.000000,175,OPTSTK,NFO,5.000000,5251,False
80624,ICICIBANK27OCT261440PE,ICICIBANK,27OCT2026,144000.000000,700,OPTSTK,NFO,5.000000,21001,False
80627,ICICIBANK27OCT261480CE,ICICIBANK,27OCT2026,148000.000000,700,OPTSTK,NFO,5.000000,21001,False
80654,ICICIBANK27OCT261600CE,ICICIBANK,27OCT2026,160000.000000,700,OPTSTK,NFO,5.000000,21001,False
80659,ICICIBANK27OCT261640CE,ICICIBANK,27OCT2026,164000.000000,700,OPTSTK,NFO,5.000000,21001,False
114757,TMPV29SEP26365PE,TMPV,29SEP2026,36500.000000,1600,OPTSTK,NFO,5.000000,64001,False
114832,M&M23NOV263800CE,M&M,23NOV2026,380000.000000,200,OPTSTK,NFO,5.000000,8001,False
114957,TMPV27OCT26300PE,TMPV,27OCT2026,30000.000000,1600,OPTSTK,NFO,5.000000,64001,False
115001,MAHABANK29SEP2670CE,MAHABANK,29SEP2026,7000.000000,6500,OPTSTK,NFO,1.000000,260001,False
80660,ICICIBANK27OCT261640PE,ICICIBANK,27OCT2026,164000.000000,700,OPTSTK,NFO,5.000000,21001,False
80717,BOSCHLTD27OCT2652500CE,BOSCHLTD,27OCT2026,5250000.000000,25,OPTSTK,NFO,5.000000,501,False
80732,BOSCHLTD27OCT2652500PE,BOSCHLTD,27OCT2026,5250000.000000,25,OPTSTK,NFO,5.000000,501,False
80734,BOSCHLTD27OCT2653500PE,BOSCHLTD,27OCT2026,5350000.000000,25,OPTSTK,NFO,5.000000,501,False
115041,TORNTPHARM29SEP264550PE,TORNTPHARM,29SEP2026,455000.000000,125,OPTSTK,NFO,5.000000,5001,False
115052,INDUSINDBK29SEP26920CE,INDUSINDBK,29SEP2026,92000.000000,700,OPTSTK,NFO,5.000000,28001,False
115064,TORNTPHARM29SEP265150PE,TORNTPHARM,29SEP2026,515000.000000,125,OPTSTK,NFO,5.000000,5001,False
115068,TORNTPHARM29SEP265350PE,TORNTPHARM,29SEP2026,535000.000000,125,OPTSTK,NFO,5.000000,5001,False
80757,ADANIGREEN29SEP26960PE,ADANIGREEN,29SEP2026,96000.000000,600,OPTSTK,NFO,5.000000,18001,False
80766,ICICIGI29SEP261420PE,ICICIGI,29SEP2026,142000.000000,325,OPTSTK,NFO,5.000000,13001,False
80769,ICICIGI29SEP261460PE,ICICIGI,29SEP2026,146000.000000,325,OPTSTK,NFO,5.000000,13001,False
80770,ICICIGI29SEP261500CE,ICICIGI,29SEP2026,150000.000000,325,OPTSTK,NFO,5.000000,13001,False
115100,INDUSINDBK29SEP261020PE,INDUSINDBK,29SEP2026,102000.000000,700,OPTSTK,NFO,5.000000,28001,False
115124,INDUSINDBK29SEP261140PE,INDUSINDBK,29SEP2026,114000.000000,700,OPTSTK,NFO,5.000000,28001,False
115150,TORNTPHARM27OCT264400PE,TORNTPHARM,27OCT2026,440000.000000,125,OPTSTK,NFO,5.000000,5001,False
115165,MAHABANK29SEP2681CE,MAHABANK,29SEP2026,8100.000000,6500,OPTSTK,NFO,1.000000,260001,False
80772,ICICIGI29SEP261540CE,ICICIGI,29SEP2026,154000.000000,325,OPTSTK,NFO,5.000000,13001,False
80773,ICICIGI29SEP261540PE,ICICIGI,29SEP2026,154000.000000,325,OPTSTK,NFO,5.000000,13001,False
80815,BOSCHLTD23NOV2640000CE,BOSCHLTD,23NOV2026,4000000.000000,25,OPTSTK,NFO,5.000000,501,False
80821,BOSCHLTD23NOV2643000CE,BOSCHLTD,23NOV2026,4300000.000000,25,OPTSTK,NFO,5.000000,501,False
115174,MAHABANK29SEP2682PE,MAHABANK,29SEP2026,8200.000000,6500,OPTSTK,NFO,1.000000,260001,False
115177,MAHABANK29SEP2684CE,MAHABANK,29SEP2026,8400.000000,6500,OPTSTK,NFO,1.000000,260001,False
115220,TORNTPHARM27OCT265100CE,TORNTPHARM,27OCT2026,510000.000000,125,OPTSTK,NFO,5.000000,5001,False
115228,MAHABANK29SEP2692CE,MAHABANK,29SEP2026,9200.000000,6500,OPTSTK,NFO,1.000000,260001,False
80827,BOSCHLTD23NOV2644000PE,BOSCHLTD,23NOV2026,4400000.000000,25,OPTSTK,NFO,5.000000,501,False
80876,BOSCHLTD23NOV2647000PE,BOSCHLTD,23NOV2026,4700000.000000,25,OPTSTK,NFO,5.000000,501,False
80888,BOSCHLTD23NOV2648000PE,BOSCHLTD,23NOV2026,4800000.000000,25,OPTSTK,NFO,5.000000,501,False
80892,ICICIGI27OCT261320CE,ICICIGI,27OCT2026,132000.000000,325,OPTSTK,NFO,5.000000,13001,False
115239,TORNTPHARM27OCT265600CE,TORNTPHARM,27OCT2026,560000.000000,125,OPTSTK,NFO,5.000000,5001,False
115409,TRENT27OCT262700CE,TRENT,27OCT2026,270000.000000,225,OPTSTK,NFO,5.000000,9001,False
115455,TVSMOTOR29SEP263550CE,TVSMOTOR,29SEP2026,355000.000000,175,OPTSTK,NFO,5.000000,5251,False
115460,TVSMOTOR29SEP263750PE,TVSMOTOR,29SEP2026,375000.000000,175,OPTSTK,NFO,5.000000,5251,False
80899,ADANIGREEN29SEP261600CE,ADANIGREEN,29SEP2026,160000.000000,600,OPTSTK,NFO,5.000000,18001,False
80962,BOSCHLTD23NOV2653000CE,BOSCHLTD,23NOV2026,5300000.000000,25,OPTSTK,NFO,5.000000,501,False
80993,ICICIPRULI29SEP26455PE,ICICIPRULI,29SEP2026,45500.000000,925,OPTSTK,NFO,5.000000,46251,False
81037,BPCL27OCT26285CE,BPCL,27OCT2026,28500.000000,1975,OPTSTK,NFO,5.000000,79001,False
115463,TVSMOTOR29SEP263950CE,TVSMOTOR,29SEP2026,395000.000000,175,OPTSTK,NFO,5.000000,5251,False
115477,TVSMOTOR29SEP264350CE,TVSMOTOR,29SEP2026,435000.000000,175,OPTSTK,NFO,5.000000,5251,False
115487,TVSMOTOR29SEP264650PE,TVSMOTOR,29SEP2026,465000.000000,175,OPTSTK,NFO,5.000000,5251,False
115488,TVSMOTOR29SEP264750CE,TVSMOTOR,29SEP2026,475000.000000,175,OPTSTK,NFO,5.000000,5251,False
81070,BPCL27OCT26335CE,BPCL,27OCT2026,33500.000000,1975,OPTSTK,NFO,5.000000,79001,False
81145,ICICIPRULI27OCT26450CE,ICICIPRULI,27OCT2026,45000.000000,925,OPTSTK,NFO,5.000000,46251,False
81148,ICICIPRULI27OCT26460CE,ICICIPRULI,27OCT2026,46000.000000,925,OPTSTK,NFO,5.000000,46251,False
81176,ICICIPRULI27OCT26550CE,ICICIPRULI,27OCT2026,55000.000000,925,OPTSTK,NFO,5.000000,46251,False
115563,MAHABANK27OCT2675PE,MAHABANK,27OCT2026,7500.000000,6500,OPTSTK,NFO,1.000000,260001,False
115571,TVSMOTOR27OCT263600PE,TVSMOTOR,27OCT2026,360000.000000,175,OPTSTK,NFO,5.000000,5251,False
115589,MAHABANK27OCT2680PE,MAHABANK,27OCT2026,8000.000000,6500,OPTSTK,NFO,1.000000,260001,False
115603,MAHABANK27OCT2685CE,MAHABANK,27OCT2026,8500.000000,6500,OPTSTK,NFO,1.000000,260001,False
81180,ICICIPRULI27OCT26560CE,ICICIPRULI,27OCT2026,56000.000000,925,OPTSTK,NFO,5.000000,46251,False
81187,ICICIPRULI27OCT26560PE,ICICIPRULI,27OCT2026,56000.000000,925,OPTSTK,NFO,5.000000,46251,False
81282,IDEA27OCT2610PE,IDEA,27OCT2026,1000.000000,71475,OPTSTK,NFO,1.000000,1429501,False
81289,IDEA27OCT2614CE,IDEA,27OCT2026,1400.000000,71475,OPTSTK,NFO,1.000000,1429501,False
115626,TVSMOTOR27OCT264700PE,TVSMOTOR,27OCT2026,470000.000000,175,OPTSTK,NFO,5.000000,5251,False
115611,MAHABANK27OCT2688CE,MAHABANK,27OCT2026,8800.000000,6500,OPTSTK,NFO,1.000000,260001,False
115615,MAHABANK27OCT2690CE,MAHABANK,27OCT2026,9000.000000,6500,OPTSTK,NFO,1.000000,260001,False
115616,MAHABANK27OCT2690PE,MAHABANK,27OCT2026,9000.000000,6500,OPTSTK,NFO,1.000000,260001,False
81350,ADANIPORTS29SEP261560CE,ADANIPORTS,29SEP2026,156000.000000,475,OPTSTK,NFO,5.000000,14251,False
81356,IDFCFIRSTB29SEP2675CE,IDFCFIRSTB,29SEP2026,7500.000000,9275,OPTSTK,NFO,1.000000,278251,False
81363,IDFCFIRSTB29SEP2681PE,IDFCFIRSTB,29SEP2026,8100.000000,9275,OPTSTK,NFO,1.000000,278251,False
81377,IDFCFIRSTB29SEP2695PE,IDFCFIRSTB,29SEP2026,9500.000000,9275,OPTSTK,NFO,1.000000,278251,False
115645,INDUSTOWER29SEP26446CE,INDUSTOWER,29SEP2026,44600.000000,1700,OPTSTK,NFO,5.000000,68001,False
115655,MAHABANK27OCT2694CE,MAHABANK,27OCT2026,9400.000000,6500,OPTSTK,NFO,1.000000,260001,False
115762,INFY29SEP26920PE,INFY,29SEP2026,92000.000000,400,OPTSTK,NFO,5.000000,20001,False
115764,INFY29SEP26960PE,INFY,29SEP2026,96000.000000,400,OPTSTK,NFO,5.000000,20001,False
81400,ADANIPORTS29SEP261840PE,ADANIPORTS,29SEP2026,184000.000000,475,OPTSTK,NFO,5.000000,14251,False
81403,ADANIPORTS29SEP261920CE,ADANIPORTS,29SEP2026,192000.000000,475,OPTSTK,NFO,5.000000,14251,False
81466,ADANIPOWER29SEP26170CE,ADANIPOWER,29SEP2026,17000.000000,3550,OPTSTK,NFO,1.000000,106501,False
81476,BPCL23NOV26280CE,BPCL,23NOV2026,28000.000000,1975,OPTSTK,NFO,5.000000,79001,False
115767,INFY29SEP261040CE,INFY,29SEP2026,104000.000000,400,OPTSTK,NFO,5.000000,20001,False
115771,MAHABANK23NOV2692PE,MAHABANK,23NOV2026,9200.000000,6500,OPTSTK,NFO,1.000000,260001,False
115777,INFY29SEP261120CE,INFY,29SEP2026,112000.000000,400,OPTSTK,NFO,5.000000,20001,False
115780,MAHABANK23NOV26100CE,MAHABANK,23NOV2026,10000.000000,6500,OPTSTK,NFO,1.000000,260001,False
81479,BPCL23NOV26290PE,BPCL,23NOV2026,29000.000000,1975,OPTSTK,NFO,5.000000,79001,False
81485,BPCL23NOV26300PE,BPCL,23NOV2026,30000.000000,1975,OPTSTK,NFO,5.000000,79001,False
81550,IDFCFIRSTB27OCT2694PE,IDFCFIRSTB,27OCT2026,9400.000000,9275,OPTSTK,NFO,1.000000,278251,False
81581,BRITANNIA27OCT264750PE,BRITANNIA,27OCT2026,475000.000000,125,OPTSTK,NFO,5.000000,5001,False
115812,INFY29SEP261280PE,INFY,29SEP2026,128000.000000,400,OPTSTK,NFO,5.000000,20001,False
115853,MANAPPURAM27OCT26375CE,MANAPPURAM,27OCT2026,37500.000000,3000,OPTSTK,NFO,5.000000,60001,False
115907,MANAPPURAM23NOV26280CE,MANAPPURAM,23NOV2026,28000.000000,3000,OPTSTK,NFO,5.000000,60001,False
115912,MANAPPURAM23NOV26300PE,MANAPPURAM,23NOV2026,30000.000000,3000,OPTSTK,NFO,5.000000,60001,False
81583,BRITANNIA27OCT264850PE,BRITANNIA,27OCT2026,485000.000000,125,OPTSTK,NFO,5.000000,5001,False
81590,BRITANNIA27OCT265150CE,BRITANNIA,27OCT2026,515000.000000,125,OPTSTK,NFO,5.000000,5001,False
81599,ADANIPOWER29SEP26210CE,ADANIPOWER,29SEP2026,21000.000000,3550,OPTSTK,NFO,1.000000,106501,False
81609,ADANIPOWER29SEP26260CE,ADANIPOWER,29SEP2026,26000.000000,3550,OPTSTK,NFO,1.000000,106501,False
115943,MANAPPURAM23NOV26360PE,MANAPPURAM,23NOV2026,36000.000000,3000,OPTSTK,NFO,5.000000,60001,False
115945,MANAPPURAM23NOV26370PE,MANAPPURAM,23NOV2026,37000.000000,3000,OPTSTK,NFO,5.000000,60001,False
115947,MANAPPURAM23NOV26380PE,MANAPPURAM,23NOV2026,38000.000000,3000,OPTSTK,NFO,5.000000,60001,False
115951,MANAPPURAM23NOV26400PE,MANAPPURAM,23NOV2026,40000.000000,3000,OPTSTK,NFO,5.000000,60001,False
81642,IEX29SEP26122.5PE,IEX,29SEP2026,12250.000000,4350,OPTSTK,NFO,1.000000,174001,False
81700,IEX27OCT26115CE,IEX,27OCT2026,11500.000000,4350,OPTSTK,NFO,1.000000,174001,False
81810,INDHOTEL29SEP26730PE,INDHOTEL,29SEP2026,73000.000000,1000,OPTSTK,NFO,5.000000,30001,False
81811,INDHOTEL29SEP26750CE,INDHOTEL,29SEP2026,75000.000000,1000,OPTSTK,NFO,5.000000,30001,False
116057,MANKIND27OCT262100PE,MANKIND,27OCT2026,210000.000000,250,OPTSTK,NFO,5.000000,10001,False
116058,MANKIND27OCT262140CE,MANKIND,27OCT2026,214000.000000,250,OPTSTK,NFO,5.000000,10001,False
116063,MANKIND27OCT262220PE,MANKIND,27OCT2026,222000.000000,250,OPTSTK,NFO,5.000000,10001,False
116066,MANKIND27OCT262300CE,MANKIND,27OCT2026,230000.000000,250,OPTSTK,NFO,5.000000,10001,False
81812,INDHOTEL29SEP26750PE,INDHOTEL,29SEP2026,75000.000000,1000,OPTSTK,NFO,5.000000,30001,False
81813,INDHOTEL29SEP26770CE,INDHOTEL,29SEP2026,77000.000000,1000,OPTSTK,NFO,5.000000,30001,False
81901,INDHOTEL27OCT26620CE,INDHOTEL,27OCT2026,62000.000000,1000,OPTSTK,NFO,5.000000,30001,False
81902,INDHOTEL27OCT26620PE,INDHOTEL,27OCT2026,62000.000000,1000,OPTSTK,NFO,5.000000,30001,False
116252,UNIONBANK29SEP26162.5PE,UNIONBANK,29SEP2026,16250.000000,4425,OPTSTK,NFO,1.000000,132751,False
116254,UNIONBANK29SEP26167.5PE,UNIONBANK,29SEP2026,16750.000000,4425,OPTSTK,NFO,1.000000,132751,False
116267,UNIONBANK29SEP26202.5CE,UNIONBANK,29SEP2026,20250.000000,4425,OPTSTK,NFO,1.000000,132751,False
116268,UNIONBANK29SEP26202.5PE,UNIONBANK,29SEP2026,20250.000000,4425,OPTSTK,NFO,1.000000,132751,False
81904,INDHOTEL27OCT26640PE,INDHOTEL,27OCT2026,64000.000000,1000,OPTSTK,NFO,5.000000,30001,False
81909,INDHOTEL27OCT26700CE,INDHOTEL,27OCT2026,70000.000000,1000,OPTSTK,NFO,5.000000,30001,False
81913,INDHOTEL27OCT26740CE,INDHOTEL,27OCT2026,74000.000000,1000,OPTSTK,NFO,5.000000,30001,False
82022,INDIANB29SEP26830CE,INDIANB,29SEP2026,83000.000000,1000,OPTSTK,NFO,5.000000,30001,False
116275,INOXWIND29SEP2655PE,INOXWIND,29SEP2026,5500.000000,6400,OPTSTK,NFO,1.000000,256001,False
116315,INOXWIND29SEP2695PE,INOXWIND,29SEP2026,9500.000000,6400,OPTSTK,NFO,1.000000,256001,False
116316,INOXWIND29SEP26100CE,INOXWIND,29SEP2026,10000.000000,6400,OPTSTK,NFO,1.000000,256001,False
116327,UNIONBANK27OCT26170PE,UNIONBANK,27OCT2026,17000.000000,4425,OPTSTK,NFO,1.000000,132751,False
82046,INDIANB29SEP26950PE,INDIANB,29SEP2026,95000.000000,1000,OPTSTK,NFO,5.000000,30001,False
82047,INDIANB29SEP26970CE,INDIANB,29SEP2026,97000.000000,1000,OPTSTK,NFO,5.000000,30001,False
82086,INDIANB29SEP26990PE,INDIANB,29SEP2026,99000.000000,1000,OPTSTK,NFO,5.000000,30001,False
82149,INDIANB27OCT26780PE,INDIANB,27OCT2026,78000.000000,1000,OPTSTK,NFO,5.000000,30001,False
116341,UNIONBANK27OCT26200PE,UNIONBANK,27OCT2026,20000.000000,4425,OPTSTK,NFO,1.000000,132751,False
116353,MANKIND23NOV262240CE,MANKIND,23NOV2026,224000.000000,250,OPTSTK,NFO,5.000000,10001,False
116368,MANKIND23NOV262400PE,MANKIND,23NOV2026,240000.000000,250,OPTSTK,NFO,5.000000,10001,False
116469,MARICO27OCT26770PE,MARICO,27OCT2026,77000.000000,1200,OPTSTK,NFO,5.000000,36001,False
82177,INDIANB27OCT26960PE,INDIANB,27OCT2026,96000.000000,1000,OPTSTK,NFO,5.000000,30001,False
82185,INDIANB27OCT261020PE,INDIANB,27OCT2026,102000.000000,1000,OPTSTK,NFO,5.000000,30001,False
82192,BRITANNIA23NOV265400PE,BRITANNIA,23NOV2026,540000.000000,125,OPTSTK,NFO,5.000000,5001,False
82241,BRITANNIA23NOV265700CE,BRITANNIA,23NOV2026,570000.000000,125,OPTSTK,NFO,5.000000,5001,False
116479,MARICO27OCT26850PE,MARICO,27OCT2026,85000.000000,1200,OPTSTK,NFO,5.000000,36001,False
116484,MARICO27OCT26910CE,MARICO,27OCT2026,91000.000000,1200,OPTSTK,NFO,5.000000,36001,False
116543,UNITDSPR29SEP261580PE,UNITDSPR,29SEP2026,158000.000000,400,OPTSTK,NFO,5.000000,16001,False
116581,MARICO23NOV26860CE,MARICO,23NOV2026,86000.000000,1200,OPTSTK,NFO,5.000000,36001,False
82249,ALKEM29SEP265200PE,ALKEM,29SEP2026,520000.000000,125,OPTSTK,NFO,5.000000,5001,False
82254,INDIGO29SEP265300PE,INDIGO,29SEP2026,530000.000000,150,OPTSTK,NFO,5.000000,4501,False
82297,ALKEM29SEP265700CE,ALKEM,29SEP2026,570000.000000,125,OPTSTK,NFO,5.000000,5001,False
82302,ALKEM29SEP265900PE,ALKEM,29SEP2026,590000.000000,125,OPTSTK,NFO,5.000000,5001,False
116665,UNITDSPR27OCT261600CE,UNITDSPR,27OCT2026,160000.000000,400,OPTSTK,NFO,5.000000,16001,False
116799,UNOMINDA27OCT261160CE,UNOMINDA,27OCT2026,116000.000000,550,OPTSTK,NFO,5.000000,22001,False
116936,UPL29SEP26650CE,UPL,29SEP2026,65000.000000,1355,OPTSTK,NFO,5.000000,40651,False
116937,UPL29SEP26650PE,UPL,29SEP2026,65000.000000,1355,OPTSTK,NFO,5.000000,40651,False
82323,ALKEM29SEP266300PE,ALKEM,29SEP2026,630000.000000,125,OPTSTK,NFO,5.000000,5001,False
82420,INDIGO27OCT265200PE,INDIGO,27OCT2026,520000.000000,150,OPTSTK,NFO,5.000000,4501,False
82426,INDIGO27OCT265800PE,INDIGO,27OCT2026,580000.000000,150,OPTSTK,NFO,5.000000,4501,False
82427,INDIGO27OCT266000CE,INDIGO,27OCT2026,600000.000000,150,OPTSTK,NFO,5.000000,4501,False
116947,MARUTI27OCT2611500CE,MARUTI,27OCT2026,1150000.000000,50,OPTSTK,NFO,5.000000,2001,False
116969,MARUTI27OCT2612500CE,MARUTI,27OCT2026,1250000.000000,50,OPTSTK,NFO,5.000000,2001,False
116988,MARUTI27OCT2613300PE,MARUTI,27OCT2026,1330000.000000,50,OPTSTK,NFO,5.000000,2001,False
116995,MARUTI27OCT2613900PE,MARUTI,27OCT2026,1390000.000000,50,OPTSTK,NFO,5.000000,2001,False
82477,INDUSINDBK29SEP261030CE,INDUSINDBK,29SEP2026,103000.000000,700,OPTSTK,NFO,5.000000,28001,False
82487,INDUSINDBK29SEP261110CE,INDUSINDBK,29SEP2026,111000.000000,700,OPTSTK,NFO,5.000000,28001,False
82497,BSE23NOV263000CE,BSE,23NOV2026,300000.000000,200,OPTSTK,NFO,5.000000,6001,False
82508,BSE23NOV264000PE,BSE,23NOV2026,400000.000000,200,OPTSTK,NFO,5.000000,6001,False
117031,UPL27OCT26500CE,UPL,27OCT2026,50000.000000,1355,OPTSTK,NFO,5.000000,40651,False
117036,UPL27OCT26540CE,UPL,27OCT2026,54000.000000,1355,OPTSTK,NFO,5.000000,40651,False
117040,UPL27OCT26580CE,UPL,27OCT2026,58000.000000,1355,OPTSTK,NFO,5.000000,40651,False
117045,UPL27OCT26620PE,UPL,27OCT2026,62000.000000,1355,OPTSTK,NFO,5.000000,40651,False
82592,CAMS27OCT26790PE,CAMS,27OCT2026,79000.000000,825,OPTSTK,NFO,5.000000,33001,False
82669,INDUSINDBK27OCT26840CE,INDUSINDBK,27OCT2026,84000.000000,700,OPTSTK,NFO,5.000000,28001,False
82670,INDUSINDBK27OCT26840PE,INDUSINDBK,27OCT2026,84000.000000,700,OPTSTK,NFO,5.000000,28001,False
82716,CAMS23NOV26640CE,CAMS,23NOV2026,64000.000000,825,OPTSTK,NFO,5.000000,33001,False
82773,INDUSINDBK27OCT261080CE,INDUSINDBK,27OCT2026,108000.000000,700,OPTSTK,NFO,5.000000,28001,False
82851,AMBER29SEP267200CE,AMBER,29SEP2026,720000.000000,100,OPTSTK,NFO,5.000000,3001,False
82853,AMBER29SEP267400CE,AMBER,29SEP2026,740000.000000,100,OPTSTK,NFO,5.000000,3001,False
82864,AMBER29SEP268400PE,AMBER,29SEP2026,840000.000000,100,OPTSTK,NFO,5.000000,3001,False
82866,AMBER29SEP268600PE,AMBER,29SEP2026,860000.000000,100,OPTSTK,NFO,5.000000,3001,False
82922,CANBK27OCT26117.5CE,CANBK,27OCT2026,11750.000000,6750,OPTSTK,NFO,1.000000,202501,False
82948,CANBK27OCT26127.5CE,CANBK,27OCT2026,12750.000000,6750,OPTSTK,NFO,1.000000,202501,False
82952,CANBK27OCT26137.5CE,CANBK,27OCT2026,13750.000000,6750,OPTSTK,NFO,1.000000,202501,False
83019,INDUSTOWER29SEP26361CE,INDUSTOWER,29SEP2026,36100.000000,1700,OPTSTK,NFO,5.000000,68001,False
83039,CANBK23NOV26100CE,CANBK,23NOV2026,10000.000000,6750,OPTSTK,NFO,1.000000,202501,False
83050,CANBK23NOV26120PE,CANBK,23NOV2026,12000.000000,6750,OPTSTK,NFO,1.000000,202501,False
83056,INDUSTOWER29SEP26381PE,INDUSTOWER,29SEP2026,38100.000000,1700,OPTSTK,NFO,5.000000,68001,False
82467,INDUSINDBK29SEP26930CE,INDUSINDBK,29SEP2026,93000.000000,700,OPTSTK,NFO,5.000000,28001,False
83071,CANBK23NOV26145PE,CANBK,23NOV2026,14500.000000,6750,OPTSTK,NFO,1.000000,202501,False
83112,CDSL27OCT261260PE,CDSL,27OCT2026,126000.000000,475,OPTSTK,NFO,5.000000,19001,False
83124,CDSL27OCT261500PE,CDSL,27OCT2026,150000.000000,475,OPTSTK,NFO,5.000000,19001,False
82480,INDUSINDBK29SEP261050PE,INDUSINDBK,29SEP2026,105000.000000,700,OPTSTK,NFO,5.000000,28001,False
82494,BSE23NOV262600PE,BSE,23NOV2026,260000.000000,200,OPTSTK,NFO,5.000000,6001,False
82503,BSE23NOV263600CE,BSE,23NOV2026,360000.000000,200,OPTSTK,NFO,5.000000,6001,False
82468,INDUSINDBK29SEP26930PE,INDUSINDBK,29SEP2026,93000.000000,700,OPTSTK,NFO,5.000000,28001,False
82511,BSE23NOV264400CE,BSE,23NOV2026,440000.000000,200,OPTSTK,NFO,5.000000,6001,False
82580,CAMS27OCT26710PE,CAMS,27OCT2026,71000.000000,825,OPTSTK,NFO,5.000000,33001,False
82588,CAMS27OCT26770PE,CAMS,27OCT2026,77000.000000,825,OPTSTK,NFO,5.000000,33001,False
82722,INDUSINDBK27OCT26960PE,INDUSINDBK,27OCT2026,96000.000000,700,OPTSTK,NFO,5.000000,28001,False
82724,CAMS23NOV26680CE,CAMS,23NOV2026,68000.000000,825,OPTSTK,NFO,5.000000,33001,False
82764,INDUSINDBK27OCT261000PE,INDUSINDBK,27OCT2026,100000.000000,700,OPTSTK,NFO,5.000000,28001,False
82838,AMBER29SEP266200CE,AMBER,29SEP2026,620000.000000,100,OPTSTK,NFO,5.000000,3001,False
82842,AMBER29SEP266600CE,AMBER,29SEP2026,660000.000000,100,OPTSTK,NFO,5.000000,3001,False
82857,AMBER29SEP267800CE,AMBER,29SEP2026,780000.000000,100,OPTSTK,NFO,5.000000,3001,False
82863,AMBER29SEP268400CE,AMBER,29SEP2026,840000.000000,100,OPTSTK,NFO,5.000000,3001,False
82867,AMBER29SEP268800CE,AMBER,29SEP2026,880000.000000,100,OPTSTK,NFO,5.000000,3001,False
82950,CANBK27OCT26132.5CE,CANBK,27OCT2026,13250.000000,6750,OPTSTK,NFO,1.000000,202501,False
82992,CANBK27OCT26142.5PE,CANBK,27OCT2026,14250.000000,6750,OPTSTK,NFO,1.000000,202501,False
83061,INDUSTOWER29SEP26411CE,INDUSTOWER,29SEP2026,41100.000000,1700,OPTSTK,NFO,5.000000,68001,False
83062,INDUSTOWER29SEP26411PE,INDUSTOWER,29SEP2026,41100.000000,1700,OPTSTK,NFO,5.000000,68001,False
83068,CANBK23NOV26140CE,CANBK,23NOV2026,14000.000000,6750,OPTSTK,NFO,1.000000,202501,False
117179,MARUTI23NOV2610400CE,MARUTI,23NOV2026,1040000.000000,50,OPTSTK,NFO,5.000000,2001,False
117204,IREDA29SEP26110PE,IREDA,29SEP2026,11000.000000,4525,OPTSTK,NFO,1.000000,181001,False
117215,IREDA29SEP26140CE,IREDA,29SEP2026,14000.000000,4525,OPTSTK,NFO,1.000000,181001,False
117217,IREDA29SEP26145CE,IREDA,29SEP2026,14500.000000,4525,OPTSTK,NFO,1.000000,181001,False
83113,CDSL27OCT261300CE,CDSL,27OCT2026,130000.000000,475,OPTSTK,NFO,5.000000,19001,False
83117,CDSL27OCT261380CE,CDSL,27OCT2026,138000.000000,475,OPTSTK,NFO,5.000000,19001,False
83122,CDSL27OCT261460PE,CDSL,27OCT2026,146000.000000,475,OPTSTK,NFO,5.000000,19001,False
83215,CDSL23NOV261320PE,CDSL,23NOV2026,132000.000000,475,OPTSTK,NFO,5.000000,19001,False
83262,AMBUJACEM29SEP26350CE,AMBUJACEM,29SEP2026,35000.000000,1200,OPTSTK,NFO,5.000000,60001,False
83271,AMBUJACEM29SEP26390PE,AMBUJACEM,29SEP2026,39000.000000,1200,OPTSTK,NFO,5.000000,60001,False
83275,AMBUJACEM29SEP26410PE,AMBUJACEM,29SEP2026,41000.000000,1200,OPTSTK,NFO,5.000000,60001,False
83276,AMBUJACEM29SEP26420CE,AMBUJACEM,29SEP2026,42000.000000,1200,OPTSTK,NFO,5.000000,60001,False
117220,IREDA29SEP26150PE,IREDA,29SEP2026,15000.000000,4525,OPTSTK,NFO,1.000000,181001,False
117232,MARUTI23NOV2611400CE,MARUTI,23NOV2026,1140000.000000,50,OPTSTK,NFO,5.000000,2001,False
117307,MARUTI23NOV2612400PE,MARUTI,23NOV2026,1240000.000000,50,OPTSTK,NFO,5.000000,2001,False
117313,MARUTI23NOV2612600PE,MARUTI,23NOV2026,1260000.000000,50,OPTSTK,NFO,5.000000,2001,False
83282,AMBUJACEM29SEP26450CE,AMBUJACEM,29SEP2026,45000.000000,1200,OPTSTK,NFO,5.000000,60001,False
83331,CDSL23NOV261600PE,CDSL,23NOV2026,160000.000000,475,OPTSTK,NFO,5.000000,19001,False
83363,INFY29SEP26900PE,INFY,29SEP2026,90000.000000,400,OPTSTK,NFO,5.000000,20001,False
83375,INFY29SEP261140PE,INFY,29SEP2026,114000.000000,400,OPTSTK,NFO,5.000000,20001,False
117314,MARUTI23NOV2612800CE,MARUTI,23NOV2026,1280000.000000,50,OPTSTK,NFO,5.000000,2001,False
117315,MARUTI23NOV2612800PE,MARUTI,23NOV2026,1280000.000000,50,OPTSTK,NFO,5.000000,2001,False
117334,MARUTI23NOV2613800PE,MARUTI,23NOV2026,1380000.000000,50,OPTSTK,NFO,5.000000,2001,False
117437,IRFC29SEP2672CE,IRFC,29SEP2026,7200.000000,5425,OPTSTK,NFO,1.000000,271251,False
83379,INFY29SEP261220PE,INFY,29SEP2026,122000.000000,400,OPTSTK,NFO,5.000000,20001,False
83435,CGPOWER23NOV26760CE,CGPOWER,23NOV2026,76000.000000,850,OPTSTK,NFO,5.000000,25501,False
83441,INFY27OCT26920CE,INFY,27OCT2026,92000.000000,400,OPTSTK,NFO,5.000000,20001,False
83443,INFY27OCT26960CE,INFY,27OCT2026,96000.000000,400,OPTSTK,NFO,5.000000,20001,False
117449,VBL27OCT26340CE,VBL,27OCT2026,34000.000000,1275,OPTSTK,NFO,5.000000,51001,False
117455,VBL27OCT26400CE,VBL,27OCT2026,40000.000000,1275,OPTSTK,NFO,5.000000,51001,False
117481,IRFC29SEP2682CE,IRFC,29SEP2026,8200.000000,5425,OPTSTK,NFO,1.000000,271251,False
117495,VBL27OCT26500PE,VBL,27OCT2026,50000.000000,1275,OPTSTK,NFO,5.000000,51001,False
117601,VEDL29SEP26255CE,VEDL,29SEP2026,25500.000000,1150,OPTSTK,NFO,5.000000,80501,False
117652,MAXHEALTH27OCT26930PE,MAXHEALTH,27OCT2026,93000.000000,525,OPTSTK,NFO,5.000000,21001,False
117610,VEDL29SEP26285PE,VEDL,29SEP2026,28500.000000,1150,OPTSTK,NFO,5.000000,80501,False
117614,VEDL29SEP26305PE,VEDL,29SEP2026,30500.000000,1150,OPTSTK,NFO,5.000000,80501,False
117656,MAXHEALTH27OCT26970CE,MAXHEALTH,27OCT2026,97000.000000,525,OPTSTK,NFO,5.000000,21001,False
117707,VEDL27OCT26210PE,VEDL,27OCT2026,21000.000000,1150,OPTSTK,NFO,5.000000,80501,False
117734,VEDL27OCT26260CE,VEDL,27OCT2026,26000.000000,1150,OPTSTK,NFO,5.000000,80501,False
117744,VEDL27OCT26310CE,VEDL,27OCT2026,31000.000000,1150,OPTSTK,NFO,5.000000,80501,False
117748,VEDL27OCT26330CE,VEDL,27OCT2026,33000.000000,1150,OPTSTK,NFO,5.000000,80501,False
117784,VMM29SEP26127.5CE,VMM,29SEP2026,12750.000000,4850,OPTSTK,NFO,1.000000,194001,False
117816,VMM27OCT26100CE,VMM,27OCT2026,10000.000000,4850,OPTSTK,NFO,1.000000,194001,False
117826,VMM27OCT26120CE,VMM,27OCT2026,12000.000000,4850,OPTSTK,NFO,1.000000,194001,False
117827,VMM27OCT26120PE,VMM,27OCT2026,12000.000000,4850,OPTSTK,NFO,1.000000,194001,False
117941,VOLTAS29SEP261060PE,VOLTAS,29SEP2026,106000.000000,375,OPTSTK,NFO,5.000000,18751,False
118011,VOLTAS29SEP261220PE,VOLTAS,29SEP2026,122000.000000,375,OPTSTK,NFO,5.000000,18751,False
118024,MAXHEALTH27OCT261110CE,MAXHEALTH,27OCT2026,111000.000000,525,OPTSTK,NFO,5.000000,21001,False
118037,ITC29SEP26245PE,ITC,29SEP2026,24500.000000,1725,OPTSTK,NFO,5.000000,86251,False
118073,ITC29SEP26285PE,ITC,29SEP2026,28500.000000,1725,OPTSTK,NFO,5.000000,86251,False
118075,ITC29SEP26290PE,ITC,29SEP2026,29000.000000,1725,OPTSTK,NFO,5.000000,86251,False
118078,ITC29SEP26300CE,ITC,29SEP2026,30000.000000,1725,OPTSTK,NFO,5.000000,86251,False
118124,VOLTAS27OCT26960CE,VOLTAS,27OCT2026,96000.000000,375,OPTSTK,NFO,5.000000,18751,False
118152,MAXHEALTH23NOV26920CE,MAXHEALTH,23NOV2026,92000.000000,525,OPTSTK,NFO,5.000000,21001,False
118181,VOLTAS27OCT261360CE,VOLTAS,27OCT2026,136000.000000,375,OPTSTK,NFO,5.000000,18751,False
118193,MAXHEALTH23NOV261020CE,MAXHEALTH,23NOV2026,102000.000000,525,OPTSTK,NFO,5.000000,21001,False
83453,INFY27OCT261120CE,INFY,27OCT2026,112000.000000,400,OPTSTK,NFO,5.000000,20001,False
83460,CGPOWER23NOV26880PE,CGPOWER,23NOV2026,88000.000000,850,OPTSTK,NFO,5.000000,25501,False
83582,INOXWIND29SEP2662.5CE,INOXWIND,29SEP2026,6250.000000,6400,OPTSTK,NFO,1.000000,256001,False
83631,INOXWIND27OCT2655CE,INOXWIND,27OCT2026,5500.000000,6400,OPTSTK,NFO,1.000000,256001,False
118196,MAXHEALTH23NOV261020PE,MAXHEALTH,23NOV2026,102000.000000,525,OPTSTK,NFO,5.000000,21001,False
118198,MAXHEALTH23NOV261040CE,MAXHEALTH,23NOV2026,104000.000000,525,OPTSTK,NFO,5.000000,21001,False
118224,MAXHEALTH23NOV261100PE,MAXHEALTH,23NOV2026,110000.000000,525,OPTSTK,NFO,5.000000,21001,False
118229,MAXHEALTH23NOV261160CE,MAXHEALTH,23NOV2026,116000.000000,525,OPTSTK,NFO,5.000000,21001,False
83721,INOXWIND27OCT2690CE,INOXWIND,27OCT2026,9000.000000,6400,OPTSTK,NFO,1.000000,256001,False
83757,CHOLAFIN23NOV261840PE,CHOLAFIN,23NOV2026,184000.000000,625,OPTSTK,NFO,5.000000,12501,False
83820,ANGELONE29SEP26290CE,ANGELONE,29SEP2026,29000.000000,2500,OPTSTK,NFO,5.000000,75001,False
83824,ANGELONE29SEP26300CE,ANGELONE,29SEP2026,30000.000000,2500,OPTSTK,NFO,5.000000,75001,False
118234,MAXHEALTH23NOV261200PE,MAXHEALTH,23NOV2026,120000.000000,525,OPTSTK,NFO,5.000000,21001,False
118340,JINDALSTEL29SEP26960PE,JINDALSTEL,29SEP2026,96000.000000,625,OPTSTK,NFO,5.000000,18751,False
118382,WAAREEENER29SEP262550PE,WAAREEENER,29SEP2026,255000.000000,175,OPTSTK,NFO,5.000000,8751,False
118449,WAAREEENER27OCT262600CE,WAAREEENER,27OCT2026,260000.000000,175,OPTSTK,NFO,5.000000,8751,False
83886,CIPLA27OCT261250CE,CIPLA,27OCT2026,125000.000000,425,OPTSTK,NFO,5.000000,17001,False
83887,CIPLA27OCT261250PE,CIPLA,27OCT2026,125000.000000,425,OPTSTK,NFO,5.000000,17001,False
83901,CIPLA27OCT261390PE,CIPLA,27OCT2026,139000.000000,425,OPTSTK,NFO,5.000000,17001,False
83946,CIPLA27OCT261430CE,CIPLA,27OCT2026,143000.000000,425,OPTSTK,NFO,5.000000,17001,False
83981,IOC29SEP26132.5PE,IOC,29SEP2026,13250.000000,4875,OPTSTK,NFO,1.000000,195001,False
83985,IOC29SEP26142.5PE,IOC,29SEP2026,14250.000000,4875,OPTSTK,NFO,1.000000,195001,False
84195,APLAPOLLO29SEP261840CE,APLAPOLLO,29SEP2026,184000.000000,350,OPTSTK,NFO,5.000000,10501,False
84204,APLAPOLLO29SEP262000PE,APLAPOLLO,29SEP2026,200000.000000,350,OPTSTK,NFO,5.000000,10501,False
118542,MAZDOCK23NOV262000PE,MAZDOCK,23NOV2026,200000.000000,225,OPTSTK,NFO,5.000000,9001,False
118546,MAZDOCK23NOV262200CE,MAZDOCK,23NOV2026,220000.000000,225,OPTSTK,NFO,5.000000,9001,False
118550,MAZDOCK23NOV262400CE,MAZDOCK,23NOV2026,240000.000000,225,OPTSTK,NFO,5.000000,9001,False
118557,MAZDOCK23NOV262500PE,MAZDOCK,23NOV2026,250000.000000,225,OPTSTK,NFO,5.000000,9001,False
84220,APLAPOLLO29SEP262120PE,APLAPOLLO,29SEP2026,212000.000000,350,OPTSTK,NFO,5.000000,10501,False
84226,APLAPOLLO29SEP262200PE,APLAPOLLO,29SEP2026,220000.000000,350,OPTSTK,NFO,5.000000,10501,False
84227,APLAPOLLO29SEP262240CE,APLAPOLLO,29SEP2026,224000.000000,350,OPTSTK,NFO,5.000000,10501,False
84229,APLAPOLLO29SEP262280CE,APLAPOLLO,29SEP2026,228000.000000,350,OPTSTK,NFO,5.000000,10501,False
118623,MCX27OCT263150PE,MCX,27OCT2026,315000.000000,225,OPTSTK,NFO,5.000000,6751,False
118632,MCX27OCT263650CE,MCX,27OCT2026,365000.000000,225,OPTSTK,NFO,5.000000,6751,False
118648,JIOFIN29SEP26205PE,JIOFIN,29SEP2026,20500.000000,2350,OPTSTK,NFO,1.000000,94001,False
118651,WIPRO29SEP26167.5PE,WIPRO,29SEP2026,16750.000000,3000,OPTSTK,NFO,1.000000,120001,False
84231,APLAPOLLO29SEP262320CE,APLAPOLLO,29SEP2026,232000.000000,350,OPTSTK,NFO,5.000000,10501,False
84249,CIPLA23NOV261440CE,CIPLA,23NOV2026,144000.000000,425,OPTSTK,NFO,5.000000,17001,False
84251,CIPLA23NOV261460CE,CIPLA,23NOV2026,146000.000000,425,OPTSTK,NFO,5.000000,17001,False
84255,CIPLA23NOV261500CE,CIPLA,23NOV2026,150000.000000,425,OPTSTK,NFO,5.000000,17001,False
118652,WIPRO29SEP26172.5CE,WIPRO,29SEP2026,17250.000000,3000,OPTSTK,NFO,1.000000,120001,False
118654,WIPRO29SEP26177.5CE,WIPRO,29SEP2026,17750.000000,3000,OPTSTK,NFO,1.000000,120001,False
118655,WIPRO29SEP26177.5PE,WIPRO,29SEP2026,17750.000000,3000,OPTSTK,NFO,1.000000,120001,False
118665,WIPRO29SEP26187.5CE,WIPRO,29SEP2026,18750.000000,3000,OPTSTK,NFO,1.000000,120001,False
84416,COALINDIA27OCT26395CE,COALINDIA,27OCT2026,39500.000000,1350,OPTSTK,NFO,5.000000,54001,False
84315,IREDA29SEP26102.5CE,IREDA,29SEP2026,10250.000000,4525,OPTSTK,NFO,1.000000,181001,False
84320,IREDA29SEP26112.5PE,IREDA,29SEP2026,11250.000000,4525,OPTSTK,NFO,1.000000,181001,False
84330,IREDA29SEP26132.5PE,IREDA,29SEP2026,13250.000000,4525,OPTSTK,NFO,1.000000,181001,False
118668,WIPRO29SEP26192.5PE,WIPRO,29SEP2026,19250.000000,3000,OPTSTK,NFO,1.000000,120001,False
118670,WIPRO29SEP26197.5PE,WIPRO,29SEP2026,19750.000000,3000,OPTSTK,NFO,1.000000,120001,False
118721,WIPRO27OCT26175CE,WIPRO,27OCT2026,17500.000000,3000,OPTSTK,NFO,1.000000,120001,False
118730,WIPRO27OCT26185PE,WIPRO,27OCT2026,18500.000000,3000,OPTSTK,NFO,1.000000,120001,False
84425,COALINDIA27OCT26435PE,COALINDIA,27OCT2026,43500.000000,1350,OPTSTK,NFO,5.000000,54001,False
84503,APOLLOHOSP29SEP267400PE,APOLLOHOSP,29SEP2026,740000.000000,125,OPTSTK,NFO,5.000000,2501,False
84523,APOLLOHOSP29SEP267600PE,APOLLOHOSP,29SEP2026,760000.000000,125,OPTSTK,NFO,5.000000,2501,False
84527,IREDA27OCT26110CE,IREDA,27OCT2026,11000.000000,4525,OPTSTK,NFO,1.000000,181001,False
118731,WIPRO27OCT26190CE,WIPRO,27OCT2026,19000.000000,3000,OPTSTK,NFO,1.000000,120001,False
118737,WIPRO27OCT26200CE,WIPRO,27OCT2026,20000.000000,3000,OPTSTK,NFO,1.000000,120001,False
118741,WIPRO27OCT26210CE,WIPRO,27OCT2026,21000.000000,3000,OPTSTK,NFO,1.000000,120001,False
118742,WIPRO27OCT26210PE,WIPRO,27OCT2026,21000.000000,3000,OPTSTK,NFO,1.000000,120001,False
84541,IREDA27OCT26135PE,IREDA,27OCT2026,13500.000000,4525,OPTSTK,NFO,1.000000,181001,False
84555,APOLLOHOSP29SEP268000CE,APOLLOHOSP,29SEP2026,800000.000000,125,OPTSTK,NFO,5.000000,2501,False
84559,APOLLOHOSP29SEP268400CE,APOLLOHOSP,29SEP2026,840000.000000,125,OPTSTK,NFO,5.000000,2501,False
84574,APOLLOHOSP29SEP269800CE,APOLLOHOSP,29SEP2026,980000.000000,125,OPTSTK,NFO,5.000000,2501,False
118766,YESBANK29SEP2619PE,YESBANK,29SEP2026,1900.000000,31100,OPTSTK,NFO,1.000000,933001,False
118768,YESBANK29SEP2621PE,YESBANK,29SEP2026,2100.000000,31100,OPTSTK,NFO,1.000000,933001,False
118786,MCX23NOV263000PE,MCX,23NOV2026,300000.000000,225,OPTSTK,NFO,5.000000,6751,False
118868,JIOFIN29SEP26240CE,JIOFIN,29SEP2026,24000.000000,2350,OPTSTK,NFO,1.000000,94001,False
84583,APOLLOHOSP29SEP2610200PE,APOLLOHOSP,29SEP2026,1020000.000000,125,OPTSTK,NFO,5.000000,2501,False
84727,COALINDIA23NOV26340CE,COALINDIA,23NOV2026,34000.000000,1350,OPTSTK,NFO,5.000000,54001,False
84760,ASHOKLEY29SEP26135CE,ASHOKLEY,29SEP2026,13500.000000,5000,OPTSTK,NFO,1.000000,150001,False
84775,COALINDIA23NOV26440CE,COALINDIA,23NOV2026,44000.000000,1350,OPTSTK,NFO,5.000000,54001,False
118872,JIOFIN29SEP26250CE,JIOFIN,29SEP2026,25000.000000,2350,OPTSTK,NFO,1.000000,94001,False
118873,JIOFIN29SEP26250PE,JIOFIN,29SEP2026,25000.000000,2350,OPTSTK,NFO,1.000000,94001,False
118874,JIOFIN29SEP26255CE,JIOFIN,29SEP2026,25500.000000,2350,OPTSTK,NFO,1.000000,94001,False
118881,JIOFIN29SEP26270PE,JIOFIN,29SEP2026,27000.000000,2350,OPTSTK,NFO,1.000000,94001,False
84776,COALINDIA23NOV26440PE,COALINDIA,23NOV2026,44000.000000,1350,OPTSTK,NFO,5.000000,54001,False
84788,COALINDIA23NOV26500PE,COALINDIA,23NOV2026,50000.000000,1350,OPTSTK,NFO,5.000000,54001,False
84822,COCHINSHIP27OCT261540PE,COCHINSHIP,27OCT2026,154000.000000,400,OPTSTK,NFO,5.000000,16001,False
84825,ASHOKLEY29SEP26150PE,ASHOKLEY,29SEP2026,15000.000000,5000,OPTSTK,NFO,1.000000,150001,False
118882,JIOFIN29SEP26275CE,JIOFIN,29SEP2026,27500.000000,2350,OPTSTK,NFO,1.000000,94001,False
118902,JIOFIN29SEP26295PE,JIOFIN,29SEP2026,29500.000000,2350,OPTSTK,NFO,1.000000,94001,False
118890,JIOFIN29SEP26285PE,JIOFIN,29SEP2026,28500.000000,2350,OPTSTK,NFO,1.000000,94001,False
118901,JIOFIN29SEP26295CE,JIOFIN,29SEP2026,29500.000000,2350,OPTSTK,NFO,1.000000,94001,False
84917,COCHINSHIP23NOV261520PE,COCHINSHIP,23NOV2026,152000.000000,400,OPTSTK,NFO,5.000000,16001,False
85031,IRFC27OCT2674PE,IRFC,27OCT2026,7400.000000,5425,OPTSTK,NFO,1.000000,271251,False
84945,IRFC29SEP2693PE,IRFC,29SEP2026,9300.000000,5425,OPTSTK,NFO,1.000000,271251,False
85025,IRFC27OCT2670CE,IRFC,27OCT2026,7000.000000,5425,OPTSTK,NFO,1.000000,271251,False
118946,ZYDUSLIFE29SEP261050CE,ZYDUSLIFE,29SEP2026,105000.000000,900,OPTSTK,NFO,5.000000,27001,False
118968,ZYDUSLIFE29SEP261170CE,ZYDUSLIFE,29SEP2026,117000.000000,900,OPTSTK,NFO,5.000000,27001,False
118985,ZYDUSLIFE29SEP261270PE,ZYDUSLIFE,29SEP2026,127000.000000,900,OPTSTK,NFO,5.000000,27001,False
119016,JSWENERGY29SEP26460PE,JSWENERGY,29SEP2026,46000.000000,1075,OPTSTK,NFO,5.000000,43001,False
85054,IRFC27OCT2686PE,IRFC,27OCT2026,8600.000000,5425,OPTSTK,NFO,1.000000,271251,False
85055,IRFC27OCT2688CE,IRFC,27OCT2026,8800.000000,5425,OPTSTK,NFO,1.000000,271251,False
85065,ASHOKLEY29SEP26195CE,ASHOKLEY,29SEP2026,19500.000000,5000,OPTSTK,NFO,1.000000,150001,False
85081,COFORGE27OCT261660PE,COFORGE,27OCT2026,166000.000000,475,OPTSTK,NFO,5.000000,14251,False
119027,JSWENERGY29SEP26580CE,JSWENERGY,29SEP2026,58000.000000,1075,OPTSTK,NFO,5.000000,43001,False
119030,JSWENERGY29SEP26600PE,JSWENERGY,29SEP2026,60000.000000,1075,OPTSTK,NFO,5.000000,43001,False
119081,ZYDUSLIFE27OCT26980CE,ZYDUSLIFE,27OCT2026,98000.000000,900,OPTSTK,NFO,5.000000,27001,False
119089,ZYDUSLIFE27OCT261040CE,ZYDUSLIFE,27OCT2026,104000.000000,900,OPTSTK,NFO,5.000000,27001,False
85085,COFORGE27OCT261740PE,COFORGE,27OCT2026,174000.000000,475,OPTSTK,NFO,5.000000,14251,False
85086,COFORGE27OCT261780CE,COFORGE,27OCT2026,178000.000000,475,OPTSTK,NFO,5.000000,14251,False
85093,IRFC27OCT2690PE,IRFC,27OCT2026,9000.000000,5425,OPTSTK,NFO,1.000000,271251,False
85096,COFORGE27OCT261940PE,COFORGE,27OCT2026,194000.000000,475,OPTSTK,NFO,5.000000,14251,False
119123,ZYDUSLIFE27OCT261140PE,ZYDUSLIFE,27OCT2026,114000.000000,900,OPTSTK,NFO,5.000000,27001,False
119149,ZYDUSLIFE27OCT261320CE,ZYDUSLIFE,27OCT2026,132000.000000,900,OPTSTK,NFO,5.000000,27001,False
119210,MFSL23NOV261200PE,MFSL,23NOV2026,120000.000000,400,OPTSTK,NFO,5.000000,16001,False
119249,MFSL23NOV261720PE,MFSL,23NOV2026,172000.000000,400,OPTSTK,NFO,5.000000,16001,False
85174,COFORGE27OCT262140PE,COFORGE,27OCT2026,214000.000000,475,OPTSTK,NFO,5.000000,14251,False
85187,COFORGE27OCT262260CE,COFORGE,27OCT2026,226000.000000,475,OPTSTK,NFO,5.000000,14251,False
85217,COFORGE23NOV261600PE,COFORGE,23NOV2026,160000.000000,475,OPTSTK,NFO,5.000000,14251,False
85222,COFORGE23NOV261680CE,COFORGE,23NOV2026,168000.000000,475,OPTSTK,NFO,5.000000,14251,False
119250,MFSL23NOV261760CE,MFSL,23NOV2026,176000.000000,400,OPTSTK,NFO,5.000000,16001,False
119255,MFSL23NOV261840PE,MFSL,23NOV2026,184000.000000,400,OPTSTK,NFO,5.000000,16001,False
119276,JSWSTEEL29SEP261120CE,JSWSTEEL,29SEP2026,112000.000000,675,OPTSTK,NFO,5.000000,20251,False
119280,JSWSTEEL29SEP261200CE,JSWSTEEL,29SEP2026,120000.000000,675,OPTSTK,NFO,5.000000,20251,False
85325,COFORGE23NOV262160CE,COFORGE,23NOV2026,216000.000000,475,OPTSTK,NFO,5.000000,14251,False
85330,COFORGE23NOV262240PE,COFORGE,23NOV2026,224000.000000,475,OPTSTK,NFO,5.000000,14251,False
85403,ITC29SEP26257.5PE,ITC,29SEP2026,25750.000000,1725,OPTSTK,NFO,5.000000,86251,False
85404,ITC29SEP26262.5CE,ITC,29SEP2026,26250.000000,1725,OPTSTK,NFO,5.000000,86251,False
119288,JSWSTEEL29SEP261320CE,JSWSTEEL,29SEP2026,132000.000000,675,OPTSTK,NFO,5.000000,20251,False
119293,JSWSTEEL29SEP261400PE,JSWSTEEL,29SEP2026,140000.000000,675,OPTSTK,NFO,5.000000,20251,False
119394,JUBLFOOD29SEP26410CE,JUBLFOOD,29SEP2026,41000.000000,1250,OPTSTK,NFO,5.000000,50001,False
119430,MOTHERSON27OCT26152.5CE,MOTHERSON,27OCT2026,15250.000000,6150,OPTSTK,NFO,1.000000,184501,False
85406,ITC29SEP26267.5CE,ITC,29SEP2026,26750.000000,1725,OPTSTK,NFO,5.000000,86251,False
85411,ITC29SEP26277.5PE,ITC,29SEP2026,27750.000000,1725,OPTSTK,NFO,5.000000,86251,False
85514,COLPAL27OCT261700CE,COLPAL,27OCT2026,170000.000000,275,OPTSTK,NFO,5.000000,11001,False
85519,COLPAL27OCT261780PE,COLPAL,27OCT2026,178000.000000,275,OPTSTK,NFO,5.000000,11001,False
119434,MOTHERSON27OCT26162.5CE,MOTHERSON,27OCT2026,16250.000000,6150,OPTSTK,NFO,1.000000,184501,False
119531,MOTHERSON23NOV26140CE,MOTHERSON,23NOV2026,14000.000000,6150,OPTSTK,NFO,1.000000,184501,False
119539,MOTHERSON23NOV26155PE,MOTHERSON,23NOV2026,15500.000000,6150,OPTSTK,NFO,1.000000,184501,False
119638,MOTILALOFS23NOV26920PE,MOTILALOFS,23NOV2026,92000.000000,775,OPTSTK,NFO,5.000000,23251,False
85522,COLPAL27OCT261860CE,COLPAL,27OCT2026,186000.000000,275,OPTSTK,NFO,5.000000,11001,False
85564,ASIANPAINT29SEP262080PE,ASIANPAINT,29SEP2026,208000.000000,250,OPTSTK,NFO,5.000000,10001,False
85566,ASIANPAINT29SEP262120PE,ASIANPAINT,29SEP2026,212000.000000,250,OPTSTK,NFO,5.000000,10001,False
85584,ASIANPAINT29SEP262240CE,ASIANPAINT,29SEP2026,224000.000000,250,OPTSTK,NFO,5.000000,10001,False
119642,MOTILALOFS23NOV261000PE,MOTILALOFS,23NOV2026,100000.000000,775,OPTSTK,NFO,5.000000,23251,False
119692,MPHASIS27OCT262550PE,MPHASIS,27OCT2026,255000.000000,275,OPTSTK,NFO,5.000000,11001,False
119720,MPHASIS23NOV262000PE,MPHASIS,23NOV2026,200000.000000,275,OPTSTK,NFO,5.000000,11001,False
119730,MPHASIS23NOV262500PE,MPHASIS,23NOV2026,250000.000000,275,OPTSTK,NFO,5.000000,11001,False
85589,ASIANPAINT29SEP262280PE,ASIANPAINT,29SEP2026,228000.000000,250,OPTSTK,NFO,5.000000,10001,False
85603,ASIANPAINT29SEP262360CE,ASIANPAINT,29SEP2026,236000.000000,250,OPTSTK,NFO,5.000000,10001,False
85639,ITC27OCT26225PE,ITC,27OCT2026,22500.000000,1725,OPTSTK,NFO,5.000000,86251,False
85673,ITC27OCT26310PE,ITC,27OCT2026,31000.000000,1725,OPTSTK,NFO,5.000000,86251,False
119731,MPHASIS23NOV262600CE,MPHASIS,23NOV2026,260000.000000,275,OPTSTK,NFO,5.000000,11001,False
119739,MPHASIS23NOV263000CE,MPHASIS,23NOV2026,300000.000000,275,OPTSTK,NFO,5.000000,11001,False
119772,MUTHOOTFIN27OCT263250PE,MUTHOOTFIN,27OCT2026,325000.000000,275,OPTSTK,NFO,5.000000,8251,False
119807,MUTHOOTFIN23NOV262600CE,MUTHOOTFIN,23NOV2026,260000.000000,275,OPTSTK,NFO,5.000000,8251,False
85805,COLPAL23NOV261640CE,COLPAL,23NOV2026,164000.000000,275,OPTSTK,NFO,5.000000,11001,False
85937,CONCOR27OCT26485PE,CONCOR,27OCT2026,48500.000000,1250,OPTSTK,NFO,5.000000,50001,False
85968,JINDALSTEL29SEP261140CE,JINDALSTEL,29SEP2026,114000.000000,625,OPTSTK,NFO,5.000000,18751,False
85976,JINDALSTEL29SEP261260PE,JINDALSTEL,29SEP2026,126000.000000,625,OPTSTK,NFO,5.000000,18751,False
119809,MUTHOOTFIN23NOV262700CE,MUTHOOTFIN,23NOV2026,270000.000000,275,OPTSTK,NFO,5.000000,8251,False
119813,MUTHOOTFIN23NOV262900CE,MUTHOOTFIN,23NOV2026,290000.000000,275,OPTSTK,NFO,5.000000,8251,False
119855,NAM-INDIA27OCT261060CE,NAM-INDIA,27OCT2026,106000.000000,625,OPTSTK,NFO,5.000000,18751,False
119859,NAM-INDIA27OCT261140CE,NAM-INDIA,27OCT2026,114000.000000,625,OPTSTK,NFO,5.000000,18751,False
86014,CONCOR27OCT26545PE,CONCOR,27OCT2026,54500.000000,1250,OPTSTK,NFO,5.000000,50001,False
86027,CONCOR27OCT26575CE,CONCOR,27OCT2026,57500.000000,1250,OPTSTK,NFO,5.000000,50001,False
86044,JINDALSTEL27OCT261040PE,JINDALSTEL,27OCT2026,104000.000000,625,OPTSTK,NFO,5.000000,18751,False
86045,JINDALSTEL27OCT261080CE,JINDALSTEL,27OCT2026,108000.000000,625,OPTSTK,NFO,5.000000,18751,False
119900,NAM-INDIA23NOV261040PE,NAM-INDIA,23NOV2026,104000.000000,625,OPTSTK,NFO,5.000000,18751,False
119902,NAM-INDIA23NOV261080PE,NAM-INDIA,23NOV2026,108000.000000,625,OPTSTK,NFO,5.000000,18751,False
119938,NATIONALUM27OCT26350PE,NATIONALUM,27OCT2026,35000.000000,1875,OPTSTK,NFO,5.000000,56251,False
119965,KALYANKJIL29SEP26400PE,KALYANKJIL,29SEP2026,40000.000000,1350,OPTSTK,NFO,5.000000,40501,False
86047,JINDALSTEL27OCT261120CE,JINDALSTEL,27OCT2026,112000.000000,625,OPTSTK,NFO,5.000000,18751,False
86054,JINDALSTEL27OCT261200PE,JINDALSTEL,27OCT2026,120000.000000,625,OPTSTK,NFO,5.000000,18751,False
86063,JINDALSTEL27OCT261360CE,JINDALSTEL,27OCT2026,136000.000000,625,OPTSTK,NFO,5.000000,18751,False
86080,ASTRAL29SEP261480CE,ASTRAL,29SEP2026,148000.000000,425,OPTSTK,NFO,5.000000,17001,False
119981,KALYANKJIL29SEP26480PE,KALYANKJIL,29SEP2026,48000.000000,1350,OPTSTK,NFO,5.000000,40501,False
120000,KALYANKJIL29SEP26540CE,KALYANKJIL,29SEP2026,54000.000000,1350,OPTSTK,NFO,5.000000,40501,False
120028,NAUKRI27OCT261300CE,NAUKRI,27OCT2026,130000.000000,550,OPTSTK,NFO,5.000000,16501,False
120085,KAYNES29SEP263100CE,KAYNES,29SEP2026,310000.000000,150,OPTSTK,NFO,5.000000,6001,False
86101,ASTRAL29SEP261600PE,ASTRAL,29SEP2026,160000.000000,425,OPTSTK,NFO,5.000000,17001,False
86112,ASTRAL29SEP261760CE,ASTRAL,29SEP2026,176000.000000,425,OPTSTK,NFO,5.000000,17001,False
86146,NIFTY27JUN2821000PE,NIFTY,27JUN2028,2100000.000000,65,OPTIDX,NFO,5.000000,1801,False
86212,CONCOR23NOV26500PE,CONCOR,23NOV2026,50000.000000,1250,OPTSTK,NFO,5.000000,50001,False
120086,KAYNES29SEP263100PE,KAYNES,29SEP2026,310000.000000,150,OPTSTK,NFO,5.000000,6001,False
120196,KAYNES29SEP263800CE,KAYNES,29SEP2026,380000.000000,150,OPTSTK,NFO,5.000000,6001,False
120202,KAYNES29SEP264200CE,KAYNES,29SEP2026,420000.000000,150,OPTSTK,NFO,5.000000,6001,False
120209,NAUKRI23NOV261280CE,NAUKRI,23NOV2026,128000.000000,550,OPTSTK,NFO,5.000000,16501,False
86215,CONCOR23NOV26520CE,CONCOR,23NOV2026,52000.000000,1250,OPTSTK,NFO,5.000000,50001,False
86251,JIOFIN29SEP26222.5PE,JIOFIN,29SEP2026,22250.000000,2350,OPTSTK,NFO,1.000000,94001,False
86252,CONCOR23NOV26580CE,CONCOR,23NOV2026,58000.000000,1250,OPTSTK,NFO,5.000000,50001,False
86257,JIOFIN29SEP26227.5PE,JIOFIN,29SEP2026,22750.000000,2350,OPTSTK,NFO,1.000000,94001,False
120210,NAUKRI23NOV261280PE,NAUKRI,23NOV2026,128000.000000,550,OPTSTK,NFO,5.000000,16501,False
120280,KEI29SEP264000PE,KEI,29SEP2026,400000.000000,175,OPTSTK,NFO,5.000000,5251,False
120287,KEI29SEP264600CE,KEI,29SEP2026,460000.000000,175,OPTSTK,NFO,5.000000,5251,False
120289,KEI29SEP264800CE,KEI,29SEP2026,480000.000000,175,OPTSTK,NFO,5.000000,5251,False
86259,JIOFIN29SEP26232.5PE,JIOFIN,29SEP2026,23250.000000,2350,OPTSTK,NFO,1.000000,94001,False
86263,JIOFIN29SEP26237.5PE,JIOFIN,29SEP2026,23750.000000,2350,OPTSTK,NFO,1.000000,94001,False
86313,CROMPTON27OCT26225CE,CROMPTON,27OCT2026,22500.000000,2150,OPTSTK,NFO,1.000000,86001,False
86282,JIOFIN29SEP26257.5CE,JIOFIN,29SEP2026,25750.000000,2350,OPTSTK,NFO,1.000000,94001,False
120290,KEI29SEP264800PE,KEI,29SEP2026,480000.000000,175,OPTSTK,NFO,5.000000,5251,False
120312,KEI29SEP265200PE,KEI,29SEP2026,520000.000000,175,OPTSTK,NFO,5.000000,5251,False
120318,KEI29SEP265800PE,KEI,29SEP2026,580000.000000,175,OPTSTK,NFO,5.000000,5251,False
120326,NBCC23NOV2685PE,NBCC,23NOV2026,8500.000000,6500,OPTSTK,NFO,1.000000,260001,False
86348,JIOFIN29SEP26267.5CE,JIOFIN,29SEP2026,26750.000000,2350,OPTSTK,NFO,1.000000,94001,False
86352,JIOFIN29SEP26277.5CE,JIOFIN,29SEP2026,27750.000000,2350,OPTSTK,NFO,1.000000,94001,False
86417,JIOFIN27OCT26245PE,JIOFIN,27OCT2026,24500.000000,2350,OPTSTK,NFO,1.000000,94001,False
86423,JIOFIN27OCT26260PE,JIOFIN,27OCT2026,26000.000000,2350,OPTSTK,NFO,1.000000,94001,False
120339,NBCC23NOV26105CE,NBCC,23NOV2026,10500.000000,6500,OPTSTK,NFO,1.000000,260001,False
120393,NESTLEIND27OCT261370CE,NESTLEIND,27OCT2026,137000.000000,500,OPTSTK,NFO,5.000000,15001,False
120397,NESTLEIND27OCT261410CE,NESTLEIND,27OCT2026,141000.000000,500,OPTSTK,NFO,5.000000,15001,False
120464,KFINTECH29SEP26880PE,KFINTECH,29SEP2026,88000.000000,575,OPTSTK,NFO,5.000000,23001,False
86435,JIOFIN27OCT26275CE,JIOFIN,27OCT2026,27500.000000,2350,OPTSTK,NFO,1.000000,94001,False
86453,JIOFIN27OCT26310CE,JIOFIN,27OCT2026,31000.000000,2350,OPTSTK,NFO,1.000000,94001,False
86506,CROMPTON23NOV26230CE,CROMPTON,23NOV2026,23000.000000,2150,OPTSTK,NFO,1.000000,86001,False
86560,CUMMINSIND27OCT265300CE,CUMMINSIND,27OCT2026,530000.000000,200,OPTSTK,NFO,5.000000,4001,False
120472,KFINTECH29SEP261040PE,KFINTECH,29SEP2026,104000.000000,575,OPTSTK,NFO,5.000000,23001,False
120475,KFINTECH29SEP261120CE,KFINTECH,29SEP2026,112000.000000,575,OPTSTK,NFO,5.000000,23001,False
120551,NESTLEIND23NOV261580CE,NESTLEIND,23NOV2026,158000.000000,500,OPTSTK,NFO,5.000000,15001,False
120558,NESTLEIND23NOV261640PE,NESTLEIND,23NOV2026,164000.000000,500,OPTSTK,NFO,5.000000,15001,False
86569,CUMMINSIND27OCT265700PE,CUMMINSIND,27OCT2026,570000.000000,200,OPTSTK,NFO,5.000000,4001,False
86608,JSWENERGY29SEP26590PE,JSWENERGY,29SEP2026,59000.000000,1075,OPTSTK,NFO,5.000000,43001,False
86635,JSWENERGY27OCT26460CE,JSWENERGY,27OCT2026,46000.000000,1075,OPTSTK,NFO,5.000000,43001,False
86641,JSWENERGY27OCT26520CE,JSWENERGY,27OCT2026,52000.000000,1075,OPTSTK,NFO,5.000000,43001,False
120584,KOTAKBANK29SEP26360CE,KOTAKBANK,29SEP2026,36000.000000,2000,OPTSTK,NFO,5.000000,60001,False
120587,KOTAKBANK29SEP26360PE,KOTAKBANK,29SEP2026,36000.000000,2000,OPTSTK,NFO,5.000000,60001,False
120612,KOTAKBANK29SEP26390PE,KOTAKBANK,29SEP2026,39000.000000,2000,OPTSTK,NFO,5.000000,60001,False
120613,KOTAKBANK29SEP26400CE,KOTAKBANK,29SEP2026,40000.000000,2000,OPTSTK,NFO,5.000000,60001,False
86649,JSWENERGY27OCT26600CE,JSWENERGY,27OCT2026,60000.000000,1075,OPTSTK,NFO,5.000000,43001,False
86746,CUMMINSIND23NOV265600CE,CUMMINSIND,23NOV2026,560000.000000,200,OPTSTK,NFO,5.000000,4001,False
86796,JSWSTEEL29SEP261180PE,JSWSTEEL,29SEP2026,118000.000000,675,OPTSTK,NFO,5.000000,20251,False
86797,JSWSTEEL29SEP261220CE,JSWSTEEL,29SEP2026,122000.000000,675,OPTSTK,NFO,5.000000,20251,False
120615,KOTAKBANK29SEP26410CE,KOTAKBANK,29SEP2026,41000.000000,2000,OPTSTK,NFO,5.000000,60001,False
120616,KOTAKBANK29SEP26410PE,KOTAKBANK,29SEP2026,41000.000000,2000,OPTSTK,NFO,5.000000,60001,False
120659,NHPC27OCT2673CE,NHPC,27OCT2026,7300.000000,6950,OPTSTK,NFO,1.000000,278001,False
120743,NHPC23NOV2672PE,NHPC,23NOV2026,7200.000000,6950,OPTSTK,NFO,1.000000,278001,False
86810,JSWSTEEL29SEP261420PE,JSWSTEEL,29SEP2026,142000.000000,675,OPTSTK,NFO,5.000000,20251,False
86840,DABUR27OCT26365PE,DABUR,27OCT2026,36500.000000,1250,OPTSTK,NFO,5.000000,50001,False
86841,DABUR27OCT26375CE,DABUR,27OCT2026,37500.000000,1250,OPTSTK,NFO,5.000000,50001,False
86973,AUROPHARMA29SEP261560CE,AUROPHARMA,29SEP2026,156000.000000,550,OPTSTK,NFO,5.000000,16501,False
120746,NHPC23NOV2676CE,NHPC,23NOV2026,7600.000000,6950,OPTSTK,NFO,1.000000,278001,False
120846,NMDC27OCT2693CE,NMDC,27OCT2026,9300.000000,6750,OPTSTK,NFO,1.000000,270001,False
120951,NMDC23NOV2676PE,NMDC,23NOV2026,7600.000000,6750,OPTSTK,NFO,1.000000,270001,False
120952,NMDC23NOV2678CE,NMDC,23NOV2026,7800.000000,6750,OPTSTK,NFO,1.000000,270001,False
86985,JSWSTEEL27OCT261120PE,JSWSTEEL,27OCT2026,112000.000000,675,OPTSTK,NFO,5.000000,20251,False
86991,JSWSTEEL27OCT261240PE,JSWSTEEL,27OCT2026,124000.000000,675,OPTSTK,NFO,5.000000,20251,False
87003,AUROPHARMA29SEP261600PE,AUROPHARMA,29SEP2026,160000.000000,550,OPTSTK,NFO,5.000000,16501,False
87017,AUROPHARMA29SEP261840CE,AUROPHARMA,29SEP2026,184000.000000,550,OPTSTK,NFO,5.000000,16501,False
120964,NMDC23NOV2690CE,NMDC,23NOV2026,9000.000000,6750,OPTSTK,NFO,1.000000,270001,False
120975,NMDC23NOV26100PE,NMDC,23NOV2026,10000.000000,6750,OPTSTK,NFO,1.000000,270001,False
121019,NTPC27OCT26345PE,NTPC,27OCT2026,34500.000000,1500,OPTSTK,NFO,5.000000,75001,False
121032,KPITTECH29SEP26460CE,KPITTECH,29SEP2026,46000.000000,775,OPTSTK,NFO,5.000000,38751,False
87021,AUROPHARMA29SEP261920CE,AUROPHARMA,29SEP2026,192000.000000,550,OPTSTK,NFO,5.000000,16501,False
87081,AXISBANK29SEP261000PE,AXISBANK,29SEP2026,100000.000000,625,OPTSTK,NFO,5.000000,18751,False
87034,DABUR23NOV26370PE,DABUR,23NOV2026,37000.000000,1250,OPTSTK,NFO,5.000000,50001,False
87054,DABUR23NOV26430CE,DABUR,23NOV2026,43000.000000,1250,OPTSTK,NFO,5.000000,50001,False
121077,NTPC23NOV26300PE,NTPC,23NOV2026,30000.000000,1500,OPTSTK,NFO,5.000000,75001,False
121088,NTPC23NOV26360CE,NTPC,23NOV2026,36000.000000,1500,OPTSTK,NFO,5.000000,75001,False
121115,KPITTECH29SEP26520PE,KPITTECH,29SEP2026,52000.000000,775,OPTSTK,NFO,5.000000,38751,False
121133,KPITTECH29SEP26640CE,KPITTECH,29SEP2026,64000.000000,775,OPTSTK,NFO,5.000000,38751,False
87083,JSWSTEEL27OCT261440PE,JSWSTEEL,27OCT2026,144000.000000,675,OPTSTK,NFO,5.000000,20251,False
87129,AXISBANK29SEP261360PE,AXISBANK,29SEP2026,136000.000000,625,OPTSTK,NFO,5.000000,18751,False
87130,AXISBANK29SEP261400CE,AXISBANK,29SEP2026,140000.000000,625,OPTSTK,NFO,5.000000,18751,False
87135,AXISBANK29SEP261480CE,AXISBANK,29SEP2026,148000.000000,625,OPTSTK,NFO,5.000000,18751,False
121181,NYKAA27OCT26305PE,NYKAA,27OCT2026,30500.000000,3125,OPTSTK,NFO,5.000000,93751,False
121247,NYKAA23NOV26310PE,NYKAA,23NOV2026,31000.000000,3125,OPTSTK,NFO,5.000000,93751,False
121268,NYKAA23NOV26370CE,NYKAA,23NOV2026,37000.000000,3125,OPTSTK,NFO,5.000000,93751,False
121302,OBEROIRLTY27OCT261580CE,OBEROIRLTY,27OCT2026,158000.000000,350,OPTSTK,NFO,5.000000,14001,False
87138,AXISBANK29SEP261520PE,AXISBANK,29SEP2026,152000.000000,625,OPTSTK,NFO,5.000000,18751,False
87292,DELHIVERY27OCT26415PE,DELHIVERY,27OCT2026,41500.000000,2075,OPTSTK,NFO,5.000000,62251,False
87303,DELHIVERY27OCT26455PE,DELHIVERY,27OCT2026,45500.000000,2075,OPTSTK,NFO,5.000000,62251,False
87344,JUBLFOOD27OCT26410CE,JUBLFOOD,27OCT2026,41000.000000,1250,OPTSTK,NFO,5.000000,50001,False
121304,OBEROIRLTY27OCT261620CE,OBEROIRLTY,27OCT2026,162000.000000,350,OPTSTK,NFO,5.000000,14001,False
121314,OBEROIRLTY27OCT261820CE,OBEROIRLTY,27OCT2026,182000.000000,350,OPTSTK,NFO,5.000000,14001,False
121360,OBEROIRLTY23NOV261520CE,OBEROIRLTY,23NOV2026,152000.000000,350,OPTSTK,NFO,5.000000,14001,False
121374,OBEROIRLTY23NOV261720CE,OBEROIRLTY,23NOV2026,172000.000000,350,OPTSTK,NFO,5.000000,14001,False
87358,DELHIVERY27OCT26475PE,DELHIVERY,27OCT2026,47500.000000,2075,OPTSTK,NFO,5.000000,62251,False
87384,JUBLFOOD27OCT26540PE,JUBLFOOD,27OCT2026,54000.000000,1250,OPTSTK,NFO,5.000000,50001,False
87460,KALYANKJIL29SEP26635CE,KALYANKJIL,29SEP2026,63500.000000,1350,OPTSTK,NFO,5.000000,40501,False
87490,KALYANKJIL29SEP26675CE,KALYANKJIL,29SEP2026,67500.000000,1350,OPTSTK,NFO,5.000000,40501,False
121384,OBEROIRLTY23NOV261920CE,OBEROIRLTY,23NOV2026,192000.000000,350,OPTSTK,NFO,5.000000,14001,False
121385,OBEROIRLTY23NOV261920PE,OBEROIRLTY,23NOV2026,192000.000000,350,OPTSTK,NFO,5.000000,14001,False
121388,OBEROIRLTY23NOV262000CE,OBEROIRLTY,23NOV2026,200000.000000,350,OPTSTK,NFO,5.000000,14001,False
121389,OBEROIRLTY23NOV262000PE,OBEROIRLTY,23NOV2026,200000.000000,350,OPTSTK,NFO,5.000000,14001,False
87518,DELHIVERY23NOV26410PE,DELHIVERY,23NOV2026,41000.000000,2075,OPTSTK,NFO,5.000000,62251,False
87519,DELHIVERY23NOV26420CE,DELHIVERY,23NOV2026,42000.000000,2075,OPTSTK,NFO,5.000000,62251,False
87545,DELHIVERY23NOV26500CE,DELHIVERY,23NOV2026,50000.000000,2075,OPTSTK,NFO,5.000000,62251,False
87547,DELHIVERY23NOV26510CE,DELHIVERY,23NOV2026,51000.000000,2075,OPTSTK,NFO,5.000000,62251,False
121448,OFSS27OCT2611500CE,OFSS,27OCT2026,1150000.000000,100,OPTSTK,NFO,5.000000,2001,False
121461,OFSS27OCT2612300CE,OFSS,27OCT2026,1230000.000000,100,OPTSTK,NFO,5.000000,2001,False
121463,OFSS27OCT2612500CE,OFSS,27OCT2026,1250000.000000,100,OPTSTK,NFO,5.000000,2001,False
121464,OFSS27OCT2612500PE,OFSS,27OCT2026,1250000.000000,100,OPTSTK,NFO,5.000000,2001,False
87612,BAJAJ-AUTO29SEP2610400PE,BAJAJ-AUTO,29SEP2026,1040000.000000,75,OPTSTK,NFO,5.000000,2251,False
87618,BAJAJ-AUTO29SEP2611000PE,BAJAJ-AUTO,29SEP2026,1100000.000000,75,OPTSTK,NFO,5.000000,2251,False
87715,KALYANKJIL27OCT26530PE,KALYANKJIL,27OCT2026,53000.000000,1350,OPTSTK,NFO,5.000000,40501,False
87740,KALYANKJIL27OCT26590CE,KALYANKJIL,27OCT2026,59000.000000,1350,OPTSTK,NFO,5.000000,40501,False
121524,OFSS23NOV2610400CE,OFSS,23NOV2026,1040000.000000,100,OPTSTK,NFO,5.000000,2001,False
121527,OFSS23NOV2610600PE,OFSS,23NOV2026,1060000.000000,100,OPTSTK,NFO,5.000000,2001,False
121545,OFSS23NOV2612200PE,OFSS,23NOV2026,1220000.000000,100,OPTSTK,NFO,5.000000,2001,False
121549,OFSS23NOV2612600PE,OFSS,23NOV2026,1260000.000000,100,OPTSTK,NFO,5.000000,2001,False
87747,KALYANKJIL27OCT26620PE,KALYANKJIL,27OCT2026,62000.000000,1350,OPTSTK,NFO,5.000000,40501,False
87792,KALYANKJIL27OCT26680CE,KALYANKJIL,27OCT2026,68000.000000,1350,OPTSTK,NFO,5.000000,40501,False
87795,KALYANKJIL27OCT26690PE,KALYANKJIL,27OCT2026,69000.000000,1350,OPTSTK,NFO,5.000000,40501,False
87800,KALYANKJIL27OCT26720CE,KALYANKJIL,27OCT2026,72000.000000,1350,OPTSTK,NFO,5.000000,40501,False
121554,OFSS23NOV2613200CE,OFSS,23NOV2026,1320000.000000,100,OPTSTK,NFO,5.000000,2001,False
121578,LAURUSLABS29SEP261640PE,LAURUSLABS,29SEP2026,164000.000000,850,OPTSTK,NFO,5.000000,17001,False
121581,LAURUSLABS29SEP261720CE,LAURUSLABS,29SEP2026,172000.000000,850,OPTSTK,NFO,5.000000,17001,False
121586,LAURUSLABS29SEP261800PE,LAURUSLABS,29SEP2026,180000.000000,850,OPTSTK,NFO,5.000000,17001,False
87823,DIVISLAB27OCT269100CE,DIVISLAB,27OCT2026,910000.000000,100,OPTSTK,NFO,5.000000,3001,False
87827,DIVISLAB27OCT269500CE,DIVISLAB,27OCT2026,950000.000000,100,OPTSTK,NFO,5.000000,3001,False
87842,KAYNES29SEP263350CE,KAYNES,29SEP2026,335000.000000,150,OPTSTK,NFO,5.000000,6001,False
87877,KAYNES29SEP263850PE,KAYNES,29SEP2026,385000.000000,150,OPTSTK,NFO,5.000000,6001,False
121629,LICHSGFIN29SEP26540CE,LICHSGFIN,29SEP2026,54000.000000,1000,OPTSTK,NFO,5.000000,40001,False
121642,LICHSGFIN29SEP26640CE,LICHSGFIN,29SEP2026,64000.000000,1000,OPTSTK,NFO,5.000000,40001,False
121778,LICI29SEP26490PE,LICI,29SEP2026,49000.000000,1400,OPTSTK,NFO,5.000000,56001,False
121782,OIL27OCT26445PE,OIL,27OCT2026,44500.000000,1400,OPTSTK,NFO,5.000000,56001,False
87883,KAYNES29SEP264150PE,KAYNES,29SEP2026,415000.000000,150,OPTSTK,NFO,5.000000,6001,False
87917,KAYNES27OCT263100PE,KAYNES,27OCT2026,310000.000000,150,OPTSTK,NFO,5.000000,6001,False
87922,KAYNES27OCT263400CE,KAYNES,27OCT2026,340000.000000,150,OPTSTK,NFO,5.000000,6001,False
87927,KAYNES27OCT263600PE,KAYNES,27OCT2026,360000.000000,150,OPTSTK,NFO,5.000000,6001,False
121797,OIL27OCT26505CE,OIL,27OCT2026,50500.000000,1400,OPTSTK,NFO,5.000000,56001,False
121799,OIL27OCT26515CE,OIL,27OCT2026,51500.000000,1400,OPTSTK,NFO,5.000000,56001,False
121873,OIL23NOV26400PE,OIL,23NOV2026,40000.000000,1400,OPTSTK,NFO,5.000000,56001,False
121878,OIL23NOV26430CE,OIL,23NOV2026,43000.000000,1400,OPTSTK,NFO,5.000000,56001,False
87974,KEI29SEP264900CE,KEI,29SEP2026,490000.000000,175,OPTSTK,NFO,5.000000,5251,False
87977,KEI29SEP265100PE,KEI,29SEP2026,510000.000000,175,OPTSTK,NFO,5.000000,5251,False
87982,KEI29SEP265700CE,KEI,29SEP2026,570000.000000,175,OPTSTK,NFO,5.000000,5251,False
87993,KEI29SEP266300CE,KEI,29SEP2026,630000.000000,175,OPTSTK,NFO,5.000000,5251,False
121879,OIL23NOV26430PE,OIL,23NOV2026,43000.000000,1400,OPTSTK,NFO,5.000000,56001,False
121880,OIL23NOV26440CE,OIL,23NOV2026,44000.000000,1400,OPTSTK,NFO,5.000000,56001,False
121891,OIL23NOV26490PE,OIL,23NOV2026,49000.000000,1400,OPTSTK,NFO,5.000000,56001,False
121894,OIL23NOV26510CE,OIL,23NOV2026,51000.000000,1400,OPTSTK,NFO,5.000000,56001,False
88039,BAJAJFINSV29SEP261880PE,BAJAJFINSV,29SEP2026,188000.000000,300,OPTSTK,NFO,5.000000,12001,False
88041,BAJAJFINSV29SEP261920PE,BAJAJFINSV,29SEP2026,192000.000000,300,OPTSTK,NFO,5.000000,12001,False
88060,BAJAJFINSV29SEP262320CE,BAJAJFINSV,29SEP2026,232000.000000,300,OPTSTK,NFO,5.000000,12001,False
88087,DIVISLAB23NOV268800PE,DIVISLAB,23NOV2026,880000.000000,100,OPTSTK,NFO,5.000000,3001,False
121899,OIL23NOV26530PE,OIL,23NOV2026,53000.000000,1400,OPTSTK,NFO,5.000000,56001,False
121944,ONGC27OCT26207.5CE,ONGC,27OCT2026,20750.000000,2250,OPTSTK,NFO,1.000000,90001,False
121948,ONGC27OCT26217.5CE,ONGC,27OCT2026,21750.000000,2250,OPTSTK,NFO,1.000000,90001,False
121949,ONGC27OCT26217.5PE,ONGC,27OCT2026,21750.000000,2250,OPTSTK,NFO,1.000000,90001,False
88094,KEI27OCT264000CE,KEI,27OCT2026,400000.000000,175,OPTSTK,NFO,5.000000,5251,False
88096,DIVISLAB23NOV269000PE,DIVISLAB,23NOV2026,900000.000000,100,OPTSTK,NFO,5.000000,3001,False
88104,DIVISLAB23NOV269800CE,DIVISLAB,23NOV2026,980000.000000,100,OPTSTK,NFO,5.000000,3001,False
88138,DIXON27OCT2615250CE,DIXON,27OCT2026,1525000.000000,50,OPTSTK,NFO,5.000000,1501,False
121953,ONGC27OCT26227.5PE,ONGC,27OCT2026,22750.000000,2250,OPTSTK,NFO,1.000000,90001,False
121957,ONGC27OCT26237.5PE,ONGC,27OCT2026,23750.000000,2250,OPTSTK,NFO,1.000000,90001,False
121958,ONGC27OCT26242.5CE,ONGC,27OCT2026,24250.000000,2250,OPTSTK,NFO,1.000000,90001,False
121959,ONGC27OCT26242.5PE,ONGC,27OCT2026,24250.000000,2250,OPTSTK,NFO,1.000000,90001,False
88140,DIXON27OCT2615750CE,DIXON,27OCT2026,1575000.000000,50,OPTSTK,NFO,5.000000,1501,False
88149,KEI27OCT264800PE,KEI,27OCT2026,480000.000000,175,OPTSTK,NFO,5.000000,5251,False
88175,DIXON23NOV2612000PE,DIXON,23NOV2026,1200000.000000,50,OPTSTK,NFO,5.000000,1501,False
88198,KEI27OCT265800CE,KEI,27OCT2026,580000.000000,175,OPTSTK,NFO,5.000000,5251,False
88207,KEI27OCT266600PE,KEI,27OCT2026,660000.000000,175,OPTSTK,NFO,5.000000,5251,False
88214,DIXON23NOV2617000PE,DIXON,23NOV2026,1700000.000000,50,OPTSTK,NFO,5.000000,1501,False
88288,KFINTECH27OCT26960PE,KFINTECH,27OCT2026,96000.000000,575,OPTSTK,NFO,5.000000,23001,False
88370,KOTAKBANK29SEP26365CE,KOTAKBANK,29SEP2026,36500.000000,2000,OPTSTK,NFO,5.000000,60001,False
121962,ONGC27OCT26252.5CE,ONGC,27OCT2026,25250.000000,2250,OPTSTK,NFO,1.000000,90001,False
122014,ONGC23NOV26190CE,ONGC,23NOV2026,19000.000000,2250,OPTSTK,NFO,1.000000,90001,False
122018,ONGC23NOV26200CE,ONGC,23NOV2026,20000.000000,2250,OPTSTK,NFO,1.000000,90001,False
122044,LODHA29SEP261080PE,LODHA,29SEP2026,108000.000000,625,OPTSTK,NFO,5.000000,18751,False
88371,KOTAKBANK29SEP26365PE,KOTAKBANK,29SEP2026,36500.000000,2000,OPTSTK,NFO,5.000000,60001,False
88378,KOTAKBANK29SEP26375PE,KOTAKBANK,29SEP2026,37500.000000,2000,OPTSTK,NFO,5.000000,60001,False
88400,KOTAKBANK29SEP26435CE,KOTAKBANK,29SEP2026,43500.000000,2000,OPTSTK,NFO,5.000000,60001,False
88464,DLF27OCT26590PE,DLF,27OCT2026,59000.000000,950,OPTSTK,NFO,5.000000,38001,False
122047,LODHA29SEP261160CE,LODHA,29SEP2026,116000.000000,625,OPTSTK,NFO,5.000000,18751,False
122056,LODHA29SEP261320CE,LODHA,29SEP2026,132000.000000,625,OPTSTK,NFO,5.000000,18751,False
122060,LODHA29SEP261440CE,LODHA,29SEP2026,144000.000000,625,OPTSTK,NFO,5.000000,18751,False
122125,PAGEIND27OCT2635500PE,PAGEIND,27OCT2026,3550000.000000,20,OPTSTK,NFO,5.000000,601,False
88481,BAJAJHLDNG29SEP269800PE,BAJAJHLDNG,29SEP2026,980000.000000,75,OPTSTK,NFO,5.000000,2251,False
88482,DLF27OCT26710CE,DLF,27OCT2026,71000.000000,950,OPTSTK,NFO,5.000000,38001,False
88493,DLF27OCT26750PE,DLF,27OCT2026,75000.000000,950,OPTSTK,NFO,5.000000,38001,False
88505,BAJAJHLDNG29SEP2611000CE,BAJAJHLDNG,29SEP2026,1100000.000000,75,OPTSTK,NFO,5.000000,2251,False
122126,PAGEIND27OCT2636500CE,PAGEIND,27OCT2026,3650000.000000,20,OPTSTK,NFO,5.000000,601,False
122169,PAGEIND23NOV2630000PE,PAGEIND,23NOV2026,3000000.000000,20,OPTSTK,NFO,5.000000,601,False
122170,PAGEIND23NOV2631000CE,PAGEIND,23NOV2026,3100000.000000,20,OPTSTK,NFO,5.000000,601,False
122177,PAGEIND23NOV2634000PE,PAGEIND,23NOV2026,3400000.000000,20,OPTSTK,NFO,5.000000,601,False
88513,BAJAJHLDNG29SEP2611600CE,BAJAJHLDNG,29SEP2026,1160000.000000,75,OPTSTK,NFO,5.000000,2251,False
88516,BAJAJHLDNG29SEP2611800PE,BAJAJHLDNG,29SEP2026,1180000.000000,75,OPTSTK,NFO,5.000000,2251,False
88556,BAJAJHLDNG29SEP2612200CE,BAJAJHLDNG,29SEP2026,1220000.000000,75,OPTSTK,NFO,5.000000,2251,False
88594,KOTAKBANK27OCT26360CE,KOTAKBANK,27OCT2026,36000.000000,2000,OPTSTK,NFO,5.000000,60001,False
122347,PATANJALI27OCT26315PE,PATANJALI,27OCT2026,31500.000000,1075,OPTSTK,NFO,5.000000,64501,False
122422,PATANJALI23NOV26370CE,PATANJALI,23NOV2026,37000.000000,1075,OPTSTK,NFO,5.000000,64501,False
122353,PATANJALI27OCT26345PE,PATANJALI,27OCT2026,34500.000000,1075,OPTSTK,NFO,5.000000,64501,False
122413,PATANJALI23NOV26320PE,PATANJALI,23NOV2026,32000.000000,1075,OPTSTK,NFO,5.000000,64501,False
88643,KOTAKBANK27OCT26440CE,KOTAKBANK,27OCT2026,44000.000000,2000,OPTSTK,NFO,5.000000,60001,False
88601,KOTAKBANK27OCT26380CE,KOTAKBANK,27OCT2026,38000.000000,2000,OPTSTK,NFO,5.000000,60001,False
88614,DLF23NOV26620CE,DLF,23NOV2026,62000.000000,950,OPTSTK,NFO,5.000000,38001,False
88640,KOTAKBANK27OCT26420PE,KOTAKBANK,27OCT2026,42000.000000,2000,OPTSTK,NFO,5.000000,60001,False
122453,PAYTM29SEP262020PE,PAYTM,29SEP2026,202000.000000,725,OPTSTK,NFO,5.000000,14501,False
122462,PAYTM27OCT261420CE,PAYTM,27OCT2026,142000.000000,725,OPTSTK,NFO,5.000000,14501,False
122468,PAYTM27OCT261540CE,PAYTM,27OCT2026,154000.000000,725,OPTSTK,NFO,5.000000,14501,False
122477,PAYTM27OCT261700PE,PAYTM,27OCT2026,170000.000000,725,OPTSTK,NFO,5.000000,14501,False
88644,DLF23NOV26680CE,DLF,23NOV2026,68000.000000,950,OPTSTK,NFO,5.000000,38001,False
88650,DLF23NOV26700PE,DLF,23NOV2026,70000.000000,950,OPTSTK,NFO,5.000000,38001,False
88666,KOTAKBANK27OCT26470CE,KOTAKBANK,27OCT2026,47000.000000,2000,OPTSTK,NFO,5.000000,60001,False
88743,KPITTECH29SEP26630PE,KPITTECH,29SEP2026,63000.000000,775,OPTSTK,NFO,5.000000,38751,False
122480,PAYTM27OCT261780CE,PAYTM,27OCT2026,178000.000000,725,OPTSTK,NFO,5.000000,14501,False
122491,PAYTM27OCT261980PE,PAYTM,27OCT2026,198000.000000,725,OPTSTK,NFO,5.000000,14501,False
122511,PAYTM23NOV261440PE,PAYTM,23NOV2026,144000.000000,725,OPTSTK,NFO,5.000000,14501,False
122517,PAYTM23NOV261560PE,PAYTM,23NOV2026,156000.000000,725,OPTSTK,NFO,5.000000,14501,False
88843,KPITTECH27OCT26460CE,KPITTECH,27OCT2026,46000.000000,775,OPTSTK,NFO,5.000000,38751,False
88871,DMART27OCT263350CE,DMART,27OCT2026,335000.000000,150,OPTSTK,NFO,5.000000,6001,False
88873,KPITTECH27OCT26500PE,KPITTECH,27OCT2026,50000.000000,775,OPTSTK,NFO,5.000000,38751,False
88877,KPITTECH27OCT26520CE,KPITTECH,27OCT2026,52000.000000,775,OPTSTK,NFO,5.000000,38751,False
122527,PAYTM23NOV261760PE,PAYTM,23NOV2026,176000.000000,725,OPTSTK,NFO,5.000000,14501,False
122529,PAYTM23NOV261800PE,PAYTM,23NOV2026,180000.000000,725,OPTSTK,NFO,5.000000,14501,False
122530,PAYTM23NOV261840CE,PAYTM,23NOV2026,184000.000000,725,OPTSTK,NFO,5.000000,14501,False
122535,PAYTM23NOV261920PE,PAYTM,23NOV2026,192000.000000,725,OPTSTK,NFO,5.000000,14501,False
88935,KPITTECH27OCT26680CE,KPITTECH,27OCT2026,68000.000000,775,OPTSTK,NFO,5.000000,38751,False
88966,DMART27OCT263750CE,DMART,27OCT2026,375000.000000,150,OPTSTK,NFO,5.000000,6001,False
88999,BAJFINANCE29SEP26900PE,BAJFINANCE,29SEP2026,90000.000000,750,OPTSTK,NFO,5.000000,22501,False
89015,BAJFINANCE29SEP261040PE,BAJFINANCE,29SEP2026,104000.000000,750,OPTSTK,NFO,5.000000,22501,False
122542,PAYTM23NOV262080CE,PAYTM,23NOV2026,208000.000000,725,OPTSTK,NFO,5.000000,14501,False
122563,PERSISTENT27OCT265700PE,PERSISTENT,27OCT2026,570000.000000,125,OPTSTK,NFO,5.000000,3751,False
122712,LT29SEP263200PE,LT,29SEP2026,320000.000000,175,OPTSTK,NFO,5.000000,7001,False
122718,LT29SEP263500CE,LT,29SEP2026,350000.000000,175,OPTSTK,NFO,5.000000,7001,False
89018,BAJFINANCE29SEP261080CE,BAJFINANCE,29SEP2026,108000.000000,750,OPTSTK,NFO,5.000000,22501,False
89031,LAURUSLABS29SEP261820CE,LAURUSLABS,29SEP2026,182000.000000,850,OPTSTK,NFO,5.000000,17001,False
89080,BANDHANBNK29SEP26160PE,BANDHANBNK,29SEP2026,16000.000000,3600,OPTSTK,NFO,1.000000,108001,False
89082,BANDHANBNK29SEP26170PE,BANDHANBNK,29SEP2026,17000.000000,3600,OPTSTK,NFO,1.000000,108001,False
122732,LT29SEP264100CE,LT,29SEP2026,410000.000000,175,OPTSTK,NFO,5.000000,7001,False
122735,LT29SEP264200CE,LT,29SEP2026,420000.000000,175,OPTSTK,NFO,5.000000,7001,False
122823,PERSISTENT23NOV265400PE,PERSISTENT,23NOV2026,540000.000000,125,OPTSTK,NFO,5.000000,3751,False
122832,PERSISTENT23NOV266000CE,PERSISTENT,23NOV2026,600000.000000,125,OPTSTK,NFO,5.000000,3751,False
89112,BANDHANBNK29SEP26220CE,BANDHANBNK,29SEP2026,22000.000000,3600,OPTSTK,NFO,1.000000,108001,False
89151,LAURUSLABS27OCT261640CE,LAURUSLABS,27OCT2026,164000.000000,850,OPTSTK,NFO,5.000000,17001,False
89177,DMART23NOV263000CE,DMART,23NOV2026,300000.000000,150,OPTSTK,NFO,5.000000,6001,False
89195,DMART23NOV263600PE,DMART,23NOV2026,360000.000000,150,OPTSTK,NFO,5.000000,6001,False
122833,PERSISTENT23NOV266000PE,PERSISTENT,23NOV2026,600000.000000,125,OPTSTK,NFO,5.000000,3751,False
122872,PETRONET27OCT26255PE,PETRONET,27OCT2026,25500.000000,1900,OPTSTK,NFO,5.000000,76001,False
122875,PETRONET27OCT26275CE,PETRONET,27OCT2026,27500.000000,1900,OPTSTK,NFO,5.000000,76001,False
122885,PETRONET27OCT26305PE,PETRONET,27OCT2026,30500.000000,1900,OPTSTK,NFO,5.000000,76001,False
89197,DMART23NOV263700PE,DMART,23NOV2026,370000.000000,150,OPTSTK,NFO,5.000000,6001,False
89209,DMART23NOV264300PE,DMART,23NOV2026,430000.000000,150,OPTSTK,NFO,5.000000,6001,False
89287,LAURUSLABS27OCT262000CE,LAURUSLABS,27OCT2026,200000.000000,850,OPTSTK,NFO,5.000000,17001,False
89295,DRREDDY27OCT261210CE,DRREDDY,27OCT2026,121000.000000,625,OPTSTK,NFO,5.000000,18751,False
122888,PETRONET27OCT26325CE,PETRONET,27OCT2026,32500.000000,1900,OPTSTK,NFO,5.000000,76001,False
122941,PETRONET23NOV26340CE,PETRONET,23NOV2026,34000.000000,1900,OPTSTK,NFO,5.000000,76001,False
123012,PFC27OCT26355PE,PFC,27OCT2026,35500.000000,1300,OPTSTK,NFO,5.000000,52001,False
123091,PFC23NOV26350CE,PFC,23NOV2026,35000.000000,1300,OPTSTK,NFO,5.000000,52001,False
89310,LAURUSLABS27OCT262080PE,LAURUSLABS,27OCT2026,208000.000000,850,OPTSTK,NFO,5.000000,17001,False
89356,BANKBARODA29SEP26250PE,BANKBARODA,29SEP2026,25000.000000,2925,OPTSTK,NFO,1.000000,87751,False
89361,BANKBARODA29SEP26270CE,BANKBARODA,29SEP2026,27000.000000,2925,OPTSTK,NFO,1.000000,87751,False
89419,LICHSGFIN29SEP26450CE,LICHSGFIN,29SEP2026,45000.000000,1000,OPTSTK,NFO,5.000000,40001,False
123105,PFC23NOV26400CE,PFC,23NOV2026,40000.000000,1300,OPTSTK,NFO,5.000000,52001,False
123126,LTF29SEP26300PE,LTF,29SEP2026,30000.000000,2250,OPTSTK,NFO,5.000000,67501,False
123134,LTF29SEP26310PE,LTF,29SEP2026,31000.000000,2250,OPTSTK,NFO,5.000000,67501,False
123165,PGEL27OCT26630CE,PGEL,27OCT2026,63000.000000,950,OPTSTK,NFO,5.000000,38001,False
89452,LICHSGFIN29SEP26530PE,LICHSGFIN,29SEP2026,53000.000000,1000,OPTSTK,NFO,5.000000,40001,False
89457,LICHSGFIN29SEP26590CE,LICHSGFIN,29SEP2026,59000.000000,1000,OPTSTK,NFO,5.000000,40001,False
89509,LICHSGFIN27OCT26480CE,LICHSGFIN,27OCT2026,48000.000000,1000,OPTSTK,NFO,5.000000,40001,False
89512,LICHSGFIN27OCT26500PE,LICHSGFIN,27OCT2026,50000.000000,1000,OPTSTK,NFO,5.000000,40001,False
123166,PGEL27OCT26630PE,PGEL,27OCT2026,63000.000000,950,OPTSTK,NFO,5.000000,38001,False
123191,PGEL23NOV26500PE,PGEL,23NOV2026,50000.000000,950,OPTSTK,NFO,5.000000,38001,False
123200,PGEL23NOV26600CE,PGEL,23NOV2026,60000.000000,950,OPTSTK,NFO,5.000000,38001,False
123206,PGEL23NOV26660CE,PGEL,23NOV2026,66000.000000,950,OPTSTK,NFO,5.000000,38001,False
89513,LICHSGFIN27OCT26520CE,LICHSGFIN,27OCT2026,52000.000000,1000,OPTSTK,NFO,5.000000,40001,False
89514,LICHSGFIN27OCT26520PE,LICHSGFIN,27OCT2026,52000.000000,1000,OPTSTK,NFO,5.000000,40001,False
89523,LICHSGFIN27OCT26620CE,LICHSGFIN,27OCT2026,62000.000000,1000,OPTSTK,NFO,5.000000,40001,False
89581,DRREDDY23NOV261020CE,DRREDDY,23NOV2026,102000.000000,625,OPTSTK,NFO,5.000000,18751,False
123208,PGEL23NOV26680CE,PGEL,23NOV2026,68000.000000,950,OPTSTK,NFO,5.000000,38001,False
123255,PHOENIXLTD27OCT261700CE,PHOENIXLTD,27OCT2026,170000.000000,350,OPTSTK,NFO,5.000000,14001,False
123256,PHOENIXLTD27OCT261700PE,PHOENIXLTD,27OCT2026,170000.000000,350,OPTSTK,NFO,5.000000,14001,False
123398,PHOENIXLTD23NOV261720CE,PHOENIXLTD,23NOV2026,172000.000000,350,OPTSTK,NFO,5.000000,14001,False
89588,DRREDDY23NOV261080PE,DRREDDY,23NOV2026,108000.000000,625,OPTSTK,NFO,5.000000,18751,False
89594,DRREDDY23NOV261140CE,DRREDDY,23NOV2026,114000.000000,625,OPTSTK,NFO,5.000000,18751,False
89604,DRREDDY23NOV261220PE,DRREDDY,23NOV2026,122000.000000,625,OPTSTK,NFO,5.000000,18751,False
89649,NIFTY26JUN2933000PE,NIFTY,26JUN2029,3300000.000000,65,OPTIDX,NFO,5.000000,1801,False
123429,LTM29SEP264000CE,LTM,29SEP2026,400000.000000,150,OPTSTK,NFO,5.000000,6001,False
123437,LTM29SEP264400CE,LTM,29SEP2026,440000.000000,150,OPTSTK,NFO,5.000000,6001,False
123445,LTM29SEP264800CE,LTM,29SEP2026,480000.000000,150,OPTSTK,NFO,5.000000,6001,False
123459,PHOENIXLTD23NOV261800PE,PHOENIXLTD,23NOV2026,180000.000000,350,OPTSTK,NFO,5.000000,14001,False
89737,EICHERMOT27OCT266500PE,EICHERMOT,27OCT2026,650000.000000,100,OPTSTK,NFO,5.000000,3001,False
89746,EICHERMOT27OCT267500CE,EICHERMOT,27OCT2026,750000.000000,100,OPTSTK,NFO,5.000000,3001,False
89749,EICHERMOT27OCT267700PE,EICHERMOT,27OCT2026,770000.000000,100,OPTSTK,NFO,5.000000,3001,False
89756,BANKINDIA29SEP26125CE,BANKINDIA,29SEP2026,12500.000000,5200,OPTSTK,NFO,1.000000,156001,False
123460,PHOENIXLTD23NOV261840CE,PHOENIXLTD,23NOV2026,184000.000000,350,OPTSTK,NFO,5.000000,14001,False
123463,PHOENIXLTD23NOV261880PE,PHOENIXLTD,23NOV2026,188000.000000,350,OPTSTK,NFO,5.000000,14001,False
123495,PHOENIXLTD23NOV262040PE,PHOENIXLTD,23NOV2026,204000.000000,350,OPTSTK,NFO,5.000000,14001,False
123505,PHOENIXLTD23NOV262240PE,PHOENIXLTD,23NOV2026,224000.000000,350,OPTSTK,NFO,5.000000,14001,False
89762,EICHERMOT27OCT268100CE,EICHERMOT,27OCT2026,810000.000000,100,OPTSTK,NFO,5.000000,3001,False
89769,BANKINDIA29SEP26140PE,BANKINDIA,29SEP2026,14000.000000,5200,OPTSTK,NFO,1.000000,156001,False
89793,LICI29SEP26425PE,LICI,29SEP2026,42500.000000,1400,OPTSTK,NFO,5.000000,56001,False
89797,LICI29SEP26445PE,LICI,29SEP2026,44500.000000,1400,OPTSTK,NFO,5.000000,56001,False
123576,PIDILITIND27OCT261460CE,PIDILITIND,27OCT2026,146000.000000,500,OPTSTK,NFO,5.000000,15001,False
123580,PIDILITIND27OCT261540CE,PIDILITIND,27OCT2026,154000.000000,500,OPTSTK,NFO,5.000000,15001,False
123584,PIDILITIND27OCT261620CE,PIDILITIND,27OCT2026,162000.000000,500,OPTSTK,NFO,5.000000,15001,False
123592,PIDILITIND27OCT261780CE,PIDILITIND,27OCT2026,178000.000000,500,OPTSTK,NFO,5.000000,15001,False
89799,BANKINDIA29SEP26150PE,BANKINDIA,29SEP2026,15000.000000,5200,OPTSTK,NFO,1.000000,156001,False
89803,BANKINDIA29SEP26155PE,BANKINDIA,29SEP2026,15500.000000,5200,OPTSTK,NFO,1.000000,156001,False
89807,BANKINDIA29SEP26165PE,BANKINDIA,29SEP2026,16500.000000,5200,OPTSTK,NFO,1.000000,156001,False
89927,LICI27OCT26420PE,LICI,27OCT2026,42000.000000,1400,OPTSTK,NFO,5.000000,56001,False
123632,PIDILITIND23NOV261360CE,PIDILITIND,23NOV2026,136000.000000,500,OPTSTK,NFO,5.000000,15001,False
123639,PIDILITIND23NOV261480PE,PIDILITIND,23NOV2026,148000.000000,500,OPTSTK,NFO,5.000000,15001,False
123650,PIDILITIND23NOV261720CE,PIDILITIND,23NOV2026,172000.000000,500,OPTSTK,NFO,5.000000,15001,False
123658,PIDILITIND23NOV261840PE,PIDILITIND,23NOV2026,184000.000000,500,OPTSTK,NFO,5.000000,15001,False
90057,EICHERMOT23NOV266600PE,EICHERMOT,23NOV2026,660000.000000,100,OPTSTK,NFO,5.000000,3001,False
90073,EICHERMOT23NOV267000CE,EICHERMOT,23NOV2026,700000.000000,100,OPTSTK,NFO,5.000000,3001,False
90076,EICHERMOT23NOV267200PE,EICHERMOT,23NOV2026,720000.000000,100,OPTSTK,NFO,5.000000,3001,False
90095,EICHERMOT23NOV268000CE,EICHERMOT,23NOV2026,800000.000000,100,OPTSTK,NFO,5.000000,3001,False
123692,PIIND27OCT261950CE,PIIND,27OCT2026,195000.000000,175,OPTSTK,NFO,5.000000,8751,False
123700,PIIND27OCT262350CE,PIIND,27OCT2026,235000.000000,175,OPTSTK,NFO,5.000000,8751,False
123729,PIIND23NOV261800PE,PIIND,23NOV2026,180000.000000,175,OPTSTK,NFO,5.000000,8751,False
123754,PIIND23NOV262300CE,PIIND,23NOV2026,230000.000000,175,OPTSTK,NFO,5.000000,8751,False
90097,EICHERMOT23NOV268200CE,EICHERMOT,23NOV2026,820000.000000,100,OPTSTK,NFO,5.000000,3001,False
90141,LODHA29SEP261300PE,LODHA,29SEP2026,130000.000000,625,OPTSTK,NFO,5.000000,18751,False
90160,LODHA29SEP261420CE,LODHA,29SEP2026,142000.000000,625,OPTSTK,NFO,5.000000,18751,False
90225,ETERNAL27OCT26295PE,ETERNAL,27OCT2026,29500.000000,2425,OPTSTK,NFO,5.000000,72751,False
123871,PNB27OCT26121PE,PNB,27OCT2026,12100.000000,8000,OPTSTK,NFO,1.000000,240001,False
123880,LUPIN29SEP261720CE,LUPIN,29SEP2026,172000.000000,425,OPTSTK,NFO,5.000000,12751,False
123881,LUPIN29SEP261720PE,LUPIN,29SEP2026,172000.000000,425,OPTSTK,NFO,5.000000,12751,False
123889,LUPIN29SEP261840PE,LUPIN,29SEP2026,184000.000000,425,OPTSTK,NFO,5.000000,12751,False
90228,ETERNAL27OCT26305PE,ETERNAL,27OCT2026,30500.000000,2425,OPTSTK,NFO,5.000000,72751,False
90244,LODHA27OCT261000CE,LODHA,27OCT2026,100000.000000,625,OPTSTK,NFO,5.000000,18751,False
90247,LODHA27OCT261040PE,LODHA,27OCT2026,104000.000000,625,OPTSTK,NFO,5.000000,18751,False
90254,LODHA27OCT261200CE,LODHA,27OCT2026,120000.000000,625,OPTSTK,NFO,5.000000,18751,False
123938,LUPIN29SEP262200CE,LUPIN,29SEP2026,220000.000000,425,OPTSTK,NFO,5.000000,12751,False
123978,LUPIN29SEP262440PE,LUPIN,29SEP2026,244000.000000,425,OPTSTK,NFO,5.000000,12751,False
123986,LUPIN29SEP262560CE,LUPIN,29SEP2026,256000.000000,425,OPTSTK,NFO,5.000000,12751,False
123992,PNB23NOV26108CE,PNB,23NOV2026,10800.000000,8000,OPTSTK,NFO,1.000000,240001,False
90301,ETERNAL27OCT26355PE,ETERNAL,27OCT2026,35500.000000,2425,OPTSTK,NFO,5.000000,72751,False
90334,LT29SEP264350CE,LT,29SEP2026,435000.000000,175,OPTSTK,NFO,5.000000,7001,False
90337,LT29SEP264450PE,LT,29SEP2026,445000.000000,175,OPTSTK,NFO,5.000000,7001,False
90398,LT27OCT263300CE,LT,27OCT2026,330000.000000,175,OPTSTK,NFO,5.000000,7001,False
124004,PNB23NOV26120CE,PNB,23NOV2026,12000.000000,8000,OPTSTK,NFO,1.000000,240001,False
124073,PNBHOUSING27OCT261140PE,PNBHOUSING,27OCT2026,114000.000000,650,OPTSTK,NFO,5.000000,19501,False
124104,PNBHOUSING23NOV26960CE,PNBHOUSING,23NOV2026,96000.000000,650,OPTSTK,NFO,5.000000,19501,False
124107,PNBHOUSING23NOV26960PE,PNBHOUSING,23NOV2026,96000.000000,650,OPTSTK,NFO,5.000000,19501,False
90400,LT27OCT263400CE,LT,27OCT2026,340000.000000,175,OPTSTK,NFO,5.000000,7001,False
90408,LT27OCT263800CE,LT,27OCT2026,380000.000000,175,OPTSTK,NFO,5.000000,7001,False
90412,LT27OCT264000CE,LT,27OCT2026,400000.000000,175,OPTSTK,NFO,5.000000,7001,False
90509,BEL29SEP26320PE,BEL,29SEP2026,32000.000000,1425,OPTSTK,NFO,5.000000,57001,False
124116,PNBHOUSING23NOV261160CE,PNBHOUSING,23NOV2026,116000.000000,650,OPTSTK,NFO,5.000000,19501,False
124124,PNBHOUSING23NOV261280CE,PNBHOUSING,23NOV2026,128000.000000,650,OPTSTK,NFO,5.000000,19501,False
124172,POLICYBZR27OCT261820CE,POLICYBZR,27OCT2026,182000.000000,350,OPTSTK,NFO,5.000000,14001,False
124177,POLICYBZR27OCT261900PE,POLICYBZR,27OCT2026,190000.000000,350,OPTSTK,NFO,5.000000,14001,False
90523,BEL29SEP26390PE,BEL,29SEP2026,39000.000000,1425,OPTSTK,NFO,5.000000,57001,False
90527,LTF29SEP26335PE,LTF,29SEP2026,33500.000000,2250,OPTSTK,NFO,5.000000,67501,False
90530,BEL29SEP26410PE,BEL,29SEP2026,41000.000000,1425,OPTSTK,NFO,5.000000,57001,False
90531,BEL29SEP26420CE,BEL,29SEP2026,42000.000000,1425,OPTSTK,NFO,5.000000,57001,False
124259,POLICYBZR23NOV261680PE,POLICYBZR,23NOV2026,168000.000000,350,OPTSTK,NFO,5.000000,14001,False
124261,POLICYBZR23NOV261720PE,POLICYBZR,23NOV2026,172000.000000,350,OPTSTK,NFO,5.000000,14001,False
124267,POLICYBZR23NOV261840PE,POLICYBZR,23NOV2026,184000.000000,350,OPTSTK,NFO,5.000000,14001,False
124270,POLICYBZR23NOV261920CE,POLICYBZR,23NOV2026,192000.000000,350,OPTSTK,NFO,5.000000,14001,False
90549,BEL29SEP26460CE,BEL,29SEP2026,46000.000000,1425,OPTSTK,NFO,5.000000,57001,False
90725,LTF27OCT26330CE,LTF,27OCT2026,33000.000000,2250,OPTSTK,NFO,5.000000,67501,False
90776,LTF27OCT26350PE,LTF,27OCT2026,35000.000000,2250,OPTSTK,NFO,5.000000,67501,False
90816,LTM29SEP264150PE,LTM,29SEP2026,415000.000000,150,OPTSTK,NFO,5.000000,6001,False
124310,POLYCAB27OCT267100CE,POLYCAB,27OCT2026,710000.000000,125,OPTSTK,NFO,5.000000,2501,False
124343,POLYCAB27OCT2610300PE,POLYCAB,27OCT2026,1030000.000000,125,OPTSTK,NFO,5.000000,2501,False
124524,M&M29SEP262700CE,M&M,29SEP2026,270000.000000,200,OPTSTK,NFO,5.000000,8001,False
124527,POLYCAB23NOV269200CE,POLYCAB,23NOV2026,920000.000000,125,OPTSTK,NFO,5.000000,2501,False
90819,LTM29SEP264350CE,LTM,29SEP2026,435000.000000,150,OPTSTK,NFO,5.000000,6001,False
90821,LTM29SEP264450CE,LTM,29SEP2026,445000.000000,150,OPTSTK,NFO,5.000000,6001,False
90824,LTM29SEP264550PE,LTM,29SEP2026,455000.000000,150,OPTSTK,NFO,5.000000,6001,False
90908,LTM27OCT263700CE,LTM,27OCT2026,370000.000000,150,OPTSTK,NFO,5.000000,6001,False
124531,POLYCAB23NOV269600CE,POLYCAB,23NOV2026,960000.000000,125,OPTSTK,NFO,5.000000,2501,False
124541,POLYCAB23NOV2610400CE,POLYCAB,23NOV2026,1040000.000000,125,OPTSTK,NFO,5.000000,2501,False
124550,POLYCAB23NOV2611200PE,POLYCAB,23NOV2026,1120000.000000,125,OPTSTK,NFO,5.000000,2501,False
124587,M&M29SEP263100PE,M&M,29SEP2026,310000.000000,200,OPTSTK,NFO,5.000000,8001,False
90962,LTM27OCT264300CE,LTM,27OCT2026,430000.000000,150,OPTSTK,NFO,5.000000,6001,False
90964,LTM27OCT264400CE,LTM,27OCT2026,440000.000000,150,OPTSTK,NFO,5.000000,6001,False
90972,LTM27OCT264500PE,LTM,27OCT2026,450000.000000,150,OPTSTK,NFO,5.000000,6001,False
90995,BHARATFORG29SEP261760CE,BHARATFORG,29SEP2026,176000.000000,500,OPTSTK,NFO,5.000000,10001,False
124617,POWERGRID27OCT26257.5PE,POWERGRID,27OCT2026,25750.000000,1900,OPTSTK,NFO,5.000000,76001,False
124618,POWERGRID27OCT26262.5CE,POWERGRID,27OCT2026,26250.000000,1900,OPTSTK,NFO,5.000000,76001,False
124692,POWERGRID23NOV26230PE,POWERGRID,23NOV2026,23000.000000,1900,OPTSTK,NFO,5.000000,76001,False
124721,POWERGRID23NOV26275PE,POWERGRID,23NOV2026,27500.000000,1900,OPTSTK,NFO,5.000000,76001,False
91003,BHARATFORG29SEP261920CE,BHARATFORG,29SEP2026,192000.000000,500,OPTSTK,NFO,5.000000,10001,False
91007,BHARATFORG29SEP262000CE,BHARATFORG,29SEP2026,200000.000000,500,OPTSTK,NFO,5.000000,10001,False
91008,BHARATFORG29SEP262000PE,BHARATFORG,29SEP2026,200000.000000,500,OPTSTK,NFO,5.000000,10001,False
91013,BHARATFORG29SEP262120CE,BHARATFORG,29SEP2026,212000.000000,500,OPTSTK,NFO,5.000000,10001,False
124735,POWERGRID23NOV26295CE,POWERGRID,23NOV2026,29500.000000,1900,OPTSTK,NFO,5.000000,76001,False
124854,POWERINDIA27OCT2634500PE,POWERINDIA,27OCT2026,3450000.000000,25,OPTSTK,NFO,5.000000,751,False
124856,POWERINDIA27OCT2635500PE,POWERINDIA,27OCT2026,3550000.000000,25,OPTSTK,NFO,5.000000,751,False
124859,POWERINDIA27OCT2636500CE,POWERINDIA,27OCT2026,3650000.000000,25,OPTSTK,NFO,5.000000,751,False
91021,BHARATFORG29SEP262280CE,BHARATFORG,29SEP2026,228000.000000,500,OPTSTK,NFO,5.000000,10001,False
91038,LTM27OCT264800CE,LTM,27OCT2026,480000.000000,150,OPTSTK,NFO,5.000000,6001,False
91039,LTM27OCT264800PE,LTM,27OCT2026,480000.000000,150,OPTSTK,NFO,5.000000,6001,False
91053,LTM27OCT265100PE,LTM,27OCT2026,510000.000000,150,OPTSTK,NFO,5.000000,6001,False
91061,BHARATFORG29SEP262600CE,BHARATFORG,29SEP2026,260000.000000,500,OPTSTK,NFO,5.000000,10001,False
91067,FORCEMOT27OCT2615500CE,FORCEMOT,27OCT2026,1550000.000000,25,OPTSTK,NFO,5.000000,1251,False
91073,LTM27OCT265300CE,LTM,27OCT2026,530000.000000,150,OPTSTK,NFO,5.000000,6001,False
91085,FORCEMOT27OCT2617500PE,FORCEMOT,27OCT2026,1750000.000000,25,OPTSTK,NFO,5.000000,1251,False
124860,POWERINDIA27OCT2636500PE,POWERINDIA,27OCT2026,3650000.000000,25,OPTSTK,NFO,5.000000,751,False
124861,POWERINDIA27OCT2637500CE,POWERINDIA,27OCT2026,3750000.000000,25,OPTSTK,NFO,5.000000,751,False
124924,POWERINDIA23NOV2632000CE,POWERINDIA,23NOV2026,3200000.000000,25,OPTSTK,NFO,5.000000,751,False
124930,POWERINDIA23NOV2635000CE,POWERINDIA,23NOV2026,3500000.000000,25,OPTSTK,NFO,5.000000,751,False
91118,FORCEMOT23NOV2615000PE,FORCEMOT,23NOV2026,1500000.000000,25,OPTSTK,NFO,5.000000,1251,False
91130,FORCEMOT23NOV2621000PE,FORCEMOT,23NOV2026,2100000.000000,25,OPTSTK,NFO,5.000000,1251,False
91181,LUPIN29SEP261900PE,LUPIN,29SEP2026,190000.000000,425,OPTSTK,NFO,5.000000,12751,False
91188,LUPIN29SEP261940CE,LUPIN,29SEP2026,194000.000000,425,OPTSTK,NFO,5.000000,12751,False
124943,POWERINDIA23NOV2640000CE,POWERINDIA,23NOV2026,4000000.000000,25,OPTSTK,NFO,5.000000,751,False
125012,MANAPPURAM29SEP26270CE,MANAPPURAM,29SEP2026,27000.000000,3000,OPTSTK,NFO,5.000000,60001,False
125013,MANAPPURAM29SEP26270PE,MANAPPURAM,29SEP2026,27000.000000,3000,OPTSTK,NFO,5.000000,60001,False
125023,PREMIERENE23NOV26960PE,PREMIERENE,23NOV2026,96000.000000,650,OPTSTK,NFO,5.000000,26001,False
91190,FORTIS27OCT26870CE,FORTIS,27OCT2026,87000.000000,775,OPTSTK,NFO,5.000000,23251,False
91225,LUPIN29SEP262220PE,LUPIN,29SEP2026,222000.000000,425,OPTSTK,NFO,5.000000,12751,False
91277,FORTIS27OCT26970CE,FORTIS,27OCT2026,97000.000000,775,OPTSTK,NFO,5.000000,23251,False
91367,LUPIN27OCT261720PE,LUPIN,27OCT2026,172000.000000,425,OPTSTK,NFO,5.000000,12751,False
125024,PREMIERENE23NOV261000CE,PREMIERENE,23NOV2026,100000.000000,650,OPTSTK,NFO,5.000000,26001,False
125027,PREMIERENE23NOV261040PE,PREMIERENE,23NOV2026,104000.000000,650,OPTSTK,NFO,5.000000,26001,False
125076,PRESTIGE27OCT261620CE,PRESTIGE,27OCT2026,162000.000000,450,OPTSTK,NFO,5.000000,13501,False
125097,MANAPPURAM29SEP26390CE,MANAPPURAM,29SEP2026,39000.000000,3000,OPTSTK,NFO,5.000000,60001,False
91368,LUPIN27OCT261760CE,LUPIN,27OCT2026,176000.000000,425,OPTSTK,NFO,5.000000,12751,False
91395,LUPIN27OCT261880PE,LUPIN,27OCT2026,188000.000000,425,OPTSTK,NFO,5.000000,12751,False
91397,LUPIN27OCT261920PE,LUPIN,27OCT2026,192000.000000,425,OPTSTK,NFO,5.000000,12751,False
91427,BHARTIARTL29SEP261560CE,BHARTIARTL,29SEP2026,156000.000000,475,OPTSTK,NFO,5.000000,14251,False
125185,PRESTIGE23NOV261400PE,PRESTIGE,23NOV2026,140000.000000,450,OPTSTK,NFO,5.000000,13501,False
125100,MANAPPURAM29SEP26400PE,MANAPPURAM,29SEP2026,40000.000000,3000,OPTSTK,NFO,5.000000,60001,False
125110,PRESTIGE27OCT261700CE,PRESTIGE,27OCT2026,170000.000000,450,OPTSTK,NFO,5.000000,13501,False
125111,PRESTIGE27OCT261700PE,PRESTIGE,27OCT2026,170000.000000,450,OPTSTK,NFO,5.000000,13501,False
91446,BHARTIARTL29SEP261880CE,BHARTIARTL,29SEP2026,188000.000000,475,OPTSTK,NFO,5.000000,14251,False
91454,LUPIN27OCT262120CE,LUPIN,27OCT2026,212000.000000,425,OPTSTK,NFO,5.000000,12751,False
91475,LUPIN27OCT262440PE,LUPIN,27OCT2026,244000.000000,425,OPTSTK,NFO,5.000000,12751,False
91568,M&M29SEP263350CE,M&M,29SEP2026,335000.000000,200,OPTSTK,NFO,5.000000,8001,False
125189,PRESTIGE23NOV261480PE,PRESTIGE,23NOV2026,148000.000000,450,OPTSTK,NFO,5.000000,13501,False
125192,PRESTIGE23NOV261560CE,PRESTIGE,23NOV2026,156000.000000,450,OPTSTK,NFO,5.000000,13501,False
125200,PRESTIGE23NOV261720CE,PRESTIGE,23NOV2026,172000.000000,450,OPTSTK,NFO,5.000000,13501,False
125268,RADICO27OCT264350CE,RADICO,27OCT2026,435000.000000,150,OPTSTK,NFO,5.000000,6001,False
91594,FORTIS23NOV26720PE,FORTIS,23NOV2026,72000.000000,775,OPTSTK,NFO,5.000000,23251,False
91599,FORTIS23NOV26780CE,FORTIS,23NOV2026,78000.000000,775,OPTSTK,NFO,5.000000,23251,False
91619,FORTIS23NOV26960CE,FORTIS,23NOV2026,96000.000000,775,OPTSTK,NFO,5.000000,23251,False
91625,FORTIS23NOV261020CE,FORTIS,23NOV2026,102000.000000,775,OPTSTK,NFO,5.000000,23251,False
125324,RADICO23NOV264100PE,RADICO,23NOV2026,410000.000000,150,OPTSTK,NFO,5.000000,6001,False
125335,RADICO23NOV264600CE,RADICO,23NOV2026,460000.000000,150,OPTSTK,NFO,5.000000,6001,False
125339,RADICO23NOV264700CE,RADICO,23NOV2026,470000.000000,150,OPTSTK,NFO,5.000000,6001,False
125340,RADICO23NOV264700PE,RADICO,23NOV2026,470000.000000,150,OPTSTK,NFO,5.000000,6001,False
91661,M&M27OCT262600CE,M&M,27OCT2026,260000.000000,200,OPTSTK,NFO,5.000000,8001,False
91667,M&M27OCT262800CE,M&M,27OCT2026,280000.000000,200,OPTSTK,NFO,5.000000,8001,False
91688,M&M27OCT263000CE,M&M,27OCT2026,300000.000000,200,OPTSTK,NFO,5.000000,8001,False
91705,GAIL27OCT26177.5PE,GAIL,27OCT2026,17750.000000,3550,OPTSTK,NFO,1.000000,142001,False
125343,RADICO23NOV264900CE,RADICO,23NOV2026,490000.000000,150,OPTSTK,NFO,5.000000,6001,False
125423,MANKIND29SEP261880PE,MANKIND,29SEP2026,188000.000000,250,OPTSTK,NFO,5.000000,10001,False
125425,MANKIND29SEP261920PE,MANKIND,29SEP2026,192000.000000,250,OPTSTK,NFO,5.000000,10001,False
125426,MANKIND29SEP261960CE,MANKIND,29SEP2026,196000.000000,250,OPTSTK,NFO,5.000000,10001,False
91706,GAIL27OCT26182.5CE,GAIL,27OCT2026,18250.000000,3550,OPTSTK,NFO,1.000000,142001,False
91728,M&M27OCT263600CE,M&M,27OCT2026,360000.000000,200,OPTSTK,NFO,5.000000,8001,False
91751,MANAPPURAM29SEP26295PE,MANAPPURAM,29SEP2026,29500.000000,3000,OPTSTK,NFO,5.000000,60001,False
91752,MANAPPURAM29SEP26305CE,MANAPPURAM,29SEP2026,30500.000000,3000,OPTSTK,NFO,5.000000,60001,False
125449,MANKIND29SEP262120PE,MANKIND,29SEP2026,212000.000000,250,OPTSTK,NFO,5.000000,10001,False
125459,MANKIND29SEP262320PE,MANKIND,29SEP2026,232000.000000,250,OPTSTK,NFO,5.000000,10001,False
131842,NHPC29SEP2678PE,NHPC,29SEP2026,7800.000000,6950,OPTSTK,NFO,1.000000,278001,False
131846,UPL27OCT26530PE,UPL,27OCT2026,53000.000000,1355,OPTSTK,NFO,5.000000,40651,False
91759,MANAPPURAM29SEP26335PE,MANAPPURAM,29SEP2026,33500.000000,3000,OPTSTK,NFO,5.000000,60001,False
91762,MANAPPURAM29SEP26355CE,MANAPPURAM,29SEP2026,35500.000000,3000,OPTSTK,NFO,5.000000,60001,False
91794,MANAPPURAM29SEP26395PE,MANAPPURAM,29SEP2026,39500.000000,3000,OPTSTK,NFO,5.000000,60001,False
91835,MANAPPURAM27OCT26340PE,MANAPPURAM,27OCT2026,34000.000000,3000,OPTSTK,NFO,5.000000,60001,False
131848,UPL27OCT26550PE,UPL,27OCT2026,55000.000000,1355,OPTSTK,NFO,5.000000,40651,False
131857,UPL27OCT26650CE,UPL,27OCT2026,65000.000000,1355,OPTSTK,NFO,5.000000,40651,False
131894,UPL23NOV26500PE,UPL,23NOV2026,50000.000000,1355,OPTSTK,NFO,5.000000,40651,False
131896,UPL23NOV26520PE,UPL,23NOV2026,52000.000000,1355,OPTSTK,NFO,5.000000,40651,False
91842,MANAPPURAM27OCT26380CE,MANAPPURAM,27OCT2026,38000.000000,3000,OPTSTK,NFO,5.000000,60001,False
91849,BHARTIARTL29SEP262200CE,BHARTIARTL,29SEP2026,220000.000000,475,OPTSTK,NFO,5.000000,14251,False
91850,BHARTIARTL29SEP262200PE,BHARTIARTL,29SEP2026,220000.000000,475,OPTSTK,NFO,5.000000,14251,False
91881,MANAPPURAM27OCT26400PE,MANAPPURAM,27OCT2026,40000.000000,3000,OPTSTK,NFO,5.000000,60001,False
131901,UPL23NOV26580CE,UPL,23NOV2026,58000.000000,1355,OPTSTK,NFO,5.000000,40651,False
131906,UPL23NOV26620PE,UPL,23NOV2026,62000.000000,1355,OPTSTK,NFO,5.000000,40651,False
131937,VBL27OCT26390CE,VBL,27OCT2026,39000.000000,1275,OPTSTK,NFO,5.000000,51001,False
131944,VBL27OCT26450PE,VBL,27OCT2026,45000.000000,1275,OPTSTK,NFO,5.000000,51001,False
91975,BHEL29SEP26350CE,BHEL,29SEP2026,35000.000000,2625,OPTSTK,NFO,5.000000,52501,False
91990,BHEL29SEP26420PE,BHEL,29SEP2026,42000.000000,2625,OPTSTK,NFO,5.000000,52501,False
92007,MANKIND29SEP262060PE,MANKIND,29SEP2026,206000.000000,250,OPTSTK,NFO,5.000000,10001,False
92009,MANKIND29SEP262100PE,MANKIND,29SEP2026,210000.000000,250,OPTSTK,NFO,5.000000,10001,False
131951,NHPC29SEP2692CE,NHPC,29SEP2026,9200.000000,6950,OPTSTK,NFO,1.000000,278001,False
131966,VBL27OCT26470PE,VBL,27OCT2026,47000.000000,1275,OPTSTK,NFO,5.000000,51001,False
132015,VBL23NOV26440PE,VBL,23NOV2026,44000.000000,1275,OPTSTK,NFO,5.000000,51001,False
132016,VBL23NOV26460CE,VBL,23NOV2026,46000.000000,1275,OPTSTK,NFO,5.000000,51001,False
92015,MANKIND29SEP262220PE,MANKIND,29SEP2026,222000.000000,250,OPTSTK,NFO,5.000000,10001,False
92017,MANKIND29SEP262260PE,MANKIND,29SEP2026,226000.000000,250,OPTSTK,NFO,5.000000,10001,False
92080,MANKIND29SEP262620CE,MANKIND,29SEP2026,262000.000000,250,OPTSTK,NFO,5.000000,10001,False
92211,GLENMARK27OCT262220CE,GLENMARK,27OCT2026,222000.000000,375,OPTSTK,NFO,5.000000,11251,False
132056,VEDL27OCT26245CE,VEDL,27OCT2026,24500.000000,1150,OPTSTK,NFO,5.000000,80501,False
132062,VEDL27OCT26275CE,VEDL,27OCT2026,27500.000000,1150,OPTSTK,NFO,5.000000,80501,False
132213,VEDL23NOV26220PE,VEDL,23NOV2026,22000.000000,1150,OPTSTK,NFO,5.000000,80501,False
132230,VEDL23NOV26250CE,VEDL,23NOV2026,25000.000000,1150,OPTSTK,NFO,5.000000,80501,False
92227,GLENMARK27OCT262380PE,GLENMARK,27OCT2026,238000.000000,375,OPTSTK,NFO,5.000000,11251,False
92236,GLENMARK27OCT262580CE,GLENMARK,27OCT2026,258000.000000,375,OPTSTK,NFO,5.000000,11251,False
92371,BIOCON29SEP26430CE,BIOCON,29SEP2026,43000.000000,2500,OPTSTK,NFO,5.000000,50001,False
92435,GLENMARK23NOV262280PE,GLENMARK,23NOV2026,228000.000000,375,OPTSTK,NFO,5.000000,11251,False
132234,VEDL23NOV26270CE,VEDL,23NOV2026,27000.000000,1150,OPTSTK,NFO,5.000000,80501,False
132243,VEDL23NOV26310PE,VEDL,23NOV2026,31000.000000,1150,OPTSTK,NFO,5.000000,80501,False
132258,NMDC29SEP2668PE,NMDC,29SEP2026,6800.000000,6750,OPTSTK,NFO,1.000000,270001,False
132278,NMDC29SEP2672PE,NMDC,29SEP2026,7200.000000,6750,OPTSTK,NFO,1.000000,270001,False
92449,GLENMARK23NOV262520PE,GLENMARK,23NOV2026,252000.000000,375,OPTSTK,NFO,5.000000,11251,False
92451,BIOCON29SEP26490CE,BIOCON,29SEP2026,49000.000000,2500,OPTSTK,NFO,5.000000,50001,False
92496,GLENMARK23NOV262680PE,GLENMARK,23NOV2026,268000.000000,375,OPTSTK,NFO,5.000000,11251,False
92538,MANKIND27OCT262560CE,MANKIND,27OCT2026,256000.000000,250,OPTSTK,NFO,5.000000,10001,False
132282,NMDC29SEP2676PE,NMDC,29SEP2026,7600.000000,6750,OPTSTK,NFO,1.000000,270001,False
132287,NMDC29SEP2680CE,NMDC,29SEP2026,8000.000000,6750,OPTSTK,NFO,1.000000,270001,False
132294,NMDC29SEP2686PE,NMDC,29SEP2026,8600.000000,6750,OPTSTK,NFO,1.000000,270001,False
132337,NMDC29SEP2696PE,NMDC,29SEP2026,9600.000000,6750,OPTSTK,NFO,1.000000,270001,False
92562,MANKIND27OCT262720CE,MANKIND,27OCT2026,272000.000000,250,OPTSTK,NFO,5.000000,10001,False
92563,MANKIND27OCT262720PE,MANKIND,27OCT2026,272000.000000,250,OPTSTK,NFO,5.000000,10001,False
92565,MANKIND27OCT262760PE,MANKIND,27OCT2026,276000.000000,250,OPTSTK,NFO,5.000000,10001,False
92725,BLUESTARCO29SEP261360CE,BLUESTARCO,29SEP2026,136000.000000,325,OPTSTK,NFO,5.000000,13001,False
132350,NMDC29SEP26102CE,NMDC,29SEP2026,10200.000000,6750,OPTSTK,NFO,1.000000,270001,False
132374,VMM23NOV26130CE,VMM,23NOV2026,13000.000000,4850,OPTSTK,NFO,1.000000,194001,False
132415,VOLTAS27OCT261140CE,VOLTAS,27OCT2026,114000.000000,375,OPTSTK,NFO,5.000000,18751,False
132423,VOLTAS27OCT261300CE,VOLTAS,27OCT2026,130000.000000,375,OPTSTK,NFO,5.000000,18751,False
92743,BLUESTARCO29SEP261720CE,BLUESTARCO,29SEP2026,172000.000000,325,OPTSTK,NFO,5.000000,13001,False
92761,MARICO27OCT26680CE,MARICO,27OCT2026,68000.000000,1200,OPTSTK,NFO,5.000000,36001,False
92766,BLUESTARCO29SEP261800PE,BLUESTARCO,29SEP2026,180000.000000,325,OPTSTK,NFO,5.000000,13001,False
92775,MARICO27OCT26760PE,MARICO,27OCT2026,76000.000000,1200,OPTSTK,NFO,5.000000,36001,False
132426,VOLTAS27OCT261340PE,VOLTAS,27OCT2026,134000.000000,375,OPTSTK,NFO,5.000000,18751,False
132453,VOLTAS23NOV26960CE,VOLTAS,23NOV2026,96000.000000,375,OPTSTK,NFO,5.000000,18751,False
132467,VOLTAS23NOV261240CE,VOLTAS,23NOV2026,124000.000000,375,OPTSTK,NFO,5.000000,18751,False
132521,WAAREEENER27OCT262950CE,WAAREEENER,27OCT2026,295000.000000,175,OPTSTK,NFO,5.000000,8751,False
92858,GMRAIRPORT27OCT26107PE,GMRAIRPORT,27OCT2026,10700.000000,6975,OPTSTK,NFO,1.000000,209251,False
92884,MARICO27OCT26840PE,MARICO,27OCT2026,84000.000000,1200,OPTSTK,NFO,5.000000,36001,False
92995,MARUTI29SEP2610900CE,MARUTI,29SEP2026,1090000.000000,50,OPTSTK,NFO,5.000000,2001,False
93004,MARUTI29SEP2611700PE,MARUTI,29SEP2026,1170000.000000,50,OPTSTK,NFO,5.000000,2001,False
132593,NTPC29SEP26380CE,NTPC,29SEP2026,38000.000000,1500,OPTSTK,NFO,5.000000,75001,False
132627,WAAREEENER23NOV262700CE,WAAREEENER,23NOV2026,270000.000000,175,OPTSTK,NFO,5.000000,8751,False
132630,WAAREEENER23NOV262800PE,WAAREEENER,23NOV2026,280000.000000,175,OPTSTK,NFO,5.000000,8751,False
132685,WIPRO27OCT26172.5CE,WIPRO,27OCT2026,17250.000000,3000,OPTSTK,NFO,1.000000,120001,False
93006,MARUTI29SEP2611900PE,MARUTI,29SEP2026,1190000.000000,50,OPTSTK,NFO,5.000000,2001,False
93015,MARUTI29SEP2612700PE,MARUTI,29SEP2026,1270000.000000,50,OPTSTK,NFO,5.000000,2001,False
93023,MARUTI29SEP2613500PE,MARUTI,29SEP2026,1350000.000000,50,OPTSTK,NFO,5.000000,2001,False
93041,MARUTI29SEP2615100PE,MARUTI,29SEP2026,1510000.000000,50,OPTSTK,NFO,5.000000,2001,False
132718,NYKAA29SEP26300CE,NYKAA,29SEP2026,30000.000000,3125,OPTSTK,NFO,5.000000,93751,False
132722,NYKAA29SEP26310CE,NYKAA,29SEP2026,31000.000000,3125,OPTSTK,NFO,5.000000,93751,False
132727,NYKAA29SEP26310PE,NYKAA,29SEP2026,31000.000000,3125,OPTSTK,NFO,5.000000,93751,False
132730,NYKAA29SEP26330CE,NYKAA,29SEP2026,33000.000000,3125,OPTSTK,NFO,5.000000,93751,False
93056,BOSCHLTD29SEP2638000PE,BOSCHLTD,29SEP2026,3800000.000000,25,OPTSTK,NFO,5.000000,501,False
93066,GMRAIRPORT23NOV2686PE,GMRAIRPORT,23NOV2026,8600.000000,6975,OPTSTK,NFO,1.000000,209251,False
93095,GMRAIRPORT23NOV2692CE,GMRAIRPORT,23NOV2026,9200.000000,6975,OPTSTK,NFO,1.000000,209251,False
93112,MARUTI27OCT2610600CE,MARUTI,27OCT2026,1060000.000000,50,OPTSTK,NFO,5.000000,2001,False
132779,WIPRO23NOV26160CE,WIPRO,23NOV2026,16000.000000,3000,OPTSTK,NFO,1.000000,120001,False
132788,WIPRO23NOV26180PE,WIPRO,23NOV2026,18000.000000,3000,OPTSTK,NFO,1.000000,120001,False
132791,WIPRO23NOV26190CE,WIPRO,23NOV2026,19000.000000,3000,OPTSTK,NFO,1.000000,120001,False
132796,WIPRO23NOV26200PE,WIPRO,23NOV2026,20000.000000,3000,OPTSTK,NFO,1.000000,120001,False
93128,MARUTI27OCT2612000CE,MARUTI,27OCT2026,1200000.000000,50,OPTSTK,NFO,5.000000,2001,False
93129,MARUTI27OCT2612000PE,MARUTI,27OCT2026,1200000.000000,50,OPTSTK,NFO,5.000000,2001,False
93131,MARUTI27OCT2612200PE,MARUTI,27OCT2026,1220000.000000,50,OPTSTK,NFO,5.000000,2001,False
93145,MARUTI27OCT2613400PE,MARUTI,27OCT2026,1340000.000000,50,OPTSTK,NFO,5.000000,2001,False
132824,YESBANK27OCT2619PE,YESBANK,27OCT2026,1900.000000,31100,OPTSTK,NFO,1.000000,933001,False
132826,YESBANK27OCT2621PE,YESBANK,27OCT2026,2100.000000,31100,OPTSTK,NFO,1.000000,933001,False
132873,YESBANK23NOV2618PE,YESBANK,23NOV2026,1800.000000,31100,OPTSTK,NFO,1.000000,933001,False
132877,YESBANK23NOV2622PE,YESBANK,23NOV2026,2200.000000,31100,OPTSTK,NFO,1.000000,933001,False
93147,MARUTI27OCT2613600PE,MARUTI,27OCT2026,1360000.000000,50,OPTSTK,NFO,5.000000,2001,False
93149,MARUTI27OCT2613800PE,MARUTI,27OCT2026,1380000.000000,50,OPTSTK,NFO,5.000000,2001,False
93150,MARUTI27OCT2614000CE,MARUTI,27OCT2026,1400000.000000,50,OPTSTK,NFO,5.000000,2001,False
93162,MARUTI27OCT2615000CE,MARUTI,27OCT2026,1500000.000000,50,OPTSTK,NFO,5.000000,2001,False
132883,YESBANK23NOV2628PE,YESBANK,23NOV2026,2800.000000,31100,OPTSTK,NFO,1.000000,933001,False
132885,YESBANK23NOV2630PE,YESBANK,23NOV2026,3000.000000,31100,OPTSTK,NFO,1.000000,933001,False
132966,ZYDUSLIFE27OCT261010PE,ZYDUSLIFE,27OCT2026,101000.000000,900,OPTSTK,NFO,5.000000,27001,False
132977,ZYDUSLIFE27OCT261130CE,ZYDUSLIFE,27OCT2026,113000.000000,900,OPTSTK,NFO,5.000000,27001,False
93163,MARUTI27OCT2615000PE,MARUTI,27OCT2026,1500000.000000,50,OPTSTK,NFO,5.000000,2001,False
93211,GMRAIRPORT23NOV2696CE,GMRAIRPORT,23NOV2026,9600.000000,6975,OPTSTK,NFO,1.000000,209251,False
93233,MAXHEALTH29SEP26930PE,MAXHEALTH,29SEP2026,93000.000000,525,OPTSTK,NFO,5.000000,21001,False
93244,GMRAIRPORT23NOV26100PE,GMRAIRPORT,23NOV2026,10000.000000,6975,OPTSTK,NFO,1.000000,209251,False
133008,ZYDUSLIFE27OCT261290PE,ZYDUSLIFE,27OCT2026,129000.000000,900,OPTSTK,NFO,5.000000,27001,False
133083,ZYDUSLIFE23NOV261060PE,ZYDUSLIFE,23NOV2026,106000.000000,900,OPTSTK,NFO,5.000000,27001,False
133106,ZYDUSLIFE23NOV261200PE,ZYDUSLIFE,23NOV2026,120000.000000,900,OPTSTK,NFO,5.000000,27001,False
133110,ZYDUSLIFE23NOV261240CE,ZYDUSLIFE,23NOV2026,124000.000000,900,OPTSTK,NFO,5.000000,27001,False
93253,GMRAIRPORT23NOV26108CE,GMRAIRPORT,23NOV2026,10800.000000,6975,OPTSTK,NFO,1.000000,209251,False
93298,GODFRYPHLP27OCT261750PE,GODFRYPHLP,27OCT2026,175000.000000,275,OPTSTK,NFO,5.000000,11001,False
93304,GODFRYPHLP27OCT262050CE,GODFRYPHLP,27OCT2026,205000.000000,275,OPTSTK,NFO,5.000000,11001,False
93310,BOSCHLTD29SEP2646000CE,BOSCHLTD,29SEP2026,4600000.000000,25,OPTSTK,NFO,5.000000,501,False
133113,ZYDUSLIFE23NOV261260PE,ZYDUSLIFE,23NOV2026,126000.000000,900,OPTSTK,NFO,5.000000,27001,False
133116,ZYDUSLIFE23NOV261300CE,ZYDUSLIFE,23NOV2026,130000.000000,900,OPTSTK,NFO,5.000000,27001,False
133222,OBEROIRLTY29SEP261760PE,OBEROIRLTY,29SEP2026,176000.000000,350,OPTSTK,NFO,5.000000,14001,False
133264,OBEROIRLTY29SEP261840PE,OBEROIRLTY,29SEP2026,184000.000000,350,OPTSTK,NFO,5.000000,14001,False
93318,MAXHEALTH29SEP261030PE,MAXHEALTH,29SEP2026,103000.000000,525,OPTSTK,NFO,5.000000,21001,False
93343,BOSCHLTD29SEP2649000PE,BOSCHLTD,29SEP2026,4900000.000000,25,OPTSTK,NFO,5.000000,501,False
93351,BOSCHLTD29SEP2650000PE,BOSCHLTD,29SEP2026,5000000.000000,25,OPTSTK,NFO,5.000000,501,False
93355,BOSCHLTD29SEP2651000PE,BOSCHLTD,29SEP2026,5100000.000000,25,OPTSTK,NFO,5.000000,501,False
133283,OBEROIRLTY29SEP262000PE,OBEROIRLTY,29SEP2026,200000.000000,350,OPTSTK,NFO,5.000000,14001,False
133288,OBEROIRLTY29SEP262120CE,OBEROIRLTY,29SEP2026,212000.000000,350,OPTSTK,NFO,5.000000,14001,False
133879,OFSS29SEP269800PE,OFSS,29SEP2026,980000.000000,100,OPTSTK,NFO,5.000000,2001,False
133896,OFSS29SEP2610600CE,OFSS,29SEP2026,1060000.000000,100,OPTSTK,NFO,5.000000,2001,False
93378,GODFRYPHLP23NOV262100PE,GODFRYPHLP,23NOV2026,210000.000000,275,OPTSTK,NFO,5.000000,11001,False
93392,MAXHEALTH29SEP261110PE,MAXHEALTH,29SEP2026,111000.000000,525,OPTSTK,NFO,5.000000,21001,False
93408,GODFRYPHLP23NOV262400CE,GODFRYPHLP,23NOV2026,240000.000000,275,OPTSTK,NFO,5.000000,11001,False
93412,GODFRYPHLP23NOV262400PE,GODFRYPHLP,23NOV2026,240000.000000,275,OPTSTK,NFO,5.000000,11001,False
133921,OFSS29SEP2611200PE,OFSS,29SEP2026,1120000.000000,100,OPTSTK,NFO,5.000000,2001,False
133972,OFSS29SEP2611800CE,OFSS,29SEP2026,1180000.000000,100,OPTSTK,NFO,5.000000,2001,False
134265,OIL29SEP26410CE,OIL,29SEP2026,41000.000000,1400,OPTSTK,NFO,5.000000,56001,False
134273,OIL29SEP26450CE,OIL,29SEP2026,45000.000000,1400,OPTSTK,NFO,5.000000,56001,False
93525,MAXHEALTH27OCT26960PE,MAXHEALTH,27OCT2026,96000.000000,525,OPTSTK,NFO,5.000000,21001,False
93571,BPCL29SEP26280CE,BPCL,29SEP2026,28000.000000,1975,OPTSTK,NFO,5.000000,79001,False
93572,MAXHEALTH27OCT261100CE,MAXHEALTH,27OCT2026,110000.000000,525,OPTSTK,NFO,5.000000,21001,False
93574,BPCL29SEP26280PE,BPCL,29SEP2026,28000.000000,1975,OPTSTK,NFO,5.000000,79001,False
134861,ONGC29SEP26230CE,ONGC,29SEP2026,23000.000000,2250,OPTSTK,NFO,1.000000,90001,False
134898,ONGC29SEP26290PE,ONGC,29SEP2026,29000.000000,2250,OPTSTK,NFO,1.000000,90001,False
135054,PAGEIND29SEP2633000CE,PAGEIND,29SEP2026,3300000.000000,20,OPTSTK,NFO,5.000000,601,False
135056,PAGEIND29SEP2633000PE,PAGEIND,29SEP2026,3300000.000000,20,OPTSTK,NFO,5.000000,601,False
93579,BPCL29SEP26310CE,BPCL,29SEP2026,31000.000000,1975,OPTSTK,NFO,5.000000,79001,False
93580,BPCL29SEP26310PE,BPCL,29SEP2026,31000.000000,1975,OPTSTK,NFO,5.000000,79001,False
93589,BPCL29SEP26360CE,BPCL,29SEP2026,36000.000000,1975,OPTSTK,NFO,5.000000,79001,False
93638,MAXHEALTH27OCT261200CE,MAXHEALTH,27OCT2026,120000.000000,525,OPTSTK,NFO,5.000000,21001,False
135166,PAGEIND29SEP2645000PE,PAGEIND,29SEP2026,4500000.000000,20,OPTSTK,NFO,5.000000,601,False
135673,PATANJALI29SEP26360CE,PATANJALI,29SEP2026,36000.000000,1075,OPTSTK,NFO,5.000000,64501,False
135918,PAYTM29SEP261160CE,PAYTM,29SEP2026,116000.000000,725,OPTSTK,NFO,5.000000,14501,False
135919,PAYTM29SEP261160PE,PAYTM,29SEP2026,116000.000000,725,OPTSTK,NFO,5.000000,14501,False
93676,GODREJCP27OCT26770CE,GODREJCP,27OCT2026,77000.000000,500,OPTSTK,NFO,5.000000,25001,False
93748,MAZDOCK29SEP262350PE,MAZDOCK,29SEP2026,235000.000000,225,OPTSTK,NFO,5.000000,9001,False
93775,GODREJCP27OCT26870PE,GODREJCP,27OCT2026,87000.000000,500,OPTSTK,NFO,5.000000,25001,False
93807,MAZDOCK29SEP262650CE,MAZDOCK,29SEP2026,265000.000000,225,OPTSTK,NFO,5.000000,9001,False
136055,PERSISTENT29SEP265000PE,PERSISTENT,29SEP2026,500000.000000,125,OPTSTK,NFO,5.000000,3751,False
136068,PERSISTENT29SEP266200PE,PERSISTENT,29SEP2026,620000.000000,125,OPTSTK,NFO,5.000000,3751,False
136115,PETRONET29SEP26260CE,PETRONET,29SEP2026,26000.000000,1900,OPTSTK,NFO,5.000000,76001,False
136124,PETRONET29SEP26280CE,PETRONET,29SEP2026,28000.000000,1900,OPTSTK,NFO,5.000000,76001,False
93842,MAZDOCK27OCT262000CE,MAZDOCK,27OCT2026,200000.000000,225,OPTSTK,NFO,5.000000,9001,False
93889,MCX29SEP262550CE,MCX,29SEP2026,255000.000000,225,OPTSTK,NFO,5.000000,6751,False
93891,MCX29SEP262650CE,MCX,29SEP2026,265000.000000,225,OPTSTK,NFO,5.000000,6751,False
93893,MCX29SEP262750CE,MCX,29SEP2026,275000.000000,225,OPTSTK,NFO,5.000000,6751,False
136494,PFC29SEP26300PE,PFC,29SEP2026,30000.000000,1300,OPTSTK,NFO,5.000000,52001,False
136517,PFC29SEP26330CE,PFC,29SEP2026,33000.000000,1300,OPTSTK,NFO,5.000000,52001,False
136525,PFC29SEP26340PE,PFC,29SEP2026,34000.000000,1300,OPTSTK,NFO,5.000000,52001,False
136571,PFC29SEP26380CE,PFC,29SEP2026,38000.000000,1300,OPTSTK,NFO,5.000000,52001,False
93899,MCX29SEP263050CE,MCX,29SEP2026,305000.000000,225,OPTSTK,NFO,5.000000,6751,False
93907,BRITANNIA29SEP264800CE,BRITANNIA,29SEP2026,480000.000000,125,OPTSTK,NFO,5.000000,5001,False
93910,BRITANNIA29SEP264900CE,BRITANNIA,29SEP2026,490000.000000,125,OPTSTK,NFO,5.000000,5001,False
93914,MCX29SEP263350CE,MCX,29SEP2026,335000.000000,225,OPTSTK,NFO,5.000000,6751,False
136776,PFC29SEP26440CE,PFC,29SEP2026,44000.000000,1300,OPTSTK,NFO,5.000000,52001,False
136811,PFC29SEP26500CE,PFC,29SEP2026,50000.000000,1300,OPTSTK,NFO,5.000000,52001,False
137198,PGEL29SEP26560PE,PGEL,29SEP2026,56000.000000,950,OPTSTK,NFO,5.000000,38001,False
137202,PGEL29SEP26580PE,PGEL,29SEP2026,58000.000000,950,OPTSTK,NFO,5.000000,38001,False
93922,MCX29SEP263450PE,MCX,29SEP2026,345000.000000,225,OPTSTK,NFO,5.000000,6751,False
93936,GODREJCP27OCT26970CE,GODREJCP,27OCT2026,97000.000000,500,OPTSTK,NFO,5.000000,25001,False
93944,GODREJCP27OCT26990CE,GODREJCP,27OCT2026,99000.000000,500,OPTSTK,NFO,5.000000,25001,False
94009,GODREJCP23NOV26720PE,GODREJCP,23NOV2026,72000.000000,500,OPTSTK,NFO,5.000000,25001,False
137211,PGEL29SEP26660PE,PGEL,29SEP2026,66000.000000,950,OPTSTK,NFO,5.000000,38001,False
137214,PGEL29SEP26700CE,PGEL,29SEP2026,70000.000000,950,OPTSTK,NFO,5.000000,38001,False
137216,PGEL29SEP26720CE,PGEL,29SEP2026,72000.000000,950,OPTSTK,NFO,5.000000,38001,False
137526,PHOENIXLTD29SEP261600PE,PHOENIXLTD,29SEP2026,160000.000000,350,OPTSTK,NFO,5.000000,14001,False
94017,GODREJCP23NOV26800CE,GODREJCP,23NOV2026,80000.000000,500,OPTSTK,NFO,5.000000,25001,False
94026,GODREJCP23NOV26880PE,GODREJCP,23NOV2026,88000.000000,500,OPTSTK,NFO,5.000000,25001,False
94050,GODREJCP23NOV261080PE,GODREJCP,23NOV2026,108000.000000,500,OPTSTK,NFO,5.000000,25001,False
94127,GODREJPROP27OCT261580PE,GODREJPROP,27OCT2026,158000.000000,325,OPTSTK,NFO,5.000000,13001,False
137577,PHOENIXLTD29SEP261760PE,PHOENIXLTD,29SEP2026,176000.000000,350,OPTSTK,NFO,5.000000,14001,False
137628,PHOENIXLTD29SEP262120PE,PHOENIXLTD,29SEP2026,212000.000000,350,OPTSTK,NFO,5.000000,14001,False
137632,PHOENIXLTD29SEP262200PE,PHOENIXLTD,29SEP2026,220000.000000,350,OPTSTK,NFO,5.000000,14001,False
137634,PHOENIXLTD29SEP262240PE,PHOENIXLTD,29SEP2026,224000.000000,350,OPTSTK,NFO,5.000000,14001,False
94132,GODREJPROP27OCT261660CE,GODREJPROP,27OCT2026,166000.000000,325,OPTSTK,NFO,5.000000,13001,False
94151,MCX27OCT263200PE,MCX,27OCT2026,320000.000000,225,OPTSTK,NFO,5.000000,6751,False
94156,MCX27OCT263500CE,MCX,27OCT2026,350000.000000,225,OPTSTK,NFO,5.000000,6751,False
94171,BSE29SEP263000CE,BSE,29SEP2026,300000.000000,200,OPTSTK,NFO,5.000000,6001,False
138389,PIIND29SEP262600PE,PIIND,29SEP2026,260000.000000,175,OPTSTK,NFO,5.000000,8751,False
138397,PIIND29SEP263000PE,PIIND,29SEP2026,300000.000000,175,OPTSTK,NFO,5.000000,8751,False
138920,PNB29SEP26104PE,PNB,29SEP2026,10400.000000,8000,OPTSTK,NFO,1.000000,240001,False
138923,PNB29SEP26108CE,PNB,29SEP2026,10800.000000,8000,OPTSTK,NFO,1.000000,240001,False
94175,BSE29SEP263400CE,BSE,29SEP2026,340000.000000,200,OPTSTK,NFO,5.000000,6001,False
94253,MFSL29SEP261580CE,MFSL,29SEP2026,158000.000000,400,OPTSTK,NFO,5.000000,16001,False
94259,MFSL29SEP261660PE,MFSL,29SEP2026,166000.000000,400,OPTSTK,NFO,5.000000,16001,False
94365,GODREJPROP23NOV261600PE,GODREJPROP,23NOV2026,160000.000000,325,OPTSTK,NFO,5.000000,13001,False
139018,PNB29SEP26118PE,PNB,29SEP2026,11800.000000,8000,OPTSTK,NFO,1.000000,240001,False
139159,PNBHOUSING29SEP26960CE,PNBHOUSING,29SEP2026,96000.000000,650,OPTSTK,NFO,5.000000,19501,False
139242,PNBHOUSING29SEP261200PE,PNBHOUSING,29SEP2026,120000.000000,650,OPTSTK,NFO,5.000000,19501,False
139602,POLICYBZR29SEP261360PE,POLICYBZR,29SEP2026,136000.000000,350,OPTSTK,NFO,5.000000,14001,False
94370,GODREJPROP23NOV261680CE,GODREJPROP,23NOV2026,168000.000000,325,OPTSTK,NFO,5.000000,13001,False
94398,MFSL27OCT261320PE,MFSL,27OCT2026,132000.000000,400,OPTSTK,NFO,5.000000,16001,False
94404,MFSL27OCT261440PE,MFSL,27OCT2026,144000.000000,400,OPTSTK,NFO,5.000000,16001,False
94428,GODREJPROP23NOV261840PE,GODREJPROP,23NOV2026,184000.000000,325,OPTSTK,NFO,5.000000,13001,False
94453,CAMS29SEP26620CE,CAMS,29SEP2026,62000.000000,825,OPTSTK,NFO,5.000000,33001,False
94454,CAMS29SEP26620PE,CAMS,29SEP2026,62000.000000,825,OPTSTK,NFO,5.000000,33001,False
94457,CAMS29SEP26660CE,CAMS,29SEP2026,66000.000000,825,OPTSTK,NFO,5.000000,33001,False
94466,CAMS29SEP26740PE,CAMS,29SEP2026,74000.000000,825,OPTSTK,NFO,5.000000,33001,False
139611,POLICYBZR29SEP261560CE,POLICYBZR,29SEP2026,156000.000000,350,OPTSTK,NFO,5.000000,14001,False
139631,POLICYBZR29SEP261880CE,POLICYBZR,29SEP2026,188000.000000,350,OPTSTK,NFO,5.000000,14001,False
139632,POLICYBZR29SEP261880PE,POLICYBZR,29SEP2026,188000.000000,350,OPTSTK,NFO,5.000000,14001,False
139641,POLICYBZR29SEP262080CE,POLICYBZR,29SEP2026,208000.000000,350,OPTSTK,NFO,5.000000,14001,False
94468,CAMS29SEP26760PE,CAMS,29SEP2026,76000.000000,825,OPTSTK,NFO,5.000000,33001,False
94503,CAMS29SEP26880PE,CAMS,29SEP2026,88000.000000,825,OPTSTK,NFO,5.000000,33001,False
94505,CAMS29SEP26900PE,CAMS,29SEP2026,90000.000000,825,OPTSTK,NFO,5.000000,33001,False
94516,MFSL27OCT261800PE,MFSL,27OCT2026,180000.000000,400,OPTSTK,NFO,5.000000,16001,False
139644,POLICYBZR29SEP262120PE,POLICYBZR,29SEP2026,212000.000000,350,OPTSTK,NFO,5.000000,14001,False
140292,POLYCAB29SEP268400CE,POLYCAB,29SEP2026,840000.000000,125,OPTSTK,NFO,5.000000,2501,False
140341,POLYCAB29SEP269400CE,POLYCAB,29SEP2026,940000.000000,125,OPTSTK,NFO,5.000000,2501,False
140814,POWERGRID29SEP26235PE,POWERGRID,29SEP2026,23500.000000,1900,OPTSTK,NFO,5.000000,76001,False
94519,MFSL27OCT261840CE,MFSL,27OCT2026,184000.000000,400,OPTSTK,NFO,5.000000,16001,False
94574,MOTHERSON29SEP26157.5PE,MOTHERSON,29SEP2026,15750.000000,6150,OPTSTK,NFO,1.000000,184501,False
94576,MOTHERSON29SEP26162.5PE,MOTHERSON,29SEP2026,16250.000000,6150,OPTSTK,NFO,1.000000,184501,False
94578,MOTHERSON29SEP26167.5PE,MOTHERSON,29SEP2026,16750.000000,6150,OPTSTK,NFO,1.000000,184501,False
140815,POWERGRID29SEP26240CE,POWERGRID,29SEP2026,24000.000000,1900,OPTSTK,NFO,5.000000,76001,False
140817,POWERGRID29SEP26245CE,POWERGRID,29SEP2026,24500.000000,1900,OPTSTK,NFO,5.000000,76001,False
140821,POWERGRID29SEP26255CE,POWERGRID,29SEP2026,25500.000000,1900,OPTSTK,NFO,5.000000,76001,False
140825,POWERGRID29SEP26265CE,POWERGRID,29SEP2026,26500.000000,1900,OPTSTK,NFO,5.000000,76001,False
94579,MOTHERSON29SEP26172.5CE,MOTHERSON,29SEP2026,17250.000000,6150,OPTSTK,NFO,1.000000,184501,False
94586,MOTHERSON29SEP26182.5PE,MOTHERSON,29SEP2026,18250.000000,6150,OPTSTK,NFO,1.000000,184501,False
94589,GODREJPROP23NOV261960PE,GODREJPROP,23NOV2026,196000.000000,325,OPTSTK,NFO,5.000000,13001,False
94646,MOTHERSON27OCT26185CE,MOTHERSON,27OCT2026,18500.000000,6150,OPTSTK,NFO,1.000000,184501,False
140826,POWERGRID29SEP26265PE,POWERGRID,29SEP2026,26500.000000,1900,OPTSTK,NFO,5.000000,76001,False
140935,POWERGRID29SEP26325PE,POWERGRID,29SEP2026,32500.000000,1900,OPTSTK,NFO,5.000000,76001,False
140936,POWERGRID29SEP26330CE,POWERGRID,29SEP2026,33000.000000,1900,OPTSTK,NFO,5.000000,76001,False
141690,POWERINDIA29SEP2628000CE,POWERINDIA,29SEP2026,2800000.000000,25,OPTSTK,NFO,5.000000,751,False
94670,GODREJPROP23NOV262240PE,GODREJPROP,23NOV2026,224000.000000,325,OPTSTK,NFO,5.000000,13001,False
94757,MOTILALOFS29SEP26900CE,MOTILALOFS,29SEP2026,90000.000000,775,OPTSTK,NFO,5.000000,23251,False
94758,MOTILALOFS29SEP26900PE,MOTILALOFS,29SEP2026,90000.000000,775,OPTSTK,NFO,5.000000,23251,False
94767,MOTILALOFS29SEP261020CE,MOTILALOFS,29SEP2026,102000.000000,775,OPTSTK,NFO,5.000000,23251,False
141691,POWERINDIA29SEP2628000PE,POWERINDIA,29SEP2026,2800000.000000,25,OPTSTK,NFO,5.000000,751,False
141693,POWERINDIA29SEP2629000PE,POWERINDIA,29SEP2026,2900000.000000,25,OPTSTK,NFO,5.000000,751,False
141706,POWERINDIA29SEP2636000CE,POWERINDIA,29SEP2026,3600000.000000,25,OPTSTK,NFO,5.000000,751,False
141707,POWERINDIA29SEP2636000PE,POWERINDIA,29SEP2026,3600000.000000,25,OPTSTK,NFO,5.000000,751,False
94805,GRASIM27OCT263140PE,GRASIM,27OCT2026,314000.000000,250,OPTSTK,NFO,5.000000,7501,False
94809,GRASIM27OCT263220PE,GRASIM,27OCT2026,322000.000000,250,OPTSTK,NFO,5.000000,7501,False
94826,GRASIM27OCT263580CE,GRASIM,27OCT2026,358000.000000,250,OPTSTK,NFO,5.000000,7501,False
94828,GRASIM27OCT263620CE,GRASIM,27OCT2026,362000.000000,250,OPTSTK,NFO,5.000000,7501,False
142198,PRESTIGE29SEP261280CE,PRESTIGE,29SEP2026,128000.000000,450,OPTSTK,NFO,5.000000,13501,False
142199,PRESTIGE29SEP261280PE,PRESTIGE,29SEP2026,128000.000000,450,OPTSTK,NFO,5.000000,13501,False
142201,PRESTIGE29SEP261320PE,PRESTIGE,29SEP2026,132000.000000,450,OPTSTK,NFO,5.000000,13501,False
142205,PRESTIGE29SEP261400PE,PRESTIGE,29SEP2026,140000.000000,450,OPTSTK,NFO,5.000000,13501,False
94860,MOTILALOFS27OCT261040PE,MOTILALOFS,27OCT2026,104000.000000,775,OPTSTK,NFO,5.000000,23251,False
94911,MPHASIS29SEP262250CE,MPHASIS,29SEP2026,225000.000000,275,OPTSTK,NFO,5.000000,11001,False
95013,MPHASIS27OCT262100PE,MPHASIS,27OCT2026,210000.000000,275,OPTSTK,NFO,5.000000,11001,False
95028,MPHASIS27OCT262500PE,MPHASIS,27OCT2026,250000.000000,275,OPTSTK,NFO,5.000000,11001,False
142226,PRESTIGE29SEP261680CE,PRESTIGE,29SEP2026,168000.000000,450,OPTSTK,NFO,5.000000,13501,False
142571,RADICO29SEP264000PE,RADICO,29SEP2026,400000.000000,150,OPTSTK,NFO,5.000000,6001,False
142576,RADICO29SEP264300CE,RADICO,29SEP2026,430000.000000,150,OPTSTK,NFO,5.000000,6001,False
142589,RADICO29SEP264800PE,RADICO,29SEP2026,480000.000000,150,OPTSTK,NFO,5.000000,6001,False
95064,GRASIM23NOV262960CE,GRASIM,23NOV2026,296000.000000,250,OPTSTK,NFO,5.000000,7501,False
95090,MUTHOOTFIN29SEP262450PE,MUTHOOTFIN,29SEP2026,245000.000000,275,OPTSTK,NFO,5.000000,8251,False
95094,MUTHOOTFIN29SEP262650PE,MUTHOOTFIN,29SEP2026,265000.000000,275,OPTSTK,NFO,5.000000,8251,False
95095,MUTHOOTFIN29SEP262750CE,MUTHOOTFIN,29SEP2026,275000.000000,275,OPTSTK,NFO,5.000000,8251,False
142681,RADICO29SEP265100PE,RADICO,29SEP2026,510000.000000,150,OPTSTK,NFO,5.000000,6001,False
143351,RBLBANK29SEP26350CE,RBLBANK,29SEP2026,35000.000000,3175,OPTSTK,NFO,5.000000,63501,False
143360,RBLBANK29SEP26370PE,RBLBANK,29SEP2026,37000.000000,3175,OPTSTK,NFO,5.000000,63501,False
143369,RBLBANK29SEP26410CE,RBLBANK,29SEP2026,41000.000000,3175,OPTSTK,NFO,5.000000,63501,False
95099,MUTHOOTFIN29SEP262950CE,MUTHOOTFIN,29SEP2026,295000.000000,275,OPTSTK,NFO,5.000000,8251,False
95108,MUTHOOTFIN29SEP263350PE,MUTHOOTFIN,29SEP2026,335000.000000,275,OPTSTK,NFO,5.000000,8251,False
95162,GRASIM23NOV263680PE,GRASIM,23NOV2026,368000.000000,250,OPTSTK,NFO,5.000000,7501,False
95168,CANBK29SEP26110CE,CANBK,29SEP2026,11000.000000,6750,OPTSTK,NFO,1.000000,202501,False
143603,RECLTD29SEP26270CE,RECLTD,29SEP2026,27000.000000,1575,OPTSTK,NFO,5.000000,63001,False
143604,RECLTD29SEP26270PE,RECLTD,29SEP2026,27000.000000,1575,OPTSTK,NFO,5.000000,63001,False
143676,RECLTD29SEP26290PE,RECLTD,29SEP2026,29000.000000,1575,OPTSTK,NFO,5.000000,63001,False
143677,RECLTD29SEP26300CE,RECLTD,29SEP2026,30000.000000,1575,OPTSTK,NFO,5.000000,63001,False
95186,CANBK29SEP26120CE,CANBK,29SEP2026,12000.000000,6750,OPTSTK,NFO,1.000000,202501,False
95191,CANBK29SEP26130CE,CANBK,29SEP2026,13000.000000,6750,OPTSTK,NFO,1.000000,202501,False
95195,CANBK29SEP26135CE,CANBK,29SEP2026,13500.000000,6750,OPTSTK,NFO,1.000000,202501,False
95198,CANBK29SEP26140PE,CANBK,29SEP2026,14000.000000,6750,OPTSTK,NFO,1.000000,202501,False
143693,RECLTD29SEP26370CE,RECLTD,29SEP2026,37000.000000,1575,OPTSTK,NFO,5.000000,63001,False
143694,RECLTD29SEP26370PE,RECLTD,29SEP2026,37000.000000,1575,OPTSTK,NFO,5.000000,63001,False
143755,RECLTD29SEP26390PE,RECLTD,29SEP2026,39000.000000,1575,OPTSTK,NFO,5.000000,63001,False
143758,RECLTD29SEP26410CE,RECLTD,29SEP2026,41000.000000,1575,OPTSTK,NFO,5.000000,63001,False
95244,MUTHOOTFIN27OCT262400PE,MUTHOOTFIN,27OCT2026,240000.000000,275,OPTSTK,NFO,5.000000,8251,False
95246,MUTHOOTFIN27OCT262500PE,MUTHOOTFIN,27OCT2026,250000.000000,275,OPTSTK,NFO,5.000000,8251,False
95249,MUTHOOTFIN27OCT262700CE,MUTHOOTFIN,27OCT2026,270000.000000,275,OPTSTK,NFO,5.000000,8251,False
95251,MUTHOOTFIN27OCT262800CE,MUTHOOTFIN,27OCT2026,280000.000000,275,OPTSTK,NFO,5.000000,8251,False
143797,RECLTD29SEP26420PE,RECLTD,29SEP2026,42000.000000,1575,OPTSTK,NFO,5.000000,63001,False
144362,RELIANCE29SEP261060CE,RELIANCE,29SEP2026,106000.000000,500,OPTSTK,NFO,5.000000,20001,False
144363,RELIANCE29SEP261060PE,RELIANCE,29SEP2026,106000.000000,500,OPTSTK,NFO,5.000000,20001,False
144374,RELIANCE29SEP261080CE,RELIANCE,29SEP2026,108000.000000,500,OPTSTK,NFO,5.000000,20001,False
95252,MUTHOOTFIN27OCT262800PE,MUTHOOTFIN,27OCT2026,280000.000000,275,OPTSTK,NFO,5.000000,8251,False
95253,MUTHOOTFIN27OCT262900CE,MUTHOOTFIN,27OCT2026,290000.000000,275,OPTSTK,NFO,5.000000,8251,False
95272,MUTHOOTFIN27OCT263100PE,MUTHOOTFIN,27OCT2026,310000.000000,275,OPTSTK,NFO,5.000000,8251,False
95310,GVT&D27OCT264900CE,GVT&D,27OCT2026,490000.000000,125,OPTSTK,NFO,5.000000,5001,False
144376,RELIANCE29SEP261100CE,RELIANCE,29SEP2026,110000.000000,500,OPTSTK,NFO,5.000000,20001,False
144500,RELIANCE29SEP261520CE,RELIANCE,29SEP2026,152000.000000,500,OPTSTK,NFO,5.000000,20001,False
144848,RVNL29SEP26200PE,RVNL,29SEP2026,20000.000000,1925,OPTSTK,NFO,1.000000,96251,False
144857,RVNL29SEP26210PE,RVNL,29SEP2026,21000.000000,1925,OPTSTK,NFO,1.000000,96251,False
95322,GVT&D27OCT265100PE,GVT&D,27OCT2026,510000.000000,125,OPTSTK,NFO,5.000000,5001,False
95324,GVT&D27OCT265300PE,GVT&D,27OCT2026,530000.000000,125,OPTSTK,NFO,5.000000,5001,False
95350,NAM-INDIA29SEP261060PE,NAM-INDIA,29SEP2026,106000.000000,625,OPTSTK,NFO,5.000000,18751,False
95351,NAM-INDIA29SEP261100CE,NAM-INDIA,29SEP2026,110000.000000,625,OPTSTK,NFO,5.000000,18751,False
144906,RVNL29SEP26230CE,RVNL,29SEP2026,23000.000000,1925,OPTSTK,NFO,1.000000,96251,False
144907,RVNL29SEP26230PE,RVNL,29SEP2026,23000.000000,1925,OPTSTK,NFO,1.000000,96251,False
144908,RVNL29SEP26240CE,RVNL,29SEP2026,24000.000000,1925,OPTSTK,NFO,1.000000,96251,False
145473,SAIL29SEP26170CE,SAIL,29SEP2026,17000.000000,4700,OPTSTK,NFO,1.000000,141001,False
95453,NAM-INDIA27OCT261160CE,NAM-INDIA,27OCT2026,116000.000000,625,OPTSTK,NFO,5.000000,18751,False
95357,NAM-INDIA29SEP261220CE,NAM-INDIA,29SEP2026,122000.000000,625,OPTSTK,NFO,5.000000,18751,False
95360,NAM-INDIA29SEP261260PE,NAM-INDIA,29SEP2026,126000.000000,625,OPTSTK,NFO,5.000000,18751,False
95446,NAM-INDIA27OCT261000PE,NAM-INDIA,27OCT2026,100000.000000,625,OPTSTK,NFO,5.000000,18751,False
145480,SAIL29SEP26185PE,SAIL,29SEP2026,18500.000000,4700,OPTSTK,NFO,1.000000,141001,False
145482,SAIL29SEP26190PE,SAIL,29SEP2026,19000.000000,4700,OPTSTK,NFO,1.000000,141001,False
145526,SAIL29SEP26225PE,SAIL,29SEP2026,22500.000000,4700,OPTSTK,NFO,1.000000,141001,False
145616,SBICARD29SEP26560CE,SBICARD,29SEP2026,56000.000000,800,OPTSTK,NFO,5.000000,40001,False
95496,NAM-INDIA27OCT261320PE,NAM-INDIA,27OCT2026,132000.000000,625,OPTSTK,NFO,5.000000,18751,False
95542,CDSL29SEP261200PE,CDSL,29SEP2026,120000.000000,475,OPTSTK,NFO,5.000000,19001,False
95554,CDSL29SEP261360CE,CDSL,29SEP2026,136000.000000,475,OPTSTK,NFO,5.000000,19001,False
95571,CDSL29SEP261480PE,CDSL,29SEP2026,148000.000000,475,OPTSTK,NFO,5.000000,19001,False
145711,SBICARD29SEP26640PE,SBICARD,29SEP2026,64000.000000,800,OPTSTK,NFO,5.000000,40001,False
146284,SBILIFE29SEP261400CE,SBILIFE,29SEP2026,140000.000000,375,OPTSTK,NFO,5.000000,15001,False
146285,SBILIFE29SEP261400PE,SBILIFE,29SEP2026,140000.000000,375,OPTSTK,NFO,5.000000,15001,False
146289,SBILIFE29SEP261480PE,SBILIFE,29SEP2026,148000.000000,375,OPTSTK,NFO,5.000000,15001,False
95584,CDSL29SEP261600PE,CDSL,29SEP2026,160000.000000,475,OPTSTK,NFO,5.000000,19001,False
95619,HAL27OCT264550PE,HAL,27OCT2026,455000.000000,150,OPTSTK,NFO,5.000000,4501,False
95624,HAL27OCT264850CE,HAL,27OCT2026,485000.000000,150,OPTSTK,NFO,5.000000,4501,False
95629,HAL27OCT264950PE,HAL,27OCT2026,495000.000000,150,OPTSTK,NFO,5.000000,4501,False
95636,HAL27OCT265350CE,HAL,27OCT2026,535000.000000,150,OPTSTK,NFO,5.000000,4501,False
95639,HAL27OCT265450CE,HAL,27OCT2026,545000.000000,150,OPTSTK,NFO,5.000000,4501,False
95753,HAL23NOV264600CE,HAL,23NOV2026,460000.000000,150,OPTSTK,NFO,5.000000,4501,False
95769,CGPOWER29SEP26920CE,CGPOWER,29SEP2026,92000.000000,850,OPTSTK,NFO,5.000000,25501,False
146295,SBILIFE29SEP261600PE,SBILIFE,29SEP2026,160000.000000,375,OPTSTK,NFO,5.000000,15001,False
146296,SBILIFE29SEP261640CE,SBILIFE,29SEP2026,164000.000000,375,OPTSTK,NFO,5.000000,15001,False
146299,SBILIFE29SEP261680CE,SBILIFE,29SEP2026,168000.000000,375,OPTSTK,NFO,5.000000,15001,False
146349,SBILIFE29SEP261880PE,SBILIFE,29SEP2026,188000.000000,375,OPTSTK,NFO,5.000000,15001,False
95798,NATIONALUM29SEP26350PE,NATIONALUM,29SEP2026,35000.000000,1875,OPTSTK,NFO,5.000000,56251,False
95808,NATIONALUM29SEP26450PE,NATIONALUM,29SEP2026,45000.000000,1875,OPTSTK,NFO,5.000000,56251,False
95884,HAVELLS27OCT261020CE,HAVELLS,27OCT2026,102000.000000,500,OPTSTK,NFO,5.000000,20001,False
95946,NATIONALUM27OCT26340PE,NATIONALUM,27OCT2026,34000.000000,1875,OPTSTK,NFO,5.000000,56251,False
146406,SBILIFE29SEP261960CE,SBILIFE,29SEP2026,196000.000000,375,OPTSTK,NFO,5.000000,15001,False
146407,SBILIFE29SEP261960PE,SBILIFE,29SEP2026,196000.000000,375,OPTSTK,NFO,5.000000,15001,False
146455,SBILIFE29SEP262200CE,SBILIFE,29SEP2026,220000.000000,375,OPTSTK,NFO,5.000000,15001,False
146919,SBIN29SEP26860PE,SBIN,29SEP2026,86000.000000,750,OPTSTK,NFO,5.000000,22501,False
96001,CHOLAFIN29SEP261720PE,CHOLAFIN,29SEP2026,172000.000000,625,OPTSTK,NFO,5.000000,12501,False
96004,CHOLAFIN29SEP261800CE,CHOLAFIN,29SEP2026,180000.000000,625,OPTSTK,NFO,5.000000,12501,False
96006,NAUKRI29SEP261180PE,NAUKRI,29SEP2026,118000.000000,550,OPTSTK,NFO,5.000000,16501,False
96038,NAUKRI29SEP261300PE,NAUKRI,29SEP2026,130000.000000,550,OPTSTK,NFO,5.000000,16501,False
147190,SBIN29SEP261100CE,SBIN,29SEP2026,110000.000000,750,OPTSTK,NFO,5.000000,22501,False
147196,SBIN29SEP261160CE,SBIN,29SEP2026,116000.000000,750,OPTSTK,NFO,5.000000,22501,False
147199,SBIN29SEP261180PE,SBIN,29SEP2026,118000.000000,750,OPTSTK,NFO,5.000000,22501,False
147204,SBIN29SEP261240CE,SBIN,29SEP2026,124000.000000,750,OPTSTK,NFO,5.000000,22501,False
147206,SBIN29SEP261260CE,SBIN,29SEP2026,126000.000000,750,OPTSTK,NFO,5.000000,22501,False
147525,SHREECEM29SEP2620500CE,SHREECEM,29SEP2026,2050000.000000,25,OPTSTK,NFO,5.000000,1001,False
147539,SHREECEM29SEP2624000CE,SHREECEM,29SEP2026,2400000.000000,25,OPTSTK,NFO,5.000000,1001,False
147540,SHREECEM29SEP2624000PE,SHREECEM,29SEP2026,2400000.000000,25,OPTSTK,NFO,5.000000,1001,False
96039,NAUKRI29SEP261340CE,NAUKRI,29SEP2026,134000.000000,550,OPTSTK,NFO,5.000000,16501,False
96046,CHOLAFIN29SEP262200CE,CHOLAFIN,29SEP2026,220000.000000,625,OPTSTK,NFO,5.000000,12501,False
96095,NAUKRI27OCT261120CE,NAUKRI,27OCT2026,112000.000000,550,OPTSTK,NFO,5.000000,16501,False
96097,NAUKRI27OCT261120PE,NAUKRI,27OCT2026,112000.000000,550,OPTSTK,NFO,5.000000,16501,False
96099,NAUKRI27OCT261160PE,NAUKRI,27OCT2026,116000.000000,550,OPTSTK,NFO,5.000000,16501,False
96127,NAUKRI27OCT261320CE,NAUKRI,27OCT2026,132000.000000,550,OPTSTK,NFO,5.000000,16501,False
96150,NBCC29SEP2677.5PE,NBCC,29SEP2026,7750.000000,6500,OPTSTK,NFO,1.000000,260001,False
96151,NBCC29SEP2682.5CE,NBCC,29SEP2026,8250.000000,6500,OPTSTK,NFO,1.000000,260001,False
147651,SHREECEM29SEP2630000CE,SHREECEM,29SEP2026,3000000.000000,25,OPTSTK,NFO,5.000000,1001,False
148145,SHRIRAMFIN29SEP261000PE,SHRIRAMFIN,29SEP2026,100000.000000,825,OPTSTK,NFO,5.000000,24751,False
148148,SHRIRAMFIN29SEP261080CE,SHRIRAMFIN,29SEP2026,108000.000000,825,OPTSTK,NFO,5.000000,24751,False
148157,SHRIRAMFIN29SEP261240PE,SHRIRAMFIN,29SEP2026,124000.000000,825,OPTSTK,NFO,5.000000,24751,False
96304,HCLTECH27OCT261190PE,HCLTECH,27OCT2026,119000.000000,400,OPTSTK,NFO,5.000000,20001,False
96308,HCLTECH27OCT261210PE,HCLTECH,27OCT2026,121000.000000,400,OPTSTK,NFO,5.000000,20001,False
96315,HCLTECH27OCT261230CE,HCLTECH,27OCT2026,123000.000000,400,OPTSTK,NFO,5.000000,20001,False
96319,HCLTECH27OCT261270CE,HCLTECH,27OCT2026,127000.000000,400,OPTSTK,NFO,5.000000,20001,False
148532,SIEMENS29SEP264400CE,SIEMENS,29SEP2026,440000.000000,175,OPTSTK,NFO,5.000000,7001,False
148161,SHRIRAMFIN29SEP261320PE,SHRIRAMFIN,29SEP2026,132000.000000,825,OPTSTK,NFO,5.000000,24751,False
148287,SIEMENS29SEP263300PE,SIEMENS,29SEP2026,330000.000000,175,OPTSTK,NFO,5.000000,7001,False
148356,SIEMENS29SEP263900PE,SIEMENS,29SEP2026,390000.000000,175,OPTSTK,NFO,5.000000,7001,False
96466,NBCC27OCT2670PE,NBCC,27OCT2026,7000.000000,6500,OPTSTK,NFO,1.000000,260001,False
96332,HCLTECH27OCT261330PE,HCLTECH,27OCT2026,133000.000000,400,OPTSTK,NFO,5.000000,20001,False
96352,HCLTECH27OCT261430CE,HCLTECH,27OCT2026,143000.000000,400,OPTSTK,NFO,5.000000,20001,False
96354,HCLTECH27OCT261450CE,HCLTECH,27OCT2026,145000.000000,400,OPTSTK,NFO,5.000000,20001,False
148573,SIEMENS29SEP264600PE,SIEMENS,29SEP2026,460000.000000,175,OPTSTK,NFO,5.000000,7001,False
148901,SOLARINDS29SEP2616000PE,SOLARINDS,29SEP2026,1600000.000000,50,OPTSTK,NFO,5.000000,1501,False
148924,SOLARINDS29SEP2619000CE,SOLARINDS,29SEP2026,1900000.000000,50,OPTSTK,NFO,5.000000,1501,False
148926,SOLARINDS29SEP2619500CE,SOLARINDS,29SEP2026,1950000.000000,50,OPTSTK,NFO,5.000000,1501,False
96546,HCLTECH23NOV261080CE,HCLTECH,23NOV2026,108000.000000,400,OPTSTK,NFO,5.000000,20001,False
96565,CIPLA29SEP261240CE,CIPLA,29SEP2026,124000.000000,425,OPTSTK,NFO,5.000000,17001,False
96574,CIPLA29SEP261320PE,CIPLA,29SEP2026,132000.000000,425,OPTSTK,NFO,5.000000,17001,False
96578,NESTLEIND29SEP261290PE,NESTLEIND,29SEP2026,129000.000000,500,OPTSTK,NFO,5.000000,15001,False
149278,SONACOMS29SEP26740CE,SONACOMS,29SEP2026,74000.000000,1225,OPTSTK,NFO,5.000000,36751,False
149935,SRF29SEP262500CE,SRF,29SEP2026,250000.000000,200,OPTSTK,NFO,5.000000,8001,False
149948,SRF29SEP263100CE,SRF,29SEP2026,310000.000000,200,OPTSTK,NFO,5.000000,8001,False
149954,SRF29SEP263400CE,SRF,29SEP2026,340000.000000,200,OPTSTK,NFO,5.000000,8001,False
96583,NESTLEIND29SEP261350CE,NESTLEIND,29SEP2026,135000.000000,500,OPTSTK,NFO,5.000000,15001,False
96595,NESTLEIND29SEP261470CE,NESTLEIND,29SEP2026,147000.000000,500,OPTSTK,NFO,5.000000,15001,False
96607,NESTLEIND29SEP261590CE,NESTLEIND,29SEP2026,159000.000000,500,OPTSTK,NFO,5.000000,15001,False
96676,CIPLA29SEP261560PE,CIPLA,29SEP2026,156000.000000,425,OPTSTK,NFO,5.000000,17001,False
150296,SUNPHARMA29SEP261560PE,SUNPHARMA,29SEP2026,156000.000000,350,OPTSTK,NFO,5.000000,14001,False
150515,SUNPHARMA29SEP261840CE,SUNPHARMA,29SEP2026,184000.000000,350,OPTSTK,NFO,5.000000,14001,False
150665,SUNPHARMA29SEP262040PE,SUNPHARMA,29SEP2026,204000.000000,350,OPTSTK,NFO,5.000000,14001,False
150730,SUNPHARMA29SEP262240PE,SUNPHARMA,29SEP2026,224000.000000,350,OPTSTK,NFO,5.000000,14001,False
96710,NESTLEIND27OCT261300PE,NESTLEIND,27OCT2026,130000.000000,500,OPTSTK,NFO,5.000000,15001,False
96711,NESTLEIND27OCT261320CE,NESTLEIND,27OCT2026,132000.000000,500,OPTSTK,NFO,5.000000,15001,False
96716,NESTLEIND27OCT261360PE,NESTLEIND,27OCT2026,136000.000000,500,OPTSTK,NFO,5.000000,15001,False
96717,NESTLEIND27OCT261380CE,NESTLEIND,27OCT2026,138000.000000,500,OPTSTK,NFO,5.000000,15001,False
150731,SUNPHARMA29SEP262280CE,SUNPHARMA,29SEP2026,228000.000000,350,OPTSTK,NFO,5.000000,14001,False
150732,SUNPHARMA29SEP262280PE,SUNPHARMA,29SEP2026,228000.000000,350,OPTSTK,NFO,5.000000,14001,False
151021,SUPREMEIND29SEP263500PE,SUPREMEIND,29SEP2026,350000.000000,175,OPTSTK,NFO,5.000000,7001,False
151246,SUZLON29SEP2650CE,SUZLON,29SEP2026,5000.000000,12700,OPTSTK,NFO,1.000000,381001,False
96726,NESTLEIND27OCT261460PE,NESTLEIND,27OCT2026,146000.000000,500,OPTSTK,NFO,5.000000,15001,False
96730,NESTLEIND27OCT261500PE,NESTLEIND,27OCT2026,150000.000000,500,OPTSTK,NFO,5.000000,15001,False
96735,NESTLEIND27OCT261560CE,NESTLEIND,27OCT2026,156000.000000,500,OPTSTK,NFO,5.000000,15001,False
96760,HCLTECH23NOV261200PE,HCLTECH,23NOV2026,120000.000000,400,OPTSTK,NFO,5.000000,20001,False
151248,SUZLON29SEP2652CE,SUZLON,29SEP2026,5200.000000,12700,OPTSTK,NFO,1.000000,381001,False
151251,SUZLON29SEP2654PE,SUZLON,29SEP2026,5400.000000,12700,OPTSTK,NFO,1.000000,381001,False
151253,SUZLON29SEP2656PE,SUZLON,29SEP2026,5600.000000,12700,OPTSTK,NFO,1.000000,381001,False
151254,SUZLON29SEP2658CE,SUZLON,29SEP2026,5800.000000,12700,OPTSTK,NFO,1.000000,381001,False
96780,NESTLEIND27OCT261580PE,NESTLEIND,27OCT2026,158000.000000,500,OPTSTK,NFO,5.000000,15001,False
96842,NESTLEIND27OCT261660CE,NESTLEIND,27OCT2026,166000.000000,500,OPTSTK,NFO,5.000000,15001,False
96846,HCLTECH23NOV261300PE,HCLTECH,23NOV2026,130000.000000,400,OPTSTK,NFO,5.000000,20001,False
96852,HCLTECH23NOV261340CE,HCLTECH,23NOV2026,134000.000000,400,OPTSTK,NFO,5.000000,20001,False
151469,SWIGGY29SEP26200PE,SWIGGY,29SEP2026,20000.000000,1825,OPTSTK,NFO,5.000000,73001,False
151510,SWIGGY29SEP26270CE,SWIGGY,29SEP2026,27000.000000,1825,OPTSTK,NFO,5.000000,73001,False
151567,SWIGGY29SEP26330PE,SWIGGY,29SEP2026,33000.000000,1825,OPTSTK,NFO,5.000000,73001,False
151951,TATACONSUM29SEP26960PE,TATACONSUM,29SEP2026,96000.000000,550,OPTSTK,NFO,5.000000,22001,False
96853,HCLTECH23NOV261340PE,HCLTECH,23NOV2026,134000.000000,400,OPTSTK,NFO,5.000000,20001,False
96861,HCLTECH23NOV261420CE,HCLTECH,23NOV2026,142000.000000,400,OPTSTK,NFO,5.000000,20001,False
96871,HCLTECH23NOV261520CE,HCLTECH,23NOV2026,152000.000000,400,OPTSTK,NFO,5.000000,20001,False
96910,COALINDIA29SEP26350PE,COALINDIA,29SEP2026,35000.000000,1350,OPTSTK,NFO,5.000000,54001,False
97011,NHPC29SEP2675CE,NHPC,29SEP2026,7500.000000,6950,OPTSTK,NFO,1.000000,278001,False
97060,NHPC27OCT2662PE,NHPC,27OCT2026,6200.000000,6950,OPTSTK,NFO,1.000000,278001,False
97071,NHPC27OCT2674CE,NHPC,27OCT2026,7400.000000,6950,OPTSTK,NFO,1.000000,278001,False
97072,NHPC27OCT2674PE,NHPC,27OCT2026,7400.000000,6950,OPTSTK,NFO,1.000000,278001,False
151959,TATACONSUM29SEP261040PE,TATACONSUM,29SEP2026,104000.000000,550,OPTSTK,NFO,5.000000,22001,False
152017,TATACONSUM29SEP261160CE,TATACONSUM,29SEP2026,116000.000000,550,OPTSTK,NFO,5.000000,22001,False
152018,TATACONSUM29SEP261160PE,TATACONSUM,29SEP2026,116000.000000,550,OPTSTK,NFO,5.000000,22001,False
152575,TATAELXSI29SEP262900PE,TATAELXSI,29SEP2026,290000.000000,125,OPTSTK,NFO,5.000000,6251,False
97146,NHPC27OCT2688PE,NHPC,27OCT2026,8800.000000,6950,OPTSTK,NFO,1.000000,278001,False
97171,HDFCAMC23NOV262100CE,HDFCAMC,23NOV2026,210000.000000,300,OPTSTK,NFO,5.000000,9001,False
97185,HDFCAMC23NOV262400CE,HDFCAMC,23NOV2026,240000.000000,300,OPTSTK,NFO,5.000000,9001,False
97186,HDFCAMC23NOV262400PE,HDFCAMC,23NOV2026,240000.000000,300,OPTSTK,NFO,5.000000,9001,False
152682,TATAELXSI29SEP264400CE,TATAELXSI,29SEP2026,440000.000000,125,OPTSTK,NFO,5.000000,6251,False
152974,TATAPOWER29SEP26310PE,TATAPOWER,29SEP2026,31000.000000,1450,OPTSTK,NFO,5.000000,58001,False
152975,TATAPOWER29SEP26320CE,TATAPOWER,29SEP2026,32000.000000,1450,OPTSTK,NFO,5.000000,58001,False
153212,TATAPOWER29SEP26340PE,TATAPOWER,29SEP2026,34000.000000,1450,OPTSTK,NFO,5.000000,58001,False
97187,HDFCAMC23NOV262500CE,HDFCAMC,23NOV2026,250000.000000,300,OPTSTK,NFO,5.000000,9001,False
97192,HDFCAMC23NOV262700PE,HDFCAMC,23NOV2026,270000.000000,300,OPTSTK,NFO,5.000000,9001,False
97324,HDFCBANK27OCT26670PE,HDFCBANK,27OCT2026,67000.000000,650,OPTSTK,NFO,5.000000,32501,False
97335,HDFCBANK27OCT26790CE,HDFCBANK,27OCT2026,79000.000000,650,OPTSTK,NFO,5.000000,32501,False
153793,TATASTEEL29SEP26155PE,TATASTEEL,29SEP2026,15500.000000,2750,OPTSTK,NFO,1.000000,137501,False
153813,TATASTEEL29SEP26205PE,TATASTEEL,29SEP2026,20500.000000,2750,OPTSTK,NFO,1.000000,137501,False
153820,TATASTEEL29SEP26225CE,TATASTEEL,29SEP2026,22500.000000,2750,OPTSTK,NFO,1.000000,137501,False
153944,TCS29SEP261880CE,TCS,29SEP2026,188000.000000,225,OPTSTK,NFO,5.000000,9001,False
97336,HDFCBANK27OCT26790PE,HDFCBANK,27OCT2026,79000.000000,650,OPTSTK,NFO,5.000000,32501,False
97337,HDFCBANK27OCT26810CE,HDFCBANK,27OCT2026,81000.000000,650,OPTSTK,NFO,5.000000,32501,False
97358,COCHINSHIP29SEP261280PE,COCHINSHIP,29SEP2026,128000.000000,400,OPTSTK,NFO,5.000000,16001,False
97366,COCHINSHIP29SEP261440PE,COCHINSHIP,29SEP2026,144000.000000,400,OPTSTK,NFO,5.000000,16001,False
153948,TCS29SEP261960CE,TCS,29SEP2026,196000.000000,225,OPTSTK,NFO,5.000000,9001,False
153959,TCS29SEP262160PE,TCS,29SEP2026,216000.000000,225,OPTSTK,NFO,5.000000,9001,False
153961,TCS29SEP262200PE,TCS,29SEP2026,220000.000000,225,OPTSTK,NFO,5.000000,9001,False
153968,TCS29SEP262360CE,TCS,29SEP2026,236000.000000,225,OPTSTK,NFO,5.000000,9001,False
97367,COCHINSHIP29SEP261480CE,COCHINSHIP,29SEP2026,148000.000000,400,OPTSTK,NFO,5.000000,16001,False
97376,COCHINSHIP29SEP261640PE,COCHINSHIP,29SEP2026,164000.000000,400,OPTSTK,NFO,5.000000,16001,False
97378,COCHINSHIP29SEP261680PE,COCHINSHIP,29SEP2026,168000.000000,400,OPTSTK,NFO,5.000000,16001,False
97424,HDFCBANK23NOV26600CE,HDFCBANK,23NOV2026,60000.000000,650,OPTSTK,NFO,5.000000,32501,False
153980,TCS29SEP262600CE,TCS,29SEP2026,260000.000000,225,OPTSTK,NFO,5.000000,9001,False
153984,TCS29SEP262720CE,TCS,29SEP2026,272000.000000,225,OPTSTK,NFO,5.000000,9001,False
154071,TECHM29SEP261284PE,TECHM,29SEP2026,128400.000000,600,OPTSTK,NFO,5.000000,18001,False
154258,TIINDIA29SEP262300CE,TIINDIA,29SEP2026,230000.000000,200,OPTSTK,NFO,5.000000,8001,False
97425,HDFCBANK23NOV26600PE,HDFCBANK,23NOV2026,60000.000000,650,OPTSTK,NFO,5.000000,32501,False
97510,NMDC29SEP2677CE,NMDC,29SEP2026,7700.000000,6750,OPTSTK,NFO,1.000000,270001,False
97518,NMDC29SEP2685CE,NMDC,29SEP2026,8500.000000,6750,OPTSTK,NFO,1.000000,270001,False
97535,HDFCBANK23NOV26740PE,HDFCBANK,23NOV2026,74000.000000,650,OPTSTK,NFO,5.000000,32501,False
154268,TIINDIA29SEP262800CE,TIINDIA,29SEP2026,280000.000000,200,OPTSTK,NFO,5.000000,8001,False
154275,TIINDIA29SEP263100PE,TIINDIA,29SEP2026,310000.000000,200,OPTSTK,NFO,5.000000,8001,False
154399,TITAN29SEP264500CE,TITAN,29SEP2026,450000.000000,175,OPTSTK,NFO,5.000000,5251,False
154402,TITAN29SEP264600PE,TITAN,29SEP2026,460000.000000,175,OPTSTK,NFO,5.000000,5251,False
97541,HDFCBANK23NOV26800PE,HDFCBANK,23NOV2026,80000.000000,650,OPTSTK,NFO,5.000000,32501,False
97671,HDFCLIFE27OCT26475PE,HDFCLIFE,27OCT2026,47500.000000,1100,OPTSTK,NFO,5.000000,44001,False
97676,HDFCLIFE27OCT26495CE,HDFCLIFE,27OCT2026,49500.000000,1100,OPTSTK,NFO,5.000000,44001,False
97678,NMDC27OCT2678CE,NMDC,27OCT2026,7800.000000,6750,OPTSTK,NFO,1.000000,270001,False
154410,TITAN29SEP265000PE,TITAN,29SEP2026,500000.000000,175,OPTSTK,NFO,5.000000,5251,False
154599,TMPV29SEP26300PE,TMPV,29SEP2026,30000.000000,1600,OPTSTK,NFO,5.000000,64001,False
154601,TMPV29SEP26310PE,TMPV,29SEP2026,31000.000000,1600,OPTSTK,NFO,5.000000,64001,False
154603,TMPV29SEP26320PE,TMPV,29SEP2026,32000.000000,1600,OPTSTK,NFO,5.000000,64001,False
97687,NMDC27OCT2684CE,NMDC,27OCT2026,8400.000000,6750,OPTSTK,NFO,1.000000,270001,False
97693,NMDC27OCT2690CE,NMDC,27OCT2026,9000.000000,6750,OPTSTK,NFO,1.000000,270001,False
97698,HDFCLIFE27OCT26515CE,HDFCLIFE,27OCT2026,51500.000000,1100,OPTSTK,NFO,5.000000,44001,False
97710,HDFCLIFE27OCT26525PE,HDFCLIFE,27OCT2026,52500.000000,1100,OPTSTK,NFO,5.000000,44001,False
154621,TMPV29SEP26410PE,TMPV,29SEP2026,41000.000000,1600,OPTSTK,NFO,5.000000,64001,False
154756,TORNTPHARM29SEP264900CE,TORNTPHARM,29SEP2026,490000.000000,125,OPTSTK,NFO,5.000000,5001,False
154757,TORNTPHARM29SEP264900PE,TORNTPHARM,29SEP2026,490000.000000,125,OPTSTK,NFO,5.000000,5001,False
154759,TORNTPHARM29SEP265000PE,TORNTPHARM,29SEP2026,500000.000000,125,OPTSTK,NFO,5.000000,5001,False
97711,HDFCLIFE27OCT26535CE,HDFCLIFE,27OCT2026,53500.000000,1100,OPTSTK,NFO,5.000000,44001,False
97712,HDFCLIFE27OCT26535PE,HDFCLIFE,27OCT2026,53500.000000,1100,OPTSTK,NFO,5.000000,44001,False
97717,HDFCLIFE27OCT26555PE,HDFCLIFE,27OCT2026,55500.000000,1100,OPTSTK,NFO,5.000000,44001,False
97718,HDFCLIFE27OCT26565CE,HDFCLIFE,27OCT2026,56500.000000,1100,OPTSTK,NFO,5.000000,44001,False
97793,NTPC29SEP26295PE,NTPC,29SEP2026,29500.000000,1500,OPTSTK,NFO,5.000000,75001,False
97817,COFORGE29SEP261600CE,COFORGE,29SEP2026,160000.000000,475,OPTSTK,NFO,5.000000,14251,False
97820,COFORGE29SEP261640PE,COFORGE,29SEP2026,164000.000000,475,OPTSTK,NFO,5.000000,14251,False
97855,COFORGE29SEP262080CE,COFORGE,29SEP2026,208000.000000,475,OPTSTK,NFO,5.000000,14251,False
154789,TORNTPHARM29SEP265200PE,TORNTPHARM,29SEP2026,520000.000000,125,OPTSTK,NFO,5.000000,5001,False
154963,TRENT29SEP263000PE,TRENT,29SEP2026,300000.000000,225,OPTSTK,NFO,5.000000,9001,False
155209,TVSMOTOR29SEP263700PE,TVSMOTOR,29SEP2026,370000.000000,175,OPTSTK,NFO,5.000000,5251,False
155210,TVSMOTOR29SEP263800CE,TVSMOTOR,29SEP2026,380000.000000,175,OPTSTK,NFO,5.000000,5251,False
97925,NTPC27OCT26290CE,NTPC,27OCT2026,29000.000000,1500,OPTSTK,NFO,5.000000,75001,False
97943,NTPC27OCT26320CE,NTPC,27OCT2026,32000.000000,1500,OPTSTK,NFO,5.000000,75001,False
97945,NTPC27OCT26330CE,NTPC,27OCT2026,33000.000000,1500,OPTSTK,NFO,5.000000,75001,False
97955,NTPC27OCT26340CE,NTPC,27OCT2026,34000.000000,1500,OPTSTK,NFO,5.000000,75001,False
155213,TVSMOTOR29SEP263900PE,TVSMOTOR,29SEP2026,390000.000000,175,OPTSTK,NFO,5.000000,5251,False
155229,TVSMOTOR29SEP265000PE,TVSMOTOR,29SEP2026,500000.000000,175,OPTSTK,NFO,5.000000,5251,False
155449,ULTRACEMCO29SEP2612360PE,ULTRACEMCO,29SEP2026,1236000.000000,50,OPTSTK,NFO,5.000000,2001,False
155599,UNIONBANK29SEP26180PE,UNIONBANK,29SEP2026,18000.000000,4425,OPTSTK,NFO,1.000000,132751,False
97965,NTPC27OCT26350CE,NTPC,27OCT2026,35000.000000,1500,OPTSTK,NFO,5.000000,75001,False
97967,NTPC27OCT26360CE,NTPC,27OCT2026,36000.000000,1500,OPTSTK,NFO,5.000000,75001,False
98009,NYKAA29SEP26305CE,NYKAA,29SEP2026,30500.000000,3125,OPTSTK,NFO,5.000000,93751,False
98011,NYKAA29SEP26315CE,NYKAA,29SEP2026,31500.000000,3125,OPTSTK,NFO,5.000000,93751,False
155640,UNITDSPR29SEP261280CE,UNITDSPR,29SEP2026,128000.000000,400,OPTSTK,NFO,5.000000,16001,False
155647,UNITDSPR29SEP261400PE,UNITDSPR,29SEP2026,140000.000000,400,OPTSTK,NFO,5.000000,16001,False
155649,UNITDSPR29SEP261440PE,UNITDSPR,29SEP2026,144000.000000,400,OPTSTK,NFO,5.000000,16001,False
155750,UNOMINDA29SEP261120CE,UNOMINDA,29SEP2026,112000.000000,550,OPTSTK,NFO,5.000000,22001,False
98018,NYKAA29SEP26345CE,NYKAA,29SEP2026,34500.000000,3125,OPTSTK,NFO,5.000000,93751,False
98139,COLPAL29SEP261680PE,COLPAL,29SEP2026,168000.000000,275,OPTSTK,NFO,5.000000,11001,False
98141,COLPAL29SEP261720PE,COLPAL,29SEP2026,172000.000000,275,OPTSTK,NFO,5.000000,11001,False
98144,COLPAL29SEP261800CE,COLPAL,29SEP2026,180000.000000,275,OPTSTK,NFO,5.000000,11001,False
155754,UNOMINDA29SEP261200CE,UNOMINDA,29SEP2026,120000.000000,550,OPTSTK,NFO,5.000000,22001,False
155762,UNOMINDA29SEP261360CE,UNOMINDA,29SEP2026,136000.000000,550,OPTSTK,NFO,5.000000,22001,False
155809,UPL29SEP26600PE,UPL,29SEP2026,60000.000000,1355,OPTSTK,NFO,5.000000,40651,False
155813,UPL29SEP26640PE,UPL,29SEP2026,64000.000000,1355,OPTSTK,NFO,5.000000,40651,False
98177,COLPAL29SEP262080CE,COLPAL,29SEP2026,208000.000000,275,OPTSTK,NFO,5.000000,11001,False
98194,OBEROIRLTY29SEP261700CE,OBEROIRLTY,29SEP2026,170000.000000,350,OPTSTK,NFO,5.000000,14001,False
98217,HDFCLIFE23NOV26450PE,HDFCLIFE,23NOV2026,45000.000000,1100,OPTSTK,NFO,5.000000,44001,False
98238,HDFCLIFE23NOV26560CE,HDFCLIFE,23NOV2026,56000.000000,1100,OPTSTK,NFO,5.000000,44001,False
156253,VMM29SEP2685PE,VMM,29SEP2026,8500.000000,4850,OPTSTK,NFO,1.000000,194001,False
155854,VBL29SEP26380CE,VBL,29SEP2026,38000.000000,1275,OPTSTK,NFO,5.000000,51001,False
156090,VEDL29SEP26300CE,VEDL,29SEP2026,30000.000000,1150,OPTSTK,NFO,5.000000,80501,False
156098,VEDL29SEP26340CE,VEDL,29SEP2026,34000.000000,1150,OPTSTK,NFO,5.000000,80501,False
98244,HDFCLIFE23NOV26590CE,HDFCLIFE,23NOV2026,59000.000000,1100,OPTSTK,NFO,5.000000,44001,False
98255,HDFCLIFE23NOV26640PE,HDFCLIFE,23NOV2026,64000.000000,1100,OPTSTK,NFO,5.000000,44001,False
98304,COLPAL29SEP262120CE,COLPAL,29SEP2026,212000.000000,275,OPTSTK,NFO,5.000000,11001,False
98305,COLPAL29SEP262120PE,COLPAL,29SEP2026,212000.000000,275,OPTSTK,NFO,5.000000,11001,False
156268,VMM29SEP26125CE,VMM,29SEP2026,12500.000000,4850,OPTSTK,NFO,1.000000,194001,False
156270,VMM29SEP26130CE,VMM,29SEP2026,13000.000000,4850,OPTSTK,NFO,1.000000,194001,False
156367,VOLTAS29SEP261200PE,VOLTAS,29SEP2026,120000.000000,375,OPTSTK,NFO,5.000000,18751,False
156377,VOLTAS29SEP261400PE,VOLTAS,29SEP2026,140000.000000,375,OPTSTK,NFO,5.000000,18751,False
98307,OBEROIRLTY29SEP261860PE,OBEROIRLTY,29SEP2026,186000.000000,350,OPTSTK,NFO,5.000000,14001,False
98364,HEROMOTOCO27OCT264900CE,HEROMOTOCO,27OCT2026,490000.000000,150,OPTSTK,NFO,5.000000,4501,False
98366,HEROMOTOCO27OCT265100CE,HEROMOTOCO,27OCT2026,510000.000000,150,OPTSTK,NFO,5.000000,4501,False
98381,COLPAL29SEP262400CE,COLPAL,29SEP2026,240000.000000,275,OPTSTK,NFO,5.000000,11001,False
98394,HEROMOTOCO27OCT265300PE,HEROMOTOCO,27OCT2026,530000.000000,150,OPTSTK,NFO,5.000000,4501,False
98402,HEROMOTOCO27OCT266100PE,HEROMOTOCO,27OCT2026,610000.000000,150,OPTSTK,NFO,5.000000,4501,False
98448,OBEROIRLTY27OCT261840PE,OBEROIRLTY,27OCT2026,184000.000000,350,OPTSTK,NFO,5.000000,14001,False
98473,HEROMOTOCO23NOV265800CE,HEROMOTOCO,23NOV2026,580000.000000,150,OPTSTK,NFO,5.000000,4501,False
156465,WAAREEENER29SEP262100PE,WAAREEENER,29SEP2026,210000.000000,175,OPTSTK,NFO,5.000000,8751,False
156468,WAAREEENER29SEP262300CE,WAAREEENER,29SEP2026,230000.000000,175,OPTSTK,NFO,5.000000,8751,False
156481,WAAREEENER29SEP262900PE,WAAREEENER,29SEP2026,290000.000000,175,OPTSTK,NFO,5.000000,8751,False
156584,WIPRO29SEP26165CE,WIPRO,29SEP2026,16500.000000,3000,OPTSTK,NFO,1.000000,120001,False
98480,HEROMOTOCO23NOV266000PE,HEROMOTOCO,23NOV2026,600000.000000,150,OPTSTK,NFO,5.000000,4501,False
98618,OFSS29SEP2610300CE,OFSS,29SEP2026,1030000.000000,100,OPTSTK,NFO,5.000000,2001,False
98627,OFSS29SEP2610900PE,OFSS,29SEP2026,1090000.000000,100,OPTSTK,NFO,5.000000,2001,False
98630,OFSS29SEP2611300CE,OFSS,29SEP2026,1130000.000000,100,OPTSTK,NFO,5.000000,2001,False
156588,WIPRO29SEP26175CE,WIPRO,29SEP2026,17500.000000,3000,OPTSTK,NFO,1.000000,120001,False
156590,WIPRO29SEP26180CE,WIPRO,29SEP2026,18000.000000,3000,OPTSTK,NFO,1.000000,120001,False
156661,YESBANK29SEP2624PE,YESBANK,29SEP2026,2400.000000,31100,OPTSTK,NFO,1.000000,933001,False
156664,YESBANK29SEP2628CE,YESBANK,29SEP2026,2800.000000,31100,OPTSTK,NFO,1.000000,933001,False
98637,OFSS29SEP2611900PE,OFSS,29SEP2026,1190000.000000,100,OPTSTK,NFO,5.000000,2001,False
98642,OFSS29SEP2612300CE,OFSS,29SEP2026,1230000.000000,100,OPTSTK,NFO,5.000000,2001,False
98685,OFSS29SEP2613300PE,OFSS,29SEP2026,1330000.000000,100,OPTSTK,NFO,5.000000,2001,False
98703,CONCOR29SEP26420PE,CONCOR,29SEP2026,42000.000000,1250,OPTSTK,NFO,5.000000,50001,False
156819,ZYDUSLIFE29SEP261000PE,ZYDUSLIFE,29SEP2026,100000.000000,900,OPTSTK,NFO,5.000000,27001,False
156822,ZYDUSLIFE29SEP261040CE,ZYDUSLIFE,29SEP2026,104000.000000,900,OPTSTK,NFO,5.000000,27001,False
156825,ZYDUSLIFE29SEP261060PE,ZYDUSLIFE,29SEP2026,106000.000000,900,OPTSTK,NFO,5.000000,27001,False
156839,ZYDUSLIFE29SEP261200PE,ZYDUSLIFE,29SEP2026,120000.000000,900,OPTSTK,NFO,5.000000,27001,False
35246,ADANIENSOL27OCT261160CE,ADANIENSOL,27OCT2026,116000.000000,675,OPTSTK,NFO,5.000000,13501,False
35312,BOSCHLTD29SEP2653000CE,BOSCHLTD,29SEP2026,5300000.000000,25,OPTSTK,NFO,5.000000,501,False
98732,CONCOR29SEP26460CE,CONCOR,29SEP2026,46000.000000,1250,OPTSTK,NFO,5.000000,50001,False
98745,CONCOR29SEP26490PE,CONCOR,29SEP2026,49000.000000,1250,OPTSTK,NFO,5.000000,50001,False
98749,HINDALCO23NOV26920PE,HINDALCO,23NOV2026,92000.000000,700,OPTSTK,NFO,5.000000,21001,False
98763,CONCOR29SEP26550PE,CONCOR,29SEP2026,55000.000000,1250,OPTSTK,NFO,5.000000,50001,False
156841,ZYDUSLIFE29SEP261220PE,ZYDUSLIFE,29SEP2026,122000.000000,900,OPTSTK,NFO,5.000000,27001,False
156843,ZYDUSLIFE29SEP261240PE,ZYDUSLIFE,29SEP2026,124000.000000,900,OPTSTK,NFO,5.000000,27001,False
98769,CONCOR29SEP26570PE,CONCOR,29SEP2026,57000.000000,1250,OPTSTK,NFO,5.000000,50001,False
98802,HINDALCO23NOV261200CE,HINDALCO,23NOV2026,120000.000000,700,OPTSTK,NFO,5.000000,21001,False
98835,HINDPETRO27OCT26390PE,HINDPETRO,27OCT2026,39000.000000,2025,OPTSTK,NFO,5.000000,60751,False
98868,CROMPTON29SEP26210CE,CROMPTON,29SEP2026,21000.000000,2150,OPTSTK,NFO,1.000000,86001,False
35352,NIFTY27JUN2830000CE,NIFTY,27JUN2028,3000000.000000,65,OPTIDX,NFO,5.000000,1801,False
35594,DIVISLAB29SEP269700CE,DIVISLAB,29SEP2026,970000.000000,100,OPTSTK,NFO,5.000000,3001,False
35674,ETERNAL29SEP26370CE,ETERNAL,29SEP2026,37000.000000,2425,OPTSTK,NFO,5.000000,72751,False
35706,GLENMARK27OCT262840CE,GLENMARK,27OCT2026,284000.000000,375,OPTSTK,NFO,5.000000,11251,False
98869,CROMPTON29SEP26210PE,CROMPTON,29SEP2026,21000.000000,2150,OPTSTK,NFO,1.000000,86001,False
98909,OFSS27OCT2610200CE,OFSS,27OCT2026,1020000.000000,100,OPTSTK,NFO,5.000000,2001,False
98915,OFSS27OCT2610800CE,OFSS,27OCT2026,1080000.000000,100,OPTSTK,NFO,5.000000,2001,False
98957,CROMPTON29SEP26310PE,CROMPTON,29SEP2026,31000.000000,2150,OPTSTK,NFO,1.000000,86001,False
36186,KAYNES27OCT264300CE,KAYNES,27OCT2026,430000.000000,150,OPTSTK,NFO,5.000000,6001,False
36353,PAYTM29SEP261560PE,PAYTM,29SEP2026,156000.000000,725,OPTSTK,NFO,5.000000,14501,False
36483,PAYTM29SEP261700CE,PAYTM,29SEP2026,170000.000000,725,OPTSTK,NFO,5.000000,14501,False
36661,GODREJPROP29SEP261580PE,GODREJPROP,29SEP2026,158000.000000,325,OPTSTK,NFO,5.000000,13001,False
98967,HINDPETRO23NOV26280CE,HINDPETRO,23NOV2026,28000.000000,2025,OPTSTK,NFO,5.000000,60751,False
98975,OFSS27OCT2612800CE,OFSS,27OCT2026,1280000.000000,100,OPTSTK,NFO,5.000000,2001,False
98976,OFSS27OCT2612800PE,OFSS,27OCT2026,1280000.000000,100,OPTSTK,NFO,5.000000,2001,False
98996,HINDPETRO23NOV26320PE,HINDPETRO,23NOV2026,32000.000000,2025,OPTSTK,NFO,5.000000,60751,False
36684,GODREJPROP27OCT261640CE,GODREJPROP,27OCT2026,164000.000000,325,OPTSTK,NFO,5.000000,13001,False
36685,GODREJPROP27OCT261640PE,GODREJPROP,27OCT2026,164000.000000,325,OPTSTK,NFO,5.000000,13001,False
37108,HCLTECH29SEP261420PE,HCLTECH,29SEP2026,142000.000000,400,OPTSTK,NFO,5.000000,20001,False
37383,JUBLFOOD29SEP26550PE,JUBLFOOD,29SEP2026,55000.000000,1250,OPTSTK,NFO,5.000000,50001,False
99003,HINDPETRO23NOV26380CE,HINDPETRO,23NOV2026,38000.000000,2025,OPTSTK,NFO,5.000000,60751,False
99006,OFSS27OCT2613800PE,OFSS,27OCT2026,1380000.000000,100,OPTSTK,NFO,5.000000,2001,False
99014,HINDPETRO23NOV26400PE,HINDPETRO,23NOV2026,40000.000000,2025,OPTSTK,NFO,5.000000,60751,False
99094,CUMMINSIND29SEP266000CE,CUMMINSIND,29SEP2026,600000.000000,200,OPTSTK,NFO,5.000000,4001,False
37425,LAURUSLABS29SEP261880CE,LAURUSLABS,29SEP2026,188000.000000,850,OPTSTK,NFO,5.000000,17001,False
37460,LTM29SEP264900CE,LTM,29SEP2026,490000.000000,150,OPTSTK,NFO,5.000000,6001,False
37806,NIFTY29DEC2623000CE,NIFTY,29DEC2026,2300000.000000,65,OPTIDX,NFO,5.000000,1801,False
38028,ULTRACEMCO29SEP269600PE,ULTRACEMCO,29SEP2026,960000.000000,50,OPTSTK,NFO,5.000000,2001,False
99124,OIL29SEP26475CE,OIL,29SEP2026,47500.000000,1400,OPTSTK,NFO,5.000000,56001,False
99140,OIL29SEP26495CE,OIL,29SEP2026,49500.000000,1400,OPTSTK,NFO,5.000000,56001,False
99142,OIL29SEP26505CE,OIL,29SEP2026,50500.000000,1400,OPTSTK,NFO,5.000000,56001,False
99149,OIL29SEP26515PE,OIL,29SEP2026,51500.000000,1400,OPTSTK,NFO,5.000000,56001,False
38081,ULTRACEMCO29SEP2610800CE,ULTRACEMCO,29SEP2026,1080000.000000,50,OPTSTK,NFO,5.000000,2001,False
38085,ULTRACEMCO29SEP2611000CE,ULTRACEMCO,29SEP2026,1100000.000000,50,OPTSTK,NFO,5.000000,2001,False
38087,ULTRACEMCO29SEP2611000PE,ULTRACEMCO,29SEP2026,1100000.000000,50,OPTSTK,NFO,5.000000,2001,False
38105,ULTRACEMCO29SEP2611600CE,ULTRACEMCO,29SEP2026,1160000.000000,50,OPTSTK,NFO,5.000000,2001,False
99194,HINDUNILVR27OCT261820CE,HINDUNILVR,27OCT2026,182000.000000,300,OPTSTK,NFO,5.000000,12001,False
99212,HINDUNILVR27OCT261860PE,HINDUNILVR,27OCT2026,186000.000000,300,OPTSTK,NFO,5.000000,12001,False
99271,OIL27OCT26440PE,OIL,27OCT2026,44000.000000,1400,OPTSTK,NFO,5.000000,56001,False
99272,OIL27OCT26450CE,OIL,27OCT2026,45000.000000,1400,OPTSTK,NFO,5.000000,56001,False
38120,ULTRACEMCO29SEP2611900PE,ULTRACEMCO,29SEP2026,1190000.000000,50,OPTSTK,NFO,5.000000,2001,False
38145,ULTRACEMCO29SEP2612700PE,ULTRACEMCO,29SEP2026,1270000.000000,50,OPTSTK,NFO,5.000000,2001,False
38154,ULTRACEMCO29SEP2613200CE,ULTRACEMCO,29SEP2026,1320000.000000,50,OPTSTK,NFO,5.000000,2001,False
38159,NIFTY29DEC2629000PE,NIFTY,29DEC2026,2900000.000000,65,OPTIDX,NFO,5.000000,1801,False
99273,OIL27OCT26450PE,OIL,27OCT2026,45000.000000,1400,OPTSTK,NFO,5.000000,56001,False
99276,OIL27OCT26470CE,OIL,27OCT2026,47000.000000,1400,OPTSTK,NFO,5.000000,56001,False
99279,OIL27OCT26480CE,OIL,27OCT2026,48000.000000,1400,OPTSTK,NFO,5.000000,56001,False
99290,DABUR29SEP26340CE,DABUR,29SEP2026,34000.000000,1250,OPTSTK,NFO,5.000000,50001,False
38179,ULTRACEMCO29SEP2613800CE,ULTRACEMCO,29SEP2026,1380000.000000,50,OPTSTK,NFO,5.000000,2001,False
38197,BAJAJFINSV29SEP262360PE,BAJAJFINSV,29SEP2026,236000.000000,300,OPTSTK,NFO,5.000000,12001,False
38300,ULTRACEMCO27OCT269600PE,ULTRACEMCO,27OCT2026,960000.000000,50,OPTSTK,NFO,5.000000,2001,False
38314,ULTRACEMCO27OCT2610800CE,ULTRACEMCO,27OCT2026,1080000.000000,50,OPTSTK,NFO,5.000000,2001,False
99295,DABUR29SEP26350PE,DABUR,29SEP2026,35000.000000,1250,OPTSTK,NFO,5.000000,50001,False
99313,DABUR29SEP26440PE,DABUR,29SEP2026,44000.000000,1250,OPTSTK,NFO,5.000000,50001,False
99316,DABUR29SEP26460CE,DABUR,29SEP2026,46000.000000,1250,OPTSTK,NFO,5.000000,50001,False
99324,DABUR29SEP26500CE,DABUR,29SEP2026,50000.000000,1250,OPTSTK,NFO,5.000000,50001,False
38315,ULTRACEMCO27OCT2610800PE,ULTRACEMCO,27OCT2026,1080000.000000,50,OPTSTK,NFO,5.000000,2001,False
38326,ULTRACEMCO27OCT2611800PE,ULTRACEMCO,27OCT2026,1180000.000000,50,OPTSTK,NFO,5.000000,2001,False
38370,ULTRACEMCO27OCT2613600PE,ULTRACEMCO,27OCT2026,1360000.000000,50,OPTSTK,NFO,5.000000,2001,False
39037,DIVISLAB29SEP2610100PE,DIVISLAB,29SEP2026,1010000.000000,100,OPTSTK,NFO,5.000000,3001,False
99340,OIL27OCT26550CE,OIL,27OCT2026,55000.000000,1400,OPTSTK,NFO,5.000000,56001,False
99372,HINDUNILVR27OCT262020CE,HINDUNILVR,27OCT2026,202000.000000,300,OPTSTK,NFO,5.000000,12001,False
99380,HINDUNILVR27OCT262100PE,HINDUNILVR,27OCT2026,210000.000000,300,OPTSTK,NFO,5.000000,12001,False
99420,ONGC29SEP26252.5PE,ONGC,29SEP2026,25250.000000,2250,OPTSTK,NFO,1.000000,90001,False
39570,TECHM29SEP261440CE,TECHM,29SEP2026,144000.000000,600,OPTSTK,NFO,5.000000,18001,False
40451,APLAPOLLO27OCT262520PE,APLAPOLLO,27OCT2026,252000.000000,350,OPTSTK,NFO,5.000000,10501,False
40663,NIFTY06OCT2621900CE,NIFTY,06OCT2026,2190000.000000,65,OPTIDX,NFO,5.000000,1801,False
40676,NIFTY06OCT2622200PE,NIFTY,06OCT2026,2220000.000000,65,OPTIDX,NFO,5.000000,1801,False
99531,HINDUNILVR23NOV261600PE,HINDUNILVR,23NOV2026,160000.000000,300,OPTSTK,NFO,5.000000,12001,False
99563,ONGC27OCT26195PE,ONGC,27OCT2026,19500.000000,2250,OPTSTK,NFO,1.000000,90001,False
99582,ONGC27OCT26205PE,ONGC,27OCT2026,20500.000000,2250,OPTSTK,NFO,1.000000,90001,False
99591,ONGC27OCT26220PE,ONGC,27OCT2026,22000.000000,2250,OPTSTK,NFO,1.000000,90001,False
40687,NIFTY06OCT2622400CE,NIFTY,06OCT2026,2240000.000000,65,OPTIDX,NFO,5.000000,1801,False
40689,NIFTY06OCT2622450CE,NIFTY,06OCT2026,2245000.000000,65,OPTIDX,NFO,5.000000,1801,False
40698,NIFTY06OCT2622500PE,NIFTY,06OCT2026,2250000.000000,65,OPTIDX,NFO,5.000000,1801,False
40720,NIFTY06OCT2622850PE,NIFTY,06OCT2026,2285000.000000,65,OPTIDX,NFO,5.000000,1801,False
99598,ONGC27OCT26240CE,ONGC,27OCT2026,24000.000000,2250,OPTSTK,NFO,1.000000,90001,False
99608,ONGC27OCT26245PE,ONGC,27OCT2026,24500.000000,2250,OPTSTK,NFO,1.000000,90001,False
99741,PAGEIND29SEP2632500CE,PAGEIND,29SEP2026,3250000.000000,20,OPTSTK,NFO,5.000000,601,False
99748,DELHIVERY29SEP26380CE,DELHIVERY,29SEP2026,38000.000000,2075,OPTSTK,NFO,5.000000,62251,False
40731,NIFTY06OCT2623000CE,NIFTY,06OCT2026,2300000.000000,65,OPTIDX,NFO,5.000000,1801,False
40735,NIFTY06OCT2623050CE,NIFTY,06OCT2026,2305000.000000,65,OPTIDX,NFO,5.000000,1801,False
40741,NIFTY06OCT2623100CE,NIFTY,06OCT2026,2310000.000000,65,OPTIDX,NFO,5.000000,1801,False
40758,NIFTY06OCT2623450PE,NIFTY,06OCT2026,2345000.000000,65,OPTIDX,NFO,5.000000,1801,False
99755,PAGEIND29SEP2633500CE,PAGEIND,29SEP2026,3350000.000000,20,OPTSTK,NFO,5.000000,601,False
99758,PAGEIND29SEP2634500PE,PAGEIND,29SEP2026,3450000.000000,20,OPTSTK,NFO,5.000000,601,False
99768,DELHIVERY29SEP26410PE,DELHIVERY,29SEP2026,41000.000000,2075,OPTSTK,NFO,5.000000,62251,False
99801,PAGEIND29SEP2638500CE,PAGEIND,29SEP2026,3850000.000000,20,OPTSTK,NFO,5.000000,601,False
40769,NIFTY06OCT2623700CE,NIFTY,06OCT2026,2370000.000000,65,OPTIDX,NFO,5.000000,1801,False
40790,NIFTY06OCT2623900PE,NIFTY,06OCT2026,2390000.000000,65,OPTIDX,NFO,5.000000,1801,False
40791,NIFTY06OCT2623950CE,NIFTY,06OCT2026,2395000.000000,65,OPTIDX,NFO,5.000000,1801,False
40794,NIFTY06OCT2624000PE,NIFTY,06OCT2026,2400000.000000,65,OPTIDX,NFO,5.000000,1801,False
99805,PAGEIND29SEP2639500CE,PAGEIND,29SEP2026,3950000.000000,20,OPTSTK,NFO,5.000000,601,False
99817,DELHIVERY29SEP26450PE,DELHIVERY,29SEP2026,45000.000000,2075,OPTSTK,NFO,5.000000,62251,False
99825,DELHIVERY29SEP26470PE,DELHIVERY,29SEP2026,47000.000000,2075,OPTSTK,NFO,5.000000,62251,False
99830,DELHIVERY29SEP26500CE,DELHIVERY,29SEP2026,50000.000000,2075,OPTSTK,NFO,5.000000,62251,False
40802,NIFTY06OCT2624050PE,NIFTY,06OCT2026,2405000.000000,65,OPTIDX,NFO,5.000000,1801,False
40845,NIFTY06OCT2624700PE,NIFTY,06OCT2026,2470000.000000,65,OPTIDX,NFO,5.000000,1801,False
40871,NIFTY06OCT2625150CE,NIFTY,06OCT2026,2515000.000000,65,OPTIDX,NFO,5.000000,1801,False
40876,NIFTY06OCT2625250PE,NIFTY,06OCT2026,2525000.000000,65,OPTIDX,NFO,5.000000,1801,False
83247,CDSL23NOV261400CE,CDSL,23NOV2026,140000.000000,475,OPTSTK,NFO,5.000000,19001,False
99941,PAGEIND27OCT2633000CE,PAGEIND,27OCT2026,3300000.000000,20,OPTSTK,NFO,5.000000,601,False
99958,PAGEIND27OCT2639000PE,PAGEIND,27OCT2026,3900000.000000,20,OPTSTK,NFO,5.000000,601,False
99996,HINDZINC27OCT26530PE,HINDZINC,27OCT2026,53000.000000,1225,OPTSTK,NFO,5.000000,36751,False
83261,AMBUJACEM29SEP26340PE,AMBUJACEM,29SEP2026,34000.000000,1200,OPTSTK,NFO,5.000000,60001,False
83270,AMBUJACEM29SEP26390CE,AMBUJACEM,29SEP2026,39000.000000,1200,OPTSTK,NFO,5.000000,60001,False
83274,AMBUJACEM29SEP26410CE,AMBUJACEM,29SEP2026,41000.000000,1200,OPTSTK,NFO,5.000000,60001,False
83283,AMBUJACEM29SEP26450PE,AMBUJACEM,29SEP2026,45000.000000,1200,OPTSTK,NFO,5.000000,60001,False
40880,NIFTY06OCT2625350PE,NIFTY,06OCT2026,2535000.000000,65,OPTIDX,NFO,5.000000,1801,False
40884,NIFTY06OCT2625450PE,NIFTY,06OCT2026,2545000.000000,65,OPTIDX,NFO,5.000000,1801,False
40893,NIFTY06OCT2625650PE,NIFTY,06OCT2026,2565000.000000,65,OPTIDX,NFO,5.000000,1801,False
41321,GODREJPROP29SEP261540PE,GODREJPROP,29SEP2026,154000.000000,325,OPTSTK,NFO,5.000000,13001,False
41977,PAYTM29SEP261880PE,PAYTM,29SEP2026,188000.000000,725,OPTSTK,NFO,5.000000,14501,False
43133,MPHASIS29SEP262100PE,MPHASIS,29SEP2026,210000.000000,275,OPTSTK,NFO,5.000000,11001,False
43222,GODREJPROP27OCT261560CE,GODREJPROP,27OCT2026,156000.000000,325,OPTSTK,NFO,5.000000,13001,False
43316,COFORGE29SEP262260CE,COFORGE,29SEP2026,226000.000000,475,OPTSTK,NFO,5.000000,14251,False
83286,AMBUJACEM29SEP26470CE,AMBUJACEM,29SEP2026,47000.000000,1200,OPTSTK,NFO,5.000000,60001,False
83287,AMBUJACEM29SEP26470PE,AMBUJACEM,29SEP2026,47000.000000,1200,OPTSTK,NFO,5.000000,60001,False
83291,AMBUJACEM29SEP26490PE,AMBUJACEM,29SEP2026,49000.000000,1200,OPTSTK,NFO,5.000000,60001,False
83330,CDSL23NOV261600CE,CDSL,23NOV2026,160000.000000,475,OPTSTK,NFO,5.000000,19001,False
43622,BOSCHLTD27OCT2655000CE,BOSCHLTD,27OCT2026,5500000.000000,25,OPTSTK,NFO,5.000000,501,False
43909,PAYTM29SEP261920CE,PAYTM,29SEP2026,192000.000000,725,OPTSTK,NFO,5.000000,14501,False
44289,KALYANKJIL29SEP26660CE,KALYANKJIL,29SEP2026,66000.000000,1350,OPTSTK,NFO,5.000000,40501,False
44397,PAYTM29SEP261720PE,PAYTM,29SEP2026,172000.000000,725,OPTSTK,NFO,5.000000,14501,False
83367,INFY29SEP26980PE,INFY,29SEP2026,98000.000000,400,OPTSTK,NFO,5.000000,20001,False
83394,CGPOWER27OCT26860PE,CGPOWER,27OCT2026,86000.000000,850,OPTSTK,NFO,5.000000,25501,False
83444,INFY27OCT26960PE,INFY,27OCT2026,96000.000000,400,OPTSTK,NFO,5.000000,20001,False
83457,INFY27OCT261160CE,INFY,27OCT2026,116000.000000,400,OPTSTK,NFO,5.000000,20001,False
83461,CGPOWER23NOV26920CE,CGPOWER,23NOV2026,92000.000000,850,OPTSTK,NFO,5.000000,25501,False
83473,CGPOWER23NOV261040PE,CGPOWER,23NOV2026,104000.000000,850,OPTSTK,NFO,5.000000,25501,False
83587,INOXWIND29SEP2667.5PE,INOXWIND,29SEP2026,6750.000000,6400,OPTSTK,NFO,1.000000,256001,False
83602,INOXWIND29SEP2677.5PE,INOXWIND,29SEP2026,7750.000000,6400,OPTSTK,NFO,1.000000,256001,False
44556,NIFTY13OCT2621650CE,NIFTY,13OCT2026,2165000.000000,65,OPTIDX,NFO,5.000000,1801,False
44563,NIFTY13OCT2621750PE,NIFTY,13OCT2026,2175000.000000,65,OPTIDX,NFO,5.000000,1801,False
44572,NIFTY13OCT2622000CE,NIFTY,13OCT2026,2200000.000000,65,OPTIDX,NFO,5.000000,1801,False
44616,NIFTY13OCT2622600CE,NIFTY,13OCT2026,2260000.000000,65,OPTIDX,NFO,5.000000,1801,False
83612,INOXWIND29SEP2682.5PE,INOXWIND,29SEP2026,8250.000000,6400,OPTSTK,NFO,1.000000,256001,False
83664,CHOLAFIN27OCT261860CE,CHOLAFIN,27OCT2026,186000.000000,625,OPTSTK,NFO,5.000000,12501,False
83665,CHOLAFIN27OCT261860PE,CHOLAFIN,27OCT2026,186000.000000,625,OPTSTK,NFO,5.000000,12501,False
83740,CHOLAFIN23NOV261640CE,CHOLAFIN,23NOV2026,164000.000000,625,OPTSTK,NFO,5.000000,12501,False
44642,KALYANKJIL29SEP26680PE,KALYANKJIL,29SEP2026,68000.000000,1350,OPTSTK,NFO,5.000000,40501,False
44643,KALYANKJIL29SEP26700CE,KALYANKJIL,29SEP2026,70000.000000,1350,OPTSTK,NFO,5.000000,40501,False
44661,NIFTY13OCT2623400PE,NIFTY,13OCT2026,2340000.000000,65,OPTIDX,NFO,5.000000,1801,False
44739,NIFTY13OCT2624300PE,NIFTY,13OCT2026,2430000.000000,65,OPTIDX,NFO,5.000000,1801,False
83823,ANGELONE29SEP26290PE,ANGELONE,29SEP2026,29000.000000,2500,OPTSTK,NFO,5.000000,75001,False
83830,ANGELONE29SEP26330CE,ANGELONE,29SEP2026,33000.000000,2500,OPTSTK,NFO,5.000000,75001,False
83893,CIPLA27OCT261310PE,CIPLA,27OCT2026,131000.000000,425,OPTSTK,NFO,5.000000,17001,False
83838,ANGELONE29SEP26360PE,ANGELONE,29SEP2026,36000.000000,2500,OPTSTK,NFO,5.000000,75001,False
44757,NIFTY13OCT2624550PE,NIFTY,13OCT2026,2455000.000000,65,OPTIDX,NFO,5.000000,1801,False
44759,NIFTY13OCT2624600PE,NIFTY,13OCT2026,2460000.000000,65,OPTIDX,NFO,5.000000,1801,False
44762,NIFTY13OCT2624700CE,NIFTY,13OCT2026,2470000.000000,65,OPTIDX,NFO,5.000000,1801,False
44769,NIFTY13OCT2624850PE,NIFTY,13OCT2026,2485000.000000,65,OPTIDX,NFO,5.000000,1801,False
83894,CIPLA27OCT261330CE,CIPLA,27OCT2026,133000.000000,425,OPTSTK,NFO,5.000000,17001,False
83897,CIPLA27OCT261350PE,CIPLA,27OCT2026,135000.000000,425,OPTSTK,NFO,5.000000,17001,False
83988,IOC29SEP26152.5CE,IOC,29SEP2026,15250.000000,4875,OPTSTK,NFO,1.000000,195001,False
84199,APLAPOLLO29SEP261920CE,APLAPOLLO,29SEP2026,192000.000000,350,OPTSTK,NFO,5.000000,10501,False
44770,NIFTY13OCT2624900CE,NIFTY,13OCT2026,2490000.000000,65,OPTIDX,NFO,5.000000,1801,False
44771,TCS29SEP262760CE,TCS,29SEP2026,276000.000000,225,OPTSTK,NFO,5.000000,9001,False
44791,NIFTY13OCT2625250PE,NIFTY,13OCT2026,2525000.000000,65,OPTIDX,NFO,5.000000,1801,False
45471,DIVISLAB29SEP269000PE,DIVISLAB,29SEP2026,900000.000000,100,OPTSTK,NFO,5.000000,3001,False
84200,APLAPOLLO29SEP261920PE,APLAPOLLO,29SEP2026,192000.000000,350,OPTSTK,NFO,5.000000,10501,False
84207,APLAPOLLO29SEP262080CE,APLAPOLLO,29SEP2026,208000.000000,350,OPTSTK,NFO,5.000000,10501,False
84208,CIPLA23NOV261200PE,CIPLA,23NOV2026,120000.000000,425,OPTSTK,NFO,5.000000,17001,False
84215,CIPLA23NOV261260CE,CIPLA,23NOV2026,126000.000000,425,OPTSTK,NFO,5.000000,17001,False
46004,INDUSTOWER29SEP26310PE,INDUSTOWER,29SEP2026,31000.000000,1700,OPTSTK,NFO,5.000000,68001,False
46012,INDUSTOWER29SEP26330CE,INDUSTOWER,29SEP2026,33000.000000,1700,OPTSTK,NFO,5.000000,68001,False
46014,INDUSTOWER29SEP26335CE,INDUSTOWER,29SEP2026,33500.000000,1700,OPTSTK,NFO,5.000000,68001,False
46048,INDUSTOWER29SEP26355PE,INDUSTOWER,29SEP2026,35500.000000,1700,OPTSTK,NFO,5.000000,68001,False
84217,CIPLA23NOV261280CE,CIPLA,23NOV2026,128000.000000,425,OPTSTK,NFO,5.000000,17001,False
84221,APLAPOLLO29SEP262160CE,APLAPOLLO,29SEP2026,216000.000000,350,OPTSTK,NFO,5.000000,10501,False
84236,APLAPOLLO29SEP262360PE,APLAPOLLO,29SEP2026,236000.000000,350,OPTSTK,NFO,5.000000,10501,False
84237,APLAPOLLO29SEP262400CE,APLAPOLLO,29SEP2026,240000.000000,350,OPTSTK,NFO,5.000000,10501,False
46049,INDUSTOWER29SEP26360CE,INDUSTOWER,29SEP2026,36000.000000,1700,OPTSTK,NFO,5.000000,68001,False
46092,INDUSTOWER29SEP26450PE,INDUSTOWER,29SEP2026,45000.000000,1700,OPTSTK,NFO,5.000000,68001,False
46190,INDUSTOWER27OCT26320CE,INDUSTOWER,27OCT2026,32000.000000,1700,OPTSTK,NFO,5.000000,68001,False
46215,INDUSTOWER27OCT26410CE,INDUSTOWER,27OCT2026,41000.000000,1700,OPTSTK,NFO,5.000000,68001,False
84244,CIPLA23NOV261380PE,CIPLA,23NOV2026,138000.000000,425,OPTSTK,NFO,5.000000,17001,False
84259,CIPLA23NOV261540CE,CIPLA,23NOV2026,154000.000000,425,OPTSTK,NFO,5.000000,17001,False
84271,CIPLA23NOV261600PE,CIPLA,23NOV2026,160000.000000,425,OPTSTK,NFO,5.000000,17001,False
84277,IOC27OCT26135CE,IOC,27OCT2026,13500.000000,4875,OPTSTK,NFO,1.000000,195001,False
46221,INDUSTOWER27OCT26430CE,INDUSTOWER,27OCT2026,43000.000000,1700,OPTSTK,NFO,5.000000,68001,False
46228,INDUSTOWER27OCT26440PE,INDUSTOWER,27OCT2026,44000.000000,1700,OPTSTK,NFO,5.000000,68001,False
46361,MCX29SEP263650CE,MCX,29SEP2026,365000.000000,225,OPTSTK,NFO,5.000000,6751,False
46458,PAYTM29SEP261860CE,PAYTM,29SEP2026,186000.000000,725,OPTSTK,NFO,5.000000,14501,False
84278,IOC27OCT26135PE,IOC,27OCT2026,13500.000000,4875,OPTSTK,NFO,1.000000,195001,False
84284,IOC27OCT26150PE,IOC,27OCT2026,15000.000000,4875,OPTSTK,NFO,1.000000,195001,False
84285,IOC27OCT26155CE,IOC,27OCT2026,15500.000000,4875,OPTSTK,NFO,1.000000,195001,False
84316,IREDA29SEP26102.5PE,IREDA,29SEP2026,10250.000000,4525,OPTSTK,NFO,1.000000,181001,False
46465,PAYTM29SEP261940PE,PAYTM,29SEP2026,194000.000000,725,OPTSTK,NFO,5.000000,14501,False
46479,PAYTM29SEP262080PE,PAYTM,29SEP2026,208000.000000,725,OPTSTK,NFO,5.000000,14501,False
47193,NIFTY29JUN2733000PE,NIFTY,29JUN2027,3300000.000000,65,OPTIDX,NFO,5.000000,1801,False
47224,NIFTY15SEP2622100CE,NIFTY,15SEP2026,2210000.000000,65,OPTIDX,NFO,5.000000,1801,False
47243,NIFTY15SEP2622250PE,NIFTY,15SEP2026,2225000.000000,65,OPTIDX,NFO,5.000000,1801,False
47268,NIFTY15SEP2622750PE,NIFTY,15SEP2026,2275000.000000,65,OPTIDX,NFO,5.000000,1801,False
47271,NIFTY15SEP2622850CE,NIFTY,15SEP2026,2285000.000000,65,OPTIDX,NFO,5.000000,1801,False
47272,NIFTY15SEP2622850PE,NIFTY,15SEP2026,2285000.000000,65,OPTIDX,NFO,5.000000,1801,False
84319,IREDA29SEP26112.5CE,IREDA,29SEP2026,11250.000000,4525,OPTSTK,NFO,1.000000,181001,False
84321,IREDA29SEP26117.5CE,IREDA,29SEP2026,11750.000000,4525,OPTSTK,NFO,1.000000,181001,False
84323,IREDA29SEP26122.5CE,IREDA,29SEP2026,12250.000000,4525,OPTSTK,NFO,1.000000,181001,False
84402,COALINDIA27OCT26355CE,COALINDIA,27OCT2026,35500.000000,1350,OPTSTK,NFO,5.000000,54001,False
47279,NIFTY15SEP2623050CE,NIFTY,15SEP2026,2305000.000000,65,OPTIDX,NFO,5.000000,1801,False
47284,NIFTY15SEP2623150PE,NIFTY,15SEP2026,2315000.000000,65,OPTIDX,NFO,5.000000,1801,False
47292,NIFTY15SEP2623350PE,NIFTY,15SEP2026,2335000.000000,65,OPTIDX,NFO,5.000000,1801,False
47298,NIFTY15SEP2623500PE,NIFTY,15SEP2026,2350000.000000,65,OPTIDX,NFO,5.000000,1801,False
84406,COALINDIA27OCT26375CE,COALINDIA,27OCT2026,37500.000000,1350,OPTSTK,NFO,5.000000,54001,False
84418,COALINDIA27OCT26405CE,COALINDIA,27OCT2026,40500.000000,1350,OPTSTK,NFO,5.000000,54001,False
84430,COALINDIA27OCT26465CE,COALINDIA,27OCT2026,46500.000000,1350,OPTSTK,NFO,5.000000,54001,False
84502,APOLLOHOSP29SEP267400CE,APOLLOHOSP,29SEP2026,740000.000000,125,OPTSTK,NFO,5.000000,2501,False
47304,NIFTY15SEP2623650PE,NIFTY,15SEP2026,2365000.000000,65,OPTIDX,NFO,5.000000,1801,False
47306,NIFTY15SEP2623700PE,NIFTY,15SEP2026,2370000.000000,65,OPTIDX,NFO,5.000000,1801,False
47309,NIFTY15SEP2623800CE,NIFTY,15SEP2026,2380000.000000,65,OPTIDX,NFO,5.000000,1801,False
47321,NIFTY15SEP2624050CE,NIFTY,15SEP2026,2405000.000000,65,OPTIDX,NFO,5.000000,1801,False
84531,IREDA27OCT26115CE,IREDA,27OCT2026,11500.000000,4525,OPTSTK,NFO,1.000000,181001,False
84536,IREDA27OCT26125CE,IREDA,27OCT2026,12500.000000,4525,OPTSTK,NFO,1.000000,181001,False
84542,IREDA27OCT26140CE,IREDA,27OCT2026,14000.000000,4525,OPTSTK,NFO,1.000000,181001,False
84562,APOLLOHOSP29SEP268600PE,APOLLOHOSP,29SEP2026,860000.000000,125,OPTSTK,NFO,5.000000,2501,False
84723,IRFC29SEP2673CE,IRFC,29SEP2026,7300.000000,5425,OPTSTK,NFO,1.000000,271251,False
84733,COALINDIA23NOV26360CE,COALINDIA,23NOV2026,36000.000000,1350,OPTSTK,NFO,5.000000,54001,False
84741,COALINDIA23NOV26390CE,COALINDIA,23NOV2026,39000.000000,1350,OPTSTK,NFO,5.000000,54001,False
84742,COALINDIA23NOV26390PE,COALINDIA,23NOV2026,39000.000000,1350,OPTSTK,NFO,5.000000,54001,False
47435,NIFTY15SEP2626050CE,NIFTY,15SEP2026,2605000.000000,65,OPTIDX,NFO,5.000000,1801,False
47440,NIFTY15SEP2626150PE,NIFTY,15SEP2026,2615000.000000,65,OPTIDX,NFO,5.000000,1801,False
47630,BAJAJ-AUTO29SEP2613800CE,BAJAJ-AUTO,29SEP2026,1380000.000000,75,OPTSTK,NFO,5.000000,2251,False
48305,NIFTYFPI29SEP261360PE,NIFTYFPI,29SEP2026,136000.000000,1100,OPTIDX,NFO,5.000000,8501,False
84747,IRFC29SEP2677CE,IRFC,29SEP2026,7700.000000,5425,OPTSTK,NFO,1.000000,271251,False
84750,IRFC29SEP2679CE,IRFC,29SEP2026,7900.000000,5425,OPTSTK,NFO,1.000000,271251,False
84752,IRFC29SEP2681CE,IRFC,29SEP2026,8100.000000,5425,OPTSTK,NFO,1.000000,271251,False
84753,IRFC29SEP2681PE,IRFC,29SEP2026,8100.000000,5425,OPTSTK,NFO,1.000000,271251,False
48325,NIFTYFPI29SEP261400PE,NIFTYFPI,29SEP2026,140000.000000,1100,OPTIDX,NFO,5.000000,8501,False
48343,NIFTYFPI29SEP261440PE,NIFTYFPI,29SEP2026,144000.000000,1100,OPTIDX,NFO,5.000000,8501,False
48346,NIFTYFPI29SEP261445CE,NIFTYFPI,29SEP2026,144500.000000,1100,OPTIDX,NFO,5.000000,8501,False
48354,NIFTYFPI29SEP261460CE,NIFTYFPI,29SEP2026,146000.000000,1100,OPTIDX,NFO,5.000000,8501,False
84765,IRFC29SEP2685CE,IRFC,29SEP2026,8500.000000,5425,OPTSTK,NFO,1.000000,271251,False
84766,ASHOKLEY29SEP26145PE,ASHOKLEY,29SEP2026,14500.000000,5000,OPTSTK,NFO,1.000000,150001,False
84769,IRFC29SEP2687CE,IRFC,29SEP2026,8700.000000,5425,OPTSTK,NFO,1.000000,271251,False
84774,COALINDIA23NOV26430PE,COALINDIA,23NOV2026,43000.000000,1350,OPTSTK,NFO,5.000000,54001,False
48361,NIFTYFPI29SEP261465PE,NIFTYFPI,29SEP2026,146500.000000,1100,OPTIDX,NFO,5.000000,8501,False
48373,NIFTYFPI29SEP261480PE,NIFTYFPI,29SEP2026,148000.000000,1100,OPTIDX,NFO,5.000000,8501,False
48375,NIFTYFPI29SEP261485PE,NIFTYFPI,29SEP2026,148500.000000,1100,OPTIDX,NFO,5.000000,8501,False
48421,NIFTYFPI29SEP261545PE,NIFTYFPI,29SEP2026,154500.000000,1100,OPTIDX,NFO,5.000000,8501,False
84780,COALINDIA23NOV26460PE,COALINDIA,23NOV2026,46000.000000,1350,OPTSTK,NFO,5.000000,54001,False
84787,COALINDIA23NOV26500CE,COALINDIA,23NOV2026,50000.000000,1350,OPTSTK,NFO,5.000000,54001,False
84813,COCHINSHIP27OCT261380CE,COCHINSHIP,27OCT2026,138000.000000,400,OPTSTK,NFO,5.000000,16001,False
84816,COCHINSHIP27OCT261420PE,COCHINSHIP,27OCT2026,142000.000000,400,OPTSTK,NFO,5.000000,16001,False
48422,NIFTYFPI29SEP261550CE,NIFTYFPI,29SEP2026,155000.000000,1100,OPTIDX,NFO,5.000000,8501,False
48424,NIFTYFPI29SEP261555CE,NIFTYFPI,29SEP2026,155500.000000,1100,OPTIDX,NFO,5.000000,8501,False
48430,NIFTYFPI29SEP261570CE,NIFTYFPI,29SEP2026,157000.000000,1100,OPTIDX,NFO,5.000000,8501,False
48433,NIFTYFPI29SEP261575PE,NIFTYFPI,29SEP2026,157500.000000,1100,OPTIDX,NFO,5.000000,8501,False
84818,COCHINSHIP27OCT261460PE,COCHINSHIP,27OCT2026,146000.000000,400,OPTSTK,NFO,5.000000,16001,False
84826,ASHOKLEY29SEP26155CE,ASHOKLEY,29SEP2026,15500.000000,5000,OPTSTK,NFO,1.000000,150001,False
84845,COCHINSHIP27OCT261700CE,COCHINSHIP,27OCT2026,170000.000000,400,OPTSTK,NFO,5.000000,16001,False
84887,COCHINSHIP23NOV261120PE,COCHINSHIP,23NOV2026,112000.000000,400,OPTSTK,NFO,5.000000,16001,False
48465,NIFTYFPI29SEP261615PE,NIFTYFPI,29SEP2026,161500.000000,1100,OPTIDX,NFO,5.000000,8501,False
48469,NIFTYFPI29SEP261625PE,NIFTYFPI,29SEP2026,162500.000000,1100,OPTIDX,NFO,5.000000,8501,False
48472,NIFTYFPI29SEP261635CE,NIFTYFPI,29SEP2026,163500.000000,1100,OPTIDX,NFO,5.000000,8501,False
48474,NIFTYFPI29SEP261640CE,NIFTYFPI,29SEP2026,164000.000000,1100,OPTIDX,NFO,5.000000,8501,False
84903,COCHINSHIP23NOV261240PE,COCHINSHIP,23NOV2026,124000.000000,400,OPTSTK,NFO,5.000000,16001,False
84919,COCHINSHIP23NOV261560PE,COCHINSHIP,23NOV2026,156000.000000,400,OPTSTK,NFO,5.000000,16001,False
84927,ASHOKLEY29SEP26160CE,ASHOKLEY,29SEP2026,16000.000000,5000,OPTSTK,NFO,1.000000,150001,False
84930,ASHOKLEY29SEP26165PE,ASHOKLEY,29SEP2026,16500.000000,5000,OPTSTK,NFO,1.000000,150001,False
48518,NIFTYFPI29SEP261690CE,NIFTYFPI,29SEP2026,169000.000000,1100,OPTIDX,NFO,5.000000,8501,False
84932,ASHOKLEY29SEP26170PE,ASHOKLEY,29SEP2026,17000.000000,5000,OPTSTK,NFO,1.000000,150001,False
84933,ASHOKLEY29SEP26175CE,ASHOKLEY,29SEP2026,17500.000000,5000,OPTSTK,NFO,1.000000,150001,False
85027,COCHINSHIP23NOV261760CE,COCHINSHIP,23NOV2026,176000.000000,400,OPTSTK,NFO,5.000000,16001,False
85029,IRFC27OCT2672PE,IRFC,27OCT2026,7200.000000,5425,OPTSTK,NFO,1.000000,271251,False
48476,NIFTYFPI29SEP261645CE,NIFTYFPI,29SEP2026,164500.000000,1100,OPTIDX,NFO,5.000000,8501,False
48497,NIFTYFPI29SEP261660PE,NIFTYFPI,29SEP2026,166000.000000,1100,OPTIDX,NFO,5.000000,8501,False
48498,NIFTYFPI29SEP261665CE,NIFTYFPI,29SEP2026,166500.000000,1100,OPTIDX,NFO,5.000000,8501,False
48564,NIFTYFPI29SEP261780CE,NIFTYFPI,29SEP2026,178000.000000,1100,OPTIDX,NFO,5.000000,8501,False
48594,NIFTYFPI29SEP261820CE,NIFTYFPI,29SEP2026,182000.000000,1100,OPTIDX,NFO,5.000000,8501,False
48699,BANKNIFTY27OCT26FUT,BANKNIFTY,27OCT2026,-1.000000,30,FUTIDX,NFO,20.000000,601,False
48704,NIFTY27OCT26FUT,NIFTY,27OCT2026,-1.000000,65,FUTIDX,NFO,10.000000,1801,False
85041,IRFC27OCT2682CE,IRFC,27OCT2026,8200.000000,5425,OPTSTK,NFO,1.000000,271251,False
85068,ASHOKLEY29SEP26200PE,ASHOKLEY,29SEP2026,20000.000000,5000,OPTSTK,NFO,1.000000,150001,False
85074,COFORGE27OCT261540CE,COFORGE,27OCT2026,154000.000000,475,OPTSTK,NFO,5.000000,14251,False
85095,COFORGE27OCT261940CE,COFORGE,27OCT2026,194000.000000,475,OPTSTK,NFO,5.000000,14251,False
48707,ABB27OCT26FUT,ABB,27OCT2026,-1.000000,125,FUTSTK,NFO,50.000000,3751,False
48723,AMBER27OCT26FUT,AMBER,27OCT2026,-1.000000,100,FUTSTK,NFO,50.000000,3001,False
85099,IRFC27OCT2694CE,IRFC,27OCT2026,9400.000000,5425,OPTSTK,NFO,1.000000,271251,False
85100,IRFC27OCT2694PE,IRFC,27OCT2026,9400.000000,5425,OPTSTK,NFO,1.000000,271251,False
85101,IRFC27OCT2696CE,IRFC,27OCT2026,9600.000000,5425,OPTSTK,NFO,1.000000,271251,False
85102,IRFC27OCT2696PE,IRFC,27OCT2026,9600.000000,5425,OPTSTK,NFO,1.000000,271251,False
48725,AMBUJACEM27OCT26FUT,AMBUJACEM,27OCT2026,-1.000000,1200,FUTSTK,NFO,5.000000,60001,False
48772,BLUESTARCO27OCT26FUT,BLUESTARCO,27OCT2026,-1.000000,325,FUTSTK,NFO,10.000000,13001,False
48774,BPCL27OCT26FUT,BPCL,27OCT2026,-1.000000,1975,FUTSTK,NFO,5.000000,79001,False
85103,IRFC27OCT2698CE,IRFC,27OCT2026,9800.000000,5425,OPTSTK,NFO,1.000000,271251,False
85104,IRFC27OCT2698PE,IRFC,27OCT2026,9800.000000,5425,OPTSTK,NFO,1.000000,271251,False
85106,IRFC27OCT26100PE,IRFC,27OCT2026,10000.000000,5425,OPTSTK,NFO,1.000000,271251,False
85109,COFORGE27OCT261980CE,COFORGE,27OCT2026,198000.000000,475,OPTSTK,NFO,5.000000,14251,False
48776,BSE27OCT26FUT,BSE,27OCT2026,-1.000000,200,FUTSTK,NFO,10.000000,6001,False
48808,CONCOR27OCT26FUT,CONCOR,27OCT2026,-1.000000,1250,FUTSTK,NFO,5.000000,50001,False
48815,CROMPTON27OCT26FUT,CROMPTON,27OCT2026,-1.000000,2150,FUTSTK,NFO,1.000000,86001,False
48832,DIXON27OCT26FUT,DIXON,27OCT2026,-1.000000,50,FUTSTK,NFO,100.000000,1501,False
85122,COFORGE27OCT261980PE,COFORGE,27OCT2026,198000.000000,475,OPTSTK,NFO,5.000000,14251,False
85168,COFORGE27OCT262060CE,COFORGE,27OCT2026,206000.000000,475,OPTSTK,NFO,5.000000,14251,False
85186,COFORGE27OCT262220PE,COFORGE,27OCT2026,222000.000000,475,OPTSTK,NFO,5.000000,14251,False
85214,COFORGE23NOV261560CE,COFORGE,23NOV2026,156000.000000,475,OPTSTK,NFO,5.000000,14251,False
85218,COFORGE23NOV261640CE,COFORGE,23NOV2026,164000.000000,475,OPTSTK,NFO,5.000000,14251,False
85279,COFORGE23NOV261880CE,COFORGE,23NOV2026,188000.000000,475,OPTSTK,NFO,5.000000,14251,False
85323,COFORGE23NOV262120CE,COFORGE,23NOV2026,212000.000000,475,OPTSTK,NFO,5.000000,14251,False
85324,COFORGE23NOV262120PE,COFORGE,23NOV2026,212000.000000,475,OPTSTK,NFO,5.000000,14251,False
48850,NIFTYFPI27OCT261320PE,NIFTYFPI,27OCT2026,132000.000000,1100,OPTIDX,NFO,5.000000,8501,False
48852,GODFRYPHLP27OCT26FUT,GODFRYPHLP,27OCT2026,-1.000000,275,FUTSTK,NFO,10.000000,11001,False
48854,GODREJPROP27OCT26FUT,GODREJPROP,27OCT2026,-1.000000,325,FUTSTK,NFO,10.000000,13001,False
85331,COFORGE23NOV262280CE,COFORGE,23NOV2026,228000.000000,475,OPTSTK,NFO,5.000000,14251,False
85383,ITC29SEP26232.5CE,ITC,29SEP2026,23250.000000,1725,OPTSTK,NFO,5.000000,86251,False
85386,ITC29SEP26232.5PE,ITC,29SEP2026,23250.000000,1725,OPTSTK,NFO,5.000000,86251,False
85388,ITC29SEP26237.5PE,ITC,29SEP2026,23750.000000,1725,OPTSTK,NFO,5.000000,86251,False
48896,ITC27OCT26FUT,ITC,27OCT2026,-1.000000,1725,FUTSTK,NFO,5.000000,86251,False
48898,JIOFIN27OCT26FUT,JIOFIN,27OCT2026,-1.000000,2350,FUTSTK,NFO,1.000000,94001,False
85389,ITC29SEP26242.5CE,ITC,29SEP2026,24250.000000,1725,OPTSTK,NFO,5.000000,86251,False
85401,ITC29SEP26252.5PE,ITC,29SEP2026,25250.000000,1725,OPTSTK,NFO,5.000000,86251,False
85410,ITC29SEP26277.5CE,ITC,29SEP2026,27750.000000,1725,OPTSTK,NFO,5.000000,86251,False
85412,ITC29SEP26282.5CE,ITC,29SEP2026,28250.000000,1725,OPTSTK,NFO,5.000000,86251,False
48907,KPITTECH27OCT26FUT,KPITTECH,27OCT2026,-1.000000,775,FUTSTK,NFO,5.000000,38751,False
48917,LODHA27OCT26FUT,LODHA,27OCT2026,-1.000000,625,FUTSTK,NFO,10.000000,18751,False
85422,ITC29SEP26307.5CE,ITC,29SEP2026,30750.000000,1725,OPTSTK,NFO,5.000000,86251,False
85499,COLPAL27OCT261620CE,COLPAL,27OCT2026,162000.000000,275,OPTSTK,NFO,5.000000,11001,False
85515,COLPAL27OCT261700PE,COLPAL,27OCT2026,170000.000000,275,OPTSTK,NFO,5.000000,11001,False
85516,COLPAL27OCT261740CE,COLPAL,27OCT2026,174000.000000,275,OPTSTK,NFO,5.000000,11001,False
48944,NATIONALUM27OCT26FUT,NATIONALUM,27OCT2026,-1.000000,1875,FUTSTK,NFO,5.000000,56251,False
85528,COLPAL27OCT261980CE,COLPAL,27OCT2026,198000.000000,275,OPTSTK,NFO,5.000000,11001,False
85530,COLPAL27OCT262020CE,COLPAL,27OCT2026,202000.000000,275,OPTSTK,NFO,5.000000,11001,False
85532,COLPAL27OCT262060CE,COLPAL,27OCT2026,206000.000000,275,OPTSTK,NFO,5.000000,11001,False
85563,ASIANPAINT29SEP262080CE,ASIANPAINT,29SEP2026,208000.000000,250,OPTSTK,NFO,5.000000,10001,False
48951,NMDC27OCT26FUT,NMDC,27OCT2026,-1.000000,6750,FUTSTK,NFO,1.000000,270001,False
48957,NIFTYFPI27OCT261380PE,NIFTYFPI,27OCT2026,138000.000000,1100,OPTIDX,NFO,5.000000,8501,False
85592,ASIANPAINT29SEP262320CE,ASIANPAINT,29SEP2026,232000.000000,250,OPTSTK,NFO,5.000000,10001,False
85604,ASIANPAINT29SEP262360PE,ASIANPAINT,29SEP2026,236000.000000,250,OPTSTK,NFO,5.000000,10001,False
85615,ASIANPAINT29SEP262480PE,ASIANPAINT,29SEP2026,248000.000000,250,OPTSTK,NFO,5.000000,10001,False
85616,ASIANPAINT29SEP262520CE,ASIANPAINT,29SEP2026,252000.000000,250,OPTSTK,NFO,5.000000,10001,False
48968,PETRONET27OCT26FUT,PETRONET,27OCT2026,-1.000000,1900,FUTSTK,NFO,5.000000,76001,False
48973,PIIND27OCT26FUT,PIIND,27OCT2026,-1.000000,175,FUTSTK,NFO,10.000000,8751,False
85620,ASIANPAINT29SEP262600CE,ASIANPAINT,29SEP2026,260000.000000,250,OPTSTK,NFO,5.000000,10001,False
85632,ITC27OCT26210CE,ITC,27OCT2026,21000.000000,1725,OPTSTK,NFO,5.000000,86251,False
85633,ITC27OCT26210PE,ITC,27OCT2026,21000.000000,1725,OPTSTK,NFO,5.000000,86251,False
85641,ITC27OCT26230PE,ITC,27OCT2026,23000.000000,1725,OPTSTK,NFO,5.000000,86251,False
48979,POLYCAB27OCT26FUT,POLYCAB,27OCT2026,-1.000000,125,FUTSTK,NFO,50.000000,2501,False
85648,ITC27OCT26250CE,ITC,27OCT2026,25000.000000,1725,OPTSTK,NFO,5.000000,86251,False
85658,ITC27OCT26275CE,ITC,27OCT2026,27500.000000,1725,OPTSTK,NFO,5.000000,86251,False
85660,ITC27OCT26280CE,ITC,27OCT2026,28000.000000,1725,OPTSTK,NFO,5.000000,86251,False
85661,ITC27OCT26280PE,ITC,27OCT2026,28000.000000,1725,OPTSTK,NFO,5.000000,86251,False
48994,SBIN27OCT26FUT,SBIN,27OCT2026,-1.000000,750,FUTSTK,NFO,10.000000,22501,False
49012,TATASTEEL27OCT26FUT,TATASTEEL,27OCT2026,-1.000000,2750,FUTSTK,NFO,1.000000,137501,False
85664,ITC27OCT26290CE,ITC,27OCT2026,29000.000000,1725,OPTSTK,NFO,5.000000,86251,False
85680,ASIANPAINT29SEP262720PE,ASIANPAINT,29SEP2026,272000.000000,250,OPTSTK,NFO,5.000000,10001,False
85688,ASIANPAINT29SEP262800CE,ASIANPAINT,29SEP2026,280000.000000,250,OPTSTK,NFO,5.000000,10001,False
85696,ASIANPAINT29SEP262960CE,ASIANPAINT,29SEP2026,296000.000000,250,OPTSTK,NFO,5.000000,10001,False
49013,TCS27OCT26FUT,TCS,27OCT2026,-1.000000,225,FUTSTK,NFO,10.000000,9001,False
49018,TITAN27OCT26FUT,TITAN,27OCT2026,-1.000000,175,FUTSTK,NFO,50.000000,5251,False
85705,ASIANPAINT29SEP263080CE,ASIANPAINT,29SEP2026,308000.000000,250,OPTSTK,NFO,5.000000,10001,False
85795,COLPAL23NOV261440CE,COLPAL,23NOV2026,144000.000000,275,OPTSTK,NFO,5.000000,11001,False
85796,COLPAL23NOV261440PE,COLPAL,23NOV2026,144000.000000,275,OPTSTK,NFO,5.000000,11001,False
85807,COLPAL23NOV261680CE,COLPAL,23NOV2026,168000.000000,275,OPTSTK,NFO,5.000000,11001,False
49027,UPL27OCT26FUT,UPL,27OCT2026,-1.000000,1355,FUTSTK,NFO,5.000000,40651,False
49082,NIFTYFPI27OCT261425CE,NIFTYFPI,27OCT2026,142500.000000,1100,OPTIDX,NFO,5.000000,8501,False
49154,NIFTYFPI27OCT261465CE,NIFTYFPI,27OCT2026,146500.000000,1100,OPTIDX,NFO,5.000000,8501,False
85808,COLPAL23NOV261680PE,COLPAL,23NOV2026,168000.000000,275,OPTSTK,NFO,5.000000,11001,False
85809,COLPAL23NOV261720CE,COLPAL,23NOV2026,172000.000000,275,OPTSTK,NFO,5.000000,11001,False
85820,COLPAL23NOV261880PE,COLPAL,23NOV2026,188000.000000,275,OPTSTK,NFO,5.000000,11001,False
85845,COLPAL23NOV262240PE,COLPAL,23NOV2026,224000.000000,275,OPTSTK,NFO,5.000000,11001,False
49217,NIFTYFPI27OCT261485PE,NIFTYFPI,27OCT2026,148500.000000,1100,OPTIDX,NFO,5.000000,8501,False
49233,NIFTYFPI27OCT261495PE,NIFTYFPI,27OCT2026,149500.000000,1100,OPTIDX,NFO,5.000000,8501,False
49296,NIFTYFPI27OCT261505PE,NIFTYFPI,27OCT2026,150500.000000,1100,OPTIDX,NFO,5.000000,8501,False
49335,NIFTYFPI27OCT261515PE,NIFTYFPI,27OCT2026,151500.000000,1100,OPTIDX,NFO,5.000000,8501,False
85932,CONCOR27OCT26475PE,CONCOR,27OCT2026,47500.000000,1250,OPTSTK,NFO,5.000000,50001,False
85938,CONCOR27OCT26495CE,CONCOR,27OCT2026,49500.000000,1250,OPTSTK,NFO,5.000000,50001,False
85943,CONCOR27OCT26505CE,CONCOR,27OCT2026,50500.000000,1250,OPTSTK,NFO,5.000000,50001,False
85958,JINDALSTEL29SEP261020CE,JINDALSTEL,29SEP2026,102000.000000,625,OPTSTK,NFO,5.000000,18751,False
49357,BANKNIFTY27OCT2651600CE,BANKNIFTY,27OCT2026,5160000.000000,30,OPTIDX,NFO,5.000000,601,False
49359,BANKNIFTY27OCT2651700CE,BANKNIFTY,27OCT2026,5170000.000000,30,OPTIDX,NFO,5.000000,601,False
49368,BANKNIFTY27OCT2652000PE,BANKNIFTY,27OCT2026,5200000.000000,30,OPTIDX,NFO,5.000000,601,False
49371,BANKNIFTY27OCT2652200CE,BANKNIFTY,27OCT2026,5220000.000000,30,OPTIDX,NFO,5.000000,601,False
85974,JINDALSTEL29SEP261220PE,JINDALSTEL,29SEP2026,122000.000000,625,OPTSTK,NFO,5.000000,18751,False
85994,ASTRAL29SEP261160PE,ASTRAL,29SEP2026,116000.000000,425,OPTSTK,NFO,5.000000,17001,False
86001,CONCOR27OCT26505PE,CONCOR,27OCT2026,50500.000000,1250,OPTSTK,NFO,5.000000,50001,False
86005,CONCOR27OCT26515CE,CONCOR,27OCT2026,51500.000000,1250,OPTSTK,NFO,5.000000,50001,False
86012,CONCOR27OCT26535PE,CONCOR,27OCT2026,53500.000000,1250,OPTSTK,NFO,5.000000,50001,False
86039,JINDALSTEL27OCT261000CE,JINDALSTEL,27OCT2026,100000.000000,625,OPTSTK,NFO,5.000000,18751,False
49384,BANKNIFTY27OCT2652800PE,BANKNIFTY,27OCT2026,5280000.000000,30,OPTIDX,NFO,5.000000,601,False
49398,NIFTYFPI27OCT261545CE,NIFTYFPI,27OCT2026,154500.000000,1100,OPTIDX,NFO,5.000000,8501,False
49404,BANKNIFTY27OCT2653500PE,BANKNIFTY,27OCT2026,5350000.000000,30,OPTIDX,NFO,5.000000,601,False
49406,BANKNIFTY27OCT2653600PE,BANKNIFTY,27OCT2026,5360000.000000,30,OPTIDX,NFO,5.000000,601,False
86019,CONCOR27OCT26565CE,CONCOR,27OCT2026,56500.000000,1250,OPTSTK,NFO,5.000000,50001,False
86028,CONCOR27OCT26575PE,CONCOR,27OCT2026,57500.000000,1250,OPTSTK,NFO,5.000000,50001,False
49414,BANKNIFTY27OCT2653900PE,BANKNIFTY,27OCT2026,5390000.000000,30,OPTIDX,NFO,5.000000,601,False
49415,BANKNIFTY27OCT2654000CE,BANKNIFTY,27OCT2026,5400000.000000,30,OPTIDX,NFO,5.000000,601,False
49422,BANKNIFTY27OCT2654300PE,BANKNIFTY,27OCT2026,5430000.000000,30,OPTIDX,NFO,5.000000,601,False
49427,BANKNIFTY27OCT2654600CE,BANKNIFTY,27OCT2026,5460000.000000,30,OPTIDX,NFO,5.000000,601,False
86048,JINDALSTEL27OCT261120PE,JINDALSTEL,27OCT2026,112000.000000,625,OPTSTK,NFO,5.000000,18751,False
86053,JINDALSTEL27OCT261200CE,JINDALSTEL,27OCT2026,120000.000000,625,OPTSTK,NFO,5.000000,18751,False
86059,JINDALSTEL27OCT261280CE,JINDALSTEL,27OCT2026,128000.000000,625,OPTSTK,NFO,5.000000,18751,False
86061,JINDALSTEL27OCT261320CE,JINDALSTEL,27OCT2026,132000.000000,625,OPTSTK,NFO,5.000000,18751,False
49437,NIFTYFPI27OCT261560CE,NIFTYFPI,27OCT2026,156000.000000,1100,OPTIDX,NFO,5.000000,8501,False
49447,BANKNIFTY27OCT2655200PE,BANKNIFTY,27OCT2026,5520000.000000,30,OPTIDX,NFO,5.000000,601,False
49453,NIFTYFPI27OCT261575CE,NIFTYFPI,27OCT2026,157500.000000,1100,OPTIDX,NFO,5.000000,8501,False
49463,BANKNIFTY27OCT2655800CE,BANKNIFTY,27OCT2026,5580000.000000,30,OPTIDX,NFO,5.000000,601,False
86062,JINDALSTEL27OCT261320PE,JINDALSTEL,27OCT2026,132000.000000,625,OPTSTK,NFO,5.000000,18751,False
86115,ASTRAL29SEP261800PE,ASTRAL,29SEP2026,180000.000000,425,OPTSTK,NFO,5.000000,17001,False
86151,NIFTY27JUN2824000CE,NIFTY,27JUN2028,2400000.000000,65,OPTIDX,NFO,5.000000,1801,False
86205,CONCOR23NOV26470PE,CONCOR,23NOV2026,47000.000000,1250,OPTSTK,NFO,5.000000,50001,False
49464,BANKNIFTY27OCT2655800PE,BANKNIFTY,27OCT2026,5580000.000000,30,OPTIDX,NFO,5.000000,601,False
49469,BANKNIFTY27OCT2656100CE,BANKNIFTY,27OCT2026,5610000.000000,30,OPTIDX,NFO,5.000000,601,False
49472,BANKNIFTY27OCT2656200PE,BANKNIFTY,27OCT2026,5620000.000000,30,OPTIDX,NFO,5.000000,601,False
49492,BANKNIFTY27OCT2656800PE,BANKNIFTY,27OCT2026,5680000.000000,30,OPTIDX,NFO,5.000000,601,False
86237,CONCOR23NOV26530PE,CONCOR,23NOV2026,53000.000000,1250,OPTSTK,NFO,5.000000,50001,False
86245,CONCOR23NOV26560CE,CONCOR,23NOV2026,56000.000000,1250,OPTSTK,NFO,5.000000,50001,False
86248,JIOFIN29SEP26222.5CE,JIOFIN,29SEP2026,22250.000000,2350,OPTSTK,NFO,1.000000,94001,False
86254,JIOFIN29SEP26227.5CE,JIOFIN,29SEP2026,22750.000000,2350,OPTSTK,NFO,1.000000,94001,False
49494,BANKNIFTY27OCT2656900PE,BANKNIFTY,27OCT2026,5690000.000000,30,OPTIDX,NFO,5.000000,601,False
49496,BANKNIFTY27OCT2657000PE,BANKNIFTY,27OCT2026,5700000.000000,30,OPTIDX,NFO,5.000000,601,False
49504,BANKNIFTY27OCT2657400PE,BANKNIFTY,27OCT2026,5740000.000000,30,OPTIDX,NFO,5.000000,601,False
49505,BANKNIFTY27OCT2657500CE,BANKNIFTY,27OCT2026,5750000.000000,30,OPTIDX,NFO,5.000000,601,False
86274,JIOFIN29SEP26242.5PE,JIOFIN,29SEP2026,24250.000000,2350,OPTSTK,NFO,1.000000,94001,False
86351,JIOFIN29SEP26272.5PE,JIOFIN,29SEP2026,27250.000000,2350,OPTSTK,NFO,1.000000,94001,False
86412,JIOFIN27OCT26235CE,JIOFIN,27OCT2026,23500.000000,2350,OPTSTK,NFO,1.000000,94001,False
86421,JIOFIN27OCT26255PE,JIOFIN,27OCT2026,25500.000000,2350,OPTSTK,NFO,1.000000,94001,False
49517,BANKNIFTY27OCT2657900CE,BANKNIFTY,27OCT2026,5790000.000000,30,OPTIDX,NFO,5.000000,601,False
49519,BANKNIFTY27OCT2658000CE,BANKNIFTY,27OCT2026,5800000.000000,30,OPTIDX,NFO,5.000000,601,False
49531,BANKNIFTY27OCT2658500CE,BANKNIFTY,27OCT2026,5850000.000000,30,OPTIDX,NFO,5.000000,601,False
49538,BANKNIFTY27OCT2658600PE,BANKNIFTY,27OCT2026,5860000.000000,30,OPTIDX,NFO,5.000000,601,False
86510,CROMPTON23NOV26250CE,CROMPTON,23NOV2026,25000.000000,2150,OPTSTK,NFO,1.000000,86001,False
86550,CUMMINSIND27OCT264500CE,CUMMINSIND,27OCT2026,450000.000000,200,OPTSTK,NFO,5.000000,4001,False
86554,CUMMINSIND27OCT264700CE,CUMMINSIND,27OCT2026,470000.000000,200,OPTSTK,NFO,5.000000,4001,False
86556,CUMMINSIND27OCT264900CE,CUMMINSIND,27OCT2026,490000.000000,200,OPTSTK,NFO,5.000000,4001,False
49552,NIFTYFPI27OCT261610PE,NIFTYFPI,27OCT2026,161000.000000,1100,OPTIDX,NFO,5.000000,8501,False
49572,NIFTYFPI27OCT261625CE,NIFTYFPI,27OCT2026,162500.000000,1100,OPTIDX,NFO,5.000000,8501,False
49573,BANKNIFTY27OCT2660000CE,BANKNIFTY,27OCT2026,6000000.000000,30,OPTIDX,NFO,5.000000,601,False
49588,BANKNIFTY27OCT2660700PE,BANKNIFTY,27OCT2026,6070000.000000,30,OPTIDX,NFO,5.000000,601,False
86598,JSWENERGY29SEP26490PE,JSWENERGY,29SEP2026,49000.000000,1075,OPTSTK,NFO,5.000000,43001,False
86603,JSWENERGY29SEP26550CE,JSWENERGY,29SEP2026,55000.000000,1075,OPTSTK,NFO,5.000000,43001,False
86606,JSWENERGY29SEP26570PE,JSWENERGY,29SEP2026,57000.000000,1075,OPTSTK,NFO,5.000000,43001,False
86610,JSWENERGY29SEP26610PE,JSWENERGY,29SEP2026,61000.000000,1075,OPTSTK,NFO,5.000000,43001,False
49601,BANKNIFTY27OCT2661300CE,BANKNIFTY,27OCT2026,6130000.000000,30,OPTIDX,NFO,5.000000,601,False
49608,BANKNIFTY27OCT2661500PE,BANKNIFTY,27OCT2026,6150000.000000,30,OPTIDX,NFO,5.000000,601,False
49610,BANKNIFTY27OCT2661600PE,BANKNIFTY,27OCT2026,6160000.000000,30,OPTIDX,NFO,5.000000,601,False
49626,BANKNIFTY27OCT2662300PE,BANKNIFTY,27OCT2026,6230000.000000,30,OPTIDX,NFO,5.000000,601,False
86646,JSWENERGY27OCT26560PE,JSWENERGY,27OCT2026,56000.000000,1075,OPTSTK,NFO,5.000000,43001,False
86733,CUMMINSIND23NOV265000CE,CUMMINSIND,23NOV2026,500000.000000,200,OPTSTK,NFO,5.000000,4001,False
86736,CUMMINSIND23NOV265200PE,CUMMINSIND,23NOV2026,520000.000000,200,OPTSTK,NFO,5.000000,4001,False
86748,CUMMINSIND23NOV265800CE,CUMMINSIND,23NOV2026,580000.000000,200,OPTSTK,NFO,5.000000,4001,False
49637,BANKNIFTY27OCT2662600PE,BANKNIFTY,27OCT2026,6260000.000000,30,OPTIDX,NFO,5.000000,601,False
49657,BANKNIFTY27OCT2663500CE,BANKNIFTY,27OCT2026,6350000.000000,30,OPTIDX,NFO,5.000000,601,False
49667,BANKNIFTY27OCT2663800PE,BANKNIFTY,27OCT2026,6380000.000000,30,OPTIDX,NFO,5.000000,601,False
49688,BANKNIFTY27OCT2664500PE,BANKNIFTY,27OCT2026,6450000.000000,30,OPTIDX,NFO,5.000000,601,False
86790,JSWSTEEL29SEP261140PE,JSWSTEEL,29SEP2026,114000.000000,675,OPTSTK,NFO,5.000000,20251,False
86798,JSWSTEEL29SEP261220PE,JSWSTEEL,29SEP2026,122000.000000,675,OPTSTK,NFO,5.000000,20251,False
86808,JSWSTEEL29SEP261380PE,JSWSTEEL,29SEP2026,138000.000000,675,OPTSTK,NFO,5.000000,20251,False
86837,DABUR27OCT26355CE,DABUR,27OCT2026,35500.000000,1250,OPTSTK,NFO,5.000000,50001,False
49705,NIFTYFPI27OCT261665CE,NIFTYFPI,27OCT2026,166500.000000,1100,OPTIDX,NFO,5.000000,8501,False
49761,NIFTYFPI27OCT261680CE,NIFTYFPI,27OCT2026,168000.000000,1100,OPTIDX,NFO,5.000000,8501,False
49796,NIFTYFPI27OCT261680PE,NIFTYFPI,27OCT2026,168000.000000,1100,OPTIDX,NFO,5.000000,8501,False
49798,NIFTYFPI27OCT261685PE,NIFTYFPI,27OCT2026,168500.000000,1100,OPTIDX,NFO,5.000000,8501,False
86990,JSWSTEEL27OCT261240CE,JSWSTEEL,27OCT2026,124000.000000,675,OPTSTK,NFO,5.000000,20251,False
86852,DABUR27OCT26425CE,DABUR,27OCT2026,42500.000000,1250,OPTSTK,NFO,5.000000,50001,False
86981,JSWSTEEL27OCT261080CE,JSWSTEEL,27OCT2026,108000.000000,675,OPTSTK,NFO,5.000000,20251,False
86982,JSWSTEEL27OCT261080PE,JSWSTEEL,27OCT2026,108000.000000,675,OPTSTK,NFO,5.000000,20251,False
49813,NIFTYFPI27OCT261700CE,NIFTYFPI,27OCT2026,170000.000000,1100,OPTIDX,NFO,5.000000,8501,False
50229,FINNIFTY27OCT2622600CE,FINNIFTY,27OCT2026,2260000.000000,60,OPTIDX,NFO,5.000000,1801,False
50231,FINNIFTY27OCT2622700CE,FINNIFTY,27OCT2026,2270000.000000,60,OPTIDX,NFO,5.000000,1801,False
50237,FINNIFTY27OCT2622900CE,FINNIFTY,27OCT2026,2290000.000000,60,OPTIDX,NFO,5.000000,1801,False
86997,JSWSTEEL27OCT261360PE,JSWSTEEL,27OCT2026,136000.000000,675,OPTSTK,NFO,5.000000,20251,False
87006,AUROPHARMA29SEP261680CE,AUROPHARMA,29SEP2026,168000.000000,550,OPTSTK,NFO,5.000000,16501,False
87014,AUROPHARMA29SEP261760PE,AUROPHARMA,29SEP2026,176000.000000,550,OPTSTK,NFO,5.000000,16501,False
87018,AUROPHARMA29SEP261840PE,AUROPHARMA,29SEP2026,184000.000000,550,OPTSTK,NFO,5.000000,16501,False
50244,FINNIFTY27OCT2623200PE,FINNIFTY,27OCT2026,2320000.000000,60,OPTIDX,NFO,5.000000,1801,False
50262,FINNIFTY27OCT2623700CE,FINNIFTY,27OCT2026,2370000.000000,60,OPTIDX,NFO,5.000000,1801,False
50266,FINNIFTY27OCT2623800CE,FINNIFTY,27OCT2026,2380000.000000,60,OPTIDX,NFO,5.000000,1801,False
50287,FINNIFTY27OCT2624300CE,FINNIFTY,27OCT2026,2430000.000000,60,OPTIDX,NFO,5.000000,1801,False
87022,AUROPHARMA29SEP261920PE,AUROPHARMA,29SEP2026,192000.000000,550,OPTSTK,NFO,5.000000,16501,False
87044,DABUR23NOV26380PE,DABUR,23NOV2026,38000.000000,1250,OPTSTK,NFO,5.000000,50001,False
87051,DABUR23NOV26410PE,DABUR,23NOV2026,41000.000000,1250,OPTSTK,NFO,5.000000,50001,False
87056,DABUR23NOV26440CE,DABUR,23NOV2026,44000.000000,1250,OPTSTK,NFO,5.000000,50001,False
50325,FINNIFTY27OCT2625200CE,FINNIFTY,27OCT2026,2520000.000000,60,OPTIDX,NFO,5.000000,1801,False
50335,FINNIFTY27OCT2625700CE,FINNIFTY,27OCT2026,2570000.000000,60,OPTIDX,NFO,5.000000,1801,False
50364,FINNIFTY27OCT2626700PE,FINNIFTY,27OCT2026,2670000.000000,60,OPTIDX,NFO,5.000000,1801,False
50372,FINNIFTY27OCT2627100PE,FINNIFTY,27OCT2026,2710000.000000,60,OPTIDX,NFO,5.000000,1801,False
87082,JSWSTEEL27OCT261440CE,JSWSTEEL,27OCT2026,144000.000000,675,OPTSTK,NFO,5.000000,20251,False
87091,JSWSTEEL27OCT261480CE,JSWSTEEL,27OCT2026,148000.000000,675,OPTSTK,NFO,5.000000,20251,False
87092,JSWSTEEL27OCT261480PE,JSWSTEEL,27OCT2026,148000.000000,675,OPTSTK,NFO,5.000000,20251,False
87094,JSWSTEEL27OCT261520PE,JSWSTEEL,27OCT2026,152000.000000,675,OPTSTK,NFO,5.000000,20251,False
50380,FINNIFTY27OCT2627300PE,FINNIFTY,27OCT2026,2730000.000000,60,OPTIDX,NFO,5.000000,1801,False
50386,FINNIFTY27OCT2627600PE,FINNIFTY,27OCT2026,2760000.000000,60,OPTIDX,NFO,5.000000,1801,False
50401,FINNIFTY27OCT2628200CE,FINNIFTY,27OCT2026,2820000.000000,60,OPTIDX,NFO,5.000000,1801,False
50403,FINNIFTY27OCT2628300CE,FINNIFTY,27OCT2026,2830000.000000,60,OPTIDX,NFO,5.000000,1801,False
87109,AXISBANK29SEP261040CE,AXISBANK,29SEP2026,104000.000000,625,OPTSTK,NFO,5.000000,18751,False
87117,AXISBANK29SEP261200CE,AXISBANK,29SEP2026,120000.000000,625,OPTSTK,NFO,5.000000,18751,False
87125,AXISBANK29SEP261280PE,AXISBANK,29SEP2026,128000.000000,625,OPTSTK,NFO,5.000000,18751,False
87126,AXISBANK29SEP261320CE,AXISBANK,29SEP2026,132000.000000,625,OPTSTK,NFO,5.000000,18751,False
50410,FINNIFTY27OCT2628500PE,FINNIFTY,27OCT2026,2850000.000000,60,OPTIDX,NFO,5.000000,1801,False
50429,FINNIFTY27OCT2629500CE,FINNIFTY,27OCT2026,2950000.000000,60,OPTIDX,NFO,5.000000,1801,False
50430,FINNIFTY27OCT2629500PE,FINNIFTY,27OCT2026,2950000.000000,60,OPTIDX,NFO,5.000000,1801,False
50439,FINNIFTY27OCT2630000CE,FINNIFTY,27OCT2026,3000000.000000,60,OPTIDX,NFO,5.000000,1801,False
87127,AXISBANK29SEP261320PE,AXISBANK,29SEP2026,132000.000000,625,OPTSTK,NFO,5.000000,18751,False
87289,DELHIVERY27OCT26405CE,DELHIVERY,27OCT2026,40500.000000,2075,OPTSTK,NFO,5.000000,62251,False
87293,DELHIVERY27OCT26425CE,DELHIVERY,27OCT2026,42500.000000,2075,OPTSTK,NFO,5.000000,62251,False
87294,DELHIVERY27OCT26425PE,DELHIVERY,27OCT2026,42500.000000,2075,OPTSTK,NFO,5.000000,62251,False
50630,MIDCPNIFTY27OCT2612875CE,MIDCPNIFTY,27OCT2026,1287500.000000,120,OPTIDX,NFO,5.000000,2801,False
50634,MIDCPNIFTY27OCT2612925CE,MIDCPNIFTY,27OCT2026,1292500.000000,120,OPTIDX,NFO,5.000000,2801,False
50648,MIDCPNIFTY27OCT2613050PE,MIDCPNIFTY,27OCT2026,1305000.000000,120,OPTIDX,NFO,5.000000,2801,False
50651,MIDCPNIFTY27OCT2613100CE,MIDCPNIFTY,27OCT2026,1310000.000000,120,OPTIDX,NFO,5.000000,2801,False
87348,JUBLFOOD27OCT26430CE,JUBLFOOD,27OCT2026,43000.000000,1250,OPTSTK,NFO,5.000000,50001,False
87357,JUBLFOOD27OCT26470PE,JUBLFOOD,27OCT2026,47000.000000,1250,OPTSTK,NFO,5.000000,50001,False
87362,DELHIVERY27OCT26485CE,DELHIVERY,27OCT2026,48500.000000,2075,OPTSTK,NFO,5.000000,62251,False
87366,DELHIVERY27OCT26485PE,DELHIVERY,27OCT2026,48500.000000,2075,OPTSTK,NFO,5.000000,62251,False
50652,MIDCPNIFTY27OCT2613100PE,MIDCPNIFTY,27OCT2026,1310000.000000,120,OPTIDX,NFO,5.000000,2801,False
50657,MIDCPNIFTY27OCT2613175CE,MIDCPNIFTY,27OCT2026,1317500.000000,120,OPTIDX,NFO,5.000000,2801,False
50672,MIDCPNIFTY27OCT2613325PE,MIDCPNIFTY,27OCT2026,1332500.000000,120,OPTIDX,NFO,5.000000,2801,False
50691,MIDCPNIFTY27OCT2613525CE,MIDCPNIFTY,27OCT2026,1352500.000000,120,OPTIDX,NFO,5.000000,2801,False
87382,JUBLFOOD27OCT26530PE,JUBLFOOD,27OCT2026,53000.000000,1250,OPTSTK,NFO,5.000000,50001,False
87434,KALYANKJIL29SEP26595CE,KALYANKJIL,29SEP2026,59500.000000,1350,OPTSTK,NFO,5.000000,40501,False
87462,KALYANKJIL29SEP26645CE,KALYANKJIL,29SEP2026,64500.000000,1350,OPTSTK,NFO,5.000000,40501,False
87502,KALYANKJIL29SEP26705CE,KALYANKJIL,29SEP2026,70500.000000,1350,OPTSTK,NFO,5.000000,40501,False
50786,MIDCPNIFTY27OCT2614275PE,MIDCPNIFTY,27OCT2026,1427500.000000,120,OPTIDX,NFO,5.000000,2801,False
87508,DELHIVERY23NOV26400PE,DELHIVERY,23NOV2026,40000.000000,2075,OPTSTK,NFO,5.000000,62251,False
87513,DELHIVERY23NOV26410CE,DELHIVERY,23NOV2026,41000.000000,2075,OPTSTK,NFO,5.000000,62251,False
87524,KALYANKJIL27OCT26480CE,KALYANKJIL,27OCT2026,48000.000000,1350,OPTSTK,NFO,5.000000,40501,False
87526,DELHIVERY23NOV26420PE,DELHIVERY,23NOV2026,42000.000000,2075,OPTSTK,NFO,5.000000,62251,False
50731,MIDCPNIFTY27OCT2613900CE,MIDCPNIFTY,27OCT2026,1390000.000000,120,OPTIDX,NFO,5.000000,2801,False
50739,MIDCPNIFTY27OCT2614000CE,MIDCPNIFTY,27OCT2026,1400000.000000,120,OPTIDX,NFO,5.000000,2801,False
50778,MIDCPNIFTY27OCT2614225CE,MIDCPNIFTY,27OCT2026,1422500.000000,120,OPTIDX,NFO,5.000000,2801,False
87532,KALYANKJIL27OCT26500CE,KALYANKJIL,27OCT2026,50000.000000,1350,OPTSTK,NFO,5.000000,40501,False
87533,KALYANKJIL27OCT26500PE,KALYANKJIL,27OCT2026,50000.000000,1350,OPTSTK,NFO,5.000000,40501,False
87540,DELHIVERY23NOV26480PE,DELHIVERY,23NOV2026,48000.000000,2075,OPTSTK,NFO,5.000000,62251,False
87550,DELHIVERY23NOV26520PE,DELHIVERY,23NOV2026,52000.000000,2075,OPTSTK,NFO,5.000000,62251,False
50788,MIDCPNIFTY27OCT2614300PE,MIDCPNIFTY,27OCT2026,1430000.000000,120,OPTIDX,NFO,5.000000,2801,False
50793,MIDCPNIFTY27OCT2614375CE,MIDCPNIFTY,27OCT2026,1437500.000000,120,OPTIDX,NFO,5.000000,2801,False
50843,MIDCPNIFTY27OCT2614725CE,MIDCPNIFTY,27OCT2026,1472500.000000,120,OPTIDX,NFO,5.000000,2801,False
50845,MIDCPNIFTY27OCT2614750CE,MIDCPNIFTY,27OCT2026,1475000.000000,120,OPTIDX,NFO,5.000000,2801,False
50850,MIDCPNIFTY27OCT2614775PE,MIDCPNIFTY,27OCT2026,1477500.000000,120,OPTIDX,NFO,5.000000,2801,False
50879,MIDCPNIFTY27OCT2614975CE,MIDCPNIFTY,27OCT2026,1497500.000000,120,OPTIDX,NFO,5.000000,2801,False
50887,MIDCPNIFTY27OCT2615075CE,MIDCPNIFTY,27OCT2026,1507500.000000,120,OPTIDX,NFO,5.000000,2801,False
50888,MIDCPNIFTY27OCT2615075PE,MIDCPNIFTY,27OCT2026,1507500.000000,120,OPTIDX,NFO,5.000000,2801,False
87613,BAJAJ-AUTO29SEP2610600CE,BAJAJ-AUTO,29SEP2026,1060000.000000,75,OPTSTK,NFO,5.000000,2251,False
87617,BAJAJ-AUTO29SEP2611000CE,BAJAJ-AUTO,29SEP2026,1100000.000000,75,OPTSTK,NFO,5.000000,2251,False
87716,KALYANKJIL27OCT26540CE,KALYANKJIL,27OCT2026,54000.000000,1350,OPTSTK,NFO,5.000000,40501,False
87718,KALYANKJIL27OCT26550CE,KALYANKJIL,27OCT2026,55000.000000,1350,OPTSTK,NFO,5.000000,40501,False
50895,MIDCPNIFTY27OCT2615175CE,MIDCPNIFTY,27OCT2026,1517500.000000,120,OPTIDX,NFO,5.000000,2801,False
50950,MIDCPNIFTY27OCT2615350CE,MIDCPNIFTY,27OCT2026,1535000.000000,120,OPTIDX,NFO,5.000000,2801,False
50980,MIDCPNIFTY27OCT2615600CE,MIDCPNIFTY,27OCT2026,1560000.000000,120,OPTIDX,NFO,5.000000,2801,False
50982,MIDCPNIFTY27OCT2615600PE,MIDCPNIFTY,27OCT2026,1560000.000000,120,OPTIDX,NFO,5.000000,2801,False
87738,KALYANKJIL27OCT26580CE,KALYANKJIL,27OCT2026,58000.000000,1350,OPTSTK,NFO,5.000000,40501,False
87801,KALYANKJIL27OCT26720PE,KALYANKJIL,27OCT2026,72000.000000,1350,OPTSTK,NFO,5.000000,40501,False
87837,KAYNES29SEP263050PE,KAYNES,29SEP2026,305000.000000,150,OPTSTK,NFO,5.000000,6001,False
87840,KAYNES29SEP263250CE,KAYNES,29SEP2026,325000.000000,150,OPTSTK,NFO,5.000000,6001,False
50999,MIDCPNIFTY27OCT2615750PE,MIDCPNIFTY,27OCT2026,1575000.000000,120,OPTIDX,NFO,5.000000,2801,False
51057,MIDCPNIFTY27OCT2616200PE,MIDCPNIFTY,27OCT2026,1620000.000000,120,OPTIDX,NFO,5.000000,2801,False
51080,MIDCPNIFTY27OCT2616500CE,MIDCPNIFTY,27OCT2026,1650000.000000,120,OPTIDX,NFO,5.000000,2801,False
51332,NIFTY27OCT2622550CE,NIFTY,27OCT2026,2255000.000000,65,OPTIDX,NFO,5.000000,1801,False
87841,KAYNES29SEP263250PE,KAYNES,29SEP2026,325000.000000,150,OPTSTK,NFO,5.000000,6001,False
87843,KAYNES29SEP263350PE,KAYNES,29SEP2026,335000.000000,150,OPTSTK,NFO,5.000000,6001,False
87874,KAYNES29SEP263750CE,KAYNES,29SEP2026,375000.000000,150,OPTSTK,NFO,5.000000,6001,False
87876,KAYNES29SEP263850CE,KAYNES,29SEP2026,385000.000000,150,OPTSTK,NFO,5.000000,6001,False
51343,NIFTY27OCT2622750PE,NIFTY,27OCT2026,2275000.000000,65,OPTIDX,NFO,5.000000,1801,False
51350,NIFTY27OCT2622950CE,NIFTY,27OCT2026,2295000.000000,65,OPTIDX,NFO,5.000000,1801,False
51351,NIFTY27OCT2622950PE,NIFTY,27OCT2026,2295000.000000,65,OPTIDX,NFO,5.000000,1801,False
51360,NIFTY27OCT2623200CE,NIFTY,27OCT2026,2320000.000000,65,OPTIDX,NFO,5.000000,1801,False
87878,KAYNES29SEP263950CE,KAYNES,29SEP2026,395000.000000,150,OPTSTK,NFO,5.000000,6001,False
87881,KAYNES29SEP264050PE,KAYNES,29SEP2026,405000.000000,150,OPTSTK,NFO,5.000000,6001,False
87889,DIVISLAB27OCT2610300CE,DIVISLAB,27OCT2026,1030000.000000,100,OPTSTK,NFO,5.000000,3001,False
87890,DIVISLAB27OCT2610300PE,DIVISLAB,27OCT2026,1030000.000000,100,OPTSTK,NFO,5.000000,3001,False
51361,NIFTY27OCT2623200PE,NIFTY,27OCT2026,2320000.000000,65,OPTIDX,NFO,5.000000,1801,False
51375,NIFTY27OCT2623550PE,NIFTY,27OCT2026,2355000.000000,65,OPTIDX,NFO,5.000000,1801,False
51379,NIFTY27OCT2623650PE,NIFTY,27OCT2026,2365000.000000,65,OPTIDX,NFO,5.000000,1801,False
51389,NIFTY27OCT2623900PE,NIFTY,27OCT2026,2390000.000000,65,OPTIDX,NFO,5.000000,1801,False
87914,KAYNES27OCT263000CE,KAYNES,27OCT2026,300000.000000,150,OPTSTK,NFO,5.000000,6001,False
87923,KAYNES27OCT263400PE,KAYNES,27OCT2026,340000.000000,150,OPTSTK,NFO,5.000000,6001,False
87936,KAYNES27OCT263800PE,KAYNES,27OCT2026,380000.000000,150,OPTSTK,NFO,5.000000,6001,False
88026,BAJAJFINSV29SEP261640CE,BAJAJFINSV,29SEP2026,164000.000000,300,OPTSTK,NFO,5.000000,12001,False
51390,NIFTY27OCT2623950CE,NIFTY,27OCT2026,2395000.000000,65,OPTIDX,NFO,5.000000,1801,False
51441,NIFTY27OCT2625000PE,NIFTY,27OCT2026,2500000.000000,65,OPTIDX,NFO,5.000000,1801,False
51449,NIFTY27OCT2625200PE,NIFTY,27OCT2026,2520000.000000,65,OPTIDX,NFO,5.000000,1801,False
51451,NIFTY27OCT2625250PE,NIFTY,27OCT2026,2525000.000000,65,OPTIDX,NFO,5.000000,1801,False
88030,BAJAJFINSV29SEP261720CE,BAJAJFINSV,29SEP2026,172000.000000,300,OPTSTK,NFO,5.000000,12001,False
88032,BAJAJFINSV29SEP261760CE,BAJAJFINSV,29SEP2026,176000.000000,300,OPTSTK,NFO,5.000000,12001,False
88035,BAJAJFINSV29SEP261800PE,BAJAJFINSV,29SEP2026,180000.000000,300,OPTSTK,NFO,5.000000,12001,False
88043,BAJAJFINSV29SEP261960PE,BAJAJFINSV,29SEP2026,196000.000000,300,OPTSTK,NFO,5.000000,12001,False
88044,BAJAJFINSV29SEP262000CE,BAJAJFINSV,29SEP2026,200000.000000,300,OPTSTK,NFO,5.000000,12001,False
88092,KEI27OCT263800CE,KEI,27OCT2026,380000.000000,175,OPTSTK,NFO,5.000000,5251,False
51454,NIFTY27OCT2625350CE,NIFTY,27OCT2026,2535000.000000,65,OPTIDX,NFO,5.000000,1801,False
51472,NIFTY27OCT2625600CE,NIFTY,27OCT2026,2560000.000000,65,OPTIDX,NFO,5.000000,1801,False
51478,NIFTY27OCT2625700CE,NIFTY,27OCT2026,2570000.000000,65,OPTIDX,NFO,5.000000,1801,False
51481,NIFTY27OCT2625750PE,NIFTY,27OCT2026,2575000.000000,65,OPTIDX,NFO,5.000000,1801,False
88050,BAJAJFINSV29SEP262120CE,BAJAJFINSV,29SEP2026,212000.000000,300,OPTSTK,NFO,5.000000,12001,False
88055,BAJAJFINSV29SEP262200PE,BAJAJFINSV,29SEP2026,220000.000000,300,OPTSTK,NFO,5.000000,12001,False
51495,NIFTY27OCT2626100PE,NIFTY,27OCT2026,2610000.000000,65,OPTIDX,NFO,5.000000,1801,False
51496,NIFTY27OCT2626150CE,NIFTY,27OCT2026,2615000.000000,65,OPTIDX,NFO,5.000000,1801,False
51503,NIFTY27OCT2626300PE,NIFTY,27OCT2026,2630000.000000,65,OPTIDX,NFO,5.000000,1801,False
51520,NIFTY27OCT2626750CE,NIFTY,27OCT2026,2675000.000000,65,OPTIDX,NFO,5.000000,1801,False
88098,DIVISLAB23NOV269200PE,DIVISLAB,23NOV2026,920000.000000,100,OPTSTK,NFO,5.000000,3001,False
88102,DIVISLAB23NOV269600PE,DIVISLAB,23NOV2026,960000.000000,100,OPTSTK,NFO,5.000000,3001,False
88125,DIXON27OCT2612250CE,DIXON,27OCT2026,1225000.000000,50,OPTSTK,NFO,5.000000,1501,False
88126,DIXON27OCT2612250PE,DIXON,27OCT2026,1225000.000000,50,OPTSTK,NFO,5.000000,1501,False
51526,NIFTY27OCT2626900CE,NIFTY,27OCT2026,2690000.000000,65,OPTIDX,NFO,5.000000,1801,False
51529,NIFTY27OCT2626950PE,NIFTY,27OCT2026,2695000.000000,65,OPTIDX,NFO,5.000000,1801,False
88135,DIXON27OCT2614750CE,DIXON,27OCT2026,1475000.000000,50,OPTSTK,NFO,5.000000,1501,False
88148,KEI27OCT264800CE,KEI,27OCT2026,480000.000000,175,OPTSTK,NFO,5.000000,5251,False
88171,DIXON23NOV2611000PE,DIXON,23NOV2026,1100000.000000,50,OPTSTK,NFO,5.000000,1501,False
88192,DIXON23NOV2616000PE,DIXON,23NOV2026,1600000.000000,50,OPTSTK,NFO,5.000000,1501,False
125464,MANKIND29SEP262440CE,MANKIND,29SEP2026,244000.000000,250,OPTSTK,NFO,5.000000,10001,False
125468,MANKIND29SEP262520CE,MANKIND,29SEP2026,252000.000000,250,OPTSTK,NFO,5.000000,10001,False
88201,KEI27OCT266000PE,KEI,27OCT2026,600000.000000,175,OPTSTK,NFO,5.000000,5251,False
88204,KEI27OCT266400CE,KEI,27OCT2026,640000.000000,175,OPTSTK,NFO,5.000000,5251,False
88296,KFINTECH27OCT261080CE,KFINTECH,27OCT2026,108000.000000,575,OPTSTK,NFO,5.000000,23001,False
88403,KOTAKBANK29SEP26445PE,KOTAKBANK,29SEP2026,44500.000000,2000,OPTSTK,NFO,5.000000,60001,False
125477,MANKIND29SEP262680PE,MANKIND,29SEP2026,268000.000000,250,OPTSTK,NFO,5.000000,10001,False
125480,MANKIND29SEP262760CE,MANKIND,29SEP2026,276000.000000,250,OPTSTK,NFO,5.000000,10001,False
125490,RBLBANK27OCT26375PE,RBLBANK,27OCT2026,37500.000000,3175,OPTSTK,NFO,5.000000,63501,False
125511,RBLBANK27OCT26385CE,RBLBANK,27OCT2026,38500.000000,3175,OPTSTK,NFO,5.000000,63501,False
88404,KOTAKBANK29SEP26455CE,KOTAKBANK,29SEP2026,45500.000000,2000,OPTSTK,NFO,5.000000,60001,False
88463,DLF27OCT26590CE,DLF,27OCT2026,59000.000000,950,OPTSTK,NFO,5.000000,38001,False
88492,DLF27OCT26750CE,DLF,27OCT2026,75000.000000,950,OPTSTK,NFO,5.000000,38001,False
88500,BAJAJHLDNG29SEP2610800CE,BAJAJHLDNG,29SEP2026,1080000.000000,75,OPTSTK,NFO,5.000000,2251,False
125573,RBLBANK23NOV26360CE,RBLBANK,23NOV2026,36000.000000,3175,OPTSTK,NFO,5.000000,63501,False
125574,RBLBANK23NOV26360PE,RBLBANK,23NOV2026,36000.000000,3175,OPTSTK,NFO,5.000000,63501,False
125608,RBLBANK23NOV26430PE,RBLBANK,23NOV2026,43000.000000,3175,OPTSTK,NFO,5.000000,63501,False
125612,RBLBANK23NOV26450PE,RBLBANK,23NOV2026,45000.000000,3175,OPTSTK,NFO,5.000000,63501,False
88517,BAJAJHLDNG29SEP2612000CE,BAJAJHLDNG,29SEP2026,1200000.000000,75,OPTSTK,NFO,5.000000,2251,False
88604,KOTAKBANK27OCT26380PE,KOTAKBANK,27OCT2026,38000.000000,2000,OPTSTK,NFO,5.000000,60001,False
88613,DLF23NOV26600PE,DLF,23NOV2026,60000.000000,950,OPTSTK,NFO,5.000000,38001,False
88618,DLF23NOV26640CE,DLF,23NOV2026,64000.000000,950,OPTSTK,NFO,5.000000,38001,False
125613,RBLBANK23NOV26460CE,RBLBANK,23NOV2026,46000.000000,3175,OPTSTK,NFO,5.000000,63501,False
125633,MARICO29SEP26700CE,MARICO,29SEP2026,70000.000000,1200,OPTSTK,NFO,5.000000,36001,False
125683,MARICO29SEP26720CE,MARICO,29SEP2026,72000.000000,1200,OPTSTK,NFO,5.000000,36001,False
125721,RECLTD23NOV26290CE,RECLTD,23NOV2026,29000.000000,1575,OPTSTK,NFO,5.000000,63001,False
88637,DLF23NOV26660CE,DLF,23NOV2026,66000.000000,950,OPTSTK,NFO,5.000000,38001,False
88647,KOTAKBANK27OCT26450CE,KOTAKBANK,27OCT2026,45000.000000,2000,OPTSTK,NFO,5.000000,60001,False
88655,DLF23NOV26740PE,DLF,23NOV2026,74000.000000,950,OPTSTK,NFO,5.000000,38001,False
88729,KPITTECH29SEP26550PE,KPITTECH,29SEP2026,55000.000000,775,OPTSTK,NFO,5.000000,38751,False
125724,RECLTD23NOV26300PE,RECLTD,23NOV2026,30000.000000,1575,OPTSTK,NFO,5.000000,63001,False
125734,RECLTD23NOV26340PE,RECLTD,23NOV2026,34000.000000,1575,OPTSTK,NFO,5.000000,63001,False
125741,RECLTD23NOV26380CE,RECLTD,23NOV2026,38000.000000,1575,OPTSTK,NFO,5.000000,63001,False
125743,MARICO29SEP26760PE,MARICO,29SEP2026,76000.000000,1200,OPTSTK,NFO,5.000000,36001,False
88741,KPITTECH29SEP26610PE,KPITTECH,29SEP2026,61000.000000,775,OPTSTK,NFO,5.000000,38751,False
88749,KPITTECH29SEP26670CE,KPITTECH,29SEP2026,67000.000000,775,OPTSTK,NFO,5.000000,38751,False
88930,DMART27OCT263550PE,DMART,27OCT2026,355000.000000,150,OPTSTK,NFO,5.000000,6001,False
88972,DMART27OCT264050CE,DMART,27OCT2026,405000.000000,150,OPTSTK,NFO,5.000000,6001,False
125744,MARICO29SEP26780CE,MARICO,29SEP2026,78000.000000,1200,OPTSTK,NFO,5.000000,36001,False
125745,MARICO29SEP26780PE,MARICO,29SEP2026,78000.000000,1200,OPTSTK,NFO,5.000000,36001,False
125756,MARICO29SEP26800CE,MARICO,29SEP2026,80000.000000,1200,OPTSTK,NFO,5.000000,36001,False
125757,MARICO29SEP26800PE,MARICO,29SEP2026,80000.000000,1200,OPTSTK,NFO,5.000000,36001,False
89011,LAURUSLABS29SEP261740CE,LAURUSLABS,29SEP2026,174000.000000,850,OPTSTK,NFO,5.000000,17001,False
88974,DMART27OCT264150CE,DMART,27OCT2026,415000.000000,150,OPTSTK,NFO,5.000000,6001,False
88978,DMART27OCT264250PE,DMART,27OCT2026,425000.000000,150,OPTSTK,NFO,5.000000,6001,False
88998,BAJFINANCE29SEP26900CE,BAJFINANCE,29SEP2026,90000.000000,750,OPTSTK,NFO,5.000000,22501,False
125773,MARICO29SEP26860CE,MARICO,29SEP2026,86000.000000,1200,OPTSTK,NFO,5.000000,36001,False
125782,MARICO29SEP26940PE,MARICO,29SEP2026,94000.000000,1200,OPTSTK,NFO,5.000000,36001,False
125839,RELIANCE27OCT261150CE,RELIANCE,27OCT2026,115000.000000,500,OPTSTK,NFO,5.000000,20001,False
125869,RELIANCE27OCT261310CE,RELIANCE,27OCT2026,131000.000000,500,OPTSTK,NFO,5.000000,20001,False
89014,LAURUSLABS29SEP261740PE,LAURUSLABS,29SEP2026,174000.000000,850,OPTSTK,NFO,5.000000,17001,False
89020,BAJFINANCE29SEP261100CE,BAJFINANCE,29SEP2026,110000.000000,750,OPTSTK,NFO,5.000000,22501,False
89028,BAJFINANCE29SEP261160PE,BAJFINANCE,29SEP2026,116000.000000,750,OPTSTK,NFO,5.000000,22501,False
89073,LAURUSLABS29SEP261940PE,LAURUSLABS,29SEP2026,194000.000000,850,OPTSTK,NFO,5.000000,17001,False
125870,RELIANCE27OCT261310PE,RELIANCE,27OCT2026,131000.000000,500,OPTSTK,NFO,5.000000,20001,False
125913,RELIANCE27OCT261410CE,RELIANCE,27OCT2026,141000.000000,500,OPTSTK,NFO,5.000000,20001,False
125981,RELIANCE23NOV261140CE,RELIANCE,23NOV2026,114000.000000,500,OPTSTK,NFO,5.000000,20001,False
125983,RELIANCE23NOV261160CE,RELIANCE,23NOV2026,116000.000000,500,OPTSTK,NFO,5.000000,20001,False
89083,BANDHANBNK29SEP26180CE,BANDHANBNK,29SEP2026,18000.000000,3600,OPTSTK,NFO,1.000000,108001,False
89085,BANDHANBNK29SEP26190CE,BANDHANBNK,29SEP2026,19000.000000,3600,OPTSTK,NFO,1.000000,108001,False
89086,BANDHANBNK29SEP26190PE,BANDHANBNK,29SEP2026,19000.000000,3600,OPTSTK,NFO,1.000000,108001,False
89114,BANDHANBNK29SEP26230CE,BANDHANBNK,29SEP2026,23000.000000,3600,OPTSTK,NFO,1.000000,108001,False
126001,RELIANCE23NOV261340CE,RELIANCE,23NOV2026,134000.000000,500,OPTSTK,NFO,5.000000,20001,False
126002,RELIANCE23NOV261340PE,RELIANCE,23NOV2026,134000.000000,500,OPTSTK,NFO,5.000000,20001,False
126007,RELIANCE23NOV261380PE,RELIANCE,23NOV2026,138000.000000,500,OPTSTK,NFO,5.000000,20001,False
126067,RVNL27OCT26185CE,RVNL,27OCT2026,18500.000000,1925,OPTSTK,NFO,1.000000,96251,False
89156,LAURUSLABS27OCT261720PE,LAURUSLABS,27OCT2026,172000.000000,850,OPTSTK,NFO,5.000000,17001,False
89188,DMART23NOV263300CE,DMART,23NOV2026,330000.000000,150,OPTSTK,NFO,5.000000,6001,False
89198,DMART23NOV263800CE,DMART,23NOV2026,380000.000000,150,OPTSTK,NFO,5.000000,6001,False
89283,BANKBARODA29SEP26200PE,BANKBARODA,29SEP2026,20000.000000,2925,OPTSTK,NFO,1.000000,87751,False
126104,RVNL23NOV26170PE,RVNL,23NOV2026,17000.000000,1925,OPTSTK,NFO,1.000000,96251,False
126109,RVNL23NOV26200CE,RVNL,23NOV2026,20000.000000,1925,OPTSTK,NFO,1.000000,96251,False
126115,RVNL23NOV26230CE,RVNL,23NOV2026,23000.000000,1925,OPTSTK,NFO,1.000000,96251,False
126118,RVNL23NOV26240PE,RVNL,23NOV2026,24000.000000,1925,OPTSTK,NFO,1.000000,96251,False
89285,LAURUSLABS27OCT261960CE,LAURUSLABS,27OCT2026,196000.000000,850,OPTSTK,NFO,5.000000,17001,False
89297,DRREDDY27OCT261230CE,DRREDDY,27OCT2026,123000.000000,625,OPTSTK,NFO,5.000000,18751,False
89305,BANKBARODA29SEP26220PE,BANKBARODA,29SEP2026,22000.000000,2925,OPTSTK,NFO,1.000000,87751,False
89309,LAURUSLABS27OCT262080CE,LAURUSLABS,27OCT2026,208000.000000,850,OPTSTK,NFO,5.000000,17001,False
126167,SAGILITY29SEP2643CE,SAGILITY,29SEP2026,4300.000000,12000,OPTSTK,NFO,1.000000,480001,False
126180,SAGILITY29SEP2649PE,SAGILITY,29SEP2026,4900.000000,12000,OPTSTK,NFO,1.000000,480001,False
126185,SAGILITY29SEP2652CE,SAGILITY,29SEP2026,5200.000000,12000,OPTSTK,NFO,1.000000,480001,False
126248,SAGILITY27OCT2651PE,SAGILITY,27OCT2026,5100.000000,12000,OPTSTK,NFO,1.000000,480001,False
89311,LAURUSLABS27OCT262120CE,LAURUSLABS,27OCT2026,212000.000000,850,OPTSTK,NFO,5.000000,17001,False
89421,LICHSGFIN29SEP26470CE,LICHSGFIN,29SEP2026,47000.000000,1000,OPTSTK,NFO,5.000000,40001,False
89424,LICHSGFIN29SEP26490PE,LICHSGFIN,29SEP2026,49000.000000,1000,OPTSTK,NFO,5.000000,40001,False
89515,LICHSGFIN27OCT26540CE,LICHSGFIN,27OCT2026,54000.000000,1000,OPTSTK,NFO,5.000000,40001,False
126250,SAGILITY27OCT2652PE,SAGILITY,27OCT2026,5200.000000,12000,OPTSTK,NFO,1.000000,480001,False
126294,SAGILITY23NOV2644CE,SAGILITY,23NOV2026,4400.000000,12000,OPTSTK,NFO,1.000000,480001,False
126364,SAIL27OCT26172.5PE,SAIL,27OCT2026,17250.000000,4700,OPTSTK,NFO,1.000000,141001,False
126396,MARUTI29SEP2610400PE,MARUTI,29SEP2026,1040000.000000,50,OPTSTK,NFO,5.000000,2001,False
89516,LICHSGFIN27OCT26540PE,LICHSGFIN,27OCT2026,54000.000000,1000,OPTSTK,NFO,5.000000,40001,False
89518,LICHSGFIN27OCT26560PE,LICHSGFIN,27OCT2026,56000.000000,1000,OPTSTK,NFO,5.000000,40001,False
89521,LICHSGFIN27OCT26600CE,LICHSGFIN,27OCT2026,60000.000000,1000,OPTSTK,NFO,5.000000,40001,False
126425,MARUTI29SEP2612800CE,MARUTI,29SEP2026,1280000.000000,50,OPTSTK,NFO,5.000000,2001,False
89519,LICHSGFIN27OCT26580CE,LICHSGFIN,27OCT2026,58000.000000,1000,OPTSTK,NFO,5.000000,40001,False
126405,MARUTI29SEP2611000CE,MARUTI,29SEP2026,1100000.000000,50,OPTSTK,NFO,5.000000,2001,False
126411,MARUTI29SEP2611400CE,MARUTI,29SEP2026,1140000.000000,50,OPTSTK,NFO,5.000000,2001,False
126423,MARUTI29SEP2612600CE,MARUTI,29SEP2026,1260000.000000,50,OPTSTK,NFO,5.000000,2001,False
89583,DRREDDY23NOV261040CE,DRREDDY,23NOV2026,104000.000000,625,OPTSTK,NFO,5.000000,18751,False
89587,DRREDDY23NOV261080CE,DRREDDY,23NOV2026,108000.000000,625,OPTSTK,NFO,5.000000,18751,False
89592,DRREDDY23NOV261120CE,DRREDDY,23NOV2026,112000.000000,625,OPTSTK,NFO,5.000000,18751,False
89609,DRREDDY23NOV261260CE,DRREDDY,23NOV2026,126000.000000,625,OPTSTK,NFO,5.000000,18751,False
126426,MARUTI29SEP2612800PE,MARUTI,29SEP2026,1280000.000000,50,OPTSTK,NFO,5.000000,2001,False
126431,MARUTI29SEP2613400CE,MARUTI,29SEP2026,1340000.000000,50,OPTSTK,NFO,5.000000,2001,False
126432,MARUTI29SEP2613400PE,MARUTI,29SEP2026,1340000.000000,50,OPTSTK,NFO,5.000000,2001,False
126433,MARUTI29SEP2613600CE,MARUTI,29SEP2026,1360000.000000,50,OPTSTK,NFO,5.000000,2001,False
126448,MARUTI29SEP2615000PE,MARUTI,29SEP2026,1500000.000000,50,OPTSTK,NFO,5.000000,2001,False
126453,MARUTI29SEP2615600CE,MARUTI,29SEP2026,1560000.000000,50,OPTSTK,NFO,5.000000,2001,False
126459,SAIL27OCT26217.5PE,SAIL,27OCT2026,21750.000000,4700,OPTSTK,NFO,1.000000,141001,False
126461,MARUTI29SEP2616200CE,MARUTI,29SEP2026,1620000.000000,50,OPTSTK,NFO,5.000000,2001,False
126464,MARUTI29SEP2616200PE,MARUTI,29SEP2026,1620000.000000,50,OPTSTK,NFO,5.000000,2001,False
126518,SAIL23NOV26160CE,SAIL,23NOV2026,16000.000000,4700,OPTSTK,NFO,1.000000,141001,False
126519,SAIL23NOV26160PE,SAIL,23NOV2026,16000.000000,4700,OPTSTK,NFO,1.000000,141001,False
126525,SAIL23NOV26170PE,SAIL,23NOV2026,17000.000000,4700,OPTSTK,NFO,1.000000,141001,False
126527,SAIL23NOV26175CE,SAIL,23NOV2026,17500.000000,4700,OPTSTK,NFO,1.000000,141001,False
126533,SAIL23NOV26185CE,SAIL,23NOV2026,18500.000000,4700,OPTSTK,NFO,1.000000,141001,False
126559,SAIL23NOV26230PE,SAIL,23NOV2026,23000.000000,4700,OPTSTK,NFO,1.000000,141001,False
126590,SBICARD27OCT26590CE,SBICARD,27OCT2026,59000.000000,800,OPTSTK,NFO,5.000000,40001,False
126593,SBICARD27OCT26610PE,SBICARD,27OCT2026,61000.000000,800,OPTSTK,NFO,5.000000,40001,False
126598,SBICARD27OCT26670CE,SBICARD,27OCT2026,67000.000000,800,OPTSTK,NFO,5.000000,40001,False
126600,SBICARD27OCT26690CE,SBICARD,27OCT2026,69000.000000,800,OPTSTK,NFO,5.000000,40001,False
126650,SBICARD23NOV26640CE,SBICARD,23NOV2026,64000.000000,800,OPTSTK,NFO,5.000000,40001,False
126710,SBILIFE27OCT261500CE,SBILIFE,27OCT2026,150000.000000,375,OPTSTK,NFO,5.000000,15001,False
126728,SBILIFE27OCT261860CE,SBILIFE,27OCT2026,186000.000000,375,OPTSTK,NFO,5.000000,15001,False
126729,SBILIFE27OCT261860PE,SBILIFE,27OCT2026,186000.000000,375,OPTSTK,NFO,5.000000,15001,False
126733,SBILIFE27OCT261940PE,SBILIFE,27OCT2026,194000.000000,375,OPTSTK,NFO,5.000000,15001,False
126936,MAXHEALTH29SEP26840PE,MAXHEALTH,29SEP2026,84000.000000,525,OPTSTK,NFO,5.000000,21001,False
126941,MAXHEALTH29SEP26900CE,MAXHEALTH,29SEP2026,90000.000000,525,OPTSTK,NFO,5.000000,21001,False
126943,MAXHEALTH29SEP26920CE,MAXHEALTH,29SEP2026,92000.000000,525,OPTSTK,NFO,5.000000,21001,False
126948,MAXHEALTH29SEP26960PE,MAXHEALTH,29SEP2026,96000.000000,525,OPTSTK,NFO,5.000000,21001,False
126949,MAXHEALTH29SEP26980CE,MAXHEALTH,29SEP2026,98000.000000,525,OPTSTK,NFO,5.000000,21001,False
126961,MAXHEALTH29SEP261100CE,MAXHEALTH,29SEP2026,110000.000000,525,OPTSTK,NFO,5.000000,21001,False
126968,MAXHEALTH29SEP261160PE,MAXHEALTH,29SEP2026,116000.000000,525,OPTSTK,NFO,5.000000,21001,False
126971,MAXHEALTH29SEP261200CE,MAXHEALTH,29SEP2026,120000.000000,525,OPTSTK,NFO,5.000000,21001,False
127000,SBIN27OCT26910CE,SBIN,27OCT2026,91000.000000,750,OPTSTK,NFO,5.000000,22501,False
127008,SBIN27OCT26990CE,SBIN,27OCT2026,99000.000000,750,OPTSTK,NFO,5.000000,22501,False
127011,SBIN27OCT261010PE,SBIN,27OCT2026,101000.000000,750,OPTSTK,NFO,5.000000,22501,False
127020,SBIN27OCT261110CE,SBIN,27OCT2026,111000.000000,750,OPTSTK,NFO,5.000000,22501,False
127025,SBIN27OCT261150PE,SBIN,27OCT2026,115000.000000,750,OPTSTK,NFO,5.000000,22501,False
127143,SBIN23NOV26880PE,SBIN,23NOV2026,88000.000000,750,OPTSTK,NFO,5.000000,22501,False
127169,SBIN23NOV261140PE,SBIN,23NOV2026,114000.000000,750,OPTSTK,NFO,5.000000,22501,False
127219,SHREECEM27OCT2620750PE,SHREECEM,27OCT2026,2075000.000000,25,OPTSTK,NFO,5.000000,1001,False
127223,SHREECEM27OCT2621750PE,SHREECEM,27OCT2026,2175000.000000,25,OPTSTK,NFO,5.000000,1001,False
127224,SHREECEM27OCT2622250CE,SHREECEM,27OCT2026,2225000.000000,25,OPTSTK,NFO,5.000000,1001,False
127233,SHREECEM27OCT2624250PE,SHREECEM,27OCT2026,2425000.000000,25,OPTSTK,NFO,5.000000,1001,False
127301,SHREECEM23NOV2621500PE,SHREECEM,23NOV2026,2150000.000000,25,OPTSTK,NFO,5.000000,1001,False
127313,SHREECEM23NOV2624500PE,SHREECEM,23NOV2026,2450000.000000,25,OPTSTK,NFO,5.000000,1001,False
127326,SHREECEM23NOV2628000CE,SHREECEM,23NOV2026,2800000.000000,25,OPTSTK,NFO,5.000000,1001,False
127404,SHRIRAMFIN27OCT261100CE,SHRIRAMFIN,27OCT2026,110000.000000,825,OPTSTK,NFO,5.000000,24751,False
127407,SHRIRAMFIN27OCT261140PE,SHRIRAMFIN,27OCT2026,114000.000000,825,OPTSTK,NFO,5.000000,24751,False
127448,MAZDOCK29SEP261900PE,MAZDOCK,29SEP2026,190000.000000,225,OPTSTK,NFO,5.000000,9001,False
127450,MAZDOCK29SEP262000PE,MAZDOCK,29SEP2026,200000.000000,225,OPTSTK,NFO,5.000000,9001,False
127455,SHRIRAMFIN23NOV26880CE,SHRIRAMFIN,23NOV2026,88000.000000,825,OPTSTK,NFO,5.000000,24751,False
127460,MAZDOCK29SEP262400CE,MAZDOCK,29SEP2026,240000.000000,225,OPTSTK,NFO,5.000000,9001,False
127469,MAZDOCK29SEP262800PE,MAZDOCK,29SEP2026,280000.000000,225,OPTSTK,NFO,5.000000,9001,False
127472,MAZDOCK29SEP263000CE,MAZDOCK,29SEP2026,300000.000000,225,OPTSTK,NFO,5.000000,9001,False
127481,SHRIRAMFIN23NOV261000PE,SHRIRAMFIN,23NOV2026,100000.000000,825,OPTSTK,NFO,5.000000,24751,False
127489,SHRIRAMFIN23NOV261080CE,SHRIRAMFIN,23NOV2026,108000.000000,825,OPTSTK,NFO,5.000000,24751,False
127726,SOLARINDS27OCT2619750CE,SOLARINDS,27OCT2026,1975000.000000,50,OPTSTK,NFO,5.000000,1501,False
127616,SIEMENS27OCT264250PE,SIEMENS,27OCT2026,425000.000000,175,OPTSTK,NFO,5.000000,7001,False
127621,SIEMENS27OCT264450PE,SIEMENS,27OCT2026,445000.000000,175,OPTSTK,NFO,5.000000,7001,False
127680,SIEMENS23NOV264500CE,SIEMENS,23NOV2026,450000.000000,175,OPTSTK,NFO,5.000000,7001,False
127739,SOLARINDS27OCT2622750PE,SOLARINDS,27OCT2026,2275000.000000,50,OPTSTK,NFO,5.000000,1501,False
127741,SOLARINDS27OCT2623250PE,SOLARINDS,27OCT2026,2325000.000000,50,OPTSTK,NFO,5.000000,1501,False
127742,SOLARINDS27OCT2623750CE,SOLARINDS,27OCT2026,2375000.000000,50,OPTSTK,NFO,5.000000,1501,False
127852,SOLARINDS23NOV2621000PE,SOLARINDS,23NOV2026,2100000.000000,50,OPTSTK,NFO,5.000000,1501,False
127858,SOLARINDS23NOV2622500PE,SOLARINDS,23NOV2026,2250000.000000,50,OPTSTK,NFO,5.000000,1501,False
127859,SOLARINDS23NOV2623000CE,SOLARINDS,23NOV2026,2300000.000000,50,OPTSTK,NFO,5.000000,1501,False
127860,SOLARINDS23NOV2623000PE,SOLARINDS,23NOV2026,2300000.000000,50,OPTSTK,NFO,5.000000,1501,False
127872,SOLARINDS23NOV2624000PE,SOLARINDS,23NOV2026,2400000.000000,50,OPTSTK,NFO,5.000000,1501,False
127892,MCX29SEP263700CE,MCX,29SEP2026,370000.000000,225,OPTSTK,NFO,5.000000,6751,False
127902,SOLARINDS23NOV2625000CE,SOLARINDS,23NOV2026,2500000.000000,50,OPTSTK,NFO,5.000000,1501,False
127978,MFSL29SEP261400CE,MFSL,29SEP2026,140000.000000,400,OPTSTK,NFO,5.000000,16001,False
127980,MFSL29SEP261440CE,MFSL,29SEP2026,144000.000000,400,OPTSTK,NFO,5.000000,16001,False
127983,MFSL29SEP261480PE,MFSL,29SEP2026,148000.000000,400,OPTSTK,NFO,5.000000,16001,False
127997,MFSL29SEP261760PE,MFSL,29SEP2026,176000.000000,400,OPTSTK,NFO,5.000000,16001,False
128034,SONACOMS27OCT26770CE,SONACOMS,27OCT2026,77000.000000,1225,OPTSTK,NFO,5.000000,36751,False
128039,SONACOMS27OCT26810PE,SONACOMS,27OCT2026,81000.000000,1225,OPTSTK,NFO,5.000000,36751,False
128078,SONACOMS23NOV26720CE,SONACOMS,23NOV2026,72000.000000,1225,OPTSTK,NFO,5.000000,36751,False
128088,SONACOMS23NOV26820CE,SONACOMS,23NOV2026,82000.000000,1225,OPTSTK,NFO,5.000000,36751,False
128091,SONACOMS23NOV26840PE,SONACOMS,23NOV2026,84000.000000,1225,OPTSTK,NFO,5.000000,36751,False
128095,SONACOMS23NOV26880PE,SONACOMS,23NOV2026,88000.000000,1225,OPTSTK,NFO,5.000000,36751,False
128124,SRF27OCT262450CE,SRF,27OCT2026,245000.000000,200,OPTSTK,NFO,5.000000,8001,False
128125,SRF27OCT262450PE,SRF,27OCT2026,245000.000000,200,OPTSTK,NFO,5.000000,8001,False
128132,SRF27OCT262750PE,SRF,27OCT2026,275000.000000,200,OPTSTK,NFO,5.000000,8001,False
128177,SRF23NOV262200CE,SRF,23NOV2026,220000.000000,200,OPTSTK,NFO,5.000000,8001,False
128259,SUNPHARMA27OCT261980CE,SUNPHARMA,27OCT2026,198000.000000,350,OPTSTK,NFO,5.000000,14001,False
128275,SUNPHARMA27OCT262060PE,SUNPHARMA,27OCT2026,206000.000000,350,OPTSTK,NFO,5.000000,14001,False
128326,SUNPHARMA23NOV261720PE,SUNPHARMA,23NOV2026,172000.000000,350,OPTSTK,NFO,5.000000,14001,False
128335,SUNPHARMA23NOV261920CE,SUNPHARMA,23NOV2026,192000.000000,350,OPTSTK,NFO,5.000000,14001,False
128397,SUPREMEIND27OCT263050PE,SUPREMEIND,27OCT2026,305000.000000,175,OPTSTK,NFO,5.000000,7001,False
128405,SUPREMEIND27OCT263450PE,SUPREMEIND,27OCT2026,345000.000000,175,OPTSTK,NFO,5.000000,7001,False
128462,SUPREMEIND23NOV263200PE,SUPREMEIND,23NOV2026,320000.000000,175,OPTSTK,NFO,5.000000,7001,False
128463,SUPREMEIND23NOV263300CE,SUPREMEIND,23NOV2026,330000.000000,175,OPTSTK,NFO,5.000000,7001,False
128464,SUPREMEIND23NOV263300PE,SUPREMEIND,23NOV2026,330000.000000,175,OPTSTK,NFO,5.000000,7001,False
128485,SUPREMEIND23NOV263800PE,SUPREMEIND,23NOV2026,380000.000000,175,OPTSTK,NFO,5.000000,7001,False
128537,MOTHERSON29SEP26140PE,MOTHERSON,29SEP2026,14000.000000,6150,OPTSTK,NFO,1.000000,184501,False
128539,MOTHERSON29SEP26145PE,MOTHERSON,29SEP2026,14500.000000,6150,OPTSTK,NFO,1.000000,184501,False
128570,SUZLON27OCT2639CE,SUZLON,27OCT2026,3900.000000,12700,OPTSTK,NFO,1.000000,381001,False
128574,SUZLON27OCT2643CE,SUZLON,27OCT2026,4300.000000,12700,OPTSTK,NFO,1.000000,381001,False
128632,SUZLON23NOV2642PE,SUZLON,23NOV2026,4200.000000,12700,OPTSTK,NFO,1.000000,381001,False
128635,SUZLON23NOV2646CE,SUZLON,23NOV2026,4600.000000,12700,OPTSTK,NFO,1.000000,381001,False
128640,SUZLON23NOV2650PE,SUZLON,23NOV2026,5000.000000,12700,OPTSTK,NFO,1.000000,381001,False
128673,SWIGGY27OCT26245PE,SWIGGY,27OCT2026,24500.000000,1825,OPTSTK,NFO,5.000000,73001,False
128808,SWIGGY23NOV26250PE,SWIGGY,23NOV2026,25000.000000,1825,OPTSTK,NFO,5.000000,73001,False
128818,SWIGGY23NOV26300PE,SWIGGY,23NOV2026,30000.000000,1825,OPTSTK,NFO,5.000000,73001,False
128861,TATACONSUM27OCT26910CE,TATACONSUM,27OCT2026,91000.000000,550,OPTSTK,NFO,5.000000,22001,False
128863,TATACONSUM27OCT26930CE,TATACONSUM,27OCT2026,93000.000000,550,OPTSTK,NFO,5.000000,22001,False
128877,TATACONSUM27OCT26950PE,TATACONSUM,27OCT2026,95000.000000,550,OPTSTK,NFO,5.000000,22001,False
128883,TATACONSUM27OCT261010PE,TATACONSUM,27OCT2026,101000.000000,550,OPTSTK,NFO,5.000000,22001,False
128893,MOTILALOFS29SEP26800CE,MOTILALOFS,29SEP2026,80000.000000,775,OPTSTK,NFO,5.000000,23251,False
128895,MOTILALOFS29SEP26840CE,MOTILALOFS,29SEP2026,84000.000000,775,OPTSTK,NFO,5.000000,23251,False
128910,TATACONSUM27OCT261070PE,TATACONSUM,27OCT2026,107000.000000,550,OPTSTK,NFO,5.000000,22001,False
128932,MOTILALOFS29SEP261160PE,MOTILALOFS,29SEP2026,116000.000000,775,OPTSTK,NFO,5.000000,23251,False
128935,TATACONSUM27OCT261090CE,TATACONSUM,27OCT2026,109000.000000,550,OPTSTK,NFO,5.000000,22001,False
129030,TATACONSUM23NOV26840CE,TATACONSUM,23NOV2026,84000.000000,550,OPTSTK,NFO,5.000000,22001,False
129045,TATACONSUM23NOV26980PE,TATACONSUM,23NOV2026,98000.000000,550,OPTSTK,NFO,5.000000,22001,False
129054,TATACONSUM23NOV261080CE,TATACONSUM,23NOV2026,108000.000000,550,OPTSTK,NFO,5.000000,22001,False
129126,TATAELXSI27OCT263550CE,TATAELXSI,27OCT2026,355000.000000,125,OPTSTK,NFO,5.000000,6251,False
129135,TATAELXSI27OCT263950CE,TATAELXSI,27OCT2026,395000.000000,125,OPTSTK,NFO,5.000000,6251,False
129226,TATAELXSI23NOV263000PE,TATAELXSI,23NOV2026,300000.000000,125,OPTSTK,NFO,5.000000,6251,False
129250,TATAELXSI23NOV263400PE,TATAELXSI,23NOV2026,340000.000000,125,OPTSTK,NFO,5.000000,6251,False
129335,TATAPOWER27OCT26395CE,TATAPOWER,27OCT2026,39500.000000,1450,OPTSTK,NFO,5.000000,58001,False
129374,TATAPOWER23NOV26280PE,TATAPOWER,23NOV2026,28000.000000,1450,OPTSTK,NFO,5.000000,58001,False
129481,TATASTEEL27OCT26167.5PE,TATASTEEL,27OCT2026,16750.000000,2750,OPTSTK,NFO,1.000000,137501,False
129482,TATASTEEL27OCT26172.5CE,TATASTEEL,27OCT2026,17250.000000,2750,OPTSTK,NFO,1.000000,137501,False
129489,TATASTEEL27OCT26182.5PE,TATASTEEL,27OCT2026,18250.000000,2750,OPTSTK,NFO,1.000000,137501,False
129546,TATASTEEL23NOV26150CE,TATASTEEL,23NOV2026,15000.000000,2750,OPTSTK,NFO,1.000000,137501,False
129564,TATASTEEL23NOV26190CE,TATASTEEL,23NOV2026,19000.000000,2750,OPTSTK,NFO,1.000000,137501,False
129568,TATASTEEL23NOV26200CE,TATASTEEL,23NOV2026,20000.000000,2750,OPTSTK,NFO,1.000000,137501,False
129576,TATASTEEL23NOV26220CE,TATASTEEL,23NOV2026,22000.000000,2750,OPTSTK,NFO,1.000000,137501,False
129624,MUTHOOTFIN29SEP262400PE,MUTHOOTFIN,29SEP2026,240000.000000,275,OPTSTK,NFO,5.000000,8251,False
129646,MUTHOOTFIN29SEP263400PE,MUTHOOTFIN,29SEP2026,340000.000000,275,OPTSTK,NFO,5.000000,8251,False
129648,MUTHOOTFIN29SEP263500PE,MUTHOOTFIN,29SEP2026,350000.000000,275,OPTSTK,NFO,5.000000,8251,False
129650,MUTHOOTFIN29SEP263600PE,MUTHOOTFIN,29SEP2026,360000.000000,275,OPTSTK,NFO,5.000000,8251,False
129657,TCS27OCT262020CE,TCS,27OCT2026,202000.000000,225,OPTSTK,NFO,5.000000,9001,False
129664,TCS27OCT262100PE,TCS,27OCT2026,210000.000000,225,OPTSTK,NFO,5.000000,9001,False
129673,TCS27OCT262220CE,TCS,27OCT2026,222000.000000,225,OPTSTK,NFO,5.000000,9001,False
129674,TCS27OCT262220PE,TCS,27OCT2026,222000.000000,225,OPTSTK,NFO,5.000000,9001,False
129679,TCS27OCT262340CE,TCS,27OCT2026,234000.000000,225,OPTSTK,NFO,5.000000,9001,False
129685,TCS27OCT262420CE,TCS,27OCT2026,242000.000000,225,OPTSTK,NFO,5.000000,9001,False
129720,TCS27OCT262580CE,TCS,27OCT2026,258000.000000,225,OPTSTK,NFO,5.000000,9001,False
129721,TCS27OCT262580PE,TCS,27OCT2026,258000.000000,225,OPTSTK,NFO,5.000000,9001,False
129798,TCS23NOV262520CE,TCS,23NOV2026,252000.000000,225,OPTSTK,NFO,5.000000,9001,False
129891,TECHM27OCT261380PE,TECHM,27OCT2026,138000.000000,600,OPTSTK,NFO,5.000000,18001,False
129893,TECHM27OCT261420PE,TECHM,27OCT2026,142000.000000,600,OPTSTK,NFO,5.000000,18001,False
129898,TECHM27OCT261540CE,TECHM,27OCT2026,154000.000000,600,OPTSTK,NFO,5.000000,18001,False
129912,TECHM27OCT261740CE,TECHM,27OCT2026,174000.000000,600,OPTSTK,NFO,5.000000,18001,False
129913,TECHM27OCT261740PE,TECHM,27OCT2026,174000.000000,600,OPTSTK,NFO,5.000000,18001,False
129914,TECHM27OCT261780CE,TECHM,27OCT2026,178000.000000,600,OPTSTK,NFO,5.000000,18001,False
129916,TECHM27OCT261780PE,TECHM,27OCT2026,178000.000000,600,OPTSTK,NFO,5.000000,18001,False
129951,NAM-INDIA29SEP261000PE,NAM-INDIA,29SEP2026,100000.000000,625,OPTSTK,NFO,5.000000,18751,False
129982,TECHM23NOV261840CE,TECHM,23NOV2026,184000.000000,600,OPTSTK,NFO,5.000000,18001,False
130006,NAM-INDIA29SEP261280PE,NAM-INDIA,29SEP2026,128000.000000,625,OPTSTK,NFO,5.000000,18751,False
130053,NATIONALUM29SEP26280CE,NATIONALUM,29SEP2026,28000.000000,1875,OPTSTK,NFO,5.000000,56251,False
130057,NATIONALUM29SEP26320CE,NATIONALUM,29SEP2026,32000.000000,1875,OPTSTK,NFO,5.000000,56251,False
130060,NATIONALUM29SEP26340PE,NATIONALUM,29SEP2026,34000.000000,1875,OPTSTK,NFO,5.000000,56251,False
130064,NATIONALUM29SEP26380PE,NATIONALUM,29SEP2026,38000.000000,1875,OPTSTK,NFO,5.000000,56251,False
130085,TIINDIA27OCT262250CE,TIINDIA,27OCT2026,225000.000000,200,OPTSTK,NFO,5.000000,8001,False
130086,TIINDIA27OCT262250PE,TIINDIA,27OCT2026,225000.000000,200,OPTSTK,NFO,5.000000,8001,False
130093,TIINDIA27OCT262650CE,TIINDIA,27OCT2026,265000.000000,200,OPTSTK,NFO,5.000000,8001,False
130094,TIINDIA27OCT262650PE,TIINDIA,27OCT2026,265000.000000,200,OPTSTK,NFO,5.000000,8001,False
130100,TIINDIA27OCT262950PE,TIINDIA,27OCT2026,295000.000000,200,OPTSTK,NFO,5.000000,8001,False
130167,TIINDIA23NOV262300CE,TIINDIA,23NOV2026,230000.000000,200,OPTSTK,NFO,5.000000,8001,False
130180,TIINDIA23NOV262700PE,TIINDIA,23NOV2026,270000.000000,200,OPTSTK,NFO,5.000000,8001,False
130185,TIINDIA23NOV263000CE,TIINDIA,23NOV2026,300000.000000,200,OPTSTK,NFO,5.000000,8001,False
130244,TITAN27OCT265450PE,TITAN,27OCT2026,545000.000000,175,OPTSTK,NFO,5.000000,5251,False
130245,TITAN27OCT265550CE,TITAN,27OCT2026,555000.000000,175,OPTSTK,NFO,5.000000,5251,False
130287,TITAN23NOV264400CE,TITAN,23NOV2026,440000.000000,175,OPTSTK,NFO,5.000000,5251,False
130300,TITAN23NOV265000PE,TITAN,23NOV2026,500000.000000,175,OPTSTK,NFO,5.000000,5251,False
130303,TITAN23NOV265200CE,TITAN,23NOV2026,520000.000000,175,OPTSTK,NFO,5.000000,5251,False
130389,TMPV27OCT26295PE,TMPV,27OCT2026,29500.000000,1600,OPTSTK,NFO,5.000000,64001,False
130391,TMPV27OCT26305PE,TMPV,27OCT2026,30500.000000,1600,OPTSTK,NFO,5.000000,64001,False
130396,NAUKRI29SEP261280PE,NAUKRI,29SEP2026,128000.000000,550,OPTSTK,NFO,5.000000,16501,False
130398,NAUKRI29SEP261320PE,NAUKRI,29SEP2026,132000.000000,550,OPTSTK,NFO,5.000000,16501,False
130400,NAUKRI29SEP261360PE,NAUKRI,29SEP2026,136000.000000,550,OPTSTK,NFO,5.000000,16501,False
130465,TMPV23NOV26320CE,TMPV,23NOV2026,32000.000000,1600,OPTSTK,NFO,5.000000,64001,False
130474,TMPV23NOV26360PE,TMPV,23NOV2026,36000.000000,1600,OPTSTK,NFO,5.000000,64001,False
130542,TORNTPHARM27OCT264950CE,TORNTPHARM,27OCT2026,495000.000000,125,OPTSTK,NFO,5.000000,5001,False
130543,TORNTPHARM27OCT264950PE,TORNTPHARM,27OCT2026,495000.000000,125,OPTSTK,NFO,5.000000,5001,False
130544,TORNTPHARM27OCT265050CE,TORNTPHARM,27OCT2026,505000.000000,125,OPTSTK,NFO,5.000000,5001,False
130553,TORNTPHARM27OCT265450PE,TORNTPHARM,27OCT2026,545000.000000,125,OPTSTK,NFO,5.000000,5001,False
89613,NIFTY26JUN2918000PE,NIFTY,26JUN2029,1800000.000000,65,OPTIDX,NFO,5.000000,1801,False
89617,DRREDDY23NOV261320CE,DRREDDY,23NOV2026,132000.000000,625,OPTSTK,NFO,5.000000,18751,False
89631,NIFTY26JUN2924000PE,NIFTY,26JUN2029,2400000.000000,65,OPTIDX,NFO,5.000000,1801,False
89636,NIFTY26JUN2927000CE,NIFTY,26JUN2029,2700000.000000,65,OPTIDX,NFO,5.000000,1801,False
130600,TORNTPHARM23NOV264500CE,TORNTPHARM,23NOV2026,450000.000000,125,OPTSTK,NFO,5.000000,5001,False
130606,TORNTPHARM23NOV264800CE,TORNTPHARM,23NOV2026,480000.000000,125,OPTSTK,NFO,5.000000,5001,False
130697,NBCC29SEP2690CE,NBCC,29SEP2026,9000.000000,6500,OPTSTK,NFO,1.000000,260001,False
130701,NBCC29SEP26100CE,NBCC,29SEP2026,10000.000000,6500,OPTSTK,NFO,1.000000,260001,False
89637,NIFTY26JUN2927000PE,NIFTY,26JUN2029,2700000.000000,65,OPTIDX,NFO,5.000000,1801,False
89642,NIFTY26JUN2930000CE,NIFTY,26JUN2029,3000000.000000,65,OPTIDX,NFO,5.000000,1801,False
89648,NIFTY26JUN2933000CE,NIFTY,26JUN2029,3300000.000000,65,OPTIDX,NFO,5.000000,1801,False
89717,LICI29SEP26365CE,LICI,29SEP2026,36500.000000,1400,OPTSTK,NFO,5.000000,56001,False
130703,NBCC29SEP26105CE,NBCC,29SEP2026,10500.000000,6500,OPTSTK,NFO,1.000000,260001,False
130770,TRENT27OCT263050CE,TRENT,27OCT2026,305000.000000,225,OPTSTK,NFO,5.000000,9001,False
130772,TRENT27OCT263150CE,TRENT,27OCT2026,315000.000000,225,OPTSTK,NFO,5.000000,9001,False
130809,TRENT23NOV262800PE,TRENT,23NOV2026,280000.000000,225,OPTSTK,NFO,5.000000,9001,False
89736,EICHERMOT27OCT266500CE,EICHERMOT,27OCT2026,650000.000000,100,OPTSTK,NFO,5.000000,3001,False
89739,EICHERMOT27OCT266700PE,EICHERMOT,27OCT2026,670000.000000,100,OPTSTK,NFO,5.000000,3001,False
89745,EICHERMOT27OCT267300PE,EICHERMOT,27OCT2026,730000.000000,100,OPTSTK,NFO,5.000000,3001,False
89748,EICHERMOT27OCT267700CE,EICHERMOT,27OCT2026,770000.000000,100,OPTSTK,NFO,5.000000,3001,False
89758,BANKINDIA29SEP26130CE,BANKINDIA,29SEP2026,13000.000000,5200,OPTSTK,NFO,1.000000,156001,False
89766,EICHERMOT27OCT268300CE,EICHERMOT,27OCT2026,830000.000000,100,OPTSTK,NFO,5.000000,3001,False
89767,EICHERMOT27OCT268300PE,EICHERMOT,27OCT2026,830000.000000,100,OPTSTK,NFO,5.000000,3001,False
89768,EICHERMOT27OCT268500CE,EICHERMOT,27OCT2026,850000.000000,100,OPTSTK,NFO,5.000000,3001,False
130814,TRENT23NOV263100CE,TRENT,23NOV2026,310000.000000,225,OPTSTK,NFO,5.000000,9001,False
130926,TVSMOTOR23NOV264000CE,TVSMOTOR,23NOV2026,400000.000000,175,OPTSTK,NFO,5.000000,5251,False
130930,TVSMOTOR23NOV264200CE,TVSMOTOR,23NOV2026,420000.000000,175,OPTSTK,NFO,5.000000,5251,False
130931,TVSMOTOR23NOV264200PE,TVSMOTOR,23NOV2026,420000.000000,175,OPTSTK,NFO,5.000000,5251,False
89776,LICI29SEP26385PE,LICI,29SEP2026,38500.000000,1400,OPTSTK,NFO,5.000000,56001,False
89798,BANKINDIA29SEP26150CE,BANKINDIA,29SEP2026,15000.000000,5200,OPTSTK,NFO,1.000000,156001,False
89805,BANKINDIA29SEP26160PE,BANKINDIA,29SEP2026,16000.000000,5200,OPTSTK,NFO,1.000000,156001,False
89891,LICI27OCT26340PE,LICI,27OCT2026,34000.000000,1400,OPTSTK,NFO,5.000000,56001,False
130941,TVSMOTOR23NOV264600CE,TVSMOTOR,23NOV2026,460000.000000,175,OPTSTK,NFO,5.000000,5251,False
130944,TVSMOTOR23NOV264700PE,TVSMOTOR,23NOV2026,470000.000000,175,OPTSTK,NFO,5.000000,5251,False
131027,ULTRACEMCO27OCT2610500PE,ULTRACEMCO,27OCT2026,1050000.000000,50,OPTSTK,NFO,5.000000,2001,False
131028,ULTRACEMCO27OCT2610700CE,ULTRACEMCO,27OCT2026,1070000.000000,50,OPTSTK,NFO,5.000000,2001,False
89921,LICI27OCT26400CE,LICI,27OCT2026,40000.000000,1400,OPTSTK,NFO,5.000000,56001,False
89929,LICI27OCT26430PE,LICI,27OCT2026,43000.000000,1400,OPTSTK,NFO,5.000000,56001,False
89934,LICI27OCT26460CE,LICI,27OCT2026,46000.000000,1400,OPTSTK,NFO,5.000000,56001,False
89937,LICI27OCT26470PE,LICI,27OCT2026,47000.000000,1400,OPTSTK,NFO,5.000000,56001,False
131035,ULTRACEMCO27OCT2611300CE,ULTRACEMCO,27OCT2026,1130000.000000,50,OPTSTK,NFO,5.000000,2001,False
131051,ULTRACEMCO27OCT2612300CE,ULTRACEMCO,27OCT2026,1230000.000000,50,OPTSTK,NFO,5.000000,2001,False
131154,ULTRACEMCO23NOV269600PE,ULTRACEMCO,23NOV2026,960000.000000,50,OPTSTK,NFO,5.000000,2001,False
131183,ULTRACEMCO23NOV2610400PE,ULTRACEMCO,23NOV2026,1040000.000000,50,OPTSTK,NFO,5.000000,2001,False
89984,LODHA29SEP261100PE,LODHA,29SEP2026,110000.000000,625,OPTSTK,NFO,5.000000,18751,False
90059,EICHERMOT23NOV266800PE,EICHERMOT,23NOV2026,680000.000000,100,OPTSTK,NFO,5.000000,3001,False
90099,BDL29SEP261040PE,BDL,29SEP2026,104000.000000,425,OPTSTK,NFO,5.000000,17001,False
90106,BDL29SEP261200CE,BDL,29SEP2026,120000.000000,425,OPTSTK,NFO,5.000000,17001,False
131185,ULTRACEMCO23NOV2610600PE,ULTRACEMCO,23NOV2026,1060000.000000,50,OPTSTK,NFO,5.000000,2001,False
131187,ULTRACEMCO23NOV2610800PE,ULTRACEMCO,23NOV2026,1080000.000000,50,OPTSTK,NFO,5.000000,2001,False
131204,ULTRACEMCO23NOV2612600CE,ULTRACEMCO,23NOV2026,1260000.000000,50,OPTSTK,NFO,5.000000,2001,False
131346,NESTLEIND29SEP261240PE,NESTLEIND,29SEP2026,124000.000000,500,OPTSTK,NFO,5.000000,15001,False
90112,BDL29SEP261320CE,BDL,29SEP2026,132000.000000,425,OPTSTK,NFO,5.000000,17001,False
90114,EICHERMOT23NOV268400CE,EICHERMOT,23NOV2026,840000.000000,100,OPTSTK,NFO,5.000000,3001,False
90119,BDL29SEP261360PE,BDL,29SEP2026,136000.000000,425,OPTSTK,NFO,5.000000,17001,False
90126,BDL29SEP261520CE,BDL,29SEP2026,152000.000000,425,OPTSTK,NFO,5.000000,17001,False
131351,NESTLEIND29SEP261300CE,NESTLEIND,29SEP2026,130000.000000,500,OPTSTK,NFO,5.000000,15001,False
131368,UNIONBANK27OCT26167.5PE,UNIONBANK,27OCT2026,16750.000000,4425,OPTSTK,NFO,1.000000,132751,False
131379,UNIONBANK27OCT26197.5CE,UNIONBANK,27OCT2026,19750.000000,4425,OPTSTK,NFO,1.000000,132751,False
131383,UNIONBANK27OCT26207.5CE,UNIONBANK,27OCT2026,20750.000000,4425,OPTSTK,NFO,1.000000,132751,False
90233,ETERNAL27OCT26325PE,ETERNAL,27OCT2026,32500.000000,2425,OPTSTK,NFO,5.000000,72751,False
90234,ETERNAL27OCT26335CE,ETERNAL,27OCT2026,33500.000000,2425,OPTSTK,NFO,5.000000,72751,False
90236,ETERNAL27OCT26345CE,ETERNAL,27OCT2026,34500.000000,2425,OPTSTK,NFO,5.000000,72751,False
90242,LODHA27OCT26960CE,LODHA,27OCT2026,96000.000000,625,OPTSTK,NFO,5.000000,18751,False
131434,NESTLEIND29SEP261480PE,NESTLEIND,29SEP2026,148000.000000,500,OPTSTK,NFO,5.000000,15001,False
131437,NESTLEIND29SEP261520CE,NESTLEIND,29SEP2026,152000.000000,500,OPTSTK,NFO,5.000000,15001,False
131440,NESTLEIND29SEP261540PE,NESTLEIND,29SEP2026,154000.000000,500,OPTSTK,NFO,5.000000,15001,False
131448,UNIONBANK23NOV26190CE,UNIONBANK,23NOV2026,19000.000000,4425,OPTSTK,NFO,1.000000,132751,False
90243,LODHA27OCT26960PE,LODHA,27OCT2026,96000.000000,625,OPTSTK,NFO,5.000000,18751,False
90250,LODHA27OCT261120CE,LODHA,27OCT2026,112000.000000,625,OPTSTK,NFO,5.000000,18751,False
90251,LODHA27OCT261120PE,LODHA,27OCT2026,112000.000000,625,OPTSTK,NFO,5.000000,18751,False
90259,LODHA27OCT261280PE,LODHA,27OCT2026,128000.000000,625,OPTSTK,NFO,5.000000,18751,False
131455,NESTLEIND29SEP261680CE,NESTLEIND,29SEP2026,168000.000000,500,OPTSTK,NFO,5.000000,15001,False
131575,UNITDSPR27OCT261540CE,UNITDSPR,27OCT2026,154000.000000,400,OPTSTK,NFO,5.000000,16001,False
131582,UNITDSPR27OCT261660PE,UNITDSPR,27OCT2026,166000.000000,400,OPTSTK,NFO,5.000000,16001,False
131627,UNITDSPR23NOV261480PE,UNITDSPR,23NOV2026,148000.000000,400,OPTSTK,NFO,5.000000,16001,False
90267,LODHA27OCT261360PE,LODHA,27OCT2026,136000.000000,625,OPTSTK,NFO,5.000000,18751,False
90319,LT29SEP263550PE,LT,29SEP2026,355000.000000,175,OPTSTK,NFO,5.000000,7001,False
90321,LT29SEP263650PE,LT,29SEP2026,365000.000000,175,OPTSTK,NFO,5.000000,7001,False
90326,LT29SEP263950CE,LT,29SEP2026,395000.000000,175,OPTSTK,NFO,5.000000,7001,False
131630,UNITDSPR23NOV261560CE,UNITDSPR,23NOV2026,156000.000000,400,OPTSTK,NFO,5.000000,16001,False
131670,UNOMINDA27OCT261100CE,UNOMINDA,27OCT2026,110000.000000,550,OPTSTK,NFO,5.000000,22001,False
131677,UNOMINDA27OCT261220PE,UNOMINDA,27OCT2026,122000.000000,550,OPTSTK,NFO,5.000000,22001,False
131833,NHPC29SEP2676CE,NHPC,29SEP2026,7600.000000,6950,OPTSTK,NFO,1.000000,278001,False
90330,LT29SEP264150CE,LT,29SEP2026,415000.000000,175,OPTSTK,NFO,5.000000,7001,False
90376,ETERNAL23NOV26280CE,ETERNAL,23NOV2026,28000.000000,2425,OPTSTK,NFO,5.000000,72751,False
90380,ETERNAL23NOV26290CE,ETERNAL,23NOV2026,29000.000000,2425,OPTSTK,NFO,5.000000,72751,False
90402,LT27OCT263500CE,LT,27OCT2026,350000.000000,175,OPTSTK,NFO,5.000000,7001,False
131849,UPL27OCT26570CE,UPL,27OCT2026,57000.000000,1355,OPTSTK,NFO,5.000000,40651,False
131893,UPL23NOV26500CE,UPL,23NOV2026,50000.000000,1355,OPTSTK,NFO,5.000000,40651,False
131898,UPL23NOV26540PE,UPL,23NOV2026,54000.000000,1355,OPTSTK,NFO,5.000000,40651,False
131900,UPL23NOV26560PE,UPL,23NOV2026,56000.000000,1355,OPTSTK,NFO,5.000000,40651,False
90407,LT27OCT263700PE,LT,27OCT2026,370000.000000,175,OPTSTK,NFO,5.000000,7001,False
90411,LT27OCT263900PE,LT,27OCT2026,390000.000000,175,OPTSTK,NFO,5.000000,7001,False
90416,ETERNAL23NOV26300CE,ETERNAL,23NOV2026,30000.000000,2425,OPTSTK,NFO,5.000000,72751,False
90474,ETERNAL23NOV26330CE,ETERNAL,23NOV2026,33000.000000,2425,OPTSTK,NFO,5.000000,72751,False
131908,UPL23NOV26640PE,UPL,23NOV2026,64000.000000,1355,OPTSTK,NFO,5.000000,40651,False
131936,VBL27OCT26370PE,VBL,27OCT2026,37000.000000,1275,OPTSTK,NFO,5.000000,51001,False
131965,VBL27OCT26470CE,VBL,27OCT2026,47000.000000,1275,OPTSTK,NFO,5.000000,51001,False
132022,VBL23NOV26520CE,VBL,23NOV2026,52000.000000,1275,OPTSTK,NFO,5.000000,51001,False
90478,ETERNAL23NOV26340CE,ETERNAL,23NOV2026,34000.000000,2425,OPTSTK,NFO,5.000000,72751,False
90515,BEL29SEP26350PE,BEL,29SEP2026,35000.000000,1425,OPTSTK,NFO,5.000000,57001,False
90519,BEL29SEP26370PE,BEL,29SEP2026,37000.000000,1425,OPTSTK,NFO,5.000000,57001,False
90615,FEDERALBNK27OCT26325PE,FEDERALBNK,27OCT2026,32500.000000,2500,OPTSTK,NFO,5.000000,75001,False
132233,VEDL23NOV26260PE,VEDL,23NOV2026,26000.000000,1150,OPTSTK,NFO,5.000000,80501,False
132241,VEDL23NOV26300PE,VEDL,23NOV2026,30000.000000,1150,OPTSTK,NFO,5.000000,80501,False
132284,VMM27OCT26107.5CE,VMM,27OCT2026,10750.000000,4850,OPTSTK,NFO,1.000000,194001,False
132306,VMM27OCT26122.5PE,VMM,27OCT2026,12250.000000,4850,OPTSTK,NFO,1.000000,194001,False
90631,FEDERALBNK27OCT26385CE,FEDERALBNK,27OCT2026,38500.000000,2500,OPTSTK,NFO,5.000000,75001,False
90668,FEDERALBNK23NOV26310CE,FEDERALBNK,23NOV2026,31000.000000,2500,OPTSTK,NFO,5.000000,75001,False
90722,LTF27OCT26310PE,LTF,27OCT2026,31000.000000,2250,OPTSTK,NFO,5.000000,67501,False
90724,LTF27OCT26320PE,LTF,27OCT2026,32000.000000,2250,OPTSTK,NFO,5.000000,67501,False
132355,VMM23NOV2685PE,VMM,23NOV2026,8500.000000,4850,OPTSTK,NFO,1.000000,194001,False
132357,VMM23NOV2690PE,VMM,23NOV2026,9000.000000,4850,OPTSTK,NFO,1.000000,194001,False
132363,VMM23NOV26100PE,VMM,23NOV2026,10000.000000,4850,OPTSTK,NFO,1.000000,194001,False
132364,VMM23NOV26105CE,VMM,23NOV2026,10500.000000,4850,OPTSTK,NFO,1.000000,194001,False
90766,LTF27OCT26340PE,LTF,27OCT2026,34000.000000,2250,OPTSTK,NFO,5.000000,67501,False
90768,FEDERALBNK23NOV26330CE,FEDERALBNK,23NOV2026,33000.000000,2500,OPTSTK,NFO,5.000000,75001,False
90796,FEDERALBNK23NOV26380PE,FEDERALBNK,23NOV2026,38000.000000,2500,OPTSTK,NFO,5.000000,75001,False
90827,LTM29SEP264750CE,LTM,29SEP2026,475000.000000,150,OPTSTK,NFO,5.000000,6001,False
132373,VMM23NOV26125PE,VMM,23NOV2026,12500.000000,4850,OPTSTK,NFO,1.000000,194001,False
132410,VOLTAS27OCT261020PE,VOLTAS,27OCT2026,102000.000000,375,OPTSTK,NFO,5.000000,18751,False
132412,VOLTAS27OCT261060PE,VOLTAS,27OCT2026,106000.000000,375,OPTSTK,NFO,5.000000,18751,False
132421,VOLTAS27OCT261260CE,VOLTAS,27OCT2026,126000.000000,375,OPTSTK,NFO,5.000000,18751,False
90829,LTM29SEP264850CE,LTM,29SEP2026,485000.000000,150,OPTSTK,NFO,5.000000,6001,False
90989,BHARATFORG29SEP261640CE,BHARATFORG,29SEP2026,164000.000000,500,OPTSTK,NFO,5.000000,10001,False
90991,BHARATFORG29SEP261680CE,BHARATFORG,29SEP2026,168000.000000,500,OPTSTK,NFO,5.000000,10001,False
91001,BHARATFORG29SEP261880CE,BHARATFORG,29SEP2026,188000.000000,500,OPTSTK,NFO,5.000000,10001,False
132465,VOLTAS23NOV261200CE,VOLTAS,23NOV2026,120000.000000,375,OPTSTK,NFO,5.000000,18751,False
132470,VOLTAS23NOV261280PE,VOLTAS,23NOV2026,128000.000000,375,OPTSTK,NFO,5.000000,18751,False
132472,VOLTAS23NOV261320PE,VOLTAS,23NOV2026,132000.000000,375,OPTSTK,NFO,5.000000,18751,False
132580,NTPC29SEP26330CE,NTPC,29SEP2026,33000.000000,1500,OPTSTK,NFO,5.000000,75001,False
91006,BHARATFORG29SEP261960PE,BHARATFORG,29SEP2026,196000.000000,500,OPTSTK,NFO,5.000000,10001,False
91015,BHARATFORG29SEP262160CE,BHARATFORG,29SEP2026,216000.000000,500,OPTSTK,NFO,5.000000,10001,False
91017,BHARATFORG29SEP262200CE,BHARATFORG,29SEP2026,220000.000000,500,OPTSTK,NFO,5.000000,10001,False
91019,BHARATFORG29SEP262240CE,BHARATFORG,29SEP2026,224000.000000,500,OPTSTK,NFO,5.000000,10001,False
132596,NTPC29SEP26390PE,NTPC,29SEP2026,39000.000000,1500,OPTSTK,NFO,5.000000,75001,False
132597,NTPC29SEP26400CE,NTPC,29SEP2026,40000.000000,1500,OPTSTK,NFO,5.000000,75001,False
132619,WAAREEENER23NOV262300CE,WAAREEENER,23NOV2026,230000.000000,175,OPTSTK,NFO,5.000000,8751,False
132620,WAAREEENER23NOV262300PE,WAAREEENER,23NOV2026,230000.000000,175,OPTSTK,NFO,5.000000,8751,False
91028,BHARATFORG29SEP262400PE,BHARATFORG,29SEP2026,240000.000000,500,OPTSTK,NFO,5.000000,10001,False
91071,LTM27OCT265200CE,LTM,27OCT2026,520000.000000,150,OPTSTK,NFO,5.000000,6001,False
91077,FORCEMOT27OCT2616500CE,FORCEMOT,27OCT2026,1650000.000000,25,OPTSTK,NFO,5.000000,1251,False
91078,FORCEMOT27OCT2616500PE,FORCEMOT,27OCT2026,1650000.000000,25,OPTSTK,NFO,5.000000,1251,False
132688,WIPRO27OCT26177.5PE,WIPRO,27OCT2026,17750.000000,3000,OPTSTK,NFO,1.000000,120001,False
132783,WIPRO23NOV26170CE,WIPRO,23NOV2026,17000.000000,3000,OPTSTK,NFO,1.000000,120001,False
132793,WIPRO23NOV26195CE,WIPRO,23NOV2026,19500.000000,3000,OPTSTK,NFO,1.000000,120001,False
132825,YESBANK27OCT2621CE,YESBANK,27OCT2026,2100.000000,31100,OPTSTK,NFO,1.000000,933001,False
91122,FORCEMOT23NOV2617000PE,FORCEMOT,23NOV2026,1700000.000000,25,OPTSTK,NFO,5.000000,1251,False
91128,FORCEMOT23NOV2620000PE,FORCEMOT,23NOV2026,2000000.000000,25,OPTSTK,NFO,5.000000,1251,False
91129,FORCEMOT23NOV2621000CE,FORCEMOT,23NOV2026,2100000.000000,25,OPTSTK,NFO,5.000000,1251,False
91194,LUPIN29SEP261940PE,LUPIN,29SEP2026,194000.000000,425,OPTSTK,NFO,5.000000,12751,False
132872,YESBANK23NOV2618CE,YESBANK,23NOV2026,1800.000000,31100,OPTSTK,NFO,1.000000,933001,False
132918,NYKAA29SEP26340CE,NYKAA,29SEP2026,34000.000000,3125,OPTSTK,NFO,5.000000,93751,False
132971,ZYDUSLIFE27OCT261070CE,ZYDUSLIFE,27OCT2026,107000.000000,900,OPTSTK,NFO,5.000000,27001,False
132980,NYKAA29SEP26350CE,NYKAA,29SEP2026,35000.000000,3125,OPTSTK,NFO,5.000000,93751,False
91204,LUPIN29SEP262060CE,LUPIN,29SEP2026,206000.000000,425,OPTSTK,NFO,5.000000,12751,False
91210,LUPIN29SEP262180CE,LUPIN,29SEP2026,218000.000000,425,OPTSTK,NFO,5.000000,12751,False
91221,FORTIS27OCT26930PE,FORTIS,27OCT2026,93000.000000,775,OPTSTK,NFO,5.000000,23251,False
91284,LUPIN29SEP262420PE,LUPIN,29SEP2026,242000.000000,425,OPTSTK,NFO,5.000000,12751,False
132981,NYKAA29SEP26350PE,NYKAA,29SEP2026,35000.000000,3125,OPTSTK,NFO,5.000000,93751,False
132983,NYKAA29SEP26360PE,NYKAA,29SEP2026,36000.000000,3125,OPTSTK,NFO,5.000000,93751,False
132994,ZYDUSLIFE27OCT261150PE,ZYDUSLIFE,27OCT2026,115000.000000,900,OPTSTK,NFO,5.000000,27001,False
133004,ZYDUSLIFE27OCT261250PE,ZYDUSLIFE,27OCT2026,125000.000000,900,OPTSTK,NFO,5.000000,27001,False
91328,FORTIS27OCT261010CE,FORTIS,27OCT2026,101000.000000,775,OPTSTK,NFO,5.000000,23251,False
91358,FORTIS27OCT261030CE,FORTIS,27OCT2026,103000.000000,775,OPTSTK,NFO,5.000000,23251,False
91370,LUPIN27OCT261800CE,LUPIN,27OCT2026,180000.000000,425,OPTSTK,NFO,5.000000,12751,False
91439,BHARTIARTL29SEP261720PE,BHARTIARTL,29SEP2026,172000.000000,475,OPTSTK,NFO,5.000000,14251,False
133077,ZYDUSLIFE23NOV261000PE,ZYDUSLIFE,23NOV2026,100000.000000,900,OPTSTK,NFO,5.000000,27001,False
133080,ZYDUSLIFE23NOV261040CE,ZYDUSLIFE,23NOV2026,104000.000000,900,OPTSTK,NFO,5.000000,27001,False
133082,ZYDUSLIFE23NOV261060CE,ZYDUSLIFE,23NOV2026,106000.000000,900,OPTSTK,NFO,5.000000,27001,False
133085,ZYDUSLIFE23NOV261080PE,ZYDUSLIFE,23NOV2026,108000.000000,900,OPTSTK,NFO,5.000000,27001,False
91455,LUPIN27OCT262120PE,LUPIN,27OCT2026,212000.000000,425,OPTSTK,NFO,5.000000,12751,False
91474,LUPIN27OCT262440CE,LUPIN,27OCT2026,244000.000000,425,OPTSTK,NFO,5.000000,12751,False
91479,LUPIN27OCT262520PE,LUPIN,27OCT2026,252000.000000,425,OPTSTK,NFO,5.000000,12751,False
91567,M&M29SEP263250PE,M&M,29SEP2026,325000.000000,200,OPTSTK,NFO,5.000000,8001,False
133101,ZYDUSLIFE23NOV261160PE,ZYDUSLIFE,23NOV2026,116000.000000,900,OPTSTK,NFO,5.000000,27001,False
133115,ZYDUSLIFE23NOV261280PE,ZYDUSLIFE,23NOV2026,128000.000000,900,OPTSTK,NFO,5.000000,27001,False
133145,ZYDUSLIFE23NOV261360CE,ZYDUSLIFE,23NOV2026,136000.000000,900,OPTSTK,NFO,5.000000,27001,False
133210,OBEROIRLTY29SEP261560PE,OBEROIRLTY,29SEP2026,156000.000000,350,OPTSTK,NFO,5.000000,14001,False
91574,M&M29SEP263650CE,M&M,29SEP2026,365000.000000,200,OPTSTK,NFO,5.000000,8001,False
91626,FORTIS23NOV261020PE,FORTIS,23NOV2026,102000.000000,775,OPTSTK,NFO,5.000000,23251,False
91628,FORTIS23NOV261040PE,FORTIS,23NOV2026,104000.000000,775,OPTSTK,NFO,5.000000,23251,False
91707,GAIL27OCT26182.5PE,GAIL,27OCT2026,18250.000000,3550,OPTSTK,NFO,1.000000,142001,False
133219,OBEROIRLTY29SEP261720CE,OBEROIRLTY,29SEP2026,172000.000000,350,OPTSTK,NFO,5.000000,14001,False
133878,OFSS29SEP269800CE,OFSS,29SEP2026,980000.000000,100,OPTSTK,NFO,5.000000,2001,False
133880,OFSS29SEP2610000CE,OFSS,29SEP2026,1000000.000000,100,OPTSTK,NFO,5.000000,2001,False
133881,OFSS29SEP2610000PE,OFSS,29SEP2026,1000000.000000,100,OPTSTK,NFO,5.000000,2001,False
91711,GAIL27OCT26192.5PE,GAIL,27OCT2026,19250.000000,3550,OPTSTK,NFO,1.000000,142001,False
91719,BHARTIARTL29SEP262080CE,BHARTIARTL,29SEP2026,208000.000000,475,OPTSTK,NFO,5.000000,14251,False
91723,M&M27OCT263300PE,M&M,27OCT2026,330000.000000,200,OPTSTK,NFO,5.000000,8001,False
91732,M&M27OCT263800CE,M&M,27OCT2026,380000.000000,200,OPTSTK,NFO,5.000000,8001,False
133890,OFSS29SEP2610200PE,OFSS,29SEP2026,1020000.000000,100,OPTSTK,NFO,5.000000,2001,False
133895,OFSS29SEP2610400PE,OFSS,29SEP2026,1040000.000000,100,OPTSTK,NFO,5.000000,2001,False
133969,OFSS29SEP2611400PE,OFSS,29SEP2026,1140000.000000,100,OPTSTK,NFO,5.000000,2001,False
133974,OFSS29SEP2612000CE,OFSS,29SEP2026,1200000.000000,100,OPTSTK,NFO,5.000000,2001,False
91735,M&M27OCT263900PE,M&M,27OCT2026,390000.000000,200,OPTSTK,NFO,5.000000,8001,False
91750,MANAPPURAM29SEP26295CE,MANAPPURAM,29SEP2026,29500.000000,3000,OPTSTK,NFO,5.000000,60001,False
91828,MANAPPURAM27OCT26310CE,MANAPPURAM,27OCT2026,31000.000000,3000,OPTSTK,NFO,5.000000,60001,False
91832,MANAPPURAM27OCT26330CE,MANAPPURAM,27OCT2026,33000.000000,3000,OPTSTK,NFO,5.000000,60001,False
133976,OFSS29SEP2612200CE,OFSS,29SEP2026,1220000.000000,100,OPTSTK,NFO,5.000000,2001,False
133989,OFSS29SEP2612800PE,OFSS,29SEP2026,1280000.000000,100,OPTSTK,NFO,5.000000,2001,False
134000,OFSS29SEP2614000CE,OFSS,29SEP2026,1400000.000000,100,OPTSTK,NFO,5.000000,2001,False
134268,OIL29SEP26420PE,OIL,29SEP2026,42000.000000,1400,OPTSTK,NFO,5.000000,56001,False
91834,MANAPPURAM27OCT26340CE,MANAPPURAM,27OCT2026,34000.000000,3000,OPTSTK,NFO,5.000000,60001,False
91840,MANAPPURAM27OCT26370CE,MANAPPURAM,27OCT2026,37000.000000,3000,OPTSTK,NFO,5.000000,60001,False
91844,GAIL23NOV26155CE,GAIL,23NOV2026,15500.000000,3550,OPTSTK,NFO,1.000000,142001,False
91848,BHARTIARTL29SEP262160PE,BHARTIARTL,29SEP2026,216000.000000,475,OPTSTK,NFO,5.000000,14251,False
134271,OIL29SEP26440CE,OIL,29SEP2026,44000.000000,1400,OPTSTK,NFO,5.000000,56001,False
134359,OIL29SEP26490PE,OIL,29SEP2026,49000.000000,1400,OPTSTK,NFO,5.000000,56001,False
134857,ONGC29SEP26220CE,ONGC,29SEP2026,22000.000000,2250,OPTSTK,NFO,1.000000,90001,False
134858,ONGC29SEP26220PE,ONGC,29SEP2026,22000.000000,2250,OPTSTK,NFO,1.000000,90001,False
91873,GAIL23NOV26175CE,GAIL,23NOV2026,17500.000000,3550,OPTSTK,NFO,1.000000,142001,False
91918,GAIL23NOV26195CE,GAIL,23NOV2026,19500.000000,3550,OPTSTK,NFO,1.000000,142001,False
91992,BHEL29SEP26430PE,BHEL,29SEP2026,43000.000000,2625,OPTSTK,NFO,5.000000,52501,False
91998,BHEL29SEP26460PE,BHEL,29SEP2026,46000.000000,2625,OPTSTK,NFO,5.000000,52501,False
134888,ONGC29SEP26265PE,ONGC,29SEP2026,26500.000000,2250,OPTSTK,NFO,1.000000,90001,False
135065,PAGEIND29SEP2636000PE,PAGEIND,29SEP2026,3600000.000000,20,OPTSTK,NFO,5.000000,601,False
135110,PAGEIND29SEP2640000CE,PAGEIND,29SEP2026,4000000.000000,20,OPTSTK,NFO,5.000000,601,False
135134,PAGEIND29SEP2641000CE,PAGEIND,29SEP2026,4100000.000000,20,OPTSTK,NFO,5.000000,601,False
92011,MANKIND29SEP262140PE,MANKIND,29SEP2026,214000.000000,250,OPTSTK,NFO,5.000000,10001,False
92032,MANKIND29SEP262460CE,MANKIND,29SEP2026,246000.000000,250,OPTSTK,NFO,5.000000,10001,False
92084,MANKIND29SEP262700CE,MANKIND,29SEP2026,270000.000000,250,OPTSTK,NFO,5.000000,10001,False
92216,GLENMARK27OCT262300PE,GLENMARK,27OCT2026,230000.000000,375,OPTSTK,NFO,5.000000,11251,False
135135,PAGEIND29SEP2641000PE,PAGEIND,29SEP2026,4100000.000000,20,OPTSTK,NFO,5.000000,601,False
135616,PATANJALI29SEP26300PE,PATANJALI,29SEP2026,30000.000000,1075,OPTSTK,NFO,5.000000,64501,False
135617,PATANJALI29SEP26310CE,PATANJALI,29SEP2026,31000.000000,1075,OPTSTK,NFO,5.000000,64501,False
135666,PATANJALI29SEP26320PE,PATANJALI,29SEP2026,32000.000000,1075,OPTSTK,NFO,5.000000,64501,False
92226,GLENMARK27OCT262380CE,GLENMARK,27OCT2026,238000.000000,375,OPTSTK,NFO,5.000000,11251,False
92325,MANKIND27OCT261960PE,MANKIND,27OCT2026,196000.000000,250,OPTSTK,NFO,5.000000,10001,False
92332,MANKIND27OCT262120CE,MANKIND,27OCT2026,212000.000000,250,OPTSTK,NFO,5.000000,10001,False
92355,BIOCON29SEP26350CE,BIOCON,29SEP2026,35000.000000,2500,OPTSTK,NFO,5.000000,50001,False
135668,PATANJALI29SEP26330PE,PATANJALI,29SEP2026,33000.000000,1075,OPTSTK,NFO,5.000000,64501,False
135679,PATANJALI29SEP26390CE,PATANJALI,29SEP2026,39000.000000,1075,OPTSTK,NFO,5.000000,64501,False
135690,PATANJALI29SEP26420PE,PATANJALI,29SEP2026,42000.000000,1075,OPTSTK,NFO,5.000000,64501,False
135921,PAYTM29SEP261200PE,PAYTM,29SEP2026,120000.000000,725,OPTSTK,NFO,5.000000,14501,False
92364,BIOCON29SEP26390PE,BIOCON,29SEP2026,39000.000000,2500,OPTSTK,NFO,5.000000,50001,False
92370,BIOCON29SEP26420PE,BIOCON,29SEP2026,42000.000000,2500,OPTSTK,NFO,5.000000,50001,False
92373,BIOCON29SEP26440CE,BIOCON,29SEP2026,44000.000000,2500,OPTSTK,NFO,5.000000,50001,False
92380,BIOCON29SEP26470PE,BIOCON,29SEP2026,47000.000000,2500,OPTSTK,NFO,5.000000,50001,False
135929,PAYTM29SEP261360PE,PAYTM,29SEP2026,136000.000000,725,OPTSTK,NFO,5.000000,14501,False
135935,PAYTM29SEP261480PE,PAYTM,29SEP2026,148000.000000,725,OPTSTK,NFO,5.000000,14501,False
135936,PAYTM29SEP261520CE,PAYTM,29SEP2026,152000.000000,725,OPTSTK,NFO,5.000000,14501,False
135939,PAYTM29SEP261600PE,PAYTM,29SEP2026,160000.000000,725,OPTSTK,NFO,5.000000,14501,False
92382,BIOCON29SEP26480PE,BIOCON,29SEP2026,48000.000000,2500,OPTSTK,NFO,5.000000,50001,False
92397,MANKIND27OCT262200PE,MANKIND,27OCT2026,220000.000000,250,OPTSTK,NFO,5.000000,10001,False
92407,MANKIND27OCT262240PE,MANKIND,27OCT2026,224000.000000,250,OPTSTK,NFO,5.000000,10001,False
92430,GLENMARK23NOV262200CE,GLENMARK,23NOV2026,220000.000000,375,OPTSTK,NFO,5.000000,11251,False
135981,PERSISTENT29SEP264400PE,PERSISTENT,29SEP2026,440000.000000,125,OPTSTK,NFO,5.000000,3751,False
135983,PERSISTENT29SEP264600PE,PERSISTENT,29SEP2026,460000.000000,125,OPTSTK,NFO,5.000000,3751,False
136069,PERSISTENT29SEP266400CE,PERSISTENT,29SEP2026,640000.000000,125,OPTSTK,NFO,5.000000,3751,False
136127,PETRONET29SEP26290PE,PETRONET,29SEP2026,29000.000000,1900,OPTSTK,NFO,5.000000,76001,False
92437,GLENMARK23NOV262320PE,GLENMARK,23NOV2026,232000.000000,375,OPTSTK,NFO,5.000000,11251,False
92439,GLENMARK23NOV262360PE,GLENMARK,23NOV2026,236000.000000,375,OPTSTK,NFO,5.000000,11251,False
92440,GLENMARK23NOV262400CE,GLENMARK,23NOV2026,240000.000000,375,OPTSTK,NFO,5.000000,11251,False
92448,MANKIND27OCT262320CE,MANKIND,27OCT2026,232000.000000,250,OPTSTK,NFO,5.000000,10001,False
136228,PETRONET29SEP26310PE,PETRONET,29SEP2026,31000.000000,1900,OPTSTK,NFO,5.000000,76001,False
136230,PETRONET29SEP26320PE,PETRONET,29SEP2026,32000.000000,1900,OPTSTK,NFO,5.000000,76001,False
136489,PFC29SEP26280CE,PFC,29SEP2026,28000.000000,1300,OPTSTK,NFO,5.000000,52001,False
136524,PFC29SEP26340CE,PFC,29SEP2026,34000.000000,1300,OPTSTK,NFO,5.000000,52001,False
92457,GLENMARK23NOV262640CE,GLENMARK,23NOV2026,264000.000000,375,OPTSTK,NFO,5.000000,11251,False
92498,GLENMARK23NOV262720PE,GLENMARK,23NOV2026,272000.000000,375,OPTSTK,NFO,5.000000,11251,False
92517,MANKIND27OCT262400PE,MANKIND,27OCT2026,240000.000000,250,OPTSTK,NFO,5.000000,10001,False
92639,MARICO29SEP26750CE,MARICO,29SEP2026,75000.000000,1200,OPTSTK,NFO,5.000000,36001,False
136528,PFC29SEP26360CE,PFC,29SEP2026,36000.000000,1300,OPTSTK,NFO,5.000000,52001,False
136770,PFC29SEP26410CE,PFC,29SEP2026,41000.000000,1300,OPTSTK,NFO,5.000000,52001,False
137205,PGEL29SEP26620CE,PGEL,29SEP2026,62000.000000,950,OPTSTK,NFO,5.000000,38001,False
137212,PGEL29SEP26680CE,PGEL,29SEP2026,68000.000000,950,OPTSTK,NFO,5.000000,38001,False
137603,PHOENIXLTD29SEP261800CE,PHOENIXLTD,29SEP2026,180000.000000,350,OPTSTK,NFO,5.000000,14001,False
137622,PHOENIXLTD29SEP262000PE,PHOENIXLTD,29SEP2026,200000.000000,350,OPTSTK,NFO,5.000000,14001,False
137633,PHOENIXLTD29SEP262240CE,PHOENIXLTD,29SEP2026,224000.000000,350,OPTSTK,NFO,5.000000,14001,False
137785,PIDILITIND29SEP261480CE,PIDILITIND,29SEP2026,148000.000000,500,OPTSTK,NFO,5.000000,15001,False
92643,MARICO29SEP26790CE,MARICO,29SEP2026,79000.000000,1200,OPTSTK,NFO,5.000000,36001,False
92656,MARICO29SEP26850PE,MARICO,29SEP2026,85000.000000,1200,OPTSTK,NFO,5.000000,36001,False
92665,MARICO29SEP26910CE,MARICO,29SEP2026,91000.000000,1200,OPTSTK,NFO,5.000000,36001,False
92718,BLUESTARCO29SEP261200PE,BLUESTARCO,29SEP2026,120000.000000,325,OPTSTK,NFO,5.000000,13001,False
92719,BLUESTARCO29SEP261240CE,BLUESTARCO,29SEP2026,124000.000000,325,OPTSTK,NFO,5.000000,13001,False
92720,BLUESTARCO29SEP261240PE,BLUESTARCO,29SEP2026,124000.000000,325,OPTSTK,NFO,5.000000,13001,False
92736,BLUESTARCO29SEP261560PE,BLUESTARCO,29SEP2026,156000.000000,325,OPTSTK,NFO,5.000000,13001,False
92764,BLUESTARCO29SEP261800CE,BLUESTARCO,29SEP2026,180000.000000,325,OPTSTK,NFO,5.000000,13001,False
137790,PIDILITIND29SEP261560PE,PIDILITIND,29SEP2026,156000.000000,500,OPTSTK,NFO,5.000000,15001,False
137798,PIDILITIND29SEP261720PE,PIDILITIND,29SEP2026,172000.000000,500,OPTSTK,NFO,5.000000,15001,False
137800,PIDILITIND29SEP261760PE,PIDILITIND,29SEP2026,176000.000000,500,OPTSTK,NFO,5.000000,15001,False
137807,PIDILITIND29SEP261880CE,PIDILITIND,29SEP2026,188000.000000,500,OPTSTK,NFO,5.000000,15001,False
92769,MARICO27OCT26720CE,MARICO,27OCT2026,72000.000000,1200,OPTSTK,NFO,5.000000,36001,False
92838,GMRAIRPORT27OCT2687PE,GMRAIRPORT,27OCT2026,8700.000000,6975,OPTSTK,NFO,1.000000,209251,False
92771,MARICO27OCT26720PE,MARICO,27OCT2026,72000.000000,1200,OPTSTK,NFO,5.000000,36001,False
92815,MARICO27OCT26800CE,MARICO,27OCT2026,80000.000000,1200,OPTSTK,NFO,5.000000,36001,False
138371,PIIND29SEP261900CE,PIIND,29SEP2026,190000.000000,175,OPTSTK,NFO,5.000000,8751,False
138913,PNB29SEP26100CE,PNB,29SEP2026,10000.000000,8000,OPTSTK,NFO,1.000000,240001,False
138919,PNB29SEP26104CE,PNB,29SEP2026,10400.000000,8000,OPTSTK,NFO,1.000000,240001,False
138942,PNB29SEP26110PE,PNB,29SEP2026,11000.000000,8000,OPTSTK,NFO,1.000000,240001,False
92839,GMRAIRPORT27OCT2689CE,GMRAIRPORT,27OCT2026,8900.000000,6975,OPTSTK,NFO,1.000000,209251,False
92840,GMRAIRPORT27OCT2689PE,GMRAIRPORT,27OCT2026,8900.000000,6975,OPTSTK,NFO,1.000000,209251,False
92842,GMRAIRPORT27OCT2691PE,GMRAIRPORT,27OCT2026,9100.000000,6975,OPTSTK,NFO,1.000000,209251,False
92846,GMRAIRPORT27OCT2695PE,GMRAIRPORT,27OCT2026,9500.000000,6975,OPTSTK,NFO,1.000000,209251,False
139019,PNB29SEP26120CE,PNB,29SEP2026,12000.000000,8000,OPTSTK,NFO,1.000000,240001,False
139028,PNB29SEP26122PE,PNB,29SEP2026,12200.000000,8000,OPTSTK,NFO,1.000000,240001,False
139034,PNB29SEP26124CE,PNB,29SEP2026,12400.000000,8000,OPTSTK,NFO,1.000000,240001,False
139045,PNB29SEP26124PE,PNB,29SEP2026,12400.000000,8000,OPTSTK,NFO,1.000000,240001,False
92909,MARICO27OCT26960CE,MARICO,27OCT2026,96000.000000,1200,OPTSTK,NFO,5.000000,36001,False
92849,GMRAIRPORT27OCT2699CE,GMRAIRPORT,27OCT2026,9900.000000,6975,OPTSTK,NFO,1.000000,209251,False
92868,MARICO27OCT26820CE,MARICO,27OCT2026,82000.000000,1200,OPTSTK,NFO,5.000000,36001,False
92900,MARICO27OCT26880PE,MARICO,27OCT2026,88000.000000,1200,OPTSTK,NFO,5.000000,36001,False
139099,PNB29SEP26132PE,PNB,29SEP2026,13200.000000,8000,OPTSTK,NFO,1.000000,240001,False
139158,PNBHOUSING29SEP26920PE,PNBHOUSING,29SEP2026,92000.000000,650,OPTSTK,NFO,5.000000,19501,False
139171,PNBHOUSING29SEP261080CE,PNBHOUSING,29SEP2026,108000.000000,650,OPTSTK,NFO,5.000000,19501,False
139243,PNBHOUSING29SEP261240CE,PNBHOUSING,29SEP2026,124000.000000,650,OPTSTK,NFO,5.000000,19501,False
92910,MARICO27OCT26960PE,MARICO,27OCT2026,96000.000000,1200,OPTSTK,NFO,5.000000,36001,False
93007,MARUTI29SEP2612100CE,MARUTI,29SEP2026,1210000.000000,50,OPTSTK,NFO,5.000000,2001,False
93009,MARUTI29SEP2612300CE,MARUTI,29SEP2026,1230000.000000,50,OPTSTK,NFO,5.000000,2001,False
93012,MARUTI29SEP2612500CE,MARUTI,29SEP2026,1250000.000000,50,OPTSTK,NFO,5.000000,2001,False
139247,PNBHOUSING29SEP261240PE,PNBHOUSING,29SEP2026,124000.000000,650,OPTSTK,NFO,5.000000,19501,False
139283,PNBHOUSING29SEP261320PE,PNBHOUSING,29SEP2026,132000.000000,650,OPTSTK,NFO,5.000000,19501,False
139610,POLICYBZR29SEP261520PE,POLICYBZR,29SEP2026,152000.000000,350,OPTSTK,NFO,5.000000,14001,False
139619,POLICYBZR29SEP261680CE,POLICYBZR,29SEP2026,168000.000000,350,OPTSTK,NFO,5.000000,14001,False
93059,BOSCHLTD29SEP2640000CE,BOSCHLTD,29SEP2026,4000000.000000,25,OPTSTK,NFO,5.000000,501,False
93081,GMRAIRPORT23NOV2690CE,GMRAIRPORT,23NOV2026,9000.000000,6975,OPTSTK,NFO,1.000000,209251,False
93106,GMRAIRPORT23NOV2692PE,GMRAIRPORT,23NOV2026,9200.000000,6975,OPTSTK,NFO,1.000000,209251,False
93121,MARUTI27OCT2611400PE,MARUTI,27OCT2026,1140000.000000,50,OPTSTK,NFO,5.000000,2001,False
139629,POLICYBZR29SEP261840CE,POLICYBZR,29SEP2026,184000.000000,350,OPTSTK,NFO,5.000000,14001,False
139630,POLICYBZR29SEP261840PE,POLICYBZR,29SEP2026,184000.000000,350,OPTSTK,NFO,5.000000,14001,False
139643,POLICYBZR29SEP262120CE,POLICYBZR,29SEP2026,212000.000000,350,OPTSTK,NFO,5.000000,14001,False
140276,POLYCAB29SEP266800CE,POLYCAB,29SEP2026,680000.000000,125,OPTSTK,NFO,5.000000,2501,False
93124,MARUTI27OCT2611800CE,MARUTI,27OCT2026,1180000.000000,50,OPTSTK,NFO,5.000000,2001,False
93152,MARUTI27OCT2614200CE,MARUTI,27OCT2026,1420000.000000,50,OPTSTK,NFO,5.000000,2001,False
93242,GMRAIRPORT23NOV2698PE,GMRAIRPORT,23NOV2026,9800.000000,6975,OPTSTK,NFO,1.000000,209251,False
93249,GMRAIRPORT23NOV26104CE,GMRAIRPORT,23NOV2026,10400.000000,6975,OPTSTK,NFO,1.000000,209251,False
140284,POLYCAB29SEP267600CE,POLYCAB,29SEP2026,760000.000000,125,OPTSTK,NFO,5.000000,2501,False
140288,POLYCAB29SEP268000CE,POLYCAB,29SEP2026,800000.000000,125,OPTSTK,NFO,5.000000,2501,False
140324,POLYCAB29SEP269000CE,POLYCAB,29SEP2026,900000.000000,125,OPTSTK,NFO,5.000000,2501,False
140325,POLYCAB29SEP269000PE,POLYCAB,29SEP2026,900000.000000,125,OPTSTK,NFO,5.000000,2501,False
93262,GMRAIRPORT23NOV26116PE,GMRAIRPORT,23NOV2026,11600.000000,6975,OPTSTK,NFO,1.000000,209251,False
93297,GODFRYPHLP27OCT261750CE,GODFRYPHLP,27OCT2026,175000.000000,275,OPTSTK,NFO,5.000000,11001,False
93301,GODFRYPHLP27OCT261950CE,GODFRYPHLP,27OCT2026,195000.000000,275,OPTSTK,NFO,5.000000,11001,False
93311,BOSCHLTD29SEP2646000PE,BOSCHLTD,29SEP2026,4600000.000000,25,OPTSTK,NFO,5.000000,501,False
140371,POLYCAB29SEP2610200CE,POLYCAB,29SEP2026,1020000.000000,125,OPTSTK,NFO,5.000000,2501,False
140399,POLYCAB29SEP2610600PE,POLYCAB,29SEP2026,1060000.000000,125,OPTSTK,NFO,5.000000,2501,False
140813,POWERGRID29SEP26235CE,POWERGRID,29SEP2026,23500.000000,1900,OPTSTK,NFO,5.000000,76001,False
140830,POWERGRID29SEP26275PE,POWERGRID,29SEP2026,27500.000000,1900,OPTSTK,NFO,5.000000,76001,False
93316,MAXHEALTH29SEP261010PE,MAXHEALTH,29SEP2026,101000.000000,525,OPTSTK,NFO,5.000000,21001,False
93321,GODFRYPHLP27OCT262250CE,GODFRYPHLP,27OCT2026,225000.000000,275,OPTSTK,NFO,5.000000,11001,False
93324,GODFRYPHLP27OCT262350PE,GODFRYPHLP,27OCT2026,235000.000000,275,OPTSTK,NFO,5.000000,11001,False
93360,GODFRYPHLP23NOV261600PE,GODFRYPHLP,23NOV2026,160000.000000,275,OPTSTK,NFO,5.000000,11001,False
140831,POWERGRID29SEP26280CE,POWERGRID,29SEP2026,28000.000000,1900,OPTSTK,NFO,5.000000,76001,False
141694,POWERINDIA29SEP2630000CE,POWERINDIA,29SEP2026,3000000.000000,25,OPTSTK,NFO,5.000000,751,False
141705,POWERINDIA29SEP2635000PE,POWERINDIA,29SEP2026,3500000.000000,25,OPTSTK,NFO,5.000000,751,False
141938,PREMIERENE29SEP26800CE,PREMIERENE,29SEP2026,80000.000000,650,OPTSTK,NFO,5.000000,26001,False
93363,GODFRYPHLP23NOV261800CE,GODFRYPHLP,23NOV2026,180000.000000,275,OPTSTK,NFO,5.000000,11001,False
93367,BOSCHLTD29SEP2654000CE,BOSCHLTD,29SEP2026,5400000.000000,25,OPTSTK,NFO,5.000000,501,False
93369,BOSCHLTD29SEP2656000CE,BOSCHLTD,29SEP2026,5600000.000000,25,OPTSTK,NFO,5.000000,501,False
93370,BOSCHLTD29SEP2656000PE,BOSCHLTD,29SEP2026,5600000.000000,25,OPTSTK,NFO,5.000000,501,False
141945,PREMIERENE29SEP26920PE,PREMIERENE,29SEP2026,92000.000000,650,OPTSTK,NFO,5.000000,26001,False
141946,PREMIERENE29SEP26960CE,PREMIERENE,29SEP2026,96000.000000,650,OPTSTK,NFO,5.000000,26001,False
141950,PREMIERENE29SEP261040CE,PREMIERENE,29SEP2026,104000.000000,650,OPTSTK,NFO,5.000000,26001,False
141951,PREMIERENE29SEP261040PE,PREMIERENE,29SEP2026,104000.000000,650,OPTSTK,NFO,5.000000,26001,False
93397,MAXHEALTH29SEP261170CE,MAXHEALTH,29SEP2026,117000.000000,525,OPTSTK,NFO,5.000000,21001,False
93416,GODFRYPHLP23NOV262600PE,GODFRYPHLP,23NOV2026,260000.000000,275,OPTSTK,NFO,5.000000,11001,False
93483,MAXHEALTH27OCT26840CE,MAXHEALTH,27OCT2026,84000.000000,525,OPTSTK,NFO,5.000000,21001,False
93520,MAXHEALTH27OCT26940CE,MAXHEALTH,27OCT2026,94000.000000,525,OPTSTK,NFO,5.000000,21001,False
141952,PREMIERENE29SEP261080CE,PREMIERENE,29SEP2026,108000.000000,650,OPTSTK,NFO,5.000000,26001,False
141953,PREMIERENE29SEP261080PE,PREMIERENE,29SEP2026,108000.000000,650,OPTSTK,NFO,5.000000,26001,False
142211,PRESTIGE29SEP261520PE,PRESTIGE,29SEP2026,152000.000000,450,OPTSTK,NFO,5.000000,13501,False
142215,PRESTIGE29SEP261600PE,PRESTIGE,29SEP2026,160000.000000,450,OPTSTK,NFO,5.000000,13501,False
93528,MAXHEALTH27OCT261000CE,MAXHEALTH,27OCT2026,100000.000000,525,OPTSTK,NFO,5.000000,21001,False
93565,BPCL29SEP26250CE,BPCL,29SEP2026,25000.000000,1975,OPTSTK,NFO,5.000000,79001,False
93567,BPCL29SEP26260CE,BPCL,29SEP2026,26000.000000,1975,OPTSTK,NFO,5.000000,79001,False
93583,BPCL29SEP26330CE,BPCL,29SEP2026,33000.000000,1975,OPTSTK,NFO,5.000000,79001,False
142572,RADICO29SEP264100CE,RADICO,29SEP2026,410000.000000,150,OPTSTK,NFO,5.000000,6001,False
142574,RADICO29SEP264200CE,RADICO,29SEP2026,420000.000000,150,OPTSTK,NFO,5.000000,6001,False
142583,RADICO29SEP264600PE,RADICO,29SEP2026,460000.000000,150,OPTSTK,NFO,5.000000,6001,False
142586,RADICO29SEP264700CE,RADICO,29SEP2026,470000.000000,150,OPTSTK,NFO,5.000000,6001,False
93585,BPCL29SEP26340CE,BPCL,29SEP2026,34000.000000,1975,OPTSTK,NFO,5.000000,79001,False
93602,MAXHEALTH27OCT261120CE,MAXHEALTH,27OCT2026,112000.000000,525,OPTSTK,NFO,5.000000,21001,False
93608,MAXHEALTH27OCT261140CE,MAXHEALTH,27OCT2026,114000.000000,525,OPTSTK,NFO,5.000000,21001,False
93633,MAXHEALTH27OCT261140PE,MAXHEALTH,27OCT2026,114000.000000,525,OPTSTK,NFO,5.000000,21001,False
142646,RADICO29SEP264900CE,RADICO,29SEP2026,490000.000000,150,OPTSTK,NFO,5.000000,6001,False
143358,RBLBANK29SEP26360PE,RBLBANK,29SEP2026,36000.000000,3175,OPTSTK,NFO,5.000000,63501,False
143412,RBLBANK29SEP26420CE,RBLBANK,29SEP2026,42000.000000,3175,OPTSTK,NFO,5.000000,63501,False
143683,RECLTD29SEP26330CE,RECLTD,29SEP2026,33000.000000,1575,OPTSTK,NFO,5.000000,63001,False
93721,GODREJCP27OCT26810PE,GODREJCP,27OCT2026,81000.000000,500,OPTSTK,NFO,5.000000,25001,False
93796,BRITANNIA29SEP264200CE,BRITANNIA,29SEP2026,420000.000000,125,OPTSTK,NFO,5.000000,5001,False
93838,MAZDOCK27OCT261900CE,MAZDOCK,27OCT2026,190000.000000,225,OPTSTK,NFO,5.000000,9001,False
93849,MAZDOCK27OCT262300PE,MAZDOCK,27OCT2026,230000.000000,225,OPTSTK,NFO,5.000000,9001,False
143691,RECLTD29SEP26360CE,RECLTD,29SEP2026,36000.000000,1575,OPTSTK,NFO,5.000000,63001,False
143695,RECLTD29SEP26380CE,RECLTD,29SEP2026,38000.000000,1575,OPTSTK,NFO,5.000000,63001,False
144378,RELIANCE29SEP261120CE,RELIANCE,29SEP2026,112000.000000,500,OPTSTK,NFO,5.000000,20001,False
143756,RECLTD29SEP26400CE,RECLTD,29SEP2026,40000.000000,1575,OPTSTK,NFO,5.000000,63001,False
93854,MAZDOCK27OCT262600CE,MAZDOCK,27OCT2026,260000.000000,225,OPTSTK,NFO,5.000000,9001,False
93924,MCX29SEP263550PE,MCX,29SEP2026,355000.000000,225,OPTSTK,NFO,5.000000,6751,False
94023,GODREJCP23NOV26860CE,GODREJCP,23NOV2026,86000.000000,500,OPTSTK,NFO,5.000000,25001,False
94025,GODREJCP23NOV26880CE,GODREJCP,23NOV2026,88000.000000,500,OPTSTK,NFO,5.000000,25001,False
144400,RELIANCE29SEP261340CE,RELIANCE,29SEP2026,134000.000000,500,OPTSTK,NFO,5.000000,20001,False
144494,RELIANCE29SEP261500CE,RELIANCE,29SEP2026,150000.000000,500,OPTSTK,NFO,5.000000,20001,False
144501,RELIANCE29SEP261520PE,RELIANCE,29SEP2026,152000.000000,500,OPTSTK,NFO,5.000000,20001,False
144816,RVNL29SEP26160PE,RVNL,29SEP2026,16000.000000,1925,OPTSTK,NFO,1.000000,96251,False
94032,BRITANNIA29SEP265900CE,BRITANNIA,29SEP2026,590000.000000,125,OPTSTK,NFO,5.000000,5001,False
94046,GODREJCP23NOV261040PE,GODREJCP,23NOV2026,104000.000000,500,OPTSTK,NFO,5.000000,25001,False
94063,BRITANNIA29SEP266100CE,BRITANNIA,29SEP2026,610000.000000,125,OPTSTK,NFO,5.000000,5001,False
94150,MCX27OCT263200CE,MCX,27OCT2026,320000.000000,225,OPTSTK,NFO,5.000000,6751,False
144910,RVNL29SEP26250CE,RVNL,29SEP2026,25000.000000,1925,OPTSTK,NFO,1.000000,96251,False
144911,RVNL29SEP26250PE,RVNL,29SEP2026,25000.000000,1925,OPTSTK,NFO,1.000000,96251,False
144914,RVNL29SEP26270CE,RVNL,29SEP2026,27000.000000,1925,OPTSTK,NFO,1.000000,96251,False
145474,SAIL29SEP26170PE,SAIL,29SEP2026,17000.000000,4700,OPTSTK,NFO,1.000000,141001,False
94170,BSE29SEP262800PE,BSE,29SEP2026,280000.000000,200,OPTSTK,NFO,5.000000,6001,False
94205,GODREJPROP27OCT261860CE,GODREJPROP,27OCT2026,186000.000000,325,OPTSTK,NFO,5.000000,13001,False
94246,MFSL29SEP261500PE,MFSL,29SEP2026,150000.000000,400,OPTSTK,NFO,5.000000,16001,False
94258,MFSL29SEP261660CE,MFSL,29SEP2026,166000.000000,400,OPTSTK,NFO,5.000000,16001,False
145525,SAIL29SEP26225CE,SAIL,29SEP2026,22500.000000,4700,OPTSTK,NFO,1.000000,141001,False
145614,SBICARD29SEP26540CE,SBICARD,29SEP2026,54000.000000,800,OPTSTK,NFO,5.000000,40001,False
145715,SBICARD29SEP26680PE,SBICARD,29SEP2026,68000.000000,800,OPTSTK,NFO,5.000000,40001,False
145718,SBICARD29SEP26700CE,SBICARD,29SEP2026,70000.000000,800,OPTSTK,NFO,5.000000,40001,False
94309,GODREJPROP27OCT262060CE,GODREJPROP,27OCT2026,206000.000000,325,OPTSTK,NFO,5.000000,13001,False
94317,GODREJPROP27OCT262220CE,GODREJPROP,27OCT2026,222000.000000,325,OPTSTK,NFO,5.000000,13001,False
94367,GODREJPROP23NOV261640CE,GODREJPROP,23NOV2026,164000.000000,325,OPTSTK,NFO,5.000000,13001,False
94368,GODREJPROP23NOV261640PE,GODREJPROP,23NOV2026,164000.000000,325,OPTSTK,NFO,5.000000,13001,False
145720,SBICARD29SEP26720CE,SBICARD,29SEP2026,72000.000000,800,OPTSTK,NFO,5.000000,40001,False
146291,SBILIFE29SEP261520PE,SBILIFE,29SEP2026,152000.000000,375,OPTSTK,NFO,5.000000,15001,False
146298,SBILIFE29SEP261640PE,SBILIFE,29SEP2026,164000.000000,375,OPTSTK,NFO,5.000000,15001,False
146293,SBILIFE29SEP261560PE,SBILIFE,29SEP2026,156000.000000,375,OPTSTK,NFO,5.000000,15001,False
94389,GODREJPROP23NOV261720PE,GODREJPROP,23NOV2026,172000.000000,325,OPTSTK,NFO,5.000000,13001,False
94397,MFSL27OCT261320CE,MFSL,27OCT2026,132000.000000,400,OPTSTK,NFO,5.000000,16001,False
94408,MFSL27OCT261520PE,MFSL,27OCT2026,152000.000000,400,OPTSTK,NFO,5.000000,16001,False
94409,MFSL27OCT261560CE,MFSL,27OCT2026,156000.000000,400,OPTSTK,NFO,5.000000,16001,False
146311,SBILIFE29SEP261800PE,SBILIFE,29SEP2026,180000.000000,375,OPTSTK,NFO,5.000000,15001,False
146354,SBILIFE29SEP261920CE,SBILIFE,29SEP2026,192000.000000,375,OPTSTK,NFO,5.000000,15001,False
146918,SBIN29SEP26860CE,SBIN,29SEP2026,86000.000000,750,OPTSTK,NFO,5.000000,22501,False
146926,SBIN29SEP26940CE,SBIN,29SEP2026,94000.000000,750,OPTSTK,NFO,5.000000,22501,False
94418,GODREJPROP23NOV261800PE,GODREJPROP,23NOV2026,180000.000000,325,OPTSTK,NFO,5.000000,13001,False
94460,CAMS29SEP26680PE,CAMS,29SEP2026,68000.000000,825,OPTSTK,NFO,5.000000,33001,False
94461,CAMS29SEP26700CE,CAMS,29SEP2026,70000.000000,825,OPTSTK,NFO,5.000000,33001,False
94462,CAMS29SEP26700PE,CAMS,29SEP2026,70000.000000,825,OPTSTK,NFO,5.000000,33001,False
147200,SBIN29SEP261200CE,SBIN,29SEP2026,120000.000000,750,OPTSTK,NFO,5.000000,22501,False
146935,SBIN29SEP26960PE,SBIN,29SEP2026,96000.000000,750,OPTSTK,NFO,5.000000,22501,False
147184,SBIN29SEP261060CE,SBIN,29SEP2026,106000.000000,750,OPTSTK,NFO,5.000000,22501,False
147198,SBIN29SEP261180CE,SBIN,29SEP2026,118000.000000,750,OPTSTK,NFO,5.000000,22501,False
94467,CAMS29SEP26760CE,CAMS,29SEP2026,76000.000000,825,OPTSTK,NFO,5.000000,33001,False
94469,CAMS29SEP26780CE,CAMS,29SEP2026,78000.000000,825,OPTSTK,NFO,5.000000,33001,False
94479,MFSL27OCT261560PE,MFSL,27OCT2026,156000.000000,400,OPTSTK,NFO,5.000000,16001,False
94481,MFSL27OCT261600PE,MFSL,27OCT2026,160000.000000,400,OPTSTK,NFO,5.000000,16001,False
147203,SBIN29SEP261220PE,SBIN,29SEP2026,122000.000000,750,OPTSTK,NFO,5.000000,22501,False
147205,SBIN29SEP261240PE,SBIN,29SEP2026,124000.000000,750,OPTSTK,NFO,5.000000,22501,False
147522,SHREECEM29SEP2619500PE,SHREECEM,29SEP2026,1950000.000000,25,OPTSTK,NFO,5.000000,1001,False
147526,SHREECEM29SEP2620500PE,SHREECEM,29SEP2026,2050000.000000,25,OPTSTK,NFO,5.000000,1001,False
94496,CAMS29SEP26820CE,CAMS,29SEP2026,82000.000000,825,OPTSTK,NFO,5.000000,33001,False
94498,CAMS29SEP26840CE,CAMS,29SEP2026,84000.000000,825,OPTSTK,NFO,5.000000,33001,False
94509,CAMS29SEP26920PE,CAMS,29SEP2026,92000.000000,825,OPTSTK,NFO,5.000000,33001,False
94635,MOTHERSON27OCT26155PE,MOTHERSON,27OCT2026,15500.000000,6150,OPTSTK,NFO,1.000000,184501,False
147527,SHREECEM29SEP2621000CE,SHREECEM,29SEP2026,2100000.000000,25,OPTSTK,NFO,5.000000,1001,False
147528,SHREECEM29SEP2621000PE,SHREECEM,29SEP2026,2100000.000000,25,OPTSTK,NFO,5.000000,1001,False
147546,SHREECEM29SEP2625000PE,SHREECEM,29SEP2026,2500000.000000,25,OPTSTK,NFO,5.000000,1001,False
147561,SHREECEM29SEP2627500CE,SHREECEM,29SEP2026,2750000.000000,25,OPTSTK,NFO,5.000000,1001,False
94639,MOTHERSON27OCT26165PE,MOTHERSON,27OCT2026,16500.000000,6150,OPTSTK,NFO,1.000000,184501,False
94644,MOTHERSON27OCT26180CE,MOTHERSON,27OCT2026,18000.000000,6150,OPTSTK,NFO,1.000000,184501,False
94645,MOTHERSON27OCT26180PE,MOTHERSON,27OCT2026,18000.000000,6150,OPTSTK,NFO,1.000000,184501,False
94647,MOTHERSON27OCT26185PE,MOTHERSON,27OCT2026,18500.000000,6150,OPTSTK,NFO,1.000000,184501,False
147581,SHREECEM29SEP2628500CE,SHREECEM,29SEP2026,2850000.000000,25,OPTSTK,NFO,5.000000,1001,False
148155,SHRIRAMFIN29SEP261200PE,SHRIRAMFIN,29SEP2026,120000.000000,825,OPTSTK,NFO,5.000000,24751,False
148160,SHRIRAMFIN29SEP261320CE,SHRIRAMFIN,29SEP2026,132000.000000,825,OPTSTK,NFO,5.000000,24751,False
148407,SIEMENS29SEP264200CE,SIEMENS,29SEP2026,420000.000000,175,OPTSTK,NFO,5.000000,7001,False
94658,GODREJPROP23NOV262120PE,GODREJPROP,23NOV2026,212000.000000,325,OPTSTK,NFO,5.000000,13001,False
94673,GODREJPROP23NOV262320CE,GODREJPROP,23NOV2026,232000.000000,325,OPTSTK,NFO,5.000000,13001,False
94759,MOTILALOFS29SEP26940CE,MOTILALOFS,29SEP2026,94000.000000,775,OPTSTK,NFO,5.000000,23251,False
94769,MOTILALOFS29SEP261060CE,MOTILALOFS,29SEP2026,106000.000000,775,OPTSTK,NFO,5.000000,23251,False
148917,SOLARINDS29SEP2618500PE,SOLARINDS,29SEP2026,1850000.000000,50,OPTSTK,NFO,5.000000,1501,False
148932,SOLARINDS29SEP2621000CE,SOLARINDS,29SEP2026,2100000.000000,50,OPTSTK,NFO,5.000000,1501,False
149163,SOLARINDS29SEP2624000PE,SOLARINDS,29SEP2026,2400000.000000,50,OPTSTK,NFO,5.000000,1501,False
149937,SRF29SEP262600CE,SRF,29SEP2026,260000.000000,200,OPTSTK,NFO,5.000000,8001,False
94775,GRASIM27OCT263020CE,GRASIM,27OCT2026,302000.000000,250,OPTSTK,NFO,5.000000,7501,False
94812,GRASIM27OCT263300CE,GRASIM,27OCT2026,330000.000000,250,OPTSTK,NFO,5.000000,7501,False
94810,GRASIM27OCT263260CE,GRASIM,27OCT2026,326000.000000,250,OPTSTK,NFO,5.000000,7501,False
94811,GRASIM27OCT263260PE,GRASIM,27OCT2026,326000.000000,250,OPTSTK,NFO,5.000000,7501,False
149949,SRF29SEP263100PE,SRF,29SEP2026,310000.000000,200,OPTSTK,NFO,5.000000,8001,False
150489,SUNPHARMA29SEP261640CE,SUNPHARMA,29SEP2026,164000.000000,350,OPTSTK,NFO,5.000000,14001,False
150724,SUNPHARMA29SEP262120PE,SUNPHARMA,29SEP2026,212000.000000,350,OPTSTK,NFO,5.000000,14001,False
151008,SUPREMEIND29SEP262900CE,SUPREMEIND,29SEP2026,290000.000000,175,OPTSTK,NFO,5.000000,7001,False
94815,GRASIM27OCT263340PE,GRASIM,27OCT2026,334000.000000,250,OPTSTK,NFO,5.000000,7501,False
94821,GRASIM27OCT263460PE,GRASIM,27OCT2026,346000.000000,250,OPTSTK,NFO,5.000000,7501,False
94823,GRASIM27OCT263500PE,GRASIM,27OCT2026,350000.000000,250,OPTSTK,NFO,5.000000,7501,False
94869,MOTILALOFS27OCT261200CE,MOTILALOFS,27OCT2026,120000.000000,775,OPTSTK,NFO,5.000000,23251,False
151010,SUPREMEIND29SEP263000CE,SUPREMEIND,29SEP2026,300000.000000,175,OPTSTK,NFO,5.000000,7001,False
151016,SUPREMEIND29SEP263300CE,SUPREMEIND,29SEP2026,330000.000000,175,OPTSTK,NFO,5.000000,7001,False
151018,SUPREMEIND29SEP263400CE,SUPREMEIND,29SEP2026,340000.000000,175,OPTSTK,NFO,5.000000,7001,False
151031,SUPREMEIND29SEP264000PE,SUPREMEIND,29SEP2026,400000.000000,175,OPTSTK,NFO,5.000000,7001,False
94923,MPHASIS29SEP262650CE,MPHASIS,29SEP2026,265000.000000,275,OPTSTK,NFO,5.000000,11001,False
95015,MPHASIS27OCT262200PE,MPHASIS,27OCT2026,220000.000000,275,OPTSTK,NFO,5.000000,11001,False
95024,MPHASIS27OCT262400PE,MPHASIS,27OCT2026,240000.000000,275,OPTSTK,NFO,5.000000,11001,False
95093,MUTHOOTFIN29SEP262650CE,MUTHOOTFIN,29SEP2026,265000.000000,275,OPTSTK,NFO,5.000000,8251,False
151039,SUPREMEIND29SEP264200PE,SUPREMEIND,29SEP2026,420000.000000,175,OPTSTK,NFO,5.000000,7001,False
151241,SUZLON29SEP2644PE,SUZLON,29SEP2026,4400.000000,12700,OPTSTK,NFO,1.000000,381001,False
151243,SUZLON29SEP2646PE,SUZLON,29SEP2026,4600.000000,12700,OPTSTK,NFO,1.000000,381001,False
151942,TATACONSUM29SEP26880CE,TATACONSUM,29SEP2026,88000.000000,550,OPTSTK,NFO,5.000000,22001,False
95098,MUTHOOTFIN29SEP262850PE,MUTHOOTFIN,29SEP2026,285000.000000,275,OPTSTK,NFO,5.000000,8251,False
95132,GRASIM23NOV263080PE,GRASIM,23NOV2026,308000.000000,250,OPTSTK,NFO,5.000000,7501,False
95144,GRASIM23NOV263320PE,GRASIM,23NOV2026,332000.000000,250,OPTSTK,NFO,5.000000,7501,False
95270,MUTHOOTFIN27OCT263000PE,MUTHOOTFIN,27OCT2026,300000.000000,275,OPTSTK,NFO,5.000000,8251,False
151946,TATACONSUM29SEP26920CE,TATACONSUM,29SEP2026,92000.000000,550,OPTSTK,NFO,5.000000,22001,False
151960,TATACONSUM29SEP261060CE,TATACONSUM,29SEP2026,106000.000000,550,OPTSTK,NFO,5.000000,22001,False
151991,TATACONSUM29SEP261080PE,TATACONSUM,29SEP2026,108000.000000,550,OPTSTK,NFO,5.000000,22001,False
152021,TATACONSUM29SEP261200CE,TATACONSUM,29SEP2026,120000.000000,550,OPTSTK,NFO,5.000000,22001,False
95276,MUTHOOTFIN27OCT263300PE,MUTHOOTFIN,27OCT2026,330000.000000,275,OPTSTK,NFO,5.000000,8251,False
95277,MUTHOOTFIN27OCT263400CE,MUTHOOTFIN,27OCT2026,340000.000000,275,OPTSTK,NFO,5.000000,8251,False
95279,MUTHOOTFIN27OCT263500CE,MUTHOOTFIN,27OCT2026,350000.000000,275,OPTSTK,NFO,5.000000,8251,False
95280,MUTHOOTFIN27OCT263500PE,MUTHOOTFIN,27OCT2026,350000.000000,275,OPTSTK,NFO,5.000000,8251,False
152025,TATACONSUM29SEP261240CE,TATACONSUM,29SEP2026,124000.000000,550,OPTSTK,NFO,5.000000,22001,False
152517,TATAELXSI29SEP262800CE,TATAELXSI,29SEP2026,280000.000000,125,OPTSTK,NFO,5.000000,6251,False
152587,TATAELXSI29SEP263300CE,TATAELXSI,29SEP2026,330000.000000,125,OPTSTK,NFO,5.000000,6251,False
152665,TATAELXSI29SEP263500PE,TATAELXSI,29SEP2026,350000.000000,125,OPTSTK,NFO,5.000000,6251,False
95312,GVT&D27OCT265100CE,GVT&D,27OCT2026,510000.000000,125,OPTSTK,NFO,5.000000,5001,False
95352,NAM-INDIA29SEP261100PE,NAM-INDIA,29SEP2026,110000.000000,625,OPTSTK,NFO,5.000000,18751,False
95355,NAM-INDIA29SEP261180CE,NAM-INDIA,29SEP2026,118000.000000,625,OPTSTK,NFO,5.000000,18751,False
95359,NAM-INDIA29SEP261260CE,NAM-INDIA,29SEP2026,126000.000000,625,OPTSTK,NFO,5.000000,18751,False
152666,TATAELXSI29SEP263600CE,TATAELXSI,29SEP2026,360000.000000,125,OPTSTK,NFO,5.000000,6251,False
152668,TATAELXSI29SEP263700CE,TATAELXSI,29SEP2026,370000.000000,125,OPTSTK,NFO,5.000000,6251,False
152670,TATAELXSI29SEP263800CE,TATAELXSI,29SEP2026,380000.000000,125,OPTSTK,NFO,5.000000,6251,False
152675,TATAELXSI29SEP264000PE,TATAELXSI,29SEP2026,400000.000000,125,OPTSTK,NFO,5.000000,6251,False
95489,NAM-INDIA27OCT261240CE,NAM-INDIA,27OCT2026,124000.000000,625,OPTSTK,NFO,5.000000,18751,False
95497,NAM-INDIA27OCT261360CE,NAM-INDIA,27OCT2026,136000.000000,625,OPTSTK,NFO,5.000000,18751,False
95498,NAM-INDIA27OCT261360PE,NAM-INDIA,27OCT2026,136000.000000,625,OPTSTK,NFO,5.000000,18751,False
95544,CDSL29SEP261240PE,CDSL,29SEP2026,124000.000000,475,OPTSTK,NFO,5.000000,19001,False
153236,TATAPOWER29SEP26370CE,TATAPOWER,29SEP2026,37000.000000,1450,OPTSTK,NFO,5.000000,58001,False
153267,TATAPOWER29SEP26400PE,TATAPOWER,29SEP2026,40000.000000,1450,OPTSTK,NFO,5.000000,58001,False
153797,TATASTEEL29SEP26165PE,TATASTEEL,29SEP2026,16500.000000,2750,OPTSTK,NFO,1.000000,137501,False
153801,TATASTEEL29SEP26175PE,TATASTEEL,29SEP2026,17500.000000,2750,OPTSTK,NFO,1.000000,137501,False
95549,CDSL29SEP261320PE,CDSL,29SEP2026,132000.000000,475,OPTSTK,NFO,5.000000,19001,False
95556,GVT&D23NOV265200PE,GVT&D,23NOV2026,520000.000000,125,OPTSTK,NFO,5.000000,5001,False
95558,GVT&D23NOV265400PE,GVT&D,23NOV2026,540000.000000,125,OPTSTK,NFO,5.000000,5001,False
95566,CDSL29SEP261400CE,CDSL,29SEP2026,140000.000000,475,OPTSTK,NFO,5.000000,19001,False
153807,TATASTEEL29SEP26190PE,TATASTEEL,29SEP2026,19000.000000,2750,OPTSTK,NFO,1.000000,137501,False
153817,TATASTEEL29SEP26215PE,TATASTEEL,29SEP2026,21500.000000,2750,OPTSTK,NFO,1.000000,137501,False
153821,TATASTEEL29SEP26225PE,TATASTEEL,29SEP2026,22500.000000,2750,OPTSTK,NFO,1.000000,137501,False
153946,TCS29SEP261920CE,TCS,29SEP2026,192000.000000,225,OPTSTK,NFO,5.000000,9001,False
95578,CDSL29SEP261560PE,CDSL,29SEP2026,156000.000000,475,OPTSTK,NFO,5.000000,19001,False
95583,CDSL29SEP261600CE,CDSL,29SEP2026,160000.000000,475,OPTSTK,NFO,5.000000,19001,False
95616,HAL27OCT264450CE,HAL,27OCT2026,445000.000000,150,OPTSTK,NFO,5.000000,4501,False
95620,HAL27OCT264650CE,HAL,27OCT2026,465000.000000,150,OPTSTK,NFO,5.000000,4501,False
153954,TCS29SEP262080CE,TCS,29SEP2026,208000.000000,225,OPTSTK,NFO,5.000000,9001,False
153960,TCS29SEP262200CE,TCS,29SEP2026,220000.000000,225,OPTSTK,NFO,5.000000,9001,False
154263,TIINDIA29SEP262500PE,TIINDIA,29SEP2026,250000.000000,200,OPTSTK,NFO,5.000000,8001,False
154267,TIINDIA29SEP262700PE,TIINDIA,29SEP2026,270000.000000,200,OPTSTK,NFO,5.000000,8001,False
95763,CGPOWER29SEP26800CE,CGPOWER,29SEP2026,80000.000000,850,OPTSTK,NFO,5.000000,25501,False
95959,HAVELLS27OCT261140CE,HAVELLS,27OCT2026,114000.000000,500,OPTSTK,NFO,5.000000,20001,False
95766,CGPOWER29SEP26840PE,CGPOWER,29SEP2026,84000.000000,850,OPTSTK,NFO,5.000000,25501,False
95885,HAVELLS27OCT261020PE,HAVELLS,27OCT2026,102000.000000,500,OPTSTK,NFO,5.000000,20001,False
154409,TITAN29SEP265000CE,TITAN,29SEP2026,500000.000000,175,OPTSTK,NFO,5.000000,5251,False
154743,TORNTPHARM29SEP264200PE,TORNTPHARM,29SEP2026,420000.000000,125,OPTSTK,NFO,5.000000,5001,False
154950,TRENT29SEP262400CE,TRENT,29SEP2026,240000.000000,225,OPTSTK,NFO,5.000000,9001,False
154957,TRENT29SEP262700PE,TRENT,29SEP2026,270000.000000,225,OPTSTK,NFO,5.000000,9001,False
95961,NATIONALUM27OCT26460CE,NATIONALUM,27OCT2026,46000.000000,1875,OPTSTK,NFO,5.000000,56251,False
95985,CHOLAFIN29SEP261560CE,CHOLAFIN,29SEP2026,156000.000000,625,OPTSTK,NFO,5.000000,12501,False
95991,CHOLAFIN29SEP261600CE,CHOLAFIN,29SEP2026,160000.000000,625,OPTSTK,NFO,5.000000,12501,False
96009,CHOLAFIN29SEP261840PE,CHOLAFIN,29SEP2026,184000.000000,625,OPTSTK,NFO,5.000000,12501,False
155220,TVSMOTOR29SEP264300CE,TVSMOTOR,29SEP2026,430000.000000,175,OPTSTK,NFO,5.000000,5251,False
155221,TVSMOTOR29SEP264300PE,TVSMOTOR,29SEP2026,430000.000000,175,OPTSTK,NFO,5.000000,5251,False
155222,TVSMOTOR29SEP264400CE,TVSMOTOR,29SEP2026,440000.000000,175,OPTSTK,NFO,5.000000,5251,False
155228,TVSMOTOR29SEP265000CE,TVSMOTOR,29SEP2026,500000.000000,175,OPTSTK,NFO,5.000000,5251,False
96011,NAUKRI29SEP261220CE,NAUKRI,29SEP2026,122000.000000,550,OPTSTK,NFO,5.000000,16501,False
96018,HAVELLS27OCT261300PE,HAVELLS,27OCT2026,130000.000000,500,OPTSTK,NFO,5.000000,20001,False
96021,CHOLAFIN29SEP262000PE,CHOLAFIN,29SEP2026,200000.000000,625,OPTSTK,NFO,5.000000,12501,False
96022,CHOLAFIN29SEP262040CE,CHOLAFIN,29SEP2026,204000.000000,625,OPTSTK,NFO,5.000000,12501,False
155460,ULTRACEMCO29SEP2613560CE,ULTRACEMCO,29SEP2026,1356000.000000,50,OPTSTK,NFO,5.000000,2001,False
155639,UNITDSPR29SEP261240PE,UNITDSPR,29SEP2026,124000.000000,400,OPTSTK,NFO,5.000000,16001,False
155641,UNITDSPR29SEP261280PE,UNITDSPR,29SEP2026,128000.000000,400,OPTSTK,NFO,5.000000,16001,False
155644,UNITDSPR29SEP261360CE,UNITDSPR,29SEP2026,136000.000000,400,OPTSTK,NFO,5.000000,16001,False
96023,CHOLAFIN29SEP262040PE,CHOLAFIN,29SEP2026,204000.000000,625,OPTSTK,NFO,5.000000,12501,False
96036,CHOLAFIN29SEP262160CE,CHOLAFIN,29SEP2026,216000.000000,625,OPTSTK,NFO,5.000000,12501,False
96043,NAUKRI29SEP261420CE,NAUKRI,29SEP2026,142000.000000,550,OPTSTK,NFO,5.000000,16501,False
96068,NAUKRI29SEP261460PE,NAUKRI,29SEP2026,146000.000000,550,OPTSTK,NFO,5.000000,16501,False
155645,UNITDSPR29SEP261360PE,UNITDSPR,29SEP2026,136000.000000,400,OPTSTK,NFO,5.000000,16001,False
155648,UNITDSPR29SEP261440CE,UNITDSPR,29SEP2026,144000.000000,400,OPTSTK,NFO,5.000000,16001,False
155662,UNITDSPR29SEP261720CE,UNITDSPR,29SEP2026,172000.000000,400,OPTSTK,NFO,5.000000,16001,False
155665,UNITDSPR29SEP261760PE,UNITDSPR,29SEP2026,176000.000000,400,OPTSTK,NFO,5.000000,16001,False
96069,NAUKRI29SEP261500CE,NAUKRI,29SEP2026,150000.000000,550,OPTSTK,NFO,5.000000,16501,False
96100,NAUKRI27OCT261200CE,NAUKRI,27OCT2026,120000.000000,550,OPTSTK,NFO,5.000000,16501,False
96104,HAVELLS23NOV26960CE,HAVELLS,23NOV2026,96000.000000,500,OPTSTK,NFO,5.000000,20001,False
96106,HAVELLS23NOV261000CE,HAVELLS,23NOV2026,100000.000000,500,OPTSTK,NFO,5.000000,20001,False
155749,UNOMINDA29SEP261080PE,UNOMINDA,29SEP2026,108000.000000,550,OPTSTK,NFO,5.000000,22001,False
155760,UNOMINDA29SEP261320CE,UNOMINDA,29SEP2026,132000.000000,550,OPTSTK,NFO,5.000000,22001,False
155764,UNOMINDA29SEP261400CE,UNOMINDA,29SEP2026,140000.000000,550,OPTSTK,NFO,5.000000,22001,False
155796,UPL29SEP26480CE,UPL,29SEP2026,48000.000000,1355,OPTSTK,NFO,5.000000,40651,False
96119,HAVELLS23NOV261200PE,HAVELLS,23NOV2026,120000.000000,500,OPTSTK,NFO,5.000000,20001,False
96133,NAUKRI27OCT261440CE,NAUKRI,27OCT2026,144000.000000,550,OPTSTK,NFO,5.000000,16501,False
96138,NAUKRI27OCT261520PE,NAUKRI,27OCT2026,152000.000000,550,OPTSTK,NFO,5.000000,16501,False
96147,NBCC29SEP2672.5CE,NBCC,29SEP2026,7250.000000,6500,OPTSTK,NFO,1.000000,260001,False
155808,UPL29SEP26600CE,UPL,29SEP2026,60000.000000,1355,OPTSTK,NFO,5.000000,40651,False
155815,UPL29SEP26660PE,UPL,29SEP2026,66000.000000,1355,OPTSTK,NFO,5.000000,40651,False
155857,VBL29SEP26400PE,VBL,29SEP2026,40000.000000,1275,OPTSTK,NFO,5.000000,51001,False
155864,VBL29SEP26480CE,VBL,29SEP2026,48000.000000,1275,OPTSTK,NFO,5.000000,51001,False
96156,NBCC29SEP2692.5PE,NBCC,29SEP2026,9250.000000,6500,OPTSTK,NFO,1.000000,260001,False
96162,NBCC29SEP26107.5PE,NBCC,29SEP2026,10750.000000,6500,OPTSTK,NFO,1.000000,260001,False
96293,HCLTECH27OCT261110CE,HCLTECH,27OCT2026,111000.000000,400,OPTSTK,NFO,5.000000,20001,False
96297,HCLTECH27OCT261150CE,HCLTECH,27OCT2026,115000.000000,400,OPTSTK,NFO,5.000000,20001,False
155865,VBL29SEP26480PE,VBL,29SEP2026,48000.000000,1275,OPTSTK,NFO,5.000000,51001,False
155867,VBL29SEP26500PE,VBL,29SEP2026,50000.000000,1275,OPTSTK,NFO,5.000000,51001,False
155871,VBL29SEP26540PE,VBL,29SEP2026,54000.000000,1275,OPTSTK,NFO,5.000000,51001,False
156049,VEDL29SEP26210PE,VEDL,29SEP2026,21000.000000,1150,OPTSTK,NFO,5.000000,80501,False
96320,HCLTECH27OCT261270PE,HCLTECH,27OCT2026,127000.000000,400,OPTSTK,NFO,5.000000,20001,False
96336,HCLTECH27OCT261350CE,HCLTECH,27OCT2026,135000.000000,400,OPTSTK,NFO,5.000000,20001,False
96347,HCLTECH27OCT261410CE,HCLTECH,27OCT2026,141000.000000,400,OPTSTK,NFO,5.000000,20001,False
96467,NBCC27OCT2675CE,NBCC,27OCT2026,7500.000000,6500,OPTSTK,NFO,1.000000,260001,False
156055,VEDL29SEP26240PE,VEDL,29SEP2026,24000.000000,1150,OPTSTK,NFO,5.000000,80501,False
156064,VEDL29SEP26290CE,VEDL,29SEP2026,29000.000000,1150,OPTSTK,NFO,5.000000,80501,False
156091,VEDL29SEP26300PE,VEDL,29SEP2026,30000.000000,1150,OPTSTK,NFO,5.000000,80501,False
156094,VEDL29SEP26320CE,VEDL,29SEP2026,32000.000000,1150,OPTSTK,NFO,5.000000,80501,False
96489,NBCC27OCT2680PE,NBCC,27OCT2026,8000.000000,6500,OPTSTK,NFO,1.000000,260001,False
96491,CIPLA29SEP261180CE,CIPLA,29SEP2026,118000.000000,425,OPTSTK,NFO,5.000000,17001,False
96494,NBCC27OCT2690CE,NBCC,27OCT2026,9000.000000,6500,OPTSTK,NFO,1.000000,260001,False
96568,CIPLA29SEP261260PE,CIPLA,29SEP2026,126000.000000,425,OPTSTK,NFO,5.000000,17001,False
156269,VMM29SEP26125PE,VMM,29SEP2026,12500.000000,4850,OPTSTK,NFO,1.000000,194001,False
156353,VOLTAS29SEP26960PE,VOLTAS,29SEP2026,96000.000000,375,OPTSTK,NFO,5.000000,18751,False
156354,VOLTAS29SEP261000CE,VOLTAS,29SEP2026,100000.000000,375,OPTSTK,NFO,5.000000,18751,False
156369,VOLTAS29SEP261240PE,VOLTAS,29SEP2026,124000.000000,375,OPTSTK,NFO,5.000000,18751,False
96573,CIPLA29SEP261320CE,CIPLA,29SEP2026,132000.000000,425,OPTSTK,NFO,5.000000,17001,False
96582,NESTLEIND29SEP261330PE,NESTLEIND,29SEP2026,133000.000000,500,OPTSTK,NFO,5.000000,15001,False
96584,NESTLEIND29SEP261350PE,NESTLEIND,29SEP2026,135000.000000,500,OPTSTK,NFO,5.000000,15001,False
96589,NESTLEIND29SEP261410CE,NESTLEIND,29SEP2026,141000.000000,500,OPTSTK,NFO,5.000000,15001,False
156371,VOLTAS29SEP261280PE,VOLTAS,29SEP2026,128000.000000,375,OPTSTK,NFO,5.000000,18751,False
156470,WAAREEENER29SEP262400CE,WAAREEENER,29SEP2026,240000.000000,175,OPTSTK,NFO,5.000000,8751,False
156471,WAAREEENER29SEP262400PE,WAAREEENER,29SEP2026,240000.000000,175,OPTSTK,NFO,5.000000,8751,False
156585,WIPRO29SEP26165PE,WIPRO,29SEP2026,16500.000000,3000,OPTSTK,NFO,1.000000,120001,False
96603,NESTLEIND29SEP261550CE,NESTLEIND,29SEP2026,155000.000000,500,OPTSTK,NFO,5.000000,15001,False
96606,NESTLEIND29SEP261570PE,NESTLEIND,29SEP2026,157000.000000,500,OPTSTK,NFO,5.000000,15001,False
96609,NESTLEIND29SEP261610CE,NESTLEIND,29SEP2026,161000.000000,500,OPTSTK,NFO,5.000000,15001,False
96657,CIPLA29SEP261420CE,CIPLA,29SEP2026,142000.000000,425,OPTSTK,NFO,5.000000,17001,False
156836,ZYDUSLIFE29SEP261180CE,ZYDUSLIFE,29SEP2026,118000.000000,900,OPTSTK,NFO,5.000000,27001,False
156602,WIPRO29SEP26210CE,WIPRO,29SEP2026,21000.000000,3000,OPTSTK,NFO,1.000000,120001,False
156605,WIPRO29SEP26215PE,WIPRO,29SEP2026,21500.000000,3000,OPTSTK,NFO,1.000000,120001,False
156816,ZYDUSLIFE29SEP26980CE,ZYDUSLIFE,29SEP2026,98000.000000,900,OPTSTK,NFO,5.000000,27001,False
35237,NIFTY29DEC2630000PE,NIFTY,29DEC2026,3000000.000000,65,OPTIDX,NFO,5.000000,1801,False
96667,CIPLA29SEP261500CE,CIPLA,29SEP2026,150000.000000,425,OPTSTK,NFO,5.000000,17001,False
96685,CIPLA29SEP261600CE,CIPLA,29SEP2026,160000.000000,425,OPTSTK,NFO,5.000000,17001,False
96703,NESTLEIND27OCT261240CE,NESTLEIND,27OCT2026,124000.000000,500,OPTSTK,NFO,5.000000,15001,False
96708,NESTLEIND27OCT261280PE,NESTLEIND,27OCT2026,128000.000000,500,OPTSTK,NFO,5.000000,15001,False
156849,ZYDUSLIFE29SEP261300PE,ZYDUSLIFE,29SEP2026,130000.000000,900,OPTSTK,NFO,5.000000,27001,False
156850,ZYDUSLIFE29SEP261320CE,ZYDUSLIFE,29SEP2026,132000.000000,900,OPTSTK,NFO,5.000000,27001,False
156855,ZYDUSLIFE29SEP261360PE,ZYDUSLIFE,29SEP2026,136000.000000,900,OPTSTK,NFO,5.000000,27001,False
35470,COFORGE29SEP262140CE,COFORGE,29SEP2026,214000.000000,475,OPTSTK,NFO,5.000000,14251,False
35471,COFORGE29SEP262140PE,COFORGE,29SEP2026,214000.000000,475,OPTSTK,NFO,5.000000,14251,False
35938,NIFTYFPI29SEP26FUT,NIFTYFPI,29SEP2026,-1.000000,1100,FUTIDX,NFO,5.000000,8501,False
96709,NESTLEIND27OCT261300CE,NESTLEIND,27OCT2026,130000.000000,500,OPTSTK,NFO,5.000000,15001,False
96728,NESTLEIND27OCT261480PE,NESTLEIND,27OCT2026,148000.000000,500,OPTSTK,NFO,5.000000,15001,False
96734,NESTLEIND27OCT261540PE,NESTLEIND,27OCT2026,154000.000000,500,OPTSTK,NFO,5.000000,15001,False
96754,HCLTECH23NOV261180PE,HCLTECH,23NOV2026,118000.000000,400,OPTSTK,NFO,5.000000,20001,False
35637,DRREDDY29SEP26980CE,DRREDDY,29SEP2026,98000.000000,625,OPTSTK,NFO,5.000000,18751,False
35955,KAYNES29SEP264100PE,KAYNES,29SEP2026,410000.000000,150,OPTSTK,NFO,5.000000,6001,False
36072,COLPAL27OCT261480CE,COLPAL,27OCT2026,148000.000000,275,OPTSTK,NFO,5.000000,11001,False
36073,COLPAL27OCT261480PE,COLPAL,27OCT2026,148000.000000,275,OPTSTK,NFO,5.000000,11001,False
96832,HCLTECH23NOV261280CE,HCLTECH,23NOV2026,128000.000000,400,OPTSTK,NFO,5.000000,20001,False
96844,HCLTECH23NOV261280PE,HCLTECH,23NOV2026,128000.000000,400,OPTSTK,NFO,5.000000,20001,False
96859,HCLTECH23NOV261400CE,HCLTECH,23NOV2026,140000.000000,400,OPTSTK,NFO,5.000000,20001,False
96860,HCLTECH23NOV261400PE,HCLTECH,23NOV2026,140000.000000,400,OPTSTK,NFO,5.000000,20001,False
36145,KAYNES29SEP264350PE,KAYNES,29SEP2026,435000.000000,150,OPTSTK,NFO,5.000000,6001,False
36189,KAYNES27OCT264500PE,KAYNES,27OCT2026,450000.000000,150,OPTSTK,NFO,5.000000,6001,False
36357,PAYTM29SEP261680PE,PAYTM,29SEP2026,168000.000000,725,OPTSTK,NFO,5.000000,14501,False
36720,131NSETEST27NOV36FUT,131NSETEST,27NOV2036,-1.000000,50,FUTSTK,NFO,5.000000,100001,False
96862,HCLTECH23NOV261420PE,HCLTECH,23NOV2026,142000.000000,400,OPTSTK,NFO,5.000000,20001,False
96915,COALINDIA29SEP26380CE,COALINDIA,29SEP2026,38000.000000,1350,OPTSTK,NFO,5.000000,54001,False
96929,COALINDIA29SEP26450CE,COALINDIA,29SEP2026,45000.000000,1350,OPTSTK,NFO,5.000000,54001,False
96942,COALINDIA29SEP26470PE,COALINDIA,29SEP2026,47000.000000,1350,OPTSTK,NFO,5.000000,54001,False
96972,COALINDIA29SEP26500CE,COALINDIA,29SEP2026,50000.000000,1350,OPTSTK,NFO,5.000000,54001,False
96973,COALINDIA29SEP26500PE,COALINDIA,29SEP2026,50000.000000,1350,OPTSTK,NFO,5.000000,54001,False
97007,NHPC29SEP2671CE,NHPC,29SEP2026,7100.000000,6950,OPTSTK,NFO,1.000000,278001,False
97018,NHPC29SEP2681PE,NHPC,29SEP2026,8100.000000,6950,OPTSTK,NFO,1.000000,278001,False
36795,COFORGE29SEP261880PE,COFORGE,29SEP2026,188000.000000,475,OPTSTK,NFO,5.000000,14251,False
36998,LODHA29SEP26940PE,LODHA,29SEP2026,94000.000000,625,OPTSTK,NFO,5.000000,18751,False
37012,GMRAIRPORT29SEP2682CE,GMRAIRPORT,29SEP2026,8200.000000,6975,OPTSTK,NFO,1.000000,209251,False
37013,GMRAIRPORT29SEP2682PE,GMRAIRPORT,29SEP2026,8200.000000,6975,OPTSTK,NFO,1.000000,209251,False
37401,KALYANKJIL29SEP26510PE,KALYANKJIL,29SEP2026,51000.000000,1350,OPTSTK,NFO,5.000000,40501,False
37655,PAGEIND29SEP2631000PE,PAGEIND,29SEP2026,3100000.000000,20,OPTSTK,NFO,5.000000,601,False
37913,TITAN29SEP265700CE,TITAN,29SEP2026,570000.000000,175,OPTSTK,NFO,5.000000,5251,False
37914,TITAN29SEP265700PE,TITAN,29SEP2026,570000.000000,175,OPTSTK,NFO,5.000000,5251,False
97020,NHPC29SEP2683PE,NHPC,29SEP2026,8300.000000,6950,OPTSTK,NFO,1.000000,278001,False
97083,HDFCAMC27OCT262150CE,HDFCAMC,27OCT2026,215000.000000,300,OPTSTK,NFO,5.000000,9001,False
97086,HDFCAMC27OCT262250PE,HDFCAMC,27OCT2026,225000.000000,300,OPTSTK,NFO,5.000000,9001,False
97127,NHPC27OCT2678PE,NHPC,27OCT2026,7800.000000,6950,OPTSTK,NFO,1.000000,278001,False
38039,ULTRACEMCO29SEP2610100CE,ULTRACEMCO,29SEP2026,1010000.000000,50,OPTSTK,NFO,5.000000,2001,False
38040,ULTRACEMCO29SEP2610100PE,ULTRACEMCO,29SEP2026,1010000.000000,50,OPTSTK,NFO,5.000000,2001,False
38058,ULTRACEMCO29SEP2610500PE,ULTRACEMCO,29SEP2026,1050000.000000,50,OPTSTK,NFO,5.000000,2001,False
38089,ULTRACEMCO29SEP2611100CE,ULTRACEMCO,29SEP2026,1110000.000000,50,OPTSTK,NFO,5.000000,2001,False
97184,HDFCAMC23NOV262300PE,HDFCAMC,23NOV2026,230000.000000,300,OPTSTK,NFO,5.000000,9001,False
97281,COCHINSHIP29SEP261200CE,COCHINSHIP,29SEP2026,120000.000000,400,OPTSTK,NFO,5.000000,16001,False
97321,HDFCBANK27OCT26650CE,HDFCBANK,27OCT2026,65000.000000,650,OPTSTK,NFO,5.000000,32501,False
97329,HDFCBANK27OCT26730CE,HDFCBANK,27OCT2026,73000.000000,650,OPTSTK,NFO,5.000000,32501,False
38161,ULTRACEMCO29SEP2613300PE,ULTRACEMCO,29SEP2026,1330000.000000,50,OPTSTK,NFO,5.000000,2001,False
97359,COCHINSHIP29SEP261320CE,COCHINSHIP,29SEP2026,132000.000000,400,OPTSTK,NFO,5.000000,16001,False
97382,COCHINSHIP29SEP261760PE,COCHINSHIP,29SEP2026,176000.000000,400,OPTSTK,NFO,5.000000,16001,False
97493,NMDC29SEP2673CE,NMDC,29SEP2026,7300.000000,6750,OPTSTK,NFO,1.000000,270001,False
97513,NMDC29SEP2679PE,NMDC,29SEP2026,7900.000000,6750,OPTSTK,NFO,1.000000,270001,False
38101,ULTRACEMCO29SEP2611500CE,ULTRACEMCO,29SEP2026,1150000.000000,50,OPTSTK,NFO,5.000000,2001,False
38144,ULTRACEMCO29SEP2612700CE,ULTRACEMCO,29SEP2026,1270000.000000,50,OPTSTK,NFO,5.000000,2001,False
38150,ULTRACEMCO29SEP2613000CE,ULTRACEMCO,29SEP2026,1300000.000000,50,OPTSTK,NFO,5.000000,2001,False
97517,NMDC29SEP2683PE,NMDC,29SEP2026,8300.000000,6750,OPTSTK,NFO,1.000000,270001,False
97529,NMDC29SEP2693CE,NMDC,29SEP2026,9300.000000,6750,OPTSTK,NFO,1.000000,270001,False
97534,HDFCBANK23NOV26740CE,HDFCBANK,23NOV2026,74000.000000,650,OPTSTK,NFO,5.000000,32501,False
97547,HDFCBANK23NOV26840PE,HDFCBANK,23NOV2026,84000.000000,650,OPTSTK,NFO,5.000000,32501,False
38304,ULTRACEMCO27OCT269800PE,ULTRACEMCO,27OCT2026,980000.000000,50,OPTSTK,NFO,5.000000,2001,False
38316,ULTRACEMCO27OCT2611000CE,ULTRACEMCO,27OCT2026,1100000.000000,50,OPTSTK,NFO,5.000000,2001,False
38317,ULTRACEMCO27OCT2611000PE,ULTRACEMCO,27OCT2026,1100000.000000,50,OPTSTK,NFO,5.000000,2001,False
38318,ULTRACEMCO27OCT2611200CE,ULTRACEMCO,27OCT2026,1120000.000000,50,OPTSTK,NFO,5.000000,2001,False
38322,ULTRACEMCO27OCT2611400PE,ULTRACEMCO,27OCT2026,1140000.000000,50,OPTSTK,NFO,5.000000,2001,False
38324,ULTRACEMCO27OCT2611600PE,ULTRACEMCO,27OCT2026,1160000.000000,50,OPTSTK,NFO,5.000000,2001,False
38364,ULTRACEMCO27OCT2613400PE,ULTRACEMCO,27OCT2026,1340000.000000,50,OPTSTK,NFO,5.000000,2001,False
39564,TECHM29SEP261320PE,TECHM,29SEP2026,132000.000000,600,OPTSTK,NFO,5.000000,18001,False
97668,NMDC27OCT2672CE,NMDC,27OCT2026,7200.000000,6750,OPTSTK,NFO,1.000000,270001,False
97685,NMDC27OCT2682CE,NMDC,27OCT2026,8200.000000,6750,OPTSTK,NFO,1.000000,270001,False
97686,NMDC27OCT2682PE,NMDC,27OCT2026,8200.000000,6750,OPTSTK,NFO,1.000000,270001,False
97700,NMDC27OCT2692PE,NMDC,27OCT2026,9200.000000,6750,OPTSTK,NFO,1.000000,270001,False
39566,TECHM29SEP261360PE,TECHM,29SEP2026,136000.000000,600,OPTSTK,NFO,5.000000,18001,False
39573,TECHM29SEP261440PE,TECHM,29SEP2026,144000.000000,600,OPTSTK,NFO,5.000000,18001,False
39599,TECHM29SEP261880PE,TECHM,29SEP2026,188000.000000,600,OPTSTK,NFO,5.000000,18001,False
39617,TIINDIA29SEP262100PE,TIINDIA,29SEP2026,210000.000000,200,OPTSTK,NFO,5.000000,8001,False
97719,HDFCLIFE27OCT26565PE,HDFCLIFE,27OCT2026,56500.000000,1100,OPTSTK,NFO,5.000000,44001,False
97729,HDFCLIFE27OCT26615PE,HDFCLIFE,27OCT2026,61500.000000,1100,OPTSTK,NFO,5.000000,44001,False
97794,NTPC29SEP26305CE,NTPC,29SEP2026,30500.000000,1500,OPTSTK,NFO,5.000000,75001,False
97831,NTPC29SEP26385PE,NTPC,29SEP2026,38500.000000,1500,OPTSTK,NFO,5.000000,75001,False
97971,NTPC27OCT26380CE,NTPC,27OCT2026,38000.000000,1500,OPTSTK,NFO,5.000000,75001,False
97972,NTPC27OCT26380PE,NTPC,27OCT2026,38000.000000,1500,OPTSTK,NFO,5.000000,75001,False
98014,NYKAA29SEP26325PE,NYKAA,29SEP2026,32500.000000,3125,OPTSTK,NFO,5.000000,93751,False
98080,NYKAA27OCT26320PE,NYKAA,27OCT2026,32000.000000,3125,OPTSTK,NFO,5.000000,93751,False
39665,PAYTM29SEP261840PE,PAYTM,29SEP2026,184000.000000,725,OPTSTK,NFO,5.000000,14501,False
39892,APLAPOLLO29SEP262560CE,APLAPOLLO,29SEP2026,256000.000000,350,OPTSTK,NFO,5.000000,10501,False
39893,APLAPOLLO29SEP262560PE,APLAPOLLO,29SEP2026,256000.000000,350,OPTSTK,NFO,5.000000,10501,False
40658,NIFTY06OCT2621750PE,NIFTY,06OCT2026,2175000.000000,65,OPTIDX,NFO,5.000000,1801,False
40669,NIFTY06OCT2622050CE,NIFTY,06OCT2026,2205000.000000,65,OPTIDX,NFO,5.000000,1801,False
40670,NIFTY06OCT2622050PE,NIFTY,06OCT2026,2205000.000000,65,OPTIDX,NFO,5.000000,1801,False
40682,NIFTY06OCT2622350CE,NIFTY,06OCT2026,2235000.000000,65,OPTIDX,NFO,5.000000,1801,False
40696,NIFTY06OCT2622450PE,NIFTY,06OCT2026,2245000.000000,65,OPTIDX,NFO,5.000000,1801,False
98087,NYKAA27OCT26360CE,NYKAA,27OCT2026,36000.000000,3125,OPTSTK,NFO,5.000000,93751,False
98088,NYKAA27OCT26360PE,NYKAA,27OCT2026,36000.000000,3125,OPTSTK,NFO,5.000000,93751,False
98090,NYKAA27OCT26370PE,NYKAA,27OCT2026,37000.000000,3125,OPTSTK,NFO,5.000000,93751,False
98093,NYKAA27OCT26390CE,NYKAA,27OCT2026,39000.000000,3125,OPTSTK,NFO,5.000000,93751,False
40699,NIFTY06OCT2622550CE,NIFTY,06OCT2026,2255000.000000,65,OPTIDX,NFO,5.000000,1801,False
40717,NIFTY06OCT2622850CE,NIFTY,06OCT2026,2285000.000000,65,OPTIDX,NFO,5.000000,1801,False
40721,NIFTY06OCT2622900CE,NIFTY,06OCT2026,2290000.000000,65,OPTIDX,NFO,5.000000,1801,False
40749,NIFTY06OCT2623250CE,NIFTY,06OCT2026,2325000.000000,65,OPTIDX,NFO,5.000000,1801,False
98114,COLPAL29SEP261480CE,COLPAL,29SEP2026,148000.000000,275,OPTSTK,NFO,5.000000,11001,False
98131,COLPAL29SEP261520PE,COLPAL,29SEP2026,152000.000000,275,OPTSTK,NFO,5.000000,11001,False
98143,COLPAL29SEP261760PE,COLPAL,29SEP2026,176000.000000,275,OPTSTK,NFO,5.000000,11001,False
98145,COLPAL29SEP261800PE,COLPAL,29SEP2026,180000.000000,275,OPTSTK,NFO,5.000000,11001,False
40750,NIFTY06OCT2623250PE,NIFTY,06OCT2026,2325000.000000,65,OPTIDX,NFO,5.000000,1801,False
40768,NIFTY06OCT2623650PE,NIFTY,06OCT2026,2365000.000000,65,OPTIDX,NFO,5.000000,1801,False
40779,NIFTY06OCT2623750CE,NIFTY,06OCT2026,2375000.000000,65,OPTIDX,NFO,5.000000,1801,False
40801,NIFTY06OCT2624050CE,NIFTY,06OCT2026,2405000.000000,65,OPTIDX,NFO,5.000000,1801,False
98197,OBEROIRLTY29SEP261740PE,OBEROIRLTY,29SEP2026,174000.000000,350,OPTSTK,NFO,5.000000,14001,False
98219,HDFCLIFE23NOV26460PE,HDFCLIFE,23NOV2026,46000.000000,1100,OPTSTK,NFO,5.000000,44001,False
98224,HDFCLIFE23NOV26490CE,HDFCLIFE,23NOV2026,49000.000000,1100,OPTSTK,NFO,5.000000,44001,False
98235,HDFCLIFE23NOV26540PE,HDFCLIFE,23NOV2026,54000.000000,1100,OPTSTK,NFO,5.000000,44001,False
40810,NIFTY06OCT2624150PE,NIFTY,06OCT2026,2415000.000000,65,OPTIDX,NFO,5.000000,1801,False
40813,NIFTY06OCT2624250CE,NIFTY,06OCT2026,2425000.000000,65,OPTIDX,NFO,5.000000,1801,False
40818,NIFTY06OCT2624300PE,NIFTY,06OCT2026,2430000.000000,65,OPTIDX,NFO,5.000000,1801,False
40820,NIFTY06OCT2624350PE,NIFTY,06OCT2026,2435000.000000,65,OPTIDX,NFO,5.000000,1801,False
98239,HDFCLIFE23NOV26560PE,HDFCLIFE,23NOV2026,56000.000000,1100,OPTSTK,NFO,5.000000,44001,False
98241,HDFCLIFE23NOV26570PE,HDFCLIFE,23NOV2026,57000.000000,1100,OPTSTK,NFO,5.000000,44001,False
98322,OBEROIRLTY29SEP262060CE,OBEROIRLTY,29SEP2026,206000.000000,350,OPTSTK,NFO,5.000000,14001,False
98370,COLPAL29SEP262200CE,COLPAL,29SEP2026,220000.000000,275,OPTSTK,NFO,5.000000,11001,False
40835,NIFTY06OCT2624650CE,NIFTY,06OCT2026,2465000.000000,65,OPTIDX,NFO,5.000000,1801,False
40853,DIVISLAB27OCT2610200PE,DIVISLAB,27OCT2026,1020000.000000,100,OPTSTK,NFO,5.000000,3001,False
40866,NIFTY06OCT2625000PE,NIFTY,06OCT2026,2500000.000000,65,OPTIDX,NFO,5.000000,1801,False
40881,NIFTY06OCT2625400CE,NIFTY,06OCT2026,2540000.000000,65,OPTIDX,NFO,5.000000,1801,False
98393,HEROMOTOCO27OCT265300CE,HEROMOTOCO,27OCT2026,530000.000000,150,OPTSTK,NFO,5.000000,4501,False
98397,HEROMOTOCO27OCT265700CE,HEROMOTOCO,27OCT2026,570000.000000,150,OPTSTK,NFO,5.000000,4501,False
98431,HEROMOTOCO23NOV264600CE,HEROMOTOCO,23NOV2026,460000.000000,150,OPTSTK,NFO,5.000000,4501,False
98432,OBEROIRLTY27OCT261520PE,OBEROIRLTY,27OCT2026,152000.000000,350,OPTSTK,NFO,5.000000,14001,False
41727,LTM29SEP265100CE,LTM,29SEP2026,510000.000000,150,OPTSTK,NFO,5.000000,6001,False
41813,NAUKRI29SEP261480PE,NAUKRI,29SEP2026,148000.000000,550,OPTSTK,NFO,5.000000,16501,False
41973,PAYTM29SEP261740PE,PAYTM,29SEP2026,174000.000000,725,OPTSTK,NFO,5.000000,14501,False
41979,PAYTM27OCT261920PE,PAYTM,27OCT2026,192000.000000,725,OPTSTK,NFO,5.000000,14501,False
98434,OBEROIRLTY27OCT261560PE,OBEROIRLTY,27OCT2026,156000.000000,350,OPTSTK,NFO,5.000000,14001,False
98437,OBEROIRLTY27OCT261640CE,OBEROIRLTY,27OCT2026,164000.000000,350,OPTSTK,NFO,5.000000,14001,False
98441,OBEROIRLTY27OCT261720CE,OBEROIRLTY,27OCT2026,172000.000000,350,OPTSTK,NFO,5.000000,14001,False
98450,OBEROIRLTY27OCT261880PE,OBEROIRLTY,27OCT2026,188000.000000,350,OPTSTK,NFO,5.000000,14001,False
42059,POLICYBZR27OCT262120PE,POLICYBZR,27OCT2026,212000.000000,350,OPTSTK,NFO,5.000000,14001,False
43144,MPHASIS29SEP262700CE,MPHASIS,29SEP2026,270000.000000,275,OPTSTK,NFO,5.000000,11001,False
43147,MPHASIS29SEP262800PE,MPHASIS,29SEP2026,280000.000000,275,OPTSTK,NFO,5.000000,11001,False
44012,APLAPOLLO29SEP262440PE,APLAPOLLO,29SEP2026,244000.000000,350,OPTSTK,NFO,5.000000,10501,False
98454,HEROMOTOCO23NOV264800CE,HEROMOTOCO,23NOV2026,480000.000000,150,OPTSTK,NFO,5.000000,4501,False
98457,HEROMOTOCO23NOV265000PE,HEROMOTOCO,23NOV2026,500000.000000,150,OPTSTK,NFO,5.000000,4501,False
98466,HEROMOTOCO23NOV265400CE,HEROMOTOCO,23NOV2026,540000.000000,150,OPTSTK,NFO,5.000000,4501,False
98481,HEROMOTOCO23NOV266200CE,HEROMOTOCO,23NOV2026,620000.000000,150,OPTSTK,NFO,5.000000,4501,False
44476,BAJAJ-AUTO29SEP2613400PE,BAJAJ-AUTO,29SEP2026,1340000.000000,75,OPTSTK,NFO,5.000000,2251,False
44626,NIFTY13OCT2622850CE,NIFTY,13OCT2026,2285000.000000,65,OPTIDX,NFO,5.000000,1801,False
44628,NIFTY13OCT2622900CE,NIFTY,13OCT2026,2290000.000000,65,OPTIDX,NFO,5.000000,1801,False
44662,NIFTY13OCT2623450CE,NIFTY,13OCT2026,2345000.000000,65,OPTIDX,NFO,5.000000,1801,False
98521,OBEROIRLTY27OCT262160PE,OBEROIRLTY,27OCT2026,216000.000000,350,OPTSTK,NFO,5.000000,14001,False
98546,HINDALCO27OCT26940PE,HINDALCO,27OCT2026,94000.000000,700,OPTSTK,NFO,5.000000,21001,False
98623,OFSS29SEP2610500PE,OFSS,29SEP2026,1050000.000000,100,OPTSTK,NFO,5.000000,2001,False
98626,OFSS29SEP2610900CE,OFSS,29SEP2026,1090000.000000,100,OPTSTK,NFO,5.000000,2001,False
44667,NIFTY13OCT2623450PE,NIFTY,13OCT2026,2345000.000000,65,OPTIDX,NFO,5.000000,1801,False
44672,NIFTY13OCT2623600CE,NIFTY,13OCT2026,2360000.000000,65,OPTIDX,NFO,5.000000,1801,False
44699,NIFTY13OCT2623850PE,NIFTY,13OCT2026,2385000.000000,65,OPTIDX,NFO,5.000000,1801,False
44700,NIFTY13OCT2623900CE,NIFTY,13OCT2026,2390000.000000,65,OPTIDX,NFO,5.000000,1801,False
98743,CONCOR29SEP26480PE,CONCOR,29SEP2026,48000.000000,1250,OPTSTK,NFO,5.000000,50001,False
98750,HINDALCO23NOV26960CE,HINDALCO,23NOV2026,96000.000000,700,OPTSTK,NFO,5.000000,21001,False
98757,HINDALCO23NOV261000PE,HINDALCO,23NOV2026,100000.000000,700,OPTSTK,NFO,5.000000,21001,False
98765,CONCOR29SEP26560PE,CONCOR,29SEP2026,56000.000000,1250,OPTSTK,NFO,5.000000,50001,False
44719,NIFTY13OCT2624050PE,NIFTY,13OCT2026,2405000.000000,65,OPTIDX,NFO,5.000000,1801,False
44732,NIFTY13OCT2624300CE,NIFTY,13OCT2026,2430000.000000,65,OPTIDX,NFO,5.000000,1801,False
44740,NIFTY13OCT2624350CE,NIFTY,13OCT2026,2435000.000000,65,OPTIDX,NFO,5.000000,1801,False
44747,NIFTY13OCT2624400PE,NIFTY,13OCT2026,2440000.000000,65,OPTIDX,NFO,5.000000,1801,False
98768,CONCOR29SEP26570CE,CONCOR,29SEP2026,57000.000000,1250,OPTSTK,NFO,5.000000,50001,False
98794,HINDALCO23NOV261040CE,HINDALCO,23NOV2026,104000.000000,700,OPTSTK,NFO,5.000000,21001,False
98796,HINDALCO23NOV261080CE,HINDALCO,23NOV2026,108000.000000,700,OPTSTK,NFO,5.000000,21001,False
98924,CROMPTON29SEP26270PE,CROMPTON,29SEP2026,27000.000000,2150,OPTSTK,NFO,1.000000,86001,False
44789,NIFTY13OCT2625200PE,NIFTY,13OCT2026,2520000.000000,65,OPTIDX,NFO,5.000000,1801,False
44790,NIFTY13OCT2625250CE,NIFTY,13OCT2026,2525000.000000,65,OPTIDX,NFO,5.000000,1801,False
44799,NIFTY13OCT2625400PE,NIFTY,13OCT2026,2540000.000000,65,OPTIDX,NFO,5.000000,1801,False
45470,DIVISLAB29SEP269000CE,DIVISLAB,29SEP2026,900000.000000,100,OPTSTK,NFO,5.000000,3001,False
98926,OFSS27OCT2611000PE,OFSS,27OCT2026,1100000.000000,100,OPTSTK,NFO,5.000000,2001,False
98928,OFSS27OCT2611200PE,OFSS,27OCT2026,1120000.000000,100,OPTSTK,NFO,5.000000,2001,False
98935,OFSS27OCT2611800CE,OFSS,27OCT2026,1180000.000000,100,OPTSTK,NFO,5.000000,2001,False
98939,OFSS27OCT2612200CE,OFSS,27OCT2026,1220000.000000,100,OPTSTK,NFO,5.000000,2001,False
45706,KALYANKJIL29SEP26670CE,KALYANKJIL,29SEP2026,67000.000000,1350,OPTSTK,NFO,5.000000,40501,False
46057,INDUSTOWER29SEP26380CE,INDUSTOWER,29SEP2026,38000.000000,1700,OPTSTK,NFO,5.000000,68001,False
46058,INDUSTOWER29SEP26380PE,INDUSTOWER,29SEP2026,38000.000000,1700,OPTSTK,NFO,5.000000,68001,False
46059,INDUSTOWER29SEP26385CE,INDUSTOWER,29SEP2026,38500.000000,1700,OPTSTK,NFO,5.000000,68001,False
98968,HINDPETRO23NOV26280PE,HINDPETRO,23NOV2026,28000.000000,2025,OPTSTK,NFO,5.000000,60751,False
98971,CROMPTON29SEP26320PE,CROMPTON,29SEP2026,32000.000000,2150,OPTSTK,NFO,1.000000,86001,False
98991,HINDPETRO23NOV26320CE,HINDPETRO,23NOV2026,32000.000000,2025,OPTSTK,NFO,5.000000,60751,False
99011,HINDPETRO23NOV26380PE,HINDPETRO,23NOV2026,38000.000000,2025,OPTSTK,NFO,5.000000,60751,False
46066,INDUSTOWER29SEP26400PE,INDUSTOWER,29SEP2026,40000.000000,1700,OPTSTK,NFO,5.000000,68001,False
46068,INDUSTOWER29SEP26405PE,INDUSTOWER,29SEP2026,40500.000000,1700,OPTSTK,NFO,5.000000,68001,False
46071,INDUSTOWER29SEP26415CE,INDUSTOWER,29SEP2026,41500.000000,1700,OPTSTK,NFO,5.000000,68001,False
46078,INDUSTOWER29SEP26425PE,INDUSTOWER,29SEP2026,42500.000000,1700,OPTSTK,NFO,5.000000,68001,False
99059,CUMMINSIND29SEP265000CE,CUMMINSIND,29SEP2026,500000.000000,200,OPTSTK,NFO,5.000000,4001,False
99090,CUMMINSIND29SEP265600CE,CUMMINSIND,29SEP2026,560000.000000,200,OPTSTK,NFO,5.000000,4001,False
99095,CUMMINSIND29SEP266000PE,CUMMINSIND,29SEP2026,600000.000000,200,OPTSTK,NFO,5.000000,4001,False
99120,OIL29SEP26455PE,OIL,29SEP2026,45500.000000,1400,OPTSTK,NFO,5.000000,56001,False
46088,INDUSTOWER29SEP26445CE,INDUSTOWER,29SEP2026,44500.000000,1700,OPTSTK,NFO,5.000000,68001,False
46091,INDUSTOWER29SEP26450CE,INDUSTOWER,29SEP2026,45000.000000,1700,OPTSTK,NFO,5.000000,68001,False
46199,INDUSTOWER27OCT26350PE,INDUSTOWER,27OCT2026,35000.000000,1700,OPTSTK,NFO,5.000000,68001,False
46366,MCX27OCT263700PE,MCX,27OCT2026,370000.000000,225,OPTSTK,NFO,5.000000,6751,False
99122,OIL29SEP26465PE,OIL,29SEP2026,46500.000000,1400,OPTSTK,NFO,5.000000,56001,False
99152,OIL29SEP26525PE,OIL,29SEP2026,52500.000000,1400,OPTSTK,NFO,5.000000,56001,False
99209,HINDUNILVR27OCT261860CE,HINDUNILVR,27OCT2026,186000.000000,300,OPTSTK,NFO,5.000000,12001,False
99213,HINDUNILVR27OCT261900CE,HINDUNILVR,27OCT2026,190000.000000,300,OPTSTK,NFO,5.000000,12001,False
46459,PAYTM29SEP261860PE,PAYTM,29SEP2026,186000.000000,725,OPTSTK,NFO,5.000000,14501,False
46466,PAYTM29SEP261960CE,PAYTM,29SEP2026,196000.000000,725,OPTSTK,NFO,5.000000,14501,False
46482,PAYTM27OCT261960CE,PAYTM,27OCT2026,196000.000000,725,OPTSTK,NFO,5.000000,14501,False
46532,PFC27OCT26290PE,PFC,27OCT2026,29000.000000,1300,OPTSTK,NFO,5.000000,52001,False
99265,OIL27OCT26410PE,OIL,27OCT2026,41000.000000,1400,OPTSTK,NFO,5.000000,56001,False
99285,OIL27OCT26490PE,OIL,27OCT2026,49000.000000,1400,OPTSTK,NFO,5.000000,56001,False
99296,DABUR29SEP26360CE,DABUR,29SEP2026,36000.000000,1250,OPTSTK,NFO,5.000000,50001,False
99298,DABUR29SEP26370CE,DABUR,29SEP2026,37000.000000,1250,OPTSTK,NFO,5.000000,50001,False
99334,OIL27OCT26520PE,OIL,27OCT2026,52000.000000,1400,OPTSTK,NFO,5.000000,56001,False
99335,OIL27OCT26530CE,OIL,27OCT2026,53000.000000,1400,OPTSTK,NFO,5.000000,56001,False
99341,OIL27OCT26550PE,OIL,27OCT2026,55000.000000,1400,OPTSTK,NFO,5.000000,56001,False
99384,HINDUNILVR27OCT262180PE,HINDUNILVR,27OCT2026,218000.000000,300,OPTSTK,NFO,5.000000,12001,False
46705,SONACOMS29SEP26900PE,SONACOMS,29SEP2026,90000.000000,1225,OPTSTK,NFO,5.000000,36751,False
47147,NIFTY15SEP2621800CE,NIFTY,15SEP2026,2180000.000000,65,OPTIDX,NFO,5.000000,1801,False
47201,NIFTY15SEP2621950CE,NIFTY,15SEP2026,2195000.000000,65,OPTIDX,NFO,5.000000,1801,False
47216,NIFTY15SEP2622000PE,NIFTY,15SEP2026,2200000.000000,65,OPTIDX,NFO,5.000000,1801,False
99408,ONGC29SEP26227.5PE,ONGC,29SEP2026,22750.000000,2250,OPTSTK,NFO,1.000000,90001,False
99410,ONGC29SEP26232.5PE,ONGC,29SEP2026,23250.000000,2250,OPTSTK,NFO,1.000000,90001,False
99415,ONGC29SEP26247.5CE,ONGC,29SEP2026,24750.000000,2250,OPTSTK,NFO,1.000000,90001,False
99451,ONGC29SEP26267.5CE,ONGC,29SEP2026,26750.000000,2250,OPTSTK,NFO,1.000000,90001,False
47230,NIFTY15SEP2622200CE,NIFTY,15SEP2026,2220000.000000,65,OPTIDX,NFO,5.000000,1801,False
47261,NIFTY15SEP2622600CE,NIFTY,15SEP2026,2260000.000000,65,OPTIDX,NFO,5.000000,1801,False
47280,NIFTY15SEP2623050PE,NIFTY,15SEP2026,2305000.000000,65,OPTIDX,NFO,5.000000,1801,False
47303,NIFTY15SEP2623650CE,NIFTY,15SEP2026,2365000.000000,65,OPTIDX,NFO,5.000000,1801,False
99548,HINDUNILVR23NOV261800CE,HINDUNILVR,23NOV2026,180000.000000,300,OPTSTK,NFO,5.000000,12001,False
99568,ONGC27OCT26205CE,ONGC,27OCT2026,20500.000000,2250,OPTSTK,NFO,1.000000,90001,False
99569,HINDUNILVR23NOV261920CE,HINDUNILVR,23NOV2026,192000.000000,300,OPTSTK,NFO,5.000000,12001,False
99571,HINDUNILVR23NOV261960CE,HINDUNILVR,23NOV2026,196000.000000,300,OPTSTK,NFO,5.000000,12001,False
47333,NIFTY15SEP2624350CE,NIFTY,15SEP2026,2435000.000000,65,OPTIDX,NFO,5.000000,1801,False
47341,NIFTY15SEP2624550CE,NIFTY,15SEP2026,2455000.000000,65,OPTIDX,NFO,5.000000,1801,False
47351,NIFTY15SEP2624750CE,NIFTY,15SEP2026,2475000.000000,65,OPTIDX,NFO,5.000000,1801,False
47368,NIFTY15SEP2625100PE,NIFTY,15SEP2026,2510000.000000,65,OPTIDX,NFO,5.000000,1801,False
99596,ONGC27OCT26235CE,ONGC,27OCT2026,23500.000000,2250,OPTSTK,NFO,1.000000,90001,False
99601,HINDUNILVR23NOV262240PE,HINDUNILVR,23NOV2026,224000.000000,300,OPTSTK,NFO,5.000000,12001,False
99604,HINDUNILVR23NOV262320CE,HINDUNILVR,23NOV2026,232000.000000,300,OPTSTK,NFO,5.000000,12001,False
99611,ONGC27OCT26255CE,ONGC,27OCT2026,25500.000000,2250,OPTSTK,NFO,1.000000,90001,False
47369,NIFTY15SEP2625150CE,NIFTY,15SEP2026,2515000.000000,65,OPTIDX,NFO,5.000000,1801,False
47404,NIFTY15SEP2625650PE,NIFTY,15SEP2026,2565000.000000,65,OPTIDX,NFO,5.000000,1801,False
47429,NIFTY15SEP2626000CE,NIFTY,15SEP2026,2600000.000000,65,OPTIDX,NFO,5.000000,1801,False
99616,ONGC27OCT26265PE,ONGC,27OCT2026,26500.000000,2250,OPTSTK,NFO,1.000000,90001,False
99757,PAGEIND29SEP2634500CE,PAGEIND,29SEP2026,3450000.000000,20,OPTSTK,NFO,5.000000,601,False
99793,PAGEIND29SEP2636500CE,PAGEIND,29SEP2026,3650000.000000,20,OPTSTK,NFO,5.000000,601,False
99797,PAGEIND29SEP2637500CE,PAGEIND,29SEP2026,3750000.000000,20,OPTSTK,NFO,5.000000,601,False
47412,NIFTY15SEP2625750PE,NIFTY,15SEP2026,2575000.000000,65,OPTIDX,NFO,5.000000,1801,False
99808,DELHIVERY29SEP26420CE,DELHIVERY,29SEP2026,42000.000000,2075,OPTSTK,NFO,5.000000,62251,False
99828,DELHIVERY29SEP26490CE,DELHIVERY,29SEP2026,49000.000000,2075,OPTSTK,NFO,5.000000,62251,False
99896,DELHIVERY29SEP26540PE,DELHIVERY,29SEP2026,54000.000000,2075,OPTSTK,NFO,5.000000,62251,False
99957,PAGEIND27OCT2639000CE,PAGEIND,27OCT2026,3900000.000000,20,OPTSTK,NFO,5.000000,601,False
47472,LAURUSLABS29SEP261960CE,LAURUSLABS,29SEP2026,196000.000000,850,OPTSTK,NFO,5.000000,17001,False
47631,BAJAJ-AUTO29SEP2613800PE,BAJAJ-AUTO,29SEP2026,1380000.000000,75,OPTSTK,NFO,5.000000,2251,False
48090,GMRAIRPORT29SEP2678CE,GMRAIRPORT,29SEP2026,7800.000000,6975,OPTSTK,NFO,1.000000,209251,False
48268,NIFTYFPI29SEP261280CE,NIFTYFPI,29SEP2026,128000.000000,1100,OPTIDX,NFO,5.000000,8501,False
48282,NIFTYFPI29SEP261320CE,NIFTYFPI,29SEP2026,132000.000000,1100,OPTIDX,NFO,5.000000,8501,False
48283,NIFTYFPI29SEP261320PE,NIFTYFPI,29SEP2026,132000.000000,1100,OPTIDX,NFO,5.000000,8501,False
48313,NIFTYFPI29SEP261380PE,NIFTYFPI,29SEP2026,138000.000000,1100,OPTIDX,NFO,5.000000,8501,False
48394,NIFTYFPI29SEP261530CE,NIFTYFPI,29SEP2026,153000.000000,1100,OPTIDX,NFO,5.000000,8501,False
48428,NIFTYFPI29SEP261565CE,NIFTYFPI,29SEP2026,156500.000000,1100,OPTIDX,NFO,5.000000,8501,False
48432,NIFTYFPI29SEP261575CE,NIFTYFPI,29SEP2026,157500.000000,1100,OPTIDX,NFO,5.000000,8501,False
48445,NIFTYFPI29SEP261585PE,NIFTYFPI,29SEP2026,158500.000000,1100,OPTIDX,NFO,5.000000,8501,False
48446,NIFTYFPI29SEP261590CE,NIFTYFPI,29SEP2026,159000.000000,1100,OPTIDX,NFO,5.000000,8501,False
48447,NIFTYFPI29SEP261590PE,NIFTYFPI,29SEP2026,159000.000000,1100,OPTIDX,NFO,5.000000,8501,False
48470,NIFTYFPI29SEP261630CE,NIFTYFPI,29SEP2026,163000.000000,1100,OPTIDX,NFO,5.000000,8501,False
48491,NIFTYFPI29SEP261650PE,NIFTYFPI,29SEP2026,165000.000000,1100,OPTIDX,NFO,5.000000,8501,False
48494,NIFTYFPI29SEP261660CE,NIFTYFPI,29SEP2026,166000.000000,1100,OPTIDX,NFO,5.000000,8501,False
48503,NIFTYFPI29SEP261670PE,NIFTYFPI,29SEP2026,167000.000000,1100,OPTIDX,NFO,5.000000,8501,False
48504,NIFTYFPI29SEP261675CE,NIFTYFPI,29SEP2026,167500.000000,1100,OPTIDX,NFO,5.000000,8501,False
48507,NIFTYFPI29SEP261675PE,NIFTYFPI,29SEP2026,167500.000000,1100,OPTIDX,NFO,5.000000,8501,False
48539,NIFTYFPI29SEP261740PE,NIFTYFPI,29SEP2026,174000.000000,1100,OPTIDX,NFO,5.000000,8501,False
48577,181NSETEST27NOV36FUT,181NSETEST,27NOV2036,-1.000000,50,FUTSTK,NFO,5.000000,100001,False
48702,FINNIFTY27OCT26FUT,FINNIFTY,27OCT2026,-1.000000,60,FUTIDX,NFO,10.000000,1801,False
48722,ALKEM27OCT26FUT,ALKEM,27OCT2026,-1.000000,125,FUTSTK,NFO,50.000000,5001,False
48735,AUROPHARMA27OCT26FUT,AUROPHARMA,27OCT2026,-1.000000,550,FUTSTK,NFO,10.000000,16501,False
48740,BAJFINANCE27OCT26FUT,BAJFINANCE,27OCT2026,-1.000000,750,FUTSTK,NFO,10.000000,22501,False
48757,BHARATFORG27OCT26FUT,BHARATFORG,27OCT2026,-1.000000,500,FUTSTK,NFO,10.000000,10001,False
48797,COALINDIA27OCT26FUT,COALINDIA,27OCT2026,-1.000000,1350,FUTSTK,NFO,5.000000,54001,False
48804,COLPAL27OCT26FUT,COLPAL,27OCT2026,-1.000000,275,FUTSTK,NFO,10.000000,11001,False
48870,HINDZINC27OCT26FUT,HINDZINC,27OCT2026,-1.000000,1225,FUTSTK,NFO,5.000000,36751,False
48874,ICICIBANK27OCT26FUT,ICICIBANK,27OCT2026,-1.000000,700,FUTSTK,NFO,10.000000,21001,False
48876,ICICIPRULI27OCT26FUT,ICICIPRULI,27OCT2026,-1.000000,925,FUTSTK,NFO,5.000000,46251,False
48877,IDEA27OCT26FUT,IDEA,27OCT2026,-1.000000,71475,FUTSTK,NFO,1.000000,1429501,False
48881,INDIANB27OCT26FUT,INDIANB,27OCT2026,-1.000000,1000,FUTSTK,NFO,5.000000,30001,False
48886,INFY27OCT26FUT,INFY,27OCT2026,-1.000000,400,FUTSTK,NFO,10.000000,20001,False
48893,IOC27OCT26FUT,IOC,27OCT2026,-1.000000,4875,FUTSTK,NFO,1.000000,195001,False
48922,LTM27OCT26FUT,LTM,27OCT2026,-1.000000,150,FUTSTK,NFO,10.000000,6001,False
48958,OBEROIRLTY27OCT26FUT,OBEROIRLTY,27OCT2026,-1.000000,350,FUTSTK,NFO,10.000000,14001,False
48980,POWERGRID27OCT26FUT,POWERGRID,27OCT2026,-1.000000,1900,FUTSTK,NFO,5.000000,76001,False
48985,RBLBANK27OCT26FUT,RBLBANK,27OCT2026,-1.000000,3175,FUTSTK,NFO,5.000000,63501,False
48999,SIEMENS27OCT26FUT,SIEMENS,27OCT2026,-1.000000,175,FUTSTK,NFO,10.000000,7001,False
49011,TATAPOWER27OCT26FUT,TATAPOWER,27OCT2026,-1.000000,1450,FUTSTK,NFO,5.000000,58001,False
49021,TRENT27OCT26FUT,TRENT,27OCT2026,-1.000000,225,FUTSTK,NFO,10.000000,9001,False
49024,UNIONBANK27OCT26FUT,UNIONBANK,27OCT2026,-1.000000,4425,FUTSTK,NFO,1.000000,132751,False
49026,UNOMINDA27OCT26FUT,UNOMINDA,27OCT2026,-1.000000,550,FUTSTK,NFO,10.000000,22001,False
49029,VEDL27OCT26FUT,VEDL,27OCT2026,-1.000000,1150,FUTSTK,NFO,5.000000,80501,False
49032,WAAREEENER27OCT26FUT,WAAREEENER,27OCT2026,-1.000000,175,FUTSTK,NFO,10.000000,8751,False
49099,NIFTYFPI27OCT261435PE,NIFTYFPI,27OCT2026,143500.000000,1100,OPTIDX,NFO,5.000000,8501,False
49116,NIFTYFPI27OCT261445CE,NIFTYFPI,27OCT2026,144500.000000,1100,OPTIDX,NFO,5.000000,8501,False
49126,NIFTYFPI27OCT261455CE,NIFTYFPI,27OCT2026,145500.000000,1100,OPTIDX,NFO,5.000000,8501,False
49205,NIFTYFPI27OCT261480PE,NIFTYFPI,27OCT2026,148000.000000,1100,OPTIDX,NFO,5.000000,8501,False
49219,NIFTYFPI27OCT261490PE,NIFTYFPI,27OCT2026,149000.000000,1100,OPTIDX,NFO,5.000000,8501,False
49237,NIFTYFPI27OCT261500PE,NIFTYFPI,27OCT2026,150000.000000,1100,OPTIDX,NFO,5.000000,8501,False
49293,NIFTYFPI27OCT261505CE,NIFTYFPI,27OCT2026,150500.000000,1100,OPTIDX,NFO,5.000000,8501,False
49328,NIFTYFPI27OCT261510PE,NIFTYFPI,27OCT2026,151000.000000,1100,OPTIDX,NFO,5.000000,8501,False
49340,BANKNIFTY27OCT2651000PE,BANKNIFTY,27OCT2026,5100000.000000,30,OPTIDX,NFO,5.000000,601,False
49363,BANKNIFTY27OCT2651800CE,BANKNIFTY,27OCT2026,5180000.000000,30,OPTIDX,NFO,5.000000,601,False
49372,BANKNIFTY27OCT2652200PE,BANKNIFTY,27OCT2026,5220000.000000,30,OPTIDX,NFO,5.000000,601,False
49387,BANKNIFTY27OCT2653000CE,BANKNIFTY,27OCT2026,5300000.000000,30,OPTIDX,NFO,5.000000,601,False
49391,BANKNIFTY27OCT2653200CE,BANKNIFTY,27OCT2026,5320000.000000,30,OPTIDX,NFO,5.000000,601,False
49397,NIFTYFPI27OCT261540PE,NIFTYFPI,27OCT2026,154000.000000,1100,OPTIDX,NFO,5.000000,8501,False
49407,NIFTYFPI27OCT261550PE,NIFTYFPI,27OCT2026,155000.000000,1100,OPTIDX,NFO,5.000000,8501,False
49409,BANKNIFTY27OCT2653700CE,BANKNIFTY,27OCT2026,5370000.000000,30,OPTIDX,NFO,5.000000,601,False
49418,BANKNIFTY27OCT2654100PE,BANKNIFTY,27OCT2026,5410000.000000,30,OPTIDX,NFO,5.000000,601,False
49419,BANKNIFTY27OCT2654200CE,BANKNIFTY,27OCT2026,5420000.000000,30,OPTIDX,NFO,5.000000,601,False
49424,BANKNIFTY27OCT2654400PE,BANKNIFTY,27OCT2026,5440000.000000,30,OPTIDX,NFO,5.000000,601,False
49426,BANKNIFTY27OCT2654500PE,BANKNIFTY,27OCT2026,5450000.000000,30,OPTIDX,NFO,5.000000,601,False
49458,BANKNIFTY27OCT2655500PE,BANKNIFTY,27OCT2026,5550000.000000,30,OPTIDX,NFO,5.000000,601,False
49465,BANKNIFTY27OCT2655900CE,BANKNIFTY,27OCT2026,5590000.000000,30,OPTIDX,NFO,5.000000,601,False
49480,BANKNIFTY27OCT2656500PE,BANKNIFTY,27OCT2026,5650000.000000,30,OPTIDX,NFO,5.000000,601,False
49503,BANKNIFTY27OCT2657400CE,BANKNIFTY,27OCT2026,5740000.000000,30,OPTIDX,NFO,5.000000,601,False
49520,NIFTYFPI27OCT261595PE,NIFTYFPI,27OCT2026,159500.000000,1100,OPTIDX,NFO,5.000000,8501,False
49528,BANKNIFTY27OCT2658300PE,BANKNIFTY,27OCT2026,5830000.000000,30,OPTIDX,NFO,5.000000,601,False
49535,NIFTYFPI27OCT261605CE,NIFTYFPI,27OCT2026,160500.000000,1100,OPTIDX,NFO,5.000000,8501,False
49541,BANKNIFTY27OCT2658800CE,BANKNIFTY,27OCT2026,5880000.000000,30,OPTIDX,NFO,5.000000,601,False
49563,BANKNIFTY27OCT2659600CE,BANKNIFTY,27OCT2026,5960000.000000,30,OPTIDX,NFO,5.000000,601,False
49571,NIFTYFPI27OCT261620PE,NIFTYFPI,27OCT2026,162000.000000,1100,OPTIDX,NFO,5.000000,8501,False
49579,BANKNIFTY27OCT2660300CE,BANKNIFTY,27OCT2026,6030000.000000,30,OPTIDX,NFO,5.000000,601,False
49581,BANKNIFTY27OCT2660400CE,BANKNIFTY,27OCT2026,6040000.000000,30,OPTIDX,NFO,5.000000,601,False
49582,BANKNIFTY27OCT2660400PE,BANKNIFTY,27OCT2026,6040000.000000,30,OPTIDX,NFO,5.000000,601,False
49585,BANKNIFTY27OCT2660600CE,BANKNIFTY,27OCT2026,6060000.000000,30,OPTIDX,NFO,5.000000,601,False
49593,BANKNIFTY27OCT2660900CE,BANKNIFTY,27OCT2026,6090000.000000,30,OPTIDX,NFO,5.000000,601,False
49602,BANKNIFTY27OCT2661300PE,BANKNIFTY,27OCT2026,6130000.000000,30,OPTIDX,NFO,5.000000,601,False
49620,BANKNIFTY27OCT2662000PE,BANKNIFTY,27OCT2026,6200000.000000,30,OPTIDX,NFO,5.000000,601,False
49632,BANKNIFTY27OCT2662600CE,BANKNIFTY,27OCT2026,6260000.000000,30,OPTIDX,NFO,5.000000,601,False
49641,BANKNIFTY27OCT2662800CE,BANKNIFTY,27OCT2026,6280000.000000,30,OPTIDX,NFO,5.000000,601,False
49654,BANKNIFTY27OCT2663300PE,BANKNIFTY,27OCT2026,6330000.000000,30,OPTIDX,NFO,5.000000,601,False
49660,BANKNIFTY27OCT2663500PE,BANKNIFTY,27OCT2026,6350000.000000,30,OPTIDX,NFO,5.000000,601,False
49663,BANKNIFTY27OCT2663700CE,BANKNIFTY,27OCT2026,6370000.000000,30,OPTIDX,NFO,5.000000,601,False
49670,NIFTYFPI27OCT261650PE,NIFTYFPI,27OCT2026,165000.000000,1100,OPTIDX,NFO,5.000000,8501,False
50235,FINNIFTY27OCT2622800CE,FINNIFTY,27OCT2026,2280000.000000,60,OPTIDX,NFO,5.000000,1801,False
50316,FINNIFTY27OCT2624900CE,FINNIFTY,27OCT2026,2490000.000000,60,OPTIDX,NFO,5.000000,1801,False
50279,FINNIFTY27OCT2623900PE,FINNIFTY,27OCT2026,2390000.000000,60,OPTIDX,NFO,5.000000,1801,False
50326,FINNIFTY27OCT2625200PE,FINNIFTY,27OCT2026,2520000.000000,60,OPTIDX,NFO,5.000000,1801,False
50332,FINNIFTY27OCT2625500PE,FINNIFTY,27OCT2026,2550000.000000,60,OPTIDX,NFO,5.000000,1801,False
50342,FINNIFTY27OCT2625900PE,FINNIFTY,27OCT2026,2590000.000000,60,OPTIDX,NFO,5.000000,1801,False
50345,FINNIFTY27OCT2626100CE,FINNIFTY,27OCT2026,2610000.000000,60,OPTIDX,NFO,5.000000,1801,False
50346,FINNIFTY27OCT2626100PE,FINNIFTY,27OCT2026,2610000.000000,60,OPTIDX,NFO,5.000000,1801,False
50353,FINNIFTY27OCT2626300CE,FINNIFTY,27OCT2026,2630000.000000,60,OPTIDX,NFO,5.000000,1801,False
50354,FINNIFTY27OCT2626300PE,FINNIFTY,27OCT2026,2630000.000000,60,OPTIDX,NFO,5.000000,1801,False
50356,FINNIFTY27OCT2626400PE,FINNIFTY,27OCT2026,2640000.000000,60,OPTIDX,NFO,5.000000,1801,False
50362,FINNIFTY27OCT2626600PE,FINNIFTY,27OCT2026,2660000.000000,60,OPTIDX,NFO,5.000000,1801,False
50365,FINNIFTY27OCT2626800CE,FINNIFTY,27OCT2026,2680000.000000,60,OPTIDX,NFO,5.000000,1801,False
50367,FINNIFTY27OCT2626900CE,FINNIFTY,27OCT2026,2690000.000000,60,OPTIDX,NFO,5.000000,1801,False
50371,FINNIFTY27OCT2627100CE,FINNIFTY,27OCT2026,2710000.000000,60,OPTIDX,NFO,5.000000,1801,False
50376,FINNIFTY27OCT2627200PE,FINNIFTY,27OCT2026,2720000.000000,60,OPTIDX,NFO,5.000000,1801,False
50383,FINNIFTY27OCT2627500CE,FINNIFTY,27OCT2026,2750000.000000,60,OPTIDX,NFO,5.000000,1801,False
50389,FINNIFTY27OCT2627800CE,FINNIFTY,27OCT2026,2780000.000000,60,OPTIDX,NFO,5.000000,1801,False
50394,FINNIFTY27OCT2627900PE,FINNIFTY,27OCT2026,2790000.000000,60,OPTIDX,NFO,5.000000,1801,False
50406,FINNIFTY27OCT2628400PE,FINNIFTY,27OCT2026,2840000.000000,60,OPTIDX,NFO,5.000000,1801,False
50548,NIFTY29DEC2628000PE,NIFTY,29DEC2026,2800000.000000,65,OPTIDX,NFO,5.000000,1801,False
50643,MIDCPNIFTY27OCT2613000CE,MIDCPNIFTY,27OCT2026,1300000.000000,120,OPTIDX,NFO,5.000000,2801,False
50653,MIDCPNIFTY27OCT2613125CE,MIDCPNIFTY,27OCT2026,1312500.000000,120,OPTIDX,NFO,5.000000,2801,False
50658,MIDCPNIFTY27OCT2613175PE,MIDCPNIFTY,27OCT2026,1317500.000000,120,OPTIDX,NFO,5.000000,2801,False
50669,MIDCPNIFTY27OCT2613300CE,MIDCPNIFTY,27OCT2026,1330000.000000,120,OPTIDX,NFO,5.000000,2801,False
50674,MIDCPNIFTY27OCT2613350PE,MIDCPNIFTY,27OCT2026,1335000.000000,120,OPTIDX,NFO,5.000000,2801,False
50676,MIDCPNIFTY27OCT2613375CE,MIDCPNIFTY,27OCT2026,1337500.000000,120,OPTIDX,NFO,5.000000,2801,False
50677,MIDCPNIFTY27OCT2613375PE,MIDCPNIFTY,27OCT2026,1337500.000000,120,OPTIDX,NFO,5.000000,2801,False
50683,MIDCPNIFTY27OCT2613450CE,MIDCPNIFTY,27OCT2026,1345000.000000,120,OPTIDX,NFO,5.000000,2801,False
50686,MIDCPNIFTY27OCT2613475PE,MIDCPNIFTY,27OCT2026,1347500.000000,120,OPTIDX,NFO,5.000000,2801,False
50695,MIDCPNIFTY27OCT2613575CE,MIDCPNIFTY,27OCT2026,1357500.000000,120,OPTIDX,NFO,5.000000,2801,False
50703,MIDCPNIFTY27OCT2613625CE,MIDCPNIFTY,27OCT2026,1362500.000000,120,OPTIDX,NFO,5.000000,2801,False
50719,MIDCPNIFTY27OCT2613775CE,MIDCPNIFTY,27OCT2026,1377500.000000,120,OPTIDX,NFO,5.000000,2801,False
50727,MIDCPNIFTY27OCT2613875CE,MIDCPNIFTY,27OCT2026,1387500.000000,120,OPTIDX,NFO,5.000000,2801,False
50733,MIDCPNIFTY27OCT2613925CE,MIDCPNIFTY,27OCT2026,1392500.000000,120,OPTIDX,NFO,5.000000,2801,False
50737,MIDCPNIFTY27OCT2613975CE,MIDCPNIFTY,27OCT2026,1397500.000000,120,OPTIDX,NFO,5.000000,2801,False
50740,MIDCPNIFTY27OCT2614000PE,MIDCPNIFTY,27OCT2026,1400000.000000,120,OPTIDX,NFO,5.000000,2801,False
50780,MIDCPNIFTY27OCT2614250CE,MIDCPNIFTY,27OCT2026,1425000.000000,120,OPTIDX,NFO,5.000000,2801,False
50791,MIDCPNIFTY27OCT2614350CE,MIDCPNIFTY,27OCT2026,1435000.000000,120,OPTIDX,NFO,5.000000,2801,False
50794,MIDCPNIFTY27OCT2614375PE,MIDCPNIFTY,27OCT2026,1437500.000000,120,OPTIDX,NFO,5.000000,2801,False
50805,MIDCPNIFTY27OCT2614425PE,MIDCPNIFTY,27OCT2026,1442500.000000,120,OPTIDX,NFO,5.000000,2801,False
50844,MIDCPNIFTY27OCT2614725PE,MIDCPNIFTY,27OCT2026,1472500.000000,120,OPTIDX,NFO,5.000000,2801,False
50848,MIDCPNIFTY27OCT2614750PE,MIDCPNIFTY,27OCT2026,1475000.000000,120,OPTIDX,NFO,5.000000,2801,False
50874,MIDCPNIFTY27OCT2614900PE,MIDCPNIFTY,27OCT2026,1490000.000000,120,OPTIDX,NFO,5.000000,2801,False
50883,MIDCPNIFTY27OCT2615025CE,MIDCPNIFTY,27OCT2026,1502500.000000,120,OPTIDX,NFO,5.000000,2801,False
50900,MIDCPNIFTY27OCT2615200CE,MIDCPNIFTY,27OCT2026,1520000.000000,120,OPTIDX,NFO,5.000000,2801,False
50952,MIDCPNIFTY27OCT2615375CE,MIDCPNIFTY,27OCT2026,1537500.000000,120,OPTIDX,NFO,5.000000,2801,False
50961,MIDCPNIFTY27OCT2615450PE,MIDCPNIFTY,27OCT2026,1545000.000000,120,OPTIDX,NFO,5.000000,2801,False
50970,MIDCPNIFTY27OCT2615500CE,MIDCPNIFTY,27OCT2026,1550000.000000,120,OPTIDX,NFO,5.000000,2801,False
50971,MIDCPNIFTY27OCT2615500PE,MIDCPNIFTY,27OCT2026,1550000.000000,120,OPTIDX,NFO,5.000000,2801,False
50992,MIDCPNIFTY27OCT2615675CE,MIDCPNIFTY,27OCT2026,1567500.000000,120,OPTIDX,NFO,5.000000,2801,False
51065,MIDCPNIFTY27OCT2616300PE,MIDCPNIFTY,27OCT2026,1630000.000000,120,OPTIDX,NFO,5.000000,2801,False
51296,NIFTY27OCT2621750CE,NIFTY,27OCT2026,2175000.000000,65,OPTIDX,NFO,5.000000,1801,False
51298,NIFTY27OCT2621800CE,NIFTY,27OCT2026,2180000.000000,65,OPTIDX,NFO,5.000000,1801,False
51315,NIFTY27OCT2622150PE,NIFTY,27OCT2026,2215000.000000,65,OPTIDX,NFO,5.000000,1801,False
51319,NIFTY27OCT2622250PE,NIFTY,27OCT2026,2225000.000000,65,OPTIDX,NFO,5.000000,1801,False
51333,NIFTY27OCT2622550PE,NIFTY,27OCT2026,2255000.000000,65,OPTIDX,NFO,5.000000,1801,False
51337,NIFTY27OCT2622600PE,NIFTY,27OCT2026,2260000.000000,65,OPTIDX,NFO,5.000000,1801,False
51339,NIFTY27OCT2622650PE,NIFTY,27OCT2026,2265000.000000,65,OPTIDX,NFO,5.000000,1801,False
51357,NIFTY27OCT2623100PE,NIFTY,27OCT2026,2310000.000000,65,OPTIDX,NFO,5.000000,1801,False
51366,NIFTY27OCT2623350CE,NIFTY,27OCT2026,2335000.000000,65,OPTIDX,NFO,5.000000,1801,False
51377,NIFTY27OCT2623600PE,NIFTY,27OCT2026,2360000.000000,65,OPTIDX,NFO,5.000000,1801,False
51380,NIFTY27OCT2623700CE,NIFTY,27OCT2026,2370000.000000,65,OPTIDX,NFO,5.000000,1801,False
51386,NIFTY27OCT2623850CE,NIFTY,27OCT2026,2385000.000000,65,OPTIDX,NFO,5.000000,1801,False
51397,NIFTY27OCT2624050PE,NIFTY,27OCT2026,2405000.000000,65,OPTIDX,NFO,5.000000,1801,False
51399,NIFTY27OCT2624100PE,NIFTY,27OCT2026,2410000.000000,65,OPTIDX,NFO,5.000000,1801,False
51405,NIFTY27OCT2624250PE,NIFTY,27OCT2026,2425000.000000,65,OPTIDX,NFO,5.000000,1801,False
51409,NIFTY27OCT2624350PE,NIFTY,27OCT2026,2435000.000000,65,OPTIDX,NFO,5.000000,1801,False
51419,NIFTY27OCT2624500PE,NIFTY,27OCT2026,2450000.000000,65,OPTIDX,NFO,5.000000,1801,False
51425,NIFTY27OCT2624650PE,NIFTY,27OCT2026,2465000.000000,65,OPTIDX,NFO,5.000000,1801,False
51427,NIFTY27OCT2624700PE,NIFTY,27OCT2026,2470000.000000,65,OPTIDX,NFO,5.000000,1801,False
51428,NIFTY27OCT2624750CE,NIFTY,27OCT2026,2475000.000000,65,OPTIDX,NFO,5.000000,1801,False
51429,NIFTY27OCT2624750PE,NIFTY,27OCT2026,2475000.000000,65,OPTIDX,NFO,5.000000,1801,False
51431,NIFTY27OCT2624800PE,NIFTY,27OCT2026,2480000.000000,65,OPTIDX,NFO,5.000000,1801,False
51444,NIFTY27OCT2625100CE,NIFTY,27OCT2026,2510000.000000,65,OPTIDX,NFO,5.000000,1801,False
51446,NIFTY27OCT2625150CE,NIFTY,27OCT2026,2515000.000000,65,OPTIDX,NFO,5.000000,1801,False
51470,NIFTY27OCT2625550CE,NIFTY,27OCT2026,2555000.000000,65,OPTIDX,NFO,5.000000,1801,False
51471,NIFTY27OCT2625550PE,NIFTY,27OCT2026,2555000.000000,65,OPTIDX,NFO,5.000000,1801,False
51473,NIFTY27OCT2625600PE,NIFTY,27OCT2026,2560000.000000,65,OPTIDX,NFO,5.000000,1801,False
51479,NIFTY27OCT2625700PE,NIFTY,27OCT2026,2570000.000000,65,OPTIDX,NFO,5.000000,1801,False
51489,NIFTY27OCT2625950PE,NIFTY,27OCT2026,2595000.000000,65,OPTIDX,NFO,5.000000,1801,False
51490,NIFTY27OCT2626000CE,NIFTY,27OCT2026,2600000.000000,65,OPTIDX,NFO,5.000000,1801,False
51491,NIFTY27OCT2626000PE,NIFTY,27OCT2026,2600000.000000,65,OPTIDX,NFO,5.000000,1801,False
51500,NIFTY27OCT2626250CE,NIFTY,27OCT2026,2625000.000000,65,OPTIDX,NFO,5.000000,1801,False
51501,NIFTY27OCT2626250PE,NIFTY,27OCT2026,2625000.000000,65,OPTIDX,NFO,5.000000,1801,False
51510,NIFTY27OCT2626500CE,NIFTY,27OCT2026,2650000.000000,65,OPTIDX,NFO,5.000000,1801,False
51516,NIFTY27OCT2626650CE,NIFTY,27OCT2026,2665000.000000,65,OPTIDX,NFO,5.000000,1801,False
51525,NIFTY27OCT2626850PE,NIFTY,27OCT2026,2685000.000000,65,OPTIDX,NFO,5.000000,1801,False
51538,NIFTY27OCT2627150CE,NIFTY,27OCT2026,2715000.000000,65,OPTIDX,NFO,5.000000,1801,False
51539,NIFTY27OCT2627150PE,NIFTY,27OCT2026,2715000.000000,65,OPTIDX,NFO,5.000000,1801,False
51774,NIFTYNXT5027OCT2662000CE,NIFTYNXT50,27OCT2026,6200000.000000,25,OPTIDX,NFO,5.000000,601,False
51866,NIFTYNXT5027OCT2664600PE,NIFTYNXT50,27OCT2026,6460000.000000,25,OPTIDX,NFO,5.000000,601,False
51870,NIFTYNXT5027OCT2664800PE,NIFTYNXT50,27OCT2026,6480000.000000,25,OPTIDX,NFO,5.000000,601,False
51871,NIFTYNXT5027OCT2664900CE,NIFTYNXT50,27OCT2026,6490000.000000,25,OPTIDX,NFO,5.000000,601,False
51893,NIFTYNXT5027OCT2665700CE,NIFTYNXT50,27OCT2026,6570000.000000,25,OPTIDX,NFO,5.000000,601,False
51894,NIFTYNXT5027OCT2665700PE,NIFTYNXT50,27OCT2026,6570000.000000,25,OPTIDX,NFO,5.000000,601,False
51908,NIFTYNXT5027OCT2666000PE,NIFTYNXT50,27OCT2026,6600000.000000,25,OPTIDX,NFO,5.000000,601,False
51926,NIFTYNXT5027OCT2666900PE,NIFTYNXT50,27OCT2026,6690000.000000,25,OPTIDX,NFO,5.000000,601,False
51936,NIFTYNXT5027OCT2667400PE,NIFTYNXT50,27OCT2026,6740000.000000,25,OPTIDX,NFO,5.000000,601,False
51938,NIFTYNXT5027OCT2667500PE,NIFTYNXT50,27OCT2026,6750000.000000,25,OPTIDX,NFO,5.000000,601,False
51956,NIFTYNXT5027OCT2668000PE,NIFTYNXT50,27OCT2026,6800000.000000,25,OPTIDX,NFO,5.000000,601,False
51967,NIFTYNXT5027OCT2668400PE,NIFTYNXT50,27OCT2026,6840000.000000,25,OPTIDX,NFO,5.000000,601,False
51986,NIFTYNXT5027OCT2668800PE,NIFTYNXT50,27OCT2026,6880000.000000,25,OPTIDX,NFO,5.000000,601,False
51998,NIFTYNXT5027OCT2669100PE,NIFTYNXT50,27OCT2026,6910000.000000,25,OPTIDX,NFO,5.000000,601,False
52001,NIFTYNXT5027OCT2669300CE,NIFTYNXT50,27OCT2026,6930000.000000,25,OPTIDX,NFO,5.000000,601,False
52004,NIFTYNXT5027OCT2669400PE,NIFTYNXT50,27OCT2026,6940000.000000,25,OPTIDX,NFO,5.000000,601,False
52006,NIFTYNXT5027OCT2669500PE,NIFTYNXT50,27OCT2026,6950000.000000,25,OPTIDX,NFO,5.000000,601,False
52024,NIFTYNXT5027OCT2670200CE,NIFTYNXT50,27OCT2026,7020000.000000,25,OPTIDX,NFO,5.000000,601,False
52028,NIFTYNXT5027OCT2670300PE,NIFTYNXT50,27OCT2026,7030000.000000,25,OPTIDX,NFO,5.000000,601,False
52053,NIFTYNXT5027OCT2670700PE,NIFTYNXT50,27OCT2026,7070000.000000,25,OPTIDX,NFO,5.000000,601,False
52052,NIFTYNXT5027OCT2670700CE,NIFTYNXT50,27OCT2026,7070000.000000,25,OPTIDX,NFO,5.000000,601,False
52055,NIFTYNXT5027OCT2670800PE,NIFTYNXT50,27OCT2026,7080000.000000,25,OPTIDX,NFO,5.000000,601,False
52074,NIFTYNXT5027OCT2671600PE,NIFTYNXT50,27OCT2026,7160000.000000,25,OPTIDX,NFO,5.000000,601,False
52083,NIFTYNXT5027OCT2672000CE,NIFTYNXT50,27OCT2026,7200000.000000,25,OPTIDX,NFO,5.000000,601,False
52134,NIFTYNXT5027OCT2673000PE,NIFTYNXT50,27OCT2026,7300000.000000,25,OPTIDX,NFO,5.000000,601,False
52156,NIFTYNXT5027OCT2673700PE,NIFTYNXT50,27OCT2026,7370000.000000,25,OPTIDX,NFO,5.000000,601,False
52159,NIFTYNXT5027OCT2673900CE,NIFTYNXT50,27OCT2026,7390000.000000,25,OPTIDX,NFO,5.000000,601,False
52160,NIFTYNXT5027OCT2673900PE,NIFTYNXT50,27OCT2026,7390000.000000,25,OPTIDX,NFO,5.000000,601,False
52180,NIFTYNXT5027OCT2674900PE,NIFTYNXT50,27OCT2026,7490000.000000,25,OPTIDX,NFO,5.000000,601,False
52184,NIFTYNXT5027OCT2675100PE,NIFTYNXT50,27OCT2026,7510000.000000,25,OPTIDX,NFO,5.000000,601,False
52189,NIFTYNXT5027OCT2675400CE,NIFTYNXT50,27OCT2026,7540000.000000,25,OPTIDX,NFO,5.000000,601,False
52190,NIFTYNXT5027OCT2675400PE,NIFTYNXT50,27OCT2026,7540000.000000,25,OPTIDX,NFO,5.000000,601,False
52197,NIFTYNXT5027OCT2675700PE,NIFTYNXT50,27OCT2026,7570000.000000,25,OPTIDX,NFO,5.000000,601,False
52203,NIFTYNXT5027OCT2676000PE,NIFTYNXT50,27OCT2026,7600000.000000,25,OPTIDX,NFO,5.000000,601,False
52213,NIFTYNXT5027OCT2676400PE,NIFTYNXT50,27OCT2026,7640000.000000,25,OPTIDX,NFO,5.000000,601,False
52238,NIFTYNXT5027OCT2677700CE,NIFTYNXT50,27OCT2026,7770000.000000,25,OPTIDX,NFO,5.000000,601,False
52255,NIFTYNXT5027OCT2678400CE,NIFTYNXT50,27OCT2026,7840000.000000,25,OPTIDX,NFO,5.000000,601,False
52266,NIFTYNXT5027OCT2678500CE,NIFTYNXT50,27OCT2026,7850000.000000,25,OPTIDX,NFO,5.000000,601,False
52270,BANKNIFTY29SEP2646500CE,BANKNIFTY,29SEP2026,4650000.000000,30,OPTIDX,NFO,5.000000,601,False
52280,BANKNIFTY29SEP2649500CE,BANKNIFTY,29SEP2026,4950000.000000,30,OPTIDX,NFO,5.000000,601,False
52307,NIFTYNXT5027OCT2679500PE,NIFTYNXT50,27OCT2026,7950000.000000,25,OPTIDX,NFO,5.000000,601,False
52340,NIFTYNXT5027OCT2681000CE,NIFTYNXT50,27OCT2026,8100000.000000,25,OPTIDX,NFO,5.000000,601,False
52367,NIFTYNXT5027OCT2682000PE,NIFTYNXT50,27OCT2026,8200000.000000,25,OPTIDX,NFO,5.000000,601,False
52401,NIFTYNXT5027OCT2683500PE,NIFTYNXT50,27OCT2026,8350000.000000,25,OPTIDX,NFO,5.000000,601,False
52415,NIFTYNXT5027OCT2684000PE,NIFTYNXT50,27OCT2026,8400000.000000,25,OPTIDX,NFO,5.000000,601,False
52419,NIFTYNXT5027OCT2684500PE,NIFTYNXT50,27OCT2026,8450000.000000,25,OPTIDX,NFO,5.000000,601,False
52632,360ONE29SEP26980CE,360ONE,29SEP2026,98000.000000,500,OPTSTK,NFO,5.000000,20001,False
52639,360ONE29SEP261020PE,360ONE,29SEP2026,102000.000000,500,OPTSTK,NFO,5.000000,20001,False
52652,360ONE29SEP261220CE,360ONE,29SEP2026,122000.000000,500,OPTSTK,NFO,5.000000,20001,False
52655,360ONE29SEP261220PE,360ONE,29SEP2026,122000.000000,500,OPTSTK,NFO,5.000000,20001,False
52658,360ONE29SEP261300CE,360ONE,29SEP2026,130000.000000,500,OPTSTK,NFO,5.000000,20001,False
52696,360ONE27OCT261080CE,360ONE,27OCT2026,108000.000000,500,OPTSTK,NFO,5.000000,20001,False
52703,360ONE27OCT261200PE,360ONE,27OCT2026,120000.000000,500,OPTSTK,NFO,5.000000,20001,False
52731,SOLARINDS27OCT2624500CE,SOLARINDS,27OCT2026,2450000.000000,50,OPTSTK,NFO,5.000000,1501,False
52815,ABB29SEP267100PE,ABB,29SEP2026,710000.000000,125,OPTSTK,NFO,5.000000,3751,False
52816,ABB29SEP267300CE,ABB,29SEP2026,730000.000000,125,OPTSTK,NFO,5.000000,3751,False
52818,ABB29SEP267500CE,ABB,29SEP2026,750000.000000,125,OPTSTK,NFO,5.000000,3751,False
52827,ABB29SEP267500PE,ABB,29SEP2026,750000.000000,125,OPTSTK,NFO,5.000000,3751,False
52839,ABB29SEP268300PE,ABB,29SEP2026,830000.000000,125,OPTSTK,NFO,5.000000,3751,False
52840,ABB29SEP268500CE,ABB,29SEP2026,850000.000000,125,OPTSTK,NFO,5.000000,3751,False
52909,ABB27OCT268600PE,ABB,27OCT2026,860000.000000,125,OPTSTK,NFO,5.000000,3751,False
52955,ABCAPITAL29SEP26365PE,ABCAPITAL,29SEP2026,36500.000000,3100,OPTSTK,NFO,5.000000,62001,False
52957,ABCAPITAL29SEP26375PE,ABCAPITAL,29SEP2026,37500.000000,3100,OPTSTK,NFO,5.000000,62001,False
52968,ABCAPITAL29SEP26405CE,ABCAPITAL,29SEP2026,40500.000000,3100,OPTSTK,NFO,5.000000,62001,False
52973,ABCAPITAL29SEP26415PE,ABCAPITAL,29SEP2026,41500.000000,3100,OPTSTK,NFO,5.000000,62001,False
52974,ABCAPITAL29SEP26425CE,ABCAPITAL,29SEP2026,42500.000000,3100,OPTSTK,NFO,5.000000,62001,False
52980,ABCAPITAL29SEP26445PE,ABCAPITAL,29SEP2026,44500.000000,3100,OPTSTK,NFO,5.000000,62001,False
53028,ABCAPITAL27OCT26340PE,ABCAPITAL,27OCT2026,34000.000000,3100,OPTSTK,NFO,5.000000,62001,False
53031,ABCAPITAL27OCT26360CE,ABCAPITAL,27OCT2026,36000.000000,3100,OPTSTK,NFO,5.000000,62001,False
53047,ABCAPITAL27OCT26430CE,ABCAPITAL,27OCT2026,43000.000000,3100,OPTSTK,NFO,5.000000,62001,False
53082,ADANIENSOL29SEP261220PE,ADANIENSOL,29SEP2026,122000.000000,675,OPTSTK,NFO,5.000000,13501,False
53083,ADANIENSOL29SEP261260CE,ADANIENSOL,29SEP2026,126000.000000,675,OPTSTK,NFO,5.000000,13501,False
53099,ADANIENSOL29SEP261380CE,ADANIENSOL,29SEP2026,138000.000000,675,OPTSTK,NFO,5.000000,13501,False
53127,ADANIENSOL29SEP261700CE,ADANIENSOL,29SEP2026,170000.000000,675,OPTSTK,NFO,5.000000,13501,False
53129,ADANIENSOL29SEP261740CE,ADANIENSOL,29SEP2026,174000.000000,675,OPTSTK,NFO,5.000000,13501,False
53201,ADANIENSOL27OCT261360CE,ADANIENSOL,27OCT2026,136000.000000,675,OPTSTK,NFO,5.000000,13501,False
53217,BANKNIFTY29DEC2648000PE,BANKNIFTY,29DEC2026,4800000.000000,30,OPTIDX,NFO,5.000000,601,False
53219,BANKNIFTY29DEC2649500PE,BANKNIFTY,29DEC2026,4950000.000000,30,OPTIDX,NFO,5.000000,601,False
53224,BANKNIFTY29DEC2654000CE,BANKNIFTY,29DEC2026,5400000.000000,30,OPTIDX,NFO,5.000000,601,False
53234,ADANIENSOL27OCT261520CE,ADANIENSOL,27OCT2026,152000.000000,675,OPTSTK,NFO,5.000000,13501,False
53237,ADANIENSOL27OCT261520PE,ADANIENSOL,27OCT2026,152000.000000,675,OPTSTK,NFO,5.000000,13501,False
53242,ADANIENSOL27OCT261600CE,ADANIENSOL,27OCT2026,160000.000000,675,OPTSTK,NFO,5.000000,13501,False
53245,BANKNIFTY29DEC2661500PE,BANKNIFTY,29DEC2026,6150000.000000,30,OPTIDX,NFO,5.000000,601,False
53250,BANKNIFTY29DEC2666000CE,BANKNIFTY,29DEC2026,6600000.000000,30,OPTIDX,NFO,5.000000,601,False
53277,ADANIENSOL27OCT261640PE,ADANIENSOL,27OCT2026,164000.000000,675,OPTSTK,NFO,5.000000,13501,False
53280,ADANIENSOL27OCT261720CE,ADANIENSOL,27OCT2026,172000.000000,675,OPTSTK,NFO,5.000000,13501,False
53281,ADANIENSOL27OCT261720PE,ADANIENSOL,27OCT2026,172000.000000,675,OPTSTK,NFO,5.000000,13501,False
53282,ADANIENSOL27OCT261760CE,ADANIENSOL,27OCT2026,176000.000000,675,OPTSTK,NFO,5.000000,13501,False
53362,ADANIENT29SEP263150CE,ADANIENT,29SEP2026,315000.000000,309,OPTSTK,NFO,5.000000,9271,False
53371,ADANIENT29SEP263350PE,ADANIENT,29SEP2026,335000.000000,309,OPTSTK,NFO,5.000000,9271,False
53375,ADANIENT29SEP263450PE,ADANIENT,29SEP2026,345000.000000,309,OPTSTK,NFO,5.000000,9271,False
53415,ADANIENT27OCT262900PE,ADANIENT,27OCT2026,290000.000000,309,OPTSTK,NFO,5.000000,9271,False
53425,ADANIENT27OCT263400PE,ADANIENT,27OCT2026,340000.000000,309,OPTSTK,NFO,5.000000,9271,False
53429,ADANIENT27OCT263600PE,ADANIENT,27OCT2026,360000.000000,309,OPTSTK,NFO,5.000000,9271,False
53455,ADANIGREEN29SEP261060PE,ADANIGREEN,29SEP2026,106000.000000,600,OPTSTK,NFO,5.000000,18001,False
53465,ADANIGREEN29SEP261220PE,ADANIGREEN,29SEP2026,122000.000000,600,OPTSTK,NFO,5.000000,18001,False
53481,ADANIGREEN29SEP261460PE,ADANIGREEN,29SEP2026,146000.000000,600,OPTSTK,NFO,5.000000,18001,False
53482,ADANIGREEN29SEP261500CE,ADANIGREEN,29SEP2026,150000.000000,600,OPTSTK,NFO,5.000000,18001,False
53539,ADANIGREEN27OCT261280PE,ADANIGREEN,27OCT2026,128000.000000,600,OPTSTK,NFO,5.000000,18001,False
53631,NIFTY28DEC2727000CE,NIFTY,28DEC2027,2700000.000000,65,OPTIDX,NFO,5.000000,1801,False
53640,ADANIPORTS29SEP261860PE,ADANIPORTS,29SEP2026,186000.000000,475,OPTSTK,NFO,5.000000,14251,False
53641,ADANIPORTS29SEP261900CE,ADANIPORTS,29SEP2026,190000.000000,475,OPTSTK,NFO,5.000000,14251,False
53642,ADANIPORTS29SEP261900PE,ADANIPORTS,29SEP2026,190000.000000,475,OPTSTK,NFO,5.000000,14251,False
53691,ADANIPORTS27OCT261440CE,ADANIPORTS,27OCT2026,144000.000000,475,OPTSTK,NFO,5.000000,14251,False
53711,ADANIPORTS27OCT261720CE,ADANIPORTS,27OCT2026,172000.000000,475,OPTSTK,NFO,5.000000,14251,False
53712,ADANIPORTS27OCT261720PE,ADANIPORTS,27OCT2026,172000.000000,475,OPTSTK,NFO,5.000000,14251,False
53755,ADANIPOWER29SEP26175CE,ADANIPOWER,29SEP2026,17500.000000,3550,OPTSTK,NFO,1.000000,106501,False
53760,ADANIPOWER29SEP26195PE,ADANIPOWER,29SEP2026,19500.000000,3550,OPTSTK,NFO,1.000000,106501,False
53761,ADANIPOWER29SEP26205CE,ADANIPOWER,29SEP2026,20500.000000,3550,OPTSTK,NFO,1.000000,106501,False
53808,ADANIPOWER27OCT26170PE,ADANIPOWER,27OCT2026,17000.000000,3550,OPTSTK,NFO,1.000000,106501,False
53809,ADANIPOWER27OCT26180CE,ADANIPOWER,27OCT2026,18000.000000,3550,OPTSTK,NFO,1.000000,106501,False
53815,ADANIPOWER27OCT26210CE,ADANIPOWER,27OCT2026,21000.000000,3550,OPTSTK,NFO,1.000000,106501,False
53820,ADANIPOWER27OCT26230PE,ADANIPOWER,27OCT2026,23000.000000,3550,OPTSTK,NFO,1.000000,106501,False
53822,ADANIPOWER27OCT26240PE,ADANIPOWER,27OCT2026,24000.000000,3550,OPTSTK,NFO,1.000000,106501,False
53855,HINDPETRO29SEP26340CE,HINDPETRO,29SEP2026,34000.000000,2025,OPTSTK,NFO,5.000000,60751,False
53856,HINDPETRO29SEP26340PE,HINDPETRO,29SEP2026,34000.000000,2025,OPTSTK,NFO,5.000000,60751,False
53863,ALKEM29SEP264550CE,ALKEM,29SEP2026,455000.000000,125,OPTSTK,NFO,5.000000,5001,False
53876,ALKEM29SEP265050PE,ALKEM,29SEP2026,505000.000000,125,OPTSTK,NFO,5.000000,5001,False
53887,ALKEM29SEP265650CE,ALKEM,29SEP2026,565000.000000,125,OPTSTK,NFO,5.000000,5001,False
53892,ALKEM29SEP265750PE,ALKEM,29SEP2026,575000.000000,125,OPTSTK,NFO,5.000000,5001,False
53893,ALKEM29SEP265850CE,ALKEM,29SEP2026,585000.000000,125,OPTSTK,NFO,5.000000,5001,False
53955,HINDPETRO29SEP26420CE,HINDPETRO,29SEP2026,42000.000000,2025,OPTSTK,NFO,5.000000,60751,False
53972,ALKEM27OCT264300PE,ALKEM,27OCT2026,430000.000000,125,OPTSTK,NFO,5.000000,5001,False
53979,ALKEM27OCT264700CE,ALKEM,27OCT2026,470000.000000,125,OPTSTK,NFO,5.000000,5001,False
53984,ALKEM27OCT264900PE,ALKEM,27OCT2026,490000.000000,125,OPTSTK,NFO,5.000000,5001,False
54003,ALKEM27OCT265800CE,ALKEM,27OCT2026,580000.000000,125,OPTSTK,NFO,5.000000,5001,False
54008,ALKEM27OCT265900PE,ALKEM,27OCT2026,590000.000000,125,OPTSTK,NFO,5.000000,5001,False
54083,HINDPETRO27OCT26280CE,HINDPETRO,27OCT2026,28000.000000,2025,OPTSTK,NFO,5.000000,60751,False
54084,HINDPETRO27OCT26280PE,HINDPETRO,27OCT2026,28000.000000,2025,OPTSTK,NFO,5.000000,60751,False
54141,AMBER29SEP267300CE,AMBER,29SEP2026,730000.000000,100,OPTSTK,NFO,5.000000,3001,False
54147,AMBER29SEP267900CE,AMBER,29SEP2026,790000.000000,100,OPTSTK,NFO,5.000000,3001,False
54149,HINDPETRO27OCT26400CE,HINDPETRO,27OCT2026,40000.000000,2025,OPTSTK,NFO,5.000000,60751,False
54196,AMBER27OCT266000PE,AMBER,27OCT2026,600000.000000,100,OPTSTK,NFO,5.000000,3001,False
54198,AMBER27OCT266200PE,AMBER,27OCT2026,620000.000000,100,OPTSTK,NFO,5.000000,3001,False
54212,AMBER27OCT267400PE,AMBER,27OCT2026,740000.000000,100,OPTSTK,NFO,5.000000,3001,False
54285,AMBUJACEM29SEP26365CE,AMBUJACEM,29SEP2026,36500.000000,1200,OPTSTK,NFO,5.000000,60001,False
54283,AMBUJACEM29SEP26355PE,AMBUJACEM,29SEP2026,35500.000000,1200,OPTSTK,NFO,5.000000,60001,False
54287,AMBUJACEM29SEP26375CE,AMBUJACEM,29SEP2026,37500.000000,1200,OPTSTK,NFO,5.000000,60001,False
54294,AMBUJACEM29SEP26405PE,AMBUJACEM,29SEP2026,40500.000000,1200,OPTSTK,NFO,5.000000,60001,False
54296,AMBUJACEM29SEP26415PE,AMBUJACEM,29SEP2026,41500.000000,1200,OPTSTK,NFO,5.000000,60001,False
54302,AMBUJACEM29SEP26445PE,AMBUJACEM,29SEP2026,44500.000000,1200,OPTSTK,NFO,5.000000,60001,False
54351,AMBUJACEM27OCT26360CE,AMBUJACEM,27OCT2026,36000.000000,1200,OPTSTK,NFO,5.000000,60001,False
54352,AMBUJACEM27OCT26360PE,AMBUJACEM,27OCT2026,36000.000000,1200,OPTSTK,NFO,5.000000,60001,False
54360,AMBUJACEM27OCT26400PE,AMBUJACEM,27OCT2026,40000.000000,1200,OPTSTK,NFO,5.000000,60001,False
54365,AMBUJACEM27OCT26430CE,AMBUJACEM,27OCT2026,43000.000000,1200,OPTSTK,NFO,5.000000,60001,False
54418,ANGELONE29SEP26265PE,ANGELONE,29SEP2026,26500.000000,2500,OPTSTK,NFO,5.000000,75001,False
54422,ANGELONE29SEP26285PE,ANGELONE,29SEP2026,28500.000000,2500,OPTSTK,NFO,5.000000,75001,False
54423,ANGELONE29SEP26295CE,ANGELONE,29SEP2026,29500.000000,2500,OPTSTK,NFO,5.000000,75001,False
54426,ANGELONE29SEP26305PE,ANGELONE,29SEP2026,30500.000000,2500,OPTSTK,NFO,5.000000,75001,False
54430,ANGELONE29SEP26325PE,ANGELONE,29SEP2026,32500.000000,2500,OPTSTK,NFO,5.000000,75001,False
54471,ANGELONE27OCT26260CE,ANGELONE,27OCT2026,26000.000000,2500,OPTSTK,NFO,5.000000,75001,False
54486,ANGELONE27OCT26330PE,ANGELONE,27OCT2026,33000.000000,2500,OPTSTK,NFO,5.000000,75001,False
54488,ANGELONE27OCT26340PE,ANGELONE,27OCT2026,34000.000000,2500,OPTSTK,NFO,5.000000,75001,False
54554,APLAPOLLO29SEP261940PE,APLAPOLLO,29SEP2026,194000.000000,350,OPTSTK,NFO,5.000000,10501,False
54675,APLAPOLLO27OCT261920CE,APLAPOLLO,27OCT2026,192000.000000,350,OPTSTK,NFO,5.000000,10501,False
54702,APLAPOLLO27OCT262280PE,APLAPOLLO,27OCT2026,228000.000000,350,OPTSTK,NFO,5.000000,10501,False
54703,APLAPOLLO27OCT262320CE,APLAPOLLO,27OCT2026,232000.000000,350,OPTSTK,NFO,5.000000,10501,False
54706,APLAPOLLO27OCT262360PE,APLAPOLLO,27OCT2026,236000.000000,350,OPTSTK,NFO,5.000000,10501,False
54707,APLAPOLLO27OCT262400CE,APLAPOLLO,27OCT2026,240000.000000,350,OPTSTK,NFO,5.000000,10501,False
54708,APLAPOLLO27OCT262400PE,APLAPOLLO,27OCT2026,240000.000000,350,OPTSTK,NFO,5.000000,10501,False
54712,APLAPOLLO27OCT262480PE,APLAPOLLO,27OCT2026,248000.000000,350,OPTSTK,NFO,5.000000,10501,False
54771,APOLLOHOSP29SEP269500CE,APOLLOHOSP,29SEP2026,950000.000000,125,OPTSTK,NFO,5.000000,2501,False
54919,ASHOKLEY29SEP26157.5PE,ASHOKLEY,29SEP2026,15750.000000,5000,OPTSTK,NFO,1.000000,150001,False
54930,ASHOKLEY29SEP26177.5PE,ASHOKLEY,29SEP2026,17750.000000,5000,OPTSTK,NFO,1.000000,150001,False
54931,ASHOKLEY29SEP26182.5CE,ASHOKLEY,29SEP2026,18250.000000,5000,OPTSTK,NFO,1.000000,150001,False
54932,ASHOKLEY29SEP26182.5PE,ASHOKLEY,29SEP2026,18250.000000,5000,OPTSTK,NFO,1.000000,150001,False
54937,ASHOKLEY29SEP26192.5PE,ASHOKLEY,29SEP2026,19250.000000,5000,OPTSTK,NFO,1.000000,150001,False
55001,ASHOKLEY27OCT26190CE,ASHOKLEY,27OCT2026,19000.000000,5000,OPTSTK,NFO,1.000000,150001,False
55004,ASHOKLEY27OCT26190PE,ASHOKLEY,27OCT2026,19000.000000,5000,OPTSTK,NFO,1.000000,150001,False
55006,ASHOKLEY27OCT26195PE,ASHOKLEY,27OCT2026,19500.000000,5000,OPTSTK,NFO,1.000000,150001,False
55009,ASHOKLEY27OCT26205CE,ASHOKLEY,27OCT2026,20500.000000,5000,OPTSTK,NFO,1.000000,150001,False
55063,ASIANPAINT29SEP262420CE,ASIANPAINT,29SEP2026,242000.000000,250,OPTSTK,NFO,5.000000,10001,False
55065,ASIANPAINT29SEP262460CE,ASIANPAINT,29SEP2026,246000.000000,250,OPTSTK,NFO,5.000000,10001,False
55078,ASIANPAINT29SEP262580PE,ASIANPAINT,29SEP2026,258000.000000,250,OPTSTK,NFO,5.000000,10001,False
55081,ASIANPAINT29SEP262660CE,ASIANPAINT,29SEP2026,266000.000000,250,OPTSTK,NFO,5.000000,10001,False
55194,ASIANPAINT27OCT262160CE,ASIANPAINT,27OCT2026,216000.000000,250,OPTSTK,NFO,5.000000,10001,False
55200,ASIANPAINT27OCT262240CE,ASIANPAINT,27OCT2026,224000.000000,250,OPTSTK,NFO,5.000000,10001,False
55224,ASIANPAINT27OCT262680CE,ASIANPAINT,27OCT2026,268000.000000,250,OPTSTK,NFO,5.000000,10001,False
55235,ASIANPAINT27OCT262800PE,ASIANPAINT,27OCT2026,280000.000000,250,OPTSTK,NFO,5.000000,10001,False
55236,ASIANPAINT27OCT262840CE,ASIANPAINT,27OCT2026,284000.000000,250,OPTSTK,NFO,5.000000,10001,False
55244,ASIANPAINT27OCT263000CE,ASIANPAINT,27OCT2026,300000.000000,250,OPTSTK,NFO,5.000000,10001,False
55283,NIFTY29SEP2619500PE,NIFTY,29SEP2026,1950000.000000,65,OPTIDX,NFO,5.000000,1801,False
55289,NIFTY29SEP2628500PE,NIFTY,29SEP2026,2850000.000000,65,OPTIDX,NFO,5.000000,1801,False
55284,NIFTY29SEP2622500CE,NIFTY,29SEP2026,2250000.000000,65,OPTIDX,NFO,5.000000,1801,False
55286,NIFTY29SEP2625500CE,NIFTY,29SEP2026,2550000.000000,65,OPTIDX,NFO,5.000000,1801,False
55376,NIFTY29JUN2725500CE,NIFTY,29JUN2027,2550000.000000,65,OPTIDX,NFO,5.000000,1801,False
55421,NIFTY28DEC2716500PE,NIFTY,28DEC2027,1650000.000000,65,OPTIDX,NFO,5.000000,1801,False
55470,NIFTY27JUN2819500CE,NIFTY,27JUN2028,1950000.000000,65,OPTIDX,NFO,5.000000,1801,False
55599,NIFTY24DEC2916500PE,NIFTY,24DEC2029,1650000.000000,65,OPTIDX,NFO,5.000000,1801,False
55607,NIFTY24DEC2928500PE,NIFTY,24DEC2029,2850000.000000,65,OPTIDX,NFO,5.000000,1801,False
55626,ASTRAL29SEP261500CE,ASTRAL,29SEP2026,150000.000000,425,OPTSTK,NFO,5.000000,17001,False
55670,ASTRAL29SEP261620CE,ASTRAL,29SEP2026,162000.000000,425,OPTSTK,NFO,5.000000,17001,False
55693,ASTRAL29SEP261740PE,ASTRAL,29SEP2026,174000.000000,425,OPTSTK,NFO,5.000000,17001,False
55698,NIFTY31DEC3018000CE,NIFTY,31DEC2030,1800000.000000,65,OPTIDX,NFO,5.000000,1801,False
55702,NIFTY31DEC3021000CE,NIFTY,31DEC2030,2100000.000000,65,OPTIDX,NFO,5.000000,1801,False
55829,ASTRAL27OCT261160PE,ASTRAL,27OCT2026,116000.000000,425,OPTSTK,NFO,5.000000,17001,False
55850,ASTRAL27OCT261200CE,ASTRAL,27OCT2026,120000.000000,425,OPTSTK,NFO,5.000000,17001,False
55929,ASTRAL27OCT261760PE,ASTRAL,27OCT2026,176000.000000,425,OPTSTK,NFO,5.000000,17001,False
56030,AUBANK27OCT26920CE,AUBANK,27OCT2026,92000.000000,1000,OPTSTK,NFO,5.000000,20001,False
56051,AUBANK27OCT261040PE,AUBANK,27OCT2026,104000.000000,1000,OPTSTK,NFO,5.000000,20001,False
56154,AUROPHARMA29SEP261700CE,AUROPHARMA,29SEP2026,170000.000000,550,OPTSTK,NFO,5.000000,16501,False
56163,AUROPHARMA29SEP261820PE,AUROPHARMA,29SEP2026,182000.000000,550,OPTSTK,NFO,5.000000,16501,False
56165,AUROPHARMA29SEP261860PE,AUROPHARMA,29SEP2026,186000.000000,550,OPTSTK,NFO,5.000000,16501,False
56208,AUROPHARMA27OCT261480CE,AUROPHARMA,27OCT2026,148000.000000,550,OPTSTK,NFO,5.000000,16501,False
56230,AUROPHARMA27OCT261640CE,AUROPHARMA,27OCT2026,164000.000000,550,OPTSTK,NFO,5.000000,16501,False
56234,AUROPHARMA27OCT261680CE,AUROPHARMA,27OCT2026,168000.000000,550,OPTSTK,NFO,5.000000,16501,False
56236,AUROPHARMA27OCT261720CE,AUROPHARMA,27OCT2026,172000.000000,550,OPTSTK,NFO,5.000000,16501,False
56242,AUROPHARMA27OCT261760CE,AUROPHARMA,27OCT2026,176000.000000,550,OPTSTK,NFO,5.000000,16501,False
56245,AUROPHARMA27OCT261800PE,AUROPHARMA,27OCT2026,180000.000000,550,OPTSTK,NFO,5.000000,16501,False
56311,AXISBANK29SEP261140PE,AXISBANK,29SEP2026,114000.000000,625,OPTSTK,NFO,5.000000,18751,False
56313,AXISBANK29SEP261180PE,AXISBANK,29SEP2026,118000.000000,625,OPTSTK,NFO,5.000000,18751,False
56318,AXISBANK29SEP261300CE,AXISBANK,29SEP2026,130000.000000,625,OPTSTK,NFO,5.000000,18751,False
56375,AXISBANK27OCT261080PE,AXISBANK,27OCT2026,108000.000000,625,OPTSTK,NFO,5.000000,18751,False
56382,AXISBANK27OCT261160CE,AXISBANK,27OCT2026,116000.000000,625,OPTSTK,NFO,5.000000,18751,False
56398,AXISBANK27OCT261320CE,AXISBANK,27OCT2026,132000.000000,625,OPTSTK,NFO,5.000000,18751,False
56407,AXISBANK27OCT261480PE,AXISBANK,27OCT2026,148000.000000,625,OPTSTK,NFO,5.000000,18751,False
56468,BAJAJ-AUTO29SEP2610500CE,BAJAJ-AUTO,29SEP2026,1050000.000000,75,OPTSTK,NFO,5.000000,2251,False
56469,BAJAJ-AUTO29SEP2610500PE,BAJAJ-AUTO,29SEP2026,1050000.000000,75,OPTSTK,NFO,5.000000,2251,False
56479,BAJAJ-AUTO29SEP2611300CE,BAJAJ-AUTO,29SEP2026,1130000.000000,75,OPTSTK,NFO,5.000000,2251,False
56560,BAJAJ-AUTO27OCT2610400CE,BAJAJ-AUTO,27OCT2026,1040000.000000,75,OPTSTK,NFO,5.000000,2251,False
56672,BAJAJFINSV29SEP261780CE,BAJAJFINSV,29SEP2026,178000.000000,300,OPTSTK,NFO,5.000000,12001,False
56683,BAJAJFINSV29SEP261900PE,BAJAJFINSV,29SEP2026,190000.000000,300,OPTSTK,NFO,5.000000,12001,False
56688,BAJAJFINSV29SEP261940CE,BAJAJFINSV,29SEP2026,194000.000000,300,OPTSTK,NFO,5.000000,12001,False
56696,NIFTY22SEP2621700PE,NIFTY,22SEP2026,2170000.000000,65,OPTIDX,NFO,5.000000,1801,False
56700,NIFTY22SEP2621750PE,NIFTY,22SEP2026,2175000.000000,65,OPTIDX,NFO,5.000000,1801,False
56768,BAJAJFINSV27OCT261760CE,BAJAJFINSV,27OCT2026,176000.000000,300,OPTSTK,NFO,5.000000,12001,False
56776,BAJAJFINSV27OCT261920CE,BAJAJFINSV,27OCT2026,192000.000000,300,OPTSTK,NFO,5.000000,12001,False
56789,BAJAJFINSV27OCT262120PE,BAJAJFINSV,27OCT2026,212000.000000,300,OPTSTK,NFO,5.000000,12001,False
56795,BAJAJFINSV27OCT262200PE,BAJAJFINSV,27OCT2026,220000.000000,300,OPTSTK,NFO,5.000000,12001,False
56798,BAJAJFINSV27OCT262240PE,BAJAJFINSV,27OCT2026,224000.000000,300,OPTSTK,NFO,5.000000,12001,False
56820,NIFTY22SEP2622150PE,NIFTY,22SEP2026,2215000.000000,65,OPTIDX,NFO,5.000000,1801,False
56822,NIFTY22SEP2622200PE,NIFTY,22SEP2026,2220000.000000,65,OPTIDX,NFO,5.000000,1801,False
56875,NIFTY22SEP2622550CE,NIFTY,22SEP2026,2255000.000000,65,OPTIDX,NFO,5.000000,1801,False
56885,BAJAJHLDNG29SEP2611100PE,BAJAJHLDNG,29SEP2026,1110000.000000,75,OPTSTK,NFO,5.000000,2251,False
56886,BAJAJHLDNG29SEP2611300CE,BAJAJHLDNG,29SEP2026,1130000.000000,75,OPTSTK,NFO,5.000000,2251,False
56934,NIFTY22SEP2622800PE,NIFTY,22SEP2026,2280000.000000,65,OPTIDX,NFO,5.000000,1801,False
56935,NIFTY22SEP2622850CE,NIFTY,22SEP2026,2285000.000000,65,OPTIDX,NFO,5.000000,1801,False
51535,NIFTY27OCT2627050PE,NIFTY,27OCT2026,2705000.000000,65,OPTIDX,NFO,5.000000,1801,False
56937,NIFTY22SEP2622900CE,NIFTY,22SEP2026,2290000.000000,65,OPTIDX,NFO,5.000000,1801,False
56949,NIFTY22SEP2623000CE,NIFTY,22SEP2026,2300000.000000,65,OPTIDX,NFO,5.000000,1801,False
56991,BAJAJHLDNG27OCT2610000PE,BAJAJHLDNG,27OCT2026,1000000.000000,75,OPTSTK,NFO,5.000000,2251,False
51540,NIFTY27OCT2627200CE,NIFTY,27OCT2026,2720000.000000,65,OPTIDX,NFO,5.000000,1801,False
51806,NIFTYNXT5027OCT2663000CE,NIFTYNXT50,27OCT2026,6300000.000000,25,OPTIDX,NFO,5.000000,601,False
51823,NIFTYNXT5027OCT2663500PE,NIFTYNXT50,27OCT2026,6350000.000000,25,OPTIDX,NFO,5.000000,601,False
51847,NIFTYNXT5027OCT2664200CE,NIFTYNXT50,27OCT2026,6420000.000000,25,OPTIDX,NFO,5.000000,601,False
51855,NIFTYNXT5027OCT2664400CE,NIFTYNXT50,27OCT2026,6440000.000000,25,OPTIDX,NFO,5.000000,601,False
51865,NIFTYNXT5027OCT2664600CE,NIFTYNXT50,27OCT2026,6460000.000000,25,OPTIDX,NFO,5.000000,601,False
51875,NIFTYNXT5027OCT2665000CE,NIFTYNXT50,27OCT2026,6500000.000000,25,OPTIDX,NFO,5.000000,601,False
51892,NIFTYNXT5027OCT2665600PE,NIFTYNXT50,27OCT2026,6560000.000000,25,OPTIDX,NFO,5.000000,601,False
51895,NIFTYNXT5027OCT2665800CE,NIFTYNXT50,27OCT2026,6580000.000000,25,OPTIDX,NFO,5.000000,601,False
51916,NIFTYNXT5027OCT2666400PE,NIFTYNXT50,27OCT2026,6640000.000000,25,OPTIDX,NFO,5.000000,601,False
51934,NIFTYNXT5027OCT2667300PE,NIFTYNXT50,27OCT2026,6730000.000000,25,OPTIDX,NFO,5.000000,601,False
51937,NIFTYNXT5027OCT2667500CE,NIFTYNXT50,27OCT2026,6750000.000000,25,OPTIDX,NFO,5.000000,601,False
51955,NIFTYNXT5027OCT2668000CE,NIFTYNXT50,27OCT2026,6800000.000000,25,OPTIDX,NFO,5.000000,601,False
51960,NIFTYNXT5027OCT2668200PE,NIFTYNXT50,27OCT2026,6820000.000000,25,OPTIDX,NFO,5.000000,601,False
51970,NIFTYNXT5027OCT2668500PE,NIFTYNXT50,27OCT2026,6850000.000000,25,OPTIDX,NFO,5.000000,601,False
51977,NIFTYNXT5027OCT2668700CE,NIFTYNXT50,27OCT2026,6870000.000000,25,OPTIDX,NFO,5.000000,601,False
51978,NIFTYNXT5027OCT2668700PE,NIFTYNXT50,27OCT2026,6870000.000000,25,OPTIDX,NFO,5.000000,601,False
51985,NIFTYNXT5027OCT2668800CE,NIFTYNXT50,27OCT2026,6880000.000000,25,OPTIDX,NFO,5.000000,601,False
52064,NIFTYNXT5027OCT2671100PE,NIFTYNXT50,27OCT2026,7110000.000000,25,OPTIDX,NFO,5.000000,601,False
52080,NIFTYNXT5027OCT2671900PE,NIFTYNXT50,27OCT2026,7190000.000000,25,OPTIDX,NFO,5.000000,601,False
52098,NIFTYNXT5027OCT2672300PE,NIFTYNXT50,27OCT2026,7230000.000000,25,OPTIDX,NFO,5.000000,601,False
52101,NIFTYNXT5027OCT2672400PE,NIFTYNXT50,27OCT2026,7240000.000000,25,OPTIDX,NFO,5.000000,601,False
52114,NIFTYNXT5027OCT2672600CE,NIFTYNXT50,27OCT2026,7260000.000000,25,OPTIDX,NFO,5.000000,601,False
52130,NIFTYNXT5027OCT2672800PE,NIFTYNXT50,27OCT2026,7280000.000000,25,OPTIDX,NFO,5.000000,601,False
52135,NIFTYNXT5027OCT2673100CE,NIFTYNXT50,27OCT2026,7310000.000000,25,OPTIDX,NFO,5.000000,601,False
52138,NIFTYNXT5027OCT2673200PE,NIFTYNXT50,27OCT2026,7320000.000000,25,OPTIDX,NFO,5.000000,601,False
52143,NIFTYNXT5027OCT2673400CE,NIFTYNXT50,27OCT2026,7340000.000000,25,OPTIDX,NFO,5.000000,601,False
52168,NIFTYNXT5027OCT2674300PE,NIFTYNXT50,27OCT2026,7430000.000000,25,OPTIDX,NFO,5.000000,601,False
52179,NIFTYNXT5027OCT2674900CE,NIFTYNXT50,27OCT2026,7490000.000000,25,OPTIDX,NFO,5.000000,601,False
52181,NIFTYNXT5027OCT2675000CE,NIFTYNXT50,27OCT2026,7500000.000000,25,OPTIDX,NFO,5.000000,601,False
52191,NIFTYNXT5027OCT2675500CE,NIFTYNXT50,27OCT2026,7550000.000000,25,OPTIDX,NFO,5.000000,601,False
52200,NIFTYNXT5027OCT2675900CE,NIFTYNXT50,27OCT2026,7590000.000000,25,OPTIDX,NFO,5.000000,601,False
52236,NIFTYNXT5027OCT2677600CE,NIFTYNXT50,27OCT2026,7760000.000000,25,OPTIDX,NFO,5.000000,601,False
52239,NIFTYNXT5027OCT2677700PE,NIFTYNXT50,27OCT2026,7770000.000000,25,OPTIDX,NFO,5.000000,601,False
52240,NIFTYNXT5027OCT2677800CE,NIFTYNXT50,27OCT2026,7780000.000000,25,OPTIDX,NFO,5.000000,601,False
52256,NIFTYNXT5027OCT2678400PE,NIFTYNXT50,27OCT2026,7840000.000000,25,OPTIDX,NFO,5.000000,601,False
52288,NIFTYNXT5027OCT2678900CE,NIFTYNXT50,27OCT2026,7890000.000000,25,OPTIDX,NFO,5.000000,601,False
52310,NIFTYNXT5027OCT2679700CE,NIFTYNXT50,27OCT2026,7970000.000000,25,OPTIDX,NFO,5.000000,601,False
52311,NIFTYNXT5027OCT2679700PE,NIFTYNXT50,27OCT2026,7970000.000000,25,OPTIDX,NFO,5.000000,601,False
52321,NIFTYNXT5027OCT2680200PE,NIFTYNXT50,27OCT2026,8020000.000000,25,OPTIDX,NFO,5.000000,601,False
52323,NIFTYNXT5027OCT2680300PE,NIFTYNXT50,27OCT2026,8030000.000000,25,OPTIDX,NFO,5.000000,601,False
52324,NIFTYNXT5027OCT2680400CE,NIFTYNXT50,27OCT2026,8040000.000000,25,OPTIDX,NFO,5.000000,601,False
52333,NIFTYNXT5027OCT2680700PE,NIFTYNXT50,27OCT2026,8070000.000000,25,OPTIDX,NFO,5.000000,601,False
52339,NIFTYNXT5027OCT2680900PE,NIFTYNXT50,27OCT2026,8090000.000000,25,OPTIDX,NFO,5.000000,601,False
52341,NIFTYNXT5027OCT2681000PE,NIFTYNXT50,27OCT2026,8100000.000000,25,OPTIDX,NFO,5.000000,601,False
52352,NIFTYNXT5027OCT2681500CE,NIFTYNXT50,27OCT2026,8150000.000000,25,OPTIDX,NFO,5.000000,601,False
52361,BANKNIFTY29SEP2660000PE,BANKNIFTY,29SEP2026,6000000.000000,30,OPTIDX,NFO,5.000000,601,False
52404,BANKNIFTY29SEP2663000CE,BANKNIFTY,29SEP2026,6300000.000000,30,OPTIDX,NFO,5.000000,601,False
52405,BANKNIFTY29SEP2663000PE,BANKNIFTY,29SEP2026,6300000.000000,30,OPTIDX,NFO,5.000000,601,False
52420,BANKNIFTY29SEP2666000CE,BANKNIFTY,29SEP2026,6600000.000000,30,OPTIDX,NFO,5.000000,601,False
52656,360ONE29SEP261260CE,360ONE,29SEP2026,126000.000000,500,OPTSTK,NFO,5.000000,20001,False
52674,SOLARINDS29SEP2624250CE,SOLARINDS,29SEP2026,2425000.000000,50,OPTSTK,NFO,5.000000,1501,False
52689,360ONE27OCT26920PE,360ONE,27OCT2026,92000.000000,500,OPTSTK,NFO,5.000000,20001,False
52690,360ONE27OCT26960CE,360ONE,27OCT2026,96000.000000,500,OPTSTK,NFO,5.000000,20001,False
52698,360ONE27OCT261120CE,360ONE,27OCT2026,112000.000000,500,OPTSTK,NFO,5.000000,20001,False
52805,ABB29SEP266900CE,ABB,29SEP2026,690000.000000,125,OPTSTK,NFO,5.000000,3751,False
52831,ABB29SEP267700PE,ABB,29SEP2026,770000.000000,125,OPTSTK,NFO,5.000000,3751,False
52875,ABB27OCT266200PE,ABB,27OCT2026,620000.000000,125,OPTSTK,NFO,5.000000,3751,False
52876,ABB27OCT266400CE,ABB,27OCT2026,640000.000000,125,OPTSTK,NFO,5.000000,3751,False
52878,ABB27OCT266600CE,ABB,27OCT2026,660000.000000,125,OPTSTK,NFO,5.000000,3751,False
52888,ABB27OCT267400CE,ABB,27OCT2026,740000.000000,125,OPTSTK,NFO,5.000000,3751,False
52978,ABCAPITAL29SEP26445CE,ABCAPITAL,29SEP2026,44500.000000,3100,OPTSTK,NFO,5.000000,62001,False
53020,ABCAPITAL27OCT26330CE,ABCAPITAL,27OCT2026,33000.000000,3100,OPTSTK,NFO,5.000000,62001,False
53081,ADANIENSOL29SEP261220CE,ADANIENSOL,29SEP2026,122000.000000,675,OPTSTK,NFO,5.000000,13501,False
53094,ADANIENSOL29SEP261260PE,ADANIENSOL,29SEP2026,126000.000000,675,OPTSTK,NFO,5.000000,13501,False
53119,ADANIENSOL29SEP261580CE,ADANIENSOL,29SEP2026,158000.000000,675,OPTSTK,NFO,5.000000,13501,False
53126,ADANIENSOL29SEP261660PE,ADANIENSOL,29SEP2026,166000.000000,675,OPTSTK,NFO,5.000000,13501,False
53203,ADANIENSOL27OCT261400CE,ADANIENSOL,27OCT2026,140000.000000,675,OPTSTK,NFO,5.000000,13501,False
53210,ADANIENSOL27OCT261400PE,ADANIENSOL,27OCT2026,140000.000000,675,OPTSTK,NFO,5.000000,13501,False
53218,BANKNIFTY29DEC2649500CE,BANKNIFTY,29DEC2026,4950000.000000,30,OPTIDX,NFO,5.000000,601,False
53226,BANKNIFTY29DEC2655500CE,BANKNIFTY,29DEC2026,5550000.000000,30,OPTIDX,NFO,5.000000,601,False
53229,BANKNIFTY29DEC2657000PE,BANKNIFTY,29DEC2026,5700000.000000,30,OPTIDX,NFO,5.000000,601,False
53247,BANKNIFTY29DEC2663000PE,BANKNIFTY,29DEC2026,6300000.000000,30,OPTIDX,NFO,5.000000,601,False
53278,ADANIENSOL27OCT261680CE,ADANIENSOL,27OCT2026,168000.000000,675,OPTSTK,NFO,5.000000,13501,False
53345,ADANIENT29SEP262550PE,ADANIENT,29SEP2026,255000.000000,309,OPTSTK,NFO,5.000000,9271,False
53348,ADANIENT29SEP262750CE,ADANIENT,29SEP2026,275000.000000,309,OPTSTK,NFO,5.000000,9271,False
53361,ADANIENT29SEP263050PE,ADANIENT,29SEP2026,305000.000000,309,OPTSTK,NFO,5.000000,9271,False
53412,ADANIENT27OCT262800CE,ADANIENT,27OCT2026,280000.000000,309,OPTSTK,NFO,5.000000,9271,False
53464,ADANIGREEN29SEP261220CE,ADANIGREEN,29SEP2026,122000.000000,600,OPTSTK,NFO,5.000000,18001,False
53529,ADANIGREEN27OCT261080PE,ADANIGREEN,27OCT2026,108000.000000,600,OPTSTK,NFO,5.000000,18001,False
53533,ADANIGREEN27OCT261160PE,ADANIGREEN,27OCT2026,116000.000000,600,OPTSTK,NFO,5.000000,18001,False
53535,ADANIGREEN27OCT261200PE,ADANIGREEN,27OCT2026,120000.000000,600,OPTSTK,NFO,5.000000,18001,False
53546,ADANIGREEN27OCT261400CE,ADANIGREEN,27OCT2026,140000.000000,600,OPTSTK,NFO,5.000000,18001,False
53601,ADANIPORTS29SEP261460PE,ADANIPORTS,29SEP2026,146000.000000,475,OPTSTK,NFO,5.000000,14251,False
53609,ADANIPORTS29SEP261540PE,ADANIPORTS,29SEP2026,154000.000000,475,OPTSTK,NFO,5.000000,14251,False
53614,ADANIPORTS29SEP261620CE,ADANIPORTS,29SEP2026,162000.000000,475,OPTSTK,NFO,5.000000,14251,False
53616,ADANIPORTS29SEP261620PE,ADANIPORTS,29SEP2026,162000.000000,475,OPTSTK,NFO,5.000000,14251,False
53620,ADANIPORTS29SEP261660PE,ADANIPORTS,29SEP2026,166000.000000,475,OPTSTK,NFO,5.000000,14251,False
53689,ADANIPORTS27OCT261400CE,ADANIPORTS,27OCT2026,140000.000000,475,OPTSTK,NFO,5.000000,14251,False
53692,ADANIPORTS27OCT261440PE,ADANIPORTS,27OCT2026,144000.000000,475,OPTSTK,NFO,5.000000,14251,False
53696,ADANIPORTS27OCT261520PE,ADANIPORTS,27OCT2026,152000.000000,475,OPTSTK,NFO,5.000000,14251,False
53707,ADANIPORTS27OCT261640CE,ADANIPORTS,27OCT2026,164000.000000,475,OPTSTK,NFO,5.000000,14251,False
53710,ADANIPORTS27OCT261680PE,ADANIPORTS,27OCT2026,168000.000000,475,OPTSTK,NFO,5.000000,14251,False
53722,ADANIPORTS27OCT261880PE,ADANIPORTS,27OCT2026,188000.000000,475,OPTSTK,NFO,5.000000,14251,False
53726,ADANIPORTS27OCT261960PE,ADANIPORTS,27OCT2026,196000.000000,475,OPTSTK,NFO,5.000000,14251,False
53730,ADANIPORTS27OCT262040PE,ADANIPORTS,27OCT2026,204000.000000,475,OPTSTK,NFO,5.000000,14251,False
53773,ADANIPOWER29SEP26235CE,ADANIPOWER,29SEP2026,23500.000000,3550,OPTSTK,NFO,1.000000,106501,False
53811,ADANIPOWER27OCT26190CE,ADANIPOWER,27OCT2026,19000.000000,3550,OPTSTK,NFO,1.000000,106501,False
53817,ADANIPOWER27OCT26220CE,ADANIPOWER,27OCT2026,22000.000000,3550,OPTSTK,NFO,1.000000,106501,False
53821,ADANIPOWER27OCT26240CE,ADANIPOWER,27OCT2026,24000.000000,3550,OPTSTK,NFO,1.000000,106501,False
53857,HINDPETRO29SEP26350CE,HINDPETRO,29SEP2026,35000.000000,2025,OPTSTK,NFO,5.000000,60751,False
53880,ALKEM29SEP265250PE,ALKEM,29SEP2026,525000.000000,125,OPTSTK,NFO,5.000000,5001,False
53889,HINDPETRO29SEP26360CE,HINDPETRO,29SEP2026,36000.000000,2025,OPTSTK,NFO,5.000000,60751,False
53974,ALKEM27OCT264400PE,ALKEM,27OCT2026,440000.000000,125,OPTSTK,NFO,5.000000,5001,False
53977,ALKEM27OCT264600CE,ALKEM,27OCT2026,460000.000000,125,OPTSTK,NFO,5.000000,5001,False
53982,ALKEM27OCT264800PE,ALKEM,27OCT2026,480000.000000,125,OPTSTK,NFO,5.000000,5001,False
53983,ALKEM27OCT264900CE,ALKEM,27OCT2026,490000.000000,125,OPTSTK,NFO,5.000000,5001,False
53985,ALKEM27OCT265000CE,ALKEM,27OCT2026,500000.000000,125,OPTSTK,NFO,5.000000,5001,False
53988,ALKEM27OCT265100PE,ALKEM,27OCT2026,510000.000000,125,OPTSTK,NFO,5.000000,5001,False
53990,ALKEM27OCT265200PE,ALKEM,27OCT2026,520000.000000,125,OPTSTK,NFO,5.000000,5001,False
54002,ALKEM27OCT265700PE,ALKEM,27OCT2026,570000.000000,125,OPTSTK,NFO,5.000000,5001,False
54014,ALKEM27OCT266100PE,ALKEM,27OCT2026,610000.000000,125,OPTSTK,NFO,5.000000,5001,False
54016,ALKEM27OCT266200PE,ALKEM,27OCT2026,620000.000000,125,OPTSTK,NFO,5.000000,5001,False
54130,AMBER29SEP266500CE,AMBER,29SEP2026,650000.000000,100,OPTSTK,NFO,5.000000,3001,False
54139,AMBER29SEP267100CE,AMBER,29SEP2026,710000.000000,100,OPTSTK,NFO,5.000000,3001,False
54142,AMBER29SEP267300PE,AMBER,29SEP2026,730000.000000,100,OPTSTK,NFO,5.000000,3001,False
54144,AMBER29SEP267500PE,AMBER,29SEP2026,750000.000000,100,OPTSTK,NFO,5.000000,3001,False
54145,AMBER29SEP267700CE,AMBER,29SEP2026,770000.000000,100,OPTSTK,NFO,5.000000,3001,False
54151,AMBER29SEP268100PE,AMBER,29SEP2026,810000.000000,100,OPTSTK,NFO,5.000000,3001,False
54153,AMBER29SEP268300PE,AMBER,29SEP2026,830000.000000,100,OPTSTK,NFO,5.000000,3001,False
54160,HINDPETRO27OCT26400PE,HINDPETRO,27OCT2026,40000.000000,2025,OPTSTK,NFO,5.000000,60751,False
54169,HINDPETRO27OCT26420CE,HINDPETRO,27OCT2026,42000.000000,2025,OPTSTK,NFO,5.000000,60751,False
54170,HINDPETRO27OCT26420PE,HINDPETRO,27OCT2026,42000.000000,2025,OPTSTK,NFO,5.000000,60751,False
54176,HINDPETRO27OCT26440PE,HINDPETRO,27OCT2026,44000.000000,2025,OPTSTK,NFO,5.000000,60751,False
54210,AMBER27OCT267200PE,AMBER,27OCT2026,720000.000000,100,OPTSTK,NFO,5.000000,3001,False
54211,AMBER27OCT267400CE,AMBER,27OCT2026,740000.000000,100,OPTSTK,NFO,5.000000,3001,False
54216,AMBER27OCT267800PE,AMBER,27OCT2026,780000.000000,100,OPTSTK,NFO,5.000000,3001,False
54217,AMBER27OCT268000CE,AMBER,27OCT2026,800000.000000,100,OPTSTK,NFO,5.000000,3001,False
54223,AMBER27OCT268200CE,AMBER,27OCT2026,820000.000000,100,OPTSTK,NFO,5.000000,3001,False
54234,AMBER27OCT268800PE,AMBER,27OCT2026,880000.000000,100,OPTSTK,NFO,5.000000,3001,False
54236,AMBER27OCT269000PE,AMBER,27OCT2026,900000.000000,100,OPTSTK,NFO,5.000000,3001,False
54307,AMBUJACEM29SEP26475CE,AMBUJACEM,29SEP2026,47500.000000,1200,OPTSTK,NFO,5.000000,60001,False
54345,AMBUJACEM27OCT26330CE,AMBUJACEM,27OCT2026,33000.000000,1200,OPTSTK,NFO,5.000000,60001,False
54348,AMBUJACEM27OCT26340PE,AMBUJACEM,27OCT2026,34000.000000,1200,OPTSTK,NFO,5.000000,60001,False
54354,AMBUJACEM27OCT26370PE,AMBUJACEM,27OCT2026,37000.000000,1200,OPTSTK,NFO,5.000000,60001,False
54421,ANGELONE29SEP26285CE,ANGELONE,29SEP2026,28500.000000,2500,OPTSTK,NFO,5.000000,75001,False
54425,ANGELONE29SEP26305CE,ANGELONE,29SEP2026,30500.000000,2500,OPTSTK,NFO,5.000000,75001,False
54468,ANGELONE27OCT26240PE,ANGELONE,27OCT2026,24000.000000,2500,OPTSTK,NFO,5.000000,75001,False
54469,ANGELONE27OCT26250CE,ANGELONE,27OCT2026,25000.000000,2500,OPTSTK,NFO,5.000000,75001,False
54480,ANGELONE27OCT26300PE,ANGELONE,27OCT2026,30000.000000,2500,OPTSTK,NFO,5.000000,75001,False
54484,ANGELONE27OCT26320PE,ANGELONE,27OCT2026,32000.000000,2500,OPTSTK,NFO,5.000000,75001,False
54492,ANGELONE27OCT26360PE,ANGELONE,27OCT2026,36000.000000,2500,OPTSTK,NFO,5.000000,75001,False
54549,APLAPOLLO29SEP261860CE,APLAPOLLO,29SEP2026,186000.000000,350,OPTSTK,NFO,5.000000,10501,False
54565,APLAPOLLO29SEP262140CE,APLAPOLLO,29SEP2026,214000.000000,350,OPTSTK,NFO,5.000000,10501,False
54576,APLAPOLLO29SEP262300PE,APLAPOLLO,29SEP2026,230000.000000,350,OPTSTK,NFO,5.000000,10501,False
54577,APLAPOLLO29SEP262340CE,APLAPOLLO,29SEP2026,234000.000000,350,OPTSTK,NFO,5.000000,10501,False
54677,APLAPOLLO27OCT261960CE,APLAPOLLO,27OCT2026,196000.000000,350,OPTSTK,NFO,5.000000,10501,False
54679,APLAPOLLO27OCT262000CE,APLAPOLLO,27OCT2026,200000.000000,350,OPTSTK,NFO,5.000000,10501,False
54680,APLAPOLLO27OCT262000PE,APLAPOLLO,27OCT2026,200000.000000,350,OPTSTK,NFO,5.000000,10501,False
54694,APLAPOLLO27OCT262160PE,APLAPOLLO,27OCT2026,216000.000000,350,OPTSTK,NFO,5.000000,10501,False
54695,APLAPOLLO27OCT262200CE,APLAPOLLO,27OCT2026,220000.000000,350,OPTSTK,NFO,5.000000,10501,False
54700,APLAPOLLO27OCT262240PE,APLAPOLLO,27OCT2026,224000.000000,350,OPTSTK,NFO,5.000000,10501,False
54704,APLAPOLLO27OCT262320PE,APLAPOLLO,27OCT2026,232000.000000,350,OPTSTK,NFO,5.000000,10501,False
54711,APLAPOLLO27OCT262480CE,APLAPOLLO,27OCT2026,248000.000000,350,OPTSTK,NFO,5.000000,10501,False
54752,APOLLOHOSP29SEP268300PE,APOLLOHOSP,29SEP2026,830000.000000,125,OPTSTK,NFO,5.000000,2501,False
54760,APOLLOHOSP29SEP268700CE,APOLLOHOSP,29SEP2026,870000.000000,125,OPTSTK,NFO,5.000000,2501,False
54761,APOLLOHOSP29SEP268700PE,APOLLOHOSP,29SEP2026,870000.000000,125,OPTSTK,NFO,5.000000,2501,False
54769,APOLLOHOSP29SEP269300CE,APOLLOHOSP,29SEP2026,930000.000000,125,OPTSTK,NFO,5.000000,2501,False
54772,APOLLOHOSP29SEP269500PE,APOLLOHOSP,29SEP2026,950000.000000,125,OPTSTK,NFO,5.000000,2501,False
54775,APOLLOHOSP29SEP269900CE,APOLLOHOSP,29SEP2026,990000.000000,125,OPTSTK,NFO,5.000000,2501,False
54776,APOLLOHOSP29SEP269900PE,APOLLOHOSP,29SEP2026,990000.000000,125,OPTSTK,NFO,5.000000,2501,False
54826,APOLLOHOSP27OCT267400PE,APOLLOHOSP,27OCT2026,740000.000000,125,OPTSTK,NFO,5.000000,2501,False
54841,APOLLOHOSP27OCT268800CE,APOLLOHOSP,27OCT2026,880000.000000,125,OPTSTK,NFO,5.000000,2501,False
54856,APOLLOHOSP27OCT2610000PE,APOLLOHOSP,27OCT2026,1000000.000000,125,OPTSTK,NFO,5.000000,2501,False
54936,ASHOKLEY29SEP26192.5CE,ASHOKLEY,29SEP2026,19250.000000,5000,OPTSTK,NFO,1.000000,150001,False
54978,ASHOKLEY27OCT26155PE,ASHOKLEY,27OCT2026,15500.000000,5000,OPTSTK,NFO,1.000000,150001,False
54980,ASHOKLEY27OCT26160PE,ASHOKLEY,27OCT2026,16000.000000,5000,OPTSTK,NFO,1.000000,150001,False
54998,ASHOKLEY27OCT26180PE,ASHOKLEY,27OCT2026,18000.000000,5000,OPTSTK,NFO,1.000000,150001,False
55050,ASIANPAINT29SEP262260PE,ASIANPAINT,29SEP2026,226000.000000,250,OPTSTK,NFO,5.000000,10001,False
55070,ASIANPAINT29SEP262500PE,ASIANPAINT,29SEP2026,250000.000000,250,OPTSTK,NFO,5.000000,10001,False
55092,ASIANPAINT29SEP262700PE,ASIANPAINT,29SEP2026,270000.000000,250,OPTSTK,NFO,5.000000,10001,False
55096,ASIANPAINT29SEP262740PE,ASIANPAINT,29SEP2026,274000.000000,250,OPTSTK,NFO,5.000000,10001,False
55112,ASIANPAINT29SEP262860PE,ASIANPAINT,29SEP2026,286000.000000,250,OPTSTK,NFO,5.000000,10001,False
55203,ASIANPAINT27OCT262280PE,ASIANPAINT,27OCT2026,228000.000000,250,OPTSTK,NFO,5.000000,10001,False
55204,ASIANPAINT27OCT262320CE,ASIANPAINT,27OCT2026,232000.000000,250,OPTSTK,NFO,5.000000,10001,False
55232,ASIANPAINT27OCT262760CE,ASIANPAINT,27OCT2026,276000.000000,250,OPTSTK,NFO,5.000000,10001,False
55245,ASIANPAINT27OCT263000PE,ASIANPAINT,27OCT2026,300000.000000,250,OPTSTK,NFO,5.000000,10001,False
55282,NIFTY29SEP2619500CE,NIFTY,29SEP2026,1950000.000000,65,OPTIDX,NFO,5.000000,1801,False
55331,NIFTY29DEC2628500PE,NIFTY,29DEC2026,2850000.000000,65,OPTIDX,NFO,5.000000,1801,False
55333,NIFTY29DEC2631500PE,NIFTY,29DEC2026,3150000.000000,65,OPTIDX,NFO,5.000000,1801,False
55372,NIFTY29JUN2719500CE,NIFTY,29JUN2027,1950000.000000,65,OPTIDX,NFO,5.000000,1801,False
55468,NIFTY27JUN2816500CE,NIFTY,27JUN2028,1650000.000000,65,OPTIDX,NFO,5.000000,1801,False
55469,NIFTY27JUN2816500PE,NIFTY,27JUN2028,1650000.000000,65,OPTIDX,NFO,5.000000,1801,False
55471,NIFTY27JUN2819500PE,NIFTY,27JUN2028,1950000.000000,65,OPTIDX,NFO,5.000000,1801,False
55501,ASTRAL29SEP261260PE,ASTRAL,29SEP2026,126000.000000,425,OPTSTK,NFO,5.000000,17001,False
55503,ASTRAL29SEP261300PE,ASTRAL,29SEP2026,130000.000000,425,OPTSTK,NFO,5.000000,17001,False
55516,NIFTY26DEC2816500CE,NIFTY,26DEC2028,1650000.000000,65,OPTIDX,NFO,5.000000,1801,False
55519,NIFTY26DEC2819500PE,NIFTY,26DEC2028,1950000.000000,65,OPTIDX,NFO,5.000000,1801,False
55665,ASTRAL29SEP261540PE,ASTRAL,29SEP2026,154000.000000,425,OPTSTK,NFO,5.000000,17001,False
55560,NIFTY26JUN2922500CE,NIFTY,26JUN2029,2250000.000000,65,OPTIDX,NFO,5.000000,1801,False
55605,NIFTY24DEC2925500PE,NIFTY,24DEC2029,2550000.000000,65,OPTIDX,NFO,5.000000,1801,False
55645,NIFTY25JUN3022500PE,NIFTY,25JUN2030,2250000.000000,65,OPTIDX,NFO,5.000000,1801,False
55760,NIFTY31DEC3028500CE,NIFTY,31DEC2030,2850000.000000,65,OPTIDX,NFO,5.000000,1801,False
55668,ASTRAL29SEP261580PE,ASTRAL,29SEP2026,158000.000000,425,OPTSTK,NFO,5.000000,17001,False
55697,NIFTY31DEC3016500PE,NIFTY,31DEC2030,1650000.000000,65,OPTIDX,NFO,5.000000,1801,False
55701,NIFTY31DEC3019500PE,NIFTY,31DEC2030,1950000.000000,65,OPTIDX,NFO,5.000000,1801,False
55765,NIFTY31DEC3031500PE,NIFTY,31DEC2030,3150000.000000,65,OPTIDX,NFO,5.000000,1801,False
55852,ASTRAL27OCT261240CE,ASTRAL,27OCT2026,124000.000000,425,OPTSTK,NFO,5.000000,17001,False
55855,ASTRAL27OCT261280PE,ASTRAL,27OCT2026,128000.000000,425,OPTSTK,NFO,5.000000,17001,False
55904,ASTRAL27OCT261440CE,ASTRAL,27OCT2026,144000.000000,425,OPTSTK,NFO,5.000000,17001,False
55914,ASTRAL27OCT261560CE,ASTRAL,27OCT2026,156000.000000,425,OPTSTK,NFO,5.000000,17001,False
55921,ASTRAL27OCT261680PE,ASTRAL,27OCT2026,168000.000000,425,OPTSTK,NFO,5.000000,17001,False
55969,AUBANK29SEP26980PE,AUBANK,29SEP2026,98000.000000,1000,OPTSTK,NFO,5.000000,20001,False
55970,AUBANK29SEP261020CE,AUBANK,29SEP2026,102000.000000,1000,OPTSTK,NFO,5.000000,20001,False
55980,AUBANK29SEP261100CE,AUBANK,29SEP2026,110000.000000,1000,OPTSTK,NFO,5.000000,20001,False
55983,AUBANK29SEP261140PE,AUBANK,29SEP2026,114000.000000,1000,OPTSTK,NFO,5.000000,20001,False
56052,AUBANK27OCT261080CE,AUBANK,27OCT2026,108000.000000,1000,OPTSTK,NFO,5.000000,20001,False
56078,AUBANK27OCT261280CE,AUBANK,27OCT2026,128000.000000,1000,OPTSTK,NFO,5.000000,20001,False
56140,AUROPHARMA29SEP261500CE,AUROPHARMA,29SEP2026,150000.000000,550,OPTSTK,NFO,5.000000,16501,False
56151,AUROPHARMA29SEP261620PE,AUROPHARMA,29SEP2026,162000.000000,550,OPTSTK,NFO,5.000000,16501,False
56153,AUROPHARMA29SEP261660PE,AUROPHARMA,29SEP2026,166000.000000,550,OPTSTK,NFO,5.000000,16501,False
56160,AUROPHARMA29SEP261780CE,AUROPHARMA,29SEP2026,178000.000000,550,OPTSTK,NFO,5.000000,16501,False
56161,AUROPHARMA29SEP261780PE,AUROPHARMA,29SEP2026,178000.000000,550,OPTSTK,NFO,5.000000,16501,False
56204,AUROPHARMA27OCT261440CE,AUROPHARMA,27OCT2026,144000.000000,550,OPTSTK,NFO,5.000000,16501,False
56235,AUROPHARMA27OCT261680PE,AUROPHARMA,27OCT2026,168000.000000,550,OPTSTK,NFO,5.000000,16501,False
56322,AXISBANK29SEP261380CE,AXISBANK,29SEP2026,138000.000000,625,OPTSTK,NFO,5.000000,18751,False
56324,AXISBANK29SEP261420CE,AXISBANK,29SEP2026,142000.000000,625,OPTSTK,NFO,5.000000,18751,False
56470,BAJAJ-AUTO29SEP2610700CE,BAJAJ-AUTO,29SEP2026,1070000.000000,75,OPTSTK,NFO,5.000000,2251,False
56473,BAJAJ-AUTO29SEP2610900PE,BAJAJ-AUTO,29SEP2026,1090000.000000,75,OPTSTK,NFO,5.000000,2251,False
56474,BAJAJ-AUTO29SEP2611100CE,BAJAJ-AUTO,29SEP2026,1110000.000000,75,OPTSTK,NFO,5.000000,2251,False
56488,BAJAJ-AUTO29SEP2612100CE,BAJAJ-AUTO,29SEP2026,1210000.000000,75,OPTSTK,NFO,5.000000,2251,False
56491,BAJAJ-AUTO29SEP2612300PE,BAJAJ-AUTO,29SEP2026,1230000.000000,75,OPTSTK,NFO,5.000000,2251,False
56493,BAJAJ-AUTO29SEP2612500PE,BAJAJ-AUTO,29SEP2026,1250000.000000,75,OPTSTK,NFO,5.000000,2251,False
56502,BAJAJ-AUTO29SEP2613300CE,BAJAJ-AUTO,29SEP2026,1330000.000000,75,OPTSTK,NFO,5.000000,2251,False
56558,BAJAJ-AUTO27OCT2610200CE,BAJAJ-AUTO,27OCT2026,1020000.000000,75,OPTSTK,NFO,5.000000,2251,False
56580,BAJAJ-AUTO27OCT2611600CE,BAJAJ-AUTO,27OCT2026,1160000.000000,75,OPTSTK,NFO,5.000000,2251,False
56590,BAJAJ-AUTO27OCT2612600CE,BAJAJ-AUTO,27OCT2026,1260000.000000,75,OPTSTK,NFO,5.000000,2251,False
56600,BAJAJ-AUTO27OCT2613600CE,BAJAJ-AUTO,27OCT2026,1360000.000000,75,OPTSTK,NFO,5.000000,2251,False
56671,BAJAJFINSV29SEP261740PE,BAJAJFINSV,29SEP2026,174000.000000,300,OPTSTK,NFO,5.000000,12001,False
56675,NIFTY22SEP2621650CE,NIFTY,22SEP2026,2165000.000000,65,OPTIDX,NFO,5.000000,1801,False
56684,NIFTY22SEP2621650PE,NIFTY,22SEP2026,2165000.000000,65,OPTIDX,NFO,5.000000,1801,False
56693,BAJAJFINSV29SEP262020PE,BAJAJFINSV,29SEP2026,202000.000000,300,OPTSTK,NFO,5.000000,12001,False
56703,NIFTY22SEP2621850CE,NIFTY,22SEP2026,2185000.000000,65,OPTIDX,NFO,5.000000,1801,False
56722,NIFTY22SEP2621950PE,NIFTY,22SEP2026,2195000.000000,65,OPTIDX,NFO,5.000000,1801,False
56729,NIFTY22SEP2622050CE,NIFTY,22SEP2026,2205000.000000,65,OPTIDX,NFO,5.000000,1801,False
56782,BAJAJFINSV27OCT262000CE,BAJAJFINSV,27OCT2026,200000.000000,300,OPTSTK,NFO,5.000000,12001,False
56783,BAJAJFINSV27OCT262000PE,BAJAJFINSV,27OCT2026,200000.000000,300,OPTSTK,NFO,5.000000,12001,False
56796,NIFTY22SEP2622100PE,NIFTY,22SEP2026,2210000.000000,65,OPTIDX,NFO,5.000000,1801,False
56865,NIFTY22SEP2622500CE,NIFTY,22SEP2026,2250000.000000,65,OPTIDX,NFO,5.000000,1801,False
56878,BAJAJHLDNG29SEP2610500CE,BAJAJHLDNG,29SEP2026,1050000.000000,75,OPTSTK,NFO,5.000000,2251,False
56881,BAJAJHLDNG29SEP2610700PE,BAJAJHLDNG,29SEP2026,1070000.000000,75,OPTSTK,NFO,5.000000,2251,False
56902,NIFTY22SEP2622600PE,NIFTY,22SEP2026,2260000.000000,65,OPTIDX,NFO,5.000000,1801,False
56884,BAJAJHLDNG29SEP2611100CE,BAJAJHLDNG,29SEP2026,1110000.000000,75,OPTSTK,NFO,5.000000,2251,False
56894,BAJAJHLDNG29SEP2612100CE,BAJAJHLDNG,29SEP2026,1210000.000000,75,OPTSTK,NFO,5.000000,2251,False
56907,NIFTY22SEP2622750CE,NIFTY,22SEP2026,2275000.000000,65,OPTIDX,NFO,5.000000,1801,False
56909,NIFTY22SEP2622800CE,NIFTY,22SEP2026,2280000.000000,65,OPTIDX,NFO,5.000000,1801,False
56972,BAJAJHLDNG27OCT269400CE,BAJAJHLDNG,27OCT2026,940000.000000,75,OPTSTK,NFO,5.000000,2251,False
56973,BAJAJHLDNG27OCT269400PE,BAJAJHLDNG,27OCT2026,940000.000000,75,OPTSTK,NFO,5.000000,2251,False
56981,NIFTY22SEP2623200PE,NIFTY,22SEP2026,2320000.000000,65,OPTIDX,NFO,5.000000,1801,False
56998,BAJAJHLDNG27OCT2610400PE,BAJAJHLDNG,27OCT2026,1040000.000000,75,OPTSTK,NFO,5.000000,2251,False
57002,NIFTY22SEP2623400PE,NIFTY,22SEP2026,2340000.000000,65,OPTIDX,NFO,5.000000,1801,False
57010,BAJAJHLDNG27OCT2611000CE,BAJAJHLDNG,27OCT2026,1100000.000000,75,OPTSTK,NFO,5.000000,2251,False
57000,BAJAJHLDNG27OCT2610600CE,BAJAJHLDNG,27OCT2026,1060000.000000,75,OPTSTK,NFO,5.000000,2251,False
57003,NIFTY22SEP2623450CE,NIFTY,22SEP2026,2345000.000000,65,OPTIDX,NFO,5.000000,1801,False
57013,BAJAJHLDNG27OCT2611200PE,BAJAJHLDNG,27OCT2026,1120000.000000,75,OPTSTK,NFO,5.000000,2251,False
57031,NIFTY22SEP2623600CE,NIFTY,22SEP2026,2360000.000000,65,OPTIDX,NFO,5.000000,1801,False
57063,NIFTY22SEP2623700CE,NIFTY,22SEP2026,2370000.000000,65,OPTIDX,NFO,5.000000,1801,False
57106,BAJFINANCE29SEP261050PE,BAJFINANCE,29SEP2026,105000.000000,750,OPTSTK,NFO,5.000000,22501,False
57114,BAJFINANCE29SEP261130PE,BAJFINANCE,29SEP2026,113000.000000,750,OPTSTK,NFO,5.000000,22501,False
57115,BAJFINANCE29SEP261150CE,BAJFINANCE,29SEP2026,115000.000000,750,OPTSTK,NFO,5.000000,22501,False
57116,BAJFINANCE29SEP261150PE,BAJFINANCE,29SEP2026,115000.000000,750,OPTSTK,NFO,5.000000,22501,False
57189,BAJFINANCE27OCT261100CE,BAJFINANCE,27OCT2026,110000.000000,750,OPTSTK,NFO,5.000000,22501,False
57195,BAJFINANCE27OCT261160CE,BAJFINANCE,27OCT2026,116000.000000,750,OPTSTK,NFO,5.000000,22501,False
57196,BAJFINANCE27OCT261160PE,BAJFINANCE,27OCT2026,116000.000000,750,OPTSTK,NFO,5.000000,22501,False
57198,BAJFINANCE27OCT261180PE,BAJFINANCE,27OCT2026,118000.000000,750,OPTSTK,NFO,5.000000,22501,False
57242,BANDHANBNK29SEP26185PE,BANDHANBNK,29SEP2026,18500.000000,3600,OPTSTK,NFO,1.000000,108001,False
57348,BANKBARODA27OCT26200PE,BANKBARODA,27OCT2026,20000.000000,2925,OPTSTK,NFO,1.000000,87751,False
57353,BANKBARODA27OCT26230CE,BANKBARODA,27OCT2026,23000.000000,2925,OPTSTK,NFO,1.000000,87751,False
57387,NIFTY22SEP2624200CE,NIFTY,22SEP2026,2420000.000000,65,OPTIDX,NFO,5.000000,1801,False
57399,BANKINDIA29SEP26127.5CE,BANKINDIA,29SEP2026,12750.000000,5200,OPTSTK,NFO,1.000000,156001,False
57406,BANKINDIA29SEP26142.5PE,BANKINDIA,29SEP2026,14250.000000,5200,OPTSTK,NFO,1.000000,156001,False
57410,BANKINDIA29SEP26152.5PE,BANKINDIA,29SEP2026,15250.000000,5200,OPTSTK,NFO,1.000000,156001,False
57412,BANKINDIA29SEP26157.5PE,BANKINDIA,29SEP2026,15750.000000,5200,OPTSTK,NFO,1.000000,156001,False
57428,NIFTY22SEP2624250PE,NIFTY,22SEP2026,2425000.000000,65,OPTIDX,NFO,5.000000,1801,False
57502,NIFTY22SEP2624350PE,NIFTY,22SEP2026,2435000.000000,65,OPTIDX,NFO,5.000000,1801,False
57503,BDL29SEP261380CE,BDL,29SEP2026,138000.000000,425,OPTSTK,NFO,5.000000,17001,False
57539,BDL27OCT261160CE,BDL,27OCT2026,116000.000000,425,OPTSTK,NFO,5.000000,17001,False
57550,BDL27OCT261360PE,BDL,27OCT2026,136000.000000,425,OPTSTK,NFO,5.000000,17001,False
57619,BEL29SEP26435CE,BEL,29SEP2026,43500.000000,1425,OPTSTK,NFO,5.000000,57001,False
57639,NIFTY22SEP2624550PE,NIFTY,22SEP2026,2455000.000000,65,OPTIDX,NFO,5.000000,1801,False
57669,BEL27OCT26370PE,BEL,27OCT2026,37000.000000,1425,OPTSTK,NFO,5.000000,57001,False
57677,BEL27OCT26390PE,BEL,27OCT2026,39000.000000,1425,OPTSTK,NFO,5.000000,57001,False
57680,NIFTY22SEP2624600PE,NIFTY,22SEP2026,2460000.000000,65,OPTIDX,NFO,5.000000,1801,False
57683,BEL27OCT26400PE,BEL,27OCT2026,40000.000000,1425,OPTSTK,NFO,5.000000,57001,False
57736,BHARATFORG29SEP261740CE,BHARATFORG,29SEP2026,174000.000000,500,OPTSTK,NFO,5.000000,10001,False
57748,BHARATFORG29SEP261940CE,BHARATFORG,29SEP2026,194000.000000,500,OPTSTK,NFO,5.000000,10001,False
57757,NIFTY22SEP2624850PE,NIFTY,22SEP2026,2485000.000000,65,OPTIDX,NFO,5.000000,1801,False
57796,NIFTY22SEP2625000CE,NIFTY,22SEP2026,2500000.000000,65,OPTIDX,NFO,5.000000,1801,False
57822,BHARATFORG27OCT261680CE,BHARATFORG,27OCT2026,168000.000000,500,OPTSTK,NFO,5.000000,10001,False
57838,BHARATFORG27OCT261920CE,BHARATFORG,27OCT2026,192000.000000,500,OPTSTK,NFO,5.000000,10001,False
57839,BHARATFORG27OCT261920PE,BHARATFORG,27OCT2026,192000.000000,500,OPTSTK,NFO,5.000000,10001,False
57921,NIFTY22SEP2625500PE,NIFTY,22SEP2026,2550000.000000,65,OPTIDX,NFO,5.000000,1801,False
57950,BHARTIARTL29SEP261940CE,BHARTIARTL,29SEP2026,194000.000000,475,OPTSTK,NFO,5.000000,14251,False
58007,BHARTIARTL27OCT261520CE,BHARTIARTL,27OCT2026,152000.000000,475,OPTSTK,NFO,5.000000,14251,False
58020,BHARTIARTL27OCT261560PE,BHARTIARTL,27OCT2026,156000.000000,475,OPTSTK,NFO,5.000000,14251,False
58027,BHARTIARTL27OCT261640PE,BHARTIARTL,27OCT2026,164000.000000,475,OPTSTK,NFO,5.000000,14251,False
58037,BHARTIARTL27OCT261720PE,BHARTIARTL,27OCT2026,172000.000000,475,OPTSTK,NFO,5.000000,14251,False
58041,NIFTY22SEP2626100PE,NIFTY,22SEP2026,2610000.000000,65,OPTIDX,NFO,5.000000,1801,False
58209,BHEL29SEP26385CE,BHEL,29SEP2026,38500.000000,2625,OPTSTK,NFO,5.000000,52501,False
58259,BHEL29SEP26445PE,BHEL,29SEP2026,44500.000000,2625,OPTSTK,NFO,5.000000,52501,False
58263,BHEL29SEP26455PE,BHEL,29SEP2026,45500.000000,2625,OPTSTK,NFO,5.000000,52501,False
58612,BIOCON29SEP26365CE,BIOCON,29SEP2026,36500.000000,2500,OPTSTK,NFO,5.000000,50001,False
58268,BHEL29SEP26485CE,BHEL,29SEP2026,48500.000000,2625,OPTSTK,NFO,5.000000,52501,False
58459,BHEL27OCT26410PE,BHEL,27OCT2026,41000.000000,2625,OPTSTK,NFO,5.000000,52501,False
58642,NIFTY29DEC2619000CE,NIFTY,29DEC2026,1900000.000000,65,OPTIDX,NFO,5.000000,1801,False
58644,NIFTY29DEC2620000CE,NIFTY,29DEC2026,2000000.000000,65,OPTIDX,NFO,5.000000,1801,False
58649,NIFTY29DEC2622000PE,NIFTY,29DEC2026,2200000.000000,65,OPTIDX,NFO,5.000000,1801,False
58833,BIOCON27OCT26390CE,BIOCON,27OCT2026,39000.000000,2500,OPTSTK,NFO,5.000000,50001,False
58899,BIOCON27OCT26450CE,BIOCON,27OCT2026,45000.000000,2500,OPTSTK,NFO,5.000000,50001,False
59129,BLUESTARCO29SEP261580PE,BLUESTARCO,29SEP2026,158000.000000,325,OPTSTK,NFO,5.000000,13001,False
59158,BLUESTARCO29SEP261660PE,BLUESTARCO,29SEP2026,166000.000000,325,OPTSTK,NFO,5.000000,13001,False
59310,BLUESTARCO27OCT261560PE,BLUESTARCO,27OCT2026,156000.000000,325,OPTSTK,NFO,5.000000,13001,False
59311,BLUESTARCO27OCT261600CE,BLUESTARCO,27OCT2026,160000.000000,325,OPTSTK,NFO,5.000000,13001,False
59316,BLUESTARCO27OCT261600PE,BLUESTARCO,27OCT2026,160000.000000,325,OPTSTK,NFO,5.000000,13001,False
59323,BLUESTARCO27OCT261640CE,BLUESTARCO,27OCT2026,164000.000000,325,OPTSTK,NFO,5.000000,13001,False
59329,BLUESTARCO27OCT261680CE,BLUESTARCO,27OCT2026,168000.000000,325,OPTSTK,NFO,5.000000,13001,False
59357,BLUESTARCO27OCT261760PE,BLUESTARCO,27OCT2026,176000.000000,325,OPTSTK,NFO,5.000000,13001,False
59389,BLUESTARCO27OCT261800PE,BLUESTARCO,27OCT2026,180000.000000,325,OPTSTK,NFO,5.000000,13001,False
59565,BOSCHLTD29SEP2638500CE,BOSCHLTD,29SEP2026,3850000.000000,25,OPTSTK,NFO,5.000000,501,False
59576,BOSCHLTD29SEP2643500PE,BOSCHLTD,29SEP2026,4350000.000000,25,OPTSTK,NFO,5.000000,501,False
59584,BOSCHLTD29SEP2647500PE,BOSCHLTD,29SEP2026,4750000.000000,25,OPTSTK,NFO,5.000000,501,False
59594,BOSCHLTD29SEP2652500PE,BOSCHLTD,29SEP2026,5250000.000000,25,OPTSTK,NFO,5.000000,501,False
59652,BOSCHLTD27OCT2644000PE,BOSCHLTD,27OCT2026,4400000.000000,25,OPTSTK,NFO,5.000000,501,False
59658,BOSCHLTD27OCT2647000PE,BOSCHLTD,27OCT2026,4700000.000000,25,OPTSTK,NFO,5.000000,501,False
59662,BOSCHLTD27OCT2649000PE,BOSCHLTD,27OCT2026,4900000.000000,25,OPTSTK,NFO,5.000000,501,False
59663,BOSCHLTD27OCT2650000CE,BOSCHLTD,27OCT2026,5000000.000000,25,OPTSTK,NFO,5.000000,501,False
59699,BPCL29SEP26295PE,BPCL,29SEP2026,29500.000000,1975,OPTSTK,NFO,5.000000,79001,False
59700,BPCL29SEP26305CE,BPCL,29SEP2026,30500.000000,1975,OPTSTK,NFO,5.000000,79001,False
59761,BPCL27OCT26320CE,BPCL,27OCT2026,32000.000000,1975,OPTSTK,NFO,5.000000,79001,False
59767,BPCL27OCT26350CE,BPCL,27OCT2026,35000.000000,1975,OPTSTK,NFO,5.000000,79001,False
59806,BRITANNIA29SEP264450CE,BRITANNIA,29SEP2026,445000.000000,125,OPTSTK,NFO,5.000000,5001,False
59861,BRITANNIA29SEP264950PE,BRITANNIA,29SEP2026,495000.000000,125,OPTSTK,NFO,5.000000,5001,False
59864,BRITANNIA29SEP265150CE,BRITANNIA,29SEP2026,515000.000000,125,OPTSTK,NFO,5.000000,5001,False
59869,BRITANNIA29SEP265250PE,BRITANNIA,29SEP2026,525000.000000,125,OPTSTK,NFO,5.000000,5001,False
59880,BRITANNIA29SEP265450PE,BRITANNIA,29SEP2026,545000.000000,125,OPTSTK,NFO,5.000000,5001,False
59903,BRITANNIA29SEP265850PE,BRITANNIA,29SEP2026,585000.000000,125,OPTSTK,NFO,5.000000,5001,False
60101,BRITANNIA27OCT264300PE,BRITANNIA,27OCT2026,430000.000000,125,OPTSTK,NFO,5.000000,5001,False
60154,BRITANNIA27OCT265000CE,BRITANNIA,27OCT2026,500000.000000,125,OPTSTK,NFO,5.000000,5001,False
60155,BRITANNIA27OCT265000PE,BRITANNIA,27OCT2026,500000.000000,125,OPTSTK,NFO,5.000000,5001,False
60170,BRITANNIA27OCT265200PE,BRITANNIA,27OCT2026,520000.000000,125,OPTSTK,NFO,5.000000,5001,False
60173,BRITANNIA27OCT265300CE,BRITANNIA,27OCT2026,530000.000000,125,OPTSTK,NFO,5.000000,5001,False
60174,BRITANNIA27OCT265300PE,BRITANNIA,27OCT2026,530000.000000,125,OPTSTK,NFO,5.000000,5001,False
60175,BRITANNIA27OCT265400CE,BRITANNIA,27OCT2026,540000.000000,125,OPTSTK,NFO,5.000000,5001,False
60176,BRITANNIA27OCT265400PE,BRITANNIA,27OCT2026,540000.000000,125,OPTSTK,NFO,5.000000,5001,False
60215,BRITANNIA27OCT266100CE,BRITANNIA,27OCT2026,610000.000000,125,OPTSTK,NFO,5.000000,5001,False
60424,BSE27OCT263400CE,BSE,27OCT2026,340000.000000,200,OPTSTK,NFO,5.000000,6001,False
60425,BSE27OCT263400PE,BSE,27OCT2026,340000.000000,200,OPTSTK,NFO,5.000000,6001,False
60456,BSE27OCT264000PE,BSE,27OCT2026,400000.000000,200,OPTSTK,NFO,5.000000,6001,False
60563,CAMS29SEP26650CE,CAMS,29SEP2026,65000.000000,825,OPTSTK,NFO,5.000000,33001,False
60572,CAMS29SEP26710PE,CAMS,29SEP2026,71000.000000,825,OPTSTK,NFO,5.000000,33001,False
60630,CAMS29SEP26790CE,CAMS,29SEP2026,79000.000000,825,OPTSTK,NFO,5.000000,33001,False
60927,CAMS27OCT26780CE,CAMS,27OCT2026,78000.000000,825,OPTSTK,NFO,5.000000,33001,False
61031,CAMS27OCT26880PE,CAMS,27OCT2026,88000.000000,825,OPTSTK,NFO,5.000000,33001,False
61473,NIFTYNXT5023NOV26FUT,NIFTYNXT50,23NOV2026,-1.000000,25,FUTIDX,NFO,20.000000,601,False
61490,ASTRAL23NOV26FUT,ASTRAL,23NOV2026,-1.000000,425,FUTSTK,NFO,10.000000,17001,False
61555,DABUR23NOV26FUT,DABUR,23NOV2026,-1.000000,1250,FUTSTK,NFO,5.000000,50001,False
61562,DMART23NOV26FUT,DMART,23NOV2026,-1.000000,150,FUTSTK,NFO,10.000000,6001,False
61566,FEDERALBNK23NOV26FUT,FEDERALBNK,23NOV2026,-1.000000,2500,FUTSTK,NFO,5.000000,75001,False
61569,GAIL23NOV26FUT,GAIL,23NOV2026,-1.000000,3550,FUTSTK,NFO,1.000000,142001,False
61573,GODREJCP23NOV26FUT,GODREJCP,23NOV2026,-1.000000,500,FUTSTK,NFO,5.000000,25001,False
61579,HAVELLS23NOV26FUT,HAVELLS,23NOV2026,-1.000000,500,FUTSTK,NFO,10.000000,20001,False
61600,IEX23NOV26FUT,IEX,23NOV2026,-1.000000,4350,FUTSTK,NFO,1.000000,174001,False
61617,JIOFIN23NOV26FUT,JIOFIN,23NOV2026,-1.000000,2350,FUTSTK,NFO,1.000000,94001,False
61633,LT23NOV26FUT,LT,23NOV2026,-1.000000,175,FUTSTK,NFO,10.000000,7001,False
61635,LTM23NOV26FUT,LTM,23NOV2026,-1.000000,150,FUTSTK,NFO,10.000000,6001,False
61638,MAHABANK29SEP26FUT,MAHABANK,29SEP2026,-1.000000,6500,FUTSTK,NFO,1.000000,260001,False
61644,MARUTI23NOV26FUT,MARUTI,23NOV2026,-1.000000,50,FUTSTK,NFO,100.000000,2001,False
61650,MFSL23NOV26FUT,MFSL,23NOV2026,-1.000000,400,FUTSTK,NFO,10.000000,16001,False
61656,NATIONALUM23NOV26FUT,NATIONALUM,23NOV2026,-1.000000,1875,FUTSTK,NFO,5.000000,56251,False
61658,NBCC23NOV26FUT,NBCC,23NOV2026,-1.000000,6500,FUTSTK,NFO,1.000000,260001,False
61660,NIFTY24DEC2921000PE,NIFTY,24DEC2029,2100000.000000,65,OPTIDX,NFO,5.000000,1801,False
61664,NTPC23NOV26FUT,NTPC,23NOV2026,-1.000000,1500,FUTSTK,NFO,5.000000,75001,False
61666,OBEROIRLTY23NOV26FUT,OBEROIRLTY,23NOV2026,-1.000000,350,FUTSTK,NFO,10.000000,14001,False
61667,OFSS23NOV26FUT,OFSS,23NOV2026,-1.000000,100,FUTSTK,NFO,100.000000,2001,False
61669,ONGC23NOV26FUT,ONGC,23NOV2026,-1.000000,2250,FUTSTK,NFO,1.000000,90001,False
61689,POLYCAB23NOV26FUT,POLYCAB,23NOV2026,-1.000000,125,FUTSTK,NFO,50.000000,2501,False
61691,POWERINDIA23NOV26FUT,POWERINDIA,23NOV2026,-1.000000,25,FUTSTK,NFO,500.000000,751,False
61696,RECLTD23NOV26FUT,RECLTD,23NOV2026,-1.000000,1575,FUTSTK,NFO,5.000000,63001,False
61706,SBIN23NOV26FUT,SBIN,23NOV2026,-1.000000,750,FUTSTK,NFO,10.000000,22501,False
61712,SRF23NOV26FUT,SRF,23NOV2026,-1.000000,200,FUTSTK,NFO,10.000000,8001,False
61779,NIFTY24DEC2926000PE,NIFTY,24DEC2029,2600000.000000,65,OPTIDX,NFO,5.000000,1801,False
61824,CANBK29SEP26112.5PE,CANBK,29SEP2026,11250.000000,6750,OPTSTK,NFO,1.000000,202501,False
61847,CANBK29SEP26117.5CE,CANBK,29SEP2026,11750.000000,6750,OPTSTK,NFO,1.000000,202501,False
61967,BANKNIFTY23NOV2649000CE,BANKNIFTY,23NOV2026,4900000.000000,30,OPTIDX,NFO,5.000000,601,False
62008,CANBK29SEP26142.5CE,CANBK,29SEP2026,14250.000000,6750,OPTSTK,NFO,1.000000,202501,False
62050,BANKNIFTY23NOV2651300CE,BANKNIFTY,23NOV2026,5130000.000000,30,OPTIDX,NFO,5.000000,601,False
62061,BANKNIFTY23NOV2651500CE,BANKNIFTY,23NOV2026,5150000.000000,30,OPTIDX,NFO,5.000000,601,False
62064,BANKNIFTY23NOV2651500PE,BANKNIFTY,23NOV2026,5150000.000000,30,OPTIDX,NFO,5.000000,601,False
62067,BANKNIFTY23NOV2651600PE,BANKNIFTY,23NOV2026,5160000.000000,30,OPTIDX,NFO,5.000000,601,False
62103,BANKNIFTY23NOV2653200PE,BANKNIFTY,23NOV2026,5320000.000000,30,OPTIDX,NFO,5.000000,601,False
62115,BANKNIFTY23NOV2653700CE,BANKNIFTY,23NOV2026,5370000.000000,30,OPTIDX,NFO,5.000000,601,False
62133,BANKNIFTY23NOV2654000CE,BANKNIFTY,23NOV2026,5400000.000000,30,OPTIDX,NFO,5.000000,601,False
62144,BANKNIFTY23NOV2654400PE,BANKNIFTY,23NOV2026,5440000.000000,30,OPTIDX,NFO,5.000000,601,False
62153,BANKNIFTY23NOV2654900CE,BANKNIFTY,23NOV2026,5490000.000000,30,OPTIDX,NFO,5.000000,601,False
62156,BANKNIFTY23NOV2655000PE,BANKNIFTY,23NOV2026,5500000.000000,30,OPTIDX,NFO,5.000000,601,False
62163,BANKNIFTY23NOV2655400CE,BANKNIFTY,23NOV2026,5540000.000000,30,OPTIDX,NFO,5.000000,601,False
62165,BANKNIFTY23NOV2655500CE,BANKNIFTY,23NOV2026,5550000.000000,30,OPTIDX,NFO,5.000000,601,False
62211,BANKNIFTY23NOV2657200CE,BANKNIFTY,23NOV2026,5720000.000000,30,OPTIDX,NFO,5.000000,601,False
62249,BANKNIFTY23NOV2658100PE,BANKNIFTY,23NOV2026,5810000.000000,30,OPTIDX,NFO,5.000000,601,False
62263,BANKNIFTY23NOV2658400PE,BANKNIFTY,23NOV2026,5840000.000000,30,OPTIDX,NFO,5.000000,601,False
62265,BANKNIFTY23NOV2658500CE,BANKNIFTY,23NOV2026,5850000.000000,30,OPTIDX,NFO,5.000000,601,False
62270,BANKNIFTY23NOV2658700PE,BANKNIFTY,23NOV2026,5870000.000000,30,OPTIDX,NFO,5.000000,601,False
62281,BANKNIFTY23NOV2659200CE,BANKNIFTY,23NOV2026,5920000.000000,30,OPTIDX,NFO,5.000000,601,False
62290,BANKNIFTY23NOV2659400PE,BANKNIFTY,23NOV2026,5940000.000000,30,OPTIDX,NFO,5.000000,601,False
62296,BANKNIFTY23NOV2659700PE,BANKNIFTY,23NOV2026,5970000.000000,30,OPTIDX,NFO,5.000000,601,False
62297,BANKNIFTY23NOV2659800CE,BANKNIFTY,23NOV2026,5980000.000000,30,OPTIDX,NFO,5.000000,601,False
62313,BANKNIFTY23NOV2660500CE,BANKNIFTY,23NOV2026,6050000.000000,30,OPTIDX,NFO,5.000000,601,False
62338,BANKNIFTY23NOV2661100PE,BANKNIFTY,23NOV2026,6110000.000000,30,OPTIDX,NFO,5.000000,601,False
62349,CANBK27OCT26115PE,CANBK,27OCT2026,11500.000000,6750,OPTSTK,NFO,1.000000,202501,False
62359,CANBK27OCT26125CE,CANBK,27OCT2026,12500.000000,6750,OPTSTK,NFO,1.000000,202501,False
62363,CANBK27OCT26135CE,CANBK,27OCT2026,13500.000000,6750,OPTSTK,NFO,1.000000,202501,False
62368,CANBK27OCT26145CE,CANBK,27OCT2026,14500.000000,6750,OPTSTK,NFO,1.000000,202501,False
62403,CDSL29SEP261260PE,CDSL,29SEP2026,126000.000000,475,OPTSTK,NFO,5.000000,19001,False
62406,CDSL29SEP261340CE,CDSL,29SEP2026,134000.000000,475,OPTSTK,NFO,5.000000,19001,False
62442,BANKNIFTY23NOV2662000PE,BANKNIFTY,23NOV2026,6200000.000000,30,OPTIDX,NFO,5.000000,601,False
62484,BANKNIFTY23NOV2662300PE,BANKNIFTY,23NOV2026,6230000.000000,30,OPTIDX,NFO,5.000000,601,False
62587,CGPOWER29SEP26980CE,CGPOWER,29SEP2026,98000.000000,850,OPTSTK,NFO,5.000000,25501,False
62618,CGPOWER27OCT26800CE,CGPOWER,27OCT2026,80000.000000,850,OPTSTK,NFO,5.000000,25501,False
62622,CGPOWER27OCT26880CE,CGPOWER,27OCT2026,88000.000000,850,OPTSTK,NFO,5.000000,25501,False
62623,CGPOWER27OCT26880PE,CGPOWER,27OCT2026,88000.000000,850,OPTSTK,NFO,5.000000,25501,False
62631,CGPOWER27OCT261040PE,CGPOWER,27OCT2026,104000.000000,850,OPTSTK,NFO,5.000000,25501,False
62635,CGPOWER27OCT261080PE,CGPOWER,27OCT2026,108000.000000,850,OPTSTK,NFO,5.000000,25501,False
62708,BANKNIFTY23NOV2665500CE,BANKNIFTY,23NOV2026,6550000.000000,30,OPTIDX,NFO,5.000000,601,False
62713,CHOLAFIN29SEP261700PE,CHOLAFIN,29SEP2026,170000.000000,625,OPTSTK,NFO,5.000000,12501,False
62862,CHOLAFIN27OCT261760CE,CHOLAFIN,27OCT2026,176000.000000,625,OPTSTK,NFO,5.000000,12501,False
62865,CHOLAFIN27OCT261800PE,CHOLAFIN,27OCT2026,180000.000000,625,OPTSTK,NFO,5.000000,12501,False
62866,CHOLAFIN27OCT261840CE,CHOLAFIN,27OCT2026,184000.000000,625,OPTSTK,NFO,5.000000,12501,False
63022,FINNIFTY29SEP2623050PE,FINNIFTY,29SEP2026,2305000.000000,60,OPTIDX,NFO,5.000000,1801,False
63024,FINNIFTY29SEP2623150PE,FINNIFTY,29SEP2026,2315000.000000,60,OPTIDX,NFO,5.000000,1801,False
63035,FINNIFTY29SEP2623750CE,FINNIFTY,29SEP2026,2375000.000000,60,OPTIDX,NFO,5.000000,1801,False
63049,FINNIFTY29SEP2624450CE,FINNIFTY,29SEP2026,2445000.000000,60,OPTIDX,NFO,5.000000,1801,False
63055,FINNIFTY29SEP2624750CE,FINNIFTY,29SEP2026,2475000.000000,60,OPTIDX,NFO,5.000000,1801,False
63056,FINNIFTY29SEP2624750PE,FINNIFTY,29SEP2026,2475000.000000,60,OPTIDX,NFO,5.000000,1801,False
63063,FINNIFTY29SEP2625050CE,FINNIFTY,29SEP2026,2505000.000000,60,OPTIDX,NFO,5.000000,1801,False
63067,FINNIFTY29SEP2625250CE,FINNIFTY,29SEP2026,2525000.000000,60,OPTIDX,NFO,5.000000,1801,False
63213,CIPLA29SEP261390PE,CIPLA,29SEP2026,139000.000000,425,OPTSTK,NFO,5.000000,17001,False
63074,CHOLAFIN27OCT262120PE,CHOLAFIN,27OCT2026,212000.000000,625,OPTSTK,NFO,5.000000,12501,False
63092,FINNIFTY29SEP2625950PE,FINNIFTY,29SEP2026,2595000.000000,60,OPTIDX,NFO,5.000000,1801,False
63097,FINNIFTY29SEP2626250CE,FINNIFTY,29SEP2026,2625000.000000,60,OPTIDX,NFO,5.000000,1801,False
63228,CIPLA29SEP261450PE,CIPLA,29SEP2026,145000.000000,425,OPTSTK,NFO,5.000000,17001,False
63232,CIPLA29SEP261490CE,CIPLA,29SEP2026,149000.000000,425,OPTSTK,NFO,5.000000,17001,False
63233,CIPLA29SEP261490PE,CIPLA,29SEP2026,149000.000000,425,OPTSTK,NFO,5.000000,17001,False
63238,CIPLA29SEP261550CE,CIPLA,29SEP2026,155000.000000,425,OPTSTK,NFO,5.000000,17001,False
63352,FINNIFTY23NOV2622500PE,FINNIFTY,23NOV2026,2250000.000000,60,OPTIDX,NFO,5.000000,1801,False
63354,FINNIFTY23NOV2622600PE,FINNIFTY,23NOV2026,2260000.000000,60,OPTIDX,NFO,5.000000,1801,False
63355,FINNIFTY23NOV2622700CE,FINNIFTY,23NOV2026,2270000.000000,60,OPTIDX,NFO,5.000000,1801,False
63361,FINNIFTY23NOV2623000CE,FINNIFTY,23NOV2026,2300000.000000,60,OPTIDX,NFO,5.000000,1801,False
63365,FINNIFTY23NOV2623200CE,FINNIFTY,23NOV2026,2320000.000000,60,OPTIDX,NFO,5.000000,1801,False
63371,FINNIFTY23NOV2623500CE,FINNIFTY,23NOV2026,2350000.000000,60,OPTIDX,NFO,5.000000,1801,False
63372,FINNIFTY23NOV2623500PE,FINNIFTY,23NOV2026,2350000.000000,60,OPTIDX,NFO,5.000000,1801,False
63381,FINNIFTY23NOV2624000CE,FINNIFTY,23NOV2026,2400000.000000,60,OPTIDX,NFO,5.000000,1801,False
63384,FINNIFTY23NOV2624100PE,FINNIFTY,23NOV2026,2410000.000000,60,OPTIDX,NFO,5.000000,1801,False
63392,FINNIFTY23NOV2624500PE,FINNIFTY,23NOV2026,2450000.000000,60,OPTIDX,NFO,5.000000,1801,False
63393,FINNIFTY23NOV2624600CE,FINNIFTY,23NOV2026,2460000.000000,60,OPTIDX,NFO,5.000000,1801,False
63421,FINNIFTY23NOV2626000CE,FINNIFTY,23NOV2026,2600000.000000,60,OPTIDX,NFO,5.000000,1801,False
63431,FINNIFTY23NOV2626500CE,FINNIFTY,23NOV2026,2650000.000000,60,OPTIDX,NFO,5.000000,1801,False
63435,FINNIFTY23NOV2626700CE,FINNIFTY,23NOV2026,2670000.000000,60,OPTIDX,NFO,5.000000,1801,False
63439,FINNIFTY23NOV2626900CE,FINNIFTY,23NOV2026,2690000.000000,60,OPTIDX,NFO,5.000000,1801,False
63444,FINNIFTY23NOV2627000PE,FINNIFTY,23NOV2026,2700000.000000,60,OPTIDX,NFO,5.000000,1801,False
63445,FINNIFTY23NOV2627100CE,FINNIFTY,23NOV2026,2710000.000000,60,OPTIDX,NFO,5.000000,1801,False
63476,FINNIFTY23NOV2628500PE,FINNIFTY,23NOV2026,2850000.000000,60,OPTIDX,NFO,5.000000,1801,False
63485,FINNIFTY23NOV2629000CE,FINNIFTY,23NOV2026,2900000.000000,60,OPTIDX,NFO,5.000000,1801,False
63640,MIDCPNIFTY23NOV2613050PE,MIDCPNIFTY,23NOV2026,1305000.000000,120,OPTIDX,NFO,5.000000,2801,False
63645,MIDCPNIFTY23NOV2613125CE,MIDCPNIFTY,23NOV2026,1312500.000000,120,OPTIDX,NFO,5.000000,2801,False
63646,MIDCPNIFTY23NOV2613125PE,MIDCPNIFTY,23NOV2026,1312500.000000,120,OPTIDX,NFO,5.000000,2801,False
63651,MIDCPNIFTY23NOV2613200CE,MIDCPNIFTY,23NOV2026,1320000.000000,120,OPTIDX,NFO,5.000000,2801,False
63662,MIDCPNIFTY23NOV2613325PE,MIDCPNIFTY,23NOV2026,1332500.000000,120,OPTIDX,NFO,5.000000,2801,False
63680,MIDCPNIFTY23NOV2613550PE,MIDCPNIFTY,23NOV2026,1355000.000000,120,OPTIDX,NFO,5.000000,2801,False
63684,MIDCPNIFTY23NOV2613600PE,MIDCPNIFTY,23NOV2026,1360000.000000,120,OPTIDX,NFO,5.000000,2801,False
63686,MIDCPNIFTY23NOV2613625PE,MIDCPNIFTY,23NOV2026,1362500.000000,120,OPTIDX,NFO,5.000000,2801,False
63687,MIDCPNIFTY23NOV2613650CE,MIDCPNIFTY,23NOV2026,1365000.000000,120,OPTIDX,NFO,5.000000,2801,False
63690,MIDCPNIFTY23NOV2613675PE,MIDCPNIFTY,23NOV2026,1367500.000000,120,OPTIDX,NFO,5.000000,2801,False
63702,MIDCPNIFTY23NOV2613825PE,MIDCPNIFTY,23NOV2026,1382500.000000,120,OPTIDX,NFO,5.000000,2801,False
63720,MIDCPNIFTY23NOV2614000PE,MIDCPNIFTY,23NOV2026,1400000.000000,120,OPTIDX,NFO,5.000000,2801,False
63724,MIDCPNIFTY23NOV2614025PE,MIDCPNIFTY,23NOV2026,1402500.000000,120,OPTIDX,NFO,5.000000,2801,False
63739,MIDCPNIFTY23NOV2614200CE,MIDCPNIFTY,23NOV2026,1420000.000000,120,OPTIDX,NFO,5.000000,2801,False
63740,MIDCPNIFTY23NOV2614200PE,MIDCPNIFTY,23NOV2026,1420000.000000,120,OPTIDX,NFO,5.000000,2801,False
63769,MIDCPNIFTY23NOV2614475CE,MIDCPNIFTY,23NOV2026,1447500.000000,120,OPTIDX,NFO,5.000000,2801,False
63805,MIDCPNIFTY23NOV2614825CE,MIDCPNIFTY,23NOV2026,1482500.000000,120,OPTIDX,NFO,5.000000,2801,False
63815,MIDCPNIFTY23NOV2614950CE,MIDCPNIFTY,23NOV2026,1495000.000000,120,OPTIDX,NFO,5.000000,2801,False
63818,MIDCPNIFTY23NOV2614975PE,MIDCPNIFTY,23NOV2026,1497500.000000,120,OPTIDX,NFO,5.000000,2801,False
63820,MIDCPNIFTY23NOV2615000PE,MIDCPNIFTY,23NOV2026,1500000.000000,120,OPTIDX,NFO,5.000000,2801,False
63829,MIDCPNIFTY23NOV2615075CE,MIDCPNIFTY,23NOV2026,1507500.000000,120,OPTIDX,NFO,5.000000,2801,False
63853,MIDCPNIFTY23NOV2615375CE,MIDCPNIFTY,23NOV2026,1537500.000000,120,OPTIDX,NFO,5.000000,2801,False
63888,MIDCPNIFTY23NOV2615800PE,MIDCPNIFTY,23NOV2026,1580000.000000,120,OPTIDX,NFO,5.000000,2801,False
63946,MIDCPNIFTY23NOV2616500PE,MIDCPNIFTY,23NOV2026,1650000.000000,120,OPTIDX,NFO,5.000000,2801,False
64220,NIFTY23NOV2621700CE,NIFTY,23NOV2026,2170000.000000,65,OPTIDX,NFO,5.000000,1801,False
64243,NIFTY23NOV2622100PE,NIFTY,23NOV2026,2210000.000000,65,OPTIDX,NFO,5.000000,1801,False
64274,NIFTY23NOV2622400CE,NIFTY,23NOV2026,2240000.000000,65,OPTIDX,NFO,5.000000,1801,False
64278,NIFTY23NOV2622500CE,NIFTY,23NOV2026,2250000.000000,65,OPTIDX,NFO,5.000000,1801,False
64326,NIFTY23NOV2622900PE,NIFTY,23NOV2026,2290000.000000,65,OPTIDX,NFO,5.000000,1801,False
64346,NIFTY23NOV2623050PE,NIFTY,23NOV2026,2305000.000000,65,OPTIDX,NFO,5.000000,1801,False
64351,NIFTY23NOV2623200CE,NIFTY,23NOV2026,2320000.000000,65,OPTIDX,NFO,5.000000,1801,False
64353,NIFTY23NOV2623250CE,NIFTY,23NOV2026,2325000.000000,65,OPTIDX,NFO,5.000000,1801,False
64362,NIFTY23NOV2623400PE,NIFTY,23NOV2026,2340000.000000,65,OPTIDX,NFO,5.000000,1801,False
64378,NIFTY23NOV2623600PE,NIFTY,23NOV2026,2360000.000000,65,OPTIDX,NFO,5.000000,1801,False
64392,NIFTY23NOV2623900PE,NIFTY,23NOV2026,2390000.000000,65,OPTIDX,NFO,5.000000,1801,False
64420,NIFTY23NOV2624550PE,NIFTY,23NOV2026,2455000.000000,65,OPTIDX,NFO,5.000000,1801,False
64429,NIFTY23NOV2624800CE,NIFTY,23NOV2026,2480000.000000,65,OPTIDX,NFO,5.000000,1801,False
64432,NIFTY23NOV2624800PE,NIFTY,23NOV2026,2480000.000000,65,OPTIDX,NFO,5.000000,1801,False
64457,NIFTY23NOV2625300PE,NIFTY,23NOV2026,2530000.000000,65,OPTIDX,NFO,5.000000,1801,False
64482,NIFTY23NOV2625700PE,NIFTY,23NOV2026,2570000.000000,65,OPTIDX,NFO,5.000000,1801,False
64490,NIFTY23NOV2625800PE,NIFTY,23NOV2026,2580000.000000,65,OPTIDX,NFO,5.000000,1801,False
57015,BAJAJHLDNG27OCT2611400PE,BAJAJHLDNG,27OCT2026,1140000.000000,75,OPTSTK,NFO,5.000000,2251,False
64495,NIFTY23NOV2625950CE,NIFTY,23NOV2026,2595000.000000,65,OPTIDX,NFO,5.000000,1801,False
64733,NIFTYFPI23NOV261300CE,NIFTYFPI,23NOV2026,130000.000000,1100,OPTIDX,NFO,5.000000,8501,False
64766,NIFTYFPI23NOV261360PE,NIFTYFPI,23NOV2026,136000.000000,1100,OPTIDX,NFO,5.000000,8501,False
57029,BAJAJHLDNG27OCT2612200PE,BAJAJHLDNG,27OCT2026,1220000.000000,75,OPTSTK,NFO,5.000000,2251,False
57036,BAJAJHLDNG27OCT2612600CE,BAJAJHLDNG,27OCT2026,1260000.000000,75,OPTSTK,NFO,5.000000,2251,False
57039,BAJAJHLDNG27OCT2612800PE,BAJAJHLDNG,27OCT2026,1280000.000000,75,OPTSTK,NFO,5.000000,2251,False
57043,BAJAJHLDNG27OCT2613200PE,BAJAJHLDNG,27OCT2026,1320000.000000,75,OPTSTK,NFO,5.000000,2251,False
57101,BAJFINANCE29SEP261010CE,BAJFINANCE,29SEP2026,101000.000000,750,OPTSTK,NFO,5.000000,22501,False
57104,BAJFINANCE29SEP261030PE,BAJFINANCE,29SEP2026,103000.000000,750,OPTSTK,NFO,5.000000,22501,False
57125,NIFTY22SEP2623900CE,NIFTY,22SEP2026,2390000.000000,65,OPTIDX,NFO,5.000000,1801,False
57154,NIFTY22SEP2624000PE,NIFTY,22SEP2026,2400000.000000,65,OPTIDX,NFO,5.000000,1801,False
57177,BAJFINANCE27OCT26980CE,BAJFINANCE,27OCT2026,98000.000000,750,OPTSTK,NFO,5.000000,22501,False
57184,BAJFINANCE27OCT261040PE,BAJFINANCE,27OCT2026,104000.000000,750,OPTSTK,NFO,5.000000,22501,False
57186,BAJFINANCE27OCT261060PE,BAJFINANCE,27OCT2026,106000.000000,750,OPTSTK,NFO,5.000000,22501,False
57234,BANDHANBNK29SEP26145PE,BANDHANBNK,29SEP2026,14500.000000,3600,OPTSTK,NFO,1.000000,108001,False
57238,BANDHANBNK29SEP26165PE,BANDHANBNK,29SEP2026,16500.000000,3600,OPTSTK,NFO,1.000000,108001,False
57241,BANDHANBNK29SEP26185CE,BANDHANBNK,29SEP2026,18500.000000,3600,OPTSTK,NFO,1.000000,108001,False
57265,BANDHANBNK27OCT26130CE,BANDHANBNK,27OCT2026,13000.000000,3600,OPTSTK,NFO,1.000000,108001,False
57269,BANDHANBNK27OCT26150CE,BANDHANBNK,27OCT2026,15000.000000,3600,OPTSTK,NFO,1.000000,108001,False
57273,BANDHANBNK27OCT26170CE,BANDHANBNK,27OCT2026,17000.000000,3600,OPTSTK,NFO,1.000000,108001,False
57282,BANDHANBNK27OCT26210PE,BANDHANBNK,27OCT2026,21000.000000,3600,OPTSTK,NFO,1.000000,108001,False
57347,BANKBARODA27OCT26200CE,BANKBARODA,27OCT2026,20000.000000,2925,OPTSTK,NFO,1.000000,87751,False
57349,BANKBARODA27OCT26210CE,BANKBARODA,27OCT2026,21000.000000,2925,OPTSTK,NFO,1.000000,87751,False
57354,BANKBARODA27OCT26230PE,BANKBARODA,27OCT2026,23000.000000,2925,OPTSTK,NFO,1.000000,87751,False
57362,BANKBARODA27OCT26270PE,BANKBARODA,27OCT2026,27000.000000,2925,OPTSTK,NFO,1.000000,87751,False
57411,BANKINDIA29SEP26157.5CE,BANKINDIA,29SEP2026,15750.000000,5200,OPTSTK,NFO,1.000000,156001,False
57444,BANKINDIA27OCT26125CE,BANKINDIA,27OCT2026,12500.000000,5200,OPTSTK,NFO,1.000000,156001,False
57451,BANKINDIA27OCT26140CE,BANKINDIA,27OCT2026,14000.000000,5200,OPTSTK,NFO,1.000000,156001,False
57456,BANKINDIA27OCT26150PE,BANKINDIA,27OCT2026,15000.000000,5200,OPTSTK,NFO,1.000000,156001,False
57460,BANKINDIA27OCT26160PE,BANKINDIA,27OCT2026,16000.000000,5200,OPTSTK,NFO,1.000000,156001,False
57488,BDL29SEP261100PE,BDL,29SEP2026,110000.000000,425,OPTSTK,NFO,5.000000,17001,False
57489,BDL29SEP261140CE,BDL,29SEP2026,114000.000000,425,OPTSTK,NFO,5.000000,17001,False
57508,BDL29SEP261460PE,BDL,29SEP2026,146000.000000,425,OPTSTK,NFO,5.000000,17001,False
57538,BDL27OCT261120PE,BDL,27OCT2026,112000.000000,425,OPTSTK,NFO,5.000000,17001,False
57540,BDL27OCT261160PE,BDL,27OCT2026,116000.000000,425,OPTSTK,NFO,5.000000,17001,False
57541,BDL27OCT261200CE,BDL,27OCT2026,120000.000000,425,OPTSTK,NFO,5.000000,17001,False
57546,BDL27OCT261280PE,BDL,27OCT2026,128000.000000,425,OPTSTK,NFO,5.000000,17001,False
57557,BDL27OCT261520CE,BDL,27OCT2026,152000.000000,425,OPTSTK,NFO,5.000000,17001,False
57605,BEL29SEP26375CE,BEL,29SEP2026,37500.000000,1425,OPTSTK,NFO,5.000000,57001,False
57614,BEL29SEP26415PE,BEL,29SEP2026,41500.000000,1425,OPTSTK,NFO,5.000000,57001,False
57618,NIFTY22SEP2624500PE,NIFTY,22SEP2026,2450000.000000,65,OPTIDX,NFO,5.000000,1801,False
57621,BEL29SEP26445CE,BEL,29SEP2026,44500.000000,1425,OPTSTK,NFO,5.000000,57001,False
57625,BEL29SEP26455PE,BEL,29SEP2026,45500.000000,1425,OPTSTK,NFO,5.000000,57001,False
57667,BEL27OCT26360PE,BEL,27OCT2026,36000.000000,1425,OPTSTK,NFO,5.000000,57001,False
57685,BEL27OCT26410PE,BEL,27OCT2026,41000.000000,1425,OPTSTK,NFO,5.000000,57001,False
57689,BEL27OCT26430PE,BEL,27OCT2026,43000.000000,1425,OPTSTK,NFO,5.000000,57001,False
57696,BEL27OCT26470CE,BEL,27OCT2026,47000.000000,1425,OPTSTK,NFO,5.000000,57001,False
57735,NIFTY22SEP2624800PE,NIFTY,22SEP2026,2480000.000000,65,OPTIDX,NFO,5.000000,1801,False
57752,BHARATFORG29SEP262020CE,BHARATFORG,29SEP2026,202000.000000,500,OPTSTK,NFO,5.000000,10001,False
57753,BHARATFORG29SEP262020PE,BHARATFORG,29SEP2026,202000.000000,500,OPTSTK,NFO,5.000000,10001,False
57761,BHARATFORG29SEP262140PE,BHARATFORG,29SEP2026,214000.000000,500,OPTSTK,NFO,5.000000,10001,False
57767,BHARATFORG29SEP262260PE,BHARATFORG,29SEP2026,226000.000000,500,OPTSTK,NFO,5.000000,10001,False
57823,BHARATFORG27OCT261680PE,BHARATFORG,27OCT2026,168000.000000,500,OPTSTK,NFO,5.000000,10001,False
57828,NIFTY22SEP2625050CE,NIFTY,22SEP2026,2505000.000000,65,OPTIDX,NFO,5.000000,1801,False
57836,BHARATFORG27OCT261880CE,BHARATFORG,27OCT2026,188000.000000,500,OPTSTK,NFO,5.000000,10001,False
57841,BHARATFORG27OCT261960PE,BHARATFORG,27OCT2026,196000.000000,500,OPTSTK,NFO,5.000000,10001,False
57866,NIFTY22SEP2625200CE,NIFTY,22SEP2026,2520000.000000,65,OPTIDX,NFO,5.000000,1801,False
57869,BHARATFORG27OCT262360PE,BHARATFORG,27OCT2026,236000.000000,500,OPTSTK,NFO,5.000000,10001,False
57870,BHARATFORG27OCT262400CE,BHARATFORG,27OCT2026,240000.000000,500,OPTSTK,NFO,5.000000,10001,False
57871,BHARATFORG27OCT262400PE,BHARATFORG,27OCT2026,240000.000000,500,OPTSTK,NFO,5.000000,10001,False
57894,NIFTY22SEP2625350PE,NIFTY,22SEP2026,2535000.000000,65,OPTIDX,NFO,5.000000,1801,False
57919,NIFTY22SEP2625450PE,NIFTY,22SEP2026,2545000.000000,65,OPTIDX,NFO,5.000000,1801,False
57940,BHARTIARTL29SEP261740CE,BHARTIARTL,29SEP2026,174000.000000,475,OPTSTK,NFO,5.000000,14251,False
57951,NIFTY22SEP2625600CE,NIFTY,22SEP2026,2560000.000000,65,OPTIDX,NFO,5.000000,1801,False
57957,BHARTIARTL29SEP262020PE,BHARTIARTL,29SEP2026,202000.000000,475,OPTSTK,NFO,5.000000,14251,False
57962,NIFTY22SEP2625650PE,NIFTY,22SEP2026,2565000.000000,65,OPTIDX,NFO,5.000000,1801,False
58008,NIFTY22SEP2625750PE,NIFTY,22SEP2026,2575000.000000,65,OPTIDX,NFO,5.000000,1801,False
58082,BHARTIARTL27OCT262120PE,BHARTIARTL,27OCT2026,212000.000000,475,OPTSTK,NFO,5.000000,14251,False
58085,BHARTIARTL27OCT262200CE,BHARTIARTL,27OCT2026,220000.000000,475,OPTSTK,NFO,5.000000,14251,False
58093,BHARTIARTL27OCT262240CE,BHARTIARTL,27OCT2026,224000.000000,475,OPTSTK,NFO,5.000000,14251,False
58273,BHEL29SEP26495PE,BHEL,29SEP2026,49500.000000,2625,OPTSTK,NFO,5.000000,52501,False
58633,NIFTY29DEC2614000PE,NIFTY,29DEC2026,1400000.000000,65,OPTIDX,NFO,5.000000,1801,False
58641,NIFTY29DEC2618000PE,NIFTY,29DEC2026,1800000.000000,65,OPTIDX,NFO,5.000000,1801,False
58643,NIFTY29DEC2619000PE,NIFTY,29DEC2026,1900000.000000,65,OPTIDX,NFO,5.000000,1801,False
58645,NIFTY29DEC2620000PE,NIFTY,29DEC2026,2000000.000000,65,OPTIDX,NFO,5.000000,1801,False
58661,BIOCON29SEP26415CE,BIOCON,29SEP2026,41500.000000,2500,OPTSTK,NFO,5.000000,50001,False
58823,BIOCON27OCT26380CE,BIOCON,27OCT2026,38000.000000,2500,OPTSTK,NFO,5.000000,50001,False
58846,BIOCON27OCT26400PE,BIOCON,27OCT2026,40000.000000,2500,OPTSTK,NFO,5.000000,50001,False
58866,BIOCON27OCT26430PE,BIOCON,27OCT2026,43000.000000,2500,OPTSTK,NFO,5.000000,50001,False
58867,BIOCON27OCT26440CE,BIOCON,27OCT2026,44000.000000,2500,OPTSTK,NFO,5.000000,50001,False
58902,BIOCON27OCT26460PE,BIOCON,27OCT2026,46000.000000,2500,OPTSTK,NFO,5.000000,50001,False
58904,BIOCON27OCT26470PE,BIOCON,27OCT2026,47000.000000,2500,OPTSTK,NFO,5.000000,50001,False
59075,BLUESTARCO29SEP261300CE,BLUESTARCO,29SEP2026,130000.000000,325,OPTSTK,NFO,5.000000,13001,False
59100,BLUESTARCO29SEP261340PE,BLUESTARCO,29SEP2026,134000.000000,325,OPTSTK,NFO,5.000000,13001,False
59121,BLUESTARCO29SEP261500PE,BLUESTARCO,29SEP2026,150000.000000,325,OPTSTK,NFO,5.000000,13001,False
59143,BLUESTARCO29SEP261620PE,BLUESTARCO,29SEP2026,162000.000000,325,OPTSTK,NFO,5.000000,13001,False
59284,BLUESTARCO27OCT261400CE,BLUESTARCO,27OCT2026,140000.000000,325,OPTSTK,NFO,5.000000,13001,False
59293,BLUESTARCO27OCT261440CE,BLUESTARCO,27OCT2026,144000.000000,325,OPTSTK,NFO,5.000000,13001,False
59306,BLUESTARCO27OCT261480PE,BLUESTARCO,27OCT2026,148000.000000,325,OPTSTK,NFO,5.000000,13001,False
59353,BLUESTARCO27OCT261680PE,BLUESTARCO,27OCT2026,168000.000000,325,OPTSTK,NFO,5.000000,13001,False
59428,BLUESTARCO27OCT262000CE,BLUESTARCO,27OCT2026,200000.000000,325,OPTSTK,NFO,5.000000,13001,False
59657,BOSCHLTD27OCT2647000CE,BOSCHLTD,27OCT2026,4700000.000000,25,OPTSTK,NFO,5.000000,501,False
59668,BOSCHLTD27OCT2652000PE,BOSCHLTD,27OCT2026,5200000.000000,25,OPTSTK,NFO,5.000000,501,False
59695,BPCL29SEP26285CE,BPCL,29SEP2026,28500.000000,1975,OPTSTK,NFO,5.000000,79001,False
59710,BPCL29SEP26325PE,BPCL,29SEP2026,32500.000000,1975,OPTSTK,NFO,5.000000,79001,False
59755,BPCL27OCT26290CE,BPCL,27OCT2026,29000.000000,1975,OPTSTK,NFO,5.000000,79001,False
59759,BPCL27OCT26310CE,BPCL,27OCT2026,31000.000000,1975,OPTSTK,NFO,5.000000,79001,False
59762,BPCL27OCT26320PE,BPCL,27OCT2026,32000.000000,1975,OPTSTK,NFO,5.000000,79001,False
59770,BPCL27OCT26360PE,BPCL,27OCT2026,36000.000000,1975,OPTSTK,NFO,5.000000,79001,False
59808,BRITANNIA29SEP264550CE,BRITANNIA,29SEP2026,455000.000000,125,OPTSTK,NFO,5.000000,5001,False
59862,BRITANNIA29SEP265050CE,BRITANNIA,29SEP2026,505000.000000,125,OPTSTK,NFO,5.000000,5001,False
59812,BRITANNIA29SEP264650CE,BRITANNIA,29SEP2026,465000.000000,125,OPTSTK,NFO,5.000000,5001,False
59859,BRITANNIA29SEP264850PE,BRITANNIA,29SEP2026,485000.000000,125,OPTSTK,NFO,5.000000,5001,False
59914,BRITANNIA29SEP265950PE,BRITANNIA,29SEP2026,595000.000000,125,OPTSTK,NFO,5.000000,5001,False
60096,BRITANNIA27OCT264300CE,BRITANNIA,27OCT2026,430000.000000,125,OPTSTK,NFO,5.000000,5001,False
60102,BRITANNIA27OCT264400CE,BRITANNIA,27OCT2026,440000.000000,125,OPTSTK,NFO,5.000000,5001,False
60103,BRITANNIA27OCT264400PE,BRITANNIA,27OCT2026,440000.000000,125,OPTSTK,NFO,5.000000,5001,False
60146,BRITANNIA27OCT264800CE,BRITANNIA,27OCT2026,480000.000000,125,OPTSTK,NFO,5.000000,5001,False
60148,BRITANNIA27OCT264900CE,BRITANNIA,27OCT2026,490000.000000,125,OPTSTK,NFO,5.000000,5001,False
60149,BRITANNIA27OCT264900PE,BRITANNIA,27OCT2026,490000.000000,125,OPTSTK,NFO,5.000000,5001,False
60168,BRITANNIA27OCT265200CE,BRITANNIA,27OCT2026,520000.000000,125,OPTSTK,NFO,5.000000,5001,False
60198,BRITANNIA27OCT265900PE,BRITANNIA,27OCT2026,590000.000000,125,OPTSTK,NFO,5.000000,5001,False
60200,BRITANNIA27OCT266000PE,BRITANNIA,27OCT2026,600000.000000,125,OPTSTK,NFO,5.000000,5001,False
60407,BSE27OCT263000CE,BSE,27OCT2026,300000.000000,200,OPTSTK,NFO,5.000000,6001,False
60569,CAMS29SEP26690CE,CAMS,29SEP2026,69000.000000,825,OPTSTK,NFO,5.000000,33001,False
60663,CAMS29SEP26850PE,CAMS,29SEP2026,85000.000000,825,OPTSTK,NFO,5.000000,33001,False
60849,CAMS27OCT26640PE,CAMS,27OCT2026,64000.000000,825,OPTSTK,NFO,5.000000,33001,False
60852,CAMS27OCT26680CE,CAMS,27OCT2026,68000.000000,825,OPTSTK,NFO,5.000000,33001,False
60853,CAMS27OCT26680PE,CAMS,27OCT2026,68000.000000,825,OPTSTK,NFO,5.000000,33001,False
60882,CAMS27OCT26720CE,CAMS,27OCT2026,72000.000000,825,OPTSTK,NFO,5.000000,33001,False
60898,NIFTY25JUN3021000CE,NIFTY,25JUN2030,2100000.000000,65,OPTIDX,NFO,5.000000,1801,False
60906,CAMS27OCT26740CE,CAMS,27OCT2026,74000.000000,825,OPTSTK,NFO,5.000000,33001,False
60936,NIFTY25JUN3030000CE,NIFTY,25JUN2030,3000000.000000,65,OPTIDX,NFO,5.000000,1801,False
61475,ABB23NOV26FUT,ABB,23NOV2026,-1.000000,125,FUTSTK,NFO,50.000000,3751,False
61481,ADANIPOWER23NOV26FUT,ADANIPOWER,23NOV2026,-1.000000,3550,FUTSTK,NFO,1.000000,106501,False
61483,AMBER23NOV26FUT,AMBER,23NOV2026,-1.000000,100,FUTSTK,NFO,50.000000,3001,False
61504,AXISBANK23NOV26FUT,AXISBANK,23NOV2026,-1.000000,625,FUTSTK,NFO,10.000000,18751,False
61523,BPCL23NOV26FUT,BPCL,23NOV2026,-1.000000,1975,FUTSTK,NFO,5.000000,79001,False
61541,COCHINSHIP23NOV26FUT,COCHINSHIP,23NOV2026,-1.000000,400,FUTSTK,NFO,10.000000,16001,False
61565,ETERNAL23NOV26FUT,ETERNAL,23NOV2026,-1.000000,2425,FUTSTK,NFO,5.000000,72751,False
61581,HDFCAMC23NOV26FUT,HDFCAMC,23NOV2026,-1.000000,300,FUTSTK,NFO,10.000000,9001,False
61595,ICICIBANK23NOV26FUT,ICICIBANK,23NOV2026,-1.000000,700,FUTSTK,NFO,10.000000,21001,False
61602,INDIANB23NOV26FUT,INDIANB,23NOV2026,-1.000000,1000,FUTSTK,NFO,5.000000,30001,False
61606,INDUSINDBK23NOV26FUT,INDUSINDBK,23NOV2026,-1.000000,700,FUTSTK,NFO,10.000000,28001,False
61615,ITC23NOV26FUT,ITC,23NOV2026,-1.000000,1725,FUTSTK,NFO,5.000000,86251,False
61619,JSWSTEEL23NOV26FUT,JSWSTEEL,23NOV2026,-1.000000,675,FUTSTK,NFO,10.000000,20251,False
61676,PETRONET23NOV26FUT,PETRONET,23NOV2026,-1.000000,1900,FUTSTK,NFO,5.000000,76001,False
61690,POWERGRID23NOV26FUT,POWERGRID,23NOV2026,-1.000000,1900,FUTSTK,NFO,5.000000,76001,False
61698,RVNL23NOV26FUT,RVNL,23NOV2026,-1.000000,1925,FUTSTK,NFO,1.000000,96251,False
61705,SBILIFE23NOV26FUT,SBILIFE,23NOV2026,-1.000000,375,FUTSTK,NFO,10.000000,15001,False
61714,SUPREMEIND23NOV26FUT,SUPREMEIND,23NOV2026,-1.000000,175,FUTSTK,NFO,10.000000,7001,False
61725,TECHM23NOV26FUT,TECHM,23NOV2026,-1.000000,600,FUTSTK,NFO,10.000000,18001,False
61731,TORNTPHARM23NOV26FUT,TORNTPHARM,23NOV2026,-1.000000,125,FUTSTK,NFO,50.000000,5001,False
61737,UNIONBANK23NOV26FUT,UNIONBANK,23NOV2026,-1.000000,4425,FUTSTK,NFO,1.000000,132751,False
61742,VEDL23NOV26FUT,VEDL,23NOV2026,-1.000000,1150,FUTSTK,NFO,5.000000,80501,False
61882,CANBK29SEP26127.5PE,CANBK,29SEP2026,12750.000000,6750,OPTSTK,NFO,1.000000,202501,False
61991,BANKNIFTY23NOV2649500CE,BANKNIFTY,23NOV2026,4950000.000000,30,OPTIDX,NFO,5.000000,601,False
62006,NIFTY24DEC2933000CE,NIFTY,24DEC2029,3300000.000000,65,OPTIDX,NFO,5.000000,1801,False
62007,NIFTY24DEC2933000PE,NIFTY,24DEC2029,3300000.000000,65,OPTIDX,NFO,5.000000,1801,False
62074,BANKNIFTY23NOV2651800PE,BANKNIFTY,23NOV2026,5180000.000000,30,OPTIDX,NFO,5.000000,601,False
62078,BANKNIFTY23NOV2652000PE,BANKNIFTY,23NOV2026,5200000.000000,30,OPTIDX,NFO,5.000000,601,False
62084,BANKNIFTY23NOV2652300PE,BANKNIFTY,23NOV2026,5230000.000000,30,OPTIDX,NFO,5.000000,601,False
62097,BANKNIFTY23NOV2653000CE,BANKNIFTY,23NOV2026,5300000.000000,30,OPTIDX,NFO,5.000000,601,False
62143,BANKNIFTY23NOV2654400CE,BANKNIFTY,23NOV2026,5440000.000000,30,OPTIDX,NFO,5.000000,601,False
62146,BANKNIFTY23NOV2654500PE,BANKNIFTY,23NOV2026,5450000.000000,30,OPTIDX,NFO,5.000000,601,False
62149,BANKNIFTY23NOV2654700CE,BANKNIFTY,23NOV2026,5470000.000000,30,OPTIDX,NFO,5.000000,601,False
62175,BANKNIFTY23NOV2655700PE,BANKNIFTY,23NOV2026,5570000.000000,30,OPTIDX,NFO,5.000000,601,False
62183,BANKNIFTY23NOV2656000CE,BANKNIFTY,23NOV2026,5600000.000000,30,OPTIDX,NFO,5.000000,601,False
62201,BANKNIFTY23NOV2656700CE,BANKNIFTY,23NOV2026,5670000.000000,30,OPTIDX,NFO,5.000000,601,False
62212,BANKNIFTY23NOV2657200PE,BANKNIFTY,23NOV2026,5720000.000000,30,OPTIDX,NFO,5.000000,601,False
62218,BANKNIFTY23NOV2657500PE,BANKNIFTY,23NOV2026,5750000.000000,30,OPTIDX,NFO,5.000000,601,False
62223,BANKNIFTY23NOV2657600PE,BANKNIFTY,23NOV2026,5760000.000000,30,OPTIDX,NFO,5.000000,601,False
62232,BANKNIFTY23NOV2657800PE,BANKNIFTY,23NOV2026,5780000.000000,30,OPTIDX,NFO,5.000000,601,False
62254,BANKNIFTY23NOV2658400CE,BANKNIFTY,23NOV2026,5840000.000000,30,OPTIDX,NFO,5.000000,601,False
62272,BANKNIFTY23NOV2658800PE,BANKNIFTY,23NOV2026,5880000.000000,30,OPTIDX,NFO,5.000000,601,False
62286,BANKNIFTY23NOV2659300PE,BANKNIFTY,23NOV2026,5930000.000000,30,OPTIDX,NFO,5.000000,601,False
62292,BANKNIFTY23NOV2659500PE,BANKNIFTY,23NOV2026,5950000.000000,30,OPTIDX,NFO,5.000000,601,False
62333,CANBK27OCT26100PE,CANBK,27OCT2026,10000.000000,6750,OPTSTK,NFO,1.000000,202501,False
62342,CANBK27OCT26105CE,CANBK,27OCT2026,10500.000000,6750,OPTSTK,NFO,1.000000,202501,False
62366,CANBK27OCT26140CE,CANBK,27OCT2026,14000.000000,6750,OPTSTK,NFO,1.000000,202501,False
62371,CANBK27OCT26150PE,CANBK,27OCT2026,15000.000000,6750,OPTSTK,NFO,1.000000,202501,False
62402,CDSL29SEP261260CE,CDSL,29SEP2026,126000.000000,475,OPTSTK,NFO,5.000000,19001,False
62405,CDSL29SEP261300PE,CDSL,29SEP2026,130000.000000,475,OPTSTK,NFO,5.000000,19001,False
62407,CDSL29SEP261340PE,CDSL,29SEP2026,134000.000000,475,OPTSTK,NFO,5.000000,19001,False
62409,CDSL29SEP261380PE,CDSL,29SEP2026,138000.000000,475,OPTSTK,NFO,5.000000,19001,False
62418,CDSL29SEP261540CE,CDSL,29SEP2026,154000.000000,475,OPTSTK,NFO,5.000000,19001,False
62441,BANKNIFTY23NOV2662000CE,BANKNIFTY,23NOV2026,6200000.000000,30,OPTIDX,NFO,5.000000,601,False
62490,BANKNIFTY23NOV2662600PE,BANKNIFTY,23NOV2026,6260000.000000,30,OPTIDX,NFO,5.000000,601,False
62517,BANKNIFTY23NOV2662900CE,BANKNIFTY,23NOV2026,6290000.000000,30,OPTIDX,NFO,5.000000,601,False
62518,BANKNIFTY23NOV2662900PE,BANKNIFTY,23NOV2026,6290000.000000,30,OPTIDX,NFO,5.000000,601,False
62520,CDSL27OCT261520PE,CDSL,27OCT2026,152000.000000,475,OPTSTK,NFO,5.000000,19001,False
62527,CDSL27OCT261600CE,CDSL,27OCT2026,160000.000000,475,OPTSTK,NFO,5.000000,19001,False
62551,BANKNIFTY23NOV2663500CE,BANKNIFTY,23NOV2026,6350000.000000,30,OPTIDX,NFO,5.000000,601,False
62620,CGPOWER27OCT26840CE,CGPOWER,27OCT2026,84000.000000,850,OPTSTK,NFO,5.000000,25501,False
62717,CHOLAFIN29SEP261780PE,CHOLAFIN,29SEP2026,178000.000000,625,OPTSTK,NFO,5.000000,12501,False
62731,CHOLAFIN29SEP261860CE,CHOLAFIN,29SEP2026,186000.000000,625,OPTSTK,NFO,5.000000,12501,False
62763,CHOLAFIN29SEP262020CE,CHOLAFIN,29SEP2026,202000.000000,625,OPTSTK,NFO,5.000000,12501,False
62854,CHOLAFIN27OCT261640CE,CHOLAFIN,27OCT2026,164000.000000,625,OPTSTK,NFO,5.000000,12501,False
62864,CHOLAFIN27OCT261800CE,CHOLAFIN,27OCT2026,180000.000000,625,OPTSTK,NFO,5.000000,12501,False
62875,CHOLAFIN27OCT261960CE,CHOLAFIN,27OCT2026,196000.000000,625,OPTSTK,NFO,5.000000,12501,False
63014,FINNIFTY29SEP2622650PE,FINNIFTY,29SEP2026,2265000.000000,60,OPTIDX,NFO,5.000000,1801,False
63015,FINNIFTY29SEP2622750CE,FINNIFTY,29SEP2026,2275000.000000,60,OPTIDX,NFO,5.000000,1801,False
63021,FINNIFTY29SEP2623050CE,FINNIFTY,29SEP2026,2305000.000000,60,OPTIDX,NFO,5.000000,1801,False
63030,FINNIFTY29SEP2623450PE,FINNIFTY,29SEP2026,2345000.000000,60,OPTIDX,NFO,5.000000,1801,False
63038,FINNIFTY29SEP2623850PE,FINNIFTY,29SEP2026,2385000.000000,60,OPTIDX,NFO,5.000000,1801,False
63054,FINNIFTY29SEP2624650PE,FINNIFTY,29SEP2026,2465000.000000,60,OPTIDX,NFO,5.000000,1801,False
63083,FINNIFTY29SEP2625550CE,FINNIFTY,29SEP2026,2555000.000000,60,OPTIDX,NFO,5.000000,1801,False
63095,FINNIFTY29SEP2626150CE,FINNIFTY,29SEP2026,2615000.000000,60,OPTIDX,NFO,5.000000,1801,False
63096,FINNIFTY29SEP2626150PE,FINNIFTY,29SEP2026,2615000.000000,60,OPTIDX,NFO,5.000000,1801,False
63111,FINNIFTY29SEP2626550CE,FINNIFTY,29SEP2026,2655000.000000,60,OPTIDX,NFO,5.000000,1801,False
63119,FINNIFTY29SEP2626650PE,FINNIFTY,29SEP2026,2665000.000000,60,OPTIDX,NFO,5.000000,1801,False
63128,FINNIFTY29SEP2626950PE,FINNIFTY,29SEP2026,2695000.000000,60,OPTIDX,NFO,5.000000,1801,False
63141,FINNIFTY29SEP2627450CE,FINNIFTY,29SEP2026,2745000.000000,60,OPTIDX,NFO,5.000000,1801,False
63194,CIPLA29SEP261290CE,CIPLA,29SEP2026,129000.000000,425,OPTSTK,NFO,5.000000,17001,False
63356,FINNIFTY23NOV2622700PE,FINNIFTY,23NOV2026,2270000.000000,60,OPTIDX,NFO,5.000000,1801,False
63362,FINNIFTY23NOV2623000PE,FINNIFTY,23NOV2026,2300000.000000,60,OPTIDX,NFO,5.000000,1801,False
63363,FINNIFTY23NOV2623100CE,FINNIFTY,23NOV2026,2310000.000000,60,OPTIDX,NFO,5.000000,1801,False
63367,FINNIFTY23NOV2623300CE,FINNIFTY,23NOV2026,2330000.000000,60,OPTIDX,NFO,5.000000,1801,False
63370,FINNIFTY23NOV2623400PE,FINNIFTY,23NOV2026,2340000.000000,60,OPTIDX,NFO,5.000000,1801,False
63373,FINNIFTY23NOV2623600CE,FINNIFTY,23NOV2026,2360000.000000,60,OPTIDX,NFO,5.000000,1801,False
63380,FINNIFTY23NOV2623900PE,FINNIFTY,23NOV2026,2390000.000000,60,OPTIDX,NFO,5.000000,1801,False
63388,FINNIFTY23NOV2624300PE,FINNIFTY,23NOV2026,2430000.000000,60,OPTIDX,NFO,5.000000,1801,False
63412,FINNIFTY23NOV2625500PE,FINNIFTY,23NOV2026,2550000.000000,60,OPTIDX,NFO,5.000000,1801,False
63423,FINNIFTY23NOV2626100CE,FINNIFTY,23NOV2026,2610000.000000,60,OPTIDX,NFO,5.000000,1801,False
63460,FINNIFTY23NOV2627700PE,FINNIFTY,23NOV2026,2770000.000000,60,OPTIDX,NFO,5.000000,1801,False
63635,MIDCPNIFTY23NOV2613000CE,MIDCPNIFTY,23NOV2026,1300000.000000,120,OPTIDX,NFO,5.000000,2801,False
63639,MIDCPNIFTY23NOV2613050CE,MIDCPNIFTY,23NOV2026,1305000.000000,120,OPTIDX,NFO,5.000000,2801,False
63647,MIDCPNIFTY23NOV2613150CE,MIDCPNIFTY,23NOV2026,1315000.000000,120,OPTIDX,NFO,5.000000,2801,False
63648,MIDCPNIFTY23NOV2613150PE,MIDCPNIFTY,23NOV2026,1315000.000000,120,OPTIDX,NFO,5.000000,2801,False
63660,MIDCPNIFTY23NOV2613300PE,MIDCPNIFTY,23NOV2026,1330000.000000,120,OPTIDX,NFO,5.000000,2801,False
63663,MIDCPNIFTY23NOV2613350CE,MIDCPNIFTY,23NOV2026,1335000.000000,120,OPTIDX,NFO,5.000000,2801,False
63697,MIDCPNIFTY23NOV2613775CE,MIDCPNIFTY,23NOV2026,1377500.000000,120,OPTIDX,NFO,5.000000,2801,False
63703,MIDCPNIFTY23NOV2613850CE,MIDCPNIFTY,23NOV2026,1385000.000000,120,OPTIDX,NFO,5.000000,2801,False
63707,MIDCPNIFTY23NOV2613900CE,MIDCPNIFTY,23NOV2026,1390000.000000,120,OPTIDX,NFO,5.000000,2801,False
63735,MIDCPNIFTY23NOV2614150CE,MIDCPNIFTY,23NOV2026,1415000.000000,120,OPTIDX,NFO,5.000000,2801,False
63736,MIDCPNIFTY23NOV2614150PE,MIDCPNIFTY,23NOV2026,1415000.000000,120,OPTIDX,NFO,5.000000,2801,False
63741,MIDCPNIFTY23NOV2614225CE,MIDCPNIFTY,23NOV2026,1422500.000000,120,OPTIDX,NFO,5.000000,2801,False
63751,MIDCPNIFTY23NOV2614300CE,MIDCPNIFTY,23NOV2026,1430000.000000,120,OPTIDX,NFO,5.000000,2801,False
63761,MIDCPNIFTY23NOV2614400CE,MIDCPNIFTY,23NOV2026,1440000.000000,120,OPTIDX,NFO,5.000000,2801,False
63764,MIDCPNIFTY23NOV2614400PE,MIDCPNIFTY,23NOV2026,1440000.000000,120,OPTIDX,NFO,5.000000,2801,False
63770,MIDCPNIFTY23NOV2614475PE,MIDCPNIFTY,23NOV2026,1447500.000000,120,OPTIDX,NFO,5.000000,2801,False
63771,MIDCPNIFTY23NOV2614500CE,MIDCPNIFTY,23NOV2026,1450000.000000,120,OPTIDX,NFO,5.000000,2801,False
63804,MIDCPNIFTY23NOV2614800PE,MIDCPNIFTY,23NOV2026,1480000.000000,120,OPTIDX,NFO,5.000000,2801,False
63841,MIDCPNIFTY23NOV2615225CE,MIDCPNIFTY,23NOV2026,1522500.000000,120,OPTIDX,NFO,5.000000,2801,False
63852,MIDCPNIFTY23NOV2615350PE,MIDCPNIFTY,23NOV2026,1535000.000000,120,OPTIDX,NFO,5.000000,2801,False
63867,MIDCPNIFTY23NOV2615550CE,MIDCPNIFTY,23NOV2026,1555000.000000,120,OPTIDX,NFO,5.000000,2801,False
63878,MIDCPNIFTY23NOV2615675PE,MIDCPNIFTY,23NOV2026,1567500.000000,120,OPTIDX,NFO,5.000000,2801,False
63880,MIDCPNIFTY23NOV2615700PE,MIDCPNIFTY,23NOV2026,1570000.000000,120,OPTIDX,NFO,5.000000,2801,False
63884,MIDCPNIFTY23NOV2615750PE,MIDCPNIFTY,23NOV2026,1575000.000000,120,OPTIDX,NFO,5.000000,2801,False
63886,MIDCPNIFTY23NOV2615775PE,MIDCPNIFTY,23NOV2026,1577500.000000,120,OPTIDX,NFO,5.000000,2801,False
63904,MIDCPNIFTY23NOV2616000PE,MIDCPNIFTY,23NOV2026,1600000.000000,120,OPTIDX,NFO,5.000000,2801,False
63929,MIDCPNIFTY23NOV2616300CE,MIDCPNIFTY,23NOV2026,1630000.000000,120,OPTIDX,NFO,5.000000,2801,False
63937,MIDCPNIFTY23NOV2616400CE,MIDCPNIFTY,23NOV2026,1640000.000000,120,OPTIDX,NFO,5.000000,2801,False
64226,NIFTY23NOV2621750PE,NIFTY,23NOV2026,2175000.000000,65,OPTIDX,NFO,5.000000,1801,False
64242,NIFTY23NOV2622100CE,NIFTY,23NOV2026,2210000.000000,65,OPTIDX,NFO,5.000000,1801,False
64293,NIFTY23NOV2622700PE,NIFTY,23NOV2026,2270000.000000,65,OPTIDX,NFO,5.000000,1801,False
64306,NIFTY23NOV2622850CE,NIFTY,23NOV2026,2285000.000000,65,OPTIDX,NFO,5.000000,1801,False
64349,NIFTY23NOV2623150CE,NIFTY,23NOV2026,2315000.000000,65,OPTIDX,NFO,5.000000,1801,False
64363,NIFTY23NOV2623450CE,NIFTY,23NOV2026,2345000.000000,65,OPTIDX,NFO,5.000000,1801,False
64388,NIFTY23NOV2623800PE,NIFTY,23NOV2026,2380000.000000,65,OPTIDX,NFO,5.000000,1801,False
64399,NIFTY23NOV2624050CE,NIFTY,23NOV2026,2405000.000000,65,OPTIDX,NFO,5.000000,1801,False
64405,NIFTY23NOV2624200CE,NIFTY,23NOV2026,2420000.000000,65,OPTIDX,NFO,5.000000,1801,False
64418,NIFTY23NOV2624500PE,NIFTY,23NOV2026,2450000.000000,65,OPTIDX,NFO,5.000000,1801,False
64419,NIFTY23NOV2624550CE,NIFTY,23NOV2026,2455000.000000,65,OPTIDX,NFO,5.000000,1801,False
64829,NIFTYFPI23NOV261480CE,NIFTYFPI,23NOV2026,148000.000000,1100,OPTIDX,NFO,5.000000,8501,False
64422,NIFTY23NOV2624600PE,NIFTY,23NOV2026,2460000.000000,65,OPTIDX,NFO,5.000000,1801,False
64806,NIFTYFPI23NOV261430PE,NIFTYFPI,23NOV2026,143000.000000,1100,OPTIDX,NFO,5.000000,8501,False
64821,NIFTYFPI23NOV261465CE,NIFTYFPI,23NOV2026,146500.000000,1100,OPTIDX,NFO,5.000000,8501,False
64839,NIFTYFPI23NOV261505CE,NIFTYFPI,23NOV2026,150500.000000,1100,OPTIDX,NFO,5.000000,8501,False
64842,NIFTYFPI23NOV261510PE,NIFTYFPI,23NOV2026,151000.000000,1100,OPTIDX,NFO,5.000000,8501,False
64855,NIFTYFPI23NOV261545CE,NIFTYFPI,23NOV2026,154500.000000,1100,OPTIDX,NFO,5.000000,8501,False
64861,NIFTYFPI23NOV261550PE,NIFTYFPI,23NOV2026,155000.000000,1100,OPTIDX,NFO,5.000000,8501,False
64865,NIFTYFPI23NOV261560PE,NIFTYFPI,23NOV2026,156000.000000,1100,OPTIDX,NFO,5.000000,8501,False
64866,NIFTYFPI23NOV261565CE,NIFTYFPI,23NOV2026,156500.000000,1100,OPTIDX,NFO,5.000000,8501,False
64867,NIFTYFPI23NOV261565PE,NIFTYFPI,23NOV2026,156500.000000,1100,OPTIDX,NFO,5.000000,8501,False
64875,NIFTYFPI23NOV261585PE,NIFTYFPI,23NOV2026,158500.000000,1100,OPTIDX,NFO,5.000000,8501,False
64886,NIFTYFPI23NOV261605CE,NIFTYFPI,23NOV2026,160500.000000,1100,OPTIDX,NFO,5.000000,8501,False
64888,NIFTYFPI23NOV261610CE,NIFTYFPI,23NOV2026,161000.000000,1100,OPTIDX,NFO,5.000000,8501,False
64896,NIFTYFPI23NOV261620CE,NIFTYFPI,23NOV2026,162000.000000,1100,OPTIDX,NFO,5.000000,8501,False
64900,NIFTYFPI23NOV261630CE,NIFTYFPI,23NOV2026,163000.000000,1100,OPTIDX,NFO,5.000000,8501,False
64909,NIFTYFPI23NOV261645PE,NIFTYFPI,23NOV2026,164500.000000,1100,OPTIDX,NFO,5.000000,8501,False
64943,NIFTYFPI23NOV261700PE,NIFTYFPI,23NOV2026,170000.000000,1100,OPTIDX,NFO,5.000000,8501,False
64951,NIFTYFPI23NOV261720PE,NIFTYFPI,23NOV2026,172000.000000,1100,OPTIDX,NFO,5.000000,8501,False
65181,CIPLA27OCT261200PE,CIPLA,27OCT2026,120000.000000,425,OPTSTK,NFO,5.000000,17001,False
65232,NIFTYNXT5023NOV2662500CE,NIFTYNXT50,23NOV2026,6250000.000000,25,OPTIDX,NFO,5.000000,601,False
65247,NIFTYNXT5023NOV2663000PE,NIFTYNXT50,23NOV2026,6300000.000000,25,OPTIDX,NFO,5.000000,601,False
65270,CIPLA27OCT261400CE,CIPLA,27OCT2026,140000.000000,425,OPTSTK,NFO,5.000000,17001,False
65276,CIPLA27OCT261440CE,CIPLA,27OCT2026,144000.000000,425,OPTSTK,NFO,5.000000,17001,False
65296,CIPLA27OCT261600CE,CIPLA,27OCT2026,160000.000000,425,OPTSTK,NFO,5.000000,17001,False
65299,CIPLA27OCT261620PE,CIPLA,27OCT2026,162000.000000,425,OPTSTK,NFO,5.000000,17001,False
65370,NIFTYNXT5023NOV2664000CE,NIFTYNXT50,23NOV2026,6400000.000000,25,OPTIDX,NFO,5.000000,601,False
65371,NIFTYNXT5023NOV2664000PE,NIFTYNXT50,23NOV2026,6400000.000000,25,OPTIDX,NFO,5.000000,601,False
65376,NIFTYNXT5023NOV2664300CE,NIFTYNXT50,23NOV2026,6430000.000000,25,OPTIDX,NFO,5.000000,601,False
65377,NIFTYNXT5023NOV2664300PE,NIFTYNXT50,23NOV2026,6430000.000000,25,OPTIDX,NFO,5.000000,601,False
65389,NIFTYNXT5023NOV2664500PE,NIFTYNXT50,23NOV2026,6450000.000000,25,OPTIDX,NFO,5.000000,601,False
65415,NIFTYNXT5023NOV2664800PE,NIFTYNXT50,23NOV2026,6480000.000000,25,OPTIDX,NFO,5.000000,601,False
65420,NIFTYNXT5023NOV2665100CE,NIFTYNXT50,23NOV2026,6510000.000000,25,OPTIDX,NFO,5.000000,601,False
65433,NIFTYNXT5023NOV2665700PE,NIFTYNXT50,23NOV2026,6570000.000000,25,OPTIDX,NFO,5.000000,601,False
65434,NIFTYNXT5023NOV2665800CE,NIFTYNXT50,23NOV2026,6580000.000000,25,OPTIDX,NFO,5.000000,601,False
65441,NIFTYNXT5023NOV2666100PE,NIFTYNXT50,23NOV2026,6610000.000000,25,OPTIDX,NFO,5.000000,601,False
65480,NIFTYNXT5023NOV2667500CE,NIFTYNXT50,23NOV2026,6750000.000000,25,OPTIDX,NFO,5.000000,601,False
65526,NIFTYNXT5023NOV2669000CE,NIFTYNXT50,23NOV2026,6900000.000000,25,OPTIDX,NFO,5.000000,601,False
65567,NIFTYNXT5023NOV2671000PE,NIFTYNXT50,23NOV2026,7100000.000000,25,OPTIDX,NFO,5.000000,601,False
65579,NIFTYNXT5023NOV2671500PE,NIFTYNXT50,23NOV2026,7150000.000000,25,OPTIDX,NFO,5.000000,601,False
65602,COALINDIA29SEP26385CE,COALINDIA,29SEP2026,38500.000000,1350,OPTSTK,NFO,5.000000,54001,False
65603,COALINDIA29SEP26385PE,COALINDIA,29SEP2026,38500.000000,1350,OPTSTK,NFO,5.000000,54001,False
65627,COALINDIA29SEP26455PE,COALINDIA,29SEP2026,45500.000000,1350,OPTSTK,NFO,5.000000,54001,False
65675,NIFTYNXT5023NOV2672000PE,NIFTYNXT50,23NOV2026,7200000.000000,25,OPTIDX,NFO,5.000000,601,False
65679,NIFTYNXT5023NOV2672200PE,NIFTYNXT50,23NOV2026,7220000.000000,25,OPTIDX,NFO,5.000000,601,False
65685,NIFTYNXT5023NOV2672500PE,NIFTYNXT50,23NOV2026,7250000.000000,25,OPTIDX,NFO,5.000000,601,False
65744,NIFTYNXT5023NOV2674300CE,NIFTYNXT50,23NOV2026,7430000.000000,25,OPTIDX,NFO,5.000000,601,False
65752,NIFTYNXT5023NOV2674600CE,NIFTYNXT50,23NOV2026,7460000.000000,25,OPTIDX,NFO,5.000000,601,False
65758,NIFTYNXT5023NOV2674900CE,NIFTYNXT50,23NOV2026,7490000.000000,25,OPTIDX,NFO,5.000000,601,False
65759,NIFTYNXT5023NOV2674900PE,NIFTYNXT50,23NOV2026,7490000.000000,25,OPTIDX,NFO,5.000000,601,False
65776,NIFTYNXT5023NOV2675400PE,NIFTYNXT50,23NOV2026,7540000.000000,25,OPTIDX,NFO,5.000000,601,False
65796,COALINDIA27OCT26400CE,COALINDIA,27OCT2026,40000.000000,1350,OPTSTK,NFO,5.000000,54001,False
65798,COALINDIA27OCT26410CE,COALINDIA,27OCT2026,41000.000000,1350,OPTSTK,NFO,5.000000,54001,False
65800,COALINDIA27OCT26420CE,COALINDIA,27OCT2026,42000.000000,1350,OPTSTK,NFO,5.000000,54001,False
65807,NIFTYNXT5023NOV2675500PE,NIFTYNXT50,23NOV2026,7550000.000000,25,OPTIDX,NFO,5.000000,601,False
65814,NIFTYNXT5023NOV2675900CE,NIFTYNXT50,23NOV2026,7590000.000000,25,OPTIDX,NFO,5.000000,601,False
65815,NIFTYNXT5023NOV2675900PE,NIFTYNXT50,23NOV2026,7590000.000000,25,OPTIDX,NFO,5.000000,601,False
65822,NIFTYNXT5023NOV2676300CE,NIFTYNXT50,23NOV2026,7630000.000000,25,OPTIDX,NFO,5.000000,601,False
65825,NIFTYNXT5023NOV2676400PE,NIFTYNXT50,23NOV2026,7640000.000000,25,OPTIDX,NFO,5.000000,601,False
65830,NIFTYNXT5023NOV2676700CE,NIFTYNXT50,23NOV2026,7670000.000000,25,OPTIDX,NFO,5.000000,601,False
65842,NIFTYNXT5023NOV2677300CE,NIFTYNXT50,23NOV2026,7730000.000000,25,OPTIDX,NFO,5.000000,601,False
65843,NIFTYNXT5023NOV2677300PE,NIFTYNXT50,23NOV2026,7730000.000000,25,OPTIDX,NFO,5.000000,601,False
65855,NIFTYNXT5023NOV2677800PE,NIFTYNXT50,23NOV2026,7780000.000000,25,OPTIDX,NFO,5.000000,601,False
65861,NIFTYNXT5023NOV2678000PE,NIFTYNXT50,23NOV2026,7800000.000000,25,OPTIDX,NFO,5.000000,601,False
65867,NIFTYNXT5023NOV2678100CE,NIFTYNXT50,23NOV2026,7810000.000000,25,OPTIDX,NFO,5.000000,601,False
65883,NIFTYNXT5023NOV2678400CE,NIFTYNXT50,23NOV2026,7840000.000000,25,OPTIDX,NFO,5.000000,601,False
65892,NIFTYNXT5023NOV2678500PE,NIFTYNXT50,23NOV2026,7850000.000000,25,OPTIDX,NFO,5.000000,601,False
65894,NIFTY29SEP2621000PE,NIFTY,29SEP2026,2100000.000000,65,OPTIDX,NFO,5.000000,1801,False
65929,NIFTY29SEP2633000CE,NIFTY,29SEP2026,3300000.000000,65,OPTIDX,NFO,5.000000,1801,False
65960,COALINDIA27OCT26500CE,COALINDIA,27OCT2026,50000.000000,1350,OPTSTK,NFO,5.000000,54001,False
66057,NIFTYNXT5023NOV2681000PE,NIFTYNXT50,23NOV2026,8100000.000000,25,OPTIDX,NFO,5.000000,601,False
66068,NIFTYNXT5023NOV2681500CE,NIFTYNXT50,23NOV2026,8150000.000000,25,OPTIDX,NFO,5.000000,601,False
66089,NIFTYNXT5023NOV2682500PE,NIFTYNXT50,23NOV2026,8250000.000000,25,OPTIDX,NFO,5.000000,601,False
66099,NIFTYNXT5023NOV2683000PE,NIFTYNXT50,23NOV2026,8300000.000000,25,OPTIDX,NFO,5.000000,601,False
66109,NIFTYNXT5023NOV2683500PE,NIFTYNXT50,23NOV2026,8350000.000000,25,OPTIDX,NFO,5.000000,601,False
66129,NIFTYNXT5023NOV2684500PE,NIFTYNXT50,23NOV2026,8450000.000000,25,OPTIDX,NFO,5.000000,601,False
66193,COCHINSHIP29SEP261420PE,COCHINSHIP,29SEP2026,142000.000000,400,OPTSTK,NFO,5.000000,16001,False
66303,COCHINSHIP27OCT261320CE,COCHINSHIP,27OCT2026,132000.000000,400,OPTSTK,NFO,5.000000,16001,False
66316,COCHINSHIP27OCT261480PE,COCHINSHIP,27OCT2026,148000.000000,400,OPTSTK,NFO,5.000000,16001,False
66317,COCHINSHIP27OCT261520CE,COCHINSHIP,27OCT2026,152000.000000,400,OPTSTK,NFO,5.000000,16001,False
66402,360ONE27OCT261140CE,360ONE,27OCT2026,114000.000000,500,OPTSTK,NFO,5.000000,20001,False
66405,COFORGE29SEP261620CE,COFORGE,29SEP2026,162000.000000,475,OPTSTK,NFO,5.000000,14251,False
66441,COFORGE29SEP262280CE,COFORGE,29SEP2026,228000.000000,475,OPTSTK,NFO,5.000000,14251,False
66442,COFORGE29SEP262280PE,COFORGE,29SEP2026,228000.000000,475,OPTSTK,NFO,5.000000,14251,False
66517,360ONE23NOV26960CE,360ONE,23NOV2026,96000.000000,500,OPTSTK,NFO,5.000000,20001,False
66523,360ONE23NOV261080CE,360ONE,23NOV2026,108000.000000,500,OPTSTK,NFO,5.000000,20001,False
66533,360ONE23NOV261120PE,360ONE,23NOV2026,112000.000000,500,OPTSTK,NFO,5.000000,20001,False
66553,COFORGE27OCT261880PE,COFORGE,27OCT2026,188000.000000,475,OPTSTK,NFO,5.000000,14251,False
66572,COFORGE27OCT261960PE,COFORGE,27OCT2026,196000.000000,475,OPTSTK,NFO,5.000000,14251,False
66643,COLPAL29SEP262220CE,COLPAL,29SEP2026,222000.000000,275,OPTSTK,NFO,5.000000,11001,False
66684,ABB27OCT267100PE,ABB,27OCT2026,710000.000000,125,OPTSTK,NFO,5.000000,3751,False
66709,ABB27OCT267500PE,ABB,27OCT2026,750000.000000,125,OPTSTK,NFO,5.000000,3751,False
66711,ABB27OCT267700PE,ABB,27OCT2026,770000.000000,125,OPTSTK,NFO,5.000000,3751,False
66712,ABB27OCT267900CE,ABB,27OCT2026,790000.000000,125,OPTSTK,NFO,5.000000,3751,False
66765,COLPAL27OCT261560PE,COLPAL,27OCT2026,156000.000000,275,OPTSTK,NFO,5.000000,11001,False
66767,COLPAL27OCT261600PE,COLPAL,27OCT2026,160000.000000,275,OPTSTK,NFO,5.000000,11001,False
66774,COLPAL27OCT261720CE,COLPAL,27OCT2026,172000.000000,275,OPTSTK,NFO,5.000000,11001,False
66873,COLPAL27OCT262160CE,COLPAL,27OCT2026,216000.000000,275,OPTSTK,NFO,5.000000,11001,False
66889,ABB23NOV268200PE,ABB,23NOV2026,820000.000000,125,OPTSTK,NFO,5.000000,3751,False
66890,ABB23NOV268400CE,ABB,23NOV2026,840000.000000,125,OPTSTK,NFO,5.000000,3751,False
66962,ABCAPITAL27OCT26385PE,ABCAPITAL,27OCT2026,38500.000000,3100,OPTSTK,NFO,5.000000,62001,False
66990,CONCOR29SEP26485CE,CONCOR,29SEP2026,48500.000000,1250,OPTSTK,NFO,5.000000,50001,False
67082,CONCOR29SEP26575CE,CONCOR,29SEP2026,57500.000000,1250,OPTSTK,NFO,5.000000,50001,False
67182,ABCAPITAL23NOV26360PE,ABCAPITAL,23NOV2026,36000.000000,3100,OPTSTK,NFO,5.000000,62001,False
67184,ABCAPITAL23NOV26370CE,ABCAPITAL,23NOV2026,37000.000000,3100,OPTSTK,NFO,5.000000,62001,False
67187,ABCAPITAL23NOV26370PE,ABCAPITAL,23NOV2026,37000.000000,3100,OPTSTK,NFO,5.000000,62001,False
67252,ABCAPITAL23NOV26460CE,ABCAPITAL,23NOV2026,46000.000000,3100,OPTSTK,NFO,5.000000,62001,False
67267,CONCOR27OCT26500CE,CONCOR,27OCT2026,50000.000000,1250,OPTSTK,NFO,5.000000,50001,False
67269,CONCOR27OCT26510CE,CONCOR,27OCT2026,51000.000000,1250,OPTSTK,NFO,5.000000,50001,False
67290,CONCOR27OCT26560PE,CONCOR,27OCT2026,56000.000000,1250,OPTSTK,NFO,5.000000,50001,False
67275,CONCOR27OCT26520PE,CONCOR,27OCT2026,52000.000000,1250,OPTSTK,NFO,5.000000,50001,False
67281,CONCOR27OCT26550CE,CONCOR,27OCT2026,55000.000000,1250,OPTSTK,NFO,5.000000,50001,False
67295,CONCOR27OCT26580CE,CONCOR,27OCT2026,58000.000000,1250,OPTSTK,NFO,5.000000,50001,False
67338,ADANIENSOL27OCT261340PE,ADANIENSOL,27OCT2026,134000.000000,675,OPTSTK,NFO,5.000000,13501,False
67345,ADANIENSOL27OCT261500CE,ADANIENSOL,27OCT2026,150000.000000,675,OPTSTK,NFO,5.000000,13501,False
67459,ADANIENSOL23NOV261240CE,ADANIENSOL,23NOV2026,124000.000000,675,OPTSTK,NFO,5.000000,13501,False
67477,CROMPTON29SEP26255PE,CROMPTON,29SEP2026,25500.000000,2150,OPTSTK,NFO,1.000000,86001,False
67481,CROMPTON29SEP26275PE,CROMPTON,29SEP2026,27500.000000,2150,OPTSTK,NFO,1.000000,86001,False
67503,ADANIENSOL23NOV261760PE,ADANIENSOL,23NOV2026,176000.000000,675,OPTSTK,NFO,5.000000,13501,False
67538,CROMPTON27OCT26260PE,CROMPTON,27OCT2026,26000.000000,2150,OPTSTK,NFO,1.000000,86001,False
67539,CROMPTON27OCT26270CE,CROMPTON,27OCT2026,27000.000000,2150,OPTSTK,NFO,1.000000,86001,False
67590,CUMMINSIND29SEP264900CE,CUMMINSIND,29SEP2026,490000.000000,200,OPTSTK,NFO,5.000000,4001,False
67598,CUMMINSIND29SEP265100CE,CUMMINSIND,29SEP2026,510000.000000,200,OPTSTK,NFO,5.000000,4001,False
67644,CUMMINSIND27OCT264400CE,CUMMINSIND,27OCT2026,440000.000000,200,OPTSTK,NFO,5.000000,4001,False
67711,DABUR29SEP26415PE,DABUR,29SEP2026,41500.000000,1250,OPTSTK,NFO,5.000000,50001,False
67713,DABUR29SEP26425PE,DABUR,29SEP2026,42500.000000,1250,OPTSTK,NFO,5.000000,50001,False
67720,ADANIENT27OCT262550CE,ADANIENT,27OCT2026,255000.000000,309,OPTSTK,NFO,5.000000,9271,False
67729,ADANIENT27OCT262750PE,ADANIENT,27OCT2026,275000.000000,309,OPTSTK,NFO,5.000000,9271,False
67763,ADANIENT27OCT263250CE,ADANIENT,27OCT2026,325000.000000,309,OPTSTK,NFO,5.000000,9271,False
67766,ADANIENT27OCT263250PE,ADANIENT,27OCT2026,325000.000000,309,OPTSTK,NFO,5.000000,9271,False
67769,ADANIENT27OCT263450CE,ADANIENT,27OCT2026,345000.000000,309,OPTSTK,NFO,5.000000,9271,False
67804,DABUR27OCT26340PE,DABUR,27OCT2026,34000.000000,1250,OPTSTK,NFO,5.000000,50001,False
67870,ADANIENT23NOV262400PE,ADANIENT,23NOV2026,240000.000000,309,OPTSTK,NFO,5.000000,9271,False
67873,ADANIENT23NOV262600CE,ADANIENT,23NOV2026,260000.000000,309,OPTSTK,NFO,5.000000,9271,False
67875,ADANIENT23NOV262700CE,ADANIENT,23NOV2026,270000.000000,309,OPTSTK,NFO,5.000000,9271,False
67876,ADANIENT23NOV262700PE,ADANIENT,23NOV2026,270000.000000,309,OPTSTK,NFO,5.000000,9271,False
67959,ADANIGREEN27OCT261060CE,ADANIGREEN,27OCT2026,106000.000000,600,OPTSTK,NFO,5.000000,18001,False
67972,ADANIGREEN27OCT261260CE,ADANIGREEN,27OCT2026,126000.000000,600,OPTSTK,NFO,5.000000,18001,False
67979,ADANIGREEN27OCT261380PE,ADANIGREEN,27OCT2026,138000.000000,600,OPTSTK,NFO,5.000000,18001,False
68058,DELHIVERY29SEP26505CE,DELHIVERY,29SEP2026,50500.000000,2075,OPTSTK,NFO,5.000000,62251,False
68075,ADANIGREEN23NOV261040CE,ADANIGREEN,23NOV2026,104000.000000,600,OPTSTK,NFO,5.000000,18001,False
68085,ADANIGREEN23NOV261200CE,ADANIGREEN,23NOV2026,120000.000000,600,OPTSTK,NFO,5.000000,18001,False
68095,ADANIGREEN23NOV261240CE,ADANIGREEN,23NOV2026,124000.000000,600,OPTSTK,NFO,5.000000,18001,False
68124,ADANIGREEN23NOV261400PE,ADANIGREEN,23NOV2026,140000.000000,600,OPTSTK,NFO,5.000000,18001,False
68129,DELHIVERY27OCT26380CE,DELHIVERY,27OCT2026,38000.000000,2075,OPTSTK,NFO,5.000000,62251,False
68130,DELHIVERY27OCT26380PE,DELHIVERY,27OCT2026,38000.000000,2075,OPTSTK,NFO,5.000000,62251,False
68220,ADANIPORTS27OCT261340PE,ADANIPORTS,27OCT2026,134000.000000,475,OPTSTK,NFO,5.000000,14251,False
68233,ADANIPORTS27OCT261500CE,ADANIPORTS,27OCT2026,150000.000000,475,OPTSTK,NFO,5.000000,14251,False
68235,ADANIPORTS27OCT261540CE,ADANIPORTS,27OCT2026,154000.000000,475,OPTSTK,NFO,5.000000,14251,False
68253,ADANIPORTS27OCT261700CE,ADANIPORTS,27OCT2026,170000.000000,475,OPTSTK,NFO,5.000000,14251,False
68254,ADANIPORTS27OCT261700PE,ADANIPORTS,27OCT2026,170000.000000,475,OPTSTK,NFO,5.000000,14251,False
68278,ADANIPORTS27OCT261900PE,ADANIPORTS,27OCT2026,190000.000000,475,OPTSTK,NFO,5.000000,14251,False
68354,DIVISLAB29SEP267100CE,DIVISLAB,29SEP2026,710000.000000,100,OPTSTK,NFO,5.000000,3001,False
68370,DIVISLAB29SEP267500PE,DIVISLAB,29SEP2026,750000.000000,100,OPTSTK,NFO,5.000000,3001,False
68376,DIVISLAB29SEP268100PE,DIVISLAB,29SEP2026,810000.000000,100,OPTSTK,NFO,5.000000,3001,False
68379,DIVISLAB29SEP268500CE,DIVISLAB,29SEP2026,850000.000000,100,OPTSTK,NFO,5.000000,3001,False
68390,BANKNIFTY29SEP26FUT,BANKNIFTY,29SEP2026,-1.000000,30,FUTIDX,NFO,20.000000,601,False
68418,ADANIGREEN29SEP26FUT,ADANIGREEN,29SEP2026,-1.000000,600,FUTSTK,NFO,10.000000,18001,False
68426,APOLLOHOSP29SEP26FUT,APOLLOHOSP,29SEP2026,-1.000000,125,FUTSTK,NFO,50.000000,2501,False
68434,AXISBANK29SEP26FUT,AXISBANK,29SEP2026,-1.000000,625,FUTSTK,NFO,10.000000,18751,False
68458,CANBK29SEP26FUT,CANBK,29SEP2026,-1.000000,6750,FUTSTK,NFO,1.000000,202501,False
68459,CDSL29SEP26FUT,CDSL,29SEP2026,-1.000000,475,FUTSTK,NFO,10.000000,19001,False
68466,COLPAL29SEP26FUT,COLPAL,29SEP2026,-1.000000,275,FUTSTK,NFO,10.000000,11001,False
68472,DIVISLAB29SEP26FUT,DIVISLAB,29SEP2026,-1.000000,100,FUTSTK,NFO,50.000000,3001,False
68490,HAL29SEP26FUT,HAL,29SEP2026,-1.000000,150,FUTSTK,NFO,10.000000,4501,False
68536,HEROMOTOCO29SEP26FUT,HEROMOTOCO,29SEP2026,-1.000000,150,FUTSTK,NFO,50.000000,4501,False
68541,HYUNDAI29SEP26FUT,HYUNDAI,29SEP2026,-1.000000,275,FUTSTK,NFO,10.000000,11001,False
68545,IDEA29SEP26FUT,IDEA,29SEP2026,-1.000000,71475,FUTSTK,NFO,1.000000,1429501,False
68547,IEX29SEP26FUT,IEX,29SEP2026,-1.000000,4350,FUTSTK,NFO,1.000000,174001,False
68564,JSWSTEEL29SEP26FUT,JSWSTEEL,29SEP2026,-1.000000,675,FUTSTK,NFO,10.000000,20251,False
68570,ADANIPORTS23NOV261800CE,ADANIPORTS,23NOV2026,180000.000000,475,OPTSTK,NFO,5.000000,14251,False
68574,ADANIPORTS23NOV261880CE,ADANIPORTS,23NOV2026,188000.000000,475,OPTSTK,NFO,5.000000,14251,False
68579,DIVISLAB27OCT268600CE,DIVISLAB,27OCT2026,860000.000000,100,OPTSTK,NFO,5.000000,3001,False
68583,DIVISLAB27OCT268800CE,DIVISLAB,27OCT2026,880000.000000,100,OPTSTK,NFO,5.000000,3001,False
68620,LT29SEP26FUT,LT,29SEP2026,-1.000000,175,FUTSTK,NFO,10.000000,7001,False
68646,M&M29SEP26FUT,M&M,29SEP2026,-1.000000,200,FUTSTK,NFO,10.000000,8001,False
68649,MARICO29SEP26FUT,MARICO,29SEP2026,-1.000000,1200,FUTSTK,NFO,5.000000,36001,False
68650,MARUTI29SEP26FUT,MARUTI,29SEP2026,-1.000000,50,FUTSTK,NFO,100.000000,2001,False
68674,DIVISLAB27OCT269600CE,DIVISLAB,27OCT2026,960000.000000,100,OPTSTK,NFO,5.000000,3001,False
68675,DIVISLAB27OCT269600PE,DIVISLAB,27OCT2026,960000.000000,100,OPTSTK,NFO,5.000000,3001,False
68678,ADANIPOWER27OCT26185CE,ADANIPOWER,27OCT2026,18500.000000,3550,OPTSTK,NFO,1.000000,106501,False
68711,DIVISLAB27OCT2610000CE,DIVISLAB,27OCT2026,1000000.000000,100,OPTSTK,NFO,5.000000,3001,False
68722,DIXON29SEP2612250PE,DIXON,29SEP2026,1225000.000000,50,OPTSTK,NFO,5.000000,1501,False
68725,DIXON29SEP2613250CE,DIXON,29SEP2026,1325000.000000,50,OPTSTK,NFO,5.000000,1501,False
68739,ADANIPOWER23NOV26160PE,ADANIPOWER,23NOV2026,16000.000000,3550,OPTSTK,NFO,1.000000,106501,False
68741,NATIONALUM29SEP26FUT,NATIONALUM,29SEP2026,-1.000000,1875,FUTSTK,NFO,5.000000,56251,False
68748,NMDC29SEP26FUT,NMDC,29SEP2026,-1.000000,6750,FUTSTK,NFO,1.000000,270001,False
68752,OBEROIRLTY29SEP26FUT,OBEROIRLTY,29SEP2026,-1.000000,350,FUTSTK,NFO,10.000000,14001,False
68756,PAGEIND29SEP26FUT,PAGEIND,29SEP2026,-1.000000,20,FUTSTK,NFO,500.000000,601,False
68770,POWERGRID29SEP26FUT,POWERGRID,29SEP2026,-1.000000,1900,FUTSTK,NFO,5.000000,76001,False
68771,POWERINDIA29SEP26FUT,POWERINDIA,29SEP2026,-1.000000,25,FUTSTK,NFO,500.000000,751,False
68774,RADICO29SEP26FUT,RADICO,29SEP2026,-1.000000,150,FUTSTK,NFO,10.000000,6001,False
68791,SUZLON29SEP26FUT,SUZLON,29SEP2026,-1.000000,12700,FUTSTK,NFO,1.000000,381001,False
68793,TATACONSUM29SEP26FUT,TATACONSUM,29SEP2026,-1.000000,550,FUTSTK,NFO,10.000000,22001,False
68866,VMM29SEP26FUT,VMM,29SEP2026,-1.000000,4850,FUTSTK,NFO,1.000000,194001,False
68891,ALKEM27OCT264650PE,ALKEM,27OCT2026,465000.000000,125,OPTSTK,NFO,5.000000,5001,False
68925,ALKEM27OCT265650PE,ALKEM,27OCT2026,565000.000000,125,OPTSTK,NFO,5.000000,5001,False
68937,DIXON27OCT2611500PE,DIXON,27OCT2026,1150000.000000,50,OPTSTK,NFO,5.000000,1501,False
68941,ALKEM27OCT265750PE,ALKEM,27OCT2026,575000.000000,125,OPTSTK,NFO,5.000000,5001,False
69036,ALKEM23NOV264600CE,ALKEM,23NOV2026,460000.000000,125,OPTSTK,NFO,5.000000,5001,False
69045,ALKEM23NOV265000PE,ALKEM,23NOV2026,500000.000000,125,OPTSTK,NFO,5.000000,5001,False
69048,ALKEM23NOV265200CE,ALKEM,23NOV2026,520000.000000,125,OPTSTK,NFO,5.000000,5001,False
69060,ALKEM23NOV265600PE,ALKEM,23NOV2026,560000.000000,125,OPTSTK,NFO,5.000000,5001,False
69117,DLF29SEP26590PE,DLF,29SEP2026,59000.000000,950,OPTSTK,NFO,5.000000,38001,False
69120,DLF29SEP26630CE,DLF,29SEP2026,63000.000000,950,OPTSTK,NFO,5.000000,38001,False
69133,DLF29SEP26750PE,DLF,29SEP2026,75000.000000,950,OPTSTK,NFO,5.000000,38001,False
69163,DLF27OCT26600PE,DLF,27OCT2026,60000.000000,950,OPTSTK,NFO,5.000000,38001,False
69170,DLF27OCT26680CE,DLF,27OCT2026,68000.000000,950,OPTSTK,NFO,5.000000,38001,False
69184,DLF27OCT26800CE,DLF,27OCT2026,80000.000000,950,OPTSTK,NFO,5.000000,38001,False
69248,AMBER27OCT266500CE,AMBER,27OCT2026,650000.000000,100,OPTSTK,NFO,5.000000,3001,False
69357,DMART29SEP263450PE,DMART,29SEP2026,345000.000000,150,OPTSTK,NFO,5.000000,6001,False
69395,AMBER23NOV267200CE,AMBER,23NOV2026,720000.000000,100,OPTSTK,NFO,5.000000,3001,False
69398,AMBER23NOV267400PE,AMBER,23NOV2026,740000.000000,100,OPTSTK,NFO,5.000000,3001,False
69403,AMBER23NOV267800CE,AMBER,23NOV2026,780000.000000,100,OPTSTK,NFO,5.000000,3001,False
69410,AMBER23NOV267800PE,AMBER,23NOV2026,780000.000000,100,OPTSTK,NFO,5.000000,3001,False
69426,AMBER23NOV268400CE,AMBER,23NOV2026,840000.000000,100,OPTSTK,NFO,5.000000,3001,False
69434,AMBER23NOV268600CE,AMBER,23NOV2026,860000.000000,100,OPTSTK,NFO,5.000000,3001,False
69614,AMBUJACEM27OCT26365PE,AMBUJACEM,27OCT2026,36500.000000,1200,OPTSTK,NFO,5.000000,60001,False
69638,AMBUJACEM27OCT26415CE,AMBUJACEM,27OCT2026,41500.000000,1200,OPTSTK,NFO,5.000000,60001,False
69639,AMBUJACEM27OCT26415PE,AMBUJACEM,27OCT2026,41500.000000,1200,OPTSTK,NFO,5.000000,60001,False
69654,BANKNIFTY29SEP2651400CE,BANKNIFTY,29SEP2026,5140000.000000,30,OPTIDX,NFO,5.000000,601,False
69693,BANKNIFTY29SEP2653400PE,BANKNIFTY,29SEP2026,5340000.000000,30,OPTIDX,NFO,5.000000,601,False
69699,BANKNIFTY29SEP2653700PE,BANKNIFTY,29SEP2026,5370000.000000,30,OPTIDX,NFO,5.000000,601,False
69718,AMBUJACEM27OCT26465CE,AMBUJACEM,27OCT2026,46500.000000,1200,OPTSTK,NFO,5.000000,60001,False
69786,BANKNIFTY29SEP2655900PE,BANKNIFTY,29SEP2026,5590000.000000,30,OPTIDX,NFO,5.000000,601,False
69807,BANKNIFTY29SEP2656700PE,BANKNIFTY,29SEP2026,5670000.000000,30,OPTIDX,NFO,5.000000,601,False
64425,NIFTY23NOV2624700CE,NIFTY,23NOV2026,2470000.000000,65,OPTIDX,NFO,5.000000,1801,False
69811,BANKNIFTY29SEP2656900CE,BANKNIFTY,29SEP2026,5690000.000000,30,OPTIDX,NFO,5.000000,601,False
69840,BANKNIFTY29SEP2658100CE,BANKNIFTY,29SEP2026,5810000.000000,30,OPTIDX,NFO,5.000000,601,False
69857,DMART27OCT263900PE,DMART,27OCT2026,390000.000000,150,OPTSTK,NFO,5.000000,6001,False
64441,NIFTY23NOV2625050CE,NIFTY,23NOV2026,2505000.000000,65,OPTIDX,NFO,5.000000,1801,False
64452,NIFTY23NOV2625200PE,NIFTY,23NOV2026,2520000.000000,65,OPTIDX,NFO,5.000000,1801,False
64501,NIFTY23NOV2626100CE,NIFTY,23NOV2026,2610000.000000,65,OPTIDX,NFO,5.000000,1801,False
64734,NIFTYFPI23NOV261300PE,NIFTYFPI,23NOV2026,130000.000000,1100,OPTIDX,NFO,5.000000,8501,False
64793,NIFTYFPI23NOV261420CE,NIFTYFPI,23NOV2026,142000.000000,1100,OPTIDX,NFO,5.000000,8501,False
64805,NIFTYFPI23NOV261430CE,NIFTYFPI,23NOV2026,143000.000000,1100,OPTIDX,NFO,5.000000,8501,False
64843,NIFTYFPI23NOV261515CE,NIFTYFPI,23NOV2026,151500.000000,1100,OPTIDX,NFO,5.000000,8501,False
64854,NIFTYFPI23NOV261540PE,NIFTYFPI,23NOV2026,154000.000000,1100,OPTIDX,NFO,5.000000,8501,False
64871,NIFTYFPI23NOV261575PE,NIFTYFPI,23NOV2026,157500.000000,1100,OPTIDX,NFO,5.000000,8501,False
64885,NIFTYFPI23NOV261600PE,NIFTYFPI,23NOV2026,160000.000000,1100,OPTIDX,NFO,5.000000,8501,False
64887,NIFTYFPI23NOV261605PE,NIFTYFPI,23NOV2026,160500.000000,1100,OPTIDX,NFO,5.000000,8501,False
64893,NIFTYFPI23NOV261610PE,NIFTYFPI,23NOV2026,161000.000000,1100,OPTIDX,NFO,5.000000,8501,False
64898,NIFTYFPI23NOV261625CE,NIFTYFPI,23NOV2026,162500.000000,1100,OPTIDX,NFO,5.000000,8501,False
64920,NIFTYFPI23NOV261665CE,NIFTYFPI,23NOV2026,166500.000000,1100,OPTIDX,NFO,5.000000,8501,False
64921,NIFTYFPI23NOV261665PE,NIFTYFPI,23NOV2026,166500.000000,1100,OPTIDX,NFO,5.000000,8501,False
65178,CIPLA27OCT261180CE,CIPLA,27OCT2026,118000.000000,425,OPTSTK,NFO,5.000000,17001,False
65184,CIPLA27OCT261240CE,CIPLA,27OCT2026,124000.000000,425,OPTSTK,NFO,5.000000,17001,False
65193,CIPLA27OCT261300PE,CIPLA,27OCT2026,130000.000000,425,OPTSTK,NFO,5.000000,17001,False
65197,CIPLA27OCT261320PE,CIPLA,27OCT2026,132000.000000,425,OPTSTK,NFO,5.000000,17001,False
65198,CIPLA27OCT261340CE,CIPLA,27OCT2026,134000.000000,425,OPTSTK,NFO,5.000000,17001,False
65275,CIPLA27OCT261420PE,CIPLA,27OCT2026,142000.000000,425,OPTSTK,NFO,5.000000,17001,False
65297,CIPLA27OCT261600PE,CIPLA,27OCT2026,160000.000000,425,OPTSTK,NFO,5.000000,17001,False
65429,NIFTYNXT5023NOV2665500PE,NIFTYNXT50,23NOV2026,6550000.000000,25,OPTIDX,NFO,5.000000,601,False
65442,NIFTYNXT5023NOV2666200CE,NIFTYNXT50,23NOV2026,6620000.000000,25,OPTIDX,NFO,5.000000,601,False
65444,NIFTYNXT5023NOV2666300CE,NIFTYNXT50,23NOV2026,6630000.000000,25,OPTIDX,NFO,5.000000,601,False
65454,NIFTYNXT5023NOV2666800CE,NIFTYNXT50,23NOV2026,6680000.000000,25,OPTIDX,NFO,5.000000,601,False
65456,NIFTYNXT5023NOV2666900CE,NIFTYNXT50,23NOV2026,6690000.000000,25,OPTIDX,NFO,5.000000,601,False
65483,NIFTYNXT5023NOV2667600PE,NIFTYNXT50,23NOV2026,6760000.000000,25,OPTIDX,NFO,5.000000,601,False
65497,NIFTYNXT5023NOV2668300PE,NIFTYNXT50,23NOV2026,6830000.000000,25,OPTIDX,NFO,5.000000,601,False
65518,NIFTYNXT5023NOV2668600CE,NIFTYNXT50,23NOV2026,6860000.000000,25,OPTIDX,NFO,5.000000,601,False
65524,NIFTYNXT5023NOV2668900CE,NIFTYNXT50,23NOV2026,6890000.000000,25,OPTIDX,NFO,5.000000,601,False
65537,NIFTYNXT5023NOV2669500PE,NIFTYNXT50,23NOV2026,6950000.000000,25,OPTIDX,NFO,5.000000,601,False
65546,NIFTYNXT5023NOV2670000CE,NIFTYNXT50,23NOV2026,7000000.000000,25,OPTIDX,NFO,5.000000,601,False
65549,NIFTYNXT5023NOV2670100PE,NIFTYNXT50,23NOV2026,7010000.000000,25,OPTIDX,NFO,5.000000,601,False
65557,NIFTYNXT5023NOV2670500PE,NIFTYNXT50,23NOV2026,7050000.000000,25,OPTIDX,NFO,5.000000,601,False
65559,NIFTYNXT5023NOV2670600PE,NIFTYNXT50,23NOV2026,7060000.000000,25,OPTIDX,NFO,5.000000,601,False
65568,NIFTYNXT5023NOV2671100CE,NIFTYNXT50,23NOV2026,7110000.000000,25,OPTIDX,NFO,5.000000,601,False
65599,COALINDIA29SEP26365PE,COALINDIA,29SEP2026,36500.000000,1350,OPTSTK,NFO,5.000000,54001,False
65618,COALINDIA29SEP26415CE,COALINDIA,29SEP2026,41500.000000,1350,OPTSTK,NFO,5.000000,54001,False
65682,NIFTYNXT5023NOV2672400CE,NIFTYNXT50,23NOV2026,7240000.000000,25,OPTIDX,NFO,5.000000,601,False
65684,NIFTYNXT5023NOV2672500CE,NIFTYNXT50,23NOV2026,7250000.000000,25,OPTIDX,NFO,5.000000,601,False
65691,NIFTYNXT5023NOV2672800PE,NIFTYNXT50,23NOV2026,7280000.000000,25,OPTIDX,NFO,5.000000,601,False
65692,NIFTYNXT5023NOV2672900CE,NIFTYNXT50,23NOV2026,7290000.000000,25,OPTIDX,NFO,5.000000,601,False
65728,NIFTYNXT5023NOV2673600CE,NIFTYNXT50,23NOV2026,7360000.000000,25,OPTIDX,NFO,5.000000,601,False
65733,NIFTYNXT5023NOV2673800CE,NIFTYNXT50,23NOV2026,7380000.000000,25,OPTIDX,NFO,5.000000,601,False
65734,NIFTYNXT5023NOV2673800PE,NIFTYNXT50,23NOV2026,7380000.000000,25,OPTIDX,NFO,5.000000,601,False
65741,NIFTYNXT5023NOV2674100PE,NIFTYNXT50,23NOV2026,7410000.000000,25,OPTIDX,NFO,5.000000,601,False
65761,NIFTYNXT5023NOV2675000PE,NIFTYNXT50,23NOV2026,7500000.000000,25,OPTIDX,NFO,5.000000,601,False
65782,COALINDIA27OCT26330CE,COALINDIA,27OCT2026,33000.000000,1350,OPTSTK,NFO,5.000000,54001,False
65785,COALINDIA27OCT26340PE,COALINDIA,27OCT2026,34000.000000,1350,OPTSTK,NFO,5.000000,54001,False
65801,COALINDIA27OCT26420PE,COALINDIA,27OCT2026,42000.000000,1350,OPTSTK,NFO,5.000000,54001,False
65806,NIFTYNXT5023NOV2675500CE,NIFTYNXT50,23NOV2026,7550000.000000,25,OPTIDX,NFO,5.000000,601,False
65812,NIFTYNXT5023NOV2675800CE,NIFTYNXT50,23NOV2026,7580000.000000,25,OPTIDX,NFO,5.000000,601,False
65813,NIFTYNXT5023NOV2675800PE,NIFTYNXT50,23NOV2026,7580000.000000,25,OPTIDX,NFO,5.000000,601,False
65818,NIFTYNXT5023NOV2676100CE,NIFTYNXT50,23NOV2026,7610000.000000,25,OPTIDX,NFO,5.000000,601,False
65821,NIFTYNXT5023NOV2676200PE,NIFTYNXT50,23NOV2026,7620000.000000,25,OPTIDX,NFO,5.000000,601,False
65835,NIFTYNXT5023NOV2676900PE,NIFTYNXT50,23NOV2026,7690000.000000,25,OPTIDX,NFO,5.000000,601,False
65858,NIFTYNXT5023NOV2677900CE,NIFTYNXT50,23NOV2026,7790000.000000,25,OPTIDX,NFO,5.000000,601,False
65859,NIFTYNXT5023NOV2677900PE,NIFTYNXT50,23NOV2026,7790000.000000,25,OPTIDX,NFO,5.000000,601,False
65868,NIFTYNXT5023NOV2678100PE,NIFTYNXT50,23NOV2026,7810000.000000,25,OPTIDX,NFO,5.000000,601,False
65871,NIFTYNXT5023NOV2678200CE,NIFTYNXT50,23NOV2026,7820000.000000,25,OPTIDX,NFO,5.000000,601,False
65884,NIFTYNXT5023NOV2678400PE,NIFTYNXT50,23NOV2026,7840000.000000,25,OPTIDX,NFO,5.000000,601,False
65888,NIFTY29SEP2618000PE,NIFTY,29SEP2026,1800000.000000,65,OPTIDX,NFO,5.000000,1801,False
65891,NIFTYNXT5023NOV2678500CE,NIFTYNXT50,23NOV2026,7850000.000000,25,OPTIDX,NFO,5.000000,601,False
65900,NIFTY29SEP2624000CE,NIFTY,29SEP2026,2400000.000000,65,OPTIDX,NFO,5.000000,1801,False
65916,NIFTYNXT5023NOV2679000CE,NIFTYNXT50,23NOV2026,7900000.000000,25,OPTIDX,NFO,5.000000,601,False
65924,NIFTY29SEP2630000PE,NIFTY,29SEP2026,3000000.000000,65,OPTIDX,NFO,5.000000,1801,False
65942,NIFTYNXT5023NOV2680000CE,NIFTYNXT50,23NOV2026,8000000.000000,25,OPTIDX,NFO,5.000000,601,False
65952,COALINDIA27OCT26460CE,COALINDIA,27OCT2026,46000.000000,1350,OPTSTK,NFO,5.000000,54001,False
65997,COCHINSHIP29SEP261300PE,COCHINSHIP,29SEP2026,130000.000000,400,OPTSTK,NFO,5.000000,16001,False
66203,COCHINSHIP29SEP261500PE,COCHINSHIP,29SEP2026,150000.000000,400,OPTSTK,NFO,5.000000,16001,False
66294,COCHINSHIP27OCT261200CE,COCHINSHIP,27OCT2026,120000.000000,400,OPTSTK,NFO,5.000000,16001,False
66296,COCHINSHIP27OCT261240CE,COCHINSHIP,27OCT2026,124000.000000,400,OPTSTK,NFO,5.000000,16001,False
66310,COCHINSHIP27OCT261360PE,COCHINSHIP,27OCT2026,136000.000000,400,OPTSTK,NFO,5.000000,16001,False
66319,COCHINSHIP27OCT261560CE,COCHINSHIP,27OCT2026,156000.000000,400,OPTSTK,NFO,5.000000,16001,False
66329,COCHINSHIP27OCT261720CE,COCHINSHIP,27OCT2026,172000.000000,400,OPTSTK,NFO,5.000000,16001,False
66384,360ONE27OCT261060CE,360ONE,27OCT2026,106000.000000,500,OPTSTK,NFO,5.000000,20001,False
66399,COFORGE29SEP261580CE,COFORGE,29SEP2026,158000.000000,475,OPTSTK,NFO,5.000000,14251,False
66430,COFORGE29SEP261980PE,COFORGE,29SEP2026,198000.000000,475,OPTSTK,NFO,5.000000,14251,False
66446,360ONE27OCT261220PE,360ONE,27OCT2026,122000.000000,500,OPTSTK,NFO,5.000000,20001,False
66534,360ONE23NOV261160CE,360ONE,23NOV2026,116000.000000,500,OPTSTK,NFO,5.000000,20001,False
66555,COFORGE27OCT261920CE,COFORGE,27OCT2026,192000.000000,475,OPTSTK,NFO,5.000000,14251,False
66563,COFORGE27OCT261960CE,COFORGE,27OCT2026,196000.000000,475,OPTSTK,NFO,5.000000,14251,False
66583,COFORGE27OCT262240CE,COFORGE,27OCT2026,224000.000000,475,OPTSTK,NFO,5.000000,14251,False
66584,COFORGE27OCT262240PE,COFORGE,27OCT2026,224000.000000,475,OPTSTK,NFO,5.000000,14251,False
66615,COLPAL29SEP261740CE,COLPAL,29SEP2026,174000.000000,275,OPTSTK,NFO,5.000000,11001,False
66620,COLPAL29SEP261820PE,COLPAL,29SEP2026,182000.000000,275,OPTSTK,NFO,5.000000,11001,False
66623,COLPAL29SEP261900CE,COLPAL,29SEP2026,190000.000000,275,OPTSTK,NFO,5.000000,11001,False
66682,ABB27OCT266900PE,ABB,27OCT2026,690000.000000,125,OPTSTK,NFO,5.000000,3751,False
66635,COLPAL29SEP262100CE,COLPAL,29SEP2026,210000.000000,275,OPTSTK,NFO,5.000000,11001,False
66649,COLPAL29SEP262300CE,COLPAL,29SEP2026,230000.000000,275,OPTSTK,NFO,5.000000,11001,False
66678,ABB27OCT266900CE,ABB,27OCT2026,690000.000000,125,OPTSTK,NFO,5.000000,3751,False
66713,ABB27OCT267900PE,ABB,27OCT2026,790000.000000,125,OPTSTK,NFO,5.000000,3751,False
66714,ABB27OCT268100CE,ABB,27OCT2026,810000.000000,125,OPTSTK,NFO,5.000000,3751,False
66764,COLPAL27OCT261560CE,COLPAL,27OCT2026,156000.000000,275,OPTSTK,NFO,5.000000,11001,False
66766,COLPAL27OCT261600CE,COLPAL,27OCT2026,160000.000000,275,OPTSTK,NFO,5.000000,11001,False
66775,COLPAL27OCT261720PE,COLPAL,27OCT2026,172000.000000,275,OPTSTK,NFO,5.000000,11001,False
66795,ABB23NOV266000CE,ABB,23NOV2026,600000.000000,125,OPTSTK,NFO,5.000000,3751,False
66807,ABB23NOV266600PE,ABB,23NOV2026,660000.000000,125,OPTSTK,NFO,5.000000,3751,False
66828,COLPAL27OCT261840CE,COLPAL,27OCT2026,184000.000000,275,OPTSTK,NFO,5.000000,11001,False
66856,COLPAL27OCT261840PE,COLPAL,27OCT2026,184000.000000,275,OPTSTK,NFO,5.000000,11001,False
66938,ABCAPITAL27OCT26365PE,ABCAPITAL,27OCT2026,36500.000000,3100,OPTSTK,NFO,5.000000,62001,False
66992,CONCOR29SEP26495CE,CONCOR,29SEP2026,49500.000000,1250,OPTSTK,NFO,5.000000,50001,False
67001,CONCOR29SEP26525CE,CONCOR,29SEP2026,52500.000000,1250,OPTSTK,NFO,5.000000,50001,False
67069,ABCAPITAL27OCT26405CE,ABCAPITAL,27OCT2026,40500.000000,3100,OPTSTK,NFO,5.000000,62001,False
67076,CONCOR29SEP26545CE,CONCOR,29SEP2026,54500.000000,1250,OPTSTK,NFO,5.000000,50001,False
67078,CONCOR29SEP26555CE,CONCOR,29SEP2026,55500.000000,1250,OPTSTK,NFO,5.000000,50001,False
67088,ABCAPITAL27OCT26415CE,ABCAPITAL,27OCT2026,41500.000000,3100,OPTSTK,NFO,5.000000,62001,False
67133,ABCAPITAL27OCT26445CE,ABCAPITAL,27OCT2026,44500.000000,3100,OPTSTK,NFO,5.000000,62001,False
67193,ABCAPITAL23NOV26400PE,ABCAPITAL,23NOV2026,40000.000000,3100,OPTSTK,NFO,5.000000,62001,False
67206,CONCOR27OCT26430CE,CONCOR,27OCT2026,43000.000000,1250,OPTSTK,NFO,5.000000,50001,False
67255,ABCAPITAL23NOV26460PE,ABCAPITAL,23NOV2026,46000.000000,3100,OPTSTK,NFO,5.000000,62001,False
67256,CONCOR27OCT26460PE,CONCOR,27OCT2026,46000.000000,1250,OPTSTK,NFO,5.000000,50001,False
67279,CONCOR27OCT26540CE,CONCOR,27OCT2026,54000.000000,1250,OPTSTK,NFO,5.000000,50001,False
67339,ADANIENSOL27OCT261380CE,ADANIENSOL,27OCT2026,138000.000000,675,OPTSTK,NFO,5.000000,13501,False
67346,ADANIENSOL27OCT261500PE,ADANIENSOL,27OCT2026,150000.000000,675,OPTSTK,NFO,5.000000,13501,False
67350,ADANIENSOL27OCT261580PE,ADANIENSOL,27OCT2026,158000.000000,675,OPTSTK,NFO,5.000000,13501,False
67366,ADANIENSOL27OCT261660PE,ADANIENSOL,27OCT2026,166000.000000,675,OPTSTK,NFO,5.000000,13501,False
67437,CROMPTON29SEP26205CE,CROMPTON,29SEP2026,20500.000000,2150,OPTSTK,NFO,1.000000,86001,False
67438,CROMPTON29SEP26205PE,CROMPTON,29SEP2026,20500.000000,2150,OPTSTK,NFO,1.000000,86001,False
67444,CROMPTON29SEP26235PE,CROMPTON,29SEP2026,23500.000000,2150,OPTSTK,NFO,1.000000,86001,False
67470,ADANIENSOL23NOV261440PE,ADANIENSOL,23NOV2026,144000.000000,675,OPTSTK,NFO,5.000000,13501,False
67471,ADANIENSOL23NOV261480CE,ADANIENSOL,23NOV2026,148000.000000,675,OPTSTK,NFO,5.000000,13501,False
67490,ADANIENSOL23NOV261640CE,ADANIENSOL,23NOV2026,164000.000000,675,OPTSTK,NFO,5.000000,13501,False
67497,ADANIENSOL23NOV261680CE,ADANIENSOL,23NOV2026,168000.000000,675,OPTSTK,NFO,5.000000,13501,False
67508,ADANIENSOL23NOV261840PE,ADANIENSOL,23NOV2026,184000.000000,675,OPTSTK,NFO,5.000000,13501,False
67519,CROMPTON27OCT26190PE,CROMPTON,27OCT2026,19000.000000,2150,OPTSTK,NFO,1.000000,86001,False
67535,CROMPTON27OCT26250CE,CROMPTON,27OCT2026,25000.000000,2150,OPTSTK,NFO,1.000000,86001,False
67597,CUMMINSIND29SEP264900PE,CUMMINSIND,29SEP2026,490000.000000,200,OPTSTK,NFO,5.000000,4001,False
67604,CUMMINSIND29SEP265500PE,CUMMINSIND,29SEP2026,550000.000000,200,OPTSTK,NFO,5.000000,4001,False
67646,CUMMINSIND27OCT264600CE,CUMMINSIND,27OCT2026,460000.000000,200,OPTSTK,NFO,5.000000,4001,False
67649,CUMMINSIND27OCT264800PE,CUMMINSIND,27OCT2026,480000.000000,200,OPTSTK,NFO,5.000000,4001,False
67656,CUMMINSIND27OCT265400CE,CUMMINSIND,27OCT2026,540000.000000,200,OPTSTK,NFO,5.000000,4001,False
67662,CUMMINSIND27OCT266000CE,CUMMINSIND,27OCT2026,600000.000000,200,OPTSTK,NFO,5.000000,4001,False
67663,CUMMINSIND27OCT266000PE,CUMMINSIND,27OCT2026,600000.000000,200,OPTSTK,NFO,5.000000,4001,False
67694,DABUR29SEP26335CE,DABUR,29SEP2026,33500.000000,1250,OPTSTK,NFO,5.000000,50001,False
67696,DABUR29SEP26345CE,DABUR,29SEP2026,34500.000000,1250,OPTSTK,NFO,5.000000,50001,False
67697,DABUR29SEP26345PE,DABUR,29SEP2026,34500.000000,1250,OPTSTK,NFO,5.000000,50001,False
67752,ADANIENT27OCT262950PE,ADANIENT,27OCT2026,295000.000000,309,OPTSTK,NFO,5.000000,9271,False
67776,NIFTY26DEC2821000CE,NIFTY,26DEC2028,2100000.000000,65,OPTIDX,NFO,5.000000,1801,False
67779,NIFTY26DEC2822000PE,NIFTY,26DEC2028,2200000.000000,65,OPTIDX,NFO,5.000000,1801,False
67791,DABUR27OCT26310CE,DABUR,27OCT2026,31000.000000,1250,OPTSTK,NFO,5.000000,50001,False
67818,DABUR27OCT26390CE,DABUR,27OCT2026,39000.000000,1250,OPTSTK,NFO,5.000000,50001,False
67823,DABUR27OCT26400CE,DABUR,27OCT2026,40000.000000,1250,OPTSTK,NFO,5.000000,50001,False
67843,DABUR27OCT26440PE,DABUR,27OCT2026,44000.000000,1250,OPTSTK,NFO,5.000000,50001,False
67897,ADANIENT23NOV262900CE,ADANIENT,23NOV2026,290000.000000,309,OPTSTK,NFO,5.000000,9271,False
67902,ADANIENT23NOV263100PE,ADANIENT,23NOV2026,310000.000000,309,OPTSTK,NFO,5.000000,9271,False
67912,ADANIENT23NOV263500PE,ADANIENT,23NOV2026,350000.000000,309,OPTSTK,NFO,5.000000,9271,False
67914,ADANIENT23NOV263600PE,ADANIENT,23NOV2026,360000.000000,309,OPTSTK,NFO,5.000000,9271,False
67971,ADANIGREEN27OCT261220PE,ADANIGREEN,27OCT2026,122000.000000,600,OPTSTK,NFO,5.000000,18001,False
68036,DELHIVERY29SEP26405CE,DELHIVERY,29SEP2026,40500.000000,2075,OPTSTK,NFO,5.000000,62251,False
68040,DELHIVERY29SEP26425CE,DELHIVERY,29SEP2026,42500.000000,2075,OPTSTK,NFO,5.000000,62251,False
68050,DELHIVERY29SEP26465CE,DELHIVERY,29SEP2026,46500.000000,2075,OPTSTK,NFO,5.000000,62251,False
68055,DELHIVERY29SEP26485PE,DELHIVERY,29SEP2026,48500.000000,2075,OPTSTK,NFO,5.000000,62251,False
68057,DELHIVERY29SEP26495PE,DELHIVERY,29SEP2026,49500.000000,2075,OPTSTK,NFO,5.000000,62251,False
68072,ADANIGREEN23NOV26960PE,ADANIGREEN,23NOV2026,96000.000000,600,OPTSTK,NFO,5.000000,18001,False
68078,ADANIGREEN23NOV261080PE,ADANIGREEN,23NOV2026,108000.000000,600,OPTSTK,NFO,5.000000,18001,False
68133,ADANIGREEN23NOV261440CE,ADANIGREEN,23NOV2026,144000.000000,600,OPTSTK,NFO,5.000000,18001,False
68144,DELHIVERY27OCT26420PE,DELHIVERY,27OCT2026,42000.000000,2075,OPTSTK,NFO,5.000000,62251,False
68148,ADANIGREEN23NOV261520PE,ADANIGREEN,23NOV2026,152000.000000,600,OPTSTK,NFO,5.000000,18001,False
68152,DELHIVERY27OCT26450PE,DELHIVERY,27OCT2026,45000.000000,2075,OPTSTK,NFO,5.000000,62251,False
68167,DELHIVERY27OCT26480CE,DELHIVERY,27OCT2026,48000.000000,2075,OPTSTK,NFO,5.000000,62251,False
68173,DELHIVERY27OCT26490PE,DELHIVERY,27OCT2026,49000.000000,2075,OPTSTK,NFO,5.000000,62251,False
68200,DELHIVERY27OCT26520CE,DELHIVERY,27OCT2026,52000.000000,2075,OPTSTK,NFO,5.000000,62251,False
68204,DELHIVERY27OCT26530CE,DELHIVERY,27OCT2026,53000.000000,2075,OPTSTK,NFO,5.000000,62251,False
68227,ADANIPORTS27OCT261420PE,ADANIPORTS,27OCT2026,142000.000000,475,OPTSTK,NFO,5.000000,14251,False
68247,ADANIPORTS27OCT261660CE,ADANIPORTS,27OCT2026,166000.000000,475,OPTSTK,NFO,5.000000,14251,False
68270,ADANIPORTS27OCT261740PE,ADANIPORTS,27OCT2026,174000.000000,475,OPTSTK,NFO,5.000000,14251,False
68279,ADANIPORTS27OCT261940CE,ADANIPORTS,27OCT2026,194000.000000,475,OPTSTK,NFO,5.000000,14251,False
68372,DIVISLAB29SEP267700PE,DIVISLAB,29SEP2026,770000.000000,100,OPTSTK,NFO,5.000000,3001,False
68375,DIVISLAB29SEP268100CE,DIVISLAB,29SEP2026,810000.000000,100,OPTSTK,NFO,5.000000,3001,False
68377,DIVISLAB29SEP268300CE,DIVISLAB,29SEP2026,830000.000000,100,OPTSTK,NFO,5.000000,3001,False
68406,MIDCPNIFTY29SEP26FUT,MIDCPNIFTY,29SEP2026,-1.000000,120,FUTIDX,NFO,10.000000,2801,False
68421,ALKEM29SEP26FUT,ALKEM,29SEP2026,-1.000000,125,FUTSTK,NFO,50.000000,5001,False
68446,BDL29SEP26FUT,BDL,29SEP2026,-1.000000,425,FUTSTK,NFO,10.000000,17001,False
68447,BEL29SEP26FUT,BEL,29SEP2026,-1.000000,1425,FUTSTK,NFO,5.000000,57001,False
68456,BSE29SEP26FUT,BSE,29SEP2026,-1.000000,200,FUTSTK,NFO,10.000000,6001,False
68457,CAMS29SEP26FUT,CAMS,29SEP2026,-1.000000,825,FUTSTK,NFO,5.000000,33001,False
68464,COCHINSHIP29SEP26FUT,COCHINSHIP,29SEP2026,-1.000000,400,FUTSTK,NFO,10.000000,16001,False
68476,DRREDDY29SEP26FUT,DRREDDY,29SEP2026,-1.000000,625,FUTSTK,NFO,10.000000,18751,False
68482,GAIL29SEP26FUT,GAIL,29SEP2026,-1.000000,3550,FUTSTK,NFO,1.000000,142001,False
68488,GRASIM29SEP26FUT,GRASIM,29SEP2026,-1.000000,250,FUTSTK,NFO,10.000000,7501,False
68509,ADANIPORTS23NOV261360CE,ADANIPORTS,23NOV2026,136000.000000,475,OPTSTK,NFO,5.000000,14251,False
68514,ADANIPORTS23NOV261400PE,ADANIPORTS,23NOV2026,140000.000000,475,OPTSTK,NFO,5.000000,14251,False
68517,ADANIPORTS23NOV261480CE,ADANIPORTS,23NOV2026,148000.000000,475,OPTSTK,NFO,5.000000,14251,False
68519,ADANIPORTS23NOV261520CE,ADANIPORTS,23NOV2026,152000.000000,475,OPTSTK,NFO,5.000000,14251,False
68525,ADANIPORTS23NOV261600CE,ADANIPORTS,23NOV2026,160000.000000,475,OPTSTK,NFO,5.000000,14251,False
68558,ITC29SEP26FUT,ITC,29SEP2026,-1.000000,1725,FUTSTK,NFO,5.000000,86251,False
68560,JIOFIN29SEP26FUT,JIOFIN,29SEP2026,-1.000000,2350,FUTSTK,NFO,1.000000,94001,False
68565,JUBLFOOD29SEP26FUT,JUBLFOOD,29SEP2026,-1.000000,1250,FUTSTK,NFO,5.000000,50001,False
68586,ADANIPORTS23NOV262000CE,ADANIPORTS,23NOV2026,200000.000000,475,OPTSTK,NFO,5.000000,14251,False
68614,LICI29SEP26FUT,LICI,29SEP2026,-1.000000,1400,FUTSTK,NFO,5.000000,56001,False
68643,LTF29SEP26FUT,LTF,29SEP2026,-1.000000,2250,FUTSTK,NFO,5.000000,67501,False
68647,MANAPPURAM29SEP26FUT,MANAPPURAM,29SEP2026,-1.000000,3000,FUTSTK,NFO,5.000000,60001,False
68688,ADANIPOWER27OCT26235CE,ADANIPOWER,27OCT2026,23500.000000,3550,OPTSTK,NFO,1.000000,106501,False
68690,MCX29SEP26FUT,MCX,29SEP2026,-1.000000,225,FUTSTK,NFO,10.000000,6751,False
68727,DIXON29SEP2613750CE,DIXON,29SEP2026,1375000.000000,50,OPTSTK,NFO,5.000000,1501,False
68738,NAM-INDIA29SEP26FUT,NAM-INDIA,29SEP2026,-1.000000,625,FUTSTK,NFO,10.000000,18751,False
68742,NAUKRI29SEP26FUT,NAUKRI,29SEP2026,-1.000000,550,FUTSTK,NFO,10.000000,16501,False
68751,NYKAA29SEP26FUT,NYKAA,29SEP2026,-1.000000,3125,FUTSTK,NFO,5.000000,93751,False
68766,PNB29SEP26FUT,PNB,29SEP2026,-1.000000,8000,FUTSTK,NFO,1.000000,240001,False
68775,RBLBANK29SEP26FUT,RBLBANK,29SEP2026,-1.000000,3175,FUTSTK,NFO,5.000000,63501,False
68788,SRF29SEP26FUT,SRF,29SEP2026,-1.000000,200,FUTSTK,NFO,10.000000,8001,False
68860,ALKEM27OCT264550CE,ALKEM,27OCT2026,455000.000000,125,OPTSTK,NFO,5.000000,5001,False
68867,VOLTAS29SEP26FUT,VOLTAS,29SEP2026,-1.000000,375,FUTSTK,NFO,10.000000,18751,False
68936,DIXON27OCT2611500CE,DIXON,27OCT2026,1150000.000000,50,OPTSTK,NFO,5.000000,1501,False
68942,ALKEM27OCT265850CE,ALKEM,27OCT2026,585000.000000,125,OPTSTK,NFO,5.000000,5001,False
68953,DIXON27OCT2614500PE,DIXON,27OCT2026,1450000.000000,50,OPTSTK,NFO,5.000000,1501,False
68961,DIXON27OCT2616000PE,DIXON,27OCT2026,1600000.000000,50,OPTSTK,NFO,5.000000,1501,False
69052,ALKEM23NOV265400CE,ALKEM,23NOV2026,540000.000000,125,OPTSTK,NFO,5.000000,5001,False
69058,ALKEM23NOV265500PE,ALKEM,23NOV2026,550000.000000,125,OPTSTK,NFO,5.000000,5001,False
69059,ALKEM23NOV265600CE,ALKEM,23NOV2026,560000.000000,125,OPTSTK,NFO,5.000000,5001,False
69064,ALKEM23NOV265800PE,ALKEM,23NOV2026,580000.000000,125,OPTSTK,NFO,5.000000,5001,False
69068,ALKEM23NOV266000PE,ALKEM,23NOV2026,600000.000000,125,OPTSTK,NFO,5.000000,5001,False
69119,DLF29SEP26610PE,DLF,29SEP2026,61000.000000,950,OPTSTK,NFO,5.000000,38001,False
69122,DLF29SEP26650CE,DLF,29SEP2026,65000.000000,950,OPTSTK,NFO,5.000000,38001,False
69128,DLF29SEP26710CE,DLF,29SEP2026,71000.000000,950,OPTSTK,NFO,5.000000,38001,False
69131,DLF29SEP26730PE,DLF,29SEP2026,73000.000000,950,OPTSTK,NFO,5.000000,38001,False
69156,DLF27OCT26540CE,DLF,27OCT2026,54000.000000,950,OPTSTK,NFO,5.000000,38001,False
69165,DLF27OCT26620PE,DLF,27OCT2026,62000.000000,950,OPTSTK,NFO,5.000000,38001,False
69174,DLF27OCT26720CE,DLF,27OCT2026,72000.000000,950,OPTSTK,NFO,5.000000,38001,False
69167,DLF27OCT26640PE,DLF,27OCT2026,64000.000000,950,OPTSTK,NFO,5.000000,38001,False
69261,AMBER27OCT267500CE,AMBER,27OCT2026,750000.000000,100,OPTSTK,NFO,5.000000,3001,False
69363,DMART29SEP263750PE,DMART,29SEP2026,375000.000000,150,OPTSTK,NFO,5.000000,6001,False
69392,AMBER23NOV266800PE,AMBER,23NOV2026,680000.000000,100,OPTSTK,NFO,5.000000,3001,False
69425,AMBER23NOV268200PE,AMBER,23NOV2026,820000.000000,100,OPTSTK,NFO,5.000000,3001,False
69591,BANKNIFTY29SEP2650500CE,BANKNIFTY,29SEP2026,5050000.000000,30,OPTIDX,NFO,5.000000,601,False
69601,AMBUJACEM27OCT26355CE,AMBUJACEM,27OCT2026,35500.000000,1200,OPTSTK,NFO,5.000000,60001,False
69620,AMBUJACEM27OCT26375PE,AMBUJACEM,27OCT2026,37500.000000,1200,OPTSTK,NFO,5.000000,60001,False
69632,DMART27OCT263400PE,DMART,27OCT2026,340000.000000,150,OPTSTK,NFO,5.000000,6001,False
69658,BANKNIFTY29SEP2651600CE,BANKNIFTY,29SEP2026,5160000.000000,30,OPTIDX,NFO,5.000000,601,False
69924,AMBUJACEM23NOV26410PE,AMBUJACEM,23NOV2026,41000.000000,1200,OPTSTK,NFO,5.000000,60001,False
69929,AMBUJACEM23NOV26440CE,AMBUJACEM,23NOV2026,44000.000000,1200,OPTSTK,NFO,5.000000,60001,False
69933,AMBUJACEM23NOV26460CE,AMBUJACEM,23NOV2026,46000.000000,1200,OPTSTK,NFO,5.000000,60001,False
69981,ANGELONE27OCT26295CE,ANGELONE,27OCT2026,29500.000000,2500,OPTSTK,NFO,5.000000,75001,False
69988,ANGELONE27OCT26325CE,ANGELONE,27OCT2026,32500.000000,2500,OPTSTK,NFO,5.000000,75001,False
70015,BANKNIFTY29SEP2660300CE,BANKNIFTY,29SEP2026,6030000.000000,30,OPTIDX,NFO,5.000000,601,False
70034,BANKNIFTY29SEP2661200PE,BANKNIFTY,29SEP2026,6120000.000000,30,OPTIDX,NFO,5.000000,601,False
70041,BANKNIFTY29SEP2661600CE,BANKNIFTY,29SEP2026,6160000.000000,30,OPTIDX,NFO,5.000000,601,False
70045,BANKNIFTY29SEP2661800CE,BANKNIFTY,29SEP2026,6180000.000000,30,OPTIDX,NFO,5.000000,601,False
70090,BANKNIFTY29SEP2662600PE,BANKNIFTY,29SEP2026,6260000.000000,30,OPTIDX,NFO,5.000000,601,False
70091,BANKNIFTY29SEP2662700CE,BANKNIFTY,29SEP2026,6270000.000000,30,OPTIDX,NFO,5.000000,601,False
70097,BANKNIFTY29SEP2663100CE,BANKNIFTY,29SEP2026,6310000.000000,30,OPTIDX,NFO,5.000000,601,False
70099,BANKNIFTY29SEP2663200CE,BANKNIFTY,29SEP2026,6320000.000000,30,OPTIDX,NFO,5.000000,601,False
70100,BANKNIFTY29SEP2663200PE,BANKNIFTY,29SEP2026,6320000.000000,30,OPTIDX,NFO,5.000000,601,False
70112,BANKNIFTY29SEP2663800PE,BANKNIFTY,29SEP2026,6380000.000000,30,OPTIDX,NFO,5.000000,601,False
70113,BANKNIFTY29SEP2663900CE,BANKNIFTY,29SEP2026,6390000.000000,30,OPTIDX,NFO,5.000000,601,False
70204,DRREDDY29SEP261030CE,DRREDDY,29SEP2026,103000.000000,625,OPTSTK,NFO,5.000000,18751,False
70205,DRREDDY29SEP261030PE,DRREDDY,29SEP2026,103000.000000,625,OPTSTK,NFO,5.000000,18751,False
70231,ANGELONE23NOV26250CE,ANGELONE,23NOV2026,25000.000000,2500,OPTSTK,NFO,5.000000,75001,False
70246,BANKNIFTY29SEP2665500CE,BANKNIFTY,29SEP2026,6550000.000000,30,OPTIDX,NFO,5.000000,601,False
70278,ANGELONE23NOV26300PE,ANGELONE,23NOV2026,30000.000000,2500,OPTSTK,NFO,5.000000,75001,False
70281,ANGELONE23NOV26320CE,ANGELONE,23NOV2026,32000.000000,2500,OPTSTK,NFO,5.000000,75001,False
70283,ANGELONE23NOV26330CE,ANGELONE,23NOV2026,33000.000000,2500,OPTSTK,NFO,5.000000,75001,False
70284,ANGELONE23NOV26330PE,ANGELONE,23NOV2026,33000.000000,2500,OPTSTK,NFO,5.000000,75001,False
70289,ANGELONE23NOV26360CE,ANGELONE,23NOV2026,36000.000000,2500,OPTSTK,NFO,5.000000,75001,False
70398,APLAPOLLO27OCT262020CE,APLAPOLLO,27OCT2026,202000.000000,350,OPTSTK,NFO,5.000000,10501,False
70415,DRREDDY29SEP261230CE,DRREDDY,29SEP2026,123000.000000,625,OPTSTK,NFO,5.000000,18751,False
70476,APLAPOLLO27OCT262220PE,APLAPOLLO,27OCT2026,222000.000000,350,OPTSTK,NFO,5.000000,10501,False
70477,APLAPOLLO27OCT262260CE,APLAPOLLO,27OCT2026,226000.000000,350,OPTSTK,NFO,5.000000,10501,False
70492,APLAPOLLO27OCT262420PE,APLAPOLLO,27OCT2026,242000.000000,350,OPTSTK,NFO,5.000000,10501,False
70669,APLAPOLLO23NOV262200PE,APLAPOLLO,23NOV2026,220000.000000,350,OPTSTK,NFO,5.000000,10501,False
70670,APLAPOLLO23NOV262240CE,APLAPOLLO,23NOV2026,224000.000000,350,OPTSTK,NFO,5.000000,10501,False
70686,DRREDDY27OCT26960CE,DRREDDY,27OCT2026,96000.000000,625,OPTSTK,NFO,5.000000,18751,False
70761,BANKNIFTY29JUN2749500CE,BANKNIFTY,29JUN2027,4950000.000000,30,OPTIDX,NFO,5.000000,601,False
70788,BANKNIFTY29JUN2755500CE,BANKNIFTY,29JUN2027,5550000.000000,30,OPTIDX,NFO,5.000000,601,False
70800,BANKNIFTY29JUN2763000CE,BANKNIFTY,29JUN2027,6300000.000000,30,OPTIDX,NFO,5.000000,601,False
70830,APOLLOHOSP27OCT268300PE,APOLLOHOSP,27OCT2026,830000.000000,125,OPTSTK,NFO,5.000000,2501,False
70834,APOLLOHOSP27OCT268700PE,APOLLOHOSP,27OCT2026,870000.000000,125,OPTSTK,NFO,5.000000,2501,False
70896,DRREDDY27OCT261060PE,DRREDDY,27OCT2026,106000.000000,625,OPTSTK,NFO,5.000000,18751,False
70898,DRREDDY27OCT261080PE,DRREDDY,27OCT2026,108000.000000,625,OPTSTK,NFO,5.000000,18751,False
70903,DRREDDY27OCT261140CE,DRREDDY,27OCT2026,114000.000000,625,OPTSTK,NFO,5.000000,18751,False
70909,DRREDDY27OCT261200CE,DRREDDY,27OCT2026,120000.000000,625,OPTSTK,NFO,5.000000,18751,False
70910,DRREDDY27OCT261200PE,DRREDDY,27OCT2026,120000.000000,625,OPTSTK,NFO,5.000000,18751,False
70928,DRREDDY27OCT261360PE,DRREDDY,27OCT2026,136000.000000,625,OPTSTK,NFO,5.000000,18751,False
70929,DRREDDY27OCT261380CE,DRREDDY,27OCT2026,138000.000000,625,OPTSTK,NFO,5.000000,18751,False
70973,APOLLOHOSP23NOV268600CE,APOLLOHOSP,23NOV2026,860000.000000,125,OPTSTK,NFO,5.000000,2501,False
70974,APOLLOHOSP23NOV268600PE,APOLLOHOSP,23NOV2026,860000.000000,125,OPTSTK,NFO,5.000000,2501,False
71105,EICHERMOT29SEP267900CE,EICHERMOT,29SEP2026,790000.000000,100,OPTSTK,NFO,5.000000,3001,False
71120,EICHERMOT29SEP268700CE,EICHERMOT,29SEP2026,870000.000000,100,OPTSTK,NFO,5.000000,3001,False
71148,ASHOKLEY23NOV26165CE,ASHOKLEY,23NOV2026,16500.000000,5000,OPTSTK,NFO,1.000000,150001,False
71159,ASHOKLEY23NOV26190PE,ASHOKLEY,23NOV2026,19000.000000,5000,OPTSTK,NFO,1.000000,150001,False
71217,ASIANPAINT27OCT262260PE,ASIANPAINT,27OCT2026,226000.000000,250,OPTSTK,NFO,5.000000,10001,False
71223,ASIANPAINT27OCT262300CE,ASIANPAINT,27OCT2026,230000.000000,250,OPTSTK,NFO,5.000000,10001,False
71225,ASIANPAINT27OCT262300PE,ASIANPAINT,27OCT2026,230000.000000,250,OPTSTK,NFO,5.000000,10001,False
71226,ASIANPAINT27OCT262340CE,ASIANPAINT,27OCT2026,234000.000000,250,OPTSTK,NFO,5.000000,10001,False
71231,ASIANPAINT27OCT262380PE,ASIANPAINT,27OCT2026,238000.000000,250,OPTSTK,NFO,5.000000,10001,False
71245,ASIANPAINT27OCT262540PE,ASIANPAINT,27OCT2026,254000.000000,250,OPTSTK,NFO,5.000000,10001,False
71254,ASIANPAINT27OCT262660PE,ASIANPAINT,27OCT2026,266000.000000,250,OPTSTK,NFO,5.000000,10001,False
71367,EICHERMOT27OCT266800PE,EICHERMOT,27OCT2026,680000.000000,100,OPTSTK,NFO,5.000000,3001,False
71371,EICHERMOT27OCT267200PE,EICHERMOT,27OCT2026,720000.000000,100,OPTSTK,NFO,5.000000,3001,False
71372,EICHERMOT27OCT267400CE,EICHERMOT,27OCT2026,740000.000000,100,OPTSTK,NFO,5.000000,3001,False
71376,EICHERMOT27OCT267800CE,EICHERMOT,27OCT2026,780000.000000,100,OPTSTK,NFO,5.000000,3001,False
71416,EICHERMOT27OCT268200CE,EICHERMOT,27OCT2026,820000.000000,100,OPTSTK,NFO,5.000000,3001,False
71421,EICHERMOT27OCT268600PE,EICHERMOT,27OCT2026,860000.000000,100,OPTSTK,NFO,5.000000,3001,False
71429,EICHERMOT27OCT269000PE,EICHERMOT,27OCT2026,900000.000000,100,OPTSTK,NFO,5.000000,3001,False
71547,NIFTY29JUN2718000CE,NIFTY,29JUN2027,1800000.000000,65,OPTIDX,NFO,5.000000,1801,False
71548,NIFTY29JUN2718000PE,NIFTY,29JUN2027,1800000.000000,65,OPTIDX,NFO,5.000000,1801,False
71579,ETERNAL29SEP26275PE,ETERNAL,29SEP2026,27500.000000,2425,OPTSTK,NFO,5.000000,72751,False
71592,ETERNAL29SEP26335CE,ETERNAL,29SEP2026,33500.000000,2425,OPTSTK,NFO,5.000000,72751,False
71610,ASIANPAINT23NOV262320CE,ASIANPAINT,23NOV2026,232000.000000,250,OPTSTK,NFO,5.000000,10001,False
71615,ASIANPAINT23NOV262400PE,ASIANPAINT,23NOV2026,240000.000000,250,OPTSTK,NFO,5.000000,10001,False
71618,ASIANPAINT23NOV262480CE,ASIANPAINT,23NOV2026,248000.000000,250,OPTSTK,NFO,5.000000,10001,False
71713,ASTRAL27OCT261420CE,ASTRAL,27OCT2026,142000.000000,425,OPTSTK,NFO,5.000000,17001,False
71715,FINNIFTY29SEP2623100PE,FINNIFTY,29SEP2026,2310000.000000,60,OPTIDX,NFO,5.000000,1801,False
71737,FINNIFTY29SEP2624200PE,FINNIFTY,29SEP2026,2420000.000000,60,OPTIDX,NFO,5.000000,1801,False
71743,ASTRAL27OCT261420PE,ASTRAL,27OCT2026,142000.000000,425,OPTSTK,NFO,5.000000,17001,False
71755,ASTRAL27OCT261540PE,ASTRAL,27OCT2026,154000.000000,425,OPTSTK,NFO,5.000000,17001,False
71762,FINNIFTY29SEP2624900CE,FINNIFTY,29SEP2026,2490000.000000,60,OPTIDX,NFO,5.000000,1801,False
71774,ASTRAL27OCT261700CE,ASTRAL,27OCT2026,170000.000000,425,OPTSTK,NFO,5.000000,17001,False
71784,FINNIFTY29SEP2625700PE,FINNIFTY,29SEP2026,2570000.000000,60,OPTIDX,NFO,5.000000,1801,False
71787,FINNIFTY29SEP2625900CE,FINNIFTY,29SEP2026,2590000.000000,60,OPTIDX,NFO,5.000000,1801,False
71790,FINNIFTY29SEP2626000PE,FINNIFTY,29SEP2026,2600000.000000,60,OPTIDX,NFO,5.000000,1801,False
71813,FINNIFTY29SEP2626200PE,FINNIFTY,29SEP2026,2620000.000000,60,OPTIDX,NFO,5.000000,1801,False
71816,FINNIFTY29SEP2626300PE,FINNIFTY,29SEP2026,2630000.000000,60,OPTIDX,NFO,5.000000,1801,False
71890,FINNIFTY29SEP2628100CE,FINNIFTY,29SEP2026,2810000.000000,60,OPTIDX,NFO,5.000000,1801,False
71841,FINNIFTY29SEP2627000CE,FINNIFTY,29SEP2026,2700000.000000,60,OPTIDX,NFO,5.000000,1801,False
71878,FINNIFTY29SEP2627500CE,FINNIFTY,29SEP2026,2750000.000000,60,OPTIDX,NFO,5.000000,1801,False
71891,FINNIFTY29SEP2628100PE,FINNIFTY,29SEP2026,2810000.000000,60,OPTIDX,NFO,5.000000,1801,False
71908,ASTRAL23NOV261200PE,ASTRAL,23NOV2026,120000.000000,425,OPTSTK,NFO,5.000000,17001,False
71912,ASTRAL23NOV261240PE,ASTRAL,23NOV2026,124000.000000,425,OPTSTK,NFO,5.000000,17001,False
71919,FINNIFTY29SEP2628400CE,FINNIFTY,29SEP2026,2840000.000000,60,OPTIDX,NFO,5.000000,1801,False
71920,FINNIFTY29SEP2628400PE,FINNIFTY,29SEP2026,2840000.000000,60,OPTIDX,NFO,5.000000,1801,False
71968,ASTRAL23NOV261280PE,ASTRAL,23NOV2026,128000.000000,425,OPTSTK,NFO,5.000000,17001,False
71971,FINNIFTY29SEP2628800CE,FINNIFTY,29SEP2026,2880000.000000,60,OPTIDX,NFO,5.000000,1801,False
71980,FINNIFTY29SEP2629200PE,FINNIFTY,29SEP2026,2920000.000000,60,OPTIDX,NFO,5.000000,1801,False
72041,ETERNAL27OCT26300PE,ETERNAL,27OCT2026,30000.000000,2425,OPTSTK,NFO,5.000000,72751,False
72054,ETERNAL27OCT26360CE,ETERNAL,27OCT2026,36000.000000,2425,OPTSTK,NFO,5.000000,72751,False
72056,ETERNAL27OCT26370CE,ETERNAL,27OCT2026,37000.000000,2425,OPTSTK,NFO,5.000000,72751,False
72062,ASTRAL23NOV261440CE,ASTRAL,23NOV2026,144000.000000,425,OPTSTK,NFO,5.000000,17001,False
72202,ATHERENERG29SEP261440CE,ATHERENERG,29SEP2026,144000.000000,375,OPTSTK,NFO,5.000000,15001,False
72220,FEDERALBNK29SEP26345PE,FEDERALBNK,29SEP2026,34500.000000,2500,OPTSTK,NFO,5.000000,75001,False
72410,FEDERALBNK27OCT26340PE,FEDERALBNK,27OCT2026,34000.000000,2500,OPTSTK,NFO,5.000000,75001,False
72421,FEDERALBNK27OCT26380CE,FEDERALBNK,27OCT2026,38000.000000,2500,OPTSTK,NFO,5.000000,75001,False
72422,ATHERENERG29SEP261540PE,ATHERENERG,29SEP2026,154000.000000,375,OPTSTK,NFO,5.000000,15001,False
72425,ATHERENERG29SEP261580CE,ATHERENERG,29SEP2026,158000.000000,375,OPTSTK,NFO,5.000000,15001,False
72434,ATHERENERG29SEP261640PE,ATHERENERG,29SEP2026,164000.000000,375,OPTSTK,NFO,5.000000,15001,False
72436,ATHERENERG29SEP261660PE,ATHERENERG,29SEP2026,166000.000000,375,OPTSTK,NFO,5.000000,15001,False
72481,FORCEMOT29SEP2619500CE,FORCEMOT,29SEP2026,1950000.000000,25,OPTSTK,NFO,5.000000,1251,False
72483,FORCEMOT29SEP2620500CE,FORCEMOT,29SEP2026,2050000.000000,25,OPTSTK,NFO,5.000000,1251,False
72513,ATHERENERG29SEP261800CE,ATHERENERG,29SEP2026,180000.000000,375,OPTSTK,NFO,5.000000,15001,False
72614,FORCEMOT27OCT2615000CE,FORCEMOT,27OCT2026,1500000.000000,25,OPTSTK,NFO,5.000000,1251,False
72621,MIDCPNIFTY29SEP2612950PE,MIDCPNIFTY,29SEP2026,1295000.000000,120,OPTIDX,NFO,5.000000,2801,False
72658,MIDCPNIFTY29SEP2613425CE,MIDCPNIFTY,29SEP2026,1342500.000000,120,OPTIDX,NFO,5.000000,2801,False
72660,MIDCPNIFTY29SEP2613450CE,MIDCPNIFTY,29SEP2026,1345000.000000,120,OPTIDX,NFO,5.000000,2801,False
72692,MIDCPNIFTY29SEP2613500CE,MIDCPNIFTY,29SEP2026,1350000.000000,120,OPTIDX,NFO,5.000000,2801,False
72714,MIDCPNIFTY29SEP2613500PE,MIDCPNIFTY,29SEP2026,1350000.000000,120,OPTIDX,NFO,5.000000,2801,False
72716,MIDCPNIFTY29SEP2613525PE,MIDCPNIFTY,29SEP2026,1352500.000000,120,OPTIDX,NFO,5.000000,2801,False
72737,MIDCPNIFTY29SEP2613575PE,MIDCPNIFTY,29SEP2026,1357500.000000,120,OPTIDX,NFO,5.000000,2801,False
72749,MIDCPNIFTY29SEP2613625CE,MIDCPNIFTY,29SEP2026,1362500.000000,120,OPTIDX,NFO,5.000000,2801,False
72752,MIDCPNIFTY29SEP2613650CE,MIDCPNIFTY,29SEP2026,1365000.000000,120,OPTIDX,NFO,5.000000,2801,False
72765,MIDCPNIFTY29SEP2613700CE,MIDCPNIFTY,29SEP2026,1370000.000000,120,OPTIDX,NFO,5.000000,2801,False
72769,MIDCPNIFTY29SEP2613750CE,MIDCPNIFTY,29SEP2026,1375000.000000,120,OPTIDX,NFO,5.000000,2801,False
72795,MIDCPNIFTY29SEP2613875CE,MIDCPNIFTY,29SEP2026,1387500.000000,120,OPTIDX,NFO,5.000000,2801,False
72806,MIDCPNIFTY29SEP2614000PE,MIDCPNIFTY,29SEP2026,1400000.000000,120,OPTIDX,NFO,5.000000,2801,False
72813,ATHERENERG27OCT261480CE,ATHERENERG,27OCT2026,148000.000000,375,OPTSTK,NFO,5.000000,15001,False
72818,ATHERENERG27OCT261480PE,ATHERENERG,27OCT2026,148000.000000,375,OPTSTK,NFO,5.000000,15001,False
72823,MIDCPNIFTY29SEP2614100CE,MIDCPNIFTY,29SEP2026,1410000.000000,120,OPTIDX,NFO,5.000000,2801,False
72826,MIDCPNIFTY29SEP2614125PE,MIDCPNIFTY,29SEP2026,1412500.000000,120,OPTIDX,NFO,5.000000,2801,False
72828,MIDCPNIFTY29SEP2614150PE,MIDCPNIFTY,29SEP2026,1415000.000000,120,OPTIDX,NFO,5.000000,2801,False
72835,MIDCPNIFTY29SEP2614200CE,MIDCPNIFTY,29SEP2026,1420000.000000,120,OPTIDX,NFO,5.000000,2801,False
72836,ATHERENERG27OCT261560CE,ATHERENERG,27OCT2026,156000.000000,375,OPTSTK,NFO,5.000000,15001,False
72847,FORTIS29SEP26870PE,FORTIS,29SEP2026,87000.000000,775,OPTSTK,NFO,5.000000,23251,False
72848,FORTIS29SEP26890CE,FORTIS,29SEP2026,89000.000000,775,OPTSTK,NFO,5.000000,23251,False
72855,ATHERENERG27OCT261600PE,ATHERENERG,27OCT2026,160000.000000,375,OPTSTK,NFO,5.000000,15001,False
72858,ATHERENERG27OCT261640CE,ATHERENERG,27OCT2026,164000.000000,375,OPTSTK,NFO,5.000000,15001,False
72862,MIDCPNIFTY29SEP2614325PE,MIDCPNIFTY,29SEP2026,1432500.000000,120,OPTIDX,NFO,5.000000,2801,False
72864,ATHERENERG27OCT261660CE,ATHERENERG,27OCT2026,166000.000000,375,OPTSTK,NFO,5.000000,15001,False
72875,ATHERENERG27OCT261760PE,ATHERENERG,27OCT2026,176000.000000,375,OPTSTK,NFO,5.000000,15001,False
72887,ATHERENERG27OCT261860PE,ATHERENERG,27OCT2026,186000.000000,375,OPTSTK,NFO,5.000000,15001,False
72939,MIDCPNIFTY29SEP2614500PE,MIDCPNIFTY,29SEP2026,1450000.000000,120,OPTIDX,NFO,5.000000,2801,False
72940,MIDCPNIFTY29SEP2614525CE,MIDCPNIFTY,29SEP2026,1452500.000000,120,OPTIDX,NFO,5.000000,2801,False
72959,MIDCPNIFTY29SEP2614750PE,MIDCPNIFTY,29SEP2026,1475000.000000,120,OPTIDX,NFO,5.000000,2801,False
72960,MIDCPNIFTY29SEP2614775CE,MIDCPNIFTY,29SEP2026,1477500.000000,120,OPTIDX,NFO,5.000000,2801,False
72964,MIDCPNIFTY29SEP2614825CE,MIDCPNIFTY,29SEP2026,1482500.000000,120,OPTIDX,NFO,5.000000,2801,False
72976,MIDCPNIFTY29SEP2614950CE,MIDCPNIFTY,29SEP2026,1495000.000000,120,OPTIDX,NFO,5.000000,2801,False
72988,MIDCPNIFTY29SEP2615075CE,MIDCPNIFTY,29SEP2026,1507500.000000,120,OPTIDX,NFO,5.000000,2801,False
72991,MIDCPNIFTY29SEP2615100PE,MIDCPNIFTY,29SEP2026,1510000.000000,120,OPTIDX,NFO,5.000000,2801,False
72994,MIDCPNIFTY29SEP2615150CE,MIDCPNIFTY,29SEP2026,1515000.000000,120,OPTIDX,NFO,5.000000,2801,False
72998,MIDCPNIFTY29SEP2615200CE,MIDCPNIFTY,29SEP2026,1520000.000000,120,OPTIDX,NFO,5.000000,2801,False
73006,ATHERENERG23NOV261400PE,ATHERENERG,23NOV2026,140000.000000,375,OPTSTK,NFO,5.000000,15001,False
73011,ATHERENERG23NOV261520CE,ATHERENERG,23NOV2026,152000.000000,375,OPTSTK,NFO,5.000000,15001,False
73013,ATHERENERG23NOV261560CE,ATHERENERG,23NOV2026,156000.000000,375,OPTSTK,NFO,5.000000,15001,False
73019,MIDCPNIFTY29SEP2615275CE,MIDCPNIFTY,29SEP2026,1527500.000000,120,OPTIDX,NFO,5.000000,2801,False
73063,FORTIS29SEP26910CE,FORTIS,29SEP2026,91000.000000,775,OPTSTK,NFO,5.000000,23251,False
73066,FORTIS29SEP26930PE,FORTIS,29SEP2026,93000.000000,775,OPTSTK,NFO,5.000000,23251,False
73094,MIDCPNIFTY29SEP2615450PE,MIDCPNIFTY,29SEP2026,1545000.000000,120,OPTIDX,NFO,5.000000,2801,False
73111,MIDCPNIFTY29SEP2615550PE,MIDCPNIFTY,29SEP2026,1555000.000000,120,OPTIDX,NFO,5.000000,2801,False
73114,MIDCPNIFTY29SEP2615575CE,MIDCPNIFTY,29SEP2026,1557500.000000,120,OPTIDX,NFO,5.000000,2801,False
73127,MIDCPNIFTY29SEP2615725PE,MIDCPNIFTY,29SEP2026,1572500.000000,120,OPTIDX,NFO,5.000000,2801,False
73135,MIDCPNIFTY29SEP2615825PE,MIDCPNIFTY,29SEP2026,1582500.000000,120,OPTIDX,NFO,5.000000,2801,False
73142,ATHERENERG23NOV261880PE,ATHERENERG,23NOV2026,188000.000000,375,OPTSTK,NFO,5.000000,15001,False
73159,AUBANK27OCT26980CE,AUBANK,27OCT2026,98000.000000,1000,OPTSTK,NFO,5.000000,20001,False
73164,AUBANK27OCT261060PE,AUBANK,27OCT2026,106000.000000,1000,OPTSTK,NFO,5.000000,20001,False
73166,AUBANK27OCT261100CE,AUBANK,27OCT2026,110000.000000,1000,OPTSTK,NFO,5.000000,20001,False
73186,MIDCPNIFTY29SEP2615900CE,MIDCPNIFTY,29SEP2026,1590000.000000,120,OPTIDX,NFO,5.000000,2801,False
73221,FORTIS27OCT26880CE,FORTIS,27OCT2026,88000.000000,775,OPTSTK,NFO,5.000000,23251,False
73229,FORTIS27OCT26940CE,FORTIS,27OCT2026,94000.000000,775,OPTSTK,NFO,5.000000,23251,False
73268,MIDCPNIFTY29SEP2616100PE,MIDCPNIFTY,29SEP2026,1610000.000000,120,OPTIDX,NFO,5.000000,2801,False
73501,AUBANK23NOV261080PE,AUBANK,23NOV2026,108000.000000,1000,OPTSTK,NFO,5.000000,20001,False
73719,AUROPHARMA27OCT261580CE,AUROPHARMA,27OCT2026,158000.000000,550,OPTSTK,NFO,5.000000,16501,False
73722,AUROPHARMA27OCT261620PE,AUROPHARMA,27OCT2026,162000.000000,550,OPTSTK,NFO,5.000000,16501,False
73726,AUROPHARMA27OCT261700PE,AUROPHARMA,27OCT2026,170000.000000,550,OPTSTK,NFO,5.000000,16501,False
73765,AUROPHARMA23NOV261360CE,AUROPHARMA,23NOV2026,136000.000000,550,OPTSTK,NFO,5.000000,16501,False
73771,AUROPHARMA23NOV261480CE,AUROPHARMA,23NOV2026,148000.000000,550,OPTSTK,NFO,5.000000,16501,False
73785,AUROPHARMA23NOV261680CE,AUROPHARMA,23NOV2026,168000.000000,550,OPTSTK,NFO,5.000000,16501,False
73848,NIFTY29SEP2621700PE,NIFTY,29SEP2026,2170000.000000,65,OPTIDX,NFO,5.000000,1801,False
73868,NIFTY29SEP2622050PE,NIFTY,29SEP2026,2205000.000000,65,OPTIDX,NFO,5.000000,1801,False
73872,NIFTY29SEP2622150PE,NIFTY,29SEP2026,2215000.000000,65,OPTIDX,NFO,5.000000,1801,False
73880,NIFTY29SEP2622350PE,NIFTY,29SEP2026,2235000.000000,65,OPTIDX,NFO,5.000000,1801,False
73886,NIFTY29SEP2622550PE,NIFTY,29SEP2026,2255000.000000,65,OPTIDX,NFO,5.000000,1801,False
73888,NIFTY29SEP2622600PE,NIFTY,29SEP2026,2260000.000000,65,OPTIDX,NFO,5.000000,1801,False
73901,NIFTY29SEP2622950CE,NIFTY,29SEP2026,2295000.000000,65,OPTIDX,NFO,5.000000,1801,False
73921,NIFTY29SEP2623250CE,NIFTY,29SEP2026,2325000.000000,65,OPTIDX,NFO,5.000000,1801,False
73923,NIFTY29SEP2623300CE,NIFTY,29SEP2026,2330000.000000,65,OPTIDX,NFO,5.000000,1801,False
73927,NIFTY29SEP2623400CE,NIFTY,29SEP2026,2340000.000000,65,OPTIDX,NFO,5.000000,1801,False
73972,AXISBANK27OCT261140PE,AXISBANK,27OCT2026,114000.000000,625,OPTSTK,NFO,5.000000,18751,False
74002,NIFTY29SEP2623550PE,NIFTY,29SEP2026,2355000.000000,65,OPTIDX,NFO,5.000000,1801,False
74107,NIFTY29SEP2624300CE,NIFTY,29SEP2026,2430000.000000,65,OPTIDX,NFO,5.000000,1801,False
74108,NIFTY29SEP2624300PE,NIFTY,29SEP2026,2430000.000000,65,OPTIDX,NFO,5.000000,1801,False
74057,NIFTY29SEP2623900PE,NIFTY,29SEP2026,2390000.000000,65,OPTIDX,NFO,5.000000,1801,False
74065,NIFTY29SEP2624100PE,NIFTY,29SEP2026,2410000.000000,65,OPTIDX,NFO,5.000000,1801,False
74169,AXISBANK23NOV261520CE,AXISBANK,23NOV2026,152000.000000,625,OPTSTK,NFO,5.000000,18751,False
74146,AXISBANK23NOV261040PE,AXISBANK,23NOV2026,104000.000000,625,OPTSTK,NFO,5.000000,18751,False
74150,AXISBANK23NOV261120PE,AXISBANK,23NOV2026,112000.000000,625,OPTSTK,NFO,5.000000,18751,False
74160,AXISBANK23NOV261320PE,AXISBANK,23NOV2026,132000.000000,625,OPTSTK,NFO,5.000000,18751,False
74244,GAIL29SEP26157.5CE,GAIL,29SEP2026,15750.000000,3550,OPTSTK,NFO,1.000000,142001,False
74246,GAIL29SEP26162.5CE,GAIL,29SEP2026,16250.000000,3550,OPTSTK,NFO,1.000000,142001,False
74273,GAIL29SEP26182.5PE,GAIL,29SEP2026,18250.000000,3550,OPTSTK,NFO,1.000000,142001,False
74353,NIFTY29SEP2624700CE,NIFTY,29SEP2026,2470000.000000,65,OPTIDX,NFO,5.000000,1801,False
74360,NIFTY29SEP2624850PE,NIFTY,29SEP2026,2485000.000000,65,OPTIDX,NFO,5.000000,1801,False
74395,NIFTY29SEP2625450CE,NIFTY,29SEP2026,2545000.000000,65,OPTIDX,NFO,5.000000,1801,False
74414,NIFTY29SEP2625650CE,NIFTY,29SEP2026,2565000.000000,65,OPTIDX,NFO,5.000000,1801,False
74416,NIFTY29SEP2625700CE,NIFTY,29SEP2026,2570000.000000,65,OPTIDX,NFO,5.000000,1801,False
74421,NIFTY29SEP2625800PE,NIFTY,29SEP2026,2580000.000000,65,OPTIDX,NFO,5.000000,1801,False
74438,NIFTY29SEP2626050CE,NIFTY,29SEP2026,2605000.000000,65,OPTIDX,NFO,5.000000,1801,False
74443,NIFTY29SEP2626100PE,NIFTY,29SEP2026,2610000.000000,65,OPTIDX,NFO,5.000000,1801,False
74480,NIFTY29SEP2626450PE,NIFTY,29SEP2026,2645000.000000,65,OPTIDX,NFO,5.000000,1801,False
74486,NIFTY29SEP2626600PE,NIFTY,29SEP2026,2660000.000000,65,OPTIDX,NFO,5.000000,1801,False
74493,NIFTY29SEP2626800CE,NIFTY,29SEP2026,2680000.000000,65,OPTIDX,NFO,5.000000,1801,False
74643,NIFTY24JUN3119500CE,NIFTY,24JUN2031,1950000.000000,65,OPTIDX,NFO,5.000000,1801,False
74646,NIFTY24JUN3121000PE,NIFTY,24JUN2031,2100000.000000,65,OPTIDX,NFO,5.000000,1801,False
74649,NIFTY24JUN3124000CE,NIFTY,24JUN2031,2400000.000000,65,OPTIDX,NFO,5.000000,1801,False
74665,NIFTY24JUN3133000CE,NIFTY,24JUN2031,3300000.000000,65,OPTIDX,NFO,5.000000,1801,False
74666,NIFTY24JUN3133000PE,NIFTY,24JUN2031,3300000.000000,65,OPTIDX,NFO,5.000000,1801,False
74696,GAIL27OCT26190CE,GAIL,27OCT2026,19000.000000,3550,OPTSTK,NFO,1.000000,142001,False
74702,GAIL27OCT26205CE,GAIL,27OCT2026,20500.000000,3550,OPTSTK,NFO,1.000000,142001,False
74924,BAJAJ-AUTO23NOV2612000CE,BAJAJ-AUTO,23NOV2026,1200000.000000,75,OPTSTK,NFO,5.000000,2251,False
74931,BAJAJ-AUTO23NOV2612600PE,BAJAJ-AUTO,23NOV2026,1260000.000000,75,OPTSTK,NFO,5.000000,2251,False
74936,BAJAJ-AUTO23NOV2613200CE,BAJAJ-AUTO,23NOV2026,1320000.000000,75,OPTSTK,NFO,5.000000,2251,False
74944,BAJAJ-AUTO23NOV2614000CE,BAJAJ-AUTO,23NOV2026,1400000.000000,75,OPTSTK,NFO,5.000000,2251,False
74953,GLENMARK29SEP262660CE,GLENMARK,29SEP2026,266000.000000,375,OPTSTK,NFO,5.000000,11251,False
75069,BAJAJFINSV27OCT261780CE,BAJAJFINSV,27OCT2026,178000.000000,300,OPTSTK,NFO,5.000000,12001,False
75089,NIFTYNXT5029SEP2664100CE,NIFTYNXT50,29SEP2026,6410000.000000,25,OPTIDX,NFO,5.000000,601,False
75098,NIFTYNXT5029SEP2664500CE,NIFTYNXT50,29SEP2026,6450000.000000,25,OPTIDX,NFO,5.000000,601,False
75113,GLENMARK27OCT262120CE,GLENMARK,27OCT2026,212000.000000,375,OPTSTK,NFO,5.000000,11251,False
75129,BAJAJFINSV27OCT262020PE,BAJAJFINSV,27OCT2026,202000.000000,300,OPTSTK,NFO,5.000000,12001,False
75132,BAJAJFINSV27OCT262100CE,BAJAJFINSV,27OCT2026,210000.000000,300,OPTSTK,NFO,5.000000,12001,False
75133,NIFTYNXT5029SEP2665600CE,NIFTYNXT50,29SEP2026,6560000.000000,25,OPTIDX,NFO,5.000000,601,False
75134,NIFTYNXT5029SEP2665600PE,NIFTYNXT50,29SEP2026,6560000.000000,25,OPTIDX,NFO,5.000000,601,False
75136,BAJAJFINSV27OCT262140CE,BAJAJFINSV,27OCT2026,214000.000000,300,OPTSTK,NFO,5.000000,12001,False
75172,GLENMARK27OCT262360PE,GLENMARK,27OCT2026,236000.000000,375,OPTSTK,NFO,5.000000,11251,False
75219,NIFTYNXT5029SEP2666100CE,NIFTYNXT50,29SEP2026,6610000.000000,25,OPTIDX,NFO,5.000000,601,False
75247,GMRAIRPORT29SEP2689CE,GMRAIRPORT,29SEP2026,8900.000000,6975,OPTSTK,NFO,1.000000,209251,False
75257,NIFTYNXT5029SEP2667300CE,NIFTYNXT50,29SEP2026,6730000.000000,25,OPTIDX,NFO,5.000000,601,False
75266,GMRAIRPORT29SEP2699CE,GMRAIRPORT,29SEP2026,9900.000000,6975,OPTSTK,NFO,1.000000,209251,False
75274,GMRAIRPORT29SEP26107CE,GMRAIRPORT,29SEP2026,10700.000000,6975,OPTSTK,NFO,1.000000,209251,False
75309,NIFTYNXT5029SEP2668300CE,NIFTYNXT50,29SEP2026,6830000.000000,25,OPTIDX,NFO,5.000000,601,False
75326,NIFTYNXT5029SEP2669100PE,NIFTYNXT50,29SEP2026,6910000.000000,25,OPTIDX,NFO,5.000000,601,False
75446,GMRAIRPORT27OCT2690PE,GMRAIRPORT,27OCT2026,9000.000000,6975,OPTSTK,NFO,1.000000,209251,False
75456,GMRAIRPORT27OCT2698CE,GMRAIRPORT,27OCT2026,9800.000000,6975,OPTSTK,NFO,1.000000,209251,False
75458,GMRAIRPORT27OCT26100CE,GMRAIRPORT,27OCT2026,10000.000000,6975,OPTSTK,NFO,1.000000,209251,False
75462,GMRAIRPORT27OCT26104CE,GMRAIRPORT,27OCT2026,10400.000000,6975,OPTSTK,NFO,1.000000,209251,False
75482,BAJAJFINSV23NOV261680CE,BAJAJFINSV,23NOV2026,168000.000000,300,OPTSTK,NFO,5.000000,12001,False
75503,NIFTYNXT5029SEP2670900PE,NIFTYNXT50,29SEP2026,7090000.000000,25,OPTIDX,NFO,5.000000,601,False
75517,NIFTYNXT5029SEP2671600PE,NIFTYNXT50,29SEP2026,7160000.000000,25,OPTIDX,NFO,5.000000,601,False
75520,NIFTYNXT5029SEP2671800CE,NIFTYNXT50,29SEP2026,7180000.000000,25,OPTIDX,NFO,5.000000,601,False
75527,BAJAJFINSV23NOV261920PE,BAJAJFINSV,23NOV2026,192000.000000,300,OPTSTK,NFO,5.000000,12001,False
75531,BAJAJFINSV23NOV262000PE,BAJAJFINSV,23NOV2026,200000.000000,300,OPTSTK,NFO,5.000000,12001,False
75550,GMRAIRPORT27OCT26114CE,GMRAIRPORT,27OCT2026,11400.000000,6975,OPTSTK,NFO,1.000000,209251,False
75555,BAJAJFINSV23NOV262200CE,BAJAJFINSV,23NOV2026,220000.000000,300,OPTSTK,NFO,5.000000,12001,False
75610,GODFRYPHLP29SEP261850CE,GODFRYPHLP,29SEP2026,185000.000000,275,OPTSTK,NFO,5.000000,11001,False
69659,BANKNIFTY29SEP2651600PE,BANKNIFTY,29SEP2026,5160000.000000,30,OPTIDX,NFO,5.000000,601,False
75611,GODFRYPHLP29SEP261850PE,GODFRYPHLP,29SEP2026,185000.000000,275,OPTSTK,NFO,5.000000,11001,False
75619,GODFRYPHLP29SEP262250PE,GODFRYPHLP,29SEP2026,225000.000000,275,OPTSTK,NFO,5.000000,11001,False
75644,NIFTYNXT5029SEP2673000CE,NIFTYNXT50,29SEP2026,7300000.000000,25,OPTIDX,NFO,5.000000,601,False
69671,BANKNIFTY29SEP2652200PE,BANKNIFTY,29SEP2026,5220000.000000,30,OPTIDX,NFO,5.000000,601,False
69682,BANKNIFTY29SEP2652900CE,BANKNIFTY,29SEP2026,5290000.000000,30,OPTIDX,NFO,5.000000,601,False
69684,BANKNIFTY29SEP2653000CE,BANKNIFTY,29SEP2026,5300000.000000,30,OPTIDX,NFO,5.000000,601,False
69691,BANKNIFTY29SEP2653300PE,BANKNIFTY,29SEP2026,5330000.000000,30,OPTIDX,NFO,5.000000,601,False
69697,BANKNIFTY29SEP2653600PE,BANKNIFTY,29SEP2026,5360000.000000,30,OPTIDX,NFO,5.000000,601,False
69712,AMBUJACEM27OCT26435CE,AMBUJACEM,27OCT2026,43500.000000,1200,OPTSTK,NFO,5.000000,60001,False
69722,BANKNIFTY29SEP2654500CE,BANKNIFTY,29SEP2026,5450000.000000,30,OPTIDX,NFO,5.000000,601,False
69812,BANKNIFTY29SEP2656900PE,BANKNIFTY,29SEP2026,5690000.000000,30,OPTIDX,NFO,5.000000,601,False
69870,BANKNIFTY29SEP2658800CE,BANKNIFTY,29SEP2026,5880000.000000,30,OPTIDX,NFO,5.000000,601,False
69872,BANKNIFTY29SEP2658900CE,BANKNIFTY,29SEP2026,5890000.000000,30,OPTIDX,NFO,5.000000,601,False
69920,AMBUJACEM23NOV26390PE,AMBUJACEM,23NOV2026,39000.000000,1200,OPTSTK,NFO,5.000000,60001,False
69925,AMBUJACEM23NOV26420CE,AMBUJACEM,23NOV2026,42000.000000,1200,OPTSTK,NFO,5.000000,60001,False
69937,AMBUJACEM23NOV26480CE,AMBUJACEM,23NOV2026,48000.000000,1200,OPTSTK,NFO,5.000000,60001,False
69938,AMBUJACEM23NOV26480PE,AMBUJACEM,23NOV2026,48000.000000,1200,OPTSTK,NFO,5.000000,60001,False
69977,ANGELONE27OCT26275CE,ANGELONE,27OCT2026,27500.000000,2500,OPTSTK,NFO,5.000000,75001,False
69980,ANGELONE27OCT26285PE,ANGELONE,27OCT2026,28500.000000,2500,OPTSTK,NFO,5.000000,75001,False
69986,ANGELONE27OCT26315CE,ANGELONE,27OCT2026,31500.000000,2500,OPTSTK,NFO,5.000000,75001,False
69993,BANKNIFTY29SEP2659600PE,BANKNIFTY,29SEP2026,5960000.000000,30,OPTIDX,NFO,5.000000,601,False
70018,BANKNIFTY29SEP2660400PE,BANKNIFTY,29SEP2026,6040000.000000,30,OPTIDX,NFO,5.000000,601,False
70019,BANKNIFTY29SEP2660500CE,BANKNIFTY,29SEP2026,6050000.000000,30,OPTIDX,NFO,5.000000,601,False
70028,BANKNIFTY29SEP2660900PE,BANKNIFTY,29SEP2026,6090000.000000,30,OPTIDX,NFO,5.000000,601,False
70029,BANKNIFTY29SEP2661000CE,BANKNIFTY,29SEP2026,6100000.000000,30,OPTIDX,NFO,5.000000,601,False
70035,BANKNIFTY29SEP2661300CE,BANKNIFTY,29SEP2026,6130000.000000,30,OPTIDX,NFO,5.000000,601,False
70038,BANKNIFTY29SEP2661400PE,BANKNIFTY,29SEP2026,6140000.000000,30,OPTIDX,NFO,5.000000,601,False
70042,BANKNIFTY29SEP2661600PE,BANKNIFTY,29SEP2026,6160000.000000,30,OPTIDX,NFO,5.000000,601,False
70051,BANKNIFTY29SEP2662000CE,BANKNIFTY,29SEP2026,6200000.000000,30,OPTIDX,NFO,5.000000,601,False
70077,BANKNIFTY29SEP2662000PE,BANKNIFTY,29SEP2026,6200000.000000,30,OPTIDX,NFO,5.000000,601,False
70080,BANKNIFTY29SEP2662200CE,BANKNIFTY,29SEP2026,6220000.000000,30,OPTIDX,NFO,5.000000,601,False
70081,BANKNIFTY29SEP2662200PE,BANKNIFTY,29SEP2026,6220000.000000,30,OPTIDX,NFO,5.000000,601,False
70083,BANKNIFTY29SEP2662300PE,BANKNIFTY,29SEP2026,6230000.000000,30,OPTIDX,NFO,5.000000,601,False
70088,BANKNIFTY29SEP2662600CE,BANKNIFTY,29SEP2026,6260000.000000,30,OPTIDX,NFO,5.000000,601,False
70110,BANKNIFTY29SEP2663700PE,BANKNIFTY,29SEP2026,6370000.000000,30,OPTIDX,NFO,5.000000,601,False
70115,BANKNIFTY29SEP2664000CE,BANKNIFTY,29SEP2026,6400000.000000,30,OPTIDX,NFO,5.000000,601,False
70207,DRREDDY29SEP261050PE,DRREDDY,29SEP2026,105000.000000,625,OPTSTK,NFO,5.000000,18751,False
70208,BANKNIFTY29SEP2665000PE,BANKNIFTY,29SEP2026,6500000.000000,30,OPTIDX,NFO,5.000000,601,False
70226,ANGELONE23NOV26220PE,ANGELONE,23NOV2026,22000.000000,2500,OPTSTK,NFO,5.000000,75001,False
70277,ANGELONE23NOV26300CE,ANGELONE,23NOV2026,30000.000000,2500,OPTSTK,NFO,5.000000,75001,False
70270,DRREDDY29SEP261070CE,DRREDDY,29SEP2026,107000.000000,625,OPTSTK,NFO,5.000000,18751,False
70272,ANGELONE23NOV26270PE,ANGELONE,23NOV2026,27000.000000,2500,OPTSTK,NFO,5.000000,75001,False
70275,ANGELONE23NOV26290CE,ANGELONE,23NOV2026,29000.000000,2500,OPTSTK,NFO,5.000000,75001,False
70408,DRREDDY29SEP261170PE,DRREDDY,29SEP2026,117000.000000,625,OPTSTK,NFO,5.000000,18751,False
70411,DRREDDY29SEP261190CE,DRREDDY,29SEP2026,119000.000000,625,OPTSTK,NFO,5.000000,18751,False
70452,DRREDDY29SEP261310CE,DRREDDY,29SEP2026,131000.000000,625,OPTSTK,NFO,5.000000,18751,False
70464,APLAPOLLO27OCT262060PE,APLAPOLLO,27OCT2026,206000.000000,350,OPTSTK,NFO,5.000000,10501,False
70466,APLAPOLLO27OCT262100CE,APLAPOLLO,27OCT2026,210000.000000,350,OPTSTK,NFO,5.000000,10501,False
70479,APLAPOLLO27OCT262300CE,APLAPOLLO,27OCT2026,230000.000000,350,OPTSTK,NFO,5.000000,10501,False
70484,APLAPOLLO27OCT262380PE,APLAPOLLO,27OCT2026,238000.000000,350,OPTSTK,NFO,5.000000,10501,False
70647,APLAPOLLO23NOV261920CE,APLAPOLLO,23NOV2026,192000.000000,350,OPTSTK,NFO,5.000000,10501,False
70665,APLAPOLLO23NOV262120PE,APLAPOLLO,23NOV2026,212000.000000,350,OPTSTK,NFO,5.000000,10501,False
70773,DRREDDY27OCT26980PE,DRREDDY,27OCT2026,98000.000000,625,OPTSTK,NFO,5.000000,18751,False
70794,BANKNIFTY29JUN2758500CE,BANKNIFTY,29JUN2027,5850000.000000,30,OPTIDX,NFO,5.000000,601,False
70805,BANKNIFTY29JUN2766000PE,BANKNIFTY,29JUN2027,6600000.000000,30,OPTIDX,NFO,5.000000,601,False
70825,APOLLOHOSP27OCT267900CE,APOLLOHOSP,27OCT2026,790000.000000,125,OPTSTK,NFO,5.000000,2501,False
70828,APOLLOHOSP27OCT268100PE,APOLLOHOSP,27OCT2026,810000.000000,125,OPTSTK,NFO,5.000000,2501,False
70835,APOLLOHOSP27OCT268900CE,APOLLOHOSP,27OCT2026,890000.000000,125,OPTSTK,NFO,5.000000,2501,False
70839,APOLLOHOSP27OCT269300CE,APOLLOHOSP,27OCT2026,930000.000000,125,OPTSTK,NFO,5.000000,2501,False
70840,APOLLOHOSP27OCT269300PE,APOLLOHOSP,27OCT2026,930000.000000,125,OPTSTK,NFO,5.000000,2501,False
70904,DRREDDY27OCT261140PE,DRREDDY,27OCT2026,114000.000000,625,OPTSTK,NFO,5.000000,18751,False
70912,DRREDDY27OCT261220PE,DRREDDY,27OCT2026,122000.000000,625,OPTSTK,NFO,5.000000,18751,False
70921,DRREDDY27OCT261320CE,DRREDDY,27OCT2026,132000.000000,625,OPTSTK,NFO,5.000000,18751,False
70922,DRREDDY27OCT261320PE,DRREDDY,27OCT2026,132000.000000,625,OPTSTK,NFO,5.000000,18751,False
70925,DRREDDY27OCT261360CE,DRREDDY,27OCT2026,136000.000000,625,OPTSTK,NFO,5.000000,18751,False
70968,APOLLOHOSP23NOV268000PE,APOLLOHOSP,23NOV2026,800000.000000,125,OPTSTK,NFO,5.000000,2501,False
70972,APOLLOHOSP23NOV268400PE,APOLLOHOSP,23NOV2026,840000.000000,125,OPTSTK,NFO,5.000000,2501,False
70975,APOLLOHOSP23NOV268800CE,APOLLOHOSP,23NOV2026,880000.000000,125,OPTSTK,NFO,5.000000,2501,False
70978,APOLLOHOSP23NOV269000PE,APOLLOHOSP,23NOV2026,900000.000000,125,OPTSTK,NFO,5.000000,2501,False
70979,APOLLOHOSP23NOV269200CE,APOLLOHOSP,23NOV2026,920000.000000,125,OPTSTK,NFO,5.000000,2501,False
70985,APOLLOHOSP23NOV269800CE,APOLLOHOSP,23NOV2026,980000.000000,125,OPTSTK,NFO,5.000000,2501,False
71024,ASHOKLEY27OCT26152.5PE,ASHOKLEY,27OCT2026,15250.000000,5000,OPTSTK,NFO,1.000000,150001,False
71043,ASHOKLEY27OCT26192.5PE,ASHOKLEY,27OCT2026,19250.000000,5000,OPTSTK,NFO,1.000000,150001,False
71033,ASHOKLEY27OCT26177.5CE,ASHOKLEY,27OCT2026,17750.000000,5000,OPTSTK,NFO,1.000000,150001,False
71037,ASHOKLEY27OCT26187.5CE,ASHOKLEY,27OCT2026,18750.000000,5000,OPTSTK,NFO,1.000000,150001,False
71080,EICHERMOT29SEP266500PE,EICHERMOT,29SEP2026,650000.000000,100,OPTSTK,NFO,5.000000,3001,False
71087,EICHERMOT29SEP267100CE,EICHERMOT,29SEP2026,710000.000000,100,OPTSTK,NFO,5.000000,3001,False
71147,ASHOKLEY23NOV26160PE,ASHOKLEY,23NOV2026,16000.000000,5000,OPTSTK,NFO,1.000000,150001,False
71157,ASHOKLEY23NOV26185PE,ASHOKLEY,23NOV2026,18500.000000,5000,OPTSTK,NFO,1.000000,150001,False
71162,ASHOKLEY23NOV26200CE,ASHOKLEY,23NOV2026,20000.000000,5000,OPTSTK,NFO,1.000000,150001,False
71229,ASIANPAINT27OCT262340PE,ASIANPAINT,27OCT2026,234000.000000,250,OPTSTK,NFO,5.000000,10001,False
71238,ASIANPAINT27OCT262460CE,ASIANPAINT,27OCT2026,246000.000000,250,OPTSTK,NFO,5.000000,10001,False
71255,ASIANPAINT27OCT262700CE,ASIANPAINT,27OCT2026,270000.000000,250,OPTSTK,NFO,5.000000,10001,False
71358,ASIANPAINT27OCT262900CE,ASIANPAINT,27OCT2026,290000.000000,250,OPTSTK,NFO,5.000000,10001,False
71362,EICHERMOT27OCT266400PE,EICHERMOT,27OCT2026,640000.000000,100,OPTSTK,NFO,5.000000,3001,False
71419,EICHERMOT27OCT268400PE,EICHERMOT,27OCT2026,840000.000000,100,OPTSTK,NFO,5.000000,3001,False
71502,NIFTY29DEC2624000PE,NIFTY,29DEC2026,2400000.000000,65,OPTIDX,NFO,5.000000,1801,False
71550,NIFTY29JUN2719000PE,NIFTY,29JUN2027,1900000.000000,65,OPTIDX,NFO,5.000000,1801,False
71581,ASIANPAINT23NOV262080PE,ASIANPAINT,23NOV2026,208000.000000,250,OPTSTK,NFO,5.000000,10001,False
71584,ETERNAL29SEP26295CE,ETERNAL,29SEP2026,29500.000000,2425,OPTSTK,NFO,5.000000,72751,False
71585,ETERNAL29SEP26295PE,ETERNAL,29SEP2026,29500.000000,2425,OPTSTK,NFO,5.000000,72751,False
71586,ETERNAL29SEP26305CE,ETERNAL,29SEP2026,30500.000000,2425,OPTSTK,NFO,5.000000,72751,False
71589,ETERNAL29SEP26315PE,ETERNAL,29SEP2026,31500.000000,2425,OPTSTK,NFO,5.000000,72751,False
71594,ETERNAL29SEP26345CE,ETERNAL,29SEP2026,34500.000000,2425,OPTSTK,NFO,5.000000,72751,False
71625,ASIANPAINT23NOV262600PE,ASIANPAINT,23NOV2026,260000.000000,250,OPTSTK,NFO,5.000000,10001,False
71626,ASIANPAINT23NOV262640CE,ASIANPAINT,23NOV2026,264000.000000,250,OPTSTK,NFO,5.000000,10001,False
71629,ASIANPAINT23NOV262680PE,ASIANPAINT,23NOV2026,268000.000000,250,OPTSTK,NFO,5.000000,10001,False
71631,ASIANPAINT23NOV262720PE,ASIANPAINT,23NOV2026,272000.000000,250,OPTSTK,NFO,5.000000,10001,False
71632,ASIANPAINT23NOV262760CE,ASIANPAINT,23NOV2026,276000.000000,250,OPTSTK,NFO,5.000000,10001,False
71647,ASIANPAINT23NOV263040PE,ASIANPAINT,23NOV2026,304000.000000,250,OPTSTK,NFO,5.000000,10001,False
71708,ASTRAL27OCT261340PE,ASTRAL,27OCT2026,134000.000000,425,OPTSTK,NFO,5.000000,17001,False
71733,FINNIFTY29SEP2624000PE,FINNIFTY,29SEP2026,2400000.000000,60,OPTIDX,NFO,5.000000,1801,False
71744,ASTRAL27OCT261460CE,ASTRAL,27OCT2026,146000.000000,425,OPTSTK,NFO,5.000000,17001,False
71751,ASTRAL27OCT261500PE,ASTRAL,27OCT2026,150000.000000,425,OPTSTK,NFO,5.000000,17001,False
71756,ASTRAL27OCT261580CE,ASTRAL,27OCT2026,158000.000000,425,OPTSTK,NFO,5.000000,17001,False
71757,ASTRAL27OCT261580PE,ASTRAL,27OCT2026,158000.000000,425,OPTSTK,NFO,5.000000,17001,False
71779,FINNIFTY29SEP2625500CE,FINNIFTY,29SEP2026,2550000.000000,60,OPTIDX,NFO,5.000000,1801,False
71781,FINNIFTY29SEP2625600CE,FINNIFTY,29SEP2026,2560000.000000,60,OPTIDX,NFO,5.000000,1801,False
71792,FINNIFTY29SEP2626100CE,FINNIFTY,29SEP2026,2610000.000000,60,OPTIDX,NFO,5.000000,1801,False
71832,FINNIFTY29SEP2626600PE,FINNIFTY,29SEP2026,2660000.000000,60,OPTIDX,NFO,5.000000,1801,False
71848,FINNIFTY29SEP2627000PE,FINNIFTY,29SEP2026,2700000.000000,60,OPTIDX,NFO,5.000000,1801,False
71859,FINNIFTY29SEP2627100PE,FINNIFTY,29SEP2026,2710000.000000,60,OPTIDX,NFO,5.000000,1801,False
71879,FINNIFTY29SEP2627500PE,FINNIFTY,29SEP2026,2750000.000000,60,OPTIDX,NFO,5.000000,1801,False
71907,ASTRAL23NOV261200CE,ASTRAL,23NOV2026,120000.000000,425,OPTSTK,NFO,5.000000,17001,False
71972,FINNIFTY29SEP2628800PE,FINNIFTY,29SEP2026,2880000.000000,60,OPTIDX,NFO,5.000000,1801,False
71975,FINNIFTY29SEP2629000CE,FINNIFTY,29SEP2026,2900000.000000,60,OPTIDX,NFO,5.000000,1801,False
71987,FINNIFTY29SEP2629600CE,FINNIFTY,29SEP2026,2960000.000000,60,OPTIDX,NFO,5.000000,1801,False
71976,FINNIFTY29SEP2629000PE,FINNIFTY,29SEP2026,2900000.000000,60,OPTIDX,NFO,5.000000,1801,False
71981,FINNIFTY29SEP2629300CE,FINNIFTY,29SEP2026,2930000.000000,60,OPTIDX,NFO,5.000000,1801,False
72032,ETERNAL27OCT26270CE,ETERNAL,27OCT2026,27000.000000,2425,OPTSTK,NFO,5.000000,72751,False
72039,ASTRAL23NOV261360PE,ASTRAL,23NOV2026,136000.000000,425,OPTSTK,NFO,5.000000,17001,False
72046,ETERNAL27OCT26320CE,ETERNAL,27OCT2026,32000.000000,2425,OPTSTK,NFO,5.000000,72751,False
72050,ETERNAL27OCT26340CE,ETERNAL,27OCT2026,34000.000000,2425,OPTSTK,NFO,5.000000,72751,False
72055,ETERNAL27OCT26360PE,ETERNAL,27OCT2026,36000.000000,2425,OPTSTK,NFO,5.000000,72751,False
72060,ASTRAL23NOV261400CE,ASTRAL,23NOV2026,140000.000000,425,OPTSTK,NFO,5.000000,17001,False
72063,ASTRAL23NOV261440PE,ASTRAL,23NOV2026,144000.000000,425,OPTSTK,NFO,5.000000,17001,False
72078,ASTRAL23NOV261640CE,ASTRAL,23NOV2026,164000.000000,425,OPTSTK,NFO,5.000000,17001,False
72160,ATHERENERG29SEP261280CE,ATHERENERG,29SEP2026,128000.000000,375,OPTSTK,NFO,5.000000,15001,False
72196,ATHERENERG29SEP261380CE,ATHERENERG,29SEP2026,138000.000000,375,OPTSTK,NFO,5.000000,15001,False
72203,ATHERENERG29SEP261440PE,ATHERENERG,29SEP2026,144000.000000,375,OPTSTK,NFO,5.000000,15001,False
72215,FEDERALBNK29SEP26325CE,FEDERALBNK,29SEP2026,32500.000000,2500,OPTSTK,NFO,5.000000,75001,False
72396,FEDERALBNK27OCT26290CE,FEDERALBNK,27OCT2026,29000.000000,2500,OPTSTK,NFO,5.000000,75001,False
72399,FEDERALBNK27OCT26300PE,FEDERALBNK,27OCT2026,30000.000000,2500,OPTSTK,NFO,5.000000,75001,False
72407,FEDERALBNK27OCT26330PE,FEDERALBNK,27OCT2026,33000.000000,2500,OPTSTK,NFO,5.000000,75001,False
72417,ATHERENERG29SEP261520CE,ATHERENERG,29SEP2026,152000.000000,375,OPTSTK,NFO,5.000000,15001,False
72427,ATHERENERG29SEP261580PE,ATHERENERG,29SEP2026,158000.000000,375,OPTSTK,NFO,5.000000,15001,False
72439,ATHERENERG29SEP261680PE,ATHERENERG,29SEP2026,168000.000000,375,OPTSTK,NFO,5.000000,15001,False
72477,FORCEMOT29SEP2617500CE,FORCEMOT,29SEP2026,1750000.000000,25,OPTSTK,NFO,5.000000,1251,False
72510,ATHERENERG29SEP261760PE,ATHERENERG,29SEP2026,176000.000000,375,OPTSTK,NFO,5.000000,15001,False
72516,ATHERENERG29SEP261800PE,ATHERENERG,29SEP2026,180000.000000,375,OPTSTK,NFO,5.000000,15001,False
72518,ATHERENERG29SEP261820PE,ATHERENERG,29SEP2026,182000.000000,375,OPTSTK,NFO,5.000000,15001,False
72526,ATHERENERG29SEP261880PE,ATHERENERG,29SEP2026,188000.000000,375,OPTSTK,NFO,5.000000,15001,False
72527,ATHERENERG29SEP261920CE,ATHERENERG,29SEP2026,192000.000000,375,OPTSTK,NFO,5.000000,15001,False
72615,MIDCPNIFTY29SEP2612875PE,MIDCPNIFTY,29SEP2026,1287500.000000,120,OPTIDX,NFO,5.000000,2801,False
72635,MIDCPNIFTY29SEP2613125PE,MIDCPNIFTY,29SEP2026,1312500.000000,120,OPTIDX,NFO,5.000000,2801,False
72638,MIDCPNIFTY29SEP2613175CE,MIDCPNIFTY,29SEP2026,1317500.000000,120,OPTIDX,NFO,5.000000,2801,False
72639,MIDCPNIFTY29SEP2613175PE,MIDCPNIFTY,29SEP2026,1317500.000000,120,OPTIDX,NFO,5.000000,2801,False
72645,MIDCPNIFTY29SEP2613250PE,MIDCPNIFTY,29SEP2026,1325000.000000,120,OPTIDX,NFO,5.000000,2801,False
72671,FORCEMOT27OCT2615000PE,FORCEMOT,27OCT2026,1500000.000000,25,OPTSTK,NFO,5.000000,1251,False
72672,FORCEMOT27OCT2616000CE,FORCEMOT,27OCT2026,1600000.000000,25,OPTSTK,NFO,5.000000,1251,False
72683,FORCEMOT27OCT2621000PE,FORCEMOT,27OCT2026,2100000.000000,25,OPTSTK,NFO,5.000000,1251,False
72790,ATHERENERG27OCT261420CE,ATHERENERG,27OCT2026,142000.000000,375,OPTSTK,NFO,5.000000,15001,False
72792,MIDCPNIFTY29SEP2613825PE,MIDCPNIFTY,29SEP2026,1382500.000000,120,OPTIDX,NFO,5.000000,2801,False
72797,MIDCPNIFTY29SEP2613900CE,MIDCPNIFTY,29SEP2026,1390000.000000,120,OPTIDX,NFO,5.000000,2801,False
72799,MIDCPNIFTY29SEP2613925CE,MIDCPNIFTY,29SEP2026,1392500.000000,120,OPTIDX,NFO,5.000000,2801,False
72800,MIDCPNIFTY29SEP2613925PE,MIDCPNIFTY,29SEP2026,1392500.000000,120,OPTIDX,NFO,5.000000,2801,False
72809,ATHERENERG27OCT261440CE,ATHERENERG,27OCT2026,144000.000000,375,OPTSTK,NFO,5.000000,15001,False
72810,ATHERENERG27OCT261440PE,ATHERENERG,27OCT2026,144000.000000,375,OPTSTK,NFO,5.000000,15001,False
72811,ATHERENERG27OCT261460CE,ATHERENERG,27OCT2026,146000.000000,375,OPTSTK,NFO,5.000000,15001,False
72824,MIDCPNIFTY29SEP2614100PE,MIDCPNIFTY,29SEP2026,1410000.000000,120,OPTIDX,NFO,5.000000,2801,False
72838,FORTIS29SEP26850CE,FORTIS,29SEP2026,85000.000000,775,OPTSTK,NFO,5.000000,23251,False
72843,MIDCPNIFTY29SEP2614200PE,MIDCPNIFTY,29SEP2026,1420000.000000,120,OPTIDX,NFO,5.000000,2801,False
72849,FORTIS29SEP26890PE,FORTIS,29SEP2026,89000.000000,775,OPTSTK,NFO,5.000000,23251,False
72866,ATHERENERG27OCT261680CE,ATHERENERG,27OCT2026,168000.000000,375,OPTSTK,NFO,5.000000,15001,False
72880,ATHERENERG27OCT261820CE,ATHERENERG,27OCT2026,182000.000000,375,OPTSTK,NFO,5.000000,15001,False
72936,MIDCPNIFTY29SEP2614475CE,MIDCPNIFTY,29SEP2026,1447500.000000,120,OPTIDX,NFO,5.000000,2801,False
72961,MIDCPNIFTY29SEP2614775PE,MIDCPNIFTY,29SEP2026,1477500.000000,120,OPTIDX,NFO,5.000000,2801,False
72962,MIDCPNIFTY29SEP2614800CE,MIDCPNIFTY,29SEP2026,1480000.000000,120,OPTIDX,NFO,5.000000,2801,False
72972,MIDCPNIFTY29SEP2614900CE,MIDCPNIFTY,29SEP2026,1490000.000000,120,OPTIDX,NFO,5.000000,2801,False
72973,MIDCPNIFTY29SEP2614900PE,MIDCPNIFTY,29SEP2026,1490000.000000,120,OPTIDX,NFO,5.000000,2801,False
72984,MIDCPNIFTY29SEP2615025CE,MIDCPNIFTY,29SEP2026,1502500.000000,120,OPTIDX,NFO,5.000000,2801,False
72990,MIDCPNIFTY29SEP2615100CE,MIDCPNIFTY,29SEP2026,1510000.000000,120,OPTIDX,NFO,5.000000,2801,False
72996,MIDCPNIFTY29SEP2615175CE,MIDCPNIFTY,29SEP2026,1517500.000000,120,OPTIDX,NFO,5.000000,2801,False
73015,ATHERENERG23NOV261600CE,ATHERENERG,23NOV2026,160000.000000,375,OPTSTK,NFO,5.000000,15001,False
73016,ATHERENERG23NOV261600PE,ATHERENERG,23NOV2026,160000.000000,375,OPTSTK,NFO,5.000000,15001,False
73017,MIDCPNIFTY29SEP2615250CE,MIDCPNIFTY,29SEP2026,1525000.000000,120,OPTIDX,NFO,5.000000,2801,False
73035,MIDCPNIFTY29SEP2615300CE,MIDCPNIFTY,29SEP2026,1530000.000000,120,OPTIDX,NFO,5.000000,2801,False
73067,FORTIS29SEP26950CE,FORTIS,29SEP2026,95000.000000,775,OPTSTK,NFO,5.000000,23251,False
73087,MIDCPNIFTY29SEP2615375PE,MIDCPNIFTY,29SEP2026,1537500.000000,120,OPTIDX,NFO,5.000000,2801,False
73099,MIDCPNIFTY29SEP2615525CE,MIDCPNIFTY,29SEP2026,1552500.000000,120,OPTIDX,NFO,5.000000,2801,False
73116,MIDCPNIFTY29SEP2615600CE,MIDCPNIFTY,29SEP2026,1560000.000000,120,OPTIDX,NFO,5.000000,2801,False
73126,MIDCPNIFTY29SEP2615725CE,MIDCPNIFTY,29SEP2026,1572500.000000,120,OPTIDX,NFO,5.000000,2801,False
73131,MIDCPNIFTY29SEP2615775PE,MIDCPNIFTY,29SEP2026,1577500.000000,120,OPTIDX,NFO,5.000000,2801,False
73176,MIDCPNIFTY29SEP2615850CE,MIDCPNIFTY,29SEP2026,1585000.000000,120,OPTIDX,NFO,5.000000,2801,False
73178,MIDCPNIFTY29SEP2615875CE,MIDCPNIFTY,29SEP2026,1587500.000000,120,OPTIDX,NFO,5.000000,2801,False
73230,FORTIS27OCT26940PE,FORTIS,27OCT2026,94000.000000,775,OPTSTK,NFO,5.000000,23251,False
73241,FORTIS27OCT261040CE,FORTIS,27OCT2026,104000.000000,775,OPTSTK,NFO,5.000000,23251,False
73242,FORTIS27OCT261040PE,FORTIS,27OCT2026,104000.000000,775,OPTSTK,NFO,5.000000,23251,False
73260,AUBANK27OCT261140PE,AUBANK,27OCT2026,114000.000000,1000,OPTSTK,NFO,5.000000,20001,False
73490,AUBANK23NOV26880CE,AUBANK,23NOV2026,88000.000000,1000,OPTSTK,NFO,5.000000,20001,False
73493,AUBANK23NOV26920PE,AUBANK,23NOV2026,92000.000000,1000,OPTSTK,NFO,5.000000,20001,False
73494,AUBANK23NOV26960CE,AUBANK,23NOV2026,96000.000000,1000,OPTSTK,NFO,5.000000,20001,False
73495,AUBANK23NOV26960PE,AUBANK,23NOV2026,96000.000000,1000,OPTSTK,NFO,5.000000,20001,False
73712,AUROPHARMA27OCT261500CE,AUROPHARMA,27OCT2026,150000.000000,550,OPTSTK,NFO,5.000000,16501,False
73728,AUROPHARMA27OCT261740PE,AUROPHARMA,27OCT2026,174000.000000,550,OPTSTK,NFO,5.000000,16501,False
73734,AUROPHARMA27OCT261860PE,AUROPHARMA,27OCT2026,186000.000000,550,OPTSTK,NFO,5.000000,16501,False
73776,AUROPHARMA23NOV261520PE,AUROPHARMA,23NOV2026,152000.000000,550,OPTSTK,NFO,5.000000,16501,False
73777,AUROPHARMA23NOV261560CE,AUROPHARMA,23NOV2026,156000.000000,550,OPTSTK,NFO,5.000000,16501,False
73778,AUROPHARMA23NOV261560PE,AUROPHARMA,23NOV2026,156000.000000,550,OPTSTK,NFO,5.000000,16501,False
73791,AUROPHARMA23NOV261800CE,AUROPHARMA,23NOV2026,180000.000000,550,OPTSTK,NFO,5.000000,16501,False
73832,NIFTY29SEP2621650PE,NIFTY,29SEP2026,2165000.000000,65,OPTIDX,NFO,5.000000,1801,False
73852,NIFTY29SEP2621800CE,NIFTY,29SEP2026,2180000.000000,65,OPTIDX,NFO,5.000000,1801,False
73855,NIFTY29SEP2621850PE,NIFTY,29SEP2026,2185000.000000,65,OPTIDX,NFO,5.000000,1801,False
73870,NIFTY29SEP2622100PE,NIFTY,29SEP2026,2210000.000000,65,OPTIDX,NFO,5.000000,1801,False
73871,NIFTY29SEP2622150CE,NIFTY,29SEP2026,2215000.000000,65,OPTIDX,NFO,5.000000,1801,False
73890,NIFTY29SEP2622650PE,NIFTY,29SEP2026,2265000.000000,65,OPTIDX,NFO,5.000000,1801,False
73922,NIFTY29SEP2623250PE,NIFTY,29SEP2026,2325000.000000,65,OPTIDX,NFO,5.000000,1801,False
73926,NIFTY29SEP2623350PE,NIFTY,29SEP2026,2335000.000000,65,OPTIDX,NFO,5.000000,1801,False
73934,AUROPHARMA23NOV261920CE,AUROPHARMA,23NOV2026,192000.000000,550,OPTSTK,NFO,5.000000,16501,False
73980,AXISBANK27OCT261300PE,AXISBANK,27OCT2026,130000.000000,625,OPTSTK,NFO,5.000000,18751,False
73981,AXISBANK27OCT261340CE,AXISBANK,27OCT2026,134000.000000,625,OPTSTK,NFO,5.000000,18751,False
74007,NIFTY29SEP2623700CE,NIFTY,29SEP2026,2370000.000000,65,OPTIDX,NFO,5.000000,1801,False
74059,NIFTY29SEP2623950PE,NIFTY,29SEP2026,2395000.000000,65,OPTIDX,NFO,5.000000,1801,False
74097,NIFTY29SEP2624250CE,NIFTY,29SEP2026,2425000.000000,65,OPTIDX,NFO,5.000000,1801,False
74113,NIFTY29SEP2624350PE,NIFTY,29SEP2026,2435000.000000,65,OPTIDX,NFO,5.000000,1801,False
74114,NIFTY29SEP2624400CE,NIFTY,29SEP2026,2440000.000000,65,OPTIDX,NFO,5.000000,1801,False
74156,AXISBANK23NOV261240PE,AXISBANK,23NOV2026,124000.000000,625,OPTSTK,NFO,5.000000,18751,False
74248,GAIL29SEP26167.5CE,GAIL,29SEP2026,16750.000000,3550,OPTSTK,NFO,1.000000,142001,False
74249,GAIL29SEP26167.5PE,GAIL,29SEP2026,16750.000000,3550,OPTSTK,NFO,1.000000,142001,False
74251,GAIL29SEP26172.5PE,GAIL,29SEP2026,17250.000000,3550,OPTSTK,NFO,1.000000,142001,False
74254,GAIL29SEP26177.5PE,GAIL,29SEP2026,17750.000000,3550,OPTSTK,NFO,1.000000,142001,False
74260,GAIL29SEP26182.5CE,GAIL,29SEP2026,18250.000000,3550,OPTSTK,NFO,1.000000,142001,False
74352,NIFTY29SEP2624650PE,NIFTY,29SEP2026,2465000.000000,65,OPTIDX,NFO,5.000000,1801,False
74365,NIFTY29SEP2625000CE,NIFTY,29SEP2026,2500000.000000,65,OPTIDX,NFO,5.000000,1801,False
74373,NIFTY29SEP2625200PE,NIFTY,29SEP2026,2520000.000000,65,OPTIDX,NFO,5.000000,1801,False
74386,NIFTY29SEP2625300CE,NIFTY,29SEP2026,2530000.000000,65,OPTIDX,NFO,5.000000,1801,False
74406,NIFTY29SEP2625550PE,NIFTY,29SEP2026,2555000.000000,65,OPTIDX,NFO,5.000000,1801,False
74472,NIFTY29SEP2626300PE,NIFTY,29SEP2026,2630000.000000,65,OPTIDX,NFO,5.000000,1801,False
74410,BAJAJ-AUTO27OCT2612300PE,BAJAJ-AUTO,27OCT2026,1230000.000000,75,OPTSTK,NFO,5.000000,2251,False
74425,BAJAJ-AUTO27OCT2612700PE,BAJAJ-AUTO,27OCT2026,1270000.000000,75,OPTSTK,NFO,5.000000,2251,False
74467,NIFTY29SEP2626250CE,NIFTY,29SEP2026,2625000.000000,65,OPTIDX,NFO,5.000000,1801,False
74477,NIFTY29SEP2626400CE,NIFTY,29SEP2026,2640000.000000,65,OPTIDX,NFO,5.000000,1801,False
74487,NIFTY29SEP2626650CE,NIFTY,29SEP2026,2665000.000000,65,OPTIDX,NFO,5.000000,1801,False
74498,NIFTY29SEP2626900PE,NIFTY,29SEP2026,2690000.000000,65,OPTIDX,NFO,5.000000,1801,False
74501,NIFTY29SEP2627050CE,NIFTY,29SEP2026,2705000.000000,65,OPTIDX,NFO,5.000000,1801,False
74609,GAIL27OCT26145CE,GAIL,27OCT2026,14500.000000,3550,OPTSTK,NFO,1.000000,142001,False
74660,NIFTY24JUN3130000PE,NIFTY,24JUN2031,3000000.000000,65,OPTIDX,NFO,5.000000,1801,False
74674,GAIL27OCT26170PE,GAIL,27OCT2026,17000.000000,3550,OPTSTK,NFO,1.000000,142001,False
74692,GAIL27OCT26180CE,GAIL,27OCT2026,18000.000000,3550,OPTSTK,NFO,1.000000,142001,False
74700,GAIL27OCT26200CE,GAIL,27OCT2026,20000.000000,3550,OPTSTK,NFO,1.000000,142001,False
74839,BAJAJ-AUTO23NOV2610400PE,BAJAJ-AUTO,23NOV2026,1040000.000000,75,OPTSTK,NFO,5.000000,2251,False
74881,GLENMARK29SEP262140PE,GLENMARK,29SEP2026,214000.000000,375,OPTSTK,NFO,5.000000,11251,False
74885,GLENMARK29SEP262220PE,GLENMARK,29SEP2026,222000.000000,375,OPTSTK,NFO,5.000000,11251,False
74890,GLENMARK29SEP262340CE,GLENMARK,29SEP2026,234000.000000,375,OPTSTK,NFO,5.000000,11251,False
74930,BAJAJ-AUTO23NOV2612600CE,BAJAJ-AUTO,23NOV2026,1260000.000000,75,OPTSTK,NFO,5.000000,2251,False
74932,BAJAJ-AUTO23NOV2612800CE,BAJAJ-AUTO,23NOV2026,1280000.000000,75,OPTSTK,NFO,5.000000,2251,False
74940,BAJAJ-AUTO23NOV2613600CE,BAJAJ-AUTO,23NOV2026,1360000.000000,75,OPTSTK,NFO,5.000000,2251,False
74941,BAJAJ-AUTO23NOV2613600PE,BAJAJ-AUTO,23NOV2026,1360000.000000,75,OPTSTK,NFO,5.000000,2251,False
74951,GLENMARK29SEP262620CE,GLENMARK,29SEP2026,262000.000000,375,OPTSTK,NFO,5.000000,11251,False
74992,NIFTYNXT5029SEP2662500PE,NIFTYNXT50,29SEP2026,6250000.000000,25,OPTIDX,NFO,5.000000,601,False
75013,NIFTYNXT5029SEP2663000CE,NIFTYNXT50,29SEP2026,6300000.000000,25,OPTIDX,NFO,5.000000,601,False
75035,NIFTYNXT5029SEP2663500CE,NIFTYNXT50,29SEP2026,6350000.000000,25,OPTIDX,NFO,5.000000,601,False
75105,NIFTYNXT5029SEP2664800PE,NIFTYNXT50,29SEP2026,6480000.000000,25,OPTIDX,NFO,5.000000,601,False
75115,NIFTYNXT5029SEP2665000PE,NIFTYNXT50,29SEP2026,6500000.000000,25,OPTIDX,NFO,5.000000,601,False
75122,NIFTYNXT5029SEP2665400CE,NIFTYNXT50,29SEP2026,6540000.000000,25,OPTIDX,NFO,5.000000,601,False
75128,BAJAJFINSV27OCT262020CE,BAJAJFINSV,27OCT2026,202000.000000,300,OPTSTK,NFO,5.000000,12001,False
75131,BAJAJFINSV27OCT262060PE,BAJAJFINSV,27OCT2026,206000.000000,300,OPTSTK,NFO,5.000000,12001,False
75135,BAJAJFINSV27OCT262100PE,BAJAJFINSV,27OCT2026,210000.000000,300,OPTSTK,NFO,5.000000,12001,False
75159,GLENMARK27OCT262160CE,GLENMARK,27OCT2026,216000.000000,375,OPTSTK,NFO,5.000000,11251,False
75174,GLENMARK27OCT262400PE,GLENMARK,27OCT2026,240000.000000,375,OPTSTK,NFO,5.000000,11251,False
75178,GLENMARK27OCT262480CE,GLENMARK,27OCT2026,248000.000000,375,OPTSTK,NFO,5.000000,11251,False
75185,GLENMARK27OCT262600PE,GLENMARK,27OCT2026,260000.000000,375,OPTSTK,NFO,5.000000,11251,False
75192,GLENMARK27OCT262760CE,GLENMARK,27OCT2026,276000.000000,375,OPTSTK,NFO,5.000000,11251,False
75236,NIFTYNXT5029SEP2666700PE,NIFTYNXT50,29SEP2026,6670000.000000,25,OPTIDX,NFO,5.000000,601,False
75239,NIFTYNXT5029SEP2666900CE,NIFTYNXT50,29SEP2026,6690000.000000,25,OPTIDX,NFO,5.000000,601,False
75240,NIFTYNXT5029SEP2666900PE,NIFTYNXT50,29SEP2026,6690000.000000,25,OPTIDX,NFO,5.000000,601,False
75242,NIFTYNXT5029SEP2667000PE,NIFTYNXT50,29SEP2026,6700000.000000,25,OPTIDX,NFO,5.000000,601,False
75251,GMRAIRPORT29SEP2693CE,GMRAIRPORT,29SEP2026,9300.000000,6975,OPTSTK,NFO,1.000000,209251,False
75284,GMRAIRPORT29SEP26117CE,GMRAIRPORT,29SEP2026,11700.000000,6975,OPTSTK,NFO,1.000000,209251,False
75262,NIFTYNXT5029SEP2667500PE,NIFTYNXT50,29SEP2026,6750000.000000,25,OPTIDX,NFO,5.000000,601,False
75275,GMRAIRPORT29SEP26107PE,GMRAIRPORT,29SEP2026,10700.000000,6975,OPTSTK,NFO,1.000000,209251,False
75300,NIFTYNXT5029SEP2667900CE,NIFTYNXT50,29SEP2026,6790000.000000,25,OPTIDX,NFO,5.000000,601,False
75316,NIFTYNXT5029SEP2668600PE,NIFTYNXT50,29SEP2026,6860000.000000,25,OPTIDX,NFO,5.000000,601,False
75322,NIFTYNXT5029SEP2668900PE,NIFTYNXT50,29SEP2026,6890000.000000,25,OPTIDX,NFO,5.000000,601,False
75329,NIFTYNXT5029SEP2669300CE,NIFTYNXT50,29SEP2026,6930000.000000,25,OPTIDX,NFO,5.000000,601,False
75343,NIFTYNXT5029SEP2670000CE,NIFTYNXT50,29SEP2026,7000000.000000,25,OPTIDX,NFO,5.000000,601,False
75359,NIFTYNXT5029SEP2670300PE,NIFTYNXT50,29SEP2026,7030000.000000,25,OPTIDX,NFO,5.000000,601,False
75435,GMRAIRPORT27OCT2682PE,GMRAIRPORT,27OCT2026,8200.000000,6975,OPTSTK,NFO,1.000000,209251,False
75453,GMRAIRPORT27OCT2694PE,GMRAIRPORT,27OCT2026,9400.000000,6975,OPTSTK,NFO,1.000000,209251,False
75469,GMRAIRPORT27OCT26110PE,GMRAIRPORT,27OCT2026,11000.000000,6975,OPTSTK,NFO,1.000000,209251,False
75489,BAJAJFINSV23NOV261800PE,BAJAJFINSV,23NOV2026,180000.000000,300,OPTSTK,NFO,5.000000,12001,False
75546,NIFTYNXT5029SEP2672500PE,NIFTYNXT50,29SEP2026,7250000.000000,25,OPTIDX,NFO,5.000000,601,False
75552,BAJAJFINSV23NOV262120PE,BAJAJFINSV,23NOV2026,212000.000000,300,OPTSTK,NFO,5.000000,12001,False
75578,NIFTYNXT5029SEP2672700CE,NIFTYNXT50,29SEP2026,7270000.000000,25,OPTIDX,NFO,5.000000,601,False
75618,GODFRYPHLP29SEP262250CE,GODFRYPHLP,29SEP2026,225000.000000,275,OPTSTK,NFO,5.000000,11001,False
75624,GODFRYPHLP29SEP262550CE,GODFRYPHLP,29SEP2026,255000.000000,275,OPTSTK,NFO,5.000000,11001,False
75655,NIFTYNXT5029SEP2673300PE,NIFTYNXT50,29SEP2026,7330000.000000,25,OPTIDX,NFO,5.000000,601,False
75687,GODFRYPHLP27OCT262100PE,GODFRYPHLP,27OCT2026,210000.000000,275,OPTSTK,NFO,5.000000,11001,False
75733,GODFRYPHLP27OCT262500CE,GODFRYPHLP,27OCT2026,250000.000000,275,OPTSTK,NFO,5.000000,11001,False
75744,NIFTYNXT5029SEP2673800PE,NIFTYNXT50,29SEP2026,7380000.000000,25,OPTIDX,NFO,5.000000,601,False
75763,GODREJCP29SEP26700PE,GODREJCP,29SEP2026,70000.000000,500,OPTSTK,NFO,5.000000,25001,False
75770,NIFTYNXT5029SEP2674300CE,NIFTYNXT50,29SEP2026,7430000.000000,25,OPTIDX,NFO,5.000000,601,False
75784,NIFTYNXT5029SEP2674900PE,NIFTYNXT50,29SEP2026,7490000.000000,25,OPTIDX,NFO,5.000000,601,False
75787,NIFTYNXT5029SEP2675000PE,NIFTYNXT50,29SEP2026,7500000.000000,25,OPTIDX,NFO,5.000000,601,False
75790,NIFTYNXT5029SEP2675200CE,NIFTYNXT50,29SEP2026,7520000.000000,25,OPTIDX,NFO,5.000000,601,False
75801,GODREJCP29SEP26890PE,GODREJCP,29SEP2026,89000.000000,500,OPTSTK,NFO,5.000000,25001,False
75803,GODREJCP29SEP26910PE,GODREJCP,29SEP2026,91000.000000,500,OPTSTK,NFO,5.000000,25001,False
75804,GODREJCP29SEP26930CE,GODREJCP,29SEP2026,93000.000000,500,OPTSTK,NFO,5.000000,25001,False
75808,NIFTYNXT5029SEP2675400PE,NIFTYNXT50,29SEP2026,7540000.000000,25,OPTIDX,NFO,5.000000,601,False
75813,GODREJCP29SEP26990CE,GODREJCP,29SEP2026,99000.000000,500,OPTSTK,NFO,5.000000,25001,False
75826,NIFTYNXT5029SEP2675600PE,NIFTYNXT50,29SEP2026,7560000.000000,25,OPTIDX,NFO,5.000000,601,False
75860,NIFTYNXT5029SEP2676200PE,NIFTYNXT50,29SEP2026,7620000.000000,25,OPTIDX,NFO,5.000000,601,False
75864,NIFTYNXT5029SEP2676400PE,NIFTYNXT50,29SEP2026,7640000.000000,25,OPTIDX,NFO,5.000000,601,False
75870,NIFTYNXT5029SEP2676700PE,NIFTYNXT50,29SEP2026,7670000.000000,25,OPTIDX,NFO,5.000000,601,False
75872,NIFTYNXT5029SEP2676800PE,NIFTYNXT50,29SEP2026,7680000.000000,25,OPTIDX,NFO,5.000000,601,False
75873,NIFTYNXT5029SEP2676900CE,NIFTYNXT50,29SEP2026,7690000.000000,25,OPTIDX,NFO,5.000000,601,False
75877,NIFTYNXT5029SEP2677100CE,NIFTYNXT50,29SEP2026,7710000.000000,25,OPTIDX,NFO,5.000000,601,False
75931,GODREJCP27OCT26920CE,GODREJCP,27OCT2026,92000.000000,500,OPTSTK,NFO,5.000000,25001,False
75933,GODREJCP27OCT26940CE,GODREJCP,27OCT2026,94000.000000,500,OPTSTK,NFO,5.000000,25001,False
75936,GODREJCP27OCT26960PE,GODREJCP,27OCT2026,96000.000000,500,OPTSTK,NFO,5.000000,25001,False
75953,NIFTYNXT5029SEP2677400CE,NIFTYNXT50,29SEP2026,7740000.000000,25,OPTIDX,NFO,5.000000,601,False
75955,NIFTYNXT5029SEP2677500CE,NIFTYNXT50,29SEP2026,7750000.000000,25,OPTIDX,NFO,5.000000,601,False
75957,NIFTYNXT5029SEP2677600CE,NIFTYNXT50,29SEP2026,7760000.000000,25,OPTIDX,NFO,5.000000,601,False
75986,NIFTYNXT5029SEP2677900PE,NIFTYNXT50,29SEP2026,7790000.000000,25,OPTIDX,NFO,5.000000,601,False
76007,BAJAJHLDNG27OCT2610100PE,BAJAJHLDNG,27OCT2026,1010000.000000,75,OPTSTK,NFO,5.000000,2251,False
76027,BAJAJHLDNG27OCT2611500CE,BAJAJHLDNG,27OCT2026,1150000.000000,75,OPTSTK,NFO,5.000000,2251,False
76045,BAJAJHLDNG27OCT2611900CE,BAJAJHLDNG,27OCT2026,1190000.000000,75,OPTSTK,NFO,5.000000,2251,False
76047,NIFTYNXT5029SEP2678200CE,NIFTYNXT50,29SEP2026,7820000.000000,25,OPTIDX,NFO,5.000000,601,False
76056,NIFTYNXT5029SEP2678600PE,NIFTYNXT50,29SEP2026,7860000.000000,25,OPTIDX,NFO,5.000000,601,False
76081,BAJAJHLDNG27OCT2612100PE,BAJAJHLDNG,27OCT2026,1210000.000000,75,OPTSTK,NFO,5.000000,2251,False
76143,NIFTYNXT5029SEP2680000CE,NIFTYNXT50,29SEP2026,8000000.000000,25,OPTIDX,NFO,5.000000,601,False
76152,GODREJPROP29SEP261860PE,GODREJPROP,29SEP2026,186000.000000,325,OPTSTK,NFO,5.000000,13001,False
76167,GODREJPROP29SEP262100CE,GODREJPROP,29SEP2026,210000.000000,325,OPTSTK,NFO,5.000000,13001,False
76175,NIFTYNXT5029SEP2680700CE,NIFTYNXT50,29SEP2026,8070000.000000,25,OPTIDX,NFO,5.000000,601,False
76184,GODREJPROP29SEP262140PE,GODREJPROP,29SEP2026,214000.000000,325,OPTSTK,NFO,5.000000,13001,False
76203,BAJFINANCE27OCT261030CE,BAJFINANCE,27OCT2026,103000.000000,750,OPTSTK,NFO,5.000000,22501,False
76211,BAJFINANCE27OCT261110CE,BAJFINANCE,27OCT2026,111000.000000,750,OPTSTK,NFO,5.000000,22501,False
76212,BAJFINANCE27OCT261110PE,BAJFINANCE,27OCT2026,111000.000000,750,OPTSTK,NFO,5.000000,22501,False
76213,BAJFINANCE27OCT261130CE,BAJFINANCE,27OCT2026,113000.000000,750,OPTSTK,NFO,5.000000,22501,False
76236,GODREJPROP29SEP262300CE,GODREJPROP,29SEP2026,230000.000000,325,OPTSTK,NFO,5.000000,13001,False
76292,GODREJPROP27OCT261600CE,GODREJPROP,27OCT2026,160000.000000,325,OPTSTK,NFO,5.000000,13001,False
76320,GODREJPROP27OCT262120CE,GODREJPROP,27OCT2026,212000.000000,325,OPTSTK,NFO,5.000000,13001,False
76321,GODREJPROP27OCT262120PE,GODREJPROP,27OCT2026,212000.000000,325,OPTSTK,NFO,5.000000,13001,False
76330,GODREJPROP27OCT262240PE,GODREJPROP,27OCT2026,224000.000000,325,OPTSTK,NFO,5.000000,13001,False
76334,GODREJPROP27OCT262280PE,GODREJPROP,27OCT2026,228000.000000,325,OPTSTK,NFO,5.000000,13001,False
76400,BANKNIFTY30MAR2758500CE,BANKNIFTY,30MAR2027,5850000.000000,30,OPTIDX,NFO,5.000000,601,False
76425,BANKNIFTY30MAR2763000CE,BANKNIFTY,30MAR2027,6300000.000000,30,OPTIDX,NFO,5.000000,601,False
76429,BANKNIFTY30MAR2764500CE,BANKNIFTY,30MAR2027,6450000.000000,30,OPTIDX,NFO,5.000000,601,False
76507,BAJFINANCE23NOV26940CE,BAJFINANCE,23NOV2026,94000.000000,750,OPTSTK,NFO,5.000000,22501,False
76514,BAJFINANCE23NOV261000PE,BAJFINANCE,23NOV2026,100000.000000,750,OPTSTK,NFO,5.000000,22501,False
76521,BAJFINANCE23NOV261080CE,BAJFINANCE,23NOV2026,108000.000000,750,OPTSTK,NFO,5.000000,22501,False
76533,BAJFINANCE23NOV261200CE,BAJFINANCE,23NOV2026,120000.000000,750,OPTSTK,NFO,5.000000,22501,False
76534,BAJFINANCE23NOV261200PE,BAJFINANCE,23NOV2026,120000.000000,750,OPTSTK,NFO,5.000000,22501,False
76631,NIFTYNXT5029SEP2684000PE,NIFTYNXT50,29SEP2026,8400000.000000,25,OPTIDX,NFO,5.000000,601,False
76730,BANDHANBNK23NOV26180CE,BANDHANBNK,23NOV2026,18000.000000,3600,OPTSTK,NFO,1.000000,108001,False
76831,GRASIM29SEP263100CE,GRASIM,29SEP2026,310000.000000,250,OPTSTK,NFO,5.000000,7501,False
76838,GRASIM29SEP263220PE,GRASIM,29SEP2026,322000.000000,250,OPTSTK,NFO,5.000000,7501,False
76862,GRASIM29SEP263580PE,GRASIM,29SEP2026,358000.000000,250,OPTSTK,NFO,5.000000,7501,False
76885,BANKBARODA27OCT26225CE,BANKBARODA,27OCT2026,22500.000000,2925,OPTSTK,NFO,1.000000,87751,False
76890,BANKBARODA27OCT26245PE,BANKBARODA,27OCT2026,24500.000000,2925,OPTSTK,NFO,1.000000,87751,False
76968,BANKBARODA23NOV26230CE,BANKBARODA,23NOV2026,23000.000000,2925,OPTSTK,NFO,1.000000,87751,False
76978,BANKBARODA23NOV26280CE,BANKBARODA,23NOV2026,28000.000000,2925,OPTSTK,NFO,1.000000,87751,False
76979,BANKBARODA23NOV26280PE,BANKBARODA,23NOV2026,28000.000000,2925,OPTSTK,NFO,1.000000,87751,False
77006,BANKINDIA27OCT26127.5CE,BANKINDIA,27OCT2026,12750.000000,5200,OPTSTK,NFO,1.000000,156001,False
77204,GRASIM27OCT262840PE,GRASIM,27OCT2026,284000.000000,250,OPTSTK,NFO,5.000000,7501,False
77207,GRASIM27OCT262920CE,GRASIM,27OCT2026,292000.000000,250,OPTSTK,NFO,5.000000,7501,False
77221,GRASIM27OCT263200CE,GRASIM,27OCT2026,320000.000000,250,OPTSTK,NFO,5.000000,7501,False
77229,GRASIM27OCT263360CE,GRASIM,27OCT2026,336000.000000,250,OPTSTK,NFO,5.000000,7501,False
77242,GRASIM27OCT263600PE,GRASIM,27OCT2026,360000.000000,250,OPTSTK,NFO,5.000000,7501,False
77249,GRASIM27OCT263760CE,GRASIM,27OCT2026,376000.000000,250,OPTSTK,NFO,5.000000,7501,False
77295,GVT&D29SEP263500PE,GVT&D,29SEP2026,350000.000000,125,OPTSTK,NFO,5.000000,5001,False
77298,GVT&D29SEP263900CE,GVT&D,29SEP2026,390000.000000,125,OPTSTK,NFO,5.000000,5001,False
77308,GVT&D29SEP264900CE,GVT&D,29SEP2026,490000.000000,125,OPTSTK,NFO,5.000000,5001,False
77311,GVT&D29SEP265100PE,GVT&D,29SEP2026,510000.000000,125,OPTSTK,NFO,5.000000,5001,False
77351,BANKINDIA23NOV26130CE,BANKINDIA,23NOV2026,13000.000000,5200,OPTSTK,NFO,1.000000,156001,False
77353,BANKINDIA23NOV26130PE,BANKINDIA,23NOV2026,13000.000000,5200,OPTSTK,NFO,1.000000,156001,False
77355,BANKINDIA23NOV26135PE,BANKINDIA,23NOV2026,13500.000000,5200,OPTSTK,NFO,1.000000,156001,False
77390,BANKINDIA23NOV26150CE,BANKINDIA,23NOV2026,15000.000000,5200,OPTSTK,NFO,1.000000,156001,False
77393,GVT&D27OCT263800CE,GVT&D,27OCT2026,380000.000000,125,OPTSTK,NFO,5.000000,5001,False
77398,GVT&D27OCT264000PE,GVT&D,27OCT2026,400000.000000,125,OPTSTK,NFO,5.000000,5001,False
77406,GVT&D27OCT264800PE,GVT&D,27OCT2026,480000.000000,125,OPTSTK,NFO,5.000000,5001,False
77409,BANKINDIA23NOV26155PE,BANKINDIA,23NOV2026,15500.000000,5200,OPTSTK,NFO,1.000000,156001,False
77411,BANKINDIA23NOV26160PE,BANKINDIA,23NOV2026,16000.000000,5200,OPTSTK,NFO,1.000000,156001,False
77415,BANKINDIA23NOV26170PE,BANKINDIA,23NOV2026,17000.000000,5200,OPTSTK,NFO,1.000000,156001,False
77434,BDL27OCT261100CE,BDL,27OCT2026,110000.000000,425,OPTSTK,NFO,5.000000,17001,False
77435,BDL27OCT261100PE,BDL,27OCT2026,110000.000000,425,OPTSTK,NFO,5.000000,17001,False
77444,BDL27OCT261300CE,BDL,27OCT2026,130000.000000,425,OPTSTK,NFO,5.000000,17001,False
77451,GVT&D27OCT265000PE,GVT&D,27OCT2026,500000.000000,125,OPTSTK,NFO,5.000000,5001,False
77453,BDL27OCT261420PE,BDL,27OCT2026,142000.000000,425,OPTSTK,NFO,5.000000,17001,False
77459,GVT&D27OCT265400CE,GVT&D,27OCT2026,540000.000000,125,OPTSTK,NFO,5.000000,5001,False
77461,GVT&D27OCT265600CE,GVT&D,27OCT2026,560000.000000,125,OPTSTK,NFO,5.000000,5001,False
77502,HAL29SEP264550PE,HAL,29SEP2026,455000.000000,150,OPTSTK,NFO,5.000000,4501,False
77506,HAL29SEP264750PE,HAL,29SEP2026,475000.000000,150,OPTSTK,NFO,5.000000,4501,False
77519,HAL29SEP265250PE,HAL,29SEP2026,525000.000000,150,OPTSTK,NFO,5.000000,4501,False
77520,HAL29SEP265350CE,HAL,29SEP2026,535000.000000,150,OPTSTK,NFO,5.000000,4501,False
77593,BDL23NOV261040PE,BDL,23NOV2026,104000.000000,425,OPTSTK,NFO,5.000000,17001,False
77610,BDL23NOV261160PE,BDL,23NOV2026,116000.000000,425,OPTSTK,NFO,5.000000,17001,False
77611,BDL23NOV261200CE,BDL,23NOV2026,120000.000000,425,OPTSTK,NFO,5.000000,17001,False
77620,BDL23NOV261240PE,BDL,23NOV2026,124000.000000,425,OPTSTK,NFO,5.000000,17001,False
77624,HAL27OCT264500CE,HAL,27OCT2026,450000.000000,150,OPTSTK,NFO,5.000000,4501,False
77630,HAL27OCT264800CE,HAL,27OCT2026,480000.000000,150,OPTSTK,NFO,5.000000,4501,False
77633,BDL23NOV261280PE,BDL,23NOV2026,128000.000000,425,OPTSTK,NFO,5.000000,17001,False
77650,BDL23NOV261320CE,BDL,23NOV2026,132000.000000,425,OPTSTK,NFO,5.000000,17001,False
77665,360ONE29SEP261000CE,360ONE,29SEP2026,100000.000000,500,OPTSTK,NFO,5.000000,20001,False
77667,360ONE29SEP261040CE,360ONE,29SEP2026,104000.000000,500,OPTSTK,NFO,5.000000,20001,False
77680,360ONE29SEP261240CE,360ONE,29SEP2026,124000.000000,500,OPTSTK,NFO,5.000000,20001,False
77697,HAVELLS29SEP261020CE,HAVELLS,29SEP2026,102000.000000,500,OPTSTK,NFO,5.000000,20001,False
77708,HAVELLS29SEP261220PE,HAVELLS,29SEP2026,122000.000000,500,OPTSTK,NFO,5.000000,20001,False
77720,360ONE29SEP261280CE,360ONE,29SEP2026,128000.000000,500,OPTSTK,NFO,5.000000,20001,False
77724,360ONE29SEP261360CE,360ONE,29SEP2026,136000.000000,500,OPTSTK,NFO,5.000000,20001,False
77754,HAVELLS27OCT261000PE,HAVELLS,27OCT2026,100000.000000,500,OPTSTK,NFO,5.000000,20001,False
77773,BDL23NOV261400CE,BDL,23NOV2026,140000.000000,425,OPTSTK,NFO,5.000000,17001,False
77774,BDL23NOV261400PE,BDL,23NOV2026,140000.000000,425,OPTSTK,NFO,5.000000,17001,False
77815,HAVELLS27OCT261360CE,HAVELLS,27OCT2026,136000.000000,500,OPTSTK,NFO,5.000000,20001,False
77866,HCLTECH29SEP261250PE,HCLTECH,29SEP2026,125000.000000,400,OPTSTK,NFO,5.000000,20001,False
77867,HCLTECH29SEP261270CE,HCLTECH,29SEP2026,127000.000000,400,OPTSTK,NFO,5.000000,20001,False
77881,HCLTECH29SEP261410CE,HCLTECH,29SEP2026,141000.000000,400,OPTSTK,NFO,5.000000,20001,False
77884,ABB29SEP266600PE,ABB,29SEP2026,660000.000000,125,OPTSTK,NFO,5.000000,3751,False
77889,HCLTECH29SEP261450PE,HCLTECH,29SEP2026,145000.000000,400,OPTSTK,NFO,5.000000,20001,False
77918,ABB29SEP268400CE,ABB,29SEP2026,840000.000000,125,OPTSTK,NFO,5.000000,3751,False
77998,HCLTECH27OCT261100PE,HCLTECH,27OCT2026,110000.000000,400,OPTSTK,NFO,5.000000,20001,False
78005,HCLTECH27OCT261180CE,HCLTECH,27OCT2026,118000.000000,400,OPTSTK,NFO,5.000000,20001,False
78023,HCLTECH27OCT261320CE,HCLTECH,27OCT2026,132000.000000,400,OPTSTK,NFO,5.000000,20001,False
78025,HCLTECH27OCT261340CE,HCLTECH,27OCT2026,134000.000000,400,OPTSTK,NFO,5.000000,20001,False
78049,BEL27OCT26365CE,BEL,27OCT2026,36500.000000,1425,OPTSTK,NFO,5.000000,57001,False
78061,BEL27OCT26415CE,BEL,27OCT2026,41500.000000,1425,OPTSTK,NFO,5.000000,57001,False
78107,HDFCAMC29SEP262150CE,HDFCAMC,29SEP2026,215000.000000,300,OPTSTK,NFO,5.000000,9001,False
78108,HDFCAMC29SEP262150PE,HDFCAMC,29SEP2026,215000.000000,300,OPTSTK,NFO,5.000000,9001,False
78113,HDFCAMC29SEP262450CE,HDFCAMC,29SEP2026,245000.000000,300,OPTSTK,NFO,5.000000,9001,False
78114,HDFCAMC29SEP262450PE,HDFCAMC,29SEP2026,245000.000000,300,OPTSTK,NFO,5.000000,9001,False
78117,HDFCAMC29SEP262650CE,HDFCAMC,29SEP2026,265000.000000,300,OPTSTK,NFO,5.000000,9001,False
78149,HDFCAMC27OCT262000PE,HDFCAMC,27OCT2026,200000.000000,300,OPTSTK,NFO,5.000000,9001,False
78196,HDFCAMC27OCT262500PE,HDFCAMC,27OCT2026,250000.000000,300,OPTSTK,NFO,5.000000,9001,False
78301,HDFCBANK29SEP26730CE,HDFCBANK,29SEP2026,73000.000000,650,OPTSTK,NFO,5.000000,32501,False
78310,HDFCBANK29SEP26810PE,HDFCBANK,29SEP2026,81000.000000,650,OPTSTK,NFO,5.000000,32501,False
78358,ABCAPITAL29SEP26330CE,ABCAPITAL,29SEP2026,33000.000000,3100,OPTSTK,NFO,5.000000,62001,False
78359,ABCAPITAL29SEP26330PE,ABCAPITAL,29SEP2026,33000.000000,3100,OPTSTK,NFO,5.000000,62001,False
78391,HDFCBANK27OCT26580PE,HDFCBANK,27OCT2026,58000.000000,650,OPTSTK,NFO,5.000000,32501,False
78392,ABCAPITAL29SEP26340PE,ABCAPITAL,29SEP2026,34000.000000,3100,OPTSTK,NFO,5.000000,62001,False
78394,ABCAPITAL29SEP26350PE,ABCAPITAL,29SEP2026,35000.000000,3100,OPTSTK,NFO,5.000000,62001,False
78398,HDFCBANK27OCT26600CE,HDFCBANK,27OCT2026,60000.000000,650,OPTSTK,NFO,5.000000,32501,False
78407,HDFCBANK27OCT26640CE,HDFCBANK,27OCT2026,64000.000000,650,OPTSTK,NFO,5.000000,32501,False
78466,ABCAPITAL29SEP26420CE,ABCAPITAL,29SEP2026,42000.000000,3100,OPTSTK,NFO,5.000000,62001,False
78470,ABCAPITAL29SEP26440CE,ABCAPITAL,29SEP2026,44000.000000,3100,OPTSTK,NFO,5.000000,62001,False
78595,HDFCLIFE29SEP26535CE,HDFCLIFE,29SEP2026,53500.000000,1100,OPTSTK,NFO,5.000000,44001,False
78598,HDFCLIFE29SEP26545PE,HDFCLIFE,29SEP2026,54500.000000,1100,OPTSTK,NFO,5.000000,44001,False
78659,HDFCLIFE27OCT26420CE,HDFCLIFE,27OCT2026,42000.000000,1100,OPTSTK,NFO,5.000000,44001,False
78689,BHARATFORG27OCT261740CE,BHARATFORG,27OCT2026,174000.000000,500,OPTSTK,NFO,5.000000,10001,False
78700,HDFCLIFE27OCT26570CE,HDFCLIFE,27OCT2026,57000.000000,1100,OPTSTK,NFO,5.000000,44001,False
78724,HDFCLIFE27OCT26600CE,HDFCLIFE,27OCT2026,60000.000000,1100,OPTSTK,NFO,5.000000,44001,False
78809,BHARATFORG27OCT262020PE,BHARATFORG,27OCT2026,202000.000000,500,OPTSTK,NFO,5.000000,10001,False
78814,BHARATFORG27OCT262100PE,BHARATFORG,27OCT2026,210000.000000,500,OPTSTK,NFO,5.000000,10001,False
78822,BHARATFORG27OCT262220PE,BHARATFORG,27OCT2026,222000.000000,500,OPTSTK,NFO,5.000000,10001,False
78828,BHARATFORG27OCT262260PE,BHARATFORG,27OCT2026,226000.000000,500,OPTSTK,NFO,5.000000,10001,False
78836,HEROMOTOCO29SEP264900CE,HEROMOTOCO,29SEP2026,490000.000000,150,OPTSTK,NFO,5.000000,4501,False
78892,BHARATFORG23NOV261760CE,BHARATFORG,23NOV2026,176000.000000,500,OPTSTK,NFO,5.000000,10001,False
78911,BHARATFORG23NOV262120PE,BHARATFORG,23NOV2026,212000.000000,500,OPTSTK,NFO,5.000000,10001,False
78919,BHARATFORG23NOV262240CE,BHARATFORG,23NOV2026,224000.000000,500,OPTSTK,NFO,5.000000,10001,False
78924,BHARATFORG23NOV262320CE,BHARATFORG,23NOV2026,232000.000000,500,OPTSTK,NFO,5.000000,10001,False
78993,HEROMOTOCO27OCT264800CE,HEROMOTOCO,27OCT2026,480000.000000,150,OPTSTK,NFO,5.000000,4501,False
79056,HINDALCO29SEP261020PE,HINDALCO,29SEP2026,102000.000000,700,OPTSTK,NFO,5.000000,21001,False
79069,HINDALCO29SEP261180CE,HINDALCO,29SEP2026,118000.000000,700,OPTSTK,NFO,5.000000,21001,False
79089,BHARTIARTL27OCT261660PE,BHARTIARTL,27OCT2026,166000.000000,475,OPTSTK,NFO,5.000000,14251,False
79092,BHARTIARTL27OCT261740CE,BHARTIARTL,27OCT2026,174000.000000,475,OPTSTK,NFO,5.000000,14251,False
79164,HINDALCO27OCT261040PE,HINDALCO,27OCT2026,104000.000000,700,OPTSTK,NFO,5.000000,21001,False
79189,BHARTIARTL27OCT262060CE,BHARTIARTL,27OCT2026,206000.000000,475,OPTSTK,NFO,5.000000,14251,False
79190,BHARTIARTL27OCT262060PE,BHARTIARTL,27OCT2026,206000.000000,475,OPTSTK,NFO,5.000000,14251,False
79197,HINDPETRO29SEP26370.75CE,HINDPETRO,29SEP2026,37075.000000,2025,OPTSTK,NFO,5.000000,60751,False
79273,BHARTIARTL23NOV261640PE,BHARTIARTL,23NOV2026,164000.000000,475,OPTSTK,NFO,5.000000,14251,False
79291,BHARTIARTL23NOV262000PE,BHARTIARTL,23NOV2026,200000.000000,475,OPTSTK,NFO,5.000000,14251,False
79296,BHARTIARTL23NOV262120CE,BHARTIARTL,23NOV2026,212000.000000,475,OPTSTK,NFO,5.000000,14251,False
79365,BHEL27OCT26385CE,BHEL,27OCT2026,38500.000000,2625,OPTSTK,NFO,5.000000,52501,False
79374,BHEL27OCT26425PE,BHEL,27OCT2026,42500.000000,2625,OPTSTK,NFO,5.000000,52501,False
79387,BHEL27OCT26455CE,BHEL,27OCT2026,45500.000000,2625,OPTSTK,NFO,5.000000,52501,False
79452,HINDUNILVR29SEP262020CE,HINDUNILVR,29SEP2026,202000.000000,300,OPTSTK,NFO,5.000000,12001,False
79465,HINDUNILVR29SEP262220PE,HINDUNILVR,29SEP2026,222000.000000,300,OPTSTK,NFO,5.000000,12001,False
79470,HINDUNILVR29SEP262340CE,HINDUNILVR,29SEP2026,234000.000000,300,OPTSTK,NFO,5.000000,12001,False
79528,HINDUNILVR27OCT261640PE,HINDUNILVR,27OCT2026,164000.000000,300,OPTSTK,NFO,5.000000,12001,False
79533,HINDUNILVR27OCT261760CE,HINDUNILVR,27OCT2026,176000.000000,300,OPTSTK,NFO,5.000000,12001,False
79542,HINDUNILVR27OCT261920PE,HINDUNILVR,27OCT2026,192000.000000,300,OPTSTK,NFO,5.000000,12001,False
79553,HINDUNILVR27OCT262160CE,HINDUNILVR,27OCT2026,216000.000000,300,OPTSTK,NFO,5.000000,12001,False
79562,BHEL23NOV26440CE,BHEL,23NOV2026,44000.000000,2625,OPTSTK,NFO,5.000000,52501,False
79619,ADANIENSOL29SEP261160PE,ADANIENSOL,29SEP2026,116000.000000,675,OPTSTK,NFO,5.000000,13501,False
79714,HINDZINC29SEP26650PE,HINDZINC,29SEP2026,65000.000000,1225,OPTSTK,NFO,5.000000,36751,False
79759,HINDZINC27OCT26500PE,HINDZINC,27OCT2026,50000.000000,1225,OPTSTK,NFO,5.000000,36751,False
79773,HINDZINC27OCT26600PE,HINDZINC,27OCT2026,60000.000000,1225,OPTSTK,NFO,5.000000,36751,False
79802,HINDZINC27OCT26680CE,HINDZINC,27OCT2026,68000.000000,1225,OPTSTK,NFO,5.000000,36751,False
79860,HYUNDAI29SEP261980PE,HYUNDAI,29SEP2026,198000.000000,275,OPTSTK,NFO,5.000000,11001,False
79875,BIOCON27OCT26385CE,BIOCON,27OCT2026,38500.000000,2500,OPTSTK,NFO,5.000000,50001,False
79881,BIOCON27OCT26415CE,BIOCON,27OCT2026,41500.000000,2500,OPTSTK,NFO,5.000000,50001,False
79885,BIOCON27OCT26435CE,BIOCON,27OCT2026,43500.000000,2500,OPTSTK,NFO,5.000000,50001,False
79895,HYUNDAI29SEP262220PE,HYUNDAI,29SEP2026,222000.000000,275,OPTSTK,NFO,5.000000,11001,False
79956,ADANIENSOL29SEP261640CE,ADANIENSOL,29SEP2026,164000.000000,675,OPTSTK,NFO,5.000000,13501,False
79982,HYUNDAI27OCT262040PE,HYUNDAI,27OCT2026,204000.000000,275,OPTSTK,NFO,5.000000,11001,False
79987,ADANIENSOL29SEP261920CE,ADANIENSOL,29SEP2026,192000.000000,675,OPTSTK,NFO,5.000000,13501,False
79989,HYUNDAI27OCT262080CE,HYUNDAI,27OCT2026,208000.000000,275,OPTSTK,NFO,5.000000,11001,False
80028,HYUNDAI27OCT262360CE,HYUNDAI,27OCT2026,236000.000000,275,OPTSTK,NFO,5.000000,11001,False
80056,BIOCON23NOV26370CE,BIOCON,23NOV2026,37000.000000,2500,OPTSTK,NFO,5.000000,50001,False
80068,BIOCON23NOV26430CE,BIOCON,23NOV2026,43000.000000,2500,OPTSTK,NFO,5.000000,50001,False
80084,HYUNDAI27OCT262560CE,HYUNDAI,27OCT2026,256000.000000,275,OPTSTK,NFO,5.000000,11001,False
80101,BIOCON23NOV26480PE,BIOCON,23NOV2026,48000.000000,2500,OPTSTK,NFO,5.000000,50001,False
80233,BLUESTARCO27OCT261380PE,BLUESTARCO,27OCT2026,138000.000000,325,OPTSTK,NFO,5.000000,13001,False
80239,BLUESTARCO27OCT261500PE,BLUESTARCO,27OCT2026,150000.000000,325,OPTSTK,NFO,5.000000,13001,False
80240,BLUESTARCO27OCT261540CE,BLUESTARCO,27OCT2026,154000.000000,325,OPTSTK,NFO,5.000000,13001,False
80252,ICICIBANK29SEP261370CE,ICICIBANK,29SEP2026,137000.000000,700,OPTSTK,NFO,5.000000,21001,False
80270,NIFTY30MAR2722500CE,NIFTY,30MAR2027,2250000.000000,65,OPTIDX,NFO,5.000000,1801,False
80272,NIFTY30MAR2724000CE,NIFTY,30MAR2027,2400000.000000,65,OPTIDX,NFO,5.000000,1801,False
80278,NIFTY30MAR2728500CE,NIFTY,30MAR2027,2850000.000000,65,OPTIDX,NFO,5.000000,1801,False
80302,BLUESTARCO27OCT261660PE,BLUESTARCO,27OCT2026,166000.000000,325,OPTSTK,NFO,5.000000,13001,False
80304,BLUESTARCO27OCT261700PE,BLUESTARCO,27OCT2026,170000.000000,325,OPTSTK,NFO,5.000000,13001,False
80422,ADANIENT29SEP262800CE,ADANIENT,29SEP2026,280000.000000,309,OPTSTK,NFO,5.000000,9271,False
80435,ADANIENT29SEP263400PE,ADANIENT,29SEP2026,340000.000000,309,OPTSTK,NFO,5.000000,9271,False
80462,ICICIBANK29SEP261450CE,ICICIBANK,29SEP2026,145000.000000,700,OPTSTK,NFO,5.000000,21001,False
80465,BLUESTARCO23NOV261200CE,BLUESTARCO,23NOV2026,120000.000000,325,OPTSTK,NFO,5.000000,13001,False
80475,ICICIBANK29SEP261550PE,ICICIBANK,29SEP2026,155000.000000,700,OPTSTK,NFO,5.000000,21001,False
80494,BLUESTARCO23NOV261280PE,BLUESTARCO,23NOV2026,128000.000000,325,OPTSTK,NFO,5.000000,13001,False
80513,BLUESTARCO23NOV261600CE,BLUESTARCO,23NOV2026,160000.000000,325,OPTSTK,NFO,5.000000,13001,False
80516,BLUESTARCO23NOV261640PE,BLUESTARCO,23NOV2026,164000.000000,325,OPTSTK,NFO,5.000000,13001,False
80558,BLUESTARCO23NOV261760PE,BLUESTARCO,23NOV2026,176000.000000,325,OPTSTK,NFO,5.000000,13001,False
80585,ICICIBANK27OCT261200CE,ICICIBANK,27OCT2026,120000.000000,700,OPTSTK,NFO,5.000000,21001,False
80587,ICICIBANK27OCT261220CE,ICICIBANK,27OCT2026,122000.000000,700,OPTSTK,NFO,5.000000,21001,False
80588,ICICIBANK27OCT261220PE,ICICIBANK,27OCT2026,122000.000000,700,OPTSTK,NFO,5.000000,21001,False
80628,ICICIBANK27OCT261480PE,ICICIBANK,27OCT2026,148000.000000,700,OPTSTK,NFO,5.000000,21001,False
80640,ICICIBANK27OCT261540CE,ICICIBANK,27OCT2026,154000.000000,700,OPTSTK,NFO,5.000000,21001,False
80644,ICICIBANK27OCT261560PE,ICICIBANK,27OCT2026,156000.000000,700,OPTSTK,NFO,5.000000,21001,False
80651,BOSCHLTD27OCT2646500CE,BOSCHLTD,27OCT2026,4650000.000000,25,OPTSTK,NFO,5.000000,501,False
80652,BOSCHLTD27OCT2646500PE,BOSCHLTD,27OCT2026,4650000.000000,25,OPTSTK,NFO,5.000000,501,False
80714,BOSCHLTD27OCT2650500PE,BOSCHLTD,27OCT2026,5050000.000000,25,OPTSTK,NFO,5.000000,501,False
80764,ADANIGREEN29SEP261120CE,ADANIGREEN,29SEP2026,112000.000000,600,OPTSTK,NFO,5.000000,18001,False
80768,ADANIGREEN29SEP261160CE,ADANIGREEN,29SEP2026,116000.000000,600,OPTSTK,NFO,5.000000,18001,False
80796,ICICIGI29SEP261660PE,ICICIGI,29SEP2026,166000.000000,325,OPTSTK,NFO,5.000000,13001,False
80844,ADANIGREEN29SEP261320PE,ADANIGREEN,29SEP2026,132000.000000,600,OPTSTK,NFO,5.000000,18001,False
80852,ADANIGREEN29SEP261480CE,ADANIGREEN,29SEP2026,148000.000000,600,OPTSTK,NFO,5.000000,18001,False
80855,ADANIGREEN29SEP261520CE,ADANIGREEN,29SEP2026,152000.000000,600,OPTSTK,NFO,5.000000,18001,False
80858,ADANIGREEN29SEP261560CE,ADANIGREEN,29SEP2026,156000.000000,600,OPTSTK,NFO,5.000000,18001,False
80897,BOSCHLTD23NOV2651000PE,BOSCHLTD,23NOV2026,5100000.000000,25,OPTSTK,NFO,5.000000,501,False
80901,ADANIGREEN29SEP261600PE,ADANIGREEN,29SEP2026,160000.000000,600,OPTSTK,NFO,5.000000,18001,False
80912,ICICIGI27OCT261520PE,ICICIGI,27OCT2026,152000.000000,325,OPTSTK,NFO,5.000000,13001,False
80909,ICICIGI27OCT261480CE,ICICIGI,27OCT2026,148000.000000,325,OPTSTK,NFO,5.000000,13001,False
80910,ICICIGI27OCT261480PE,ICICIGI,27OCT2026,148000.000000,325,OPTSTK,NFO,5.000000,13001,False
80911,ICICIGI27OCT261520CE,ICICIGI,27OCT2026,152000.000000,325,OPTSTK,NFO,5.000000,13001,False
80924,ICICIGI27OCT261760PE,ICICIGI,27OCT2026,176000.000000,325,OPTSTK,NFO,5.000000,13001,False
80973,ICICIPRULI29SEP26415CE,ICICIPRULI,29SEP2026,41500.000000,925,OPTSTK,NFO,5.000000,46251,False
80992,ICICIPRULI29SEP26455CE,ICICIPRULI,29SEP2026,45500.000000,925,OPTSTK,NFO,5.000000,46251,False
80999,ICICIPRULI29SEP26465PE,ICICIPRULI,29SEP2026,46500.000000,925,OPTSTK,NFO,5.000000,46251,False
81020,ICICIPRULI29SEP26535PE,ICICIPRULI,29SEP2026,53500.000000,925,OPTSTK,NFO,5.000000,46251,False
81025,ICICIPRULI29SEP26565CE,ICICIPRULI,29SEP2026,56500.000000,925,OPTSTK,NFO,5.000000,46251,False
81026,ICICIPRULI29SEP26565PE,ICICIPRULI,29SEP2026,56500.000000,925,OPTSTK,NFO,5.000000,46251,False
81064,BPCL27OCT26315CE,BPCL,27OCT2026,31500.000000,1975,OPTSTK,NFO,5.000000,79001,False
81073,BPCL27OCT26345PE,BPCL,27OCT2026,34500.000000,1975,OPTSTK,NFO,5.000000,79001,False
81075,BPCL27OCT26355PE,BPCL,27OCT2026,35500.000000,1975,OPTSTK,NFO,5.000000,79001,False
81161,ICICIPRULI27OCT26490CE,ICICIPRULI,27OCT2026,49000.000000,925,OPTSTK,NFO,5.000000,46251,False
81164,ICICIPRULI27OCT26500PE,ICICIPRULI,27OCT2026,50000.000000,925,OPTSTK,NFO,5.000000,46251,False
81168,ICICIPRULI27OCT26510CE,ICICIPRULI,27OCT2026,51000.000000,925,OPTSTK,NFO,5.000000,46251,False
81169,ICICIPRULI27OCT26510PE,ICICIPRULI,27OCT2026,51000.000000,925,OPTSTK,NFO,5.000000,46251,False
81172,ICICIPRULI27OCT26530CE,ICICIPRULI,27OCT2026,53000.000000,925,OPTSTK,NFO,5.000000,46251,False
81174,ICICIPRULI27OCT26540CE,ICICIPRULI,27OCT2026,54000.000000,925,OPTSTK,NFO,5.000000,46251,False
81246,IDEA29SEP2615PE,IDEA,29SEP2026,1500.000000,71475,OPTSTK,NFO,1.000000,1429501,False
81358,IDFCFIRSTB29SEP2677CE,IDFCFIRSTB,29SEP2026,7700.000000,9275,OPTSTK,NFO,1.000000,278251,False
81367,IDFCFIRSTB29SEP2685PE,IDFCFIRSTB,29SEP2026,8500.000000,9275,OPTSTK,NFO,1.000000,278251,False
81375,IDFCFIRSTB29SEP2693PE,IDFCFIRSTB,29SEP2026,9300.000000,9275,OPTSTK,NFO,1.000000,278251,False
81390,ADANIPORTS29SEP261720CE,ADANIPORTS,29SEP2026,172000.000000,475,OPTSTK,NFO,5.000000,14251,False
81407,ADANIPORTS29SEP262000CE,ADANIPORTS,29SEP2026,200000.000000,475,OPTSTK,NFO,5.000000,14251,False
81408,ADANIPORTS29SEP262000PE,ADANIPORTS,29SEP2026,200000.000000,475,OPTSTK,NFO,5.000000,14251,False
81409,ADANIPORTS29SEP262040CE,ADANIPORTS,29SEP2026,204000.000000,475,OPTSTK,NFO,5.000000,14251,False
81477,BPCL23NOV26280PE,BPCL,23NOV2026,28000.000000,1975,OPTSTK,NFO,5.000000,79001,False
81495,BPCL23NOV26340PE,BPCL,23NOV2026,34000.000000,1975,OPTSTK,NFO,5.000000,79001,False
81503,IDFCFIRSTB27OCT2676CE,IDFCFIRSTB,27OCT2026,7600.000000,9275,OPTSTK,NFO,1.000000,278251,False
81505,IDFCFIRSTB27OCT2678CE,IDFCFIRSTB,27OCT2026,7800.000000,9275,OPTSTK,NFO,1.000000,278251,False
81508,IDFCFIRSTB27OCT2680PE,IDFCFIRSTB,27OCT2026,8000.000000,9275,OPTSTK,NFO,1.000000,278251,False
81518,BPCL23NOV26360PE,BPCL,23NOV2026,36000.000000,1975,OPTSTK,NFO,5.000000,79001,False
81563,IDFCFIRSTB27OCT2698CE,IDFCFIRSTB,27OCT2026,9800.000000,9275,OPTSTK,NFO,1.000000,278251,False
81573,BRITANNIA27OCT264550CE,BRITANNIA,27OCT2026,455000.000000,125,OPTSTK,NFO,5.000000,5001,False
81576,BRITANNIA27OCT264650CE,BRITANNIA,27OCT2026,465000.000000,125,OPTSTK,NFO,5.000000,5001,False
81596,ADANIPOWER29SEP26190PE,ADANIPOWER,29SEP2026,19000.000000,3550,OPTSTK,NFO,1.000000,106501,False
81605,ADANIPOWER29SEP26240CE,ADANIPOWER,29SEP2026,24000.000000,3550,OPTSTK,NFO,1.000000,106501,False
81640,IEX29SEP26117.5PE,IEX,29SEP2026,11750.000000,4350,OPTSTK,NFO,1.000000,174001,False
81669,BRITANNIA27OCT265350PE,BRITANNIA,27OCT2026,535000.000000,125,OPTSTK,NFO,5.000000,5001,False
81678,BRITANNIA27OCT265550PE,BRITANNIA,27OCT2026,555000.000000,125,OPTSTK,NFO,5.000000,5001,False
81721,IEX27OCT26120CE,IEX,27OCT2026,12000.000000,4350,OPTSTK,NFO,1.000000,174001,False
81736,IEX27OCT26140CE,IEX,27OCT2026,14000.000000,4350,OPTSTK,NFO,1.000000,174001,False
81743,IEX27OCT26150CE,IEX,27OCT2026,15000.000000,4350,OPTSTK,NFO,1.000000,174001,False
81908,INDHOTEL27OCT26680PE,INDHOTEL,27OCT2026,68000.000000,1000,OPTSTK,NFO,5.000000,30001,False
81910,INDHOTEL27OCT26700PE,INDHOTEL,27OCT2026,70000.000000,1000,OPTSTK,NFO,5.000000,30001,False
81917,INDHOTEL27OCT26780CE,INDHOTEL,27OCT2026,78000.000000,1000,OPTSTK,NFO,5.000000,30001,False
82010,INDIANB29SEP26770PE,INDIANB,29SEP2026,77000.000000,1000,OPTSTK,NFO,5.000000,30001,False
82016,INDIANB29SEP26810CE,INDIANB,29SEP2026,81000.000000,1000,OPTSTK,NFO,5.000000,30001,False
82017,INDIANB29SEP26810PE,INDIANB,29SEP2026,81000.000000,1000,OPTSTK,NFO,5.000000,30001,False
82031,INDIANB29SEP26850CE,INDIANB,29SEP2026,85000.000000,1000,OPTSTK,NFO,5.000000,30001,False
82034,INDIANB29SEP26870PE,INDIANB,29SEP2026,87000.000000,1000,OPTSTK,NFO,5.000000,30001,False
82038,INDIANB29SEP26910CE,INDIANB,29SEP2026,91000.000000,1000,OPTSTK,NFO,5.000000,30001,False
82042,INDIANB29SEP26930PE,INDIANB,29SEP2026,93000.000000,1000,OPTSTK,NFO,5.000000,30001,False
82048,INDIANB29SEP26970PE,INDIANB,29SEP2026,97000.000000,1000,OPTSTK,NFO,5.000000,30001,False
82084,BRITANNIA23NOV265000PE,BRITANNIA,23NOV2026,500000.000000,125,OPTSTK,NFO,5.000000,5001,False
82166,BRITANNIA23NOV265100PE,BRITANNIA,23NOV2026,510000.000000,125,OPTSTK,NFO,5.000000,5001,False
82235,ALKEM29SEP264700PE,ALKEM,29SEP2026,470000.000000,125,OPTSTK,NFO,5.000000,5001,False
82238,INDIGO29SEP265100CE,INDIGO,29SEP2026,510000.000000,150,OPTSTK,NFO,5.000000,4501,False
82239,ALKEM29SEP264900CE,ALKEM,29SEP2026,490000.000000,125,OPTSTK,NFO,5.000000,5001,False
82252,ALKEM29SEP265400CE,ALKEM,29SEP2026,540000.000000,125,OPTSTK,NFO,5.000000,5001,False
82256,INDIGO29SEP265500PE,INDIGO,29SEP2026,550000.000000,150,OPTSTK,NFO,5.000000,4501,False
82296,ALKEM29SEP265600PE,ALKEM,29SEP2026,560000.000000,125,OPTSTK,NFO,5.000000,5001,False
82299,ALKEM29SEP265800CE,ALKEM,29SEP2026,580000.000000,125,OPTSTK,NFO,5.000000,5001,False
82305,ALKEM29SEP266100CE,ALKEM,29SEP2026,610000.000000,125,OPTSTK,NFO,5.000000,5001,False
82308,ALKEM29SEP266100PE,ALKEM,29SEP2026,610000.000000,125,OPTSTK,NFO,5.000000,5001,False
82377,BSE27OCT263300CE,BSE,27OCT2026,330000.000000,200,OPTSTK,NFO,5.000000,6001,False
82385,BSE27OCT263300PE,BSE,27OCT2026,330000.000000,200,OPTSTK,NFO,5.000000,6001,False
82390,BSE27OCT263900CE,BSE,27OCT2026,390000.000000,200,OPTSTK,NFO,5.000000,6001,False
82424,INDIGO27OCT265600PE,INDIGO,27OCT2026,560000.000000,150,OPTSTK,NFO,5.000000,4501,False
82482,INDUSINDBK29SEP261070PE,INDUSINDBK,29SEP2026,107000.000000,700,OPTSTK,NFO,5.000000,28001,False
82496,BSE23NOV262800PE,BSE,23NOV2026,280000.000000,200,OPTSTK,NFO,5.000000,6001,False
82507,BSE23NOV264000CE,BSE,23NOV2026,400000.000000,200,OPTSTK,NFO,5.000000,6001,False
82542,CAMS27OCT26630PE,CAMS,27OCT2026,63000.000000,825,OPTSTK,NFO,5.000000,33001,False
82543,CAMS27OCT26650CE,CAMS,27OCT2026,65000.000000,825,OPTSTK,NFO,5.000000,33001,False
82596,CAMS27OCT26830PE,CAMS,27OCT2026,83000.000000,825,OPTSTK,NFO,5.000000,33001,False
82678,INDUSINDBK27OCT26880PE,INDUSINDBK,27OCT2026,88000.000000,700,OPTSTK,NFO,5.000000,28001,False
82680,INDUSINDBK27OCT26900PE,INDUSINDBK,27OCT2026,90000.000000,700,OPTSTK,NFO,5.000000,28001,False
82713,CAMS23NOV26600PE,CAMS,23NOV2026,60000.000000,825,OPTSTK,NFO,5.000000,33001,False
82723,INDUSINDBK27OCT26980CE,INDUSINDBK,27OCT2026,98000.000000,700,OPTSTK,NFO,5.000000,28001,False
82725,CAMS23NOV26680PE,CAMS,23NOV2026,68000.000000,825,OPTSTK,NFO,5.000000,33001,False
82729,CAMS23NOV26720CE,CAMS,23NOV2026,72000.000000,825,OPTSTK,NFO,5.000000,33001,False
82733,CAMS23NOV26760CE,CAMS,23NOV2026,76000.000000,825,OPTSTK,NFO,5.000000,33001,False
82740,CAMS23NOV26820PE,CAMS,23NOV2026,82000.000000,825,OPTSTK,NFO,5.000000,33001,False
82760,CAMS23NOV26860PE,CAMS,23NOV2026,86000.000000,825,OPTSTK,NFO,5.000000,33001,False
82761,CAMS23NOV26880CE,CAMS,23NOV2026,88000.000000,825,OPTSTK,NFO,5.000000,33001,False
82840,AMBER29SEP266400CE,AMBER,29SEP2026,640000.000000,100,OPTSTK,NFO,5.000000,3001,False
82923,CANBK27OCT26117.5PE,CANBK,27OCT2026,11750.000000,6750,OPTSTK,NFO,1.000000,202501,False
82942,CANBK27OCT26122.5CE,CANBK,27OCT2026,12250.000000,6750,OPTSTK,NFO,1.000000,202501,False
83047,CANBK23NOV26120CE,CANBK,23NOV2026,12000.000000,6750,OPTSTK,NFO,1.000000,202501,False
83053,INDUSTOWER29SEP26371CE,INDUSTOWER,29SEP2026,37100.000000,1700,OPTSTK,NFO,5.000000,68001,False
83065,CANBK23NOV26130PE,CANBK,23NOV2026,13000.000000,6750,OPTSTK,NFO,1.000000,202501,False
83126,CDSL27OCT261540PE,CDSL,27OCT2026,154000.000000,475,OPTSTK,NFO,5.000000,19001,False
83260,AMBUJACEM29SEP26340CE,AMBUJACEM,29SEP2026,34000.000000,1200,OPTSTK,NFO,5.000000,60001,False
83264,AMBUJACEM29SEP26360CE,AMBUJACEM,29SEP2026,36000.000000,1200,OPTSTK,NFO,5.000000,60001,False
83278,AMBUJACEM29SEP26430CE,AMBUJACEM,29SEP2026,43000.000000,1200,OPTSTK,NFO,5.000000,60001,False
83289,AMBUJACEM29SEP26480PE,AMBUJACEM,29SEP2026,48000.000000,1200,OPTSTK,NFO,5.000000,60001,False
83318,CDSL23NOV261480PE,CDSL,23NOV2026,148000.000000,475,OPTSTK,NFO,5.000000,19001,False
83355,CGPOWER27OCT26780PE,CGPOWER,27OCT2026,78000.000000,850,OPTSTK,NFO,5.000000,25501,False
75667,NIFTYNXT5029SEP2673500CE,NIFTYNXT50,29SEP2026,7350000.000000,25,OPTIDX,NFO,5.000000,601,False
75685,NIFTYNXT5029SEP2673600PE,NIFTYNXT50,29SEP2026,7360000.000000,25,OPTIDX,NFO,5.000000,601,False
75731,GODFRYPHLP27OCT262400CE,GODFRYPHLP,27OCT2026,240000.000000,275,OPTSTK,NFO,5.000000,11001,False
75738,NIFTYNXT5029SEP2673700PE,NIFTYNXT50,29SEP2026,7370000.000000,25,OPTIDX,NFO,5.000000,601,False
75783,NIFTYNXT5029SEP2674900CE,NIFTYNXT50,29SEP2026,7490000.000000,25,OPTIDX,NFO,5.000000,601,False
75786,GODREJCP29SEP26810CE,GODREJCP,29SEP2026,81000.000000,500,OPTSTK,NFO,5.000000,25001,False
75805,GODREJCP29SEP26930PE,GODREJCP,29SEP2026,93000.000000,500,OPTSTK,NFO,5.000000,25001,False
75810,GODREJCP29SEP26950PE,GODREJCP,29SEP2026,95000.000000,500,OPTSTK,NFO,5.000000,25001,False
75815,GODREJCP29SEP261010CE,GODREJCP,29SEP2026,101000.000000,500,OPTSTK,NFO,5.000000,25001,False
75820,NIFTYNXT5029SEP2675600CE,NIFTYNXT50,29SEP2026,7560000.000000,25,OPTIDX,NFO,5.000000,601,False
75836,NIFTYNXT5029SEP2675700PE,NIFTYNXT50,29SEP2026,7570000.000000,25,OPTIDX,NFO,5.000000,601,False
75861,NIFTYNXT5029SEP2676300CE,NIFTYNXT50,29SEP2026,7630000.000000,25,OPTIDX,NFO,5.000000,601,False
75876,NIFTYNXT5029SEP2677000PE,NIFTYNXT50,29SEP2026,7700000.000000,25,OPTIDX,NFO,5.000000,601,False
75878,NIFTYNXT5029SEP2677100PE,NIFTYNXT50,29SEP2026,7710000.000000,25,OPTIDX,NFO,5.000000,601,False
75918,GODREJCP27OCT26840PE,GODREJCP,27OCT2026,84000.000000,500,OPTSTK,NFO,5.000000,25001,False
75950,NIFTYNXT5029SEP2677200PE,NIFTYNXT50,29SEP2026,7720000.000000,25,OPTIDX,NFO,5.000000,601,False
75954,NIFTYNXT5029SEP2677400PE,NIFTYNXT50,29SEP2026,7740000.000000,25,OPTIDX,NFO,5.000000,601,False
75984,NIFTYNXT5029SEP2677800PE,NIFTYNXT50,29SEP2026,7780000.000000,25,OPTIDX,NFO,5.000000,601,False
76046,NIFTYNXT5029SEP2678100PE,NIFTYNXT50,29SEP2026,7810000.000000,25,OPTIDX,NFO,5.000000,601,False
76050,NIFTYNXT5029SEP2678300PE,NIFTYNXT50,29SEP2026,7830000.000000,25,OPTIDX,NFO,5.000000,601,False
76133,GODREJPROP29SEP261660CE,GODREJPROP,29SEP2026,166000.000000,325,OPTSTK,NFO,5.000000,13001,False
76077,NIFTYNXT5029SEP2679700CE,NIFTYNXT50,29SEP2026,7970000.000000,25,OPTIDX,NFO,5.000000,601,False
76083,BAJAJHLDNG27OCT2612300PE,BAJAJHLDNG,27OCT2026,1230000.000000,75,OPTSTK,NFO,5.000000,2251,False
76132,GODREJPROP29SEP261620PE,GODREJPROP,29SEP2026,162000.000000,325,OPTSTK,NFO,5.000000,13001,False
76145,NIFTYNXT5029SEP2680000PE,NIFTYNXT50,29SEP2026,8000000.000000,25,OPTIDX,NFO,5.000000,601,False
76150,GODREJPROP29SEP261820PE,GODREJPROP,29SEP2026,182000.000000,325,OPTSTK,NFO,5.000000,13001,False
76155,NIFTYNXT5029SEP2680200CE,NIFTYNXT50,29SEP2026,8020000.000000,25,OPTIDX,NFO,5.000000,601,False
76156,NIFTYNXT5029SEP2680200PE,NIFTYNXT50,29SEP2026,8020000.000000,25,OPTIDX,NFO,5.000000,601,False
76158,NIFTYNXT5029SEP2680300PE,NIFTYNXT50,29SEP2026,8030000.000000,25,OPTIDX,NFO,5.000000,601,False
76177,NIFTYNXT5029SEP2680800CE,NIFTYNXT50,29SEP2026,8080000.000000,25,OPTIDX,NFO,5.000000,601,False
76193,GODREJPROP29SEP262180CE,GODREJPROP,29SEP2026,218000.000000,325,OPTSTK,NFO,5.000000,13001,False
76317,GODREJPROP27OCT262040PE,GODREJPROP,27OCT2026,204000.000000,325,OPTSTK,NFO,5.000000,13001,False
76348,GODREJPROP27OCT262360PE,GODREJPROP,27OCT2026,236000.000000,325,OPTSTK,NFO,5.000000,13001,False
76390,BANKNIFTY30MAR2751000CE,BANKNIFTY,30MAR2027,5100000.000000,30,OPTIDX,NFO,5.000000,601,False
76391,BANKNIFTY30MAR2751000PE,BANKNIFTY,30MAR2027,5100000.000000,30,OPTIDX,NFO,5.000000,601,False
76432,BANKNIFTY30MAR2764500PE,BANKNIFTY,30MAR2027,6450000.000000,30,OPTIDX,NFO,5.000000,601,False
76456,NIFTYNXT5029SEP2681500PE,NIFTYNXT50,29SEP2026,8150000.000000,25,OPTIDX,NFO,5.000000,601,False
76468,NIFTYNXT5029SEP2682000CE,NIFTYNXT50,29SEP2026,8200000.000000,25,OPTIDX,NFO,5.000000,601,False
76511,BAJFINANCE23NOV26980CE,BAJFINANCE,23NOV2026,98000.000000,750,OPTSTK,NFO,5.000000,22501,False
76519,BAJFINANCE23NOV261060CE,BAJFINANCE,23NOV2026,106000.000000,750,OPTSTK,NFO,5.000000,22501,False
76624,NIFTYNXT5029SEP2683500CE,NIFTYNXT50,29SEP2026,8350000.000000,25,OPTIDX,NFO,5.000000,601,False
76677,BANDHANBNK27OCT26185CE,BANDHANBNK,27OCT2026,18500.000000,3600,OPTSTK,NFO,1.000000,108001,False
76731,BANDHANBNK23NOV26180PE,BANDHANBNK,23NOV2026,18000.000000,3600,OPTSTK,NFO,1.000000,108001,False
76823,GRASIM29SEP262940CE,GRASIM,29SEP2026,294000.000000,250,OPTSTK,NFO,5.000000,7501,False
76833,GRASIM29SEP263140CE,GRASIM,29SEP2026,314000.000000,250,OPTSTK,NFO,5.000000,7501,False
76834,GRASIM29SEP263140PE,GRASIM,29SEP2026,314000.000000,250,OPTSTK,NFO,5.000000,7501,False
76836,GRASIM29SEP263180PE,GRASIM,29SEP2026,318000.000000,250,OPTSTK,NFO,5.000000,7501,False
76843,GRASIM29SEP263340CE,GRASIM,29SEP2026,334000.000000,250,OPTSTK,NFO,5.000000,7501,False
76849,GRASIM29SEP263460CE,GRASIM,29SEP2026,346000.000000,250,OPTSTK,NFO,5.000000,7501,False
76861,GRASIM29SEP263580CE,GRASIM,29SEP2026,358000.000000,250,OPTSTK,NFO,5.000000,7501,False
76882,BANKBARODA27OCT26205PE,BANKBARODA,27OCT2026,20500.000000,2925,OPTSTK,NFO,1.000000,87751,False
76932,BANKBARODA23NOV26220CE,BANKBARODA,23NOV2026,22000.000000,2925,OPTSTK,NFO,1.000000,87751,False
76933,BANKBARODA23NOV26220PE,BANKBARODA,23NOV2026,22000.000000,2925,OPTSTK,NFO,1.000000,87751,False
76969,BANKBARODA23NOV26230PE,BANKBARODA,23NOV2026,23000.000000,2925,OPTSTK,NFO,1.000000,87751,False
77011,BANKINDIA27OCT26132.5CE,BANKINDIA,27OCT2026,13250.000000,5200,OPTSTK,NFO,1.000000,156001,False
77065,BANKINDIA27OCT26157.5CE,BANKINDIA,27OCT2026,15750.000000,5200,OPTSTK,NFO,1.000000,156001,False
77093,BANKINDIA27OCT26157.5PE,BANKINDIA,27OCT2026,15750.000000,5200,OPTSTK,NFO,1.000000,156001,False
77211,GRASIM27OCT263000CE,GRASIM,27OCT2026,300000.000000,250,OPTSTK,NFO,5.000000,7501,False
77214,GRASIM27OCT263040PE,GRASIM,27OCT2026,304000.000000,250,OPTSTK,NFO,5.000000,7501,False
77217,GRASIM27OCT263120CE,GRASIM,27OCT2026,312000.000000,250,OPTSTK,NFO,5.000000,7501,False
77234,GRASIM27OCT263440PE,GRASIM,27OCT2026,344000.000000,250,OPTSTK,NFO,5.000000,7501,False
77247,GRASIM27OCT263720CE,GRASIM,27OCT2026,372000.000000,250,OPTSTK,NFO,5.000000,7501,False
77253,GRASIM27OCT263840CE,GRASIM,27OCT2026,384000.000000,250,OPTSTK,NFO,5.000000,7501,False
77297,GVT&D29SEP263700PE,GVT&D,29SEP2026,370000.000000,125,OPTSTK,NFO,5.000000,5001,False
77303,GVT&D29SEP264300PE,GVT&D,29SEP2026,430000.000000,125,OPTSTK,NFO,5.000000,5001,False
77306,GVT&D29SEP264700CE,GVT&D,29SEP2026,470000.000000,125,OPTSTK,NFO,5.000000,5001,False
77310,GVT&D29SEP265100CE,GVT&D,29SEP2026,510000.000000,125,OPTSTK,NFO,5.000000,5001,False
77344,BANKINDIA23NOV26120PE,BANKINDIA,23NOV2026,12000.000000,5200,OPTSTK,NFO,1.000000,156001,False
77387,BANKINDIA23NOV26140PE,BANKINDIA,23NOV2026,14000.000000,5200,OPTSTK,NFO,1.000000,156001,False
77397,GVT&D27OCT264000CE,GVT&D,27OCT2026,400000.000000,125,OPTSTK,NFO,5.000000,5001,False
77401,GVT&D27OCT264400CE,GVT&D,27OCT2026,440000.000000,125,OPTSTK,NFO,5.000000,5001,False
77405,GVT&D27OCT264800CE,GVT&D,27OCT2026,480000.000000,125,OPTSTK,NFO,5.000000,5001,False
77507,HAL29SEP264850CE,HAL,29SEP2026,485000.000000,150,OPTSTK,NFO,5.000000,4501,False
77508,HAL29SEP264850PE,HAL,29SEP2026,485000.000000,150,OPTSTK,NFO,5.000000,4501,False
77592,BDL23NOV261040CE,BDL,23NOV2026,104000.000000,425,OPTSTK,NFO,5.000000,17001,False
77607,HAL27OCT264400CE,HAL,27OCT2026,440000.000000,150,OPTSTK,NFO,5.000000,4501,False
77634,HAL27OCT264900PE,HAL,27OCT2026,490000.000000,150,OPTSTK,NFO,5.000000,4501,False
77638,HAL27OCT265100PE,HAL,27OCT2026,510000.000000,150,OPTSTK,NFO,5.000000,4501,False
77642,HAL27OCT265300PE,HAL,27OCT2026,530000.000000,150,OPTSTK,NFO,5.000000,4501,False
77664,360ONE29SEP26960PE,360ONE,29SEP2026,96000.000000,500,OPTSTK,NFO,5.000000,20001,False
77703,HAVELLS29SEP261140CE,HAVELLS,29SEP2026,114000.000000,500,OPTSTK,NFO,5.000000,20001,False
77710,HAVELLS29SEP261260PE,HAVELLS,29SEP2026,126000.000000,500,OPTSTK,NFO,5.000000,20001,False
77711,HAVELLS29SEP261300CE,HAVELLS,29SEP2026,130000.000000,500,OPTSTK,NFO,5.000000,20001,False
77713,HAVELLS29SEP261340CE,HAVELLS,29SEP2026,134000.000000,500,OPTSTK,NFO,5.000000,20001,False
77715,HAVELLS29SEP261380CE,HAVELLS,29SEP2026,138000.000000,500,OPTSTK,NFO,5.000000,20001,False
77725,360ONE29SEP261360PE,360ONE,29SEP2026,136000.000000,500,OPTSTK,NFO,5.000000,20001,False
77756,HAVELLS27OCT261040PE,HAVELLS,27OCT2026,104000.000000,500,OPTSTK,NFO,5.000000,20001,False
77796,BDL23NOV261520PE,BDL,23NOV2026,152000.000000,425,OPTSTK,NFO,5.000000,17001,False
77809,HAVELLS27OCT261240CE,HAVELLS,27OCT2026,124000.000000,500,OPTSTK,NFO,5.000000,20001,False
77847,HCLTECH29SEP261110CE,HCLTECH,29SEP2026,111000.000000,400,OPTSTK,NFO,5.000000,20001,False
77863,ABB29SEP266400PE,ABB,29SEP2026,640000.000000,125,OPTSTK,NFO,5.000000,3751,False
77880,HCLTECH29SEP261390PE,HCLTECH,29SEP2026,139000.000000,400,OPTSTK,NFO,5.000000,20001,False
77888,HCLTECH29SEP261450CE,HCLTECH,29SEP2026,145000.000000,400,OPTSTK,NFO,5.000000,20001,False
77892,HCLTECH29SEP261490CE,HCLTECH,29SEP2026,149000.000000,400,OPTSTK,NFO,5.000000,20001,False
77910,ABB29SEP267600CE,ABB,29SEP2026,760000.000000,125,OPTSTK,NFO,5.000000,3751,False
77925,ABB29SEP268800PE,ABB,29SEP2026,880000.000000,125,OPTSTK,NFO,5.000000,3751,False
78009,HCLTECH27OCT261220CE,HCLTECH,27OCT2026,122000.000000,400,OPTSTK,NFO,5.000000,20001,False
78020,HCLTECH27OCT261280PE,HCLTECH,27OCT2026,128000.000000,400,OPTSTK,NFO,5.000000,20001,False
78028,HCLTECH27OCT261360PE,HCLTECH,27OCT2026,136000.000000,400,OPTSTK,NFO,5.000000,20001,False
78032,HCLTECH27OCT261380PE,HCLTECH,27OCT2026,138000.000000,400,OPTSTK,NFO,5.000000,20001,False
78054,BEL27OCT26375PE,BEL,27OCT2026,37500.000000,1425,OPTSTK,NFO,5.000000,57001,False
78062,BEL27OCT26415PE,BEL,27OCT2026,41500.000000,1425,OPTSTK,NFO,5.000000,57001,False
78069,HCLTECH27OCT261520CE,HCLTECH,27OCT2026,152000.000000,400,OPTSTK,NFO,5.000000,20001,False
78071,BEL27OCT26425PE,BEL,27OCT2026,42500.000000,1425,OPTSTK,NFO,5.000000,57001,False
78110,HDFCAMC29SEP262250PE,HDFCAMC,29SEP2026,225000.000000,300,OPTSTK,NFO,5.000000,9001,False
78142,BEL27OCT26455PE,BEL,27OCT2026,45500.000000,1425,OPTSTK,NFO,5.000000,57001,False
78150,HDFCAMC27OCT262100CE,HDFCAMC,27OCT2026,210000.000000,300,OPTSTK,NFO,5.000000,9001,False
78202,BEL23NOV26360CE,BEL,23NOV2026,36000.000000,1425,OPTSTK,NFO,5.000000,57001,False
78207,BEL23NOV26380PE,BEL,23NOV2026,38000.000000,1425,OPTSTK,NFO,5.000000,57001,False
78230,HDFCAMC27OCT262700CE,HDFCAMC,27OCT2026,270000.000000,300,OPTSTK,NFO,5.000000,9001,False
78237,HDFCAMC27OCT262800PE,HDFCAMC,27OCT2026,280000.000000,300,OPTSTK,NFO,5.000000,9001,False
78238,HDFCAMC27OCT262900CE,HDFCAMC,27OCT2026,290000.000000,300,OPTSTK,NFO,5.000000,9001,False
78285,HDFCBANK29SEP26610CE,HDFCBANK,29SEP2026,61000.000000,650,OPTSTK,NFO,5.000000,32501,False
78291,HDFCBANK29SEP26670CE,HDFCBANK,29SEP2026,67000.000000,650,OPTSTK,NFO,5.000000,32501,False
78300,HDFCBANK29SEP26710PE,HDFCBANK,29SEP2026,71000.000000,650,OPTSTK,NFO,5.000000,32501,False
78302,HDFCBANK29SEP26730PE,HDFCBANK,29SEP2026,73000.000000,650,OPTSTK,NFO,5.000000,32501,False
78303,HDFCBANK29SEP26750CE,HDFCBANK,29SEP2026,75000.000000,650,OPTSTK,NFO,5.000000,32501,False
78304,HDFCBANK29SEP26750PE,HDFCBANK,29SEP2026,75000.000000,650,OPTSTK,NFO,5.000000,32501,False
78396,ABCAPITAL29SEP26360PE,ABCAPITAL,29SEP2026,36000.000000,3100,OPTSTK,NFO,5.000000,62001,False
78404,HDFCBANK27OCT26600PE,HDFCBANK,27OCT2026,60000.000000,650,OPTSTK,NFO,5.000000,32501,False
78405,HDFCBANK27OCT26620CE,HDFCBANK,27OCT2026,62000.000000,650,OPTSTK,NFO,5.000000,32501,False
78409,HDFCBANK27OCT26660CE,HDFCBANK,27OCT2026,66000.000000,650,OPTSTK,NFO,5.000000,32501,False
78427,HDFCBANK27OCT26720PE,HDFCBANK,27OCT2026,72000.000000,650,OPTSTK,NFO,5.000000,32501,False
78437,HDFCBANK27OCT26820PE,HDFCBANK,27OCT2026,82000.000000,650,OPTSTK,NFO,5.000000,32501,False
78469,ABCAPITAL29SEP26430PE,ABCAPITAL,29SEP2026,43000.000000,3100,OPTSTK,NFO,5.000000,62001,False
78497,BEL23NOV26410PE,BEL,23NOV2026,41000.000000,1425,OPTSTK,NFO,5.000000,57001,False
78506,ABCAPITAL29SEP26480PE,ABCAPITAL,29SEP2026,48000.000000,3100,OPTSTK,NFO,5.000000,62001,False
78515,BEL23NOV26450PE,BEL,23NOV2026,45000.000000,1425,OPTSTK,NFO,5.000000,57001,False
78566,HDFCLIFE29SEP26465PE,HDFCLIFE,29SEP2026,46500.000000,1100,OPTSTK,NFO,5.000000,44001,False
78590,HDFCLIFE29SEP26505PE,HDFCLIFE,29SEP2026,50500.000000,1100,OPTSTK,NFO,5.000000,44001,False
78596,HDFCLIFE29SEP26535PE,HDFCLIFE,29SEP2026,53500.000000,1100,OPTSTK,NFO,5.000000,44001,False
78664,HDFCLIFE27OCT26440PE,HDFCLIFE,27OCT2026,44000.000000,1100,OPTSTK,NFO,5.000000,44001,False
78694,HDFCLIFE27OCT26540PE,HDFCLIFE,27OCT2026,54000.000000,1100,OPTSTK,NFO,5.000000,44001,False
78722,HDFCLIFE27OCT26590CE,HDFCLIFE,27OCT2026,59000.000000,1100,OPTSTK,NFO,5.000000,44001,False
78734,HDFCLIFE27OCT26630CE,HDFCLIFE,27OCT2026,63000.000000,1100,OPTSTK,NFO,5.000000,44001,False
78795,BHARATFORG27OCT261860PE,BHARATFORG,27OCT2026,186000.000000,500,OPTSTK,NFO,5.000000,10001,False
78805,BHARATFORG27OCT261980PE,BHARATFORG,27OCT2026,198000.000000,500,OPTSTK,NFO,5.000000,10001,False
78815,BHARATFORG27OCT262140CE,BHARATFORG,27OCT2026,214000.000000,500,OPTSTK,NFO,5.000000,10001,False
78827,BHARATFORG27OCT262260CE,BHARATFORG,27OCT2026,226000.000000,500,OPTSTK,NFO,5.000000,10001,False
78834,HEROMOTOCO29SEP264700CE,HEROMOTOCO,29SEP2026,470000.000000,150,OPTSTK,NFO,5.000000,4501,False
78893,BHARATFORG23NOV261760PE,BHARATFORG,23NOV2026,176000.000000,500,OPTSTK,NFO,5.000000,10001,False
78905,BHARATFORG23NOV262000PE,BHARATFORG,23NOV2026,200000.000000,500,OPTSTK,NFO,5.000000,10001,False
78909,BHARATFORG23NOV262080PE,BHARATFORG,23NOV2026,208000.000000,500,OPTSTK,NFO,5.000000,10001,False
78952,HEROMOTOCO29SEP266100PE,HEROMOTOCO,29SEP2026,610000.000000,150,OPTSTK,NFO,5.000000,4501,False
79002,HEROMOTOCO27OCT265600PE,HEROMOTOCO,27OCT2026,560000.000000,150,OPTSTK,NFO,5.000000,4501,False
79022,HEROMOTOCO27OCT266400PE,HEROMOTOCO,27OCT2026,640000.000000,150,OPTSTK,NFO,5.000000,4501,False
79052,HINDALCO29SEP26940PE,HINDALCO,29SEP2026,94000.000000,700,OPTSTK,NFO,5.000000,21001,False
79090,BHARTIARTL27OCT261700CE,BHARTIARTL,27OCT2026,170000.000000,475,OPTSTK,NFO,5.000000,14251,False
79091,BHARTIARTL27OCT261700PE,BHARTIARTL,27OCT2026,170000.000000,475,OPTSTK,NFO,5.000000,14251,False
79103,BHARTIARTL27OCT261900CE,BHARTIARTL,27OCT2026,190000.000000,475,OPTSTK,NFO,5.000000,14251,False
79108,BHARTIARTL27OCT261940PE,BHARTIARTL,27OCT2026,194000.000000,475,OPTSTK,NFO,5.000000,14251,False
79166,HINDALCO27OCT261080PE,HINDALCO,27OCT2026,108000.000000,700,OPTSTK,NFO,5.000000,21001,False
79195,HINDPETRO29SEP26350.75CE,HINDPETRO,29SEP2026,35075.000000,2025,OPTSTK,NFO,5.000000,60751,False
79270,BHARTIARTL23NOV261600CE,BHARTIARTL,23NOV2026,160000.000000,475,OPTSTK,NFO,5.000000,14251,False
79282,BHARTIARTL23NOV261840CE,BHARTIARTL,23NOV2026,184000.000000,475,OPTSTK,NFO,5.000000,14251,False
79366,BHEL27OCT26385PE,BHEL,27OCT2026,38500.000000,2625,OPTSTK,NFO,5.000000,52501,False
79372,BHEL27OCT26415PE,BHEL,27OCT2026,41500.000000,2625,OPTSTK,NFO,5.000000,52501,False
79375,BHEL27OCT26435CE,BHEL,27OCT2026,43500.000000,2625,OPTSTK,NFO,5.000000,52501,False
79391,BHEL27OCT26465PE,BHEL,27OCT2026,46500.000000,2625,OPTSTK,NFO,5.000000,52501,False
79436,HINDUNILVR29SEP261700CE,HINDUNILVR,29SEP2026,170000.000000,300,OPTSTK,NFO,5.000000,12001,False
79438,HINDUNILVR29SEP261740CE,HINDUNILVR,29SEP2026,174000.000000,300,OPTSTK,NFO,5.000000,12001,False
79443,HINDUNILVR29SEP261820PE,HINDUNILVR,29SEP2026,182000.000000,300,OPTSTK,NFO,5.000000,12001,False
79447,HINDUNILVR29SEP261900PE,HINDUNILVR,29SEP2026,190000.000000,300,OPTSTK,NFO,5.000000,12001,False
79527,HINDUNILVR27OCT261640CE,HINDUNILVR,27OCT2026,164000.000000,300,OPTSTK,NFO,5.000000,12001,False
79532,HINDUNILVR27OCT261720PE,HINDUNILVR,27OCT2026,172000.000000,300,OPTSTK,NFO,5.000000,12001,False
79547,HINDUNILVR27OCT262040CE,HINDUNILVR,27OCT2026,204000.000000,300,OPTSTK,NFO,5.000000,12001,False
79548,HINDUNILVR27OCT262040PE,HINDUNILVR,27OCT2026,204000.000000,300,OPTSTK,NFO,5.000000,12001,False
79550,HINDUNILVR27OCT262080PE,HINDUNILVR,27OCT2026,208000.000000,300,OPTSTK,NFO,5.000000,12001,False
79552,HINDUNILVR27OCT262120PE,HINDUNILVR,27OCT2026,212000.000000,300,OPTSTK,NFO,5.000000,12001,False
79558,HINDUNILVR27OCT262240PE,HINDUNILVR,27OCT2026,224000.000000,300,OPTSTK,NFO,5.000000,12001,False
79559,HINDUNILVR27OCT262280CE,HINDUNILVR,27OCT2026,228000.000000,300,OPTSTK,NFO,5.000000,12001,False
79564,HINDUNILVR27OCT262320CE,HINDUNILVR,27OCT2026,232000.000000,300,OPTSTK,NFO,5.000000,12001,False
79567,HINDUNILVR27OCT262360PE,HINDUNILVR,27OCT2026,236000.000000,300,OPTSTK,NFO,5.000000,12001,False
79568,BHEL23NOV26450CE,BHEL,23NOV2026,45000.000000,2625,OPTSTK,NFO,5.000000,52501,False
79583,BHEL23NOV26470PE,BHEL,23NOV2026,47000.000000,2625,OPTSTK,NFO,5.000000,52501,False
79625,ADANIENSOL29SEP261280PE,ADANIENSOL,29SEP2026,128000.000000,675,OPTSTK,NFO,5.000000,13501,False
79630,ADANIENSOL29SEP261400CE,ADANIENSOL,29SEP2026,140000.000000,675,OPTSTK,NFO,5.000000,13501,False
79701,HINDZINC29SEP26530CE,HINDZINC,29SEP2026,53000.000000,1225,OPTSTK,NFO,5.000000,36751,False
79712,HINDZINC29SEP26630PE,HINDZINC,29SEP2026,63000.000000,1225,OPTSTK,NFO,5.000000,36751,False
79730,HINDZINC29SEP26710CE,HINDZINC,29SEP2026,71000.000000,1225,OPTSTK,NFO,5.000000,36751,False
79761,HINDZINC27OCT26520PE,HINDZINC,27OCT2026,52000.000000,1225,OPTSTK,NFO,5.000000,36751,False
79770,HINDZINC27OCT26600CE,HINDZINC,27OCT2026,60000.000000,1225,OPTSTK,NFO,5.000000,36751,False
79865,HYUNDAI29SEP262060CE,HYUNDAI,29SEP2026,206000.000000,275,OPTSTK,NFO,5.000000,11001,False
79872,BIOCON27OCT26365PE,BIOCON,27OCT2026,36500.000000,2500,OPTSTK,NFO,5.000000,50001,False
79874,BIOCON27OCT26375PE,BIOCON,27OCT2026,37500.000000,2500,OPTSTK,NFO,5.000000,50001,False
79878,BIOCON27OCT26395PE,BIOCON,27OCT2026,39500.000000,2500,OPTSTK,NFO,5.000000,50001,False
79882,BIOCON27OCT26415PE,BIOCON,27OCT2026,41500.000000,2500,OPTSTK,NFO,5.000000,50001,False
79891,BIOCON27OCT26455CE,BIOCON,27OCT2026,45500.000000,2500,OPTSTK,NFO,5.000000,50001,False
79942,ADANIENSOL29SEP261520PE,ADANIENSOL,29SEP2026,152000.000000,675,OPTSTK,NFO,5.000000,13501,False
79943,ADANIENSOL29SEP261560CE,ADANIENSOL,29SEP2026,156000.000000,675,OPTSTK,NFO,5.000000,13501,False
79963,ADANIENSOL29SEP261720PE,ADANIENSOL,29SEP2026,172000.000000,675,OPTSTK,NFO,5.000000,13501,False
79964,ADANIENSOL29SEP261760CE,ADANIENSOL,29SEP2026,176000.000000,675,OPTSTK,NFO,5.000000,13501,False
79965,ADANIENSOL29SEP261760PE,ADANIENSOL,29SEP2026,176000.000000,675,OPTSTK,NFO,5.000000,13501,False
79973,HYUNDAI27OCT261880CE,HYUNDAI,27OCT2026,188000.000000,275,OPTSTK,NFO,5.000000,11001,False
79978,HYUNDAI27OCT261960PE,HYUNDAI,27OCT2026,196000.000000,275,OPTSTK,NFO,5.000000,11001,False
80010,HYUNDAI27OCT262200CE,HYUNDAI,27OCT2026,220000.000000,275,OPTSTK,NFO,5.000000,11001,False
80018,HYUNDAI27OCT262280PE,HYUNDAI,27OCT2026,228000.000000,275,OPTSTK,NFO,5.000000,11001,False
80060,BIOCON23NOV26390CE,BIOCON,23NOV2026,39000.000000,2500,OPTSTK,NFO,5.000000,50001,False
80070,BIOCON23NOV26440CE,BIOCON,23NOV2026,44000.000000,2500,OPTSTK,NFO,5.000000,50001,False
80139,ICICIBANK29SEP261290CE,ICICIBANK,29SEP2026,129000.000000,700,OPTSTK,NFO,5.000000,21001,False
80140,ICICIBANK29SEP261290PE,ICICIBANK,29SEP2026,129000.000000,700,OPTSTK,NFO,5.000000,21001,False
80165,ICICIBANK29SEP261310PE,ICICIBANK,29SEP2026,131000.000000,700,OPTSTK,NFO,5.000000,21001,False
80190,NIFTY30MAR2716500CE,NIFTY,30MAR2027,1650000.000000,65,OPTIDX,NFO,5.000000,1801,False
80230,BLUESTARCO27OCT261340CE,BLUESTARCO,27OCT2026,134000.000000,325,OPTSTK,NFO,5.000000,13001,False
80241,BLUESTARCO27OCT261540PE,BLUESTARCO,27OCT2026,154000.000000,325,OPTSTK,NFO,5.000000,13001,False
80242,BLUESTARCO27OCT261580CE,BLUESTARCO,27OCT2026,158000.000000,325,OPTSTK,NFO,5.000000,13001,False
80248,NIFTY30MAR2718000PE,NIFTY,30MAR2027,1800000.000000,65,OPTIDX,NFO,5.000000,1801,False
80311,NIFTY30MAR2731500CE,NIFTY,30MAR2027,3150000.000000,65,OPTIDX,NFO,5.000000,1801,False
80313,NIFTY30MAR2733000CE,NIFTY,30MAR2027,3300000.000000,65,OPTIDX,NFO,5.000000,1801,False
80314,NIFTY30MAR2733000PE,NIFTY,30MAR2027,3300000.000000,65,OPTIDX,NFO,5.000000,1801,False
80398,ICICIBANK29SEP261370PE,ICICIBANK,29SEP2026,137000.000000,700,OPTSTK,NFO,5.000000,21001,False
80399,ICICIBANK29SEP261390CE,ICICIBANK,29SEP2026,139000.000000,700,OPTSTK,NFO,5.000000,21001,False
80403,ICICIBANK29SEP261410CE,ICICIBANK,29SEP2026,141000.000000,700,OPTSTK,NFO,5.000000,21001,False
80419,ADANIENT29SEP262600PE,ADANIENT,29SEP2026,260000.000000,309,OPTSTK,NFO,5.000000,9271,False
80498,BLUESTARCO23NOV261360PE,BLUESTARCO,23NOV2026,136000.000000,325,OPTSTK,NFO,5.000000,13001,False
80466,BLUESTARCO23NOV261200PE,BLUESTARCO,23NOV2026,120000.000000,325,OPTSTK,NFO,5.000000,13001,False
80503,BLUESTARCO23NOV261480CE,BLUESTARCO,23NOV2026,148000.000000,325,OPTSTK,NFO,5.000000,13001,False
80508,BLUESTARCO23NOV261560PE,BLUESTARCO,23NOV2026,156000.000000,325,OPTSTK,NFO,5.000000,13001,False
80592,ICICIBANK27OCT261260PE,ICICIBANK,27OCT2026,126000.000000,700,OPTSTK,NFO,5.000000,21001,False
80601,ICICIBANK27OCT261360CE,ICICIBANK,27OCT2026,136000.000000,700,OPTSTK,NFO,5.000000,21001,False
80626,ICICIBANK27OCT261460PE,ICICIBANK,27OCT2026,146000.000000,700,OPTSTK,NFO,5.000000,21001,False
80643,ICICIBANK27OCT261560CE,ICICIBANK,27OCT2026,156000.000000,700,OPTSTK,NFO,5.000000,21001,False
80648,BOSCHLTD27OCT2644500PE,BOSCHLTD,27OCT2026,4450000.000000,25,OPTSTK,NFO,5.000000,501,False
80657,ICICIBANK27OCT261620CE,ICICIBANK,27OCT2026,162000.000000,700,OPTSTK,NFO,5.000000,21001,False
80661,ICICIBANK27OCT261660CE,ICICIBANK,27OCT2026,166000.000000,700,OPTSTK,NFO,5.000000,21001,False
80698,BOSCHLTD27OCT2648500PE,BOSCHLTD,27OCT2026,4850000.000000,25,OPTSTK,NFO,5.000000,501,False
80716,BOSCHLTD27OCT2651500PE,BOSCHLTD,27OCT2026,5150000.000000,25,OPTSTK,NFO,5.000000,501,False
80733,BOSCHLTD27OCT2653500CE,BOSCHLTD,27OCT2026,5350000.000000,25,OPTSTK,NFO,5.000000,501,False
80752,ICICIGI29SEP261300CE,ICICIGI,29SEP2026,130000.000000,325,OPTSTK,NFO,5.000000,13001,False
80812,ICICIGI29SEP261740CE,ICICIGI,29SEP2026,174000.000000,325,OPTSTK,NFO,5.000000,13001,False
80816,BOSCHLTD23NOV2640000PE,BOSCHLTD,23NOV2026,4000000.000000,25,OPTSTK,NFO,5.000000,501,False
80830,ADANIGREEN29SEP261200CE,ADANIGREEN,29SEP2026,120000.000000,600,OPTSTK,NFO,5.000000,18001,False
80840,ADANIGREEN29SEP261240PE,ADANIGREEN,29SEP2026,124000.000000,600,OPTSTK,NFO,5.000000,18001,False
80884,ICICIGI27OCT261200PE,ICICIGI,27OCT2026,120000.000000,325,OPTSTK,NFO,5.000000,13001,False
80886,ICICIGI27OCT261240PE,ICICIGI,27OCT2026,124000.000000,325,OPTSTK,NFO,5.000000,13001,False
80902,ICICIGI27OCT261360CE,ICICIGI,27OCT2026,136000.000000,325,OPTSTK,NFO,5.000000,13001,False
80906,ICICIGI27OCT261400PE,ICICIGI,27OCT2026,140000.000000,325,OPTSTK,NFO,5.000000,13001,False
80907,ICICIGI27OCT261440CE,ICICIGI,27OCT2026,144000.000000,325,OPTSTK,NFO,5.000000,13001,False
80927,ICICIGI27OCT261840CE,ICICIGI,27OCT2026,184000.000000,325,OPTSTK,NFO,5.000000,13001,False
80963,BOSCHLTD23NOV2653000PE,BOSCHLTD,23NOV2026,5300000.000000,25,OPTSTK,NFO,5.000000,501,False
80964,BOSCHLTD23NOV2654000CE,BOSCHLTD,23NOV2026,5400000.000000,25,OPTSTK,NFO,5.000000,501,False
80972,BOSCHLTD23NOV2656000PE,BOSCHLTD,23NOV2026,5600000.000000,25,OPTSTK,NFO,5.000000,501,False
80979,ICICIPRULI29SEP26425PE,ICICIPRULI,29SEP2026,42500.000000,925,OPTSTK,NFO,5.000000,46251,False
81013,ICICIPRULI29SEP26515PE,ICICIPRULI,29SEP2026,51500.000000,925,OPTSTK,NFO,5.000000,46251,False
81023,ICICIPRULI29SEP26555CE,ICICIPRULI,29SEP2026,55500.000000,925,OPTSTK,NFO,5.000000,46251,False
81137,ICICIPRULI27OCT26410CE,ICICIPRULI,27OCT2026,41000.000000,925,OPTSTK,NFO,5.000000,46251,False
81140,ICICIPRULI27OCT26420PE,ICICIPRULI,27OCT2026,42000.000000,925,OPTSTK,NFO,5.000000,46251,False
81146,ICICIPRULI27OCT26450PE,ICICIPRULI,27OCT2026,45000.000000,925,OPTSTK,NFO,5.000000,46251,False
81159,ICICIPRULI27OCT26480CE,ICICIPRULI,27OCT2026,48000.000000,925,OPTSTK,NFO,5.000000,46251,False
81163,ICICIPRULI27OCT26500CE,ICICIPRULI,27OCT2026,50000.000000,925,OPTSTK,NFO,5.000000,46251,False
81171,ICICIPRULI27OCT26520PE,ICICIPRULI,27OCT2026,52000.000000,925,OPTSTK,NFO,5.000000,46251,False
81191,ICICIPRULI27OCT26580CE,ICICIPRULI,27OCT2026,58000.000000,925,OPTSTK,NFO,5.000000,46251,False
81245,IDEA29SEP2615CE,IDEA,29SEP2026,1500.000000,71475,OPTSTK,NFO,1.000000,1429501,False
81250,IDEA29SEP2619PE,IDEA,29SEP2026,1900.000000,71475,OPTSTK,NFO,1.000000,1429501,False
81290,IDEA27OCT2614PE,IDEA,27OCT2026,1400.000000,71475,OPTSTK,NFO,1.000000,1429501,False
81298,IDEA27OCT2618PE,IDEA,27OCT2026,1800.000000,71475,OPTSTK,NFO,1.000000,1429501,False
81348,ADANIPORTS29SEP261520CE,ADANIPORTS,29SEP2026,152000.000000,475,OPTSTK,NFO,5.000000,14251,False
81387,ADANIPORTS29SEP261640PE,ADANIPORTS,29SEP2026,164000.000000,475,OPTSTK,NFO,5.000000,14251,False
81391,ADANIPORTS29SEP261720PE,ADANIPORTS,29SEP2026,172000.000000,475,OPTSTK,NFO,5.000000,14251,False
81464,BPCL23NOV26270PE,BPCL,23NOV2026,27000.000000,1975,OPTSTK,NFO,5.000000,79001,False
81487,BPCL23NOV26310PE,BPCL,23NOV2026,31000.000000,1975,OPTSTK,NFO,5.000000,79001,False
81504,IDFCFIRSTB27OCT2676PE,IDFCFIRSTB,27OCT2026,7600.000000,9275,OPTSTK,NFO,1.000000,278251,False
81507,IDFCFIRSTB27OCT2680CE,IDFCFIRSTB,27OCT2026,8000.000000,9275,OPTSTK,NFO,1.000000,278251,False
81510,IDFCFIRSTB27OCT2682PE,IDFCFIRSTB,27OCT2026,8200.000000,9275,OPTSTK,NFO,1.000000,278251,False
81560,BRITANNIA27OCT264450PE,BRITANNIA,27OCT2026,445000.000000,125,OPTSTK,NFO,5.000000,5001,False
81561,IDFCFIRSTB27OCT2696CE,IDFCFIRSTB,27OCT2026,9600.000000,9275,OPTSTK,NFO,1.000000,278251,False
81574,BRITANNIA27OCT264550PE,BRITANNIA,27OCT2026,455000.000000,125,OPTSTK,NFO,5.000000,5001,False
81595,ADANIPOWER29SEP26190CE,ADANIPOWER,29SEP2026,19000.000000,3550,OPTSTK,NFO,1.000000,106501,False
81598,ADANIPOWER29SEP26200PE,ADANIPOWER,29SEP2026,20000.000000,3550,OPTSTK,NFO,1.000000,106501,False
81601,ADANIPOWER29SEP26220CE,ADANIPOWER,29SEP2026,22000.000000,3550,OPTSTK,NFO,1.000000,106501,False
81606,ADANIPOWER29SEP26240PE,ADANIPOWER,29SEP2026,24000.000000,3550,OPTSTK,NFO,1.000000,106501,False
81627,IEX29SEP26102.5CE,IEX,29SEP2026,10250.000000,4350,OPTSTK,NFO,1.000000,174001,False
81638,BRITANNIA27OCT265250PE,BRITANNIA,27OCT2026,525000.000000,125,OPTSTK,NFO,5.000000,5001,False
81639,BRITANNIA27OCT265350CE,BRITANNIA,27OCT2026,535000.000000,125,OPTSTK,NFO,5.000000,5001,False
81674,IEX27OCT2695PE,IEX,27OCT2026,9500.000000,4350,OPTSTK,NFO,1.000000,174001,False
81722,IEX27OCT26120PE,IEX,27OCT2026,12000.000000,4350,OPTSTK,NFO,1.000000,174001,False
81723,IEX27OCT26125CE,IEX,27OCT2026,12500.000000,4350,OPTSTK,NFO,1.000000,174001,False
81737,IEX27OCT26140PE,IEX,27OCT2026,14000.000000,4350,OPTSTK,NFO,1.000000,174001,False
81797,INDHOTEL29SEP26650CE,INDHOTEL,29SEP2026,65000.000000,1000,OPTSTK,NFO,5.000000,30001,False
81900,INDHOTEL27OCT26600PE,INDHOTEL,27OCT2026,60000.000000,1000,OPTSTK,NFO,5.000000,30001,False
81950,INDHOTEL27OCT26820CE,INDHOTEL,27OCT2026,82000.000000,1000,OPTSTK,NFO,5.000000,30001,False
82035,INDIANB29SEP26890CE,INDIANB,29SEP2026,89000.000000,1000,OPTSTK,NFO,5.000000,30001,False
82039,INDIANB29SEP26910PE,INDIANB,29SEP2026,91000.000000,1000,OPTSTK,NFO,5.000000,30001,False
82077,BRITANNIA23NOV264700CE,BRITANNIA,23NOV2026,470000.000000,125,OPTSTK,NFO,5.000000,5001,False
82078,BRITANNIA23NOV264700PE,BRITANNIA,23NOV2026,470000.000000,125,OPTSTK,NFO,5.000000,5001,False
82083,BRITANNIA23NOV265000CE,BRITANNIA,23NOV2026,500000.000000,125,OPTSTK,NFO,5.000000,5001,False
82161,INDIANB27OCT26900CE,INDIANB,27OCT2026,90000.000000,1000,OPTSTK,NFO,5.000000,30001,False
82183,INDIANB27OCT261000PE,INDIANB,27OCT2026,100000.000000,1000,OPTSTK,NFO,5.000000,30001,False
82196,BRITANNIA23NOV265600CE,BRITANNIA,23NOV2026,560000.000000,125,OPTSTK,NFO,5.000000,5001,False
82208,ALKEM29SEP264400PE,ALKEM,29SEP2026,440000.000000,125,OPTSTK,NFO,5.000000,5001,False
82225,INDIGO29SEP264500PE,INDIGO,29SEP2026,450000.000000,150,OPTSTK,NFO,5.000000,4501,False
82245,ALKEM29SEP265000PE,ALKEM,29SEP2026,500000.000000,125,OPTSTK,NFO,5.000000,5001,False
82246,ALKEM29SEP265100CE,ALKEM,29SEP2026,510000.000000,125,OPTSTK,NFO,5.000000,5001,False
82264,BRITANNIA23NOV266000CE,BRITANNIA,23NOV2026,600000.000000,125,OPTSTK,NFO,5.000000,5001,False
82265,BRITANNIA23NOV266000PE,BRITANNIA,23NOV2026,600000.000000,125,OPTSTK,NFO,5.000000,5001,False
82268,BRITANNIA23NOV266200CE,BRITANNIA,23NOV2026,620000.000000,125,OPTSTK,NFO,5.000000,5001,False
82270,BRITANNIA23NOV266200PE,BRITANNIA,23NOV2026,620000.000000,125,OPTSTK,NFO,5.000000,5001,False
82294,ALKEM29SEP265500PE,ALKEM,29SEP2026,550000.000000,125,OPTSTK,NFO,5.000000,5001,False
82301,ALKEM29SEP265900CE,ALKEM,29SEP2026,590000.000000,125,OPTSTK,NFO,5.000000,5001,False
82321,ALKEM29SEP266200PE,ALKEM,29SEP2026,620000.000000,125,OPTSTK,NFO,5.000000,5001,False
82324,ALKEM29SEP266400CE,ALKEM,29SEP2026,640000.000000,125,OPTSTK,NFO,5.000000,5001,False
82388,BSE27OCT263700CE,BSE,27OCT2026,370000.000000,200,OPTSTK,NFO,5.000000,6001,False
82391,BSE27OCT263900PE,BSE,27OCT2026,390000.000000,200,OPTSTK,NFO,5.000000,6001,False
82423,INDIGO27OCT265600CE,INDIGO,27OCT2026,560000.000000,150,OPTSTK,NFO,5.000000,4501,False
82472,INDUSINDBK29SEP26970PE,INDUSINDBK,29SEP2026,97000.000000,700,OPTSTK,NFO,5.000000,28001,False
82475,INDUSINDBK29SEP261010CE,INDUSINDBK,29SEP2026,101000.000000,700,OPTSTK,NFO,5.000000,28001,False
82485,INDUSINDBK29SEP261090CE,INDUSINDBK,29SEP2026,109000.000000,700,OPTSTK,NFO,5.000000,28001,False
82488,INDUSINDBK29SEP261110PE,INDUSINDBK,29SEP2026,111000.000000,700,OPTSTK,NFO,5.000000,28001,False
82492,BSE23NOV262400PE,BSE,23NOV2026,240000.000000,200,OPTSTK,NFO,5.000000,6001,False
82499,BSE23NOV263200CE,BSE,23NOV2026,320000.000000,200,OPTSTK,NFO,5.000000,6001,False
82500,BSE23NOV263200PE,BSE,23NOV2026,320000.000000,200,OPTSTK,NFO,5.000000,6001,False
82501,BSE23NOV263400CE,BSE,23NOV2026,340000.000000,200,OPTSTK,NFO,5.000000,6001,False
82506,BSE23NOV263800PE,BSE,23NOV2026,380000.000000,200,OPTSTK,NFO,5.000000,6001,False
82593,CAMS27OCT26810CE,CAMS,27OCT2026,81000.000000,825,OPTSTK,NFO,5.000000,33001,False
82671,INDUSINDBK27OCT26860CE,INDUSINDBK,27OCT2026,86000.000000,700,OPTSTK,NFO,5.000000,28001,False
82708,INDUSINDBK27OCT26940CE,INDUSINDBK,27OCT2026,94000.000000,700,OPTSTK,NFO,5.000000,28001,False
82720,CAMS23NOV26660PE,CAMS,23NOV2026,66000.000000,825,OPTSTK,NFO,5.000000,33001,False
82737,CAMS23NOV26800CE,CAMS,23NOV2026,80000.000000,825,OPTSTK,NFO,5.000000,33001,False
82738,CAMS23NOV26800PE,CAMS,23NOV2026,80000.000000,825,OPTSTK,NFO,5.000000,33001,False
82739,CAMS23NOV26820CE,CAMS,23NOV2026,82000.000000,825,OPTSTK,NFO,5.000000,33001,False
82763,CAMS23NOV26880PE,CAMS,23NOV2026,88000.000000,825,OPTSTK,NFO,5.000000,33001,False
82766,INDUSINDBK27OCT261020CE,INDUSINDBK,27OCT2026,102000.000000,700,OPTSTK,NFO,5.000000,28001,False
82805,INDUSINDBK27OCT261160PE,INDUSINDBK,27OCT2026,116000.000000,700,OPTSTK,NFO,5.000000,28001,False
82849,AMBER29SEP267000CE,AMBER,29SEP2026,700000.000000,100,OPTSTK,NFO,5.000000,3001,False
83018,INDUSTOWER29SEP26351PE,INDUSTOWER,29SEP2026,35100.000000,1700,OPTSTK,NFO,5.000000,68001,False
82852,AMBER29SEP267200PE,AMBER,29SEP2026,720000.000000,100,OPTSTK,NFO,5.000000,3001,False
82854,AMBER29SEP267400PE,AMBER,29SEP2026,740000.000000,100,OPTSTK,NFO,5.000000,3001,False
82981,CANBK27OCT26142.5CE,CANBK,27OCT2026,14250.000000,6750,OPTSTK,NFO,1.000000,202501,False
83066,CANBK23NOV26135CE,CANBK,23NOV2026,13500.000000,6750,OPTSTK,NFO,1.000000,202501,False
83072,CANBK23NOV26150CE,CANBK,23NOV2026,15000.000000,6750,OPTSTK,NFO,1.000000,202501,False
83115,CDSL27OCT261340CE,CDSL,27OCT2026,134000.000000,475,OPTSTK,NFO,5.000000,19001,False
83165,CDSL23NOV261200PE,CDSL,23NOV2026,120000.000000,475,OPTSTK,NFO,5.000000,19001,False
83167,CDSL23NOV261240PE,CDSL,23NOV2026,124000.000000,475,OPTSTK,NFO,5.000000,19001,False
83258,AMBUJACEM29SEP26330CE,AMBUJACEM,29SEP2026,33000.000000,1200,OPTSTK,NFO,5.000000,60001,False
83292,AMBUJACEM29SEP26500CE,AMBUJACEM,29SEP2026,50000.000000,1200,OPTSTK,NFO,5.000000,60001,False
83354,CGPOWER27OCT26780CE,CGPOWER,27OCT2026,78000.000000,850,OPTSTK,NFO,5.000000,25501,False
83365,INFY29SEP26940PE,INFY,29SEP2026,94000.000000,400,OPTSTK,NFO,5.000000,20001,False
83366,INFY29SEP26980CE,INFY,29SEP2026,98000.000000,400,OPTSTK,NFO,5.000000,20001,False
83368,INFY29SEP261020CE,INFY,29SEP2026,102000.000000,400,OPTSTK,NFO,5.000000,20001,False
83369,INFY29SEP261020PE,INFY,29SEP2026,102000.000000,400,OPTSTK,NFO,5.000000,20001,False
83377,INFY29SEP261180PE,INFY,29SEP2026,118000.000000,400,OPTSTK,NFO,5.000000,20001,False
83378,INFY29SEP261220CE,INFY,29SEP2026,122000.000000,400,OPTSTK,NFO,5.000000,20001,False
83397,CGPOWER27OCT26940CE,CGPOWER,27OCT2026,94000.000000,850,OPTSTK,NFO,5.000000,25501,False
83442,INFY27OCT26920PE,INFY,27OCT2026,92000.000000,400,OPTSTK,NFO,5.000000,20001,False
83452,INFY27OCT261080PE,INFY,27OCT2026,108000.000000,400,OPTSTK,NFO,5.000000,20001,False
83455,CGPOWER23NOV26800PE,CGPOWER,23NOV2026,80000.000000,850,OPTSTK,NFO,5.000000,25501,False
83477,CGPOWER23NOV261120PE,CGPOWER,23NOV2026,112000.000000,850,OPTSTK,NFO,5.000000,25501,False
83600,INOXWIND29SEP2672.5PE,INOXWIND,29SEP2026,7250.000000,6400,OPTSTK,NFO,1.000000,256001,False
83667,CHOLAFIN27OCT261900PE,CHOLAFIN,27OCT2026,190000.000000,625,OPTSTK,NFO,5.000000,12501,False
83738,CHOLAFIN23NOV261600CE,CHOLAFIN,23NOV2026,160000.000000,625,OPTSTK,NFO,5.000000,12501,False
83708,INOXWIND27OCT2655PE,INOXWIND,27OCT2026,5500.000000,6400,OPTSTK,NFO,1.000000,256001,False
83710,INOXWIND27OCT2660PE,INOXWIND,27OCT2026,6000.000000,6400,OPTSTK,NFO,1.000000,256001,False
83748,CHOLAFIN23NOV261720CE,CHOLAFIN,23NOV2026,172000.000000,625,OPTSTK,NFO,5.000000,12501,False
83753,CHOLAFIN23NOV261800PE,CHOLAFIN,23NOV2026,180000.000000,625,OPTSTK,NFO,5.000000,12501,False
83772,CHOLAFIN23NOV262080CE,CHOLAFIN,23NOV2026,208000.000000,625,OPTSTK,NFO,5.000000,12501,False
83790,ANGELONE29SEP26230PE,ANGELONE,29SEP2026,23000.000000,2500,OPTSTK,NFO,5.000000,75001,False
83791,ANGELONE29SEP26240CE,ANGELONE,29SEP2026,24000.000000,2500,OPTSTK,NFO,5.000000,75001,False
83817,ANGELONE29SEP26270PE,ANGELONE,29SEP2026,27000.000000,2500,OPTSTK,NFO,5.000000,75001,False
83818,ANGELONE29SEP26280CE,ANGELONE,29SEP2026,28000.000000,2500,OPTSTK,NFO,5.000000,75001,False
83832,ANGELONE29SEP26340CE,ANGELONE,29SEP2026,34000.000000,2500,OPTSTK,NFO,5.000000,75001,False
83889,CIPLA27OCT261270PE,CIPLA,27OCT2026,127000.000000,425,OPTSTK,NFO,5.000000,17001,False
83902,CIPLA27OCT261410CE,CIPLA,27OCT2026,141000.000000,425,OPTSTK,NFO,5.000000,17001,False
83903,CIPLA27OCT261410PE,CIPLA,27OCT2026,141000.000000,425,OPTSTK,NFO,5.000000,17001,False
83987,IOC29SEP26147.5PE,IOC,29SEP2026,14750.000000,4875,OPTSTK,NFO,1.000000,195001,False
83989,IOC29SEP26152.5PE,IOC,29SEP2026,15250.000000,4875,OPTSTK,NFO,1.000000,195001,False
84021,CIPLA27OCT261490CE,CIPLA,27OCT2026,149000.000000,425,OPTSTK,NFO,5.000000,17001,False
84197,APLAPOLLO29SEP261880CE,APLAPOLLO,29SEP2026,188000.000000,350,OPTSTK,NFO,5.000000,10501,False
84202,APLAPOLLO29SEP261960PE,APLAPOLLO,29SEP2026,196000.000000,350,OPTSTK,NFO,5.000000,10501,False
84234,CIPLA23NOV261320PE,CIPLA,23NOV2026,132000.000000,425,OPTSTK,NFO,5.000000,17001,False
84239,APLAPOLLO29SEP262480CE,APLAPOLLO,29SEP2026,248000.000000,350,OPTSTK,NFO,5.000000,10501,False
84248,CIPLA23NOV261420PE,CIPLA,23NOV2026,142000.000000,425,OPTSTK,NFO,5.000000,17001,False
84253,CIPLA23NOV261480CE,CIPLA,23NOV2026,148000.000000,425,OPTSTK,NFO,5.000000,17001,False
84254,CIPLA23NOV261480PE,CIPLA,23NOV2026,148000.000000,425,OPTSTK,NFO,5.000000,17001,False
84261,CIPLA23NOV261560CE,CIPLA,23NOV2026,156000.000000,425,OPTSTK,NFO,5.000000,17001,False
84282,IOC27OCT26145PE,IOC,27OCT2026,14500.000000,4875,OPTSTK,NFO,1.000000,195001,False
84403,COALINDIA27OCT26355PE,COALINDIA,27OCT2026,35500.000000,1350,OPTSTK,NFO,5.000000,54001,False
84420,COALINDIA27OCT26415CE,COALINDIA,27OCT2026,41500.000000,1350,OPTSTK,NFO,5.000000,54001,False
84424,COALINDIA27OCT26435CE,COALINDIA,27OCT2026,43500.000000,1350,OPTSTK,NFO,5.000000,54001,False
84518,IREDA27OCT2695CE,IREDA,27OCT2026,9500.000000,4525,OPTSTK,NFO,1.000000,181001,False
84521,IREDA27OCT26100CE,IREDA,27OCT2026,10000.000000,4525,OPTSTK,NFO,1.000000,181001,False
84533,IREDA27OCT26120CE,IREDA,27OCT2026,12000.000000,4525,OPTSTK,NFO,1.000000,181001,False
84751,IRFC29SEP2679PE,IRFC,29SEP2026,7900.000000,5425,OPTSTK,NFO,1.000000,271251,False
84757,IRFC29SEP2683PE,IRFC,29SEP2026,8300.000000,5425,OPTSTK,NFO,1.000000,271251,False
84781,COALINDIA23NOV26470CE,COALINDIA,23NOV2026,47000.000000,1350,OPTSTK,NFO,5.000000,54001,False
84886,COCHINSHIP23NOV261120CE,COCHINSHIP,23NOV2026,112000.000000,400,OPTSTK,NFO,5.000000,16001,False
84806,COCHINSHIP27OCT261220PE,COCHINSHIP,27OCT2026,122000.000000,400,OPTSTK,NFO,5.000000,16001,False
84815,COCHINSHIP27OCT261420CE,COCHINSHIP,27OCT2026,142000.000000,400,OPTSTK,NFO,5.000000,16001,False
84823,COCHINSHIP27OCT261580CE,COCHINSHIP,27OCT2026,158000.000000,400,OPTSTK,NFO,5.000000,16001,False
84892,COCHINSHIP23NOV261200CE,COCHINSHIP,23NOV2026,120000.000000,400,OPTSTK,NFO,5.000000,16001,False
84894,COCHINSHIP23NOV261240CE,COCHINSHIP,23NOV2026,124000.000000,400,OPTSTK,NFO,5.000000,16001,False
84906,COCHINSHIP23NOV261320CE,COCHINSHIP,23NOV2026,132000.000000,400,OPTSTK,NFO,5.000000,16001,False
84908,COCHINSHIP23NOV261360CE,COCHINSHIP,23NOV2026,136000.000000,400,OPTSTK,NFO,5.000000,16001,False
84914,COCHINSHIP23NOV261480CE,COCHINSHIP,23NOV2026,148000.000000,400,OPTSTK,NFO,5.000000,16001,False
84931,ASHOKLEY29SEP26170CE,ASHOKLEY,29SEP2026,17000.000000,5000,OPTSTK,NFO,1.000000,150001,False
84941,IRFC29SEP2689PE,IRFC,29SEP2026,8900.000000,5425,OPTSTK,NFO,1.000000,271251,False
84947,IRFC29SEP2695PE,IRFC,29SEP2026,9500.000000,5425,OPTSTK,NFO,1.000000,271251,False
85035,IRFC27OCT2676PE,IRFC,27OCT2026,7600.000000,5425,OPTSTK,NFO,1.000000,271251,False
85039,IRFC27OCT2680CE,IRFC,27OCT2026,8000.000000,5425,OPTSTK,NFO,1.000000,271251,False
85067,ASHOKLEY29SEP26200CE,ASHOKLEY,29SEP2026,20000.000000,5000,OPTSTK,NFO,1.000000,150001,False
85076,COFORGE27OCT261580CE,COFORGE,27OCT2026,158000.000000,475,OPTSTK,NFO,5.000000,14251,False
85078,COFORGE27OCT261620CE,COFORGE,27OCT2026,162000.000000,475,OPTSTK,NFO,5.000000,14251,False
85079,COFORGE27OCT261620PE,COFORGE,27OCT2026,162000.000000,475,OPTSTK,NFO,5.000000,14251,False
85089,COFORGE27OCT261820PE,COFORGE,27OCT2026,182000.000000,475,OPTSTK,NFO,5.000000,14251,False
85297,COFORGE23NOV261960CE,COFORGE,23NOV2026,196000.000000,475,OPTSTK,NFO,5.000000,14251,False
85326,COFORGE23NOV262160PE,COFORGE,23NOV2026,216000.000000,475,OPTSTK,NFO,5.000000,14251,False
85329,COFORGE23NOV262240CE,COFORGE,23NOV2026,224000.000000,475,OPTSTK,NFO,5.000000,14251,False
85390,ITC29SEP26242.5PE,ITC,29SEP2026,24250.000000,1725,OPTSTK,NFO,5.000000,86251,False
85391,ITC29SEP26247.5CE,ITC,29SEP2026,24750.000000,1725,OPTSTK,NFO,5.000000,86251,False
85416,ITC29SEP26292.5CE,ITC,29SEP2026,29250.000000,1725,OPTSTK,NFO,5.000000,86251,False
85512,COLPAL27OCT261660CE,COLPAL,27OCT2026,166000.000000,275,OPTSTK,NFO,5.000000,11001,False
85517,COLPAL27OCT261740PE,COLPAL,27OCT2026,174000.000000,275,OPTSTK,NFO,5.000000,11001,False
85531,COLPAL27OCT262020PE,COLPAL,27OCT2026,202000.000000,275,OPTSTK,NFO,5.000000,11001,False
85607,ASIANPAINT29SEP262440CE,ASIANPAINT,29SEP2026,244000.000000,250,OPTSTK,NFO,5.000000,10001,False
85618,ASIANPAINT29SEP262560CE,ASIANPAINT,29SEP2026,256000.000000,250,OPTSTK,NFO,5.000000,10001,False
85622,ASIANPAINT29SEP262640CE,ASIANPAINT,29SEP2026,264000.000000,250,OPTSTK,NFO,5.000000,10001,False
85624,ASIANPAINT29SEP262680CE,ASIANPAINT,29SEP2026,268000.000000,250,OPTSTK,NFO,5.000000,10001,False
85636,ITC27OCT26220CE,ITC,27OCT2026,22000.000000,1725,OPTSTK,NFO,5.000000,86251,False
85637,ITC27OCT26220PE,ITC,27OCT2026,22000.000000,1725,OPTSTK,NFO,5.000000,86251,False
85638,ITC27OCT26225CE,ITC,27OCT2026,22500.000000,1725,OPTSTK,NFO,5.000000,86251,False
85652,ITC27OCT26260CE,ITC,27OCT2026,26000.000000,1725,OPTSTK,NFO,5.000000,86251,False
85670,ITC27OCT26305CE,ITC,27OCT2026,30500.000000,1725,OPTSTK,NFO,5.000000,86251,False
85671,ITC27OCT26305PE,ITC,27OCT2026,30500.000000,1725,OPTSTK,NFO,5.000000,86251,False
85674,ITC27OCT26315CE,ITC,27OCT2026,31500.000000,1725,OPTSTK,NFO,5.000000,86251,False
85707,ASIANPAINT29SEP263120CE,ASIANPAINT,29SEP2026,312000.000000,250,OPTSTK,NFO,5.000000,10001,False
85709,ASIANPAINT29SEP263160CE,ASIANPAINT,29SEP2026,316000.000000,250,OPTSTK,NFO,5.000000,10001,False
85711,ASIANPAINT29SEP263200CE,ASIANPAINT,29SEP2026,320000.000000,250,OPTSTK,NFO,5.000000,10001,False
85800,COLPAL23NOV261520PE,COLPAL,23NOV2026,152000.000000,275,OPTSTK,NFO,5.000000,11001,False
85815,COLPAL23NOV261800CE,COLPAL,23NOV2026,180000.000000,275,OPTSTK,NFO,5.000000,11001,False
85827,COLPAL23NOV261920CE,COLPAL,23NOV2026,192000.000000,275,OPTSTK,NFO,5.000000,11001,False
85957,JINDALSTEL29SEP26980PE,JINDALSTEL,29SEP2026,98000.000000,625,OPTSTK,NFO,5.000000,18751,False
85963,JINDALSTEL29SEP261060PE,JINDALSTEL,29SEP2026,106000.000000,625,OPTSTK,NFO,5.000000,18751,False
85997,ASTRAL29SEP261240CE,ASTRAL,29SEP2026,124000.000000,425,OPTSTK,NFO,5.000000,17001,False
86000,ASTRAL29SEP261280PE,ASTRAL,29SEP2026,128000.000000,425,OPTSTK,NFO,5.000000,17001,False
86006,CONCOR27OCT26515PE,CONCOR,27OCT2026,51500.000000,1250,OPTSTK,NFO,5.000000,50001,False
86015,CONCOR27OCT26555CE,CONCOR,27OCT2026,55500.000000,1250,OPTSTK,NFO,5.000000,50001,False
86024,ASTRAL29SEP261400PE,ASTRAL,29SEP2026,140000.000000,425,OPTSTK,NFO,5.000000,17001,False
86100,ASTRAL29SEP261600CE,ASTRAL,29SEP2026,160000.000000,425,OPTSTK,NFO,5.000000,17001,False
86113,ASTRAL29SEP261760PE,ASTRAL,29SEP2026,176000.000000,425,OPTSTK,NFO,5.000000,17001,False
86196,CONCOR23NOV26450CE,CONCOR,23NOV2026,45000.000000,1250,OPTSTK,NFO,5.000000,50001,False
86203,CONCOR23NOV26470CE,CONCOR,23NOV2026,47000.000000,1250,OPTSTK,NFO,5.000000,50001,False
86207,CONCOR23NOV26480PE,CONCOR,23NOV2026,48000.000000,1250,OPTSTK,NFO,5.000000,50001,False
86211,CONCOR23NOV26500CE,CONCOR,23NOV2026,50000.000000,1250,OPTSTK,NFO,5.000000,50001,False
86213,CONCOR23NOV26510CE,CONCOR,23NOV2026,51000.000000,1250,OPTSTK,NFO,5.000000,50001,False
86244,JIOFIN29SEP26217.5CE,JIOFIN,29SEP2026,21750.000000,2350,OPTSTK,NFO,1.000000,94001,False
86246,CONCOR23NOV26560PE,CONCOR,23NOV2026,56000.000000,1250,OPTSTK,NFO,5.000000,50001,False
86310,CROMPTON27OCT26215PE,CROMPTON,27OCT2026,21500.000000,2150,OPTSTK,NFO,1.000000,86001,False
86314,CROMPTON27OCT26225PE,CROMPTON,27OCT2026,22500.000000,2150,OPTSTK,NFO,1.000000,86001,False
86338,AUBANK29SEP26920CE,AUBANK,29SEP2026,92000.000000,1000,OPTSTK,NFO,5.000000,20001,False
86339,CROMPTON27OCT26255CE,CROMPTON,27OCT2026,25500.000000,2150,OPTSTK,NFO,1.000000,86001,False
86354,JIOFIN29SEP26282.5CE,JIOFIN,29SEP2026,28250.000000,2350,OPTSTK,NFO,1.000000,94001,False
86402,JIOFIN27OCT26210CE,JIOFIN,27OCT2026,21000.000000,2350,OPTSTK,NFO,1.000000,94001,False
86407,JIOFIN27OCT26220PE,JIOFIN,27OCT2026,22000.000000,2350,OPTSTK,NFO,1.000000,94001,False
86411,JIOFIN27OCT26230PE,JIOFIN,27OCT2026,23000.000000,2350,OPTSTK,NFO,1.000000,94001,False
86418,JIOFIN27OCT26250CE,JIOFIN,27OCT2026,25000.000000,2350,OPTSTK,NFO,1.000000,94001,False
86425,JIOFIN27OCT26265PE,JIOFIN,27OCT2026,26500.000000,2350,OPTSTK,NFO,1.000000,94001,False
86436,JIOFIN27OCT26275PE,JIOFIN,27OCT2026,27500.000000,2350,OPTSTK,NFO,1.000000,94001,False
86437,JIOFIN27OCT26280CE,JIOFIN,27OCT2026,28000.000000,2350,OPTSTK,NFO,1.000000,94001,False
86461,AUBANK29SEP261120PE,AUBANK,29SEP2026,112000.000000,1000,OPTSTK,NFO,5.000000,20001,False
86465,AUBANK29SEP261200PE,AUBANK,29SEP2026,120000.000000,1000,OPTSTK,NFO,5.000000,20001,False
86517,CROMPTON23NOV26270PE,CROMPTON,23NOV2026,27000.000000,2150,OPTSTK,NFO,1.000000,86001,False
86518,CROMPTON23NOV26280CE,CROMPTON,23NOV2026,28000.000000,2150,OPTSTK,NFO,1.000000,86001,False
86519,CROMPTON23NOV26280PE,CROMPTON,23NOV2026,28000.000000,2150,OPTSTK,NFO,1.000000,86001,False
86551,CUMMINSIND27OCT264500PE,CUMMINSIND,27OCT2026,450000.000000,200,OPTSTK,NFO,5.000000,4001,False
86561,CUMMINSIND27OCT265300PE,CUMMINSIND,27OCT2026,530000.000000,200,OPTSTK,NFO,5.000000,4001,False
86596,JSWENERGY29SEP26470PE,JSWENERGY,29SEP2026,47000.000000,1075,OPTSTK,NFO,5.000000,43001,False
86605,JSWENERGY29SEP26570CE,JSWENERGY,29SEP2026,57000.000000,1075,OPTSTK,NFO,5.000000,43001,False
86634,JSWENERGY27OCT26440PE,JSWENERGY,27OCT2026,44000.000000,1075,OPTSTK,NFO,5.000000,43001,False
86729,CUMMINSIND23NOV264600CE,CUMMINSIND,23NOV2026,460000.000000,200,OPTSTK,NFO,5.000000,4001,False
86735,CUMMINSIND23NOV265200CE,CUMMINSIND,23NOV2026,520000.000000,200,OPTSTK,NFO,5.000000,4001,False
86800,JSWSTEEL29SEP261260PE,JSWSTEEL,29SEP2026,126000.000000,675,OPTSTK,NFO,5.000000,20251,False
86831,DABUR27OCT26325CE,DABUR,27OCT2026,32500.000000,1250,OPTSTK,NFO,5.000000,50001,False
86833,DABUR27OCT26335CE,DABUR,27OCT2026,33500.000000,1250,OPTSTK,NFO,5.000000,50001,False
86842,DABUR27OCT26375PE,DABUR,27OCT2026,37500.000000,1250,OPTSTK,NFO,5.000000,50001,False
86843,DABUR27OCT26385CE,DABUR,27OCT2026,38500.000000,1250,OPTSTK,NFO,5.000000,50001,False
86847,DABUR27OCT26395PE,DABUR,27OCT2026,39500.000000,1250,OPTSTK,NFO,5.000000,50001,False
86850,DABUR27OCT26415CE,DABUR,27OCT2026,41500.000000,1250,OPTSTK,NFO,5.000000,50001,False
86971,AUROPHARMA29SEP261520CE,AUROPHARMA,29SEP2026,152000.000000,550,OPTSTK,NFO,5.000000,16501,False
86974,AUROPHARMA29SEP261560PE,AUROPHARMA,29SEP2026,156000.000000,550,OPTSTK,NFO,5.000000,16501,False
86992,JSWSTEEL27OCT261280CE,JSWSTEEL,27OCT2026,128000.000000,675,OPTSTK,NFO,5.000000,20251,False
87004,AUROPHARMA29SEP261640CE,AUROPHARMA,29SEP2026,164000.000000,550,OPTSTK,NFO,5.000000,16501,False
87009,DABUR23NOV26320CE,DABUR,23NOV2026,32000.000000,1250,OPTSTK,NFO,5.000000,50001,False
87010,AUROPHARMA29SEP261720CE,AUROPHARMA,29SEP2026,172000.000000,550,OPTSTK,NFO,5.000000,16501,False
87011,AUROPHARMA29SEP261720PE,AUROPHARMA,29SEP2026,172000.000000,550,OPTSTK,NFO,5.000000,16501,False
87012,AUROPHARMA29SEP261760CE,AUROPHARMA,29SEP2026,176000.000000,550,OPTSTK,NFO,5.000000,16501,False
87019,AUROPHARMA29SEP261880CE,AUROPHARMA,29SEP2026,188000.000000,550,OPTSTK,NFO,5.000000,16501,False
87036,DABUR23NOV26380CE,DABUR,23NOV2026,38000.000000,1250,OPTSTK,NFO,5.000000,50001,False
87118,AXISBANK29SEP261200PE,AXISBANK,29SEP2026,120000.000000,625,OPTSTK,NFO,5.000000,18751,False
87131,AXISBANK29SEP261400PE,AXISBANK,29SEP2026,140000.000000,625,OPTSTK,NFO,5.000000,18751,False
87134,AXISBANK29SEP261440PE,AXISBANK,29SEP2026,144000.000000,625,OPTSTK,NFO,5.000000,18751,False
87240,JUBLFOOD29SEP26445PE,JUBLFOOD,29SEP2026,44500.000000,1250,OPTSTK,NFO,5.000000,50001,False
87246,JUBLFOOD29SEP26475PE,JUBLFOOD,29SEP2026,47500.000000,1250,OPTSTK,NFO,5.000000,50001,False
87260,JUBLFOOD29SEP26515PE,JUBLFOOD,29SEP2026,51500.000000,1250,OPTSTK,NFO,5.000000,50001,False
87273,JUBLFOOD29SEP26565CE,JUBLFOOD,29SEP2026,56500.000000,1250,OPTSTK,NFO,5.000000,50001,False
87296,DELHIVERY27OCT26435PE,DELHIVERY,27OCT2026,43500.000000,2075,OPTSTK,NFO,5.000000,62251,False
87316,DELHIVERY27OCT26475CE,DELHIVERY,27OCT2026,47500.000000,2075,OPTSTK,NFO,5.000000,62251,False
87412,KALYANKJIL29SEP26535PE,KALYANKJIL,29SEP2026,53500.000000,1350,OPTSTK,NFO,5.000000,40501,False
87415,KALYANKJIL29SEP26545PE,KALYANKJIL,29SEP2026,54500.000000,1350,OPTSTK,NFO,5.000000,40501,False
87417,KALYANKJIL29SEP26555PE,KALYANKJIL,29SEP2026,55500.000000,1350,OPTSTK,NFO,5.000000,40501,False
87428,KALYANKJIL29SEP26575PE,KALYANKJIL,29SEP2026,57500.000000,1350,OPTSTK,NFO,5.000000,40501,False
87433,KALYANKJIL29SEP26585PE,KALYANKJIL,29SEP2026,58500.000000,1350,OPTSTK,NFO,5.000000,40501,False
87495,DELHIVERY23NOV26380CE,DELHIVERY,23NOV2026,38000.000000,2075,OPTSTK,NFO,5.000000,62251,False
87500,KALYANKJIL29SEP26695CE,KALYANKJIL,29SEP2026,69500.000000,1350,OPTSTK,NFO,5.000000,40501,False
87505,KALYANKJIL29SEP26715PE,KALYANKJIL,29SEP2026,71500.000000,1350,OPTSTK,NFO,5.000000,40501,False
87528,DELHIVERY23NOV26430PE,DELHIVERY,23NOV2026,43000.000000,2075,OPTSTK,NFO,5.000000,62251,False
87529,DELHIVERY23NOV26440CE,DELHIVERY,23NOV2026,44000.000000,2075,OPTSTK,NFO,5.000000,62251,False
87535,DELHIVERY23NOV26460CE,DELHIVERY,23NOV2026,46000.000000,2075,OPTSTK,NFO,5.000000,62251,False
87542,DELHIVERY23NOV26490PE,DELHIVERY,23NOV2026,49000.000000,2075,OPTSTK,NFO,5.000000,62251,False
87561,DELHIVERY23NOV26540PE,DELHIVERY,23NOV2026,54000.000000,2075,OPTSTK,NFO,5.000000,62251,False
87619,BAJAJ-AUTO29SEP2611200CE,BAJAJ-AUTO,29SEP2026,1120000.000000,75,OPTSTK,NFO,5.000000,2251,False
87627,BAJAJ-AUTO29SEP2612000CE,BAJAJ-AUTO,29SEP2026,1200000.000000,75,OPTSTK,NFO,5.000000,2251,False
87636,BAJAJ-AUTO29SEP2612800PE,BAJAJ-AUTO,29SEP2026,1280000.000000,75,OPTSTK,NFO,5.000000,2251,False
87637,BAJAJ-AUTO29SEP2613200CE,BAJAJ-AUTO,29SEP2026,1320000.000000,75,OPTSTK,NFO,5.000000,2251,False
87745,KALYANKJIL27OCT26610PE,KALYANKJIL,27OCT2026,61000.000000,1350,OPTSTK,NFO,5.000000,40501,False
87750,KALYANKJIL27OCT26640CE,KALYANKJIL,27OCT2026,64000.000000,1350,OPTSTK,NFO,5.000000,40501,False
87797,KALYANKJIL27OCT26700PE,KALYANKJIL,27OCT2026,70000.000000,1350,OPTSTK,NFO,5.000000,40501,False
87826,DIVISLAB27OCT269300PE,DIVISLAB,27OCT2026,930000.000000,100,OPTSTK,NFO,5.000000,3001,False
87828,DIVISLAB27OCT269500PE,DIVISLAB,27OCT2026,950000.000000,100,OPTSTK,NFO,5.000000,3001,False
87869,DIVISLAB27OCT2610100CE,DIVISLAB,27OCT2026,1010000.000000,100,OPTSTK,NFO,5.000000,3001,False
87870,KAYNES29SEP263650CE,KAYNES,29SEP2026,365000.000000,150,OPTSTK,NFO,5.000000,6001,False
87880,KAYNES29SEP264050CE,KAYNES,29SEP2026,405000.000000,150,OPTSTK,NFO,5.000000,6001,False
87884,KAYNES29SEP264500CE,KAYNES,29SEP2026,450000.000000,150,OPTSTK,NFO,5.000000,6001,False
87935,KAYNES27OCT263800CE,KAYNES,27OCT2026,380000.000000,150,OPTSTK,NFO,5.000000,6001,False
87972,KEI29SEP264700CE,KEI,29SEP2026,470000.000000,175,OPTSTK,NFO,5.000000,5251,False
87978,KEI29SEP265300CE,KEI,29SEP2026,530000.000000,175,OPTSTK,NFO,5.000000,5251,False
88027,BAJAJFINSV29SEP261640PE,BAJAJFINSV,29SEP2026,164000.000000,300,OPTSTK,NFO,5.000000,12001,False
88040,BAJAJFINSV29SEP261920CE,BAJAJFINSV,29SEP2026,192000.000000,300,OPTSTK,NFO,5.000000,12001,False
88054,BAJAJFINSV29SEP262200CE,BAJAJFINSV,29SEP2026,220000.000000,300,OPTSTK,NFO,5.000000,12001,False
88108,DIVISLAB23NOV2610200CE,DIVISLAB,23NOV2026,1020000.000000,100,OPTSTK,NFO,5.000000,3001,False
88139,DIXON27OCT2615250PE,DIXON,27OCT2026,1525000.000000,50,OPTSTK,NFO,5.000000,1501,False
88141,DIXON27OCT2615750PE,DIXON,27OCT2026,1575000.000000,50,OPTSTK,NFO,5.000000,1501,False
88144,KEI27OCT264400PE,KEI,27OCT2026,440000.000000,175,OPTSTK,NFO,5.000000,5251,False
88147,KEI27OCT264600PE,KEI,27OCT2026,460000.000000,175,OPTSTK,NFO,5.000000,5251,False
88213,DIXON23NOV2617000CE,DIXON,23NOV2026,1700000.000000,50,OPTSTK,NFO,5.000000,1501,False
88225,KFINTECH29SEP26820PE,KFINTECH,29SEP2026,82000.000000,575,OPTSTK,NFO,5.000000,23001,False
88226,KFINTECH29SEP26860CE,KFINTECH,29SEP2026,86000.000000,575,OPTSTK,NFO,5.000000,23001,False
88230,KFINTECH29SEP26900PE,KFINTECH,29SEP2026,90000.000000,575,OPTSTK,NFO,5.000000,23001,False
88298,KFINTECH27OCT261120CE,KFINTECH,27OCT2026,112000.000000,575,OPTSTK,NFO,5.000000,23001,False
88237,KFINTECH29SEP261020CE,KFINTECH,29SEP2026,102000.000000,575,OPTSTK,NFO,5.000000,23001,False
88285,KFINTECH27OCT26920CE,KFINTECH,27OCT2026,92000.000000,575,OPTSTK,NFO,5.000000,23001,False
88297,KFINTECH27OCT261080PE,KFINTECH,27OCT2026,108000.000000,575,OPTSTK,NFO,5.000000,23001,False
88391,KOTAKBANK29SEP26395PE,KOTAKBANK,29SEP2026,39500.000000,2000,OPTSTK,NFO,5.000000,60001,False
88472,BAJAJHLDNG29SEP269600CE,BAJAJHLDNG,29SEP2026,960000.000000,75,OPTSTK,NFO,5.000000,2251,False
88476,DLF27OCT26670CE,DLF,27OCT2026,67000.000000,950,OPTSTK,NFO,5.000000,38001,False
88512,BAJAJHLDNG29SEP2611400PE,BAJAJHLDNG,29SEP2026,1140000.000000,75,OPTSTK,NFO,5.000000,2251,False
88514,BAJAJHLDNG29SEP2611600PE,BAJAJHLDNG,29SEP2026,1160000.000000,75,OPTSTK,NFO,5.000000,2251,False
88569,BAJAJHLDNG29SEP2612800PE,BAJAJHLDNG,29SEP2026,1280000.000000,75,OPTSTK,NFO,5.000000,2251,False
88592,KOTAKBANK27OCT26350PE,KOTAKBANK,27OCT2026,35000.000000,2000,OPTSTK,NFO,5.000000,60001,False
88603,DLF23NOV26560CE,DLF,23NOV2026,56000.000000,950,OPTSTK,NFO,5.000000,38001,False
88617,KOTAKBANK27OCT26410CE,KOTAKBANK,27OCT2026,41000.000000,2000,OPTSTK,NFO,5.000000,60001,False
88653,DLF23NOV26720PE,DLF,23NOV2026,72000.000000,950,OPTSTK,NFO,5.000000,38001,False
88657,DLF23NOV26760PE,DLF,23NOV2026,76000.000000,950,OPTSTK,NFO,5.000000,38001,False
88715,KPITTECH29SEP26490CE,KPITTECH,29SEP2026,49000.000000,775,OPTSTK,NFO,5.000000,38751,False
88723,KPITTECH29SEP26510CE,KPITTECH,29SEP2026,51000.000000,775,OPTSTK,NFO,5.000000,38751,False
88738,KPITTECH29SEP26590CE,KPITTECH,29SEP2026,59000.000000,775,OPTSTK,NFO,5.000000,38751,False
88740,KPITTECH29SEP26610CE,KPITTECH,29SEP2026,61000.000000,775,OPTSTK,NFO,5.000000,38751,False
88748,KPITTECH29SEP26650PE,KPITTECH,29SEP2026,65000.000000,775,OPTSTK,NFO,5.000000,38751,False
88852,KPITTECH27OCT26480CE,KPITTECH,27OCT2026,48000.000000,775,OPTSTK,NFO,5.000000,38751,False
88880,KPITTECH27OCT26540CE,KPITTECH,27OCT2026,54000.000000,775,OPTSTK,NFO,5.000000,38751,False
88939,KPITTECH27OCT26720CE,KPITTECH,27OCT2026,72000.000000,775,OPTSTK,NFO,5.000000,38751,False
88967,DMART27OCT263750PE,DMART,27OCT2026,375000.000000,150,OPTSTK,NFO,5.000000,6001,False
88969,DMART27OCT263850PE,DMART,27OCT2026,385000.000000,150,OPTSTK,NFO,5.000000,6001,False
88994,LAURUSLABS29SEP261660PE,LAURUSLABS,29SEP2026,166000.000000,850,OPTSTK,NFO,5.000000,17001,False
89008,BAJFINANCE29SEP261000CE,BAJFINANCE,29SEP2026,100000.000000,750,OPTSTK,NFO,5.000000,22501,False
89032,LAURUSLABS29SEP261820PE,LAURUSLABS,29SEP2026,182000.000000,850,OPTSTK,NFO,5.000000,17001,False
89034,BAJFINANCE29SEP261200CE,BAJFINANCE,29SEP2026,120000.000000,750,OPTSTK,NFO,5.000000,22501,False
89035,BAJFINANCE29SEP261200PE,BAJFINANCE,29SEP2026,120000.000000,750,OPTSTK,NFO,5.000000,22501,False
89044,BAJFINANCE29SEP261280CE,BAJFINANCE,29SEP2026,128000.000000,750,OPTSTK,NFO,5.000000,22501,False
89064,LAURUSLABS29SEP261900CE,LAURUSLABS,29SEP2026,190000.000000,850,OPTSTK,NFO,5.000000,17001,False
89072,LAURUSLABS29SEP261940CE,LAURUSLABS,29SEP2026,194000.000000,850,OPTSTK,NFO,5.000000,17001,False
89084,BANDHANBNK29SEP26180PE,BANDHANBNK,29SEP2026,18000.000000,3600,OPTSTK,NFO,1.000000,108001,False
89088,LAURUSLABS29SEP262020PE,LAURUSLABS,29SEP2026,202000.000000,850,OPTSTK,NFO,5.000000,17001,False
89095,LAURUSLABS29SEP262060PE,LAURUSLABS,29SEP2026,206000.000000,850,OPTSTK,NFO,5.000000,17001,False
89116,BANDHANBNK29SEP26240CE,BANDHANBNK,29SEP2026,24000.000000,3600,OPTSTK,NFO,1.000000,108001,False
89194,DMART23NOV263600CE,DMART,23NOV2026,360000.000000,150,OPTSTK,NFO,5.000000,6001,False
89199,DMART23NOV263800PE,DMART,23NOV2026,380000.000000,150,OPTSTK,NFO,5.000000,6001,False
89230,LAURUSLABS27OCT261920PE,LAURUSLABS,27OCT2026,192000.000000,850,OPTSTK,NFO,5.000000,17001,False
89288,LAURUSLABS27OCT262000PE,LAURUSLABS,27OCT2026,200000.000000,850,OPTSTK,NFO,5.000000,17001,False
89299,DRREDDY27OCT261250CE,DRREDDY,27OCT2026,125000.000000,625,OPTSTK,NFO,5.000000,18751,False
89304,BANKBARODA29SEP26220CE,BANKBARODA,29SEP2026,22000.000000,2925,OPTSTK,NFO,1.000000,87751,False
89307,LAURUSLABS27OCT262040CE,LAURUSLABS,27OCT2026,204000.000000,850,OPTSTK,NFO,5.000000,17001,False
89313,DRREDDY27OCT261290CE,DRREDDY,27OCT2026,129000.000000,625,OPTSTK,NFO,5.000000,18751,False
89315,LAURUSLABS27OCT262160CE,LAURUSLABS,27OCT2026,216000.000000,850,OPTSTK,NFO,5.000000,17001,False
89360,BANKBARODA29SEP26260PE,BANKBARODA,29SEP2026,26000.000000,2925,OPTSTK,NFO,1.000000,87751,False
89418,LICHSGFIN29SEP26430PE,LICHSGFIN,29SEP2026,43000.000000,1000,OPTSTK,NFO,5.000000,40001,False
83376,INFY29SEP261180CE,INFY,29SEP2026,118000.000000,400,OPTSTK,NFO,5.000000,20001,False
83396,CGPOWER27OCT26900PE,CGPOWER,27OCT2026,90000.000000,850,OPTSTK,NFO,5.000000,25501,False
89451,LICHSGFIN29SEP26530CE,LICHSGFIN,29SEP2026,53000.000000,1000,OPTSTK,NFO,5.000000,40001,False
89455,LICHSGFIN29SEP26570CE,LICHSGFIN,29SEP2026,57000.000000,1000,OPTSTK,NFO,5.000000,40001,False
83400,CGPOWER27OCT26980PE,CGPOWER,27OCT2026,98000.000000,850,OPTSTK,NFO,5.000000,25501,False
83440,INFY27OCT26880PE,INFY,27OCT2026,88000.000000,400,OPTSTK,NFO,5.000000,20001,False
83454,INFY27OCT261120PE,INFY,27OCT2026,112000.000000,400,OPTSTK,NFO,5.000000,20001,False
83487,INFY27OCT261280PE,INFY,27OCT2026,128000.000000,400,OPTSTK,NFO,5.000000,20001,False
83488,INFY27OCT261320CE,INFY,27OCT2026,132000.000000,400,OPTSTK,NFO,5.000000,20001,False
83588,INOXWIND29SEP2672.5CE,INOXWIND,29SEP2026,7250.000000,6400,OPTSTK,NFO,1.000000,256001,False
83659,CHOLAFIN27OCT261740PE,CHOLAFIN,27OCT2026,174000.000000,625,OPTSTK,NFO,5.000000,12501,False
83709,INOXWIND27OCT2660CE,INOXWIND,27OCT2026,6000.000000,6400,OPTSTK,NFO,1.000000,256001,False
83717,INOXWIND27OCT2680CE,INOXWIND,27OCT2026,8000.000000,6400,OPTSTK,NFO,1.000000,256001,False
83718,INOXWIND27OCT2680PE,INOXWIND,27OCT2026,8000.000000,6400,OPTSTK,NFO,1.000000,256001,False
83747,CHOLAFIN23NOV261680PE,CHOLAFIN,23NOV2026,168000.000000,625,OPTSTK,NFO,5.000000,12501,False
83770,CHOLAFIN23NOV262040PE,CHOLAFIN,23NOV2026,204000.000000,625,OPTSTK,NFO,5.000000,12501,False
83829,ANGELONE29SEP26320PE,ANGELONE,29SEP2026,32000.000000,2500,OPTSTK,NFO,5.000000,75001,False
83890,CIPLA27OCT261290CE,CIPLA,27OCT2026,129000.000000,425,OPTSTK,NFO,5.000000,17001,False
83896,CIPLA27OCT261350CE,CIPLA,27OCT2026,135000.000000,425,OPTSTK,NFO,5.000000,17001,False
83948,CIPLA27OCT261450CE,CIPLA,27OCT2026,145000.000000,425,OPTSTK,NFO,5.000000,17001,False
83973,IOC29SEP26122.5PE,IOC,29SEP2026,12250.000000,4875,OPTSTK,NFO,1.000000,195001,False
83982,IOC29SEP26137.5CE,IOC,29SEP2026,13750.000000,4875,OPTSTK,NFO,1.000000,195001,False
84025,CIPLA27OCT261510PE,CIPLA,27OCT2026,151000.000000,425,OPTSTK,NFO,5.000000,17001,False
84029,CIPLA27OCT261530PE,CIPLA,27OCT2026,153000.000000,425,OPTSTK,NFO,5.000000,17001,False
84194,APLAPOLLO29SEP261800PE,APLAPOLLO,29SEP2026,180000.000000,350,OPTSTK,NFO,5.000000,10501,False
84203,APLAPOLLO29SEP262000CE,APLAPOLLO,29SEP2026,200000.000000,350,OPTSTK,NFO,5.000000,10501,False
84206,APLAPOLLO29SEP262040PE,APLAPOLLO,29SEP2026,204000.000000,350,OPTSTK,NFO,5.000000,10501,False
84216,CIPLA23NOV261260PE,CIPLA,23NOV2026,126000.000000,425,OPTSTK,NFO,5.000000,17001,False
84232,APLAPOLLO29SEP262320PE,APLAPOLLO,29SEP2026,232000.000000,350,OPTSTK,NFO,5.000000,10501,False
84233,APLAPOLLO29SEP262360CE,APLAPOLLO,29SEP2026,236000.000000,350,OPTSTK,NFO,5.000000,10501,False
84246,CIPLA23NOV261400PE,CIPLA,23NOV2026,140000.000000,425,OPTSTK,NFO,5.000000,17001,False
84252,CIPLA23NOV261460PE,CIPLA,23NOV2026,146000.000000,425,OPTSTK,NFO,5.000000,17001,False
84262,CIPLA23NOV261560PE,CIPLA,23NOV2026,156000.000000,425,OPTSTK,NFO,5.000000,17001,False
84281,IOC27OCT26145CE,IOC,27OCT2026,14500.000000,4875,OPTSTK,NFO,1.000000,195001,False
84317,IREDA29SEP26107.5CE,IREDA,29SEP2026,10750.000000,4525,OPTSTK,NFO,1.000000,181001,False
84325,IREDA29SEP26127.5CE,IREDA,29SEP2026,12750.000000,4525,OPTSTK,NFO,1.000000,181001,False
84423,COALINDIA27OCT26425PE,COALINDIA,27OCT2026,42500.000000,1350,OPTSTK,NFO,5.000000,54001,False
84426,COALINDIA27OCT26445CE,COALINDIA,27OCT2026,44500.000000,1350,OPTSTK,NFO,5.000000,54001,False
84433,COALINDIA27OCT26475PE,COALINDIA,27OCT2026,47500.000000,1350,OPTSTK,NFO,5.000000,54001,False
84504,APOLLOHOSP29SEP267600CE,APOLLOHOSP,29SEP2026,760000.000000,125,OPTSTK,NFO,5.000000,2501,False
84525,IREDA27OCT26105CE,IREDA,27OCT2026,10500.000000,4525,OPTSTK,NFO,1.000000,181001,False
84530,APOLLOHOSP29SEP267800CE,APOLLOHOSP,29SEP2026,780000.000000,125,OPTSTK,NFO,5.000000,2501,False
84534,IREDA27OCT26120PE,IREDA,27OCT2026,12000.000000,4525,OPTSTK,NFO,1.000000,181001,False
84540,IREDA27OCT26135CE,IREDA,27OCT2026,13500.000000,4525,OPTSTK,NFO,1.000000,181001,False
84563,APOLLOHOSP29SEP268800CE,APOLLOHOSP,29SEP2026,880000.000000,125,OPTSTK,NFO,5.000000,2501,False
84564,APOLLOHOSP29SEP268800PE,APOLLOHOSP,29SEP2026,880000.000000,125,OPTSTK,NFO,5.000000,2501,False
84731,IRFC29SEP2675PE,IRFC,29SEP2026,7500.000000,5425,OPTSTK,NFO,1.000000,271251,False
84734,COALINDIA23NOV26360PE,COALINDIA,23NOV2026,36000.000000,1350,OPTSTK,NFO,5.000000,54001,False
84735,COALINDIA23NOV26370CE,COALINDIA,23NOV2026,37000.000000,1350,OPTSTK,NFO,5.000000,54001,False
84738,COALINDIA23NOV26370PE,COALINDIA,23NOV2026,37000.000000,1350,OPTSTK,NFO,5.000000,54001,False
84740,COALINDIA23NOV26380PE,COALINDIA,23NOV2026,38000.000000,1350,OPTSTK,NFO,5.000000,54001,False
84745,COALINDIA23NOV26410CE,COALINDIA,23NOV2026,41000.000000,1350,OPTSTK,NFO,5.000000,54001,False
84756,IRFC29SEP2683CE,IRFC,29SEP2026,8300.000000,5425,OPTSTK,NFO,1.000000,271251,False
84762,ASHOKLEY29SEP26140CE,ASHOKLEY,29SEP2026,14000.000000,5000,OPTSTK,NFO,1.000000,150001,False
84763,ASHOKLEY29SEP26140PE,ASHOKLEY,29SEP2026,14000.000000,5000,OPTSTK,NFO,1.000000,150001,False
84777,COALINDIA23NOV26450CE,COALINDIA,23NOV2026,45000.000000,1350,OPTSTK,NFO,5.000000,54001,False
84909,COCHINSHIP23NOV261360PE,COCHINSHIP,23NOV2026,136000.000000,400,OPTSTK,NFO,5.000000,16001,False
84911,COCHINSHIP23NOV261400PE,COCHINSHIP,23NOV2026,140000.000000,400,OPTSTK,NFO,5.000000,16001,False
84915,COCHINSHIP23NOV261480PE,COCHINSHIP,23NOV2026,148000.000000,400,OPTSTK,NFO,5.000000,16001,False
84921,COCHINSHIP23NOV261600PE,COCHINSHIP,23NOV2026,160000.000000,400,OPTSTK,NFO,5.000000,16001,False
84926,ASHOKLEY29SEP26155PE,ASHOKLEY,29SEP2026,15500.000000,5000,OPTSTK,NFO,1.000000,150001,False
84929,ASHOKLEY29SEP26165CE,ASHOKLEY,29SEP2026,16500.000000,5000,OPTSTK,NFO,1.000000,150001,False
85011,ASHOKLEY29SEP26185PE,ASHOKLEY,29SEP2026,18500.000000,5000,OPTSTK,NFO,1.000000,150001,False
85012,ASHOKLEY29SEP26190CE,ASHOKLEY,29SEP2026,19000.000000,5000,OPTSTK,NFO,1.000000,150001,False
85026,IRFC27OCT2670PE,IRFC,27OCT2026,7000.000000,5425,OPTSTK,NFO,1.000000,271251,False
85040,IRFC27OCT2680PE,IRFC,27OCT2026,8000.000000,5425,OPTSTK,NFO,1.000000,271251,False
85058,IRFC27OCT2688PE,IRFC,27OCT2026,8800.000000,5425,OPTSTK,NFO,1.000000,271251,False
85172,COFORGE27OCT262100PE,COFORGE,27OCT2026,210000.000000,475,OPTSTK,NFO,5.000000,14251,False
85184,COFORGE27OCT262180PE,COFORGE,27OCT2026,218000.000000,475,OPTSTK,NFO,5.000000,14251,False
85219,COFORGE23NOV261640PE,COFORGE,23NOV2026,164000.000000,475,OPTSTK,NFO,5.000000,14251,False
85225,COFORGE23NOV261720PE,COFORGE,23NOV2026,172000.000000,475,OPTSTK,NFO,5.000000,14251,False
85226,COFORGE23NOV261760CE,COFORGE,23NOV2026,176000.000000,475,OPTSTK,NFO,5.000000,14251,False
85251,COFORGE23NOV261840PE,COFORGE,23NOV2026,184000.000000,475,OPTSTK,NFO,5.000000,14251,False
85300,COFORGE23NOV262000PE,COFORGE,23NOV2026,200000.000000,475,OPTSTK,NFO,5.000000,14251,False
85301,COFORGE23NOV262040CE,COFORGE,23NOV2026,204000.000000,475,OPTSTK,NFO,5.000000,14251,False
85402,ITC29SEP26257.5CE,ITC,29SEP2026,25750.000000,1725,OPTSTK,NFO,5.000000,86251,False
85421,ITC29SEP26302.5PE,ITC,29SEP2026,30250.000000,1725,OPTSTK,NFO,5.000000,86251,False
85511,COLPAL27OCT261620PE,COLPAL,27OCT2026,162000.000000,275,OPTSTK,NFO,5.000000,11001,False
85534,COLPAL27OCT262100CE,COLPAL,27OCT2026,210000.000000,275,OPTSTK,NFO,5.000000,11001,False
85571,ASIANPAINT29SEP262200CE,ASIANPAINT,29SEP2026,220000.000000,250,OPTSTK,NFO,5.000000,10001,False
85627,ASIANPAINT29SEP262680PE,ASIANPAINT,29SEP2026,268000.000000,250,OPTSTK,NFO,5.000000,10001,False
85634,ITC27OCT26215CE,ITC,27OCT2026,21500.000000,1725,OPTSTK,NFO,5.000000,86251,False
85640,ITC27OCT26230CE,ITC,27OCT2026,23000.000000,1725,OPTSTK,NFO,5.000000,86251,False
85642,ITC27OCT26235CE,ITC,27OCT2026,23500.000000,1725,OPTSTK,NFO,5.000000,86251,False
85651,ITC27OCT26255PE,ITC,27OCT2026,25500.000000,1725,OPTSTK,NFO,5.000000,86251,False
85655,ITC27OCT26265PE,ITC,27OCT2026,26500.000000,1725,OPTSTK,NFO,5.000000,86251,False
85657,ITC27OCT26270PE,ITC,27OCT2026,27000.000000,1725,OPTSTK,NFO,5.000000,86251,False
85667,ITC27OCT26295PE,ITC,27OCT2026,29500.000000,1725,OPTSTK,NFO,5.000000,86251,False
85672,ITC27OCT26310CE,ITC,27OCT2026,31000.000000,1725,OPTSTK,NFO,5.000000,86251,False
85685,ASIANPAINT29SEP262760PE,ASIANPAINT,29SEP2026,276000.000000,250,OPTSTK,NFO,5.000000,10001,False
85803,COLPAL23NOV261600CE,COLPAL,23NOV2026,160000.000000,275,OPTSTK,NFO,5.000000,11001,False
85804,COLPAL23NOV261600PE,COLPAL,23NOV2026,160000.000000,275,OPTSTK,NFO,5.000000,11001,False
85812,COLPAL23NOV261720PE,COLPAL,23NOV2026,172000.000000,275,OPTSTK,NFO,5.000000,11001,False
85813,COLPAL23NOV261760CE,COLPAL,23NOV2026,176000.000000,275,OPTSTK,NFO,5.000000,11001,False
85836,COLPAL23NOV262080CE,COLPAL,23NOV2026,208000.000000,275,OPTSTK,NFO,5.000000,11001,False
85926,CONCOR27OCT26455PE,CONCOR,27OCT2026,45500.000000,1250,OPTSTK,NFO,5.000000,50001,False
85931,CONCOR27OCT26475CE,CONCOR,27OCT2026,47500.000000,1250,OPTSTK,NFO,5.000000,50001,False
85933,CONCOR27OCT26485CE,CONCOR,27OCT2026,48500.000000,1250,OPTSTK,NFO,5.000000,50001,False
85969,JINDALSTEL29SEP261140PE,JINDALSTEL,29SEP2026,114000.000000,625,OPTSTK,NFO,5.000000,18751,False
85970,JINDALSTEL29SEP261180CE,JINDALSTEL,29SEP2026,118000.000000,625,OPTSTK,NFO,5.000000,18751,False
86037,JINDALSTEL27OCT26960CE,JINDALSTEL,27OCT2026,96000.000000,625,OPTSTK,NFO,5.000000,18751,False
86038,JINDALSTEL27OCT26960PE,JINDALSTEL,27OCT2026,96000.000000,625,OPTSTK,NFO,5.000000,18751,False
86042,CONCOR27OCT26585PE,CONCOR,27OCT2026,58500.000000,1250,OPTSTK,NFO,5.000000,50001,False
86079,ASTRAL29SEP261440PE,ASTRAL,29SEP2026,144000.000000,425,OPTSTK,NFO,5.000000,17001,False
86102,ASTRAL29SEP261640CE,ASTRAL,29SEP2026,164000.000000,425,OPTSTK,NFO,5.000000,17001,False
86140,NIFTY27JUN2818000PE,NIFTY,27JUN2028,1800000.000000,65,OPTIDX,NFO,5.000000,1801,False
86145,NIFTY27JUN2821000CE,NIFTY,27JUN2028,2100000.000000,65,OPTIDX,NFO,5.000000,1801,False
86239,CONCOR23NOV26540PE,CONCOR,23NOV2026,54000.000000,1250,OPTSTK,NFO,5.000000,50001,False
86253,CONCOR23NOV26580PE,CONCOR,23NOV2026,58000.000000,1250,OPTSTK,NFO,5.000000,50001,False
86260,JIOFIN29SEP26237.5CE,JIOFIN,29SEP2026,23750.000000,2350,OPTSTK,NFO,1.000000,94001,False
86281,JIOFIN29SEP26252.5PE,JIOFIN,29SEP2026,25250.000000,2350,OPTSTK,NFO,1.000000,94001,False
86308,CROMPTON27OCT26205PE,CROMPTON,27OCT2026,20500.000000,2150,OPTSTK,NFO,1.000000,86001,False
86332,CROMPTON27OCT26245PE,CROMPTON,27OCT2026,24500.000000,2150,OPTSTK,NFO,1.000000,86001,False
86336,AUBANK29SEP26880CE,AUBANK,29SEP2026,88000.000000,1000,OPTSTK,NFO,5.000000,20001,False
86340,CROMPTON27OCT26255PE,CROMPTON,27OCT2026,25500.000000,2150,OPTSTK,NFO,1.000000,86001,False
86342,CROMPTON27OCT26265PE,CROMPTON,27OCT2026,26500.000000,2150,OPTSTK,NFO,1.000000,86001,False
86356,JIOFIN29SEP26287.5CE,JIOFIN,29SEP2026,28750.000000,2350,OPTSTK,NFO,1.000000,94001,False
86397,JIOFIN27OCT26195PE,JIOFIN,27OCT2026,19500.000000,2350,OPTSTK,NFO,1.000000,94001,False
86398,JIOFIN27OCT26200CE,JIOFIN,27OCT2026,20000.000000,2350,OPTSTK,NFO,1.000000,94001,False
86405,JIOFIN27OCT26215PE,JIOFIN,27OCT2026,21500.000000,2350,OPTSTK,NFO,1.000000,94001,False
86413,JIOFIN27OCT26235PE,JIOFIN,27OCT2026,23500.000000,2350,OPTSTK,NFO,1.000000,94001,False
86438,AUBANK29SEP26920PE,AUBANK,29SEP2026,92000.000000,1000,OPTSTK,NFO,5.000000,20001,False
86462,AUBANK29SEP261160CE,AUBANK,29SEP2026,116000.000000,1000,OPTSTK,NFO,5.000000,20001,False
86498,CROMPTON23NOV26200CE,CROMPTON,23NOV2026,20000.000000,2150,OPTSTK,NFO,1.000000,86001,False
86507,CROMPTON23NOV26230PE,CROMPTON,23NOV2026,23000.000000,2150,OPTSTK,NFO,1.000000,86001,False
86511,CROMPTON23NOV26250PE,CROMPTON,23NOV2026,25000.000000,2150,OPTSTK,NFO,1.000000,86001,False
86595,JSWENERGY29SEP26470CE,JSWENERGY,29SEP2026,47000.000000,1075,OPTSTK,NFO,5.000000,43001,False
86638,JSWENERGY27OCT26480PE,JSWENERGY,27OCT2026,48000.000000,1075,OPTSTK,NFO,5.000000,43001,False
86699,JSWENERGY27OCT26620PE,JSWENERGY,27OCT2026,62000.000000,1075,OPTSTK,NFO,5.000000,43001,False
86730,CUMMINSIND23NOV264600PE,CUMMINSIND,23NOV2026,460000.000000,200,OPTSTK,NFO,5.000000,4001,False
86745,CUMMINSIND23NOV265400PE,CUMMINSIND,23NOV2026,540000.000000,200,OPTSTK,NFO,5.000000,4001,False
86803,JSWSTEEL29SEP261300CE,JSWSTEEL,29SEP2026,130000.000000,675,OPTSTK,NFO,5.000000,20251,False
86804,JSWSTEEL29SEP261300PE,JSWSTEEL,29SEP2026,130000.000000,675,OPTSTK,NFO,5.000000,20251,False
86806,JSWSTEEL29SEP261340PE,JSWSTEEL,29SEP2026,134000.000000,675,OPTSTK,NFO,5.000000,20251,False
86811,JSWSTEEL29SEP261460CE,JSWSTEEL,29SEP2026,146000.000000,675,OPTSTK,NFO,5.000000,20251,False
86812,JSWSTEEL29SEP261460PE,JSWSTEEL,29SEP2026,146000.000000,675,OPTSTK,NFO,5.000000,20251,False
87002,AUROPHARMA29SEP261600CE,AUROPHARMA,29SEP2026,160000.000000,550,OPTSTK,NFO,5.000000,16501,False
86839,DABUR27OCT26365CE,DABUR,27OCT2026,36500.000000,1250,OPTSTK,NFO,5.000000,50001,False
86986,JSWSTEEL27OCT261160CE,JSWSTEEL,27OCT2026,116000.000000,675,OPTSTK,NFO,5.000000,20251,False
86994,JSWSTEEL27OCT261320CE,JSWSTEEL,27OCT2026,132000.000000,675,OPTSTK,NFO,5.000000,20251,False
87005,AUROPHARMA29SEP261640PE,AUROPHARMA,29SEP2026,164000.000000,550,OPTSTK,NFO,5.000000,16501,False
87007,AUROPHARMA29SEP261680PE,AUROPHARMA,29SEP2026,168000.000000,550,OPTSTK,NFO,5.000000,16501,False
87020,AUROPHARMA29SEP261880PE,AUROPHARMA,29SEP2026,188000.000000,550,OPTSTK,NFO,5.000000,16501,False
87033,DABUR23NOV26370CE,DABUR,23NOV2026,37000.000000,1250,OPTSTK,NFO,5.000000,50001,False
87049,DABUR23NOV26400PE,DABUR,23NOV2026,40000.000000,1250,OPTSTK,NFO,5.000000,50001,False
87061,DABUR23NOV26460PE,DABUR,23NOV2026,46000.000000,1250,OPTSTK,NFO,5.000000,50001,False
87110,AXISBANK29SEP261040PE,AXISBANK,29SEP2026,104000.000000,625,OPTSTK,NFO,5.000000,18751,False
87111,AXISBANK29SEP261080CE,AXISBANK,29SEP2026,108000.000000,625,OPTSTK,NFO,5.000000,18751,False
87255,JUBLFOOD29SEP26505CE,JUBLFOOD,29SEP2026,50500.000000,1250,OPTSTK,NFO,5.000000,50001,False
87114,AXISBANK29SEP261120PE,AXISBANK,29SEP2026,112000.000000,625,OPTSTK,NFO,5.000000,18751,False
87121,AXISBANK29SEP261240PE,AXISBANK,29SEP2026,124000.000000,625,OPTSTK,NFO,5.000000,18751,False
87133,AXISBANK29SEP261440CE,AXISBANK,29SEP2026,144000.000000,625,OPTSTK,NFO,5.000000,18751,False
87263,JUBLFOOD29SEP26535CE,JUBLFOOD,29SEP2026,53500.000000,1250,OPTSTK,NFO,5.000000,50001,False
87287,DELHIVERY27OCT26395PE,DELHIVERY,27OCT2026,39500.000000,2075,OPTSTK,NFO,5.000000,62251,False
87295,DELHIVERY27OCT26435CE,DELHIVERY,27OCT2026,43500.000000,2075,OPTSTK,NFO,5.000000,62251,False
87297,DELHIVERY27OCT26445CE,DELHIVERY,27OCT2026,44500.000000,2075,OPTSTK,NFO,5.000000,62251,False
87355,JUBLFOOD27OCT26460PE,JUBLFOOD,27OCT2026,46000.000000,1250,OPTSTK,NFO,5.000000,50001,False
87364,JUBLFOOD27OCT26500CE,JUBLFOOD,27OCT2026,50000.000000,1250,OPTSTK,NFO,5.000000,50001,False
87372,DELHIVERY27OCT26515PE,DELHIVERY,27OCT2026,51500.000000,2075,OPTSTK,NFO,5.000000,62251,False
87383,JUBLFOOD27OCT26540CE,JUBLFOOD,27OCT2026,54000.000000,1250,OPTSTK,NFO,5.000000,50001,False
87386,JUBLFOOD27OCT26550PE,JUBLFOOD,27OCT2026,55000.000000,1250,OPTSTK,NFO,5.000000,50001,False
87458,KALYANKJIL29SEP26625PE,KALYANKJIL,29SEP2026,62500.000000,1350,OPTSTK,NFO,5.000000,40501,False
87530,DELHIVERY23NOV26440PE,DELHIVERY,23NOV2026,44000.000000,2075,OPTSTK,NFO,5.000000,62251,False
87538,DELHIVERY23NOV26470PE,DELHIVERY,23NOV2026,47000.000000,2075,OPTSTK,NFO,5.000000,62251,False
87578,BAJAJ-AUTO29SEP268800PE,BAJAJ-AUTO,29SEP2026,880000.000000,75,OPTSTK,NFO,5.000000,2251,False
87593,BAJAJ-AUTO29SEP2610400CE,BAJAJ-AUTO,29SEP2026,1040000.000000,75,OPTSTK,NFO,5.000000,2251,False
87624,BAJAJ-AUTO29SEP2611600PE,BAJAJ-AUTO,29SEP2026,1160000.000000,75,OPTSTK,NFO,5.000000,2251,False
87625,BAJAJ-AUTO29SEP2611800CE,BAJAJ-AUTO,29SEP2026,1180000.000000,75,OPTSTK,NFO,5.000000,2251,False
87628,BAJAJ-AUTO29SEP2612000PE,BAJAJ-AUTO,29SEP2026,1200000.000000,75,OPTSTK,NFO,5.000000,2251,False
87629,BAJAJ-AUTO29SEP2612200CE,BAJAJ-AUTO,29SEP2026,1220000.000000,75,OPTSTK,NFO,5.000000,2251,False
87635,BAJAJ-AUTO29SEP2612800CE,BAJAJ-AUTO,29SEP2026,1280000.000000,75,OPTSTK,NFO,5.000000,2251,False
87639,BAJAJ-AUTO29SEP2613600CE,BAJAJ-AUTO,29SEP2026,1360000.000000,75,OPTSTK,NFO,5.000000,2251,False
87640,BAJAJ-AUTO29SEP2613600PE,BAJAJ-AUTO,29SEP2026,1360000.000000,75,OPTSTK,NFO,5.000000,2251,False
87721,KALYANKJIL27OCT26550PE,KALYANKJIL,27OCT2026,55000.000000,1350,OPTSTK,NFO,5.000000,40501,False
87729,KALYANKJIL27OCT26560PE,KALYANKJIL,27OCT2026,56000.000000,1350,OPTSTK,NFO,5.000000,40501,False
87742,KALYANKJIL27OCT26600CE,KALYANKJIL,27OCT2026,60000.000000,1350,OPTSTK,NFO,5.000000,40501,False
87788,KALYANKJIL27OCT26660PE,KALYANKJIL,27OCT2026,66000.000000,1350,OPTSTK,NFO,5.000000,40501,False
87814,DIVISLAB27OCT268300PE,DIVISLAB,27OCT2026,830000.000000,100,OPTSTK,NFO,5.000000,3001,False
87818,DIVISLAB27OCT268700PE,DIVISLAB,27OCT2026,870000.000000,100,OPTSTK,NFO,5.000000,3001,False
87844,KAYNES29SEP263450CE,KAYNES,29SEP2026,345000.000000,150,OPTSTK,NFO,5.000000,6001,False
87875,KAYNES29SEP263750PE,KAYNES,29SEP2026,375000.000000,150,OPTSTK,NFO,5.000000,6001,False
87893,DIVISLAB27OCT2610600CE,DIVISLAB,27OCT2026,1060000.000000,100,OPTSTK,NFO,5.000000,3001,False
87920,KAYNES27OCT263300CE,KAYNES,27OCT2026,330000.000000,150,OPTSTK,NFO,5.000000,6001,False
87924,KAYNES27OCT263500CE,KAYNES,27OCT2026,350000.000000,150,OPTSTK,NFO,5.000000,6001,False
87930,KAYNES27OCT263700PE,KAYNES,27OCT2026,370000.000000,150,OPTSTK,NFO,5.000000,6001,False
87971,KEI29SEP264500PE,KEI,29SEP2026,450000.000000,175,OPTSTK,NFO,5.000000,5251,False
87992,KEI29SEP266100PE,KEI,29SEP2026,610000.000000,175,OPTSTK,NFO,5.000000,5251,False
88045,BAJAJFINSV29SEP262000PE,BAJAJFINSV,29SEP2026,200000.000000,300,OPTSTK,NFO,5.000000,12001,False
88059,BAJAJFINSV29SEP262280PE,BAJAJFINSV,29SEP2026,228000.000000,300,OPTSTK,NFO,5.000000,12001,False
88081,DIVISLAB23NOV268600CE,DIVISLAB,23NOV2026,860000.000000,100,OPTSTK,NFO,5.000000,3001,False
88083,DIVISLAB23NOV268800CE,DIVISLAB,23NOV2026,880000.000000,100,OPTSTK,NFO,5.000000,3001,False
88095,KEI27OCT264000PE,KEI,27OCT2026,400000.000000,175,OPTSTK,NFO,5.000000,5251,False
88100,DIVISLAB23NOV269400PE,DIVISLAB,23NOV2026,940000.000000,100,OPTSTK,NFO,5.000000,3001,False
88103,KEI27OCT264200CE,KEI,27OCT2026,420000.000000,175,OPTSTK,NFO,5.000000,5251,False
88105,DIVISLAB23NOV269800PE,DIVISLAB,23NOV2026,980000.000000,100,OPTSTK,NFO,5.000000,3001,False
88127,DIXON27OCT2612750CE,DIXON,27OCT2026,1275000.000000,50,OPTSTK,NFO,5.000000,1501,False
88130,DIXON27OCT2613250PE,DIXON,27OCT2026,1325000.000000,50,OPTSTK,NFO,5.000000,1501,False
88134,DIXON27OCT2614250PE,DIXON,27OCT2026,1425000.000000,50,OPTSTK,NFO,5.000000,1501,False
88177,DIXON23NOV2612500PE,DIXON,23NOV2026,1250000.000000,50,OPTSTK,NFO,5.000000,1501,False
88181,DIXON23NOV2613500PE,DIXON,23NOV2026,1350000.000000,50,OPTSTK,NFO,5.000000,1501,False
88194,KEI27OCT265400PE,KEI,27OCT2026,540000.000000,175,OPTSTK,NFO,5.000000,5251,False
88236,KFINTECH29SEP26980PE,KFINTECH,29SEP2026,98000.000000,575,OPTSTK,NFO,5.000000,23001,False
88278,KFINTECH27OCT26840CE,KFINTECH,27OCT2026,84000.000000,575,OPTSTK,NFO,5.000000,23001,False
88282,KFINTECH27OCT26840PE,KFINTECH,27OCT2026,84000.000000,575,OPTSTK,NFO,5.000000,23001,False
88290,KFINTECH27OCT261000CE,KFINTECH,27OCT2026,100000.000000,575,OPTSTK,NFO,5.000000,23001,False
88368,KOTAKBANK29SEP26355CE,KOTAKBANK,29SEP2026,35500.000000,2000,OPTSTK,NFO,5.000000,60001,False
88466,DLF27OCT26610PE,DLF,27OCT2026,61000.000000,950,OPTSTK,NFO,5.000000,38001,False
88477,DLF27OCT26670PE,DLF,27OCT2026,67000.000000,950,OPTSTK,NFO,5.000000,38001,False
88479,DLF27OCT26690PE,DLF,27OCT2026,69000.000000,950,OPTSTK,NFO,5.000000,38001,False
88486,BAJAJHLDNG29SEP2610000PE,BAJAJHLDNG,29SEP2026,1000000.000000,75,OPTSTK,NFO,5.000000,2251,False
88487,BAJAJHLDNG29SEP2610200CE,BAJAJHLDNG,29SEP2026,1020000.000000,75,OPTSTK,NFO,5.000000,2251,False
88490,BAJAJHLDNG29SEP2610400CE,BAJAJHLDNG,29SEP2026,1040000.000000,75,OPTSTK,NFO,5.000000,2251,False
88506,BAJAJHLDNG29SEP2611000PE,BAJAJHLDNG,29SEP2026,1100000.000000,75,OPTSTK,NFO,5.000000,2251,False
88508,BAJAJHLDNG29SEP2611200PE,BAJAJHLDNG,29SEP2026,1120000.000000,75,OPTSTK,NFO,5.000000,2251,False
88573,BAJAJHLDNG29SEP2613200PE,BAJAJHLDNG,29SEP2026,1320000.000000,75,OPTSTK,NFO,5.000000,2251,False
88597,KOTAKBANK27OCT26360PE,KOTAKBANK,27OCT2026,36000.000000,2000,OPTSTK,NFO,5.000000,60001,False
88606,DLF23NOV26560PE,DLF,23NOV2026,56000.000000,950,OPTSTK,NFO,5.000000,38001,False
88611,KOTAKBANK27OCT26400PE,KOTAKBANK,27OCT2026,40000.000000,2000,OPTSTK,NFO,5.000000,60001,False
88641,KOTAKBANK27OCT26430CE,KOTAKBANK,27OCT2026,43000.000000,2000,OPTSTK,NFO,5.000000,60001,False
88646,DLF23NOV26680PE,DLF,23NOV2026,68000.000000,950,OPTSTK,NFO,5.000000,38001,False
88668,KOTAKBANK27OCT26470PE,KOTAKBANK,27OCT2026,47000.000000,2000,OPTSTK,NFO,5.000000,60001,False
88724,KPITTECH29SEP26510PE,KPITTECH,29SEP2026,51000.000000,775,OPTSTK,NFO,5.000000,38751,False
88775,KPITTECH29SEP26690PE,KPITTECH,29SEP2026,69000.000000,775,OPTSTK,NFO,5.000000,38751,False
88842,KPITTECH27OCT26440PE,KPITTECH,27OCT2026,44000.000000,775,OPTSTK,NFO,5.000000,38751,False
88872,DMART27OCT263350PE,DMART,27OCT2026,335000.000000,150,OPTSTK,NFO,5.000000,6001,False
88898,KPITTECH27OCT26580PE,KPITTECH,27OCT2026,58000.000000,775,OPTSTK,NFO,5.000000,38751,False
88918,KPITTECH27OCT26600CE,KPITTECH,27OCT2026,60000.000000,775,OPTSTK,NFO,5.000000,38751,False
88928,DMART27OCT263450PE,DMART,27OCT2026,345000.000000,150,OPTSTK,NFO,5.000000,6001,False
88934,KPITTECH27OCT26660PE,KPITTECH,27OCT2026,66000.000000,775,OPTSTK,NFO,5.000000,38751,False
89001,BAJFINANCE29SEP26920PE,BAJFINANCE,29SEP2026,92000.000000,750,OPTSTK,NFO,5.000000,22501,False
89017,BAJFINANCE29SEP261060PE,BAJFINANCE,29SEP2026,106000.000000,750,OPTSTK,NFO,5.000000,22501,False
89019,BAJFINANCE29SEP261080PE,BAJFINANCE,29SEP2026,108000.000000,750,OPTSTK,NFO,5.000000,22501,False
89047,BAJFINANCE29SEP261300PE,BAJFINANCE,29SEP2026,130000.000000,750,OPTSTK,NFO,5.000000,22501,False
89065,LAURUSLABS29SEP261900PE,LAURUSLABS,29SEP2026,190000.000000,850,OPTSTK,NFO,5.000000,17001,False
89068,BANDHANBNK29SEP26130CE,BANDHANBNK,29SEP2026,13000.000000,3600,OPTSTK,NFO,1.000000,108001,False
89081,BANDHANBNK29SEP26170CE,BANDHANBNK,29SEP2026,17000.000000,3600,OPTSTK,NFO,1.000000,108001,False
89171,LAURUSLABS27OCT261800CE,LAURUSLABS,27OCT2026,180000.000000,850,OPTSTK,NFO,5.000000,17001,False
89190,DMART23NOV263400CE,DMART,23NOV2026,340000.000000,150,OPTSTK,NFO,5.000000,6001,False
89191,DMART23NOV263400PE,DMART,23NOV2026,340000.000000,150,OPTSTK,NFO,5.000000,6001,False
89201,DMART23NOV263900PE,DMART,23NOV2026,390000.000000,150,OPTSTK,NFO,5.000000,6001,False
89204,DMART23NOV264100CE,DMART,23NOV2026,410000.000000,150,OPTSTK,NFO,5.000000,6001,False
89206,DMART23NOV264200CE,DMART,23NOV2026,420000.000000,150,OPTSTK,NFO,5.000000,6001,False
89208,DMART23NOV264300CE,DMART,23NOV2026,430000.000000,150,OPTSTK,NFO,5.000000,6001,False
89210,DMART23NOV264400CE,DMART,23NOV2026,440000.000000,150,OPTSTK,NFO,5.000000,6001,False
89211,DMART23NOV264400PE,DMART,23NOV2026,440000.000000,150,OPTSTK,NFO,5.000000,6001,False
89225,BANKBARODA29SEP26190CE,BANKBARODA,29SEP2026,19000.000000,2925,OPTSTK,NFO,1.000000,87751,False
89229,LAURUSLABS27OCT261920CE,LAURUSLABS,27OCT2026,192000.000000,850,OPTSTK,NFO,5.000000,17001,False
89271,DRREDDY27OCT261030CE,DRREDDY,27OCT2026,103000.000000,625,OPTSTK,NFO,5.000000,18751,False
89276,DRREDDY27OCT261070PE,DRREDDY,27OCT2026,107000.000000,625,OPTSTK,NFO,5.000000,18751,False
89286,LAURUSLABS27OCT261960PE,LAURUSLABS,27OCT2026,196000.000000,850,OPTSTK,NFO,5.000000,17001,False
89298,DRREDDY27OCT261230PE,DRREDDY,27OCT2026,123000.000000,625,OPTSTK,NFO,5.000000,18751,False
89300,DRREDDY27OCT261250PE,DRREDDY,27OCT2026,125000.000000,625,OPTSTK,NFO,5.000000,18751,False
89354,BANKBARODA29SEP26240PE,BANKBARODA,29SEP2026,24000.000000,2925,OPTSTK,NFO,1.000000,87751,False
89526,LICHSGFIN27OCT26640PE,LICHSGFIN,27OCT2026,64000.000000,1000,OPTSTK,NFO,5.000000,40001,False
89586,DRREDDY23NOV261060PE,DRREDDY,23NOV2026,106000.000000,625,OPTSTK,NFO,5.000000,18751,False
89595,DRREDDY23NOV261140PE,DRREDDY,23NOV2026,114000.000000,625,OPTSTK,NFO,5.000000,18751,False
89505,LICHSGFIN27OCT26440CE,LICHSGFIN,27OCT2026,44000.000000,1000,OPTSTK,NFO,5.000000,40001,False
89520,LICHSGFIN27OCT26580PE,LICHSGFIN,27OCT2026,58000.000000,1000,OPTSTK,NFO,5.000000,40001,False
89596,DRREDDY23NOV261160CE,DRREDDY,23NOV2026,116000.000000,625,OPTSTK,NFO,5.000000,18751,False
89602,DRREDDY23NOV261200PE,DRREDDY,23NOV2026,120000.000000,625,OPTSTK,NFO,5.000000,18751,False
89603,DRREDDY23NOV261220CE,DRREDDY,23NOV2026,122000.000000,625,OPTSTK,NFO,5.000000,18751,False
89634,DRREDDY23NOV261400PE,DRREDDY,23NOV2026,140000.000000,625,OPTSTK,NFO,5.000000,18751,False
89635,NIFTY26JUN2926000PE,NIFTY,26JUN2029,2600000.000000,65,OPTIDX,NFO,5.000000,1801,False
89716,LICI29SEP26355PE,LICI,29SEP2026,35500.000000,1400,OPTSTK,NFO,5.000000,56001,False
89719,LICI29SEP26375CE,LICI,29SEP2026,37500.000000,1400,OPTSTK,NFO,5.000000,56001,False
89759,BANKINDIA29SEP26130PE,BANKINDIA,29SEP2026,13000.000000,5200,OPTSTK,NFO,1.000000,156001,False
89763,BANKINDIA29SEP26135PE,BANKINDIA,29SEP2026,13500.000000,5200,OPTSTK,NFO,1.000000,156001,False
89784,EICHERMOT27OCT268900CE,EICHERMOT,27OCT2026,890000.000000,100,OPTSTK,NFO,5.000000,3001,False
89790,LICI29SEP26415CE,LICI,29SEP2026,41500.000000,1400,OPTSTK,NFO,5.000000,56001,False
89806,BANKINDIA29SEP26165CE,BANKINDIA,29SEP2026,16500.000000,5200,OPTSTK,NFO,1.000000,156001,False
89842,LICI29SEP26455PE,LICI,29SEP2026,45500.000000,1400,OPTSTK,NFO,5.000000,56001,False
89898,LICI27OCT26360CE,LICI,27OCT2026,36000.000000,1400,OPTSTK,NFO,5.000000,56001,False
89900,LICI27OCT26370CE,LICI,27OCT2026,37000.000000,1400,OPTSTK,NFO,5.000000,56001,False
89907,LICI27OCT26390PE,LICI,27OCT2026,39000.000000,1400,OPTSTK,NFO,5.000000,56001,False
89928,LICI27OCT26430CE,LICI,27OCT2026,43000.000000,1400,OPTSTK,NFO,5.000000,56001,False
89932,LICI27OCT26450CE,LICI,27OCT2026,45000.000000,1400,OPTSTK,NFO,5.000000,56001,False
89975,LODHA29SEP261100CE,LODHA,29SEP2026,110000.000000,625,OPTSTK,NFO,5.000000,18751,False
90011,LODHA29SEP261140PE,LODHA,29SEP2026,114000.000000,625,OPTSTK,NFO,5.000000,18751,False
90058,EICHERMOT23NOV266800CE,EICHERMOT,23NOV2026,680000.000000,100,OPTSTK,NFO,5.000000,3001,False
90089,BDL29SEP261000CE,BDL,29SEP2026,100000.000000,425,OPTSTK,NFO,5.000000,17001,False
90092,EICHERMOT23NOV267600PE,EICHERMOT,23NOV2026,760000.000000,100,OPTSTK,NFO,5.000000,3001,False
90110,BDL29SEP261280CE,BDL,29SEP2026,128000.000000,425,OPTSTK,NFO,5.000000,17001,False
90122,BDL29SEP261440CE,BDL,29SEP2026,144000.000000,425,OPTSTK,NFO,5.000000,17001,False
90138,LODHA29SEP261260CE,LODHA,29SEP2026,126000.000000,625,OPTSTK,NFO,5.000000,18751,False
90151,LODHA29SEP261340CE,LODHA,29SEP2026,134000.000000,625,OPTSTK,NFO,5.000000,18751,False
90246,LODHA27OCT261040CE,LODHA,27OCT2026,104000.000000,625,OPTSTK,NFO,5.000000,18751,False
90264,LODHA27OCT261320CE,LODHA,27OCT2026,132000.000000,625,OPTSTK,NFO,5.000000,18751,False
90268,LODHA27OCT261400CE,LODHA,27OCT2026,140000.000000,625,OPTSTK,NFO,5.000000,18751,False
90300,ETERNAL27OCT26355CE,ETERNAL,27OCT2026,35500.000000,2425,OPTSTK,NFO,5.000000,72751,False
90328,LT29SEP264050CE,LT,29SEP2026,405000.000000,175,OPTSTK,NFO,5.000000,7001,False
90331,LT29SEP264150PE,LT,29SEP2026,415000.000000,175,OPTSTK,NFO,5.000000,7001,False
90332,LT29SEP264250CE,LT,29SEP2026,425000.000000,175,OPTSTK,NFO,5.000000,7001,False
90413,LT27OCT264000PE,LT,27OCT2026,400000.000000,175,OPTSTK,NFO,5.000000,7001,False
90420,LT27OCT264200CE,LT,27OCT2026,420000.000000,175,OPTSTK,NFO,5.000000,7001,False
90422,LT27OCT264300CE,LT,27OCT2026,430000.000000,175,OPTSTK,NFO,5.000000,7001,False
90464,LTF29SEP26295PE,LTF,29SEP2026,29500.000000,2250,OPTSTK,NFO,5.000000,67501,False
90473,ETERNAL23NOV26320PE,ETERNAL,23NOV2026,32000.000000,2425,OPTSTK,NFO,5.000000,72751,False
90491,LTF29SEP26315CE,LTF,29SEP2026,31500.000000,2250,OPTSTK,NFO,5.000000,67501,False
90503,LTF29SEP26325PE,LTF,29SEP2026,32500.000000,2250,OPTSTK,NFO,5.000000,67501,False
90510,BEL29SEP26330CE,BEL,29SEP2026,33000.000000,1425,OPTSTK,NFO,5.000000,57001,False
90526,BEL29SEP26400PE,BEL,29SEP2026,40000.000000,1425,OPTSTK,NFO,5.000000,57001,False
90618,FEDERALBNK27OCT26345CE,FEDERALBNK,27OCT2026,34500.000000,2500,OPTSTK,NFO,5.000000,75001,False
90624,FEDERALBNK27OCT26375CE,FEDERALBNK,27OCT2026,37500.000000,2500,OPTSTK,NFO,5.000000,75001,False
90666,FEDERALBNK23NOV26300CE,FEDERALBNK,23NOV2026,30000.000000,2500,OPTSTK,NFO,5.000000,75001,False
90767,LTF27OCT26350CE,LTF,27OCT2026,35000.000000,2250,OPTSTK,NFO,5.000000,67501,False
90772,FEDERALBNK23NOV26350CE,FEDERALBNK,23NOV2026,35000.000000,2500,OPTSTK,NFO,5.000000,75001,False
90774,FEDERALBNK23NOV26360CE,FEDERALBNK,23NOV2026,36000.000000,2500,OPTSTK,NFO,5.000000,75001,False
90828,LTM29SEP264750PE,LTM,29SEP2026,475000.000000,150,OPTSTK,NFO,5.000000,6001,False
90839,LTM29SEP265350CE,LTM,29SEP2026,535000.000000,150,OPTSTK,NFO,5.000000,6001,False
90843,LTM29SEP265500CE,LTM,29SEP2026,550000.000000,150,OPTSTK,NFO,5.000000,6001,False
90858,FEDERALBNK23NOV26390PE,FEDERALBNK,23NOV2026,39000.000000,2500,OPTSTK,NFO,5.000000,75001,False
90920,LTM27OCT263800PE,LTM,27OCT2026,380000.000000,150,OPTSTK,NFO,5.000000,6001,False
90965,LTM27OCT264400PE,LTM,27OCT2026,440000.000000,150,OPTSTK,NFO,5.000000,6001,False
90974,LTM27OCT264600PE,LTM,27OCT2026,460000.000000,150,OPTSTK,NFO,5.000000,6001,False
90993,BHARATFORG29SEP261720CE,BHARATFORG,29SEP2026,172000.000000,500,OPTSTK,NFO,5.000000,10001,False
91020,BHARATFORG29SEP262240PE,BHARATFORG,29SEP2026,224000.000000,500,OPTSTK,NFO,5.000000,10001,False
91022,BHARATFORG29SEP262280PE,BHARATFORG,29SEP2026,228000.000000,500,OPTSTK,NFO,5.000000,10001,False
91119,FORCEMOT23NOV2616000CE,FORCEMOT,23NOV2026,1600000.000000,25,OPTSTK,NFO,5.000000,1251,False
91209,LUPIN29SEP262140PE,LUPIN,29SEP2026,214000.000000,425,OPTSTK,NFO,5.000000,12751,False
91212,LUPIN29SEP262220CE,LUPIN,29SEP2026,222000.000000,425,OPTSTK,NFO,5.000000,12751,False
91216,FORTIS27OCT26910CE,FORTIS,27OCT2026,91000.000000,775,OPTSTK,NFO,5.000000,23251,False
91272,LUPIN29SEP262260PE,LUPIN,29SEP2026,226000.000000,425,OPTSTK,NFO,5.000000,12751,False
91275,FORTIS27OCT26950CE,FORTIS,27OCT2026,95000.000000,775,OPTSTK,NFO,5.000000,23251,False
91285,LUPIN29SEP262460CE,LUPIN,29SEP2026,246000.000000,425,OPTSTK,NFO,5.000000,12751,False
91288,LUPIN29SEP262500PE,LUPIN,29SEP2026,250000.000000,425,OPTSTK,NFO,5.000000,12751,False
91293,FORTIS27OCT26990PE,FORTIS,27OCT2026,99000.000000,775,OPTSTK,NFO,5.000000,23251,False
91359,FORTIS27OCT261030PE,FORTIS,27OCT2026,103000.000000,775,OPTSTK,NFO,5.000000,23251,False
91412,LUPIN27OCT261960PE,LUPIN,27OCT2026,196000.000000,425,OPTSTK,NFO,5.000000,12751,False
91430,BHARTIARTL29SEP261600PE,BHARTIARTL,29SEP2026,160000.000000,475,OPTSTK,NFO,5.000000,14251,False
91440,BHARTIARTL29SEP261760CE,BHARTIARTL,29SEP2026,176000.000000,475,OPTSTK,NFO,5.000000,14251,False
91443,BHARTIARTL29SEP261800PE,BHARTIARTL,29SEP2026,180000.000000,475,OPTSTK,NFO,5.000000,14251,False
91457,LUPIN27OCT262160PE,LUPIN,27OCT2026,216000.000000,425,OPTSTK,NFO,5.000000,12751,False
91460,LUPIN27OCT262200CE,LUPIN,27OCT2026,220000.000000,425,OPTSTK,NFO,5.000000,12751,False
91469,LUPIN27OCT262320PE,LUPIN,27OCT2026,232000.000000,425,OPTSTK,NFO,5.000000,12751,False
91569,M&M29SEP263350PE,M&M,29SEP2026,335000.000000,200,OPTSTK,NFO,5.000000,8001,False
91572,M&M29SEP263550CE,M&M,29SEP2026,355000.000000,200,OPTSTK,NFO,5.000000,8001,False
91573,M&M29SEP263550PE,M&M,29SEP2026,355000.000000,200,OPTSTK,NFO,5.000000,8001,False
91576,M&M29SEP263750CE,M&M,29SEP2026,375000.000000,200,OPTSTK,NFO,5.000000,8001,False
91604,FORTIS23NOV26820PE,FORTIS,23NOV2026,82000.000000,775,OPTSTK,NFO,5.000000,23251,False
91615,FORTIS23NOV26920CE,FORTIS,23NOV2026,92000.000000,775,OPTSTK,NFO,5.000000,23251,False
91617,FORTIS23NOV26940CE,FORTIS,23NOV2026,94000.000000,775,OPTSTK,NFO,5.000000,23251,False
91623,FORTIS23NOV261000CE,FORTIS,23NOV2026,100000.000000,775,OPTSTK,NFO,5.000000,23251,False
91672,M&M27OCT262900CE,M&M,27OCT2026,290000.000000,200,OPTSTK,NFO,5.000000,8001,False
91696,GAIL27OCT26157.5PE,GAIL,27OCT2026,15750.000000,3550,OPTSTK,NFO,1.000000,142001,False
91717,BHARTIARTL29SEP262040CE,BHARTIARTL,29SEP2026,204000.000000,475,OPTSTK,NFO,5.000000,14251,False
91718,BHARTIARTL29SEP262040PE,BHARTIARTL,29SEP2026,204000.000000,475,OPTSTK,NFO,5.000000,14251,False
91724,M&M27OCT263400CE,M&M,27OCT2026,340000.000000,200,OPTSTK,NFO,5.000000,8001,False
91733,M&M27OCT263800PE,M&M,27OCT2026,380000.000000,200,OPTSTK,NFO,5.000000,8001,False
91760,MANAPPURAM29SEP26345CE,MANAPPURAM,29SEP2026,34500.000000,3000,OPTSTK,NFO,5.000000,60001,False
91793,MANAPPURAM29SEP26395CE,MANAPPURAM,29SEP2026,39500.000000,3000,OPTSTK,NFO,5.000000,60001,False
91808,GAIL23NOV26140CE,GAIL,23NOV2026,14000.000000,3550,OPTSTK,NFO,1.000000,142001,False
91822,MANAPPURAM27OCT26280CE,MANAPPURAM,27OCT2026,28000.000000,3000,OPTSTK,NFO,5.000000,60001,False
91833,MANAPPURAM27OCT26330PE,MANAPPURAM,27OCT2026,33000.000000,3000,OPTSTK,NFO,5.000000,60001,False
91841,MANAPPURAM27OCT26370PE,MANAPPURAM,27OCT2026,37000.000000,3000,OPTSTK,NFO,5.000000,60001,False
91861,GAIL23NOV26155PE,GAIL,23NOV2026,15500.000000,3550,OPTSTK,NFO,1.000000,142001,False
91866,GAIL23NOV26165PE,GAIL,23NOV2026,16500.000000,3550,OPTSTK,NFO,1.000000,142001,False
91867,GAIL23NOV26170CE,GAIL,23NOV2026,17000.000000,3550,OPTSTK,NFO,1.000000,142001,False
91885,MANAPPURAM27OCT26410PE,MANAPPURAM,27OCT2026,41000.000000,3000,OPTSTK,NFO,5.000000,60001,False
91901,GAIL23NOV26190CE,GAIL,23NOV2026,19000.000000,3550,OPTSTK,NFO,1.000000,142001,False
91936,MANKIND29SEP262020CE,MANKIND,29SEP2026,202000.000000,250,OPTSTK,NFO,5.000000,10001,False
91957,MANKIND29SEP262020PE,MANKIND,29SEP2026,202000.000000,250,OPTSTK,NFO,5.000000,10001,False
91983,BHEL29SEP26390CE,BHEL,29SEP2026,39000.000000,2625,OPTSTK,NFO,5.000000,52501,False
91984,BHEL29SEP26390PE,BHEL,29SEP2026,39000.000000,2625,OPTSTK,NFO,5.000000,52501,False
91994,BHEL29SEP26440PE,BHEL,29SEP2026,44000.000000,2625,OPTSTK,NFO,5.000000,52501,False
91995,BHEL29SEP26450CE,BHEL,29SEP2026,45000.000000,2625,OPTSTK,NFO,5.000000,52501,False
92004,BHEL29SEP26490PE,BHEL,29SEP2026,49000.000000,2625,OPTSTK,NFO,5.000000,52501,False
92006,BHEL29SEP26500PE,BHEL,29SEP2026,50000.000000,2625,OPTSTK,NFO,5.000000,52501,False
92235,GLENMARK27OCT262540PE,GLENMARK,27OCT2026,254000.000000,375,OPTSTK,NFO,5.000000,11251,False
92244,GLENMARK27OCT262660PE,GLENMARK,27OCT2026,266000.000000,375,OPTSTK,NFO,5.000000,11251,False
92315,MANKIND27OCT261880CE,MANKIND,27OCT2026,188000.000000,250,OPTSTK,NFO,5.000000,10001,False
92329,MANKIND27OCT262040PE,MANKIND,27OCT2026,204000.000000,250,OPTSTK,NFO,5.000000,10001,False
92352,BIOCON29SEP26330PE,BIOCON,29SEP2026,33000.000000,2500,OPTSTK,NFO,5.000000,50001,False
92368,BIOCON29SEP26410PE,BIOCON,29SEP2026,41000.000000,2500,OPTSTK,NFO,5.000000,50001,False
92374,BIOCON29SEP26440PE,BIOCON,29SEP2026,44000.000000,2500,OPTSTK,NFO,5.000000,50001,False
92424,GLENMARK23NOV262080CE,GLENMARK,23NOV2026,208000.000000,375,OPTSTK,NFO,5.000000,11251,False
92438,GLENMARK23NOV262360CE,GLENMARK,23NOV2026,236000.000000,375,OPTSTK,NFO,5.000000,11251,False
92445,GLENMARK23NOV262480CE,GLENMARK,23NOV2026,248000.000000,375,OPTSTK,NFO,5.000000,11251,False
92533,MANKIND27OCT262520CE,MANKIND,27OCT2026,252000.000000,250,OPTSTK,NFO,5.000000,10001,False
92641,MARICO29SEP26770CE,MARICO,29SEP2026,77000.000000,1200,OPTSTK,NFO,5.000000,36001,False
92654,MARICO29SEP26830PE,MARICO,29SEP2026,83000.000000,1200,OPTSTK,NFO,5.000000,36001,False
92667,MARICO29SEP26910PE,MARICO,29SEP2026,91000.000000,1200,OPTSTK,NFO,5.000000,36001,False
92670,MARICO29SEP26950CE,MARICO,29SEP2026,95000.000000,1200,OPTSTK,NFO,5.000000,36001,False
92721,BLUESTARCO29SEP261280CE,BLUESTARCO,29SEP2026,128000.000000,325,OPTSTK,NFO,5.000000,13001,False
92723,BLUESTARCO29SEP261320CE,BLUESTARCO,29SEP2026,132000.000000,325,OPTSTK,NFO,5.000000,13001,False
92733,BLUESTARCO29SEP261520CE,BLUESTARCO,29SEP2026,152000.000000,325,OPTSTK,NFO,5.000000,13001,False
92735,BLUESTARCO29SEP261560CE,BLUESTARCO,29SEP2026,156000.000000,325,OPTSTK,NFO,5.000000,13001,False
92757,BLUESTARCO29SEP261760CE,BLUESTARCO,29SEP2026,176000.000000,325,OPTSTK,NFO,5.000000,13001,False
92774,MARICO27OCT26760CE,MARICO,27OCT2026,76000.000000,1200,OPTSTK,NFO,5.000000,36001,False
92782,BLUESTARCO29SEP261880PE,BLUESTARCO,29SEP2026,188000.000000,325,OPTSTK,NFO,5.000000,13001,False
92837,GMRAIRPORT27OCT2687CE,GMRAIRPORT,27OCT2026,8700.000000,6975,OPTSTK,NFO,1.000000,209251,False
92848,GMRAIRPORT27OCT2697PE,GMRAIRPORT,27OCT2026,9700.000000,6975,OPTSTK,NFO,1.000000,209251,False
92853,GMRAIRPORT27OCT26103CE,GMRAIRPORT,27OCT2026,10300.000000,6975,OPTSTK,NFO,1.000000,209251,False
92856,GMRAIRPORT27OCT26105PE,GMRAIRPORT,27OCT2026,10500.000000,6975,OPTSTK,NFO,1.000000,209251,False
92859,GMRAIRPORT27OCT26109CE,GMRAIRPORT,27OCT2026,10900.000000,6975,OPTSTK,NFO,1.000000,209251,False
92906,MARICO27OCT26920PE,MARICO,27OCT2026,92000.000000,1200,OPTSTK,NFO,5.000000,36001,False
92976,GMRAIRPORT23NOV2680PE,GMRAIRPORT,23NOV2026,8000.000000,6975,OPTSTK,NFO,1.000000,209251,False
92980,GMRAIRPORT23NOV2684PE,GMRAIRPORT,23NOV2026,8400.000000,6975,OPTSTK,NFO,1.000000,209251,False
92998,MARUTI29SEP2611100PE,MARUTI,29SEP2026,1110000.000000,50,OPTSTK,NFO,5.000000,2001,False
92999,MARUTI29SEP2611300CE,MARUTI,29SEP2026,1130000.000000,50,OPTSTK,NFO,5.000000,2001,False
93000,MARUTI29SEP2611300PE,MARUTI,29SEP2026,1130000.000000,50,OPTSTK,NFO,5.000000,2001,False
93003,MARUTI29SEP2611700CE,MARUTI,29SEP2026,1170000.000000,50,OPTSTK,NFO,5.000000,2001,False
93008,MARUTI29SEP2612100PE,MARUTI,29SEP2026,1210000.000000,50,OPTSTK,NFO,5.000000,2001,False
93024,MARUTI29SEP2613700CE,MARUTI,29SEP2026,1370000.000000,50,OPTSTK,NFO,5.000000,2001,False
93033,MARUTI29SEP2614300PE,MARUTI,29SEP2026,1430000.000000,50,OPTSTK,NFO,5.000000,2001,False
93034,MARUTI29SEP2614500CE,MARUTI,29SEP2026,1450000.000000,50,OPTSTK,NFO,5.000000,2001,False
93067,GMRAIRPORT23NOV2688CE,GMRAIRPORT,23NOV2026,8800.000000,6975,OPTSTK,NFO,1.000000,209251,False
93134,MARUTI27OCT2612600CE,MARUTI,27OCT2026,1260000.000000,50,OPTSTK,NFO,5.000000,2001,False
93136,MARUTI27OCT2612800CE,MARUTI,27OCT2026,1280000.000000,50,OPTSTK,NFO,5.000000,2001,False
93137,MARUTI27OCT2612800PE,MARUTI,27OCT2026,1280000.000000,50,OPTSTK,NFO,5.000000,2001,False
93151,MARUTI27OCT2614000PE,MARUTI,27OCT2026,1400000.000000,50,OPTSTK,NFO,5.000000,2001,False
93154,MARUTI27OCT2614400CE,MARUTI,27OCT2026,1440000.000000,50,OPTSTK,NFO,5.000000,2001,False
93157,MARUTI27OCT2614600PE,MARUTI,27OCT2026,1460000.000000,50,OPTSTK,NFO,5.000000,2001,False
93165,MARUTI27OCT2615200PE,MARUTI,27OCT2026,1520000.000000,50,OPTSTK,NFO,5.000000,2001,False
93235,MAXHEALTH29SEP26950PE,MAXHEALTH,29SEP2026,95000.000000,525,OPTSTK,NFO,5.000000,21001,False
93247,GMRAIRPORT23NOV26102CE,GMRAIRPORT,23NOV2026,10200.000000,6975,OPTSTK,NFO,1.000000,209251,False
93261,GMRAIRPORT23NOV26116CE,GMRAIRPORT,23NOV2026,11600.000000,6975,OPTSTK,NFO,1.000000,209251,False
93300,GODFRYPHLP27OCT261850PE,GODFRYPHLP,27OCT2026,185000.000000,275,OPTSTK,NFO,5.000000,11001,False
93305,GODFRYPHLP27OCT262050PE,GODFRYPHLP,27OCT2026,205000.000000,275,OPTSTK,NFO,5.000000,11001,False
93314,MAXHEALTH29SEP26990PE,MAXHEALTH,29SEP2026,99000.000000,525,OPTSTK,NFO,5.000000,21001,False
93315,MAXHEALTH29SEP261010CE,MAXHEALTH,29SEP2026,101000.000000,525,OPTSTK,NFO,5.000000,21001,False
93319,MAXHEALTH29SEP261050CE,MAXHEALTH,29SEP2026,105000.000000,525,OPTSTK,NFO,5.000000,21001,False
93323,GODFRYPHLP27OCT262350CE,GODFRYPHLP,27OCT2026,235000.000000,275,OPTSTK,NFO,5.000000,11001,False
93361,GODFRYPHLP23NOV261700CE,GODFRYPHLP,23NOV2026,170000.000000,275,OPTSTK,NFO,5.000000,11001,False
93391,MAXHEALTH29SEP261110CE,MAXHEALTH,29SEP2026,111000.000000,525,OPTSTK,NFO,5.000000,21001,False
93413,GODFRYPHLP23NOV262500CE,GODFRYPHLP,23NOV2026,250000.000000,275,OPTSTK,NFO,5.000000,11001,False
93485,MAXHEALTH27OCT26860CE,MAXHEALTH,27OCT2026,86000.000000,525,OPTSTK,NFO,5.000000,21001,False
93486,MAXHEALTH27OCT26860PE,MAXHEALTH,27OCT2026,86000.000000,525,OPTSTK,NFO,5.000000,21001,False
93487,MAXHEALTH27OCT26880CE,MAXHEALTH,27OCT2026,88000.000000,525,OPTSTK,NFO,5.000000,21001,False
93537,MAXHEALTH27OCT261040PE,MAXHEALTH,27OCT2026,104000.000000,525,OPTSTK,NFO,5.000000,21001,False
93539,MAXHEALTH27OCT261060PE,MAXHEALTH,27OCT2026,106000.000000,525,OPTSTK,NFO,5.000000,21001,False
93582,BPCL29SEP26320PE,BPCL,29SEP2026,32000.000000,1975,OPTSTK,NFO,5.000000,79001,False
93586,BPCL29SEP26340PE,BPCL,29SEP2026,34000.000000,1975,OPTSTK,NFO,5.000000,79001,False
93593,BPCL29SEP26380CE,BPCL,29SEP2026,38000.000000,1975,OPTSTK,NFO,5.000000,79001,False
93601,MAXHEALTH27OCT261100PE,MAXHEALTH,27OCT2026,110000.000000,525,OPTSTK,NFO,5.000000,21001,False
93684,GODREJCP27OCT26810CE,GODREJCP,27OCT2026,81000.000000,500,OPTSTK,NFO,5.000000,25001,False
93730,GODREJCP27OCT26830PE,GODREJCP,27OCT2026,83000.000000,500,OPTSTK,NFO,5.000000,25001,False
93745,MAZDOCK29SEP262250CE,MAZDOCK,29SEP2026,225000.000000,225,OPTSTK,NFO,5.000000,9001,False
93786,MAZDOCK29SEP262450PE,MAZDOCK,29SEP2026,245000.000000,225,OPTSTK,NFO,5.000000,9001,False
93798,BRITANNIA29SEP264300CE,BRITANNIA,29SEP2026,430000.000000,125,OPTSTK,NFO,5.000000,5001,False
93800,BRITANNIA29SEP264400CE,BRITANNIA,29SEP2026,440000.000000,125,OPTSTK,NFO,5.000000,5001,False
93804,BRITANNIA29SEP264600CE,BRITANNIA,29SEP2026,460000.000000,125,OPTSTK,NFO,5.000000,5001,False
93813,MAZDOCK29SEP262850PE,MAZDOCK,29SEP2026,285000.000000,225,OPTSTK,NFO,5.000000,9001,False
93819,GODREJCP27OCT26910CE,GODREJCP,27OCT2026,91000.000000,500,OPTSTK,NFO,5.000000,25001,False
93917,MCX29SEP263450CE,MCX,29SEP2026,345000.000000,225,OPTSTK,NFO,5.000000,6751,False
93927,BRITANNIA29SEP265100PE,BRITANNIA,29SEP2026,510000.000000,125,OPTSTK,NFO,5.000000,5001,False
93989,BRITANNIA29SEP265400CE,BRITANNIA,29SEP2026,540000.000000,125,OPTSTK,NFO,5.000000,5001,False
94004,BRITANNIA29SEP265600CE,BRITANNIA,29SEP2026,560000.000000,125,OPTSTK,NFO,5.000000,5001,False
94016,GODREJCP23NOV26780PE,GODREJCP,23NOV2026,78000.000000,500,OPTSTK,NFO,5.000000,25001,False
94020,GODREJCP23NOV26820PE,GODREJCP,23NOV2026,82000.000000,500,OPTSTK,NFO,5.000000,25001,False
94021,GODREJCP23NOV26840CE,GODREJCP,23NOV2026,84000.000000,500,OPTSTK,NFO,5.000000,25001,False
94036,GODREJCP23NOV26940PE,GODREJCP,23NOV2026,94000.000000,500,OPTSTK,NFO,5.000000,25001,False
94042,GODREJCP23NOV261000PE,GODREJCP,23NOV2026,100000.000000,500,OPTSTK,NFO,5.000000,25001,False
94049,GODREJCP23NOV261080CE,GODREJCP,23NOV2026,108000.000000,500,OPTSTK,NFO,5.000000,25001,False
94123,GODREJPROP27OCT261500PE,GODREJPROP,27OCT2026,150000.000000,325,OPTSTK,NFO,5.000000,13001,False
94135,MCX27OCT262800CE,MCX,27OCT2026,280000.000000,225,OPTSTK,NFO,5.000000,6751,False
94136,MCX27OCT262800PE,MCX,27OCT2026,280000.000000,225,OPTSTK,NFO,5.000000,6751,False
94142,BSE29SEP262600CE,BSE,29SEP2026,260000.000000,200,OPTSTK,NFO,5.000000,6001,False
94158,MCX27OCT263600CE,MCX,27OCT2026,360000.000000,225,OPTSTK,NFO,5.000000,6751,False
94159,MCX27OCT263600PE,MCX,27OCT2026,360000.000000,225,OPTSTK,NFO,5.000000,6751,False
94177,BSE29SEP263600CE,BSE,29SEP2026,360000.000000,200,OPTSTK,NFO,5.000000,6001,False
94181,BSE29SEP264000CE,BSE,29SEP2026,400000.000000,200,OPTSTK,NFO,5.000000,6001,False
94201,GODREJPROP27OCT261780CE,GODREJPROP,27OCT2026,178000.000000,325,OPTSTK,NFO,5.000000,13001,False
94238,MFSL29SEP261380CE,MFSL,29SEP2026,138000.000000,400,OPTSTK,NFO,5.000000,16001,False
94239,MFSL29SEP261380PE,MFSL,29SEP2026,138000.000000,400,OPTSTK,NFO,5.000000,16001,False
94251,MFSL29SEP261540CE,MFSL,29SEP2026,154000.000000,400,OPTSTK,NFO,5.000000,16001,False
94260,MFSL29SEP261700CE,MFSL,29SEP2026,170000.000000,400,OPTSTK,NFO,5.000000,16001,False
94263,MFSL29SEP261700PE,MFSL,29SEP2026,170000.000000,400,OPTSTK,NFO,5.000000,16001,False
94403,MFSL27OCT261440CE,MFSL,27OCT2026,144000.000000,400,OPTSTK,NFO,5.000000,16001,False
94406,MFSL27OCT261480PE,MFSL,27OCT2026,148000.000000,400,OPTSTK,NFO,5.000000,16001,False
94417,GODREJPROP23NOV261800CE,GODREJPROP,23NOV2026,180000.000000,325,OPTSTK,NFO,5.000000,13001,False
94482,MFSL27OCT261640CE,MFSL,27OCT2026,164000.000000,400,OPTSTK,NFO,5.000000,16001,False
94502,CAMS29SEP26880CE,CAMS,29SEP2026,88000.000000,825,OPTSTK,NFO,5.000000,33001,False
94510,CAMS29SEP26940CE,CAMS,29SEP2026,94000.000000,825,OPTSTK,NFO,5.000000,33001,False
94580,MOTHERSON29SEP26172.5PE,MOTHERSON,29SEP2026,17250.000000,6150,OPTSTK,NFO,1.000000,184501,False
94585,MOTHERSON29SEP26182.5CE,MOTHERSON,29SEP2026,18250.000000,6150,OPTSTK,NFO,1.000000,184501,False
94630,MOTHERSON27OCT26145CE,MOTHERSON,27OCT2026,14500.000000,6150,OPTSTK,NFO,1.000000,184501,False
94632,MOTHERSON27OCT26150CE,MOTHERSON,27OCT2026,15000.000000,6150,OPTSTK,NFO,1.000000,184501,False
94634,MOTHERSON27OCT26155CE,MOTHERSON,27OCT2026,15500.000000,6150,OPTSTK,NFO,1.000000,184501,False
94760,MOTILALOFS29SEP26940PE,MOTILALOFS,29SEP2026,94000.000000,775,OPTSTK,NFO,5.000000,23251,False
94761,MOTILALOFS29SEP26980CE,MOTILALOFS,29SEP2026,98000.000000,775,OPTSTK,NFO,5.000000,23251,False
94768,MOTILALOFS29SEP261020PE,MOTILALOFS,29SEP2026,102000.000000,775,OPTSTK,NFO,5.000000,23251,False
94771,MOTILALOFS29SEP261100CE,MOTILALOFS,29SEP2026,110000.000000,775,OPTSTK,NFO,5.000000,23251,False
94776,GRASIM27OCT263020PE,GRASIM,27OCT2026,302000.000000,250,OPTSTK,NFO,5.000000,7501,False
94808,GRASIM27OCT263220CE,GRASIM,27OCT2026,322000.000000,250,OPTSTK,NFO,5.000000,7501,False
94813,GRASIM27OCT263300PE,GRASIM,27OCT2026,330000.000000,250,OPTSTK,NFO,5.000000,7501,False
94827,GRASIM27OCT263580PE,GRASIM,27OCT2026,358000.000000,250,OPTSTK,NFO,5.000000,7501,False
94829,GRASIM27OCT263620PE,GRASIM,27OCT2026,362000.000000,250,OPTSTK,NFO,5.000000,7501,False
94831,MOTILALOFS27OCT26840CE,MOTILALOFS,27OCT2026,84000.000000,775,OPTSTK,NFO,5.000000,23251,False
94854,MOTILALOFS27OCT26920PE,MOTILALOFS,27OCT2026,92000.000000,775,OPTSTK,NFO,5.000000,23251,False
94867,MOTILALOFS27OCT261160CE,MOTILALOFS,27OCT2026,116000.000000,775,OPTSTK,NFO,5.000000,23251,False
94913,MPHASIS29SEP262350CE,MPHASIS,29SEP2026,235000.000000,275,OPTSTK,NFO,5.000000,11001,False
94914,MPHASIS29SEP262350PE,MPHASIS,29SEP2026,235000.000000,275,OPTSTK,NFO,5.000000,11001,False
94925,MPHASIS29SEP262750CE,MPHASIS,29SEP2026,275000.000000,275,OPTSTK,NFO,5.000000,11001,False
95008,MPHASIS27OCT262000CE,MPHASIS,27OCT2026,200000.000000,275,OPTSTK,NFO,5.000000,11001,False
95022,MPHASIS27OCT262400CE,MPHASIS,27OCT2026,240000.000000,275,OPTSTK,NFO,5.000000,11001,False
95031,MPHASIS27OCT262700CE,MPHASIS,27OCT2026,270000.000000,275,OPTSTK,NFO,5.000000,11001,False
95032,MPHASIS27OCT262700PE,MPHASIS,27OCT2026,270000.000000,275,OPTSTK,NFO,5.000000,11001,False
95035,MPHASIS27OCT262800CE,MPHASIS,27OCT2026,280000.000000,275,OPTSTK,NFO,5.000000,11001,False
95100,MUTHOOTFIN29SEP262950PE,MUTHOOTFIN,29SEP2026,295000.000000,275,OPTSTK,NFO,5.000000,8251,False
95133,GRASIM23NOV263120CE,GRASIM,23NOV2026,312000.000000,250,OPTSTK,NFO,5.000000,7501,False
95146,GRASIM23NOV263360PE,GRASIM,23NOV2026,336000.000000,250,OPTSTK,NFO,5.000000,7501,False
95170,GRASIM23NOV263840CE,GRASIM,23NOV2026,384000.000000,250,OPTSTK,NFO,5.000000,7501,False
95148,GRASIM23NOV263400PE,GRASIM,23NOV2026,340000.000000,250,OPTSTK,NFO,5.000000,7501,False
95151,GRASIM23NOV263480CE,GRASIM,23NOV2026,348000.000000,250,OPTSTK,NFO,5.000000,7501,False
95183,CANBK29SEP26115CE,CANBK,29SEP2026,11500.000000,6750,OPTSTK,NFO,1.000000,202501,False
95201,CANBK29SEP26145PE,CANBK,29SEP2026,14500.000000,6750,OPTSTK,NFO,1.000000,202501,False
95247,MUTHOOTFIN27OCT262600CE,MUTHOOTFIN,27OCT2026,260000.000000,275,OPTSTK,NFO,5.000000,8251,False
95266,MUTHOOTFIN27OCT262900PE,MUTHOOTFIN,27OCT2026,290000.000000,275,OPTSTK,NFO,5.000000,8251,False
95302,GVT&D27OCT264100CE,GVT&D,27OCT2026,410000.000000,125,OPTSTK,NFO,5.000000,5001,False
95306,GVT&D27OCT264500CE,GVT&D,27OCT2026,450000.000000,125,OPTSTK,NFO,5.000000,5001,False
95356,NAM-INDIA29SEP261180PE,NAM-INDIA,29SEP2026,118000.000000,625,OPTSTK,NFO,5.000000,18751,False
95371,NAM-INDIA29SEP261380CE,NAM-INDIA,29SEP2026,138000.000000,625,OPTSTK,NFO,5.000000,18751,False
95447,NAM-INDIA27OCT261040CE,NAM-INDIA,27OCT2026,104000.000000,625,OPTSTK,NFO,5.000000,18751,False
95450,NAM-INDIA27OCT261080PE,NAM-INDIA,27OCT2026,108000.000000,625,OPTSTK,NFO,5.000000,18751,False
95490,NAM-INDIA27OCT261240PE,NAM-INDIA,27OCT2026,124000.000000,625,OPTSTK,NFO,5.000000,18751,False
95551,GVT&D23NOV265000CE,GVT&D,23NOV2026,500000.000000,125,OPTSTK,NFO,5.000000,5001,False
95557,GVT&D23NOV265400CE,GVT&D,23NOV2026,540000.000000,125,OPTSTK,NFO,5.000000,5001,False
95630,HAL27OCT265050CE,HAL,27OCT2026,505000.000000,150,OPTSTK,NFO,5.000000,4501,False
95632,HAL27OCT265150CE,HAL,27OCT2026,515000.000000,150,OPTSTK,NFO,5.000000,4501,False
95635,HAL27OCT265250PE,HAL,27OCT2026,525000.000000,150,OPTSTK,NFO,5.000000,4501,False
95746,HAL23NOV264200PE,HAL,23NOV2026,420000.000000,150,OPTSTK,NFO,5.000000,4501,False
95761,HAL23NOV265000CE,HAL,23NOV2026,500000.000000,150,OPTSTK,NFO,5.000000,4501,False
95779,CGPOWER29SEP26960PE,CGPOWER,29SEP2026,96000.000000,850,OPTSTK,NFO,5.000000,25501,False
95795,NATIONALUM29SEP26330CE,NATIONALUM,29SEP2026,33000.000000,1875,OPTSTK,NFO,5.000000,56251,False
95797,NATIONALUM29SEP26350CE,NATIONALUM,29SEP2026,35000.000000,1875,OPTSTK,NFO,5.000000,56251,False
95937,HAVELLS27OCT261100PE,HAVELLS,27OCT2026,110000.000000,500,OPTSTK,NFO,5.000000,20001,False
95988,HAVELLS27OCT261260CE,HAVELLS,27OCT2026,126000.000000,500,OPTSTK,NFO,5.000000,20001,False
96005,NAUKRI29SEP261180CE,NAUKRI,29SEP2026,118000.000000,550,OPTSTK,NFO,5.000000,16501,False
96015,CHOLAFIN29SEP261960CE,CHOLAFIN,29SEP2026,196000.000000,625,OPTSTK,NFO,5.000000,12501,False
96025,HAVELLS27OCT261380CE,HAVELLS,27OCT2026,138000.000000,500,OPTSTK,NFO,5.000000,20001,False
96035,CHOLAFIN29SEP262120PE,CHOLAFIN,29SEP2026,212000.000000,625,OPTSTK,NFO,5.000000,12501,False
96037,NAUKRI29SEP261300CE,NAUKRI,29SEP2026,130000.000000,550,OPTSTK,NFO,5.000000,16501,False
96109,HAVELLS23NOV261040PE,HAVELLS,23NOV2026,104000.000000,500,OPTSTK,NFO,5.000000,20001,False
96111,HAVELLS23NOV261080PE,HAVELLS,23NOV2026,108000.000000,500,OPTSTK,NFO,5.000000,20001,False
96112,HAVELLS23NOV261120CE,HAVELLS,23NOV2026,112000.000000,500,OPTSTK,NFO,5.000000,20001,False
96158,NBCC29SEP2697.5PE,NBCC,29SEP2026,9750.000000,6500,OPTSTK,NFO,1.000000,260001,False
96302,HCLTECH27OCT261190CE,HCLTECH,27OCT2026,119000.000000,400,OPTSTK,NFO,5.000000,20001,False
96325,HCLTECH27OCT261290CE,HCLTECH,27OCT2026,129000.000000,400,OPTSTK,NFO,5.000000,20001,False
96498,NBCC27OCT26100CE,NBCC,27OCT2026,10000.000000,6500,OPTSTK,NFO,1.000000,260001,False
96567,CIPLA29SEP261260CE,CIPLA,29SEP2026,126000.000000,425,OPTSTK,NFO,5.000000,17001,False
96571,CIPLA29SEP261300CE,CIPLA,29SEP2026,130000.000000,425,OPTSTK,NFO,5.000000,17001,False
96575,CIPLA29SEP261340CE,CIPLA,29SEP2026,134000.000000,425,OPTSTK,NFO,5.000000,17001,False
96590,NESTLEIND29SEP261410PE,NESTLEIND,29SEP2026,141000.000000,500,OPTSTK,NFO,5.000000,15001,False
96591,NESTLEIND29SEP261430CE,NESTLEIND,29SEP2026,143000.000000,500,OPTSTK,NFO,5.000000,15001,False
96592,NESTLEIND29SEP261430PE,NESTLEIND,29SEP2026,143000.000000,500,OPTSTK,NFO,5.000000,15001,False
96593,NESTLEIND29SEP261450CE,NESTLEIND,29SEP2026,145000.000000,500,OPTSTK,NFO,5.000000,15001,False
96605,NESTLEIND29SEP261570CE,NESTLEIND,29SEP2026,157000.000000,500,OPTSTK,NFO,5.000000,15001,False
96649,CIPLA29SEP261400CE,CIPLA,29SEP2026,140000.000000,425,OPTSTK,NFO,5.000000,17001,False
96658,CIPLA29SEP261420PE,CIPLA,29SEP2026,142000.000000,425,OPTSTK,NFO,5.000000,17001,False
96662,CIPLA29SEP261440PE,CIPLA,29SEP2026,144000.000000,425,OPTSTK,NFO,5.000000,17001,False
96664,CIPLA29SEP261460PE,CIPLA,29SEP2026,146000.000000,425,OPTSTK,NFO,5.000000,17001,False
96669,CIPLA29SEP261520CE,CIPLA,29SEP2026,152000.000000,425,OPTSTK,NFO,5.000000,17001,False
96715,NESTLEIND27OCT261360CE,NESTLEIND,27OCT2026,136000.000000,500,OPTSTK,NFO,5.000000,15001,False
96731,NESTLEIND27OCT261520CE,NESTLEIND,27OCT2026,152000.000000,500,OPTSTK,NFO,5.000000,15001,False
96733,NESTLEIND27OCT261540CE,NESTLEIND,27OCT2026,154000.000000,500,OPTSTK,NFO,5.000000,15001,False
96740,HCLTECH23NOV261120CE,HCLTECH,23NOV2026,112000.000000,400,OPTSTK,NFO,5.000000,20001,False
96743,HCLTECH23NOV261140PE,HCLTECH,23NOV2026,114000.000000,400,OPTSTK,NFO,5.000000,20001,False
96744,HCLTECH23NOV261160CE,HCLTECH,23NOV2026,116000.000000,400,OPTSTK,NFO,5.000000,20001,False
96746,HCLTECH23NOV261180CE,HCLTECH,23NOV2026,118000.000000,400,OPTSTK,NFO,5.000000,20001,False
96762,HCLTECH23NOV261220PE,HCLTECH,23NOV2026,122000.000000,400,OPTSTK,NFO,5.000000,20001,False
96848,HCLTECH23NOV261320CE,HCLTECH,23NOV2026,132000.000000,400,OPTSTK,NFO,5.000000,20001,False
96849,NESTLEIND27OCT261680PE,NESTLEIND,27OCT2026,168000.000000,500,OPTSTK,NFO,5.000000,15001,False
96855,HCLTECH23NOV261360PE,HCLTECH,23NOV2026,136000.000000,400,OPTSTK,NFO,5.000000,20001,False
96857,NESTLEIND27OCT261700PE,NESTLEIND,27OCT2026,170000.000000,500,OPTSTK,NFO,5.000000,15001,False
96911,COALINDIA29SEP26360CE,COALINDIA,29SEP2026,36000.000000,1350,OPTSTK,NFO,5.000000,54001,False
96924,COALINDIA29SEP26420PE,COALINDIA,29SEP2026,42000.000000,1350,OPTSTK,NFO,5.000000,54001,False
96926,COALINDIA29SEP26430PE,COALINDIA,29SEP2026,43000.000000,1350,OPTSTK,NFO,5.000000,54001,False
96945,COALINDIA29SEP26480CE,COALINDIA,29SEP2026,48000.000000,1350,OPTSTK,NFO,5.000000,54001,False
96946,COALINDIA29SEP26480PE,COALINDIA,29SEP2026,48000.000000,1350,OPTSTK,NFO,5.000000,54001,False
97022,NHPC29SEP2685PE,NHPC,29SEP2026,8500.000000,6950,OPTSTK,NFO,1.000000,278001,False
97024,NHPC29SEP2687PE,NHPC,29SEP2026,8700.000000,6950,OPTSTK,NFO,1.000000,278001,False
97067,NHPC27OCT2670CE,NHPC,27OCT2026,7000.000000,6950,OPTSTK,NFO,1.000000,278001,False
97074,NHPC27OCT2676PE,NHPC,27OCT2026,7600.000000,6950,OPTSTK,NFO,1.000000,278001,False
97131,NHPC27OCT2682PE,NHPC,27OCT2026,8200.000000,6950,OPTSTK,NFO,1.000000,278001,False
97136,NHPC27OCT2684PE,NHPC,27OCT2026,8400.000000,6950,OPTSTK,NFO,1.000000,278001,False
97138,NHPC27OCT2686PE,NHPC,27OCT2026,8600.000000,6950,OPTSTK,NFO,1.000000,278001,False
97180,HDFCAMC23NOV262100PE,HDFCAMC,23NOV2026,210000.000000,300,OPTSTK,NFO,5.000000,9001,False
97181,HDFCAMC23NOV262200CE,HDFCAMC,23NOV2026,220000.000000,300,OPTSTK,NFO,5.000000,9001,False
97320,HDFCBANK27OCT26630PE,HDFCBANK,27OCT2026,63000.000000,650,OPTSTK,NFO,5.000000,32501,False
97182,HDFCAMC23NOV262200PE,HDFCAMC,23NOV2026,220000.000000,300,OPTSTK,NFO,5.000000,9001,False
97338,HDFCBANK27OCT26810PE,HDFCBANK,27OCT2026,81000.000000,650,OPTSTK,NFO,5.000000,32501,False
97365,COCHINSHIP29SEP261440CE,COCHINSHIP,29SEP2026,144000.000000,400,OPTSTK,NFO,5.000000,16001,False
97377,COCHINSHIP29SEP261680CE,COCHINSHIP,29SEP2026,168000.000000,400,OPTSTK,NFO,5.000000,16001,False
97381,COCHINSHIP29SEP261760CE,COCHINSHIP,29SEP2026,176000.000000,400,OPTSTK,NFO,5.000000,16001,False
97420,HDFCBANK23NOV26560PE,HDFCBANK,23NOV2026,56000.000000,650,OPTSTK,NFO,5.000000,32501,False
97426,HDFCBANK23NOV26620CE,HDFCBANK,23NOV2026,62000.000000,650,OPTSTK,NFO,5.000000,32501,False
97427,HDFCBANK23NOV26620PE,HDFCBANK,23NOV2026,62000.000000,650,OPTSTK,NFO,5.000000,32501,False
97432,HDFCBANK23NOV26680CE,HDFCBANK,23NOV2026,68000.000000,650,OPTSTK,NFO,5.000000,32501,False
97528,NMDC29SEP2691PE,NMDC,29SEP2026,9100.000000,6750,OPTSTK,NFO,1.000000,270001,False
97539,HDFCBANK23NOV26780PE,HDFCBANK,23NOV2026,78000.000000,650,OPTSTK,NFO,5.000000,32501,False
97588,NMDC29SEP2697CE,NMDC,29SEP2026,9700.000000,6750,OPTSTK,NFO,1.000000,270001,False
97649,HDFCLIFE27OCT26465PE,HDFCLIFE,27OCT2026,46500.000000,1100,OPTSTK,NFO,5.000000,44001,False
97677,NMDC27OCT2676PE,NMDC,27OCT2026,7600.000000,6750,OPTSTK,NFO,1.000000,270001,False
97689,NMDC27OCT2686CE,NMDC,27OCT2026,8600.000000,6750,OPTSTK,NFO,1.000000,270001,False
97713,HDFCLIFE27OCT26545CE,HDFCLIFE,27OCT2026,54500.000000,1100,OPTSTK,NFO,5.000000,44001,False
97725,HDFCLIFE27OCT26595PE,HDFCLIFE,27OCT2026,59500.000000,1100,OPTSTK,NFO,5.000000,44001,False
97801,NTPC29SEP26325CE,NTPC,29SEP2026,32500.000000,1500,OPTSTK,NFO,5.000000,75001,False
97803,NTPC29SEP26335CE,NTPC,29SEP2026,33500.000000,1500,OPTSTK,NFO,5.000000,75001,False
97810,COFORGE29SEP261520CE,COFORGE,29SEP2026,152000.000000,475,OPTSTK,NFO,5.000000,14251,False
97812,NTPC29SEP26365CE,NTPC,29SEP2026,36500.000000,1500,OPTSTK,NFO,5.000000,75001,False
97832,COFORGE29SEP261800PE,COFORGE,29SEP2026,180000.000000,475,OPTSTK,NFO,5.000000,14251,False
97847,COFORGE29SEP261920CE,COFORGE,29SEP2026,192000.000000,475,OPTSTK,NFO,5.000000,14251,False
97854,COFORGE29SEP262000PE,COFORGE,29SEP2026,200000.000000,475,OPTSTK,NFO,5.000000,14251,False
97856,COFORGE29SEP262080PE,COFORGE,29SEP2026,208000.000000,475,OPTSTK,NFO,5.000000,14251,False
97931,NTPC27OCT26300CE,NTPC,27OCT2026,30000.000000,1500,OPTSTK,NFO,5.000000,75001,False
97938,NTPC27OCT26300PE,NTPC,27OCT2026,30000.000000,1500,OPTSTK,NFO,5.000000,75001,False
97946,NTPC27OCT26330PE,NTPC,27OCT2026,33000.000000,1500,OPTSTK,NFO,5.000000,75001,False
98041,NYKAA29SEP26375CE,NYKAA,29SEP2026,37500.000000,3125,OPTSTK,NFO,5.000000,93751,False
98076,NYKAA27OCT26300PE,NYKAA,27OCT2026,30000.000000,3125,OPTSTK,NFO,5.000000,93751,False
98089,NYKAA27OCT26370CE,NYKAA,27OCT2026,37000.000000,3125,OPTSTK,NFO,5.000000,93751,False
98132,COLPAL29SEP261560CE,COLPAL,29SEP2026,156000.000000,275,OPTSTK,NFO,5.000000,11001,False
98133,COLPAL29SEP261560PE,COLPAL,29SEP2026,156000.000000,275,OPTSTK,NFO,5.000000,11001,False
98135,COLPAL29SEP261600PE,COLPAL,29SEP2026,160000.000000,275,OPTSTK,NFO,5.000000,11001,False
98137,COLPAL29SEP261640PE,COLPAL,29SEP2026,164000.000000,275,OPTSTK,NFO,5.000000,11001,False
98138,COLPAL29SEP261680CE,COLPAL,29SEP2026,168000.000000,275,OPTSTK,NFO,5.000000,11001,False
98142,COLPAL29SEP261760CE,COLPAL,29SEP2026,176000.000000,275,OPTSTK,NFO,5.000000,11001,False
98189,OBEROIRLTY29SEP261580PE,OBEROIRLTY,29SEP2026,158000.000000,350,OPTSTK,NFO,5.000000,14001,False
98192,OBEROIRLTY29SEP261660CE,OBEROIRLTY,29SEP2026,166000.000000,350,OPTSTK,NFO,5.000000,14001,False
98216,HDFCLIFE23NOV26450CE,HDFCLIFE,23NOV2026,45000.000000,1100,OPTSTK,NFO,5.000000,44001,False
98229,HDFCLIFE23NOV26510PE,HDFCLIFE,23NOV2026,51000.000000,1100,OPTSTK,NFO,5.000000,44001,False
98371,COLPAL29SEP262200PE,COLPAL,29SEP2026,220000.000000,275,OPTSTK,NFO,5.000000,11001,False
98449,OBEROIRLTY27OCT261880CE,OBEROIRLTY,27OCT2026,188000.000000,350,OPTSTK,NFO,5.000000,14001,False
98467,OBEROIRLTY27OCT261960CE,OBEROIRLTY,27OCT2026,196000.000000,350,OPTSTK,NFO,5.000000,14001,False
98484,HEROMOTOCO23NOV266400PE,HEROMOTOCO,23NOV2026,640000.000000,150,OPTSTK,NFO,5.000000,4501,False
98549,HINDALCO27OCT26980CE,HINDALCO,27OCT2026,98000.000000,700,OPTSTK,NFO,5.000000,21001,False
98550,HINDALCO27OCT26980PE,HINDALCO,27OCT2026,98000.000000,700,OPTSTK,NFO,5.000000,21001,False
98564,HINDALCO27OCT261060PE,HINDALCO,27OCT2026,106000.000000,700,OPTSTK,NFO,5.000000,21001,False
98589,HINDALCO27OCT261140CE,HINDALCO,27OCT2026,114000.000000,700,OPTSTK,NFO,5.000000,21001,False
98629,OFSS29SEP2611100PE,OFSS,29SEP2026,1110000.000000,100,OPTSTK,NFO,5.000000,2001,False
98643,OFSS29SEP2612300PE,OFSS,29SEP2026,1230000.000000,100,OPTSTK,NFO,5.000000,2001,False
98702,CONCOR29SEP26420CE,CONCOR,29SEP2026,42000.000000,1250,OPTSTK,NFO,5.000000,50001,False
98729,CONCOR29SEP26440PE,CONCOR,29SEP2026,44000.000000,1250,OPTSTK,NFO,5.000000,50001,False
98734,CONCOR29SEP26470CE,CONCOR,29SEP2026,47000.000000,1250,OPTSTK,NFO,5.000000,50001,False
98736,HINDALCO23NOV26800PE,HINDALCO,23NOV2026,80000.000000,700,OPTSTK,NFO,5.000000,21001,False
98742,CONCOR29SEP26480CE,CONCOR,29SEP2026,48000.000000,1250,OPTSTK,NFO,5.000000,50001,False
98744,CONCOR29SEP26490CE,CONCOR,29SEP2026,49000.000000,1250,OPTSTK,NFO,5.000000,50001,False
98803,HINDALCO23NOV261200PE,HINDALCO,23NOV2026,120000.000000,700,OPTSTK,NFO,5.000000,21001,False
98885,CROMPTON29SEP26220PE,CROMPTON,29SEP2026,22000.000000,2150,OPTSTK,NFO,1.000000,86001,False
98920,CROMPTON29SEP26250PE,CROMPTON,29SEP2026,25000.000000,2150,OPTSTK,NFO,1.000000,86001,False
98930,CROMPTON29SEP26280PE,CROMPTON,29SEP2026,28000.000000,2150,OPTSTK,NFO,1.000000,86001,False
98937,OFSS27OCT2612000CE,OFSS,27OCT2026,1200000.000000,100,OPTSTK,NFO,5.000000,2001,False
98974,OFSS27OCT2612600PE,OFSS,27OCT2026,1260000.000000,100,OPTSTK,NFO,5.000000,2001,False
98986,OFSS27OCT2613000PE,OFSS,27OCT2026,1300000.000000,100,OPTSTK,NFO,5.000000,2001,False
98997,HINDPETRO23NOV26340CE,HINDPETRO,23NOV2026,34000.000000,2025,OPTSTK,NFO,5.000000,60751,False
99002,OFSS27OCT2613600CE,OFSS,27OCT2026,1360000.000000,100,OPTSTK,NFO,5.000000,2001,False
99028,HINDPETRO23NOV26420PE,HINDPETRO,23NOV2026,42000.000000,2025,OPTSTK,NFO,5.000000,60751,False
99060,CUMMINSIND29SEP265000PE,CUMMINSIND,29SEP2026,500000.000000,200,OPTSTK,NFO,5.000000,4001,False
99061,CUMMINSIND29SEP265200CE,CUMMINSIND,29SEP2026,520000.000000,200,OPTSTK,NFO,5.000000,4001,False
99091,CUMMINSIND29SEP265600PE,CUMMINSIND,29SEP2026,560000.000000,200,OPTSTK,NFO,5.000000,4001,False
99096,CUMMINSIND29SEP266200CE,CUMMINSIND,29SEP2026,620000.000000,200,OPTSTK,NFO,5.000000,4001,False
99114,OIL29SEP26435CE,OIL,29SEP2026,43500.000000,1400,OPTSTK,NFO,5.000000,56001,False
99119,OIL29SEP26455CE,OIL,29SEP2026,45500.000000,1400,OPTSTK,NFO,5.000000,56001,False
99121,OIL29SEP26465CE,OIL,29SEP2026,46500.000000,1400,OPTSTK,NFO,5.000000,56001,False
99156,OIL29SEP26535PE,OIL,29SEP2026,53500.000000,1400,OPTSTK,NFO,5.000000,56001,False
99174,HINDUNILVR27OCT261780CE,HINDUNILVR,27OCT2026,178000.000000,300,OPTSTK,NFO,5.000000,12001,False
99220,HINDUNILVR27OCT261940PE,HINDUNILVR,27OCT2026,194000.000000,300,OPTSTK,NFO,5.000000,12001,False
99307,DABUR29SEP26410PE,DABUR,29SEP2026,41000.000000,1250,OPTSTK,NFO,5.000000,50001,False
99312,DABUR29SEP26440CE,DABUR,29SEP2026,44000.000000,1250,OPTSTK,NFO,5.000000,50001,False
99314,DABUR29SEP26450CE,DABUR,29SEP2026,45000.000000,1250,OPTSTK,NFO,5.000000,50001,False
99321,DABUR29SEP26480PE,DABUR,29SEP2026,48000.000000,1250,OPTSTK,NFO,5.000000,50001,False
99328,DABUR29SEP26520CE,DABUR,29SEP2026,52000.000000,1250,OPTSTK,NFO,5.000000,50001,False
99376,HINDUNILVR27OCT262100CE,HINDUNILVR,27OCT2026,210000.000000,300,OPTSTK,NFO,5.000000,12001,False
99396,ONGC29SEP26212.5PE,ONGC,29SEP2026,21250.000000,2250,OPTSTK,NFO,1.000000,90001,False
99404,ONGC29SEP26217.5PE,ONGC,29SEP2026,21750.000000,2250,OPTSTK,NFO,1.000000,90001,False
99406,ONGC29SEP26222.5PE,ONGC,29SEP2026,22250.000000,2250,OPTSTK,NFO,1.000000,90001,False
99416,ONGC29SEP26247.5PE,ONGC,29SEP2026,24750.000000,2250,OPTSTK,NFO,1.000000,90001,False
99450,ONGC29SEP26262.5PE,ONGC,29SEP2026,26250.000000,2250,OPTSTK,NFO,1.000000,90001,False
99539,HINDUNILVR23NOV261760PE,HINDUNILVR,23NOV2026,176000.000000,300,OPTSTK,NFO,5.000000,12001,False
99574,HINDUNILVR23NOV262000PE,HINDUNILVR,23NOV2026,200000.000000,300,OPTSTK,NFO,5.000000,12001,False
99580,HINDUNILVR23NOV262120PE,HINDUNILVR,23NOV2026,212000.000000,300,OPTSTK,NFO,5.000000,12001,False
99581,HINDUNILVR23NOV262160CE,HINDUNILVR,23NOV2026,216000.000000,300,OPTSTK,NFO,5.000000,12001,False
99588,HINDUNILVR23NOV262200PE,HINDUNILVR,23NOV2026,220000.000000,300,OPTSTK,NFO,5.000000,12001,False
99589,ONGC27OCT26215PE,ONGC,27OCT2026,21500.000000,2250,OPTSTK,NFO,1.000000,90001,False
99594,ONGC27OCT26230CE,ONGC,27OCT2026,23000.000000,2250,OPTSTK,NFO,1.000000,90001,False
99609,ONGC27OCT26250CE,ONGC,27OCT2026,25000.000000,2250,OPTSTK,NFO,1.000000,90001,False
99614,ONGC27OCT26260PE,ONGC,27OCT2026,26000.000000,2250,OPTSTK,NFO,1.000000,90001,False
99745,DELHIVERY29SEP26370CE,DELHIVERY,29SEP2026,37000.000000,2075,OPTSTK,NFO,5.000000,62251,False
99767,DELHIVERY29SEP26410CE,DELHIVERY,29SEP2026,41000.000000,2075,OPTSTK,NFO,5.000000,62251,False
99819,PAGEIND29SEP2640500CE,PAGEIND,29SEP2026,4050000.000000,20,OPTSTK,NFO,5.000000,601,False
99831,DELHIVERY29SEP26500PE,DELHIVERY,29SEP2026,50000.000000,2075,OPTSTK,NFO,5.000000,62251,False
99836,PAGEIND29SEP2642500CE,PAGEIND,29SEP2026,4250000.000000,20,OPTSTK,NFO,5.000000,601,False
99897,DELHIVERY29SEP26550CE,DELHIVERY,29SEP2026,55000.000000,2075,OPTSTK,NFO,5.000000,62251,False
99934,PAGEIND27OCT2629000PE,PAGEIND,27OCT2026,2900000.000000,20,OPTSTK,NFO,5.000000,601,False
99946,PAGEIND27OCT2635000PE,PAGEIND,27OCT2026,3500000.000000,20,OPTSTK,NFO,5.000000,601,False
89714,LICI29SEP26355CE,LICI,29SEP2026,35500.000000,1400,OPTSTK,NFO,5.000000,56001,False
89738,EICHERMOT27OCT266700CE,EICHERMOT,27OCT2026,670000.000000,100,OPTSTK,NFO,5.000000,3001,False
89747,EICHERMOT27OCT267500PE,EICHERMOT,27OCT2026,750000.000000,100,OPTSTK,NFO,5.000000,3001,False
99947,PAGEIND27OCT2636000CE,PAGEIND,27OCT2026,3600000.000000,20,OPTSTK,NFO,5.000000,601,False
89772,EICHERMOT27OCT268700PE,EICHERMOT,27OCT2026,870000.000000,100,OPTSTK,NFO,5.000000,3001,False
89773,BANKINDIA29SEP26145CE,BANKINDIA,29SEP2026,14500.000000,5200,OPTSTK,NFO,1.000000,156001,False
89787,LICI29SEP26395PE,LICI,29SEP2026,39500.000000,1400,OPTSTK,NFO,5.000000,56001,False
89792,LICI29SEP26425CE,LICI,29SEP2026,42500.000000,1400,OPTSTK,NFO,5.000000,56001,False
89923,LICI27OCT26410CE,LICI,27OCT2026,41000.000000,1400,OPTSTK,NFO,5.000000,56001,False
89924,LICI27OCT26410PE,LICI,27OCT2026,41000.000000,1400,OPTSTK,NFO,5.000000,56001,False
89936,LICI27OCT26470CE,LICI,27OCT2026,47000.000000,1400,OPTSTK,NFO,5.000000,56001,False
89985,LODHA29SEP261140CE,LODHA,29SEP2026,114000.000000,625,OPTSTK,NFO,5.000000,18751,False
90020,LODHA29SEP261180CE,LODHA,29SEP2026,118000.000000,625,OPTSTK,NFO,5.000000,18751,False
90084,EICHERMOT23NOV267400PE,EICHERMOT,23NOV2026,740000.000000,100,OPTSTK,NFO,5.000000,3001,False
90100,BDL29SEP261080CE,BDL,29SEP2026,108000.000000,425,OPTSTK,NFO,5.000000,17001,False
90107,BDL29SEP261200PE,BDL,29SEP2026,120000.000000,425,OPTSTK,NFO,5.000000,17001,False
90109,BDL29SEP261240PE,BDL,29SEP2026,124000.000000,425,OPTSTK,NFO,5.000000,17001,False
90125,BDL29SEP261480PE,BDL,29SEP2026,148000.000000,425,OPTSTK,NFO,5.000000,17001,False
90127,BDL29SEP261520PE,BDL,29SEP2026,152000.000000,425,OPTSTK,NFO,5.000000,17001,False
90129,BDL29SEP261560PE,BDL,29SEP2026,156000.000000,425,OPTSTK,NFO,5.000000,17001,False
90135,EICHERMOT23NOV268600PE,EICHERMOT,23NOV2026,860000.000000,100,OPTSTK,NFO,5.000000,3001,False
90140,LODHA29SEP261300CE,LODHA,29SEP2026,130000.000000,625,OPTSTK,NFO,5.000000,18751,False
90158,LODHA29SEP261380CE,LODHA,29SEP2026,138000.000000,625,OPTSTK,NFO,5.000000,18751,False
90232,ETERNAL27OCT26325CE,ETERNAL,27OCT2026,32500.000000,2425,OPTSTK,NFO,5.000000,72751,False
90258,LODHA27OCT261280CE,LODHA,27OCT2026,128000.000000,625,OPTSTK,NFO,5.000000,18751,False
90320,LT29SEP263650CE,LT,29SEP2026,365000.000000,175,OPTSTK,NFO,5.000000,7001,False
90322,LT29SEP263750CE,LT,29SEP2026,375000.000000,175,OPTSTK,NFO,5.000000,7001,False
90325,LT29SEP263850PE,LT,29SEP2026,385000.000000,175,OPTSTK,NFO,5.000000,7001,False
90399,LT27OCT263300PE,LT,27OCT2026,330000.000000,175,OPTSTK,NFO,5.000000,7001,False
90405,LT27OCT263600PE,LT,27OCT2026,360000.000000,175,OPTSTK,NFO,5.000000,7001,False
90428,LT27OCT264600CE,LT,27OCT2026,460000.000000,175,OPTSTK,NFO,5.000000,7001,False
90462,LTF29SEP26285PE,LTF,29SEP2026,28500.000000,2250,OPTSTK,NFO,5.000000,67501,False
90475,ETERNAL23NOV26330PE,ETERNAL,23NOV2026,33000.000000,2425,OPTSTK,NFO,5.000000,72751,False
90516,BEL29SEP26360CE,BEL,29SEP2026,36000.000000,1425,OPTSTK,NFO,5.000000,57001,False
90542,ETERNAL23NOV26350PE,ETERNAL,23NOV2026,35000.000000,2425,OPTSTK,NFO,5.000000,72751,False
90550,BEL29SEP26460PE,BEL,29SEP2026,46000.000000,1425,OPTSTK,NFO,5.000000,57001,False
90614,FEDERALBNK27OCT26325CE,FEDERALBNK,27OCT2026,32500.000000,2500,OPTSTK,NFO,5.000000,75001,False
90623,FEDERALBNK27OCT26365PE,FEDERALBNK,27OCT2026,36500.000000,2500,OPTSTK,NFO,5.000000,75001,False
90717,LTF27OCT26290CE,LTF,27OCT2026,29000.000000,2250,OPTSTK,NFO,5.000000,67501,False
90771,FEDERALBNK23NOV26340PE,FEDERALBNK,23NOV2026,34000.000000,2500,OPTSTK,NFO,5.000000,75001,False
90775,FEDERALBNK23NOV26360PE,FEDERALBNK,23NOV2026,36000.000000,2500,OPTSTK,NFO,5.000000,75001,False
90778,LTF27OCT26360PE,LTF,27OCT2026,36000.000000,2250,OPTSTK,NFO,5.000000,67501,False
90834,LTM29SEP265050PE,LTM,29SEP2026,505000.000000,150,OPTSTK,NFO,5.000000,6001,False
90838,LTM29SEP265250PE,LTM,29SEP2026,525000.000000,150,OPTSTK,NFO,5.000000,6001,False
90922,LTM27OCT263900PE,LTM,27OCT2026,390000.000000,150,OPTSTK,NFO,5.000000,6001,False
90923,LTM27OCT264000CE,LTM,27OCT2026,400000.000000,150,OPTSTK,NFO,5.000000,6001,False
90926,LTM27OCT264100PE,LTM,27OCT2026,410000.000000,150,OPTSTK,NFO,5.000000,6001,False
90927,LTM27OCT264200CE,LTM,27OCT2026,420000.000000,150,OPTSTK,NFO,5.000000,6001,False
90963,LTM27OCT264300PE,LTM,27OCT2026,430000.000000,150,OPTSTK,NFO,5.000000,6001,False
90973,LTM27OCT264600CE,LTM,27OCT2026,460000.000000,150,OPTSTK,NFO,5.000000,6001,False
91023,BHARATFORG29SEP262320CE,BHARATFORG,29SEP2026,232000.000000,500,OPTSTK,NFO,5.000000,10001,False
91025,BHARATFORG29SEP262360CE,BHARATFORG,29SEP2026,236000.000000,500,OPTSTK,NFO,5.000000,10001,False
91026,BHARATFORG29SEP262360PE,BHARATFORG,29SEP2026,236000.000000,500,OPTSTK,NFO,5.000000,10001,False
91027,BHARATFORG29SEP262400CE,BHARATFORG,29SEP2026,240000.000000,500,OPTSTK,NFO,5.000000,10001,False
91072,LTM27OCT265200PE,LTM,27OCT2026,520000.000000,150,OPTSTK,NFO,5.000000,6001,False
91090,FORCEMOT27OCT2619500CE,FORCEMOT,27OCT2026,1950000.000000,25,OPTSTK,NFO,5.000000,1251,False
91173,FORTIS27OCT26790PE,FORTIS,27OCT2026,79000.000000,775,OPTSTK,NFO,5.000000,23251,False
91179,LUPIN29SEP261860PE,LUPIN,29SEP2026,186000.000000,425,OPTSTK,NFO,5.000000,12751,False
91184,FORTIS27OCT26830PE,FORTIS,27OCT2026,83000.000000,775,OPTSTK,NFO,5.000000,23251,False
91279,LUPIN29SEP262340CE,LUPIN,29SEP2026,234000.000000,425,OPTSTK,NFO,5.000000,12751,False
91369,LUPIN27OCT261760PE,LUPIN,27OCT2026,176000.000000,425,OPTSTK,NFO,5.000000,12751,False
91411,LUPIN27OCT261960CE,LUPIN,27OCT2026,196000.000000,425,OPTSTK,NFO,5.000000,12751,False
91426,BHARTIARTL29SEP261520PE,BHARTIARTL,29SEP2026,152000.000000,475,OPTSTK,NFO,5.000000,14251,False
91441,BHARTIARTL29SEP261760PE,BHARTIARTL,29SEP2026,176000.000000,475,OPTSTK,NFO,5.000000,14251,False
91447,BHARTIARTL29SEP261880PE,BHARTIARTL,29SEP2026,188000.000000,475,OPTSTK,NFO,5.000000,14251,False
91456,LUPIN27OCT262160CE,LUPIN,27OCT2026,216000.000000,425,OPTSTK,NFO,5.000000,12751,False
91559,M&M29SEP262850PE,M&M,29SEP2026,285000.000000,200,OPTSTK,NFO,5.000000,8001,False
91564,M&M29SEP263150CE,M&M,29SEP2026,315000.000000,200,OPTSTK,NFO,5.000000,8001,False
91577,M&M29SEP263750PE,M&M,29SEP2026,375000.000000,200,OPTSTK,NFO,5.000000,8001,False
91593,FORTIS23NOV26720CE,FORTIS,23NOV2026,72000.000000,775,OPTSTK,NFO,5.000000,23251,False
91605,FORTIS23NOV26840CE,FORTIS,23NOV2026,84000.000000,775,OPTSTK,NFO,5.000000,23251,False
91609,FORTIS23NOV26880CE,FORTIS,23NOV2026,88000.000000,775,OPTSTK,NFO,5.000000,23251,False
91618,FORTIS23NOV26940PE,FORTIS,23NOV2026,94000.000000,775,OPTSTK,NFO,5.000000,23251,False
91622,FORTIS23NOV26980PE,FORTIS,23NOV2026,98000.000000,775,OPTSTK,NFO,5.000000,23251,False
91694,GAIL27OCT26152.5PE,GAIL,27OCT2026,15250.000000,3550,OPTSTK,NFO,1.000000,142001,False
91703,GAIL27OCT26172.5PE,GAIL,27OCT2026,17250.000000,3550,OPTSTK,NFO,1.000000,142001,False
91725,M&M27OCT263400PE,M&M,27OCT2026,340000.000000,200,OPTSTK,NFO,5.000000,8001,False
91727,M&M27OCT263500PE,M&M,27OCT2026,350000.000000,200,OPTSTK,NFO,5.000000,8001,False
91731,M&M27OCT263700PE,M&M,27OCT2026,370000.000000,200,OPTSTK,NFO,5.000000,8001,False
91766,MANAPPURAM29SEP26365CE,MANAPPURAM,29SEP2026,36500.000000,3000,OPTSTK,NFO,5.000000,60001,False
91772,MANAPPURAM29SEP26365PE,MANAPPURAM,29SEP2026,36500.000000,3000,OPTSTK,NFO,5.000000,60001,False
91823,MANAPPURAM27OCT26280PE,MANAPPURAM,27OCT2026,28000.000000,3000,OPTSTK,NFO,5.000000,60001,False
91824,MANAPPURAM27OCT26290CE,MANAPPURAM,27OCT2026,29000.000000,3000,OPTSTK,NFO,5.000000,60001,False
91825,MANAPPURAM27OCT26290PE,MANAPPURAM,27OCT2026,29000.000000,3000,OPTSTK,NFO,5.000000,60001,False
91830,MANAPPURAM27OCT26320CE,MANAPPURAM,27OCT2026,32000.000000,3000,OPTSTK,NFO,5.000000,60001,False
91846,BHARTIARTL29SEP262120PE,BHARTIARTL,29SEP2026,212000.000000,475,OPTSTK,NFO,5.000000,14251,False
91868,MANAPPURAM27OCT26390CE,MANAPPURAM,27OCT2026,39000.000000,3000,OPTSTK,NFO,5.000000,60001,False
91869,MANAPPURAM27OCT26390PE,MANAPPURAM,27OCT2026,39000.000000,3000,OPTSTK,NFO,5.000000,60001,False
91917,GAIL23NOV26190PE,GAIL,23NOV2026,19000.000000,3550,OPTSTK,NFO,1.000000,142001,False
91919,GAIL23NOV26195PE,GAIL,23NOV2026,19500.000000,3550,OPTSTK,NFO,1.000000,142001,False
91976,BHEL29SEP26350PE,BHEL,29SEP2026,35000.000000,2625,OPTSTK,NFO,5.000000,52501,False
91978,BHEL29SEP26360PE,BHEL,29SEP2026,36000.000000,2625,OPTSTK,NFO,5.000000,52501,False
91986,BHEL29SEP26400PE,BHEL,29SEP2026,40000.000000,2625,OPTSTK,NFO,5.000000,52501,False
91987,BHEL29SEP26410CE,BHEL,29SEP2026,41000.000000,2625,OPTSTK,NFO,5.000000,52501,False
91991,BHEL29SEP26430CE,BHEL,29SEP2026,43000.000000,2625,OPTSTK,NFO,5.000000,52501,False
91996,BHEL29SEP26450PE,BHEL,29SEP2026,45000.000000,2625,OPTSTK,NFO,5.000000,52501,False
92026,MANKIND29SEP262340CE,MANKIND,29SEP2026,234000.000000,250,OPTSTK,NFO,5.000000,10001,False
92072,MANKIND29SEP262540CE,MANKIND,29SEP2026,254000.000000,250,OPTSTK,NFO,5.000000,10001,False
92073,MANKIND29SEP262540PE,MANKIND,29SEP2026,254000.000000,250,OPTSTK,NFO,5.000000,10001,False
92228,GLENMARK27OCT262420CE,GLENMARK,27OCT2026,242000.000000,375,OPTSTK,NFO,5.000000,11251,False
92233,GLENMARK27OCT262500PE,GLENMARK,27OCT2026,250000.000000,375,OPTSTK,NFO,5.000000,11251,False
92245,GLENMARK27OCT262700CE,GLENMARK,27OCT2026,270000.000000,375,OPTSTK,NFO,5.000000,11251,False
92322,MANKIND27OCT261920CE,MANKIND,27OCT2026,192000.000000,250,OPTSTK,NFO,5.000000,10001,False
92327,MANKIND27OCT262000PE,MANKIND,27OCT2026,200000.000000,250,OPTSTK,NFO,5.000000,10001,False
92328,MANKIND27OCT262040CE,MANKIND,27OCT2026,204000.000000,250,OPTSTK,NFO,5.000000,10001,False
92330,MANKIND27OCT262080CE,MANKIND,27OCT2026,208000.000000,250,OPTSTK,NFO,5.000000,10001,False
92342,MANKIND27OCT262120PE,MANKIND,27OCT2026,212000.000000,250,OPTSTK,NFO,5.000000,10001,False
92351,BIOCON29SEP26330CE,BIOCON,29SEP2026,33000.000000,2500,OPTSTK,NFO,5.000000,50001,False
92357,BIOCON29SEP26360CE,BIOCON,29SEP2026,36000.000000,2500,OPTSTK,NFO,5.000000,50001,False
92381,BIOCON29SEP26480CE,BIOCON,29SEP2026,48000.000000,2500,OPTSTK,NFO,5.000000,50001,False
92358,BIOCON29SEP26360PE,BIOCON,29SEP2026,36000.000000,2500,OPTSTK,NFO,5.000000,50001,False
92361,BIOCON29SEP26380CE,BIOCON,29SEP2026,38000.000000,2500,OPTSTK,NFO,5.000000,50001,False
92425,GLENMARK23NOV262080PE,GLENMARK,23NOV2026,208000.000000,375,OPTSTK,NFO,5.000000,11251,False
92433,GLENMARK23NOV262240PE,GLENMARK,23NOV2026,224000.000000,375,OPTSTK,NFO,5.000000,11251,False
92442,GLENMARK23NOV262440CE,GLENMARK,23NOV2026,244000.000000,375,OPTSTK,NFO,5.000000,11251,False
92446,GLENMARK23NOV262480PE,GLENMARK,23NOV2026,248000.000000,375,OPTSTK,NFO,5.000000,11251,False
92455,GLENMARK23NOV262600CE,GLENMARK,23NOV2026,260000.000000,375,OPTSTK,NFO,5.000000,11251,False
92642,MARICO29SEP26770PE,MARICO,29SEP2026,77000.000000,1200,OPTSTK,NFO,5.000000,36001,False
92645,MARICO29SEP26810CE,MARICO,29SEP2026,81000.000000,1200,OPTSTK,NFO,5.000000,36001,False
92717,BLUESTARCO29SEP261200CE,BLUESTARCO,29SEP2026,120000.000000,325,OPTSTK,NFO,5.000000,13001,False
92726,BLUESTARCO29SEP261360PE,BLUESTARCO,29SEP2026,136000.000000,325,OPTSTK,NFO,5.000000,13001,False
92730,BLUESTARCO29SEP261440PE,BLUESTARCO,29SEP2026,144000.000000,325,OPTSTK,NFO,5.000000,13001,False
92742,BLUESTARCO29SEP261680PE,BLUESTARCO,29SEP2026,168000.000000,325,OPTSTK,NFO,5.000000,13001,False
92756,BLUESTARCO29SEP261720PE,BLUESTARCO,29SEP2026,172000.000000,325,OPTSTK,NFO,5.000000,13001,False
92765,MARICO27OCT26700CE,MARICO,27OCT2026,70000.000000,1200,OPTSTK,NFO,5.000000,36001,False
92768,MARICO27OCT26700PE,MARICO,27OCT2026,70000.000000,1200,OPTSTK,NFO,5.000000,36001,False
92776,MARICO27OCT26780CE,MARICO,27OCT2026,78000.000000,1200,OPTSTK,NFO,5.000000,36001,False
92836,GMRAIRPORT27OCT2685PE,GMRAIRPORT,27OCT2026,8500.000000,6975,OPTSTK,NFO,1.000000,209251,False
92847,GMRAIRPORT27OCT2697CE,GMRAIRPORT,27OCT2026,9700.000000,6975,OPTSTK,NFO,1.000000,209251,False
92885,MARICO27OCT26860CE,MARICO,27OCT2026,86000.000000,1200,OPTSTK,NFO,5.000000,36001,False
92901,MARICO27OCT26900CE,MARICO,27OCT2026,90000.000000,1200,OPTSTK,NFO,5.000000,36001,False
93010,MARUTI29SEP2612300PE,MARUTI,29SEP2026,1230000.000000,50,OPTSTK,NFO,5.000000,2001,False
93013,MARUTI29SEP2612500PE,MARUTI,29SEP2026,1250000.000000,50,OPTSTK,NFO,5.000000,2001,False
93016,MARUTI29SEP2612900CE,MARUTI,29SEP2026,1290000.000000,50,OPTSTK,NFO,5.000000,2001,False
93019,MARUTI29SEP2613100PE,MARUTI,29SEP2026,1310000.000000,50,OPTSTK,NFO,5.000000,2001,False
93035,MARUTI29SEP2614500PE,MARUTI,29SEP2026,1450000.000000,50,OPTSTK,NFO,5.000000,2001,False
93117,MARUTI27OCT2611000PE,MARUTI,27OCT2026,1100000.000000,50,OPTSTK,NFO,5.000000,2001,False
93057,BOSCHLTD29SEP2639000CE,BOSCHLTD,29SEP2026,3900000.000000,25,OPTSTK,NFO,5.000000,501,False
93094,GMRAIRPORT23NOV2690PE,GMRAIRPORT,23NOV2026,9000.000000,6975,OPTSTK,NFO,1.000000,209251,False
93109,MARUTI27OCT2610400PE,MARUTI,27OCT2026,1040000.000000,50,OPTSTK,NFO,5.000000,2001,False
93118,MARUTI27OCT2611200CE,MARUTI,27OCT2026,1120000.000000,50,OPTSTK,NFO,5.000000,2001,False
93120,MARUTI27OCT2611400CE,MARUTI,27OCT2026,1140000.000000,50,OPTSTK,NFO,5.000000,2001,False
93139,MARUTI27OCT2613000PE,MARUTI,27OCT2026,1300000.000000,50,OPTSTK,NFO,5.000000,2001,False
93140,MARUTI27OCT2613200CE,MARUTI,27OCT2026,1320000.000000,50,OPTSTK,NFO,5.000000,2001,False
93141,MARUTI27OCT2613200PE,MARUTI,27OCT2026,1320000.000000,50,OPTSTK,NFO,5.000000,2001,False
93153,MARUTI27OCT2614200PE,MARUTI,27OCT2026,1420000.000000,50,OPTSTK,NFO,5.000000,2001,False
93169,MARUTI27OCT2615600PE,MARUTI,27OCT2026,1560000.000000,50,OPTSTK,NFO,5.000000,2001,False
93238,GMRAIRPORT23NOV2696PE,GMRAIRPORT,23NOV2026,9600.000000,6975,OPTSTK,NFO,1.000000,209251,False
93258,GMRAIRPORT23NOV26112PE,GMRAIRPORT,23NOV2026,11200.000000,6975,OPTSTK,NFO,1.000000,209251,False
93308,BOSCHLTD29SEP2645000PE,BOSCHLTD,29SEP2026,4500000.000000,25,OPTSTK,NFO,5.000000,501,False
93312,MAXHEALTH29SEP26970PE,MAXHEALTH,29SEP2026,97000.000000,525,OPTSTK,NFO,5.000000,21001,False
93359,BOSCHLTD29SEP2652000PE,BOSCHLTD,29SEP2026,5200000.000000,25,OPTSTK,NFO,5.000000,501,False
93365,GODFRYPHLP23NOV261900CE,GODFRYPHLP,23NOV2026,190000.000000,275,OPTSTK,NFO,5.000000,11001,False
93374,GODFRYPHLP23NOV262000PE,GODFRYPHLP,23NOV2026,200000.000000,275,OPTSTK,NFO,5.000000,11001,False
93395,MAXHEALTH29SEP261150CE,MAXHEALTH,29SEP2026,115000.000000,525,OPTSTK,NFO,5.000000,21001,False
93414,GODFRYPHLP23NOV262500PE,GODFRYPHLP,23NOV2026,250000.000000,275,OPTSTK,NFO,5.000000,11001,False
93519,MAXHEALTH27OCT26920PE,MAXHEALTH,27OCT2026,92000.000000,525,OPTSTK,NFO,5.000000,21001,False
93522,MAXHEALTH27OCT26960CE,MAXHEALTH,27OCT2026,96000.000000,525,OPTSTK,NFO,5.000000,21001,False
93531,MAXHEALTH27OCT261000PE,MAXHEALTH,27OCT2026,100000.000000,525,OPTSTK,NFO,5.000000,21001,False
93569,BPCL29SEP26270CE,BPCL,29SEP2026,27000.000000,1975,OPTSTK,NFO,5.000000,79001,False
93577,BPCL29SEP26300CE,BPCL,29SEP2026,30000.000000,1975,OPTSTK,NFO,5.000000,79001,False
93591,BPCL29SEP26370CE,BPCL,29SEP2026,37000.000000,1975,OPTSTK,NFO,5.000000,79001,False
93677,GODREJCP27OCT26770PE,GODREJCP,27OCT2026,77000.000000,500,OPTSTK,NFO,5.000000,25001,False
93683,GODREJCP27OCT26790PE,GODREJCP,27OCT2026,79000.000000,500,OPTSTK,NFO,5.000000,25001,False
93770,GODREJCP27OCT26850PE,GODREJCP,27OCT2026,85000.000000,500,OPTSTK,NFO,5.000000,25001,False
93847,MAZDOCK27OCT262200PE,MAZDOCK,27OCT2026,220000.000000,225,OPTSTK,NFO,5.000000,9001,False
93851,MAZDOCK27OCT262400PE,MAZDOCK,27OCT2026,240000.000000,225,OPTSTK,NFO,5.000000,9001,False
93859,MAZDOCK27OCT262800PE,MAZDOCK,27OCT2026,280000.000000,225,OPTSTK,NFO,5.000000,9001,False
93892,MCX29SEP262650PE,MCX,29SEP2026,265000.000000,225,OPTSTK,NFO,5.000000,6751,False
93900,MCX29SEP263050PE,MCX,29SEP2026,305000.000000,225,OPTSTK,NFO,5.000000,6751,False
93903,MCX29SEP263250CE,MCX,29SEP2026,325000.000000,225,OPTSTK,NFO,5.000000,6751,False
93904,BRITANNIA29SEP264700CE,BRITANNIA,29SEP2026,470000.000000,125,OPTSTK,NFO,5.000000,5001,False
94027,GODREJCP23NOV26900CE,GODREJCP,23NOV2026,90000.000000,500,OPTSTK,NFO,5.000000,25001,False
93923,MCX29SEP263550CE,MCX,29SEP2026,355000.000000,225,OPTSTK,NFO,5.000000,6751,False
94012,BRITANNIA29SEP265700CE,BRITANNIA,29SEP2026,570000.000000,125,OPTSTK,NFO,5.000000,5001,False
94019,GODREJCP23NOV26820CE,GODREJCP,23NOV2026,82000.000000,500,OPTSTK,NFO,5.000000,25001,False
94040,GODREJCP23NOV26980PE,GODREJCP,23NOV2026,98000.000000,500,OPTSTK,NFO,5.000000,25001,False
94069,BRITANNIA29SEP266100PE,BRITANNIA,29SEP2026,610000.000000,125,OPTSTK,NFO,5.000000,5001,False
94075,BRITANNIA29SEP266400PE,BRITANNIA,29SEP2026,640000.000000,125,OPTSTK,NFO,5.000000,5001,False
94121,GODREJPROP27OCT261480PE,GODREJPROP,27OCT2026,148000.000000,325,OPTSTK,NFO,5.000000,13001,False
94144,BSE29SEP262800CE,BSE,29SEP2026,280000.000000,200,OPTSTK,NFO,5.000000,6001,False
94148,MCX27OCT263100CE,MCX,27OCT2026,310000.000000,225,OPTSTK,NFO,5.000000,6751,False
94153,MCX27OCT263300PE,MCX,27OCT2026,330000.000000,225,OPTSTK,NFO,5.000000,6751,False
94155,MCX27OCT263400PE,MCX,27OCT2026,340000.000000,225,OPTSTK,NFO,5.000000,6751,False
94172,BSE29SEP263000PE,BSE,29SEP2026,300000.000000,200,OPTSTK,NFO,5.000000,6001,False
94178,BSE29SEP263600PE,BSE,29SEP2026,360000.000000,200,OPTSTK,NFO,5.000000,6001,False
94183,BSE29SEP264200CE,BSE,29SEP2026,420000.000000,200,OPTSTK,NFO,5.000000,6001,False
94184,BSE29SEP264200PE,BSE,29SEP2026,420000.000000,200,OPTSTK,NFO,5.000000,6001,False
94200,GODREJPROP27OCT261740PE,GODREJPROP,27OCT2026,174000.000000,325,OPTSTK,NFO,5.000000,13001,False
94207,GODREJPROP27OCT261900CE,GODREJPROP,27OCT2026,190000.000000,325,OPTSTK,NFO,5.000000,13001,False
94236,MFSL29SEP261340CE,MFSL,29SEP2026,134000.000000,400,OPTSTK,NFO,5.000000,16001,False
94244,MFSL29SEP261460PE,MFSL,29SEP2026,146000.000000,400,OPTSTK,NFO,5.000000,16001,False
94313,GODREJPROP27OCT262140CE,GODREJPROP,27OCT2026,214000.000000,325,OPTSTK,NFO,5.000000,13001,False
94471,CAMS29SEP26800CE,CAMS,29SEP2026,80000.000000,825,OPTSTK,NFO,5.000000,33001,False
94485,MFSL27OCT261640PE,MFSL,27OCT2026,164000.000000,400,OPTSTK,NFO,5.000000,16001,False
94486,MFSL27OCT261680CE,MFSL,27OCT2026,168000.000000,400,OPTSTK,NFO,5.000000,16001,False
94501,CAMS29SEP26860PE,CAMS,29SEP2026,86000.000000,825,OPTSTK,NFO,5.000000,33001,False
94520,MFSL27OCT261840PE,MFSL,27OCT2026,184000.000000,400,OPTSTK,NFO,5.000000,16001,False
94563,MOTHERSON29SEP26132.5CE,MOTHERSON,29SEP2026,13250.000000,6150,OPTSTK,NFO,1.000000,184501,False
94577,MOTHERSON29SEP26167.5CE,MOTHERSON,29SEP2026,16750.000000,6150,OPTSTK,NFO,1.000000,184501,False
94584,MOTHERSON29SEP26177.5PE,MOTHERSON,29SEP2026,17750.000000,6150,OPTSTK,NFO,1.000000,184501,False
94631,MOTHERSON27OCT26145PE,MOTHERSON,27OCT2026,14500.000000,6150,OPTSTK,NFO,1.000000,184501,False
94637,MOTHERSON27OCT26160PE,MOTHERSON,27OCT2026,16000.000000,6150,OPTSTK,NFO,1.000000,184501,False
94650,GODREJPROP23NOV262000PE,GODREJPROP,23NOV2026,200000.000000,325,OPTSTK,NFO,5.000000,13001,False
94674,GODREJPROP23NOV262320PE,GODREJPROP,23NOV2026,232000.000000,325,OPTSTK,NFO,5.000000,13001,False
94772,MOTILALOFS29SEP261100PE,MOTILALOFS,29SEP2026,110000.000000,775,OPTSTK,NFO,5.000000,23251,False
94814,GRASIM27OCT263340CE,GRASIM,27OCT2026,334000.000000,250,OPTSTK,NFO,5.000000,7501,False
94857,MOTILALOFS27OCT261000CE,MOTILALOFS,27OCT2026,100000.000000,775,OPTSTK,NFO,5.000000,23251,False
94859,MOTILALOFS27OCT261040CE,MOTILALOFS,27OCT2026,104000.000000,775,OPTSTK,NFO,5.000000,23251,False
94917,MPHASIS29SEP262450CE,MPHASIS,29SEP2026,245000.000000,275,OPTSTK,NFO,5.000000,11001,False
94919,MPHASIS29SEP262550CE,MPHASIS,29SEP2026,255000.000000,275,OPTSTK,NFO,5.000000,11001,False
95036,MPHASIS27OCT262800PE,MPHASIS,27OCT2026,280000.000000,275,OPTSTK,NFO,5.000000,11001,False
95091,MUTHOOTFIN29SEP262550CE,MUTHOOTFIN,29SEP2026,255000.000000,275,OPTSTK,NFO,5.000000,8251,False
95092,MUTHOOTFIN29SEP262550PE,MUTHOOTFIN,29SEP2026,255000.000000,275,OPTSTK,NFO,5.000000,8251,False
95097,MUTHOOTFIN29SEP262850CE,MUTHOOTFIN,29SEP2026,285000.000000,275,OPTSTK,NFO,5.000000,8251,False
95142,GRASIM23NOV263280PE,GRASIM,23NOV2026,328000.000000,250,OPTSTK,NFO,5.000000,7501,False
95153,GRASIM23NOV263520CE,GRASIM,23NOV2026,352000.000000,250,OPTSTK,NFO,5.000000,7501,False
95156,GRASIM23NOV263560PE,GRASIM,23NOV2026,356000.000000,250,OPTSTK,NFO,5.000000,7501,False
95165,GRASIM23NOV263760CE,GRASIM,23NOV2026,376000.000000,250,OPTSTK,NFO,5.000000,7501,False
95166,GRASIM23NOV263760PE,GRASIM,23NOV2026,376000.000000,250,OPTSTK,NFO,5.000000,7501,False
95275,MUTHOOTFIN27OCT263300CE,MUTHOOTFIN,27OCT2026,330000.000000,275,OPTSTK,NFO,5.000000,8251,False
95283,MUTHOOTFIN27OCT263700CE,MUTHOOTFIN,27OCT2026,370000.000000,275,OPTSTK,NFO,5.000000,8251,False
95284,MUTHOOTFIN27OCT263700PE,MUTHOOTFIN,27OCT2026,370000.000000,275,OPTSTK,NFO,5.000000,8251,False
95363,NAM-INDIA29SEP261340CE,NAM-INDIA,29SEP2026,134000.000000,625,OPTSTK,NFO,5.000000,18751,False
95513,GVT&D23NOV263800CE,GVT&D,23NOV2026,380000.000000,125,OPTSTK,NFO,5.000000,5001,False
95519,GVT&D23NOV264000CE,GVT&D,23NOV2026,400000.000000,125,OPTSTK,NFO,5.000000,5001,False
95541,CDSL29SEP261200CE,CDSL,29SEP2026,120000.000000,475,OPTSTK,NFO,5.000000,19001,False
95555,CDSL29SEP261360PE,CDSL,29SEP2026,136000.000000,475,OPTSTK,NFO,5.000000,19001,False
95586,CDSL29SEP261640PE,CDSL,29SEP2026,164000.000000,475,OPTSTK,NFO,5.000000,19001,False
95617,HAL27OCT264450PE,HAL,27OCT2026,445000.000000,150,OPTSTK,NFO,5.000000,4501,False
95628,HAL27OCT264950CE,HAL,27OCT2026,495000.000000,150,OPTSTK,NFO,5.000000,4501,False
95743,CGPOWER29SEP26720CE,CGPOWER,29SEP2026,72000.000000,850,OPTSTK,NFO,5.000000,25501,False
95750,HAL23NOV264400PE,HAL,23NOV2026,440000.000000,150,OPTSTK,NFO,5.000000,4501,False
95771,HAL23NOV265000PE,HAL,23NOV2026,500000.000000,150,OPTSTK,NFO,5.000000,4501,False
95773,CGPOWER29SEP26960CE,CGPOWER,29SEP2026,96000.000000,850,OPTSTK,NFO,5.000000,25501,False
95780,CGPOWER29SEP261000CE,CGPOWER,29SEP2026,100000.000000,850,OPTSTK,NFO,5.000000,25501,False
95783,CGPOWER29SEP261040PE,CGPOWER,29SEP2026,104000.000000,850,OPTSTK,NFO,5.000000,25501,False
95800,NATIONALUM29SEP26370PE,NATIONALUM,29SEP2026,37000.000000,1875,OPTSTK,NFO,5.000000,56251,False
95889,HAVELLS27OCT261060PE,HAVELLS,27OCT2026,106000.000000,500,OPTSTK,NFO,5.000000,20001,False
95943,NATIONALUM27OCT26320CE,NATIONALUM,27OCT2026,32000.000000,1875,OPTSTK,NFO,5.000000,56251,False
95949,NATIONALUM27OCT26380CE,NATIONALUM,27OCT2026,38000.000000,1875,OPTSTK,NFO,5.000000,56251,False
95950,NATIONALUM27OCT26380PE,NATIONALUM,27OCT2026,38000.000000,1875,OPTSTK,NFO,5.000000,56251,False
95953,NATIONALUM27OCT26420CE,NATIONALUM,27OCT2026,42000.000000,1875,OPTSTK,NFO,5.000000,56251,False
95954,NATIONALUM27OCT26420PE,NATIONALUM,27OCT2026,42000.000000,1875,OPTSTK,NFO,5.000000,56251,False
95983,HAVELLS27OCT261180PE,HAVELLS,27OCT2026,118000.000000,500,OPTSTK,NFO,5.000000,20001,False
95995,CHOLAFIN29SEP261640PE,CHOLAFIN,29SEP2026,164000.000000,625,OPTSTK,NFO,5.000000,12501,False
95999,CHOLAFIN29SEP261680PE,CHOLAFIN,29SEP2026,168000.000000,625,OPTSTK,NFO,5.000000,12501,False
96003,CHOLAFIN29SEP261760PE,CHOLAFIN,29SEP2026,176000.000000,625,OPTSTK,NFO,5.000000,12501,False
96007,CHOLAFIN29SEP261800PE,CHOLAFIN,29SEP2026,180000.000000,625,OPTSTK,NFO,5.000000,12501,False
96019,HAVELLS27OCT261340CE,HAVELLS,27OCT2026,134000.000000,500,OPTSTK,NFO,5.000000,20001,False
96032,CHOLAFIN29SEP262120CE,CHOLAFIN,29SEP2026,212000.000000,625,OPTSTK,NFO,5.000000,12501,False
96034,NAUKRI29SEP261260PE,NAUKRI,29SEP2026,126000.000000,550,OPTSTK,NFO,5.000000,16501,False
96098,NAUKRI27OCT261160CE,NAUKRI,27OCT2026,116000.000000,550,OPTSTK,NFO,5.000000,16501,False
96105,HAVELLS23NOV26960PE,HAVELLS,23NOV2026,96000.000000,500,OPTSTK,NFO,5.000000,20001,False
96113,HAVELLS23NOV261120PE,HAVELLS,23NOV2026,112000.000000,500,OPTSTK,NFO,5.000000,20001,False
96117,HAVELLS23NOV261160PE,HAVELLS,23NOV2026,116000.000000,500,OPTSTK,NFO,5.000000,20001,False
96120,HAVELLS23NOV261240CE,HAVELLS,23NOV2026,124000.000000,500,OPTSTK,NFO,5.000000,20001,False
96121,HAVELLS23NOV261240PE,HAVELLS,23NOV2026,124000.000000,500,OPTSTK,NFO,5.000000,20001,False
96130,NAUKRI27OCT261360PE,NAUKRI,27OCT2026,136000.000000,550,OPTSTK,NFO,5.000000,16501,False
96134,NAUKRI27OCT261440PE,NAUKRI,27OCT2026,144000.000000,550,OPTSTK,NFO,5.000000,16501,False
96136,NAUKRI27OCT261480PE,NAUKRI,27OCT2026,148000.000000,550,OPTSTK,NFO,5.000000,16501,False
96157,NBCC29SEP2697.5CE,NBCC,29SEP2026,9750.000000,6500,OPTSTK,NFO,1.000000,260001,False
96168,HAVELLS23NOV261360PE,HAVELLS,23NOV2026,136000.000000,500,OPTSTK,NFO,5.000000,20001,False
96299,HCLTECH27OCT261170CE,HCLTECH,27OCT2026,117000.000000,400,OPTSTK,NFO,5.000000,20001,False
96316,HCLTECH27OCT261230PE,HCLTECH,27OCT2026,123000.000000,400,OPTSTK,NFO,5.000000,20001,False
96327,HCLTECH27OCT261310CE,HCLTECH,27OCT2026,131000.000000,400,OPTSTK,NFO,5.000000,20001,False
96330,HCLTECH27OCT261310PE,HCLTECH,27OCT2026,131000.000000,400,OPTSTK,NFO,5.000000,20001,False
96331,HCLTECH27OCT261330CE,HCLTECH,27OCT2026,133000.000000,400,OPTSTK,NFO,5.000000,20001,False
96346,HCLTECH27OCT261390PE,HCLTECH,27OCT2026,139000.000000,400,OPTSTK,NFO,5.000000,20001,False
96351,HCLTECH27OCT261410PE,HCLTECH,27OCT2026,141000.000000,400,OPTSTK,NFO,5.000000,20001,False
96356,HCLTECH27OCT261450PE,HCLTECH,27OCT2026,145000.000000,400,OPTSTK,NFO,5.000000,20001,False
96492,NBCC27OCT2685CE,NBCC,27OCT2026,8500.000000,6500,OPTSTK,NFO,1.000000,260001,False
96495,NBCC27OCT2690PE,NBCC,27OCT2026,9000.000000,6500,OPTSTK,NFO,1.000000,260001,False
96517,HCLTECH23NOV261040PE,HCLTECH,23NOV2026,104000.000000,400,OPTSTK,NFO,5.000000,20001,False
96558,NESTLEIND29SEP261250PE,NESTLEIND,29SEP2026,125000.000000,500,OPTSTK,NFO,5.000000,15001,False
96564,CIPLA29SEP261220PE,CIPLA,29SEP2026,122000.000000,425,OPTSTK,NFO,5.000000,17001,False
96586,NESTLEIND29SEP261370PE,NESTLEIND,29SEP2026,137000.000000,500,OPTSTK,NFO,5.000000,15001,False
96611,NESTLEIND29SEP261630CE,NESTLEIND,29SEP2026,163000.000000,500,OPTSTK,NFO,5.000000,15001,False
96666,CIPLA29SEP261480PE,CIPLA,29SEP2026,148000.000000,425,OPTSTK,NFO,5.000000,17001,False
96671,CIPLA29SEP261540CE,CIPLA,29SEP2026,154000.000000,425,OPTSTK,NFO,5.000000,17001,False
96675,CIPLA29SEP261560CE,CIPLA,29SEP2026,156000.000000,425,OPTSTK,NFO,5.000000,17001,False
96697,CIPLA29SEP261640CE,CIPLA,29SEP2026,164000.000000,425,OPTSTK,NFO,5.000000,17001,False
96701,CIPLA29SEP261660CE,CIPLA,29SEP2026,166000.000000,425,OPTSTK,NFO,5.000000,17001,False
96707,NESTLEIND27OCT261280CE,NESTLEIND,27OCT2026,128000.000000,500,OPTSTK,NFO,5.000000,15001,False
96729,NESTLEIND27OCT261500CE,NESTLEIND,27OCT2026,150000.000000,500,OPTSTK,NFO,5.000000,15001,False
96739,HCLTECH23NOV261100PE,HCLTECH,23NOV2026,110000.000000,400,OPTSTK,NFO,5.000000,20001,False
96808,HCLTECH23NOV261240PE,HCLTECH,23NOV2026,124000.000000,400,OPTSTK,NFO,5.000000,20001,False
96850,HCLTECH23NOV261320PE,HCLTECH,23NOV2026,132000.000000,400,OPTSTK,NFO,5.000000,20001,False
96863,HCLTECH23NOV261440CE,HCLTECH,23NOV2026,144000.000000,400,OPTSTK,NFO,5.000000,20001,False
96905,COALINDIA29SEP26330CE,COALINDIA,29SEP2026,33000.000000,1350,OPTSTK,NFO,5.000000,54001,False
96917,COALINDIA29SEP26390CE,COALINDIA,29SEP2026,39000.000000,1350,OPTSTK,NFO,5.000000,54001,False
96918,COALINDIA29SEP26390PE,COALINDIA,29SEP2026,39000.000000,1350,OPTSTK,NFO,5.000000,54001,False
97008,NHPC29SEP2671PE,NHPC,29SEP2026,7100.000000,6950,OPTSTK,NFO,1.000000,278001,False
97012,NHPC29SEP2675PE,NHPC,29SEP2026,7500.000000,6950,OPTSTK,NFO,1.000000,278001,False
97059,NHPC27OCT2662CE,NHPC,27OCT2026,6200.000000,6950,OPTSTK,NFO,1.000000,278001,False
97093,HDFCAMC27OCT262650CE,HDFCAMC,27OCT2026,265000.000000,300,OPTSTK,NFO,5.000000,9001,False
97096,HDFCAMC27OCT262750PE,HDFCAMC,27OCT2026,275000.000000,300,OPTSTK,NFO,5.000000,9001,False
97128,NHPC27OCT2680CE,NHPC,27OCT2026,8000.000000,6950,OPTSTK,NFO,1.000000,278001,False
97130,NHPC27OCT2682CE,NHPC,27OCT2026,8200.000000,6950,OPTSTK,NFO,1.000000,278001,False
97191,HDFCAMC23NOV262700CE,HDFCAMC,23NOV2026,270000.000000,300,OPTSTK,NFO,5.000000,9001,False
97223,HDFCAMC23NOV263000CE,HDFCAMC,23NOV2026,300000.000000,300,OPTSTK,NFO,5.000000,9001,False
97325,HDFCBANK27OCT26690CE,HDFCBANK,27OCT2026,69000.000000,650,OPTSTK,NFO,5.000000,32501,False
97327,HDFCBANK27OCT26710CE,HDFCBANK,27OCT2026,71000.000000,650,OPTSTK,NFO,5.000000,32501,False
97333,HDFCBANK27OCT26770CE,HDFCBANK,27OCT2026,77000.000000,650,OPTSTK,NFO,5.000000,32501,False
97361,COCHINSHIP29SEP261360CE,COCHINSHIP,29SEP2026,136000.000000,400,OPTSTK,NFO,5.000000,16001,False
97363,COCHINSHIP29SEP261400CE,COCHINSHIP,29SEP2026,140000.000000,400,OPTSTK,NFO,5.000000,16001,False
97372,COCHINSHIP29SEP261560PE,COCHINSHIP,29SEP2026,156000.000000,400,OPTSTK,NFO,5.000000,16001,False
97429,HDFCBANK23NOV26640PE,HDFCBANK,23NOV2026,64000.000000,650,OPTSTK,NFO,5.000000,32501,False
97509,NMDC29SEP2675PE,NMDC,29SEP2026,7500.000000,6750,OPTSTK,NFO,1.000000,270001,False
97515,NMDC29SEP2681PE,NMDC,29SEP2026,8100.000000,6750,OPTSTK,NFO,1.000000,270001,False
97516,NMDC29SEP2683CE,NMDC,29SEP2026,8300.000000,6750,OPTSTK,NFO,1.000000,270001,False
97520,NMDC29SEP2687CE,NMDC,29SEP2026,8700.000000,6750,OPTSTK,NFO,1.000000,270001,False
97527,HDFCBANK23NOV26700PE,HDFCBANK,23NOV2026,70000.000000,650,OPTSTK,NFO,5.000000,32501,False
97665,NMDC27OCT2668PE,NMDC,27OCT2026,6800.000000,6750,OPTSTK,NFO,1.000000,270001,False
97667,NMDC27OCT2670PE,NMDC,27OCT2026,7000.000000,6750,OPTSTK,NFO,1.000000,270001,False
97697,HDFCLIFE27OCT26505PE,HDFCLIFE,27OCT2026,50500.000000,1100,OPTSTK,NFO,5.000000,44001,False
97737,NMDC27OCT26100PE,NMDC,27OCT2026,10000.000000,6750,OPTSTK,NFO,1.000000,270001,False
97814,NTPC29SEP26365PE,NTPC,29SEP2026,36500.000000,1500,OPTSTK,NFO,5.000000,75001,False
97823,COFORGE29SEP261720CE,COFORGE,29SEP2026,172000.000000,475,OPTSTK,NFO,5.000000,14251,False
97844,COFORGE29SEP261840PE,COFORGE,29SEP2026,184000.000000,475,OPTSTK,NFO,5.000000,14251,False
97944,NTPC27OCT26320PE,NTPC,27OCT2026,32000.000000,1500,OPTSTK,NFO,5.000000,75001,False
97956,NTPC27OCT26340PE,NTPC,27OCT2026,34000.000000,1500,OPTSTK,NFO,5.000000,75001,False
98020,NYKAA29SEP26355CE,NYKAA,29SEP2026,35500.000000,3125,OPTSTK,NFO,5.000000,93751,False
98081,NYKAA27OCT26330CE,NYKAA,27OCT2026,33000.000000,3125,OPTSTK,NFO,5.000000,93751,False
98085,NYKAA27OCT26350CE,NYKAA,27OCT2026,35000.000000,3125,OPTSTK,NFO,5.000000,93751,False
98147,COLPAL29SEP261840PE,COLPAL,29SEP2026,184000.000000,275,OPTSTK,NFO,5.000000,11001,False
98251,HDFCLIFE23NOV26620PE,HDFCLIFE,23NOV2026,62000.000000,1100,OPTSTK,NFO,5.000000,44001,False
98254,HDFCLIFE23NOV26640CE,HDFCLIFE,23NOV2026,64000.000000,1100,OPTSTK,NFO,5.000000,44001,False
98308,OBEROIRLTY29SEP261900CE,OBEROIRLTY,29SEP2026,190000.000000,350,OPTSTK,NFO,5.000000,14001,False
98309,OBEROIRLTY29SEP261900PE,OBEROIRLTY,29SEP2026,190000.000000,350,OPTSTK,NFO,5.000000,14001,False
98312,OBEROIRLTY29SEP261980CE,OBEROIRLTY,29SEP2026,198000.000000,350,OPTSTK,NFO,5.000000,14001,False
98329,OBEROIRLTY29SEP262100PE,OBEROIRLTY,29SEP2026,210000.000000,350,OPTSTK,NFO,5.000000,14001,False
98334,OBEROIRLTY29SEP262180CE,OBEROIRLTY,29SEP2026,218000.000000,350,OPTSTK,NFO,5.000000,14001,False
98368,COLPAL29SEP262160CE,COLPAL,29SEP2026,216000.000000,275,OPTSTK,NFO,5.000000,11001,False
98375,COLPAL29SEP262280PE,COLPAL,29SEP2026,228000.000000,275,OPTSTK,NFO,5.000000,11001,False
98382,COLPAL29SEP262400PE,COLPAL,29SEP2026,240000.000000,275,OPTSTK,NFO,5.000000,11001,False
98396,HEROMOTOCO27OCT265500PE,HEROMOTOCO,27OCT2026,550000.000000,150,OPTSTK,NFO,5.000000,4501,False
98400,HEROMOTOCO27OCT265900PE,HEROMOTOCO,27OCT2026,590000.000000,150,OPTSTK,NFO,5.000000,4501,False
98430,HEROMOTOCO23NOV264400PE,HEROMOTOCO,23NOV2026,440000.000000,150,OPTSTK,NFO,5.000000,4501,False
98433,OBEROIRLTY27OCT261560CE,OBEROIRLTY,27OCT2026,156000.000000,350,OPTSTK,NFO,5.000000,14001,False
98444,OBEROIRLTY27OCT261760PE,OBEROIRLTY,27OCT2026,176000.000000,350,OPTSTK,NFO,5.000000,14001,False
98452,OBEROIRLTY27OCT261920PE,OBEROIRLTY,27OCT2026,192000.000000,350,OPTSTK,NFO,5.000000,14001,False
98455,HEROMOTOCO23NOV264800PE,HEROMOTOCO,23NOV2026,480000.000000,150,OPTSTK,NFO,5.000000,4501,False
98472,HEROMOTOCO23NOV265600PE,HEROMOTOCO,23NOV2026,560000.000000,150,OPTSTK,NFO,5.000000,4501,False
98475,HEROMOTOCO23NOV266000CE,HEROMOTOCO,23NOV2026,600000.000000,150,OPTSTK,NFO,5.000000,4501,False
98482,HEROMOTOCO23NOV266200PE,HEROMOTOCO,23NOV2026,620000.000000,150,OPTSTK,NFO,5.000000,4501,False
98483,HEROMOTOCO23NOV266400CE,HEROMOTOCO,23NOV2026,640000.000000,150,OPTSTK,NFO,5.000000,4501,False
98562,HINDALCO27OCT261020PE,HINDALCO,27OCT2026,102000.000000,700,OPTSTK,NFO,5.000000,21001,False
98647,OFSS29SEP2612500PE,OFSS,29SEP2026,1250000.000000,100,OPTSTK,NFO,5.000000,2001,False
98590,HINDALCO27OCT261140PE,HINDALCO,27OCT2026,114000.000000,700,OPTSTK,NFO,5.000000,21001,False
98619,OFSS29SEP2610300PE,OFSS,29SEP2026,1030000.000000,100,OPTSTK,NFO,5.000000,2001,False
98632,OFSS29SEP2611500CE,OFSS,29SEP2026,1150000.000000,100,OPTSTK,NFO,5.000000,2001,False
98659,OFSS29SEP2612700PE,OFSS,29SEP2026,1270000.000000,100,OPTSTK,NFO,5.000000,2001,False
98661,OFSS29SEP2612900PE,OFSS,29SEP2026,1290000.000000,100,OPTSTK,NFO,5.000000,2001,False
98751,HINDALCO23NOV26960PE,HINDALCO,23NOV2026,96000.000000,700,OPTSTK,NFO,5.000000,21001,False
98755,CONCOR29SEP26520PE,CONCOR,29SEP2026,52000.000000,1250,OPTSTK,NFO,5.000000,50001,False
98759,CONCOR29SEP26530PE,CONCOR,29SEP2026,53000.000000,1250,OPTSTK,NFO,5.000000,50001,False
98760,CONCOR29SEP26540CE,CONCOR,29SEP2026,54000.000000,1250,OPTSTK,NFO,5.000000,50001,False
98771,CONCOR29SEP26580PE,CONCOR,29SEP2026,58000.000000,1250,OPTSTK,NFO,5.000000,50001,False
98772,CONCOR29SEP26590CE,CONCOR,29SEP2026,59000.000000,1250,OPTSTK,NFO,5.000000,50001,False
98775,CONCOR29SEP26600PE,CONCOR,29SEP2026,60000.000000,1250,OPTSTK,NFO,5.000000,50001,False
98824,HINDPETRO27OCT26310CE,HINDPETRO,27OCT2026,31000.000000,2025,OPTSTK,NFO,5.000000,60751,False
98825,HINDPETRO27OCT26310PE,HINDPETRO,27OCT2026,31000.000000,2025,OPTSTK,NFO,5.000000,60751,False
98827,HINDPETRO27OCT26330PE,HINDPETRO,27OCT2026,33000.000000,2025,OPTSTK,NFO,5.000000,60751,False
98866,CROMPTON29SEP26200CE,CROMPTON,29SEP2026,20000.000000,2150,OPTSTK,NFO,1.000000,86001,False
98867,CROMPTON29SEP26200PE,CROMPTON,29SEP2026,20000.000000,2150,OPTSTK,NFO,1.000000,86001,False
98918,CROMPTON29SEP26240PE,CROMPTON,29SEP2026,24000.000000,2150,OPTSTK,NFO,1.000000,86001,False
98912,OFSS27OCT2610400PE,OFSS,27OCT2026,1040000.000000,100,OPTSTK,NFO,5.000000,2001,False
98919,CROMPTON29SEP26250CE,CROMPTON,29SEP2026,25000.000000,2150,OPTSTK,NFO,1.000000,86001,False
98925,CROMPTON29SEP26280CE,CROMPTON,29SEP2026,28000.000000,2150,OPTSTK,NFO,1.000000,86001,False
98931,CROMPTON29SEP26290CE,CROMPTON,29SEP2026,29000.000000,2150,OPTSTK,NFO,1.000000,86001,False
98932,OFSS27OCT2611400PE,OFSS,27OCT2026,1140000.000000,100,OPTSTK,NFO,5.000000,2001,False
98942,CROMPTON29SEP26290PE,CROMPTON,29SEP2026,29000.000000,2150,OPTSTK,NFO,1.000000,86001,False
98948,CROMPTON29SEP26300PE,CROMPTON,29SEP2026,30000.000000,2150,OPTSTK,NFO,1.000000,86001,False
98977,OFSS27OCT2613000CE,OFSS,27OCT2026,1300000.000000,100,OPTSTK,NFO,5.000000,2001,False
99000,HINDPETRO23NOV26360PE,HINDPETRO,23NOV2026,36000.000000,2025,OPTSTK,NFO,5.000000,60751,False
99132,OIL29SEP26485PE,OIL,29SEP2026,48500.000000,1400,OPTSTK,NFO,5.000000,56001,False
99267,OIL27OCT26420PE,OIL,27OCT2026,42000.000000,1400,OPTSTK,NFO,5.000000,56001,False
99278,OIL27OCT26470PE,OIL,27OCT2026,47000.000000,1400,OPTSTK,NFO,5.000000,56001,False
99281,DABUR29SEP26320PE,DABUR,29SEP2026,32000.000000,1250,OPTSTK,NFO,5.000000,50001,False
99304,DABUR29SEP26400CE,DABUR,29SEP2026,40000.000000,1250,OPTSTK,NFO,5.000000,50001,False
99308,DABUR29SEP26420CE,DABUR,29SEP2026,42000.000000,1250,OPTSTK,NFO,5.000000,50001,False
99309,DABUR29SEP26420PE,DABUR,29SEP2026,42000.000000,1250,OPTSTK,NFO,5.000000,50001,False
99315,DABUR29SEP26450PE,DABUR,29SEP2026,45000.000000,1250,OPTSTK,NFO,5.000000,50001,False
99338,OIL27OCT26540CE,OIL,27OCT2026,54000.000000,1400,OPTSTK,NFO,5.000000,56001,False
99382,HINDUNILVR27OCT262140PE,HINDUNILVR,27OCT2026,214000.000000,300,OPTSTK,NFO,5.000000,12001,False
99405,ONGC29SEP26222.5CE,ONGC,29SEP2026,22250.000000,2250,OPTSTK,NFO,1.000000,90001,False
99412,ONGC29SEP26237.5PE,ONGC,29SEP2026,23750.000000,2250,OPTSTK,NFO,1.000000,90001,False
99448,ONGC29SEP26257.5PE,ONGC,29SEP2026,25750.000000,2250,OPTSTK,NFO,1.000000,90001,False
99530,HINDUNILVR23NOV261600CE,HINDUNILVR,23NOV2026,160000.000000,300,OPTSTK,NFO,5.000000,12001,False
99538,HINDUNILVR23NOV261760CE,HINDUNILVR,23NOV2026,176000.000000,300,OPTSTK,NFO,5.000000,12001,False
99565,ONGC27OCT26200PE,ONGC,27OCT2026,20000.000000,2250,OPTSTK,NFO,1.000000,90001,False
99595,ONGC27OCT26230PE,ONGC,27OCT2026,23000.000000,2250,OPTSTK,NFO,1.000000,90001,False
99597,ONGC27OCT26235PE,ONGC,27OCT2026,23500.000000,2250,OPTSTK,NFO,1.000000,90001,False
99617,ONGC27OCT26270CE,ONGC,27OCT2026,27000.000000,2250,OPTSTK,NFO,1.000000,90001,False
99738,PAGEIND29SEP2631500PE,PAGEIND,29SEP2026,3150000.000000,20,OPTSTK,NFO,5.000000,601,False
99746,DELHIVERY29SEP26370PE,DELHIVERY,29SEP2026,37000.000000,2075,OPTSTK,NFO,5.000000,62251,False
99754,DELHIVERY29SEP26400PE,DELHIVERY,29SEP2026,40000.000000,2075,OPTSTK,NFO,5.000000,62251,False
99759,PAGEIND29SEP2635500CE,PAGEIND,29SEP2026,3550000.000000,20,OPTSTK,NFO,5.000000,601,False
99806,PAGEIND29SEP2639500PE,PAGEIND,29SEP2026,3950000.000000,20,OPTSTK,NFO,5.000000,601,False
99813,DELHIVERY29SEP26430PE,DELHIVERY,29SEP2026,43000.000000,2075,OPTSTK,NFO,5.000000,62251,False
99829,DELHIVERY29SEP26490PE,DELHIVERY,29SEP2026,49000.000000,2075,OPTSTK,NFO,5.000000,62251,False
99847,PAGEIND29SEP2643500CE,PAGEIND,29SEP2026,4350000.000000,20,OPTSTK,NFO,5.000000,601,False
99939,PAGEIND27OCT2632000CE,PAGEIND,27OCT2026,3200000.000000,20,OPTSTK,NFO,5.000000,601,False
99956,PAGEIND27OCT2638000PE,PAGEIND,27OCT2026,3800000.000000,20,OPTSTK,NFO,5.000000,601,False
99942,PAGEIND27OCT2633000PE,PAGEIND,27OCT2026,3300000.000000,20,OPTSTK,NFO,5.000000,601,False
99944,PAGEIND27OCT2634000PE,PAGEIND,27OCT2026,3400000.000000,20,OPTSTK,NFO,5.000000,601,False
100070,DIVISLAB29SEP267400CE,DIVISLAB,29SEP2026,740000.000000,100,OPTSTK,NFO,5.000000,3001,False
100082,DIVISLAB29SEP268800CE,DIVISLAB,29SEP2026,880000.000000,100,OPTSTK,NFO,5.000000,3001,False
100136,HINDZINC23NOV26520PE,HINDZINC,23NOV2026,52000.000000,1225,OPTSTK,NFO,5.000000,36751,False
100148,PATANJALI29SEP26315CE,PATANJALI,29SEP2026,31500.000000,1075,OPTSTK,NFO,5.000000,64501,False
100149,PATANJALI29SEP26315PE,PATANJALI,29SEP2026,31500.000000,1075,OPTSTK,NFO,5.000000,64501,False
100157,PATANJALI29SEP26335PE,PATANJALI,29SEP2026,33500.000000,1075,OPTSTK,NFO,5.000000,64501,False
100177,PATANJALI29SEP26355CE,PATANJALI,29SEP2026,35500.000000,1075,OPTSTK,NFO,5.000000,64501,False
100181,PATANJALI29SEP26375CE,PATANJALI,29SEP2026,37500.000000,1075,OPTSTK,NFO,5.000000,64501,False
100214,HYUNDAI27OCT262100CE,HYUNDAI,27OCT2026,210000.000000,275,OPTSTK,NFO,5.000000,11001,False
100217,HYUNDAI27OCT262140PE,HYUNDAI,27OCT2026,214000.000000,275,OPTSTK,NFO,5.000000,11001,False
100223,HYUNDAI27OCT262260PE,HYUNDAI,27OCT2026,226000.000000,275,OPTSTK,NFO,5.000000,11001,False
100367,PATANJALI27OCT26280PE,PATANJALI,27OCT2026,28000.000000,1075,OPTSTK,NFO,5.000000,64501,False
100392,HYUNDAI23NOV262480CE,HYUNDAI,23NOV2026,248000.000000,275,OPTSTK,NFO,5.000000,11001,False
100393,HYUNDAI23NOV262480PE,HYUNDAI,23NOV2026,248000.000000,275,OPTSTK,NFO,5.000000,11001,False
100426,PATANJALI27OCT26330PE,PATANJALI,27OCT2026,33000.000000,1075,OPTSTK,NFO,5.000000,64501,False
100451,PATANJALI27OCT26380CE,PATANJALI,27OCT2026,38000.000000,1075,OPTSTK,NFO,5.000000,64501,False
100453,PATANJALI27OCT26390CE,PATANJALI,27OCT2026,39000.000000,1075,OPTSTK,NFO,5.000000,64501,False
100488,DIXON29SEP2611500CE,DIXON,29SEP2026,1150000.000000,50,OPTSTK,NFO,5.000000,1501,False
100496,DIXON29SEP2612000PE,DIXON,29SEP2026,1200000.000000,50,OPTSTK,NFO,5.000000,1501,False
100513,DIXON29SEP2614000PE,DIXON,29SEP2026,1400000.000000,50,OPTSTK,NFO,5.000000,1501,False
100525,DIXON29SEP2615000CE,DIXON,29SEP2026,1500000.000000,50,OPTSTK,NFO,5.000000,1501,False
100527,DIXON29SEP2615500CE,DIXON,29SEP2026,1550000.000000,50,OPTSTK,NFO,5.000000,1501,False
100528,DIXON29SEP2615500PE,DIXON,29SEP2026,1550000.000000,50,OPTSTK,NFO,5.000000,1501,False
100601,DLF29SEP26700CE,DLF,29SEP2026,70000.000000,950,OPTSTK,NFO,5.000000,38001,False
100616,PAYTM29SEP261300PE,PAYTM,29SEP2026,130000.000000,725,OPTSTK,NFO,5.000000,14501,False
100708,PAYTM27OCT261600CE,PAYTM,27OCT2026,160000.000000,725,OPTSTK,NFO,5.000000,14501,False
100751,ICICIBANK27OCT261390PE,ICICIBANK,27OCT2026,139000.000000,700,OPTSTK,NFO,5.000000,21001,False
100756,ICICIBANK27OCT261450CE,ICICIBANK,27OCT2026,145000.000000,700,OPTSTK,NFO,5.000000,21001,False
100817,PERSISTENT29SEP265300CE,PERSISTENT,29SEP2026,530000.000000,125,OPTSTK,NFO,5.000000,3751,False
100818,PERSISTENT29SEP265300PE,PERSISTENT,29SEP2026,530000.000000,125,OPTSTK,NFO,5.000000,3751,False
100820,PERSISTENT29SEP265500PE,PERSISTENT,29SEP2026,550000.000000,125,OPTSTK,NFO,5.000000,3751,False
100855,PERSISTENT27OCT265000CE,PERSISTENT,27OCT2026,500000.000000,125,OPTSTK,NFO,5.000000,3751,False
100861,PERSISTENT27OCT265600CE,PERSISTENT,27OCT2026,560000.000000,125,OPTSTK,NFO,5.000000,3751,False
100897,PETRONET29SEP26255CE,PETRONET,29SEP2026,25500.000000,1900,OPTSTK,NFO,5.000000,76001,False
100901,PETRONET29SEP26275CE,PETRONET,29SEP2026,27500.000000,1900,OPTSTK,NFO,5.000000,76001,False
100905,DLF29SEP26800CE,DLF,29SEP2026,80000.000000,950,OPTSTK,NFO,5.000000,38001,False
100906,DLF29SEP26800PE,DLF,29SEP2026,80000.000000,950,OPTSTK,NFO,5.000000,38001,False
100911,PETRONET29SEP26305CE,PETRONET,29SEP2026,30500.000000,1900,OPTSTK,NFO,5.000000,76001,False
100913,PETRONET29SEP26315CE,PETRONET,29SEP2026,31500.000000,1900,OPTSTK,NFO,5.000000,76001,False
100954,PETRONET27OCT26260PE,PETRONET,27OCT2026,26000.000000,1900,OPTSTK,NFO,5.000000,76001,False
100972,PETRONET27OCT26340PE,PETRONET,27OCT2026,34000.000000,1900,OPTSTK,NFO,5.000000,76001,False
101000,PFC29SEP26295PE,PFC,29SEP2026,29500.000000,1300,OPTSTK,NFO,5.000000,52001,False
101008,PFC29SEP26335PE,PFC,29SEP2026,33500.000000,1300,OPTSTK,NFO,5.000000,52001,False
101025,PFC29SEP26365CE,PFC,29SEP2026,36500.000000,1300,OPTSTK,NFO,5.000000,52001,False
101067,ICICIBANK23NOV261240CE,ICICIBANK,23NOV2026,124000.000000,700,OPTSTK,NFO,5.000000,21001,False
101075,PFC29SEP26455CE,PFC,29SEP2026,45500.000000,1300,OPTSTK,NFO,5.000000,52001,False
101118,PFC27OCT26300PE,PFC,27OCT2026,30000.000000,1300,OPTSTK,NFO,5.000000,52001,False
101134,ICICIBANK23NOV261300CE,ICICIBANK,23NOV2026,130000.000000,700,OPTSTK,NFO,5.000000,21001,False
101143,ICICIBANK23NOV261380PE,ICICIBANK,23NOV2026,138000.000000,700,OPTSTK,NFO,5.000000,21001,False
101142,ICICIBANK23NOV261380CE,ICICIBANK,23NOV2026,138000.000000,700,OPTSTK,NFO,5.000000,21001,False
101167,ICICIBANK23NOV261460PE,ICICIBANK,23NOV2026,146000.000000,700,OPTSTK,NFO,5.000000,21001,False
101186,ICICIBANK23NOV261560CE,ICICIBANK,23NOV2026,156000.000000,700,OPTSTK,NFO,5.000000,21001,False
101202,ICICIBANK23NOV261600PE,ICICIBANK,23NOV2026,160000.000000,700,OPTSTK,NFO,5.000000,21001,False
101241,DMART29SEP264100PE,DMART,29SEP2026,410000.000000,150,OPTSTK,NFO,5.000000,6001,False
101323,PFC27OCT26330PE,PFC,27OCT2026,33000.000000,1300,OPTSTK,NFO,5.000000,52001,False
101341,ICICIGI27OCT261500PE,ICICIGI,27OCT2026,150000.000000,325,OPTSTK,NFO,5.000000,13001,False
101344,ICICIGI27OCT261580CE,ICICIGI,27OCT2026,158000.000000,325,OPTSTK,NFO,5.000000,13001,False
101345,ICICIGI27OCT261580PE,ICICIGI,27OCT2026,158000.000000,325,OPTSTK,NFO,5.000000,13001,False
101348,ICICIGI27OCT261660CE,ICICIGI,27OCT2026,166000.000000,325,OPTSTK,NFO,5.000000,13001,False
101369,PFC27OCT26370CE,PFC,27OCT2026,37000.000000,1300,OPTSTK,NFO,5.000000,52001,False
101389,PFC27OCT26410CE,PFC,27OCT2026,41000.000000,1300,OPTSTK,NFO,5.000000,52001,False
101446,PGEL29SEP26550PE,PGEL,29SEP2026,55000.000000,950,OPTSTK,NFO,5.000000,38001,False
101449,PGEL29SEP26590CE,PGEL,29SEP2026,59000.000000,950,OPTSTK,NFO,5.000000,38001,False
101456,PGEL29SEP26650PE,PGEL,29SEP2026,65000.000000,950,OPTSTK,NFO,5.000000,38001,False
101490,ICICIGI23NOV261200CE,ICICIGI,23NOV2026,120000.000000,325,OPTSTK,NFO,5.000000,13001,False
101528,ICICIGI23NOV261400PE,ICICIGI,23NOV2026,140000.000000,325,OPTSTK,NFO,5.000000,13001,False
101532,ICICIGI23NOV261440PE,ICICIGI,23NOV2026,144000.000000,325,OPTSTK,NFO,5.000000,13001,False
101591,ICICIGI23NOV261680PE,ICICIGI,23NOV2026,168000.000000,325,OPTSTK,NFO,5.000000,13001,False
101614,PGEL27OCT26460CE,PGEL,27OCT2026,46000.000000,950,OPTSTK,NFO,5.000000,38001,False
101720,ICICIPRULI27OCT26525CE,ICICIPRULI,27OCT2026,52500.000000,925,OPTSTK,NFO,5.000000,46251,False
101732,ICICIPRULI27OCT26555CE,ICICIPRULI,27OCT2026,55500.000000,925,OPTSTK,NFO,5.000000,46251,False
101813,PHOENIXLTD29SEP261700CE,PHOENIXLTD,29SEP2026,170000.000000,350,OPTSTK,NFO,5.000000,14001,False
101822,DRREDDY29SEP261020PE,DRREDDY,29SEP2026,102000.000000,625,OPTSTK,NFO,5.000000,18751,False
101824,PHOENIXLTD29SEP261780PE,PHOENIXLTD,29SEP2026,178000.000000,350,OPTSTK,NFO,5.000000,14001,False
101827,PHOENIXLTD29SEP261860CE,PHOENIXLTD,29SEP2026,186000.000000,350,OPTSTK,NFO,5.000000,14001,False
101829,PHOENIXLTD29SEP261900CE,PHOENIXLTD,29SEP2026,190000.000000,350,OPTSTK,NFO,5.000000,14001,False
101873,DRREDDY29SEP261160PE,DRREDDY,29SEP2026,116000.000000,625,OPTSTK,NFO,5.000000,18751,False
101895,ICICIPRULI23NOV26430CE,ICICIPRULI,23NOV2026,43000.000000,925,OPTSTK,NFO,5.000000,46251,False
101911,DRREDDY29SEP261260CE,DRREDDY,29SEP2026,126000.000000,625,OPTSTK,NFO,5.000000,18751,False
101927,PHOENIXLTD27OCT261680CE,PHOENIXLTD,27OCT2026,168000.000000,350,OPTSTK,NFO,5.000000,14001,False
101949,PHOENIXLTD27OCT262000PE,PHOENIXLTD,27OCT2026,200000.000000,350,OPTSTK,NFO,5.000000,14001,False
101955,ICICIPRULI23NOV26440PE,ICICIPRULI,23NOV2026,44000.000000,925,OPTSTK,NFO,5.000000,46251,False
101956,ICICIPRULI23NOV26450CE,ICICIPRULI,23NOV2026,45000.000000,925,OPTSTK,NFO,5.000000,46251,False
101973,PHOENIXLTD27OCT262240PE,PHOENIXLTD,27OCT2026,224000.000000,350,OPTSTK,NFO,5.000000,14001,False
102010,ICICIPRULI23NOV26510PE,ICICIPRULI,23NOV2026,51000.000000,925,OPTSTK,NFO,5.000000,46251,False
102016,ICICIPRULI23NOV26540PE,ICICIPRULI,23NOV2026,54000.000000,925,OPTSTK,NFO,5.000000,46251,False
102017,ICICIPRULI23NOV26550CE,ICICIPRULI,23NOV2026,55000.000000,925,OPTSTK,NFO,5.000000,46251,False
102073,IDEA27OCT2617CE,IDEA,27OCT2026,1700.000000,71475,OPTSTK,NFO,1.000000,1429501,False
102034,ICICIPRULI23NOV26600CE,ICICIPRULI,23NOV2026,60000.000000,925,OPTSTK,NFO,5.000000,46251,False
102071,IDEA27OCT2615CE,IDEA,27OCT2026,1500.000000,71475,OPTSTK,NFO,1.000000,1429501,False
102097,IDEA23NOV2618CE,IDEA,23NOV2026,1800.000000,71475,OPTSTK,NFO,1.000000,1429501,False
102098,IDEA23NOV2618PE,IDEA,23NOV2026,1800.000000,71475,OPTSTK,NFO,1.000000,1429501,False
102163,IDFCFIRSTB27OCT2675PE,IDFCFIRSTB,27OCT2026,7500.000000,9275,OPTSTK,NFO,1.000000,278251,False
102168,IDFCFIRSTB27OCT2679CE,IDFCFIRSTB,27OCT2026,7900.000000,9275,OPTSTK,NFO,1.000000,278251,False
102172,IDFCFIRSTB27OCT2683CE,IDFCFIRSTB,27OCT2026,8300.000000,9275,OPTSTK,NFO,1.000000,278251,False
102201,PIDILITIND29SEP261540CE,PIDILITIND,29SEP2026,154000.000000,500,OPTSTK,NFO,5.000000,15001,False
102254,IDFCFIRSTB23NOV2672PE,IDFCFIRSTB,23NOV2026,7200.000000,9275,OPTSTK,NFO,1.000000,278251,False
102265,IDFCFIRSTB23NOV2678PE,IDFCFIRSTB,23NOV2026,7800.000000,9275,OPTSTK,NFO,1.000000,278251,False
102269,PIDILITIND29SEP261620CE,PIDILITIND,29SEP2026,162000.000000,500,OPTSTK,NFO,5.000000,15001,False
102304,EICHERMOT29SEP267000CE,EICHERMOT,29SEP2026,700000.000000,100,OPTSTK,NFO,5.000000,3001,False
102307,EICHERMOT29SEP267200PE,EICHERMOT,29SEP2026,720000.000000,100,OPTSTK,NFO,5.000000,3001,False
102312,EICHERMOT29SEP267600CE,EICHERMOT,29SEP2026,760000.000000,100,OPTSTK,NFO,5.000000,3001,False
102356,PIDILITIND29SEP261820CE,PIDILITIND,29SEP2026,182000.000000,500,OPTSTK,NFO,5.000000,15001,False
102406,IDFCFIRSTB23NOV26100CE,IDFCFIRSTB,23NOV2026,10000.000000,9275,OPTSTK,NFO,1.000000,278251,False
102463,PIDILITIND27OCT261760CE,PIDILITIND,27OCT2026,176000.000000,500,OPTSTK,NFO,5.000000,15001,False
102514,PIIND29SEP262150PE,PIIND,29SEP2026,215000.000000,175,OPTSTK,NFO,5.000000,8751,False
102520,PIIND29SEP262350PE,PIIND,29SEP2026,235000.000000,175,OPTSTK,NFO,5.000000,8751,False
102531,ETERNAL29SEP26240CE,ETERNAL,29SEP2026,24000.000000,2425,OPTSTK,NFO,5.000000,72751,False
102560,ETERNAL29SEP26310CE,ETERNAL,29SEP2026,31000.000000,2425,OPTSTK,NFO,5.000000,72751,False
102562,ETERNAL29SEP26320CE,ETERNAL,29SEP2026,32000.000000,2425,OPTSTK,NFO,5.000000,72751,False
102593,IEX27OCT26112.5CE,IEX,27OCT2026,11250.000000,4350,OPTSTK,NFO,1.000000,174001,False
102601,IEX27OCT26132.5CE,IEX,27OCT2026,13250.000000,4350,OPTSTK,NFO,1.000000,174001,False
102657,PIIND27OCT261900PE,PIIND,27OCT2026,190000.000000,175,OPTSTK,NFO,5.000000,8751,False
102676,FEDERALBNK29SEP26290CE,FEDERALBNK,29SEP2026,29000.000000,2500,OPTSTK,NFO,5.000000,75001,False
102714,PIIND27OCT262600CE,PIIND,27OCT2026,260000.000000,175,OPTSTK,NFO,5.000000,8751,False
102751,IEX23NOV26140PE,IEX,23NOV2026,14000.000000,4350,OPTSTK,NFO,1.000000,174001,False
102759,PIIND27OCT263200CE,PIIND,27OCT2026,320000.000000,175,OPTSTK,NFO,5.000000,8751,False
102830,INDHOTEL27OCT26650CE,INDHOTEL,27OCT2026,65000.000000,1000,OPTSTK,NFO,5.000000,30001,False
102832,PNB29SEP26105PE,PNB,29SEP2026,10500.000000,8000,OPTSTK,NFO,1.000000,240001,False
102844,PNB29SEP26117PE,PNB,29SEP2026,11700.000000,8000,OPTSTK,NFO,1.000000,240001,False
102847,PNB29SEP26121CE,PNB,29SEP2026,12100.000000,8000,OPTSTK,NFO,1.000000,240001,False
102852,PNB29SEP26123PE,PNB,29SEP2026,12300.000000,8000,OPTSTK,NFO,1.000000,240001,False
102856,PNB29SEP26127PE,PNB,29SEP2026,12700.000000,8000,OPTSTK,NFO,1.000000,240001,False
102863,INDHOTEL27OCT26710PE,INDHOTEL,27OCT2026,71000.000000,1000,OPTSTK,NFO,5.000000,30001,False
102907,FEDERALBNK29SEP26350CE,FEDERALBNK,29SEP2026,35000.000000,2500,OPTSTK,NFO,5.000000,75001,False
102911,FEDERALBNK29SEP26370CE,FEDERALBNK,29SEP2026,37000.000000,2500,OPTSTK,NFO,5.000000,75001,False
102917,FEDERALBNK29SEP26400CE,FEDERALBNK,29SEP2026,40000.000000,2500,OPTSTK,NFO,5.000000,75001,False
102997,INDHOTEL23NOV26640PE,INDHOTEL,23NOV2026,64000.000000,1000,OPTSTK,NFO,5.000000,30001,False
103002,INDHOTEL23NOV26700CE,INDHOTEL,23NOV2026,70000.000000,1000,OPTSTK,NFO,5.000000,30001,False
103022,PNB27OCT26104CE,PNB,27OCT2026,10400.000000,8000,OPTSTK,NFO,1.000000,240001,False
103049,FORCEMOT29SEP2614000CE,FORCEMOT,29SEP2026,1400000.000000,25,OPTSTK,NFO,5.000000,1251,False
103034,PNB27OCT26110CE,PNB,27OCT2026,11000.000000,8000,OPTSTK,NFO,1.000000,240001,False
103036,PNB27OCT26112CE,PNB,27OCT2026,11200.000000,8000,OPTSTK,NFO,1.000000,240001,False
103038,PNB27OCT26114CE,PNB,27OCT2026,11400.000000,8000,OPTSTK,NFO,1.000000,240001,False
103056,FORCEMOT29SEP2616000PE,FORCEMOT,29SEP2026,1600000.000000,25,OPTSTK,NFO,5.000000,1251,False
103062,FORCEMOT29SEP2619000PE,FORCEMOT,29SEP2026,1900000.000000,25,OPTSTK,NFO,5.000000,1251,False
103073,PNB27OCT26124PE,PNB,27OCT2026,12400.000000,8000,OPTSTK,NFO,1.000000,240001,False
103097,INDHOTEL23NOV26800PE,INDHOTEL,23NOV2026,80000.000000,1000,OPTSTK,NFO,5.000000,30001,False
103252,PNBHOUSING29SEP261020PE,PNBHOUSING,29SEP2026,102000.000000,650,OPTSTK,NFO,5.000000,19501,False
103262,INDIANB27OCT26830CE,INDIANB,27OCT2026,83000.000000,1000,OPTSTK,NFO,5.000000,30001,False
103268,INDIANB27OCT26890CE,INDIANB,27OCT2026,89000.000000,1000,OPTSTK,NFO,5.000000,30001,False
103276,INDIANB27OCT26970CE,INDIANB,27OCT2026,97000.000000,1000,OPTSTK,NFO,5.000000,30001,False
103342,PNBHOUSING27OCT261120PE,PNBHOUSING,27OCT2026,112000.000000,650,OPTSTK,NFO,5.000000,19501,False
103376,PNBHOUSING27OCT261240PE,PNBHOUSING,27OCT2026,124000.000000,650,OPTSTK,NFO,5.000000,19501,False
103379,PNBHOUSING27OCT261320CE,PNBHOUSING,27OCT2026,132000.000000,650,OPTSTK,NFO,5.000000,19501,False
103474,POLICYBZR29SEP261780PE,POLICYBZR,29SEP2026,178000.000000,350,OPTSTK,NFO,5.000000,14001,False
103480,INDIANB23NOV26900CE,INDIANB,23NOV2026,90000.000000,1000,OPTSTK,NFO,5.000000,30001,False
103485,POLICYBZR29SEP261860CE,POLICYBZR,29SEP2026,186000.000000,350,OPTSTK,NFO,5.000000,14001,False
103489,POLICYBZR29SEP261940CE,POLICYBZR,29SEP2026,194000.000000,350,OPTSTK,NFO,5.000000,14001,False
103545,POLICYBZR27OCT261680PE,POLICYBZR,27OCT2026,168000.000000,350,OPTSTK,NFO,5.000000,14001,False
103552,INDIANB23NOV261000PE,INDIANB,23NOV2026,100000.000000,1000,OPTSTK,NFO,5.000000,30001,False
103636,FORTIS29SEP26800PE,FORTIS,29SEP2026,80000.000000,775,OPTSTK,NFO,5.000000,23251,False
103653,FORTIS29SEP26960CE,FORTIS,29SEP2026,96000.000000,775,OPTSTK,NFO,5.000000,23251,False
103654,POLICYBZR27OCT261840PE,POLICYBZR,27OCT2026,184000.000000,350,OPTSTK,NFO,5.000000,14001,False
103663,FORTIS29SEP261000PE,FORTIS,29SEP2026,100000.000000,775,OPTSTK,NFO,5.000000,23251,False
103667,FORTIS29SEP261040PE,FORTIS,29SEP2026,104000.000000,775,OPTSTK,NFO,5.000000,23251,False
103725,INDIGO27OCT264700PE,INDIGO,27OCT2026,470000.000000,150,OPTSTK,NFO,5.000000,4501,False
103733,INDIGO27OCT265300CE,INDIGO,27OCT2026,530000.000000,150,OPTSTK,NFO,5.000000,4501,False
103763,POLICYBZR27OCT261920CE,POLICYBZR,27OCT2026,192000.000000,350,OPTSTK,NFO,5.000000,14001,False
103781,INDIGO23NOV264600CE,INDIGO,23NOV2026,460000.000000,150,OPTSTK,NFO,5.000000,4501,False
103796,INDIGO23NOV266000PE,INDIGO,23NOV2026,600000.000000,150,OPTSTK,NFO,5.000000,4501,False
103800,POLICYBZR27OCT261960PE,POLICYBZR,27OCT2026,196000.000000,350,OPTSTK,NFO,5.000000,14001,False
103844,POLYCAB29SEP267700CE,POLYCAB,29SEP2026,770000.000000,125,OPTSTK,NFO,5.000000,2501,False
103887,INDUSINDBK27OCT26970CE,INDUSINDBK,27OCT2026,97000.000000,700,OPTSTK,NFO,5.000000,28001,False
103961,POLYCAB29SEP269100CE,POLYCAB,29SEP2026,910000.000000,125,OPTSTK,NFO,5.000000,2501,False
103969,POLYCAB29SEP269500CE,POLYCAB,29SEP2026,950000.000000,125,OPTSTK,NFO,5.000000,2501,False
103971,POLYCAB29SEP269700CE,POLYCAB,29SEP2026,970000.000000,125,OPTSTK,NFO,5.000000,2501,False
103978,POLYCAB29SEP2610300CE,POLYCAB,29SEP2026,1030000.000000,125,OPTSTK,NFO,5.000000,2501,False
104044,INDUSINDBK23NOV26940CE,INDUSINDBK,23NOV2026,94000.000000,700,OPTSTK,NFO,5.000000,28001,False
104045,INDUSINDBK23NOV26940PE,INDUSINDBK,23NOV2026,94000.000000,700,OPTSTK,NFO,5.000000,28001,False
104051,INDUSINDBK23NOV261000CE,INDUSINDBK,23NOV2026,100000.000000,700,OPTSTK,NFO,5.000000,28001,False
104058,INDUSINDBK23NOV261060PE,INDUSINDBK,23NOV2026,106000.000000,700,OPTSTK,NFO,5.000000,28001,False
104060,INDUSINDBK23NOV261080PE,INDUSINDBK,23NOV2026,108000.000000,700,OPTSTK,NFO,5.000000,28001,False
104126,GAIL29SEP26160PE,GAIL,29SEP2026,16000.000000,3550,OPTSTK,NFO,1.000000,142001,False
104133,GAIL29SEP26175CE,GAIL,29SEP2026,17500.000000,3550,OPTSTK,NFO,1.000000,142001,False
104258,POLYCAB27OCT268400CE,POLYCAB,27OCT2026,840000.000000,125,OPTSTK,NFO,5.000000,2501,False
104280,POLYCAB27OCT269400PE,POLYCAB,27OCT2026,940000.000000,125,OPTSTK,NFO,5.000000,2501,False
104291,POLYCAB27OCT2610600CE,POLYCAB,27OCT2026,1060000.000000,125,OPTSTK,NFO,5.000000,2501,False
104294,POLYCAB27OCT2610800PE,POLYCAB,27OCT2026,1080000.000000,125,OPTSTK,NFO,5.000000,2501,False
104380,POWERGRID29SEP26242.5CE,POWERGRID,29SEP2026,24250.000000,1900,OPTSTK,NFO,5.000000,76001,False
104382,POWERGRID29SEP26247.5CE,POWERGRID,29SEP2026,24750.000000,1900,OPTSTK,NFO,5.000000,76001,False
104390,INDUSTOWER27OCT26445PE,INDUSTOWER,27OCT2026,44500.000000,1700,OPTSTK,NFO,5.000000,68001,False
104402,POWERGRID29SEP26282.5PE,POWERGRID,29SEP2026,28250.000000,1900,OPTSTK,NFO,5.000000,76001,False
104409,POWERGRID29SEP26287.5CE,POWERGRID,29SEP2026,28750.000000,1900,OPTSTK,NFO,5.000000,76001,False
104449,INDUSTOWER23NOV26330CE,INDUSTOWER,23NOV2026,33000.000000,1700,OPTSTK,NFO,5.000000,68001,False
104456,INDUSTOWER23NOV26360PE,INDUSTOWER,23NOV2026,36000.000000,1700,OPTSTK,NFO,5.000000,68001,False
104644,POWERGRID27OCT26240CE,POWERGRID,27OCT2026,24000.000000,1900,OPTSTK,NFO,5.000000,76001,False
104649,POWERGRID27OCT26245PE,POWERGRID,27OCT2026,24500.000000,1900,OPTSTK,NFO,5.000000,76001,False
104658,POWERGRID27OCT26270CE,POWERGRID,27OCT2026,27000.000000,1900,OPTSTK,NFO,5.000000,76001,False
104663,POWERGRID27OCT26280PE,POWERGRID,27OCT2026,28000.000000,1900,OPTSTK,NFO,5.000000,76001,False
104765,GLENMARK29SEP262080CE,GLENMARK,29SEP2026,208000.000000,375,OPTSTK,NFO,5.000000,11251,False
104849,POWERINDIA29SEP2629500PE,POWERINDIA,29SEP2026,2950000.000000,25,OPTSTK,NFO,5.000000,751,False
104859,POWERINDIA29SEP2633500PE,POWERINDIA,29SEP2026,3350000.000000,25,OPTSTK,NFO,5.000000,751,False
104864,POWERINDIA29SEP2636500CE,POWERINDIA,29SEP2026,3650000.000000,25,OPTSTK,NFO,5.000000,751,False
104941,POWERINDIA27OCT2628000CE,POWERINDIA,27OCT2026,2800000.000000,25,OPTSTK,NFO,5.000000,751,False
104982,GLENMARK29SEP262680CE,GLENMARK,29SEP2026,268000.000000,375,OPTSTK,NFO,5.000000,11251,False
104994,INOXWIND27OCT2662.5CE,INOXWIND,27OCT2026,6250.000000,6400,OPTSTK,NFO,1.000000,256001,False
104998,POWERINDIA27OCT2631000PE,POWERINDIA,27OCT2026,3100000.000000,25,OPTSTK,NFO,5.000000,751,False
105031,INOXWIND27OCT2667.5PE,INOXWIND,27OCT2026,6750.000000,6400,OPTSTK,NFO,1.000000,256001,False
105035,POWERINDIA27OCT2633000PE,POWERINDIA,27OCT2026,3300000.000000,25,OPTSTK,NFO,5.000000,751,False
105039,POWERINDIA27OCT2635000PE,POWERINDIA,27OCT2026,3500000.000000,25,OPTSTK,NFO,5.000000,751,False
105043,INOXWIND27OCT2682.5PE,INOXWIND,27OCT2026,8250.000000,6400,OPTSTK,NFO,1.000000,256001,False
105050,POWERINDIA27OCT2637000CE,POWERINDIA,27OCT2026,3700000.000000,25,OPTSTK,NFO,5.000000,751,False
105070,POWERINDIA27OCT2639000PE,POWERINDIA,27OCT2026,3900000.000000,25,OPTSTK,NFO,5.000000,751,False
105081,INOXWIND23NOV2670PE,INOXWIND,23NOV2026,7000.000000,6400,OPTSTK,NFO,1.000000,256001,False
105085,INOXWIND23NOV2680PE,INOXWIND,23NOV2026,8000.000000,6400,OPTSTK,NFO,1.000000,256001,False
105124,IOC27OCT26122.5CE,IOC,27OCT2026,12250.000000,4875,OPTSTK,NFO,1.000000,195001,False
105141,PREMIERENE29SEP26860CE,PREMIERENE,29SEP2026,86000.000000,650,OPTSTK,NFO,5.000000,26001,False
105162,PREMIERENE29SEP26940CE,PREMIERENE,29SEP2026,94000.000000,650,OPTSTK,NFO,5.000000,26001,False
105168,PREMIERENE29SEP26980PE,PREMIERENE,29SEP2026,98000.000000,650,OPTSTK,NFO,5.000000,26001,False
105173,PREMIERENE29SEP261020PE,PREMIERENE,29SEP2026,102000.000000,650,OPTSTK,NFO,5.000000,26001,False
105175,PREMIERENE29SEP261060PE,PREMIERENE,29SEP2026,106000.000000,650,OPTSTK,NFO,5.000000,26001,False
105187,IOC23NOV26110PE,IOC,23NOV2026,11000.000000,4875,OPTSTK,NFO,1.000000,195001,False
105195,IOC23NOV26130PE,IOC,23NOV2026,13000.000000,4875,OPTSTK,NFO,1.000000,195001,False
105324,IOC23NOV26150CE,IOC,23NOV2026,15000.000000,4875,OPTSTK,NFO,1.000000,195001,False
105337,IOC23NOV26155PE,IOC,23NOV2026,15500.000000,4875,OPTSTK,NFO,1.000000,195001,False
105340,IOC23NOV26160PE,IOC,23NOV2026,16000.000000,4875,OPTSTK,NFO,1.000000,195001,False
105342,PREMIERENE27OCT26880PE,PREMIERENE,27OCT2026,88000.000000,650,OPTSTK,NFO,5.000000,26001,False
105415,PRESTIGE29SEP261340PE,PRESTIGE,29SEP2026,134000.000000,450,OPTSTK,NFO,5.000000,13501,False
105417,PRESTIGE29SEP261380PE,PRESTIGE,29SEP2026,138000.000000,450,OPTSTK,NFO,5.000000,13501,False
105420,PRESTIGE29SEP261460CE,PRESTIGE,29SEP2026,146000.000000,450,OPTSTK,NFO,5.000000,13501,False
105434,PRESTIGE29SEP261700CE,PRESTIGE,29SEP2026,170000.000000,450,OPTSTK,NFO,5.000000,13501,False
105450,GMRAIRPORT29SEP26112CE,GMRAIRPORT,29SEP2026,11200.000000,6975,OPTSTK,NFO,1.000000,209251,False
105458,GMRAIRPORT29SEP26120CE,GMRAIRPORT,29SEP2026,12000.000000,6975,OPTSTK,NFO,1.000000,209251,False
105539,IREDA27OCT26127.5PE,IREDA,27OCT2026,12750.000000,4525,OPTSTK,NFO,1.000000,181001,False
105583,IREDA23NOV26120PE,IREDA,23NOV2026,12000.000000,4525,OPTSTK,NFO,1.000000,181001,False
105585,IREDA23NOV26125PE,IREDA,23NOV2026,12500.000000,4525,OPTSTK,NFO,1.000000,181001,False
105670,PRESTIGE27OCT261400PE,PRESTIGE,27OCT2026,140000.000000,450,OPTSTK,NFO,5.000000,13501,False
105673,PRESTIGE27OCT261480CE,PRESTIGE,27OCT2026,148000.000000,450,OPTSTK,NFO,5.000000,13501,False
105688,PRESTIGE27OCT261760PE,PRESTIGE,27OCT2026,176000.000000,450,OPTSTK,NFO,5.000000,13501,False
105689,PRESTIGE27OCT261800CE,PRESTIGE,27OCT2026,180000.000000,450,OPTSTK,NFO,5.000000,13501,False
105690,PRESTIGE27OCT261800PE,PRESTIGE,27OCT2026,180000.000000,450,OPTSTK,NFO,5.000000,13501,False
105745,RADICO29SEP264350CE,RADICO,29SEP2026,435000.000000,150,OPTSTK,NFO,5.000000,6001,False
105746,RADICO29SEP264350PE,RADICO,29SEP2026,435000.000000,150,OPTSTK,NFO,5.000000,6001,False
105777,RADICO29SEP264950CE,RADICO,29SEP2026,495000.000000,150,OPTSTK,NFO,5.000000,6001,False
105824,RADICO27OCT263900CE,RADICO,27OCT2026,390000.000000,150,OPTSTK,NFO,5.000000,6001,False
105826,RADICO27OCT264000CE,RADICO,27OCT2026,400000.000000,150,OPTSTK,NFO,5.000000,6001,False
105836,RADICO27OCT264500CE,RADICO,27OCT2026,450000.000000,150,OPTSTK,NFO,5.000000,6001,False
105844,RADICO27OCT264800CE,RADICO,27OCT2026,480000.000000,150,OPTSTK,NFO,5.000000,6001,False
105851,RADICO27OCT265000PE,RADICO,27OCT2026,500000.000000,150,OPTSTK,NFO,5.000000,6001,False
105908,GODFRYPHLP29SEP262400PE,GODFRYPHLP,29SEP2026,240000.000000,275,OPTSTK,NFO,5.000000,11001,False
105911,GODFRYPHLP29SEP262600CE,GODFRYPHLP,29SEP2026,260000.000000,275,OPTSTK,NFO,5.000000,11001,False
105914,IRFC27OCT2681PE,IRFC,27OCT2026,8100.000000,5425,OPTSTK,NFO,1.000000,271251,False
105916,IRFC27OCT2683PE,IRFC,27OCT2026,8300.000000,5425,OPTSTK,NFO,1.000000,271251,False
105917,IRFC27OCT2685CE,IRFC,27OCT2026,8500.000000,5425,OPTSTK,NFO,1.000000,271251,False
105926,IRFC27OCT2689PE,IRFC,27OCT2026,8900.000000,5425,OPTSTK,NFO,1.000000,271251,False
105951,RBLBANK29SEP26345CE,RBLBANK,29SEP2026,34500.000000,3175,OPTSTK,NFO,5.000000,63501,False
105975,RBLBANK29SEP26395PE,RBLBANK,29SEP2026,39500.000000,3175,OPTSTK,NFO,5.000000,63501,False
106032,RBLBANK27OCT26320CE,RBLBANK,27OCT2026,32000.000000,3175,OPTSTK,NFO,5.000000,63501,False
106052,RBLBANK27OCT26400PE,RBLBANK,27OCT2026,40000.000000,3175,OPTSTK,NFO,5.000000,63501,False
106058,RBLBANK27OCT26420PE,RBLBANK,27OCT2026,42000.000000,3175,OPTSTK,NFO,5.000000,63501,False
106065,RBLBANK27OCT26450PE,RBLBANK,27OCT2026,45000.000000,3175,OPTSTK,NFO,5.000000,63501,False
106087,RECLTD29SEP26285PE,RECLTD,29SEP2026,28500.000000,1575,OPTSTK,NFO,5.000000,63001,False
106092,RECLTD29SEP26315CE,RECLTD,29SEP2026,31500.000000,1575,OPTSTK,NFO,5.000000,63001,False
106103,RECLTD29SEP26365PE,RECLTD,29SEP2026,36500.000000,1575,OPTSTK,NFO,5.000000,63001,False
106145,RECLTD27OCT26290PE,RECLTD,27OCT2026,29000.000000,1575,OPTSTK,NFO,5.000000,63001,False
106147,RECLTD27OCT26300CE,RECLTD,27OCT2026,30000.000000,1575,OPTSTK,NFO,5.000000,63001,False
106229,GODREJCP29SEP26720CE,GODREJCP,29SEP2026,72000.000000,500,OPTSTK,NFO,5.000000,25001,False
106234,RECLTD27OCT26360CE,RECLTD,27OCT2026,36000.000000,1575,OPTSTK,NFO,5.000000,63001,False
106243,GODREJCP29SEP26740CE,GODREJCP,29SEP2026,74000.000000,500,OPTSTK,NFO,5.000000,25001,False
106290,GODREJCP29SEP26780PE,GODREJCP,29SEP2026,78000.000000,500,OPTSTK,NFO,5.000000,25001,False
106298,GODREJCP29SEP26800PE,GODREJCP,29SEP2026,80000.000000,500,OPTSTK,NFO,5.000000,25001,False
106303,GODREJCP29SEP26840CE,GODREJCP,29SEP2026,84000.000000,500,OPTSTK,NFO,5.000000,25001,False
106308,GODREJCP29SEP26880PE,GODREJCP,29SEP2026,88000.000000,500,OPTSTK,NFO,5.000000,25001,False
106339,RELIANCE29SEP261150CE,RELIANCE,29SEP2026,115000.000000,500,OPTSTK,NFO,5.000000,20001,False
106346,GODREJCP29SEP261020PE,GODREJCP,29SEP2026,102000.000000,500,OPTSTK,NFO,5.000000,25001,False
106351,GODREJCP29SEP261060PE,GODREJCP,29SEP2026,106000.000000,500,OPTSTK,NFO,5.000000,25001,False
106371,RELIANCE29SEP261290CE,RELIANCE,29SEP2026,129000.000000,500,OPTSTK,NFO,5.000000,20001,False
106373,RELIANCE29SEP261290PE,RELIANCE,29SEP2026,129000.000000,500,OPTSTK,NFO,5.000000,20001,False
106383,RELIANCE29SEP261370CE,RELIANCE,29SEP2026,137000.000000,500,OPTSTK,NFO,5.000000,20001,False
106385,RELIANCE29SEP261390CE,RELIANCE,29SEP2026,139000.000000,500,OPTSTK,NFO,5.000000,20001,False
106403,IRFC23NOV2686CE,IRFC,23NOV2026,8600.000000,5425,OPTSTK,NFO,1.000000,271251,False
106410,IRFC23NOV2692CE,IRFC,23NOV2026,9200.000000,5425,OPTSTK,NFO,1.000000,271251,False
106559,GODREJCP29SEP261200CE,GODREJCP,29SEP2026,120000.000000,500,OPTSTK,NFO,5.000000,25001,False
106560,GODREJCP29SEP261200PE,GODREJCP,29SEP2026,120000.000000,500,OPTSTK,NFO,5.000000,25001,False
106651,RELIANCE27OCT261100CE,RELIANCE,27OCT2026,110000.000000,500,OPTSTK,NFO,5.000000,20001,False
106660,ITC27OCT26242.5PE,ITC,27OCT2026,24250.000000,1725,OPTSTK,NFO,5.000000,86251,False
106662,ITC27OCT26247.5PE,ITC,27OCT2026,24750.000000,1725,OPTSTK,NFO,5.000000,86251,False
106665,ITC27OCT26257.5CE,ITC,27OCT2026,25750.000000,1725,OPTSTK,NFO,5.000000,86251,False
106671,ITC27OCT26272.5CE,ITC,27OCT2026,27250.000000,1725,OPTSTK,NFO,5.000000,86251,False
106680,RELIANCE27OCT261200PE,RELIANCE,27OCT2026,120000.000000,500,OPTSTK,NFO,5.000000,20001,False
106684,ITC27OCT26297.5CE,ITC,27OCT2026,29750.000000,1725,OPTSTK,NFO,5.000000,86251,False
106728,RELIANCE27OCT261320CE,RELIANCE,27OCT2026,132000.000000,500,OPTSTK,NFO,5.000000,20001,False
106748,RELIANCE27OCT261500PE,RELIANCE,27OCT2026,150000.000000,500,OPTSTK,NFO,5.000000,20001,False
106750,RELIANCE27OCT261520PE,RELIANCE,27OCT2026,152000.000000,500,OPTSTK,NFO,5.000000,20001,False
106798,GODREJPROP29SEP261560CE,GODREJPROP,29SEP2026,156000.000000,325,OPTSTK,NFO,5.000000,13001,False
106799,GODREJPROP29SEP261560PE,GODREJPROP,29SEP2026,156000.000000,325,OPTSTK,NFO,5.000000,13001,False
106804,GODREJPROP29SEP261680CE,GODREJPROP,29SEP2026,168000.000000,325,OPTSTK,NFO,5.000000,13001,False
106825,GODREJPROP29SEP261840PE,GODREJPROP,29SEP2026,184000.000000,325,OPTSTK,NFO,5.000000,13001,False
106843,GODREJPROP29SEP262200PE,GODREJPROP,29SEP2026,220000.000000,325,OPTSTK,NFO,5.000000,13001,False
106847,GODREJPROP29SEP262280PE,GODREJPROP,29SEP2026,228000.000000,325,OPTSTK,NFO,5.000000,13001,False
106897,RVNL29SEP26205CE,RVNL,29SEP2026,20500.000000,1925,OPTSTK,NFO,1.000000,96251,False
106898,RVNL29SEP26205PE,RVNL,29SEP2026,20500.000000,1925,OPTSTK,NFO,1.000000,96251,False
106906,RVNL29SEP26245PE,RVNL,29SEP2026,24500.000000,1925,OPTSTK,NFO,1.000000,96251,False
106928,RVNL27OCT26160PE,RVNL,27OCT2026,16000.000000,1925,OPTSTK,NFO,1.000000,96251,False
106932,RVNL27OCT26180PE,RVNL,27OCT2026,18000.000000,1925,OPTSTK,NFO,1.000000,96251,False
106942,RVNL27OCT26220PE,RVNL,27OCT2026,22000.000000,1925,OPTSTK,NFO,1.000000,96251,False
106947,RVNL27OCT26240PE,RVNL,27OCT2026,24000.000000,1925,OPTSTK,NFO,1.000000,96251,False
107033,SAIL29SEP26207.5CE,SAIL,29SEP2026,20750.000000,4700,OPTSTK,NFO,1.000000,141001,False
107035,SAIL29SEP26212.5CE,SAIL,29SEP2026,21250.000000,4700,OPTSTK,NFO,1.000000,141001,False
107098,ITC23NOV26220CE,ITC,23NOV2026,22000.000000,1725,OPTSTK,NFO,5.000000,86251,False
107103,ITC23NOV26230PE,ITC,23NOV2026,23000.000000,1725,OPTSTK,NFO,5.000000,86251,False
107106,ITC23NOV26240CE,ITC,23NOV2026,24000.000000,1725,OPTSTK,NFO,5.000000,86251,False
107113,ITC23NOV26255CE,ITC,23NOV2026,25500.000000,1725,OPTSTK,NFO,5.000000,86251,False
107118,ITC23NOV26265PE,ITC,23NOV2026,26500.000000,1725,OPTSTK,NFO,5.000000,86251,False
107123,ITC23NOV26280CE,ITC,23NOV2026,28000.000000,1725,OPTSTK,NFO,5.000000,86251,False
107136,ITC23NOV26300PE,ITC,23NOV2026,30000.000000,1725,OPTSTK,NFO,5.000000,86251,False
107163,SAIL27OCT26185CE,SAIL,27OCT2026,18500.000000,4700,OPTSTK,NFO,1.000000,141001,False
107185,SAIL27OCT26210PE,SAIL,27OCT2026,21000.000000,4700,OPTSTK,NFO,1.000000,141001,False
107190,SAIL27OCT26220CE,SAIL,27OCT2026,22000.000000,4700,OPTSTK,NFO,1.000000,141001,False
107192,SAIL27OCT26225CE,SAIL,27OCT2026,22500.000000,4700,OPTSTK,NFO,1.000000,141001,False
107240,SBICARD29SEP26670CE,SBICARD,29SEP2026,67000.000000,800,OPTSTK,NFO,5.000000,40001,False
107404,SBICARD27OCT26540CE,SBICARD,27OCT2026,54000.000000,800,OPTSTK,NFO,5.000000,40001,False
107420,GRASIM29SEP262840PE,GRASIM,29SEP2026,284000.000000,250,OPTSTK,NFO,5.000000,7501,False
107423,GRASIM29SEP262920CE,GRASIM,29SEP2026,292000.000000,250,OPTSTK,NFO,5.000000,7501,False
107425,GRASIM29SEP262960CE,GRASIM,29SEP2026,296000.000000,250,OPTSTK,NFO,5.000000,7501,False
107428,GRASIM29SEP263000PE,GRASIM,29SEP2026,300000.000000,250,OPTSTK,NFO,5.000000,7501,False
107436,GRASIM29SEP263160PE,GRASIM,29SEP2026,316000.000000,250,OPTSTK,NFO,5.000000,7501,False
107485,SBICARD27OCT26760PE,SBICARD,27OCT2026,76000.000000,800,OPTSTK,NFO,5.000000,40001,False
107490,JINDALSTEL27OCT261260CE,JINDALSTEL,27OCT2026,126000.000000,625,OPTSTK,NFO,5.000000,18751,False
107493,JINDALSTEL27OCT261260PE,JINDALSTEL,27OCT2026,126000.000000,625,OPTSTK,NFO,5.000000,18751,False
107495,JINDALSTEL27OCT261300PE,JINDALSTEL,27OCT2026,130000.000000,625,OPTSTK,NFO,5.000000,18751,False
107537,JINDALSTEL23NOV261000CE,JINDALSTEL,23NOV2026,100000.000000,625,OPTSTK,NFO,5.000000,18751,False
107543,JINDALSTEL23NOV261120CE,JINDALSTEL,23NOV2026,112000.000000,625,OPTSTK,NFO,5.000000,18751,False
107567,JINDALSTEL23NOV261320PE,JINDALSTEL,23NOV2026,132000.000000,625,OPTSTK,NFO,5.000000,18751,False
107604,GRASIM29SEP263400PE,GRASIM,29SEP2026,340000.000000,250,OPTSTK,NFO,5.000000,7501,False
107630,JIOFIN27OCT26222.5PE,JIOFIN,27OCT2026,22250.000000,2350,OPTSTK,NFO,1.000000,94001,False
107631,JIOFIN27OCT26227.5CE,JIOFIN,27OCT2026,22750.000000,2350,OPTSTK,NFO,1.000000,94001,False
107635,JIOFIN27OCT26237.5CE,JIOFIN,27OCT2026,23750.000000,2350,OPTSTK,NFO,1.000000,94001,False
107638,GRASIM29SEP263480PE,GRASIM,29SEP2026,348000.000000,250,OPTSTK,NFO,5.000000,7501,False
107645,GRASIM29SEP263560CE,GRASIM,29SEP2026,356000.000000,250,OPTSTK,NFO,5.000000,7501,False
107648,JIOFIN27OCT26252.5PE,JIOFIN,27OCT2026,25250.000000,2350,OPTSTK,NFO,1.000000,94001,False
107653,GRASIM29SEP263680CE,GRASIM,29SEP2026,368000.000000,250,OPTSTK,NFO,5.000000,7501,False
107665,JIOFIN27OCT26257.5CE,JIOFIN,27OCT2026,25750.000000,2350,OPTSTK,NFO,1.000000,94001,False
107733,GVT&D29SEP264200CE,GVT&D,29SEP2026,420000.000000,125,OPTSTK,NFO,5.000000,5001,False
107734,GVT&D29SEP264200PE,GVT&D,29SEP2026,420000.000000,125,OPTSTK,NFO,5.000000,5001,False
107735,GVT&D29SEP264400CE,GVT&D,29SEP2026,440000.000000,125,OPTSTK,NFO,5.000000,5001,False
107750,SBILIFE29SEP261620PE,SBILIFE,29SEP2026,162000.000000,375,OPTSTK,NFO,5.000000,15001,False
107861,SBILIFE29SEP261780PE,SBILIFE,29SEP2026,178000.000000,375,OPTSTK,NFO,5.000000,15001,False
107864,SBILIFE29SEP261860CE,SBILIFE,29SEP2026,186000.000000,375,OPTSTK,NFO,5.000000,15001,False
107866,SBILIFE29SEP261900CE,SBILIFE,29SEP2026,190000.000000,375,OPTSTK,NFO,5.000000,15001,False
107973,HAL29SEP265600PE,HAL,29SEP2026,560000.000000,150,OPTSTK,NFO,5.000000,4501,False
108100,HAVELLS29SEP261280PE,HAVELLS,29SEP2026,128000.000000,500,OPTSTK,NFO,5.000000,20001,False
108214,SBIN29SEP26970CE,SBIN,29SEP2026,97000.000000,750,OPTSTK,NFO,5.000000,22501,False
108131,SBILIFE27OCT262000CE,SBILIFE,27OCT2026,200000.000000,375,OPTSTK,NFO,5.000000,15001,False
108210,SBIN29SEP26950CE,SBIN,29SEP2026,95000.000000,750,OPTSTK,NFO,5.000000,22501,False
108218,SBIN29SEP26990PE,SBIN,29SEP2026,99000.000000,750,OPTSTK,NFO,5.000000,22501,False
108270,SBIN29SEP261150PE,SBIN,29SEP2026,115000.000000,750,OPTSTK,NFO,5.000000,22501,False
108273,SBIN29SEP261190CE,SBIN,29SEP2026,119000.000000,750,OPTSTK,NFO,5.000000,22501,False
108345,JSWENERGY27OCT26530PE,JSWENERGY,27OCT2026,53000.000000,1075,OPTSTK,NFO,5.000000,43001,False
108346,JSWENERGY27OCT26550CE,JSWENERGY,27OCT2026,55000.000000,1075,OPTSTK,NFO,5.000000,43001,False
108386,SBIN27OCT26840CE,SBIN,27OCT2026,84000.000000,750,OPTSTK,NFO,5.000000,22501,False
108413,JSWENERGY23NOV26500PE,JSWENERGY,23NOV2026,50000.000000,1075,OPTSTK,NFO,5.000000,43001,False
108472,JSWSTEEL27OCT261340PE,JSWSTEEL,27OCT2026,134000.000000,675,OPTSTK,NFO,5.000000,20251,False
108487,JSWSTEEL27OCT261420PE,JSWSTEEL,27OCT2026,142000.000000,675,OPTSTK,NFO,5.000000,20251,False
108491,HCLTECH29SEP261000PE,HCLTECH,29SEP2026,100000.000000,400,OPTSTK,NFO,5.000000,20001,False
108503,HCLTECH29SEP261100CE,HCLTECH,29SEP2026,110000.000000,400,OPTSTK,NFO,5.000000,20001,False
108524,HCLTECH29SEP261260PE,HCLTECH,29SEP2026,126000.000000,400,OPTSTK,NFO,5.000000,20001,False
108543,HCLTECH29SEP261320PE,HCLTECH,29SEP2026,132000.000000,400,OPTSTK,NFO,5.000000,20001,False
108555,HCLTECH29SEP261440PE,HCLTECH,29SEP2026,144000.000000,400,OPTSTK,NFO,5.000000,20001,False
108557,HCLTECH29SEP261480PE,HCLTECH,29SEP2026,148000.000000,400,OPTSTK,NFO,5.000000,20001,False
108581,JSWSTEEL23NOV261160PE,JSWSTEEL,23NOV2026,116000.000000,675,OPTSTK,NFO,5.000000,20251,False
108588,JSWSTEEL23NOV261320CE,JSWSTEEL,23NOV2026,132000.000000,675,OPTSTK,NFO,5.000000,20251,False
108590,JSWSTEEL23NOV261360CE,JSWSTEEL,23NOV2026,136000.000000,675,OPTSTK,NFO,5.000000,20251,False
108592,JSWSTEEL23NOV261400CE,JSWSTEEL,23NOV2026,140000.000000,675,OPTSTK,NFO,5.000000,20251,False
108603,JSWSTEEL23NOV261480PE,JSWSTEEL,23NOV2026,148000.000000,675,OPTSTK,NFO,5.000000,20251,False
108619,SBIN27OCT261120CE,SBIN,27OCT2026,112000.000000,750,OPTSTK,NFO,5.000000,22501,False
108622,SBIN27OCT261140PE,SBIN,27OCT2026,114000.000000,750,OPTSTK,NFO,5.000000,22501,False
108675,SHREECEM29SEP2623750PE,SHREECEM,29SEP2026,2375000.000000,25,OPTSTK,NFO,5.000000,1001,False
108679,SHREECEM29SEP2624750PE,SHREECEM,29SEP2026,2475000.000000,25,OPTSTK,NFO,5.000000,1001,False
108775,SHREECEM27OCT2625500PE,SHREECEM,27OCT2026,2550000.000000,25,OPTSTK,NFO,5.000000,1001,False
108685,SHREECEM29SEP2625750PE,SHREECEM,29SEP2026,2575000.000000,25,OPTSTK,NFO,5.000000,1001,False
108734,SHREECEM27OCT2619000CE,SHREECEM,27OCT2026,1900000.000000,25,OPTSTK,NFO,5.000000,1001,False
108753,SHREECEM27OCT2623000CE,SHREECEM,27OCT2026,2300000.000000,25,OPTSTK,NFO,5.000000,1001,False
108777,SHREECEM27OCT2626000CE,SHREECEM,27OCT2026,2600000.000000,25,OPTSTK,NFO,5.000000,1001,False
108780,SHREECEM27OCT2626500PE,SHREECEM,27OCT2026,2650000.000000,25,OPTSTK,NFO,5.000000,1001,False
108782,SHREECEM27OCT2627000PE,SHREECEM,27OCT2026,2700000.000000,25,OPTSTK,NFO,5.000000,1001,False
108832,JUBLFOOD27OCT26445PE,JUBLFOOD,27OCT2026,44500.000000,1250,OPTSTK,NFO,5.000000,50001,False
108864,JUBLFOOD27OCT26515PE,JUBLFOOD,27OCT2026,51500.000000,1250,OPTSTK,NFO,5.000000,50001,False
108874,HDFCAMC29SEP262100PE,HDFCAMC,29SEP2026,210000.000000,300,OPTSTK,NFO,5.000000,9001,False
108905,JUBLFOOD27OCT26545CE,JUBLFOOD,27OCT2026,54500.000000,1250,OPTSTK,NFO,5.000000,50001,False
109007,JUBLFOOD23NOV26420CE,JUBLFOOD,23NOV2026,42000.000000,1250,OPTSTK,NFO,5.000000,50001,False
109016,JUBLFOOD23NOV26440PE,JUBLFOOD,23NOV2026,44000.000000,1250,OPTSTK,NFO,5.000000,50001,False
109038,HDFCBANK29SEP26580CE,HDFCBANK,29SEP2026,58000.000000,650,OPTSTK,NFO,5.000000,32501,False
109076,HDFCBANK29SEP26660CE,HDFCBANK,29SEP2026,66000.000000,650,OPTSTK,NFO,5.000000,32501,False
109093,HDFCBANK29SEP26700PE,HDFCBANK,29SEP2026,70000.000000,650,OPTSTK,NFO,5.000000,32501,False
109103,HDFCBANK29SEP26800PE,HDFCBANK,29SEP2026,80000.000000,650,OPTSTK,NFO,5.000000,32501,False
109108,HDFCBANK29SEP26860CE,HDFCBANK,29SEP2026,86000.000000,650,OPTSTK,NFO,5.000000,32501,False
109210,SHRIRAMFIN27OCT261200PE,SHRIRAMFIN,27OCT2026,120000.000000,825,OPTSTK,NFO,5.000000,24751,False
109213,SHRIRAMFIN27OCT261280CE,SHRIRAMFIN,27OCT2026,128000.000000,825,OPTSTK,NFO,5.000000,24751,False
109387,KALYANKJIL23NOV26660CE,KALYANKJIL,23NOV2026,66000.000000,1350,OPTSTK,NFO,5.000000,40501,False
109389,KALYANKJIL23NOV26680CE,KALYANKJIL,23NOV2026,68000.000000,1350,OPTSTK,NFO,5.000000,40501,False
109434,SIEMENS27OCT263600PE,SIEMENS,27OCT2026,360000.000000,175,OPTSTK,NFO,5.000000,7001,False
109487,KAYNES27OCT263950PE,KAYNES,27OCT2026,395000.000000,150,OPTSTK,NFO,5.000000,6001,False
109525,SOLARINDS29SEP2616250CE,SOLARINDS,29SEP2026,1625000.000000,50,OPTSTK,NFO,5.000000,1501,False
109534,SOLARINDS29SEP2616250PE,SOLARINDS,29SEP2026,1625000.000000,50,OPTSTK,NFO,5.000000,1501,False
109548,SOLARINDS29SEP2619750PE,SOLARINDS,29SEP2026,1975000.000000,50,OPTSTK,NFO,5.000000,1501,False
109552,SOLARINDS29SEP2620750CE,SOLARINDS,29SEP2026,2075000.000000,50,OPTSTK,NFO,5.000000,1501,False
109554,SOLARINDS29SEP2621250CE,SOLARINDS,29SEP2026,2125000.000000,50,OPTSTK,NFO,5.000000,1501,False
109558,SOLARINDS29SEP2622250CE,SOLARINDS,29SEP2026,2225000.000000,50,OPTSTK,NFO,5.000000,1501,False
109559,SOLARINDS29SEP2622250PE,SOLARINDS,29SEP2026,2225000.000000,50,OPTSTK,NFO,5.000000,1501,False
109572,HDFCLIFE29SEP26430PE,HDFCLIFE,29SEP2026,43000.000000,1100,OPTSTK,NFO,5.000000,44001,False
109586,HDFCLIFE29SEP26480PE,HDFCLIFE,29SEP2026,48000.000000,1100,OPTSTK,NFO,5.000000,44001,False
109591,HDFCLIFE29SEP26510CE,HDFCLIFE,29SEP2026,51000.000000,1100,OPTSTK,NFO,5.000000,44001,False
109604,HDFCLIFE29SEP26560PE,HDFCLIFE,29SEP2026,56000.000000,1100,OPTSTK,NFO,5.000000,44001,False
109607,HDFCLIFE29SEP26570PE,HDFCLIFE,29SEP2026,57000.000000,1100,OPTSTK,NFO,5.000000,44001,False
109609,HDFCLIFE29SEP26580PE,HDFCLIFE,29SEP2026,58000.000000,1100,OPTSTK,NFO,5.000000,44001,False
109620,HDFCLIFE29SEP26630CE,HDFCLIFE,29SEP2026,63000.000000,1100,OPTSTK,NFO,5.000000,44001,False
109752,HEROMOTOCO29SEP264600PE,HEROMOTOCO,29SEP2026,460000.000000,150,OPTSTK,NFO,5.000000,4501,False
109762,SONACOMS29SEP26750CE,SONACOMS,29SEP2026,75000.000000,1225,OPTSTK,NFO,5.000000,36751,False
109764,SONACOMS29SEP26770CE,SONACOMS,29SEP2026,77000.000000,1225,OPTSTK,NFO,5.000000,36751,False
109774,HEROMOTOCO29SEP265000PE,HEROMOTOCO,29SEP2026,500000.000000,150,OPTSTK,NFO,5.000000,4501,False
109775,HEROMOTOCO29SEP265200CE,HEROMOTOCO,29SEP2026,520000.000000,150,OPTSTK,NFO,5.000000,4501,False
109776,HEROMOTOCO29SEP265200PE,HEROMOTOCO,29SEP2026,520000.000000,150,OPTSTK,NFO,5.000000,4501,False
109788,SONACOMS29SEP26870CE,SONACOMS,29SEP2026,87000.000000,1225,OPTSTK,NFO,5.000000,36751,False
109823,SONACOMS27OCT26700CE,SONACOMS,27OCT2026,70000.000000,1225,OPTSTK,NFO,5.000000,36751,False
109832,KAYNES23NOV263000CE,KAYNES,23NOV2026,300000.000000,150,OPTSTK,NFO,5.000000,6001,False
109836,KAYNES23NOV263200CE,KAYNES,23NOV2026,320000.000000,150,OPTSTK,NFO,5.000000,6001,False
109846,KAYNES23NOV263700CE,KAYNES,23NOV2026,370000.000000,150,OPTSTK,NFO,5.000000,6001,False
109859,SONACOMS27OCT26780CE,SONACOMS,27OCT2026,78000.000000,1225,OPTSTK,NFO,5.000000,36751,False
109863,KAYNES23NOV264100PE,KAYNES,23NOV2026,410000.000000,150,OPTSTK,NFO,5.000000,6001,False
109870,SONACOMS27OCT26820PE,SONACOMS,27OCT2026,82000.000000,1225,OPTSTK,NFO,5.000000,36751,False
109877,SONACOMS27OCT26900CE,SONACOMS,27OCT2026,90000.000000,1225,OPTSTK,NFO,5.000000,36751,False
109908,KEI27OCT264100CE,KEI,27OCT2026,410000.000000,175,OPTSTK,NFO,5.000000,5251,False
109916,SRF29SEP262250PE,SRF,29SEP2026,225000.000000,200,OPTSTK,NFO,5.000000,8001,False
109920,KEI27OCT264500CE,KEI,27OCT2026,450000.000000,175,OPTSTK,NFO,5.000000,5251,False
109933,SRF29SEP262850CE,SRF,29SEP2026,285000.000000,200,OPTSTK,NFO,5.000000,8001,False
109960,KEI27OCT264700PE,KEI,27OCT2026,470000.000000,175,OPTSTK,NFO,5.000000,5251,False
109976,KEI27OCT266300PE,KEI,27OCT2026,630000.000000,175,OPTSTK,NFO,5.000000,5251,False
110012,SRF27OCT262900PE,SRF,27OCT2026,290000.000000,200,OPTSTK,NFO,5.000000,8001,False
110051,KEI23NOV263600PE,KEI,23NOV2026,360000.000000,175,OPTSTK,NFO,5.000000,5251,False
110097,KEI23NOV265000PE,KEI,23NOV2026,500000.000000,175,OPTSTK,NFO,5.000000,5251,False
110078,KEI23NOV264400CE,KEI,23NOV2026,440000.000000,175,OPTSTK,NFO,5.000000,5251,False
110081,KEI23NOV264400PE,KEI,23NOV2026,440000.000000,175,OPTSTK,NFO,5.000000,5251,False
110105,HINDALCO29SEP261040CE,HINDALCO,29SEP2026,104000.000000,700,OPTSTK,NFO,5.000000,21001,False
110108,HINDALCO29SEP261080PE,HINDALCO,29SEP2026,108000.000000,700,OPTSTK,NFO,5.000000,21001,False
110153,SUNPHARMA29SEP261860CE,SUNPHARMA,29SEP2026,186000.000000,350,OPTSTK,NFO,5.000000,14001,False
110157,HINDPETRO29SEP26360.75PE,HINDPETRO,29SEP2026,36075.000000,2025,OPTSTK,NFO,5.000000,60751,False
110161,HINDPETRO29SEP26380.75PE,HINDPETRO,29SEP2026,38075.000000,2025,OPTSTK,NFO,5.000000,60751,False
110167,SUNPHARMA29SEP261980PE,SUNPHARMA,29SEP2026,198000.000000,350,OPTSTK,NFO,5.000000,14001,False
110193,KFINTECH27OCT26940CE,KFINTECH,27OCT2026,94000.000000,575,OPTSTK,NFO,5.000000,23001,False
110196,SUNPHARMA29SEP262140CE,SUNPHARMA,29SEP2026,214000.000000,350,OPTSTK,NFO,5.000000,14001,False
110286,KFINTECH23NOV26960PE,KFINTECH,23NOV2026,96000.000000,575,OPTSTK,NFO,5.000000,23001,False
110289,KFINTECH23NOV261040CE,KFINTECH,23NOV2026,104000.000000,575,OPTSTK,NFO,5.000000,23001,False
110331,SUNPHARMA27OCT261600CE,SUNPHARMA,27OCT2026,160000.000000,350,OPTSTK,NFO,5.000000,14001,False
110292,KFINTECH23NOV261080PE,KFINTECH,23NOV2026,108000.000000,575,OPTSTK,NFO,5.000000,23001,False
110362,SUNPHARMA27OCT261840PE,SUNPHARMA,27OCT2026,184000.000000,350,OPTSTK,NFO,5.000000,14001,False
110363,SUNPHARMA27OCT261880CE,SUNPHARMA,27OCT2026,188000.000000,350,OPTSTK,NFO,5.000000,14001,False
110457,SUPREMEIND29SEP263150PE,SUPREMEIND,29SEP2026,315000.000000,175,OPTSTK,NFO,5.000000,7001,False
110458,SUPREMEIND29SEP263250CE,SUPREMEIND,29SEP2026,325000.000000,175,OPTSTK,NFO,5.000000,7001,False
110464,SUPREMEIND29SEP263550CE,SUPREMEIND,29SEP2026,355000.000000,175,OPTSTK,NFO,5.000000,7001,False
110487,KOTAKBANK27OCT26375PE,KOTAKBANK,27OCT2026,37500.000000,2000,OPTSTK,NFO,5.000000,60001,False
110494,KOTAKBANK27OCT26415CE,KOTAKBANK,27OCT2026,41500.000000,2000,OPTSTK,NFO,5.000000,60001,False
110542,HINDUNILVR29SEP261600PE,HINDUNILVR,29SEP2026,160000.000000,300,OPTSTK,NFO,5.000000,12001,False
110547,SUPREMEIND27OCT263000CE,SUPREMEIND,27OCT2026,300000.000000,175,OPTSTK,NFO,5.000000,7001,False
110548,SUPREMEIND27OCT263000PE,SUPREMEIND,27OCT2026,300000.000000,175,OPTSTK,NFO,5.000000,7001,False
110558,SUPREMEIND27OCT263500CE,SUPREMEIND,27OCT2026,350000.000000,175,OPTSTK,NFO,5.000000,7001,False
110570,SUPREMEIND27OCT263900PE,SUPREMEIND,27OCT2026,390000.000000,175,OPTSTK,NFO,5.000000,7001,False
110582,HINDUNILVR29SEP261840PE,HINDUNILVR,29SEP2026,184000.000000,300,OPTSTK,NFO,5.000000,12001,False
110583,HINDUNILVR29SEP261880CE,HINDUNILVR,29SEP2026,188000.000000,300,OPTSTK,NFO,5.000000,12001,False
110586,HINDUNILVR29SEP261920PE,HINDUNILVR,29SEP2026,192000.000000,300,OPTSTK,NFO,5.000000,12001,False
110589,HINDUNILVR29SEP262000CE,HINDUNILVR,29SEP2026,200000.000000,300,OPTSTK,NFO,5.000000,12001,False
110598,KOTAKBANK27OCT26455PE,KOTAKBANK,27OCT2026,45500.000000,2000,OPTSTK,NFO,5.000000,60001,False
110599,KOTAKBANK27OCT26465CE,KOTAKBANK,27OCT2026,46500.000000,2000,OPTSTK,NFO,5.000000,60001,False
110716,KOTAKBANK23NOV26410PE,KOTAKBANK,23NOV2026,41000.000000,2000,OPTSTK,NFO,5.000000,60001,False
110675,SUZLON29SEP2643PE,SUZLON,29SEP2026,4300.000000,12700,OPTSTK,NFO,1.000000,381001,False
110744,SUZLON29SEP2651CE,SUZLON,29SEP2026,5100.000000,12700,OPTSTK,NFO,1.000000,381001,False
110753,SUZLON29SEP2653CE,SUZLON,29SEP2026,5300.000000,12700,OPTSTK,NFO,1.000000,381001,False
110767,HINDUNILVR29SEP262240CE,HINDUNILVR,29SEP2026,224000.000000,300,OPTSTK,NFO,5.000000,12001,False
110807,SUZLON27OCT2636PE,SUZLON,27OCT2026,3600.000000,12700,OPTSTK,NFO,1.000000,381001,False
110811,SUZLON27OCT2640PE,SUZLON,27OCT2026,4000.000000,12700,OPTSTK,NFO,1.000000,381001,False
110880,KPITTECH27OCT26590PE,KPITTECH,27OCT2026,59000.000000,775,OPTSTK,NFO,5.000000,38751,False
110821,HINDUNILVR29SEP262360PE,HINDUNILVR,29SEP2026,236000.000000,300,OPTSTK,NFO,5.000000,12001,False
110871,KPITTECH27OCT26510PE,KPITTECH,27OCT2026,51000.000000,775,OPTSTK,NFO,5.000000,38751,False
110884,KPITTECH27OCT26630PE,KPITTECH,27OCT2026,63000.000000,775,OPTSTK,NFO,5.000000,38751,False
111035,SWIGGY29SEP26245PE,SWIGGY,29SEP2026,24500.000000,1825,OPTSTK,NFO,5.000000,73001,False
111041,SWIGGY29SEP26265CE,SWIGGY,29SEP2026,26500.000000,1825,OPTSTK,NFO,5.000000,73001,False
111055,HINDZINC29SEP26560PE,HINDZINC,29SEP2026,56000.000000,1225,OPTSTK,NFO,5.000000,36751,False
111062,HINDZINC29SEP26640CE,HINDZINC,29SEP2026,64000.000000,1225,OPTSTK,NFO,5.000000,36751,False
111067,HINDZINC29SEP26680PE,HINDZINC,29SEP2026,68000.000000,1225,OPTSTK,NFO,5.000000,36751,False
111141,SWIGGY29SEP26345CE,SWIGGY,29SEP2026,34500.000000,1825,OPTSTK,NFO,5.000000,73001,False
111191,KPITTECH23NOV26560CE,KPITTECH,23NOV2026,56000.000000,775,OPTSTK,NFO,5.000000,38751,False
111212,SWIGGY27OCT26230PE,SWIGGY,27OCT2026,23000.000000,1825,OPTSTK,NFO,5.000000,73001,False
111216,SWIGGY27OCT26250PE,SWIGGY,27OCT2026,25000.000000,1825,OPTSTK,NFO,5.000000,73001,False
111249,HYUNDAI29SEP261880PE,HYUNDAI,29SEP2026,188000.000000,275,OPTSTK,NFO,5.000000,11001,False
111253,HYUNDAI29SEP261960PE,HYUNDAI,29SEP2026,196000.000000,275,OPTSTK,NFO,5.000000,11001,False
111256,HYUNDAI29SEP262040CE,HYUNDAI,29SEP2026,204000.000000,275,OPTSTK,NFO,5.000000,11001,False
111260,SWIGGY27OCT26300CE,SWIGGY,27OCT2026,30000.000000,1825,OPTSTK,NFO,5.000000,73001,False
111262,SWIGGY27OCT26310CE,SWIGGY,27OCT2026,31000.000000,1825,OPTSTK,NFO,5.000000,73001,False
111278,HYUNDAI29SEP262200CE,HYUNDAI,29SEP2026,220000.000000,275,OPTSTK,NFO,5.000000,11001,False
111280,HYUNDAI29SEP262240CE,HYUNDAI,29SEP2026,224000.000000,275,OPTSTK,NFO,5.000000,11001,False
111287,HYUNDAI29SEP262360PE,HYUNDAI,29SEP2026,236000.000000,275,OPTSTK,NFO,5.000000,11001,False
111295,HYUNDAI29SEP262520PE,HYUNDAI,29SEP2026,252000.000000,275,OPTSTK,NFO,5.000000,11001,False
111373,LAURUSLABS27OCT261860CE,LAURUSLABS,27OCT2026,186000.000000,850,OPTSTK,NFO,5.000000,17001,False
111376,LAURUSLABS27OCT261860PE,LAURUSLABS,27OCT2026,186000.000000,850,OPTSTK,NFO,5.000000,17001,False
111385,LAURUSLABS27OCT261940CE,LAURUSLABS,27OCT2026,194000.000000,850,OPTSTK,NFO,5.000000,17001,False
111391,LAURUSLABS27OCT262060CE,LAURUSLABS,27OCT2026,206000.000000,850,OPTSTK,NFO,5.000000,17001,False
111395,LAURUSLABS27OCT262100PE,LAURUSLABS,27OCT2026,210000.000000,850,OPTSTK,NFO,5.000000,17001,False
111518,ICICIBANK29SEP261200PE,ICICIBANK,29SEP2026,120000.000000,700,OPTSTK,NFO,5.000000,21001,False
111534,ICICIBANK29SEP261320CE,ICICIBANK,29SEP2026,132000.000000,700,OPTSTK,NFO,5.000000,21001,False
111538,ICICIBANK29SEP261340PE,ICICIBANK,29SEP2026,134000.000000,700,OPTSTK,NFO,5.000000,21001,False
111540,ICICIBANK29SEP261360PE,ICICIBANK,29SEP2026,136000.000000,700,OPTSTK,NFO,5.000000,21001,False
111543,ICICIBANK29SEP261400CE,ICICIBANK,29SEP2026,140000.000000,700,OPTSTK,NFO,5.000000,21001,False
111545,TATACONSUM29SEP261010CE,TATACONSUM,29SEP2026,101000.000000,550,OPTSTK,NFO,5.000000,22001,False
111574,ICICIBANK29SEP261600PE,ICICIBANK,29SEP2026,160000.000000,700,OPTSTK,NFO,5.000000,21001,False
111615,TATACONSUM29SEP261130PE,TATACONSUM,29SEP2026,113000.000000,550,OPTSTK,NFO,5.000000,22001,False
111642,LAURUSLABS23NOV261680PE,LAURUSLABS,23NOV2026,168000.000000,850,OPTSTK,NFO,5.000000,17001,False
111649,LAURUSLABS23NOV261760CE,LAURUSLABS,23NOV2026,176000.000000,850,OPTSTK,NFO,5.000000,17001,False
111705,TATACONSUM27OCT26900PE,TATACONSUM,27OCT2026,90000.000000,550,OPTSTK,NFO,5.000000,22001,False
111708,TATACONSUM27OCT26940CE,TATACONSUM,27OCT2026,94000.000000,550,OPTSTK,NFO,5.000000,22001,False
111713,TATACONSUM27OCT26980PE,TATACONSUM,27OCT2026,98000.000000,550,OPTSTK,NFO,5.000000,22001,False
111718,TATACONSUM27OCT261040CE,TATACONSUM,27OCT2026,104000.000000,550,OPTSTK,NFO,5.000000,22001,False
111738,TATACONSUM27OCT261100CE,TATACONSUM,27OCT2026,110000.000000,550,OPTSTK,NFO,5.000000,22001,False
111808,TATACONSUM27OCT261280CE,TATACONSUM,27OCT2026,128000.000000,550,OPTSTK,NFO,5.000000,22001,False
111910,LICHSGFIN27OCT26510CE,LICHSGFIN,27OCT2026,51000.000000,1000,OPTSTK,NFO,5.000000,40001,False
111912,LICHSGFIN27OCT26530CE,LICHSGFIN,27OCT2026,53000.000000,1000,OPTSTK,NFO,5.000000,40001,False
111961,ICICIGI29SEP261440CE,ICICIGI,29SEP2026,144000.000000,325,OPTSTK,NFO,5.000000,13001,False
100012,HINDZINC27OCT26570PE,HINDZINC,27OCT2026,57000.000000,1225,OPTSTK,NFO,5.000000,36751,False
100013,HINDZINC27OCT26590CE,HINDZINC,27OCT2026,59000.000000,1225,OPTSTK,NFO,5.000000,36751,False
100077,DIVISLAB29SEP268000PE,DIVISLAB,29SEP2026,800000.000000,100,OPTSTK,NFO,5.000000,3001,False
100079,DIVISLAB29SEP268200PE,DIVISLAB,29SEP2026,820000.000000,100,OPTSTK,NFO,5.000000,3001,False
100083,DIVISLAB29SEP268800PE,DIVISLAB,29SEP2026,880000.000000,100,OPTSTK,NFO,5.000000,3001,False
100151,HINDZINC23NOV26640CE,HINDZINC,23NOV2026,64000.000000,1225,OPTSTK,NFO,5.000000,36751,False
100176,PATANJALI29SEP26345PE,PATANJALI,29SEP2026,34500.000000,1075,OPTSTK,NFO,5.000000,64501,False
100185,PATANJALI29SEP26385CE,PATANJALI,29SEP2026,38500.000000,1075,OPTSTK,NFO,5.000000,64501,False
100187,PATANJALI29SEP26395CE,PATANJALI,29SEP2026,39500.000000,1075,OPTSTK,NFO,5.000000,64501,False
100188,PATANJALI29SEP26395PE,PATANJALI,29SEP2026,39500.000000,1075,OPTSTK,NFO,5.000000,64501,False
100220,HYUNDAI27OCT262220CE,HYUNDAI,27OCT2026,222000.000000,275,OPTSTK,NFO,5.000000,11001,False
100226,HYUNDAI27OCT262300CE,HYUNDAI,27OCT2026,230000.000000,275,OPTSTK,NFO,5.000000,11001,False
100229,HYUNDAI27OCT262340PE,HYUNDAI,27OCT2026,234000.000000,275,OPTSTK,NFO,5.000000,11001,False
100232,HYUNDAI27OCT262380CE,HYUNDAI,27OCT2026,238000.000000,275,OPTSTK,NFO,5.000000,11001,False
100238,HYUNDAI27OCT262460PE,HYUNDAI,27OCT2026,246000.000000,275,OPTSTK,NFO,5.000000,11001,False
100369,PATANJALI27OCT26290PE,PATANJALI,27OCT2026,29000.000000,1075,OPTSTK,NFO,5.000000,64501,False
100370,PATANJALI27OCT26300CE,PATANJALI,27OCT2026,30000.000000,1075,OPTSTK,NFO,5.000000,64501,False
100372,PATANJALI27OCT26310CE,PATANJALI,27OCT2026,31000.000000,1075,OPTSTK,NFO,5.000000,64501,False
100376,HYUNDAI23NOV262160CE,HYUNDAI,23NOV2026,216000.000000,275,OPTSTK,NFO,5.000000,11001,False
100423,PATANJALI27OCT26320CE,PATANJALI,27OCT2026,32000.000000,1075,OPTSTK,NFO,5.000000,64501,False
100424,PATANJALI27OCT26320PE,PATANJALI,27OCT2026,32000.000000,1075,OPTSTK,NFO,5.000000,64501,False
100443,PATANJALI27OCT26360PE,PATANJALI,27OCT2026,36000.000000,1075,OPTSTK,NFO,5.000000,64501,False
100512,DIXON29SEP2614000CE,DIXON,29SEP2026,1400000.000000,50,OPTSTK,NFO,5.000000,1501,False
100529,DIXON29SEP2616000CE,DIXON,29SEP2026,1600000.000000,50,OPTSTK,NFO,5.000000,1501,False
100586,DLF29SEP26540PE,DLF,29SEP2026,54000.000000,950,OPTSTK,NFO,5.000000,38001,False
100592,DLF29SEP26600PE,DLF,29SEP2026,60000.000000,950,OPTSTK,NFO,5.000000,38001,False
100618,PAYTM29SEP261340PE,PAYTM,29SEP2026,134000.000000,725,OPTSTK,NFO,5.000000,14501,False
100707,PAYTM27OCT261560PE,PAYTM,27OCT2026,156000.000000,725,OPTSTK,NFO,5.000000,14501,False
100722,PAYTM27OCT261640CE,PAYTM,27OCT2026,164000.000000,725,OPTSTK,NFO,5.000000,14501,False
100796,DLF29SEP26780PE,DLF,29SEP2026,78000.000000,950,OPTSTK,NFO,5.000000,38001,False
100866,PERSISTENT27OCT266000PE,PERSISTENT,27OCT2026,600000.000000,125,OPTSTK,NFO,5.000000,3751,False
100867,PERSISTENT27OCT266200CE,PERSISTENT,27OCT2026,620000.000000,125,OPTSTK,NFO,5.000000,3751,False
100870,PERSISTENT27OCT266400PE,PERSISTENT,27OCT2026,640000.000000,125,OPTSTK,NFO,5.000000,3751,False
100872,PERSISTENT27OCT266600PE,PERSISTENT,27OCT2026,660000.000000,125,OPTSTK,NFO,5.000000,3751,False
100967,PETRONET27OCT26320PE,PETRONET,27OCT2026,32000.000000,1900,OPTSTK,NFO,5.000000,76001,False
101004,PFC29SEP26315PE,PFC,29SEP2026,31500.000000,1300,OPTSTK,NFO,5.000000,52001,False
101121,PFC27OCT26320CE,PFC,27OCT2026,32000.000000,1300,OPTSTK,NFO,5.000000,52001,False
101136,ICICIBANK23NOV261320CE,ICICIBANK,23NOV2026,132000.000000,700,OPTSTK,NFO,5.000000,21001,False
101148,ICICIBANK23NOV261440CE,ICICIBANK,23NOV2026,144000.000000,700,OPTSTK,NFO,5.000000,21001,False
101181,ICICIBANK23NOV261520PE,ICICIBANK,23NOV2026,152000.000000,700,OPTSTK,NFO,5.000000,21001,False
101185,ICICIBANK23NOV261540PE,ICICIBANK,23NOV2026,154000.000000,700,OPTSTK,NFO,5.000000,21001,False
101189,ICICIBANK23NOV261580PE,ICICIBANK,23NOV2026,158000.000000,700,OPTSTK,NFO,5.000000,21001,False
101191,DMART29SEP263500CE,DMART,29SEP2026,350000.000000,150,OPTSTK,NFO,5.000000,6001,False
101238,DMART29SEP264000CE,DMART,29SEP2026,400000.000000,150,OPTSTK,NFO,5.000000,6001,False
101338,ICICIGI27OCT261460CE,ICICIGI,27OCT2026,146000.000000,325,OPTSTK,NFO,5.000000,13001,False
101339,ICICIGI27OCT261460PE,ICICIGI,27OCT2026,146000.000000,325,OPTSTK,NFO,5.000000,13001,False
101343,ICICIGI27OCT261540PE,ICICIGI,27OCT2026,154000.000000,325,OPTSTK,NFO,5.000000,13001,False
101375,PFC27OCT26400CE,PFC,27OCT2026,40000.000000,1300,OPTSTK,NFO,5.000000,52001,False
101440,PGEL29SEP26490PE,PGEL,29SEP2026,49000.000000,950,OPTSTK,NFO,5.000000,38001,False
101448,PGEL29SEP26570PE,PGEL,29SEP2026,57000.000000,950,OPTSTK,NFO,5.000000,38001,False
101451,PGEL29SEP26610CE,PGEL,29SEP2026,61000.000000,950,OPTSTK,NFO,5.000000,38001,False
101459,PGEL29SEP26690CE,PGEL,29SEP2026,69000.000000,950,OPTSTK,NFO,5.000000,38001,False
101491,ICICIGI23NOV261200PE,ICICIGI,23NOV2026,120000.000000,325,OPTSTK,NFO,5.000000,13001,False
101623,PGEL27OCT26460PE,PGEL,27OCT2026,46000.000000,950,OPTSTK,NFO,5.000000,38001,False
101640,PGEL27OCT26580CE,PGEL,27OCT2026,58000.000000,950,OPTSTK,NFO,5.000000,38001,False
101642,PGEL27OCT26600CE,PGEL,27OCT2026,60000.000000,950,OPTSTK,NFO,5.000000,38001,False
101675,PGEL27OCT26660CE,PGEL,27OCT2026,66000.000000,950,OPTSTK,NFO,5.000000,38001,False
101676,PGEL27OCT26660PE,PGEL,27OCT2026,66000.000000,950,OPTSTK,NFO,5.000000,38001,False
101677,PGEL27OCT26680CE,PGEL,27OCT2026,68000.000000,950,OPTSTK,NFO,5.000000,38001,False
101715,ICICIPRULI27OCT26505PE,ICICIPRULI,27OCT2026,50500.000000,925,OPTSTK,NFO,5.000000,46251,False
101717,ICICIPRULI27OCT26515PE,ICICIPRULI,27OCT2026,51500.000000,925,OPTSTK,NFO,5.000000,46251,False
101728,ICICIPRULI27OCT26535CE,ICICIPRULI,27OCT2026,53500.000000,925,OPTSTK,NFO,5.000000,46251,False
101814,PHOENIXLTD29SEP261700PE,PHOENIXLTD,29SEP2026,170000.000000,350,OPTSTK,NFO,5.000000,14001,False
101840,PHOENIXLTD29SEP262020PE,PHOENIXLTD,29SEP2026,202000.000000,350,OPTSTK,NFO,5.000000,14001,False
101841,DRREDDY29SEP261080PE,DRREDDY,29SEP2026,108000.000000,625,OPTSTK,NFO,5.000000,18751,False
101885,DRREDDY29SEP261200PE,DRREDDY,29SEP2026,120000.000000,625,OPTSTK,NFO,5.000000,18751,False
101886,DRREDDY29SEP261220CE,DRREDDY,29SEP2026,122000.000000,625,OPTSTK,NFO,5.000000,18751,False
101891,ICICIPRULI23NOV26410CE,ICICIPRULI,23NOV2026,41000.000000,925,OPTSTK,NFO,5.000000,46251,False
101917,DRREDDY29SEP261320CE,DRREDDY,29SEP2026,132000.000000,625,OPTSTK,NFO,5.000000,18751,False
101928,DRREDDY29SEP261360CE,DRREDDY,29SEP2026,136000.000000,625,OPTSTK,NFO,5.000000,18751,False
101934,PHOENIXLTD27OCT261760PE,PHOENIXLTD,27OCT2026,176000.000000,350,OPTSTK,NFO,5.000000,14001,False
101937,PHOENIXLTD27OCT261800PE,PHOENIXLTD,27OCT2026,180000.000000,350,OPTSTK,NFO,5.000000,14001,False
101962,PHOENIXLTD27OCT262120PE,PHOENIXLTD,27OCT2026,212000.000000,350,OPTSTK,NFO,5.000000,14001,False
101994,ICICIPRULI23NOV26460PE,ICICIPRULI,23NOV2026,46000.000000,925,OPTSTK,NFO,5.000000,46251,False
102072,IDEA27OCT2615PE,IDEA,27OCT2026,1500.000000,71475,OPTSTK,NFO,1.000000,1429501,False
102091,IDEA23NOV2612CE,IDEA,23NOV2026,1200.000000,71475,OPTSTK,NFO,1.000000,1429501,False
102186,IDFCFIRSTB27OCT2695CE,IDFCFIRSTB,27OCT2026,9500.000000,9275,OPTSTK,NFO,1.000000,278251,False
102251,IDFCFIRSTB23NOV2672CE,IDFCFIRSTB,23NOV2026,7200.000000,9275,OPTSTK,NFO,1.000000,278251,False
102257,IDFCFIRSTB23NOV2676CE,IDFCFIRSTB,23NOV2026,7600.000000,9275,OPTSTK,NFO,1.000000,278251,False
102308,EICHERMOT29SEP267400CE,EICHERMOT,29SEP2026,740000.000000,100,OPTSTK,NFO,5.000000,3001,False
102397,IDFCFIRSTB23NOV2690PE,IDFCFIRSTB,23NOV2026,9000.000000,9275,OPTSTK,NFO,1.000000,278251,False
102399,IDFCFIRSTB23NOV2692PE,IDFCFIRSTB,23NOV2026,9200.000000,9275,OPTSTK,NFO,1.000000,278251,False
102456,PIDILITIND27OCT261640CE,PIDILITIND,27OCT2026,164000.000000,500,OPTSTK,NFO,5.000000,15001,False
102459,PIDILITIND27OCT261680PE,PIDILITIND,27OCT2026,168000.000000,500,OPTSTK,NFO,5.000000,15001,False
102464,PIDILITIND27OCT261760PE,PIDILITIND,27OCT2026,176000.000000,500,OPTSTK,NFO,5.000000,15001,False
102465,PIDILITIND27OCT261800CE,PIDILITIND,27OCT2026,180000.000000,500,OPTSTK,NFO,5.000000,15001,False
102529,PIIND29SEP262750PE,PIIND,29SEP2026,275000.000000,175,OPTSTK,NFO,5.000000,8751,False
102539,PIIND29SEP262850PE,PIIND,29SEP2026,285000.000000,175,OPTSTK,NFO,5.000000,8751,False
102555,ETERNAL29SEP26280PE,ETERNAL,29SEP2026,28000.000000,2425,OPTSTK,NFO,5.000000,72751,False
102561,ETERNAL29SEP26310PE,ETERNAL,29SEP2026,31000.000000,2425,OPTSTK,NFO,5.000000,72751,False
102564,ETERNAL29SEP26330CE,ETERNAL,29SEP2026,33000.000000,2425,OPTSTK,NFO,5.000000,72751,False
102594,IEX27OCT26112.5PE,IEX,27OCT2026,11250.000000,4350,OPTSTK,NFO,1.000000,174001,False
102597,IEX27OCT26122.5CE,IEX,27OCT2026,12250.000000,4350,OPTSTK,NFO,1.000000,174001,False
102599,IEX27OCT26127.5CE,IEX,27OCT2026,12750.000000,4350,OPTSTK,NFO,1.000000,174001,False
102682,FEDERALBNK29SEP26320CE,FEDERALBNK,29SEP2026,32000.000000,2500,OPTSTK,NFO,5.000000,75001,False
102685,PIIND27OCT262400CE,PIIND,27OCT2026,240000.000000,175,OPTSTK,NFO,5.000000,8751,False
102727,PIIND27OCT263000CE,PIIND,27OCT2026,300000.000000,175,OPTSTK,NFO,5.000000,8751,False
102824,FEDERALBNK29SEP26340CE,FEDERALBNK,29SEP2026,34000.000000,2500,OPTSTK,NFO,5.000000,75001,False
102834,PNB29SEP26107PE,PNB,29SEP2026,10700.000000,8000,OPTSTK,NFO,1.000000,240001,False
102838,PNB29SEP26111PE,PNB,29SEP2026,11100.000000,8000,OPTSTK,NFO,1.000000,240001,False
102842,PNB29SEP26115PE,PNB,29SEP2026,11500.000000,8000,OPTSTK,NFO,1.000000,240001,False
102853,PNB29SEP26125CE,PNB,29SEP2026,12500.000000,8000,OPTSTK,NFO,1.000000,240001,False
102861,INDHOTEL27OCT26690PE,INDHOTEL,27OCT2026,69000.000000,1000,OPTSTK,NFO,5.000000,30001,False
102869,INDHOTEL27OCT26770PE,INDHOTEL,27OCT2026,77000.000000,1000,OPTSTK,NFO,5.000000,30001,False
102908,FEDERALBNK29SEP26350PE,FEDERALBNK,29SEP2026,35000.000000,2500,OPTSTK,NFO,5.000000,75001,False
102910,FEDERALBNK29SEP26360PE,FEDERALBNK,29SEP2026,36000.000000,2500,OPTSTK,NFO,5.000000,75001,False
102986,INDHOTEL23NOV26600CE,INDHOTEL,23NOV2026,60000.000000,1000,OPTSTK,NFO,5.000000,30001,False
102996,INDHOTEL23NOV26640CE,INDHOTEL,23NOV2026,64000.000000,1000,OPTSTK,NFO,5.000000,30001,False
102998,INDHOTEL23NOV26660CE,INDHOTEL,23NOV2026,66000.000000,1000,OPTSTK,NFO,5.000000,30001,False
103019,PNB27OCT26100PE,PNB,27OCT2026,10000.000000,8000,OPTSTK,NFO,1.000000,240001,False
103057,FORCEMOT29SEP2617000CE,FORCEMOT,29SEP2026,1700000.000000,25,OPTSTK,NFO,5.000000,1251,False
103072,FORCEMOT29SEP2622000CE,FORCEMOT,29SEP2026,2200000.000000,25,OPTSTK,NFO,5.000000,1251,False
103080,PNB27OCT26128CE,PNB,27OCT2026,12800.000000,8000,OPTSTK,NFO,1.000000,240001,False
103081,PNB27OCT26128PE,PNB,27OCT2026,12800.000000,8000,OPTSTK,NFO,1.000000,240001,False
103087,PNB27OCT26130PE,PNB,27OCT2026,13000.000000,8000,OPTSTK,NFO,1.000000,240001,False
103115,INDHOTEL23NOV26840CE,INDHOTEL,23NOV2026,84000.000000,1000,OPTSTK,NFO,5.000000,30001,False
103245,INDIANB27OCT26770PE,INDIANB,27OCT2026,77000.000000,1000,OPTSTK,NFO,5.000000,30001,False
103247,PNBHOUSING29SEP26980PE,PNBHOUSING,29SEP2026,98000.000000,650,OPTSTK,NFO,5.000000,19501,False
103248,INDIANB27OCT26790CE,INDIANB,27OCT2026,79000.000000,1000,OPTSTK,NFO,5.000000,30001,False
103257,PNBHOUSING29SEP261140CE,PNBHOUSING,29SEP2026,114000.000000,650,OPTSTK,NFO,5.000000,19501,False
103261,INDIANB27OCT26810PE,INDIANB,27OCT2026,81000.000000,1000,OPTSTK,NFO,5.000000,30001,False
103265,INDIANB27OCT26850PE,INDIANB,27OCT2026,85000.000000,1000,OPTSTK,NFO,5.000000,30001,False
103273,INDIANB27OCT26930PE,INDIANB,27OCT2026,93000.000000,1000,OPTSTK,NFO,5.000000,30001,False
103277,INDIANB27OCT26970PE,INDIANB,27OCT2026,97000.000000,1000,OPTSTK,NFO,5.000000,30001,False
103337,PNBHOUSING27OCT261040PE,PNBHOUSING,27OCT2026,104000.000000,650,OPTSTK,NFO,5.000000,19501,False
103421,INDIANB23NOV26720PE,INDIANB,23NOV2026,72000.000000,1000,OPTSTK,NFO,5.000000,30001,False
103445,INDIANB23NOV26760PE,INDIANB,23NOV2026,76000.000000,1000,OPTSTK,NFO,5.000000,30001,False
103467,INDIANB23NOV26800CE,INDIANB,23NOV2026,80000.000000,1000,OPTSTK,NFO,5.000000,30001,False
103490,POLICYBZR29SEP261940PE,POLICYBZR,29SEP2026,194000.000000,350,OPTSTK,NFO,5.000000,14001,False
103494,POLICYBZR29SEP262020PE,POLICYBZR,29SEP2026,202000.000000,350,OPTSTK,NFO,5.000000,14001,False
103543,POLICYBZR27OCT261640PE,POLICYBZR,27OCT2026,164000.000000,350,OPTSTK,NFO,5.000000,14001,False
103649,FORTIS29SEP26940CE,FORTIS,29SEP2026,94000.000000,775,OPTSTK,NFO,5.000000,23251,False
103652,FORTIS29SEP26940PE,FORTIS,29SEP2026,94000.000000,775,OPTSTK,NFO,5.000000,23251,False
103690,INDIGO27OCT264500CE,INDIGO,27OCT2026,450000.000000,150,OPTSTK,NFO,5.000000,4501,False
103732,INDIGO27OCT265100PE,INDIGO,27OCT2026,510000.000000,150,OPTSTK,NFO,5.000000,4501,False
103793,INDIGO23NOV265800CE,INDIGO,23NOV2026,580000.000000,150,OPTSTK,NFO,5.000000,4501,False
103841,POLYCAB29SEP267300PE,POLYCAB,29SEP2026,730000.000000,125,OPTSTK,NFO,5.000000,2501,False
103843,POLYCAB29SEP267500PE,POLYCAB,29SEP2026,750000.000000,125,OPTSTK,NFO,5.000000,2501,False
103851,POLYCAB29SEP268300PE,POLYCAB,29SEP2026,830000.000000,125,OPTSTK,NFO,5.000000,2501,False
103879,INDUSINDBK27OCT26890CE,INDUSINDBK,27OCT2026,89000.000000,700,OPTSTK,NFO,5.000000,28001,False
103900,INDUSINDBK27OCT261090PE,INDUSINDBK,27OCT2026,109000.000000,700,OPTSTK,NFO,5.000000,28001,False
103892,INDUSINDBK27OCT261010PE,INDUSINDBK,27OCT2026,101000.000000,700,OPTSTK,NFO,5.000000,28001,False
103894,INDUSINDBK27OCT261030PE,INDUSINDBK,27OCT2026,103000.000000,700,OPTSTK,NFO,5.000000,28001,False
103959,POLYCAB29SEP268900PE,POLYCAB,29SEP2026,890000.000000,125,OPTSTK,NFO,5.000000,2501,False
103967,POLYCAB29SEP269300CE,POLYCAB,29SEP2026,930000.000000,125,OPTSTK,NFO,5.000000,2501,False
104064,INDUSINDBK23NOV261120PE,INDUSINDBK,23NOV2026,112000.000000,700,OPTSTK,NFO,5.000000,28001,False
104121,GAIL29SEP26150CE,GAIL,29SEP2026,15000.000000,3550,OPTSTK,NFO,1.000000,142001,False
104131,GAIL29SEP26170CE,GAIL,29SEP2026,17000.000000,3550,OPTSTK,NFO,1.000000,142001,False
104137,GAIL29SEP26185CE,GAIL,29SEP2026,18500.000000,3550,OPTSTK,NFO,1.000000,142001,False
104141,GAIL29SEP26190CE,GAIL,29SEP2026,19000.000000,3550,OPTSTK,NFO,1.000000,142001,False
104168,POLYCAB27OCT267000PE,POLYCAB,27OCT2026,700000.000000,125,OPTSTK,NFO,5.000000,2501,False
104179,GAIL29SEP26205PE,GAIL,29SEP2026,20500.000000,3550,OPTSTK,NFO,1.000000,142001,False
104244,POLYCAB27OCT267800CE,POLYCAB,27OCT2026,780000.000000,125,OPTSTK,NFO,5.000000,2501,False
104250,POLYCAB27OCT268000CE,POLYCAB,27OCT2026,800000.000000,125,OPTSTK,NFO,5.000000,2501,False
104270,POLYCAB27OCT268600PE,POLYCAB,27OCT2026,860000.000000,125,OPTSTK,NFO,5.000000,2501,False
104271,POLYCAB27OCT268800CE,POLYCAB,27OCT2026,880000.000000,125,OPTSTK,NFO,5.000000,2501,False
104334,INDUSTOWER27OCT26355PE,INDUSTOWER,27OCT2026,35500.000000,1700,OPTSTK,NFO,5.000000,68001,False
104344,INDUSTOWER27OCT26405PE,INDUSTOWER,27OCT2026,40500.000000,1700,OPTSTK,NFO,5.000000,68001,False
104345,INDUSTOWER27OCT26415CE,INDUSTOWER,27OCT2026,41500.000000,1700,OPTSTK,NFO,5.000000,68001,False
104352,INDUSTOWER27OCT26435PE,INDUSTOWER,27OCT2026,43500.000000,1700,OPTSTK,NFO,5.000000,68001,False
104378,POWERGRID29SEP26237.5CE,POWERGRID,29SEP2026,23750.000000,1900,OPTSTK,NFO,5.000000,76001,False
104385,POWERGRID29SEP26252.5PE,POWERGRID,29SEP2026,25250.000000,1900,OPTSTK,NFO,5.000000,76001,False
104398,POWERGRID29SEP26277.5CE,POWERGRID,29SEP2026,27750.000000,1900,OPTSTK,NFO,5.000000,76001,False
104428,POWERGRID29SEP26297.5PE,POWERGRID,29SEP2026,29750.000000,1900,OPTSTK,NFO,5.000000,76001,False
104463,INDUSTOWER23NOV26400CE,INDUSTOWER,23NOV2026,40000.000000,1700,OPTSTK,NFO,5.000000,68001,False
104652,POWERGRID27OCT26255CE,POWERGRID,27OCT2026,25500.000000,1900,OPTSTK,NFO,5.000000,76001,False
104654,POWERGRID27OCT26260CE,POWERGRID,27OCT2026,26000.000000,1900,OPTSTK,NFO,5.000000,76001,False
104665,POWERGRID27OCT26285PE,POWERGRID,27OCT2026,28500.000000,1900,OPTSTK,NFO,5.000000,76001,False
104676,POWERGRID27OCT26315CE,POWERGRID,27OCT2026,31500.000000,1900,OPTSTK,NFO,5.000000,76001,False
104722,INFY27OCT26980CE,INFY,27OCT2026,98000.000000,400,OPTSTK,NFO,5.000000,20001,False
104736,INFY27OCT261220CE,INFY,27OCT2026,122000.000000,400,OPTSTK,NFO,5.000000,20001,False
104782,INFY23NOV261040CE,INFY,23NOV2026,104000.000000,400,OPTSTK,NFO,5.000000,20001,False
104788,INFY23NOV261120CE,INFY,23NOV2026,112000.000000,400,OPTSTK,NFO,5.000000,20001,False
104790,INFY23NOV261160CE,INFY,23NOV2026,116000.000000,400,OPTSTK,NFO,5.000000,20001,False
104791,INFY23NOV261160PE,INFY,23NOV2026,116000.000000,400,OPTSTK,NFO,5.000000,20001,False
104810,INFY23NOV261240CE,INFY,23NOV2026,124000.000000,400,OPTSTK,NFO,5.000000,20001,False
104831,GLENMARK29SEP262120PE,GLENMARK,29SEP2026,212000.000000,375,OPTSTK,NFO,5.000000,11251,False
104846,POWERINDIA29SEP2628500CE,POWERINDIA,29SEP2026,2850000.000000,25,OPTSTK,NFO,5.000000,751,False
104851,POWERINDIA29SEP2630500PE,POWERINDIA,29SEP2026,3050000.000000,25,OPTSTK,NFO,5.000000,751,False
104852,POWERINDIA29SEP2631500CE,POWERINDIA,29SEP2026,3150000.000000,25,OPTSTK,NFO,5.000000,751,False
104963,GLENMARK29SEP262400PE,GLENMARK,29SEP2026,240000.000000,375,OPTSTK,NFO,5.000000,11251,False
104966,GLENMARK29SEP262440CE,GLENMARK,29SEP2026,244000.000000,375,OPTSTK,NFO,5.000000,11251,False
104969,GLENMARK29SEP262480PE,GLENMARK,29SEP2026,248000.000000,375,OPTSTK,NFO,5.000000,11251,False
104981,GLENMARK29SEP262640PE,GLENMARK,29SEP2026,264000.000000,375,OPTSTK,NFO,5.000000,11251,False
104983,GLENMARK29SEP262680PE,GLENMARK,29SEP2026,268000.000000,375,OPTSTK,NFO,5.000000,11251,False
105166,PREMIERENE29SEP26980CE,PREMIERENE,29SEP2026,98000.000000,650,OPTSTK,NFO,5.000000,26001,False
105176,PREMIERENE29SEP261100CE,PREMIERENE,29SEP2026,110000.000000,650,OPTSTK,NFO,5.000000,26001,False
105197,IOC23NOV26135PE,IOC,23NOV2026,13500.000000,4875,OPTSTK,NFO,1.000000,195001,False
105232,PREMIERENE27OCT26800CE,PREMIERENE,27OCT2026,80000.000000,650,OPTSTK,NFO,5.000000,26001,False
105325,IOC23NOV26150PE,IOC,23NOV2026,15000.000000,4875,OPTSTK,NFO,1.000000,195001,False
105349,PREMIERENE27OCT261040CE,PREMIERENE,27OCT2026,104000.000000,650,OPTSTK,NFO,5.000000,26001,False
105365,GMRAIRPORT29SEP2680PE,GMRAIRPORT,29SEP2026,8000.000000,6975,OPTSTK,NFO,1.000000,209251,False
105378,PREMIERENE27OCT261200CE,PREMIERENE,27OCT2026,120000.000000,650,OPTSTK,NFO,5.000000,26001,False
105394,GMRAIRPORT29SEP2698CE,GMRAIRPORT,29SEP2026,9800.000000,6975,OPTSTK,NFO,1.000000,209251,False
105395,GMRAIRPORT29SEP2698PE,GMRAIRPORT,29SEP2026,9800.000000,6975,OPTSTK,NFO,1.000000,209251,False
105419,PRESTIGE29SEP261420PE,PRESTIGE,29SEP2026,142000.000000,450,OPTSTK,NFO,5.000000,13501,False
105425,PRESTIGE29SEP261540PE,PRESTIGE,29SEP2026,154000.000000,450,OPTSTK,NFO,5.000000,13501,False
105433,PRESTIGE29SEP261660PE,PRESTIGE,29SEP2026,166000.000000,450,OPTSTK,NFO,5.000000,13501,False
105446,GMRAIRPORT29SEP26108CE,GMRAIRPORT,29SEP2026,10800.000000,6975,OPTSTK,NFO,1.000000,209251,False
105451,GMRAIRPORT29SEP26112PE,GMRAIRPORT,29SEP2026,11200.000000,6975,OPTSTK,NFO,1.000000,209251,False
105456,GMRAIRPORT29SEP26118CE,GMRAIRPORT,29SEP2026,11800.000000,6975,OPTSTK,NFO,1.000000,209251,False
105459,PRESTIGE29SEP261820CE,PRESTIGE,29SEP2026,182000.000000,450,OPTSTK,NFO,5.000000,13501,False
105526,IREDA27OCT26107.5PE,IREDA,27OCT2026,10750.000000,4525,OPTSTK,NFO,1.000000,181001,False
105530,IREDA27OCT26117.5PE,IREDA,27OCT2026,11750.000000,4525,OPTSTK,NFO,1.000000,181001,False
105589,IREDA23NOV26135PE,IREDA,23NOV2026,13500.000000,4525,OPTSTK,NFO,1.000000,181001,False
105669,PRESTIGE27OCT261400CE,PRESTIGE,27OCT2026,140000.000000,450,OPTSTK,NFO,5.000000,13501,False
105691,PRESTIGE27OCT261840CE,PRESTIGE,27OCT2026,184000.000000,450,OPTSTK,NFO,5.000000,13501,False
105765,RADICO29SEP264650CE,RADICO,29SEP2026,465000.000000,150,OPTSTK,NFO,5.000000,6001,False
105818,IRFC27OCT2675CE,IRFC,27OCT2026,7500.000000,5425,OPTSTK,NFO,1.000000,271251,False
105850,RADICO27OCT265000CE,RADICO,27OCT2026,500000.000000,150,OPTSTK,NFO,5.000000,6001,False
105886,GODFRYPHLP29SEP261700CE,GODFRYPHLP,29SEP2026,170000.000000,275,OPTSTK,NFO,5.000000,11001,False
105891,GODFRYPHLP29SEP261900PE,GODFRYPHLP,29SEP2026,190000.000000,275,OPTSTK,NFO,5.000000,11001,False
105906,GODFRYPHLP29SEP262300PE,GODFRYPHLP,29SEP2026,230000.000000,275,OPTSTK,NFO,5.000000,11001,False
105907,GODFRYPHLP29SEP262400CE,GODFRYPHLP,29SEP2026,240000.000000,275,OPTSTK,NFO,5.000000,11001,False
105915,IRFC27OCT2683CE,IRFC,27OCT2026,8300.000000,5425,OPTSTK,NFO,1.000000,271251,False
105964,RBLBANK29SEP26355CE,RBLBANK,29SEP2026,35500.000000,3175,OPTSTK,NFO,5.000000,63501,False
105983,RBLBANK29SEP26435PE,RBLBANK,29SEP2026,43500.000000,3175,OPTSTK,NFO,5.000000,63501,False
105991,RBLBANK29SEP26455PE,RBLBANK,29SEP2026,45500.000000,3175,OPTSTK,NFO,5.000000,63501,False
106048,RBLBANK27OCT26380PE,RBLBANK,27OCT2026,38000.000000,3175,OPTSTK,NFO,5.000000,63501,False
106069,RBLBANK27OCT26470PE,RBLBANK,27OCT2026,47000.000000,3175,OPTSTK,NFO,5.000000,63501,False
106086,RECLTD29SEP26285CE,RECLTD,29SEP2026,28500.000000,1575,OPTSTK,NFO,5.000000,63001,False
106088,RECLTD29SEP26295CE,RECLTD,29SEP2026,29500.000000,1575,OPTSTK,NFO,5.000000,63001,False
106095,RECLTD29SEP26325PE,RECLTD,29SEP2026,32500.000000,1575,OPTSTK,NFO,5.000000,63001,False
106096,RECLTD29SEP26335CE,RECLTD,29SEP2026,33500.000000,1575,OPTSTK,NFO,5.000000,63001,False
106101,RECLTD29SEP26355PE,RECLTD,29SEP2026,35500.000000,1575,OPTSTK,NFO,5.000000,63001,False
106142,RECLTD27OCT26280CE,RECLTD,27OCT2026,28000.000000,1575,OPTSTK,NFO,5.000000,63001,False
106219,RECLTD27OCT26330CE,RECLTD,27OCT2026,33000.000000,1575,OPTSTK,NFO,5.000000,63001,False
106220,RECLTD27OCT26330PE,RECLTD,27OCT2026,33000.000000,1575,OPTSTK,NFO,5.000000,63001,False
106232,RECLTD27OCT26350CE,RECLTD,27OCT2026,35000.000000,1575,OPTSTK,NFO,5.000000,63001,False
106233,RECLTD27OCT26350PE,RECLTD,27OCT2026,35000.000000,1575,OPTSTK,NFO,5.000000,63001,False
106236,RECLTD27OCT26360PE,RECLTD,27OCT2026,36000.000000,1575,OPTSTK,NFO,5.000000,63001,False
106237,RECLTD27OCT26370CE,RECLTD,27OCT2026,37000.000000,1575,OPTSTK,NFO,5.000000,63001,False
106238,RECLTD27OCT26370PE,RECLTD,27OCT2026,37000.000000,1575,OPTSTK,NFO,5.000000,63001,False
106250,RECLTD27OCT26420CE,RECLTD,27OCT2026,42000.000000,1575,OPTSTK,NFO,5.000000,63001,False
106286,GODREJCP29SEP26760PE,GODREJCP,29SEP2026,76000.000000,500,OPTSTK,NFO,5.000000,25001,False
106289,GODREJCP29SEP26780CE,GODREJCP,29SEP2026,78000.000000,500,OPTSTK,NFO,5.000000,25001,False
106311,GODREJCP29SEP26920CE,GODREJCP,29SEP2026,92000.000000,500,OPTSTK,NFO,5.000000,25001,False
106312,GODREJCP29SEP26920PE,GODREJCP,29SEP2026,92000.000000,500,OPTSTK,NFO,5.000000,25001,False
106344,GODREJCP29SEP261000PE,GODREJCP,29SEP2026,100000.000000,500,OPTSTK,NFO,5.000000,25001,False
106357,GODREJCP29SEP261100PE,GODREJCP,29SEP2026,110000.000000,500,OPTSTK,NFO,5.000000,25001,False
106376,RELIANCE29SEP261330CE,RELIANCE,29SEP2026,133000.000000,500,OPTSTK,NFO,5.000000,20001,False
106388,IRFC23NOV2676PE,IRFC,23NOV2026,7600.000000,5425,OPTSTK,NFO,1.000000,271251,False
106397,IRFC23NOV2682CE,IRFC,23NOV2026,8200.000000,5425,OPTSTK,NFO,1.000000,271251,False
106398,RELIANCE29SEP261450CE,RELIANCE,29SEP2026,145000.000000,500,OPTSTK,NFO,5.000000,20001,False
106401,IRFC23NOV2684PE,IRFC,23NOV2026,8400.000000,5425,OPTSTK,NFO,1.000000,271251,False
106402,RELIANCE29SEP261450PE,RELIANCE,29SEP2026,145000.000000,500,OPTSTK,NFO,5.000000,20001,False
106413,IRFC23NOV2694CE,IRFC,23NOV2026,9400.000000,5425,OPTSTK,NFO,1.000000,271251,False
106540,GODREJCP29SEP261120PE,GODREJCP,29SEP2026,112000.000000,500,OPTSTK,NFO,5.000000,25001,False
106664,ITC27OCT26252.5PE,ITC,27OCT2026,25250.000000,1725,OPTSTK,NFO,5.000000,86251,False
106667,ITC27OCT26262.5CE,ITC,27OCT2026,26250.000000,1725,OPTSTK,NFO,5.000000,86251,False
106675,RELIANCE27OCT261200CE,RELIANCE,27OCT2026,120000.000000,500,OPTSTK,NFO,5.000000,20001,False
106677,ITC27OCT26282.5CE,ITC,27OCT2026,28250.000000,1725,OPTSTK,NFO,5.000000,86251,False
106731,RELIANCE27OCT261340CE,RELIANCE,27OCT2026,134000.000000,500,OPTSTK,NFO,5.000000,20001,False
106741,RELIANCE27OCT261440CE,RELIANCE,27OCT2026,144000.000000,500,OPTSTK,NFO,5.000000,20001,False
106795,GODREJPROP29SEP261480PE,GODREJPROP,29SEP2026,148000.000000,325,OPTSTK,NFO,5.000000,13001,False
106796,GODREJPROP29SEP261520CE,GODREJPROP,29SEP2026,152000.000000,325,OPTSTK,NFO,5.000000,13001,False
106800,GODREJPROP29SEP261600CE,GODREJPROP,29SEP2026,160000.000000,325,OPTSTK,NFO,5.000000,13001,False
106812,GODREJPROP29SEP261720CE,GODREJPROP,29SEP2026,172000.000000,325,OPTSTK,NFO,5.000000,13001,False
106813,GODREJPROP29SEP261720PE,GODREJPROP,29SEP2026,172000.000000,325,OPTSTK,NFO,5.000000,13001,False
106814,GODREJPROP29SEP261760CE,GODREJPROP,29SEP2026,176000.000000,325,OPTSTK,NFO,5.000000,13001,False
106815,GODREJPROP29SEP261760PE,GODREJPROP,29SEP2026,176000.000000,325,OPTSTK,NFO,5.000000,13001,False
106832,GODREJPROP29SEP262000CE,GODREJPROP,29SEP2026,200000.000000,325,OPTSTK,NFO,5.000000,13001,False
106838,GODREJPROP29SEP262120CE,GODREJPROP,29SEP2026,212000.000000,325,OPTSTK,NFO,5.000000,13001,False
106856,GODREJPROP29SEP262400CE,GODREJPROP,29SEP2026,240000.000000,325,OPTSTK,NFO,5.000000,13001,False
106931,RVNL27OCT26180CE,RVNL,27OCT2026,18000.000000,1925,OPTSTK,NFO,1.000000,96251,False
106943,RVNL27OCT26230CE,RVNL,27OCT2026,23000.000000,1925,OPTSTK,NFO,1.000000,96251,False
107013,SAIL29SEP26172.5CE,SAIL,29SEP2026,17250.000000,4700,OPTSTK,NFO,1.000000,141001,False
107015,SAIL29SEP26177.5CE,SAIL,29SEP2026,17750.000000,4700,OPTSTK,NFO,1.000000,141001,False
107016,SAIL29SEP26177.5PE,SAIL,29SEP2026,17750.000000,4700,OPTSTK,NFO,1.000000,141001,False
107099,ITC23NOV26220PE,ITC,23NOV2026,22000.000000,1725,OPTSTK,NFO,5.000000,86251,False
107102,ITC23NOV26230CE,ITC,23NOV2026,23000.000000,1725,OPTSTK,NFO,5.000000,86251,False
107104,ITC23NOV26235CE,ITC,23NOV2026,23500.000000,1725,OPTSTK,NFO,5.000000,86251,False
107109,SAIL27OCT26170PE,SAIL,27OCT2026,17000.000000,4700,OPTSTK,NFO,1.000000,141001,False
107119,ITC23NOV26270CE,ITC,23NOV2026,27000.000000,1725,OPTSTK,NFO,5.000000,86251,False
107120,ITC23NOV26270PE,ITC,23NOV2026,27000.000000,1725,OPTSTK,NFO,5.000000,86251,False
107180,SAIL27OCT26200PE,SAIL,27OCT2026,20000.000000,4700,OPTSTK,NFO,1.000000,141001,False
107244,SBICARD29SEP26710CE,SBICARD,29SEP2026,71000.000000,800,OPTSTK,NFO,5.000000,40001,False
107234,SBICARD29SEP26610CE,SBICARD,29SEP2026,61000.000000,800,OPTSTK,NFO,5.000000,40001,False
107243,SBICARD29SEP26690PE,SBICARD,29SEP2026,69000.000000,800,OPTSTK,NFO,5.000000,40001,False
107450,SBICARD27OCT26600CE,SBICARD,27OCT2026,60000.000000,800,OPTSTK,NFO,5.000000,40001,False
107458,SBICARD27OCT26660PE,SBICARD,27OCT2026,66000.000000,800,OPTSTK,NFO,5.000000,40001,False
107459,SBICARD27OCT26680CE,SBICARD,27OCT2026,68000.000000,800,OPTSTK,NFO,5.000000,40001,False
107472,SBICARD27OCT26740CE,SBICARD,27OCT2026,74000.000000,800,OPTSTK,NFO,5.000000,40001,False
107486,SBICARD27OCT26780CE,SBICARD,27OCT2026,78000.000000,800,OPTSTK,NFO,5.000000,40001,False
107535,JINDALSTEL23NOV26960CE,JINDALSTEL,23NOV2026,96000.000000,625,OPTSTK,NFO,5.000000,18751,False
107538,JINDALSTEL23NOV261000PE,JINDALSTEL,23NOV2026,100000.000000,625,OPTSTK,NFO,5.000000,18751,False
107544,JINDALSTEL23NOV261120PE,JINDALSTEL,23NOV2026,112000.000000,625,OPTSTK,NFO,5.000000,18751,False
107551,SBILIFE29SEP261500CE,SBILIFE,29SEP2026,150000.000000,375,OPTSTK,NFO,5.000000,15001,False
107552,JINDALSTEL23NOV261160CE,JINDALSTEL,23NOV2026,116000.000000,625,OPTSTK,NFO,5.000000,18751,False
107553,JINDALSTEL23NOV261160PE,JINDALSTEL,23NOV2026,116000.000000,625,OPTSTK,NFO,5.000000,18751,False
107560,JINDALSTEL23NOV261240PE,JINDALSTEL,23NOV2026,124000.000000,625,OPTSTK,NFO,5.000000,18751,False
107562,SBILIFE29SEP261580PE,SBILIFE,29SEP2026,158000.000000,375,OPTSTK,NFO,5.000000,15001,False
107563,SBILIFE29SEP261620CE,SBILIFE,29SEP2026,162000.000000,375,OPTSTK,NFO,5.000000,15001,False
107570,GRASIM29SEP263280PE,GRASIM,29SEP2026,328000.000000,250,OPTSTK,NFO,5.000000,7501,False
107571,GRASIM29SEP263320CE,GRASIM,29SEP2026,332000.000000,250,OPTSTK,NFO,5.000000,7501,False
107640,JIOFIN27OCT26242.5PE,JIOFIN,27OCT2026,24250.000000,2350,OPTSTK,NFO,1.000000,94001,False
107646,GRASIM29SEP263560PE,GRASIM,29SEP2026,356000.000000,250,OPTSTK,NFO,5.000000,7501,False
107651,GRASIM29SEP263640CE,GRASIM,29SEP2026,364000.000000,250,OPTSTK,NFO,5.000000,7501,False
107652,GRASIM29SEP263640PE,GRASIM,29SEP2026,364000.000000,250,OPTSTK,NFO,5.000000,7501,False
107657,GRASIM29SEP263760CE,GRASIM,29SEP2026,376000.000000,250,OPTSTK,NFO,5.000000,7501,False
107658,GRASIM29SEP263760PE,GRASIM,29SEP2026,376000.000000,250,OPTSTK,NFO,5.000000,7501,False
107677,JIOFIN27OCT26262.5CE,JIOFIN,27OCT2026,26250.000000,2350,OPTSTK,NFO,1.000000,94001,False
107724,GVT&D29SEP263200PE,GVT&D,29SEP2026,320000.000000,125,OPTSTK,NFO,5.000000,5001,False
107738,GVT&D29SEP264600PE,GVT&D,29SEP2026,460000.000000,125,OPTSTK,NFO,5.000000,5001,False
107739,GVT&D29SEP264800CE,GVT&D,29SEP2026,480000.000000,125,OPTSTK,NFO,5.000000,5001,False
107742,GVT&D29SEP265000PE,GVT&D,29SEP2026,500000.000000,125,OPTSTK,NFO,5.000000,5001,False
107934,HAL29SEP264400PE,HAL,29SEP2026,440000.000000,150,OPTSTK,NFO,5.000000,4501,False
107940,HAL29SEP264500PE,HAL,29SEP2026,450000.000000,150,OPTSTK,NFO,5.000000,4501,False
107946,HAL29SEP264800PE,HAL,29SEP2026,480000.000000,150,OPTSTK,NFO,5.000000,4501,False
107948,HAL29SEP264900PE,HAL,29SEP2026,490000.000000,150,OPTSTK,NFO,5.000000,4501,False
107949,HAL29SEP265000CE,HAL,29SEP2026,500000.000000,150,OPTSTK,NFO,5.000000,4501,False
107955,HAL29SEP265100CE,HAL,29SEP2026,510000.000000,150,OPTSTK,NFO,5.000000,4501,False
107961,HAL29SEP265200PE,HAL,29SEP2026,520000.000000,150,OPTSTK,NFO,5.000000,4501,False
107993,JIOFIN23NOV26190CE,JIOFIN,23NOV2026,19000.000000,2350,OPTSTK,NFO,1.000000,94001,False
107972,HAL29SEP265600CE,HAL,29SEP2026,560000.000000,150,OPTSTK,NFO,5.000000,4501,False
108005,JIOFIN23NOV26215CE,JIOFIN,23NOV2026,21500.000000,2350,OPTSTK,NFO,1.000000,94001,False
108052,SBILIFE27OCT261560CE,SBILIFE,27OCT2026,156000.000000,375,OPTSTK,NFO,5.000000,15001,False
108057,SBILIFE27OCT261640PE,SBILIFE,27OCT2026,164000.000000,375,OPTSTK,NFO,5.000000,15001,False
108065,SBILIFE27OCT261680PE,SBILIFE,27OCT2026,168000.000000,375,OPTSTK,NFO,5.000000,15001,False
108077,SBILIFE27OCT261720CE,SBILIFE,27OCT2026,172000.000000,375,OPTSTK,NFO,5.000000,15001,False
108078,SBILIFE27OCT261720PE,SBILIFE,27OCT2026,172000.000000,375,OPTSTK,NFO,5.000000,15001,False
108093,HAVELLS29SEP261160PE,HAVELLS,29SEP2026,116000.000000,500,OPTSTK,NFO,5.000000,20001,False
108096,HAVELLS29SEP261240CE,HAVELLS,29SEP2026,124000.000000,500,OPTSTK,NFO,5.000000,20001,False
108098,HAVELLS29SEP261280CE,HAVELLS,29SEP2026,128000.000000,500,OPTSTK,NFO,5.000000,20001,False
108109,HAVELLS29SEP261440PE,HAVELLS,29SEP2026,144000.000000,500,OPTSTK,NFO,5.000000,20001,False
108121,SBILIFE27OCT261920CE,SBILIFE,27OCT2026,192000.000000,375,OPTSTK,NFO,5.000000,15001,False
108216,SBIN29SEP26970PE,SBIN,29SEP2026,97000.000000,750,OPTSTK,NFO,5.000000,22501,False
108254,SBIN29SEP261010PE,SBIN,29SEP2026,101000.000000,750,OPTSTK,NFO,5.000000,22501,False
108260,SBIN29SEP261050PE,SBIN,29SEP2026,105000.000000,750,OPTSTK,NFO,5.000000,22501,False
108263,SBIN29SEP261090CE,SBIN,29SEP2026,109000.000000,750,OPTSTK,NFO,5.000000,22501,False
108266,SBIN29SEP261110PE,SBIN,29SEP2026,111000.000000,750,OPTSTK,NFO,5.000000,22501,False
108268,SBIN29SEP261130PE,SBIN,29SEP2026,113000.000000,750,OPTSTK,NFO,5.000000,22501,False
108306,JSWENERGY27OCT26490CE,JSWENERGY,27OCT2026,49000.000000,1075,OPTSTK,NFO,5.000000,43001,False
108407,JSWENERGY23NOV26440PE,JSWENERGY,23NOV2026,44000.000000,1075,OPTSTK,NFO,5.000000,43001,False
108414,JSWENERGY23NOV26520CE,JSWENERGY,23NOV2026,52000.000000,1075,OPTSTK,NFO,5.000000,43001,False
108415,JSWENERGY23NOV26520PE,JSWENERGY,23NOV2026,52000.000000,1075,OPTSTK,NFO,5.000000,43001,False
108418,JSWENERGY23NOV26560CE,JSWENERGY,23NOV2026,56000.000000,1075,OPTSTK,NFO,5.000000,43001,False
108420,JSWENERGY23NOV26580CE,JSWENERGY,23NOV2026,58000.000000,1075,OPTSTK,NFO,5.000000,43001,False
108423,JSWENERGY23NOV26600PE,JSWENERGY,23NOV2026,60000.000000,1075,OPTSTK,NFO,5.000000,43001,False
108463,JSWSTEEL27OCT261180CE,JSWSTEEL,27OCT2026,118000.000000,675,OPTSTK,NFO,5.000000,20251,False
108467,JSWSTEEL27OCT261260CE,JSWSTEEL,27OCT2026,126000.000000,675,OPTSTK,NFO,5.000000,20251,False
108505,HCLTECH29SEP261120CE,HCLTECH,29SEP2026,112000.000000,400,OPTSTK,NFO,5.000000,20001,False
108520,HCLTECH29SEP261220PE,HCLTECH,29SEP2026,122000.000000,400,OPTSTK,NFO,5.000000,20001,False
108546,HCLTECH29SEP261360CE,HCLTECH,29SEP2026,136000.000000,400,OPTSTK,NFO,5.000000,20001,False
108549,HCLTECH29SEP261380PE,HCLTECH,29SEP2026,138000.000000,400,OPTSTK,NFO,5.000000,20001,False
108553,SBIN27OCT26880PE,SBIN,27OCT2026,88000.000000,750,OPTSTK,NFO,5.000000,22501,False
108559,HCLTECH29SEP261520PE,HCLTECH,29SEP2026,152000.000000,400,OPTSTK,NFO,5.000000,20001,False
108560,SBIN27OCT26900CE,SBIN,27OCT2026,90000.000000,750,OPTSTK,NFO,5.000000,22501,False
108582,JSWSTEEL23NOV261200CE,JSWSTEEL,23NOV2026,120000.000000,675,OPTSTK,NFO,5.000000,20251,False
108598,SBIN27OCT26960PE,SBIN,27OCT2026,96000.000000,750,OPTSTK,NFO,5.000000,22501,False
108604,SBIN27OCT261000PE,SBIN,27OCT2026,100000.000000,750,OPTSTK,NFO,5.000000,22501,False
108606,SBIN27OCT261020PE,SBIN,27OCT2026,102000.000000,750,OPTSTK,NFO,5.000000,22501,False
108609,SBIN27OCT261060CE,SBIN,27OCT2026,106000.000000,750,OPTSTK,NFO,5.000000,22501,False
108610,SBIN27OCT261060PE,SBIN,27OCT2026,106000.000000,750,OPTSTK,NFO,5.000000,22501,False
108621,SBIN27OCT261140CE,SBIN,27OCT2026,114000.000000,750,OPTSTK,NFO,5.000000,22501,False
108629,SBIN27OCT261220CE,SBIN,27OCT2026,122000.000000,750,OPTSTK,NFO,5.000000,22501,False
108656,SHREECEM29SEP2620250PE,SHREECEM,29SEP2026,2025000.000000,25,OPTSTK,NFO,5.000000,1001,False
108689,SHREECEM29SEP2626750PE,SHREECEM,29SEP2026,2675000.000000,25,OPTSTK,NFO,5.000000,1001,False
108738,SHREECEM27OCT2620000CE,SHREECEM,27OCT2026,2000000.000000,25,OPTSTK,NFO,5.000000,1001,False
108740,SHREECEM27OCT2620500CE,SHREECEM,27OCT2026,2050000.000000,25,OPTSTK,NFO,5.000000,1001,False
108754,SHREECEM27OCT2623000PE,SHREECEM,27OCT2026,2300000.000000,25,OPTSTK,NFO,5.000000,1001,False
108779,SHREECEM27OCT2626500CE,SHREECEM,27OCT2026,2650000.000000,25,OPTSTK,NFO,5.000000,1001,False
108785,SHREECEM27OCT2628000CE,SHREECEM,27OCT2026,2800000.000000,25,OPTSTK,NFO,5.000000,1001,False
108878,HDFCAMC29SEP262300PE,HDFCAMC,29SEP2026,230000.000000,300,OPTSTK,NFO,5.000000,9001,False
108887,HDFCAMC29SEP262800CE,HDFCAMC,29SEP2026,280000.000000,300,OPTSTK,NFO,5.000000,9001,False
109011,HDFCBANK29SEP26560PE,HDFCBANK,29SEP2026,56000.000000,650,OPTSTK,NFO,5.000000,32501,False
109046,HDFCBANK29SEP26640CE,HDFCBANK,29SEP2026,64000.000000,650,OPTSTK,NFO,5.000000,32501,False
109063,SHRIRAMFIN29SEP261020PE,SHRIRAMFIN,29SEP2026,102000.000000,825,OPTSTK,NFO,5.000000,24751,False
109067,SHRIRAMFIN29SEP261100PE,SHRIRAMFIN,29SEP2026,110000.000000,825,OPTSTK,NFO,5.000000,24751,False
109102,HDFCBANK29SEP26800CE,HDFCBANK,29SEP2026,80000.000000,650,OPTSTK,NFO,5.000000,32501,False
109114,HDFCBANK29SEP26920CE,HDFCBANK,29SEP2026,92000.000000,650,OPTSTK,NFO,5.000000,32501,False
109172,SHRIRAMFIN27OCT26880PE,SHRIRAMFIN,27OCT2026,88000.000000,825,OPTSTK,NFO,5.000000,24751,False
109211,SHRIRAMFIN27OCT261240CE,SHRIRAMFIN,27OCT2026,124000.000000,825,OPTSTK,NFO,5.000000,24751,False
109277,SIEMENS29SEP264050CE,SIEMENS,29SEP2026,405000.000000,175,OPTSTK,NFO,5.000000,7001,False
109370,KALYANKJIL23NOV26520CE,KALYANKJIL,23NOV2026,52000.000000,1350,OPTSTK,NFO,5.000000,40501,False
109372,KALYANKJIL23NOV26540CE,KALYANKJIL,23NOV2026,54000.000000,1350,OPTSTK,NFO,5.000000,40501,False
109378,KALYANKJIL23NOV26580CE,KALYANKJIL,23NOV2026,58000.000000,1350,OPTSTK,NFO,5.000000,40501,False
109438,SIEMENS27OCT263800CE,SIEMENS,27OCT2026,380000.000000,175,OPTSTK,NFO,5.000000,7001,False
109455,SIEMENS27OCT264300PE,SIEMENS,27OCT2026,430000.000000,175,OPTSTK,NFO,5.000000,7001,False
109457,SIEMENS27OCT264400PE,SIEMENS,27OCT2026,440000.000000,175,OPTSTK,NFO,5.000000,7001,False
109474,KAYNES27OCT263350CE,KAYNES,27OCT2026,335000.000000,150,OPTSTK,NFO,5.000000,6001,False
109477,KAYNES27OCT263450PE,KAYNES,27OCT2026,345000.000000,150,OPTSTK,NFO,5.000000,6001,False
109516,KAYNES27OCT264350CE,KAYNES,27OCT2026,435000.000000,150,OPTSTK,NFO,5.000000,6001,False
109547,SOLARINDS29SEP2619750CE,SOLARINDS,29SEP2026,1975000.000000,50,OPTSTK,NFO,5.000000,1501,False
109549,SOLARINDS29SEP2620250CE,SOLARINDS,29SEP2026,2025000.000000,50,OPTSTK,NFO,5.000000,1501,False
109553,SOLARINDS29SEP2620750PE,SOLARINDS,29SEP2026,2075000.000000,50,OPTSTK,NFO,5.000000,1501,False
109562,SOLARINDS29SEP2623250CE,SOLARINDS,29SEP2026,2325000.000000,50,OPTSTK,NFO,5.000000,1501,False
109567,SOLARINDS29SEP2624500PE,SOLARINDS,29SEP2026,2450000.000000,50,OPTSTK,NFO,5.000000,1501,False
109590,HDFCLIFE29SEP26500PE,HDFCLIFE,29SEP2026,50000.000000,1100,OPTSTK,NFO,5.000000,44001,False
109593,HDFCLIFE29SEP26520CE,HDFCLIFE,29SEP2026,52000.000000,1100,OPTSTK,NFO,5.000000,44001,False
109597,HDFCLIFE29SEP26540CE,HDFCLIFE,29SEP2026,54000.000000,1100,OPTSTK,NFO,5.000000,44001,False
109599,HDFCLIFE29SEP26550CE,HDFCLIFE,29SEP2026,55000.000000,1100,OPTSTK,NFO,5.000000,44001,False
109613,HDFCLIFE29SEP26590PE,HDFCLIFE,29SEP2026,59000.000000,1100,OPTSTK,NFO,5.000000,44001,False
109670,SOLARINDS27OCT2622000CE,SOLARINDS,27OCT2026,2200000.000000,50,OPTSTK,NFO,5.000000,1501,False
109700,SOLARINDS27OCT2624000CE,SOLARINDS,27OCT2026,2400000.000000,50,OPTSTK,NFO,5.000000,1501,False
109751,HEROMOTOCO29SEP264600CE,HEROMOTOCO,29SEP2026,460000.000000,150,OPTSTK,NFO,5.000000,4501,False
109763,SONACOMS29SEP26750PE,SONACOMS,29SEP2026,75000.000000,1225,OPTSTK,NFO,5.000000,36751,False
109825,SONACOMS27OCT26720CE,SONACOMS,27OCT2026,72000.000000,1225,OPTSTK,NFO,5.000000,36751,False
109830,HEROMOTOCO29SEP266200CE,HEROMOTOCO,29SEP2026,620000.000000,150,OPTSTK,NFO,5.000000,4501,False
109838,KAYNES23NOV263300CE,KAYNES,23NOV2026,330000.000000,150,OPTSTK,NFO,5.000000,6001,False
109842,KAYNES23NOV263500CE,KAYNES,23NOV2026,350000.000000,150,OPTSTK,NFO,5.000000,6001,False
109844,KAYNES23NOV263600CE,KAYNES,23NOV2026,360000.000000,150,OPTSTK,NFO,5.000000,6001,False
109850,KAYNES23NOV263900CE,KAYNES,23NOV2026,390000.000000,150,OPTSTK,NFO,5.000000,6001,False
109854,KAYNES23NOV264100CE,KAYNES,23NOV2026,410000.000000,150,OPTSTK,NFO,5.000000,6001,False
109864,KAYNES23NOV264200CE,KAYNES,23NOV2026,420000.000000,150,OPTSTK,NFO,5.000000,6001,False
109874,SONACOMS27OCT26860PE,SONACOMS,27OCT2026,86000.000000,1225,OPTSTK,NFO,5.000000,36751,False
109878,SONACOMS27OCT26900PE,SONACOMS,27OCT2026,90000.000000,1225,OPTSTK,NFO,5.000000,36751,False
109913,KEI27OCT264100PE,KEI,27OCT2026,410000.000000,175,OPTSTK,NFO,5.000000,5251,False
109914,KEI27OCT264300CE,KEI,27OCT2026,430000.000000,175,OPTSTK,NFO,5.000000,5251,False
109930,SRF29SEP262650PE,SRF,29SEP2026,265000.000000,200,OPTSTK,NFO,5.000000,8001,False
109964,KEI27OCT265100PE,KEI,27OCT2026,510000.000000,175,OPTSTK,NFO,5.000000,5251,False
109966,KEI27OCT265300PE,KEI,27OCT2026,530000.000000,175,OPTSTK,NFO,5.000000,5251,False
109971,KEI27OCT265900CE,KEI,27OCT2026,590000.000000,175,OPTSTK,NFO,5.000000,5251,False
109974,KEI27OCT266100PE,KEI,27OCT2026,610000.000000,175,OPTSTK,NFO,5.000000,5251,False
109991,SRF27OCT262100PE,SRF,27OCT2026,210000.000000,200,OPTSTK,NFO,5.000000,8001,False
110007,SRF27OCT262700CE,SRF,27OCT2026,270000.000000,200,OPTSTK,NFO,5.000000,8001,False
110014,SRF27OCT263000PE,SRF,27OCT2026,300000.000000,200,OPTSTK,NFO,5.000000,8001,False
110033,HEROMOTOCO29SEP266600PE,HEROMOTOCO,29SEP2026,660000.000000,150,OPTSTK,NFO,5.000000,4501,False
110094,HINDALCO29SEP26960PE,HINDALCO,29SEP2026,96000.000000,700,OPTSTK,NFO,5.000000,21001,False
110128,KEI23NOV265400PE,KEI,23NOV2026,540000.000000,175,OPTSTK,NFO,5.000000,5251,False
110135,KEI23NOV266200CE,KEI,23NOV2026,620000.000000,175,OPTSTK,NFO,5.000000,5251,False
110136,KEI23NOV266200PE,KEI,23NOV2026,620000.000000,175,OPTSTK,NFO,5.000000,5251,False
110141,HINDPETRO29SEP26300.75CE,HINDPETRO,29SEP2026,30075.000000,2025,OPTSTK,NFO,5.000000,60751,False
110160,SUNPHARMA29SEP261900PE,SUNPHARMA,29SEP2026,190000.000000,350,OPTSTK,NFO,5.000000,14001,False
110168,SUNPHARMA29SEP262020CE,SUNPHARMA,29SEP2026,202000.000000,350,OPTSTK,NFO,5.000000,14001,False
110176,HINDPETRO29SEP26420.75CE,HINDPETRO,29SEP2026,42075.000000,2025,OPTSTK,NFO,5.000000,60751,False
110179,HINDPETRO29SEP26440.75PE,HINDPETRO,29SEP2026,44075.000000,2025,OPTSTK,NFO,5.000000,60751,False
110190,KFINTECH27OCT26860PE,KFINTECH,27OCT2026,86000.000000,575,OPTSTK,NFO,5.000000,23001,False
110228,KFINTECH27OCT261020PE,KFINTECH,27OCT2026,102000.000000,575,OPTSTK,NFO,5.000000,23001,False
110276,KFINTECH23NOV26760PE,KFINTECH,23NOV2026,76000.000000,575,OPTSTK,NFO,5.000000,23001,False
110284,KFINTECH23NOV26920PE,KFINTECH,23NOV2026,92000.000000,575,OPTSTK,NFO,5.000000,23001,False
110357,SUNPHARMA27OCT261760CE,SUNPHARMA,27OCT2026,176000.000000,350,OPTSTK,NFO,5.000000,14001,False
110359,SUNPHARMA27OCT261800CE,SUNPHARMA,27OCT2026,180000.000000,350,OPTSTK,NFO,5.000000,14001,False
110377,SUNPHARMA27OCT262120CE,SUNPHARMA,27OCT2026,212000.000000,350,OPTSTK,NFO,5.000000,14001,False
110380,SUNPHARMA27OCT262160PE,SUNPHARMA,27OCT2026,216000.000000,350,OPTSTK,NFO,5.000000,14001,False
110460,SUPREMEIND29SEP263350CE,SUPREMEIND,29SEP2026,335000.000000,175,OPTSTK,NFO,5.000000,7001,False
110500,KOTAKBANK27OCT26445CE,KOTAKBANK,27OCT2026,44500.000000,2000,OPTSTK,NFO,5.000000,60001,False
110550,SUPREMEIND27OCT263100PE,SUPREMEIND,27OCT2026,310000.000000,175,OPTSTK,NFO,5.000000,7001,False
110560,SUPREMEIND27OCT263500PE,SUPREMEIND,27OCT2026,350000.000000,175,OPTSTK,NFO,5.000000,7001,False
110561,SUPREMEIND27OCT263600CE,SUPREMEIND,27OCT2026,360000.000000,175,OPTSTK,NFO,5.000000,7001,False
110577,HINDUNILVR29SEP261760CE,HINDUNILVR,29SEP2026,176000.000000,300,OPTSTK,NFO,5.000000,12001,False
110587,HINDUNILVR29SEP261960CE,HINDUNILVR,29SEP2026,196000.000000,300,OPTSTK,NFO,5.000000,12001,False
110601,SUPREMEIND27OCT264100CE,SUPREMEIND,27OCT2026,410000.000000,175,OPTSTK,NFO,5.000000,7001,False
110672,SUZLON29SEP2641CE,SUZLON,29SEP2026,4100.000000,12700,OPTSTK,NFO,1.000000,381001,False
110710,KOTAKBANK23NOV26380PE,KOTAKBANK,23NOV2026,38000.000000,2000,OPTSTK,NFO,5.000000,60001,False
110722,KOTAKBANK23NOV26440PE,KOTAKBANK,23NOV2026,44000.000000,2000,OPTSTK,NFO,5.000000,60001,False
110752,SUZLON29SEP2651PE,SUZLON,29SEP2026,5100.000000,12700,OPTSTK,NFO,1.000000,381001,False
110824,HINDUNILVR29SEP262400PE,HINDUNILVR,29SEP2026,240000.000000,300,OPTSTK,NFO,5.000000,12001,False
110962,SUZLON27OCT2654CE,SUZLON,27OCT2026,5400.000000,12700,OPTSTK,NFO,1.000000,381001,False
111042,SWIGGY29SEP26265PE,SWIGGY,29SEP2026,26500.000000,1825,OPTSTK,NFO,5.000000,73001,False
111049,HINDZINC29SEP26500PE,HINDZINC,29SEP2026,50000.000000,1225,OPTSTK,NFO,5.000000,36751,False
111059,HINDZINC29SEP26600PE,HINDZINC,29SEP2026,60000.000000,1225,OPTSTK,NFO,5.000000,36751,False
111063,HINDZINC29SEP26640PE,HINDZINC,29SEP2026,64000.000000,1225,OPTSTK,NFO,5.000000,36751,False
111081,KPITTECH23NOV26440PE,KPITTECH,23NOV2026,44000.000000,775,OPTSTK,NFO,5.000000,38751,False
111138,SWIGGY29SEP26325PE,SWIGGY,29SEP2026,32500.000000,1825,OPTSTK,NFO,5.000000,73001,False
111146,KPITTECH23NOV26520PE,KPITTECH,23NOV2026,52000.000000,775,OPTSTK,NFO,5.000000,38751,False
111207,SWIGGY27OCT26230CE,SWIGGY,27OCT2026,23000.000000,1825,OPTSTK,NFO,5.000000,73001,False
111254,HYUNDAI29SEP262000CE,HYUNDAI,29SEP2026,200000.000000,275,OPTSTK,NFO,5.000000,11001,False
111258,HYUNDAI29SEP262080CE,HYUNDAI,29SEP2026,208000.000000,275,OPTSTK,NFO,5.000000,11001,False
111266,SWIGGY27OCT26330CE,SWIGGY,27OCT2026,33000.000000,1825,OPTSTK,NFO,5.000000,73001,False
111277,HYUNDAI29SEP262160PE,HYUNDAI,29SEP2026,216000.000000,275,OPTSTK,NFO,5.000000,11001,False
111283,HYUNDAI29SEP262280PE,HYUNDAI,29SEP2026,228000.000000,275,OPTSTK,NFO,5.000000,11001,False
111288,HYUNDAI29SEP262400CE,HYUNDAI,29SEP2026,240000.000000,275,OPTSTK,NFO,5.000000,11001,False
111312,KPITTECH23NOV26640CE,KPITTECH,23NOV2026,64000.000000,775,OPTSTK,NFO,5.000000,38751,False
111387,LAURUSLABS27OCT261980CE,LAURUSLABS,27OCT2026,198000.000000,850,OPTSTK,NFO,5.000000,17001,False
111388,LAURUSLABS27OCT261980PE,LAURUSLABS,27OCT2026,198000.000000,850,OPTSTK,NFO,5.000000,17001,False
111393,LAURUSLABS27OCT262060PE,LAURUSLABS,27OCT2026,206000.000000,850,OPTSTK,NFO,5.000000,17001,False
111532,TATACONSUM29SEP26970PE,TATACONSUM,29SEP2026,97000.000000,550,OPTSTK,NFO,5.000000,22001,False
111535,TATACONSUM29SEP26990CE,TATACONSUM,29SEP2026,99000.000000,550,OPTSTK,NFO,5.000000,22001,False
111539,ICICIBANK29SEP261360CE,ICICIBANK,29SEP2026,136000.000000,700,OPTSTK,NFO,5.000000,21001,False
111553,ICICIBANK29SEP261460PE,ICICIBANK,29SEP2026,146000.000000,700,OPTSTK,NFO,5.000000,21001,False
111557,ICICIBANK29SEP261500PE,ICICIBANK,29SEP2026,150000.000000,700,OPTSTK,NFO,5.000000,21001,False
111566,TATACONSUM29SEP261030PE,TATACONSUM,29SEP2026,103000.000000,550,OPTSTK,NFO,5.000000,22001,False
111570,TATACONSUM29SEP261070PE,TATACONSUM,29SEP2026,107000.000000,550,OPTSTK,NFO,5.000000,22001,False
111612,TATACONSUM29SEP261110CE,TATACONSUM,29SEP2026,111000.000000,550,OPTSTK,NFO,5.000000,22001,False
111614,TATACONSUM29SEP261130CE,TATACONSUM,29SEP2026,113000.000000,550,OPTSTK,NFO,5.000000,22001,False
111620,TATACONSUM29SEP261170PE,TATACONSUM,29SEP2026,117000.000000,550,OPTSTK,NFO,5.000000,22001,False
111645,LAURUSLABS23NOV261720CE,LAURUSLABS,23NOV2026,172000.000000,850,OPTSTK,NFO,5.000000,17001,False
111703,TATACONSUM27OCT26880PE,TATACONSUM,27OCT2026,88000.000000,550,OPTSTK,NFO,5.000000,22001,False
111711,TATACONSUM27OCT26960PE,TATACONSUM,27OCT2026,96000.000000,550,OPTSTK,NFO,5.000000,22001,False
111716,TATACONSUM27OCT261020CE,TATACONSUM,27OCT2026,102000.000000,550,OPTSTK,NFO,5.000000,22001,False
111721,TATACONSUM27OCT261060CE,TATACONSUM,27OCT2026,106000.000000,550,OPTSTK,NFO,5.000000,22001,False
111728,TATACONSUM27OCT261080CE,TATACONSUM,27OCT2026,108000.000000,550,OPTSTK,NFO,5.000000,22001,False
111826,LICHSGFIN27OCT26490PE,LICHSGFIN,27OCT2026,49000.000000,1000,OPTSTK,NFO,5.000000,40001,False
111734,LAURUSLABS23NOV261880CE,LAURUSLABS,23NOV2026,188000.000000,850,OPTSTK,NFO,5.000000,17001,False
111744,LAURUSLABS23NOV262040CE,LAURUSLABS,23NOV2026,204000.000000,850,OPTSTK,NFO,5.000000,17001,False
111804,LICHSGFIN27OCT26470PE,LICHSGFIN,27OCT2026,47000.000000,1000,OPTSTK,NFO,5.000000,40001,False
111974,ICICIGI29SEP261600CE,ICICIGI,29SEP2026,160000.000000,325,OPTSTK,NFO,5.000000,13001,False
111984,ICICIGI29SEP261720CE,ICICIGI,29SEP2026,172000.000000,325,OPTSTK,NFO,5.000000,13001,False
111990,ICICIGI29SEP261840CE,ICICIGI,29SEP2026,184000.000000,325,OPTSTK,NFO,5.000000,13001,False
111993,TATAELXSI29SEP263050CE,TATAELXSI,29SEP2026,305000.000000,125,OPTSTK,NFO,5.000000,6251,False
111995,TATAELXSI29SEP263150CE,TATAELXSI,29SEP2026,315000.000000,125,OPTSTK,NFO,5.000000,6251,False
112035,TATAELXSI29SEP264050PE,TATAELXSI,29SEP2026,405000.000000,125,OPTSTK,NFO,5.000000,6251,False
112103,TATAELXSI27OCT263800CE,TATAELXSI,27OCT2026,380000.000000,125,OPTSTK,NFO,5.000000,6251,False
112195,LICHSGFIN23NOV26500CE,LICHSGFIN,23NOV2026,50000.000000,1000,OPTSTK,NFO,5.000000,40001,False
112205,TATAPOWER29SEP26355CE,TATAPOWER,29SEP2026,35500.000000,1450,OPTSTK,NFO,5.000000,58001,False
112206,LICHSGFIN23NOV26580PE,LICHSGFIN,23NOV2026,58000.000000,1000,OPTSTK,NFO,5.000000,40001,False
112207,LICHSGFIN23NOV26600CE,LICHSGFIN,23NOV2026,60000.000000,1000,OPTSTK,NFO,5.000000,40001,False
112224,TATAPOWER29SEP26385CE,TATAPOWER,29SEP2026,38500.000000,1450,OPTSTK,NFO,5.000000,58001,False
112255,LICI27OCT26375CE,LICI,27OCT2026,37500.000000,1400,OPTSTK,NFO,5.000000,56001,False
112275,TATAPOWER29SEP26425CE,TATAPOWER,29SEP2026,42500.000000,1450,OPTSTK,NFO,5.000000,58001,False
112395,LICI23NOV26430PE,LICI,23NOV2026,43000.000000,1400,OPTSTK,NFO,5.000000,56001,False
112398,LICI23NOV26450CE,LICI,23NOV2026,45000.000000,1400,OPTSTK,NFO,5.000000,56001,False
112458,TATAPOWER27OCT26310PE,TATAPOWER,27OCT2026,31000.000000,1450,OPTSTK,NFO,5.000000,58001,False
112486,TATAPOWER27OCT26360PE,TATAPOWER,27OCT2026,36000.000000,1450,OPTSTK,NFO,5.000000,58001,False
112497,TATAPOWER27OCT26420CE,TATAPOWER,27OCT2026,42000.000000,1450,OPTSTK,NFO,5.000000,58001,False
112500,TATAPOWER27OCT26430PE,TATAPOWER,27OCT2026,43000.000000,1450,OPTSTK,NFO,5.000000,58001,False
112526,LODHA27OCT26980PE,LODHA,27OCT2026,98000.000000,625,OPTSTK,NFO,5.000000,18751,False
112528,LODHA27OCT261020PE,LODHA,27OCT2026,102000.000000,625,OPTSTK,NFO,5.000000,18751,False
112549,ICICIPRULI29SEP26400CE,ICICIPRULI,29SEP2026,40000.000000,925,OPTSTK,NFO,5.000000,46251,False
100026,HINDZINC27OCT26630PE,HINDZINC,27OCT2026,63000.000000,1225,OPTSTK,NFO,5.000000,36751,False
100028,HINDZINC27OCT26650PE,HINDZINC,27OCT2026,65000.000000,1225,OPTSTK,NFO,5.000000,36751,False
100041,HINDZINC27OCT26690CE,HINDZINC,27OCT2026,69000.000000,1225,OPTSTK,NFO,5.000000,36751,False
100069,DIVISLAB29SEP267200PE,DIVISLAB,29SEP2026,720000.000000,100,OPTSTK,NFO,5.000000,3001,False
100080,DIVISLAB29SEP268400CE,DIVISLAB,29SEP2026,840000.000000,100,OPTSTK,NFO,5.000000,3001,False
100115,HINDZINC23NOV26480PE,HINDZINC,23NOV2026,48000.000000,1225,OPTSTK,NFO,5.000000,36751,False
100132,PATANJALI29SEP26295PE,PATANJALI,29SEP2026,29500.000000,1075,OPTSTK,NFO,5.000000,64501,False
100140,HINDZINC23NOV26560PE,HINDZINC,23NOV2026,56000.000000,1225,OPTSTK,NFO,5.000000,36751,False
100142,HINDZINC23NOV26580PE,HINDZINC,23NOV2026,58000.000000,1225,OPTSTK,NFO,5.000000,36751,False
100154,PATANJALI29SEP26335CE,PATANJALI,29SEP2026,33500.000000,1075,OPTSTK,NFO,5.000000,64501,False
100156,HINDZINC23NOV26660PE,HINDZINC,23NOV2026,66000.000000,1225,OPTSTK,NFO,5.000000,36751,False
100163,HINDZINC23NOV26720PE,HINDZINC,23NOV2026,72000.000000,1225,OPTSTK,NFO,5.000000,36751,False
100175,PATANJALI29SEP26345CE,PATANJALI,29SEP2026,34500.000000,1075,OPTSTK,NFO,5.000000,64501,False
100208,HYUNDAI27OCT261980CE,HYUNDAI,27OCT2026,198000.000000,275,OPTSTK,NFO,5.000000,11001,False
100211,HYUNDAI27OCT262020PE,HYUNDAI,27OCT2026,202000.000000,275,OPTSTK,NFO,5.000000,11001,False
100212,HYUNDAI27OCT262060CE,HYUNDAI,27OCT2026,206000.000000,275,OPTSTK,NFO,5.000000,11001,False
100222,HYUNDAI27OCT262260CE,HYUNDAI,27OCT2026,226000.000000,275,OPTSTK,NFO,5.000000,11001,False
100228,HYUNDAI27OCT262340CE,HYUNDAI,27OCT2026,234000.000000,275,OPTSTK,NFO,5.000000,11001,False
100237,HYUNDAI27OCT262460CE,HYUNDAI,27OCT2026,246000.000000,275,OPTSTK,NFO,5.000000,11001,False
100342,HYUNDAI23NOV261920CE,HYUNDAI,23NOV2026,192000.000000,275,OPTSTK,NFO,5.000000,11001,False
100351,HYUNDAI23NOV261960PE,HYUNDAI,23NOV2026,196000.000000,275,OPTSTK,NFO,5.000000,11001,False
100366,PATANJALI27OCT26280CE,PATANJALI,27OCT2026,28000.000000,1075,OPTSTK,NFO,5.000000,64501,False
100377,HYUNDAI23NOV262160PE,HYUNDAI,23NOV2026,216000.000000,275,OPTSTK,NFO,5.000000,11001,False
100385,HYUNDAI23NOV262320PE,HYUNDAI,23NOV2026,232000.000000,275,OPTSTK,NFO,5.000000,11001,False
100388,HYUNDAI23NOV262400CE,HYUNDAI,23NOV2026,240000.000000,275,OPTSTK,NFO,5.000000,11001,False
100390,HYUNDAI23NOV262440CE,HYUNDAI,23NOV2026,244000.000000,275,OPTSTK,NFO,5.000000,11001,False
100391,HYUNDAI23NOV262440PE,HYUNDAI,23NOV2026,244000.000000,275,OPTSTK,NFO,5.000000,11001,False
100397,HYUNDAI23NOV262560PE,HYUNDAI,23NOV2026,256000.000000,275,OPTSTK,NFO,5.000000,11001,False
100430,PATANJALI27OCT26340PE,PATANJALI,27OCT2026,34000.000000,1075,OPTSTK,NFO,5.000000,64501,False
100442,PATANJALI27OCT26360CE,PATANJALI,27OCT2026,36000.000000,1075,OPTSTK,NFO,5.000000,64501,False
100452,PATANJALI27OCT26380PE,PATANJALI,27OCT2026,38000.000000,1075,OPTSTK,NFO,5.000000,64501,False
100457,PATANJALI27OCT26410CE,PATANJALI,27OCT2026,41000.000000,1075,OPTSTK,NFO,5.000000,64501,False
100494,DIXON29SEP2611500PE,DIXON,29SEP2026,1150000.000000,50,OPTSTK,NFO,5.000000,1501,False
100497,DIXON29SEP2612500CE,DIXON,29SEP2026,1250000.000000,50,OPTSTK,NFO,5.000000,1501,False
100545,DIXON29SEP2616500PE,DIXON,29SEP2026,1650000.000000,50,OPTSTK,NFO,5.000000,1501,False
100590,DLF29SEP26580PE,DLF,29SEP2026,58000.000000,950,OPTSTK,NFO,5.000000,38001,False
100617,PAYTM29SEP261340CE,PAYTM,29SEP2026,134000.000000,725,OPTSTK,NFO,5.000000,14501,False
100619,PAYTM29SEP261380CE,PAYTM,29SEP2026,138000.000000,725,OPTSTK,NFO,5.000000,14501,False
100621,PAYTM29SEP261420CE,PAYTM,29SEP2026,142000.000000,725,OPTSTK,NFO,5.000000,14501,False
100677,PAYTM27OCT261400CE,PAYTM,27OCT2026,140000.000000,725,OPTSTK,NFO,5.000000,14501,False
100701,PAYTM27OCT261440PE,PAYTM,27OCT2026,144000.000000,725,OPTSTK,NFO,5.000000,14501,False
100702,PAYTM27OCT261480CE,PAYTM,27OCT2026,148000.000000,725,OPTSTK,NFO,5.000000,14501,False
100705,PAYTM27OCT261520PE,PAYTM,27OCT2026,152000.000000,725,OPTSTK,NFO,5.000000,14501,False
100706,PAYTM27OCT261560CE,PAYTM,27OCT2026,156000.000000,725,OPTSTK,NFO,5.000000,14501,False
100739,ICICIBANK27OCT261270PE,ICICIBANK,27OCT2026,127000.000000,700,OPTSTK,NFO,5.000000,21001,False
100746,ICICIBANK27OCT261350CE,ICICIBANK,27OCT2026,135000.000000,700,OPTSTK,NFO,5.000000,21001,False
100753,ICICIBANK27OCT261410PE,ICICIBANK,27OCT2026,141000.000000,700,OPTSTK,NFO,5.000000,21001,False
100758,ICICIBANK27OCT261470CE,ICICIBANK,27OCT2026,147000.000000,700,OPTSTK,NFO,5.000000,21001,False
100759,ICICIBANK27OCT261470PE,ICICIBANK,27OCT2026,147000.000000,700,OPTSTK,NFO,5.000000,21001,False
100763,ICICIBANK27OCT261510PE,ICICIBANK,27OCT2026,151000.000000,700,OPTSTK,NFO,5.000000,21001,False
100812,PERSISTENT29SEP264900PE,PERSISTENT,29SEP2026,490000.000000,125,OPTSTK,NFO,5.000000,3751,False
100869,PERSISTENT27OCT266400CE,PERSISTENT,27OCT2026,640000.000000,125,OPTSTK,NFO,5.000000,3751,False
100916,PETRONET29SEP26325PE,PETRONET,29SEP2026,32500.000000,1900,OPTSTK,NFO,5.000000,76001,False
100955,PETRONET27OCT26270CE,PETRONET,27OCT2026,27000.000000,1900,OPTSTK,NFO,5.000000,76001,False
101010,PFC29SEP26345PE,PFC,29SEP2026,34500.000000,1300,OPTSTK,NFO,5.000000,52001,False
101050,PFC29SEP26385PE,PFC,29SEP2026,38500.000000,1300,OPTSTK,NFO,5.000000,52001,False
101070,PFC29SEP26425PE,PFC,29SEP2026,42500.000000,1300,OPTSTK,NFO,5.000000,52001,False
101077,PFC29SEP26465CE,PFC,29SEP2026,46500.000000,1300,OPTSTK,NFO,5.000000,52001,False
101119,PFC27OCT26310CE,PFC,27OCT2026,31000.000000,1300,OPTSTK,NFO,5.000000,52001,False
101159,DMART29SEP263200PE,DMART,29SEP2026,320000.000000,150,OPTSTK,NFO,5.000000,6001,False
101161,DMART29SEP263300PE,DMART,29SEP2026,330000.000000,150,OPTSTK,NFO,5.000000,6001,False
101162,DMART29SEP263400CE,DMART,29SEP2026,340000.000000,150,OPTSTK,NFO,5.000000,6001,False
101304,ICICIGI27OCT261300CE,ICICIGI,27OCT2026,130000.000000,325,OPTSTK,NFO,5.000000,13001,False
101326,DMART29SEP264600PE,DMART,29SEP2026,460000.000000,150,OPTSTK,NFO,5.000000,6001,False
101333,PFC27OCT26340PE,PFC,27OCT2026,34000.000000,1300,OPTSTK,NFO,5.000000,52001,False
101334,ICICIGI27OCT261380CE,ICICIGI,27OCT2026,138000.000000,325,OPTSTK,NFO,5.000000,13001,False
101347,ICICIGI27OCT261620PE,ICICIGI,27OCT2026,162000.000000,325,OPTSTK,NFO,5.000000,13001,False
101350,ICICIGI27OCT261700CE,ICICIGI,27OCT2026,170000.000000,325,OPTSTK,NFO,5.000000,13001,False
101370,PFC27OCT26370PE,PFC,27OCT2026,37000.000000,1300,OPTSTK,NFO,5.000000,52001,False
101447,PGEL29SEP26570CE,PGEL,29SEP2026,57000.000000,950,OPTSTK,NFO,5.000000,38001,False
101593,ICICIGI23NOV261720PE,ICICIGI,23NOV2026,172000.000000,325,OPTSTK,NFO,5.000000,13001,False
101594,ICICIGI23NOV261760CE,ICICIGI,23NOV2026,176000.000000,325,OPTSTK,NFO,5.000000,13001,False
101627,PGEL27OCT26480PE,PGEL,27OCT2026,48000.000000,950,OPTSTK,NFO,5.000000,38001,False
101632,PGEL27OCT26520CE,PGEL,27OCT2026,52000.000000,950,OPTSTK,NFO,5.000000,38001,False
101633,PGEL27OCT26520PE,PGEL,27OCT2026,52000.000000,950,OPTSTK,NFO,5.000000,38001,False
101645,PGEL27OCT26620CE,PGEL,27OCT2026,62000.000000,950,OPTSTK,NFO,5.000000,38001,False
101665,ICICIPRULI27OCT26415CE,ICICIPRULI,27OCT2026,41500.000000,925,OPTSTK,NFO,5.000000,46251,False
101667,ICICIPRULI27OCT26425CE,ICICIPRULI,27OCT2026,42500.000000,925,OPTSTK,NFO,5.000000,46251,False
101711,ICICIPRULI27OCT26495PE,ICICIPRULI,27OCT2026,49500.000000,925,OPTSTK,NFO,5.000000,46251,False
101712,ICICIPRULI27OCT26505CE,ICICIPRULI,27OCT2026,50500.000000,925,OPTSTK,NFO,5.000000,46251,False
101833,PHOENIXLTD29SEP261980CE,PHOENIXLTD,29SEP2026,198000.000000,350,OPTSTK,NFO,5.000000,14001,False
101812,DRREDDY29SEP26960CE,DRREDDY,29SEP2026,96000.000000,625,OPTSTK,NFO,5.000000,18751,False
101825,PHOENIXLTD29SEP261820CE,PHOENIXLTD,29SEP2026,182000.000000,350,OPTSTK,NFO,5.000000,14001,False
101830,PHOENIXLTD29SEP261900PE,PHOENIXLTD,29SEP2026,190000.000000,350,OPTSTK,NFO,5.000000,14001,False
101846,PHOENIXLTD29SEP262100PE,PHOENIXLTD,29SEP2026,210000.000000,350,OPTSTK,NFO,5.000000,14001,False
101890,ICICIPRULI23NOV26400PE,ICICIPRULI,23NOV2026,40000.000000,925,OPTSTK,NFO,5.000000,46251,False
101920,DRREDDY29SEP261340CE,DRREDDY,29SEP2026,134000.000000,625,OPTSTK,NFO,5.000000,18751,False
101930,PHOENIXLTD27OCT261680PE,PHOENIXLTD,27OCT2026,168000.000000,350,OPTSTK,NFO,5.000000,14001,False
101948,PHOENIXLTD27OCT262000CE,PHOENIXLTD,27OCT2026,200000.000000,350,OPTSTK,NFO,5.000000,14001,False
101990,ICICIPRULI23NOV26450PE,ICICIPRULI,23NOV2026,45000.000000,925,OPTSTK,NFO,5.000000,46251,False
101935,DRREDDY29SEP261380CE,DRREDDY,29SEP2026,138000.000000,625,OPTSTK,NFO,5.000000,18751,False
101965,PHOENIXLTD27OCT262200CE,PHOENIXLTD,27OCT2026,220000.000000,350,OPTSTK,NFO,5.000000,14001,False
102008,ICICIPRULI23NOV26500PE,ICICIPRULI,23NOV2026,50000.000000,925,OPTSTK,NFO,5.000000,46251,False
102035,ICICIPRULI23NOV26600PE,ICICIPRULI,23NOV2026,60000.000000,925,OPTSTK,NFO,5.000000,46251,False
102087,IDEA23NOV268CE,IDEA,23NOV2026,800.000000,71475,OPTSTK,NFO,1.000000,1429501,False
102166,PIDILITIND29SEP261460PE,PIDILITIND,29SEP2026,146000.000000,500,OPTSTK,NFO,5.000000,15001,False
102179,PIDILITIND29SEP261500PE,PIDILITIND,29SEP2026,150000.000000,500,OPTSTK,NFO,5.000000,15001,False
102187,IDFCFIRSTB27OCT2695PE,IDFCFIRSTB,27OCT2026,9500.000000,9275,OPTSTK,NFO,1.000000,278251,False
102268,IDFCFIRSTB23NOV2682CE,IDFCFIRSTB,23NOV2026,8200.000000,9275,OPTSTK,NFO,1.000000,278251,False
102272,PIDILITIND29SEP261660PE,PIDILITIND,29SEP2026,166000.000000,500,OPTSTK,NFO,5.000000,15001,False
102273,PIDILITIND29SEP261700CE,PIDILITIND,29SEP2026,170000.000000,500,OPTSTK,NFO,5.000000,15001,False
102274,PIDILITIND29SEP261700PE,PIDILITIND,29SEP2026,170000.000000,500,OPTSTK,NFO,5.000000,15001,False
102296,EICHERMOT29SEP266400CE,EICHERMOT,29SEP2026,640000.000000,100,OPTSTK,NFO,5.000000,3001,False
102301,EICHERMOT29SEP266600PE,EICHERMOT,29SEP2026,660000.000000,100,OPTSTK,NFO,5.000000,3001,False
102302,EICHERMOT29SEP266800CE,EICHERMOT,29SEP2026,680000.000000,100,OPTSTK,NFO,5.000000,3001,False
102311,EICHERMOT29SEP267400PE,EICHERMOT,29SEP2026,740000.000000,100,OPTSTK,NFO,5.000000,3001,False
102323,EICHERMOT29SEP268600PE,EICHERMOT,29SEP2026,860000.000000,100,OPTSTK,NFO,5.000000,3001,False
102325,EICHERMOT29SEP268800PE,EICHERMOT,29SEP2026,880000.000000,100,OPTSTK,NFO,5.000000,3001,False
102327,EICHERMOT29SEP269000PE,EICHERMOT,29SEP2026,900000.000000,100,OPTSTK,NFO,5.000000,3001,False
102360,PIDILITIND29SEP261860CE,PIDILITIND,29SEP2026,186000.000000,500,OPTSTK,NFO,5.000000,15001,False
102371,IDFCFIRSTB23NOV2686CE,IDFCFIRSTB,23NOV2026,8600.000000,9275,OPTSTK,NFO,1.000000,278251,False
102374,IDFCFIRSTB23NOV2686PE,IDFCFIRSTB,23NOV2026,8600.000000,9275,OPTSTK,NFO,1.000000,278251,False
102390,IDFCFIRSTB23NOV2688PE,IDFCFIRSTB,23NOV2026,8800.000000,9275,OPTSTK,NFO,1.000000,278251,False
102407,IDFCFIRSTB23NOV26100PE,IDFCFIRSTB,23NOV2026,10000.000000,9275,OPTSTK,NFO,1.000000,278251,False
102442,PIDILITIND27OCT261360CE,PIDILITIND,27OCT2026,136000.000000,500,OPTSTK,NFO,5.000000,15001,False
102443,PIDILITIND27OCT261360PE,PIDILITIND,27OCT2026,136000.000000,500,OPTSTK,NFO,5.000000,15001,False
102448,PIDILITIND27OCT261480CE,PIDILITIND,27OCT2026,148000.000000,500,OPTSTK,NFO,5.000000,15001,False
102455,PIDILITIND27OCT261600PE,PIDILITIND,27OCT2026,160000.000000,500,OPTSTK,NFO,5.000000,15001,False
102509,PIIND29SEP261950CE,PIIND,29SEP2026,195000.000000,175,OPTSTK,NFO,5.000000,8751,False
102532,ETERNAL29SEP26240PE,ETERNAL,29SEP2026,24000.000000,2425,OPTSTK,NFO,5.000000,72751,False
102572,ETERNAL29SEP26350CE,ETERNAL,29SEP2026,35000.000000,2425,OPTSTK,NFO,5.000000,72751,False
102590,IEX27OCT26102.5PE,IEX,27OCT2026,10250.000000,4350,OPTSTK,NFO,1.000000,174001,False
102602,IEX27OCT26132.5PE,IEX,27OCT2026,13250.000000,4350,OPTSTK,NFO,1.000000,174001,False
102669,PIIND27OCT262200CE,PIIND,27OCT2026,220000.000000,175,OPTSTK,NFO,5.000000,8751,False
102673,PIIND27OCT262300CE,PIIND,27OCT2026,230000.000000,175,OPTSTK,NFO,5.000000,8751,False
102674,PIIND27OCT262300PE,PIIND,27OCT2026,230000.000000,175,OPTSTK,NFO,5.000000,8751,False
102677,FEDERALBNK29SEP26290PE,FEDERALBNK,29SEP2026,29000.000000,2500,OPTSTK,NFO,5.000000,75001,False
102694,IEX23NOV2690CE,IEX,23NOV2026,9000.000000,4350,OPTSTK,NFO,1.000000,174001,False
102721,IEX23NOV26105PE,IEX,23NOV2026,10500.000000,4350,OPTSTK,NFO,1.000000,174001,False
102839,PNB29SEP26113CE,PNB,29SEP2026,11300.000000,8000,OPTSTK,NFO,1.000000,240001,False
102868,INDHOTEL27OCT26770CE,INDHOTEL,27OCT2026,77000.000000,1000,OPTSTK,NFO,5.000000,30001,False
102873,INDHOTEL27OCT26810PE,INDHOTEL,27OCT2026,81000.000000,1000,OPTSTK,NFO,5.000000,30001,False
102916,FEDERALBNK29SEP26390PE,FEDERALBNK,29SEP2026,39000.000000,2500,OPTSTK,NFO,5.000000,75001,False
102920,FEDERALBNK29SEP26410PE,FEDERALBNK,29SEP2026,41000.000000,2500,OPTSTK,NFO,5.000000,75001,False
102987,INDHOTEL23NOV26600PE,INDHOTEL,23NOV2026,60000.000000,1000,OPTSTK,NFO,5.000000,30001,False
103000,INDHOTEL23NOV26680CE,INDHOTEL,23NOV2026,68000.000000,1000,OPTSTK,NFO,5.000000,30001,False
103020,PNB27OCT26102CE,PNB,27OCT2026,10200.000000,8000,OPTSTK,NFO,1.000000,240001,False
103041,PNB27OCT26116PE,PNB,27OCT2026,11600.000000,8000,OPTSTK,NFO,1.000000,240001,False
103051,FORCEMOT29SEP2614000PE,FORCEMOT,29SEP2026,1400000.000000,25,OPTSTK,NFO,5.000000,1251,False
103052,FORCEMOT29SEP2615000CE,FORCEMOT,29SEP2026,1500000.000000,25,OPTSTK,NFO,5.000000,1251,False
103067,PNB27OCT26122CE,PNB,27OCT2026,12200.000000,8000,OPTSTK,NFO,1.000000,240001,False
103070,INDHOTEL23NOV26760PE,INDHOTEL,23NOV2026,76000.000000,1000,OPTSTK,NFO,5.000000,30001,False
103074,PNB27OCT26126CE,PNB,27OCT2026,12600.000000,8000,OPTSTK,NFO,1.000000,240001,False
103254,PNBHOUSING29SEP261060PE,PNBHOUSING,29SEP2026,106000.000000,650,OPTSTK,NFO,5.000000,19501,False
103260,PNBHOUSING29SEP261180PE,PNBHOUSING,29SEP2026,118000.000000,650,OPTSTK,NFO,5.000000,19501,False
103338,PNBHOUSING27OCT261080CE,PNBHOUSING,27OCT2026,108000.000000,650,OPTSTK,NFO,5.000000,19501,False
103339,PNBHOUSING27OCT261080PE,PNBHOUSING,27OCT2026,108000.000000,650,OPTSTK,NFO,5.000000,19501,False
103377,PNBHOUSING27OCT261280CE,PNBHOUSING,27OCT2026,128000.000000,650,OPTSTK,NFO,5.000000,19501,False
103382,PNBHOUSING27OCT261320PE,PNBHOUSING,27OCT2026,132000.000000,650,OPTSTK,NFO,5.000000,19501,False
103465,POLICYBZR29SEP261740CE,POLICYBZR,29SEP2026,174000.000000,350,OPTSTK,NFO,5.000000,14001,False
103496,INDIANB23NOV26940CE,INDIANB,23NOV2026,94000.000000,1000,OPTSTK,NFO,5.000000,30001,False
103498,INDIANB23NOV26960CE,INDIANB,23NOV2026,96000.000000,1000,OPTSTK,NFO,5.000000,30001,False
103538,POLICYBZR27OCT261560CE,POLICYBZR,27OCT2026,156000.000000,350,OPTSTK,NFO,5.000000,14001,False
103551,POLICYBZR27OCT261720PE,POLICYBZR,27OCT2026,172000.000000,350,OPTSTK,NFO,5.000000,14001,False
103619,FORTIS29SEP26740CE,FORTIS,29SEP2026,74000.000000,775,OPTSTK,NFO,5.000000,23251,False
103640,FORTIS29SEP26840PE,FORTIS,29SEP2026,84000.000000,775,OPTSTK,NFO,5.000000,23251,False
103643,FORTIS29SEP26880CE,FORTIS,29SEP2026,88000.000000,775,OPTSTK,NFO,5.000000,23251,False
103648,FORTIS29SEP26920PE,FORTIS,29SEP2026,92000.000000,775,OPTSTK,NFO,5.000000,23251,False
103664,FORTIS29SEP261020CE,FORTIS,29SEP2026,102000.000000,775,OPTSTK,NFO,5.000000,23251,False
103665,FORTIS29SEP261020PE,FORTIS,29SEP2026,102000.000000,775,OPTSTK,NFO,5.000000,23251,False
103700,INDIGO27OCT264500PE,INDIGO,27OCT2026,450000.000000,150,OPTSTK,NFO,5.000000,4501,False
103735,INDIGO27OCT265500CE,INDIGO,27OCT2026,550000.000000,150,OPTSTK,NFO,5.000000,4501,False
103762,POLICYBZR27OCT261880PE,POLICYBZR,27OCT2026,188000.000000,350,OPTSTK,NFO,5.000000,14001,False
103786,INDIGO23NOV265000PE,INDIGO,23NOV2026,500000.000000,150,OPTSTK,NFO,5.000000,4501,False
103787,INDIGO23NOV265200CE,INDIGO,23NOV2026,520000.000000,150,OPTSTK,NFO,5.000000,4501,False
103789,INDIGO23NOV265400CE,INDIGO,23NOV2026,540000.000000,150,OPTSTK,NFO,5.000000,4501,False
103804,POLICYBZR27OCT262040PE,POLICYBZR,27OCT2026,204000.000000,350,OPTSTK,NFO,5.000000,14001,False
103838,POLYCAB29SEP267100CE,POLYCAB,29SEP2026,710000.000000,125,OPTSTK,NFO,5.000000,2501,False
103845,POLYCAB29SEP267700PE,POLYCAB,29SEP2026,770000.000000,125,OPTSTK,NFO,5.000000,2501,False
103847,POLYCAB29SEP267900PE,POLYCAB,29SEP2026,790000.000000,125,OPTSTK,NFO,5.000000,2501,False
103850,POLYCAB29SEP268300CE,POLYCAB,29SEP2026,830000.000000,125,OPTSTK,NFO,5.000000,2501,False
103897,INDUSINDBK27OCT261070CE,INDUSINDBK,27OCT2026,107000.000000,700,OPTSTK,NFO,5.000000,28001,False
103963,POLYCAB29SEP269100PE,POLYCAB,29SEP2026,910000.000000,125,OPTSTK,NFO,5.000000,2501,False
103970,POLYCAB29SEP269500PE,POLYCAB,29SEP2026,950000.000000,125,OPTSTK,NFO,5.000000,2501,False
103979,POLYCAB29SEP2610300PE,POLYCAB,29SEP2026,1030000.000000,125,OPTSTK,NFO,5.000000,2501,False
104010,INDUSINDBK23NOV26880CE,INDUSINDBK,23NOV2026,88000.000000,700,OPTSTK,NFO,5.000000,28001,False
104049,INDUSINDBK23NOV26980CE,INDUSINDBK,23NOV2026,98000.000000,700,OPTSTK,NFO,5.000000,28001,False
104054,INDUSINDBK23NOV261020PE,INDUSINDBK,23NOV2026,102000.000000,700,OPTSTK,NFO,5.000000,28001,False
104055,INDUSINDBK23NOV261040CE,INDUSINDBK,23NOV2026,104000.000000,700,OPTSTK,NFO,5.000000,28001,False
104061,INDUSINDBK23NOV261100CE,INDUSINDBK,23NOV2026,110000.000000,700,OPTSTK,NFO,5.000000,28001,False
104135,GAIL29SEP26180CE,GAIL,29SEP2026,18000.000000,3550,OPTSTK,NFO,1.000000,142001,False
104232,POLYCAB27OCT267400PE,POLYCAB,27OCT2026,740000.000000,125,OPTSTK,NFO,5.000000,2501,False
104242,POLYCAB27OCT267600CE,POLYCAB,27OCT2026,760000.000000,125,OPTSTK,NFO,5.000000,2501,False
104253,POLYCAB27OCT268000PE,POLYCAB,27OCT2026,800000.000000,125,OPTSTK,NFO,5.000000,2501,False
104269,POLYCAB27OCT268600CE,POLYCAB,27OCT2026,860000.000000,125,OPTSTK,NFO,5.000000,2501,False
104276,POLYCAB27OCT269000PE,POLYCAB,27OCT2026,900000.000000,125,OPTSTK,NFO,5.000000,2501,False
104277,POLYCAB27OCT269200CE,POLYCAB,27OCT2026,920000.000000,125,OPTSTK,NFO,5.000000,2501,False
104285,POLYCAB27OCT2610000CE,POLYCAB,27OCT2026,1000000.000000,125,OPTSTK,NFO,5.000000,2501,False
104290,POLYCAB27OCT2610400PE,POLYCAB,27OCT2026,1040000.000000,125,OPTSTK,NFO,5.000000,2501,False
104342,INDUSTOWER27OCT26395PE,INDUSTOWER,27OCT2026,39500.000000,1700,OPTSTK,NFO,5.000000,68001,False
104347,INDUSTOWER27OCT26425CE,INDUSTOWER,27OCT2026,42500.000000,1700,OPTSTK,NFO,5.000000,68001,False
104381,POWERGRID29SEP26242.5PE,POWERGRID,29SEP2026,24250.000000,1900,OPTSTK,NFO,5.000000,76001,False
104387,POWERGRID29SEP26257.5PE,POWERGRID,29SEP2026,25750.000000,1900,OPTSTK,NFO,5.000000,76001,False
104395,POWERGRID29SEP26267.5PE,POWERGRID,29SEP2026,26750.000000,1900,OPTSTK,NFO,5.000000,76001,False
104454,INDUSTOWER23NOV26350PE,INDUSTOWER,23NOV2026,35000.000000,1700,OPTSTK,NFO,5.000000,68001,False
104636,POWERGRID27OCT26220CE,POWERGRID,27OCT2026,22000.000000,1900,OPTSTK,NFO,5.000000,76001,False
104639,POWERGRID27OCT26225PE,POWERGRID,27OCT2026,22500.000000,1900,OPTSTK,NFO,5.000000,76001,False
104662,POWERGRID27OCT26280CE,POWERGRID,27OCT2026,28000.000000,1900,OPTSTK,NFO,5.000000,76001,False
104666,POWERGRID27OCT26290CE,POWERGRID,27OCT2026,29000.000000,1900,OPTSTK,NFO,5.000000,76001,False
104668,POWERGRID27OCT26295CE,POWERGRID,27OCT2026,29500.000000,1900,OPTSTK,NFO,5.000000,76001,False
104675,POWERGRID27OCT26310PE,POWERGRID,27OCT2026,31000.000000,1900,OPTSTK,NFO,5.000000,76001,False
104738,INFY27OCT261260CE,INFY,27OCT2026,126000.000000,400,OPTSTK,NFO,5.000000,20001,False
104775,INFY23NOV26880PE,INFY,23NOV2026,88000.000000,400,OPTSTK,NFO,5.000000,20001,False
104779,INFY23NOV26960PE,INFY,23NOV2026,96000.000000,400,OPTSTK,NFO,5.000000,20001,False
104832,GLENMARK29SEP262160CE,GLENMARK,29SEP2026,216000.000000,375,OPTSTK,NFO,5.000000,11251,False
104837,GLENMARK29SEP262200PE,GLENMARK,29SEP2026,220000.000000,375,OPTSTK,NFO,5.000000,11251,False
104844,POWERINDIA29SEP2627500CE,POWERINDIA,29SEP2026,2750000.000000,25,OPTSTK,NFO,5.000000,751,False
104899,POWERINDIA29SEP2638500CE,POWERINDIA,29SEP2026,3850000.000000,25,OPTSTK,NFO,5.000000,751,False
104962,GLENMARK29SEP262400CE,GLENMARK,29SEP2026,240000.000000,375,OPTSTK,NFO,5.000000,11251,False
104984,GLENMARK29SEP262720CE,GLENMARK,29SEP2026,272000.000000,375,OPTSTK,NFO,5.000000,11251,False
105044,INOXWIND27OCT2687.5CE,INOXWIND,27OCT2026,8750.000000,6400,OPTSTK,NFO,1.000000,256001,False
105051,POWERINDIA27OCT2637000PE,POWERINDIA,27OCT2026,3700000.000000,25,OPTSTK,NFO,5.000000,751,False
105067,POWERINDIA27OCT2639000CE,POWERINDIA,27OCT2026,3900000.000000,25,OPTSTK,NFO,5.000000,751,False
105071,INOXWIND23NOV2655PE,INOXWIND,23NOV2026,5500.000000,6400,OPTSTK,NFO,1.000000,256001,False
105078,INOXWIND23NOV2665CE,INOXWIND,23NOV2026,6500.000000,6400,OPTSTK,NFO,1.000000,256001,False
105088,INOXWIND23NOV2690CE,INOXWIND,23NOV2026,9000.000000,6400,OPTSTK,NFO,1.000000,256001,False
105146,IOC27OCT26152.5CE,IOC,27OCT2026,15250.000000,4875,OPTSTK,NFO,1.000000,195001,False
105174,PREMIERENE29SEP261060CE,PREMIERENE,29SEP2026,106000.000000,650,OPTSTK,NFO,5.000000,26001,False
105191,IOC23NOV26120PE,IOC,23NOV2026,12000.000000,4875,OPTSTK,NFO,1.000000,195001,False
105348,PREMIERENE27OCT261000PE,PREMIERENE,27OCT2026,100000.000000,650,OPTSTK,NFO,5.000000,26001,False
105350,PREMIERENE27OCT261040PE,PREMIERENE,27OCT2026,104000.000000,650,OPTSTK,NFO,5.000000,26001,False
105355,PREMIERENE27OCT261080PE,PREMIERENE,27OCT2026,108000.000000,650,OPTSTK,NFO,5.000000,26001,False
105367,PREMIERENE27OCT261160CE,PREMIERENE,27OCT2026,116000.000000,650,OPTSTK,NFO,5.000000,26001,False
105377,PREMIERENE27OCT261160PE,PREMIERENE,27OCT2026,116000.000000,650,OPTSTK,NFO,5.000000,26001,False
105384,GMRAIRPORT29SEP2694CE,GMRAIRPORT,29SEP2026,9400.000000,6975,OPTSTK,NFO,1.000000,209251,False
105393,GMRAIRPORT29SEP2696PE,GMRAIRPORT,29SEP2026,9600.000000,6975,OPTSTK,NFO,1.000000,209251,False
105397,GMRAIRPORT29SEP26100PE,GMRAIRPORT,29SEP2026,10000.000000,6975,OPTSTK,NFO,1.000000,209251,False
105421,PRESTIGE29SEP261460PE,PRESTIGE,29SEP2026,146000.000000,450,OPTSTK,NFO,5.000000,13501,False
105436,PRESTIGE29SEP261740CE,PRESTIGE,29SEP2026,174000.000000,450,OPTSTK,NFO,5.000000,13501,False
105440,GMRAIRPORT29SEP26102CE,GMRAIRPORT,29SEP2026,10200.000000,6975,OPTSTK,NFO,1.000000,209251,False
105441,GMRAIRPORT29SEP26102PE,GMRAIRPORT,29SEP2026,10200.000000,6975,OPTSTK,NFO,1.000000,209251,False
105457,GMRAIRPORT29SEP26118PE,GMRAIRPORT,29SEP2026,11800.000000,6975,OPTSTK,NFO,1.000000,209251,False
105467,GMRAIRPORT29SEP26124PE,GMRAIRPORT,29SEP2026,12400.000000,6975,OPTSTK,NFO,1.000000,209251,False
105572,IREDA23NOV2695CE,IREDA,23NOV2026,9500.000000,4525,OPTSTK,NFO,1.000000,181001,False
105575,IREDA23NOV26100PE,IREDA,23NOV2026,10000.000000,4525,OPTSTK,NFO,1.000000,181001,False
105577,IREDA23NOV26105PE,IREDA,23NOV2026,10500.000000,4525,OPTSTK,NFO,1.000000,181001,False
105659,PRESTIGE27OCT261320CE,PRESTIGE,27OCT2026,132000.000000,450,OPTSTK,NFO,5.000000,13501,False
105672,PRESTIGE27OCT261440PE,PRESTIGE,27OCT2026,144000.000000,450,OPTSTK,NFO,5.000000,13501,False
105676,PRESTIGE27OCT261520PE,PRESTIGE,27OCT2026,152000.000000,450,OPTSTK,NFO,5.000000,13501,False
105680,PRESTIGE27OCT261600PE,PRESTIGE,27OCT2026,160000.000000,450,OPTSTK,NFO,5.000000,13501,False
105681,PRESTIGE27OCT261640CE,PRESTIGE,27OCT2026,164000.000000,450,OPTSTK,NFO,5.000000,13501,False
105694,PRESTIGE27OCT261880PE,PRESTIGE,27OCT2026,188000.000000,450,OPTSTK,NFO,5.000000,13501,False
105740,RADICO29SEP264050PE,RADICO,29SEP2026,405000.000000,150,OPTSTK,NFO,5.000000,6001,False
105741,RADICO29SEP264150CE,RADICO,29SEP2026,415000.000000,150,OPTSTK,NFO,5.000000,6001,False
105743,RADICO29SEP264250CE,RADICO,29SEP2026,425000.000000,150,OPTSTK,NFO,5.000000,6001,False
105771,RADICO29SEP264650PE,RADICO,29SEP2026,465000.000000,150,OPTSTK,NFO,5.000000,6001,False
105778,RADICO29SEP264950PE,RADICO,29SEP2026,495000.000000,150,OPTSTK,NFO,5.000000,6001,False
105833,RADICO27OCT264300PE,RADICO,27OCT2026,430000.000000,150,OPTSTK,NFO,5.000000,6001,False
105877,IRFC27OCT2679CE,IRFC,27OCT2026,7900.000000,5425,OPTSTK,NFO,1.000000,271251,False
105899,GODFRYPHLP29SEP262100PE,GODFRYPHLP,29SEP2026,210000.000000,275,OPTSTK,NFO,5.000000,11001,False
105922,IRFC27OCT2687PE,IRFC,27OCT2026,8700.000000,5425,OPTSTK,NFO,1.000000,271251,False
105923,IRFC27OCT2689CE,IRFC,27OCT2026,8900.000000,5425,OPTSTK,NFO,1.000000,271251,False
105952,RBLBANK29SEP26345PE,RBLBANK,29SEP2026,34500.000000,3175,OPTSTK,NFO,5.000000,63501,False
105967,RBLBANK29SEP26365PE,RBLBANK,29SEP2026,36500.000000,3175,OPTSTK,NFO,5.000000,63501,False
105971,RBLBANK29SEP26385PE,RBLBANK,29SEP2026,38500.000000,3175,OPTSTK,NFO,5.000000,63501,False
105992,RBLBANK29SEP26465CE,RBLBANK,29SEP2026,46500.000000,3175,OPTSTK,NFO,5.000000,63501,False
105993,RBLBANK29SEP26465PE,RBLBANK,29SEP2026,46500.000000,3175,OPTSTK,NFO,5.000000,63501,False
106051,RBLBANK27OCT26400CE,RBLBANK,27OCT2026,40000.000000,3175,OPTSTK,NFO,5.000000,63501,False
106066,RBLBANK27OCT26460CE,RBLBANK,27OCT2026,46000.000000,3175,OPTSTK,NFO,5.000000,63501,False
106089,RECLTD29SEP26295PE,RECLTD,29SEP2026,29500.000000,1575,OPTSTK,NFO,5.000000,63001,False
106094,RECLTD29SEP26325CE,RECLTD,29SEP2026,32500.000000,1575,OPTSTK,NFO,5.000000,63001,False
106097,RECLTD29SEP26335PE,RECLTD,29SEP2026,33500.000000,1575,OPTSTK,NFO,5.000000,63001,False
106100,RECLTD29SEP26355CE,RECLTD,29SEP2026,35500.000000,1575,OPTSTK,NFO,5.000000,63001,False
106107,RECLTD29SEP26385PE,RECLTD,29SEP2026,38500.000000,1575,OPTSTK,NFO,5.000000,63001,False
106139,RECLTD27OCT26260PE,RECLTD,27OCT2026,26000.000000,1575,OPTSTK,NFO,5.000000,63001,False
106144,RECLTD27OCT26290CE,RECLTD,27OCT2026,29000.000000,1575,OPTSTK,NFO,5.000000,63001,False
106148,RECLTD27OCT26300PE,RECLTD,27OCT2026,30000.000000,1575,OPTSTK,NFO,5.000000,63001,False
106306,GODREJCP29SEP26860PE,GODREJCP,29SEP2026,86000.000000,500,OPTSTK,NFO,5.000000,25001,False
106307,GODREJCP29SEP26880CE,GODREJCP,29SEP2026,88000.000000,500,OPTSTK,NFO,5.000000,25001,False
106310,GODREJCP29SEP26900PE,GODREJCP,29SEP2026,90000.000000,500,OPTSTK,NFO,5.000000,25001,False
106353,RELIANCE29SEP261190PE,RELIANCE,29SEP2026,119000.000000,500,OPTSTK,NFO,5.000000,20001,False
106372,IRFC23NOV2672CE,IRFC,23NOV2026,7200.000000,5425,OPTSTK,NFO,1.000000,271251,False
106378,IRFC23NOV2674CE,IRFC,23NOV2026,7400.000000,5425,OPTSTK,NFO,1.000000,271251,False
106380,RELIANCE29SEP261350CE,RELIANCE,29SEP2026,135000.000000,500,OPTSTK,NFO,5.000000,20001,False
106396,IRFC23NOV2680PE,IRFC,23NOV2026,8000.000000,5425,OPTSTK,NFO,1.000000,271251,False
106400,IRFC23NOV2684CE,IRFC,23NOV2026,8400.000000,5425,OPTSTK,NFO,1.000000,271251,False
106407,IRFC23NOV2690CE,IRFC,23NOV2026,9000.000000,5425,OPTSTK,NFO,1.000000,271251,False
106643,ITC27OCT26237.5CE,ITC,27OCT2026,23750.000000,1725,OPTSTK,NFO,5.000000,86251,False
106647,ITC27OCT26237.5PE,ITC,27OCT2026,23750.000000,1725,OPTSTK,NFO,5.000000,86251,False
106656,RELIANCE27OCT261140PE,RELIANCE,27OCT2026,114000.000000,500,OPTSTK,NFO,5.000000,20001,False
106658,RELIANCE27OCT261160PE,RELIANCE,27OCT2026,116000.000000,500,OPTSTK,NFO,5.000000,20001,False
106674,ITC27OCT26277.5CE,ITC,27OCT2026,27750.000000,1725,OPTSTK,NFO,5.000000,86251,False
106676,ITC27OCT26277.5PE,ITC,27OCT2026,27750.000000,1725,OPTSTK,NFO,5.000000,86251,False
106686,ITC27OCT26297.5PE,ITC,27OCT2026,29750.000000,1725,OPTSTK,NFO,5.000000,86251,False
106695,RELIANCE27OCT261220PE,RELIANCE,27OCT2026,122000.000000,500,OPTSTK,NFO,5.000000,20001,False
106718,RELIANCE27OCT261280PE,RELIANCE,27OCT2026,128000.000000,500,OPTSTK,NFO,5.000000,20001,False
106739,RELIANCE27OCT261420CE,RELIANCE,27OCT2026,142000.000000,500,OPTSTK,NFO,5.000000,20001,False
106811,GODREJPROP29SEP261680PE,GODREJPROP,29SEP2026,168000.000000,325,OPTSTK,NFO,5.000000,13001,False
106816,GODREJPROP29SEP261800CE,GODREJPROP,29SEP2026,180000.000000,325,OPTSTK,NFO,5.000000,13001,False
106827,GODREJPROP29SEP261880PE,GODREJPROP,29SEP2026,188000.000000,325,OPTSTK,NFO,5.000000,13001,False
106836,GODREJPROP29SEP262080CE,GODREJPROP,29SEP2026,208000.000000,325,OPTSTK,NFO,5.000000,13001,False
106845,GODREJPROP29SEP262240PE,GODREJPROP,29SEP2026,224000.000000,325,OPTSTK,NFO,5.000000,13001,False
106946,RVNL27OCT26240CE,RVNL,27OCT2026,24000.000000,1925,OPTSTK,NFO,1.000000,96251,False
107025,SAIL29SEP26202.5CE,SAIL,29SEP2026,20250.000000,4700,OPTSTK,NFO,1.000000,141001,False
107087,SAIL27OCT26155CE,SAIL,27OCT2026,15500.000000,4700,OPTSTK,NFO,1.000000,141001,False
107100,ITC23NOV26225CE,ITC,23NOV2026,22500.000000,1725,OPTSTK,NFO,5.000000,86251,False
107101,ITC23NOV26225PE,ITC,23NOV2026,22500.000000,1725,OPTSTK,NFO,5.000000,86251,False
107112,ITC23NOV26250PE,ITC,23NOV2026,25000.000000,1725,OPTSTK,NFO,5.000000,86251,False
107114,ITC23NOV26255PE,ITC,23NOV2026,25500.000000,1725,OPTSTK,NFO,5.000000,86251,False
107124,ITC23NOV26280PE,ITC,23NOV2026,28000.000000,1725,OPTSTK,NFO,5.000000,86251,False
107129,ITC23NOV26285PE,ITC,23NOV2026,28500.000000,1725,OPTSTK,NFO,5.000000,86251,False
107139,ITC23NOV26310CE,ITC,23NOV2026,31000.000000,1725,OPTSTK,NFO,5.000000,86251,False
107179,SAIL27OCT26200CE,SAIL,27OCT2026,20000.000000,4700,OPTSTK,NFO,1.000000,141001,False
107186,SAIL27OCT26215CE,SAIL,27OCT2026,21500.000000,4700,OPTSTK,NFO,1.000000,141001,False
107193,SAIL27OCT26225PE,SAIL,27OCT2026,22500.000000,4700,OPTSTK,NFO,1.000000,141001,False
107241,SBICARD29SEP26670PE,SBICARD,29SEP2026,67000.000000,800,OPTSTK,NFO,5.000000,40001,False
107256,SBICARD29SEP26730CE,SBICARD,29SEP2026,73000.000000,800,OPTSTK,NFO,5.000000,40001,False
107343,SBICARD29SEP26730PE,SBICARD,29SEP2026,73000.000000,800,OPTSTK,NFO,5.000000,40001,False
107416,GRASIM29SEP262760PE,GRASIM,29SEP2026,276000.000000,250,OPTSTK,NFO,5.000000,7501,False
107418,GRASIM29SEP262800PE,GRASIM,29SEP2026,280000.000000,250,OPTSTK,NFO,5.000000,7501,False
107438,SBICARD27OCT26540PE,SBICARD,27OCT2026,54000.000000,800,OPTSTK,NFO,5.000000,40001,False
107446,GRASIM29SEP263200PE,GRASIM,29SEP2026,320000.000000,250,OPTSTK,NFO,5.000000,7501,False
107449,SBICARD27OCT26580PE,SBICARD,27OCT2026,58000.000000,800,OPTSTK,NFO,5.000000,40001,False
107454,SBICARD27OCT26640CE,SBICARD,27OCT2026,64000.000000,800,OPTSTK,NFO,5.000000,40001,False
107456,SBICARD27OCT26660CE,SBICARD,27OCT2026,66000.000000,800,OPTSTK,NFO,5.000000,40001,False
107460,SBICARD27OCT26680PE,SBICARD,27OCT2026,68000.000000,800,OPTSTK,NFO,5.000000,40001,False
107478,JINDALSTEL27OCT261100PE,JINDALSTEL,27OCT2026,110000.000000,625,OPTSTK,NFO,5.000000,18751,False
107487,JINDALSTEL27OCT261220PE,JINDALSTEL,27OCT2026,122000.000000,625,OPTSTK,NFO,5.000000,18751,False
107488,SBICARD27OCT26780PE,SBICARD,27OCT2026,78000.000000,800,OPTSTK,NFO,5.000000,40001,False
107556,SBILIFE29SEP261540CE,SBILIFE,29SEP2026,154000.000000,375,OPTSTK,NFO,5.000000,15001,False
107558,JINDALSTEL23NOV261200PE,JINDALSTEL,23NOV2026,120000.000000,625,OPTSTK,NFO,5.000000,18751,False
107569,JINDALSTEL23NOV261360PE,JINDALSTEL,23NOV2026,136000.000000,625,OPTSTK,NFO,5.000000,18751,False
107627,JIOFIN27OCT26217.5CE,JIOFIN,27OCT2026,21750.000000,2350,OPTSTK,NFO,1.000000,94001,False
107632,JIOFIN27OCT26227.5PE,JIOFIN,27OCT2026,22750.000000,2350,OPTSTK,NFO,1.000000,94001,False
107633,JIOFIN27OCT26232.5CE,JIOFIN,27OCT2026,23250.000000,2350,OPTSTK,NFO,1.000000,94001,False
107636,JIOFIN27OCT26237.5PE,JIOFIN,27OCT2026,23750.000000,2350,OPTSTK,NFO,1.000000,94001,False
107637,GRASIM29SEP263480CE,GRASIM,29SEP2026,348000.000000,250,OPTSTK,NFO,5.000000,7501,False
107639,JIOFIN27OCT26242.5CE,JIOFIN,27OCT2026,24250.000000,2350,OPTSTK,NFO,1.000000,94001,False
107642,JIOFIN27OCT26247.5PE,JIOFIN,27OCT2026,24750.000000,2350,OPTSTK,NFO,1.000000,94001,False
107644,GRASIM29SEP263520PE,GRASIM,29SEP2026,352000.000000,250,OPTSTK,NFO,5.000000,7501,False
107650,GRASIM29SEP263600PE,GRASIM,29SEP2026,360000.000000,250,OPTSTK,NFO,5.000000,7501,False
107736,GVT&D29SEP264400PE,GVT&D,29SEP2026,440000.000000,125,OPTSTK,NFO,5.000000,5001,False
107747,GVT&D29SEP265400CE,GVT&D,29SEP2026,540000.000000,125,OPTSTK,NFO,5.000000,5001,False
107929,HAL29SEP264200CE,HAL,29SEP2026,420000.000000,150,OPTSTK,NFO,5.000000,4501,False
107966,HAL29SEP265300CE,HAL,29SEP2026,530000.000000,150,OPTSTK,NFO,5.000000,4501,False
107998,JIOFIN23NOV26200CE,JIOFIN,23NOV2026,20000.000000,2350,OPTSTK,NFO,1.000000,94001,False
108003,JIOFIN23NOV26210CE,JIOFIN,23NOV2026,21000.000000,2350,OPTSTK,NFO,1.000000,94001,False
108008,JIOFIN23NOV26220PE,JIOFIN,23NOV2026,22000.000000,2350,OPTSTK,NFO,1.000000,94001,False
108044,SBILIFE27OCT261400CE,SBILIFE,27OCT2026,140000.000000,375,OPTSTK,NFO,5.000000,15001,False
108056,SBILIFE27OCT261640CE,SBILIFE,27OCT2026,164000.000000,375,OPTSTK,NFO,5.000000,15001,False
108068,JIOFIN23NOV26245PE,JIOFIN,23NOV2026,24500.000000,2350,OPTSTK,NFO,1.000000,94001,False
108070,HAVELLS29SEP261080CE,HAVELLS,29SEP2026,108000.000000,500,OPTSTK,NFO,5.000000,20001,False
108073,HAVELLS29SEP261080PE,HAVELLS,29SEP2026,108000.000000,500,OPTSTK,NFO,5.000000,20001,False
108075,JIOFIN23NOV26255PE,JIOFIN,23NOV2026,25500.000000,2350,OPTSTK,NFO,1.000000,94001,False
108082,SBILIFE27OCT261800PE,SBILIFE,27OCT2026,180000.000000,375,OPTSTK,NFO,5.000000,15001,False
108094,HAVELLS29SEP261200CE,HAVELLS,29SEP2026,120000.000000,500,OPTSTK,NFO,5.000000,20001,False
108142,SBILIFE27OCT262040CE,SBILIFE,27OCT2026,204000.000000,375,OPTSTK,NFO,5.000000,15001,False
108213,SBIN29SEP26950PE,SBIN,29SEP2026,95000.000000,750,OPTSTK,NFO,5.000000,22501,False
108256,SBIN29SEP261030CE,SBIN,29SEP2026,103000.000000,750,OPTSTK,NFO,5.000000,22501,False
108259,SBIN29SEP261050CE,SBIN,29SEP2026,105000.000000,750,OPTSTK,NFO,5.000000,22501,False
108387,SBIN27OCT26840PE,SBIN,27OCT2026,84000.000000,750,OPTSTK,NFO,5.000000,22501,False
108422,JSWENERGY23NOV26600CE,JSWENERGY,23NOV2026,60000.000000,1075,OPTSTK,NFO,5.000000,43001,False
108488,JSWSTEEL27OCT261460CE,JSWSTEEL,27OCT2026,146000.000000,675,OPTSTK,NFO,5.000000,20251,False
108523,HCLTECH29SEP261260CE,HCLTECH,29SEP2026,126000.000000,400,OPTSTK,NFO,5.000000,20001,False
108498,HCLTECH29SEP261040PE,HCLTECH,29SEP2026,104000.000000,400,OPTSTK,NFO,5.000000,20001,False
108519,HCLTECH29SEP261220CE,HCLTECH,29SEP2026,122000.000000,400,OPTSTK,NFO,5.000000,20001,False
108542,HCLTECH29SEP261320CE,HCLTECH,29SEP2026,132000.000000,400,OPTSTK,NFO,5.000000,20001,False
108547,HCLTECH29SEP261360PE,HCLTECH,29SEP2026,136000.000000,400,OPTSTK,NFO,5.000000,20001,False
108556,HCLTECH29SEP261480CE,HCLTECH,29SEP2026,148000.000000,400,OPTSTK,NFO,5.000000,20001,False
108558,HCLTECH29SEP261520CE,HCLTECH,29SEP2026,152000.000000,400,OPTSTK,NFO,5.000000,20001,False
108607,SBIN27OCT261040CE,SBIN,27OCT2026,104000.000000,750,OPTSTK,NFO,5.000000,22501,False
108613,SBIN27OCT261080PE,SBIN,27OCT2026,108000.000000,750,OPTSTK,NFO,5.000000,22501,False
108614,JSWSTEEL23NOV261520PE,JSWSTEEL,23NOV2026,152000.000000,675,OPTSTK,NFO,5.000000,20251,False
108630,SBIN27OCT261220PE,SBIN,27OCT2026,122000.000000,750,OPTSTK,NFO,5.000000,22501,False
108658,SHREECEM29SEP2620750PE,SHREECEM,29SEP2026,2075000.000000,25,OPTSTK,NFO,5.000000,1001,False
108668,SHREECEM29SEP2622750CE,SHREECEM,29SEP2026,2275000.000000,25,OPTSTK,NFO,5.000000,1001,False
108670,SHREECEM29SEP2623250CE,SHREECEM,29SEP2026,2325000.000000,25,OPTSTK,NFO,5.000000,1001,False
108671,SHREECEM29SEP2623250PE,SHREECEM,29SEP2026,2325000.000000,25,OPTSTK,NFO,5.000000,1001,False
108684,SHREECEM29SEP2625750CE,SHREECEM,29SEP2026,2575000.000000,25,OPTSTK,NFO,5.000000,1001,False
108687,SHREECEM29SEP2626250PE,SHREECEM,29SEP2026,2625000.000000,25,OPTSTK,NFO,5.000000,1001,False
108739,SHREECEM27OCT2620000PE,SHREECEM,27OCT2026,2000000.000000,25,OPTSTK,NFO,5.000000,1001,False
108746,SHREECEM27OCT2622000CE,SHREECEM,27OCT2026,2200000.000000,25,OPTSTK,NFO,5.000000,1001,False
108748,SHREECEM27OCT2622500CE,SHREECEM,27OCT2026,2250000.000000,25,OPTSTK,NFO,5.000000,1001,False
108761,SHREECEM27OCT2623500CE,SHREECEM,27OCT2026,2350000.000000,25,OPTSTK,NFO,5.000000,1001,False
108762,SHREECEM27OCT2623500PE,SHREECEM,27OCT2026,2350000.000000,25,OPTSTK,NFO,5.000000,1001,False
108784,SHREECEM27OCT2627500PE,SHREECEM,27OCT2026,2750000.000000,25,OPTSTK,NFO,5.000000,1001,False
108865,JUBLFOOD27OCT26525CE,JUBLFOOD,27OCT2026,52500.000000,1250,OPTSTK,NFO,5.000000,50001,False
108869,HDFCAMC29SEP262000CE,HDFCAMC,29SEP2026,200000.000000,300,OPTSTK,NFO,5.000000,9001,False
108871,JUBLFOOD27OCT26535CE,JUBLFOOD,27OCT2026,53500.000000,1250,OPTSTK,NFO,5.000000,50001,False
108873,HDFCAMC29SEP262100CE,HDFCAMC,29SEP2026,210000.000000,300,OPTSTK,NFO,5.000000,9001,False
108875,HDFCAMC29SEP262200CE,HDFCAMC,29SEP2026,220000.000000,300,OPTSTK,NFO,5.000000,9001,False
108881,HDFCAMC29SEP262500CE,HDFCAMC,29SEP2026,250000.000000,300,OPTSTK,NFO,5.000000,9001,False
108884,HDFCAMC29SEP262600PE,HDFCAMC,29SEP2026,260000.000000,300,OPTSTK,NFO,5.000000,9001,False
108899,HDFCAMC29SEP263200CE,HDFCAMC,29SEP2026,320000.000000,300,OPTSTK,NFO,5.000000,9001,False
109027,JUBLFOOD23NOV26500CE,JUBLFOOD,23NOV2026,50000.000000,1250,OPTSTK,NFO,5.000000,50001,False
109031,JUBLFOOD23NOV26520CE,JUBLFOOD,23NOV2026,52000.000000,1250,OPTSTK,NFO,5.000000,50001,False
109032,JUBLFOOD23NOV26520PE,JUBLFOOD,23NOV2026,52000.000000,1250,OPTSTK,NFO,5.000000,50001,False
109041,HDFCBANK29SEP26600PE,HDFCBANK,29SEP2026,60000.000000,650,OPTSTK,NFO,5.000000,32501,False
109044,HDFCBANK29SEP26620CE,HDFCBANK,29SEP2026,62000.000000,650,OPTSTK,NFO,5.000000,32501,False
109074,SHRIRAMFIN29SEP261140PE,SHRIRAMFIN,29SEP2026,114000.000000,825,OPTSTK,NFO,5.000000,24751,False
109086,HDFCBANK29SEP26680CE,HDFCBANK,29SEP2026,68000.000000,650,OPTSTK,NFO,5.000000,32501,False
109095,HDFCBANK29SEP26720PE,HDFCBANK,29SEP2026,72000.000000,650,OPTSTK,NFO,5.000000,32501,False
109101,HDFCBANK29SEP26780PE,HDFCBANK,29SEP2026,78000.000000,650,OPTSTK,NFO,5.000000,32501,False
109183,SHRIRAMFIN27OCT261080CE,SHRIRAMFIN,27OCT2026,108000.000000,825,OPTSTK,NFO,5.000000,24751,False
109212,SHRIRAMFIN27OCT261240PE,SHRIRAMFIN,27OCT2026,124000.000000,825,OPTSTK,NFO,5.000000,24751,False
109246,SIEMENS29SEP263450PE,SIEMENS,29SEP2026,345000.000000,175,OPTSTK,NFO,5.000000,7001,False
109436,SIEMENS27OCT263700PE,SIEMENS,27OCT2026,370000.000000,175,OPTSTK,NFO,5.000000,7001,False
109472,KAYNES27OCT263250CE,KAYNES,27OCT2026,325000.000000,150,OPTSTK,NFO,5.000000,6001,False
109480,KAYNES27OCT263650CE,KAYNES,27OCT2026,365000.000000,150,OPTSTK,NFO,5.000000,6001,False
109482,KAYNES27OCT263750CE,KAYNES,27OCT2026,375000.000000,150,OPTSTK,NFO,5.000000,6001,False
109483,KAYNES27OCT263750PE,KAYNES,27OCT2026,375000.000000,150,OPTSTK,NFO,5.000000,6001,False
109488,KAYNES27OCT264050CE,KAYNES,27OCT2026,405000.000000,150,OPTSTK,NFO,5.000000,6001,False
109550,SOLARINDS29SEP2620250PE,SOLARINDS,29SEP2026,2025000.000000,50,OPTSTK,NFO,5.000000,1501,False
109566,SOLARINDS29SEP2624500CE,SOLARINDS,29SEP2026,2450000.000000,50,OPTSTK,NFO,5.000000,1501,False
109574,HDFCLIFE29SEP26440PE,HDFCLIFE,29SEP2026,44000.000000,1100,OPTSTK,NFO,5.000000,44001,False
109616,HDFCLIFE29SEP26610CE,HDFCLIFE,29SEP2026,61000.000000,1100,OPTSTK,NFO,5.000000,44001,False
109657,SOLARINDS27OCT2619500PE,SOLARINDS,27OCT2026,1950000.000000,50,OPTSTK,NFO,5.000000,1501,False
109658,SOLARINDS27OCT2620000CE,SOLARINDS,27OCT2026,2000000.000000,50,OPTSTK,NFO,5.000000,1501,False
109668,HDFCLIFE29SEP26640PE,HDFCLIFE,29SEP2026,64000.000000,1100,OPTSTK,NFO,5.000000,44001,False
109766,SONACOMS29SEP26790CE,SONACOMS,29SEP2026,79000.000000,1225,OPTSTK,NFO,5.000000,36751,False
109789,SONACOMS29SEP26870PE,SONACOMS,29SEP2026,87000.000000,1225,OPTSTK,NFO,5.000000,36751,False
109856,SONACOMS27OCT26760CE,SONACOMS,27OCT2026,76000.000000,1225,OPTSTK,NFO,5.000000,36751,False
109873,SONACOMS27OCT26860CE,SONACOMS,27OCT2026,86000.000000,1225,OPTSTK,NFO,5.000000,36751,False
109973,KEI27OCT266100CE,KEI,27OCT2026,610000.000000,175,OPTSTK,NFO,5.000000,5251,False
109996,SRF27OCT262300PE,SRF,27OCT2026,230000.000000,200,OPTSTK,NFO,5.000000,8001,False
110000,HEROMOTOCO29SEP266400PE,HEROMOTOCO,29SEP2026,640000.000000,150,OPTSTK,NFO,5.000000,4501,False
110003,SRF27OCT262500CE,SRF,27OCT2026,250000.000000,200,OPTSTK,NFO,5.000000,8001,False
110005,SRF27OCT262600CE,SRF,27OCT2026,260000.000000,200,OPTSTK,NFO,5.000000,8001,False
110006,SRF27OCT262600PE,SRF,27OCT2026,260000.000000,200,OPTSTK,NFO,5.000000,8001,False
110009,SRF27OCT262800CE,SRF,27OCT2026,280000.000000,200,OPTSTK,NFO,5.000000,8001,False
110085,KEI23NOV264600PE,KEI,23NOV2026,460000.000000,175,OPTSTK,NFO,5.000000,5251,False
110010,SRF27OCT262800PE,SRF,27OCT2026,280000.000000,200,OPTSTK,NFO,5.000000,8001,False
110049,SUNPHARMA29SEP261700CE,SUNPHARMA,29SEP2026,170000.000000,350,OPTSTK,NFO,5.000000,14001,False
110077,KEI23NOV264200PE,KEI,23NOV2026,420000.000000,175,OPTSTK,NFO,5.000000,5251,False
110134,KEI23NOV266000PE,KEI,23NOV2026,600000.000000,175,OPTSTK,NFO,5.000000,5251,False
110107,HINDALCO29SEP261080CE,HINDALCO,29SEP2026,108000.000000,700,OPTSTK,NFO,5.000000,21001,False
110127,KEI23NOV265400CE,KEI,23NOV2026,540000.000000,175,OPTSTK,NFO,5.000000,5251,False
110129,KEI23NOV265600CE,KEI,23NOV2026,560000.000000,175,OPTSTK,NFO,5.000000,5251,False
110231,KFINTECH27OCT261060CE,KFINTECH,27OCT2026,106000.000000,575,OPTSTK,NFO,5.000000,23001,False
110174,SUNPHARMA29SEP262100CE,SUNPHARMA,29SEP2026,210000.000000,350,OPTSTK,NFO,5.000000,14001,False
110178,HINDPETRO29SEP26440.75CE,HINDPETRO,29SEP2026,44075.000000,2025,OPTSTK,NFO,5.000000,60751,False
110195,KFINTECH27OCT26980CE,KFINTECH,27OCT2026,98000.000000,575,OPTSTK,NFO,5.000000,23001,False
110280,KFINTECH23NOV26840PE,KFINTECH,23NOV2026,84000.000000,575,OPTSTK,NFO,5.000000,23001,False
110281,KFINTECH23NOV26880CE,KFINTECH,23NOV2026,88000.000000,575,OPTSTK,NFO,5.000000,23001,False
110288,KFINTECH23NOV261000PE,KFINTECH,23NOV2026,100000.000000,575,OPTSTK,NFO,5.000000,23001,False
110295,KFINTECH23NOV261120CE,KFINTECH,23NOV2026,112000.000000,575,OPTSTK,NFO,5.000000,23001,False
110356,SUNPHARMA27OCT261720PE,SUNPHARMA,27OCT2026,172000.000000,350,OPTSTK,NFO,5.000000,14001,False
110385,SUNPHARMA27OCT262280CE,SUNPHARMA,27OCT2026,228000.000000,350,OPTSTK,NFO,5.000000,14001,False
110386,SUNPHARMA27OCT262280PE,SUNPHARMA,27OCT2026,228000.000000,350,OPTSTK,NFO,5.000000,14001,False
110478,SUPREMEIND29SEP263850CE,SUPREMEIND,29SEP2026,385000.000000,175,OPTSTK,NFO,5.000000,7001,False
110493,KOTAKBANK27OCT26405PE,KOTAKBANK,27OCT2026,40500.000000,2000,OPTSTK,NFO,5.000000,60001,False
110539,HINDUNILVR29SEP261600CE,HINDUNILVR,29SEP2026,160000.000000,300,OPTSTK,NFO,5.000000,12001,False
110552,SUPREMEIND27OCT263200PE,SUPREMEIND,27OCT2026,320000.000000,175,OPTSTK,NFO,5.000000,7001,False
110563,SUPREMEIND27OCT263700CE,SUPREMEIND,27OCT2026,370000.000000,175,OPTSTK,NFO,5.000000,7001,False
110568,HINDUNILVR29SEP261640CE,HINDUNILVR,29SEP2026,164000.000000,300,OPTSTK,NFO,5.000000,12001,False
110584,HINDUNILVR29SEP261880PE,HINDUNILVR,29SEP2026,188000.000000,300,OPTSTK,NFO,5.000000,12001,False
110588,HINDUNILVR29SEP261960PE,HINDUNILVR,29SEP2026,196000.000000,300,OPTSTK,NFO,5.000000,12001,False
110591,HINDUNILVR29SEP262040CE,HINDUNILVR,29SEP2026,204000.000000,300,OPTSTK,NFO,5.000000,12001,False
110678,SUZLON29SEP2645CE,SUZLON,29SEP2026,4500.000000,12700,OPTSTK,NFO,1.000000,381001,False
110682,SUZLON29SEP2649CE,SUZLON,29SEP2026,4900.000000,12700,OPTSTK,NFO,1.000000,381001,False
110705,KOTAKBANK23NOV26360CE,KOTAKBANK,23NOV2026,36000.000000,2000,OPTSTK,NFO,5.000000,60001,False
110728,KOTAKBANK23NOV26470PE,KOTAKBANK,23NOV2026,47000.000000,2000,OPTSTK,NFO,5.000000,60001,False
110768,HINDUNILVR29SEP262240PE,HINDUNILVR,29SEP2026,224000.000000,300,OPTSTK,NFO,5.000000,12001,False
110835,SUZLON27OCT2650PE,SUZLON,27OCT2026,5000.000000,12700,OPTSTK,NFO,1.000000,381001,False
110882,KPITTECH27OCT26610PE,KPITTECH,27OCT2026,61000.000000,775,OPTSTK,NFO,5.000000,38751,False
110892,KPITTECH27OCT26690PE,KPITTECH,27OCT2026,69000.000000,775,OPTSTK,NFO,5.000000,38751,False
110964,SUZLON27OCT2656CE,SUZLON,27OCT2026,5600.000000,12700,OPTSTK,NFO,1.000000,381001,False
111078,SWIGGY29SEP26275CE,SWIGGY,29SEP2026,27500.000000,1825,OPTSTK,NFO,5.000000,73001,False
111097,KPITTECH23NOV26480PE,KPITTECH,23NOV2026,48000.000000,775,OPTSTK,NFO,5.000000,38751,False
111219,SWIGGY27OCT26270CE,SWIGGY,27OCT2026,27000.000000,1825,OPTSTK,NFO,5.000000,73001,False
111247,HYUNDAI29SEP261840PE,HYUNDAI,29SEP2026,184000.000000,275,OPTSTK,NFO,5.000000,11001,False
111257,HYUNDAI29SEP262040PE,HYUNDAI,29SEP2026,204000.000000,275,OPTSTK,NFO,5.000000,11001,False
111272,HYUNDAI29SEP262120CE,HYUNDAI,29SEP2026,212000.000000,275,OPTSTK,NFO,5.000000,11001,False
111284,HYUNDAI29SEP262320CE,HYUNDAI,29SEP2026,232000.000000,275,OPTSTK,NFO,5.000000,11001,False
111294,HYUNDAI29SEP262520CE,HYUNDAI,29SEP2026,252000.000000,275,OPTSTK,NFO,5.000000,11001,False
111303,KPITTECH23NOV26600CE,KPITTECH,23NOV2026,60000.000000,775,OPTSTK,NFO,5.000000,38751,False
111321,KPITTECH23NOV26720PE,KPITTECH,23NOV2026,72000.000000,775,OPTSTK,NFO,5.000000,38751,False
111389,LAURUSLABS27OCT262020CE,LAURUSLABS,27OCT2026,202000.000000,850,OPTSTK,NFO,5.000000,17001,False
111501,TATACONSUM29SEP26910PE,TATACONSUM,29SEP2026,91000.000000,550,OPTSTK,NFO,5.000000,22001,False
111526,TATACONSUM29SEP26930PE,TATACONSUM,29SEP2026,93000.000000,550,OPTSTK,NFO,5.000000,22001,False
111533,ICICIBANK29SEP261300PE,ICICIBANK,29SEP2026,130000.000000,700,OPTSTK,NFO,5.000000,21001,False
111544,TATACONSUM29SEP26990PE,TATACONSUM,29SEP2026,99000.000000,550,OPTSTK,NFO,5.000000,22001,False
111547,ICICIBANK29SEP261400PE,ICICIBANK,29SEP2026,140000.000000,700,OPTSTK,NFO,5.000000,21001,False
111571,ICICIBANK29SEP261580PE,ICICIBANK,29SEP2026,158000.000000,700,OPTSTK,NFO,5.000000,21001,False
111577,ICICIBANK29SEP261640CE,ICICIBANK,29SEP2026,164000.000000,700,OPTSTK,NFO,5.000000,21001,False
111701,TATACONSUM27OCT26860PE,TATACONSUM,27OCT2026,86000.000000,550,OPTSTK,NFO,5.000000,22001,False
111714,TATACONSUM27OCT261000CE,TATACONSUM,27OCT2026,100000.000000,550,OPTSTK,NFO,5.000000,22001,False
111717,TATACONSUM27OCT261020PE,TATACONSUM,27OCT2026,102000.000000,550,OPTSTK,NFO,5.000000,22001,False
111751,LAURUSLABS23NOV262160PE,LAURUSLABS,23NOV2026,216000.000000,850,OPTSTK,NFO,5.000000,17001,False
111797,TATACONSUM27OCT261200PE,TATACONSUM,27OCT2026,120000.000000,550,OPTSTK,NFO,5.000000,22001,False
111803,LICHSGFIN27OCT26470CE,LICHSGFIN,27OCT2026,47000.000000,1000,OPTSTK,NFO,5.000000,40001,False
111965,ICICIGI29SEP261520CE,ICICIGI,29SEP2026,152000.000000,325,OPTSTK,NFO,5.000000,13001,False
111972,ICICIGI29SEP261560PE,ICICIGI,29SEP2026,156000.000000,325,OPTSTK,NFO,5.000000,13001,False
111978,ICICIGI29SEP261640CE,ICICIGI,29SEP2026,164000.000000,325,OPTSTK,NFO,5.000000,13001,False
111981,ICICIGI29SEP261640PE,ICICIGI,29SEP2026,164000.000000,325,OPTSTK,NFO,5.000000,13001,False
112008,TATAELXSI29SEP263550PE,TATAELXSI,29SEP2026,355000.000000,125,OPTSTK,NFO,5.000000,6251,False
112059,LICHSGFIN27OCT26590PE,LICHSGFIN,27OCT2026,59000.000000,1000,OPTSTK,NFO,5.000000,40001,False
112060,LICHSGFIN27OCT26610CE,LICHSGFIN,27OCT2026,61000.000000,1000,OPTSTK,NFO,5.000000,40001,False
112083,TATAELXSI27OCT263100CE,TATAELXSI,27OCT2026,310000.000000,125,OPTSTK,NFO,5.000000,6251,False
112102,TATAELXSI27OCT263700PE,TATAELXSI,27OCT2026,370000.000000,125,OPTSTK,NFO,5.000000,6251,False
112104,TATAELXSI27OCT263800PE,TATAELXSI,27OCT2026,380000.000000,125,OPTSTK,NFO,5.000000,6251,False
112107,TATAELXSI27OCT264000CE,TATAELXSI,27OCT2026,400000.000000,125,OPTSTK,NFO,5.000000,6251,False
112199,LICHSGFIN23NOV26540CE,LICHSGFIN,23NOV2026,54000.000000,1000,OPTSTK,NFO,5.000000,40001,False
112256,TATAPOWER29SEP26395PE,TATAPOWER,29SEP2026,39500.000000,1450,OPTSTK,NFO,5.000000,58001,False
112299,LICI27OCT26395CE,LICI,27OCT2026,39500.000000,1400,OPTSTK,NFO,5.000000,56001,False
112314,LICI27OCT26445PE,LICI,27OCT2026,44500.000000,1400,OPTSTK,NFO,5.000000,56001,False
112317,LICI27OCT26455PE,LICI,27OCT2026,45500.000000,1400,OPTSTK,NFO,5.000000,56001,False
112385,LICI23NOV26380PE,LICI,23NOV2026,38000.000000,1400,OPTSTK,NFO,5.000000,56001,False
112387,LICI23NOV26390PE,LICI,23NOV2026,39000.000000,1400,OPTSTK,NFO,5.000000,56001,False
112393,LICI23NOV26420PE,LICI,23NOV2026,42000.000000,1400,OPTSTK,NFO,5.000000,56001,False
112482,TATAPOWER27OCT26340PE,TATAPOWER,27OCT2026,34000.000000,1450,OPTSTK,NFO,5.000000,58001,False
112501,TATAPOWER27OCT26440CE,TATAPOWER,27OCT2026,44000.000000,1450,OPTSTK,NFO,5.000000,58001,False
112548,ICICIPRULI29SEP26390PE,ICICIPRULI,29SEP2026,39000.000000,925,OPTSTK,NFO,5.000000,46251,False
112554,ICICIPRULI29SEP26420PE,ICICIPRULI,29SEP2026,42000.000000,925,OPTSTK,NFO,5.000000,46251,False
112557,ICICIPRULI29SEP26440CE,ICICIPRULI,29SEP2026,44000.000000,925,OPTSTK,NFO,5.000000,46251,False
112560,ICICIPRULI29SEP26450PE,ICICIPRULI,29SEP2026,45000.000000,925,OPTSTK,NFO,5.000000,46251,False
112561,ICICIPRULI29SEP26460CE,ICICIPRULI,29SEP2026,46000.000000,925,OPTSTK,NFO,5.000000,46251,False
112568,ICICIPRULI29SEP26490PE,ICICIPRULI,29SEP2026,49000.000000,925,OPTSTK,NFO,5.000000,46251,False
111982,ICICIGI29SEP261680CE,ICICIGI,29SEP2026,168000.000000,325,OPTSTK,NFO,5.000000,13001,False
111983,ICICIGI29SEP261680PE,ICICIGI,29SEP2026,168000.000000,325,OPTSTK,NFO,5.000000,13001,False
112582,ICICIPRULI29SEP26560PE,ICICIPRULI,29SEP2026,56000.000000,925,OPTSTK,NFO,5.000000,46251,False
112584,LODHA27OCT261100PE,LODHA,27OCT2026,110000.000000,625,OPTSTK,NFO,5.000000,18751,False
111991,ICICIGI29SEP261840PE,ICICIGI,29SEP2026,184000.000000,325,OPTSTK,NFO,5.000000,13001,False
111992,ICICIGI29SEP261880CE,ICICIGI,29SEP2026,188000.000000,325,OPTSTK,NFO,5.000000,13001,False
112001,TATAELXSI29SEP263350CE,TATAELXSI,29SEP2026,335000.000000,125,OPTSTK,NFO,5.000000,6251,False
112005,TATAELXSI29SEP263450CE,TATAELXSI,29SEP2026,345000.000000,125,OPTSTK,NFO,5.000000,6251,False
112006,TATAELXSI29SEP263450PE,TATAELXSI,29SEP2026,345000.000000,125,OPTSTK,NFO,5.000000,6251,False
112007,TATAELXSI29SEP263550CE,TATAELXSI,29SEP2026,355000.000000,125,OPTSTK,NFO,5.000000,6251,False
112015,LICHSGFIN27OCT26590CE,LICHSGFIN,27OCT2026,59000.000000,1000,OPTSTK,NFO,5.000000,40001,False
112080,TATAELXSI27OCT262900PE,TATAELXSI,27OCT2026,290000.000000,125,OPTSTK,NFO,5.000000,6251,False
112081,TATAELXSI27OCT263000CE,TATAELXSI,27OCT2026,300000.000000,125,OPTSTK,NFO,5.000000,6251,False
112082,TATAELXSI27OCT263000PE,TATAELXSI,27OCT2026,300000.000000,125,OPTSTK,NFO,5.000000,6251,False
112109,TATAELXSI27OCT264100CE,TATAELXSI,27OCT2026,410000.000000,125,OPTSTK,NFO,5.000000,6251,False
112163,TATAPOWER29SEP26315CE,TATAPOWER,29SEP2026,31500.000000,1450,OPTSTK,NFO,5.000000,58001,False
112169,TATAPOWER29SEP26345CE,TATAPOWER,29SEP2026,34500.000000,1450,OPTSTK,NFO,5.000000,58001,False
112192,LICHSGFIN23NOV26460PE,LICHSGFIN,23NOV2026,46000.000000,1000,OPTSTK,NFO,5.000000,40001,False
112200,LICHSGFIN23NOV26540PE,LICHSGFIN,23NOV2026,54000.000000,1000,OPTSTK,NFO,5.000000,40001,False
112201,LICHSGFIN23NOV26560CE,LICHSGFIN,23NOV2026,56000.000000,1000,OPTSTK,NFO,5.000000,40001,False
112219,TATAPOWER29SEP26355PE,TATAPOWER,29SEP2026,35500.000000,1450,OPTSTK,NFO,5.000000,58001,False
112301,LICI27OCT26405CE,LICI,27OCT2026,40500.000000,1400,OPTSTK,NFO,5.000000,56001,False
112305,LICI27OCT26415CE,LICI,27OCT2026,41500.000000,1400,OPTSTK,NFO,5.000000,56001,False
112355,TATAPOWER27OCT26290PE,TATAPOWER,27OCT2026,29000.000000,1450,OPTSTK,NFO,5.000000,58001,False
112360,TATAPOWER27OCT26300PE,TATAPOWER,27OCT2026,30000.000000,1450,OPTSTK,NFO,5.000000,58001,False
112389,LICI23NOV26400PE,LICI,23NOV2026,40000.000000,1400,OPTSTK,NFO,5.000000,56001,False
112396,LICI23NOV26440CE,LICI,23NOV2026,44000.000000,1400,OPTSTK,NFO,5.000000,56001,False
112492,TATAPOWER27OCT26390PE,TATAPOWER,27OCT2026,39000.000000,1450,OPTSTK,NFO,5.000000,58001,False
112525,LODHA27OCT26980CE,LODHA,27OCT2026,98000.000000,625,OPTSTK,NFO,5.000000,18751,False
112545,LODHA27OCT261060PE,LODHA,27OCT2026,106000.000000,625,OPTSTK,NFO,5.000000,18751,False
112572,ICICIPRULI29SEP26510PE,ICICIPRULI,29SEP2026,51000.000000,925,OPTSTK,NFO,5.000000,46251,False
112577,ICICIPRULI29SEP26540CE,ICICIPRULI,29SEP2026,54000.000000,925,OPTSTK,NFO,5.000000,46251,False
112580,ICICIPRULI29SEP26550PE,ICICIPRULI,29SEP2026,55000.000000,925,OPTSTK,NFO,5.000000,46251,False
112759,LODHA23NOV261360CE,LODHA,23NOV2026,136000.000000,625,OPTSTK,NFO,5.000000,18751,False
112760,LODHA23NOV261360PE,LODHA,23NOV2026,136000.000000,625,OPTSTK,NFO,5.000000,18751,False
112765,LODHA23NOV261400CE,LODHA,23NOV2026,140000.000000,625,OPTSTK,NFO,5.000000,18751,False
112839,LODHA23NOV261440CE,LODHA,23NOV2026,144000.000000,625,OPTSTK,NFO,5.000000,18751,False
112882,TATASTEEL27OCT26160PE,TATASTEEL,27OCT2026,16000.000000,2750,OPTSTK,NFO,1.000000,137501,False
112889,TATASTEEL27OCT26180CE,TATASTEEL,27OCT2026,18000.000000,2750,OPTSTK,NFO,1.000000,137501,False
112894,TATASTEEL27OCT26190PE,TATASTEEL,27OCT2026,19000.000000,2750,OPTSTK,NFO,1.000000,137501,False
112898,TATASTEEL27OCT26195PE,TATASTEEL,27OCT2026,19500.000000,2750,OPTSTK,NFO,1.000000,137501,False
112902,TATASTEEL27OCT26205PE,TATASTEEL,27OCT2026,20500.000000,2750,OPTSTK,NFO,1.000000,137501,False
112903,TATASTEEL27OCT26210CE,TATASTEEL,27OCT2026,21000.000000,2750,OPTSTK,NFO,1.000000,137501,False
112943,LT27OCT263750CE,LT,27OCT2026,375000.000000,175,OPTSTK,NFO,5.000000,7001,False
112955,LT27OCT264250CE,LT,27OCT2026,425000.000000,175,OPTSTK,NFO,5.000000,7001,False
113022,LT27OCT264350PE,LT,27OCT2026,435000.000000,175,OPTSTK,NFO,5.000000,7001,False
113043,IDFCFIRSTB29SEP2672PE,IDFCFIRSTB,29SEP2026,7200.000000,9275,OPTSTK,NFO,1.000000,278251,False
113079,TCS29SEP261980PE,TCS,29SEP2026,198000.000000,225,OPTSTK,NFO,5.000000,9001,False
113083,TCS29SEP262060PE,TCS,29SEP2026,206000.000000,225,OPTSTK,NFO,5.000000,9001,False
113084,TCS29SEP262100CE,TCS,29SEP2026,210000.000000,225,OPTSTK,NFO,5.000000,9001,False
113090,TCS29SEP262180CE,TCS,29SEP2026,218000.000000,225,OPTSTK,NFO,5.000000,9001,False
113099,TCS29SEP262260PE,TCS,29SEP2026,226000.000000,225,OPTSTK,NFO,5.000000,9001,False
113119,TCS29SEP262460PE,TCS,29SEP2026,246000.000000,225,OPTSTK,NFO,5.000000,9001,False
113122,TCS29SEP262500PE,TCS,29SEP2026,250000.000000,225,OPTSTK,NFO,5.000000,9001,False
113124,TCS29SEP262540PE,TCS,29SEP2026,254000.000000,225,OPTSTK,NFO,5.000000,9001,False
113127,TCS29SEP262620CE,TCS,29SEP2026,262000.000000,225,OPTSTK,NFO,5.000000,9001,False
113211,TCS27OCT261880CE,TCS,27OCT2026,188000.000000,225,OPTSTK,NFO,5.000000,9001,False
113235,TCS27OCT262320CE,TCS,27OCT2026,232000.000000,225,OPTSTK,NFO,5.000000,9001,False
113280,LT23NOV263500CE,LT,23NOV2026,350000.000000,175,OPTSTK,NFO,5.000000,7001,False
113292,LT23NOV264000PE,LT,23NOV2026,400000.000000,175,OPTSTK,NFO,5.000000,7001,False
113314,LT23NOV264600PE,LT,23NOV2026,460000.000000,175,OPTSTK,NFO,5.000000,7001,False
113409,LTF27OCT26345PE,LTF,27OCT2026,34500.000000,2250,OPTSTK,NFO,5.000000,67501,False
113423,TECHM29SEP261500CE,TECHM,29SEP2026,150000.000000,600,OPTSTK,NFO,5.000000,18001,False
113514,LTF23NOV26300PE,LTF,23NOV2026,30000.000000,2250,OPTSTK,NFO,5.000000,67501,False
113521,LTF23NOV26330PE,LTF,23NOV2026,33000.000000,2250,OPTSTK,NFO,5.000000,67501,False
113527,LTF23NOV26360PE,LTF,23NOV2026,36000.000000,2250,OPTSTK,NFO,5.000000,67501,False
113629,LTM27OCT264150PE,LTM,27OCT2026,415000.000000,150,OPTSTK,NFO,5.000000,6001,False
113635,LTM27OCT264450PE,LTM,27OCT2026,445000.000000,150,OPTSTK,NFO,5.000000,6001,False
113715,IEX29SEP26110CE,IEX,29SEP2026,11000.000000,4350,OPTSTK,NFO,1.000000,174001,False
113649,LTM27OCT264850CE,LTM,27OCT2026,485000.000000,150,OPTSTK,NFO,5.000000,6001,False
113711,IEX29SEP26100CE,IEX,29SEP2026,10000.000000,4350,OPTSTK,NFO,1.000000,174001,False
113712,IEX29SEP26100PE,IEX,29SEP2026,10000.000000,4350,OPTSTK,NFO,1.000000,174001,False
113741,LTM23NOV263900CE,LTM,23NOV2026,390000.000000,150,OPTSTK,NFO,5.000000,6001,False
113744,LTM23NOV264000PE,LTM,23NOV2026,400000.000000,150,OPTSTK,NFO,5.000000,6001,False
113750,LTM23NOV264200PE,LTM,23NOV2026,420000.000000,150,OPTSTK,NFO,5.000000,6001,False
113755,LTM23NOV264400PE,LTM,23NOV2026,440000.000000,150,OPTSTK,NFO,5.000000,6001,False
113759,IEX29SEP26125CE,IEX,29SEP2026,12500.000000,4350,OPTSTK,NFO,1.000000,174001,False
113812,TECHM27OCT261520PE,TECHM,27OCT2026,152000.000000,600,OPTSTK,NFO,5.000000,18001,False
113919,LUPIN27OCT261860CE,LUPIN,27OCT2026,186000.000000,425,OPTSTK,NFO,5.000000,12751,False
113961,LUPIN27OCT261900CE,LUPIN,27OCT2026,190000.000000,425,OPTSTK,NFO,5.000000,12751,False
114018,TIINDIA29SEP262250CE,TIINDIA,29SEP2026,225000.000000,200,OPTSTK,NFO,5.000000,8001,False
114032,TIINDIA29SEP262750CE,TIINDIA,29SEP2026,275000.000000,200,OPTSTK,NFO,5.000000,8001,False
114034,TIINDIA29SEP262850CE,TIINDIA,29SEP2026,285000.000000,200,OPTSTK,NFO,5.000000,8001,False
114037,TIINDIA29SEP262950PE,TIINDIA,29SEP2026,295000.000000,200,OPTSTK,NFO,5.000000,8001,False
114061,LUPIN27OCT262060PE,LUPIN,27OCT2026,206000.000000,425,OPTSTK,NFO,5.000000,12751,False
114092,LUPIN27OCT262180CE,LUPIN,27OCT2026,218000.000000,425,OPTSTK,NFO,5.000000,12751,False
114093,LUPIN27OCT262180PE,LUPIN,27OCT2026,218000.000000,425,OPTSTK,NFO,5.000000,12751,False
114178,LUPIN23NOV261760PE,LUPIN,23NOV2026,176000.000000,425,OPTSTK,NFO,5.000000,12751,False
114188,LUPIN23NOV261920PE,LUPIN,23NOV2026,192000.000000,425,OPTSTK,NFO,5.000000,12751,False
114191,LUPIN23NOV262000CE,LUPIN,23NOV2026,200000.000000,425,OPTSTK,NFO,5.000000,12751,False
114194,LUPIN23NOV262040PE,LUPIN,23NOV2026,204000.000000,425,OPTSTK,NFO,5.000000,12751,False
114204,LUPIN23NOV262240PE,LUPIN,23NOV2026,224000.000000,425,OPTSTK,NFO,5.000000,12751,False
114215,LUPIN23NOV262400CE,LUPIN,23NOV2026,240000.000000,425,OPTSTK,NFO,5.000000,12751,False
114240,LUPIN23NOV262480CE,LUPIN,23NOV2026,248000.000000,425,OPTSTK,NFO,5.000000,12751,False
114324,TIINDIA27OCT263200CE,TIINDIA,27OCT2026,320000.000000,200,OPTSTK,NFO,5.000000,8001,False
114417,INDIANB29SEP26840CE,INDIANB,29SEP2026,84000.000000,1000,OPTSTK,NFO,5.000000,30001,False
114462,TITAN29SEP264650CE,TITAN,29SEP2026,465000.000000,175,OPTSTK,NFO,5.000000,5251,False
114480,TITAN29SEP264850PE,TITAN,29SEP2026,485000.000000,175,OPTSTK,NFO,5.000000,5251,False
114495,M&M27OCT263450CE,M&M,27OCT2026,345000.000000,200,OPTSTK,NFO,5.000000,8001,False
114510,M&M27OCT263650PE,M&M,27OCT2026,365000.000000,200,OPTSTK,NFO,5.000000,8001,False
114541,INDIGO29SEP264800CE,INDIGO,29SEP2026,480000.000000,150,OPTSTK,NFO,5.000000,4501,False
114546,INDIGO29SEP265200PE,INDIGO,29SEP2026,520000.000000,150,OPTSTK,NFO,5.000000,4501,False
114562,TITAN29SEP265550PE,TITAN,29SEP2026,555000.000000,175,OPTSTK,NFO,5.000000,5251,False
114614,TITAN27OCT264500CE,TITAN,27OCT2026,450000.000000,175,OPTSTK,NFO,5.000000,5251,False
114621,TITAN27OCT264800PE,TITAN,27OCT2026,480000.000000,175,OPTSTK,NFO,5.000000,5251,False
114638,TITAN27OCT265400CE,TITAN,27OCT2026,540000.000000,175,OPTSTK,NFO,5.000000,5251,False
114747,TMPV29SEP26315PE,TMPV,29SEP2026,31500.000000,1600,OPTSTK,NFO,5.000000,64001,False
114750,TMPV29SEP26335CE,TMPV,29SEP2026,33500.000000,1600,OPTSTK,NFO,5.000000,64001,False
114751,TMPV29SEP26335PE,TMPV,29SEP2026,33500.000000,1600,OPTSTK,NFO,5.000000,64001,False
114758,TMPV29SEP26375CE,TMPV,29SEP2026,37500.000000,1600,OPTSTK,NFO,5.000000,64001,False
114811,M&M23NOV263400PE,M&M,23NOV2026,340000.000000,200,OPTSTK,NFO,5.000000,8001,False
114913,TMPV27OCT26270PE,TMPV,27OCT2026,27000.000000,1600,OPTSTK,NFO,5.000000,64001,False
114938,INDUSINDBK29SEP26860PE,INDUSINDBK,29SEP2026,86000.000000,700,OPTSTK,NFO,5.000000,28001,False
114951,TMPV27OCT26290PE,TMPV,27OCT2026,29000.000000,1600,OPTSTK,NFO,5.000000,64001,False
114965,TMPV27OCT26340CE,TMPV,27OCT2026,34000.000000,1600,OPTSTK,NFO,5.000000,64001,False
115036,TORNTPHARM29SEP264550CE,TORNTPHARM,29SEP2026,455000.000000,125,OPTSTK,NFO,5.000000,5001,False
115062,TORNTPHARM29SEP265050PE,TORNTPHARM,29SEP2026,505000.000000,125,OPTSTK,NFO,5.000000,5001,False
115112,MAHABANK29SEP2677PE,MAHABANK,29SEP2026,7700.000000,6500,OPTSTK,NFO,1.000000,260001,False
115119,INDUSINDBK29SEP261100CE,INDUSINDBK,29SEP2026,110000.000000,700,OPTSTK,NFO,5.000000,28001,False
115169,TORNTPHARM27OCT264800CE,TORNTPHARM,27OCT2026,480000.000000,125,OPTSTK,NFO,5.000000,5001,False
115206,MAHABANK29SEP2685CE,MAHABANK,29SEP2026,8500.000000,6500,OPTSTK,NFO,1.000000,260001,False
115208,MAHABANK29SEP2686CE,MAHABANK,29SEP2026,8600.000000,6500,OPTSTK,NFO,1.000000,260001,False
115213,MAHABANK29SEP2688PE,MAHABANK,29SEP2026,8800.000000,6500,OPTSTK,NFO,1.000000,260001,False
115237,MAHABANK29SEP2695CE,MAHABANK,29SEP2026,9500.000000,6500,OPTSTK,NFO,1.000000,260001,False
115238,MAHABANK29SEP2695PE,MAHABANK,29SEP2026,9500.000000,6500,OPTSTK,NFO,1.000000,260001,False
115265,INDUSTOWER29SEP26366PE,INDUSTOWER,29SEP2026,36600.000000,1700,OPTSTK,NFO,5.000000,68001,False
115270,TORNTPHARM27OCT265800PE,TORNTPHARM,27OCT2026,580000.000000,125,OPTSTK,NFO,5.000000,5001,False
115322,TRENT29SEP262550CE,TRENT,29SEP2026,255000.000000,225,OPTSTK,NFO,5.000000,9001,False
115363,INDUSTOWER29SEP26376PE,INDUSTOWER,29SEP2026,37600.000000,1700,OPTSTK,NFO,5.000000,68001,False
115365,INDUSTOWER29SEP26386CE,INDUSTOWER,29SEP2026,38600.000000,1700,OPTSTK,NFO,5.000000,68001,False
115366,INDUSTOWER29SEP26386PE,INDUSTOWER,29SEP2026,38600.000000,1700,OPTSTK,NFO,5.000000,68001,False
115421,TRENT27OCT263300CE,TRENT,27OCT2026,330000.000000,225,OPTSTK,NFO,5.000000,9001,False
115422,TRENT27OCT263300PE,TRENT,27OCT2026,330000.000000,225,OPTSTK,NFO,5.000000,9001,False
115456,TVSMOTOR29SEP263550PE,TVSMOTOR,29SEP2026,355000.000000,175,OPTSTK,NFO,5.000000,5251,False
115464,TVSMOTOR29SEP263950PE,TVSMOTOR,29SEP2026,395000.000000,175,OPTSTK,NFO,5.000000,5251,False
115467,TVSMOTOR29SEP264050PE,TVSMOTOR,29SEP2026,405000.000000,175,OPTSTK,NFO,5.000000,5251,False
115484,TVSMOTOR29SEP264550CE,TVSMOTOR,29SEP2026,455000.000000,175,OPTSTK,NFO,5.000000,5251,False
115485,TVSMOTOR29SEP264550PE,TVSMOTOR,29SEP2026,455000.000000,175,OPTSTK,NFO,5.000000,5251,False
115560,MAHABANK27OCT2674CE,MAHABANK,27OCT2026,7400.000000,6500,OPTSTK,NFO,1.000000,260001,False
115572,TVSMOTOR27OCT263700CE,TVSMOTOR,27OCT2026,370000.000000,175,OPTSTK,NFO,5.000000,5251,False
115575,MAHABANK27OCT2676PE,MAHABANK,27OCT2026,7600.000000,6500,OPTSTK,NFO,1.000000,260001,False
115576,TVSMOTOR27OCT263800CE,TVSMOTOR,27OCT2026,380000.000000,175,OPTSTK,NFO,5.000000,5251,False
115594,MAHABANK27OCT2682PE,MAHABANK,27OCT2026,8200.000000,6500,OPTSTK,NFO,1.000000,260001,False
115605,MAHABANK27OCT2685PE,MAHABANK,27OCT2026,8500.000000,6500,OPTSTK,NFO,1.000000,260001,False
115625,MAHABANK27OCT2692CE,MAHABANK,27OCT2026,9200.000000,6500,OPTSTK,NFO,1.000000,260001,False
115639,TVSMOTOR27OCT264900CE,TVSMOTOR,27OCT2026,490000.000000,175,OPTSTK,NFO,5.000000,5251,False
115656,MAHABANK27OCT2694PE,MAHABANK,27OCT2026,9400.000000,6500,OPTSTK,NFO,1.000000,260001,False
115659,MAHABANK27OCT2695CE,MAHABANK,27OCT2026,9500.000000,6500,OPTSTK,NFO,1.000000,260001,False
115664,MAHABANK27OCT2697PE,MAHABANK,27OCT2026,9700.000000,6500,OPTSTK,NFO,1.000000,260001,False
115745,MAHABANK23NOV2676CE,MAHABANK,23NOV2026,7600.000000,6500,OPTSTK,NFO,1.000000,260001,False
115746,MAHABANK23NOV2676PE,MAHABANK,23NOV2026,7600.000000,6500,OPTSTK,NFO,1.000000,260001,False
115748,MAHABANK23NOV2678PE,MAHABANK,23NOV2026,7800.000000,6500,OPTSTK,NFO,1.000000,260001,False
115761,INFY29SEP26920CE,INFY,29SEP2026,92000.000000,400,OPTSTK,NFO,5.000000,20001,False
115766,INFY29SEP261000PE,INFY,29SEP2026,100000.000000,400,OPTSTK,NFO,5.000000,20001,False
115772,MAHABANK23NOV2694CE,MAHABANK,23NOV2026,9400.000000,6500,OPTSTK,NFO,1.000000,260001,False
115781,MAHABANK23NOV26100PE,MAHABANK,23NOV2026,10000.000000,6500,OPTSTK,NFO,1.000000,260001,False
115789,ULTRACEMCO29SEP2612260CE,ULTRACEMCO,29SEP2026,1226000.000000,50,OPTSTK,NFO,5.000000,2001,False
115837,MANAPPURAM27OCT26315CE,MANAPPURAM,27OCT2026,31500.000000,3000,OPTSTK,NFO,5.000000,60001,False
115843,MANAPPURAM27OCT26345CE,MANAPPURAM,27OCT2026,34500.000000,3000,OPTSTK,NFO,5.000000,60001,False
115845,MANAPPURAM27OCT26355CE,MANAPPURAM,27OCT2026,35500.000000,3000,OPTSTK,NFO,5.000000,60001,False
115926,MANAPPURAM23NOV26330PE,MANAPPURAM,23NOV2026,33000.000000,3000,OPTSTK,NFO,5.000000,60001,False
116065,MANKIND27OCT262260PE,MANKIND,27OCT2026,226000.000000,250,OPTSTK,NFO,5.000000,10001,False
116079,MANKIND27OCT262540PE,MANKIND,27OCT2026,254000.000000,250,OPTSTK,NFO,5.000000,10001,False
116080,MANKIND27OCT262580CE,MANKIND,27OCT2026,258000.000000,250,OPTSTK,NFO,5.000000,10001,False
116216,MANKIND23NOV261920PE,MANKIND,23NOV2026,192000.000000,250,OPTSTK,NFO,5.000000,10001,False
116219,MANKIND23NOV262000CE,MANKIND,23NOV2026,200000.000000,250,OPTSTK,NFO,5.000000,10001,False
116225,MANKIND23NOV262040CE,MANKIND,23NOV2026,204000.000000,250,OPTSTK,NFO,5.000000,10001,False
116262,UNIONBANK29SEP26187.5PE,UNIONBANK,29SEP2026,18750.000000,4425,OPTSTK,NFO,1.000000,132751,False
116270,UNIONBANK29SEP26207.5PE,UNIONBANK,29SEP2026,20750.000000,4425,OPTSTK,NFO,1.000000,132751,False
116323,UNIONBANK27OCT26160PE,UNIONBANK,27OCT2026,16000.000000,4425,OPTSTK,NFO,1.000000,132751,False
116352,MANKIND23NOV262200PE,MANKIND,23NOV2026,220000.000000,250,OPTSTK,NFO,5.000000,10001,False
116354,MANKIND23NOV262240PE,MANKIND,23NOV2026,224000.000000,250,OPTSTK,NFO,5.000000,10001,False
116384,MANKIND23NOV262560CE,MANKIND,23NOV2026,256000.000000,250,OPTSTK,NFO,5.000000,10001,False
116392,MANKIND23NOV262640CE,MANKIND,23NOV2026,264000.000000,250,OPTSTK,NFO,5.000000,10001,False
116396,MANKIND23NOV262720CE,MANKIND,23NOV2026,272000.000000,250,OPTSTK,NFO,5.000000,10001,False
116461,MARICO27OCT26730PE,MARICO,27OCT2026,73000.000000,1200,OPTSTK,NFO,5.000000,36001,False
116467,UNITDSPR29SEP261500CE,UNITDSPR,29SEP2026,150000.000000,400,OPTSTK,NFO,5.000000,16001,False
116474,MARICO27OCT26810CE,MARICO,27OCT2026,81000.000000,1200,OPTSTK,NFO,5.000000,36001,False
116481,MARICO27OCT26870PE,MARICO,27OCT2026,87000.000000,1200,OPTSTK,NFO,5.000000,36001,False
116538,MARICO23NOV26800PE,MARICO,23NOV2026,80000.000000,1200,OPTSTK,NFO,5.000000,36001,False
116671,UNITDSPR27OCT261720CE,UNITDSPR,27OCT2026,172000.000000,400,OPTSTK,NFO,5.000000,16001,False
116786,UNOMINDA27OCT261080PE,UNOMINDA,27OCT2026,108000.000000,550,OPTSTK,NFO,5.000000,22001,False
116798,UNOMINDA27OCT261120PE,UNOMINDA,27OCT2026,112000.000000,550,OPTSTK,NFO,5.000000,22001,False
116824,UNOMINDA27OCT261200PE,UNOMINDA,27OCT2026,120000.000000,550,OPTSTK,NFO,5.000000,22001,False
116848,MARUTI27OCT2611100CE,MARUTI,27OCT2026,1110000.000000,50,OPTSTK,NFO,5.000000,2001,False
116887,UPL29SEP26550CE,UPL,29SEP2026,55000.000000,1355,OPTSTK,NFO,5.000000,40651,False
116889,MARUTI27OCT2611100PE,MARUTI,27OCT2026,1110000.000000,50,OPTSTK,NFO,5.000000,2001,False
116892,UPL29SEP26570PE,UPL,29SEP2026,57000.000000,1355,OPTSTK,NFO,5.000000,40651,False
116910,IOC29SEP26115CE,IOC,29SEP2026,11500.000000,4875,OPTSTK,NFO,1.000000,195001,False
116915,IOC29SEP26125PE,IOC,29SEP2026,12500.000000,4875,OPTSTK,NFO,1.000000,195001,False
116919,IOC29SEP26135PE,IOC,29SEP2026,13500.000000,4875,OPTSTK,NFO,1.000000,195001,False
116922,IOC29SEP26145CE,IOC,29SEP2026,14500.000000,4875,OPTSTK,NFO,1.000000,195001,False
116924,IOC29SEP26150CE,IOC,29SEP2026,15000.000000,4875,OPTSTK,NFO,1.000000,195001,False
116930,IOC29SEP26165CE,IOC,29SEP2026,16500.000000,4875,OPTSTK,NFO,1.000000,195001,False
116931,IOC29SEP26165PE,IOC,29SEP2026,16500.000000,4875,OPTSTK,NFO,1.000000,195001,False
116950,UPL29SEP26670PE,UPL,29SEP2026,67000.000000,1355,OPTSTK,NFO,5.000000,40651,False
116975,MARUTI27OCT2612500PE,MARUTI,27OCT2026,1250000.000000,50,OPTSTK,NFO,5.000000,2001,False
117006,MARUTI27OCT2614700CE,MARUTI,27OCT2026,1470000.000000,50,OPTSTK,NFO,5.000000,2001,False
117041,UPL27OCT26580PE,UPL,27OCT2026,58000.000000,1355,OPTSTK,NFO,5.000000,40651,False
117043,UPL27OCT26600PE,UPL,27OCT2026,60000.000000,1355,OPTSTK,NFO,5.000000,40651,False
117197,IREDA29SEP2695CE,IREDA,29SEP2026,9500.000000,4525,OPTSTK,NFO,1.000000,181001,False
117205,IREDA29SEP26115CE,IREDA,29SEP2026,11500.000000,4525,OPTSTK,NFO,1.000000,181001,False
117208,IREDA29SEP26120PE,IREDA,29SEP2026,12000.000000,4525,OPTSTK,NFO,1.000000,181001,False
117227,MARUTI23NOV2611200CE,MARUTI,23NOV2026,1120000.000000,50,OPTSTK,NFO,5.000000,2001,False
117244,MARUTI23NOV2611600PE,MARUTI,23NOV2026,1160000.000000,50,OPTSTK,NFO,5.000000,2001,False
117308,MARUTI23NOV2612600CE,MARUTI,23NOV2026,1260000.000000,50,OPTSTK,NFO,5.000000,2001,False
117318,VBL29SEP26370CE,VBL,29SEP2026,37000.000000,1275,OPTSTK,NFO,5.000000,51001,False
117320,MARUTI23NOV2613000PE,MARUTI,23NOV2026,1300000.000000,50,OPTSTK,NFO,5.000000,2001,False
117336,VBL29SEP26450CE,VBL,29SEP2026,45000.000000,1275,OPTSTK,NFO,5.000000,51001,False
117412,MARUTI23NOV2614800CE,MARUTI,23NOV2026,1480000.000000,50,OPTSTK,NFO,5.000000,2001,False
117443,IRFC29SEP2674CE,IRFC,29SEP2026,7400.000000,5425,OPTSTK,NFO,1.000000,271251,False
117454,VBL27OCT26380PE,VBL,27OCT2026,38000.000000,1275,OPTSTK,NFO,5.000000,51001,False
117467,MARUTI23NOV2615200CE,MARUTI,23NOV2026,1520000.000000,50,OPTSTK,NFO,5.000000,2001,False
117487,IRFC29SEP2682PE,IRFC,29SEP2026,8200.000000,5425,OPTSTK,NFO,1.000000,271251,False
117612,VEDL29SEP26295PE,VEDL,29SEP2026,29500.000000,1150,OPTSTK,NFO,5.000000,80501,False
117617,VEDL29SEP26315PE,VEDL,29SEP2026,31500.000000,1150,OPTSTK,NFO,5.000000,80501,False
117685,IRFC29SEP26100CE,IRFC,29SEP2026,10000.000000,5425,OPTSTK,NFO,1.000000,271251,False
117728,IRFC29SEP26108CE,IRFC,29SEP2026,10800.000000,5425,OPTSTK,NFO,1.000000,271251,False
117747,VEDL27OCT26320PE,VEDL,27OCT2026,32000.000000,1150,OPTSTK,NFO,5.000000,80501,False
117773,VMM29SEP2697.5PE,VMM,29SEP2026,9750.000000,4850,OPTSTK,NFO,1.000000,194001,False
117819,VMM27OCT26105PE,VMM,27OCT2026,10500.000000,4850,OPTSTK,NFO,1.000000,194001,False
117835,VMM27OCT26125CE,VMM,27OCT2026,12500.000000,4850,OPTSTK,NFO,1.000000,194001,False
117896,MAXHEALTH27OCT261010CE,MAXHEALTH,27OCT2026,101000.000000,525,OPTSTK,NFO,5.000000,21001,False
117897,MAXHEALTH27OCT261010PE,MAXHEALTH,27OCT2026,101000.000000,525,OPTSTK,NFO,5.000000,21001,False
117898,MAXHEALTH27OCT261030CE,MAXHEALTH,27OCT2026,103000.000000,525,OPTSTK,NFO,5.000000,21001,False
117900,MAXHEALTH27OCT261050CE,MAXHEALTH,27OCT2026,105000.000000,525,OPTSTK,NFO,5.000000,21001,False
118007,ITC29SEP26210PE,ITC,29SEP2026,21000.000000,1725,OPTSTK,NFO,5.000000,86251,False
118010,VOLTAS29SEP261220CE,VOLTAS,29SEP2026,122000.000000,375,OPTSTK,NFO,5.000000,18751,False
118016,ITC29SEP26225CE,ITC,29SEP2026,22500.000000,1725,OPTSTK,NFO,5.000000,86251,False
118027,MAXHEALTH27OCT261130PE,MAXHEALTH,27OCT2026,113000.000000,525,OPTSTK,NFO,5.000000,21001,False
118060,VOLTAS29SEP261260PE,VOLTAS,29SEP2026,126000.000000,375,OPTSTK,NFO,5.000000,18751,False
118088,VOLTAS29SEP261380PE,VOLTAS,29SEP2026,138000.000000,375,OPTSTK,NFO,5.000000,18751,False
118093,VOLTAS29SEP261460PE,VOLTAS,29SEP2026,146000.000000,375,OPTSTK,NFO,5.000000,18751,False
118160,VOLTAS27OCT261000PE,VOLTAS,27OCT2026,100000.000000,375,OPTSTK,NFO,5.000000,18751,False
118167,MAXHEALTH23NOV26960PE,MAXHEALTH,23NOV2026,96000.000000,525,OPTSTK,NFO,5.000000,21001,False
118207,MAXHEALTH23NOV261080CE,MAXHEALTH,23NOV2026,108000.000000,525,OPTSTK,NFO,5.000000,21001,False
118265,ITC29SEP26325CE,ITC,29SEP2026,32500.000000,1725,OPTSTK,NFO,5.000000,86251,False
118297,MAZDOCK27OCT262150PE,MAZDOCK,27OCT2026,215000.000000,225,OPTSTK,NFO,5.000000,9001,False
118298,MAZDOCK27OCT262250CE,MAZDOCK,27OCT2026,225000.000000,225,OPTSTK,NFO,5.000000,9001,False
118300,MAZDOCK27OCT262350CE,MAZDOCK,27OCT2026,235000.000000,225,OPTSTK,NFO,5.000000,9001,False
118322,MAZDOCK27OCT262550PE,MAZDOCK,27OCT2026,255000.000000,225,OPTSTK,NFO,5.000000,9001,False
118370,WAAREEENER29SEP262250PE,WAAREEENER,29SEP2026,225000.000000,175,OPTSTK,NFO,5.000000,8751,False
118376,JINDALSTEL29SEP261360PE,JINDALSTEL,29SEP2026,136000.000000,625,OPTSTK,NFO,5.000000,18751,False
118385,WAAREEENER29SEP262750CE,WAAREEENER,29SEP2026,275000.000000,175,OPTSTK,NFO,5.000000,8751,False
118440,WAAREEENER27OCT262100PE,WAAREEENER,27OCT2026,210000.000000,175,OPTSTK,NFO,5.000000,8751,False
118447,WAAREEENER27OCT262500CE,WAAREEENER,27OCT2026,250000.000000,175,OPTSTK,NFO,5.000000,8751,False
118450,WAAREEENER27OCT262600PE,WAAREEENER,27OCT2026,260000.000000,175,OPTSTK,NFO,5.000000,8751,False
118453,WAAREEENER27OCT262800CE,WAAREEENER,27OCT2026,280000.000000,175,OPTSTK,NFO,5.000000,8751,False
118558,MAZDOCK23NOV262600CE,MAZDOCK,23NOV2026,260000.000000,225,OPTSTK,NFO,5.000000,9001,False
118559,MAZDOCK23NOV262600PE,MAZDOCK,23NOV2026,260000.000000,225,OPTSTK,NFO,5.000000,9001,False
118600,JIOFIN29SEP26195CE,JIOFIN,29SEP2026,19500.000000,2350,OPTSTK,NFO,1.000000,94001,False
118617,MCX27OCT262850PE,MCX,27OCT2026,285000.000000,225,OPTSTK,NFO,5.000000,6751,False
118627,MCX27OCT263350PE,MCX,27OCT2026,335000.000000,225,OPTSTK,NFO,5.000000,6751,False
118705,WIPRO27OCT26140CE,WIPRO,27OCT2026,14000.000000,3000,OPTSTK,NFO,1.000000,120001,False
118707,WIPRO27OCT26145CE,WIPRO,27OCT2026,14500.000000,3000,OPTSTK,NFO,1.000000,120001,False
118727,JIOFIN29SEP26215PE,JIOFIN,29SEP2026,21500.000000,2350,OPTSTK,NFO,1.000000,94001,False
118739,WIPRO27OCT26205CE,WIPRO,27OCT2026,20500.000000,3000,OPTSTK,NFO,1.000000,120001,False
118785,MCX23NOV263000CE,MCX,23NOV2026,300000.000000,225,OPTSTK,NFO,5.000000,6751,False
118789,MCX23NOV263200CE,MCX,23NOV2026,320000.000000,225,OPTSTK,NFO,5.000000,6751,False
118791,MCX23NOV263300CE,MCX,23NOV2026,330000.000000,225,OPTSTK,NFO,5.000000,6751,False
118815,MCX23NOV263600PE,MCX,23NOV2026,360000.000000,225,OPTSTK,NFO,5.000000,6751,False
118827,YESBANK27OCT2622PE,YESBANK,27OCT2026,2200.000000,31100,OPTSTK,NFO,1.000000,933001,False
118828,YESBANK27OCT2624CE,YESBANK,27OCT2026,2400.000000,31100,OPTSTK,NFO,1.000000,933001,False
118845,YESBANK27OCT2628CE,YESBANK,27OCT2026,2800.000000,31100,OPTSTK,NFO,1.000000,933001,False
118853,JIOFIN29SEP26225PE,JIOFIN,29SEP2026,22500.000000,2350,OPTSTK,NFO,1.000000,94001,False
118854,JIOFIN29SEP26230CE,JIOFIN,29SEP2026,23000.000000,2350,OPTSTK,NFO,1.000000,94001,False
118865,JIOFIN29SEP26230PE,JIOFIN,29SEP2026,23000.000000,2350,OPTSTK,NFO,1.000000,94001,False
118871,JIOFIN29SEP26245PE,JIOFIN,29SEP2026,24500.000000,2350,OPTSTK,NFO,1.000000,94001,False
118876,JIOFIN29SEP26260CE,JIOFIN,29SEP2026,26000.000000,2350,OPTSTK,NFO,1.000000,94001,False
118900,JIOFIN29SEP26290PE,JIOFIN,29SEP2026,29000.000000,2350,OPTSTK,NFO,1.000000,94001,False
118945,ZYDUSLIFE29SEP261030PE,ZYDUSLIFE,29SEP2026,103000.000000,900,OPTSTK,NFO,5.000000,27001,False
118952,ZYDUSLIFE29SEP261110CE,ZYDUSLIFE,29SEP2026,111000.000000,900,OPTSTK,NFO,5.000000,27001,False
118956,JIOFIN29SEP26300CE,JIOFIN,29SEP2026,30000.000000,2350,OPTSTK,NFO,1.000000,94001,False
118983,ZYDUSLIFE29SEP261250PE,ZYDUSLIFE,29SEP2026,125000.000000,900,OPTSTK,NFO,5.000000,27001,False
119019,JSWENERGY29SEP26500CE,JSWENERGY,29SEP2026,50000.000000,1075,OPTSTK,NFO,5.000000,43001,False
119048,MFSL27OCT261500PE,MFSL,27OCT2026,150000.000000,400,OPTSTK,NFO,5.000000,16001,False
119079,ZYDUSLIFE27OCT26960CE,ZYDUSLIFE,27OCT2026,96000.000000,900,OPTSTK,NFO,5.000000,27001,False
119083,ZYDUSLIFE27OCT261000CE,ZYDUSLIFE,27OCT2026,100000.000000,900,OPTSTK,NFO,5.000000,27001,False
119084,ZYDUSLIFE27OCT261000PE,ZYDUSLIFE,27OCT2026,100000.000000,900,OPTSTK,NFO,5.000000,27001,False
119086,ZYDUSLIFE27OCT261020PE,ZYDUSLIFE,27OCT2026,102000.000000,900,OPTSTK,NFO,5.000000,27001,False
119098,ZYDUSLIFE27OCT261120PE,ZYDUSLIFE,27OCT2026,112000.000000,900,OPTSTK,NFO,5.000000,27001,False
119100,MFSL27OCT261580CE,MFSL,27OCT2026,158000.000000,400,OPTSTK,NFO,5.000000,16001,False
119104,MFSL27OCT261660CE,MFSL,27OCT2026,166000.000000,400,OPTSTK,NFO,5.000000,16001,False
119105,MFSL27OCT261660PE,MFSL,27OCT2026,166000.000000,400,OPTSTK,NFO,5.000000,16001,False
119107,MFSL27OCT261700PE,MFSL,27OCT2026,170000.000000,400,OPTSTK,NFO,5.000000,16001,False
119108,MFSL27OCT261740CE,MFSL,27OCT2026,174000.000000,400,OPTSTK,NFO,5.000000,16001,False
119120,ZYDUSLIFE27OCT261140CE,ZYDUSLIFE,27OCT2026,114000.000000,900,OPTSTK,NFO,5.000000,27001,False
119126,ZYDUSLIFE27OCT261160PE,ZYDUSLIFE,27OCT2026,116000.000000,900,OPTSTK,NFO,5.000000,27001,False
119132,ZYDUSLIFE27OCT261220CE,ZYDUSLIFE,27OCT2026,122000.000000,900,OPTSTK,NFO,5.000000,27001,False
119211,ZYDUSLIFE27OCT261340CE,ZYDUSLIFE,27OCT2026,134000.000000,900,OPTSTK,NFO,5.000000,27001,False
119230,MFSL23NOV261480PE,MFSL,23NOV2026,148000.000000,400,OPTSTK,NFO,5.000000,16001,False
119243,MFSL23NOV261600PE,MFSL,23NOV2026,160000.000000,400,OPTSTK,NFO,5.000000,16001,False
119244,MFSL23NOV261640CE,MFSL,23NOV2026,164000.000000,400,OPTSTK,NFO,5.000000,16001,False
119286,JSWSTEEL29SEP261280CE,JSWSTEEL,29SEP2026,128000.000000,675,OPTSTK,NFO,5.000000,20251,False
119291,JSWSTEEL29SEP261360PE,JSWSTEEL,29SEP2026,136000.000000,675,OPTSTK,NFO,5.000000,20251,False
119300,JSWSTEEL29SEP261560CE,JSWSTEEL,29SEP2026,156000.000000,675,OPTSTK,NFO,5.000000,20251,False
119395,JUBLFOOD29SEP26410PE,JUBLFOOD,29SEP2026,41000.000000,1250,OPTSTK,NFO,5.000000,50001,False
119396,JUBLFOOD29SEP26420CE,JUBLFOOD,29SEP2026,42000.000000,1250,OPTSTK,NFO,5.000000,50001,False
119418,JUBLFOOD29SEP26450PE,JUBLFOOD,29SEP2026,45000.000000,1250,OPTSTK,NFO,5.000000,50001,False
119437,MOTHERSON27OCT26167.5PE,MOTHERSON,27OCT2026,16750.000000,6150,OPTSTK,NFO,1.000000,184501,False
119441,MOTHERSON27OCT26177.5PE,MOTHERSON,27OCT2026,17750.000000,6150,OPTSTK,NFO,1.000000,184501,False
119534,MOTHERSON23NOV26145CE,MOTHERSON,23NOV2026,14500.000000,6150,OPTSTK,NFO,1.000000,184501,False
119535,MOTHERSON23NOV26145PE,MOTHERSON,23NOV2026,14500.000000,6150,OPTSTK,NFO,1.000000,184501,False
119541,MOTHERSON23NOV26160PE,MOTHERSON,23NOV2026,16000.000000,6150,OPTSTK,NFO,1.000000,184501,False
119546,MOTHERSON23NOV26170PE,MOTHERSON,23NOV2026,17000.000000,6150,OPTSTK,NFO,1.000000,184501,False
119553,MOTHERSON23NOV26190CE,MOTHERSON,23NOV2026,19000.000000,6150,OPTSTK,NFO,1.000000,184501,False
119554,MOTHERSON23NOV26190PE,MOTHERSON,23NOV2026,19000.000000,6150,OPTSTK,NFO,1.000000,184501,False
119603,MOTILALOFS27OCT261140PE,MOTILALOFS,27OCT2026,114000.000000,775,OPTSTK,NFO,5.000000,23251,False
119680,MPHASIS27OCT262050CE,MPHASIS,27OCT2026,205000.000000,275,OPTSTK,NFO,5.000000,11001,False
119687,MPHASIS27OCT262350PE,MPHASIS,27OCT2026,235000.000000,275,OPTSTK,NFO,5.000000,11001,False
119693,MPHASIS27OCT262650CE,MPHASIS,27OCT2026,265000.000000,275,OPTSTK,NFO,5.000000,11001,False
119696,MPHASIS27OCT262750PE,MPHASIS,27OCT2026,275000.000000,275,OPTSTK,NFO,5.000000,11001,False
119722,MPHASIS23NOV262100PE,MPHASIS,23NOV2026,210000.000000,275,OPTSTK,NFO,5.000000,11001,False
119736,MPHASIS23NOV262800PE,MPHASIS,23NOV2026,280000.000000,275,OPTSTK,NFO,5.000000,11001,False
119758,MUTHOOTFIN27OCT262550PE,MUTHOOTFIN,27OCT2026,255000.000000,275,OPTSTK,NFO,5.000000,8251,False
119818,MUTHOOTFIN23NOV263100PE,MUTHOOTFIN,23NOV2026,310000.000000,275,OPTSTK,NFO,5.000000,8251,False
119822,MUTHOOTFIN23NOV263300PE,MUTHOOTFIN,23NOV2026,330000.000000,275,OPTSTK,NFO,5.000000,8251,False
119895,NAM-INDIA23NOV26960CE,NAM-INDIA,23NOV2026,96000.000000,625,OPTSTK,NFO,5.000000,18751,False
119933,NATIONALUM27OCT26310CE,NATIONALUM,27OCT2026,31000.000000,1875,OPTSTK,NFO,5.000000,56251,False
119935,NATIONALUM27OCT26330CE,NATIONALUM,27OCT2026,33000.000000,1875,OPTSTK,NFO,5.000000,56251,False
119936,NATIONALUM27OCT26330PE,NATIONALUM,27OCT2026,33000.000000,1875,OPTSTK,NFO,5.000000,56251,False
119939,NATIONALUM27OCT26370CE,NATIONALUM,27OCT2026,37000.000000,1875,OPTSTK,NFO,5.000000,56251,False
119966,NATIONALUM23NOV26300PE,NATIONALUM,23NOV2026,30000.000000,1875,OPTSTK,NFO,5.000000,56251,False
119967,KALYANKJIL29SEP26410PE,KALYANKJIL,29SEP2026,41000.000000,1350,OPTSTK,NFO,5.000000,40501,False
119980,KALYANKJIL29SEP26480CE,KALYANKJIL,29SEP2026,48000.000000,1350,OPTSTK,NFO,5.000000,40501,False
120030,NAUKRI27OCT261340CE,NAUKRI,27OCT2026,134000.000000,550,OPTSTK,NFO,5.000000,16501,False
119985,NATIONALUM23NOV26380PE,NATIONALUM,23NOV2026,38000.000000,1875,OPTSTK,NFO,5.000000,56251,False
120002,KALYANKJIL29SEP26560CE,KALYANKJIL,29SEP2026,56000.000000,1350,OPTSTK,NFO,5.000000,40501,False
120093,KAYNES29SEP263300CE,KAYNES,29SEP2026,330000.000000,150,OPTSTK,NFO,5.000000,6001,False
120124,KAYNES29SEP263500PE,KAYNES,29SEP2026,350000.000000,150,OPTSTK,NFO,5.000000,6001,False
120255,NBCC27OCT2692.5CE,NBCC,27OCT2026,9250.000000,6500,OPTSTK,NFO,1.000000,260001,False
120256,NBCC27OCT2692.5PE,NBCC,27OCT2026,9250.000000,6500,OPTSTK,NFO,1.000000,260001,False
120284,KEI29SEP264200PE,KEI,29SEP2026,420000.000000,175,OPTSTK,NFO,5.000000,5251,False
120296,NBCC23NOV2660CE,NBCC,23NOV2026,6000.000000,6500,OPTSTK,NFO,1.000000,260001,False
120303,NBCC23NOV2670PE,NBCC,23NOV2026,7000.000000,6500,OPTSTK,NFO,1.000000,260001,False
120307,KEI29SEP265000PE,KEI,29SEP2026,500000.000000,175,OPTSTK,NFO,5.000000,5251,False
120324,KEI29SEP266400PE,KEI,29SEP2026,640000.000000,175,OPTSTK,NFO,5.000000,5251,False
120325,NBCC23NOV2685CE,NBCC,23NOV2026,8500.000000,6500,OPTSTK,NFO,1.000000,260001,False
120337,NBCC23NOV26100CE,NBCC,23NOV2026,10000.000000,6500,OPTSTK,NFO,1.000000,260001,False
120398,NESTLEIND27OCT261410PE,NESTLEIND,27OCT2026,141000.000000,500,OPTSTK,NFO,5.000000,15001,False
120400,NESTLEIND27OCT261430PE,NESTLEIND,27OCT2026,143000.000000,500,OPTSTK,NFO,5.000000,15001,False
120403,NESTLEIND27OCT261470CE,NESTLEIND,27OCT2026,147000.000000,500,OPTSTK,NFO,5.000000,15001,False
120418,NESTLEIND27OCT261610PE,NESTLEIND,27OCT2026,161000.000000,500,OPTSTK,NFO,5.000000,15001,False
120468,KFINTECH29SEP26960PE,KFINTECH,29SEP2026,96000.000000,575,OPTSTK,NFO,5.000000,23001,False
120509,NESTLEIND23NOV261200CE,NESTLEIND,23NOV2026,120000.000000,500,OPTSTK,NFO,5.000000,15001,False
120521,NESTLEIND23NOV261320CE,NESTLEIND,23NOV2026,132000.000000,500,OPTSTK,NFO,5.000000,15001,False
120524,NESTLEIND23NOV261340PE,NESTLEIND,23NOV2026,134000.000000,500,OPTSTK,NFO,5.000000,15001,False
120525,NESTLEIND23NOV261360CE,NESTLEIND,23NOV2026,136000.000000,500,OPTSTK,NFO,5.000000,15001,False
120529,NESTLEIND23NOV261400CE,NESTLEIND,23NOV2026,140000.000000,500,OPTSTK,NFO,5.000000,15001,False
120530,NESTLEIND23NOV261400PE,NESTLEIND,23NOV2026,140000.000000,500,OPTSTK,NFO,5.000000,15001,False
120533,NESTLEIND23NOV261440CE,NESTLEIND,23NOV2026,144000.000000,500,OPTSTK,NFO,5.000000,15001,False
120610,KOTAKBANK29SEP26380PE,KOTAKBANK,29SEP2026,38000.000000,2000,OPTSTK,NFO,5.000000,60001,False
120633,KOTAKBANK29SEP26440PE,KOTAKBANK,29SEP2026,44000.000000,2000,OPTSTK,NFO,5.000000,60001,False
120643,KOTAKBANK29SEP26450PE,KOTAKBANK,29SEP2026,45000.000000,2000,OPTSTK,NFO,5.000000,60001,False
120666,KOTAKBANK29SEP26470PE,KOTAKBANK,29SEP2026,47000.000000,2000,OPTSTK,NFO,5.000000,60001,False
120674,NHPC27OCT2681PE,NHPC,27OCT2026,8100.000000,6950,OPTSTK,NFO,1.000000,278001,False
120744,NHPC23NOV2674CE,NHPC,23NOV2026,7400.000000,6950,OPTSTK,NFO,1.000000,278001,False
120755,NHPC23NOV2684PE,NHPC,23NOV2026,8400.000000,6950,OPTSTK,NFO,1.000000,278001,False
120848,NMDC27OCT2695CE,NMDC,27OCT2026,9500.000000,6750,OPTSTK,NFO,1.000000,270001,False
120851,NMDC27OCT2695PE,NMDC,27OCT2026,9500.000000,6750,OPTSTK,NFO,1.000000,270001,False
120852,NMDC27OCT2697CE,NMDC,27OCT2026,9700.000000,6750,OPTSTK,NFO,1.000000,270001,False
120948,NMDC23NOV2674CE,NMDC,23NOV2026,7400.000000,6750,OPTSTK,NFO,1.000000,270001,False
120959,NMDC23NOV2684PE,NMDC,23NOV2026,8400.000000,6750,OPTSTK,NFO,1.000000,270001,False
120967,NMDC23NOV2692PE,NMDC,23NOV2026,9200.000000,6750,OPTSTK,NFO,1.000000,270001,False
120970,NMDC23NOV2696CE,NMDC,23NOV2026,9600.000000,6750,OPTSTK,NFO,1.000000,270001,False
121010,NTPC27OCT26305CE,NTPC,27OCT2026,30500.000000,1500,OPTSTK,NFO,5.000000,75001,False
121013,NTPC27OCT26315PE,NTPC,27OCT2026,31500.000000,1500,OPTSTK,NFO,5.000000,75001,False
121017,NTPC27OCT26335PE,NTPC,27OCT2026,33500.000000,1500,OPTSTK,NFO,5.000000,75001,False
121033,KPITTECH29SEP26460PE,KPITTECH,29SEP2026,46000.000000,775,OPTSTK,NFO,5.000000,38751,False
121109,KPITTECH29SEP26500PE,KPITTECH,29SEP2026,50000.000000,775,OPTSTK,NFO,5.000000,38751,False
121131,KPITTECH29SEP26620CE,KPITTECH,29SEP2026,62000.000000,775,OPTSTK,NFO,5.000000,38751,False
121135,KPITTECH29SEP26660CE,KPITTECH,29SEP2026,66000.000000,775,OPTSTK,NFO,5.000000,38751,False
121182,NYKAA27OCT26315CE,NYKAA,27OCT2026,31500.000000,3125,OPTSTK,NFO,5.000000,93751,False
121196,NYKAA27OCT26335CE,NYKAA,27OCT2026,33500.000000,3125,OPTSTK,NFO,5.000000,93751,False
121253,NYKAA23NOV26330PE,NYKAA,23NOV2026,33000.000000,3125,OPTSTK,NFO,5.000000,93751,False
121316,OBEROIRLTY27OCT261860CE,OBEROIRLTY,27OCT2026,186000.000000,350,OPTSTK,NFO,5.000000,14001,False
121318,OBEROIRLTY27OCT261900CE,OBEROIRLTY,27OCT2026,190000.000000,350,OPTSTK,NFO,5.000000,14001,False
121376,OBEROIRLTY23NOV261760CE,OBEROIRLTY,23NOV2026,176000.000000,350,OPTSTK,NFO,5.000000,14001,False
121381,OBEROIRLTY23NOV261840PE,OBEROIRLTY,23NOV2026,184000.000000,350,OPTSTK,NFO,5.000000,14001,False
121393,OBEROIRLTY23NOV262080PE,OBEROIRLTY,23NOV2026,208000.000000,350,OPTSTK,NFO,5.000000,14001,False
121397,OBEROIRLTY23NOV262160PE,OBEROIRLTY,23NOV2026,216000.000000,350,OPTSTK,NFO,5.000000,14001,False
121465,OFSS27OCT2612700CE,OFSS,27OCT2026,1270000.000000,100,OPTSTK,NFO,5.000000,2001,False
121525,OFSS23NOV2610400PE,OFSS,23NOV2026,1040000.000000,100,OPTSTK,NFO,5.000000,2001,False
121541,OFSS23NOV2612000PE,OFSS,23NOV2026,1200000.000000,100,OPTSTK,NFO,5.000000,2001,False
121556,OFSS23NOV2613400CE,OFSS,23NOV2026,1340000.000000,100,OPTSTK,NFO,5.000000,2001,False
121587,LAURUSLABS29SEP261840CE,LAURUSLABS,29SEP2026,184000.000000,850,OPTSTK,NFO,5.000000,17001,False
121591,LAURUSLABS29SEP261920CE,LAURUSLABS,29SEP2026,192000.000000,850,OPTSTK,NFO,5.000000,17001,False
121617,LICHSGFIN29SEP26440CE,LICHSGFIN,29SEP2026,44000.000000,1000,OPTSTK,NFO,5.000000,40001,False
121622,LICHSGFIN29SEP26460PE,LICHSGFIN,29SEP2026,46000.000000,1000,OPTSTK,NFO,5.000000,40001,False
121628,LICHSGFIN29SEP26520PE,LICHSGFIN,29SEP2026,52000.000000,1000,OPTSTK,NFO,5.000000,40001,False
121742,LICI29SEP26430PE,LICI,29SEP2026,43000.000000,1400,OPTSTK,NFO,5.000000,56001,False
121765,LICI29SEP26470CE,LICI,29SEP2026,47000.000000,1400,OPTSTK,NFO,5.000000,56001,False
121785,OIL27OCT26465CE,OIL,27OCT2026,46500.000000,1400,OPTSTK,NFO,5.000000,56001,False
121790,OIL27OCT26485PE,OIL,27OCT2026,48500.000000,1400,OPTSTK,NFO,5.000000,56001,False
121882,OIL23NOV26450CE,OIL,23NOV2026,45000.000000,1400,OPTSTK,NFO,5.000000,56001,False
121889,OIL23NOV26480PE,OIL,23NOV2026,48000.000000,1400,OPTSTK,NFO,5.000000,56001,False
121893,OIL23NOV26500PE,OIL,23NOV2026,50000.000000,1400,OPTSTK,NFO,5.000000,56001,False
121900,OIL23NOV26540CE,OIL,23NOV2026,54000.000000,1400,OPTSTK,NFO,5.000000,56001,False
121901,OIL23NOV26540PE,OIL,23NOV2026,54000.000000,1400,OPTSTK,NFO,5.000000,56001,False
121904,OIL23NOV26560CE,OIL,23NOV2026,56000.000000,1400,OPTSTK,NFO,5.000000,56001,False
121945,ONGC27OCT26207.5PE,ONGC,27OCT2026,20750.000000,2250,OPTSTK,NFO,1.000000,90001,False
121956,ONGC27OCT26237.5CE,ONGC,27OCT2026,23750.000000,2250,OPTSTK,NFO,1.000000,90001,False
121967,ONGC27OCT26262.5PE,ONGC,27OCT2026,26250.000000,2250,OPTSTK,NFO,1.000000,90001,False
122020,ONGC23NOV26205CE,ONGC,23NOV2026,20500.000000,2250,OPTSTK,NFO,1.000000,90001,False
122024,ONGC23NOV26215CE,ONGC,23NOV2026,21500.000000,2250,OPTSTK,NFO,1.000000,90001,False
122027,ONGC23NOV26220PE,ONGC,23NOV2026,22000.000000,2250,OPTSTK,NFO,1.000000,90001,False
122032,ONGC23NOV26235CE,ONGC,23NOV2026,23500.000000,2250,OPTSTK,NFO,1.000000,90001,False
122036,LODHA29SEP26960CE,LODHA,29SEP2026,96000.000000,625,OPTSTK,NFO,5.000000,18751,False
122049,ONGC23NOV26245PE,ONGC,23NOV2026,24500.000000,2250,OPTSTK,NFO,1.000000,90001,False
122065,ONGC23NOV26255PE,ONGC,23NOV2026,25500.000000,2250,OPTSTK,NFO,1.000000,90001,False
122066,ONGC23NOV26260CE,ONGC,23NOV2026,26000.000000,2250,OPTSTK,NFO,1.000000,90001,False
122068,ONGC23NOV26265CE,ONGC,23NOV2026,26500.000000,2250,OPTSTK,NFO,1.000000,90001,False
122124,PAGEIND27OCT2635500CE,PAGEIND,27OCT2026,3550000.000000,20,OPTSTK,NFO,5.000000,601,False
122127,PAGEIND27OCT2636500PE,PAGEIND,27OCT2026,3650000.000000,20,OPTSTK,NFO,5.000000,601,False
122174,PAGEIND23NOV2633000CE,PAGEIND,23NOV2026,3300000.000000,20,OPTSTK,NFO,5.000000,601,False
122176,PAGEIND23NOV2634000CE,PAGEIND,23NOV2026,3400000.000000,20,OPTSTK,NFO,5.000000,601,False
122180,PAGEIND23NOV2636000CE,PAGEIND,23NOV2026,3600000.000000,20,OPTSTK,NFO,5.000000,601,False
122190,PAGEIND23NOV2638000PE,PAGEIND,23NOV2026,3800000.000000,20,OPTSTK,NFO,5.000000,601,False
122196,PAGEIND23NOV2639000CE,PAGEIND,23NOV2026,3900000.000000,20,OPTSTK,NFO,5.000000,601,False
122342,PATANJALI27OCT26295CE,PATANJALI,27OCT2026,29500.000000,1075,OPTSTK,NFO,5.000000,64501,False
122363,PATANJALI27OCT26395PE,PATANJALI,27OCT2026,39500.000000,1075,OPTSTK,NFO,5.000000,64501,False
122410,PATANJALI23NOV26310CE,PATANJALI,23NOV2026,31000.000000,1075,OPTSTK,NFO,5.000000,64501,False
122417,PATANJALI23NOV26340PE,PATANJALI,23NOV2026,34000.000000,1075,OPTSTK,NFO,5.000000,64501,False
122455,PAYTM29SEP262060PE,PAYTM,29SEP2026,206000.000000,725,OPTSTK,NFO,5.000000,14501,False
122476,PAYTM27OCT261700CE,PAYTM,27OCT2026,170000.000000,725,OPTSTK,NFO,5.000000,14501,False
122479,PAYTM27OCT261740PE,PAYTM,27OCT2026,174000.000000,725,OPTSTK,NFO,5.000000,14501,False
122482,PAYTM27OCT261820CE,PAYTM,27OCT2026,182000.000000,725,OPTSTK,NFO,5.000000,14501,False
122493,PAYTM27OCT262020PE,PAYTM,27OCT2026,202000.000000,725,OPTSTK,NFO,5.000000,14501,False
122508,PAYTM23NOV261400CE,PAYTM,23NOV2026,140000.000000,725,OPTSTK,NFO,5.000000,14501,False
122522,PAYTM23NOV261680CE,PAYTM,23NOV2026,168000.000000,725,OPTSTK,NFO,5.000000,14501,False
122533,PAYTM23NOV261880PE,PAYTM,23NOV2026,188000.000000,725,OPTSTK,NFO,5.000000,14501,False
122536,PAYTM23NOV261960CE,PAYTM,23NOV2026,196000.000000,725,OPTSTK,NFO,5.000000,14501,False
122728,LT29SEP264000CE,LT,29SEP2026,400000.000000,175,OPTSTK,NFO,5.000000,7001,False
122740,PERSISTENT23NOV264800CE,PERSISTENT,23NOV2026,480000.000000,125,OPTSTK,NFO,5.000000,3751,False
122748,LT29SEP264600CE,LT,29SEP2026,460000.000000,175,OPTSTK,NFO,5.000000,7001,False
122822,PERSISTENT23NOV265400CE,PERSISTENT,23NOV2026,540000.000000,125,OPTSTK,NFO,5.000000,3751,False
122871,PETRONET27OCT26255CE,PETRONET,27OCT2026,25500.000000,1900,OPTSTK,NFO,5.000000,76001,False
122876,PETRONET27OCT26275PE,PETRONET,27OCT2026,27500.000000,1900,OPTSTK,NFO,5.000000,76001,False
122928,PETRONET23NOV26280CE,PETRONET,23NOV2026,28000.000000,1900,OPTSTK,NFO,5.000000,76001,False
122930,PETRONET23NOV26290CE,PETRONET,23NOV2026,29000.000000,1900,OPTSTK,NFO,5.000000,76001,False
123017,PFC27OCT26375PE,PFC,27OCT2026,37500.000000,1300,OPTSTK,NFO,5.000000,52001,False
123084,PFC23NOV26310PE,PFC,23NOV2026,31000.000000,1300,OPTSTK,NFO,5.000000,52001,False
123090,PFC23NOV26340PE,PFC,23NOV2026,34000.000000,1300,OPTSTK,NFO,5.000000,52001,False
123095,PFC23NOV26370CE,PFC,23NOV2026,37000.000000,1300,OPTSTK,NFO,5.000000,52001,False
123127,LTF29SEP26310CE,LTF,29SEP2026,31000.000000,2250,OPTSTK,NFO,5.000000,67501,False
123162,PGEL27OCT26590PE,PGEL,27OCT2026,59000.000000,950,OPTSTK,NFO,5.000000,38001,False
123194,PGEL23NOV26540CE,PGEL,23NOV2026,54000.000000,950,OPTSTK,NFO,5.000000,38001,False
123260,PHOENIXLTD27OCT261780PE,PHOENIXLTD,27OCT2026,178000.000000,350,OPTSTK,NFO,5.000000,14001,False
123268,PHOENIXLTD27OCT261940PE,PHOENIXLTD,27OCT2026,194000.000000,350,OPTSTK,NFO,5.000000,14001,False
123286,LTF29SEP26350CE,LTF,29SEP2026,35000.000000,2250,OPTSTK,NFO,5.000000,67501,False
123424,LTM29SEP263700PE,LTM,29SEP2026,370000.000000,150,OPTSTK,NFO,5.000000,6001,False
123431,LTM29SEP264100CE,LTM,29SEP2026,410000.000000,150,OPTSTK,NFO,5.000000,6001,False
123433,LTM29SEP264200CE,LTM,29SEP2026,420000.000000,150,OPTSTK,NFO,5.000000,6001,False
123434,LTM29SEP264200PE,LTM,29SEP2026,420000.000000,150,OPTSTK,NFO,5.000000,6001,False
123461,PHOENIXLTD23NOV261840PE,PHOENIXLTD,23NOV2026,184000.000000,350,OPTSTK,NFO,5.000000,14001,False
123587,PIDILITIND27OCT261660PE,PIDILITIND,27OCT2026,166000.000000,500,OPTSTK,NFO,5.000000,15001,False
123589,PIDILITIND27OCT261700PE,PIDILITIND,27OCT2026,170000.000000,500,OPTSTK,NFO,5.000000,15001,False
123634,PIDILITIND23NOV261400CE,PIDILITIND,23NOV2026,140000.000000,500,OPTSTK,NFO,5.000000,15001,False
123636,PIDILITIND23NOV261440CE,PIDILITIND,23NOV2026,144000.000000,500,OPTSTK,NFO,5.000000,15001,False
123640,PIDILITIND23NOV261520CE,PIDILITIND,23NOV2026,152000.000000,500,OPTSTK,NFO,5.000000,15001,False
123642,PIDILITIND23NOV261560CE,PIDILITIND,23NOV2026,156000.000000,500,OPTSTK,NFO,5.000000,15001,False
123643,PIDILITIND23NOV261560PE,PIDILITIND,23NOV2026,156000.000000,500,OPTSTK,NFO,5.000000,15001,False
123655,PIDILITIND23NOV261800PE,PIDILITIND,23NOV2026,180000.000000,500,OPTSTK,NFO,5.000000,15001,False
123708,PIIND27OCT262750CE,PIIND,27OCT2026,275000.000000,175,OPTSTK,NFO,5.000000,8751,False
123748,PIIND23NOV262100CE,PIIND,23NOV2026,210000.000000,175,OPTSTK,NFO,5.000000,8751,False
123804,PIIND23NOV262800CE,PIIND,23NOV2026,280000.000000,175,OPTSTK,NFO,5.000000,8751,False
123805,PIIND23NOV262800PE,PIIND,23NOV2026,280000.000000,175,OPTSTK,NFO,5.000000,8751,False
123810,PIIND23NOV263000CE,PIIND,23NOV2026,300000.000000,175,OPTSTK,NFO,5.000000,8751,False
123857,PNB27OCT26107PE,PNB,27OCT2026,10700.000000,8000,OPTSTK,NFO,1.000000,240001,False
123862,PNB27OCT26113CE,PNB,27OCT2026,11300.000000,8000,OPTSTK,NFO,1.000000,240001,False
123863,PNB27OCT26113PE,PNB,27OCT2026,11300.000000,8000,OPTSTK,NFO,1.000000,240001,False
123882,LUPIN29SEP261760CE,LUPIN,29SEP2026,176000.000000,425,OPTSTK,NFO,5.000000,12751,False
123887,PNB27OCT26123PE,PNB,27OCT2026,12300.000000,8000,OPTSTK,NFO,1.000000,240001,False
123939,LUPIN29SEP262200PE,LUPIN,29SEP2026,220000.000000,425,OPTSTK,NFO,5.000000,12751,False
123948,LUPIN29SEP262280PE,LUPIN,29SEP2026,228000.000000,425,OPTSTK,NFO,5.000000,12751,False
123977,PNB23NOV26100CE,PNB,23NOV2026,10000.000000,8000,OPTSTK,NFO,1.000000,240001,False
124003,PNB23NOV26118PE,PNB,23NOV2026,11800.000000,8000,OPTSTK,NFO,1.000000,240001,False
124020,PNB23NOV26128CE,PNB,23NOV2026,12800.000000,8000,OPTSTK,NFO,1.000000,240001,False
124070,PNBHOUSING27OCT261100CE,PNBHOUSING,27OCT2026,110000.000000,650,OPTSTK,NFO,5.000000,19501,False
124127,PNBHOUSING23NOV261320PE,PNBHOUSING,23NOV2026,132000.000000,650,OPTSTK,NFO,5.000000,19501,False
124128,PNBHOUSING23NOV261360CE,PNBHOUSING,23NOV2026,136000.000000,650,OPTSTK,NFO,5.000000,19501,False
124173,POLICYBZR27OCT261820PE,POLICYBZR,27OCT2026,182000.000000,350,OPTSTK,NFO,5.000000,14001,False
124176,POLICYBZR27OCT261900CE,POLICYBZR,27OCT2026,190000.000000,350,OPTSTK,NFO,5.000000,14001,False
124183,POLICYBZR27OCT262020PE,POLICYBZR,27OCT2026,202000.000000,350,OPTSTK,NFO,5.000000,14001,False
124237,POLICYBZR23NOV261520CE,POLICYBZR,23NOV2026,152000.000000,350,OPTSTK,NFO,5.000000,14001,False
124253,POLICYBZR23NOV261600CE,POLICYBZR,23NOV2026,160000.000000,350,OPTSTK,NFO,5.000000,14001,False
124255,POLICYBZR23NOV261600PE,POLICYBZR,23NOV2026,160000.000000,350,OPTSTK,NFO,5.000000,14001,False
124262,POLICYBZR23NOV261760CE,POLICYBZR,23NOV2026,176000.000000,350,OPTSTK,NFO,5.000000,14001,False
124265,POLICYBZR23NOV261800PE,POLICYBZR,23NOV2026,180000.000000,350,OPTSTK,NFO,5.000000,14001,False
124313,POLYCAB27OCT267300PE,POLYCAB,27OCT2026,730000.000000,125,OPTSTK,NFO,5.000000,2501,False
124509,POLYCAB23NOV268600CE,POLYCAB,23NOV2026,860000.000000,125,OPTSTK,NFO,5.000000,2501,False
124510,POLYCAB23NOV268600PE,POLYCAB,23NOV2026,860000.000000,125,OPTSTK,NFO,5.000000,2501,False
124512,POLYCAB23NOV268800PE,POLYCAB,23NOV2026,880000.000000,125,OPTSTK,NFO,5.000000,2501,False
124526,M&M29SEP262800CE,M&M,29SEP2026,280000.000000,200,OPTSTK,NFO,5.000000,8001,False
124536,POLYCAB23NOV269800PE,POLYCAB,23NOV2026,980000.000000,125,OPTSTK,NFO,5.000000,2501,False
124539,POLYCAB23NOV2610200CE,POLYCAB,23NOV2026,1020000.000000,125,OPTSTK,NFO,5.000000,2501,False
124609,POWERGRID27OCT26237.5PE,POWERGRID,27OCT2026,23750.000000,1900,OPTSTK,NFO,5.000000,76001,False
124630,POWERGRID27OCT26292.5CE,POWERGRID,27OCT2026,29250.000000,1900,OPTSTK,NFO,5.000000,76001,False
124633,POWERGRID27OCT26297.5PE,POWERGRID,27OCT2026,29750.000000,1900,OPTSTK,NFO,5.000000,76001,False
124688,M&M29SEP263500PE,M&M,29SEP2026,350000.000000,200,OPTSTK,NFO,5.000000,8001,False
124710,POWERGRID23NOV26250CE,POWERGRID,23NOV2026,25000.000000,1900,OPTSTK,NFO,5.000000,76001,False
124715,POWERGRID23NOV26260PE,POWERGRID,23NOV2026,26000.000000,1900,OPTSTK,NFO,5.000000,76001,False
124717,POWERGRID23NOV26265PE,POWERGRID,23NOV2026,26500.000000,1900,OPTSTK,NFO,5.000000,76001,False
124732,POWERGRID23NOV26285PE,POWERGRID,23NOV2026,28500.000000,1900,OPTSTK,NFO,5.000000,76001,False
124810,POWERINDIA27OCT2628500CE,POWERINDIA,27OCT2026,2850000.000000,25,OPTSTK,NFO,5.000000,751,False
124818,POWERINDIA27OCT2629500CE,POWERINDIA,27OCT2026,2950000.000000,25,OPTSTK,NFO,5.000000,751,False
124843,POWERINDIA27OCT2631500CE,POWERINDIA,27OCT2026,3150000.000000,25,OPTSTK,NFO,5.000000,751,False
124915,POWERINDIA23NOV2629000PE,POWERINDIA,23NOV2026,2900000.000000,25,OPTSTK,NFO,5.000000,751,False
124916,POWERINDIA23NOV2630000CE,POWERINDIA,23NOV2026,3000000.000000,25,OPTSTK,NFO,5.000000,751,False
124917,POWERINDIA23NOV2630000PE,POWERINDIA,23NOV2026,3000000.000000,25,OPTSTK,NFO,5.000000,751,False
124926,POWERINDIA23NOV2633000CE,POWERINDIA,23NOV2026,3300000.000000,25,OPTSTK,NFO,5.000000,751,False
124928,POWERINDIA23NOV2634000CE,POWERINDIA,23NOV2026,3400000.000000,25,OPTSTK,NFO,5.000000,751,False
124987,PREMIERENE27OCT261140PE,PREMIERENE,27OCT2026,114000.000000,650,OPTSTK,NFO,5.000000,26001,False
125022,PREMIERENE23NOV26960CE,PREMIERENE,23NOV2026,96000.000000,650,OPTSTK,NFO,5.000000,26001,False
125028,PREMIERENE23NOV261080CE,PREMIERENE,23NOV2026,108000.000000,650,OPTSTK,NFO,5.000000,26001,False
125030,PREMIERENE23NOV261120CE,PREMIERENE,23NOV2026,112000.000000,650,OPTSTK,NFO,5.000000,26001,False
125064,PRESTIGE27OCT261420CE,PRESTIGE,27OCT2026,142000.000000,450,OPTSTK,NFO,5.000000,13501,False
125074,PRESTIGE27OCT261580PE,PRESTIGE,27OCT2026,158000.000000,450,OPTSTK,NFO,5.000000,13501,False
125095,MANAPPURAM29SEP26380CE,MANAPPURAM,29SEP2026,38000.000000,3000,OPTSTK,NFO,5.000000,60001,False
125032,PREMIERENE23NOV261160CE,PREMIERENE,23NOV2026,116000.000000,650,OPTSTK,NFO,5.000000,26001,False
125196,PRESTIGE23NOV261640CE,PRESTIGE,23NOV2026,164000.000000,450,OPTSTK,NFO,5.000000,13501,False
125205,PRESTIGE23NOV261800PE,PRESTIGE,23NOV2026,180000.000000,450,OPTSTK,NFO,5.000000,13501,False
125256,RADICO27OCT264050CE,RADICO,27OCT2026,405000.000000,150,OPTSTK,NFO,5.000000,6001,False
125265,RADICO27OCT264150PE,RADICO,27OCT2026,415000.000000,150,OPTSTK,NFO,5.000000,6001,False
125266,RADICO27OCT264250CE,RADICO,27OCT2026,425000.000000,150,OPTSTK,NFO,5.000000,6001,False
125271,RADICO27OCT264450PE,RADICO,27OCT2026,445000.000000,150,OPTSTK,NFO,5.000000,6001,False
125272,RADICO27OCT264550CE,RADICO,27OCT2026,455000.000000,150,OPTSTK,NFO,5.000000,6001,False
125317,RADICO23NOV263800CE,RADICO,23NOV2026,380000.000000,150,OPTSTK,NFO,5.000000,6001,False
125331,RADICO23NOV264400CE,RADICO,23NOV2026,440000.000000,150,OPTSTK,NFO,5.000000,6001,False
125338,RADICO23NOV264600PE,RADICO,23NOV2026,460000.000000,150,OPTSTK,NFO,5.000000,6001,False
125458,MANKIND29SEP262320CE,MANKIND,29SEP2026,232000.000000,250,OPTSTK,NFO,5.000000,10001,False
125478,MANKIND29SEP262720CE,MANKIND,29SEP2026,272000.000000,250,OPTSTK,NFO,5.000000,10001,False
125479,MANKIND29SEP262720PE,MANKIND,29SEP2026,272000.000000,250,OPTSTK,NFO,5.000000,10001,False
125487,RBLBANK27OCT26365PE,RBLBANK,27OCT2026,36500.000000,3175,OPTSTK,NFO,5.000000,63501,False
125517,RBLBANK27OCT26405CE,RBLBANK,27OCT2026,40500.000000,3175,OPTSTK,NFO,5.000000,63501,False
125518,RBLBANK27OCT26405PE,RBLBANK,27OCT2026,40500.000000,3175,OPTSTK,NFO,5.000000,63501,False
125523,RBLBANK27OCT26435CE,RBLBANK,27OCT2026,43500.000000,3175,OPTSTK,NFO,5.000000,63501,False
125524,RBLBANK27OCT26435PE,RBLBANK,27OCT2026,43500.000000,3175,OPTSTK,NFO,5.000000,63501,False
125571,RBLBANK23NOV26350CE,RBLBANK,23NOV2026,35000.000000,3175,OPTSTK,NFO,5.000000,63501,False
125572,RBLBANK23NOV26350PE,RBLBANK,23NOV2026,35000.000000,3175,OPTSTK,NFO,5.000000,63501,False
125603,RBLBANK23NOV26410CE,RBLBANK,23NOV2026,41000.000000,3175,OPTSTK,NFO,5.000000,63501,False
125727,RECLTD23NOV26320CE,RECLTD,23NOV2026,32000.000000,1575,OPTSTK,NFO,5.000000,63001,False
125731,RECLTD23NOV26330CE,RECLTD,23NOV2026,33000.000000,1575,OPTSTK,NFO,5.000000,63001,False
125733,RECLTD23NOV26340CE,RECLTD,23NOV2026,34000.000000,1575,OPTSTK,NFO,5.000000,63001,False
125738,RECLTD23NOV26360PE,RECLTD,23NOV2026,36000.000000,1575,OPTSTK,NFO,5.000000,63001,False
125742,MARICO29SEP26760CE,MARICO,29SEP2026,76000.000000,1200,OPTSTK,NFO,5.000000,36001,False
125783,MARICO29SEP26960CE,MARICO,29SEP2026,96000.000000,1200,OPTSTK,NFO,5.000000,36001,False
125845,RELIANCE27OCT261170CE,RELIANCE,27OCT2026,117000.000000,500,OPTSTK,NFO,5.000000,20001,False
125848,RELIANCE27OCT261190PE,RELIANCE,27OCT2026,119000.000000,500,OPTSTK,NFO,5.000000,20001,False
125862,RELIANCE27OCT261250PE,RELIANCE,27OCT2026,125000.000000,500,OPTSTK,NFO,5.000000,20001,False
125903,RELIANCE27OCT261330PE,RELIANCE,27OCT2026,133000.000000,500,OPTSTK,NFO,5.000000,20001,False
125914,RELIANCE27OCT261410PE,RELIANCE,27OCT2026,141000.000000,500,OPTSTK,NFO,5.000000,20001,False
125980,RELIANCE23NOV261120PE,RELIANCE,23NOV2026,112000.000000,500,OPTSTK,NFO,5.000000,20001,False
125982,RELIANCE23NOV261140PE,RELIANCE,23NOV2026,114000.000000,500,OPTSTK,NFO,5.000000,20001,False
125995,RELIANCE23NOV261280CE,RELIANCE,23NOV2026,128000.000000,500,OPTSTK,NFO,5.000000,20001,False
126068,RVNL27OCT26185PE,RVNL,27OCT2026,18500.000000,1925,OPTSTK,NFO,1.000000,96251,False
126103,RVNL23NOV26170CE,RVNL,23NOV2026,17000.000000,1925,OPTSTK,NFO,1.000000,96251,False
126106,RVNL23NOV26180PE,RVNL,23NOV2026,18000.000000,1925,OPTSTK,NFO,1.000000,96251,False
126112,RVNL23NOV26210PE,RVNL,23NOV2026,21000.000000,1925,OPTSTK,NFO,1.000000,96251,False
126119,RVNL23NOV26250CE,RVNL,23NOV2026,25000.000000,1925,OPTSTK,NFO,1.000000,96251,False
126120,RVNL23NOV26250PE,RVNL,23NOV2026,25000.000000,1925,OPTSTK,NFO,1.000000,96251,False
126162,SAGILITY29SEP2640PE,SAGILITY,29SEP2026,4000.000000,12000,OPTSTK,NFO,1.000000,480001,False
126173,SAGILITY29SEP2646CE,SAGILITY,29SEP2026,4600.000000,12000,OPTSTK,NFO,1.000000,480001,False
126175,SAGILITY29SEP2647CE,SAGILITY,29SEP2026,4700.000000,12000,OPTSTK,NFO,1.000000,480001,False
126239,SAGILITY27OCT2647CE,SAGILITY,27OCT2026,4700.000000,12000,OPTSTK,NFO,1.000000,480001,False
126245,SAGILITY27OCT2650CE,SAGILITY,27OCT2026,5000.000000,12000,OPTSTK,NFO,1.000000,480001,False
126246,SAGILITY27OCT2650PE,SAGILITY,27OCT2026,5000.000000,12000,OPTSTK,NFO,1.000000,480001,False
126249,SAGILITY27OCT2652CE,SAGILITY,27OCT2026,5200.000000,12000,OPTSTK,NFO,1.000000,480001,False
126380,SAIL27OCT26182.5PE,SAIL,27OCT2026,18250.000000,4700,OPTSTK,NFO,1.000000,141001,False
126409,SAIL27OCT26212.5CE,SAIL,27OCT2026,21250.000000,4700,OPTSTK,NFO,1.000000,141001,False
126413,MARUTI29SEP2611600CE,MARUTI,29SEP2026,1160000.000000,50,OPTSTK,NFO,5.000000,2001,False
126419,MARUTI29SEP2612200CE,MARUTI,29SEP2026,1220000.000000,50,OPTSTK,NFO,5.000000,2001,False
126430,MARUTI29SEP2613200PE,MARUTI,29SEP2026,1320000.000000,50,OPTSTK,NFO,5.000000,2001,False
126452,MARUTI29SEP2615400PE,MARUTI,29SEP2026,1540000.000000,50,OPTSTK,NFO,5.000000,2001,False
126531,SAIL23NOV26180CE,SAIL,23NOV2026,18000.000000,4700,OPTSTK,NFO,1.000000,141001,False
126552,SAIL23NOV26215CE,SAIL,23NOV2026,21500.000000,4700,OPTSTK,NFO,1.000000,141001,False
126596,SBICARD27OCT26650CE,SBICARD,27OCT2026,65000.000000,800,OPTSTK,NFO,5.000000,40001,False
126597,SBICARD27OCT26650PE,SBICARD,27OCT2026,65000.000000,800,OPTSTK,NFO,5.000000,40001,False
126648,SBICARD23NOV26620CE,SBICARD,23NOV2026,62000.000000,800,OPTSTK,NFO,5.000000,40001,False
126651,SBICARD23NOV26640PE,SBICARD,23NOV2026,64000.000000,800,OPTSTK,NFO,5.000000,40001,False
126662,SBICARD23NOV26760CE,SBICARD,23NOV2026,76000.000000,800,OPTSTK,NFO,5.000000,40001,False
126716,SBILIFE27OCT261620CE,SBILIFE,27OCT2026,162000.000000,375,OPTSTK,NFO,5.000000,15001,False
126719,SBILIFE27OCT261660PE,SBILIFE,27OCT2026,166000.000000,375,OPTSTK,NFO,5.000000,15001,False
126722,SBILIFE27OCT261740CE,SBILIFE,27OCT2026,174000.000000,375,OPTSTK,NFO,5.000000,15001,False
126730,SBILIFE27OCT261900CE,SBILIFE,27OCT2026,190000.000000,375,OPTSTK,NFO,5.000000,15001,False
126832,SBILIFE23NOV261520CE,SBILIFE,23NOV2026,152000.000000,375,OPTSTK,NFO,5.000000,15001,False
126973,MAXHEALTH29SEP261220CE,MAXHEALTH,29SEP2026,122000.000000,525,OPTSTK,NFO,5.000000,21001,False
127007,SBIN27OCT26970PE,SBIN,27OCT2026,97000.000000,750,OPTSTK,NFO,5.000000,22501,False
127022,SBIN27OCT261130CE,SBIN,27OCT2026,113000.000000,750,OPTSTK,NFO,5.000000,22501,False
127147,SBIN23NOV26920PE,SBIN,23NOV2026,92000.000000,750,OPTSTK,NFO,5.000000,22501,False
127148,SBIN23NOV26940CE,SBIN,23NOV2026,94000.000000,750,OPTSTK,NFO,5.000000,22501,False
127149,SBIN23NOV26940PE,SBIN,23NOV2026,94000.000000,750,OPTSTK,NFO,5.000000,22501,False
127218,SHREECEM27OCT2620750CE,SHREECEM,27OCT2026,2075000.000000,25,OPTSTK,NFO,5.000000,1001,False
127231,SHREECEM27OCT2623750PE,SHREECEM,27OCT2026,2375000.000000,25,OPTSTK,NFO,5.000000,1001,False
127232,SHREECEM27OCT2624250CE,SHREECEM,27OCT2026,2425000.000000,25,OPTSTK,NFO,5.000000,1001,False
127234,SHREECEM27OCT2624750CE,SHREECEM,27OCT2026,2475000.000000,25,OPTSTK,NFO,5.000000,1001,False
127285,SHREECEM23NOV2619000PE,SHREECEM,23NOV2026,1900000.000000,25,OPTSTK,NFO,5.000000,1001,False
127289,SHREECEM23NOV2620000PE,SHREECEM,23NOV2026,2000000.000000,25,OPTSTK,NFO,5.000000,1001,False
127299,SHREECEM23NOV2621000PE,SHREECEM,23NOV2026,2100000.000000,25,OPTSTK,NFO,5.000000,1001,False
127309,SHREECEM23NOV2623500PE,SHREECEM,23NOV2026,2350000.000000,25,OPTSTK,NFO,5.000000,1001,False
127324,SHREECEM23NOV2627500CE,SHREECEM,23NOV2026,2750000.000000,25,OPTSTK,NFO,5.000000,1001,False
127325,SHREECEM23NOV2627500PE,SHREECEM,23NOV2026,2750000.000000,25,OPTSTK,NFO,5.000000,1001,False
127377,SHRIRAMFIN27OCT26980PE,SHRIRAMFIN,27OCT2026,98000.000000,825,OPTSTK,NFO,5.000000,24751,False
127393,SHRIRAMFIN27OCT261060PE,SHRIRAMFIN,27OCT2026,106000.000000,825,OPTSTK,NFO,5.000000,24751,False
127416,SHRIRAMFIN27OCT261220CE,SHRIRAMFIN,27OCT2026,122000.000000,825,OPTSTK,NFO,5.000000,24751,False
127462,MAZDOCK29SEP262500CE,MAZDOCK,29SEP2026,250000.000000,225,OPTSTK,NFO,5.000000,9001,False
127464,MAZDOCK29SEP262600CE,MAZDOCK,29SEP2026,260000.000000,225,OPTSTK,NFO,5.000000,9001,False
127467,MAZDOCK29SEP262700PE,MAZDOCK,29SEP2026,270000.000000,225,OPTSTK,NFO,5.000000,9001,False
127477,SHRIRAMFIN23NOV26920PE,SHRIRAMFIN,23NOV2026,92000.000000,825,OPTSTK,NFO,5.000000,24751,False
127496,SHRIRAMFIN23NOV261160PE,SHRIRAMFIN,23NOV2026,116000.000000,825,OPTSTK,NFO,5.000000,24751,False
127504,SHRIRAMFIN23NOV261200CE,SHRIRAMFIN,23NOV2026,120000.000000,825,OPTSTK,NFO,5.000000,24751,False
127593,SIEMENS27OCT263650PE,SIEMENS,27OCT2026,365000.000000,175,OPTSTK,NFO,5.000000,7001,False
127594,SIEMENS27OCT263750CE,SIEMENS,27OCT2026,375000.000000,175,OPTSTK,NFO,5.000000,7001,False
127604,SIEMENS27OCT263950CE,SIEMENS,27OCT2026,395000.000000,175,OPTSTK,NFO,5.000000,7001,False
127659,SIEMENS23NOV263400PE,SIEMENS,23NOV2026,340000.000000,175,OPTSTK,NFO,5.000000,7001,False
127661,SIEMENS23NOV263500PE,SIEMENS,23NOV2026,350000.000000,175,OPTSTK,NFO,5.000000,7001,False
127663,SIEMENS23NOV263600PE,SIEMENS,23NOV2026,360000.000000,175,OPTSTK,NFO,5.000000,7001,False
127669,SIEMENS23NOV263900PE,SIEMENS,23NOV2026,390000.000000,175,OPTSTK,NFO,5.000000,7001,False
127674,SIEMENS23NOV264200CE,SIEMENS,23NOV2026,420000.000000,175,OPTSTK,NFO,5.000000,7001,False
127681,SIEMENS23NOV264500PE,SIEMENS,23NOV2026,450000.000000,175,OPTSTK,NFO,5.000000,7001,False
127732,SOLARINDS27OCT2621250CE,SOLARINDS,27OCT2026,2125000.000000,50,OPTSTK,NFO,5.000000,1501,False
127734,SOLARINDS27OCT2621750CE,SOLARINDS,27OCT2026,2175000.000000,50,OPTSTK,NFO,5.000000,1501,False
127843,SOLARINDS23NOV2619000CE,SOLARINDS,23NOV2026,1900000.000000,50,OPTSTK,NFO,5.000000,1501,False
127845,SOLARINDS23NOV2619500CE,SOLARINDS,23NOV2026,1950000.000000,50,OPTSTK,NFO,5.000000,1501,False
127866,MCX29SEP262400PE,MCX,29SEP2026,240000.000000,225,OPTSTK,NFO,5.000000,6751,False
127868,MCX29SEP262500PE,MCX,29SEP2026,250000.000000,225,OPTSTK,NFO,5.000000,6751,False
127874,MCX29SEP262800CE,MCX,29SEP2026,280000.000000,225,OPTSTK,NFO,5.000000,6751,False
127877,MCX29SEP262900PE,MCX,29SEP2026,290000.000000,225,OPTSTK,NFO,5.000000,6751,False
127971,MFSL29SEP261240PE,MFSL,29SEP2026,124000.000000,400,OPTSTK,NFO,5.000000,16001,False
127976,MFSL29SEP261360CE,MFSL,29SEP2026,136000.000000,400,OPTSTK,NFO,5.000000,16001,False
127977,MFSL29SEP261360PE,MFSL,29SEP2026,136000.000000,400,OPTSTK,NFO,5.000000,16001,False
127984,MFSL29SEP261520CE,MFSL,29SEP2026,152000.000000,400,OPTSTK,NFO,5.000000,16001,False
127995,MFSL29SEP261720PE,MFSL,29SEP2026,172000.000000,400,OPTSTK,NFO,5.000000,16001,False
128035,SONACOMS27OCT26770PE,SONACOMS,27OCT2026,77000.000000,1225,OPTSTK,NFO,5.000000,36751,False
128045,SONACOMS27OCT26870PE,SONACOMS,27OCT2026,87000.000000,1225,OPTSTK,NFO,5.000000,36751,False
128094,SONACOMS23NOV26880CE,SONACOMS,23NOV2026,88000.000000,1225,OPTSTK,NFO,5.000000,36751,False
128136,SRF27OCT262850PE,SRF,27OCT2026,285000.000000,200,OPTSTK,NFO,5.000000,8001,False
128185,SRF23NOV262500CE,SRF,23NOV2026,250000.000000,200,OPTSTK,NFO,5.000000,8001,False
128188,SRF23NOV262600PE,SRF,23NOV2026,260000.000000,200,OPTSTK,NFO,5.000000,8001,False
128190,SRF23NOV262700PE,SRF,23NOV2026,270000.000000,200,OPTSTK,NFO,5.000000,8001,False
128241,SUNPHARMA27OCT261660PE,SUNPHARMA,27OCT2026,166000.000000,350,OPTSTK,NFO,5.000000,14001,False
128246,SUNPHARMA27OCT261740CE,SUNPHARMA,27OCT2026,174000.000000,350,OPTSTK,NFO,5.000000,14001,False
128258,SUNPHARMA27OCT261940PE,SUNPHARMA,27OCT2026,194000.000000,350,OPTSTK,NFO,5.000000,14001,False
128273,SUNPHARMA27OCT262020PE,SUNPHARMA,27OCT2026,202000.000000,350,OPTSTK,NFO,5.000000,14001,False
128276,SUNPHARMA27OCT262100CE,SUNPHARMA,27OCT2026,210000.000000,350,OPTSTK,NFO,5.000000,14001,False
128323,SUNPHARMA23NOV261680CE,SUNPHARMA,23NOV2026,168000.000000,350,OPTSTK,NFO,5.000000,14001,False
128324,SUNPHARMA23NOV261680PE,SUNPHARMA,23NOV2026,168000.000000,350,OPTSTK,NFO,5.000000,14001,False
128327,SUNPHARMA23NOV261760CE,SUNPHARMA,23NOV2026,176000.000000,350,OPTSTK,NFO,5.000000,14001,False
128329,SUNPHARMA23NOV261800CE,SUNPHARMA,23NOV2026,180000.000000,350,OPTSTK,NFO,5.000000,14001,False
128343,SUNPHARMA23NOV262080CE,SUNPHARMA,23NOV2026,208000.000000,350,OPTSTK,NFO,5.000000,14001,False
128351,SUNPHARMA23NOV262240CE,SUNPHARMA,23NOV2026,224000.000000,350,OPTSTK,NFO,5.000000,14001,False
128404,SUPREMEIND27OCT263450CE,SUPREMEIND,27OCT2026,345000.000000,175,OPTSTK,NFO,5.000000,7001,False
128410,SUPREMEIND27OCT263750CE,SUPREMEIND,27OCT2026,375000.000000,175,OPTSTK,NFO,5.000000,7001,False
128411,SUPREMEIND27OCT263750PE,SUPREMEIND,27OCT2026,375000.000000,175,OPTSTK,NFO,5.000000,7001,False
128458,SUPREMEIND23NOV263000PE,SUPREMEIND,23NOV2026,300000.000000,175,OPTSTK,NFO,5.000000,7001,False
128476,SUPREMEIND23NOV263600CE,SUPREMEIND,23NOV2026,360000.000000,175,OPTSTK,NFO,5.000000,7001,False
128493,SUPREMEIND23NOV264200PE,SUPREMEIND,23NOV2026,420000.000000,175,OPTSTK,NFO,5.000000,7001,False
128538,MOTHERSON29SEP26145CE,MOTHERSON,29SEP2026,14500.000000,6150,OPTSTK,NFO,1.000000,184501,False
128544,MOTHERSON29SEP26160CE,MOTHERSON,29SEP2026,16000.000000,6150,OPTSTK,NFO,1.000000,184501,False
128579,SUZLON27OCT2647PE,SUZLON,27OCT2026,4700.000000,12700,OPTSTK,NFO,1.000000,381001,False
128582,SUZLON27OCT2651CE,SUZLON,27OCT2026,5100.000000,12700,OPTSTK,NFO,1.000000,381001,False
128634,SUZLON23NOV2644PE,SUZLON,23NOV2026,4400.000000,12700,OPTSTK,NFO,1.000000,381001,False
128667,SWIGGY27OCT26245CE,SWIGGY,27OCT2026,24500.000000,1825,OPTSTK,NFO,5.000000,73001,False
128703,SWIGGY27OCT26305PE,SWIGGY,27OCT2026,30500.000000,1825,OPTSTK,NFO,5.000000,73001,False
128704,SWIGGY27OCT26315CE,SWIGGY,27OCT2026,31500.000000,1825,OPTSTK,NFO,5.000000,73001,False
128807,SWIGGY23NOV26250CE,SWIGGY,23NOV2026,25000.000000,1825,OPTSTK,NFO,5.000000,73001,False
128812,SWIGGY23NOV26270PE,SWIGGY,23NOV2026,27000.000000,1825,OPTSTK,NFO,5.000000,73001,False
128816,SWIGGY23NOV26290PE,SWIGGY,23NOV2026,29000.000000,1825,OPTSTK,NFO,5.000000,73001,False
128880,TATACONSUM27OCT26990CE,TATACONSUM,27OCT2026,99000.000000,550,OPTSTK,NFO,5.000000,22001,False
128888,MOTILALOFS29SEP26720PE,MOTILALOFS,29SEP2026,72000.000000,775,OPTSTK,NFO,5.000000,23251,False
129039,TATACONSUM23NOV26920PE,TATACONSUM,23NOV2026,92000.000000,550,OPTSTK,NFO,5.000000,22001,False
129053,TATACONSUM23NOV261060PE,TATACONSUM,23NOV2026,106000.000000,550,OPTSTK,NFO,5.000000,22001,False
129057,TATACONSUM23NOV261100PE,TATACONSUM,23NOV2026,110000.000000,550,OPTSTK,NFO,5.000000,22001,False
129066,TATACONSUM23NOV261200CE,TATACONSUM,23NOV2026,120000.000000,550,OPTSTK,NFO,5.000000,22001,False
129127,TATAELXSI27OCT263550PE,TATAELXSI,27OCT2026,355000.000000,125,OPTSTK,NFO,5.000000,6251,False
129133,TATAELXSI27OCT263850CE,TATAELXSI,27OCT2026,385000.000000,125,OPTSTK,NFO,5.000000,6251,False
129225,TATAELXSI23NOV263000CE,TATAELXSI,23NOV2026,300000.000000,125,OPTSTK,NFO,5.000000,6251,False
129247,TATAELXSI23NOV263300CE,TATAELXSI,23NOV2026,330000.000000,125,OPTSTK,NFO,5.000000,6251,False
129258,TATAELXSI23NOV263800PE,TATAELXSI,23NOV2026,380000.000000,125,OPTSTK,NFO,5.000000,6251,False
129321,TATAPOWER27OCT26325CE,TATAPOWER,27OCT2026,32500.000000,1450,OPTSTK,NFO,5.000000,58001,False
129328,TATAPOWER27OCT26355PE,TATAPOWER,27OCT2026,35500.000000,1450,OPTSTK,NFO,5.000000,58001,False
129336,TATAPOWER27OCT26395PE,TATAPOWER,27OCT2026,39500.000000,1450,OPTSTK,NFO,5.000000,58001,False
129378,TATAPOWER23NOV26300PE,TATAPOWER,23NOV2026,30000.000000,1450,OPTSTK,NFO,5.000000,58001,False
129395,TATAPOWER23NOV26390CE,TATAPOWER,23NOV2026,39000.000000,1450,OPTSTK,NFO,5.000000,58001,False
129400,TATAPOWER23NOV26410CE,TATAPOWER,23NOV2026,41000.000000,1450,OPTSTK,NFO,5.000000,58001,False
129479,TATASTEEL27OCT26162.5PE,TATASTEEL,27OCT2026,16250.000000,2750,OPTSTK,NFO,1.000000,137501,False
129488,TATASTEEL27OCT26182.5CE,TATASTEEL,27OCT2026,18250.000000,2750,OPTSTK,NFO,1.000000,137501,False
129500,TATASTEEL27OCT26207.5CE,TATASTEEL,27OCT2026,20750.000000,2750,OPTSTK,NFO,1.000000,137501,False
129553,TATASTEEL23NOV26165PE,TATASTEEL,23NOV2026,16500.000000,2750,OPTSTK,NFO,1.000000,137501,False
129561,TATASTEEL23NOV26180PE,TATASTEEL,23NOV2026,18000.000000,2750,OPTSTK,NFO,1.000000,137501,False
129625,MUTHOOTFIN29SEP262500CE,MUTHOOTFIN,29SEP2026,250000.000000,275,OPTSTK,NFO,5.000000,8251,False
129647,MUTHOOTFIN29SEP263500CE,MUTHOOTFIN,29SEP2026,350000.000000,275,OPTSTK,NFO,5.000000,8251,False
129663,TCS27OCT262100CE,TCS,27OCT2026,210000.000000,225,OPTSTK,NFO,5.000000,9001,False
129671,TCS27OCT262180CE,TCS,27OCT2026,218000.000000,225,OPTSTK,NFO,5.000000,9001,False
129680,TCS27OCT262340PE,TCS,27OCT2026,234000.000000,225,OPTSTK,NFO,5.000000,9001,False
129681,TCS27OCT262380CE,TCS,27OCT2026,238000.000000,225,OPTSTK,NFO,5.000000,9001,False
129692,TCS27OCT262460CE,TCS,27OCT2026,246000.000000,225,OPTSTK,NFO,5.000000,9001,False
129696,TCS27OCT262500CE,TCS,27OCT2026,250000.000000,225,OPTSTK,NFO,5.000000,9001,False
129769,TCS23NOV261920PE,TCS,23NOV2026,192000.000000,225,OPTSTK,NFO,5.000000,9001,False
129773,TCS23NOV262000PE,TCS,23NOV2026,200000.000000,225,OPTSTK,NFO,5.000000,9001,False
129787,TCS23NOV262280PE,TCS,23NOV2026,228000.000000,225,OPTSTK,NFO,5.000000,9001,False
129801,TCS23NOV262560PE,TCS,23NOV2026,256000.000000,225,OPTSTK,NFO,5.000000,9001,False
129803,TCS23NOV262600PE,TCS,23NOV2026,260000.000000,225,OPTSTK,NFO,5.000000,9001,False
129901,TECHM27OCT261580PE,TECHM,27OCT2026,158000.000000,600,OPTSTK,NFO,5.000000,18001,False
129904,TECHM27OCT261660CE,TECHM,27OCT2026,166000.000000,600,OPTSTK,NFO,5.000000,18001,False
129905,TECHM27OCT261660PE,TECHM,27OCT2026,166000.000000,600,OPTSTK,NFO,5.000000,18001,False
129964,TECHM23NOV261480CE,TECHM,23NOV2026,148000.000000,600,OPTSTK,NFO,5.000000,18001,False
129971,TECHM23NOV261600PE,TECHM,23NOV2026,160000.000000,600,OPTSTK,NFO,5.000000,18001,False
130007,NAM-INDIA29SEP261320CE,NAM-INDIA,29SEP2026,132000.000000,625,OPTSTK,NFO,5.000000,18751,False
129978,TECHM23NOV261760CE,TECHM,23NOV2026,176000.000000,600,OPTSTK,NFO,5.000000,18001,False
129997,NAM-INDIA29SEP261120CE,NAM-INDIA,29SEP2026,112000.000000,625,OPTSTK,NFO,5.000000,18751,False
130002,NAM-INDIA29SEP261200PE,NAM-INDIA,29SEP2026,120000.000000,625,OPTSTK,NFO,5.000000,18751,False
130009,NAM-INDIA29SEP261360CE,NAM-INDIA,29SEP2026,136000.000000,625,OPTSTK,NFO,5.000000,18751,False
130056,NATIONALUM29SEP26300PE,NATIONALUM,29SEP2026,30000.000000,1875,OPTSTK,NFO,5.000000,56251,False
130073,NATIONALUM29SEP26480CE,NATIONALUM,29SEP2026,48000.000000,1875,OPTSTK,NFO,5.000000,56251,False
130090,TIINDIA27OCT262450PE,TIINDIA,27OCT2026,245000.000000,200,OPTSTK,NFO,5.000000,8001,False
130092,TIINDIA27OCT262550PE,TIINDIA,27OCT2026,255000.000000,200,OPTSTK,NFO,5.000000,8001,False
130176,TIINDIA23NOV262500PE,TIINDIA,23NOV2026,250000.000000,200,OPTSTK,NFO,5.000000,8001,False
130178,TIINDIA23NOV262600PE,TIINDIA,23NOV2026,260000.000000,200,OPTSTK,NFO,5.000000,8001,False
130182,TIINDIA23NOV262800PE,TIINDIA,23NOV2026,280000.000000,200,OPTSTK,NFO,5.000000,8001,False
130188,TIINDIA23NOV263100PE,TIINDIA,23NOV2026,310000.000000,200,OPTSTK,NFO,5.000000,8001,False
130227,TITAN27OCT264650CE,TITAN,27OCT2026,465000.000000,175,OPTSTK,NFO,5.000000,5251,False
130229,TITAN27OCT264750CE,TITAN,27OCT2026,475000.000000,175,OPTSTK,NFO,5.000000,5251,False
130230,TITAN27OCT264750PE,TITAN,27OCT2026,475000.000000,175,OPTSTK,NFO,5.000000,5251,False
130235,TITAN27OCT265050CE,TITAN,27OCT2026,505000.000000,175,OPTSTK,NFO,5.000000,5251,False
130236,TITAN27OCT265050PE,TITAN,27OCT2026,505000.000000,175,OPTSTK,NFO,5.000000,5251,False
130240,TITAN27OCT265250PE,TITAN,27OCT2026,525000.000000,175,OPTSTK,NFO,5.000000,5251,False
130241,TITAN27OCT265350CE,TITAN,27OCT2026,535000.000000,175,OPTSTK,NFO,5.000000,5251,False
130291,TITAN23NOV264600CE,TITAN,23NOV2026,460000.000000,175,OPTSTK,NFO,5.000000,5251,False
130299,TITAN23NOV265000CE,TITAN,23NOV2026,500000.000000,175,OPTSTK,NFO,5.000000,5251,False
130305,TITAN23NOV265300CE,TITAN,23NOV2026,530000.000000,175,OPTSTK,NFO,5.000000,5251,False
130310,TITAN23NOV265500PE,TITAN,23NOV2026,550000.000000,175,OPTSTK,NFO,5.000000,5251,False
130334,NAUKRI29SEP261080PE,NAUKRI,29SEP2026,108000.000000,550,OPTSTK,NFO,5.000000,16501,False
130340,NAUKRI29SEP261200CE,NAUKRI,29SEP2026,120000.000000,550,OPTSTK,NFO,5.000000,16501,False
130381,TMPV27OCT26265PE,TMPV,27OCT2026,26500.000000,1600,OPTSTK,NFO,5.000000,64001,False
130392,TMPV27OCT26315CE,TMPV,27OCT2026,31500.000000,1600,OPTSTK,NFO,5.000000,64001,False
130447,TMPV23NOV26260CE,TMPV,23NOV2026,26000.000000,1600,OPTSTK,NFO,5.000000,64001,False
130534,TORNTPHARM27OCT264550CE,TORNTPHARM,27OCT2026,455000.000000,125,OPTSTK,NFO,5.000000,5001,False
130535,TORNTPHARM27OCT264550PE,TORNTPHARM,27OCT2026,455000.000000,125,OPTSTK,NFO,5.000000,5001,False
130536,TORNTPHARM27OCT264650CE,TORNTPHARM,27OCT2026,465000.000000,125,OPTSTK,NFO,5.000000,5001,False
130545,TORNTPHARM27OCT265050PE,TORNTPHARM,27OCT2026,505000.000000,125,OPTSTK,NFO,5.000000,5001,False
130549,TORNTPHARM27OCT265250PE,TORNTPHARM,27OCT2026,525000.000000,125,OPTSTK,NFO,5.000000,5001,False
130551,TORNTPHARM27OCT265350PE,TORNTPHARM,27OCT2026,535000.000000,125,OPTSTK,NFO,5.000000,5001,False
130603,TORNTPHARM23NOV264600PE,TORNTPHARM,23NOV2026,460000.000000,125,OPTSTK,NFO,5.000000,5001,False
130607,TORNTPHARM23NOV264800PE,TORNTPHARM,23NOV2026,480000.000000,125,OPTSTK,NFO,5.000000,5001,False
130609,TORNTPHARM23NOV264900PE,TORNTPHARM,23NOV2026,490000.000000,125,OPTSTK,NFO,5.000000,5001,False
130639,TORNTPHARM23NOV265400PE,TORNTPHARM,23NOV2026,540000.000000,125,OPTSTK,NFO,5.000000,5001,False
130690,NBCC29SEP2670PE,NBCC,29SEP2026,7000.000000,6500,OPTSTK,NFO,1.000000,260001,False
130696,NBCC29SEP2685PE,NBCC,29SEP2026,8500.000000,6500,OPTSTK,NFO,1.000000,260001,False
130762,TRENT27OCT262650CE,TRENT,27OCT2026,265000.000000,225,OPTSTK,NFO,5.000000,9001,False
130763,TRENT27OCT262650PE,TRENT,27OCT2026,265000.000000,225,OPTSTK,NFO,5.000000,9001,False
130768,TRENT27OCT262950CE,TRENT,27OCT2026,295000.000000,225,OPTSTK,NFO,5.000000,9001,False
130813,TRENT23NOV263000PE,TRENT,23NOV2026,300000.000000,225,OPTSTK,NFO,5.000000,9001,False
130817,TRENT23NOV263200PE,TRENT,23NOV2026,320000.000000,225,OPTSTK,NFO,5.000000,9001,False
130852,TVSMOTOR27OCT264050CE,TVSMOTOR,27OCT2026,405000.000000,175,OPTSTK,NFO,5.000000,5251,False
130917,TVSMOTOR23NOV263700CE,TVSMOTOR,23NOV2026,370000.000000,175,OPTSTK,NFO,5.000000,5251,False
130934,TVSMOTOR23NOV264400CE,TVSMOTOR,23NOV2026,440000.000000,175,OPTSTK,NFO,5.000000,5251,False
130935,TVSMOTOR23NOV264400PE,TVSMOTOR,23NOV2026,440000.000000,175,OPTSTK,NFO,5.000000,5251,False
130949,TVSMOTOR23NOV265000CE,TVSMOTOR,23NOV2026,500000.000000,175,OPTSTK,NFO,5.000000,5251,False
130968,TVSMOTOR23NOV265000PE,TVSMOTOR,23NOV2026,500000.000000,175,OPTSTK,NFO,5.000000,5251,False
131022,ULTRACEMCO27OCT2610100CE,ULTRACEMCO,27OCT2026,1010000.000000,50,OPTSTK,NFO,5.000000,2001,False
131149,ULTRACEMCO23NOV269200CE,ULTRACEMCO,23NOV2026,920000.000000,50,OPTSTK,NFO,5.000000,2001,False
131197,ULTRACEMCO23NOV2611800PE,ULTRACEMCO,23NOV2026,1180000.000000,50,OPTSTK,NFO,5.000000,2001,False
131199,ULTRACEMCO23NOV2612000PE,ULTRACEMCO,23NOV2026,1200000.000000,50,OPTSTK,NFO,5.000000,2001,False
131343,NESTLEIND29SEP261220CE,NESTLEIND,29SEP2026,122000.000000,500,OPTSTK,NFO,5.000000,15001,False
131345,NESTLEIND29SEP261240CE,NESTLEIND,29SEP2026,124000.000000,500,OPTSTK,NFO,5.000000,15001,False
131347,NESTLEIND29SEP261260CE,NESTLEIND,29SEP2026,126000.000000,500,OPTSTK,NFO,5.000000,15001,False
131357,NESTLEIND29SEP261360CE,NESTLEIND,29SEP2026,136000.000000,500,OPTSTK,NFO,5.000000,15001,False
131361,NESTLEIND29SEP261400CE,NESTLEIND,29SEP2026,140000.000000,500,OPTSTK,NFO,5.000000,15001,False
131364,NESTLEIND29SEP261420PE,NESTLEIND,29SEP2026,142000.000000,500,OPTSTK,NFO,5.000000,15001,False
131413,UNIONBANK23NOV26150CE,UNIONBANK,23NOV2026,15000.000000,4425,OPTSTK,NFO,1.000000,132751,False
131435,NESTLEIND29SEP261500CE,NESTLEIND,29SEP2026,150000.000000,500,OPTSTK,NFO,5.000000,15001,False
131442,NESTLEIND29SEP261560PE,NESTLEIND,29SEP2026,156000.000000,500,OPTSTK,NFO,5.000000,15001,False
131449,UNIONBANK23NOV26190PE,UNIONBANK,23NOV2026,19000.000000,4425,OPTSTK,NFO,1.000000,132751,False
131451,NESTLEIND29SEP261640CE,NESTLEIND,29SEP2026,164000.000000,500,OPTSTK,NFO,5.000000,15001,False
131459,NESTLEIND29SEP261720CE,NESTLEIND,29SEP2026,172000.000000,500,OPTSTK,NFO,5.000000,15001,False
131489,UNIONBANK23NOV26200CE,UNIONBANK,23NOV2026,20000.000000,4425,OPTSTK,NFO,1.000000,132751,False
131502,UNIONBANK23NOV26200PE,UNIONBANK,23NOV2026,20000.000000,4425,OPTSTK,NFO,1.000000,132751,False
131504,UNIONBANK23NOV26205CE,UNIONBANK,23NOV2026,20500.000000,4425,OPTSTK,NFO,1.000000,132751,False
131515,UNIONBANK23NOV26220PE,UNIONBANK,23NOV2026,22000.000000,4425,OPTSTK,NFO,1.000000,132751,False
131564,UNITDSPR27OCT261300PE,UNITDSPR,27OCT2026,130000.000000,400,OPTSTK,NFO,5.000000,16001,False
131567,UNITDSPR27OCT261380CE,UNITDSPR,27OCT2026,138000.000000,400,OPTSTK,NFO,5.000000,16001,False
131569,UNITDSPR27OCT261420CE,UNITDSPR,27OCT2026,142000.000000,400,OPTSTK,NFO,5.000000,16001,False
131572,UNITDSPR27OCT261460PE,UNITDSPR,27OCT2026,146000.000000,400,OPTSTK,NFO,5.000000,16001,False
131581,UNITDSPR27OCT261660CE,UNITDSPR,27OCT2026,166000.000000,400,OPTSTK,NFO,5.000000,16001,False
131680,UNOMINDA27OCT261300CE,UNOMINDA,27OCT2026,130000.000000,550,OPTSTK,NFO,5.000000,22001,False
131762,UNOMINDA23NOV261080CE,UNOMINDA,23NOV2026,108000.000000,550,OPTSTK,NFO,5.000000,22001,False
131775,NHPC29SEP2668CE,NHPC,29SEP2026,6800.000000,6950,OPTSTK,NFO,1.000000,278001,False
131776,UNOMINDA23NOV261160CE,UNOMINDA,23NOV2026,116000.000000,550,OPTSTK,NFO,5.000000,22001,False
131789,UNOMINDA23NOV261160PE,UNOMINDA,23NOV2026,116000.000000,550,OPTSTK,NFO,5.000000,22001,False
131792,UNOMINDA23NOV261240CE,UNOMINDA,23NOV2026,124000.000000,550,OPTSTK,NFO,5.000000,22001,False
131802,UNOMINDA23NOV261440CE,UNOMINDA,23NOV2026,144000.000000,550,OPTSTK,NFO,5.000000,22001,False
131852,UPL27OCT26590PE,UPL,27OCT2026,59000.000000,1355,OPTSTK,NFO,5.000000,40651,False
131858,UPL27OCT26650PE,UPL,27OCT2026,65000.000000,1355,OPTSTK,NFO,5.000000,40651,False
131877,NHPC29SEP2684CE,NHPC,29SEP2026,8400.000000,6950,OPTSTK,NFO,1.000000,278001,False
131902,UPL23NOV26580PE,UPL,23NOV2026,58000.000000,1355,OPTSTK,NFO,5.000000,40651,False
131934,VBL27OCT26350PE,VBL,27OCT2026,35000.000000,1275,OPTSTK,NFO,5.000000,51001,False
131938,VBL27OCT26390PE,VBL,27OCT2026,39000.000000,1275,OPTSTK,NFO,5.000000,51001,False
132057,VEDL27OCT26245PE,VEDL,27OCT2026,24500.000000,1150,OPTSTK,NFO,5.000000,80501,False
132071,VEDL27OCT26295PE,VEDL,27OCT2026,29500.000000,1150,OPTSTK,NFO,5.000000,80501,False
132111,VEDL27OCT26315CE,VEDL,27OCT2026,31500.000000,1150,OPTSTK,NFO,5.000000,80501,False
132229,VEDL23NOV26240PE,VEDL,23NOV2026,24000.000000,1150,OPTSTK,NFO,5.000000,80501,False
132237,VEDL23NOV26280PE,VEDL,23NOV2026,28000.000000,1150,OPTSTK,NFO,5.000000,80501,False
132238,VEDL23NOV26290CE,VEDL,23NOV2026,29000.000000,1150,OPTSTK,NFO,5.000000,80501,False
132274,VMM27OCT2692.5PE,VMM,27OCT2026,9250.000000,4850,OPTSTK,NFO,1.000000,194001,False
132283,VMM27OCT26102.5PE,VMM,27OCT2026,10250.000000,4850,OPTSTK,NFO,1.000000,194001,False
132298,NMDC29SEP2690PE,NMDC,29SEP2026,9000.000000,6750,OPTSTK,NFO,1.000000,270001,False
132305,VMM27OCT26122.5CE,VMM,27OCT2026,12250.000000,4850,OPTSTK,NFO,1.000000,194001,False
132342,NMDC29SEP26100CE,NMDC,29SEP2026,10000.000000,6750,OPTSTK,NFO,1.000000,270001,False
132359,VMM23NOV2695PE,VMM,23NOV2026,9500.000000,4850,OPTSTK,NFO,1.000000,194001,False
132360,VMM23NOV26100CE,VMM,23NOV2026,10000.000000,4850,OPTSTK,NFO,1.000000,194001,False
132418,VOLTAS27OCT261180PE,VOLTAS,27OCT2026,118000.000000,375,OPTSTK,NFO,5.000000,18751,False
132425,VOLTAS27OCT261340CE,VOLTAS,27OCT2026,134000.000000,375,OPTSTK,NFO,5.000000,18751,False
132457,VOLTAS23NOV261040CE,VOLTAS,23NOV2026,104000.000000,375,OPTSTK,NFO,5.000000,18751,False
132458,VOLTAS23NOV261040PE,VOLTAS,23NOV2026,104000.000000,375,OPTSTK,NFO,5.000000,18751,False
132474,VOLTAS23NOV261360PE,VOLTAS,23NOV2026,136000.000000,375,OPTSTK,NFO,5.000000,18751,False
132510,WAAREEENER27OCT262350PE,WAAREEENER,27OCT2026,235000.000000,175,OPTSTK,NFO,5.000000,8751,False
132515,WAAREEENER27OCT262650CE,WAAREEENER,27OCT2026,265000.000000,175,OPTSTK,NFO,5.000000,8751,False
132516,WAAREEENER27OCT262650PE,WAAREEENER,27OCT2026,265000.000000,175,OPTSTK,NFO,5.000000,8751,False
132522,WAAREEENER27OCT262950PE,WAAREEENER,27OCT2026,295000.000000,175,OPTSTK,NFO,5.000000,8751,False
132570,NTPC29SEP26280CE,NTPC,29SEP2026,28000.000000,1500,OPTSTK,NFO,5.000000,75001,False
132573,NTPC29SEP26290PE,NTPC,29SEP2026,29000.000000,1500,OPTSTK,NFO,5.000000,75001,False
132586,NTPC29SEP26360CE,NTPC,29SEP2026,36000.000000,1500,OPTSTK,NFO,5.000000,75001,False
132621,WAAREEENER23NOV262400CE,WAAREEENER,23NOV2026,240000.000000,175,OPTSTK,NFO,5.000000,8751,False
132634,WAAREEENER23NOV263000PE,WAAREEENER,23NOV2026,300000.000000,175,OPTSTK,NFO,5.000000,8751,False
132681,WIPRO27OCT26162.5CE,WIPRO,27OCT2026,16250.000000,3000,OPTSTK,NFO,1.000000,120001,False
132686,WIPRO27OCT26172.5PE,WIPRO,27OCT2026,17250.000000,3000,OPTSTK,NFO,1.000000,120001,False
132687,WIPRO27OCT26177.5CE,WIPRO,27OCT2026,17750.000000,3000,OPTSTK,NFO,1.000000,120001,False
132774,WIPRO23NOV26145PE,WIPRO,23NOV2026,14500.000000,3000,OPTSTK,NFO,1.000000,120001,False
132781,WIPRO23NOV26165CE,WIPRO,23NOV2026,16500.000000,3000,OPTSTK,NFO,1.000000,120001,False
132823,YESBANK27OCT2619CE,YESBANK,27OCT2026,1900.000000,31100,OPTSTK,NFO,1.000000,933001,False
132828,YESBANK27OCT2623PE,YESBANK,27OCT2026,2300.000000,31100,OPTSTK,NFO,1.000000,933001,False
132830,YESBANK27OCT2625PE,YESBANK,27OCT2026,2500.000000,31100,OPTSTK,NFO,1.000000,933001,False
132870,YESBANK23NOV2616CE,YESBANK,23NOV2026,1600.000000,31100,OPTSTK,NFO,1.000000,933001,False
132874,YESBANK23NOV2620CE,YESBANK,23NOV2026,2000.000000,31100,OPTSTK,NFO,1.000000,933001,False
132881,YESBANK23NOV2626PE,YESBANK,23NOV2026,2600.000000,31100,OPTSTK,NFO,1.000000,933001,False
132884,YESBANK23NOV2630CE,YESBANK,23NOV2026,3000.000000,31100,OPTSTK,NFO,1.000000,933001,False
132919,NYKAA29SEP26340PE,NYKAA,29SEP2026,34000.000000,3125,OPTSTK,NFO,5.000000,93751,False
132968,ZYDUSLIFE27OCT261030PE,ZYDUSLIFE,27OCT2026,103000.000000,900,OPTSTK,NFO,5.000000,27001,False
132974,ZYDUSLIFE27OCT261090PE,ZYDUSLIFE,27OCT2026,109000.000000,900,OPTSTK,NFO,5.000000,27001,False
132998,ZYDUSLIFE27OCT261190PE,ZYDUSLIFE,27OCT2026,119000.000000,900,OPTSTK,NFO,5.000000,27001,False
133002,ZYDUSLIFE27OCT261230PE,ZYDUSLIFE,27OCT2026,123000.000000,900,OPTSTK,NFO,5.000000,27001,False
133005,ZYDUSLIFE27OCT261270CE,ZYDUSLIFE,27OCT2026,127000.000000,900,OPTSTK,NFO,5.000000,27001,False
133118,ZYDUSLIFE23NOV261320CE,ZYDUSLIFE,23NOV2026,132000.000000,900,OPTSTK,NFO,5.000000,27001,False
133146,ZYDUSLIFE23NOV261360PE,ZYDUSLIFE,23NOV2026,136000.000000,900,OPTSTK,NFO,5.000000,27001,False
133212,OBEROIRLTY29SEP261600PE,OBEROIRLTY,29SEP2026,160000.000000,350,OPTSTK,NFO,5.000000,14001,False
133263,OBEROIRLTY29SEP261840CE,OBEROIRLTY,29SEP2026,184000.000000,350,OPTSTK,NFO,5.000000,14001,False
133276,OBEROIRLTY29SEP261880PE,OBEROIRLTY,29SEP2026,188000.000000,350,OPTSTK,NFO,5.000000,14001,False
133882,OFSS29SEP2610200CE,OFSS,29SEP2026,1020000.000000,100,OPTSTK,NFO,5.000000,2001,False
133894,OFSS29SEP2610400CE,OFSS,29SEP2026,1040000.000000,100,OPTSTK,NFO,5.000000,2001,False
133899,OFSS29SEP2610600PE,OFSS,29SEP2026,1060000.000000,100,OPTSTK,NFO,5.000000,2001,False
133922,OFSS29SEP2611400CE,OFSS,29SEP2026,1140000.000000,100,OPTSTK,NFO,5.000000,2001,False
133971,OFSS29SEP2611600PE,OFSS,29SEP2026,1160000.000000,100,OPTSTK,NFO,5.000000,2001,False
133979,OFSS29SEP2612200PE,OFSS,29SEP2026,1220000.000000,100,OPTSTK,NFO,5.000000,2001,False
133980,OFSS29SEP2612400CE,OFSS,29SEP2026,1240000.000000,100,OPTSTK,NFO,5.000000,2001,False
133990,OFSS29SEP2613000CE,OFSS,29SEP2026,1300000.000000,100,OPTSTK,NFO,5.000000,2001,False
133994,OFSS29SEP2613400CE,OFSS,29SEP2026,1340000.000000,100,OPTSTK,NFO,5.000000,2001,False
134275,OIL29SEP26460CE,OIL,29SEP2026,46000.000000,1400,OPTSTK,NFO,5.000000,56001,False
134371,OIL29SEP26510PE,OIL,29SEP2026,51000.000000,1400,OPTSTK,NFO,5.000000,56001,False
134892,ONGC29SEP26275PE,ONGC,29SEP2026,27500.000000,2250,OPTSTK,NFO,1.000000,90001,False
135061,PAGEIND29SEP2636000CE,PAGEIND,29SEP2026,3600000.000000,20,OPTSTK,NFO,5.000000,601,False
135074,PAGEIND29SEP2637000PE,PAGEIND,29SEP2026,3700000.000000,20,OPTSTK,NFO,5.000000,601,False
135618,PATANJALI29SEP26310PE,PATANJALI,29SEP2026,31000.000000,1075,OPTSTK,NFO,5.000000,64501,False
135669,PATANJALI29SEP26340CE,PATANJALI,29SEP2026,34000.000000,1075,OPTSTK,NFO,5.000000,64501,False
135682,PATANJALI29SEP26400PE,PATANJALI,29SEP2026,40000.000000,1075,OPTSTK,NFO,5.000000,64501,False
136056,PERSISTENT29SEP265200CE,PERSISTENT,29SEP2026,520000.000000,125,OPTSTK,NFO,5.000000,3751,False
136057,PERSISTENT29SEP265200PE,PERSISTENT,29SEP2026,520000.000000,125,OPTSTK,NFO,5.000000,3751,False
136116,PETRONET29SEP26260PE,PETRONET,29SEP2026,26000.000000,1900,OPTSTK,NFO,5.000000,76001,False
136500,PFC29SEP26320PE,PFC,29SEP2026,32000.000000,1300,OPTSTK,NFO,5.000000,52001,False
136526,PFC29SEP26350CE,PFC,29SEP2026,35000.000000,1300,OPTSTK,NFO,5.000000,52001,False
136527,PFC29SEP26350PE,PFC,29SEP2026,35000.000000,1300,OPTSTK,NFO,5.000000,52001,False
136773,PFC29SEP26420PE,PFC,29SEP2026,42000.000000,1300,OPTSTK,NFO,5.000000,52001,False
136777,PFC29SEP26440PE,PFC,29SEP2026,44000.000000,1300,OPTSTK,NFO,5.000000,52001,False
136780,PFC29SEP26460CE,PFC,29SEP2026,46000.000000,1300,OPTSTK,NFO,5.000000,52001,False
136785,PFC29SEP26480PE,PFC,29SEP2026,48000.000000,1300,OPTSTK,NFO,5.000000,52001,False
137180,PGEL29SEP26460PE,PGEL,29SEP2026,46000.000000,950,OPTSTK,NFO,5.000000,38001,False
137181,PGEL29SEP26480CE,PGEL,29SEP2026,48000.000000,950,OPTSTK,NFO,5.000000,38001,False
137207,PGEL29SEP26640CE,PGEL,29SEP2026,64000.000000,950,OPTSTK,NFO,5.000000,38001,False
137549,PHOENIXLTD29SEP261680PE,PHOENIXLTD,29SEP2026,168000.000000,350,OPTSTK,NFO,5.000000,14001,False
137616,PHOENIXLTD29SEP261880PE,PHOENIXLTD,29SEP2026,188000.000000,350,OPTSTK,NFO,5.000000,14001,False
137747,PIDILITIND29SEP261320PE,PIDILITIND,29SEP2026,132000.000000,500,OPTSTK,NFO,5.000000,15001,False
137748,PIDILITIND29SEP261360CE,PIDILITIND,29SEP2026,136000.000000,500,OPTSTK,NFO,5.000000,15001,False
137750,PIDILITIND29SEP261400CE,PIDILITIND,29SEP2026,140000.000000,500,OPTSTK,NFO,5.000000,15001,False
137787,PIDILITIND29SEP261520CE,PIDILITIND,29SEP2026,152000.000000,500,OPTSTK,NFO,5.000000,15001,False
137792,PIDILITIND29SEP261600PE,PIDILITIND,29SEP2026,160000.000000,500,OPTSTK,NFO,5.000000,15001,False
137799,PIDILITIND29SEP261760CE,PIDILITIND,29SEP2026,176000.000000,500,OPTSTK,NFO,5.000000,15001,False
137812,PIDILITIND29SEP261960PE,PIDILITIND,29SEP2026,196000.000000,500,OPTSTK,NFO,5.000000,15001,False
138373,PIIND29SEP262000CE,PIIND,29SEP2026,200000.000000,175,OPTSTK,NFO,5.000000,8751,False
138379,PIIND29SEP262300CE,PIIND,29SEP2026,230000.000000,175,OPTSTK,NFO,5.000000,8751,False
138386,PIIND29SEP262500CE,PIIND,29SEP2026,250000.000000,175,OPTSTK,NFO,5.000000,8751,False
138395,PIIND29SEP262900PE,PIIND,29SEP2026,290000.000000,175,OPTSTK,NFO,5.000000,8751,False
138399,PIIND29SEP263100PE,PIIND,29SEP2026,310000.000000,175,OPTSTK,NFO,5.000000,8751,False
138925,PNB29SEP26108PE,PNB,29SEP2026,10800.000000,8000,OPTSTK,NFO,1.000000,240001,False
138943,PNB29SEP26112CE,PNB,29SEP2026,11200.000000,8000,OPTSTK,NFO,1.000000,240001,False
139012,PNB29SEP26112PE,PNB,29SEP2026,11200.000000,8000,OPTSTK,NFO,1.000000,240001,False
139054,PNB29SEP26128CE,PNB,29SEP2026,12800.000000,8000,OPTSTK,NFO,1.000000,240001,False
139064,PNB29SEP26132CE,PNB,29SEP2026,13200.000000,8000,OPTSTK,NFO,1.000000,240001,False
139100,PNB29SEP26134CE,PNB,29SEP2026,13400.000000,8000,OPTSTK,NFO,1.000000,240001,False
139161,PNBHOUSING29SEP261000CE,PNBHOUSING,29SEP2026,100000.000000,650,OPTSTK,NFO,5.000000,19501,False
139616,POLICYBZR29SEP261640PE,POLICYBZR,29SEP2026,164000.000000,350,OPTSTK,NFO,5.000000,14001,False
139623,POLICYBZR29SEP261760CE,POLICYBZR,29SEP2026,176000.000000,350,OPTSTK,NFO,5.000000,14001,False
139634,POLICYBZR29SEP261920PE,POLICYBZR,29SEP2026,192000.000000,350,OPTSTK,NFO,5.000000,14001,False
139636,POLICYBZR29SEP261960PE,POLICYBZR,29SEP2026,196000.000000,350,OPTSTK,NFO,5.000000,14001,False
140277,POLYCAB29SEP266800PE,POLYCAB,29SEP2026,680000.000000,125,OPTSTK,NFO,5.000000,2501,False
140279,POLYCAB29SEP267000PE,POLYCAB,29SEP2026,700000.000000,125,OPTSTK,NFO,5.000000,2501,False
140287,POLYCAB29SEP267800PE,POLYCAB,29SEP2026,780000.000000,125,OPTSTK,NFO,5.000000,2501,False
140323,POLYCAB29SEP268800PE,POLYCAB,29SEP2026,880000.000000,125,OPTSTK,NFO,5.000000,2501,False
140811,POWERGRID29SEP26230CE,POWERGRID,29SEP2026,23000.000000,1900,OPTSTK,NFO,5.000000,76001,False
140824,POWERGRID29SEP26260PE,POWERGRID,29SEP2026,26000.000000,1900,OPTSTK,NFO,5.000000,76001,False
140832,POWERGRID29SEP26280PE,POWERGRID,29SEP2026,28000.000000,1900,OPTSTK,NFO,5.000000,76001,False
140840,POWERGRID29SEP26290CE,POWERGRID,29SEP2026,29000.000000,1900,OPTSTK,NFO,5.000000,76001,False
140891,POWERGRID29SEP26295PE,POWERGRID,29SEP2026,29500.000000,1900,OPTSTK,NFO,5.000000,76001,False
141711,POWERINDIA29SEP2638000PE,POWERINDIA,29SEP2026,3800000.000000,25,OPTSTK,NFO,5.000000,751,False
141714,POWERINDIA29SEP2640000CE,POWERINDIA,29SEP2026,4000000.000000,25,OPTSTK,NFO,5.000000,751,False
141716,POWERINDIA29SEP2641000CE,POWERINDIA,29SEP2026,4100000.000000,25,OPTSTK,NFO,5.000000,751,False
141954,PREMIERENE29SEP261120CE,PREMIERENE,29SEP2026,112000.000000,650,OPTSTK,NFO,5.000000,26001,False
141956,PREMIERENE29SEP261160CE,PREMIERENE,29SEP2026,116000.000000,650,OPTSTK,NFO,5.000000,26001,False
142203,PRESTIGE29SEP261360PE,PRESTIGE,29SEP2026,136000.000000,450,OPTSTK,NFO,5.000000,13501,False
142208,PRESTIGE29SEP261480CE,PRESTIGE,29SEP2026,148000.000000,450,OPTSTK,NFO,5.000000,13501,False
142213,PRESTIGE29SEP261560PE,PRESTIGE,29SEP2026,156000.000000,450,OPTSTK,NFO,5.000000,13501,False
142227,PRESTIGE29SEP261680PE,PRESTIGE,29SEP2026,168000.000000,450,OPTSTK,NFO,5.000000,13501,False
142230,PRESTIGE29SEP261760CE,PRESTIGE,29SEP2026,176000.000000,450,OPTSTK,NFO,5.000000,13501,False
142232,PRESTIGE29SEP261800CE,PRESTIGE,29SEP2026,180000.000000,450,OPTSTK,NFO,5.000000,13501,False
142570,RADICO29SEP264000CE,RADICO,29SEP2026,400000.000000,150,OPTSTK,NFO,5.000000,6001,False
142578,RADICO29SEP264400CE,RADICO,29SEP2026,440000.000000,150,OPTSTK,NFO,5.000000,6001,False
142678,RADICO29SEP265000PE,RADICO,29SEP2026,500000.000000,150,OPTSTK,NFO,5.000000,6001,False
143336,RBLBANK29SEP26320PE,RBLBANK,29SEP2026,32000.000000,3175,OPTSTK,NFO,5.000000,63501,False
143411,RBLBANK29SEP26410PE,RBLBANK,29SEP2026,41000.000000,3175,OPTSTK,NFO,5.000000,63501,False
143430,RBLBANK29SEP26450PE,RBLBANK,29SEP2026,45000.000000,3175,OPTSTK,NFO,5.000000,63501,False
143431,RBLBANK29SEP26460CE,RBLBANK,29SEP2026,46000.000000,3175,OPTSTK,NFO,5.000000,63501,False
143692,RECLTD29SEP26360PE,RECLTD,29SEP2026,36000.000000,1575,OPTSTK,NFO,5.000000,63001,False
143795,RECLTD29SEP26410PE,RECLTD,29SEP2026,41000.000000,1575,OPTSTK,NFO,5.000000,63001,False
144383,RELIANCE29SEP261160PE,RELIANCE,29SEP2026,116000.000000,500,OPTSTK,NFO,5.000000,20001,False
144386,RELIANCE29SEP261200CE,RELIANCE,29SEP2026,120000.000000,500,OPTSTK,NFO,5.000000,20001,False
144392,RELIANCE29SEP261260CE,RELIANCE,29SEP2026,126000.000000,500,OPTSTK,NFO,5.000000,20001,False
144394,RELIANCE29SEP261280CE,RELIANCE,29SEP2026,128000.000000,500,OPTSTK,NFO,5.000000,20001,False
144403,RELIANCE29SEP261360PE,RELIANCE,29SEP2026,136000.000000,500,OPTSTK,NFO,5.000000,20001,False
144404,RELIANCE29SEP261380CE,RELIANCE,29SEP2026,138000.000000,500,OPTSTK,NFO,5.000000,20001,False
144495,RELIANCE29SEP261500PE,RELIANCE,29SEP2026,150000.000000,500,OPTSTK,NFO,5.000000,20001,False
145470,SAIL29SEP26160PE,SAIL,29SEP2026,16000.000000,4700,OPTSTK,NFO,1.000000,141001,False
145478,SAIL29SEP26180PE,SAIL,29SEP2026,18000.000000,4700,OPTSTK,NFO,1.000000,141001,False
145524,SAIL29SEP26220PE,SAIL,29SEP2026,22000.000000,4700,OPTSTK,NFO,1.000000,141001,False
145613,SBICARD29SEP26520PE,SBICARD,29SEP2026,52000.000000,800,OPTSTK,NFO,5.000000,40001,False
145615,SBICARD29SEP26540PE,SBICARD,29SEP2026,54000.000000,800,OPTSTK,NFO,5.000000,40001,False
145617,SBICARD29SEP26560PE,SBICARD,29SEP2026,56000.000000,800,OPTSTK,NFO,5.000000,40001,False
145721,SBICARD29SEP26720PE,SBICARD,29SEP2026,72000.000000,800,OPTSTK,NFO,5.000000,40001,False
145727,SBICARD29SEP26780PE,SBICARD,29SEP2026,78000.000000,800,OPTSTK,NFO,5.000000,40001,False
146301,SBILIFE29SEP261720CE,SBILIFE,29SEP2026,172000.000000,375,OPTSTK,NFO,5.000000,15001,False
146312,SBILIFE29SEP261840CE,SBILIFE,29SEP2026,184000.000000,375,OPTSTK,NFO,5.000000,15001,False
146355,SBILIFE29SEP261920PE,SBILIFE,29SEP2026,192000.000000,375,OPTSTK,NFO,5.000000,15001,False
146432,SBILIFE29SEP262080PE,SBILIFE,29SEP2026,208000.000000,375,OPTSTK,NFO,5.000000,15001,False
146920,SBIN29SEP26880CE,SBIN,29SEP2026,88000.000000,750,OPTSTK,NFO,5.000000,22501,False
147172,SBIN29SEP261040PE,SBIN,29SEP2026,104000.000000,750,OPTSTK,NFO,5.000000,22501,False
147185,SBIN29SEP261060PE,SBIN,29SEP2026,106000.000000,750,OPTSTK,NFO,5.000000,22501,False
147197,SBIN29SEP261160PE,SBIN,29SEP2026,116000.000000,750,OPTSTK,NFO,5.000000,22501,False
147559,SHREECEM29SEP2627000CE,SHREECEM,29SEP2026,2700000.000000,25,OPTSTK,NFO,5.000000,1001,False
147580,SHREECEM29SEP2628000PE,SHREECEM,29SEP2026,2800000.000000,25,OPTSTK,NFO,5.000000,1001,False
148132,SHRIRAMFIN29SEP26880CE,SHRIRAMFIN,29SEP2026,88000.000000,825,OPTSTK,NFO,5.000000,24751,False
148137,SHRIRAMFIN29SEP26920PE,SHRIRAMFIN,29SEP2026,92000.000000,825,OPTSTK,NFO,5.000000,24751,False
148144,SHRIRAMFIN29SEP261000CE,SHRIRAMFIN,29SEP2026,100000.000000,825,OPTSTK,NFO,5.000000,24751,False
148150,SHRIRAMFIN29SEP261120CE,SHRIRAMFIN,29SEP2026,112000.000000,825,OPTSTK,NFO,5.000000,24751,False
148408,SIEMENS29SEP264200PE,SIEMENS,29SEP2026,420000.000000,175,OPTSTK,NFO,5.000000,7001,False
148929,SOLARINDS29SEP2620000PE,SOLARINDS,29SEP2026,2000000.000000,50,OPTSTK,NFO,5.000000,1501,False
149090,SOLARINDS29SEP2622000CE,SOLARINDS,29SEP2026,2200000.000000,50,OPTSTK,NFO,5.000000,1501,False
149277,SONACOMS29SEP26720PE,SONACOMS,29SEP2026,72000.000000,1225,OPTSTK,NFO,5.000000,36751,False
149281,SONACOMS29SEP26760PE,SONACOMS,29SEP2026,76000.000000,1225,OPTSTK,NFO,5.000000,36751,False
149887,SRF29SEP262100PE,SRF,29SEP2026,210000.000000,200,OPTSTK,NFO,5.000000,8001,False
149933,SRF29SEP262400CE,SRF,29SEP2026,240000.000000,200,OPTSTK,NFO,5.000000,8001,False
149939,SRF29SEP262700CE,SRF,29SEP2026,270000.000000,200,OPTSTK,NFO,5.000000,8001,False
150297,SUNPHARMA29SEP261600CE,SUNPHARMA,29SEP2026,160000.000000,350,OPTSTK,NFO,5.000000,14001,False
150492,SUNPHARMA29SEP261680PE,SUNPHARMA,29SEP2026,168000.000000,350,OPTSTK,NFO,5.000000,14001,False
150726,SUNPHARMA29SEP262160PE,SUNPHARMA,29SEP2026,216000.000000,350,OPTSTK,NFO,5.000000,14001,False
151011,SUPREMEIND29SEP263000PE,SUPREMEIND,29SEP2026,300000.000000,175,OPTSTK,NFO,5.000000,7001,False
151012,SUPREMEIND29SEP263100CE,SUPREMEIND,29SEP2026,310000.000000,175,OPTSTK,NFO,5.000000,7001,False
151026,SUPREMEIND29SEP263800CE,SUPREMEIND,29SEP2026,380000.000000,175,OPTSTK,NFO,5.000000,7001,False
151028,SUPREMEIND29SEP263900CE,SUPREMEIND,29SEP2026,390000.000000,175,OPTSTK,NFO,5.000000,7001,False
151239,SUZLON29SEP2642PE,SUZLON,29SEP2026,4200.000000,12700,OPTSTK,NFO,1.000000,381001,False
151256,SUZLON29SEP2660CE,SUZLON,29SEP2026,6000.000000,12700,OPTSTK,NFO,1.000000,381001,False
151260,SUZLON29SEP2664CE,SUZLON,29SEP2026,6400.000000,12700,OPTSTK,NFO,1.000000,381001,False
151503,SWIGGY29SEP26240PE,SWIGGY,29SEP2026,24000.000000,1825,OPTSTK,NFO,5.000000,73001,False
151555,SWIGGY29SEP26300PE,SWIGGY,29SEP2026,30000.000000,1825,OPTSTK,NFO,5.000000,73001,False
151568,SWIGGY29SEP26340CE,SWIGGY,29SEP2026,34000.000000,1825,OPTSTK,NFO,5.000000,73001,False
151938,TATACONSUM29SEP26840CE,TATACONSUM,29SEP2026,84000.000000,550,OPTSTK,NFO,5.000000,22001,False
151958,TATACONSUM29SEP261040CE,TATACONSUM,29SEP2026,104000.000000,550,OPTSTK,NFO,5.000000,22001,False
152015,TATACONSUM29SEP261140CE,TATACONSUM,29SEP2026,114000.000000,550,OPTSTK,NFO,5.000000,22001,False
152518,TATAELXSI29SEP262800PE,TATAELXSI,29SEP2026,280000.000000,125,OPTSTK,NFO,5.000000,6251,False
152671,TATAELXSI29SEP263800PE,TATAELXSI,29SEP2026,380000.000000,125,OPTSTK,NFO,5.000000,6251,False
153217,TATAPOWER29SEP26350PE,TATAPOWER,29SEP2026,35000.000000,1450,OPTSTK,NFO,5.000000,58001,False
153237,TATAPOWER29SEP26370PE,TATAPOWER,29SEP2026,37000.000000,1450,OPTSTK,NFO,5.000000,58001,False
153246,TATAPOWER29SEP26380CE,TATAPOWER,29SEP2026,38000.000000,1450,OPTSTK,NFO,5.000000,58001,False
153266,TATAPOWER29SEP26400CE,TATAPOWER,29SEP2026,40000.000000,1450,OPTSTK,NFO,5.000000,58001,False
153333,TATAPOWER29SEP26430CE,TATAPOWER,29SEP2026,43000.000000,1450,OPTSTK,NFO,5.000000,58001,False
153436,TATAPOWER29SEP26440CE,TATAPOWER,29SEP2026,44000.000000,1450,OPTSTK,NFO,5.000000,58001,False
153799,TATASTEEL29SEP26170PE,TATASTEEL,29SEP2026,17000.000000,2750,OPTSTK,NFO,1.000000,137501,False
153809,TATASTEEL29SEP26195PE,TATASTEEL,29SEP2026,19500.000000,2750,OPTSTK,NFO,1.000000,137501,False
153945,TCS29SEP261880PE,TCS,29SEP2026,188000.000000,225,OPTSTK,NFO,5.000000,9001,False
153976,TCS29SEP262520CE,TCS,29SEP2026,252000.000000,225,OPTSTK,NFO,5.000000,9001,False
153981,TCS29SEP262600PE,TCS,29SEP2026,260000.000000,225,OPTSTK,NFO,5.000000,9001,False
153982,TCS29SEP262640CE,TCS,29SEP2026,264000.000000,225,OPTSTK,NFO,5.000000,9001,False
153985,TCS29SEP262720PE,TCS,29SEP2026,272000.000000,225,OPTSTK,NFO,5.000000,9001,False
154256,TIINDIA29SEP262200CE,TIINDIA,29SEP2026,220000.000000,200,OPTSTK,NFO,5.000000,8001,False
154265,TIINDIA29SEP262600PE,TIINDIA,29SEP2026,260000.000000,200,OPTSTK,NFO,5.000000,8001,False
154270,TIINDIA29SEP262900CE,TIINDIA,29SEP2026,290000.000000,200,OPTSTK,NFO,5.000000,8001,False
154273,TIINDIA29SEP263000PE,TIINDIA,29SEP2026,300000.000000,200,OPTSTK,NFO,5.000000,8001,False
154274,TIINDIA29SEP263100CE,TIINDIA,29SEP2026,310000.000000,200,OPTSTK,NFO,5.000000,8001,False
154277,TIINDIA29SEP263200PE,TIINDIA,29SEP2026,320000.000000,200,OPTSTK,NFO,5.000000,8001,False
154279,TIINDIA29SEP263300PE,TIINDIA,29SEP2026,330000.000000,200,OPTSTK,NFO,5.000000,8001,False
154416,TITAN29SEP265300PE,TITAN,29SEP2026,530000.000000,175,OPTSTK,NFO,5.000000,5251,False
154605,TMPV29SEP26330PE,TMPV,29SEP2026,33000.000000,1600,OPTSTK,NFO,5.000000,64001,False
154609,TMPV29SEP26350PE,TMPV,29SEP2026,35000.000000,1600,OPTSTK,NFO,5.000000,64001,False
154620,TMPV29SEP26410CE,TMPV,29SEP2026,41000.000000,1600,OPTSTK,NFO,5.000000,64001,False
154740,TORNTPHARM29SEP264100CE,TORNTPHARM,29SEP2026,410000.000000,125,OPTSTK,NFO,5.000000,5001,False
154755,TORNTPHARM29SEP264800PE,TORNTPHARM,29SEP2026,480000.000000,125,OPTSTK,NFO,5.000000,5001,False
154760,TORNTPHARM29SEP265100CE,TORNTPHARM,29SEP2026,510000.000000,125,OPTSTK,NFO,5.000000,5001,False
154962,TRENT29SEP263000CE,TRENT,29SEP2026,300000.000000,225,OPTSTK,NFO,5.000000,9001,False
155219,TVSMOTOR29SEP264200PE,TVSMOTOR,29SEP2026,420000.000000,175,OPTSTK,NFO,5.000000,5251,False
155225,TVSMOTOR29SEP264600PE,TVSMOTOR,29SEP2026,460000.000000,175,OPTSTK,NFO,5.000000,5251,False
155226,TVSMOTOR29SEP264800CE,TVSMOTOR,29SEP2026,480000.000000,175,OPTSTK,NFO,5.000000,5251,False
155433,ULTRACEMCO29SEP2610760PE,ULTRACEMCO,29SEP2026,1076000.000000,50,OPTSTK,NFO,5.000000,2001,False
155440,ULTRACEMCO29SEP2611560CE,ULTRACEMCO,29SEP2026,1156000.000000,50,OPTSTK,NFO,5.000000,2001,False
155595,UNIONBANK29SEP26170PE,UNIONBANK,29SEP2026,17000.000000,4425,OPTSTK,NFO,1.000000,132751,False
155600,UNIONBANK29SEP26185CE,UNIONBANK,29SEP2026,18500.000000,4425,OPTSTK,NFO,1.000000,132751,False
155601,UNIONBANK29SEP26185PE,UNIONBANK,29SEP2026,18500.000000,4425,OPTSTK,NFO,1.000000,132751,False
155602,UNIONBANK29SEP26190CE,UNIONBANK,29SEP2026,19000.000000,4425,OPTSTK,NFO,1.000000,132751,False
155603,UNIONBANK29SEP26190PE,UNIONBANK,29SEP2026,19000.000000,4425,OPTSTK,NFO,1.000000,132751,False
155638,UNITDSPR29SEP261240CE,UNITDSPR,29SEP2026,124000.000000,400,OPTSTK,NFO,5.000000,16001,False
155642,UNITDSPR29SEP261320CE,UNITDSPR,29SEP2026,132000.000000,400,OPTSTK,NFO,5.000000,16001,False
155651,UNITDSPR29SEP261480PE,UNITDSPR,29SEP2026,148000.000000,400,OPTSTK,NFO,5.000000,16001,False
155655,UNITDSPR29SEP261560PE,UNITDSPR,29SEP2026,156000.000000,400,OPTSTK,NFO,5.000000,16001,False
155761,UNOMINDA29SEP261320PE,UNOMINDA,29SEP2026,132000.000000,550,OPTSTK,NFO,5.000000,22001,False
155765,UNOMINDA29SEP261400PE,UNOMINDA,29SEP2026,140000.000000,550,OPTSTK,NFO,5.000000,22001,False
155794,UPL29SEP26460CE,UPL,29SEP2026,46000.000000,1355,OPTSTK,NFO,5.000000,40651,False
155797,UPL29SEP26480PE,UPL,29SEP2026,48000.000000,1355,OPTSTK,NFO,5.000000,40651,False
155799,UPL29SEP26500PE,UPL,29SEP2026,50000.000000,1355,OPTSTK,NFO,5.000000,40651,False
155801,UPL29SEP26520PE,UPL,29SEP2026,52000.000000,1355,OPTSTK,NFO,5.000000,40651,False
155812,UPL29SEP26640CE,UPL,29SEP2026,64000.000000,1355,OPTSTK,NFO,5.000000,40651,False
155817,UPL29SEP26680PE,UPL,29SEP2026,68000.000000,1355,OPTSTK,NFO,5.000000,40651,False
155820,UPL29SEP26720CE,UPL,29SEP2026,72000.000000,1355,OPTSTK,NFO,5.000000,40651,False
155848,VBL29SEP26320CE,VBL,29SEP2026,32000.000000,1275,OPTSTK,NFO,5.000000,51001,False
155853,VBL29SEP26360PE,VBL,29SEP2026,36000.000000,1275,OPTSTK,NFO,5.000000,51001,False
155860,VBL29SEP26440CE,VBL,29SEP2026,44000.000000,1275,OPTSTK,NFO,5.000000,51001,False
156059,VEDL29SEP26260PE,VEDL,29SEP2026,26000.000000,1150,OPTSTK,NFO,5.000000,80501,False
156258,VMM29SEP26100CE,VMM,29SEP2026,10000.000000,4850,OPTSTK,NFO,1.000000,194001,False
156356,VOLTAS29SEP261040CE,VOLTAS,29SEP2026,104000.000000,375,OPTSTK,NFO,5.000000,18751,False
156358,VOLTAS29SEP261080CE,VOLTAS,29SEP2026,108000.000000,375,OPTSTK,NFO,5.000000,18751,False
156364,VOLTAS29SEP261200CE,VOLTAS,29SEP2026,120000.000000,375,OPTSTK,NFO,5.000000,18751,False
156478,WAAREEENER29SEP262800CE,WAAREEENER,29SEP2026,280000.000000,175,OPTSTK,NFO,5.000000,8751,False
156483,WAAREEENER29SEP263000PE,WAAREEENER,29SEP2026,300000.000000,175,OPTSTK,NFO,5.000000,8751,False
156484,WAAREEENER29SEP263100CE,WAAREEENER,29SEP2026,310000.000000,175,OPTSTK,NFO,5.000000,8751,False
156582,WIPRO29SEP26160CE,WIPRO,29SEP2026,16000.000000,3000,OPTSTK,NFO,1.000000,120001,False
156593,WIPRO29SEP26185PE,WIPRO,29SEP2026,18500.000000,3000,OPTSTK,NFO,1.000000,120001,False
156596,WIPRO29SEP26195CE,WIPRO,29SEP2026,19500.000000,3000,OPTSTK,NFO,1.000000,120001,False
156600,WIPRO29SEP26205CE,WIPRO,29SEP2026,20500.000000,3000,OPTSTK,NFO,1.000000,120001,False
156815,ZYDUSLIFE29SEP26960PE,ZYDUSLIFE,29SEP2026,96000.000000,900,OPTSTK,NFO,5.000000,27001,False
156824,ZYDUSLIFE29SEP261060CE,ZYDUSLIFE,29SEP2026,106000.000000,900,OPTSTK,NFO,5.000000,27001,False
156829,ZYDUSLIFE29SEP261100PE,ZYDUSLIFE,29SEP2026,110000.000000,900,OPTSTK,NFO,5.000000,27001,False
35229,ATHERENERG29SEP261900PE,ATHERENERG,29SEP2026,190000.000000,375,OPTSTK,NFO,5.000000,15001,False
35245,ATHERENERG27OCT261900PE,ATHERENERG,27OCT2026,190000.000000,375,OPTSTK,NFO,5.000000,15001,False
35817,BOSCHLTD29SEP2653500PE,BOSCHLTD,29SEP2026,5350000.000000,25,OPTSTK,NFO,5.000000,501,False
36070,JUBLFOOD29SEP26575PE,JUBLFOOD,29SEP2026,57500.000000,1250,OPTSTK,NFO,5.000000,50001,False
36142,KAYNES29SEP264350CE,KAYNES,29SEP2026,435000.000000,150,OPTSTK,NFO,5.000000,6001,False
36187,KAYNES27OCT264300PE,KAYNES,27OCT2026,430000.000000,150,OPTSTK,NFO,5.000000,6001,False
36499,PAYTM27OCT261840PE,PAYTM,27OCT2026,184000.000000,725,OPTSTK,NFO,5.000000,14501,False
36660,GODREJPROP29SEP261580CE,GODREJPROP,29SEP2026,158000.000000,325,OPTSTK,NFO,5.000000,13001,False
36797,COFORGE29SEP262160PE,COFORGE,29SEP2026,216000.000000,475,OPTSTK,NFO,5.000000,14251,False
37042,LODHA29SEP26980CE,LODHA,29SEP2026,98000.000000,625,OPTSTK,NFO,5.000000,18751,False
38036,ULTRACEMCO29SEP269900PE,ULTRACEMCO,29SEP2026,990000.000000,50,OPTSTK,NFO,5.000000,2001,False
38070,ULTRACEMCO29SEP2610600PE,ULTRACEMCO,29SEP2026,1060000.000000,50,OPTSTK,NFO,5.000000,2001,False
38071,ULTRACEMCO29SEP2610700CE,ULTRACEMCO,29SEP2026,1070000.000000,50,OPTSTK,NFO,5.000000,2001,False
38092,ULTRACEMCO29SEP2611200PE,ULTRACEMCO,29SEP2026,1120000.000000,50,OPTSTK,NFO,5.000000,2001,False
38097,ULTRACEMCO29SEP2611300CE,ULTRACEMCO,29SEP2026,1130000.000000,50,OPTSTK,NFO,5.000000,2001,False
38134,ULTRACEMCO29SEP2612400PE,ULTRACEMCO,29SEP2026,1240000.000000,50,OPTSTK,NFO,5.000000,2001,False
38149,ULTRACEMCO29SEP2612900PE,ULTRACEMCO,29SEP2026,1290000.000000,50,OPTSTK,NFO,5.000000,2001,False
38295,ULTRACEMCO27OCT269200CE,ULTRACEMCO,27OCT2026,920000.000000,50,OPTSTK,NFO,5.000000,2001,False
38311,ULTRACEMCO27OCT2610400PE,ULTRACEMCO,27OCT2026,1040000.000000,50,OPTSTK,NFO,5.000000,2001,False
38346,ULTRACEMCO27OCT2613000CE,ULTRACEMCO,27OCT2026,1300000.000000,50,OPTSTK,NFO,5.000000,2001,False
38661,HCLTECH29SEP261500CE,HCLTECH,29SEP2026,150000.000000,400,OPTSTK,NFO,5.000000,20001,False
38810,LODHA29SEP261400CE,LODHA,29SEP2026,140000.000000,625,OPTSTK,NFO,5.000000,18751,False
39248,SUZLON29SEP2638PE,SUZLON,29SEP2026,3800.000000,12700,OPTSTK,NFO,1.000000,381001,False
39580,TECHM29SEP261560CE,TECHM,29SEP2026,156000.000000,600,OPTSTK,NFO,5.000000,18001,False
39585,TECHM29SEP261640PE,TECHM,29SEP2026,164000.000000,600,OPTSTK,NFO,5.000000,18001,False
40653,NIFTY06OCT2621650PE,NIFTY,06OCT2026,2165000.000000,65,OPTIDX,NFO,5.000000,1801,False
40656,NIFTY06OCT2621700PE,NIFTY,06OCT2026,2170000.000000,65,OPTIDX,NFO,5.000000,1801,False
40660,NIFTY06OCT2621800PE,NIFTY,06OCT2026,2180000.000000,65,OPTIDX,NFO,5.000000,1801,False
40667,NIFTY06OCT2622000CE,NIFTY,06OCT2026,2200000.000000,65,OPTIDX,NFO,5.000000,1801,False
40675,NIFTY06OCT2622200CE,NIFTY,06OCT2026,2220000.000000,65,OPTIDX,NFO,5.000000,1801,False
40709,NIFTY06OCT2622650PE,NIFTY,06OCT2026,2265000.000000,65,OPTIDX,NFO,5.000000,1801,False
40718,COFORGE29SEP262180CE,COFORGE,29SEP2026,218000.000000,475,OPTSTK,NFO,5.000000,14251,False
40722,NIFTY06OCT2622900PE,NIFTY,06OCT2026,2290000.000000,65,OPTIDX,NFO,5.000000,1801,False
40755,NIFTY06OCT2623400CE,NIFTY,06OCT2026,2340000.000000,65,OPTIDX,NFO,5.000000,1801,False
40766,NIFTY06OCT2623600PE,NIFTY,06OCT2026,2360000.000000,65,OPTIDX,NFO,5.000000,1801,False
40767,NIFTY06OCT2623650CE,NIFTY,06OCT2026,2365000.000000,65,OPTIDX,NFO,5.000000,1801,False
40792,NIFTY06OCT2623950PE,NIFTY,06OCT2026,2395000.000000,65,OPTIDX,NFO,5.000000,1801,False
40824,NIFTY06OCT2624450PE,NIFTY,06OCT2026,2445000.000000,65,OPTIDX,NFO,5.000000,1801,False
40834,NIFTY06OCT2624600PE,NIFTY,06OCT2026,2460000.000000,65,OPTIDX,NFO,5.000000,1801,False
40850,DIVISLAB27OCT2610200CE,DIVISLAB,27OCT2026,1020000.000000,100,OPTSTK,NFO,5.000000,3001,False
40867,NIFTY06OCT2625050CE,NIFTY,06OCT2026,2505000.000000,65,OPTIDX,NFO,5.000000,1801,False
40869,NIFTY06OCT2625100CE,NIFTY,06OCT2026,2510000.000000,65,OPTIDX,NFO,5.000000,1801,False
40870,NIFTY06OCT2625100PE,NIFTY,06OCT2026,2510000.000000,65,OPTIDX,NFO,5.000000,1801,False
40885,NIFTY06OCT2625500CE,NIFTY,06OCT2026,2550000.000000,65,OPTIDX,NFO,5.000000,1801,False
40894,NIFTY06OCT2625700CE,NIFTY,06OCT2026,2570000.000000,65,OPTIDX,NFO,5.000000,1801,False
40939,GODREJCP27OCT26700CE,GODREJCP,27OCT2026,70000.000000,500,OPTSTK,NFO,5.000000,25001,False
41892,PFC29SEP26290PE,PFC,29SEP2026,29000.000000,1300,OPTSTK,NFO,5.000000,52001,False
41974,PAYTM29SEP261780CE,PAYTM,29SEP2026,178000.000000,725,OPTSTK,NFO,5.000000,14501,False
41985,SONACOMS29SEP26860CE,SONACOMS,29SEP2026,86000.000000,1225,OPTSTK,NFO,5.000000,36751,False
42878,MARUTI29SEP2610600CE,MARUTI,29SEP2026,1060000.000000,50,OPTSTK,NFO,5.000000,2001,False
43130,MPHASIS29SEP262000CE,MPHASIS,29SEP2026,200000.000000,275,OPTSTK,NFO,5.000000,11001,False
43134,MPHASIS29SEP262200CE,MPHASIS,29SEP2026,220000.000000,275,OPTSTK,NFO,5.000000,11001,False
43140,MPHASIS29SEP262500CE,MPHASIS,29SEP2026,250000.000000,275,OPTSTK,NFO,5.000000,11001,False
43457,MANAPPURAM27OCT26270PE,MANAPPURAM,27OCT2026,27000.000000,3000,OPTSTK,NFO,5.000000,60001,False
43676,KALYANKJIL29SEP26530PE,KALYANKJIL,29SEP2026,53000.000000,1350,OPTSTK,NFO,5.000000,40501,False
43677,KALYANKJIL29SEP26550CE,KALYANKJIL,29SEP2026,55000.000000,1350,OPTSTK,NFO,5.000000,40501,False
44475,BAJAJ-AUTO29SEP2613400CE,BAJAJ-AUTO,29SEP2026,1340000.000000,75,OPTSTK,NFO,5.000000,2251,False
44557,NIFTY13OCT2621650PE,NIFTY,13OCT2026,2165000.000000,65,OPTIDX,NFO,5.000000,1801,False
44571,NIFTY13OCT2621950PE,NIFTY,13OCT2026,2195000.000000,65,OPTIDX,NFO,5.000000,1801,False
44595,NIFTY13OCT2622200PE,NIFTY,13OCT2026,2220000.000000,65,OPTIDX,NFO,5.000000,1801,False
44598,NIFTY13OCT2622300CE,NIFTY,13OCT2026,2230000.000000,65,OPTIDX,NFO,5.000000,1801,False
44617,NIFTY13OCT2622600PE,NIFTY,13OCT2026,2260000.000000,65,OPTIDX,NFO,5.000000,1801,False
44624,NIFTY13OCT2622800CE,NIFTY,13OCT2026,2280000.000000,65,OPTIDX,NFO,5.000000,1801,False
44627,NIFTY13OCT2622850PE,NIFTY,13OCT2026,2285000.000000,65,OPTIDX,NFO,5.000000,1801,False
44629,NIFTY13OCT2622900PE,NIFTY,13OCT2026,2290000.000000,65,OPTIDX,NFO,5.000000,1801,False
44633,NIFTY13OCT2623000PE,NIFTY,13OCT2026,2300000.000000,65,OPTIDX,NFO,5.000000,1801,False
44650,NIFTY13OCT2623200CE,NIFTY,13OCT2026,2320000.000000,65,OPTIDX,NFO,5.000000,1801,False
44670,NIFTY13OCT2623550CE,NIFTY,13OCT2026,2355000.000000,65,OPTIDX,NFO,5.000000,1801,False
44684,NIFTY13OCT2623700CE,NIFTY,13OCT2026,2370000.000000,65,OPTIDX,NFO,5.000000,1801,False
44692,NIFTY13OCT2623750CE,NIFTY,13OCT2026,2375000.000000,65,OPTIDX,NFO,5.000000,1801,False
44694,NIFTY13OCT2623800CE,NIFTY,13OCT2026,2380000.000000,65,OPTIDX,NFO,5.000000,1801,False
44720,NIFTY13OCT2624100CE,NIFTY,13OCT2026,2410000.000000,65,OPTIDX,NFO,5.000000,1801,False
44728,NIFTY13OCT2624200CE,NIFTY,13OCT2026,2420000.000000,65,OPTIDX,NFO,5.000000,1801,False
44764,NIFTY13OCT2624750CE,NIFTY,13OCT2026,2475000.000000,65,OPTIDX,NFO,5.000000,1801,False
44765,NIFTY13OCT2624750PE,NIFTY,13OCT2026,2475000.000000,65,OPTIDX,NFO,5.000000,1801,False
45454,DABUR29SEP26310CE,DABUR,29SEP2026,31000.000000,1250,OPTSTK,NFO,5.000000,50001,False
45707,KALYANKJIL29SEP26670PE,KALYANKJIL,29SEP2026,67000.000000,1350,OPTSTK,NFO,5.000000,40501,False
46015,INDUSTOWER29SEP26335PE,INDUSTOWER,29SEP2026,33500.000000,1700,OPTSTK,NFO,5.000000,68001,False
46044,ICICIGI29SEP261160CE,ICICIGI,29SEP2026,116000.000000,325,OPTSTK,NFO,5.000000,13001,False
46051,INDUSTOWER29SEP26365CE,INDUSTOWER,29SEP2026,36500.000000,1700,OPTSTK,NFO,5.000000,68001,False
46052,INDUSTOWER29SEP26365PE,INDUSTOWER,29SEP2026,36500.000000,1700,OPTSTK,NFO,5.000000,68001,False
46060,INDUSTOWER29SEP26385PE,INDUSTOWER,29SEP2026,38500.000000,1700,OPTSTK,NFO,5.000000,68001,False
46074,INDUSTOWER29SEP26420PE,INDUSTOWER,29SEP2026,42000.000000,1700,OPTSTK,NFO,5.000000,68001,False
46085,INDUSTOWER29SEP26435PE,INDUSTOWER,29SEP2026,43500.000000,1700,OPTSTK,NFO,5.000000,68001,False
46086,INDUSTOWER29SEP26440CE,INDUSTOWER,29SEP2026,44000.000000,1700,OPTSTK,NFO,5.000000,68001,False
46208,INDUSTOWER27OCT26390CE,INDUSTOWER,27OCT2026,39000.000000,1700,OPTSTK,NFO,5.000000,68001,False
46226,INDUSTOWER27OCT26440CE,INDUSTOWER,27OCT2026,44000.000000,1700,OPTSTK,NFO,5.000000,68001,False
46463,PAYTM29SEP261900PE,PAYTM,29SEP2026,190000.000000,725,OPTSTK,NFO,5.000000,14501,False
46491,PAYTM27OCT262080PE,PAYTM,27OCT2026,208000.000000,725,OPTSTK,NFO,5.000000,14501,False
47116,NIFTY15SEP2621650PE,NIFTY,15SEP2026,2165000.000000,65,OPTIDX,NFO,5.000000,1801,False
47197,NIFTY27JUN2833000PE,NIFTY,27JUN2028,3300000.000000,65,OPTIDX,NFO,5.000000,1801,False
47199,NIFTY26DEC2833000PE,NIFTY,26DEC2028,3300000.000000,65,OPTIDX,NFO,5.000000,1801,False
47211,NIFTY15SEP2621950PE,NIFTY,15SEP2026,2195000.000000,65,OPTIDX,NFO,5.000000,1801,False
47258,NIFTY15SEP2622500PE,NIFTY,15SEP2026,2250000.000000,65,OPTIDX,NFO,5.000000,1801,False
47260,NIFTY15SEP2622550PE,NIFTY,15SEP2026,2255000.000000,65,OPTIDX,NFO,5.000000,1801,False
47264,NIFTY15SEP2622650PE,NIFTY,15SEP2026,2265000.000000,65,OPTIDX,NFO,5.000000,1801,False
47290,NIFTY15SEP2623300PE,NIFTY,15SEP2026,2330000.000000,65,OPTIDX,NFO,5.000000,1801,False
47294,NIFTY15SEP2623400PE,NIFTY,15SEP2026,2340000.000000,65,OPTIDX,NFO,5.000000,1801,False
47297,NIFTY15SEP2623500CE,NIFTY,15SEP2026,2350000.000000,65,OPTIDX,NFO,5.000000,1801,False
47300,NIFTY15SEP2623550PE,NIFTY,15SEP2026,2355000.000000,65,OPTIDX,NFO,5.000000,1801,False
47322,NIFTY15SEP2624050PE,NIFTY,15SEP2026,2405000.000000,65,OPTIDX,NFO,5.000000,1801,False
47323,NIFTY15SEP2624100CE,NIFTY,15SEP2026,2410000.000000,65,OPTIDX,NFO,5.000000,1801,False
47329,NIFTY15SEP2624250CE,NIFTY,15SEP2026,2425000.000000,65,OPTIDX,NFO,5.000000,1801,False
47335,NIFTY15SEP2624400CE,NIFTY,15SEP2026,2440000.000000,65,OPTIDX,NFO,5.000000,1801,False
47345,NIFTY15SEP2624600CE,NIFTY,15SEP2026,2460000.000000,65,OPTIDX,NFO,5.000000,1801,False
47349,NIFTY15SEP2624700CE,NIFTY,15SEP2026,2470000.000000,65,OPTIDX,NFO,5.000000,1801,False
47353,NIFTY15SEP2624800CE,NIFTY,15SEP2026,2480000.000000,65,OPTIDX,NFO,5.000000,1801,False
47371,NIFTY15SEP2625200CE,NIFTY,15SEP2026,2520000.000000,65,OPTIDX,NFO,5.000000,1801,False
47387,NIFTY15SEP2625450CE,NIFTY,15SEP2026,2545000.000000,65,OPTIDX,NFO,5.000000,1801,False
47388,NIFTY15SEP2625450PE,NIFTY,15SEP2026,2545000.000000,65,OPTIDX,NFO,5.000000,1801,False
47393,NIFTY15SEP2625550CE,NIFTY,15SEP2026,2555000.000000,65,OPTIDX,NFO,5.000000,1801,False
47424,NIFTY15SEP2625950PE,NIFTY,15SEP2026,2595000.000000,65,OPTIDX,NFO,5.000000,1801,False
47438,NIFTY15SEP2626100PE,NIFTY,15SEP2026,2610000.000000,65,OPTIDX,NFO,5.000000,1801,False
48335,NIFTYFPI29SEP261420PE,NIFTYFPI,29SEP2026,142000.000000,1100,OPTIDX,NFO,5.000000,8501,False
48338,NIFTYFPI29SEP261430CE,NIFTYFPI,29SEP2026,143000.000000,1100,OPTIDX,NFO,5.000000,8501,False
48339,NIFTYFPI29SEP261430PE,NIFTYFPI,29SEP2026,143000.000000,1100,OPTIDX,NFO,5.000000,8501,False
48348,NIFTYFPI29SEP261450CE,NIFTYFPI,29SEP2026,145000.000000,1100,OPTIDX,NFO,5.000000,8501,False
48362,NIFTYFPI29SEP261470CE,NIFTYFPI,29SEP2026,147000.000000,1100,OPTIDX,NFO,5.000000,8501,False
48390,NIFTYFPI29SEP261520CE,NIFTYFPI,29SEP2026,152000.000000,1100,OPTIDX,NFO,5.000000,8501,False
48399,NIFTYFPI29SEP261535PE,NIFTYFPI,29SEP2026,153500.000000,1100,OPTIDX,NFO,5.000000,8501,False
48417,NIFTYFPI29SEP261540PE,NIFTYFPI,29SEP2026,154000.000000,1100,OPTIDX,NFO,5.000000,8501,False
48441,NIFTYFPI29SEP261580PE,NIFTYFPI,29SEP2026,158000.000000,1100,OPTIDX,NFO,5.000000,8501,False
48451,NIFTYFPI29SEP261595PE,NIFTYFPI,29SEP2026,159500.000000,1100,OPTIDX,NFO,5.000000,8501,False
48455,NIFTYFPI29SEP261600PE,NIFTYFPI,29SEP2026,160000.000000,1100,OPTIDX,NFO,5.000000,8501,False
48462,NIFTYFPI29SEP261610PE,NIFTYFPI,29SEP2026,161000.000000,1100,OPTIDX,NFO,5.000000,8501,False
48466,NIFTYFPI29SEP261620CE,NIFTYFPI,29SEP2026,162000.000000,1100,OPTIDX,NFO,5.000000,8501,False
48488,NIFTYFPI29SEP261650CE,NIFTYFPI,29SEP2026,165000.000000,1100,OPTIDX,NFO,5.000000,8501,False
48499,NIFTYFPI29SEP261665PE,NIFTYFPI,29SEP2026,166500.000000,1100,OPTIDX,NFO,5.000000,8501,False
48508,NIFTYFPI29SEP261680CE,NIFTYFPI,29SEP2026,168000.000000,1100,OPTIDX,NFO,5.000000,8501,False
48530,NIFTYFPI29SEP261720CE,NIFTYFPI,29SEP2026,172000.000000,1100,OPTIDX,NFO,5.000000,8501,False
48587,NIFTYFPI29SEP261800PE,NIFTYFPI,29SEP2026,180000.000000,1100,OPTIDX,NFO,5.000000,8501,False
48667,LAURUSLABS29SEP262040CE,LAURUSLABS,29SEP2026,204000.000000,850,OPTSTK,NFO,5.000000,17001,False
48668,LAURUSLABS29SEP262040PE,LAURUSLABS,29SEP2026,204000.000000,850,OPTSTK,NFO,5.000000,17001,False
48706,360ONE27OCT26FUT,360ONE,27OCT2026,-1.000000,500,FUTSTK,NFO,10.000000,20001,False
48710,ADANIENSOL27OCT26FUT,ADANIENSOL,27OCT2026,-1.000000,675,FUTSTK,NFO,10.000000,13501,False
48732,ASIANPAINT27OCT26FUT,ASIANPAINT,27OCT2026,-1.000000,250,FUTSTK,NFO,10.000000,10001,False
48737,BAJAJ-AUTO27OCT26FUT,BAJAJ-AUTO,27OCT2026,-1.000000,75,FUTSTK,NFO,100.000000,2251,False
48739,BAJAJHLDNG27OCT26FUT,BAJAJHLDNG,27OCT2026,-1.000000,75,FUTSTK,NFO,100.000000,2251,False
48828,NIFTYFPI27OCT261300PE,NIFTYFPI,27OCT2026,130000.000000,1100,OPTIDX,NFO,5.000000,8501,False
48835,DRREDDY27OCT26FUT,DRREDDY,27OCT2026,-1.000000,625,FUTSTK,NFO,10.000000,18751,False
48845,FORTIS27OCT26FUT,FORTIS,27OCT2026,-1.000000,775,FUTSTK,NFO,5.000000,23251,False
48848,GLENMARK27OCT26FUT,GLENMARK,27OCT2026,-1.000000,375,FUTSTK,NFO,10.000000,11251,False
48884,INDUSTOWER27OCT26FUT,INDUSTOWER,27OCT2026,-1.000000,1700,FUTSTK,NFO,5.000000,68001,False
48895,IRFC27OCT26FUT,IRFC,27OCT2026,-1.000000,5425,FUTSTK,NFO,1.000000,271251,False
48905,KFINTECH27OCT26FUT,KFINTECH,27OCT2026,-1.000000,575,FUTSTK,NFO,5.000000,23001,False
48939,MOTHERSON27OCT26FUT,MOTHERSON,27OCT2026,-1.000000,6150,FUTSTK,NFO,1.000000,184501,False
48950,NHPC27OCT26FUT,NHPC,27OCT2026,-1.000000,6950,FUTSTK,NFO,1.000000,278001,False
48955,NYKAA27OCT26FUT,NYKAA,27OCT2026,-1.000000,3125,FUTSTK,NFO,5.000000,93751,False
48993,SBILIFE27OCT26FUT,SBILIFE,27OCT2026,-1.000000,375,FUTSTK,NFO,10.000000,15001,False
49009,TATACONSUM27OCT26FUT,TATACONSUM,27OCT2026,-1.000000,550,FUTSTK,NFO,10.000000,22001,False
49023,ULTRACEMCO27OCT26FUT,ULTRACEMCO,27OCT2026,-1.000000,50,FUTSTK,NFO,100.000000,2001,False
49030,VMM27OCT26FUT,VMM,27OCT2026,-1.000000,4850,FUTSTK,NFO,1.000000,194001,False
49066,NIFTYFPI27OCT261420CE,NIFTYFPI,27OCT2026,142000.000000,1100,OPTIDX,NFO,5.000000,8501,False
49101,NIFTYFPI27OCT261440PE,NIFTYFPI,27OCT2026,144000.000000,1100,OPTIDX,NFO,5.000000,8501,False
49156,NIFTYFPI27OCT261470CE,NIFTYFPI,27OCT2026,147000.000000,1100,OPTIDX,NFO,5.000000,8501,False
49202,NIFTYFPI27OCT261475CE,NIFTYFPI,27OCT2026,147500.000000,1100,OPTIDX,NFO,5.000000,8501,False
49232,NIFTYFPI27OCT261495CE,NIFTYFPI,27OCT2026,149500.000000,1100,OPTIDX,NFO,5.000000,8501,False
49286,BANKNIFTY27OCT2649000PE,BANKNIFTY,27OCT2026,4900000.000000,30,OPTIDX,NFO,5.000000,601,False
49361,NIFTYFPI27OCT261535CE,NIFTYFPI,27OCT2026,153500.000000,1100,OPTIDX,NFO,5.000000,8501,False
49367,BANKNIFTY27OCT2652000CE,BANKNIFTY,27OCT2026,5200000.000000,30,OPTIDX,NFO,5.000000,601,False
49369,BANKNIFTY27OCT2652100CE,BANKNIFTY,27OCT2026,5210000.000000,30,OPTIDX,NFO,5.000000,601,False
49380,BANKNIFTY27OCT2652600PE,BANKNIFTY,27OCT2026,5260000.000000,30,OPTIDX,NFO,5.000000,601,False
49392,BANKNIFTY27OCT2653200PE,BANKNIFTY,27OCT2026,5320000.000000,30,OPTIDX,NFO,5.000000,601,False
49401,BANKNIFTY27OCT2653400CE,BANKNIFTY,27OCT2026,5340000.000000,30,OPTIDX,NFO,5.000000,601,False
49402,BANKNIFTY27OCT2653400PE,BANKNIFTY,27OCT2026,5340000.000000,30,OPTIDX,NFO,5.000000,601,False
49423,BANKNIFTY27OCT2654400CE,BANKNIFTY,27OCT2026,5440000.000000,30,OPTIDX,NFO,5.000000,601,False
49435,BANKNIFTY27OCT2654900CE,BANKNIFTY,27OCT2026,5490000.000000,30,OPTIDX,NFO,5.000000,601,False
49438,NIFTYFPI27OCT261560PE,NIFTYFPI,27OCT2026,156000.000000,1100,OPTIDX,NFO,5.000000,8501,False
49446,BANKNIFTY27OCT2655200CE,BANKNIFTY,27OCT2026,5520000.000000,30,OPTIDX,NFO,5.000000,601,False
49450,BANKNIFTY27OCT2655300PE,BANKNIFTY,27OCT2026,5530000.000000,30,OPTIDX,NFO,5.000000,601,False
49462,BANKNIFTY27OCT2655700PE,BANKNIFTY,27OCT2026,5570000.000000,30,OPTIDX,NFO,5.000000,601,False
49468,BANKNIFTY27OCT2656000PE,BANKNIFTY,27OCT2026,5600000.000000,30,OPTIDX,NFO,5.000000,601,False
49473,BANKNIFTY27OCT2656300CE,BANKNIFTY,27OCT2026,5630000.000000,30,OPTIDX,NFO,5.000000,601,False
49476,BANKNIFTY27OCT2656300PE,BANKNIFTY,27OCT2026,5630000.000000,30,OPTIDX,NFO,5.000000,601,False
49489,NIFTYFPI27OCT261590CE,NIFTYFPI,27OCT2026,159000.000000,1100,OPTIDX,NFO,5.000000,8501,False
49491,BANKNIFTY27OCT2656800CE,BANKNIFTY,27OCT2026,5680000.000000,30,OPTIDX,NFO,5.000000,601,False
49498,BANKNIFTY27OCT2657100PE,BANKNIFTY,27OCT2026,5710000.000000,30,OPTIDX,NFO,5.000000,601,False
49501,BANKNIFTY27OCT2657300CE,BANKNIFTY,27OCT2026,5730000.000000,30,OPTIDX,NFO,5.000000,601,False
49507,NIFTYFPI27OCT261590PE,NIFTYFPI,27OCT2026,159000.000000,1100,OPTIDX,NFO,5.000000,8501,False
49508,BANKNIFTY27OCT2657600CE,BANKNIFTY,27OCT2026,5760000.000000,30,OPTIDX,NFO,5.000000,601,False
49543,BANKNIFTY27OCT2658900CE,BANKNIFTY,27OCT2026,5890000.000000,30,OPTIDX,NFO,5.000000,601,False
49550,BANKNIFTY27OCT2659200CE,BANKNIFTY,27OCT2026,5920000.000000,30,OPTIDX,NFO,5.000000,601,False
49551,NIFTYFPI27OCT261610CE,NIFTYFPI,27OCT2026,161000.000000,1100,OPTIDX,NFO,5.000000,8501,False
49553,BANKNIFTY27OCT2659200PE,BANKNIFTY,27OCT2026,5920000.000000,30,OPTIDX,NFO,5.000000,601,False
49556,NIFTYFPI27OCT261615PE,NIFTYFPI,27OCT2026,161500.000000,1100,OPTIDX,NFO,5.000000,8501,False
49560,BANKNIFTY27OCT2659400PE,BANKNIFTY,27OCT2026,5940000.000000,30,OPTIDX,NFO,5.000000,601,False
49565,BANKNIFTY27OCT2659700CE,BANKNIFTY,27OCT2026,5970000.000000,30,OPTIDX,NFO,5.000000,601,False
49591,NIFTYFPI27OCT261630CE,NIFTYFPI,27OCT2026,163000.000000,1100,OPTIDX,NFO,5.000000,8501,False
49595,BANKNIFTY27OCT2661000CE,BANKNIFTY,27OCT2026,6100000.000000,30,OPTIDX,NFO,5.000000,601,False
49604,BANKNIFTY27OCT2661400PE,BANKNIFTY,27OCT2026,6140000.000000,30,OPTIDX,NFO,5.000000,601,False
49605,NIFTYFPI27OCT261630PE,NIFTYFPI,27OCT2026,163000.000000,1100,OPTIDX,NFO,5.000000,8501,False
49609,BANKNIFTY27OCT2661600CE,BANKNIFTY,27OCT2026,6160000.000000,30,OPTIDX,NFO,5.000000,601,False
49615,BANKNIFTY27OCT2661800CE,BANKNIFTY,27OCT2026,6180000.000000,30,OPTIDX,NFO,5.000000,601,False
49622,BANKNIFTY27OCT2662100PE,BANKNIFTY,27OCT2026,6210000.000000,30,OPTIDX,NFO,5.000000,601,False
49636,NIFTYFPI27OCT261640CE,NIFTYFPI,27OCT2026,164000.000000,1100,OPTIDX,NFO,5.000000,8501,False
49662,BANKNIFTY27OCT2663600PE,BANKNIFTY,27OCT2026,6360000.000000,30,OPTIDX,NFO,5.000000,601,False
49700,BANKNIFTY27OCT2665000PE,BANKNIFTY,27OCT2026,6500000.000000,30,OPTIDX,NFO,5.000000,601,False
49704,NIFTYFPI27OCT261660PE,NIFTYFPI,27OCT2026,166000.000000,1100,OPTIDX,NFO,5.000000,8501,False
49857,NIFTYFPI27OCT261720CE,NIFTYFPI,27OCT2026,172000.000000,1100,OPTIDX,NFO,5.000000,8501,False
49859,NIFTYFPI27OCT261720PE,NIFTYFPI,27OCT2026,172000.000000,1100,OPTIDX,NFO,5.000000,8501,False
49937,NIFTYFPI27OCT261740CE,NIFTYFPI,27OCT2026,174000.000000,1100,OPTIDX,NFO,5.000000,8501,False
49991,NIFTYFPI27OCT261760CE,NIFTYFPI,27OCT2026,176000.000000,1100,OPTIDX,NFO,5.000000,8501,False
50239,FINNIFTY27OCT2623000CE,FINNIFTY,27OCT2026,2300000.000000,60,OPTIDX,NFO,5.000000,1801,False
50242,FINNIFTY27OCT2623100PE,FINNIFTY,27OCT2026,2310000.000000,60,OPTIDX,NFO,5.000000,1801,False
50260,FINNIFTY27OCT2623600CE,FINNIFTY,27OCT2026,2360000.000000,60,OPTIDX,NFO,5.000000,1801,False
50271,FINNIFTY27OCT2623800PE,FINNIFTY,27OCT2026,2380000.000000,60,OPTIDX,NFO,5.000000,1801,False
50282,FINNIFTY27OCT2624000PE,FINNIFTY,27OCT2026,2400000.000000,60,OPTIDX,NFO,5.000000,1801,False
50285,FINNIFTY27OCT2624200CE,FINNIFTY,27OCT2026,2420000.000000,60,OPTIDX,NFO,5.000000,1801,False
50290,FINNIFTY27OCT2624400PE,FINNIFTY,27OCT2026,2440000.000000,60,OPTIDX,NFO,5.000000,1801,False
50291,FINNIFTY27OCT2624500CE,FINNIFTY,27OCT2026,2450000.000000,60,OPTIDX,NFO,5.000000,1801,False
50317,FINNIFTY27OCT2624900PE,FINNIFTY,27OCT2026,2490000.000000,60,OPTIDX,NFO,5.000000,1801,False
50323,FINNIFTY27OCT2625100CE,FINNIFTY,27OCT2026,2510000.000000,60,OPTIDX,NFO,5.000000,1801,False
50333,FINNIFTY27OCT2625600CE,FINNIFTY,27OCT2026,2560000.000000,60,OPTIDX,NFO,5.000000,1801,False
50370,FINNIFTY27OCT2627000PE,FINNIFTY,27OCT2026,2700000.000000,60,OPTIDX,NFO,5.000000,1801,False
50395,FINNIFTY27OCT2628000CE,FINNIFTY,27OCT2026,2800000.000000,60,OPTIDX,NFO,5.000000,1801,False
50402,FINNIFTY27OCT2628200PE,FINNIFTY,27OCT2026,2820000.000000,60,OPTIDX,NFO,5.000000,1801,False
50415,FINNIFTY27OCT2628800CE,FINNIFTY,27OCT2026,2880000.000000,60,OPTIDX,NFO,5.000000,1801,False
50678,MIDCPNIFTY27OCT2613400CE,MIDCPNIFTY,27OCT2026,1340000.000000,120,OPTIDX,NFO,5.000000,2801,False
50682,MIDCPNIFTY27OCT2613425PE,MIDCPNIFTY,27OCT2026,1342500.000000,120,OPTIDX,NFO,5.000000,2801,False
50689,MIDCPNIFTY27OCT2613500CE,MIDCPNIFTY,27OCT2026,1350000.000000,120,OPTIDX,NFO,5.000000,2801,False
50690,MIDCPNIFTY27OCT2613500PE,MIDCPNIFTY,27OCT2026,1350000.000000,120,OPTIDX,NFO,5.000000,2801,False
50694,MIDCPNIFTY27OCT2613550PE,MIDCPNIFTY,27OCT2026,1355000.000000,120,OPTIDX,NFO,5.000000,2801,False
50696,MIDCPNIFTY27OCT2613575PE,MIDCPNIFTY,27OCT2026,1357500.000000,120,OPTIDX,NFO,5.000000,2801,False
50700,MIDCPNIFTY27OCT2613600CE,MIDCPNIFTY,27OCT2026,1360000.000000,120,OPTIDX,NFO,5.000000,2801,False
50715,MIDCPNIFTY27OCT2613725PE,MIDCPNIFTY,27OCT2026,1372500.000000,120,OPTIDX,NFO,5.000000,2801,False
50721,MIDCPNIFTY27OCT2613800CE,MIDCPNIFTY,27OCT2026,1380000.000000,120,OPTIDX,NFO,5.000000,2801,False
50723,MIDCPNIFTY27OCT2613825CE,MIDCPNIFTY,27OCT2026,1382500.000000,120,OPTIDX,NFO,5.000000,2801,False
50741,MIDCPNIFTY27OCT2614025CE,MIDCPNIFTY,27OCT2026,1402500.000000,120,OPTIDX,NFO,5.000000,2801,False
50755,MIDCPNIFTY27OCT2614100CE,MIDCPNIFTY,27OCT2026,1410000.000000,120,OPTIDX,NFO,5.000000,2801,False
50757,MIDCPNIFTY27OCT2614125CE,MIDCPNIFTY,27OCT2026,1412500.000000,120,OPTIDX,NFO,5.000000,2801,False
50758,MIDCPNIFTY27OCT2614125PE,MIDCPNIFTY,27OCT2026,1412500.000000,120,OPTIDX,NFO,5.000000,2801,False
50759,MIDCPNIFTY27OCT2614150CE,MIDCPNIFTY,27OCT2026,1415000.000000,120,OPTIDX,NFO,5.000000,2801,False
50783,MIDCPNIFTY27OCT2614250PE,MIDCPNIFTY,27OCT2026,1425000.000000,120,OPTIDX,NFO,5.000000,2801,False
50787,MIDCPNIFTY27OCT2614300CE,MIDCPNIFTY,27OCT2026,1430000.000000,120,OPTIDX,NFO,5.000000,2801,False
112556,ICICIPRULI29SEP26430PE,ICICIPRULI,29SEP2026,43000.000000,925,OPTSTK,NFO,5.000000,46251,False
112565,ICICIPRULI29SEP26480CE,ICICIPRULI,29SEP2026,48000.000000,925,OPTSTK,NFO,5.000000,46251,False
112569,ICICIPRULI29SEP26500CE,ICICIPRULI,29SEP2026,50000.000000,925,OPTSTK,NFO,5.000000,46251,False
112573,ICICIPRULI29SEP26520CE,ICICIPRULI,29SEP2026,52000.000000,925,OPTSTK,NFO,5.000000,46251,False
112581,ICICIPRULI29SEP26560CE,ICICIPRULI,29SEP2026,56000.000000,925,OPTSTK,NFO,5.000000,46251,False
112591,LODHA27OCT261260CE,LODHA,27OCT2026,126000.000000,625,OPTSTK,NFO,5.000000,18751,False
112594,LODHA27OCT261300PE,LODHA,27OCT2026,130000.000000,625,OPTSTK,NFO,5.000000,18751,False
112620,ICICIPRULI29SEP26570PE,ICICIPRULI,29SEP2026,57000.000000,925,OPTSTK,NFO,5.000000,46251,False
112621,ICICIPRULI29SEP26580CE,ICICIPRULI,29SEP2026,58000.000000,925,OPTSTK,NFO,5.000000,46251,False
112622,ICICIPRULI29SEP26580PE,ICICIPRULI,29SEP2026,58000.000000,925,OPTSTK,NFO,5.000000,46251,False
112721,TATASTEEL29SEP26172.5CE,TATASTEEL,29SEP2026,17250.000000,2750,OPTSTK,NFO,1.000000,137501,False
112722,TATASTEEL29SEP26172.5PE,TATASTEEL,29SEP2026,17250.000000,2750,OPTSTK,NFO,1.000000,137501,False
112883,TATASTEEL27OCT26165CE,TATASTEEL,27OCT2026,16500.000000,2750,OPTSTK,NFO,1.000000,137501,False
112892,TATASTEEL27OCT26185PE,TATASTEEL,27OCT2026,18500.000000,2750,OPTSTK,NFO,1.000000,137501,False
113101,IDFCFIRSTB29SEP2698CE,IDFCFIRSTB,29SEP2026,9800.000000,9275,OPTSTK,NFO,1.000000,278251,False
113103,IDFCFIRSTB29SEP26100CE,IDFCFIRSTB,29SEP2026,10000.000000,9275,OPTSTK,NFO,1.000000,278251,False
113111,TCS29SEP262340PE,TCS,29SEP2026,234000.000000,225,OPTSTK,NFO,5.000000,9001,False
113113,TCS29SEP262380PE,TCS,29SEP2026,238000.000000,225,OPTSTK,NFO,5.000000,9001,False
113125,TCS29SEP262580CE,TCS,29SEP2026,258000.000000,225,OPTSTK,NFO,5.000000,9001,False
113130,TCS29SEP262660PE,TCS,29SEP2026,266000.000000,225,OPTSTK,NFO,5.000000,9001,False
113213,TCS27OCT261920CE,TCS,27OCT2026,192000.000000,225,OPTSTK,NFO,5.000000,9001,False
113219,TCS27OCT262040CE,TCS,27OCT2026,204000.000000,225,OPTSTK,NFO,5.000000,9001,False
113223,TCS27OCT262120CE,TCS,27OCT2026,212000.000000,225,OPTSTK,NFO,5.000000,9001,False
113228,TCS27OCT262200PE,TCS,27OCT2026,220000.000000,225,OPTSTK,NFO,5.000000,9001,False
113231,TCS27OCT262240PE,TCS,27OCT2026,224000.000000,225,OPTSTK,NFO,5.000000,9001,False
113244,TCS27OCT262480PE,TCS,27OCT2026,248000.000000,225,OPTSTK,NFO,5.000000,9001,False
113282,LT23NOV263600CE,LT,23NOV2026,360000.000000,175,OPTSTK,NFO,5.000000,7001,False
113284,LT23NOV263700CE,LT,23NOV2026,370000.000000,175,OPTSTK,NFO,5.000000,7001,False
113302,TCS27OCT262800CE,TCS,27OCT2026,280000.000000,225,OPTSTK,NFO,5.000000,9001,False
113305,LT23NOV264400CE,LT,23NOV2026,440000.000000,175,OPTSTK,NFO,5.000000,7001,False
113419,TECHM29SEP261420CE,TECHM,29SEP2026,142000.000000,600,OPTSTK,NFO,5.000000,18001,False
113474,TECHM29SEP261540PE,TECHM,29SEP2026,154000.000000,600,OPTSTK,NFO,5.000000,18001,False
113475,TECHM29SEP261580CE,TECHM,29SEP2026,158000.000000,600,OPTSTK,NFO,5.000000,18001,False
113512,LTF23NOV26290PE,LTF,23NOV2026,29000.000000,2250,OPTSTK,NFO,5.000000,67501,False
113518,LTF23NOV26320CE,LTF,23NOV2026,32000.000000,2250,OPTSTK,NFO,5.000000,67501,False
113633,LTM27OCT264350PE,LTM,27OCT2026,435000.000000,150,OPTSTK,NFO,5.000000,6001,False
113651,LTM27OCT264950CE,LTM,27OCT2026,495000.000000,150,OPTSTK,NFO,5.000000,6001,False
113717,IEX29SEP26115CE,IEX,29SEP2026,11500.000000,4350,OPTSTK,NFO,1.000000,174001,False
113756,IEX29SEP26115PE,IEX,29SEP2026,11500.000000,4350,OPTSTK,NFO,1.000000,174001,False
113805,TECHM27OCT261520CE,TECHM,27OCT2026,152000.000000,600,OPTSTK,NFO,5.000000,18001,False
113820,TECHM27OCT261640PE,TECHM,27OCT2026,164000.000000,600,OPTSTK,NFO,5.000000,18001,False
113843,LTM23NOV264900PE,LTM,23NOV2026,490000.000000,150,OPTSTK,NFO,5.000000,6001,False
113845,LTM23NOV265000PE,LTM,23NOV2026,500000.000000,150,OPTSTK,NFO,5.000000,6001,False
114010,INDHOTEL29SEP26700CE,INDHOTEL,29SEP2026,70000.000000,1000,OPTSTK,NFO,5.000000,30001,False
114033,TIINDIA29SEP262750PE,TIINDIA,29SEP2026,275000.000000,200,OPTSTK,NFO,5.000000,8001,False
114066,INDHOTEL29SEP26860PE,INDHOTEL,29SEP2026,86000.000000,1000,OPTSTK,NFO,5.000000,30001,False
114082,LUPIN27OCT262100PE,LUPIN,27OCT2026,210000.000000,425,OPTSTK,NFO,5.000000,12751,False
114102,LUPIN27OCT262260PE,LUPIN,27OCT2026,226000.000000,425,OPTSTK,NFO,5.000000,12751,False
114177,LUPIN23NOV261760CE,LUPIN,23NOV2026,176000.000000,425,OPTSTK,NFO,5.000000,12751,False
114189,LUPIN23NOV261960CE,LUPIN,23NOV2026,196000.000000,425,OPTSTK,NFO,5.000000,12751,False
114192,LUPIN23NOV262000PE,LUPIN,23NOV2026,200000.000000,425,OPTSTK,NFO,5.000000,12751,False
114202,LUPIN23NOV262200PE,LUPIN,23NOV2026,220000.000000,425,OPTSTK,NFO,5.000000,12751,False
114203,LUPIN23NOV262240CE,LUPIN,23NOV2026,224000.000000,425,OPTSTK,NFO,5.000000,12751,False
114233,LUPIN23NOV262400PE,LUPIN,23NOV2026,240000.000000,425,OPTSTK,NFO,5.000000,12751,False
114296,TIINDIA27OCT262100CE,TIINDIA,27OCT2026,210000.000000,200,OPTSTK,NFO,5.000000,8001,False
114307,TIINDIA27OCT262600PE,TIINDIA,27OCT2026,260000.000000,200,OPTSTK,NFO,5.000000,8001,False
114309,TIINDIA27OCT262700PE,TIINDIA,27OCT2026,270000.000000,200,OPTSTK,NFO,5.000000,8001,False
114415,INDIANB29SEP26820CE,INDIANB,29SEP2026,82000.000000,1000,OPTSTK,NFO,5.000000,30001,False
114431,INDIANB29SEP26920PE,INDIANB,29SEP2026,92000.000000,1000,OPTSTK,NFO,5.000000,30001,False
114432,INDIANB29SEP26940CE,INDIANB,29SEP2026,94000.000000,1000,OPTSTK,NFO,5.000000,30001,False
114466,TITAN29SEP264750CE,TITAN,29SEP2026,475000.000000,175,OPTSTK,NFO,5.000000,5251,False
114481,TITAN29SEP264950CE,TITAN,29SEP2026,495000.000000,175,OPTSTK,NFO,5.000000,5251,False
114482,M&M27OCT263150PE,M&M,27OCT2026,315000.000000,200,OPTSTK,NFO,5.000000,8001,False
114494,M&M27OCT263350PE,M&M,27OCT2026,335000.000000,200,OPTSTK,NFO,5.000000,8001,False
114497,TITAN29SEP265050PE,TITAN,29SEP2026,505000.000000,175,OPTSTK,NFO,5.000000,5251,False
114499,M&M27OCT263550PE,M&M,27OCT2026,355000.000000,200,OPTSTK,NFO,5.000000,8001,False
114500,TITAN29SEP265150CE,TITAN,29SEP2026,515000.000000,175,OPTSTK,NFO,5.000000,5251,False
114503,TITAN29SEP265250PE,TITAN,29SEP2026,525000.000000,175,OPTSTK,NFO,5.000000,5251,False
114504,TITAN29SEP265350CE,TITAN,29SEP2026,535000.000000,175,OPTSTK,NFO,5.000000,5251,False
114535,INDIGO29SEP264200CE,INDIGO,29SEP2026,420000.000000,150,OPTSTK,NFO,5.000000,4501,False
114537,INDIGO29SEP264400CE,INDIGO,29SEP2026,440000.000000,150,OPTSTK,NFO,5.000000,4501,False
114553,INDIGO29SEP266000CE,INDIGO,29SEP2026,600000.000000,150,OPTSTK,NFO,5.000000,4501,False
114554,INDIGO29SEP266000PE,INDIGO,29SEP2026,600000.000000,150,OPTSTK,NFO,5.000000,4501,False
114639,TITAN27OCT265400PE,TITAN,27OCT2026,540000.000000,175,OPTSTK,NFO,5.000000,5251,False
114707,M&M23NOV263100PE,M&M,23NOV2026,310000.000000,200,OPTSTK,NFO,5.000000,8001,False
114746,TMPV29SEP26315CE,TMPV,29SEP2026,31500.000000,1600,OPTSTK,NFO,5.000000,64001,False
114759,TMPV29SEP26375PE,TMPV,29SEP2026,37500.000000,1600,OPTSTK,NFO,5.000000,64001,False
114794,M&M23NOV263200PE,M&M,23NOV2026,320000.000000,200,OPTSTK,NFO,5.000000,8001,False
114815,M&M23NOV263600PE,M&M,23NOV2026,360000.000000,200,OPTSTK,NFO,5.000000,8001,False
114823,M&M23NOV263700CE,M&M,23NOV2026,370000.000000,200,OPTSTK,NFO,5.000000,8001,False
114907,TMPV27OCT26250PE,TMPV,27OCT2026,25000.000000,1600,OPTSTK,NFO,5.000000,64001,False
114909,TMPV27OCT26260PE,TMPV,27OCT2026,26000.000000,1600,OPTSTK,NFO,5.000000,64001,False
114955,INDUSINDBK29SEP26880PE,INDUSINDBK,29SEP2026,88000.000000,700,OPTSTK,NFO,5.000000,28001,False
114958,TMPV27OCT26310CE,TMPV,27OCT2026,31000.000000,1600,OPTSTK,NFO,5.000000,64001,False
114962,TMPV27OCT26330CE,TMPV,27OCT2026,33000.000000,1600,OPTSTK,NFO,5.000000,64001,False
115034,TORNTPHARM29SEP264450PE,TORNTPHARM,29SEP2026,445000.000000,125,OPTSTK,NFO,5.000000,5001,False
115053,INDUSINDBK29SEP26920PE,INDUSINDBK,29SEP2026,92000.000000,700,OPTSTK,NFO,5.000000,28001,False
115057,TORNTPHARM29SEP264950CE,TORNTPHARM,29SEP2026,495000.000000,125,OPTSTK,NFO,5.000000,5001,False
115059,INDUSINDBK29SEP26980CE,INDUSINDBK,29SEP2026,98000.000000,700,OPTSTK,NFO,5.000000,28001,False
115067,TORNTPHARM29SEP265350CE,TORNTPHARM,29SEP2026,535000.000000,125,OPTSTK,NFO,5.000000,5001,False
115069,TORNTPHARM29SEP265450CE,TORNTPHARM,29SEP2026,545000.000000,125,OPTSTK,NFO,5.000000,5001,False
115073,TORNTPHARM29SEP265650CE,TORNTPHARM,29SEP2026,565000.000000,125,OPTSTK,NFO,5.000000,5001,False
115102,INDUSINDBK29SEP261040PE,INDUSINDBK,29SEP2026,104000.000000,700,OPTSTK,NFO,5.000000,28001,False
115110,MAHABANK29SEP2676PE,MAHABANK,29SEP2026,7600.000000,6500,OPTSTK,NFO,1.000000,260001,False
115154,TORNTPHARM27OCT264600CE,TORNTPHARM,27OCT2026,460000.000000,125,OPTSTK,NFO,5.000000,5001,False
115235,TORNTPHARM27OCT265500PE,TORNTPHARM,27OCT2026,550000.000000,125,OPTSTK,NFO,5.000000,5001,False
115246,MAHABANK29SEP2698CE,MAHABANK,29SEP2026,9800.000000,6500,OPTSTK,NFO,1.000000,260001,False
115260,INDUSTOWER29SEP26346PE,INDUSTOWER,29SEP2026,34600.000000,1700,OPTSTK,NFO,5.000000,68001,False
115262,TORNTPHARM27OCT265700PE,TORNTPHARM,27OCT2026,570000.000000,125,OPTSTK,NFO,5.000000,5001,False
115357,TRENT29SEP263150CE,TRENT,29SEP2026,315000.000000,225,OPTSTK,NFO,5.000000,9001,False
115369,INDUSTOWER29SEP26406CE,INDUSTOWER,29SEP2026,40600.000000,1700,OPTSTK,NFO,5.000000,68001,False
115371,INDUSTOWER29SEP26416CE,INDUSTOWER,29SEP2026,41600.000000,1700,OPTSTK,NFO,5.000000,68001,False
115410,TRENT27OCT262700PE,TRENT,27OCT2026,270000.000000,225,OPTSTK,NFO,5.000000,9001,False
115417,TRENT27OCT263100CE,TRENT,27OCT2026,310000.000000,225,OPTSTK,NFO,5.000000,9001,False
115458,TVSMOTOR29SEP263650PE,TVSMOTOR,29SEP2026,365000.000000,175,OPTSTK,NFO,5.000000,5251,False
115465,TVSMOTOR29SEP264050CE,TVSMOTOR,29SEP2026,405000.000000,175,OPTSTK,NFO,5.000000,5251,False
115474,TVSMOTOR29SEP264150PE,TVSMOTOR,29SEP2026,415000.000000,175,OPTSTK,NFO,5.000000,5251,False
115482,TVSMOTOR29SEP264450CE,TVSMOTOR,29SEP2026,445000.000000,175,OPTSTK,NFO,5.000000,5251,False
115573,TVSMOTOR27OCT263700PE,TVSMOTOR,27OCT2026,370000.000000,175,OPTSTK,NFO,5.000000,5251,False
115584,MAHABANK27OCT2678CE,MAHABANK,27OCT2026,7800.000000,6500,OPTSTK,NFO,1.000000,260001,False
115614,MAHABANK27OCT2689PE,MAHABANK,27OCT2026,8900.000000,6500,OPTSTK,NFO,1.000000,260001,False
115618,TVSMOTOR27OCT264400PE,TVSMOTOR,27OCT2026,440000.000000,175,OPTSTK,NFO,5.000000,5251,False
115640,TVSMOTOR27OCT264900PE,TVSMOTOR,27OCT2026,490000.000000,175,OPTSTK,NFO,5.000000,5251,False
115650,INDUSTOWER29SEP26446PE,INDUSTOWER,29SEP2026,44600.000000,1700,OPTSTK,NFO,5.000000,68001,False
115651,MAHABANK27OCT2693PE,MAHABANK,27OCT2026,9300.000000,6500,OPTSTK,NFO,1.000000,260001,False
115666,MAHABANK27OCT2698PE,MAHABANK,27OCT2026,9800.000000,6500,OPTSTK,NFO,1.000000,260001,False
115752,MAHABANK23NOV2682PE,MAHABANK,23NOV2026,8200.000000,6500,OPTSTK,NFO,1.000000,260001,False
115769,INFY29SEP261080CE,INFY,29SEP2026,108000.000000,400,OPTSTK,NFO,5.000000,20001,False
115813,INFY29SEP261320CE,INFY,29SEP2026,132000.000000,400,OPTSTK,NFO,5.000000,20001,False
115808,INFY29SEP261200PE,INFY,29SEP2026,120000.000000,400,OPTSTK,NFO,5.000000,20001,False
115810,INFY29SEP261240PE,INFY,29SEP2026,124000.000000,400,OPTSTK,NFO,5.000000,20001,False
115815,INFY29SEP261360CE,INFY,29SEP2026,136000.000000,400,OPTSTK,NFO,5.000000,20001,False
115816,INFY29SEP261360PE,INFY,29SEP2026,136000.000000,400,OPTSTK,NFO,5.000000,20001,False
115836,MANAPPURAM27OCT26305PE,MANAPPURAM,27OCT2026,30500.000000,3000,OPTSTK,NFO,5.000000,60001,False
115841,MANAPPURAM27OCT26335CE,MANAPPURAM,27OCT2026,33500.000000,3000,OPTSTK,NFO,5.000000,60001,False
116052,MANKIND27OCT262020CE,MANKIND,27OCT2026,202000.000000,250,OPTSTK,NFO,5.000000,10001,False
116071,MANKIND27OCT262380PE,MANKIND,27OCT2026,238000.000000,250,OPTSTK,NFO,5.000000,10001,False
116226,MANKIND23NOV262040PE,MANKIND,23NOV2026,204000.000000,250,OPTSTK,NFO,5.000000,10001,False
116230,MANKIND23NOV262080PE,MANKIND,23NOV2026,208000.000000,250,OPTSTK,NFO,5.000000,10001,False
116287,INOXWIND29SEP2660PE,INOXWIND,29SEP2026,6000.000000,6400,OPTSTK,NFO,1.000000,256001,False
116294,INOXWIND29SEP2670PE,INOXWIND,29SEP2026,7000.000000,6400,OPTSTK,NFO,1.000000,256001,False
116297,INOXWIND29SEP2675PE,INOXWIND,29SEP2026,7500.000000,6400,OPTSTK,NFO,1.000000,256001,False
116324,UNIONBANK27OCT26165CE,UNIONBANK,27OCT2026,16500.000000,4425,OPTSTK,NFO,1.000000,132751,False
116329,UNIONBANK27OCT26175PE,UNIONBANK,27OCT2026,17500.000000,4425,OPTSTK,NFO,1.000000,132751,False
116335,UNIONBANK27OCT26185PE,UNIONBANK,27OCT2026,18500.000000,4425,OPTSTK,NFO,1.000000,132751,False
116338,UNIONBANK27OCT26195CE,UNIONBANK,27OCT2026,19500.000000,4425,OPTSTK,NFO,1.000000,132751,False
116367,MANKIND23NOV262400CE,MANKIND,23NOV2026,240000.000000,250,OPTSTK,NFO,5.000000,10001,False
116370,MANKIND23NOV262440PE,MANKIND,23NOV2026,244000.000000,250,OPTSTK,NFO,5.000000,10001,False
116391,MANKIND23NOV262600PE,MANKIND,23NOV2026,260000.000000,250,OPTSTK,NFO,5.000000,10001,False
116393,MANKIND23NOV262640PE,MANKIND,23NOV2026,264000.000000,250,OPTSTK,NFO,5.000000,10001,False
116450,UNITDSPR29SEP261340CE,UNITDSPR,29SEP2026,134000.000000,400,OPTSTK,NFO,5.000000,16001,False
116451,UNITDSPR29SEP261340PE,UNITDSPR,29SEP2026,134000.000000,400,OPTSTK,NFO,5.000000,16001,False
116454,UNITDSPR29SEP261420CE,UNITDSPR,29SEP2026,142000.000000,400,OPTSTK,NFO,5.000000,16001,False
116464,UNITDSPR29SEP261460CE,UNITDSPR,29SEP2026,146000.000000,400,OPTSTK,NFO,5.000000,16001,False
116470,MARICO27OCT26790CE,MARICO,27OCT2026,79000.000000,1200,OPTSTK,NFO,5.000000,36001,False
116526,MARICO23NOV26680PE,MARICO,23NOV2026,68000.000000,1200,OPTSTK,NFO,5.000000,36001,False
116533,MARICO23NOV26760CE,MARICO,23NOV2026,76000.000000,1200,OPTSTK,NFO,5.000000,36001,False
116587,UNITDSPR27OCT261240CE,UNITDSPR,27OCT2026,124000.000000,400,OPTSTK,NFO,5.000000,16001,False
116589,UNITDSPR27OCT261240PE,UNITDSPR,27OCT2026,124000.000000,400,OPTSTK,NFO,5.000000,16001,False
116595,MARICO23NOV26960CE,MARICO,23NOV2026,96000.000000,1200,OPTSTK,NFO,5.000000,36001,False
116631,UNITDSPR27OCT261320PE,UNITDSPR,27OCT2026,132000.000000,400,OPTSTK,NFO,5.000000,16001,False
116666,UNITDSPR27OCT261600PE,UNITDSPR,27OCT2026,160000.000000,400,OPTSTK,NFO,5.000000,16001,False
116722,UNOMINDA29SEP261140CE,UNOMINDA,29SEP2026,114000.000000,550,OPTSTK,NFO,5.000000,22001,False
116727,UNOMINDA29SEP261220PE,UNOMINDA,29SEP2026,122000.000000,550,OPTSTK,NFO,5.000000,22001,False
116763,UNOMINDA27OCT261040PE,UNOMINDA,27OCT2026,104000.000000,550,OPTSTK,NFO,5.000000,22001,False
116823,UNOMINDA27OCT261200CE,UNOMINDA,27OCT2026,120000.000000,550,OPTSTK,NFO,5.000000,22001,False
116844,UNOMINDA27OCT261240PE,UNOMINDA,27OCT2026,124000.000000,550,OPTSTK,NFO,5.000000,22001,False
116855,UNOMINDA27OCT261440CE,UNOMINDA,27OCT2026,144000.000000,550,OPTSTK,NFO,5.000000,22001,False
116882,UPL29SEP26510PE,UPL,29SEP2026,51000.000000,1355,OPTSTK,NFO,5.000000,40651,False
116895,UPL29SEP26610CE,UPL,29SEP2026,61000.000000,1355,OPTSTK,NFO,5.000000,40651,False
116898,UPL29SEP26630PE,UPL,29SEP2026,63000.000000,1355,OPTSTK,NFO,5.000000,40651,False
116914,IOC29SEP26125CE,IOC,29SEP2026,12500.000000,4875,OPTSTK,NFO,1.000000,195001,False
116923,IOC29SEP26145PE,IOC,29SEP2026,14500.000000,4875,OPTSTK,NFO,1.000000,195001,False
116925,IOC29SEP26150PE,IOC,29SEP2026,15000.000000,4875,OPTSTK,NFO,1.000000,195001,False
116946,MARUTI27OCT2611300PE,MARUTI,27OCT2026,1130000.000000,50,OPTSTK,NFO,5.000000,2001,False
116949,UPL29SEP26670CE,UPL,29SEP2026,67000.000000,1355,OPTSTK,NFO,5.000000,40651,False
116964,MARUTI27OCT2611900PE,MARUTI,27OCT2026,1190000.000000,50,OPTSTK,NFO,5.000000,2001,False
117030,UPL27OCT26480PE,UPL,27OCT2026,48000.000000,1355,OPTSTK,NFO,5.000000,40651,False
117037,UPL27OCT26540PE,UPL,27OCT2026,54000.000000,1355,OPTSTK,NFO,5.000000,40651,False
117049,UPL27OCT26660PE,UPL,27OCT2026,66000.000000,1355,OPTSTK,NFO,5.000000,40651,False
117216,IREDA29SEP26140PE,IREDA,29SEP2026,14000.000000,4525,OPTSTK,NFO,1.000000,181001,False
117259,MARUTI23NOV2612000PE,MARUTI,23NOV2026,1200000.000000,50,OPTSTK,NFO,5.000000,2001,False
117302,MARUTI23NOV2612400CE,MARUTI,23NOV2026,1240000.000000,50,OPTSTK,NFO,5.000000,2001,False
117327,VBL29SEP26390CE,VBL,29SEP2026,39000.000000,1275,OPTSTK,NFO,5.000000,51001,False
117331,VBL29SEP26430CE,VBL,29SEP2026,43000.000000,1275,OPTSTK,NFO,5.000000,51001,False
117342,VBL29SEP26490CE,VBL,29SEP2026,49000.000000,1275,OPTSTK,NFO,5.000000,51001,False
117354,MARUTI23NOV2614200PE,MARUTI,23NOV2026,1420000.000000,50,OPTSTK,NFO,5.000000,2001,False
117456,VBL27OCT26400PE,VBL,27OCT2026,40000.000000,1275,OPTSTK,NFO,5.000000,51001,False
117463,IRFC29SEP2676CE,IRFC,29SEP2026,7600.000000,5425,OPTSTK,NFO,1.000000,271251,False
117468,MARUTI23NOV2615200PE,MARUTI,23NOV2026,1520000.000000,50,OPTSTK,NFO,5.000000,2001,False
117469,VBL27OCT26460PE,VBL,27OCT2026,46000.000000,1275,OPTSTK,NFO,5.000000,51001,False
117533,IRFC29SEP2684PE,IRFC,29SEP2026,8400.000000,5425,OPTSTK,NFO,1.000000,271251,False
117540,IRFC29SEP2690CE,IRFC,29SEP2026,9000.000000,5425,OPTSTK,NFO,1.000000,271251,False
117557,IRFC29SEP2690PE,IRFC,29SEP2026,9000.000000,5425,OPTSTK,NFO,1.000000,271251,False
117604,VEDL29SEP26265PE,VEDL,29SEP2026,26500.000000,1150,OPTSTK,NFO,5.000000,80501,False
117668,IRFC29SEP2694PE,IRFC,29SEP2026,9400.000000,5425,OPTSTK,NFO,1.000000,271251,False
117670,IRFC29SEP2696PE,IRFC,29SEP2026,9600.000000,5425,OPTSTK,NFO,1.000000,271251,False
117742,VEDL27OCT26300CE,VEDL,27OCT2026,30000.000000,1150,OPTSTK,NFO,5.000000,80501,False
117743,VEDL27OCT26300PE,VEDL,27OCT2026,30000.000000,1150,OPTSTK,NFO,5.000000,80501,False
117751,VEDL27OCT26340PE,VEDL,27OCT2026,34000.000000,1150,OPTSTK,NFO,5.000000,80501,False
117774,VMM29SEP26102.5CE,VMM,29SEP2026,10250.000000,4850,OPTSTK,NFO,1.000000,194001,False
117777,VMM29SEP26107.5PE,VMM,29SEP2026,10750.000000,4850,OPTSTK,NFO,1.000000,194001,False
117792,MAXHEALTH27OCT26970PE,MAXHEALTH,27OCT2026,97000.000000,525,OPTSTK,NFO,5.000000,21001,False
117899,MAXHEALTH27OCT261030PE,MAXHEALTH,27OCT2026,103000.000000,525,OPTSTK,NFO,5.000000,21001,False
117909,VOLTAS29SEP261020PE,VOLTAS,29SEP2026,102000.000000,375,OPTSTK,NFO,5.000000,18751,False
118000,VOLTAS29SEP261180CE,VOLTAS,29SEP2026,118000.000000,375,OPTSTK,NFO,5.000000,18751,False
118001,VOLTAS29SEP261180PE,VOLTAS,29SEP2026,118000.000000,375,OPTSTK,NFO,5.000000,18751,False
118020,ITC29SEP26235CE,ITC,29SEP2026,23500.000000,1725,OPTSTK,NFO,5.000000,86251,False
118022,MAXHEALTH27OCT261090CE,MAXHEALTH,27OCT2026,109000.000000,525,OPTSTK,NFO,5.000000,21001,False
118031,ITC29SEP26240CE,ITC,29SEP2026,24000.000000,1725,OPTSTK,NFO,5.000000,86251,False
118042,ITC29SEP26255CE,ITC,29SEP2026,25500.000000,1725,OPTSTK,NFO,5.000000,86251,False
118074,ITC29SEP26290CE,ITC,29SEP2026,29000.000000,1725,OPTSTK,NFO,5.000000,86251,False
118077,ITC29SEP26295PE,ITC,29SEP2026,29500.000000,1725,OPTSTK,NFO,5.000000,86251,False
118080,ITC29SEP26305CE,ITC,29SEP2026,30500.000000,1725,OPTSTK,NFO,5.000000,86251,False
118127,ITC29SEP26310PE,ITC,29SEP2026,31000.000000,1725,OPTSTK,NFO,5.000000,86251,False
118201,MAXHEALTH23NOV261060PE,MAXHEALTH,23NOV2026,106000.000000,525,OPTSTK,NFO,5.000000,21001,False
118212,MAXHEALTH23NOV261100CE,MAXHEALTH,23NOV2026,110000.000000,525,OPTSTK,NFO,5.000000,21001,False
118226,MAXHEALTH23NOV261120PE,MAXHEALTH,23NOV2026,112000.000000,525,OPTSTK,NFO,5.000000,21001,False
118270,ITC29SEP26335PE,ITC,29SEP2026,33500.000000,1725,OPTSTK,NFO,5.000000,86251,False
118345,JINDALSTEL29SEP261080CE,JINDALSTEL,29SEP2026,108000.000000,625,OPTSTK,NFO,5.000000,18751,False
118356,JINDALSTEL29SEP261240PE,JINDALSTEL,29SEP2026,124000.000000,625,OPTSTK,NFO,5.000000,18751,False
118359,JINDALSTEL29SEP261320CE,JINDALSTEL,29SEP2026,132000.000000,625,OPTSTK,NFO,5.000000,18751,False
118392,WAAREEENER29SEP263050PE,WAAREEENER,29SEP2026,305000.000000,175,OPTSTK,NFO,5.000000,8751,False
118552,MAZDOCK23NOV262500CE,MAZDOCK,23NOV2026,250000.000000,225,OPTSTK,NFO,5.000000,9001,False
118602,JIOFIN29SEP26200CE,JIOFIN,29SEP2026,20000.000000,2350,OPTSTK,NFO,1.000000,94001,False
118630,MCX27OCT263550CE,MCX,27OCT2026,355000.000000,225,OPTSTK,NFO,5.000000,6751,False
118642,WIPRO29SEP26157.5CE,WIPRO,29SEP2026,15750.000000,3000,OPTSTK,NFO,1.000000,120001,False
118645,WIPRO29SEP26162.5PE,WIPRO,29SEP2026,16250.000000,3000,OPTSTK,NFO,1.000000,120001,False
118661,WIPRO29SEP26182.5PE,WIPRO,29SEP2026,18250.000000,3000,OPTSTK,NFO,1.000000,120001,False
118710,WIPRO27OCT26150PE,WIPRO,27OCT2026,15000.000000,3000,OPTSTK,NFO,1.000000,120001,False
118719,WIPRO27OCT26170CE,WIPRO,27OCT2026,17000.000000,3000,OPTSTK,NFO,1.000000,120001,False
118732,WIPRO27OCT26190PE,WIPRO,27OCT2026,19000.000000,3000,OPTSTK,NFO,1.000000,120001,False
118767,YESBANK29SEP2621CE,YESBANK,29SEP2026,2100.000000,31100,OPTSTK,NFO,1.000000,933001,False
118813,MCX23NOV263500PE,MCX,23NOV2026,350000.000000,225,OPTSTK,NFO,5.000000,6751,False
118819,MCX23NOV263800PE,MCX,23NOV2026,380000.000000,225,OPTSTK,NFO,5.000000,6751,False
118907,MFSL27OCT261420CE,MFSL,27OCT2026,142000.000000,400,OPTSTK,NFO,5.000000,16001,False
118979,ZYDUSLIFE29SEP261250CE,ZYDUSLIFE,29SEP2026,125000.000000,900,OPTSTK,NFO,5.000000,27001,False
118984,ZYDUSLIFE29SEP261270CE,ZYDUSLIFE,29SEP2026,127000.000000,900,OPTSTK,NFO,5.000000,27001,False
119000,MFSL27OCT261460PE,MFSL,27OCT2026,146000.000000,400,OPTSTK,NFO,5.000000,16001,False
119017,JSWENERGY29SEP26480CE,JSWENERGY,29SEP2026,48000.000000,1075,OPTSTK,NFO,5.000000,43001,False
119018,JSWENERGY29SEP26480PE,JSWENERGY,29SEP2026,48000.000000,1075,OPTSTK,NFO,5.000000,43001,False
119024,JSWENERGY29SEP26540PE,JSWENERGY,29SEP2026,54000.000000,1075,OPTSTK,NFO,5.000000,43001,False
119025,JSWENERGY29SEP26560CE,JSWENERGY,29SEP2026,56000.000000,1075,OPTSTK,NFO,5.000000,43001,False
119032,JSWENERGY29SEP26620PE,JSWENERGY,29SEP2026,62000.000000,1075,OPTSTK,NFO,5.000000,43001,False
119085,ZYDUSLIFE27OCT261020CE,ZYDUSLIFE,27OCT2026,102000.000000,900,OPTSTK,NFO,5.000000,27001,False
119093,ZYDUSLIFE27OCT261080CE,ZYDUSLIFE,27OCT2026,108000.000000,900,OPTSTK,NFO,5.000000,27001,False
119221,MFSL23NOV261360CE,MFSL,23NOV2026,136000.000000,400,OPTSTK,NFO,5.000000,16001,False
119228,MFSL23NOV261440PE,MFSL,23NOV2026,144000.000000,400,OPTSTK,NFO,5.000000,16001,False
119246,MFSL23NOV261680CE,MFSL,23NOV2026,168000.000000,400,OPTSTK,NFO,5.000000,16001,False
119247,MFSL23NOV261680PE,MFSL,23NOV2026,168000.000000,400,OPTSTK,NFO,5.000000,16001,False
119289,JSWSTEEL29SEP261320PE,JSWSTEEL,29SEP2026,132000.000000,675,OPTSTK,NFO,5.000000,20251,False
119294,JSWSTEEL29SEP261440CE,JSWSTEEL,29SEP2026,144000.000000,675,OPTSTK,NFO,5.000000,20251,False
119299,JSWSTEEL29SEP261520PE,JSWSTEEL,29SEP2026,152000.000000,675,OPTSTK,NFO,5.000000,20251,False
119393,JUBLFOOD29SEP26400PE,JUBLFOOD,29SEP2026,40000.000000,1250,OPTSTK,NFO,5.000000,50001,False
119433,MOTHERSON27OCT26157.5PE,MOTHERSON,27OCT2026,15750.000000,6150,OPTSTK,NFO,1.000000,184501,False
119438,MOTHERSON27OCT26172.5CE,MOTHERSON,27OCT2026,17250.000000,6150,OPTSTK,NFO,1.000000,184501,False
119488,JUBLFOOD29SEP26500CE,JUBLFOOD,29SEP2026,50000.000000,1250,OPTSTK,NFO,5.000000,50001,False
119545,MOTHERSON23NOV26170CE,MOTHERSON,23NOV2026,17000.000000,6150,OPTSTK,NFO,1.000000,184501,False
119584,JUBLFOOD29SEP26510CE,JUBLFOOD,29SEP2026,51000.000000,1250,OPTSTK,NFO,5.000000,50001,False
119586,JUBLFOOD29SEP26520CE,JUBLFOOD,29SEP2026,52000.000000,1250,OPTSTK,NFO,5.000000,50001,False
119587,JUBLFOOD29SEP26520PE,JUBLFOOD,29SEP2026,52000.000000,1250,OPTSTK,NFO,5.000000,50001,False
119589,JUBLFOOD29SEP26530PE,JUBLFOOD,29SEP2026,53000.000000,1250,OPTSTK,NFO,5.000000,50001,False
119590,JUBLFOOD29SEP26540CE,JUBLFOOD,29SEP2026,54000.000000,1250,OPTSTK,NFO,5.000000,50001,False
119594,JUBLFOOD29SEP26580CE,JUBLFOOD,29SEP2026,58000.000000,1250,OPTSTK,NFO,5.000000,50001,False
119599,MOTILALOFS27OCT261060PE,MOTILALOFS,27OCT2026,106000.000000,775,OPTSTK,NFO,5.000000,23251,False
119639,MOTILALOFS23NOV26960CE,MOTILALOFS,23NOV2026,96000.000000,775,OPTSTK,NFO,5.000000,23251,False
119641,MOTILALOFS23NOV261000CE,MOTILALOFS,23NOV2026,100000.000000,775,OPTSTK,NFO,5.000000,23251,False
119688,MPHASIS27OCT262450CE,MPHASIS,27OCT2026,245000.000000,275,OPTSTK,NFO,5.000000,11001,False
119721,MPHASIS23NOV262100CE,MPHASIS,23NOV2026,210000.000000,275,OPTSTK,NFO,5.000000,11001,False
119733,MPHASIS23NOV262700CE,MPHASIS,23NOV2026,270000.000000,275,OPTSTK,NFO,5.000000,11001,False
119760,MUTHOOTFIN27OCT262650PE,MUTHOOTFIN,27OCT2026,265000.000000,275,OPTSTK,NFO,5.000000,8251,False
119761,MUTHOOTFIN27OCT262750CE,MUTHOOTFIN,27OCT2026,275000.000000,275,OPTSTK,NFO,5.000000,8251,False
119775,MUTHOOTFIN27OCT263450CE,MUTHOOTFIN,27OCT2026,345000.000000,275,OPTSTK,NFO,5.000000,8251,False
119803,MUTHOOTFIN23NOV262400CE,MUTHOOTFIN,23NOV2026,240000.000000,275,OPTSTK,NFO,5.000000,8251,False
119812,MUTHOOTFIN23NOV262800PE,MUTHOOTFIN,23NOV2026,280000.000000,275,OPTSTK,NFO,5.000000,8251,False
119825,MUTHOOTFIN23NOV263500CE,MUTHOOTFIN,23NOV2026,350000.000000,275,OPTSTK,NFO,5.000000,8251,False
119826,MUTHOOTFIN23NOV263500PE,MUTHOOTFIN,23NOV2026,350000.000000,275,OPTSTK,NFO,5.000000,8251,False
119858,NAM-INDIA27OCT261100PE,NAM-INDIA,27OCT2026,110000.000000,625,OPTSTK,NFO,5.000000,18751,False
119861,NAM-INDIA27OCT261180CE,NAM-INDIA,27OCT2026,118000.000000,625,OPTSTK,NFO,5.000000,18751,False
119862,NAM-INDIA27OCT261180PE,NAM-INDIA,27OCT2026,118000.000000,625,OPTSTK,NFO,5.000000,18751,False
119937,NATIONALUM27OCT26350CE,NATIONALUM,27OCT2026,35000.000000,1875,OPTSTK,NFO,5.000000,56251,False
119944,NATIONALUM27OCT26410PE,NATIONALUM,27OCT2026,41000.000000,1875,OPTSTK,NFO,5.000000,56251,False
119971,NATIONALUM23NOV26340PE,NATIONALUM,23NOV2026,34000.000000,1875,OPTSTK,NFO,5.000000,56251,False
119972,NATIONALUM23NOV26360CE,NATIONALUM,23NOV2026,36000.000000,1875,OPTSTK,NFO,5.000000,56251,False
119982,KALYANKJIL29SEP26490CE,KALYANKJIL,29SEP2026,49000.000000,1350,OPTSTK,NFO,5.000000,40501,False
119983,KALYANKJIL29SEP26490PE,KALYANKJIL,29SEP2026,49000.000000,1350,OPTSTK,NFO,5.000000,40501,False
119987,NATIONALUM23NOV26400PE,NATIONALUM,23NOV2026,40000.000000,1875,OPTSTK,NFO,5.000000,56251,False
119988,NATIONALUM23NOV26420CE,NATIONALUM,23NOV2026,42000.000000,1875,OPTSTK,NFO,5.000000,56251,False
120044,NAUKRI27OCT261380CE,NAUKRI,27OCT2026,138000.000000,550,OPTSTK,NFO,5.000000,16501,False
120087,KAYNES29SEP263200CE,KAYNES,29SEP2026,320000.000000,150,OPTSTK,NFO,5.000000,6001,False
120089,NAUKRI27OCT261460CE,NAUKRI,27OCT2026,146000.000000,550,OPTSTK,NFO,5.000000,16501,False
120090,NAUKRI27OCT261460PE,NAUKRI,27OCT2026,146000.000000,550,OPTSTK,NFO,5.000000,16501,False
120195,KAYNES29SEP263700PE,KAYNES,29SEP2026,370000.000000,150,OPTSTK,NFO,5.000000,6001,False
120197,KAYNES29SEP263800PE,KAYNES,29SEP2026,380000.000000,150,OPTSTK,NFO,5.000000,6001,False
120198,KAYNES29SEP263900CE,KAYNES,29SEP2026,390000.000000,150,OPTSTK,NFO,5.000000,6001,False
120203,KAYNES29SEP264200PE,KAYNES,29SEP2026,420000.000000,150,OPTSTK,NFO,5.000000,6001,False
120213,NAUKRI23NOV261360CE,NAUKRI,23NOV2026,136000.000000,550,OPTSTK,NFO,5.000000,16501,False
120321,KEI29SEP266200CE,KEI,29SEP2026,620000.000000,175,OPTSTK,NFO,5.000000,5251,False
120338,NBCC23NOV26100PE,NBCC,23NOV2026,10000.000000,6500,OPTSTK,NFO,1.000000,260001,False
120341,NBCC23NOV26110CE,NBCC,23NOV2026,11000.000000,6500,OPTSTK,NFO,1.000000,260001,False
120391,NESTLEIND27OCT261350CE,NESTLEIND,27OCT2026,135000.000000,500,OPTSTK,NFO,5.000000,15001,False
120401,NESTLEIND27OCT261450CE,NESTLEIND,27OCT2026,145000.000000,500,OPTSTK,NFO,5.000000,15001,False
120413,NESTLEIND27OCT261570CE,NESTLEIND,27OCT2026,157000.000000,500,OPTSTK,NFO,5.000000,15001,False
120417,NESTLEIND27OCT261610CE,NESTLEIND,27OCT2026,161000.000000,500,OPTSTK,NFO,5.000000,15001,False
120459,KFINTECH29SEP26800CE,KFINTECH,29SEP2026,80000.000000,575,OPTSTK,NFO,5.000000,23001,False
120466,KFINTECH29SEP26920PE,KFINTECH,29SEP2026,92000.000000,575,OPTSTK,NFO,5.000000,23001,False
120469,KFINTECH29SEP261000CE,KFINTECH,29SEP2026,100000.000000,575,OPTSTK,NFO,5.000000,23001,False
120547,NESTLEIND23NOV261540CE,NESTLEIND,23NOV2026,154000.000000,500,OPTSTK,NFO,5.000000,15001,False
120471,KFINTECH29SEP261040CE,KFINTECH,29SEP2026,104000.000000,575,OPTSTK,NFO,5.000000,23001,False
120545,NESTLEIND23NOV261520CE,NESTLEIND,23NOV2026,152000.000000,500,OPTSTK,NFO,5.000000,15001,False
120546,NESTLEIND23NOV261520PE,NESTLEIND,23NOV2026,152000.000000,500,OPTSTK,NFO,5.000000,15001,False
120549,NESTLEIND23NOV261560CE,NESTLEIND,23NOV2026,156000.000000,500,OPTSTK,NFO,5.000000,15001,False
120555,NESTLEIND23NOV261620CE,NESTLEIND,23NOV2026,162000.000000,500,OPTSTK,NFO,5.000000,15001,False
120557,NESTLEIND23NOV261640CE,NESTLEIND,23NOV2026,164000.000000,500,OPTSTK,NFO,5.000000,15001,False
120579,KOTAKBANK29SEP26330PE,KOTAKBANK,29SEP2026,33000.000000,2000,OPTSTK,NFO,5.000000,60001,False
120619,KOTAKBANK29SEP26430CE,KOTAKBANK,29SEP2026,43000.000000,2000,OPTSTK,NFO,5.000000,60001,False
120581,KOTAKBANK29SEP26340PE,KOTAKBANK,29SEP2026,34000.000000,2000,OPTSTK,NFO,5.000000,60001,False
120608,KOTAKBANK29SEP26370PE,KOTAKBANK,29SEP2026,37000.000000,2000,OPTSTK,NFO,5.000000,60001,False
120609,KOTAKBANK29SEP26380CE,KOTAKBANK,29SEP2026,38000.000000,2000,OPTSTK,NFO,5.000000,60001,False
120642,KOTAKBANK29SEP26450CE,KOTAKBANK,29SEP2026,45000.000000,2000,OPTSTK,NFO,5.000000,60001,False
120673,NHPC27OCT2681CE,NHPC,27OCT2026,8100.000000,6950,OPTSTK,NFO,1.000000,278001,False
120656,NHPC27OCT2669PE,NHPC,27OCT2026,6900.000000,6950,OPTSTK,NFO,1.000000,278001,False
120667,KOTAKBANK29SEP26480CE,KOTAKBANK,29SEP2026,48000.000000,2000,OPTSTK,NFO,5.000000,60001,False
120675,NHPC27OCT2683CE,NHPC,27OCT2026,8300.000000,6950,OPTSTK,NFO,1.000000,278001,False
120727,NHPC23NOV2664PE,NHPC,23NOV2026,6400.000000,6950,OPTSTK,NFO,1.000000,278001,False
120732,NHPC23NOV2670CE,NHPC,23NOV2026,7000.000000,6950,OPTSTK,NFO,1.000000,278001,False
120741,NHPC23NOV2670PE,NHPC,23NOV2026,7000.000000,6950,OPTSTK,NFO,1.000000,278001,False
120748,NHPC23NOV2678CE,NHPC,23NOV2026,7800.000000,6950,OPTSTK,NFO,1.000000,278001,False
120754,NHPC23NOV2684CE,NHPC,23NOV2026,8400.000000,6950,OPTSTK,NFO,1.000000,278001,False
120828,NMDC27OCT2677CE,NMDC,27OCT2026,7700.000000,6750,OPTSTK,NFO,1.000000,270001,False
120853,NMDC27OCT2697PE,NMDC,27OCT2026,9700.000000,6750,OPTSTK,NFO,1.000000,270001,False
121074,NTPC23NOV26290CE,NTPC,23NOV2026,29000.000000,1500,OPTSTK,NFO,5.000000,75001,False
121123,KPITTECH29SEP26560PE,KPITTECH,29SEP2026,56000.000000,775,OPTSTK,NFO,5.000000,38751,False
121138,KPITTECH29SEP26680PE,KPITTECH,29SEP2026,68000.000000,775,OPTSTK,NFO,5.000000,38751,False
121146,KPITTECH29SEP26760CE,KPITTECH,29SEP2026,76000.000000,775,OPTSTK,NFO,5.000000,38751,False
121192,NYKAA27OCT26325CE,NYKAA,27OCT2026,32500.000000,3125,OPTSTK,NFO,5.000000,93751,False
121199,NYKAA27OCT26345PE,NYKAA,27OCT2026,34500.000000,3125,OPTSTK,NFO,5.000000,93751,False
121241,NYKAA23NOV26300PE,NYKAA,23NOV2026,30000.000000,3125,OPTSTK,NFO,5.000000,93751,False
121256,NYKAA23NOV26340CE,NYKAA,23NOV2026,34000.000000,3125,OPTSTK,NFO,5.000000,93751,False
121265,NYKAA23NOV26350PE,NYKAA,23NOV2026,35000.000000,3125,OPTSTK,NFO,5.000000,93751,False
121312,OBEROIRLTY27OCT261780CE,OBEROIRLTY,27OCT2026,178000.000000,350,OPTSTK,NFO,5.000000,14001,False
121364,OBEROIRLTY23NOV261600CE,OBEROIRLTY,23NOV2026,160000.000000,350,OPTSTK,NFO,5.000000,14001,False
121371,OBEROIRLTY23NOV261640PE,OBEROIRLTY,23NOV2026,164000.000000,350,OPTSTK,NFO,5.000000,14001,False
121386,OBEROIRLTY23NOV261960CE,OBEROIRLTY,23NOV2026,196000.000000,350,OPTSTK,NFO,5.000000,14001,False
121391,OBEROIRLTY23NOV262040PE,OBEROIRLTY,23NOV2026,204000.000000,350,OPTSTK,NFO,5.000000,14001,False
121392,OBEROIRLTY23NOV262080CE,OBEROIRLTY,23NOV2026,208000.000000,350,OPTSTK,NFO,5.000000,14001,False
121440,OFSS27OCT2610700CE,OFSS,27OCT2026,1070000.000000,100,OPTSTK,NFO,5.000000,2001,False
121455,OFSS27OCT2612100CE,OFSS,27OCT2026,1210000.000000,100,OPTSTK,NFO,5.000000,2001,False
121472,OFSS27OCT2613300PE,OFSS,27OCT2026,1330000.000000,100,OPTSTK,NFO,5.000000,2001,False
121521,OFSS23NOV2610000PE,OFSS,23NOV2026,1000000.000000,100,OPTSTK,NFO,5.000000,2001,False
121534,OFSS23NOV2611400CE,OFSS,23NOV2026,1140000.000000,100,OPTSTK,NFO,5.000000,2001,False
121535,OFSS23NOV2611400PE,OFSS,23NOV2026,1140000.000000,100,OPTSTK,NFO,5.000000,2001,False
121555,OFSS23NOV2613200PE,OFSS,23NOV2026,1320000.000000,100,OPTSTK,NFO,5.000000,2001,False
121558,OFSS23NOV2613600CE,OFSS,23NOV2026,1360000.000000,100,OPTSTK,NFO,5.000000,2001,False
121563,OFSS23NOV2614000PE,OFSS,23NOV2026,1400000.000000,100,OPTSTK,NFO,5.000000,2001,False
121579,LAURUSLABS29SEP261680CE,LAURUSLABS,29SEP2026,168000.000000,850,OPTSTK,NFO,5.000000,17001,False
121580,LAURUSLABS29SEP261680PE,LAURUSLABS,29SEP2026,168000.000000,850,OPTSTK,NFO,5.000000,17001,False
121582,LAURUSLABS29SEP261720PE,LAURUSLABS,29SEP2026,172000.000000,850,OPTSTK,NFO,5.000000,17001,False
121593,LAURUSLABS29SEP262000CE,LAURUSLABS,29SEP2026,200000.000000,850,OPTSTK,NFO,5.000000,17001,False
121595,LAURUSLABS29SEP262080CE,LAURUSLABS,29SEP2026,208000.000000,850,OPTSTK,NFO,5.000000,17001,False
121596,LAURUSLABS29SEP262080PE,LAURUSLABS,29SEP2026,208000.000000,850,OPTSTK,NFO,5.000000,17001,False
121632,LICHSGFIN29SEP26560PE,LICHSGFIN,29SEP2026,56000.000000,1000,OPTSTK,NFO,5.000000,40001,False
121730,LICI29SEP26410CE,LICI,29SEP2026,41000.000000,1400,OPTSTK,NFO,5.000000,56001,False
121740,LICI29SEP26420PE,LICI,29SEP2026,42000.000000,1400,OPTSTK,NFO,5.000000,56001,False
121766,LICI29SEP26470PE,LICI,29SEP2026,47000.000000,1400,OPTSTK,NFO,5.000000,56001,False
121776,LICI29SEP26480PE,LICI,29SEP2026,48000.000000,1400,OPTSTK,NFO,5.000000,56001,False
121781,OIL27OCT26445CE,OIL,27OCT2026,44500.000000,1400,OPTSTK,NFO,5.000000,56001,False
121784,OIL27OCT26455PE,OIL,27OCT2026,45500.000000,1400,OPTSTK,NFO,5.000000,56001,False
121789,OIL27OCT26485CE,OIL,27OCT2026,48500.000000,1400,OPTSTK,NFO,5.000000,56001,False
121809,OIL27OCT26535CE,OIL,27OCT2026,53500.000000,1400,OPTSTK,NFO,5.000000,56001,False
121963,ONGC27OCT26252.5PE,ONGC,27OCT2026,25250.000000,2250,OPTSTK,NFO,1.000000,90001,False
122026,ONGC23NOV26220CE,ONGC,23NOV2026,22000.000000,2250,OPTSTK,NFO,1.000000,90001,False
122029,ONGC23NOV26225PE,ONGC,23NOV2026,22500.000000,2250,OPTSTK,NFO,1.000000,90001,False
122035,ONGC23NOV26240PE,ONGC,23NOV2026,24000.000000,2250,OPTSTK,NFO,1.000000,90001,False
122039,LODHA29SEP261000PE,LODHA,29SEP2026,100000.000000,625,OPTSTK,NFO,5.000000,18751,False
122042,ONGC23NOV26245CE,ONGC,23NOV2026,24500.000000,2250,OPTSTK,NFO,1.000000,90001,False
122043,LODHA29SEP261080CE,LODHA,29SEP2026,108000.000000,625,OPTSTK,NFO,5.000000,18751,False
122057,LODHA29SEP261320PE,LODHA,29SEP2026,132000.000000,625,OPTSTK,NFO,5.000000,18751,False
122061,LODHA29SEP261440PE,LODHA,29SEP2026,144000.000000,625,OPTSTK,NFO,5.000000,18751,False
122062,ONGC23NOV26250CE,ONGC,23NOV2026,25000.000000,2250,OPTSTK,NFO,1.000000,90001,False
122071,ONGC23NOV26270PE,ONGC,23NOV2026,27000.000000,2250,OPTSTK,NFO,1.000000,90001,False
122075,ONGC23NOV26280PE,ONGC,23NOV2026,28000.000000,2250,OPTSTK,NFO,1.000000,90001,False
122129,PAGEIND27OCT2637500PE,PAGEIND,27OCT2026,3750000.000000,20,OPTSTK,NFO,5.000000,601,False
122189,PAGEIND23NOV2638000CE,PAGEIND,23NOV2026,3800000.000000,20,OPTSTK,NFO,5.000000,601,False
122200,PAGEIND23NOV2640000PE,PAGEIND,23NOV2026,4000000.000000,20,OPTSTK,NFO,5.000000,601,False
122206,PAGEIND23NOV2642000PE,PAGEIND,23NOV2026,4200000.000000,20,OPTSTK,NFO,5.000000,601,False
122351,PATANJALI27OCT26335PE,PATANJALI,27OCT2026,33500.000000,1075,OPTSTK,NFO,5.000000,64501,False
122357,PATANJALI27OCT26365PE,PATANJALI,27OCT2026,36500.000000,1075,OPTSTK,NFO,5.000000,64501,False
122418,PATANJALI23NOV26350CE,PATANJALI,23NOV2026,35000.000000,1075,OPTSTK,NFO,5.000000,64501,False
122419,PATANJALI23NOV26350PE,PATANJALI,23NOV2026,35000.000000,1075,OPTSTK,NFO,5.000000,64501,False
122429,PATANJALI23NOV26400PE,PATANJALI,23NOV2026,40000.000000,1075,OPTSTK,NFO,5.000000,64501,False
122470,PAYTM27OCT261580CE,PAYTM,27OCT2026,158000.000000,725,OPTSTK,NFO,5.000000,14501,False
122490,PAYTM27OCT261980CE,PAYTM,27OCT2026,198000.000000,725,OPTSTK,NFO,5.000000,14501,False
122496,PAYTM27OCT262060CE,PAYTM,27OCT2026,206000.000000,725,OPTSTK,NFO,5.000000,14501,False
122520,PAYTM23NOV261640CE,PAYTM,23NOV2026,164000.000000,725,OPTSTK,NFO,5.000000,14501,False
122537,PAYTM23NOV261960PE,PAYTM,23NOV2026,196000.000000,725,OPTSTK,NFO,5.000000,14501,False
122561,PERSISTENT27OCT265500PE,PERSISTENT,27OCT2026,550000.000000,125,OPTSTK,NFO,5.000000,3751,False
122571,PERSISTENT27OCT266300CE,PERSISTENT,27OCT2026,630000.000000,125,OPTSTK,NFO,5.000000,3751,False
122714,LT29SEP263300PE,LT,29SEP2026,330000.000000,175,OPTSTK,NFO,5.000000,7001,False
122723,LT29SEP263700PE,LT,29SEP2026,370000.000000,175,OPTSTK,NFO,5.000000,7001,False
122747,LT29SEP264500PE,LT,29SEP2026,450000.000000,175,OPTSTK,NFO,5.000000,7001,False
122792,LT29SEP264700PE,LT,29SEP2026,470000.000000,175,OPTSTK,NFO,5.000000,7001,False
122811,PERSISTENT23NOV265000PE,PERSISTENT,23NOV2026,500000.000000,125,OPTSTK,NFO,5.000000,3751,False
122827,PERSISTENT23NOV265600PE,PERSISTENT,23NOV2026,560000.000000,125,OPTSTK,NFO,5.000000,3751,False
122830,PERSISTENT23NOV265800CE,PERSISTENT,23NOV2026,580000.000000,125,OPTSTK,NFO,5.000000,3751,False
122837,PERSISTENT23NOV266400PE,PERSISTENT,23NOV2026,640000.000000,125,OPTSTK,NFO,5.000000,3751,False
122842,PERSISTENT23NOV266800CE,PERSISTENT,23NOV2026,680000.000000,125,OPTSTK,NFO,5.000000,3751,False
122874,PETRONET27OCT26265PE,PETRONET,27OCT2026,26500.000000,1900,OPTSTK,NFO,5.000000,76001,False
122878,PETRONET27OCT26285PE,PETRONET,27OCT2026,28500.000000,1900,OPTSTK,NFO,5.000000,76001,False
122887,PETRONET27OCT26315PE,PETRONET,27OCT2026,31500.000000,1900,OPTSTK,NFO,5.000000,76001,False
122931,PETRONET23NOV26290PE,PETRONET,23NOV2026,29000.000000,1900,OPTSTK,NFO,5.000000,76001,False
123015,PFC27OCT26365PE,PFC,27OCT2026,36500.000000,1300,OPTSTK,NFO,5.000000,52001,False
123016,PFC27OCT26375CE,PFC,27OCT2026,37500.000000,1300,OPTSTK,NFO,5.000000,52001,False
123029,PFC27OCT26405PE,PFC,27OCT2026,40500.000000,1300,OPTSTK,NFO,5.000000,52001,False
123096,PFC23NOV26370PE,PFC,23NOV2026,37000.000000,1300,OPTSTK,NFO,5.000000,52001,False
123100,LTF29SEP26260PE,LTF,29SEP2026,26000.000000,2250,OPTSTK,NFO,5.000000,67501,False
123118,LTF29SEP26280PE,LTF,29SEP2026,28000.000000,2250,OPTSTK,NFO,5.000000,67501,False
123190,PGEL23NOV26500CE,PGEL,23NOV2026,50000.000000,950,OPTSTK,NFO,5.000000,38001,False
123201,PGEL23NOV26600PE,PGEL,23NOV2026,60000.000000,950,OPTSTK,NFO,5.000000,38001,False
123261,PHOENIXLTD27OCT261820CE,PHOENIXLTD,27OCT2026,182000.000000,350,OPTSTK,NFO,5.000000,14001,False
123290,LTF29SEP26370CE,LTF,29SEP2026,37000.000000,2250,OPTSTK,NFO,5.000000,67501,False
123292,LTF29SEP26380CE,LTF,29SEP2026,38000.000000,2250,OPTSTK,NFO,5.000000,67501,False
123394,PHOENIXLTD23NOV261680CE,PHOENIXLTD,23NOV2026,168000.000000,350,OPTSTK,NFO,5.000000,14001,False
123440,LTM29SEP264500PE,LTM,29SEP2026,450000.000000,150,OPTSTK,NFO,5.000000,6001,False
123448,LTM29SEP265000PE,LTM,29SEP2026,500000.000000,150,OPTSTK,NFO,5.000000,6001,False
123454,PHOENIXLTD23NOV261800CE,PHOENIXLTD,23NOV2026,180000.000000,350,OPTSTK,NFO,5.000000,14001,False
123497,PHOENIXLTD23NOV262080PE,PHOENIXLTD,23NOV2026,208000.000000,350,OPTSTK,NFO,5.000000,14001,False
123498,PHOENIXLTD23NOV262120CE,PHOENIXLTD,23NOV2026,212000.000000,350,OPTSTK,NFO,5.000000,14001,False
123593,PIDILITIND27OCT261780PE,PIDILITIND,27OCT2026,178000.000000,500,OPTSTK,NFO,5.000000,15001,False
123635,PIDILITIND23NOV261400PE,PIDILITIND,23NOV2026,140000.000000,500,OPTSTK,NFO,5.000000,15001,False
123662,PIDILITIND23NOV261920CE,PIDILITIND,23NOV2026,192000.000000,500,OPTSTK,NFO,5.000000,15001,False
123697,PIIND27OCT262150PE,PIIND,27OCT2026,215000.000000,175,OPTSTK,NFO,5.000000,8751,False
123702,PIIND27OCT262450CE,PIIND,27OCT2026,245000.000000,175,OPTSTK,NFO,5.000000,8751,False
123739,PIIND23NOV262000PE,PIIND,23NOV2026,200000.000000,175,OPTSTK,NFO,5.000000,8751,False
123751,PIIND23NOV262200CE,PIIND,23NOV2026,220000.000000,175,OPTSTK,NFO,5.000000,8751,False
123766,PIIND23NOV262500PE,PIIND,23NOV2026,250000.000000,175,OPTSTK,NFO,5.000000,8751,False
123800,PIIND23NOV262700CE,PIIND,23NOV2026,270000.000000,175,OPTSTK,NFO,5.000000,8751,False
123859,PNB27OCT26109PE,PNB,27OCT2026,10900.000000,8000,OPTSTK,NFO,1.000000,240001,False
123888,LUPIN29SEP261840CE,LUPIN,29SEP2026,184000.000000,425,OPTSTK,NFO,5.000000,12751,False
123893,PNB27OCT26125CE,PNB,27OCT2026,12500.000000,8000,OPTSTK,NFO,1.000000,240001,False
123895,PNB27OCT26127CE,PNB,27OCT2026,12700.000000,8000,OPTSTK,NFO,1.000000,240001,False
123897,LUPIN29SEP261920PE,LUPIN,29SEP2026,192000.000000,425,OPTSTK,NFO,5.000000,12751,False
123898,LUPIN29SEP261960CE,LUPIN,29SEP2026,196000.000000,425,OPTSTK,NFO,5.000000,12751,False
123905,LUPIN29SEP262000PE,LUPIN,29SEP2026,200000.000000,425,OPTSTK,NFO,5.000000,12751,False
123909,LUPIN29SEP262040CE,LUPIN,29SEP2026,204000.000000,425,OPTSTK,NFO,5.000000,12751,False
123940,LUPIN29SEP262240CE,LUPIN,29SEP2026,224000.000000,425,OPTSTK,NFO,5.000000,12751,False
123988,PNB23NOV26104CE,PNB,23NOV2026,10400.000000,8000,OPTSTK,NFO,1.000000,240001,False
123993,PNB23NOV26108PE,PNB,23NOV2026,10800.000000,8000,OPTSTK,NFO,1.000000,240001,False
123994,PNB23NOV26110CE,PNB,23NOV2026,11000.000000,8000,OPTSTK,NFO,1.000000,240001,False
123995,PNB23NOV26110PE,PNB,23NOV2026,11000.000000,8000,OPTSTK,NFO,1.000000,240001,False
123996,PNB23NOV26112CE,PNB,23NOV2026,11200.000000,8000,OPTSTK,NFO,1.000000,240001,False
123999,PNB23NOV26114PE,PNB,23NOV2026,11400.000000,8000,OPTSTK,NFO,1.000000,240001,False
124001,PNB23NOV26116PE,PNB,23NOV2026,11600.000000,8000,OPTSTK,NFO,1.000000,240001,False
124078,PNBHOUSING27OCT261260CE,PNBHOUSING,27OCT2026,126000.000000,650,OPTSTK,NFO,5.000000,19501,False
124111,PNBHOUSING23NOV261040PE,PNBHOUSING,23NOV2026,104000.000000,650,OPTSTK,NFO,5.000000,19501,False
124113,PNBHOUSING23NOV261080PE,PNBHOUSING,23NOV2026,108000.000000,650,OPTSTK,NFO,5.000000,19501,False
124114,PNBHOUSING23NOV261120CE,PNBHOUSING,23NOV2026,112000.000000,650,OPTSTK,NFO,5.000000,19501,False
124125,PNBHOUSING23NOV261280PE,PNBHOUSING,23NOV2026,128000.000000,650,OPTSTK,NFO,5.000000,19501,False
124165,POLICYBZR27OCT261660PE,POLICYBZR,27OCT2026,166000.000000,350,OPTSTK,NFO,5.000000,14001,False
124175,POLICYBZR27OCT261860PE,POLICYBZR,27OCT2026,186000.000000,350,OPTSTK,NFO,5.000000,14001,False
124269,POLICYBZR23NOV261880PE,POLICYBZR,23NOV2026,188000.000000,350,OPTSTK,NFO,5.000000,14001,False
124274,POLICYBZR23NOV262000CE,POLICYBZR,23NOV2026,200000.000000,350,OPTSTK,NFO,5.000000,14001,False
124314,POLYCAB27OCT267500CE,POLYCAB,27OCT2026,750000.000000,125,OPTSTK,NFO,5.000000,2501,False
124317,POLYCAB27OCT267700PE,POLYCAB,27OCT2026,770000.000000,125,OPTSTK,NFO,5.000000,2501,False
124326,POLYCAB27OCT268700CE,POLYCAB,27OCT2026,870000.000000,125,OPTSTK,NFO,5.000000,2501,False
124332,POLYCAB27OCT269300CE,POLYCAB,27OCT2026,930000.000000,125,OPTSTK,NFO,5.000000,2501,False
124342,POLYCAB27OCT2610300CE,POLYCAB,27OCT2026,1030000.000000,125,OPTSTK,NFO,5.000000,2501,False
124490,POLYCAB23NOV266800PE,POLYCAB,23NOV2026,680000.000000,125,OPTSTK,NFO,5.000000,2501,False
124493,POLYCAB23NOV267200CE,POLYCAB,23NOV2026,720000.000000,125,OPTSTK,NFO,5.000000,2501,False
124495,POLYCAB23NOV267400CE,POLYCAB,23NOV2026,740000.000000,125,OPTSTK,NFO,5.000000,2501,False
124497,POLYCAB23NOV267600CE,POLYCAB,23NOV2026,760000.000000,125,OPTSTK,NFO,5.000000,2501,False
124530,POLYCAB23NOV269400PE,POLYCAB,23NOV2026,940000.000000,125,OPTSTK,NFO,5.000000,2501,False
124532,POLYCAB23NOV269600PE,POLYCAB,23NOV2026,960000.000000,125,OPTSTK,NFO,5.000000,2501,False
124546,POLYCAB23NOV2610800PE,POLYCAB,23NOV2026,1080000.000000,125,OPTSTK,NFO,5.000000,2501,False
124585,M&M29SEP263000PE,M&M,29SEP2026,300000.000000,200,OPTSTK,NFO,5.000000,8001,False
124586,M&M29SEP263100CE,M&M,29SEP2026,310000.000000,200,OPTSTK,NFO,5.000000,8001,False
124599,M&M29SEP263300CE,M&M,29SEP2026,330000.000000,200,OPTSTK,NFO,5.000000,8001,False
124629,POWERGRID27OCT26287.5PE,POWERGRID,27OCT2026,28750.000000,1900,OPTSTK,NFO,5.000000,76001,False
124694,M&M29SEP263600PE,M&M,29SEP2026,360000.000000,200,OPTSTK,NFO,5.000000,8001,False
124742,POWERGRID23NOV26310PE,POWERGRID,23NOV2026,31000.000000,1900,OPTSTK,NFO,5.000000,76001,False
124852,POWERINDIA27OCT2633500PE,POWERINDIA,27OCT2026,3350000.000000,25,OPTSTK,NFO,5.000000,751,False
124923,POWERINDIA23NOV2631000PE,POWERINDIA,23NOV2026,3100000.000000,25,OPTSTK,NFO,5.000000,751,False
124974,PREMIERENE27OCT26900CE,PREMIERENE,27OCT2026,90000.000000,650,OPTSTK,NFO,5.000000,26001,False
124986,PREMIERENE27OCT261140CE,PREMIERENE,27OCT2026,114000.000000,650,OPTSTK,NFO,5.000000,26001,False
125015,PREMIERENE23NOV26800PE,PREMIERENE,23NOV2026,80000.000000,650,OPTSTK,NFO,5.000000,26001,False
125020,PREMIERENE23NOV26920CE,PREMIERENE,23NOV2026,92000.000000,650,OPTSTK,NFO,5.000000,26001,False
125026,PREMIERENE23NOV261040CE,PREMIERENE,23NOV2026,104000.000000,650,OPTSTK,NFO,5.000000,26001,False
125071,MANAPPURAM29SEP26280CE,MANAPPURAM,29SEP2026,28000.000000,3000,OPTSTK,NFO,5.000000,60001,False
125077,MANAPPURAM29SEP26290CE,MANAPPURAM,29SEP2026,29000.000000,3000,OPTSTK,NFO,5.000000,60001,False
125079,MANAPPURAM29SEP26300CE,MANAPPURAM,29SEP2026,30000.000000,3000,OPTSTK,NFO,5.000000,60001,False
125096,MANAPPURAM29SEP26380PE,MANAPPURAM,29SEP2026,38000.000000,3000,OPTSTK,NFO,5.000000,60001,False
125101,MANAPPURAM29SEP26410CE,MANAPPURAM,29SEP2026,41000.000000,3000,OPTSTK,NFO,5.000000,60001,False
125108,PRESTIGE27OCT261660CE,PRESTIGE,27OCT2026,166000.000000,450,OPTSTK,NFO,5.000000,13501,False
125178,PRESTIGE23NOV261320CE,PRESTIGE,23NOV2026,132000.000000,450,OPTSTK,NFO,5.000000,13501,False
125180,PRESTIGE23NOV261360CE,PRESTIGE,23NOV2026,136000.000000,450,OPTSTK,NFO,5.000000,13501,False
125198,PRESTIGE23NOV261680CE,PRESTIGE,23NOV2026,168000.000000,450,OPTSTK,NFO,5.000000,13501,False
125267,RADICO27OCT264250PE,RADICO,27OCT2026,425000.000000,150,OPTSTK,NFO,5.000000,6001,False
125276,RADICO27OCT264750CE,RADICO,27OCT2026,475000.000000,150,OPTSTK,NFO,5.000000,6001,False
125332,RADICO23NOV264400PE,RADICO,23NOV2026,440000.000000,150,OPTSTK,NFO,5.000000,6001,False
125333,RADICO23NOV264500CE,RADICO,23NOV2026,450000.000000,150,OPTSTK,NFO,5.000000,6001,False
125348,RADICO23NOV265000PE,RADICO,23NOV2026,500000.000000,150,OPTSTK,NFO,5.000000,6001,False
125422,MANKIND29SEP261880CE,MANKIND,29SEP2026,188000.000000,250,OPTSTK,NFO,5.000000,10001,False
125482,RBLBANK27OCT26355CE,RBLBANK,27OCT2026,35500.000000,3175,OPTSTK,NFO,5.000000,63501,False
125565,RBLBANK23NOV26320CE,RBLBANK,23NOV2026,32000.000000,3175,OPTSTK,NFO,5.000000,63501,False
125577,RBLBANK23NOV26380CE,RBLBANK,23NOV2026,38000.000000,3175,OPTSTK,NFO,5.000000,63501,False
125634,MARICO29SEP26700PE,MARICO,29SEP2026,70000.000000,1200,OPTSTK,NFO,5.000000,36001,False
125650,RECLTD27OCT26285PE,RECLTD,27OCT2026,28500.000000,1575,OPTSTK,NFO,5.000000,63001,False
125653,RECLTD27OCT26305CE,RECLTD,27OCT2026,30500.000000,1575,OPTSTK,NFO,5.000000,63001,False
125658,RECLTD27OCT26325PE,RECLTD,27OCT2026,32500.000000,1575,OPTSTK,NFO,5.000000,63001,False
125659,RECLTD27OCT26335CE,RECLTD,27OCT2026,33500.000000,1575,OPTSTK,NFO,5.000000,63001,False
125716,RECLTD23NOV26260PE,RECLTD,23NOV2026,26000.000000,1575,OPTSTK,NFO,5.000000,63001,False
125723,RECLTD23NOV26300CE,RECLTD,23NOV2026,30000.000000,1575,OPTSTK,NFO,5.000000,63001,False
125760,MARICO29SEP26840CE,MARICO,29SEP2026,84000.000000,1200,OPTSTK,NFO,5.000000,36001,False
125774,MARICO29SEP26860PE,MARICO,29SEP2026,86000.000000,1200,OPTSTK,NFO,5.000000,36001,False
125779,MARICO29SEP26920CE,MARICO,29SEP2026,92000.000000,1200,OPTSTK,NFO,5.000000,36001,False
125859,RELIANCE27OCT261230CE,RELIANCE,27OCT2026,123000.000000,500,OPTSTK,NFO,5.000000,20001,False
125860,RELIANCE27OCT261230PE,RELIANCE,27OCT2026,123000.000000,500,OPTSTK,NFO,5.000000,20001,False
125907,RELIANCE27OCT261370PE,RELIANCE,27OCT2026,137000.000000,500,OPTSTK,NFO,5.000000,20001,False
125986,RELIANCE23NOV261180PE,RELIANCE,23NOV2026,118000.000000,500,OPTSTK,NFO,5.000000,20001,False
126011,RELIANCE23NOV261420PE,RELIANCE,23NOV2026,142000.000000,500,OPTSTK,NFO,5.000000,20001,False
126021,RELIANCE23NOV261520PE,RELIANCE,23NOV2026,152000.000000,500,OPTSTK,NFO,5.000000,20001,False
126075,RVNL27OCT26225CE,RVNL,27OCT2026,22500.000000,1925,OPTSTK,NFO,1.000000,96251,False
126076,RVNL27OCT26225PE,RVNL,27OCT2026,22500.000000,1925,OPTSTK,NFO,1.000000,96251,False
126079,RVNL27OCT26245CE,RVNL,27OCT2026,24500.000000,1925,OPTSTK,NFO,1.000000,96251,False
126121,RVNL23NOV26260CE,RVNL,23NOV2026,26000.000000,1925,OPTSTK,NFO,1.000000,96251,False
126122,RVNL23NOV26260PE,RVNL,23NOV2026,26000.000000,1925,OPTSTK,NFO,1.000000,96251,False
126157,SAGILITY29SEP2638CE,SAGILITY,29SEP2026,3800.000000,12000,OPTSTK,NFO,1.000000,480001,False
126160,SAGILITY29SEP2639PE,SAGILITY,29SEP2026,3900.000000,12000,OPTSTK,NFO,1.000000,480001,False
126163,SAGILITY29SEP2641CE,SAGILITY,29SEP2026,4100.000000,12000,OPTSTK,NFO,1.000000,480001,False
126221,SAGILITY27OCT2638CE,SAGILITY,27OCT2026,3800.000000,12000,OPTSTK,NFO,1.000000,480001,False
126227,SAGILITY27OCT2641CE,SAGILITY,27OCT2026,4100.000000,12000,OPTSTK,NFO,1.000000,480001,False
126231,SAGILITY27OCT2643CE,SAGILITY,27OCT2026,4300.000000,12000,OPTSTK,NFO,1.000000,480001,False
126283,SAGILITY23NOV2640CE,SAGILITY,23NOV2026,4000.000000,12000,OPTSTK,NFO,1.000000,480001,False
126291,SAGILITY23NOV2640PE,SAGILITY,23NOV2026,4000.000000,12000,OPTSTK,NFO,1.000000,480001,False
126293,SAGILITY23NOV2642PE,SAGILITY,23NOV2026,4200.000000,12000,OPTSTK,NFO,1.000000,480001,False
126314,SAGILITY23NOV2654PE,SAGILITY,23NOV2026,5400.000000,12000,OPTSTK,NFO,1.000000,480001,False
126316,SAGILITY23NOV2656PE,SAGILITY,23NOV2026,5600.000000,12000,OPTSTK,NFO,1.000000,480001,False
126359,SAIL27OCT26167.5PE,SAIL,27OCT2026,16750.000000,4700,OPTSTK,NFO,1.000000,141001,False
126382,SAIL27OCT26187.5PE,SAIL,27OCT2026,18750.000000,4700,OPTSTK,NFO,1.000000,141001,False
126398,SAIL27OCT26197.5PE,SAIL,27OCT2026,19750.000000,4700,OPTSTK,NFO,1.000000,141001,False
126407,MARUTI29SEP2611200CE,MARUTI,29SEP2026,1120000.000000,50,OPTSTK,NFO,5.000000,2001,False
126416,MARUTI29SEP2611800PE,MARUTI,29SEP2026,1180000.000000,50,OPTSTK,NFO,5.000000,2001,False
126422,MARUTI29SEP2612400PE,MARUTI,29SEP2026,1240000.000000,50,OPTSTK,NFO,5.000000,2001,False
126439,MARUTI29SEP2614200CE,MARUTI,29SEP2026,1420000.000000,50,OPTSTK,NFO,5.000000,2001,False
126442,MARUTI29SEP2614400PE,MARUTI,29SEP2026,1440000.000000,50,OPTSTK,NFO,5.000000,2001,False
126443,MARUTI29SEP2614600CE,MARUTI,29SEP2026,1460000.000000,50,OPTSTK,NFO,5.000000,2001,False
126446,MARUTI29SEP2614800PE,MARUTI,29SEP2026,1480000.000000,50,OPTSTK,NFO,5.000000,2001,False
126447,MARUTI29SEP2615000CE,MARUTI,29SEP2026,1500000.000000,50,OPTSTK,NFO,5.000000,2001,False
126449,MARUTI29SEP2615200CE,MARUTI,29SEP2026,1520000.000000,50,OPTSTK,NFO,5.000000,2001,False
126451,MARUTI29SEP2615400CE,MARUTI,29SEP2026,1540000.000000,50,OPTSTK,NFO,5.000000,2001,False
126456,MARUTI29SEP2615800PE,MARUTI,29SEP2026,1580000.000000,50,OPTSTK,NFO,5.000000,2001,False
126520,SAIL23NOV26165CE,SAIL,23NOV2026,16500.000000,4700,OPTSTK,NFO,1.000000,141001,False
126528,SAIL23NOV26175PE,SAIL,23NOV2026,17500.000000,4700,OPTSTK,NFO,1.000000,141001,False
126538,SAIL23NOV26190CE,SAIL,23NOV2026,19000.000000,4700,OPTSTK,NFO,1.000000,141001,False
126539,SAIL23NOV26190PE,SAIL,23NOV2026,19000.000000,4700,OPTSTK,NFO,1.000000,141001,False
126549,SAIL23NOV26205PE,SAIL,23NOV2026,20500.000000,4700,OPTSTK,NFO,1.000000,141001,False
126553,SAIL23NOV26215PE,SAIL,23NOV2026,21500.000000,4700,OPTSTK,NFO,1.000000,141001,False
126591,SBICARD27OCT26590PE,SBICARD,27OCT2026,59000.000000,800,OPTSTK,NFO,5.000000,40001,False
126609,SBICARD27OCT26750PE,SBICARD,27OCT2026,75000.000000,800,OPTSTK,NFO,5.000000,40001,False
126642,SBICARD23NOV26560CE,SBICARD,23NOV2026,56000.000000,800,OPTSTK,NFO,5.000000,40001,False
126646,SBICARD23NOV26600CE,SBICARD,23NOV2026,60000.000000,800,OPTSTK,NFO,5.000000,40001,False
126649,SBICARD23NOV26620PE,SBICARD,23NOV2026,62000.000000,800,OPTSTK,NFO,5.000000,40001,False
126657,SBICARD23NOV26700PE,SBICARD,23NOV2026,70000.000000,800,OPTSTK,NFO,5.000000,40001,False
126658,SBICARD23NOV26720CE,SBICARD,23NOV2026,72000.000000,800,OPTSTK,NFO,5.000000,40001,False
126661,SBICARD23NOV26740PE,SBICARD,23NOV2026,74000.000000,800,OPTSTK,NFO,5.000000,40001,False
126663,SBICARD23NOV26760PE,SBICARD,23NOV2026,76000.000000,800,OPTSTK,NFO,5.000000,40001,False
126726,SBILIFE27OCT261820CE,SBILIFE,27OCT2026,182000.000000,375,OPTSTK,NFO,5.000000,15001,False
126731,SBILIFE27OCT261900PE,SBILIFE,27OCT2026,190000.000000,375,OPTSTK,NFO,5.000000,15001,False
126862,SBILIFE23NOV261640PE,SBILIFE,23NOV2026,164000.000000,375,OPTSTK,NFO,5.000000,15001,False
126867,SBILIFE23NOV261720PE,SBILIFE,23NOV2026,172000.000000,375,OPTSTK,NFO,5.000000,15001,False
126874,SBILIFE23NOV261800PE,SBILIFE,23NOV2026,180000.000000,375,OPTSTK,NFO,5.000000,15001,False
126876,SBILIFE23NOV261840PE,SBILIFE,23NOV2026,184000.000000,375,OPTSTK,NFO,5.000000,15001,False
126881,SBILIFE23NOV261920PE,SBILIFE,23NOV2026,192000.000000,375,OPTSTK,NFO,5.000000,15001,False
126963,MAXHEALTH29SEP261120CE,MAXHEALTH,29SEP2026,112000.000000,525,OPTSTK,NFO,5.000000,21001,False
126964,MAXHEALTH29SEP261120PE,MAXHEALTH,29SEP2026,112000.000000,525,OPTSTK,NFO,5.000000,21001,False
126965,MAXHEALTH29SEP261140CE,MAXHEALTH,29SEP2026,114000.000000,525,OPTSTK,NFO,5.000000,21001,False
126975,MAXHEALTH29SEP261240CE,MAXHEALTH,29SEP2026,124000.000000,525,OPTSTK,NFO,5.000000,21001,False
127001,SBIN27OCT26910PE,SBIN,27OCT2026,91000.000000,750,OPTSTK,NFO,5.000000,22501,False
127021,SBIN27OCT261110PE,SBIN,27OCT2026,111000.000000,750,OPTSTK,NFO,5.000000,22501,False
127142,SBIN23NOV26880CE,SBIN,23NOV2026,88000.000000,750,OPTSTK,NFO,5.000000,22501,False
127153,SBIN23NOV26980PE,SBIN,23NOV2026,98000.000000,750,OPTSTK,NFO,5.000000,22501,False
127158,SBIN23NOV261040CE,SBIN,23NOV2026,104000.000000,750,OPTSTK,NFO,5.000000,22501,False
127166,SBIN23NOV261120CE,SBIN,23NOV2026,112000.000000,750,OPTSTK,NFO,5.000000,22501,False
127221,SHREECEM27OCT2621250PE,SHREECEM,27OCT2026,2125000.000000,25,OPTSTK,NFO,5.000000,1001,False
127297,SHREECEM23NOV2620500PE,SHREECEM,23NOV2026,2050000.000000,25,OPTSTK,NFO,5.000000,1001,False
127302,SHREECEM23NOV2622000CE,SHREECEM,23NOV2026,2200000.000000,25,OPTSTK,NFO,5.000000,1001,False
127307,SHREECEM23NOV2623000PE,SHREECEM,23NOV2026,2300000.000000,25,OPTSTK,NFO,5.000000,1001,False
127312,SHREECEM23NOV2624500CE,SHREECEM,23NOV2026,2450000.000000,25,OPTSTK,NFO,5.000000,1001,False
127315,SHREECEM23NOV2625000PE,SHREECEM,23NOV2026,2500000.000000,25,OPTSTK,NFO,5.000000,1001,False
127318,SHREECEM23NOV2626000CE,SHREECEM,23NOV2026,2600000.000000,25,OPTSTK,NFO,5.000000,1001,False
127323,SHREECEM23NOV2627000PE,SHREECEM,23NOV2026,2700000.000000,25,OPTSTK,NFO,5.000000,1001,False
127330,SHREECEM23NOV2629000CE,SHREECEM,23NOV2026,2900000.000000,25,OPTSTK,NFO,5.000000,1001,False
127406,SHRIRAMFIN27OCT261140CE,SHRIRAMFIN,27OCT2026,114000.000000,825,OPTSTK,NFO,5.000000,24751,False
127415,SHRIRAMFIN27OCT261180PE,SHRIRAMFIN,27OCT2026,118000.000000,825,OPTSTK,NFO,5.000000,24751,False
127417,SHRIRAMFIN27OCT261220PE,SHRIRAMFIN,27OCT2026,122000.000000,825,OPTSTK,NFO,5.000000,24751,False
127451,MAZDOCK29SEP262100CE,MAZDOCK,29SEP2026,210000.000000,225,OPTSTK,NFO,5.000000,9001,False
127480,SHRIRAMFIN23NOV261000CE,SHRIRAMFIN,23NOV2026,100000.000000,825,OPTSTK,NFO,5.000000,24751,False
127483,SHRIRAMFIN23NOV261040PE,SHRIRAMFIN,23NOV2026,104000.000000,825,OPTSTK,NFO,5.000000,24751,False
127490,SHRIRAMFIN23NOV261080PE,SHRIRAMFIN,23NOV2026,108000.000000,825,OPTSTK,NFO,5.000000,24751,False
127509,SHRIRAMFIN23NOV261280CE,SHRIRAMFIN,23NOV2026,128000.000000,825,OPTSTK,NFO,5.000000,24751,False
127607,SIEMENS27OCT263950PE,SIEMENS,27OCT2026,395000.000000,175,OPTSTK,NFO,5.000000,7001,False
127614,SIEMENS27OCT264150PE,SIEMENS,27OCT2026,415000.000000,175,OPTSTK,NFO,5.000000,7001,False
127617,SIEMENS27OCT264350CE,SIEMENS,27OCT2026,435000.000000,175,OPTSTK,NFO,5.000000,7001,False
127671,SIEMENS23NOV264000PE,SIEMENS,23NOV2026,400000.000000,175,OPTSTK,NFO,5.000000,7001,False
127672,SIEMENS23NOV264100CE,SIEMENS,23NOV2026,410000.000000,175,OPTSTK,NFO,5.000000,7001,False
127679,SIEMENS23NOV264400PE,SIEMENS,23NOV2026,440000.000000,175,OPTSTK,NFO,5.000000,7001,False
127729,SOLARINDS27OCT2620250PE,SOLARINDS,27OCT2026,2025000.000000,50,OPTSTK,NFO,5.000000,1501,False
127733,SOLARINDS27OCT2621250PE,SOLARINDS,27OCT2026,2125000.000000,50,OPTSTK,NFO,5.000000,1501,False
127833,MCX29SEP262300CE,MCX,29SEP2026,230000.000000,225,OPTSTK,NFO,5.000000,6751,False
127836,SOLARINDS23NOV2617000PE,SOLARINDS,23NOV2026,1700000.000000,50,OPTSTK,NFO,5.000000,1501,False
127853,SOLARINDS23NOV2621500CE,SOLARINDS,23NOV2026,2150000.000000,50,OPTSTK,NFO,5.000000,1501,False
127894,MCX29SEP263800CE,MCX,29SEP2026,380000.000000,225,OPTSTK,NFO,5.000000,6751,False
127979,MFSL29SEP261400PE,MFSL,29SEP2026,140000.000000,400,OPTSTK,NFO,5.000000,16001,False
127999,MFSL29SEP261800PE,MFSL,29SEP2026,180000.000000,400,OPTSTK,NFO,5.000000,16001,False
128028,SONACOMS27OCT26730PE,SONACOMS,27OCT2026,73000.000000,1225,OPTSTK,NFO,5.000000,36751,False
128036,SONACOMS27OCT26790CE,SONACOMS,27OCT2026,79000.000000,1225,OPTSTK,NFO,5.000000,36751,False
128038,SONACOMS27OCT26810CE,SONACOMS,27OCT2026,81000.000000,1225,OPTSTK,NFO,5.000000,36751,False
128082,SONACOMS23NOV26760CE,SONACOMS,23NOV2026,76000.000000,1225,OPTSTK,NFO,5.000000,36751,False
128087,SONACOMS23NOV26800PE,SONACOMS,23NOV2026,80000.000000,1225,OPTSTK,NFO,5.000000,36751,False
128120,SRF27OCT262250CE,SRF,27OCT2026,225000.000000,200,OPTSTK,NFO,5.000000,8001,False
128122,SRF27OCT262350CE,SRF,27OCT2026,235000.000000,200,OPTSTK,NFO,5.000000,8001,False
128129,SRF27OCT262650CE,SRF,27OCT2026,265000.000000,200,OPTSTK,NFO,5.000000,8001,False
128130,SRF27OCT262650PE,SRF,27OCT2026,265000.000000,200,OPTSTK,NFO,5.000000,8001,False
128198,SRF23NOV263000PE,SRF,23NOV2026,300000.000000,200,OPTSTK,NFO,5.000000,8001,False
128260,SUNPHARMA27OCT261980PE,SUNPHARMA,27OCT2026,198000.000000,350,OPTSTK,NFO,5.000000,14001,False
128345,SUNPHARMA23NOV262120CE,SUNPHARMA,23NOV2026,212000.000000,350,OPTSTK,NFO,5.000000,14001,False
128412,SUPREMEIND27OCT263850CE,SUPREMEIND,27OCT2026,385000.000000,175,OPTSTK,NFO,5.000000,7001,False
128413,SUPREMEIND27OCT263850PE,SUPREMEIND,27OCT2026,385000.000000,175,OPTSTK,NFO,5.000000,7001,False
128465,SUPREMEIND23NOV263400CE,SUPREMEIND,23NOV2026,340000.000000,175,OPTSTK,NFO,5.000000,7001,False
128478,SUPREMEIND23NOV263700CE,SUPREMEIND,23NOV2026,370000.000000,175,OPTSTK,NFO,5.000000,7001,False
128489,SUPREMEIND23NOV264000PE,SUPREMEIND,23NOV2026,400000.000000,175,OPTSTK,NFO,5.000000,7001,False
128532,MOTHERSON29SEP26130CE,MOTHERSON,29SEP2026,13000.000000,6150,OPTSTK,NFO,1.000000,184501,False
128533,MOTHERSON29SEP26130PE,MOTHERSON,29SEP2026,13000.000000,6150,OPTSTK,NFO,1.000000,184501,False
128554,MOTHERSON29SEP26185CE,MOTHERSON,29SEP2026,18500.000000,6150,OPTSTK,NFO,1.000000,184501,False
128556,MOTHERSON29SEP26190CE,MOTHERSON,29SEP2026,19000.000000,6150,OPTSTK,NFO,1.000000,184501,False
128586,SUZLON27OCT2653CE,SUZLON,27OCT2026,5300.000000,12700,OPTSTK,NFO,1.000000,381001,False
128625,SUZLON23NOV2638PE,SUZLON,23NOV2026,3800.000000,12700,OPTSTK,NFO,1.000000,381001,False
128633,SUZLON23NOV2644CE,SUZLON,23NOV2026,4400.000000,12700,OPTSTK,NFO,1.000000,381001,False
128636,SUZLON23NOV2646PE,SUZLON,23NOV2026,4600.000000,12700,OPTSTK,NFO,1.000000,381001,False
128637,SUZLON23NOV2648CE,SUZLON,23NOV2026,4800.000000,12700,OPTSTK,NFO,1.000000,381001,False
128642,SUZLON23NOV2652PE,SUZLON,23NOV2026,5200.000000,12700,OPTSTK,NFO,1.000000,381001,False
128682,SWIGGY27OCT26295CE,SWIGGY,27OCT2026,29500.000000,1825,OPTSTK,NFO,5.000000,73001,False
128683,SWIGGY27OCT26295PE,SWIGGY,27OCT2026,29500.000000,1825,OPTSTK,NFO,5.000000,73001,False
128684,SWIGGY27OCT26305CE,SWIGGY,27OCT2026,30500.000000,1825,OPTSTK,NFO,5.000000,73001,False
128802,SWIGGY23NOV26220PE,SWIGGY,23NOV2026,22000.000000,1825,OPTSTK,NFO,5.000000,73001,False
128860,TATACONSUM27OCT26890PE,TATACONSUM,27OCT2026,89000.000000,550,OPTSTK,NFO,5.000000,22001,False
128881,TATACONSUM27OCT26990PE,TATACONSUM,27OCT2026,99000.000000,550,OPTSTK,NFO,5.000000,22001,False
128898,MOTILALOFS29SEP26880PE,MOTILALOFS,29SEP2026,88000.000000,775,OPTSTK,NFO,5.000000,23251,False
128904,MOTILALOFS29SEP261000PE,MOTILALOFS,29SEP2026,100000.000000,775,OPTSTK,NFO,5.000000,23251,False
128927,MOTILALOFS29SEP261080CE,MOTILALOFS,29SEP2026,108000.000000,775,OPTSTK,NFO,5.000000,23251,False
129036,TATACONSUM23NOV26900CE,TATACONSUM,23NOV2026,90000.000000,550,OPTSTK,NFO,5.000000,22001,False
129055,TATACONSUM23NOV261080PE,TATACONSUM,23NOV2026,108000.000000,550,OPTSTK,NFO,5.000000,22001,False
129062,TATACONSUM23NOV261160CE,TATACONSUM,23NOV2026,116000.000000,550,OPTSTK,NFO,5.000000,22001,False
129116,TATAELXSI27OCT263050CE,TATAELXSI,27OCT2026,305000.000000,125,OPTSTK,NFO,5.000000,6251,False
129134,TATAELXSI27OCT263850PE,TATAELXSI,27OCT2026,385000.000000,125,OPTSTK,NFO,5.000000,6251,False
129221,TATAELXSI23NOV262800CE,TATAELXSI,23NOV2026,280000.000000,125,OPTSTK,NFO,5.000000,6251,False
129263,TATAELXSI23NOV264100CE,TATAELXSI,23NOV2026,410000.000000,125,OPTSTK,NFO,5.000000,6251,False
129302,MPHASIS29SEP262338CE,MPHASIS,29SEP2026,233800.000000,275,OPTSTK,NFO,5.000000,11001,False
129323,TATAPOWER27OCT26335CE,TATAPOWER,27OCT2026,33500.000000,1450,OPTSTK,NFO,5.000000,58001,False
129334,TATAPOWER27OCT26385PE,TATAPOWER,27OCT2026,38500.000000,1450,OPTSTK,NFO,5.000000,58001,False
129373,TATAPOWER23NOV26280CE,TATAPOWER,23NOV2026,28000.000000,1450,OPTSTK,NFO,5.000000,58001,False
129377,TATAPOWER23NOV26300CE,TATAPOWER,23NOV2026,30000.000000,1450,OPTSTK,NFO,5.000000,58001,False
129384,TATAPOWER23NOV26330PE,TATAPOWER,23NOV2026,33000.000000,1450,OPTSTK,NFO,5.000000,58001,False
129391,TATAPOWER23NOV26370CE,TATAPOWER,23NOV2026,37000.000000,1450,OPTSTK,NFO,5.000000,58001,False
129551,TATASTEEL23NOV26160PE,TATASTEEL,23NOV2026,16000.000000,2750,OPTSTK,NFO,1.000000,137501,False
129556,TATASTEEL23NOV26175CE,TATASTEEL,23NOV2026,17500.000000,2750,OPTSTK,NFO,1.000000,137501,False
129569,TATASTEEL23NOV26200PE,TATASTEEL,23NOV2026,20000.000000,2750,OPTSTK,NFO,1.000000,137501,False
129577,TATASTEEL23NOV26220PE,TATASTEEL,23NOV2026,22000.000000,2750,OPTSTK,NFO,1.000000,137501,False
129634,MUTHOOTFIN29SEP262800PE,MUTHOOTFIN,29SEP2026,280000.000000,275,OPTSTK,NFO,5.000000,8251,False
129642,MUTHOOTFIN29SEP263200PE,MUTHOOTFIN,29SEP2026,320000.000000,275,OPTSTK,NFO,5.000000,8251,False
129644,MUTHOOTFIN29SEP263300PE,MUTHOOTFIN,29SEP2026,330000.000000,275,OPTSTK,NFO,5.000000,8251,False
129676,TCS27OCT262260PE,TCS,27OCT2026,226000.000000,225,OPTSTK,NFO,5.000000,9001,False
129782,TCS23NOV262200CE,TCS,23NOV2026,220000.000000,225,OPTSTK,NFO,5.000000,9001,False
129783,TCS23NOV262200PE,TCS,23NOV2026,220000.000000,225,OPTSTK,NFO,5.000000,9001,False
129795,TCS23NOV262440PE,TCS,23NOV2026,244000.000000,225,OPTSTK,NFO,5.000000,9001,False
129804,TCS23NOV262640CE,TCS,23NOV2026,264000.000000,225,OPTSTK,NFO,5.000000,9001,False
129954,TECHM23NOV261280CE,TECHM,23NOV2026,128000.000000,600,OPTSTK,NFO,5.000000,18001,False
129955,TECHM23NOV261280PE,TECHM,23NOV2026,128000.000000,600,OPTSTK,NFO,5.000000,18001,False
129958,TECHM23NOV261360CE,TECHM,23NOV2026,136000.000000,600,OPTSTK,NFO,5.000000,18001,False
129961,TECHM23NOV261400PE,TECHM,23NOV2026,140000.000000,600,OPTSTK,NFO,5.000000,18001,False
129972,TECHM23NOV261640CE,TECHM,23NOV2026,164000.000000,600,OPTSTK,NFO,5.000000,18001,False
130008,NAM-INDIA29SEP261320PE,NAM-INDIA,29SEP2026,132000.000000,625,OPTSTK,NFO,5.000000,18751,False
130058,NATIONALUM29SEP26320PE,NATIONALUM,29SEP2026,32000.000000,1875,OPTSTK,NFO,5.000000,56251,False
130068,NATIONALUM29SEP26420PE,NATIONALUM,29SEP2026,42000.000000,1875,OPTSTK,NFO,5.000000,56251,False
130088,TIINDIA27OCT262350PE,TIINDIA,27OCT2026,235000.000000,200,OPTSTK,NFO,5.000000,8001,False
130099,TIINDIA27OCT262950CE,TIINDIA,27OCT2026,295000.000000,200,OPTSTK,NFO,5.000000,8001,False
130168,TIINDIA23NOV262300PE,TIINDIA,23NOV2026,230000.000000,200,OPTSTK,NFO,5.000000,8001,False
130174,TIINDIA23NOV262400PE,TIINDIA,23NOV2026,240000.000000,200,OPTSTK,NFO,5.000000,8001,False
130226,TITAN27OCT264550PE,TITAN,27OCT2026,455000.000000,175,OPTSTK,NFO,5.000000,5251,False
130232,TITAN27OCT264850PE,TITAN,27OCT2026,485000.000000,175,OPTSTK,NFO,5.000000,5251,False
130233,TITAN27OCT264950CE,TITAN,27OCT2026,495000.000000,175,OPTSTK,NFO,5.000000,5251,False
130288,TITAN23NOV264400PE,TITAN,23NOV2026,440000.000000,175,OPTSTK,NFO,5.000000,5251,False
130292,TITAN23NOV264600PE,TITAN,23NOV2026,460000.000000,175,OPTSTK,NFO,5.000000,5251,False
130298,TITAN23NOV264900PE,TITAN,23NOV2026,490000.000000,175,OPTSTK,NFO,5.000000,5251,False
130304,TITAN23NOV265200PE,TITAN,23NOV2026,520000.000000,175,OPTSTK,NFO,5.000000,5251,False
130315,TITAN23NOV265800CE,TITAN,23NOV2026,580000.000000,175,OPTSTK,NFO,5.000000,5251,False
130394,TMPV27OCT26325CE,TMPV,27OCT2026,32500.000000,1600,OPTSTK,NFO,5.000000,64001,False
130402,NAUKRI29SEP261440PE,NAUKRI,29SEP2026,144000.000000,550,OPTSTK,NFO,5.000000,16501,False
130405,TMPV27OCT26345CE,TMPV,27OCT2026,34500.000000,1600,OPTSTK,NFO,5.000000,64001,False
130406,TMPV27OCT26345PE,TMPV,27OCT2026,34500.000000,1600,OPTSTK,NFO,5.000000,64001,False
130407,TMPV27OCT26355CE,TMPV,27OCT2026,35500.000000,1600,OPTSTK,NFO,5.000000,64001,False
130444,TMPV23NOV26240PE,TMPV,23NOV2026,24000.000000,1600,OPTSTK,NFO,5.000000,64001,False
130469,TMPV23NOV26340CE,TMPV,23NOV2026,34000.000000,1600,OPTSTK,NFO,5.000000,64001,False
130471,TMPV23NOV26350CE,TMPV,23NOV2026,35000.000000,1600,OPTSTK,NFO,5.000000,64001,False
130532,TORNTPHARM27OCT264450CE,TORNTPHARM,27OCT2026,445000.000000,125,OPTSTK,NFO,5.000000,5001,False
130533,TORNTPHARM27OCT264450PE,TORNTPHARM,27OCT2026,445000.000000,125,OPTSTK,NFO,5.000000,5001,False
130598,TORNTPHARM23NOV264400CE,TORNTPHARM,23NOV2026,440000.000000,125,OPTSTK,NFO,5.000000,5001,False
130599,TORNTPHARM23NOV264400PE,TORNTPHARM,23NOV2026,440000.000000,125,OPTSTK,NFO,5.000000,5001,False
130605,TORNTPHARM23NOV264700PE,TORNTPHARM,23NOV2026,470000.000000,125,OPTSTK,NFO,5.000000,5001,False
130608,TORNTPHARM23NOV264900CE,TORNTPHARM,23NOV2026,490000.000000,125,OPTSTK,NFO,5.000000,5001,False
130615,TORNTPHARM23NOV265200PE,TORNTPHARM,23NOV2026,520000.000000,125,OPTSTK,NFO,5.000000,5001,False
130618,TORNTPHARM23NOV265400CE,TORNTPHARM,23NOV2026,540000.000000,125,OPTSTK,NFO,5.000000,5001,False
130640,TORNTPHARM23NOV265500CE,TORNTPHARM,23NOV2026,550000.000000,125,OPTSTK,NFO,5.000000,5001,False
130692,NBCC29SEP2675PE,NBCC,29SEP2026,7500.000000,6500,OPTSTK,NFO,1.000000,260001,False
130761,TRENT27OCT262550PE,TRENT,27OCT2026,255000.000000,225,OPTSTK,NFO,5.000000,9001,False
130771,TRENT27OCT263050PE,TRENT,27OCT2026,305000.000000,225,OPTSTK,NFO,5.000000,9001,False
130773,TRENT27OCT263150PE,TRENT,27OCT2026,315000.000000,225,OPTSTK,NFO,5.000000,9001,False
130804,TRENT23NOV262600CE,TRENT,23NOV2026,260000.000000,225,OPTSTK,NFO,5.000000,9001,False
130805,TRENT23NOV262600PE,TRENT,23NOV2026,260000.000000,225,OPTSTK,NFO,5.000000,9001,False
130815,TRENT23NOV263100PE,TRENT,23NOV2026,310000.000000,225,OPTSTK,NFO,5.000000,9001,False
130816,TRENT23NOV263200CE,TRENT,23NOV2026,320000.000000,225,OPTSTK,NFO,5.000000,9001,False
130821,TRENT23NOV263400PE,TRENT,23NOV2026,340000.000000,225,OPTSTK,NFO,5.000000,9001,False
130843,TVSMOTOR27OCT263550PE,TVSMOTOR,27OCT2026,355000.000000,175,OPTSTK,NFO,5.000000,5251,False
130849,TVSMOTOR27OCT263850PE,TVSMOTOR,27OCT2026,385000.000000,175,OPTSTK,NFO,5.000000,5251,False
130850,TVSMOTOR27OCT263950CE,TVSMOTOR,27OCT2026,395000.000000,175,OPTSTK,NFO,5.000000,5251,False
130875,TVSMOTOR27OCT264750CE,TVSMOTOR,27OCT2026,475000.000000,175,OPTSTK,NFO,5.000000,5251,False
130876,TVSMOTOR27OCT264750PE,TVSMOTOR,27OCT2026,475000.000000,175,OPTSTK,NFO,5.000000,5251,False
130916,TVSMOTOR23NOV263600PE,TVSMOTOR,23NOV2026,360000.000000,175,OPTSTK,NFO,5.000000,5251,False
130936,TVSMOTOR23NOV264500CE,TVSMOTOR,23NOV2026,450000.000000,175,OPTSTK,NFO,5.000000,5251,False
130940,TVSMOTOR23NOV264500PE,TVSMOTOR,23NOV2026,450000.000000,175,OPTSTK,NFO,5.000000,5251,False
131024,ULTRACEMCO27OCT2610300CE,ULTRACEMCO,27OCT2026,1030000.000000,50,OPTSTK,NFO,5.000000,2001,False
131026,ULTRACEMCO27OCT2610500CE,ULTRACEMCO,27OCT2026,1050000.000000,50,OPTSTK,NFO,5.000000,2001,False
131036,ULTRACEMCO27OCT2611300PE,ULTRACEMCO,27OCT2026,1130000.000000,50,OPTSTK,NFO,5.000000,2001,False
131042,ULTRACEMCO27OCT2611500PE,ULTRACEMCO,27OCT2026,1150000.000000,50,OPTSTK,NFO,5.000000,2001,False
131055,ULTRACEMCO27OCT2612700CE,ULTRACEMCO,27OCT2026,1270000.000000,50,OPTSTK,NFO,5.000000,2001,False
131057,ULTRACEMCO27OCT2612900CE,ULTRACEMCO,27OCT2026,1290000.000000,50,OPTSTK,NFO,5.000000,2001,False
131160,ULTRACEMCO23NOV2610200CE,ULTRACEMCO,23NOV2026,1020000.000000,50,OPTSTK,NFO,5.000000,2001,False
131184,ULTRACEMCO23NOV2610600CE,ULTRACEMCO,23NOV2026,1060000.000000,50,OPTSTK,NFO,5.000000,2001,False
131200,ULTRACEMCO23NOV2612200CE,ULTRACEMCO,23NOV2026,1220000.000000,50,OPTSTK,NFO,5.000000,2001,False
131208,ULTRACEMCO23NOV2612800PE,ULTRACEMCO,23NOV2026,1280000.000000,50,OPTSTK,NFO,5.000000,2001,False
131342,NESTLEIND29SEP261200PE,NESTLEIND,29SEP2026,120000.000000,500,OPTSTK,NFO,5.000000,15001,False
131344,NESTLEIND29SEP261220PE,NESTLEIND,29SEP2026,122000.000000,500,OPTSTK,NFO,5.000000,15001,False
131350,NESTLEIND29SEP261280PE,NESTLEIND,29SEP2026,128000.000000,500,OPTSTK,NFO,5.000000,15001,False
131353,NESTLEIND29SEP261320CE,NESTLEIND,29SEP2026,132000.000000,500,OPTSTK,NFO,5.000000,15001,False
131355,NESTLEIND29SEP261340CE,NESTLEIND,29SEP2026,134000.000000,500,OPTSTK,NFO,5.000000,15001,False
131356,NESTLEIND29SEP261340PE,NESTLEIND,29SEP2026,134000.000000,500,OPTSTK,NFO,5.000000,15001,False
131360,NESTLEIND29SEP261380PE,NESTLEIND,29SEP2026,138000.000000,500,OPTSTK,NFO,5.000000,15001,False
131370,UNIONBANK27OCT26172.5PE,UNIONBANK,27OCT2026,17250.000000,4425,OPTSTK,NFO,1.000000,132751,False
131375,UNIONBANK27OCT26187.5CE,UNIONBANK,27OCT2026,18750.000000,4425,OPTSTK,NFO,1.000000,132751,False
131380,UNIONBANK27OCT26197.5PE,UNIONBANK,27OCT2026,19750.000000,4425,OPTSTK,NFO,1.000000,132751,False
131420,UNIONBANK23NOV26165CE,UNIONBANK,23NOV2026,16500.000000,4425,OPTSTK,NFO,1.000000,132751,False
131427,UNIONBANK23NOV26180CE,UNIONBANK,23NOV2026,18000.000000,4425,OPTSTK,NFO,1.000000,132751,False
131428,UNIONBANK23NOV26180PE,UNIONBANK,23NOV2026,18000.000000,4425,OPTSTK,NFO,1.000000,132751,False
131430,UNIONBANK23NOV26185PE,UNIONBANK,23NOV2026,18500.000000,4425,OPTSTK,NFO,1.000000,132751,False
131433,NESTLEIND29SEP261480CE,NESTLEIND,29SEP2026,148000.000000,500,OPTSTK,NFO,5.000000,15001,False
131454,NESTLEIND29SEP261660PE,NESTLEIND,29SEP2026,166000.000000,500,OPTSTK,NFO,5.000000,15001,False
131458,NESTLEIND29SEP261700PE,NESTLEIND,29SEP2026,170000.000000,500,OPTSTK,NFO,5.000000,15001,False
131469,UNIONBANK23NOV26195CE,UNIONBANK,23NOV2026,19500.000000,4425,OPTSTK,NFO,1.000000,132751,False
131470,UNIONBANK23NOV26195PE,UNIONBANK,23NOV2026,19500.000000,4425,OPTSTK,NFO,1.000000,132751,False
131509,UNIONBANK23NOV26210PE,UNIONBANK,23NOV2026,21000.000000,4425,OPTSTK,NFO,1.000000,132751,False
131574,UNITDSPR27OCT261500PE,UNITDSPR,27OCT2026,150000.000000,400,OPTSTK,NFO,5.000000,16001,False
131621,UNITDSPR23NOV261400CE,UNITDSPR,23NOV2026,140000.000000,400,OPTSTK,NFO,5.000000,16001,False
131624,UNITDSPR23NOV261440CE,UNITDSPR,23NOV2026,144000.000000,400,OPTSTK,NFO,5.000000,16001,False
131626,UNITDSPR23NOV261480CE,UNITDSPR,23NOV2026,148000.000000,400,OPTSTK,NFO,5.000000,16001,False
131632,UNITDSPR23NOV261600CE,UNITDSPR,23NOV2026,160000.000000,400,OPTSTK,NFO,5.000000,16001,False
131671,UNOMINDA27OCT261100PE,UNOMINDA,27OCT2026,110000.000000,550,OPTSTK,NFO,5.000000,22001,False
131679,UNOMINDA27OCT261260PE,UNOMINDA,27OCT2026,126000.000000,550,OPTSTK,NFO,5.000000,22001,False
131763,UNOMINDA23NOV261080PE,UNOMINDA,23NOV2026,108000.000000,550,OPTSTK,NFO,5.000000,22001,False
131795,UNOMINDA23NOV261280PE,UNOMINDA,23NOV2026,128000.000000,550,OPTSTK,NFO,5.000000,22001,False
131873,NHPC29SEP2680CE,NHPC,29SEP2026,8000.000000,6950,OPTSTK,NFO,1.000000,278001,False
131876,NHPC29SEP2682PE,NHPC,29SEP2026,8200.000000,6950,OPTSTK,NFO,1.000000,278001,False
131899,UPL23NOV26560CE,UPL,23NOV2026,56000.000000,1355,OPTSTK,NFO,5.000000,40651,False
131907,UPL23NOV26640CE,UPL,23NOV2026,64000.000000,1355,OPTSTK,NFO,5.000000,40651,False
131941,VBL27OCT26430CE,VBL,27OCT2026,43000.000000,1275,OPTSTK,NFO,5.000000,51001,False
131945,NHPC29SEP2686CE,NHPC,29SEP2026,8600.000000,6950,OPTSTK,NFO,1.000000,278001,False
131999,VBL23NOV26340PE,VBL,23NOV2026,34000.000000,1275,OPTSTK,NFO,5.000000,51001,False
132012,VBL23NOV26420CE,VBL,23NOV2026,42000.000000,1275,OPTSTK,NFO,5.000000,51001,False
132059,VEDL27OCT26255PE,VEDL,27OCT2026,25500.000000,1150,OPTSTK,NFO,5.000000,80501,False
132061,VEDL27OCT26265PE,VEDL,27OCT2026,26500.000000,1150,OPTSTK,NFO,5.000000,80501,False
132064,VEDL27OCT26285CE,VEDL,27OCT2026,28500.000000,1150,OPTSTK,NFO,5.000000,80501,False
132070,VEDL27OCT26295CE,VEDL,27OCT2026,29500.000000,1150,OPTSTK,NFO,5.000000,80501,False
132225,VEDL23NOV26230PE,VEDL,23NOV2026,23000.000000,1150,OPTSTK,NFO,5.000000,80501,False
132242,VEDL23NOV26310CE,VEDL,23NOV2026,31000.000000,1150,OPTSTK,NFO,5.000000,80501,False
132245,VEDL23NOV26320PE,VEDL,23NOV2026,32000.000000,1150,OPTSTK,NFO,5.000000,80501,False
132277,VMM27OCT26102.5CE,VMM,27OCT2026,10250.000000,4850,OPTSTK,NFO,1.000000,194001,False
132286,NMDC29SEP2678PE,NMDC,29SEP2026,7800.000000,6750,OPTSTK,NFO,1.000000,270001,False
132289,NMDC29SEP2682CE,NMDC,29SEP2026,8200.000000,6750,OPTSTK,NFO,1.000000,270001,False
132290,NMDC29SEP2682PE,NMDC,29SEP2026,8200.000000,6750,OPTSTK,NFO,1.000000,270001,False
132297,NMDC29SEP2690CE,NMDC,29SEP2026,9000.000000,6750,OPTSTK,NFO,1.000000,270001,False
132300,VMM27OCT26107.5PE,VMM,27OCT2026,10750.000000,4850,OPTSTK,NFO,1.000000,194001,False
132315,NMDC29SEP2694PE,NMDC,29SEP2026,9400.000000,6750,OPTSTK,NFO,1.000000,270001,False
132366,VMM23NOV26110CE,VMM,23NOV2026,11000.000000,4850,OPTSTK,NFO,1.000000,194001,False
132371,VMM23NOV26120PE,VMM,23NOV2026,12000.000000,4850,OPTSTK,NFO,1.000000,194001,False
132409,VOLTAS27OCT261020CE,VOLTAS,27OCT2026,102000.000000,375,OPTSTK,NFO,5.000000,18751,False
132413,VOLTAS27OCT261100CE,VOLTAS,27OCT2026,110000.000000,375,OPTSTK,NFO,5.000000,18751,False
132577,NTPC29SEP26310PE,NTPC,29SEP2026,31000.000000,1500,OPTSTK,NFO,5.000000,75001,False
132578,NTPC29SEP26320CE,NTPC,29SEP2026,32000.000000,1500,OPTSTK,NFO,5.000000,75001,False
132579,NTPC29SEP26320PE,NTPC,29SEP2026,32000.000000,1500,OPTSTK,NFO,5.000000,75001,False
132585,NTPC29SEP26350PE,NTPC,29SEP2026,35000.000000,1500,OPTSTK,NFO,5.000000,75001,False
132617,WAAREEENER23NOV262200CE,WAAREEENER,23NOV2026,220000.000000,175,OPTSTK,NFO,5.000000,8751,False
132626,WAAREEENER23NOV262600PE,WAAREEENER,23NOV2026,260000.000000,175,OPTSTK,NFO,5.000000,8751,False
132628,WAAREEENER23NOV262700PE,WAAREEENER,23NOV2026,270000.000000,175,OPTSTK,NFO,5.000000,8751,False
132684,WIPRO27OCT26167.5PE,WIPRO,27OCT2026,16750.000000,3000,OPTSTK,NFO,1.000000,120001,False
132696,WIPRO27OCT26192.5PE,WIPRO,27OCT2026,19250.000000,3000,OPTSTK,NFO,1.000000,120001,False
132701,WIPRO27OCT26202.5CE,WIPRO,27OCT2026,20250.000000,3000,OPTSTK,NFO,1.000000,120001,False
132721,NYKAA29SEP26300PE,NYKAA,29SEP2026,30000.000000,3125,OPTSTK,NFO,5.000000,93751,False
132782,WIPRO23NOV26165PE,WIPRO,23NOV2026,16500.000000,3000,OPTSTK,NFO,1.000000,120001,False
132871,YESBANK23NOV2616PE,YESBANK,23NOV2026,1600.000000,31100,OPTSTK,NFO,1.000000,933001,False
132875,YESBANK23NOV2620PE,YESBANK,23NOV2026,2000.000000,31100,OPTSTK,NFO,1.000000,933001,False
132876,YESBANK23NOV2622CE,YESBANK,23NOV2026,2200.000000,31100,OPTSTK,NFO,1.000000,933001,False
132969,ZYDUSLIFE27OCT261050CE,ZYDUSLIFE,27OCT2026,105000.000000,900,OPTSTK,NFO,5.000000,27001,False
132972,ZYDUSLIFE27OCT261070PE,ZYDUSLIFE,27OCT2026,107000.000000,900,OPTSTK,NFO,5.000000,27001,False
132973,ZYDUSLIFE27OCT261090CE,ZYDUSLIFE,27OCT2026,109000.000000,900,OPTSTK,NFO,5.000000,27001,False
132975,ZYDUSLIFE27OCT261110CE,ZYDUSLIFE,27OCT2026,111000.000000,900,OPTSTK,NFO,5.000000,27001,False
132986,NYKAA29SEP26380CE,NYKAA,29SEP2026,38000.000000,3125,OPTSTK,NFO,5.000000,93751,False
132988,NYKAA29SEP26390CE,NYKAA,29SEP2026,39000.000000,3125,OPTSTK,NFO,5.000000,93751,False
132997,ZYDUSLIFE27OCT261190CE,ZYDUSLIFE,27OCT2026,119000.000000,900,OPTSTK,NFO,5.000000,27001,False
133079,ZYDUSLIFE23NOV261020PE,ZYDUSLIFE,23NOV2026,102000.000000,900,OPTSTK,NFO,5.000000,27001,False
133084,ZYDUSLIFE23NOV261080CE,ZYDUSLIFE,23NOV2026,108000.000000,900,OPTSTK,NFO,5.000000,27001,False
133095,ZYDUSLIFE23NOV261100PE,ZYDUSLIFE,23NOV2026,110000.000000,900,OPTSTK,NFO,5.000000,27001,False
133097,ZYDUSLIFE23NOV261120PE,ZYDUSLIFE,23NOV2026,112000.000000,900,OPTSTK,NFO,5.000000,27001,False
133099,ZYDUSLIFE23NOV261140PE,ZYDUSLIFE,23NOV2026,114000.000000,900,OPTSTK,NFO,5.000000,27001,False
133100,ZYDUSLIFE23NOV261160CE,ZYDUSLIFE,23NOV2026,116000.000000,900,OPTSTK,NFO,5.000000,27001,False
133103,ZYDUSLIFE23NOV261180CE,ZYDUSLIFE,23NOV2026,118000.000000,900,OPTSTK,NFO,5.000000,27001,False
133109,ZYDUSLIFE23NOV261220PE,ZYDUSLIFE,23NOV2026,122000.000000,900,OPTSTK,NFO,5.000000,27001,False
133111,ZYDUSLIFE23NOV261240PE,ZYDUSLIFE,23NOV2026,124000.000000,900,OPTSTK,NFO,5.000000,27001,False
133207,OBEROIRLTY29SEP261520CE,OBEROIRLTY,29SEP2026,152000.000000,350,OPTSTK,NFO,5.000000,14001,False
133215,OBEROIRLTY29SEP261640PE,OBEROIRLTY,29SEP2026,164000.000000,350,OPTSTK,NFO,5.000000,14001,False
133223,OBEROIRLTY29SEP261800CE,OBEROIRLTY,29SEP2026,180000.000000,350,OPTSTK,NFO,5.000000,14001,False
133279,OBEROIRLTY29SEP261920PE,OBEROIRLTY,29SEP2026,192000.000000,350,OPTSTK,NFO,5.000000,14001,False
133280,OBEROIRLTY29SEP261960CE,OBEROIRLTY,29SEP2026,196000.000000,350,OPTSTK,NFO,5.000000,14001,False
133285,OBEROIRLTY29SEP262040PE,OBEROIRLTY,29SEP2026,204000.000000,350,OPTSTK,NFO,5.000000,14001,False
133287,OBEROIRLTY29SEP262080PE,OBEROIRLTY,29SEP2026,208000.000000,350,OPTSTK,NFO,5.000000,14001,False
133918,OFSS29SEP2611200CE,OFSS,29SEP2026,1120000.000000,100,OPTSTK,NFO,5.000000,2001,False
133997,OFSS29SEP2613600PE,OFSS,29SEP2026,1360000.000000,100,OPTSTK,NFO,5.000000,2001,False
134266,OIL29SEP26410PE,OIL,29SEP2026,41000.000000,1400,OPTSTK,NFO,5.000000,56001,False
134272,OIL29SEP26440PE,OIL,29SEP2026,44000.000000,1400,OPTSTK,NFO,5.000000,56001,False
134358,OIL29SEP26490CE,OIL,29SEP2026,49000.000000,1400,OPTSTK,NFO,5.000000,56001,False
134373,OIL29SEP26520PE,OIL,29SEP2026,52000.000000,1400,OPTSTK,NFO,5.000000,56001,False
134374,OIL29SEP26530CE,OIL,29SEP2026,53000.000000,1400,OPTSTK,NFO,5.000000,56001,False
134377,OIL29SEP26540PE,OIL,29SEP2026,54000.000000,1400,OPTSTK,NFO,5.000000,56001,False
134840,ONGC29SEP26195PE,ONGC,29SEP2026,19500.000000,2250,OPTSTK,NFO,1.000000,90001,False
134842,ONGC29SEP26200PE,ONGC,29SEP2026,20000.000000,2250,OPTSTK,NFO,1.000000,90001,False
134859,ONGC29SEP26225CE,ONGC,29SEP2026,22500.000000,2250,OPTSTK,NFO,1.000000,90001,False
134886,ONGC29SEP26260PE,ONGC,29SEP2026,26000.000000,2250,OPTSTK,NFO,1.000000,90001,False
134882,ONGC29SEP26250PE,ONGC,29SEP2026,25000.000000,2250,OPTSTK,NFO,1.000000,90001,False
134885,ONGC29SEP26260CE,ONGC,29SEP2026,26000.000000,2250,OPTSTK,NFO,1.000000,90001,False
135075,PAGEIND29SEP2638000CE,PAGEIND,29SEP2026,3800000.000000,20,OPTSTK,NFO,5.000000,601,False
134890,ONGC29SEP26270PE,ONGC,29SEP2026,27000.000000,2250,OPTSTK,NFO,1.000000,90001,False
134894,ONGC29SEP26280PE,ONGC,29SEP2026,28000.000000,2250,OPTSTK,NFO,1.000000,90001,False
135052,PAGEIND29SEP2632000CE,PAGEIND,29SEP2026,3200000.000000,20,OPTSTK,NFO,5.000000,601,False
135161,PAGEIND29SEP2643000CE,PAGEIND,29SEP2026,4300000.000000,20,OPTSTK,NFO,5.000000,601,False
135615,PATANJALI29SEP26300CE,PATANJALI,29SEP2026,30000.000000,1075,OPTSTK,NFO,5.000000,64501,False
135674,PATANJALI29SEP26360PE,PATANJALI,29SEP2026,36000.000000,1075,OPTSTK,NFO,5.000000,64501,False
135675,PATANJALI29SEP26370CE,PATANJALI,29SEP2026,37000.000000,1075,OPTSTK,NFO,5.000000,64501,False
136114,PETRONET29SEP26250PE,PETRONET,29SEP2026,25000.000000,1900,OPTSTK,NFO,5.000000,76001,False
135920,PAYTM29SEP261200CE,PAYTM,29SEP2026,120000.000000,725,OPTSTK,NFO,5.000000,14501,False
135932,PAYTM29SEP261440CE,PAYTM,29SEP2026,144000.000000,725,OPTSTK,NFO,5.000000,14501,False
135984,PERSISTENT29SEP264800CE,PERSISTENT,29SEP2026,480000.000000,125,OPTSTK,NFO,5.000000,3751,False
136119,PETRONET29SEP26270CE,PETRONET,29SEP2026,27000.000000,1900,OPTSTK,NFO,5.000000,76001,False
136128,PETRONET29SEP26300CE,PETRONET,29SEP2026,30000.000000,1900,OPTSTK,NFO,5.000000,76001,False
136229,PETRONET29SEP26320CE,PETRONET,29SEP2026,32000.000000,1900,OPTSTK,NFO,5.000000,76001,False
136529,PFC29SEP26360PE,PFC,29SEP2026,36000.000000,1300,OPTSTK,NFO,5.000000,52001,False
136572,PFC29SEP26380PE,PFC,29SEP2026,38000.000000,1300,OPTSTK,NFO,5.000000,52001,False
136640,PFC29SEP26390CE,PFC,29SEP2026,39000.000000,1300,OPTSTK,NFO,5.000000,52001,False
136774,PFC29SEP26430CE,PFC,29SEP2026,43000.000000,1300,OPTSTK,NFO,5.000000,52001,False
136786,PFC29SEP26490CE,PFC,29SEP2026,49000.000000,1300,OPTSTK,NFO,5.000000,52001,False
137192,PGEL29SEP26500PE,PGEL,29SEP2026,50000.000000,950,OPTSTK,NFO,5.000000,38001,False
137193,PGEL29SEP26520CE,PGEL,29SEP2026,52000.000000,950,OPTSTK,NFO,5.000000,38001,False
137209,PGEL29SEP26660CE,PGEL,29SEP2026,66000.000000,950,OPTSTK,NFO,5.000000,38001,False
137213,PGEL29SEP26680PE,PGEL,29SEP2026,68000.000000,950,OPTSTK,NFO,5.000000,38001,False
137623,PHOENIXLTD29SEP262040CE,PHOENIXLTD,29SEP2026,204000.000000,350,OPTSTK,NFO,5.000000,14001,False
137630,PHOENIXLTD29SEP262160PE,PHOENIXLTD,29SEP2026,216000.000000,350,OPTSTK,NFO,5.000000,14001,False
137749,PIDILITIND29SEP261360PE,PIDILITIND,29SEP2026,136000.000000,500,OPTSTK,NFO,5.000000,15001,False
137752,PIDILITIND29SEP261440CE,PIDILITIND,29SEP2026,144000.000000,500,OPTSTK,NFO,5.000000,15001,False
137789,PIDILITIND29SEP261560CE,PIDILITIND,29SEP2026,156000.000000,500,OPTSTK,NFO,5.000000,15001,False
137796,PIDILITIND29SEP261680PE,PIDILITIND,29SEP2026,168000.000000,500,OPTSTK,NFO,5.000000,15001,False
137809,PIDILITIND29SEP261920CE,PIDILITIND,29SEP2026,192000.000000,500,OPTSTK,NFO,5.000000,15001,False
138372,PIIND29SEP261900PE,PIIND,29SEP2026,190000.000000,175,OPTSTK,NFO,5.000000,8751,False
138375,PIIND29SEP262100CE,PIIND,29SEP2026,210000.000000,175,OPTSTK,NFO,5.000000,8751,False
138376,PIIND29SEP262100PE,PIIND,29SEP2026,210000.000000,175,OPTSTK,NFO,5.000000,8751,False
138378,PIIND29SEP262200PE,PIIND,29SEP2026,220000.000000,175,OPTSTK,NFO,5.000000,8751,False
138391,PIIND29SEP262700PE,PIIND,29SEP2026,270000.000000,175,OPTSTK,NFO,5.000000,8751,False
138401,PIIND29SEP263200PE,PIIND,29SEP2026,320000.000000,175,OPTSTK,NFO,5.000000,8751,False
138912,PNB29SEP2698PE,PNB,29SEP2026,9800.000000,8000,OPTSTK,NFO,1.000000,240001,False
139014,PNB29SEP26114PE,PNB,29SEP2026,11400.000000,8000,OPTSTK,NFO,1.000000,240001,False
139017,PNB29SEP26118CE,PNB,29SEP2026,11800.000000,8000,OPTSTK,NFO,1.000000,240001,False
139053,PNB29SEP26126PE,PNB,29SEP2026,12600.000000,8000,OPTSTK,NFO,1.000000,240001,False
139162,PNBHOUSING29SEP261000PE,PNBHOUSING,29SEP2026,100000.000000,650,OPTSTK,NFO,5.000000,19501,False
139267,PNBHOUSING29SEP261280PE,PNBHOUSING,29SEP2026,128000.000000,650,OPTSTK,NFO,5.000000,19501,False
139601,POLICYBZR29SEP261360CE,POLICYBZR,29SEP2026,136000.000000,350,OPTSTK,NFO,5.000000,14001,False
139615,POLICYBZR29SEP261640CE,POLICYBZR,29SEP2026,164000.000000,350,OPTSTK,NFO,5.000000,14001,False
139638,POLICYBZR29SEP262000PE,POLICYBZR,29SEP2026,200000.000000,350,OPTSTK,NFO,5.000000,14001,False
140281,POLYCAB29SEP267200PE,POLYCAB,29SEP2026,720000.000000,125,OPTSTK,NFO,5.000000,2501,False
140286,POLYCAB29SEP267800CE,POLYCAB,29SEP2026,780000.000000,125,OPTSTK,NFO,5.000000,2501,False
140290,POLYCAB29SEP268200CE,POLYCAB,29SEP2026,820000.000000,125,OPTSTK,NFO,5.000000,2501,False
140345,POLYCAB29SEP269800CE,POLYCAB,29SEP2026,980000.000000,125,OPTSTK,NFO,5.000000,2501,False
140401,POLYCAB29SEP2610800PE,POLYCAB,29SEP2026,1080000.000000,125,OPTSTK,NFO,5.000000,2501,False
140790,POWERGRID29SEP26220PE,POWERGRID,29SEP2026,22000.000000,1900,OPTSTK,NFO,5.000000,76001,False
140819,POWERGRID29SEP26250CE,POWERGRID,29SEP2026,25000.000000,1900,OPTSTK,NFO,5.000000,76001,False
140822,POWERGRID29SEP26255PE,POWERGRID,29SEP2026,25500.000000,1900,OPTSTK,NFO,5.000000,76001,False
140841,POWERGRID29SEP26290PE,POWERGRID,29SEP2026,29000.000000,1900,OPTSTK,NFO,5.000000,76001,False
140900,POWERGRID29SEP26315CE,POWERGRID,29SEP2026,31500.000000,1900,OPTSTK,NFO,5.000000,76001,False
141407,POWERINDIA29SEP2627000PE,POWERINDIA,29SEP2026,2700000.000000,25,OPTSTK,NFO,5.000000,751,False
140901,POWERGRID29SEP26315PE,POWERGRID,29SEP2026,31500.000000,1900,OPTSTK,NFO,5.000000,76001,False
141405,POWERINDIA29SEP2626000PE,POWERINDIA,29SEP2026,2600000.000000,25,OPTSTK,NFO,5.000000,751,False
141406,POWERINDIA29SEP2627000CE,POWERINDIA,29SEP2026,2700000.000000,25,OPTSTK,NFO,5.000000,751,False
141692,POWERINDIA29SEP2629000CE,POWERINDIA,29SEP2026,2900000.000000,25,OPTSTK,NFO,5.000000,751,False
141700,POWERINDIA29SEP2633000CE,POWERINDIA,29SEP2026,3300000.000000,25,OPTSTK,NFO,5.000000,751,False
141713,POWERINDIA29SEP2639000PE,POWERINDIA,29SEP2026,3900000.000000,25,OPTSTK,NFO,5.000000,751,False
141715,POWERINDIA29SEP2640000PE,POWERINDIA,29SEP2026,4000000.000000,25,OPTSTK,NFO,5.000000,751,False
141984,PREMIERENE29SEP261200CE,PREMIERENE,29SEP2026,120000.000000,650,OPTSTK,NFO,5.000000,26001,False
142209,PRESTIGE29SEP261480PE,PRESTIGE,29SEP2026,148000.000000,450,OPTSTK,NFO,5.000000,13501,False
142210,PRESTIGE29SEP261520CE,PRESTIGE,29SEP2026,152000.000000,450,OPTSTK,NFO,5.000000,13501,False
142212,PRESTIGE29SEP261560CE,PRESTIGE,29SEP2026,156000.000000,450,OPTSTK,NFO,5.000000,13501,False
142214,PRESTIGE29SEP261600CE,PRESTIGE,29SEP2026,160000.000000,450,OPTSTK,NFO,5.000000,13501,False
142216,PRESTIGE29SEP261640CE,PRESTIGE,29SEP2026,164000.000000,450,OPTSTK,NFO,5.000000,13501,False
142233,PRESTIGE29SEP261800PE,PRESTIGE,29SEP2026,180000.000000,450,OPTSTK,NFO,5.000000,13501,False
142566,RADICO29SEP263800CE,RADICO,29SEP2026,380000.000000,150,OPTSTK,NFO,5.000000,6001,False
142569,RADICO29SEP263900PE,RADICO,29SEP2026,390000.000000,150,OPTSTK,NFO,5.000000,6001,False
142575,RADICO29SEP264200PE,RADICO,29SEP2026,420000.000000,150,OPTSTK,NFO,5.000000,6001,False
142581,RADICO29SEP264500PE,RADICO,29SEP2026,450000.000000,150,OPTSTK,NFO,5.000000,6001,False
142680,RADICO29SEP265100CE,RADICO,29SEP2026,510000.000000,150,OPTSTK,NFO,5.000000,6001,False
143337,RBLBANK29SEP26330CE,RBLBANK,29SEP2026,33000.000000,3175,OPTSTK,NFO,5.000000,63501,False
143350,RBLBANK29SEP26340PE,RBLBANK,29SEP2026,34000.000000,3175,OPTSTK,NFO,5.000000,63501,False
143361,RBLBANK29SEP26380CE,RBLBANK,29SEP2026,38000.000000,3175,OPTSTK,NFO,5.000000,63501,False
143414,RBLBANK29SEP26420PE,RBLBANK,29SEP2026,42000.000000,3175,OPTSTK,NFO,5.000000,63501,False
143425,RBLBANK29SEP26450CE,RBLBANK,29SEP2026,45000.000000,3175,OPTSTK,NFO,5.000000,63501,False
143689,RECLTD29SEP26350CE,RECLTD,29SEP2026,35000.000000,1575,OPTSTK,NFO,5.000000,63001,False
144377,RELIANCE29SEP261100PE,RELIANCE,29SEP2026,110000.000000,500,OPTSTK,NFO,5.000000,20001,False
144380,RELIANCE29SEP261140CE,RELIANCE,29SEP2026,114000.000000,500,OPTSTK,NFO,5.000000,20001,False
144384,RELIANCE29SEP261180CE,RELIANCE,29SEP2026,118000.000000,500,OPTSTK,NFO,5.000000,20001,False
144385,RELIANCE29SEP261180PE,RELIANCE,29SEP2026,118000.000000,500,OPTSTK,NFO,5.000000,20001,False
144390,RELIANCE29SEP261240CE,RELIANCE,29SEP2026,124000.000000,500,OPTSTK,NFO,5.000000,20001,False
144406,RELIANCE29SEP261400CE,RELIANCE,29SEP2026,140000.000000,500,OPTSTK,NFO,5.000000,20001,False
144487,RELIANCE29SEP261480PE,RELIANCE,29SEP2026,148000.000000,500,OPTSTK,NFO,5.000000,20001,False
144905,RVNL29SEP26220PE,RVNL,29SEP2026,22000.000000,1925,OPTSTK,NFO,1.000000,96251,False
144916,RVNL29SEP26280CE,RVNL,29SEP2026,28000.000000,1925,OPTSTK,NFO,1.000000,96251,False
145466,SAIL29SEP26150PE,SAIL,29SEP2026,15000.000000,4700,OPTSTK,NFO,1.000000,141001,False
145467,SAIL29SEP26155CE,SAIL,29SEP2026,15500.000000,4700,OPTSTK,NFO,1.000000,141001,False
145516,SAIL29SEP26200PE,SAIL,29SEP2026,20000.000000,4700,OPTSTK,NFO,1.000000,141001,False
145521,SAIL29SEP26215CE,SAIL,29SEP2026,21500.000000,4700,OPTSTK,NFO,1.000000,141001,False
145522,SAIL29SEP26215PE,SAIL,29SEP2026,21500.000000,4700,OPTSTK,NFO,1.000000,141001,False
145712,SBICARD29SEP26660CE,SBICARD,29SEP2026,66000.000000,800,OPTSTK,NFO,5.000000,40001,False
145719,SBICARD29SEP26700PE,SBICARD,29SEP2026,70000.000000,800,OPTSTK,NFO,5.000000,40001,False
145726,SBICARD29SEP26780CE,SBICARD,29SEP2026,78000.000000,800,OPTSTK,NFO,5.000000,40001,False
146348,SBILIFE29SEP261880CE,SBILIFE,29SEP2026,188000.000000,375,OPTSTK,NFO,5.000000,15001,False
146437,SBILIFE29SEP262120CE,SBILIFE,29SEP2026,212000.000000,375,OPTSTK,NFO,5.000000,15001,False
146441,SBILIFE29SEP262160CE,SBILIFE,29SEP2026,216000.000000,375,OPTSTK,NFO,5.000000,15001,False
146917,SBIN29SEP26840PE,SBIN,29SEP2026,84000.000000,750,OPTSTK,NFO,5.000000,22501,False
146923,SBIN29SEP26900PE,SBIN,29SEP2026,90000.000000,750,OPTSTK,NFO,5.000000,22501,False
147170,SBIN29SEP261020PE,SBIN,29SEP2026,102000.000000,750,OPTSTK,NFO,5.000000,22501,False
147193,SBIN29SEP261120PE,SBIN,29SEP2026,112000.000000,750,OPTSTK,NFO,5.000000,22501,False
147529,SHREECEM29SEP2621500CE,SHREECEM,29SEP2026,2150000.000000,25,OPTSTK,NFO,5.000000,1001,False
147531,SHREECEM29SEP2622000CE,SHREECEM,29SEP2026,2200000.000000,25,OPTSTK,NFO,5.000000,1001,False
147533,SHREECEM29SEP2622500CE,SHREECEM,29SEP2026,2250000.000000,25,OPTSTK,NFO,5.000000,1001,False
147537,SHREECEM29SEP2623500CE,SHREECEM,29SEP2026,2350000.000000,25,OPTSTK,NFO,5.000000,1001,False
147557,SHREECEM29SEP2626500CE,SHREECEM,29SEP2026,2650000.000000,25,OPTSTK,NFO,5.000000,1001,False
147560,SHREECEM29SEP2627000PE,SHREECEM,29SEP2026,2700000.000000,25,OPTSTK,NFO,5.000000,1001,False
148133,SHRIRAMFIN29SEP26880PE,SHRIRAMFIN,29SEP2026,88000.000000,825,OPTSTK,NFO,5.000000,24751,False
148141,SHRIRAMFIN29SEP26960PE,SHRIRAMFIN,29SEP2026,96000.000000,825,OPTSTK,NFO,5.000000,24751,False
148151,SHRIRAMFIN29SEP261120PE,SHRIRAMFIN,29SEP2026,112000.000000,825,OPTSTK,NFO,5.000000,24751,False
148156,SHRIRAMFIN29SEP261240CE,SHRIRAMFIN,29SEP2026,124000.000000,825,OPTSTK,NFO,5.000000,24751,False
148158,SHRIRAMFIN29SEP261280CE,SHRIRAMFIN,29SEP2026,128000.000000,825,OPTSTK,NFO,5.000000,24751,False
148159,SHRIRAMFIN29SEP261280PE,SHRIRAMFIN,29SEP2026,128000.000000,825,OPTSTK,NFO,5.000000,24751,False
148284,SIEMENS29SEP263200CE,SIEMENS,29SEP2026,320000.000000,175,OPTSTK,NFO,5.000000,7001,False
148347,SIEMENS29SEP263500CE,SIEMENS,29SEP2026,350000.000000,175,OPTSTK,NFO,5.000000,7001,False
148351,SIEMENS29SEP263700CE,SIEMENS,29SEP2026,370000.000000,175,OPTSTK,NFO,5.000000,7001,False
148352,SIEMENS29SEP263700PE,SIEMENS,29SEP2026,370000.000000,175,OPTSTK,NFO,5.000000,7001,False
148406,SIEMENS29SEP264100PE,SIEMENS,29SEP2026,410000.000000,175,OPTSTK,NFO,5.000000,7001,False
148533,SIEMENS29SEP264400PE,SIEMENS,29SEP2026,440000.000000,175,OPTSTK,NFO,5.000000,7001,False
148910,SOLARINDS29SEP2617500CE,SOLARINDS,29SEP2026,1750000.000000,50,OPTSTK,NFO,5.000000,1501,False
148925,SOLARINDS29SEP2619000PE,SOLARINDS,29SEP2026,1900000.000000,50,OPTSTK,NFO,5.000000,1501,False
149161,SOLARINDS29SEP2623000PE,SOLARINDS,29SEP2026,2300000.000000,50,OPTSTK,NFO,5.000000,1501,False
149162,SOLARINDS29SEP2624000CE,SOLARINDS,29SEP2026,2400000.000000,50,OPTSTK,NFO,5.000000,1501,False
149164,SOLARINDS29SEP2625000CE,SOLARINDS,29SEP2026,2500000.000000,50,OPTSTK,NFO,5.000000,1501,False
149279,SONACOMS29SEP26740PE,SONACOMS,29SEP2026,74000.000000,1225,OPTSTK,NFO,5.000000,36751,False
149886,SRF29SEP262100CE,SRF,29SEP2026,210000.000000,200,OPTSTK,NFO,5.000000,8001,False
149936,SRF29SEP262500PE,SRF,29SEP2026,250000.000000,200,OPTSTK,NFO,5.000000,8001,False
149941,SRF29SEP262800CE,SRF,29SEP2026,280000.000000,200,OPTSTK,NFO,5.000000,8001,False
149947,SRF29SEP263000PE,SRF,29SEP2026,300000.000000,200,OPTSTK,NFO,5.000000,8001,False
150298,SUNPHARMA29SEP261600PE,SUNPHARMA,29SEP2026,160000.000000,350,OPTSTK,NFO,5.000000,14001,False
150514,SUNPHARMA29SEP261800PE,SUNPHARMA,29SEP2026,180000.000000,350,OPTSTK,NFO,5.000000,14001,False
150519,SUNPHARMA29SEP261920CE,SUNPHARMA,29SEP2026,192000.000000,350,OPTSTK,NFO,5.000000,14001,False
150548,SUNPHARMA29SEP261960PE,SUNPHARMA,29SEP2026,196000.000000,350,OPTSTK,NFO,5.000000,14001,False
151013,SUPREMEIND29SEP263100PE,SUPREMEIND,29SEP2026,310000.000000,175,OPTSTK,NFO,5.000000,7001,False
151025,SUPREMEIND29SEP263700PE,SUPREMEIND,29SEP2026,370000.000000,175,OPTSTK,NFO,5.000000,7001,False
151238,SUZLON29SEP2642CE,SUZLON,29SEP2026,4200.000000,12700,OPTSTK,NFO,1.000000,381001,False
151506,SWIGGY29SEP26250CE,SWIGGY,29SEP2026,25000.000000,1825,OPTSTK,NFO,5.000000,73001,False
151508,SWIGGY29SEP26260CE,SWIGGY,29SEP2026,26000.000000,1825,OPTSTK,NFO,5.000000,73001,False
151509,SWIGGY29SEP26260PE,SWIGGY,29SEP2026,26000.000000,1825,OPTSTK,NFO,5.000000,73001,False
151512,SWIGGY29SEP26280CE,SWIGGY,29SEP2026,28000.000000,1825,OPTSTK,NFO,5.000000,73001,False
151513,SWIGGY29SEP26280PE,SWIGGY,29SEP2026,28000.000000,1825,OPTSTK,NFO,5.000000,73001,False
151560,SWIGGY29SEP26310CE,SWIGGY,29SEP2026,31000.000000,1825,OPTSTK,NFO,5.000000,73001,False
151561,SWIGGY29SEP26310PE,SWIGGY,29SEP2026,31000.000000,1825,OPTSTK,NFO,5.000000,73001,False
151565,SWIGGY29SEP26320PE,SWIGGY,29SEP2026,32000.000000,1825,OPTSTK,NFO,5.000000,73001,False
152626,TATAELXSI29SEP263300PE,TATAELXSI,29SEP2026,330000.000000,125,OPTSTK,NFO,5.000000,6251,False
152667,TATAELXSI29SEP263600PE,TATAELXSI,29SEP2026,360000.000000,125,OPTSTK,NFO,5.000000,6251,False
152678,TATAELXSI29SEP264200CE,TATAELXSI,29SEP2026,420000.000000,125,OPTSTK,NFO,5.000000,6251,False
153211,TATAPOWER29SEP26340CE,TATAPOWER,29SEP2026,34000.000000,1450,OPTSTK,NFO,5.000000,58001,False
153331,TATAPOWER29SEP26420CE,TATAPOWER,29SEP2026,42000.000000,1450,OPTSTK,NFO,5.000000,58001,False
153332,TATAPOWER29SEP26420PE,TATAPOWER,29SEP2026,42000.000000,1450,OPTSTK,NFO,5.000000,58001,False
153795,TATASTEEL29SEP26160PE,TATASTEEL,29SEP2026,16000.000000,2750,OPTSTK,NFO,1.000000,137501,False
153796,TATASTEEL29SEP26165CE,TATASTEEL,29SEP2026,16500.000000,2750,OPTSTK,NFO,1.000000,137501,False
153802,TATASTEEL29SEP26180CE,TATASTEEL,29SEP2026,18000.000000,2750,OPTSTK,NFO,1.000000,137501,False
153935,TCS29SEP261680PE,TCS,29SEP2026,168000.000000,225,OPTSTK,NFO,5.000000,9001,False
153947,TCS29SEP261920PE,TCS,29SEP2026,192000.000000,225,OPTSTK,NFO,5.000000,9001,False
153952,TCS29SEP262040CE,TCS,29SEP2026,204000.000000,225,OPTSTK,NFO,5.000000,9001,False
153967,TCS29SEP262320PE,TCS,29SEP2026,232000.000000,225,OPTSTK,NFO,5.000000,9001,False
153971,TCS29SEP262400PE,TCS,29SEP2026,240000.000000,225,OPTSTK,NFO,5.000000,9001,False
153974,TCS29SEP262480CE,TCS,29SEP2026,248000.000000,225,OPTSTK,NFO,5.000000,9001,False
153983,TCS29SEP262640PE,TCS,29SEP2026,264000.000000,225,OPTSTK,NFO,5.000000,9001,False
154064,TECHM29SEP261164CE,TECHM,29SEP2026,116400.000000,600,OPTSTK,NFO,5.000000,18001,False
154257,TIINDIA29SEP262200PE,TIINDIA,29SEP2026,220000.000000,200,OPTSTK,NFO,5.000000,8001,False
154261,TIINDIA29SEP262400PE,TIINDIA,29SEP2026,240000.000000,200,OPTSTK,NFO,5.000000,8001,False
154414,TITAN29SEP265200PE,TITAN,29SEP2026,520000.000000,175,OPTSTK,NFO,5.000000,5251,False
154425,TITAN29SEP265800CE,TITAN,29SEP2026,580000.000000,175,OPTSTK,NFO,5.000000,5251,False
154592,TMPV29SEP26270CE,TMPV,29SEP2026,27000.000000,1600,OPTSTK,NFO,5.000000,64001,False
154596,TMPV29SEP26290CE,TMPV,29SEP2026,29000.000000,1600,OPTSTK,NFO,5.000000,64001,False
154612,TMPV29SEP26370CE,TMPV,29SEP2026,37000.000000,1600,OPTSTK,NFO,5.000000,64001,False
154613,TMPV29SEP26370PE,TMPV,29SEP2026,37000.000000,1600,OPTSTK,NFO,5.000000,64001,False
154744,TORNTPHARM29SEP264300CE,TORNTPHARM,29SEP2026,430000.000000,125,OPTSTK,NFO,5.000000,5001,False
154745,TORNTPHARM29SEP264300PE,TORNTPHARM,29SEP2026,430000.000000,125,OPTSTK,NFO,5.000000,5001,False
154749,TORNTPHARM29SEP264500PE,TORNTPHARM,29SEP2026,450000.000000,125,OPTSTK,NFO,5.000000,5001,False
154750,TORNTPHARM29SEP264600CE,TORNTPHARM,29SEP2026,460000.000000,125,OPTSTK,NFO,5.000000,5001,False
154758,TORNTPHARM29SEP265000CE,TORNTPHARM,29SEP2026,500000.000000,125,OPTSTK,NFO,5.000000,5001,False
154790,TORNTPHARM29SEP265300CE,TORNTPHARM,29SEP2026,530000.000000,125,OPTSTK,NFO,5.000000,5001,False
154800,TORNTPHARM29SEP265800CE,TORNTPHARM,29SEP2026,580000.000000,125,OPTSTK,NFO,5.000000,5001,False
154951,TRENT29SEP262400PE,TRENT,29SEP2026,240000.000000,225,OPTSTK,NFO,5.000000,9001,False
154953,TRENT29SEP262500PE,TRENT,29SEP2026,250000.000000,225,OPTSTK,NFO,5.000000,9001,False
154964,TRENT29SEP263100CE,TRENT,29SEP2026,310000.000000,225,OPTSTK,NFO,5.000000,9001,False
154967,TRENT29SEP263200PE,TRENT,29SEP2026,320000.000000,225,OPTSTK,NFO,5.000000,9001,False
154971,TRENT29SEP263400PE,TRENT,29SEP2026,340000.000000,225,OPTSTK,NFO,5.000000,9001,False
154973,TRENT29SEP263500PE,TRENT,29SEP2026,350000.000000,225,OPTSTK,NFO,5.000000,9001,False
155212,TVSMOTOR29SEP263900CE,TVSMOTOR,29SEP2026,390000.000000,175,OPTSTK,NFO,5.000000,5251,False
155214,TVSMOTOR29SEP264000CE,TVSMOTOR,29SEP2026,400000.000000,175,OPTSTK,NFO,5.000000,5251,False
155436,ULTRACEMCO29SEP2611160CE,ULTRACEMCO,29SEP2026,1116000.000000,50,OPTSTK,NFO,5.000000,2001,False
155442,ULTRACEMCO29SEP2611760CE,ULTRACEMCO,29SEP2026,1176000.000000,50,OPTSTK,NFO,5.000000,2001,False
155592,UNIONBANK29SEP26165CE,UNIONBANK,29SEP2026,16500.000000,4425,OPTSTK,NFO,1.000000,132751,False
155637,UNITDSPR29SEP261200PE,UNITDSPR,29SEP2026,120000.000000,400,OPTSTK,NFO,5.000000,16001,False
155643,UNITDSPR29SEP261320PE,UNITDSPR,29SEP2026,132000.000000,400,OPTSTK,NFO,5.000000,16001,False
155646,UNITDSPR29SEP261400CE,UNITDSPR,29SEP2026,140000.000000,400,OPTSTK,NFO,5.000000,16001,False
155650,UNITDSPR29SEP261480CE,UNITDSPR,29SEP2026,148000.000000,400,OPTSTK,NFO,5.000000,16001,False
155658,UNITDSPR29SEP261640CE,UNITDSPR,29SEP2026,164000.000000,400,OPTSTK,NFO,5.000000,16001,False
155659,UNITDSPR29SEP261640PE,UNITDSPR,29SEP2026,164000.000000,400,OPTSTK,NFO,5.000000,16001,False
155747,UNOMINDA29SEP261040PE,UNOMINDA,29SEP2026,104000.000000,550,OPTSTK,NFO,5.000000,22001,False
155758,UNOMINDA29SEP261280CE,UNOMINDA,29SEP2026,128000.000000,550,OPTSTK,NFO,5.000000,22001,False
155798,UPL29SEP26500CE,UPL,29SEP2026,50000.000000,1355,OPTSTK,NFO,5.000000,40651,False
155807,UPL29SEP26580PE,UPL,29SEP2026,58000.000000,1355,OPTSTK,NFO,5.000000,40651,False
155811,UPL29SEP26620PE,UPL,29SEP2026,62000.000000,1355,OPTSTK,NFO,5.000000,40651,False
155816,UPL29SEP26680CE,UPL,29SEP2026,68000.000000,1355,OPTSTK,NFO,5.000000,40651,False
155863,VBL29SEP26460PE,VBL,29SEP2026,46000.000000,1275,OPTSTK,NFO,5.000000,51001,False
156052,VEDL29SEP26230CE,VEDL,29SEP2026,23000.000000,1150,OPTSTK,NFO,5.000000,80501,False
156053,VEDL29SEP26230PE,VEDL,29SEP2026,23000.000000,1150,OPTSTK,NFO,5.000000,80501,False
156062,VEDL29SEP26280CE,VEDL,29SEP2026,28000.000000,1150,OPTSTK,NFO,5.000000,80501,False
156063,VEDL29SEP26280PE,VEDL,29SEP2026,28000.000000,1150,OPTSTK,NFO,5.000000,80501,False
156263,VMM29SEP26110PE,VMM,29SEP2026,11000.000000,4850,OPTSTK,NFO,1.000000,194001,False
156373,VOLTAS29SEP261320PE,VOLTAS,29SEP2026,132000.000000,375,OPTSTK,NFO,5.000000,18751,False
156374,VOLTAS29SEP261360CE,VOLTAS,29SEP2026,136000.000000,375,OPTSTK,NFO,5.000000,18751,False
156375,VOLTAS29SEP261360PE,VOLTAS,29SEP2026,136000.000000,375,OPTSTK,NFO,5.000000,18751,False
156381,VOLTAS29SEP261480PE,VOLTAS,29SEP2026,148000.000000,375,OPTSTK,NFO,5.000000,18751,False
156462,WAAREEENER29SEP262000CE,WAAREEENER,29SEP2026,200000.000000,175,OPTSTK,NFO,5.000000,8751,False
156466,WAAREEENER29SEP262200CE,WAAREEENER,29SEP2026,220000.000000,175,OPTSTK,NFO,5.000000,8751,False
156482,WAAREEENER29SEP263000CE,WAAREEENER,29SEP2026,300000.000000,175,OPTSTK,NFO,5.000000,8751,False
156577,WIPRO29SEP26145PE,WIPRO,29SEP2026,14500.000000,3000,OPTSTK,NFO,1.000000,120001,False
156583,WIPRO29SEP26160PE,WIPRO,29SEP2026,16000.000000,3000,OPTSTK,NFO,1.000000,120001,False
156595,WIPRO29SEP26190PE,WIPRO,29SEP2026,19000.000000,3000,OPTSTK,NFO,1.000000,120001,False
156655,YESBANK29SEP2618PE,YESBANK,29SEP2026,1800.000000,31100,OPTSTK,NFO,1.000000,933001,False
156660,YESBANK29SEP2624CE,YESBANK,29SEP2026,2400.000000,31100,OPTSTK,NFO,1.000000,933001,False
156827,ZYDUSLIFE29SEP261080PE,ZYDUSLIFE,29SEP2026,108000.000000,900,OPTSTK,NFO,5.000000,27001,False
156834,ZYDUSLIFE29SEP261160CE,ZYDUSLIFE,29SEP2026,116000.000000,900,OPTSTK,NFO,5.000000,27001,False
35235,NIFTY29DEC2630000CE,NIFTY,29DEC2026,3000000.000000,65,OPTIDX,NFO,5.000000,1801,False
35263,NIFTY29JUN2730000PE,NIFTY,29JUN2027,3000000.000000,65,OPTIDX,NFO,5.000000,1801,False
156842,ZYDUSLIFE29SEP261240CE,ZYDUSLIFE,29SEP2026,124000.000000,900,OPTSTK,NFO,5.000000,27001,False
156845,ZYDUSLIFE29SEP261260PE,ZYDUSLIFE,29SEP2026,126000.000000,900,OPTSTK,NFO,5.000000,27001,False
35596,DIVISLAB29SEP269700PE,DIVISLAB,29SEP2026,970000.000000,100,OPTSTK,NFO,5.000000,3001,False
35599,DIVISLAB29SEP269900PE,DIVISLAB,29SEP2026,990000.000000,100,OPTSTK,NFO,5.000000,3001,False
35879,ICICIGI27OCT261160CE,ICICIGI,27OCT2026,116000.000000,325,OPTSTK,NFO,5.000000,13001,False
36149,DIVISLAB27OCT2610400PE,DIVISLAB,27OCT2026,1040000.000000,100,OPTSTK,NFO,5.000000,3001,False
36188,KAYNES27OCT264500CE,KAYNES,27OCT2026,450000.000000,150,OPTSTK,NFO,5.000000,6001,False
36690,021NSETEST27NOV36FUT,021NSETEST,27NOV2036,-1.000000,50,FUTSTK,NFO,5.000000,100001,False
36700,061NSETEST27NOV36FUT,061NSETEST,27NOV2036,-1.000000,50,FUTSTK,NFO,5.000000,100001,False
36709,081NSETEST27NOV36FUT,081NSETEST,27NOV2036,-1.000000,50,FUTSTK,NFO,5.000000,100001,False
36997,LODHA29SEP26940CE,LODHA,29SEP2026,94000.000000,625,OPTSTK,NFO,5.000000,18751,False
37556,NAUKRI29SEP261520CE,NAUKRI,29SEP2026,152000.000000,550,OPTSTK,NFO,5.000000,16501,False
37776,SONACOMS29SEP26820PE,SONACOMS,29SEP2026,82000.000000,1225,OPTSTK,NFO,5.000000,36751,False
38027,ULTRACEMCO29SEP269600CE,ULTRACEMCO,29SEP2026,960000.000000,50,OPTSTK,NFO,5.000000,2001,False
38038,ULTRACEMCO29SEP2610000PE,ULTRACEMCO,29SEP2026,1000000.000000,50,OPTSTK,NFO,5.000000,2001,False
38057,ULTRACEMCO29SEP2610500CE,ULTRACEMCO,29SEP2026,1050000.000000,50,OPTSTK,NFO,5.000000,2001,False
38083,ULTRACEMCO29SEP2610900CE,ULTRACEMCO,29SEP2026,1090000.000000,50,OPTSTK,NFO,5.000000,2001,False
38098,ULTRACEMCO29SEP2611300PE,ULTRACEMCO,29SEP2026,1130000.000000,50,OPTSTK,NFO,5.000000,2001,False
38108,ULTRACEMCO29SEP2611700PE,ULTRACEMCO,29SEP2026,1170000.000000,50,OPTSTK,NFO,5.000000,2001,False
38128,ULTRACEMCO29SEP2612200PE,ULTRACEMCO,29SEP2026,1220000.000000,50,OPTSTK,NFO,5.000000,2001,False
38130,ULTRACEMCO29SEP2612300PE,ULTRACEMCO,29SEP2026,1230000.000000,50,OPTSTK,NFO,5.000000,2001,False
38131,ULTRACEMCO29SEP2612400CE,ULTRACEMCO,29SEP2026,1240000.000000,50,OPTSTK,NFO,5.000000,2001,False
38143,ULTRACEMCO29SEP2612600PE,ULTRACEMCO,29SEP2026,1260000.000000,50,OPTSTK,NFO,5.000000,2001,False
38146,ULTRACEMCO29SEP2612800CE,ULTRACEMCO,29SEP2026,1280000.000000,50,OPTSTK,NFO,5.000000,2001,False
38172,ULTRACEMCO29SEP2613600PE,ULTRACEMCO,29SEP2026,1360000.000000,50,OPTSTK,NFO,5.000000,2001,False
38340,ULTRACEMCO27OCT2612800CE,ULTRACEMCO,27OCT2026,1280000.000000,50,OPTSTK,NFO,5.000000,2001,False
38662,HCLTECH29SEP261500PE,HCLTECH,29SEP2026,150000.000000,400,OPTSTK,NFO,5.000000,20001,False
39036,DIVISLAB29SEP2610100CE,DIVISLAB,29SEP2026,1010000.000000,100,OPTSTK,NFO,5.000000,3001,False
39563,TECHM29SEP261320CE,TECHM,29SEP2026,132000.000000,600,OPTSTK,NFO,5.000000,18001,False
39577,TECHM29SEP261480PE,TECHM,29SEP2026,148000.000000,600,OPTSTK,NFO,5.000000,18001,False
39578,TECHM29SEP261520CE,TECHM,29SEP2026,152000.000000,600,OPTSTK,NFO,5.000000,18001,False
39579,TECHM29SEP261520PE,TECHM,29SEP2026,152000.000000,600,OPTSTK,NFO,5.000000,18001,False
39581,TECHM29SEP261560PE,TECHM,29SEP2026,156000.000000,600,OPTSTK,NFO,5.000000,18001,False
39583,TECHM29SEP261600PE,TECHM,29SEP2026,160000.000000,600,OPTSTK,NFO,5.000000,18001,False
39584,TECHM29SEP261640CE,TECHM,29SEP2026,164000.000000,600,OPTSTK,NFO,5.000000,18001,False
39593,TECHM29SEP261760PE,TECHM,29SEP2026,176000.000000,600,OPTSTK,NFO,5.000000,18001,False
39666,PAYTM27OCT261720CE,PAYTM,27OCT2026,172000.000000,725,OPTSTK,NFO,5.000000,14501,False
39913,BAJAJ-AUTO29SEP2613000PE,BAJAJ-AUTO,29SEP2026,1300000.000000,75,OPTSTK,NFO,5.000000,2251,False
39983,COFORGE29SEP262240PE,COFORGE,29SEP2026,224000.000000,475,OPTSTK,NFO,5.000000,14251,False
40666,NIFTY06OCT2621950PE,NIFTY,06OCT2026,2195000.000000,65,OPTIDX,NFO,5.000000,1801,False
40668,NIFTY06OCT2622000PE,NIFTY,06OCT2026,2200000.000000,65,OPTIDX,NFO,5.000000,1801,False
40678,NIFTY06OCT2622250PE,NIFTY,06OCT2026,2225000.000000,65,OPTIDX,NFO,5.000000,1801,False
40686,NIFTY06OCT2622350PE,NIFTY,06OCT2026,2235000.000000,65,OPTIDX,NFO,5.000000,1801,False
40704,NIFTY06OCT2622650CE,NIFTY,06OCT2026,2265000.000000,65,OPTIDX,NFO,5.000000,1801,False
40711,NIFTY06OCT2622700PE,NIFTY,06OCT2026,2270000.000000,65,OPTIDX,NFO,5.000000,1801,False
40715,NIFTY06OCT2622800CE,NIFTY,06OCT2026,2280000.000000,65,OPTIDX,NFO,5.000000,1801,False
40723,NIFTY06OCT2622950CE,NIFTY,06OCT2026,2295000.000000,65,OPTIDX,NFO,5.000000,1801,False
40732,NIFTY06OCT2623000PE,NIFTY,06OCT2026,2300000.000000,65,OPTIDX,NFO,5.000000,1801,False
40742,NIFTY06OCT2623100PE,NIFTY,06OCT2026,2310000.000000,65,OPTIDX,NFO,5.000000,1801,False
40752,NIFTY06OCT2623300PE,NIFTY,06OCT2026,2330000.000000,65,OPTIDX,NFO,5.000000,1801,False
40757,NIFTY06OCT2623450CE,NIFTY,06OCT2026,2345000.000000,65,OPTIDX,NFO,5.000000,1801,False
40781,NIFTY06OCT2623800CE,NIFTY,06OCT2026,2380000.000000,65,OPTIDX,NFO,5.000000,1801,False
40821,NIFTY06OCT2624400CE,NIFTY,06OCT2026,2440000.000000,65,OPTIDX,NFO,5.000000,1801,False
40827,NIFTY06OCT2624550CE,NIFTY,06OCT2026,2455000.000000,65,OPTIDX,NFO,5.000000,1801,False
40861,NIFTY06OCT2624900CE,NIFTY,06OCT2026,2490000.000000,65,OPTIDX,NFO,5.000000,1801,False
40868,NIFTY06OCT2625050PE,NIFTY,06OCT2026,2505000.000000,65,OPTIDX,NFO,5.000000,1801,False
40875,NIFTY06OCT2625250CE,NIFTY,06OCT2026,2525000.000000,65,OPTIDX,NFO,5.000000,1801,False
40879,NIFTY06OCT2625350CE,NIFTY,06OCT2026,2535000.000000,65,OPTIDX,NFO,5.000000,1801,False
40882,NIFTY06OCT2625400PE,NIFTY,06OCT2026,2540000.000000,65,OPTIDX,NFO,5.000000,1801,False
40887,NIFTY06OCT2625550CE,NIFTY,06OCT2026,2555000.000000,65,OPTIDX,NFO,5.000000,1801,False
40897,NIFTY06OCT2625700PE,NIFTY,06OCT2026,2570000.000000,65,OPTIDX,NFO,5.000000,1801,False
41728,LTM29SEP265100PE,LTM,29SEP2026,510000.000000,150,OPTSTK,NFO,5.000000,6001,False
41891,PFC29SEP26290CE,PFC,29SEP2026,29000.000000,1300,OPTSTK,NFO,5.000000,52001,False
41978,PAYTM27OCT261920CE,PAYTM,27OCT2026,192000.000000,725,OPTSTK,NFO,5.000000,14501,False
43135,MPHASIS29SEP262200PE,MPHASIS,29SEP2026,220000.000000,275,OPTSTK,NFO,5.000000,11001,False
43199,PAGEIND29SEP2629000PE,PAGEIND,29SEP2026,2900000.000000,20,OPTSTK,NFO,5.000000,601,False
43570,DRREDDY29SEP26940PE,DRREDDY,29SEP2026,94000.000000,625,OPTSTK,NFO,5.000000,18751,False
43829,PAYTM29SEP261640CE,PAYTM,29SEP2026,164000.000000,725,OPTSTK,NFO,5.000000,14501,False
44290,KALYANKJIL29SEP26660PE,KALYANKJIL,29SEP2026,66000.000000,1350,OPTSTK,NFO,5.000000,40501,False
44516,COFORGE29SEP262040PE,COFORGE,29SEP2026,204000.000000,475,OPTSTK,NFO,5.000000,14251,False
44558,NIFTY13OCT2621700CE,NIFTY,13OCT2026,2170000.000000,65,OPTIDX,NFO,5.000000,1801,False
44570,NIFTY13OCT2621950CE,NIFTY,13OCT2026,2195000.000000,65,OPTIDX,NFO,5.000000,1801,False
44584,NIFTY13OCT2622100CE,NIFTY,13OCT2026,2210000.000000,65,OPTIDX,NFO,5.000000,1801,False
44591,NIFTY13OCT2622150PE,NIFTY,13OCT2026,2215000.000000,65,OPTIDX,NFO,5.000000,1801,False
44597,NIFTY13OCT2622250PE,NIFTY,13OCT2026,2225000.000000,65,OPTIDX,NFO,5.000000,1801,False
44615,NIFTY13OCT2622550PE,NIFTY,13OCT2026,2255000.000000,65,OPTIDX,NFO,5.000000,1801,False
44622,NIFTY13OCT2622750CE,NIFTY,13OCT2026,2275000.000000,65,OPTIDX,NFO,5.000000,1801,False
44639,KALYANKJIL29SEP26630CE,KALYANKJIL,29SEP2026,63000.000000,1350,OPTSTK,NFO,5.000000,40501,False
44648,NIFTY13OCT2623150CE,NIFTY,13OCT2026,2315000.000000,65,OPTIDX,NFO,5.000000,1801,False
44663,LTM29SEP265300CE,LTM,29SEP2026,530000.000000,150,OPTSTK,NFO,5.000000,6001,False
44669,NIFTY13OCT2623500PE,NIFTY,13OCT2026,2350000.000000,65,OPTIDX,NFO,5.000000,1801,False
44682,NIFTY13OCT2623650CE,NIFTY,13OCT2026,2365000.000000,65,OPTIDX,NFO,5.000000,1801,False
44693,NIFTY13OCT2623750PE,NIFTY,13OCT2026,2375000.000000,65,OPTIDX,NFO,5.000000,1801,False
44721,NIFTY13OCT2624100PE,NIFTY,13OCT2026,2410000.000000,65,OPTIDX,NFO,5.000000,1801,False
44729,NIFTY13OCT2624200PE,NIFTY,13OCT2026,2420000.000000,65,OPTIDX,NFO,5.000000,1801,False
44781,NIFTY13OCT2625050PE,NIFTY,13OCT2026,2505000.000000,65,OPTIDX,NFO,5.000000,1801,False
44784,NIFTY13OCT2625150CE,NIFTY,13OCT2026,2515000.000000,65,OPTIDX,NFO,5.000000,1801,False
44785,NIFTY13OCT2625150PE,NIFTY,13OCT2026,2515000.000000,65,OPTIDX,NFO,5.000000,1801,False
44793,NIFTY13OCT2625300PE,NIFTY,13OCT2026,2530000.000000,65,OPTIDX,NFO,5.000000,1801,False
44794,NIFTY13OCT2625350CE,NIFTY,13OCT2026,2535000.000000,65,OPTIDX,NFO,5.000000,1801,False
44797,NIFTY13OCT2625350PE,NIFTY,13OCT2026,2535000.000000,65,OPTIDX,NFO,5.000000,1801,False
45473,DIVISLAB29SEP269600PE,DIVISLAB,29SEP2026,960000.000000,100,OPTSTK,NFO,5.000000,3001,False
45531,KALYANKJIL29SEP26650PE,KALYANKJIL,29SEP2026,65000.000000,1350,OPTSTK,NFO,5.000000,40501,False
46017,INDUSTOWER29SEP26340PE,INDUSTOWER,29SEP2026,34000.000000,1700,OPTSTK,NFO,5.000000,68001,False
46031,INDUSTOWER29SEP26345PE,INDUSTOWER,29SEP2026,34500.000000,1700,OPTSTK,NFO,5.000000,68001,False
46032,INDUSTOWER29SEP26350CE,INDUSTOWER,29SEP2026,35000.000000,1700,OPTSTK,NFO,5.000000,68001,False
46040,INDUSTOWER29SEP26350PE,INDUSTOWER,29SEP2026,35000.000000,1700,OPTSTK,NFO,5.000000,68001,False
46041,INDUSTOWER29SEP26355CE,INDUSTOWER,29SEP2026,35500.000000,1700,OPTSTK,NFO,5.000000,68001,False
46056,INDUSTOWER29SEP26375PE,INDUSTOWER,29SEP2026,37500.000000,1700,OPTSTK,NFO,5.000000,68001,False
46062,INDUSTOWER29SEP26390PE,INDUSTOWER,29SEP2026,39000.000000,1700,OPTSTK,NFO,5.000000,68001,False
46065,INDUSTOWER29SEP26400CE,INDUSTOWER,29SEP2026,40000.000000,1700,OPTSTK,NFO,5.000000,68001,False
46069,INDUSTOWER29SEP26410CE,INDUSTOWER,29SEP2026,41000.000000,1700,OPTSTK,NFO,5.000000,68001,False
46075,INDUSTOWER29SEP26425CE,INDUSTOWER,29SEP2026,42500.000000,1700,OPTSTK,NFO,5.000000,68001,False
46079,INDUSTOWER29SEP26430CE,INDUSTOWER,29SEP2026,43000.000000,1700,OPTSTK,NFO,5.000000,68001,False
46081,INDUSTOWER29SEP26435CE,INDUSTOWER,29SEP2026,43500.000000,1700,OPTSTK,NFO,5.000000,68001,False
46195,INDUSTOWER27OCT26330PE,INDUSTOWER,27OCT2026,33000.000000,1700,OPTSTK,NFO,5.000000,68001,False
46205,INDUSTOWER27OCT26380CE,INDUSTOWER,27OCT2026,38000.000000,1700,OPTSTK,NFO,5.000000,68001,False
46210,INDUSTOWER27OCT26400CE,INDUSTOWER,27OCT2026,40000.000000,1700,OPTSTK,NFO,5.000000,68001,False
46225,INDUSTOWER27OCT26430PE,INDUSTOWER,27OCT2026,43000.000000,1700,OPTSTK,NFO,5.000000,68001,False
46456,PAYTM29SEP261820CE,PAYTM,29SEP2026,182000.000000,725,OPTSTK,NFO,5.000000,14501,False
46464,PAYTM29SEP261940CE,PAYTM,29SEP2026,194000.000000,725,OPTSTK,NFO,5.000000,14501,False
46472,PAYTM29SEP262000CE,PAYTM,29SEP2026,200000.000000,725,OPTSTK,NFO,5.000000,14501,False
46478,PAYTM29SEP262080CE,PAYTM,29SEP2026,208000.000000,725,OPTSTK,NFO,5.000000,14501,False
46481,PAYTM27OCT261880PE,PAYTM,27OCT2026,188000.000000,725,OPTSTK,NFO,5.000000,14501,False
46486,PAYTM27OCT262080CE,PAYTM,27OCT2026,208000.000000,725,OPTSTK,NFO,5.000000,14501,False
47163,NIFTY15SEP2621900CE,NIFTY,15SEP2026,2190000.000000,65,OPTIDX,NFO,5.000000,1801,False
47226,NIFTY15SEP2622150CE,NIFTY,15SEP2026,2215000.000000,65,OPTIDX,NFO,5.000000,1801,False
47266,NIFTY15SEP2622700PE,NIFTY,15SEP2026,2270000.000000,65,OPTIDX,NFO,5.000000,1801,False
47270,NIFTY15SEP2622800PE,NIFTY,15SEP2026,2280000.000000,65,OPTIDX,NFO,5.000000,1801,False
47274,NIFTY15SEP2622900PE,NIFTY,15SEP2026,2290000.000000,65,OPTIDX,NFO,5.000000,1801,False
47276,NIFTY15SEP2622950PE,NIFTY,15SEP2026,2295000.000000,65,OPTIDX,NFO,5.000000,1801,False
47291,NIFTY15SEP2623350CE,NIFTY,15SEP2026,2335000.000000,65,OPTIDX,NFO,5.000000,1801,False
47305,NIFTY15SEP2623700CE,NIFTY,15SEP2026,2370000.000000,65,OPTIDX,NFO,5.000000,1801,False
47307,NIFTY15SEP2623750CE,NIFTY,15SEP2026,2375000.000000,65,OPTIDX,NFO,5.000000,1801,False
47308,NIFTY15SEP2623750PE,NIFTY,15SEP2026,2375000.000000,65,OPTIDX,NFO,5.000000,1801,False
47310,NIFTY15SEP2623800PE,NIFTY,15SEP2026,2380000.000000,65,OPTIDX,NFO,5.000000,1801,False
47312,NIFTY15SEP2623850PE,NIFTY,15SEP2026,2385000.000000,65,OPTIDX,NFO,5.000000,1801,False
47315,NIFTY15SEP2623900CE,NIFTY,15SEP2026,2390000.000000,65,OPTIDX,NFO,5.000000,1801,False
47318,NIFTY15SEP2623950PE,NIFTY,15SEP2026,2395000.000000,65,OPTIDX,NFO,5.000000,1801,False
47319,NIFTY15SEP2624000CE,NIFTY,15SEP2026,2400000.000000,65,OPTIDX,NFO,5.000000,1801,False
47320,NIFTY15SEP2624000PE,NIFTY,15SEP2026,2400000.000000,65,OPTIDX,NFO,5.000000,1801,False
47343,NIFTY15SEP2624550PE,NIFTY,15SEP2026,2455000.000000,65,OPTIDX,NFO,5.000000,1801,False
47366,NIFTY15SEP2625050PE,NIFTY,15SEP2026,2505000.000000,65,OPTIDX,NFO,5.000000,1801,False
47379,NIFTY15SEP2625300CE,NIFTY,15SEP2026,2530000.000000,65,OPTIDX,NFO,5.000000,1801,False
47384,NIFTY15SEP2625350PE,NIFTY,15SEP2026,2535000.000000,65,OPTIDX,NFO,5.000000,1801,False
47389,NIFTY15SEP2625500CE,NIFTY,15SEP2026,2550000.000000,65,OPTIDX,NFO,5.000000,1801,False
47392,NIFTY15SEP2625500PE,NIFTY,15SEP2026,2550000.000000,65,OPTIDX,NFO,5.000000,1801,False
47394,NIFTY15SEP2625550PE,NIFTY,15SEP2026,2555000.000000,65,OPTIDX,NFO,5.000000,1801,False
47397,NIFTY15SEP2625650CE,NIFTY,15SEP2026,2565000.000000,65,OPTIDX,NFO,5.000000,1801,False
47439,NIFTY15SEP2626150CE,NIFTY,15SEP2026,2615000.000000,65,OPTIDX,NFO,5.000000,1801,False
47539,TVSMOTOR29SEP264700PE,TVSMOTOR,29SEP2026,470000.000000,175,OPTSTK,NFO,5.000000,5251,False
48275,NIFTYFPI29SEP261300PE,NIFTYFPI,29SEP2026,130000.000000,1100,OPTIDX,NFO,5.000000,8501,False
48312,NIFTYFPI29SEP261380CE,NIFTYFPI,29SEP2026,138000.000000,1100,OPTIDX,NFO,5.000000,8501,False
48324,NIFTYFPI29SEP261400CE,NIFTYFPI,29SEP2026,140000.000000,1100,OPTIDX,NFO,5.000000,8501,False
48349,NIFTYFPI29SEP261450PE,NIFTYFPI,29SEP2026,145000.000000,1100,OPTIDX,NFO,5.000000,8501,False
48374,NIFTYFPI29SEP261485CE,NIFTYFPI,29SEP2026,148500.000000,1100,OPTIDX,NFO,5.000000,8501,False
48388,NIFTYFPI29SEP261515CE,NIFTYFPI,29SEP2026,151500.000000,1100,OPTIDX,NFO,5.000000,8501,False
48389,NIFTYFPI29SEP261515PE,NIFTYFPI,29SEP2026,151500.000000,1100,OPTIDX,NFO,5.000000,8501,False
48391,NIFTYFPI29SEP261520PE,NIFTYFPI,29SEP2026,152000.000000,1100,OPTIDX,NFO,5.000000,8501,False
48395,NIFTYFPI29SEP261530PE,NIFTYFPI,29SEP2026,153000.000000,1100,OPTIDX,NFO,5.000000,8501,False
48427,NIFTYFPI29SEP261560PE,NIFTYFPI,29SEP2026,156000.000000,1100,OPTIDX,NFO,5.000000,8501,False
48452,NIFTYFPI29SEP261600CE,NIFTYFPI,29SEP2026,160000.000000,1100,OPTIDX,NFO,5.000000,8501,False
48468,NIFTYFPI29SEP261625CE,NIFTYFPI,29SEP2026,162500.000000,1100,OPTIDX,NFO,5.000000,8501,False
48492,NIFTYFPI29SEP261655CE,NIFTYFPI,29SEP2026,165500.000000,1100,OPTIDX,NFO,5.000000,8501,False
48522,NIFTYFPI29SEP261700CE,NIFTYFPI,29SEP2026,170000.000000,1100,OPTIDX,NFO,5.000000,8501,False
48523,NIFTYFPI29SEP261700PE,NIFTYFPI,29SEP2026,170000.000000,1100,OPTIDX,NFO,5.000000,8501,False
48576,171NSETEST27NOV36FUT,171NSETEST,27NOV2036,-1.000000,50,FUTSTK,NFO,5.000000,100001,False
48595,NIFTYFPI29SEP261820PE,NIFTYFPI,29SEP2026,182000.000000,1100,OPTIDX,NFO,5.000000,8501,False
48705,NIFTYNXT5027OCT26FUT,NIFTYNXT50,27OCT2026,-1.000000,25,FUTIDX,NFO,20.000000,601,False
48708,ABCAPITAL27OCT26FUT,ABCAPITAL,27OCT2026,-1.000000,3100,FUTSTK,NFO,5.000000,62001,False
48720,ADANIPOWER27OCT26FUT,ADANIPOWER,27OCT2026,-1.000000,3550,FUTSTK,NFO,1.000000,106501,False
48726,ANGELONE27OCT26FUT,ANGELONE,27OCT2026,-1.000000,2500,FUTSTK,NFO,5.000000,75001,False
48751,BDL27OCT26FUT,BDL,27OCT2026,-1.000000,425,FUTSTK,NFO,10.000000,17001,False
48764,BHEL27OCT26FUT,BHEL,27OCT2026,-1.000000,2625,FUTSTK,NFO,5.000000,52501,False
48771,BIOCON27OCT26FUT,BIOCON,27OCT2026,-1.000000,2500,FUTSTK,NFO,5.000000,50001,False
48796,CIPLA27OCT26FUT,CIPLA,27OCT2026,-1.000000,425,FUTSTK,NFO,10.000000,17001,False
48834,DMART27OCT26FUT,DMART,27OCT2026,-1.000000,150,FUTSTK,NFO,10.000000,6001,False
48849,GMRAIRPORT27OCT26FUT,GMRAIRPORT,27OCT2026,-1.000000,6975,FUTSTK,NFO,1.000000,209251,False
48857,HAL27OCT26FUT,HAL,27OCT2026,-1.000000,150,FUTSTK,NFO,10.000000,4501,False
48866,HEROMOTOCO27OCT26FUT,HEROMOTOCO,27OCT2026,-1.000000,150,FUTSTK,NFO,50.000000,4501,False
48880,INDHOTEL27OCT26FUT,INDHOTEL,27OCT2026,-1.000000,1000,FUTSTK,NFO,5.000000,30001,False
48882,INDIGO27OCT26FUT,INDIGO,27OCT2026,-1.000000,150,FUTSTK,NFO,50.000000,4501,False
48912,NIFTYFPI27OCT261360CE,NIFTYFPI,27OCT2026,136000.000000,1100,OPTIDX,NFO,5.000000,8501,False
48915,LICHSGFIN27OCT26FUT,LICHSGFIN,27OCT2026,-1.000000,1000,FUTSTK,NFO,5.000000,40001,False
48920,LT27OCT26FUT,LT,27OCT2026,-1.000000,175,FUTSTK,NFO,10.000000,7001,False
48921,LTF27OCT26FUT,LTF,27OCT2026,-1.000000,2250,FUTSTK,NFO,5.000000,67501,False
48936,MAZDOCK27OCT26FUT,MAZDOCK,27OCT2026,-1.000000,225,FUTSTK,NFO,10.000000,9001,False
48947,NESTLEIND27OCT26FUT,NESTLEIND,27OCT2026,-1.000000,500,FUTSTK,NFO,10.000000,15001,False
48972,PIDILITIND27OCT26FUT,PIDILITIND,27OCT2026,-1.000000,500,FUTSTK,NFO,10.000000,15001,False
48981,POWERINDIA27OCT26FUT,POWERINDIA,27OCT2026,-1.000000,25,FUTSTK,NFO,500.000000,751,False
48982,PREMIERENE27OCT26FUT,PREMIERENE,27OCT2026,-1.000000,650,FUTSTK,NFO,10.000000,26001,False
48987,RELIANCE27OCT26FUT,RELIANCE,27OCT2026,-1.000000,500,FUTSTK,NFO,10.000000,20001,False
48998,SHRIRAMFIN27OCT26FUT,SHRIRAMFIN,27OCT2026,-1.000000,825,FUTSTK,NFO,10.000000,24751,False
49000,SOLARINDS27OCT26FUT,SOLARINDS,27OCT2026,-1.000000,50,FUTSTK,NFO,500.000000,1501,False
49001,SONACOMS27OCT26FUT,SONACOMS,27OCT2026,-1.000000,1225,FUTSTK,NFO,5.000000,36751,False
49008,SWIGGY27OCT26FUT,SWIGGY,27OCT2026,-1.000000,1825,FUTSTK,NFO,5.000000,73001,False
49010,TATAELXSI27OCT26FUT,TATAELXSI,27OCT2026,-1.000000,125,FUTSTK,NFO,10.000000,6251,False
49014,TECHM27OCT26FUT,TECHM,27OCT2026,-1.000000,600,FUTSTK,NFO,10.000000,18001,False
49015,TIINDIA27OCT26FUT,TIINDIA,27OCT2026,-1.000000,200,FUTSTK,NFO,10.000000,8001,False
49019,TMPV27OCT26FUT,TMPV,27OCT2026,-1.000000,1600,FUTSTK,NFO,5.000000,64001,False
49033,WIPRO27OCT26FUT,WIPRO,27OCT2026,-1.000000,3000,FUTSTK,NFO,1.000000,120001,False
49036,YESBANK27OCT26FUT,YESBANK,27OCT2026,-1.000000,31100,FUTSTK,NFO,1.000000,933001,False
49058,NIFTYFPI27OCT261400CE,NIFTYFPI,27OCT2026,140000.000000,1100,OPTIDX,NFO,5.000000,8501,False
49059,NIFTYFPI27OCT261400PE,NIFTYFPI,27OCT2026,140000.000000,1100,OPTIDX,NFO,5.000000,8501,False
49157,NIFTYFPI27OCT261470PE,NIFTYFPI,27OCT2026,147000.000000,1100,OPTIDX,NFO,5.000000,8501,False
49218,NIFTYFPI27OCT261490CE,NIFTYFPI,27OCT2026,149000.000000,1100,OPTIDX,NFO,5.000000,8501,False
49285,BANKNIFTY27OCT2649000CE,BANKNIFTY,27OCT2026,4900000.000000,30,OPTIDX,NFO,5.000000,601,False
49336,NIFTYFPI27OCT261520CE,NIFTYFPI,27OCT2026,152000.000000,1100,OPTIDX,NFO,5.000000,8501,False
49338,BANKNIFTY27OCT2651000CE,BANKNIFTY,27OCT2026,5100000.000000,30,OPTIDX,NFO,5.000000,601,False
49356,BANKNIFTY27OCT2651500PE,BANKNIFTY,27OCT2026,5150000.000000,30,OPTIDX,NFO,5.000000,601,False
49410,BANKNIFTY27OCT2653700PE,BANKNIFTY,27OCT2026,5370000.000000,30,OPTIDX,NFO,5.000000,601,False
49431,BANKNIFTY27OCT2654700CE,BANKNIFTY,27OCT2026,5470000.000000,30,OPTIDX,NFO,5.000000,601,False
49433,BANKNIFTY27OCT2654800CE,BANKNIFTY,27OCT2026,5480000.000000,30,OPTIDX,NFO,5.000000,601,False
49434,BANKNIFTY27OCT2654800PE,BANKNIFTY,27OCT2026,5480000.000000,30,OPTIDX,NFO,5.000000,601,False
49436,NIFTYFPI27OCT261555PE,NIFTYFPI,27OCT2026,155500.000000,1100,OPTIDX,NFO,5.000000,8501,False
49456,BANKNIFTY27OCT2655400PE,BANKNIFTY,27OCT2026,5540000.000000,30,OPTIDX,NFO,5.000000,601,False
49470,BANKNIFTY27OCT2656100PE,BANKNIFTY,27OCT2026,5610000.000000,30,OPTIDX,NFO,5.000000,601,False
49481,BANKNIFTY27OCT2656600CE,BANKNIFTY,27OCT2026,5660000.000000,30,OPTIDX,NFO,5.000000,601,False
49500,BANKNIFTY27OCT2657200PE,BANKNIFTY,27OCT2026,5720000.000000,30,OPTIDX,NFO,5.000000,601,False
49509,NIFTYFPI27OCT261595CE,NIFTYFPI,27OCT2026,159500.000000,1100,OPTIDX,NFO,5.000000,8501,False
49513,BANKNIFTY27OCT2657800CE,BANKNIFTY,27OCT2026,5780000.000000,30,OPTIDX,NFO,5.000000,601,False
49518,BANKNIFTY27OCT2657900PE,BANKNIFTY,27OCT2026,5790000.000000,30,OPTIDX,NFO,5.000000,601,False
49523,NIFTYFPI27OCT261600CE,NIFTYFPI,27OCT2026,160000.000000,1100,OPTIDX,NFO,5.000000,8501,False
49540,BANKNIFTY27OCT2658700PE,BANKNIFTY,27OCT2026,5870000.000000,30,OPTIDX,NFO,5.000000,601,False
49548,NIFTYFPI27OCT261605PE,NIFTYFPI,27OCT2026,160500.000000,1100,OPTIDX,NFO,5.000000,8501,False
49554,BANKNIFTY27OCT2659300CE,BANKNIFTY,27OCT2026,5930000.000000,30,OPTIDX,NFO,5.000000,601,False
49561,BANKNIFTY27OCT2659500CE,BANKNIFTY,27OCT2026,5950000.000000,30,OPTIDX,NFO,5.000000,601,False
49567,BANKNIFTY27OCT2659800CE,BANKNIFTY,27OCT2026,5980000.000000,30,OPTIDX,NFO,5.000000,601,False
49568,BANKNIFTY27OCT2659800PE,BANKNIFTY,27OCT2026,5980000.000000,30,OPTIDX,NFO,5.000000,601,False
49574,BANKNIFTY27OCT2660000PE,BANKNIFTY,27OCT2026,6000000.000000,30,OPTIDX,NFO,5.000000,601,False
49587,BANKNIFTY27OCT2660700CE,BANKNIFTY,27OCT2026,6070000.000000,30,OPTIDX,NFO,5.000000,601,False
49611,BANKNIFTY27OCT2661700CE,BANKNIFTY,27OCT2026,6170000.000000,30,OPTIDX,NFO,5.000000,601,False
49625,BANKNIFTY27OCT2662300CE,BANKNIFTY,27OCT2026,6230000.000000,30,OPTIDX,NFO,5.000000,601,False
49629,BANKNIFTY27OCT2662500CE,BANKNIFTY,27OCT2026,6250000.000000,30,OPTIDX,NFO,5.000000,601,False
49644,BANKNIFTY27OCT2662800PE,BANKNIFTY,27OCT2026,6280000.000000,30,OPTIDX,NFO,5.000000,601,False
49647,BANKNIFTY27OCT2663000CE,BANKNIFTY,27OCT2026,6300000.000000,30,OPTIDX,NFO,5.000000,601,False
49656,BANKNIFTY27OCT2663400PE,BANKNIFTY,27OCT2026,6340000.000000,30,OPTIDX,NFO,5.000000,601,False
49676,BANKNIFTY27OCT2663900PE,BANKNIFTY,27OCT2026,6390000.000000,30,OPTIDX,NFO,5.000000,601,False
49698,NIFTYFPI27OCT261655PE,NIFTYFPI,27OCT2026,165500.000000,1100,OPTIDX,NFO,5.000000,8501,False
49713,BANKNIFTY27OCT2665500CE,BANKNIFTY,27OCT2026,6550000.000000,30,OPTIDX,NFO,5.000000,601,False
49714,BANKNIFTY27OCT2665500PE,BANKNIFTY,27OCT2026,6550000.000000,30,OPTIDX,NFO,5.000000,601,False
49992,NIFTYFPI27OCT261760PE,NIFTYFPI,27OCT2026,176000.000000,1100,OPTIDX,NFO,5.000000,8501,False
50082,NIFTYFPI27OCT261820CE,NIFTYFPI,27OCT2026,182000.000000,1100,OPTIDX,NFO,5.000000,8501,False
50280,FINNIFTY27OCT2624000CE,FINNIFTY,27OCT2026,2400000.000000,60,OPTIDX,NFO,5.000000,1801,False
50288,FINNIFTY27OCT2624300PE,FINNIFTY,27OCT2026,2430000.000000,60,OPTIDX,NFO,5.000000,1801,False
50319,FINNIFTY27OCT2625000CE,FINNIFTY,27OCT2026,2500000.000000,60,OPTIDX,NFO,5.000000,1801,False
50328,FINNIFTY27OCT2625300PE,FINNIFTY,27OCT2026,2530000.000000,60,OPTIDX,NFO,5.000000,1801,False
50357,FINNIFTY27OCT2626500CE,FINNIFTY,27OCT2026,2650000.000000,60,OPTIDX,NFO,5.000000,1801,False
50359,FINNIFTY27OCT2626600CE,FINNIFTY,27OCT2026,2660000.000000,60,OPTIDX,NFO,5.000000,1801,False
50387,FINNIFTY27OCT2627700CE,FINNIFTY,27OCT2026,2770000.000000,60,OPTIDX,NFO,5.000000,1801,False
50397,FINNIFTY27OCT2628100CE,FINNIFTY,27OCT2026,2810000.000000,60,OPTIDX,NFO,5.000000,1801,False
50409,FINNIFTY27OCT2628500CE,FINNIFTY,27OCT2026,2850000.000000,60,OPTIDX,NFO,5.000000,1801,False
50419,FINNIFTY27OCT2629000CE,FINNIFTY,27OCT2026,2900000.000000,60,OPTIDX,NFO,5.000000,1801,False
50640,MIDCPNIFTY27OCT2612950PE,MIDCPNIFTY,27OCT2026,1295000.000000,120,OPTIDX,NFO,5.000000,2801,False
50654,MIDCPNIFTY27OCT2613125PE,MIDCPNIFTY,27OCT2026,1312500.000000,120,OPTIDX,NFO,5.000000,2801,False
50671,MIDCPNIFTY27OCT2613325CE,MIDCPNIFTY,27OCT2026,1332500.000000,120,OPTIDX,NFO,5.000000,2801,False
50693,MIDCPNIFTY27OCT2613550CE,MIDCPNIFTY,27OCT2026,1355000.000000,120,OPTIDX,NFO,5.000000,2801,False
50704,MIDCPNIFTY27OCT2613625PE,MIDCPNIFTY,27OCT2026,1362500.000000,120,OPTIDX,NFO,5.000000,2801,False
50710,MIDCPNIFTY27OCT2613675PE,MIDCPNIFTY,27OCT2026,1367500.000000,120,OPTIDX,NFO,5.000000,2801,False
50724,MIDCPNIFTY27OCT2613825PE,MIDCPNIFTY,27OCT2026,1382500.000000,120,OPTIDX,NFO,5.000000,2801,False
50732,MIDCPNIFTY27OCT2613900PE,MIDCPNIFTY,27OCT2026,1390000.000000,120,OPTIDX,NFO,5.000000,2801,False
50734,MIDCPNIFTY27OCT2613925PE,MIDCPNIFTY,27OCT2026,1392500.000000,120,OPTIDX,NFO,5.000000,2801,False
50750,MIDCPNIFTY27OCT2614050CE,MIDCPNIFTY,27OCT2026,1405000.000000,120,OPTIDX,NFO,5.000000,2801,False
50760,MIDCPNIFTY27OCT2614150PE,MIDCPNIFTY,27OCT2026,1415000.000000,120,OPTIDX,NFO,5.000000,2801,False
50777,MIDCPNIFTY27OCT2614200PE,MIDCPNIFTY,27OCT2026,1420000.000000,120,OPTIDX,NFO,5.000000,2801,False
50785,MIDCPNIFTY27OCT2614275CE,MIDCPNIFTY,27OCT2026,1427500.000000,120,OPTIDX,NFO,5.000000,2801,False
50826,MIDCPNIFTY27OCT2614575PE,MIDCPNIFTY,27OCT2026,1457500.000000,120,OPTIDX,NFO,5.000000,2801,False
50852,MIDCPNIFTY27OCT2614800PE,MIDCPNIFTY,27OCT2026,1480000.000000,120,OPTIDX,NFO,5.000000,2801,False
50875,MIDCPNIFTY27OCT2614925CE,MIDCPNIFTY,27OCT2026,1492500.000000,120,OPTIDX,NFO,5.000000,2801,False
50877,MIDCPNIFTY27OCT2614950CE,MIDCPNIFTY,27OCT2026,1495000.000000,120,OPTIDX,NFO,5.000000,2801,False
50880,MIDCPNIFTY27OCT2614975PE,MIDCPNIFTY,27OCT2026,1497500.000000,120,OPTIDX,NFO,5.000000,2801,False
50884,MIDCPNIFTY27OCT2615025PE,MIDCPNIFTY,27OCT2026,1502500.000000,120,OPTIDX,NFO,5.000000,2801,False
50891,MIDCPNIFTY27OCT2615125CE,MIDCPNIFTY,27OCT2026,1512500.000000,120,OPTIDX,NFO,5.000000,2801,False
50892,MIDCPNIFTY27OCT2615125PE,MIDCPNIFTY,27OCT2026,1512500.000000,120,OPTIDX,NFO,5.000000,2801,False
50941,MIDCPNIFTY27OCT2615250PE,MIDCPNIFTY,27OCT2026,1525000.000000,120,OPTIDX,NFO,5.000000,2801,False
50960,MIDCPNIFTY27OCT2615450CE,MIDCPNIFTY,27OCT2026,1545000.000000,120,OPTIDX,NFO,5.000000,2801,False
50981,NIFTY29JUN2727000CE,NIFTY,29JUN2027,2700000.000000,65,OPTIDX,NFO,5.000000,1801,False
50986,MIDCPNIFTY27OCT2615650CE,MIDCPNIFTY,27OCT2026,1565000.000000,120,OPTIDX,NFO,5.000000,2801,False
50993,MIDCPNIFTY27OCT2615675PE,MIDCPNIFTY,27OCT2026,1567500.000000,120,OPTIDX,NFO,5.000000,2801,False
51064,MIDCPNIFTY27OCT2616300CE,MIDCPNIFTY,27OCT2026,1630000.000000,120,OPTIDX,NFO,5.000000,2801,False
51073,MIDCPNIFTY27OCT2616400PE,MIDCPNIFTY,27OCT2026,1640000.000000,120,OPTIDX,NFO,5.000000,2801,False
51088,MIDCPNIFTY27OCT2616600CE,MIDCPNIFTY,27OCT2026,1660000.000000,120,OPTIDX,NFO,5.000000,2801,False
51299,NIFTY27OCT2621800PE,NIFTY,27OCT2026,2180000.000000,65,OPTIDX,NFO,5.000000,1801,False
51308,NIFTY27OCT2622000CE,NIFTY,27OCT2026,2200000.000000,65,OPTIDX,NFO,5.000000,1801,False
51328,NIFTY27OCT2622450CE,NIFTY,27OCT2026,2245000.000000,65,OPTIDX,NFO,5.000000,1801,False
51338,NIFTY27OCT2622650CE,NIFTY,27OCT2026,2265000.000000,65,OPTIDX,NFO,5.000000,1801,False
51373,NIFTY27OCT2623500PE,NIFTY,27OCT2026,2350000.000000,65,OPTIDX,NFO,5.000000,1801,False
51376,NIFTY27OCT2623600CE,NIFTY,27OCT2026,2360000.000000,65,OPTIDX,NFO,5.000000,1801,False
51387,NIFTY27OCT2623850PE,NIFTY,27OCT2026,2385000.000000,65,OPTIDX,NFO,5.000000,1801,False
51403,NIFTY27OCT2624200PE,NIFTY,27OCT2026,2420000.000000,65,OPTIDX,NFO,5.000000,1801,False
51422,NIFTY27OCT2624600CE,NIFTY,27OCT2026,2460000.000000,65,OPTIDX,NFO,5.000000,1801,False
51423,NIFTY27OCT2624600PE,NIFTY,27OCT2026,2460000.000000,65,OPTIDX,NFO,5.000000,1801,False
51432,NIFTY27OCT2624850CE,NIFTY,27OCT2026,2485000.000000,65,OPTIDX,NFO,5.000000,1801,False
112590,LODHA27OCT261220PE,LODHA,27OCT2026,122000.000000,625,OPTSTK,NFO,5.000000,18751,False
112593,LODHA27OCT261300CE,LODHA,27OCT2026,130000.000000,625,OPTSTK,NFO,5.000000,18751,False
112666,LODHA23NOV261040PE,LODHA,23NOV2026,104000.000000,625,OPTSTK,NFO,5.000000,18751,False
112704,LODHA23NOV261160CE,LODHA,23NOV2026,116000.000000,625,OPTSTK,NFO,5.000000,18751,False
112707,IDEA29SEP2610CE,IDEA,29SEP2026,1000.000000,71475,OPTSTK,NFO,1.000000,1429501,False
112717,LODHA23NOV261280PE,LODHA,23NOV2026,128000.000000,625,OPTSTK,NFO,5.000000,18751,False
112731,TATASTEEL29SEP26197.5CE,TATASTEEL,29SEP2026,19750.000000,2750,OPTSTK,NFO,1.000000,137501,False
112736,TATASTEEL29SEP26207.5PE,TATASTEEL,29SEP2026,20750.000000,2750,OPTSTK,NFO,1.000000,137501,False
112739,LODHA23NOV261320PE,LODHA,23NOV2026,132000.000000,625,OPTSTK,NFO,5.000000,18751,False
112860,IDEA29SEP2618PE,IDEA,29SEP2026,1800.000000,71475,OPTSTK,NFO,1.000000,1429501,False
112865,IDEA29SEP2620CE,IDEA,29SEP2026,2000.000000,71475,OPTSTK,NFO,1.000000,1429501,False
112946,LT27OCT263850PE,LT,27OCT2026,385000.000000,175,OPTSTK,NFO,5.000000,7001,False
113023,LT27OCT264450CE,LT,27OCT2026,445000.000000,175,OPTSTK,NFO,5.000000,7001,False
113050,IDFCFIRSTB29SEP2680CE,IDFCFIRSTB,29SEP2026,8000.000000,9275,OPTSTK,NFO,1.000000,278251,False
113052,IDFCFIRSTB29SEP2682CE,IDFCFIRSTB,29SEP2026,8200.000000,9275,OPTSTK,NFO,1.000000,278251,False
113056,IDFCFIRSTB29SEP2686CE,IDFCFIRSTB,29SEP2026,8600.000000,9275,OPTSTK,NFO,1.000000,278251,False
113057,IDFCFIRSTB29SEP2686PE,IDFCFIRSTB,29SEP2026,8600.000000,9275,OPTSTK,NFO,1.000000,278251,False
113081,TCS29SEP262020PE,TCS,29SEP2026,202000.000000,225,OPTSTK,NFO,5.000000,9001,False
113085,TCS29SEP262100PE,TCS,29SEP2026,210000.000000,225,OPTSTK,NFO,5.000000,9001,False
113092,IDFCFIRSTB29SEP2692PE,IDFCFIRSTB,29SEP2026,9200.000000,9275,OPTSTK,NFO,1.000000,278251,False
113100,IDFCFIRSTB29SEP2696PE,IDFCFIRSTB,29SEP2026,9600.000000,9275,OPTSTK,NFO,1.000000,278251,False
113109,TCS29SEP262300PE,TCS,29SEP2026,230000.000000,225,OPTSTK,NFO,5.000000,9001,False
113221,TCS27OCT262080CE,TCS,27OCT2026,208000.000000,225,OPTSTK,NFO,5.000000,9001,False
113240,TCS27OCT262400PE,TCS,27OCT2026,240000.000000,225,OPTSTK,NFO,5.000000,9001,False
113241,TCS27OCT262440CE,TCS,27OCT2026,244000.000000,225,OPTSTK,NFO,5.000000,9001,False
113249,TCS27OCT262600CE,TCS,27OCT2026,260000.000000,225,OPTSTK,NFO,5.000000,9001,False
113258,TCS27OCT262640CE,TCS,27OCT2026,264000.000000,225,OPTSTK,NFO,5.000000,9001,False
113272,TCS27OCT262680PE,TCS,27OCT2026,268000.000000,225,OPTSTK,NFO,5.000000,9001,False
113279,LT23NOV263400PE,LT,23NOV2026,340000.000000,175,OPTSTK,NFO,5.000000,7001,False
113285,LT23NOV263700PE,LT,23NOV2026,370000.000000,175,OPTSTK,NFO,5.000000,7001,False
113291,LT23NOV264000CE,LT,23NOV2026,400000.000000,175,OPTSTK,NFO,5.000000,7001,False
113297,LT23NOV264200CE,LT,23NOV2026,420000.000000,175,OPTSTK,NFO,5.000000,7001,False
113301,LT23NOV264300CE,LT,23NOV2026,430000.000000,175,OPTSTK,NFO,5.000000,7001,False
113407,LTF27OCT26335PE,LTF,27OCT2026,33500.000000,2250,OPTSTK,NFO,5.000000,67501,False
113408,LTF27OCT26345CE,LTF,27OCT2026,34500.000000,2250,OPTSTK,NFO,5.000000,67501,False
113511,LTF23NOV26290CE,LTF,23NOV2026,29000.000000,2250,OPTSTK,NFO,5.000000,67501,False
113524,LTF23NOV26350CE,LTF,23NOV2026,35000.000000,2250,OPTSTK,NFO,5.000000,67501,False
113531,TECHM29SEP261740PE,TECHM,29SEP2026,174000.000000,600,OPTSTK,NFO,5.000000,18001,False
113632,LTM27OCT264350CE,LTM,27OCT2026,435000.000000,150,OPTSTK,NFO,5.000000,6001,False
113648,LTM27OCT264750PE,LTM,27OCT2026,475000.000000,150,OPTSTK,NFO,5.000000,6001,False
113656,LTM27OCT265150PE,LTM,27OCT2026,515000.000000,150,OPTSTK,NFO,5.000000,6001,False
113769,IEX29SEP26130CE,IEX,29SEP2026,13000.000000,4350,OPTSTK,NFO,1.000000,174001,False
113815,TECHM27OCT261600CE,TECHM,27OCT2026,160000.000000,600,OPTSTK,NFO,5.000000,18001,False
113828,LTM23NOV264500CE,LTM,23NOV2026,450000.000000,150,OPTSTK,NFO,5.000000,6001,False
113832,TECHM27OCT261840PE,TECHM,27OCT2026,184000.000000,600,OPTSTK,NFO,5.000000,18001,False
113838,LTM23NOV264700CE,LTM,23NOV2026,470000.000000,150,OPTSTK,NFO,5.000000,6001,False
113839,LTM23NOV264700PE,LTM,23NOV2026,470000.000000,150,OPTSTK,NFO,5.000000,6001,False
113897,IEX29SEP26140PE,IEX,29SEP2026,14000.000000,4350,OPTSTK,NFO,1.000000,174001,False
113902,IEX29SEP26150CE,IEX,29SEP2026,15000.000000,4350,OPTSTK,NFO,1.000000,174001,False
113922,LUPIN27OCT261860PE,LUPIN,27OCT2026,186000.000000,425,OPTSTK,NFO,5.000000,12751,False
113965,LUPIN27OCT261980CE,LUPIN,27OCT2026,198000.000000,425,OPTSTK,NFO,5.000000,12751,False
114001,INDHOTEL29SEP26620PE,INDHOTEL,29SEP2026,62000.000000,1000,OPTSTK,NFO,5.000000,30001,False
114017,INDHOTEL29SEP26740PE,INDHOTEL,29SEP2026,74000.000000,1000,OPTSTK,NFO,5.000000,30001,False
114025,INDHOTEL29SEP26760PE,INDHOTEL,29SEP2026,76000.000000,1000,OPTSTK,NFO,5.000000,30001,False
114106,LUPIN27OCT262340CE,LUPIN,27OCT2026,234000.000000,425,OPTSTK,NFO,5.000000,12751,False
114193,LUPIN23NOV262040CE,LUPIN,23NOV2026,204000.000000,425,OPTSTK,NFO,5.000000,12751,False
114196,LUPIN23NOV262080PE,LUPIN,23NOV2026,208000.000000,425,OPTSTK,NFO,5.000000,12751,False
114211,LUPIN23NOV262320CE,LUPIN,23NOV2026,232000.000000,425,OPTSTK,NFO,5.000000,12751,False
114239,LUPIN23NOV262440PE,LUPIN,23NOV2026,244000.000000,425,OPTSTK,NFO,5.000000,12751,False
114241,LUPIN23NOV262480PE,LUPIN,23NOV2026,248000.000000,425,OPTSTK,NFO,5.000000,12751,False
114297,TIINDIA27OCT262100PE,TIINDIA,27OCT2026,210000.000000,200,OPTSTK,NFO,5.000000,8001,False
114316,TIINDIA27OCT262800CE,TIINDIA,27OCT2026,280000.000000,200,OPTSTK,NFO,5.000000,8001,False
114317,TIINDIA27OCT262800PE,TIINDIA,27OCT2026,280000.000000,200,OPTSTK,NFO,5.000000,8001,False
114320,TIINDIA27OCT263000CE,TIINDIA,27OCT2026,300000.000000,200,OPTSTK,NFO,5.000000,8001,False
114411,INDIANB29SEP26780CE,INDIANB,29SEP2026,78000.000000,1000,OPTSTK,NFO,5.000000,30001,False
114420,INDIANB29SEP26860PE,INDIANB,29SEP2026,86000.000000,1000,OPTSTK,NFO,5.000000,30001,False
114450,INDIANB29SEP261000PE,INDIANB,29SEP2026,100000.000000,1000,OPTSTK,NFO,5.000000,30001,False
114478,M&M27OCT263050PE,M&M,27OCT2026,305000.000000,200,OPTSTK,NFO,5.000000,8001,False
114488,TITAN29SEP265050CE,TITAN,29SEP2026,505000.000000,175,OPTSTK,NFO,5.000000,5251,False
114496,M&M27OCT263450PE,M&M,27OCT2026,345000.000000,200,OPTSTK,NFO,5.000000,8001,False
114543,INDIGO29SEP265000CE,INDIGO,29SEP2026,500000.000000,150,OPTSTK,NFO,5.000000,4501,False
114544,INDIGO29SEP265000PE,INDIGO,29SEP2026,500000.000000,150,OPTSTK,NFO,5.000000,4501,False
114549,INDIGO29SEP265600CE,INDIGO,29SEP2026,560000.000000,150,OPTSTK,NFO,5.000000,4501,False
114630,TITAN27OCT265000CE,TITAN,27OCT2026,500000.000000,175,OPTSTK,NFO,5.000000,5251,False
114633,TITAN27OCT265100PE,TITAN,27OCT2026,510000.000000,175,OPTSTK,NFO,5.000000,5251,False
114637,TITAN27OCT265300PE,TITAN,27OCT2026,530000.000000,175,OPTSTK,NFO,5.000000,5251,False
114650,TITAN27OCT265800CE,TITAN,27OCT2026,580000.000000,175,OPTSTK,NFO,5.000000,5251,False
114756,TMPV29SEP26365CE,TMPV,29SEP2026,36500.000000,1600,OPTSTK,NFO,5.000000,64001,False
114813,M&M23NOV263500PE,M&M,23NOV2026,350000.000000,200,OPTSTK,NFO,5.000000,8001,False
114900,TMPV27OCT26250CE,TMPV,27OCT2026,25000.000000,1600,OPTSTK,NFO,5.000000,64001,False
114935,INDUSINDBK29SEP26840CE,INDUSINDBK,29SEP2026,84000.000000,700,OPTSTK,NFO,5.000000,28001,False
114977,TMPV27OCT26400CE,TMPV,27OCT2026,40000.000000,1600,OPTSTK,NFO,5.000000,64001,False
115002,MAHABANK29SEP2670PE,MAHABANK,29SEP2026,7000.000000,6500,OPTSTK,NFO,1.000000,260001,False
115037,MAHABANK29SEP2672PE,MAHABANK,29SEP2026,7200.000000,6500,OPTSTK,NFO,1.000000,260001,False
115044,MAHABANK29SEP2675CE,MAHABANK,29SEP2026,7500.000000,6500,OPTSTK,NFO,1.000000,260001,False
115046,TORNTPHARM29SEP264650PE,TORNTPHARM,29SEP2026,465000.000000,125,OPTSTK,NFO,5.000000,5001,False
115047,TORNTPHARM29SEP264750CE,TORNTPHARM,29SEP2026,475000.000000,125,OPTSTK,NFO,5.000000,5001,False
115050,TORNTPHARM29SEP264850PE,TORNTPHARM,29SEP2026,485000.000000,125,OPTSTK,NFO,5.000000,5001,False
115066,TORNTPHARM29SEP265250PE,TORNTPHARM,29SEP2026,525000.000000,125,OPTSTK,NFO,5.000000,5001,False
115116,INDUSINDBK29SEP261060PE,INDUSINDBK,29SEP2026,106000.000000,700,OPTSTK,NFO,5.000000,28001,False
115121,INDUSINDBK29SEP261120CE,INDUSINDBK,29SEP2026,112000.000000,700,OPTSTK,NFO,5.000000,28001,False
115153,TORNTPHARM27OCT264500PE,TORNTPHARM,27OCT2026,450000.000000,125,OPTSTK,NFO,5.000000,5001,False
115158,MAHABANK29SEP2678PE,MAHABANK,29SEP2026,7800.000000,6500,OPTSTK,NFO,1.000000,260001,False
115163,TORNTPHARM27OCT264700CE,TORNTPHARM,27OCT2026,470000.000000,125,OPTSTK,NFO,5.000000,5001,False
115207,MAHABANK29SEP2685PE,MAHABANK,29SEP2026,8500.000000,6500,OPTSTK,NFO,1.000000,260001,False
115221,TORNTPHARM27OCT265100PE,TORNTPHARM,27OCT2026,510000.000000,125,OPTSTK,NFO,5.000000,5001,False
115225,TORNTPHARM27OCT265300PE,TORNTPHARM,27OCT2026,530000.000000,125,OPTSTK,NFO,5.000000,5001,False
115233,MAHABANK29SEP2693PE,MAHABANK,29SEP2026,9300.000000,6500,OPTSTK,NFO,1.000000,260001,False
115244,MAHABANK29SEP2697CE,MAHABANK,29SEP2026,9700.000000,6500,OPTSTK,NFO,1.000000,260001,False
115247,MAHABANK29SEP2698PE,MAHABANK,29SEP2026,9800.000000,6500,OPTSTK,NFO,1.000000,260001,False
115266,INDUSTOWER29SEP26376CE,INDUSTOWER,29SEP2026,37600.000000,1700,OPTSTK,NFO,5.000000,68001,False
115403,TRENT27OCT262400CE,TRENT,27OCT2026,240000.000000,225,OPTSTK,NFO,5.000000,9001,False
115405,TRENT27OCT262500CE,TRENT,27OCT2026,250000.000000,225,OPTSTK,NFO,5.000000,9001,False
115406,TRENT27OCT262500PE,TRENT,27OCT2026,250000.000000,225,OPTSTK,NFO,5.000000,9001,False
115416,TRENT27OCT263000PE,TRENT,27OCT2026,300000.000000,225,OPTSTK,NFO,5.000000,9001,False
115418,TRENT27OCT263100PE,TRENT,27OCT2026,310000.000000,225,OPTSTK,NFO,5.000000,9001,False
115553,MAHABANK27OCT2670PE,MAHABANK,27OCT2026,7000.000000,6500,OPTSTK,NFO,1.000000,260001,False
115593,TVSMOTOR27OCT264100CE,TVSMOTOR,27OCT2026,410000.000000,175,OPTSTK,NFO,5.000000,5251,False
115596,MAHABANK27OCT2683CE,MAHABANK,27OCT2026,8300.000000,6500,OPTSTK,NFO,1.000000,260001,False
115610,MAHABANK27OCT2687PE,MAHABANK,27OCT2026,8700.000000,6500,OPTSTK,NFO,1.000000,260001,False
115660,MAHABANK27OCT2695PE,MAHABANK,27OCT2026,9500.000000,6500,OPTSTK,NFO,1.000000,260001,False
115721,ULTRACEMCO29SEP2611260CE,ULTRACEMCO,29SEP2026,1126000.000000,50,OPTSTK,NFO,5.000000,2001,False
115728,ULTRACEMCO29SEP2611460CE,ULTRACEMCO,29SEP2026,1146000.000000,50,OPTSTK,NFO,5.000000,2001,False
115751,MAHABANK23NOV2682CE,MAHABANK,23NOV2026,8200.000000,6500,OPTSTK,NFO,1.000000,260001,False
115755,MAHABANK23NOV2686CE,MAHABANK,23NOV2026,8600.000000,6500,OPTSTK,NFO,1.000000,260001,False
115757,MAHABANK23NOV2688CE,MAHABANK,23NOV2026,8800.000000,6500,OPTSTK,NFO,1.000000,260001,False
115763,INFY29SEP26960CE,INFY,29SEP2026,96000.000000,400,OPTSTK,NFO,5.000000,20001,False
115854,MANAPPURAM27OCT26375PE,MANAPPURAM,27OCT2026,37500.000000,3000,OPTSTK,NFO,5.000000,60001,False
115855,MANAPPURAM27OCT26385CE,MANAPPURAM,27OCT2026,38500.000000,3000,OPTSTK,NFO,5.000000,60001,False
115913,MANAPPURAM23NOV26310CE,MANAPPURAM,23NOV2026,31000.000000,3000,OPTSTK,NFO,5.000000,60001,False
115929,MANAPPURAM23NOV26350CE,MANAPPURAM,23NOV2026,35000.000000,3000,OPTSTK,NFO,5.000000,60001,False
115930,MANAPPURAM23NOV26350PE,MANAPPURAM,23NOV2026,35000.000000,3000,OPTSTK,NFO,5.000000,60001,False
116053,MANKIND27OCT262020PE,MANKIND,27OCT2026,202000.000000,250,OPTSTK,NFO,5.000000,10001,False
116069,MANKIND27OCT262340PE,MANKIND,27OCT2026,234000.000000,250,OPTSTK,NFO,5.000000,10001,False
116215,MANKIND23NOV261920CE,MANKIND,23NOV2026,192000.000000,250,OPTSTK,NFO,5.000000,10001,False
116232,MANKIND23NOV262120PE,MANKIND,23NOV2026,212000.000000,250,OPTSTK,NFO,5.000000,10001,False
116265,UNIONBANK29SEP26197.5CE,UNIONBANK,29SEP2026,19750.000000,4425,OPTSTK,NFO,1.000000,132751,False
116286,INOXWIND29SEP2660CE,INOXWIND,29SEP2026,6000.000000,6400,OPTSTK,NFO,1.000000,256001,False
116302,INOXWIND29SEP2685PE,INOXWIND,29SEP2026,8500.000000,6400,OPTSTK,NFO,1.000000,256001,False
116321,UNIONBANK27OCT26155PE,UNIONBANK,27OCT2026,15500.000000,4425,OPTSTK,NFO,1.000000,132751,False
116322,UNIONBANK27OCT26160CE,UNIONBANK,27OCT2026,16000.000000,4425,OPTSTK,NFO,1.000000,132751,False
116339,UNIONBANK27OCT26195PE,UNIONBANK,27OCT2026,19500.000000,4425,OPTSTK,NFO,1.000000,132751,False
116344,MANKIND23NOV262160CE,MANKIND,23NOV2026,216000.000000,250,OPTSTK,NFO,5.000000,10001,False
116355,MANKIND23NOV262280CE,MANKIND,23NOV2026,228000.000000,250,OPTSTK,NFO,5.000000,10001,False
116372,MANKIND23NOV262480PE,MANKIND,23NOV2026,248000.000000,250,OPTSTK,NFO,5.000000,10001,False
116463,UNITDSPR29SEP261420PE,UNITDSPR,29SEP2026,142000.000000,400,OPTSTK,NFO,5.000000,16001,False
116465,MARICO27OCT26750PE,MARICO,27OCT2026,75000.000000,1200,OPTSTK,NFO,5.000000,36001,False
116471,MARICO27OCT26790PE,MARICO,27OCT2026,79000.000000,1200,OPTSTK,NFO,5.000000,36001,False
116476,MARICO27OCT26830CE,MARICO,27OCT2026,83000.000000,1200,OPTSTK,NFO,5.000000,36001,False
116530,MARICO23NOV26720PE,MARICO,23NOV2026,72000.000000,1200,OPTSTK,NFO,5.000000,36001,False
116541,UNITDSPR29SEP261540PE,UNITDSPR,29SEP2026,154000.000000,400,OPTSTK,NFO,5.000000,16001,False
116531,MARICO23NOV26740CE,MARICO,23NOV2026,74000.000000,1200,OPTSTK,NFO,5.000000,36001,False
116532,MARICO23NOV26740PE,MARICO,23NOV2026,74000.000000,1200,OPTSTK,NFO,5.000000,36001,False
116542,UNITDSPR29SEP261580CE,UNITDSPR,29SEP2026,158000.000000,400,OPTSTK,NFO,5.000000,16001,False
116546,UNITDSPR29SEP261660CE,UNITDSPR,29SEP2026,166000.000000,400,OPTSTK,NFO,5.000000,16001,False
116578,MARICO23NOV26820PE,MARICO,23NOV2026,82000.000000,1200,OPTSTK,NFO,5.000000,36001,False
116584,UNITDSPR27OCT261200PE,UNITDSPR,27OCT2026,120000.000000,400,OPTSTK,NFO,5.000000,16001,False
116585,MARICO23NOV26880PE,MARICO,23NOV2026,88000.000000,1200,OPTSTK,NFO,5.000000,36001,False
116586,MARICO23NOV26900CE,MARICO,23NOV2026,90000.000000,1200,OPTSTK,NFO,5.000000,36001,False
116645,UNITDSPR27OCT261360PE,UNITDSPR,27OCT2026,136000.000000,400,OPTSTK,NFO,5.000000,16001,False
116653,UNITDSPR27OCT261520CE,UNITDSPR,27OCT2026,152000.000000,400,OPTSTK,NFO,5.000000,16001,False
116655,UNITDSPR27OCT261560CE,UNITDSPR,27OCT2026,156000.000000,400,OPTSTK,NFO,5.000000,16001,False
116726,UNOMINDA29SEP261220CE,UNOMINDA,29SEP2026,122000.000000,550,OPTSTK,NFO,5.000000,22001,False
116733,UNOMINDA29SEP261300PE,UNOMINDA,29SEP2026,130000.000000,550,OPTSTK,NFO,5.000000,22001,False
116737,UNOMINDA29SEP261380PE,UNOMINDA,29SEP2026,138000.000000,550,OPTSTK,NFO,5.000000,22001,False
116849,UNOMINDA27OCT261320CE,UNOMINDA,27OCT2026,132000.000000,550,OPTSTK,NFO,5.000000,22001,False
116852,UNOMINDA27OCT261360PE,UNOMINDA,27OCT2026,136000.000000,550,OPTSTK,NFO,5.000000,22001,False
116853,UNOMINDA27OCT261400CE,UNOMINDA,27OCT2026,140000.000000,550,OPTSTK,NFO,5.000000,22001,False
116886,UPL29SEP26530PE,UPL,29SEP2026,53000.000000,1355,OPTSTK,NFO,5.000000,40651,False
116897,UPL29SEP26630CE,UPL,29SEP2026,63000.000000,1355,OPTSTK,NFO,5.000000,40651,False
116948,MARUTI27OCT2611500PE,MARUTI,27OCT2026,1150000.000000,50,OPTSTK,NFO,5.000000,2001,False
116961,MARUTI27OCT2611700PE,MARUTI,27OCT2026,1170000.000000,50,OPTSTK,NFO,5.000000,2001,False
116987,MARUTI27OCT2613300CE,MARUTI,27OCT2026,1330000.000000,50,OPTSTK,NFO,5.000000,2001,False
116998,MARUTI27OCT2614100PE,MARUTI,27OCT2026,1410000.000000,50,OPTSTK,NFO,5.000000,2001,False
117000,MARUTI27OCT2614300CE,MARUTI,27OCT2026,1430000.000000,50,OPTSTK,NFO,5.000000,2001,False
117008,MARUTI27OCT2614700PE,MARUTI,27OCT2026,1470000.000000,50,OPTSTK,NFO,5.000000,2001,False
117034,UPL27OCT26520CE,UPL,27OCT2026,52000.000000,1355,OPTSTK,NFO,5.000000,40651,False
117044,UPL27OCT26620CE,UPL,27OCT2026,62000.000000,1355,OPTSTK,NFO,5.000000,40651,False
117046,UPL27OCT26640CE,UPL,27OCT2026,64000.000000,1355,OPTSTK,NFO,5.000000,40651,False
117047,UPL27OCT26640PE,UPL,27OCT2026,64000.000000,1355,OPTSTK,NFO,5.000000,40651,False
117187,MARUTI23NOV2610800CE,MARUTI,23NOV2026,1080000.000000,50,OPTSTK,NFO,5.000000,2001,False
117201,IREDA29SEP26105CE,IREDA,29SEP2026,10500.000000,4525,OPTSTK,NFO,1.000000,181001,False
117202,IREDA29SEP26105PE,IREDA,29SEP2026,10500.000000,4525,OPTSTK,NFO,1.000000,181001,False
117203,IREDA29SEP26110CE,IREDA,29SEP2026,11000.000000,4525,OPTSTK,NFO,1.000000,181001,False
117224,MARUTI23NOV2611000PE,MARUTI,23NOV2026,1100000.000000,50,OPTSTK,NFO,5.000000,2001,False
117233,MARUTI23NOV2611400PE,MARUTI,23NOV2026,1140000.000000,50,OPTSTK,NFO,5.000000,2001,False
117245,MARUTI23NOV2611800CE,MARUTI,23NOV2026,1180000.000000,50,OPTSTK,NFO,5.000000,2001,False
117257,MARUTI23NOV2611800PE,MARUTI,23NOV2026,1180000.000000,50,OPTSTK,NFO,5.000000,2001,False
117325,MARUTI23NOV2613600CE,MARUTI,23NOV2026,1360000.000000,50,OPTSTK,NFO,5.000000,2001,False
117326,VBL29SEP26370PE,VBL,29SEP2026,37000.000000,1275,OPTSTK,NFO,5.000000,51001,False
117329,VBL29SEP26410CE,VBL,29SEP2026,41000.000000,1275,OPTSTK,NFO,5.000000,51001,False
117332,MARUTI23NOV2613600PE,MARUTI,23NOV2026,1360000.000000,50,OPTSTK,NFO,5.000000,2001,False
117357,MARUTI23NOV2614400PE,MARUTI,23NOV2026,1440000.000000,50,OPTSTK,NFO,5.000000,2001,False
117433,IRFC29SEP2668CE,IRFC,29SEP2026,6800.000000,5425,OPTSTK,NFO,1.000000,271251,False
117447,VBL27OCT26320CE,VBL,27OCT2026,32000.000000,1275,OPTSTK,NFO,5.000000,51001,False
117462,IRFC29SEP2674PE,IRFC,29SEP2026,7400.000000,5425,OPTSTK,NFO,1.000000,271251,False
117607,VEDL29SEP26275CE,VEDL,29SEP2026,27500.000000,1150,OPTSTK,NFO,5.000000,80501,False
117609,VEDL29SEP26285CE,VEDL,29SEP2026,28500.000000,1150,OPTSTK,NFO,5.000000,80501,False
117611,VEDL29SEP26295CE,VEDL,29SEP2026,29500.000000,1150,OPTSTK,NFO,5.000000,80501,False
117613,VEDL29SEP26305CE,VEDL,29SEP2026,30500.000000,1150,OPTSTK,NFO,5.000000,80501,False
117686,IRFC29SEP26100PE,IRFC,29SEP2026,10000.000000,5425,OPTSTK,NFO,1.000000,271251,False
117720,VEDL27OCT26240CE,VEDL,27OCT2026,24000.000000,1150,OPTSTK,NFO,5.000000,80501,False
117736,VEDL27OCT26270CE,VEDL,27OCT2026,27000.000000,1150,OPTSTK,NFO,5.000000,80501,False
117771,VMM29SEP2692.5PE,VMM,29SEP2026,9250.000000,4850,OPTSTK,NFO,1.000000,194001,False
117781,VMM29SEP26117.5PE,VMM,29SEP2026,11750.000000,4850,OPTSTK,NFO,1.000000,194001,False
117783,VMM29SEP26122.5PE,VMM,29SEP2026,12250.000000,4850,OPTSTK,NFO,1.000000,194001,False
117815,VMM27OCT2695PE,VMM,27OCT2026,9500.000000,4850,OPTSTK,NFO,1.000000,194001,False
117836,VMM27OCT26125PE,VMM,27OCT2026,12500.000000,4850,OPTSTK,NFO,1.000000,194001,False
117940,VOLTAS29SEP261060CE,VOLTAS,29SEP2026,106000.000000,375,OPTSTK,NFO,5.000000,18751,False
118015,ITC29SEP26220PE,ITC,29SEP2026,22000.000000,1725,OPTSTK,NFO,5.000000,86251,False
118023,MAXHEALTH27OCT261090PE,MAXHEALTH,27OCT2026,109000.000000,525,OPTSTK,NFO,5.000000,21001,False
118039,ITC29SEP26250PE,ITC,29SEP2026,25000.000000,1725,OPTSTK,NFO,5.000000,86251,False
118046,VOLTAS29SEP261260CE,VOLTAS,29SEP2026,126000.000000,375,OPTSTK,NFO,5.000000,18751,False
118081,ITC29SEP26305PE,ITC,29SEP2026,30500.000000,1725,OPTSTK,NFO,5.000000,86251,False
118082,ITC29SEP26310CE,ITC,29SEP2026,31000.000000,1725,OPTSTK,NFO,5.000000,86251,False
118136,VOLTAS27OCT261000CE,VOLTAS,27OCT2026,100000.000000,375,OPTSTK,NFO,5.000000,18751,False
118148,MAXHEALTH23NOV26880PE,MAXHEALTH,23NOV2026,88000.000000,525,OPTSTK,NFO,5.000000,21001,False
118157,MAXHEALTH23NOV26940CE,MAXHEALTH,23NOV2026,94000.000000,525,OPTSTK,NFO,5.000000,21001,False
118161,VOLTAS27OCT261040CE,VOLTAS,27OCT2026,104000.000000,375,OPTSTK,NFO,5.000000,18751,False
118173,VOLTAS27OCT261200CE,VOLTAS,27OCT2026,120000.000000,375,OPTSTK,NFO,5.000000,18751,False
118175,VOLTAS27OCT261240CE,VOLTAS,27OCT2026,124000.000000,375,OPTSTK,NFO,5.000000,18751,False
118184,VOLTAS27OCT261400PE,VOLTAS,27OCT2026,140000.000000,375,OPTSTK,NFO,5.000000,18751,False
118225,MAXHEALTH23NOV261120CE,MAXHEALTH,23NOV2026,112000.000000,525,OPTSTK,NFO,5.000000,21001,False
118266,ITC29SEP26325PE,ITC,29SEP2026,32500.000000,1725,OPTSTK,NFO,5.000000,86251,False
118355,JINDALSTEL29SEP261240CE,JINDALSTEL,29SEP2026,124000.000000,625,OPTSTK,NFO,5.000000,18751,False
118358,JINDALSTEL29SEP261280PE,JINDALSTEL,29SEP2026,128000.000000,625,OPTSTK,NFO,5.000000,18751,False
118383,WAAREEENER29SEP262650CE,WAAREEENER,29SEP2026,265000.000000,175,OPTSTK,NFO,5.000000,8751,False
118386,WAAREEENER29SEP262750PE,WAAREEENER,29SEP2026,275000.000000,175,OPTSTK,NFO,5.000000,8751,False
118397,MAZDOCK27OCT262750CE,MAZDOCK,27OCT2026,275000.000000,225,OPTSTK,NFO,5.000000,9001,False
118437,WAAREEENER27OCT262000CE,WAAREEENER,27OCT2026,200000.000000,175,OPTSTK,NFO,5.000000,8751,False
118443,WAAREEENER27OCT262300CE,WAAREEENER,27OCT2026,230000.000000,175,OPTSTK,NFO,5.000000,8751,False
118446,WAAREEENER27OCT262400PE,WAAREEENER,27OCT2026,240000.000000,175,OPTSTK,NFO,5.000000,8751,False
118448,WAAREEENER27OCT262500PE,WAAREEENER,27OCT2026,250000.000000,175,OPTSTK,NFO,5.000000,8751,False
118456,WAAREEENER27OCT262900PE,WAAREEENER,27OCT2026,290000.000000,175,OPTSTK,NFO,5.000000,8751,False
118458,WAAREEENER27OCT263000PE,WAAREEENER,27OCT2026,300000.000000,175,OPTSTK,NFO,5.000000,8751,False
118547,MAZDOCK23NOV262200PE,MAZDOCK,23NOV2026,220000.000000,225,OPTSTK,NFO,5.000000,9001,False
118549,MAZDOCK23NOV262300PE,MAZDOCK,23NOV2026,230000.000000,225,OPTSTK,NFO,5.000000,9001,False
118571,MAZDOCK23NOV263000PE,MAZDOCK,23NOV2026,300000.000000,225,OPTSTK,NFO,5.000000,9001,False
118599,JIOFIN29SEP26190PE,JIOFIN,29SEP2026,19000.000000,2350,OPTSTK,NFO,1.000000,94001,False
118601,JIOFIN29SEP26195PE,JIOFIN,29SEP2026,19500.000000,2350,OPTSTK,NFO,1.000000,94001,False
118616,MCX27OCT262850CE,MCX,27OCT2026,285000.000000,225,OPTSTK,NFO,5.000000,6751,False
118624,MCX27OCT263250CE,MCX,27OCT2026,325000.000000,225,OPTSTK,NFO,5.000000,6751,False
118643,WIPRO29SEP26157.5PE,WIPRO,29SEP2026,15750.000000,3000,OPTSTK,NFO,1.000000,120001,False
118666,WIPRO29SEP26187.5PE,WIPRO,29SEP2026,18750.000000,3000,OPTSTK,NFO,1.000000,120001,False
118706,WIPRO27OCT26140PE,WIPRO,27OCT2026,14000.000000,3000,OPTSTK,NFO,1.000000,120001,False
118709,WIPRO27OCT26150CE,WIPRO,27OCT2026,15000.000000,3000,OPTSTK,NFO,1.000000,120001,False
118728,WIPRO27OCT26180PE,WIPRO,27OCT2026,18000.000000,3000,OPTSTK,NFO,1.000000,120001,False
118746,WIPRO27OCT26220PE,WIPRO,27OCT2026,22000.000000,3000,OPTSTK,NFO,1.000000,120001,False
118772,YESBANK29SEP2625PE,YESBANK,29SEP2026,2500.000000,31100,OPTSTK,NFO,1.000000,933001,False
118787,MCX23NOV263100CE,MCX,23NOV2026,310000.000000,225,OPTSTK,NFO,5.000000,6751,False
118788,MCX23NOV263100PE,MCX,23NOV2026,310000.000000,225,OPTSTK,NFO,5.000000,6751,False
118792,MCX23NOV263300PE,MCX,23NOV2026,330000.000000,225,OPTSTK,NFO,5.000000,6751,False
118793,MCX23NOV263400CE,MCX,23NOV2026,340000.000000,225,OPTSTK,NFO,5.000000,6751,False
118850,JIOFIN29SEP26220CE,JIOFIN,29SEP2026,22000.000000,2350,OPTSTK,NFO,1.000000,94001,False
118818,MCX23NOV263800CE,MCX,23NOV2026,380000.000000,225,OPTSTK,NFO,5.000000,6751,False
118823,YESBANK27OCT2618PE,YESBANK,27OCT2026,1800.000000,31100,OPTSTK,NFO,1.000000,933001,False
118829,YESBANK27OCT2624PE,YESBANK,27OCT2026,2400.000000,31100,OPTSTK,NFO,1.000000,933001,False
118852,JIOFIN29SEP26225CE,JIOFIN,29SEP2026,22500.000000,2350,OPTSTK,NFO,1.000000,94001,False
118870,JIOFIN29SEP26245CE,JIOFIN,29SEP2026,24500.000000,2350,OPTSTK,NFO,1.000000,94001,False
118884,JIOFIN29SEP26280CE,JIOFIN,29SEP2026,28000.000000,2350,OPTSTK,NFO,1.000000,94001,False
118942,ZYDUSLIFE29SEP261010PE,ZYDUSLIFE,29SEP2026,101000.000000,900,OPTSTK,NFO,5.000000,27001,False
118947,ZYDUSLIFE29SEP261050PE,ZYDUSLIFE,29SEP2026,105000.000000,900,OPTSTK,NFO,5.000000,27001,False
118948,ZYDUSLIFE29SEP261070CE,ZYDUSLIFE,29SEP2026,107000.000000,900,OPTSTK,NFO,5.000000,27001,False
118950,ZYDUSLIFE29SEP261090CE,ZYDUSLIFE,29SEP2026,109000.000000,900,OPTSTK,NFO,5.000000,27001,False
118986,ZYDUSLIFE29SEP261290CE,ZYDUSLIFE,29SEP2026,129000.000000,900,OPTSTK,NFO,5.000000,27001,False
119029,JSWENERGY29SEP26600CE,JSWENERGY,29SEP2026,60000.000000,1075,OPTSTK,NFO,5.000000,43001,False
119125,ZYDUSLIFE27OCT261160CE,ZYDUSLIFE,27OCT2026,116000.000000,900,OPTSTK,NFO,5.000000,27001,False
119131,ZYDUSLIFE27OCT261200PE,ZYDUSLIFE,27OCT2026,120000.000000,900,OPTSTK,NFO,5.000000,27001,False
119136,ZYDUSLIFE27OCT261260CE,ZYDUSLIFE,27OCT2026,126000.000000,900,OPTSTK,NFO,5.000000,27001,False
119217,MFSL23NOV261320CE,MFSL,23NOV2026,132000.000000,400,OPTSTK,NFO,5.000000,16001,False
119248,MFSL23NOV261720CE,MFSL,23NOV2026,172000.000000,400,OPTSTK,NFO,5.000000,16001,False
119295,JSWSTEEL29SEP261440PE,JSWSTEEL,29SEP2026,144000.000000,675,OPTSTK,NFO,5.000000,20251,False
119301,JSWSTEEL29SEP261560PE,JSWSTEEL,29SEP2026,156000.000000,675,OPTSTK,NFO,5.000000,20251,False
119397,JUBLFOOD29SEP26420PE,JUBLFOOD,29SEP2026,42000.000000,1250,OPTSTK,NFO,5.000000,50001,False
119416,JUBLFOOD29SEP26440PE,JUBLFOOD,29SEP2026,44000.000000,1250,OPTSTK,NFO,5.000000,50001,False
119540,MOTHERSON23NOV26160CE,MOTHERSON,23NOV2026,16000.000000,6150,OPTSTK,NFO,1.000000,184501,False
119550,MOTHERSON23NOV26180PE,MOTHERSON,23NOV2026,18000.000000,6150,OPTSTK,NFO,1.000000,184501,False
119588,JUBLFOOD29SEP26530CE,JUBLFOOD,29SEP2026,53000.000000,1250,OPTSTK,NFO,5.000000,50001,False
119600,MOTILALOFS27OCT261100CE,MOTILALOFS,27OCT2026,110000.000000,775,OPTSTK,NFO,5.000000,23251,False
119601,MOTILALOFS27OCT261100PE,MOTILALOFS,27OCT2026,110000.000000,775,OPTSTK,NFO,5.000000,23251,False
119602,MOTILALOFS27OCT261140CE,MOTILALOFS,27OCT2026,114000.000000,775,OPTSTK,NFO,5.000000,23251,False
119637,MOTILALOFS23NOV26920CE,MOTILALOFS,23NOV2026,92000.000000,775,OPTSTK,NFO,5.000000,23251,False
119653,MOTILALOFS23NOV261200PE,MOTILALOFS,23NOV2026,120000.000000,775,OPTSTK,NFO,5.000000,23251,False
119691,KALYANKJIL29SEP26300PE,KALYANKJIL,29SEP2026,30000.000000,1350,OPTSTK,NFO,5.000000,40501,False
119694,MPHASIS27OCT262650PE,MPHASIS,27OCT2026,265000.000000,275,OPTSTK,NFO,5.000000,11001,False
119723,MPHASIS23NOV262200CE,MPHASIS,23NOV2026,220000.000000,275,OPTSTK,NFO,5.000000,11001,False
119724,MPHASIS23NOV262200PE,MPHASIS,23NOV2026,220000.000000,275,OPTSTK,NFO,5.000000,11001,False
119734,MPHASIS23NOV262700PE,MPHASIS,23NOV2026,270000.000000,275,OPTSTK,NFO,5.000000,11001,False
119759,MUTHOOTFIN27OCT262650CE,MUTHOOTFIN,27OCT2026,265000.000000,275,OPTSTK,NFO,5.000000,8251,False
119763,MUTHOOTFIN27OCT262850CE,MUTHOOTFIN,27OCT2026,285000.000000,275,OPTSTK,NFO,5.000000,8251,False
119764,MUTHOOTFIN27OCT262850PE,MUTHOOTFIN,27OCT2026,285000.000000,275,OPTSTK,NFO,5.000000,8251,False
119771,MUTHOOTFIN27OCT263250CE,MUTHOOTFIN,27OCT2026,325000.000000,275,OPTSTK,NFO,5.000000,8251,False
119815,MUTHOOTFIN23NOV263000CE,MUTHOOTFIN,23NOV2026,300000.000000,275,OPTSTK,NFO,5.000000,8251,False
119899,NAM-INDIA23NOV261040CE,NAM-INDIA,23NOV2026,104000.000000,625,OPTSTK,NFO,5.000000,18751,False
119904,NAM-INDIA23NOV261120PE,NAM-INDIA,23NOV2026,112000.000000,625,OPTSTK,NFO,5.000000,18751,False
119908,NAM-INDIA23NOV261200PE,NAM-INDIA,23NOV2026,120000.000000,625,OPTSTK,NFO,5.000000,18751,False
119915,NAM-INDIA23NOV261360CE,NAM-INDIA,23NOV2026,136000.000000,625,OPTSTK,NFO,5.000000,18751,False
119934,NATIONALUM27OCT26310PE,NATIONALUM,27OCT2026,31000.000000,1875,OPTSTK,NFO,5.000000,56251,False
119940,NATIONALUM27OCT26370PE,NATIONALUM,27OCT2026,37000.000000,1875,OPTSTK,NFO,5.000000,56251,False
119945,NATIONALUM27OCT26430CE,NATIONALUM,27OCT2026,43000.000000,1875,OPTSTK,NFO,5.000000,56251,False
119969,NATIONALUM23NOV26320PE,NATIONALUM,23NOV2026,32000.000000,1875,OPTSTK,NFO,5.000000,56251,False
119970,NATIONALUM23NOV26340CE,NATIONALUM,23NOV2026,34000.000000,1875,OPTSTK,NFO,5.000000,56251,False
120003,KALYANKJIL29SEP26560PE,KALYANKJIL,29SEP2026,56000.000000,1350,OPTSTK,NFO,5.000000,40501,False
120083,KAYNES29SEP263000CE,KAYNES,29SEP2026,300000.000000,150,OPTSTK,NFO,5.000000,6001,False
120119,KAYNES29SEP263400CE,KAYNES,29SEP2026,340000.000000,150,OPTSTK,NFO,5.000000,6001,False
120188,NAUKRI23NOV261120PE,NAUKRI,23NOV2026,112000.000000,550,OPTSTK,NFO,5.000000,16501,False
120190,NAUKRI23NOV261160PE,NAUKRI,23NOV2026,116000.000000,550,OPTSTK,NFO,5.000000,16501,False
120192,KAYNES29SEP263600CE,KAYNES,29SEP2026,360000.000000,150,OPTSTK,NFO,5.000000,6001,False
120193,KAYNES29SEP263600PE,KAYNES,29SEP2026,360000.000000,150,OPTSTK,NFO,5.000000,6001,False
120200,KAYNES29SEP264000CE,KAYNES,29SEP2026,400000.000000,150,OPTSTK,NFO,5.000000,6001,False
120205,KAYNES29SEP264400PE,KAYNES,29SEP2026,440000.000000,150,OPTSTK,NFO,5.000000,6001,False
120207,NAUKRI23NOV261240CE,NAUKRI,23NOV2026,124000.000000,550,OPTSTK,NFO,5.000000,16501,False
120214,NAUKRI23NOV261360PE,NAUKRI,23NOV2026,136000.000000,550,OPTSTK,NFO,5.000000,16501,False
120278,KEI29SEP263800PE,KEI,29SEP2026,380000.000000,175,OPTSTK,NFO,5.000000,5251,False
120286,KEI29SEP264400PE,KEI,29SEP2026,440000.000000,175,OPTSTK,NFO,5.000000,5251,False
120310,KEI29SEP265200CE,KEI,29SEP2026,520000.000000,175,OPTSTK,NFO,5.000000,5251,False
120319,KEI29SEP266000CE,KEI,29SEP2026,600000.000000,175,OPTSTK,NFO,5.000000,5251,False
120336,NBCC23NOV2695PE,NBCC,23NOV2026,9500.000000,6500,OPTSTK,NFO,1.000000,260001,False
120342,NBCC23NOV26110PE,NBCC,23NOV2026,11000.000000,6500,OPTSTK,NFO,1.000000,260001,False
120394,NESTLEIND27OCT261370PE,NESTLEIND,27OCT2026,137000.000000,500,OPTSTK,NFO,5.000000,15001,False
120404,NESTLEIND27OCT261470PE,NESTLEIND,27OCT2026,147000.000000,500,OPTSTK,NFO,5.000000,15001,False
120407,NESTLEIND27OCT261510CE,NESTLEIND,27OCT2026,151000.000000,500,OPTSTK,NFO,5.000000,15001,False
120411,NESTLEIND27OCT261550CE,NESTLEIND,27OCT2026,155000.000000,500,OPTSTK,NFO,5.000000,15001,False
120465,KFINTECH29SEP26920CE,KFINTECH,29SEP2026,92000.000000,575,OPTSTK,NFO,5.000000,23001,False
120474,KFINTECH29SEP261080PE,KFINTECH,29SEP2026,108000.000000,575,OPTSTK,NFO,5.000000,23001,False
120513,NESTLEIND23NOV261240CE,NESTLEIND,23NOV2026,124000.000000,500,OPTSTK,NFO,5.000000,15001,False
120515,NESTLEIND23NOV261260CE,NESTLEIND,23NOV2026,126000.000000,500,OPTSTK,NFO,5.000000,15001,False
120516,NESTLEIND23NOV261260PE,NESTLEIND,23NOV2026,126000.000000,500,OPTSTK,NFO,5.000000,15001,False
120534,NESTLEIND23NOV261440PE,NESTLEIND,23NOV2026,144000.000000,500,OPTSTK,NFO,5.000000,15001,False
120536,NESTLEIND23NOV261460PE,NESTLEIND,23NOV2026,146000.000000,500,OPTSTK,NFO,5.000000,15001,False
120544,NESTLEIND23NOV261500PE,NESTLEIND,23NOV2026,150000.000000,500,OPTSTK,NFO,5.000000,15001,False
120588,KOTAKBANK29SEP26370CE,KOTAKBANK,29SEP2026,37000.000000,2000,OPTSTK,NFO,5.000000,60001,False
120614,KOTAKBANK29SEP26400PE,KOTAKBANK,29SEP2026,40000.000000,2000,OPTSTK,NFO,5.000000,60001,False
120617,KOTAKBANK29SEP26420CE,KOTAKBANK,29SEP2026,42000.000000,2000,OPTSTK,NFO,5.000000,60001,False
120620,KOTAKBANK29SEP26430PE,KOTAKBANK,29SEP2026,43000.000000,2000,OPTSTK,NFO,5.000000,60001,False
120632,KOTAKBANK29SEP26440CE,KOTAKBANK,29SEP2026,44000.000000,2000,OPTSTK,NFO,5.000000,60001,False
120652,NHPC27OCT2667CE,NHPC,27OCT2026,6700.000000,6950,OPTSTK,NFO,1.000000,278001,False
120660,NHPC27OCT2673PE,NHPC,27OCT2026,7300.000000,6950,OPTSTK,NFO,1.000000,278001,False
120662,NHPC27OCT2675PE,NHPC,27OCT2026,7500.000000,6950,OPTSTK,NFO,1.000000,278001,False
120671,NHPC27OCT2679CE,NHPC,27OCT2026,7900.000000,6950,OPTSTK,NFO,1.000000,278001,False
120672,NHPC27OCT2679PE,NHPC,27OCT2026,7900.000000,6950,OPTSTK,NFO,1.000000,278001,False
120676,NHPC27OCT2683PE,NHPC,27OCT2026,8300.000000,6950,OPTSTK,NFO,1.000000,278001,False
120677,NHPC27OCT2685CE,NHPC,27OCT2026,8500.000000,6950,OPTSTK,NFO,1.000000,278001,False
120728,NHPC23NOV2666CE,NHPC,23NOV2026,6600.000000,6950,OPTSTK,NFO,1.000000,278001,False
120729,NHPC23NOV2666PE,NHPC,23NOV2026,6600.000000,6950,OPTSTK,NFO,1.000000,278001,False
120749,NHPC23NOV2678PE,NHPC,23NOV2026,7800.000000,6950,OPTSTK,NFO,1.000000,278001,False
120830,NMDC27OCT2679CE,NMDC,27OCT2026,7900.000000,6750,OPTSTK,NFO,1.000000,270001,False
120835,NMDC27OCT2683PE,NMDC,27OCT2026,8300.000000,6750,OPTSTK,NFO,1.000000,270001,False
120843,NMDC27OCT2689PE,NMDC,27OCT2026,8900.000000,6750,OPTSTK,NFO,1.000000,270001,False
120949,NMDC23NOV2674PE,NMDC,23NOV2026,7400.000000,6750,OPTSTK,NFO,1.000000,270001,False
120958,NMDC23NOV2684CE,NMDC,23NOV2026,8400.000000,6750,OPTSTK,NFO,1.000000,270001,False
120962,NMDC23NOV2688CE,NMDC,23NOV2026,8800.000000,6750,OPTSTK,NFO,1.000000,270001,False
121008,NTPC27OCT26295CE,NTPC,27OCT2026,29500.000000,1500,OPTSTK,NFO,5.000000,75001,False
121011,NTPC27OCT26305PE,NTPC,27OCT2026,30500.000000,1500,OPTSTK,NFO,5.000000,75001,False
121025,NTPC27OCT26365PE,NTPC,27OCT2026,36500.000000,1500,OPTSTK,NFO,5.000000,75001,False
121068,NTPC23NOV26260CE,NTPC,23NOV2026,26000.000000,1500,OPTSTK,NFO,5.000000,75001,False
121072,NTPC23NOV26280CE,NTPC,23NOV2026,28000.000000,1500,OPTSTK,NFO,5.000000,75001,False
121079,NTPC23NOV26310PE,NTPC,23NOV2026,31000.000000,1500,OPTSTK,NFO,5.000000,75001,False
121080,NTPC23NOV26320CE,NTPC,23NOV2026,32000.000000,1500,OPTSTK,NFO,5.000000,75001,False
121141,KPITTECH29SEP26720CE,KPITTECH,29SEP2026,72000.000000,775,OPTSTK,NFO,5.000000,38751,False
121142,KPITTECH29SEP26720PE,KPITTECH,29SEP2026,72000.000000,775,OPTSTK,NFO,5.000000,38751,False
121203,NYKAA27OCT26365PE,NYKAA,27OCT2026,36500.000000,3125,OPTSTK,NFO,5.000000,93751,False
121205,NYKAA27OCT26375PE,NYKAA,27OCT2026,37500.000000,3125,OPTSTK,NFO,5.000000,93751,False
121251,NYKAA23NOV26320PE,NYKAA,23NOV2026,32000.000000,3125,OPTSTK,NFO,5.000000,93751,False
121322,OBEROIRLTY27OCT261980CE,OBEROIRLTY,27OCT2026,198000.000000,350,OPTSTK,NFO,5.000000,14001,False
121327,OBEROIRLTY27OCT262060PE,OBEROIRLTY,27OCT2026,206000.000000,350,OPTSTK,NFO,5.000000,14001,False
121366,OBEROIRLTY23NOV261640CE,OBEROIRLTY,23NOV2026,164000.000000,350,OPTSTK,NFO,5.000000,14001,False
121378,OBEROIRLTY23NOV261800CE,OBEROIRLTY,23NOV2026,180000.000000,350,OPTSTK,NFO,5.000000,14001,False
121380,OBEROIRLTY23NOV261840CE,OBEROIRLTY,23NOV2026,184000.000000,350,OPTSTK,NFO,5.000000,14001,False
121396,OBEROIRLTY23NOV262160CE,OBEROIRLTY,23NOV2026,216000.000000,350,OPTSTK,NFO,5.000000,14001,False
121450,OFSS27OCT2611500PE,OFSS,27OCT2026,1150000.000000,100,OPTSTK,NFO,5.000000,2001,False
121467,OFSS27OCT2612900CE,OFSS,27OCT2026,1290000.000000,100,OPTSTK,NFO,5.000000,2001,False
121532,OFSS23NOV2611200CE,OFSS,23NOV2026,1120000.000000,100,OPTSTK,NFO,5.000000,2001,False
121546,OFSS23NOV2612400CE,OFSS,23NOV2026,1240000.000000,100,OPTSTK,NFO,5.000000,2001,False
121550,OFSS23NOV2612800CE,OFSS,23NOV2026,1280000.000000,100,OPTSTK,NFO,5.000000,2001,False
121588,LAURUSLABS29SEP261840PE,LAURUSLABS,29SEP2026,184000.000000,850,OPTSTK,NFO,5.000000,17001,False
121597,LAURUSLABS29SEP262160CE,LAURUSLABS,29SEP2026,216000.000000,850,OPTSTK,NFO,5.000000,17001,False
121627,LICHSGFIN29SEP26520CE,LICHSGFIN,29SEP2026,52000.000000,1000,OPTSTK,NFO,5.000000,40001,False
121641,LICHSGFIN29SEP26620PE,LICHSGFIN,29SEP2026,62000.000000,1000,OPTSTK,NFO,5.000000,40001,False
121675,LICI29SEP26330PE,LICI,29SEP2026,33000.000000,1400,OPTSTK,NFO,5.000000,56001,False
121682,LICI29SEP26350CE,LICI,29SEP2026,35000.000000,1400,OPTSTK,NFO,5.000000,56001,False
121745,LICI29SEP26450CE,LICI,29SEP2026,45000.000000,1400,OPTSTK,NFO,5.000000,56001,False
121748,LICI29SEP26460PE,LICI,29SEP2026,46000.000000,1400,OPTSTK,NFO,5.000000,56001,False
121780,OIL27OCT26435PE,OIL,27OCT2026,43500.000000,1400,OPTSTK,NFO,5.000000,56001,False
121905,OIL23NOV26560PE,OIL,23NOV2026,56000.000000,1400,OPTSTK,NFO,5.000000,56001,False
121946,ONGC27OCT26212.5CE,ONGC,27OCT2026,21250.000000,2250,OPTSTK,NFO,1.000000,90001,False
121966,ONGC27OCT26262.5CE,ONGC,27OCT2026,26250.000000,2250,OPTSTK,NFO,1.000000,90001,False
122015,ONGC23NOV26190PE,ONGC,23NOV2026,19000.000000,2250,OPTSTK,NFO,1.000000,90001,False
122028,ONGC23NOV26225CE,ONGC,23NOV2026,22500.000000,2250,OPTSTK,NFO,1.000000,90001,False
122038,LODHA29SEP261000CE,LODHA,29SEP2026,100000.000000,625,OPTSTK,NFO,5.000000,18751,False
122054,LODHA29SEP261280CE,LODHA,29SEP2026,128000.000000,625,OPTSTK,NFO,5.000000,18751,False
122058,LODHA29SEP261360CE,LODHA,29SEP2026,136000.000000,625,OPTSTK,NFO,5.000000,18751,False
122059,LODHA29SEP261360PE,LODHA,29SEP2026,136000.000000,625,OPTSTK,NFO,5.000000,18751,False
122119,PAGEIND27OCT2632500PE,PAGEIND,27OCT2026,3250000.000000,20,OPTSTK,NFO,5.000000,601,False
122121,PAGEIND27OCT2633500PE,PAGEIND,27OCT2026,3350000.000000,20,OPTSTK,NFO,5.000000,601,False
122130,PAGEIND27OCT2638500CE,PAGEIND,27OCT2026,3850000.000000,20,OPTSTK,NFO,5.000000,601,False
122134,PAGEIND27OCT2640500CE,PAGEIND,27OCT2026,4050000.000000,20,OPTSTK,NFO,5.000000,601,False
122178,PAGEIND23NOV2635000CE,PAGEIND,23NOV2026,3500000.000000,20,OPTSTK,NFO,5.000000,601,False
122181,PAGEIND23NOV2636000PE,PAGEIND,23NOV2026,3600000.000000,20,OPTSTK,NFO,5.000000,601,False
122199,PAGEIND23NOV2640000CE,PAGEIND,23NOV2026,4000000.000000,20,OPTSTK,NFO,5.000000,601,False
122346,PATANJALI27OCT26315CE,PATANJALI,27OCT2026,31500.000000,1075,OPTSTK,NFO,5.000000,64501,False
122352,PATANJALI27OCT26345CE,PATANJALI,27OCT2026,34500.000000,1075,OPTSTK,NFO,5.000000,64501,False
122355,PATANJALI27OCT26355PE,PATANJALI,27OCT2026,35500.000000,1075,OPTSTK,NFO,5.000000,64501,False
122404,PATANJALI23NOV26280CE,PATANJALI,23NOV2026,28000.000000,1075,OPTSTK,NFO,5.000000,64501,False
122409,PATANJALI23NOV26300PE,PATANJALI,23NOV2026,30000.000000,1075,OPTSTK,NFO,5.000000,64501,False
122427,PATANJALI23NOV26390PE,PATANJALI,23NOV2026,39000.000000,1075,OPTSTK,NFO,5.000000,64501,False
122492,PAYTM27OCT262020CE,PAYTM,27OCT2026,202000.000000,725,OPTSTK,NFO,5.000000,14501,False
122495,PAYTM27OCT262040PE,PAYTM,27OCT2026,204000.000000,725,OPTSTK,NFO,5.000000,14501,False
122514,PAYTM23NOV261520CE,PAYTM,23NOV2026,152000.000000,725,OPTSTK,NFO,5.000000,14501,False
122524,PAYTM23NOV261720CE,PAYTM,23NOV2026,172000.000000,725,OPTSTK,NFO,5.000000,14501,False
122556,PERSISTENT27OCT265100CE,PERSISTENT,27OCT2026,510000.000000,125,OPTSTK,NFO,5.000000,3751,False
122572,PERSISTENT27OCT266300PE,PERSISTENT,27OCT2026,630000.000000,125,OPTSTK,NFO,5.000000,3751,False
122715,LT29SEP263400CE,LT,29SEP2026,340000.000000,175,OPTSTK,NFO,5.000000,7001,False
122722,LT29SEP263700CE,LT,29SEP2026,370000.000000,175,OPTSTK,NFO,5.000000,7001,False
122725,LT29SEP263800PE,LT,29SEP2026,380000.000000,175,OPTSTK,NFO,5.000000,7001,False
122726,LT29SEP263900CE,LT,29SEP2026,390000.000000,175,OPTSTK,NFO,5.000000,7001,False
122727,LT29SEP263900PE,LT,29SEP2026,390000.000000,175,OPTSTK,NFO,5.000000,7001,False
122729,LT29SEP264000PE,LT,29SEP2026,400000.000000,175,OPTSTK,NFO,5.000000,7001,False
122736,LT29SEP264200PE,LT,29SEP2026,420000.000000,175,OPTSTK,NFO,5.000000,7001,False
122843,PERSISTENT23NOV266800PE,PERSISTENT,23NOV2026,680000.000000,125,OPTSTK,NFO,5.000000,3751,False
122873,PETRONET27OCT26265CE,PETRONET,27OCT2026,26500.000000,1900,OPTSTK,NFO,5.000000,76001,False
122882,PETRONET27OCT26295CE,PETRONET,27OCT2026,29500.000000,1900,OPTSTK,NFO,5.000000,76001,False
122883,PETRONET27OCT26295PE,PETRONET,27OCT2026,29500.000000,1900,OPTSTK,NFO,5.000000,76001,False
122925,PETRONET23NOV26260PE,PETRONET,23NOV2026,26000.000000,1900,OPTSTK,NFO,5.000000,76001,False
122927,PETRONET23NOV26270PE,PETRONET,23NOV2026,27000.000000,1900,OPTSTK,NFO,5.000000,76001,False
122938,PETRONET23NOV26330CE,PETRONET,23NOV2026,33000.000000,1900,OPTSTK,NFO,5.000000,76001,False
122998,PFC27OCT26305PE,PFC,27OCT2026,30500.000000,1300,OPTSTK,NFO,5.000000,52001,False
123004,PFC27OCT26335PE,PFC,27OCT2026,33500.000000,1300,OPTSTK,NFO,5.000000,52001,False
123005,PFC27OCT26345CE,PFC,27OCT2026,34500.000000,1300,OPTSTK,NFO,5.000000,52001,False
123094,PFC23NOV26360PE,PFC,23NOV2026,36000.000000,1300,OPTSTK,NFO,5.000000,52001,False
123102,PFC23NOV26380PE,PFC,23NOV2026,38000.000000,1300,OPTSTK,NFO,5.000000,52001,False
123111,PFC23NOV26420PE,PFC,23NOV2026,42000.000000,1300,OPTSTK,NFO,5.000000,52001,False
123135,LTF29SEP26320CE,LTF,29SEP2026,32000.000000,2250,OPTSTK,NFO,5.000000,67501,False
123143,LTF29SEP26320PE,LTF,29SEP2026,32000.000000,2250,OPTSTK,NFO,5.000000,67501,False
123151,PGEL27OCT26490CE,PGEL,27OCT2026,49000.000000,950,OPTSTK,NFO,5.000000,38001,False
123155,PGEL27OCT26530CE,PGEL,27OCT2026,53000.000000,950,OPTSTK,NFO,5.000000,38001,False
123163,PGEL27OCT26610CE,PGEL,27OCT2026,61000.000000,950,OPTSTK,NFO,5.000000,38001,False
123168,PGEL27OCT26650PE,PGEL,27OCT2026,65000.000000,950,OPTSTK,NFO,5.000000,38001,False
123188,PGEL23NOV26480CE,PGEL,23NOV2026,48000.000000,950,OPTSTK,NFO,5.000000,38001,False
123196,PGEL23NOV26560CE,PGEL,23NOV2026,56000.000000,950,OPTSTK,NFO,5.000000,38001,False
123207,PGEL23NOV26660PE,PGEL,23NOV2026,66000.000000,950,OPTSTK,NFO,5.000000,38001,False
123257,PHOENIXLTD27OCT261740CE,PHOENIXLTD,27OCT2026,174000.000000,350,OPTSTK,NFO,5.000000,14001,False
123276,PHOENIXLTD27OCT262020PE,PHOENIXLTD,27OCT2026,202000.000000,350,OPTSTK,NFO,5.000000,14001,False
123280,PHOENIXLTD27OCT262100PE,PHOENIXLTD,27OCT2026,210000.000000,350,OPTSTK,NFO,5.000000,14001,False
123289,LTF29SEP26360PE,LTF,29SEP2026,36000.000000,2250,OPTSTK,NFO,5.000000,67501,False
123395,PHOENIXLTD23NOV261680PE,PHOENIXLTD,23NOV2026,168000.000000,350,OPTSTK,NFO,5.000000,14001,False
123432,LTM29SEP264100PE,LTM,29SEP2026,410000.000000,150,OPTSTK,NFO,5.000000,6001,False
123436,LTM29SEP264300PE,LTM,29SEP2026,430000.000000,150,OPTSTK,NFO,5.000000,6001,False
123439,LTM29SEP264500CE,LTM,29SEP2026,450000.000000,150,OPTSTK,NFO,5.000000,6001,False
123648,PIDILITIND23NOV261680CE,PIDILITIND,23NOV2026,168000.000000,500,OPTSTK,NFO,5.000000,15001,False
123442,LTM29SEP264600PE,LTM,29SEP2026,460000.000000,150,OPTSTK,NFO,5.000000,6001,False
123453,PHOENIXLTD23NOV261760PE,PHOENIXLTD,23NOV2026,176000.000000,350,OPTSTK,NFO,5.000000,14001,False
123633,PIDILITIND23NOV261360PE,PIDILITIND,23NOV2026,136000.000000,500,OPTSTK,NFO,5.000000,15001,False
123656,PIDILITIND23NOV261840CE,PIDILITIND,23NOV2026,184000.000000,500,OPTSTK,NFO,5.000000,15001,False
123694,PIIND27OCT262050CE,PIIND,27OCT2026,205000.000000,175,OPTSTK,NFO,5.000000,8751,False
123696,PIIND27OCT262150CE,PIIND,27OCT2026,215000.000000,175,OPTSTK,NFO,5.000000,8751,False
123701,PIIND27OCT262350PE,PIIND,27OCT2026,235000.000000,175,OPTSTK,NFO,5.000000,8751,False
123704,PIIND27OCT262550CE,PIIND,27OCT2026,255000.000000,175,OPTSTK,NFO,5.000000,8751,False
123705,PIIND27OCT262550PE,PIIND,27OCT2026,255000.000000,175,OPTSTK,NFO,5.000000,8751,False
123811,PIIND23NOV263000PE,PIIND,23NOV2026,300000.000000,175,OPTSTK,NFO,5.000000,8751,False
123852,PNB27OCT26103CE,PNB,27OCT2026,10300.000000,8000,OPTSTK,NFO,1.000000,240001,False
123860,PNB27OCT26111CE,PNB,27OCT2026,11100.000000,8000,OPTSTK,NFO,1.000000,240001,False
123867,PNB27OCT26117PE,PNB,27OCT2026,11700.000000,8000,OPTSTK,NFO,1.000000,240001,False
123869,PNB27OCT26119PE,PNB,27OCT2026,11900.000000,8000,OPTSTK,NFO,1.000000,240001,False
123891,LUPIN29SEP261880PE,LUPIN,29SEP2026,188000.000000,425,OPTSTK,NFO,5.000000,12751,False
123896,PNB27OCT26127PE,PNB,27OCT2026,12700.000000,8000,OPTSTK,NFO,1.000000,240001,False
123899,LUPIN29SEP261960PE,LUPIN,29SEP2026,196000.000000,425,OPTSTK,NFO,5.000000,12751,False
123936,LUPIN29SEP262160CE,LUPIN,29SEP2026,216000.000000,425,OPTSTK,NFO,5.000000,12751,False
123946,LUPIN29SEP262240PE,LUPIN,29SEP2026,224000.000000,425,OPTSTK,NFO,5.000000,12751,False
124002,PNB23NOV26118CE,PNB,23NOV2026,11800.000000,8000,OPTSTK,NFO,1.000000,240001,False
124005,PNB23NOV26120PE,PNB,23NOV2026,12000.000000,8000,OPTSTK,NFO,1.000000,240001,False
124007,PNB23NOV26122PE,PNB,23NOV2026,12200.000000,8000,OPTSTK,NFO,1.000000,240001,False
124009,LUPIN29SEP262600PE,LUPIN,29SEP2026,260000.000000,425,OPTSTK,NFO,5.000000,12751,False
124018,PNB23NOV26126CE,PNB,23NOV2026,12600.000000,8000,OPTSTK,NFO,1.000000,240001,False
124074,PNBHOUSING27OCT261180CE,PNBHOUSING,27OCT2026,118000.000000,650,OPTSTK,NFO,5.000000,19501,False
124115,PNBHOUSING23NOV261120PE,PNBHOUSING,23NOV2026,112000.000000,650,OPTSTK,NFO,5.000000,19501,False
124121,PNBHOUSING23NOV261200PE,PNBHOUSING,23NOV2026,120000.000000,650,OPTSTK,NFO,5.000000,19501,False
124166,POLICYBZR27OCT261700CE,POLICYBZR,27OCT2026,170000.000000,350,OPTSTK,NFO,5.000000,14001,False
124174,POLICYBZR27OCT261860CE,POLICYBZR,27OCT2026,186000.000000,350,OPTSTK,NFO,5.000000,14001,False
124182,POLICYBZR27OCT262020CE,POLICYBZR,27OCT2026,202000.000000,350,OPTSTK,NFO,5.000000,14001,False
124263,POLICYBZR23NOV261760PE,POLICYBZR,23NOV2026,176000.000000,350,OPTSTK,NFO,5.000000,14001,False
124322,POLYCAB27OCT268300CE,POLYCAB,27OCT2026,830000.000000,125,OPTSTK,NFO,5.000000,2501,False
124333,POLYCAB27OCT269300PE,POLYCAB,27OCT2026,930000.000000,125,OPTSTK,NFO,5.000000,2501,False
124337,POLYCAB27OCT269700PE,POLYCAB,27OCT2026,970000.000000,125,OPTSTK,NFO,5.000000,2501,False
124504,POLYCAB23NOV268000PE,POLYCAB,23NOV2026,800000.000000,125,OPTSTK,NFO,5.000000,2501,False
124515,POLYCAB23NOV269000CE,POLYCAB,23NOV2026,900000.000000,125,OPTSTK,NFO,5.000000,2501,False
124584,M&M29SEP263000CE,M&M,29SEP2026,300000.000000,200,OPTSTK,NFO,5.000000,8001,False
124588,M&M29SEP263200CE,M&M,29SEP2026,320000.000000,200,OPTSTK,NFO,5.000000,8001,False
124600,M&M29SEP263300PE,M&M,29SEP2026,330000.000000,200,OPTSTK,NFO,5.000000,8001,False
124612,POWERGRID27OCT26247.5CE,POWERGRID,27OCT2026,24750.000000,1900,OPTSTK,NFO,5.000000,76001,False
124620,POWERGRID27OCT26267.5CE,POWERGRID,27OCT2026,26750.000000,1900,OPTSTK,NFO,5.000000,76001,False
124623,POWERGRID27OCT26272.5PE,POWERGRID,27OCT2026,27250.000000,1900,OPTSTK,NFO,5.000000,76001,False
124624,POWERGRID27OCT26277.5CE,POWERGRID,27OCT2026,27750.000000,1900,OPTSTK,NFO,5.000000,76001,False
124628,POWERGRID27OCT26287.5CE,POWERGRID,27OCT2026,28750.000000,1900,OPTSTK,NFO,5.000000,76001,False
124686,POWERGRID23NOV26220PE,POWERGRID,23NOV2026,22000.000000,1900,OPTSTK,NFO,5.000000,76001,False
124690,POWERGRID23NOV26230CE,POWERGRID,23NOV2026,23000.000000,1900,OPTSTK,NFO,5.000000,76001,False
124698,POWERGRID23NOV26235PE,POWERGRID,23NOV2026,23500.000000,1900,OPTSTK,NFO,5.000000,76001,False
124701,M&M29SEP263800PE,M&M,29SEP2026,380000.000000,200,OPTSTK,NFO,5.000000,8001,False
124709,POWERGRID23NOV26245PE,POWERGRID,23NOV2026,24500.000000,1900,OPTSTK,NFO,5.000000,76001,False
124714,POWERGRID23NOV26260CE,POWERGRID,23NOV2026,26000.000000,1900,OPTSTK,NFO,5.000000,76001,False
124718,POWERGRID23NOV26270CE,POWERGRID,23NOV2026,27000.000000,1900,OPTSTK,NFO,5.000000,76001,False
124821,POWERINDIA27OCT2630500PE,POWERINDIA,27OCT2026,3050000.000000,25,OPTSTK,NFO,5.000000,751,False
124850,POWERINDIA27OCT2633500CE,POWERINDIA,27OCT2026,3350000.000000,25,OPTSTK,NFO,5.000000,751,False
124853,POWERINDIA27OCT2634500CE,POWERINDIA,27OCT2026,3450000.000000,25,OPTSTK,NFO,5.000000,751,False
124862,POWERINDIA27OCT2637500PE,POWERINDIA,27OCT2026,3750000.000000,25,OPTSTK,NFO,5.000000,751,False
124972,PREMIERENE27OCT26860CE,PREMIERENE,27OCT2026,86000.000000,650,OPTSTK,NFO,5.000000,26001,False
125016,PREMIERENE23NOV26840CE,PREMIERENE,23NOV2026,84000.000000,650,OPTSTK,NFO,5.000000,26001,False
125017,PREMIERENE23NOV26840PE,PREMIERENE,23NOV2026,84000.000000,650,OPTSTK,NFO,5.000000,26001,False
125062,PRESTIGE27OCT261380CE,PRESTIGE,27OCT2026,138000.000000,450,OPTSTK,NFO,5.000000,13501,False
125068,PRESTIGE27OCT261500CE,PRESTIGE,27OCT2026,150000.000000,450,OPTSTK,NFO,5.000000,13501,False
125073,PRESTIGE27OCT261580CE,PRESTIGE,27OCT2026,158000.000000,450,OPTSTK,NFO,5.000000,13501,False
125075,MANAPPURAM29SEP26280PE,MANAPPURAM,29SEP2026,28000.000000,3000,OPTSTK,NFO,5.000000,60001,False
125081,MANAPPURAM29SEP26310CE,MANAPPURAM,29SEP2026,31000.000000,3000,OPTSTK,NFO,5.000000,60001,False
125085,MANAPPURAM29SEP26330CE,MANAPPURAM,29SEP2026,33000.000000,3000,OPTSTK,NFO,5.000000,60001,False
125091,MANAPPURAM29SEP26360CE,MANAPPURAM,29SEP2026,36000.000000,3000,OPTSTK,NFO,5.000000,60001,False
125112,PRESTIGE27OCT261740CE,PRESTIGE,27OCT2026,174000.000000,450,OPTSTK,NFO,5.000000,13501,False
125179,PRESTIGE23NOV261320PE,PRESTIGE,23NOV2026,132000.000000,450,OPTSTK,NFO,5.000000,13501,False
125183,PRESTIGE23NOV261360PE,PRESTIGE,23NOV2026,136000.000000,450,OPTSTK,NFO,5.000000,13501,False
125187,PRESTIGE23NOV261440PE,PRESTIGE,23NOV2026,144000.000000,450,OPTSTK,NFO,5.000000,13501,False
125191,PRESTIGE23NOV261520PE,PRESTIGE,23NOV2026,152000.000000,450,OPTSTK,NFO,5.000000,13501,False
125195,PRESTIGE23NOV261600PE,PRESTIGE,23NOV2026,160000.000000,450,OPTSTK,NFO,5.000000,13501,False
125199,PRESTIGE23NOV261680PE,PRESTIGE,23NOV2026,168000.000000,450,OPTSTK,NFO,5.000000,13501,False
125261,RADICO27OCT264050PE,RADICO,27OCT2026,405000.000000,150,OPTSTK,NFO,5.000000,6001,False
125262,RADICO27OCT264150CE,RADICO,27OCT2026,415000.000000,150,OPTSTK,NFO,5.000000,6001,False
125274,RADICO27OCT264650CE,RADICO,27OCT2026,465000.000000,150,OPTSTK,NFO,5.000000,6001,False
125277,RADICO27OCT264750PE,RADICO,27OCT2026,475000.000000,150,OPTSTK,NFO,5.000000,6001,False
125278,RADICO27OCT264850CE,RADICO,27OCT2026,485000.000000,150,OPTSTK,NFO,5.000000,6001,False
125443,MANKIND29SEP262000PE,MANKIND,29SEP2026,200000.000000,250,OPTSTK,NFO,5.000000,10001,False
125446,MANKIND29SEP262080CE,MANKIND,29SEP2026,208000.000000,250,OPTSTK,NFO,5.000000,10001,False
125450,MANKIND29SEP262160CE,MANKIND,29SEP2026,216000.000000,250,OPTSTK,NFO,5.000000,10001,False
125452,MANKIND29SEP262200CE,MANKIND,29SEP2026,220000.000000,250,OPTSTK,NFO,5.000000,10001,False
125453,MANKIND29SEP262200PE,MANKIND,29SEP2026,220000.000000,250,OPTSTK,NFO,5.000000,10001,False
125467,MANKIND29SEP262480PE,MANKIND,29SEP2026,248000.000000,250,OPTSTK,NFO,5.000000,10001,False
125485,MANKIND29SEP262800CE,MANKIND,29SEP2026,280000.000000,250,OPTSTK,NFO,5.000000,10001,False
125488,RBLBANK27OCT26375CE,RBLBANK,27OCT2026,37500.000000,3175,OPTSTK,NFO,5.000000,63501,False
125519,RBLBANK27OCT26415CE,RBLBANK,27OCT2026,41500.000000,3175,OPTSTK,NFO,5.000000,63501,False
125525,RBLBANK27OCT26445CE,RBLBANK,27OCT2026,44500.000000,3175,OPTSTK,NFO,5.000000,63501,False
125530,RBLBANK27OCT26465CE,RBLBANK,27OCT2026,46500.000000,3175,OPTSTK,NFO,5.000000,63501,False
125607,RBLBANK23NOV26430CE,RBLBANK,23NOV2026,43000.000000,3175,OPTSTK,NFO,5.000000,63501,False
125610,RBLBANK23NOV26440PE,RBLBANK,23NOV2026,44000.000000,3175,OPTSTK,NFO,5.000000,63501,False
125715,RECLTD23NOV26260CE,RECLTD,23NOV2026,26000.000000,1575,OPTSTK,NFO,5.000000,63001,False
125736,RECLTD23NOV26350PE,RECLTD,23NOV2026,35000.000000,1575,OPTSTK,NFO,5.000000,63001,False
125781,MARICO29SEP26940CE,MARICO,29SEP2026,94000.000000,1200,OPTSTK,NFO,5.000000,36001,False
125737,RECLTD23NOV26360CE,RECLTD,23NOV2026,36000.000000,1575,OPTSTK,NFO,5.000000,63001,False
125777,MARICO29SEP26900CE,MARICO,29SEP2026,90000.000000,1200,OPTSTK,NFO,5.000000,36001,False
125856,RELIANCE27OCT261210PE,RELIANCE,27OCT2026,121000.000000,500,OPTSTK,NFO,5.000000,20001,False
125861,RELIANCE27OCT261250CE,RELIANCE,27OCT2026,125000.000000,500,OPTSTK,NFO,5.000000,20001,False
125863,RELIANCE27OCT261270CE,RELIANCE,27OCT2026,127000.000000,500,OPTSTK,NFO,5.000000,20001,False
125867,RELIANCE27OCT261290CE,RELIANCE,27OCT2026,129000.000000,500,OPTSTK,NFO,5.000000,20001,False
126009,RELIANCE23NOV261400PE,RELIANCE,23NOV2026,140000.000000,500,OPTSTK,NFO,5.000000,20001,False
125905,RELIANCE27OCT261350PE,RELIANCE,27OCT2026,135000.000000,500,OPTSTK,NFO,5.000000,20001,False
125916,RELIANCE27OCT261430PE,RELIANCE,27OCT2026,143000.000000,500,OPTSTK,NFO,5.000000,20001,False
125992,RELIANCE23NOV261240PE,RELIANCE,23NOV2026,124000.000000,500,OPTSTK,NFO,5.000000,20001,False
126020,RELIANCE23NOV261520CE,RELIANCE,23NOV2026,152000.000000,500,OPTSTK,NFO,5.000000,20001,False
126077,RVNL27OCT26235CE,RVNL,27OCT2026,23500.000000,1925,OPTSTK,NFO,1.000000,96251,False
126107,RVNL23NOV26190CE,RVNL,23NOV2026,19000.000000,1925,OPTSTK,NFO,1.000000,96251,False
126111,RVNL23NOV26210CE,RVNL,23NOV2026,21000.000000,1925,OPTSTK,NFO,1.000000,96251,False
126164,SAGILITY29SEP2641PE,SAGILITY,29SEP2026,4100.000000,12000,OPTSTK,NFO,1.000000,480001,False
126181,SAGILITY29SEP2650CE,SAGILITY,29SEP2026,5000.000000,12000,OPTSTK,NFO,1.000000,480001,False
126233,SAGILITY27OCT2644CE,SAGILITY,27OCT2026,4400.000000,12000,OPTSTK,NFO,1.000000,480001,False
126247,SAGILITY27OCT2651CE,SAGILITY,27OCT2026,5100.000000,12000,OPTSTK,NFO,1.000000,480001,False
126280,SAGILITY23NOV2636PE,SAGILITY,23NOV2026,3600.000000,12000,OPTSTK,NFO,1.000000,480001,False
126354,SAIL27OCT26162.5CE,SAIL,27OCT2026,16250.000000,4700,OPTSTK,NFO,1.000000,141001,False
126363,SAIL27OCT26172.5CE,SAIL,27OCT2026,17250.000000,4700,OPTSTK,NFO,1.000000,141001,False
126377,SAIL27OCT26182.5CE,SAIL,27OCT2026,18250.000000,4700,OPTSTK,NFO,1.000000,141001,False
126399,SAIL27OCT26202.5CE,SAIL,27OCT2026,20250.000000,4700,OPTSTK,NFO,1.000000,141001,False
126412,MARUTI29SEP2611400PE,MARUTI,29SEP2026,1140000.000000,50,OPTSTK,NFO,5.000000,2001,False
126424,MARUTI29SEP2612600PE,MARUTI,29SEP2026,1260000.000000,50,OPTSTK,NFO,5.000000,2001,False
126427,MARUTI29SEP2613000CE,MARUTI,29SEP2026,1300000.000000,50,OPTSTK,NFO,5.000000,2001,False
126441,MARUTI29SEP2614400CE,MARUTI,29SEP2026,1440000.000000,50,OPTSTK,NFO,5.000000,2001,False
126457,MARUTI29SEP2616000CE,MARUTI,29SEP2026,1600000.000000,50,OPTSTK,NFO,5.000000,2001,False
126514,SAIL23NOV26150CE,SAIL,23NOV2026,15000.000000,4700,OPTSTK,NFO,1.000000,141001,False
126536,SAIL23NOV26185PE,SAIL,23NOV2026,18500.000000,4700,OPTSTK,NFO,1.000000,141001,False
126588,SBICARD27OCT26570CE,SBICARD,27OCT2026,57000.000000,800,OPTSTK,NFO,5.000000,40001,False
126595,SBICARD27OCT26630PE,SBICARD,27OCT2026,63000.000000,800,OPTSTK,NFO,5.000000,40001,False
126601,SBICARD27OCT26690PE,SBICARD,27OCT2026,69000.000000,800,OPTSTK,NFO,5.000000,40001,False
126602,SBICARD27OCT26710CE,SBICARD,27OCT2026,71000.000000,800,OPTSTK,NFO,5.000000,40001,False
126603,SBICARD27OCT26710PE,SBICARD,27OCT2026,71000.000000,800,OPTSTK,NFO,5.000000,40001,False
126654,SBICARD23NOV26680CE,SBICARD,23NOV2026,68000.000000,800,OPTSTK,NFO,5.000000,40001,False
126711,SBILIFE27OCT261500PE,SBILIFE,27OCT2026,150000.000000,375,OPTSTK,NFO,5.000000,15001,False
126712,SBILIFE27OCT261540CE,SBILIFE,27OCT2026,154000.000000,375,OPTSTK,NFO,5.000000,15001,False
126723,SBILIFE27OCT261740PE,SBILIFE,27OCT2026,174000.000000,375,OPTSTK,NFO,5.000000,15001,False
126873,SBILIFE23NOV261800CE,SBILIFE,23NOV2026,180000.000000,375,OPTSTK,NFO,5.000000,15001,False
126880,SBILIFE23NOV261920CE,SBILIFE,23NOV2026,192000.000000,375,OPTSTK,NFO,5.000000,15001,False
126939,MAXHEALTH29SEP26880CE,MAXHEALTH,29SEP2026,88000.000000,525,OPTSTK,NFO,5.000000,21001,False
126945,MAXHEALTH29SEP26940CE,MAXHEALTH,29SEP2026,94000.000000,525,OPTSTK,NFO,5.000000,21001,False
126962,MAXHEALTH29SEP261100PE,MAXHEALTH,29SEP2026,110000.000000,525,OPTSTK,NFO,5.000000,21001,False
126966,MAXHEALTH29SEP261140PE,MAXHEALTH,29SEP2026,114000.000000,525,OPTSTK,NFO,5.000000,21001,False
126970,MAXHEALTH29SEP261180PE,MAXHEALTH,29SEP2026,118000.000000,525,OPTSTK,NFO,5.000000,21001,False
127013,SBIN27OCT261030PE,SBIN,27OCT2026,103000.000000,750,OPTSTK,NFO,5.000000,22501,False
127014,SBIN27OCT261050CE,SBIN,27OCT2026,105000.000000,750,OPTSTK,NFO,5.000000,22501,False
127161,SBIN23NOV261060PE,SBIN,23NOV2026,106000.000000,750,OPTSTK,NFO,5.000000,22501,False
127165,SBIN23NOV261100PE,SBIN,23NOV2026,110000.000000,750,OPTSTK,NFO,5.000000,22501,False
127170,SBIN23NOV261160CE,SBIN,23NOV2026,116000.000000,750,OPTSTK,NFO,5.000000,22501,False
127171,SBIN23NOV261160PE,SBIN,23NOV2026,116000.000000,750,OPTSTK,NFO,5.000000,22501,False
127225,SHREECEM27OCT2622250PE,SHREECEM,27OCT2026,2225000.000000,25,OPTSTK,NFO,5.000000,1001,False
127235,SHREECEM27OCT2624750PE,SHREECEM,27OCT2026,2475000.000000,25,OPTSTK,NFO,5.000000,1001,False
127236,SHREECEM27OCT2625250CE,SHREECEM,27OCT2026,2525000.000000,25,OPTSTK,NFO,5.000000,1001,False
127241,SHREECEM27OCT2626250PE,SHREECEM,27OCT2026,2625000.000000,25,OPTSTK,NFO,5.000000,1001,False
127284,SHREECEM23NOV2619000CE,SHREECEM,23NOV2026,1900000.000000,25,OPTSTK,NFO,5.000000,1001,False
127298,SHREECEM23NOV2621000CE,SHREECEM,23NOV2026,2100000.000000,25,OPTSTK,NFO,5.000000,1001,False
127303,SHREECEM23NOV2622000PE,SHREECEM,23NOV2026,2200000.000000,25,OPTSTK,NFO,5.000000,1001,False
127311,SHREECEM23NOV2624000PE,SHREECEM,23NOV2026,2400000.000000,25,OPTSTK,NFO,5.000000,1001,False
127314,SHREECEM23NOV2625000CE,SHREECEM,23NOV2026,2500000.000000,25,OPTSTK,NFO,5.000000,1001,False
127316,SHREECEM23NOV2625500CE,SHREECEM,23NOV2026,2550000.000000,25,OPTSTK,NFO,5.000000,1001,False
127373,SHRIRAMFIN27OCT26900PE,SHRIRAMFIN,27OCT2026,90000.000000,825,OPTSTK,NFO,5.000000,24751,False
127376,SHRIRAMFIN27OCT26980CE,SHRIRAMFIN,27OCT2026,98000.000000,825,OPTSTK,NFO,5.000000,24751,False
127380,SHRIRAMFIN27OCT261060CE,SHRIRAMFIN,27OCT2026,106000.000000,825,OPTSTK,NFO,5.000000,24751,False
127466,MAZDOCK29SEP262700CE,MAZDOCK,29SEP2026,270000.000000,225,OPTSTK,NFO,5.000000,9001,False
127471,MAZDOCK29SEP262900PE,MAZDOCK,29SEP2026,290000.000000,225,OPTSTK,NFO,5.000000,9001,False
127476,SHRIRAMFIN23NOV26920CE,SHRIRAMFIN,23NOV2026,92000.000000,825,OPTSTK,NFO,5.000000,24751,False
127478,SHRIRAMFIN23NOV26960CE,SHRIRAMFIN,23NOV2026,96000.000000,825,OPTSTK,NFO,5.000000,24751,False
127493,SHRIRAMFIN23NOV261120CE,SHRIRAMFIN,23NOV2026,112000.000000,825,OPTSTK,NFO,5.000000,24751,False
127510,SHRIRAMFIN23NOV261280PE,SHRIRAMFIN,23NOV2026,128000.000000,825,OPTSTK,NFO,5.000000,24751,False
127595,SIEMENS27OCT263750PE,SIEMENS,27OCT2026,375000.000000,175,OPTSTK,NFO,5.000000,7001,False
127596,SIEMENS27OCT263850CE,SIEMENS,27OCT2026,385000.000000,175,OPTSTK,NFO,5.000000,7001,False
127612,SIEMENS27OCT264150CE,SIEMENS,27OCT2026,415000.000000,175,OPTSTK,NFO,5.000000,7001,False
127662,SIEMENS23NOV263600CE,SIEMENS,23NOV2026,360000.000000,175,OPTSTK,NFO,5.000000,7001,False
127673,SIEMENS23NOV264100PE,SIEMENS,23NOV2026,410000.000000,175,OPTSTK,NFO,5.000000,7001,False
127675,SIEMENS23NOV264200PE,SIEMENS,23NOV2026,420000.000000,175,OPTSTK,NFO,5.000000,7001,False
127677,SIEMENS23NOV264300PE,SIEMENS,23NOV2026,430000.000000,175,OPTSTK,NFO,5.000000,7001,False
127736,SOLARINDS27OCT2622250CE,SOLARINDS,27OCT2026,2225000.000000,50,OPTSTK,NFO,5.000000,1501,False
127743,SOLARINDS27OCT2623750PE,SOLARINDS,27OCT2026,2375000.000000,50,OPTSTK,NFO,5.000000,1501,False
127720,SOLARINDS27OCT2618250CE,SOLARINDS,27OCT2026,1825000.000000,50,OPTSTK,NFO,5.000000,1501,False
127740,SOLARINDS27OCT2623250CE,SOLARINDS,27OCT2026,2325000.000000,50,OPTSTK,NFO,5.000000,1501,False
127745,SOLARINDS27OCT2624250PE,SOLARINDS,27OCT2026,2425000.000000,50,OPTSTK,NFO,5.000000,1501,False
127848,SOLARINDS23NOV2620000PE,SOLARINDS,23NOV2026,2000000.000000,50,OPTSTK,NFO,5.000000,1501,False
127842,SOLARINDS23NOV2618500PE,SOLARINDS,23NOV2026,1850000.000000,50,OPTSTK,NFO,5.000000,1501,False
127844,SOLARINDS23NOV2619000PE,SOLARINDS,23NOV2026,1900000.000000,50,OPTSTK,NFO,5.000000,1501,False
127871,MCX29SEP262700CE,MCX,29SEP2026,270000.000000,225,OPTSTK,NFO,5.000000,6751,False
127856,SOLARINDS23NOV2622000PE,SOLARINDS,23NOV2026,2200000.000000,50,OPTSTK,NFO,5.000000,1501,False
127857,SOLARINDS23NOV2622500CE,SOLARINDS,23NOV2026,2250000.000000,50,OPTSTK,NFO,5.000000,1501,False
127861,SOLARINDS23NOV2623500CE,SOLARINDS,23NOV2026,2350000.000000,50,OPTSTK,NFO,5.000000,1501,False
127873,MCX29SEP262700PE,MCX,29SEP2026,270000.000000,225,OPTSTK,NFO,5.000000,6751,False
127884,MCX29SEP263300CE,MCX,29SEP2026,330000.000000,225,OPTSTK,NFO,5.000000,6751,False
127891,MCX29SEP263600PE,MCX,29SEP2026,360000.000000,225,OPTSTK,NFO,5.000000,6751,False
127981,MFSL29SEP261440PE,MFSL,29SEP2026,144000.000000,400,OPTSTK,NFO,5.000000,16001,False
127982,MFSL29SEP261480CE,MFSL,29SEP2026,148000.000000,400,OPTSTK,NFO,5.000000,16001,False
128030,SONACOMS27OCT26750PE,SONACOMS,27OCT2026,75000.000000,1225,OPTSTK,NFO,5.000000,36751,False
128080,SONACOMS23NOV26740CE,SONACOMS,23NOV2026,74000.000000,1225,OPTSTK,NFO,5.000000,36751,False
128121,SRF27OCT262250PE,SRF,27OCT2026,225000.000000,200,OPTSTK,NFO,5.000000,8001,False
128131,SRF27OCT262750CE,SRF,27OCT2026,275000.000000,200,OPTSTK,NFO,5.000000,8001,False
128135,SRF27OCT262850CE,SRF,27OCT2026,285000.000000,200,OPTSTK,NFO,5.000000,8001,False
128181,SRF23NOV262300CE,SRF,23NOV2026,230000.000000,200,OPTSTK,NFO,5.000000,8001,False
128187,SRF23NOV262600CE,SRF,23NOV2026,260000.000000,200,OPTSTK,NFO,5.000000,8001,False
128192,SRF23NOV262800PE,SRF,23NOV2026,280000.000000,200,OPTSTK,NFO,5.000000,8001,False
128240,SUNPHARMA27OCT261660CE,SUNPHARMA,27OCT2026,166000.000000,350,OPTSTK,NFO,5.000000,14001,False
128250,SUNPHARMA27OCT261780PE,SUNPHARMA,27OCT2026,178000.000000,350,OPTSTK,NFO,5.000000,14001,False
128274,SUNPHARMA27OCT262060CE,SUNPHARMA,27OCT2026,206000.000000,350,OPTSTK,NFO,5.000000,14001,False
128319,SUNPHARMA23NOV261600CE,SUNPHARMA,23NOV2026,160000.000000,350,OPTSTK,NFO,5.000000,14001,False
128322,SUNPHARMA23NOV261640PE,SUNPHARMA,23NOV2026,164000.000000,350,OPTSTK,NFO,5.000000,14001,False
128328,SUNPHARMA23NOV261760PE,SUNPHARMA,23NOV2026,176000.000000,350,OPTSTK,NFO,5.000000,14001,False
128330,SUNPHARMA23NOV261800PE,SUNPHARMA,23NOV2026,180000.000000,350,OPTSTK,NFO,5.000000,14001,False
128334,SUNPHARMA23NOV261880PE,SUNPHARMA,23NOV2026,188000.000000,350,OPTSTK,NFO,5.000000,14001,False
128341,SUNPHARMA23NOV262040CE,SUNPHARMA,23NOV2026,204000.000000,350,OPTSTK,NFO,5.000000,14001,False
128344,SUNPHARMA23NOV262080PE,SUNPHARMA,23NOV2026,208000.000000,350,OPTSTK,NFO,5.000000,14001,False
128396,SUPREMEIND27OCT263050CE,SUPREMEIND,27OCT2026,305000.000000,175,OPTSTK,NFO,5.000000,7001,False
128398,SUPREMEIND27OCT263150CE,SUPREMEIND,27OCT2026,315000.000000,175,OPTSTK,NFO,5.000000,7001,False
128401,SUPREMEIND27OCT263250PE,SUPREMEIND,27OCT2026,325000.000000,175,OPTSTK,NFO,5.000000,7001,False
128406,SUPREMEIND27OCT263550CE,SUPREMEIND,27OCT2026,355000.000000,175,OPTSTK,NFO,5.000000,7001,False
128407,SUPREMEIND27OCT263550PE,SUPREMEIND,27OCT2026,355000.000000,175,OPTSTK,NFO,5.000000,7001,False
128408,SUPREMEIND27OCT263650CE,SUPREMEIND,27OCT2026,365000.000000,175,OPTSTK,NFO,5.000000,7001,False
128453,SUPREMEIND23NOV262800CE,SUPREMEIND,23NOV2026,280000.000000,175,OPTSTK,NFO,5.000000,7001,False
128457,SUPREMEIND23NOV263000CE,SUPREMEIND,23NOV2026,300000.000000,175,OPTSTK,NFO,5.000000,7001,False
128486,SUPREMEIND23NOV263900CE,SUPREMEIND,23NOV2026,390000.000000,175,OPTSTK,NFO,5.000000,7001,False
128488,SUPREMEIND23NOV264000CE,SUPREMEIND,23NOV2026,400000.000000,175,OPTSTK,NFO,5.000000,7001,False
128536,MOTHERSON29SEP26140CE,MOTHERSON,29SEP2026,14000.000000,6150,OPTSTK,NFO,1.000000,184501,False
128541,MOTHERSON29SEP26150PE,MOTHERSON,29SEP2026,15000.000000,6150,OPTSTK,NFO,1.000000,184501,False
128543,MOTHERSON29SEP26155PE,MOTHERSON,29SEP2026,15500.000000,6150,OPTSTK,NFO,1.000000,184501,False
128547,MOTHERSON29SEP26165PE,MOTHERSON,29SEP2026,16500.000000,6150,OPTSTK,NFO,1.000000,184501,False
128548,MOTHERSON29SEP26170CE,MOTHERSON,29SEP2026,17000.000000,6150,OPTSTK,NFO,1.000000,184501,False
128573,SUZLON27OCT2641PE,SUZLON,27OCT2026,4100.000000,12700,OPTSTK,NFO,1.000000,381001,False
128575,SUZLON27OCT2643PE,SUZLON,27OCT2026,4300.000000,12700,OPTSTK,NFO,1.000000,381001,False
128578,SUZLON27OCT2647CE,SUZLON,27OCT2026,4700.000000,12700,OPTSTK,NFO,1.000000,381001,False
128585,SUZLON27OCT2651PE,SUZLON,27OCT2026,5100.000000,12700,OPTSTK,NFO,1.000000,381001,False
128626,SUZLON23NOV2640CE,SUZLON,23NOV2026,4000.000000,12700,OPTSTK,NFO,1.000000,381001,False
128641,SUZLON23NOV2652CE,SUZLON,23NOV2026,5200.000000,12700,OPTSTK,NFO,1.000000,381001,False
128677,SWIGGY27OCT26265PE,SWIGGY,27OCT2026,26500.000000,1825,OPTSTK,NFO,5.000000,73001,False
128805,SWIGGY23NOV26240CE,SWIGGY,23NOV2026,24000.000000,1825,OPTSTK,NFO,5.000000,73001,False
128810,SWIGGY23NOV26260PE,SWIGGY,23NOV2026,26000.000000,1825,OPTSTK,NFO,5.000000,73001,False
128811,SWIGGY23NOV26270CE,SWIGGY,23NOV2026,27000.000000,1825,OPTSTK,NFO,5.000000,73001,False
128813,SWIGGY23NOV26280CE,SWIGGY,23NOV2026,28000.000000,1825,OPTSTK,NFO,5.000000,73001,False
128870,TATACONSUM27OCT26930PE,TATACONSUM,27OCT2026,93000.000000,550,OPTSTK,NFO,5.000000,22001,False
128871,TATACONSUM27OCT26950CE,TATACONSUM,27OCT2026,95000.000000,550,OPTSTK,NFO,5.000000,22001,False
128873,MOTILALOFS29SEP26680CE,MOTILALOFS,29SEP2026,68000.000000,775,OPTSTK,NFO,5.000000,23251,False
128884,TATACONSUM27OCT261030CE,TATACONSUM,27OCT2026,103000.000000,550,OPTSTK,NFO,5.000000,22001,False
128885,TATACONSUM27OCT261030PE,TATACONSUM,27OCT2026,103000.000000,550,OPTSTK,NFO,5.000000,22001,False
128896,MOTILALOFS29SEP26840PE,MOTILALOFS,29SEP2026,84000.000000,775,OPTSTK,NFO,5.000000,23251,False
128906,MOTILALOFS29SEP261040PE,MOTILALOFS,29SEP2026,104000.000000,775,OPTSTK,NFO,5.000000,23251,False
128934,MOTILALOFS29SEP261200PE,MOTILALOFS,29SEP2026,120000.000000,775,OPTSTK,NFO,5.000000,23251,False
128944,TATACONSUM27OCT261150CE,TATACONSUM,27OCT2026,115000.000000,550,OPTSTK,NFO,5.000000,22001,False
129031,TATACONSUM23NOV26840PE,TATACONSUM,23NOV2026,84000.000000,550,OPTSTK,NFO,5.000000,22001,False
129050,TATACONSUM23NOV261040CE,TATACONSUM,23NOV2026,104000.000000,550,OPTSTK,NFO,5.000000,22001,False
129052,TATACONSUM23NOV261060CE,TATACONSUM,23NOV2026,106000.000000,550,OPTSTK,NFO,5.000000,22001,False
129056,TATACONSUM23NOV261100CE,TATACONSUM,23NOV2026,110000.000000,550,OPTSTK,NFO,5.000000,22001,False
129059,TATACONSUM23NOV261120PE,TATACONSUM,23NOV2026,112000.000000,550,OPTSTK,NFO,5.000000,22001,False
129063,TATACONSUM23NOV261160PE,TATACONSUM,23NOV2026,116000.000000,550,OPTSTK,NFO,5.000000,22001,False
129067,TATACONSUM23NOV261200PE,TATACONSUM,23NOV2026,120000.000000,550,OPTSTK,NFO,5.000000,22001,False
129245,TATAELXSI23NOV263200CE,TATAELXSI,23NOV2026,320000.000000,125,OPTSTK,NFO,5.000000,6251,False
129261,TATAELXSI23NOV264000CE,TATAELXSI,23NOV2026,400000.000000,125,OPTSTK,NFO,5.000000,6251,False
129317,TATAPOWER27OCT26305CE,TATAPOWER,27OCT2026,30500.000000,1450,OPTSTK,NFO,5.000000,58001,False
129380,TATAPOWER23NOV26310PE,TATAPOWER,23NOV2026,31000.000000,1450,OPTSTK,NFO,5.000000,58001,False
129385,TATAPOWER23NOV26340CE,TATAPOWER,23NOV2026,34000.000000,1450,OPTSTK,NFO,5.000000,58001,False
129387,TATAPOWER23NOV26350CE,TATAPOWER,23NOV2026,35000.000000,1450,OPTSTK,NFO,5.000000,58001,False
129396,TATAPOWER23NOV26390PE,TATAPOWER,23NOV2026,39000.000000,1450,OPTSTK,NFO,5.000000,58001,False
129398,TATAPOWER23NOV26400CE,TATAPOWER,23NOV2026,40000.000000,1450,OPTSTK,NFO,5.000000,58001,False
129403,TATAPOWER23NOV26410PE,TATAPOWER,23NOV2026,41000.000000,1450,OPTSTK,NFO,5.000000,58001,False
129480,TATASTEEL27OCT26167.5CE,TATASTEEL,27OCT2026,16750.000000,2750,OPTSTK,NFO,1.000000,137501,False
129487,TATASTEEL27OCT26177.5PE,TATASTEEL,27OCT2026,17750.000000,2750,OPTSTK,NFO,1.000000,137501,False
129552,TATASTEEL23NOV26165CE,TATASTEEL,23NOV2026,16500.000000,2750,OPTSTK,NFO,1.000000,137501,False
129554,TATASTEEL23NOV26170CE,TATASTEEL,23NOV2026,17000.000000,2750,OPTSTK,NFO,1.000000,137501,False
129555,TATASTEEL23NOV26170PE,TATASTEEL,23NOV2026,17000.000000,2750,OPTSTK,NFO,1.000000,137501,False
129562,TATASTEEL23NOV26185CE,TATASTEEL,23NOV2026,18500.000000,2750,OPTSTK,NFO,1.000000,137501,False
129573,TATASTEEL23NOV26210PE,TATASTEEL,23NOV2026,21000.000000,2750,OPTSTK,NFO,1.000000,137501,False
129636,MUTHOOTFIN29SEP262900PE,MUTHOOTFIN,29SEP2026,290000.000000,275,OPTSTK,NFO,5.000000,8251,False
129639,MUTHOOTFIN29SEP263100CE,MUTHOOTFIN,29SEP2026,310000.000000,275,OPTSTK,NFO,5.000000,8251,False
129643,MUTHOOTFIN29SEP263300CE,MUTHOOTFIN,29SEP2026,330000.000000,275,OPTSTK,NFO,5.000000,8251,False
129649,MUTHOOTFIN29SEP263600CE,MUTHOOTFIN,29SEP2026,360000.000000,275,OPTSTK,NFO,5.000000,8251,False
129682,TCS27OCT262380PE,TCS,27OCT2026,238000.000000,225,OPTSTK,NFO,5.000000,9001,False
129706,TCS27OCT262540CE,TCS,27OCT2026,254000.000000,225,OPTSTK,NFO,5.000000,9001,False
129779,TCS23NOV262120PE,TCS,23NOV2026,212000.000000,225,OPTSTK,NFO,5.000000,9001,False
129786,TCS23NOV262280CE,TCS,23NOV2026,228000.000000,225,OPTSTK,NFO,5.000000,9001,False
129789,TCS23NOV262320PE,TCS,23NOV2026,232000.000000,225,OPTSTK,NFO,5.000000,9001,False
129805,TCS23NOV262640PE,TCS,23NOV2026,264000.000000,225,OPTSTK,NFO,5.000000,9001,False
129895,TECHM27OCT261460PE,TECHM,27OCT2026,146000.000000,600,OPTSTK,NFO,5.000000,18001,False
129899,TECHM27OCT261540PE,TECHM,27OCT2026,154000.000000,600,OPTSTK,NFO,5.000000,18001,False
129929,NAM-INDIA29SEP261000CE,NAM-INDIA,29SEP2026,100000.000000,625,OPTSTK,NFO,5.000000,18751,False
129952,NAM-INDIA29SEP261040CE,NAM-INDIA,29SEP2026,104000.000000,625,OPTSTK,NFO,5.000000,18751,False
129960,TECHM23NOV261400CE,TECHM,23NOV2026,140000.000000,600,OPTSTK,NFO,5.000000,18001,False
129974,TECHM23NOV261680CE,TECHM,23NOV2026,168000.000000,600,OPTSTK,NFO,5.000000,18001,False
129979,TECHM23NOV261760PE,TECHM,23NOV2026,176000.000000,600,OPTSTK,NFO,5.000000,18001,False
130005,NAM-INDIA29SEP261280CE,NAM-INDIA,29SEP2026,128000.000000,625,OPTSTK,NFO,5.000000,18751,False
130011,NAM-INDIA29SEP261400CE,NAM-INDIA,29SEP2026,140000.000000,625,OPTSTK,NFO,5.000000,18751,False
130061,NATIONALUM29SEP26360CE,NATIONALUM,29SEP2026,36000.000000,1875,OPTSTK,NFO,5.000000,56251,False
130067,NATIONALUM29SEP26420CE,NATIONALUM,29SEP2026,42000.000000,1875,OPTSTK,NFO,5.000000,56251,False
130071,NATIONALUM29SEP26460CE,NATIONALUM,29SEP2026,46000.000000,1875,OPTSTK,NFO,5.000000,56251,False
130091,TIINDIA27OCT262550CE,TIINDIA,27OCT2026,255000.000000,200,OPTSTK,NFO,5.000000,8001,False
130098,TIINDIA27OCT262850PE,TIINDIA,27OCT2026,285000.000000,200,OPTSTK,NFO,5.000000,8001,False
130163,TIINDIA23NOV262200CE,TIINDIA,23NOV2026,220000.000000,200,OPTSTK,NFO,5.000000,8001,False
130175,TIINDIA23NOV262500CE,TIINDIA,23NOV2026,250000.000000,200,OPTSTK,NFO,5.000000,8001,False
130183,TIINDIA23NOV262900CE,TIINDIA,23NOV2026,290000.000000,200,OPTSTK,NFO,5.000000,8001,False
130187,TIINDIA23NOV263100CE,TIINDIA,23NOV2026,310000.000000,200,OPTSTK,NFO,5.000000,8001,False
130311,TITAN23NOV265600CE,TITAN,23NOV2026,560000.000000,175,OPTSTK,NFO,5.000000,5251,False
130332,NAUKRI29SEP261080CE,NAUKRI,29SEP2026,108000.000000,550,OPTSTK,NFO,5.000000,16501,False
130338,NAUKRI29SEP261160CE,NAUKRI,29SEP2026,116000.000000,550,OPTSTK,NFO,5.000000,16501,False
130383,TMPV27OCT26275PE,TMPV,27OCT2026,27500.000000,1600,OPTSTK,NFO,5.000000,64001,False
130390,TMPV27OCT26305CE,TMPV,27OCT2026,30500.000000,1600,OPTSTK,NFO,5.000000,64001,False
130399,NAUKRI29SEP261360CE,NAUKRI,29SEP2026,136000.000000,550,OPTSTK,NFO,5.000000,16501,False
130452,TMPV23NOV26260PE,TMPV,23NOV2026,26000.000000,1600,OPTSTK,NFO,5.000000,64001,False
130472,TMPV23NOV26350PE,TMPV,23NOV2026,35000.000000,1600,OPTSTK,NFO,5.000000,64001,False
130489,TMPV23NOV26380PE,TMPV,23NOV2026,38000.000000,1600,OPTSTK,NFO,5.000000,64001,False
130550,TORNTPHARM27OCT265350CE,TORNTPHARM,27OCT2026,535000.000000,125,OPTSTK,NFO,5.000000,5001,False
130602,TORNTPHARM23NOV264600CE,TORNTPHARM,23NOV2026,460000.000000,125,OPTSTK,NFO,5.000000,5001,False
130614,TORNTPHARM23NOV265200CE,TORNTPHARM,23NOV2026,520000.000000,125,OPTSTK,NFO,5.000000,5001,False
130617,TORNTPHARM23NOV265300PE,TORNTPHARM,23NOV2026,530000.000000,125,OPTSTK,NFO,5.000000,5001,False
130642,TORNTPHARM23NOV265500PE,TORNTPHARM,23NOV2026,550000.000000,125,OPTSTK,NFO,5.000000,5001,False
130643,TORNTPHARM23NOV265600CE,TORNTPHARM,23NOV2026,560000.000000,125,OPTSTK,NFO,5.000000,5001,False
130700,NBCC29SEP2695PE,NBCC,29SEP2026,9500.000000,6500,OPTSTK,NFO,1.000000,260001,False
130704,NBCC29SEP26105PE,NBCC,29SEP2026,10500.000000,6500,OPTSTK,NFO,1.000000,260001,False
130764,TRENT27OCT262750CE,TRENT,27OCT2026,275000.000000,225,OPTSTK,NFO,5.000000,9001,False
130800,TRENT23NOV262400CE,TRENT,23NOV2026,240000.000000,225,OPTSTK,NFO,5.000000,9001,False
130869,TVSMOTOR27OCT264450CE,TVSMOTOR,27OCT2026,445000.000000,175,OPTSTK,NFO,5.000000,5251,False
130803,TRENT23NOV262500PE,TRENT,23NOV2026,250000.000000,225,OPTSTK,NFO,5.000000,9001,False
130807,TRENT23NOV262700PE,TRENT,23NOV2026,270000.000000,225,OPTSTK,NFO,5.000000,9001,False
130808,TRENT23NOV262800CE,TRENT,23NOV2026,280000.000000,225,OPTSTK,NFO,5.000000,9001,False
130874,TVSMOTOR27OCT264650PE,TVSMOTOR,27OCT2026,465000.000000,175,OPTSTK,NFO,5.000000,5251,False
130928,TVSMOTOR23NOV264100CE,TVSMOTOR,23NOV2026,410000.000000,175,OPTSTK,NFO,5.000000,5251,False
131018,ULTRACEMCO27OCT269700CE,ULTRACEMCO,27OCT2026,970000.000000,50,OPTSTK,NFO,5.000000,2001,False
131019,ULTRACEMCO27OCT269700PE,ULTRACEMCO,27OCT2026,970000.000000,50,OPTSTK,NFO,5.000000,2001,False
131032,ULTRACEMCO27OCT2610900PE,ULTRACEMCO,27OCT2026,1090000.000000,50,OPTSTK,NFO,5.000000,2001,False
131025,ULTRACEMCO27OCT2610300PE,ULTRACEMCO,27OCT2026,1030000.000000,50,OPTSTK,NFO,5.000000,2001,False
131029,ULTRACEMCO27OCT2610700PE,ULTRACEMCO,27OCT2026,1070000.000000,50,OPTSTK,NFO,5.000000,2001,False
131031,ULTRACEMCO27OCT2610900CE,ULTRACEMCO,27OCT2026,1090000.000000,50,OPTSTK,NFO,5.000000,2001,False
131045,ULTRACEMCO27OCT2611900CE,ULTRACEMCO,27OCT2026,1190000.000000,50,OPTSTK,NFO,5.000000,2001,False
131049,ULTRACEMCO27OCT2612100CE,ULTRACEMCO,27OCT2026,1210000.000000,50,OPTSTK,NFO,5.000000,2001,False
131050,ULTRACEMCO27OCT2612100PE,ULTRACEMCO,27OCT2026,1210000.000000,50,OPTSTK,NFO,5.000000,2001,False
131157,ULTRACEMCO23NOV2610000CE,ULTRACEMCO,23NOV2026,1000000.000000,50,OPTSTK,NFO,5.000000,2001,False
131159,ULTRACEMCO23NOV2610000PE,ULTRACEMCO,23NOV2026,1000000.000000,50,OPTSTK,NFO,5.000000,2001,False
131198,ULTRACEMCO23NOV2612000CE,ULTRACEMCO,23NOV2026,1200000.000000,50,OPTSTK,NFO,5.000000,2001,False
131209,ULTRACEMCO23NOV2613000CE,ULTRACEMCO,23NOV2026,1300000.000000,50,OPTSTK,NFO,5.000000,2001,False
131358,NESTLEIND29SEP261360PE,NESTLEIND,29SEP2026,136000.000000,500,OPTSTK,NFO,5.000000,15001,False
131382,UNIONBANK27OCT26202.5PE,UNIONBANK,27OCT2026,20250.000000,4425,OPTSTK,NFO,1.000000,132751,False
131419,NESTLEIND29SEP261440CE,NESTLEIND,29SEP2026,144000.000000,500,OPTSTK,NFO,5.000000,15001,False
131422,UNIONBANK23NOV26170CE,UNIONBANK,23NOV2026,17000.000000,4425,OPTSTK,NFO,1.000000,132751,False
131424,UNIONBANK23NOV26170PE,UNIONBANK,23NOV2026,17000.000000,4425,OPTSTK,NFO,1.000000,132751,False
131571,UNITDSPR27OCT261460CE,UNITDSPR,27OCT2026,146000.000000,400,OPTSTK,NFO,5.000000,16001,False
131425,UNIONBANK23NOV26175CE,UNIONBANK,23NOV2026,17500.000000,4425,OPTSTK,NFO,1.000000,132751,False
131444,NESTLEIND29SEP261580PE,NESTLEIND,29SEP2026,158000.000000,500,OPTSTK,NFO,5.000000,15001,False
131456,NESTLEIND29SEP261680PE,NESTLEIND,29SEP2026,168000.000000,500,OPTSTK,NFO,5.000000,15001,False
131580,UNITDSPR27OCT261620PE,UNITDSPR,27OCT2026,162000.000000,400,OPTSTK,NFO,5.000000,16001,False
131616,UNITDSPR23NOV261320PE,UNITDSPR,23NOV2026,132000.000000,400,OPTSTK,NFO,5.000000,16001,False
131622,UNITDSPR23NOV261400PE,UNITDSPR,23NOV2026,140000.000000,400,OPTSTK,NFO,5.000000,16001,False
131673,UNOMINDA27OCT261140PE,UNOMINDA,27OCT2026,114000.000000,550,OPTSTK,NFO,5.000000,22001,False
131683,UNOMINDA27OCT261340PE,UNOMINDA,27OCT2026,134000.000000,550,OPTSTK,NFO,5.000000,22001,False
131768,NHPC29SEP2662PE,NHPC,29SEP2026,6200.000000,6950,OPTSTK,NFO,1.000000,278001,False
131771,NHPC29SEP2666CE,NHPC,29SEP2026,6600.000000,6950,OPTSTK,NFO,1.000000,278001,False
131791,UNOMINDA23NOV261200PE,UNOMINDA,23NOV2026,120000.000000,550,OPTSTK,NFO,5.000000,22001,False
131798,UNOMINDA23NOV261360CE,UNOMINDA,23NOV2026,136000.000000,550,OPTSTK,NFO,5.000000,22001,False
131803,UNOMINDA23NOV261440PE,UNOMINDA,23NOV2026,144000.000000,550,OPTSTK,NFO,5.000000,22001,False
131830,NHPC29SEP2672PE,NHPC,29SEP2026,7200.000000,6950,OPTSTK,NFO,1.000000,278001,False
131840,NHPC29SEP2676PE,NHPC,29SEP2026,7600.000000,6950,OPTSTK,NFO,1.000000,278001,False
131843,UPL27OCT26510CE,UPL,27OCT2026,51000.000000,1355,OPTSTK,NFO,5.000000,40651,False
131844,UPL27OCT26510PE,UPL,27OCT2026,51000.000000,1355,OPTSTK,NFO,5.000000,40651,False
131856,UPL27OCT26630PE,UPL,27OCT2026,63000.000000,1355,OPTSTK,NFO,5.000000,40651,False
131895,UPL23NOV26520CE,UPL,23NOV2026,52000.000000,1355,OPTSTK,NFO,5.000000,40651,False
131904,UPL23NOV26600PE,UPL,23NOV2026,60000.000000,1355,OPTSTK,NFO,5.000000,40651,False
131935,VBL27OCT26370CE,VBL,27OCT2026,37000.000000,1275,OPTSTK,NFO,5.000000,51001,False
131946,NHPC29SEP2686PE,NHPC,29SEP2026,8600.000000,6950,OPTSTK,NFO,1.000000,278001,False
131996,VBL23NOV26320CE,VBL,23NOV2026,32000.000000,1275,OPTSTK,NFO,5.000000,51001,False
132003,VBL23NOV26360PE,VBL,23NOV2026,36000.000000,1275,OPTSTK,NFO,5.000000,51001,False
132009,VBL23NOV26380PE,VBL,23NOV2026,38000.000000,1275,OPTSTK,NFO,5.000000,51001,False
132011,VBL23NOV26400PE,VBL,23NOV2026,40000.000000,1275,OPTSTK,NFO,5.000000,51001,False
132023,VBL23NOV26520PE,VBL,23NOV2026,52000.000000,1275,OPTSTK,NFO,5.000000,51001,False
132055,VEDL27OCT26235PE,VEDL,27OCT2026,23500.000000,1150,OPTSTK,NFO,5.000000,80501,False
132065,VEDL27OCT26285PE,VEDL,27OCT2026,28500.000000,1150,OPTSTK,NFO,5.000000,80501,False
132073,VEDL27OCT26305PE,VEDL,27OCT2026,30500.000000,1150,OPTSTK,NFO,5.000000,80501,False
132212,VEDL23NOV26220CE,VEDL,23NOV2026,22000.000000,1150,OPTSTK,NFO,5.000000,80501,False
132224,VEDL23NOV26230CE,VEDL,23NOV2026,23000.000000,1150,OPTSTK,NFO,5.000000,80501,False
132235,VEDL23NOV26270PE,VEDL,23NOV2026,27000.000000,1150,OPTSTK,NFO,5.000000,80501,False
132244,VEDL23NOV26320CE,VEDL,23NOV2026,32000.000000,1150,OPTSTK,NFO,5.000000,80501,False
132288,NMDC29SEP2680PE,NMDC,29SEP2026,8000.000000,6750,OPTSTK,NFO,1.000000,270001,False
132301,VMM27OCT26112.5CE,VMM,27OCT2026,11250.000000,4850,OPTSTK,NFO,1.000000,194001,False
132313,NMDC29SEP2692PE,NMDC,29SEP2026,9200.000000,6750,OPTSTK,NFO,1.000000,270001,False
132348,VMM23NOV2680CE,VMM,23NOV2026,8000.000000,4850,OPTSTK,NFO,1.000000,194001,False
132358,VMM23NOV2695CE,VMM,23NOV2026,9500.000000,4850,OPTSTK,NFO,1.000000,194001,False
132372,VMM23NOV26125CE,VMM,23NOV2026,12500.000000,4850,OPTSTK,NFO,1.000000,194001,False
132414,VOLTAS27OCT261100PE,VOLTAS,27OCT2026,110000.000000,375,OPTSTK,NFO,5.000000,18751,False
132424,VOLTAS27OCT261300PE,VOLTAS,27OCT2026,130000.000000,375,OPTSTK,NFO,5.000000,18751,False
132469,VOLTAS23NOV261280CE,VOLTAS,23NOV2026,128000.000000,375,OPTSTK,NFO,5.000000,18751,False
132471,VOLTAS23NOV261320CE,VOLTAS,23NOV2026,132000.000000,375,OPTSTK,NFO,5.000000,18751,False
132508,WAAREEENER27OCT262250PE,WAAREEENER,27OCT2026,225000.000000,175,OPTSTK,NFO,5.000000,8751,False
132513,WAAREEENER27OCT262550CE,WAAREEENER,27OCT2026,255000.000000,175,OPTSTK,NFO,5.000000,8751,False
132574,NTPC29SEP26300CE,NTPC,29SEP2026,30000.000000,1500,OPTSTK,NFO,5.000000,75001,False
132576,NTPC29SEP26310CE,NTPC,29SEP2026,31000.000000,1500,OPTSTK,NFO,5.000000,75001,False
132581,NTPC29SEP26330PE,NTPC,29SEP2026,33000.000000,1500,OPTSTK,NFO,5.000000,75001,False
132595,NTPC29SEP26390CE,NTPC,29SEP2026,39000.000000,1500,OPTSTK,NFO,5.000000,75001,False
132618,WAAREEENER23NOV262200PE,WAAREEENER,23NOV2026,220000.000000,175,OPTSTK,NFO,5.000000,8751,False
132622,WAAREEENER23NOV262400PE,WAAREEENER,23NOV2026,240000.000000,175,OPTSTK,NFO,5.000000,8751,False
132690,WIPRO27OCT26182.5PE,WIPRO,27OCT2026,18250.000000,3000,OPTSTK,NFO,1.000000,120001,False
132729,NYKAA29SEP26320PE,NYKAA,29SEP2026,32000.000000,3125,OPTSTK,NFO,5.000000,93751,False
132776,WIPRO23NOV26150PE,WIPRO,23NOV2026,15000.000000,3000,OPTSTK,NFO,1.000000,120001,False
132780,WIPRO23NOV26160PE,WIPRO,23NOV2026,16000.000000,3000,OPTSTK,NFO,1.000000,120001,False
132784,WIPRO23NOV26170PE,WIPRO,23NOV2026,17000.000000,3000,OPTSTK,NFO,1.000000,120001,False
132790,WIPRO23NOV26185PE,WIPRO,23NOV2026,18500.000000,3000,OPTSTK,NFO,1.000000,120001,False
132792,WIPRO23NOV26190PE,WIPRO,23NOV2026,19000.000000,3000,OPTSTK,NFO,1.000000,120001,False
132797,WIPRO23NOV26205CE,WIPRO,23NOV2026,20500.000000,3000,OPTSTK,NFO,1.000000,120001,False
132879,YESBANK23NOV2624PE,YESBANK,23NOV2026,2400.000000,31100,OPTSTK,NFO,1.000000,933001,False
132970,ZYDUSLIFE27OCT261050PE,ZYDUSLIFE,27OCT2026,105000.000000,900,OPTSTK,NFO,5.000000,27001,False
132979,ZYDUSLIFE27OCT261150CE,ZYDUSLIFE,27OCT2026,115000.000000,900,OPTSTK,NFO,5.000000,27001,False
132982,NYKAA29SEP26360CE,NYKAA,29SEP2026,36000.000000,3125,OPTSTK,NFO,5.000000,93751,False
132989,NYKAA29SEP26390PE,NYKAA,29SEP2026,39000.000000,3125,OPTSTK,NFO,5.000000,93751,False
132996,ZYDUSLIFE27OCT261170PE,ZYDUSLIFE,27OCT2026,117000.000000,900,OPTSTK,NFO,5.000000,27001,False
133003,ZYDUSLIFE27OCT261250CE,ZYDUSLIFE,27OCT2026,125000.000000,900,OPTSTK,NFO,5.000000,27001,False
133006,ZYDUSLIFE27OCT261270PE,ZYDUSLIFE,27OCT2026,127000.000000,900,OPTSTK,NFO,5.000000,27001,False
133072,ZYDUSLIFE23NOV26960CE,ZYDUSLIFE,23NOV2026,96000.000000,900,OPTSTK,NFO,5.000000,27001,False
133104,ZYDUSLIFE23NOV261180PE,ZYDUSLIFE,23NOV2026,118000.000000,900,OPTSTK,NFO,5.000000,27001,False
133112,ZYDUSLIFE23NOV261260CE,ZYDUSLIFE,23NOV2026,126000.000000,900,OPTSTK,NFO,5.000000,27001,False
133114,ZYDUSLIFE23NOV261280CE,ZYDUSLIFE,23NOV2026,128000.000000,900,OPTSTK,NFO,5.000000,27001,False
133140,ZYDUSLIFE23NOV261320PE,ZYDUSLIFE,23NOV2026,132000.000000,900,OPTSTK,NFO,5.000000,27001,False
133208,OBEROIRLTY29SEP261520PE,OBEROIRLTY,29SEP2026,152000.000000,350,OPTSTK,NFO,5.000000,14001,False
133218,OBEROIRLTY29SEP261680PE,OBEROIRLTY,29SEP2026,168000.000000,350,OPTSTK,NFO,5.000000,14001,False
133247,OBEROIRLTY29SEP261800PE,OBEROIRLTY,29SEP2026,180000.000000,350,OPTSTK,NFO,5.000000,14001,False
133292,OBEROIRLTY29SEP262200CE,OBEROIRLTY,29SEP2026,220000.000000,350,OPTSTK,NFO,5.000000,14001,False
133985,OFSS29SEP2612400PE,OFSS,29SEP2026,1240000.000000,100,OPTSTK,NFO,5.000000,2001,False
133987,OFSS29SEP2612600PE,OFSS,29SEP2026,1260000.000000,100,OPTSTK,NFO,5.000000,2001,False
133993,OFSS29SEP2613200PE,OFSS,29SEP2026,1320000.000000,100,OPTSTK,NFO,5.000000,2001,False
134288,OIL29SEP26470PE,OIL,29SEP2026,47000.000000,1400,OPTSTK,NFO,5.000000,56001,False
134357,OIL29SEP26480PE,OIL,29SEP2026,48000.000000,1400,OPTSTK,NFO,5.000000,56001,False
134375,OIL29SEP26530PE,OIL,29SEP2026,53000.000000,1400,OPTSTK,NFO,5.000000,56001,False
134379,OIL29SEP26560PE,OIL,29SEP2026,56000.000000,1400,OPTSTK,NFO,5.000000,56001,False
134844,ONGC29SEP26205CE,ONGC,29SEP2026,20500.000000,2250,OPTSTK,NFO,1.000000,90001,False
134845,ONGC29SEP26205PE,ONGC,29SEP2026,20500.000000,2250,OPTSTK,NFO,1.000000,90001,False
134847,ONGC29SEP26210PE,ONGC,29SEP2026,21000.000000,2250,OPTSTK,NFO,1.000000,90001,False
134877,ONGC29SEP26240CE,ONGC,29SEP2026,24000.000000,2250,OPTSTK,NFO,1.000000,90001,False
134879,ONGC29SEP26245CE,ONGC,29SEP2026,24500.000000,2250,OPTSTK,NFO,1.000000,90001,False
134883,ONGC29SEP26255CE,ONGC,29SEP2026,25500.000000,2250,OPTSTK,NFO,1.000000,90001,False
134893,ONGC29SEP26280CE,ONGC,29SEP2026,28000.000000,2250,OPTSTK,NFO,1.000000,90001,False
135165,PAGEIND29SEP2645000CE,PAGEIND,29SEP2026,4500000.000000,20,OPTSTK,NFO,5.000000,601,False
135023,PAGEIND29SEP2630000CE,PAGEIND,29SEP2026,3000000.000000,20,OPTSTK,NFO,5.000000,601,False
135057,PAGEIND29SEP2634000CE,PAGEIND,29SEP2026,3400000.000000,20,OPTSTK,NFO,5.000000,601,False
135136,PAGEIND29SEP2642000CE,PAGEIND,29SEP2026,4200000.000000,20,OPTSTK,NFO,5.000000,601,False
135688,PATANJALI29SEP26410PE,PATANJALI,29SEP2026,41000.000000,1075,OPTSTK,NFO,5.000000,64501,False
135933,PAYTM29SEP261440PE,PAYTM,29SEP2026,144000.000000,725,OPTSTK,NFO,5.000000,14501,False
135982,PERSISTENT29SEP264600CE,PERSISTENT,29SEP2026,460000.000000,125,OPTSTK,NFO,5.000000,3751,False
136060,PERSISTENT29SEP265600CE,PERSISTENT,29SEP2026,560000.000000,125,OPTSTK,NFO,5.000000,3751,False
136061,PERSISTENT29SEP265600PE,PERSISTENT,29SEP2026,560000.000000,125,OPTSTK,NFO,5.000000,3751,False
136113,PETRONET29SEP26250CE,PETRONET,29SEP2026,25000.000000,1900,OPTSTK,NFO,5.000000,76001,False
136129,PETRONET29SEP26300PE,PETRONET,29SEP2026,30000.000000,1900,OPTSTK,NFO,5.000000,76001,False
136225,PETRONET29SEP26310CE,PETRONET,29SEP2026,31000.000000,1900,OPTSTK,NFO,5.000000,76001,False
136233,PETRONET29SEP26340CE,PETRONET,29SEP2026,34000.000000,1900,OPTSTK,NFO,5.000000,76001,False
136238,PETRONET29SEP26340PE,PETRONET,29SEP2026,34000.000000,1900,OPTSTK,NFO,5.000000,76001,False
136495,PFC29SEP26310CE,PFC,29SEP2026,31000.000000,1300,OPTSTK,NFO,5.000000,52001,False
136547,PFC29SEP26370PE,PFC,29SEP2026,37000.000000,1300,OPTSTK,NFO,5.000000,52001,False
136782,PFC29SEP26470CE,PFC,29SEP2026,47000.000000,1300,OPTSTK,NFO,5.000000,52001,False
137182,PGEL29SEP26480PE,PGEL,29SEP2026,48000.000000,950,OPTSTK,NFO,5.000000,38001,False
137194,PGEL29SEP26520PE,PGEL,29SEP2026,52000.000000,950,OPTSTK,NFO,5.000000,38001,False
137204,PGEL29SEP26600PE,PGEL,29SEP2026,60000.000000,950,OPTSTK,NFO,5.000000,38001,False
137208,PGEL29SEP26640PE,PGEL,29SEP2026,64000.000000,950,OPTSTK,NFO,5.000000,38001,False
137525,PHOENIXLTD29SEP261600CE,PHOENIXLTD,29SEP2026,160000.000000,350,OPTSTK,NFO,5.000000,14001,False
137527,PHOENIXLTD29SEP261640CE,PHOENIXLTD,29SEP2026,164000.000000,350,OPTSTK,NFO,5.000000,14001,False
137528,PHOENIXLTD29SEP261640PE,PHOENIXLTD,29SEP2026,164000.000000,350,OPTSTK,NFO,5.000000,14001,False
137576,PHOENIXLTD29SEP261760CE,PHOENIXLTD,29SEP2026,176000.000000,350,OPTSTK,NFO,5.000000,14001,False
137612,PHOENIXLTD29SEP261840CE,PHOENIXLTD,29SEP2026,184000.000000,350,OPTSTK,NFO,5.000000,14001,False
137614,PHOENIXLTD29SEP261840PE,PHOENIXLTD,29SEP2026,184000.000000,350,OPTSTK,NFO,5.000000,14001,False
137619,PHOENIXLTD29SEP261960CE,PHOENIXLTD,29SEP2026,196000.000000,350,OPTSTK,NFO,5.000000,14001,False
137620,PHOENIXLTD29SEP261960PE,PHOENIXLTD,29SEP2026,196000.000000,350,OPTSTK,NFO,5.000000,14001,False
137626,PHOENIXLTD29SEP262080PE,PHOENIXLTD,29SEP2026,208000.000000,350,OPTSTK,NFO,5.000000,14001,False
137629,PHOENIXLTD29SEP262160CE,PHOENIXLTD,29SEP2026,216000.000000,350,OPTSTK,NFO,5.000000,14001,False
137784,PIDILITIND29SEP261440PE,PIDILITIND,29SEP2026,144000.000000,500,OPTSTK,NFO,5.000000,15001,False
137806,PIDILITIND29SEP261840PE,PIDILITIND,29SEP2026,184000.000000,500,OPTSTK,NFO,5.000000,15001,False
138387,PIIND29SEP262500PE,PIIND,29SEP2026,250000.000000,175,OPTSTK,NFO,5.000000,8751,False
138393,PIIND29SEP262800PE,PIIND,29SEP2026,280000.000000,175,OPTSTK,NFO,5.000000,8751,False
138396,PIIND29SEP263000CE,PIIND,29SEP2026,300000.000000,175,OPTSTK,NFO,5.000000,8751,False
139063,PNB29SEP26130PE,PNB,29SEP2026,13000.000000,8000,OPTSTK,NFO,1.000000,240001,False
139101,PNB29SEP26134PE,PNB,29SEP2026,13400.000000,8000,OPTSTK,NFO,1.000000,240001,False
139237,PNBHOUSING29SEP261160CE,PNBHOUSING,29SEP2026,116000.000000,650,OPTSTK,NFO,5.000000,19501,False
139266,PNBHOUSING29SEP261280CE,PNBHOUSING,29SEP2026,128000.000000,650,OPTSTK,NFO,5.000000,19501,False
139285,PNBHOUSING29SEP261360PE,PNBHOUSING,29SEP2026,136000.000000,650,OPTSTK,NFO,5.000000,19501,False
139612,POLICYBZR29SEP261560PE,POLICYBZR,29SEP2026,156000.000000,350,OPTSTK,NFO,5.000000,14001,False
139614,POLICYBZR29SEP261600PE,POLICYBZR,29SEP2026,160000.000000,350,OPTSTK,NFO,5.000000,14001,False
139621,POLICYBZR29SEP261720CE,POLICYBZR,29SEP2026,172000.000000,350,OPTSTK,NFO,5.000000,14001,False
139622,POLICYBZR29SEP261720PE,POLICYBZR,29SEP2026,172000.000000,350,OPTSTK,NFO,5.000000,14001,False
139624,POLICYBZR29SEP261760PE,POLICYBZR,29SEP2026,176000.000000,350,OPTSTK,NFO,5.000000,14001,False
139627,POLICYBZR29SEP261800CE,POLICYBZR,29SEP2026,180000.000000,350,OPTSTK,NFO,5.000000,14001,False
139633,POLICYBZR29SEP261920CE,POLICYBZR,29SEP2026,192000.000000,350,OPTSTK,NFO,5.000000,14001,False
140283,POLYCAB29SEP267400PE,POLYCAB,29SEP2026,740000.000000,125,OPTSTK,NFO,5.000000,2501,False
140291,POLYCAB29SEP268200PE,POLYCAB,29SEP2026,820000.000000,125,OPTSTK,NFO,5.000000,2501,False
140320,POLYCAB29SEP268600CE,POLYCAB,29SEP2026,860000.000000,125,OPTSTK,NFO,5.000000,2501,False
140322,POLYCAB29SEP268800CE,POLYCAB,29SEP2026,880000.000000,125,OPTSTK,NFO,5.000000,2501,False
140377,POLYCAB29SEP2610400CE,POLYCAB,29SEP2026,1040000.000000,125,OPTSTK,NFO,5.000000,2501,False
140794,POWERGRID29SEP26225PE,POWERGRID,29SEP2026,22500.000000,1900,OPTSTK,NFO,5.000000,76001,False
140827,POWERGRID29SEP26270CE,POWERGRID,29SEP2026,27000.000000,1900,OPTSTK,NFO,5.000000,76001,False
140895,POWERGRID29SEP26305PE,POWERGRID,29SEP2026,30500.000000,1900,OPTSTK,NFO,5.000000,76001,False
141404,POWERINDIA29SEP2626000CE,POWERINDIA,29SEP2026,2600000.000000,25,OPTSTK,NFO,5.000000,751,False
141697,POWERINDIA29SEP2631000PE,POWERINDIA,29SEP2026,3100000.000000,25,OPTSTK,NFO,5.000000,751,False
141701,POWERINDIA29SEP2633000PE,POWERINDIA,29SEP2026,3300000.000000,25,OPTSTK,NFO,5.000000,751,False
141704,POWERINDIA29SEP2635000CE,POWERINDIA,29SEP2026,3500000.000000,25,OPTSTK,NFO,5.000000,751,False
141983,PREMIERENE29SEP261160PE,PREMIERENE,29SEP2026,116000.000000,650,OPTSTK,NFO,5.000000,26001,False
142252,PRESTIGE29SEP261920CE,PRESTIGE,29SEP2026,192000.000000,450,OPTSTK,NFO,5.000000,13501,False
142573,RADICO29SEP264100PE,RADICO,29SEP2026,410000.000000,150,OPTSTK,NFO,5.000000,6001,False
142588,RADICO29SEP264800CE,RADICO,29SEP2026,480000.000000,150,OPTSTK,NFO,5.000000,6001,False
142647,RADICO29SEP264900PE,RADICO,29SEP2026,490000.000000,150,OPTSTK,NFO,5.000000,6001,False
143340,RBLBANK29SEP26330PE,RBLBANK,29SEP2026,33000.000000,3175,OPTSTK,NFO,5.000000,63501,False
143415,RBLBANK29SEP26430CE,RBLBANK,29SEP2026,43000.000000,3175,OPTSTK,NFO,5.000000,63501,False
143434,RBLBANK29SEP26470PE,RBLBANK,29SEP2026,47000.000000,3175,OPTSTK,NFO,5.000000,63501,False
143678,RECLTD29SEP26300PE,RECLTD,29SEP2026,30000.000000,1575,OPTSTK,NFO,5.000000,63001,False
143679,RECLTD29SEP26310CE,RECLTD,29SEP2026,31000.000000,1575,OPTSTK,NFO,5.000000,63001,False
143688,RECLTD29SEP26340PE,RECLTD,29SEP2026,34000.000000,1575,OPTSTK,NFO,5.000000,63001,False
143709,RECLTD29SEP26390CE,RECLTD,29SEP2026,39000.000000,1575,OPTSTK,NFO,5.000000,63001,False
143796,RECLTD29SEP26420CE,RECLTD,29SEP2026,42000.000000,1575,OPTSTK,NFO,5.000000,63001,False
144375,RELIANCE29SEP261080PE,RELIANCE,29SEP2026,108000.000000,500,OPTSTK,NFO,5.000000,20001,False
144381,RELIANCE29SEP261140PE,RELIANCE,29SEP2026,114000.000000,500,OPTSTK,NFO,5.000000,20001,False
144395,RELIANCE29SEP261280PE,RELIANCE,29SEP2026,128000.000000,500,OPTSTK,NFO,5.000000,20001,False
144815,RVNL29SEP26160CE,RVNL,29SEP2026,16000.000000,1925,OPTSTK,NFO,1.000000,96251,False
145469,SAIL29SEP26160CE,SAIL,29SEP2026,16000.000000,4700,OPTSTK,NFO,1.000000,141001,False
145517,SAIL29SEP26205CE,SAIL,29SEP2026,20500.000000,4700,OPTSTK,NFO,1.000000,141001,False
145520,SAIL29SEP26210PE,SAIL,29SEP2026,21000.000000,4700,OPTSTK,NFO,1.000000,141001,False
145663,SBICARD29SEP26600CE,SBICARD,29SEP2026,60000.000000,800,OPTSTK,NFO,5.000000,40001,False
145714,SBICARD29SEP26680CE,SBICARD,29SEP2026,68000.000000,800,OPTSTK,NFO,5.000000,40001,False
146294,SBILIFE29SEP261600CE,SBILIFE,29SEP2026,160000.000000,375,OPTSTK,NFO,5.000000,15001,False
146310,SBILIFE29SEP261800CE,SBILIFE,29SEP2026,180000.000000,375,OPTSTK,NFO,5.000000,15001,False
146916,SBIN29SEP26840CE,SBIN,29SEP2026,84000.000000,750,OPTSTK,NFO,5.000000,22501,False
147157,SBIN29SEP261000CE,SBIN,29SEP2026,100000.000000,750,OPTSTK,NFO,5.000000,22501,False
147201,SBIN29SEP261200PE,SBIN,29SEP2026,120000.000000,750,OPTSTK,NFO,5.000000,22501,False
147506,SHREECEM29SEP2619000CE,SHREECEM,29SEP2026,1900000.000000,25,OPTSTK,NFO,5.000000,1001,False
147523,SHREECEM29SEP2620000CE,SHREECEM,29SEP2026,2000000.000000,25,OPTSTK,NFO,5.000000,1001,False
147524,SHREECEM29SEP2620000PE,SHREECEM,29SEP2026,2000000.000000,25,OPTSTK,NFO,5.000000,1001,False
147534,SHREECEM29SEP2622500PE,SHREECEM,29SEP2026,2250000.000000,25,OPTSTK,NFO,5.000000,1001,False
147538,SHREECEM29SEP2623500PE,SHREECEM,29SEP2026,2350000.000000,25,OPTSTK,NFO,5.000000,1001,False
147543,SHREECEM29SEP2625000CE,SHREECEM,29SEP2026,2500000.000000,25,OPTSTK,NFO,5.000000,1001,False
147582,SHREECEM29SEP2628500PE,SHREECEM,29SEP2026,2850000.000000,25,OPTSTK,NFO,5.000000,1001,False
148147,SHRIRAMFIN29SEP261040PE,SHRIRAMFIN,29SEP2026,104000.000000,825,OPTSTK,NFO,5.000000,24751,False
148152,SHRIRAMFIN29SEP261160CE,SHRIRAMFIN,29SEP2026,116000.000000,825,OPTSTK,NFO,5.000000,24751,False
148153,SHRIRAMFIN29SEP261160PE,SHRIRAMFIN,29SEP2026,116000.000000,825,OPTSTK,NFO,5.000000,24751,False
148285,SIEMENS29SEP263200PE,SIEMENS,29SEP2026,320000.000000,175,OPTSTK,NFO,5.000000,7001,False
148349,SIEMENS29SEP263600CE,SIEMENS,29SEP2026,360000.000000,175,OPTSTK,NFO,5.000000,7001,False
148571,SIEMENS29SEP264500PE,SIEMENS,29SEP2026,450000.000000,175,OPTSTK,NFO,5.000000,7001,False
148574,SIEMENS29SEP264700CE,SIEMENS,29SEP2026,470000.000000,175,OPTSTK,NFO,5.000000,7001,False
148856,SOLARINDS29SEP2615500PE,SOLARINDS,29SEP2026,1550000.000000,50,OPTSTK,NFO,5.000000,1501,False
148927,SOLARINDS29SEP2619500PE,SOLARINDS,29SEP2026,1950000.000000,50,OPTSTK,NFO,5.000000,1501,False
149089,SOLARINDS29SEP2621500PE,SOLARINDS,29SEP2026,2150000.000000,50,OPTSTK,NFO,5.000000,1501,False
149091,SOLARINDS29SEP2622000PE,SOLARINDS,29SEP2026,2200000.000000,50,OPTSTK,NFO,5.000000,1501,False
149286,SONACOMS29SEP26840CE,SONACOMS,29SEP2026,84000.000000,1225,OPTSTK,NFO,5.000000,36751,False
149287,SONACOMS29SEP26840PE,SONACOMS,29SEP2026,84000.000000,1225,OPTSTK,NFO,5.000000,36751,False
149940,SRF29SEP262700PE,SRF,29SEP2026,270000.000000,200,OPTSTK,NFO,5.000000,8001,False
150509,SUNPHARMA29SEP261720CE,SUNPHARMA,29SEP2026,172000.000000,350,OPTSTK,NFO,5.000000,14001,False
150511,SUNPHARMA29SEP261760CE,SUNPHARMA,29SEP2026,176000.000000,350,OPTSTK,NFO,5.000000,14001,False
150516,SUNPHARMA29SEP261840PE,SUNPHARMA,29SEP2026,184000.000000,350,OPTSTK,NFO,5.000000,14001,False
150523,SUNPHARMA29SEP261920PE,SUNPHARMA,29SEP2026,192000.000000,350,OPTSTK,NFO,5.000000,14001,False
150537,SUNPHARMA29SEP261960CE,SUNPHARMA,29SEP2026,196000.000000,350,OPTSTK,NFO,5.000000,14001,False
150593,SUNPHARMA29SEP262000CE,SUNPHARMA,29SEP2026,200000.000000,350,OPTSTK,NFO,5.000000,14001,False
150729,SUNPHARMA29SEP262240CE,SUNPHARMA,29SEP2026,224000.000000,350,OPTSTK,NFO,5.000000,14001,False
151014,SUPREMEIND29SEP263200CE,SUPREMEIND,29SEP2026,320000.000000,175,OPTSTK,NFO,5.000000,7001,False
151019,SUPREMEIND29SEP263400PE,SUPREMEIND,29SEP2026,340000.000000,175,OPTSTK,NFO,5.000000,7001,False
151020,SUPREMEIND29SEP263500CE,SUPREMEIND,29SEP2026,350000.000000,175,OPTSTK,NFO,5.000000,7001,False
151023,SUPREMEIND29SEP263600PE,SUPREMEIND,29SEP2026,360000.000000,175,OPTSTK,NFO,5.000000,7001,False
151029,SUPREMEIND29SEP263900PE,SUPREMEIND,29SEP2026,390000.000000,175,OPTSTK,NFO,5.000000,7001,False
151244,SUZLON29SEP2648CE,SUZLON,29SEP2026,4800.000000,12700,OPTSTK,NFO,1.000000,381001,False
151249,SUZLON29SEP2652PE,SUZLON,29SEP2026,5200.000000,12700,OPTSTK,NFO,1.000000,381001,False
151250,SUZLON29SEP2654CE,SUZLON,29SEP2026,5400.000000,12700,OPTSTK,NFO,1.000000,381001,False
151255,SUZLON29SEP2658PE,SUZLON,29SEP2026,5800.000000,12700,OPTSTK,NFO,1.000000,381001,False
151511,SWIGGY29SEP26270PE,SWIGGY,29SEP2026,27000.000000,1825,OPTSTK,NFO,5.000000,73001,False
151939,TATACONSUM29SEP26840PE,TATACONSUM,29SEP2026,84000.000000,550,OPTSTK,NFO,5.000000,22001,False
151944,TATACONSUM29SEP26900CE,TATACONSUM,29SEP2026,90000.000000,550,OPTSTK,NFO,5.000000,22001,False
151952,TATACONSUM29SEP26980CE,TATACONSUM,29SEP2026,98000.000000,550,OPTSTK,NFO,5.000000,22001,False
151953,TATACONSUM29SEP26980PE,TATACONSUM,29SEP2026,98000.000000,550,OPTSTK,NFO,5.000000,22001,False
151957,TATACONSUM29SEP261020PE,TATACONSUM,29SEP2026,102000.000000,550,OPTSTK,NFO,5.000000,22001,False
151990,TATACONSUM29SEP261080CE,TATACONSUM,29SEP2026,108000.000000,550,OPTSTK,NFO,5.000000,22001,False
152013,TATACONSUM29SEP261120CE,TATACONSUM,29SEP2026,112000.000000,550,OPTSTK,NFO,5.000000,22001,False
152014,TATACONSUM29SEP261120PE,TATACONSUM,29SEP2026,112000.000000,550,OPTSTK,NFO,5.000000,22001,False
152577,TATAELXSI29SEP263000PE,TATAELXSI,29SEP2026,300000.000000,125,OPTSTK,NFO,5.000000,6251,False
152627,TATAELXSI29SEP263400CE,TATAELXSI,29SEP2026,340000.000000,125,OPTSTK,NFO,5.000000,6251,False
152628,TATAELXSI29SEP263400PE,TATAELXSI,29SEP2026,340000.000000,125,OPTSTK,NFO,5.000000,6251,False
153256,TATAPOWER29SEP26390CE,TATAPOWER,29SEP2026,39000.000000,1450,OPTSTK,NFO,5.000000,58001,False
153257,TATAPOWER29SEP26390PE,TATAPOWER,29SEP2026,39000.000000,1450,OPTSTK,NFO,5.000000,58001,False
153276,TATAPOWER29SEP26410CE,TATAPOWER,29SEP2026,41000.000000,1450,OPTSTK,NFO,5.000000,58001,False
153803,TATASTEEL29SEP26180PE,TATASTEEL,29SEP2026,18000.000000,2750,OPTSTK,NFO,1.000000,137501,False
153810,TATASTEEL29SEP26200CE,TATASTEEL,29SEP2026,20000.000000,2750,OPTSTK,NFO,1.000000,137501,False
153956,TCS29SEP262120CE,TCS,29SEP2026,212000.000000,225,OPTSTK,NFO,5.000000,9001,False
153963,TCS29SEP262240PE,TCS,29SEP2026,224000.000000,225,OPTSTK,NFO,5.000000,9001,False
153969,TCS29SEP262360PE,TCS,29SEP2026,236000.000000,225,OPTSTK,NFO,5.000000,9001,False
153973,TCS29SEP262440PE,TCS,29SEP2026,244000.000000,225,OPTSTK,NFO,5.000000,9001,False
153979,TCS29SEP262560PE,TCS,29SEP2026,256000.000000,225,OPTSTK,NFO,5.000000,9001,False
153987,TCS29SEP262800PE,TCS,29SEP2026,280000.000000,225,OPTSTK,NFO,5.000000,9001,False
154260,TIINDIA29SEP262400CE,TIINDIA,29SEP2026,240000.000000,200,OPTSTK,NFO,5.000000,8001,False
154397,TITAN29SEP264400CE,TITAN,29SEP2026,440000.000000,175,OPTSTK,NFO,5.000000,5251,False
154398,TITAN29SEP264400PE,TITAN,29SEP2026,440000.000000,175,OPTSTK,NFO,5.000000,5251,False
154403,TITAN29SEP264700CE,TITAN,29SEP2026,470000.000000,175,OPTSTK,NFO,5.000000,5251,False
154408,TITAN29SEP264900PE,TITAN,29SEP2026,490000.000000,175,OPTSTK,NFO,5.000000,5251,False
154423,TITAN29SEP265600CE,TITAN,29SEP2026,560000.000000,175,OPTSTK,NFO,5.000000,5251,False
154594,TMPV29SEP26280CE,TMPV,29SEP2026,28000.000000,1600,OPTSTK,NFO,5.000000,64001,False
154610,TMPV29SEP26360CE,TMPV,29SEP2026,36000.000000,1600,OPTSTK,NFO,5.000000,64001,False
154617,TMPV29SEP26390PE,TMPV,29SEP2026,39000.000000,1600,OPTSTK,NFO,5.000000,64001,False
154619,TMPV29SEP26400PE,TMPV,29SEP2026,40000.000000,1600,OPTSTK,NFO,5.000000,64001,False
154753,TORNTPHARM29SEP264700PE,TORNTPHARM,29SEP2026,470000.000000,125,OPTSTK,NFO,5.000000,5001,False
154791,TORNTPHARM29SEP265300PE,TORNTPHARM,29SEP2026,530000.000000,125,OPTSTK,NFO,5.000000,5001,False
154793,TORNTPHARM29SEP265400PE,TORNTPHARM,29SEP2026,540000.000000,125,OPTSTK,NFO,5.000000,5001,False
154795,TORNTPHARM29SEP265500PE,TORNTPHARM,29SEP2026,550000.000000,125,OPTSTK,NFO,5.000000,5001,False
154798,TORNTPHARM29SEP265700CE,TORNTPHARM,29SEP2026,570000.000000,125,OPTSTK,NFO,5.000000,5001,False
154972,TRENT29SEP263500CE,TRENT,29SEP2026,350000.000000,225,OPTSTK,NFO,5.000000,9001,False
155208,TVSMOTOR29SEP263700CE,TVSMOTOR,29SEP2026,370000.000000,175,OPTSTK,NFO,5.000000,5251,False
155211,TVSMOTOR29SEP263800PE,TVSMOTOR,29SEP2026,380000.000000,175,OPTSTK,NFO,5.000000,5251,False
155215,TVSMOTOR29SEP264000PE,TVSMOTOR,29SEP2026,400000.000000,175,OPTSTK,NFO,5.000000,5251,False
155217,TVSMOTOR29SEP264100PE,TVSMOTOR,29SEP2026,410000.000000,175,OPTSTK,NFO,5.000000,5251,False
155218,TVSMOTOR29SEP264200CE,TVSMOTOR,29SEP2026,420000.000000,175,OPTSTK,NFO,5.000000,5251,False
155223,TVSMOTOR29SEP264400PE,TVSMOTOR,29SEP2026,440000.000000,175,OPTSTK,NFO,5.000000,5251,False
155588,UNIONBANK29SEP26155CE,UNIONBANK,29SEP2026,15500.000000,4425,OPTSTK,NFO,1.000000,132751,False
155589,UNIONBANK29SEP26155PE,UNIONBANK,29SEP2026,15500.000000,4425,OPTSTK,NFO,1.000000,132751,False
155590,UNIONBANK29SEP26160CE,UNIONBANK,29SEP2026,16000.000000,4425,OPTSTK,NFO,1.000000,132751,False
155593,UNIONBANK29SEP26165PE,UNIONBANK,29SEP2026,16500.000000,4425,OPTSTK,NFO,1.000000,132751,False
155594,UNIONBANK29SEP26170CE,UNIONBANK,29SEP2026,17000.000000,4425,OPTSTK,NFO,1.000000,132751,False
155596,UNIONBANK29SEP26175CE,UNIONBANK,29SEP2026,17500.000000,4425,OPTSTK,NFO,1.000000,132751,False
155598,UNIONBANK29SEP26180CE,UNIONBANK,29SEP2026,18000.000000,4425,OPTSTK,NFO,1.000000,132751,False
155610,UNIONBANK29SEP26210CE,UNIONBANK,29SEP2026,21000.000000,4425,OPTSTK,NFO,1.000000,132751,False
155611,UNIONBANK29SEP26210PE,UNIONBANK,29SEP2026,21000.000000,4425,OPTSTK,NFO,1.000000,132751,False
155663,UNITDSPR29SEP261720PE,UNITDSPR,29SEP2026,172000.000000,400,OPTSTK,NFO,5.000000,16001,False
155745,UNOMINDA29SEP261000PE,UNOMINDA,29SEP2026,100000.000000,550,OPTSTK,NFO,5.000000,22001,False
155753,UNOMINDA29SEP261160PE,UNOMINDA,29SEP2026,116000.000000,550,OPTSTK,NFO,5.000000,22001,False
155755,UNOMINDA29SEP261200PE,UNOMINDA,29SEP2026,120000.000000,550,OPTSTK,NFO,5.000000,22001,False
155806,UPL29SEP26580CE,UPL,29SEP2026,58000.000000,1355,OPTSTK,NFO,5.000000,40651,False
155810,UPL29SEP26620CE,UPL,29SEP2026,62000.000000,1355,OPTSTK,NFO,5.000000,40651,False
155861,VBL29SEP26440PE,VBL,29SEP2026,44000.000000,1275,OPTSTK,NFO,5.000000,51001,False
155869,VBL29SEP26520PE,VBL,29SEP2026,52000.000000,1275,OPTSTK,NFO,5.000000,51001,False
156057,VEDL29SEP26250PE,VEDL,29SEP2026,25000.000000,1150,OPTSTK,NFO,5.000000,80501,False
156058,VEDL29SEP26260CE,VEDL,29SEP2026,26000.000000,1150,OPTSTK,NFO,5.000000,80501,False
156254,VMM29SEP2690CE,VMM,29SEP2026,9000.000000,4850,OPTSTK,NFO,1.000000,194001,False
156256,VMM29SEP2695CE,VMM,29SEP2026,9500.000000,4850,OPTSTK,NFO,1.000000,194001,False
156260,VMM29SEP26105CE,VMM,29SEP2026,10500.000000,4850,OPTSTK,NFO,1.000000,194001,False
156266,VMM29SEP26120CE,VMM,29SEP2026,12000.000000,4850,OPTSTK,NFO,1.000000,194001,False
156352,VOLTAS29SEP26960CE,VOLTAS,29SEP2026,96000.000000,375,OPTSTK,NFO,5.000000,18751,False
156368,VOLTAS29SEP261240CE,VOLTAS,29SEP2026,124000.000000,375,OPTSTK,NFO,5.000000,18751,False
156370,VOLTAS29SEP261280CE,VOLTAS,29SEP2026,128000.000000,375,OPTSTK,NFO,5.000000,18751,False
156376,VOLTAS29SEP261400CE,VOLTAS,29SEP2026,140000.000000,375,OPTSTK,NFO,5.000000,18751,False
156589,WIPRO29SEP26175PE,WIPRO,29SEP2026,17500.000000,3000,OPTSTK,NFO,1.000000,120001,False
156598,WIPRO29SEP26200CE,WIPRO,29SEP2026,20000.000000,3000,OPTSTK,NFO,1.000000,120001,False
156604,WIPRO29SEP26215CE,WIPRO,29SEP2026,21500.000000,3000,OPTSTK,NFO,1.000000,120001,False
156658,YESBANK29SEP2622CE,YESBANK,29SEP2026,2200.000000,31100,OPTSTK,NFO,1.000000,933001,False
156821,ZYDUSLIFE29SEP261020PE,ZYDUSLIFE,29SEP2026,102000.000000,900,OPTSTK,NFO,5.000000,27001,False
156830,ZYDUSLIFE29SEP261120CE,ZYDUSLIFE,29SEP2026,112000.000000,900,OPTSTK,NFO,5.000000,27001,False
156838,ZYDUSLIFE29SEP261200CE,ZYDUSLIFE,29SEP2026,120000.000000,900,OPTSTK,NFO,5.000000,27001,False
156840,ZYDUSLIFE29SEP261220CE,ZYDUSLIFE,29SEP2026,122000.000000,900,OPTSTK,NFO,5.000000,27001,False
35244,ATHERENERG27OCT261900CE,ATHERENERG,27OCT2026,190000.000000,375,OPTSTK,NFO,5.000000,15001,False
35347,NIFTY28DEC2730000PE,NIFTY,28DEC2027,3000000.000000,65,OPTIDX,NFO,5.000000,1801,False
35487,COFORGE27OCT262200PE,COFORGE,27OCT2026,220000.000000,475,OPTSTK,NFO,5.000000,14251,False
156851,ZYDUSLIFE29SEP261320PE,ZYDUSLIFE,29SEP2026,132000.000000,900,OPTSTK,NFO,5.000000,27001,False
35956,NIFTYFPI27OCT26FUT,NIFTYFPI,27OCT2026,-1.000000,1100,FUTIDX,NFO,5.000000,8501,False
36498,PAYTM27OCT261840CE,PAYTM,27OCT2026,184000.000000,725,OPTSTK,NFO,5.000000,14501,False
36702,071NSETEST27NOV36FUT,071NSETEST,27NOV2036,-1.000000,50,FUTSTK,NFO,5.000000,100001,False
36716,111NSETEST27NOV36FUT,111NSETEST,27NOV2036,-1.000000,50,FUTSTK,NFO,5.000000,100001,False
37001,LODHA27OCT26940CE,LODHA,27OCT2026,94000.000000,625,OPTSTK,NFO,5.000000,18751,False
37378,JUBLFOOD29SEP26550CE,JUBLFOOD,29SEP2026,55000.000000,1250,OPTSTK,NFO,5.000000,50001,False
37884,TCS29SEP262680PE,TCS,29SEP2026,268000.000000,225,OPTSTK,NFO,5.000000,9001,False
38022,ULTRACEMCO29SEP269400CE,ULTRACEMCO,29SEP2026,940000.000000,50,OPTSTK,NFO,5.000000,2001,False
38034,ULTRACEMCO29SEP269800PE,ULTRACEMCO,29SEP2026,980000.000000,50,OPTSTK,NFO,5.000000,2001,False
38042,ULTRACEMCO29SEP2610200CE,ULTRACEMCO,29SEP2026,1020000.000000,50,OPTSTK,NFO,5.000000,2001,False
38047,ULTRACEMCO29SEP2610300CE,ULTRACEMCO,29SEP2026,1030000.000000,50,OPTSTK,NFO,5.000000,2001,False
38049,ULTRACEMCO29SEP2610300PE,ULTRACEMCO,29SEP2026,1030000.000000,50,OPTSTK,NFO,5.000000,2001,False
38052,ULTRACEMCO29SEP2610400PE,ULTRACEMCO,29SEP2026,1040000.000000,50,OPTSTK,NFO,5.000000,2001,False
38069,ULTRACEMCO29SEP2610600CE,ULTRACEMCO,29SEP2026,1060000.000000,50,OPTSTK,NFO,5.000000,2001,False
38100,ULTRACEMCO29SEP2611400PE,ULTRACEMCO,29SEP2026,1140000.000000,50,OPTSTK,NFO,5.000000,2001,False
38104,ULTRACEMCO29SEP2611500PE,ULTRACEMCO,29SEP2026,1150000.000000,50,OPTSTK,NFO,5.000000,2001,False
38107,ULTRACEMCO29SEP2611700CE,ULTRACEMCO,29SEP2026,1170000.000000,50,OPTSTK,NFO,5.000000,2001,False
38118,ULTRACEMCO29SEP2611800PE,ULTRACEMCO,29SEP2026,1180000.000000,50,OPTSTK,NFO,5.000000,2001,False
38126,ULTRACEMCO29SEP2612100PE,ULTRACEMCO,29SEP2026,1210000.000000,50,OPTSTK,NFO,5.000000,2001,False
38137,ULTRACEMCO29SEP2612500CE,ULTRACEMCO,29SEP2026,1250000.000000,50,OPTSTK,NFO,5.000000,2001,False
38147,ULTRACEMCO29SEP2612800PE,ULTRACEMCO,29SEP2026,1280000.000000,50,OPTSTK,NFO,5.000000,2001,False
38155,ULTRACEMCO29SEP2613200PE,ULTRACEMCO,29SEP2026,1320000.000000,50,OPTSTK,NFO,5.000000,2001,False
38296,ULTRACEMCO27OCT269200PE,ULTRACEMCO,27OCT2026,920000.000000,50,OPTSTK,NFO,5.000000,2001,False
38308,ULTRACEMCO27OCT2610200CE,ULTRACEMCO,27OCT2026,1020000.000000,50,OPTSTK,NFO,5.000000,2001,False
38312,ULTRACEMCO27OCT2610600CE,ULTRACEMCO,27OCT2026,1060000.000000,50,OPTSTK,NFO,5.000000,2001,False
38313,ULTRACEMCO27OCT2610600PE,ULTRACEMCO,27OCT2026,1060000.000000,50,OPTSTK,NFO,5.000000,2001,False
38328,ULTRACEMCO27OCT2612000PE,ULTRACEMCO,27OCT2026,1200000.000000,50,OPTSTK,NFO,5.000000,2001,False
38349,ULTRACEMCO27OCT2613000PE,ULTRACEMCO,27OCT2026,1300000.000000,50,OPTSTK,NFO,5.000000,2001,False
38357,ULTRACEMCO27OCT2613200CE,ULTRACEMCO,27OCT2026,1320000.000000,50,OPTSTK,NFO,5.000000,2001,False
38660,HCLTECH29SEP261460PE,HCLTECH,29SEP2026,146000.000000,400,OPTSTK,NFO,5.000000,20001,False
39595,TECHM29SEP261800PE,TECHM,29SEP2026,180000.000000,600,OPTSTK,NFO,5.000000,18001,False
39596,TECHM29SEP261840CE,TECHM,29SEP2026,184000.000000,600,OPTSTK,NFO,5.000000,18001,False
39664,PAYTM29SEP261840CE,PAYTM,29SEP2026,184000.000000,725,OPTSTK,NFO,5.000000,14501,False
40278,KAYNES29SEP264300PE,KAYNES,29SEP2026,430000.000000,150,OPTSTK,NFO,5.000000,6001,False
40449,OIL29SEP26550PE,OIL,29SEP2026,55000.000000,1400,OPTSTK,NFO,5.000000,56001,False
40654,NIFTY06OCT2621700CE,NIFTY,06OCT2026,2170000.000000,65,OPTIDX,NFO,5.000000,1801,False
40665,NIFTY06OCT2621950CE,NIFTY,06OCT2026,2195000.000000,65,OPTIDX,NFO,5.000000,1801,False
40673,NIFTY06OCT2622150CE,NIFTY,06OCT2026,2215000.000000,65,OPTIDX,NFO,5.000000,1801,False
40756,NIFTY06OCT2623400PE,NIFTY,06OCT2026,2340000.000000,65,OPTIDX,NFO,5.000000,1801,False
40764,NIFTY06OCT2623550PE,NIFTY,06OCT2026,2355000.000000,65,OPTIDX,NFO,5.000000,1801,False
40782,NIFTY06OCT2623800PE,NIFTY,06OCT2026,2380000.000000,65,OPTIDX,NFO,5.000000,1801,False
40793,NIFTY06OCT2624000CE,NIFTY,06OCT2026,2400000.000000,65,OPTIDX,NFO,5.000000,1801,False
40830,DIVISLAB29SEP2610300PE,DIVISLAB,29SEP2026,1030000.000000,100,OPTSTK,NFO,5.000000,3001,False
40831,NIFTY06OCT2624600CE,NIFTY,06OCT2026,2460000.000000,65,OPTIDX,NFO,5.000000,1801,False
40858,NIFTY06OCT2624850CE,NIFTY,06OCT2026,2485000.000000,65,OPTIDX,NFO,5.000000,1801,False
40860,NIFTY06OCT2624850PE,NIFTY,06OCT2026,2485000.000000,65,OPTIDX,NFO,5.000000,1801,False
40873,NIFTY06OCT2625200CE,NIFTY,06OCT2026,2520000.000000,65,OPTIDX,NFO,5.000000,1801,False
40886,NIFTY06OCT2625500PE,NIFTY,06OCT2026,2550000.000000,65,OPTIDX,NFO,5.000000,1801,False
40889,NIFTY06OCT2625550PE,NIFTY,06OCT2026,2555000.000000,65,OPTIDX,NFO,5.000000,1801,False
41628,JUBLFOOD29SEP26570PE,JUBLFOOD,29SEP2026,57000.000000,1250,OPTSTK,NFO,5.000000,50001,False
41882,PAYTM29SEP261760PE,PAYTM,29SEP2026,176000.000000,725,OPTSTK,NFO,5.000000,14501,False
41972,PAYTM29SEP261740CE,PAYTM,29SEP2026,174000.000000,725,OPTSTK,NFO,5.000000,14501,False
43131,MPHASIS29SEP262000PE,MPHASIS,29SEP2026,200000.000000,275,OPTSTK,NFO,5.000000,11001,False
43142,MPHASIS29SEP262600CE,MPHASIS,29SEP2026,260000.000000,275,OPTSTK,NFO,5.000000,11001,False
43320,COFORGE29SEP262260PE,COFORGE,29SEP2026,226000.000000,475,OPTSTK,NFO,5.000000,14251,False
43678,KALYANKJIL29SEP26550PE,KALYANKJIL,29SEP2026,55000.000000,1350,OPTSTK,NFO,5.000000,40501,False
43680,KALYANKJIL29SEP26580PE,KALYANKJIL,29SEP2026,58000.000000,1350,OPTSTK,NFO,5.000000,40501,False
43910,PAYTM29SEP261920PE,PAYTM,29SEP2026,192000.000000,725,OPTSTK,NFO,5.000000,14501,False
44284,KALYANKJIL29SEP26570PE,KALYANKJIL,29SEP2026,57000.000000,1350,OPTSTK,NFO,5.000000,40501,False
44285,KALYANKJIL29SEP26590CE,KALYANKJIL,29SEP2026,59000.000000,1350,OPTSTK,NFO,5.000000,40501,False
44567,NIFTY13OCT2621850PE,NIFTY,13OCT2026,2185000.000000,65,OPTIDX,NFO,5.000000,1801,False
44573,HCLTECH29SEP261540CE,HCLTECH,29SEP2026,154000.000000,400,OPTSTK,NFO,5.000000,20001,False
44574,HCLTECH29SEP261540PE,HCLTECH,29SEP2026,154000.000000,400,OPTSTK,NFO,5.000000,20001,False
44612,NIFTY13OCT2622500CE,NIFTY,13OCT2026,2250000.000000,65,OPTIDX,NFO,5.000000,1801,False
44620,NIFTY13OCT2622700CE,NIFTY,13OCT2026,2270000.000000,65,OPTIDX,NFO,5.000000,1801,False
44623,NIFTY13OCT2622750PE,NIFTY,13OCT2026,2275000.000000,65,OPTIDX,NFO,5.000000,1801,False
44631,NIFTY13OCT2622950PE,NIFTY,13OCT2026,2295000.000000,65,OPTIDX,NFO,5.000000,1801,False
44635,KALYANKJIL29SEP26610PE,KALYANKJIL,29SEP2026,61000.000000,1350,OPTSTK,NFO,5.000000,40501,False
44641,KALYANKJIL29SEP26680CE,KALYANKJIL,29SEP2026,68000.000000,1350,OPTSTK,NFO,5.000000,40501,False
44656,NIFTY13OCT2623300CE,NIFTY,13OCT2026,2330000.000000,65,OPTIDX,NFO,5.000000,1801,False
44709,NIFTY13OCT2623900PE,NIFTY,13OCT2026,2390000.000000,65,OPTIDX,NFO,5.000000,1801,False
44712,NIFTY13OCT2624000CE,NIFTY,13OCT2026,2400000.000000,65,OPTIDX,NFO,5.000000,1801,False
44716,NIFTY13OCT2624050CE,NIFTY,13OCT2026,2405000.000000,65,OPTIDX,NFO,5.000000,1801,False
44727,NIFTY13OCT2624150PE,NIFTY,13OCT2026,2415000.000000,65,OPTIDX,NFO,5.000000,1801,False
44731,NIFTY13OCT2624250PE,NIFTY,13OCT2026,2425000.000000,65,OPTIDX,NFO,5.000000,1801,False
44750,NIFTY13OCT2624500CE,NIFTY,13OCT2026,2450000.000000,65,OPTIDX,NFO,5.000000,1801,False
44758,NIFTY13OCT2624600CE,NIFTY,13OCT2026,2460000.000000,65,OPTIDX,NFO,5.000000,1801,False
44767,NIFTY13OCT2624800PE,NIFTY,13OCT2026,2480000.000000,65,OPTIDX,NFO,5.000000,1801,False
44776,NIFTY13OCT2624950CE,NIFTY,13OCT2026,2495000.000000,65,OPTIDX,NFO,5.000000,1801,False
44780,NIFTY13OCT2625050CE,NIFTY,13OCT2026,2505000.000000,65,OPTIDX,NFO,5.000000,1801,False
44786,NIFTY13OCT2625200CE,NIFTY,13OCT2026,2520000.000000,65,OPTIDX,NFO,5.000000,1801,False
45456,DABUR29SEP26310PE,DABUR,29SEP2026,31000.000000,1250,OPTSTK,NFO,5.000000,50001,False
45671,COFORGE29SEP262220CE,COFORGE,29SEP2026,222000.000000,475,OPTSTK,NFO,5.000000,14251,False
45672,COFORGE29SEP262220PE,COFORGE,29SEP2026,222000.000000,475,OPTSTK,NFO,5.000000,14251,False
45675,COFORGE27OCT262280CE,COFORGE,27OCT2026,228000.000000,475,OPTSTK,NFO,5.000000,14251,False
45676,COFORGE27OCT262280PE,COFORGE,27OCT2026,228000.000000,475,OPTSTK,NFO,5.000000,14251,False
45708,KALYANKJIL29SEP26720CE,KALYANKJIL,29SEP2026,72000.000000,1350,OPTSTK,NFO,5.000000,40501,False
46061,INDUSTOWER29SEP26390CE,INDUSTOWER,29SEP2026,39000.000000,1700,OPTSTK,NFO,5.000000,68001,False
46191,INDUSTOWER27OCT26320PE,INDUSTOWER,27OCT2026,32000.000000,1700,OPTSTK,NFO,5.000000,68001,False
46197,INDUSTOWER27OCT26340PE,INDUSTOWER,27OCT2026,34000.000000,1700,OPTSTK,NFO,5.000000,68001,False
46198,INDUSTOWER27OCT26350CE,INDUSTOWER,27OCT2026,35000.000000,1700,OPTSTK,NFO,5.000000,68001,False
46201,INDUSTOWER27OCT26360CE,INDUSTOWER,27OCT2026,36000.000000,1700,OPTSTK,NFO,5.000000,68001,False
46204,INDUSTOWER27OCT26370PE,INDUSTOWER,27OCT2026,37000.000000,1700,OPTSTK,NFO,5.000000,68001,False
46311,KALYANKJIL29SEP26690PE,KALYANKJIL,29SEP2026,69000.000000,1350,OPTSTK,NFO,5.000000,40501,False
46457,PAYTM29SEP261820PE,PAYTM,29SEP2026,182000.000000,725,OPTSTK,NFO,5.000000,14501,False
46483,PAYTM27OCT261960PE,PAYTM,27OCT2026,196000.000000,725,OPTSTK,NFO,5.000000,14501,False
46484,PAYTM27OCT262000CE,PAYTM,27OCT2026,200000.000000,725,OPTSTK,NFO,5.000000,14501,False
47134,NIFTY15SEP2621700CE,NIFTY,15SEP2026,2170000.000000,65,OPTIDX,NFO,5.000000,1801,False
47150,NIFTY15SEP2621850CE,NIFTY,15SEP2026,2185000.000000,65,OPTIDX,NFO,5.000000,1801,False
47151,NIFTY15SEP2621850PE,NIFTY,15SEP2026,2185000.000000,65,OPTIDX,NFO,5.000000,1801,False
47191,NIFTY29DEC2633000PE,NIFTY,29DEC2026,3300000.000000,65,OPTIDX,NFO,5.000000,1801,False
47194,NIFTY28DEC2733000CE,NIFTY,28DEC2027,3300000.000000,65,OPTIDX,NFO,5.000000,1801,False
47227,NIFTY15SEP2622150PE,NIFTY,15SEP2026,2215000.000000,65,OPTIDX,NFO,5.000000,1801,False
47252,NIFTY15SEP2622350PE,NIFTY,15SEP2026,2235000.000000,65,OPTIDX,NFO,5.000000,1801,False
47256,NIFTY15SEP2622450PE,NIFTY,15SEP2026,2245000.000000,65,OPTIDX,NFO,5.000000,1801,False
47282,NIFTY15SEP2623100PE,NIFTY,15SEP2026,2310000.000000,65,OPTIDX,NFO,5.000000,1801,False
47283,NIFTY15SEP2623150CE,NIFTY,15SEP2026,2315000.000000,65,OPTIDX,NFO,5.000000,1801,False
47287,NIFTY15SEP2623250CE,NIFTY,15SEP2026,2325000.000000,65,OPTIDX,NFO,5.000000,1801,False
47288,NIFTY15SEP2623250PE,NIFTY,15SEP2026,2325000.000000,65,OPTIDX,NFO,5.000000,1801,False
47296,NIFTY15SEP2623450PE,NIFTY,15SEP2026,2345000.000000,65,OPTIDX,NFO,5.000000,1801,False
47327,NIFTY15SEP2624200CE,NIFTY,15SEP2026,2420000.000000,65,OPTIDX,NFO,5.000000,1801,False
47332,NIFTY15SEP2624300PE,NIFTY,15SEP2026,2430000.000000,65,OPTIDX,NFO,5.000000,1801,False
47334,NIFTY15SEP2624350PE,NIFTY,15SEP2026,2435000.000000,65,OPTIDX,NFO,5.000000,1801,False
47346,NIFTY15SEP2624600PE,NIFTY,15SEP2026,2460000.000000,65,OPTIDX,NFO,5.000000,1801,False
47348,NIFTY15SEP2624650PE,NIFTY,15SEP2026,2465000.000000,65,OPTIDX,NFO,5.000000,1801,False
47350,NIFTY15SEP2624700PE,NIFTY,15SEP2026,2470000.000000,65,OPTIDX,NFO,5.000000,1801,False
47359,NIFTY15SEP2624900CE,NIFTY,15SEP2026,2490000.000000,65,OPTIDX,NFO,5.000000,1801,False
47364,NIFTY15SEP2625000PE,NIFTY,15SEP2026,2500000.000000,65,OPTIDX,NFO,5.000000,1801,False
47365,NIFTY15SEP2625050CE,NIFTY,15SEP2026,2505000.000000,65,OPTIDX,NFO,5.000000,1801,False
47380,NIFTY15SEP2625300PE,NIFTY,15SEP2026,2530000.000000,65,OPTIDX,NFO,5.000000,1801,False
47381,NIFTY15SEP2625350CE,NIFTY,15SEP2026,2535000.000000,65,OPTIDX,NFO,5.000000,1801,False
47407,NIFTY15SEP2625750CE,NIFTY,15SEP2026,2575000.000000,65,OPTIDX,NFO,5.000000,1801,False
47420,NIFTY15SEP2625850PE,NIFTY,15SEP2026,2585000.000000,65,OPTIDX,NFO,5.000000,1801,False
47441,NIFTY15SEP2626200CE,NIFTY,15SEP2026,2620000.000000,65,OPTIDX,NFO,5.000000,1801,False
48091,GMRAIRPORT29SEP2678PE,GMRAIRPORT,29SEP2026,7800.000000,6975,OPTSTK,NFO,1.000000,209251,False
48294,NIFTYFPI29SEP261340CE,NIFTYFPI,29SEP2026,134000.000000,1100,OPTIDX,NFO,5.000000,8501,False
48304,NIFTYFPI29SEP261360CE,NIFTYFPI,29SEP2026,136000.000000,1100,OPTIDX,NFO,5.000000,8501,False
48337,NIFTYFPI29SEP261425PE,NIFTYFPI,29SEP2026,142500.000000,1100,OPTIDX,NFO,5.000000,8501,False
48341,NIFTYFPI29SEP261435PE,NIFTYFPI,29SEP2026,143500.000000,1100,OPTIDX,NFO,5.000000,8501,False
48350,NIFTYFPI29SEP261455CE,NIFTYFPI,29SEP2026,145500.000000,1100,OPTIDX,NFO,5.000000,8501,False
48355,NIFTYFPI29SEP261460PE,NIFTYFPI,29SEP2026,146000.000000,1100,OPTIDX,NFO,5.000000,8501,False
48383,NIFTYFPI29SEP261500PE,NIFTYFPI,29SEP2026,150000.000000,1100,OPTIDX,NFO,5.000000,8501,False
48448,NIFTYFPI29SEP261595CE,NIFTYFPI,29SEP2026,159500.000000,1100,OPTIDX,NFO,5.000000,8501,False
48509,NIFTYFPI29SEP261680PE,NIFTYFPI,29SEP2026,168000.000000,1100,OPTIDX,NFO,5.000000,8501,False
48531,NIFTYFPI29SEP261720PE,NIFTYFPI,29SEP2026,172000.000000,1100,OPTIDX,NFO,5.000000,8501,False
48579,DIVISLAB29SEP2610000CE,DIVISLAB,29SEP2026,1000000.000000,100,OPTSTK,NFO,5.000000,3001,False
48580,DIVISLAB29SEP2610000PE,DIVISLAB,29SEP2026,1000000.000000,100,OPTSTK,NFO,5.000000,3001,False
48712,ADANIGREEN27OCT26FUT,ADANIGREEN,27OCT2026,-1.000000,600,FUTSTK,NFO,10.000000,18001,False
48718,ADANIPORTS27OCT26FUT,ADANIPORTS,27OCT2026,-1.000000,475,FUTSTK,NFO,10.000000,14251,False
48727,APLAPOLLO27OCT26FUT,APLAPOLLO,27OCT2026,-1.000000,350,FUTSTK,NFO,10.000000,10501,False
48821,NIFTYFPI27OCT261280PE,NIFTYFPI,27OCT2026,128000.000000,1100,OPTIDX,NFO,5.000000,8501,False
48833,DLF27OCT26FUT,DLF,27OCT2026,-1.000000,950,FUTSTK,NFO,5.000000,38001,False
48839,FEDERALBNK27OCT26FUT,FEDERALBNK,27OCT2026,-1.000000,2500,FUTSTK,NFO,5.000000,75001,False
48843,FORCEMOT27OCT26FUT,FORCEMOT,27OCT2026,-1.000000,25,FUTSTK,NFO,100.000000,1251,False
48859,HAVELLS27OCT26FUT,HAVELLS,27OCT2026,-1.000000,500,FUTSTK,NFO,10.000000,20001,False
48868,HINDPETRO27OCT26FUT,HINDPETRO,27OCT2026,-1.000000,2025,FUTSTK,NFO,5.000000,60751,False
48883,INDUSINDBK27OCT26FUT,INDUSINDBK,27OCT2026,-1.000000,700,FUTSTK,NFO,10.000000,28001,False
48897,JINDALSTEL27OCT26FUT,JINDALSTEL,27OCT2026,-1.000000,625,FUTSTK,NFO,10.000000,18751,False
48906,KOTAKBANK27OCT26FUT,KOTAKBANK,27OCT2026,-1.000000,2000,FUTSTK,NFO,5.000000,60001,False
48923,LUPIN27OCT26FUT,LUPIN,27OCT2026,-1.000000,425,FUTSTK,NFO,10.000000,12751,False
48927,MARICO27OCT26FUT,MARICO,27OCT2026,-1.000000,1200,FUTSTK,NFO,5.000000,36001,False
48946,NBCC27OCT26FUT,NBCC,27OCT2026,-1.000000,6500,FUTSTK,NFO,1.000000,260001,False
48970,PGEL27OCT26FUT,PGEL,27OCT2026,-1.000000,950,FUTSTK,NFO,5.000000,38001,False
48971,PHOENIXLTD27OCT26FUT,PHOENIXLTD,27OCT2026,-1.000000,350,FUTSTK,NFO,10.000000,14001,False
48975,PNBHOUSING27OCT26FUT,PNBHOUSING,27OCT2026,-1.000000,650,FUTSTK,NFO,10.000000,19501,False
48983,PRESTIGE27OCT26FUT,PRESTIGE,27OCT2026,-1.000000,450,FUTSTK,NFO,10.000000,13501,False
48984,RADICO27OCT26FUT,RADICO,27OCT2026,-1.000000,150,FUTSTK,NFO,10.000000,6001,False
49028,VBL27OCT26FUT,VBL,27OCT2026,-1.000000,1275,FUTSTK,NFO,5.000000,51001,False
49067,NIFTYFPI27OCT261420PE,NIFTYFPI,27OCT2026,142000.000000,1100,OPTIDX,NFO,5.000000,8501,False
49086,NIFTYFPI27OCT261430CE,NIFTYFPI,27OCT2026,143000.000000,1100,OPTIDX,NFO,5.000000,8501,False
49100,NIFTYFPI27OCT261440CE,NIFTYFPI,27OCT2026,144000.000000,1100,OPTIDX,NFO,5.000000,8501,False
49203,NIFTYFPI27OCT261475PE,NIFTYFPI,27OCT2026,147500.000000,1100,OPTIDX,NFO,5.000000,8501,False
49310,BANKNIFTY27OCT2650000CE,BANKNIFTY,27OCT2026,5000000.000000,30,OPTIDX,NFO,5.000000,601,False
49378,BANKNIFTY27OCT2652500PE,BANKNIFTY,27OCT2026,5250000.000000,30,OPTIDX,NFO,5.000000,601,False
49382,BANKNIFTY27OCT2652700PE,BANKNIFTY,27OCT2026,5270000.000000,30,OPTIDX,NFO,5.000000,601,False
49385,BANKNIFTY27OCT2652900CE,BANKNIFTY,27OCT2026,5290000.000000,30,OPTIDX,NFO,5.000000,601,False
49394,BANKNIFTY27OCT2653300CE,BANKNIFTY,27OCT2026,5330000.000000,30,OPTIDX,NFO,5.000000,601,False
49396,BANKNIFTY27OCT2653300PE,BANKNIFTY,27OCT2026,5330000.000000,30,OPTIDX,NFO,5.000000,601,False
49403,BANKNIFTY27OCT2653500CE,BANKNIFTY,27OCT2026,5350000.000000,30,OPTIDX,NFO,5.000000,601,False
49440,BANKNIFTY27OCT2654900PE,BANKNIFTY,27OCT2026,5490000.000000,30,OPTIDX,NFO,5.000000,601,False
49441,BANKNIFTY27OCT2655000CE,BANKNIFTY,27OCT2026,5500000.000000,30,OPTIDX,NFO,5.000000,601,False
49443,BANKNIFTY27OCT2655100CE,BANKNIFTY,27OCT2026,5510000.000000,30,OPTIDX,NFO,5.000000,601,False
49466,BANKNIFTY27OCT2655900PE,BANKNIFTY,27OCT2026,5590000.000000,30,OPTIDX,NFO,5.000000,601,False
49483,NIFTYFPI27OCT261585CE,NIFTYFPI,27OCT2026,158500.000000,1100,OPTIDX,NFO,5.000000,8501,False
49495,BANKNIFTY27OCT2657000CE,BANKNIFTY,27OCT2026,5700000.000000,30,OPTIDX,NFO,5.000000,601,False
49502,BANKNIFTY27OCT2657300PE,BANKNIFTY,27OCT2026,5730000.000000,30,OPTIDX,NFO,5.000000,601,False
49511,BANKNIFTY27OCT2657700CE,BANKNIFTY,27OCT2026,5770000.000000,30,OPTIDX,NFO,5.000000,601,False
49521,BANKNIFTY27OCT2658000PE,BANKNIFTY,27OCT2026,5800000.000000,30,OPTIDX,NFO,5.000000,601,False
49524,BANKNIFTY27OCT2658100PE,BANKNIFTY,27OCT2026,5810000.000000,30,OPTIDX,NFO,5.000000,601,False
49527,BANKNIFTY27OCT2658300CE,BANKNIFTY,27OCT2026,5830000.000000,30,OPTIDX,NFO,5.000000,601,False
49533,BANKNIFTY27OCT2658600CE,BANKNIFTY,27OCT2026,5860000.000000,30,OPTIDX,NFO,5.000000,601,False
49542,BANKNIFTY27OCT2658800PE,BANKNIFTY,27OCT2026,5880000.000000,30,OPTIDX,NFO,5.000000,601,False
49549,BANKNIFTY27OCT2659100PE,BANKNIFTY,27OCT2026,5910000.000000,30,OPTIDX,NFO,5.000000,601,False
49559,NIFTYFPI27OCT261620CE,NIFTYFPI,27OCT2026,162000.000000,1100,OPTIDX,NFO,5.000000,8501,False
49570,BANKNIFTY27OCT2659900PE,BANKNIFTY,27OCT2026,5990000.000000,30,OPTIDX,NFO,5.000000,601,False
49589,BANKNIFTY27OCT2660800CE,BANKNIFTY,27OCT2026,6080000.000000,30,OPTIDX,NFO,5.000000,601,False
49592,BANKNIFTY27OCT2660800PE,BANKNIFTY,27OCT2026,6080000.000000,30,OPTIDX,NFO,5.000000,601,False
49597,BANKNIFTY27OCT2661100CE,BANKNIFTY,27OCT2026,6110000.000000,30,OPTIDX,NFO,5.000000,601,False
49598,BANKNIFTY27OCT2661100PE,BANKNIFTY,27OCT2026,6110000.000000,30,OPTIDX,NFO,5.000000,601,False
49600,BANKNIFTY27OCT2661200PE,BANKNIFTY,27OCT2026,6120000.000000,30,OPTIDX,NFO,5.000000,601,False
49618,BANKNIFTY27OCT2661900PE,BANKNIFTY,27OCT2026,6190000.000000,30,OPTIDX,NFO,5.000000,601,False
49624,BANKNIFTY27OCT2662200PE,BANKNIFTY,27OCT2026,6220000.000000,30,OPTIDX,NFO,5.000000,601,False
49628,BANKNIFTY27OCT2662400PE,BANKNIFTY,27OCT2026,6240000.000000,30,OPTIDX,NFO,5.000000,601,False
49697,BANKNIFTY27OCT2665000CE,BANKNIFTY,27OCT2026,6500000.000000,30,OPTIDX,NFO,5.000000,601,False
49640,BANKNIFTY27OCT2662700PE,BANKNIFTY,27OCT2026,6270000.000000,30,OPTIDX,NFO,5.000000,601,False
49649,BANKNIFTY27OCT2663100CE,BANKNIFTY,27OCT2026,6310000.000000,30,OPTIDX,NFO,5.000000,601,False
49661,BANKNIFTY27OCT2663600CE,BANKNIFTY,27OCT2026,6360000.000000,30,OPTIDX,NFO,5.000000,601,False
49699,NIFTYFPI27OCT261660CE,NIFTYFPI,27OCT2026,166000.000000,1100,OPTIDX,NFO,5.000000,8501,False
49758,NIFTYFPI27OCT261670PE,NIFTYFPI,27OCT2026,167000.000000,1100,OPTIDX,NFO,5.000000,8501,False
49799,NIFTYFPI27OCT261690CE,NIFTYFPI,27OCT2026,169000.000000,1100,OPTIDX,NFO,5.000000,8501,False
50236,FINNIFTY27OCT2622800PE,FINNIFTY,27OCT2026,2280000.000000,60,OPTIDX,NFO,5.000000,1801,False
50240,FINNIFTY27OCT2623000PE,FINNIFTY,27OCT2026,2300000.000000,60,OPTIDX,NFO,5.000000,1801,False
50243,FINNIFTY27OCT2623200CE,FINNIFTY,27OCT2026,2320000.000000,60,OPTIDX,NFO,5.000000,1801,False
50272,FINNIFTY27OCT2623900CE,FINNIFTY,27OCT2026,2390000.000000,60,OPTIDX,NFO,5.000000,1801,False
50283,FINNIFTY27OCT2624100CE,FINNIFTY,27OCT2026,2410000.000000,60,OPTIDX,NFO,5.000000,1801,False
50338,FINNIFTY27OCT2625800PE,FINNIFTY,27OCT2026,2580000.000000,60,OPTIDX,NFO,5.000000,1801,False
50352,FINNIFTY27OCT2626200PE,FINNIFTY,27OCT2026,2620000.000000,60,OPTIDX,NFO,5.000000,1801,False
50358,FINNIFTY27OCT2626500PE,FINNIFTY,27OCT2026,2650000.000000,60,OPTIDX,NFO,5.000000,1801,False
50363,FINNIFTY27OCT2626700CE,FINNIFTY,27OCT2026,2670000.000000,60,OPTIDX,NFO,5.000000,1801,False
50369,FINNIFTY27OCT2627000CE,FINNIFTY,27OCT2026,2700000.000000,60,OPTIDX,NFO,5.000000,1801,False
50377,FINNIFTY27OCT2627300CE,FINNIFTY,27OCT2026,2730000.000000,60,OPTIDX,NFO,5.000000,1801,False
50382,FINNIFTY27OCT2627400PE,FINNIFTY,27OCT2026,2740000.000000,60,OPTIDX,NFO,5.000000,1801,False
50398,FINNIFTY27OCT2628100PE,FINNIFTY,27OCT2026,2810000.000000,60,OPTIDX,NFO,5.000000,1801,False
50411,FINNIFTY27OCT2628600CE,FINNIFTY,27OCT2026,2860000.000000,60,OPTIDX,NFO,5.000000,1801,False
50646,MIDCPNIFTY27OCT2613025PE,MIDCPNIFTY,27OCT2026,1302500.000000,120,OPTIDX,NFO,5.000000,2801,False
50655,MIDCPNIFTY27OCT2613150CE,MIDCPNIFTY,27OCT2026,1315000.000000,120,OPTIDX,NFO,5.000000,2801,False
50661,MIDCPNIFTY27OCT2613225CE,MIDCPNIFTY,27OCT2026,1322500.000000,120,OPTIDX,NFO,5.000000,2801,False
50668,MIDCPNIFTY27OCT2613275PE,MIDCPNIFTY,27OCT2026,1327500.000000,120,OPTIDX,NFO,5.000000,2801,False
50702,MIDCPNIFTY27OCT2613600PE,MIDCPNIFTY,27OCT2026,1360000.000000,120,OPTIDX,NFO,5.000000,2801,False
50707,MIDCPNIFTY27OCT2613650CE,MIDCPNIFTY,27OCT2026,1365000.000000,120,OPTIDX,NFO,5.000000,2801,False
50712,MIDCPNIFTY27OCT2613700PE,MIDCPNIFTY,27OCT2026,1370000.000000,120,OPTIDX,NFO,5.000000,2801,False
50717,MIDCPNIFTY27OCT2613750PE,MIDCPNIFTY,27OCT2026,1375000.000000,120,OPTIDX,NFO,5.000000,2801,False
50754,MIDCPNIFTY27OCT2614075PE,MIDCPNIFTY,27OCT2026,1407500.000000,120,OPTIDX,NFO,5.000000,2801,False
50771,MIDCPNIFTY27OCT2614200CE,MIDCPNIFTY,27OCT2026,1420000.000000,120,OPTIDX,NFO,5.000000,2801,False
50779,MIDCPNIFTY27OCT2614225PE,MIDCPNIFTY,27OCT2026,1422500.000000,120,OPTIDX,NFO,5.000000,2801,False
50801,MIDCPNIFTY27OCT2614400CE,MIDCPNIFTY,27OCT2026,1440000.000000,120,OPTIDX,NFO,5.000000,2801,False
50820,MIDCPNIFTY27OCT2614525PE,MIDCPNIFTY,27OCT2026,1452500.000000,120,OPTIDX,NFO,5.000000,2801,False
50829,MIDCPNIFTY27OCT2614625CE,MIDCPNIFTY,27OCT2026,1462500.000000,120,OPTIDX,NFO,5.000000,2801,False
50872,MIDCPNIFTY27OCT2614875PE,MIDCPNIFTY,27OCT2026,1487500.000000,120,OPTIDX,NFO,5.000000,2801,False
50873,MIDCPNIFTY27OCT2614900CE,MIDCPNIFTY,27OCT2026,1490000.000000,120,OPTIDX,NFO,5.000000,2801,False
50889,MIDCPNIFTY27OCT2615100CE,MIDCPNIFTY,27OCT2026,1510000.000000,120,OPTIDX,NFO,5.000000,2801,False
50890,MIDCPNIFTY27OCT2615100PE,MIDCPNIFTY,27OCT2026,1510000.000000,120,OPTIDX,NFO,5.000000,2801,False
50942,MIDCPNIFTY27OCT2615275CE,MIDCPNIFTY,27OCT2026,1527500.000000,120,OPTIDX,NFO,5.000000,2801,False
50945,MIDCPNIFTY27OCT2615275PE,MIDCPNIFTY,27OCT2026,1527500.000000,120,OPTIDX,NFO,5.000000,2801,False
50951,MIDCPNIFTY27OCT2615350PE,MIDCPNIFTY,27OCT2026,1535000.000000,120,OPTIDX,NFO,5.000000,2801,False
50958,MIDCPNIFTY27OCT2615425CE,MIDCPNIFTY,27OCT2026,1542500.000000,120,OPTIDX,NFO,5.000000,2801,False
50977,MIDCPNIFTY27OCT2615575PE,MIDCPNIFTY,27OCT2026,1557500.000000,120,OPTIDX,NFO,5.000000,2801,False
50995,MIDCPNIFTY27OCT2615700PE,MIDCPNIFTY,27OCT2026,1570000.000000,120,OPTIDX,NFO,5.000000,2801,False
51000,MIDCPNIFTY27OCT2615775CE,MIDCPNIFTY,27OCT2026,1577500.000000,120,OPTIDX,NFO,5.000000,2801,False
51001,MIDCPNIFTY27OCT2615775PE,MIDCPNIFTY,27OCT2026,1577500.000000,120,OPTIDX,NFO,5.000000,2801,False
51292,NIFTY27OCT2621650CE,NIFTY,27OCT2026,2165000.000000,65,OPTIDX,NFO,5.000000,1801,False
51295,NIFTY27OCT2621700PE,NIFTY,27OCT2026,2170000.000000,65,OPTIDX,NFO,5.000000,1801,False
51302,NIFTY27OCT2621850CE,NIFTY,27OCT2026,2185000.000000,65,OPTIDX,NFO,5.000000,1801,False
51303,NIFTY27OCT2621850PE,NIFTY,27OCT2026,2185000.000000,65,OPTIDX,NFO,5.000000,1801,False
51311,NIFTY27OCT2622050PE,NIFTY,27OCT2026,2205000.000000,65,OPTIDX,NFO,5.000000,1801,False
51312,NIFTY27OCT2622100CE,NIFTY,27OCT2026,2210000.000000,65,OPTIDX,NFO,5.000000,1801,False
51313,NIFTY27OCT2622100PE,NIFTY,27OCT2026,2210000.000000,65,OPTIDX,NFO,5.000000,1801,False
51317,NIFTY27OCT2622200PE,NIFTY,27OCT2026,2220000.000000,65,OPTIDX,NFO,5.000000,1801,False
51324,NIFTY27OCT2622350CE,NIFTY,27OCT2026,2235000.000000,65,OPTIDX,NFO,5.000000,1801,False
51354,NIFTY27OCT2623050CE,NIFTY,27OCT2026,2305000.000000,65,OPTIDX,NFO,5.000000,1801,False
51326,NIFTY27OCT2622400CE,NIFTY,27OCT2026,2240000.000000,65,OPTIDX,NFO,5.000000,1801,False
51330,NIFTY27OCT2622500CE,NIFTY,27OCT2026,2250000.000000,65,OPTIDX,NFO,5.000000,1801,False
51334,NIFTY27OCT2622600CE,NIFTY,27OCT2026,2260000.000000,65,OPTIDX,NFO,5.000000,1801,False
51355,NIFTY27OCT2623050PE,NIFTY,27OCT2026,2305000.000000,65,OPTIDX,NFO,5.000000,1801,False
51356,NIFTY27OCT2623100CE,NIFTY,27OCT2026,2310000.000000,65,OPTIDX,NFO,5.000000,1801,False
51369,NIFTY27OCT2623400PE,NIFTY,27OCT2026,2340000.000000,65,OPTIDX,NFO,5.000000,1801,False
51371,NIFTY27OCT2623450PE,NIFTY,27OCT2026,2345000.000000,65,OPTIDX,NFO,5.000000,1801,False
51381,NIFTY27OCT2623700PE,NIFTY,27OCT2026,2370000.000000,65,OPTIDX,NFO,5.000000,1801,False
51406,NIFTY27OCT2624300CE,NIFTY,27OCT2026,2430000.000000,65,OPTIDX,NFO,5.000000,1801,False
51433,NIFTY27OCT2624850PE,NIFTY,27OCT2026,2485000.000000,65,OPTIDX,NFO,5.000000,1801,False
51459,NIFTY27OCT2625450PE,NIFTY,27OCT2026,2545000.000000,65,OPTIDX,NFO,5.000000,1801,False
51492,NIFTY27OCT2626050CE,NIFTY,27OCT2026,2605000.000000,65,OPTIDX,NFO,5.000000,1801,False
51498,NIFTY27OCT2626200CE,NIFTY,27OCT2026,2620000.000000,65,OPTIDX,NFO,5.000000,1801,False
51515,NIFTY27OCT2626600PE,NIFTY,27OCT2026,2660000.000000,65,OPTIDX,NFO,5.000000,1801,False
51517,NIFTY27OCT2626650PE,NIFTY,27OCT2026,2665000.000000,65,OPTIDX,NFO,5.000000,1801,False
50824,MIDCPNIFTY27OCT2614550PE,MIDCPNIFTY,27OCT2026,1455000.000000,120,OPTIDX,NFO,5.000000,2801,False
51527,NIFTY27OCT2626900PE,NIFTY,27OCT2026,2690000.000000,65,OPTIDX,NFO,5.000000,1801,False
51530,NIFTY27OCT2627000CE,NIFTY,27OCT2026,2700000.000000,65,OPTIDX,NFO,5.000000,1801,False
51536,NIFTY27OCT2627100CE,NIFTY,27OCT2026,2710000.000000,65,OPTIDX,NFO,5.000000,1801,False
50842,MIDCPNIFTY27OCT2614700PE,MIDCPNIFTY,27OCT2026,1470000.000000,120,OPTIDX,NFO,5.000000,2801,False
50851,MIDCPNIFTY27OCT2614800CE,MIDCPNIFTY,27OCT2026,1480000.000000,120,OPTIDX,NFO,5.000000,2801,False
50917,MIDCPNIFTY27OCT2615225PE,MIDCPNIFTY,27OCT2026,1522500.000000,120,OPTIDX,NFO,5.000000,2801,False
50918,MIDCPNIFTY27OCT2615250CE,MIDCPNIFTY,27OCT2026,1525000.000000,120,OPTIDX,NFO,5.000000,2801,False
50957,MIDCPNIFTY27OCT2615400PE,MIDCPNIFTY,27OCT2026,1540000.000000,120,OPTIDX,NFO,5.000000,2801,False
50962,MIDCPNIFTY27OCT2615475CE,MIDCPNIFTY,27OCT2026,1547500.000000,120,OPTIDX,NFO,5.000000,2801,False
50976,MIDCPNIFTY27OCT2615575CE,MIDCPNIFTY,27OCT2026,1557500.000000,120,OPTIDX,NFO,5.000000,2801,False
50994,MIDCPNIFTY27OCT2615700CE,MIDCPNIFTY,27OCT2026,1570000.000000,120,OPTIDX,NFO,5.000000,2801,False
50996,MIDCPNIFTY27OCT2615725CE,MIDCPNIFTY,27OCT2026,1572500.000000,120,OPTIDX,NFO,5.000000,2801,False
51048,MIDCPNIFTY27OCT2616100CE,MIDCPNIFTY,27OCT2026,1610000.000000,120,OPTIDX,NFO,5.000000,2801,False
51056,MIDCPNIFTY27OCT2616200CE,MIDCPNIFTY,27OCT2026,1620000.000000,120,OPTIDX,NFO,5.000000,2801,False
51072,MIDCPNIFTY27OCT2616400CE,MIDCPNIFTY,27OCT2026,1640000.000000,120,OPTIDX,NFO,5.000000,2801,False
51293,NIFTY27OCT2621650PE,NIFTY,27OCT2026,2165000.000000,65,OPTIDX,NFO,5.000000,1801,False
51304,NIFTY27OCT2621900CE,NIFTY,27OCT2026,2190000.000000,65,OPTIDX,NFO,5.000000,1801,False
51305,NIFTY27OCT2621900PE,NIFTY,27OCT2026,2190000.000000,65,OPTIDX,NFO,5.000000,1801,False
51306,NIFTY27OCT2621950CE,NIFTY,27OCT2026,2195000.000000,65,OPTIDX,NFO,5.000000,1801,False
51310,NIFTY27OCT2622050CE,NIFTY,27OCT2026,2205000.000000,65,OPTIDX,NFO,5.000000,1801,False
51316,NIFTY27OCT2622200CE,NIFTY,27OCT2026,2220000.000000,65,OPTIDX,NFO,5.000000,1801,False
51321,NIFTY27OCT2622300PE,NIFTY,27OCT2026,2230000.000000,65,OPTIDX,NFO,5.000000,1801,False
51331,NIFTY27OCT2622500PE,NIFTY,27OCT2026,2250000.000000,65,OPTIDX,NFO,5.000000,1801,False
51345,NIFTY27OCT2622800PE,NIFTY,27OCT2026,2280000.000000,65,OPTIDX,NFO,5.000000,1801,False
51370,NIFTY27OCT2623450CE,NIFTY,27OCT2026,2345000.000000,65,OPTIDX,NFO,5.000000,1801,False
51372,NIFTY27OCT2623500CE,NIFTY,27OCT2026,2350000.000000,65,OPTIDX,NFO,5.000000,1801,False
51383,NIFTY27OCT2623750PE,NIFTY,27OCT2026,2375000.000000,65,OPTIDX,NFO,5.000000,1801,False
51385,NIFTY27OCT2623800PE,NIFTY,27OCT2026,2380000.000000,65,OPTIDX,NFO,5.000000,1801,False
51393,NIFTY27OCT2624000PE,NIFTY,27OCT2026,2400000.000000,65,OPTIDX,NFO,5.000000,1801,False
51404,NIFTY27OCT2624250CE,NIFTY,27OCT2026,2425000.000000,65,OPTIDX,NFO,5.000000,1801,False
51407,NIFTY27OCT2624300PE,NIFTY,27OCT2026,2430000.000000,65,OPTIDX,NFO,5.000000,1801,False
51408,NIFTY27OCT2624350CE,NIFTY,27OCT2026,2435000.000000,65,OPTIDX,NFO,5.000000,1801,False
51410,NIFTY27OCT2624400CE,NIFTY,27OCT2026,2440000.000000,65,OPTIDX,NFO,5.000000,1801,False
51418,NIFTY27OCT2624500CE,NIFTY,27OCT2026,2450000.000000,65,OPTIDX,NFO,5.000000,1801,False
51424,NIFTY27OCT2624650CE,NIFTY,27OCT2026,2465000.000000,65,OPTIDX,NFO,5.000000,1801,False
51440,NIFTY27OCT2625000CE,NIFTY,27OCT2026,2500000.000000,65,OPTIDX,NFO,5.000000,1801,False
51442,NIFTY27OCT2625050CE,NIFTY,27OCT2026,2505000.000000,65,OPTIDX,NFO,5.000000,1801,False
51477,NIFTY27OCT2625650PE,NIFTY,27OCT2026,2565000.000000,65,OPTIDX,NFO,5.000000,1801,False
51484,NIFTY27OCT2625850CE,NIFTY,27OCT2026,2585000.000000,65,OPTIDX,NFO,5.000000,1801,False
51486,NIFTY27OCT2625900CE,NIFTY,27OCT2026,2590000.000000,65,OPTIDX,NFO,5.000000,1801,False
51494,NIFTY27OCT2626100CE,NIFTY,27OCT2026,2610000.000000,65,OPTIDX,NFO,5.000000,1801,False
51502,NIFTY27OCT2626300CE,NIFTY,27OCT2026,2630000.000000,65,OPTIDX,NFO,5.000000,1801,False
51523,NIFTY27OCT2626800PE,NIFTY,27OCT2026,2680000.000000,65,OPTIDX,NFO,5.000000,1801,False
51528,NIFTY27OCT2626950CE,NIFTY,27OCT2026,2695000.000000,65,OPTIDX,NFO,5.000000,1801,False
51531,NIFTY27OCT2627000PE,NIFTY,27OCT2026,2700000.000000,65,OPTIDX,NFO,5.000000,1801,False
51907,NIFTYNXT5027OCT2666000CE,NIFTYNXT50,27OCT2026,6600000.000000,25,OPTIDX,NFO,5.000000,601,False
51909,NIFTYNXT5027OCT2666100CE,NIFTYNXT50,27OCT2026,6610000.000000,25,OPTIDX,NFO,5.000000,601,False
51921,NIFTYNXT5027OCT2666700CE,NIFTYNXT50,27OCT2026,6670000.000000,25,OPTIDX,NFO,5.000000,601,False
51928,NIFTYNXT5027OCT2667000PE,NIFTYNXT50,27OCT2026,6700000.000000,25,OPTIDX,NFO,5.000000,601,False
51950,NIFTYNXT5027OCT2667700PE,NIFTYNXT50,27OCT2026,6770000.000000,25,OPTIDX,NFO,5.000000,601,False
51962,NIFTYNXT5027OCT2668300PE,NIFTYNXT50,27OCT2026,6830000.000000,25,OPTIDX,NFO,5.000000,601,False
51976,NIFTYNXT5027OCT2668600PE,NIFTYNXT50,27OCT2026,6860000.000000,25,OPTIDX,NFO,5.000000,601,False
51987,NIFTYNXT5027OCT2668900CE,NIFTYNXT50,27OCT2026,6890000.000000,25,OPTIDX,NFO,5.000000,601,False
52000,NIFTYNXT5027OCT2669200PE,NIFTYNXT50,27OCT2026,6920000.000000,25,OPTIDX,NFO,5.000000,601,False
52003,NIFTYNXT5027OCT2669400CE,NIFTYNXT50,27OCT2026,6940000.000000,25,OPTIDX,NFO,5.000000,601,False
52007,NIFTYNXT5027OCT2669600CE,NIFTYNXT50,27OCT2026,6960000.000000,25,OPTIDX,NFO,5.000000,601,False
52010,NIFTYNXT5027OCT2669700PE,NIFTYNXT50,27OCT2026,6970000.000000,25,OPTIDX,NFO,5.000000,601,False
52014,NIFTYNXT5027OCT2669900PE,NIFTYNXT50,27OCT2026,6990000.000000,25,OPTIDX,NFO,5.000000,601,False
52054,NIFTYNXT5027OCT2670800CE,NIFTYNXT50,27OCT2026,7080000.000000,25,OPTIDX,NFO,5.000000,601,False
52057,NIFTYNXT5027OCT2670900CE,NIFTYNXT50,27OCT2026,7090000.000000,25,OPTIDX,NFO,5.000000,601,False
52066,NIFTYNXT5027OCT2671200PE,NIFTYNXT50,27OCT2026,7120000.000000,25,OPTIDX,NFO,5.000000,601,False
52077,NIFTYNXT5027OCT2671800CE,NIFTYNXT50,27OCT2026,7180000.000000,25,OPTIDX,NFO,5.000000,601,False
52078,NIFTYNXT5027OCT2671800PE,NIFTYNXT50,27OCT2026,7180000.000000,25,OPTIDX,NFO,5.000000,601,False
52142,NIFTYNXT5027OCT2673300PE,NIFTYNXT50,27OCT2026,7330000.000000,25,OPTIDX,NFO,5.000000,601,False
52158,NIFTYNXT5027OCT2673800PE,NIFTYNXT50,27OCT2026,7380000.000000,25,OPTIDX,NFO,5.000000,601,False
52166,NIFTYNXT5027OCT2674200PE,NIFTYNXT50,27OCT2026,7420000.000000,25,OPTIDX,NFO,5.000000,601,False
52173,NIFTYNXT5027OCT2674600CE,NIFTYNXT50,27OCT2026,7460000.000000,25,OPTIDX,NFO,5.000000,601,False
52175,NIFTYNXT5027OCT2674700CE,NIFTYNXT50,27OCT2026,7470000.000000,25,OPTIDX,NFO,5.000000,601,False
52188,NIFTYNXT5027OCT2675300PE,NIFTYNXT50,27OCT2026,7530000.000000,25,OPTIDX,NFO,5.000000,601,False
52193,NIFTYNXT5027OCT2675600CE,NIFTYNXT50,27OCT2026,7560000.000000,25,OPTIDX,NFO,5.000000,601,False
52198,NIFTYNXT5027OCT2675800CE,NIFTYNXT50,27OCT2026,7580000.000000,25,OPTIDX,NFO,5.000000,601,False
52202,NIFTYNXT5027OCT2676000CE,NIFTYNXT50,27OCT2026,7600000.000000,25,OPTIDX,NFO,5.000000,601,False
52222,NIFTYNXT5027OCT2676900CE,NIFTYNXT50,27OCT2026,7690000.000000,25,OPTIDX,NFO,5.000000,601,False
52223,NIFTYNXT5027OCT2676900PE,NIFTYNXT50,27OCT2026,7690000.000000,25,OPTIDX,NFO,5.000000,601,False
52234,NIFTYNXT5027OCT2677500CE,NIFTYNXT50,27OCT2026,7750000.000000,25,OPTIDX,NFO,5.000000,601,False
52242,NIFTYNXT5027OCT2677900CE,NIFTYNXT50,27OCT2026,7790000.000000,25,OPTIDX,NFO,5.000000,601,False
52265,BANKNIFTY29SEP2643500PE,BANKNIFTY,29SEP2026,4350000.000000,30,OPTIDX,NFO,5.000000,601,False
52271,BANKNIFTY29SEP2646500PE,BANKNIFTY,29SEP2026,4650000.000000,30,OPTIDX,NFO,5.000000,601,False
52272,BANKNIFTY29SEP2648000CE,BANKNIFTY,29SEP2026,4800000.000000,30,OPTIDX,NFO,5.000000,601,False
52282,BANKNIFTY29SEP2651000CE,BANKNIFTY,29SEP2026,5100000.000000,30,OPTIDX,NFO,5.000000,601,False
52284,BANKNIFTY29SEP2652500CE,BANKNIFTY,29SEP2026,5250000.000000,30,OPTIDX,NFO,5.000000,601,False
52286,BANKNIFTY29SEP2654000CE,BANKNIFTY,29SEP2026,5400000.000000,30,OPTIDX,NFO,5.000000,601,False
52295,NIFTYNXT5027OCT2679000PE,NIFTYNXT50,27OCT2026,7900000.000000,25,OPTIDX,NFO,5.000000,601,False
52296,NIFTYNXT5027OCT2679100CE,NIFTYNXT50,27OCT2026,7910000.000000,25,OPTIDX,NFO,5.000000,601,False
52299,NIFTYNXT5027OCT2679100PE,NIFTYNXT50,27OCT2026,7910000.000000,25,OPTIDX,NFO,5.000000,601,False
52300,NIFTYNXT5027OCT2679200CE,NIFTYNXT50,27OCT2026,7920000.000000,25,OPTIDX,NFO,5.000000,601,False
52308,NIFTYNXT5027OCT2679600CE,NIFTYNXT50,27OCT2026,7960000.000000,25,OPTIDX,NFO,5.000000,601,False
52309,NIFTYNXT5027OCT2679600PE,NIFTYNXT50,27OCT2026,7960000.000000,25,OPTIDX,NFO,5.000000,601,False
52366,NIFTYNXT5027OCT2682000CE,NIFTYNXT50,27OCT2026,8200000.000000,25,OPTIDX,NFO,5.000000,601,False
52388,BANKNIFTY29SEP2661500CE,BANKNIFTY,29SEP2026,6150000.000000,30,OPTIDX,NFO,5.000000,601,False
52412,BANKNIFTY29SEP2664500CE,BANKNIFTY,29SEP2026,6450000.000000,30,OPTIDX,NFO,5.000000,601,False
52414,NIFTYNXT5027OCT2684000CE,NIFTYNXT50,27OCT2026,8400000.000000,25,OPTIDX,NFO,5.000000,601,False
52418,NIFTYNXT5027OCT2684500CE,NIFTYNXT50,27OCT2026,8450000.000000,25,OPTIDX,NFO,5.000000,601,False
52423,NIFTYNXT5027OCT2685000PE,NIFTYNXT50,27OCT2026,8500000.000000,25,OPTIDX,NFO,5.000000,601,False
52440,BANKNIFTY29SEP2669000PE,BANKNIFTY,29SEP2026,6900000.000000,30,OPTIDX,NFO,5.000000,601,False
52643,360ONE29SEP261060PE,360ONE,29SEP2026,106000.000000,500,OPTSTK,NFO,5.000000,20001,False
52644,360ONE29SEP261100CE,360ONE,29SEP2026,110000.000000,500,OPTSTK,NFO,5.000000,20001,False
52650,360ONE29SEP261180CE,360ONE,29SEP2026,118000.000000,500,OPTSTK,NFO,5.000000,20001,False
52688,360ONE27OCT26920CE,360ONE,27OCT2026,92000.000000,500,OPTSTK,NFO,5.000000,20001,False
52700,360ONE27OCT261160CE,360ONE,27OCT2026,116000.000000,500,OPTSTK,NFO,5.000000,20001,False
52803,ABB29SEP266700CE,ABB,29SEP2026,670000.000000,125,OPTSTK,NFO,5.000000,3751,False
52804,ABB29SEP266700PE,ABB,29SEP2026,670000.000000,125,OPTSTK,NFO,5.000000,3751,False
52828,ABB29SEP267700CE,ABB,29SEP2026,770000.000000,125,OPTSTK,NFO,5.000000,3751,False
52832,ABB29SEP267900CE,ABB,29SEP2026,790000.000000,125,OPTSTK,NFO,5.000000,3751,False
52834,ABB29SEP268100CE,ABB,29SEP2026,810000.000000,125,OPTSTK,NFO,5.000000,3751,False
52880,ABB27OCT266800CE,ABB,27OCT2026,680000.000000,125,OPTSTK,NFO,5.000000,3751,False
52906,ABB27OCT268400CE,ABB,27OCT2026,840000.000000,125,OPTSTK,NFO,5.000000,3751,False
52976,ABCAPITAL29SEP26435CE,ABCAPITAL,29SEP2026,43500.000000,3100,OPTSTK,NFO,5.000000,62001,False
52981,ABCAPITAL29SEP26455CE,ABCAPITAL,29SEP2026,45500.000000,3100,OPTSTK,NFO,5.000000,62001,False
53022,ABCAPITAL27OCT26340CE,ABCAPITAL,27OCT2026,34000.000000,3100,OPTSTK,NFO,5.000000,62001,False
53034,ABCAPITAL27OCT26360PE,ABCAPITAL,27OCT2026,36000.000000,3100,OPTSTK,NFO,5.000000,62001,False
53038,ABCAPITAL27OCT26380PE,ABCAPITAL,27OCT2026,38000.000000,3100,OPTSTK,NFO,5.000000,62001,False
53042,ABCAPITAL27OCT26400PE,ABCAPITAL,27OCT2026,40000.000000,3100,OPTSTK,NFO,5.000000,62001,False
53046,ABCAPITAL27OCT26420PE,ABCAPITAL,27OCT2026,42000.000000,3100,OPTSTK,NFO,5.000000,62001,False
53101,ADANIENSOL29SEP261420CE,ADANIENSOL,29SEP2026,142000.000000,675,OPTSTK,NFO,5.000000,13501,False
53114,ADANIENSOL29SEP261460PE,ADANIENSOL,29SEP2026,146000.000000,675,OPTSTK,NFO,5.000000,13501,False
53116,ADANIENSOL29SEP261500PE,ADANIENSOL,29SEP2026,150000.000000,675,OPTSTK,NFO,5.000000,13501,False
53189,ADANIENSOL27OCT261240CE,ADANIENSOL,27OCT2026,124000.000000,675,OPTSTK,NFO,5.000000,13501,False
53190,ADANIENSOL27OCT261240PE,ADANIENSOL,27OCT2026,124000.000000,675,OPTSTK,NFO,5.000000,13501,False
53199,ADANIENSOL27OCT261320CE,ADANIENSOL,27OCT2026,132000.000000,675,OPTSTK,NFO,5.000000,13501,False
53241,BANKNIFTY29DEC2660000PE,BANKNIFTY,29DEC2026,6000000.000000,30,OPTIDX,NFO,5.000000,601,False
53275,ADANIENSOL27OCT261640CE,ADANIENSOL,27OCT2026,164000.000000,675,OPTSTK,NFO,5.000000,13501,False
53283,ADANIENSOL27OCT261760PE,ADANIENSOL,27OCT2026,176000.000000,675,OPTSTK,NFO,5.000000,13501,False
53351,ADANIENT29SEP262850CE,ADANIENT,29SEP2026,285000.000000,309,OPTSTK,NFO,5.000000,9271,False
53357,ADANIENT29SEP262950PE,ADANIENT,29SEP2026,295000.000000,309,OPTSTK,NFO,5.000000,9271,False
53411,ADANIENT27OCT262700PE,ADANIENT,27OCT2026,270000.000000,309,OPTSTK,NFO,5.000000,9271,False
53421,ADANIENT27OCT263200PE,ADANIENT,27OCT2026,320000.000000,309,OPTSTK,NFO,5.000000,9271,False
53520,ADANIGREEN27OCT26960CE,ADANIGREEN,27OCT2026,96000.000000,600,OPTSTK,NFO,5.000000,18001,False
53521,ADANIGREEN27OCT26960PE,ADANIGREEN,27OCT2026,96000.000000,600,OPTSTK,NFO,5.000000,18001,False
53527,ADANIGREEN27OCT261040PE,ADANIGREEN,27OCT2026,104000.000000,600,OPTSTK,NFO,5.000000,18001,False
53537,ADANIGREEN27OCT261240PE,ADANIGREEN,27OCT2026,124000.000000,600,OPTSTK,NFO,5.000000,18001,False
53553,ADANIGREEN27OCT261520PE,ADANIGREEN,27OCT2026,152000.000000,600,OPTSTK,NFO,5.000000,18001,False
53596,ADANIPORTS29SEP261380CE,ADANIPORTS,29SEP2026,138000.000000,475,OPTSTK,NFO,5.000000,14251,False
53603,NIFTY28DEC2718000CE,NIFTY,28DEC2027,1800000.000000,65,OPTIDX,NFO,5.000000,1801,False
53612,ADANIPORTS29SEP261580PE,ADANIPORTS,29SEP2026,158000.000000,475,OPTSTK,NFO,5.000000,14251,False
53625,NIFTY28DEC2724000PE,NIFTY,28DEC2027,2400000.000000,65,OPTIDX,NFO,5.000000,1801,False
53629,ADANIPORTS29SEP261740PE,ADANIPORTS,29SEP2026,174000.000000,475,OPTSTK,NFO,5.000000,14251,False
53630,NIFTY28DEC2726000PE,NIFTY,28DEC2027,2600000.000000,65,OPTIDX,NFO,5.000000,1801,False
53688,ADANIPORTS27OCT261360PE,ADANIPORTS,27OCT2026,136000.000000,475,OPTSTK,NFO,5.000000,14251,False
53693,ADANIPORTS27OCT261480CE,ADANIPORTS,27OCT2026,148000.000000,475,OPTSTK,NFO,5.000000,14251,False
53697,ADANIPORTS27OCT261560CE,ADANIPORTS,27OCT2026,156000.000000,475,OPTSTK,NFO,5.000000,14251,False
53699,ADANIPORTS27OCT261600CE,ADANIPORTS,27OCT2026,160000.000000,475,OPTSTK,NFO,5.000000,14251,False
53715,ADANIPORTS27OCT261800CE,ADANIPORTS,27OCT2026,180000.000000,475,OPTSTK,NFO,5.000000,14251,False
53756,ADANIPOWER29SEP26175PE,ADANIPOWER,29SEP2026,17500.000000,3550,OPTSTK,NFO,1.000000,106501,False
53788,HINDPETRO29SEP26320PE,HINDPETRO,29SEP2026,32000.000000,2025,OPTSTK,NFO,5.000000,60751,False
53824,ADANIPOWER27OCT26250PE,ADANIPOWER,27OCT2026,25000.000000,3550,OPTSTK,NFO,1.000000,106501,False
53877,ALKEM29SEP265150CE,ALKEM,29SEP2026,515000.000000,125,OPTSTK,NFO,5.000000,5001,False
53884,ALKEM29SEP265450PE,ALKEM,29SEP2026,545000.000000,125,OPTSTK,NFO,5.000000,5001,False
53895,ALKEM29SEP265950CE,ALKEM,29SEP2026,595000.000000,125,OPTSTK,NFO,5.000000,5001,False
53897,ALKEM29SEP266050CE,ALKEM,29SEP2026,605000.000000,125,OPTSTK,NFO,5.000000,5001,False
53956,HINDPETRO29SEP26420PE,HINDPETRO,29SEP2026,42000.000000,2025,OPTSTK,NFO,5.000000,60751,False
53971,ALKEM27OCT264300CE,ALKEM,27OCT2026,430000.000000,125,OPTSTK,NFO,5.000000,5001,False
53987,ALKEM27OCT265100CE,ALKEM,27OCT2026,510000.000000,125,OPTSTK,NFO,5.000000,5001,False
53992,ALKEM27OCT265300PE,ALKEM,27OCT2026,530000.000000,125,OPTSTK,NFO,5.000000,5001,False
54090,HINDPETRO27OCT26340PE,HINDPETRO,27OCT2026,34000.000000,2025,OPTSTK,NFO,5.000000,60751,False
54096,HINDPETRO27OCT26380PE,HINDPETRO,27OCT2026,38000.000000,2025,OPTSTK,NFO,5.000000,60751,False
54133,AMBER29SEP266700PE,AMBER,29SEP2026,670000.000000,100,OPTSTK,NFO,5.000000,3001,False
54140,AMBER29SEP267100PE,AMBER,29SEP2026,710000.000000,100,OPTSTK,NFO,5.000000,3001,False
54148,AMBER29SEP267900PE,AMBER,29SEP2026,790000.000000,100,OPTSTK,NFO,5.000000,3001,False
54152,AMBER29SEP268300CE,AMBER,29SEP2026,830000.000000,100,OPTSTK,NFO,5.000000,3001,False
54195,AMBER27OCT266000CE,AMBER,27OCT2026,600000.000000,100,OPTSTK,NFO,5.000000,3001,False
54207,AMBER27OCT267000CE,AMBER,27OCT2026,700000.000000,100,OPTSTK,NFO,5.000000,3001,False
54235,AMBER27OCT269000CE,AMBER,27OCT2026,900000.000000,100,OPTSTK,NFO,5.000000,3001,False
54280,AMBUJACEM29SEP26345CE,AMBUJACEM,29SEP2026,34500.000000,1200,OPTSTK,NFO,5.000000,60001,False
54286,AMBUJACEM29SEP26365PE,AMBUJACEM,29SEP2026,36500.000000,1200,OPTSTK,NFO,5.000000,60001,False
54288,AMBUJACEM29SEP26375PE,AMBUJACEM,29SEP2026,37500.000000,1200,OPTSTK,NFO,5.000000,60001,False
54295,AMBUJACEM29SEP26415CE,AMBUJACEM,29SEP2026,41500.000000,1200,OPTSTK,NFO,5.000000,60001,False
54356,AMBUJACEM27OCT26380PE,AMBUJACEM,27OCT2026,38000.000000,1200,OPTSTK,NFO,5.000000,60001,False
54358,AMBUJACEM27OCT26390PE,AMBUJACEM,27OCT2026,39000.000000,1200,OPTSTK,NFO,5.000000,60001,False
54364,AMBUJACEM27OCT26420PE,AMBUJACEM,27OCT2026,42000.000000,1200,OPTSTK,NFO,5.000000,60001,False
54367,AMBUJACEM27OCT26440CE,AMBUJACEM,27OCT2026,44000.000000,1200,OPTSTK,NFO,5.000000,60001,False
54368,AMBUJACEM27OCT26440PE,AMBUJACEM,27OCT2026,44000.000000,1200,OPTSTK,NFO,5.000000,60001,False
54429,ANGELONE29SEP26325CE,ANGELONE,29SEP2026,32500.000000,2500,OPTSTK,NFO,5.000000,75001,False
54432,ANGELONE29SEP26335PE,ANGELONE,29SEP2026,33500.000000,2500,OPTSTK,NFO,5.000000,75001,False
54466,ANGELONE27OCT26230PE,ANGELONE,27OCT2026,23000.000000,2500,OPTSTK,NFO,5.000000,75001,False
54472,ANGELONE27OCT26260PE,ANGELONE,27OCT2026,26000.000000,2500,OPTSTK,NFO,5.000000,75001,False
54473,ANGELONE27OCT26270CE,ANGELONE,27OCT2026,27000.000000,2500,OPTSTK,NFO,5.000000,75001,False
54479,ANGELONE27OCT26300CE,ANGELONE,27OCT2026,30000.000000,2500,OPTSTK,NFO,5.000000,75001,False
54558,APLAPOLLO29SEP262020PE,APLAPOLLO,29SEP2026,202000.000000,350,OPTSTK,NFO,5.000000,10501,False
54560,APLAPOLLO29SEP262060CE,APLAPOLLO,29SEP2026,206000.000000,350,OPTSTK,NFO,5.000000,10501,False
54579,APLAPOLLO29SEP262380CE,APLAPOLLO,29SEP2026,238000.000000,350,OPTSTK,NFO,5.000000,10501,False
54684,APLAPOLLO27OCT262040PE,APLAPOLLO,27OCT2026,204000.000000,350,OPTSTK,NFO,5.000000,10501,False
54686,APLAPOLLO27OCT262080PE,APLAPOLLO,27OCT2026,208000.000000,350,OPTSTK,NFO,5.000000,10501,False
54745,APOLLOHOSP29SEP267900CE,APOLLOHOSP,29SEP2026,790000.000000,125,OPTSTK,NFO,5.000000,2501,False
54774,APOLLOHOSP29SEP269700PE,APOLLOHOSP,29SEP2026,970000.000000,125,OPTSTK,NFO,5.000000,2501,False
54825,APOLLOHOSP27OCT267400CE,APOLLOHOSP,27OCT2026,740000.000000,125,OPTSTK,NFO,5.000000,2501,False
54839,APOLLOHOSP27OCT268600CE,APOLLOHOSP,27OCT2026,860000.000000,125,OPTSTK,NFO,5.000000,2501,False
54843,APOLLOHOSP27OCT269000CE,APOLLOHOSP,27OCT2026,900000.000000,125,OPTSTK,NFO,5.000000,2501,False
54914,ASHOKLEY29SEP26152.5CE,ASHOKLEY,29SEP2026,15250.000000,5000,OPTSTK,NFO,1.000000,150001,False
54925,ASHOKLEY29SEP26172.5CE,ASHOKLEY,29SEP2026,17250.000000,5000,OPTSTK,NFO,1.000000,150001,False
54933,ASHOKLEY29SEP26187.5CE,ASHOKLEY,29SEP2026,18750.000000,5000,OPTSTK,NFO,1.000000,150001,False
54969,ASHOKLEY27OCT26140CE,ASHOKLEY,27OCT2026,14000.000000,5000,OPTSTK,NFO,1.000000,150001,False
54977,ASHOKLEY27OCT26155CE,ASHOKLEY,27OCT2026,15500.000000,5000,OPTSTK,NFO,1.000000,150001,False
54985,ASHOKLEY27OCT26165CE,ASHOKLEY,27OCT2026,16500.000000,5000,OPTSTK,NFO,1.000000,150001,False
54986,ASHOKLEY27OCT26165PE,ASHOKLEY,27OCT2026,16500.000000,5000,OPTSTK,NFO,1.000000,150001,False
55100,ASIANPAINT29SEP262820PE,ASIANPAINT,29SEP2026,282000.000000,250,OPTSTK,NFO,5.000000,10001,False
55114,ASIANPAINT29SEP262900PE,ASIANPAINT,29SEP2026,290000.000000,250,OPTSTK,NFO,5.000000,10001,False
55189,ASIANPAINT27OCT262080PE,ASIANPAINT,27OCT2026,208000.000000,250,OPTSTK,NFO,5.000000,10001,False
55207,ASIANPAINT27OCT262360PE,ASIANPAINT,27OCT2026,236000.000000,250,OPTSTK,NFO,5.000000,10001,False
55218,ASIANPAINT27OCT262560CE,ASIANPAINT,27OCT2026,256000.000000,250,OPTSTK,NFO,5.000000,10001,False
55220,ASIANPAINT27OCT262600CE,ASIANPAINT,27OCT2026,260000.000000,250,OPTSTK,NFO,5.000000,10001,False
55225,ASIANPAINT27OCT262680PE,ASIANPAINT,27OCT2026,268000.000000,250,OPTSTK,NFO,5.000000,10001,False
55226,ASIANPAINT27OCT262720CE,ASIANPAINT,27OCT2026,272000.000000,250,OPTSTK,NFO,5.000000,10001,False
55242,ASIANPAINT27OCT262960CE,ASIANPAINT,27OCT2026,296000.000000,250,OPTSTK,NFO,5.000000,10001,False
55288,NIFTY29SEP2628500CE,NIFTY,29SEP2026,2850000.000000,65,OPTIDX,NFO,5.000000,1801,False
55332,NIFTY29DEC2631500CE,NIFTY,29DEC2026,3150000.000000,65,OPTIDX,NFO,5.000000,1801,False
55377,NIFTY29JUN2725500PE,NIFTY,29JUN2027,2550000.000000,65,OPTIDX,NFO,5.000000,1801,False
55379,NIFTY29JUN2728500PE,NIFTY,29JUN2027,2850000.000000,65,OPTIDX,NFO,5.000000,1801,False
55418,NIFTY28DEC2716500CE,NIFTY,28DEC2027,1650000.000000,65,OPTIDX,NFO,5.000000,1801,False
55422,NIFTY28DEC2719500CE,NIFTY,28DEC2027,1950000.000000,65,OPTIDX,NFO,5.000000,1801,False
55430,NIFTY28DEC2731500CE,NIFTY,28DEC2027,3150000.000000,65,OPTIDX,NFO,5.000000,1801,False
55500,ASTRAL29SEP261260CE,ASTRAL,29SEP2026,126000.000000,425,OPTSTK,NFO,5.000000,17001,False
55517,NIFTY26DEC2816500PE,NIFTY,26DEC2028,1650000.000000,65,OPTIDX,NFO,5.000000,1801,False
55527,NIFTY26DEC2831500PE,NIFTY,26DEC2028,3150000.000000,65,OPTIDX,NFO,5.000000,1801,False
55594,ASTRAL29SEP261420PE,ASTRAL,29SEP2026,142000.000000,425,OPTSTK,NFO,5.000000,17001,False
55647,NIFTY25JUN3025500PE,NIFTY,25JUN2030,2550000.000000,65,OPTIDX,NFO,5.000000,1801,False
55696,NIFTY31DEC3016500CE,NIFTY,31DEC2030,1650000.000000,65,OPTIDX,NFO,5.000000,1801,False
55763,NIFTY31DEC3030000PE,NIFTY,31DEC2030,3000000.000000,65,OPTIDX,NFO,5.000000,1801,False
55764,NIFTY31DEC3031500CE,NIFTY,31DEC2030,3150000.000000,65,OPTIDX,NFO,5.000000,1801,False
55853,ASTRAL27OCT261240PE,ASTRAL,27OCT2026,124000.000000,425,OPTSTK,NFO,5.000000,17001,False
55854,ASTRAL27OCT261280CE,ASTRAL,27OCT2026,128000.000000,425,OPTSTK,NFO,5.000000,17001,False
55920,ASTRAL27OCT261680CE,ASTRAL,27OCT2026,168000.000000,425,OPTSTK,NFO,5.000000,17001,False
55926,ASTRAL27OCT261720CE,ASTRAL,27OCT2026,172000.000000,425,OPTSTK,NFO,5.000000,17001,False
55966,AUBANK29SEP26940CE,AUBANK,29SEP2026,94000.000000,1000,OPTSTK,NFO,5.000000,20001,False
55989,AUBANK29SEP261260PE,AUBANK,29SEP2026,126000.000000,1000,OPTSTK,NFO,5.000000,20001,False
56028,AUBANK27OCT26880CE,AUBANK,27OCT2026,88000.000000,1000,OPTSTK,NFO,5.000000,20001,False
56044,AUBANK27OCT26960CE,AUBANK,27OCT2026,96000.000000,1000,OPTSTK,NFO,5.000000,20001,False
56048,AUBANK27OCT261000CE,AUBANK,27OCT2026,100000.000000,1000,OPTSTK,NFO,5.000000,20001,False
56049,AUBANK27OCT261000PE,AUBANK,27OCT2026,100000.000000,1000,OPTSTK,NFO,5.000000,20001,False
56057,AUBANK27OCT261160PE,AUBANK,27OCT2026,116000.000000,1000,OPTSTK,NFO,5.000000,20001,False
56074,AUBANK27OCT261240CE,AUBANK,27OCT2026,124000.000000,1000,OPTSTK,NFO,5.000000,20001,False
56141,AUROPHARMA29SEP261500PE,AUROPHARMA,29SEP2026,150000.000000,550,OPTSTK,NFO,5.000000,16501,False
56149,AUROPHARMA29SEP261580PE,AUROPHARMA,29SEP2026,158000.000000,550,OPTSTK,NFO,5.000000,16501,False
56228,AUROPHARMA27OCT261600CE,AUROPHARMA,27OCT2026,160000.000000,550,OPTSTK,NFO,5.000000,16501,False
56249,AUROPHARMA27OCT261840CE,AUROPHARMA,27OCT2026,184000.000000,550,OPTSTK,NFO,5.000000,16501,False
56253,AUROPHARMA27OCT261880PE,AUROPHARMA,27OCT2026,188000.000000,550,OPTSTK,NFO,5.000000,16501,False
56383,AXISBANK27OCT261160PE,AXISBANK,27OCT2026,116000.000000,625,OPTSTK,NFO,5.000000,18751,False
56399,AXISBANK27OCT261320PE,AXISBANK,27OCT2026,132000.000000,625,OPTSTK,NFO,5.000000,18751,False
56484,BAJAJ-AUTO29SEP2611700CE,BAJAJ-AUTO,29SEP2026,1170000.000000,75,OPTSTK,NFO,5.000000,2251,False
56489,BAJAJ-AUTO29SEP2612100PE,BAJAJ-AUTO,29SEP2026,1210000.000000,75,OPTSTK,NFO,5.000000,2251,False
56501,BAJAJ-AUTO29SEP2613100PE,BAJAJ-AUTO,29SEP2026,1310000.000000,75,OPTSTK,NFO,5.000000,2251,False
56561,BAJAJ-AUTO27OCT2610400PE,BAJAJ-AUTO,27OCT2026,1040000.000000,75,OPTSTK,NFO,5.000000,2251,False
56572,BAJAJ-AUTO27OCT2610800CE,BAJAJ-AUTO,27OCT2026,1080000.000000,75,OPTSTK,NFO,5.000000,2251,False
56579,BAJAJ-AUTO27OCT2611400PE,BAJAJ-AUTO,27OCT2026,1140000.000000,75,OPTSTK,NFO,5.000000,2251,False
56581,BAJAJ-AUTO27OCT2611600PE,BAJAJ-AUTO,27OCT2026,1160000.000000,75,OPTSTK,NFO,5.000000,2251,False
56670,BAJAJFINSV29SEP261740CE,BAJAJFINSV,29SEP2026,174000.000000,300,OPTSTK,NFO,5.000000,12001,False
56679,BAJAJFINSV29SEP261820PE,BAJAJFINSV,29SEP2026,182000.000000,300,OPTSTK,NFO,5.000000,12001,False
56685,NIFTY22SEP2621700CE,NIFTY,22SEP2026,2170000.000000,65,OPTIDX,NFO,5.000000,1801,False
56689,BAJAJFINSV29SEP261940PE,BAJAJFINSV,29SEP2026,194000.000000,300,OPTSTK,NFO,5.000000,12001,False
56698,BAJAJFINSV29SEP262100CE,BAJAJFINSV,29SEP2026,210000.000000,300,OPTSTK,NFO,5.000000,12001,False
56710,BAJAJFINSV29SEP262180CE,BAJAJFINSV,29SEP2026,218000.000000,300,OPTSTK,NFO,5.000000,12001,False
56723,NIFTY22SEP2622000CE,NIFTY,22SEP2026,2200000.000000,65,OPTIDX,NFO,5.000000,1801,False
56764,BAJAJFINSV27OCT261680CE,BAJAJFINSV,27OCT2026,168000.000000,300,OPTSTK,NFO,5.000000,12001,False
56772,BAJAJFINSV27OCT261840CE,BAJAJFINSV,27OCT2026,184000.000000,300,OPTSTK,NFO,5.000000,12001,False
56775,BAJAJFINSV27OCT261880PE,BAJAJFINSV,27OCT2026,188000.000000,300,OPTSTK,NFO,5.000000,12001,False
56778,NIFTY22SEP2622050PE,NIFTY,22SEP2026,2205000.000000,65,OPTIDX,NFO,5.000000,1801,False
56784,BAJAJFINSV27OCT262040CE,BAJAJFINSV,27OCT2026,204000.000000,300,OPTSTK,NFO,5.000000,12001,False
56785,BAJAJFINSV27OCT262040PE,BAJAJFINSV,27OCT2026,204000.000000,300,OPTSTK,NFO,5.000000,12001,False
56788,BAJAJFINSV27OCT262120CE,BAJAJFINSV,27OCT2026,212000.000000,300,OPTSTK,NFO,5.000000,12001,False
56823,NIFTY22SEP2622250CE,NIFTY,22SEP2026,2225000.000000,65,OPTIDX,NFO,5.000000,1801,False
56887,BAJAJHLDNG29SEP2611300PE,BAJAJHLDNG,29SEP2026,1130000.000000,75,OPTSTK,NFO,5.000000,2251,False
56874,NIFTY22SEP2622500PE,NIFTY,22SEP2026,2250000.000000,65,OPTIDX,NFO,5.000000,1801,False
56876,NIFTY22SEP2622550PE,NIFTY,22SEP2026,2255000.000000,65,OPTIDX,NFO,5.000000,1801,False
56898,BAJAJHLDNG29SEP2612500CE,BAJAJHLDNG,29SEP2026,1250000.000000,75,OPTSTK,NFO,5.000000,2251,False
56976,BAJAJHLDNG27OCT269800CE,BAJAJHLDNG,27OCT2026,980000.000000,75,OPTSTK,NFO,5.000000,2251,False
56992,BAJAJHLDNG27OCT2610200CE,BAJAJHLDNG,27OCT2026,1020000.000000,75,OPTSTK,NFO,5.000000,2251,False
56994,NIFTY22SEP2623300PE,NIFTY,22SEP2026,2330000.000000,65,OPTIDX,NFO,5.000000,1801,False
56997,BAJAJHLDNG27OCT2610400CE,BAJAJHLDNG,27OCT2026,1040000.000000,75,OPTSTK,NFO,5.000000,2251,False
57014,BAJAJHLDNG27OCT2611400CE,BAJAJHLDNG,27OCT2026,1140000.000000,75,OPTSTK,NFO,5.000000,2251,False
57040,BAJAJHLDNG27OCT2613000CE,BAJAJHLDNG,27OCT2026,1300000.000000,75,OPTSTK,NFO,5.000000,2251,False
57042,BAJAJHLDNG27OCT2613200CE,BAJAJHLDNG,27OCT2026,1320000.000000,75,OPTSTK,NFO,5.000000,2251,False
57052,NIFTY22SEP2623650CE,NIFTY,22SEP2026,2365000.000000,65,OPTIDX,NFO,5.000000,1801,False
57053,NIFTY22SEP2623650PE,NIFTY,22SEP2026,2365000.000000,65,OPTIDX,NFO,5.000000,1801,False
57110,BAJFINANCE29SEP261090PE,BAJFINANCE,29SEP2026,109000.000000,750,OPTSTK,NFO,5.000000,22501,False
57117,BAJFINANCE29SEP261170CE,BAJFINANCE,29SEP2026,117000.000000,750,OPTSTK,NFO,5.000000,22501,False
57118,BAJFINANCE29SEP261170PE,BAJFINANCE,29SEP2026,117000.000000,750,OPTSTK,NFO,5.000000,22501,False
57122,BAJFINANCE29SEP261210PE,BAJFINANCE,29SEP2026,121000.000000,750,OPTSTK,NFO,5.000000,22501,False
57123,BAJFINANCE29SEP261230CE,BAJFINANCE,29SEP2026,123000.000000,750,OPTSTK,NFO,5.000000,22501,False
57239,BANDHANBNK29SEP26175CE,BANDHANBNK,29SEP2026,17500.000000,3600,OPTSTK,NFO,1.000000,108001,False
57268,BANDHANBNK27OCT26140PE,BANDHANBNK,27OCT2026,14000.000000,3600,OPTSTK,NFO,1.000000,108001,False
57272,BANDHANBNK27OCT26160PE,BANDHANBNK,27OCT2026,16000.000000,3600,OPTSTK,NFO,1.000000,108001,False
57281,BANDHANBNK27OCT26210CE,BANDHANBNK,27OCT2026,21000.000000,3600,OPTSTK,NFO,1.000000,108001,False
57310,BANKBARODA29SEP26215PE,BANKBARODA,29SEP2026,21500.000000,2925,OPTSTK,NFO,1.000000,87751,False
57311,BANKBARODA29SEP26225CE,BANKBARODA,29SEP2026,22500.000000,2925,OPTSTK,NFO,1.000000,87751,False
57313,BANKBARODA29SEP26235CE,BANKBARODA,29SEP2026,23500.000000,2925,OPTSTK,NFO,1.000000,87751,False
57345,BANKBARODA27OCT26190CE,BANKBARODA,27OCT2026,19000.000000,2925,OPTSTK,NFO,1.000000,87751,False
57355,BANKBARODA27OCT26240CE,BANKBARODA,27OCT2026,24000.000000,2925,OPTSTK,NFO,1.000000,87751,False
57359,BANKBARODA27OCT26260CE,BANKBARODA,27OCT2026,26000.000000,2925,OPTSTK,NFO,1.000000,87751,False
57367,BANKBARODA27OCT26300CE,BANKBARODA,27OCT2026,30000.000000,2925,OPTSTK,NFO,1.000000,87751,False
57427,NIFTY22SEP2624250CE,NIFTY,22SEP2026,2425000.000000,65,OPTIDX,NFO,5.000000,1801,False
57494,BDL29SEP261220PE,BDL,29SEP2026,122000.000000,425,OPTSTK,NFO,5.000000,17001,False
57531,BDL27OCT261000CE,BDL,27OCT2026,100000.000000,425,OPTSTK,NFO,5.000000,17001,False
57547,BDL27OCT261320CE,BDL,27OCT2026,132000.000000,425,OPTSTK,NFO,5.000000,17001,False
57507,BDL29SEP261460CE,BDL,29SEP2026,146000.000000,425,OPTSTK,NFO,5.000000,17001,False
57509,BDL29SEP261500CE,BDL,29SEP2026,150000.000000,425,OPTSTK,NFO,5.000000,17001,False
57548,BDL27OCT261320PE,BDL,27OCT2026,132000.000000,425,OPTSTK,NFO,5.000000,17001,False
57687,BEL27OCT26420PE,BEL,27OCT2026,42000.000000,1425,OPTSTK,NFO,5.000000,57001,False
57691,BEL27OCT26440PE,BEL,27OCT2026,44000.000000,1425,OPTSTK,NFO,5.000000,57001,False
57695,BEL27OCT26460PE,BEL,27OCT2026,46000.000000,1425,OPTSTK,NFO,5.000000,57001,False
57723,NIFTY22SEP2624750PE,NIFTY,22SEP2026,2475000.000000,65,OPTIDX,NFO,5.000000,1801,False
57746,BHARATFORG29SEP261900CE,BHARATFORG,29SEP2026,190000.000000,500,OPTSTK,NFO,5.000000,10001,False
57760,BHARATFORG29SEP262140CE,BHARATFORG,29SEP2026,214000.000000,500,OPTSTK,NFO,5.000000,10001,False
57797,NIFTY22SEP2625000PE,NIFTY,22SEP2026,2500000.000000,65,OPTIDX,NFO,5.000000,1801,False
57826,BHARATFORG27OCT261760CE,BHARATFORG,27OCT2026,176000.000000,500,OPTSTK,NFO,5.000000,10001,False
57830,BHARATFORG27OCT261800CE,BHARATFORG,27OCT2026,180000.000000,500,OPTSTK,NFO,5.000000,10001,False
57834,BHARATFORG27OCT261840CE,BHARATFORG,27OCT2026,184000.000000,500,OPTSTK,NFO,5.000000,10001,False
57843,NIFTY22SEP2625100CE,NIFTY,22SEP2026,2510000.000000,65,OPTIDX,NFO,5.000000,1801,False
57846,BHARATFORG27OCT262040PE,BHARATFORG,27OCT2026,204000.000000,500,OPTSTK,NFO,5.000000,10001,False
57852,BHARATFORG27OCT262120CE,BHARATFORG,27OCT2026,212000.000000,500,OPTSTK,NFO,5.000000,10001,False
57854,BHARATFORG27OCT262160CE,BHARATFORG,27OCT2026,216000.000000,500,OPTSTK,NFO,5.000000,10001,False
57857,NIFTY22SEP2625150PE,NIFTY,22SEP2026,2515000.000000,65,OPTIDX,NFO,5.000000,1801,False
57859,BHARATFORG27OCT262200PE,BHARATFORG,27OCT2026,220000.000000,500,OPTSTK,NFO,5.000000,10001,False
57863,BHARATFORG27OCT262280PE,BHARATFORG,27OCT2026,228000.000000,500,OPTSTK,NFO,5.000000,10001,False
57872,BHARATFORG27OCT262440CE,BHARATFORG,27OCT2026,244000.000000,500,OPTSTK,NFO,5.000000,10001,False
57873,NIFTY22SEP2625250CE,NIFTY,22SEP2026,2525000.000000,65,OPTIDX,NFO,5.000000,1801,False
57910,NIFTY22SEP2625400CE,NIFTY,22SEP2026,2540000.000000,65,OPTIDX,NFO,5.000000,1801,False
57928,NIFTY22SEP2625550PE,NIFTY,22SEP2026,2555000.000000,65,OPTIDX,NFO,5.000000,1801,False
57943,BHARTIARTL29SEP261780PE,BHARTIARTL,29SEP2026,178000.000000,475,OPTSTK,NFO,5.000000,14251,False
57954,NIFTY22SEP2625600PE,NIFTY,22SEP2026,2560000.000000,65,OPTIDX,NFO,5.000000,1801,False
57961,BHARTIARTL29SEP262100CE,BHARTIARTL,29SEP2026,210000.000000,475,OPTSTK,NFO,5.000000,14251,False
57964,BHARTIARTL29SEP262140CE,BHARTIARTL,29SEP2026,214000.000000,475,OPTSTK,NFO,5.000000,14251,False
57967,BHARTIARTL29SEP262180PE,BHARTIARTL,29SEP2026,218000.000000,475,OPTSTK,NFO,5.000000,14251,False
58014,NIFTY22SEP2625900CE,NIFTY,22SEP2026,2590000.000000,65,OPTIDX,NFO,5.000000,1801,False
58024,NIFTY22SEP2625950PE,NIFTY,22SEP2026,2595000.000000,65,OPTIDX,NFO,5.000000,1801,False
58030,NIFTY22SEP2626000CE,NIFTY,22SEP2026,2600000.000000,65,OPTIDX,NFO,5.000000,1801,False
58038,BHARTIARTL27OCT261760CE,BHARTIARTL,27OCT2026,176000.000000,475,OPTSTK,NFO,5.000000,14251,False
58054,BHARTIARTL27OCT261880PE,BHARTIARTL,27OCT2026,188000.000000,475,OPTSTK,NFO,5.000000,14251,False
58077,BHARTIARTL27OCT262080CE,BHARTIARTL,27OCT2026,208000.000000,475,OPTSTK,NFO,5.000000,14251,False
58197,BHEL29SEP26375CE,BHEL,29SEP2026,37500.000000,2625,OPTSTK,NFO,5.000000,52501,False
58440,BHEL27OCT26390CE,BHEL,27OCT2026,39000.000000,2625,OPTSTK,NFO,5.000000,52501,False
58484,BHEL27OCT26460CE,BHEL,27OCT2026,46000.000000,2625,OPTSTK,NFO,5.000000,52501,False
58487,BHEL27OCT26470PE,BHEL,27OCT2026,47000.000000,2625,OPTSTK,NFO,5.000000,52501,False
58499,BHEL27OCT26480PE,BHEL,27OCT2026,48000.000000,2625,OPTSTK,NFO,5.000000,52501,False
58524,BHEL27OCT26500CE,BHEL,27OCT2026,50000.000000,2625,OPTSTK,NFO,5.000000,52501,False
58627,BIOCON29SEP26395CE,BIOCON,29SEP2026,39500.000000,2500,OPTSTK,NFO,5.000000,50001,False
58636,NIFTY29DEC2616000CE,NIFTY,29DEC2026,1600000.000000,65,OPTIDX,NFO,5.000000,1801,False
58797,BIOCON27OCT26330CE,BIOCON,27OCT2026,33000.000000,2500,OPTSTK,NFO,5.000000,50001,False
58802,BIOCON27OCT26340PE,BIOCON,27OCT2026,34000.000000,2500,OPTSTK,NFO,5.000000,50001,False
58803,BIOCON27OCT26350CE,BIOCON,27OCT2026,35000.000000,2500,OPTSTK,NFO,5.000000,50001,False
58898,BIOCON27OCT26440PE,BIOCON,27OCT2026,44000.000000,2500,OPTSTK,NFO,5.000000,50001,False
58903,BIOCON27OCT26470CE,BIOCON,27OCT2026,47000.000000,2500,OPTSTK,NFO,5.000000,50001,False
59101,BLUESTARCO29SEP261380CE,BLUESTARCO,29SEP2026,138000.000000,325,OPTSTK,NFO,5.000000,13001,False
59117,BLUESTARCO29SEP261460PE,BLUESTARCO,29SEP2026,146000.000000,325,OPTSTK,NFO,5.000000,13001,False
59175,BLUESTARCO29SEP261740CE,BLUESTARCO,29SEP2026,174000.000000,325,OPTSTK,NFO,5.000000,13001,False
59263,BLUESTARCO27OCT261320PE,BLUESTARCO,27OCT2026,132000.000000,325,OPTSTK,NFO,5.000000,13001,False
59294,BLUESTARCO27OCT261440PE,BLUESTARCO,27OCT2026,144000.000000,325,OPTSTK,NFO,5.000000,13001,False
59309,BLUESTARCO27OCT261560CE,BLUESTARCO,27OCT2026,156000.000000,325,OPTSTK,NFO,5.000000,13001,False
59577,BOSCHLTD29SEP2644500CE,BOSCHLTD,29SEP2026,4450000.000000,25,OPTSTK,NFO,5.000000,501,False
59579,BOSCHLTD29SEP2645500CE,BOSCHLTD,29SEP2026,4550000.000000,25,OPTSTK,NFO,5.000000,501,False
59585,BOSCHLTD29SEP2648500CE,BOSCHLTD,29SEP2026,4850000.000000,25,OPTSTK,NFO,5.000000,501,False
59590,BOSCHLTD29SEP2650500PE,BOSCHLTD,29SEP2026,5050000.000000,25,OPTSTK,NFO,5.000000,501,False
59591,BOSCHLTD29SEP2651500CE,BOSCHLTD,29SEP2026,5150000.000000,25,OPTSTK,NFO,5.000000,501,False
59647,BOSCHLTD27OCT2642000CE,BOSCHLTD,27OCT2026,4200000.000000,25,OPTSTK,NFO,5.000000,501,False
59650,BOSCHLTD27OCT2643000PE,BOSCHLTD,27OCT2026,4300000.000000,25,OPTSTK,NFO,5.000000,501,False
59666,BOSCHLTD27OCT2651000PE,BOSCHLTD,27OCT2026,5100000.000000,25,OPTSTK,NFO,5.000000,501,False
59671,BOSCHLTD27OCT2654000CE,BOSCHLTD,27OCT2026,5400000.000000,25,OPTSTK,NFO,5.000000,501,False
59713,BPCL29SEP26345CE,BPCL,29SEP2026,34500.000000,1975,OPTSTK,NFO,5.000000,79001,False
59716,BPCL29SEP26355PE,BPCL,29SEP2026,35500.000000,1975,OPTSTK,NFO,5.000000,79001,False
59747,BPCL27OCT26250CE,BPCL,27OCT2026,25000.000000,1975,OPTSTK,NFO,5.000000,79001,False
59748,BPCL27OCT26250PE,BPCL,27OCT2026,25000.000000,1975,OPTSTK,NFO,5.000000,79001,False
59756,BPCL27OCT26290PE,BPCL,27OCT2026,29000.000000,1975,OPTSTK,NFO,5.000000,79001,False
59757,BPCL27OCT26300CE,BPCL,27OCT2026,30000.000000,1975,OPTSTK,NFO,5.000000,79001,False
59760,BPCL27OCT26310PE,BPCL,27OCT2026,31000.000000,1975,OPTSTK,NFO,5.000000,79001,False
59771,BPCL27OCT26370CE,BPCL,27OCT2026,37000.000000,1975,OPTSTK,NFO,5.000000,79001,False
59883,BRITANNIA29SEP265650CE,BRITANNIA,29SEP2026,565000.000000,125,OPTSTK,NFO,5.000000,5001,False
60094,BRITANNIA27OCT264200CE,BRITANNIA,27OCT2026,420000.000000,125,OPTSTK,NFO,5.000000,5001,False
60167,BRITANNIA27OCT265100PE,BRITANNIA,27OCT2026,510000.000000,125,OPTSTK,NFO,5.000000,5001,False
60325,BSE29SEP263700CE,BSE,29SEP2026,370000.000000,200,OPTSTK,NFO,5.000000,6001,False
60329,BSE29SEP263900CE,BSE,29SEP2026,390000.000000,200,OPTSTK,NFO,5.000000,6001,False
60334,BSE29SEP263900PE,BSE,29SEP2026,390000.000000,200,OPTSTK,NFO,5.000000,6001,False
60453,BSE27OCT263800CE,BSE,27OCT2026,380000.000000,200,OPTSTK,NFO,5.000000,6001,False
60593,CAMS29SEP26730PE,CAMS,29SEP2026,73000.000000,825,OPTSTK,NFO,5.000000,33001,False
60636,CAMS29SEP26810CE,CAMS,29SEP2026,81000.000000,825,OPTSTK,NFO,5.000000,33001,False
60637,CAMS29SEP26810PE,CAMS,29SEP2026,81000.000000,825,OPTSTK,NFO,5.000000,33001,False
60851,CAMS27OCT26660PE,CAMS,27OCT2026,66000.000000,825,OPTSTK,NFO,5.000000,33001,False
60899,NIFTY25JUN3021000PE,NIFTY,25JUN2030,2100000.000000,65,OPTIDX,NFO,5.000000,1801,False
61030,CAMS27OCT26880CE,CAMS,27OCT2026,88000.000000,825,OPTSTK,NFO,5.000000,33001,False
60904,NIFTY25JUN3024000CE,NIFTY,25JUN2030,2400000.000000,65,OPTIDX,NFO,5.000000,1801,False
61024,CAMS27OCT26860CE,CAMS,27OCT2026,86000.000000,825,OPTSTK,NFO,5.000000,33001,False
61065,CAMS27OCT26900PE,CAMS,27OCT2026,90000.000000,825,OPTSTK,NFO,5.000000,33001,False
61375,NIFTY24DEC2915000PE,NIFTY,24DEC2029,1500000.000000,65,OPTIDX,NFO,5.000000,1801,False
61482,ALKEM23NOV26FUT,ALKEM,23NOV2026,-1.000000,125,FUTSTK,NFO,50.000000,5001,False
61484,AMBUJACEM23NOV26FUT,AMBUJACEM,23NOV2026,-1.000000,1200,FUTSTK,NFO,5.000000,60001,False
61488,ASHOKLEY23NOV26FUT,ASHOKLEY,23NOV2026,-1.000000,5000,FUTSTK,NFO,1.000000,150001,False
61496,ATHERENERG27OCT26FUT,ATHERENERG,27OCT2026,-1.000000,375,FUTSTK,NFO,10.000000,15001,False
61511,BDL23NOV26FUT,BDL,23NOV2026,-1.000000,425,FUTSTK,NFO,10.000000,17001,False
61520,BIOCON23NOV26FUT,BIOCON,23NOV2026,-1.000000,2500,FUTSTK,NFO,5.000000,50001,False
61528,CDSL23NOV26FUT,CDSL,23NOV2026,-1.000000,475,FUTSTK,NFO,10.000000,19001,False
61544,CONCOR23NOV26FUT,CONCOR,23NOV2026,-1.000000,1250,FUTSTK,NFO,5.000000,50001,False
61546,CUMMINSIND23NOV26FUT,CUMMINSIND,23NOV2026,-1.000000,200,FUTSTK,NFO,50.000000,4001,False
61561,DLF23NOV26FUT,DLF,23NOV2026,-1.000000,950,FUTSTK,NFO,5.000000,38001,False
61582,HDFCBANK23NOV26FUT,HDFCBANK,23NOV2026,-1.000000,650,FUTSTK,NFO,5.000000,32501,False
61583,HDFCLIFE23NOV26FUT,HDFCLIFE,23NOV2026,-1.000000,1100,FUTSTK,NFO,5.000000,44001,False
61620,JUBLFOOD23NOV26FUT,JUBLFOOD,23NOV2026,-1.000000,1250,FUTSTK,NFO,5.000000,50001,False
61629,LAURUSLABS23NOV26FUT,LAURUSLABS,23NOV2026,-1.000000,850,FUTSTK,NFO,10.000000,17001,False
61652,MOTILALOFS23NOV26FUT,MOTILALOFS,23NOV2026,-1.000000,775,FUTSTK,NFO,10.000000,23251,False
61654,MUTHOOTFIN23NOV26FUT,MUTHOOTFIN,23NOV2026,-1.000000,275,FUTSTK,NFO,10.000000,8251,False
61662,NHPC23NOV26FUT,NHPC,23NOV2026,-1.000000,6950,FUTSTK,NFO,1.000000,278001,False
61665,NYKAA23NOV26FUT,NYKAA,23NOV2026,-1.000000,3125,FUTSTK,NFO,5.000000,93751,False
61672,PAGEIND23NOV26FUT,PAGEIND,23NOV2026,-1.000000,20,FUTSTK,NFO,500.000000,601,False
61679,PHOENIXLTD23NOV26FUT,PHOENIXLTD,23NOV2026,-1.000000,350,FUTSTK,NFO,10.000000,14001,False
61680,PIDILITIND23NOV26FUT,PIDILITIND,23NOV2026,-1.000000,500,FUTSTK,NFO,10.000000,15001,False
61681,PIIND23NOV26FUT,PIIND,23NOV2026,-1.000000,175,FUTSTK,NFO,10.000000,8751,False
61683,PNBHOUSING23NOV26FUT,PNBHOUSING,23NOV2026,-1.000000,650,FUTSTK,NFO,10.000000,19501,False
61692,PREMIERENE23NOV26FUT,PREMIERENE,23NOV2026,-1.000000,650,FUTSTK,NFO,10.000000,26001,False
61708,SHRIRAMFIN23NOV26FUT,SHRIRAMFIN,23NOV2026,-1.000000,825,FUTSTK,NFO,10.000000,24751,False
61732,TRENT23NOV26FUT,TRENT,23NOV2026,-1.000000,225,FUTSTK,NFO,10.000000,9001,False
61738,UNITDSPR23NOV26FUT,UNITDSPR,23NOV2026,-1.000000,400,FUTSTK,NFO,10.000000,16001,False
61743,VMM23NOV26FUT,VMM,23NOV2026,-1.000000,4850,FUTSTK,NFO,1.000000,194001,False
61746,WIPRO23NOV26FUT,WIPRO,23NOV2026,-1.000000,3000,FUTSTK,NFO,1.000000,120001,False
61907,CANBK29SEP26132.5CE,CANBK,29SEP2026,13250.000000,6750,OPTSTK,NFO,1.000000,202501,False
62021,BANKNIFTY23NOV2650500CE,BANKNIFTY,23NOV2026,5050000.000000,30,OPTIDX,NFO,5.000000,601,False
62075,BANKNIFTY23NOV2651900CE,BANKNIFTY,23NOV2026,5190000.000000,30,OPTIDX,NFO,5.000000,601,False
62076,BANKNIFTY23NOV2651900PE,BANKNIFTY,23NOV2026,5190000.000000,30,OPTIDX,NFO,5.000000,601,False
62080,BANKNIFTY23NOV2652100PE,BANKNIFTY,23NOV2026,5210000.000000,30,OPTIDX,NFO,5.000000,601,False
62081,BANKNIFTY23NOV2652200CE,BANKNIFTY,23NOV2026,5220000.000000,30,OPTIDX,NFO,5.000000,601,False
62092,BANKNIFTY23NOV2652700PE,BANKNIFTY,23NOV2026,5270000.000000,30,OPTIDX,NFO,5.000000,601,False
62093,BANKNIFTY23NOV2652800CE,BANKNIFTY,23NOV2026,5280000.000000,30,OPTIDX,NFO,5.000000,601,False
62123,BANKNIFTY23NOV2653800CE,BANKNIFTY,23NOV2026,5380000.000000,30,OPTIDX,NFO,5.000000,601,False
62157,BANKNIFTY23NOV2655100CE,BANKNIFTY,23NOV2026,5510000.000000,30,OPTIDX,NFO,5.000000,601,False
62162,BANKNIFTY23NOV2655300PE,BANKNIFTY,23NOV2026,5530000.000000,30,OPTIDX,NFO,5.000000,601,False
62178,BANKNIFTY23NOV2655800PE,BANKNIFTY,23NOV2026,5580000.000000,30,OPTIDX,NFO,5.000000,601,False
62181,BANKNIFTY23NOV2655900CE,BANKNIFTY,23NOV2026,5590000.000000,30,OPTIDX,NFO,5.000000,601,False
62184,BANKNIFTY23NOV2656000PE,BANKNIFTY,23NOV2026,5600000.000000,30,OPTIDX,NFO,5.000000,601,False
62203,BANKNIFTY23NOV2656800CE,BANKNIFTY,23NOV2026,5680000.000000,30,OPTIDX,NFO,5.000000,601,False
62205,BANKNIFTY23NOV2656900CE,BANKNIFTY,23NOV2026,5690000.000000,30,OPTIDX,NFO,5.000000,601,False
62231,BANKNIFTY23NOV2657800CE,BANKNIFTY,23NOV2026,5780000.000000,30,OPTIDX,NFO,5.000000,601,False
62252,BANKNIFTY23NOV2658300CE,BANKNIFTY,23NOV2026,5830000.000000,30,OPTIDX,NFO,5.000000,601,False
62273,BANKNIFTY23NOV2658900CE,BANKNIFTY,23NOV2026,5890000.000000,30,OPTIDX,NFO,5.000000,601,False
62316,BANKNIFTY23NOV2660600PE,BANKNIFTY,23NOV2026,6060000.000000,30,OPTIDX,NFO,5.000000,601,False
62324,BANKNIFTY23NOV2660800PE,BANKNIFTY,23NOV2026,6080000.000000,30,OPTIDX,NFO,5.000000,601,False
62344,CANBK27OCT26110CE,CANBK,27OCT2026,11000.000000,6750,OPTSTK,NFO,1.000000,202501,False
62345,CANBK27OCT26110PE,CANBK,27OCT2026,11000.000000,6750,OPTSTK,NFO,1.000000,202501,False
62365,CANBK27OCT26135PE,CANBK,27OCT2026,13500.000000,6750,OPTSTK,NFO,1.000000,202501,False
62412,CDSL29SEP261460CE,CDSL,29SEP2026,146000.000000,475,OPTSTK,NFO,5.000000,19001,False
62413,CDSL29SEP261460PE,CDSL,29SEP2026,146000.000000,475,OPTSTK,NFO,5.000000,19001,False
62421,BANKNIFTY23NOV2661800PE,BANKNIFTY,23NOV2026,6180000.000000,30,OPTIDX,NFO,5.000000,601,False
62462,BANKNIFTY23NOV2662100PE,BANKNIFTY,23NOV2026,6210000.000000,30,OPTIDX,NFO,5.000000,601,False
62473,CDSL27OCT261200CE,CDSL,27OCT2026,120000.000000,475,OPTSTK,NFO,5.000000,19001,False
62475,CDSL27OCT261240CE,CDSL,27OCT2026,124000.000000,475,OPTSTK,NFO,5.000000,19001,False
62509,CDSL27OCT261400PE,CDSL,27OCT2026,140000.000000,475,OPTSTK,NFO,5.000000,19001,False
62512,CDSL27OCT261440PE,CDSL,27OCT2026,144000.000000,475,OPTSTK,NFO,5.000000,19001,False
62580,CGPOWER29SEP26820PE,CGPOWER,29SEP2026,82000.000000,850,OPTSTK,NFO,5.000000,25501,False
62625,CGPOWER27OCT26920PE,CGPOWER,27OCT2026,92000.000000,850,OPTSTK,NFO,5.000000,25501,False
62627,CGPOWER27OCT26960PE,CGPOWER,27OCT2026,96000.000000,850,OPTSTK,NFO,5.000000,25501,False
62629,CGPOWER27OCT261000PE,CGPOWER,27OCT2026,100000.000000,850,OPTSTK,NFO,5.000000,25501,False
62718,CHOLAFIN29SEP261820CE,CHOLAFIN,29SEP2026,182000.000000,625,OPTSTK,NFO,5.000000,12501,False
62852,CHOLAFIN27OCT261600CE,CHOLAFIN,27OCT2026,160000.000000,625,OPTSTK,NFO,5.000000,12501,False
62744,CHOLAFIN29SEP261940PE,CHOLAFIN,29SEP2026,194000.000000,625,OPTSTK,NFO,5.000000,12501,False
62771,CHOLAFIN29SEP262100CE,CHOLAFIN,29SEP2026,210000.000000,625,OPTSTK,NFO,5.000000,12501,False
62850,CHOLAFIN27OCT261560CE,CHOLAFIN,27OCT2026,156000.000000,625,OPTSTK,NFO,5.000000,12501,False
63016,FINNIFTY29SEP2622750PE,FINNIFTY,29SEP2026,2275000.000000,60,OPTIDX,NFO,5.000000,1801,False
63023,FINNIFTY29SEP2623150CE,FINNIFTY,29SEP2026,2315000.000000,60,OPTIDX,NFO,5.000000,1801,False
63039,FINNIFTY29SEP2623950CE,FINNIFTY,29SEP2026,2395000.000000,60,OPTIDX,NFO,5.000000,1801,False
63042,FINNIFTY29SEP2624050PE,FINNIFTY,29SEP2026,2405000.000000,60,OPTIDX,NFO,5.000000,1801,False
63043,FINNIFTY29SEP2624150CE,FINNIFTY,29SEP2026,2415000.000000,60,OPTIDX,NFO,5.000000,1801,False
63052,FINNIFTY29SEP2624550PE,FINNIFTY,29SEP2026,2455000.000000,60,OPTIDX,NFO,5.000000,1801,False
63068,FINNIFTY29SEP2625250PE,FINNIFTY,29SEP2026,2525000.000000,60,OPTIDX,NFO,5.000000,1801,False
63084,FINNIFTY29SEP2625550PE,FINNIFTY,29SEP2026,2555000.000000,60,OPTIDX,NFO,5.000000,1801,False
63091,FINNIFTY29SEP2625950CE,FINNIFTY,29SEP2026,2595000.000000,60,OPTIDX,NFO,5.000000,1801,False
63093,FINNIFTY29SEP2626050CE,FINNIFTY,29SEP2026,2605000.000000,60,OPTIDX,NFO,5.000000,1801,False
63137,FINNIFTY29SEP2627250CE,FINNIFTY,29SEP2026,2725000.000000,60,OPTIDX,NFO,5.000000,1801,False
63139,FINNIFTY29SEP2627350CE,FINNIFTY,29SEP2026,2735000.000000,60,OPTIDX,NFO,5.000000,1801,False
63142,FINNIFTY29SEP2627450PE,FINNIFTY,29SEP2026,2745000.000000,60,OPTIDX,NFO,5.000000,1801,False
63143,FINNIFTY29SEP2627550CE,FINNIFTY,29SEP2026,2755000.000000,60,OPTIDX,NFO,5.000000,1801,False
63151,FINNIFTY29SEP2627650CE,FINNIFTY,29SEP2026,2765000.000000,60,OPTIDX,NFO,5.000000,1801,False
63198,CIPLA29SEP261310CE,CIPLA,29SEP2026,131000.000000,425,OPTSTK,NFO,5.000000,17001,False
63203,CIPLA29SEP261330PE,CIPLA,29SEP2026,133000.000000,425,OPTSTK,NFO,5.000000,17001,False
63235,CIPLA29SEP261510PE,CIPLA,29SEP2026,151000.000000,425,OPTSTK,NFO,5.000000,17001,False
63357,FINNIFTY23NOV2622800CE,FINNIFTY,23NOV2026,2280000.000000,60,OPTIDX,NFO,5.000000,1801,False
63368,FINNIFTY23NOV2623300PE,FINNIFTY,23NOV2026,2330000.000000,60,OPTIDX,NFO,5.000000,1801,False
63374,FINNIFTY23NOV2623600PE,FINNIFTY,23NOV2026,2360000.000000,60,OPTIDX,NFO,5.000000,1801,False
63383,FINNIFTY23NOV2624100CE,FINNIFTY,23NOV2026,2410000.000000,60,OPTIDX,NFO,5.000000,1801,False
63390,FINNIFTY23NOV2624400PE,FINNIFTY,23NOV2026,2440000.000000,60,OPTIDX,NFO,5.000000,1801,False
63391,FINNIFTY23NOV2624500CE,FINNIFTY,23NOV2026,2450000.000000,60,OPTIDX,NFO,5.000000,1801,False
63419,FINNIFTY23NOV2625900CE,FINNIFTY,23NOV2026,2590000.000000,60,OPTIDX,NFO,5.000000,1801,False
63425,FINNIFTY23NOV2626200CE,FINNIFTY,23NOV2026,2620000.000000,60,OPTIDX,NFO,5.000000,1801,False
63428,FINNIFTY23NOV2626300PE,FINNIFTY,23NOV2026,2630000.000000,60,OPTIDX,NFO,5.000000,1801,False
63432,FINNIFTY23NOV2626500PE,FINNIFTY,23NOV2026,2650000.000000,60,OPTIDX,NFO,5.000000,1801,False
63436,FINNIFTY23NOV2626700PE,FINNIFTY,23NOV2026,2670000.000000,60,OPTIDX,NFO,5.000000,1801,False
63437,FINNIFTY23NOV2626800CE,FINNIFTY,23NOV2026,2680000.000000,60,OPTIDX,NFO,5.000000,1801,False
63449,FINNIFTY23NOV2627300CE,FINNIFTY,23NOV2026,2730000.000000,60,OPTIDX,NFO,5.000000,1801,False
63631,MIDCPNIFTY23NOV2612950CE,MIDCPNIFTY,23NOV2026,1295000.000000,120,OPTIDX,NFO,5.000000,2801,False
63634,MIDCPNIFTY23NOV2612975PE,MIDCPNIFTY,23NOV2026,1297500.000000,120,OPTIDX,NFO,5.000000,2801,False
63641,MIDCPNIFTY23NOV2613075CE,MIDCPNIFTY,23NOV2026,1307500.000000,120,OPTIDX,NFO,5.000000,2801,False
63650,MIDCPNIFTY23NOV2613175PE,MIDCPNIFTY,23NOV2026,1317500.000000,120,OPTIDX,NFO,5.000000,2801,False
63655,MIDCPNIFTY23NOV2613250CE,MIDCPNIFTY,23NOV2026,1325000.000000,120,OPTIDX,NFO,5.000000,2801,False
63657,MIDCPNIFTY23NOV2613275CE,MIDCPNIFTY,23NOV2026,1327500.000000,120,OPTIDX,NFO,5.000000,2801,False
63673,MIDCPNIFTY23NOV2613475CE,MIDCPNIFTY,23NOV2026,1347500.000000,120,OPTIDX,NFO,5.000000,2801,False
63674,MIDCPNIFTY23NOV2613475PE,MIDCPNIFTY,23NOV2026,1347500.000000,120,OPTIDX,NFO,5.000000,2801,False
63675,MIDCPNIFTY23NOV2613500CE,MIDCPNIFTY,23NOV2026,1350000.000000,120,OPTIDX,NFO,5.000000,2801,False
63683,MIDCPNIFTY23NOV2613600CE,MIDCPNIFTY,23NOV2026,1360000.000000,120,OPTIDX,NFO,5.000000,2801,False
63688,MIDCPNIFTY23NOV2613650PE,MIDCPNIFTY,23NOV2026,1365000.000000,120,OPTIDX,NFO,5.000000,2801,False
63692,MIDCPNIFTY23NOV2613700PE,MIDCPNIFTY,23NOV2026,1370000.000000,120,OPTIDX,NFO,5.000000,2801,False
63694,MIDCPNIFTY23NOV2613725PE,MIDCPNIFTY,23NOV2026,1372500.000000,120,OPTIDX,NFO,5.000000,2801,False
63696,MIDCPNIFTY23NOV2613750PE,MIDCPNIFTY,23NOV2026,1375000.000000,120,OPTIDX,NFO,5.000000,2801,False
63706,MIDCPNIFTY23NOV2613875PE,MIDCPNIFTY,23NOV2026,1387500.000000,120,OPTIDX,NFO,5.000000,2801,False
63729,MIDCPNIFTY23NOV2614100CE,MIDCPNIFTY,23NOV2026,1410000.000000,120,OPTIDX,NFO,5.000000,2801,False
63747,MIDCPNIFTY23NOV2614250CE,MIDCPNIFTY,23NOV2026,1425000.000000,120,OPTIDX,NFO,5.000000,2801,False
63766,MIDCPNIFTY23NOV2614425PE,MIDCPNIFTY,23NOV2026,1442500.000000,120,OPTIDX,NFO,5.000000,2801,False
63773,MIDCPNIFTY23NOV2614525CE,MIDCPNIFTY,23NOV2026,1452500.000000,120,OPTIDX,NFO,5.000000,2801,False
63776,MIDCPNIFTY23NOV2614550PE,MIDCPNIFTY,23NOV2026,1455000.000000,120,OPTIDX,NFO,5.000000,2801,False
63786,MIDCPNIFTY23NOV2614625PE,MIDCPNIFTY,23NOV2026,1462500.000000,120,OPTIDX,NFO,5.000000,2801,False
63812,MIDCPNIFTY23NOV2614900PE,MIDCPNIFTY,23NOV2026,1490000.000000,120,OPTIDX,NFO,5.000000,2801,False
63798,MIDCPNIFTY23NOV2614725PE,MIDCPNIFTY,23NOV2026,1472500.000000,120,OPTIDX,NFO,5.000000,2801,False
63800,MIDCPNIFTY23NOV2614750PE,MIDCPNIFTY,23NOV2026,1475000.000000,120,OPTIDX,NFO,5.000000,2801,False
63803,MIDCPNIFTY23NOV2614800CE,MIDCPNIFTY,23NOV2026,1480000.000000,120,OPTIDX,NFO,5.000000,2801,False
63869,MIDCPNIFTY23NOV2615575CE,MIDCPNIFTY,23NOV2026,1557500.000000,120,OPTIDX,NFO,5.000000,2801,False
63816,MIDCPNIFTY23NOV2614950PE,MIDCPNIFTY,23NOV2026,1495000.000000,120,OPTIDX,NFO,5.000000,2801,False
63848,MIDCPNIFTY23NOV2615300PE,MIDCPNIFTY,23NOV2026,1530000.000000,120,OPTIDX,NFO,5.000000,2801,False
63854,MIDCPNIFTY23NOV2615375PE,MIDCPNIFTY,23NOV2026,1537500.000000,120,OPTIDX,NFO,5.000000,2801,False
63871,MIDCPNIFTY23NOV2615600CE,MIDCPNIFTY,23NOV2026,1560000.000000,120,OPTIDX,NFO,5.000000,2801,False
63896,MIDCPNIFTY23NOV2615900PE,MIDCPNIFTY,23NOV2026,1590000.000000,120,OPTIDX,NFO,5.000000,2801,False
64228,NIFTY23NOV2621800PE,NIFTY,23NOV2026,2180000.000000,65,OPTIDX,NFO,5.000000,1801,False
64239,NIFTY23NOV2622000PE,NIFTY,23NOV2026,2200000.000000,65,OPTIDX,NFO,5.000000,1801,False
64245,NIFTY23NOV2622150PE,NIFTY,23NOV2026,2215000.000000,65,OPTIDX,NFO,5.000000,1801,False
64276,NIFTY23NOV2622450CE,NIFTY,23NOV2026,2245000.000000,65,OPTIDX,NFO,5.000000,1801,False
64324,NIFTY23NOV2622850PE,NIFTY,23NOV2026,2285000.000000,65,OPTIDX,NFO,5.000000,1801,False
64334,NIFTY23NOV2622950PE,NIFTY,23NOV2026,2295000.000000,65,OPTIDX,NFO,5.000000,1801,False
64348,NIFTY23NOV2623100PE,NIFTY,23NOV2026,2310000.000000,65,OPTIDX,NFO,5.000000,1801,False
64352,NIFTY23NOV2623200PE,NIFTY,23NOV2026,2320000.000000,65,OPTIDX,NFO,5.000000,1801,False
64360,NIFTY23NOV2623350PE,NIFTY,23NOV2026,2335000.000000,65,OPTIDX,NFO,5.000000,1801,False
64377,NIFTY23NOV2623600CE,NIFTY,23NOV2026,2360000.000000,65,OPTIDX,NFO,5.000000,1801,False
64393,NIFTY23NOV2623950CE,NIFTY,23NOV2026,2395000.000000,65,OPTIDX,NFO,5.000000,1801,False
64412,NIFTY23NOV2624350PE,NIFTY,23NOV2026,2435000.000000,65,OPTIDX,NFO,5.000000,1801,False
64415,NIFTY23NOV2624450CE,NIFTY,23NOV2026,2445000.000000,65,OPTIDX,NFO,5.000000,1801,False
64416,NIFTY23NOV2624450PE,NIFTY,23NOV2026,2445000.000000,65,OPTIDX,NFO,5.000000,1801,False
64424,NIFTY23NOV2624650PE,NIFTY,23NOV2026,2465000.000000,65,OPTIDX,NFO,5.000000,1801,False
64438,NIFTY23NOV2624950PE,NIFTY,23NOV2026,2495000.000000,65,OPTIDX,NFO,5.000000,1801,False
64445,NIFTY23NOV2625150CE,NIFTY,23NOV2026,2515000.000000,65,OPTIDX,NFO,5.000000,1801,False
64719,NIFTYFPI23NOV261280CE,NIFTYFPI,23NOV2026,128000.000000,1100,OPTIDX,NFO,5.000000,8501,False
64758,NIFTYFPI23NOV261340PE,NIFTYFPI,23NOV2026,134000.000000,1100,OPTIDX,NFO,5.000000,8501,False
64817,NIFTYFPI23NOV261455CE,NIFTYFPI,23NOV2026,145500.000000,1100,OPTIDX,NFO,5.000000,8501,False
64819,NIFTYFPI23NOV261460CE,NIFTYFPI,23NOV2026,146000.000000,1100,OPTIDX,NFO,5.000000,8501,False
64820,NIFTYFPI23NOV261460PE,NIFTYFPI,23NOV2026,146000.000000,1100,OPTIDX,NFO,5.000000,8501,False
64822,NIFTYFPI23NOV261465PE,NIFTYFPI,23NOV2026,146500.000000,1100,OPTIDX,NFO,5.000000,8501,False
64838,NIFTYFPI23NOV261500PE,NIFTYFPI,23NOV2026,150000.000000,1100,OPTIDX,NFO,5.000000,8501,False
64840,NIFTYFPI23NOV261505PE,NIFTYFPI,23NOV2026,150500.000000,1100,OPTIDX,NFO,5.000000,8501,False
64849,NIFTYFPI23NOV261530CE,NIFTYFPI,23NOV2026,153000.000000,1100,OPTIDX,NFO,5.000000,8501,False
64870,NIFTYFPI23NOV261575CE,NIFTYFPI,23NOV2026,157500.000000,1100,OPTIDX,NFO,5.000000,8501,False
64899,NIFTYFPI23NOV261625PE,NIFTYFPI,23NOV2026,162500.000000,1100,OPTIDX,NFO,5.000000,8501,False
64902,NIFTYFPI23NOV261635CE,NIFTYFPI,23NOV2026,163500.000000,1100,OPTIDX,NFO,5.000000,8501,False
64903,NIFTYFPI23NOV261635PE,NIFTYFPI,23NOV2026,163500.000000,1100,OPTIDX,NFO,5.000000,8501,False
64919,NIFTYFPI23NOV261660PE,NIFTYFPI,23NOV2026,166000.000000,1100,OPTIDX,NFO,5.000000,8501,False
64925,NIFTYFPI23NOV261675PE,NIFTYFPI,23NOV2026,167500.000000,1100,OPTIDX,NFO,5.000000,8501,False
64929,NIFTYFPI23NOV261685PE,NIFTYFPI,23NOV2026,168500.000000,1100,OPTIDX,NFO,5.000000,8501,False
64950,NIFTYFPI23NOV261720CE,NIFTYFPI,23NOV2026,172000.000000,1100,OPTIDX,NFO,5.000000,8501,False
64986,NIFTYFPI23NOV261780CE,NIFTYFPI,23NOV2026,178000.000000,1100,OPTIDX,NFO,5.000000,8501,False
65176,CIPLA27OCT261160CE,CIPLA,27OCT2026,116000.000000,425,OPTSTK,NFO,5.000000,17001,False
65199,CIPLA27OCT261340PE,CIPLA,27OCT2026,134000.000000,425,OPTSTK,NFO,5.000000,17001,False
65246,NIFTYNXT5023NOV2663000CE,NIFTYNXT50,23NOV2026,6300000.000000,25,OPTIDX,NFO,5.000000,601,False
65258,NIFTYNXT5023NOV2663500CE,NIFTYNXT50,23NOV2026,6350000.000000,25,OPTIDX,NFO,5.000000,601,False
65259,NIFTYNXT5023NOV2663500PE,NIFTYNXT50,23NOV2026,6350000.000000,25,OPTIDX,NFO,5.000000,601,False
65267,CIPLA27OCT261360PE,CIPLA,27OCT2026,136000.000000,425,OPTSTK,NFO,5.000000,17001,False
65268,CIPLA27OCT261380CE,CIPLA,27OCT2026,138000.000000,425,OPTSTK,NFO,5.000000,17001,False
65286,CIPLA27OCT261500CE,CIPLA,27OCT2026,150000.000000,425,OPTSTK,NFO,5.000000,17001,False
65294,CIPLA27OCT261580CE,CIPLA,27OCT2026,158000.000000,425,OPTSTK,NFO,5.000000,17001,False
65413,NIFTYNXT5023NOV2664700PE,NIFTYNXT50,23NOV2026,6470000.000000,25,OPTIDX,NFO,5.000000,601,False
65469,NIFTYNXT5023NOV2666900PE,NIFTYNXT50,23NOV2026,6690000.000000,25,OPTIDX,NFO,5.000000,601,False
65485,NIFTYNXT5023NOV2667700PE,NIFTYNXT50,23NOV2026,6770000.000000,25,OPTIDX,NFO,5.000000,601,False
65486,NIFTYNXT5023NOV2667800CE,NIFTYNXT50,23NOV2026,6780000.000000,25,OPTIDX,NFO,5.000000,601,False
65489,NIFTYNXT5023NOV2667900PE,NIFTYNXT50,23NOV2026,6790000.000000,25,OPTIDX,NFO,5.000000,601,False
65495,NIFTYNXT5023NOV2668200PE,NIFTYNXT50,23NOV2026,6820000.000000,25,OPTIDX,NFO,5.000000,601,False
65499,NIFTYNXT5023NOV2668400PE,NIFTYNXT50,23NOV2026,6840000.000000,25,OPTIDX,NFO,5.000000,601,False
65501,NIFTYNXT5023NOV2668500PE,NIFTYNXT50,23NOV2026,6850000.000000,25,OPTIDX,NFO,5.000000,601,False
65525,NIFTYNXT5023NOV2668900PE,NIFTYNXT50,23NOV2026,6890000.000000,25,OPTIDX,NFO,5.000000,601,False
65539,NIFTYNXT5023NOV2669600PE,NIFTYNXT50,23NOV2026,6960000.000000,25,OPTIDX,NFO,5.000000,601,False
65563,NIFTYNXT5023NOV2670800PE,NIFTYNXT50,23NOV2026,7080000.000000,25,OPTIDX,NFO,5.000000,601,False
65578,NIFTYNXT5023NOV2671500CE,NIFTYNXT50,23NOV2026,7150000.000000,25,OPTIDX,NFO,5.000000,601,False
65580,NIFTYNXT5023NOV2671600CE,NIFTYNXT50,23NOV2026,7160000.000000,25,OPTIDX,NFO,5.000000,601,False
65588,NIFTYNXT5023NOV2671700CE,NIFTYNXT50,23NOV2026,7170000.000000,25,OPTIDX,NFO,5.000000,601,False
65589,NIFTYNXT5023NOV2671700PE,NIFTYNXT50,23NOV2026,7170000.000000,25,OPTIDX,NFO,5.000000,601,False
65620,COALINDIA29SEP26425CE,COALINDIA,29SEP2026,42500.000000,1350,OPTSTK,NFO,5.000000,54001,False
65628,COALINDIA29SEP26465CE,COALINDIA,29SEP2026,46500.000000,1350,OPTSTK,NFO,5.000000,54001,False
65629,COALINDIA29SEP26465PE,COALINDIA,29SEP2026,46500.000000,1350,OPTSTK,NFO,5.000000,54001,False
65694,NIFTYNXT5023NOV2673000CE,NIFTYNXT50,23NOV2026,7300000.000000,25,OPTIDX,NFO,5.000000,601,False
65698,NIFTYNXT5023NOV2673200CE,NIFTYNXT50,23NOV2026,7320000.000000,25,OPTIDX,NFO,5.000000,601,False
65700,NIFTYNXT5023NOV2673300CE,NIFTYNXT50,23NOV2026,7330000.000000,25,OPTIDX,NFO,5.000000,601,False
65731,NIFTYNXT5023NOV2673700CE,NIFTYNXT50,23NOV2026,7370000.000000,25,OPTIDX,NFO,5.000000,601,False
65740,NIFTYNXT5023NOV2674100CE,NIFTYNXT50,23NOV2026,7410000.000000,25,OPTIDX,NFO,5.000000,601,False
65743,NIFTYNXT5023NOV2674200PE,NIFTYNXT50,23NOV2026,7420000.000000,25,OPTIDX,NFO,5.000000,601,False
65745,NIFTYNXT5023NOV2674300PE,NIFTYNXT50,23NOV2026,7430000.000000,25,OPTIDX,NFO,5.000000,601,False
65763,NIFTYNXT5023NOV2675100PE,NIFTYNXT50,23NOV2026,7510000.000000,25,OPTIDX,NFO,5.000000,601,False
65791,COALINDIA27OCT26370PE,COALINDIA,27OCT2026,37000.000000,1350,OPTSTK,NFO,5.000000,54001,False
65794,COALINDIA27OCT26390CE,COALINDIA,27OCT2026,39000.000000,1350,OPTSTK,NFO,5.000000,54001,False
65826,NIFTYNXT5023NOV2676500CE,NIFTYNXT50,23NOV2026,7650000.000000,25,OPTIDX,NFO,5.000000,601,False
65827,NIFTYNXT5023NOV2676500PE,NIFTYNXT50,23NOV2026,7650000.000000,25,OPTIDX,NFO,5.000000,601,False
65828,NIFTYNXT5023NOV2676600CE,NIFTYNXT50,23NOV2026,7660000.000000,25,OPTIDX,NFO,5.000000,601,False
65838,NIFTYNXT5023NOV2677100CE,NIFTYNXT50,23NOV2026,7710000.000000,25,OPTIDX,NFO,5.000000,601,False
65850,NIFTYNXT5023NOV2677600CE,NIFTYNXT50,23NOV2026,7760000.000000,25,OPTIDX,NFO,5.000000,601,False
65854,NIFTYNXT5023NOV2677800CE,NIFTYNXT50,23NOV2026,7780000.000000,25,OPTIDX,NFO,5.000000,601,False
65872,NIFTYNXT5023NOV2678200PE,NIFTYNXT50,23NOV2026,7820000.000000,25,OPTIDX,NFO,5.000000,601,False
65882,NIFTY29SEP2615000PE,NIFTY,29SEP2026,1500000.000000,65,OPTIDX,NFO,5.000000,1801,False
65904,NIFTY29SEP2626000CE,NIFTY,29SEP2026,2600000.000000,65,OPTIDX,NFO,5.000000,1801,False
65905,NIFTY29SEP2626000PE,NIFTY,29SEP2026,2600000.000000,65,OPTIDX,NFO,5.000000,1801,False
65945,COALINDIA27OCT26440CE,COALINDIA,27OCT2026,44000.000000,1350,OPTSTK,NFO,5.000000,54001,False
65950,COALINDIA27OCT26450CE,COALINDIA,27OCT2026,45000.000000,1350,OPTSTK,NFO,5.000000,54001,False
65959,COALINDIA27OCT26490PE,COALINDIA,27OCT2026,49000.000000,1350,OPTSTK,NFO,5.000000,54001,False
65992,COCHINSHIP29SEP261220CE,COCHINSHIP,29SEP2026,122000.000000,400,OPTSTK,NFO,5.000000,16001,False
66006,NIFTYNXT5023NOV2680500CE,NIFTYNXT50,23NOV2026,8050000.000000,25,OPTIDX,NFO,5.000000,601,False
66007,NIFTYNXT5023NOV2680500PE,NIFTYNXT50,23NOV2026,8050000.000000,25,OPTIDX,NFO,5.000000,601,False
66108,NIFTYNXT5023NOV2683500CE,NIFTYNXT50,23NOV2026,8350000.000000,25,OPTIDX,NFO,5.000000,601,False
66119,NIFTYNXT5023NOV2684000PE,NIFTYNXT50,23NOV2026,8400000.000000,25,OPTIDX,NFO,5.000000,601,False
66192,COCHINSHIP29SEP261420CE,COCHINSHIP,29SEP2026,142000.000000,400,OPTSTK,NFO,5.000000,16001,False
66204,COCHINSHIP29SEP261540CE,COCHINSHIP,29SEP2026,154000.000000,400,OPTSTK,NFO,5.000000,16001,False
66215,COCHINSHIP29SEP261700CE,COCHINSHIP,29SEP2026,170000.000000,400,OPTSTK,NFO,5.000000,16001,False
66315,COCHINSHIP27OCT261480CE,COCHINSHIP,27OCT2026,148000.000000,400,OPTSTK,NFO,5.000000,16001,False
66318,COCHINSHIP27OCT261520PE,COCHINSHIP,27OCT2026,152000.000000,400,OPTSTK,NFO,5.000000,16001,False
66324,COCHINSHIP27OCT261600PE,COCHINSHIP,27OCT2026,160000.000000,400,OPTSTK,NFO,5.000000,16001,False
66334,COCHINSHIP27OCT261760PE,COCHINSHIP,27OCT2026,176000.000000,400,OPTSTK,NFO,5.000000,16001,False
66376,360ONE27OCT261020CE,360ONE,27OCT2026,102000.000000,500,OPTSTK,NFO,5.000000,20001,False
66390,360ONE27OCT261100CE,360ONE,27OCT2026,110000.000000,500,OPTSTK,NFO,5.000000,20001,False
66428,COFORGE29SEP261940PE,COFORGE,29SEP2026,194000.000000,475,OPTSTK,NFO,5.000000,14251,False
66431,COFORGE29SEP262020CE,COFORGE,29SEP2026,202000.000000,475,OPTSTK,NFO,5.000000,14251,False
66436,COFORGE29SEP262100PE,COFORGE,29SEP2026,210000.000000,475,OPTSTK,NFO,5.000000,14251,False
66453,360ONE27OCT261300CE,360ONE,27OCT2026,130000.000000,500,OPTSTK,NFO,5.000000,20001,False
66481,COFORGE27OCT261560CE,COFORGE,27OCT2026,156000.000000,475,OPTSTK,NFO,5.000000,14251,False
66490,COFORGE27OCT261600PE,COFORGE,27OCT2026,160000.000000,475,OPTSTK,NFO,5.000000,14251,False
66521,360ONE23NOV261040CE,360ONE,23NOV2026,104000.000000,500,OPTSTK,NFO,5.000000,20001,False
66528,COFORGE27OCT261800CE,COFORGE,27OCT2026,180000.000000,475,OPTSTK,NFO,5.000000,14251,False
66578,COFORGE27OCT262080PE,COFORGE,27OCT2026,208000.000000,475,OPTSTK,NFO,5.000000,14251,False
66607,COLPAL29SEP261620CE,COLPAL,29SEP2026,162000.000000,275,OPTSTK,NFO,5.000000,11001,False
66613,COLPAL29SEP261700CE,COLPAL,29SEP2026,170000.000000,275,OPTSTK,NFO,5.000000,11001,False
66614,COLPAL29SEP261700PE,COLPAL,29SEP2026,170000.000000,275,OPTSTK,NFO,5.000000,11001,False
66626,COLPAL29SEP261940PE,COLPAL,29SEP2026,194000.000000,275,OPTSTK,NFO,5.000000,11001,False
66634,COLPAL29SEP262060PE,COLPAL,29SEP2026,206000.000000,275,OPTSTK,NFO,5.000000,11001,False
66676,ABB27OCT266700CE,ABB,27OCT2026,670000.000000,125,OPTSTK,NFO,5.000000,3751,False
66771,COLPAL27OCT261640PE,COLPAL,27OCT2026,164000.000000,275,OPTSTK,NFO,5.000000,11001,False
66772,COLPAL27OCT261680CE,COLPAL,27OCT2026,168000.000000,275,OPTSTK,NFO,5.000000,11001,False
66773,COLPAL27OCT261680PE,COLPAL,27OCT2026,168000.000000,275,OPTSTK,NFO,5.000000,11001,False
66796,ABB23NOV266000PE,ABB,23NOV2026,600000.000000,125,OPTSTK,NFO,5.000000,3751,False
66804,ABB23NOV266400CE,ABB,23NOV2026,640000.000000,125,OPTSTK,NFO,5.000000,3751,False
66809,ABB23NOV266800PE,ABB,23NOV2026,680000.000000,125,OPTSTK,NFO,5.000000,3751,False
66834,ABB23NOV267800CE,ABB,23NOV2026,780000.000000,125,OPTSTK,NFO,5.000000,3751,False
66872,COLPAL27OCT262120PE,COLPAL,27OCT2026,212000.000000,275,OPTSTK,NFO,5.000000,11001,False
66875,COLPAL27OCT262200CE,COLPAL,27OCT2026,220000.000000,275,OPTSTK,NFO,5.000000,11001,False
66877,COLPAL27OCT262240CE,COLPAL,27OCT2026,224000.000000,275,OPTSTK,NFO,5.000000,11001,False
66891,ABB23NOV268400PE,ABB,23NOV2026,840000.000000,125,OPTSTK,NFO,5.000000,3751,False
66982,CONCOR29SEP26475CE,CONCOR,29SEP2026,47500.000000,1250,OPTSTK,NFO,5.000000,50001,False
66991,CONCOR29SEP26485PE,CONCOR,29SEP2026,48500.000000,1250,OPTSTK,NFO,5.000000,50001,False
67081,CONCOR29SEP26565PE,CONCOR,29SEP2026,56500.000000,1250,OPTSTK,NFO,5.000000,50001,False
67083,CONCOR29SEP26575PE,CONCOR,29SEP2026,57500.000000,1250,OPTSTK,NFO,5.000000,50001,False
67177,ABCAPITAL23NOV26350PE,ABCAPITAL,23NOV2026,35000.000000,3100,OPTSTK,NFO,5.000000,62001,False
67199,ABCAPITAL23NOV26430CE,ABCAPITAL,23NOV2026,43000.000000,3100,OPTSTK,NFO,5.000000,62001,False
67226,ABCAPITAL23NOV26450CE,ABCAPITAL,23NOV2026,45000.000000,3100,OPTSTK,NFO,5.000000,62001,False
67257,CONCOR27OCT26470CE,CONCOR,27OCT2026,47000.000000,1250,OPTSTK,NFO,5.000000,50001,False
67263,CONCOR27OCT26490CE,CONCOR,27OCT2026,49000.000000,1250,OPTSTK,NFO,5.000000,50001,False
67293,CONCOR27OCT26570CE,CONCOR,27OCT2026,57000.000000,1250,OPTSTK,NFO,5.000000,50001,False
67331,ADANIENSOL27OCT261220CE,ADANIENSOL,27OCT2026,122000.000000,675,OPTSTK,NFO,5.000000,13501,False
67337,ADANIENSOL27OCT261340CE,ADANIENSOL,27OCT2026,134000.000000,675,OPTSTK,NFO,5.000000,13501,False
67364,ADANIENSOL27OCT261620PE,ADANIENSOL,27OCT2026,162000.000000,675,OPTSTK,NFO,5.000000,13501,False
67365,ADANIENSOL27OCT261660CE,ADANIENSOL,27OCT2026,166000.000000,675,OPTSTK,NFO,5.000000,13501,False
67442,CROMPTON29SEP26225PE,CROMPTON,29SEP2026,22500.000000,2150,OPTSTK,NFO,1.000000,86001,False
67443,CROMPTON29SEP26235CE,CROMPTON,29SEP2026,23500.000000,2150,OPTSTK,NFO,1.000000,86001,False
67451,CROMPTON29SEP26245PE,CROMPTON,29SEP2026,24500.000000,2150,OPTSTK,NFO,1.000000,86001,False
67461,ADANIENSOL23NOV261280CE,ADANIENSOL,23NOV2026,128000.000000,675,OPTSTK,NFO,5.000000,13501,False
67462,ADANIENSOL23NOV261280PE,ADANIENSOL,23NOV2026,128000.000000,675,OPTSTK,NFO,5.000000,13501,False
67467,ADANIENSOL23NOV261400CE,ADANIENSOL,23NOV2026,140000.000000,675,OPTSTK,NFO,5.000000,13501,False
67479,CROMPTON29SEP26265PE,CROMPTON,29SEP2026,26500.000000,2150,OPTSTK,NFO,1.000000,86001,False
67522,CROMPTON27OCT26210CE,CROMPTON,27OCT2026,21000.000000,2150,OPTSTK,NFO,1.000000,86001,False
67530,CROMPTON27OCT26240CE,CROMPTON,27OCT2026,24000.000000,2150,OPTSTK,NFO,1.000000,86001,False
67537,CROMPTON27OCT26260CE,CROMPTON,27OCT2026,26000.000000,2150,OPTSTK,NFO,1.000000,86001,False
67540,CROMPTON27OCT26270PE,CROMPTON,27OCT2026,27000.000000,2150,OPTSTK,NFO,1.000000,86001,False
67542,CROMPTON27OCT26280PE,CROMPTON,27OCT2026,28000.000000,2150,OPTSTK,NFO,1.000000,86001,False
67545,CROMPTON27OCT26290CE,CROMPTON,27OCT2026,29000.000000,2150,OPTSTK,NFO,1.000000,86001,False
67547,CROMPTON27OCT26300CE,CROMPTON,27OCT2026,30000.000000,2150,OPTSTK,NFO,1.000000,86001,False
67602,CUMMINSIND29SEP265300PE,CUMMINSIND,29SEP2026,530000.000000,200,OPTSTK,NFO,5.000000,4001,False
67609,CUMMINSIND29SEP265900PE,CUMMINSIND,29SEP2026,590000.000000,200,OPTSTK,NFO,5.000000,4001,False
67650,CUMMINSIND27OCT265000CE,CUMMINSIND,27OCT2026,500000.000000,200,OPTSTK,NFO,5.000000,4001,False
67708,DABUR29SEP26405CE,DABUR,29SEP2026,40500.000000,1250,OPTSTK,NFO,5.000000,50001,False
67714,DABUR29SEP26435CE,DABUR,29SEP2026,43500.000000,1250,OPTSTK,NFO,5.000000,50001,False
67717,DABUR29SEP26445PE,DABUR,29SEP2026,44500.000000,1250,OPTSTK,NFO,5.000000,50001,False
67761,ADANIENT27OCT263150CE,ADANIENT,27OCT2026,315000.000000,309,OPTSTK,NFO,5.000000,9271,False
67762,ADANIENT27OCT263150PE,ADANIENT,27OCT2026,315000.000000,309,OPTSTK,NFO,5.000000,9271,False
67771,NIFTY26DEC2818000PE,NIFTY,26DEC2028,1800000.000000,65,OPTIDX,NFO,5.000000,1801,False
67781,NIFTY26DEC2823000PE,NIFTY,26DEC2028,2300000.000000,65,OPTIDX,NFO,5.000000,1801,False
67801,DABUR27OCT26340CE,DABUR,27OCT2026,34000.000000,1250,OPTSTK,NFO,5.000000,50001,False
67903,ADANIENT23NOV263200CE,ADANIENT,23NOV2026,320000.000000,309,OPTSTK,NFO,5.000000,9271,False
67846,DABUR27OCT26460CE,DABUR,27OCT2026,46000.000000,1250,OPTSTK,NFO,5.000000,50001,False
67904,ADANIENT23NOV263200PE,ADANIENT,23NOV2026,320000.000000,309,OPTSTK,NFO,5.000000,9271,False
67910,ADANIENT23NOV263400PE,ADANIENT,23NOV2026,340000.000000,309,OPTSTK,NFO,5.000000,9271,False
67966,ADANIGREEN27OCT261180CE,ADANIGREEN,27OCT2026,118000.000000,600,OPTSTK,NFO,5.000000,18001,False
67968,ADANIGREEN27OCT261220CE,ADANIGREEN,27OCT2026,122000.000000,600,OPTSTK,NFO,5.000000,18001,False
67973,ADANIGREEN27OCT261260PE,ADANIGREEN,27OCT2026,126000.000000,600,OPTSTK,NFO,5.000000,18001,False
68037,DELHIVERY29SEP26405PE,DELHIVERY,29SEP2026,40500.000000,2075,OPTSTK,NFO,5.000000,62251,False
68041,DELHIVERY29SEP26425PE,DELHIVERY,29SEP2026,42500.000000,2075,OPTSTK,NFO,5.000000,62251,False
68049,DELHIVERY29SEP26455PE,DELHIVERY,29SEP2026,45500.000000,2075,OPTSTK,NFO,5.000000,62251,False
68080,ADANIGREEN23NOV261120PE,ADANIGREEN,23NOV2026,112000.000000,600,OPTSTK,NFO,5.000000,18001,False
68110,ADANIGREEN23NOV261320PE,ADANIGREEN,23NOV2026,132000.000000,600,OPTSTK,NFO,5.000000,18001,False
68143,DELHIVERY27OCT26420CE,DELHIVERY,27OCT2026,42000.000000,2075,OPTSTK,NFO,5.000000,62251,False
68149,DELHIVERY27OCT26440CE,DELHIVERY,27OCT2026,44000.000000,2075,OPTSTK,NFO,5.000000,62251,False
68169,DELHIVERY27OCT26480PE,DELHIVERY,27OCT2026,48000.000000,2075,OPTSTK,NFO,5.000000,62251,False
68237,ADANIPORTS27OCT261580CE,ADANIPORTS,27OCT2026,158000.000000,475,OPTSTK,NFO,5.000000,14251,False
68240,ADANIPORTS27OCT261620CE,ADANIPORTS,27OCT2026,162000.000000,475,OPTSTK,NFO,5.000000,14251,False
68273,ADANIPORTS27OCT261820CE,ADANIPORTS,27OCT2026,182000.000000,475,OPTSTK,NFO,5.000000,14251,False
68399,DIVISLAB29SEP2610200CE,DIVISLAB,29SEP2026,1020000.000000,100,OPTSTK,NFO,5.000000,3001,False
68427,ASHOKLEY29SEP26FUT,ASHOKLEY,29SEP2026,-1.000000,5000,FUTSTK,NFO,1.000000,150001,False
68433,AUROPHARMA29SEP26FUT,AUROPHARMA,29SEP2026,-1.000000,550,FUTSTK,NFO,10.000000,16501,False
68445,BANKINDIA29SEP26FUT,BANKINDIA,29SEP2026,-1.000000,5200,FUTSTK,NFO,1.000000,156001,False
68474,DLF29SEP26FUT,DLF,29SEP2026,-1.000000,950,FUTSTK,NFO,5.000000,38001,False
68512,ADANIPORTS23NOV261360PE,ADANIPORTS,23NOV2026,136000.000000,475,OPTSTK,NFO,5.000000,14251,False
68518,ADANIPORTS23NOV261480PE,ADANIPORTS,23NOV2026,148000.000000,475,OPTSTK,NFO,5.000000,14251,False
68522,ADANIPORTS23NOV261520PE,ADANIPORTS,23NOV2026,152000.000000,475,OPTSTK,NFO,5.000000,14251,False
68524,ADANIPORTS23NOV261560PE,ADANIPORTS,23NOV2026,156000.000000,475,OPTSTK,NFO,5.000000,14251,False
68537,HINDALCO29SEP26FUT,HINDALCO,29SEP2026,-1.000000,700,FUTSTK,NFO,10.000000,21001,False
68544,ICICIPRULI29SEP26FUT,ICICIPRULI,29SEP2026,-1.000000,925,FUTSTK,NFO,5.000000,46251,False
68550,INDIGO29SEP26FUT,INDIGO,29SEP2026,-1.000000,150,FUTSTK,NFO,50.000000,4501,False
68573,ADANIPORTS23NOV261840PE,ADANIPORTS,23NOV2026,184000.000000,475,OPTSTK,NFO,5.000000,14251,False
68575,ADANIPORTS23NOV261880PE,ADANIPORTS,23NOV2026,188000.000000,475,OPTSTK,NFO,5.000000,14251,False
68585,ADANIPORTS23NOV261960PE,ADANIPORTS,23NOV2026,196000.000000,475,OPTSTK,NFO,5.000000,14251,False
68596,KEI29SEP26FUT,KEI,29SEP2026,-1.000000,175,FUTSTK,NFO,50.000000,5251,False
68648,MANKIND29SEP26FUT,MANKIND,29SEP2026,-1.000000,250,FUTSTK,NFO,10.000000,10001,False
68687,ADANIPOWER27OCT26225PE,ADANIPOWER,27OCT2026,22500.000000,3550,OPTSTK,NFO,1.000000,106501,False
68714,ADANIPOWER23NOV26160CE,ADANIPOWER,23NOV2026,16000.000000,3550,OPTSTK,NFO,1.000000,106501,False
68719,DIXON29SEP2611750CE,DIXON,29SEP2026,1175000.000000,50,OPTSTK,NFO,5.000000,1501,False
68730,DIXON29SEP2614250PE,DIXON,29SEP2026,1425000.000000,50,OPTSTK,NFO,5.000000,1501,False
68735,DIXON29SEP2615750CE,DIXON,29SEP2026,1575000.000000,50,OPTSTK,NFO,5.000000,1501,False
68740,ADANIPOWER23NOV26170CE,ADANIPOWER,23NOV2026,17000.000000,3550,OPTSTK,NFO,1.000000,106501,False
68744,NESTLEIND29SEP26FUT,NESTLEIND,29SEP2026,-1.000000,500,FUTSTK,NFO,10.000000,15001,False
68753,OFSS29SEP26FUT,OFSS,29SEP2026,-1.000000,100,FUTSTK,NFO,100.000000,2001,False
68769,POLYCAB29SEP26FUT,POLYCAB,29SEP2026,-1.000000,125,FUTSTK,NFO,50.000000,2501,False
68779,SAIL29SEP26FUT,SAIL,29SEP2026,-1.000000,4700,FUTSTK,NFO,1.000000,141001,False
68784,SHRIRAMFIN29SEP26FUT,SHRIRAMFIN,29SEP2026,-1.000000,825,FUTSTK,NFO,10.000000,24751,False
68796,TATASTEEL29SEP26FUT,TATASTEEL,29SEP2026,-1.000000,2750,FUTSTK,NFO,1.000000,137501,False
68802,TORNTPHARM29SEP26FUT,TORNTPHARM,29SEP2026,-1.000000,125,FUTSTK,NFO,50.000000,5001,False
68805,ULTRACEMCO29SEP26FUT,ULTRACEMCO,29SEP2026,-1.000000,50,FUTSTK,NFO,100.000000,2001,False
68807,ADANIPOWER23NOV26170PE,ADANIPOWER,23NOV2026,17000.000000,3550,OPTSTK,NFO,1.000000,106501,False
68815,ADANIPOWER23NOV26210PE,ADANIPOWER,23NOV2026,21000.000000,3550,OPTSTK,NFO,1.000000,106501,False
68817,ADANIPOWER23NOV26220PE,ADANIPOWER,23NOV2026,22000.000000,3550,OPTSTK,NFO,1.000000,106501,False
68820,ADANIPOWER23NOV26240CE,ADANIPOWER,23NOV2026,24000.000000,3550,OPTSTK,NFO,1.000000,106501,False
68822,ADANIPOWER23NOV26250CE,ADANIPOWER,23NOV2026,25000.000000,3550,OPTSTK,NFO,1.000000,106501,False
68862,UNOMINDA29SEP26FUT,UNOMINDA,29SEP2026,-1.000000,550,FUTSTK,NFO,10.000000,22001,False
68864,VBL29SEP26FUT,VBL,29SEP2026,-1.000000,1275,FUTSTK,NFO,5.000000,51001,False
68869,WIPRO29SEP26FUT,WIPRO,29SEP2026,-1.000000,3000,FUTSTK,NFO,1.000000,120001,False
68871,ZYDUSLIFE29SEP26FUT,ZYDUSLIFE,29SEP2026,-1.000000,900,FUTSTK,NFO,10.000000,27001,False
68889,ALKEM27OCT264550PE,ALKEM,27OCT2026,455000.000000,125,OPTSTK,NFO,5.000000,5001,False
68896,ALKEM27OCT264950CE,ALKEM,27OCT2026,495000.000000,125,OPTSTK,NFO,5.000000,5001,False
68911,ALKEM27OCT265250PE,ALKEM,27OCT2026,525000.000000,125,OPTSTK,NFO,5.000000,5001,False
68946,DIXON27OCT2613000CE,DIXON,27OCT2026,1300000.000000,50,OPTSTK,NFO,5.000000,1501,False
68948,DIXON27OCT2613500CE,DIXON,27OCT2026,1350000.000000,50,OPTSTK,NFO,5.000000,1501,False
68958,DIXON27OCT2615500CE,DIXON,27OCT2026,1550000.000000,50,OPTSTK,NFO,5.000000,1501,False
69041,ALKEM23NOV264800PE,ALKEM,23NOV2026,480000.000000,125,OPTSTK,NFO,5.000000,5001,False
69056,ALKEM23NOV265400PE,ALKEM,23NOV2026,540000.000000,125,OPTSTK,NFO,5.000000,5001,False
69121,DLF29SEP26630PE,DLF,29SEP2026,63000.000000,950,OPTSTK,NFO,5.000000,38001,False
69158,DLF27OCT26560CE,DLF,27OCT2026,56000.000000,950,OPTSTK,NFO,5.000000,38001,False
69162,DLF27OCT26600CE,DLF,27OCT2026,60000.000000,950,OPTSTK,NFO,5.000000,38001,False
69164,DLF27OCT26620CE,DLF,27OCT2026,62000.000000,950,OPTSTK,NFO,5.000000,38001,False
69249,AMBER27OCT266500PE,AMBER,27OCT2026,650000.000000,100,OPTSTK,NFO,5.000000,3001,False
69256,AMBER27OCT267100PE,AMBER,27OCT2026,710000.000000,100,OPTSTK,NFO,5.000000,3001,False
69274,AMBER27OCT268500PE,AMBER,27OCT2026,850000.000000,100,OPTSTK,NFO,5.000000,3001,False
69367,DMART29SEP263950PE,DMART,29SEP2026,395000.000000,150,OPTSTK,NFO,5.000000,6001,False
69579,DMART29SEP264450CE,DMART,29SEP2026,445000.000000,150,OPTSTK,NFO,5.000000,6001,False
69599,AMBUJACEM27OCT26345CE,AMBUJACEM,27OCT2026,34500.000000,1200,OPTSTK,NFO,5.000000,60001,False
69636,AMBUJACEM27OCT26405CE,AMBUJACEM,27OCT2026,40500.000000,1200,OPTSTK,NFO,5.000000,60001,False
69660,BANKNIFTY29SEP2651700CE,BANKNIFTY,29SEP2026,5170000.000000,30,OPTIDX,NFO,5.000000,601,False
69663,BANKNIFTY29SEP2651800PE,BANKNIFTY,29SEP2026,5180000.000000,30,OPTIDX,NFO,5.000000,601,False
69669,BANKNIFTY29SEP2652100PE,BANKNIFTY,29SEP2026,5210000.000000,30,OPTIDX,NFO,5.000000,601,False
69673,BANKNIFTY29SEP2652300PE,BANKNIFTY,29SEP2026,5230000.000000,30,OPTIDX,NFO,5.000000,601,False
69679,BANKNIFTY29SEP2652700PE,BANKNIFTY,29SEP2026,5270000.000000,30,OPTIDX,NFO,5.000000,601,False
69680,BANKNIFTY29SEP2652800CE,BANKNIFTY,29SEP2026,5280000.000000,30,OPTIDX,NFO,5.000000,601,False
69681,BANKNIFTY29SEP2652800PE,BANKNIFTY,29SEP2026,5280000.000000,30,OPTIDX,NFO,5.000000,601,False
69698,BANKNIFTY29SEP2653700CE,BANKNIFTY,29SEP2026,5370000.000000,30,OPTIDX,NFO,5.000000,601,False
69760,BANKNIFTY29SEP2654600PE,BANKNIFTY,29SEP2026,5460000.000000,30,OPTIDX,NFO,5.000000,601,False
69765,BANKNIFTY29SEP2654900CE,BANKNIFTY,29SEP2026,5490000.000000,30,OPTIDX,NFO,5.000000,601,False
69766,BANKNIFTY29SEP2654900PE,BANKNIFTY,29SEP2026,5490000.000000,30,OPTIDX,NFO,5.000000,601,False
69777,BANKNIFTY29SEP2655400CE,BANKNIFTY,29SEP2026,5540000.000000,30,OPTIDX,NFO,5.000000,601,False
69782,BANKNIFTY29SEP2655700PE,BANKNIFTY,29SEP2026,5570000.000000,30,OPTIDX,NFO,5.000000,601,False
69795,BANKNIFTY29SEP2656200CE,BANKNIFTY,29SEP2026,5620000.000000,30,OPTIDX,NFO,5.000000,601,False
69841,BANKNIFTY29SEP2658100PE,BANKNIFTY,29SEP2026,5810000.000000,30,OPTIDX,NFO,5.000000,601,False
69849,BANKNIFTY29SEP2658300PE,BANKNIFTY,29SEP2026,5830000.000000,30,OPTIDX,NFO,5.000000,601,False
69855,DMART27OCT263800PE,DMART,27OCT2026,380000.000000,150,OPTSTK,NFO,5.000000,6001,False
69859,DMART27OCT264000PE,DMART,27OCT2026,400000.000000,150,OPTSTK,NFO,5.000000,6001,False
69865,DMART27OCT264200PE,DMART,27OCT2026,420000.000000,150,OPTSTK,NFO,5.000000,6001,False
69867,DMART27OCT264300PE,DMART,27OCT2026,430000.000000,150,OPTSTK,NFO,5.000000,6001,False
69908,AMBUJACEM23NOV26350PE,AMBUJACEM,23NOV2026,35000.000000,1200,OPTSTK,NFO,5.000000,60001,False
69909,AMBUJACEM23NOV26360CE,AMBUJACEM,23NOV2026,36000.000000,1200,OPTSTK,NFO,5.000000,60001,False
69934,AMBUJACEM23NOV26460PE,AMBUJACEM,23NOV2026,46000.000000,1200,OPTSTK,NFO,5.000000,60001,False
69944,BANKNIFTY29SEP2659500CE,BANKNIFTY,29SEP2026,5950000.000000,30,OPTIDX,NFO,5.000000,601,False
69979,ANGELONE27OCT26285CE,ANGELONE,27OCT2026,28500.000000,2500,OPTSTK,NFO,5.000000,75001,False
69990,ANGELONE27OCT26335CE,ANGELONE,27OCT2026,33500.000000,2500,OPTSTK,NFO,5.000000,75001,False
70010,BANKNIFTY29SEP2659900PE,BANKNIFTY,29SEP2026,5990000.000000,30,OPTIDX,NFO,5.000000,601,False
70027,BANKNIFTY29SEP2660900CE,BANKNIFTY,29SEP2026,6090000.000000,30,OPTIDX,NFO,5.000000,601,False
70032,BANKNIFTY29SEP2661100PE,BANKNIFTY,29SEP2026,6110000.000000,30,OPTIDX,NFO,5.000000,601,False
70033,BANKNIFTY29SEP2661200CE,BANKNIFTY,29SEP2026,6120000.000000,30,OPTIDX,NFO,5.000000,601,False
70046,BANKNIFTY29SEP2661800PE,BANKNIFTY,29SEP2026,6180000.000000,30,OPTIDX,NFO,5.000000,601,False
70085,BANKNIFTY29SEP2662400PE,BANKNIFTY,29SEP2026,6240000.000000,30,OPTIDX,NFO,5.000000,601,False
70102,BANKNIFTY29SEP2663300PE,BANKNIFTY,29SEP2026,6330000.000000,30,OPTIDX,NFO,5.000000,601,False
70111,BANKNIFTY29SEP2663800CE,BANKNIFTY,29SEP2026,6380000.000000,30,OPTIDX,NFO,5.000000,601,False
70271,DRREDDY29SEP261070PE,DRREDDY,29SEP2026,107000.000000,625,OPTSTK,NFO,5.000000,18751,False
70273,ANGELONE23NOV26280CE,ANGELONE,23NOV2026,28000.000000,2500,OPTSTK,NFO,5.000000,75001,False
70276,ANGELONE23NOV26290PE,ANGELONE,23NOV2026,29000.000000,2500,OPTSTK,NFO,5.000000,75001,False
70286,ANGELONE23NOV26340PE,ANGELONE,23NOV2026,34000.000000,2500,OPTSTK,NFO,5.000000,75001,False
70396,APLAPOLLO27OCT261980CE,APLAPOLLO,27OCT2026,198000.000000,350,OPTSTK,NFO,5.000000,10501,False
70414,DRREDDY29SEP261210PE,DRREDDY,29SEP2026,121000.000000,625,OPTSTK,NFO,5.000000,18751,False
70422,DRREDDY29SEP261270PE,DRREDDY,29SEP2026,127000.000000,625,OPTSTK,NFO,5.000000,18751,False
70470,APLAPOLLO27OCT262180CE,APLAPOLLO,27OCT2026,218000.000000,350,OPTSTK,NFO,5.000000,10501,False
70480,APLAPOLLO27OCT262300PE,APLAPOLLO,27OCT2026,230000.000000,350,OPTSTK,NFO,5.000000,10501,False
70483,APLAPOLLO27OCT262380CE,APLAPOLLO,27OCT2026,238000.000000,350,OPTSTK,NFO,5.000000,10501,False
70650,APLAPOLLO23NOV261920PE,APLAPOLLO,23NOV2026,192000.000000,350,OPTSTK,NFO,5.000000,10501,False
70664,APLAPOLLO23NOV262120CE,APLAPOLLO,23NOV2026,212000.000000,350,OPTSTK,NFO,5.000000,10501,False
70680,APLAPOLLO23NOV262280CE,APLAPOLLO,23NOV2026,228000.000000,350,OPTSTK,NFO,5.000000,10501,False
70682,DRREDDY27OCT26940CE,DRREDDY,27OCT2026,94000.000000,625,OPTSTK,NFO,5.000000,18751,False
70688,APLAPOLLO23NOV262360CE,APLAPOLLO,23NOV2026,236000.000000,350,OPTSTK,NFO,5.000000,10501,False
70780,DRREDDY27OCT261020CE,DRREDDY,27OCT2026,102000.000000,625,OPTSTK,NFO,5.000000,18751,False
70784,DRREDDY27OCT261040CE,DRREDDY,27OCT2026,104000.000000,625,OPTSTK,NFO,5.000000,18751,False
70798,BANKNIFTY29JUN2761500CE,BANKNIFTY,29JUN2027,6150000.000000,30,OPTIDX,NFO,5.000000,601,False
70801,BANKNIFTY29JUN2763000PE,BANKNIFTY,29JUN2027,6300000.000000,30,OPTIDX,NFO,5.000000,601,False
70803,BANKNIFTY29JUN2764500PE,BANKNIFTY,29JUN2027,6450000.000000,30,OPTIDX,NFO,5.000000,601,False
70804,BANKNIFTY29JUN2766000CE,BANKNIFTY,29JUN2027,6600000.000000,30,OPTIDX,NFO,5.000000,601,False
70827,APOLLOHOSP27OCT268100CE,APOLLOHOSP,27OCT2026,810000.000000,125,OPTSTK,NFO,5.000000,2501,False
70895,DRREDDY27OCT261060CE,DRREDDY,27OCT2026,106000.000000,625,OPTSTK,NFO,5.000000,18751,False
70900,DRREDDY27OCT261100PE,DRREDDY,27OCT2026,110000.000000,625,OPTSTK,NFO,5.000000,18751,False
70917,DRREDDY27OCT261280CE,DRREDDY,27OCT2026,128000.000000,625,OPTSTK,NFO,5.000000,18751,False
70966,APOLLOHOSP23NOV267800PE,APOLLOHOSP,23NOV2026,780000.000000,125,OPTSTK,NFO,5.000000,2501,False
70976,APOLLOHOSP23NOV268800PE,APOLLOHOSP,23NOV2026,880000.000000,125,OPTSTK,NFO,5.000000,2501,False
70980,APOLLOHOSP23NOV269200PE,APOLLOHOSP,23NOV2026,920000.000000,125,OPTSTK,NFO,5.000000,2501,False
71026,ASHOKLEY27OCT26157.5PE,ASHOKLEY,27OCT2026,15750.000000,5000,OPTSTK,NFO,1.000000,150001,False
71028,ASHOKLEY27OCT26162.5PE,ASHOKLEY,27OCT2026,16250.000000,5000,OPTSTK,NFO,1.000000,150001,False
71030,ASHOKLEY27OCT26167.5PE,ASHOKLEY,27OCT2026,16750.000000,5000,OPTSTK,NFO,1.000000,150001,False
71038,ASHOKLEY27OCT26187.5PE,ASHOKLEY,27OCT2026,18750.000000,5000,OPTSTK,NFO,1.000000,150001,False
71084,EICHERMOT29SEP266700PE,EICHERMOT,29SEP2026,670000.000000,100,OPTSTK,NFO,5.000000,3001,False
71106,EICHERMOT29SEP267900PE,EICHERMOT,29SEP2026,790000.000000,100,OPTSTK,NFO,5.000000,3001,False
71121,EICHERMOT29SEP268700PE,EICHERMOT,29SEP2026,870000.000000,100,OPTSTK,NFO,5.000000,3001,False
71150,ASHOKLEY23NOV26170CE,ASHOKLEY,23NOV2026,17000.000000,5000,OPTSTK,NFO,1.000000,150001,False
71160,ASHOKLEY23NOV26195CE,ASHOKLEY,23NOV2026,19500.000000,5000,OPTSTK,NFO,1.000000,150001,False
71161,ASHOKLEY23NOV26195PE,ASHOKLEY,23NOV2026,19500.000000,5000,OPTSTK,NFO,1.000000,150001,False
71163,ASHOKLEY23NOV26200PE,ASHOKLEY,23NOV2026,20000.000000,5000,OPTSTK,NFO,1.000000,150001,False
71204,ASIANPAINT27OCT262260CE,ASIANPAINT,27OCT2026,226000.000000,250,OPTSTK,NFO,5.000000,10001,False
71250,ASIANPAINT27OCT262620PE,ASIANPAINT,27OCT2026,262000.000000,250,OPTSTK,NFO,5.000000,10001,False
71263,ASIANPAINT27OCT262780PE,ASIANPAINT,27OCT2026,278000.000000,250,OPTSTK,NFO,5.000000,10001,False
71365,EICHERMOT27OCT266600PE,EICHERMOT,27OCT2026,660000.000000,100,OPTSTK,NFO,5.000000,3001,False
71420,EICHERMOT27OCT268600CE,EICHERMOT,27OCT2026,860000.000000,100,OPTSTK,NFO,5.000000,3001,False
71423,EICHERMOT27OCT268800PE,EICHERMOT,27OCT2026,880000.000000,100,OPTSTK,NFO,5.000000,3001,False
71504,NIFTY29DEC2625000PE,NIFTY,29DEC2026,2500000.000000,65,OPTIDX,NFO,5.000000,1801,False
71553,NIFTY29JUN2721000CE,NIFTY,29JUN2027,2100000.000000,65,OPTIDX,NFO,5.000000,1801,False
71588,ETERNAL29SEP26315CE,ETERNAL,29SEP2026,31500.000000,2425,OPTSTK,NFO,5.000000,72751,False
71606,ASIANPAINT23NOV262240CE,ASIANPAINT,23NOV2026,224000.000000,250,OPTSTK,NFO,5.000000,10001,False
71608,ASIANPAINT23NOV262280CE,ASIANPAINT,23NOV2026,228000.000000,250,OPTSTK,NFO,5.000000,10001,False
71622,ASIANPAINT23NOV262560CE,ASIANPAINT,23NOV2026,256000.000000,250,OPTSTK,NFO,5.000000,10001,False
71624,ASIANPAINT23NOV262600CE,ASIANPAINT,23NOV2026,260000.000000,250,OPTSTK,NFO,5.000000,10001,False
71627,ASIANPAINT23NOV262640PE,ASIANPAINT,23NOV2026,264000.000000,250,OPTSTK,NFO,5.000000,10001,False
71667,FINNIFTY29SEP2622600PE,FINNIFTY,29SEP2026,2260000.000000,60,OPTIDX,NFO,5.000000,1801,False
71706,ASTRAL27OCT261300PE,ASTRAL,27OCT2026,130000.000000,425,OPTSTK,NFO,5.000000,17001,False
71716,FINNIFTY29SEP2623200CE,FINNIFTY,29SEP2026,2320000.000000,60,OPTIDX,NFO,5.000000,1801,False
71726,FINNIFTY29SEP2623700CE,FINNIFTY,29SEP2026,2370000.000000,60,OPTIDX,NFO,5.000000,1801,False
71730,FINNIFTY29SEP2623900CE,FINNIFTY,29SEP2026,2390000.000000,60,OPTIDX,NFO,5.000000,1801,False
71742,FINNIFTY29SEP2624500CE,FINNIFTY,29SEP2026,2450000.000000,60,OPTIDX,NFO,5.000000,1801,False
71748,FINNIFTY29SEP2624700CE,FINNIFTY,29SEP2026,2470000.000000,60,OPTIDX,NFO,5.000000,1801,False
71749,ASTRAL27OCT261460PE,ASTRAL,27OCT2026,146000.000000,425,OPTSTK,NFO,5.000000,17001,False
71763,FINNIFTY29SEP2624900PE,FINNIFTY,29SEP2026,2490000.000000,60,OPTIDX,NFO,5.000000,1801,False
71770,FINNIFTY29SEP2625300CE,FINNIFTY,29SEP2026,2530000.000000,60,OPTIDX,NFO,5.000000,1801,False
71773,ASTRAL27OCT261660PE,ASTRAL,27OCT2026,166000.000000,425,OPTSTK,NFO,5.000000,17001,False
71780,FINNIFTY29SEP2625500PE,FINNIFTY,29SEP2026,2550000.000000,60,OPTIDX,NFO,5.000000,1801,False
71814,FINNIFTY29SEP2626300CE,FINNIFTY,29SEP2026,2630000.000000,60,OPTIDX,NFO,5.000000,1801,False
71860,FINNIFTY29SEP2627200CE,FINNIFTY,29SEP2026,2720000.000000,60,OPTIDX,NFO,5.000000,1801,False
71867,FINNIFTY29SEP2627200PE,FINNIFTY,29SEP2026,2720000.000000,60,OPTIDX,NFO,5.000000,1801,False
71886,FINNIFTY29SEP2627900CE,FINNIFTY,29SEP2026,2790000.000000,60,OPTIDX,NFO,5.000000,1801,False
72049,ETERNAL27OCT26330PE,ETERNAL,27OCT2026,33000.000000,2425,OPTSTK,NFO,5.000000,72751,False
72040,ETERNAL27OCT26300CE,ETERNAL,27OCT2026,30000.000000,2425,OPTSTK,NFO,5.000000,72751,False
72045,ETERNAL27OCT26310PE,ETERNAL,27OCT2026,31000.000000,2425,OPTSTK,NFO,5.000000,72751,False
72232,FEDERALBNK29SEP26365CE,FEDERALBNK,29SEP2026,36500.000000,2500,OPTSTK,NFO,5.000000,75001,False
72051,ETERNAL27OCT26340PE,ETERNAL,27OCT2026,34000.000000,2425,OPTSTK,NFO,5.000000,72751,False
72069,ASTRAL23NOV261520PE,ASTRAL,23NOV2026,152000.000000,425,OPTSTK,NFO,5.000000,17001,False
72077,ASTRAL23NOV261600PE,ASTRAL,23NOV2026,160000.000000,425,OPTSTK,NFO,5.000000,17001,False
72235,FEDERALBNK29SEP26375PE,FEDERALBNK,29SEP2026,37500.000000,2500,OPTSTK,NFO,5.000000,75001,False
72236,FEDERALBNK29SEP26385CE,FEDERALBNK,29SEP2026,38500.000000,2500,OPTSTK,NFO,5.000000,75001,False
72336,FEDERALBNK29SEP26385PE,FEDERALBNK,29SEP2026,38500.000000,2500,OPTSTK,NFO,5.000000,75001,False
72397,FEDERALBNK27OCT26290PE,FEDERALBNK,27OCT2026,29000.000000,2500,OPTSTK,NFO,5.000000,75001,False
72404,ATHERENERG29SEP261480PE,ATHERENERG,29SEP2026,148000.000000,375,OPTSTK,NFO,5.000000,15001,False
72406,FEDERALBNK27OCT26330CE,FEDERALBNK,27OCT2026,33000.000000,2500,OPTSTK,NFO,5.000000,75001,False
72431,ATHERENERG29SEP261620PE,ATHERENERG,29SEP2026,162000.000000,375,OPTSTK,NFO,5.000000,15001,False
72473,FORCEMOT29SEP2615500CE,FORCEMOT,29SEP2026,1550000.000000,25,OPTSTK,NFO,5.000000,1251,False
72475,FORCEMOT29SEP2616500CE,FORCEMOT,29SEP2026,1650000.000000,25,OPTSTK,NFO,5.000000,1251,False
72478,FORCEMOT29SEP2617500PE,FORCEMOT,29SEP2026,1750000.000000,25,OPTSTK,NFO,5.000000,1251,False
72613,FORCEMOT27OCT2614000PE,FORCEMOT,27OCT2026,1400000.000000,25,OPTSTK,NFO,5.000000,1251,False
72616,MIDCPNIFTY29SEP2612900CE,MIDCPNIFTY,29SEP2026,1290000.000000,120,OPTIDX,NFO,5.000000,2801,False
72624,MIDCPNIFTY29SEP2613000CE,MIDCPNIFTY,29SEP2026,1300000.000000,120,OPTIDX,NFO,5.000000,2801,False
72680,FORCEMOT27OCT2620000CE,FORCEMOT,27OCT2026,2000000.000000,25,OPTSTK,NFO,5.000000,1251,False
72681,FORCEMOT27OCT2620000PE,FORCEMOT,27OCT2026,2000000.000000,25,OPTSTK,NFO,5.000000,1251,False
72750,MIDCPNIFTY29SEP2613625PE,MIDCPNIFTY,29SEP2026,1362500.000000,120,OPTIDX,NFO,5.000000,2801,False
72767,MIDCPNIFTY29SEP2613725CE,MIDCPNIFTY,29SEP2026,1372500.000000,120,OPTIDX,NFO,5.000000,2801,False
72771,FORTIS29SEP26830CE,FORTIS,29SEP2026,83000.000000,775,OPTSTK,NFO,5.000000,23251,False
72772,ATHERENERG27OCT261280PE,ATHERENERG,27OCT2026,128000.000000,375,OPTSTK,NFO,5.000000,15001,False
72776,ATHERENERG27OCT261320CE,ATHERENERG,27OCT2026,132000.000000,375,OPTSTK,NFO,5.000000,15001,False
72801,MIDCPNIFTY29SEP2613950CE,MIDCPNIFTY,29SEP2026,1395000.000000,120,OPTIDX,NFO,5.000000,2801,False
72807,MIDCPNIFTY29SEP2614025CE,MIDCPNIFTY,29SEP2026,1402500.000000,120,OPTIDX,NFO,5.000000,2801,False
72812,ATHERENERG27OCT261460PE,ATHERENERG,27OCT2026,146000.000000,375,OPTSTK,NFO,5.000000,15001,False
72839,FORTIS29SEP26850PE,FORTIS,29SEP2026,85000.000000,775,OPTSTK,NFO,5.000000,23251,False
72842,ATHERENERG27OCT261580PE,ATHERENERG,27OCT2026,158000.000000,375,OPTSTK,NFO,5.000000,15001,False
72846,MIDCPNIFTY29SEP2614250CE,MIDCPNIFTY,29SEP2026,1425000.000000,120,OPTIDX,NFO,5.000000,2801,False
72859,ATHERENERG27OCT261640PE,ATHERENERG,27OCT2026,164000.000000,375,OPTSTK,NFO,5.000000,15001,False
72868,ATHERENERG27OCT261700CE,ATHERENERG,27OCT2026,170000.000000,375,OPTSTK,NFO,5.000000,15001,False
72885,ATHERENERG27OCT261840PE,ATHERENERG,27OCT2026,184000.000000,375,OPTSTK,NFO,5.000000,15001,False
72931,MIDCPNIFTY29SEP2614425CE,MIDCPNIFTY,29SEP2026,1442500.000000,120,OPTIDX,NFO,5.000000,2801,False
72943,MIDCPNIFTY29SEP2614550PE,MIDCPNIFTY,29SEP2026,1455000.000000,120,OPTIDX,NFO,5.000000,2801,False
72883,MIDCPNIFTY29SEP2614375CE,MIDCPNIFTY,29SEP2026,1437500.000000,120,OPTIDX,NFO,5.000000,2801,False
72946,MIDCPNIFTY29SEP2614600CE,MIDCPNIFTY,29SEP2026,1460000.000000,120,OPTIDX,NFO,5.000000,2801,False
72948,MIDCPNIFTY29SEP2614625CE,MIDCPNIFTY,29SEP2026,1462500.000000,120,OPTIDX,NFO,5.000000,2801,False
72965,MIDCPNIFTY29SEP2614825PE,MIDCPNIFTY,29SEP2026,1482500.000000,120,OPTIDX,NFO,5.000000,2801,False
72979,MIDCPNIFTY29SEP2614950PE,MIDCPNIFTY,29SEP2026,1495000.000000,120,OPTIDX,NFO,5.000000,2801,False
72993,MIDCPNIFTY29SEP2615125PE,MIDCPNIFTY,29SEP2026,1512500.000000,120,OPTIDX,NFO,5.000000,2801,False
73007,ATHERENERG23NOV261440CE,ATHERENERG,23NOV2026,144000.000000,375,OPTSTK,NFO,5.000000,15001,False
73022,ATHERENERG23NOV261680CE,ATHERENERG,23NOV2026,168000.000000,375,OPTSTK,NFO,5.000000,15001,False
73024,ATHERENERG23NOV261720CE,ATHERENERG,23NOV2026,172000.000000,375,OPTSTK,NFO,5.000000,15001,False
73027,ATHERENERG23NOV261760PE,ATHERENERG,23NOV2026,176000.000000,375,OPTSTK,NFO,5.000000,15001,False
73072,FORTIS29SEP26990PE,FORTIS,29SEP2026,99000.000000,775,OPTSTK,NFO,5.000000,23251,False
73082,MIDCPNIFTY29SEP2615325CE,MIDCPNIFTY,29SEP2026,1532500.000000,120,OPTIDX,NFO,5.000000,2801,False
73088,MIDCPNIFTY29SEP2615400CE,MIDCPNIFTY,29SEP2026,1540000.000000,120,OPTIDX,NFO,5.000000,2801,False
73092,MIDCPNIFTY29SEP2615450CE,MIDCPNIFTY,29SEP2026,1545000.000000,120,OPTIDX,NFO,5.000000,2801,False
73113,ATHERENERG23NOV261840CE,ATHERENERG,23NOV2026,184000.000000,375,OPTSTK,NFO,5.000000,15001,False
73125,MIDCPNIFTY29SEP2615700PE,MIDCPNIFTY,29SEP2026,1570000.000000,120,OPTIDX,NFO,5.000000,2801,False
73133,MIDCPNIFTY29SEP2615800PE,MIDCPNIFTY,29SEP2026,1580000.000000,120,OPTIDX,NFO,5.000000,2801,False
73163,AUBANK27OCT261060CE,AUBANK,27OCT2026,106000.000000,1000,OPTSTK,NFO,5.000000,20001,False
73213,FORTIS27OCT26800CE,FORTIS,27OCT2026,80000.000000,775,OPTSTK,NFO,5.000000,23251,False
73216,FORTIS27OCT26820PE,FORTIS,27OCT2026,82000.000000,775,OPTSTK,NFO,5.000000,23251,False
73217,FORTIS27OCT26840CE,FORTIS,27OCT2026,84000.000000,775,OPTSTK,NFO,5.000000,23251,False
73220,FORTIS27OCT26860PE,FORTIS,27OCT2026,86000.000000,775,OPTSTK,NFO,5.000000,23251,False
73245,FORTIS27OCT261060PE,FORTIS,27OCT2026,106000.000000,775,OPTSTK,NFO,5.000000,23251,False
73500,AUBANK23NOV261080CE,AUBANK,23NOV2026,108000.000000,1000,OPTSTK,NFO,5.000000,20001,False
73513,AUBANK23NOV261200PE,AUBANK,23NOV2026,120000.000000,1000,OPTSTK,NFO,5.000000,20001,False
73517,AUBANK23NOV261280PE,AUBANK,23NOV2026,128000.000000,1000,OPTSTK,NFO,5.000000,20001,False
73729,AUROPHARMA27OCT261780CE,AUROPHARMA,27OCT2026,178000.000000,550,OPTSTK,NFO,5.000000,16501,False
73780,AUROPHARMA23NOV261600PE,AUROPHARMA,23NOV2026,160000.000000,550,OPTSTK,NFO,5.000000,16501,False
73805,NIFTY29SEP2621600CE,NIFTY,29SEP2026,2160000.000000,65,OPTIDX,NFO,5.000000,1801,False
73806,NIFTY29SEP2621600PE,NIFTY,29SEP2026,2160000.000000,65,OPTIDX,NFO,5.000000,1801,False
73856,NIFTY29SEP2621900CE,NIFTY,29SEP2026,2190000.000000,65,OPTIDX,NFO,5.000000,1801,False
73858,NIFTY29SEP2621900PE,NIFTY,29SEP2026,2190000.000000,65,OPTIDX,NFO,5.000000,1801,False
73864,NIFTY29SEP2621950PE,NIFTY,29SEP2026,2195000.000000,65,OPTIDX,NFO,5.000000,1801,False
73878,NIFTY29SEP2622300PE,NIFTY,29SEP2026,2230000.000000,65,OPTIDX,NFO,5.000000,1801,False
73884,NIFTY29SEP2622450PE,NIFTY,29SEP2026,2245000.000000,65,OPTIDX,NFO,5.000000,1801,False
73885,NIFTY29SEP2622550CE,NIFTY,29SEP2026,2255000.000000,65,OPTIDX,NFO,5.000000,1801,False
73889,NIFTY29SEP2622650CE,NIFTY,29SEP2026,2265000.000000,65,OPTIDX,NFO,5.000000,1801,False
73892,NIFTY29SEP2622700PE,NIFTY,29SEP2026,2270000.000000,65,OPTIDX,NFO,5.000000,1801,False
73898,NIFTY29SEP2622850PE,NIFTY,29SEP2026,2285000.000000,65,OPTIDX,NFO,5.000000,1801,False
73902,NIFTY29SEP2622950PE,NIFTY,29SEP2026,2295000.000000,65,OPTIDX,NFO,5.000000,1801,False
73977,AXISBANK27OCT261260CE,AXISBANK,27OCT2026,126000.000000,625,OPTSTK,NFO,5.000000,18751,False
73979,AXISBANK27OCT261300CE,AXISBANK,27OCT2026,130000.000000,625,OPTSTK,NFO,5.000000,18751,False
73984,AXISBANK27OCT261380CE,AXISBANK,27OCT2026,138000.000000,625,OPTSTK,NFO,5.000000,18751,False
73988,AXISBANK27OCT261420PE,AXISBANK,27OCT2026,142000.000000,625,OPTSTK,NFO,5.000000,18751,False
74046,NIFTY29SEP2623800PE,NIFTY,29SEP2026,2380000.000000,65,OPTIDX,NFO,5.000000,1801,False
74068,NIFTY29SEP2624200CE,NIFTY,29SEP2026,2420000.000000,65,OPTIDX,NFO,5.000000,1801,False
74115,NIFTY29SEP2624400PE,NIFTY,29SEP2026,2440000.000000,65,OPTIDX,NFO,5.000000,1801,False
74149,AXISBANK23NOV261120CE,AXISBANK,23NOV2026,112000.000000,625,OPTSTK,NFO,5.000000,18751,False
74153,AXISBANK23NOV261200CE,AXISBANK,23NOV2026,120000.000000,625,OPTSTK,NFO,5.000000,18751,False
74164,AXISBANK23NOV261400PE,AXISBANK,23NOV2026,140000.000000,625,OPTSTK,NFO,5.000000,18751,False
74177,GAIL29SEP26152.5PE,GAIL,29SEP2026,15250.000000,3550,OPTSTK,NFO,1.000000,142001,False
74243,NIFTY29SEP2624550CE,NIFTY,29SEP2026,2455000.000000,65,OPTIDX,NFO,5.000000,1801,False
74275,GAIL29SEP26187.5CE,GAIL,29SEP2026,18750.000000,3550,OPTSTK,NFO,1.000000,142001,False
74281,GAIL29SEP26192.5PE,GAIL,29SEP2026,19250.000000,3550,OPTSTK,NFO,1.000000,142001,False
74351,NIFTY29SEP2624650CE,NIFTY,29SEP2026,2465000.000000,65,OPTIDX,NFO,5.000000,1801,False
74364,NIFTY29SEP2624950PE,NIFTY,29SEP2026,2495000.000000,65,OPTIDX,NFO,5.000000,1801,False
74366,NIFTY29SEP2625050CE,NIFTY,29SEP2026,2505000.000000,65,OPTIDX,NFO,5.000000,1801,False
74379,BAJAJ-AUTO27OCT2610900PE,BAJAJ-AUTO,27OCT2026,1090000.000000,75,OPTSTK,NFO,5.000000,2251,False
74381,BAJAJ-AUTO27OCT2611100CE,BAJAJ-AUTO,27OCT2026,1110000.000000,75,OPTSTK,NFO,5.000000,2251,False
74387,NIFTY29SEP2625300PE,NIFTY,29SEP2026,2530000.000000,65,OPTIDX,NFO,5.000000,1801,False
74388,NIFTY29SEP2625350CE,NIFTY,29SEP2026,2535000.000000,65,OPTIDX,NFO,5.000000,1801,False
74394,NIFTY29SEP2625400PE,NIFTY,29SEP2026,2540000.000000,65,OPTIDX,NFO,5.000000,1801,False
74398,BAJAJ-AUTO27OCT2611500CE,BAJAJ-AUTO,27OCT2026,1150000.000000,75,OPTSTK,NFO,5.000000,2251,False
74402,BAJAJ-AUTO27OCT2611700PE,BAJAJ-AUTO,27OCT2026,1170000.000000,75,OPTSTK,NFO,5.000000,2251,False
74407,NIFTY29SEP2625600CE,NIFTY,29SEP2026,2560000.000000,65,OPTIDX,NFO,5.000000,1801,False
74408,BAJAJ-AUTO27OCT2612100PE,BAJAJ-AUTO,27OCT2026,1210000.000000,75,OPTSTK,NFO,5.000000,2251,False
74418,NIFTY29SEP2625750CE,NIFTY,29SEP2026,2575000.000000,65,OPTIDX,NFO,5.000000,1801,False
74423,NIFTY29SEP2625850PE,NIFTY,29SEP2026,2585000.000000,65,OPTIDX,NFO,5.000000,1801,False
74430,BAJAJ-AUTO27OCT2613100CE,BAJAJ-AUTO,27OCT2026,1310000.000000,75,OPTSTK,NFO,5.000000,2251,False
74471,NIFTY29SEP2626300CE,NIFTY,29SEP2026,2630000.000000,65,OPTIDX,NFO,5.000000,1801,False
74499,NIFTY29SEP2626950CE,NIFTY,29SEP2026,2695000.000000,65,OPTIDX,NFO,5.000000,1801,False
74506,NIFTY29SEP2627150PE,NIFTY,29SEP2026,2715000.000000,65,OPTIDX,NFO,5.000000,1801,False
74616,GAIL27OCT26160PE,GAIL,27OCT2026,16000.000000,3550,OPTSTK,NFO,1.000000,142001,False
74618,GAIL27OCT26165PE,GAIL,27OCT2026,16500.000000,3550,OPTSTK,NFO,1.000000,142001,False
74693,GAIL27OCT26180PE,GAIL,27OCT2026,18000.000000,3550,OPTSTK,NFO,1.000000,142001,False
74699,GAIL27OCT26195PE,GAIL,27OCT2026,19500.000000,3550,OPTSTK,NFO,1.000000,142001,False
74838,BAJAJ-AUTO23NOV2610400CE,BAJAJ-AUTO,23NOV2026,1040000.000000,75,OPTSTK,NFO,5.000000,2251,False
74865,BAJAJ-AUTO23NOV2610800PE,BAJAJ-AUTO,23NOV2026,1080000.000000,75,OPTSTK,NFO,5.000000,2251,False
74878,GLENMARK29SEP262100CE,GLENMARK,29SEP2026,210000.000000,375,OPTSTK,NFO,5.000000,11251,False
74882,GLENMARK29SEP262180CE,GLENMARK,29SEP2026,218000.000000,375,OPTSTK,NFO,5.000000,11251,False
74886,GLENMARK29SEP262260CE,GLENMARK,29SEP2026,226000.000000,375,OPTSTK,NFO,5.000000,11251,False
74887,GLENMARK29SEP262260PE,GLENMARK,29SEP2026,226000.000000,375,OPTSTK,NFO,5.000000,11251,False
74888,GLENMARK29SEP262300CE,GLENMARK,29SEP2026,230000.000000,375,OPTSTK,NFO,5.000000,11251,False
74920,BAJAJ-AUTO23NOV2611600CE,BAJAJ-AUTO,23NOV2026,1160000.000000,75,OPTSTK,NFO,5.000000,2251,False
74921,BAJAJ-AUTO23NOV2611600PE,BAJAJ-AUTO,23NOV2026,1160000.000000,75,OPTSTK,NFO,5.000000,2251,False
74922,BAJAJ-AUTO23NOV2611800CE,BAJAJ-AUTO,23NOV2026,1180000.000000,75,OPTSTK,NFO,5.000000,2251,False
74935,BAJAJ-AUTO23NOV2613000PE,BAJAJ-AUTO,23NOV2026,1300000.000000,75,OPTSTK,NFO,5.000000,2251,False
74937,BAJAJ-AUTO23NOV2613200PE,BAJAJ-AUTO,23NOV2026,1320000.000000,75,OPTSTK,NFO,5.000000,2251,False
74938,BAJAJ-AUTO23NOV2613400CE,BAJAJ-AUTO,23NOV2026,1340000.000000,75,OPTSTK,NFO,5.000000,2251,False
74939,BAJAJ-AUTO23NOV2613400PE,BAJAJ-AUTO,23NOV2026,1340000.000000,75,OPTSTK,NFO,5.000000,2251,False
74945,BAJAJ-AUTO23NOV2614000PE,BAJAJ-AUTO,23NOV2026,1400000.000000,75,OPTSTK,NFO,5.000000,2251,False
74948,GLENMARK29SEP262540PE,GLENMARK,29SEP2026,254000.000000,375,OPTSTK,NFO,5.000000,11251,False
75090,BAJAJFINSV27OCT261940PE,BAJAJFINSV,27OCT2026,194000.000000,300,OPTSTK,NFO,5.000000,12001,False
75096,NIFTYNXT5029SEP2664400CE,NIFTYNXT50,29SEP2026,6440000.000000,25,OPTIDX,NFO,5.000000,601,False
75099,NIFTYNXT5029SEP2664500PE,NIFTYNXT50,29SEP2026,6450000.000000,25,OPTIDX,NFO,5.000000,601,False
75102,NIFTYNXT5029SEP2664700CE,NIFTYNXT50,29SEP2026,6470000.000000,25,OPTIDX,NFO,5.000000,601,False
75104,NIFTYNXT5029SEP2664800CE,NIFTYNXT50,29SEP2026,6480000.000000,25,OPTIDX,NFO,5.000000,601,False
75106,NIFTYNXT5029SEP2664900CE,NIFTYNXT50,29SEP2026,6490000.000000,25,OPTIDX,NFO,5.000000,601,False
75126,BAJAJFINSV27OCT261980CE,BAJAJFINSV,27OCT2026,198000.000000,300,OPTSTK,NFO,5.000000,12001,False
75155,NIFTYNXT5029SEP2665700PE,NIFTYNXT50,29SEP2026,6570000.000000,25,OPTIDX,NFO,5.000000,601,False
75164,NIFTYNXT5029SEP2666000CE,NIFTYNXT50,29SEP2026,6600000.000000,25,OPTIDX,NFO,5.000000,601,False
75165,GLENMARK27OCT262240CE,GLENMARK,27OCT2026,224000.000000,375,OPTSTK,NFO,5.000000,11251,False
75171,GLENMARK27OCT262360CE,GLENMARK,27OCT2026,236000.000000,375,OPTSTK,NFO,5.000000,11251,False
75173,GLENMARK27OCT262400CE,GLENMARK,27OCT2026,240000.000000,375,OPTSTK,NFO,5.000000,11251,False
75182,GLENMARK27OCT262560CE,GLENMARK,27OCT2026,256000.000000,375,OPTSTK,NFO,5.000000,11251,False
75186,GLENMARK27OCT262640CE,GLENMARK,27OCT2026,264000.000000,375,OPTSTK,NFO,5.000000,11251,False
75189,GLENMARK27OCT262680PE,GLENMARK,27OCT2026,268000.000000,375,OPTSTK,NFO,5.000000,11251,False
75191,GLENMARK27OCT262720PE,GLENMARK,27OCT2026,272000.000000,375,OPTSTK,NFO,5.000000,11251,False
75228,NIFTYNXT5029SEP2666400PE,NIFTYNXT50,29SEP2026,6640000.000000,25,OPTIDX,NFO,5.000000,601,False
75238,NIFTYNXT5029SEP2666800PE,NIFTYNXT50,29SEP2026,6680000.000000,25,OPTIDX,NFO,5.000000,601,False
75254,NIFTYNXT5029SEP2667100PE,NIFTYNXT50,29SEP2026,6710000.000000,25,OPTIDX,NFO,5.000000,601,False
75255,NIFTYNXT5029SEP2667200CE,NIFTYNXT50,29SEP2026,6720000.000000,25,OPTIDX,NFO,5.000000,601,False
75256,NIFTYNXT5029SEP2667200PE,NIFTYNXT50,29SEP2026,6720000.000000,25,OPTIDX,NFO,5.000000,601,False
75263,GMRAIRPORT29SEP2695PE,GMRAIRPORT,29SEP2026,9500.000000,6975,OPTSTK,NFO,1.000000,209251,False
75264,GMRAIRPORT29SEP2697CE,GMRAIRPORT,29SEP2026,9700.000000,6975,OPTSTK,NFO,1.000000,209251,False
75276,GMRAIRPORT29SEP26109CE,GMRAIRPORT,29SEP2026,10900.000000,6975,OPTSTK,NFO,1.000000,209251,False
75299,NIFTYNXT5029SEP2667800PE,NIFTYNXT50,29SEP2026,6780000.000000,25,OPTIDX,NFO,5.000000,601,False
75307,NIFTYNXT5029SEP2668200CE,NIFTYNXT50,29SEP2026,6820000.000000,25,OPTIDX,NFO,5.000000,601,False
75311,NIFTYNXT5029SEP2668400CE,NIFTYNXT50,29SEP2026,6840000.000000,25,OPTIDX,NFO,5.000000,601,False
75315,NIFTYNXT5029SEP2668600CE,NIFTYNXT50,29SEP2026,6860000.000000,25,OPTIDX,NFO,5.000000,601,False
75335,NIFTYNXT5029SEP2669600CE,NIFTYNXT50,29SEP2026,6960000.000000,25,OPTIDX,NFO,5.000000,601,False
75342,NIFTYNXT5029SEP2669900PE,NIFTYNXT50,29SEP2026,6990000.000000,25,OPTIDX,NFO,5.000000,601,False
75345,NIFTYNXT5029SEP2670100CE,NIFTYNXT50,29SEP2026,7010000.000000,25,OPTIDX,NFO,5.000000,601,False
75346,NIFTYNXT5029SEP2670100PE,NIFTYNXT50,29SEP2026,7010000.000000,25,OPTIDX,NFO,5.000000,601,False
75357,NIFTYNXT5029SEP2670200PE,NIFTYNXT50,29SEP2026,7020000.000000,25,OPTIDX,NFO,5.000000,601,False
75358,NIFTYNXT5029SEP2670300CE,NIFTYNXT50,29SEP2026,7030000.000000,25,OPTIDX,NFO,5.000000,601,False
75433,GMRAIRPORT27OCT2680PE,GMRAIRPORT,27OCT2026,8000.000000,6975,OPTSTK,NFO,1.000000,209251,False
75438,GMRAIRPORT27OCT2686CE,GMRAIRPORT,27OCT2026,8600.000000,6975,OPTSTK,NFO,1.000000,209251,False
75442,GMRAIRPORT27OCT2686PE,GMRAIRPORT,27OCT2026,8600.000000,6975,OPTSTK,NFO,1.000000,209251,False
75457,GMRAIRPORT27OCT2698PE,GMRAIRPORT,27OCT2026,9800.000000,6975,OPTSTK,NFO,1.000000,209251,False
75464,GMRAIRPORT27OCT26106CE,GMRAIRPORT,27OCT2026,10600.000000,6975,OPTSTK,NFO,1.000000,209251,False
75488,BAJAJFINSV23NOV261800CE,BAJAJFINSV,23NOV2026,180000.000000,300,OPTSTK,NFO,5.000000,12001,False
75491,BAJAJFINSV23NOV261840PE,BAJAJFINSV,23NOV2026,184000.000000,300,OPTSTK,NFO,5.000000,12001,False
75496,NIFTYNXT5029SEP2670600CE,NIFTYNXT50,29SEP2026,7060000.000000,25,OPTIDX,NFO,5.000000,601,False
75497,NIFTYNXT5029SEP2670600PE,NIFTYNXT50,29SEP2026,7060000.000000,25,OPTIDX,NFO,5.000000,601,False
75508,NIFTYNXT5029SEP2671200CE,NIFTYNXT50,29SEP2026,7120000.000000,25,OPTIDX,NFO,5.000000,601,False
75514,NIFTYNXT5029SEP2671500CE,NIFTYNXT50,29SEP2026,7150000.000000,25,OPTIDX,NFO,5.000000,601,False
75515,NIFTYNXT5029SEP2671500PE,NIFTYNXT50,29SEP2026,7150000.000000,25,OPTIDX,NFO,5.000000,601,False
75516,NIFTYNXT5029SEP2671600CE,NIFTYNXT50,29SEP2026,7160000.000000,25,OPTIDX,NFO,5.000000,601,False
75518,NIFTYNXT5029SEP2671700CE,NIFTYNXT50,29SEP2026,7170000.000000,25,OPTIDX,NFO,5.000000,601,False
75525,NIFTYNXT5029SEP2672000PE,NIFTYNXT50,29SEP2026,7200000.000000,25,OPTIDX,NFO,5.000000,601,False
75532,BAJAJFINSV23NOV262040CE,BAJAJFINSV,23NOV2026,204000.000000,300,OPTSTK,NFO,5.000000,12001,False
75545,GMRAIRPORT27OCT26112CE,GMRAIRPORT,27OCT2026,11200.000000,6975,OPTSTK,NFO,1.000000,209251,False
75553,BAJAJFINSV23NOV262160CE,BAJAJFINSV,23NOV2026,216000.000000,300,OPTSTK,NFO,5.000000,12001,False
75554,BAJAJFINSV23NOV262160PE,BAJAJFINSV,23NOV2026,216000.000000,300,OPTSTK,NFO,5.000000,12001,False
75556,BAJAJFINSV23NOV262200PE,BAJAJFINSV,23NOV2026,220000.000000,300,OPTSTK,NFO,5.000000,12001,False
75557,BAJAJFINSV23NOV262240CE,BAJAJFINSV,23NOV2026,224000.000000,300,OPTSTK,NFO,5.000000,12001,False
75646,NIFTYNXT5029SEP2673100CE,NIFTYNXT50,29SEP2026,7310000.000000,25,OPTIDX,NFO,5.000000,601,False
75680,GODFRYPHLP27OCT262100CE,GODFRYPHLP,27OCT2026,210000.000000,275,OPTSTK,NFO,5.000000,11001,False
75730,GODFRYPHLP27OCT262300PE,GODFRYPHLP,27OCT2026,230000.000000,275,OPTSTK,NFO,5.000000,11001,False
75732,GODFRYPHLP27OCT262400PE,GODFRYPHLP,27OCT2026,240000.000000,275,OPTSTK,NFO,5.000000,11001,False
75745,NIFTYNXT5029SEP2673900CE,NIFTYNXT50,29SEP2026,7390000.000000,25,OPTIDX,NFO,5.000000,601,False
75788,NIFTYNXT5029SEP2675100CE,NIFTYNXT50,29SEP2026,7510000.000000,25,OPTIDX,NFO,5.000000,601,False
75797,GODREJCP29SEP26850PE,GODREJCP,29SEP2026,85000.000000,500,OPTSTK,NFO,5.000000,25001,False
75828,GODREJCP29SEP261090CE,GODREJCP,29SEP2026,109000.000000,500,OPTSTK,NFO,5.000000,25001,False
75907,GODREJCP27OCT26760CE,GODREJCP,27OCT2026,76000.000000,500,OPTSTK,NFO,5.000000,25001,False
75910,GODREJCP27OCT26780PE,GODREJCP,27OCT2026,78000.000000,500,OPTSTK,NFO,5.000000,25001,False
75934,GODREJCP27OCT26940PE,GODREJCP,27OCT2026,94000.000000,500,OPTSTK,NFO,5.000000,25001,False
75995,NIFTYNXT5029SEP2678100CE,NIFTYNXT50,29SEP2026,7810000.000000,25,OPTIDX,NFO,5.000000,601,False
75999,GODREJCP27OCT261160CE,GODREJCP,27OCT2026,116000.000000,500,OPTSTK,NFO,5.000000,25001,False
76012,BAJAJHLDNG27OCT2610500CE,BAJAJHLDNG,27OCT2026,1050000.000000,75,OPTSTK,NFO,5.000000,2251,False
76022,BAJAJHLDNG27OCT2610900PE,BAJAJHLDNG,27OCT2026,1090000.000000,75,OPTSTK,NFO,5.000000,2251,False
76048,NIFTYNXT5029SEP2678200PE,NIFTYNXT50,29SEP2026,7820000.000000,25,OPTIDX,NFO,5.000000,601,False
76066,NIFTYNXT5029SEP2679100PE,NIFTYNXT50,29SEP2026,7910000.000000,25,OPTIDX,NFO,5.000000,601,False
76067,NIFTYNXT5029SEP2679200CE,NIFTYNXT50,29SEP2026,7920000.000000,25,OPTIDX,NFO,5.000000,601,False
76068,NIFTYNXT5029SEP2679200PE,NIFTYNXT50,29SEP2026,7920000.000000,25,OPTIDX,NFO,5.000000,601,False
76069,NIFTYNXT5029SEP2679300CE,NIFTYNXT50,29SEP2026,7930000.000000,25,OPTIDX,NFO,5.000000,601,False
76076,NIFTYNXT5029SEP2679600PE,NIFTYNXT50,29SEP2026,7960000.000000,25,OPTIDX,NFO,5.000000,601,False
76085,BAJAJHLDNG27OCT2612500PE,BAJAJHLDNG,27OCT2026,1250000.000000,75,OPTSTK,NFO,5.000000,2251,False
76135,GODREJPROP29SEP261700CE,GODREJPROP,29SEP2026,170000.000000,325,OPTSTK,NFO,5.000000,13001,False
76140,NIFTYNXT5029SEP2679800PE,NIFTYNXT50,29SEP2026,7980000.000000,25,OPTIDX,NFO,5.000000,601,False
76141,NIFTYNXT5029SEP2679900CE,NIFTYNXT50,29SEP2026,7990000.000000,25,OPTIDX,NFO,5.000000,601,False
76142,NIFTYNXT5029SEP2679900PE,NIFTYNXT50,29SEP2026,7990000.000000,25,OPTIDX,NFO,5.000000,601,False
76151,GODREJPROP29SEP261860CE,GODREJPROP,29SEP2026,186000.000000,325,OPTSTK,NFO,5.000000,13001,False
76164,GODREJPROP29SEP262020PE,GODREJPROP,29SEP2026,202000.000000,325,OPTSTK,NFO,5.000000,13001,False
76168,GODREJPROP29SEP262100PE,GODREJPROP,29SEP2026,210000.000000,325,OPTSTK,NFO,5.000000,13001,False
76174,NIFTYNXT5029SEP2680600PE,NIFTYNXT50,29SEP2026,8060000.000000,25,OPTIDX,NFO,5.000000,601,False
76181,NIFTYNXT5029SEP2681000CE,NIFTYNXT50,29SEP2026,8100000.000000,25,OPTIDX,NFO,5.000000,601,False
76183,GODREJPROP29SEP262140CE,GODREJPROP,29SEP2026,214000.000000,325,OPTSTK,NFO,5.000000,13001,False
76197,BAJFINANCE27OCT26970CE,BAJFINANCE,27OCT2026,97000.000000,750,OPTSTK,NFO,5.000000,22501,False
76232,GODREJPROP29SEP262220CE,GODREJPROP,29SEP2026,222000.000000,325,OPTSTK,NFO,5.000000,13001,False
76298,GODREJPROP27OCT261720CE,GODREJPROP,27OCT2026,172000.000000,325,OPTSTK,NFO,5.000000,13001,False
76306,GODREJPROP27OCT261880CE,GODREJPROP,27OCT2026,188000.000000,325,OPTSTK,NFO,5.000000,13001,False
76311,GODREJPROP27OCT261960PE,GODREJPROP,27OCT2026,196000.000000,325,OPTSTK,NFO,5.000000,13001,False
76312,GODREJPROP27OCT262000CE,GODREJPROP,27OCT2026,200000.000000,325,OPTSTK,NFO,5.000000,13001,False
76335,GODREJPROP27OCT262320CE,GODREJPROP,27OCT2026,232000.000000,325,OPTSTK,NFO,5.000000,13001,False
76395,BANKNIFTY30MAR2754000PE,BANKNIFTY,30MAR2027,5400000.000000,30,OPTIDX,NFO,5.000000,601,False
76396,BANKNIFTY30MAR2755500CE,BANKNIFTY,30MAR2027,5550000.000000,30,OPTIDX,NFO,5.000000,601,False
76424,BANKNIFTY30MAR2761500PE,BANKNIFTY,30MAR2027,6150000.000000,30,OPTIDX,NFO,5.000000,601,False
76469,NIFTYNXT5029SEP2682000PE,NIFTYNXT50,29SEP2026,8200000.000000,25,OPTIDX,NFO,5.000000,601,False
76502,BAJFINANCE23NOV26880PE,BAJFINANCE,23NOV2026,88000.000000,750,OPTSTK,NFO,5.000000,22501,False
76510,BAJFINANCE23NOV26960PE,BAJFINANCE,23NOV2026,96000.000000,750,OPTSTK,NFO,5.000000,22501,False
76625,NIFTYNXT5029SEP2683500PE,NIFTYNXT50,29SEP2026,8350000.000000,25,OPTIDX,NFO,5.000000,601,False
76633,NIFTYNXT5029SEP2684500PE,NIFTYNXT50,29SEP2026,8450000.000000,25,OPTIDX,NFO,5.000000,601,False
76702,BANDHANBNK23NOV26120PE,BANDHANBNK,23NOV2026,12000.000000,3600,OPTSTK,NFO,1.000000,108001,False
76732,BANDHANBNK23NOV26190CE,BANDHANBNK,23NOV2026,19000.000000,3600,OPTSTK,NFO,1.000000,108001,False
76821,GRASIM29SEP262900CE,GRASIM,29SEP2026,290000.000000,250,OPTSTK,NFO,5.000000,7501,False
76827,GRASIM29SEP263020CE,GRASIM,29SEP2026,302000.000000,250,OPTSTK,NFO,5.000000,7501,False
76847,GRASIM29SEP263420CE,GRASIM,29SEP2026,342000.000000,250,OPTSTK,NFO,5.000000,7501,False
76848,GRASIM29SEP263420PE,GRASIM,29SEP2026,342000.000000,250,OPTSTK,NFO,5.000000,7501,False
76863,GRASIM29SEP263620CE,GRASIM,29SEP2026,362000.000000,250,OPTSTK,NFO,5.000000,7501,False
76896,BANKBARODA27OCT26275PE,BANKBARODA,27OCT2026,27500.000000,2925,OPTSTK,NFO,1.000000,87751,False
76931,BANKBARODA23NOV26210PE,BANKBARODA,23NOV2026,21000.000000,2925,OPTSTK,NFO,1.000000,87751,False
76971,BANKBARODA23NOV26240PE,BANKBARODA,23NOV2026,24000.000000,2925,OPTSTK,NFO,1.000000,87751,False
77032,BANKINDIA27OCT26152.5PE,BANKINDIA,27OCT2026,15250.000000,5200,OPTSTK,NFO,1.000000,156001,False
77201,GRASIM27OCT262800CE,GRASIM,27OCT2026,280000.000000,250,OPTSTK,NFO,5.000000,7501,False
77206,GRASIM27OCT262880PE,GRASIM,27OCT2026,288000.000000,250,OPTSTK,NFO,5.000000,7501,False
77210,GRASIM27OCT262960PE,GRASIM,27OCT2026,296000.000000,250,OPTSTK,NFO,5.000000,7501,False
77212,GRASIM27OCT263000PE,GRASIM,27OCT2026,300000.000000,250,OPTSTK,NFO,5.000000,7501,False
77218,GRASIM27OCT263120PE,GRASIM,27OCT2026,312000.000000,250,OPTSTK,NFO,5.000000,7501,False
77222,GRASIM27OCT263200PE,GRASIM,27OCT2026,320000.000000,250,OPTSTK,NFO,5.000000,7501,False
77231,GRASIM27OCT263400CE,GRASIM,27OCT2026,340000.000000,250,OPTSTK,NFO,5.000000,7501,False
77232,GRASIM27OCT263400PE,GRASIM,27OCT2026,340000.000000,250,OPTSTK,NFO,5.000000,7501,False
77237,GRASIM27OCT263520CE,GRASIM,27OCT2026,352000.000000,250,OPTSTK,NFO,5.000000,7501,False
77244,GRASIM27OCT263640PE,GRASIM,27OCT2026,364000.000000,250,OPTSTK,NFO,5.000000,7501,False
77246,GRASIM27OCT263680PE,GRASIM,27OCT2026,368000.000000,250,OPTSTK,NFO,5.000000,7501,False
77299,GVT&D29SEP263900PE,GVT&D,29SEP2026,390000.000000,125,OPTSTK,NFO,5.000000,5001,False
77300,GVT&D29SEP264100CE,GVT&D,29SEP2026,410000.000000,125,OPTSTK,NFO,5.000000,5001,False
77389,BANKINDIA23NOV26145PE,BANKINDIA,23NOV2026,14500.000000,5200,OPTSTK,NFO,1.000000,156001,False
77442,BDL27OCT261260CE,BDL,27OCT2026,126000.000000,425,OPTSTK,NFO,5.000000,17001,False
77448,BDL27OCT261380CE,BDL,27OCT2026,138000.000000,425,OPTSTK,NFO,5.000000,17001,False
77452,BDL27OCT261420CE,BDL,27OCT2026,142000.000000,425,OPTSTK,NFO,5.000000,17001,False
77458,GVT&D27OCT265200PE,GVT&D,27OCT2026,520000.000000,125,OPTSTK,NFO,5.000000,5001,False
77500,HAL29SEP264450PE,HAL,29SEP2026,445000.000000,150,OPTSTK,NFO,5.000000,4501,False
77503,HAL29SEP264650CE,HAL,29SEP2026,465000.000000,150,OPTSTK,NFO,5.000000,4501,False
77522,HAL29SEP265450CE,HAL,29SEP2026,545000.000000,150,OPTSTK,NFO,5.000000,4501,False
77597,BDL23NOV261080PE,BDL,23NOV2026,108000.000000,425,OPTSTK,NFO,5.000000,17001,False
77617,BDL23NOV261240CE,BDL,23NOV2026,124000.000000,425,OPTSTK,NFO,5.000000,17001,False
77628,HAL27OCT264700CE,HAL,27OCT2026,470000.000000,150,OPTSTK,NFO,5.000000,4501,False
77675,360ONE29SEP261160CE,360ONE,29SEP2026,116000.000000,500,OPTSTK,NFO,5.000000,20001,False
77676,360ONE29SEP261160PE,360ONE,29SEP2026,116000.000000,500,OPTSTK,NFO,5.000000,20001,False
77699,HAVELLS29SEP261060CE,HAVELLS,29SEP2026,106000.000000,500,OPTSTK,NFO,5.000000,20001,False
77700,HAVELLS29SEP261060PE,HAVELLS,29SEP2026,106000.000000,500,OPTSTK,NFO,5.000000,20001,False
77722,360ONE29SEP261320CE,360ONE,29SEP2026,132000.000000,500,OPTSTK,NFO,5.000000,20001,False
77749,HAVELLS27OCT261000CE,HAVELLS,27OCT2026,100000.000000,500,OPTSTK,NFO,5.000000,20001,False
77853,HCLTECH29SEP261150CE,HCLTECH,29SEP2026,115000.000000,400,OPTSTK,NFO,5.000000,20001,False
77856,ABB29SEP266400CE,ABB,29SEP2026,640000.000000,125,OPTSTK,NFO,5.000000,3751,False
77861,HCLTECH29SEP261210PE,HCLTECH,29SEP2026,121000.000000,400,OPTSTK,NFO,5.000000,20001,False
77870,HCLTECH29SEP261290PE,HCLTECH,29SEP2026,129000.000000,400,OPTSTK,NFO,5.000000,20001,False
77919,ABB29SEP268400PE,ABB,29SEP2026,840000.000000,125,OPTSTK,NFO,5.000000,3751,False
77991,HCLTECH27OCT261040CE,HCLTECH,27OCT2026,104000.000000,400,OPTSTK,NFO,5.000000,20001,False
77995,HCLTECH27OCT261080CE,HCLTECH,27OCT2026,108000.000000,400,OPTSTK,NFO,5.000000,20001,False
77997,HCLTECH27OCT261100CE,HCLTECH,27OCT2026,110000.000000,400,OPTSTK,NFO,5.000000,20001,False
78010,HCLTECH27OCT261220PE,HCLTECH,27OCT2026,122000.000000,400,OPTSTK,NFO,5.000000,20001,False
78027,HCLTECH27OCT261360CE,HCLTECH,27OCT2026,136000.000000,400,OPTSTK,NFO,5.000000,20001,False
78064,HCLTECH27OCT261480CE,HCLTECH,27OCT2026,148000.000000,400,OPTSTK,NFO,5.000000,20001,False
78068,HCLTECH27OCT261500PE,HCLTECH,27OCT2026,150000.000000,400,OPTSTK,NFO,5.000000,20001,False
78109,HDFCAMC29SEP262250CE,HDFCAMC,29SEP2026,225000.000000,300,OPTSTK,NFO,5.000000,9001,False
78112,HDFCAMC29SEP262350PE,HDFCAMC,29SEP2026,235000.000000,300,OPTSTK,NFO,5.000000,9001,False
78115,HDFCAMC29SEP262550CE,HDFCAMC,29SEP2026,255000.000000,300,OPTSTK,NFO,5.000000,9001,False
78151,HDFCAMC27OCT262100PE,HDFCAMC,27OCT2026,210000.000000,300,OPTSTK,NFO,5.000000,9001,False
78153,HDFCAMC27OCT262200CE,HDFCAMC,27OCT2026,220000.000000,300,OPTSTK,NFO,5.000000,9001,False
78197,BEL23NOV26340PE,BEL,23NOV2026,34000.000000,1425,OPTSTK,NFO,5.000000,57001,False
78203,BEL23NOV26360PE,BEL,23NOV2026,36000.000000,1425,OPTSTK,NFO,5.000000,57001,False
78228,HDFCAMC27OCT262600CE,HDFCAMC,27OCT2026,260000.000000,300,OPTSTK,NFO,5.000000,9001,False
78229,HDFCAMC27OCT262600PE,HDFCAMC,27OCT2026,260000.000000,300,OPTSTK,NFO,5.000000,9001,False
78236,HDFCAMC27OCT262800CE,HDFCAMC,27OCT2026,280000.000000,300,OPTSTK,NFO,5.000000,9001,False
78240,HDFCAMC27OCT263000CE,HDFCAMC,27OCT2026,300000.000000,300,OPTSTK,NFO,5.000000,9001,False
78299,HDFCBANK29SEP26710CE,HDFCBANK,29SEP2026,71000.000000,650,OPTSTK,NFO,5.000000,32501,False
78306,HDFCBANK29SEP26770PE,HDFCBANK,29SEP2026,77000.000000,650,OPTSTK,NFO,5.000000,32501,False
78406,HDFCBANK27OCT26620PE,HDFCBANK,27OCT2026,62000.000000,650,OPTSTK,NFO,5.000000,32501,False
78421,HDFCBANK27OCT26660PE,HDFCBANK,27OCT2026,66000.000000,650,OPTSTK,NFO,5.000000,32501,False
78425,HDFCBANK27OCT26700PE,HDFCBANK,27OCT2026,70000.000000,650,OPTSTK,NFO,5.000000,32501,False
78435,HDFCBANK27OCT26800PE,HDFCBANK,27OCT2026,80000.000000,650,OPTSTK,NFO,5.000000,32501,False
78438,HDFCBANK27OCT26840CE,HDFCBANK,27OCT2026,84000.000000,650,OPTSTK,NFO,5.000000,32501,False
78491,ABCAPITAL29SEP26460CE,ABCAPITAL,29SEP2026,46000.000000,3100,OPTSTK,NFO,5.000000,62001,False
78505,ABCAPITAL29SEP26480CE,ABCAPITAL,29SEP2026,48000.000000,3100,OPTSTK,NFO,5.000000,62001,False
78516,BEL23NOV26460CE,BEL,23NOV2026,46000.000000,1425,OPTSTK,NFO,5.000000,57001,False
78593,HDFCLIFE29SEP26525CE,HDFCLIFE,29SEP2026,52500.000000,1100,OPTSTK,NFO,5.000000,44001,False
78604,HDFCLIFE29SEP26575PE,HDFCLIFE,29SEP2026,57500.000000,1100,OPTSTK,NFO,5.000000,44001,False
78606,HDFCLIFE29SEP26585PE,HDFCLIFE,29SEP2026,58500.000000,1100,OPTSTK,NFO,5.000000,44001,False
78612,HDFCLIFE29SEP26615PE,HDFCLIFE,29SEP2026,61500.000000,1100,OPTSTK,NFO,5.000000,44001,False
78662,HDFCLIFE27OCT26430PE,HDFCLIFE,27OCT2026,43000.000000,1100,OPTSTK,NFO,5.000000,44001,False
78675,HDFCLIFE27OCT26490PE,HDFCLIFE,27OCT2026,49000.000000,1100,OPTSTK,NFO,5.000000,44001,False
78676,HDFCLIFE27OCT26500CE,HDFCLIFE,27OCT2026,50000.000000,1100,OPTSTK,NFO,5.000000,44001,False
78683,HDFCLIFE27OCT26530CE,HDFCLIFE,27OCT2026,53000.000000,1100,OPTSTK,NFO,5.000000,44001,False
78736,HDFCLIFE27OCT26640CE,HDFCLIFE,27OCT2026,64000.000000,1100,OPTSTK,NFO,5.000000,44001,False
78816,BHARATFORG27OCT262140PE,BHARATFORG,27OCT2026,214000.000000,500,OPTSTK,NFO,5.000000,10001,False
78820,BHARATFORG27OCT262180PE,BHARATFORG,27OCT2026,218000.000000,500,OPTSTK,NFO,5.000000,10001,False
78831,HEROMOTOCO29SEP264500PE,HEROMOTOCO,29SEP2026,450000.000000,150,OPTSTK,NFO,5.000000,4501,False
78843,HEROMOTOCO29SEP265500PE,HEROMOTOCO,29SEP2026,550000.000000,150,OPTSTK,NFO,5.000000,4501,False
78898,BHARATFORG23NOV261880CE,BHARATFORG,23NOV2026,188000.000000,500,OPTSTK,NFO,5.000000,10001,False
78899,BHARATFORG23NOV261880PE,BHARATFORG,23NOV2026,188000.000000,500,OPTSTK,NFO,5.000000,10001,False
78906,BHARATFORG23NOV262040CE,BHARATFORG,23NOV2026,204000.000000,500,OPTSTK,NFO,5.000000,10001,False
78910,BHARATFORG23NOV262120CE,BHARATFORG,23NOV2026,212000.000000,500,OPTSTK,NFO,5.000000,10001,False
78917,BHARATFORG23NOV262200CE,BHARATFORG,23NOV2026,220000.000000,500,OPTSTK,NFO,5.000000,10001,False
78921,BHARATFORG23NOV262280CE,BHARATFORG,23NOV2026,228000.000000,500,OPTSTK,NFO,5.000000,10001,False
78930,BHARATFORG23NOV262400PE,BHARATFORG,23NOV2026,240000.000000,500,OPTSTK,NFO,5.000000,10001,False
78954,HEROMOTOCO29SEP266300PE,HEROMOTOCO,29SEP2026,630000.000000,150,OPTSTK,NFO,5.000000,4501,False
79005,HEROMOTOCO27OCT266000CE,HEROMOTOCO,27OCT2026,600000.000000,150,OPTSTK,NFO,5.000000,4501,False
79051,HINDALCO29SEP26940CE,HINDALCO,29SEP2026,94000.000000,700,OPTSTK,NFO,5.000000,21001,False
79058,HINDALCO29SEP261060PE,HINDALCO,29SEP2026,106000.000000,700,OPTSTK,NFO,5.000000,21001,False
79153,HINDALCO27OCT26880CE,HINDALCO,27OCT2026,88000.000000,700,OPTSTK,NFO,5.000000,21001,False
79158,HINDALCO27OCT26920PE,HINDALCO,27OCT2026,92000.000000,700,OPTSTK,NFO,5.000000,21001,False
79163,HINDALCO27OCT261040CE,HINDALCO,27OCT2026,104000.000000,700,OPTSTK,NFO,5.000000,21001,False
79172,HINDALCO27OCT261160CE,HINDALCO,27OCT2026,116000.000000,700,OPTSTK,NFO,5.000000,21001,False
79175,HINDALCO27OCT261200PE,HINDALCO,27OCT2026,120000.000000,700,OPTSTK,NFO,5.000000,21001,False
79198,HINDPETRO29SEP26370.75PE,HINDPETRO,29SEP2026,37075.000000,2025,OPTSTK,NFO,5.000000,60751,False
79201,HINDPETRO29SEP26410.75CE,HINDPETRO,29SEP2026,41075.000000,2025,OPTSTK,NFO,5.000000,60751,False
79278,BHARTIARTL23NOV261760CE,BHARTIARTL,23NOV2026,176000.000000,475,OPTSTK,NFO,5.000000,14251,False
79277,BHARTIARTL23NOV261720PE,BHARTIARTL,23NOV2026,172000.000000,475,OPTSTK,NFO,5.000000,14251,False
79297,BHARTIARTL23NOV262120PE,BHARTIARTL,23NOV2026,212000.000000,475,OPTSTK,NFO,5.000000,14251,False
79363,BHEL27OCT26375CE,BHEL,27OCT2026,37500.000000,2625,OPTSTK,NFO,5.000000,52501,False
79393,BHEL27OCT26475PE,BHEL,27OCT2026,47500.000000,2625,OPTSTK,NFO,5.000000,52501,False
79444,HINDUNILVR29SEP261860CE,HINDUNILVR,29SEP2026,186000.000000,300,OPTSTK,NFO,5.000000,12001,False
79450,HINDUNILVR29SEP261980CE,HINDUNILVR,29SEP2026,198000.000000,300,OPTSTK,NFO,5.000000,12001,False
79460,HINDUNILVR29SEP262140CE,HINDUNILVR,29SEP2026,214000.000000,300,OPTSTK,NFO,5.000000,12001,False
79469,HINDUNILVR29SEP262300PE,HINDUNILVR,29SEP2026,230000.000000,300,OPTSTK,NFO,5.000000,12001,False
79536,HINDUNILVR27OCT261800PE,HINDUNILVR,27OCT2026,180000.000000,300,OPTSTK,NFO,5.000000,12001,False
79541,HINDUNILVR27OCT261920CE,HINDUNILVR,27OCT2026,192000.000000,300,OPTSTK,NFO,5.000000,12001,False
79647,BHEL23NOV26490PE,BHEL,23NOV2026,49000.000000,2625,OPTSTK,NFO,5.000000,52501,False
79763,HINDZINC27OCT26540PE,HINDZINC,27OCT2026,54000.000000,1225,OPTSTK,NFO,5.000000,36751,False
79796,ADANIENSOL29SEP261480PE,ADANIENSOL,29SEP2026,148000.000000,675,OPTSTK,NFO,5.000000,13501,False
79804,HINDZINC27OCT26700CE,HINDZINC,27OCT2026,70000.000000,1225,OPTSTK,NFO,5.000000,36751,False
79862,HYUNDAI29SEP262020PE,HYUNDAI,29SEP2026,202000.000000,275,OPTSTK,NFO,5.000000,11001,False
79903,HYUNDAI29SEP262340PE,HYUNDAI,29SEP2026,234000.000000,275,OPTSTK,NFO,5.000000,11001,False
79949,ADANIENSOL29SEP261560PE,ADANIENSOL,29SEP2026,156000.000000,675,OPTSTK,NFO,5.000000,13501,False
79991,HYUNDAI27OCT262120CE,HYUNDAI,27OCT2026,212000.000000,275,OPTSTK,NFO,5.000000,11001,False
80009,HYUNDAI27OCT262160PE,HYUNDAI,27OCT2026,216000.000000,275,OPTSTK,NFO,5.000000,11001,False
80012,HYUNDAI27OCT262240CE,HYUNDAI,27OCT2026,224000.000000,275,OPTSTK,NFO,5.000000,11001,False
80013,HYUNDAI27OCT262240PE,HYUNDAI,27OCT2026,224000.000000,275,OPTSTK,NFO,5.000000,11001,False
80058,BIOCON23NOV26380CE,BIOCON,23NOV2026,38000.000000,2500,OPTSTK,NFO,5.000000,50001,False
80059,BIOCON23NOV26380PE,BIOCON,23NOV2026,38000.000000,2500,OPTSTK,NFO,5.000000,50001,False
80062,BIOCON23NOV26400CE,BIOCON,23NOV2026,40000.000000,2500,OPTSTK,NFO,5.000000,50001,False
80066,BIOCON23NOV26420CE,BIOCON,23NOV2026,42000.000000,2500,OPTSTK,NFO,5.000000,50001,False
80080,HYUNDAI27OCT262480CE,HYUNDAI,27OCT2026,248000.000000,275,OPTSTK,NFO,5.000000,11001,False
80098,BIOCON23NOV26480CE,BIOCON,23NOV2026,48000.000000,2500,OPTSTK,NFO,5.000000,50001,False
80138,ICICIBANK29SEP261270PE,ICICIBANK,29SEP2026,127000.000000,700,OPTSTK,NFO,5.000000,21001,False
80166,ICICIBANK29SEP261330CE,ICICIBANK,29SEP2026,133000.000000,700,OPTSTK,NFO,5.000000,21001,False
80244,ICICIBANK29SEP261350CE,ICICIBANK,29SEP2026,135000.000000,700,OPTSTK,NFO,5.000000,21001,False
80251,ICICIBANK29SEP261350PE,ICICIBANK,29SEP2026,135000.000000,700,OPTSTK,NFO,5.000000,21001,False
80306,NIFTY30MAR2728500PE,NIFTY,30MAR2027,2850000.000000,65,OPTIDX,NFO,5.000000,1801,False
80312,NIFTY30MAR2731500PE,NIFTY,30MAR2027,3150000.000000,65,OPTIDX,NFO,5.000000,1801,False
80410,ADANIENT29SEP262500CE,ADANIENT,29SEP2026,250000.000000,309,OPTSTK,NFO,5.000000,9271,False
80449,ADANIENT29SEP263500PE,ADANIENT,29SEP2026,350000.000000,309,OPTSTK,NFO,5.000000,9271,False
80450,ADANIENT29SEP263600CE,ADANIENT,29SEP2026,360000.000000,309,OPTSTK,NFO,5.000000,9271,False
80495,BLUESTARCO23NOV261320CE,BLUESTARCO,23NOV2026,132000.000000,325,OPTSTK,NFO,5.000000,13001,False
80499,BLUESTARCO23NOV261400CE,BLUESTARCO,23NOV2026,140000.000000,325,OPTSTK,NFO,5.000000,13001,False
80500,BLUESTARCO23NOV261400PE,BLUESTARCO,23NOV2026,140000.000000,325,OPTSTK,NFO,5.000000,13001,False
80501,BLUESTARCO23NOV261440CE,BLUESTARCO,23NOV2026,144000.000000,325,OPTSTK,NFO,5.000000,13001,False
80504,BLUESTARCO23NOV261480PE,BLUESTARCO,23NOV2026,148000.000000,325,OPTSTK,NFO,5.000000,13001,False
80528,BLUESTARCO23NOV261680PE,BLUESTARCO,23NOV2026,168000.000000,325,OPTSTK,NFO,5.000000,13001,False
80583,ICICIBANK27OCT261180CE,ICICIBANK,27OCT2026,118000.000000,700,OPTSTK,NFO,5.000000,21001,False
80593,ICICIBANK27OCT261280CE,ICICIBANK,27OCT2026,128000.000000,700,OPTSTK,NFO,5.000000,21001,False
80597,ICICIBANK27OCT261320CE,ICICIBANK,27OCT2026,132000.000000,700,OPTSTK,NFO,5.000000,21001,False
80602,ICICIBANK27OCT261360PE,ICICIBANK,27OCT2026,136000.000000,700,OPTSTK,NFO,5.000000,21001,False
80604,ICICIBANK27OCT261380PE,ICICIBANK,27OCT2026,138000.000000,700,OPTSTK,NFO,5.000000,21001,False
80605,ICICIBANK27OCT261400CE,ICICIBANK,27OCT2026,140000.000000,700,OPTSTK,NFO,5.000000,21001,False
80609,ICICIBANK27OCT261400PE,ICICIBANK,27OCT2026,140000.000000,700,OPTSTK,NFO,5.000000,21001,False
80625,ICICIBANK27OCT261460CE,ICICIBANK,27OCT2026,146000.000000,700,OPTSTK,NFO,5.000000,21001,False
80645,ICICIBANK27OCT261580CE,ICICIBANK,27OCT2026,158000.000000,700,OPTSTK,NFO,5.000000,21001,False
80662,ICICIBANK27OCT261660PE,ICICIBANK,27OCT2026,166000.000000,700,OPTSTK,NFO,5.000000,21001,False
80691,BOSCHLTD27OCT2647500CE,BOSCHLTD,27OCT2026,4750000.000000,25,OPTSTK,NFO,5.000000,501,False
80695,BOSCHLTD27OCT2648500CE,BOSCHLTD,27OCT2026,4850000.000000,25,OPTSTK,NFO,5.000000,501,False
80758,ICICIGI29SEP261380PE,ICICIGI,29SEP2026,138000.000000,325,OPTSTK,NFO,5.000000,13001,False
80760,ADANIGREEN29SEP261040CE,ADANIGREEN,29SEP2026,104000.000000,600,OPTSTK,NFO,5.000000,18001,False
80777,ICICIGI29SEP261620PE,ICICIGI,29SEP2026,162000.000000,325,OPTSTK,NFO,5.000000,13001,False
80799,ICICIGI29SEP261700CE,ICICIGI,29SEP2026,170000.000000,325,OPTSTK,NFO,5.000000,13001,False
80829,ADANIGREEN29SEP261160PE,ADANIGREEN,29SEP2026,116000.000000,600,OPTSTK,NFO,5.000000,18001,False
80848,ADANIGREEN29SEP261400PE,ADANIGREEN,29SEP2026,140000.000000,600,OPTSTK,NFO,5.000000,18001,False
80795,ICICIGI29SEP261660CE,ICICIGI,29SEP2026,166000.000000,325,OPTSTK,NFO,5.000000,13001,False
80853,ADANIGREEN29SEP261480PE,ADANIGREEN,29SEP2026,148000.000000,600,OPTSTK,NFO,5.000000,18001,False
80869,BOSCHLTD23NOV2646000CE,BOSCHLTD,23NOV2026,4600000.000000,25,OPTSTK,NFO,5.000000,501,False
80875,BOSCHLTD23NOV2647000CE,BOSCHLTD,23NOV2026,4700000.000000,25,OPTSTK,NFO,5.000000,501,False
80890,ICICIGI27OCT261280CE,ICICIGI,27OCT2026,128000.000000,325,OPTSTK,NFO,5.000000,13001,False
80894,BOSCHLTD23NOV2650000CE,BOSCHLTD,23NOV2026,5000000.000000,25,OPTSTK,NFO,5.000000,501,False
80904,ADANIGREEN29SEP261640CE,ADANIGREEN,29SEP2026,164000.000000,600,OPTSTK,NFO,5.000000,18001,False
80905,ICICIGI27OCT261400CE,ICICIGI,27OCT2026,140000.000000,325,OPTSTK,NFO,5.000000,13001,False
80914,ICICIGI27OCT261560PE,ICICIGI,27OCT2026,156000.000000,325,OPTSTK,NFO,5.000000,13001,False
80915,ICICIGI27OCT261600CE,ICICIGI,27OCT2026,160000.000000,325,OPTSTK,NFO,5.000000,13001,False
80916,ICICIGI27OCT261600PE,ICICIGI,27OCT2026,160000.000000,325,OPTSTK,NFO,5.000000,13001,False
80920,ICICIGI27OCT261680PE,ICICIGI,27OCT2026,168000.000000,325,OPTSTK,NFO,5.000000,13001,False
80961,BOSCHLTD23NOV2652000PE,BOSCHLTD,23NOV2026,5200000.000000,25,OPTSTK,NFO,5.000000,501,False
80970,BOSCHLTD23NOV2656000CE,BOSCHLTD,23NOV2026,5600000.000000,25,OPTSTK,NFO,5.000000,501,False
80981,ICICIPRULI29SEP26435PE,ICICIPRULI,29SEP2026,43500.000000,925,OPTSTK,NFO,5.000000,46251,False
80983,ICICIPRULI29SEP26445PE,ICICIPRULI,29SEP2026,44500.000000,925,OPTSTK,NFO,5.000000,46251,False
81015,ICICIPRULI29SEP26525PE,ICICIPRULI,29SEP2026,52500.000000,925,OPTSTK,NFO,5.000000,46251,False
81024,ICICIPRULI29SEP26555PE,ICICIPRULI,29SEP2026,55500.000000,925,OPTSTK,NFO,5.000000,46251,False
81038,BPCL27OCT26285PE,BPCL,27OCT2026,28500.000000,1975,OPTSTK,NFO,5.000000,79001,False
81039,BPCL27OCT26295CE,BPCL,27OCT2026,29500.000000,1975,OPTSTK,NFO,5.000000,79001,False
81065,BPCL27OCT26315PE,BPCL,27OCT2026,31500.000000,1975,OPTSTK,NFO,5.000000,79001,False
81068,BPCL27OCT26325CE,BPCL,27OCT2026,32500.000000,1975,OPTSTK,NFO,5.000000,79001,False
81069,BPCL27OCT26325PE,BPCL,27OCT2026,32500.000000,1975,OPTSTK,NFO,5.000000,79001,False
81074,BPCL27OCT26355CE,BPCL,27OCT2026,35500.000000,1975,OPTSTK,NFO,5.000000,79001,False
81133,ICICIPRULI27OCT26390CE,ICICIPRULI,27OCT2026,39000.000000,925,OPTSTK,NFO,5.000000,46251,False
81134,ICICIPRULI27OCT26390PE,ICICIPRULI,27OCT2026,39000.000000,925,OPTSTK,NFO,5.000000,46251,False
81281,IDEA27OCT2610CE,IDEA,27OCT2026,1000.000000,71475,OPTSTK,NFO,1.000000,1429501,False
81284,IDEA27OCT2612PE,IDEA,27OCT2026,1200.000000,71475,OPTSTK,NFO,1.000000,1429501,False
81335,ADANIPORTS29SEP261440CE,ADANIPORTS,29SEP2026,144000.000000,475,OPTSTK,NFO,5.000000,14251,False
81338,ADANIPORTS29SEP261480PE,ADANIPORTS,29SEP2026,148000.000000,475,OPTSTK,NFO,5.000000,14251,False
81361,IDFCFIRSTB29SEP2679PE,IDFCFIRSTB,29SEP2026,7900.000000,9275,OPTSTK,NFO,1.000000,278251,False
81368,IDFCFIRSTB29SEP2687CE,IDFCFIRSTB,29SEP2026,8700.000000,9275,OPTSTK,NFO,1.000000,278251,False
81372,IDFCFIRSTB29SEP2691CE,IDFCFIRSTB,29SEP2026,9100.000000,9275,OPTSTK,NFO,1.000000,278251,False
81411,ADANIPORTS29SEP262080CE,ADANIPORTS,29SEP2026,208000.000000,475,OPTSTK,NFO,5.000000,14251,False
81373,IDFCFIRSTB29SEP2691PE,IDFCFIRSTB,29SEP2026,9100.000000,9275,OPTSTK,NFO,1.000000,278251,False
81388,ADANIPORTS29SEP261680CE,ADANIPORTS,29SEP2026,168000.000000,475,OPTSTK,NFO,5.000000,14251,False
81399,ADANIPORTS29SEP261840CE,ADANIPORTS,29SEP2026,184000.000000,475,OPTSTK,NFO,5.000000,14251,False
81494,BPCL23NOV26340CE,BPCL,23NOV2026,34000.000000,1975,OPTSTK,NFO,5.000000,79001,False
81543,IDFCFIRSTB27OCT2690CE,IDFCFIRSTB,27OCT2026,9000.000000,9275,OPTSTK,NFO,1.000000,278251,False
81565,IDFCFIRSTB27OCT26100CE,IDFCFIRSTB,27OCT2026,10000.000000,9275,OPTSTK,NFO,1.000000,278251,False
81594,ADANIPOWER29SEP26180PE,ADANIPOWER,29SEP2026,18000.000000,3550,OPTSTK,NFO,1.000000,106501,False
81630,IEX29SEP26107.5PE,IEX,29SEP2026,10750.000000,4350,OPTSTK,NFO,1.000000,174001,False
81641,IEX29SEP26122.5CE,IEX,29SEP2026,12250.000000,4350,OPTSTK,NFO,1.000000,174001,False
81650,IEX29SEP26142.5PE,IEX,29SEP2026,14250.000000,4350,OPTSTK,NFO,1.000000,174001,False
81681,IEX27OCT26105CE,IEX,27OCT2026,10500.000000,4350,OPTSTK,NFO,1.000000,174001,False
81735,IEX27OCT26135PE,IEX,27OCT2026,13500.000000,4350,OPTSTK,NFO,1.000000,174001,False
81803,INDHOTEL29SEP26690PE,INDHOTEL,29SEP2026,69000.000000,1000,OPTSTK,NFO,5.000000,30001,False
81912,INDHOTEL27OCT26720PE,INDHOTEL,27OCT2026,72000.000000,1000,OPTSTK,NFO,5.000000,30001,False
81915,INDHOTEL27OCT26760CE,INDHOTEL,27OCT2026,76000.000000,1000,OPTSTK,NFO,5.000000,30001,False
81951,INDHOTEL27OCT26820PE,INDHOTEL,27OCT2026,82000.000000,1000,OPTSTK,NFO,5.000000,30001,False
81953,INDHOTEL27OCT26840PE,INDHOTEL,27OCT2026,84000.000000,1000,OPTSTK,NFO,5.000000,30001,False
82012,INDIANB29SEP26790PE,INDIANB,29SEP2026,79000.000000,1000,OPTSTK,NFO,5.000000,30001,False
82049,INDIANB29SEP26990CE,INDIANB,29SEP2026,99000.000000,1000,OPTSTK,NFO,5.000000,30001,False
82145,INDIANB27OCT26740PE,INDIANB,27OCT2026,74000.000000,1000,OPTSTK,NFO,5.000000,30001,False
82146,INDIANB27OCT26760CE,INDIANB,27OCT2026,76000.000000,1000,OPTSTK,NFO,5.000000,30001,False
82155,INDIANB27OCT26840CE,INDIANB,27OCT2026,84000.000000,1000,OPTSTK,NFO,5.000000,30001,False
82079,BRITANNIA23NOV264800CE,BRITANNIA,23NOV2026,480000.000000,125,OPTSTK,NFO,5.000000,5001,False
82159,INDIANB27OCT26880CE,INDIANB,27OCT2026,88000.000000,1000,OPTSTK,NFO,5.000000,30001,False
82175,INDIANB27OCT26940PE,INDIANB,27OCT2026,94000.000000,1000,OPTSTK,NFO,5.000000,30001,False
82184,INDIANB27OCT261020CE,INDIANB,27OCT2026,102000.000000,1000,OPTSTK,NFO,5.000000,30001,False
82191,BRITANNIA23NOV265400CE,BRITANNIA,23NOV2026,540000.000000,125,OPTSTK,NFO,5.000000,5001,False
82247,ALKEM29SEP265100PE,ALKEM,29SEP2026,510000.000000,125,OPTSTK,NFO,5.000000,5001,False
82248,ALKEM29SEP265200CE,ALKEM,29SEP2026,520000.000000,125,OPTSTK,NFO,5.000000,5001,False
82250,ALKEM29SEP265300CE,ALKEM,29SEP2026,530000.000000,125,OPTSTK,NFO,5.000000,5001,False
82255,INDIGO29SEP265500CE,INDIGO,29SEP2026,550000.000000,150,OPTSTK,NFO,5.000000,4501,False
82258,BRITANNIA23NOV265800PE,BRITANNIA,23NOV2026,580000.000000,125,OPTSTK,NFO,5.000000,5001,False
82298,ALKEM29SEP265700PE,ALKEM,29SEP2026,570000.000000,125,OPTSTK,NFO,5.000000,5001,False
82309,ALKEM29SEP266200CE,ALKEM,29SEP2026,620000.000000,125,OPTSTK,NFO,5.000000,5001,False
82325,ALKEM29SEP266400PE,ALKEM,29SEP2026,640000.000000,125,OPTSTK,NFO,5.000000,5001,False
51450,NIFTY27OCT2625250CE,NIFTY,27OCT2026,2525000.000000,65,OPTIDX,NFO,5.000000,1801,False
51458,NIFTY27OCT2625450CE,NIFTY,27OCT2026,2545000.000000,65,OPTIDX,NFO,5.000000,1801,False
82379,INDIGO27OCT264600CE,INDIGO,27OCT2026,460000.000000,150,OPTSTK,NFO,5.000000,4501,False
82419,INDIGO27OCT265200CE,INDIGO,27OCT2026,520000.000000,150,OPTSTK,NFO,5.000000,4501,False
51476,NIFTY27OCT2625650CE,NIFTY,27OCT2026,2565000.000000,65,OPTIDX,NFO,5.000000,1801,False
51483,NIFTY27OCT2625800PE,NIFTY,27OCT2026,2580000.000000,65,OPTIDX,NFO,5.000000,1801,False
51485,NIFTY27OCT2625850PE,NIFTY,27OCT2026,2585000.000000,65,OPTIDX,NFO,5.000000,1801,False
51499,NIFTY27OCT2626200PE,NIFTY,27OCT2026,2620000.000000,65,OPTIDX,NFO,5.000000,1801,False
51506,NIFTY27OCT2626400CE,NIFTY,27OCT2026,2640000.000000,65,OPTIDX,NFO,5.000000,1801,False
51793,NIFTYNXT5027OCT2662500PE,NIFTYNXT50,27OCT2026,6250000.000000,25,OPTIDX,NFO,5.000000,601,False
51841,NIFTYNXT5027OCT2664000PE,NIFTYNXT50,27OCT2026,6400000.000000,25,OPTIDX,NFO,5.000000,601,False
51854,NIFTYNXT5027OCT2664300PE,NIFTYNXT50,27OCT2026,6430000.000000,25,OPTIDX,NFO,5.000000,601,False
51877,NIFTYNXT5027OCT2665100CE,NIFTYNXT50,27OCT2026,6510000.000000,25,OPTIDX,NFO,5.000000,601,False
51885,NIFTYNXT5027OCT2665400CE,NIFTYNXT50,27OCT2026,6540000.000000,25,OPTIDX,NFO,5.000000,601,False
51887,NIFTYNXT5027OCT2665400PE,NIFTYNXT50,27OCT2026,6540000.000000,25,OPTIDX,NFO,5.000000,601,False
51889,NIFTYNXT5027OCT2665500CE,NIFTYNXT50,27OCT2026,6550000.000000,25,OPTIDX,NFO,5.000000,601,False
51896,NIFTYNXT5027OCT2665800PE,NIFTYNXT50,27OCT2026,6580000.000000,25,OPTIDX,NFO,5.000000,601,False
51917,NIFTYNXT5027OCT2666500CE,NIFTYNXT50,27OCT2026,6650000.000000,25,OPTIDX,NFO,5.000000,601,False
51923,NIFTYNXT5027OCT2666800CE,NIFTYNXT50,27OCT2026,6680000.000000,25,OPTIDX,NFO,5.000000,601,False
51931,NIFTYNXT5027OCT2667200CE,NIFTYNXT50,27OCT2026,6720000.000000,25,OPTIDX,NFO,5.000000,601,False
51954,NIFTYNXT5027OCT2667900PE,NIFTYNXT50,27OCT2026,6790000.000000,25,OPTIDX,NFO,5.000000,601,False
51957,NIFTYNXT5027OCT2668100CE,NIFTYNXT50,27OCT2026,6810000.000000,25,OPTIDX,NFO,5.000000,601,False
52005,NIFTYNXT5027OCT2669500CE,NIFTYNXT50,27OCT2026,6950000.000000,25,OPTIDX,NFO,5.000000,601,False
52031,NIFTYNXT5027OCT2670400CE,NIFTYNXT50,27OCT2026,7040000.000000,25,OPTIDX,NFO,5.000000,601,False
52048,NIFTYNXT5027OCT2670500CE,NIFTYNXT50,27OCT2026,7050000.000000,25,OPTIDX,NFO,5.000000,601,False
52050,NIFTYNXT5027OCT2670600CE,NIFTYNXT50,27OCT2026,7060000.000000,25,OPTIDX,NFO,5.000000,601,False
52067,NIFTYNXT5027OCT2671300CE,NIFTYNXT50,27OCT2026,7130000.000000,25,OPTIDX,NFO,5.000000,601,False
52069,NIFTYNXT5027OCT2671400CE,NIFTYNXT50,27OCT2026,7140000.000000,25,OPTIDX,NFO,5.000000,601,False
52070,NIFTYNXT5027OCT2671400PE,NIFTYNXT50,27OCT2026,7140000.000000,25,OPTIDX,NFO,5.000000,601,False
52076,NIFTYNXT5027OCT2671700PE,NIFTYNXT50,27OCT2026,7170000.000000,25,OPTIDX,NFO,5.000000,601,False
52086,NIFTYNXT5027OCT2672100PE,NIFTYNXT50,27OCT2026,7210000.000000,25,OPTIDX,NFO,5.000000,601,False
52124,NIFTYNXT5027OCT2672700CE,NIFTYNXT50,27OCT2026,7270000.000000,25,OPTIDX,NFO,5.000000,601,False
52129,NIFTYNXT5027OCT2672800CE,NIFTYNXT50,27OCT2026,7280000.000000,25,OPTIDX,NFO,5.000000,601,False
52131,NIFTYNXT5027OCT2672900CE,NIFTYNXT50,27OCT2026,7290000.000000,25,OPTIDX,NFO,5.000000,601,False
52133,NIFTYNXT5027OCT2673000CE,NIFTYNXT50,27OCT2026,7300000.000000,25,OPTIDX,NFO,5.000000,601,False
52153,NIFTYNXT5027OCT2673600CE,NIFTYNXT50,27OCT2026,7360000.000000,25,OPTIDX,NFO,5.000000,601,False
52204,NIFTYNXT5027OCT2676100CE,NIFTYNXT50,27OCT2026,7610000.000000,25,OPTIDX,NFO,5.000000,601,False
52224,NIFTYNXT5027OCT2677000CE,NIFTYNXT50,27OCT2026,7700000.000000,25,OPTIDX,NFO,5.000000,601,False
52226,NIFTYNXT5027OCT2677100CE,NIFTYNXT50,27OCT2026,7710000.000000,25,OPTIDX,NFO,5.000000,601,False
52228,NIFTYNXT5027OCT2677200CE,NIFTYNXT50,27OCT2026,7720000.000000,25,OPTIDX,NFO,5.000000,601,False
52268,BANKNIFTY29SEP2645000CE,BANKNIFTY,29SEP2026,4500000.000000,30,OPTIDX,NFO,5.000000,601,False
52273,BANKNIFTY29SEP2648000PE,BANKNIFTY,29SEP2026,4800000.000000,30,OPTIDX,NFO,5.000000,601,False
52278,NIFTYNXT5027OCT2678800CE,NIFTYNXT50,27OCT2026,7880000.000000,25,OPTIDX,NFO,5.000000,601,False
52287,BANKNIFTY29SEP2654000PE,BANKNIFTY,29SEP2026,5400000.000000,30,OPTIDX,NFO,5.000000,601,False
52306,NIFTYNXT5027OCT2679500CE,NIFTYNXT50,27OCT2026,7950000.000000,25,OPTIDX,NFO,5.000000,601,False
52328,NIFTYNXT5027OCT2680500CE,NIFTYNXT50,27OCT2026,8050000.000000,25,OPTIDX,NFO,5.000000,601,False
52331,NIFTYNXT5027OCT2680600PE,NIFTYNXT50,27OCT2026,8060000.000000,25,OPTIDX,NFO,5.000000,601,False
52334,BANKNIFTY29SEP2657000CE,BANKNIFTY,29SEP2026,5700000.000000,30,OPTIDX,NFO,5.000000,601,False
52335,BANKNIFTY29SEP2657000PE,BANKNIFTY,29SEP2026,5700000.000000,30,OPTIDX,NFO,5.000000,601,False
52360,BANKNIFTY29SEP2660000CE,BANKNIFTY,29SEP2026,6000000.000000,30,OPTIDX,NFO,5.000000,601,False
52376,NIFTYNXT5027OCT2682500CE,NIFTYNXT50,27OCT2026,8250000.000000,25,OPTIDX,NFO,5.000000,601,False
52635,360ONE29SEP26980PE,360ONE,29SEP2026,98000.000000,500,OPTSTK,NFO,5.000000,20001,False
52636,360ONE29SEP261020CE,360ONE,29SEP2026,102000.000000,500,OPTSTK,NFO,5.000000,20001,False
52691,360ONE27OCT26960PE,360ONE,27OCT2026,96000.000000,500,OPTSTK,NFO,5.000000,20001,False
52693,360ONE27OCT261000PE,360ONE,27OCT2026,100000.000000,500,OPTSTK,NFO,5.000000,20001,False
52701,360ONE27OCT261160PE,360ONE,27OCT2026,116000.000000,500,OPTSTK,NFO,5.000000,20001,False
52843,ABB29SEP268500PE,ABB,29SEP2026,850000.000000,125,OPTSTK,NFO,5.000000,3751,False
52845,ABB29SEP268700PE,ABB,29SEP2026,870000.000000,125,OPTSTK,NFO,5.000000,3751,False
52879,ABB27OCT266600PE,ABB,27OCT2026,660000.000000,125,OPTSTK,NFO,5.000000,3751,False
52885,ABB27OCT267000PE,ABB,27OCT2026,700000.000000,125,OPTSTK,NFO,5.000000,3751,False
52894,ABB27OCT267600CE,ABB,27OCT2026,760000.000000,125,OPTSTK,NFO,5.000000,3751,False
52967,ABCAPITAL29SEP26395PE,ABCAPITAL,29SEP2026,39500.000000,3100,OPTSTK,NFO,5.000000,62001,False
52969,ABCAPITAL29SEP26405PE,ABCAPITAL,29SEP2026,40500.000000,3100,OPTSTK,NFO,5.000000,62001,False
52970,ABCAPITAL29SEP26415CE,ABCAPITAL,29SEP2026,41500.000000,3100,OPTSTK,NFO,5.000000,62001,False
53039,ABCAPITAL27OCT26390CE,ABCAPITAL,27OCT2026,39000.000000,3100,OPTSTK,NFO,5.000000,62001,False
53097,ADANIENSOL29SEP261340CE,ADANIENSOL,29SEP2026,134000.000000,675,OPTSTK,NFO,5.000000,13501,False
53098,ADANIENSOL29SEP261340PE,ADANIENSOL,29SEP2026,134000.000000,675,OPTSTK,NFO,5.000000,13501,False
53178,ADANIENSOL27OCT261120PE,ADANIENSOL,27OCT2026,112000.000000,675,OPTSTK,NFO,5.000000,13501,False
53225,BANKNIFTY29DEC2654000PE,BANKNIFTY,29DEC2026,5400000.000000,30,OPTIDX,NFO,5.000000,601,False
53235,BANKNIFTY29DEC2658500CE,BANKNIFTY,29DEC2026,5850000.000000,30,OPTIDX,NFO,5.000000,601,False
53238,ADANIENSOL27OCT261560CE,ADANIENSOL,27OCT2026,156000.000000,675,OPTSTK,NFO,5.000000,13501,False
53239,ADANIENSOL27OCT261560PE,ADANIENSOL,27OCT2026,156000.000000,675,OPTSTK,NFO,5.000000,13501,False
53419,ADANIENT27OCT263100PE,ADANIENT,27OCT2026,310000.000000,309,OPTSTK,NFO,5.000000,9271,False
53459,ADANIGREEN29SEP261100PE,ADANIGREEN,29SEP2026,110000.000000,600,OPTSTK,NFO,5.000000,18001,False
53461,ADANIGREEN29SEP261140PE,ADANIGREEN,29SEP2026,114000.000000,600,OPTSTK,NFO,5.000000,18001,False
53463,ADANIGREEN29SEP261180PE,ADANIGREEN,29SEP2026,118000.000000,600,OPTSTK,NFO,5.000000,18001,False
53466,ADANIGREEN29SEP261260CE,ADANIGREEN,29SEP2026,126000.000000,600,OPTSTK,NFO,5.000000,18001,False
53474,ADANIGREEN29SEP261340CE,ADANIGREEN,29SEP2026,134000.000000,600,OPTSTK,NFO,5.000000,18001,False
53478,ADANIGREEN29SEP261420CE,ADANIGREEN,29SEP2026,142000.000000,600,OPTSTK,NFO,5.000000,18001,False
53479,ADANIGREEN29SEP261420PE,ADANIGREEN,29SEP2026,142000.000000,600,OPTSTK,NFO,5.000000,18001,False
53531,ADANIGREEN27OCT261120PE,ADANIGREEN,27OCT2026,112000.000000,600,OPTSTK,NFO,5.000000,18001,False
53545,ADANIGREEN27OCT261360PE,ADANIGREEN,27OCT2026,136000.000000,600,OPTSTK,NFO,5.000000,18001,False
53554,ADANIGREEN27OCT261560CE,ADANIGREEN,27OCT2026,156000.000000,600,OPTSTK,NFO,5.000000,18001,False
53602,NIFTY28DEC2717000PE,NIFTY,28DEC2027,1700000.000000,65,OPTIDX,NFO,5.000000,1801,False
53605,ADANIPORTS29SEP261500CE,ADANIPORTS,29SEP2026,150000.000000,475,OPTSTK,NFO,5.000000,14251,False
53607,ADANIPORTS29SEP261500PE,ADANIPORTS,29SEP2026,150000.000000,475,OPTSTK,NFO,5.000000,14251,False
53610,ADANIPORTS29SEP261580CE,ADANIPORTS,29SEP2026,158000.000000,475,OPTSTK,NFO,5.000000,14251,False
53613,NIFTY28DEC2721000CE,NIFTY,28DEC2027,2100000.000000,65,OPTIDX,NFO,5.000000,1801,False
53632,NIFTY28DEC2727000PE,NIFTY,28DEC2027,2700000.000000,65,OPTIDX,NFO,5.000000,1801,False
53639,ADANIPORTS29SEP261860CE,ADANIPORTS,29SEP2026,186000.000000,475,OPTSTK,NFO,5.000000,14251,False
53644,ADANIPORTS29SEP261940PE,ADANIPORTS,29SEP2026,194000.000000,475,OPTSTK,NFO,5.000000,14251,False
53687,ADANIPORTS27OCT261360CE,ADANIPORTS,27OCT2026,136000.000000,475,OPTSTK,NFO,5.000000,14251,False
53713,ADANIPORTS27OCT261760CE,ADANIPORTS,27OCT2026,176000.000000,475,OPTSTK,NFO,5.000000,14251,False
53714,ADANIPORTS27OCT261760PE,ADANIPORTS,27OCT2026,176000.000000,475,OPTSTK,NFO,5.000000,14251,False
53717,ADANIPORTS27OCT261840CE,ADANIPORTS,27OCT2026,184000.000000,475,OPTSTK,NFO,5.000000,14251,False
53724,ADANIPORTS27OCT261920PE,ADANIPORTS,27OCT2026,192000.000000,475,OPTSTK,NFO,5.000000,14251,False
53728,ADANIPORTS27OCT262000PE,ADANIPORTS,27OCT2026,200000.000000,475,OPTSTK,NFO,5.000000,14251,False
53762,ADANIPOWER29SEP26205PE,ADANIPOWER,29SEP2026,20500.000000,3550,OPTSTK,NFO,1.000000,106501,False
53769,ADANIPOWER29SEP26225CE,ADANIPOWER,29SEP2026,22500.000000,3550,OPTSTK,NFO,1.000000,106501,False
53771,HINDPETRO29SEP26280CE,HINDPETRO,29SEP2026,28000.000000,2025,OPTSTK,NFO,5.000000,60751,False
53816,ADANIPOWER27OCT26210PE,ADANIPOWER,27OCT2026,21000.000000,3550,OPTSTK,NFO,1.000000,106501,False
53851,HINDPETRO29SEP26330CE,HINDPETRO,29SEP2026,33000.000000,2025,OPTSTK,NFO,5.000000,60751,False
53864,ALKEM29SEP264550PE,ALKEM,29SEP2026,455000.000000,125,OPTSTK,NFO,5.000000,5001,False
53878,ALKEM29SEP265150PE,ALKEM,29SEP2026,515000.000000,125,OPTSTK,NFO,5.000000,5001,False
53886,ALKEM29SEP265550PE,ALKEM,29SEP2026,555000.000000,125,OPTSTK,NFO,5.000000,5001,False
53894,ALKEM29SEP265850PE,ALKEM,29SEP2026,585000.000000,125,OPTSTK,NFO,5.000000,5001,False
53908,HINDPETRO29SEP26370PE,HINDPETRO,29SEP2026,37000.000000,2025,OPTSTK,NFO,5.000000,60751,False
53959,HINDPETRO29SEP26440CE,HINDPETRO,29SEP2026,44000.000000,2025,OPTSTK,NFO,5.000000,60751,False
53981,ALKEM27OCT264800CE,ALKEM,27OCT2026,480000.000000,125,OPTSTK,NFO,5.000000,5001,False
54000,ALKEM27OCT265600PE,ALKEM,27OCT2026,560000.000000,125,OPTSTK,NFO,5.000000,5001,False
54007,ALKEM27OCT265900CE,ALKEM,27OCT2026,590000.000000,125,OPTSTK,NFO,5.000000,5001,False
54009,ALKEM27OCT266000CE,ALKEM,27OCT2026,600000.000000,125,OPTSTK,NFO,5.000000,5001,False
54089,HINDPETRO27OCT26340CE,HINDPETRO,27OCT2026,34000.000000,2025,OPTSTK,NFO,5.000000,60751,False
54146,AMBER29SEP267700PE,AMBER,29SEP2026,770000.000000,100,OPTSTK,NFO,5.000000,3001,False
54087,HINDPETRO27OCT26320CE,HINDPETRO,27OCT2026,32000.000000,2025,OPTSTK,NFO,5.000000,60751,False
54143,AMBER29SEP267500CE,AMBER,29SEP2026,750000.000000,100,OPTSTK,NFO,5.000000,3001,False
54155,AMBER29SEP268500PE,AMBER,29SEP2026,850000.000000,100,OPTSTK,NFO,5.000000,3001,False
54197,AMBER27OCT266200CE,AMBER,27OCT2026,620000.000000,100,OPTSTK,NFO,5.000000,3001,False
54201,AMBER27OCT266400CE,AMBER,27OCT2026,640000.000000,100,OPTSTK,NFO,5.000000,3001,False
54203,AMBER27OCT266600CE,AMBER,27OCT2026,660000.000000,100,OPTSTK,NFO,5.000000,3001,False
54208,AMBER27OCT267000PE,AMBER,27OCT2026,700000.000000,100,OPTSTK,NFO,5.000000,3001,False
54224,AMBER27OCT268200PE,AMBER,27OCT2026,820000.000000,100,OPTSTK,NFO,5.000000,3001,False
54229,AMBER27OCT268600CE,AMBER,27OCT2026,860000.000000,100,OPTSTK,NFO,5.000000,3001,False
54233,AMBER27OCT268800CE,AMBER,27OCT2026,880000.000000,100,OPTSTK,NFO,5.000000,3001,False
54290,AMBUJACEM29SEP26385PE,AMBUJACEM,29SEP2026,38500.000000,1200,OPTSTK,NFO,5.000000,60001,False
54292,AMBUJACEM29SEP26395PE,AMBUJACEM,29SEP2026,39500.000000,1200,OPTSTK,NFO,5.000000,60001,False
54298,AMBUJACEM29SEP26425PE,AMBUJACEM,29SEP2026,42500.000000,1200,OPTSTK,NFO,5.000000,60001,False
54311,AMBUJACEM29SEP26485CE,AMBUJACEM,29SEP2026,48500.000000,1200,OPTSTK,NFO,5.000000,60001,False
54353,AMBUJACEM27OCT26370CE,AMBUJACEM,27OCT2026,37000.000000,1200,OPTSTK,NFO,5.000000,60001,False
54357,AMBUJACEM27OCT26390CE,AMBUJACEM,27OCT2026,39000.000000,1200,OPTSTK,NFO,5.000000,60001,False
54362,AMBUJACEM27OCT26410PE,AMBUJACEM,27OCT2026,41000.000000,1200,OPTSTK,NFO,5.000000,60001,False
54366,AMBUJACEM27OCT26430PE,AMBUJACEM,27OCT2026,43000.000000,1200,OPTSTK,NFO,5.000000,60001,False
54417,ANGELONE29SEP26265CE,ANGELONE,29SEP2026,26500.000000,2500,OPTSTK,NFO,5.000000,75001,False
54424,ANGELONE29SEP26295PE,ANGELONE,29SEP2026,29500.000000,2500,OPTSTK,NFO,5.000000,75001,False
54428,ANGELONE29SEP26315PE,ANGELONE,29SEP2026,31500.000000,2500,OPTSTK,NFO,5.000000,75001,False
54555,APLAPOLLO29SEP261980CE,APLAPOLLO,29SEP2026,198000.000000,350,OPTSTK,NFO,5.000000,10501,False
54569,APLAPOLLO29SEP262220CE,APLAPOLLO,29SEP2026,222000.000000,350,OPTSTK,NFO,5.000000,10501,False
54574,APLAPOLLO29SEP262260PE,APLAPOLLO,29SEP2026,226000.000000,350,OPTSTK,NFO,5.000000,10501,False
54578,APLAPOLLO29SEP262340PE,APLAPOLLO,29SEP2026,234000.000000,350,OPTSTK,NFO,5.000000,10501,False
54582,APLAPOLLO29SEP262520PE,APLAPOLLO,29SEP2026,252000.000000,350,OPTSTK,NFO,5.000000,10501,False
54690,APLAPOLLO27OCT262120CE,APLAPOLLO,27OCT2026,212000.000000,350,OPTSTK,NFO,5.000000,10501,False
54701,APLAPOLLO27OCT262280CE,APLAPOLLO,27OCT2026,228000.000000,350,OPTSTK,NFO,5.000000,10501,False
54709,APLAPOLLO27OCT262440CE,APLAPOLLO,27OCT2026,244000.000000,350,OPTSTK,NFO,5.000000,10501,False
54713,APLAPOLLO27OCT262560CE,APLAPOLLO,27OCT2026,256000.000000,350,OPTSTK,NFO,5.000000,10501,False
54746,APOLLOHOSP29SEP267900PE,APOLLOHOSP,29SEP2026,790000.000000,125,OPTSTK,NFO,5.000000,2501,False
54763,APOLLOHOSP29SEP268900CE,APOLLOHOSP,29SEP2026,890000.000000,125,OPTSTK,NFO,5.000000,2501,False
54831,APOLLOHOSP27OCT268000CE,APOLLOHOSP,27OCT2026,800000.000000,125,OPTSTK,NFO,5.000000,2501,False
54832,APOLLOHOSP27OCT268000PE,APOLLOHOSP,27OCT2026,800000.000000,125,OPTSTK,NFO,5.000000,2501,False
54836,APOLLOHOSP27OCT268400PE,APOLLOHOSP,27OCT2026,840000.000000,125,OPTSTK,NFO,5.000000,2501,False
54857,APOLLOHOSP27OCT2610200CE,APOLLOHOSP,27OCT2026,1020000.000000,125,OPTSTK,NFO,5.000000,2501,False
54974,ASHOKLEY27OCT26145PE,ASHOKLEY,27OCT2026,14500.000000,5000,OPTSTK,NFO,1.000000,150001,False
54987,ASHOKLEY27OCT26170CE,ASHOKLEY,27OCT2026,17000.000000,5000,OPTSTK,NFO,1.000000,150001,False
54999,ASHOKLEY27OCT26185CE,ASHOKLEY,27OCT2026,18500.000000,5000,OPTSTK,NFO,1.000000,150001,False
55010,ASHOKLEY27OCT26205PE,ASHOKLEY,27OCT2026,20500.000000,5000,OPTSTK,NFO,1.000000,150001,False
55064,ASIANPAINT29SEP262420PE,ASIANPAINT,29SEP2026,242000.000000,250,OPTSTK,NFO,5.000000,10001,False
55066,ASIANPAINT29SEP262460PE,ASIANPAINT,29SEP2026,246000.000000,250,OPTSTK,NFO,5.000000,10001,False
55071,ASIANPAINT29SEP262540CE,ASIANPAINT,29SEP2026,254000.000000,250,OPTSTK,NFO,5.000000,10001,False
55093,ASIANPAINT29SEP262740CE,ASIANPAINT,29SEP2026,274000.000000,250,OPTSTK,NFO,5.000000,10001,False
55098,ASIANPAINT29SEP262780PE,ASIANPAINT,29SEP2026,278000.000000,250,OPTSTK,NFO,5.000000,10001,False
55115,ASIANPAINT29SEP262940CE,ASIANPAINT,29SEP2026,294000.000000,250,OPTSTK,NFO,5.000000,10001,False
55188,ASIANPAINT27OCT262080CE,ASIANPAINT,27OCT2026,208000.000000,250,OPTSTK,NFO,5.000000,10001,False
55201,ASIANPAINT27OCT262240PE,ASIANPAINT,27OCT2026,224000.000000,250,OPTSTK,NFO,5.000000,10001,False
55205,ASIANPAINT27OCT262320PE,ASIANPAINT,27OCT2026,232000.000000,250,OPTSTK,NFO,5.000000,10001,False
55216,ASIANPAINT27OCT262520CE,ASIANPAINT,27OCT2026,252000.000000,250,OPTSTK,NFO,5.000000,10001,False
55221,ASIANPAINT27OCT262600PE,ASIANPAINT,27OCT2026,260000.000000,250,OPTSTK,NFO,5.000000,10001,False
55222,ASIANPAINT27OCT262640CE,ASIANPAINT,27OCT2026,264000.000000,250,OPTSTK,NFO,5.000000,10001,False
55234,ASIANPAINT27OCT262800CE,ASIANPAINT,27OCT2026,280000.000000,250,OPTSTK,NFO,5.000000,10001,False
55239,ASIANPAINT27OCT262880PE,ASIANPAINT,27OCT2026,288000.000000,250,OPTSTK,NFO,5.000000,10001,False
55287,NIFTY29SEP2625500PE,NIFTY,29SEP2026,2550000.000000,65,OPTIDX,NFO,5.000000,1801,False
55290,NIFTY29SEP2631500CE,NIFTY,29SEP2026,3150000.000000,65,OPTIDX,NFO,5.000000,1801,False
55327,NIFTY29DEC2622500PE,NIFTY,29DEC2026,2250000.000000,65,OPTIDX,NFO,5.000000,1801,False
55423,NIFTY28DEC2719500PE,NIFTY,28DEC2027,1950000.000000,65,OPTIDX,NFO,5.000000,1801,False
55478,NIFTY27JUN2828500CE,NIFTY,27JUN2028,2850000.000000,65,OPTIDX,NFO,5.000000,1801,False
55556,NIFTY26JUN2916500CE,NIFTY,26JUN2029,1650000.000000,65,OPTIDX,NFO,5.000000,1801,False
55562,NIFTY26JUN2925500CE,NIFTY,26JUN2029,2550000.000000,65,OPTIDX,NFO,5.000000,1801,False
55564,NIFTY26JUN2928500CE,NIFTY,26JUN2029,2850000.000000,65,OPTIDX,NFO,5.000000,1801,False
55641,NIFTY25JUN3016500PE,NIFTY,25JUN2030,1650000.000000,65,OPTIDX,NFO,5.000000,1801,False
55755,NIFTY31DEC3024000PE,NIFTY,31DEC2030,2400000.000000,65,OPTIDX,NFO,5.000000,1801,False
55761,NIFTY31DEC3028500PE,NIFTY,31DEC2030,2850000.000000,65,OPTIDX,NFO,5.000000,1801,False
55766,NIFTY31DEC3033000CE,NIFTY,31DEC2030,3300000.000000,65,OPTIDX,NFO,5.000000,1801,False
55905,ASTRAL27OCT261440PE,ASTRAL,27OCT2026,144000.000000,425,OPTSTK,NFO,5.000000,17001,False
55908,ASTRAL27OCT261520CE,ASTRAL,27OCT2026,152000.000000,425,OPTSTK,NFO,5.000000,17001,False
55915,ASTRAL27OCT261560PE,ASTRAL,27OCT2026,156000.000000,425,OPTSTK,NFO,5.000000,17001,False
55986,AUBANK29SEP261220CE,AUBANK,29SEP2026,122000.000000,1000,OPTSTK,NFO,5.000000,20001,False
55988,AUBANK29SEP261260CE,AUBANK,29SEP2026,126000.000000,1000,OPTSTK,NFO,5.000000,20001,False
56054,AUBANK27OCT261120CE,AUBANK,27OCT2026,112000.000000,1000,OPTSTK,NFO,5.000000,20001,False
56150,AUROPHARMA29SEP261620CE,AUROPHARMA,29SEP2026,162000.000000,550,OPTSTK,NFO,5.000000,16501,False
56199,AUROPHARMA27OCT261360PE,AUROPHARMA,27OCT2026,136000.000000,550,OPTSTK,NFO,5.000000,16501,False
56229,AUROPHARMA27OCT261600PE,AUROPHARMA,27OCT2026,160000.000000,550,OPTSTK,NFO,5.000000,16501,False
56309,AXISBANK29SEP261100PE,AXISBANK,29SEP2026,110000.000000,625,OPTSTK,NFO,5.000000,18751,False
56317,AXISBANK29SEP261260PE,AXISBANK,29SEP2026,126000.000000,625,OPTSTK,NFO,5.000000,18751,False
56323,AXISBANK29SEP261380PE,AXISBANK,29SEP2026,138000.000000,625,OPTSTK,NFO,5.000000,18751,False
56385,AXISBANK27OCT261200PE,AXISBANK,27OCT2026,120000.000000,625,OPTSTK,NFO,5.000000,18751,False
56401,AXISBANK27OCT261360PE,AXISBANK,27OCT2026,136000.000000,625,OPTSTK,NFO,5.000000,18751,False
56415,AXISBANK27OCT261520PE,AXISBANK,27OCT2026,152000.000000,625,OPTSTK,NFO,5.000000,18751,False
56483,BAJAJ-AUTO29SEP2611500PE,BAJAJ-AUTO,29SEP2026,1150000.000000,75,OPTSTK,NFO,5.000000,2251,False
56571,BAJAJ-AUTO27OCT2610600PE,BAJAJ-AUTO,27OCT2026,1060000.000000,75,OPTSTK,NFO,5.000000,2251,False
56575,BAJAJ-AUTO27OCT2611000PE,BAJAJ-AUTO,27OCT2026,1100000.000000,75,OPTSTK,NFO,5.000000,2251,False
56588,BAJAJ-AUTO27OCT2612400CE,BAJAJ-AUTO,27OCT2026,1240000.000000,75,OPTSTK,NFO,5.000000,2251,False
56681,BAJAJFINSV29SEP261860PE,BAJAJFINSV,29SEP2026,186000.000000,300,OPTSTK,NFO,5.000000,12001,False
56692,BAJAJFINSV29SEP262020CE,BAJAJFINSV,29SEP2026,202000.000000,300,OPTSTK,NFO,5.000000,12001,False
56694,BAJAJFINSV29SEP262060CE,BAJAJFINSV,29SEP2026,206000.000000,300,OPTSTK,NFO,5.000000,12001,False
56695,BAJAJFINSV29SEP262060PE,BAJAJFINSV,29SEP2026,206000.000000,300,OPTSTK,NFO,5.000000,12001,False
56701,NIFTY22SEP2621800CE,NIFTY,22SEP2026,2180000.000000,65,OPTIDX,NFO,5.000000,1801,False
56704,BAJAJFINSV29SEP262140CE,BAJAJFINSV,29SEP2026,214000.000000,300,OPTSTK,NFO,5.000000,12001,False
56706,NIFTY22SEP2621850PE,NIFTY,22SEP2026,2185000.000000,65,OPTIDX,NFO,5.000000,1801,False
56771,BAJAJFINSV27OCT261800PE,BAJAJFINSV,27OCT2026,180000.000000,300,OPTSTK,NFO,5.000000,12001,False
56774,BAJAJFINSV27OCT261880CE,BAJAJFINSV,27OCT2026,188000.000000,300,OPTSTK,NFO,5.000000,12001,False
56790,BAJAJFINSV27OCT262160CE,BAJAJFINSV,27OCT2026,216000.000000,300,OPTSTK,NFO,5.000000,12001,False
56821,NIFTY22SEP2622200CE,NIFTY,22SEP2026,2220000.000000,65,OPTIDX,NFO,5.000000,1801,False
56837,NIFTY22SEP2622400CE,NIFTY,22SEP2026,2240000.000000,65,OPTIDX,NFO,5.000000,1801,False
56862,NIFTY22SEP2622400PE,NIFTY,22SEP2026,2240000.000000,65,OPTIDX,NFO,5.000000,1801,False
56872,BAJAJHLDNG29SEP2610300CE,BAJAJHLDNG,29SEP2026,1030000.000000,75,OPTSTK,NFO,5.000000,2251,False
56882,BAJAJHLDNG29SEP2610900CE,BAJAJHLDNG,29SEP2026,1090000.000000,75,OPTSTK,NFO,5.000000,2251,False
56896,BAJAJHLDNG29SEP2612300CE,BAJAJHLDNG,29SEP2026,1230000.000000,75,OPTSTK,NFO,5.000000,2251,False
56908,NIFTY22SEP2622750PE,NIFTY,22SEP2026,2275000.000000,65,OPTIDX,NFO,5.000000,1801,False
56978,NIFTY22SEP2623150CE,NIFTY,22SEP2026,2315000.000000,65,OPTIDX,NFO,5.000000,1801,False
56984,NIFTY22SEP2623250PE,NIFTY,22SEP2026,2325000.000000,65,OPTIDX,NFO,5.000000,1801,False
56999,NIFTY22SEP2623400CE,NIFTY,22SEP2026,2340000.000000,65,OPTIDX,NFO,5.000000,1801,False
57006,NIFTY22SEP2623450PE,NIFTY,22SEP2026,2345000.000000,65,OPTIDX,NFO,5.000000,1801,False
57081,BAJFINANCE29SEP26930CE,BAJFINANCE,29SEP2026,93000.000000,750,OPTSTK,NFO,5.000000,22501,False
57119,BAJFINANCE29SEP261190CE,BAJFINANCE,29SEP2026,119000.000000,750,OPTSTK,NFO,5.000000,22501,False
57168,BAJFINANCE27OCT26880PE,BAJFINANCE,27OCT2026,88000.000000,750,OPTSTK,NFO,5.000000,22501,False
57200,BAJFINANCE27OCT261200PE,BAJFINANCE,27OCT2026,120000.000000,750,OPTSTK,NFO,5.000000,22501,False
57271,BANDHANBNK27OCT26160CE,BANDHANBNK,27OCT2026,16000.000000,3600,OPTSTK,NFO,1.000000,108001,False
57275,BANDHANBNK27OCT26180CE,BANDHANBNK,27OCT2026,18000.000000,3600,OPTSTK,NFO,1.000000,108001,False
57316,BANKBARODA29SEP26245PE,BANKBARODA,29SEP2026,24500.000000,2925,OPTSTK,NFO,1.000000,87751,False
57322,BANKBARODA29SEP26275PE,BANKBARODA,29SEP2026,27500.000000,2925,OPTSTK,NFO,1.000000,87751,False
57351,BANKBARODA27OCT26220CE,BANKBARODA,27OCT2026,22000.000000,2925,OPTSTK,NFO,1.000000,87751,False
57363,BANKBARODA27OCT26280CE,BANKBARODA,27OCT2026,28000.000000,2925,OPTSTK,NFO,1.000000,87751,False
57407,BANKINDIA29SEP26147.5CE,BANKINDIA,29SEP2026,14750.000000,5200,OPTSTK,NFO,1.000000,156001,False
57409,BANKINDIA29SEP26152.5CE,BANKINDIA,29SEP2026,15250.000000,5200,OPTSTK,NFO,1.000000,156001,False
57446,NIFTY22SEP2624300PE,NIFTY,22SEP2026,2430000.000000,65,OPTIDX,NFO,5.000000,1801,False
57458,BANKINDIA27OCT26155PE,BANKINDIA,27OCT2026,15500.000000,5200,OPTSTK,NFO,1.000000,156001,False
57492,BDL29SEP261180PE,BDL,29SEP2026,118000.000000,425,OPTSTK,NFO,5.000000,17001,False
57532,BDL27OCT261000PE,BDL,27OCT2026,100000.000000,425,OPTSTK,NFO,5.000000,17001,False
57536,BDL27OCT261080PE,BDL,27OCT2026,108000.000000,425,OPTSTK,NFO,5.000000,17001,False
57554,BDL27OCT261440PE,BDL,27OCT2026,144000.000000,425,OPTSTK,NFO,5.000000,17001,False
57558,BDL27OCT261520PE,BDL,27OCT2026,152000.000000,425,OPTSTK,NFO,5.000000,17001,False
57584,NIFTY22SEP2624450CE,NIFTY,22SEP2026,2445000.000000,65,OPTIDX,NFO,5.000000,1801,False
57741,BHARATFORG29SEP261820PE,BHARATFORG,29SEP2026,182000.000000,500,OPTSTK,NFO,5.000000,10001,False
57604,BEL29SEP26365PE,BEL,29SEP2026,36500.000000,1425,OPTSTK,NFO,5.000000,57001,False
57620,BEL29SEP26435PE,BEL,29SEP2026,43500.000000,1425,OPTSTK,NFO,5.000000,57001,False
57624,BEL29SEP26455CE,BEL,29SEP2026,45500.000000,1425,OPTSTK,NFO,5.000000,57001,False
57749,BHARATFORG29SEP261940PE,BHARATFORG,29SEP2026,194000.000000,500,OPTSTK,NFO,5.000000,10001,False
57774,BHARATFORG29SEP262420CE,BHARATFORG,29SEP2026,242000.000000,500,OPTSTK,NFO,5.000000,10001,False
57795,NIFTY22SEP2624950PE,NIFTY,22SEP2026,2495000.000000,65,OPTIDX,NFO,5.000000,1801,False
57820,BHARATFORG27OCT261640CE,BHARATFORG,27OCT2026,164000.000000,500,OPTSTK,NFO,5.000000,10001,False
57824,BHARATFORG27OCT261720CE,BHARATFORG,27OCT2026,172000.000000,500,OPTSTK,NFO,5.000000,10001,False
57831,BHARATFORG27OCT261800PE,BHARATFORG,27OCT2026,180000.000000,500,OPTSTK,NFO,5.000000,10001,False
57847,NIFTY22SEP2625100PE,NIFTY,22SEP2026,2510000.000000,65,OPTIDX,NFO,5.000000,1801,False
57864,BHARATFORG27OCT262320CE,BHARATFORG,27OCT2026,232000.000000,500,OPTSTK,NFO,5.000000,10001,False
57936,BHARTIARTL29SEP261660CE,BHARTIARTL,29SEP2026,166000.000000,475,OPTSTK,NFO,5.000000,14251,False
57941,BHARTIARTL29SEP261740PE,BHARTIARTL,29SEP2026,174000.000000,475,OPTSTK,NFO,5.000000,14251,False
57942,BHARTIARTL29SEP261780CE,BHARTIARTL,29SEP2026,178000.000000,475,OPTSTK,NFO,5.000000,14251,False
57956,BHARTIARTL29SEP262020CE,BHARTIARTL,29SEP2026,202000.000000,475,OPTSTK,NFO,5.000000,14251,False
57960,NIFTY22SEP2625650CE,NIFTY,22SEP2026,2565000.000000,65,OPTIDX,NFO,5.000000,1801,False
57966,BHARTIARTL29SEP262180CE,BHARTIARTL,29SEP2026,218000.000000,475,OPTSTK,NFO,5.000000,14251,False
57996,NIFTY22SEP2625700CE,NIFTY,22SEP2026,2570000.000000,65,OPTIDX,NFO,5.000000,1801,False
58022,BHARTIARTL27OCT261600PE,BHARTIARTL,27OCT2026,160000.000000,475,OPTSTK,NFO,5.000000,14251,False
58039,BHARTIARTL27OCT261760PE,BHARTIARTL,27OCT2026,176000.000000,475,OPTSTK,NFO,5.000000,14251,False
58053,BHARTIARTL27OCT261880CE,BHARTIARTL,27OCT2026,188000.000000,475,OPTSTK,NFO,5.000000,14251,False
58063,BHARTIARTL27OCT262000CE,BHARTIARTL,27OCT2026,200000.000000,475,OPTSTK,NFO,5.000000,14251,False
58081,BHARTIARTL27OCT262120CE,BHARTIARTL,27OCT2026,212000.000000,475,OPTSTK,NFO,5.000000,14251,False
58231,BHEL29SEP26415CE,BHEL,29SEP2026,41500.000000,2625,OPTSTK,NFO,5.000000,52501,False
58253,BHEL29SEP26435CE,BHEL,29SEP2026,43500.000000,2625,OPTSTK,NFO,5.000000,52501,False
58266,BHEL29SEP26475CE,BHEL,29SEP2026,47500.000000,2625,OPTSTK,NFO,5.000000,52501,False
58267,BHEL29SEP26475PE,BHEL,29SEP2026,47500.000000,2625,OPTSTK,NFO,5.000000,52501,False
58271,BHEL29SEP26485PE,BHEL,29SEP2026,48500.000000,2625,OPTSTK,NFO,5.000000,52501,False
58434,BHEL27OCT26360CE,BHEL,27OCT2026,36000.000000,2625,OPTSTK,NFO,5.000000,52501,False
58437,BHEL27OCT26370PE,BHEL,27OCT2026,37000.000000,2625,OPTSTK,NFO,5.000000,52501,False
58452,BHEL27OCT26400CE,BHEL,27OCT2026,40000.000000,2625,OPTSTK,NFO,5.000000,52501,False
58473,BHEL27OCT26420PE,BHEL,27OCT2026,42000.000000,2625,OPTSTK,NFO,5.000000,52501,False
58486,BHEL27OCT26470CE,BHEL,27OCT2026,47000.000000,2625,OPTSTK,NFO,5.000000,52501,False
58613,BIOCON29SEP26365PE,BIOCON,29SEP2026,36500.000000,2500,OPTSTK,NFO,5.000000,50001,False
58635,NIFTY29DEC2615000PE,NIFTY,29DEC2026,1500000.000000,65,OPTIDX,NFO,5.000000,1801,False
58658,BIOCON29SEP26395PE,BIOCON,29SEP2026,39500.000000,2500,OPTSTK,NFO,5.000000,50001,False
58675,BIOCON29SEP26425CE,BIOCON,29SEP2026,42500.000000,2500,OPTSTK,NFO,5.000000,50001,False
58693,BIOCON29SEP26455CE,BIOCON,29SEP2026,45500.000000,2500,OPTSTK,NFO,5.000000,50001,False
59076,BLUESTARCO29SEP261300PE,BLUESTARCO,29SEP2026,130000.000000,325,OPTSTK,NFO,5.000000,13001,False
59122,BLUESTARCO29SEP261540CE,BLUESTARCO,29SEP2026,154000.000000,325,OPTSTK,NFO,5.000000,13001,False
59127,BLUESTARCO29SEP261540PE,BLUESTARCO,29SEP2026,154000.000000,325,OPTSTK,NFO,5.000000,13001,False
59174,BLUESTARCO29SEP261700PE,BLUESTARCO,29SEP2026,170000.000000,325,OPTSTK,NFO,5.000000,13001,False
59237,BLUESTARCO27OCT261200PE,BLUESTARCO,27OCT2026,120000.000000,325,OPTSTK,NFO,5.000000,13001,False
59276,BLUESTARCO27OCT261360CE,BLUESTARCO,27OCT2026,136000.000000,325,OPTSTK,NFO,5.000000,13001,False
59277,BLUESTARCO27OCT261360PE,BLUESTARCO,27OCT2026,136000.000000,325,OPTSTK,NFO,5.000000,13001,False
59295,BLUESTARCO27OCT261480CE,BLUESTARCO,27OCT2026,148000.000000,325,OPTSTK,NFO,5.000000,13001,False
59356,BLUESTARCO27OCT261760CE,BLUESTARCO,27OCT2026,176000.000000,325,OPTSTK,NFO,5.000000,13001,False
59382,BLUESTARCO27OCT261800CE,BLUESTARCO,27OCT2026,180000.000000,325,OPTSTK,NFO,5.000000,13001,False
59575,BOSCHLTD29SEP2643500CE,BOSCHLTD,29SEP2026,4350000.000000,25,OPTSTK,NFO,5.000000,501,False
59578,BOSCHLTD29SEP2644500PE,BOSCHLTD,29SEP2026,4450000.000000,25,OPTSTK,NFO,5.000000,501,False
59582,BOSCHLTD29SEP2646500PE,BOSCHLTD,29SEP2026,4650000.000000,25,OPTSTK,NFO,5.000000,501,False
59583,BOSCHLTD29SEP2647500CE,BOSCHLTD,29SEP2026,4750000.000000,25,OPTSTK,NFO,5.000000,501,False
59645,BOSCHLTD27OCT2641000CE,BOSCHLTD,27OCT2026,4100000.000000,25,OPTSTK,NFO,5.000000,501,False
59656,BOSCHLTD27OCT2646000PE,BOSCHLTD,27OCT2026,4600000.000000,25,OPTSTK,NFO,5.000000,501,False
59659,BOSCHLTD27OCT2648000CE,BOSCHLTD,27OCT2026,4800000.000000,25,OPTSTK,NFO,5.000000,501,False
59714,BPCL29SEP26345PE,BPCL,29SEP2026,34500.000000,1975,OPTSTK,NFO,5.000000,79001,False
59698,BPCL29SEP26295CE,BPCL,29SEP2026,29500.000000,1975,OPTSTK,NFO,5.000000,79001,False
59706,BPCL29SEP26305PE,BPCL,29SEP2026,30500.000000,1975,OPTSTK,NFO,5.000000,79001,False
59707,BPCL29SEP26315CE,BPCL,29SEP2026,31500.000000,1975,OPTSTK,NFO,5.000000,79001,False
59715,BPCL29SEP26355CE,BPCL,29SEP2026,35500.000000,1975,OPTSTK,NFO,5.000000,79001,False
59754,BPCL27OCT26280PE,BPCL,27OCT2026,28000.000000,1975,OPTSTK,NFO,5.000000,79001,False
59763,BPCL27OCT26330CE,BPCL,27OCT2026,33000.000000,1975,OPTSTK,NFO,5.000000,79001,False
59769,BPCL27OCT26360CE,BPCL,27OCT2026,36000.000000,1975,OPTSTK,NFO,5.000000,79001,False
59860,BRITANNIA29SEP264950CE,BRITANNIA,29SEP2026,495000.000000,125,OPTSTK,NFO,5.000000,5001,False
60422,BSE27OCT263200CE,BSE,27OCT2026,320000.000000,200,OPTSTK,NFO,5.000000,6001,False
60565,CAMS29SEP26670CE,CAMS,29SEP2026,67000.000000,825,OPTSTK,NFO,5.000000,33001,False
60664,CAMS29SEP26870CE,CAMS,29SEP2026,87000.000000,825,OPTSTK,NFO,5.000000,33001,False
60840,CAMS27OCT26600CE,CAMS,27OCT2026,60000.000000,825,OPTSTK,NFO,5.000000,33001,False
60850,CAMS27OCT26660CE,CAMS,27OCT2026,66000.000000,825,OPTSTK,NFO,5.000000,33001,False
60905,NIFTY25JUN3024000PE,NIFTY,25JUN2030,2400000.000000,65,OPTIDX,NFO,5.000000,1801,False
60911,NIFTY25JUN3027000PE,NIFTY,25JUN2030,2700000.000000,65,OPTIDX,NFO,5.000000,1801,False
60926,CAMS27OCT26760PE,CAMS,27OCT2026,76000.000000,825,OPTSTK,NFO,5.000000,33001,False
60930,CAMS27OCT26800PE,CAMS,27OCT2026,80000.000000,825,OPTSTK,NFO,5.000000,33001,False
60944,NIFTY25JUN3033000CE,NIFTY,25JUN2030,3300000.000000,65,OPTIDX,NFO,5.000000,1801,False
61004,CAMS27OCT26820CE,CAMS,27OCT2026,82000.000000,825,OPTSTK,NFO,5.000000,33001,False
61471,NIFTY23NOV26FUT,NIFTY,23NOV2026,-1.000000,65,FUTIDX,NFO,10.000000,1801,False
61478,ADANIENT23NOV26FUT,ADANIENT,23NOV2026,-1.000000,309,FUTSTK,NFO,10.000000,9271,False
61487,APOLLOHOSP23NOV26FUT,APOLLOHOSP,23NOV2026,-1.000000,125,FUTSTK,NFO,50.000000,2501,False
61497,ATHERENERG23NOV26FUT,ATHERENERG,23NOV2026,-1.000000,375,FUTSTK,NFO,10.000000,15001,False
61502,AUBANK23NOV26FUT,AUBANK,23NOV2026,-1.000000,1000,FUTSTK,NFO,10.000000,20001,False
61512,BEL23NOV26FUT,BEL,23NOV2026,-1.000000,1425,FUTSTK,NFO,5.000000,57001,False
61524,BRITANNIA23NOV26FUT,BRITANNIA,23NOV2026,-1.000000,125,FUTSTK,NFO,50.000000,5001,False
61526,CAMS23NOV26FUT,CAMS,23NOV2026,-1.000000,825,FUTSTK,NFO,5.000000,33001,False
61556,DELHIVERY23NOV26FUT,DELHIVERY,23NOV2026,-1.000000,2075,FUTSTK,NFO,5.000000,62251,False
61572,GODFRYPHLP23NOV26FUT,GODFRYPHLP,23NOV2026,-1.000000,275,FUTSTK,NFO,10.000000,11001,False
61580,HCLTECH23NOV26FUT,HCLTECH,23NOV2026,-1.000000,400,FUTSTK,NFO,10.000000,20001,False
61538,CHOLAFIN23NOV26FUT,CHOLAFIN,23NOV2026,-1.000000,625,FUTSTK,NFO,10.000000,12501,False
61601,INDHOTEL23NOV26FUT,INDHOTEL,23NOV2026,-1.000000,1000,FUTSTK,NFO,5.000000,30001,False
61631,LICI23NOV26FUT,LICI,23NOV2026,-1.000000,1400,FUTSTK,NFO,5.000000,56001,False
61634,LTF23NOV26FUT,LTF,23NOV2026,-1.000000,2250,FUTSTK,NFO,5.000000,67501,False
61636,LUPIN23NOV26FUT,LUPIN,23NOV2026,-1.000000,425,FUTSTK,NFO,10.000000,12751,False
61637,M&M23NOV26FUT,M&M,23NOV2026,-1.000000,200,FUTSTK,NFO,10.000000,8001,False
61674,PAYTM23NOV26FUT,PAYTM,23NOV2026,-1.000000,725,FUTSTK,NFO,10.000000,14501,False
61675,PERSISTENT23NOV26FUT,PERSISTENT,23NOV2026,-1.000000,125,FUTSTK,NFO,50.000000,3751,False
61678,PGEL23NOV26FUT,PGEL,23NOV2026,-1.000000,950,FUTSTK,NFO,5.000000,38001,False
61693,PRESTIGE23NOV26FUT,PRESTIGE,23NOV2026,-1.000000,450,FUTSTK,NFO,10.000000,13501,False
61701,SAGILITY23NOV26FUT,SAGILITY,23NOV2026,-1.000000,12000,FUTSTK,NFO,1.000000,480001,False
61718,TATACONSUM23NOV26FUT,TATACONSUM,23NOV2026,-1.000000,550,FUTSTK,NFO,10.000000,22001,False
61722,TATAPOWER23NOV26FUT,TATAPOWER,23NOV2026,-1.000000,1450,FUTSTK,NFO,5.000000,58001,False
61724,TCS23NOV26FUT,TCS,23NOV2026,-1.000000,225,FUTSTK,NFO,10.000000,9001,False
61728,TIINDIA23NOV26FUT,TIINDIA,23NOV2026,-1.000000,200,FUTSTK,NFO,10.000000,8001,False
61748,NIFTY24DEC2924000CE,NIFTY,24DEC2029,2400000.000000,65,OPTIDX,NFO,5.000000,1801,False
61749,NIFTY24DEC2924000PE,NIFTY,24DEC2029,2400000.000000,65,OPTIDX,NFO,5.000000,1801,False
61923,CANBK29SEP26137.5CE,CANBK,29SEP2026,13750.000000,6750,OPTSTK,NFO,1.000000,202501,False
62012,BANKNIFTY23NOV2650000PE,BANKNIFTY,23NOV2026,5000000.000000,30,OPTIDX,NFO,5.000000,601,False
62035,BANKNIFTY23NOV2651000CE,BANKNIFTY,23NOV2026,5100000.000000,30,OPTIDX,NFO,5.000000,601,False
62071,BANKNIFTY23NOV2651700CE,BANKNIFTY,23NOV2026,5170000.000000,30,OPTIDX,NFO,5.000000,601,False
62091,BANKNIFTY23NOV2652700CE,BANKNIFTY,23NOV2026,5270000.000000,30,OPTIDX,NFO,5.000000,601,False
62099,BANKNIFTY23NOV2653100CE,BANKNIFTY,23NOV2026,5310000.000000,30,OPTIDX,NFO,5.000000,601,False
62108,BANKNIFTY23NOV2653400CE,BANKNIFTY,23NOV2026,5340000.000000,30,OPTIDX,NFO,5.000000,601,False
62151,BANKNIFTY23NOV2654800CE,BANKNIFTY,23NOV2026,5480000.000000,30,OPTIDX,NFO,5.000000,601,False
62160,BANKNIFTY23NOV2655200PE,BANKNIFTY,23NOV2026,5520000.000000,30,OPTIDX,NFO,5.000000,601,False
62182,BANKNIFTY23NOV2655900PE,BANKNIFTY,23NOV2026,5590000.000000,30,OPTIDX,NFO,5.000000,601,False
62207,BANKNIFTY23NOV2657000CE,BANKNIFTY,23NOV2026,5700000.000000,30,OPTIDX,NFO,5.000000,601,False
62208,BANKNIFTY23NOV2657000PE,BANKNIFTY,23NOV2026,5700000.000000,30,OPTIDX,NFO,5.000000,601,False
62216,BANKNIFTY23NOV2657400PE,BANKNIFTY,23NOV2026,5740000.000000,30,OPTIDX,NFO,5.000000,601,False
62243,BANKNIFTY23NOV2658000PE,BANKNIFTY,23NOV2026,5800000.000000,30,OPTIDX,NFO,5.000000,601,False
62282,BANKNIFTY23NOV2659200PE,BANKNIFTY,23NOV2026,5920000.000000,30,OPTIDX,NFO,5.000000,601,False
62298,BANKNIFTY23NOV2659800PE,BANKNIFTY,23NOV2026,5980000.000000,30,OPTIDX,NFO,5.000000,601,False
62308,BANKNIFTY23NOV2660200PE,BANKNIFTY,23NOV2026,6020000.000000,30,OPTIDX,NFO,5.000000,601,False
62312,BANKNIFTY23NOV2660400PE,BANKNIFTY,23NOV2026,6040000.000000,30,OPTIDX,NFO,5.000000,601,False
62337,BANKNIFTY23NOV2661100CE,BANKNIFTY,23NOV2026,6110000.000000,30,OPTIDX,NFO,5.000000,601,False
62404,CDSL29SEP261300CE,CDSL,29SEP2026,130000.000000,475,OPTSTK,NFO,5.000000,19001,False
62410,CDSL29SEP261420CE,CDSL,29SEP2026,142000.000000,475,OPTSTK,NFO,5.000000,19001,False
62417,CDSL29SEP261500PE,CDSL,29SEP2026,150000.000000,475,OPTSTK,NFO,5.000000,19001,False
62471,CDSL27OCT261160CE,CDSL,27OCT2026,116000.000000,475,OPTSTK,NFO,5.000000,19001,False
62577,CGPOWER29SEP26780PE,CGPOWER,29SEP2026,78000.000000,850,OPTSTK,NFO,5.000000,25501,False
62585,CGPOWER29SEP26940CE,CGPOWER,29SEP2026,94000.000000,850,OPTSTK,NFO,5.000000,25501,False
62612,CGPOWER27OCT26720CE,CGPOWER,27OCT2026,72000.000000,850,OPTSTK,NFO,5.000000,25501,False
62575,CGPOWER29SEP26780CE,CGPOWER,29SEP2026,78000.000000,850,OPTSTK,NFO,5.000000,25501,False
62619,CGPOWER27OCT26800PE,CGPOWER,27OCT2026,80000.000000,850,OPTSTK,NFO,5.000000,25501,False
62667,BANKNIFTY23NOV2664500PE,BANKNIFTY,23NOV2026,6450000.000000,30,OPTIDX,NFO,5.000000,601,False
62679,BANKNIFTY23NOV2665000CE,BANKNIFTY,23NOV2026,6500000.000000,30,OPTIDX,NFO,5.000000,601,False
62710,CHOLAFIN29SEP261660CE,CHOLAFIN,29SEP2026,166000.000000,625,OPTSTK,NFO,5.000000,12501,False
62860,CHOLAFIN27OCT261720CE,CHOLAFIN,27OCT2026,172000.000000,625,OPTSTK,NFO,5.000000,12501,False
63017,FINNIFTY29SEP2622850CE,FINNIFTY,29SEP2026,2285000.000000,60,OPTIDX,NFO,5.000000,1801,False
63026,FINNIFTY29SEP2623250PE,FINNIFTY,29SEP2026,2325000.000000,60,OPTIDX,NFO,5.000000,1801,False
63031,FINNIFTY29SEP2623550CE,FINNIFTY,29SEP2026,2355000.000000,60,OPTIDX,NFO,5.000000,1801,False
63033,FINNIFTY29SEP2623650CE,FINNIFTY,29SEP2026,2365000.000000,60,OPTIDX,NFO,5.000000,1801,False
63041,FINNIFTY29SEP2624050CE,FINNIFTY,29SEP2026,2405000.000000,60,OPTIDX,NFO,5.000000,1801,False
63048,FINNIFTY29SEP2624350PE,FINNIFTY,29SEP2026,2435000.000000,60,OPTIDX,NFO,5.000000,1801,False
63050,FINNIFTY29SEP2624450PE,FINNIFTY,29SEP2026,2445000.000000,60,OPTIDX,NFO,5.000000,1801,False
63059,FINNIFTY29SEP2624950CE,FINNIFTY,29SEP2026,2495000.000000,60,OPTIDX,NFO,5.000000,1801,False
63061,CHOLAFIN27OCT262000CE,CHOLAFIN,27OCT2026,200000.000000,625,OPTSTK,NFO,5.000000,12501,False
63070,CHOLAFIN27OCT262040PE,CHOLAFIN,27OCT2026,204000.000000,625,OPTSTK,NFO,5.000000,12501,False
63071,CHOLAFIN27OCT262080CE,CHOLAFIN,27OCT2026,208000.000000,625,OPTSTK,NFO,5.000000,12501,False
63073,CHOLAFIN27OCT262120CE,CHOLAFIN,27OCT2026,212000.000000,625,OPTSTK,NFO,5.000000,12501,False
63077,FINNIFTY29SEP2625350PE,FINNIFTY,29SEP2026,2535000.000000,60,OPTIDX,NFO,5.000000,1801,False
63078,FINNIFTY29SEP2625450CE,FINNIFTY,29SEP2026,2545000.000000,60,OPTIDX,NFO,5.000000,1801,False
63089,FINNIFTY29SEP2625850CE,FINNIFTY,29SEP2026,2585000.000000,60,OPTIDX,NFO,5.000000,1801,False
63090,FINNIFTY29SEP2625850PE,FINNIFTY,29SEP2026,2585000.000000,60,OPTIDX,NFO,5.000000,1801,False
63113,FINNIFTY29SEP2626650CE,FINNIFTY,29SEP2026,2665000.000000,60,OPTIDX,NFO,5.000000,1801,False
63120,FINNIFTY29SEP2626750CE,FINNIFTY,29SEP2026,2675000.000000,60,OPTIDX,NFO,5.000000,1801,False
63130,FINNIFTY29SEP2627050PE,FINNIFTY,29SEP2026,2705000.000000,60,OPTIDX,NFO,5.000000,1801,False
63135,FINNIFTY29SEP2627150CE,FINNIFTY,29SEP2026,2715000.000000,60,OPTIDX,NFO,5.000000,1801,False
63152,FINNIFTY29SEP2627650PE,FINNIFTY,29SEP2026,2765000.000000,60,OPTIDX,NFO,5.000000,1801,False
63216,CIPLA29SEP261410PE,CIPLA,29SEP2026,141000.000000,425,OPTSTK,NFO,5.000000,17001,False
63353,FINNIFTY23NOV2622600CE,FINNIFTY,23NOV2026,2260000.000000,60,OPTIDX,NFO,5.000000,1801,False
63369,FINNIFTY23NOV2623400CE,FINNIFTY,23NOV2026,2340000.000000,60,OPTIDX,NFO,5.000000,1801,False
63377,FINNIFTY23NOV2623800CE,FINNIFTY,23NOV2026,2380000.000000,60,OPTIDX,NFO,5.000000,1801,False
63398,FINNIFTY23NOV2624800PE,FINNIFTY,23NOV2026,2480000.000000,60,OPTIDX,NFO,5.000000,1801,False
63402,FINNIFTY23NOV2625000PE,FINNIFTY,23NOV2026,2500000.000000,60,OPTIDX,NFO,5.000000,1801,False
63409,FINNIFTY23NOV2625400CE,FINNIFTY,23NOV2026,2540000.000000,60,OPTIDX,NFO,5.000000,1801,False
63414,FINNIFTY23NOV2625600PE,FINNIFTY,23NOV2026,2560000.000000,60,OPTIDX,NFO,5.000000,1801,False
63433,FINNIFTY23NOV2626600CE,FINNIFTY,23NOV2026,2660000.000000,60,OPTIDX,NFO,5.000000,1801,False
63434,FINNIFTY23NOV2626600PE,FINNIFTY,23NOV2026,2660000.000000,60,OPTIDX,NFO,5.000000,1801,False
63440,FINNIFTY23NOV2626900PE,FINNIFTY,23NOV2026,2690000.000000,60,OPTIDX,NFO,5.000000,1801,False
63447,FINNIFTY23NOV2627200CE,FINNIFTY,23NOV2026,2720000.000000,60,OPTIDX,NFO,5.000000,1801,False
63453,FINNIFTY23NOV2627400CE,FINNIFTY,23NOV2026,2740000.000000,60,OPTIDX,NFO,5.000000,1801,False
63467,FINNIFTY23NOV2628100CE,FINNIFTY,23NOV2026,2810000.000000,60,OPTIDX,NFO,5.000000,1801,False
63471,FINNIFTY23NOV2628300CE,FINNIFTY,23NOV2026,2830000.000000,60,OPTIDX,NFO,5.000000,1801,False
63630,MIDCPNIFTY23NOV2612925PE,MIDCPNIFTY,23NOV2026,1292500.000000,120,OPTIDX,NFO,5.000000,2801,False
63632,MIDCPNIFTY23NOV2612950PE,MIDCPNIFTY,23NOV2026,1295000.000000,120,OPTIDX,NFO,5.000000,2801,False
63633,MIDCPNIFTY23NOV2612975CE,MIDCPNIFTY,23NOV2026,1297500.000000,120,OPTIDX,NFO,5.000000,2801,False
63672,MIDCPNIFTY23NOV2613450PE,MIDCPNIFTY,23NOV2026,1345000.000000,120,OPTIDX,NFO,5.000000,2801,False
63677,MIDCPNIFTY23NOV2613525CE,MIDCPNIFTY,23NOV2026,1352500.000000,120,OPTIDX,NFO,5.000000,2801,False
63678,MIDCPNIFTY23NOV2613525PE,MIDCPNIFTY,23NOV2026,1352500.000000,120,OPTIDX,NFO,5.000000,2801,False
63698,MIDCPNIFTY23NOV2613775PE,MIDCPNIFTY,23NOV2026,1377500.000000,120,OPTIDX,NFO,5.000000,2801,False
63699,MIDCPNIFTY23NOV2613800CE,MIDCPNIFTY,23NOV2026,1380000.000000,120,OPTIDX,NFO,5.000000,2801,False
63726,MIDCPNIFTY23NOV2614050PE,MIDCPNIFTY,23NOV2026,1405000.000000,120,OPTIDX,NFO,5.000000,2801,False
63728,MIDCPNIFTY23NOV2614075PE,MIDCPNIFTY,23NOV2026,1407500.000000,120,OPTIDX,NFO,5.000000,2801,False
63737,MIDCPNIFTY23NOV2614175CE,MIDCPNIFTY,23NOV2026,1417500.000000,120,OPTIDX,NFO,5.000000,2801,False
63778,MIDCPNIFTY23NOV2614575PE,MIDCPNIFTY,23NOV2026,1457500.000000,120,OPTIDX,NFO,5.000000,2801,False
63785,MIDCPNIFTY23NOV2614625CE,MIDCPNIFTY,23NOV2026,1462500.000000,120,OPTIDX,NFO,5.000000,2801,False
63791,MIDCPNIFTY23NOV2614675CE,MIDCPNIFTY,23NOV2026,1467500.000000,120,OPTIDX,NFO,5.000000,2801,False
63817,MIDCPNIFTY23NOV2614975CE,MIDCPNIFTY,23NOV2026,1497500.000000,120,OPTIDX,NFO,5.000000,2801,False
63825,MIDCPNIFTY23NOV2615050CE,MIDCPNIFTY,23NOV2026,1505000.000000,120,OPTIDX,NFO,5.000000,2801,False
63844,MIDCPNIFTY23NOV2615250PE,MIDCPNIFTY,23NOV2026,1525000.000000,120,OPTIDX,NFO,5.000000,2801,False
63847,MIDCPNIFTY23NOV2615300CE,MIDCPNIFTY,23NOV2026,1530000.000000,120,OPTIDX,NFO,5.000000,2801,False
63849,MIDCPNIFTY23NOV2615325CE,MIDCPNIFTY,23NOV2026,1532500.000000,120,OPTIDX,NFO,5.000000,2801,False
63851,MIDCPNIFTY23NOV2615350CE,MIDCPNIFTY,23NOV2026,1535000.000000,120,OPTIDX,NFO,5.000000,2801,False
63874,MIDCPNIFTY23NOV2615625PE,MIDCPNIFTY,23NOV2026,1562500.000000,120,OPTIDX,NFO,5.000000,2801,False
63877,MIDCPNIFTY23NOV2615675CE,MIDCPNIFTY,23NOV2026,1567500.000000,120,OPTIDX,NFO,5.000000,2801,False
63882,MIDCPNIFTY23NOV2615725PE,MIDCPNIFTY,23NOV2026,1572500.000000,120,OPTIDX,NFO,5.000000,2801,False
63883,MIDCPNIFTY23NOV2615750CE,MIDCPNIFTY,23NOV2026,1575000.000000,120,OPTIDX,NFO,5.000000,2801,False
63930,MIDCPNIFTY23NOV2616300PE,MIDCPNIFTY,23NOV2026,1630000.000000,120,OPTIDX,NFO,5.000000,2801,False
63938,MIDCPNIFTY23NOV2616400PE,MIDCPNIFTY,23NOV2026,1640000.000000,120,OPTIDX,NFO,5.000000,2801,False
64221,NIFTY23NOV2621700PE,NIFTY,23NOV2026,2170000.000000,65,OPTIDX,NFO,5.000000,1801,False
64236,NIFTY23NOV2621950CE,NIFTY,23NOV2026,2195000.000000,65,OPTIDX,NFO,5.000000,1801,False
64237,NIFTY23NOV2621950PE,NIFTY,23NOV2026,2195000.000000,65,OPTIDX,NFO,5.000000,1801,False
64241,NIFTY23NOV2622050PE,NIFTY,23NOV2026,2205000.000000,65,OPTIDX,NFO,5.000000,1801,False
64246,NIFTY23NOV2622200CE,NIFTY,23NOV2026,2220000.000000,65,OPTIDX,NFO,5.000000,1801,False
64294,NIFTY23NOV2622750CE,NIFTY,23NOV2026,2275000.000000,65,OPTIDX,NFO,5.000000,1801,False
64325,NIFTY23NOV2622900CE,NIFTY,23NOV2026,2290000.000000,65,OPTIDX,NFO,5.000000,1801,False
64342,NIFTY23NOV2623050CE,NIFTY,23NOV2026,2305000.000000,65,OPTIDX,NFO,5.000000,1801,False
64401,NIFTY23NOV2624100CE,NIFTY,23NOV2026,2410000.000000,65,OPTIDX,NFO,5.000000,1801,False
64411,NIFTY23NOV2624350CE,NIFTY,23NOV2026,2435000.000000,65,OPTIDX,NFO,5.000000,1801,False
64421,NIFTY23NOV2624600CE,NIFTY,23NOV2026,2460000.000000,65,OPTIDX,NFO,5.000000,1801,False
64443,NIFTY23NOV2625100CE,NIFTY,23NOV2026,2510000.000000,65,OPTIDX,NFO,5.000000,1801,False
64444,NIFTY23NOV2625100PE,NIFTY,23NOV2026,2510000.000000,65,OPTIDX,NFO,5.000000,1801,False
64475,NIFTY23NOV2625550CE,NIFTY,23NOV2026,2555000.000000,65,OPTIDX,NFO,5.000000,1801,False
64476,NIFTY23NOV2625550PE,NIFTY,23NOV2026,2555000.000000,65,OPTIDX,NFO,5.000000,1801,False
64487,NIFTY23NOV2625750CE,NIFTY,23NOV2026,2575000.000000,65,OPTIDX,NFO,5.000000,1801,False
64741,NIFTYFPI23NOV261320CE,NIFTYFPI,23NOV2026,132000.000000,1100,OPTIDX,NFO,5.000000,8501,False
64757,NIFTYFPI23NOV261340CE,NIFTYFPI,23NOV2026,134000.000000,1100,OPTIDX,NFO,5.000000,8501,False
64765,NIFTYFPI23NOV261360CE,NIFTYFPI,23NOV2026,136000.000000,1100,OPTIDX,NFO,5.000000,8501,False
64786,NIFTYFPI23NOV261400PE,NIFTYFPI,23NOV2026,140000.000000,1100,OPTIDX,NFO,5.000000,8501,False
64810,NIFTYFPI23NOV261435PE,NIFTYFPI,23NOV2026,143500.000000,1100,OPTIDX,NFO,5.000000,8501,False
64813,NIFTYFPI23NOV261445CE,NIFTYFPI,23NOV2026,144500.000000,1100,OPTIDX,NFO,5.000000,8501,False
64844,NIFTYFPI23NOV261515PE,NIFTYFPI,23NOV2026,151500.000000,1100,OPTIDX,NFO,5.000000,8501,False
64816,NIFTYFPI23NOV261450PE,NIFTYFPI,23NOV2026,145000.000000,1100,OPTIDX,NFO,5.000000,8501,False
64836,NIFTYFPI23NOV261495PE,NIFTYFPI,23NOV2026,149500.000000,1100,OPTIDX,NFO,5.000000,8501,False
64848,NIFTYFPI23NOV261525PE,NIFTYFPI,23NOV2026,152500.000000,1100,OPTIDX,NFO,5.000000,8501,False
64853,NIFTYFPI23NOV261540CE,NIFTYFPI,23NOV2026,154000.000000,1100,OPTIDX,NFO,5.000000,8501,False
64877,NIFTYFPI23NOV261590PE,NIFTYFPI,23NOV2026,159000.000000,1100,OPTIDX,NFO,5.000000,8501,False
64883,NIFTYFPI23NOV261595PE,NIFTYFPI,23NOV2026,159500.000000,1100,OPTIDX,NFO,5.000000,8501,False
64884,NIFTYFPI23NOV261600CE,NIFTYFPI,23NOV2026,160000.000000,1100,OPTIDX,NFO,5.000000,8501,False
64897,NIFTYFPI23NOV261620PE,NIFTYFPI,23NOV2026,162000.000000,1100,OPTIDX,NFO,5.000000,8501,False
64906,NIFTYFPI23NOV261640PE,NIFTYFPI,23NOV2026,164000.000000,1100,OPTIDX,NFO,5.000000,8501,False
64915,NIFTYFPI23NOV261650PE,NIFTYFPI,23NOV2026,165000.000000,1100,OPTIDX,NFO,5.000000,8501,False
64926,NIFTYFPI23NOV261680CE,NIFTYFPI,23NOV2026,168000.000000,1100,OPTIDX,NFO,5.000000,8501,False
64974,NIFTYFPI23NOV261760CE,NIFTYFPI,23NOV2026,176000.000000,1100,OPTIDX,NFO,5.000000,8501,False
65182,CIPLA27OCT261220CE,CIPLA,27OCT2026,122000.000000,425,OPTSTK,NFO,5.000000,17001,False
65186,CIPLA27OCT261260CE,CIPLA,27OCT2026,126000.000000,425,OPTSTK,NFO,5.000000,17001,False
65188,CIPLA27OCT261280CE,CIPLA,27OCT2026,128000.000000,425,OPTSTK,NFO,5.000000,17001,False
65269,CIPLA27OCT261380PE,CIPLA,27OCT2026,138000.000000,425,OPTSTK,NFO,5.000000,17001,False
65278,CIPLA27OCT261460CE,CIPLA,27OCT2026,146000.000000,425,OPTSTK,NFO,5.000000,17001,False
65287,CIPLA27OCT261500PE,CIPLA,27OCT2026,150000.000000,425,OPTSTK,NFO,5.000000,17001,False
65290,CIPLA27OCT261540CE,CIPLA,27OCT2026,154000.000000,425,OPTSTK,NFO,5.000000,17001,False
65412,NIFTYNXT5023NOV2664700CE,NIFTYNXT50,23NOV2026,6470000.000000,25,OPTIDX,NFO,5.000000,601,False
65422,NIFTYNXT5023NOV2665200CE,NIFTYNXT50,23NOV2026,6520000.000000,25,OPTIDX,NFO,5.000000,601,False
65432,NIFTYNXT5023NOV2665700CE,NIFTYNXT50,23NOV2026,6570000.000000,25,OPTIDX,NFO,5.000000,601,False
65445,NIFTYNXT5023NOV2666300PE,NIFTYNXT50,23NOV2026,6630000.000000,25,OPTIDX,NFO,5.000000,601,False
65470,NIFTYNXT5023NOV2667000CE,NIFTYNXT50,23NOV2026,6700000.000000,25,OPTIDX,NFO,5.000000,601,False
65474,NIFTYNXT5023NOV2667200CE,NIFTYNXT50,23NOV2026,6720000.000000,25,OPTIDX,NFO,5.000000,601,False
65476,NIFTYNXT5023NOV2667300CE,NIFTYNXT50,23NOV2026,6730000.000000,25,OPTIDX,NFO,5.000000,601,False
65492,NIFTYNXT5023NOV2668100CE,NIFTYNXT50,23NOV2026,6810000.000000,25,OPTIDX,NFO,5.000000,601,False
65494,NIFTYNXT5023NOV2668200CE,NIFTYNXT50,23NOV2026,6820000.000000,25,OPTIDX,NFO,5.000000,601,False
65500,NIFTYNXT5023NOV2668500CE,NIFTYNXT50,23NOV2026,6850000.000000,25,OPTIDX,NFO,5.000000,601,False
65536,NIFTYNXT5023NOV2669500CE,NIFTYNXT50,23NOV2026,6950000.000000,25,OPTIDX,NFO,5.000000,601,False
65542,NIFTYNXT5023NOV2669800CE,NIFTYNXT50,23NOV2026,6980000.000000,25,OPTIDX,NFO,5.000000,601,False
65544,NIFTYNXT5023NOV2669900CE,NIFTYNXT50,23NOV2026,6990000.000000,25,OPTIDX,NFO,5.000000,601,False
65564,NIFTYNXT5023NOV2670900CE,NIFTYNXT50,23NOV2026,7090000.000000,25,OPTIDX,NFO,5.000000,601,False
65600,COALINDIA29SEP26375CE,COALINDIA,29SEP2026,37500.000000,1350,OPTSTK,NFO,5.000000,54001,False
65621,COALINDIA29SEP26425PE,COALINDIA,29SEP2026,42500.000000,1350,OPTSTK,NFO,5.000000,54001,False
65623,COALINDIA29SEP26435PE,COALINDIA,29SEP2026,43500.000000,1350,OPTSTK,NFO,5.000000,54001,False
65697,NIFTYNXT5023NOV2673100PE,NIFTYNXT50,23NOV2026,7310000.000000,25,OPTIDX,NFO,5.000000,601,False
65699,NIFTYNXT5023NOV2673200PE,NIFTYNXT50,23NOV2026,7320000.000000,25,OPTIDX,NFO,5.000000,601,False
65701,NIFTYNXT5023NOV2673300PE,NIFTYNXT50,23NOV2026,7330000.000000,25,OPTIDX,NFO,5.000000,601,False
65712,NIFTYNXT5023NOV2673400PE,NIFTYNXT50,23NOV2026,7340000.000000,25,OPTIDX,NFO,5.000000,601,False
65736,NIFTYNXT5023NOV2673900CE,NIFTYNXT50,23NOV2026,7390000.000000,25,OPTIDX,NFO,5.000000,601,False
65742,NIFTYNXT5023NOV2674200CE,NIFTYNXT50,23NOV2026,7420000.000000,25,OPTIDX,NFO,5.000000,601,False
65753,NIFTYNXT5023NOV2674600PE,NIFTYNXT50,23NOV2026,7460000.000000,25,OPTIDX,NFO,5.000000,601,False
65756,NIFTYNXT5023NOV2674800CE,NIFTYNXT50,23NOV2026,7480000.000000,25,OPTIDX,NFO,5.000000,601,False
65786,COALINDIA27OCT26350CE,COALINDIA,27OCT2026,35000.000000,1350,OPTSTK,NFO,5.000000,54001,False
65799,COALINDIA27OCT26410PE,COALINDIA,27OCT2026,41000.000000,1350,OPTSTK,NFO,5.000000,54001,False
65837,NIFTYNXT5023NOV2677000PE,NIFTYNXT50,23NOV2026,7700000.000000,25,OPTIDX,NFO,5.000000,601,False
65853,NIFTYNXT5023NOV2677700PE,NIFTYNXT50,23NOV2026,7770000.000000,25,OPTIDX,NFO,5.000000,601,False
65893,NIFTY29SEP2621000CE,NIFTY,29SEP2026,2100000.000000,65,OPTIDX,NFO,5.000000,1801,False
65906,NIFTY29SEP2627000CE,NIFTY,29SEP2026,2700000.000000,65,OPTIDX,NFO,5.000000,1801,False
66194,COCHINSHIP29SEP261460CE,COCHINSHIP,29SEP2026,146000.000000,400,OPTSTK,NFO,5.000000,16001,False
65996,COCHINSHIP29SEP261300CE,COCHINSHIP,29SEP2026,130000.000000,400,OPTSTK,NFO,5.000000,16001,False
66078,NIFTYNXT5023NOV2682000CE,NIFTYNXT50,23NOV2026,8200000.000000,25,OPTIDX,NFO,5.000000,601,False
66088,NIFTYNXT5023NOV2682500CE,NIFTYNXT50,23NOV2026,8250000.000000,25,OPTIDX,NFO,5.000000,601,False
66211,COCHINSHIP29SEP261620CE,COCHINSHIP,29SEP2026,162000.000000,400,OPTSTK,NFO,5.000000,16001,False
66214,COCHINSHIP29SEP261660PE,COCHINSHIP,29SEP2026,166000.000000,400,OPTSTK,NFO,5.000000,16001,False
66302,COCHINSHIP27OCT261280PE,COCHINSHIP,27OCT2026,128000.000000,400,OPTSTK,NFO,5.000000,16001,False
66330,COCHINSHIP27OCT261720PE,COCHINSHIP,27OCT2026,172000.000000,400,OPTSTK,NFO,5.000000,16001,False
66403,360ONE27OCT261140PE,360ONE,27OCT2026,114000.000000,500,OPTSTK,NFO,5.000000,20001,False
66406,COFORGE29SEP261620PE,COFORGE,29SEP2026,162000.000000,475,OPTSTK,NFO,5.000000,14251,False
66409,COFORGE29SEP261700CE,COFORGE,29SEP2026,170000.000000,475,OPTSTK,NFO,5.000000,14251,False
66414,360ONE27OCT261220CE,360ONE,27OCT2026,122000.000000,500,OPTSTK,NFO,5.000000,20001,False
66426,COFORGE29SEP261900PE,COFORGE,29SEP2026,190000.000000,475,OPTSTK,NFO,5.000000,14251,False
66427,COFORGE29SEP261940CE,COFORGE,29SEP2026,194000.000000,475,OPTSTK,NFO,5.000000,14251,False
66472,360ONE27OCT261300PE,360ONE,27OCT2026,130000.000000,500,OPTSTK,NFO,5.000000,20001,False
66522,360ONE23NOV261040PE,360ONE,23NOV2026,104000.000000,500,OPTSTK,NFO,5.000000,20001,False
66573,COFORGE27OCT262000CE,COFORGE,27OCT2026,200000.000000,475,OPTSTK,NFO,5.000000,14251,False
66529,COFORGE27OCT261800PE,COFORGE,27OCT2026,180000.000000,475,OPTSTK,NFO,5.000000,14251,False
66535,360ONE23NOV261160PE,360ONE,23NOV2026,116000.000000,500,OPTSTK,NFO,5.000000,20001,False
66540,360ONE23NOV261280CE,360ONE,23NOV2026,128000.000000,500,OPTSTK,NFO,5.000000,20001,False
66577,COFORGE27OCT262080CE,COFORGE,27OCT2026,208000.000000,475,OPTSTK,NFO,5.000000,14251,False
66710,ABB27OCT267700CE,ABB,27OCT2026,770000.000000,125,OPTSTK,NFO,5.000000,3751,False
66716,ABB27OCT268300CE,ABB,27OCT2026,830000.000000,125,OPTSTK,NFO,5.000000,3751,False
66762,COLPAL27OCT261520CE,COLPAL,27OCT2026,152000.000000,275,OPTSTK,NFO,5.000000,11001,False
66832,ABB23NOV267600CE,ABB,23NOV2026,760000.000000,125,OPTSTK,NFO,5.000000,3751,False
66858,COLPAL27OCT261880PE,COLPAL,27OCT2026,188000.000000,275,OPTSTK,NFO,5.000000,11001,False
66859,COLPAL27OCT261920CE,COLPAL,27OCT2026,192000.000000,275,OPTSTK,NFO,5.000000,11001,False
66866,COLPAL27OCT262040PE,COLPAL,27OCT2026,204000.000000,275,OPTSTK,NFO,5.000000,11001,False
66868,COLPAL27OCT262080PE,COLPAL,27OCT2026,208000.000000,275,OPTSTK,NFO,5.000000,11001,False
66896,ABB23NOV268800PE,ABB,23NOV2026,880000.000000,125,OPTSTK,NFO,5.000000,3751,False
66976,CONCOR29SEP26455PE,CONCOR,29SEP2026,45500.000000,1250,OPTSTK,NFO,5.000000,50001,False
67002,CONCOR29SEP26525PE,CONCOR,29SEP2026,52500.000000,1250,OPTSTK,NFO,5.000000,50001,False
67080,CONCOR29SEP26565CE,CONCOR,29SEP2026,56500.000000,1250,OPTSTK,NFO,5.000000,50001,False
67130,ABCAPITAL27OCT26435CE,ABCAPITAL,27OCT2026,43500.000000,3100,OPTSTK,NFO,5.000000,62001,False
67190,ABCAPITAL23NOV26390CE,ABCAPITAL,23NOV2026,39000.000000,3100,OPTSTK,NFO,5.000000,62001,False
67191,ABCAPITAL23NOV26390PE,ABCAPITAL,23NOV2026,39000.000000,3100,OPTSTK,NFO,5.000000,62001,False
67201,ABCAPITAL23NOV26440CE,ABCAPITAL,23NOV2026,44000.000000,3100,OPTSTK,NFO,5.000000,62001,False
67249,CONCOR27OCT26450PE,CONCOR,27OCT2026,45000.000000,1250,OPTSTK,NFO,5.000000,50001,False
67260,CONCOR27OCT26480PE,CONCOR,27OCT2026,48000.000000,1250,OPTSTK,NFO,5.000000,50001,False
67273,CONCOR27OCT26510PE,CONCOR,27OCT2026,51000.000000,1250,OPTSTK,NFO,5.000000,50001,False
67277,CONCOR27OCT26530PE,CONCOR,27OCT2026,53000.000000,1250,OPTSTK,NFO,5.000000,50001,False
67282,CONCOR27OCT26550PE,CONCOR,27OCT2026,55000.000000,1250,OPTSTK,NFO,5.000000,50001,False
67370,ADANIENSOL27OCT261740PE,ADANIENSOL,27OCT2026,174000.000000,675,OPTSTK,NFO,5.000000,13501,False
67371,ADANIENSOL27OCT261780CE,ADANIENSOL,27OCT2026,178000.000000,675,OPTSTK,NFO,5.000000,13501,False
67454,ADANIENSOL23NOV261120PE,ADANIENSOL,23NOV2026,112000.000000,675,OPTSTK,NFO,5.000000,13501,False
67469,ADANIENSOL23NOV261440CE,ADANIENSOL,23NOV2026,144000.000000,675,OPTSTK,NFO,5.000000,13501,False
67474,ADANIENSOL23NOV261520CE,ADANIENSOL,23NOV2026,152000.000000,675,OPTSTK,NFO,5.000000,13501,False
67500,ADANIENSOL23NOV261720CE,ADANIENSOL,23NOV2026,172000.000000,675,OPTSTK,NFO,5.000000,13501,False
67501,ADANIENSOL23NOV261720PE,ADANIENSOL,23NOV2026,172000.000000,675,OPTSTK,NFO,5.000000,13501,False
67527,CROMPTON27OCT26220PE,CROMPTON,27OCT2026,22000.000000,2150,OPTSTK,NFO,1.000000,86001,False
67532,CROMPTON27OCT26240PE,CROMPTON,27OCT2026,24000.000000,2150,OPTSTK,NFO,1.000000,86001,False
67611,CUMMINSIND29SEP266100PE,CUMMINSIND,29SEP2026,610000.000000,200,OPTSTK,NFO,5.000000,4001,False
67692,DABUR29SEP26325CE,DABUR,29SEP2026,32500.000000,1250,OPTSTK,NFO,5.000000,50001,False
67693,DABUR29SEP26325PE,DABUR,29SEP2026,32500.000000,1250,OPTSTK,NFO,5.000000,50001,False
67705,DABUR29SEP26385PE,DABUR,29SEP2026,38500.000000,1250,OPTSTK,NFO,5.000000,50001,False
67710,DABUR29SEP26415CE,DABUR,29SEP2026,41500.000000,1250,OPTSTK,NFO,5.000000,50001,False
67727,ADANIENT27OCT262650PE,ADANIENT,27OCT2026,265000.000000,309,OPTSTK,NFO,5.000000,9271,False
67753,ADANIENT27OCT263050CE,ADANIENT,27OCT2026,305000.000000,309,OPTSTK,NFO,5.000000,9271,False
67783,NIFTY26DEC2824000PE,NIFTY,26DEC2028,2400000.000000,65,OPTIDX,NFO,5.000000,1801,False
67810,DABUR27OCT26360CE,DABUR,27OCT2026,36000.000000,1250,OPTSTK,NFO,5.000000,50001,False
67813,DABUR27OCT26360PE,DABUR,27OCT2026,36000.000000,1250,OPTSTK,NFO,5.000000,50001,False
67815,DABUR27OCT26370PE,DABUR,27OCT2026,37000.000000,1250,OPTSTK,NFO,5.000000,50001,False
67874,ADANIENT23NOV262600PE,ADANIENT,23NOV2026,260000.000000,309,OPTSTK,NFO,5.000000,9271,False
67896,ADANIENT23NOV262800PE,ADANIENT,23NOV2026,280000.000000,309,OPTSTK,NFO,5.000000,9271,False
67901,ADANIENT23NOV263100CE,ADANIENT,23NOV2026,310000.000000,309,OPTSTK,NFO,5.000000,9271,False
67960,ADANIGREEN27OCT261060PE,ADANIGREEN,27OCT2026,106000.000000,600,OPTSTK,NFO,5.000000,18001,False
67962,ADANIGREEN27OCT261100CE,ADANIGREEN,27OCT2026,110000.000000,600,OPTSTK,NFO,5.000000,18001,False
67963,ADANIGREEN27OCT261100PE,ADANIGREEN,27OCT2026,110000.000000,600,OPTSTK,NFO,5.000000,18001,False
68150,DELHIVERY27OCT26440PE,DELHIVERY,27OCT2026,44000.000000,2075,OPTSTK,NFO,5.000000,62251,False
68034,DELHIVERY29SEP26395CE,DELHIVERY,29SEP2026,39500.000000,2075,OPTSTK,NFO,5.000000,62251,False
68079,ADANIGREEN23NOV261120CE,ADANIGREEN,23NOV2026,112000.000000,600,OPTSTK,NFO,5.000000,18001,False
68139,DELHIVERY27OCT26400CE,DELHIVERY,27OCT2026,40000.000000,2075,OPTSTK,NFO,5.000000,62251,False
68201,DELHIVERY27OCT26520PE,DELHIVERY,27OCT2026,52000.000000,2075,OPTSTK,NFO,5.000000,62251,False
68151,DELHIVERY27OCT26450CE,DELHIVERY,27OCT2026,45000.000000,2075,OPTSTK,NFO,5.000000,62251,False
68172,DELHIVERY27OCT26490CE,DELHIVERY,27OCT2026,49000.000000,2075,OPTSTK,NFO,5.000000,62251,False
68190,DELHIVERY27OCT26510CE,DELHIVERY,27OCT2026,51000.000000,2075,OPTSTK,NFO,5.000000,62251,False
68239,ADANIPORTS27OCT261580PE,ADANIPORTS,27OCT2026,158000.000000,475,OPTSTK,NFO,5.000000,14251,False
68252,ADANIPORTS27OCT261660PE,ADANIPORTS,27OCT2026,166000.000000,475,OPTSTK,NFO,5.000000,14251,False
68275,ADANIPORTS27OCT261860CE,ADANIPORTS,27OCT2026,186000.000000,475,OPTSTK,NFO,5.000000,14251,False
68360,DIVISLAB29SEP267300PE,DIVISLAB,29SEP2026,730000.000000,100,OPTSTK,NFO,5.000000,3001,False
68389,DIVISLAB29SEP269300CE,DIVISLAB,29SEP2026,930000.000000,100,OPTSTK,NFO,5.000000,3001,False
68380,DIVISLAB29SEP268500PE,DIVISLAB,29SEP2026,850000.000000,100,OPTSTK,NFO,5.000000,3001,False
68383,DIVISLAB29SEP268900CE,DIVISLAB,29SEP2026,890000.000000,100,OPTSTK,NFO,5.000000,3001,False
68387,DIVISLAB29SEP269100CE,DIVISLAB,29SEP2026,910000.000000,100,OPTSTK,NFO,5.000000,3001,False
68392,DIVISLAB29SEP269300PE,DIVISLAB,29SEP2026,930000.000000,100,OPTSTK,NFO,5.000000,3001,False
68442,BAJFINANCE29SEP26FUT,BAJFINANCE,29SEP2026,-1.000000,750,FUTSTK,NFO,10.000000,22501,False
68452,BLUESTARCO29SEP26FUT,BLUESTARCO,29SEP2026,-1.000000,325,FUTSTK,NFO,10.000000,13001,False
68465,COFORGE29SEP26FUT,COFORGE,29SEP2026,-1.000000,475,FUTSTK,NFO,10.000000,14251,False
68470,DABUR29SEP26FUT,DABUR,29SEP2026,-1.000000,1250,FUTSTK,NFO,5.000000,50001,False
68478,ETERNAL29SEP26FUT,ETERNAL,29SEP2026,-1.000000,2425,FUTSTK,NFO,5.000000,72751,False
68484,GMRAIRPORT29SEP26FUT,GMRAIRPORT,29SEP2026,-1.000000,6975,FUTSTK,NFO,1.000000,209251,False
68489,GVT&D29SEP26FUT,GVT&D,29SEP2026,-1.000000,125,FUTSTK,NFO,10.000000,5001,False
68515,ADANIPORTS23NOV261440CE,ADANIPORTS,23NOV2026,144000.000000,475,OPTSTK,NFO,5.000000,14251,False
68532,ADANIPORTS23NOV261680PE,ADANIPORTS,23NOV2026,168000.000000,475,OPTSTK,NFO,5.000000,14251,False
68680,ADANIPOWER27OCT26195CE,ADANIPOWER,27OCT2026,19500.000000,3550,OPTSTK,NFO,1.000000,106501,False
68681,ADANIPOWER27OCT26195PE,ADANIPOWER,27OCT2026,19500.000000,3550,OPTSTK,NFO,1.000000,106501,False
68729,DIXON29SEP2614250CE,DIXON,29SEP2026,1425000.000000,50,OPTSTK,NFO,5.000000,1501,False
68737,MUTHOOTFIN29SEP26FUT,MUTHOOTFIN,29SEP2026,-1.000000,275,FUTSTK,NFO,10.000000,8251,False
68746,DIXON29SEP2615750PE,DIXON,29SEP2026,1575000.000000,50,OPTSTK,NFO,5.000000,1501,False
68750,NTPC29SEP26FUT,NTPC,29SEP2026,-1.000000,1500,FUTSTK,NFO,5.000000,75001,False
68759,PERSISTENT29SEP26FUT,PERSISTENT,29SEP2026,-1.000000,125,FUTSTK,NFO,50.000000,3751,False
68781,SBILIFE29SEP26FUT,SBILIFE,29SEP2026,-1.000000,375,FUTSTK,NFO,10.000000,15001,False
68803,TRENT29SEP26FUT,TRENT,29SEP2026,-1.000000,225,FUTSTK,NFO,10.000000,9001,False
68804,TVSMOTOR29SEP26FUT,TVSMOTOR,29SEP2026,-1.000000,175,FUTSTK,NFO,10.000000,5251,False
68823,ADANIPOWER23NOV26250PE,ADANIPOWER,23NOV2026,25000.000000,3550,OPTSTK,NFO,1.000000,106501,False
68893,ALKEM27OCT264750PE,ALKEM,27OCT2026,475000.000000,125,OPTSTK,NFO,5.000000,5001,False
68894,ALKEM27OCT264850CE,ALKEM,27OCT2026,485000.000000,125,OPTSTK,NFO,5.000000,5001,False
68920,ALKEM27OCT265450CE,ALKEM,27OCT2026,545000.000000,125,OPTSTK,NFO,5.000000,5001,False
68945,DIXON27OCT2612500PE,DIXON,27OCT2026,1250000.000000,50,OPTSTK,NFO,5.000000,1501,False
68962,DIXON27OCT2616500CE,DIXON,27OCT2026,1650000.000000,50,OPTSTK,NFO,5.000000,1501,False
69039,ALKEM23NOV264700PE,ALKEM,23NOV2026,470000.000000,125,OPTSTK,NFO,5.000000,5001,False
69040,ALKEM23NOV264800CE,ALKEM,23NOV2026,480000.000000,125,OPTSTK,NFO,5.000000,5001,False
69042,ALKEM23NOV264900CE,ALKEM,23NOV2026,490000.000000,125,OPTSTK,NFO,5.000000,5001,False
69043,ALKEM23NOV264900PE,ALKEM,23NOV2026,490000.000000,125,OPTSTK,NFO,5.000000,5001,False
69044,ALKEM23NOV265000CE,ALKEM,23NOV2026,500000.000000,125,OPTSTK,NFO,5.000000,5001,False
69049,ALKEM23NOV265200PE,ALKEM,23NOV2026,520000.000000,125,OPTSTK,NFO,5.000000,5001,False
69051,ALKEM23NOV265300PE,ALKEM,23NOV2026,530000.000000,125,OPTSTK,NFO,5.000000,5001,False
69063,ALKEM23NOV265800CE,ALKEM,23NOV2026,580000.000000,125,OPTSTK,NFO,5.000000,5001,False
69166,DLF27OCT26640CE,DLF,27OCT2026,64000.000000,950,OPTSTK,NFO,5.000000,38001,False
69171,DLF27OCT26680PE,DLF,27OCT2026,68000.000000,950,OPTSTK,NFO,5.000000,38001,False
69175,DLF27OCT26720PE,DLF,27OCT2026,72000.000000,950,OPTSTK,NFO,5.000000,38001,False
69250,AMBER27OCT266700CE,AMBER,27OCT2026,670000.000000,100,OPTSTK,NFO,5.000000,3001,False
69254,AMBER27OCT266900PE,AMBER,27OCT2026,690000.000000,100,OPTSTK,NFO,5.000000,3001,False
69269,AMBER27OCT268100CE,AMBER,27OCT2026,810000.000000,100,OPTSTK,NFO,5.000000,3001,False
69272,AMBER27OCT268300PE,AMBER,27OCT2026,830000.000000,100,OPTSTK,NFO,5.000000,3001,False
69309,AMBER23NOV266000CE,AMBER,23NOV2026,600000.000000,100,OPTSTK,NFO,5.000000,3001,False
69358,DMART29SEP263550CE,DMART,29SEP2026,355000.000000,150,OPTSTK,NFO,5.000000,6001,False
69365,DMART29SEP263850PE,DMART,29SEP2026,385000.000000,150,OPTSTK,NFO,5.000000,6001,False
69391,AMBER23NOV266800CE,AMBER,23NOV2026,680000.000000,100,OPTSTK,NFO,5.000000,3001,False
69394,AMBER23NOV267000PE,AMBER,23NOV2026,700000.000000,100,OPTSTK,NFO,5.000000,3001,False
69602,AMBUJACEM27OCT26355PE,AMBUJACEM,27OCT2026,35500.000000,1200,OPTSTK,NFO,5.000000,60001,False
69628,DMART27OCT263200PE,DMART,27OCT2026,320000.000000,150,OPTSTK,NFO,5.000000,6001,False
69634,AMBUJACEM27OCT26395CE,AMBUJACEM,27OCT2026,39500.000000,1200,OPTSTK,NFO,5.000000,60001,False
69637,AMBUJACEM27OCT26405PE,AMBUJACEM,27OCT2026,40500.000000,1200,OPTSTK,NFO,5.000000,60001,False
69656,BANKNIFTY29SEP2651500CE,BANKNIFTY,29SEP2026,5150000.000000,30,OPTIDX,NFO,5.000000,601,False
69662,BANKNIFTY29SEP2651800CE,BANKNIFTY,29SEP2026,5180000.000000,30,OPTIDX,NFO,5.000000,601,False
69675,BANKNIFTY29SEP2652400PE,BANKNIFTY,29SEP2026,5240000.000000,30,OPTIDX,NFO,5.000000,601,False
69676,BANKNIFTY29SEP2652600CE,BANKNIFTY,29SEP2026,5260000.000000,30,OPTIDX,NFO,5.000000,601,False
69683,BANKNIFTY29SEP2652900PE,BANKNIFTY,29SEP2026,5290000.000000,30,OPTIDX,NFO,5.000000,601,False
69686,BANKNIFTY29SEP2653100CE,BANKNIFTY,29SEP2026,5310000.000000,30,OPTIDX,NFO,5.000000,601,False
69688,BANKNIFTY29SEP2653200CE,BANKNIFTY,29SEP2026,5320000.000000,30,OPTIDX,NFO,5.000000,601,False
69701,BANKNIFTY29SEP2653800PE,BANKNIFTY,29SEP2026,5380000.000000,30,OPTIDX,NFO,5.000000,601,False
69705,BANKNIFTY29SEP2654100PE,BANKNIFTY,29SEP2026,5410000.000000,30,OPTIDX,NFO,5.000000,601,False
69709,BANKNIFTY29SEP2654300PE,BANKNIFTY,29SEP2026,5430000.000000,30,OPTIDX,NFO,5.000000,601,False
69756,BANKNIFTY29SEP2654500PE,BANKNIFTY,29SEP2026,5450000.000000,30,OPTIDX,NFO,5.000000,601,False
69761,BANKNIFTY29SEP2654700CE,BANKNIFTY,29SEP2026,5470000.000000,30,OPTIDX,NFO,5.000000,601,False
69775,BANKNIFTY29SEP2655300CE,BANKNIFTY,29SEP2026,5530000.000000,30,OPTIDX,NFO,5.000000,601,False
69776,BANKNIFTY29SEP2655300PE,BANKNIFTY,29SEP2026,5530000.000000,30,OPTIDX,NFO,5.000000,601,False
69783,BANKNIFTY29SEP2655800CE,BANKNIFTY,29SEP2026,5580000.000000,30,OPTIDX,NFO,5.000000,601,False
69787,BANKNIFTY29SEP2656000CE,BANKNIFTY,29SEP2026,5600000.000000,30,OPTIDX,NFO,5.000000,601,False
69798,BANKNIFTY29SEP2656300PE,BANKNIFTY,29SEP2026,5630000.000000,30,OPTIDX,NFO,5.000000,601,False
69799,BANKNIFTY29SEP2656400CE,BANKNIFTY,29SEP2026,5640000.000000,30,OPTIDX,NFO,5.000000,601,False
69806,BANKNIFTY29SEP2656700CE,BANKNIFTY,29SEP2026,5670000.000000,30,OPTIDX,NFO,5.000000,601,False
69816,BANKNIFTY29SEP2657200PE,BANKNIFTY,29SEP2026,5720000.000000,30,OPTIDX,NFO,5.000000,601,False
69828,BANKNIFTY29SEP2657800CE,BANKNIFTY,29SEP2026,5780000.000000,30,OPTIDX,NFO,5.000000,601,False
69829,BANKNIFTY29SEP2657800PE,BANKNIFTY,29SEP2026,5780000.000000,30,OPTIDX,NFO,5.000000,601,False
69923,AMBUJACEM23NOV26410CE,AMBUJACEM,23NOV2026,41000.000000,1200,OPTSTK,NFO,5.000000,60001,False
69926,AMBUJACEM23NOV26420PE,AMBUJACEM,23NOV2026,42000.000000,1200,OPTSTK,NFO,5.000000,60001,False
69976,ANGELONE27OCT26265PE,ANGELONE,27OCT2026,26500.000000,2500,OPTSTK,NFO,5.000000,75001,False
69930,AMBUJACEM23NOV26440PE,AMBUJACEM,23NOV2026,44000.000000,1200,OPTSTK,NFO,5.000000,60001,False
69945,BANKNIFTY29SEP2659500PE,BANKNIFTY,29SEP2026,5950000.000000,30,OPTIDX,NFO,5.000000,601,False
69989,ANGELONE27OCT26325PE,ANGELONE,27OCT2026,32500.000000,2500,OPTSTK,NFO,5.000000,75001,False
69994,BANKNIFTY29SEP2659700CE,BANKNIFTY,29SEP2026,5970000.000000,30,OPTIDX,NFO,5.000000,601,False
69996,BANKNIFTY29SEP2659800CE,BANKNIFTY,29SEP2026,5980000.000000,30,OPTIDX,NFO,5.000000,601,False
69997,DMART27OCT264400CE,DMART,27OCT2026,440000.000000,150,OPTSTK,NFO,5.000000,6001,False
70014,BANKNIFTY29SEP2660200PE,BANKNIFTY,29SEP2026,6020000.000000,30,OPTIDX,NFO,5.000000,601,False
70020,BANKNIFTY29SEP2660500PE,BANKNIFTY,29SEP2026,6050000.000000,30,OPTIDX,NFO,5.000000,601,False
70021,BANKNIFTY29SEP2660600CE,BANKNIFTY,29SEP2026,6060000.000000,30,OPTIDX,NFO,5.000000,601,False
70022,BANKNIFTY29SEP2660600PE,BANKNIFTY,29SEP2026,6060000.000000,30,OPTIDX,NFO,5.000000,601,False
70037,BANKNIFTY29SEP2661400CE,BANKNIFTY,29SEP2026,6140000.000000,30,OPTIDX,NFO,5.000000,601,False
70092,BANKNIFTY29SEP2662700PE,BANKNIFTY,29SEP2026,6270000.000000,30,OPTIDX,NFO,5.000000,601,False
70105,BANKNIFTY29SEP2663500CE,BANKNIFTY,29SEP2026,6350000.000000,30,OPTIDX,NFO,5.000000,601,False
70120,BANKNIFTY29SEP2664200PE,BANKNIFTY,29SEP2026,6420000.000000,30,OPTIDX,NFO,5.000000,601,False
70236,ANGELONE23NOV26260PE,ANGELONE,23NOV2026,26000.000000,2500,OPTSTK,NFO,5.000000,75001,False
70280,ANGELONE23NOV26310PE,ANGELONE,23NOV2026,31000.000000,2500,OPTSTK,NFO,5.000000,75001,False
70287,ANGELONE23NOV26350CE,ANGELONE,23NOV2026,35000.000000,2500,OPTSTK,NFO,5.000000,75001,False
70399,DRREDDY29SEP261090CE,DRREDDY,29SEP2026,109000.000000,625,OPTSTK,NFO,5.000000,18751,False
70475,APLAPOLLO27OCT262220CE,APLAPOLLO,27OCT2026,222000.000000,350,OPTSTK,NFO,5.000000,10501,False
70661,APLAPOLLO23NOV262040PE,APLAPOLLO,23NOV2026,204000.000000,350,OPTSTK,NFO,5.000000,10501,False
70666,APLAPOLLO23NOV262160CE,APLAPOLLO,23NOV2026,216000.000000,350,OPTSTK,NFO,5.000000,10501,False
70684,APLAPOLLO23NOV262320CE,APLAPOLLO,23NOV2026,232000.000000,350,OPTSTK,NFO,5.000000,10501,False
70765,BANKNIFTY29JUN2751000CE,BANKNIFTY,29JUN2027,5100000.000000,30,OPTIDX,NFO,5.000000,601,False
70769,BANKNIFTY29JUN2752500CE,BANKNIFTY,29JUN2027,5250000.000000,30,OPTIDX,NFO,5.000000,601,False
70771,BANKNIFTY29JUN2752500PE,BANKNIFTY,29JUN2027,5250000.000000,30,OPTIDX,NFO,5.000000,601,False
70785,DRREDDY27OCT261040PE,DRREDDY,27OCT2026,104000.000000,625,OPTSTK,NFO,5.000000,18751,False
70787,BANKNIFTY29JUN2754000PE,BANKNIFTY,29JUN2027,5400000.000000,30,OPTIDX,NFO,5.000000,601,False
70796,BANKNIFTY29JUN2760000CE,BANKNIFTY,29JUN2027,6000000.000000,30,OPTIDX,NFO,5.000000,601,False
70826,APOLLOHOSP27OCT267900PE,APOLLOHOSP,27OCT2026,790000.000000,125,OPTSTK,NFO,5.000000,2501,False
70836,APOLLOHOSP27OCT268900PE,APOLLOHOSP,27OCT2026,890000.000000,125,OPTSTK,NFO,5.000000,2501,False
70842,APOLLOHOSP27OCT269500PE,APOLLOHOSP,27OCT2026,950000.000000,125,OPTSTK,NFO,5.000000,2501,False
70907,DRREDDY27OCT261180CE,DRREDDY,27OCT2026,118000.000000,625,OPTSTK,NFO,5.000000,18751,False
70914,DRREDDY27OCT261240PE,DRREDDY,27OCT2026,124000.000000,625,OPTSTK,NFO,5.000000,18751,False
70916,DRREDDY27OCT261260PE,DRREDDY,27OCT2026,126000.000000,625,OPTSTK,NFO,5.000000,18751,False
70977,APOLLOHOSP23NOV269000CE,APOLLOHOSP,23NOV2026,900000.000000,125,OPTSTK,NFO,5.000000,2501,False
70982,APOLLOHOSP23NOV269400PE,APOLLOHOSP,23NOV2026,940000.000000,125,OPTSTK,NFO,5.000000,2501,False
70983,APOLLOHOSP23NOV269600CE,APOLLOHOSP,23NOV2026,960000.000000,125,OPTSTK,NFO,5.000000,2501,False
70984,APOLLOHOSP23NOV269600PE,APOLLOHOSP,23NOV2026,960000.000000,125,OPTSTK,NFO,5.000000,2501,False
70988,APOLLOHOSP23NOV2610000PE,APOLLOHOSP,23NOV2026,1000000.000000,125,OPTSTK,NFO,5.000000,2501,False
71081,EICHERMOT29SEP266700CE,EICHERMOT,29SEP2026,670000.000000,100,OPTSTK,NFO,5.000000,3001,False
71112,ASHOKLEY23NOV26140CE,ASHOKLEY,23NOV2026,14000.000000,5000,OPTSTK,NFO,1.000000,150001,False
71122,EICHERMOT29SEP268900CE,EICHERMOT,29SEP2026,890000.000000,100,OPTSTK,NFO,5.000000,3001,False
71125,ASHOKLEY23NOV26150CE,ASHOKLEY,23NOV2026,15000.000000,5000,OPTSTK,NFO,1.000000,150001,False
71126,ASHOKLEY23NOV26150PE,ASHOKLEY,23NOV2026,15000.000000,5000,OPTSTK,NFO,1.000000,150001,False
71155,ASHOKLEY23NOV26180PE,ASHOKLEY,23NOV2026,18000.000000,5000,OPTSTK,NFO,1.000000,150001,False
71243,ASIANPAINT27OCT262500PE,ASIANPAINT,27OCT2026,250000.000000,250,OPTSTK,NFO,5.000000,10001,False
71264,ASIANPAINT27OCT262820CE,ASIANPAINT,27OCT2026,282000.000000,250,OPTSTK,NFO,5.000000,10001,False
71357,ASIANPAINT27OCT262860PE,ASIANPAINT,27OCT2026,286000.000000,250,OPTSTK,NFO,5.000000,10001,False
71422,EICHERMOT27OCT268800CE,EICHERMOT,27OCT2026,880000.000000,100,OPTSTK,NFO,5.000000,3001,False
71424,EICHERMOT27OCT269000CE,EICHERMOT,27OCT2026,900000.000000,100,OPTSTK,NFO,5.000000,3001,False
71549,NIFTY29JUN2719000CE,NIFTY,29JUN2027,1900000.000000,65,OPTIDX,NFO,5.000000,1801,False
71554,NIFTY29JUN2721000PE,NIFTY,29JUN2027,2100000.000000,65,OPTIDX,NFO,5.000000,1801,False
71564,ETERNAL29SEP26275CE,ETERNAL,29SEP2026,27500.000000,2425,OPTSTK,NFO,5.000000,72751,False
71587,ETERNAL29SEP26305PE,ETERNAL,29SEP2026,30500.000000,2425,OPTSTK,NFO,5.000000,72751,False
71612,ASIANPAINT23NOV262360CE,ASIANPAINT,23NOV2026,236000.000000,250,OPTSTK,NFO,5.000000,10001,False
71617,ASIANPAINT23NOV262440PE,ASIANPAINT,23NOV2026,244000.000000,250,OPTSTK,NFO,5.000000,10001,False
71623,ASIANPAINT23NOV262560PE,ASIANPAINT,23NOV2026,256000.000000,250,OPTSTK,NFO,5.000000,10001,False
71633,ASIANPAINT23NOV262760PE,ASIANPAINT,23NOV2026,276000.000000,250,OPTSTK,NFO,5.000000,10001,False
71634,ASIANPAINT23NOV262800CE,ASIANPAINT,23NOV2026,280000.000000,250,OPTSTK,NFO,5.000000,10001,False
71643,ASIANPAINT23NOV262960PE,ASIANPAINT,23NOV2026,296000.000000,250,OPTSTK,NFO,5.000000,10001,False
71698,ASTRAL27OCT261260PE,ASTRAL,27OCT2026,126000.000000,425,OPTSTK,NFO,5.000000,17001,False
71701,FINNIFTY29SEP2622700PE,FINNIFTY,29SEP2026,2270000.000000,60,OPTIDX,NFO,5.000000,1801,False
71703,FINNIFTY29SEP2622800PE,FINNIFTY,29SEP2026,2280000.000000,60,OPTIDX,NFO,5.000000,1801,False
71717,FINNIFTY29SEP2623200PE,FINNIFTY,29SEP2026,2320000.000000,60,OPTIDX,NFO,5.000000,1801,False
71718,FINNIFTY29SEP2623300CE,FINNIFTY,29SEP2026,2330000.000000,60,OPTIDX,NFO,5.000000,1801,False
71721,FINNIFTY29SEP2623400PE,FINNIFTY,29SEP2026,2340000.000000,60,OPTIDX,NFO,5.000000,1801,False
71732,FINNIFTY29SEP2624000CE,FINNIFTY,29SEP2026,2400000.000000,60,OPTIDX,NFO,5.000000,1801,False
71739,FINNIFTY29SEP2624300PE,FINNIFTY,29SEP2026,2430000.000000,60,OPTIDX,NFO,5.000000,1801,False
71746,FINNIFTY29SEP2624600CE,FINNIFTY,29SEP2026,2460000.000000,60,OPTIDX,NFO,5.000000,1801,False
71753,FINNIFTY29SEP2624700PE,FINNIFTY,29SEP2026,2470000.000000,60,OPTIDX,NFO,5.000000,1801,False
71754,FINNIFTY29SEP2624800CE,FINNIFTY,29SEP2026,2480000.000000,60,OPTIDX,NFO,5.000000,1801,False
71758,ASTRAL27OCT261620CE,ASTRAL,27OCT2026,162000.000000,425,OPTSTK,NFO,5.000000,17001,False
71761,FINNIFTY29SEP2624800PE,FINNIFTY,29SEP2026,2480000.000000,60,OPTIDX,NFO,5.000000,1801,False
71849,FINNIFTY29SEP2627100CE,FINNIFTY,29SEP2026,2710000.000000,60,OPTIDX,NFO,5.000000,1801,False
71884,FINNIFTY29SEP2627800CE,FINNIFTY,29SEP2026,2780000.000000,60,OPTIDX,NFO,5.000000,1801,False
71895,FINNIFTY29SEP2628200PE,FINNIFTY,29SEP2026,2820000.000000,60,OPTIDX,NFO,5.000000,1801,False
71918,FINNIFTY29SEP2628300PE,FINNIFTY,29SEP2026,2830000.000000,60,OPTIDX,NFO,5.000000,1801,False
71982,FINNIFTY29SEP2629300PE,FINNIFTY,29SEP2026,2930000.000000,60,OPTIDX,NFO,5.000000,1801,False
71985,FINNIFTY29SEP2629500CE,FINNIFTY,29SEP2026,2950000.000000,60,OPTIDX,NFO,5.000000,1801,False
71988,FINNIFTY29SEP2629600PE,FINNIFTY,29SEP2026,2960000.000000,60,OPTIDX,NFO,5.000000,1801,False
72006,ASTRAL23NOV261320CE,ASTRAL,23NOV2026,132000.000000,425,OPTSTK,NFO,5.000000,17001,False
72024,ASTRAL23NOV261360CE,ASTRAL,23NOV2026,136000.000000,425,OPTSTK,NFO,5.000000,17001,False
72053,ETERNAL27OCT26350PE,ETERNAL,27OCT2026,35000.000000,2425,OPTSTK,NFO,5.000000,72751,False
72065,ASTRAL23NOV261480PE,ASTRAL,23NOV2026,148000.000000,425,OPTSTK,NFO,5.000000,17001,False
72066,ASTRAL23NOV261520CE,ASTRAL,23NOV2026,152000.000000,425,OPTSTK,NFO,5.000000,17001,False
72163,ATHERENERG29SEP261300PE,ATHERENERG,29SEP2026,130000.000000,375,OPTSTK,NFO,5.000000,15001,False
72189,ATHERENERG29SEP261320PE,ATHERENERG,29SEP2026,132000.000000,375,OPTSTK,NFO,5.000000,15001,False
72198,ATHERENERG29SEP261400CE,ATHERENERG,29SEP2026,140000.000000,375,OPTSTK,NFO,5.000000,15001,False
72216,FEDERALBNK29SEP26325PE,FEDERALBNK,29SEP2026,32500.000000,2500,OPTSTK,NFO,5.000000,75001,False
72218,FEDERALBNK29SEP26335PE,FEDERALBNK,29SEP2026,33500.000000,2500,OPTSTK,NFO,5.000000,75001,False
72219,FEDERALBNK29SEP26345CE,FEDERALBNK,29SEP2026,34500.000000,2500,OPTSTK,NFO,5.000000,75001,False
72221,FEDERALBNK29SEP26355CE,FEDERALBNK,29SEP2026,35500.000000,2500,OPTSTK,NFO,5.000000,75001,False
72401,FEDERALBNK27OCT26310PE,FEDERALBNK,27OCT2026,31000.000000,2500,OPTSTK,NFO,5.000000,75001,False
72408,ATHERENERG29SEP261500CE,ATHERENERG,29SEP2026,150000.000000,375,OPTSTK,NFO,5.000000,15001,False
72420,ATHERENERG29SEP261540CE,ATHERENERG,29SEP2026,154000.000000,375,OPTSTK,NFO,5.000000,15001,False
72429,ATHERENERG29SEP261600PE,ATHERENERG,29SEP2026,160000.000000,375,OPTSTK,NFO,5.000000,15001,False
72444,FEDERALBNK27OCT26410PE,FEDERALBNK,27OCT2026,41000.000000,2500,OPTSTK,NFO,5.000000,75001,False
72474,FORCEMOT29SEP2615500PE,FORCEMOT,29SEP2026,1550000.000000,25,OPTSTK,NFO,5.000000,1251,False
72648,MIDCPNIFTY29SEP2613300CE,MIDCPNIFTY,29SEP2026,1330000.000000,120,OPTIDX,NFO,5.000000,2801,False
72508,ATHERENERG29SEP261740PE,ATHERENERG,29SEP2026,174000.000000,375,OPTSTK,NFO,5.000000,15001,False
72630,MIDCPNIFTY29SEP2613075CE,MIDCPNIFTY,29SEP2026,1307500.000000,120,OPTIDX,NFO,5.000000,2801,False
72633,MIDCPNIFTY29SEP2613100PE,MIDCPNIFTY,29SEP2026,1310000.000000,120,OPTIDX,NFO,5.000000,2801,False
72650,MIDCPNIFTY29SEP2613325CE,MIDCPNIFTY,29SEP2026,1332500.000000,120,OPTIDX,NFO,5.000000,2801,False
72653,MIDCPNIFTY29SEP2613350PE,MIDCPNIFTY,29SEP2026,1335000.000000,120,OPTIDX,NFO,5.000000,2801,False
72654,MIDCPNIFTY29SEP2613375CE,MIDCPNIFTY,29SEP2026,1337500.000000,120,OPTIDX,NFO,5.000000,2801,False
72657,MIDCPNIFTY29SEP2613400PE,MIDCPNIFTY,29SEP2026,1340000.000000,120,OPTIDX,NFO,5.000000,2801,False
72779,MIDCPNIFTY29SEP2613775PE,MIDCPNIFTY,29SEP2026,1377500.000000,120,OPTIDX,NFO,5.000000,2801,False
72674,FORCEMOT27OCT2617000CE,FORCEMOT,27OCT2026,1700000.000000,25,OPTSTK,NFO,5.000000,1251,False
72764,FORTIS29SEP26810CE,FORTIS,29SEP2026,81000.000000,775,OPTSTK,NFO,5.000000,23251,False
72768,MIDCPNIFTY29SEP2613725PE,MIDCPNIFTY,29SEP2026,1372500.000000,120,OPTIDX,NFO,5.000000,2801,False
72783,ATHERENERG27OCT261360PE,ATHERENERG,27OCT2026,136000.000000,375,OPTSTK,NFO,5.000000,15001,False
72788,ATHERENERG27OCT261400PE,ATHERENERG,27OCT2026,140000.000000,375,OPTSTK,NFO,5.000000,15001,False
72808,ATHERENERG27OCT261420PE,ATHERENERG,27OCT2026,142000.000000,375,OPTSTK,NFO,5.000000,15001,False
72860,MIDCPNIFTY29SEP2614300PE,MIDCPNIFTY,29SEP2026,1430000.000000,120,OPTIDX,NFO,5.000000,2801,False
72879,ATHERENERG27OCT261800PE,ATHERENERG,27OCT2026,180000.000000,375,OPTSTK,NFO,5.000000,15001,False
72886,ATHERENERG27OCT261860CE,ATHERENERG,27OCT2026,186000.000000,375,OPTSTK,NFO,5.000000,15001,False
72889,ATHERENERG27OCT261880PE,ATHERENERG,27OCT2026,188000.000000,375,OPTSTK,NFO,5.000000,15001,False
72891,ATHERENERG27OCT261920PE,ATHERENERG,27OCT2026,192000.000000,375,OPTSTK,NFO,5.000000,15001,False
72894,MIDCPNIFTY29SEP2614400CE,MIDCPNIFTY,29SEP2026,1440000.000000,120,OPTIDX,NFO,5.000000,2801,False
72935,MIDCPNIFTY29SEP2614450PE,MIDCPNIFTY,29SEP2026,1445000.000000,120,OPTIDX,NFO,5.000000,2801,False
72945,MIDCPNIFTY29SEP2614575PE,MIDCPNIFTY,29SEP2026,1457500.000000,120,OPTIDX,NFO,5.000000,2801,False
72950,MIDCPNIFTY29SEP2614650CE,MIDCPNIFTY,29SEP2026,1465000.000000,120,OPTIDX,NFO,5.000000,2801,False
72952,MIDCPNIFTY29SEP2614675CE,MIDCPNIFTY,29SEP2026,1467500.000000,120,OPTIDX,NFO,5.000000,2801,False
72956,MIDCPNIFTY29SEP2614725CE,MIDCPNIFTY,29SEP2026,1472500.000000,120,OPTIDX,NFO,5.000000,2801,False
72966,MIDCPNIFTY29SEP2614850CE,MIDCPNIFTY,29SEP2026,1485000.000000,120,OPTIDX,NFO,5.000000,2801,False
72967,MIDCPNIFTY29SEP2614850PE,MIDCPNIFTY,29SEP2026,1485000.000000,120,OPTIDX,NFO,5.000000,2801,False
72968,MIDCPNIFTY29SEP2614875CE,MIDCPNIFTY,29SEP2026,1487500.000000,120,OPTIDX,NFO,5.000000,2801,False
72978,ATHERENERG23NOV261320CE,ATHERENERG,23NOV2026,132000.000000,375,OPTSTK,NFO,5.000000,15001,False
72981,MIDCPNIFTY29SEP2614975PE,MIDCPNIFTY,29SEP2026,1497500.000000,120,OPTIDX,NFO,5.000000,2801,False
72997,MIDCPNIFTY29SEP2615175PE,MIDCPNIFTY,29SEP2026,1517500.000000,120,OPTIDX,NFO,5.000000,2801,False
73000,MIDCPNIFTY29SEP2615225CE,MIDCPNIFTY,29SEP2026,1522500.000000,120,OPTIDX,NFO,5.000000,2801,False
73014,ATHERENERG23NOV261560PE,ATHERENERG,23NOV2026,156000.000000,375,OPTSTK,NFO,5.000000,15001,False
73025,ATHERENERG23NOV261720PE,ATHERENERG,23NOV2026,172000.000000,375,OPTSTK,NFO,5.000000,15001,False
73029,MIDCPNIFTY29SEP2615275PE,MIDCPNIFTY,29SEP2026,1527500.000000,120,OPTIDX,NFO,5.000000,2801,False
73065,FORTIS29SEP26930CE,FORTIS,29SEP2026,93000.000000,775,OPTSTK,NFO,5.000000,23251,False
73073,FORTIS29SEP261010CE,FORTIS,29SEP2026,101000.000000,775,OPTSTK,NFO,5.000000,23251,False
73075,MIDCPNIFTY29SEP2615300PE,MIDCPNIFTY,29SEP2026,1530000.000000,120,OPTIDX,NFO,5.000000,2801,False
73076,FORTIS29SEP261030CE,FORTIS,29SEP2026,103000.000000,775,OPTSTK,NFO,5.000000,23251,False
73091,MIDCPNIFTY29SEP2615425PE,MIDCPNIFTY,29SEP2026,1542500.000000,120,OPTIDX,NFO,5.000000,2801,False
73097,MIDCPNIFTY29SEP2615500CE,MIDCPNIFTY,29SEP2026,1550000.000000,120,OPTIDX,NFO,5.000000,2801,False
73109,ATHERENERG23NOV261800PE,ATHERENERG,23NOV2026,180000.000000,375,OPTSTK,NFO,5.000000,15001,False
73110,MIDCPNIFTY29SEP2615550CE,MIDCPNIFTY,29SEP2026,1555000.000000,120,OPTIDX,NFO,5.000000,2801,False
73119,MIDCPNIFTY29SEP2615625PE,MIDCPNIFTY,29SEP2026,1562500.000000,120,OPTIDX,NFO,5.000000,2801,False
73129,MIDCPNIFTY29SEP2615750PE,MIDCPNIFTY,29SEP2026,1575000.000000,120,OPTIDX,NFO,5.000000,2801,False
73179,MIDCPNIFTY29SEP2615875PE,MIDCPNIFTY,29SEP2026,1587500.000000,120,OPTIDX,NFO,5.000000,2801,False
73203,MIDCPNIFTY29SEP2615950PE,MIDCPNIFTY,29SEP2026,1595000.000000,120,OPTIDX,NFO,5.000000,2801,False
73210,FORTIS27OCT26760PE,FORTIS,27OCT2026,76000.000000,775,OPTSTK,NFO,5.000000,23251,False
73225,FORTIS27OCT26920CE,FORTIS,27OCT2026,92000.000000,775,OPTSTK,NFO,5.000000,23251,False
73231,FORTIS27OCT26960CE,FORTIS,27OCT2026,96000.000000,775,OPTSTK,NFO,5.000000,23251,False
73237,FORTIS27OCT261000CE,FORTIS,27OCT2026,100000.000000,775,OPTSTK,NFO,5.000000,23251,False
73239,FORTIS27OCT261020CE,FORTIS,27OCT2026,102000.000000,775,OPTSTK,NFO,5.000000,23251,False
73265,AUBANK27OCT261180CE,AUBANK,27OCT2026,118000.000000,1000,OPTSTK,NFO,5.000000,20001,False
73294,MIDCPNIFTY29SEP2616200CE,MIDCPNIFTY,29SEP2026,1620000.000000,120,OPTIDX,NFO,5.000000,2801,False
73322,MIDCPNIFTY29SEP2616300CE,MIDCPNIFTY,29SEP2026,1630000.000000,120,OPTIDX,NFO,5.000000,2801,False
73380,MIDCPNIFTY29SEP2616600CE,MIDCPNIFTY,29SEP2026,1660000.000000,120,OPTIDX,NFO,5.000000,2801,False
73497,AUBANK23NOV261000PE,AUBANK,23NOV2026,100000.000000,1000,OPTSTK,NFO,5.000000,20001,False
73491,AUBANK23NOV26880PE,AUBANK,23NOV2026,88000.000000,1000,OPTSTK,NFO,5.000000,20001,False
73496,AUBANK23NOV261000CE,AUBANK,23NOV2026,100000.000000,1000,OPTSTK,NFO,5.000000,20001,False
73504,AUBANK23NOV261120CE,AUBANK,23NOV2026,112000.000000,1000,OPTSTK,NFO,5.000000,20001,False
73516,AUBANK23NOV261280CE,AUBANK,23NOV2026,128000.000000,1000,OPTSTK,NFO,5.000000,20001,False
73716,AUROPHARMA27OCT261540CE,AUROPHARMA,27OCT2026,154000.000000,550,OPTSTK,NFO,5.000000,16501,False
73720,AUROPHARMA27OCT261580PE,AUROPHARMA,27OCT2026,158000.000000,550,OPTSTK,NFO,5.000000,16501,False
73770,AUROPHARMA23NOV261440PE,AUROPHARMA,23NOV2026,144000.000000,550,OPTSTK,NFO,5.000000,16501,False
73854,NIFTY29SEP2621850CE,NIFTY,29SEP2026,2185000.000000,65,OPTIDX,NFO,5.000000,1801,False
73866,NIFTY29SEP2622000PE,NIFTY,29SEP2026,2200000.000000,65,OPTIDX,NFO,5.000000,1801,False
73869,NIFTY29SEP2622100CE,NIFTY,29SEP2026,2210000.000000,65,OPTIDX,NFO,5.000000,1801,False
73894,NIFTY29SEP2622750PE,NIFTY,29SEP2026,2275000.000000,65,OPTIDX,NFO,5.000000,1801,False
73895,NIFTY29SEP2622800CE,NIFTY,29SEP2026,2280000.000000,65,OPTIDX,NFO,5.000000,1801,False
73906,NIFTY29SEP2623100CE,NIFTY,29SEP2026,2310000.000000,65,OPTIDX,NFO,5.000000,1801,False
73928,NIFTY29SEP2623400PE,NIFTY,29SEP2026,2340000.000000,65,OPTIDX,NFO,5.000000,1801,False
73971,AXISBANK27OCT261140CE,AXISBANK,27OCT2026,114000.000000,625,OPTSTK,NFO,5.000000,18751,False
74011,NIFTY29SEP2623750PE,NIFTY,29SEP2026,2375000.000000,65,OPTIDX,NFO,5.000000,1801,False
74067,NIFTY29SEP2624150PE,NIFTY,29SEP2026,2415000.000000,65,OPTIDX,NFO,5.000000,1801,False
74157,AXISBANK23NOV261280CE,AXISBANK,23NOV2026,128000.000000,625,OPTSTK,NFO,5.000000,18751,False
74240,NIFTY29SEP2624450PE,NIFTY,29SEP2026,2445000.000000,65,OPTIDX,NFO,5.000000,1801,False
74356,NIFTY29SEP2624750PE,NIFTY,29SEP2026,2475000.000000,65,OPTIDX,NFO,5.000000,1801,False
74361,NIFTY29SEP2624900CE,NIFTY,29SEP2026,2490000.000000,65,OPTIDX,NFO,5.000000,1801,False
74369,NIFTY29SEP2625100PE,NIFTY,29SEP2026,2510000.000000,65,OPTIDX,NFO,5.000000,1801,False
74370,NIFTY29SEP2625150CE,NIFTY,29SEP2026,2515000.000000,65,OPTIDX,NFO,5.000000,1801,False
74377,BAJAJ-AUTO27OCT2610900CE,BAJAJ-AUTO,27OCT2026,1090000.000000,75,OPTSTK,NFO,5.000000,2251,False
74383,BAJAJ-AUTO27OCT2611100PE,BAJAJ-AUTO,27OCT2026,1110000.000000,75,OPTSTK,NFO,5.000000,2251,False
74396,NIFTY29SEP2625450PE,NIFTY,29SEP2026,2545000.000000,65,OPTIDX,NFO,5.000000,1801,False
74419,NIFTY29SEP2625750PE,NIFTY,29SEP2026,2575000.000000,65,OPTIDX,NFO,5.000000,1801,False
74429,BAJAJ-AUTO27OCT2612900PE,BAJAJ-AUTO,27OCT2026,1290000.000000,75,OPTSTK,NFO,5.000000,2251,False
74431,BAJAJ-AUTO27OCT2613100PE,BAJAJ-AUTO,27OCT2026,1310000.000000,75,OPTSTK,NFO,5.000000,2251,False
74403,BAJAJ-AUTO27OCT2611900CE,BAJAJ-AUTO,27OCT2026,1190000.000000,75,OPTSTK,NFO,5.000000,2251,False
74434,BAJAJ-AUTO27OCT2613300CE,BAJAJ-AUTO,27OCT2026,1330000.000000,75,OPTSTK,NFO,5.000000,2251,False
74435,BAJAJ-AUTO27OCT2613300PE,BAJAJ-AUTO,27OCT2026,1330000.000000,75,OPTSTK,NFO,5.000000,2251,False
74464,NIFTY29SEP2626150PE,NIFTY,29SEP2026,2615000.000000,65,OPTIDX,NFO,5.000000,1801,False
74475,NIFTY29SEP2626350CE,NIFTY,29SEP2026,2635000.000000,65,OPTIDX,NFO,5.000000,1801,False
74478,NIFTY29SEP2626400PE,NIFTY,29SEP2026,2640000.000000,65,OPTIDX,NFO,5.000000,1801,False
74485,NIFTY29SEP2626600CE,NIFTY,29SEP2026,2660000.000000,65,OPTIDX,NFO,5.000000,1801,False
74489,NIFTY29SEP2626700CE,NIFTY,29SEP2026,2670000.000000,65,OPTIDX,NFO,5.000000,1801,False
74502,NIFTY29SEP2627050PE,NIFTY,29SEP2026,2705000.000000,65,OPTIDX,NFO,5.000000,1801,False
74507,NIFTY29SEP2627200CE,NIFTY,29SEP2026,2720000.000000,65,OPTIDX,NFO,5.000000,1801,False
74508,NIFTY29SEP2627200PE,NIFTY,29SEP2026,2720000.000000,65,OPTIDX,NFO,5.000000,1801,False
74650,NIFTY24JUN3124000PE,NIFTY,24JUN2031,2400000.000000,65,OPTIDX,NFO,5.000000,1801,False
74651,NIFTY24JUN3125500CE,NIFTY,24JUN2031,2550000.000000,65,OPTIDX,NFO,5.000000,1801,False
74657,NIFTY24JUN3130000CE,NIFTY,24JUN2031,3000000.000000,65,OPTIDX,NFO,5.000000,1801,False
74840,BAJAJ-AUTO23NOV2610600CE,BAJAJ-AUTO,23NOV2026,1060000.000000,75,OPTSTK,NFO,5.000000,2251,False
74900,GLENMARK29SEP262380PE,GLENMARK,29SEP2026,238000.000000,375,OPTSTK,NFO,5.000000,11251,False
74902,GLENMARK29SEP262420PE,GLENMARK,29SEP2026,242000.000000,375,OPTSTK,NFO,5.000000,11251,False
74909,GLENMARK29SEP262460CE,GLENMARK,29SEP2026,246000.000000,375,OPTSTK,NFO,5.000000,11251,False
74925,BAJAJ-AUTO23NOV2612000PE,BAJAJ-AUTO,23NOV2026,1200000.000000,75,OPTSTK,NFO,5.000000,2251,False
74934,BAJAJ-AUTO23NOV2613000CE,BAJAJ-AUTO,23NOV2026,1300000.000000,75,OPTSTK,NFO,5.000000,2251,False
74954,GLENMARK29SEP262660PE,GLENMARK,29SEP2026,266000.000000,375,OPTSTK,NFO,5.000000,11251,False
74958,GLENMARK29SEP262740PE,GLENMARK,29SEP2026,274000.000000,375,OPTSTK,NFO,5.000000,11251,False
75118,NIFTYNXT5029SEP2665200CE,NIFTYNXT50,29SEP2026,6520000.000000,25,OPTIDX,NFO,5.000000,601,False
75127,BAJAJFINSV27OCT261980PE,BAJAJFINSV,27OCT2026,198000.000000,300,OPTSTK,NFO,5.000000,12001,False
75156,NIFTYNXT5029SEP2665800CE,NIFTYNXT50,29SEP2026,6580000.000000,25,OPTIDX,NFO,5.000000,601,False
75163,NIFTYNXT5029SEP2665900PE,NIFTYNXT50,29SEP2026,6590000.000000,25,OPTIDX,NFO,5.000000,601,False
75180,GLENMARK27OCT262520CE,GLENMARK,27OCT2026,252000.000000,375,OPTSTK,NFO,5.000000,11251,False
75187,GLENMARK27OCT262640PE,GLENMARK,27OCT2026,264000.000000,375,OPTSTK,NFO,5.000000,11251,False
75190,GLENMARK27OCT262720CE,GLENMARK,27OCT2026,272000.000000,375,OPTSTK,NFO,5.000000,11251,False
75193,GLENMARK27OCT262760PE,GLENMARK,27OCT2026,276000.000000,375,OPTSTK,NFO,5.000000,11251,False
75223,NIFTYNXT5029SEP2666300CE,NIFTYNXT50,29SEP2026,6630000.000000,25,OPTIDX,NFO,5.000000,601,False
75227,GMRAIRPORT29SEP2683CE,GMRAIRPORT,29SEP2026,8300.000000,6975,OPTSTK,NFO,1.000000,209251,False
75245,GMRAIRPORT29SEP2687CE,GMRAIRPORT,29SEP2026,8700.000000,6975,OPTSTK,NFO,1.000000,209251,False
75248,GMRAIRPORT29SEP2689PE,GMRAIRPORT,29SEP2026,8900.000000,6975,OPTSTK,NFO,1.000000,209251,False
75249,GMRAIRPORT29SEP2691CE,GMRAIRPORT,29SEP2026,9100.000000,6975,OPTSTK,NFO,1.000000,209251,False
75306,NIFTYNXT5029SEP2668100PE,NIFTYNXT50,29SEP2026,6810000.000000,25,OPTIDX,NFO,5.000000,601,False
75308,NIFTYNXT5029SEP2668200PE,NIFTYNXT50,29SEP2026,6820000.000000,25,OPTIDX,NFO,5.000000,601,False
75310,NIFTYNXT5029SEP2668300PE,NIFTYNXT50,29SEP2026,6830000.000000,25,OPTIDX,NFO,5.000000,601,False
75314,NIFTYNXT5029SEP2668500PE,NIFTYNXT50,29SEP2026,6850000.000000,25,OPTIDX,NFO,5.000000,601,False
75321,NIFTYNXT5029SEP2668900CE,NIFTYNXT50,29SEP2026,6890000.000000,25,OPTIDX,NFO,5.000000,601,False
75334,NIFTYNXT5029SEP2669500PE,NIFTYNXT50,29SEP2026,6950000.000000,25,OPTIDX,NFO,5.000000,601,False
75336,NIFTYNXT5029SEP2669600PE,NIFTYNXT50,29SEP2026,6960000.000000,25,OPTIDX,NFO,5.000000,601,False
75455,GMRAIRPORT27OCT2696PE,GMRAIRPORT,27OCT2026,9600.000000,6975,OPTSTK,NFO,1.000000,209251,False
75459,GMRAIRPORT27OCT26100PE,GMRAIRPORT,27OCT2026,10000.000000,6975,OPTSTK,NFO,1.000000,209251,False
75490,BAJAJFINSV23NOV261840CE,BAJAJFINSV,23NOV2026,184000.000000,300,OPTSTK,NFO,5.000000,12001,False
75499,NIFTYNXT5029SEP2670700PE,NIFTYNXT50,29SEP2026,7070000.000000,25,OPTIDX,NFO,5.000000,601,False
75501,NIFTYNXT5029SEP2670800PE,NIFTYNXT50,29SEP2026,7080000.000000,25,OPTIDX,NFO,5.000000,601,False
75522,NIFTYNXT5029SEP2671900CE,NIFTYNXT50,29SEP2026,7190000.000000,25,OPTIDX,NFO,5.000000,601,False
75524,NIFTYNXT5029SEP2672000CE,NIFTYNXT50,29SEP2026,7200000.000000,25,OPTIDX,NFO,5.000000,601,False
75530,BAJAJFINSV23NOV262000CE,BAJAJFINSV,23NOV2026,200000.000000,300,OPTSTK,NFO,5.000000,12001,False
75539,NIFTYNXT5029SEP2672200PE,NIFTYNXT50,29SEP2026,7220000.000000,25,OPTIDX,NFO,5.000000,601,False
75547,NIFTYNXT5029SEP2672600CE,NIFTYNXT50,29SEP2026,7260000.000000,25,OPTIDX,NFO,5.000000,601,False
75567,GMRAIRPORT27OCT26120CE,GMRAIRPORT,27OCT2026,12000.000000,6975,OPTSTK,NFO,1.000000,209251,False
75577,NIFTYNXT5029SEP2672600PE,NIFTYNXT50,29SEP2026,7260000.000000,25,OPTIDX,NFO,5.000000,601,False
75617,GODFRYPHLP29SEP262150PE,GODFRYPHLP,29SEP2026,215000.000000,275,OPTSTK,NFO,5.000000,11001,False
75621,GODFRYPHLP29SEP262350PE,GODFRYPHLP,29SEP2026,235000.000000,275,OPTSTK,NFO,5.000000,11001,False
75639,NIFTYNXT5029SEP2672700PE,NIFTYNXT50,29SEP2026,7270000.000000,25,OPTIDX,NFO,5.000000,601,False
75643,NIFTYNXT5029SEP2672900PE,NIFTYNXT50,29SEP2026,7290000.000000,25,OPTIDX,NFO,5.000000,601,False
75647,NIFTYNXT5029SEP2673100PE,NIFTYNXT50,29SEP2026,7310000.000000,25,OPTIDX,NFO,5.000000,601,False
75662,GODFRYPHLP27OCT261700PE,GODFRYPHLP,27OCT2026,170000.000000,275,OPTSTK,NFO,5.000000,11001,False
75734,GODFRYPHLP27OCT262500PE,GODFRYPHLP,27OCT2026,250000.000000,275,OPTSTK,NFO,5.000000,11001,False
75747,NIFTYNXT5029SEP2674000CE,NIFTYNXT50,29SEP2026,7400000.000000,25,OPTIDX,NFO,5.000000,601,False
75761,NIFTYNXT5029SEP2674000PE,NIFTYNXT50,29SEP2026,7400000.000000,25,OPTIDX,NFO,5.000000,601,False
75766,GODREJCP29SEP26790CE,GODREJCP,29SEP2026,79000.000000,500,OPTSTK,NFO,5.000000,25001,False
75767,NIFTYNXT5029SEP2674100PE,NIFTYNXT50,29SEP2026,7410000.000000,25,OPTIDX,NFO,5.000000,601,False
75771,NIFTYNXT5029SEP2674300PE,NIFTYNXT50,29SEP2026,7430000.000000,25,OPTIDX,NFO,5.000000,601,False
75785,NIFTYNXT5029SEP2675000CE,NIFTYNXT50,29SEP2026,7500000.000000,25,OPTIDX,NFO,5.000000,601,False
75792,NIFTYNXT5029SEP2675300CE,NIFTYNXT50,29SEP2026,7530000.000000,25,OPTIDX,NFO,5.000000,601,False
75806,NIFTYNXT5029SEP2675300PE,NIFTYNXT50,29SEP2026,7530000.000000,25,OPTIDX,NFO,5.000000,601,False
75812,GODREJCP29SEP26970PE,GODREJCP,29SEP2026,97000.000000,500,OPTSTK,NFO,5.000000,25001,False
75816,NIFTYNXT5029SEP2675500CE,NIFTYNXT50,29SEP2026,7550000.000000,25,OPTIDX,NFO,5.000000,601,False
75819,GODREJCP29SEP261030CE,GODREJCP,29SEP2026,103000.000000,500,OPTSTK,NFO,5.000000,25001,False
75856,NIFTYNXT5029SEP2676000PE,NIFTYNXT50,29SEP2026,7600000.000000,25,OPTIDX,NFO,5.000000,601,False
75858,NIFTYNXT5029SEP2676100PE,NIFTYNXT50,29SEP2026,7610000.000000,25,OPTIDX,NFO,5.000000,601,False
75871,NIFTYNXT5029SEP2676800CE,NIFTYNXT50,29SEP2026,7680000.000000,25,OPTIDX,NFO,5.000000,601,False
75874,NIFTYNXT5029SEP2676900PE,NIFTYNXT50,29SEP2026,7690000.000000,25,OPTIDX,NFO,5.000000,601,False
75908,GODREJCP27OCT26760PE,GODREJCP,27OCT2026,76000.000000,500,OPTSTK,NFO,5.000000,25001,False
75912,GODREJCP27OCT26800PE,GODREJCP,27OCT2026,80000.000000,500,OPTSTK,NFO,5.000000,25001,False
75951,NIFTYNXT5029SEP2677300CE,NIFTYNXT50,29SEP2026,7730000.000000,25,OPTIDX,NFO,5.000000,601,False
76006,BAJAJHLDNG27OCT2610100CE,BAJAJHLDNG,27OCT2026,1010000.000000,75,OPTSTK,NFO,5.000000,2251,False
76029,BAJAJHLDNG27OCT2611700CE,BAJAJHLDNG,27OCT2026,1170000.000000,75,OPTSTK,NFO,5.000000,2251,False
76044,BAJAJHLDNG27OCT2611700PE,BAJAJHLDNG,27OCT2026,1170000.000000,75,OPTSTK,NFO,5.000000,2251,False
76054,NIFTYNXT5029SEP2678500PE,NIFTYNXT50,29SEP2026,7850000.000000,25,OPTIDX,NFO,5.000000,601,False
76055,NIFTYNXT5029SEP2678600CE,NIFTYNXT50,29SEP2026,7860000.000000,25,OPTIDX,NFO,5.000000,601,False
76057,NIFTYNXT5029SEP2678700CE,NIFTYNXT50,29SEP2026,7870000.000000,25,OPTIDX,NFO,5.000000,601,False
76064,NIFTYNXT5029SEP2679000PE,NIFTYNXT50,29SEP2026,7900000.000000,25,OPTIDX,NFO,5.000000,601,False
76074,NIFTYNXT5029SEP2679500PE,NIFTYNXT50,29SEP2026,7950000.000000,25,OPTIDX,NFO,5.000000,601,False
76075,NIFTYNXT5029SEP2679600CE,NIFTYNXT50,29SEP2026,7960000.000000,25,OPTIDX,NFO,5.000000,601,False
76159,GODREJPROP29SEP261940CE,GODREJPROP,29SEP2026,194000.000000,325,OPTSTK,NFO,5.000000,13001,False
76180,NIFTYNXT5029SEP2680900PE,NIFTYNXT50,29SEP2026,8090000.000000,25,OPTIDX,NFO,5.000000,601,False
76206,BAJFINANCE27OCT261050PE,BAJFINANCE,27OCT2026,105000.000000,750,OPTSTK,NFO,5.000000,22501,False
76208,BAJFINANCE27OCT261070PE,BAJFINANCE,27OCT2026,107000.000000,750,OPTSTK,NFO,5.000000,22501,False
76209,BAJFINANCE27OCT261090CE,BAJFINANCE,27OCT2026,109000.000000,750,OPTSTK,NFO,5.000000,22501,False
76216,BAJFINANCE27OCT261150PE,BAJFINANCE,27OCT2026,115000.000000,750,OPTSTK,NFO,5.000000,22501,False
76233,GODREJPROP29SEP262220PE,GODREJPROP,29SEP2026,222000.000000,325,OPTSTK,NFO,5.000000,13001,False
76300,GODREJPROP27OCT261760CE,GODREJPROP,27OCT2026,176000.000000,325,OPTSTK,NFO,5.000000,13001,False
76308,GODREJPROP27OCT261920CE,GODREJPROP,27OCT2026,192000.000000,325,OPTSTK,NFO,5.000000,13001,False
76309,GODREJPROP27OCT261920PE,GODREJPROP,27OCT2026,192000.000000,325,OPTSTK,NFO,5.000000,13001,False
76331,GODREJPROP27OCT262280CE,GODREJPROP,27OCT2026,228000.000000,325,OPTSTK,NFO,5.000000,13001,False
76388,BANKNIFTY30MAR2749500CE,BANKNIFTY,30MAR2027,4950000.000000,30,OPTIDX,NFO,5.000000,601,False
76398,BANKNIFTY30MAR2757000CE,BANKNIFTY,30MAR2027,5700000.000000,30,OPTIDX,NFO,5.000000,601,False
76399,BANKNIFTY30MAR2757000PE,BANKNIFTY,30MAR2027,5700000.000000,30,OPTIDX,NFO,5.000000,601,False
76486,NIFTYNXT5029SEP2682500PE,NIFTYNXT50,29SEP2026,8250000.000000,25,OPTIDX,NFO,5.000000,601,False
76496,NIFTYNXT5029SEP2683000CE,NIFTYNXT50,29SEP2026,8300000.000000,25,OPTIDX,NFO,5.000000,601,False
76513,BAJFINANCE23NOV261000CE,BAJFINANCE,23NOV2026,100000.000000,750,OPTSTK,NFO,5.000000,22501,False
76523,BAJFINANCE23NOV261100CE,BAJFINANCE,23NOV2026,110000.000000,750,OPTSTK,NFO,5.000000,22501,False
76528,BAJFINANCE23NOV261140PE,BAJFINANCE,23NOV2026,114000.000000,750,OPTSTK,NFO,5.000000,22501,False
76675,BANDHANBNK27OCT26175CE,BANDHANBNK,27OCT2026,17500.000000,3600,OPTSTK,NFO,1.000000,108001,False
76701,BANDHANBNK23NOV26120CE,BANDHANBNK,23NOV2026,12000.000000,3600,OPTSTK,NFO,1.000000,108001,False
76717,BANDHANBNK23NOV26130PE,BANDHANBNK,23NOV2026,13000.000000,3600,OPTSTK,NFO,1.000000,108001,False
76725,BANDHANBNK23NOV26150PE,BANDHANBNK,23NOV2026,15000.000000,3600,OPTSTK,NFO,1.000000,108001,False
76727,BANDHANBNK23NOV26160PE,BANDHANBNK,23NOV2026,16000.000000,3600,OPTSTK,NFO,1.000000,108001,False
76733,BANDHANBNK23NOV26190PE,BANDHANBNK,23NOV2026,19000.000000,3600,OPTSTK,NFO,1.000000,108001,False
76740,BANDHANBNK23NOV26220PE,BANDHANBNK,23NOV2026,22000.000000,3600,OPTSTK,NFO,1.000000,108001,False
76824,GRASIM29SEP262940PE,GRASIM,29SEP2026,294000.000000,250,OPTSTK,NFO,5.000000,7501,False
76837,GRASIM29SEP263220CE,GRASIM,29SEP2026,322000.000000,250,OPTSTK,NFO,5.000000,7501,False
76840,GRASIM29SEP263260PE,GRASIM,29SEP2026,326000.000000,250,OPTSTK,NFO,5.000000,7501,False
76854,GRASIM29SEP263500CE,GRASIM,29SEP2026,350000.000000,250,OPTSTK,NFO,5.000000,7501,False
76858,GRASIM29SEP263540CE,GRASIM,29SEP2026,354000.000000,250,OPTSTK,NFO,5.000000,7501,False
76860,GRASIM29SEP263540PE,GRASIM,29SEP2026,354000.000000,250,OPTSTK,NFO,5.000000,7501,False
76864,GRASIM29SEP263620PE,GRASIM,29SEP2026,362000.000000,250,OPTSTK,NFO,5.000000,7501,False
76888,BANKBARODA27OCT26235PE,BANKBARODA,27OCT2026,23500.000000,2925,OPTSTK,NFO,1.000000,87751,False
76891,BANKBARODA27OCT26255CE,BANKBARODA,27OCT2026,25500.000000,2925,OPTSTK,NFO,1.000000,87751,False
76929,BANKBARODA23NOV26200PE,BANKBARODA,23NOV2026,20000.000000,2925,OPTSTK,NFO,1.000000,87751,False
76930,BANKBARODA23NOV26210CE,BANKBARODA,23NOV2026,21000.000000,2925,OPTSTK,NFO,1.000000,87751,False
77014,BANKINDIA27OCT26137.5PE,BANKINDIA,27OCT2026,13750.000000,5200,OPTSTK,NFO,1.000000,156001,False
77021,BANKINDIA27OCT26142.5CE,BANKINDIA,27OCT2026,14250.000000,5200,OPTSTK,NFO,1.000000,156001,False
77024,GRASIM29SEP263700CE,GRASIM,29SEP2026,370000.000000,250,OPTSTK,NFO,5.000000,7501,False
77027,BANKINDIA27OCT26147.5CE,BANKINDIA,27OCT2026,14750.000000,5200,OPTSTK,NFO,1.000000,156001,False
77028,BANKINDIA27OCT26147.5PE,BANKINDIA,27OCT2026,14750.000000,5200,OPTSTK,NFO,1.000000,156001,False
77219,GRASIM27OCT263160CE,GRASIM,27OCT2026,316000.000000,250,OPTSTK,NFO,5.000000,7501,False
77309,GVT&D29SEP264900PE,GVT&D,29SEP2026,490000.000000,125,OPTSTK,NFO,5.000000,5001,False
77313,GVT&D29SEP265300PE,GVT&D,29SEP2026,530000.000000,125,OPTSTK,NFO,5.000000,5001,False
77348,BANKINDIA23NOV26125PE,BANKINDIA,23NOV2026,12500.000000,5200,OPTSTK,NFO,1.000000,156001,False
77369,GVT&D27OCT263600CE,GVT&D,27OCT2026,360000.000000,125,OPTSTK,NFO,5.000000,5001,False
77441,BDL27OCT261220PE,BDL,27OCT2026,122000.000000,425,OPTSTK,NFO,5.000000,17001,False
77446,BDL27OCT261340CE,BDL,27OCT2026,134000.000000,425,OPTSTK,NFO,5.000000,17001,False
77454,BDL27OCT261460CE,BDL,27OCT2026,146000.000000,425,OPTSTK,NFO,5.000000,17001,False
77499,HAL29SEP264450CE,HAL,29SEP2026,445000.000000,150,OPTSTK,NFO,5.000000,4501,False
77504,HAL29SEP264650PE,HAL,29SEP2026,465000.000000,150,OPTSTK,NFO,5.000000,4501,False
77602,HAL27OCT264200CE,HAL,27OCT2026,420000.000000,150,OPTSTK,NFO,5.000000,4501,False
77637,HAL27OCT265100CE,HAL,27OCT2026,510000.000000,150,OPTSTK,NFO,5.000000,4501,False
77643,HAL27OCT265400CE,HAL,27OCT2026,540000.000000,150,OPTSTK,NFO,5.000000,4501,False
77644,HAL27OCT265400PE,HAL,27OCT2026,540000.000000,150,OPTSTK,NFO,5.000000,4501,False
77673,360ONE29SEP261120PE,360ONE,29SEP2026,112000.000000,500,OPTSTK,NFO,5.000000,20001,False
77678,360ONE29SEP261200PE,360ONE,29SEP2026,120000.000000,500,OPTSTK,NFO,5.000000,20001,False
77701,HAVELLS29SEP261100CE,HAVELLS,29SEP2026,110000.000000,500,OPTSTK,NFO,5.000000,20001,False
77747,HAVELLS27OCT26960CE,HAVELLS,27OCT2026,96000.000000,500,OPTSTK,NFO,5.000000,20001,False
77858,HCLTECH29SEP261190CE,HCLTECH,29SEP2026,119000.000000,400,OPTSTK,NFO,5.000000,20001,False
77872,HCLTECH29SEP261310PE,HCLTECH,29SEP2026,131000.000000,400,OPTSTK,NFO,5.000000,20001,False
77873,HCLTECH29SEP261330CE,HCLTECH,29SEP2026,133000.000000,400,OPTSTK,NFO,5.000000,20001,False
77879,HCLTECH29SEP261390CE,HCLTECH,29SEP2026,139000.000000,400,OPTSTK,NFO,5.000000,20001,False
77887,HCLTECH29SEP261430PE,HCLTECH,29SEP2026,143000.000000,400,OPTSTK,NFO,5.000000,20001,False
78000,HCLTECH27OCT261120PE,HCLTECH,27OCT2026,112000.000000,400,OPTSTK,NFO,5.000000,20001,False
78004,HCLTECH27OCT261160PE,HCLTECH,27OCT2026,116000.000000,400,OPTSTK,NFO,5.000000,20001,False
78008,HCLTECH27OCT261200PE,HCLTECH,27OCT2026,120000.000000,400,OPTSTK,NFO,5.000000,20001,False
77913,ABB29SEP267800PE,ABB,29SEP2026,780000.000000,125,OPTSTK,NFO,5.000000,3751,False
78011,HCLTECH27OCT261240CE,HCLTECH,27OCT2026,124000.000000,400,OPTSTK,NFO,5.000000,20001,False
78016,HCLTECH27OCT261240PE,HCLTECH,27OCT2026,124000.000000,400,OPTSTK,NFO,5.000000,20001,False
78024,HCLTECH27OCT261320PE,HCLTECH,27OCT2026,132000.000000,400,OPTSTK,NFO,5.000000,20001,False
78031,HCLTECH27OCT261380CE,HCLTECH,27OCT2026,138000.000000,400,OPTSTK,NFO,5.000000,20001,False
78053,BEL27OCT26375CE,BEL,27OCT2026,37500.000000,1425,OPTSTK,NFO,5.000000,57001,False
78055,BEL27OCT26385CE,BEL,27OCT2026,38500.000000,1425,OPTSTK,NFO,5.000000,57001,False
78058,BEL27OCT26395PE,BEL,27OCT2026,39500.000000,1425,OPTSTK,NFO,5.000000,57001,False
78141,BEL27OCT26455CE,BEL,27OCT2026,45500.000000,1425,OPTSTK,NFO,5.000000,57001,False
78187,HDFCAMC27OCT262400PE,HDFCAMC,27OCT2026,240000.000000,300,OPTSTK,NFO,5.000000,9001,False
78192,BEL23NOV26340CE,BEL,23NOV2026,34000.000000,1425,OPTSTK,NFO,5.000000,57001,False
78195,HDFCAMC27OCT262500CE,HDFCAMC,27OCT2026,250000.000000,300,OPTSTK,NFO,5.000000,9001,False
78186,HDFCAMC27OCT262400CE,HDFCAMC,27OCT2026,240000.000000,300,OPTSTK,NFO,5.000000,9001,False
78360,ABCAPITAL29SEP26340CE,ABCAPITAL,29SEP2026,34000.000000,3100,OPTSTK,NFO,5.000000,62001,False
78204,BEL23NOV26370CE,BEL,23NOV2026,37000.000000,1425,OPTSTK,NFO,5.000000,57001,False
78287,HDFCBANK29SEP26630CE,HDFCBANK,29SEP2026,63000.000000,650,OPTSTK,NFO,5.000000,32501,False
78307,HDFCBANK29SEP26790CE,HDFCBANK,29SEP2026,79000.000000,650,OPTSTK,NFO,5.000000,32501,False
78430,HDFCBANK27OCT26760CE,HDFCBANK,27OCT2026,76000.000000,650,OPTSTK,NFO,5.000000,32501,False
78389,HDFCBANK27OCT26580CE,HDFCBANK,27OCT2026,58000.000000,650,OPTSTK,NFO,5.000000,32501,False
78408,HDFCBANK27OCT26640PE,HDFCBANK,27OCT2026,64000.000000,650,OPTSTK,NFO,5.000000,32501,False
78429,HDFCBANK27OCT26740PE,HDFCBANK,27OCT2026,74000.000000,650,OPTSTK,NFO,5.000000,32501,False
78431,HDFCBANK27OCT26760PE,HDFCBANK,27OCT2026,76000.000000,650,OPTSTK,NFO,5.000000,32501,False
78439,HDFCBANK27OCT26840PE,HDFCBANK,27OCT2026,84000.000000,650,OPTSTK,NFO,5.000000,32501,False
78458,ABCAPITAL29SEP26380PE,ABCAPITAL,29SEP2026,38000.000000,3100,OPTSTK,NFO,5.000000,62001,False
78462,ABCAPITAL29SEP26400CE,ABCAPITAL,29SEP2026,40000.000000,3100,OPTSTK,NFO,5.000000,62001,False
78463,ABCAPITAL29SEP26400PE,ABCAPITAL,29SEP2026,40000.000000,3100,OPTSTK,NFO,5.000000,62001,False
78465,ABCAPITAL29SEP26410PE,ABCAPITAL,29SEP2026,41000.000000,3100,OPTSTK,NFO,5.000000,62001,False
78492,ABCAPITAL29SEP26460PE,ABCAPITAL,29SEP2026,46000.000000,3100,OPTSTK,NFO,5.000000,62001,False
78493,ABCAPITAL29SEP26470CE,ABCAPITAL,29SEP2026,47000.000000,3100,OPTSTK,NFO,5.000000,62001,False
78501,BEL23NOV26420PE,BEL,23NOV2026,42000.000000,1425,OPTSTK,NFO,5.000000,57001,False
78513,BEL23NOV26440PE,BEL,23NOV2026,44000.000000,1425,OPTSTK,NFO,5.000000,57001,False
78518,BEL23NOV26460PE,BEL,23NOV2026,46000.000000,1425,OPTSTK,NFO,5.000000,57001,False
78586,HDFCLIFE29SEP26485PE,HDFCLIFE,29SEP2026,48500.000000,1100,OPTSTK,NFO,5.000000,44001,False
78597,HDFCLIFE29SEP26545CE,HDFCLIFE,29SEP2026,54500.000000,1100,OPTSTK,NFO,5.000000,44001,False
78610,HDFCLIFE29SEP26605PE,HDFCLIFE,29SEP2026,60500.000000,1100,OPTSTK,NFO,5.000000,44001,False
78669,HDFCLIFE27OCT26470CE,HDFCLIFE,27OCT2026,47000.000000,1100,OPTSTK,NFO,5.000000,44001,False
78672,HDFCLIFE27OCT26480PE,HDFCLIFE,27OCT2026,48000.000000,1100,OPTSTK,NFO,5.000000,44001,False
78726,HDFCLIFE27OCT26610CE,HDFCLIFE,27OCT2026,61000.000000,1100,OPTSTK,NFO,5.000000,44001,False
78673,HDFCLIFE27OCT26490CE,HDFCLIFE,27OCT2026,49000.000000,1100,OPTSTK,NFO,5.000000,44001,False
78678,HDFCLIFE27OCT26500PE,HDFCLIFE,27OCT2026,50000.000000,1100,OPTSTK,NFO,5.000000,44001,False
78696,BHARATFORG27OCT261820PE,BHARATFORG,27OCT2026,182000.000000,500,OPTSTK,NFO,5.000000,10001,False
78730,HDFCLIFE27OCT26620CE,HDFCLIFE,27OCT2026,62000.000000,1100,OPTSTK,NFO,5.000000,44001,False
78796,BHARATFORG27OCT261900CE,BHARATFORG,27OCT2026,190000.000000,500,OPTSTK,NFO,5.000000,10001,False
78811,BHARATFORG27OCT262060PE,BHARATFORG,27OCT2026,206000.000000,500,OPTSTK,NFO,5.000000,10001,False
78837,HEROMOTOCO29SEP264900PE,HEROMOTOCO,29SEP2026,490000.000000,150,OPTSTK,NFO,5.000000,4501,False
78900,BHARATFORG23NOV261920CE,BHARATFORG,23NOV2026,192000.000000,500,OPTSTK,NFO,5.000000,10001,False
78902,BHARATFORG23NOV261960CE,BHARATFORG,23NOV2026,196000.000000,500,OPTSTK,NFO,5.000000,10001,False
78953,HEROMOTOCO29SEP266300CE,HEROMOTOCO,29SEP2026,630000.000000,150,OPTSTK,NFO,5.000000,4501,False
78994,HEROMOTOCO27OCT264800PE,HEROMOTOCO,27OCT2026,480000.000000,150,OPTSTK,NFO,5.000000,4501,False
79020,HEROMOTOCO27OCT266200PE,HEROMOTOCO,27OCT2026,620000.000000,150,OPTSTK,NFO,5.000000,4501,False
79055,HINDALCO29SEP261020CE,HINDALCO,29SEP2026,102000.000000,700,OPTSTK,NFO,5.000000,21001,False
79187,BHARTIARTL27OCT262020CE,BHARTIARTL,27OCT2026,202000.000000,475,OPTSTK,NFO,5.000000,14251,False
79199,HINDPETRO29SEP26390.75CE,HINDPETRO,29SEP2026,39075.000000,2025,OPTSTK,NFO,5.000000,60751,False
79281,BHARTIARTL23NOV261800PE,BHARTIARTL,23NOV2026,180000.000000,475,OPTSTK,NFO,5.000000,14251,False
79284,BHARTIARTL23NOV261880CE,BHARTIARTL,23NOV2026,188000.000000,475,OPTSTK,NFO,5.000000,14251,False
79364,BHEL27OCT26375PE,BHEL,27OCT2026,37500.000000,2625,OPTSTK,NFO,5.000000,52501,False
79373,BHEL27OCT26425CE,BHEL,27OCT2026,42500.000000,2625,OPTSTK,NFO,5.000000,52501,False
79399,BHEL27OCT26495PE,BHEL,27OCT2026,49500.000000,2625,OPTSTK,NFO,5.000000,52501,False
79437,HINDUNILVR29SEP261700PE,HINDUNILVR,29SEP2026,170000.000000,300,OPTSTK,NFO,5.000000,12001,False
79445,HINDUNILVR29SEP261860PE,HINDUNILVR,29SEP2026,186000.000000,300,OPTSTK,NFO,5.000000,12001,False
79459,HINDUNILVR29SEP262100PE,HINDUNILVR,29SEP2026,210000.000000,300,OPTSTK,NFO,5.000000,12001,False
79461,HINDUNILVR29SEP262140PE,HINDUNILVR,29SEP2026,214000.000000,300,OPTSTK,NFO,5.000000,12001,False
79462,HINDUNILVR29SEP262180CE,HINDUNILVR,29SEP2026,218000.000000,300,OPTSTK,NFO,5.000000,12001,False
79467,HINDUNILVR29SEP262260PE,HINDUNILVR,29SEP2026,226000.000000,300,OPTSTK,NFO,5.000000,12001,False
79494,BHEL23NOV26380PE,BHEL,23NOV2026,38000.000000,2625,OPTSTK,NFO,5.000000,52501,False
79499,BHEL23NOV26410CE,BHEL,23NOV2026,41000.000000,2625,OPTSTK,NFO,5.000000,52501,False
79530,HINDUNILVR27OCT261680PE,HINDUNILVR,27OCT2026,168000.000000,300,OPTSTK,NFO,5.000000,12001,False
79544,HINDUNILVR27OCT261960PE,HINDUNILVR,27OCT2026,196000.000000,300,OPTSTK,NFO,5.000000,12001,False
79546,HINDUNILVR27OCT262000PE,HINDUNILVR,27OCT2026,200000.000000,300,OPTSTK,NFO,5.000000,12001,False
79556,HINDUNILVR27OCT262200PE,HINDUNILVR,27OCT2026,220000.000000,300,OPTSTK,NFO,5.000000,12001,False
79627,ADANIENSOL29SEP261320PE,ADANIENSOL,29SEP2026,132000.000000,675,OPTSTK,NFO,5.000000,13501,False
79629,ADANIENSOL29SEP261360PE,ADANIENSOL,29SEP2026,136000.000000,675,OPTSTK,NFO,5.000000,13501,False
79631,ADANIENSOL29SEP261400PE,ADANIENSOL,29SEP2026,140000.000000,675,OPTSTK,NFO,5.000000,13501,False
79638,BHEL23NOV26490CE,BHEL,23NOV2026,49000.000000,2625,OPTSTK,NFO,5.000000,52501,False
79700,HINDZINC29SEP26510PE,HINDZINC,29SEP2026,51000.000000,1225,OPTSTK,NFO,5.000000,36751,False
79704,HINDZINC29SEP26550PE,HINDZINC,29SEP2026,55000.000000,1225,OPTSTK,NFO,5.000000,36751,False
79705,HINDZINC29SEP26570CE,HINDZINC,29SEP2026,57000.000000,1225,OPTSTK,NFO,5.000000,36751,False
79713,HINDZINC29SEP26650CE,HINDZINC,29SEP2026,65000.000000,1225,OPTSTK,NFO,5.000000,36751,False
79729,HINDZINC29SEP26690PE,HINDZINC,29SEP2026,69000.000000,1225,OPTSTK,NFO,5.000000,36751,False
79751,HINDZINC27OCT26440PE,HINDZINC,27OCT2026,44000.000000,1225,OPTSTK,NFO,5.000000,36751,False
79760,HINDZINC27OCT26520CE,HINDZINC,27OCT2026,52000.000000,1225,OPTSTK,NFO,5.000000,36751,False
79768,HINDZINC27OCT26580CE,HINDZINC,27OCT2026,58000.000000,1225,OPTSTK,NFO,5.000000,36751,False
79803,HINDZINC27OCT26680PE,HINDZINC,27OCT2026,68000.000000,1225,OPTSTK,NFO,5.000000,36751,False
79805,HINDZINC27OCT26700PE,HINDZINC,27OCT2026,70000.000000,1225,OPTSTK,NFO,5.000000,36751,False
79886,BIOCON27OCT26435PE,BIOCON,27OCT2026,43500.000000,2500,OPTSTK,NFO,5.000000,50001,False
79900,HYUNDAI29SEP262300CE,HYUNDAI,29SEP2026,230000.000000,275,OPTSTK,NFO,5.000000,11001,False
79904,HYUNDAI29SEP262380CE,HYUNDAI,29SEP2026,238000.000000,275,OPTSTK,NFO,5.000000,11001,False
79906,HYUNDAI29SEP262420CE,HYUNDAI,29SEP2026,242000.000000,275,OPTSTK,NFO,5.000000,11001,False
79966,ADANIENSOL29SEP261800CE,ADANIENSOL,29SEP2026,180000.000000,675,OPTSTK,NFO,5.000000,13501,False
79974,HYUNDAI27OCT261880PE,HYUNDAI,27OCT2026,188000.000000,275,OPTSTK,NFO,5.000000,11001,False
79975,HYUNDAI27OCT261920CE,HYUNDAI,27OCT2026,192000.000000,275,OPTSTK,NFO,5.000000,11001,False
79976,HYUNDAI27OCT261920PE,HYUNDAI,27OCT2026,192000.000000,275,OPTSTK,NFO,5.000000,11001,False
79977,HYUNDAI27OCT261960CE,HYUNDAI,27OCT2026,196000.000000,275,OPTSTK,NFO,5.000000,11001,False
80000,HYUNDAI27OCT262160CE,HYUNDAI,27OCT2026,216000.000000,275,OPTSTK,NFO,5.000000,11001,False
80055,BIOCON23NOV26360PE,BIOCON,23NOV2026,36000.000000,2500,OPTSTK,NFO,5.000000,50001,False
80065,BIOCON23NOV26410PE,BIOCON,23NOV2026,41000.000000,2500,OPTSTK,NFO,5.000000,50001,False
80082,HYUNDAI27OCT262520CE,HYUNDAI,27OCT2026,252000.000000,275,OPTSTK,NFO,5.000000,11001,False
80083,HYUNDAI27OCT262520PE,HYUNDAI,27OCT2026,252000.000000,275,OPTSTK,NFO,5.000000,11001,False
80085,HYUNDAI27OCT262560PE,HYUNDAI,27OCT2026,256000.000000,275,OPTSTK,NFO,5.000000,11001,False
80135,ICICIBANK29SEP261270CE,ICICIBANK,29SEP2026,127000.000000,700,OPTSTK,NFO,5.000000,21001,False
80191,NIFTY30MAR2716500PE,NIFTY,30MAR2027,1650000.000000,65,OPTIDX,NFO,5.000000,1801,False
80232,BLUESTARCO27OCT261380CE,BLUESTARCO,27OCT2026,138000.000000,325,OPTSTK,NFO,5.000000,13001,False
80234,BLUESTARCO27OCT261420CE,BLUESTARCO,27OCT2026,142000.000000,325,OPTSTK,NFO,5.000000,13001,False
80235,BLUESTARCO27OCT261420PE,BLUESTARCO,27OCT2026,142000.000000,325,OPTSTK,NFO,5.000000,13001,False
80243,ICICIBANK29SEP261330PE,ICICIBANK,29SEP2026,133000.000000,700,OPTSTK,NFO,5.000000,21001,False
80249,NIFTY30MAR2719500CE,NIFTY,30MAR2027,1950000.000000,65,OPTIDX,NFO,5.000000,1801,False
80273,NIFTY30MAR2724000PE,NIFTY,30MAR2027,2400000.000000,65,OPTIDX,NFO,5.000000,1801,False
80274,NIFTY30MAR2725500CE,NIFTY,30MAR2027,2550000.000000,65,OPTIDX,NFO,5.000000,1801,False
80303,BLUESTARCO27OCT261700CE,BLUESTARCO,27OCT2026,170000.000000,325,OPTSTK,NFO,5.000000,13001,False
80430,ADANIENT29SEP263200CE,ADANIENT,29SEP2026,320000.000000,309,OPTSTK,NFO,5.000000,9271,False
80463,ICICIBANK29SEP261450PE,ICICIBANK,29SEP2026,145000.000000,700,OPTSTK,NFO,5.000000,21001,False
80469,ICICIBANK29SEP261490PE,ICICIBANK,29SEP2026,149000.000000,700,OPTSTK,NFO,5.000000,21001,False
80470,ICICIBANK29SEP261510CE,ICICIBANK,29SEP2026,151000.000000,700,OPTSTK,NFO,5.000000,21001,False
80476,ICICIBANK29SEP261570CE,ICICIBANK,29SEP2026,157000.000000,700,OPTSTK,NFO,5.000000,21001,False
80493,BLUESTARCO23NOV261280CE,BLUESTARCO,23NOV2026,128000.000000,325,OPTSTK,NFO,5.000000,13001,False
80502,BLUESTARCO23NOV261440PE,BLUESTARCO,23NOV2026,144000.000000,325,OPTSTK,NFO,5.000000,13001,False
80505,BLUESTARCO23NOV261520CE,BLUESTARCO,23NOV2026,152000.000000,325,OPTSTK,NFO,5.000000,13001,False
80554,BLUESTARCO23NOV261720CE,BLUESTARCO,23NOV2026,172000.000000,325,OPTSTK,NFO,5.000000,13001,False
80555,BLUESTARCO23NOV261720PE,BLUESTARCO,23NOV2026,172000.000000,325,OPTSTK,NFO,5.000000,13001,False
80591,ICICIBANK27OCT261260CE,ICICIBANK,27OCT2026,126000.000000,700,OPTSTK,NFO,5.000000,21001,False
80633,ICICIBANK27OCT261520PE,ICICIBANK,27OCT2026,152000.000000,700,OPTSTK,NFO,5.000000,21001,False
80650,BOSCHLTD27OCT2645500PE,BOSCHLTD,27OCT2026,4550000.000000,25,OPTSTK,NFO,5.000000,501,False
80702,BOSCHLTD27OCT2650500CE,BOSCHLTD,27OCT2026,5050000.000000,25,OPTSTK,NFO,5.000000,501,False
80750,ADANIGREEN29SEP26960CE,ADANIGREEN,29SEP2026,96000.000000,600,OPTSTK,NFO,5.000000,18001,False
80756,ICICIGI29SEP261380CE,ICICIGI,29SEP2026,138000.000000,325,OPTSTK,NFO,5.000000,13001,False
80761,ADANIGREEN29SEP261040PE,ADANIGREEN,29SEP2026,104000.000000,600,OPTSTK,NFO,5.000000,18001,False
80775,ICICIGI29SEP261580PE,ICICIGI,29SEP2026,158000.000000,325,OPTSTK,NFO,5.000000,13001,False
80776,ICICIGI29SEP261620CE,ICICIGI,29SEP2026,162000.000000,325,OPTSTK,NFO,5.000000,13001,False
80813,ICICIGI29SEP261740PE,ICICIGI,29SEP2026,174000.000000,325,OPTSTK,NFO,5.000000,13001,False
80820,BOSCHLTD23NOV2642000PE,BOSCHLTD,23NOV2026,4200000.000000,25,OPTSTK,NFO,5.000000,501,False
80823,ICICIGI29SEP261780PE,ICICIGI,29SEP2026,178000.000000,325,OPTSTK,NFO,5.000000,13001,False
80824,BOSCHLTD23NOV2643000PE,BOSCHLTD,23NOV2026,4300000.000000,25,OPTSTK,NFO,5.000000,501,False
80825,BOSCHLTD23NOV2644000CE,BOSCHLTD,23NOV2026,4400000.000000,25,OPTSTK,NFO,5.000000,501,False
80834,ADANIGREEN29SEP261240CE,ADANIGREEN,29SEP2026,124000.000000,600,OPTSTK,NFO,5.000000,18001,False
80893,BOSCHLTD23NOV2649000PE,BOSCHLTD,23NOV2026,4900000.000000,25,OPTSTK,NFO,5.000000,501,False
80900,ICICIGI27OCT261320PE,ICICIGI,27OCT2026,132000.000000,325,OPTSTK,NFO,5.000000,13001,False
80895,BOSCHLTD23NOV2650000PE,BOSCHLTD,23NOV2026,5000000.000000,25,OPTSTK,NFO,5.000000,501,False
80913,ICICIGI27OCT261560CE,ICICIGI,27OCT2026,156000.000000,325,OPTSTK,NFO,5.000000,13001,False
80917,ICICIGI27OCT261640CE,ICICIGI,27OCT2026,164000.000000,325,OPTSTK,NFO,5.000000,13001,False
80922,ICICIGI27OCT261720PE,ICICIGI,27OCT2026,172000.000000,325,OPTSTK,NFO,5.000000,13001,False
80925,ICICIGI27OCT261800CE,ICICIGI,27OCT2026,180000.000000,325,OPTSTK,NFO,5.000000,13001,False
80966,BOSCHLTD23NOV2654000PE,BOSCHLTD,23NOV2026,5400000.000000,25,OPTSTK,NFO,5.000000,501,False
80975,ICICIPRULI29SEP26425CE,ICICIPRULI,29SEP2026,42500.000000,925,OPTSTK,NFO,5.000000,46251,False
81007,ICICIPRULI29SEP26485PE,ICICIPRULI,29SEP2026,48500.000000,925,OPTSTK,NFO,5.000000,46251,False
81012,ICICIPRULI29SEP26515CE,ICICIPRULI,29SEP2026,51500.000000,925,OPTSTK,NFO,5.000000,46251,False
81016,ICICIPRULI29SEP26535CE,ICICIPRULI,29SEP2026,53500.000000,925,OPTSTK,NFO,5.000000,46251,False
81138,ICICIPRULI27OCT26410PE,ICICIPRULI,27OCT2026,41000.000000,925,OPTSTK,NFO,5.000000,46251,False
81139,ICICIPRULI27OCT26420CE,ICICIPRULI,27OCT2026,42000.000000,925,OPTSTK,NFO,5.000000,46251,False
81175,ICICIPRULI27OCT26540PE,ICICIPRULI,27OCT2026,54000.000000,925,OPTSTK,NFO,5.000000,46251,False
81190,ICICIPRULI27OCT26570PE,ICICIPRULI,27OCT2026,57000.000000,925,OPTSTK,NFO,5.000000,46251,False
81247,IDEA29SEP2617CE,IDEA,29SEP2026,1700.000000,71475,OPTSTK,NFO,1.000000,1429501,False
81249,IDEA29SEP2619CE,IDEA,29SEP2026,1900.000000,71475,OPTSTK,NFO,1.000000,1429501,False
81283,IDEA27OCT2612CE,IDEA,27OCT2026,1200.000000,71475,OPTSTK,NFO,1.000000,1429501,False
81295,IDEA27OCT2616CE,IDEA,27OCT2026,1600.000000,71475,OPTSTK,NFO,1.000000,1429501,False
81296,IDEA27OCT2616PE,IDEA,27OCT2026,1600.000000,71475,OPTSTK,NFO,1.000000,1429501,False
81325,ADANIPORTS29SEP261400CE,ADANIPORTS,29SEP2026,140000.000000,475,OPTSTK,NFO,5.000000,14251,False
81330,ADANIPORTS29SEP261400PE,ADANIPORTS,29SEP2026,140000.000000,475,OPTSTK,NFO,5.000000,14251,False
81366,IDFCFIRSTB29SEP2685CE,IDFCFIRSTB,29SEP2026,8500.000000,9275,OPTSTK,NFO,1.000000,278251,False
81370,IDFCFIRSTB29SEP2689CE,IDFCFIRSTB,29SEP2026,8900.000000,9275,OPTSTK,NFO,1.000000,278251,False
81374,IDFCFIRSTB29SEP2693CE,IDFCFIRSTB,29SEP2026,9300.000000,9275,OPTSTK,NFO,1.000000,278251,False
81389,ADANIPORTS29SEP261680PE,ADANIPORTS,29SEP2026,168000.000000,475,OPTSTK,NFO,5.000000,14251,False
81392,ADANIPORTS29SEP261760CE,ADANIPORTS,29SEP2026,176000.000000,475,OPTSTK,NFO,5.000000,14251,False
81397,ADANIPORTS29SEP261800CE,ADANIPORTS,29SEP2026,180000.000000,475,OPTSTK,NFO,5.000000,14251,False
81398,ADANIPORTS29SEP261800PE,ADANIPORTS,29SEP2026,180000.000000,475,OPTSTK,NFO,5.000000,14251,False
81406,ADANIPORTS29SEP261960PE,ADANIPORTS,29SEP2026,196000.000000,475,OPTSTK,NFO,5.000000,14251,False
81410,ADANIPORTS29SEP262040PE,ADANIPORTS,29SEP2026,204000.000000,475,OPTSTK,NFO,5.000000,14251,False
81482,BPCL23NOV26300CE,BPCL,23NOV2026,30000.000000,1975,OPTSTK,NFO,5.000000,79001,False
81489,BPCL23NOV26320PE,BPCL,23NOV2026,32000.000000,1975,OPTSTK,NFO,5.000000,79001,False
81492,BPCL23NOV26330PE,BPCL,23NOV2026,33000.000000,1975,OPTSTK,NFO,5.000000,79001,False
81577,BRITANNIA27OCT264650PE,BRITANNIA,27OCT2026,465000.000000,125,OPTSTK,NFO,5.000000,5001,False
81582,BRITANNIA27OCT264850CE,BRITANNIA,27OCT2026,485000.000000,125,OPTSTK,NFO,5.000000,5001,False
81589,BRITANNIA27OCT265050PE,BRITANNIA,27OCT2026,505000.000000,125,OPTSTK,NFO,5.000000,5001,False
81593,BRITANNIA27OCT265150PE,BRITANNIA,27OCT2026,515000.000000,125,OPTSTK,NFO,5.000000,5001,False
81597,ADANIPOWER29SEP26200CE,ADANIPOWER,29SEP2026,20000.000000,3550,OPTSTK,NFO,1.000000,106501,False
81644,IEX29SEP26127.5PE,IEX,29SEP2026,12750.000000,4350,OPTSTK,NFO,1.000000,174001,False
81645,IEX29SEP26132.5CE,IEX,29SEP2026,13250.000000,4350,OPTSTK,NFO,1.000000,174001,False
81670,BRITANNIA27OCT265450CE,BRITANNIA,27OCT2026,545000.000000,125,OPTSTK,NFO,5.000000,5001,False
81675,IEX27OCT26100CE,IEX,27OCT2026,10000.000000,4350,OPTSTK,NFO,1.000000,174001,False
81677,BRITANNIA27OCT265550CE,BRITANNIA,27OCT2026,555000.000000,125,OPTSTK,NFO,5.000000,5001,False
81698,BRITANNIA27OCT265750CE,BRITANNIA,27OCT2026,575000.000000,125,OPTSTK,NFO,5.000000,5001,False
81720,IEX27OCT26115PE,IEX,27OCT2026,11500.000000,4350,OPTSTK,NFO,1.000000,174001,False
81818,INDHOTEL29SEP26810PE,INDHOTEL,29SEP2026,81000.000000,1000,OPTSTK,NFO,5.000000,30001,False
81809,INDHOTEL29SEP26730CE,INDHOTEL,29SEP2026,73000.000000,1000,OPTSTK,NFO,5.000000,30001,False
81814,INDHOTEL29SEP26770PE,INDHOTEL,29SEP2026,77000.000000,1000,OPTSTK,NFO,5.000000,30001,False
81817,INDHOTEL29SEP26810CE,INDHOTEL,29SEP2026,81000.000000,1000,OPTSTK,NFO,5.000000,30001,False
81899,INDHOTEL27OCT26600CE,INDHOTEL,27OCT2026,60000.000000,1000,OPTSTK,NFO,5.000000,30001,False
81905,INDHOTEL27OCT26660CE,INDHOTEL,27OCT2026,66000.000000,1000,OPTSTK,NFO,5.000000,30001,False
81907,INDHOTEL27OCT26680CE,INDHOTEL,27OCT2026,68000.000000,1000,OPTSTK,NFO,5.000000,30001,False
81920,INDHOTEL27OCT26780PE,INDHOTEL,27OCT2026,78000.000000,1000,OPTSTK,NFO,5.000000,30001,False
81921,INDHOTEL27OCT26800CE,INDHOTEL,27OCT2026,80000.000000,1000,OPTSTK,NFO,5.000000,30001,False
81952,INDHOTEL27OCT26840CE,INDHOTEL,27OCT2026,84000.000000,1000,OPTSTK,NFO,5.000000,30001,False
82032,INDIANB29SEP26850PE,INDIANB,29SEP2026,85000.000000,1000,OPTSTK,NFO,5.000000,30001,False
82074,BRITANNIA23NOV264500PE,BRITANNIA,23NOV2026,450000.000000,125,OPTSTK,NFO,5.000000,5001,False
82156,INDIANB27OCT26840PE,INDIANB,27OCT2026,84000.000000,1000,OPTSTK,NFO,5.000000,30001,False
82157,INDIANB27OCT26860CE,INDIANB,27OCT2026,86000.000000,1000,OPTSTK,NFO,5.000000,30001,False
82165,BRITANNIA23NOV265100CE,BRITANNIA,23NOV2026,510000.000000,125,OPTSTK,NFO,5.000000,5001,False
82180,INDIANB27OCT26980PE,INDIANB,27OCT2026,98000.000000,1000,OPTSTK,NFO,5.000000,30001,False
82189,BRITANNIA23NOV265300CE,BRITANNIA,23NOV2026,530000.000000,125,OPTSTK,NFO,5.000000,5001,False
82195,BRITANNIA23NOV265500PE,BRITANNIA,23NOV2026,550000.000000,125,OPTSTK,NFO,5.000000,5001,False
82232,INDIGO29SEP264900PE,INDIGO,29SEP2026,490000.000000,150,OPTSTK,NFO,5.000000,4501,False
82226,ALKEM29SEP264500CE,ALKEM,29SEP2026,450000.000000,125,OPTSTK,NFO,5.000000,5001,False
82237,ALKEM29SEP264800PE,ALKEM,29SEP2026,480000.000000,125,OPTSTK,NFO,5.000000,5001,False
82244,ALKEM29SEP265000CE,ALKEM,29SEP2026,500000.000000,125,OPTSTK,NFO,5.000000,5001,False
82292,ALKEM29SEP265400PE,ALKEM,29SEP2026,540000.000000,125,OPTSTK,NFO,5.000000,5001,False
82300,ALKEM29SEP265800PE,ALKEM,29SEP2026,580000.000000,125,OPTSTK,NFO,5.000000,5001,False
82322,ALKEM29SEP266300CE,ALKEM,29SEP2026,630000.000000,125,OPTSTK,NFO,5.000000,5001,False
82329,ALKEM29SEP266600PE,ALKEM,29SEP2026,660000.000000,125,OPTSTK,NFO,5.000000,5001,False
82387,BSE27OCT263500PE,BSE,27OCT2026,350000.000000,200,OPTSTK,NFO,5.000000,6001,False
82389,BSE27OCT263700PE,BSE,27OCT2026,370000.000000,200,OPTSTK,NFO,5.000000,6001,False
82486,INDUSINDBK29SEP261090PE,INDUSINDBK,29SEP2026,109000.000000,700,OPTSTK,NFO,5.000000,28001,False
82493,BSE23NOV262600CE,BSE,23NOV2026,260000.000000,200,OPTSTK,NFO,5.000000,6001,False
82498,BSE23NOV263000PE,BSE,23NOV2026,300000.000000,200,OPTSTK,NFO,5.000000,6001,False
82504,BSE23NOV263600PE,BSE,23NOV2026,360000.000000,200,OPTSTK,NFO,5.000000,6001,False
82544,CAMS27OCT26650PE,CAMS,27OCT2026,65000.000000,825,OPTSTK,NFO,5.000000,33001,False
82545,CAMS27OCT26670CE,CAMS,27OCT2026,67000.000000,825,OPTSTK,NFO,5.000000,33001,False
82591,CAMS27OCT26790CE,CAMS,27OCT2026,79000.000000,825,OPTSTK,NFO,5.000000,33001,False
82599,CAMS27OCT26850PE,CAMS,27OCT2026,85000.000000,825,OPTSTK,NFO,5.000000,33001,False
82679,INDUSINDBK27OCT26900CE,INDUSINDBK,27OCT2026,90000.000000,700,OPTSTK,NFO,5.000000,28001,False
82730,CAMS23NOV26720PE,CAMS,23NOV2026,72000.000000,825,OPTSTK,NFO,5.000000,33001,False
82742,CAMS23NOV26840PE,CAMS,23NOV2026,84000.000000,825,OPTSTK,NFO,5.000000,33001,False
82753,CAMS23NOV26860CE,CAMS,23NOV2026,86000.000000,825,OPTSTK,NFO,5.000000,33001,False
82768,INDUSINDBK27OCT261020PE,INDUSINDBK,27OCT2026,102000.000000,700,OPTSTK,NFO,5.000000,28001,False
82769,INDUSINDBK27OCT261040CE,INDUSINDBK,27OCT2026,104000.000000,700,OPTSTK,NFO,5.000000,28001,False
82844,AMBER29SEP266800CE,AMBER,29SEP2026,680000.000000,100,OPTSTK,NFO,5.000000,3001,False
83008,INDUSTOWER29SEP26341PE,INDUSTOWER,29SEP2026,34100.000000,1700,OPTSTK,NFO,5.000000,68001,False
83040,CANBK23NOV26100PE,CANBK,23NOV2026,10000.000000,6750,OPTSTK,NFO,1.000000,202501,False
83043,CANBK23NOV26110CE,CANBK,23NOV2026,11000.000000,6750,OPTSTK,NFO,1.000000,202501,False
83044,CANBK23NOV26110PE,CANBK,23NOV2026,11000.000000,6750,OPTSTK,NFO,1.000000,202501,False
83049,INDUSTOWER29SEP26361PE,INDUSTOWER,29SEP2026,36100.000000,1700,OPTSTK,NFO,5.000000,68001,False
83058,INDUSTOWER29SEP26391PE,INDUSTOWER,29SEP2026,39100.000000,1700,OPTSTK,NFO,5.000000,68001,False
83111,CDSL27OCT261260CE,CDSL,27OCT2026,126000.000000,475,OPTSTK,NFO,5.000000,19001,False
83120,CDSL27OCT261420PE,CDSL,27OCT2026,142000.000000,475,OPTSTK,NFO,5.000000,19001,False
83125,CDSL27OCT261540CE,CDSL,27OCT2026,154000.000000,475,OPTSTK,NFO,5.000000,19001,False
51541,NIFTY27OCT2627200PE,NIFTY,27OCT2026,2720000.000000,65,OPTIDX,NFO,5.000000,1801,False
51775,NIFTYNXT5027OCT2662000PE,NIFTYNXT50,27OCT2026,6200000.000000,25,OPTIDX,NFO,5.000000,601,False
51848,NIFTYNXT5027OCT2664200PE,NIFTYNXT50,27OCT2026,6420000.000000,25,OPTIDX,NFO,5.000000,601,False
51853,NIFTYNXT5027OCT2664300CE,NIFTYNXT50,27OCT2026,6430000.000000,25,OPTIDX,NFO,5.000000,601,False
51882,NIFTYNXT5027OCT2665200PE,NIFTYNXT50,27OCT2026,6520000.000000,25,OPTIDX,NFO,5.000000,601,False
51883,NIFTYNXT5027OCT2665300CE,NIFTYNXT50,27OCT2026,6530000.000000,25,OPTIDX,NFO,5.000000,601,False
51905,NIFTYNXT5027OCT2665900CE,NIFTYNXT50,27OCT2026,6590000.000000,25,OPTIDX,NFO,5.000000,601,False
51911,NIFTYNXT5027OCT2666200CE,NIFTYNXT50,27OCT2026,6620000.000000,25,OPTIDX,NFO,5.000000,601,False
51913,NIFTYNXT5027OCT2666300CE,NIFTYNXT50,27OCT2026,6630000.000000,25,OPTIDX,NFO,5.000000,601,False
51915,NIFTYNXT5027OCT2666400CE,NIFTYNXT50,27OCT2026,6640000.000000,25,OPTIDX,NFO,5.000000,601,False
51922,NIFTYNXT5027OCT2666700PE,NIFTYNXT50,27OCT2026,6670000.000000,25,OPTIDX,NFO,5.000000,601,False
51933,NIFTYNXT5027OCT2667300CE,NIFTYNXT50,27OCT2026,6730000.000000,25,OPTIDX,NFO,5.000000,601,False
51988,NIFTYNXT5027OCT2668900PE,NIFTYNXT50,27OCT2026,6890000.000000,25,OPTIDX,NFO,5.000000,601,False
52012,NIFTYNXT5027OCT2669800PE,NIFTYNXT50,27OCT2026,6980000.000000,25,OPTIDX,NFO,5.000000,601,False
52032,NIFTYNXT5027OCT2670400PE,NIFTYNXT50,27OCT2026,7040000.000000,25,OPTIDX,NFO,5.000000,601,False
52060,NIFTYNXT5027OCT2670900PE,NIFTYNXT50,27OCT2026,7090000.000000,25,OPTIDX,NFO,5.000000,601,False
52072,NIFTYNXT5027OCT2671500PE,NIFTYNXT50,27OCT2026,7150000.000000,25,OPTIDX,NFO,5.000000,601,False
52084,NIFTYNXT5027OCT2672000PE,NIFTYNXT50,27OCT2026,7200000.000000,25,OPTIDX,NFO,5.000000,601,False
52087,NIFTYNXT5027OCT2672200CE,NIFTYNXT50,27OCT2026,7220000.000000,25,OPTIDX,NFO,5.000000,601,False
52123,NIFTYNXT5027OCT2672600PE,NIFTYNXT50,27OCT2026,7260000.000000,25,OPTIDX,NFO,5.000000,601,False
52144,NIFTYNXT5027OCT2673400PE,NIFTYNXT50,27OCT2026,7340000.000000,25,OPTIDX,NFO,5.000000,601,False
52154,NIFTYNXT5027OCT2673600PE,NIFTYNXT50,27OCT2026,7360000.000000,25,OPTIDX,NFO,5.000000,601,False
52155,NIFTYNXT5027OCT2673700CE,NIFTYNXT50,27OCT2026,7370000.000000,25,OPTIDX,NFO,5.000000,601,False
52157,NIFTYNXT5027OCT2673800CE,NIFTYNXT50,27OCT2026,7380000.000000,25,OPTIDX,NFO,5.000000,601,False
52161,NIFTYNXT5027OCT2674000CE,NIFTYNXT50,27OCT2026,7400000.000000,25,OPTIDX,NFO,5.000000,601,False
52162,NIFTYNXT5027OCT2674000PE,NIFTYNXT50,27OCT2026,7400000.000000,25,OPTIDX,NFO,5.000000,601,False
52170,NIFTYNXT5027OCT2674400PE,NIFTYNXT50,27OCT2026,7440000.000000,25,OPTIDX,NFO,5.000000,601,False
52176,NIFTYNXT5027OCT2674700PE,NIFTYNXT50,27OCT2026,7470000.000000,25,OPTIDX,NFO,5.000000,601,False
52186,NIFTYNXT5027OCT2675200PE,NIFTYNXT50,27OCT2026,7520000.000000,25,OPTIDX,NFO,5.000000,601,False
52194,NIFTYNXT5027OCT2675600PE,NIFTYNXT50,27OCT2026,7560000.000000,25,OPTIDX,NFO,5.000000,601,False
52216,NIFTYNXT5027OCT2676600CE,NIFTYNXT50,27OCT2026,7660000.000000,25,OPTIDX,NFO,5.000000,601,False
52217,NIFTYNXT5027OCT2676600PE,NIFTYNXT50,27OCT2026,7660000.000000,25,OPTIDX,NFO,5.000000,601,False
52219,NIFTYNXT5027OCT2676700PE,NIFTYNXT50,27OCT2026,7670000.000000,25,OPTIDX,NFO,5.000000,601,False
52227,NIFTYNXT5027OCT2677100PE,NIFTYNXT50,27OCT2026,7710000.000000,25,OPTIDX,NFO,5.000000,601,False
52231,NIFTYNXT5027OCT2677300PE,NIFTYNXT50,27OCT2026,7730000.000000,25,OPTIDX,NFO,5.000000,601,False
52243,NIFTYNXT5027OCT2677900PE,NIFTYNXT50,27OCT2026,7790000.000000,25,OPTIDX,NFO,5.000000,601,False
52248,NIFTYNXT5027OCT2678200CE,NIFTYNXT50,27OCT2026,7820000.000000,25,OPTIDX,NFO,5.000000,601,False
52269,BANKNIFTY29SEP2645000PE,BANKNIFTY,29SEP2026,4500000.000000,30,OPTIDX,NFO,5.000000,601,False
52274,NIFTYNXT5027OCT2678600CE,NIFTYNXT50,27OCT2026,7860000.000000,25,OPTIDX,NFO,5.000000,601,False
52303,NIFTYNXT5027OCT2679300PE,NIFTYNXT50,27OCT2026,7930000.000000,25,OPTIDX,NFO,5.000000,601,False
52314,NIFTYNXT5027OCT2679900CE,NIFTYNXT50,27OCT2026,7990000.000000,25,OPTIDX,NFO,5.000000,601,False
52315,NIFTYNXT5027OCT2679900PE,NIFTYNXT50,27OCT2026,7990000.000000,25,OPTIDX,NFO,5.000000,601,False
52327,NIFTYNXT5027OCT2680400PE,NIFTYNXT50,27OCT2026,8040000.000000,25,OPTIDX,NFO,5.000000,601,False
52332,NIFTYNXT5027OCT2680700CE,NIFTYNXT50,27OCT2026,8070000.000000,25,OPTIDX,NFO,5.000000,601,False
52336,NIFTYNXT5027OCT2680800CE,NIFTYNXT50,27OCT2026,8080000.000000,25,OPTIDX,NFO,5.000000,601,False
52338,NIFTYNXT5027OCT2680900CE,NIFTYNXT50,27OCT2026,8090000.000000,25,OPTIDX,NFO,5.000000,601,False
52426,BANKNIFTY29SEP2667500CE,BANKNIFTY,29SEP2026,6750000.000000,30,OPTIDX,NFO,5.000000,601,False
52647,360ONE29SEP261100PE,360ONE,29SEP2026,110000.000000,500,OPTSTK,NFO,5.000000,20001,False
52651,360ONE29SEP261180PE,360ONE,29SEP2026,118000.000000,500,OPTSTK,NFO,5.000000,20001,False
52702,360ONE27OCT261200CE,360ONE,27OCT2026,120000.000000,500,OPTSTK,NFO,5.000000,20001,False
52817,ABB29SEP267300PE,ABB,29SEP2026,730000.000000,125,OPTSTK,NFO,5.000000,3751,False
52908,ABB27OCT268600CE,ABB,27OCT2026,860000.000000,125,OPTSTK,NFO,5.000000,3751,False
52977,ABCAPITAL29SEP26435PE,ABCAPITAL,29SEP2026,43500.000000,3100,OPTSTK,NFO,5.000000,62001,False
52989,ABCAPITAL29SEP26485CE,ABCAPITAL,29SEP2026,48500.000000,3100,OPTSTK,NFO,5.000000,62001,False
53043,ABCAPITAL27OCT26410CE,ABCAPITAL,27OCT2026,41000.000000,3100,OPTSTK,NFO,5.000000,62001,False
53048,ABCAPITAL27OCT26430PE,ABCAPITAL,27OCT2026,43000.000000,3100,OPTSTK,NFO,5.000000,62001,False
53051,ABCAPITAL27OCT26450CE,ABCAPITAL,27OCT2026,45000.000000,3100,OPTSTK,NFO,5.000000,62001,False
53056,ABCAPITAL27OCT26460PE,ABCAPITAL,27OCT2026,46000.000000,3100,OPTSTK,NFO,5.000000,62001,False
53100,ADANIENSOL29SEP261380PE,ADANIENSOL,29SEP2026,138000.000000,675,OPTSTK,NFO,5.000000,13501,False
53104,ADANIENSOL29SEP261420PE,ADANIENSOL,29SEP2026,142000.000000,675,OPTSTK,NFO,5.000000,13501,False
53115,ADANIENSOL29SEP261500CE,ADANIENSOL,29SEP2026,150000.000000,675,OPTSTK,NFO,5.000000,13501,False
53121,ADANIENSOL29SEP261620CE,ADANIENSOL,29SEP2026,162000.000000,675,OPTSTK,NFO,5.000000,13501,False
53122,ADANIENSOL29SEP261620PE,ADANIENSOL,29SEP2026,162000.000000,675,OPTSTK,NFO,5.000000,13501,False
53135,ADANIENSOL29SEP261780CE,ADANIENSOL,29SEP2026,178000.000000,675,OPTSTK,NFO,5.000000,13501,False
53177,ADANIENSOL27OCT261120CE,ADANIENSOL,27OCT2026,112000.000000,675,OPTSTK,NFO,5.000000,13501,False
53181,ADANIENSOL27OCT261200CE,ADANIENSOL,27OCT2026,120000.000000,675,OPTSTK,NFO,5.000000,13501,False
53191,ADANIENSOL27OCT261280CE,ADANIENSOL,27OCT2026,128000.000000,675,OPTSTK,NFO,5.000000,13501,False
53227,BANKNIFTY29DEC2655500PE,BANKNIFTY,29DEC2026,5550000.000000,30,OPTIDX,NFO,5.000000,601,False
53232,ADANIENSOL27OCT261480CE,ADANIENSOL,27OCT2026,148000.000000,675,OPTSTK,NFO,5.000000,13501,False
53360,ADANIENT29SEP263050CE,ADANIENT,29SEP2026,305000.000000,309,OPTSTK,NFO,5.000000,9271,False
53405,ADANIENT27OCT262500PE,ADANIENT,27OCT2026,250000.000000,309,OPTSTK,NFO,5.000000,9271,False
53407,ADANIENT27OCT262600PE,ADANIENT,27OCT2026,260000.000000,309,OPTSTK,NFO,5.000000,9271,False
53418,ADANIENT27OCT263100CE,ADANIENT,27OCT2026,310000.000000,309,OPTSTK,NFO,5.000000,9271,False
53420,ADANIENT27OCT263200CE,ADANIENT,27OCT2026,320000.000000,309,OPTSTK,NFO,5.000000,9271,False
53424,ADANIENT27OCT263400CE,ADANIENT,27OCT2026,340000.000000,309,OPTSTK,NFO,5.000000,9271,False
53457,ADANIGREEN29SEP261100CE,ADANIGREEN,29SEP2026,110000.000000,600,OPTSTK,NFO,5.000000,18001,False
53484,ADANIGREEN29SEP261540CE,ADANIGREEN,29SEP2026,154000.000000,600,OPTSTK,NFO,5.000000,18001,False
53485,ADANIGREEN29SEP261540PE,ADANIGREEN,29SEP2026,154000.000000,600,OPTSTK,NFO,5.000000,18001,False
53522,ADANIGREEN27OCT261000CE,ADANIGREEN,27OCT2026,100000.000000,600,OPTSTK,NFO,5.000000,18001,False
53528,ADANIGREEN27OCT261080CE,ADANIGREEN,27OCT2026,108000.000000,600,OPTSTK,NFO,5.000000,18001,False
53530,ADANIGREEN27OCT261120CE,ADANIGREEN,27OCT2026,112000.000000,600,OPTSTK,NFO,5.000000,18001,False
53534,ADANIGREEN27OCT261200CE,ADANIGREEN,27OCT2026,120000.000000,600,OPTSTK,NFO,5.000000,18001,False
53547,ADANIGREEN27OCT261400PE,ADANIGREEN,27OCT2026,140000.000000,600,OPTSTK,NFO,5.000000,18001,False
53611,NIFTY28DEC2720000PE,NIFTY,28DEC2027,2000000.000000,65,OPTIDX,NFO,5.000000,1801,False
53615,NIFTY28DEC2721000PE,NIFTY,28DEC2027,2100000.000000,65,OPTIDX,NFO,5.000000,1801,False
53618,ADANIPORTS29SEP261660CE,ADANIPORTS,29SEP2026,166000.000000,475,OPTSTK,NFO,5.000000,14251,False
53619,NIFTY28DEC2723000PE,NIFTY,28DEC2027,2300000.000000,65,OPTIDX,NFO,5.000000,1801,False
53621,ADANIPORTS29SEP261700CE,ADANIPORTS,29SEP2026,170000.000000,475,OPTSTK,NFO,5.000000,14251,False
53622,ADANIPORTS29SEP261700PE,ADANIPORTS,29SEP2026,170000.000000,475,OPTSTK,NFO,5.000000,14251,False
53638,ADANIPORTS29SEP261820PE,ADANIPORTS,29SEP2026,182000.000000,475,OPTSTK,NFO,5.000000,14251,False
53690,ADANIPORTS27OCT261400PE,ADANIPORTS,27OCT2026,140000.000000,475,OPTSTK,NFO,5.000000,14251,False
53716,ADANIPORTS27OCT261800PE,ADANIPORTS,27OCT2026,180000.000000,475,OPTSTK,NFO,5.000000,14251,False
53718,ADANIPORTS27OCT261840PE,ADANIPORTS,27OCT2026,184000.000000,475,OPTSTK,NFO,5.000000,14251,False
53727,ADANIPORTS27OCT262000CE,ADANIPORTS,27OCT2026,200000.000000,475,OPTSTK,NFO,5.000000,14251,False
53758,ADANIPOWER29SEP26185PE,ADANIPOWER,29SEP2026,18500.000000,3550,OPTSTK,NFO,1.000000,106501,False
53770,ADANIPOWER29SEP26225PE,ADANIPOWER,29SEP2026,22500.000000,3550,OPTSTK,NFO,1.000000,106501,False
53813,ADANIPOWER27OCT26200CE,ADANIPOWER,27OCT2026,20000.000000,3550,OPTSTK,NFO,1.000000,106501,False
53975,ALKEM27OCT264500CE,ALKEM,27OCT2026,450000.000000,125,OPTSTK,NFO,5.000000,5001,False
53996,ALKEM27OCT265500CE,ALKEM,27OCT2026,550000.000000,125,OPTSTK,NFO,5.000000,5001,False
54086,HINDPETRO27OCT26300PE,HINDPETRO,27OCT2026,30000.000000,2025,OPTSTK,NFO,5.000000,60751,False
54091,HINDPETRO27OCT26360CE,HINDPETRO,27OCT2026,36000.000000,2025,OPTSTK,NFO,5.000000,60751,False
54132,AMBER29SEP266700CE,AMBER,29SEP2026,670000.000000,100,OPTSTK,NFO,5.000000,3001,False
54206,AMBER27OCT266800PE,AMBER,27OCT2026,680000.000000,100,OPTSTK,NFO,5.000000,3001,False
54228,AMBER27OCT268400PE,AMBER,27OCT2026,840000.000000,100,OPTSTK,NFO,5.000000,3001,False
54291,AMBUJACEM29SEP26395CE,AMBUJACEM,29SEP2026,39500.000000,1200,OPTSTK,NFO,5.000000,60001,False
54305,AMBUJACEM29SEP26465CE,AMBUJACEM,29SEP2026,46500.000000,1200,OPTSTK,NFO,5.000000,60001,False
54355,AMBUJACEM27OCT26380CE,AMBUJACEM,27OCT2026,38000.000000,1200,OPTSTK,NFO,5.000000,60001,False
54361,AMBUJACEM27OCT26410CE,AMBUJACEM,27OCT2026,41000.000000,1200,OPTSTK,NFO,5.000000,60001,False
54415,ANGELONE29SEP26255CE,ANGELONE,29SEP2026,25500.000000,2500,OPTSTK,NFO,5.000000,75001,False
54419,ANGELONE29SEP26275CE,ANGELONE,29SEP2026,27500.000000,2500,OPTSTK,NFO,5.000000,75001,False
54478,ANGELONE27OCT26290PE,ANGELONE,27OCT2026,29000.000000,2500,OPTSTK,NFO,5.000000,75001,False
54482,ANGELONE27OCT26310PE,ANGELONE,27OCT2026,31000.000000,2500,OPTSTK,NFO,5.000000,75001,False
54563,APLAPOLLO29SEP262100CE,APLAPOLLO,29SEP2026,210000.000000,350,OPTSTK,NFO,5.000000,10501,False
54483,ANGELONE27OCT26320CE,ANGELONE,27OCT2026,32000.000000,2500,OPTSTK,NFO,5.000000,75001,False
54542,APLAPOLLO29SEP261740PE,APLAPOLLO,29SEP2026,174000.000000,350,OPTSTK,NFO,5.000000,10501,False
54556,APLAPOLLO29SEP261980PE,APLAPOLLO,29SEP2026,198000.000000,350,OPTSTK,NFO,5.000000,10501,False
54570,APLAPOLLO29SEP262220PE,APLAPOLLO,29SEP2026,222000.000000,350,OPTSTK,NFO,5.000000,10501,False
54676,APLAPOLLO27OCT261920PE,APLAPOLLO,27OCT2026,192000.000000,350,OPTSTK,NFO,5.000000,10501,False
54681,APLAPOLLO27OCT262040CE,APLAPOLLO,27OCT2026,204000.000000,350,OPTSTK,NFO,5.000000,10501,False
54705,APLAPOLLO27OCT262360CE,APLAPOLLO,27OCT2026,236000.000000,350,OPTSTK,NFO,5.000000,10501,False
54766,APOLLOHOSP29SEP269100PE,APOLLOHOSP,29SEP2026,910000.000000,125,OPTSTK,NFO,5.000000,2501,False
54828,APOLLOHOSP27OCT267600PE,APOLLOHOSP,27OCT2026,760000.000000,125,OPTSTK,NFO,5.000000,2501,False
54834,APOLLOHOSP27OCT268200PE,APOLLOHOSP,27OCT2026,820000.000000,125,OPTSTK,NFO,5.000000,2501,False
54850,APOLLOHOSP27OCT269600PE,APOLLOHOSP,27OCT2026,960000.000000,125,OPTSTK,NFO,5.000000,2501,False
54854,APOLLOHOSP27OCT269800PE,APOLLOHOSP,27OCT2026,980000.000000,125,OPTSTK,NFO,5.000000,2501,False
54912,ASHOKLEY29SEP26147.5CE,ASHOKLEY,29SEP2026,14750.000000,5000,OPTSTK,NFO,1.000000,150001,False
54921,ASHOKLEY29SEP26162.5PE,ASHOKLEY,29SEP2026,16250.000000,5000,OPTSTK,NFO,1.000000,150001,False
54934,ASHOKLEY29SEP26187.5PE,ASHOKLEY,29SEP2026,18750.000000,5000,OPTSTK,NFO,1.000000,150001,False
54975,ASHOKLEY27OCT26150CE,ASHOKLEY,27OCT2026,15000.000000,5000,OPTSTK,NFO,1.000000,150001,False
54979,ASHOKLEY27OCT26160CE,ASHOKLEY,27OCT2026,16000.000000,5000,OPTSTK,NFO,1.000000,150001,False
54995,ASHOKLEY27OCT26175CE,ASHOKLEY,27OCT2026,17500.000000,5000,OPTSTK,NFO,1.000000,150001,False
55000,ASHOKLEY27OCT26185PE,ASHOKLEY,27OCT2026,18500.000000,5000,OPTSTK,NFO,1.000000,150001,False
55005,ASHOKLEY27OCT26195CE,ASHOKLEY,27OCT2026,19500.000000,5000,OPTSTK,NFO,1.000000,150001,False
55007,ASHOKLEY27OCT26200CE,ASHOKLEY,27OCT2026,20000.000000,5000,OPTSTK,NFO,1.000000,150001,False
55008,ASHOKLEY27OCT26200PE,ASHOKLEY,27OCT2026,20000.000000,5000,OPTSTK,NFO,1.000000,150001,False
55051,ASIANPAINT29SEP262300CE,ASIANPAINT,29SEP2026,230000.000000,250,OPTSTK,NFO,5.000000,10001,False
55072,ASIANPAINT29SEP262540PE,ASIANPAINT,29SEP2026,254000.000000,250,OPTSTK,NFO,5.000000,10001,False
55099,ASIANPAINT29SEP262820CE,ASIANPAINT,29SEP2026,282000.000000,250,OPTSTK,NFO,5.000000,10001,False
55119,ASIANPAINT29SEP263020CE,ASIANPAINT,29SEP2026,302000.000000,250,OPTSTK,NFO,5.000000,10001,False
55202,ASIANPAINT27OCT262280CE,ASIANPAINT,27OCT2026,228000.000000,250,OPTSTK,NFO,5.000000,10001,False
55210,ASIANPAINT27OCT262400CE,ASIANPAINT,27OCT2026,240000.000000,250,OPTSTK,NFO,5.000000,10001,False
55214,ASIANPAINT27OCT262480CE,ASIANPAINT,27OCT2026,248000.000000,250,OPTSTK,NFO,5.000000,10001,False
55246,ASIANPAINT27OCT263040CE,ASIANPAINT,27OCT2026,304000.000000,250,OPTSTK,NFO,5.000000,10001,False
55280,NIFTY29SEP2616500CE,NIFTY,29SEP2026,1650000.000000,65,OPTIDX,NFO,5.000000,1801,False
55322,NIFTY29DEC2616500CE,NIFTY,29DEC2026,1650000.000000,65,OPTIDX,NFO,5.000000,1801,False
55325,NIFTY29DEC2619500PE,NIFTY,29DEC2026,1950000.000000,65,OPTIDX,NFO,5.000000,1801,False
55328,NIFTY29DEC2625500CE,NIFTY,29DEC2026,2550000.000000,65,OPTIDX,NFO,5.000000,1801,False
55336,NIFTY29DEC2634500CE,NIFTY,29DEC2026,3450000.000000,65,OPTIDX,NFO,5.000000,1801,False
55475,NIFTY27JUN2822500PE,NIFTY,27JUN2028,2250000.000000,65,OPTIDX,NFO,5.000000,1801,False
55480,NIFTY27JUN2831500CE,NIFTY,27JUN2028,3150000.000000,65,OPTIDX,NFO,5.000000,1801,False
55481,NIFTY27JUN2831500PE,NIFTY,27JUN2028,3150000.000000,65,OPTIDX,NFO,5.000000,1801,False
55522,NIFTY26DEC2825500CE,NIFTY,26DEC2028,2550000.000000,65,OPTIDX,NFO,5.000000,1801,False
55557,NIFTY26JUN2916500PE,NIFTY,26JUN2029,1650000.000000,65,OPTIDX,NFO,5.000000,1801,False
55566,NIFTY26JUN2931500CE,NIFTY,26JUN2029,3150000.000000,65,OPTIDX,NFO,5.000000,1801,False
55604,NIFTY24DEC2925500CE,NIFTY,24DEC2029,2550000.000000,65,OPTIDX,NFO,5.000000,1801,False
55608,NIFTY24DEC2931500CE,NIFTY,24DEC2029,3150000.000000,65,OPTIDX,NFO,5.000000,1801,False
55614,ASTRAL29SEP261460PE,ASTRAL,29SEP2026,146000.000000,425,OPTSTK,NFO,5.000000,17001,False
55643,NIFTY25JUN3019500PE,NIFTY,25JUN2030,1950000.000000,65,OPTIDX,NFO,5.000000,1801,False
55688,ASTRAL29SEP261700CE,ASTRAL,29SEP2026,170000.000000,425,OPTSTK,NFO,5.000000,17001,False
55689,ASTRAL29SEP261700PE,ASTRAL,29SEP2026,170000.000000,425,OPTSTK,NFO,5.000000,17001,False
55700,NIFTY31DEC3019500CE,NIFTY,31DEC2030,1950000.000000,65,OPTIDX,NFO,5.000000,1801,False
55704,NIFTY31DEC3022500CE,NIFTY,31DEC2030,2250000.000000,65,OPTIDX,NFO,5.000000,1801,False
55705,NIFTY31DEC3022500PE,NIFTY,31DEC2030,2250000.000000,65,OPTIDX,NFO,5.000000,1801,False
55754,NIFTY31DEC3024000CE,NIFTY,31DEC2030,2400000.000000,65,OPTIDX,NFO,5.000000,1801,False
55758,NIFTY31DEC3027000CE,NIFTY,31DEC2030,2700000.000000,65,OPTIDX,NFO,5.000000,1801,False
55882,ASTRAL27OCT261320CE,ASTRAL,27OCT2026,132000.000000,425,OPTSTK,NFO,5.000000,17001,False
55883,ASTRAL27OCT261320PE,ASTRAL,27OCT2026,132000.000000,425,OPTSTK,NFO,5.000000,17001,False
55902,ASTRAL27OCT261400CE,ASTRAL,27OCT2026,140000.000000,425,OPTSTK,NFO,5.000000,17001,False
55916,ASTRAL27OCT261600CE,ASTRAL,27OCT2026,160000.000000,425,OPTSTK,NFO,5.000000,17001,False
55971,AUBANK29SEP261020PE,AUBANK,29SEP2026,102000.000000,1000,OPTSTK,NFO,5.000000,20001,False
55985,AUBANK29SEP261180PE,AUBANK,29SEP2026,118000.000000,1000,OPTSTK,NFO,5.000000,20001,False
55987,AUBANK29SEP261220PE,AUBANK,29SEP2026,122000.000000,1000,OPTSTK,NFO,5.000000,20001,False
56031,AUBANK27OCT26920PE,AUBANK,27OCT2026,92000.000000,1000,OPTSTK,NFO,5.000000,20001,False
56055,AUBANK27OCT261120PE,AUBANK,27OCT2026,112000.000000,1000,OPTSTK,NFO,5.000000,20001,False
56066,AUBANK27OCT261200CE,AUBANK,27OCT2026,120000.000000,1000,OPTSTK,NFO,5.000000,20001,False
56216,AUROPHARMA27OCT261520CE,AUROPHARMA,27OCT2026,152000.000000,550,OPTSTK,NFO,5.000000,16501,False
56226,AUROPHARMA27OCT261560CE,AUROPHARMA,27OCT2026,156000.000000,550,OPTSTK,NFO,5.000000,16501,False
56316,AXISBANK29SEP261260CE,AXISBANK,29SEP2026,126000.000000,625,OPTSTK,NFO,5.000000,18751,False
56378,AXISBANK27OCT261120CE,AXISBANK,27OCT2026,112000.000000,625,OPTSTK,NFO,5.000000,18751,False
56394,AXISBANK27OCT261240CE,AXISBANK,27OCT2026,124000.000000,625,OPTSTK,NFO,5.000000,18751,False
56414,AXISBANK27OCT261520CE,AXISBANK,27OCT2026,152000.000000,625,OPTSTK,NFO,5.000000,18751,False
56471,BAJAJ-AUTO29SEP2610700PE,BAJAJ-AUTO,29SEP2026,1070000.000000,75,OPTSTK,NFO,5.000000,2251,False
56480,BAJAJ-AUTO29SEP2611300PE,BAJAJ-AUTO,29SEP2026,1130000.000000,75,OPTSTK,NFO,5.000000,2251,False
56492,BAJAJ-AUTO29SEP2612500CE,BAJAJ-AUTO,29SEP2026,1250000.000000,75,OPTSTK,NFO,5.000000,2251,False
56570,BAJAJ-AUTO27OCT2610600CE,BAJAJ-AUTO,27OCT2026,1060000.000000,75,OPTSTK,NFO,5.000000,2251,False
56574,BAJAJ-AUTO27OCT2611000CE,BAJAJ-AUTO,27OCT2026,1100000.000000,75,OPTSTK,NFO,5.000000,2251,False
56578,BAJAJ-AUTO27OCT2611400CE,BAJAJ-AUTO,27OCT2026,1140000.000000,75,OPTSTK,NFO,5.000000,2251,False
56585,BAJAJ-AUTO27OCT2612000PE,BAJAJ-AUTO,27OCT2026,1200000.000000,75,OPTSTK,NFO,5.000000,2251,False
56586,BAJAJ-AUTO27OCT2612200CE,BAJAJ-AUTO,27OCT2026,1220000.000000,75,OPTSTK,NFO,5.000000,2251,False
56596,BAJAJ-AUTO27OCT2613200CE,BAJAJ-AUTO,27OCT2026,1320000.000000,75,OPTSTK,NFO,5.000000,2251,False
56597,BAJAJ-AUTO27OCT2613200PE,BAJAJ-AUTO,27OCT2026,1320000.000000,75,OPTSTK,NFO,5.000000,2251,False
56673,BAJAJFINSV29SEP261780PE,BAJAJFINSV,29SEP2026,178000.000000,300,OPTSTK,NFO,5.000000,12001,False
56707,NIFTY22SEP2621900CE,NIFTY,22SEP2026,2190000.000000,65,OPTIDX,NFO,5.000000,1801,False
56711,BAJAJFINSV29SEP262180PE,BAJAJFINSV,29SEP2026,218000.000000,300,OPTSTK,NFO,5.000000,12001,False
56712,BAJAJFINSV29SEP262220CE,BAJAJFINSV,29SEP2026,222000.000000,300,OPTSTK,NFO,5.000000,12001,False
56780,BAJAJFINSV27OCT261960CE,BAJAJFINSV,27OCT2026,196000.000000,300,OPTSTK,NFO,5.000000,12001,False
56787,BAJAJFINSV27OCT262080PE,BAJAJFINSV,27OCT2026,208000.000000,300,OPTSTK,NFO,5.000000,12001,False
56803,NIFTY22SEP2622150CE,NIFTY,22SEP2026,2215000.000000,65,OPTIDX,NFO,5.000000,1801,False
56863,NIFTY22SEP2622450CE,NIFTY,22SEP2026,2245000.000000,65,OPTIDX,NFO,5.000000,1801,False
56864,NIFTY22SEP2622450PE,NIFTY,22SEP2026,2245000.000000,65,OPTIDX,NFO,5.000000,1801,False
56871,BAJAJHLDNG29SEP2610100PE,BAJAJHLDNG,29SEP2026,1010000.000000,75,OPTSTK,NFO,5.000000,2251,False
56883,BAJAJHLDNG29SEP2610900PE,BAJAJHLDNG,29SEP2026,1090000.000000,75,OPTSTK,NFO,5.000000,2251,False
56888,BAJAJHLDNG29SEP2611500CE,BAJAJHLDNG,29SEP2026,1150000.000000,75,OPTSTK,NFO,5.000000,2251,False
56903,NIFTY22SEP2622650CE,NIFTY,22SEP2026,2265000.000000,65,OPTIDX,NFO,5.000000,1801,False
56906,NIFTY22SEP2622700PE,NIFTY,22SEP2026,2270000.000000,65,OPTIDX,NFO,5.000000,1801,False
56939,NIFTY22SEP2622950CE,NIFTY,22SEP2026,2295000.000000,65,OPTIDX,NFO,5.000000,1801,False
56990,BAJAJHLDNG27OCT2610000CE,BAJAJHLDNG,27OCT2026,1000000.000000,75,OPTSTK,NFO,5.000000,2251,False
56993,BAJAJHLDNG27OCT2610200PE,BAJAJHLDNG,27OCT2026,1020000.000000,75,OPTSTK,NFO,5.000000,2251,False
57001,BAJAJHLDNG27OCT2610600PE,BAJAJHLDNG,27OCT2026,1060000.000000,75,OPTSTK,NFO,5.000000,2251,False
57018,BAJAJHLDNG27OCT2611800CE,BAJAJHLDNG,27OCT2026,1180000.000000,75,OPTSTK,NFO,5.000000,2251,False
57019,BAJAJHLDNG27OCT2611800PE,BAJAJHLDNG,27OCT2026,1180000.000000,75,OPTSTK,NFO,5.000000,2251,False
57034,BAJAJHLDNG27OCT2612400CE,BAJAJHLDNG,27OCT2026,1240000.000000,75,OPTSTK,NFO,5.000000,2251,False
57083,NIFTY22SEP2623750PE,NIFTY,22SEP2026,2375000.000000,65,OPTIDX,NFO,5.000000,1801,False
57084,NIFTY22SEP2623800CE,NIFTY,22SEP2026,2380000.000000,65,OPTIDX,NFO,5.000000,1801,False
57085,NIFTY22SEP2623800PE,NIFTY,22SEP2026,2380000.000000,65,OPTIDX,NFO,5.000000,1801,False
57096,BAJFINANCE29SEP26970PE,BAJFINANCE,29SEP2026,97000.000000,750,OPTSTK,NFO,5.000000,22501,False
57108,BAJFINANCE29SEP261070PE,BAJFINANCE,29SEP2026,107000.000000,750,OPTSTK,NFO,5.000000,22501,False
57109,BAJFINANCE29SEP261090CE,BAJFINANCE,29SEP2026,109000.000000,750,OPTSTK,NFO,5.000000,22501,False
57142,NIFTY22SEP2623950CE,NIFTY,22SEP2026,2395000.000000,65,OPTIDX,NFO,5.000000,1801,False
57185,BAJFINANCE27OCT261060CE,BAJFINANCE,27OCT2026,106000.000000,750,OPTSTK,NFO,5.000000,22501,False
57190,BAJFINANCE27OCT261100PE,BAJFINANCE,27OCT2026,110000.000000,750,OPTSTK,NFO,5.000000,22501,False
57191,BAJFINANCE27OCT261120CE,BAJFINANCE,27OCT2026,112000.000000,750,OPTSTK,NFO,5.000000,22501,False
57193,BAJFINANCE27OCT261140CE,BAJFINANCE,27OCT2026,114000.000000,750,OPTSTK,NFO,5.000000,22501,False
57237,BANDHANBNK29SEP26165CE,BANDHANBNK,29SEP2026,16500.000000,3600,OPTSTK,NFO,1.000000,108001,False
57240,BANDHANBNK29SEP26175PE,BANDHANBNK,29SEP2026,17500.000000,3600,OPTSTK,NFO,1.000000,108001,False
57312,BANKBARODA29SEP26225PE,BANKBARODA,29SEP2026,22500.000000,2925,OPTSTK,NFO,1.000000,87751,False
57314,BANKBARODA29SEP26235PE,BANKBARODA,29SEP2026,23500.000000,2925,OPTSTK,NFO,1.000000,87751,False
57356,BANKBARODA27OCT26240PE,BANKBARODA,27OCT2026,24000.000000,2925,OPTSTK,NFO,1.000000,87751,False
57357,BANKBARODA27OCT26250CE,BANKBARODA,27OCT2026,25000.000000,2925,OPTSTK,NFO,1.000000,87751,False
57358,BANKBARODA27OCT26250PE,BANKBARODA,27OCT2026,25000.000000,2925,OPTSTK,NFO,1.000000,87751,False
57361,BANKBARODA27OCT26270CE,BANKBARODA,27OCT2026,27000.000000,2925,OPTSTK,NFO,1.000000,87751,False
57364,BANKBARODA27OCT26280PE,BANKBARODA,27OCT2026,28000.000000,2925,OPTSTK,NFO,1.000000,87751,False
57448,BANKINDIA27OCT26130PE,BANKINDIA,27OCT2026,13000.000000,5200,OPTSTK,NFO,1.000000,156001,False
57402,BANKINDIA29SEP26132.5PE,BANKINDIA,29SEP2026,13250.000000,5200,OPTSTK,NFO,1.000000,156001,False
57408,BANKINDIA29SEP26147.5PE,BANKINDIA,29SEP2026,14750.000000,5200,OPTSTK,NFO,1.000000,156001,False
57443,BANKINDIA27OCT26120PE,BANKINDIA,27OCT2026,12000.000000,5200,OPTSTK,NFO,1.000000,156001,False
57453,BANKINDIA27OCT26145CE,BANKINDIA,27OCT2026,14500.000000,5200,OPTSTK,NFO,1.000000,156001,False
57454,BANKINDIA27OCT26145PE,BANKINDIA,27OCT2026,14500.000000,5200,OPTSTK,NFO,1.000000,156001,False
57459,BANKINDIA27OCT26160CE,BANKINDIA,27OCT2026,16000.000000,5200,OPTSTK,NFO,1.000000,156001,False
57495,BDL29SEP261260CE,BDL,29SEP2026,126000.000000,425,OPTSTK,NFO,5.000000,17001,False
57498,BDL29SEP261300PE,BDL,29SEP2026,130000.000000,425,OPTSTK,NFO,5.000000,17001,False
57505,BDL29SEP261420CE,BDL,29SEP2026,142000.000000,425,OPTSTK,NFO,5.000000,17001,False
57542,BDL27OCT261200PE,BDL,27OCT2026,120000.000000,425,OPTSTK,NFO,5.000000,17001,False
57551,BDL27OCT261400CE,BDL,27OCT2026,140000.000000,425,OPTSTK,NFO,5.000000,17001,False
57552,BDL27OCT261400PE,BDL,27OCT2026,140000.000000,425,OPTSTK,NFO,5.000000,17001,False
57553,BDL27OCT261440CE,BDL,27OCT2026,144000.000000,425,OPTSTK,NFO,5.000000,17001,False
57556,BDL27OCT261480PE,BDL,27OCT2026,148000.000000,425,OPTSTK,NFO,5.000000,17001,False
57603,BEL29SEP26365CE,BEL,29SEP2026,36500.000000,1425,OPTSTK,NFO,5.000000,57001,False
57638,NIFTY22SEP2624550CE,NIFTY,22SEP2026,2455000.000000,65,OPTIDX,NFO,5.000000,1801,False
57668,BEL27OCT26370CE,BEL,27OCT2026,37000.000000,1425,OPTSTK,NFO,5.000000,57001,False
57679,NIFTY22SEP2624600CE,NIFTY,22SEP2026,2460000.000000,65,OPTIDX,NFO,5.000000,1801,False
57692,BEL27OCT26450CE,BEL,27OCT2026,45000.000000,1425,OPTSTK,NFO,5.000000,57001,False
57702,NIFTY22SEP2624650PE,NIFTY,22SEP2026,2465000.000000,65,OPTIDX,NFO,5.000000,1801,False
57734,NIFTY22SEP2624800CE,NIFTY,22SEP2026,2480000.000000,65,OPTIDX,NFO,5.000000,1801,False
57737,BHARATFORG29SEP261740PE,BHARATFORG,29SEP2026,174000.000000,500,OPTSTK,NFO,5.000000,10001,False
57750,BHARATFORG29SEP261980CE,BHARATFORG,29SEP2026,198000.000000,500,OPTSTK,NFO,5.000000,10001,False
57755,BHARATFORG29SEP262060PE,BHARATFORG,29SEP2026,206000.000000,500,OPTSTK,NFO,5.000000,10001,False
57765,BHARATFORG29SEP262220PE,BHARATFORG,29SEP2026,222000.000000,500,OPTSTK,NFO,5.000000,10001,False
57766,BHARATFORG29SEP262260CE,BHARATFORG,29SEP2026,226000.000000,500,OPTSTK,NFO,5.000000,10001,False
57827,BHARATFORG27OCT261760PE,BHARATFORG,27OCT2026,176000.000000,500,OPTSTK,NFO,5.000000,10001,False
57837,BHARATFORG27OCT261880PE,BHARATFORG,27OCT2026,188000.000000,500,OPTSTK,NFO,5.000000,10001,False
57851,BHARATFORG27OCT262080PE,BHARATFORG,27OCT2026,208000.000000,500,OPTSTK,NFO,5.000000,10001,False
57865,BHARATFORG27OCT262320PE,BHARATFORG,27OCT2026,232000.000000,500,OPTSTK,NFO,5.000000,10001,False
57952,BHARTIARTL29SEP261940PE,BHARTIARTL,29SEP2026,194000.000000,475,OPTSTK,NFO,5.000000,14251,False
57997,NIFTY22SEP2625700PE,NIFTY,22SEP2026,2570000.000000,65,OPTIDX,NFO,5.000000,1801,False
58023,NIFTY22SEP2625950CE,NIFTY,22SEP2026,2595000.000000,65,OPTIDX,NFO,5.000000,1801,False
58029,BHARTIARTL27OCT261680PE,BHARTIARTL,27OCT2026,168000.000000,475,OPTSTK,NFO,5.000000,14251,False
58050,BHARTIARTL27OCT261840CE,BHARTIARTL,27OCT2026,184000.000000,475,OPTSTK,NFO,5.000000,14251,False
58060,BHARTIARTL27OCT261960CE,BHARTIARTL,27OCT2026,196000.000000,475,OPTSTK,NFO,5.000000,14251,False
58076,BHARTIARTL27OCT262040PE,BHARTIARTL,27OCT2026,204000.000000,475,OPTSTK,NFO,5.000000,14251,False
58083,BHARTIARTL27OCT262160CE,BHARTIARTL,27OCT2026,216000.000000,475,OPTSTK,NFO,5.000000,14251,False
58084,BHARTIARTL27OCT262160PE,BHARTIARTL,27OCT2026,216000.000000,475,OPTSTK,NFO,5.000000,14251,False
58195,BHEL29SEP26365CE,BHEL,29SEP2026,36500.000000,2625,OPTSTK,NFO,5.000000,52501,False
58222,BHEL29SEP26395CE,BHEL,29SEP2026,39500.000000,2625,OPTSTK,NFO,5.000000,52501,False
58254,BHEL29SEP26435PE,BHEL,29SEP2026,43500.000000,2625,OPTSTK,NFO,5.000000,52501,False
58264,BHEL29SEP26465CE,BHEL,29SEP2026,46500.000000,2625,OPTSTK,NFO,5.000000,52501,False
58272,BHEL29SEP26495CE,BHEL,29SEP2026,49500.000000,2625,OPTSTK,NFO,5.000000,52501,False
58453,BHEL27OCT26400PE,BHEL,27OCT2026,40000.000000,2625,OPTSTK,NFO,5.000000,52501,False
58481,BHEL27OCT26450PE,BHEL,27OCT2026,45000.000000,2625,OPTSTK,NFO,5.000000,52501,False
58498,BHEL27OCT26480CE,BHEL,27OCT2026,48000.000000,2625,OPTSTK,NFO,5.000000,52501,False
58509,BHEL27OCT26490PE,BHEL,27OCT2026,49000.000000,2625,OPTSTK,NFO,5.000000,52501,False
58525,BHEL27OCT26500PE,BHEL,27OCT2026,50000.000000,2625,OPTSTK,NFO,5.000000,52501,False
58611,BIOCON29SEP26355PE,BIOCON,29SEP2026,35500.000000,2500,OPTSTK,NFO,5.000000,50001,False
58617,BIOCON29SEP26375PE,BIOCON,29SEP2026,37500.000000,2500,OPTSTK,NFO,5.000000,50001,False
58624,BIOCON29SEP26385CE,BIOCON,29SEP2026,38500.000000,2500,OPTSTK,NFO,5.000000,50001,False
58660,BIOCON29SEP26405PE,BIOCON,29SEP2026,40500.000000,2500,OPTSTK,NFO,5.000000,50001,False
58685,BIOCON29SEP26435CE,BIOCON,29SEP2026,43500.000000,2500,OPTSTK,NFO,5.000000,50001,False
58694,BIOCON29SEP26455PE,BIOCON,29SEP2026,45500.000000,2500,OPTSTK,NFO,5.000000,50001,False
58806,BIOCON27OCT26350PE,BIOCON,27OCT2026,35000.000000,2500,OPTSTK,NFO,5.000000,50001,False
58900,BIOCON27OCT26450PE,BIOCON,27OCT2026,45000.000000,2500,OPTSTK,NFO,5.000000,50001,False
59104,BLUESTARCO29SEP261420PE,BLUESTARCO,29SEP2026,142000.000000,325,OPTSTK,NFO,5.000000,13001,False
59128,BLUESTARCO29SEP261580CE,BLUESTARCO,29SEP2026,158000.000000,325,OPTSTK,NFO,5.000000,13001,False
59240,BLUESTARCO27OCT261240CE,BLUESTARCO,27OCT2026,124000.000000,325,OPTSTK,NFO,5.000000,13001,False
59241,BLUESTARCO27OCT261240PE,BLUESTARCO,27OCT2026,124000.000000,325,OPTSTK,NFO,5.000000,13001,False
59354,BLUESTARCO27OCT261720CE,BLUESTARCO,27OCT2026,172000.000000,325,OPTSTK,NFO,5.000000,13001,False
59355,BLUESTARCO27OCT261720PE,BLUESTARCO,27OCT2026,172000.000000,325,OPTSTK,NFO,5.000000,13001,False
59571,BOSCHLTD29SEP2641500CE,BOSCHLTD,29SEP2026,4150000.000000,25,OPTSTK,NFO,5.000000,501,False
59580,BOSCHLTD29SEP2645500PE,BOSCHLTD,29SEP2026,4550000.000000,25,OPTSTK,NFO,5.000000,501,False
59581,BOSCHLTD29SEP2646500CE,BOSCHLTD,29SEP2026,4650000.000000,25,OPTSTK,NFO,5.000000,501,False
59589,BOSCHLTD29SEP2650500CE,BOSCHLTD,29SEP2026,5050000.000000,25,OPTSTK,NFO,5.000000,501,False
59592,BOSCHLTD29SEP2651500PE,BOSCHLTD,29SEP2026,5150000.000000,25,OPTSTK,NFO,5.000000,501,False
59661,BOSCHLTD27OCT2649000CE,BOSCHLTD,27OCT2026,4900000.000000,25,OPTSTK,NFO,5.000000,501,False
59670,BOSCHLTD27OCT2653000PE,BOSCHLTD,27OCT2026,5300000.000000,25,OPTSTK,NFO,5.000000,501,False
59694,BPCL29SEP26275PE,BPCL,29SEP2026,27500.000000,1975,OPTSTK,NFO,5.000000,79001,False
59712,BPCL29SEP26335PE,BPCL,29SEP2026,33500.000000,1975,OPTSTK,NFO,5.000000,79001,False
59749,BPCL27OCT26260CE,BPCL,27OCT2026,26000.000000,1975,OPTSTK,NFO,5.000000,79001,False
59751,BPCL27OCT26270CE,BPCL,27OCT2026,27000.000000,1975,OPTSTK,NFO,5.000000,79001,False
59842,BRITANNIA29SEP264750CE,BRITANNIA,29SEP2026,475000.000000,125,OPTSTK,NFO,5.000000,5001,False
59884,BRITANNIA29SEP265650PE,BRITANNIA,29SEP2026,565000.000000,125,OPTSTK,NFO,5.000000,5001,False
59899,BRITANNIA29SEP265850CE,BRITANNIA,29SEP2026,585000.000000,125,OPTSTK,NFO,5.000000,5001,False
59958,BRITANNIA29SEP266050CE,BRITANNIA,29SEP2026,605000.000000,125,OPTSTK,NFO,5.000000,5001,False
60142,BRITANNIA27OCT264700PE,BRITANNIA,27OCT2026,470000.000000,125,OPTSTK,NFO,5.000000,5001,False
60177,BRITANNIA27OCT265500CE,BRITANNIA,27OCT2026,550000.000000,125,OPTSTK,NFO,5.000000,5001,False
60190,BRITANNIA27OCT265600PE,BRITANNIA,27OCT2026,560000.000000,125,OPTSTK,NFO,5.000000,5001,False
60197,BRITANNIA27OCT265900CE,BRITANNIA,27OCT2026,590000.000000,125,OPTSTK,NFO,5.000000,5001,False
60216,BRITANNIA27OCT266100PE,BRITANNIA,27OCT2026,610000.000000,125,OPTSTK,NFO,5.000000,5001,False
60305,BSE29SEP262900CE,BSE,29SEP2026,290000.000000,200,OPTSTK,NFO,5.000000,6001,False
60320,BSE29SEP263100PE,BSE,29SEP2026,310000.000000,200,OPTSTK,NFO,5.000000,6001,False
60326,BSE29SEP263700PE,BSE,29SEP2026,370000.000000,200,OPTSTK,NFO,5.000000,6001,False
60452,BSE27OCT263600PE,BSE,27OCT2026,360000.000000,200,OPTSTK,NFO,5.000000,6001,False
60564,CAMS29SEP26650PE,CAMS,29SEP2026,65000.000000,825,OPTSTK,NFO,5.000000,33001,False
60566,CAMS29SEP26670PE,CAMS,29SEP2026,67000.000000,825,OPTSTK,NFO,5.000000,33001,False
60571,CAMS29SEP26710CE,CAMS,29SEP2026,71000.000000,825,OPTSTK,NFO,5.000000,33001,False
60592,CAMS29SEP26730CE,CAMS,29SEP2026,73000.000000,825,OPTSTK,NFO,5.000000,33001,False
60594,CAMS29SEP26750CE,CAMS,29SEP2026,75000.000000,825,OPTSTK,NFO,5.000000,33001,False
60631,CAMS29SEP26790PE,CAMS,29SEP2026,79000.000000,825,OPTSTK,NFO,5.000000,33001,False
60681,CAMS29SEP26890CE,CAMS,29SEP2026,89000.000000,825,OPTSTK,NFO,5.000000,33001,False
60841,CAMS27OCT26600PE,CAMS,27OCT2026,60000.000000,825,OPTSTK,NFO,5.000000,33001,False
60910,NIFTY25JUN3027000CE,NIFTY,25JUN2030,2700000.000000,65,OPTIDX,NFO,5.000000,1801,False
60928,CAMS27OCT26780PE,CAMS,27OCT2026,78000.000000,825,OPTSTK,NFO,5.000000,33001,False
61023,CAMS27OCT26840PE,CAMS,27OCT2026,84000.000000,825,OPTSTK,NFO,5.000000,33001,False
61391,NIFTY24DEC2918000PE,NIFTY,24DEC2029,1800000.000000,65,OPTIDX,NFO,5.000000,1801,False
61469,FINNIFTY23NOV26FUT,FINNIFTY,23NOV2026,-1.000000,60,FUTIDX,NFO,10.000000,1801,False
61477,ADANIENSOL23NOV26FUT,ADANIENSOL,23NOV2026,-1.000000,675,FUTSTK,NFO,10.000000,13501,False
61506,BAJAJFINSV23NOV26FUT,BAJAJFINSV,23NOV2026,-1.000000,300,FUTSTK,NFO,10.000000,12001,False
61513,BHARATFORG23NOV26FUT,BHARATFORG,23NOV2026,-1.000000,500,FUTSTK,NFO,10.000000,10001,False
61522,BOSCHLTD23NOV26FUT,BOSCHLTD,23NOV2026,-1.000000,25,FUTSTK,NFO,500.000000,501,False
61564,EICHERMOT23NOV26FUT,EICHERMOT,23NOV2026,-1.000000,100,FUTSTK,NFO,50.000000,3001,False
61567,FORCEMOT23NOV26FUT,FORCEMOT,23NOV2026,-1.000000,25,FUTSTK,NFO,100.000000,1251,False
61571,GMRAIRPORT23NOV26FUT,GMRAIRPORT,23NOV2026,-1.000000,6975,FUTSTK,NFO,1.000000,209251,False
61592,HINDZINC23NOV26FUT,HINDZINC,23NOV2026,-1.000000,1225,FUTSTK,NFO,5.000000,36751,False
61594,HYUNDAI23NOV26FUT,HYUNDAI,23NOV2026,-1.000000,275,FUTSTK,NFO,10.000000,11001,False
61603,INDIGO23NOV26FUT,INDIGO,23NOV2026,-1.000000,150,FUTSTK,NFO,50.000000,4501,False
61621,KALYANKJIL23NOV26FUT,KALYANKJIL,23NOV2026,-1.000000,1350,FUTSTK,NFO,5.000000,40501,False
61628,KPITTECH23NOV26FUT,KPITTECH,23NOV2026,-1.000000,775,FUTSTK,NFO,5.000000,38751,False
61640,MAHABANK23NOV26FUT,MAHABANK,23NOV2026,-1.000000,6500,FUTSTK,NFO,1.000000,260001,False
61643,MARICO23NOV26FUT,MARICO,23NOV2026,-1.000000,1200,FUTSTK,NFO,5.000000,36001,False
61663,NMDC23NOV26FUT,NMDC,23NOV2026,-1.000000,6750,FUTSTK,NFO,1.000000,270001,False
61677,PFC23NOV26FUT,PFC,23NOV2026,-1.000000,1300,FUTSTK,NFO,5.000000,52001,False
61682,PNB23NOV26FUT,PNB,23NOV2026,-1.000000,8000,FUTSTK,NFO,1.000000,240001,False
61697,RELIANCE23NOV26FUT,RELIANCE,23NOV2026,-1.000000,500,FUTSTK,NFO,10.000000,20001,False
61704,SBICARD23NOV26FUT,SBICARD,23NOV2026,-1.000000,800,FUTSTK,NFO,5.000000,40001,False
61713,SUNPHARMA23NOV26FUT,SUNPHARMA,23NOV2026,-1.000000,350,FUTSTK,NFO,10.000000,14001,False
61723,TATASTEEL23NOV26FUT,TATASTEEL,23NOV2026,-1.000000,2750,FUTSTK,NFO,1.000000,137501,False
61729,TITAN23NOV26FUT,TITAN,23NOV2026,-1.000000,175,FUTSTK,NFO,50.000000,5251,False
61740,UPL23NOV26FUT,UPL,23NOV2026,-1.000000,1355,FUTSTK,NFO,5.000000,40651,False
61750,YESBANK23NOV26FUT,YESBANK,23NOV2026,-1.000000,31100,FUTSTK,NFO,1.000000,933001,False
61848,CANBK29SEP26117.5PE,CANBK,29SEP2026,11750.000000,6750,OPTSTK,NFO,1.000000,202501,False
61908,CANBK29SEP26132.5PE,CANBK,29SEP2026,13250.000000,6750,OPTSTK,NFO,1.000000,202501,False
61924,CANBK29SEP26137.5PE,CANBK,29SEP2026,13750.000000,6750,OPTSTK,NFO,1.000000,202501,False
62009,CANBK29SEP26142.5PE,CANBK,29SEP2026,14250.000000,6750,OPTSTK,NFO,1.000000,202501,False
62024,BANKNIFTY23NOV2650500PE,BANKNIFTY,23NOV2026,5050000.000000,30,OPTIDX,NFO,5.000000,601,False
62060,BANKNIFTY23NOV2651400PE,BANKNIFTY,23NOV2026,5140000.000000,30,OPTIDX,NFO,5.000000,601,False
62079,BANKNIFTY23NOV2652100CE,BANKNIFTY,23NOV2026,5210000.000000,30,OPTIDX,NFO,5.000000,601,False
62083,BANKNIFTY23NOV2652300CE,BANKNIFTY,23NOV2026,5230000.000000,30,OPTIDX,NFO,5.000000,601,False
62085,BANKNIFTY23NOV2652400CE,BANKNIFTY,23NOV2026,5240000.000000,30,OPTIDX,NFO,5.000000,601,False
62087,BANKNIFTY23NOV2652500CE,BANKNIFTY,23NOV2026,5250000.000000,30,OPTIDX,NFO,5.000000,601,False
62089,BANKNIFTY23NOV2652600CE,BANKNIFTY,23NOV2026,5260000.000000,30,OPTIDX,NFO,5.000000,601,False
62105,BANKNIFTY23NOV2653300PE,BANKNIFTY,23NOV2026,5330000.000000,30,OPTIDX,NFO,5.000000,601,False
62113,BANKNIFTY23NOV2653600CE,BANKNIFTY,23NOV2026,5360000.000000,30,OPTIDX,NFO,5.000000,601,False
62114,BANKNIFTY23NOV2653600PE,BANKNIFTY,23NOV2026,5360000.000000,30,OPTIDX,NFO,5.000000,601,False
62137,BANKNIFTY23NOV2654100CE,BANKNIFTY,23NOV2026,5410000.000000,30,OPTIDX,NFO,5.000000,601,False
62155,BANKNIFTY23NOV2655000CE,BANKNIFTY,23NOV2026,5500000.000000,30,OPTIDX,NFO,5.000000,601,False
62177,BANKNIFTY23NOV2655800CE,BANKNIFTY,23NOV2026,5580000.000000,30,OPTIDX,NFO,5.000000,601,False
62202,BANKNIFTY23NOV2656700PE,BANKNIFTY,23NOV2026,5670000.000000,30,OPTIDX,NFO,5.000000,601,False
62244,BANKNIFTY23NOV2658100CE,BANKNIFTY,23NOV2026,5810000.000000,30,OPTIDX,NFO,5.000000,601,False
62293,BANKNIFTY23NOV2659600CE,BANKNIFTY,23NOV2026,5960000.000000,30,OPTIDX,NFO,5.000000,601,False
62268,BANKNIFTY23NOV2658600PE,BANKNIFTY,23NOV2026,5860000.000000,30,OPTIDX,NFO,5.000000,601,False
62275,BANKNIFTY23NOV2659000CE,BANKNIFTY,23NOV2026,5900000.000000,30,OPTIDX,NFO,5.000000,601,False
62276,BANKNIFTY23NOV2659000PE,BANKNIFTY,23NOV2026,5900000.000000,30,OPTIDX,NFO,5.000000,601,False
62335,BANKNIFTY23NOV2661000CE,BANKNIFTY,23NOV2026,6100000.000000,30,OPTIDX,NFO,5.000000,601,False
62294,BANKNIFTY23NOV2659600PE,BANKNIFTY,23NOV2026,5960000.000000,30,OPTIDX,NFO,5.000000,601,False
62301,BANKNIFTY23NOV2660000CE,BANKNIFTY,23NOV2026,6000000.000000,30,OPTIDX,NFO,5.000000,601,False
62323,BANKNIFTY23NOV2660800CE,BANKNIFTY,23NOV2026,6080000.000000,30,OPTIDX,NFO,5.000000,601,False
62348,CANBK27OCT26115CE,CANBK,27OCT2026,11500.000000,6750,OPTSTK,NFO,1.000000,202501,False
62360,CANBK27OCT26125PE,CANBK,27OCT2026,12500.000000,6750,OPTSTK,NFO,1.000000,202501,False
62400,CDSL29SEP261220CE,CDSL,29SEP2026,122000.000000,475,OPTSTK,NFO,5.000000,19001,False
62414,BANKNIFTY23NOV2661700CE,BANKNIFTY,23NOV2026,6170000.000000,30,OPTIDX,NFO,5.000000,601,False
62419,CDSL29SEP261540PE,CDSL,29SEP2026,154000.000000,475,OPTSTK,NFO,5.000000,19001,False
62422,BANKNIFTY23NOV2661900CE,BANKNIFTY,23NOV2026,6190000.000000,30,OPTIDX,NFO,5.000000,601,False
62474,CDSL27OCT261200PE,CDSL,27OCT2026,120000.000000,475,OPTSTK,NFO,5.000000,19001,False
62486,BANKNIFTY23NOV2662400PE,BANKNIFTY,23NOV2026,6240000.000000,30,OPTIDX,NFO,5.000000,601,False
62499,CDSL27OCT261320PE,CDSL,27OCT2026,132000.000000,475,OPTSTK,NFO,5.000000,19001,False
62582,CGPOWER29SEP26860PE,CGPOWER,29SEP2026,86000.000000,850,OPTSTK,NFO,5.000000,25501,False
62616,CGPOWER27OCT26760CE,CGPOWER,27OCT2026,76000.000000,850,OPTSTK,NFO,5.000000,25501,False
62691,BANKNIFTY23NOV2665000PE,BANKNIFTY,23NOV2026,6500000.000000,30,OPTIDX,NFO,5.000000,601,False
62711,CHOLAFIN29SEP261660PE,CHOLAFIN,29SEP2026,166000.000000,625,OPTSTK,NFO,5.000000,12501,False
62732,CHOLAFIN29SEP261860PE,CHOLAFIN,29SEP2026,186000.000000,625,OPTSTK,NFO,5.000000,12501,False
62762,CHOLAFIN29SEP261980PE,CHOLAFIN,29SEP2026,198000.000000,625,OPTSTK,NFO,5.000000,12501,False
62872,CHOLAFIN27OCT261880PE,CHOLAFIN,27OCT2026,188000.000000,625,OPTSTK,NFO,5.000000,12501,False
63019,FINNIFTY29SEP2622950CE,FINNIFTY,29SEP2026,2295000.000000,60,OPTIDX,NFO,5.000000,1801,False
63025,FINNIFTY29SEP2623250CE,FINNIFTY,29SEP2026,2325000.000000,60,OPTIDX,NFO,5.000000,1801,False
63029,FINNIFTY29SEP2623450CE,FINNIFTY,29SEP2026,2345000.000000,60,OPTIDX,NFO,5.000000,1801,False
63034,FINNIFTY29SEP2623650PE,FINNIFTY,29SEP2026,2365000.000000,60,OPTIDX,NFO,5.000000,1801,False
63046,FINNIFTY29SEP2624250PE,FINNIFTY,29SEP2026,2425000.000000,60,OPTIDX,NFO,5.000000,1801,False
63047,FINNIFTY29SEP2624350CE,FINNIFTY,29SEP2026,2435000.000000,60,OPTIDX,NFO,5.000000,1801,False
63051,FINNIFTY29SEP2624550CE,FINNIFTY,29SEP2026,2455000.000000,60,OPTIDX,NFO,5.000000,1801,False
63066,FINNIFTY29SEP2625150PE,FINNIFTY,29SEP2026,2515000.000000,60,OPTIDX,NFO,5.000000,1801,False
63087,FINNIFTY29SEP2625750CE,FINNIFTY,29SEP2026,2575000.000000,60,OPTIDX,NFO,5.000000,1801,False
63088,FINNIFTY29SEP2625750PE,FINNIFTY,29SEP2026,2575000.000000,60,OPTIDX,NFO,5.000000,1801,False
63108,FINNIFTY29SEP2626350PE,FINNIFTY,29SEP2026,2635000.000000,60,OPTIDX,NFO,5.000000,1801,False
63150,FINNIFTY29SEP2627550PE,FINNIFTY,29SEP2026,2755000.000000,60,OPTIDX,NFO,5.000000,1801,False
63212,CIPLA29SEP261390CE,CIPLA,29SEP2026,139000.000000,425,OPTSTK,NFO,5.000000,17001,False
63351,FINNIFTY23NOV2622500CE,FINNIFTY,23NOV2026,2250000.000000,60,OPTIDX,NFO,5.000000,1801,False
63358,FINNIFTY23NOV2622800PE,FINNIFTY,23NOV2026,2280000.000000,60,OPTIDX,NFO,5.000000,1801,False
63375,FINNIFTY23NOV2623700CE,FINNIFTY,23NOV2026,2370000.000000,60,OPTIDX,NFO,5.000000,1801,False
63397,FINNIFTY23NOV2624800CE,FINNIFTY,23NOV2026,2480000.000000,60,OPTIDX,NFO,5.000000,1801,False
63399,FINNIFTY23NOV2624900CE,FINNIFTY,23NOV2026,2490000.000000,60,OPTIDX,NFO,5.000000,1801,False
63400,FINNIFTY23NOV2624900PE,FINNIFTY,23NOV2026,2490000.000000,60,OPTIDX,NFO,5.000000,1801,False
63401,FINNIFTY23NOV2625000CE,FINNIFTY,23NOV2026,2500000.000000,60,OPTIDX,NFO,5.000000,1801,False
63405,FINNIFTY23NOV2625200CE,FINNIFTY,23NOV2026,2520000.000000,60,OPTIDX,NFO,5.000000,1801,False
63427,FINNIFTY23NOV2626300CE,FINNIFTY,23NOV2026,2630000.000000,60,OPTIDX,NFO,5.000000,1801,False
63429,FINNIFTY23NOV2626400CE,FINNIFTY,23NOV2026,2640000.000000,60,OPTIDX,NFO,5.000000,1801,False
63462,FINNIFTY23NOV2627800PE,FINNIFTY,23NOV2026,2780000.000000,60,OPTIDX,NFO,5.000000,1801,False
63464,FINNIFTY23NOV2627900PE,FINNIFTY,23NOV2026,2790000.000000,60,OPTIDX,NFO,5.000000,1801,False
63470,FINNIFTY23NOV2628200PE,FINNIFTY,23NOV2026,2820000.000000,60,OPTIDX,NFO,5.000000,1801,False
63473,FINNIFTY23NOV2628400CE,FINNIFTY,23NOV2026,2840000.000000,60,OPTIDX,NFO,5.000000,1801,False
63486,FINNIFTY23NOV2629000PE,FINNIFTY,23NOV2026,2900000.000000,60,OPTIDX,NFO,5.000000,1801,False
63658,MIDCPNIFTY23NOV2613275PE,MIDCPNIFTY,23NOV2026,1327500.000000,120,OPTIDX,NFO,5.000000,2801,False
63664,MIDCPNIFTY23NOV2613350PE,MIDCPNIFTY,23NOV2026,1335000.000000,120,OPTIDX,NFO,5.000000,2801,False
63679,MIDCPNIFTY23NOV2613550CE,MIDCPNIFTY,23NOV2026,1355000.000000,120,OPTIDX,NFO,5.000000,2801,False
63682,MIDCPNIFTY23NOV2613575PE,MIDCPNIFTY,23NOV2026,1357500.000000,120,OPTIDX,NFO,5.000000,2801,False
63685,MIDCPNIFTY23NOV2613625CE,MIDCPNIFTY,23NOV2026,1362500.000000,120,OPTIDX,NFO,5.000000,2801,False
63689,MIDCPNIFTY23NOV2613675CE,MIDCPNIFTY,23NOV2026,1367500.000000,120,OPTIDX,NFO,5.000000,2801,False
63695,MIDCPNIFTY23NOV2613750CE,MIDCPNIFTY,23NOV2026,1375000.000000,120,OPTIDX,NFO,5.000000,2801,False
63725,MIDCPNIFTY23NOV2614050CE,MIDCPNIFTY,23NOV2026,1405000.000000,120,OPTIDX,NFO,5.000000,2801,False
63731,MIDCPNIFTY23NOV2614100PE,MIDCPNIFTY,23NOV2026,1410000.000000,120,OPTIDX,NFO,5.000000,2801,False
63738,MIDCPNIFTY23NOV2614175PE,MIDCPNIFTY,23NOV2026,1417500.000000,120,OPTIDX,NFO,5.000000,2801,False
63750,MIDCPNIFTY23NOV2614275PE,MIDCPNIFTY,23NOV2026,1427500.000000,120,OPTIDX,NFO,5.000000,2801,False
63757,MIDCPNIFTY23NOV2614350CE,MIDCPNIFTY,23NOV2026,1435000.000000,120,OPTIDX,NFO,5.000000,2801,False
63760,MIDCPNIFTY23NOV2614375PE,MIDCPNIFTY,23NOV2026,1437500.000000,120,OPTIDX,NFO,5.000000,2801,False
63768,MIDCPNIFTY23NOV2614450PE,MIDCPNIFTY,23NOV2026,1445000.000000,120,OPTIDX,NFO,5.000000,2801,False
63797,MIDCPNIFTY23NOV2614725CE,MIDCPNIFTY,23NOV2026,1472500.000000,120,OPTIDX,NFO,5.000000,2801,False
63801,MIDCPNIFTY23NOV2614775CE,MIDCPNIFTY,23NOV2026,1477500.000000,120,OPTIDX,NFO,5.000000,2801,False
63807,MIDCPNIFTY23NOV2614850CE,MIDCPNIFTY,23NOV2026,1485000.000000,120,OPTIDX,NFO,5.000000,2801,False
63810,MIDCPNIFTY23NOV2614875PE,MIDCPNIFTY,23NOV2026,1487500.000000,120,OPTIDX,NFO,5.000000,2801,False
63814,MIDCPNIFTY23NOV2614925PE,MIDCPNIFTY,23NOV2026,1492500.000000,120,OPTIDX,NFO,5.000000,2801,False
63824,MIDCPNIFTY23NOV2615025PE,MIDCPNIFTY,23NOV2026,1502500.000000,120,OPTIDX,NFO,5.000000,2801,False
63831,MIDCPNIFTY23NOV2615100CE,MIDCPNIFTY,23NOV2026,1510000.000000,120,OPTIDX,NFO,5.000000,2801,False
63833,MIDCPNIFTY23NOV2615125CE,MIDCPNIFTY,23NOV2026,1512500.000000,120,OPTIDX,NFO,5.000000,2801,False
63835,MIDCPNIFTY23NOV2615150CE,MIDCPNIFTY,23NOV2026,1515000.000000,120,OPTIDX,NFO,5.000000,2801,False
63837,MIDCPNIFTY23NOV2615175CE,MIDCPNIFTY,23NOV2026,1517500.000000,120,OPTIDX,NFO,5.000000,2801,False
63838,MIDCPNIFTY23NOV2615175PE,MIDCPNIFTY,23NOV2026,1517500.000000,120,OPTIDX,NFO,5.000000,2801,False
63842,MIDCPNIFTY23NOV2615225PE,MIDCPNIFTY,23NOV2026,1522500.000000,120,OPTIDX,NFO,5.000000,2801,False
63843,MIDCPNIFTY23NOV2615250CE,MIDCPNIFTY,23NOV2026,1525000.000000,120,OPTIDX,NFO,5.000000,2801,False
63850,MIDCPNIFTY23NOV2615325PE,MIDCPNIFTY,23NOV2026,1532500.000000,120,OPTIDX,NFO,5.000000,2801,False
63868,MIDCPNIFTY23NOV2615550PE,MIDCPNIFTY,23NOV2026,1555000.000000,120,OPTIDX,NFO,5.000000,2801,False
63887,MIDCPNIFTY23NOV2615800CE,MIDCPNIFTY,23NOV2026,1580000.000000,120,OPTIDX,NFO,5.000000,2801,False
63903,MIDCPNIFTY23NOV2616000CE,MIDCPNIFTY,23NOV2026,1600000.000000,120,OPTIDX,NFO,5.000000,2801,False
63919,MIDCPNIFTY23NOV2616200CE,MIDCPNIFTY,23NOV2026,1620000.000000,120,OPTIDX,NFO,5.000000,2801,False
63921,MIDCPNIFTY23NOV2616200PE,MIDCPNIFTY,23NOV2026,1620000.000000,120,OPTIDX,NFO,5.000000,2801,False
64218,NIFTY23NOV2621650CE,NIFTY,23NOV2026,2165000.000000,65,OPTIDX,NFO,5.000000,1801,False
64233,NIFTY23NOV2621850PE,NIFTY,23NOV2026,2185000.000000,65,OPTIDX,NFO,5.000000,1801,False
64235,NIFTY23NOV2621900PE,NIFTY,23NOV2026,2190000.000000,65,OPTIDX,NFO,5.000000,1801,False
64238,NIFTY23NOV2622000CE,NIFTY,23NOV2026,2200000.000000,65,OPTIDX,NFO,5.000000,1801,False
64244,NIFTY23NOV2622150CE,NIFTY,23NOV2026,2215000.000000,65,OPTIDX,NFO,5.000000,1801,False
64247,NIFTY23NOV2622200PE,NIFTY,23NOV2026,2220000.000000,65,OPTIDX,NFO,5.000000,1801,False
64269,NIFTY23NOV2622300PE,NIFTY,23NOV2026,2230000.000000,65,OPTIDX,NFO,5.000000,1801,False
64288,NIFTY23NOV2622650CE,NIFTY,23NOV2026,2265000.000000,65,OPTIDX,NFO,5.000000,1801,False
64335,NIFTY23NOV2623000CE,NIFTY,23NOV2026,2300000.000000,65,OPTIDX,NFO,5.000000,1801,False
64350,NIFTY23NOV2623150PE,NIFTY,23NOV2026,2315000.000000,65,OPTIDX,NFO,5.000000,1801,False
64357,NIFTY23NOV2623300CE,NIFTY,23NOV2026,2330000.000000,65,OPTIDX,NFO,5.000000,1801,False
64374,NIFTY23NOV2623500PE,NIFTY,23NOV2026,2350000.000000,65,OPTIDX,NFO,5.000000,1801,False
64381,NIFTY23NOV2623700CE,NIFTY,23NOV2026,2370000.000000,65,OPTIDX,NFO,5.000000,1801,False
64386,NIFTY23NOV2623750PE,NIFTY,23NOV2026,2375000.000000,65,OPTIDX,NFO,5.000000,1801,False
64396,NIFTY23NOV2623950PE,NIFTY,23NOV2026,2395000.000000,65,OPTIDX,NFO,5.000000,1801,False
64400,NIFTY23NOV2624050PE,NIFTY,23NOV2026,2405000.000000,65,OPTIDX,NFO,5.000000,1801,False
64402,NIFTY23NOV2624100PE,NIFTY,23NOV2026,2410000.000000,65,OPTIDX,NFO,5.000000,1801,False
64410,NIFTY23NOV2624300PE,NIFTY,23NOV2026,2430000.000000,65,OPTIDX,NFO,5.000000,1801,False
64428,NIFTY23NOV2624750PE,NIFTY,23NOV2026,2475000.000000,65,OPTIDX,NFO,5.000000,1801,False
64434,NIFTY23NOV2624850PE,NIFTY,23NOV2026,2485000.000000,65,OPTIDX,NFO,5.000000,1801,False
64435,NIFTY23NOV2624900CE,NIFTY,23NOV2026,2490000.000000,65,OPTIDX,NFO,5.000000,1801,False
64440,NIFTY23NOV2625000PE,NIFTY,23NOV2026,2500000.000000,65,OPTIDX,NFO,5.000000,1801,False
64451,NIFTY23NOV2625200CE,NIFTY,23NOV2026,2520000.000000,65,OPTIDX,NFO,5.000000,1801,False
64455,NIFTY23NOV2625250PE,NIFTY,23NOV2026,2525000.000000,65,OPTIDX,NFO,5.000000,1801,False
64470,NIFTY23NOV2625450CE,NIFTY,23NOV2026,2545000.000000,65,OPTIDX,NFO,5.000000,1801,False
64473,NIFTY23NOV2625500CE,NIFTY,23NOV2026,2550000.000000,65,OPTIDX,NFO,5.000000,1801,False
64479,NIFTY23NOV2625650CE,NIFTY,23NOV2026,2565000.000000,65,OPTIDX,NFO,5.000000,1801,False
64481,NIFTY23NOV2625700CE,NIFTY,23NOV2026,2570000.000000,65,OPTIDX,NFO,5.000000,1801,False
64491,NIFTY23NOV2625850CE,NIFTY,23NOV2026,2585000.000000,65,OPTIDX,NFO,5.000000,1801,False
64494,NIFTY23NOV2625900PE,NIFTY,23NOV2026,2590000.000000,65,OPTIDX,NFO,5.000000,1801,False
64803,NIFTYFPI23NOV261425CE,NIFTYFPI,23NOV2026,142500.000000,1100,OPTIDX,NFO,5.000000,8501,False
64818,NIFTYFPI23NOV261455PE,NIFTYFPI,23NOV2026,145500.000000,1100,OPTIDX,NFO,5.000000,8501,False
64824,NIFTYFPI23NOV261470PE,NIFTYFPI,23NOV2026,147000.000000,1100,OPTIDX,NFO,5.000000,8501,False
64828,NIFTYFPI23NOV261475PE,NIFTYFPI,23NOV2026,147500.000000,1100,OPTIDX,NFO,5.000000,8501,False
64831,NIFTYFPI23NOV261485CE,NIFTYFPI,23NOV2026,148500.000000,1100,OPTIDX,NFO,5.000000,8501,False
64850,NIFTYFPI23NOV261530PE,NIFTYFPI,23NOV2026,153000.000000,1100,OPTIDX,NFO,5.000000,8501,False
64852,NIFTYFPI23NOV261535PE,NIFTYFPI,23NOV2026,153500.000000,1100,OPTIDX,NFO,5.000000,8501,False
64864,NIFTYFPI23NOV261560CE,NIFTYFPI,23NOV2026,156000.000000,1100,OPTIDX,NFO,5.000000,8501,False
64869,NIFTYFPI23NOV261570PE,NIFTYFPI,23NOV2026,157000.000000,1100,OPTIDX,NFO,5.000000,8501,False
64873,NIFTYFPI23NOV261580PE,NIFTYFPI,23NOV2026,158000.000000,1100,OPTIDX,NFO,5.000000,8501,False
64878,NIFTYFPI23NOV261595CE,NIFTYFPI,23NOV2026,159500.000000,1100,OPTIDX,NFO,5.000000,8501,False
64901,NIFTYFPI23NOV261630PE,NIFTYFPI,23NOV2026,163000.000000,1100,OPTIDX,NFO,5.000000,8501,False
64908,NIFTYFPI23NOV261645CE,NIFTYFPI,23NOV2026,164500.000000,1100,OPTIDX,NFO,5.000000,8501,False
64965,NIFTYFPI23NOV261740PE,NIFTYFPI,23NOV2026,174000.000000,1100,OPTIDX,NFO,5.000000,8501,False
65185,CIPLA27OCT261240PE,CIPLA,27OCT2026,124000.000000,425,OPTSTK,NFO,5.000000,17001,False
65231,NIFTYNXT5023NOV2662000PE,NIFTYNXT50,23NOV2026,6200000.000000,25,OPTIDX,NFO,5.000000,601,False
65266,CIPLA27OCT261360CE,CIPLA,27OCT2026,136000.000000,425,OPTSTK,NFO,5.000000,17001,False
65279,CIPLA27OCT261460PE,CIPLA,27OCT2026,146000.000000,425,OPTSTK,NFO,5.000000,17001,False
65284,CIPLA27OCT261480CE,CIPLA,27OCT2026,148000.000000,425,OPTSTK,NFO,5.000000,17001,False
65291,CIPLA27OCT261540PE,CIPLA,27OCT2026,154000.000000,425,OPTSTK,NFO,5.000000,17001,False
65295,CIPLA27OCT261580PE,CIPLA,27OCT2026,158000.000000,425,OPTSTK,NFO,5.000000,17001,False
65378,NIFTYNXT5023NOV2664400CE,NIFTYNXT50,23NOV2026,6440000.000000,25,OPTIDX,NFO,5.000000,601,False
65414,NIFTYNXT5023NOV2664800CE,NIFTYNXT50,23NOV2026,6480000.000000,25,OPTIDX,NFO,5.000000,601,False
65418,NIFTYNXT5023NOV2665000CE,NIFTYNXT50,23NOV2026,6500000.000000,25,OPTIDX,NFO,5.000000,601,False
65425,NIFTYNXT5023NOV2665300PE,NIFTYNXT50,23NOV2026,6530000.000000,25,OPTIDX,NFO,5.000000,601,False
65428,NIFTYNXT5023NOV2665500CE,NIFTYNXT50,23NOV2026,6550000.000000,25,OPTIDX,NFO,5.000000,601,False
65435,NIFTYNXT5023NOV2665800PE,NIFTYNXT50,23NOV2026,6580000.000000,25,OPTIDX,NFO,5.000000,601,False
65452,NIFTYNXT5023NOV2666700CE,NIFTYNXT50,23NOV2026,6670000.000000,25,OPTIDX,NFO,5.000000,601,False
65453,NIFTYNXT5023NOV2666700PE,NIFTYNXT50,23NOV2026,6670000.000000,25,OPTIDX,NFO,5.000000,601,False
65475,NIFTYNXT5023NOV2667200PE,NIFTYNXT50,23NOV2026,6720000.000000,25,OPTIDX,NFO,5.000000,601,False
65478,NIFTYNXT5023NOV2667400CE,NIFTYNXT50,23NOV2026,6740000.000000,25,OPTIDX,NFO,5.000000,601,False
65484,NIFTYNXT5023NOV2667700CE,NIFTYNXT50,23NOV2026,6770000.000000,25,OPTIDX,NFO,5.000000,601,False
65519,NIFTYNXT5023NOV2668600PE,NIFTYNXT50,23NOV2026,6860000.000000,25,OPTIDX,NFO,5.000000,601,False
65523,NIFTYNXT5023NOV2668800PE,NIFTYNXT50,23NOV2026,6880000.000000,25,OPTIDX,NFO,5.000000,601,False
65531,NIFTYNXT5023NOV2669200PE,NIFTYNXT50,23NOV2026,6920000.000000,25,OPTIDX,NFO,5.000000,601,False
65532,NIFTYNXT5023NOV2669300CE,NIFTYNXT50,23NOV2026,6930000.000000,25,OPTIDX,NFO,5.000000,601,False
65543,NIFTYNXT5023NOV2669800PE,NIFTYNXT50,23NOV2026,6980000.000000,25,OPTIDX,NFO,5.000000,601,False
65545,NIFTYNXT5023NOV2669900PE,NIFTYNXT50,23NOV2026,6990000.000000,25,OPTIDX,NFO,5.000000,601,False
65548,NIFTYNXT5023NOV2670100CE,NIFTYNXT50,23NOV2026,7010000.000000,25,OPTIDX,NFO,5.000000,601,False
65555,NIFTYNXT5023NOV2670400PE,NIFTYNXT50,23NOV2026,7040000.000000,25,OPTIDX,NFO,5.000000,601,False
65575,NIFTYNXT5023NOV2671300PE,NIFTYNXT50,23NOV2026,7130000.000000,25,OPTIDX,NFO,5.000000,601,False
65576,NIFTYNXT5023NOV2671400CE,NIFTYNXT50,23NOV2026,7140000.000000,25,OPTIDX,NFO,5.000000,601,False
65598,COALINDIA29SEP26365CE,COALINDIA,29SEP2026,36500.000000,1350,OPTSTK,NFO,5.000000,54001,False
65614,COALINDIA29SEP26395CE,COALINDIA,29SEP2026,39500.000000,1350,OPTSTK,NFO,5.000000,54001,False
65617,COALINDIA29SEP26405PE,COALINDIA,29SEP2026,40500.000000,1350,OPTSTK,NFO,5.000000,54001,False
65625,COALINDIA29SEP26445PE,COALINDIA,29SEP2026,44500.000000,1350,OPTSTK,NFO,5.000000,54001,False
65631,COALINDIA29SEP26475CE,COALINDIA,29SEP2026,47500.000000,1350,OPTSTK,NFO,5.000000,54001,False
65632,COALINDIA29SEP26475PE,COALINDIA,29SEP2026,47500.000000,1350,OPTSTK,NFO,5.000000,54001,False
65673,NIFTYNXT5023NOV2671900PE,NIFTYNXT50,23NOV2026,7190000.000000,25,OPTIDX,NFO,5.000000,601,False
65674,NIFTYNXT5023NOV2672000CE,NIFTYNXT50,23NOV2026,7200000.000000,25,OPTIDX,NFO,5.000000,601,False
65676,NIFTYNXT5023NOV2672100CE,NIFTYNXT50,23NOV2026,7210000.000000,25,OPTIDX,NFO,5.000000,601,False
65677,NIFTYNXT5023NOV2672100PE,NIFTYNXT50,23NOV2026,7210000.000000,25,OPTIDX,NFO,5.000000,601,False
65737,NIFTYNXT5023NOV2673900PE,NIFTYNXT50,23NOV2026,7390000.000000,25,OPTIDX,NFO,5.000000,601,False
65750,NIFTYNXT5023NOV2674500CE,NIFTYNXT50,23NOV2026,7450000.000000,25,OPTIDX,NFO,5.000000,601,False
65751,NIFTYNXT5023NOV2674500PE,NIFTYNXT50,23NOV2026,7450000.000000,25,OPTIDX,NFO,5.000000,601,False
65784,COALINDIA27OCT26340CE,COALINDIA,27OCT2026,34000.000000,1350,OPTSTK,NFO,5.000000,54001,False
65792,COALINDIA27OCT26380CE,COALINDIA,27OCT2026,38000.000000,1350,OPTSTK,NFO,5.000000,54001,False
65797,COALINDIA27OCT26400PE,COALINDIA,27OCT2026,40000.000000,1350,OPTSTK,NFO,5.000000,54001,False
65817,NIFTYNXT5023NOV2676000PE,NIFTYNXT50,23NOV2026,7600000.000000,25,OPTIDX,NFO,5.000000,601,False
65820,NIFTYNXT5023NOV2676200CE,NIFTYNXT50,23NOV2026,7620000.000000,25,OPTIDX,NFO,5.000000,601,False
65836,NIFTYNXT5023NOV2677000CE,NIFTYNXT50,23NOV2026,7700000.000000,25,OPTIDX,NFO,5.000000,601,False
65840,NIFTYNXT5023NOV2677200CE,NIFTYNXT50,23NOV2026,7720000.000000,25,OPTIDX,NFO,5.000000,601,False
65845,NIFTYNXT5023NOV2677400PE,NIFTYNXT50,23NOV2026,7740000.000000,25,OPTIDX,NFO,5.000000,601,False
65887,NIFTY29SEP2618000CE,NIFTY,29SEP2026,1800000.000000,65,OPTIDX,NFO,5.000000,1801,False
65907,NIFTY29SEP2627000PE,NIFTY,29SEP2026,2700000.000000,65,OPTIDX,NFO,5.000000,1801,False
65930,NIFTY29SEP2633000PE,NIFTY,29SEP2026,3300000.000000,65,OPTIDX,NFO,5.000000,1801,False
65943,NIFTYNXT5023NOV2680000PE,NIFTYNXT50,23NOV2026,8000000.000000,25,OPTIDX,NFO,5.000000,601,False
65954,COALINDIA27OCT26470CE,COALINDIA,27OCT2026,47000.000000,1350,OPTSTK,NFO,5.000000,54001,False
65995,COCHINSHIP29SEP261260PE,COCHINSHIP,29SEP2026,126000.000000,400,OPTSTK,NFO,5.000000,16001,False
66079,NIFTYNXT5023NOV2682000PE,NIFTYNXT50,23NOV2026,8200000.000000,25,OPTIDX,NFO,5.000000,601,False
66206,COCHINSHIP29SEP261580CE,COCHINSHIP,29SEP2026,158000.000000,400,OPTSTK,NFO,5.000000,16001,False
66216,COCHINSHIP29SEP261700PE,COCHINSHIP,29SEP2026,170000.000000,400,OPTSTK,NFO,5.000000,16001,False
66311,COCHINSHIP27OCT261400CE,COCHINSHIP,27OCT2026,140000.000000,400,OPTSTK,NFO,5.000000,16001,False
66313,COCHINSHIP27OCT261440CE,COCHINSHIP,27OCT2026,144000.000000,400,OPTSTK,NFO,5.000000,16001,False
66326,COCHINSHIP27OCT261640PE,COCHINSHIP,27OCT2026,164000.000000,400,OPTSTK,NFO,5.000000,16001,False
66407,COFORGE29SEP261660CE,COFORGE,29SEP2026,166000.000000,475,OPTSTK,NFO,5.000000,14251,False
66432,COFORGE29SEP262020PE,COFORGE,29SEP2026,202000.000000,475,OPTSTK,NFO,5.000000,14251,False
66482,COFORGE27OCT261560PE,COFORGE,27OCT2026,156000.000000,475,OPTSTK,NFO,5.000000,14251,False
66493,COFORGE27OCT261680CE,COFORGE,27OCT2026,168000.000000,475,OPTSTK,NFO,5.000000,14251,False
66520,360ONE23NOV261000PE,360ONE,23NOV2026,100000.000000,500,OPTSTK,NFO,5.000000,20001,False
66552,COFORGE27OCT261880CE,COFORGE,27OCT2026,188000.000000,475,OPTSTK,NFO,5.000000,14251,False
66579,COFORGE27OCT262120CE,COFORGE,27OCT2026,212000.000000,475,OPTSTK,NFO,5.000000,14251,False
66609,COLPAL29SEP261660CE,COLPAL,29SEP2026,166000.000000,275,OPTSTK,NFO,5.000000,11001,False
66622,COLPAL29SEP261860PE,COLPAL,29SEP2026,186000.000000,275,OPTSTK,NFO,5.000000,11001,False
66624,COLPAL29SEP261900PE,COLPAL,29SEP2026,190000.000000,275,OPTSTK,NFO,5.000000,11001,False
66625,COLPAL29SEP261940CE,COLPAL,29SEP2026,194000.000000,275,OPTSTK,NFO,5.000000,11001,False
66648,COLPAL29SEP262260PE,COLPAL,29SEP2026,226000.000000,275,OPTSTK,NFO,5.000000,11001,False
66707,ABB27OCT267300PE,ABB,27OCT2026,730000.000000,125,OPTSTK,NFO,5.000000,3751,False
66808,ABB23NOV266800CE,ABB,23NOV2026,680000.000000,125,OPTSTK,NFO,5.000000,3751,False
66818,COLPAL27OCT261800PE,COLPAL,27OCT2026,180000.000000,275,OPTSTK,NFO,5.000000,11001,False
66829,ABB23NOV267200PE,ABB,23NOV2026,720000.000000,125,OPTSTK,NFO,5.000000,3751,False
66837,ABB23NOV267800PE,ABB,23NOV2026,780000.000000,125,OPTSTK,NFO,5.000000,3751,False
66865,COLPAL27OCT262040CE,COLPAL,27OCT2026,204000.000000,275,OPTSTK,NFO,5.000000,11001,False
66867,COLPAL27OCT262080CE,COLPAL,27OCT2026,208000.000000,275,OPTSTK,NFO,5.000000,11001,False
66939,ABCAPITAL27OCT26375CE,ABCAPITAL,27OCT2026,37500.000000,3100,OPTSTK,NFO,5.000000,62001,False
66980,ABCAPITAL27OCT26395PE,ABCAPITAL,27OCT2026,39500.000000,3100,OPTSTK,NFO,5.000000,62001,False
66994,CONCOR29SEP26505CE,CONCOR,29SEP2026,50500.000000,1250,OPTSTK,NFO,5.000000,50001,False
67079,CONCOR29SEP26555PE,CONCOR,29SEP2026,55500.000000,1250,OPTSTK,NFO,5.000000,50001,False
67189,ABCAPITAL23NOV26380PE,ABCAPITAL,23NOV2026,38000.000000,3100,OPTSTK,NFO,5.000000,62001,False
67196,ABCAPITAL23NOV26410PE,ABCAPITAL,23NOV2026,41000.000000,3100,OPTSTK,NFO,5.000000,62001,False
67224,CONCOR27OCT26440PE,CONCOR,27OCT2026,44000.000000,1250,OPTSTK,NFO,5.000000,50001,False
67250,CONCOR27OCT26460CE,CONCOR,27OCT2026,46000.000000,1250,OPTSTK,NFO,5.000000,50001,False
67276,CONCOR27OCT26530CE,CONCOR,27OCT2026,53000.000000,1250,OPTSTK,NFO,5.000000,50001,False
67298,CONCOR27OCT26590PE,CONCOR,27OCT2026,59000.000000,1250,OPTSTK,NFO,5.000000,50001,False
67332,ADANIENSOL27OCT261220PE,ADANIENSOL,27OCT2026,122000.000000,675,OPTSTK,NFO,5.000000,13501,False
67333,ADANIENSOL27OCT261260CE,ADANIENSOL,27OCT2026,126000.000000,675,OPTSTK,NFO,5.000000,13501,False
67335,ADANIENSOL27OCT261300CE,ADANIENSOL,27OCT2026,130000.000000,675,OPTSTK,NFO,5.000000,13501,False
67341,ADANIENSOL27OCT261420CE,ADANIENSOL,27OCT2026,142000.000000,675,OPTSTK,NFO,5.000000,13501,False
67457,ADANIENSOL23NOV261200CE,ADANIENSOL,23NOV2026,120000.000000,675,OPTSTK,NFO,5.000000,13501,False
67466,ADANIENSOL23NOV261360PE,ADANIENSOL,23NOV2026,136000.000000,675,OPTSTK,NFO,5.000000,13501,False
67472,CROMPTON29SEP26255CE,CROMPTON,29SEP2026,25500.000000,2150,OPTSTK,NFO,1.000000,86001,False
67475,ADANIENSOL23NOV261520PE,ADANIENSOL,23NOV2026,152000.000000,675,OPTSTK,NFO,5.000000,13501,False
67482,ADANIENSOL23NOV261560PE,ADANIENSOL,23NOV2026,156000.000000,675,OPTSTK,NFO,5.000000,13501,False
67487,CROMPTON29SEP26295PE,CROMPTON,29SEP2026,29500.000000,2150,OPTSTK,NFO,1.000000,86001,False
67521,CROMPTON27OCT26200PE,CROMPTON,27OCT2026,20000.000000,2150,OPTSTK,NFO,1.000000,86001,False
67525,CROMPTON27OCT26210PE,CROMPTON,27OCT2026,21000.000000,2150,OPTSTK,NFO,1.000000,86001,False
67541,CROMPTON27OCT26280CE,CROMPTON,27OCT2026,28000.000000,2150,OPTSTK,NFO,1.000000,86001,False
67588,CUMMINSIND29SEP264700CE,CUMMINSIND,29SEP2026,470000.000000,200,OPTSTK,NFO,5.000000,4001,False
67599,CUMMINSIND29SEP265100PE,CUMMINSIND,29SEP2026,510000.000000,200,OPTSTK,NFO,5.000000,4001,False
67641,CUMMINSIND27OCT264200PE,CUMMINSIND,27OCT2026,420000.000000,200,OPTSTK,NFO,5.000000,4001,False
67658,CUMMINSIND27OCT265600CE,CUMMINSIND,27OCT2026,560000.000000,200,OPTSTK,NFO,5.000000,4001,False
67698,DABUR29SEP26355CE,DABUR,29SEP2026,35500.000000,1250,OPTSTK,NFO,5.000000,50001,False
67699,DABUR29SEP26355PE,DABUR,29SEP2026,35500.000000,1250,OPTSTK,NFO,5.000000,50001,False
67782,NIFTY26DEC2824000CE,NIFTY,26DEC2028,2400000.000000,65,OPTIDX,NFO,5.000000,1801,False
67789,NIFTY26DEC2827000PE,NIFTY,26DEC2028,2700000.000000,65,OPTIDX,NFO,5.000000,1801,False
67790,NIFTY26DEC2828000CE,NIFTY,26DEC2028,2800000.000000,65,OPTIDX,NFO,5.000000,1801,False
67795,NIFTY26DEC2830000PE,NIFTY,26DEC2028,3000000.000000,65,OPTIDX,NFO,5.000000,1801,False
67800,DABUR27OCT26330PE,DABUR,27OCT2026,33000.000000,1250,OPTSTK,NFO,5.000000,50001,False
67816,DABUR27OCT26380CE,DABUR,27OCT2026,38000.000000,1250,OPTSTK,NFO,5.000000,50001,False
67826,DABUR27OCT26400PE,DABUR,27OCT2026,40000.000000,1250,OPTSTK,NFO,5.000000,50001,False
67830,DABUR27OCT26410PE,DABUR,27OCT2026,41000.000000,1250,OPTSTK,NFO,5.000000,50001,False
67865,DABUR27OCT26500CE,DABUR,27OCT2026,50000.000000,1250,OPTSTK,NFO,5.000000,50001,False
67898,ADANIENT23NOV262900PE,ADANIENT,23NOV2026,290000.000000,309,OPTSTK,NFO,5.000000,9271,False
67900,ADANIENT23NOV263000PE,ADANIENT,23NOV2026,300000.000000,309,OPTSTK,NFO,5.000000,9271,False
67905,ADANIENT23NOV263300CE,ADANIENT,23NOV2026,330000.000000,309,OPTSTK,NFO,5.000000,9271,False
67911,ADANIENT23NOV263500CE,ADANIENT,23NOV2026,350000.000000,309,OPTSTK,NFO,5.000000,9271,False
68086,ADANIGREEN23NOV261200PE,ADANIGREEN,23NOV2026,120000.000000,600,OPTSTK,NFO,5.000000,18001,False
68096,ADANIGREEN23NOV261240PE,ADANIGREEN,23NOV2026,124000.000000,600,OPTSTK,NFO,5.000000,18001,False
68099,ADANIGREEN23NOV261280CE,ADANIGREEN,23NOV2026,128000.000000,600,OPTSTK,NFO,5.000000,18001,False
68117,ADANIGREEN23NOV261360CE,ADANIGREEN,23NOV2026,136000.000000,600,OPTSTK,NFO,5.000000,18001,False
68125,DELHIVERY27OCT26370CE,DELHIVERY,27OCT2026,37000.000000,2075,OPTSTK,NFO,5.000000,62251,False
68142,DELHIVERY27OCT26410PE,DELHIVERY,27OCT2026,41000.000000,2075,OPTSTK,NFO,5.000000,62251,False
68153,DELHIVERY27OCT26460CE,DELHIVERY,27OCT2026,46000.000000,2075,OPTSTK,NFO,5.000000,62251,False
68160,DELHIVERY27OCT26470PE,DELHIVERY,27OCT2026,47000.000000,2075,OPTSTK,NFO,5.000000,62251,False
68236,ADANIPORTS27OCT261540PE,ADANIPORTS,27OCT2026,154000.000000,475,OPTSTK,NFO,5.000000,14251,False
68276,ADANIPORTS27OCT261860PE,ADANIPORTS,27OCT2026,186000.000000,475,OPTSTK,NFO,5.000000,14251,False
68371,DIVISLAB29SEP267700CE,DIVISLAB,29SEP2026,770000.000000,100,OPTSTK,NFO,5.000000,3001,False
68378,DIVISLAB29SEP268300PE,DIVISLAB,29SEP2026,830000.000000,100,OPTSTK,NFO,5.000000,3001,False
68381,DIVISLAB29SEP268700CE,DIVISLAB,29SEP2026,870000.000000,100,OPTSTK,NFO,5.000000,3001,False
68386,DIVISLAB29SEP268900PE,DIVISLAB,29SEP2026,890000.000000,100,OPTSTK,NFO,5.000000,3001,False
68391,FINNIFTY29SEP26FUT,FINNIFTY,29SEP2026,-1.000000,60,FUTIDX,NFO,10.000000,1801,False
68394,DIVISLAB29SEP269400PE,DIVISLAB,29SEP2026,940000.000000,100,OPTSTK,NFO,5.000000,3001,False
68401,DIVISLAB29SEP2610400CE,DIVISLAB,29SEP2026,1040000.000000,100,OPTSTK,NFO,5.000000,3001,False
68419,ADANIPORTS29SEP26FUT,ADANIPORTS,29SEP2026,-1.000000,475,FUTSTK,NFO,10.000000,14251,False
68425,APLAPOLLO29SEP26FUT,APLAPOLLO,29SEP2026,-1.000000,350,FUTSTK,NFO,10.000000,10501,False
68428,ASIANPAINT29SEP26FUT,ASIANPAINT,29SEP2026,-1.000000,250,FUTSTK,NFO,10.000000,10001,False
68432,AUBANK29SEP26FUT,AUBANK,29SEP2026,-1.000000,1000,FUTSTK,NFO,10.000000,20001,False
68444,BANKBARODA29SEP26FUT,BANKBARODA,29SEP2026,-1.000000,2925,FUTSTK,NFO,1.000000,87751,False
68468,CROMPTON29SEP26FUT,CROMPTON,29SEP2026,-1.000000,2150,FUTSTK,NFO,1.000000,86001,False
68473,DIXON29SEP26FUT,DIXON,29SEP2026,-1.000000,50,FUTSTK,NFO,100.000000,1501,False
68528,ADANIPORTS23NOV261640PE,ADANIPORTS,23NOV2026,164000.000000,475,OPTSTK,NFO,5.000000,14251,False
68553,INFY29SEP26FUT,INFY,29SEP2026,-1.000000,400,FUTSTK,NFO,10.000000,20001,False
68554,INOXWIND29SEP26FUT,INOXWIND,29SEP2026,-1.000000,6400,FUTSTK,NFO,1.000000,256001,False
68559,JINDALSTEL29SEP26FUT,JINDALSTEL,29SEP2026,-1.000000,625,FUTSTK,NFO,10.000000,18751,False
68561,ADANIPORTS23NOV261720PE,ADANIPORTS,23NOV2026,172000.000000,475,OPTSTK,NFO,5.000000,14251,False
68571,ADANIPORTS23NOV261800PE,ADANIPORTS,23NOV2026,180000.000000,475,OPTSTK,NFO,5.000000,14251,False
68582,ADANIPORTS23NOV261960CE,ADANIPORTS,23NOV2026,196000.000000,475,OPTSTK,NFO,5.000000,14251,False
68612,LAURUSLABS29SEP26FUT,LAURUSLABS,29SEP2026,-1.000000,850,FUTSTK,NFO,10.000000,17001,False
68673,MAZDOCK29SEP26FUT,MAZDOCK,29SEP2026,-1.000000,225,FUTSTK,NFO,10.000000,9001,False
68684,ADANIPOWER27OCT26215CE,ADANIPOWER,27OCT2026,21500.000000,3550,OPTSTK,NFO,1.000000,106501,False
68686,ADANIPOWER27OCT26225CE,ADANIPOWER,27OCT2026,22500.000000,3550,OPTSTK,NFO,1.000000,106501,False
68691,MFSL29SEP26FUT,MFSL,29SEP2026,-1.000000,400,FUTSTK,NFO,10.000000,16001,False
68701,MOTILALOFS29SEP26FUT,MOTILALOFS,29SEP2026,-1.000000,775,FUTSTK,NFO,10.000000,23251,False
68726,DIXON29SEP2613250PE,DIXON,29SEP2026,1325000.000000,50,OPTSTK,NFO,5.000000,1501,False
68731,DIXON29SEP2614750CE,DIXON,29SEP2026,1475000.000000,50,OPTSTK,NFO,5.000000,1501,False
68732,DIXON29SEP2614750PE,DIXON,29SEP2026,1475000.000000,50,OPTSTK,NFO,5.000000,1501,False
68733,DIXON29SEP2615250CE,DIXON,29SEP2026,1525000.000000,50,OPTSTK,NFO,5.000000,1501,False
68736,MPHASIS29SEP26FUT,MPHASIS,29SEP2026,-1.000000,275,FUTSTK,NFO,10.000000,11001,False
68757,PATANJALI29SEP26FUT,PATANJALI,29SEP2026,-1.000000,1075,FUTSTK,NFO,5.000000,64501,False
68762,PGEL29SEP26FUT,PGEL,29SEP2026,-1.000000,950,FUTSTK,NFO,5.000000,38001,False
68768,POLICYBZR29SEP26FUT,POLICYBZR,29SEP2026,-1.000000,350,FUTSTK,NFO,10.000000,14001,False
68776,RECLTD29SEP26FUT,RECLTD,29SEP2026,-1.000000,1575,FUTSTK,NFO,5.000000,63001,False
68782,SBIN29SEP26FUT,SBIN,29SEP2026,-1.000000,750,FUTSTK,NFO,10.000000,22501,False
68789,SUNPHARMA29SEP26FUT,SUNPHARMA,29SEP2026,-1.000000,350,FUTSTK,NFO,10.000000,14001,False
68794,TATAELXSI29SEP26FUT,TATAELXSI,29SEP2026,-1.000000,125,FUTSTK,NFO,10.000000,6251,False
68808,ADANIPOWER23NOV26180CE,ADANIPOWER,23NOV2026,18000.000000,3550,OPTSTK,NFO,1.000000,106501,False
68816,ADANIPOWER23NOV26220CE,ADANIPOWER,23NOV2026,22000.000000,3550,OPTSTK,NFO,1.000000,106501,False
68825,ADANIPOWER23NOV26260PE,ADANIPOWER,23NOV2026,26000.000000,3550,OPTSTK,NFO,1.000000,106501,False
68904,ALKEM27OCT265050CE,ALKEM,27OCT2026,505000.000000,125,OPTSTK,NFO,5.000000,5001,False
68913,ALKEM27OCT265350PE,ALKEM,27OCT2026,535000.000000,125,OPTSTK,NFO,5.000000,5001,False
68922,ALKEM27OCT265550CE,ALKEM,27OCT2026,555000.000000,125,OPTSTK,NFO,5.000000,5001,False
68955,DIXON27OCT2615000PE,DIXON,27OCT2026,1500000.000000,50,OPTSTK,NFO,5.000000,1501,False
69062,ALKEM23NOV265700PE,ALKEM,23NOV2026,570000.000000,125,OPTSTK,NFO,5.000000,5001,False
69129,DLF29SEP26710PE,DLF,29SEP2026,71000.000000,950,OPTSTK,NFO,5.000000,38001,False
69180,DLF27OCT26760CE,DLF,27OCT2026,76000.000000,950,OPTSTK,NFO,5.000000,38001,False
69160,DLF27OCT26580CE,DLF,27OCT2026,58000.000000,950,OPTSTK,NFO,5.000000,38001,False
69168,DLF27OCT26660CE,DLF,27OCT2026,66000.000000,950,OPTSTK,NFO,5.000000,38001,False
69172,DLF27OCT26700CE,DLF,27OCT2026,70000.000000,950,OPTSTK,NFO,5.000000,38001,False
69185,DLF27OCT26800PE,DLF,27OCT2026,80000.000000,950,OPTSTK,NFO,5.000000,38001,False
69267,AMBER27OCT267900CE,AMBER,27OCT2026,790000.000000,100,OPTSTK,NFO,5.000000,3001,False
69268,AMBER27OCT267900PE,AMBER,27OCT2026,790000.000000,100,OPTSTK,NFO,5.000000,3001,False
69273,AMBER27OCT268500CE,AMBER,27OCT2026,850000.000000,100,OPTSTK,NFO,5.000000,3001,False
69350,DMART29SEP263350CE,DMART,29SEP2026,335000.000000,150,OPTSTK,NFO,5.000000,6001,False
69351,DMART29SEP263350PE,DMART,29SEP2026,335000.000000,150,OPTSTK,NFO,5.000000,6001,False
69364,DMART29SEP263850CE,DMART,29SEP2026,385000.000000,150,OPTSTK,NFO,5.000000,6001,False
69371,DMART29SEP264050PE,DMART,29SEP2026,405000.000000,150,OPTSTK,NFO,5.000000,6001,False
69397,AMBER23NOV267400CE,AMBER,23NOV2026,740000.000000,100,OPTSTK,NFO,5.000000,3001,False
69431,AMBER23NOV268400PE,AMBER,23NOV2026,840000.000000,100,OPTSTK,NFO,5.000000,3001,False
69441,AMBER23NOV268800PE,AMBER,23NOV2026,880000.000000,100,OPTSTK,NFO,5.000000,3001,False
69484,DMART29SEP264150PE,DMART,29SEP2026,415000.000000,150,OPTSTK,NFO,5.000000,6001,False
69625,DMART27OCT263100CE,DMART,27OCT2026,310000.000000,150,OPTSTK,NFO,5.000000,6001,False
69547,BANKNIFTY29SEP2649000PE,BANKNIFTY,29SEP2026,4900000.000000,30,OPTIDX,NFO,5.000000,601,False
69577,DMART29SEP264350CE,DMART,29SEP2026,435000.000000,150,OPTSTK,NFO,5.000000,6001,False
69615,AMBUJACEM27OCT26375CE,AMBUJACEM,27OCT2026,37500.000000,1200,OPTSTK,NFO,5.000000,60001,False
69678,BANKNIFTY29SEP2652700CE,BANKNIFTY,29SEP2026,5270000.000000,30,OPTIDX,NFO,5.000000,601,False
69626,DMART27OCT263100PE,DMART,27OCT2026,310000.000000,150,OPTSTK,NFO,5.000000,6001,False
69665,BANKNIFTY29SEP2651900PE,BANKNIFTY,29SEP2026,5190000.000000,30,OPTIDX,NFO,5.000000,601,False
69674,BANKNIFTY29SEP2652400CE,BANKNIFTY,29SEP2026,5240000.000000,30,OPTIDX,NFO,5.000000,601,False
69685,BANKNIFTY29SEP2653000PE,BANKNIFTY,29SEP2026,5300000.000000,30,OPTIDX,NFO,5.000000,601,False
69689,BANKNIFTY29SEP2653200PE,BANKNIFTY,29SEP2026,5320000.000000,30,OPTIDX,NFO,5.000000,601,False
69695,BANKNIFTY29SEP2653500PE,BANKNIFTY,29SEP2026,5350000.000000,30,OPTIDX,NFO,5.000000,601,False
69700,BANKNIFTY29SEP2653800CE,BANKNIFTY,29SEP2026,5380000.000000,30,OPTIDX,NFO,5.000000,601,False
69702,BANKNIFTY29SEP2653900CE,BANKNIFTY,29SEP2026,5390000.000000,30,OPTIDX,NFO,5.000000,601,False
69704,BANKNIFTY29SEP2654100CE,BANKNIFTY,29SEP2026,5410000.000000,30,OPTIDX,NFO,5.000000,601,False
69716,AMBUJACEM27OCT26455CE,AMBUJACEM,27OCT2026,45500.000000,1200,OPTSTK,NFO,5.000000,60001,False
69762,BANKNIFTY29SEP2654700PE,BANKNIFTY,29SEP2026,5470000.000000,30,OPTIDX,NFO,5.000000,601,False
69769,BANKNIFTY29SEP2655100CE,BANKNIFTY,29SEP2026,5510000.000000,30,OPTIDX,NFO,5.000000,601,False
69772,BANKNIFTY29SEP2655100PE,BANKNIFTY,29SEP2026,5510000.000000,30,OPTIDX,NFO,5.000000,601,False
69779,BANKNIFTY29SEP2655600CE,BANKNIFTY,29SEP2026,5560000.000000,30,OPTIDX,NFO,5.000000,601,False
69784,BANKNIFTY29SEP2655800PE,BANKNIFTY,29SEP2026,5580000.000000,30,OPTIDX,NFO,5.000000,601,False
69797,BANKNIFTY29SEP2656300CE,BANKNIFTY,29SEP2026,5630000.000000,30,OPTIDX,NFO,5.000000,601,False
69800,BANKNIFTY29SEP2656400PE,BANKNIFTY,29SEP2026,5640000.000000,30,OPTIDX,NFO,5.000000,601,False
69804,BANKNIFTY29SEP2656600PE,BANKNIFTY,29SEP2026,5660000.000000,30,OPTIDX,NFO,5.000000,601,False
69838,BANKNIFTY29SEP2658000CE,BANKNIFTY,29SEP2026,5800000.000000,30,OPTIDX,NFO,5.000000,601,False
69850,BANKNIFTY29SEP2658400CE,BANKNIFTY,29SEP2026,5840000.000000,30,OPTIDX,NFO,5.000000,601,False
69852,DMART27OCT263800CE,DMART,27OCT2026,380000.000000,150,OPTSTK,NFO,5.000000,6001,False
69858,DMART27OCT264000CE,DMART,27OCT2026,400000.000000,150,OPTSTK,NFO,5.000000,6001,False
69895,BANKNIFTY29SEP2659000CE,BANKNIFTY,29SEP2026,5900000.000000,30,OPTIDX,NFO,5.000000,601,False
69898,BANKNIFTY29SEP2659100PE,BANKNIFTY,29SEP2026,5910000.000000,30,OPTIDX,NFO,5.000000,601,False
69899,BANKNIFTY29SEP2659200CE,BANKNIFTY,29SEP2026,5920000.000000,30,OPTIDX,NFO,5.000000,601,False
69905,AMBUJACEM23NOV26340CE,AMBUJACEM,23NOV2026,34000.000000,1200,OPTSTK,NFO,5.000000,60001,False
69906,AMBUJACEM23NOV26340PE,AMBUJACEM,23NOV2026,34000.000000,1200,OPTSTK,NFO,5.000000,60001,False
69907,AMBUJACEM23NOV26350CE,AMBUJACEM,23NOV2026,35000.000000,1200,OPTSTK,NFO,5.000000,60001,False
69910,AMBUJACEM23NOV26360PE,AMBUJACEM,23NOV2026,36000.000000,1200,OPTSTK,NFO,5.000000,60001,False
69911,AMBUJACEM23NOV26370CE,AMBUJACEM,23NOV2026,37000.000000,1200,OPTSTK,NFO,5.000000,60001,False
69912,AMBUJACEM23NOV26370PE,AMBUJACEM,23NOV2026,37000.000000,1200,OPTSTK,NFO,5.000000,60001,False
69913,BANKNIFTY29SEP2659300CE,BANKNIFTY,29SEP2026,5930000.000000,30,OPTIDX,NFO,5.000000,601,False
69914,AMBUJACEM23NOV26380CE,AMBUJACEM,23NOV2026,38000.000000,1200,OPTSTK,NFO,5.000000,60001,False
69917,BANKNIFTY29SEP2659400CE,BANKNIFTY,29SEP2026,5940000.000000,30,OPTIDX,NFO,5.000000,601,False
69973,ANGELONE27OCT26255CE,ANGELONE,27OCT2026,25500.000000,2500,OPTSTK,NFO,5.000000,75001,False
69985,ANGELONE27OCT26305PE,ANGELONE,27OCT2026,30500.000000,2500,OPTSTK,NFO,5.000000,75001,False
69998,DMART27OCT264400PE,DMART,27OCT2026,440000.000000,150,OPTSTK,NFO,5.000000,6001,False
70024,BANKNIFTY29SEP2660700PE,BANKNIFTY,29SEP2026,6070000.000000,30,OPTIDX,NFO,5.000000,601,False
70026,BANKNIFTY29SEP2660800PE,BANKNIFTY,29SEP2026,6080000.000000,30,OPTIDX,NFO,5.000000,601,False
70044,BANKNIFTY29SEP2661700PE,BANKNIFTY,29SEP2026,6170000.000000,30,OPTIDX,NFO,5.000000,601,False
70078,BANKNIFTY29SEP2662100CE,BANKNIFTY,29SEP2026,6210000.000000,30,OPTIDX,NFO,5.000000,601,False
70106,BANKNIFTY29SEP2663500PE,BANKNIFTY,29SEP2026,6350000.000000,30,OPTIDX,NFO,5.000000,601,False
70154,BANKNIFTY29SEP2665000CE,BANKNIFTY,29SEP2026,6500000.000000,30,OPTIDX,NFO,5.000000,601,False
70229,ANGELONE23NOV26240CE,ANGELONE,23NOV2026,24000.000000,2500,OPTSTK,NFO,5.000000,75001,False
70230,ANGELONE23NOV26240PE,ANGELONE,23NOV2026,24000.000000,2500,OPTSTK,NFO,5.000000,75001,False
70402,DRREDDY29SEP261110PE,DRREDDY,29SEP2026,111000.000000,625,OPTSTK,NFO,5.000000,18751,False
70407,DRREDDY29SEP261170CE,DRREDDY,29SEP2026,117000.000000,625,OPTSTK,NFO,5.000000,18751,False
70419,DRREDDY29SEP261250CE,DRREDDY,29SEP2026,125000.000000,625,OPTSTK,NFO,5.000000,18751,False
70463,APLAPOLLO27OCT262060CE,APLAPOLLO,27OCT2026,206000.000000,350,OPTSTK,NFO,5.000000,10501,False
70482,APLAPOLLO27OCT262340PE,APLAPOLLO,27OCT2026,234000.000000,350,OPTSTK,NFO,5.000000,10501,False
70656,APLAPOLLO23NOV261960CE,APLAPOLLO,23NOV2026,196000.000000,350,OPTSTK,NFO,5.000000,10501,False
70687,DRREDDY27OCT26960PE,DRREDDY,27OCT2026,96000.000000,625,OPTSTK,NFO,5.000000,18751,False
70695,APLAPOLLO23NOV262440PE,APLAPOLLO,23NOV2026,244000.000000,350,OPTSTK,NFO,5.000000,10501,False
70702,APLAPOLLO23NOV262480CE,APLAPOLLO,23NOV2026,248000.000000,350,OPTSTK,NFO,5.000000,10501,False
70703,APLAPOLLO23NOV262480PE,APLAPOLLO,23NOV2026,248000.000000,350,OPTSTK,NFO,5.000000,10501,False
70772,DRREDDY27OCT26980CE,DRREDDY,27OCT2026,98000.000000,625,OPTSTK,NFO,5.000000,18751,False
70778,DRREDDY27OCT261000CE,DRREDDY,27OCT2026,100000.000000,625,OPTSTK,NFO,5.000000,18751,False
70786,BANKNIFTY29JUN2754000CE,BANKNIFTY,29JUN2027,5400000.000000,30,OPTIDX,NFO,5.000000,601,False
70791,BANKNIFTY29JUN2755500PE,BANKNIFTY,29JUN2027,5550000.000000,30,OPTIDX,NFO,5.000000,601,False
70797,BANKNIFTY29JUN2760000PE,BANKNIFTY,29JUN2027,6000000.000000,30,OPTIDX,NFO,5.000000,601,False
70833,APOLLOHOSP27OCT268700CE,APOLLOHOSP,27OCT2026,870000.000000,125,OPTSTK,NFO,5.000000,2501,False
70837,APOLLOHOSP27OCT269100CE,APOLLOHOSP,27OCT2026,910000.000000,125,OPTSTK,NFO,5.000000,2501,False
70901,DRREDDY27OCT261120CE,DRREDDY,27OCT2026,112000.000000,625,OPTSTK,NFO,5.000000,18751,False
70908,DRREDDY27OCT261180PE,DRREDDY,27OCT2026,118000.000000,625,OPTSTK,NFO,5.000000,18751,False
70913,DRREDDY27OCT261240CE,DRREDDY,27OCT2026,124000.000000,625,OPTSTK,NFO,5.000000,18751,False
70919,DRREDDY27OCT261300CE,DRREDDY,27OCT2026,130000.000000,625,OPTSTK,NFO,5.000000,18751,False
70965,APOLLOHOSP23NOV267800CE,APOLLOHOSP,23NOV2026,780000.000000,125,OPTSTK,NFO,5.000000,2501,False
70969,APOLLOHOSP23NOV268200CE,APOLLOHOSP,23NOV2026,820000.000000,125,OPTSTK,NFO,5.000000,2501,False
71076,EICHERMOT29SEP266500CE,EICHERMOT,29SEP2026,650000.000000,100,OPTSTK,NFO,5.000000,3001,False
71127,ASHOKLEY23NOV26155CE,ASHOKLEY,23NOV2026,15500.000000,5000,OPTSTK,NFO,1.000000,150001,False
71230,ASIANPAINT27OCT262380CE,ASIANPAINT,27OCT2026,238000.000000,250,OPTSTK,NFO,5.000000,10001,False
71232,ASIANPAINT27OCT262420CE,ASIANPAINT,27OCT2026,242000.000000,250,OPTSTK,NFO,5.000000,10001,False
71242,ASIANPAINT27OCT262500CE,ASIANPAINT,27OCT2026,250000.000000,250,OPTSTK,NFO,5.000000,10001,False
71259,ASIANPAINT27OCT262740CE,ASIANPAINT,27OCT2026,274000.000000,250,OPTSTK,NFO,5.000000,10001,False
71260,ASIANPAINT27OCT262740PE,ASIANPAINT,27OCT2026,274000.000000,250,OPTSTK,NFO,5.000000,10001,False
71265,ASIANPAINT27OCT262820PE,ASIANPAINT,27OCT2026,282000.000000,250,OPTSTK,NFO,5.000000,10001,False
71280,ASIANPAINT27OCT262860CE,ASIANPAINT,27OCT2026,286000.000000,250,OPTSTK,NFO,5.000000,10001,False
71374,EICHERMOT27OCT267600CE,EICHERMOT,27OCT2026,760000.000000,100,OPTSTK,NFO,5.000000,3001,False
71382,EICHERMOT27OCT268000PE,EICHERMOT,27OCT2026,800000.000000,100,OPTSTK,NFO,5.000000,3001,False
71417,EICHERMOT27OCT268200PE,EICHERMOT,27OCT2026,820000.000000,100,OPTSTK,NFO,5.000000,3001,False
71431,EICHERMOT27OCT269200PE,EICHERMOT,27OCT2026,920000.000000,100,OPTSTK,NFO,5.000000,3001,False
71432,EICHERMOT27OCT269400CE,EICHERMOT,27OCT2026,940000.000000,100,OPTSTK,NFO,5.000000,3001,False
71561,NIFTY29JUN2724000PE,NIFTY,29JUN2027,2400000.000000,65,OPTIDX,NFO,5.000000,1801,False
71582,ETERNAL29SEP26285CE,ETERNAL,29SEP2026,28500.000000,2425,OPTSTK,NFO,5.000000,72751,False
71590,ETERNAL29SEP26325CE,ETERNAL,29SEP2026,32500.000000,2425,OPTSTK,NFO,5.000000,72751,False
71609,ASIANPAINT23NOV262280PE,ASIANPAINT,23NOV2026,228000.000000,250,OPTSTK,NFO,5.000000,10001,False
71616,ASIANPAINT23NOV262440CE,ASIANPAINT,23NOV2026,244000.000000,250,OPTSTK,NFO,5.000000,10001,False
71637,ASIANPAINT23NOV262840PE,ASIANPAINT,23NOV2026,284000.000000,250,OPTSTK,NFO,5.000000,10001,False
71652,ETERNAL29SEP26355CE,ETERNAL,29SEP2026,35500.000000,2425,OPTSTK,NFO,5.000000,72751,False
71700,FINNIFTY29SEP2622700CE,FINNIFTY,29SEP2026,2270000.000000,60,OPTIDX,NFO,5.000000,1801,False
71705,FINNIFTY29SEP2622900PE,FINNIFTY,29SEP2026,2290000.000000,60,OPTIDX,NFO,5.000000,1801,False
71707,ASTRAL27OCT261340CE,ASTRAL,27OCT2026,134000.000000,425,OPTSTK,NFO,5.000000,17001,False
71709,ASTRAL27OCT261380CE,ASTRAL,27OCT2026,138000.000000,425,OPTSTK,NFO,5.000000,17001,False
71723,FINNIFTY29SEP2623500PE,FINNIFTY,29SEP2026,2350000.000000,60,OPTIDX,NFO,5.000000,1801,False
71727,FINNIFTY29SEP2623700PE,FINNIFTY,29SEP2026,2370000.000000,60,OPTIDX,NFO,5.000000,1801,False
71734,FINNIFTY29SEP2624100CE,FINNIFTY,29SEP2026,2410000.000000,60,OPTIDX,NFO,5.000000,1801,False
71736,FINNIFTY29SEP2624200CE,FINNIFTY,29SEP2026,2420000.000000,60,OPTIDX,NFO,5.000000,1801,False
71747,FINNIFTY29SEP2624600PE,FINNIFTY,29SEP2026,2460000.000000,60,OPTIDX,NFO,5.000000,1801,False
71752,ASTRAL27OCT261540CE,ASTRAL,27OCT2026,154000.000000,425,OPTSTK,NFO,5.000000,17001,False
71759,ASTRAL27OCT261620PE,ASTRAL,27OCT2026,162000.000000,425,OPTSTK,NFO,5.000000,17001,False
71766,FINNIFTY29SEP2625100CE,FINNIFTY,29SEP2026,2510000.000000,60,OPTIDX,NFO,5.000000,1801,False
71786,FINNIFTY29SEP2625800PE,FINNIFTY,29SEP2026,2580000.000000,60,OPTIDX,NFO,5.000000,1801,False
71793,FINNIFTY29SEP2626100PE,FINNIFTY,29SEP2026,2610000.000000,60,OPTIDX,NFO,5.000000,1801,False
71820,FINNIFTY29SEP2626500PE,FINNIFTY,29SEP2026,2650000.000000,60,OPTIDX,NFO,5.000000,1801,False
71821,FINNIFTY29SEP2626600CE,FINNIFTY,29SEP2026,2660000.000000,60,OPTIDX,NFO,5.000000,1801,False
71869,FINNIFTY29SEP2627300PE,FINNIFTY,29SEP2026,2730000.000000,60,OPTIDX,NFO,5.000000,1801,False
71880,FINNIFTY29SEP2627600CE,FINNIFTY,29SEP2026,2760000.000000,60,OPTIDX,NFO,5.000000,1801,False
71883,FINNIFTY29SEP2627700PE,FINNIFTY,29SEP2026,2770000.000000,60,OPTIDX,NFO,5.000000,1801,False
71885,FINNIFTY29SEP2627800PE,FINNIFTY,29SEP2026,2780000.000000,60,OPTIDX,NFO,5.000000,1801,False
71896,FINNIFTY29SEP2628300CE,FINNIFTY,29SEP2026,2830000.000000,60,OPTIDX,NFO,5.000000,1801,False
71909,ASTRAL23NOV261240CE,ASTRAL,23NOV2026,124000.000000,425,OPTSTK,NFO,5.000000,17001,False
71966,FINNIFTY29SEP2628600CE,FINNIFTY,29SEP2026,2860000.000000,60,OPTIDX,NFO,5.000000,1801,False
71973,FINNIFTY29SEP2628900CE,FINNIFTY,29SEP2026,2890000.000000,60,OPTIDX,NFO,5.000000,1801,False
72010,FINNIFTY29SEP2630000PE,FINNIFTY,29SEP2026,3000000.000000,60,OPTIDX,NFO,5.000000,1801,False
72037,ETERNAL27OCT26290PE,ETERNAL,27OCT2026,29000.000000,2425,OPTSTK,NFO,5.000000,72751,False
72048,ETERNAL27OCT26330CE,ETERNAL,27OCT2026,33000.000000,2425,OPTSTK,NFO,5.000000,72751,False
72057,ETERNAL27OCT26370PE,ETERNAL,27OCT2026,37000.000000,2425,OPTSTK,NFO,5.000000,72751,False
72070,ASTRAL23NOV261560CE,ASTRAL,23NOV2026,156000.000000,425,OPTSTK,NFO,5.000000,17001,False
72071,ASTRAL23NOV261560PE,ASTRAL,23NOV2026,156000.000000,425,OPTSTK,NFO,5.000000,17001,False
72072,ASTRAL23NOV261600CE,ASTRAL,23NOV2026,160000.000000,425,OPTSTK,NFO,5.000000,17001,False
72085,ASTRAL23NOV261760PE,ASTRAL,23NOV2026,176000.000000,425,OPTSTK,NFO,5.000000,17001,False
72161,ATHERENERG29SEP261280PE,ATHERENERG,29SEP2026,128000.000000,375,OPTSTK,NFO,5.000000,15001,False
72194,ATHERENERG29SEP261360CE,ATHERENERG,29SEP2026,136000.000000,375,OPTSTK,NFO,5.000000,15001,False
72197,ATHERENERG29SEP261380PE,ATHERENERG,29SEP2026,138000.000000,375,OPTSTK,NFO,5.000000,15001,False
72199,ATHERENERG29SEP261400PE,ATHERENERG,29SEP2026,140000.000000,375,OPTSTK,NFO,5.000000,15001,False
72222,FEDERALBNK29SEP26355PE,FEDERALBNK,29SEP2026,35500.000000,2500,OPTSTK,NFO,5.000000,75001,False
72398,FEDERALBNK27OCT26300CE,FEDERALBNK,27OCT2026,30000.000000,2500,OPTSTK,NFO,5.000000,75001,False
72486,ATHERENERG29SEP261700PE,ATHERENERG,29SEP2026,170000.000000,375,OPTSTK,NFO,5.000000,15001,False
72418,FEDERALBNK27OCT26370PE,FEDERALBNK,27OCT2026,37000.000000,2500,OPTSTK,NFO,5.000000,75001,False
72433,FEDERALBNK27OCT26390CE,FEDERALBNK,27OCT2026,39000.000000,2500,OPTSTK,NFO,5.000000,75001,False
72438,FEDERALBNK27OCT26390PE,FEDERALBNK,27OCT2026,39000.000000,2500,OPTSTK,NFO,5.000000,75001,False
72507,ATHERENERG29SEP261740CE,ATHERENERG,29SEP2026,174000.000000,375,OPTSTK,NFO,5.000000,15001,False
72608,MIDCPNIFTY29SEP2612875CE,MIDCPNIFTY,29SEP2026,1287500.000000,120,OPTIDX,NFO,5.000000,2801,False
72612,FORCEMOT27OCT2614000CE,FORCEMOT,27OCT2026,1400000.000000,25,OPTSTK,NFO,5.000000,1251,False
72617,MIDCPNIFTY29SEP2612900PE,MIDCPNIFTY,29SEP2026,1290000.000000,120,OPTIDX,NFO,5.000000,2801,False
72618,MIDCPNIFTY29SEP2612925CE,MIDCPNIFTY,29SEP2026,1292500.000000,120,OPTIDX,NFO,5.000000,2801,False
72629,MIDCPNIFTY29SEP2613050PE,MIDCPNIFTY,29SEP2026,1305000.000000,120,OPTIDX,NFO,5.000000,2801,False
72634,MIDCPNIFTY29SEP2613125CE,MIDCPNIFTY,29SEP2026,1312500.000000,120,OPTIDX,NFO,5.000000,2801,False
72641,MIDCPNIFTY29SEP2613200PE,MIDCPNIFTY,29SEP2026,1320000.000000,120,OPTIDX,NFO,5.000000,2801,False
72643,MIDCPNIFTY29SEP2613225PE,MIDCPNIFTY,29SEP2026,1322500.000000,120,OPTIDX,NFO,5.000000,2801,False
72652,MIDCPNIFTY29SEP2613350CE,MIDCPNIFTY,29SEP2026,1335000.000000,120,OPTIDX,NFO,5.000000,2801,False
72655,MIDCPNIFTY29SEP2613375PE,MIDCPNIFTY,29SEP2026,1337500.000000,120,OPTIDX,NFO,5.000000,2801,False
72656,MIDCPNIFTY29SEP2613400CE,MIDCPNIFTY,29SEP2026,1340000.000000,120,OPTIDX,NFO,5.000000,2801,False
72659,MIDCPNIFTY29SEP2613425PE,MIDCPNIFTY,29SEP2026,1342500.000000,120,OPTIDX,NFO,5.000000,2801,False
72662,MIDCPNIFTY29SEP2613475CE,MIDCPNIFTY,29SEP2026,1347500.000000,120,OPTIDX,NFO,5.000000,2801,False
72758,MIDCPNIFTY29SEP2613675PE,MIDCPNIFTY,29SEP2026,1367500.000000,120,OPTIDX,NFO,5.000000,2801,False
72766,MIDCPNIFTY29SEP2613700PE,MIDCPNIFTY,29SEP2026,1370000.000000,120,OPTIDX,NFO,5.000000,2801,False
72770,FORTIS29SEP26810PE,FORTIS,29SEP2026,81000.000000,775,OPTSTK,NFO,5.000000,23251,False
72786,ATHERENERG27OCT261400CE,ATHERENERG,27OCT2026,140000.000000,375,OPTSTK,NFO,5.000000,15001,False
72791,MIDCPNIFTY29SEP2613825CE,MIDCPNIFTY,29SEP2026,1382500.000000,120,OPTIDX,NFO,5.000000,2801,False
72794,MIDCPNIFTY29SEP2613850PE,MIDCPNIFTY,29SEP2026,1385000.000000,120,OPTIDX,NFO,5.000000,2801,False
72817,MIDCPNIFTY29SEP2614075CE,MIDCPNIFTY,29SEP2026,1407500.000000,120,OPTIDX,NFO,5.000000,2801,False
72822,ATHERENERG27OCT261520CE,ATHERENERG,27OCT2026,152000.000000,375,OPTSTK,NFO,5.000000,15001,False
72825,MIDCPNIFTY29SEP2614125CE,MIDCPNIFTY,29SEP2026,1412500.000000,120,OPTIDX,NFO,5.000000,2801,False
72830,ATHERENERG27OCT261540CE,ATHERENERG,27OCT2026,154000.000000,375,OPTSTK,NFO,5.000000,15001,False
72867,ATHERENERG27OCT261680PE,ATHERENERG,27OCT2026,168000.000000,375,OPTSTK,NFO,5.000000,15001,False
72870,ATHERENERG27OCT261720CE,ATHERENERG,27OCT2026,172000.000000,375,OPTSTK,NFO,5.000000,15001,False
72871,ATHERENERG27OCT261720PE,ATHERENERG,27OCT2026,172000.000000,375,OPTSTK,NFO,5.000000,15001,False
72876,ATHERENERG27OCT261780CE,ATHERENERG,27OCT2026,178000.000000,375,OPTSTK,NFO,5.000000,15001,False
72930,MIDCPNIFTY29SEP2614400PE,MIDCPNIFTY,29SEP2026,1440000.000000,120,OPTIDX,NFO,5.000000,2801,False
72947,MIDCPNIFTY29SEP2614600PE,MIDCPNIFTY,29SEP2026,1460000.000000,120,OPTIDX,NFO,5.000000,2801,False
72954,MIDCPNIFTY29SEP2614700CE,MIDCPNIFTY,29SEP2026,1470000.000000,120,OPTIDX,NFO,5.000000,2801,False
72958,MIDCPNIFTY29SEP2614750CE,MIDCPNIFTY,29SEP2026,1475000.000000,120,OPTIDX,NFO,5.000000,2801,False
72977,ATHERENERG23NOV261280PE,ATHERENERG,23NOV2026,128000.000000,375,OPTSTK,NFO,5.000000,15001,False
72985,MIDCPNIFTY29SEP2615025PE,MIDCPNIFTY,29SEP2026,1502500.000000,120,OPTIDX,NFO,5.000000,2801,False
72986,MIDCPNIFTY29SEP2615050CE,MIDCPNIFTY,29SEP2026,1505000.000000,120,OPTIDX,NFO,5.000000,2801,False
72987,MIDCPNIFTY29SEP2615050PE,MIDCPNIFTY,29SEP2026,1505000.000000,120,OPTIDX,NFO,5.000000,2801,False
72992,MIDCPNIFTY29SEP2615125CE,MIDCPNIFTY,29SEP2026,1512500.000000,120,OPTIDX,NFO,5.000000,2801,False
73010,ATHERENERG23NOV261480PE,ATHERENERG,23NOV2026,148000.000000,375,OPTSTK,NFO,5.000000,15001,False
73018,MIDCPNIFTY29SEP2615250PE,MIDCPNIFTY,29SEP2026,1525000.000000,120,OPTIDX,NFO,5.000000,2801,False
73023,ATHERENERG23NOV261680PE,ATHERENERG,23NOV2026,168000.000000,375,OPTSTK,NFO,5.000000,15001,False
73028,ATHERENERG23NOV261800CE,ATHERENERG,23NOV2026,180000.000000,375,OPTSTK,NFO,5.000000,15001,False
73064,FORTIS29SEP26910PE,FORTIS,29SEP2026,91000.000000,775,OPTSTK,NFO,5.000000,23251,False
73103,MIDCPNIFTY29SEP2615525PE,MIDCPNIFTY,29SEP2026,1552500.000000,120,OPTIDX,NFO,5.000000,2801,False
73124,MIDCPNIFTY29SEP2615700CE,MIDCPNIFTY,29SEP2026,1570000.000000,120,OPTIDX,NFO,5.000000,2801,False
73160,AUBANK27OCT26980PE,AUBANK,27OCT2026,98000.000000,1000,OPTSTK,NFO,5.000000,20001,False
73161,AUBANK27OCT261020CE,AUBANK,27OCT2026,102000.000000,1000,OPTSTK,NFO,5.000000,20001,False
73191,AUBANK27OCT261140CE,AUBANK,27OCT2026,114000.000000,1000,OPTSTK,NFO,5.000000,20001,False
73199,MIDCPNIFTY29SEP2615950CE,MIDCPNIFTY,29SEP2026,1595000.000000,120,OPTIDX,NFO,5.000000,2801,False
73223,FORTIS27OCT26900CE,FORTIS,27OCT2026,90000.000000,775,OPTSTK,NFO,5.000000,23251,False
73228,MIDCPNIFTY29SEP2616025CE,MIDCPNIFTY,29SEP2026,1602500.000000,120,OPTIDX,NFO,5.000000,2801,False
73233,FORTIS27OCT26960PE,FORTIS,27OCT2026,96000.000000,775,OPTSTK,NFO,5.000000,23251,False
73243,MIDCPNIFTY29SEP2616050PE,MIDCPNIFTY,29SEP2026,1605000.000000,120,OPTIDX,NFO,5.000000,2801,False
73269,AUBANK27OCT261220CE,AUBANK,27OCT2026,122000.000000,1000,OPTSTK,NFO,5.000000,20001,False
73373,MIDCPNIFTY29SEP2616500PE,MIDCPNIFTY,29SEP2026,1650000.000000,120,OPTIDX,NFO,5.000000,2801,False
73505,AUBANK23NOV261120PE,AUBANK,23NOV2026,112000.000000,1000,OPTSTK,NFO,5.000000,20001,False
73506,AUBANK23NOV261160CE,AUBANK,23NOV2026,116000.000000,1000,OPTSTK,NFO,5.000000,20001,False
73723,AUROPHARMA27OCT261660CE,AUROPHARMA,27OCT2026,166000.000000,550,OPTSTK,NFO,5.000000,16501,False
73724,AUROPHARMA27OCT261660PE,AUROPHARMA,27OCT2026,166000.000000,550,OPTSTK,NFO,5.000000,16501,False
73730,AUROPHARMA27OCT261780PE,AUROPHARMA,27OCT2026,178000.000000,550,OPTSTK,NFO,5.000000,16501,False
73733,AUROPHARMA27OCT261860CE,AUROPHARMA,27OCT2026,186000.000000,550,OPTSTK,NFO,5.000000,16501,False
73867,NIFTY29SEP2622050CE,NIFTY,29SEP2026,2205000.000000,65,OPTIDX,NFO,5.000000,1801,False
73873,NIFTY29SEP2622200CE,NIFTY,29SEP2026,2220000.000000,65,OPTIDX,NFO,5.000000,1801,False
73875,NIFTY29SEP2622250CE,NIFTY,29SEP2026,2225000.000000,65,OPTIDX,NFO,5.000000,1801,False
73881,NIFTY29SEP2622400CE,NIFTY,29SEP2026,2240000.000000,65,OPTIDX,NFO,5.000000,1801,False
73896,NIFTY29SEP2622800PE,NIFTY,29SEP2026,2280000.000000,65,OPTIDX,NFO,5.000000,1801,False
73899,NIFTY29SEP2622900CE,NIFTY,29SEP2026,2290000.000000,65,OPTIDX,NFO,5.000000,1801,False
73907,NIFTY29SEP2623100PE,NIFTY,29SEP2026,2310000.000000,65,OPTIDX,NFO,5.000000,1801,False
73930,AUROPHARMA23NOV261840CE,AUROPHARMA,23NOV2026,184000.000000,550,OPTSTK,NFO,5.000000,16501,False
73933,AUROPHARMA23NOV261880PE,AUROPHARMA,23NOV2026,188000.000000,550,OPTSTK,NFO,5.000000,16501,False
73935,AUROPHARMA23NOV261920PE,AUROPHARMA,23NOV2026,192000.000000,550,OPTSTK,NFO,5.000000,16501,False
73969,AXISBANK27OCT261100CE,AXISBANK,27OCT2026,110000.000000,625,OPTSTK,NFO,5.000000,18751,False
73985,NIFTY29SEP2623500CE,NIFTY,29SEP2026,2350000.000000,65,OPTIDX,NFO,5.000000,1801,False
73995,NIFTY29SEP2623550CE,NIFTY,29SEP2026,2355000.000000,65,OPTIDX,NFO,5.000000,1801,False
74083,NIFTY29SEP2624200PE,NIFTY,29SEP2026,2420000.000000,65,OPTIDX,NFO,5.000000,1801,False
74152,AXISBANK23NOV261160PE,AXISBANK,23NOV2026,116000.000000,625,OPTSTK,NFO,5.000000,18751,False
74154,AXISBANK23NOV261200PE,AXISBANK,23NOV2026,120000.000000,625,OPTSTK,NFO,5.000000,18751,False
74165,AXISBANK23NOV261440CE,AXISBANK,23NOV2026,144000.000000,625,OPTSTK,NFO,5.000000,18751,False
74170,AXISBANK23NOV261520PE,AXISBANK,23NOV2026,152000.000000,625,OPTSTK,NFO,5.000000,18751,False
74176,GAIL29SEP26152.5CE,GAIL,29SEP2026,15250.000000,3550,OPTSTK,NFO,1.000000,142001,False
74242,NIFTY29SEP2624500PE,NIFTY,29SEP2026,2450000.000000,65,OPTIDX,NFO,5.000000,1801,False
74247,GAIL29SEP26162.5PE,GAIL,29SEP2026,16250.000000,3550,OPTSTK,NFO,1.000000,142001,False
74277,GAIL29SEP26187.5PE,GAIL,29SEP2026,18750.000000,3550,OPTSTK,NFO,1.000000,142001,False
74279,GAIL29SEP26192.5CE,GAIL,29SEP2026,19250.000000,3550,OPTSTK,NFO,1.000000,142001,False
74358,NIFTY29SEP2624800PE,NIFTY,29SEP2026,2480000.000000,65,OPTIDX,NFO,5.000000,1801,False
74362,NIFTY29SEP2624900PE,NIFTY,29SEP2026,2490000.000000,65,OPTIDX,NFO,5.000000,1801,False
74363,NIFTY29SEP2624950CE,NIFTY,29SEP2026,2495000.000000,65,OPTIDX,NFO,5.000000,1801,False
74427,NIFTY29SEP2625900PE,NIFTY,29SEP2026,2590000.000000,65,OPTIDX,NFO,5.000000,1801,False
74465,NIFTY29SEP2626200CE,NIFTY,29SEP2026,2620000.000000,65,OPTIDX,NFO,5.000000,1801,False
74500,NIFTY29SEP2626950PE,NIFTY,29SEP2026,2695000.000000,65,OPTIDX,NFO,5.000000,1801,False
74612,GAIL27OCT26150PE,GAIL,27OCT2026,15000.000000,3550,OPTSTK,NFO,1.000000,142001,False
74614,GAIL27OCT26155PE,GAIL,27OCT2026,15500.000000,3550,OPTSTK,NFO,1.000000,142001,False
74654,NIFTY24JUN3127000PE,NIFTY,24JUN2031,2700000.000000,65,OPTIDX,NFO,5.000000,1801,False
74656,NIFTY24JUN3128500PE,NIFTY,24JUN2031,2850000.000000,65,OPTIDX,NFO,5.000000,1801,False
74695,GAIL27OCT26185PE,GAIL,27OCT2026,18500.000000,3550,OPTSTK,NFO,1.000000,142001,False
74697,GAIL27OCT26190PE,GAIL,27OCT2026,19000.000000,3550,OPTSTK,NFO,1.000000,142001,False
74698,GAIL27OCT26195CE,GAIL,27OCT2026,19500.000000,3550,OPTSTK,NFO,1.000000,142001,False
74785,BAJAJ-AUTO23NOV2610000CE,BAJAJ-AUTO,23NOV2026,1000000.000000,75,OPTSTK,NFO,5.000000,2251,False
74866,BAJAJ-AUTO23NOV2611000CE,BAJAJ-AUTO,23NOV2026,1100000.000000,75,OPTSTK,NFO,5.000000,2251,False
74913,GLENMARK29SEP262500CE,GLENMARK,29SEP2026,250000.000000,375,OPTSTK,NFO,5.000000,11251,False
74918,BAJAJ-AUTO23NOV2611400CE,BAJAJ-AUTO,23NOV2026,1140000.000000,75,OPTSTK,NFO,5.000000,2251,False
74919,BAJAJ-AUTO23NOV2611400PE,BAJAJ-AUTO,23NOV2026,1140000.000000,75,OPTSTK,NFO,5.000000,2251,False
74923,BAJAJ-AUTO23NOV2611800PE,BAJAJ-AUTO,23NOV2026,1180000.000000,75,OPTSTK,NFO,5.000000,2251,False
74926,BAJAJ-AUTO23NOV2612200CE,BAJAJ-AUTO,23NOV2026,1220000.000000,75,OPTSTK,NFO,5.000000,2251,False
74927,BAJAJ-AUTO23NOV2612200PE,BAJAJ-AUTO,23NOV2026,1220000.000000,75,OPTSTK,NFO,5.000000,2251,False
74956,GLENMARK29SEP262700PE,GLENMARK,29SEP2026,270000.000000,375,OPTSTK,NFO,5.000000,11251,False
75078,BAJAJFINSV27OCT261820PE,BAJAJFINSV,27OCT2026,182000.000000,300,OPTSTK,NFO,5.000000,12001,False
75085,BAJAJFINSV27OCT261860PE,BAJAJFINSV,27OCT2026,186000.000000,300,OPTSTK,NFO,5.000000,12001,False
75091,NIFTYNXT5029SEP2664100PE,NIFTYNXT50,29SEP2026,6410000.000000,25,OPTIDX,NFO,5.000000,601,False
75095,NIFTYNXT5029SEP2664300PE,NIFTYNXT50,29SEP2026,6430000.000000,25,OPTIDX,NFO,5.000000,601,False
75100,NIFTYNXT5029SEP2664600CE,NIFTYNXT50,29SEP2026,6460000.000000,25,OPTIDX,NFO,5.000000,601,False
75130,BAJAJFINSV27OCT262060CE,BAJAJFINSV,27OCT2026,206000.000000,300,OPTSTK,NFO,5.000000,12001,False
75160,GLENMARK27OCT262160PE,GLENMARK,27OCT2026,216000.000000,375,OPTSTK,NFO,5.000000,11251,False
75162,GLENMARK27OCT262200PE,GLENMARK,27OCT2026,220000.000000,375,OPTSTK,NFO,5.000000,11251,False
75169,GLENMARK27OCT262320CE,GLENMARK,27OCT2026,232000.000000,375,OPTSTK,NFO,5.000000,11251,False
75170,GLENMARK27OCT262320PE,GLENMARK,27OCT2026,232000.000000,375,OPTSTK,NFO,5.000000,11251,False
75183,GLENMARK27OCT262560PE,GLENMARK,27OCT2026,256000.000000,375,OPTSTK,NFO,5.000000,11251,False
75195,GLENMARK27OCT262800PE,GLENMARK,27OCT2026,280000.000000,375,OPTSTK,NFO,5.000000,11251,False
75237,NIFTYNXT5029SEP2666800CE,NIFTYNXT50,29SEP2026,6680000.000000,25,OPTIDX,NFO,5.000000,601,False
75261,NIFTYNXT5029SEP2667500CE,NIFTYNXT50,29SEP2026,6750000.000000,25,OPTIDX,NFO,5.000000,601,False
75273,GMRAIRPORT29SEP26105PE,GMRAIRPORT,29SEP2026,10500.000000,6975,OPTSTK,NFO,1.000000,209251,False
75283,GMRAIRPORT29SEP26115PE,GMRAIRPORT,29SEP2026,11500.000000,6975,OPTSTK,NFO,1.000000,209251,False
75344,NIFTYNXT5029SEP2670000PE,NIFTYNXT50,29SEP2026,7000000.000000,25,OPTIDX,NFO,5.000000,601,False
75348,BAJAJFINSV27OCT262140PE,BAJAJFINSV,27OCT2026,214000.000000,300,OPTSTK,NFO,5.000000,12001,False
75351,BAJAJFINSV27OCT262180CE,BAJAJFINSV,27OCT2026,218000.000000,300,OPTSTK,NFO,5.000000,12001,False
75430,GMRAIRPORT27OCT2678CE,GMRAIRPORT,27OCT2026,7800.000000,6975,OPTSTK,NFO,1.000000,209251,False
75432,GMRAIRPORT27OCT2680CE,GMRAIRPORT,27OCT2026,8000.000000,6975,OPTSTK,NFO,1.000000,209251,False
75452,GMRAIRPORT27OCT2694CE,GMRAIRPORT,27OCT2026,9400.000000,6975,OPTSTK,NFO,1.000000,209251,False
75461,GMRAIRPORT27OCT26102PE,GMRAIRPORT,27OCT2026,10200.000000,6975,OPTSTK,NFO,1.000000,209251,False
75465,GMRAIRPORT27OCT26106PE,GMRAIRPORT,27OCT2026,10600.000000,6975,OPTSTK,NFO,1.000000,209251,False
75487,BAJAJFINSV23NOV261760PE,BAJAJFINSV,23NOV2026,176000.000000,300,OPTSTK,NFO,5.000000,12001,False
75502,NIFTYNXT5029SEP2670900CE,NIFTYNXT50,29SEP2026,7090000.000000,25,OPTIDX,NFO,5.000000,601,False
75505,NIFTYNXT5029SEP2671000PE,NIFTYNXT50,29SEP2026,7100000.000000,25,OPTIDX,NFO,5.000000,601,False
75528,BAJAJFINSV23NOV261960CE,BAJAJFINSV,23NOV2026,196000.000000,300,OPTSTK,NFO,5.000000,12001,False
75534,BAJAJFINSV23NOV262080CE,BAJAJFINSV,23NOV2026,208000.000000,300,OPTSTK,NFO,5.000000,12001,False
75538,NIFTYNXT5029SEP2672200CE,NIFTYNXT50,29SEP2026,7220000.000000,25,OPTIDX,NFO,5.000000,601,False
75541,NIFTYNXT5029SEP2672300PE,NIFTYNXT50,29SEP2026,7230000.000000,25,OPTIDX,NFO,5.000000,601,False
75544,NIFTYNXT5029SEP2672500CE,NIFTYNXT50,29SEP2026,7250000.000000,25,OPTIDX,NFO,5.000000,601,False
75551,GMRAIRPORT27OCT26114PE,GMRAIRPORT,27OCT2026,11400.000000,6975,OPTSTK,NFO,1.000000,209251,False
75613,GODFRYPHLP29SEP261950PE,GODFRYPHLP,29SEP2026,195000.000000,275,OPTSTK,NFO,5.000000,11001,False
75641,NIFTYNXT5029SEP2672800PE,NIFTYNXT50,29SEP2026,7280000.000000,25,OPTIDX,NFO,5.000000,601,False
75658,GODFRYPHLP27OCT261600PE,GODFRYPHLP,27OCT2026,160000.000000,275,OPTSTK,NFO,5.000000,11001,False
75661,GODFRYPHLP27OCT261700CE,GODFRYPHLP,27OCT2026,170000.000000,275,OPTSTK,NFO,5.000000,11001,False
75663,GODFRYPHLP27OCT261800CE,GODFRYPHLP,27OCT2026,180000.000000,275,OPTSTK,NFO,5.000000,11001,False
75688,GODFRYPHLP27OCT262200CE,GODFRYPHLP,27OCT2026,220000.000000,275,OPTSTK,NFO,5.000000,11001,False
75743,NIFTYNXT5029SEP2673800CE,NIFTYNXT50,29SEP2026,7380000.000000,25,OPTIDX,NFO,5.000000,601,False
75769,NIFTYNXT5029SEP2674200PE,NIFTYNXT50,29SEP2026,7420000.000000,25,OPTIDX,NFO,5.000000,601,False
75776,NIFTYNXT5029SEP2674500PE,NIFTYNXT50,29SEP2026,7450000.000000,25,OPTIDX,NFO,5.000000,601,False
75791,NIFTYNXT5029SEP2675200PE,NIFTYNXT50,29SEP2026,7520000.000000,25,OPTIDX,NFO,5.000000,601,False
75821,GODREJCP29SEP261030PE,GODREJCP,29SEP2026,103000.000000,500,OPTSTK,NFO,5.000000,25001,False
75857,NIFTYNXT5029SEP2676100CE,NIFTYNXT50,29SEP2026,7610000.000000,25,OPTIDX,NFO,5.000000,601,False
75875,NIFTYNXT5029SEP2677000CE,NIFTYNXT50,29SEP2026,7700000.000000,25,OPTIDX,NFO,5.000000,601,False
75919,GODREJCP27OCT26860CE,GODREJCP,27OCT2026,86000.000000,500,OPTSTK,NFO,5.000000,25001,False
75927,GODREJCP27OCT26880CE,GODREJCP,27OCT2026,88000.000000,500,OPTSTK,NFO,5.000000,25001,False
75938,GODREJCP27OCT26980PE,GODREJCP,27OCT2026,98000.000000,500,OPTSTK,NFO,5.000000,25001,False
75941,GODREJCP27OCT261020CE,GODREJCP,27OCT2026,102000.000000,500,OPTSTK,NFO,5.000000,25001,False
76011,BAJAJHLDNG27OCT2610300PE,BAJAJHLDNG,27OCT2026,1030000.000000,75,OPTSTK,NFO,5.000000,2251,False
76015,BAJAJHLDNG27OCT2610700PE,BAJAJHLDNG,27OCT2026,1070000.000000,75,OPTSTK,NFO,5.000000,2251,False
76018,BAJAJHLDNG27OCT2610900CE,BAJAJHLDNG,27OCT2026,1090000.000000,75,OPTSTK,NFO,5.000000,2251,False
76023,BAJAJHLDNG27OCT2611100CE,BAJAJHLDNG,27OCT2026,1110000.000000,75,OPTSTK,NFO,5.000000,2251,False
76026,BAJAJHLDNG27OCT2611300PE,BAJAJHLDNG,27OCT2026,1130000.000000,75,OPTSTK,NFO,5.000000,2251,False
76053,NIFTYNXT5029SEP2678500CE,NIFTYNXT50,29SEP2026,7850000.000000,25,OPTIDX,NFO,5.000000,601,False
76060,NIFTYNXT5029SEP2678800PE,NIFTYNXT50,29SEP2026,7880000.000000,25,OPTIDX,NFO,5.000000,601,False
76061,NIFTYNXT5029SEP2678900CE,NIFTYNXT50,29SEP2026,7890000.000000,25,OPTIDX,NFO,5.000000,601,False
76134,GODREJPROP29SEP261660PE,GODREJPROP,29SEP2026,166000.000000,325,OPTSTK,NFO,5.000000,13001,False
76154,GODREJPROP29SEP261900PE,GODREJPROP,29SEP2026,190000.000000,325,OPTSTK,NFO,5.000000,13001,False
76137,GODREJPROP29SEP261740CE,GODREJPROP,29SEP2026,174000.000000,325,OPTSTK,NFO,5.000000,13001,False
76148,NIFTYNXT5029SEP2680100PE,NIFTYNXT50,29SEP2026,8010000.000000,25,OPTIDX,NFO,5.000000,601,False
76149,GODREJPROP29SEP261820CE,GODREJPROP,29SEP2026,182000.000000,325,OPTSTK,NFO,5.000000,13001,False
76157,NIFTYNXT5029SEP2680300CE,NIFTYNXT50,29SEP2026,8030000.000000,25,OPTIDX,NFO,5.000000,601,False
76161,GODREJPROP29SEP261980CE,GODREJPROP,29SEP2026,198000.000000,325,OPTSTK,NFO,5.000000,13001,False
76172,NIFTYNXT5029SEP2680500PE,NIFTYNXT50,29SEP2026,8050000.000000,25,OPTIDX,NFO,5.000000,601,False
76178,NIFTYNXT5029SEP2680800PE,NIFTYNXT50,29SEP2026,8080000.000000,25,OPTIDX,NFO,5.000000,601,False
76179,NIFTYNXT5029SEP2680900CE,NIFTYNXT50,29SEP2026,8090000.000000,25,OPTIDX,NFO,5.000000,601,False
76195,BAJFINANCE27OCT26950CE,BAJFINANCE,27OCT2026,95000.000000,750,OPTSTK,NFO,5.000000,22501,False
76214,BAJFINANCE27OCT261130PE,BAJFINANCE,27OCT2026,113000.000000,750,OPTSTK,NFO,5.000000,22501,False
76215,BAJFINANCE27OCT261150CE,BAJFINANCE,27OCT2026,115000.000000,750,OPTSTK,NFO,5.000000,22501,False
76218,BAJFINANCE27OCT261170PE,BAJFINANCE,27OCT2026,117000.000000,750,OPTSTK,NFO,5.000000,22501,False
76238,GODREJPROP29SEP262340CE,GODREJPROP,29SEP2026,234000.000000,325,OPTSTK,NFO,5.000000,13001,False
76290,GODREJPROP27OCT261520CE,GODREJPROP,27OCT2026,152000.000000,325,OPTSTK,NFO,5.000000,13001,False
76296,GODREJPROP27OCT261680CE,GODREJPROP,27OCT2026,168000.000000,325,OPTSTK,NFO,5.000000,13001,False
76303,GODREJPROP27OCT261800PE,GODREJPROP,27OCT2026,180000.000000,325,OPTSTK,NFO,5.000000,13001,False
76307,GODREJPROP27OCT261880PE,GODREJPROP,27OCT2026,188000.000000,325,OPTSTK,NFO,5.000000,13001,False
76313,GODREJPROP27OCT262000PE,GODREJPROP,27OCT2026,200000.000000,325,OPTSTK,NFO,5.000000,13001,False
76314,GODREJPROP27OCT262040CE,GODREJPROP,27OCT2026,204000.000000,325,OPTSTK,NFO,5.000000,13001,False
76319,GODREJPROP27OCT262080PE,GODREJPROP,27OCT2026,208000.000000,325,OPTSTK,NFO,5.000000,13001,False
76401,BANKNIFTY30MAR2758500PE,BANKNIFTY,30MAR2027,5850000.000000,30,OPTIDX,NFO,5.000000,601,False
76418,BANKNIFTY30MAR2760000PE,BANKNIFTY,30MAR2027,6000000.000000,30,OPTIDX,NFO,5.000000,601,False
76419,BANKNIFTY30MAR2761500CE,BANKNIFTY,30MAR2027,6150000.000000,30,OPTIDX,NFO,5.000000,601,False
76434,BANKNIFTY30MAR2766000PE,BANKNIFTY,30MAR2027,6600000.000000,30,OPTIDX,NFO,5.000000,601,False
76485,NIFTYNXT5029SEP2682500CE,NIFTYNXT50,29SEP2026,8250000.000000,25,OPTIDX,NFO,5.000000,601,False
76509,BAJFINANCE23NOV26960CE,BAJFINANCE,23NOV2026,96000.000000,750,OPTSTK,NFO,5.000000,22501,False
76516,BAJFINANCE23NOV261020PE,BAJFINANCE,23NOV2026,102000.000000,750,OPTSTK,NFO,5.000000,22501,False
76517,BAJFINANCE23NOV261040CE,BAJFINANCE,23NOV2026,104000.000000,750,OPTSTK,NFO,5.000000,22501,False
76522,BAJFINANCE23NOV261080PE,BAJFINANCE,23NOV2026,108000.000000,750,OPTSTK,NFO,5.000000,22501,False
76530,BAJFINANCE23NOV261160PE,BAJFINANCE,23NOV2026,116000.000000,750,OPTSTK,NFO,5.000000,22501,False
76632,NIFTYNXT5029SEP2684500CE,NIFTYNXT50,29SEP2026,8450000.000000,25,OPTIDX,NFO,5.000000,601,False
76669,BANDHANBNK27OCT26145CE,BANDHANBNK,27OCT2026,14500.000000,3600,OPTSTK,NFO,1.000000,108001,False
76672,BANDHANBNK27OCT26155PE,BANDHANBNK,27OCT2026,15500.000000,3600,OPTSTK,NFO,1.000000,108001,False
76678,BANDHANBNK27OCT26185PE,BANDHANBNK,27OCT2026,18500.000000,3600,OPTSTK,NFO,1.000000,108001,False
76679,BANDHANBNK27OCT26195CE,BANDHANBNK,27OCT2026,19500.000000,3600,OPTSTK,NFO,1.000000,108001,False
76703,BANDHANBNK23NOV26130CE,BANDHANBNK,23NOV2026,13000.000000,3600,OPTSTK,NFO,1.000000,108001,False
76728,BANDHANBNK23NOV26170CE,BANDHANBNK,23NOV2026,17000.000000,3600,OPTSTK,NFO,1.000000,108001,False
76822,GRASIM29SEP262900PE,GRASIM,29SEP2026,290000.000000,250,OPTSTK,NFO,5.000000,7501,False
76828,GRASIM29SEP263020PE,GRASIM,29SEP2026,302000.000000,250,OPTSTK,NFO,5.000000,7501,False
76835,GRASIM29SEP263180CE,GRASIM,29SEP2026,318000.000000,250,OPTSTK,NFO,5.000000,7501,False
76841,GRASIM29SEP263300CE,GRASIM,29SEP2026,330000.000000,250,OPTSTK,NFO,5.000000,7501,False
76881,BANKBARODA27OCT26205CE,BANKBARODA,27OCT2026,20500.000000,2925,OPTSTK,NFO,1.000000,87751,False
76884,BANKBARODA27OCT26215PE,BANKBARODA,27OCT2026,21500.000000,2925,OPTSTK,NFO,1.000000,87751,False
76887,BANKBARODA27OCT26235CE,BANKBARODA,27OCT2026,23500.000000,2925,OPTSTK,NFO,1.000000,87751,False
76928,BANKBARODA23NOV26200CE,BANKBARODA,23NOV2026,20000.000000,2925,OPTSTK,NFO,1.000000,87751,False
76977,BANKBARODA23NOV26270PE,BANKBARODA,23NOV2026,27000.000000,2925,OPTSTK,NFO,1.000000,87751,False
77013,BANKINDIA27OCT26137.5CE,BANKINDIA,27OCT2026,13750.000000,5200,OPTSTK,NFO,1.000000,156001,False
77202,GRASIM27OCT262800PE,GRASIM,27OCT2026,280000.000000,250,OPTSTK,NFO,5.000000,7501,False
77209,GRASIM27OCT262960CE,GRASIM,27OCT2026,296000.000000,250,OPTSTK,NFO,5.000000,7501,False
77243,GRASIM27OCT263640CE,GRASIM,27OCT2026,364000.000000,250,OPTSTK,NFO,5.000000,7501,False
77296,GVT&D29SEP263700CE,GVT&D,29SEP2026,370000.000000,125,OPTSTK,NFO,5.000000,5001,False
77333,GVT&D27OCT263400PE,GVT&D,27OCT2026,340000.000000,125,OPTSTK,NFO,5.000000,5001,False
77356,BANKINDIA23NOV26140CE,BANKINDIA,23NOV2026,14000.000000,5200,OPTSTK,NFO,1.000000,156001,False
77399,GVT&D27OCT264200CE,GVT&D,27OCT2026,420000.000000,125,OPTSTK,NFO,5.000000,5001,False
77402,GVT&D27OCT264400PE,GVT&D,27OCT2026,440000.000000,125,OPTSTK,NFO,5.000000,5001,False
77410,BANKINDIA23NOV26160CE,BANKINDIA,23NOV2026,16000.000000,5200,OPTSTK,NFO,1.000000,156001,False
77414,BANKINDIA23NOV26170CE,BANKINDIA,23NOV2026,17000.000000,5200,OPTSTK,NFO,1.000000,156001,False
77447,BDL27OCT261340PE,BDL,27OCT2026,134000.000000,425,OPTSTK,NFO,5.000000,17001,False
77496,HAL29SEP264250PE,HAL,29SEP2026,425000.000000,150,OPTSTK,NFO,5.000000,4501,False
77512,HAL29SEP264950CE,HAL,29SEP2026,495000.000000,150,OPTSTK,NFO,5.000000,4501,False
77518,HAL29SEP265250CE,HAL,29SEP2026,525000.000000,150,OPTSTK,NFO,5.000000,4501,False
77523,HAL29SEP265450PE,HAL,29SEP2026,545000.000000,150,OPTSTK,NFO,5.000000,4501,False
77598,BDL23NOV261120CE,BDL,23NOV2026,112000.000000,425,OPTSTK,NFO,5.000000,17001,False
77608,HAL27OCT264400PE,HAL,27OCT2026,440000.000000,150,OPTSTK,NFO,5.000000,4501,False
77639,HAL27OCT265200CE,HAL,27OCT2026,520000.000000,150,OPTSTK,NFO,5.000000,4501,False
77645,HAL27OCT265500CE,HAL,27OCT2026,550000.000000,150,OPTSTK,NFO,5.000000,4501,False
77647,HAL27OCT265600CE,HAL,27OCT2026,560000.000000,150,OPTSTK,NFO,5.000000,4501,False
77717,HAVELLS29SEP261420CE,HAVELLS,29SEP2026,142000.000000,500,OPTSTK,NFO,5.000000,20001,False
77661,360ONE29SEP26920CE,360ONE,29SEP2026,92000.000000,500,OPTSTK,NFO,5.000000,20001,False
77666,360ONE29SEP261000PE,360ONE,29SEP2026,100000.000000,500,OPTSTK,NFO,5.000000,20001,False
77677,360ONE29SEP261200CE,360ONE,29SEP2026,120000.000000,500,OPTSTK,NFO,5.000000,20001,False
77721,360ONE29SEP261280PE,360ONE,29SEP2026,128000.000000,500,OPTSTK,NFO,5.000000,20001,False
77758,HAVELLS27OCT261080PE,HAVELLS,27OCT2026,108000.000000,500,OPTSTK,NFO,5.000000,20001,False
77811,HAVELLS27OCT261280CE,HAVELLS,27OCT2026,128000.000000,500,OPTSTK,NFO,5.000000,20001,False
77848,HCLTECH29SEP261110PE,HCLTECH,29SEP2026,111000.000000,400,OPTSTK,NFO,5.000000,20001,False
77857,HCLTECH29SEP261170PE,HCLTECH,29SEP2026,117000.000000,400,OPTSTK,NFO,5.000000,20001,False
77860,HCLTECH29SEP261210CE,HCLTECH,29SEP2026,121000.000000,400,OPTSTK,NFO,5.000000,20001,False
77862,HCLTECH29SEP261230CE,HCLTECH,29SEP2026,123000.000000,400,OPTSTK,NFO,5.000000,20001,False
77875,HCLTECH29SEP261350CE,HCLTECH,29SEP2026,135000.000000,400,OPTSTK,NFO,5.000000,20001,False
77877,HCLTECH29SEP261370CE,HCLTECH,29SEP2026,137000.000000,400,OPTSTK,NFO,5.000000,20001,False
77882,HCLTECH29SEP261410PE,HCLTECH,29SEP2026,141000.000000,400,OPTSTK,NFO,5.000000,20001,False
77911,ABB29SEP267600PE,ABB,29SEP2026,760000.000000,125,OPTSTK,NFO,5.000000,3751,False
77915,ABB29SEP268000PE,ABB,29SEP2026,800000.000000,125,OPTSTK,NFO,5.000000,3751,False
77993,HCLTECH27OCT261060CE,HCLTECH,27OCT2026,106000.000000,400,OPTSTK,NFO,5.000000,20001,False
78052,HCLTECH27OCT261460CE,HCLTECH,27OCT2026,146000.000000,400,OPTSTK,NFO,5.000000,20001,False
78111,HDFCAMC29SEP262350CE,HDFCAMC,29SEP2026,235000.000000,300,OPTSTK,NFO,5.000000,9001,False
78178,HDFCAMC27OCT262300PE,HDFCAMC,27OCT2026,230000.000000,300,OPTSTK,NFO,5.000000,9001,False
78205,BEL23NOV26370PE,BEL,23NOV2026,37000.000000,1425,OPTSTK,NFO,5.000000,57001,False
78235,HDFCAMC27OCT262700PE,HDFCAMC,27OCT2026,270000.000000,300,OPTSTK,NFO,5.000000,9001,False
78242,HDFCAMC27OCT263100CE,HDFCAMC,27OCT2026,310000.000000,300,OPTSTK,NFO,5.000000,9001,False
78288,HDFCBANK29SEP26630PE,HDFCBANK,29SEP2026,63000.000000,650,OPTSTK,NFO,5.000000,32501,False
78292,HDFCBANK29SEP26670PE,HDFCBANK,29SEP2026,67000.000000,650,OPTSTK,NFO,5.000000,32501,False
78298,HDFCBANK29SEP26690PE,HDFCBANK,29SEP2026,69000.000000,650,OPTSTK,NFO,5.000000,32501,False
78305,HDFCBANK29SEP26770CE,HDFCBANK,29SEP2026,77000.000000,650,OPTSTK,NFO,5.000000,32501,False
78424,HDFCBANK27OCT26700CE,HDFCBANK,27OCT2026,70000.000000,650,OPTSTK,NFO,5.000000,32501,False
78426,HDFCBANK27OCT26720CE,HDFCBANK,27OCT2026,72000.000000,650,OPTSTK,NFO,5.000000,32501,False
78428,HDFCBANK27OCT26740CE,HDFCBANK,27OCT2026,74000.000000,650,OPTSTK,NFO,5.000000,32501,False
78472,ABCAPITAL29SEP26450CE,ABCAPITAL,29SEP2026,45000.000000,3100,OPTSTK,NFO,5.000000,62001,False
78496,BEL23NOV26410CE,BEL,23NOV2026,41000.000000,1425,OPTSTK,NFO,5.000000,57001,False
78514,BEL23NOV26450CE,BEL,23NOV2026,45000.000000,1425,OPTSTK,NFO,5.000000,57001,False
78529,BEL23NOV26480PE,BEL,23NOV2026,48000.000000,1425,OPTSTK,NFO,5.000000,57001,False
78589,HDFCLIFE29SEP26505CE,HDFCLIFE,29SEP2026,50500.000000,1100,OPTSTK,NFO,5.000000,44001,False
78600,HDFCLIFE29SEP26555PE,HDFCLIFE,29SEP2026,55500.000000,1100,OPTSTK,NFO,5.000000,44001,False
78602,HDFCLIFE29SEP26565PE,HDFCLIFE,29SEP2026,56500.000000,1100,OPTSTK,NFO,5.000000,44001,False
78609,HDFCLIFE29SEP26605CE,HDFCLIFE,29SEP2026,60500.000000,1100,OPTSTK,NFO,5.000000,44001,False
78611,HDFCLIFE29SEP26615CE,HDFCLIFE,29SEP2026,61500.000000,1100,OPTSTK,NFO,5.000000,44001,False
78666,HDFCLIFE27OCT26450PE,HDFCLIFE,27OCT2026,45000.000000,1100,OPTSTK,NFO,5.000000,44001,False
78670,HDFCLIFE27OCT26470PE,HDFCLIFE,27OCT2026,47000.000000,1100,OPTSTK,NFO,5.000000,44001,False
78671,HDFCLIFE27OCT26480CE,HDFCLIFE,27OCT2026,48000.000000,1100,OPTSTK,NFO,5.000000,44001,False
78681,HDFCLIFE27OCT26520CE,HDFCLIFE,27OCT2026,52000.000000,1100,OPTSTK,NFO,5.000000,44001,False
78684,HDFCLIFE27OCT26530PE,HDFCLIFE,27OCT2026,53000.000000,1100,OPTSTK,NFO,5.000000,44001,False
78692,BHARATFORG27OCT261780PE,BHARATFORG,27OCT2026,178000.000000,500,OPTSTK,NFO,5.000000,10001,False
78697,HDFCLIFE27OCT26550PE,HDFCLIFE,27OCT2026,55000.000000,1100,OPTSTK,NFO,5.000000,44001,False
78698,HDFCLIFE27OCT26560CE,HDFCLIFE,27OCT2026,56000.000000,1100,OPTSTK,NFO,5.000000,44001,False
78717,HDFCLIFE27OCT26580CE,HDFCLIFE,27OCT2026,58000.000000,1100,OPTSTK,NFO,5.000000,44001,False
78723,HDFCLIFE27OCT26590PE,HDFCLIFE,27OCT2026,59000.000000,1100,OPTSTK,NFO,5.000000,44001,False
78729,HDFCLIFE27OCT26610PE,HDFCLIFE,27OCT2026,61000.000000,1100,OPTSTK,NFO,5.000000,44001,False
78821,BHARATFORG27OCT262220CE,BHARATFORG,27OCT2026,222000.000000,500,OPTSTK,NFO,5.000000,10001,False
78833,BHARATFORG27OCT262300PE,BHARATFORG,27OCT2026,230000.000000,500,OPTSTK,NFO,5.000000,10001,False
78841,HEROMOTOCO29SEP265300PE,HEROMOTOCO,29SEP2026,530000.000000,150,OPTSTK,NFO,5.000000,4501,False
78918,BHARATFORG23NOV262200PE,BHARATFORG,23NOV2026,220000.000000,500,OPTSTK,NFO,5.000000,10001,False
78950,HEROMOTOCO29SEP265900PE,HEROMOTOCO,29SEP2026,590000.000000,150,OPTSTK,NFO,5.000000,4501,False
78979,HEROMOTOCO27OCT264400PE,HEROMOTOCO,27OCT2026,440000.000000,150,OPTSTK,NFO,5.000000,4501,False
78986,HEROMOTOCO27OCT264600CE,HEROMOTOCO,27OCT2026,460000.000000,150,OPTSTK,NFO,5.000000,4501,False
79018,HEROMOTOCO27OCT266200CE,HEROMOTOCO,27OCT2026,620000.000000,150,OPTSTK,NFO,5.000000,4501,False
79049,HINDALCO29SEP26900CE,HINDALCO,29SEP2026,90000.000000,700,OPTSTK,NFO,5.000000,21001,False
79050,HINDALCO29SEP26900PE,HINDALCO,29SEP2026,90000.000000,700,OPTSTK,NFO,5.000000,21001,False
79053,HINDALCO29SEP26980CE,HINDALCO,29SEP2026,98000.000000,700,OPTSTK,NFO,5.000000,21001,False
79057,HINDALCO29SEP261060CE,HINDALCO,29SEP2026,106000.000000,700,OPTSTK,NFO,5.000000,21001,False
79097,BHARTIARTL27OCT261820PE,BHARTIARTL,27OCT2026,182000.000000,475,OPTSTK,NFO,5.000000,14251,False
79109,BHARTIARTL27OCT261980CE,BHARTIARTL,27OCT2026,198000.000000,475,OPTSTK,NFO,5.000000,14251,False
79151,HINDALCO27OCT26840CE,HINDALCO,27OCT2026,84000.000000,700,OPTSTK,NFO,5.000000,21001,False
79157,HINDALCO27OCT26920CE,HINDALCO,27OCT2026,92000.000000,700,OPTSTK,NFO,5.000000,21001,False
79161,HINDALCO27OCT261000CE,HINDALCO,27OCT2026,100000.000000,700,OPTSTK,NFO,5.000000,21001,False
79165,HINDALCO27OCT261080CE,HINDALCO,27OCT2026,108000.000000,700,OPTSTK,NFO,5.000000,21001,False
79173,HINDALCO27OCT261160PE,HINDALCO,27OCT2026,116000.000000,700,OPTSTK,NFO,5.000000,21001,False
79276,BHARTIARTL23NOV261720CE,BHARTIARTL,23NOV2026,172000.000000,475,OPTSTK,NFO,5.000000,14251,False
79289,BHARTIARTL23NOV261960PE,BHARTIARTL,23NOV2026,196000.000000,475,OPTSTK,NFO,5.000000,14251,False
79290,BHARTIARTL23NOV262000CE,BHARTIARTL,23NOV2026,200000.000000,475,OPTSTK,NFO,5.000000,14251,False
79441,HINDUNILVR29SEP261780PE,HINDUNILVR,29SEP2026,178000.000000,300,OPTSTK,NFO,5.000000,12001,False
79446,HINDUNILVR29SEP261900CE,HINDUNILVR,29SEP2026,190000.000000,300,OPTSTK,NFO,5.000000,12001,False
79453,HINDUNILVR29SEP262020PE,HINDUNILVR,29SEP2026,202000.000000,300,OPTSTK,NFO,5.000000,12001,False
79489,BHEL23NOV26360CE,BHEL,23NOV2026,36000.000000,2625,OPTSTK,NFO,5.000000,52501,False
79498,BHEL23NOV26400PE,BHEL,23NOV2026,40000.000000,2625,OPTSTK,NFO,5.000000,52501,False
79535,HINDUNILVR27OCT261800CE,HINDUNILVR,27OCT2026,180000.000000,300,OPTSTK,NFO,5.000000,12001,False
79537,HINDUNILVR27OCT261840CE,HINDUNILVR,27OCT2026,184000.000000,300,OPTSTK,NFO,5.000000,12001,False
79538,HINDUNILVR27OCT261840PE,HINDUNILVR,27OCT2026,184000.000000,300,OPTSTK,NFO,5.000000,12001,False
79555,HINDUNILVR27OCT262200CE,HINDUNILVR,27OCT2026,220000.000000,300,OPTSTK,NFO,5.000000,12001,False
79617,ADANIENSOL29SEP261120PE,ADANIENSOL,29SEP2026,112000.000000,675,OPTSTK,NFO,5.000000,13501,False
79632,ADANIENSOL29SEP261440CE,ADANIENSOL,29SEP2026,144000.000000,675,OPTSTK,NFO,5.000000,13501,False
79680,BHEL23NOV26500CE,BHEL,23NOV2026,50000.000000,2625,OPTSTK,NFO,5.000000,52501,False
79723,HINDZINC29SEP26670PE,HINDZINC,29SEP2026,67000.000000,1225,OPTSTK,NFO,5.000000,36751,False
79699,HINDZINC29SEP26510CE,HINDZINC,29SEP2026,51000.000000,1225,OPTSTK,NFO,5.000000,36751,False
79703,HINDZINC29SEP26550CE,HINDZINC,29SEP2026,55000.000000,1225,OPTSTK,NFO,5.000000,36751,False
79710,HINDZINC29SEP26610PE,HINDZINC,29SEP2026,61000.000000,1225,OPTSTK,NFO,5.000000,36751,False
79728,HINDZINC29SEP26690CE,HINDZINC,29SEP2026,69000.000000,1225,OPTSTK,NFO,5.000000,36751,False
79762,HINDZINC27OCT26540CE,HINDZINC,27OCT2026,54000.000000,1225,OPTSTK,NFO,5.000000,36751,False
79766,HINDZINC27OCT26560CE,HINDZINC,27OCT2026,56000.000000,1225,OPTSTK,NFO,5.000000,36751,False
79774,HINDZINC27OCT26620CE,HINDZINC,27OCT2026,62000.000000,1225,OPTSTK,NFO,5.000000,36751,False
79792,HINDZINC27OCT26620PE,HINDZINC,27OCT2026,62000.000000,1225,OPTSTK,NFO,5.000000,36751,False
79799,HINDZINC27OCT26660CE,HINDZINC,27OCT2026,66000.000000,1225,OPTSTK,NFO,5.000000,36751,False
79866,HYUNDAI29SEP262060PE,HYUNDAI,29SEP2026,206000.000000,275,OPTSTK,NFO,5.000000,11001,False
79887,BIOCON27OCT26445CE,BIOCON,27OCT2026,44500.000000,2500,OPTSTK,NFO,5.000000,50001,False
79888,BIOCON27OCT26445PE,BIOCON,27OCT2026,44500.000000,2500,OPTSTK,NFO,5.000000,50001,False
79893,HYUNDAI29SEP262180PE,HYUNDAI,29SEP2026,218000.000000,275,OPTSTK,NFO,5.000000,11001,False
79907,HYUNDAI29SEP262420PE,HYUNDAI,29SEP2026,242000.000000,275,OPTSTK,NFO,5.000000,11001,False
79909,HYUNDAI29SEP262460PE,HYUNDAI,29SEP2026,246000.000000,275,OPTSTK,NFO,5.000000,11001,False
79959,ADANIENSOL29SEP261640PE,ADANIENSOL,29SEP2026,164000.000000,675,OPTSTK,NFO,5.000000,13501,False
79962,ADANIENSOL29SEP261720CE,ADANIENSOL,29SEP2026,172000.000000,675,OPTSTK,NFO,5.000000,13501,False
80011,HYUNDAI27OCT262200PE,HYUNDAI,27OCT2026,220000.000000,275,OPTSTK,NFO,5.000000,11001,False
80021,HYUNDAI27OCT262320PE,HYUNDAI,27OCT2026,232000.000000,275,OPTSTK,NFO,5.000000,11001,False
80029,HYUNDAI27OCT262360PE,HYUNDAI,27OCT2026,236000.000000,275,OPTSTK,NFO,5.000000,11001,False
80037,HYUNDAI27OCT262400CE,HYUNDAI,27OCT2026,240000.000000,275,OPTSTK,NFO,5.000000,11001,False
80039,HYUNDAI27OCT262400PE,HYUNDAI,27OCT2026,240000.000000,275,OPTSTK,NFO,5.000000,11001,False
80057,BIOCON23NOV26370PE,BIOCON,23NOV2026,37000.000000,2500,OPTSTK,NFO,5.000000,50001,False
80064,BIOCON23NOV26410CE,BIOCON,23NOV2026,41000.000000,2500,OPTSTK,NFO,5.000000,50001,False
80067,BIOCON23NOV26420PE,BIOCON,23NOV2026,42000.000000,2500,OPTSTK,NFO,5.000000,50001,False
80228,BLUESTARCO27OCT261300CE,BLUESTARCO,27OCT2026,130000.000000,325,OPTSTK,NFO,5.000000,13001,False
80236,BLUESTARCO27OCT261460CE,BLUESTARCO,27OCT2026,146000.000000,325,OPTSTK,NFO,5.000000,13001,False
80237,BLUESTARCO27OCT261460PE,BLUESTARCO,27OCT2026,146000.000000,325,OPTSTK,NFO,5.000000,13001,False
80265,BLUESTARCO27OCT261580PE,BLUESTARCO,27OCT2026,158000.000000,325,OPTSTK,NFO,5.000000,13001,False
80266,BLUESTARCO27OCT261620CE,BLUESTARCO,27OCT2026,162000.000000,325,OPTSTK,NFO,5.000000,13001,False
80267,NIFTY30MAR2719500PE,NIFTY,30MAR2027,1950000.000000,65,OPTIDX,NFO,5.000000,1801,False
80300,BLUESTARCO27OCT261620PE,BLUESTARCO,27OCT2026,162000.000000,325,OPTSTK,NFO,5.000000,13001,False
80424,ADANIENT29SEP262900CE,ADANIENT,29SEP2026,290000.000000,309,OPTSTK,NFO,5.000000,9271,False
80467,ICICIBANK29SEP261470PE,ICICIBANK,29SEP2026,147000.000000,700,OPTSTK,NFO,5.000000,21001,False
80474,ICICIBANK29SEP261550CE,ICICIBANK,29SEP2026,155000.000000,700,OPTSTK,NFO,5.000000,21001,False
80477,ICICIBANK29SEP261570PE,ICICIBANK,29SEP2026,157000.000000,700,OPTSTK,NFO,5.000000,21001,False
80506,BLUESTARCO23NOV261520PE,BLUESTARCO,23NOV2026,152000.000000,325,OPTSTK,NFO,5.000000,13001,False
80586,ICICIBANK27OCT261200PE,ICICIBANK,27OCT2026,120000.000000,700,OPTSTK,NFO,5.000000,21001,False
80507,BLUESTARCO23NOV261560CE,BLUESTARCO,23NOV2026,156000.000000,325,OPTSTK,NFO,5.000000,13001,False
80589,ICICIBANK27OCT261240CE,ICICIBANK,27OCT2026,124000.000000,700,OPTSTK,NFO,5.000000,21001,False
80598,ICICIBANK27OCT261320PE,ICICIBANK,27OCT2026,132000.000000,700,OPTSTK,NFO,5.000000,21001,False
80630,ICICIBANK27OCT261500CE,ICICIBANK,27OCT2026,150000.000000,700,OPTSTK,NFO,5.000000,21001,False
80641,ICICIBANK27OCT261540PE,ICICIBANK,27OCT2026,154000.000000,700,OPTSTK,NFO,5.000000,21001,False
80642,BOSCHLTD27OCT2643500CE,BOSCHLTD,27OCT2026,4350000.000000,25,OPTSTK,NFO,5.000000,501,False
80656,ICICIBANK27OCT261600PE,ICICIBANK,27OCT2026,160000.000000,700,OPTSTK,NFO,5.000000,21001,False
80693,BOSCHLTD27OCT2647500PE,BOSCHLTD,27OCT2026,4750000.000000,25,OPTSTK,NFO,5.000000,501,False
80762,ADANIGREEN29SEP261080CE,ADANIGREEN,29SEP2026,108000.000000,600,OPTSTK,NFO,5.000000,18001,False
80765,ADANIGREEN29SEP261120PE,ADANIGREEN,29SEP2026,112000.000000,600,OPTSTK,NFO,5.000000,18001,False
80774,ICICIGI29SEP261580CE,ICICIGI,29SEP2026,158000.000000,325,OPTSTK,NFO,5.000000,13001,False
80838,BOSCHLTD23NOV2645000CE,BOSCHLTD,23NOV2026,4500000.000000,25,OPTSTK,NFO,5.000000,501,False
80841,ADANIGREEN29SEP261280CE,ADANIGREEN,29SEP2026,128000.000000,600,OPTSTK,NFO,5.000000,18001,False
80842,ADANIGREEN29SEP261280PE,ADANIGREEN,29SEP2026,128000.000000,600,OPTSTK,NFO,5.000000,18001,False
80847,ADANIGREEN29SEP261400CE,ADANIGREEN,29SEP2026,140000.000000,600,OPTSTK,NFO,5.000000,18001,False
80851,ADANIGREEN29SEP261440PE,ADANIGREEN,29SEP2026,144000.000000,600,OPTSTK,NFO,5.000000,18001,False
80883,ICICIGI27OCT261200CE,ICICIGI,27OCT2026,120000.000000,325,OPTSTK,NFO,5.000000,13001,False
80885,ICICIGI27OCT261240CE,ICICIGI,27OCT2026,124000.000000,325,OPTSTK,NFO,5.000000,13001,False
80923,ICICIGI27OCT261760CE,ICICIGI,27OCT2026,176000.000000,325,OPTSTK,NFO,5.000000,13001,False
80926,ICICIGI27OCT261800PE,ICICIGI,27OCT2026,180000.000000,325,OPTSTK,NFO,5.000000,13001,False
80928,ICICIGI27OCT261840PE,ICICIGI,27OCT2026,184000.000000,325,OPTSTK,NFO,5.000000,13001,False
81005,ICICIPRULI29SEP26475PE,ICICIPRULI,29SEP2026,47500.000000,925,OPTSTK,NFO,5.000000,46251,False
81009,ICICIPRULI29SEP26495PE,ICICIPRULI,29SEP2026,49500.000000,925,OPTSTK,NFO,5.000000,46251,False
81010,ICICIPRULI29SEP26505CE,ICICIPRULI,29SEP2026,50500.000000,925,OPTSTK,NFO,5.000000,46251,False
81011,ICICIPRULI29SEP26505PE,ICICIPRULI,29SEP2026,50500.000000,925,OPTSTK,NFO,5.000000,46251,False
81014,ICICIPRULI29SEP26525CE,ICICIPRULI,29SEP2026,52500.000000,925,OPTSTK,NFO,5.000000,46251,False
81021,ICICIPRULI29SEP26545CE,ICICIPRULI,29SEP2026,54500.000000,925,OPTSTK,NFO,5.000000,46251,False
81135,ICICIPRULI27OCT26400CE,ICICIPRULI,27OCT2026,40000.000000,925,OPTSTK,NFO,5.000000,46251,False
81136,ICICIPRULI27OCT26400PE,ICICIPRULI,27OCT2026,40000.000000,925,OPTSTK,NFO,5.000000,46251,False
81205,ICICIPRULI27OCT26590PE,ICICIPRULI,27OCT2026,59000.000000,925,OPTSTK,NFO,5.000000,46251,False
81244,IDEA29SEP2613PE,IDEA,29SEP2026,1300.000000,71475,OPTSTK,NFO,1.000000,1429501,False
81349,ADANIPORTS29SEP261520PE,ADANIPORTS,29SEP2026,152000.000000,475,OPTSTK,NFO,5.000000,14251,False
81357,IDFCFIRSTB29SEP2675PE,IDFCFIRSTB,29SEP2026,7500.000000,9275,OPTSTK,NFO,1.000000,278251,False
81359,IDFCFIRSTB29SEP2677PE,IDFCFIRSTB,29SEP2026,7700.000000,9275,OPTSTK,NFO,1.000000,278251,False
81360,IDFCFIRSTB29SEP2679CE,IDFCFIRSTB,29SEP2026,7900.000000,9275,OPTSTK,NFO,1.000000,278251,False
81362,IDFCFIRSTB29SEP2681CE,IDFCFIRSTB,29SEP2026,8100.000000,9275,OPTSTK,NFO,1.000000,278251,False
81384,ADANIPORTS29SEP261600CE,ADANIPORTS,29SEP2026,160000.000000,475,OPTSTK,NFO,5.000000,14251,False
81385,ADANIPORTS29SEP261600PE,ADANIPORTS,29SEP2026,160000.000000,475,OPTSTK,NFO,5.000000,14251,False
81386,ADANIPORTS29SEP261640CE,ADANIPORTS,29SEP2026,164000.000000,475,OPTSTK,NFO,5.000000,14251,False
81401,ADANIPORTS29SEP261880CE,ADANIPORTS,29SEP2026,188000.000000,475,OPTSTK,NFO,5.000000,14251,False
81402,ADANIPORTS29SEP261880PE,ADANIPORTS,29SEP2026,188000.000000,475,OPTSTK,NFO,5.000000,14251,False
81463,BPCL23NOV26270CE,BPCL,23NOV2026,27000.000000,1975,OPTSTK,NFO,5.000000,79001,False
81488,BPCL23NOV26320CE,BPCL,23NOV2026,32000.000000,1975,OPTSTK,NFO,5.000000,79001,False
81501,IDFCFIRSTB27OCT2674CE,IDFCFIRSTB,27OCT2026,7400.000000,9275,OPTSTK,NFO,1.000000,278251,False
81513,IDFCFIRSTB27OCT2686CE,IDFCFIRSTB,27OCT2026,8600.000000,9275,OPTSTK,NFO,1.000000,278251,False
81580,BRITANNIA27OCT264750CE,BRITANNIA,27OCT2026,475000.000000,125,OPTSTK,NFO,5.000000,5001,False
81516,BPCL23NOV26350PE,BPCL,23NOV2026,35000.000000,1975,OPTSTK,NFO,5.000000,79001,False
81547,IDFCFIRSTB27OCT2694CE,IDFCFIRSTB,27OCT2026,9400.000000,9275,OPTSTK,NFO,1.000000,278251,False
81559,BRITANNIA27OCT264450CE,BRITANNIA,27OCT2026,445000.000000,125,OPTSTK,NFO,5.000000,5001,False
81603,ADANIPOWER29SEP26230CE,ADANIPOWER,29SEP2026,23000.000000,3550,OPTSTK,NFO,1.000000,106501,False
81604,ADANIPOWER29SEP26230PE,ADANIPOWER,29SEP2026,23000.000000,3550,OPTSTK,NFO,1.000000,106501,False
81652,IEX29SEP26147.5PE,IEX,29SEP2026,14750.000000,4350,OPTSTK,NFO,1.000000,174001,False
81680,IEX27OCT26100PE,IEX,27OCT2026,10000.000000,4350,OPTSTK,NFO,1.000000,174001,False
81699,IEX27OCT26110PE,IEX,27OCT2026,11000.000000,4350,OPTSTK,NFO,1.000000,174001,False
81799,INDHOTEL29SEP26670CE,INDHOTEL,29SEP2026,67000.000000,1000,OPTSTK,NFO,5.000000,30001,False
81802,INDHOTEL29SEP26690CE,INDHOTEL,29SEP2026,69000.000000,1000,OPTSTK,NFO,5.000000,30001,False
81815,INDHOTEL29SEP26790CE,INDHOTEL,29SEP2026,79000.000000,1000,OPTSTK,NFO,5.000000,30001,False
81903,INDHOTEL27OCT26640CE,INDHOTEL,27OCT2026,64000.000000,1000,OPTSTK,NFO,5.000000,30001,False
81914,INDHOTEL27OCT26740PE,INDHOTEL,27OCT2026,74000.000000,1000,OPTSTK,NFO,5.000000,30001,False
82011,INDIANB29SEP26790CE,INDIANB,29SEP2026,79000.000000,1000,OPTSTK,NFO,5.000000,30001,False
82066,BRITANNIA23NOV264400PE,BRITANNIA,23NOV2026,440000.000000,125,OPTSTK,NFO,5.000000,5001,False
82081,BRITANNIA23NOV264900CE,BRITANNIA,23NOV2026,490000.000000,125,OPTSTK,NFO,5.000000,5001,False
82148,INDIANB27OCT26780CE,INDIANB,27OCT2026,78000.000000,1000,OPTSTK,NFO,5.000000,30001,False
82152,INDIANB27OCT26800PE,INDIANB,27OCT2026,80000.000000,1000,OPTSTK,NFO,5.000000,30001,False
82153,INDIANB27OCT26820CE,INDIANB,27OCT2026,82000.000000,1000,OPTSTK,NFO,5.000000,30001,False
82173,INDIANB27OCT26920PE,INDIANB,27OCT2026,92000.000000,1000,OPTSTK,NFO,5.000000,30001,False
82187,BRITANNIA23NOV265200CE,BRITANNIA,23NOV2026,520000.000000,125,OPTSTK,NFO,5.000000,5001,False
82207,ALKEM29SEP264400CE,ALKEM,29SEP2026,440000.000000,125,OPTSTK,NFO,5.000000,5001,False
82229,ALKEM29SEP264500PE,ALKEM,29SEP2026,450000.000000,125,OPTSTK,NFO,5.000000,5001,False
82230,ALKEM29SEP264600CE,ALKEM,29SEP2026,460000.000000,125,OPTSTK,NFO,5.000000,5001,False
82231,INDIGO29SEP264900CE,INDIGO,29SEP2026,490000.000000,150,OPTSTK,NFO,5.000000,4501,False
82240,INDIGO29SEP265100PE,INDIGO,29SEP2026,510000.000000,150,OPTSTK,NFO,5.000000,4501,False
82242,BRITANNIA23NOV265700PE,BRITANNIA,23NOV2026,570000.000000,125,OPTSTK,NFO,5.000000,5001,False
82358,BSE27OCT262900PE,BSE,27OCT2026,290000.000000,200,OPTSTK,NFO,5.000000,6001,False
82373,INDIGO27OCT264200CE,INDIGO,27OCT2026,420000.000000,150,OPTSTK,NFO,5.000000,4501,False
82386,BSE27OCT263500CE,BSE,27OCT2026,350000.000000,200,OPTSTK,NFO,5.000000,6001,False
82415,INDIGO27OCT265000CE,INDIGO,27OCT2026,500000.000000,150,OPTSTK,NFO,5.000000,4501,False
82422,INDIGO27OCT265400PE,INDIGO,27OCT2026,540000.000000,150,OPTSTK,NFO,5.000000,4501,False
82425,INDIGO27OCT265800CE,INDIGO,27OCT2026,580000.000000,150,OPTSTK,NFO,5.000000,4501,False
82428,INDIGO27OCT266000PE,INDIGO,27OCT2026,600000.000000,150,OPTSTK,NFO,5.000000,4501,False
82463,INDUSINDBK29SEP26890CE,INDUSINDBK,29SEP2026,89000.000000,700,OPTSTK,NFO,5.000000,28001,False
82473,INDUSINDBK29SEP26990CE,INDUSINDBK,29SEP2026,99000.000000,700,OPTSTK,NFO,5.000000,28001,False
82474,INDUSINDBK29SEP26990PE,INDUSINDBK,29SEP2026,99000.000000,700,OPTSTK,NFO,5.000000,28001,False
82478,INDUSINDBK29SEP261030PE,INDUSINDBK,29SEP2026,103000.000000,700,OPTSTK,NFO,5.000000,28001,False
82491,BSE23NOV262400CE,BSE,23NOV2026,240000.000000,200,OPTSTK,NFO,5.000000,6001,False
82512,BSE23NOV264400PE,BSE,23NOV2026,440000.000000,200,OPTSTK,NFO,5.000000,6001,False
82554,CAMS27OCT26690PE,CAMS,27OCT2026,69000.000000,825,OPTSTK,NFO,5.000000,33001,False
82581,CAMS27OCT26730CE,CAMS,27OCT2026,73000.000000,825,OPTSTK,NFO,5.000000,33001,False
82582,CAMS27OCT26730PE,CAMS,27OCT2026,73000.000000,825,OPTSTK,NFO,5.000000,33001,False
82584,CAMS27OCT26750PE,CAMS,27OCT2026,75000.000000,825,OPTSTK,NFO,5.000000,33001,False
82587,CAMS27OCT26770CE,CAMS,27OCT2026,77000.000000,825,OPTSTK,NFO,5.000000,33001,False
82707,INDUSINDBK27OCT26920PE,INDUSINDBK,27OCT2026,92000.000000,700,OPTSTK,NFO,5.000000,28001,False
82718,INDUSINDBK27OCT26940PE,INDUSINDBK,27OCT2026,94000.000000,700,OPTSTK,NFO,5.000000,28001,False
82726,CAMS23NOV26700CE,CAMS,23NOV2026,70000.000000,825,OPTSTK,NFO,5.000000,33001,False
82727,CAMS23NOV26700PE,CAMS,23NOV2026,70000.000000,825,OPTSTK,NFO,5.000000,33001,False
82770,INDUSINDBK27OCT261040PE,INDUSINDBK,27OCT2026,104000.000000,700,OPTSTK,NFO,5.000000,28001,False
82772,INDUSINDBK27OCT261060PE,INDUSINDBK,27OCT2026,106000.000000,700,OPTSTK,NFO,5.000000,28001,False
82774,INDUSINDBK27OCT261080PE,INDUSINDBK,27OCT2026,108000.000000,700,OPTSTK,NFO,5.000000,28001,False
82775,INDUSINDBK27OCT261100CE,INDUSINDBK,27OCT2026,110000.000000,700,OPTSTK,NFO,5.000000,28001,False
82778,CAMS23NOV26920PE,CAMS,23NOV2026,92000.000000,825,OPTSTK,NFO,5.000000,33001,False
82791,INDUSINDBK27OCT261120PE,INDUSINDBK,27OCT2026,112000.000000,700,OPTSTK,NFO,5.000000,28001,False
82837,AMBER29SEP266000PE,AMBER,29SEP2026,600000.000000,100,OPTSTK,NFO,5.000000,3001,False
82850,AMBER29SEP267000PE,AMBER,29SEP2026,700000.000000,100,OPTSTK,NFO,5.000000,3001,False
82856,AMBER29SEP267600PE,AMBER,29SEP2026,760000.000000,100,OPTSTK,NFO,5.000000,3001,False
82860,AMBER29SEP268000PE,AMBER,29SEP2026,800000.000000,100,OPTSTK,NFO,5.000000,3001,False
82868,AMBER29SEP268800PE,AMBER,29SEP2026,880000.000000,100,OPTSTK,NFO,5.000000,3001,False
82943,CANBK27OCT26122.5PE,CANBK,27OCT2026,12250.000000,6750,OPTSTK,NFO,1.000000,202501,False
82949,CANBK27OCT26127.5PE,CANBK,27OCT2026,12750.000000,6750,OPTSTK,NFO,1.000000,202501,False
83009,INDUSTOWER29SEP26351CE,INDUSTOWER,29SEP2026,35100.000000,1700,OPTSTK,NFO,5.000000,68001,False
83063,INDUSTOWER29SEP26421CE,INDUSTOWER,29SEP2026,42100.000000,1700,OPTSTK,NFO,5.000000,68001,False
83069,CANBK23NOV26140PE,CANBK,23NOV2026,14000.000000,6750,OPTSTK,NFO,1.000000,202501,False
83114,CDSL27OCT261300PE,CDSL,27OCT2026,130000.000000,475,OPTSTK,NFO,5.000000,19001,False
83121,CDSL27OCT261460CE,CDSL,27OCT2026,146000.000000,475,OPTSTK,NFO,5.000000,19001,False
83263,AMBUJACEM29SEP26350PE,AMBUJACEM,29SEP2026,35000.000000,1200,OPTSTK,NFO,5.000000,60001,False
83268,AMBUJACEM29SEP26380CE,AMBUJACEM,29SEP2026,38000.000000,1200,OPTSTK,NFO,5.000000,60001,False
83280,AMBUJACEM29SEP26440CE,AMBUJACEM,29SEP2026,44000.000000,1200,OPTSTK,NFO,5.000000,60001,False
83356,CGPOWER27OCT26820CE,CGPOWER,27OCT2026,82000.000000,850,OPTSTK,NFO,5.000000,25501,False
83362,INFY29SEP26900CE,INFY,29SEP2026,90000.000000,400,OPTSTK,NFO,5.000000,20001,False
83372,INFY29SEP261100CE,INFY,29SEP2026,110000.000000,400,OPTSTK,NFO,5.000000,20001,False
83373,INFY29SEP261100PE,INFY,29SEP2026,110000.000000,400,OPTSTK,NFO,5.000000,20001,False
83382,INFY29SEP261300CE,INFY,29SEP2026,130000.000000,400,OPTSTK,NFO,5.000000,20001,False
82464,INDUSINDBK29SEP26890PE,INDUSINDBK,29SEP2026,89000.000000,700,OPTSTK,NFO,5.000000,28001,False
82465,INDUSINDBK29SEP26910CE,INDUSINDBK,29SEP2026,91000.000000,700,OPTSTK,NFO,5.000000,28001,False
82470,INDUSINDBK29SEP26950PE,INDUSINDBK,29SEP2026,95000.000000,700,OPTSTK,NFO,5.000000,28001,False
82476,INDUSINDBK29SEP261010PE,INDUSINDBK,29SEP2026,101000.000000,700,OPTSTK,NFO,5.000000,28001,False
82495,BSE23NOV262800CE,BSE,23NOV2026,280000.000000,200,OPTSTK,NFO,5.000000,6001,False
82505,BSE23NOV263800CE,BSE,23NOV2026,380000.000000,200,OPTSTK,NFO,5.000000,6001,False
82541,CAMS27OCT26630CE,CAMS,27OCT2026,63000.000000,825,OPTSTK,NFO,5.000000,33001,False
82546,CAMS27OCT26670PE,CAMS,27OCT2026,67000.000000,825,OPTSTK,NFO,5.000000,33001,False
82553,CAMS27OCT26690CE,CAMS,27OCT2026,69000.000000,825,OPTSTK,NFO,5.000000,33001,False
82579,CAMS27OCT26710CE,CAMS,27OCT2026,71000.000000,825,OPTSTK,NFO,5.000000,33001,False
82583,CAMS27OCT26750CE,CAMS,27OCT2026,75000.000000,825,OPTSTK,NFO,5.000000,33001,False
82594,CAMS27OCT26810PE,CAMS,27OCT2026,81000.000000,825,OPTSTK,NFO,5.000000,33001,False
82672,INDUSINDBK27OCT26860PE,INDUSINDBK,27OCT2026,86000.000000,700,OPTSTK,NFO,5.000000,28001,False
82719,CAMS23NOV26660CE,CAMS,23NOV2026,66000.000000,825,OPTSTK,NFO,5.000000,33001,False
82721,INDUSINDBK27OCT26960CE,INDUSINDBK,27OCT2026,96000.000000,700,OPTSTK,NFO,5.000000,28001,False
82731,CAMS23NOV26740CE,CAMS,23NOV2026,74000.000000,825,OPTSTK,NFO,5.000000,33001,False
82762,INDUSINDBK27OCT261000CE,INDUSINDBK,27OCT2026,100000.000000,700,OPTSTK,NFO,5.000000,28001,False
82800,INDUSINDBK27OCT261140CE,INDUSINDBK,27OCT2026,114000.000000,700,OPTSTK,NFO,5.000000,28001,False
82836,AMBER29SEP266000CE,AMBER,29SEP2026,600000.000000,100,OPTSTK,NFO,5.000000,3001,False
82843,AMBER29SEP266600PE,AMBER,29SEP2026,660000.000000,100,OPTSTK,NFO,5.000000,3001,False
82859,AMBER29SEP268000CE,AMBER,29SEP2026,800000.000000,100,OPTSTK,NFO,5.000000,3001,False
82862,AMBER29SEP268200PE,AMBER,29SEP2026,820000.000000,100,OPTSTK,NFO,5.000000,3001,False
82921,CANBK27OCT26112.5PE,CANBK,27OCT2026,11250.000000,6750,OPTSTK,NFO,1.000000,202501,False
83045,CANBK23NOV26115CE,CANBK,23NOV2026,11500.000000,6750,OPTSTK,NFO,1.000000,202501,False
83051,CANBK23NOV26125CE,CANBK,23NOV2026,12500.000000,6750,OPTSTK,NFO,1.000000,202501,False
83055,INDUSTOWER29SEP26381CE,INDUSTOWER,29SEP2026,38100.000000,1700,OPTSTK,NFO,5.000000,68001,False
83057,INDUSTOWER29SEP26391CE,INDUSTOWER,29SEP2026,39100.000000,1700,OPTSTK,NFO,5.000000,68001,False
83064,CANBK23NOV26130CE,CANBK,23NOV2026,13000.000000,6750,OPTSTK,NFO,1.000000,202501,False
83067,CANBK23NOV26135PE,CANBK,23NOV2026,13500.000000,6750,OPTSTK,NFO,1.000000,202501,False
83070,CANBK23NOV26145CE,CANBK,23NOV2026,14500.000000,6750,OPTSTK,NFO,1.000000,202501,False
83116,CDSL27OCT261340PE,CDSL,27OCT2026,134000.000000,475,OPTSTK,NFO,5.000000,19001,False
83123,CDSL27OCT261500CE,CDSL,27OCT2026,150000.000000,475,OPTSTK,NFO,5.000000,19001,False
83168,CDSL23NOV261280CE,CDSL,23NOV2026,128000.000000,475,OPTSTK,NFO,5.000000,19001,False
83266,AMBUJACEM29SEP26370CE,AMBUJACEM,29SEP2026,37000.000000,1200,OPTSTK,NFO,5.000000,60001,False
83273,AMBUJACEM29SEP26400PE,AMBUJACEM,29SEP2026,40000.000000,1200,OPTSTK,NFO,5.000000,60001,False
83277,AMBUJACEM29SEP26420PE,AMBUJACEM,29SEP2026,42000.000000,1200,OPTSTK,NFO,5.000000,60001,False
83285,AMBUJACEM29SEP26460PE,AMBUJACEM,29SEP2026,46000.000000,1200,OPTSTK,NFO,5.000000,60001,False
83293,AMBUJACEM29SEP26500PE,AMBUJACEM,29SEP2026,50000.000000,1200,OPTSTK,NFO,5.000000,60001,False
83329,CDSL23NOV261560PE,CDSL,23NOV2026,156000.000000,475,OPTSTK,NFO,5.000000,19001,False
83380,INFY29SEP261260CE,INFY,29SEP2026,126000.000000,400,OPTSTK,NFO,5.000000,20001,False
83381,INFY29SEP261260PE,INFY,29SEP2026,126000.000000,400,OPTSTK,NFO,5.000000,20001,False
83383,INFY29SEP261300PE,INFY,29SEP2026,130000.000000,400,OPTSTK,NFO,5.000000,20001,False
83399,CGPOWER27OCT26980CE,CGPOWER,27OCT2026,98000.000000,850,OPTSTK,NFO,5.000000,25501,False
83401,CGPOWER27OCT261020CE,CGPOWER,27OCT2026,102000.000000,850,OPTSTK,NFO,5.000000,25501,False
83458,CGPOWER23NOV26840PE,CGPOWER,23NOV2026,84000.000000,850,OPTSTK,NFO,5.000000,25501,False
83463,INFY27OCT261160PE,INFY,27OCT2026,116000.000000,400,OPTSTK,NFO,5.000000,20001,False
83466,INFY27OCT261200CE,INFY,27OCT2026,120000.000000,400,OPTSTK,NFO,5.000000,20001,False
83468,INFY27OCT261240CE,INFY,27OCT2026,124000.000000,400,OPTSTK,NFO,5.000000,20001,False
83586,INOXWIND29SEP2667.5CE,INOXWIND,29SEP2026,6750.000000,6400,OPTSTK,NFO,1.000000,256001,False
83603,INOXWIND29SEP2682.5CE,INOXWIND,29SEP2026,8250.000000,6400,OPTSTK,NFO,1.000000,256001,False
83654,CHOLAFIN27OCT261660CE,CHOLAFIN,27OCT2026,166000.000000,625,OPTSTK,NFO,5.000000,12501,False
83660,CHOLAFIN27OCT261780CE,CHOLAFIN,27OCT2026,178000.000000,625,OPTSTK,NFO,5.000000,12501,False
83661,CHOLAFIN27OCT261780PE,CHOLAFIN,27OCT2026,178000.000000,625,OPTSTK,NFO,5.000000,12501,False
83672,CHOLAFIN27OCT262020CE,CHOLAFIN,27OCT2026,202000.000000,625,OPTSTK,NFO,5.000000,12501,False
83713,INOXWIND27OCT2670CE,INOXWIND,27OCT2026,7000.000000,6400,OPTSTK,NFO,1.000000,256001,False
83715,INOXWIND27OCT2675CE,INOXWIND,27OCT2026,7500.000000,6400,OPTSTK,NFO,1.000000,256001,False
83749,CHOLAFIN23NOV261720PE,CHOLAFIN,23NOV2026,172000.000000,625,OPTSTK,NFO,5.000000,12501,False
83751,CHOLAFIN23NOV261760PE,CHOLAFIN,23NOV2026,176000.000000,625,OPTSTK,NFO,5.000000,12501,False
83758,CHOLAFIN23NOV261880CE,CHOLAFIN,23NOV2026,188000.000000,625,OPTSTK,NFO,5.000000,12501,False
83759,CHOLAFIN23NOV261880PE,CHOLAFIN,23NOV2026,188000.000000,625,OPTSTK,NFO,5.000000,12501,False
83895,CIPLA27OCT261330PE,CIPLA,27OCT2026,133000.000000,425,OPTSTK,NFO,5.000000,17001,False
83763,CHOLAFIN23NOV261960CE,CHOLAFIN,23NOV2026,196000.000000,625,OPTSTK,NFO,5.000000,12501,False
83792,ANGELONE29SEP26240PE,ANGELONE,29SEP2026,24000.000000,2500,OPTSTK,NFO,5.000000,75001,False
83837,ANGELONE29SEP26360CE,ANGELONE,29SEP2026,36000.000000,2500,OPTSTK,NFO,5.000000,75001,False
83984,IOC29SEP26142.5CE,IOC,29SEP2026,14250.000000,4875,OPTSTK,NFO,1.000000,195001,False
83986,IOC29SEP26147.5CE,IOC,29SEP2026,14750.000000,4875,OPTSTK,NFO,1.000000,195001,False
84006,CIPLA27OCT261470CE,CIPLA,27OCT2026,147000.000000,425,OPTSTK,NFO,5.000000,17001,False
84007,CIPLA27OCT261470PE,CIPLA,27OCT2026,147000.000000,425,OPTSTK,NFO,5.000000,17001,False
84022,CIPLA27OCT261490PE,CIPLA,27OCT2026,149000.000000,425,OPTSTK,NFO,5.000000,17001,False
84198,APLAPOLLO29SEP261880PE,APLAPOLLO,29SEP2026,188000.000000,350,OPTSTK,NFO,5.000000,10501,False
84214,CIPLA23NOV261240PE,CIPLA,23NOV2026,124000.000000,425,OPTSTK,NFO,5.000000,17001,False
84238,APLAPOLLO29SEP262400PE,APLAPOLLO,29SEP2026,240000.000000,350,OPTSTK,NFO,5.000000,10501,False
84250,CIPLA23NOV261440PE,CIPLA,23NOV2026,144000.000000,425,OPTSTK,NFO,5.000000,17001,False
84257,CIPLA23NOV261520CE,CIPLA,23NOV2026,152000.000000,425,OPTSTK,NFO,5.000000,17001,False
84267,IOC27OCT26115PE,IOC,27OCT2026,11500.000000,4875,OPTSTK,NFO,1.000000,195001,False
84286,IOC27OCT26155PE,IOC,27OCT2026,15500.000000,4875,OPTSTK,NFO,1.000000,195001,False
84287,IOC27OCT26160CE,IOC,27OCT2026,16000.000000,4875,OPTSTK,NFO,1.000000,195001,False
84324,IREDA29SEP26122.5PE,IREDA,29SEP2026,12250.000000,4525,OPTSTK,NFO,1.000000,181001,False
84327,APLAPOLLO29SEP262480PE,APLAPOLLO,29SEP2026,248000.000000,350,OPTSTK,NFO,5.000000,10501,False
84427,COALINDIA27OCT26445PE,COALINDIA,27OCT2026,44500.000000,1350,OPTSTK,NFO,5.000000,54001,False
84429,COALINDIA27OCT26455PE,COALINDIA,27OCT2026,45500.000000,1350,OPTSTK,NFO,5.000000,54001,False
84516,IREDA27OCT2690CE,IREDA,27OCT2026,9000.000000,4525,OPTSTK,NFO,1.000000,181001,False
84517,IREDA27OCT2690PE,IREDA,27OCT2026,9000.000000,4525,OPTSTK,NFO,1.000000,181001,False
84532,IREDA27OCT26115PE,IREDA,27OCT2026,11500.000000,4525,OPTSTK,NFO,1.000000,181001,False
84537,IREDA27OCT26125PE,IREDA,27OCT2026,12500.000000,4525,OPTSTK,NFO,1.000000,181001,False
84539,IREDA27OCT26130PE,IREDA,27OCT2026,13000.000000,4525,OPTSTK,NFO,1.000000,181001,False
84543,IREDA27OCT26140PE,IREDA,27OCT2026,14000.000000,4525,OPTSTK,NFO,1.000000,181001,False
84569,APOLLOHOSP29SEP269200PE,APOLLOHOSP,29SEP2026,920000.000000,125,OPTSTK,NFO,5.000000,2501,False
84573,APOLLOHOSP29SEP269600PE,APOLLOHOSP,29SEP2026,960000.000000,125,OPTSTK,NFO,5.000000,2501,False
84576,APOLLOHOSP29SEP2610000CE,APOLLOHOSP,29SEP2026,1000000.000000,125,OPTSTK,NFO,5.000000,2501,False
84721,IRFC29SEP2671CE,IRFC,29SEP2026,7100.000000,5425,OPTSTK,NFO,1.000000,271251,False
84730,IRFC29SEP2675CE,IRFC,29SEP2026,7500.000000,5425,OPTSTK,NFO,1.000000,271251,False
84739,COALINDIA23NOV26380CE,COALINDIA,23NOV2026,38000.000000,1350,OPTSTK,NFO,5.000000,54001,False
84743,COALINDIA23NOV26400CE,COALINDIA,23NOV2026,40000.000000,1350,OPTSTK,NFO,5.000000,54001,False
84746,COALINDIA23NOV26410PE,COALINDIA,23NOV2026,41000.000000,1350,OPTSTK,NFO,5.000000,54001,False
84767,ASHOKLEY29SEP26150CE,ASHOKLEY,29SEP2026,15000.000000,5000,OPTSTK,NFO,1.000000,150001,False
84782,COALINDIA23NOV26470PE,COALINDIA,23NOV2026,47000.000000,1350,OPTSTK,NFO,5.000000,54001,False
84808,COCHINSHIP27OCT261260PE,COCHINSHIP,27OCT2026,126000.000000,400,OPTSTK,NFO,5.000000,16001,False
84819,COCHINSHIP27OCT261500CE,COCHINSHIP,27OCT2026,150000.000000,400,OPTSTK,NFO,5.000000,16001,False
84827,COCHINSHIP27OCT261620CE,COCHINSHIP,27OCT2026,162000.000000,400,OPTSTK,NFO,5.000000,16001,False
84828,COCHINSHIP27OCT261620PE,COCHINSHIP,27OCT2026,162000.000000,400,OPTSTK,NFO,5.000000,16001,False
84844,COCHINSHIP27OCT261660PE,COCHINSHIP,27OCT2026,166000.000000,400,OPTSTK,NFO,5.000000,16001,False
84846,COCHINSHIP27OCT261700PE,COCHINSHIP,27OCT2026,170000.000000,400,OPTSTK,NFO,5.000000,16001,False
84893,COCHINSHIP23NOV261200PE,COCHINSHIP,23NOV2026,120000.000000,400,OPTSTK,NFO,5.000000,16001,False
84916,COCHINSHIP23NOV261520CE,COCHINSHIP,23NOV2026,152000.000000,400,OPTSTK,NFO,5.000000,16001,False
84922,COCHINSHIP23NOV261640CE,COCHINSHIP,23NOV2026,164000.000000,400,OPTSTK,NFO,5.000000,16001,False
84944,IRFC29SEP2693CE,IRFC,29SEP2026,9300.000000,5425,OPTSTK,NFO,1.000000,271251,False
84948,IRFC29SEP2697CE,IRFC,29SEP2026,9700.000000,5425,OPTSTK,NFO,1.000000,271251,False
85034,IRFC27OCT2676CE,IRFC,27OCT2026,7600.000000,5425,OPTSTK,NFO,1.000000,271251,False
85090,COFORGE27OCT261860CE,COFORGE,27OCT2026,186000.000000,475,OPTSTK,NFO,5.000000,14251,False
85115,IRFC27OCT26108PE,IRFC,27OCT2026,10800.000000,5425,OPTSTK,NFO,1.000000,271251,False
85156,ASHOKLEY29SEP26205PE,ASHOKLEY,29SEP2026,20500.000000,5000,OPTSTK,NFO,1.000000,150001,False
85169,COFORGE27OCT262060PE,COFORGE,27OCT2026,206000.000000,475,OPTSTK,NFO,5.000000,14251,False
85170,COFORGE27OCT262100CE,COFORGE,27OCT2026,210000.000000,475,OPTSTK,NFO,5.000000,14251,False
85400,ITC29SEP26252.5CE,ITC,29SEP2026,25250.000000,1725,OPTSTK,NFO,5.000000,86251,False
85415,ITC29SEP26287.5PE,ITC,29SEP2026,28750.000000,1725,OPTSTK,NFO,5.000000,86251,False
85423,ITC29SEP26307.5PE,ITC,29SEP2026,30750.000000,1725,OPTSTK,NFO,5.000000,86251,False
85417,ITC29SEP26292.5PE,ITC,29SEP2026,29250.000000,1725,OPTSTK,NFO,5.000000,86251,False
85419,ITC29SEP26297.5PE,ITC,29SEP2026,29750.000000,1725,OPTSTK,NFO,5.000000,86251,False
85420,ITC29SEP26302.5CE,ITC,29SEP2026,30250.000000,1725,OPTSTK,NFO,5.000000,86251,False
85525,COLPAL27OCT261900PE,COLPAL,27OCT2026,190000.000000,275,OPTSTK,NFO,5.000000,11001,False
85565,ASIANPAINT29SEP262120CE,ASIANPAINT,29SEP2026,212000.000000,250,OPTSTK,NFO,5.000000,10001,False
85526,COLPAL27OCT261940CE,COLPAL,27OCT2026,194000.000000,275,OPTSTK,NFO,5.000000,11001,False
85529,COLPAL27OCT261980PE,COLPAL,27OCT2026,198000.000000,275,OPTSTK,NFO,5.000000,11001,False
85614,ASIANPAINT29SEP262480CE,ASIANPAINT,29SEP2026,248000.000000,250,OPTSTK,NFO,5.000000,10001,False
85653,ITC27OCT26260PE,ITC,27OCT2026,26000.000000,1725,OPTSTK,NFO,5.000000,86251,False
85678,ASIANPAINT29SEP262720CE,ASIANPAINT,29SEP2026,272000.000000,250,OPTSTK,NFO,5.000000,10001,False
85684,ASIANPAINT29SEP262760CE,ASIANPAINT,29SEP2026,276000.000000,250,OPTSTK,NFO,5.000000,10001,False
85689,ASIANPAINT29SEP262800PE,ASIANPAINT,29SEP2026,280000.000000,250,OPTSTK,NFO,5.000000,10001,False
85699,ASIANPAINT29SEP262960PE,ASIANPAINT,29SEP2026,296000.000000,250,OPTSTK,NFO,5.000000,10001,False
85702,ASIANPAINT29SEP263000PE,ASIANPAINT,29SEP2026,300000.000000,250,OPTSTK,NFO,5.000000,10001,False
85712,ASIANPAINT29SEP263200PE,ASIANPAINT,29SEP2026,320000.000000,250,OPTSTK,NFO,5.000000,10001,False
85814,COLPAL23NOV261760PE,COLPAL,23NOV2026,176000.000000,275,OPTSTK,NFO,5.000000,11001,False
85818,COLPAL23NOV261840PE,COLPAL,23NOV2026,184000.000000,275,OPTSTK,NFO,5.000000,11001,False
85819,COLPAL23NOV261880CE,COLPAL,23NOV2026,188000.000000,275,OPTSTK,NFO,5.000000,11001,False
85828,COLPAL23NOV261920PE,COLPAL,23NOV2026,192000.000000,275,OPTSTK,NFO,5.000000,11001,False
85831,COLPAL23NOV262000CE,COLPAL,23NOV2026,200000.000000,275,OPTSTK,NFO,5.000000,11001,False
85927,CONCOR27OCT26465CE,CONCOR,27OCT2026,46500.000000,1250,OPTSTK,NFO,5.000000,50001,False
85962,JINDALSTEL29SEP261060CE,JINDALSTEL,29SEP2026,106000.000000,625,OPTSTK,NFO,5.000000,18751,False
85967,JINDALSTEL29SEP261100PE,JINDALSTEL,29SEP2026,110000.000000,625,OPTSTK,NFO,5.000000,18751,False
85996,ASTRAL29SEP261200PE,ASTRAL,29SEP2026,120000.000000,425,OPTSTK,NFO,5.000000,17001,False
85998,ASTRAL29SEP261240PE,ASTRAL,29SEP2026,124000.000000,425,OPTSTK,NFO,5.000000,17001,False
86010,CONCOR27OCT26525PE,CONCOR,27OCT2026,52500.000000,1250,OPTSTK,NFO,5.000000,50001,False
86011,CONCOR27OCT26535CE,CONCOR,27OCT2026,53500.000000,1250,OPTSTK,NFO,5.000000,50001,False
86040,JINDALSTEL27OCT261000PE,JINDALSTEL,27OCT2026,100000.000000,625,OPTSTK,NFO,5.000000,18751,False
86041,CONCOR27OCT26585CE,CONCOR,27OCT2026,58500.000000,1250,OPTSTK,NFO,5.000000,50001,False
86049,JINDALSTEL27OCT261160CE,JINDALSTEL,27OCT2026,116000.000000,625,OPTSTK,NFO,5.000000,18751,False
86057,JINDALSTEL27OCT261240CE,JINDALSTEL,27OCT2026,124000.000000,625,OPTSTK,NFO,5.000000,18751,False
86060,JINDALSTEL27OCT261280PE,JINDALSTEL,27OCT2026,128000.000000,625,OPTSTK,NFO,5.000000,18751,False
86106,ASTRAL29SEP261680CE,ASTRAL,29SEP2026,168000.000000,425,OPTSTK,NFO,5.000000,17001,False
86139,NIFTY27JUN2818000CE,NIFTY,27JUN2028,1800000.000000,65,OPTIDX,NFO,5.000000,1801,False
86148,NIFTY27JUN2822000PE,NIFTY,27JUN2028,2200000.000000,65,OPTIDX,NFO,5.000000,1801,False
86164,NIFTY27JUN2827000PE,NIFTY,27JUN2028,2700000.000000,65,OPTIDX,NFO,5.000000,1801,False
86199,CONCOR23NOV26460CE,CONCOR,23NOV2026,46000.000000,1250,OPTSTK,NFO,5.000000,50001,False
86214,CONCOR23NOV26510PE,CONCOR,23NOV2026,51000.000000,1250,OPTSTK,NFO,5.000000,50001,False
86234,JIOFIN29SEP26207.5PE,JIOFIN,29SEP2026,20750.000000,2350,OPTSTK,NFO,1.000000,94001,False
86238,CONCOR23NOV26540CE,CONCOR,23NOV2026,54000.000000,1250,OPTSTK,NFO,5.000000,50001,False
86258,JIOFIN29SEP26232.5CE,JIOFIN,29SEP2026,23250.000000,2350,OPTSTK,NFO,1.000000,94001,False
86280,JIOFIN29SEP26252.5CE,JIOFIN,29SEP2026,25250.000000,2350,OPTSTK,NFO,1.000000,94001,False
86316,CROMPTON27OCT26235PE,CROMPTON,27OCT2026,23500.000000,2150,OPTSTK,NFO,1.000000,86001,False
86341,CROMPTON27OCT26265CE,CROMPTON,27OCT2026,26500.000000,2150,OPTSTK,NFO,1.000000,86001,False
86346,JIOFIN29SEP26262.5CE,JIOFIN,29SEP2026,26250.000000,2350,OPTSTK,NFO,1.000000,94001,False
86408,JIOFIN27OCT26225CE,JIOFIN,27OCT2026,22500.000000,2350,OPTSTK,NFO,1.000000,94001,False
86416,JIOFIN27OCT26245CE,JIOFIN,27OCT2026,24500.000000,2350,OPTSTK,NFO,1.000000,94001,False
86447,JIOFIN27OCT26300CE,JIOFIN,27OCT2026,30000.000000,2350,OPTSTK,NFO,1.000000,94001,False
86449,AUBANK29SEP261000CE,AUBANK,29SEP2026,100000.000000,1000,OPTSTK,NFO,5.000000,20001,False
86458,AUBANK29SEP261080CE,AUBANK,29SEP2026,108000.000000,1000,OPTSTK,NFO,5.000000,20001,False
86463,AUBANK29SEP261160PE,AUBANK,29SEP2026,116000.000000,1000,OPTSTK,NFO,5.000000,20001,False
86464,AUBANK29SEP261200CE,AUBANK,29SEP2026,120000.000000,1000,OPTSTK,NFO,5.000000,20001,False
86467,AUBANK29SEP261240PE,AUBANK,29SEP2026,124000.000000,1000,OPTSTK,NFO,5.000000,20001,False
86468,AUBANK29SEP261280CE,AUBANK,29SEP2026,128000.000000,1000,OPTSTK,NFO,5.000000,20001,False
86508,CROMPTON23NOV26240CE,CROMPTON,23NOV2026,24000.000000,2150,OPTSTK,NFO,1.000000,86001,False
86568,CUMMINSIND27OCT265700CE,CUMMINSIND,27OCT2026,570000.000000,200,OPTSTK,NFO,5.000000,4001,False
86599,JSWENERGY29SEP26510CE,JSWENERGY,29SEP2026,51000.000000,1075,OPTSTK,NFO,5.000000,43001,False
86600,JSWENERGY29SEP26510PE,JSWENERGY,29SEP2026,51000.000000,1075,OPTSTK,NFO,5.000000,43001,False
86602,JSWENERGY29SEP26530PE,JSWENERGY,29SEP2026,53000.000000,1075,OPTSTK,NFO,5.000000,43001,False
86607,JSWENERGY29SEP26590CE,JSWENERGY,29SEP2026,59000.000000,1075,OPTSTK,NFO,5.000000,43001,False
86636,JSWENERGY27OCT26460PE,JSWENERGY,27OCT2026,46000.000000,1075,OPTSTK,NFO,5.000000,43001,False
86640,JSWENERGY27OCT26500PE,JSWENERGY,27OCT2026,50000.000000,1075,OPTSTK,NFO,5.000000,43001,False
86695,JSWENERGY27OCT26600PE,JSWENERGY,27OCT2026,60000.000000,1075,OPTSTK,NFO,5.000000,43001,False
86727,CUMMINSIND23NOV264400CE,CUMMINSIND,23NOV2026,440000.000000,200,OPTSTK,NFO,5.000000,4001,False
86809,JSWSTEEL29SEP261420CE,JSWSTEEL,29SEP2026,142000.000000,675,OPTSTK,NFO,5.000000,20251,False
86854,DABUR27OCT26435CE,DABUR,27OCT2026,43500.000000,1250,OPTSTK,NFO,5.000000,50001,False
86961,AUROPHARMA29SEP261360CE,AUROPHARMA,29SEP2026,136000.000000,550,OPTSTK,NFO,5.000000,16501,False
86995,JSWSTEEL27OCT261320PE,JSWSTEEL,27OCT2026,132000.000000,675,OPTSTK,NFO,5.000000,20251,False
87015,AUROPHARMA29SEP261800CE,AUROPHARMA,29SEP2026,180000.000000,550,OPTSTK,NFO,5.000000,16501,False
87028,DABUR23NOV26340PE,DABUR,23NOV2026,34000.000000,1250,OPTSTK,NFO,5.000000,50001,False
87046,DABUR23NOV26390PE,DABUR,23NOV2026,39000.000000,1250,OPTSTK,NFO,5.000000,50001,False
87053,DABUR23NOV26420PE,DABUR,23NOV2026,42000.000000,1250,OPTSTK,NFO,5.000000,50001,False
87060,DABUR23NOV26460CE,DABUR,23NOV2026,46000.000000,1250,OPTSTK,NFO,5.000000,50001,False
87096,JSWSTEEL27OCT261560PE,JSWSTEEL,27OCT2026,156000.000000,675,OPTSTK,NFO,5.000000,20251,False
87112,AXISBANK29SEP261080PE,AXISBANK,29SEP2026,108000.000000,625,OPTSTK,NFO,5.000000,18751,False
87113,AXISBANK29SEP261120CE,AXISBANK,29SEP2026,112000.000000,625,OPTSTK,NFO,5.000000,18751,False
87128,AXISBANK29SEP261360CE,AXISBANK,29SEP2026,136000.000000,625,OPTSTK,NFO,5.000000,18751,False
87136,AXISBANK29SEP261480PE,AXISBANK,29SEP2026,148000.000000,625,OPTSTK,NFO,5.000000,18751,False
87234,JUBLFOOD29SEP26415PE,JUBLFOOD,29SEP2026,41500.000000,1250,OPTSTK,NFO,5.000000,50001,False
87243,JUBLFOOD29SEP26465CE,JUBLFOOD,29SEP2026,46500.000000,1250,OPTSTK,NFO,5.000000,50001,False
87247,JUBLFOOD29SEP26485CE,JUBLFOOD,29SEP2026,48500.000000,1250,OPTSTK,NFO,5.000000,50001,False
87249,JUBLFOOD29SEP26495CE,JUBLFOOD,29SEP2026,49500.000000,1250,OPTSTK,NFO,5.000000,50001,False
87254,JUBLFOOD29SEP26495PE,JUBLFOOD,29SEP2026,49500.000000,1250,OPTSTK,NFO,5.000000,50001,False
87256,JUBLFOOD29SEP26505PE,JUBLFOOD,29SEP2026,50500.000000,1250,OPTSTK,NFO,5.000000,50001,False
87262,JUBLFOOD29SEP26525PE,JUBLFOOD,29SEP2026,52500.000000,1250,OPTSTK,NFO,5.000000,50001,False
87264,JUBLFOOD29SEP26535PE,JUBLFOOD,29SEP2026,53500.000000,1250,OPTSTK,NFO,5.000000,50001,False
87265,JUBLFOOD29SEP26545CE,JUBLFOOD,29SEP2026,54500.000000,1250,OPTSTK,NFO,5.000000,50001,False
87267,JUBLFOOD29SEP26545PE,JUBLFOOD,29SEP2026,54500.000000,1250,OPTSTK,NFO,5.000000,50001,False
87345,JUBLFOOD27OCT26410PE,JUBLFOOD,27OCT2026,41000.000000,1250,OPTSTK,NFO,5.000000,50001,False
87351,JUBLFOOD27OCT26440PE,JUBLFOOD,27OCT2026,44000.000000,1250,OPTSTK,NFO,5.000000,50001,False
87352,JUBLFOOD27OCT26450CE,JUBLFOOD,27OCT2026,45000.000000,1250,OPTSTK,NFO,5.000000,50001,False
87354,JUBLFOOD27OCT26460CE,JUBLFOOD,27OCT2026,46000.000000,1250,OPTSTK,NFO,5.000000,50001,False
87356,JUBLFOOD27OCT26470CE,JUBLFOOD,27OCT2026,47000.000000,1250,OPTSTK,NFO,5.000000,50001,False
87388,JUBLFOOD27OCT26560PE,JUBLFOOD,27OCT2026,56000.000000,1250,OPTSTK,NFO,5.000000,50001,False
87431,KALYANKJIL29SEP26585CE,KALYANKJIL,29SEP2026,58500.000000,1350,OPTSTK,NFO,5.000000,40501,False
87435,KALYANKJIL29SEP26595PE,KALYANKJIL,29SEP2026,59500.000000,1350,OPTSTK,NFO,5.000000,40501,False
87442,KALYANKJIL29SEP26615CE,KALYANKJIL,29SEP2026,61500.000000,1350,OPTSTK,NFO,5.000000,40501,False
87464,KALYANKJIL29SEP26655CE,KALYANKJIL,29SEP2026,65500.000000,1350,OPTSTK,NFO,5.000000,40501,False
87496,DELHIVERY23NOV26380PE,DELHIVERY,23NOV2026,38000.000000,2075,OPTSTK,NFO,5.000000,62251,False
87504,KALYANKJIL29SEP26715CE,KALYANKJIL,29SEP2026,71500.000000,1350,OPTSTK,NFO,5.000000,40501,False
87531,DELHIVERY23NOV26450CE,DELHIVERY,23NOV2026,45000.000000,2075,OPTSTK,NFO,5.000000,62251,False
87539,DELHIVERY23NOV26480CE,DELHIVERY,23NOV2026,48000.000000,2075,OPTSTK,NFO,5.000000,62251,False
87580,BAJAJ-AUTO29SEP269000PE,BAJAJ-AUTO,29SEP2026,900000.000000,75,OPTSTK,NFO,5.000000,2251,False
87589,BAJAJ-AUTO29SEP2610000CE,BAJAJ-AUTO,29SEP2026,1000000.000000,75,OPTSTK,NFO,5.000000,2251,False
87590,BAJAJ-AUTO29SEP2610000PE,BAJAJ-AUTO,29SEP2026,1000000.000000,75,OPTSTK,NFO,5.000000,2251,False
87592,BAJAJ-AUTO29SEP2610200PE,BAJAJ-AUTO,29SEP2026,1020000.000000,75,OPTSTK,NFO,5.000000,2251,False
87621,BAJAJ-AUTO29SEP2611400CE,BAJAJ-AUTO,29SEP2026,1140000.000000,75,OPTSTK,NFO,5.000000,2251,False
87622,BAJAJ-AUTO29SEP2611400PE,BAJAJ-AUTO,29SEP2026,1140000.000000,75,OPTSTK,NFO,5.000000,2251,False
87623,BAJAJ-AUTO29SEP2611600CE,BAJAJ-AUTO,29SEP2026,1160000.000000,75,OPTSTK,NFO,5.000000,2251,False
87631,BAJAJ-AUTO29SEP2612400CE,BAJAJ-AUTO,29SEP2026,1240000.000000,75,OPTSTK,NFO,5.000000,2251,False
87634,BAJAJ-AUTO29SEP2612600PE,BAJAJ-AUTO,29SEP2026,1260000.000000,75,OPTSTK,NFO,5.000000,2251,False
87737,KALYANKJIL27OCT26570PE,KALYANKJIL,27OCT2026,57000.000000,1350,OPTSTK,NFO,5.000000,40501,False
87743,KALYANKJIL27OCT26600PE,KALYANKJIL,27OCT2026,60000.000000,1350,OPTSTK,NFO,5.000000,40501,False
87744,KALYANKJIL27OCT26610CE,KALYANKJIL,27OCT2026,61000.000000,1350,OPTSTK,NFO,5.000000,40501,False
87748,KALYANKJIL27OCT26630CE,KALYANKJIL,27OCT2026,63000.000000,1350,OPTSTK,NFO,5.000000,40501,False
87751,KALYANKJIL27OCT26640PE,KALYANKJIL,27OCT2026,64000.000000,1350,OPTSTK,NFO,5.000000,40501,False
87752,KALYANKJIL27OCT26650CE,KALYANKJIL,27OCT2026,65000.000000,1350,OPTSTK,NFO,5.000000,40501,False
87793,KALYANKJIL27OCT26680PE,KALYANKJIL,27OCT2026,68000.000000,1350,OPTSTK,NFO,5.000000,40501,False
87794,KALYANKJIL27OCT26690CE,KALYANKJIL,27OCT2026,69000.000000,1350,OPTSTK,NFO,5.000000,40501,False
87824,DIVISLAB27OCT269100PE,DIVISLAB,27OCT2026,910000.000000,100,OPTSTK,NFO,5.000000,3001,False
87836,KAYNES29SEP263050CE,KAYNES,29SEP2026,305000.000000,150,OPTSTK,NFO,5.000000,6001,False
87845,KAYNES29SEP263450PE,KAYNES,29SEP2026,345000.000000,150,OPTSTK,NFO,5.000000,6001,False
87846,KAYNES29SEP263550CE,KAYNES,29SEP2026,355000.000000,150,OPTSTK,NFO,5.000000,6001,False
87882,KAYNES29SEP264150CE,KAYNES,29SEP2026,415000.000000,150,OPTSTK,NFO,5.000000,6001,False
87885,KAYNES29SEP264500PE,KAYNES,29SEP2026,450000.000000,150,OPTSTK,NFO,5.000000,6001,False
87916,KAYNES27OCT263100CE,KAYNES,27OCT2026,310000.000000,150,OPTSTK,NFO,5.000000,6001,False
87945,KAYNES27OCT264100PE,KAYNES,27OCT2026,410000.000000,150,OPTSTK,NFO,5.000000,6001,False
87946,KAYNES27OCT264200CE,KAYNES,27OCT2026,420000.000000,150,OPTSTK,NFO,5.000000,6001,False
87966,KEI29SEP264100CE,KEI,29SEP2026,410000.000000,175,OPTSTK,NFO,5.000000,5251,False
87969,KEI29SEP264300PE,KEI,29SEP2026,430000.000000,175,OPTSTK,NFO,5.000000,5251,False
87980,KEI29SEP265500CE,KEI,29SEP2026,550000.000000,175,OPTSTK,NFO,5.000000,5251,False
87981,KEI29SEP265500PE,KEI,29SEP2026,550000.000000,175,OPTSTK,NFO,5.000000,5251,False
88048,BAJAJFINSV29SEP262080CE,BAJAJFINSV,29SEP2026,208000.000000,300,OPTSTK,NFO,5.000000,12001,False
88000,KEI29SEP266500CE,KEI,29SEP2026,650000.000000,175,OPTSTK,NFO,5.000000,5251,False
88042,BAJAJFINSV29SEP261960CE,BAJAJFINSV,29SEP2026,196000.000000,300,OPTSTK,NFO,5.000000,12001,False
88056,BAJAJFINSV29SEP262240CE,BAJAJFINSV,29SEP2026,224000.000000,300,OPTSTK,NFO,5.000000,12001,False
88080,DIVISLAB23NOV268400PE,DIVISLAB,23NOV2026,840000.000000,100,OPTSTK,NFO,5.000000,3001,False
88107,DIVISLAB23NOV2610000PE,DIVISLAB,23NOV2026,1000000.000000,100,OPTSTK,NFO,5.000000,3001,False
88109,DIVISLAB23NOV2610200PE,DIVISLAB,23NOV2026,1020000.000000,100,OPTSTK,NFO,5.000000,3001,False
88113,KEI27OCT264200PE,KEI,27OCT2026,420000.000000,175,OPTSTK,NFO,5.000000,5251,False
88129,DIXON27OCT2613250CE,DIXON,27OCT2026,1325000.000000,50,OPTSTK,NFO,5.000000,1501,False
88185,DIXON23NOV2614500PE,DIXON,23NOV2026,1450000.000000,50,OPTSTK,NFO,5.000000,1501,False
88186,DIXON23NOV2615000CE,DIXON,23NOV2026,1500000.000000,50,OPTSTK,NFO,5.000000,1501,False
88188,DIXON23NOV2615500CE,DIXON,23NOV2026,1550000.000000,50,OPTSTK,NFO,5.000000,1501,False
88234,KFINTECH29SEP26980CE,KFINTECH,29SEP2026,98000.000000,575,OPTSTK,NFO,5.000000,23001,False
88239,KFINTECH29SEP261060CE,KFINTECH,29SEP2026,106000.000000,575,OPTSTK,NFO,5.000000,23001,False
88277,KFINTECH27OCT26800PE,KFINTECH,27OCT2026,80000.000000,575,OPTSTK,NFO,5.000000,23001,False
88283,KFINTECH27OCT26880CE,KFINTECH,27OCT2026,88000.000000,575,OPTSTK,NFO,5.000000,23001,False
88287,KFINTECH27OCT26960CE,KFINTECH,27OCT2026,96000.000000,575,OPTSTK,NFO,5.000000,23001,False
88293,KFINTECH27OCT261000PE,KFINTECH,27OCT2026,100000.000000,575,OPTSTK,NFO,5.000000,23001,False
88396,KOTAKBANK29SEP26425CE,KOTAKBANK,29SEP2026,42500.000000,2000,OPTSTK,NFO,5.000000,60001,False
88397,KOTAKBANK29SEP26425PE,KOTAKBANK,29SEP2026,42500.000000,2000,OPTSTK,NFO,5.000000,60001,False
88407,KOTAKBANK29SEP26465PE,KOTAKBANK,29SEP2026,46500.000000,2000,OPTSTK,NFO,5.000000,60001,False
88467,DLF27OCT26630CE,DLF,27OCT2026,63000.000000,950,OPTSTK,NFO,5.000000,38001,False
88473,BAJAJHLDNG29SEP269600PE,BAJAJHLDNG,29SEP2026,960000.000000,75,OPTSTK,NFO,5.000000,2251,False
88478,DLF27OCT26690CE,DLF,27OCT2026,69000.000000,950,OPTSTK,NFO,5.000000,38001,False
88488,DLF27OCT26730PE,DLF,27OCT2026,73000.000000,950,OPTSTK,NFO,5.000000,38001,False
88620,KOTAKBANK27OCT26410PE,KOTAKBANK,27OCT2026,41000.000000,2000,OPTSTK,NFO,5.000000,60001,False
88649,KOTAKBANK27OCT26450PE,KOTAKBANK,27OCT2026,45000.000000,2000,OPTSTK,NFO,5.000000,60001,False
88651,KOTAKBANK27OCT26460CE,KOTAKBANK,27OCT2026,46000.000000,2000,OPTSTK,NFO,5.000000,60001,False
88656,DLF23NOV26760CE,DLF,23NOV2026,76000.000000,950,OPTSTK,NFO,5.000000,38001,False
88725,KPITTECH29SEP26530CE,KPITTECH,29SEP2026,53000.000000,775,OPTSTK,NFO,5.000000,38751,False
88726,KPITTECH29SEP26530PE,KPITTECH,29SEP2026,53000.000000,775,OPTSTK,NFO,5.000000,38751,False
88744,KPITTECH29SEP26650CE,KPITTECH,29SEP2026,65000.000000,775,OPTSTK,NFO,5.000000,38751,False
88768,KPITTECH29SEP26670PE,KPITTECH,29SEP2026,67000.000000,775,OPTSTK,NFO,5.000000,38751,False
88853,KPITTECH27OCT26480PE,KPITTECH,27OCT2026,48000.000000,775,OPTSTK,NFO,5.000000,38751,False
88895,KPITTECH27OCT26560CE,KPITTECH,27OCT2026,56000.000000,775,OPTSTK,NFO,5.000000,38751,False
88926,KPITTECH27OCT26640CE,KPITTECH,27OCT2026,64000.000000,775,OPTSTK,NFO,5.000000,38751,False
88936,KPITTECH27OCT26680PE,KPITTECH,27OCT2026,68000.000000,775,OPTSTK,NFO,5.000000,38751,False
88938,KPITTECH27OCT26700PE,KPITTECH,27OCT2026,70000.000000,775,OPTSTK,NFO,5.000000,38751,False
88968,DMART27OCT263850CE,DMART,27OCT2026,385000.000000,150,OPTSTK,NFO,5.000000,6001,False
88996,LAURUSLABS29SEP261700PE,LAURUSLABS,29SEP2026,170000.000000,850,OPTSTK,NFO,5.000000,17001,False
89026,BAJFINANCE29SEP261140PE,BAJFINANCE,29SEP2026,114000.000000,750,OPTSTK,NFO,5.000000,22501,False
89090,BANDHANBNK29SEP26200PE,BANDHANBNK,29SEP2026,20000.000000,3600,OPTSTK,NFO,1.000000,108001,False
89097,LAURUSLABS29SEP262100PE,LAURUSLABS,29SEP2026,210000.000000,850,OPTSTK,NFO,5.000000,17001,False
89122,BANDHANBNK29SEP26260CE,BANDHANBNK,29SEP2026,26000.000000,3600,OPTSTK,NFO,1.000000,108001,False
89158,LAURUSLABS27OCT261760PE,LAURUSLABS,27OCT2026,176000.000000,850,OPTSTK,NFO,5.000000,17001,False
89183,LAURUSLABS27OCT261880CE,LAURUSLABS,27OCT2026,188000.000000,850,OPTSTK,NFO,5.000000,17001,False
89187,DMART23NOV263200PE,DMART,23NOV2026,320000.000000,150,OPTSTK,NFO,5.000000,6001,False
89203,DMART23NOV264000PE,DMART,23NOV2026,400000.000000,150,OPTSTK,NFO,5.000000,6001,False
89272,DRREDDY27OCT261030PE,DRREDDY,27OCT2026,103000.000000,625,OPTSTK,NFO,5.000000,18751,False
89273,DRREDDY27OCT261050CE,DRREDDY,27OCT2026,105000.000000,625,OPTSTK,NFO,5.000000,18751,False
89291,DRREDDY27OCT261170CE,DRREDDY,27OCT2026,117000.000000,625,OPTSTK,NFO,5.000000,18751,False
89293,DRREDDY27OCT261190CE,DRREDDY,27OCT2026,119000.000000,625,OPTSTK,NFO,5.000000,18751,False
89294,DRREDDY27OCT261190PE,DRREDDY,27OCT2026,119000.000000,625,OPTSTK,NFO,5.000000,18751,False
89352,BANKBARODA29SEP26230PE,BANKBARODA,29SEP2026,23000.000000,2925,OPTSTK,NFO,1.000000,87751,False
89353,BANKBARODA29SEP26240CE,BANKBARODA,29SEP2026,24000.000000,2925,OPTSTK,NFO,1.000000,87751,False
89357,BANKBARODA29SEP26260CE,BANKBARODA,29SEP2026,26000.000000,2925,OPTSTK,NFO,1.000000,87751,False
89367,BANKBARODA29SEP26290CE,BANKBARODA,29SEP2026,29000.000000,2925,OPTSTK,NFO,1.000000,87751,False
89426,LICHSGFIN29SEP26510PE,LICHSGFIN,29SEP2026,51000.000000,1000,OPTSTK,NFO,5.000000,40001,False
89456,LICHSGFIN29SEP26570PE,LICHSGFIN,29SEP2026,57000.000000,1000,OPTSTK,NFO,5.000000,40001,False
89575,DRREDDY23NOV26960CE,DRREDDY,23NOV2026,96000.000000,625,OPTSTK,NFO,5.000000,18751,False
89579,DRREDDY23NOV261000CE,DRREDDY,23NOV2026,100000.000000,625,OPTSTK,NFO,5.000000,18751,False
89580,DRREDDY23NOV261000PE,DRREDDY,23NOV2026,100000.000000,625,OPTSTK,NFO,5.000000,18751,False
89584,DRREDDY23NOV261040PE,DRREDDY,23NOV2026,104000.000000,625,OPTSTK,NFO,5.000000,18751,False
89593,DRREDDY23NOV261120PE,DRREDDY,23NOV2026,112000.000000,625,OPTSTK,NFO,5.000000,18751,False
89621,DRREDDY23NOV261360CE,DRREDDY,23NOV2026,136000.000000,625,OPTSTK,NFO,5.000000,18751,False
89633,DRREDDY23NOV261400CE,DRREDDY,23NOV2026,140000.000000,625,OPTSTK,NFO,5.000000,18751,False
89741,EICHERMOT27OCT266900PE,EICHERMOT,27OCT2026,690000.000000,100,OPTSTK,NFO,5.000000,3001,False
89742,EICHERMOT27OCT267100CE,EICHERMOT,27OCT2026,710000.000000,100,OPTSTK,NFO,5.000000,3001,False
89760,BANKINDIA29SEP26135CE,BANKINDIA,29SEP2026,13500.000000,5200,OPTSTK,NFO,1.000000,156001,False
89774,BANKINDIA29SEP26145PE,BANKINDIA,29SEP2026,14500.000000,5200,OPTSTK,NFO,1.000000,156001,False
89796,LICI29SEP26445CE,LICI,29SEP2026,44500.000000,1400,OPTSTK,NFO,5.000000,56001,False
89903,LICI27OCT26380PE,LICI,27OCT2026,38000.000000,1400,OPTSTK,NFO,5.000000,56001,False
89972,LODHA29SEP261020PE,LODHA,29SEP2026,102000.000000,625,OPTSTK,NFO,5.000000,18751,False
90056,EICHERMOT23NOV266600CE,EICHERMOT,23NOV2026,660000.000000,100,OPTSTK,NFO,5.000000,3001,False
90074,EICHERMOT23NOV267000PE,EICHERMOT,23NOV2026,700000.000000,100,OPTSTK,NFO,5.000000,3001,False
90083,EICHERMOT23NOV267400CE,EICHERMOT,23NOV2026,740000.000000,100,OPTSTK,NFO,5.000000,3001,False
90101,BDL29SEP261080PE,BDL,29SEP2026,108000.000000,425,OPTSTK,NFO,5.000000,17001,False
90117,BDL29SEP261320PE,BDL,29SEP2026,132000.000000,425,OPTSTK,NFO,5.000000,17001,False
90235,ETERNAL27OCT26335PE,ETERNAL,27OCT2026,33500.000000,2425,OPTSTK,NFO,5.000000,72751,False
90324,LT29SEP263850CE,LT,29SEP2026,385000.000000,175,OPTSTK,NFO,5.000000,7001,False
90336,LT29SEP264450CE,LT,29SEP2026,445000.000000,175,OPTSTK,NFO,5.000000,7001,False
90401,LT27OCT263400PE,LT,27OCT2026,340000.000000,175,OPTSTK,NFO,5.000000,7001,False
90421,LT27OCT264200PE,LT,27OCT2026,420000.000000,175,OPTSTK,NFO,5.000000,7001,False
90512,BEL29SEP26340CE,BEL,29SEP2026,34000.000000,1425,OPTSTK,NFO,5.000000,57001,False
90528,LTF29SEP26345CE,LTF,29SEP2026,34500.000000,2250,OPTSTK,NFO,5.000000,67501,False
90551,ETERNAL23NOV26360PE,ETERNAL,23NOV2026,36000.000000,2425,OPTSTK,NFO,5.000000,72751,False
90553,BEL29SEP26470PE,BEL,29SEP2026,47000.000000,1425,OPTSTK,NFO,5.000000,57001,False
90612,FEDERALBNK27OCT26315CE,FEDERALBNK,27OCT2026,31500.000000,2500,OPTSTK,NFO,5.000000,75001,False
90616,FEDERALBNK27OCT26335CE,FEDERALBNK,27OCT2026,33500.000000,2500,OPTSTK,NFO,5.000000,75001,False
90713,LTF27OCT26270CE,LTF,27OCT2026,27000.000000,2250,OPTSTK,NFO,5.000000,67501,False
90715,LTF27OCT26280CE,LTF,27OCT2026,28000.000000,2250,OPTSTK,NFO,5.000000,67501,False
90723,LTF27OCT26320CE,LTF,27OCT2026,32000.000000,2250,OPTSTK,NFO,5.000000,67501,False
90745,LTF27OCT26330PE,LTF,27OCT2026,33000.000000,2250,OPTSTK,NFO,5.000000,67501,False
90777,LTF27OCT26360CE,LTF,27OCT2026,36000.000000,2250,OPTSTK,NFO,5.000000,67501,False
90789,FEDERALBNK23NOV26370CE,FEDERALBNK,23NOV2026,37000.000000,2500,OPTSTK,NFO,5.000000,75001,False
90817,LTM29SEP264250CE,LTM,29SEP2026,425000.000000,150,OPTSTK,NFO,5.000000,6001,False
90833,LTM29SEP265050CE,LTM,29SEP2026,505000.000000,150,OPTSTK,NFO,5.000000,6001,False
90837,LTM29SEP265250CE,LTM,29SEP2026,525000.000000,150,OPTSTK,NFO,5.000000,6001,False
90924,LTM27OCT264000PE,LTM,27OCT2026,400000.000000,150,OPTSTK,NFO,5.000000,6001,False
90990,BHARATFORG29SEP261640PE,BHARATFORG,29SEP2026,164000.000000,500,OPTSTK,NFO,5.000000,10001,False
91009,BHARATFORG29SEP262040CE,BHARATFORG,29SEP2026,204000.000000,500,OPTSTK,NFO,5.000000,10001,False
91014,BHARATFORG29SEP262120PE,BHARATFORG,29SEP2026,212000.000000,500,OPTSTK,NFO,5.000000,10001,False
91024,BHARATFORG29SEP262320PE,BHARATFORG,29SEP2026,232000.000000,500,OPTSTK,NFO,5.000000,10001,False
91030,BHARATFORG29SEP262440PE,BHARATFORG,29SEP2026,244000.000000,500,OPTSTK,NFO,5.000000,10001,False
91084,FORCEMOT27OCT2617500CE,FORCEMOT,27OCT2026,1750000.000000,25,OPTSTK,NFO,5.000000,1251,False
91113,FORCEMOT23NOV2614000CE,FORCEMOT,23NOV2026,1400000.000000,25,OPTSTK,NFO,5.000000,1251,False
91120,FORCEMOT23NOV2616000PE,FORCEMOT,23NOV2026,1600000.000000,25,OPTSTK,NFO,5.000000,1251,False
91172,FORTIS27OCT26790CE,FORTIS,27OCT2026,79000.000000,775,OPTSTK,NFO,5.000000,23251,False
91191,FORTIS27OCT26870PE,FORTIS,27OCT2026,87000.000000,775,OPTSTK,NFO,5.000000,23251,False
91278,FORTIS27OCT26970PE,FORTIS,27OCT2026,97000.000000,775,OPTSTK,NFO,5.000000,23251,False
91281,LUPIN29SEP262380CE,LUPIN,29SEP2026,238000.000000,425,OPTSTK,NFO,5.000000,12751,False
91287,LUPIN29SEP262500CE,LUPIN,29SEP2026,250000.000000,425,OPTSTK,NFO,5.000000,12751,False
91371,LUPIN27OCT261800PE,LUPIN,27OCT2026,180000.000000,425,OPTSTK,NFO,5.000000,12751,False
91396,LUPIN27OCT261920CE,LUPIN,27OCT2026,192000.000000,425,OPTSTK,NFO,5.000000,12751,False
91429,BHARTIARTL29SEP261600CE,BHARTIARTL,29SEP2026,160000.000000,475,OPTSTK,NFO,5.000000,14251,False
91436,BHARTIARTL29SEP261720CE,BHARTIARTL,29SEP2026,172000.000000,475,OPTSTK,NFO,5.000000,14251,False
91448,LUPIN27OCT262000CE,LUPIN,27OCT2026,200000.000000,425,OPTSTK,NFO,5.000000,12751,False
91452,LUPIN27OCT262080CE,LUPIN,27OCT2026,208000.000000,425,OPTSTK,NFO,5.000000,12751,False
91461,LUPIN27OCT262200PE,LUPIN,27OCT2026,220000.000000,425,OPTSTK,NFO,5.000000,12751,False
91466,LUPIN27OCT262280CE,LUPIN,27OCT2026,228000.000000,425,OPTSTK,NFO,5.000000,12751,False
91472,LUPIN27OCT262400CE,LUPIN,27OCT2026,240000.000000,425,OPTSTK,NFO,5.000000,12751,False
91478,LUPIN27OCT262520CE,LUPIN,27OCT2026,252000.000000,425,OPTSTK,NFO,5.000000,12751,False
91560,M&M29SEP262950CE,M&M,29SEP2026,295000.000000,200,OPTSTK,NFO,5.000000,8001,False
91561,M&M29SEP262950PE,M&M,29SEP2026,295000.000000,200,OPTSTK,NFO,5.000000,8001,False
91624,FORTIS23NOV261000PE,FORTIS,23NOV2026,100000.000000,775,OPTSTK,NFO,5.000000,23251,False
91666,M&M27OCT262700PE,M&M,27OCT2026,270000.000000,200,OPTSTK,NFO,5.000000,8001,False
91690,M&M27OCT263000PE,M&M,27OCT2026,300000.000000,200,OPTSTK,NFO,5.000000,8001,False
91693,GAIL27OCT26152.5CE,GAIL,27OCT2026,15250.000000,3550,OPTSTK,NFO,1.000000,142001,False
91695,GAIL27OCT26157.5CE,GAIL,27OCT2026,15750.000000,3550,OPTSTK,NFO,1.000000,142001,False
91753,MANAPPURAM29SEP26305PE,MANAPPURAM,29SEP2026,30500.000000,3000,OPTSTK,NFO,5.000000,60001,False
91761,MANAPPURAM29SEP26345PE,MANAPPURAM,29SEP2026,34500.000000,3000,OPTSTK,NFO,5.000000,60001,False
91764,MANAPPURAM29SEP26355PE,MANAPPURAM,29SEP2026,35500.000000,3000,OPTSTK,NFO,5.000000,60001,False
91792,MANAPPURAM29SEP26385PE,MANAPPURAM,29SEP2026,38500.000000,3000,OPTSTK,NFO,5.000000,60001,False
91836,MANAPPURAM27OCT26350CE,MANAPPURAM,27OCT2026,35000.000000,3000,OPTSTK,NFO,5.000000,60001,False
91839,MANAPPURAM27OCT26360PE,MANAPPURAM,27OCT2026,36000.000000,3000,OPTSTK,NFO,5.000000,60001,False
91845,BHARTIARTL29SEP262120CE,BHARTIARTL,29SEP2026,212000.000000,475,OPTSTK,NFO,5.000000,14251,False
91851,BHARTIARTL29SEP262240CE,BHARTIARTL,29SEP2026,224000.000000,475,OPTSTK,NFO,5.000000,14251,False
91862,GAIL23NOV26160CE,GAIL,23NOV2026,16000.000000,3550,OPTSTK,NFO,1.000000,142001,False
91921,GAIL23NOV26200PE,GAIL,23NOV2026,20000.000000,3550,OPTSTK,NFO,1.000000,142001,False
92016,MANKIND29SEP262260CE,MANKIND,29SEP2026,226000.000000,250,OPTSTK,NFO,5.000000,10001,False
92031,MANKIND29SEP262420PE,MANKIND,29SEP2026,242000.000000,250,OPTSTK,NFO,5.000000,10001,False
92071,MANKIND29SEP262500PE,MANKIND,29SEP2026,250000.000000,250,OPTSTK,NFO,5.000000,10001,False
92081,MANKIND29SEP262620PE,MANKIND,29SEP2026,262000.000000,250,OPTSTK,NFO,5.000000,10001,False
92231,GLENMARK27OCT262460PE,GLENMARK,27OCT2026,246000.000000,375,OPTSTK,NFO,5.000000,11251,False
92237,GLENMARK27OCT262580PE,GLENMARK,27OCT2026,258000.000000,375,OPTSTK,NFO,5.000000,11251,False
92246,GLENMARK27OCT262700PE,GLENMARK,27OCT2026,270000.000000,375,OPTSTK,NFO,5.000000,11251,False
92331,MANKIND27OCT262080PE,MANKIND,27OCT2026,208000.000000,250,OPTSTK,NFO,5.000000,10001,False
92343,MANKIND27OCT262160CE,MANKIND,27OCT2026,216000.000000,250,OPTSTK,NFO,5.000000,10001,False
92354,BIOCON29SEP26340PE,BIOCON,29SEP2026,34000.000000,2500,OPTSTK,NFO,5.000000,50001,False
92366,BIOCON29SEP26400PE,BIOCON,29SEP2026,40000.000000,2500,OPTSTK,NFO,5.000000,50001,False
92369,BIOCON29SEP26420CE,BIOCON,29SEP2026,42000.000000,2500,OPTSTK,NFO,5.000000,50001,False
92375,BIOCON29SEP26450CE,BIOCON,29SEP2026,45000.000000,2500,OPTSTK,NFO,5.000000,50001,False
92436,GLENMARK23NOV262320CE,GLENMARK,23NOV2026,232000.000000,375,OPTSTK,NFO,5.000000,11251,False
92441,GLENMARK23NOV262400PE,GLENMARK,23NOV2026,240000.000000,375,OPTSTK,NFO,5.000000,11251,False
92453,GLENMARK23NOV262560CE,GLENMARK,23NOV2026,256000.000000,375,OPTSTK,NFO,5.000000,11251,False
92478,BIOCON29SEP26500CE,BIOCON,29SEP2026,50000.000000,2500,OPTSTK,NFO,5.000000,50001,False
92480,BIOCON29SEP26500PE,BIOCON,29SEP2026,50000.000000,2500,OPTSTK,NFO,5.000000,50001,False
92536,GLENMARK23NOV262800CE,GLENMARK,23NOV2026,280000.000000,375,OPTSTK,NFO,5.000000,11251,False
92637,MARICO29SEP26730CE,MARICO,29SEP2026,73000.000000,1200,OPTSTK,NFO,5.000000,36001,False
92655,MARICO29SEP26850CE,MARICO,29SEP2026,85000.000000,1200,OPTSTK,NFO,5.000000,36001,False
92724,BLUESTARCO29SEP261320PE,BLUESTARCO,29SEP2026,132000.000000,325,OPTSTK,NFO,5.000000,13001,False
92740,BLUESTARCO29SEP261640PE,BLUESTARCO,29SEP2026,164000.000000,325,OPTSTK,NFO,5.000000,13001,False
92741,BLUESTARCO29SEP261680CE,BLUESTARCO,29SEP2026,168000.000000,325,OPTSTK,NFO,5.000000,13001,False
92818,MARICO27OCT26800PE,MARICO,27OCT2026,80000.000000,1200,OPTSTK,NFO,5.000000,36001,False
92834,GMRAIRPORT27OCT2683PE,GMRAIRPORT,27OCT2026,8300.000000,6975,OPTSTK,NFO,1.000000,209251,False
92844,GMRAIRPORT27OCT2693PE,GMRAIRPORT,27OCT2026,9300.000000,6975,OPTSTK,NFO,1.000000,209251,False
92869,MARICO27OCT26820PE,MARICO,27OCT2026,82000.000000,1200,OPTSTK,NFO,5.000000,36001,False
92907,MARICO27OCT26940CE,MARICO,27OCT2026,94000.000000,1200,OPTSTK,NFO,5.000000,36001,False
93001,MARUTI29SEP2611500CE,MARUTI,29SEP2026,1150000.000000,50,OPTSTK,NFO,5.000000,2001,False
93011,GMRAIRPORT23NOV2686CE,GMRAIRPORT,23NOV2026,8600.000000,6975,OPTSTK,NFO,1.000000,209251,False
93025,MARUTI29SEP2613700PE,MARUTI,29SEP2026,1370000.000000,50,OPTSTK,NFO,5.000000,2001,False
93026,MARUTI29SEP2613900CE,MARUTI,29SEP2026,1390000.000000,50,OPTSTK,NFO,5.000000,2001,False
93036,MARUTI29SEP2614700CE,MARUTI,29SEP2026,1470000.000000,50,OPTSTK,NFO,5.000000,2001,False
93061,BOSCHLTD29SEP2641000CE,BOSCHLTD,29SEP2026,4100000.000000,25,OPTSTK,NFO,5.000000,501,False
93159,MARUTI27OCT2614800PE,MARUTI,27OCT2026,1480000.000000,50,OPTSTK,NFO,5.000000,2001,False
93166,MARUTI27OCT2615400CE,MARUTI,27OCT2026,1540000.000000,50,OPTSTK,NFO,5.000000,2001,False
93239,GMRAIRPORT23NOV2698CE,GMRAIRPORT,23NOV2026,9800.000000,6975,OPTSTK,NFO,1.000000,209251,False
93241,BOSCHLTD29SEP2642000PE,BOSCHLTD,29SEP2026,4200000.000000,25,OPTSTK,NFO,5.000000,501,False
93245,BOSCHLTD29SEP2643000CE,BOSCHLTD,29SEP2026,4300000.000000,25,OPTSTK,NFO,5.000000,501,False
93248,GMRAIRPORT23NOV26102PE,GMRAIRPORT,23NOV2026,10200.000000,6975,OPTSTK,NFO,1.000000,209251,False
93251,GMRAIRPORT23NOV26106CE,GMRAIRPORT,23NOV2026,10600.000000,6975,OPTSTK,NFO,1.000000,209251,False
93306,GODFRYPHLP27OCT262150CE,GODFRYPHLP,27OCT2026,215000.000000,275,OPTSTK,NFO,5.000000,11001,False
93317,MAXHEALTH29SEP261030CE,MAXHEALTH,29SEP2026,103000.000000,525,OPTSTK,NFO,5.000000,21001,False
93320,MAXHEALTH29SEP261050PE,MAXHEALTH,29SEP2026,105000.000000,525,OPTSTK,NFO,5.000000,21001,False
93332,BOSCHLTD29SEP2647000CE,BOSCHLTD,29SEP2026,4700000.000000,25,OPTSTK,NFO,5.000000,501,False
93340,BOSCHLTD29SEP2648000PE,BOSCHLTD,29SEP2026,4800000.000000,25,OPTSTK,NFO,5.000000,501,False
93341,BOSCHLTD29SEP2649000CE,BOSCHLTD,29SEP2026,4900000.000000,25,OPTSTK,NFO,5.000000,501,False
93344,MAXHEALTH29SEP261070CE,MAXHEALTH,29SEP2026,107000.000000,525,OPTSTK,NFO,5.000000,21001,False
93379,GODFRYPHLP23NOV262200CE,GODFRYPHLP,23NOV2026,220000.000000,275,OPTSTK,NFO,5.000000,11001,False
93498,MAXHEALTH27OCT26880PE,MAXHEALTH,27OCT2026,88000.000000,525,OPTSTK,NFO,5.000000,21001,False
93527,MAXHEALTH27OCT26980PE,MAXHEALTH,27OCT2026,98000.000000,525,OPTSTK,NFO,5.000000,21001,False
93532,MAXHEALTH27OCT261020CE,MAXHEALTH,27OCT2026,102000.000000,525,OPTSTK,NFO,5.000000,21001,False
93566,BPCL29SEP26250PE,BPCL,29SEP2026,25000.000000,1975,OPTSTK,NFO,5.000000,79001,False
93635,MAXHEALTH27OCT261160PE,MAXHEALTH,27OCT2026,116000.000000,525,OPTSTK,NFO,5.000000,21001,False
93636,MAXHEALTH27OCT261180CE,MAXHEALTH,27OCT2026,118000.000000,525,OPTSTK,NFO,5.000000,21001,False
93678,GODREJCP27OCT26790CE,GODREJCP,27OCT2026,79000.000000,500,OPTSTK,NFO,5.000000,25001,False
93731,GODREJCP27OCT26850CE,GODREJCP,27OCT2026,85000.000000,500,OPTSTK,NFO,5.000000,25001,False
93771,GODREJCP27OCT26870CE,GODREJCP,27OCT2026,87000.000000,500,OPTSTK,NFO,5.000000,25001,False
93776,GODREJCP27OCT26890CE,GODREJCP,27OCT2026,89000.000000,500,OPTSTK,NFO,5.000000,25001,False
93780,MAZDOCK29SEP262450CE,MAZDOCK,29SEP2026,245000.000000,225,OPTSTK,NFO,5.000000,9001,False
93801,BRITANNIA29SEP264400PE,BRITANNIA,29SEP2026,440000.000000,125,OPTSTK,NFO,5.000000,5001,False
93805,BRITANNIA29SEP264600PE,BRITANNIA,29SEP2026,460000.000000,125,OPTSTK,NFO,5.000000,5001,False
93809,MAZDOCK29SEP262650PE,MAZDOCK,29SEP2026,265000.000000,225,OPTSTK,NFO,5.000000,9001,False
93810,MAZDOCK29SEP262750CE,MAZDOCK,29SEP2026,275000.000000,225,OPTSTK,NFO,5.000000,9001,False
93841,MAZDOCK27OCT261900PE,MAZDOCK,27OCT2026,190000.000000,225,OPTSTK,NFO,5.000000,9001,False
93848,MAZDOCK27OCT262300CE,MAZDOCK,27OCT2026,230000.000000,225,OPTSTK,NFO,5.000000,9001,False
93852,MAZDOCK27OCT262500CE,MAZDOCK,27OCT2026,250000.000000,225,OPTSTK,NFO,5.000000,9001,False
93853,MAZDOCK27OCT262500PE,MAZDOCK,27OCT2026,250000.000000,225,OPTSTK,NFO,5.000000,9001,False
93857,MAZDOCK27OCT262700PE,MAZDOCK,27OCT2026,270000.000000,225,OPTSTK,NFO,5.000000,9001,False
93865,MAZDOCK27OCT263000CE,MAZDOCK,27OCT2026,300000.000000,225,OPTSTK,NFO,5.000000,9001,False
93901,MCX29SEP263150CE,MCX,29SEP2026,315000.000000,225,OPTSTK,NFO,5.000000,6751,False
93930,BRITANNIA29SEP265200CE,BRITANNIA,29SEP2026,520000.000000,125,OPTSTK,NFO,5.000000,5001,False
93934,GODREJCP27OCT26950CE,GODREJCP,27OCT2026,95000.000000,500,OPTSTK,NFO,5.000000,25001,False
93935,GODREJCP27OCT26950PE,GODREJCP,27OCT2026,95000.000000,500,OPTSTK,NFO,5.000000,25001,False
93945,BRITANNIA29SEP265300CE,BRITANNIA,29SEP2026,530000.000000,125,OPTSTK,NFO,5.000000,5001,False
93955,GODREJCP27OCT26990PE,GODREJCP,27OCT2026,99000.000000,500,OPTSTK,NFO,5.000000,25001,False
93990,BRITANNIA29SEP265400PE,BRITANNIA,29SEP2026,540000.000000,125,OPTSTK,NFO,5.000000,5001,False
93994,BRITANNIA29SEP265500PE,BRITANNIA,29SEP2026,550000.000000,125,OPTSTK,NFO,5.000000,5001,False
94008,GODREJCP23NOV26720CE,GODREJCP,23NOV2026,72000.000000,500,OPTSTK,NFO,5.000000,25001,False
94031,BRITANNIA29SEP265800PE,BRITANNIA,29SEP2026,580000.000000,125,OPTSTK,NFO,5.000000,5001,False
94038,GODREJCP23NOV26960PE,GODREJCP,23NOV2026,96000.000000,500,OPTSTK,NFO,5.000000,25001,False
94126,GODREJPROP27OCT261580CE,GODREJPROP,27OCT2026,158000.000000,325,OPTSTK,NFO,5.000000,13001,False
94145,MCX27OCT262900PE,MCX,27OCT2026,290000.000000,225,OPTSTK,NFO,5.000000,6751,False
94146,MCX27OCT263000CE,MCX,27OCT2026,300000.000000,225,OPTSTK,NFO,5.000000,6751,False
94149,MCX27OCT263100PE,MCX,27OCT2026,310000.000000,225,OPTSTK,NFO,5.000000,6751,False
94176,BSE29SEP263400PE,BSE,29SEP2026,340000.000000,200,OPTSTK,NFO,5.000000,6001,False
94197,GODREJPROP27OCT261700CE,GODREJPROP,27OCT2026,170000.000000,325,OPTSTK,NFO,5.000000,13001,False
94199,GODREJPROP27OCT261740CE,GODREJPROP,27OCT2026,174000.000000,325,OPTSTK,NFO,5.000000,13001,False
94206,GODREJPROP27OCT261860PE,GODREJPROP,27OCT2026,186000.000000,325,OPTSTK,NFO,5.000000,13001,False
94240,MFSL29SEP261420CE,MFSL,29SEP2026,142000.000000,400,OPTSTK,NFO,5.000000,16001,False
94241,MFSL29SEP261420PE,MFSL,29SEP2026,142000.000000,400,OPTSTK,NFO,5.000000,16001,False
94252,MFSL29SEP261540PE,MFSL,29SEP2026,154000.000000,400,OPTSTK,NFO,5.000000,16001,False
94281,GODREJPROP27OCT261980CE,GODREJPROP,27OCT2026,198000.000000,325,OPTSTK,NFO,5.000000,13001,False
94358,GODREJPROP23NOV261520CE,GODREJPROP,23NOV2026,152000.000000,325,OPTSTK,NFO,5.000000,13001,False
94393,MFSL27OCT261240CE,MFSL,27OCT2026,124000.000000,400,OPTSTK,NFO,5.000000,16001,False
94394,MFSL27OCT261240PE,MFSL,27OCT2026,124000.000000,400,OPTSTK,NFO,5.000000,16001,False
94399,MFSL27OCT261360CE,MFSL,27OCT2026,136000.000000,400,OPTSTK,NFO,5.000000,16001,False
94400,MFSL27OCT261360PE,MFSL,27OCT2026,136000.000000,400,OPTSTK,NFO,5.000000,16001,False
94451,CAMS29SEP26600CE,CAMS,29SEP2026,60000.000000,825,OPTSTK,NFO,5.000000,33001,False
94465,CAMS29SEP26740CE,CAMS,29SEP2026,74000.000000,825,OPTSTK,NFO,5.000000,33001,False
94470,CAMS29SEP26780PE,CAMS,29SEP2026,78000.000000,825,OPTSTK,NFO,5.000000,33001,False
94493,GODREJPROP23NOV261920CE,GODREJPROP,23NOV2026,192000.000000,325,OPTSTK,NFO,5.000000,13001,False
94495,GODREJPROP23NOV261960CE,GODREJPROP,23NOV2026,196000.000000,325,OPTSTK,NFO,5.000000,13001,False
94504,CAMS29SEP26900CE,CAMS,29SEP2026,90000.000000,825,OPTSTK,NFO,5.000000,33001,False
94573,MOTHERSON29SEP26157.5CE,MOTHERSON,29SEP2026,15750.000000,6150,OPTSTK,NFO,1.000000,184501,False
94628,MOTHERSON27OCT26140CE,MOTHERSON,27OCT2026,14000.000000,6150,OPTSTK,NFO,1.000000,184501,False
94633,MOTHERSON27OCT26150PE,MOTHERSON,27OCT2026,15000.000000,6150,OPTSTK,NFO,1.000000,184501,False
94636,MOTHERSON27OCT26160CE,MOTHERSON,27OCT2026,16000.000000,6150,OPTSTK,NFO,1.000000,184501,False
94641,MOTHERSON27OCT26170PE,MOTHERSON,27OCT2026,17000.000000,6150,OPTSTK,NFO,1.000000,184501,False
94643,MOTHERSON27OCT26175PE,MOTHERSON,27OCT2026,17500.000000,6150,OPTSTK,NFO,1.000000,184501,False
94649,MOTHERSON27OCT26190PE,MOTHERSON,27OCT2026,19000.000000,6150,OPTSTK,NFO,1.000000,184501,False
94753,MOTILALOFS29SEP26860PE,MOTILALOFS,29SEP2026,86000.000000,775,OPTSTK,NFO,5.000000,23251,False
94803,GRASIM27OCT263100PE,GRASIM,27OCT2026,310000.000000,250,OPTSTK,NFO,5.000000,7501,False
94855,MOTILALOFS27OCT26960CE,MOTILALOFS,27OCT2026,96000.000000,775,OPTSTK,NFO,5.000000,23251,False
94918,MPHASIS29SEP262450PE,MPHASIS,29SEP2026,245000.000000,275,OPTSTK,NFO,5.000000,11001,False
95014,MPHASIS27OCT262200CE,MPHASIS,27OCT2026,220000.000000,275,OPTSTK,NFO,5.000000,11001,False
95062,CANBK29SEP26105PE,CANBK,29SEP2026,10500.000000,6750,OPTSTK,NFO,1.000000,202501,False
95096,MUTHOOTFIN29SEP262750PE,MUTHOOTFIN,29SEP2026,275000.000000,275,OPTSTK,NFO,5.000000,8251,False
95105,MUTHOOTFIN29SEP263250CE,MUTHOOTFIN,29SEP2026,325000.000000,275,OPTSTK,NFO,5.000000,8251,False
95110,MUTHOOTFIN29SEP263450PE,MUTHOOTFIN,29SEP2026,345000.000000,275,OPTSTK,NFO,5.000000,8251,False
95139,GRASIM23NOV263240CE,GRASIM,23NOV2026,324000.000000,250,OPTSTK,NFO,5.000000,7501,False
95147,GRASIM23NOV263400CE,GRASIM,23NOV2026,340000.000000,250,OPTSTK,NFO,5.000000,7501,False
95149,GRASIM23NOV263440CE,GRASIM,23NOV2026,344000.000000,250,OPTSTK,NFO,5.000000,7501,False
95161,GRASIM23NOV263680CE,GRASIM,23NOV2026,368000.000000,250,OPTSTK,NFO,5.000000,7501,False
95182,CANBK29SEP26110PE,CANBK,29SEP2026,11000.000000,6750,OPTSTK,NFO,1.000000,202501,False
95185,CANBK29SEP26115PE,CANBK,29SEP2026,11500.000000,6750,OPTSTK,NFO,1.000000,202501,False
95202,CANBK29SEP26150CE,CANBK,29SEP2026,15000.000000,6750,OPTSTK,NFO,1.000000,202501,False
95205,CANBK29SEP26150PE,CANBK,29SEP2026,15000.000000,6750,OPTSTK,NFO,1.000000,202501,False
95273,MUTHOOTFIN27OCT263200CE,MUTHOOTFIN,27OCT2026,320000.000000,275,OPTSTK,NFO,5.000000,8251,False
95301,GVT&D27OCT263900PE,GVT&D,27OCT2026,390000.000000,125,OPTSTK,NFO,5.000000,5001,False
95304,GVT&D27OCT264300CE,GVT&D,27OCT2026,430000.000000,125,OPTSTK,NFO,5.000000,5001,False
95354,NAM-INDIA29SEP261140PE,NAM-INDIA,29SEP2026,114000.000000,625,OPTSTK,NFO,5.000000,18751,False
95361,NAM-INDIA29SEP261300CE,NAM-INDIA,29SEP2026,130000.000000,625,OPTSTK,NFO,5.000000,18751,False
95493,NAM-INDIA27OCT261280CE,NAM-INDIA,27OCT2026,128000.000000,625,OPTSTK,NFO,5.000000,18751,False
95511,GVT&D23NOV263600PE,GVT&D,23NOV2026,360000.000000,125,OPTSTK,NFO,5.000000,5001,False
95521,GVT&D23NOV264200CE,GVT&D,23NOV2026,420000.000000,125,OPTSTK,NFO,5.000000,5001,False
95537,GVT&D23NOV264600CE,GVT&D,23NOV2026,460000.000000,125,OPTSTK,NFO,5.000000,5001,False
95539,CDSL29SEP261160PE,CDSL,29SEP2026,116000.000000,475,OPTSTK,NFO,5.000000,19001,False
95553,GVT&D23NOV265200CE,GVT&D,23NOV2026,520000.000000,125,OPTSTK,NFO,5.000000,5001,False
95569,CDSL29SEP261440PE,CDSL,29SEP2026,144000.000000,475,OPTSTK,NFO,5.000000,19001,False
95585,CDSL29SEP261640CE,CDSL,29SEP2026,164000.000000,475,OPTSTK,NFO,5.000000,19001,False
95615,HAL27OCT264350PE,HAL,27OCT2026,435000.000000,150,OPTSTK,NFO,5.000000,4501,False
95634,HAL27OCT265250CE,HAL,27OCT2026,525000.000000,150,OPTSTK,NFO,5.000000,4501,False
95760,HAL23NOV264900PE,HAL,23NOV2026,490000.000000,150,OPTSTK,NFO,5.000000,4501,False
95764,CGPOWER29SEP26800PE,CGPOWER,29SEP2026,80000.000000,850,OPTSTK,NFO,5.000000,25501,False
95770,CGPOWER29SEP26920PE,CGPOWER,29SEP2026,92000.000000,850,OPTSTK,NFO,5.000000,25501,False
95777,HAL23NOV265200PE,HAL,23NOV2026,520000.000000,150,OPTSTK,NFO,5.000000,4501,False
95784,CGPOWER29SEP261080CE,CGPOWER,29SEP2026,108000.000000,850,OPTSTK,NFO,5.000000,25501,False
95802,NATIONALUM29SEP26390PE,NATIONALUM,29SEP2026,39000.000000,1875,OPTSTK,NFO,5.000000,56251,False
95803,NATIONALUM29SEP26410CE,NATIONALUM,29SEP2026,41000.000000,1875,OPTSTK,NFO,5.000000,56251,False
95936,HAVELLS27OCT261100CE,HAVELLS,27OCT2026,110000.000000,500,OPTSTK,NFO,5.000000,20001,False
95942,NATIONALUM27OCT26300PE,NATIONALUM,27OCT2026,30000.000000,1875,OPTSTK,NFO,5.000000,56251,False
95986,CHOLAFIN29SEP261560PE,CHOLAFIN,29SEP2026,156000.000000,625,OPTSTK,NFO,5.000000,12501,False
95992,CHOLAFIN29SEP261600PE,CHOLAFIN,29SEP2026,160000.000000,625,OPTSTK,NFO,5.000000,12501,False
95993,CHOLAFIN29SEP261640CE,CHOLAFIN,29SEP2026,164000.000000,625,OPTSTK,NFO,5.000000,12501,False
95996,CHOLAFIN29SEP261680CE,CHOLAFIN,29SEP2026,168000.000000,625,OPTSTK,NFO,5.000000,12501,False
96010,CHOLAFIN29SEP261880CE,CHOLAFIN,29SEP2026,188000.000000,625,OPTSTK,NFO,5.000000,12501,False
96020,NAUKRI29SEP261220PE,NAUKRI,29SEP2026,122000.000000,550,OPTSTK,NFO,5.000000,16501,False
96028,HAVELLS27OCT261380PE,HAVELLS,27OCT2026,138000.000000,500,OPTSTK,NFO,5.000000,20001,False
96044,NAUKRI29SEP261420PE,NAUKRI,29SEP2026,142000.000000,550,OPTSTK,NFO,5.000000,16501,False
96094,NAUKRI27OCT261080PE,NAUKRI,27OCT2026,108000.000000,550,OPTSTK,NFO,5.000000,16501,False
96101,NAUKRI27OCT261200PE,NAUKRI,27OCT2026,120000.000000,550,OPTSTK,NFO,5.000000,16501,False
96122,HAVELLS23NOV261280CE,HAVELLS,23NOV2026,128000.000000,500,OPTSTK,NFO,5.000000,20001,False
96126,NAUKRI27OCT261280PE,NAUKRI,27OCT2026,128000.000000,550,OPTSTK,NFO,5.000000,16501,False
96128,NAUKRI27OCT261320PE,NAUKRI,27OCT2026,132000.000000,550,OPTSTK,NFO,5.000000,16501,False
96132,NAUKRI27OCT261400PE,NAUKRI,27OCT2026,140000.000000,550,OPTSTK,NFO,5.000000,16501,False
96345,HCLTECH27OCT261390CE,HCLTECH,27OCT2026,139000.000000,400,OPTSTK,NFO,5.000000,20001,False
96353,HCLTECH27OCT261430PE,HCLTECH,27OCT2026,143000.000000,400,OPTSTK,NFO,5.000000,20001,False
96486,CIPLA29SEP261160CE,CIPLA,29SEP2026,116000.000000,425,OPTSTK,NFO,5.000000,17001,False
96559,NESTLEIND29SEP261270CE,NESTLEIND,29SEP2026,127000.000000,500,OPTSTK,NFO,5.000000,15001,False
96562,CIPLA29SEP261200PE,CIPLA,29SEP2026,120000.000000,425,OPTSTK,NFO,5.000000,17001,False
96569,CIPLA29SEP261280CE,CIPLA,29SEP2026,128000.000000,425,OPTSTK,NFO,5.000000,17001,False
96576,NESTLEIND29SEP261270PE,NESTLEIND,29SEP2026,127000.000000,500,OPTSTK,NFO,5.000000,15001,False
96580,NESTLEIND29SEP261310PE,NESTLEIND,29SEP2026,131000.000000,500,OPTSTK,NFO,5.000000,15001,False
96581,NESTLEIND29SEP261330CE,NESTLEIND,29SEP2026,133000.000000,500,OPTSTK,NFO,5.000000,15001,False
96600,NESTLEIND29SEP261510PE,NESTLEIND,29SEP2026,151000.000000,500,OPTSTK,NFO,5.000000,15001,False
96602,NESTLEIND29SEP261530PE,NESTLEIND,29SEP2026,153000.000000,500,OPTSTK,NFO,5.000000,15001,False
96643,CIPLA29SEP261380PE,CIPLA,29SEP2026,138000.000000,425,OPTSTK,NFO,5.000000,17001,False
96670,CIPLA29SEP261520PE,CIPLA,29SEP2026,152000.000000,425,OPTSTK,NFO,5.000000,17001,False
96672,CIPLA29SEP261540PE,CIPLA,29SEP2026,154000.000000,425,OPTSTK,NFO,5.000000,17001,False
96677,CIPLA29SEP261580CE,CIPLA,29SEP2026,158000.000000,425,OPTSTK,NFO,5.000000,17001,False
96686,CIPLA29SEP261600PE,CIPLA,29SEP2026,160000.000000,425,OPTSTK,NFO,5.000000,17001,False
96694,NESTLEIND27OCT261200CE,NESTLEIND,27OCT2026,120000.000000,500,OPTSTK,NFO,5.000000,15001,False
96702,NESTLEIND27OCT261220PE,NESTLEIND,27OCT2026,122000.000000,500,OPTSTK,NFO,5.000000,15001,False
96714,NESTLEIND27OCT261340PE,NESTLEIND,27OCT2026,134000.000000,500,OPTSTK,NFO,5.000000,15001,False
96719,NESTLEIND27OCT261400CE,NESTLEIND,27OCT2026,140000.000000,500,OPTSTK,NFO,5.000000,15001,False
96724,NESTLEIND27OCT261440PE,NESTLEIND,27OCT2026,144000.000000,500,OPTSTK,NFO,5.000000,15001,False
96727,NESTLEIND27OCT261480CE,NESTLEIND,27OCT2026,148000.000000,500,OPTSTK,NFO,5.000000,15001,False
96757,HCLTECH23NOV261200CE,HCLTECH,23NOV2026,120000.000000,400,OPTSTK,NFO,5.000000,20001,False
96830,HCLTECH23NOV261260PE,HCLTECH,23NOV2026,126000.000000,400,OPTSTK,NFO,5.000000,20001,False
96847,NESTLEIND27OCT261680CE,NESTLEIND,27OCT2026,168000.000000,500,OPTSTK,NFO,5.000000,15001,False
96854,HCLTECH23NOV261360CE,HCLTECH,23NOV2026,136000.000000,400,OPTSTK,NFO,5.000000,20001,False
96865,HCLTECH23NOV261460CE,HCLTECH,23NOV2026,146000.000000,400,OPTSTK,NFO,5.000000,20001,False
96867,HCLTECH23NOV261480CE,HCLTECH,23NOV2026,148000.000000,400,OPTSTK,NFO,5.000000,20001,False
96906,COALINDIA29SEP26330PE,COALINDIA,29SEP2026,33000.000000,1350,OPTSTK,NFO,5.000000,54001,False
96909,COALINDIA29SEP26350CE,COALINDIA,29SEP2026,35000.000000,1350,OPTSTK,NFO,5.000000,54001,False
96970,COALINDIA29SEP26490CE,COALINDIA,29SEP2026,49000.000000,1350,OPTSTK,NFO,5.000000,54001,False
96927,COALINDIA29SEP26440CE,COALINDIA,29SEP2026,44000.000000,1350,OPTSTK,NFO,5.000000,54001,False
96941,COALINDIA29SEP26470CE,COALINDIA,29SEP2026,47000.000000,1350,OPTSTK,NFO,5.000000,54001,False
97021,NHPC29SEP2685CE,NHPC,29SEP2026,8500.000000,6950,OPTSTK,NFO,1.000000,278001,False
97025,NHPC29SEP2689CE,NHPC,29SEP2026,8900.000000,6950,OPTSTK,NFO,1.000000,278001,False
97066,NHPC27OCT2668PE,NHPC,27OCT2026,6800.000000,6950,OPTSTK,NFO,1.000000,278001,False
97070,NHPC27OCT2672PE,NHPC,27OCT2026,7200.000000,6950,OPTSTK,NFO,1.000000,278001,False
97073,NHPC27OCT2676CE,NHPC,27OCT2026,7600.000000,6950,OPTSTK,NFO,1.000000,278001,False
97075,NHPC27OCT2678CE,NHPC,27OCT2026,7800.000000,6950,OPTSTK,NFO,1.000000,278001,False
97087,HDFCAMC27OCT262350CE,HDFCAMC,27OCT2026,235000.000000,300,OPTSTK,NFO,5.000000,9001,False
97088,HDFCAMC27OCT262350PE,HDFCAMC,27OCT2026,235000.000000,300,OPTSTK,NFO,5.000000,9001,False
97095,HDFCAMC27OCT262750CE,HDFCAMC,27OCT2026,275000.000000,300,OPTSTK,NFO,5.000000,9001,False
97098,HDFCAMC27OCT262850PE,HDFCAMC,27OCT2026,285000.000000,300,OPTSTK,NFO,5.000000,9001,False
97330,HDFCBANK27OCT26730PE,HDFCBANK,27OCT2026,73000.000000,650,OPTSTK,NFO,5.000000,32501,False
97379,COCHINSHIP29SEP261720CE,COCHINSHIP,29SEP2026,172000.000000,400,OPTSTK,NFO,5.000000,16001,False
97430,HDFCBANK23NOV26660CE,HDFCBANK,23NOV2026,66000.000000,650,OPTSTK,NFO,5.000000,32501,False
97431,HDFCBANK23NOV26660PE,HDFCBANK,23NOV2026,66000.000000,650,OPTSTK,NFO,5.000000,32501,False
97523,NMDC29SEP2689PE,NMDC,29SEP2026,8900.000000,6750,OPTSTK,NFO,1.000000,270001,False
97524,NMDC29SEP2691CE,NMDC,29SEP2026,9100.000000,6750,OPTSTK,NFO,1.000000,270001,False
97537,HDFCBANK23NOV26760PE,HDFCBANK,23NOV2026,76000.000000,650,OPTSTK,NFO,5.000000,32501,False
97546,HDFCBANK23NOV26840CE,HDFCBANK,23NOV2026,84000.000000,650,OPTSTK,NFO,5.000000,32501,False
97587,NMDC29SEP2695PE,NMDC,29SEP2026,9500.000000,6750,OPTSTK,NFO,1.000000,270001,False
97648,HDFCLIFE27OCT26465CE,HDFCLIFE,27OCT2026,46500.000000,1100,OPTSTK,NFO,5.000000,44001,False
97652,HDFCLIFE27OCT26475CE,HDFCLIFE,27OCT2026,47500.000000,1100,OPTSTK,NFO,5.000000,44001,False
97669,NMDC27OCT2672PE,NMDC,27OCT2026,7200.000000,6750,OPTSTK,NFO,1.000000,270001,False
97672,HDFCLIFE27OCT26485CE,HDFCLIFE,27OCT2026,48500.000000,1100,OPTSTK,NFO,5.000000,44001,False
97673,NMDC27OCT2674PE,NMDC,27OCT2026,7400.000000,6750,OPTSTK,NFO,1.000000,270001,False
97675,HDFCLIFE27OCT26485PE,HDFCLIFE,27OCT2026,48500.000000,1100,OPTSTK,NFO,5.000000,44001,False
97692,NMDC27OCT2688PE,NMDC,27OCT2026,8800.000000,6750,OPTSTK,NFO,1.000000,270001,False
97694,NMDC27OCT2690PE,NMDC,27OCT2026,9000.000000,6750,OPTSTK,NFO,1.000000,270001,False
97701,HDFCLIFE27OCT26515PE,HDFCLIFE,27OCT2026,51500.000000,1100,OPTSTK,NFO,5.000000,44001,False
97724,HDFCLIFE27OCT26595CE,HDFCLIFE,27OCT2026,59500.000000,1100,OPTSTK,NFO,5.000000,44001,False
97822,COFORGE29SEP261680PE,COFORGE,29SEP2026,168000.000000,475,OPTSTK,NFO,5.000000,14251,False
97966,NTPC27OCT26350PE,NTPC,27OCT2026,35000.000000,1500,OPTSTK,NFO,5.000000,75001,False
97973,NTPC27OCT26390CE,NTPC,27OCT2026,39000.000000,1500,OPTSTK,NFO,5.000000,75001,False
98022,NYKAA29SEP26365CE,NYKAA,29SEP2026,36500.000000,3125,OPTSTK,NFO,5.000000,93751,False
98074,NYKAA27OCT26290PE,NYKAA,27OCT2026,29000.000000,3125,OPTSTK,NFO,5.000000,93751,False
98078,NYKAA27OCT26310PE,NYKAA,27OCT2026,31000.000000,3125,OPTSTK,NFO,5.000000,93751,False
98128,COLPAL29SEP261480PE,COLPAL,29SEP2026,148000.000000,275,OPTSTK,NFO,5.000000,11001,False
98136,COLPAL29SEP261640CE,COLPAL,29SEP2026,164000.000000,275,OPTSTK,NFO,5.000000,11001,False
98148,COLPAL29SEP261880CE,COLPAL,29SEP2026,188000.000000,275,OPTSTK,NFO,5.000000,11001,False
98234,HDFCLIFE23NOV26540CE,HDFCLIFE,23NOV2026,54000.000000,1100,OPTSTK,NFO,5.000000,44001,False
98242,HDFCLIFE23NOV26580CE,HDFCLIFE,23NOV2026,58000.000000,1100,OPTSTK,NFO,5.000000,44001,False
98247,HDFCLIFE23NOV26600PE,HDFCLIFE,23NOV2026,60000.000000,1100,OPTSTK,NFO,5.000000,44001,False
98248,HDFCLIFE23NOV26610CE,HDFCLIFE,23NOV2026,61000.000000,1100,OPTSTK,NFO,5.000000,44001,False
98306,OBEROIRLTY29SEP261860CE,OBEROIRLTY,29SEP2026,186000.000000,350,OPTSTK,NFO,5.000000,14001,False
98330,OBEROIRLTY29SEP262140CE,OBEROIRLTY,29SEP2026,214000.000000,350,OPTSTK,NFO,5.000000,14001,False
98362,HEROMOTOCO27OCT264700CE,HEROMOTOCO,27OCT2026,470000.000000,150,OPTSTK,NFO,5.000000,4501,False
98363,HEROMOTOCO27OCT264700PE,HEROMOTOCO,27OCT2026,470000.000000,150,OPTSTK,NFO,5.000000,4501,False
98395,HEROMOTOCO27OCT265500CE,HEROMOTOCO,27OCT2026,550000.000000,150,OPTSTK,NFO,5.000000,4501,False
98399,HEROMOTOCO27OCT265900CE,HEROMOTOCO,27OCT2026,590000.000000,150,OPTSTK,NFO,5.000000,4501,False
98426,HEROMOTOCO23NOV264400CE,HEROMOTOCO,23NOV2026,440000.000000,150,OPTSTK,NFO,5.000000,4501,False
98442,OBEROIRLTY27OCT261720PE,OBEROIRLTY,27OCT2026,172000.000000,350,OPTSTK,NFO,5.000000,14001,False
98445,OBEROIRLTY27OCT261800CE,OBEROIRLTY,27OCT2026,180000.000000,350,OPTSTK,NFO,5.000000,14001,False
98458,HEROMOTOCO23NOV265200CE,HEROMOTOCO,23NOV2026,520000.000000,150,OPTSTK,NFO,5.000000,4501,False
98465,HEROMOTOCO23NOV265200PE,HEROMOTOCO,23NOV2026,520000.000000,150,OPTSTK,NFO,5.000000,4501,False
98468,OBEROIRLTY27OCT261960PE,OBEROIRLTY,27OCT2026,196000.000000,350,OPTSTK,NFO,5.000000,14001,False
98471,HEROMOTOCO23NOV265600CE,HEROMOTOCO,23NOV2026,560000.000000,150,OPTSTK,NFO,5.000000,4501,False
98518,OBEROIRLTY27OCT262120CE,OBEROIRLTY,27OCT2026,212000.000000,350,OPTSTK,NFO,5.000000,14001,False
98660,OFSS29SEP2612900CE,OFSS,29SEP2026,1290000.000000,100,OPTSTK,NFO,5.000000,2001,False
98662,OFSS29SEP2613100CE,OFSS,29SEP2026,1310000.000000,100,OPTSTK,NFO,5.000000,2001,False
98730,CONCOR29SEP26450CE,CONCOR,29SEP2026,45000.000000,1250,OPTSTK,NFO,5.000000,50001,False
98735,HINDALCO23NOV26800CE,HINDALCO,23NOV2026,80000.000000,700,OPTSTK,NFO,5.000000,21001,False
98740,HINDALCO23NOV26880CE,HINDALCO,23NOV2026,88000.000000,700,OPTSTK,NFO,5.000000,21001,False
98753,CONCOR29SEP26510PE,CONCOR,29SEP2026,51000.000000,1250,OPTSTK,NFO,5.000000,50001,False
98758,CONCOR29SEP26530CE,CONCOR,29SEP2026,53000.000000,1250,OPTSTK,NFO,5.000000,50001,False
98762,CONCOR29SEP26550CE,CONCOR,29SEP2026,55000.000000,1250,OPTSTK,NFO,5.000000,50001,False
98826,HINDPETRO27OCT26330CE,HINDPETRO,27OCT2026,33000.000000,2025,OPTSTK,NFO,5.000000,60751,False
98837,HINDPETRO27OCT26410PE,HINDPETRO,27OCT2026,41000.000000,2025,OPTSTK,NFO,5.000000,60751,False
98863,CROMPTON29SEP26190CE,CROMPTON,29SEP2026,19000.000000,2150,OPTSTK,NFO,1.000000,86001,False
98891,CROMPTON29SEP26230PE,CROMPTON,29SEP2026,23000.000000,2150,OPTSTK,NFO,1.000000,86001,False
98910,OFSS27OCT2610200PE,OFSS,27OCT2026,1020000.000000,100,OPTSTK,NFO,5.000000,2001,False
98911,OFSS27OCT2610400CE,OFSS,27OCT2026,1040000.000000,100,OPTSTK,NFO,5.000000,2001,False
98913,OFSS27OCT2610600CE,OFSS,27OCT2026,1060000.000000,100,OPTSTK,NFO,5.000000,2001,False
98927,OFSS27OCT2611200CE,OFSS,27OCT2026,1120000.000000,100,OPTSTK,NFO,5.000000,2001,False
98969,HINDPETRO23NOV26300CE,HINDPETRO,23NOV2026,30000.000000,2025,OPTSTK,NFO,5.000000,60751,False
99001,OFSS27OCT2613400PE,OFSS,27OCT2026,1340000.000000,100,OPTSTK,NFO,5.000000,2001,False
99012,HINDPETRO23NOV26400CE,HINDPETRO,23NOV2026,40000.000000,2025,OPTSTK,NFO,5.000000,60751,False
99024,CUMMINSIND29SEP264200PE,CUMMINSIND,29SEP2026,420000.000000,200,OPTSTK,NFO,5.000000,4001,False
99025,CUMMINSIND29SEP264400CE,CUMMINSIND,29SEP2026,440000.000000,200,OPTSTK,NFO,5.000000,4001,False
99026,CUMMINSIND29SEP264400PE,CUMMINSIND,29SEP2026,440000.000000,200,OPTSTK,NFO,5.000000,4001,False
99048,HINDPETRO23NOV26440CE,HINDPETRO,23NOV2026,44000.000000,2025,OPTSTK,NFO,5.000000,60751,False
99079,CUMMINSIND29SEP265200PE,CUMMINSIND,29SEP2026,520000.000000,200,OPTSTK,NFO,5.000000,4001,False
99089,CUMMINSIND29SEP265400PE,CUMMINSIND,29SEP2026,540000.000000,200,OPTSTK,NFO,5.000000,4001,False
99146,HINDUNILVR27OCT261700CE,HINDUNILVR,27OCT2026,170000.000000,300,OPTSTK,NFO,5.000000,12001,False
99173,HINDUNILVR27OCT261740PE,HINDUNILVR,27OCT2026,174000.000000,300,OPTSTK,NFO,5.000000,12001,False
99216,HINDUNILVR27OCT261900PE,HINDUNILVR,27OCT2026,190000.000000,300,OPTSTK,NFO,5.000000,12001,False
99217,HINDUNILVR27OCT261940CE,HINDUNILVR,27OCT2026,194000.000000,300,OPTSTK,NFO,5.000000,12001,False
99283,OIL27OCT26480PE,OIL,27OCT2026,48000.000000,1400,OPTSTK,NFO,5.000000,56001,False
99284,OIL27OCT26490CE,OIL,27OCT2026,49000.000000,1400,OPTSTK,NFO,5.000000,56001,False
99297,DABUR29SEP26360PE,DABUR,29SEP2026,36000.000000,1250,OPTSTK,NFO,5.000000,50001,False
99305,DABUR29SEP26400PE,DABUR,29SEP2026,40000.000000,1250,OPTSTK,NFO,5.000000,50001,False
99320,DABUR29SEP26480CE,DABUR,29SEP2026,48000.000000,1250,OPTSTK,NFO,5.000000,50001,False
99373,HINDUNILVR27OCT262020PE,HINDUNILVR,27OCT2026,202000.000000,300,OPTSTK,NFO,5.000000,12001,False
99374,HINDUNILVR27OCT262060CE,HINDUNILVR,27OCT2026,206000.000000,300,OPTSTK,NFO,5.000000,12001,False
99383,HINDUNILVR27OCT262180CE,HINDUNILVR,27OCT2026,218000.000000,300,OPTSTK,NFO,5.000000,12001,False
99385,HINDUNILVR27OCT262220CE,HINDUNILVR,27OCT2026,222000.000000,300,OPTSTK,NFO,5.000000,12001,False
99551,HINDUNILVR23NOV261800PE,HINDUNILVR,23NOV2026,180000.000000,300,OPTSTK,NFO,5.000000,12001,False
99552,HINDUNILVR23NOV261840CE,HINDUNILVR,23NOV2026,184000.000000,300,OPTSTK,NFO,5.000000,12001,False
99576,HINDUNILVR23NOV262040PE,HINDUNILVR,23NOV2026,204000.000000,300,OPTSTK,NFO,5.000000,12001,False
99577,HINDUNILVR23NOV262080CE,HINDUNILVR,23NOV2026,208000.000000,300,OPTSTK,NFO,5.000000,12001,False
99584,ONGC27OCT26210PE,ONGC,27OCT2026,21000.000000,2250,OPTSTK,NFO,1.000000,90001,False
99590,ONGC27OCT26220CE,ONGC,27OCT2026,22000.000000,2250,OPTSTK,NFO,1.000000,90001,False
99613,ONGC27OCT26260CE,ONGC,27OCT2026,26000.000000,2250,OPTSTK,NFO,1.000000,90001,False
99618,ONGC27OCT26270PE,ONGC,27OCT2026,27000.000000,2250,OPTSTK,NFO,1.000000,90001,False
99751,DELHIVERY29SEP26390PE,DELHIVERY,29SEP2026,39000.000000,2075,OPTSTK,NFO,5.000000,62251,False
99593,ONGC27OCT26225PE,ONGC,27OCT2026,22500.000000,2250,OPTSTK,NFO,1.000000,90001,False
99752,DELHIVERY29SEP26400CE,DELHIVERY,29SEP2026,40000.000000,2075,OPTSTK,NFO,5.000000,62251,False
99794,PAGEIND29SEP2636500PE,PAGEIND,29SEP2026,3650000.000000,20,OPTSTK,NFO,5.000000,601,False
99798,PAGEIND29SEP2637500PE,PAGEIND,29SEP2026,3750000.000000,20,OPTSTK,NFO,5.000000,601,False
99814,DELHIVERY29SEP26440CE,DELHIVERY,29SEP2026,44000.000000,2075,OPTSTK,NFO,5.000000,62251,False
99832,DELHIVERY29SEP26510CE,DELHIVERY,29SEP2026,51000.000000,2075,OPTSTK,NFO,5.000000,62251,False
99870,PAGEIND29SEP2644500PE,PAGEIND,29SEP2026,4450000.000000,20,OPTSTK,NFO,5.000000,601,False
99933,PAGEIND27OCT2629000CE,PAGEIND,27OCT2026,2900000.000000,20,OPTSTK,NFO,5.000000,601,False
99940,PAGEIND27OCT2632000PE,PAGEIND,27OCT2026,3200000.000000,20,OPTSTK,NFO,5.000000,601,False
83166,CDSL23NOV261240CE,CDSL,23NOV2026,124000.000000,475,OPTSTK,NFO,5.000000,19001,False
99951,PAGEIND27OCT2638000CE,PAGEIND,27OCT2026,3800000.000000,20,OPTSTK,NFO,5.000000,601,False
99959,PAGEIND27OCT2640000CE,PAGEIND,27OCT2026,4000000.000000,20,OPTSTK,NFO,5.000000,601,False
99964,PAGEIND27OCT2642000PE,PAGEIND,27OCT2026,4200000.000000,20,OPTSTK,NFO,5.000000,601,False
83169,CDSL23NOV261280PE,CDSL,23NOV2026,128000.000000,475,OPTSTK,NFO,5.000000,19001,False
83214,CDSL23NOV261320CE,CDSL,23NOV2026,132000.000000,475,OPTSTK,NFO,5.000000,19001,False
83246,CDSL23NOV261360PE,CDSL,23NOV2026,136000.000000,475,OPTSTK,NFO,5.000000,19001,False
83284,AMBUJACEM29SEP26460CE,AMBUJACEM,29SEP2026,46000.000000,1200,OPTSTK,NFO,5.000000,60001,False
83290,AMBUJACEM29SEP26490CE,AMBUJACEM,29SEP2026,49000.000000,1200,OPTSTK,NFO,5.000000,60001,False
83295,AMBUJACEM29SEP26510PE,AMBUJACEM,29SEP2026,51000.000000,1200,OPTSTK,NFO,5.000000,60001,False
83314,CDSL23NOV261400PE,CDSL,23NOV2026,140000.000000,475,OPTSTK,NFO,5.000000,19001,False
83316,CDSL23NOV261440PE,CDSL,23NOV2026,144000.000000,475,OPTSTK,NFO,5.000000,19001,False
83319,CDSL23NOV261520CE,CDSL,23NOV2026,152000.000000,475,OPTSTK,NFO,5.000000,19001,False
83327,CDSL23NOV261520PE,CDSL,23NOV2026,152000.000000,475,OPTSTK,NFO,5.000000,19001,False
83328,CDSL23NOV261560CE,CDSL,23NOV2026,156000.000000,475,OPTSTK,NFO,5.000000,19001,False
83357,CGPOWER27OCT26820PE,CGPOWER,27OCT2026,82000.000000,850,OPTSTK,NFO,5.000000,25501,False
83370,INFY29SEP261060CE,INFY,29SEP2026,106000.000000,400,OPTSTK,NFO,5.000000,20001,False
83374,INFY29SEP261140CE,INFY,29SEP2026,114000.000000,400,OPTSTK,NFO,5.000000,20001,False
83398,CGPOWER27OCT26940PE,CGPOWER,27OCT2026,94000.000000,850,OPTSTK,NFO,5.000000,25501,False
83439,INFY27OCT26880CE,INFY,27OCT2026,88000.000000,400,OPTSTK,NFO,5.000000,20001,False
83449,INFY27OCT261040CE,INFY,27OCT2026,104000.000000,400,OPTSTK,NFO,5.000000,20001,False
83451,INFY27OCT261080CE,INFY,27OCT2026,108000.000000,400,OPTSTK,NFO,5.000000,20001,False
83456,CGPOWER23NOV26840CE,CGPOWER,23NOV2026,84000.000000,850,OPTSTK,NFO,5.000000,25501,False
83462,CGPOWER23NOV26920PE,CGPOWER,23NOV2026,92000.000000,850,OPTSTK,NFO,5.000000,25501,False
83467,INFY27OCT261200PE,INFY,27OCT2026,120000.000000,400,OPTSTK,NFO,5.000000,20001,False
83470,CGPOWER23NOV261000CE,CGPOWER,23NOV2026,100000.000000,850,OPTSTK,NFO,5.000000,25501,False
83472,CGPOWER23NOV261040CE,CGPOWER,23NOV2026,104000.000000,850,OPTSTK,NFO,5.000000,25501,False
83613,INOXWIND29SEP2687.5CE,INOXWIND,29SEP2026,8750.000000,6400,OPTSTK,NFO,1.000000,256001,False
83614,INOXWIND29SEP2687.5PE,INOXWIND,29SEP2026,8750.000000,6400,OPTSTK,NFO,1.000000,256001,False
83657,CHOLAFIN27OCT261700PE,CHOLAFIN,27OCT2026,170000.000000,625,OPTSTK,NFO,5.000000,12501,False
83658,CHOLAFIN27OCT261740CE,CHOLAFIN,27OCT2026,174000.000000,625,OPTSTK,NFO,5.000000,12501,False
83666,CHOLAFIN27OCT261900CE,CHOLAFIN,27OCT2026,190000.000000,625,OPTSTK,NFO,5.000000,12501,False
83670,CHOLAFIN27OCT261980CE,CHOLAFIN,27OCT2026,198000.000000,625,OPTSTK,NFO,5.000000,12501,False
83711,INOXWIND27OCT2665CE,INOXWIND,27OCT2026,6500.000000,6400,OPTSTK,NFO,1.000000,256001,False
83716,INOXWIND27OCT2675PE,INOXWIND,27OCT2026,7500.000000,6400,OPTSTK,NFO,1.000000,256001,False
83719,INOXWIND27OCT2685CE,INOXWIND,27OCT2026,8500.000000,6400,OPTSTK,NFO,1.000000,256001,False
83741,CHOLAFIN23NOV261640PE,CHOLAFIN,23NOV2026,164000.000000,625,OPTSTK,NFO,5.000000,12501,False
83750,CHOLAFIN23NOV261760CE,CHOLAFIN,23NOV2026,176000.000000,625,OPTSTK,NFO,5.000000,12501,False
83769,CHOLAFIN23NOV262040CE,CHOLAFIN,23NOV2026,204000.000000,625,OPTSTK,NFO,5.000000,12501,False
83810,ANGELONE29SEP26250CE,ANGELONE,29SEP2026,25000.000000,2500,OPTSTK,NFO,5.000000,75001,False
83828,ANGELONE29SEP26320CE,ANGELONE,29SEP2026,32000.000000,2500,OPTSTK,NFO,5.000000,75001,False
83891,CIPLA27OCT261290PE,CIPLA,27OCT2026,129000.000000,425,OPTSTK,NFO,5.000000,17001,False
83892,CIPLA27OCT261310CE,CIPLA,27OCT2026,131000.000000,425,OPTSTK,NFO,5.000000,17001,False
83900,CIPLA27OCT261390CE,CIPLA,27OCT2026,139000.000000,425,OPTSTK,NFO,5.000000,17001,False
83972,IOC29SEP26122.5CE,IOC,29SEP2026,12250.000000,4875,OPTSTK,NFO,1.000000,195001,False
83978,IOC29SEP26127.5CE,IOC,29SEP2026,12750.000000,4875,OPTSTK,NFO,1.000000,195001,False
84024,CIPLA27OCT261510CE,CIPLA,27OCT2026,151000.000000,425,OPTSTK,NFO,5.000000,17001,False
84028,CIPLA27OCT261530CE,CIPLA,27OCT2026,153000.000000,425,OPTSTK,NFO,5.000000,17001,False
84210,APLAPOLLO29SEP262080PE,APLAPOLLO,29SEP2026,208000.000000,350,OPTSTK,NFO,5.000000,10501,False
84211,APLAPOLLO29SEP262120CE,APLAPOLLO,29SEP2026,212000.000000,350,OPTSTK,NFO,5.000000,10501,False
84213,CIPLA23NOV261240CE,CIPLA,23NOV2026,124000.000000,425,OPTSTK,NFO,5.000000,17001,False
84218,CIPLA23NOV261280PE,CIPLA,23NOV2026,128000.000000,425,OPTSTK,NFO,5.000000,17001,False
84258,CIPLA23NOV261520PE,CIPLA,23NOV2026,152000.000000,425,OPTSTK,NFO,5.000000,17001,False
84266,IOC27OCT26115CE,IOC,27OCT2026,11500.000000,4875,OPTSTK,NFO,1.000000,195001,False
84326,IREDA29SEP26127.5PE,IREDA,29SEP2026,12750.000000,4525,OPTSTK,NFO,1.000000,181001,False
84328,CIPLA23NOV261640CE,CIPLA,23NOV2026,164000.000000,425,OPTSTK,NFO,5.000000,17001,False
84422,COALINDIA27OCT26425CE,COALINDIA,27OCT2026,42500.000000,1350,OPTSTK,NFO,5.000000,54001,False
84431,COALINDIA27OCT26465PE,COALINDIA,27OCT2026,46500.000000,1350,OPTSTK,NFO,5.000000,54001,False
84568,APOLLOHOSP29SEP269200CE,APOLLOHOSP,29SEP2026,920000.000000,125,OPTSTK,NFO,5.000000,2501,False
84419,COALINDIA27OCT26405PE,COALINDIA,27OCT2026,40500.000000,1350,OPTSTK,NFO,5.000000,54001,False
84575,APOLLOHOSP29SEP269800PE,APOLLOHOSP,29SEP2026,980000.000000,125,OPTSTK,NFO,5.000000,2501,False
84722,IRFC29SEP2671PE,IRFC,29SEP2026,7100.000000,5425,OPTSTK,NFO,1.000000,271251,False
84724,IRFC29SEP2673PE,IRFC,29SEP2026,7300.000000,5425,OPTSTK,NFO,1.000000,271251,False
84748,IRFC29SEP2677PE,IRFC,29SEP2026,7700.000000,5425,OPTSTK,NFO,1.000000,271251,False
84771,COALINDIA23NOV26420CE,COALINDIA,23NOV2026,42000.000000,1350,OPTSTK,NFO,5.000000,54001,False
84784,COALINDIA23NOV26480PE,COALINDIA,23NOV2026,48000.000000,1350,OPTSTK,NFO,5.000000,54001,False
84807,COCHINSHIP27OCT261260CE,COCHINSHIP,27OCT2026,126000.000000,400,OPTSTK,NFO,5.000000,16001,False
84817,COCHINSHIP27OCT261460CE,COCHINSHIP,27OCT2026,146000.000000,400,OPTSTK,NFO,5.000000,16001,False
84821,COCHINSHIP27OCT261540CE,COCHINSHIP,27OCT2026,154000.000000,400,OPTSTK,NFO,5.000000,16001,False
84937,ASHOKLEY29SEP26180CE,ASHOKLEY,29SEP2026,18000.000000,5000,OPTSTK,NFO,1.000000,150001,False
84938,ASHOKLEY29SEP26180PE,ASHOKLEY,29SEP2026,18000.000000,5000,OPTSTK,NFO,1.000000,150001,False
84940,IRFC29SEP2689CE,IRFC,29SEP2026,8900.000000,5425,OPTSTK,NFO,1.000000,271251,False
85030,IRFC27OCT2674CE,IRFC,27OCT2026,7400.000000,5425,OPTSTK,NFO,1.000000,271251,False
85032,COCHINSHIP23NOV261760PE,COCHINSHIP,23NOV2026,176000.000000,400,OPTSTK,NFO,5.000000,16001,False
85037,IRFC27OCT2678CE,IRFC,27OCT2026,7800.000000,5425,OPTSTK,NFO,1.000000,271251,False
85066,ASHOKLEY29SEP26195PE,ASHOKLEY,29SEP2026,19500.000000,5000,OPTSTK,NFO,1.000000,150001,False
85069,ASHOKLEY29SEP26205CE,ASHOKLEY,29SEP2026,20500.000000,5000,OPTSTK,NFO,1.000000,150001,False
85075,COFORGE27OCT261540PE,COFORGE,27OCT2026,154000.000000,475,OPTSTK,NFO,5.000000,14251,False
85077,COFORGE27OCT261580PE,COFORGE,27OCT2026,158000.000000,475,OPTSTK,NFO,5.000000,14251,False
85080,COFORGE27OCT261660CE,COFORGE,27OCT2026,166000.000000,475,OPTSTK,NFO,5.000000,14251,False
85097,IRFC27OCT2692CE,IRFC,27OCT2026,9200.000000,5425,OPTSTK,NFO,1.000000,271251,False
85175,COFORGE27OCT262180CE,COFORGE,27OCT2026,218000.000000,475,OPTSTK,NFO,5.000000,14251,False
85215,COFORGE23NOV261560PE,COFORGE,23NOV2026,156000.000000,475,OPTSTK,NFO,5.000000,14251,False
85216,COFORGE23NOV261600CE,COFORGE,23NOV2026,160000.000000,475,OPTSTK,NFO,5.000000,14251,False
85405,ITC29SEP26262.5PE,ITC,29SEP2026,26250.000000,1725,OPTSTK,NFO,5.000000,86251,False
85408,ITC29SEP26272.5CE,ITC,29SEP2026,27250.000000,1725,OPTSTK,NFO,5.000000,86251,False
85409,ITC29SEP26272.5PE,ITC,29SEP2026,27250.000000,1725,OPTSTK,NFO,5.000000,86251,False
85414,ITC29SEP26287.5CE,ITC,29SEP2026,28750.000000,1725,OPTSTK,NFO,5.000000,86251,False
85520,COLPAL27OCT261820CE,COLPAL,27OCT2026,182000.000000,275,OPTSTK,NFO,5.000000,11001,False
85521,COLPAL27OCT261820PE,COLPAL,27OCT2026,182000.000000,275,OPTSTK,NFO,5.000000,11001,False
85568,ASIANPAINT29SEP262160PE,ASIANPAINT,29SEP2026,216000.000000,250,OPTSTK,NFO,5.000000,10001,False
85572,ASIANPAINT29SEP262200PE,ASIANPAINT,29SEP2026,220000.000000,250,OPTSTK,NFO,5.000000,10001,False
85585,ASIANPAINT29SEP262240PE,ASIANPAINT,29SEP2026,224000.000000,250,OPTSTK,NFO,5.000000,10001,False
85605,ASIANPAINT29SEP262400CE,ASIANPAINT,29SEP2026,240000.000000,250,OPTSTK,NFO,5.000000,10001,False
85613,ASIANPAINT29SEP262440PE,ASIANPAINT,29SEP2026,244000.000000,250,OPTSTK,NFO,5.000000,10001,False
85619,ASIANPAINT29SEP262560PE,ASIANPAINT,29SEP2026,256000.000000,250,OPTSTK,NFO,5.000000,10001,False
85644,ITC27OCT26240CE,ITC,27OCT2026,24000.000000,1725,OPTSTK,NFO,5.000000,86251,False
85668,ITC27OCT26300CE,ITC,27OCT2026,30000.000000,1725,OPTSTK,NFO,5.000000,86251,False
85676,ITC27OCT26320CE,ITC,27OCT2026,32000.000000,1725,OPTSTK,NFO,5.000000,86251,False
85682,ITC27OCT26330CE,ITC,27OCT2026,33000.000000,1725,OPTSTK,NFO,5.000000,86251,False
85690,ASIANPAINT29SEP262840CE,ASIANPAINT,29SEP2026,284000.000000,250,OPTSTK,NFO,5.000000,10001,False
85708,ASIANPAINT29SEP263120PE,ASIANPAINT,29SEP2026,312000.000000,250,OPTSTK,NFO,5.000000,10001,False
85799,COLPAL23NOV261520CE,COLPAL,23NOV2026,152000.000000,275,OPTSTK,NFO,5.000000,11001,False
85829,COLPAL23NOV261960CE,COLPAL,23NOV2026,196000.000000,275,OPTSTK,NFO,5.000000,11001,False
85837,COLPAL23NOV262080PE,COLPAL,23NOV2026,208000.000000,275,OPTSTK,NFO,5.000000,11001,False
85840,COLPAL23NOV262160CE,COLPAL,23NOV2026,216000.000000,275,OPTSTK,NFO,5.000000,11001,False
85995,ASTRAL29SEP261200CE,ASTRAL,29SEP2026,120000.000000,425,OPTSTK,NFO,5.000000,17001,False
86002,ASTRAL29SEP261320CE,ASTRAL,29SEP2026,132000.000000,425,OPTSTK,NFO,5.000000,17001,False
86003,ASTRAL29SEP261320PE,ASTRAL,29SEP2026,132000.000000,425,OPTSTK,NFO,5.000000,17001,False
86004,ASTRAL29SEP261360CE,ASTRAL,29SEP2026,136000.000000,425,OPTSTK,NFO,5.000000,17001,False
86008,CONCOR27OCT26525CE,CONCOR,27OCT2026,52500.000000,1250,OPTSTK,NFO,5.000000,50001,False
86018,CONCOR27OCT26555PE,CONCOR,27OCT2026,55500.000000,1250,OPTSTK,NFO,5.000000,50001,False
86092,ASTRAL29SEP261480PE,ASTRAL,29SEP2026,148000.000000,425,OPTSTK,NFO,5.000000,17001,False
86114,ASTRAL29SEP261800CE,ASTRAL,29SEP2026,180000.000000,425,OPTSTK,NFO,5.000000,17001,False
86117,ASTRAL29SEP261840PE,ASTRAL,29SEP2026,184000.000000,425,OPTSTK,NFO,5.000000,17001,False
86163,NIFTY27JUN2827000CE,NIFTY,27JUN2028,2700000.000000,65,OPTIDX,NFO,5.000000,1801,False
86206,CONCOR23NOV26480CE,CONCOR,23NOV2026,48000.000000,1250,OPTSTK,NFO,5.000000,50001,False
86194,CONCOR23NOV26440CE,CONCOR,23NOV2026,44000.000000,1250,OPTSTK,NFO,5.000000,50001,False
86195,CONCOR23NOV26440PE,CONCOR,23NOV2026,44000.000000,1250,OPTSTK,NFO,5.000000,50001,False
86197,CONCOR23NOV26450PE,CONCOR,23NOV2026,45000.000000,1250,OPTSTK,NFO,5.000000,50001,False
86208,CONCOR23NOV26490CE,CONCOR,23NOV2026,49000.000000,1250,OPTSTK,NFO,5.000000,50001,False
86247,JIOFIN29SEP26217.5PE,JIOFIN,29SEP2026,21750.000000,2350,OPTSTK,NFO,1.000000,94001,False
86249,CONCOR23NOV26570CE,CONCOR,23NOV2026,57000.000000,1250,OPTSTK,NFO,5.000000,50001,False
86255,CONCOR23NOV26590CE,CONCOR,23NOV2026,59000.000000,1250,OPTSTK,NFO,5.000000,50001,False
86256,CONCOR23NOV26590PE,CONCOR,23NOV2026,59000.000000,1250,OPTSTK,NFO,5.000000,50001,False
86307,CROMPTON27OCT26205CE,CROMPTON,27OCT2026,20500.000000,2150,OPTSTK,NFO,1.000000,86001,False
86355,JIOFIN29SEP26282.5PE,JIOFIN,29SEP2026,28250.000000,2350,OPTSTK,NFO,1.000000,94001,False
86396,JIOFIN27OCT26195CE,JIOFIN,27OCT2026,19500.000000,2350,OPTSTK,NFO,1.000000,94001,False
86420,JIOFIN27OCT26255CE,JIOFIN,27OCT2026,25500.000000,2350,OPTSTK,NFO,1.000000,94001,False
86433,JIOFIN27OCT26270CE,JIOFIN,27OCT2026,27000.000000,2350,OPTSTK,NFO,1.000000,94001,False
86434,JIOFIN27OCT26270PE,JIOFIN,27OCT2026,27000.000000,2350,OPTSTK,NFO,1.000000,94001,False
86456,AUBANK29SEP261040CE,AUBANK,29SEP2026,104000.000000,1000,OPTSTK,NFO,5.000000,20001,False
86494,CROMPTON23NOV26180CE,CROMPTON,23NOV2026,18000.000000,2150,OPTSTK,NFO,1.000000,86001,False
86502,CROMPTON23NOV26210CE,CROMPTON,23NOV2026,21000.000000,2150,OPTSTK,NFO,1.000000,86001,False
86604,JSWENERGY29SEP26550PE,JSWENERGY,29SEP2026,55000.000000,1075,OPTSTK,NFO,5.000000,43001,False
86609,JSWENERGY29SEP26610CE,JSWENERGY,29SEP2026,61000.000000,1075,OPTSTK,NFO,5.000000,43001,False
86612,JSWENERGY29SEP26630PE,JSWENERGY,29SEP2026,63000.000000,1075,OPTSTK,NFO,5.000000,43001,False
86633,JSWENERGY27OCT26440CE,JSWENERGY,27OCT2026,44000.000000,1075,OPTSTK,NFO,5.000000,43001,False
86648,JSWENERGY27OCT26580PE,JSWENERGY,27OCT2026,58000.000000,1075,OPTSTK,NFO,5.000000,43001,False
86731,CUMMINSIND23NOV264800CE,CUMMINSIND,23NOV2026,480000.000000,200,OPTSTK,NFO,5.000000,4001,False
86750,CUMMINSIND23NOV266000CE,CUMMINSIND,23NOV2026,600000.000000,200,OPTSTK,NFO,5.000000,4001,False
86793,JSWSTEEL29SEP261180CE,JSWSTEEL,29SEP2026,118000.000000,675,OPTSTK,NFO,5.000000,20251,False
86832,DABUR27OCT26325PE,DABUR,27OCT2026,32500.000000,1250,OPTSTK,NFO,5.000000,50001,False
86838,DABUR27OCT26355PE,DABUR,27OCT2026,35500.000000,1250,OPTSTK,NFO,5.000000,50001,False
86845,DABUR27OCT26385PE,DABUR,27OCT2026,38500.000000,1250,OPTSTK,NFO,5.000000,50001,False
86968,AUROPHARMA29SEP261440PE,AUROPHARMA,29SEP2026,144000.000000,550,OPTSTK,NFO,5.000000,16501,False
86969,AUROPHARMA29SEP261480CE,AUROPHARMA,29SEP2026,148000.000000,550,OPTSTK,NFO,5.000000,16501,False
87016,AUROPHARMA29SEP261800PE,AUROPHARMA,29SEP2026,180000.000000,550,OPTSTK,NFO,5.000000,16501,False
87050,DABUR23NOV26410CE,DABUR,23NOV2026,41000.000000,1250,OPTSTK,NFO,5.000000,50001,False
87116,AXISBANK29SEP261160PE,AXISBANK,29SEP2026,116000.000000,625,OPTSTK,NFO,5.000000,18751,False
87270,JUBLFOOD29SEP26555CE,JUBLFOOD,29SEP2026,55500.000000,1250,OPTSTK,NFO,5.000000,50001,False
87272,JUBLFOOD29SEP26555PE,JUBLFOOD,29SEP2026,55500.000000,1250,OPTSTK,NFO,5.000000,50001,False
87280,JUBLFOOD29SEP26565PE,JUBLFOOD,29SEP2026,56500.000000,1250,OPTSTK,NFO,5.000000,50001,False
87346,JUBLFOOD27OCT26420CE,JUBLFOOD,27OCT2026,42000.000000,1250,OPTSTK,NFO,5.000000,50001,False
87349,JUBLFOOD27OCT26430PE,JUBLFOOD,27OCT2026,43000.000000,1250,OPTSTK,NFO,5.000000,50001,False
87350,JUBLFOOD27OCT26440CE,JUBLFOOD,27OCT2026,44000.000000,1250,OPTSTK,NFO,5.000000,50001,False
87361,JUBLFOOD27OCT26490CE,JUBLFOOD,27OCT2026,49000.000000,1250,OPTSTK,NFO,5.000000,50001,False
87365,JUBLFOOD27OCT26500PE,JUBLFOOD,27OCT2026,50000.000000,1250,OPTSTK,NFO,5.000000,50001,False
87368,DELHIVERY27OCT26495PE,DELHIVERY,27OCT2026,49500.000000,2075,OPTSTK,NFO,5.000000,62251,False
87377,JUBLFOOD27OCT26510CE,JUBLFOOD,27OCT2026,51000.000000,1250,OPTSTK,NFO,5.000000,50001,False
87378,JUBLFOOD27OCT26510PE,JUBLFOOD,27OCT2026,51000.000000,1250,OPTSTK,NFO,5.000000,50001,False
87379,JUBLFOOD27OCT26520CE,JUBLFOOD,27OCT2026,52000.000000,1250,OPTSTK,NFO,5.000000,50001,False
87381,JUBLFOOD27OCT26530CE,JUBLFOOD,27OCT2026,53000.000000,1250,OPTSTK,NFO,5.000000,50001,False
87427,KALYANKJIL29SEP26575CE,KALYANKJIL,29SEP2026,57500.000000,1350,OPTSTK,NFO,5.000000,40501,False
87453,KALYANKJIL29SEP26615PE,KALYANKJIL,29SEP2026,61500.000000,1350,OPTSTK,NFO,5.000000,40501,False
87461,KALYANKJIL29SEP26635PE,KALYANKJIL,29SEP2026,63500.000000,1350,OPTSTK,NFO,5.000000,40501,False
87466,KALYANKJIL29SEP26665CE,KALYANKJIL,29SEP2026,66500.000000,1350,OPTSTK,NFO,5.000000,40501,False
87497,DELHIVERY23NOV26390CE,DELHIVERY,23NOV2026,39000.000000,2075,OPTSTK,NFO,5.000000,62251,False
87525,KALYANKJIL27OCT26480PE,KALYANKJIL,27OCT2026,48000.000000,1350,OPTSTK,NFO,5.000000,40501,False
87527,DELHIVERY23NOV26430CE,DELHIVERY,23NOV2026,43000.000000,2075,OPTSTK,NFO,5.000000,62251,False
87541,DELHIVERY23NOV26490CE,DELHIVERY,23NOV2026,49000.000000,2075,OPTSTK,NFO,5.000000,62251,False
87574,BAJAJ-AUTO29SEP268400PE,BAJAJ-AUTO,29SEP2026,840000.000000,75,OPTSTK,NFO,5.000000,2251,False
87591,BAJAJ-AUTO29SEP2610200CE,BAJAJ-AUTO,29SEP2026,1020000.000000,75,OPTSTK,NFO,5.000000,2251,False
87616,BAJAJ-AUTO29SEP2610800PE,BAJAJ-AUTO,29SEP2026,1080000.000000,75,OPTSTK,NFO,5.000000,2251,False
87620,BAJAJ-AUTO29SEP2611200PE,BAJAJ-AUTO,29SEP2026,1120000.000000,75,OPTSTK,NFO,5.000000,2251,False
87626,BAJAJ-AUTO29SEP2611800PE,BAJAJ-AUTO,29SEP2026,1180000.000000,75,OPTSTK,NFO,5.000000,2251,False
87711,KALYANKJIL27OCT26520CE,KALYANKJIL,27OCT2026,52000.000000,1350,OPTSTK,NFO,5.000000,40501,False
87713,KALYANKJIL27OCT26520PE,KALYANKJIL,27OCT2026,52000.000000,1350,OPTSTK,NFO,5.000000,40501,False
87746,KALYANKJIL27OCT26620CE,KALYANKJIL,27OCT2026,62000.000000,1350,OPTSTK,NFO,5.000000,40501,False
87847,KAYNES29SEP263550PE,KAYNES,29SEP2026,355000.000000,150,OPTSTK,NFO,5.000000,6001,False
87856,DIVISLAB27OCT269900CE,DIVISLAB,27OCT2026,990000.000000,100,OPTSTK,NFO,5.000000,3001,False
87915,KAYNES27OCT263000PE,KAYNES,27OCT2026,300000.000000,150,OPTSTK,NFO,5.000000,6001,False
87919,KAYNES27OCT263200PE,KAYNES,27OCT2026,320000.000000,150,OPTSTK,NFO,5.000000,6001,False
87949,KAYNES27OCT264400PE,KAYNES,27OCT2026,440000.000000,150,OPTSTK,NFO,5.000000,6001,False
87968,KEI29SEP264300CE,KEI,29SEP2026,430000.000000,175,OPTSTK,NFO,5.000000,5251,False
87975,KEI29SEP264900PE,KEI,29SEP2026,490000.000000,175,OPTSTK,NFO,5.000000,5251,False
87979,KEI29SEP265300PE,KEI,29SEP2026,530000.000000,175,OPTSTK,NFO,5.000000,5251,False
87988,KEI29SEP265900CE,KEI,29SEP2026,590000.000000,175,OPTSTK,NFO,5.000000,5251,False
87994,KEI29SEP266300PE,KEI,29SEP2026,630000.000000,175,OPTSTK,NFO,5.000000,5251,False
88031,BAJAJFINSV29SEP261720PE,BAJAJFINSV,29SEP2026,172000.000000,300,OPTSTK,NFO,5.000000,12001,False
88036,BAJAJFINSV29SEP261840CE,BAJAJFINSV,29SEP2026,184000.000000,300,OPTSTK,NFO,5.000000,12001,False
88049,BAJAJFINSV29SEP262080PE,BAJAJFINSV,29SEP2026,208000.000000,300,OPTSTK,NFO,5.000000,12001,False
88053,BAJAJFINSV29SEP262160PE,BAJAJFINSV,29SEP2026,216000.000000,300,OPTSTK,NFO,5.000000,12001,False
88079,DIVISLAB23NOV268400CE,DIVISLAB,23NOV2026,840000.000000,100,OPTSTK,NFO,5.000000,3001,False
88106,DIVISLAB23NOV2610000CE,DIVISLAB,23NOV2026,1000000.000000,100,OPTSTK,NFO,5.000000,3001,False
88110,DIVISLAB23NOV2610400CE,DIVISLAB,23NOV2026,1040000.000000,100,OPTSTK,NFO,5.000000,3001,False
88132,DIXON27OCT2613750PE,DIXON,27OCT2026,1375000.000000,50,OPTSTK,NFO,5.000000,1501,False
88136,DIXON27OCT2614750PE,DIXON,27OCT2026,1475000.000000,50,OPTSTK,NFO,5.000000,1501,False
88170,DIXON23NOV2611000CE,DIXON,23NOV2026,1100000.000000,50,OPTSTK,NFO,5.000000,1501,False
88203,KEI27OCT266200PE,KEI,27OCT2026,620000.000000,175,OPTSTK,NFO,5.000000,5251,False
88212,DIXON23NOV2616500PE,DIXON,23NOV2026,1650000.000000,50,OPTSTK,NFO,5.000000,1501,False
88228,KFINTECH29SEP26860PE,KFINTECH,29SEP2026,86000.000000,575,OPTSTK,NFO,5.000000,23001,False
88275,KFINTECH27OCT26760PE,KFINTECH,27OCT2026,76000.000000,575,OPTSTK,NFO,5.000000,23001,False
88284,KFINTECH27OCT26880PE,KFINTECH,27OCT2026,88000.000000,575,OPTSTK,NFO,5.000000,23001,False
88294,KFINTECH27OCT261040CE,KFINTECH,27OCT2026,104000.000000,575,OPTSTK,NFO,5.000000,23001,False
88369,KOTAKBANK29SEP26355PE,KOTAKBANK,29SEP2026,35500.000000,2000,OPTSTK,NFO,5.000000,60001,False
88405,KOTAKBANK29SEP26455PE,KOTAKBANK,29SEP2026,45500.000000,2000,OPTSTK,NFO,5.000000,60001,False
88471,BAJAJHLDNG29SEP269400PE,BAJAJHLDNG,29SEP2026,940000.000000,75,OPTSTK,NFO,5.000000,2251,False
88498,BAJAJHLDNG29SEP2610600CE,BAJAJHLDNG,29SEP2026,1060000.000000,75,OPTSTK,NFO,5.000000,2251,False
88499,BAJAJHLDNG29SEP2610600PE,BAJAJHLDNG,29SEP2026,1060000.000000,75,OPTSTK,NFO,5.000000,2251,False
88511,BAJAJHLDNG29SEP2611400CE,BAJAJHLDNG,29SEP2026,1140000.000000,75,OPTSTK,NFO,5.000000,2251,False
88605,KOTAKBANK27OCT26390CE,KOTAKBANK,27OCT2026,39000.000000,2000,OPTSTK,NFO,5.000000,60001,False
88607,DLF23NOV26580CE,DLF,23NOV2026,58000.000000,950,OPTSTK,NFO,5.000000,38001,False
88609,DLF23NOV26580PE,DLF,23NOV2026,58000.000000,950,OPTSTK,NFO,5.000000,38001,False
88642,KOTAKBANK27OCT26430PE,KOTAKBANK,27OCT2026,43000.000000,2000,OPTSTK,NFO,5.000000,60001,False
88652,DLF23NOV26720CE,DLF,23NOV2026,72000.000000,950,OPTSTK,NFO,5.000000,38001,False
88664,KOTAKBANK27OCT26460PE,KOTAKBANK,27OCT2026,46000.000000,2000,OPTSTK,NFO,5.000000,60001,False
88669,KOTAKBANK27OCT26480CE,KOTAKBANK,27OCT2026,48000.000000,2000,OPTSTK,NFO,5.000000,60001,False
88671,KOTAKBANK27OCT26490CE,KOTAKBANK,27OCT2026,49000.000000,2000,OPTSTK,NFO,5.000000,60001,False
88714,KPITTECH29SEP26470PE,KPITTECH,29SEP2026,47000.000000,775,OPTSTK,NFO,5.000000,38751,False
88727,KPITTECH29SEP26550CE,KPITTECH,29SEP2026,55000.000000,775,OPTSTK,NFO,5.000000,38751,False
88735,KPITTECH29SEP26570CE,KPITTECH,29SEP2026,57000.000000,775,OPTSTK,NFO,5.000000,38751,False
88736,KPITTECH29SEP26570PE,KPITTECH,29SEP2026,57000.000000,775,OPTSTK,NFO,5.000000,38751,False
88742,KPITTECH29SEP26630CE,KPITTECH,29SEP2026,63000.000000,775,OPTSTK,NFO,5.000000,38751,False
88881,KPITTECH27OCT26540PE,KPITTECH,27OCT2026,54000.000000,775,OPTSTK,NFO,5.000000,38751,False
88896,KPITTECH27OCT26560PE,KPITTECH,27OCT2026,56000.000000,775,OPTSTK,NFO,5.000000,38751,False
88927,KPITTECH27OCT26640PE,KPITTECH,27OCT2026,64000.000000,775,OPTSTK,NFO,5.000000,38751,False
88929,DMART27OCT263550CE,DMART,27OCT2026,355000.000000,150,OPTSTK,NFO,5.000000,6001,False
88973,DMART27OCT264050PE,DMART,27OCT2026,405000.000000,150,OPTSTK,NFO,5.000000,6001,False
88995,LAURUSLABS29SEP261700CE,LAURUSLABS,29SEP2026,170000.000000,850,OPTSTK,NFO,5.000000,17001,False
89003,BAJFINANCE29SEP26940PE,BAJFINANCE,29SEP2026,94000.000000,750,OPTSTK,NFO,5.000000,22501,False
89013,BAJFINANCE29SEP261040CE,BAJFINANCE,29SEP2026,104000.000000,750,OPTSTK,NFO,5.000000,22501,False
89021,BAJFINANCE29SEP261100PE,BAJFINANCE,29SEP2026,110000.000000,750,OPTSTK,NFO,5.000000,22501,False
89024,LAURUSLABS29SEP261780CE,LAURUSLABS,29SEP2026,178000.000000,850,OPTSTK,NFO,5.000000,17001,False
89046,BAJFINANCE29SEP261300CE,BAJFINANCE,29SEP2026,130000.000000,750,OPTSTK,NFO,5.000000,22501,False
89075,BANDHANBNK29SEP26150CE,BANDHANBNK,29SEP2026,15000.000000,3600,OPTSTK,NFO,1.000000,108001,False
89077,BANDHANBNK29SEP26160CE,BANDHANBNK,29SEP2026,16000.000000,3600,OPTSTK,NFO,1.000000,108001,False
89078,LAURUSLABS29SEP261980PE,LAURUSLABS,29SEP2026,198000.000000,850,OPTSTK,NFO,5.000000,17001,False
89087,BANDHANBNK29SEP26200CE,BANDHANBNK,29SEP2026,20000.000000,3600,OPTSTK,NFO,1.000000,108001,False
89089,LAURUSLABS29SEP262060CE,LAURUSLABS,29SEP2026,206000.000000,850,OPTSTK,NFO,5.000000,17001,False
89096,LAURUSLABS29SEP262100CE,LAURUSLABS,29SEP2026,210000.000000,850,OPTSTK,NFO,5.000000,17001,False
89100,LAURUSLABS29SEP262120PE,LAURUSLABS,29SEP2026,212000.000000,850,OPTSTK,NFO,5.000000,17001,False
89178,LAURUSLABS27OCT261800PE,LAURUSLABS,27OCT2026,180000.000000,850,OPTSTK,NFO,5.000000,17001,False
89189,DMART23NOV263300PE,DMART,23NOV2026,330000.000000,150,OPTSTK,NFO,5.000000,6001,False
89275,DRREDDY27OCT261070CE,DRREDDY,27OCT2026,107000.000000,625,OPTSTK,NFO,5.000000,18751,False
89277,DRREDDY27OCT261090CE,DRREDDY,27OCT2026,109000.000000,625,OPTSTK,NFO,5.000000,18751,False
89278,DRREDDY27OCT261090PE,DRREDDY,27OCT2026,109000.000000,625,OPTSTK,NFO,5.000000,18751,False
89281,DRREDDY27OCT261130CE,DRREDDY,27OCT2026,113000.000000,625,OPTSTK,NFO,5.000000,18751,False
89296,DRREDDY27OCT261210PE,DRREDDY,27OCT2026,121000.000000,625,OPTSTK,NFO,5.000000,18751,False
89301,DRREDDY27OCT261270CE,DRREDDY,27OCT2026,127000.000000,625,OPTSTK,NFO,5.000000,18751,False
89312,LAURUSLABS27OCT262120PE,LAURUSLABS,27OCT2026,212000.000000,850,OPTSTK,NFO,5.000000,17001,False
89364,BANKBARODA29SEP26270PE,BANKBARODA,29SEP2026,27000.000000,2925,OPTSTK,NFO,1.000000,87751,False
89368,BANKBARODA29SEP26290PE,BANKBARODA,29SEP2026,29000.000000,2925,OPTSTK,NFO,1.000000,87751,False
89460,LICHSGFIN29SEP26610PE,LICHSGFIN,29SEP2026,61000.000000,1000,OPTSTK,NFO,5.000000,40001,False
89517,LICHSGFIN27OCT26560CE,LICHSGFIN,27OCT2026,56000.000000,1000,OPTSTK,NFO,5.000000,40001,False
89522,LICHSGFIN27OCT26600PE,LICHSGFIN,27OCT2026,60000.000000,1000,OPTSTK,NFO,5.000000,40001,False
89576,DRREDDY23NOV26960PE,DRREDDY,23NOV2026,96000.000000,625,OPTSTK,NFO,5.000000,18751,False
89597,DRREDDY23NOV261160PE,DRREDDY,23NOV2026,116000.000000,625,OPTSTK,NFO,5.000000,18751,False
89598,DRREDDY23NOV261180CE,DRREDDY,23NOV2026,118000.000000,625,OPTSTK,NFO,5.000000,18751,False
89625,NIFTY26JUN2921000PE,NIFTY,26JUN2029,2100000.000000,65,OPTIDX,NFO,5.000000,1801,False
89740,EICHERMOT27OCT266900CE,EICHERMOT,27OCT2026,690000.000000,100,OPTSTK,NFO,5.000000,3001,False
89743,EICHERMOT27OCT267100PE,EICHERMOT,27OCT2026,710000.000000,100,OPTSTK,NFO,5.000000,3001,False
89770,EICHERMOT27OCT268500PE,EICHERMOT,27OCT2026,850000.000000,100,OPTSTK,NFO,5.000000,3001,False
89771,EICHERMOT27OCT268700CE,EICHERMOT,27OCT2026,870000.000000,100,OPTSTK,NFO,5.000000,3001,False
89788,LICI29SEP26405CE,LICI,29SEP2026,40500.000000,1400,OPTSTK,NFO,5.000000,56001,False
89789,LICI29SEP26405PE,LICI,29SEP2026,40500.000000,1400,OPTSTK,NFO,5.000000,56001,False
89935,LICI27OCT26460PE,LICI,27OCT2026,46000.000000,1400,OPTSTK,NFO,5.000000,56001,False
89938,LICI27OCT26480CE,LICI,27OCT2026,48000.000000,1400,OPTSTK,NFO,5.000000,56001,False
90075,EICHERMOT23NOV267200CE,EICHERMOT,23NOV2026,720000.000000,100,OPTSTK,NFO,5.000000,3001,False
90090,BDL29SEP261000PE,BDL,29SEP2026,100000.000000,425,OPTSTK,NFO,5.000000,17001,False
90091,EICHERMOT23NOV267600CE,EICHERMOT,23NOV2026,760000.000000,100,OPTSTK,NFO,5.000000,3001,False
90102,BDL29SEP261120CE,BDL,29SEP2026,112000.000000,425,OPTSTK,NFO,5.000000,17001,False
90115,EICHERMOT23NOV268400PE,EICHERMOT,23NOV2026,840000.000000,100,OPTSTK,NFO,5.000000,3001,False
90118,BDL29SEP261360CE,BDL,29SEP2026,136000.000000,425,OPTSTK,NFO,5.000000,17001,False
90120,BDL29SEP261400CE,BDL,29SEP2026,140000.000000,425,OPTSTK,NFO,5.000000,17001,False
90123,BDL29SEP261440PE,BDL,29SEP2026,144000.000000,425,OPTSTK,NFO,5.000000,17001,False
90130,BDL29SEP261600CE,BDL,29SEP2026,160000.000000,425,OPTSTK,NFO,5.000000,17001,False
90159,LODHA29SEP261380PE,LODHA,29SEP2026,138000.000000,625,OPTSTK,NFO,5.000000,18751,False
90224,ETERNAL27OCT26295CE,ETERNAL,27OCT2026,29500.000000,2425,OPTSTK,NFO,5.000000,72751,False
90237,ETERNAL27OCT26345PE,ETERNAL,27OCT2026,34500.000000,2425,OPTSTK,NFO,5.000000,72751,False
90252,LODHA27OCT261160CE,LODHA,27OCT2026,116000.000000,625,OPTSTK,NFO,5.000000,18751,False
90253,LODHA27OCT261160PE,LODHA,27OCT2026,116000.000000,625,OPTSTK,NFO,5.000000,18751,False
90257,LODHA27OCT261240PE,LODHA,27OCT2026,124000.000000,625,OPTSTK,NFO,5.000000,18751,False
90265,LODHA27OCT261320PE,LODHA,27OCT2026,132000.000000,625,OPTSTK,NFO,5.000000,18751,False
90266,LODHA27OCT261360CE,LODHA,27OCT2026,136000.000000,625,OPTSTK,NFO,5.000000,18751,False
90318,LT29SEP263550CE,LT,29SEP2026,355000.000000,175,OPTSTK,NFO,5.000000,7001,False
90379,ETERNAL23NOV26280PE,ETERNAL,23NOV2026,28000.000000,2425,OPTSTK,NFO,5.000000,72751,False
90410,LT27OCT263900CE,LT,27OCT2026,390000.000000,175,OPTSTK,NFO,5.000000,7001,False
90425,LT27OCT264400PE,LT,27OCT2026,440000.000000,175,OPTSTK,NFO,5.000000,7001,False
90427,LT27OCT264500PE,LT,27OCT2026,450000.000000,175,OPTSTK,NFO,5.000000,7001,False
90431,LT27OCT264700CE,LT,27OCT2026,470000.000000,175,OPTSTK,NFO,5.000000,7001,False
90517,BEL29SEP26360PE,BEL,29SEP2026,36000.000000,1425,OPTSTK,NFO,5.000000,57001,False
90518,BEL29SEP26370CE,BEL,29SEP2026,37000.000000,1425,OPTSTK,NFO,5.000000,57001,False
90520,BEL29SEP26380CE,BEL,29SEP2026,38000.000000,1425,OPTSTK,NFO,5.000000,57001,False
90524,LTF29SEP26335CE,LTF,29SEP2026,33500.000000,2250,OPTSTK,NFO,5.000000,67501,False
90529,BEL29SEP26410CE,BEL,29SEP2026,41000.000000,1425,OPTSTK,NFO,5.000000,57001,False
90538,BEL29SEP26430CE,BEL,29SEP2026,43000.000000,1425,OPTSTK,NFO,5.000000,57001,False
90620,FEDERALBNK27OCT26355CE,FEDERALBNK,27OCT2026,35500.000000,2500,OPTSTK,NFO,5.000000,75001,False
90622,FEDERALBNK27OCT26365CE,FEDERALBNK,27OCT2026,36500.000000,2500,OPTSTK,NFO,5.000000,75001,False
90667,FEDERALBNK23NOV26300PE,FEDERALBNK,23NOV2026,30000.000000,2500,OPTSTK,NFO,5.000000,75001,False
90714,LTF27OCT26270PE,LTF,27OCT2026,27000.000000,2250,OPTSTK,NFO,5.000000,67501,False
90716,LTF27OCT26280PE,LTF,27OCT2026,28000.000000,2250,OPTSTK,NFO,5.000000,67501,False
90746,LTF27OCT26340CE,LTF,27OCT2026,34000.000000,2250,OPTSTK,NFO,5.000000,67501,False
90818,LTM29SEP264250PE,LTM,29SEP2026,425000.000000,150,OPTSTK,NFO,5.000000,6001,False
90825,LTM29SEP264650CE,LTM,29SEP2026,465000.000000,150,OPTSTK,NFO,5.000000,6001,False
90830,LTM29SEP264850PE,LTM,29SEP2026,485000.000000,150,OPTSTK,NFO,5.000000,6001,False
90844,LTM29SEP265500PE,LTM,29SEP2026,550000.000000,150,OPTSTK,NFO,5.000000,6001,False
90928,LTM27OCT264200PE,LTM,27OCT2026,420000.000000,150,OPTSTK,NFO,5.000000,6001,False
90959,FEDERALBNK23NOV26400CE,FEDERALBNK,23NOV2026,40000.000000,2500,OPTSTK,NFO,5.000000,75001,False
90992,BHARATFORG29SEP261680PE,BHARATFORG,29SEP2026,168000.000000,500,OPTSTK,NFO,5.000000,10001,False
91000,BHARATFORG29SEP261840PE,BHARATFORG,29SEP2026,184000.000000,500,OPTSTK,NFO,5.000000,10001,False
91016,BHARATFORG29SEP262160PE,BHARATFORG,29SEP2026,216000.000000,500,OPTSTK,NFO,5.000000,10001,False
91035,LTM27OCT264700PE,LTM,27OCT2026,470000.000000,150,OPTSTK,NFO,5.000000,6001,False
91052,LTM27OCT265100CE,LTM,27OCT2026,510000.000000,150,OPTSTK,NFO,5.000000,6001,False
91074,LTM27OCT265300PE,LTM,27OCT2026,530000.000000,150,OPTSTK,NFO,5.000000,6001,False
91088,FORCEMOT27OCT2618500PE,FORCEMOT,27OCT2026,1850000.000000,25,OPTSTK,NFO,5.000000,1251,False
91121,FORCEMOT23NOV2617000CE,FORCEMOT,23NOV2026,1700000.000000,25,OPTSTK,NFO,5.000000,1251,False
91124,FORCEMOT23NOV2618000PE,FORCEMOT,23NOV2026,1800000.000000,25,OPTSTK,NFO,5.000000,1251,False
91180,LUPIN29SEP261900CE,LUPIN,29SEP2026,190000.000000,425,OPTSTK,NFO,5.000000,12751,False
91183,FORTIS27OCT26830CE,FORTIS,27OCT2026,83000.000000,775,OPTSTK,NFO,5.000000,23251,False
91205,LUPIN29SEP262060PE,LUPIN,29SEP2026,206000.000000,425,OPTSTK,NFO,5.000000,12751,False
91211,LUPIN29SEP262180PE,LUPIN,29SEP2026,218000.000000,425,OPTSTK,NFO,5.000000,12751,False
91282,LUPIN29SEP262380PE,LUPIN,29SEP2026,238000.000000,425,OPTSTK,NFO,5.000000,12751,False
91366,LUPIN27OCT261720CE,LUPIN,27OCT2026,172000.000000,425,OPTSTK,NFO,5.000000,12751,False
91392,LUPIN27OCT261840CE,LUPIN,27OCT2026,184000.000000,425,OPTSTK,NFO,5.000000,12751,False
91425,BHARTIARTL29SEP261520CE,BHARTIARTL,29SEP2026,152000.000000,475,OPTSTK,NFO,5.000000,14251,False
91435,BHARTIARTL29SEP261680PE,BHARTIARTL,29SEP2026,168000.000000,475,OPTSTK,NFO,5.000000,14251,False
91445,BHARTIARTL29SEP261840PE,BHARTIARTL,29SEP2026,184000.000000,475,OPTSTK,NFO,5.000000,14251,False
91449,LUPIN27OCT262000PE,LUPIN,27OCT2026,200000.000000,425,OPTSTK,NFO,5.000000,12751,False
91463,BHARTIARTL29SEP261920PE,BHARTIARTL,29SEP2026,192000.000000,475,OPTSTK,NFO,5.000000,14251,False
91464,LUPIN27OCT262240CE,LUPIN,27OCT2026,224000.000000,425,OPTSTK,NFO,5.000000,12751,False
91465,LUPIN27OCT262240PE,LUPIN,27OCT2026,224000.000000,425,OPTSTK,NFO,5.000000,12751,False
91470,LUPIN27OCT262360CE,LUPIN,27OCT2026,236000.000000,425,OPTSTK,NFO,5.000000,12751,False
91523,BHARTIARTL29SEP261960PE,BHARTIARTL,29SEP2026,196000.000000,475,OPTSTK,NFO,5.000000,14251,False
91566,M&M29SEP263250CE,M&M,29SEP2026,325000.000000,200,OPTSTK,NFO,5.000000,8001,False
91571,M&M29SEP263450PE,M&M,29SEP2026,345000.000000,200,OPTSTK,NFO,5.000000,8001,False
91608,FORTIS23NOV26860PE,FORTIS,23NOV2026,86000.000000,775,OPTSTK,NFO,5.000000,23251,False
91627,FORTIS23NOV261040CE,FORTIS,23NOV2026,104000.000000,775,OPTSTK,NFO,5.000000,23251,False
91631,FORTIS23NOV261080CE,FORTIS,23NOV2026,108000.000000,775,OPTSTK,NFO,5.000000,23251,False
91671,M&M27OCT262800PE,M&M,27OCT2026,280000.000000,200,OPTSTK,NFO,5.000000,8001,False
91700,GAIL27OCT26167.5CE,GAIL,27OCT2026,16750.000000,3550,OPTSTK,NFO,1.000000,142001,False
91715,M&M27OCT263100PE,M&M,27OCT2026,310000.000000,200,OPTSTK,NFO,5.000000,8001,False
91726,M&M27OCT263500CE,M&M,27OCT2026,350000.000000,200,OPTSTK,NFO,5.000000,8001,False
91729,M&M27OCT263600PE,M&M,27OCT2026,360000.000000,200,OPTSTK,NFO,5.000000,8001,False
91730,M&M27OCT263700CE,M&M,27OCT2026,370000.000000,200,OPTSTK,NFO,5.000000,8001,False
91757,MANAPPURAM29SEP26325PE,MANAPPURAM,29SEP2026,32500.000000,3000,OPTSTK,NFO,5.000000,60001,False
91758,MANAPPURAM29SEP26335CE,MANAPPURAM,29SEP2026,33500.000000,3000,OPTSTK,NFO,5.000000,60001,False
91787,MANAPPURAM29SEP26375PE,MANAPPURAM,29SEP2026,37500.000000,3000,OPTSTK,NFO,5.000000,60001,False
91791,MANAPPURAM29SEP26385CE,MANAPPURAM,29SEP2026,38500.000000,3000,OPTSTK,NFO,5.000000,60001,False
91821,GAIL23NOV26150CE,GAIL,23NOV2026,15000.000000,3550,OPTSTK,NFO,1.000000,142001,False
91826,MANAPPURAM27OCT26300CE,MANAPPURAM,27OCT2026,30000.000000,3000,OPTSTK,NFO,5.000000,60001,False
91829,MANAPPURAM27OCT26310PE,MANAPPURAM,27OCT2026,31000.000000,3000,OPTSTK,NFO,5.000000,60001,False
91837,MANAPPURAM27OCT26350PE,MANAPPURAM,27OCT2026,35000.000000,3000,OPTSTK,NFO,5.000000,60001,False
91838,MANAPPURAM27OCT26360CE,MANAPPURAM,27OCT2026,36000.000000,3000,OPTSTK,NFO,5.000000,60001,False
91924,GAIL23NOV26210CE,GAIL,23NOV2026,21000.000000,3550,OPTSTK,NFO,1.000000,142001,False
91974,BHEL29SEP26340PE,BHEL,29SEP2026,34000.000000,2625,OPTSTK,NFO,5.000000,52501,False
91979,BHEL29SEP26370CE,BHEL,29SEP2026,37000.000000,2625,OPTSTK,NFO,5.000000,52501,False
91981,BHEL29SEP26380CE,BHEL,29SEP2026,38000.000000,2625,OPTSTK,NFO,5.000000,52501,False
91989,BHEL29SEP26420CE,BHEL,29SEP2026,42000.000000,2625,OPTSTK,NFO,5.000000,52501,False
91993,BHEL29SEP26440CE,BHEL,29SEP2026,44000.000000,2625,OPTSTK,NFO,5.000000,52501,False
92002,BHEL29SEP26480PE,BHEL,29SEP2026,48000.000000,2625,OPTSTK,NFO,5.000000,52501,False
92012,MANKIND29SEP262180CE,MANKIND,29SEP2026,218000.000000,250,OPTSTK,NFO,5.000000,10001,False
92018,MANKIND29SEP262300CE,MANKIND,29SEP2026,230000.000000,250,OPTSTK,NFO,5.000000,10001,False
92027,MANKIND29SEP262340PE,MANKIND,29SEP2026,234000.000000,250,OPTSTK,NFO,5.000000,10001,False
92038,MANKIND29SEP262500CE,MANKIND,29SEP2026,250000.000000,250,OPTSTK,NFO,5.000000,10001,False
92082,MANKIND29SEP262660CE,MANKIND,29SEP2026,266000.000000,250,OPTSTK,NFO,5.000000,10001,False
92083,MANKIND29SEP262660PE,MANKIND,29SEP2026,266000.000000,250,OPTSTK,NFO,5.000000,10001,False
92214,GLENMARK27OCT262260PE,GLENMARK,27OCT2026,226000.000000,375,OPTSTK,NFO,5.000000,11251,False
92221,GLENMARK27OCT262340PE,GLENMARK,27OCT2026,234000.000000,375,OPTSTK,NFO,5.000000,11251,False
92229,GLENMARK27OCT262420PE,GLENMARK,27OCT2026,242000.000000,375,OPTSTK,NFO,5.000000,11251,False
92232,GLENMARK27OCT262500CE,GLENMARK,27OCT2026,250000.000000,375,OPTSTK,NFO,5.000000,11251,False
92326,MANKIND27OCT262000CE,MANKIND,27OCT2026,200000.000000,250,OPTSTK,NFO,5.000000,10001,False
92359,BIOCON29SEP26370CE,BIOCON,29SEP2026,37000.000000,2500,OPTSTK,NFO,5.000000,50001,False
92378,BIOCON29SEP26460PE,BIOCON,29SEP2026,46000.000000,2500,OPTSTK,NFO,5.000000,50001,False
92386,MANKIND27OCT262200CE,MANKIND,27OCT2026,220000.000000,250,OPTSTK,NFO,5.000000,10001,False
92429,GLENMARK23NOV262160PE,GLENMARK,23NOV2026,216000.000000,375,OPTSTK,NFO,5.000000,11251,False
92447,GLENMARK23NOV262520CE,GLENMARK,23NOV2026,252000.000000,375,OPTSTK,NFO,5.000000,11251,False
92456,GLENMARK23NOV262600PE,GLENMARK,23NOV2026,260000.000000,375,OPTSTK,NFO,5.000000,11251,False
92528,MANKIND27OCT262480CE,MANKIND,27OCT2026,248000.000000,250,OPTSTK,NFO,5.000000,10001,False
92537,GLENMARK23NOV262800PE,GLENMARK,23NOV2026,280000.000000,375,OPTSTK,NFO,5.000000,11251,False
92560,MANKIND27OCT262680CE,MANKIND,27OCT2026,268000.000000,250,OPTSTK,NFO,5.000000,10001,False
92564,MANKIND27OCT262760CE,MANKIND,27OCT2026,276000.000000,250,OPTSTK,NFO,5.000000,10001,False
92659,MARICO29SEP26870PE,MARICO,29SEP2026,87000.000000,1200,OPTSTK,NFO,5.000000,36001,False
92722,BLUESTARCO29SEP261280PE,BLUESTARCO,29SEP2026,128000.000000,325,OPTSTK,NFO,5.000000,13001,False
92731,BLUESTARCO29SEP261480CE,BLUESTARCO,29SEP2026,148000.000000,325,OPTSTK,NFO,5.000000,13001,False
92738,BLUESTARCO29SEP261600PE,BLUESTARCO,29SEP2026,160000.000000,325,OPTSTK,NFO,5.000000,13001,False
92781,BLUESTARCO29SEP261880CE,BLUESTARCO,29SEP2026,188000.000000,325,OPTSTK,NFO,5.000000,13001,False
92852,GMRAIRPORT27OCT26101PE,GMRAIRPORT,27OCT2026,10100.000000,6975,OPTSTK,NFO,1.000000,209251,False
92857,GMRAIRPORT27OCT26107CE,GMRAIRPORT,27OCT2026,10700.000000,6975,OPTSTK,NFO,1.000000,209251,False
92886,MARICO27OCT26860PE,MARICO,27OCT2026,86000.000000,1200,OPTSTK,NFO,5.000000,36001,False
92908,MARICO27OCT26940PE,MARICO,27OCT2026,94000.000000,1200,OPTSTK,NFO,5.000000,36001,False
92960,GMRAIRPORT23NOV2676CE,GMRAIRPORT,23NOV2026,7600.000000,6975,OPTSTK,NFO,1.000000,209251,False
92997,MARUTI29SEP2611100CE,MARUTI,29SEP2026,1110000.000000,50,OPTSTK,NFO,5.000000,2001,False
93005,MARUTI29SEP2611900CE,MARUTI,29SEP2026,1190000.000000,50,OPTSTK,NFO,5.000000,2001,False
93020,MARUTI29SEP2613300CE,MARUTI,29SEP2026,1330000.000000,50,OPTSTK,NFO,5.000000,2001,False
93029,MARUTI29SEP2614100PE,MARUTI,29SEP2026,1410000.000000,50,OPTSTK,NFO,5.000000,2001,False
93037,MARUTI29SEP2614700PE,MARUTI,29SEP2026,1470000.000000,50,OPTSTK,NFO,5.000000,2001,False
93058,BOSCHLTD29SEP2639000PE,BOSCHLTD,29SEP2026,3900000.000000,25,OPTSTK,NFO,5.000000,501,False
93062,BOSCHLTD29SEP2641000PE,BOSCHLTD,29SEP2026,4100000.000000,25,OPTSTK,NFO,5.000000,501,False
93114,MARUTI27OCT2610800CE,MARUTI,27OCT2026,1080000.000000,50,OPTSTK,NFO,5.000000,2001,False
93133,MARUTI27OCT2612400PE,MARUTI,27OCT2026,1240000.000000,50,OPTSTK,NFO,5.000000,2001,False
93123,MARUTI27OCT2611600PE,MARUTI,27OCT2026,1160000.000000,50,OPTSTK,NFO,5.000000,2001,False
93127,MARUTI27OCT2611800PE,MARUTI,27OCT2026,1180000.000000,50,OPTSTK,NFO,5.000000,2001,False
93130,MARUTI27OCT2612200CE,MARUTI,27OCT2026,1220000.000000,50,OPTSTK,NFO,5.000000,2001,False
93138,MARUTI27OCT2613000CE,MARUTI,27OCT2026,1300000.000000,50,OPTSTK,NFO,5.000000,2001,False
93158,MARUTI27OCT2614800CE,MARUTI,27OCT2026,1480000.000000,50,OPTSTK,NFO,5.000000,2001,False
93167,MARUTI27OCT2615400PE,MARUTI,27OCT2026,1540000.000000,50,OPTSTK,NFO,5.000000,2001,False
93168,MARUTI27OCT2615600CE,MARUTI,27OCT2026,1560000.000000,50,OPTSTK,NFO,5.000000,2001,False
93230,MAXHEALTH29SEP26910CE,MAXHEALTH,29SEP2026,91000.000000,525,OPTSTK,NFO,5.000000,21001,False
93236,MAXHEALTH29SEP26970CE,MAXHEALTH,29SEP2026,97000.000000,525,OPTSTK,NFO,5.000000,21001,False
93313,MAXHEALTH29SEP26990CE,MAXHEALTH,29SEP2026,99000.000000,525,OPTSTK,NFO,5.000000,21001,False
93336,BOSCHLTD29SEP2648000CE,BOSCHLTD,29SEP2026,4800000.000000,25,OPTSTK,NFO,5.000000,501,False
93345,MAXHEALTH29SEP261070PE,MAXHEALTH,29SEP2026,107000.000000,525,OPTSTK,NFO,5.000000,21001,False
93362,GODFRYPHLP23NOV261700PE,GODFRYPHLP,23NOV2026,170000.000000,275,OPTSTK,NFO,5.000000,11001,False
93364,GODFRYPHLP23NOV261800PE,GODFRYPHLP,23NOV2026,180000.000000,275,OPTSTK,NFO,5.000000,11001,False
93380,GODFRYPHLP23NOV262200PE,GODFRYPHLP,23NOV2026,220000.000000,275,OPTSTK,NFO,5.000000,11001,False
93383,GODFRYPHLP23NOV262300CE,GODFRYPHLP,23NOV2026,230000.000000,275,OPTSTK,NFO,5.000000,11001,False
93390,MAXHEALTH29SEP261090PE,MAXHEALTH,29SEP2026,109000.000000,525,OPTSTK,NFO,5.000000,21001,False
93399,MAXHEALTH29SEP261190CE,MAXHEALTH,29SEP2026,119000.000000,525,OPTSTK,NFO,5.000000,21001,False
93499,MAXHEALTH27OCT26900CE,MAXHEALTH,27OCT2026,90000.000000,525,OPTSTK,NFO,5.000000,21001,False
93517,MAXHEALTH27OCT26900PE,MAXHEALTH,27OCT2026,90000.000000,525,OPTSTK,NFO,5.000000,21001,False
93521,MAXHEALTH27OCT26940PE,MAXHEALTH,27OCT2026,94000.000000,525,OPTSTK,NFO,5.000000,21001,False
93535,MAXHEALTH27OCT261020PE,MAXHEALTH,27OCT2026,102000.000000,525,OPTSTK,NFO,5.000000,21001,False
93538,MAXHEALTH27OCT261060CE,MAXHEALTH,27OCT2026,106000.000000,525,OPTSTK,NFO,5.000000,21001,False
93549,MAXHEALTH27OCT261080PE,MAXHEALTH,27OCT2026,108000.000000,525,OPTSTK,NFO,5.000000,21001,False
93592,BPCL29SEP26370PE,BPCL,29SEP2026,37000.000000,1975,OPTSTK,NFO,5.000000,79001,False
93607,MAXHEALTH27OCT261120PE,MAXHEALTH,27OCT2026,112000.000000,525,OPTSTK,NFO,5.000000,21001,False
93634,MAXHEALTH27OCT261160CE,MAXHEALTH,27OCT2026,116000.000000,525,OPTSTK,NFO,5.000000,21001,False
93743,MAZDOCK29SEP262150CE,MAZDOCK,29SEP2026,215000.000000,225,OPTSTK,NFO,5.000000,9001,False
93746,MAZDOCK29SEP262250PE,MAZDOCK,29SEP2026,225000.000000,225,OPTSTK,NFO,5.000000,9001,False
93797,BRITANNIA29SEP264200PE,BRITANNIA,29SEP2026,420000.000000,125,OPTSTK,NFO,5.000000,5001,False
93811,MAZDOCK29SEP262750PE,MAZDOCK,29SEP2026,275000.000000,225,OPTSTK,NFO,5.000000,9001,False
93812,MAZDOCK29SEP262850CE,MAZDOCK,29SEP2026,285000.000000,225,OPTSTK,NFO,5.000000,9001,False
93845,MAZDOCK27OCT262100PE,MAZDOCK,27OCT2026,210000.000000,225,OPTSTK,NFO,5.000000,9001,False
93850,MAZDOCK27OCT262400CE,MAZDOCK,27OCT2026,240000.000000,225,OPTSTK,NFO,5.000000,9001,False
93860,MAZDOCK27OCT262900CE,MAZDOCK,27OCT2026,290000.000000,225,OPTSTK,NFO,5.000000,9001,False
93866,MAZDOCK27OCT263000PE,MAZDOCK,27OCT2026,300000.000000,225,OPTSTK,NFO,5.000000,9001,False
93896,MCX29SEP262850PE,MCX,29SEP2026,285000.000000,225,OPTSTK,NFO,5.000000,6751,False
93902,MCX29SEP263150PE,MCX,29SEP2026,315000.000000,225,OPTSTK,NFO,5.000000,6751,False
93911,BRITANNIA29SEP264900PE,BRITANNIA,29SEP2026,490000.000000,125,OPTSTK,NFO,5.000000,5001,False
93915,MCX29SEP263350PE,MCX,29SEP2026,335000.000000,225,OPTSTK,NFO,5.000000,6751,False
93932,BRITANNIA29SEP265200PE,BRITANNIA,29SEP2026,520000.000000,125,OPTSTK,NFO,5.000000,5001,False
93946,BRITANNIA29SEP265300PE,BRITANNIA,29SEP2026,530000.000000,125,OPTSTK,NFO,5.000000,5001,False
94005,BRITANNIA29SEP265600PE,BRITANNIA,29SEP2026,560000.000000,125,OPTSTK,NFO,5.000000,5001,False
94030,BRITANNIA29SEP265800CE,BRITANNIA,29SEP2026,580000.000000,125,OPTSTK,NFO,5.000000,5001,False
94037,GODREJCP23NOV26960CE,GODREJCP,23NOV2026,96000.000000,500,OPTSTK,NFO,5.000000,25001,False
94043,GODREJCP23NOV261020CE,GODREJCP,23NOV2026,102000.000000,500,OPTSTK,NFO,5.000000,25001,False
94044,GODREJCP23NOV261020PE,GODREJCP,23NOV2026,102000.000000,500,OPTSTK,NFO,5.000000,25001,False
94056,BRITANNIA29SEP265900PE,BRITANNIA,29SEP2026,590000.000000,125,OPTSTK,NFO,5.000000,5001,False
94122,GODREJPROP27OCT261500CE,GODREJPROP,27OCT2026,150000.000000,325,OPTSTK,NFO,5.000000,13001,False
94125,GODREJPROP27OCT261540PE,GODREJPROP,27OCT2026,154000.000000,325,OPTSTK,NFO,5.000000,13001,False
94137,MCX27OCT262900CE,MCX,27OCT2026,290000.000000,225,OPTSTK,NFO,5.000000,6751,False
94152,MCX27OCT263300CE,MCX,27OCT2026,330000.000000,225,OPTSTK,NFO,5.000000,6751,False
94160,MCX27OCT263800CE,MCX,27OCT2026,380000.000000,225,OPTSTK,NFO,5.000000,6751,False
94179,BSE29SEP263800CE,BSE,29SEP2026,380000.000000,200,OPTSTK,NFO,5.000000,6001,False
94234,MFSL29SEP261300CE,MFSL,29SEP2026,130000.000000,400,OPTSTK,NFO,5.000000,16001,False
94235,MFSL29SEP261300PE,MFSL,29SEP2026,130000.000000,400,OPTSTK,NFO,5.000000,16001,False
94264,MFSL29SEP261740CE,MFSL,29SEP2026,174000.000000,400,OPTSTK,NFO,5.000000,16001,False
94273,GODREJPROP27OCT261940CE,GODREJPROP,27OCT2026,194000.000000,325,OPTSTK,NFO,5.000000,13001,False
94312,GODREJPROP27OCT262100PE,GODREJPROP,27OCT2026,210000.000000,325,OPTSTK,NFO,5.000000,13001,False
94314,GODREJPROP27OCT262140PE,GODREJPROP,27OCT2026,214000.000000,325,OPTSTK,NFO,5.000000,13001,False
94315,GODREJPROP27OCT262180CE,GODREJPROP,27OCT2026,218000.000000,325,OPTSTK,NFO,5.000000,13001,False
94401,MFSL27OCT261400CE,MFSL,27OCT2026,140000.000000,400,OPTSTK,NFO,5.000000,16001,False
94405,MFSL27OCT261480CE,MFSL,27OCT2026,148000.000000,400,OPTSTK,NFO,5.000000,16001,False
94407,MFSL27OCT261520CE,MFSL,27OCT2026,152000.000000,400,OPTSTK,NFO,5.000000,16001,False
94415,GODREJPROP23NOV261760CE,GODREJPROP,23NOV2026,176000.000000,325,OPTSTK,NFO,5.000000,13001,False
94421,GODREJPROP23NOV261840CE,GODREJPROP,23NOV2026,184000.000000,325,OPTSTK,NFO,5.000000,13001,False
94452,CAMS29SEP26600PE,CAMS,29SEP2026,60000.000000,825,OPTSTK,NFO,5.000000,33001,False
94459,CAMS29SEP26680CE,CAMS,29SEP2026,68000.000000,825,OPTSTK,NFO,5.000000,33001,False
94463,CAMS29SEP26720CE,CAMS,29SEP2026,72000.000000,825,OPTSTK,NFO,5.000000,33001,False
94472,CAMS29SEP26800PE,CAMS,29SEP2026,80000.000000,825,OPTSTK,NFO,5.000000,33001,False
94488,MFSL27OCT261720CE,MFSL,27OCT2026,172000.000000,400,OPTSTK,NFO,5.000000,16001,False
94491,MFSL27OCT261760PE,MFSL,27OCT2026,176000.000000,400,OPTSTK,NFO,5.000000,16001,False
94497,CAMS29SEP26820PE,CAMS,29SEP2026,82000.000000,825,OPTSTK,NFO,5.000000,33001,False
94515,MFSL27OCT261800CE,MFSL,27OCT2026,180000.000000,400,OPTSTK,NFO,5.000000,16001,False
94655,GODREJPROP23NOV262080CE,GODREJPROP,23NOV2026,208000.000000,325,OPTSTK,NFO,5.000000,13001,False
94657,GODREJPROP23NOV262120CE,GODREJPROP,23NOV2026,212000.000000,325,OPTSTK,NFO,5.000000,13001,False
94659,GODREJPROP23NOV262160CE,GODREJPROP,23NOV2026,216000.000000,325,OPTSTK,NFO,5.000000,13001,False
94669,GODREJPROP23NOV262240CE,GODREJPROP,23NOV2026,224000.000000,325,OPTSTK,NFO,5.000000,13001,False
94737,MOTILALOFS29SEP26740CE,MOTILALOFS,29SEP2026,74000.000000,775,OPTSTK,NFO,5.000000,23251,False
94774,MOTILALOFS29SEP261140PE,MOTILALOFS,29SEP2026,114000.000000,775,OPTSTK,NFO,5.000000,23251,False
94795,GRASIM27OCT263060PE,GRASIM,27OCT2026,306000.000000,250,OPTSTK,NFO,5.000000,7501,False
94807,GRASIM27OCT263180PE,GRASIM,27OCT2026,318000.000000,250,OPTSTK,NFO,5.000000,7501,False
94819,GRASIM27OCT263420PE,GRASIM,27OCT2026,342000.000000,250,OPTSTK,NFO,5.000000,7501,False
94820,GRASIM27OCT263460CE,GRASIM,27OCT2026,346000.000000,250,OPTSTK,NFO,5.000000,7501,False
94822,GRASIM27OCT263500CE,GRASIM,27OCT2026,350000.000000,250,OPTSTK,NFO,5.000000,7501,False
94824,GRASIM27OCT263540CE,GRASIM,27OCT2026,354000.000000,250,OPTSTK,NFO,5.000000,7501,False
94862,MOTILALOFS27OCT261080PE,MOTILALOFS,27OCT2026,108000.000000,775,OPTSTK,NFO,5.000000,23251,False
94870,MOTILALOFS27OCT261200PE,MOTILALOFS,27OCT2026,120000.000000,775,OPTSTK,NFO,5.000000,23251,False
95010,MPHASIS27OCT262000PE,MPHASIS,27OCT2026,200000.000000,275,OPTSTK,NFO,5.000000,11001,False
95021,MPHASIS27OCT262300PE,MPHASIS,27OCT2026,230000.000000,275,OPTSTK,NFO,5.000000,11001,False
95070,GRASIM23NOV263000CE,GRASIM,23NOV2026,300000.000000,250,OPTSTK,NFO,5.000000,7501,False
95134,GRASIM23NOV263120PE,GRASIM,23NOV2026,312000.000000,250,OPTSTK,NFO,5.000000,7501,False
95101,MUTHOOTFIN29SEP263050CE,MUTHOOTFIN,29SEP2026,305000.000000,275,OPTSTK,NFO,5.000000,8251,False
95102,MUTHOOTFIN29SEP263050PE,MUTHOOTFIN,29SEP2026,305000.000000,275,OPTSTK,NFO,5.000000,8251,False
95131,GRASIM23NOV263080CE,GRASIM,23NOV2026,308000.000000,250,OPTSTK,NFO,5.000000,7501,False
95135,GRASIM23NOV263160CE,GRASIM,23NOV2026,316000.000000,250,OPTSTK,NFO,5.000000,7501,False
95141,GRASIM23NOV263280CE,GRASIM,23NOV2026,328000.000000,250,OPTSTK,NFO,5.000000,7501,False
95154,GRASIM23NOV263520PE,GRASIM,23NOV2026,352000.000000,250,OPTSTK,NFO,5.000000,7501,False
95241,MUTHOOTFIN27OCT262300CE,MUTHOOTFIN,27OCT2026,230000.000000,275,OPTSTK,NFO,5.000000,8251,False
95242,MUTHOOTFIN27OCT262300PE,MUTHOOTFIN,27OCT2026,230000.000000,275,OPTSTK,NFO,5.000000,8251,False
95278,MUTHOOTFIN27OCT263400PE,MUTHOOTFIN,27OCT2026,340000.000000,275,OPTSTK,NFO,5.000000,8251,False
95281,MUTHOOTFIN27OCT263600CE,MUTHOOTFIN,27OCT2026,360000.000000,275,OPTSTK,NFO,5.000000,8251,False
95282,MUTHOOTFIN27OCT263600PE,MUTHOOTFIN,27OCT2026,360000.000000,275,OPTSTK,NFO,5.000000,8251,False
95305,GVT&D27OCT264300PE,GVT&D,27OCT2026,430000.000000,125,OPTSTK,NFO,5.000000,5001,False
95309,GVT&D27OCT264700PE,GVT&D,27OCT2026,470000.000000,125,OPTSTK,NFO,5.000000,5001,False
95323,GVT&D27OCT265300CE,GVT&D,27OCT2026,530000.000000,125,OPTSTK,NFO,5.000000,5001,False
95448,NAM-INDIA27OCT261040PE,NAM-INDIA,27OCT2026,104000.000000,625,OPTSTK,NFO,5.000000,18751,False
95474,NAM-INDIA27OCT261200CE,NAM-INDIA,27OCT2026,120000.000000,625,OPTSTK,NFO,5.000000,18751,False
95475,NAM-INDIA27OCT261200PE,NAM-INDIA,27OCT2026,120000.000000,625,OPTSTK,NFO,5.000000,18751,False
95514,GVT&D23NOV263800PE,GVT&D,23NOV2026,380000.000000,125,OPTSTK,NFO,5.000000,5001,False
95543,CDSL29SEP261240CE,CDSL,29SEP2026,124000.000000,475,OPTSTK,NFO,5.000000,19001,False
95546,CDSL29SEP261280PE,CDSL,29SEP2026,128000.000000,475,OPTSTK,NFO,5.000000,19001,False
95547,GVT&D23NOV264800CE,GVT&D,23NOV2026,480000.000000,125,OPTSTK,NFO,5.000000,5001,False
95550,GVT&D23NOV264800PE,GVT&D,23NOV2026,480000.000000,125,OPTSTK,NFO,5.000000,5001,False
95567,CDSL29SEP261400PE,CDSL,29SEP2026,140000.000000,475,OPTSTK,NFO,5.000000,19001,False
95568,CDSL29SEP261440CE,CDSL,29SEP2026,144000.000000,475,OPTSTK,NFO,5.000000,19001,False
95573,CDSL29SEP261520PE,CDSL,29SEP2026,152000.000000,475,OPTSTK,NFO,5.000000,19001,False
95577,CDSL29SEP261560CE,CDSL,29SEP2026,156000.000000,475,OPTSTK,NFO,5.000000,19001,False
95618,HAL27OCT264550CE,HAL,27OCT2026,455000.000000,150,OPTSTK,NFO,5.000000,4501,False
95638,HAL27OCT265350PE,HAL,27OCT2026,535000.000000,150,OPTSTK,NFO,5.000000,4501,False
95738,HAL23NOV264200CE,HAL,23NOV2026,420000.000000,150,OPTSTK,NFO,5.000000,4501,False
95741,CGPOWER29SEP26680CE,CGPOWER,29SEP2026,68000.000000,850,OPTSTK,NFO,5.000000,25501,False
95759,HAL23NOV264900CE,HAL,23NOV2026,490000.000000,150,OPTSTK,NFO,5.000000,4501,False
95765,CGPOWER29SEP26840CE,CGPOWER,29SEP2026,84000.000000,850,OPTSTK,NFO,5.000000,25501,False
95775,HAL23NOV265100PE,HAL,23NOV2026,510000.000000,150,OPTSTK,NFO,5.000000,4501,False
95782,CGPOWER29SEP261040CE,CGPOWER,29SEP2026,104000.000000,850,OPTSTK,NFO,5.000000,25501,False
95785,CGPOWER29SEP261080PE,CGPOWER,29SEP2026,108000.000000,850,OPTSTK,NFO,5.000000,25501,False
95801,NATIONALUM29SEP26390CE,NATIONALUM,29SEP2026,39000.000000,1875,OPTSTK,NFO,5.000000,56251,False
95806,NATIONALUM29SEP26430PE,NATIONALUM,29SEP2026,43000.000000,1875,OPTSTK,NFO,5.000000,56251,False
95888,HAVELLS27OCT261060CE,HAVELLS,27OCT2026,106000.000000,500,OPTSTK,NFO,5.000000,20001,False
95793,NATIONALUM29SEP26310CE,NATIONALUM,29SEP2026,31000.000000,1875,OPTSTK,NFO,5.000000,56251,False
95941,NATIONALUM27OCT26300CE,NATIONALUM,27OCT2026,30000.000000,1875,OPTSTK,NFO,5.000000,56251,False
95951,NATIONALUM27OCT26400CE,NATIONALUM,27OCT2026,40000.000000,1875,OPTSTK,NFO,5.000000,56251,False
95952,NATIONALUM27OCT26400PE,NATIONALUM,27OCT2026,40000.000000,1875,OPTSTK,NFO,5.000000,56251,False
95957,NATIONALUM27OCT26440PE,NATIONALUM,27OCT2026,44000.000000,1875,OPTSTK,NFO,5.000000,56251,False
96000,CHOLAFIN29SEP261720CE,CHOLAFIN,29SEP2026,172000.000000,625,OPTSTK,NFO,5.000000,12501,False
96012,CHOLAFIN29SEP261880PE,CHOLAFIN,29SEP2026,188000.000000,625,OPTSTK,NFO,5.000000,12501,False
96014,CHOLAFIN29SEP261920PE,CHOLAFIN,29SEP2026,192000.000000,625,OPTSTK,NFO,5.000000,12501,False
96041,NAUKRI29SEP261380CE,NAUKRI,29SEP2026,138000.000000,550,OPTSTK,NFO,5.000000,16501,False
96042,NAUKRI29SEP261380PE,NAUKRI,29SEP2026,138000.000000,550,OPTSTK,NFO,5.000000,16501,False
96107,HAVELLS23NOV261000PE,HAVELLS,23NOV2026,100000.000000,500,OPTSTK,NFO,5.000000,20001,False
96116,HAVELLS23NOV261160CE,HAVELLS,23NOV2026,116000.000000,500,OPTSTK,NFO,5.000000,20001,False
96124,NAUKRI27OCT261280CE,NAUKRI,27OCT2026,128000.000000,550,OPTSTK,NFO,5.000000,16501,False
96137,NAUKRI27OCT261520CE,NAUKRI,27OCT2026,152000.000000,550,OPTSTK,NFO,5.000000,16501,False
96154,NBCC29SEP2687.5PE,NBCC,29SEP2026,8750.000000,6500,OPTSTK,NFO,1.000000,260001,False
96166,HAVELLS23NOV261320PE,HAVELLS,23NOV2026,132000.000000,500,OPTSTK,NFO,5.000000,20001,False
96294,HCLTECH27OCT261110PE,HCLTECH,27OCT2026,111000.000000,400,OPTSTK,NFO,5.000000,20001,False
96298,HCLTECH27OCT261150PE,HCLTECH,27OCT2026,115000.000000,400,OPTSTK,NFO,5.000000,20001,False
96344,HCLTECH27OCT261370PE,HCLTECH,27OCT2026,137000.000000,400,OPTSTK,NFO,5.000000,20001,False
96493,NBCC27OCT2685PE,NBCC,27OCT2026,8500.000000,6500,OPTSTK,NFO,1.000000,260001,False
96500,NBCC27OCT26100PE,NBCC,27OCT2026,10000.000000,6500,OPTSTK,NFO,1.000000,260001,False
96519,NBCC27OCT26105CE,NBCC,27OCT2026,10500.000000,6500,OPTSTK,NFO,1.000000,260001,False
96521,NBCC27OCT26110CE,NBCC,27OCT2026,11000.000000,6500,OPTSTK,NFO,1.000000,260001,False
96560,CIPLA29SEP261180PE,CIPLA,29SEP2026,118000.000000,425,OPTSTK,NFO,5.000000,17001,False
96561,CIPLA29SEP261200CE,CIPLA,29SEP2026,120000.000000,425,OPTSTK,NFO,5.000000,17001,False
96566,CIPLA29SEP261240PE,CIPLA,29SEP2026,124000.000000,425,OPTSTK,NFO,5.000000,17001,False
96587,NESTLEIND29SEP261390CE,NESTLEIND,29SEP2026,139000.000000,500,OPTSTK,NFO,5.000000,15001,False
96608,NESTLEIND29SEP261590PE,NESTLEIND,29SEP2026,159000.000000,500,OPTSTK,NFO,5.000000,15001,False
96642,CIPLA29SEP261380CE,CIPLA,29SEP2026,138000.000000,425,OPTSTK,NFO,5.000000,17001,False
96655,HCLTECH23NOV261100CE,HCLTECH,23NOV2026,110000.000000,400,OPTSTK,NFO,5.000000,20001,False
96661,CIPLA29SEP261440CE,CIPLA,29SEP2026,144000.000000,425,OPTSTK,NFO,5.000000,17001,False
96665,CIPLA29SEP261480CE,CIPLA,29SEP2026,148000.000000,425,OPTSTK,NFO,5.000000,17001,False
96696,CIPLA29SEP261620PE,CIPLA,29SEP2026,162000.000000,425,OPTSTK,NFO,5.000000,17001,False
96706,NESTLEIND27OCT261260PE,NESTLEIND,27OCT2026,126000.000000,500,OPTSTK,NFO,5.000000,15001,False
96721,NESTLEIND27OCT261420CE,NESTLEIND,27OCT2026,142000.000000,500,OPTSTK,NFO,5.000000,15001,False
96833,NESTLEIND27OCT261620PE,NESTLEIND,27OCT2026,162000.000000,500,OPTSTK,NFO,5.000000,15001,False
96856,HCLTECH23NOV261380CE,HCLTECH,23NOV2026,138000.000000,400,OPTSTK,NFO,5.000000,20001,False
96858,HCLTECH23NOV261380PE,HCLTECH,23NOV2026,138000.000000,400,OPTSTK,NFO,5.000000,20001,False
96864,HCLTECH23NOV261440PE,HCLTECH,23NOV2026,144000.000000,400,OPTSTK,NFO,5.000000,20001,False
96908,COALINDIA29SEP26340PE,COALINDIA,29SEP2026,34000.000000,1350,OPTSTK,NFO,5.000000,54001,False
96920,COALINDIA29SEP26400PE,COALINDIA,29SEP2026,40000.000000,1350,OPTSTK,NFO,5.000000,54001,False
96923,COALINDIA29SEP26420CE,COALINDIA,29SEP2026,42000.000000,1350,OPTSTK,NFO,5.000000,54001,False
97010,NHPC29SEP2673PE,NHPC,29SEP2026,7300.000000,6950,OPTSTK,NFO,1.000000,278001,False
97013,NHPC29SEP2677CE,NHPC,29SEP2026,7700.000000,6950,OPTSTK,NFO,1.000000,278001,False
97062,NHPC27OCT2664PE,NHPC,27OCT2026,6400.000000,6950,OPTSTK,NFO,1.000000,278001,False
97064,NHPC27OCT2666PE,NHPC,27OCT2026,6600.000000,6950,OPTSTK,NFO,1.000000,278001,False
97084,HDFCAMC27OCT262150PE,HDFCAMC,27OCT2026,215000.000000,300,OPTSTK,NFO,5.000000,9001,False
97090,HDFCAMC27OCT262450PE,HDFCAMC,27OCT2026,245000.000000,300,OPTSTK,NFO,5.000000,9001,False
97094,HDFCAMC27OCT262650PE,HDFCAMC,27OCT2026,265000.000000,300,OPTSTK,NFO,5.000000,9001,False
97170,HDFCAMC23NOV262000PE,HDFCAMC,23NOV2026,200000.000000,300,OPTSTK,NFO,5.000000,9001,False
97183,HDFCAMC23NOV262300CE,HDFCAMC,23NOV2026,230000.000000,300,OPTSTK,NFO,5.000000,9001,False
97189,HDFCAMC23NOV262600CE,HDFCAMC,23NOV2026,260000.000000,300,OPTSTK,NFO,5.000000,9001,False
97190,HDFCAMC23NOV262600PE,HDFCAMC,23NOV2026,260000.000000,300,OPTSTK,NFO,5.000000,9001,False
97322,HDFCBANK27OCT26650PE,HDFCBANK,27OCT2026,65000.000000,650,OPTSTK,NFO,5.000000,32501,False
97371,COCHINSHIP29SEP261560CE,COCHINSHIP,29SEP2026,156000.000000,400,OPTSTK,NFO,5.000000,16001,False
97495,NMDC29SEP2675CE,NMDC,29SEP2026,7500.000000,6750,OPTSTK,NFO,1.000000,270001,False
97511,NMDC29SEP2677PE,NMDC,29SEP2026,7700.000000,6750,OPTSTK,NFO,1.000000,270001,False
97514,NMDC29SEP2681CE,NMDC,29SEP2026,8100.000000,6750,OPTSTK,NFO,1.000000,270001,False
97538,HDFCBANK23NOV26780CE,HDFCBANK,23NOV2026,78000.000000,650,OPTSTK,NFO,5.000000,32501,False
97589,NMDC29SEP2697PE,NMDC,29SEP2026,9700.000000,6750,OPTSTK,NFO,1.000000,270001,False
97680,NMDC27OCT2678PE,NMDC,27OCT2026,7800.000000,6750,OPTSTK,NFO,1.000000,270001,False
97707,NMDC27OCT2696PE,NMDC,27OCT2026,9600.000000,6750,OPTSTK,NFO,1.000000,270001,False
97714,HDFCLIFE27OCT26545PE,HDFCLIFE,27OCT2026,54500.000000,1100,OPTSTK,NFO,5.000000,44001,False
97715,NMDC27OCT2698PE,NMDC,27OCT2026,9800.000000,6750,OPTSTK,NFO,1.000000,270001,False
97716,HDFCLIFE27OCT26555CE,HDFCLIFE,27OCT2026,55500.000000,1100,OPTSTK,NFO,5.000000,44001,False
97792,NTPC29SEP26295CE,NTPC,29SEP2026,29500.000000,1500,OPTSTK,NFO,5.000000,75001,False
97726,HDFCLIFE27OCT26605CE,HDFCLIFE,27OCT2026,60500.000000,1100,OPTSTK,NFO,5.000000,44001,False
97732,NMDC27OCT26100CE,NMDC,27OCT2026,10000.000000,6750,OPTSTK,NFO,1.000000,270001,False
97751,NMDC27OCT26102CE,NMDC,27OCT2026,10200.000000,6750,OPTSTK,NFO,1.000000,270001,False
97799,NTPC29SEP26315CE,NTPC,29SEP2026,31500.000000,1500,OPTSTK,NFO,5.000000,75001,False
97800,NTPC29SEP26315PE,NTPC,29SEP2026,31500.000000,1500,OPTSTK,NFO,5.000000,75001,False
97811,NTPC29SEP26355PE,NTPC,29SEP2026,35500.000000,1500,OPTSTK,NFO,5.000000,75001,False
97815,COFORGE29SEP261560CE,COFORGE,29SEP2026,156000.000000,475,OPTSTK,NFO,5.000000,14251,False
97819,COFORGE29SEP261640CE,COFORGE,29SEP2026,164000.000000,475,OPTSTK,NFO,5.000000,14251,False
97826,COFORGE29SEP261760PE,COFORGE,29SEP2026,176000.000000,475,OPTSTK,NFO,5.000000,14251,False
97848,COFORGE29SEP261920PE,COFORGE,29SEP2026,192000.000000,475,OPTSTK,NFO,5.000000,14251,False
97923,NTPC27OCT26280CE,NTPC,27OCT2026,28000.000000,1500,OPTSTK,NFO,5.000000,75001,False
97942,NTPC27OCT26310PE,NTPC,27OCT2026,31000.000000,1500,OPTSTK,NFO,5.000000,75001,False
98012,NYKAA29SEP26315PE,NYKAA,29SEP2026,31500.000000,3125,OPTSTK,NFO,5.000000,93751,False
98015,NYKAA29SEP26335CE,NYKAA,29SEP2026,33500.000000,3125,OPTSTK,NFO,5.000000,93751,False
98016,NYKAA29SEP26335PE,NYKAA,29SEP2026,33500.000000,3125,OPTSTK,NFO,5.000000,93751,False
98019,NYKAA29SEP26345PE,NYKAA,29SEP2026,34500.000000,3125,OPTSTK,NFO,5.000000,93751,False
98021,NYKAA29SEP26355PE,NYKAA,29SEP2026,35500.000000,3125,OPTSTK,NFO,5.000000,93751,False
98042,NYKAA29SEP26375PE,NYKAA,29SEP2026,37500.000000,3125,OPTSTK,NFO,5.000000,93751,False
98077,NYKAA27OCT26310CE,NYKAA,27OCT2026,31000.000000,3125,OPTSTK,NFO,5.000000,93751,False
98146,COLPAL29SEP261840CE,COLPAL,29SEP2026,184000.000000,275,OPTSTK,NFO,5.000000,11001,False
98167,COLPAL29SEP261880PE,COLPAL,29SEP2026,188000.000000,275,OPTSTK,NFO,5.000000,11001,False
98168,COLPAL29SEP261920CE,COLPAL,29SEP2026,192000.000000,275,OPTSTK,NFO,5.000000,11001,False
98170,COLPAL29SEP261960CE,COLPAL,29SEP2026,196000.000000,275,OPTSTK,NFO,5.000000,11001,False
98214,HDFCLIFE23NOV26440CE,HDFCLIFE,23NOV2026,44000.000000,1100,OPTSTK,NFO,5.000000,44001,False
98230,HDFCLIFE23NOV26520CE,HDFCLIFE,23NOV2026,52000.000000,1100,OPTSTK,NFO,5.000000,44001,False
98301,OBEROIRLTY29SEP261820CE,OBEROIRLTY,29SEP2026,182000.000000,350,OPTSTK,NFO,5.000000,14001,False
98303,OBEROIRLTY29SEP261820PE,OBEROIRLTY,29SEP2026,182000.000000,350,OPTSTK,NFO,5.000000,14001,False
98311,OBEROIRLTY29SEP261940PE,OBEROIRLTY,29SEP2026,194000.000000,350,OPTSTK,NFO,5.000000,14001,False
98314,OBEROIRLTY29SEP261980PE,OBEROIRLTY,29SEP2026,198000.000000,350,OPTSTK,NFO,5.000000,14001,False
98324,OBEROIRLTY29SEP262100CE,OBEROIRLTY,29SEP2026,210000.000000,350,OPTSTK,NFO,5.000000,14001,False
98369,COLPAL29SEP262160PE,COLPAL,29SEP2026,216000.000000,275,OPTSTK,NFO,5.000000,11001,False
98386,COLPAL29SEP262480PE,COLPAL,29SEP2026,248000.000000,275,OPTSTK,NFO,5.000000,11001,False
98440,OBEROIRLTY27OCT261680PE,OBEROIRLTY,27OCT2026,168000.000000,350,OPTSTK,NFO,5.000000,14001,False
98446,OBEROIRLTY27OCT261800PE,OBEROIRLTY,27OCT2026,180000.000000,350,OPTSTK,NFO,5.000000,14001,False
98456,HEROMOTOCO23NOV265000CE,HEROMOTOCO,23NOV2026,500000.000000,150,OPTSTK,NFO,5.000000,4501,False
98469,OBEROIRLTY27OCT262000CE,OBEROIRLTY,27OCT2026,200000.000000,350,OPTSTK,NFO,5.000000,14001,False
98470,HEROMOTOCO23NOV265400PE,HEROMOTOCO,23NOV2026,540000.000000,150,OPTSTK,NFO,5.000000,4501,False
98474,HEROMOTOCO23NOV265800PE,HEROMOTOCO,23NOV2026,580000.000000,150,OPTSTK,NFO,5.000000,4501,False
98512,OBEROIRLTY27OCT262000PE,OBEROIRLTY,27OCT2026,200000.000000,350,OPTSTK,NFO,5.000000,14001,False
98515,OBEROIRLTY27OCT262040PE,OBEROIRLTY,27OCT2026,204000.000000,350,OPTSTK,NFO,5.000000,14001,False
98624,OFSS29SEP2610700CE,OFSS,29SEP2026,1070000.000000,100,OPTSTK,NFO,5.000000,2001,False
98628,OFSS29SEP2611100CE,OFSS,29SEP2026,1110000.000000,100,OPTSTK,NFO,5.000000,2001,False
98631,OFSS29SEP2611300PE,OFSS,29SEP2026,1130000.000000,100,OPTSTK,NFO,5.000000,2001,False
98639,OFSS29SEP2612100PE,OFSS,29SEP2026,1210000.000000,100,OPTSTK,NFO,5.000000,2001,False
98644,OFSS29SEP2612500CE,OFSS,29SEP2026,1250000.000000,100,OPTSTK,NFO,5.000000,2001,False
98733,CONCOR29SEP26460PE,CONCOR,29SEP2026,46000.000000,1250,OPTSTK,NFO,5.000000,50001,False
98747,CONCOR29SEP26500PE,CONCOR,29SEP2026,50000.000000,1250,OPTSTK,NFO,5.000000,50001,False
98756,HINDALCO23NOV261000CE,HINDALCO,23NOV2026,100000.000000,700,OPTSTK,NFO,5.000000,21001,False
98774,CONCOR29SEP26600CE,CONCOR,29SEP2026,60000.000000,1250,OPTSTK,NFO,5.000000,50001,False
98799,HINDALCO23NOV261120PE,HINDALCO,23NOV2026,112000.000000,700,OPTSTK,NFO,5.000000,21001,False
98800,HINDALCO23NOV261160CE,HINDALCO,23NOV2026,116000.000000,700,OPTSTK,NFO,5.000000,21001,False
98831,HINDPETRO27OCT26350PE,HINDPETRO,27OCT2026,35000.000000,2025,OPTSTK,NFO,5.000000,60751,False
98864,CROMPTON29SEP26190PE,CROMPTON,29SEP2026,19000.000000,2150,OPTSTK,NFO,1.000000,86001,False
98882,CROMPTON29SEP26220CE,CROMPTON,29SEP2026,22000.000000,2150,OPTSTK,NFO,1.000000,86001,False
98922,CROMPTON29SEP26260PE,CROMPTON,29SEP2026,26000.000000,2150,OPTSTK,NFO,1.000000,86001,False
98929,OFSS27OCT2611400CE,OFSS,27OCT2026,1140000.000000,100,OPTSTK,NFO,5.000000,2001,False
98938,OFSS27OCT2612000PE,OFSS,27OCT2026,1200000.000000,100,OPTSTK,NFO,5.000000,2001,False
98941,OFSS27OCT2612400CE,OFSS,27OCT2026,1240000.000000,100,OPTSTK,NFO,5.000000,2001,False
98943,OFSS27OCT2612400PE,OFSS,27OCT2026,1240000.000000,100,OPTSTK,NFO,5.000000,2001,False
99015,HINDPETRO23NOV26420CE,HINDPETRO,23NOV2026,42000.000000,2025,OPTSTK,NFO,5.000000,60751,False
98987,OFSS27OCT2613200CE,OFSS,27OCT2026,1320000.000000,100,OPTSTK,NFO,5.000000,2001,False
98990,OFSS27OCT2613400CE,OFSS,27OCT2026,1340000.000000,100,OPTSTK,NFO,5.000000,2001,False
98998,HINDPETRO23NOV26340PE,HINDPETRO,23NOV2026,34000.000000,2025,OPTSTK,NFO,5.000000,60751,False
99029,OFSS27OCT2614000CE,OFSS,27OCT2026,1400000.000000,100,OPTSTK,NFO,5.000000,2001,False
99031,CUMMINSIND29SEP264600PE,CUMMINSIND,29SEP2026,460000.000000,200,OPTSTK,NFO,5.000000,4001,False
99057,CUMMINSIND29SEP264800CE,CUMMINSIND,29SEP2026,480000.000000,200,OPTSTK,NFO,5.000000,4001,False
99058,CUMMINSIND29SEP264800PE,CUMMINSIND,29SEP2026,480000.000000,200,OPTSTK,NFO,5.000000,4001,False
99092,CUMMINSIND29SEP265800CE,CUMMINSIND,29SEP2026,580000.000000,200,OPTSTK,NFO,5.000000,4001,False
99115,OIL29SEP26435PE,OIL,29SEP2026,43500.000000,1400,OPTSTK,NFO,5.000000,56001,False
99143,OIL29SEP26505PE,OIL,29SEP2026,50500.000000,1400,OPTSTK,NFO,5.000000,56001,False
99145,OIL29SEP26515CE,OIL,29SEP2026,51500.000000,1400,OPTSTK,NFO,5.000000,56001,False
99147,HINDUNILVR27OCT261700PE,HINDUNILVR,27OCT2026,170000.000000,300,OPTSTK,NFO,5.000000,12001,False
99148,HINDUNILVR27OCT261740CE,HINDUNILVR,27OCT2026,174000.000000,300,OPTSTK,NFO,5.000000,12001,False
99151,OIL29SEP26525CE,OIL,29SEP2026,52500.000000,1400,OPTSTK,NFO,5.000000,56001,False
99155,OIL29SEP26535CE,OIL,29SEP2026,53500.000000,1400,OPTSTK,NFO,5.000000,56001,False
99193,HINDUNILVR27OCT261780PE,HINDUNILVR,27OCT2026,178000.000000,300,OPTSTK,NFO,5.000000,12001,False
99221,HINDUNILVR27OCT261980CE,HINDUNILVR,27OCT2026,198000.000000,300,OPTSTK,NFO,5.000000,12001,False
99268,OIL27OCT26430CE,OIL,27OCT2026,43000.000000,1400,OPTSTK,NFO,5.000000,56001,False
99275,OIL27OCT26460PE,OIL,27OCT2026,46000.000000,1400,OPTSTK,NFO,5.000000,56001,False
99289,DABUR29SEP26330PE,DABUR,29SEP2026,33000.000000,1250,OPTSTK,NFO,5.000000,50001,False
99302,DABUR29SEP26390CE,DABUR,29SEP2026,39000.000000,1250,OPTSTK,NFO,5.000000,50001,False
99286,OIL27OCT26500CE,OIL,27OCT2026,50000.000000,1400,OPTSTK,NFO,5.000000,56001,False
99301,DABUR29SEP26380PE,DABUR,29SEP2026,38000.000000,1250,OPTSTK,NFO,5.000000,50001,False
99337,OIL27OCT26530PE,OIL,27OCT2026,53000.000000,1400,OPTSTK,NFO,5.000000,56001,False
99344,OIL27OCT26560CE,OIL,27OCT2026,56000.000000,1400,OPTSTK,NFO,5.000000,56001,False
99381,HINDUNILVR27OCT262140CE,HINDUNILVR,27OCT2026,214000.000000,300,OPTSTK,NFO,5.000000,12001,False
99394,ONGC29SEP26207.5PE,ONGC,29SEP2026,20750.000000,2250,OPTSTK,NFO,1.000000,90001,False
99413,ONGC29SEP26242.5CE,ONGC,29SEP2026,24250.000000,2250,OPTSTK,NFO,1.000000,90001,False
99449,ONGC29SEP26262.5CE,ONGC,29SEP2026,26250.000000,2250,OPTSTK,NFO,1.000000,90001,False
99535,HINDUNILVR23NOV261680PE,HINDUNILVR,23NOV2026,168000.000000,300,OPTSTK,NFO,5.000000,12001,False
99562,ONGC27OCT26195CE,ONGC,27OCT2026,19500.000000,2250,OPTSTK,NFO,1.000000,90001,False
99572,HINDUNILVR23NOV261960PE,HINDUNILVR,23NOV2026,196000.000000,300,OPTSTK,NFO,5.000000,12001,False
99583,ONGC27OCT26210CE,ONGC,27OCT2026,21000.000000,2250,OPTSTK,NFO,1.000000,90001,False
99587,HINDUNILVR23NOV262200CE,HINDUNILVR,23NOV2026,220000.000000,300,OPTSTK,NFO,5.000000,12001,False
99605,HINDUNILVR23NOV262320PE,HINDUNILVR,23NOV2026,232000.000000,300,OPTSTK,NFO,5.000000,12001,False
99607,ONGC27OCT26245CE,ONGC,27OCT2026,24500.000000,2250,OPTSTK,NFO,1.000000,90001,False
99615,ONGC27OCT26265CE,ONGC,27OCT2026,26500.000000,2250,OPTSTK,NFO,1.000000,90001,False
99749,DELHIVERY29SEP26380PE,DELHIVERY,29SEP2026,38000.000000,2075,OPTSTK,NFO,5.000000,62251,False
99802,PAGEIND29SEP2638500PE,PAGEIND,29SEP2026,3850000.000000,20,OPTSTK,NFO,5.000000,601,False
99821,DELHIVERY29SEP26460PE,DELHIVERY,29SEP2026,46000.000000,2075,OPTSTK,NFO,5.000000,62251,False
99822,PAGEIND29SEP2641500CE,PAGEIND,29SEP2026,4150000.000000,20,OPTSTK,NFO,5.000000,601,False
99823,PAGEIND29SEP2641500PE,PAGEIND,29SEP2026,4150000.000000,20,OPTSTK,NFO,5.000000,601,False
99936,PAGEIND27OCT2630000PE,PAGEIND,27OCT2026,3000000.000000,20,OPTSTK,NFO,5.000000,601,False
83433,CGPOWER23NOV26720CE,CGPOWER,23NOV2026,72000.000000,850,OPTSTK,NFO,5.000000,25501,False
83434,CGPOWER23NOV26720PE,CGPOWER,23NOV2026,72000.000000,850,OPTSTK,NFO,5.000000,25501,False
83459,CGPOWER23NOV26880CE,CGPOWER,23NOV2026,88000.000000,850,OPTSTK,NFO,5.000000,25501,False
99948,PAGEIND27OCT2636000PE,PAGEIND,27OCT2026,3600000.000000,20,OPTSTK,NFO,5.000000,601,False
83476,CGPOWER23NOV261120CE,CGPOWER,23NOV2026,112000.000000,850,OPTSTK,NFO,5.000000,25501,False
83489,INFY27OCT261320PE,INFY,27OCT2026,132000.000000,400,OPTSTK,NFO,5.000000,20001,False
83490,INFY27OCT261360CE,INFY,27OCT2026,136000.000000,400,OPTSTK,NFO,5.000000,20001,False
83656,CHOLAFIN27OCT261700CE,CHOLAFIN,27OCT2026,170000.000000,625,OPTSTK,NFO,5.000000,12501,False
83673,CHOLAFIN27OCT262020PE,CHOLAFIN,27OCT2026,202000.000000,625,OPTSTK,NFO,5.000000,12501,False
83722,INOXWIND27OCT2690PE,INOXWIND,27OCT2026,9000.000000,6400,OPTSTK,NFO,1.000000,256001,False
83746,CHOLAFIN23NOV261680CE,CHOLAFIN,23NOV2026,168000.000000,625,OPTSTK,NFO,5.000000,12501,False
83752,CHOLAFIN23NOV261800CE,CHOLAFIN,23NOV2026,180000.000000,625,OPTSTK,NFO,5.000000,12501,False
83754,CHOLAFIN23NOV261840CE,CHOLAFIN,23NOV2026,184000.000000,625,OPTSTK,NFO,5.000000,12501,False
83762,CHOLAFIN23NOV261920PE,CHOLAFIN,23NOV2026,192000.000000,625,OPTSTK,NFO,5.000000,12501,False
83768,CHOLAFIN23NOV262000PE,CHOLAFIN,23NOV2026,200000.000000,625,OPTSTK,NFO,5.000000,12501,False
83816,ANGELONE29SEP26270CE,ANGELONE,29SEP2026,27000.000000,2500,OPTSTK,NFO,5.000000,75001,False
83827,ANGELONE29SEP26310PE,ANGELONE,29SEP2026,31000.000000,2500,OPTSTK,NFO,5.000000,75001,False
83833,ANGELONE29SEP26340PE,ANGELONE,29SEP2026,34000.000000,2500,OPTSTK,NFO,5.000000,75001,False
83947,CIPLA27OCT261430PE,CIPLA,27OCT2026,143000.000000,425,OPTSTK,NFO,5.000000,17001,False
83950,CIPLA27OCT261450PE,CIPLA,27OCT2026,145000.000000,425,OPTSTK,NFO,5.000000,17001,False
83980,IOC29SEP26132.5CE,IOC,29SEP2026,13250.000000,4875,OPTSTK,NFO,1.000000,195001,False
83995,IOC29SEP26157.5PE,IOC,29SEP2026,15750.000000,4875,OPTSTK,NFO,1.000000,195001,False
84219,CIPLA23NOV261300CE,CIPLA,23NOV2026,130000.000000,425,OPTSTK,NFO,5.000000,17001,False
84223,CIPLA23NOV261300PE,CIPLA,23NOV2026,130000.000000,425,OPTSTK,NFO,5.000000,17001,False
84224,CIPLA23NOV261320CE,CIPLA,23NOV2026,132000.000000,425,OPTSTK,NFO,5.000000,17001,False
84225,APLAPOLLO29SEP262200CE,APLAPOLLO,29SEP2026,220000.000000,350,OPTSTK,NFO,5.000000,10501,False
84228,APLAPOLLO29SEP262240PE,APLAPOLLO,29SEP2026,224000.000000,350,OPTSTK,NFO,5.000000,10501,False
84242,CIPLA23NOV261360PE,CIPLA,23NOV2026,136000.000000,425,OPTSTK,NFO,5.000000,17001,False
84245,CIPLA23NOV261400CE,CIPLA,23NOV2026,140000.000000,425,OPTSTK,NFO,5.000000,17001,False
84260,CIPLA23NOV261540PE,CIPLA,23NOV2026,154000.000000,425,OPTSTK,NFO,5.000000,17001,False
84270,CIPLA23NOV261600CE,CIPLA,23NOV2026,160000.000000,425,OPTSTK,NFO,5.000000,17001,False
84273,IOC27OCT26125CE,IOC,27OCT2026,12500.000000,4875,OPTSTK,NFO,1.000000,195001,False
84274,IOC27OCT26125PE,IOC,27OCT2026,12500.000000,4875,OPTSTK,NFO,1.000000,195001,False
84275,IOC27OCT26130CE,IOC,27OCT2026,13000.000000,4875,OPTSTK,NFO,1.000000,195001,False
84276,IOC27OCT26130PE,IOC,27OCT2026,13000.000000,4875,OPTSTK,NFO,1.000000,195001,False
84279,IOC27OCT26140CE,IOC,27OCT2026,14000.000000,4875,OPTSTK,NFO,1.000000,195001,False
84280,IOC27OCT26140PE,IOC,27OCT2026,14000.000000,4875,OPTSTK,NFO,1.000000,195001,False
84322,IREDA29SEP26117.5PE,IREDA,29SEP2026,11750.000000,4525,OPTSTK,NFO,1.000000,181001,False
84404,COALINDIA27OCT26365CE,COALINDIA,27OCT2026,36500.000000,1350,OPTSTK,NFO,5.000000,54001,False
84414,COALINDIA27OCT26385CE,COALINDIA,27OCT2026,38500.000000,1350,OPTSTK,NFO,5.000000,54001,False
84415,COALINDIA27OCT26385PE,COALINDIA,27OCT2026,38500.000000,1350,OPTSTK,NFO,5.000000,54001,False
84421,COALINDIA27OCT26415PE,COALINDIA,27OCT2026,41500.000000,1350,OPTSTK,NFO,5.000000,54001,False
84432,COALINDIA27OCT26475CE,COALINDIA,27OCT2026,47500.000000,1350,OPTSTK,NFO,5.000000,54001,False
84520,IREDA27OCT2695PE,IREDA,27OCT2026,9500.000000,4525,OPTSTK,NFO,1.000000,181001,False
84524,IREDA27OCT26100PE,IREDA,27OCT2026,10000.000000,4525,OPTSTK,NFO,1.000000,181001,False
84538,IREDA27OCT26130CE,IREDA,27OCT2026,13000.000000,4525,OPTSTK,NFO,1.000000,181001,False
84554,APOLLOHOSP29SEP267800PE,APOLLOHOSP,29SEP2026,780000.000000,125,OPTSTK,NFO,5.000000,2501,False
84565,APOLLOHOSP29SEP269000CE,APOLLOHOSP,29SEP2026,900000.000000,125,OPTSTK,NFO,5.000000,2501,False
84566,APOLLOHOSP29SEP269000PE,APOLLOHOSP,29SEP2026,900000.000000,125,OPTSTK,NFO,5.000000,2501,False
84571,APOLLOHOSP29SEP269400PE,APOLLOHOSP,29SEP2026,940000.000000,125,OPTSTK,NFO,5.000000,2501,False
84572,APOLLOHOSP29SEP269600CE,APOLLOHOSP,29SEP2026,960000.000000,125,OPTSTK,NFO,5.000000,2501,False
84580,APOLLOHOSP29SEP2610200CE,APOLLOHOSP,29SEP2026,1020000.000000,125,OPTSTK,NFO,5.000000,2501,False
84728,COALINDIA23NOV26340PE,COALINDIA,23NOV2026,34000.000000,1350,OPTSTK,NFO,5.000000,54001,False
84764,ASHOKLEY29SEP26145CE,ASHOKLEY,29SEP2026,14500.000000,5000,OPTSTK,NFO,1.000000,150001,False
84770,IRFC29SEP2687PE,IRFC,29SEP2026,8700.000000,5425,OPTSTK,NFO,1.000000,271251,False
84772,COALINDIA23NOV26420PE,COALINDIA,23NOV2026,42000.000000,1350,OPTSTK,NFO,5.000000,54001,False
84783,COALINDIA23NOV26480CE,COALINDIA,23NOV2026,48000.000000,1350,OPTSTK,NFO,5.000000,54001,False
84805,COCHINSHIP27OCT261220CE,COCHINSHIP,27OCT2026,122000.000000,400,OPTSTK,NFO,5.000000,16001,False
84812,COCHINSHIP27OCT261340PE,COCHINSHIP,27OCT2026,134000.000000,400,OPTSTK,NFO,5.000000,16001,False
84820,COCHINSHIP27OCT261500PE,COCHINSHIP,27OCT2026,150000.000000,400,OPTSTK,NFO,5.000000,16001,False
84910,COCHINSHIP23NOV261400CE,COCHINSHIP,23NOV2026,140000.000000,400,OPTSTK,NFO,5.000000,16001,False
84936,ASHOKLEY29SEP26175PE,ASHOKLEY,29SEP2026,17500.000000,5000,OPTSTK,NFO,1.000000,150001,False
84939,ASHOKLEY29SEP26185CE,ASHOKLEY,29SEP2026,18500.000000,5000,OPTSTK,NFO,1.000000,150001,False
84996,COCHINSHIP23NOV261720CE,COCHINSHIP,23NOV2026,172000.000000,400,OPTSTK,NFO,5.000000,16001,False
85028,IRFC27OCT2672CE,IRFC,27OCT2026,7200.000000,5425,OPTSTK,NFO,1.000000,271251,False
85038,IRFC27OCT2678PE,IRFC,27OCT2026,7800.000000,5425,OPTSTK,NFO,1.000000,271251,False
85048,IRFC27OCT2684PE,IRFC,27OCT2026,8400.000000,5425,OPTSTK,NFO,1.000000,271251,False
85053,IRFC27OCT2686CE,IRFC,27OCT2026,8600.000000,5425,OPTSTK,NFO,1.000000,271251,False
85088,COFORGE27OCT261820CE,COFORGE,27OCT2026,182000.000000,475,OPTSTK,NFO,5.000000,14251,False
85098,IRFC27OCT2692PE,IRFC,27OCT2026,9200.000000,5425,OPTSTK,NFO,1.000000,271251,False
85164,COFORGE27OCT262020PE,COFORGE,27OCT2026,202000.000000,475,OPTSTK,NFO,5.000000,14251,False
85232,COFORGE23NOV261800CE,COFORGE,23NOV2026,180000.000000,475,OPTSTK,NFO,5.000000,14251,False
85250,COFORGE23NOV261840CE,COFORGE,23NOV2026,184000.000000,475,OPTSTK,NFO,5.000000,14251,False
85280,COFORGE23NOV261880PE,COFORGE,23NOV2026,188000.000000,475,OPTSTK,NFO,5.000000,14251,False
85310,COFORGE23NOV262080CE,COFORGE,23NOV2026,208000.000000,475,OPTSTK,NFO,5.000000,14251,False
85322,COFORGE23NOV262080PE,COFORGE,23NOV2026,208000.000000,475,OPTSTK,NFO,5.000000,14251,False
85327,COFORGE23NOV262200CE,COFORGE,23NOV2026,220000.000000,475,OPTSTK,NFO,5.000000,14251,False
85387,ITC29SEP26237.5CE,ITC,29SEP2026,23750.000000,1725,OPTSTK,NFO,5.000000,86251,False
85399,ITC29SEP26247.5PE,ITC,29SEP2026,24750.000000,1725,OPTSTK,NFO,5.000000,86251,False
85407,ITC29SEP26267.5PE,ITC,29SEP2026,26750.000000,1725,OPTSTK,NFO,5.000000,86251,False
85413,ITC29SEP26282.5PE,ITC,29SEP2026,28250.000000,1725,OPTSTK,NFO,5.000000,86251,False
85518,COLPAL27OCT261780CE,COLPAL,27OCT2026,178000.000000,275,OPTSTK,NFO,5.000000,11001,False
85533,COLPAL27OCT262060PE,COLPAL,27OCT2026,206000.000000,275,OPTSTK,NFO,5.000000,11001,False
85621,ASIANPAINT29SEP262600PE,ASIANPAINT,29SEP2026,260000.000000,250,OPTSTK,NFO,5.000000,10001,False
85646,ITC27OCT26245CE,ITC,27OCT2026,24500.000000,1725,OPTSTK,NFO,5.000000,86251,False
85654,ITC27OCT26265CE,ITC,27OCT2026,26500.000000,1725,OPTSTK,NFO,5.000000,86251,False
85656,ITC27OCT26270CE,ITC,27OCT2026,27000.000000,1725,OPTSTK,NFO,5.000000,86251,False
85659,ITC27OCT26275PE,ITC,27OCT2026,27500.000000,1725,OPTSTK,NFO,5.000000,86251,False
85662,ITC27OCT26285CE,ITC,27OCT2026,28500.000000,1725,OPTSTK,NFO,5.000000,86251,False
85663,ITC27OCT26285PE,ITC,27OCT2026,28500.000000,1725,OPTSTK,NFO,5.000000,86251,False
85669,ITC27OCT26300PE,ITC,27OCT2026,30000.000000,1725,OPTSTK,NFO,5.000000,86251,False
85677,ITC27OCT26320PE,ITC,27OCT2026,32000.000000,1725,OPTSTK,NFO,5.000000,86251,False
85691,ASIANPAINT29SEP262840PE,ASIANPAINT,29SEP2026,284000.000000,250,OPTSTK,NFO,5.000000,10001,False
85959,JINDALSTEL29SEP261020PE,JINDALSTEL,29SEP2026,102000.000000,625,OPTSTK,NFO,5.000000,18751,False
86043,JINDALSTEL27OCT261040CE,JINDALSTEL,27OCT2026,104000.000000,625,OPTSTK,NFO,5.000000,18751,False
86046,JINDALSTEL27OCT261080PE,JINDALSTEL,27OCT2026,108000.000000,625,OPTSTK,NFO,5.000000,18751,False
86050,JINDALSTEL27OCT261160PE,JINDALSTEL,27OCT2026,116000.000000,625,OPTSTK,NFO,5.000000,18751,False
86108,ASTRAL29SEP261720CE,ASTRAL,29SEP2026,172000.000000,425,OPTSTK,NFO,5.000000,17001,False
86111,ASTRAL29SEP261720PE,ASTRAL,29SEP2026,172000.000000,425,OPTSTK,NFO,5.000000,17001,False
86222,CONCOR23NOV26530CE,CONCOR,23NOV2026,53000.000000,1250,OPTSTK,NFO,5.000000,50001,False
86235,JIOFIN29SEP26212.5CE,JIOFIN,29SEP2026,21250.000000,2350,OPTSTK,NFO,1.000000,94001,False
86236,JIOFIN29SEP26212.5PE,JIOFIN,29SEP2026,21250.000000,2350,OPTSTK,NFO,1.000000,94001,False
86243,CONCOR23NOV26550PE,CONCOR,23NOV2026,55000.000000,1250,OPTSTK,NFO,5.000000,50001,False
86250,CONCOR23NOV26570PE,CONCOR,23NOV2026,57000.000000,1250,OPTSTK,NFO,5.000000,50001,False
86309,CROMPTON27OCT26215CE,CROMPTON,27OCT2026,21500.000000,2150,OPTSTK,NFO,1.000000,86001,False
86331,CROMPTON27OCT26245CE,CROMPTON,27OCT2026,24500.000000,2150,OPTSTK,NFO,1.000000,86001,False
86337,AUBANK29SEP26880PE,AUBANK,29SEP2026,88000.000000,1000,OPTSTK,NFO,5.000000,20001,False
86414,JIOFIN27OCT26240CE,JIOFIN,27OCT2026,24000.000000,2350,OPTSTK,NFO,1.000000,94001,False
86415,JIOFIN27OCT26240PE,JIOFIN,27OCT2026,24000.000000,2350,OPTSTK,NFO,1.000000,94001,False
86419,JIOFIN27OCT26250PE,JIOFIN,27OCT2026,25000.000000,2350,OPTSTK,NFO,1.000000,94001,False
86443,JIOFIN27OCT26290CE,JIOFIN,27OCT2026,29000.000000,2350,OPTSTK,NFO,1.000000,94001,False
86450,JIOFIN27OCT26300PE,JIOFIN,27OCT2026,30000.000000,2350,OPTSTK,NFO,1.000000,94001,False
86457,AUBANK29SEP261040PE,AUBANK,29SEP2026,104000.000000,1000,OPTSTK,NFO,5.000000,20001,False
86459,AUBANK29SEP261080PE,AUBANK,29SEP2026,108000.000000,1000,OPTSTK,NFO,5.000000,20001,False
86460,AUBANK29SEP261120CE,AUBANK,29SEP2026,112000.000000,1000,OPTSTK,NFO,5.000000,20001,False
86466,AUBANK29SEP261240CE,AUBANK,29SEP2026,124000.000000,1000,OPTSTK,NFO,5.000000,20001,False
86555,CUMMINSIND27OCT264700PE,CUMMINSIND,27OCT2026,470000.000000,200,OPTSTK,NFO,5.000000,4001,False
86557,CUMMINSIND27OCT264900PE,CUMMINSIND,27OCT2026,490000.000000,200,OPTSTK,NFO,5.000000,4001,False
86559,CUMMINSIND27OCT265100PE,CUMMINSIND,27OCT2026,510000.000000,200,OPTSTK,NFO,5.000000,4001,False
86639,JSWENERGY27OCT26500CE,JSWENERGY,27OCT2026,50000.000000,1075,OPTSTK,NFO,5.000000,43001,False
86642,JSWENERGY27OCT26520PE,JSWENERGY,27OCT2026,52000.000000,1075,OPTSTK,NFO,5.000000,43001,False
86696,JSWENERGY27OCT26620CE,JSWENERGY,27OCT2026,62000.000000,1075,OPTSTK,NFO,5.000000,43001,False
86732,CUMMINSIND23NOV264800PE,CUMMINSIND,23NOV2026,480000.000000,200,OPTSTK,NFO,5.000000,4001,False
86749,CUMMINSIND23NOV265800PE,CUMMINSIND,23NOV2026,580000.000000,200,OPTSTK,NFO,5.000000,4001,False
86751,CUMMINSIND23NOV266000PE,CUMMINSIND,23NOV2026,600000.000000,200,OPTSTK,NFO,5.000000,4001,False
86799,JSWSTEEL29SEP261260CE,JSWSTEEL,29SEP2026,126000.000000,675,OPTSTK,NFO,5.000000,20251,False
86846,DABUR27OCT26395CE,DABUR,27OCT2026,39500.000000,1250,OPTSTK,NFO,5.000000,50001,False
86853,DABUR27OCT26425PE,DABUR,27OCT2026,42500.000000,1250,OPTSTK,NFO,5.000000,50001,False
86970,AUROPHARMA29SEP261480PE,AUROPHARMA,29SEP2026,148000.000000,550,OPTSTK,NFO,5.000000,16501,False
86972,AUROPHARMA29SEP261520PE,AUROPHARMA,29SEP2026,152000.000000,550,OPTSTK,NFO,5.000000,16501,False
86988,JSWSTEEL27OCT261200CE,JSWSTEEL,27OCT2026,120000.000000,675,OPTSTK,NFO,5.000000,20251,False
87013,DABUR23NOV26320PE,DABUR,23NOV2026,32000.000000,1250,OPTSTK,NFO,5.000000,50001,False
87027,DABUR23NOV26340CE,DABUR,23NOV2026,34000.000000,1250,OPTSTK,NFO,5.000000,50001,False
87029,DABUR23NOV26350CE,DABUR,23NOV2026,35000.000000,1250,OPTSTK,NFO,5.000000,50001,False
87031,DABUR23NOV26360CE,DABUR,23NOV2026,36000.000000,1250,OPTSTK,NFO,5.000000,50001,False
87057,DABUR23NOV26440PE,DABUR,23NOV2026,44000.000000,1250,OPTSTK,NFO,5.000000,50001,False
87093,JSWSTEEL27OCT261520CE,JSWSTEEL,27OCT2026,152000.000000,675,OPTSTK,NFO,5.000000,20251,False
87229,JUBLFOOD29SEP26395CE,JUBLFOOD,29SEP2026,39500.000000,1250,OPTSTK,NFO,5.000000,50001,False
87235,JUBLFOOD29SEP26425CE,JUBLFOOD,29SEP2026,42500.000000,1250,OPTSTK,NFO,5.000000,50001,False
87245,JUBLFOOD29SEP26475CE,JUBLFOOD,29SEP2026,47500.000000,1250,OPTSTK,NFO,5.000000,50001,False
87248,JUBLFOOD29SEP26485PE,JUBLFOOD,29SEP2026,48500.000000,1250,OPTSTK,NFO,5.000000,50001,False
87290,DELHIVERY27OCT26405PE,DELHIVERY,27OCT2026,40500.000000,2075,OPTSTK,NFO,5.000000,62251,False
87304,DELHIVERY27OCT26465CE,DELHIVERY,27OCT2026,46500.000000,2075,OPTSTK,NFO,5.000000,62251,False
87353,JUBLFOOD27OCT26450PE,JUBLFOOD,27OCT2026,45000.000000,1250,OPTSTK,NFO,5.000000,50001,False
87359,JUBLFOOD27OCT26480CE,JUBLFOOD,27OCT2026,48000.000000,1250,OPTSTK,NFO,5.000000,50001,False
87363,JUBLFOOD27OCT26490PE,JUBLFOOD,27OCT2026,49000.000000,1250,OPTSTK,NFO,5.000000,50001,False
87367,DELHIVERY27OCT26495CE,DELHIVERY,27OCT2026,49500.000000,2075,OPTSTK,NFO,5.000000,62251,False
87380,JUBLFOOD27OCT26520PE,JUBLFOOD,27OCT2026,52000.000000,1250,OPTSTK,NFO,5.000000,50001,False
87436,KALYANKJIL29SEP26605CE,KALYANKJIL,29SEP2026,60500.000000,1350,OPTSTK,NFO,5.000000,40501,False
87457,KALYANKJIL29SEP26625CE,KALYANKJIL,29SEP2026,62500.000000,1350,OPTSTK,NFO,5.000000,40501,False
87507,DELHIVERY23NOV26400CE,DELHIVERY,23NOV2026,40000.000000,2075,OPTSTK,NFO,5.000000,62251,False
87534,DELHIVERY23NOV26450PE,DELHIVERY,23NOV2026,45000.000000,2075,OPTSTK,NFO,5.000000,62251,False
87536,DELHIVERY23NOV26460PE,DELHIVERY,23NOV2026,46000.000000,2075,OPTSTK,NFO,5.000000,62251,False
87548,DELHIVERY23NOV26510PE,DELHIVERY,23NOV2026,51000.000000,2075,OPTSTK,NFO,5.000000,62251,False
87549,DELHIVERY23NOV26520CE,DELHIVERY,23NOV2026,52000.000000,2075,OPTSTK,NFO,5.000000,62251,False
87556,DELHIVERY23NOV26540CE,DELHIVERY,23NOV2026,54000.000000,2075,OPTSTK,NFO,5.000000,62251,False
87614,BAJAJ-AUTO29SEP2610600PE,BAJAJ-AUTO,29SEP2026,1060000.000000,75,OPTSTK,NFO,5.000000,2251,False
87615,BAJAJ-AUTO29SEP2610800CE,BAJAJ-AUTO,29SEP2026,1080000.000000,75,OPTSTK,NFO,5.000000,2251,False
87632,BAJAJ-AUTO29SEP2612400PE,BAJAJ-AUTO,29SEP2026,1240000.000000,75,OPTSTK,NFO,5.000000,2251,False
87633,BAJAJ-AUTO29SEP2612600CE,BAJAJ-AUTO,29SEP2026,1260000.000000,75,OPTSTK,NFO,5.000000,2251,False
87728,KALYANKJIL27OCT26560CE,KALYANKJIL,27OCT2026,56000.000000,1350,OPTSTK,NFO,5.000000,40501,False
87739,KALYANKJIL27OCT26580PE,KALYANKJIL,27OCT2026,58000.000000,1350,OPTSTK,NFO,5.000000,40501,False
87741,KALYANKJIL27OCT26590PE,KALYANKJIL,27OCT2026,59000.000000,1350,OPTSTK,NFO,5.000000,40501,False
87749,KALYANKJIL27OCT26630PE,KALYANKJIL,27OCT2026,63000.000000,1350,OPTSTK,NFO,5.000000,40501,False
87819,DIVISLAB27OCT268900CE,DIVISLAB,27OCT2026,890000.000000,100,OPTSTK,NFO,5.000000,3001,False
87879,KAYNES29SEP263950PE,KAYNES,29SEP2026,395000.000000,150,OPTSTK,NFO,5.000000,6001,False
87896,DIVISLAB27OCT2610600PE,DIVISLAB,27OCT2026,1060000.000000,100,OPTSTK,NFO,5.000000,3001,False
87918,KAYNES27OCT263200CE,KAYNES,27OCT2026,320000.000000,150,OPTSTK,NFO,5.000000,6001,False
87921,KAYNES27OCT263300PE,KAYNES,27OCT2026,330000.000000,150,OPTSTK,NFO,5.000000,6001,False
87925,KAYNES27OCT263500PE,KAYNES,27OCT2026,350000.000000,150,OPTSTK,NFO,5.000000,6001,False
87928,KAYNES27OCT263700CE,KAYNES,27OCT2026,370000.000000,150,OPTSTK,NFO,5.000000,6001,False
87938,KAYNES27OCT263900CE,KAYNES,27OCT2026,390000.000000,150,OPTSTK,NFO,5.000000,6001,False
87939,KAYNES27OCT263900PE,KAYNES,27OCT2026,390000.000000,150,OPTSTK,NFO,5.000000,6001,False
87940,KAYNES27OCT264000CE,KAYNES,27OCT2026,400000.000000,150,OPTSTK,NFO,5.000000,6001,False
87970,KEI29SEP264500CE,KEI,29SEP2026,450000.000000,175,OPTSTK,NFO,5.000000,5251,False
88029,BAJAJFINSV29SEP261680PE,BAJAJFINSV,29SEP2026,168000.000000,300,OPTSTK,NFO,5.000000,12001,False
88047,BAJAJFINSV29SEP262040PE,BAJAJFINSV,29SEP2026,204000.000000,300,OPTSTK,NFO,5.000000,12001,False
88051,BAJAJFINSV29SEP262120PE,BAJAJFINSV,29SEP2026,212000.000000,300,OPTSTK,NFO,5.000000,12001,False
88062,BAJAJFINSV29SEP262400CE,BAJAJFINSV,29SEP2026,240000.000000,300,OPTSTK,NFO,5.000000,12001,False
88128,DIXON27OCT2612750PE,DIXON,27OCT2026,1275000.000000,50,OPTSTK,NFO,5.000000,1501,False
88133,DIXON27OCT2614250CE,DIXON,27OCT2026,1425000.000000,50,OPTSTK,NFO,5.000000,1501,False
88137,KEI27OCT264400CE,KEI,27OCT2026,440000.000000,175,OPTSTK,NFO,5.000000,5251,False
88150,KEI27OCT265000CE,KEI,27OCT2026,500000.000000,175,OPTSTK,NFO,5.000000,5251,False
88174,DIXON23NOV2612000CE,DIXON,23NOV2026,1200000.000000,50,OPTSTK,NFO,5.000000,1501,False
88190,DIXON23NOV2616000CE,DIXON,23NOV2026,1600000.000000,50,OPTSTK,NFO,5.000000,1501,False
88191,KEI27OCT265200PE,KEI,27OCT2026,520000.000000,175,OPTSTK,NFO,5.000000,5251,False
88202,KEI27OCT266200CE,KEI,27OCT2026,620000.000000,175,OPTSTK,NFO,5.000000,5251,False
88206,KEI27OCT266600CE,KEI,27OCT2026,660000.000000,175,OPTSTK,NFO,5.000000,5251,False
88229,KFINTECH29SEP26900CE,KFINTECH,29SEP2026,90000.000000,575,OPTSTK,NFO,5.000000,23001,False
88240,KFINTECH29SEP261060PE,KFINTECH,29SEP2026,106000.000000,575,OPTSTK,NFO,5.000000,23001,False
88286,KFINTECH27OCT26920PE,KFINTECH,27OCT2026,92000.000000,575,OPTSTK,NFO,5.000000,23001,False
88295,KFINTECH27OCT261040PE,KFINTECH,27OCT2026,104000.000000,575,OPTSTK,NFO,5.000000,23001,False
88379,KOTAKBANK29SEP26385CE,KOTAKBANK,29SEP2026,38500.000000,2000,OPTSTK,NFO,5.000000,60001,False
88393,KOTAKBANK29SEP26405PE,KOTAKBANK,29SEP2026,40500.000000,2000,OPTSTK,NFO,5.000000,60001,False
88394,KOTAKBANK29SEP26415CE,KOTAKBANK,29SEP2026,41500.000000,2000,OPTSTK,NFO,5.000000,60001,False
88395,KOTAKBANK29SEP26415PE,KOTAKBANK,29SEP2026,41500.000000,2000,OPTSTK,NFO,5.000000,60001,False
88402,KOTAKBANK29SEP26445CE,KOTAKBANK,29SEP2026,44500.000000,2000,OPTSTK,NFO,5.000000,60001,False
88468,DLF27OCT26630PE,DLF,27OCT2026,63000.000000,950,OPTSTK,NFO,5.000000,38001,False
88475,DLF27OCT26650PE,DLF,27OCT2026,65000.000000,950,OPTSTK,NFO,5.000000,38001,False
88483,BAJAJHLDNG29SEP2610000CE,BAJAJHLDNG,29SEP2026,1000000.000000,75,OPTSTK,NFO,5.000000,2251,False
88504,BAJAJHLDNG29SEP2610800PE,BAJAJHLDNG,29SEP2026,1080000.000000,75,OPTSTK,NFO,5.000000,2251,False
88515,BAJAJHLDNG29SEP2611800CE,BAJAJHLDNG,29SEP2026,1180000.000000,75,OPTSTK,NFO,5.000000,2251,False
88551,BAJAJHLDNG29SEP2612000PE,BAJAJHLDNG,29SEP2026,1200000.000000,75,OPTSTK,NFO,5.000000,2251,False
88557,BAJAJHLDNG29SEP2612200PE,BAJAJHLDNG,29SEP2026,1220000.000000,75,OPTSTK,NFO,5.000000,2251,False
88565,BAJAJHLDNG29SEP2612400PE,BAJAJHLDNG,29SEP2026,1240000.000000,75,OPTSTK,NFO,5.000000,2251,False
88566,BAJAJHLDNG29SEP2612600CE,BAJAJHLDNG,29SEP2026,1260000.000000,75,OPTSTK,NFO,5.000000,2251,False
88567,BAJAJHLDNG29SEP2612600PE,BAJAJHLDNG,29SEP2026,1260000.000000,75,OPTSTK,NFO,5.000000,2251,False
88568,BAJAJHLDNG29SEP2612800CE,BAJAJHLDNG,29SEP2026,1280000.000000,75,OPTSTK,NFO,5.000000,2251,False
88571,BAJAJHLDNG29SEP2613000PE,BAJAJHLDNG,29SEP2026,1300000.000000,75,OPTSTK,NFO,5.000000,2251,False
88591,KOTAKBANK27OCT26350CE,KOTAKBANK,27OCT2026,35000.000000,2000,OPTSTK,NFO,5.000000,60001,False
88598,KOTAKBANK27OCT26370CE,KOTAKBANK,27OCT2026,37000.000000,2000,OPTSTK,NFO,5.000000,60001,False
88600,KOTAKBANK27OCT26370PE,KOTAKBANK,27OCT2026,37000.000000,2000,OPTSTK,NFO,5.000000,60001,False
88615,DLF23NOV26620PE,DLF,23NOV2026,62000.000000,950,OPTSTK,NFO,5.000000,38001,False
88636,DLF23NOV26640PE,DLF,23NOV2026,64000.000000,950,OPTSTK,NFO,5.000000,38001,False
88638,DLF23NOV26660PE,DLF,23NOV2026,66000.000000,950,OPTSTK,NFO,5.000000,38001,False
88670,KOTAKBANK27OCT26480PE,KOTAKBANK,27OCT2026,48000.000000,2000,OPTSTK,NFO,5.000000,60001,False
88672,KOTAKBANK27OCT26490PE,KOTAKBANK,27OCT2026,49000.000000,2000,OPTSTK,NFO,5.000000,60001,False
88923,KPITTECH27OCT26620CE,KPITTECH,27OCT2026,62000.000000,775,OPTSTK,NFO,5.000000,38751,False
88925,KPITTECH27OCT26620PE,KPITTECH,27OCT2026,62000.000000,775,OPTSTK,NFO,5.000000,38751,False
88940,KPITTECH27OCT26720PE,KPITTECH,27OCT2026,72000.000000,775,OPTSTK,NFO,5.000000,38751,False
88971,DMART27OCT263950PE,DMART,27OCT2026,395000.000000,150,OPTSTK,NFO,5.000000,6001,False
89005,BAJFINANCE29SEP26960PE,BAJFINANCE,29SEP2026,96000.000000,750,OPTSTK,NFO,5.000000,22501,False
89006,BAJFINANCE29SEP26980CE,BAJFINANCE,29SEP2026,98000.000000,750,OPTSTK,NFO,5.000000,22501,False
89007,BAJFINANCE29SEP26980PE,BAJFINANCE,29SEP2026,98000.000000,750,OPTSTK,NFO,5.000000,22501,False
89010,BAJFINANCE29SEP261020CE,BAJFINANCE,29SEP2026,102000.000000,750,OPTSTK,NFO,5.000000,22501,False
89016,BAJFINANCE29SEP261060CE,BAJFINANCE,29SEP2026,106000.000000,750,OPTSTK,NFO,5.000000,22501,False
89023,BAJFINANCE29SEP261120PE,BAJFINANCE,29SEP2026,112000.000000,750,OPTSTK,NFO,5.000000,22501,False
89033,BAJFINANCE29SEP261180PE,BAJFINANCE,29SEP2026,118000.000000,750,OPTSTK,NFO,5.000000,22501,False
89037,BAJFINANCE29SEP261220PE,BAJFINANCE,29SEP2026,122000.000000,750,OPTSTK,NFO,5.000000,22501,False
89038,BAJFINANCE29SEP261240CE,BAJFINANCE,29SEP2026,124000.000000,750,OPTSTK,NFO,5.000000,22501,False
89058,LAURUSLABS29SEP261860CE,LAURUSLABS,29SEP2026,186000.000000,850,OPTSTK,NFO,5.000000,17001,False
89059,LAURUSLABS29SEP261860PE,LAURUSLABS,29SEP2026,186000.000000,850,OPTSTK,NFO,5.000000,17001,False
89071,BANDHANBNK29SEP26140PE,BANDHANBNK,29SEP2026,14000.000000,3600,OPTSTK,NFO,1.000000,108001,False
89079,LAURUSLABS29SEP262020CE,LAURUSLABS,29SEP2026,202000.000000,850,OPTSTK,NFO,5.000000,17001,False
89094,BANDHANBNK29SEP26210PE,BANDHANBNK,29SEP2026,21000.000000,3600,OPTSTK,NFO,1.000000,108001,False
89098,LAURUSLABS29SEP262120CE,LAURUSLABS,29SEP2026,212000.000000,850,OPTSTK,NFO,5.000000,17001,False
89152,LAURUSLABS27OCT261640PE,LAURUSLABS,27OCT2026,164000.000000,850,OPTSTK,NFO,5.000000,17001,False
89153,LAURUSLABS27OCT261680CE,LAURUSLABS,27OCT2026,168000.000000,850,OPTSTK,NFO,5.000000,17001,False
89154,LAURUSLABS27OCT261680PE,LAURUSLABS,27OCT2026,168000.000000,850,OPTSTK,NFO,5.000000,17001,False
89180,DMART23NOV263000PE,DMART,23NOV2026,300000.000000,150,OPTSTK,NFO,5.000000,6001,False
89182,LAURUSLABS27OCT261840PE,LAURUSLABS,27OCT2026,184000.000000,850,OPTSTK,NFO,5.000000,17001,False
89185,DMART23NOV263200CE,DMART,23NOV2026,320000.000000,150,OPTSTK,NFO,5.000000,6001,False
89192,DMART23NOV263500CE,DMART,23NOV2026,350000.000000,150,OPTSTK,NFO,5.000000,6001,False
89227,BANKBARODA29SEP26200CE,BANKBARODA,29SEP2026,20000.000000,2925,OPTSTK,NFO,1.000000,87751,False
89274,DRREDDY27OCT261050PE,DRREDDY,27OCT2026,105000.000000,625,OPTSTK,NFO,5.000000,18751,False
89282,DRREDDY27OCT261130PE,DRREDDY,27OCT2026,113000.000000,625,OPTSTK,NFO,5.000000,18751,False
89292,DRREDDY27OCT261170PE,DRREDDY,27OCT2026,117000.000000,625,OPTSTK,NFO,5.000000,18751,False
89306,BANKBARODA29SEP26230CE,BANKBARODA,29SEP2026,23000.000000,2925,OPTSTK,NFO,1.000000,87751,False
89314,DRREDDY27OCT261290PE,DRREDDY,27OCT2026,129000.000000,625,OPTSTK,NFO,5.000000,18751,False
89420,LICHSGFIN29SEP26450PE,LICHSGFIN,29SEP2026,45000.000000,1000,OPTSTK,NFO,5.000000,40001,False
89422,LICHSGFIN29SEP26470PE,LICHSGFIN,29SEP2026,47000.000000,1000,OPTSTK,NFO,5.000000,40001,False
89453,LICHSGFIN29SEP26550CE,LICHSGFIN,29SEP2026,55000.000000,1000,OPTSTK,NFO,5.000000,40001,False
89458,LICHSGFIN29SEP26590PE,LICHSGFIN,29SEP2026,59000.000000,1000,OPTSTK,NFO,5.000000,40001,False
89524,LICHSGFIN27OCT26620PE,LICHSGFIN,27OCT2026,62000.000000,1000,OPTSTK,NFO,5.000000,40001,False
89591,DRREDDY23NOV261100PE,DRREDDY,23NOV2026,110000.000000,625,OPTSTK,NFO,5.000000,18751,False
89599,DRREDDY23NOV261180PE,DRREDDY,23NOV2026,118000.000000,625,OPTSTK,NFO,5.000000,18751,False
89614,DRREDDY23NOV261280PE,DRREDDY,23NOV2026,128000.000000,625,OPTSTK,NFO,5.000000,18751,False
89630,NIFTY26JUN2924000CE,NIFTY,26JUN2029,2400000.000000,65,OPTIDX,NFO,5.000000,1801,False
89720,LICI29SEP26375PE,LICI,29SEP2026,37500.000000,1400,OPTSTK,NFO,5.000000,56001,False
89744,EICHERMOT27OCT267300CE,EICHERMOT,27OCT2026,730000.000000,100,OPTSTK,NFO,5.000000,3001,False
89752,EICHERMOT27OCT267900CE,EICHERMOT,27OCT2026,790000.000000,100,OPTSTK,NFO,5.000000,3001,False
89754,BANKINDIA29SEP26120CE,BANKINDIA,29SEP2026,12000.000000,5200,OPTSTK,NFO,1.000000,156001,False
89757,BANKINDIA29SEP26125PE,BANKINDIA,29SEP2026,12500.000000,5200,OPTSTK,NFO,1.000000,156001,False
89761,EICHERMOT27OCT267900PE,EICHERMOT,27OCT2026,790000.000000,100,OPTSTK,NFO,5.000000,3001,False
89764,BANKINDIA29SEP26140CE,BANKINDIA,29SEP2026,14000.000000,5200,OPTSTK,NFO,1.000000,156001,False
89775,LICI29SEP26385CE,LICI,29SEP2026,38500.000000,1400,OPTSTK,NFO,5.000000,56001,False
89785,EICHERMOT27OCT268900PE,EICHERMOT,27OCT2026,890000.000000,100,OPTSTK,NFO,5.000000,3001,False
89794,LICI29SEP26435CE,LICI,29SEP2026,43500.000000,1400,OPTSTK,NFO,5.000000,56001,False
89795,LICI29SEP26435PE,LICI,29SEP2026,43500.000000,1400,OPTSTK,NFO,5.000000,56001,False
89804,BANKINDIA29SEP26160CE,BANKINDIA,29SEP2026,16000.000000,5200,OPTSTK,NFO,1.000000,156001,False
89899,LICI27OCT26360PE,LICI,27OCT2026,36000.000000,1400,OPTSTK,NFO,5.000000,56001,False
89902,LICI27OCT26380CE,LICI,27OCT2026,38000.000000,1400,OPTSTK,NFO,5.000000,56001,False
89906,LICI27OCT26390CE,LICI,27OCT2026,39000.000000,1400,OPTSTK,NFO,5.000000,56001,False
89922,LICI27OCT26400PE,LICI,27OCT2026,40000.000000,1400,OPTSTK,NFO,5.000000,56001,False
89926,LICI27OCT26420CE,LICI,27OCT2026,42000.000000,1400,OPTSTK,NFO,5.000000,56001,False
89930,LICI27OCT26440CE,LICI,27OCT2026,44000.000000,1400,OPTSTK,NFO,5.000000,56001,False
90024,LODHA29SEP261180PE,LODHA,29SEP2026,118000.000000,625,OPTSTK,NFO,5.000000,18751,False
90055,EICHERMOT23NOV266400PE,EICHERMOT,23NOV2026,640000.000000,100,OPTSTK,NFO,5.000000,3001,False
90094,EICHERMOT23NOV267800PE,EICHERMOT,23NOV2026,780000.000000,100,OPTSTK,NFO,5.000000,3001,False
90098,BDL29SEP261040CE,BDL,29SEP2026,104000.000000,425,OPTSTK,NFO,5.000000,17001,False
90104,BDL29SEP261160CE,BDL,29SEP2026,116000.000000,425,OPTSTK,NFO,5.000000,17001,False
90121,BDL29SEP261400PE,BDL,29SEP2026,140000.000000,425,OPTSTK,NFO,5.000000,17001,False
90128,BDL29SEP261560CE,BDL,29SEP2026,156000.000000,425,OPTSTK,NFO,5.000000,17001,False
90139,LODHA29SEP261260PE,LODHA,29SEP2026,126000.000000,625,OPTSTK,NFO,5.000000,18751,False
90155,EICHERMOT23NOV269000PE,EICHERMOT,23NOV2026,900000.000000,100,OPTSTK,NFO,5.000000,3001,False
90156,EICHERMOT23NOV269200CE,EICHERMOT,23NOV2026,920000.000000,100,OPTSTK,NFO,5.000000,3001,False
90245,LODHA27OCT261000PE,LODHA,27OCT2026,100000.000000,625,OPTSTK,NFO,5.000000,18751,False
90323,LT29SEP263750PE,LT,29SEP2026,375000.000000,175,OPTSTK,NFO,5.000000,7001,False
90403,LT27OCT263500PE,LT,27OCT2026,350000.000000,175,OPTSTK,NFO,5.000000,7001,False
90404,LT27OCT263600CE,LT,27OCT2026,360000.000000,175,OPTSTK,NFO,5.000000,7001,False
90414,LT27OCT264100CE,LT,27OCT2026,410000.000000,175,OPTSTK,NFO,5.000000,7001,False
90418,ETERNAL23NOV26310CE,ETERNAL,23NOV2026,31000.000000,2425,OPTSTK,NFO,5.000000,72751,False
90419,ETERNAL23NOV26310PE,ETERNAL,23NOV2026,31000.000000,2425,OPTSTK,NFO,5.000000,72751,False
90424,LT27OCT264400CE,LT,27OCT2026,440000.000000,175,OPTSTK,NFO,5.000000,7001,False
90459,LTF29SEP26275CE,LTF,29SEP2026,27500.000000,2250,OPTSTK,NFO,5.000000,67501,False
90461,LTF29SEP26285CE,LTF,29SEP2026,28500.000000,2250,OPTSTK,NFO,5.000000,67501,False
90479,LTF29SEP26305CE,LTF,29SEP2026,30500.000000,2250,OPTSTK,NFO,5.000000,67501,False
90487,ETERNAL23NOV26340PE,ETERNAL,23NOV2026,34000.000000,2425,OPTSTK,NFO,5.000000,72751,False
90502,LTF29SEP26325CE,LTF,29SEP2026,32500.000000,2250,OPTSTK,NFO,5.000000,67501,False
90514,BEL29SEP26350CE,BEL,29SEP2026,35000.000000,1425,OPTSTK,NFO,5.000000,57001,False
90522,BEL29SEP26390CE,BEL,29SEP2026,39000.000000,1425,OPTSTK,NFO,5.000000,57001,False
90532,LTF29SEP26345PE,LTF,29SEP2026,34500.000000,2250,OPTSTK,NFO,5.000000,67501,False
90533,LTF29SEP26355CE,LTF,29SEP2026,35500.000000,2250,OPTSTK,NFO,5.000000,67501,False
90537,BEL29SEP26420PE,BEL,29SEP2026,42000.000000,1425,OPTSTK,NFO,5.000000,57001,False
90540,BEL29SEP26440CE,BEL,29SEP2026,44000.000000,1425,OPTSTK,NFO,5.000000,57001,False
90545,ETERNAL23NOV26360CE,ETERNAL,23NOV2026,36000.000000,2425,OPTSTK,NFO,5.000000,72751,False
90546,BEL29SEP26440PE,BEL,29SEP2026,44000.000000,1425,OPTSTK,NFO,5.000000,57001,False
90554,BEL29SEP26480CE,BEL,29SEP2026,48000.000000,1425,OPTSTK,NFO,5.000000,57001,False
90613,FEDERALBNK27OCT26315PE,FEDERALBNK,27OCT2026,31500.000000,2500,OPTSTK,NFO,5.000000,75001,False
90617,FEDERALBNK27OCT26335PE,FEDERALBNK,27OCT2026,33500.000000,2500,OPTSTK,NFO,5.000000,75001,False
90621,FEDERALBNK27OCT26355PE,FEDERALBNK,27OCT2026,35500.000000,2500,OPTSTK,NFO,5.000000,75001,False
90633,FEDERALBNK27OCT26385PE,FEDERALBNK,27OCT2026,38500.000000,2500,OPTSTK,NFO,5.000000,75001,False
90670,FEDERALBNK23NOV26320CE,FEDERALBNK,23NOV2026,32000.000000,2500,OPTSTK,NFO,5.000000,75001,False
90671,FEDERALBNK23NOV26320PE,FEDERALBNK,23NOV2026,32000.000000,2500,OPTSTK,NFO,5.000000,75001,False
90721,LTF27OCT26310CE,LTF,27OCT2026,31000.000000,2250,OPTSTK,NFO,5.000000,67501,False
90769,FEDERALBNK23NOV26330PE,FEDERALBNK,23NOV2026,33000.000000,2500,OPTSTK,NFO,5.000000,75001,False
90795,FEDERALBNK23NOV26380CE,FEDERALBNK,23NOV2026,38000.000000,2500,OPTSTK,NFO,5.000000,75001,False
90815,LTM29SEP264150CE,LTM,29SEP2026,415000.000000,150,OPTSTK,NFO,5.000000,6001,False
90831,LTM29SEP264950CE,LTM,29SEP2026,495000.000000,150,OPTSTK,NFO,5.000000,6001,False
90835,LTM29SEP265150CE,LTM,29SEP2026,515000.000000,150,OPTSTK,NFO,5.000000,6001,False
90857,FEDERALBNK23NOV26390CE,FEDERALBNK,23NOV2026,39000.000000,2500,OPTSTK,NFO,5.000000,75001,False
90919,LTM27OCT263800CE,LTM,27OCT2026,380000.000000,150,OPTSTK,NFO,5.000000,6001,False
90960,FEDERALBNK23NOV26400PE,FEDERALBNK,23NOV2026,40000.000000,2500,OPTSTK,NFO,5.000000,75001,False
90971,LTM27OCT264500CE,LTM,27OCT2026,450000.000000,150,OPTSTK,NFO,5.000000,6001,False
91004,BHARATFORG29SEP261920PE,BHARATFORG,29SEP2026,192000.000000,500,OPTSTK,NFO,5.000000,10001,False
91010,BHARATFORG29SEP262040PE,BHARATFORG,29SEP2026,204000.000000,500,OPTSTK,NFO,5.000000,10001,False
91029,BHARATFORG29SEP262440CE,BHARATFORG,29SEP2026,244000.000000,500,OPTSTK,NFO,5.000000,10001,False
91034,LTM27OCT264700CE,LTM,27OCT2026,470000.000000,150,OPTSTK,NFO,5.000000,6001,False
91044,LTM27OCT264900CE,LTM,27OCT2026,490000.000000,150,OPTSTK,NFO,5.000000,6001,False
91045,LTM27OCT264900PE,LTM,27OCT2026,490000.000000,150,OPTSTK,NFO,5.000000,6001,False
91048,LTM27OCT265000CE,LTM,27OCT2026,500000.000000,150,OPTSTK,NFO,5.000000,6001,False
91175,FORTIS27OCT26810CE,FORTIS,27OCT2026,81000.000000,775,OPTSTK,NFO,5.000000,23251,False
91195,LUPIN29SEP261980CE,LUPIN,29SEP2026,198000.000000,425,OPTSTK,NFO,5.000000,12751,False
91203,FORTIS27OCT26890CE,FORTIS,27OCT2026,89000.000000,775,OPTSTK,NFO,5.000000,23251,False
91273,LUPIN29SEP262300CE,LUPIN,29SEP2026,230000.000000,425,OPTSTK,NFO,5.000000,12751,False
91292,FORTIS27OCT26990CE,FORTIS,27OCT2026,99000.000000,775,OPTSTK,NFO,5.000000,23251,False
91428,BHARTIARTL29SEP261560PE,BHARTIARTL,29SEP2026,156000.000000,475,OPTSTK,NFO,5.000000,14251,False
91431,BHARTIARTL29SEP261640CE,BHARTIARTL,29SEP2026,164000.000000,475,OPTSTK,NFO,5.000000,14251,False
91444,BHARTIARTL29SEP261840CE,BHARTIARTL,29SEP2026,184000.000000,475,OPTSTK,NFO,5.000000,14251,False
91451,LUPIN27OCT262040PE,LUPIN,27OCT2026,204000.000000,425,OPTSTK,NFO,5.000000,12751,False
91453,LUPIN27OCT262080PE,LUPIN,27OCT2026,208000.000000,425,OPTSTK,NFO,5.000000,12751,False
91468,LUPIN27OCT262320CE,LUPIN,27OCT2026,232000.000000,425,OPTSTK,NFO,5.000000,12751,False
91476,LUPIN27OCT262480CE,LUPIN,27OCT2026,248000.000000,425,OPTSTK,NFO,5.000000,12751,False
91477,LUPIN27OCT262480PE,LUPIN,27OCT2026,248000.000000,425,OPTSTK,NFO,5.000000,12751,False
91481,LUPIN27OCT262560PE,LUPIN,27OCT2026,256000.000000,425,OPTSTK,NFO,5.000000,12751,False
91525,BHARTIARTL29SEP262000PE,BHARTIARTL,29SEP2026,200000.000000,475,OPTSTK,NFO,5.000000,14251,False
91575,M&M29SEP263650PE,M&M,29SEP2026,365000.000000,200,OPTSTK,NFO,5.000000,8001,False
91597,FORTIS23NOV26760CE,FORTIS,23NOV2026,76000.000000,775,OPTSTK,NFO,5.000000,23251,False
91598,FORTIS23NOV26760PE,FORTIS,23NOV2026,76000.000000,775,OPTSTK,NFO,5.000000,23251,False
91600,FORTIS23NOV26780PE,FORTIS,23NOV2026,78000.000000,775,OPTSTK,NFO,5.000000,23251,False
91602,FORTIS23NOV26800PE,FORTIS,23NOV2026,80000.000000,775,OPTSTK,NFO,5.000000,23251,False
91603,FORTIS23NOV26820CE,FORTIS,23NOV2026,82000.000000,775,OPTSTK,NFO,5.000000,23251,False
91620,FORTIS23NOV26960PE,FORTIS,23NOV2026,96000.000000,775,OPTSTK,NFO,5.000000,23251,False
91664,M&M27OCT262600PE,M&M,27OCT2026,260000.000000,200,OPTSTK,NFO,5.000000,8001,False
91698,M&M27OCT263100CE,M&M,27OCT2026,310000.000000,200,OPTSTK,NFO,5.000000,8001,False
91702,GAIL27OCT26172.5CE,GAIL,27OCT2026,17250.000000,3550,OPTSTK,NFO,1.000000,142001,False
91708,GAIL27OCT26187.5CE,GAIL,27OCT2026,18750.000000,3550,OPTSTK,NFO,1.000000,142001,False
91716,M&M27OCT263200CE,M&M,27OCT2026,320000.000000,200,OPTSTK,NFO,5.000000,8001,False
91720,BHARTIARTL29SEP262080PE,BHARTIARTL,29SEP2026,208000.000000,475,OPTSTK,NFO,5.000000,14251,False
91755,MANAPPURAM29SEP26315PE,MANAPPURAM,29SEP2026,31500.000000,3000,OPTSTK,NFO,5.000000,60001,False
91874,MANAPPURAM27OCT26400CE,MANAPPURAM,27OCT2026,40000.000000,3000,OPTSTK,NFO,5.000000,60001,False
91875,GAIL23NOV26175PE,GAIL,23NOV2026,17500.000000,3550,OPTSTK,NFO,1.000000,142001,False
91876,GAIL23NOV26180CE,GAIL,23NOV2026,18000.000000,3550,OPTSTK,NFO,1.000000,142001,False
91877,GAIL23NOV26180PE,GAIL,23NOV2026,18000.000000,3550,OPTSTK,NFO,1.000000,142001,False
91882,MANAPPURAM27OCT26410CE,MANAPPURAM,27OCT2026,41000.000000,3000,OPTSTK,NFO,5.000000,60001,False
91886,MANAPPURAM27OCT26420CE,MANAPPURAM,27OCT2026,42000.000000,3000,OPTSTK,NFO,5.000000,60001,False
91900,GAIL23NOV26185PE,GAIL,23NOV2026,18500.000000,3550,OPTSTK,NFO,1.000000,142001,False
91920,GAIL23NOV26200CE,GAIL,23NOV2026,20000.000000,3550,OPTSTK,NFO,1.000000,142001,False
91985,BHEL29SEP26400CE,BHEL,29SEP2026,40000.000000,2625,OPTSTK,NFO,5.000000,52501,False
91999,BHEL29SEP26470CE,BHEL,29SEP2026,47000.000000,2625,OPTSTK,NFO,5.000000,52501,False
92000,BHEL29SEP26470PE,BHEL,29SEP2026,47000.000000,2625,OPTSTK,NFO,5.000000,52501,False
92001,BHEL29SEP26480CE,BHEL,29SEP2026,48000.000000,2625,OPTSTK,NFO,5.000000,52501,False
92005,BHEL29SEP26500CE,BHEL,29SEP2026,50000.000000,2625,OPTSTK,NFO,5.000000,52501,False
92008,MANKIND29SEP262100CE,MANKIND,29SEP2026,210000.000000,250,OPTSTK,NFO,5.000000,10001,False
92010,MANKIND29SEP262140CE,MANKIND,29SEP2026,214000.000000,250,OPTSTK,NFO,5.000000,10001,False
92014,MANKIND29SEP262220CE,MANKIND,29SEP2026,222000.000000,250,OPTSTK,NFO,5.000000,10001,False
92028,MANKIND29SEP262380CE,MANKIND,29SEP2026,238000.000000,250,OPTSTK,NFO,5.000000,10001,False
92029,MANKIND29SEP262380PE,MANKIND,29SEP2026,238000.000000,250,OPTSTK,NFO,5.000000,10001,False
92030,MANKIND29SEP262420CE,MANKIND,29SEP2026,242000.000000,250,OPTSTK,NFO,5.000000,10001,False
92074,MANKIND29SEP262580CE,MANKIND,29SEP2026,258000.000000,250,OPTSTK,NFO,5.000000,10001,False
92079,MANKIND29SEP262580PE,MANKIND,29SEP2026,258000.000000,250,OPTSTK,NFO,5.000000,10001,False
92215,GLENMARK27OCT262300CE,GLENMARK,27OCT2026,230000.000000,375,OPTSTK,NFO,5.000000,11251,False
92239,GLENMARK27OCT262620CE,GLENMARK,27OCT2026,262000.000000,375,OPTSTK,NFO,5.000000,11251,False
92323,MANKIND27OCT261920PE,MANKIND,27OCT2026,192000.000000,250,OPTSTK,NFO,5.000000,10001,False
92376,BIOCON29SEP26450PE,BIOCON,29SEP2026,45000.000000,2500,OPTSTK,NFO,5.000000,50001,False
92384,MANKIND27OCT262160PE,MANKIND,27OCT2026,216000.000000,250,OPTSTK,NFO,5.000000,10001,False
92408,MANKIND27OCT262280CE,MANKIND,27OCT2026,228000.000000,250,OPTSTK,NFO,5.000000,10001,False
92431,GLENMARK23NOV262200PE,GLENMARK,23NOV2026,220000.000000,375,OPTSTK,NFO,5.000000,11251,False
92443,GLENMARK23NOV262440PE,GLENMARK,23NOV2026,244000.000000,375,OPTSTK,NFO,5.000000,11251,False
92444,MANKIND27OCT262280PE,MANKIND,27OCT2026,228000.000000,250,OPTSTK,NFO,5.000000,10001,False
92497,GLENMARK23NOV262720CE,GLENMARK,23NOV2026,272000.000000,375,OPTSTK,NFO,5.000000,11251,False
92501,MANKIND27OCT262360CE,MANKIND,27OCT2026,236000.000000,250,OPTSTK,NFO,5.000000,10001,False
92527,MANKIND27OCT262440PE,MANKIND,27OCT2026,244000.000000,250,OPTSTK,NFO,5.000000,10001,False
92534,MANKIND27OCT262520PE,MANKIND,27OCT2026,252000.000000,250,OPTSTK,NFO,5.000000,10001,False
92558,MANKIND27OCT262640CE,MANKIND,27OCT2026,264000.000000,250,OPTSTK,NFO,5.000000,10001,False
92559,MANKIND27OCT262640PE,MANKIND,27OCT2026,264000.000000,250,OPTSTK,NFO,5.000000,10001,False
92644,MARICO29SEP26790PE,MARICO,29SEP2026,79000.000000,1200,OPTSTK,NFO,5.000000,36001,False
92651,MARICO29SEP26830CE,MARICO,29SEP2026,83000.000000,1200,OPTSTK,NFO,5.000000,36001,False
92729,BLUESTARCO29SEP261440CE,BLUESTARCO,29SEP2026,144000.000000,325,OPTSTK,NFO,5.000000,13001,False
92732,BLUESTARCO29SEP261480PE,BLUESTARCO,29SEP2026,148000.000000,325,OPTSTK,NFO,5.000000,13001,False
92739,BLUESTARCO29SEP261640CE,BLUESTARCO,29SEP2026,164000.000000,325,OPTSTK,NFO,5.000000,13001,False
92762,MARICO27OCT26680PE,MARICO,27OCT2026,68000.000000,1200,OPTSTK,NFO,5.000000,36001,False
92773,MARICO27OCT26740PE,MARICO,27OCT2026,74000.000000,1200,OPTSTK,NFO,5.000000,36001,False
92777,MARICO27OCT26780PE,MARICO,27OCT2026,78000.000000,1200,OPTSTK,NFO,5.000000,36001,False
92832,GMRAIRPORT27OCT2683CE,GMRAIRPORT,27OCT2026,8300.000000,6975,OPTSTK,NFO,1.000000,209251,False
92843,GMRAIRPORT27OCT2693CE,GMRAIRPORT,27OCT2026,9300.000000,6975,OPTSTK,NFO,1.000000,209251,False
92854,GMRAIRPORT27OCT26103PE,GMRAIRPORT,27OCT2026,10300.000000,6975,OPTSTK,NFO,1.000000,209251,False
92934,MARICO27OCT261000CE,MARICO,27OCT2026,100000.000000,1200,OPTSTK,NFO,5.000000,36001,False
93002,MARUTI29SEP2611500PE,MARUTI,29SEP2026,1150000.000000,50,OPTSTK,NFO,5.000000,2001,False
93014,MARUTI29SEP2612700CE,MARUTI,29SEP2026,1270000.000000,50,OPTSTK,NFO,5.000000,2001,False
93022,MARUTI29SEP2613500CE,MARUTI,29SEP2026,1350000.000000,50,OPTSTK,NFO,5.000000,2001,False
93027,MARUTI29SEP2613900PE,MARUTI,29SEP2026,1390000.000000,50,OPTSTK,NFO,5.000000,2001,False
93028,MARUTI29SEP2614100CE,MARUTI,29SEP2026,1410000.000000,50,OPTSTK,NFO,5.000000,2001,False
93080,GMRAIRPORT23NOV2688PE,GMRAIRPORT,23NOV2026,8800.000000,6975,OPTSTK,NFO,1.000000,209251,False
93115,MARUTI27OCT2610800PE,MARUTI,27OCT2026,1080000.000000,50,OPTSTK,NFO,5.000000,2001,False
93122,MARUTI27OCT2611600CE,MARUTI,27OCT2026,1160000.000000,50,OPTSTK,NFO,5.000000,2001,False
93146,MARUTI27OCT2613600CE,MARUTI,27OCT2026,1360000.000000,50,OPTSTK,NFO,5.000000,2001,False
93155,MARUTI27OCT2614400PE,MARUTI,27OCT2026,1440000.000000,50,OPTSTK,NFO,5.000000,2001,False
93156,MARUTI27OCT2614600CE,MARUTI,27OCT2026,1460000.000000,50,OPTSTK,NFO,5.000000,2001,False
93229,MAXHEALTH29SEP26890PE,MAXHEALTH,29SEP2026,89000.000000,525,OPTSTK,NFO,5.000000,21001,False
93231,MAXHEALTH29SEP26910PE,MAXHEALTH,29SEP2026,91000.000000,525,OPTSTK,NFO,5.000000,21001,False
93234,MAXHEALTH29SEP26950CE,MAXHEALTH,29SEP2026,95000.000000,525,OPTSTK,NFO,5.000000,21001,False
93243,GMRAIRPORT23NOV26100CE,GMRAIRPORT,23NOV2026,10000.000000,6975,OPTSTK,NFO,1.000000,209251,False
93309,GODFRYPHLP27OCT262150PE,GODFRYPHLP,27OCT2026,215000.000000,275,OPTSTK,NFO,5.000000,11001,False
93322,GODFRYPHLP27OCT262250PE,GODFRYPHLP,27OCT2026,225000.000000,275,OPTSTK,NFO,5.000000,11001,False
93350,BOSCHLTD29SEP2650000CE,BOSCHLTD,29SEP2026,5000000.000000,25,OPTSTK,NFO,5.000000,501,False
93358,BOSCHLTD29SEP2652000CE,BOSCHLTD,29SEP2026,5200000.000000,25,OPTSTK,NFO,5.000000,501,False
93368,BOSCHLTD29SEP2654000PE,BOSCHLTD,29SEP2026,5400000.000000,25,OPTSTK,NFO,5.000000,501,False
93373,GODFRYPHLP23NOV262000CE,GODFRYPHLP,23NOV2026,200000.000000,275,OPTSTK,NFO,5.000000,11001,False
93377,GODFRYPHLP23NOV262100CE,GODFRYPHLP,23NOV2026,210000.000000,275,OPTSTK,NFO,5.000000,11001,False
93384,GODFRYPHLP23NOV262300PE,GODFRYPHLP,23NOV2026,230000.000000,275,OPTSTK,NFO,5.000000,11001,False
93393,MAXHEALTH29SEP261130CE,MAXHEALTH,29SEP2026,113000.000000,525,OPTSTK,NFO,5.000000,21001,False
93481,MAXHEALTH27OCT26820CE,MAXHEALTH,27OCT2026,82000.000000,525,OPTSTK,NFO,5.000000,21001,False
93482,MAXHEALTH27OCT26820PE,MAXHEALTH,27OCT2026,82000.000000,525,OPTSTK,NFO,5.000000,21001,False
93568,BPCL29SEP26260PE,BPCL,29SEP2026,26000.000000,1975,OPTSTK,NFO,5.000000,79001,False
93570,BPCL29SEP26270PE,BPCL,29SEP2026,27000.000000,1975,OPTSTK,NFO,5.000000,79001,False
93575,BPCL29SEP26290CE,BPCL,29SEP2026,29000.000000,1975,OPTSTK,NFO,5.000000,79001,False
93578,BPCL29SEP26300PE,BPCL,29SEP2026,30000.000000,1975,OPTSTK,NFO,5.000000,79001,False
93588,BPCL29SEP26350PE,BPCL,29SEP2026,35000.000000,1975,OPTSTK,NFO,5.000000,79001,False
93590,BPCL29SEP26360PE,BPCL,29SEP2026,36000.000000,1975,OPTSTK,NFO,5.000000,79001,False
93639,MAXHEALTH27OCT261200PE,MAXHEALTH,27OCT2026,120000.000000,525,OPTSTK,NFO,5.000000,21001,False
93799,BRITANNIA29SEP264300PE,BRITANNIA,29SEP2026,430000.000000,125,OPTSTK,NFO,5.000000,5001,False
93844,MAZDOCK27OCT262100CE,MAZDOCK,27OCT2026,210000.000000,225,OPTSTK,NFO,5.000000,9001,False
93846,MAZDOCK27OCT262200CE,MAZDOCK,27OCT2026,220000.000000,225,OPTSTK,NFO,5.000000,9001,False
93933,GODREJCP27OCT26930PE,GODREJCP,27OCT2026,93000.000000,500,OPTSTK,NFO,5.000000,25001,False
93956,GODREJCP27OCT261010CE,GODREJCP,27OCT2026,101000.000000,500,OPTSTK,NFO,5.000000,25001,False
94013,GODREJCP23NOV26760CE,GODREJCP,23NOV2026,76000.000000,500,OPTSTK,NFO,5.000000,25001,False
94014,GODREJCP23NOV26760PE,GODREJCP,23NOV2026,76000.000000,500,OPTSTK,NFO,5.000000,25001,False
94018,GODREJCP23NOV26800PE,GODREJCP,23NOV2026,80000.000000,500,OPTSTK,NFO,5.000000,25001,False
94022,GODREJCP23NOV26840PE,GODREJCP,23NOV2026,84000.000000,500,OPTSTK,NFO,5.000000,25001,False
94033,GODREJCP23NOV26920CE,GODREJCP,23NOV2026,92000.000000,500,OPTSTK,NFO,5.000000,25001,False
94034,GODREJCP23NOV26920PE,GODREJCP,23NOV2026,92000.000000,500,OPTSTK,NFO,5.000000,25001,False
94035,GODREJCP23NOV26940CE,GODREJCP,23NOV2026,94000.000000,500,OPTSTK,NFO,5.000000,25001,False
94041,GODREJCP23NOV261000CE,GODREJCP,23NOV2026,100000.000000,500,OPTSTK,NFO,5.000000,25001,False
94045,GODREJCP23NOV261040CE,GODREJCP,23NOV2026,104000.000000,500,OPTSTK,NFO,5.000000,25001,False
94060,BRITANNIA29SEP266000PE,BRITANNIA,29SEP2026,600000.000000,125,OPTSTK,NFO,5.000000,5001,False
94103,MCX27OCT262700CE,MCX,27OCT2026,270000.000000,225,OPTSTK,NFO,5.000000,6751,False
94124,GODREJPROP27OCT261540CE,GODREJPROP,27OCT2026,154000.000000,325,OPTSTK,NFO,5.000000,13001,False
94128,GODREJPROP27OCT261620CE,GODREJPROP,27OCT2026,162000.000000,325,OPTSTK,NFO,5.000000,13001,False
94134,MCX27OCT262700PE,MCX,27OCT2026,270000.000000,225,OPTSTK,NFO,5.000000,6751,False
94174,BSE29SEP263200PE,BSE,29SEP2026,320000.000000,200,OPTSTK,NFO,5.000000,6001,False
94204,GODREJPROP27OCT261820PE,GODREJPROP,27OCT2026,182000.000000,325,OPTSTK,NFO,5.000000,13001,False
94245,MFSL29SEP261500CE,MFSL,29SEP2026,150000.000000,400,OPTSTK,NFO,5.000000,16001,False
94256,MFSL29SEP261620PE,MFSL,29SEP2026,162000.000000,400,OPTSTK,NFO,5.000000,16001,False
94280,GODREJPROP27OCT261940PE,GODREJPROP,27OCT2026,194000.000000,325,OPTSTK,NFO,5.000000,13001,False
94303,GODREJPROP27OCT261980PE,GODREJPROP,27OCT2026,198000.000000,325,OPTSTK,NFO,5.000000,13001,False
94310,GODREJPROP27OCT262060PE,GODREJPROP,27OCT2026,206000.000000,325,OPTSTK,NFO,5.000000,13001,False
94311,GODREJPROP27OCT262100CE,GODREJPROP,27OCT2026,210000.000000,325,OPTSTK,NFO,5.000000,13001,False
94316,GODREJPROP27OCT262180PE,GODREJPROP,27OCT2026,218000.000000,325,OPTSTK,NFO,5.000000,13001,False
94388,GODREJPROP23NOV261720CE,GODREJPROP,23NOV2026,172000.000000,325,OPTSTK,NFO,5.000000,13001,False
94402,MFSL27OCT261400PE,MFSL,27OCT2026,140000.000000,400,OPTSTK,NFO,5.000000,16001,False
94416,GODREJPROP23NOV261760PE,GODREJPROP,23NOV2026,176000.000000,325,OPTSTK,NFO,5.000000,13001,False
94429,GODREJPROP23NOV261880CE,GODREJPROP,23NOV2026,188000.000000,325,OPTSTK,NFO,5.000000,13001,False
94487,MFSL27OCT261680PE,MFSL,27OCT2026,168000.000000,400,OPTSTK,NFO,5.000000,16001,False
94500,CAMS29SEP26860CE,CAMS,29SEP2026,86000.000000,825,OPTSTK,NFO,5.000000,33001,False
94564,MOTHERSON29SEP26132.5PE,MOTHERSON,29SEP2026,13250.000000,6150,OPTSTK,NFO,1.000000,184501,False
94570,MOTHERSON29SEP26147.5PE,MOTHERSON,29SEP2026,14750.000000,6150,OPTSTK,NFO,1.000000,184501,False
94571,MOTHERSON29SEP26152.5CE,MOTHERSON,29SEP2026,15250.000000,6150,OPTSTK,NFO,1.000000,184501,False
94572,MOTHERSON29SEP26152.5PE,MOTHERSON,29SEP2026,15250.000000,6150,OPTSTK,NFO,1.000000,184501,False
94638,MOTHERSON27OCT26165CE,MOTHERSON,27OCT2026,16500.000000,6150,OPTSTK,NFO,1.000000,184501,False
94648,MOTHERSON27OCT26190CE,MOTHERSON,27OCT2026,19000.000000,6150,OPTSTK,NFO,1.000000,184501,False
94651,GODREJPROP23NOV262040CE,GODREJPROP,23NOV2026,204000.000000,325,OPTSTK,NFO,5.000000,13001,False
94666,GODREJPROP23NOV262160PE,GODREJPROP,23NOV2026,216000.000000,325,OPTSTK,NFO,5.000000,13001,False
94742,MOTILALOFS29SEP26780PE,MOTILALOFS,29SEP2026,78000.000000,775,OPTSTK,NFO,5.000000,23251,False
94752,MOTILALOFS29SEP26860CE,MOTILALOFS,29SEP2026,86000.000000,775,OPTSTK,NFO,5.000000,23251,False
94802,GRASIM27OCT263100CE,GRASIM,27OCT2026,310000.000000,250,OPTSTK,NFO,5.000000,7501,False
94817,GRASIM27OCT263380PE,GRASIM,27OCT2026,338000.000000,250,OPTSTK,NFO,5.000000,7501,False
94832,MOTILALOFS27OCT26840PE,MOTILALOFS,27OCT2026,84000.000000,775,OPTSTK,NFO,5.000000,23251,False
94853,MOTILALOFS27OCT26920CE,MOTILALOFS,27OCT2026,92000.000000,775,OPTSTK,NFO,5.000000,23251,False
94858,MOTILALOFS27OCT261000PE,MOTILALOFS,27OCT2026,100000.000000,775,OPTSTK,NFO,5.000000,23251,False
94863,MOTILALOFS27OCT261120CE,MOTILALOFS,27OCT2026,112000.000000,775,OPTSTK,NFO,5.000000,23251,False
94864,MOTILALOFS27OCT261120PE,MOTILALOFS,27OCT2026,112000.000000,775,OPTSTK,NFO,5.000000,23251,False
94868,MOTILALOFS27OCT261160PE,MOTILALOFS,27OCT2026,116000.000000,775,OPTSTK,NFO,5.000000,23251,False
94894,MPHASIS29SEP262050PE,MPHASIS,29SEP2026,205000.000000,275,OPTSTK,NFO,5.000000,11001,False
94910,MPHASIS29SEP262150PE,MPHASIS,29SEP2026,215000.000000,275,OPTSTK,NFO,5.000000,11001,False
95029,MPHASIS27OCT262600CE,MPHASIS,27OCT2026,260000.000000,275,OPTSTK,NFO,5.000000,11001,False
95065,GRASIM23NOV262960PE,GRASIM,23NOV2026,296000.000000,250,OPTSTK,NFO,5.000000,7501,False
95071,GRASIM23NOV263000PE,GRASIM,23NOV2026,300000.000000,250,OPTSTK,NFO,5.000000,7501,False
95103,MUTHOOTFIN29SEP263150CE,MUTHOOTFIN,29SEP2026,315000.000000,275,OPTSTK,NFO,5.000000,8251,False
95145,GRASIM23NOV263360CE,GRASIM,23NOV2026,336000.000000,250,OPTSTK,NFO,5.000000,7501,False
95158,GRASIM23NOV263600PE,GRASIM,23NOV2026,360000.000000,250,OPTSTK,NFO,5.000000,7501,False
95248,MUTHOOTFIN27OCT262600PE,MUTHOOTFIN,27OCT2026,260000.000000,275,OPTSTK,NFO,5.000000,8251,False
95250,MUTHOOTFIN27OCT262700PE,MUTHOOTFIN,27OCT2026,270000.000000,275,OPTSTK,NFO,5.000000,8251,False
95267,MUTHOOTFIN27OCT263000CE,MUTHOOTFIN,27OCT2026,300000.000000,275,OPTSTK,NFO,5.000000,8251,False
95274,MUTHOOTFIN27OCT263200PE,MUTHOOTFIN,27OCT2026,320000.000000,275,OPTSTK,NFO,5.000000,8251,False
95298,GVT&D27OCT263700CE,GVT&D,27OCT2026,370000.000000,125,OPTSTK,NFO,5.000000,5001,False
95300,GVT&D27OCT263900CE,GVT&D,27OCT2026,390000.000000,125,OPTSTK,NFO,5.000000,5001,False
95303,GVT&D27OCT264100PE,GVT&D,27OCT2026,410000.000000,125,OPTSTK,NFO,5.000000,5001,False
95358,NAM-INDIA29SEP261220PE,NAM-INDIA,29SEP2026,122000.000000,625,OPTSTK,NFO,5.000000,18751,False
95373,NAM-INDIA29SEP261380PE,NAM-INDIA,29SEP2026,138000.000000,625,OPTSTK,NFO,5.000000,18751,False
95445,NAM-INDIA27OCT261000CE,NAM-INDIA,27OCT2026,100000.000000,625,OPTSTK,NFO,5.000000,18751,False
95449,NAM-INDIA27OCT261080CE,NAM-INDIA,27OCT2026,108000.000000,625,OPTSTK,NFO,5.000000,18751,False
95451,NAM-INDIA27OCT261120CE,NAM-INDIA,27OCT2026,112000.000000,625,OPTSTK,NFO,5.000000,18751,False
95454,NAM-INDIA27OCT261160PE,NAM-INDIA,27OCT2026,116000.000000,625,OPTSTK,NFO,5.000000,18751,False
95518,NAM-INDIA27OCT261400PE,NAM-INDIA,27OCT2026,140000.000000,625,OPTSTK,NFO,5.000000,18751,False
95520,GVT&D23NOV264000PE,GVT&D,23NOV2026,400000.000000,125,OPTSTK,NFO,5.000000,5001,False
95523,GVT&D23NOV264200PE,GVT&D,23NOV2026,420000.000000,125,OPTSTK,NFO,5.000000,5001,False
95538,CDSL29SEP261160CE,CDSL,29SEP2026,116000.000000,475,OPTSTK,NFO,5.000000,19001,False
95570,CDSL29SEP261480CE,CDSL,29SEP2026,148000.000000,475,OPTSTK,NFO,5.000000,19001,False
95572,CDSL29SEP261520CE,CDSL,29SEP2026,152000.000000,475,OPTSTK,NFO,5.000000,19001,False
95614,HAL27OCT264350CE,HAL,27OCT2026,435000.000000,150,OPTSTK,NFO,5.000000,4501,False
95640,HAL27OCT265450PE,HAL,27OCT2026,545000.000000,150,OPTSTK,NFO,5.000000,4501,False
95754,HAL23NOV264600PE,HAL,23NOV2026,460000.000000,150,OPTSTK,NFO,5.000000,4501,False
95756,HAL23NOV264700PE,HAL,23NOV2026,470000.000000,150,OPTSTK,NFO,5.000000,4501,False
95768,CGPOWER29SEP26880PE,CGPOWER,29SEP2026,88000.000000,850,OPTSTK,NFO,5.000000,25501,False
95778,HAL23NOV265300CE,HAL,23NOV2026,530000.000000,150,OPTSTK,NFO,5.000000,4501,False
95794,NATIONALUM29SEP26310PE,NATIONALUM,29SEP2026,31000.000000,1875,OPTSTK,NFO,5.000000,56251,False
95809,HAL23NOV265300PE,HAL,23NOV2026,530000.000000,150,OPTSTK,NFO,5.000000,4501,False
95810,HAL23NOV265400CE,HAL,23NOV2026,540000.000000,150,OPTSTK,NFO,5.000000,4501,False
95811,HAL23NOV265400PE,HAL,23NOV2026,540000.000000,150,OPTSTK,NFO,5.000000,4501,False
95815,HAL23NOV265600PE,HAL,23NOV2026,560000.000000,150,OPTSTK,NFO,5.000000,4501,False
95948,NATIONALUM27OCT26360PE,NATIONALUM,27OCT2026,36000.000000,1875,OPTSTK,NFO,5.000000,56251,False
95960,HAVELLS27OCT261140PE,HAVELLS,27OCT2026,114000.000000,500,OPTSTK,NFO,5.000000,20001,False
95987,HAVELLS27OCT261220PE,HAVELLS,27OCT2026,122000.000000,500,OPTSTK,NFO,5.000000,20001,False
95990,HAVELLS27OCT261300CE,HAVELLS,27OCT2026,130000.000000,500,OPTSTK,NFO,5.000000,20001,False
96008,CHOLAFIN29SEP261840CE,CHOLAFIN,29SEP2026,184000.000000,625,OPTSTK,NFO,5.000000,12501,False
96024,HAVELLS27OCT261340PE,HAVELLS,27OCT2026,134000.000000,500,OPTSTK,NFO,5.000000,20001,False
96031,CHOLAFIN29SEP262080PE,CHOLAFIN,29SEP2026,208000.000000,625,OPTSTK,NFO,5.000000,12501,False
96040,NAUKRI29SEP261340PE,NAUKRI,29SEP2026,134000.000000,550,OPTSTK,NFO,5.000000,16501,False
96110,HAVELLS23NOV261080CE,HAVELLS,23NOV2026,108000.000000,500,OPTSTK,NFO,5.000000,20001,False
96115,NAUKRI27OCT261240PE,NAUKRI,27OCT2026,124000.000000,550,OPTSTK,NFO,5.000000,16501,False
96135,NAUKRI27OCT261480CE,NAUKRI,27OCT2026,148000.000000,550,OPTSTK,NFO,5.000000,16501,False
96148,NBCC29SEP2672.5PE,NBCC,29SEP2026,7250.000000,6500,OPTSTK,NFO,1.000000,260001,False
96153,NBCC29SEP2687.5CE,NBCC,29SEP2026,8750.000000,6500,OPTSTK,NFO,1.000000,260001,False
96306,HCLTECH27OCT261210CE,HCLTECH,27OCT2026,121000.000000,400,OPTSTK,NFO,5.000000,20001,False
96326,HCLTECH27OCT261290PE,HCLTECH,27OCT2026,129000.000000,400,OPTSTK,NFO,5.000000,20001,False
96471,NBCC27OCT2680CE,NBCC,27OCT2026,8000.000000,6500,OPTSTK,NFO,1.000000,260001,False
96490,CIPLA29SEP261160PE,CIPLA,29SEP2026,116000.000000,425,OPTSTK,NFO,5.000000,17001,False
96563,CIPLA29SEP261220CE,CIPLA,29SEP2026,122000.000000,425,OPTSTK,NFO,5.000000,17001,False
96572,CIPLA29SEP261300PE,CIPLA,29SEP2026,130000.000000,425,OPTSTK,NFO,5.000000,17001,False
96577,NESTLEIND29SEP261290CE,NESTLEIND,29SEP2026,129000.000000,500,OPTSTK,NFO,5.000000,15001,False
96579,NESTLEIND29SEP261310CE,NESTLEIND,29SEP2026,131000.000000,500,OPTSTK,NFO,5.000000,15001,False
96585,NESTLEIND29SEP261370CE,NESTLEIND,29SEP2026,137000.000000,500,OPTSTK,NFO,5.000000,15001,False
96588,NESTLEIND29SEP261390PE,NESTLEIND,29SEP2026,139000.000000,500,OPTSTK,NFO,5.000000,15001,False
96601,NESTLEIND29SEP261530CE,NESTLEIND,29SEP2026,153000.000000,500,OPTSTK,NFO,5.000000,15001,False
96663,CIPLA29SEP261460CE,CIPLA,29SEP2026,146000.000000,425,OPTSTK,NFO,5.000000,17001,False
96713,NESTLEIND27OCT261340CE,NESTLEIND,27OCT2026,134000.000000,500,OPTSTK,NFO,5.000000,15001,False
96718,NESTLEIND27OCT261380PE,NESTLEIND,27OCT2026,138000.000000,500,OPTSTK,NFO,5.000000,15001,False
96722,NESTLEIND27OCT261420PE,NESTLEIND,27OCT2026,142000.000000,500,OPTSTK,NFO,5.000000,15001,False
96745,HCLTECH23NOV261160PE,HCLTECH,23NOV2026,116000.000000,400,OPTSTK,NFO,5.000000,20001,False
96761,HCLTECH23NOV261220CE,HCLTECH,23NOV2026,122000.000000,400,OPTSTK,NFO,5.000000,20001,False
96825,NESTLEIND27OCT261600CE,NESTLEIND,27OCT2026,160000.000000,500,OPTSTK,NFO,5.000000,15001,False
96829,NESTLEIND27OCT261600PE,NESTLEIND,27OCT2026,160000.000000,500,OPTSTK,NFO,5.000000,15001,False
96840,NESTLEIND27OCT261640CE,NESTLEIND,27OCT2026,164000.000000,500,OPTSTK,NFO,5.000000,15001,False
96841,NESTLEIND27OCT261640PE,NESTLEIND,27OCT2026,164000.000000,500,OPTSTK,NFO,5.000000,15001,False
96851,NESTLEIND27OCT261700CE,NESTLEIND,27OCT2026,170000.000000,500,OPTSTK,NFO,5.000000,15001,False
96866,HCLTECH23NOV261460PE,HCLTECH,23NOV2026,146000.000000,400,OPTSTK,NFO,5.000000,20001,False
96914,COALINDIA29SEP26370PE,COALINDIA,29SEP2026,37000.000000,1350,OPTSTK,NFO,5.000000,54001,False
96916,COALINDIA29SEP26380PE,COALINDIA,29SEP2026,38000.000000,1350,OPTSTK,NFO,5.000000,54001,False
96928,COALINDIA29SEP26440PE,COALINDIA,29SEP2026,44000.000000,1350,OPTSTK,NFO,5.000000,54001,False
96940,COALINDIA29SEP26460PE,COALINDIA,29SEP2026,46000.000000,1350,OPTSTK,NFO,5.000000,54001,False
96971,COALINDIA29SEP26490PE,COALINDIA,29SEP2026,49000.000000,1350,OPTSTK,NFO,5.000000,54001,False
97003,NHPC29SEP2667CE,NHPC,29SEP2026,6700.000000,6950,OPTSTK,NFO,1.000000,278001,False
97015,NHPC29SEP2679CE,NHPC,29SEP2026,7900.000000,6950,OPTSTK,NFO,1.000000,278001,False
97069,NHPC27OCT2672CE,NHPC,27OCT2026,7200.000000,6950,OPTSTK,NFO,1.000000,278001,False
97089,HDFCAMC27OCT262450CE,HDFCAMC,27OCT2026,245000.000000,300,OPTSTK,NFO,5.000000,9001,False
97091,HDFCAMC27OCT262550CE,HDFCAMC,27OCT2026,255000.000000,300,OPTSTK,NFO,5.000000,9001,False
97193,HDFCAMC23NOV262800CE,HDFCAMC,23NOV2026,280000.000000,300,OPTSTK,NFO,5.000000,9001,False
97224,HDFCAMC23NOV263000PE,HDFCAMC,23NOV2026,300000.000000,300,OPTSTK,NFO,5.000000,9001,False
97319,HDFCBANK27OCT26630CE,HDFCBANK,27OCT2026,63000.000000,650,OPTSTK,NFO,5.000000,32501,False
97331,HDFCBANK27OCT26750CE,HDFCBANK,27OCT2026,75000.000000,650,OPTSTK,NFO,5.000000,32501,False
97332,HDFCBANK27OCT26750PE,HDFCBANK,27OCT2026,75000.000000,650,OPTSTK,NFO,5.000000,32501,False
97334,HDFCBANK27OCT26770PE,HDFCBANK,27OCT2026,77000.000000,650,OPTSTK,NFO,5.000000,32501,False
97374,COCHINSHIP29SEP261600PE,COCHINSHIP,29SEP2026,160000.000000,400,OPTSTK,NFO,5.000000,16001,False
97375,COCHINSHIP29SEP261640CE,COCHINSHIP,29SEP2026,164000.000000,400,OPTSTK,NFO,5.000000,16001,False
97419,HDFCBANK23NOV26560CE,HDFCBANK,23NOV2026,56000.000000,650,OPTSTK,NFO,5.000000,32501,False
97521,NMDC29SEP2687PE,NMDC,29SEP2026,8700.000000,6750,OPTSTK,NFO,1.000000,270001,False
97530,NMDC29SEP2693PE,NMDC,29SEP2026,9300.000000,6750,OPTSTK,NFO,1.000000,270001,False
97532,HDFCBANK23NOV26720CE,HDFCBANK,23NOV2026,72000.000000,650,OPTSTK,NFO,5.000000,32501,False
97666,NMDC27OCT2670CE,NMDC,27OCT2026,7000.000000,6750,OPTSTK,NFO,1.000000,270001,False
97674,NMDC27OCT2676CE,NMDC,27OCT2026,7600.000000,6750,OPTSTK,NFO,1.000000,270001,False
97682,NMDC27OCT2680PE,NMDC,27OCT2026,8000.000000,6750,OPTSTK,NFO,1.000000,270001,False
97696,HDFCLIFE27OCT26505CE,HDFCLIFE,27OCT2026,50500.000000,1100,OPTSTK,NFO,5.000000,44001,False
97702,NMDC27OCT2694CE,NMDC,27OCT2026,9400.000000,6750,OPTSTK,NFO,1.000000,270001,False
97705,NMDC27OCT2694PE,NMDC,27OCT2026,9400.000000,6750,OPTSTK,NFO,1.000000,270001,False
97708,NMDC27OCT2698CE,NMDC,27OCT2026,9800.000000,6750,OPTSTK,NFO,1.000000,270001,False
97709,HDFCLIFE27OCT26525CE,HDFCLIFE,27OCT2026,52500.000000,1100,OPTSTK,NFO,5.000000,44001,False
97721,HDFCLIFE27OCT26575PE,HDFCLIFE,27OCT2026,57500.000000,1100,OPTSTK,NFO,5.000000,44001,False
97723,HDFCLIFE27OCT26585PE,HDFCLIFE,27OCT2026,58500.000000,1100,OPTSTK,NFO,5.000000,44001,False
97805,NTPC29SEP26345CE,NTPC,29SEP2026,34500.000000,1500,OPTSTK,NFO,5.000000,75001,False
97853,COFORGE29SEP262000CE,COFORGE,29SEP2026,200000.000000,475,OPTSTK,NFO,5.000000,14251,False
97821,COFORGE29SEP261680CE,COFORGE,29SEP2026,168000.000000,475,OPTSTK,NFO,5.000000,14251,False
97828,NTPC29SEP26375CE,NTPC,29SEP2026,37500.000000,1500,OPTSTK,NFO,5.000000,75001,False
97829,NTPC29SEP26375PE,NTPC,29SEP2026,37500.000000,1500,OPTSTK,NFO,5.000000,75001,False
97924,NTPC27OCT26280PE,NTPC,27OCT2026,28000.000000,1500,OPTSTK,NFO,5.000000,75001,False
98023,NYKAA29SEP26365PE,NYKAA,29SEP2026,36500.000000,3125,OPTSTK,NFO,5.000000,93751,False
98086,NYKAA27OCT26350PE,NYKAA,27OCT2026,35000.000000,3125,OPTSTK,NFO,5.000000,93751,False
98091,NYKAA27OCT26380CE,NYKAA,27OCT2026,38000.000000,3125,OPTSTK,NFO,5.000000,93751,False
98130,COLPAL29SEP261520CE,COLPAL,29SEP2026,152000.000000,275,OPTSTK,NFO,5.000000,11001,False
98140,COLPAL29SEP261720CE,COLPAL,29SEP2026,172000.000000,275,OPTSTK,NFO,5.000000,11001,False
98169,COLPAL29SEP261920PE,COLPAL,29SEP2026,192000.000000,275,OPTSTK,NFO,5.000000,11001,False
98171,COLPAL29SEP261960PE,COLPAL,29SEP2026,196000.000000,275,OPTSTK,NFO,5.000000,11001,False
98174,COLPAL29SEP262000PE,COLPAL,29SEP2026,200000.000000,275,OPTSTK,NFO,5.000000,11001,False
98180,COLPAL29SEP262080PE,COLPAL,29SEP2026,208000.000000,275,OPTSTK,NFO,5.000000,11001,False
98187,OBEROIRLTY29SEP261580CE,OBEROIRLTY,29SEP2026,158000.000000,350,OPTSTK,NFO,5.000000,14001,False
98196,OBEROIRLTY29SEP261740CE,OBEROIRLTY,29SEP2026,174000.000000,350,OPTSTK,NFO,5.000000,14001,False
98215,HDFCLIFE23NOV26440PE,HDFCLIFE,23NOV2026,44000.000000,1100,OPTSTK,NFO,5.000000,44001,False
98218,HDFCLIFE23NOV26460CE,HDFCLIFE,23NOV2026,46000.000000,1100,OPTSTK,NFO,5.000000,44001,False
98221,HDFCLIFE23NOV26470PE,HDFCLIFE,23NOV2026,47000.000000,1100,OPTSTK,NFO,5.000000,44001,False
98226,HDFCLIFE23NOV26500CE,HDFCLIFE,23NOV2026,50000.000000,1100,OPTSTK,NFO,5.000000,44001,False
98228,HDFCLIFE23NOV26510CE,HDFCLIFE,23NOV2026,51000.000000,1100,OPTSTK,NFO,5.000000,44001,False
98232,HDFCLIFE23NOV26530CE,HDFCLIFE,23NOV2026,53000.000000,1100,OPTSTK,NFO,5.000000,44001,False
98236,HDFCLIFE23NOV26550CE,HDFCLIFE,23NOV2026,55000.000000,1100,OPTSTK,NFO,5.000000,44001,False
98245,HDFCLIFE23NOV26590PE,HDFCLIFE,23NOV2026,59000.000000,1100,OPTSTK,NFO,5.000000,44001,False
98250,HDFCLIFE23NOV26620CE,HDFCLIFE,23NOV2026,62000.000000,1100,OPTSTK,NFO,5.000000,44001,False
98299,OBEROIRLTY29SEP261780CE,OBEROIRLTY,29SEP2026,178000.000000,350,OPTSTK,NFO,5.000000,14001,False
98401,HEROMOTOCO27OCT266100CE,HEROMOTOCO,27OCT2026,610000.000000,150,OPTSTK,NFO,5.000000,4501,False
98435,OBEROIRLTY27OCT261600CE,OBEROIRLTY,27OCT2026,160000.000000,350,OPTSTK,NFO,5.000000,14001,False
98453,HEROMOTOCO23NOV264600PE,HEROMOTOCO,23NOV2026,460000.000000,150,OPTSTK,NFO,5.000000,4501,False
98514,OBEROIRLTY27OCT262040CE,OBEROIRLTY,27OCT2026,204000.000000,350,OPTSTK,NFO,5.000000,14001,False
98516,OBEROIRLTY27OCT262080CE,OBEROIRLTY,27OCT2026,208000.000000,350,OPTSTK,NFO,5.000000,14001,False
98520,OBEROIRLTY27OCT262160CE,OBEROIRLTY,27OCT2026,216000.000000,350,OPTSTK,NFO,5.000000,14001,False
98540,HINDALCO27OCT26900CE,HINDALCO,27OCT2026,90000.000000,700,OPTSTK,NFO,5.000000,21001,False
98572,HINDALCO27OCT261100PE,HINDALCO,27OCT2026,110000.000000,700,OPTSTK,NFO,5.000000,21001,False
98620,OFSS29SEP2610500CE,OFSS,29SEP2026,1050000.000000,100,OPTSTK,NFO,5.000000,2001,False
98625,OFSS29SEP2610700PE,OFSS,29SEP2026,1070000.000000,100,OPTSTK,NFO,5.000000,2001,False
98634,OFSS29SEP2611700CE,OFSS,29SEP2026,1170000.000000,100,OPTSTK,NFO,5.000000,2001,False
98638,OFSS29SEP2612100CE,OFSS,29SEP2026,1210000.000000,100,OPTSTK,NFO,5.000000,2001,False
98705,CONCOR29SEP26430PE,CONCOR,29SEP2026,43000.000000,1250,OPTSTK,NFO,5.000000,50001,False
98773,CONCOR29SEP26590PE,CONCOR,29SEP2026,59000.000000,1250,OPTSTK,NFO,5.000000,50001,False
98798,HINDALCO23NOV261120CE,HINDALCO,23NOV2026,112000.000000,700,OPTSTK,NFO,5.000000,21001,False
98836,HINDPETRO27OCT26410CE,HINDPETRO,27OCT2026,41000.000000,2025,OPTSTK,NFO,5.000000,60751,False
98892,CROMPTON29SEP26240CE,CROMPTON,29SEP2026,24000.000000,2150,OPTSTK,NFO,1.000000,86001,False
98916,OFSS27OCT2610800PE,OFSS,27OCT2026,1080000.000000,100,OPTSTK,NFO,5.000000,2001,False
98921,CROMPTON29SEP26260CE,CROMPTON,29SEP2026,26000.000000,2150,OPTSTK,NFO,1.000000,86001,False
98934,OFSS27OCT2611600PE,OFSS,27OCT2026,1160000.000000,100,OPTSTK,NFO,5.000000,2001,False
98947,CROMPTON29SEP26300CE,CROMPTON,29SEP2026,30000.000000,2150,OPTSTK,NFO,1.000000,86001,False
98999,HINDPETRO23NOV26360CE,HINDPETRO,23NOV2026,36000.000000,2025,OPTSTK,NFO,5.000000,60751,False
99004,OFSS27OCT2613600PE,OFSS,27OCT2026,1360000.000000,100,OPTSTK,NFO,5.000000,2001,False
99027,CUMMINSIND29SEP264600CE,CUMMINSIND,29SEP2026,460000.000000,200,OPTSTK,NFO,5.000000,4001,False
99049,HINDPETRO23NOV26440PE,HINDPETRO,23NOV2026,44000.000000,2025,OPTSTK,NFO,5.000000,60751,False
99099,CUMMINSIND29SEP266400PE,CUMMINSIND,29SEP2026,640000.000000,200,OPTSTK,NFO,5.000000,4001,False
99269,OIL27OCT26430PE,OIL,27OCT2026,43000.000000,1400,OPTSTK,NFO,5.000000,56001,False
99280,DABUR29SEP26320CE,DABUR,29SEP2026,32000.000000,1250,OPTSTK,NFO,5.000000,50001,False
99291,DABUR29SEP26340PE,DABUR,29SEP2026,34000.000000,1250,OPTSTK,NFO,5.000000,50001,False
99292,OIL27OCT26510PE,OIL,27OCT2026,51000.000000,1400,OPTSTK,NFO,5.000000,56001,False
99294,DABUR29SEP26350CE,DABUR,29SEP2026,35000.000000,1250,OPTSTK,NFO,5.000000,50001,False
99318,DABUR29SEP26470CE,DABUR,29SEP2026,47000.000000,1250,OPTSTK,NFO,5.000000,50001,False
99319,DABUR29SEP26470PE,DABUR,29SEP2026,47000.000000,1250,OPTSTK,NFO,5.000000,50001,False
99322,DABUR29SEP26490CE,DABUR,29SEP2026,49000.000000,1250,OPTSTK,NFO,5.000000,50001,False
99395,ONGC29SEP26212.5CE,ONGC,29SEP2026,21250.000000,2250,OPTSTK,NFO,1.000000,90001,False
99403,ONGC29SEP26217.5CE,ONGC,29SEP2026,21750.000000,2250,OPTSTK,NFO,1.000000,90001,False
99407,ONGC29SEP26227.5CE,ONGC,29SEP2026,22750.000000,2250,OPTSTK,NFO,1.000000,90001,False
99566,HINDUNILVR23NOV261880CE,HINDUNILVR,23NOV2026,188000.000000,300,OPTSTK,NFO,5.000000,12001,False
99567,HINDUNILVR23NOV261880PE,HINDUNILVR,23NOV2026,188000.000000,300,OPTSTK,NFO,5.000000,12001,False
99578,HINDUNILVR23NOV262080PE,HINDUNILVR,23NOV2026,208000.000000,300,OPTSTK,NFO,5.000000,12001,False
99585,ONGC27OCT26215CE,ONGC,27OCT2026,21500.000000,2250,OPTSTK,NFO,1.000000,90001,False
99600,HINDUNILVR23NOV262240CE,HINDUNILVR,23NOV2026,224000.000000,300,OPTSTK,NFO,5.000000,12001,False
99737,PAGEIND29SEP2631500CE,PAGEIND,29SEP2026,3150000.000000,20,OPTSTK,NFO,5.000000,601,False
99610,ONGC27OCT26250PE,ONGC,27OCT2026,25000.000000,2250,OPTSTK,NFO,1.000000,90001,False
99612,ONGC27OCT26255PE,ONGC,27OCT2026,25500.000000,2250,OPTSTK,NFO,1.000000,90001,False
99619,ONGC27OCT26275CE,ONGC,27OCT2026,27500.000000,2250,OPTSTK,NFO,1.000000,90001,False
99750,DELHIVERY29SEP26390CE,DELHIVERY,29SEP2026,39000.000000,2075,OPTSTK,NFO,5.000000,62251,False
99756,PAGEIND29SEP2633500PE,PAGEIND,29SEP2026,3350000.000000,20,OPTSTK,NFO,5.000000,601,False
99818,DELHIVERY29SEP26460CE,DELHIVERY,29SEP2026,46000.000000,2075,OPTSTK,NFO,5.000000,62251,False
99826,DELHIVERY29SEP26480CE,DELHIVERY,29SEP2026,48000.000000,2075,OPTSTK,NFO,5.000000,62251,False
99835,DELHIVERY29SEP26520PE,DELHIVERY,29SEP2026,52000.000000,2075,OPTSTK,NFO,5.000000,62251,False
99894,DELHIVERY29SEP26530PE,DELHIVERY,29SEP2026,53000.000000,2075,OPTSTK,NFO,5.000000,62251,False
99895,DELHIVERY29SEP26540CE,DELHIVERY,29SEP2026,54000.000000,2075,OPTSTK,NFO,5.000000,62251,False
99949,PAGEIND27OCT2637000CE,PAGEIND,27OCT2026,3700000.000000,20,OPTSTK,NFO,5.000000,601,False
99950,PAGEIND27OCT2637000PE,PAGEIND,27OCT2026,3700000.000000,20,OPTSTK,NFO,5.000000,601,False
99961,PAGEIND27OCT2641000CE,PAGEIND,27OCT2026,4100000.000000,20,OPTSTK,NFO,5.000000,601,False
99993,HINDZINC27OCT26530CE,HINDZINC,27OCT2026,53000.000000,1225,OPTSTK,NFO,5.000000,36751,False
100,GOI6.01%2030,601GS2030,,-1.000000,1,UNDIRC,CDS,25000.000000,1250,False
10008,USDINR26O2396.75PE,USDINR,23OCT2026,967500000.000000,1,OPTCUR,CDS,25000.000000,10000,False
10016,USDINR26O2397.75CE,USDINR,23OCT2026,977500000.000000,1,OPTCUR,CDS,25000.000000,10000,False
10030,JPYINR26NOV56.5PE,JPYINR,26NOV2026,565000000.000000,1,OPTCUR,CDS,25000.000000,10000,False
10033,JPYINR26NOV56.75CE,JPYINR,26NOV2026,567500000.000000,1,OPTCUR,CDS,25000.000000,10000,False
10065,JPYINR26NOV57.5PE,JPYINR,26NOV2026,575000000.000000,1,OPTCUR,CDS,25000.000000,10000,False
10069,USDJPY26OCT166CE,USDJPY,28OCT2026,1660000000.000000,1,OPTCUR,CDS,100000.000000,10000,False
1011,EURINR27FEBFUT,EURINR,24FEB2027,-1.000000,1,FUTCUR,CDS,25000.000000,10000,False
1012,EURUSD27FEBFUT,EURUSD,24FEB2027,-1.000000,1,FUTCUR,CDS,1000.000000,10000,False
10073,USDJPY26OCT166.5CE,USDJPY,28OCT2026,1665000000.000000,1,OPTCUR,CDS,100000.000000,10000,False
10098,USDINR26O2398.75CE,USDINR,23OCT2026,987500000.000000,1,OPTCUR,CDS,25000.000000,10000,False
1014,GBPUSD26DEC1.47CE,GBPUSD,29DEC2026,14700000.000000,1,OPTCUR,CDS,1000.000000,10000,False
10156,USDINR26O3096.25CE,USDINR,30OCT2026,962500000.000000,1,OPTCUR,CDS,25000.000000,10000,False
10163,694GS203626OCT97.75CE,694GS2036,29OCT2026,977500000.000000,1,OPTIRC,CDS,25000.000000,1250,False
10169,USDJPY26OCT169PE,USDJPY,28OCT2026,1690000000.000000,1,OPTCUR,CDS,100000.000000,10000,False
1022,633GS203526SEP94.5PE,633GS2035,24SEP2026,945000000.000000,1,OPTIRC,CDS,25000.000000,1250,False
10185,GBPINR26SEP130.25PE,GBPINR,28SEP2026,1302500000.000000,1,OPTCUR,CDS,25000.000000,10000,False
10186,694GS203626OCT98.75CE,694GS2036,29OCT2026,987500000.000000,1,OPTIRC,CDS,25000.000000,1250,False
10217,GBPINR26SEP131.5CE,GBPINR,28SEP2026,1315000000.000000,1,OPTCUR,CDS,25000.000000,10000,False
10228,694GS203626OCT99.75CE,694GS2036,29OCT2026,997500000.000000,1,OPTIRC,CDS,25000.000000,1250,False
10233,694GS203626OCT100.25PE,694GS2036,29OCT2026,1002500000.000000,1,OPTIRC,CDS,25000.000000,1250,False
10234,694GS203626OCT100.5CE,694GS2036,29OCT2026,1005000000.000000,1,OPTIRC,CDS,25000.000000,1250,False
10246,694GS203626OCT102CE,694GS2036,29OCT2026,1020000000.000000,1,OPTIRC,CDS,25000.000000,1250,False
1027,EURINR27AUGFUT,EURINR,27AUG2027,-1.000000,1,FUTCUR,CDS,25000.000000,10000,False
1028,ONMIBOR26NOVFUT,ONMIBOR,30NOV2026,-1.000000,1,FUTIRC,CDS,25000.000000,40,False
10247,694GS203626OCT102PE,694GS2036,29OCT2026,1020000000.000000,1,OPTIRC,CDS,25000.000000,1250,False
10274,723GS203926OCT99CE,723GS2039,29OCT2026,990000000.000000,1,OPTIRC,CDS,25000.000000,1250,False
10301,723GS203926OCT101.5PE,723GS2039,29OCT2026,1015000000.000000,1,OPTIRC,CDS,25000.000000,1250,False
10308,JPYINR26NOV58CE,JPYINR,26NOV2026,580000000.000000,1,OPTCUR,CDS,25000.000000,10000,False
10333,723GS203926OCT104PE,723GS2039,29OCT2026,1040000000.000000,1,OPTIRC,CDS,25000.000000,1250,False
10374,USDINR26O3097.75PE,USDINR,30OCT2026,977500000.000000,1,OPTCUR,CDS,25000.000000,10000,False
105,GOI6.48%2035,648GS2035,,-1.000000,1,UNDIRC,CDS,25000.000000,1250,False
1048,EURUSD27JANFUT,EURUSD,27JAN2027,-1.000000,1,FUTCUR,CDS,1000.000000,10000,False
10420,JPYINR26NOV59.75PE,JPYINR,26NOV2026,597500000.000000,1,OPTCUR,CDS,25000.000000,10000,False
10481,USDJPY26OCT174CE,USDJPY,28OCT2026,1740000000.000000,1,OPTCUR,CDS,100000.000000,10000,False
1063,USDINR27APRFUT,USDINR,28APR2027,-1.000000,1,FUTCUR,CDS,25000.000000,10000,False
10508,GBPUSD26OCT1.455CE,GBPUSD,28OCT2026,14550000.000000,1,OPTCUR,CDS,1000.000000,10000,False
10581,EURINR26N06FUT,EURINR,06NOV2026,-1.000000,1,FUTCUR,CDS,25000.000000,10000,False
10648,JPYINR26NOV61PE,JPYINR,26NOV2026,610000000.000000,1,OPTCUR,CDS,25000.000000,10000,False
1067,USDJPY27APRFUT,USDJPY,28APR2027,-1.000000,1,FUTCUR,CDS,100000.000000,10000,False
10704,JPYINR26NOV62.25PE,JPYINR,26NOV2026,622500000.000000,1,OPTCUR,CDS,25000.000000,10000,False
10728,JPYINR26NOV62.5PE,JPYINR,26NOV2026,625000000.000000,1,OPTCUR,CDS,25000.000000,10000,False
10731,EURINR26N06107.75PE,EURINR,06NOV2026,1077500000.000000,1,OPTCUR,CDS,25000.000000,10000,False
10764,EURINR26N06110.75CE,EURINR,06NOV2026,1107500000.000000,1,OPTCUR,CDS,25000.000000,10000,False
10780,JPYINR26NOV63.5CE,JPYINR,26NOV2026,635000000.000000,1,OPTCUR,CDS,25000.000000,10000,False
10800,EURINR26N06112.5CE,EURINR,06NOV2026,1125000000.000000,1,OPTCUR,CDS,25000.000000,10000,False
10808,EURINR26N06113.25PE,EURINR,06NOV2026,1132500000.000000,1,OPTCUR,CDS,25000.000000,10000,False
1082,21NSETEST36DEC29,21NSETEST,29DEC2036,-1.000000,1,FUTIRC,CDS,25000.000000,1250,False
10811,JPYINR26NOV64.75CE,JPYINR,26NOV2026,647500000.000000,1,OPTCUR,CDS,25000.000000,10000,False
10812,JPYINR26NOV64.75PE,JPYINR,26NOV2026,647500000.000000,1,OPTCUR,CDS,25000.000000,10000,False
10829,USDINR26SEP94.875CE,USDINR,28SEP2026,948750000.000000,1,OPTCUR,CDS,25000.000000,10000,False
1092,JPYINR27FEBFUT,JPYINR,24FEB2027,-1.000000,1,FUTCUR,CDS,25000.000000,10000,False
10951,USDJPY26SEP165CE,USDJPY,28SEP2026,1650000000.000000,1,OPTCUR,CDS,100000.000000,10000,False
11028,EURUSD26OCT1.285CE,EURUSD,28OCT2026,12850000.000000,1,OPTCUR,CDS,1000.000000,10000,False
11067,GBPUSD27JUN1.33PE,GBPUSD,28JUN2027,13300000.000000,1,OPTCUR,CDS,1000.000000,10000,False
1118,648GS203526OCTFUT,648GS2035,29OCT2026,-1.000000,1,FUTIRC,CDS,25000.000000,1250,False
11113,USDINR26SEP95.875PE,USDINR,28SEP2026,958750000.000000,1,OPTCUR,CDS,25000.000000,10000,False
11121,GBPUSD27JUN1.34PE,GBPUSD,28JUN2027,13400000.000000,1,OPTCUR,CDS,1000.000000,10000,False
11317,USDINR26SEP96.125PE,USDINR,28SEP2026,961250000.000000,1,OPTCUR,CDS,25000.000000,10000,False
1142,USDJPY27AUGFUT,USDJPY,27AUG2027,-1.000000,1,FUTCUR,CDS,100000.000000,10000,False
11367,GBPINR26N06125.25CE,GBPINR,06NOV2026,1252500000.000000,1,OPTCUR,CDS,25000.000000,10000,False
11447,GBPINR26N06126.75PE,GBPINR,06NOV2026,1267500000.000000,1,OPTCUR,CDS,25000.000000,10000,False
11455,GBPINR26N06127.75CE,GBPINR,06NOV2026,1277500000.000000,1,OPTCUR,CDS,25000.000000,10000,False
11461,GBPINR26N06128CE,GBPINR,06NOV2026,1280000000.000000,1,OPTCUR,CDS,25000.000000,10000,False
11484,USDJPY26SEP168.5CE,USDJPY,28SEP2026,1685000000.000000,1,OPTCUR,CDS,100000.000000,10000,False
11524,GBPUSD26SEP1.175CE,GBPUSD,28SEP2026,11750000.000000,1,OPTCUR,CDS,1000.000000,10000,False
11572,GBPINR26N06130.5CE,GBPINR,06NOV2026,1305000000.000000,1,OPTCUR,CDS,25000.000000,10000,False
11586,633GS203526DEC94.25CE,633GS2035,31DEC2026,942500000.000000,1,OPTIRC,CDS,25000.000000,1250,False
11587,633GS203526DEC94.25PE,633GS2035,31DEC2026,942500000.000000,1,OPTIRC,CDS,25000.000000,1250,False
11593,GBPINR26N06131PE,GBPINR,06NOV2026,1310000000.000000,1,OPTCUR,CDS,25000.000000,10000,False
11597,USDJPY27MAR144.5CE,USDJPY,29MAR2027,1445000000.000000,1,OPTCUR,CDS,100000.000000,10000,False
11621,694GS203626SEP99.5CE,694GS2036,24SEP2026,995000000.000000,1,OPTIRC,CDS,25000.000000,1250,False
11626,GBPINR26N06132.5CE,GBPINR,06NOV2026,1325000000.000000,1,OPTCUR,CDS,25000.000000,10000,False
11637,GBPINR26N06133CE,GBPINR,06NOV2026,1330000000.000000,1,OPTCUR,CDS,25000.000000,10000,False
11648,GBPINR26DEC120.25CE,GBPINR,29DEC2026,1202500000.000000,1,OPTCUR,CDS,25000.000000,10000,False
11650,GBPINR26N06133.25CE,GBPINR,06NOV2026,1332500000.000000,1,OPTCUR,CDS,25000.000000,10000,False
11671,633GS203526DEC95.25CE,633GS2035,31DEC2026,952500000.000000,1,OPTIRC,CDS,25000.000000,1250,False
11685,694GS203626SEP101.75CE,694GS2036,24SEP2026,1017500000.000000,1,OPTIRC,CDS,25000.000000,1250,False
11718,GBPINR26N06133.75PE,GBPINR,06NOV2026,1337500000.000000,1,OPTCUR,CDS,25000.000000,10000,False
1173,EURINR27JUN114.75CE,EURINR,28JUN2027,1147500000.000000,1,OPTCUR,CDS,25000.000000,10000,False
11776,GBPUSD26DEC1.485PE,GBPUSD,29DEC2026,14850000.000000,1,OPTCUR,CDS,1000.000000,10000,False
11787,694GS203626DEC100PE,694GS2036,31DEC2026,1000000000.000000,1,OPTIRC,CDS,25000.000000,1250,False
11788,694GS203626DEC100.25CE,694GS2036,31DEC2026,1002500000.000000,1,OPTIRC,CDS,25000.000000,1250,False
1195,USDJPY27MAYFUT,USDJPY,27MAY2027,-1.000000,1,FUTCUR,CDS,100000.000000,10000,False
11828,694GS203626DEC100.75CE,694GS2036,31DEC2026,1007500000.000000,1,OPTIRC,CDS,25000.000000,1250,False
11980,694GS203626DEC101.75CE,694GS2036,31DEC2026,1017500000.000000,1,OPTIRC,CDS,25000.000000,1250,False
12001,JPYINR26N0658CE,JPYINR,06NOV2026,580000000.000000,1,OPTCUR,CDS,25000.000000,10000,False
1201,EURUSD26OCT1.275CE,EURUSD,28OCT2026,12750000.000000,1,OPTCUR,CDS,1000.000000,10000,False
12003,JPYINR26N0658.25CE,JPYINR,06NOV2026,582500000.000000,1,OPTCUR,CDS,25000.000000,10000,False
12017,JPYINR26N0659.75CE,JPYINR,06NOV2026,597500000.000000,1,OPTCUR,CDS,25000.000000,10000,False
12020,JPYINR26N0660PE,JPYINR,06NOV2026,600000000.000000,1,OPTCUR,CDS,25000.000000,10000,False
1208,USDINR2692596.375PE,USDINR,25SEP2026,963750000.000000,1,OPTCUR,CDS,25000.000000,10000,False
1212,GBPUSD26DEC1.22PE,GBPUSD,29DEC2026,12200000.000000,1,OPTCUR,CDS,1000.000000,10000,False
12030,JPYINR26N0661.25PE,JPYINR,06NOV2026,612500000.000000,1,OPTCUR,CDS,25000.000000,10000,False
12052,JPYINR26N0664CE,JPYINR,06NOV2026,640000000.000000,1,OPTCUR,CDS,25000.000000,10000,False
12277,USDINR26N0692.75CE,USDINR,06NOV2026,927500000.000000,1,OPTCUR,CDS,25000.000000,10000,False
12316,USDINR26N0695.375PE,USDINR,06NOV2026,953750000.000000,1,OPTCUR,CDS,25000.000000,10000,False
12321,USDINR26N0695.5CE,USDINR,06NOV2026,955000000.000000,1,OPTCUR,CDS,25000.000000,10000,False
12322,USDINR26N0695.5PE,USDINR,06NOV2026,955000000.000000,1,OPTCUR,CDS,25000.000000,10000,False
12337,USDINR26N0696.125PE,USDINR,06NOV2026,961250000.000000,1,OPTCUR,CDS,25000.000000,10000,False
12357,USDINR26N0698PE,USDINR,06NOV2026,980000000.000000,1,OPTCUR,CDS,25000.000000,10000,False
12359,USDINR26N0698.25PE,USDINR,06NOV2026,982500000.000000,1,OPTCUR,CDS,25000.000000,10000,False
12375,USDINR26NOV91.75PE,USDINR,26NOV2026,917500000.000000,1,OPTCUR,CDS,25000.000000,10000,False
1276,GBPINR26OCTFUT,GBPINR,28OCT2026,-1.000000,1,FUTCUR,CDS,25000.000000,10000,False
12539,633GS203526DEC96PE,633GS2035,31DEC2026,960000000.000000,1,OPTIRC,CDS,25000.000000,1250,False
1278,USDJPY26DEC169PE,USDJPY,29DEC2026,1690000000.000000,1,OPTCUR,CDS,100000.000000,10000,False
12924,GBPINR27MAR129.25CE,GBPINR,29MAR2027,1292500000.000000,1,OPTCUR,CDS,25000.000000,10000,False
12937,USDINR26NOV94CE,USDINR,26NOV2026,940000000.000000,1,OPTCUR,CDS,25000.000000,10000,False
12953,694GS203627MAR97.75CE,694GS2036,25MAR2027,977500000.000000,1,OPTIRC,CDS,25000.000000,1250,False
12992,USDINR26NOV95.75PE,USDINR,26NOV2026,957500000.000000,1,OPTCUR,CDS,25000.000000,10000,False
13009,USDINR26NOV96.75CE,USDINR,26NOV2026,967500000.000000,1,OPTCUR,CDS,25000.000000,10000,False
12993,GBPUSD27JUN1.41CE,GBPUSD,28JUN2027,14100000.000000,1,OPTCUR,CDS,1000.000000,10000,False
13037,GBPUSD26DEC1.2CE,GBPUSD,29DEC2026,12000000.000000,1,OPTCUR,CDS,1000.000000,10000,False
13042,694GS203627MAR100CE,694GS2036,25MAR2027,1000000000.000000,1,OPTIRC,CDS,25000.000000,1250,False
13075,USDJPY26DEC171.5CE,USDJPY,29DEC2026,1715000000.000000,1,OPTCUR,CDS,100000.000000,10000,False
13079,694GS203627MAR100.5PE,694GS2036,25MAR2027,1005000000.000000,1,OPTIRC,CDS,25000.000000,1250,False
13083,694GS203627MAR101PE,694GS2036,25MAR2027,1010000000.000000,1,OPTIRC,CDS,25000.000000,1250,False
13086,694GS203627MAR101.5CE,694GS2036,25MAR2027,1015000000.000000,1,OPTIRC,CDS,25000.000000,1250,False
13089,GBPINR26SEP126.75PE,GBPINR,28SEP2026,1267500000.000000,1,OPTCUR,CDS,25000.000000,10000,False
13127,633GS203526DEC96.25CE,633GS2035,31DEC2026,962500000.000000,1,OPTIRC,CDS,25000.000000,1250,False
13142,GBPINR27MAR130.75PE,GBPINR,29MAR2027,1307500000.000000,1,OPTCUR,CDS,25000.000000,10000,False
13149,JPYINR27JUN56.5CE,JPYINR,28JUN2027,565000000.000000,1,OPTCUR,CDS,25000.000000,10000,False
13166,GBPUSD26SEP1.2CE,GBPUSD,28SEP2026,12000000.000000,1,OPTCUR,CDS,1000.000000,10000,False
13169,JPYINR27JUN57.5CE,JPYINR,28JUN2027,575000000.000000,1,OPTCUR,CDS,25000.000000,10000,False
1318,USDJPY26SEP173.5CE,USDJPY,28SEP2026,1735000000.000000,1,OPTCUR,CDS,100000.000000,10000,False
13186,USDJPY26NOV147CE,USDJPY,26NOV2026,1470000000.000000,1,OPTCUR,CDS,100000.000000,10000,False
13187,USDJPY26NOV147PE,USDJPY,26NOV2026,1470000000.000000,1,OPTCUR,CDS,100000.000000,10000,False
13203,USDJPY26NOV151PE,USDJPY,26NOV2026,1510000000.000000,1,OPTCUR,CDS,100000.000000,10000,False
13205,USDJPY26NOV151.5PE,USDJPY,26NOV2026,1515000000.000000,1,OPTCUR,CDS,100000.000000,10000,False
13207,USDJPY26NOV152PE,USDJPY,26NOV2026,1520000000.000000,1,OPTCUR,CDS,100000.000000,10000,False
13212,USDJPY26NOV153.5CE,USDJPY,26NOV2026,1535000000.000000,1,OPTCUR,CDS,100000.000000,10000,False
13220,USDJPY26NOV155.5CE,USDJPY,26NOV2026,1555000000.000000,1,OPTCUR,CDS,100000.000000,10000,False
13222,USDJPY26NOV156CE,USDJPY,26NOV2026,1560000000.000000,1,OPTCUR,CDS,100000.000000,10000,False
13226,USDJPY26NOV157CE,USDJPY,26NOV2026,1570000000.000000,1,OPTCUR,CDS,100000.000000,10000,False
13228,USDJPY26NOV157.5CE,USDJPY,26NOV2026,1575000000.000000,1,OPTCUR,CDS,100000.000000,10000,False
13248,USDJPY26NOV162.5CE,USDJPY,26NOV2026,1625000000.000000,1,OPTCUR,CDS,100000.000000,10000,False
13262,USDJPY26NOV165.5CE,USDJPY,26NOV2026,1655000000.000000,1,OPTCUR,CDS,100000.000000,10000,False
13271,USDJPY26NOV167.5PE,USDJPY,26NOV2026,1675000000.000000,1,OPTCUR,CDS,100000.000000,10000,False
13279,USDJPY26NOV169.5PE,USDJPY,26NOV2026,1695000000.000000,1,OPTCUR,CDS,100000.000000,10000,False
13289,USDJPY26NOV171CE,USDJPY,26NOV2026,1710000000.000000,1,OPTCUR,CDS,100000.000000,10000,False
13301,648GS203526NOVFUT,648GS2035,26NOV2026,-1.000000,1,FUTIRC,CDS,25000.000000,1250,False
13303,JPYINR27JUN58.5PE,JPYINR,28JUN2027,585000000.000000,1,OPTCUR,CDS,25000.000000,10000,False
13314,JPYINR27JUN59.25CE,JPYINR,28JUN2027,592500000.000000,1,OPTCUR,CDS,25000.000000,10000,False
13315,JPYINR27JUN59.25PE,JPYINR,28JUN2027,592500000.000000,1,OPTCUR,CDS,25000.000000,10000,False
13334,EURINR26N13107.25PE,EURINR,13NOV2026,1072500000.000000,1,OPTCUR,CDS,25000.000000,10000,False
13340,EURINR26N13107.75PE,EURINR,13NOV2026,1077500000.000000,1,OPTCUR,CDS,25000.000000,10000,False
13350,694GS203626SEP103.25PE,694GS2036,24SEP2026,1032500000.000000,1,OPTIRC,CDS,25000.000000,1250,False
13387,JPYINR27JUN61.75CE,JPYINR,28JUN2027,617500000.000000,1,OPTCUR,CDS,25000.000000,10000,False
13389,JPYINR27JUN62CE,JPYINR,28JUN2027,620000000.000000,1,OPTCUR,CDS,25000.000000,10000,False
13392,JPYINR27JUN62.25PE,JPYINR,28JUN2027,622500000.000000,1,OPTCUR,CDS,25000.000000,10000,False
13402,JPYINR27JUN63.5PE,JPYINR,28JUN2027,635000000.000000,1,OPTCUR,CDS,25000.000000,10000,False
13408,EURINR26N13109.5PE,EURINR,13NOV2026,1095000000.000000,1,OPTCUR,CDS,25000.000000,10000,False
1342,EURUSD27MAR1.035PE,EURUSD,29MAR2027,10350000.000000,1,OPTCUR,CDS,1000.000000,10000,False
13414,USDINR26SEP99PE,USDINR,28SEP2026,990000000.000000,1,OPTCUR,CDS,25000.000000,10000,False
13419,USDINR26DEC99CE,USDINR,29DEC2026,990000000.000000,1,OPTCUR,CDS,25000.000000,10000,False
13430,GBPINR27MAR131.25PE,GBPINR,29MAR2027,1312500000.000000,1,OPTCUR,CDS,25000.000000,10000,False
13438,GBPUSD27MAR1.225PE,GBPUSD,29MAR2027,12250000.000000,1,OPTCUR,CDS,1000.000000,10000,False
13439,GBPUSD27MAR1.23CE,GBPUSD,29MAR2027,12300000.000000,1,OPTCUR,CDS,1000.000000,10000,False
13447,GBPUSD27MAR1.25CE,GBPUSD,29MAR2027,12500000.000000,1,OPTCUR,CDS,1000.000000,10000,False
13441,GBPUSD27MAR1.235CE,GBPUSD,29MAR2027,12350000.000000,1,OPTCUR,CDS,1000.000000,10000,False
13450,GBPUSD27MAR1.255PE,GBPUSD,29MAR2027,12550000.000000,1,OPTCUR,CDS,1000.000000,10000,False
13452,GBPUSD27MAR1.26PE,GBPUSD,29MAR2027,12600000.000000,1,OPTCUR,CDS,1000.000000,10000,False
13453,GBPUSD27MAR1.265CE,GBPUSD,29MAR2027,12650000.000000,1,OPTCUR,CDS,1000.000000,10000,False
13460,GBPUSD27MAR1.28CE,GBPUSD,29MAR2027,12800000.000000,1,OPTCUR,CDS,1000.000000,10000,False
13464,EURINR26N13110.25PE,EURINR,13NOV2026,1102500000.000000,1,OPTCUR,CDS,25000.000000,10000,False
13468,GBPUSD27MAR1.295CE,GBPUSD,29MAR2027,12950000.000000,1,OPTCUR,CDS,1000.000000,10000,False
13470,GBPUSD27MAR1.3CE,GBPUSD,29MAR2027,13000000.000000,1,OPTCUR,CDS,1000.000000,10000,False
13476,GBPUSD27MAR1.315CE,GBPUSD,29MAR2027,13150000.000000,1,OPTCUR,CDS,1000.000000,10000,False
13478,GBPUSD27MAR1.32CE,GBPUSD,29MAR2027,13200000.000000,1,OPTCUR,CDS,1000.000000,10000,False
13498,GBPUSD27MAR1.37CE,GBPUSD,29MAR2027,13700000.000000,1,OPTCUR,CDS,1000.000000,10000,False
13510,GBPUSD27MAR1.4CE,GBPUSD,29MAR2027,14000000.000000,1,OPTCUR,CDS,1000.000000,10000,False
13522,GBPUSD27MAR1.43CE,GBPUSD,29MAR2027,14300000.000000,1,OPTCUR,CDS,1000.000000,10000,False
13523,GBPUSD27MAR1.43PE,GBPUSD,29MAR2027,14300000.000000,1,OPTCUR,CDS,1000.000000,10000,False
13524,GBPUSD27MAR1.435CE,GBPUSD,29MAR2027,14350000.000000,1,OPTCUR,CDS,1000.000000,10000,False
13531,GBPINR26DEC123.5PE,GBPINR,29DEC2026,1235000000.000000,1,OPTCUR,CDS,25000.000000,10000,False
13543,EURINR26N13111.25PE,EURINR,13NOV2026,1112500000.000000,1,OPTCUR,CDS,25000.000000,10000,False
13544,GBPINR26DEC124.25PE,GBPINR,29DEC2026,1242500000.000000,1,OPTCUR,CDS,25000.000000,10000,False
10,R-GOI6.68%2031,R668GS2031,,-1.000000,1,UNDIRC,CDS,25000.000000,1250,False
10007,USDINR26O2396.75CE,USDINR,23OCT2026,967500000.000000,1,OPTCUR,CDS,25000.000000,10000,False
1001,EURINR26O16FUT,EURINR,16OCT2026,-1.000000,1,FUTCUR,CDS,25000.000000,10000,False
10010,USDINR26O2397PE,USDINR,23OCT2026,970000000.000000,1,OPTCUR,CDS,25000.000000,10000,False
10059,JPYINR26NOV57.25PE,JPYINR,26NOV2026,572500000.000000,1,OPTCUR,CDS,25000.000000,10000,False
10067,JPYINR26NOV57.75CE,JPYINR,26NOV2026,577500000.000000,1,OPTCUR,CDS,25000.000000,10000,False
1008,EURINR27JUN114CE,EURINR,28JUN2027,1140000000.000000,1,OPTCUR,CDS,25000.000000,10000,False
10072,USDJPY26OCT166PE,USDJPY,28OCT2026,1660000000.000000,1,OPTCUR,CDS,100000.000000,10000,False
10076,USDINR26O2398CE,USDINR,23OCT2026,980000000.000000,1,OPTCUR,CDS,25000.000000,10000,False
10090,USDINR26O2398.5CE,USDINR,23OCT2026,985000000.000000,1,OPTCUR,CDS,25000.000000,10000,False
10095,694GS203626OCT97.5CE,694GS2036,29OCT2026,975000000.000000,1,OPTIRC,CDS,25000.000000,1250,False
10096,694GS203626OCT97.5PE,694GS2036,29OCT2026,975000000.000000,1,OPTIRC,CDS,25000.000000,1250,False
10175,EURINR26SEP111.75PE,EURINR,28SEP2026,1117500000.000000,1,OPTCUR,CDS,25000.000000,10000,False
10190,GBPINR26SEP130.5PE,GBPINR,28SEP2026,1305000000.000000,1,OPTCUR,CDS,25000.000000,10000,False
1021,633GS203526DEC94PE,633GS2035,31DEC2026,940000000.000000,1,OPTIRC,CDS,25000.000000,1250,False
1023,EURUSD27APRFUT,EURUSD,28APR2027,-1.000000,1,FUTCUR,CDS,1000.000000,10000,False
10225,694GS203626OCT99.25PE,694GS2036,29OCT2026,992500000.000000,1,OPTIRC,CDS,25000.000000,1250,False
10227,694GS203626OCT99.5PE,694GS2036,29OCT2026,995000000.000000,1,OPTIRC,CDS,25000.000000,1250,False
10243,694GS203626OCT101.5PE,694GS2036,29OCT2026,1015000000.000000,1,OPTIRC,CDS,25000.000000,1250,False
10251,694GS203626OCT102.5PE,694GS2036,29OCT2026,1025000000.000000,1,OPTIRC,CDS,25000.000000,1250,False
10279,GBPINR26DEC130.25CE,GBPINR,29DEC2026,1302500000.000000,1,OPTCUR,CDS,25000.000000,10000,False
10284,USDINR26O3096.75PE,USDINR,30OCT2026,967500000.000000,1,OPTCUR,CDS,25000.000000,10000,False
10287,723GS203926OCT100PE,723GS2039,29OCT2026,1000000000.000000,1,OPTIRC,CDS,25000.000000,1250,False
10313,JPYINR26NOV58PE,JPYINR,26NOV2026,580000000.000000,1,OPTCUR,CDS,25000.000000,10000,False
10320,723GS203926OCT102.5PE,723GS2039,29OCT2026,1025000000.000000,1,OPTIRC,CDS,25000.000000,1250,False
10329,723GS203926OCT103.5PE,723GS2039,29OCT2026,1035000000.000000,1,OPTIRC,CDS,25000.000000,1250,False
10358,JPYINR26NOV58.5PE,JPYINR,26NOV2026,585000000.000000,1,OPTCUR,CDS,25000.000000,10000,False
10368,GBPINR26DEC130.75PE,GBPINR,29DEC2026,1307500000.000000,1,OPTCUR,CDS,25000.000000,10000,False
10377,GBPINR26DEC131PE,GBPINR,29DEC2026,1310000000.000000,1,OPTCUR,CDS,25000.000000,10000,False
10381,GBPINR26DEC131.5PE,GBPINR,29DEC2026,1315000000.000000,1,OPTCUR,CDS,25000.000000,10000,False
10390,USDINR26O3098.5CE,USDINR,30OCT2026,985000000.000000,1,OPTCUR,CDS,25000.000000,10000,False
10404,JPYINR26NOV59.25CE,JPYINR,26NOV2026,592500000.000000,1,OPTCUR,CDS,25000.000000,10000,False
10462,USDJPY26OCT172CE,USDJPY,28OCT2026,1720000000.000000,1,OPTCUR,CDS,100000.000000,10000,False
10466,GBPUSD26OCT1.475PE,GBPUSD,28OCT2026,14750000.000000,1,OPTCUR,CDS,1000.000000,10000,False
1051,EURINR27MAYFUT,EURINR,27MAY2027,-1.000000,1,FUTCUR,CDS,25000.000000,10000,False
10468,GBPUSD27JUN1.475PE,GBPUSD,28JUN2027,14750000.000000,1,OPTCUR,CDS,1000.000000,10000,False
10503,USDJPY26OCT175.5PE,USDJPY,28OCT2026,1755000000.000000,1,OPTCUR,CDS,100000.000000,10000,False
10524,JPYINR26NOV60PE,JPYINR,26NOV2026,600000000.000000,1,OPTCUR,CDS,25000.000000,10000,False
1055,EURUSD27AUGFUT,EURUSD,27AUG2027,-1.000000,1,FUTCUR,CDS,1000.000000,10000,False
10534,USDINR26O0194.875PE,USDINR,01OCT2026,948750000.000000,1,OPTCUR,CDS,25000.000000,10000,False
10536,USDINR26O0994.875PE,USDINR,09OCT2026,948750000.000000,1,OPTCUR,CDS,25000.000000,10000,False
10724,EURINR26N06107.25CE,EURINR,06NOV2026,1072500000.000000,1,OPTCUR,CDS,25000.000000,10000,False
10729,JPYINR26NOV62.75CE,JPYINR,26NOV2026,627500000.000000,1,OPTCUR,CDS,25000.000000,10000,False
10732,EURINR26N06108CE,EURINR,06NOV2026,1080000000.000000,1,OPTCUR,CDS,25000.000000,10000,False
10735,EURINR26N06108.25PE,EURINR,06NOV2026,1082500000.000000,1,OPTCUR,CDS,25000.000000,10000,False
10737,EURINR26N06108.5PE,EURINR,06NOV2026,1085000000.000000,1,OPTCUR,CDS,25000.000000,10000,False
10741,EURINR26N06109PE,EURINR,06NOV2026,1090000000.000000,1,OPTCUR,CDS,25000.000000,10000,False
10758,EURINR26N06110CE,EURINR,06NOV2026,1100000000.000000,1,OPTCUR,CDS,25000.000000,10000,False
10770,EURINR26N06111.5CE,EURINR,06NOV2026,1115000000.000000,1,OPTCUR,CDS,25000.000000,10000,False
10774,JPYINR26NOV63CE,JPYINR,26NOV2026,630000000.000000,1,OPTCUR,CDS,25000.000000,10000,False
10789,EURINR26N06112PE,EURINR,06NOV2026,1120000000.000000,1,OPTCUR,CDS,25000.000000,10000,False
10798,EURINR26N06112.25CE,EURINR,06NOV2026,1122500000.000000,1,OPTCUR,CDS,25000.000000,10000,False
10806,JPYINR26NOV64.5PE,JPYINR,26NOV2026,645000000.000000,1,OPTCUR,CDS,25000.000000,10000,False
11,GOI8.27%2020,827GS2020,,-1.000000,1,UNDIRC,CDS,25000.000000,1250,False
10832,USDINR26SEP95.125PE,USDINR,28SEP2026,951250000.000000,1,OPTCUR,CDS,25000.000000,10000,False
10968,EURINR26N06114.5PE,EURINR,06NOV2026,1145000000.000000,1,OPTCUR,CDS,25000.000000,10000,False
11033,EURUSD27JUN1.285PE,EURUSD,28JUN2027,12850000.000000,1,OPTCUR,CDS,1000.000000,10000,False
1107,EURUSD26DECFUT,EURUSD,29DEC2026,-1.000000,1,FUTCUR,CDS,1000.000000,10000,False
1121,GBPINR27JUN131PE,GBPINR,28JUN2027,1310000000.000000,1,OPTCUR,CDS,25000.000000,10000,False
11051,GBPINR26DEC119.75CE,GBPINR,29DEC2026,1197500000.000000,1,OPTCUR,CDS,25000.000000,10000,False
11118,GBPUSD27JUN1.335CE,GBPUSD,28JUN2027,13350000.000000,1,OPTCUR,CDS,1000.000000,10000,False
1128,EURUSD26DEC1.05PE,EURUSD,29DEC2026,10500000.000000,1,OPTCUR,CDS,1000.000000,10000,False
11316,USDINR26SEP96.125CE,USDINR,28SEP2026,961250000.000000,1,OPTCUR,CDS,25000.000000,10000,False
11321,GBPUSD27JUN1.35PE,GBPUSD,28JUN2027,13500000.000000,1,OPTCUR,CDS,1000.000000,10000,False
1137,668GS204026SEP94.25CE,668GS2040,24SEP2026,942500000.000000,1,OPTIRC,CDS,25000.000000,1250,False
1146,723GS203926OCTFUT,723GS2039,29OCT2026,-1.000000,1,FUTIRC,CDS,25000.000000,1250,False
11460,GBPINR26N06127.75PE,GBPINR,06NOV2026,1277500000.000000,1,OPTCUR,CDS,25000.000000,10000,False
11472,GBPINR26N06129CE,GBPINR,06NOV2026,1290000000.000000,1,OPTCUR,CDS,25000.000000,10000,False
1149,ONMIBOR26OCTFUT,ONMIBOR,30OCT2026,-1.000000,1,FUTIRC,CDS,25000.000000,40,False
1154,EURINR26918114.75PE,EURINR,18SEP2026,1147500000.000000,1,OPTCUR,CDS,25000.000000,10000,False
11485,USDJPY26SEP168.5PE,USDJPY,28SEP2026,1685000000.000000,1,OPTCUR,CDS,100000.000000,10000,False
11488,USDJPY26SEP169.5CE,USDJPY,28SEP2026,1695000000.000000,1,OPTCUR,CDS,100000.000000,10000,False
11570,GBPINR26N06130.25CE,GBPINR,06NOV2026,1302500000.000000,1,OPTCUR,CDS,25000.000000,10000,False
11595,GBPINR26N06131.25PE,GBPINR,06NOV2026,1312500000.000000,1,OPTCUR,CDS,25000.000000,10000,False
11653,694GS203626SEP100.75PE,694GS2036,24SEP2026,1007500000.000000,1,OPTIRC,CDS,25000.000000,1250,False
11636,GBPINR26N06132.75PE,GBPINR,06NOV2026,1327500000.000000,1,OPTCUR,CDS,25000.000000,10000,False
11662,694GS203626SEP101PE,694GS2036,24SEP2026,1010000000.000000,1,OPTIRC,CDS,25000.000000,1250,False
11696,694GS203626SEP103PE,694GS2036,24SEP2026,1030000000.000000,1,OPTIRC,CDS,25000.000000,1250,False
11707,GBPINR26DEC120.75CE,GBPINR,29DEC2026,1207500000.000000,1,OPTCUR,CDS,25000.000000,10000,False
11725,694GS203626DEC97.5CE,694GS2036,31DEC2026,975000000.000000,1,OPTIRC,CDS,25000.000000,1250,False
11746,633GS203526DEC95.5PE,633GS2035,31DEC2026,955000000.000000,1,OPTIRC,CDS,25000.000000,1250,False
11764,GBPUSD26SEP1.475PE,GBPUSD,28SEP2026,14750000.000000,1,OPTCUR,CDS,1000.000000,10000,False
11767,GBPUSD26SEP1.485CE,GBPUSD,28SEP2026,14850000.000000,1,OPTCUR,CDS,1000.000000,10000,False
11775,GBPUSD26DEC1.485CE,GBPUSD,29DEC2026,14850000.000000,1,OPTCUR,CDS,1000.000000,10000,False
1181,GBPUSD26DECFUT,GBPUSD,29DEC2026,-1.000000,1,FUTCUR,CDS,1000.000000,10000,False
11902,USDINR26SEP95.5CE,USDINR,28SEP2026,955000000.000000,1,OPTCUR,CDS,25000.000000,10000,False
12008,JPYINR26N0658.75CE,JPYINR,06NOV2026,587500000.000000,1,OPTCUR,CDS,25000.000000,10000,False
12013,JPYINR26N0659.25CE,JPYINR,06NOV2026,592500000.000000,1,OPTCUR,CDS,25000.000000,10000,False
12015,JPYINR26N0659.5CE,JPYINR,06NOV2026,595000000.000000,1,OPTCUR,CDS,25000.000000,10000,False
12023,JPYINR26N0660.5CE,JPYINR,06NOV2026,605000000.000000,1,OPTCUR,CDS,25000.000000,10000,False
12033,694GS203626DEC102.25CE,694GS2036,31DEC2026,1022500000.000000,1,OPTIRC,CDS,25000.000000,1250,False
12047,JPYINR26N0663.25PE,JPYINR,06NOV2026,632500000.000000,1,OPTCUR,CDS,25000.000000,10000,False
1211,GBPUSD26DEC1.22CE,GBPUSD,29DEC2026,12200000.000000,1,OPTCUR,CDS,1000.000000,10000,False
12048,JPYINR26N0663.5CE,JPYINR,06NOV2026,635000000.000000,1,OPTCUR,CDS,25000.000000,10000,False
12050,JPYINR26N0663.75CE,JPYINR,06NOV2026,637500000.000000,1,OPTCUR,CDS,25000.000000,10000,False
12055,USDINR26N0694.625PE,USDINR,06NOV2026,946250000.000000,1,OPTCUR,CDS,25000.000000,10000,False
12263,USDINR26N0691CE,USDINR,06NOV2026,910000000.000000,1,OPTCUR,CDS,25000.000000,10000,False
1214,EURUSD27MAR1.025CE,EURUSD,29MAR2027,10250000.000000,1,OPTCUR,CDS,1000.000000,10000,False
1216,EURUSD27MAR1.025PE,EURUSD,29MAR2027,10250000.000000,1,OPTCUR,CDS,1000.000000,10000,False
12242,EURUSD26DEC1.035PE,EURUSD,29DEC2026,10350000.000000,1,OPTCUR,CDS,1000.000000,10000,False
12265,USDINR26N0691.25CE,USDINR,06NOV2026,912500000.000000,1,OPTCUR,CDS,25000.000000,10000,False
12267,USDINR26N0691.5CE,USDINR,06NOV2026,915000000.000000,1,OPTCUR,CDS,25000.000000,10000,False
12269,USDINR26N0691.75CE,USDINR,06NOV2026,917500000.000000,1,OPTCUR,CDS,25000.000000,10000,False
12280,USDINR26N0693PE,USDINR,06NOV2026,930000000.000000,1,OPTCUR,CDS,25000.000000,10000,False
12285,USDINR26N0693.75CE,USDINR,06NOV2026,937500000.000000,1,OPTCUR,CDS,25000.000000,10000,False
12290,USDINR26N0694CE,USDINR,06NOV2026,940000000.000000,1,OPTCUR,CDS,25000.000000,10000,False
12293,USDINR26N0694.25PE,USDINR,06NOV2026,942500000.000000,1,OPTCUR,CDS,25000.000000,10000,False
12328,USDINR26N0695.625PE,USDINR,06NOV2026,956250000.000000,1,OPTCUR,CDS,25000.000000,10000,False
12347,USDINR26N0697PE,USDINR,06NOV2026,970000000.000000,1,OPTCUR,CDS,25000.000000,10000,False
12350,USDINR26N0697.25PE,USDINR,06NOV2026,972500000.000000,1,OPTCUR,CDS,25000.000000,10000,False
12356,USDINR26N0698CE,USDINR,06NOV2026,980000000.000000,1,OPTCUR,CDS,25000.000000,10000,False
12370,USDINR26NOV91.25CE,USDINR,26NOV2026,912500000.000000,1,OPTCUR,CDS,25000.000000,10000,False
1254,JPYINR26DECFUT,JPYINR,29DEC2026,-1.000000,1,FUTCUR,CDS,25000.000000,10000,False
12479,JPYINR26SEP60.5CE,JPYINR,28SEP2026,605000000.000000,1,OPTCUR,CDS,25000.000000,10000,False
12536,633GS203526DEC95.75CE,633GS2035,31DEC2026,957500000.000000,1,OPTIRC,CDS,25000.000000,1250,False
12538,633GS203526DEC96CE,633GS2035,31DEC2026,960000000.000000,1,OPTIRC,CDS,25000.000000,1250,False
1263,EURUSD26DEC1.03PE,EURUSD,29DEC2026,10300000.000000,1,OPTCUR,CDS,1000.000000,10000,False
1267,723GS203926SEP99CE,723GS2039,24SEP2026,990000000.000000,1,OPTIRC,CDS,25000.000000,1250,False
12555,USDINR26NOV92CE,USDINR,26NOV2026,920000000.000000,1,OPTCUR,CDS,25000.000000,10000,False
1284,USDINR26OCTFUT,USDINR,28OCT2026,-1.000000,1,FUTCUR,CDS,25000.000000,10000,False
12798,668GS204027MAR99.75PE,668GS2040,25MAR2027,997500000.000000,1,OPTIRC,CDS,25000.000000,1250,False
12853,USDINR26NOV92.5CE,USDINR,26NOV2026,925000000.000000,1,OPTCUR,CDS,25000.000000,10000,False
12909,GBPUSD27JUN1.365PE,GBPUSD,28JUN2027,13650000.000000,1,OPTCUR,CDS,1000.000000,10000,False
12910,GBPUSD27JUN1.37CE,GBPUSD,28JUN2027,13700000.000000,1,OPTCUR,CDS,1000.000000,10000,False
12948,694GS203627MAR97PE,694GS2036,25MAR2027,970000000.000000,1,OPTIRC,CDS,25000.000000,1250,False
12957,694GS203627MAR98.25CE,694GS2036,25MAR2027,982500000.000000,1,OPTIRC,CDS,25000.000000,1250,False
12958,694GS203627MAR98.25PE,694GS2036,25MAR2027,982500000.000000,1,OPTIRC,CDS,25000.000000,1250,False
12959,694GS203627MAR98.5CE,694GS2036,25MAR2027,985000000.000000,1,OPTIRC,CDS,25000.000000,1250,False
12968,GBPINR26DEC122CE,GBPINR,29DEC2026,1220000000.000000,1,OPTCUR,CDS,25000.000000,10000,False
12983,GBPUSD27JUN1.395CE,GBPUSD,28JUN2027,13950000.000000,1,OPTCUR,CDS,1000.000000,10000,False
12989,USDINR26NOV95.5CE,USDINR,26NOV2026,955000000.000000,1,OPTCUR,CDS,25000.000000,10000,False
12996,GBPUSD27JUN1.415PE,GBPUSD,28JUN2027,14150000.000000,1,OPTCUR,CDS,1000.000000,10000,False
12999,EURUSD26DEC1.02CE,EURUSD,29DEC2026,10200000.000000,1,OPTCUR,CDS,1000.000000,10000,False
13021,GBPUSD27JUN1.425CE,GBPUSD,28JUN2027,14250000.000000,1,OPTCUR,CDS,1000.000000,10000,False
13023,GBPUSD27JUN1.43CE,GBPUSD,28JUN2027,14300000.000000,1,OPTCUR,CDS,1000.000000,10000,False
13025,GBPUSD27JUN1.435CE,GBPUSD,28JUN2027,14350000.000000,1,OPTCUR,CDS,1000.000000,10000,False
13031,USDINR26NOV97.25CE,USDINR,26NOV2026,972500000.000000,1,OPTCUR,CDS,25000.000000,10000,False
13055,USDINR26NOV97.5CE,USDINR,26NOV2026,975000000.000000,1,OPTCUR,CDS,25000.000000,10000,False
13056,USDINR26NOV97.5PE,USDINR,26NOV2026,975000000.000000,1,OPTCUR,CDS,25000.000000,10000,False
13058,USDINR26NOV97.75PE,USDINR,26NOV2026,977500000.000000,1,OPTCUR,CDS,25000.000000,10000,False
13071,USDJPY26SEP171.5CE,USDJPY,28SEP2026,1715000000.000000,1,OPTCUR,CDS,100000.000000,10000,False
13082,694GS203627MAR101CE,694GS2036,25MAR2027,1010000000.000000,1,OPTIRC,CDS,25000.000000,1250,False
13093,694GS203627MAR102CE,694GS2036,25MAR2027,1020000000.000000,1,OPTIRC,CDS,25000.000000,1250,False
13096,694GS203627MAR102.25PE,694GS2036,25MAR2027,1022500000.000000,1,OPTIRC,CDS,25000.000000,1250,False
13119,JPYINR27JUN55.25CE,JPYINR,28JUN2027,552500000.000000,1,OPTCUR,CDS,25000.000000,10000,False
13133,GBPINR27MAR129.75CE,GBPINR,29MAR2027,1297500000.000000,1,OPTCUR,CDS,25000.000000,10000,False
13138,GBPINR27MAR130.25PE,GBPINR,29MAR2027,1302500000.000000,1,OPTCUR,CDS,25000.000000,10000,False
13147,JPYINR27JUN56.25CE,JPYINR,28JUN2027,562500000.000000,1,OPTCUR,CDS,25000.000000,10000,False
13167,GBPUSD26SEP1.2PE,GBPUSD,28SEP2026,12000000.000000,1,OPTCUR,CDS,1000.000000,10000,False
13209,USDJPY26NOV152.5PE,USDJPY,26NOV2026,1525000000.000000,1,OPTCUR,CDS,100000.000000,10000,False
1321,USDJPY26SEP173.5PE,USDJPY,28SEP2026,1735000000.000000,1,OPTCUR,CDS,100000.000000,10000,False
13224,USDJPY26NOV156.5CE,USDJPY,26NOV2026,1565000000.000000,1,OPTCUR,CDS,100000.000000,10000,False
13232,USDJPY26NOV158.5CE,USDJPY,26NOV2026,1585000000.000000,1,OPTCUR,CDS,100000.000000,10000,False
13235,USDJPY26NOV159PE,USDJPY,26NOV2026,1590000000.000000,1,OPTCUR,CDS,100000.000000,10000,False
13237,USDJPY26NOV159.5PE,USDJPY,26NOV2026,1595000000.000000,1,OPTCUR,CDS,100000.000000,10000,False
13238,USDJPY26NOV160CE,USDJPY,26NOV2026,1600000000.000000,1,OPTCUR,CDS,100000.000000,10000,False
13243,USDJPY26NOV161PE,USDJPY,26NOV2026,1610000000.000000,1,OPTCUR,CDS,100000.000000,10000,False
13245,USDJPY26NOV161.5PE,USDJPY,26NOV2026,1615000000.000000,1,OPTCUR,CDS,100000.000000,10000,False
13249,GBPINR26DEC122.25PE,GBPINR,29DEC2026,1222500000.000000,1,OPTCUR,CDS,25000.000000,10000,False
13252,USDJPY26NOV163CE,USDJPY,26NOV2026,1630000000.000000,1,OPTCUR,CDS,100000.000000,10000,False
13255,USDJPY26NOV163.5PE,USDJPY,26NOV2026,1635000000.000000,1,OPTCUR,CDS,100000.000000,10000,False
13261,USDJPY26NOV165PE,USDJPY,26NOV2026,1650000000.000000,1,OPTCUR,CDS,100000.000000,10000,False
13265,USDJPY26NOV166PE,USDJPY,26NOV2026,1660000000.000000,1,OPTCUR,CDS,100000.000000,10000,False
13266,USDJPY26NOV166.5CE,USDJPY,26NOV2026,1665000000.000000,1,OPTCUR,CDS,100000.000000,10000,False
13273,USDJPY26NOV168PE,USDJPY,26NOV2026,1680000000.000000,1,OPTCUR,CDS,100000.000000,10000,False
13275,USDJPY26NOV168.5PE,USDJPY,26NOV2026,1685000000.000000,1,OPTCUR,CDS,100000.000000,10000,False
13276,USDJPY26NOV169CE,USDJPY,26NOV2026,1690000000.000000,1,OPTCUR,CDS,100000.000000,10000,False
13282,694GS203627MAR102.5PE,694GS2036,25MAR2027,1025000000.000000,1,OPTIRC,CDS,25000.000000,1250,False
13287,USDJPY26NOV170.5CE,USDJPY,26NOV2026,1705000000.000000,1,OPTCUR,CDS,100000.000000,10000,False
13300,636GS203126NOVFUT,636GS2031,26NOV2026,-1.000000,1,FUTIRC,CDS,25000.000000,1250,False
1333,EURINR26NOV107PE,EURINR,26NOV2026,1070000000.000000,1,OPTCUR,CDS,25000.000000,10000,False
13305,JPYINR27JUN58.75PE,JPYINR,28JUN2027,587500000.000000,1,OPTCUR,CDS,25000.000000,10000,False
13330,EURINR26N13106.75PE,EURINR,13NOV2026,1067500000.000000,1,OPTCUR,CDS,25000.000000,10000,False
13347,EURINR26N13108.75CE,EURINR,13NOV2026,1087500000.000000,1,OPTCUR,CDS,25000.000000,10000,False
1336,USDINR26O0195.375PE,USDINR,01OCT2026,953750000.000000,1,OPTCUR,CDS,25000.000000,10000,False
13351,EURINR26N13109CE,EURINR,13NOV2026,1090000000.000000,1,OPTCUR,CDS,25000.000000,10000,False
13352,EURINR26N13109PE,EURINR,13NOV2026,1090000000.000000,1,OPTCUR,CDS,25000.000000,10000,False
13375,JPYINR27JUN60.25CE,JPYINR,28JUN2027,602500000.000000,1,OPTCUR,CDS,25000.000000,10000,False
13378,JPYINR27JUN60.5PE,JPYINR,28JUN2027,605000000.000000,1,OPTCUR,CDS,25000.000000,10000,False
13405,JPYINR27JUN64CE,JPYINR,28JUN2027,640000000.000000,1,OPTCUR,CDS,25000.000000,10000,False
13415,USDINR26SEP99.25CE,USDINR,28SEP2026,992500000.000000,1,OPTCUR,CDS,25000.000000,10000,False
13429,GBPINR27MAR131.25CE,GBPINR,29MAR2027,1312500000.000000,1,OPTCUR,CDS,25000.000000,10000,False
1346,USDINR26SEP94.375CE,USDINR,28SEP2026,943750000.000000,1,OPTCUR,CDS,25000.000000,10000,False
13433,GBPINR27MAR131.75CE,GBPINR,29MAR2027,1317500000.000000,1,OPTCUR,CDS,25000.000000,10000,False
13455,GBPUSD27MAR1.27CE,GBPUSD,29MAR2027,12700000.000000,1,OPTCUR,CDS,1000.000000,10000,False
13482,GBPUSD27MAR1.33CE,GBPUSD,29MAR2027,13300000.000000,1,OPTCUR,CDS,1000.000000,10000,False
13490,GBPUSD27MAR1.35CE,GBPUSD,29MAR2027,13500000.000000,1,OPTCUR,CDS,1000.000000,10000,False
13515,GBPUSD27MAR1.41PE,GBPUSD,29MAR2027,14100000.000000,1,OPTCUR,CDS,1000.000000,10000,False
13534,GBPINR26DEC124CE,GBPINR,29DEC2026,1240000000.000000,1,OPTCUR,CDS,25000.000000,10000,False
13548,GBPINR26DEC124.75PE,GBPINR,29DEC2026,1247500000.000000,1,OPTCUR,CDS,25000.000000,10000,False
1358,USDJPY26SEP174CE,USDJPY,28SEP2026,1740000000.000000,1,OPTCUR,CDS,100000.000000,10000,False
13558,GBPINR26DEC125.25PE,GBPINR,29DEC2026,1252500000.000000,1,OPTCUR,CDS,25000.000000,10000,False
13582,GBPUSD26DEC1.24PE,GBPUSD,29DEC2026,12400000.000000,1,OPTCUR,CDS,1000.000000,10000,False
13583,GBPUSD26DEC1.245CE,GBPUSD,29DEC2026,12450000.000000,1,OPTCUR,CDS,1000.000000,10000,False
13591,GBPUSD26DEC1.26CE,GBPUSD,29DEC2026,12600000.000000,1,OPTCUR,CDS,1000.000000,10000,False
13596,GBPUSD26DEC1.27PE,GBPUSD,29DEC2026,12700000.000000,1,OPTCUR,CDS,1000.000000,10000,False
13598,GBPUSD27MAR1.445PE,GBPUSD,29MAR2027,14450000.000000,1,OPTCUR,CDS,1000.000000,10000,False
13601,GBPUSD26DEC1.28CE,GBPUSD,29DEC2026,12800000.000000,1,OPTCUR,CDS,1000.000000,10000,False
13606,GBPUSD26DEC1.29PE,GBPUSD,29DEC2026,12900000.000000,1,OPTCUR,CDS,1000.000000,10000,False
13613,EURINR26N13112.25PE,EURINR,13NOV2026,1122500000.000000,1,OPTCUR,CDS,25000.000000,10000,False
13621,EURINR26N13113.25PE,EURINR,13NOV2026,1132500000.000000,1,OPTCUR,CDS,25000.000000,10000,False
13637,GBPUSD27MAR1.46PE,GBPUSD,29MAR2027,14600000.000000,1,OPTCUR,CDS,1000.000000,10000,False
13664,JPYINR27MAR55.25CE,JPYINR,29MAR2027,552500000.000000,1,OPTCUR,CDS,25000.000000,10000,False
13673,JPYINR27MAR56.25PE,JPYINR,29MAR2027,562500000.000000,1,OPTCUR,CDS,25000.000000,10000,False
13691,JPYINR27MAR58PE,JPYINR,29MAR2027,580000000.000000,1,OPTCUR,CDS,25000.000000,10000,False
13719,JPYINR27MAR60.25PE,JPYINR,29MAR2027,602500000.000000,1,OPTCUR,CDS,25000.000000,10000,False
13722,JPYINR27MAR60.5CE,JPYINR,29MAR2027,605000000.000000,1,OPTCUR,CDS,25000.000000,10000,False
13732,GBPUSD26DEC1.3PE,GBPUSD,29DEC2026,13000000.000000,1,OPTCUR,CDS,1000.000000,10000,False
13743,JPYINR27MAR61.75PE,JPYINR,29MAR2027,617500000.000000,1,OPTCUR,CDS,25000.000000,10000,False
13784,GBPUSD26DEC1.395CE,GBPUSD,29DEC2026,13950000.000000,1,OPTCUR,CDS,1000.000000,10000,False
13786,GBPUSD26DEC1.4CE,GBPUSD,29DEC2026,14000000.000000,1,OPTCUR,CDS,1000.000000,10000,False
13790,GBPUSD26DEC1.41CE,GBPUSD,29DEC2026,14100000.000000,1,OPTCUR,CDS,1000.000000,10000,False
13801,GBPUSD26DEC1.435PE,GBPUSD,29DEC2026,14350000.000000,1,OPTCUR,CDS,1000.000000,10000,False
13813,GBPUSD26DEC1.46PE,GBPUSD,29DEC2026,14600000.000000,1,OPTCUR,CDS,1000.000000,10000,False
1383,GBPINR26SEP112.75PE,GBPINR,28SEP2026,1127500000.000000,1,OPTCUR,CDS,25000.000000,10000,False
1388,EURINR26NOV108.5CE,EURINR,26NOV2026,1085000000.000000,1,OPTCUR,CDS,25000.000000,10000,False
13816,JPYINR27JUN64.5CE,JPYINR,28JUN2027,645000000.000000,1,OPTCUR,CDS,25000.000000,10000,False
13830,JPYINR27MAR62.5CE,JPYINR,29MAR2027,625000000.000000,1,OPTCUR,CDS,25000.000000,10000,False
13889,GBPINR26N13130.75CE,GBPINR,13NOV2026,1307500000.000000,1,OPTCUR,CDS,25000.000000,10000,False
13897,GBPINR26N13131.5PE,GBPINR,13NOV2026,1315000000.000000,1,OPTCUR,CDS,25000.000000,10000,False
13904,GBPINR26N13132.5CE,GBPINR,13NOV2026,1325000000.000000,1,OPTCUR,CDS,25000.000000,10000,False
13943,JPYINR27MAR64.5CE,JPYINR,29MAR2027,645000000.000000,1,OPTCUR,CDS,25000.000000,10000,False
13945,JPYINR27MAR64.75CE,JPYINR,29MAR2027,647500000.000000,1,OPTCUR,CDS,25000.000000,10000,False
13971,JPYINR26N1356.75CE,JPYINR,13NOV2026,567500000.000000,1,OPTCUR,CDS,25000.000000,10000,False
13973,JPYINR26N1357CE,JPYINR,13NOV2026,570000000.000000,1,OPTCUR,CDS,25000.000000,10000,False
13979,JPYINR26N1357.75CE,JPYINR,13NOV2026,577500000.000000,1,OPTCUR,CDS,25000.000000,10000,False
14018,633GS203526DEC96.75CE,633GS2035,31DEC2026,967500000.000000,1,OPTIRC,CDS,25000.000000,1250,False
14019,633GS203526DEC96.75PE,633GS2035,31DEC2026,967500000.000000,1,OPTIRC,CDS,25000.000000,1250,False
14020,JPYINR26N1361PE,JPYINR,13NOV2026,610000000.000000,1,OPTCUR,CDS,25000.000000,10000,False
14021,JPYINR26N1361.25CE,JPYINR,13NOV2026,612500000.000000,1,OPTCUR,CDS,25000.000000,10000,False
14065,633GS203526DEC97CE,633GS2035,31DEC2026,970000000.000000,1,OPTIRC,CDS,25000.000000,1250,False
14080,USDINR26N1391.5PE,USDINR,13NOV2026,915000000.000000,1,OPTCUR,CDS,25000.000000,10000,False
14081,USDINR26N1391.75CE,USDINR,13NOV2026,917500000.000000,1,OPTCUR,CDS,25000.000000,10000,False
14086,USDINR26N1392.25PE,USDINR,13NOV2026,922500000.000000,1,OPTCUR,CDS,25000.000000,10000,False
1410,EURINR26NOV109.5CE,EURINR,26NOV2026,1095000000.000000,1,OPTCUR,CDS,25000.000000,10000,False
14150,USDINR26N1394.75CE,USDINR,13NOV2026,947500000.000000,1,OPTCUR,CDS,25000.000000,10000,False
14156,USDINR27MAR92.75PE,USDINR,29MAR2027,927500000.000000,1,OPTCUR,CDS,25000.000000,10000,False
14158,633GS203526DEC97.25PE,633GS2035,31DEC2026,972500000.000000,1,OPTIRC,CDS,25000.000000,1250,False
14167,USDINR26N1395.375CE,USDINR,13NOV2026,953750000.000000,1,OPTCUR,CDS,25000.000000,10000,False
14174,USDINR26N1395.75PE,USDINR,13NOV2026,957500000.000000,1,OPTCUR,CDS,25000.000000,10000,False
14176,USDINR26N1395.875PE,USDINR,13NOV2026,958750000.000000,1,OPTCUR,CDS,25000.000000,10000,False
14191,USDINR26N1397.5CE,USDINR,13NOV2026,975000000.000000,1,OPTCUR,CDS,25000.000000,10000,False
14193,USDINR26N1397.75CE,USDINR,13NOV2026,977500000.000000,1,OPTCUR,CDS,25000.000000,10000,False
14226,USDJPY26NOV171.5PE,USDJPY,26NOV2026,1715000000.000000,1,OPTCUR,CDS,100000.000000,10000,False
14252,633GS203526NOV96PE,633GS2035,26NOV2026,960000000.000000,1,OPTIRC,CDS,25000.000000,1250,False
14254,633GS203526NOV96.25PE,633GS2035,26NOV2026,962500000.000000,1,OPTIRC,CDS,25000.000000,1250,False
14258,633GS203526NOV96.75PE,633GS2035,26NOV2026,967500000.000000,1,OPTIRC,CDS,25000.000000,1250,False
14259,633GS203526NOV97CE,633GS2035,26NOV2026,970000000.000000,1,OPTIRC,CDS,25000.000000,1250,False
14315,636GS203126NOV98.25CE,636GS2031,26NOV2026,982500000.000000,1,OPTIRC,CDS,25000.000000,1250,False
14260,633GS203526NOV97PE,633GS2035,26NOV2026,970000000.000000,1,OPTIRC,CDS,25000.000000,1250,False
14322,636GS203126NOV99PE,636GS2031,26NOV2026,990000000.000000,1,OPTIRC,CDS,25000.000000,1250,False
14333,636GS203126NOV100.5CE,636GS2031,26NOV2026,1005000000.000000,1,OPTIRC,CDS,25000.000000,1250,False
14341,636GS203126NOV101.5CE,636GS2031,26NOV2026,1015000000.000000,1,OPTIRC,CDS,25000.000000,1250,False
14372,648GS203526NOV95PE,648GS2035,26NOV2026,950000000.000000,1,OPTIRC,CDS,25000.000000,1250,False
14377,648GS203526NOV95.75CE,648GS2035,26NOV2026,957500000.000000,1,OPTIRC,CDS,25000.000000,1250,False
14402,648GS203526NOV98.75PE,648GS2035,26NOV2026,987500000.000000,1,OPTIRC,CDS,25000.000000,1250,False
14426,USDINR27MAR93.5PE,USDINR,29MAR2027,935000000.000000,1,OPTCUR,CDS,25000.000000,10000,False
14427,USDINR27MAR93.75CE,USDINR,29MAR2027,937500000.000000,1,OPTCUR,CDS,25000.000000,10000,False
1446,USDJPY26SEP174.5PE,USDJPY,28SEP2026,1745000000.000000,1,OPTCUR,CDS,100000.000000,10000,False
14442,668GS204026NOV93.75CE,668GS2040,26NOV2026,937500000.000000,1,OPTIRC,CDS,25000.000000,1250,False
14451,668GS204026NOV94.75PE,668GS2040,26NOV2026,947500000.000000,1,OPTIRC,CDS,25000.000000,1250,False
14455,668GS204026NOV95.25PE,668GS2040,26NOV2026,952500000.000000,1,OPTIRC,CDS,25000.000000,1250,False
14460,668GS204026NOV96CE,668GS2040,26NOV2026,960000000.000000,1,OPTIRC,CDS,25000.000000,1250,False
14471,668GS204026NOV97.25PE,668GS2040,26NOV2026,972500000.000000,1,OPTIRC,CDS,25000.000000,1250,False
14472,668GS204026NOV97.5CE,668GS2040,26NOV2026,975000000.000000,1,OPTIRC,CDS,25000.000000,1250,False
14474,668GS204026NOV97.75CE,668GS2040,26NOV2026,977500000.000000,1,OPTIRC,CDS,25000.000000,1250,False
1450,EURINR26NOV110.5CE,EURINR,26NOV2026,1105000000.000000,1,OPTCUR,CDS,25000.000000,10000,False
14475,668GS204026NOV97.75PE,668GS2040,26NOV2026,977500000.000000,1,OPTIRC,CDS,25000.000000,1250,False
14483,USDINR27MAR94.5CE,USDINR,29MAR2027,945000000.000000,1,OPTCUR,CDS,25000.000000,10000,False
14517,694GS203626NOV97.5PE,694GS2036,26NOV2026,975000000.000000,1,OPTIRC,CDS,25000.000000,1250,False
14523,694GS203626NOV98.25PE,694GS2036,26NOV2026,982500000.000000,1,OPTIRC,CDS,25000.000000,1250,False
14531,694GS203626NOV99.25PE,694GS2036,26NOV2026,992500000.000000,1,OPTIRC,CDS,25000.000000,1250,False
14541,694GS203626NOV100.5PE,694GS2036,26NOV2026,1005000000.000000,1,OPTIRC,CDS,25000.000000,1250,False
14545,694GS203626NOV101PE,694GS2036,26NOV2026,1010000000.000000,1,OPTIRC,CDS,25000.000000,1250,False
14574,723GS203926NOV99CE,723GS2039,26NOV2026,990000000.000000,1,OPTIRC,CDS,25000.000000,1250,False
14575,723GS203926NOV99PE,723GS2039,26NOV2026,990000000.000000,1,OPTIRC,CDS,25000.000000,1250,False
14584,723GS203926NOV100.25CE,723GS2039,26NOV2026,1002500000.000000,1,OPTIRC,CDS,25000.000000,1250,False
14586,723GS203926NOV100.5CE,723GS2039,26NOV2026,1005000000.000000,1,OPTIRC,CDS,25000.000000,1250,False
14601,723GS203926NOV102.25PE,723GS2039,26NOV2026,1022500000.000000,1,OPTIRC,CDS,25000.000000,1250,False
14613,723GS203926NOV103.75PE,723GS2039,26NOV2026,1037500000.000000,1,OPTIRC,CDS,25000.000000,1250,False
14616,723GS203926NOV104.25CE,723GS2039,26NOV2026,1042500000.000000,1,OPTIRC,CDS,25000.000000,1250,False
14618,723GS203926NOV104.5CE,723GS2039,26NOV2026,1045000000.000000,1,OPTIRC,CDS,25000.000000,1250,False
14623,723GS203926NOV105PE,723GS2039,26NOV2026,1050000000.000000,1,OPTIRC,CDS,25000.000000,1250,False
14641,USDINR27MAR95.25CE,USDINR,29MAR2027,952500000.000000,1,OPTCUR,CDS,25000.000000,10000,False
14655,USDINR26SEP96.75CE,USDINR,28SEP2026,967500000.000000,1,OPTCUR,CDS,25000.000000,10000,False
14662,633GS203526DEC98PE,633GS2035,31DEC2026,980000000.000000,1,OPTIRC,CDS,25000.000000,1250,False
14695,USDINR27MAR96.75CE,USDINR,29MAR2027,967500000.000000,1,OPTCUR,CDS,25000.000000,10000,False
14696,USDINR27MAR96.75PE,USDINR,29MAR2027,967500000.000000,1,OPTCUR,CDS,25000.000000,10000,False
14716,USDINR27MAR99.25PE,USDINR,29MAR2027,992500000.000000,1,OPTCUR,CDS,25000.000000,10000,False
14718,USDINR27MAR99.5PE,USDINR,29MAR2027,995000000.000000,1,OPTCUR,CDS,25000.000000,10000,False
1473,USDJPY27JUN174.5PE,USDJPY,28JUN2027,1745000000.000000,1,OPTCUR,CDS,100000.000000,10000,False
14731,USDINR27MAR99.75CE,USDINR,29MAR2027,997500000.000000,1,OPTCUR,CDS,25000.000000,10000,False
14744,USDJPY27MAR148PE,USDJPY,29MAR2027,1480000000.000000,1,OPTCUR,CDS,100000.000000,10000,False
14771,USDJPY27MAR152CE,USDJPY,29MAR2027,1520000000.000000,1,OPTCUR,CDS,100000.000000,10000,False
14772,USDJPY27MAR152PE,USDJPY,29MAR2027,1520000000.000000,1,OPTCUR,CDS,100000.000000,10000,False
14775,USDJPY27MAR153CE,USDJPY,29MAR2027,1530000000.000000,1,OPTCUR,CDS,100000.000000,10000,False
14800,GBPINR26SEP127.5PE,GBPINR,28SEP2026,1275000000.000000,1,OPTCUR,CDS,25000.000000,10000,False
14802,GBPINR26SEP127.75PE,GBPINR,28SEP2026,1277500000.000000,1,OPTCUR,CDS,25000.000000,10000,False
1484,EURUSD27JUN1.275PE,EURUSD,28JUN2027,12750000.000000,1,OPTCUR,CDS,1000.000000,10000,False
1488,EURINR26NOV112CE,EURINR,26NOV2026,1120000000.000000,1,OPTCUR,CDS,25000.000000,10000,False
14858,USDJPY27MAR159.5PE,USDJPY,29MAR2027,1595000000.000000,1,OPTCUR,CDS,100000.000000,10000,False
14892,USDJPY27MAR162.5PE,USDJPY,29MAR2027,1625000000.000000,1,OPTCUR,CDS,100000.000000,10000,False
14911,USDJPY27MAR163.5PE,USDJPY,29MAR2027,1635000000.000000,1,OPTCUR,CDS,100000.000000,10000,False
14912,USDJPY27MAR164CE,USDJPY,29MAR2027,1640000000.000000,1,OPTCUR,CDS,100000.000000,10000,False
15141,USDJPY26DEC142PE,USDJPY,29DEC2026,1420000000.000000,1,OPTCUR,CDS,100000.000000,10000,False
15145,USDJPY27MAR166.5PE,USDJPY,29MAR2027,1665000000.000000,1,OPTCUR,CDS,100000.000000,10000,False
1518,USDJPY27MAR173.5CE,USDJPY,29MAR2027,1735000000.000000,1,OPTCUR,CDS,100000.000000,10000,False
15180,JPYINR26DEC53.75CE,JPYINR,29DEC2026,537500000.000000,1,OPTCUR,CDS,25000.000000,10000,False
15182,JPYINR26DEC54CE,JPYINR,29DEC2026,540000000.000000,1,OPTCUR,CDS,25000.000000,10000,False
15195,JPYINR26DEC55.5PE,JPYINR,29DEC2026,555000000.000000,1,OPTCUR,CDS,25000.000000,10000,False
1529,USDJPY26SEP136.5CE,USDJPY,28SEP2026,1365000000.000000,1,OPTCUR,CDS,100000.000000,10000,False
15222,JPYINR26DEC59CE,JPYINR,29DEC2026,590000000.000000,1,OPTCUR,CDS,25000.000000,10000,False
15224,JPYINR26DEC59.25CE,JPYINR,29DEC2026,592500000.000000,1,OPTCUR,CDS,25000.000000,10000,False
15401,694GS203626SEP103.5CE,694GS2036,24SEP2026,1035000000.000000,1,OPTIRC,CDS,25000.000000,1250,False
15402,694GS203626SEP103.5PE,694GS2036,24SEP2026,1035000000.000000,1,OPTIRC,CDS,25000.000000,1250,False
15417,668GS204026SEP91PE,668GS2040,24SEP2026,910000000.000000,1,OPTIRC,CDS,25000.000000,1250,False
15418,668GS204026DEC91CE,668GS2040,31DEC2026,910000000.000000,1,OPTIRC,CDS,25000.000000,1250,False
15453,USDINR27JUN91.5PE,USDINR,28JUN2027,915000000.000000,1,OPTCUR,CDS,25000.000000,10000,False
15460,USDINR27JUN92.5CE,USDINR,28JUN2027,925000000.000000,1,OPTCUR,CDS,25000.000000,10000,False
15473,USDINR27JUN94PE,USDINR,28JUN2027,940000000.000000,1,OPTCUR,CDS,25000.000000,10000,False
15513,JPYINR26DEC61.75PE,JPYINR,29DEC2026,617500000.000000,1,OPTCUR,CDS,25000.000000,10000,False
15522,JPYINR26DEC63CE,JPYINR,29DEC2026,630000000.000000,1,OPTCUR,CDS,25000.000000,10000,False
15532,USDINR27JUN97.25PE,USDINR,28JUN2027,972500000.000000,1,OPTCUR,CDS,25000.000000,10000,False
15573,USDINR26DEC86.75PE,USDINR,29DEC2026,867500000.000000,1,OPTCUR,CDS,25000.000000,10000,False
15578,USDINR26DEC87.5CE,USDINR,29DEC2026,875000000.000000,1,OPTCUR,CDS,25000.000000,10000,False
15586,USDINR26DEC88.5CE,USDINR,29DEC2026,885000000.000000,1,OPTCUR,CDS,25000.000000,10000,False
15587,USDINR26DEC88.5PE,USDINR,29DEC2026,885000000.000000,1,OPTCUR,CDS,25000.000000,10000,False
15594,USDINR26DEC89.5CE,USDINR,29DEC2026,895000000.000000,1,OPTCUR,CDS,25000.000000,10000,False
15599,USDINR26DEC90PE,USDINR,29DEC2026,900000000.000000,1,OPTCUR,CDS,25000.000000,10000,False
15603,USDINR26DEC90.5PE,USDINR,29DEC2026,905000000.000000,1,OPTCUR,CDS,25000.000000,10000,False
15610,USDINR26DEC91.5CE,USDINR,29DEC2026,915000000.000000,1,OPTCUR,CDS,25000.000000,10000,False
15611,USDINR26DEC91.5PE,USDINR,29DEC2026,915000000.000000,1,OPTCUR,CDS,25000.000000,10000,False
15619,USDINR27JUN99.5PE,USDINR,28JUN2027,995000000.000000,1,OPTCUR,CDS,25000.000000,10000,False
15621,USDINR27JUN99.75PE,USDINR,28JUN2027,997500000.000000,1,OPTCUR,CDS,25000.000000,10000,False
15623,USDINR27JUN100PE,USDINR,28JUN2027,1000000000.000000,1,OPTCUR,CDS,25000.000000,10000,False
15628,USDJPY27JUN149.5CE,USDJPY,28JUN2027,1495000000.000000,1,OPTCUR,CDS,100000.000000,10000,False
15648,USDJPY27JUN154.5CE,USDJPY,28JUN2027,1545000000.000000,1,OPTCUR,CDS,100000.000000,10000,False
15650,USDJPY27JUN155CE,USDJPY,28JUN2027,1550000000.000000,1,OPTCUR,CDS,100000.000000,10000,False
15661,USDINR26DEC92.75CE,USDINR,29DEC2026,927500000.000000,1,OPTCUR,CDS,25000.000000,10000,False
15672,USDINR26DEC94PE,USDINR,29DEC2026,940000000.000000,1,OPTCUR,CDS,25000.000000,10000,False
15681,USDJPY27JUN157PE,USDJPY,28JUN2027,1570000000.000000,1,OPTCUR,CDS,100000.000000,10000,False
15683,USDINR26DEC95CE,USDINR,29DEC2026,950000000.000000,1,OPTCUR,CDS,25000.000000,10000,False
15693,USDJPY26DEC144.5CE,USDJPY,29DEC2026,1445000000.000000,1,OPTCUR,CDS,100000.000000,10000,False
15707,USDJPY26DEC147PE,USDJPY,29DEC2026,1470000000.000000,1,OPTCUR,CDS,100000.000000,10000,False
15721,USDJPY26DEC150.5PE,USDJPY,29DEC2026,1505000000.000000,1,OPTCUR,CDS,100000.000000,10000,False
15743,USDJPY26DEC156PE,USDJPY,29DEC2026,1560000000.000000,1,OPTCUR,CDS,100000.000000,10000,False
15745,USDJPY26DEC156.5PE,USDJPY,29DEC2026,1565000000.000000,1,OPTCUR,CDS,100000.000000,10000,False
15753,USDJPY26DEC158.5PE,USDJPY,29DEC2026,1585000000.000000,1,OPTCUR,CDS,100000.000000,10000,False
15754,USDJPY26DEC159CE,USDJPY,29DEC2026,1590000000.000000,1,OPTCUR,CDS,100000.000000,10000,False
15766,USDJPY26DEC162CE,USDJPY,29DEC2026,1620000000.000000,1,OPTCUR,CDS,100000.000000,10000,False
15775,USDJPY26DEC164PE,USDJPY,29DEC2026,1640000000.000000,1,OPTCUR,CDS,100000.000000,10000,False
15779,USDJPY26DEC165PE,USDJPY,29DEC2026,1650000000.000000,1,OPTCUR,CDS,100000.000000,10000,False
1580,EURINR26NOV112.75PE,EURINR,26NOV2026,1127500000.000000,1,OPTCUR,CDS,25000.000000,10000,False
15780,USDJPY26DEC165.5CE,USDJPY,29DEC2026,1655000000.000000,1,OPTCUR,CDS,100000.000000,10000,False
15802,USDJPY27JUN160PE,USDJPY,28JUN2027,1600000000.000000,1,OPTCUR,CDS,100000.000000,10000,False
15805,694GS203626DEC103.75PE,694GS2036,31DEC2026,1037500000.000000,1,OPTIRC,CDS,25000.000000,1250,False
15828,USDJPY27JUN166CE,USDJPY,28JUN2027,1660000000.000000,1,OPTCUR,CDS,100000.000000,10000,False
15833,USDJPY27JUN167PE,USDJPY,28JUN2027,1670000000.000000,1,OPTCUR,CDS,100000.000000,10000,False
15834,USDJPY27JUN167.5CE,USDJPY,28JUN2027,1675000000.000000,1,OPTCUR,CDS,100000.000000,10000,False
15853,USDJPY27JUN172PE,USDJPY,28JUN2027,1720000000.000000,1,OPTCUR,CDS,100000.000000,10000,False
15854,USDJPY27JUN172.5CE,USDJPY,28JUN2027,1725000000.000000,1,OPTCUR,CDS,100000.000000,10000,False
15856,USDJPY27JUN173CE,USDJPY,28JUN2027,1730000000.000000,1,OPTCUR,CDS,100000.000000,10000,False
1600,EURINR26NOV113PE,EURINR,26NOV2026,1130000000.000000,1,OPTCUR,CDS,25000.000000,10000,False
15985,648GS203527JUN94.75CE,648GS2035,24JUN2027,947500000.000000,1,OPTIRC,CDS,25000.000000,1250,False
16000,648GS203527JUN96.5PE,648GS2035,24JUN2027,965000000.000000,1,OPTIRC,CDS,25000.000000,1250,False
16024,648GS203527JUN99.5PE,648GS2035,24JUN2027,995000000.000000,1,OPTIRC,CDS,25000.000000,1250,False
1606,EURINR26NOV113.25CE,EURINR,26NOV2026,1132500000.000000,1,OPTCUR,CDS,25000.000000,10000,False
16052,USDJPY26DEC167PE,USDJPY,29DEC2026,1670000000.000000,1,OPTCUR,CDS,100000.000000,10000,False
16079,668GS204027JUN95.5CE,668GS2040,24JUN2027,955000000.000000,1,OPTIRC,CDS,25000.000000,1250,False
16081,668GS204027JUN95.75CE,668GS2040,24JUN2027,957500000.000000,1,OPTIRC,CDS,25000.000000,1250,False
16088,668GS204027JUN96.25PE,668GS2040,24JUN2027,962500000.000000,1,OPTIRC,CDS,25000.000000,1250,False
16089,668GS204027JUN96.5CE,668GS2040,24JUN2027,965000000.000000,1,OPTIRC,CDS,25000.000000,1250,False
16091,668GS204027JUN96.75CE,668GS2040,24JUN2027,967500000.000000,1,OPTIRC,CDS,25000.000000,1250,False
16098,668GS204027JUN97.5PE,668GS2040,24JUN2027,975000000.000000,1,OPTIRC,CDS,25000.000000,1250,False
16114,668GS204027JUN99.5PE,668GS2040,24JUN2027,995000000.000000,1,OPTIRC,CDS,25000.000000,1250,False
16118,668GS204026DEC93CE,668GS2040,31DEC2026,930000000.000000,1,OPTIRC,CDS,25000.000000,1250,False
16163,694GS203627JUN98PE,694GS2036,24JUN2027,980000000.000000,1,OPTIRC,CDS,25000.000000,1250,False
16174,694GS203627JUN99.5CE,694GS2036,24JUN2027,995000000.000000,1,OPTIRC,CDS,25000.000000,1250,False
16176,694GS203627JUN99.75CE,694GS2036,24JUN2027,997500000.000000,1,OPTIRC,CDS,25000.000000,1250,False
16182,694GS203627JUN100.5CE,694GS2036,24JUN2027,1005000000.000000,1,OPTIRC,CDS,25000.000000,1250,False
16183,694GS203627JUN100.5PE,694GS2036,24JUN2027,1005000000.000000,1,OPTIRC,CDS,25000.000000,1250,False
16186,694GS203627JUN101CE,694GS2036,24JUN2027,1010000000.000000,1,OPTIRC,CDS,25000.000000,1250,False
1623,679GS203426SEP97CE,679GS2034,24SEP2026,970000000.000000,1,OPTIRC,CDS,25000.000000,1250,False
16199,694GS203627JUN102.5PE,694GS2036,24JUN2027,1025000000.000000,1,OPTIRC,CDS,25000.000000,1250,False
16201,694GS203627JUN102.75PE,694GS2036,24JUN2027,1027500000.000000,1,OPTIRC,CDS,25000.000000,1250,False
16207,694GS203627JUN103.5PE,694GS2036,24JUN2027,1035000000.000000,1,OPTIRC,CDS,25000.000000,1250,False
16243,723GS203927JUN99PE,723GS2039,24JUN2027,990000000.000000,1,OPTIRC,CDS,25000.000000,1250,False
16259,723GS203927JUN100.75PE,723GS2039,24JUN2027,1007500000.000000,1,OPTIRC,CDS,25000.000000,1250,False
16268,723GS203927JUN101.75PE,723GS2039,24JUN2027,1017500000.000000,1,OPTIRC,CDS,25000.000000,1250,False
16271,723GS203927JUN102.25CE,723GS2039,24JUN2027,1022500000.000000,1,OPTIRC,CDS,25000.000000,1250,False
16340,JPYINR26SEP61.5CE,JPYINR,28SEP2026,615000000.000000,1,OPTCUR,CDS,25000.000000,10000,False
16358,JPYINR26SEP63.75CE,JPYINR,28SEP2026,637500000.000000,1,OPTCUR,CDS,25000.000000,10000,False
16362,JPYINR26SEP64.25CE,JPYINR,28SEP2026,642500000.000000,1,OPTCUR,CDS,25000.000000,10000,False
16367,JPYINR26SEP64.75PE,JPYINR,28SEP2026,647500000.000000,1,OPTCUR,CDS,25000.000000,10000,False
16409,USDINR26SEP85.5PE,USDINR,28SEP2026,855000000.000000,1,OPTCUR,CDS,25000.000000,10000,False
16414,USDINR26SEP86.25CE,USDINR,28SEP2026,862500000.000000,1,OPTCUR,CDS,25000.000000,10000,False
16420,USDINR26SEP87CE,USDINR,28SEP2026,870000000.000000,1,OPTCUR,CDS,25000.000000,10000,False
16429,USDINR26SEP88PE,USDINR,28SEP2026,880000000.000000,1,OPTCUR,CDS,25000.000000,10000,False
16447,USDINR26SEP90.25PE,USDINR,28SEP2026,902500000.000000,1,OPTCUR,CDS,25000.000000,10000,False
16461,USDINR26SEP92PE,USDINR,28SEP2026,920000000.000000,1,OPTCUR,CDS,25000.000000,10000,False
16472,USDINR26SEP93.5CE,USDINR,28SEP2026,935000000.000000,1,OPTCUR,CDS,25000.000000,10000,False
16481,USDINR26SEP94.5PE,USDINR,28SEP2026,945000000.000000,1,OPTCUR,CDS,25000.000000,10000,False
16493,USDJPY26SEP138.5PE,USDJPY,28SEP2026,1385000000.000000,1,OPTCUR,CDS,100000.000000,10000,False
16495,USDJPY26SEP139PE,USDJPY,28SEP2026,1390000000.000000,1,OPTCUR,CDS,100000.000000,10000,False
16501,USDJPY26SEP140.5PE,USDJPY,28SEP2026,1405000000.000000,1,OPTCUR,CDS,100000.000000,10000,False
16508,USDJPY26SEP142.5CE,USDJPY,28SEP2026,1425000000.000000,1,OPTCUR,CDS,100000.000000,10000,False
16515,USDJPY26SEP144PE,USDJPY,28SEP2026,1440000000.000000,1,OPTCUR,CDS,100000.000000,10000,False
16520,USDJPY26SEP145.5CE,USDJPY,28SEP2026,1455000000.000000,1,OPTCUR,CDS,100000.000000,10000,False
16548,USDJPY26SEP152.5CE,USDJPY,28SEP2026,1525000000.000000,1,OPTCUR,CDS,100000.000000,10000,False
16550,USDJPY26SEP153CE,USDJPY,28SEP2026,1530000000.000000,1,OPTCUR,CDS,100000.000000,10000,False
16555,USDJPY26SEP154PE,USDJPY,28SEP2026,1540000000.000000,1,OPTCUR,CDS,100000.000000,10000,False
16558,USDJPY26SEP155CE,USDJPY,28SEP2026,1550000000.000000,1,OPTCUR,CDS,100000.000000,10000,False
16560,USDJPY26SEP155.5CE,USDJPY,28SEP2026,1555000000.000000,1,OPTCUR,CDS,100000.000000,10000,False
16561,USDJPY26SEP155.5PE,USDJPY,28SEP2026,1555000000.000000,1,OPTCUR,CDS,100000.000000,10000,False
16568,USDJPY26SEP157.5CE,USDJPY,28SEP2026,1575000000.000000,1,OPTCUR,CDS,100000.000000,10000,False
16578,USDJPY26SEP160CE,USDJPY,28SEP2026,1600000000.000000,1,OPTCUR,CDS,100000.000000,10000,False
16579,USDJPY26SEP160PE,USDJPY,28SEP2026,1600000000.000000,1,OPTCUR,CDS,100000.000000,10000,False
16580,USDJPY26SEP160.5CE,USDJPY,28SEP2026,1605000000.000000,1,OPTCUR,CDS,100000.000000,10000,False
16584,633GS203526SEP94.75CE,633GS2035,24SEP2026,947500000.000000,1,OPTIRC,CDS,25000.000000,1250,False
16587,633GS203526SEP95PE,633GS2035,24SEP2026,950000000.000000,1,OPTIRC,CDS,25000.000000,1250,False
16593,633GS203526SEP95.75PE,633GS2035,24SEP2026,957500000.000000,1,OPTIRC,CDS,25000.000000,1250,False
16599,633GS203526SEP96.5PE,633GS2035,24SEP2026,965000000.000000,1,OPTIRC,CDS,25000.000000,1250,False
16608,633GS203526SEP97.75CE,633GS2035,24SEP2026,977500000.000000,1,OPTIRC,CDS,25000.000000,1250,False
16612,633GS203526SEP98.25CE,633GS2035,24SEP2026,982500000.000000,1,OPTIRC,CDS,25000.000000,1250,False
16631,633GS203526SEP100.5PE,633GS2035,24SEP2026,1005000000.000000,1,OPTIRC,CDS,25000.000000,1250,False
16656,668GS204026SEP95.25CE,668GS2040,24SEP2026,952500000.000000,1,OPTIRC,CDS,25000.000000,1250,False
13549,GBPINR26DEC125CE,GBPINR,29DEC2026,1250000000.000000,1,OPTCUR,CDS,25000.000000,10000,False
13556,GBPUSD27MAR1.44PE,GBPUSD,29MAR2027,14400000.000000,1,OPTCUR,CDS,1000.000000,10000,False
13590,GBPUSD26DEC1.255PE,GBPUSD,29DEC2026,12550000.000000,1,OPTCUR,CDS,1000.000000,10000,False
16681,668GS204026SEP98.25PE,668GS2040,24SEP2026,982500000.000000,1,OPTIRC,CDS,25000.000000,1250,False
13600,GBPUSD26DEC1.275PE,GBPUSD,29DEC2026,12750000.000000,1,OPTCUR,CDS,1000.000000,10000,False
13612,EURINR26N13112.25CE,EURINR,13NOV2026,1122500000.000000,1,OPTCUR,CDS,25000.000000,10000,False
13617,EURINR26N13112.75PE,EURINR,13NOV2026,1127500000.000000,1,OPTCUR,CDS,25000.000000,10000,False
13622,EURINR26N13113.5CE,EURINR,13NOV2026,1135000000.000000,1,OPTCUR,CDS,25000.000000,10000,False
1367,GBPINR26O30FUT,GBPINR,30OCT2026,-1.000000,1,FUTCUR,CDS,25000.000000,10000,False
13630,EURINR26N13114.25PE,EURINR,13NOV2026,1142500000.000000,1,OPTCUR,CDS,25000.000000,10000,False
13670,JPYINR27MAR56CE,JPYINR,29MAR2027,560000000.000000,1,OPTCUR,CDS,25000.000000,10000,False
13679,JPYINR27MAR57PE,JPYINR,29MAR2027,570000000.000000,1,OPTCUR,CDS,25000.000000,10000,False
13690,JPYINR27MAR58CE,JPYINR,29MAR2027,580000000.000000,1,OPTCUR,CDS,25000.000000,10000,False
13713,JPYINR27MAR59.5PE,JPYINR,29MAR2027,595000000.000000,1,OPTCUR,CDS,25000.000000,10000,False
13729,JPYINR27MAR61.25PE,JPYINR,29MAR2027,612500000.000000,1,OPTCUR,CDS,25000.000000,10000,False
13730,JPYINR27MAR61.5CE,JPYINR,29MAR2027,615000000.000000,1,OPTCUR,CDS,25000.000000,10000,False
1375,EURINR26NOV108.25CE,EURINR,26NOV2026,1082500000.000000,1,OPTCUR,CDS,25000.000000,10000,False
13764,GBPUSD26DEC1.36CE,GBPUSD,29DEC2026,13600000.000000,1,OPTCUR,CDS,1000.000000,10000,False
13765,GBPUSD26DEC1.36PE,GBPUSD,29DEC2026,13600000.000000,1,OPTCUR,CDS,1000.000000,10000,False
13768,GBPUSD26DEC1.37CE,GBPUSD,29DEC2026,13700000.000000,1,OPTCUR,CDS,1000.000000,10000,False
13782,GBPUSD26DEC1.39CE,GBPUSD,29DEC2026,13900000.000000,1,OPTCUR,CDS,1000.000000,10000,False
13785,GBPUSD26DEC1.395PE,GBPUSD,29DEC2026,13950000.000000,1,OPTCUR,CDS,1000.000000,10000,False
13788,GBPUSD26DEC1.405CE,GBPUSD,29DEC2026,14050000.000000,1,OPTCUR,CDS,1000.000000,10000,False
13794,GBPUSD26DEC1.42CE,GBPUSD,29DEC2026,14200000.000000,1,OPTCUR,CDS,1000.000000,10000,False
13802,GBPUSD26DEC1.44CE,GBPUSD,29DEC2026,14400000.000000,1,OPTCUR,CDS,1000.000000,10000,False
13803,GBPUSD26DEC1.44PE,GBPUSD,29DEC2026,14400000.000000,1,OPTCUR,CDS,1000.000000,10000,False
13810,GBPUSD26DEC1.455CE,GBPUSD,29DEC2026,14550000.000000,1,OPTCUR,CDS,1000.000000,10000,False
13828,GBPINR26N13125.5PE,GBPINR,13NOV2026,1255000000.000000,1,OPTCUR,CDS,25000.000000,10000,False
13842,GBPINR26N13126.5PE,GBPINR,13NOV2026,1265000000.000000,1,OPTCUR,CDS,25000.000000,10000,False
13856,JPYINR27MAR63.25CE,JPYINR,29MAR2027,632500000.000000,1,OPTCUR,CDS,25000.000000,10000,False
13857,JPYINR27MAR63.25PE,JPYINR,29MAR2027,632500000.000000,1,OPTCUR,CDS,25000.000000,10000,False
13861,GBPINR26N13127.75CE,GBPINR,13NOV2026,1277500000.000000,1,OPTCUR,CDS,25000.000000,10000,False
13866,636GS203126SEP102CE,636GS2031,24SEP2026,1020000000.000000,1,OPTIRC,CDS,25000.000000,1250,False
13878,GBPINR26N13129.25PE,GBPINR,13NOV2026,1292500000.000000,1,OPTCUR,CDS,25000.000000,10000,False
13879,GBPINR26N13129.5CE,GBPINR,13NOV2026,1295000000.000000,1,OPTCUR,CDS,25000.000000,10000,False
13882,GBPINR26N13129.75PE,GBPINR,13NOV2026,1297500000.000000,1,OPTCUR,CDS,25000.000000,10000,False
13896,GBPINR26N13131.5CE,GBPINR,13NOV2026,1315000000.000000,1,OPTCUR,CDS,25000.000000,10000,False
13922,JPYINR27MAR64CE,JPYINR,29MAR2027,640000000.000000,1,OPTCUR,CDS,25000.000000,10000,False
13931,JPYINR27MAR64PE,JPYINR,29MAR2027,640000000.000000,1,OPTCUR,CDS,25000.000000,10000,False
13940,GBPUSD26NOV1.24CE,GBPUSD,26NOV2026,12400000.000000,1,OPTCUR,CDS,1000.000000,10000,False
1396,USDINR26O3094.375CE,USDINR,30OCT2026,943750000.000000,1,OPTCUR,CDS,25000.000000,10000,False
13974,JPYINR26N1357PE,JPYINR,13NOV2026,570000000.000000,1,OPTCUR,CDS,25000.000000,10000,False
13977,JPYINR26N1357.5CE,JPYINR,13NOV2026,575000000.000000,1,OPTCUR,CDS,25000.000000,10000,False
13978,JPYINR26N1357.5PE,JPYINR,13NOV2026,575000000.000000,1,OPTCUR,CDS,25000.000000,10000,False
1398,USDINR26O3094.375PE,USDINR,30OCT2026,943750000.000000,1,OPTCUR,CDS,25000.000000,10000,False
13990,JPYINR26N1358.75PE,JPYINR,13NOV2026,587500000.000000,1,OPTCUR,CDS,25000.000000,10000,False
14001,USDINR26DEC99.75PE,USDINR,29DEC2026,997500000.000000,1,OPTCUR,CDS,25000.000000,10000,False
14006,JPYINR26N1359.75PE,JPYINR,13NOV2026,597500000.000000,1,OPTCUR,CDS,25000.000000,10000,False
1406,EURINR26NOV109PE,EURINR,26NOV2026,1090000000.000000,1,OPTCUR,CDS,25000.000000,10000,False
1408,EURINR26NOV109.25CE,EURINR,26NOV2026,1092500000.000000,1,OPTCUR,CDS,25000.000000,10000,False
14007,JPYINR26N1360CE,JPYINR,13NOV2026,600000000.000000,1,OPTCUR,CDS,25000.000000,10000,False
14085,USDINR26N1392.25CE,USDINR,13NOV2026,922500000.000000,1,OPTCUR,CDS,25000.000000,10000,False
14089,USDINR26N1392.75CE,USDINR,13NOV2026,927500000.000000,1,OPTCUR,CDS,25000.000000,10000,False
14102,USDINR27MAR89.25PE,USDINR,29MAR2027,892500000.000000,1,OPTCUR,CDS,25000.000000,10000,False
14134,USDINR26N1394.25PE,USDINR,13NOV2026,942500000.000000,1,OPTCUR,CDS,25000.000000,10000,False
14153,USDINR26N1394.875PE,USDINR,13NOV2026,948750000.000000,1,OPTCUR,CDS,25000.000000,10000,False
14155,USDINR27MAR92.75CE,USDINR,29MAR2027,927500000.000000,1,OPTCUR,CDS,25000.000000,10000,False
14171,USDINR26N1395.625CE,USDINR,13NOV2026,956250000.000000,1,OPTCUR,CDS,25000.000000,10000,False
14179,USDINR26N1396.125CE,USDINR,13NOV2026,961250000.000000,1,OPTCUR,CDS,25000.000000,10000,False
14180,USDINR26N1396.125PE,USDINR,13NOV2026,961250000.000000,1,OPTCUR,CDS,25000.000000,10000,False
1419,EURINR26NOV109.75PE,EURINR,26NOV2026,1097500000.000000,1,OPTCUR,CDS,25000.000000,10000,False
14195,USDINR26N1398CE,USDINR,13NOV2026,980000000.000000,1,OPTCUR,CDS,25000.000000,10000,False
14240,633GS203526NOV94.5PE,633GS2035,26NOV2026,945000000.000000,1,OPTIRC,CDS,25000.000000,1250,False
14267,633GS203526NOV98CE,633GS2035,26NOV2026,980000000.000000,1,OPTIRC,CDS,25000.000000,1250,False
14309,636GS203126NOV97.5CE,636GS2031,26NOV2026,975000000.000000,1,OPTIRC,CDS,25000.000000,1250,False
14312,636GS203126NOV97.75PE,636GS2031,26NOV2026,977500000.000000,1,OPTIRC,CDS,25000.000000,1250,False
14317,636GS203126NOV98.5CE,636GS2031,26NOV2026,985000000.000000,1,OPTIRC,CDS,25000.000000,1250,False
14383,648GS203526NOV96.5CE,648GS2035,26NOV2026,965000000.000000,1,OPTIRC,CDS,25000.000000,1250,False
14388,648GS203526NOV97PE,648GS2035,26NOV2026,970000000.000000,1,OPTIRC,CDS,25000.000000,1250,False
14394,648GS203526NOV97.75PE,648GS2035,26NOV2026,977500000.000000,1,OPTIRC,CDS,25000.000000,1250,False
14397,648GS203526NOV98.25CE,648GS2035,26NOV2026,982500000.000000,1,OPTIRC,CDS,25000.000000,1250,False
14429,USDINR27MAR94CE,USDINR,29MAR2027,940000000.000000,1,OPTCUR,CDS,25000.000000,10000,False
14430,USDINR27MAR94PE,USDINR,29MAR2027,940000000.000000,1,OPTCUR,CDS,25000.000000,10000,False
14444,668GS204026NOV94CE,668GS2040,26NOV2026,940000000.000000,1,OPTIRC,CDS,25000.000000,1250,False
14448,668GS204026NOV94.5CE,668GS2040,26NOV2026,945000000.000000,1,OPTIRC,CDS,25000.000000,1250,False
14456,668GS204026NOV95.5CE,668GS2040,26NOV2026,955000000.000000,1,OPTIRC,CDS,25000.000000,1250,False
14463,668GS204026NOV96.25PE,668GS2040,26NOV2026,962500000.000000,1,OPTIRC,CDS,25000.000000,1250,False
14469,668GS204026NOV97PE,668GS2040,26NOV2026,970000000.000000,1,OPTIRC,CDS,25000.000000,1250,False
14481,668GS204026NOV98.5PE,668GS2040,26NOV2026,985000000.000000,1,OPTIRC,CDS,25000.000000,1250,False
14480,668GS204026NOV98.5CE,668GS2040,26NOV2026,985000000.000000,1,OPTIRC,CDS,25000.000000,1250,False
14530,694GS203626NOV99.25CE,694GS2036,26NOV2026,992500000.000000,1,OPTIRC,CDS,25000.000000,1250,False
14532,694GS203626NOV99.5CE,694GS2036,26NOV2026,995000000.000000,1,OPTIRC,CDS,25000.000000,1250,False
14533,694GS203626NOV99.5PE,694GS2036,26NOV2026,995000000.000000,1,OPTIRC,CDS,25000.000000,1250,False
14535,694GS203626NOV99.75PE,694GS2036,26NOV2026,997500000.000000,1,OPTIRC,CDS,25000.000000,1250,False
14538,694GS203626NOV100.25CE,694GS2036,26NOV2026,1002500000.000000,1,OPTIRC,CDS,25000.000000,1250,False
14539,694GS203626NOV100.25PE,694GS2036,26NOV2026,1002500000.000000,1,OPTIRC,CDS,25000.000000,1250,False
14552,694GS203626NOV102CE,694GS2036,26NOV2026,1020000000.000000,1,OPTIRC,CDS,25000.000000,1250,False
14554,694GS203626NOV102.25CE,694GS2036,26NOV2026,1022500000.000000,1,OPTIRC,CDS,25000.000000,1250,False
14577,723GS203926NOV99.25PE,723GS2039,26NOV2026,992500000.000000,1,OPTIRC,CDS,25000.000000,1250,False
14587,723GS203926NOV100.5PE,723GS2039,26NOV2026,1005000000.000000,1,OPTIRC,CDS,25000.000000,1250,False
14606,723GS203926NOV103CE,723GS2039,26NOV2026,1030000000.000000,1,OPTIRC,CDS,25000.000000,1250,False
14608,723GS203926NOV103.25CE,723GS2039,26NOV2026,1032500000.000000,1,OPTIRC,CDS,25000.000000,1250,False
14637,USDINR27MAR94.75CE,USDINR,29MAR2027,947500000.000000,1,OPTCUR,CDS,25000.000000,10000,False
14638,USDINR27MAR94.75PE,USDINR,29MAR2027,947500000.000000,1,OPTCUR,CDS,25000.000000,10000,False
14657,633GS203526DEC97.75CE,633GS2035,31DEC2026,977500000.000000,1,OPTIRC,CDS,25000.000000,1250,False
14678,JPYINR26DEC64.5PE,JPYINR,29DEC2026,645000000.000000,1,OPTCUR,CDS,25000.000000,10000,False
14679,JPYINR26DEC64.75CE,JPYINR,29DEC2026,647500000.000000,1,OPTCUR,CDS,25000.000000,10000,False
14680,JPYINR26DEC64.75PE,JPYINR,29DEC2026,647500000.000000,1,OPTCUR,CDS,25000.000000,10000,False
14690,USDINR27MAR96PE,USDINR,29MAR2027,960000000.000000,1,OPTCUR,CDS,25000.000000,10000,False
14713,USDINR27MAR99CE,USDINR,29MAR2027,990000000.000000,1,OPTCUR,CDS,25000.000000,10000,False
14734,USDJPY27MAR146.5PE,USDJPY,29MAR2027,1465000000.000000,1,OPTCUR,CDS,100000.000000,10000,False
14735,633GS203526DEC98.25CE,633GS2035,31DEC2026,982500000.000000,1,OPTIRC,CDS,25000.000000,1250,False
14737,633GS203526DEC98.5CE,633GS2035,31DEC2026,985000000.000000,1,OPTIRC,CDS,25000.000000,1250,False
14740,USDJPY27MAR147PE,USDJPY,29MAR2027,1470000000.000000,1,OPTCUR,CDS,100000.000000,10000,False
14745,USDJPY27MAR148.5CE,USDJPY,29MAR2027,1485000000.000000,1,OPTCUR,CDS,100000.000000,10000,False
14750,USDJPY27MAR149.5PE,USDJPY,29MAR2027,1495000000.000000,1,OPTCUR,CDS,100000.000000,10000,False
14776,USDJPY27MAR153PE,USDJPY,29MAR2027,1530000000.000000,1,OPTCUR,CDS,100000.000000,10000,False
14781,USDJPY27MAR154.5CE,USDJPY,29MAR2027,1545000000.000000,1,OPTCUR,CDS,100000.000000,10000,False
14784,USDJPY27MAR155PE,USDJPY,29MAR2027,1550000000.000000,1,OPTCUR,CDS,100000.000000,10000,False
14787,USDJPY27MAR156CE,USDJPY,29MAR2027,1560000000.000000,1,OPTCUR,CDS,100000.000000,10000,False
14801,GBPINR26SEP127.75CE,GBPINR,28SEP2026,1277500000.000000,1,OPTCUR,CDS,25000.000000,10000,False
14855,USDJPY27MAR159CE,USDJPY,29MAR2027,1590000000.000000,1,OPTCUR,CDS,100000.000000,10000,False
1501,648GS203526SEP95.25CE,648GS2035,24SEP2026,952500000.000000,1,OPTIRC,CDS,25000.000000,1250,False
1502,648GS203526SEP95.25PE,648GS2035,24SEP2026,952500000.000000,1,OPTIRC,CDS,25000.000000,1250,False
14871,USDJPY27MAR160.5CE,USDJPY,29MAR2027,1605000000.000000,1,OPTCUR,CDS,100000.000000,10000,False
14904,USDINR26SEP97PE,USDINR,28SEP2026,970000000.000000,1,OPTCUR,CDS,25000.000000,10000,False
1516,668GS204026DEC92.75PE,668GS2040,31DEC2026,927500000.000000,1,OPTIRC,CDS,25000.000000,1250,False
15032,USDJPY27MAR165.5PE,USDJPY,29MAR2027,1655000000.000000,1,OPTCUR,CDS,100000.000000,10000,False
15183,JPYINR26DEC54PE,JPYINR,29DEC2026,540000000.000000,1,OPTCUR,CDS,25000.000000,10000,False
15213,JPYINR26DEC57.75PE,JPYINR,29DEC2026,577500000.000000,1,OPTCUR,CDS,25000.000000,10000,False
1524,USDJPY26SEP136CE,USDJPY,28SEP2026,1360000000.000000,1,OPTCUR,CDS,100000.000000,10000,False
15219,JPYINR26DEC58.5PE,JPYINR,29DEC2026,585000000.000000,1,OPTCUR,CDS,25000.000000,10000,False
15221,JPYINR26DEC58.75PE,JPYINR,29DEC2026,587500000.000000,1,OPTCUR,CDS,25000.000000,10000,False
15225,JPYINR26DEC59.25PE,JPYINR,29DEC2026,592500000.000000,1,OPTCUR,CDS,25000.000000,10000,False
1527,USDJPY27MAR174CE,USDJPY,29MAR2027,1740000000.000000,1,OPTCUR,CDS,100000.000000,10000,False
1536,EURINR27JUN114PE,EURINR,28JUN2027,1140000000.000000,1,OPTCUR,CDS,25000.000000,10000,False
15259,668GS204026DEC91.75PE,668GS2040,31DEC2026,917500000.000000,1,OPTIRC,CDS,25000.000000,1250,False
15451,USDINR27JUN91.25PE,USDINR,28JUN2027,912500000.000000,1,OPTCUR,CDS,25000.000000,10000,False
15452,USDINR27JUN91.5CE,USDINR,28JUN2027,915000000.000000,1,OPTCUR,CDS,25000.000000,10000,False
15459,USDINR27JUN92.25PE,USDINR,28JUN2027,922500000.000000,1,OPTCUR,CDS,25000.000000,10000,False
15486,USDINR27JUN95.75CE,USDINR,28JUN2027,957500000.000000,1,OPTCUR,CDS,25000.000000,10000,False
15487,USDINR27JUN95.75PE,USDINR,28JUN2027,957500000.000000,1,OPTCUR,CDS,25000.000000,10000,False
15495,USDINR27JUN96.25CE,USDINR,28JUN2027,962500000.000000,1,OPTCUR,CDS,25000.000000,10000,False
15503,JPYINR26DEC60.5PE,JPYINR,29DEC2026,605000000.000000,1,OPTCUR,CDS,25000.000000,10000,False
15505,JPYINR26DEC60.75PE,JPYINR,29DEC2026,607500000.000000,1,OPTCUR,CDS,25000.000000,10000,False
15521,JPYINR26DEC62.75PE,JPYINR,29DEC2026,627500000.000000,1,OPTCUR,CDS,25000.000000,10000,False
15525,JPYINR26DEC63.25PE,JPYINR,29DEC2026,632500000.000000,1,OPTCUR,CDS,25000.000000,10000,False
15527,JPYINR26DEC63.5PE,JPYINR,29DEC2026,635000000.000000,1,OPTCUR,CDS,25000.000000,10000,False
15534,USDINR27JUN97.5PE,USDINR,28JUN2027,975000000.000000,1,OPTCUR,CDS,25000.000000,10000,False
15540,USDINR27JUN98.25PE,USDINR,28JUN2027,982500000.000000,1,OPTCUR,CDS,25000.000000,10000,False
15543,USDINR27JUN98.75CE,USDINR,28JUN2027,987500000.000000,1,OPTCUR,CDS,25000.000000,10000,False
15549,USDINR27JUN99.5CE,USDINR,28JUN2027,995000000.000000,1,OPTCUR,CDS,25000.000000,10000,False
15618,USDINR26DEC92.5CE,USDINR,29DEC2026,925000000.000000,1,OPTCUR,CDS,25000.000000,10000,False
15632,USDJPY27JUN150.5CE,USDJPY,28JUN2027,1505000000.000000,1,OPTCUR,CDS,100000.000000,10000,False
15640,USDJPY27JUN152.5CE,USDJPY,28JUN2027,1525000000.000000,1,OPTCUR,CDS,100000.000000,10000,False
15643,USDJPY27JUN153PE,USDJPY,28JUN2027,1530000000.000000,1,OPTCUR,CDS,100000.000000,10000,False
15649,USDJPY27JUN154.5PE,USDJPY,28JUN2027,1545000000.000000,1,OPTCUR,CDS,100000.000000,10000,False
15658,USDJPY27JUN156.5CE,USDJPY,28JUN2027,1565000000.000000,1,OPTCUR,CDS,100000.000000,10000,False
15669,USDINR26DEC93.75CE,USDINR,29DEC2026,937500000.000000,1,OPTCUR,CDS,25000.000000,10000,False
15675,USDINR26DEC94.5CE,USDINR,29DEC2026,945000000.000000,1,OPTCUR,CDS,25000.000000,10000,False
15682,USDINR26DEC94.75PE,USDINR,29DEC2026,947500000.000000,1,OPTCUR,CDS,25000.000000,10000,False
15691,USDINR26DEC96CE,USDINR,29DEC2026,960000000.000000,1,OPTCUR,CDS,25000.000000,10000,False
15700,USDJPY26DEC145.5CE,USDJPY,29DEC2026,1455000000.000000,1,OPTCUR,CDS,100000.000000,10000,False
15713,USDJPY26DEC148.5PE,USDJPY,29DEC2026,1485000000.000000,1,OPTCUR,CDS,100000.000000,10000,False
15715,USDJPY26DEC149PE,USDJPY,29DEC2026,1490000000.000000,1,OPTCUR,CDS,100000.000000,10000,False
15719,USDJPY26DEC150PE,USDJPY,29DEC2026,1500000000.000000,1,OPTCUR,CDS,100000.000000,10000,False
1575,EURINR26NOV112.5PE,EURINR,26NOV2026,1125000000.000000,1,OPTCUR,CDS,25000.000000,10000,False
15723,USDJPY26DEC151PE,USDJPY,29DEC2026,1510000000.000000,1,OPTCUR,CDS,100000.000000,10000,False
15740,USDJPY26DEC155.5CE,USDJPY,29DEC2026,1555000000.000000,1,OPTCUR,CDS,100000.000000,10000,False
15756,USDJPY26DEC159.5CE,USDJPY,29DEC2026,1595000000.000000,1,OPTCUR,CDS,100000.000000,10000,False
15765,USDJPY26DEC161.5PE,USDJPY,29DEC2026,1615000000.000000,1,OPTCUR,CDS,100000.000000,10000,False
15767,USDJPY26DEC162PE,USDJPY,29DEC2026,1620000000.000000,1,OPTCUR,CDS,100000.000000,10000,False
15774,USDJPY26DEC164CE,USDJPY,29DEC2026,1640000000.000000,1,OPTCUR,CDS,100000.000000,10000,False
15784,USDJPY26DEC166.5CE,USDJPY,29DEC2026,1665000000.000000,1,OPTCUR,CDS,100000.000000,10000,False
15788,694GS203626SEP103.75CE,694GS2036,24SEP2026,1037500000.000000,1,OPTIRC,CDS,25000.000000,1250,False
15791,USDJPY27JUN157.5CE,USDJPY,28JUN2027,1575000000.000000,1,OPTCUR,CDS,100000.000000,10000,False
15794,USDJPY27JUN158PE,USDJPY,28JUN2027,1580000000.000000,1,OPTCUR,CDS,100000.000000,10000,False
15801,USDJPY27JUN160CE,USDJPY,28JUN2027,1600000000.000000,1,OPTCUR,CDS,100000.000000,10000,False
10003,USDINR26O2396.5CE,USDINR,23OCT2026,965000000.000000,1,OPTCUR,CDS,25000.000000,10000,False
1591,GBPINR26918132.75PE,GBPINR,18SEP2026,1327500000.000000,1,OPTCUR,CDS,25000.000000,10000,False
15810,USDJPY27JUN161.5CE,USDJPY,28JUN2027,1615000000.000000,1,OPTCUR,CDS,100000.000000,10000,False
15847,USDJPY27JUN170.5PE,USDJPY,28JUN2027,1705000000.000000,1,OPTCUR,CDS,100000.000000,10000,False
15851,USDJPY27JUN171.5PE,USDJPY,28JUN2027,1715000000.000000,1,OPTCUR,CDS,100000.000000,10000,False
16,CCIL-USDINR,CCILUSDINR,,-1.000000,1,UNDCUR,CDS,25000.000000,999,False
1597,USDINR26O0995.375CE,USDINR,09OCT2026,953750000.000000,1,OPTCUR,CDS,25000.000000,10000,False
15915,694GS203627JUNFUT,694GS2036,24JUN2027,-1.000000,1,FUTIRC,CDS,25000.000000,1250,False
16010,648GS203527JUN97.75PE,648GS2035,24JUN2027,977500000.000000,1,OPTIRC,CDS,25000.000000,1250,False
1003,ONMIBOR27JUNFUT,ONMIBOR,30JUN2027,-1.000000,1,FUTIRC,CDS,25000.000000,40,False
10005,USDINR26O2396.5PE,USDINR,23OCT2026,965000000.000000,1,OPTCUR,CDS,25000.000000,10000,False
10014,USDINR26O2397.5CE,USDINR,23OCT2026,975000000.000000,1,OPTCUR,CDS,25000.000000,10000,False
10035,GBPINR26DEC119.25PE,GBPINR,29DEC2026,1192500000.000000,1,OPTCUR,CDS,25000.000000,10000,False
16016,648GS203527JUN98.5PE,648GS2035,24JUN2027,985000000.000000,1,OPTIRC,CDS,25000.000000,1250,False
16023,648GS203527JUN99.5CE,648GS2035,24JUN2027,995000000.000000,1,OPTIRC,CDS,25000.000000,1250,False
16025,648GS203527JUN99.75CE,648GS2035,24JUN2027,997500000.000000,1,OPTIRC,CDS,25000.000000,1250,False
1006,GBPINR26O16FUT,GBPINR,16OCT2026,-1.000000,1,FUTCUR,CDS,25000.000000,10000,False
1009,11NSETEST36DEC29,11NSETEST,29DEC2036,-1.000000,1,FUTCUR,CDS,25000.000000,999,False
10088,USDINR26O2398.25CE,USDINR,23OCT2026,982500000.000000,1,OPTCUR,CDS,25000.000000,10000,False
10092,USDJPY26OCT167CE,USDJPY,28OCT2026,1670000000.000000,1,OPTCUR,CDS,100000.000000,10000,False
16075,668GS204027JUN95CE,668GS2040,24JUN2027,950000000.000000,1,OPTIRC,CDS,25000.000000,1250,False
16090,668GS204027JUN96.5PE,668GS2040,24JUN2027,965000000.000000,1,OPTIRC,CDS,25000.000000,1250,False
16092,668GS204027JUN96.75PE,668GS2040,24JUN2027,967500000.000000,1,OPTIRC,CDS,25000.000000,1250,False
16093,668GS204027JUN97CE,668GS2040,24JUN2027,970000000.000000,1,OPTIRC,CDS,25000.000000,1250,False
10128,USDJPY26OCT168.5PE,USDJPY,28OCT2026,1685000000.000000,1,OPTCUR,CDS,100000.000000,10000,False
10164,694GS203626OCT97.75PE,694GS2036,29OCT2026,977500000.000000,1,OPTIRC,CDS,25000.000000,1250,False
10166,694GS203626OCT98PE,694GS2036,29OCT2026,980000000.000000,1,OPTIRC,CDS,25000.000000,1250,False
10172,EURINR26SEP111.5CE,EURINR,28SEP2026,1115000000.000000,1,OPTCUR,CDS,25000.000000,10000,False
16099,668GS204027JUN97.75CE,668GS2040,24JUN2027,977500000.000000,1,OPTIRC,CDS,25000.000000,1250,False
16101,668GS204027JUN98CE,668GS2040,24JUN2027,980000000.000000,1,OPTIRC,CDS,25000.000000,1250,False
16102,668GS204027JUN98PE,668GS2040,24JUN2027,980000000.000000,1,OPTIRC,CDS,25000.000000,1250,False
16117,USDJPY26DEC168.5PE,USDJPY,29DEC2026,1685000000.000000,1,OPTCUR,CDS,100000.000000,10000,False
16159,694GS203627JUN97.5PE,694GS2036,24JUN2027,975000000.000000,1,OPTIRC,CDS,25000.000000,1250,False
16164,694GS203627JUN98.25CE,694GS2036,24JUN2027,982500000.000000,1,OPTIRC,CDS,25000.000000,1250,False
16167,694GS203627JUN98.5PE,694GS2036,24JUN2027,985000000.000000,1,OPTIRC,CDS,25000.000000,1250,False
16169,694GS203627JUN98.75PE,694GS2036,24JUN2027,987500000.000000,1,OPTIRC,CDS,25000.000000,1250,False
102,R-GOI6.01%2030,R601GS2030,,-1.000000,1,UNDIRC,CDS,25000.000000,1250,False
10177,694GS203626OCT98.25PE,694GS2036,29OCT2026,982500000.000000,1,OPTIRC,CDS,25000.000000,1250,False
10189,GBPINR26SEP130.5CE,GBPINR,28SEP2026,1305000000.000000,1,OPTCUR,CDS,25000.000000,10000,False
10193,GBPINR26SEP131CE,GBPINR,28SEP2026,1310000000.000000,1,OPTCUR,CDS,25000.000000,10000,False
16178,694GS203627JUN100CE,694GS2036,24JUN2027,1000000000.000000,1,OPTIRC,CDS,25000.000000,1250,False
16195,694GS203627JUN102PE,694GS2036,24JUN2027,1020000000.000000,1,OPTIRC,CDS,25000.000000,1250,False
16246,723GS203927JUN99.5CE,723GS2039,24JUN2027,995000000.000000,1,OPTIRC,CDS,25000.000000,1250,False
16264,723GS203927JUN101.25PE,723GS2039,24JUN2027,1012500000.000000,1,OPTIRC,CDS,25000.000000,1250,False
10241,694GS203626OCT101.25PE,694GS2036,29OCT2026,1012500000.000000,1,OPTIRC,CDS,25000.000000,1250,False
10252,694GS203626OCT102.75CE,694GS2036,29OCT2026,1027500000.000000,1,OPTIRC,CDS,25000.000000,1250,False
10253,694GS203626OCT102.75PE,694GS2036,29OCT2026,1027500000.000000,1,OPTIRC,CDS,25000.000000,1250,False
10294,USDINR26O3097PE,USDINR,30OCT2026,970000000.000000,1,OPTCUR,CDS,25000.000000,10000,False
1032,EURINR27JUN113.5CE,EURINR,28JUN2027,1135000000.000000,1,OPTCUR,CDS,25000.000000,10000,False
10322,723GS203926OCT102.75CE,723GS2039,29OCT2026,1027500000.000000,1,OPTIRC,CDS,25000.000000,1250,False
10340,723GS203926OCT105CE,723GS2039,29OCT2026,1050000000.000000,1,OPTIRC,CDS,25000.000000,1250,False
10357,JPYINR26NOV58.5CE,JPYINR,26NOV2026,585000000.000000,1,OPTCUR,CDS,25000.000000,10000,False
16274,723GS203927JUN102.5PE,723GS2039,24JUN2027,1025000000.000000,1,OPTIRC,CDS,25000.000000,1250,False
16283,723GS203927JUN103.5PE,723GS2039,24JUN2027,1035000000.000000,1,OPTIRC,CDS,25000.000000,1250,False
16290,723GS203927JUN104.5CE,723GS2039,24JUN2027,1045000000.000000,1,OPTIRC,CDS,25000.000000,1250,False
16291,723GS203927JUN104.5PE,723GS2039,24JUN2027,1045000000.000000,1,OPTIRC,CDS,25000.000000,1250,False
16336,JPYINR26SEP61CE,JPYINR,28SEP2026,610000000.000000,1,OPTCUR,CDS,25000.000000,10000,False
16348,JPYINR26SEP62.5CE,JPYINR,28SEP2026,625000000.000000,1,OPTCUR,CDS,25000.000000,10000,False
16354,JPYINR26SEP63.25CE,JPYINR,28SEP2026,632500000.000000,1,OPTCUR,CDS,25000.000000,10000,False
16361,JPYINR26SEP64PE,JPYINR,28SEP2026,640000000.000000,1,OPTCUR,CDS,25000.000000,10000,False
16402,USDINR26SEP84.75CE,USDINR,28SEP2026,847500000.000000,1,OPTCUR,CDS,25000.000000,10000,False
16411,USDINR26SEP85.75PE,USDINR,28SEP2026,857500000.000000,1,OPTCUR,CDS,25000.000000,10000,False
16424,USDINR26SEP87.5CE,USDINR,28SEP2026,875000000.000000,1,OPTCUR,CDS,25000.000000,10000,False
16425,USDINR26SEP87.5PE,USDINR,28SEP2026,875000000.000000,1,OPTCUR,CDS,25000.000000,10000,False
16435,USDINR26SEP88.75PE,USDINR,28SEP2026,887500000.000000,1,OPTCUR,CDS,25000.000000,10000,False
16450,USDINR26SEP90.75CE,USDINR,28SEP2026,907500000.000000,1,OPTCUR,CDS,25000.000000,10000,False
16452,USDINR26SEP91CE,USDINR,28SEP2026,910000000.000000,1,OPTCUR,CDS,25000.000000,10000,False
16453,USDINR26SEP91PE,USDINR,28SEP2026,910000000.000000,1,OPTCUR,CDS,25000.000000,10000,False
16454,USDINR26SEP91.25CE,USDINR,28SEP2026,912500000.000000,1,OPTCUR,CDS,25000.000000,10000,False
16464,USDINR26SEP92.5CE,USDINR,28SEP2026,925000000.000000,1,OPTCUR,CDS,25000.000000,10000,False
16475,USDINR26SEP93.75PE,USDINR,28SEP2026,937500000.000000,1,OPTCUR,CDS,25000.000000,10000,False
16487,USDJPY26SEP137PE,USDJPY,28SEP2026,1370000000.000000,1,OPTCUR,CDS,100000.000000,10000,False
16489,USDJPY26SEP137.5PE,USDJPY,28SEP2026,1375000000.000000,1,OPTCUR,CDS,100000.000000,10000,False
16523,USDJPY26SEP146PE,USDJPY,28SEP2026,1460000000.000000,1,OPTCUR,CDS,100000.000000,10000,False
16524,USDJPY26SEP146.5CE,USDJPY,28SEP2026,1465000000.000000,1,OPTCUR,CDS,100000.000000,10000,False
16535,USDJPY26SEP149PE,USDJPY,28SEP2026,1490000000.000000,1,OPTCUR,CDS,100000.000000,10000,False
16540,USDJPY26SEP150.5CE,USDJPY,28SEP2026,1505000000.000000,1,OPTCUR,CDS,100000.000000,10000,False
16543,USDJPY26SEP151PE,USDJPY,28SEP2026,1510000000.000000,1,OPTCUR,CDS,100000.000000,10000,False
16551,USDJPY26SEP153PE,USDJPY,28SEP2026,1530000000.000000,1,OPTCUR,CDS,100000.000000,10000,False
16553,USDJPY26SEP153.5PE,USDJPY,28SEP2026,1535000000.000000,1,OPTCUR,CDS,100000.000000,10000,False
10372,GBPINR26DEC131CE,GBPINR,29DEC2026,1310000000.000000,1,OPTCUR,CDS,25000.000000,10000,False
10379,GBPINR26DEC131.25PE,GBPINR,29DEC2026,1312500000.000000,1,OPTCUR,CDS,25000.000000,10000,False
10385,USDJPY26OCT170.5CE,USDJPY,28OCT2026,1705000000.000000,1,OPTCUR,CDS,100000.000000,10000,False
10391,USDINR26O3098.5PE,USDINR,30OCT2026,985000000.000000,1,OPTCUR,CDS,25000.000000,10000,False
16554,USDJPY26SEP154CE,USDJPY,28SEP2026,1540000000.000000,1,OPTCUR,CDS,100000.000000,10000,False
16609,633GS203526SEP97.75PE,633GS2035,24SEP2026,977500000.000000,1,OPTIRC,CDS,25000.000000,1250,False
16598,633GS203526SEP96.5CE,633GS2035,24SEP2026,965000000.000000,1,OPTIRC,CDS,25000.000000,1250,False
16602,633GS203526SEP97CE,633GS2035,24SEP2026,970000000.000000,1,OPTIRC,CDS,25000.000000,1250,False
1041,EURINR27JUN113.5PE,EURINR,28JUN2027,1135000000.000000,1,OPTCUR,CDS,25000.000000,10000,False
10394,GBPINR26DEC119.5PE,GBPINR,29DEC2026,1195000000.000000,1,OPTCUR,CDS,25000.000000,10000,False
10400,USDJPY26OCT171CE,USDJPY,28OCT2026,1710000000.000000,1,OPTCUR,CDS,100000.000000,10000,False
10412,JPYINR26NOV59.5PE,JPYINR,26NOV2026,595000000.000000,1,OPTCUR,CDS,25000.000000,10000,False
16610,633GS203526SEP98CE,633GS2035,24SEP2026,980000000.000000,1,OPTIRC,CDS,25000.000000,1250,False
16660,668GS204026SEP95.75CE,668GS2040,24SEP2026,957500000.000000,1,OPTIRC,CDS,25000.000000,1250,False
16663,668GS204026SEP96PE,668GS2040,24SEP2026,960000000.000000,1,OPTIRC,CDS,25000.000000,1250,False
16670,668GS204026SEP97CE,668GS2040,24SEP2026,970000000.000000,1,OPTIRC,CDS,25000.000000,1250,False
1050,GBPINR27JANFUT,GBPINR,27JAN2027,-1.000000,1,FUTCUR,CDS,25000.000000,10000,False
10413,GBPINR26DEC131.75CE,GBPINR,29DEC2026,1317500000.000000,1,OPTCUR,CDS,25000.000000,10000,False
10471,USDJPY26OCT172PE,USDJPY,28OCT2026,1720000000.000000,1,OPTCUR,CDS,100000.000000,10000,False
10496,USDJPY26OCT174.5PE,USDJPY,28OCT2026,1745000000.000000,1,OPTCUR,CDS,100000.000000,10000,False
1052,EURUSD27MAYFUT,EURUSD,27MAY2027,-1.000000,1,FUTCUR,CDS,1000.000000,10000,False
1054,GBPUSD27APRFUT,GBPUSD,28APR2027,-1.000000,1,FUTCUR,CDS,1000.000000,10000,False
10504,EURUSD26OCT1.265CE,EURUSD,28OCT2026,12650000.000000,1,OPTCUR,CDS,1000.000000,10000,False
10516,USDINR26O3096.375PE,USDINR,30OCT2026,963750000.000000,1,OPTCUR,CDS,25000.000000,10000,False
16671,668GS204026SEP97PE,668GS2040,24SEP2026,970000000.000000,1,OPTIRC,CDS,25000.000000,1250,False
16676,668GS204026SEP97.75CE,668GS2040,24SEP2026,977500000.000000,1,OPTIRC,CDS,25000.000000,1250,False
16704,668GS204026SEP101.25CE,668GS2040,24SEP2026,1012500000.000000,1,OPTIRC,CDS,25000.000000,1250,False
16716,679GS203426SEP97.5CE,679GS2034,24SEP2026,975000000.000000,1,OPTIRC,CDS,25000.000000,1250,False
1676,EURINR26O16107PE,EURINR,16OCT2026,1070000000.000000,1,OPTCUR,CDS,25000.000000,10000,False
10586,JPYINR26NOV60.5CE,JPYINR,26NOV2026,605000000.000000,1,OPTCUR,CDS,25000.000000,10000,False
10668,JPYINR26NOV61.5CE,JPYINR,26NOV2026,615000000.000000,1,OPTCUR,CDS,25000.000000,10000,False
10669,JPYINR26NOV61.5PE,JPYINR,26NOV2026,615000000.000000,1,OPTCUR,CDS,25000.000000,10000,False
10682,USDINR26SEP96.25PE,USDINR,28SEP2026,962500000.000000,1,OPTCUR,CDS,25000.000000,10000,False
16728,679GS203426SEP99CE,679GS2034,24SEP2026,990000000.000000,1,OPTIRC,CDS,25000.000000,1250,False
16745,679GS203426SEP101PE,679GS2034,24SEP2026,1010000000.000000,1,OPTIRC,CDS,25000.000000,1250,False
16752,679GS203426SEP102CE,679GS2034,24SEP2026,1020000000.000000,1,OPTIRC,CDS,25000.000000,1250,False
16761,679GS203426SEP103PE,679GS2034,24SEP2026,1030000000.000000,1,OPTIRC,CDS,25000.000000,1250,False
16765,679GS203426SEP103.5PE,679GS2034,24SEP2026,1035000000.000000,1,OPTIRC,CDS,25000.000000,1250,False
16814,723GS203926SEP103.25CE,723GS2039,24SEP2026,1032500000.000000,1,OPTIRC,CDS,25000.000000,1250,False
16828,723GS203926SEP105CE,723GS2039,24SEP2026,1050000000.000000,1,OPTIRC,CDS,25000.000000,1250,False
16833,723GS203926SEP105.5PE,723GS2039,24SEP2026,1055000000.000000,1,OPTIRC,CDS,25000.000000,1250,False
16835,723GS203926SEP105.75PE,723GS2039,24SEP2026,1057500000.000000,1,OPTIRC,CDS,25000.000000,1250,False
16887,633GS203526DEC99.75CE,633GS2035,31DEC2026,997500000.000000,1,OPTIRC,CDS,25000.000000,1250,False
16891,633GS203526DEC100.25CE,633GS2035,31DEC2026,1002500000.000000,1,OPTIRC,CDS,25000.000000,1250,False
10692,JPYINR26NOV62.25CE,JPYINR,26NOV2026,622500000.000000,1,OPTCUR,CDS,25000.000000,10000,False
10722,EURINR26N06107CE,EURINR,06NOV2026,1070000000.000000,1,OPTCUR,CDS,25000.000000,10000,False
10730,EURINR26N06107.75CE,EURINR,06NOV2026,1077500000.000000,1,OPTCUR,CDS,25000.000000,10000,False
10736,EURINR26N06108.5CE,EURINR,06NOV2026,1085000000.000000,1,OPTCUR,CDS,25000.000000,10000,False
16929,648GS203526DEC98CE,648GS2035,31DEC2026,980000000.000000,1,OPTIRC,CDS,25000.000000,1250,False
16933,648GS203526DEC98.5CE,648GS2035,31DEC2026,985000000.000000,1,OPTIRC,CDS,25000.000000,1250,False
16958,648GS203526DEC101.5PE,648GS2035,31DEC2026,1015000000.000000,1,OPTIRC,CDS,25000.000000,1250,False
16984,668GS204026DEC94.25PE,668GS2040,31DEC2026,942500000.000000,1,OPTIRC,CDS,25000.000000,1250,False
10739,EURINR26N06108.75PE,EURINR,06NOV2026,1087500000.000000,1,OPTCUR,CDS,25000.000000,10000,False
10761,EURINR26N06110.25PE,EURINR,06NOV2026,1102500000.000000,1,OPTCUR,CDS,25000.000000,10000,False
10799,EURINR26N06112.25PE,EURINR,06NOV2026,1122500000.000000,1,OPTCUR,CDS,25000.000000,10000,False
10803,EURINR26N06112.75PE,EURINR,06NOV2026,1127500000.000000,1,OPTCUR,CDS,25000.000000,10000,False
10971,EURINR26N06115CE,EURINR,06NOV2026,1150000000.000000,1,OPTCUR,CDS,25000.000000,10000,False
16985,668GS204026DEC94.5CE,668GS2040,31DEC2026,945000000.000000,1,OPTIRC,CDS,25000.000000,1250,False
16998,668GS204026DEC96PE,668GS2040,31DEC2026,960000000.000000,1,OPTIRC,CDS,25000.000000,1250,False
17001,668GS204026DEC96.5CE,668GS2040,31DEC2026,965000000.000000,1,OPTIRC,CDS,25000.000000,1250,False
17019,668GS204026DEC98.75CE,668GS2040,31DEC2026,987500000.000000,1,OPTIRC,CDS,25000.000000,1250,False
1084,USDINR26O16FUT,USDINR,16OCT2026,-1.000000,1,FUTCUR,CDS,25000.000000,10000,False
10805,EURINR26N06113PE,EURINR,06NOV2026,1130000000.000000,1,OPTCUR,CDS,25000.000000,10000,False
10830,USDINR26SEP94.875PE,USDINR,28SEP2026,948750000.000000,1,OPTCUR,CDS,25000.000000,10000,False
11050,USDINR26SEP95.375CE,USDINR,28SEP2026,953750000.000000,1,OPTCUR,CDS,25000.000000,10000,False
11096,USDINR26SEP95.625CE,USDINR,28SEP2026,956250000.000000,1,OPTCUR,CDS,25000.000000,10000,False
17046,723GS203926DEC98.75PE,723GS2039,31DEC2026,987500000.000000,1,OPTIRC,CDS,25000.000000,1250,False
17078,723GS203926DEC102.75PE,723GS2039,31DEC2026,1027500000.000000,1,OPTIRC,CDS,25000.000000,1250,False
17088,723GS203926DEC104PE,723GS2039,31DEC2026,1040000000.000000,1,OPTIRC,CDS,25000.000000,1250,False
17092,723GS203926DEC104.5PE,723GS2039,31DEC2026,1045000000.000000,1,OPTIRC,CDS,25000.000000,1250,False
1126,GBPUSD27JUN1.44CE,GBPUSD,28JUN2027,14400000.000000,1,OPTCUR,CDS,1000.000000,10000,False
1143,723GS203927MAR105CE,723GS2039,25MAR2027,1050000000.000000,1,OPTIRC,CDS,25000.000000,1250,False
11415,GBPINR26N06125.25PE,GBPINR,06NOV2026,1252500000.000000,1,OPTCUR,CDS,25000.000000,10000,False
11444,GBPINR26N06126.5CE,GBPINR,06NOV2026,1265000000.000000,1,OPTCUR,CDS,25000.000000,10000,False
17096,723GS203926DEC105PE,723GS2039,31DEC2026,1050000000.000000,1,OPTIRC,CDS,25000.000000,1250,False
17158,633GS203527MAR93.5PE,633GS2035,25MAR2027,935000000.000000,1,OPTIRC,CDS,25000.000000,1250,False
17161,633GS203527MAR94CE,633GS2035,25MAR2027,940000000.000000,1,OPTIRC,CDS,25000.000000,1250,False
17178,633GS203527MAR96PE,633GS2035,25MAR2027,960000000.000000,1,OPTIRC,CDS,25000.000000,1250,False
11451,GBPINR26N06127.25PE,GBPINR,06NOV2026,1272500000.000000,1,OPTCUR,CDS,25000.000000,10000,False
11470,GBPINR26N06128.75CE,GBPINR,06NOV2026,1287500000.000000,1,OPTCUR,CDS,25000.000000,10000,False
11483,USDJPY26SEP168PE,USDJPY,28SEP2026,1680000000.000000,1,OPTCUR,CDS,100000.000000,10000,False
11514,694GS203626SEP97PE,694GS2036,24SEP2026,970000000.000000,1,OPTIRC,CDS,25000.000000,1250,False
17229,633GS203527MAR96.5CE,633GS2035,25MAR2027,965000000.000000,1,OPTIRC,CDS,25000.000000,1250,False
17239,633GS203527MAR97CE,633GS2035,25MAR2027,970000000.000000,1,OPTIRC,CDS,25000.000000,1250,False
17242,633GS203527MAR97.25PE,633GS2035,25MAR2027,972500000.000000,1,OPTIRC,CDS,25000.000000,1250,False
17251,633GS203527MAR98.5CE,633GS2035,25MAR2027,985000000.000000,1,OPTIRC,CDS,25000.000000,1250,False
11525,GBPUSD26SEP1.175PE,GBPUSD,28SEP2026,11750000.000000,1,OPTCUR,CDS,1000.000000,10000,False
11526,GBPUSD26SEP1.18CE,GBPUSD,28SEP2026,11800000.000000,1,OPTCUR,CDS,1000.000000,10000,False
11589,633GS203526DEC94.5PE,633GS2035,31DEC2026,945000000.000000,1,OPTIRC,CDS,25000.000000,1250,False
11680,JPYINR26SEP59.5PE,JPYINR,28SEP2026,595000000.000000,1,OPTCUR,CDS,25000.000000,10000,False
1730,USDJPY26SEP175PE,USDJPY,28SEP2026,1750000000.000000,1,OPTCUR,CDS,100000.000000,10000,False
17254,633GS203527MAR98.75PE,633GS2035,25MAR2027,987500000.000000,1,OPTIRC,CDS,25000.000000,1250,False
17330,648GS203527MAR97.75PE,648GS2035,25MAR2027,977500000.000000,1,OPTIRC,CDS,25000.000000,1250,False
17331,648GS203527MAR98CE,648GS2035,25MAR2027,980000000.000000,1,OPTIRC,CDS,25000.000000,1250,False
1169,EURUSD26DEC1.045CE,EURUSD,29DEC2026,10450000.000000,1,OPTCUR,CDS,1000.000000,10000,False
11766,GBPUSD26SEP1.48PE,GBPUSD,28SEP2026,14800000.000000,1,OPTCUR,CDS,1000.000000,10000,False
11784,694GS203626DEC99.75CE,694GS2036,31DEC2026,997500000.000000,1,OPTIRC,CDS,25000.000000,1250,False
11785,694GS203626DEC99.75PE,694GS2036,31DEC2026,997500000.000000,1,OPTIRC,CDS,25000.000000,1250,False
17344,648GS203527MAR99.5PE,648GS2035,25MAR2027,995000000.000000,1,OPTIRC,CDS,25000.000000,1250,False
17365,668GS204027MAR91.75CE,668GS2040,25MAR2027,917500000.000000,1,OPTIRC,CDS,25000.000000,1250,False
17370,668GS204027MAR92.25PE,668GS2040,25MAR2027,922500000.000000,1,OPTIRC,CDS,25000.000000,1250,False
17373,668GS204027MAR92.75CE,668GS2040,25MAR2027,927500000.000000,1,OPTIRC,CDS,25000.000000,1250,False
11898,USDINR26SEP95CE,USDINR,28SEP2026,950000000.000000,1,OPTCUR,CDS,25000.000000,10000,False
11913,USDJPY26SEP170.5PE,USDJPY,28SEP2026,1705000000.000000,1,OPTCUR,CDS,100000.000000,10000,False
11914,GBPUSD26OCT1.485PE,GBPUSD,28OCT2026,14850000.000000,1,OPTCUR,CDS,1000.000000,10000,False
11915,GBPUSD27JUN1.48CE,GBPUSD,28JUN2027,14800000.000000,1,OPTCUR,CDS,1000.000000,10000,False
17390,668GS204027MAR94.75PE,668GS2040,25MAR2027,947500000.000000,1,OPTIRC,CDS,25000.000000,1250,False
17398,668GS204027MAR95.75PE,668GS2040,25MAR2027,957500000.000000,1,OPTIRC,CDS,25000.000000,1250,False
17402,668GS204027MAR96.25PE,668GS2040,25MAR2027,962500000.000000,1,OPTIRC,CDS,25000.000000,1250,False
17408,668GS204027MAR97PE,668GS2040,25MAR2027,970000000.000000,1,OPTIRC,CDS,25000.000000,1250,False
1745,USDJPY26SEP162.5PE,USDJPY,28SEP2026,1625000000.000000,1,OPTCUR,CDS,100000.000000,10000,False
11921,GBPUSD27JUN1.485PE,GBPUSD,28JUN2027,14850000.000000,1,OPTCUR,CDS,1000.000000,10000,False
11949,648GS203526SEP95.75PE,648GS2035,24SEP2026,957500000.000000,1,OPTIRC,CDS,25000.000000,1250,False
11986,694GS203626DEC102CE,694GS2036,31DEC2026,1020000000.000000,1,OPTIRC,CDS,25000.000000,1250,False
11988,GBPINR26DEC121.5PE,GBPINR,29DEC2026,1215000000.000000,1,OPTCUR,CDS,25000.000000,10000,False
17413,668GS204027MAR97.75CE,668GS2040,25MAR2027,977500000.000000,1,OPTIRC,CDS,25000.000000,1250,False
17422,668GS204027MAR98.75PE,668GS2040,25MAR2027,987500000.000000,1,OPTIRC,CDS,25000.000000,1250,False
17424,668GS204027MAR99PE,668GS2040,25MAR2027,990000000.000000,1,OPTIRC,CDS,25000.000000,1250,False
1204,EURUSD26SEP1.05CE,EURUSD,28SEP2026,10500000.000000,1,OPTCUR,CDS,1000.000000,10000,False
12029,JPYINR26N0661.25CE,JPYINR,06NOV2026,612500000.000000,1,OPTCUR,CDS,25000.000000,10000,False
12034,JPYINR26N0661.75CE,JPYINR,06NOV2026,617500000.000000,1,OPTCUR,CDS,25000.000000,10000,False
12038,JPYINR26N0662.25CE,JPYINR,06NOV2026,622500000.000000,1,OPTCUR,CDS,25000.000000,10000,False
1224,USDJPY27FEBFUT,USDJPY,24FEB2027,-1.000000,1,FUTCUR,CDS,100000.000000,10000,False
12040,JPYINR26N0662.5CE,JPYINR,06NOV2026,625000000.000000,1,OPTCUR,CDS,25000.000000,10000,False
12043,JPYINR26N0662.75PE,JPYINR,06NOV2026,627500000.000000,1,OPTCUR,CDS,25000.000000,10000,False
12051,JPYINR26N0663.75PE,JPYINR,06NOV2026,637500000.000000,1,OPTCUR,CDS,25000.000000,10000,False
1750,GBPINR26O09FUT,GBPINR,09OCT2026,-1.000000,1,FUTCUR,CDS,25000.000000,10000,False
17503,723GS203927MAR102.75CE,723GS2039,25MAR2027,1027500000.000000,1,OPTIRC,CDS,25000.000000,1250,False
17512,723GS203927MAR103.75PE,723GS2039,25MAR2027,1037500000.000000,1,OPTIRC,CDS,25000.000000,1250,False
17514,723GS203927MAR104PE,723GS2039,25MAR2027,1040000000.000000,1,OPTIRC,CDS,25000.000000,1250,False
12249,GBPUSD26DEC1.21PE,GBPUSD,29DEC2026,12100000.000000,1,OPTCUR,CDS,1000.000000,10000,False
12260,694GS203626DEC103PE,694GS2036,31DEC2026,1030000000.000000,1,OPTIRC,CDS,25000.000000,1250,False
12281,USDINR26N0693.25CE,USDINR,06NOV2026,932500000.000000,1,OPTCUR,CDS,25000.000000,10000,False
12291,USDINR26N0694PE,USDINR,06NOV2026,940000000.000000,1,OPTCUR,CDS,25000.000000,10000,False
1757,USDJPY26DEC175.5CE,USDJPY,29DEC2026,1755000000.000000,1,OPTCUR,CDS,100000.000000,10000,False
12292,USDINR26N0694.25CE,USDINR,06NOV2026,942500000.000000,1,OPTCUR,CDS,25000.000000,10000,False
12297,USDINR26N0694.75PE,USDINR,06NOV2026,947500000.000000,1,OPTCUR,CDS,25000.000000,10000,False
12300,USDINR26N0695.125CE,USDINR,06NOV2026,951250000.000000,1,OPTCUR,CDS,25000.000000,10000,False
12329,USDINR26N0695.75CE,USDINR,06NOV2026,957500000.000000,1,OPTCUR,CDS,25000.000000,10000,False
17515,723GS203927MAR104.25CE,723GS2039,25MAR2027,1042500000.000000,1,OPTIRC,CDS,25000.000000,1250,False
17519,723GS203927MAR104.75CE,723GS2039,25MAR2027,1047500000.000000,1,OPTIRC,CDS,25000.000000,1250,False
18,GOI7.59%2029,759GS2029,,-1.000000,1,UNDIRC,CDS,25000.000000,1250,False
1764,EURUSD26SEPFUT,EURUSD,28SEP2026,-1.000000,1,FUTCUR,CDS,1000.000000,10000,False
1779,679GS203426SEPFUT,679GS2034,24SEP2026,-1.000000,1,FUTIRC,CDS,25000.000000,1250,False
12330,USDINR26N0695.75PE,USDINR,06NOV2026,957500000.000000,1,OPTCUR,CDS,25000.000000,10000,False
12340,USDINR26N0696.375CE,USDINR,06NOV2026,963750000.000000,1,OPTCUR,CDS,25000.000000,10000,False
12348,USDINR26N0697.25CE,USDINR,06NOV2026,972500000.000000,1,OPTCUR,CDS,25000.000000,10000,False
12352,USDINR26N0697.5PE,USDINR,06NOV2026,975000000.000000,1,OPTCUR,CDS,25000.000000,10000,False
1817,EURINR26SEP100.5CE,EURINR,28SEP2026,1005000000.000000,1,OPTCUR,CDS,25000.000000,10000,False
1828,EURINR26NOV114CE,EURINR,26NOV2026,1140000000.000000,1,OPTCUR,CDS,25000.000000,10000,False
1852,EURINR26NOV114.5CE,EURINR,26NOV2026,1145000000.000000,1,OPTCUR,CDS,25000.000000,10000,False
1853,USDINR27JULFUT,USDINR,28JUL2027,-1.000000,1,FUTCUR,CDS,25000.000000,10000,False
1240,EURUSD26OCT1.275PE,EURUSD,28OCT2026,12750000.000000,1,OPTCUR,CDS,1000.000000,10000,False
1241,EURUSD26DEC1.03CE,EURUSD,29DEC2026,10300000.000000,1,OPTCUR,CDS,1000.000000,10000,False
12374,USDINR26NOV91.75CE,USDINR,26NOV2026,917500000.000000,1,OPTCUR,CDS,25000.000000,10000,False
12537,633GS203526DEC95.75PE,633GS2035,31DEC2026,957500000.000000,1,OPTIRC,CDS,25000.000000,1250,False
1279,JPYINR26OCTFUT,JPYINR,28OCT2026,-1.000000,1,FUTCUR,CDS,25000.000000,10000,False
1864,EURINR26SEP103.25CE,EURINR,28SEP2026,1032500000.000000,1,OPTCUR,CDS,25000.000000,10000,False
12875,USDINR26NOV93CE,USDINR,26NOV2026,930000000.000000,1,OPTCUR,CDS,25000.000000,10000,False
12912,GBPUSD27JUN1.375CE,GBPUSD,28JUN2027,13750000.000000,1,OPTCUR,CDS,1000.000000,10000,False
12930,USDINR26N0694.875PE,USDINR,06NOV2026,948750000.000000,1,OPTCUR,CDS,25000.000000,10000,False
1889,91DTB26OCTFUT,91DTB,28OCT2026,-1.000000,1,FUTIRT,CDS,25000.000000,7000,False
1897,668GS204026SEP92.75CE,668GS2040,24SEP2026,927500000.000000,1,OPTIRC,CDS,25000.000000,1250,False
1926,EURINR26SEP105CE,EURINR,28SEP2026,1050000000.000000,1,OPTCUR,CDS,25000.000000,10000,False
1939,EURINR26SEP105.5PE,EURINR,28SEP2026,1055000000.000000,1,OPTCUR,CDS,25000.000000,10000,False
12931,USDINR26NOV93.25CE,USDINR,26NOV2026,932500000.000000,1,OPTCUR,CDS,25000.000000,10000,False
12935,USDINR26NOV93.75CE,USDINR,26NOV2026,937500000.000000,1,OPTCUR,CDS,25000.000000,10000,False
12967,GBPINR26DEC121.75PE,GBPINR,29DEC2026,1217500000.000000,1,OPTCUR,CDS,25000.000000,10000,False
12977,GBPUSD27JUN1.38CE,GBPUSD,28JUN2027,13800000.000000,1,OPTCUR,CDS,1000.000000,10000,False
20,R-GOI8.27%2020,R827GS2020,,-1.000000,1,UNDIRC,CDS,25000.000000,1250,False
1969,EURINR26SEP107.5CE,EURINR,28SEP2026,1075000000.000000,1,OPTCUR,CDS,25000.000000,10000,False
2005,EURINR26SEP108.75PE,EURINR,28SEP2026,1087500000.000000,1,OPTCUR,CDS,25000.000000,10000,False
2006,EURINR26SEP109CE,EURINR,28SEP2026,1090000000.000000,1,OPTCUR,CDS,25000.000000,10000,False
2016,EURINR26SEP109.25CE,EURINR,28SEP2026,1092500000.000000,1,OPTCUR,CDS,25000.000000,10000,False
2019,EURINR26SEP109.5CE,EURINR,28SEP2026,1095000000.000000,1,OPTCUR,CDS,25000.000000,10000,False
2028,EURINR26SEP110CE,EURINR,28SEP2026,1100000000.000000,1,OPTCUR,CDS,25000.000000,10000,False
2103,EURUSD26SEP1.115PE,EURUSD,28SEP2026,11150000.000000,1,OPTCUR,CDS,1000.000000,10000,False
13001,EURUSD26DEC1.025CE,EURUSD,29DEC2026,10250000.000000,1,OPTCUR,CDS,1000.000000,10000,False
13008,USDINR26NOV96.5PE,USDINR,26NOV2026,965000000.000000,1,OPTCUR,CDS,25000.000000,10000,False
13011,694GS203627MAR99PE,694GS2036,25MAR2027,990000000.000000,1,OPTIRC,CDS,25000.000000,1250,False
13032,USDINR26NOV97.25PE,USDINR,26NOV2026,972500000.000000,1,OPTCUR,CDS,25000.000000,10000,False
2129,EURINR26DEC102.25CE,EURINR,29DEC2026,1022500000.000000,1,OPTCUR,CDS,25000.000000,10000,False
2139,EURUSD26SEP1.155CE,EURUSD,28SEP2026,11550000.000000,1,OPTCUR,CDS,1000.000000,10000,False
2143,EURUSD26SEP1.165CE,EURUSD,28SEP2026,11650000.000000,1,OPTCUR,CDS,1000.000000,10000,False
2146,EURUSD26SEP1.17PE,EURUSD,28SEP2026,11700000.000000,1,OPTCUR,CDS,1000.000000,10000,False
13057,USDINR26NOV97.75CE,USDINR,26NOV2026,977500000.000000,1,OPTCUR,CDS,25000.000000,10000,False
13059,USDINR26NOV98CE,USDINR,26NOV2026,980000000.000000,1,OPTCUR,CDS,25000.000000,10000,False
13074,USDJPY26SEP172PE,USDJPY,28SEP2026,1720000000.000000,1,OPTCUR,CDS,100000.000000,10000,False
13077,USDJPY26DEC172CE,USDJPY,29DEC2026,1720000000.000000,1,OPTCUR,CDS,100000.000000,10000,False
2175,EURINR26O16109.75PE,EURINR,16OCT2026,1097500000.000000,1,OPTCUR,CDS,25000.000000,10000,False
2207,EURUSD26SEP1.215CE,EURUSD,28SEP2026,12150000.000000,1,OPTCUR,CDS,1000.000000,10000,False
2224,EURUSD26SEP1.24CE,EURUSD,28SEP2026,12400000.000000,1,OPTCUR,CDS,1000.000000,10000,False
2233,EURUSD26SEP1.245PE,EURUSD,28SEP2026,12450000.000000,1,OPTCUR,CDS,1000.000000,10000,False
13080,694GS203627MAR100.75CE,694GS2036,25MAR2027,1007500000.000000,1,OPTIRC,CDS,25000.000000,1250,False
13134,GBPINR27MAR129.75PE,GBPINR,29MAR2027,1297500000.000000,1,OPTCUR,CDS,25000.000000,10000,False
13156,JPYINR27JUN56.75CE,JPYINR,28JUN2027,567500000.000000,1,OPTCUR,CDS,25000.000000,10000,False
13174,JPYINR27JUN57.75PE,JPYINR,28JUN2027,577500000.000000,1,OPTCUR,CDS,25000.000000,10000,False
2240,EURUSD26SEP1.25PE,EURUSD,28SEP2026,12500000.000000,1,OPTCUR,CDS,1000.000000,10000,False
2261,GBPUSD27JUN1.47PE,GBPUSD,28JUN2027,14700000.000000,1,OPTCUR,CDS,1000.000000,10000,False
2300,EURINR26O16110.25PE,EURINR,16OCT2026,1102500000.000000,1,OPTCUR,CDS,25000.000000,10000,False
2301,GBPINR26SEP113.75PE,GBPINR,28SEP2026,1137500000.000000,1,OPTCUR,CDS,25000.000000,10000,False
13176,JPYINR27JUN58PE,JPYINR,28JUN2027,580000000.000000,1,OPTCUR,CDS,25000.000000,10000,False
13188,USDJPY26NOV147.5CE,USDJPY,26NOV2026,1475000000.000000,1,OPTCUR,CDS,100000.000000,10000,False
13196,USDJPY26NOV149.5CE,USDJPY,26NOV2026,1495000000.000000,1,OPTCUR,CDS,100000.000000,10000,False
13204,USDJPY26NOV151.5CE,USDJPY,26NOV2026,1515000000.000000,1,OPTCUR,CDS,100000.000000,10000,False
2341,GBPINR26SEP116CE,GBPINR,28SEP2026,1160000000.000000,1,OPTCUR,CDS,25000.000000,10000,False
2347,EURINR26O16111CE,EURINR,16OCT2026,1110000000.000000,1,OPTCUR,CDS,25000.000000,10000,False
2348,GBPINR26SEP116.5CE,GBPINR,28SEP2026,1165000000.000000,1,OPTCUR,CDS,25000.000000,10000,False
2356,GBPINR26SEP117CE,GBPINR,28SEP2026,1170000000.000000,1,OPTCUR,CDS,25000.000000,10000,False
2358,USDINR26O0994.125PE,USDINR,09OCT2026,941250000.000000,1,OPTCUR,CDS,25000.000000,10000,False
2388,GBPINR26SEP118.75CE,GBPINR,28SEP2026,1187500000.000000,1,OPTCUR,CDS,25000.000000,10000,False
2398,JPYINR26SEP53.25CE,JPYINR,28SEP2026,532500000.000000,1,OPTCUR,CDS,25000.000000,10000,False
2400,GBPINR26SEP119PE,GBPINR,28SEP2026,1190000000.000000,1,OPTCUR,CDS,25000.000000,10000,False
13210,USDJPY26NOV153CE,USDJPY,26NOV2026,1530000000.000000,1,OPTCUR,CDS,100000.000000,10000,False
13216,USDJPY26NOV154.5CE,USDJPY,26NOV2026,1545000000.000000,1,OPTCUR,CDS,100000.000000,10000,False
13229,USDJPY26NOV157.5PE,USDJPY,26NOV2026,1575000000.000000,1,OPTCUR,CDS,100000.000000,10000,False
13236,USDJPY26NOV159.5CE,USDJPY,26NOV2026,1595000000.000000,1,OPTCUR,CDS,100000.000000,10000,False
2402,GBPINR26SEP119.25PE,GBPINR,28SEP2026,1192500000.000000,1,OPTCUR,CDS,25000.000000,10000,False
2405,EURINR26918106PE,EURINR,18SEP2026,1060000000.000000,1,OPTCUR,CDS,25000.000000,10000,False
2407,USDINR26O3094.125PE,USDINR,30OCT2026,941250000.000000,1,OPTCUR,CDS,25000.000000,10000,False
2408,EURUSD26NOV1.09CE,EURUSD,26NOV2026,10900000.000000,1,OPTCUR,CDS,1000.000000,10000,False
13240,USDJPY26NOV160.5CE,USDJPY,26NOV2026,1605000000.000000,1,OPTCUR,CDS,100000.000000,10000,False
13250,GBPINR26DEC122.5CE,GBPINR,29DEC2026,1225000000.000000,1,OPTCUR,CDS,25000.000000,10000,False
13256,USDJPY26NOV164CE,USDJPY,26NOV2026,1640000000.000000,1,OPTCUR,CDS,100000.000000,10000,False
13260,USDJPY26NOV165CE,USDJPY,26NOV2026,1650000000.000000,1,OPTCUR,CDS,100000.000000,10000,False
2426,EURINR26O09109PE,EURINR,09OCT2026,1090000000.000000,1,OPTCUR,CDS,25000.000000,10000,False
2439,EURUSD26NOV1.095CE,EURUSD,26NOV2026,10950000.000000,1,OPTCUR,CDS,1000.000000,10000,False
2447,EURINR26918107CE,EURINR,18SEP2026,1070000000.000000,1,OPTCUR,CDS,25000.000000,10000,False
2455,USDINR26N0694.125PE,USDINR,06NOV2026,941250000.000000,1,OPTCUR,CDS,25000.000000,10000,False
13285,694GS203627MAR103CE,694GS2036,25MAR2027,1030000000.000000,1,OPTIRC,CDS,25000.000000,1250,False
13274,USDJPY26NOV168.5CE,USDJPY,26NOV2026,1685000000.000000,1,OPTCUR,CDS,100000.000000,10000,False
13278,USDJPY26NOV169.5CE,USDJPY,26NOV2026,1695000000.000000,1,OPTCUR,CDS,100000.000000,10000,False
13281,USDJPY26NOV170PE,USDJPY,26NOV2026,1700000000.000000,1,OPTCUR,CDS,100000.000000,10000,False
2556,668GS204026DEC91.25PE,668GS2040,31DEC2026,912500000.000000,1,OPTIRC,CDS,25000.000000,1250,False
2570,EURINR26O16111.25PE,EURINR,16OCT2026,1112500000.000000,1,OPTCUR,CDS,25000.000000,10000,False
2575,GBPINR26SEP123PE,GBPINR,28SEP2026,1230000000.000000,1,OPTCUR,CDS,25000.000000,10000,False
2612,GBPINR26SEP125CE,GBPINR,28SEP2026,1250000000.000000,1,OPTCUR,CDS,25000.000000,10000,False
2631,EURINR26918109PE,EURINR,18SEP2026,1090000000.000000,1,OPTCUR,CDS,25000.000000,10000,False
2674,USDINR26N2095.375PE,USDINR,20NOV2026,953750000.000000,1,OPTCUR,CDS,25000.000000,10000,False
2678,USDJPY26OCT142.5PE,USDJPY,28OCT2026,1425000000.000000,1,OPTCUR,CDS,100000.000000,10000,False
2685,EURINR26918109.25PE,EURINR,18SEP2026,1092500000.000000,1,OPTCUR,CDS,25000.000000,10000,False
13286,694GS203627MAR103PE,694GS2036,25MAR2027,1030000000.000000,1,OPTIRC,CDS,25000.000000,1250,False
13291,EURINR26N13FUT,EURINR,13NOV2026,-1.000000,1,FUTCUR,CDS,25000.000000,10000,False
13295,GBPINR26DEC122.5PE,GBPINR,29DEC2026,1225000000.000000,1,OPTCUR,CDS,25000.000000,10000,False
13313,JPYINR27JUN59PE,JPYINR,28JUN2027,590000000.000000,1,OPTCUR,CDS,25000.000000,10000,False
2691,GBPUSD26SEP1.27PE,GBPUSD,28SEP2026,12700000.000000,1,OPTCUR,CDS,1000.000000,10000,False
2692,GBPUSD26SEP1.275CE,GBPUSD,28SEP2026,12750000.000000,1,OPTCUR,CDS,1000.000000,10000,False
2705,EURINR26O30107.25CE,EURINR,30OCT2026,1072500000.000000,1,OPTCUR,CDS,25000.000000,10000,False
2708,GBPUSD26SEP1.295CE,GBPUSD,28SEP2026,12950000.000000,1,OPTCUR,CDS,1000.000000,10000,False
13333,EURINR26N13107.25CE,EURINR,13NOV2026,1072500000.000000,1,OPTCUR,CDS,25000.000000,10000,False
13339,JPYINR27JUN59.75PE,JPYINR,28JUN2027,597500000.000000,1,OPTCUR,CDS,25000.000000,10000,False
13341,EURINR26N13108CE,EURINR,13NOV2026,1080000000.000000,1,OPTCUR,CDS,25000.000000,10000,False
13373,JPYINR27JUN60CE,JPYINR,28JUN2027,600000000.000000,1,OPTCUR,CDS,25000.000000,10000,False
2788,EURINR26N20108CE,EURINR,20NOV2026,1080000000.000000,1,OPTCUR,CDS,25000.000000,10000,False
2803,GBPUSD26SEP1.365CE,GBPUSD,28SEP2026,13650000.000000,1,OPTCUR,CDS,1000.000000,10000,False
2830,GBPUSD26SEP1.39CE,GBPUSD,28SEP2026,13900000.000000,1,OPTCUR,CDS,1000.000000,10000,False
2848,GBPUSD26SEP1.415CE,GBPUSD,28SEP2026,14150000.000000,1,OPTCUR,CDS,1000.000000,10000,False
13386,JPYINR27JUN61.5PE,JPYINR,28JUN2027,615000000.000000,1,OPTCUR,CDS,25000.000000,10000,False
13404,JPYINR27JUN63.75PE,JPYINR,28JUN2027,637500000.000000,1,OPTCUR,CDS,25000.000000,10000,False
13406,JPYINR27JUN64PE,JPYINR,28JUN2027,640000000.000000,1,OPTCUR,CDS,25000.000000,10000,False
13416,USDINR26SEP99.25PE,USDINR,28SEP2026,992500000.000000,1,OPTCUR,CDS,25000.000000,10000,False
2876,EURINR26918111.75CE,EURINR,18SEP2026,1117500000.000000,1,OPTCUR,CDS,25000.000000,10000,False
2896,GBPINR26SEP125.5CE,GBPINR,28SEP2026,1255000000.000000,1,OPTCUR,CDS,25000.000000,10000,False
2941,EURUSD26NOV1.14CE,EURUSD,26NOV2026,11400000.000000,1,OPTCUR,CDS,1000.000000,10000,False
2948,EURUSD26NOV1.145PE,EURUSD,26NOV2026,11450000.000000,1,OPTCUR,CDS,1000.000000,10000,False
2959,EURINR26O09113CE,EURINR,09OCT2026,1130000000.000000,1,OPTCUR,CDS,25000.000000,10000,False
2966,EURINR26N20110.25PE,EURINR,20NOV2026,1102500000.000000,1,OPTCUR,CDS,25000.000000,10000,False
2972,EURINR26N20110.5PE,EURINR,20NOV2026,1105000000.000000,1,OPTCUR,CDS,25000.000000,10000,False
3008,EURUSD26NOV1.165CE,EURUSD,26NOV2026,11650000.000000,1,OPTCUR,CDS,1000.000000,10000,False
13420,USDINR26DEC99PE,USDINR,29DEC2026,990000000.000000,1,OPTCUR,CDS,25000.000000,10000,False
13426,JPYINR27JUN64.25PE,JPYINR,28JUN2027,642500000.000000,1,OPTCUR,CDS,25000.000000,10000,False
13427,GBPINR27MAR131CE,GBPINR,29MAR2027,1310000000.000000,1,OPTCUR,CDS,25000.000000,10000,False
13436,GBPUSD27MAR1.22PE,GBPUSD,29MAR2027,12200000.000000,1,OPTCUR,CDS,1000.000000,10000,False
3013,EURUSD26NOV1.165PE,EURUSD,26NOV2026,11650000.000000,1,OPTCUR,CDS,1000.000000,10000,False
3043,EURINR26O09113.5PE,EURINR,09OCT2026,1135000000.000000,1,OPTCUR,CDS,25000.000000,10000,False
3051,EURUSD26NOV1.185CE,EURUSD,26NOV2026,11850000.000000,1,OPTCUR,CDS,1000.000000,10000,False
3067,GBPINR26SEP128.5PE,GBPINR,28SEP2026,1285000000.000000,1,OPTCUR,CDS,25000.000000,10000,False
13440,GBPUSD27MAR1.23PE,GBPUSD,29MAR2027,12300000.000000,1,OPTCUR,CDS,1000.000000,10000,False
13451,GBPUSD27MAR1.26CE,GBPUSD,29MAR2027,12600000.000000,1,OPTCUR,CDS,1000.000000,10000,False
13461,GBPUSD27MAR1.28PE,GBPUSD,29MAR2027,12800000.000000,1,OPTCUR,CDS,1000.000000,10000,False
13462,GBPUSD27MAR1.285CE,GBPUSD,29MAR2027,12850000.000000,1,OPTCUR,CDS,1000.000000,10000,False
31,GOI7.61%2030,761GS2030,,-1.000000,1,UNDIRC,CDS,25000.000000,1250,False
1348,EURINR26NOV107.75CE,EURINR,26NOV2026,1077500000.000000,1,OPTCUR,CDS,25000.000000,10000,False
3073,GBPINR26DEC128.5CE,GBPINR,29DEC2026,1285000000.000000,1,OPTCUR,CDS,25000.000000,10000,False
3079,USDJPY26SEP173CE,USDJPY,28SEP2026,1730000000.000000,1,OPTCUR,CDS,100000.000000,10000,False
3091,EURINR26O09114CE,EURINR,09OCT2026,1140000000.000000,1,OPTCUR,CDS,25000.000000,10000,False
13467,GBPUSD27MAR1.29PE,GBPUSD,29MAR2027,12900000.000000,1,OPTCUR,CDS,1000.000000,10000,False
13480,GBPUSD27MAR1.325CE,GBPUSD,29MAR2027,13250000.000000,1,OPTCUR,CDS,1000.000000,10000,False
13483,GBPUSD27MAR1.33PE,GBPUSD,29MAR2027,13300000.000000,1,OPTCUR,CDS,1000.000000,10000,False
3114,EURINR26N20112.25PE,EURINR,20NOV2026,1122500000.000000,1,OPTCUR,CDS,25000.000000,10000,False
3150,EURUSD26NOV1.19PE,EURUSD,26NOV2026,11900000.000000,1,OPTCUR,CDS,1000.000000,10000,False
3196,EURINR26N20113.5CE,EURINR,20NOV2026,1135000000.000000,1,OPTCUR,CDS,25000.000000,10000,False
3224,USDJPY26SEP164.5CE,USDJPY,28SEP2026,1645000000.000000,1,OPTCUR,CDS,100000.000000,10000,False
13492,GBPUSD27MAR1.355CE,GBPUSD,29MAR2027,13550000.000000,1,OPTCUR,CDS,1000.000000,10000,False
13513,GBPUSD27MAR1.405PE,GBPUSD,29MAR2027,14050000.000000,1,OPTCUR,CDS,1000.000000,10000,False
13514,GBPUSD27MAR1.41CE,GBPUSD,29MAR2027,14100000.000000,1,OPTCUR,CDS,1000.000000,10000,False
13519,GBPUSD27MAR1.42PE,GBPUSD,29MAR2027,14200000.000000,1,OPTCUR,CDS,1000.000000,10000,False
3225,EURUSD26NOV1.2CE,EURUSD,26NOV2026,12000000.000000,1,OPTCUR,CDS,1000.000000,10000,False
3231,USDJPY26SEP164.5PE,USDJPY,28SEP2026,1645000000.000000,1,OPTCUR,CDS,100000.000000,10000,False
3238,USDINR26N2095.875PE,USDINR,20NOV2026,958750000.000000,1,OPTCUR,CDS,25000.000000,10000,False
3269,GBPINR26918124CE,GBPINR,18SEP2026,1240000000.000000,1,OPTCUR,CDS,25000.000000,10000,False
13520,GBPUSD27MAR1.425CE,GBPUSD,29MAR2027,14250000.000000,1,OPTCUR,CDS,1000.000000,10000,False
13538,EURINR26N13110.75CE,EURINR,13NOV2026,1107500000.000000,1,OPTCUR,CDS,25000.000000,10000,False
13545,GBPINR26DEC124.5CE,GBPINR,29DEC2026,1245000000.000000,1,OPTCUR,CDS,25000.000000,10000,False
13550,GBPINR26DEC125PE,GBPINR,29DEC2026,1250000000.000000,1,OPTCUR,CDS,25000.000000,10000,False
3296,USDJPY26NOV142PE,USDJPY,26NOV2026,1420000000.000000,1,OPTCUR,CDS,100000.000000,10000,False
3320,EURINR27MAR107.25PE,EURINR,29MAR2027,1072500000.000000,1,OPTCUR,CDS,25000.000000,10000,False
3322,EURINR27MAR107.5CE,EURINR,29MAR2027,1075000000.000000,1,OPTCUR,CDS,25000.000000,10000,False
3394,EURINR26DEC106.25PE,EURINR,29DEC2026,1062500000.000000,1,OPTCUR,CDS,25000.000000,10000,False
13554,723GS203926SEP98.75PE,723GS2039,24SEP2026,987500000.000000,1,OPTIRC,CDS,25000.000000,1250,False
13561,GBPINR26DEC125.75CE,GBPINR,29DEC2026,1257500000.000000,1,OPTCUR,CDS,25000.000000,10000,False
13562,GBPINR26DEC125.75PE,GBPINR,29DEC2026,1257500000.000000,1,OPTCUR,CDS,25000.000000,10000,False
13570,GBPINR26DEC126.75PE,GBPINR,29DEC2026,1267500000.000000,1,OPTCUR,CDS,25000.000000,10000,False
3468,EURINR27MAR114CE,EURINR,29MAR2027,1140000000.000000,1,OPTCUR,CDS,25000.000000,10000,False
3473,GBPINR26918125.25CE,GBPINR,18SEP2026,1252500000.000000,1,OPTCUR,CDS,25000.000000,10000,False
3506,EURUSD27MAR1.04CE,EURUSD,29MAR2027,10400000.000000,1,OPTCUR,CDS,1000.000000,10000,False
3522,EURUSD27MAR1.055CE,EURUSD,29MAR2027,10550000.000000,1,OPTCUR,CDS,1000.000000,10000,False
13580,GBPUSD26DEC1.235PE,GBPUSD,29DEC2026,12350000.000000,1,OPTCUR,CDS,1000.000000,10000,False
13589,EURINR26N13111.75PE,EURINR,13NOV2026,1117500000.000000,1,OPTCUR,CDS,25000.000000,10000,False
13605,GBPUSD26DEC1.29CE,GBPUSD,29DEC2026,12900000.000000,1,OPTCUR,CDS,1000.000000,10000,False
13663,JPYINR27MAR55PE,JPYINR,29MAR2027,550000000.000000,1,OPTCUR,CDS,25000.000000,10000,False
3525,EURUSD26NOV1.21PE,EURUSD,26NOV2026,12100000.000000,1,OPTCUR,CDS,1000.000000,10000,False
3529,EURUSD27MAR1.06PE,EURUSD,29MAR2027,10600000.000000,1,OPTCUR,CDS,1000.000000,10000,False
3541,EURUSD27MAR1.285PE,EURUSD,29MAR2027,12850000.000000,1,OPTCUR,CDS,1000.000000,10000,False
3544,EURUSD27MAR1.29CE,EURUSD,29MAR2027,12900000.000000,1,OPTCUR,CDS,1000.000000,10000,False
13693,JPYINR27MAR58.25PE,JPYINR,29MAR2027,582500000.000000,1,OPTCUR,CDS,25000.000000,10000,False
13714,JPYINR27MAR59.75CE,JPYINR,29MAR2027,597500000.000000,1,OPTCUR,CDS,25000.000000,10000,False
13727,JPYINR27MAR61PE,JPYINR,29MAR2027,610000000.000000,1,OPTCUR,CDS,25000.000000,10000,False
13753,EURUSD26NOV1.045PE,EURUSD,26NOV2026,10450000.000000,1,OPTCUR,CDS,1000.000000,10000,False
3545,EURUSD27MAR1.07PE,EURUSD,29MAR2027,10700000.000000,1,OPTCUR,CDS,1000.000000,10000,False
3547,EURINR26N27110.25PE,EURINR,27NOV2026,1102500000.000000,1,OPTCUR,CDS,25000.000000,10000,False
3552,EURINR26O16114CE,EURINR,16OCT2026,1140000000.000000,1,OPTCUR,CDS,25000.000000,10000,False
3554,EURINR26O16114PE,EURINR,16OCT2026,1140000000.000000,1,OPTCUR,CDS,25000.000000,10000,False
37,GOI6.79%2029,679GS2029,,-1.000000,1,UNDIRC,CDS,25000.000000,1250,False
3621,GBPUSD27MAR1.48CE,GBPUSD,29MAR2027,14800000.000000,1,OPTCUR,CDS,1000.000000,10000,False
3654,GBPUSD27MAR1.485CE,GBPUSD,29MAR2027,14850000.000000,1,OPTCUR,CDS,1000.000000,10000,False
3696,EURUSD27MAR1.125CE,EURUSD,29MAR2027,11250000.000000,1,OPTCUR,CDS,1000.000000,10000,False
13771,GBPUSD26DEC1.375PE,GBPUSD,29DEC2026,13750000.000000,1,OPTCUR,CDS,1000.000000,10000,False
13772,GBPUSD26DEC1.38CE,GBPUSD,29DEC2026,13800000.000000,1,OPTCUR,CDS,1000.000000,10000,False
13797,GBPUSD26DEC1.425PE,GBPUSD,29DEC2026,14250000.000000,1,OPTCUR,CDS,1000.000000,10000,False
13804,GBPUSD26DEC1.445CE,GBPUSD,29DEC2026,14450000.000000,1,OPTCUR,CDS,1000.000000,10000,False
3718,EURUSD27MAR1.155PE,EURUSD,29MAR2027,11550000.000000,1,OPTCUR,CDS,1000.000000,10000,False
3735,EURUSD27MAR1.16CE,EURUSD,29MAR2027,11600000.000000,1,OPTCUR,CDS,1000.000000,10000,False
3737,EURUSD26NOV1.25CE,EURUSD,26NOV2026,12500000.000000,1,OPTCUR,CDS,1000.000000,10000,False
3753,GBPINR26N27125.25PE,GBPINR,27NOV2026,1252500000.000000,1,OPTCUR,CDS,25000.000000,10000,False
1384,GBPUSD27MAR1.205CE,GBPUSD,29MAR2027,12050000.000000,1,OPTCUR,CDS,1000.000000,10000,False
13825,GBPINR26N13125.25CE,GBPINR,13NOV2026,1252500000.000000,1,OPTCUR,CDS,25000.000000,10000,False
13826,GBPINR26N13125.25PE,GBPINR,13NOV2026,1252500000.000000,1,OPTCUR,CDS,25000.000000,10000,False
13831,JPYINR27MAR62.5PE,JPYINR,29MAR2027,625000000.000000,1,OPTCUR,CDS,25000.000000,10000,False
13841,GBPINR26N13126.5CE,GBPINR,13NOV2026,1265000000.000000,1,OPTCUR,CDS,25000.000000,10000,False
13859,JPYINR27MAR63.5PE,JPYINR,29MAR2027,635000000.000000,1,OPTCUR,CDS,25000.000000,10000,False
13870,GBPINR26N13128.25PE,GBPINR,13NOV2026,1282500000.000000,1,OPTCUR,CDS,25000.000000,10000,False
13874,GBPINR26N13128.75PE,GBPINR,13NOV2026,1287500000.000000,1,OPTCUR,CDS,25000.000000,10000,False
3766,GBPINR26N20125.25PE,GBPINR,20NOV2026,1252500000.000000,1,OPTCUR,CDS,25000.000000,10000,False
3768,GBPINR26N27126.5PE,GBPINR,27NOV2026,1265000000.000000,1,OPTCUR,CDS,25000.000000,10000,False
3777,GBPINR26N27127.5CE,GBPINR,27NOV2026,1275000000.000000,1,OPTCUR,CDS,25000.000000,10000,False
3778,GBPINR26N27127.5PE,GBPINR,27NOV2026,1275000000.000000,1,OPTCUR,CDS,25000.000000,10000,False
13890,GBPINR26N13130.75PE,GBPINR,13NOV2026,1307500000.000000,1,OPTCUR,CDS,25000.000000,10000,False
13891,GBPINR26N13131CE,GBPINR,13NOV2026,1310000000.000000,1,OPTCUR,CDS,25000.000000,10000,False
13942,JPYINR27MAR64.25PE,JPYINR,29MAR2027,642500000.000000,1,OPTCUR,CDS,25000.000000,10000,False
13982,JPYINR26N1358PE,JPYINR,13NOV2026,580000000.000000,1,OPTCUR,CDS,25000.000000,10000,False
38,GOI7.17%2028,717GS2028,,-1.000000,1,UNDIRC,CDS,25000.000000,1250,False
3790,EURUSD27MAR1.195CE,EURUSD,29MAR2027,11950000.000000,1,OPTCUR,CDS,1000.000000,10000,False
3805,EURUSD27MAR1.215PE,EURUSD,29MAR2027,12150000.000000,1,OPTCUR,CDS,1000.000000,10000,False
3810,USDINR27JUNFUT,USDINR,28JUN2027,-1.000000,1,FUTCUR,CDS,25000.000000,10000,False
14011,JPYINR26N1360.5CE,JPYINR,13NOV2026,605000000.000000,1,OPTCUR,CDS,25000.000000,10000,False
14028,JPYINR26N1362PE,JPYINR,13NOV2026,620000000.000000,1,OPTCUR,CDS,25000.000000,10000,False
14037,JPYINR26N1363.25CE,JPYINR,13NOV2026,632500000.000000,1,OPTCUR,CDS,25000.000000,10000,False
14043,JPYINR26N1364CE,JPYINR,13NOV2026,640000000.000000,1,OPTCUR,CDS,25000.000000,10000,False
3834,GBPINR26918128.5PE,GBPINR,18SEP2026,1285000000.000000,1,OPTCUR,CDS,25000.000000,10000,False
3837,GBPINR26918129CE,GBPINR,18SEP2026,1290000000.000000,1,OPTCUR,CDS,25000.000000,10000,False
3840,EURUSD27MAR1.25CE,EURUSD,29MAR2027,12500000.000000,1,OPTCUR,CDS,1000.000000,10000,False
3848,GBPINR26N27128.25PE,GBPINR,27NOV2026,1282500000.000000,1,OPTCUR,CDS,25000.000000,10000,False
14044,JPYINR26N1364PE,JPYINR,13NOV2026,640000000.000000,1,OPTCUR,CDS,25000.000000,10000,False
14082,USDINR26N1391.75PE,USDINR,13NOV2026,917500000.000000,1,OPTCUR,CDS,25000.000000,10000,False
14113,USDINR27MAR90.75CE,USDINR,29MAR2027,907500000.000000,1,OPTCUR,CDS,25000.000000,10000,False
14116,USDINR26N1393PE,USDINR,13NOV2026,930000000.000000,1,OPTCUR,CDS,25000.000000,10000,False
3861,GBPINR26918129.25CE,GBPINR,18SEP2026,1292500000.000000,1,OPTCUR,CDS,25000.000000,10000,False
3863,EURUSD27MAR1.28CE,EURUSD,29MAR2027,12800000.000000,1,OPTCUR,CDS,1000.000000,10000,False
3864,EURUSD27MAR1.28PE,EURUSD,29MAR2027,12800000.000000,1,OPTCUR,CDS,1000.000000,10000,False
3913,EURINR26O30107.75PE,EURINR,30OCT2026,1077500000.000000,1,OPTCUR,CDS,25000.000000,10000,False
14118,USDINR26N1393.25PE,USDINR,13NOV2026,932500000.000000,1,OPTCUR,CDS,25000.000000,10000,False
14121,USDINR26N1393.5CE,USDINR,13NOV2026,935000000.000000,1,OPTCUR,CDS,25000.000000,10000,False
14126,GBPINR26SEP127.25PE,GBPINR,28SEP2026,1272500000.000000,1,OPTCUR,CDS,25000.000000,10000,False
14143,USDINR27MAR92CE,USDINR,29MAR2027,920000000.000000,1,OPTCUR,CDS,25000.000000,10000,False
3936,GBPINR26918129.75PE,GBPINR,18SEP2026,1297500000.000000,1,OPTCUR,CDS,25000.000000,10000,False
3940,GBPINR26DEC127.75PE,GBPINR,29DEC2026,1277500000.000000,1,OPTCUR,CDS,25000.000000,10000,False
3945,EURUSD26NOV1.275CE,EURUSD,26NOV2026,12750000.000000,1,OPTCUR,CDS,1000.000000,10000,False
3957,EURUSD26NOV1.28PE,EURUSD,26NOV2026,12800000.000000,1,OPTCUR,CDS,1000.000000,10000,False
14157,633GS203526DEC97.25CE,633GS2035,31DEC2026,972500000.000000,1,OPTIRC,CDS,25000.000000,1250,False
14173,USDINR26N1395.75CE,USDINR,13NOV2026,957500000.000000,1,OPTCUR,CDS,25000.000000,10000,False
14186,USDINR26N1396.75PE,USDINR,13NOV2026,967500000.000000,1,OPTCUR,CDS,25000.000000,10000,False
14188,USDINR26N1397PE,USDINR,13NOV2026,970000000.000000,1,OPTCUR,CDS,25000.000000,10000,False
3974,USDINR2691896.625CE,USDINR,18SEP2026,966250000.000000,1,OPTCUR,CDS,25000.000000,10000,False
3980,EURINR26OCT106.5PE,EURINR,28OCT2026,1065000000.000000,1,OPTCUR,CDS,25000.000000,10000,False
3981,EURINR26OCT106.75CE,EURINR,28OCT2026,1067500000.000000,1,OPTCUR,CDS,25000.000000,10000,False
3982,EURINR26OCT106.75PE,EURINR,28OCT2026,1067500000.000000,1,OPTCUR,CDS,25000.000000,10000,False
1420,USDINR26O30FUT,USDINR,30OCT2026,-1.000000,1,FUTCUR,CDS,25000.000000,10000,False
4004,EURUSD26NOV1.29PE,EURUSD,26NOV2026,12900000.000000,1,OPTCUR,CDS,1000.000000,10000,False
4006,EURINR26DEC107.5PE,EURINR,29DEC2026,1075000000.000000,1,OPTCUR,CDS,25000.000000,10000,False
4013,GBPINR26N20129.75PE,GBPINR,20NOV2026,1297500000.000000,1,OPTCUR,CDS,25000.000000,10000,False
4032,GBPINR26N20131PE,GBPINR,20NOV2026,1310000000.000000,1,OPTCUR,CDS,25000.000000,10000,False
14225,USDJPY26NOV171.5CE,USDJPY,26NOV2026,1715000000.000000,1,OPTCUR,CDS,100000.000000,10000,False
14243,633GS203526NOV95CE,633GS2035,26NOV2026,950000000.000000,1,OPTIRC,CDS,25000.000000,1250,False
14255,633GS203526NOV96.5CE,633GS2035,26NOV2026,965000000.000000,1,OPTIRC,CDS,25000.000000,1250,False
4033,USDINR2691896.625PE,USDINR,18SEP2026,966250000.000000,1,OPTCUR,CDS,25000.000000,10000,False
4041,GBPINR26N27128.75PE,GBPINR,27NOV2026,1287500000.000000,1,OPTCUR,CDS,25000.000000,10000,False
4054,EURINR26OCT107.25PE,EURINR,28OCT2026,1072500000.000000,1,OPTCUR,CDS,25000.000000,10000,False
4113,GBPINR26NOV125CE,GBPINR,26NOV2026,1250000000.000000,1,OPTCUR,CDS,25000.000000,10000,False
14266,633GS203526NOV97.75PE,633GS2035,26NOV2026,977500000.000000,1,OPTIRC,CDS,25000.000000,1250,False
14268,633GS203526NOV98PE,633GS2035,26NOV2026,980000000.000000,1,OPTIRC,CDS,25000.000000,1250,False
14270,633GS203526NOV98.25PE,633GS2035,26NOV2026,982500000.000000,1,OPTIRC,CDS,25000.000000,1250,False
14319,636GS203126NOV98.75CE,636GS2031,26NOV2026,987500000.000000,1,OPTIRC,CDS,25000.000000,1250,False
14370,648GS203526NOV94.75PE,648GS2035,26NOV2026,947500000.000000,1,OPTIRC,CDS,25000.000000,1250,False
14398,648GS203526NOV98.25PE,648GS2035,26NOV2026,982500000.000000,1,OPTIRC,CDS,25000.000000,1250,False
14399,648GS203526NOV98.5CE,648GS2035,26NOV2026,985000000.000000,1,OPTIRC,CDS,25000.000000,1250,False
14405,648GS203526NOV99.25CE,648GS2035,26NOV2026,992500000.000000,1,OPTIRC,CDS,25000.000000,1250,False
4117,GBPINR26NOV125PE,GBPINR,26NOV2026,1250000000.000000,1,OPTCUR,CDS,25000.000000,10000,False
4125,EURINR27JUN104.75CE,EURINR,28JUN2027,1047500000.000000,1,OPTCUR,CDS,25000.000000,10000,False
4129,GBPINR26NOV125.25PE,GBPINR,26NOV2026,1252500000.000000,1,OPTCUR,CDS,25000.000000,10000,False
4132,EURINR27JUN105.5CE,EURINR,28JUN2027,1055000000.000000,1,OPTCUR,CDS,25000.000000,10000,False
4156,GBPINR26NOV125.75CE,GBPINR,26NOV2026,1257500000.000000,1,OPTCUR,CDS,25000.000000,10000,False
4169,EURINR27JUN108.75CE,EURINR,28JUN2027,1087500000.000000,1,OPTCUR,CDS,25000.000000,10000,False
4208,GBPINR26O09126PE,GBPINR,09OCT2026,1260000000.000000,1,OPTCUR,CDS,25000.000000,10000,False
4210,GBPINR26O09126.25PE,GBPINR,09OCT2026,1262500000.000000,1,OPTCUR,CDS,25000.000000,10000,False
14408,648GS203526NOV99.5PE,648GS2035,26NOV2026,995000000.000000,1,OPTIRC,CDS,25000.000000,1250,False
14421,USDINR27MAR93CE,USDINR,29MAR2027,930000000.000000,1,OPTCUR,CDS,25000.000000,10000,False
14431,USDINR27MAR94.25CE,USDINR,29MAR2027,942500000.000000,1,OPTCUR,CDS,25000.000000,10000,False
14443,668GS204026NOV93.75PE,668GS2040,26NOV2026,937500000.000000,1,OPTIRC,CDS,25000.000000,1250,False
1456,USDJPY27MAR174.5CE,USDJPY,29MAR2027,1745000000.000000,1,OPTCUR,CDS,100000.000000,10000,False
1459,EURINR26NOV110.75CE,EURINR,26NOV2026,1107500000.000000,1,OPTCUR,CDS,25000.000000,10000,False
4222,EURINR27JUN112.5PE,EURINR,28JUN2027,1125000000.000000,1,OPTCUR,CDS,25000.000000,10000,False
4225,EURINR27JUN113CE,EURINR,28JUN2027,1130000000.000000,1,OPTCUR,CDS,25000.000000,10000,False
4229,EURINR27JUN113.25CE,EURINR,28JUN2027,1132500000.000000,1,OPTCUR,CDS,25000.000000,10000,False
4237,EURUSD26DEC1.015CE,EURUSD,29DEC2026,10150000.000000,1,OPTCUR,CDS,1000.000000,10000,False
14466,668GS204026NOV96.75CE,668GS2040,26NOV2026,967500000.000000,1,OPTIRC,CDS,25000.000000,1250,False
14537,694GS203626NOV100PE,694GS2036,26NOV2026,1000000000.000000,1,OPTIRC,CDS,25000.000000,1250,False
1462,EURINR26NOVFUT,EURINR,26NOV2026,-1.000000,1,FUTCUR,CDS,25000.000000,10000,False
4241,EURUSD27JUN1.015CE,EURUSD,28JUN2027,10150000.000000,1,OPTCUR,CDS,1000.000000,10000,False
4243,EURUSD27JUN1.02CE,EURUSD,28JUN2027,10200000.000000,1,OPTCUR,CDS,1000.000000,10000,False
4272,GBPINR26O09126.5PE,GBPINR,09OCT2026,1265000000.000000,1,OPTCUR,CDS,25000.000000,10000,False
4275,EURINR26DEC108.5CE,EURINR,29DEC2026,1085000000.000000,1,OPTCUR,CDS,25000.000000,10000,False
14600,723GS203926NOV102.25CE,723GS2039,26NOV2026,1022500000.000000,1,OPTIRC,CDS,25000.000000,1250,False
14602,723GS203926NOV102.5CE,723GS2039,26NOV2026,1025000000.000000,1,OPTIRC,CDS,25000.000000,1250,False
14609,723GS203926NOV103.25PE,723GS2039,26NOV2026,1032500000.000000,1,OPTIRC,CDS,25000.000000,1250,False
43,USDJPY,USDJPY,,-1.000000,1,UNDCUR,CDS,100000.000000,10000,False
4284,GBPINR26918130.25CE,GBPINR,18SEP2026,1302500000.000000,1,OPTCUR,CDS,25000.000000,10000,False
4287,EURUSD27JUN1.055PE,EURUSD,28JUN2027,10550000.000000,1,OPTCUR,CDS,1000.000000,10000,False
4291,EURINR26DEC108.75CE,EURINR,29DEC2026,1087500000.000000,1,OPTCUR,CDS,25000.000000,10000,False
1467,USDINR26DEC97PE,USDINR,29DEC2026,970000000.000000,1,OPTCUR,CDS,25000.000000,10000,False
14639,USDINR27MAR95CE,USDINR,29MAR2027,950000000.000000,1,OPTCUR,CDS,25000.000000,10000,False
14648,USDINR27MAR95.5PE,USDINR,29MAR2027,955000000.000000,1,OPTCUR,CDS,25000.000000,10000,False
14650,USDINR27MAR95.75PE,USDINR,29MAR2027,957500000.000000,1,OPTCUR,CDS,25000.000000,10000,False
4305,EURUSD27JUN1.09CE,EURUSD,28JUN2027,10900000.000000,1,OPTCUR,CDS,1000.000000,10000,False
4311,EURUSD27JUN1.1PE,EURUSD,28JUN2027,11000000.000000,1,OPTCUR,CDS,1000.000000,10000,False
4325,EURUSD27JUN1.125CE,EURUSD,28JUN2027,11250000.000000,1,OPTCUR,CDS,1000.000000,10000,False
4327,EURUSD27JUN1.13CE,EURUSD,28JUN2027,11300000.000000,1,OPTCUR,CDS,1000.000000,10000,False
14676,JPYINR26DEC64.25PE,JPYINR,29DEC2026,642500000.000000,1,OPTCUR,CDS,25000.000000,10000,False
14692,USDINR27MAR96.25PE,USDINR,29MAR2027,962500000.000000,1,OPTCUR,CDS,25000.000000,10000,False
14694,USDINR27MAR96.5PE,USDINR,29MAR2027,965000000.000000,1,OPTCUR,CDS,25000.000000,10000,False
14699,USDINR27MAR97.25CE,USDINR,29MAR2027,972500000.000000,1,OPTCUR,CDS,25000.000000,10000,False
4336,EURUSD27JUN1.14PE,EURUSD,28JUN2027,11400000.000000,1,OPTCUR,CDS,1000.000000,10000,False
4342,EURUSD27JUN1.155PE,EURUSD,28JUN2027,11550000.000000,1,OPTCUR,CDS,1000.000000,10000,False
4347,EURUSD27JUN1.17CE,EURUSD,28JUN2027,11700000.000000,1,OPTCUR,CDS,1000.000000,10000,False
4361,EURUSD27JUN1.2CE,EURUSD,28JUN2027,12000000.000000,1,OPTCUR,CDS,1000.000000,10000,False
4374,EURUSD27JUN1.225PE,EURUSD,28JUN2027,12250000.000000,1,OPTCUR,CDS,1000.000000,10000,False
4377,GBPUSD27JUN1.46PE,GBPUSD,28JUN2027,14600000.000000,1,OPTCUR,CDS,1000.000000,10000,False
4388,EURUSD27JUN1.255PE,EURUSD,28JUN2027,12550000.000000,1,OPTCUR,CDS,1000.000000,10000,False
4392,USDINR2692596.625PE,USDINR,25SEP2026,966250000.000000,1,OPTCUR,CDS,25000.000000,10000,False
4403,EURINR26OCT108CE,EURINR,28OCT2026,1080000000.000000,1,OPTCUR,CDS,25000.000000,10000,False
4476,GBPINR26O09128PE,GBPINR,09OCT2026,1280000000.000000,1,OPTCUR,CDS,25000.000000,10000,False
4480,GBPINR26N27130PE,GBPINR,27NOV2026,1300000000.000000,1,OPTCUR,CDS,25000.000000,10000,False
4499,GBPINR26O09128.5CE,GBPINR,09OCT2026,1285000000.000000,1,OPTCUR,CDS,25000.000000,10000,False
4501,EURINR26OCT108.75PE,EURINR,28OCT2026,1087500000.000000,1,OPTCUR,CDS,25000.000000,10000,False
4504,EURINR26OCT109.25CE,EURINR,28OCT2026,1092500000.000000,1,OPTCUR,CDS,25000.000000,10000,False
4537,GBPINR27MAR120CE,GBPINR,29MAR2027,1200000000.000000,1,OPTCUR,CDS,25000.000000,10000,False
4564,GBPINR27JUN121.5PE,GBPINR,28JUN2027,1215000000.000000,1,OPTCUR,CDS,25000.000000,10000,False
4587,GBPINR27JUN122.25CE,GBPINR,28JUN2027,1222500000.000000,1,OPTCUR,CDS,25000.000000,10000,False
4601,GBPINR27JUN123CE,GBPINR,28JUN2027,1230000000.000000,1,OPTCUR,CDS,25000.000000,10000,False
4623,GBPINR27JUN123.5CE,GBPINR,28JUN2027,1235000000.000000,1,OPTCUR,CDS,25000.000000,10000,False
4685,GBPUSD26SEP1.465CE,GBPUSD,28SEP2026,14650000.000000,1,OPTCUR,CDS,1000.000000,10000,False
4738,JPYINR2691855.75CE,JPYINR,18SEP2026,557500000.000000,1,OPTCUR,CDS,25000.000000,10000,False
4746,JPYINR2691856.25PE,JPYINR,18SEP2026,562500000.000000,1,OPTCUR,CDS,25000.000000,10000,False
4779,USDJPY26OCT145CE,USDJPY,28OCT2026,1450000000.000000,1,OPTCUR,CDS,100000.000000,10000,False
4783,USDJPY26OCT146CE,USDJPY,28OCT2026,1460000000.000000,1,OPTCUR,CDS,100000.000000,10000,False
4799,EURINR26O30110.5CE,EURINR,30OCT2026,1105000000.000000,1,OPTCUR,CDS,25000.000000,10000,False
4817,JPYINR2691857.5PE,JPYINR,18SEP2026,575000000.000000,1,OPTCUR,CDS,25000.000000,10000,False
14701,USDINR27MAR97.5CE,USDINR,29MAR2027,975000000.000000,1,OPTCUR,CDS,25000.000000,10000,False
14706,USDINR27MAR98PE,USDINR,29MAR2027,980000000.000000,1,OPTCUR,CDS,25000.000000,10000,False
14717,USDINR27MAR99.5CE,USDINR,29MAR2027,995000000.000000,1,OPTCUR,CDS,25000.000000,10000,False
14732,USDINR27MAR99.75PE,USDINR,29MAR2027,997500000.000000,1,OPTCUR,CDS,25000.000000,10000,False
4821,JPYINR2691858PE,JPYINR,18SEP2026,580000000.000000,1,OPTCUR,CDS,25000.000000,10000,False
4871,JPYINR2691859.25PE,JPYINR,18SEP2026,592500000.000000,1,OPTCUR,CDS,25000.000000,10000,False
4878,USDJPY27JUN145PE,USDJPY,28JUN2027,1450000000.000000,1,OPTCUR,CDS,100000.000000,10000,False
4890,GBPINR26O09129PE,GBPINR,09OCT2026,1290000000.000000,1,OPTCUR,CDS,25000.000000,10000,False
14749,USDJPY27MAR149.5CE,USDJPY,29MAR2027,1495000000.000000,1,OPTCUR,CDS,100000.000000,10000,False
14782,USDJPY27MAR154.5PE,USDJPY,29MAR2027,1545000000.000000,1,OPTCUR,CDS,100000.000000,10000,False
14799,GBPINR26SEP127.5CE,GBPINR,28SEP2026,1275000000.000000,1,OPTCUR,CDS,25000.000000,10000,False
14803,633GS203526DEC98.75CE,633GS2035,31DEC2026,987500000.000000,1,OPTIRC,CDS,25000.000000,1250,False
4895,JPYINR2691859.5PE,JPYINR,18SEP2026,595000000.000000,1,OPTCUR,CDS,25000.000000,10000,False
4907,EURINR26O30111.75CE,EURINR,30OCT2026,1117500000.000000,1,OPTCUR,CDS,25000.000000,10000,False
4916,USDJPY26DEC170CE,USDJPY,29DEC2026,1700000000.000000,1,OPTCUR,CDS,100000.000000,10000,False
4933,EURINR26925107.25PE,EURINR,25SEP2026,1072500000.000000,1,OPTCUR,CDS,25000.000000,10000,False
14804,633GS203526DEC98.75PE,633GS2035,31DEC2026,987500000.000000,1,OPTIRC,CDS,25000.000000,1250,False
14937,USDJPY27MAR164.5PE,USDJPY,29MAR2027,1645000000.000000,1,OPTCUR,CDS,100000.000000,10000,False
15146,USDJPY27MAR167CE,USDJPY,29MAR2027,1670000000.000000,1,OPTCUR,CDS,100000.000000,10000,False
15197,JPYINR26DEC55.75PE,JPYINR,29DEC2026,557500000.000000,1,OPTCUR,CDS,25000.000000,10000,False
4935,EURINR26925107.5PE,EURINR,25SEP2026,1075000000.000000,1,OPTCUR,CDS,25000.000000,10000,False
4950,EURINR26925108.75CE,EURINR,25SEP2026,1087500000.000000,1,OPTCUR,CDS,25000.000000,10000,False
4953,EURINR26925109PE,EURINR,25SEP2026,1090000000.000000,1,OPTCUR,CDS,25000.000000,10000,False
4957,EURINR26925109.5PE,EURINR,25SEP2026,1095000000.000000,1,OPTCUR,CDS,25000.000000,10000,False
1526,USDJPY26SEP136PE,USDJPY,28SEP2026,1360000000.000000,1,OPTCUR,CDS,100000.000000,10000,False
15215,JPYINR26DEC58PE,JPYINR,29DEC2026,580000000.000000,1,OPTCUR,CDS,25000.000000,10000,False
15217,JPYINR26DEC58.25PE,JPYINR,29DEC2026,582500000.000000,1,OPTCUR,CDS,25000.000000,10000,False
15229,JPYINR26DEC59.75PE,JPYINR,29DEC2026,597500000.000000,1,OPTCUR,CDS,25000.000000,10000,False
5016,EURINR26O30112.25CE,EURINR,30OCT2026,1122500000.000000,1,OPTCUR,CDS,25000.000000,10000,False
5026,EURINR26O30112.25PE,EURINR,30OCT2026,1122500000.000000,1,OPTCUR,CDS,25000.000000,10000,False
5027,EURINR26O30112.5CE,EURINR,30OCT2026,1125000000.000000,1,OPTCUR,CDS,25000.000000,10000,False
5043,EURINR26O30112.75PE,EURINR,30OCT2026,1127500000.000000,1,OPTCUR,CDS,25000.000000,10000,False
1531,EURINR26NOV112.25PE,EURINR,26NOV2026,1122500000.000000,1,OPTCUR,CDS,25000.000000,10000,False
15264,USDJPY27MAR170PE,USDJPY,29MAR2027,1700000000.000000,1,OPTCUR,CDS,100000.000000,10000,False
15405,694GS203626DEC103.5CE,694GS2036,31DEC2026,1035000000.000000,1,OPTIRC,CDS,25000.000000,1250,False
15438,668GS204027MARFUT,668GS2040,25MAR2027,-1.000000,1,FUTIRC,CDS,25000.000000,1250,False
1671,EURUSD27JULFUT,EURUSD,28JUL2027,-1.000000,1,FUTCUR,CDS,1000.000000,10000,False
5053,GBPINR27JUN126.75CE,GBPINR,28JUN2027,1267500000.000000,1,OPTCUR,CDS,25000.000000,10000,False
16698,668GS204026SEP100.5CE,668GS2040,24SEP2026,1005000000.000000,1,OPTIRC,CDS,25000.000000,1250,False
16703,668GS204026SEP101PE,668GS2040,24SEP2026,1010000000.000000,1,OPTIRC,CDS,25000.000000,1250,False
1546,GBPINR26NOVFUT,GBPINR,26NOV2026,-1.000000,1,FUTCUR,CDS,25000.000000,10000,False
1673,GBPINR27JULFUT,GBPINR,28JUL2027,-1.000000,1,FUTCUR,CDS,25000.000000,10000,False
15462,USDINR27JUN92.75CE,USDINR,28JUN2027,927500000.000000,1,OPTCUR,CDS,25000.000000,10000,False
15475,USDINR27JUN94.25PE,USDINR,28JUN2027,942500000.000000,1,OPTCUR,CDS,25000.000000,10000,False
15479,USDINR27JUN94.75PE,USDINR,28JUN2027,947500000.000000,1,OPTCUR,CDS,25000.000000,10000,False
16721,679GS203426SEP98PE,679GS2034,24SEP2026,980000000.000000,1,OPTIRC,CDS,25000.000000,1250,False
16723,679GS203426SEP98.25PE,679GS2034,24SEP2026,982500000.000000,1,OPTIRC,CDS,25000.000000,1250,False
16727,679GS203426SEP98.75PE,679GS2034,24SEP2026,987500000.000000,1,OPTIRC,CDS,25000.000000,1250,False
15539,USDINR27JUN98.25CE,USDINR,28JUN2027,982500000.000000,1,OPTCUR,CDS,25000.000000,10000,False
15497,USDINR27JUN96.5CE,USDINR,28JUN2027,965000000.000000,1,OPTCUR,CDS,25000.000000,10000,False
15512,JPYINR26DEC61.75CE,JPYINR,29DEC2026,617500000.000000,1,OPTCUR,CDS,25000.000000,10000,False
15528,USDINR27JUN97PE,USDINR,28JUN2027,970000000.000000,1,OPTCUR,CDS,25000.000000,10000,False
16735,679GS203426SEP99.75PE,679GS2034,24SEP2026,997500000.000000,1,OPTIRC,CDS,25000.000000,1250,False
16738,679GS203426SEP100.25CE,679GS2034,24SEP2026,1002500000.000000,1,OPTIRC,CDS,25000.000000,1250,False
16744,679GS203426SEP101CE,679GS2034,24SEP2026,1010000000.000000,1,OPTIRC,CDS,25000.000000,1250,False
16751,679GS203426SEP101.75PE,679GS2034,24SEP2026,1017500000.000000,1,OPTIRC,CDS,25000.000000,1250,False
1561,GBPINR27JUN131.25CE,GBPINR,28JUN2027,1312500000.000000,1,OPTCUR,CDS,25000.000000,10000,False
15544,USDINR27JUN98.75PE,USDINR,28JUN2027,987500000.000000,1,OPTCUR,CDS,25000.000000,10000,False
15581,USDINR26DEC87.75PE,USDINR,29DEC2026,877500000.000000,1,OPTCUR,CDS,25000.000000,10000,False
15598,USDINR26DEC90CE,USDINR,29DEC2026,900000000.000000,1,OPTCUR,CDS,25000.000000,10000,False
16756,679GS203426SEP102.5CE,679GS2034,24SEP2026,1025000000.000000,1,OPTIRC,CDS,25000.000000,1250,False
16797,723GS203926SEP101PE,723GS2039,24SEP2026,1010000000.000000,1,OPTIRC,CDS,25000.000000,1250,False
16804,723GS203926SEP102CE,723GS2039,24SEP2026,1020000000.000000,1,OPTIRC,CDS,25000.000000,1250,False
16808,723GS203926SEP102.5CE,723GS2039,24SEP2026,1025000000.000000,1,OPTIRC,CDS,25000.000000,1250,False
16817,723GS203926SEP103.5PE,723GS2039,24SEP2026,1035000000.000000,1,OPTIRC,CDS,25000.000000,1250,False
16819,723GS203926SEP103.75PE,723GS2039,24SEP2026,1037500000.000000,1,OPTIRC,CDS,25000.000000,1250,False
16883,633GS203526DEC99.25CE,633GS2035,31DEC2026,992500000.000000,1,OPTIRC,CDS,25000.000000,1250,False
16888,633GS203526DEC99.75PE,633GS2035,31DEC2026,997500000.000000,1,OPTIRC,CDS,25000.000000,1250,False
1568,GBPINR27JUN131.5PE,GBPINR,28JUN2027,1315000000.000000,1,OPTCUR,CDS,25000.000000,10000,False
15612,USDINR26DEC91.75CE,USDINR,29DEC2026,917500000.000000,1,OPTCUR,CDS,25000.000000,10000,False
15615,USDINR26DEC92PE,USDINR,29DEC2026,920000000.000000,1,OPTCUR,CDS,25000.000000,10000,False
15664,USDINR26DEC93PE,USDINR,29DEC2026,930000000.000000,1,OPTCUR,CDS,25000.000000,10000,False
15687,USDINR26DEC95.5CE,USDINR,29DEC2026,955000000.000000,1,OPTCUR,CDS,25000.000000,10000,False
15698,USDJPY26DEC145CE,USDJPY,29DEC2026,1450000000.000000,1,OPTCUR,CDS,100000.000000,10000,False
15703,USDJPY26DEC146PE,USDJPY,29DEC2026,1460000000.000000,1,OPTCUR,CDS,100000.000000,10000,False
15748,USDJPY26DEC157.5CE,USDJPY,29DEC2026,1575000000.000000,1,OPTCUR,CDS,100000.000000,10000,False
16912,648GS203526DEC95.75PE,648GS2035,31DEC2026,957500000.000000,1,OPTIRC,CDS,25000.000000,1250,False
16919,648GS203526DEC96.75CE,648GS2035,31DEC2026,967500000.000000,1,OPTIRC,CDS,25000.000000,1250,False
16930,648GS203526DEC98PE,648GS2035,31DEC2026,980000000.000000,1,OPTIRC,CDS,25000.000000,1250,False
16942,648GS203526DEC99.5PE,648GS2035,31DEC2026,995000000.000000,1,OPTIRC,CDS,25000.000000,1250,False
15749,USDJPY26DEC157.5PE,USDJPY,29DEC2026,1575000000.000000,1,OPTCUR,CDS,100000.000000,10000,False
15763,USDJPY26DEC161PE,USDJPY,29DEC2026,1610000000.000000,1,OPTCUR,CDS,100000.000000,10000,False
15781,USDJPY26DEC165.5PE,USDJPY,29DEC2026,1655000000.000000,1,OPTCUR,CDS,100000.000000,10000,False
15782,USDJPY26DEC166CE,USDJPY,29DEC2026,1660000000.000000,1,OPTCUR,CDS,100000.000000,10000,False
16952,648GS203526DEC100.75PE,648GS2035,31DEC2026,1007500000.000000,1,OPTIRC,CDS,25000.000000,1250,False
16991,668GS204026DEC95.25CE,668GS2040,31DEC2026,952500000.000000,1,OPTIRC,CDS,25000.000000,1250,False
16999,668GS204026DEC96.25CE,668GS2040,31DEC2026,962500000.000000,1,OPTIRC,CDS,25000.000000,1250,False
17011,668GS204026DEC97.75CE,668GS2040,31DEC2026,977500000.000000,1,OPTIRC,CDS,25000.000000,1250,False
17014,668GS204026DEC98PE,668GS2040,31DEC2026,980000000.000000,1,OPTIRC,CDS,25000.000000,1250,False
17015,668GS204026DEC98.25CE,668GS2040,31DEC2026,982500000.000000,1,OPTIRC,CDS,25000.000000,1250,False
17020,668GS204026DEC98.75PE,668GS2040,31DEC2026,987500000.000000,1,OPTIRC,CDS,25000.000000,1250,False
17028,668GS204026DEC99.75PE,668GS2040,31DEC2026,997500000.000000,1,OPTIRC,CDS,25000.000000,1250,False
15800,USDJPY27JUN159.5PE,USDJPY,28JUN2027,1595000000.000000,1,OPTCUR,CDS,100000.000000,10000,False
15806,694GS203627MAR103.75CE,694GS2036,25MAR2027,1037500000.000000,1,OPTIRC,CDS,25000.000000,1250,False
15811,USDJPY27JUN161.5PE,USDJPY,28JUN2027,1615000000.000000,1,OPTCUR,CDS,100000.000000,10000,False
15832,USDJPY27JUN167CE,USDJPY,28JUN2027,1670000000.000000,1,OPTCUR,CDS,100000.000000,10000,False
17041,723GS203926DEC98.25CE,723GS2039,31DEC2026,982500000.000000,1,OPTIRC,CDS,25000.000000,1250,False
17050,723GS203926DEC99.25PE,723GS2039,31DEC2026,992500000.000000,1,OPTIRC,CDS,25000.000000,1250,False
17064,723GS203926DEC101PE,723GS2039,31DEC2026,1010000000.000000,1,OPTIRC,CDS,25000.000000,1250,False
17067,723GS203926DEC101.5CE,723GS2039,31DEC2026,1015000000.000000,1,OPTIRC,CDS,25000.000000,1250,False
15836,USDJPY27JUN168CE,USDJPY,28JUN2027,1680000000.000000,1,OPTCUR,CDS,100000.000000,10000,False
15837,USDJPY27JUN168PE,USDJPY,28JUN2027,1680000000.000000,1,OPTCUR,CDS,100000.000000,10000,False
15838,USDJPY27JUN168.5CE,USDJPY,28JUN2027,1685000000.000000,1,OPTCUR,CDS,100000.000000,10000,False
17072,723GS203926DEC102PE,723GS2039,31DEC2026,1020000000.000000,1,OPTIRC,CDS,25000.000000,1250,False
17075,723GS203926DEC102.5CE,723GS2039,31DEC2026,1025000000.000000,1,OPTIRC,CDS,25000.000000,1250,False
17082,723GS203926DEC103.25PE,723GS2039,31DEC2026,1032500000.000000,1,OPTIRC,CDS,25000.000000,1250,False
17086,723GS203926DEC103.75PE,723GS2039,31DEC2026,1037500000.000000,1,OPTIRC,CDS,25000.000000,1250,False
15841,USDJPY27JUN169PE,USDJPY,28JUN2027,1690000000.000000,1,OPTCUR,CDS,100000.000000,10000,False
15843,USDJPY27JUN169.5PE,USDJPY,28JUN2027,1695000000.000000,1,OPTCUR,CDS,100000.000000,10000,False
15844,USDJPY27JUN170CE,USDJPY,28JUN2027,1700000000.000000,1,OPTCUR,CDS,100000.000000,10000,False
15848,USDJPY27JUN171CE,USDJPY,28JUN2027,1710000000.000000,1,OPTCUR,CDS,100000.000000,10000,False
17129,USDINR26SEP100CE,USDINR,28SEP2026,1000000000.000000,1,OPTCUR,CDS,25000.000000,10000,False
17133,USDINR27MAR100CE,USDINR,29MAR2027,1000000000.000000,1,OPTCUR,CDS,25000.000000,10000,False
17162,633GS203527MAR94PE,633GS2035,25MAR2027,940000000.000000,1,OPTIRC,CDS,25000.000000,1250,False
17165,633GS203527MAR94.5CE,633GS2035,25MAR2027,945000000.000000,1,OPTIRC,CDS,25000.000000,1250,False
15849,USDJPY27JUN171PE,USDJPY,28JUN2027,1710000000.000000,1,OPTCUR,CDS,100000.000000,10000,False
15855,USDJPY27JUN172.5PE,USDJPY,28JUN2027,1725000000.000000,1,OPTCUR,CDS,100000.000000,10000,False
15975,USDJPY27JUN174CE,USDJPY,28JUN2027,1740000000.000000,1,OPTCUR,CDS,100000.000000,10000,False
15986,648GS203527JUN94.75PE,648GS2035,24JUN2027,947500000.000000,1,OPTIRC,CDS,25000.000000,1250,False
17175,633GS203527MAR95.75CE,633GS2035,25MAR2027,957500000.000000,1,OPTIRC,CDS,25000.000000,1250,False
17179,633GS203527MAR96.25CE,633GS2035,25MAR2027,962500000.000000,1,OPTIRC,CDS,25000.000000,1250,False
17221,GBPINR26SEP132.5CE,GBPINR,28SEP2026,1325000000.000000,1,OPTCUR,CDS,25000.000000,10000,False
17235,GBPUSD26DEC1.495CE,GBPUSD,29DEC2026,14950000.000000,1,OPTCUR,CDS,1000.000000,10000,False
15989,648GS203527JUN95.25CE,648GS2035,24JUN2027,952500000.000000,1,OPTIRC,CDS,25000.000000,1250,False
15991,648GS203527JUN95.5CE,648GS2035,24JUN2027,955000000.000000,1,OPTIRC,CDS,25000.000000,1250,False
15995,648GS203527JUN96CE,648GS2035,24JUN2027,960000000.000000,1,OPTIRC,CDS,25000.000000,1250,False
15998,648GS203527JUN96.25PE,648GS2035,24JUN2027,962500000.000000,1,OPTIRC,CDS,25000.000000,1250,False
17293,648GS203527MAR93.75CE,648GS2035,25MAR2027,937500000.000000,1,OPTIRC,CDS,25000.000000,1250,False
17302,648GS203527MAR94.75PE,648GS2035,25MAR2027,947500000.000000,1,OPTIRC,CDS,25000.000000,1250,False
17323,648GS203527MAR97CE,648GS2035,25MAR2027,970000000.000000,1,OPTIRC,CDS,25000.000000,1250,False
17327,648GS203527MAR97.5CE,648GS2035,25MAR2027,975000000.000000,1,OPTIRC,CDS,25000.000000,1250,False
1605,USDJPY26NOVFUT,USDJPY,26NOV2026,-1.000000,1,FUTCUR,CDS,100000.000000,10000,False
16006,648GS203527JUN97.25PE,648GS2035,24JUN2027,972500000.000000,1,OPTIRC,CDS,25000.000000,1250,False
16019,648GS203527JUN99CE,648GS2035,24JUN2027,990000000.000000,1,OPTIRC,CDS,25000.000000,1250,False
16064,668GS204027JUN93.75PE,668GS2040,24JUN2027,937500000.000000,1,OPTIRC,CDS,25000.000000,1250,False
17345,648GS203527MAR99.75CE,648GS2035,25MAR2027,997500000.000000,1,OPTIRC,CDS,25000.000000,1250,False
17347,648GS203527MAR100CE,648GS2035,25MAR2027,1000000000.000000,1,OPTIRC,CDS,25000.000000,1250,False
17348,648GS203527MAR100PE,648GS2035,25MAR2027,1000000000.000000,1,OPTIRC,CDS,25000.000000,1250,False
17349,648GS203527MAR100.25CE,648GS2035,25MAR2027,1002500000.000000,1,OPTIRC,CDS,25000.000000,1250,False
16068,668GS204027JUN94.25PE,668GS2040,24JUN2027,942500000.000000,1,OPTIRC,CDS,25000.000000,1250,False
16069,668GS204027JUN94.5CE,668GS2040,24JUN2027,945000000.000000,1,OPTIRC,CDS,25000.000000,1250,False
16095,668GS204027JUN97.25CE,668GS2040,24JUN2027,972500000.000000,1,OPTIRC,CDS,25000.000000,1250,False
16104,668GS204027JUN98.25PE,668GS2040,24JUN2027,982500000.000000,1,OPTIRC,CDS,25000.000000,1250,False
17350,648GS203527MAR100.25PE,648GS2035,25MAR2027,1002500000.000000,1,OPTIRC,CDS,25000.000000,1250,False
17360,668GS204027MAR91PE,668GS2040,25MAR2027,910000000.000000,1,OPTIRC,CDS,25000.000000,1250,False
17361,668GS204027MAR91.25CE,668GS2040,25MAR2027,912500000.000000,1,OPTIRC,CDS,25000.000000,1250,False
17368,668GS204027MAR92PE,668GS2040,25MAR2027,920000000.000000,1,OPTIRC,CDS,25000.000000,1250,False
16161,694GS203627JUN97.75PE,694GS2036,24JUN2027,977500000.000000,1,OPTIRC,CDS,25000.000000,1250,False
16185,694GS203627JUN100.75PE,694GS2036,24JUN2027,1007500000.000000,1,OPTIRC,CDS,25000.000000,1250,False
16194,694GS203627JUN102CE,694GS2036,24JUN2027,1020000000.000000,1,OPTIRC,CDS,25000.000000,1250,False
16208,694GS203627JUN103.75CE,694GS2036,24JUN2027,1037500000.000000,1,OPTIRC,CDS,25000.000000,1250,False
17372,668GS204027MAR92.5PE,668GS2040,25MAR2027,925000000.000000,1,OPTIRC,CDS,25000.000000,1250,False
17380,668GS204027MAR93.5PE,668GS2040,25MAR2027,935000000.000000,1,OPTIRC,CDS,25000.000000,1250,False
17382,668GS204027MAR93.75PE,668GS2040,25MAR2027,937500000.000000,1,OPTIRC,CDS,25000.000000,1250,False
17383,668GS204027MAR94CE,668GS2040,25MAR2027,940000000.000000,1,OPTIRC,CDS,25000.000000,1250,False
16209,694GS203627JUN103.75PE,694GS2036,24JUN2027,1037500000.000000,1,OPTIRC,CDS,25000.000000,1250,False
16257,723GS203927JUN100.5PE,723GS2039,24JUN2027,1005000000.000000,1,OPTIRC,CDS,25000.000000,1250,False
16277,723GS203927JUN102.75PE,723GS2039,24JUN2027,1027500000.000000,1,OPTIRC,CDS,25000.000000,1250,False
16278,723GS203927JUN103CE,723GS2039,24JUN2027,1030000000.000000,1,OPTIRC,CDS,25000.000000,1250,False
1739,EURINR26NOV113.75PE,EURINR,26NOV2026,1137500000.000000,1,OPTCUR,CDS,25000.000000,10000,False
17384,668GS204027MAR94PE,668GS2040,25MAR2027,940000000.000000,1,OPTIRC,CDS,25000.000000,1250,False
17395,668GS204027MAR95.5CE,668GS2040,25MAR2027,955000000.000000,1,OPTIRC,CDS,25000.000000,1250,False
17407,668GS204027MAR97CE,668GS2040,25MAR2027,970000000.000000,1,OPTIRC,CDS,25000.000000,1250,False
1633,679GS203426SEP97PE,679GS2034,24SEP2026,970000000.000000,1,OPTIRC,CDS,25000.000000,1250,False
16289,723GS203927JUN104.25PE,723GS2039,24JUN2027,1042500000.000000,1,OPTIRC,CDS,25000.000000,1250,False
16329,EURUSD26SEP1.315CE,EURUSD,28SEP2026,13150000.000000,1,OPTCUR,CDS,1000.000000,10000,False
16335,JPYINR26SEP60.75PE,JPYINR,28SEP2026,607500000.000000,1,OPTCUR,CDS,25000.000000,10000,False
1742,USDJPY26SEP175.5CE,USDJPY,28SEP2026,1755000000.000000,1,OPTCUR,CDS,100000.000000,10000,False
17417,668GS204027MAR98.25CE,668GS2040,25MAR2027,982500000.000000,1,OPTIRC,CDS,25000.000000,1250,False
17481,723GS203927MAR100CE,723GS2039,25MAR2027,1000000000.000000,1,OPTIRC,CDS,25000.000000,1250,False
17493,723GS203927MAR101.5CE,723GS2039,25MAR2027,1015000000.000000,1,OPTIRC,CDS,25000.000000,1250,False
1762,USDJPY26DEC175.5PE,USDJPY,29DEC2026,1755000000.000000,1,OPTCUR,CDS,100000.000000,10000,False
16337,JPYINR26SEP61PE,JPYINR,28SEP2026,610000000.000000,1,OPTCUR,CDS,25000.000000,10000,False
16339,JPYINR26SEP61.25PE,JPYINR,28SEP2026,612500000.000000,1,OPTCUR,CDS,25000.000000,10000,False
16342,JPYINR26SEP61.75CE,JPYINR,28SEP2026,617500000.000000,1,OPTCUR,CDS,25000.000000,10000,False
16344,JPYINR26SEP62CE,JPYINR,28SEP2026,620000000.000000,1,OPTCUR,CDS,25000.000000,10000,False
1772,USDJPY27MAR175CE,USDJPY,29MAR2027,1750000000.000000,1,OPTCUR,CDS,100000.000000,10000,False
16349,JPYINR26SEP62.5PE,JPYINR,28SEP2026,625000000.000000,1,OPTCUR,CDS,25000.000000,10000,False
16351,JPYINR26SEP62.75PE,JPYINR,28SEP2026,627500000.000000,1,OPTCUR,CDS,25000.000000,10000,False
16352,JPYINR26SEP63CE,JPYINR,28SEP2026,630000000.000000,1,OPTCUR,CDS,25000.000000,10000,False
16366,JPYINR26SEP64.75CE,JPYINR,28SEP2026,647500000.000000,1,OPTCUR,CDS,25000.000000,10000,False
1774,GBPINR27JUN132.75CE,GBPINR,28JUN2027,1327500000.000000,1,OPTCUR,CDS,25000.000000,10000,False
1808,EURINR26SEP100PE,EURINR,28SEP2026,1000000000.000000,1,OPTCUR,CDS,25000.000000,10000,False
1813,USDJPY26DEC170.5CE,USDJPY,29DEC2026,1705000000.000000,1,OPTCUR,CDS,100000.000000,10000,False
1645,EURINR26NOV113.75CE,EURINR,26NOV2026,1137500000.000000,1,OPTCUR,CDS,25000.000000,10000,False
16437,USDINR26SEP89PE,USDINR,28SEP2026,890000000.000000,1,OPTCUR,CDS,25000.000000,10000,False
16442,USDINR26SEP89.75CE,USDINR,28SEP2026,897500000.000000,1,OPTCUR,CDS,25000.000000,10000,False
16445,USDINR26SEP90PE,USDINR,28SEP2026,900000000.000000,1,OPTCUR,CDS,25000.000000,10000,False
1818,EURINR26SEP100.5PE,EURINR,28SEP2026,1005000000.000000,1,OPTCUR,CDS,25000.000000,10000,False
1819,EURINR26SEP100.75CE,EURINR,28SEP2026,1007500000.000000,1,OPTCUR,CDS,25000.000000,10000,False
1862,EURINR26SEP103CE,EURINR,28SEP2026,1030000000.000000,1,OPTCUR,CDS,25000.000000,10000,False
1875,USDJPY27JUN175.5PE,USDJPY,28JUN2027,1755000000.000000,1,OPTCUR,CDS,100000.000000,10000,False
16456,USDINR26SEP91.5CE,USDINR,28SEP2026,915000000.000000,1,OPTCUR,CDS,25000.000000,10000,False
16490,USDJPY26SEP138CE,USDJPY,28SEP2026,1380000000.000000,1,OPTCUR,CDS,100000.000000,10000,False
16502,USDJPY26SEP141CE,USDJPY,28SEP2026,1410000000.000000,1,OPTCUR,CDS,100000.000000,10000,False
16511,USDJPY26SEP143PE,USDJPY,28SEP2026,1430000000.000000,1,OPTCUR,CDS,100000.000000,10000,False
1896,668GS204026SEP92.5PE,668GS2040,24SEP2026,925000000.000000,1,OPTIRC,CDS,25000.000000,1250,False
1921,EURINR26SEP104.5CE,EURINR,28SEP2026,1045000000.000000,1,OPTCUR,CDS,25000.000000,10000,False
1947,EURINR26SEP106CE,EURINR,28SEP2026,1060000000.000000,1,OPTCUR,CDS,25000.000000,10000,False
1948,EURINR26SEP106PE,EURINR,28SEP2026,1060000000.000000,1,OPTCUR,CDS,25000.000000,10000,False
1958,EURINR26SEP106.5PE,EURINR,28SEP2026,1065000000.000000,1,OPTCUR,CDS,25000.000000,10000,False
1960,GBPUSD27JUN1.455CE,GBPUSD,28JUN2027,14550000.000000,1,OPTCUR,CDS,1000.000000,10000,False
1979,EURINR26SEP108.25CE,EURINR,28SEP2026,1082500000.000000,1,OPTCUR,CDS,25000.000000,10000,False
1981,EURINR26SEP108.25PE,EURINR,28SEP2026,1082500000.000000,1,OPTCUR,CDS,25000.000000,10000,False
16530,USDJPY26SEP148CE,USDJPY,28SEP2026,1480000000.000000,1,OPTCUR,CDS,100000.000000,10000,False
16538,USDJPY26SEP150CE,USDJPY,28SEP2026,1500000000.000000,1,OPTCUR,CDS,100000.000000,10000,False
16546,USDJPY26SEP152CE,USDJPY,28SEP2026,1520000000.000000,1,OPTCUR,CDS,100000.000000,10000,False
16549,USDJPY26SEP152.5PE,USDJPY,28SEP2026,1525000000.000000,1,OPTCUR,CDS,100000.000000,10000,False
2011,EURINR26O16109.25PE,EURINR,16OCT2026,1092500000.000000,1,OPTCUR,CDS,25000.000000,10000,False
2033,GBPUSD26OCT1.47CE,GBPUSD,28OCT2026,14700000.000000,1,OPTCUR,CDS,1000.000000,10000,False
2043,EURUSD26SEP1.06PE,EURUSD,28SEP2026,10600000.000000,1,OPTCUR,CDS,1000.000000,10000,False
2055,EURUSD26SEP1.07PE,EURUSD,28SEP2026,10700000.000000,1,OPTCUR,CDS,1000.000000,10000,False
16563,USDJPY26SEP156PE,USDJPY,28SEP2026,1560000000.000000,1,OPTCUR,CDS,100000.000000,10000,False
16574,USDJPY26SEP159CE,USDJPY,28SEP2026,1590000000.000000,1,OPTCUR,CDS,100000.000000,10000,False
16575,USDJPY26SEP159PE,USDJPY,28SEP2026,1590000000.000000,1,OPTCUR,CDS,100000.000000,10000,False
16577,USDJPY26SEP159.5PE,USDJPY,28SEP2026,1595000000.000000,1,OPTCUR,CDS,100000.000000,10000,False
2077,EURINR26O09106.25CE,EURINR,09OCT2026,1062500000.000000,1,OPTCUR,CDS,25000.000000,10000,False
2090,EURUSD26SEP1.09PE,EURUSD,28SEP2026,10900000.000000,1,OPTCUR,CDS,1000.000000,10000,False
2102,EURUSD26SEP1.115CE,EURUSD,28SEP2026,11150000.000000,1,OPTCUR,CDS,1000.000000,10000,False
2127,GBPUSD26SEP1.215CE,GBPUSD,28SEP2026,12150000.000000,1,OPTCUR,CDS,1000.000000,10000,False
1666,USDJPY26SEP167.5CE,USDJPY,28SEP2026,1675000000.000000,1,OPTCUR,CDS,100000.000000,10000,False
16585,633GS203526SEP94.75PE,633GS2035,24SEP2026,947500000.000000,1,OPTIRC,CDS,25000.000000,1250,False
16605,633GS203526SEP97.25PE,633GS2035,24SEP2026,972500000.000000,1,OPTIRC,CDS,25000.000000,1250,False
16659,668GS204026SEP95.5PE,668GS2040,24SEP2026,955000000.000000,1,OPTIRC,CDS,25000.000000,1250,False
2133,EURUSD26SEP1.145CE,EURUSD,28SEP2026,11450000.000000,1,OPTCUR,CDS,1000.000000,10000,False
2135,EURINR26O09107PE,EURINR,09OCT2026,1070000000.000000,1,OPTCUR,CDS,25000.000000,10000,False
2144,EURUSD26SEP1.165PE,EURUSD,28SEP2026,11650000.000000,1,OPTCUR,CDS,1000.000000,10000,False
2160,EURUSD26SEP1.175PE,EURUSD,28SEP2026,11750000.000000,1,OPTCUR,CDS,1000.000000,10000,False
16661,668GS204026SEP95.75PE,668GS2040,24SEP2026,957500000.000000,1,OPTIRC,CDS,25000.000000,1250,False
16682,668GS204026SEP98.5CE,668GS2040,24SEP2026,985000000.000000,1,OPTIRC,CDS,25000.000000,1250,False
16697,668GS204026SEP100.25PE,668GS2040,24SEP2026,1002500000.000000,1,OPTIRC,CDS,25000.000000,1250,False
16701,668GS204026SEP100.75PE,668GS2040,24SEP2026,1007500000.000000,1,OPTIRC,CDS,25000.000000,1250,False
2200,EURUSD26SEP1.2CE,EURUSD,28SEP2026,12000000.000000,1,OPTCUR,CDS,1000.000000,10000,False
2210,EURINR26O09107.25PE,EURINR,09OCT2026,1072500000.000000,1,OPTCUR,CDS,25000.000000,10000,False
2213,EURINR26O09107.5PE,EURINR,09OCT2026,1075000000.000000,1,OPTCUR,CDS,25000.000000,10000,False
2216,EURUSD26SEP1.225PE,EURUSD,28SEP2026,12250000.000000,1,OPTCUR,CDS,1000.000000,10000,False
16718,679GS203426SEP97.75CE,679GS2034,24SEP2026,977500000.000000,1,OPTIRC,CDS,25000.000000,1250,False
16736,679GS203426SEP100CE,679GS2034,24SEP2026,1000000000.000000,1,OPTIRC,CDS,25000.000000,1250,False
16783,723GS203926SEP99.25PE,723GS2039,24SEP2026,992500000.000000,1,OPTIRC,CDS,25000.000000,1250,False
16786,723GS203926SEP99.75CE,723GS2039,24SEP2026,997500000.000000,1,OPTIRC,CDS,25000.000000,1250,False
2248,EURUSD26SEP1.26PE,EURUSD,28SEP2026,12600000.000000,1,OPTCUR,CDS,1000.000000,10000,False
2259,EURUSD26SEP1.275CE,EURUSD,28SEP2026,12750000.000000,1,OPTCUR,CDS,1000.000000,10000,False
2269,EURINR26O09108.25CE,EURINR,09OCT2026,1082500000.000000,1,OPTCUR,CDS,25000.000000,10000,False
2271,EURINR26918105.75PE,EURINR,18SEP2026,1057500000.000000,1,OPTCUR,CDS,25000.000000,10000,False
16812,723GS203926SEP103CE,723GS2039,24SEP2026,1030000000.000000,1,OPTIRC,CDS,25000.000000,1250,False
16832,723GS203926SEP105.5CE,723GS2039,24SEP2026,1055000000.000000,1,OPTIRC,CDS,25000.000000,1250,False
16893,633GS203526DEC100.5CE,633GS2035,31DEC2026,1005000000.000000,1,OPTIRC,CDS,25000.000000,1250,False
16916,648GS203526DEC96.25PE,648GS2035,31DEC2026,962500000.000000,1,OPTIRC,CDS,25000.000000,1250,False
2284,EURUSD26SEP1.29CE,EURUSD,28SEP2026,12900000.000000,1,OPTCUR,CDS,1000.000000,10000,False
2295,GBPINR26SEP113.25PE,GBPINR,28SEP2026,1132500000.000000,1,OPTCUR,CDS,25000.000000,10000,False
2297,GBPINR26SEP113.5PE,GBPINR,28SEP2026,1135000000.000000,1,OPTCUR,CDS,25000.000000,10000,False
2299,EURINR26O16110.25CE,EURINR,16OCT2026,1102500000.000000,1,OPTCUR,CDS,25000.000000,10000,False
16922,648GS203526DEC97PE,648GS2035,31DEC2026,970000000.000000,1,OPTIRC,CDS,25000.000000,1250,False
16923,648GS203526DEC97.25CE,648GS2035,31DEC2026,972500000.000000,1,OPTIRC,CDS,25000.000000,1250,False
16934,648GS203526DEC98.5PE,648GS2035,31DEC2026,985000000.000000,1,OPTIRC,CDS,25000.000000,1250,False
16957,648GS203526DEC101.5CE,648GS2035,31DEC2026,1015000000.000000,1,OPTIRC,CDS,25000.000000,1250,False
2305,GBPINR26SEP114.25CE,GBPINR,28SEP2026,1142500000.000000,1,OPTCUR,CDS,25000.000000,10000,False
2317,GBPINR26SEP115CE,GBPINR,28SEP2026,1150000000.000000,1,OPTCUR,CDS,25000.000000,10000,False
2327,GBPINR26SEP115.25CE,GBPINR,28SEP2026,1152500000.000000,1,OPTCUR,CDS,25000.000000,10000,False
2330,GBPINR26SEP115.25PE,GBPINR,28SEP2026,1152500000.000000,1,OPTCUR,CDS,25000.000000,10000,False
16978,668GS204026DEC93.5PE,668GS2040,31DEC2026,935000000.000000,1,OPTIRC,CDS,25000.000000,1250,False
16981,668GS204026DEC94CE,668GS2040,31DEC2026,940000000.000000,1,OPTIRC,CDS,25000.000000,1250,False
16994,668GS204026DEC95.5PE,668GS2040,31DEC2026,955000000.000000,1,OPTIRC,CDS,25000.000000,1250,False
17070,723GS203926DEC101.75PE,723GS2039,31DEC2026,1017500000.000000,1,OPTIRC,CDS,25000.000000,1250,False
2337,679GS203426SEP96.5CE,679GS2034,24SEP2026,965000000.000000,1,OPTIRC,CDS,25000.000000,1250,False
2340,679GS203426SEP96.5PE,679GS2034,24SEP2026,965000000.000000,1,OPTIRC,CDS,25000.000000,1250,False
2343,GBPINR26SEP116.25CE,GBPINR,28SEP2026,1162500000.000000,1,OPTCUR,CDS,25000.000000,10000,False
2344,EURINR26O16110.75PE,EURINR,16OCT2026,1107500000.000000,1,OPTCUR,CDS,25000.000000,10000,False
2354,USDINR26O0994.125CE,USDINR,09OCT2026,941250000.000000,1,OPTCUR,CDS,25000.000000,10000,False
2368,EURUSD26NOV1.07CE,EURUSD,26NOV2026,10700000.000000,1,OPTCUR,CDS,1000.000000,10000,False
2380,EURUSD26NOV1.075PE,EURUSD,26NOV2026,10750000.000000,1,OPTCUR,CDS,1000.000000,10000,False
2424,EURINR26O09109CE,EURINR,09OCT2026,1090000000.000000,1,OPTCUR,CDS,25000.000000,10000,False
17091,723GS203926DEC104.5CE,723GS2039,31DEC2026,1045000000.000000,1,OPTIRC,CDS,25000.000000,1250,False
17093,723GS203926DEC104.75CE,723GS2039,31DEC2026,1047500000.000000,1,OPTIRC,CDS,25000.000000,1250,False
17157,633GS203527MAR93.5CE,633GS2035,25MAR2027,935000000.000000,1,OPTIRC,CDS,25000.000000,1250,False
17160,633GS203527MAR93.75PE,633GS2035,25MAR2027,937500000.000000,1,OPTIRC,CDS,25000.000000,1250,False
2427,EURINR26O09109.25CE,EURINR,09OCT2026,1092500000.000000,1,OPTCUR,CDS,25000.000000,10000,False
2433,GBPINR26SEP119.75PE,GBPINR,28SEP2026,1197500000.000000,1,OPTCUR,CDS,25000.000000,10000,False
2435,GBPINR26SEP120PE,GBPINR,28SEP2026,1200000000.000000,1,OPTCUR,CDS,25000.000000,10000,False
2438,GBPINR26SEP120.5CE,GBPINR,28SEP2026,1205000000.000000,1,OPTCUR,CDS,25000.000000,10000,False
1721,648GS203526SEP94CE,648GS2035,24SEP2026,940000000.000000,1,OPTIRC,CDS,25000.000000,1250,False
17219,GBPINR26SEP132.25CE,GBPINR,28SEP2026,1322500000.000000,1,OPTCUR,CDS,25000.000000,10000,False
17227,GBPINR26DEC132.5CE,GBPINR,29DEC2026,1325000000.000000,1,OPTCUR,CDS,25000.000000,10000,False
17233,GBPUSD26SEP1.495CE,GBPUSD,28SEP2026,14950000.000000,1,OPTCUR,CDS,1000.000000,10000,False
2462,EURINR26O09109.5CE,EURINR,09OCT2026,1095000000.000000,1,OPTCUR,CDS,25000.000000,10000,False
2481,EURUSD26NOV1.105CE,EURUSD,26NOV2026,11050000.000000,1,OPTCUR,CDS,1000.000000,10000,False
2510,GBPINR26SEP120.75CE,GBPINR,28SEP2026,1207500000.000000,1,OPTCUR,CDS,25000.000000,10000,False
2520,EURINR26O09110.25CE,EURINR,09OCT2026,1102500000.000000,1,OPTCUR,CDS,25000.000000,10000,False
17234,GBPUSD26SEP1.495PE,GBPUSD,28SEP2026,14950000.000000,1,OPTCUR,CDS,1000.000000,10000,False
17250,633GS203527MAR98.25PE,633GS2035,25MAR2027,982500000.000000,1,OPTIRC,CDS,25000.000000,1250,False
17252,633GS203527MAR98.5PE,633GS2035,25MAR2027,985000000.000000,1,OPTIRC,CDS,25000.000000,1250,False
17270,633GS203527MAR99.25PE,633GS2035,25MAR2027,992500000.000000,1,OPTIRC,CDS,25000.000000,1250,False
2548,GBPINR26SEP121.75CE,GBPINR,28SEP2026,1217500000.000000,1,OPTCUR,CDS,25000.000000,10000,False
2551,668GS204026DEC91.25CE,668GS2040,31DEC2026,912500000.000000,1,OPTIRC,CDS,25000.000000,1250,False
2554,GBPINR26SEP122CE,GBPINR,28SEP2026,1220000000.000000,1,OPTCUR,CDS,25000.000000,10000,False
2560,EURINR26918108.75CE,EURINR,18SEP2026,1087500000.000000,1,OPTCUR,CDS,25000.000000,10000,False
17273,USDJPY26DEC141CE,USDJPY,29DEC2026,1410000000.000000,1,OPTCUR,CDS,100000.000000,10000,False
17278,633GS203527MAR99.75PE,633GS2035,25MAR2027,997500000.000000,1,OPTIRC,CDS,25000.000000,1250,False
17292,648GS203527MAR93.5PE,648GS2035,25MAR2027,935000000.000000,1,OPTIRC,CDS,25000.000000,1250,False
17295,648GS203527MAR94CE,648GS2035,25MAR2027,940000000.000000,1,OPTIRC,CDS,25000.000000,1250,False
2561,GBPINR26SEP122.5CE,GBPINR,28SEP2026,1225000000.000000,1,OPTCUR,CDS,25000.000000,10000,False
2576,GBPINR26SEP123.25CE,GBPINR,28SEP2026,1232500000.000000,1,OPTCUR,CDS,25000.000000,10000,False
2592,GBPINR26SEP123.75PE,GBPINR,28SEP2026,1237500000.000000,1,OPTCUR,CDS,25000.000000,10000,False
2593,GBPINR26SEP124CE,GBPINR,28SEP2026,1240000000.000000,1,OPTCUR,CDS,25000.000000,10000,False
17296,648GS203527MAR94PE,648GS2035,25MAR2027,940000000.000000,1,OPTIRC,CDS,25000.000000,1250,False
17300,648GS203527MAR94.5PE,648GS2035,25MAR2027,945000000.000000,1,OPTIRC,CDS,25000.000000,1250,False
17314,648GS203527MAR96.25PE,648GS2035,25MAR2027,962500000.000000,1,OPTIRC,CDS,25000.000000,1250,False
17332,648GS203527MAR98PE,648GS2035,25MAR2027,980000000.000000,1,OPTIRC,CDS,25000.000000,1250,False
26,GBPINR,GBPINR,,-1.000000,1,UNDCUR,CDS,25000.000000,999,False
2597,GBPINR26SEP124.5CE,GBPINR,28SEP2026,1245000000.000000,1,OPTCUR,CDS,25000.000000,10000,False
2621,GBPINR26SEP125PE,GBPINR,28SEP2026,1250000000.000000,1,OPTCUR,CDS,25000.000000,10000,False
2625,GBPUSD26SEP1.225CE,GBPUSD,28SEP2026,12250000.000000,1,OPTCUR,CDS,1000.000000,10000,False
17336,648GS203527MAR98.5PE,648GS2035,25MAR2027,985000000.000000,1,OPTIRC,CDS,25000.000000,1250,False
17339,648GS203527MAR99CE,648GS2035,25MAR2027,990000000.000000,1,OPTIRC,CDS,25000.000000,1250,False
17362,668GS204027MAR91.25PE,668GS2040,25MAR2027,912500000.000000,1,OPTIRC,CDS,25000.000000,1250,False
17371,668GS204027MAR92.5CE,668GS2040,25MAR2027,925000000.000000,1,OPTIRC,CDS,25000.000000,1250,False
2637,GBPUSD26SEP1.23PE,GBPUSD,28SEP2026,12300000.000000,1,OPTCUR,CDS,1000.000000,10000,False
2647,GBPUSD26SEP1.24PE,GBPUSD,28SEP2026,12400000.000000,1,OPTCUR,CDS,1000.000000,10000,False
2676,EURINR26918109.25CE,EURINR,18SEP2026,1092500000.000000,1,OPTCUR,CDS,25000.000000,10000,False
2679,USDJPY26NOV142.5CE,USDJPY,26NOV2026,1425000000.000000,1,OPTCUR,CDS,100000.000000,10000,False
17375,668GS204027MAR93CE,668GS2040,25MAR2027,930000000.000000,1,OPTIRC,CDS,25000.000000,1250,False
17377,668GS204027MAR93.25CE,668GS2040,25MAR2027,932500000.000000,1,OPTIRC,CDS,25000.000000,1250,False
17391,668GS204027MAR95CE,668GS2040,25MAR2027,950000000.000000,1,OPTIRC,CDS,25000.000000,1250,False
17394,668GS204027MAR95.25PE,668GS2040,25MAR2027,952500000.000000,1,OPTIRC,CDS,25000.000000,1250,False
2688,GBPUSD26SEP1.265PE,GBPUSD,28SEP2026,12650000.000000,1,OPTCUR,CDS,1000.000000,10000,False
2690,EURINR26O16111.75PE,EURINR,16OCT2026,1117500000.000000,1,OPTCUR,CDS,25000.000000,10000,False
2696,EURINR26O30107CE,EURINR,30OCT2026,1070000000.000000,1,OPTCUR,CDS,25000.000000,10000,False
2712,GBPUSD26SEP1.305CE,GBPUSD,28SEP2026,13050000.000000,1,OPTCUR,CDS,1000.000000,10000,False
2727,EURINR26O16112PE,EURINR,16OCT2026,1120000000.000000,1,OPTCUR,CDS,25000.000000,10000,False
2737,GBPUSD26SEP1.195CE,GBPUSD,28SEP2026,11950000.000000,1,OPTCUR,CDS,1000.000000,10000,False
2741,GBPUSD26SEP1.315CE,GBPUSD,28SEP2026,13150000.000000,1,OPTCUR,CDS,1000.000000,10000,False
2770,EURINR26DEC104.25PE,EURINR,29DEC2026,1042500000.000000,1,OPTCUR,CDS,25000.000000,10000,False
17399,668GS204027MAR96CE,668GS2040,25MAR2027,960000000.000000,1,OPTIRC,CDS,25000.000000,1250,False
17405,668GS204027MAR96.75CE,668GS2040,25MAR2027,967500000.000000,1,OPTIRC,CDS,25000.000000,1250,False
17410,668GS204027MAR97.25PE,668GS2040,25MAR2027,972500000.000000,1,OPTIRC,CDS,25000.000000,1250,False
17412,668GS204027MAR97.5PE,668GS2040,25MAR2027,975000000.000000,1,OPTIRC,CDS,25000.000000,1250,False
2779,GBPUSD26SEP1.34PE,GBPUSD,28SEP2026,13400000.000000,1,OPTCUR,CDS,1000.000000,10000,False
2781,EURINR26918110CE,EURINR,18SEP2026,1100000000.000000,1,OPTCUR,CDS,25000.000000,10000,False
2797,GBPUSD26SEP1.36CE,GBPUSD,28SEP2026,13600000.000000,1,OPTCUR,CDS,1000.000000,10000,False
2819,EURINR26O09111.25CE,EURINR,09OCT2026,1112500000.000000,1,OPTCUR,CDS,25000.000000,10000,False
17415,668GS204027MAR98CE,668GS2040,25MAR2027,980000000.000000,1,OPTIRC,CDS,25000.000000,1250,False
17463,723GS203927MAR97.75CE,723GS2039,25MAR2027,977500000.000000,1,OPTIRC,CDS,25000.000000,1250,False
17466,723GS203927MAR98PE,723GS2039,25MAR2027,980000000.000000,1,OPTIRC,CDS,25000.000000,1250,False
17467,723GS203927MAR98.25CE,723GS2039,25MAR2027,982500000.000000,1,OPTIRC,CDS,25000.000000,1250,False
2827,EURINR26O09111.5PE,EURINR,09OCT2026,1115000000.000000,1,OPTCUR,CDS,25000.000000,10000,False
2832,GBPUSD26SEP1.395CE,GBPUSD,28SEP2026,13950000.000000,1,OPTCUR,CDS,1000.000000,10000,False
2856,EURINR26918111PE,EURINR,18SEP2026,1110000000.000000,1,OPTCUR,CDS,25000.000000,10000,False
2860,GBPUSD26SEP1.425PE,GBPUSD,28SEP2026,14250000.000000,1,OPTCUR,CDS,1000.000000,10000,False
17484,723GS203927MAR100.25PE,723GS2039,25MAR2027,1002500000.000000,1,OPTIRC,CDS,25000.000000,1250,False
17487,723GS203927MAR100.75CE,723GS2039,25MAR2027,1007500000.000000,1,OPTIRC,CDS,25000.000000,1250,False
17494,723GS203927MAR101.5PE,723GS2039,25MAR2027,1015000000.000000,1,OPTIRC,CDS,25000.000000,1250,False
17495,723GS203927MAR101.75CE,723GS2039,25MAR2027,1017500000.000000,1,OPTIRC,CDS,25000.000000,1250,False
29,GOI7.59%2026,759GS2026,,-1.000000,1,UNDIRC,CDS,25000.000000,1250,False
2866,EURINR26DEC104.5CE,EURINR,29DEC2026,1045000000.000000,1,OPTCUR,CDS,25000.000000,10000,False
2902,GBPUSD26SEP1.47PE,GBPUSD,28SEP2026,14700000.000000,1,OPTCUR,CDS,1000.000000,10000,False
2926,EURINR26O09112CE,EURINR,09OCT2026,1120000000.000000,1,OPTCUR,CDS,25000.000000,10000,False
17510,723GS203927MAR103.5PE,723GS2039,25MAR2027,1035000000.000000,1,OPTIRC,CDS,25000.000000,1250,False
17513,723GS203927MAR104CE,723GS2039,25MAR2027,1040000000.000000,1,OPTIRC,CDS,25000.000000,1250,False
17520,723GS203927MAR104.75PE,723GS2039,25MAR2027,1047500000.000000,1,OPTIRC,CDS,25000.000000,1250,False
2932,EURINR26O09112PE,EURINR,09OCT2026,1120000000.000000,1,OPTCUR,CDS,25000.000000,10000,False
2951,EURINR26O09112.5PE,EURINR,09OCT2026,1125000000.000000,1,OPTCUR,CDS,25000.000000,10000,False
2953,EURINR26N20110CE,EURINR,20NOV2026,1100000000.000000,1,OPTCUR,CDS,25000.000000,10000,False
1801,EURINR26SEP99.5PE,EURINR,28SEP2026,995000000.000000,1,OPTCUR,CDS,25000.000000,10000,False
1843,EURINR26SEP101.75CE,EURINR,28SEP2026,1017500000.000000,1,OPTCUR,CDS,25000.000000,10000,False
1850,EURINR26NOV114.25PE,EURINR,26NOV2026,1142500000.000000,1,OPTCUR,CDS,25000.000000,10000,False
1856,EURINR26SEP102.25PE,EURINR,28SEP2026,1022500000.000000,1,OPTCUR,CDS,25000.000000,10000,False
1860,EURINR26SEP102.75CE,EURINR,28SEP2026,1027500000.000000,1,OPTCUR,CDS,25000.000000,10000,False
1861,EURINR26SEP102.75PE,EURINR,28SEP2026,1027500000.000000,1,OPTCUR,CDS,25000.000000,10000,False
3072,GBPINR26DEC128.25PE,GBPINR,29DEC2026,1282500000.000000,1,OPTCUR,CDS,25000.000000,10000,False
3130,USDJPY26SEP162PE,USDJPY,28SEP2026,1620000000.000000,1,OPTCUR,CDS,100000.000000,10000,False
3193,EURINR27MAR105CE,EURINR,29MAR2027,1050000000.000000,1,OPTCUR,CDS,25000.000000,10000,False
3248,EURINR26DEC106CE,EURINR,29DEC2026,1060000000.000000,1,OPTCUR,CDS,25000.000000,10000,False
1906,EURINR26O16109CE,EURINR,16OCT2026,1090000000.000000,1,OPTCUR,CDS,25000.000000,10000,False
1863,EURINR26SEP103PE,EURINR,28SEP2026,1030000000.000000,1,OPTCUR,CDS,25000.000000,10000,False
1901,EURINR26SEP103.75PE,EURINR,28SEP2026,1037500000.000000,1,OPTCUR,CDS,25000.000000,10000,False
3256,EURINR27MAR105.75CE,EURINR,29MAR2027,1057500000.000000,1,OPTCUR,CDS,25000.000000,10000,False
3264,GBPINR26918123.5PE,GBPINR,18SEP2026,1235000000.000000,1,OPTCUR,CDS,25000.000000,10000,False
3271,EURINR27MAR106PE,EURINR,29MAR2027,1060000000.000000,1,OPTCUR,CDS,25000.000000,10000,False
3276,USDJPY26NOV142CE,USDJPY,26NOV2026,1420000000.000000,1,OPTCUR,CDS,100000.000000,10000,False
3326,GBPUSD26SEP1.44PE,GBPUSD,28SEP2026,14400000.000000,1,OPTCUR,CDS,1000.000000,10000,False
3332,EURINR27MAR107.5PE,EURINR,29MAR2027,1075000000.000000,1,OPTCUR,CDS,25000.000000,10000,False
3334,GBPINR26918124PE,GBPINR,18SEP2026,1240000000.000000,1,OPTCUR,CDS,25000.000000,10000,False
3336,EURINR27MAR107.75PE,EURINR,29MAR2027,1077500000.000000,1,OPTCUR,CDS,25000.000000,10000,False
2,NIFTY50,NIFTY,,-1.000000,1,INDEX,CDS,25000.000000,7000,False
1954,EURINR26SEP106.25CE,EURINR,28SEP2026,1062500000.000000,1,OPTCUR,CDS,25000.000000,10000,False
1959,EURINR26SEP106.75CE,EURINR,28SEP2026,1067500000.000000,1,OPTCUR,CDS,25000.000000,10000,False
2018,EURINR26SEP109.25PE,EURINR,28SEP2026,1092500000.000000,1,OPTCUR,CDS,25000.000000,10000,False
3367,EURINR27MAR108.75CE,EURINR,29MAR2027,1087500000.000000,1,OPTCUR,CDS,25000.000000,10000,False
3379,EURINR27MAR109.5CE,EURINR,29MAR2027,1095000000.000000,1,OPTCUR,CDS,25000.000000,10000,False
3384,EURINR27MAR110CE,EURINR,29MAR2027,1100000000.000000,1,OPTCUR,CDS,25000.000000,10000,False
3393,EURINR27MAR110.5CE,EURINR,29MAR2027,1105000000.000000,1,OPTCUR,CDS,25000.000000,10000,False
2021,GBPINR26SEP113PE,GBPINR,28SEP2026,1130000000.000000,1,OPTCUR,CDS,25000.000000,10000,False
2042,EURUSD26SEP1.06CE,EURUSD,28SEP2026,10600000.000000,1,OPTCUR,CDS,1000.000000,10000,False
2054,GBPUSD27JUN1.47CE,GBPUSD,28JUN2027,14700000.000000,1,OPTCUR,CDS,1000.000000,10000,False
2059,EURUSD26SEP1.075PE,EURUSD,28SEP2026,10750000.000000,1,OPTCUR,CDS,1000.000000,10000,False
35,GOI6.84%2022,684GS2022,,-1.000000,1,UNDIRC,CDS,25000.000000,1250,False
3439,EURINR27MAR112.75CE,EURINR,29MAR2027,1127500000.000000,1,OPTCUR,CDS,25000.000000,10000,False
3440,EURINR27MAR112.75PE,EURINR,29MAR2027,1127500000.000000,1,OPTCUR,CDS,25000.000000,10000,False
3482,EURINR27MAR114.5CE,EURINR,29MAR2027,1145000000.000000,1,OPTCUR,CDS,25000.000000,10000,False
2079,EURINR26O09106.25PE,EURINR,09OCT2026,1062500000.000000,1,OPTCUR,CDS,25000.000000,10000,False
2082,EURUSD26SEP1.085PE,EURUSD,28SEP2026,10850000.000000,1,OPTCUR,CDS,1000.000000,10000,False
2093,EURUSD26SEP1.1CE,EURUSD,28SEP2026,11000000.000000,1,OPTCUR,CDS,1000.000000,10000,False
2099,EURUSD26SEP1.105PE,EURUSD,28SEP2026,11050000.000000,1,OPTCUR,CDS,1000.000000,10000,False
3505,EURINR26N27109PE,EURINR,27NOV2026,1090000000.000000,1,OPTCUR,CDS,25000.000000,10000,False
3511,EURINR26O16113.25CE,EURINR,16OCT2026,1132500000.000000,1,OPTCUR,CDS,25000.000000,10000,False
3517,EURUSD27MAR1.045CE,EURUSD,29MAR2027,10450000.000000,1,OPTCUR,CDS,1000.000000,10000,False
3519,EURUSD27MAR1.05CE,EURUSD,29MAR2027,10500000.000000,1,OPTCUR,CDS,1000.000000,10000,False
2130,EURINR26DEC102.25PE,EURINR,29DEC2026,1022500000.000000,1,OPTCUR,CDS,25000.000000,10000,False
2140,EURUSD26SEP1.155PE,EURUSD,28SEP2026,11550000.000000,1,OPTCUR,CDS,1000.000000,10000,False
2141,EURUSD26SEP1.16CE,EURUSD,28SEP2026,11600000.000000,1,OPTCUR,CDS,1000.000000,10000,False
2145,EURUSD26SEP1.17CE,EURUSD,28SEP2026,11700000.000000,1,OPTCUR,CDS,1000.000000,10000,False
3536,EURUSD26NOV1.22CE,EURUSD,26NOV2026,12200000.000000,1,OPTCUR,CDS,1000.000000,10000,False
3542,EURINR26N27110PE,EURINR,27NOV2026,1100000000.000000,1,OPTCUR,CDS,25000.000000,10000,False
3568,EURINR26N27111.25CE,EURINR,27NOV2026,1112500000.000000,1,OPTCUR,CDS,25000.000000,10000,False
3570,EURINR26DEC106.75PE,EURINR,29DEC2026,1067500000.000000,1,OPTCUR,CDS,25000.000000,10000,False
2166,EURUSD26NOV1.04CE,EURUSD,26NOV2026,10400000.000000,1,OPTCUR,CDS,1000.000000,10000,False
2174,EURINR26O16109.75CE,EURINR,16OCT2026,1097500000.000000,1,OPTCUR,CDS,25000.000000,10000,False
2192,EURINR26918105.25CE,EURINR,18SEP2026,1052500000.000000,1,OPTCUR,CDS,25000.000000,10000,False
2197,EURUSD26SEP1.195CE,EURUSD,28SEP2026,11950000.000000,1,OPTCUR,CDS,1000.000000,10000,False
3580,EURUSD27MAR1.085CE,EURUSD,29MAR2027,10850000.000000,1,OPTCUR,CDS,1000.000000,10000,False
3585,GBPUSD27MAR1.465CE,GBPUSD,29MAR2027,14650000.000000,1,OPTCUR,CDS,1000.000000,10000,False
3586,GBPUSD27MAR1.465PE,GBPUSD,29MAR2027,14650000.000000,1,OPTCUR,CDS,1000.000000,10000,False
3626,GBPINR26918127CE,GBPINR,18SEP2026,1270000000.000000,1,OPTCUR,CDS,25000.000000,10000,False
2202,EURUSD26SEP1.205CE,EURUSD,28SEP2026,12050000.000000,1,OPTCUR,CDS,1000.000000,10000,False
2203,EURUSD26SEP1.205PE,EURUSD,28SEP2026,12050000.000000,1,OPTCUR,CDS,1000.000000,10000,False
2205,EURUSD26SEP1.21CE,EURUSD,28SEP2026,12100000.000000,1,OPTCUR,CDS,1000.000000,10000,False
2215,EURUSD26SEP1.225CE,EURUSD,28SEP2026,12250000.000000,1,OPTCUR,CDS,1000.000000,10000,False
3634,EURINR26N27112.75CE,EURINR,27NOV2026,1127500000.000000,1,OPTCUR,CDS,25000.000000,10000,False
3636,EURINR26N27112.75PE,EURINR,27NOV2026,1127500000.000000,1,OPTCUR,CDS,25000.000000,10000,False
3662,GBPUSD27MAR1.485PE,GBPUSD,29MAR2027,14850000.000000,1,OPTCUR,CDS,1000.000000,10000,False
3697,EURUSD27MAR1.125PE,EURUSD,29MAR2027,11250000.000000,1,OPTCUR,CDS,1000.000000,10000,False
2220,EURUSD26SEP1.235PE,EURUSD,28SEP2026,12350000.000000,1,OPTCUR,CDS,1000.000000,10000,False
2228,EURINR26918105.5PE,EURINR,18SEP2026,1055000000.000000,1,OPTCUR,CDS,25000.000000,10000,False
2230,679GS203426SEP96.25CE,679GS2034,24SEP2026,962500000.000000,1,OPTIRC,CDS,25000.000000,1250,False
2239,EURUSD26SEP1.25CE,EURUSD,28SEP2026,12500000.000000,1,OPTCUR,CDS,1000.000000,10000,False
3703,EURUSD27MAR1.135CE,EURUSD,29MAR2027,11350000.000000,1,OPTCUR,CDS,1000.000000,10000,False
3714,EURUSD27MAR1.15PE,EURUSD,29MAR2027,11500000.000000,1,OPTCUR,CDS,1000.000000,10000,False
3736,EURUSD26NOV1.245PE,EURUSD,26NOV2026,12450000.000000,1,OPTCUR,CDS,1000.000000,10000,False
3743,EURUSD26NOV1.25PE,EURUSD,26NOV2026,12500000.000000,1,OPTCUR,CDS,1000.000000,10000,False
2270,EURUSD26SEP1.28PE,EURUSD,28SEP2026,12800000.000000,1,OPTCUR,CDS,1000.000000,10000,False
2306,GBPINR26SEP114.25PE,GBPINR,28SEP2026,1142500000.000000,1,OPTCUR,CDS,25000.000000,10000,False
2313,GBPINR26SEP114.75CE,GBPINR,28SEP2026,1147500000.000000,1,OPTCUR,CDS,25000.000000,10000,False
2329,USDINR2692594.125CE,USDINR,25SEP2026,941250000.000000,1,OPTCUR,CDS,25000.000000,10000,False
3757,GBPINR26N27125.75CE,GBPINR,27NOV2026,1257500000.000000,1,OPTCUR,CDS,25000.000000,10000,False
3758,GBPINR26N27125.75PE,GBPINR,27NOV2026,1257500000.000000,1,OPTCUR,CDS,25000.000000,10000,False
3762,GBPINR26N20125CE,GBPINR,20NOV2026,1250000000.000000,1,OPTCUR,CDS,25000.000000,10000,False
3772,EURUSD27MAR1.17PE,EURUSD,29MAR2027,11700000.000000,1,OPTCUR,CDS,1000.000000,10000,False
3774,GBPINR26N27127PE,GBPINR,27NOV2026,1270000000.000000,1,OPTCUR,CDS,25000.000000,10000,False
3775,GBPINR26N27127.25CE,GBPINR,27NOV2026,1272500000.000000,1,OPTCUR,CDS,25000.000000,10000,False
3791,EURUSD27JUNFUT,EURUSD,28JUN2027,-1.000000,1,FUTCUR,CDS,1000.000000,10000,False
3793,EURUSD27MAR1.2CE,EURUSD,29MAR2027,12000000.000000,1,OPTCUR,CDS,1000.000000,10000,False
2331,GBPINR26SEP115.5CE,GBPINR,28SEP2026,1155000000.000000,1,OPTCUR,CDS,25000.000000,10000,False
2351,GBPINR26SEP116.75CE,GBPINR,28SEP2026,1167500000.000000,1,OPTCUR,CDS,25000.000000,10000,False
2362,GBPINR26SEP117.25CE,GBPINR,28SEP2026,1172500000.000000,1,OPTCUR,CDS,25000.000000,10000,False
2369,USDINR26O1694.125PE,USDINR,16OCT2026,941250000.000000,1,OPTCUR,CDS,25000.000000,10000,False
3796,GBPINR26N20125.5CE,GBPINR,20NOV2026,1255000000.000000,1,OPTCUR,CDS,25000.000000,10000,False
3806,EURUSD27MAR1.22CE,EURUSD,29MAR2027,12200000.000000,1,OPTCUR,CDS,1000.000000,10000,False
3813,USDJPY26SEP135CE,USDJPY,28SEP2026,1350000000.000000,1,OPTCUR,CDS,100000.000000,10000,False
3824,USDJPY26SEP135.5CE,USDJPY,28SEP2026,1355000000.000000,1,OPTCUR,CDS,100000.000000,10000,False
24,R-GOI7.68%2023,R768GS2023,,-1.000000,1,UNDIRC,CDS,25000.000000,1250,False
2371,GBPINR26SEP117.75CE,GBPINR,28SEP2026,1177500000.000000,1,OPTCUR,CDS,25000.000000,10000,False
2382,GBPINR26SEP118.5CE,GBPINR,28SEP2026,1185000000.000000,1,OPTCUR,CDS,25000.000000,10000,False
2396,EURUSD26NOV1.085CE,EURUSD,26NOV2026,10850000.000000,1,OPTCUR,CDS,1000.000000,10000,False
3830,GBPINR26918128.5CE,GBPINR,18SEP2026,1285000000.000000,1,OPTCUR,CDS,25000.000000,10000,False
3838,GBPINR26918129PE,GBPINR,18SEP2026,1290000000.000000,1,OPTCUR,CDS,25000.000000,10000,False
3844,EURUSD27MAR1.26CE,EURUSD,29MAR2027,12600000.000000,1,OPTCUR,CDS,1000.000000,10000,False
3859,EURUSD27MAR1.275CE,EURUSD,29MAR2027,12750000.000000,1,OPTCUR,CDS,1000.000000,10000,False
2406,EURUSD26NOV1.085PE,EURUSD,26NOV2026,10850000.000000,1,OPTCUR,CDS,1000.000000,10000,False
2410,EURUSD26NOV1.09PE,EURUSD,26NOV2026,10900000.000000,1,OPTCUR,CDS,1000.000000,10000,False
2414,EURINR26O09108.5PE,EURINR,09OCT2026,1085000000.000000,1,OPTCUR,CDS,25000.000000,10000,False
2420,EURINR26918106.5CE,EURINR,18SEP2026,1065000000.000000,1,OPTCUR,CDS,25000.000000,10000,False
3860,EURUSD27MAR1.275PE,EURUSD,29MAR2027,12750000.000000,1,OPTCUR,CDS,1000.000000,10000,False
3882,GBPINR26N20126.5CE,GBPINR,20NOV2026,1265000000.000000,1,OPTCUR,CDS,25000.000000,10000,False
3891,GBPINR26N20126.75PE,GBPINR,20NOV2026,1267500000.000000,1,OPTCUR,CDS,25000.000000,10000,False
3896,648GS203526DEC95CE,648GS2035,31DEC2026,950000000.000000,1,OPTIRC,CDS,25000.000000,1250,False
39,R-GOI6.79%2029,R679GS2029,,-1.000000,1,UNDIRC,CDS,25000.000000,1250,False
2428,GBPINR26SEP119.75CE,GBPINR,28SEP2026,1197500000.000000,1,OPTCUR,CDS,25000.000000,10000,False
2436,GBPINR26SEP120.25CE,GBPINR,28SEP2026,1202500000.000000,1,OPTCUR,CDS,25000.000000,10000,False
2448,EURINR26918107PE,EURINR,18SEP2026,1070000000.000000,1,OPTCUR,CDS,25000.000000,10000,False
2459,648GS203526SEP93.75CE,648GS2035,24SEP2026,937500000.000000,1,OPTIRC,CDS,25000.000000,1250,False
3897,648GS203526DEC95PE,648GS2035,31DEC2026,950000000.000000,1,OPTIRC,CDS,25000.000000,1250,False
3900,EURINR26OCT106.25CE,EURINR,28OCT2026,1062500000.000000,1,OPTCUR,CDS,25000.000000,10000,False
3907,EURUSD26NOV1.26CE,EURUSD,26NOV2026,12600000.000000,1,OPTCUR,CDS,1000.000000,10000,False
2467,USDINR26SEP98.5PE,USDINR,28SEP2026,985000000.000000,1,OPTCUR,CDS,25000.000000,10000,False
2474,723GS203926DECFUT,723GS2039,31DEC2026,-1.000000,1,FUTIRC,CDS,25000.000000,1250,False
2487,EURUSD26NOV1.105PE,EURUSD,26NOV2026,11050000.000000,1,OPTCUR,CDS,1000.000000,10000,False
2514,GBPINR26SEP120.75PE,GBPINR,28SEP2026,1207500000.000000,1,OPTCUR,CDS,25000.000000,10000,False
3916,GBPINR26N20128CE,GBPINR,20NOV2026,1280000000.000000,1,OPTCUR,CDS,25000.000000,10000,False
3918,GBPINR26918129.5CE,GBPINR,18SEP2026,1295000000.000000,1,OPTCUR,CDS,25000.000000,10000,False
3930,GBPINR26N20128.5PE,GBPINR,20NOV2026,1285000000.000000,1,OPTCUR,CDS,25000.000000,10000,False
3943,GBPINR26N20128.75CE,GBPINR,20NOV2026,1287500000.000000,1,OPTCUR,CDS,25000.000000,10000,False
2549,668GS204026SEP91.25PE,668GS2040,24SEP2026,912500000.000000,1,OPTIRC,CDS,25000.000000,1250,False
2552,GBPINR26SEP121.75PE,GBPINR,28SEP2026,1217500000.000000,1,OPTCUR,CDS,25000.000000,10000,False
2567,EURINR26918108.75PE,EURINR,18SEP2026,1087500000.000000,1,OPTCUR,CDS,25000.000000,10000,False
2582,GBPINR26SEP123.5CE,GBPINR,28SEP2026,1235000000.000000,1,OPTCUR,CDS,25000.000000,10000,False
3966,GBPINR26N20129.5PE,GBPINR,20NOV2026,1295000000.000000,1,OPTCUR,CDS,25000.000000,10000,False
3971,GBPINR26O09124.75CE,GBPINR,09OCT2026,1247500000.000000,1,OPTCUR,CDS,25000.000000,10000,False
3975,GBPINR26O09125CE,GBPINR,09OCT2026,1250000000.000000,1,OPTCUR,CDS,25000.000000,10000,False
3993,EURINR26O30108.25CE,EURINR,30OCT2026,1082500000.000000,1,OPTCUR,CDS,25000.000000,10000,False
2583,EURINR26O16111.5CE,EURINR,16OCT2026,1115000000.000000,1,OPTCUR,CDS,25000.000000,10000,False
2594,GBPINR26SEP124PE,GBPINR,28SEP2026,1240000000.000000,1,OPTCUR,CDS,25000.000000,10000,False
2595,GBPINR26SEP124.25CE,GBPINR,28SEP2026,1242500000.000000,1,OPTCUR,CDS,25000.000000,10000,False
2610,GBPINR26SEP124.75PE,GBPINR,28SEP2026,1247500000.000000,1,OPTCUR,CDS,25000.000000,10000,False
4009,EURINR26DEC107.75CE,EURINR,29DEC2026,1077500000.000000,1,OPTCUR,CDS,25000.000000,10000,False
4024,GBPINR26N20130.5PE,GBPINR,20NOV2026,1305000000.000000,1,OPTCUR,CDS,25000.000000,10000,False
4031,EURINR26OCT107.25CE,EURINR,28OCT2026,1072500000.000000,1,OPTCUR,CDS,25000.000000,10000,False
4036,EURINR26DEC108PE,EURINR,29DEC2026,1080000000.000000,1,OPTCUR,CDS,25000.000000,10000,False
2624,GBPINR26SEP125.25PE,GBPINR,28SEP2026,1252500000.000000,1,OPTCUR,CDS,25000.000000,10000,False
2638,EURINR26N20106.75CE,EURINR,20NOV2026,1067500000.000000,1,OPTCUR,CDS,25000.000000,10000,False
2648,EURINR26N20107CE,EURINR,20NOV2026,1070000000.000000,1,OPTCUR,CDS,25000.000000,10000,False
2654,EURINR26DEC104PE,EURINR,29DEC2026,1040000000.000000,1,OPTCUR,CDS,25000.000000,10000,False
4038,GBPINR26N27128.5CE,GBPINR,27NOV2026,1285000000.000000,1,OPTCUR,CDS,25000.000000,10000,False
4039,GBPINR26N27128.5PE,GBPINR,27NOV2026,1285000000.000000,1,OPTCUR,CDS,25000.000000,10000,False
4074,EURINR26OCT107.75CE,EURINR,28OCT2026,1077500000.000000,1,OPTCUR,CDS,25000.000000,10000,False
4118,GBPINR26918130CE,GBPINR,18SEP2026,1300000000.000000,1,OPTCUR,CDS,25000.000000,10000,False
2682,USDJPY27MAR142.5PE,USDJPY,29MAR2027,1425000000.000000,1,OPTCUR,CDS,100000.000000,10000,False
2689,GBPUSD26SEP1.27CE,GBPUSD,28SEP2026,12700000.000000,1,OPTCUR,CDS,1000.000000,10000,False
2718,EURINR26O30107.5CE,EURINR,30OCT2026,1075000000.000000,1,OPTCUR,CDS,25000.000000,10000,False
2723,GBPUSD26SEP1.305PE,GBPUSD,28SEP2026,13050000.000000,1,OPTCUR,CDS,1000.000000,10000,False
4123,EURINR27JUN104.5CE,EURINR,28JUN2027,1045000000.000000,1,OPTCUR,CDS,25000.000000,10000,False
4124,EURINR27JUN104.5PE,EURINR,28JUN2027,1045000000.000000,1,OPTCUR,CDS,25000.000000,10000,False
4144,668GS204027MAR99.25PE,668GS2040,25MAR2027,992500000.000000,1,OPTIRC,CDS,25000.000000,1250,False
4153,GBPINR26NOV125.5PE,GBPINR,26NOV2026,1255000000.000000,1,OPTCUR,CDS,25000.000000,10000,False
2742,GBPUSD26SEP1.315PE,GBPUSD,28SEP2026,13150000.000000,1,OPTCUR,CDS,1000.000000,10000,False
2749,679GS203426SEP95.75PE,679GS2034,24SEP2026,957500000.000000,1,OPTIRC,CDS,25000.000000,1250,False
2750,EURUSD26NOV1.115CE,EURUSD,26NOV2026,11150000.000000,1,OPTCUR,CDS,1000.000000,10000,False
2757,GBPUSD26SEP1.325PE,GBPUSD,28SEP2026,13250000.000000,1,OPTCUR,CDS,1000.000000,10000,False
4154,EURINR27JUN107.25CE,EURINR,28JUN2027,1072500000.000000,1,OPTCUR,CDS,25000.000000,10000,False
4187,EURINR27JUN110.5CE,EURINR,28JUN2027,1105000000.000000,1,OPTCUR,CDS,25000.000000,10000,False
4277,GBPUSD26DEC1.195CE,GBPUSD,29DEC2026,11950000.000000,1,OPTCUR,CDS,1000.000000,10000,False
4282,EURINR26DEC108.5PE,EURINR,29DEC2026,1085000000.000000,1,OPTCUR,CDS,25000.000000,10000,False
2759,EURUSD26NOV1.12CE,EURUSD,26NOV2026,11200000.000000,1,OPTCUR,CDS,1000.000000,10000,False
2761,EURINR26918109.75CE,EURINR,18SEP2026,1097500000.000000,1,OPTCUR,CDS,25000.000000,10000,False
2767,EURINR26918109.75PE,EURINR,18SEP2026,1097500000.000000,1,OPTCUR,CDS,25000.000000,10000,False
2772,EURINR26N20107.75PE,EURINR,20NOV2026,1077500000.000000,1,OPTCUR,CDS,25000.000000,10000,False
4306,EURUSD27JUN1.09PE,EURUSD,28JUN2027,10900000.000000,1,OPTCUR,CDS,1000.000000,10000,False
4308,EURUSD27JUN1.095CE,EURUSD,28JUN2027,10950000.000000,1,OPTCUR,CDS,1000.000000,10000,False
4343,EURUSD27JUN1.16CE,EURUSD,28JUN2027,11600000.000000,1,OPTCUR,CDS,1000.000000,10000,False
4346,EURUSD27JUN1.165PE,EURUSD,28JUN2027,11650000.000000,1,OPTCUR,CDS,1000.000000,10000,False
2775,GBPUSD26SEP1.33PE,GBPUSD,28SEP2026,13300000.000000,1,OPTCUR,CDS,1000.000000,10000,False
2791,GBPUSD26SEP1.355PE,GBPUSD,28SEP2026,13550000.000000,1,OPTCUR,CDS,1000.000000,10000,False
2815,GBPUSD26SEP1.375CE,GBPUSD,28SEP2026,13750000.000000,1,OPTCUR,CDS,1000.000000,10000,False
2822,GBPUSD26SEP1.385CE,GBPUSD,28SEP2026,13850000.000000,1,OPTCUR,CDS,1000.000000,10000,False
4348,EURUSD27JUN1.17PE,EURUSD,28JUN2027,11700000.000000,1,OPTCUR,CDS,1000.000000,10000,False
4356,EURUSD27JUN1.185PE,EURUSD,28JUN2027,11850000.000000,1,OPTCUR,CDS,1000.000000,10000,False
4358,EURUSD27JUN1.19PE,EURUSD,28JUN2027,11900000.000000,1,OPTCUR,CDS,1000.000000,10000,False
4360,EURUSD27JUN1.195PE,EURUSD,28JUN2027,11950000.000000,1,OPTCUR,CDS,1000.000000,10000,False
2833,GBPUSD26SEP1.395PE,GBPUSD,28SEP2026,13950000.000000,1,OPTCUR,CDS,1000.000000,10000,False
2840,GBPUSD26SEP1.405CE,GBPUSD,28SEP2026,14050000.000000,1,OPTCUR,CDS,1000.000000,10000,False
2854,EURINR26918110.75PE,EURINR,18SEP2026,1107500000.000000,1,OPTCUR,CDS,25000.000000,10000,False
2877,EURINR26918111.75PE,EURINR,18SEP2026,1117500000.000000,1,OPTCUR,CDS,25000.000000,10000,False
4367,EURUSD27JUN1.21CE,EURUSD,28JUN2027,12100000.000000,1,OPTCUR,CDS,1000.000000,10000,False
4379,EURUSD27JUN1.235CE,EURUSD,28JUN2027,12350000.000000,1,OPTCUR,CDS,1000.000000,10000,False
4381,EURUSD27JUN1.24CE,EURUSD,28JUN2027,12400000.000000,1,OPTCUR,CDS,1000.000000,10000,False
4385,EURUSD27JUN1.25CE,EURUSD,28JUN2027,12500000.000000,1,OPTCUR,CDS,1000.000000,10000,False
2879,EURINR26918112CE,EURINR,18SEP2026,1120000000.000000,1,OPTCUR,CDS,25000.000000,10000,False
2897,GBPINR26SEP125.5PE,GBPINR,28SEP2026,1255000000.000000,1,OPTCUR,CDS,25000.000000,10000,False
2905,GBPUSD27MARFUT,GBPUSD,29MAR2027,-1.000000,1,FUTCUR,CDS,1000.000000,10000,False
2921,EURINR26O09111.75PE,EURINR,09OCT2026,1117500000.000000,1,OPTCUR,CDS,25000.000000,10000,False
4399,EURINR26DEC109CE,EURINR,29DEC2026,1090000000.000000,1,OPTCUR,CDS,25000.000000,10000,False
4405,EURINR26OCT108.25CE,EURINR,28OCT2026,1082500000.000000,1,OPTCUR,CDS,25000.000000,10000,False
4406,GBPINR26918130.75PE,GBPINR,18SEP2026,1307500000.000000,1,OPTCUR,CDS,25000.000000,10000,False
4411,EURINR26DEC109PE,EURINR,29DEC2026,1090000000.000000,1,OPTCUR,CDS,25000.000000,10000,False
2928,USDINR27MARFUT,USDINR,29MAR2027,-1.000000,1,FUTCUR,CDS,25000.000000,10000,False
2944,679GS203426SEP96CE,679GS2034,24SEP2026,960000000.000000,1,OPTIRC,CDS,25000.000000,1250,False
2949,EURINR26O09112.25PE,EURINR,09OCT2026,1122500000.000000,1,OPTCUR,CDS,25000.000000,10000,False
2958,EURINR26DEC105CE,EURINR,29DEC2026,1050000000.000000,1,OPTCUR,CDS,25000.000000,10000,False
4414,EURINR26DEC109.5CE,EURINR,29DEC2026,1095000000.000000,1,OPTCUR,CDS,25000.000000,10000,False
4417,EURINR26DEC109.75PE,EURINR,29DEC2026,1097500000.000000,1,OPTCUR,CDS,25000.000000,10000,False
4429,GBPINR26918131PE,GBPINR,18SEP2026,1310000000.000000,1,OPTCUR,CDS,25000.000000,10000,False
4431,GBPINR26918131.25CE,GBPINR,18SEP2026,1312500000.000000,1,OPTCUR,CDS,25000.000000,10000,False
4432,GBPINR26918131.25PE,GBPINR,18SEP2026,1312500000.000000,1,OPTCUR,CDS,25000.000000,10000,False
4444,EURINR26O30109CE,EURINR,30OCT2026,1090000000.000000,1,OPTCUR,CDS,25000.000000,10000,False
4458,GBPINR26NOV126.5PE,GBPINR,26NOV2026,1265000000.000000,1,OPTCUR,CDS,25000.000000,10000,False
4472,GBPINR26918132CE,GBPINR,18SEP2026,1320000000.000000,1,OPTCUR,CDS,25000.000000,10000,False
2960,EURINR26O09113PE,EURINR,09OCT2026,1130000000.000000,1,OPTCUR,CDS,25000.000000,10000,False
2988,EURINR26N20110.75CE,EURINR,20NOV2026,1107500000.000000,1,OPTCUR,CDS,25000.000000,10000,False
3000,EURINR26O09113.5CE,EURINR,09OCT2026,1135000000.000000,1,OPTCUR,CDS,25000.000000,10000,False
3035,EURINR26918114.25PE,EURINR,18SEP2026,1142500000.000000,1,OPTCUR,CDS,25000.000000,10000,False
45,GOI7.26%2029,726GS2029,,-1.000000,1,UNDIRC,CDS,25000.000000,1250,False
3047,EURUSD26NOV1.175PE,EURUSD,26NOV2026,11750000.000000,1,OPTCUR,CDS,1000.000000,10000,False
3066,GBPINR26SEP128.5CE,GBPINR,28SEP2026,1285000000.000000,1,OPTCUR,CDS,25000.000000,10000,False
3077,USDJPY26SEP172.5CE,USDJPY,28SEP2026,1725000000.000000,1,OPTCUR,CDS,100000.000000,10000,False
3084,EURINR26N20111.5CE,EURINR,20NOV2026,1115000000.000000,1,OPTCUR,CDS,25000.000000,10000,False
4483,GBPINR26N27130.25PE,GBPINR,27NOV2026,1302500000.000000,1,OPTCUR,CDS,25000.000000,10000,False
4489,GBPINR26N27130.75CE,GBPINR,27NOV2026,1307500000.000000,1,OPTCUR,CDS,25000.000000,10000,False
4490,GBPINR26918132.25PE,GBPINR,18SEP2026,1322500000.000000,1,OPTCUR,CDS,25000.000000,10000,False
3090,EURINR26O09113.75PE,EURINR,09OCT2026,1137500000.000000,1,OPTCUR,CDS,25000.000000,10000,False
3103,EURINR26O09114PE,EURINR,09OCT2026,1140000000.000000,1,OPTCUR,CDS,25000.000000,10000,False
3126,EURINR26O16112.25CE,EURINR,16OCT2026,1122500000.000000,1,OPTCUR,CDS,25000.000000,10000,False
3127,USDJPY27MAR172PE,USDJPY,29MAR2027,1720000000.000000,1,OPTCUR,CDS,100000.000000,10000,False
4505,EURINR26OCT109.25PE,EURINR,28OCT2026,1092500000.000000,1,OPTCUR,CDS,25000.000000,10000,False
4506,EURINR26OCT109.5CE,EURINR,28OCT2026,1095000000.000000,1,OPTCUR,CDS,25000.000000,10000,False
4538,GBPINR27MAR120PE,GBPINR,29MAR2027,1200000000.000000,1,OPTCUR,CDS,25000.000000,10000,False
3131,USDJPY27MAR172.5CE,USDJPY,29MAR2027,1725000000.000000,1,OPTCUR,CDS,100000.000000,10000,False
3135,EURINR26DEC105.75PE,EURINR,29DEC2026,1057500000.000000,1,OPTCUR,CDS,25000.000000,10000,False
3156,EURINR26N20113.25CE,EURINR,20NOV2026,1132500000.000000,1,OPTCUR,CDS,25000.000000,10000,False
3162,EURINR26O16112.5PE,EURINR,16OCT2026,1125000000.000000,1,OPTCUR,CDS,25000.000000,10000,False
4562,JPYINR26925FUT,JPYINR,25SEP2026,-1.000000,1,FUTCUR,CDS,25000.000000,10000,False
4570,GBPINR27JUN132.25PE,GBPINR,28JUN2027,1322500000.000000,1,OPTCUR,CDS,25000.000000,10000,False
4576,GBPINR27JUN132.5CE,GBPINR,28JUN2027,1325000000.000000,1,OPTCUR,CDS,25000.000000,10000,False
3168,EURINR27MAR104.5PE,EURINR,29MAR2027,1045000000.000000,1,OPTCUR,CDS,25000.000000,10000,False
3180,EURUSD26NOV1.195PE,EURUSD,26NOV2026,11950000.000000,1,OPTCUR,CDS,1000.000000,10000,False
3187,EURINR26O09114.75PE,EURINR,09OCT2026,1147500000.000000,1,OPTCUR,CDS,25000.000000,10000,False
3265,USDJPY26OCT142PE,USDJPY,28OCT2026,1420000000.000000,1,OPTCUR,CDS,100000.000000,10000,False
4588,GBPINR27JUN122.25PE,GBPINR,28JUN2027,1222500000.000000,1,OPTCUR,CDS,25000.000000,10000,False
4598,GBPINR27JUN122.5PE,GBPINR,28JUN2027,1225000000.000000,1,OPTCUR,CDS,25000.000000,10000,False
4603,GBPINR26O09128.5PE,GBPINR,09OCT2026,1285000000.000000,1,OPTCUR,CDS,25000.000000,10000,False
4609,GBPINR27JUN123PE,GBPINR,28JUN2027,1230000000.000000,1,OPTCUR,CDS,25000.000000,10000,False
47,GOI7.95%2032,795GS2032,,-1.000000,1,UNDIRC,CDS,25000.000000,1250,False
4637,GBPINR27JUN124.25CE,GBPINR,28JUN2027,1242500000.000000,1,OPTCUR,CDS,25000.000000,10000,False
4683,USDINR26O0194.625PE,USDINR,01OCT2026,946250000.000000,1,OPTCUR,CDS,25000.000000,10000,False
4697,GBPINR27MAR120.25CE,GBPINR,29MAR2027,1202500000.000000,1,OPTCUR,CDS,25000.000000,10000,False
3333,EURINR27MAR107.75CE,EURINR,29MAR2027,1077500000.000000,1,OPTCUR,CDS,25000.000000,10000,False
3337,EURINR27MAR108CE,EURINR,29MAR2027,1080000000.000000,1,OPTCUR,CDS,25000.000000,10000,False
3340,GBPINR26918124.25PE,GBPINR,18SEP2026,1242500000.000000,1,OPTCUR,CDS,25000.000000,10000,False
3341,EURINR27MAR108.25CE,EURINR,29MAR2027,1082500000.000000,1,OPTCUR,CDS,25000.000000,10000,False
4701,GBPINR27MAR120.25PE,GBPINR,29MAR2027,1202500000.000000,1,OPTCUR,CDS,25000.000000,10000,False
4724,GBPINR27MAR120.75PE,GBPINR,29MAR2027,1207500000.000000,1,OPTCUR,CDS,25000.000000,10000,False
4745,JPYINR2691856.25CE,JPYINR,18SEP2026,562500000.000000,1,OPTCUR,CDS,25000.000000,10000,False
4748,JPYINR2691856.5PE,JPYINR,18SEP2026,565000000.000000,1,OPTCUR,CDS,25000.000000,10000,False
3349,GBPINR26918124.5CE,GBPINR,18SEP2026,1245000000.000000,1,OPTCUR,CDS,25000.000000,10000,False
3382,EURINR27MAR109.75CE,EURINR,29MAR2027,1097500000.000000,1,OPTCUR,CDS,25000.000000,10000,False
3403,EURINR27MAR110.75CE,EURINR,29MAR2027,1107500000.000000,1,OPTCUR,CDS,25000.000000,10000,False
3415,EURINR27MAR111.25CE,EURINR,29MAR2027,1112500000.000000,1,OPTCUR,CDS,25000.000000,10000,False
4785,USDJPY26OCT146.5CE,USDJPY,28OCT2026,1465000000.000000,1,OPTCUR,CDS,100000.000000,10000,False
4800,EURINR26O30110.5PE,EURINR,30OCT2026,1105000000.000000,1,OPTCUR,CDS,25000.000000,10000,False
4807,GBPINR26NOV126.75PE,GBPINR,26NOV2026,1267500000.000000,1,OPTCUR,CDS,25000.000000,10000,False
4813,EURINR26O30111.25CE,EURINR,30OCT2026,1112500000.000000,1,OPTCUR,CDS,25000.000000,10000,False
3427,EURINR27MAR112CE,EURINR,29MAR2027,1120000000.000000,1,OPTCUR,CDS,25000.000000,10000,False
3429,EURINR27MAR112PE,EURINR,29MAR2027,1120000000.000000,1,OPTCUR,CDS,25000.000000,10000,False
3433,EURINR27MAR112.5CE,EURINR,29MAR2027,1125000000.000000,1,OPTCUR,CDS,25000.000000,10000,False
3455,EURINR27MAR113.5PE,EURINR,29MAR2027,1135000000.000000,1,OPTCUR,CDS,25000.000000,10000,False
4868,JPYINR2691859CE,JPYINR,18SEP2026,590000000.000000,1,OPTCUR,CDS,25000.000000,10000,False
4893,GBPINR27MAR121.5CE,GBPINR,29MAR2027,1215000000.000000,1,OPTCUR,CDS,25000.000000,10000,False
4930,EURINR26925107CE,EURINR,25SEP2026,1070000000.000000,1,OPTCUR,CDS,25000.000000,10000,False
4932,EURINR26925107.25CE,EURINR,25SEP2026,1072500000.000000,1,OPTCUR,CDS,25000.000000,10000,False
4940,EURINR26925108PE,EURINR,25SEP2026,1080000000.000000,1,OPTCUR,CDS,25000.000000,10000,False
4941,EURINR26925108.25CE,EURINR,25SEP2026,1082500000.000000,1,OPTCUR,CDS,25000.000000,10000,False
4960,EURINR26925110CE,EURINR,25SEP2026,1100000000.000000,1,OPTCUR,CDS,25000.000000,10000,False
4964,EURINR26925110.25PE,EURINR,25SEP2026,1102500000.000000,1,OPTCUR,CDS,25000.000000,10000,False
3466,EURUSD26NOV1.21CE,EURUSD,26NOV2026,12100000.000000,1,OPTCUR,CDS,1000.000000,10000,False
3467,EURINR26N27107.25PE,EURINR,27NOV2026,1072500000.000000,1,OPTCUR,CDS,25000.000000,10000,False
3478,EURINR27MAR114PE,EURINR,29MAR2027,1140000000.000000,1,OPTCUR,CDS,25000.000000,10000,False
3512,EURINR26N27109.25CE,EURINR,27NOV2026,1092500000.000000,1,OPTCUR,CDS,25000.000000,10000,False
5,NIFTYFUTURESNEARMONTH,NIFTYFUTM1,,-1.000000,1,INDEX,CDS,25000.000000,7000,False
4989,EURINR26925112.5CE,EURINR,25SEP2026,1125000000.000000,1,OPTCUR,CDS,25000.000000,10000,False
4992,GBPINR26N27131.25CE,GBPINR,27NOV2026,1312500000.000000,1,OPTCUR,CDS,25000.000000,10000,False
4997,EURINR26925112.75PE,EURINR,25SEP2026,1127500000.000000,1,OPTCUR,CDS,25000.000000,10000,False
3530,EURINR26N27109.5PE,EURINR,27NOV2026,1095000000.000000,1,OPTCUR,CDS,25000.000000,10000,False
3558,EURUSD27MAR1.075CE,EURUSD,29MAR2027,10750000.000000,1,OPTCUR,CDS,1000.000000,10000,False
3565,EURINR26N27111CE,EURINR,27NOV2026,1110000000.000000,1,OPTCUR,CDS,25000.000000,10000,False
3566,GBPINR26918125.75CE,GBPINR,18SEP2026,1257500000.000000,1,OPTCUR,CDS,25000.000000,10000,False
5015,EURINR26925113.25CE,EURINR,25SEP2026,1132500000.000000,1,OPTCUR,CDS,25000.000000,10000,False
5034,EURINR26925113.5CE,EURINR,25SEP2026,1135000000.000000,1,OPTCUR,CDS,25000.000000,10000,False
5041,GBPINR27JUN126PE,GBPINR,28JUN2027,1260000000.000000,1,OPTCUR,CDS,25000.000000,10000,False
5045,EURINR26O30113PE,EURINR,30OCT2026,1130000000.000000,1,OPTCUR,CDS,25000.000000,10000,False
3573,EURUSD27MAR1.08CE,EURUSD,29MAR2027,10800000.000000,1,OPTCUR,CDS,1000.000000,10000,False
3577,EURUSD27MAR1.08PE,EURUSD,29MAR2027,10800000.000000,1,OPTCUR,CDS,1000.000000,10000,False
3592,EURUSD27MAR1.095CE,EURUSD,29MAR2027,10950000.000000,1,OPTCUR,CDS,1000.000000,10000,False
3608,GBPINR26918126.5PE,GBPINR,18SEP2026,1265000000.000000,1,OPTCUR,CDS,25000.000000,10000,False
5050,EURINR26O30113.25PE,EURINR,30OCT2026,1132500000.000000,1,OPTCUR,CDS,25000.000000,10000,False
5055,EURINR26O30113.5PE,EURINR,30OCT2026,1135000000.000000,1,OPTCUR,CDS,25000.000000,10000,False
5069,JPYINR2691861PE,JPYINR,18SEP2026,610000000.000000,1,OPTCUR,CDS,25000.000000,10000,False
5081,JPYINR2691861.5CE,JPYINR,18SEP2026,615000000.000000,1,OPTCUR,CDS,25000.000000,10000,False
3627,GBPINR26918127PE,GBPINR,18SEP2026,1270000000.000000,1,OPTCUR,CDS,25000.000000,10000,False
3629,EURINR26N27112PE,EURINR,27NOV2026,1120000000.000000,1,OPTCUR,CDS,25000.000000,10000,False
3637,EURINR26N27113CE,EURINR,27NOV2026,1130000000.000000,1,OPTCUR,CDS,25000.000000,10000,False
3675,GBPINR26918128PE,GBPINR,18SEP2026,1280000000.000000,1,OPTCUR,CDS,25000.000000,10000,False
51,GOI7.57%2033,757GS2033,,-1.000000,1,UNDIRC,CDS,25000.000000,1250,False
5087,JPYINR2691861.75CE,JPYINR,18SEP2026,617500000.000000,1,OPTCUR,CDS,25000.000000,10000,False
5094,EURINR26O30114.75CE,EURINR,30OCT2026,1147500000.000000,1,OPTCUR,CDS,25000.000000,10000,False
5098,EURINR26O30115CE,EURINR,30OCT2026,1150000000.000000,1,OPTCUR,CDS,25000.000000,10000,False
3690,GBPINR26918128.25CE,GBPINR,18SEP2026,1282500000.000000,1,OPTCUR,CDS,25000.000000,10000,False
3692,EURUSD26NOV1.225PE,EURUSD,26NOV2026,12250000.000000,1,OPTCUR,CDS,1000.000000,10000,False
3695,EURUSD27MAR1.12PE,EURUSD,29MAR2027,11200000.000000,1,OPTCUR,CDS,1000.000000,10000,False
3707,EURUSD27MAR1.14PE,EURUSD,29MAR2027,11400000.000000,1,OPTCUR,CDS,1000.000000,10000,False
5101,JPYINR2691862.5PE,JPYINR,18SEP2026,625000000.000000,1,OPTCUR,CDS,25000.000000,10000,False
5105,USDJPY27JUN146.5CE,USDJPY,28JUN2027,1465000000.000000,1,OPTCUR,CDS,100000.000000,10000,False
5121,EURINR27JUN115PE,EURINR,28JUN2027,1150000000.000000,1,OPTCUR,CDS,25000.000000,10000,False
5151,JPYINR2691863CE,JPYINR,18SEP2026,630000000.000000,1,OPTCUR,CDS,25000.000000,10000,False
3708,EURUSD27MAR1.145CE,EURUSD,29MAR2027,11450000.000000,1,OPTCUR,CDS,1000.000000,10000,False
3720,GBPUSD26SEP1.455CE,GBPUSD,28SEP2026,14550000.000000,1,OPTCUR,CDS,1000.000000,10000,False
3727,EURUSD26NOV1.24CE,EURUSD,26NOV2026,12400000.000000,1,OPTCUR,CDS,1000.000000,10000,False
3754,GBPINR26N27125.5CE,GBPINR,27NOV2026,1255000000.000000,1,OPTCUR,CDS,25000.000000,10000,False
5185,JPYINR2691863.25CE,JPYINR,18SEP2026,632500000.000000,1,OPTCUR,CDS,25000.000000,10000,False
5226,723GS203926DEC97.5PE,723GS2039,31DEC2026,975000000.000000,1,OPTIRC,CDS,25000.000000,1250,False
5237,GBPINR26925124.5CE,GBPINR,25SEP2026,1245000000.000000,1,OPTCUR,CDS,25000.000000,10000,False
5239,GBPINR26O09131.5CE,GBPINR,09OCT2026,1315000000.000000,1,OPTCUR,CDS,25000.000000,10000,False
3763,GBPINR26N20125PE,GBPINR,20NOV2026,1250000000.000000,1,OPTCUR,CDS,25000.000000,10000,False
3789,EURUSD27MAR1.19PE,EURUSD,29MAR2027,11900000.000000,1,OPTCUR,CDS,1000.000000,10000,False
3794,EURUSD27MAR1.2PE,EURUSD,29MAR2027,12000000.000000,1,OPTCUR,CDS,1000.000000,10000,False
3804,EURUSD27MAR1.215CE,EURUSD,29MAR2027,12150000.000000,1,OPTCUR,CDS,1000.000000,10000,False
5248,JPYINR2691864.25PE,JPYINR,18SEP2026,642500000.000000,1,OPTCUR,CDS,25000.000000,10000,False
5267,648GS203526SEP95.5PE,648GS2035,24SEP2026,955000000.000000,1,OPTIRC,CDS,25000.000000,1250,False
5287,GBPINR26925125.75CE,GBPINR,25SEP2026,1257500000.000000,1,OPTCUR,CDS,25000.000000,10000,False
5296,EURINR26DEC110.75PE,EURINR,29DEC2026,1107500000.000000,1,OPTCUR,CDS,25000.000000,10000,False
3807,GBPINR26N20125.75PE,GBPINR,20NOV2026,1257500000.000000,1,OPTCUR,CDS,25000.000000,10000,False
3808,EURUSD26NOV1.255PE,EURUSD,26NOV2026,12550000.000000,1,OPTCUR,CDS,1000.000000,10000,False
3811,GBPINR26N27128PE,GBPINR,27NOV2026,1280000000.000000,1,OPTCUR,CDS,25000.000000,10000,False
3816,USDJPY26SEP135PE,USDJPY,28SEP2026,1350000000.000000,1,OPTCUR,CDS,100000.000000,10000,False
3826,EURUSD27MAR1.235PE,EURUSD,29MAR2027,12350000.000000,1,OPTCUR,CDS,1000.000000,10000,False
3853,EURINR26O16114.25PE,EURINR,16OCT2026,1142500000.000000,1,OPTCUR,CDS,25000.000000,10000,False
5297,EURINR26OCT110.25CE,EURINR,28OCT2026,1102500000.000000,1,OPTCUR,CDS,25000.000000,10000,False
5298,GBPINR26O09132.25PE,GBPINR,09OCT2026,1322500000.000000,1,OPTCUR,CDS,25000.000000,10000,False
5322,GBPINR26925126.75CE,GBPINR,25SEP2026,1267500000.000000,1,OPTCUR,CDS,25000.000000,10000,False
5334,GBPINR26925127CE,GBPINR,25SEP2026,1270000000.000000,1,OPTCUR,CDS,25000.000000,10000,False
3827,EURUSD27MAR1.24CE,EURUSD,29MAR2027,12400000.000000,1,OPTCUR,CDS,1000.000000,10000,False
3851,EURUSD27MAR1.26PE,EURUSD,29MAR2027,12600000.000000,1,OPTCUR,CDS,1000.000000,10000,False
3857,EURUSD27MAR1.27CE,EURUSD,29MAR2027,12700000.000000,1,OPTCUR,CDS,1000.000000,10000,False
3905,EURINR26O16114.75CE,EURINR,16OCT2026,1147500000.000000,1,OPTCUR,CDS,25000.000000,10000,False
3914,GBPINR26N20127.75PE,GBPINR,20NOV2026,1277500000.000000,1,OPTCUR,CDS,25000.000000,10000,False
3920,GBPINR26N20128PE,GBPINR,20NOV2026,1280000000.000000,1,OPTCUR,CDS,25000.000000,10000,False
5351,GBPINR26925127.25PE,GBPINR,25SEP2026,1272500000.000000,1,OPTCUR,CDS,25000.000000,10000,False
5367,GBPINR26925127.75PE,GBPINR,25SEP2026,1277500000.000000,1,OPTCUR,CDS,25000.000000,10000,False
5378,EURINR26OCT112.5PE,EURINR,28OCT2026,1125000000.000000,1,OPTCUR,CDS,25000.000000,10000,False
5405,GBPINR27JUN129CE,GBPINR,28JUN2027,1290000000.000000,1,OPTCUR,CDS,25000.000000,10000,False
3931,EURUSD26NOV1.27CE,EURUSD,26NOV2026,12700000.000000,1,OPTCUR,CDS,1000.000000,10000,False
3932,EURUSD26NOV1.27PE,EURUSD,26NOV2026,12700000.000000,1,OPTCUR,CDS,1000.000000,10000,False
3938,GBPINR26SEP128PE,GBPINR,28SEP2026,1280000000.000000,1,OPTCUR,CDS,25000.000000,10000,False
3964,GBPINR26N20129.25PE,GBPINR,20NOV2026,1292500000.000000,1,OPTCUR,CDS,25000.000000,10000,False
5413,GBPINR26925129PE,GBPINR,25SEP2026,1290000000.000000,1,OPTCUR,CDS,25000.000000,10000,False
5433,GBPINR26925130.25CE,GBPINR,25SEP2026,1302500000.000000,1,OPTCUR,CDS,25000.000000,10000,False
5457,GBPINR26925131PE,GBPINR,25SEP2026,1310000000.000000,1,OPTCUR,CDS,25000.000000,10000,False
5472,GBPINR27JUN129.75CE,GBPINR,28JUN2027,1297500000.000000,1,OPTCUR,CDS,25000.000000,10000,False
55,GOI5.79%2030,579GS2030,,-1.000000,1,UNDIRC,CDS,25000.000000,1250,False
5473,EURINR26O23FUT,EURINR,23OCT2026,-1.000000,1,FUTCUR,CDS,25000.000000,10000,False
5497,GBPINR26925132.25CE,GBPINR,25SEP2026,1322500000.000000,1,OPTCUR,CDS,25000.000000,10000,False
5530,JPYINR26N2058.75PE,JPYINR,20NOV2026,587500000.000000,1,OPTCUR,CDS,25000.000000,10000,False
3979,EURINR26OCT106.5CE,EURINR,28OCT2026,1065000000.000000,1,OPTCUR,CDS,25000.000000,10000,False
3995,EURUSD27JUN1.28CE,EURUSD,28JUN2027,12800000.000000,1,OPTCUR,CDS,1000.000000,10000,False
4019,GBPINR26N20130.25CE,GBPINR,20NOV2026,1302500000.000000,1,OPTCUR,CDS,25000.000000,10000,False
4098,EURINR27JUN104.25PE,EURINR,28JUN2027,1042500000.000000,1,OPTCUR,CDS,25000.000000,10000,False
5532,EURINR26DEC111.5CE,EURINR,29DEC2026,1115000000.000000,1,OPTCUR,CDS,25000.000000,10000,False
5534,EURUSD26DEC1.055CE,EURUSD,29DEC2026,10550000.000000,1,OPTCUR,CDS,1000.000000,10000,False
5535,EURUSD26DEC1.055PE,EURUSD,29DEC2026,10550000.000000,1,OPTCUR,CDS,1000.000000,10000,False
5538,EURUSD26DEC1.065CE,EURUSD,29DEC2026,10650000.000000,1,OPTCUR,CDS,1000.000000,10000,False
4104,GBPINR26N27129PE,GBPINR,27NOV2026,1290000000.000000,1,OPTCUR,CDS,25000.000000,10000,False
4120,GBPINR26NOV125.25CE,GBPINR,26NOV2026,1252500000.000000,1,OPTCUR,CDS,25000.000000,10000,False
4127,EURINR27JUN105CE,EURINR,28JUN2027,1050000000.000000,1,OPTCUR,CDS,25000.000000,10000,False
4142,EURINR27JUN106.25CE,EURINR,28JUN2027,1062500000.000000,1,OPTCUR,CDS,25000.000000,10000,False
56,R-GOI5.79%2030,R579GS2030,,-1.000000,1,UNDIRC,CDS,25000.000000,1250,False
5546,EURINR26OCT115CE,EURINR,28OCT2026,1150000000.000000,1,OPTCUR,CDS,25000.000000,10000,False
5547,EURUSD26DEC1.075CE,EURUSD,29DEC2026,10750000.000000,1,OPTCUR,CDS,1000.000000,10000,False
5558,EURUSD26DEC1.085PE,EURUSD,29DEC2026,10850000.000000,1,OPTCUR,CDS,1000.000000,10000,False
4155,EURINR27JUN107.25PE,EURINR,28JUN2027,1072500000.000000,1,OPTCUR,CDS,25000.000000,10000,False
4161,EURINR27JUN107.75PE,EURINR,28JUN2027,1077500000.000000,1,OPTCUR,CDS,25000.000000,10000,False
4180,EURINR27JUN109.75CE,EURINR,28JUN2027,1097500000.000000,1,OPTCUR,CDS,25000.000000,10000,False
4182,EURINR27JUN110CE,EURINR,28JUN2027,1100000000.000000,1,OPTCUR,CDS,25000.000000,10000,False
5604,EURUSD26OCT1.03CE,EURUSD,28OCT2026,10300000.000000,1,OPTCUR,CDS,1000.000000,10000,False
5605,JPYINR26N2059CE,JPYINR,20NOV2026,590000000.000000,1,OPTCUR,CDS,25000.000000,10000,False
5615,USDJPY26OCT147.5PE,USDJPY,28OCT2026,1475000000.000000,1,OPTCUR,CDS,100000.000000,10000,False
5626,USDJPY26OCT148CE,USDJPY,28OCT2026,1480000000.000000,1,OPTCUR,CDS,100000.000000,10000,False
4183,EURINR27JUN110PE,EURINR,28JUN2027,1100000000.000000,1,OPTCUR,CDS,25000.000000,10000,False
4196,GBPINR26O09125.75CE,GBPINR,09OCT2026,1257500000.000000,1,OPTCUR,CDS,25000.000000,10000,False
4230,EURINR27JUN113.25PE,EURINR,28JUN2027,1132500000.000000,1,OPTCUR,CDS,25000.000000,10000,False
4285,EURINR26O30108.5CE,EURINR,30OCT2026,1085000000.000000,1,OPTCUR,CDS,25000.000000,10000,False
5637,JPYINR26N2059.25CE,JPYINR,20NOV2026,592500000.000000,1,OPTCUR,CDS,25000.000000,10000,False
5646,EURINR26O23106.75CE,EURINR,23OCT2026,1067500000.000000,1,OPTCUR,CDS,25000.000000,10000,False
5659,USDJPY26OCT148.5CE,USDJPY,28OCT2026,1485000000.000000,1,OPTCUR,CDS,100000.000000,10000,False
5691,JPYINR2692555.5CE,JPYINR,25SEP2026,555000000.000000,1,OPTCUR,CDS,25000.000000,10000,False
5750,EURINR26O23109.5PE,EURINR,23OCT2026,1095000000.000000,1,OPTCUR,CDS,25000.000000,10000,False
4289,GBPUSD26SEP1.455PE,GBPUSD,28SEP2026,14550000.000000,1,OPTCUR,CDS,1000.000000,10000,False
4293,EURUSD27JUN1.065CE,EURUSD,28JUN2027,10650000.000000,1,OPTCUR,CDS,1000.000000,10000,False
4297,EURUSD27JUN1.07PE,EURUSD,28JUN2027,10700000.000000,1,OPTCUR,CDS,1000.000000,10000,False
4302,EURUSD27JUN1.08PE,EURUSD,28JUN2027,10800000.000000,1,OPTCUR,CDS,1000.000000,10000,False
5716,GBPINR27MAR122PE,GBPINR,29MAR2027,1220000000.000000,1,OPTCUR,CDS,25000.000000,10000,False
5727,EURINR26O23108.5CE,EURINR,23OCT2026,1085000000.000000,1,OPTCUR,CDS,25000.000000,10000,False
5734,EURINR26O23109CE,EURINR,23OCT2026,1090000000.000000,1,OPTCUR,CDS,25000.000000,10000,False
5758,JPYINR26N2060.25PE,JPYINR,20NOV2026,602500000.000000,1,OPTCUR,CDS,25000.000000,10000,False
5775,USDINR2691891.25CE,USDINR,18SEP2026,912500000.000000,1,OPTCUR,CDS,25000.000000,10000,False
5790,USDINR2691892.25CE,USDINR,18SEP2026,922500000.000000,1,OPTCUR,CDS,25000.000000,10000,False
5796,USDINR2691892.5PE,USDINR,18SEP2026,925000000.000000,1,OPTCUR,CDS,25000.000000,10000,False
4315,EURUSD27JUN1.265PE,EURUSD,28JUN2027,12650000.000000,1,OPTCUR,CDS,1000.000000,10000,False
4316,EURUSD27JUN1.11PE,EURUSD,28JUN2027,11100000.000000,1,OPTCUR,CDS,1000.000000,10000,False
4326,EURUSD27JUN1.125PE,EURUSD,28JUN2027,11250000.000000,1,OPTCUR,CDS,1000.000000,10000,False
4341,EURUSD27JUN1.155CE,EURUSD,28JUN2027,11550000.000000,1,OPTCUR,CDS,1000.000000,10000,False
5878,JPYINR2692559.25CE,JPYINR,25SEP2026,592500000.000000,1,OPTCUR,CDS,25000.000000,10000,False
5882,EURINR26O23113.25PE,EURINR,23OCT2026,1132500000.000000,1,OPTCUR,CDS,25000.000000,10000,False
5887,EURUSD26OCT1.085PE,EURUSD,28OCT2026,10850000.000000,1,OPTCUR,CDS,1000.000000,10000,False
5896,GBPINR26O30125CE,GBPINR,30OCT2026,1250000000.000000,1,OPTCUR,CDS,25000.000000,10000,False
4350,GBPINR26O09126.75PE,GBPINR,09OCT2026,1267500000.000000,1,OPTCUR,CDS,25000.000000,10000,False
4359,EURUSD27JUN1.195CE,EURUSD,28JUN2027,11950000.000000,1,OPTCUR,CDS,1000.000000,10000,False
4371,EURUSD27JUN1.22CE,EURUSD,28JUN2027,12200000.000000,1,OPTCUR,CDS,1000.000000,10000,False
4378,EURUSD27JUN1.23PE,EURUSD,28JUN2027,12300000.000000,1,OPTCUR,CDS,1000.000000,10000,False
59,GOI5.77%2030,577GS2030,,-1.000000,1,UNDIRC,CDS,25000.000000,1250,False
5899,USDJPY26OCT149.5CE,USDJPY,28OCT2026,1495000000.000000,1,OPTCUR,CDS,100000.000000,10000,False
5909,EURUSD26DEC1.195PE,EURUSD,29DEC2026,11950000.000000,1,OPTCUR,CDS,1000.000000,10000,False
5911,EURUSD26OCT1.09PE,EURUSD,28OCT2026,10900000.000000,1,OPTCUR,CDS,1000.000000,10000,False
4384,EURUSD27JUN1.245PE,EURUSD,28JUN2027,12450000.000000,1,OPTCUR,CDS,1000.000000,10000,False
4387,EURUSD27JUN1.255CE,EURUSD,28JUN2027,12550000.000000,1,OPTCUR,CDS,1000.000000,10000,False
4398,GBPINR26O09127.25PE,GBPINR,09OCT2026,1272500000.000000,1,OPTCUR,CDS,25000.000000,10000,False
4404,EURINR26OCT108PE,EURINR,28OCT2026,1080000000.000000,1,OPTCUR,CDS,25000.000000,10000,False
5924,GBPINR26DEC128.75PE,GBPINR,29DEC2026,1287500000.000000,1,OPTCUR,CDS,25000.000000,10000,False
5968,JPYINR2692560.75CE,JPYINR,25SEP2026,607500000.000000,1,OPTCUR,CDS,25000.000000,10000,False
5981,USDINR2691894.875PE,USDINR,18SEP2026,948750000.000000,1,OPTCUR,CDS,25000.000000,10000,False
5983,USDINR2691895PE,USDINR,18SEP2026,950000000.000000,1,OPTCUR,CDS,25000.000000,10000,False
4423,EURUSD27JUN1.27PE,EURUSD,28JUN2027,12700000.000000,1,OPTCUR,CDS,1000.000000,10000,False
4446,EURINR26O30109.25CE,EURINR,30OCT2026,1092500000.000000,1,OPTCUR,CDS,25000.000000,10000,False
4453,GBPINR26NOV126PE,GBPINR,26NOV2026,1260000000.000000,1,OPTCUR,CDS,25000.000000,10000,False
4457,GBPINR26N27129.75CE,GBPINR,27NOV2026,1297500000.000000,1,OPTCUR,CDS,25000.000000,10000,False
5984,USDINR2691895.125CE,USDINR,18SEP2026,951250000.000000,1,OPTCUR,CDS,25000.000000,10000,False
5992,EURUSD26OCT1.135PE,EURUSD,28OCT2026,11350000.000000,1,OPTCUR,CDS,1000.000000,10000,False
5996,EURUSD26DEC1.22CE,EURUSD,29DEC2026,12200000.000000,1,OPTCUR,CDS,1000.000000,10000,False
5998,EURUSD26OCT1.145CE,EURUSD,28OCT2026,11450000.000000,1,OPTCUR,CDS,1000.000000,10000,False
4477,GBPINR26N27130CE,GBPINR,27NOV2026,1300000000.000000,1,OPTCUR,CDS,25000.000000,10000,False
4549,GBPINR27JUN132CE,GBPINR,28JUN2027,1320000000.000000,1,OPTCUR,CDS,25000.000000,10000,False
4632,GBPINR27JUN123.75PE,GBPINR,28JUN2027,1237500000.000000,1,OPTCUR,CDS,25000.000000,10000,False
4636,GBPINR27JUN124PE,GBPINR,28JUN2027,1240000000.000000,1,OPTCUR,CDS,25000.000000,10000,False
6013,EURUSD26OCT1.145PE,EURUSD,28OCT2026,11450000.000000,1,OPTCUR,CDS,1000.000000,10000,False
6028,USDINR2691895.25PE,USDINR,18SEP2026,952500000.000000,1,OPTCUR,CDS,25000.000000,10000,False
6041,USDJPY27JUN147.5PE,USDJPY,28JUN2027,1475000000.000000,1,OPTCUR,CDS,100000.000000,10000,False
6047,GBPINR26O16126CE,GBPINR,16OCT2026,1260000000.000000,1,OPTCUR,CDS,25000.000000,10000,False
4670,GBPUSD26SEP1.46PE,GBPUSD,28SEP2026,14600000.000000,1,OPTCUR,CDS,1000.000000,10000,False
4682,GBPINR26O09128.75CE,GBPINR,09OCT2026,1287500000.000000,1,OPTCUR,CDS,25000.000000,10000,False
4695,GBPUSD26SEP1.465PE,GBPUSD,28SEP2026,14650000.000000,1,OPTCUR,CDS,1000.000000,10000,False
4741,JPYINR2691856CE,JPYINR,18SEP2026,560000000.000000,1,OPTCUR,CDS,25000.000000,10000,False
6079,JPYINR26N2061.5CE,JPYINR,20NOV2026,615000000.000000,1,OPTCUR,CDS,25000.000000,10000,False
6085,USDINR2691895.625CE,USDINR,18SEP2026,956250000.000000,1,OPTCUR,CDS,25000.000000,10000,False
6100,JPYINR2692562PE,JPYINR,25SEP2026,620000000.000000,1,OPTCUR,CDS,25000.000000,10000,False
6117,JPYINR2692562.5CE,JPYINR,25SEP2026,625000000.000000,1,OPTCUR,CDS,25000.000000,10000,False
4753,EURINR26O30109.75CE,EURINR,30OCT2026,1097500000.000000,1,OPTCUR,CDS,25000.000000,10000,False
4801,EURINR26O30110.75CE,EURINR,30OCT2026,1107500000.000000,1,OPTCUR,CDS,25000.000000,10000,False
4808,GBPINR26NOV127CE,GBPINR,26NOV2026,1270000000.000000,1,OPTCUR,CDS,25000.000000,10000,False
4814,EURINR26O30111.25PE,EURINR,30OCT2026,1112500000.000000,1,OPTCUR,CDS,25000.000000,10000,False
6123,JPYINR26N2062PE,JPYINR,20NOV2026,620000000.000000,1,OPTCUR,CDS,25000.000000,10000,False
6134,JPYINR2692563.25CE,JPYINR,25SEP2026,632500000.000000,1,OPTCUR,CDS,25000.000000,10000,False
6144,JPYINR26DEC63.75CE,JPYINR,29DEC2026,637500000.000000,1,OPTCUR,CDS,25000.000000,10000,False
6154,JPYINR2692564.75CE,JPYINR,25SEP2026,647500000.000000,1,OPTCUR,CDS,25000.000000,10000,False
4861,USDJPY26OCT147PE,USDJPY,28OCT2026,1470000000.000000,1,OPTCUR,CDS,100000.000000,10000,False
4889,JPYINR2691859.5CE,JPYINR,18SEP2026,595000000.000000,1,OPTCUR,CDS,25000.000000,10000,False
4928,EURINR26925106.75CE,EURINR,25SEP2026,1067500000.000000,1,OPTCUR,CDS,25000.000000,10000,False
4942,EURINR26O30112CE,EURINR,30OCT2026,1120000000.000000,1,OPTCUR,CDS,25000.000000,10000,False
6163,USDINR2691896PE,USDINR,18SEP2026,960000000.000000,1,OPTCUR,CDS,25000.000000,10000,False
6179,USDINR2691896.5CE,USDINR,18SEP2026,965000000.000000,1,OPTCUR,CDS,25000.000000,10000,False
6182,USDINR2691896.75PE,USDINR,18SEP2026,967500000.000000,1,OPTCUR,CDS,25000.000000,10000,False
6194,USDINR2691897.5PE,USDINR,18SEP2026,975000000.000000,1,OPTCUR,CDS,25000.000000,10000,False
4952,EURINR26925109CE,EURINR,25SEP2026,1090000000.000000,1,OPTCUR,CDS,25000.000000,10000,False
4959,EURINR26925109.75PE,EURINR,25SEP2026,1097500000.000000,1,OPTCUR,CDS,25000.000000,10000,False
4966,GBPINR27JUN125.5PE,GBPINR,28JUN2027,1255000000.000000,1,OPTCUR,CDS,25000.000000,10000,False
4979,EURINR26925111.75CE,EURINR,25SEP2026,1117500000.000000,1,OPTCUR,CDS,25000.000000,10000,False
6200,USDINR2691898CE,USDINR,18SEP2026,980000000.000000,1,OPTCUR,CDS,25000.000000,10000,False
6209,USDINR2691898.25CE,USDINR,18SEP2026,982500000.000000,1,OPTCUR,CDS,25000.000000,10000,False
6223,USDINR2692591.5PE,USDINR,25SEP2026,915000000.000000,1,OPTCUR,CDS,25000.000000,10000,False
6241,GBPINR26O30128PE,GBPINR,30OCT2026,1280000000.000000,1,OPTCUR,CDS,25000.000000,10000,False
50,R-GOI7.27%2026,R727GS2026,,-1.000000,1,UNDIRC,CDS,25000.000000,1250,False
4981,EURINR26925112CE,EURINR,25SEP2026,1120000000.000000,1,OPTCUR,CDS,25000.000000,10000,False
5014,EURINR26925113PE,EURINR,25SEP2026,1130000000.000000,1,OPTCUR,CDS,25000.000000,10000,False
5031,GBPINR27JUN125.75CE,GBPINR,28JUN2027,1257500000.000000,1,OPTCUR,CDS,25000.000000,10000,False
5033,JPYINR2691860.5CE,JPYINR,18SEP2026,605000000.000000,1,OPTCUR,CDS,25000.000000,10000,False
5038,EURINR26O30112.5PE,EURINR,30OCT2026,1125000000.000000,1,OPTCUR,CDS,25000.000000,10000,False
5042,GBPINR27JUN126.25CE,GBPINR,28JUN2027,1262500000.000000,1,OPTCUR,CDS,25000.000000,10000,False
5044,EURINR26O30113CE,EURINR,30OCT2026,1130000000.000000,1,OPTCUR,CDS,25000.000000,10000,False
6257,USDINR2692592.25PE,USDINR,25SEP2026,922500000.000000,1,OPTCUR,CDS,25000.000000,10000,False
6276,GBPINR26O23126.25CE,GBPINR,23OCT2026,1262500000.000000,1,OPTCUR,CDS,25000.000000,10000,False
6281,USDINR2691899CE,USDINR,18SEP2026,990000000.000000,1,OPTCUR,CDS,25000.000000,10000,False
6284,USDINR2692593.5PE,USDINR,25SEP2026,935000000.000000,1,OPTCUR,CDS,25000.000000,10000,False
5046,EURINR26925113.75PE,EURINR,25SEP2026,1137500000.000000,1,OPTCUR,CDS,25000.000000,10000,False
5066,JPYINR2691860.75CE,JPYINR,18SEP2026,607500000.000000,1,OPTCUR,CDS,25000.000000,10000,False
5072,EURINR26O30114PE,EURINR,30OCT2026,1140000000.000000,1,OPTCUR,CDS,25000.000000,10000,False
5078,EURINR26OCT109.75CE,EURINR,28OCT2026,1097500000.000000,1,OPTCUR,CDS,25000.000000,10000,False
6287,EURINR26DEC114.25CE,EURINR,29DEC2026,1142500000.000000,1,OPTCUR,CDS,25000.000000,10000,False
6296,GBPINR26O23126.75CE,GBPINR,23OCT2026,1267500000.000000,1,OPTCUR,CDS,25000.000000,10000,False
6298,USDINR2692594.75CE,USDINR,25SEP2026,947500000.000000,1,OPTCUR,CDS,25000.000000,10000,False
6325,GBPINR26O23127.5PE,GBPINR,23OCT2026,1275000000.000000,1,OPTCUR,CDS,25000.000000,10000,False
5082,633GS203526SEP93.75CE,633GS2035,24SEP2026,937500000.000000,1,OPTIRC,CDS,25000.000000,1250,False
5086,JPYINR2691861.5PE,JPYINR,18SEP2026,615000000.000000,1,OPTCUR,CDS,25000.000000,10000,False
5093,EURINR26O30114.5PE,EURINR,30OCT2026,1145000000.000000,1,OPTCUR,CDS,25000.000000,10000,False
5096,JPYINR2691862PE,JPYINR,18SEP2026,620000000.000000,1,OPTCUR,CDS,25000.000000,10000,False
6327,GBPINR26O23127.75PE,GBPINR,23OCT2026,1277500000.000000,1,OPTCUR,CDS,25000.000000,10000,False
6334,GBPINR26O30129.5CE,GBPINR,30OCT2026,1295000000.000000,1,OPTCUR,CDS,25000.000000,10000,False
6337,GBPINR26O30129.75CE,GBPINR,30OCT2026,1297500000.000000,1,OPTCUR,CDS,25000.000000,10000,False
6338,USDINR2692595.75CE,USDINR,25SEP2026,957500000.000000,1,OPTCUR,CDS,25000.000000,10000,False
5119,EURINR27JUN115CE,EURINR,28JUN2027,1150000000.000000,1,OPTCUR,CDS,25000.000000,10000,False
5231,EURINR26OCT110CE,EURINR,28OCT2026,1100000000.000000,1,OPTCUR,CDS,25000.000000,10000,False
5258,648GS203526SEP95.5CE,648GS2035,24SEP2026,955000000.000000,1,OPTIRC,CDS,25000.000000,1250,False
5270,GBPINR27JUN127.25CE,GBPINR,28JUN2027,1272500000.000000,1,OPTCUR,CDS,25000.000000,10000,False
6340,USDINR2692595.875CE,USDINR,25SEP2026,958750000.000000,1,OPTCUR,CDS,25000.000000,10000,False
6366,JPYINR26SEP55.75CE,JPYINR,28SEP2026,557500000.000000,1,OPTCUR,CDS,25000.000000,10000,False
6379,USDINR2692597.75PE,USDINR,25SEP2026,977500000.000000,1,OPTCUR,CDS,25000.000000,10000,False
6448,668GS204026DEC92.25PE,668GS2040,31DEC2026,922500000.000000,1,OPTIRC,CDS,25000.000000,1250,False
53,GOI6.45%2029,645GS2029,,-1.000000,1,UNDIRC,CDS,25000.000000,1250,False
5277,GBPINR26925125PE,GBPINR,25SEP2026,1250000000.000000,1,OPTCUR,CDS,25000.000000,10000,False
5315,EURINR26OCT111CE,EURINR,28OCT2026,1110000000.000000,1,OPTCUR,CDS,25000.000000,10000,False
5327,EURINR26DEC112.75PE,EURINR,29DEC2026,1127500000.000000,1,OPTCUR,CDS,25000.000000,10000,False
6451,GBPINR26O23130.25PE,GBPINR,23OCT2026,1302500000.000000,1,OPTCUR,CDS,25000.000000,10000,False
6463,GBPINR26O23131CE,GBPINR,23OCT2026,1310000000.000000,1,OPTCUR,CDS,25000.000000,10000,False
6464,GBPINR26O23131PE,GBPINR,23OCT2026,1310000000.000000,1,OPTCUR,CDS,25000.000000,10000,False
6489,JPYINR26O0959.5CE,JPYINR,09OCT2026,595000000.000000,1,OPTCUR,CDS,25000.000000,10000,False
5333,GBPINR26925126.75PE,GBPINR,25SEP2026,1267500000.000000,1,OPTCUR,CDS,25000.000000,10000,False
5345,USDINR26O0994.375CE,USDINR,09OCT2026,943750000.000000,1,OPTCUR,CDS,25000.000000,10000,False
5346,USDINR26O0994.375PE,USDINR,09OCT2026,943750000.000000,1,OPTCUR,CDS,25000.000000,10000,False
5391,EURINR26OCT112.75PE,EURINR,28OCT2026,1127500000.000000,1,OPTCUR,CDS,25000.000000,10000,False
6508,GBPINR27MAR123CE,GBPINR,29MAR2027,1230000000.000000,1,OPTCUR,CDS,25000.000000,10000,False
6522,JPYINR26N2063.5CE,JPYINR,20NOV2026,635000000.000000,1,OPTCUR,CDS,25000.000000,10000,False
6524,JPYINR26N2063.75CE,JPYINR,20NOV2026,637500000.000000,1,OPTCUR,CDS,25000.000000,10000,False
6528,JPYINR26N2064PE,JPYINR,20NOV2026,640000000.000000,1,OPTCUR,CDS,25000.000000,10000,False
5420,EURINR26OCT113.25CE,EURINR,28OCT2026,1132500000.000000,1,OPTCUR,CDS,25000.000000,10000,False
5425,USDINR26O1694.375PE,USDINR,16OCT2026,943750000.000000,1,OPTCUR,CDS,25000.000000,10000,False
5442,EURINR26OCT113.75CE,EURINR,28OCT2026,1137500000.000000,1,OPTCUR,CDS,25000.000000,10000,False
5447,GBPINR26NOV127.5PE,GBPINR,26NOV2026,1275000000.000000,1,OPTCUR,CDS,25000.000000,10000,False
5456,GBPINR26925131CE,GBPINR,25SEP2026,1310000000.000000,1,OPTCUR,CDS,25000.000000,10000,False
5475,GBPINR27JUN129.75PE,GBPINR,28JUN2027,1297500000.000000,1,OPTCUR,CDS,25000.000000,10000,False
5505,GBPINR26925132.5PE,GBPINR,25SEP2026,1325000000.000000,1,OPTCUR,CDS,25000.000000,10000,False
5513,GBPINR26O09133.5CE,GBPINR,09OCT2026,1335000000.000000,1,OPTCUR,CDS,25000.000000,10000,False
6540,JPYINR26N2760PE,JPYINR,27NOV2026,600000000.000000,1,OPTCUR,CDS,25000.000000,10000,False
6550,GBPUSD27JUN1.22PE,GBPUSD,28JUN2027,12200000.000000,1,OPTCUR,CDS,1000.000000,10000,False
6567,EURUSD26DEC1.24PE,EURUSD,29DEC2026,12400000.000000,1,OPTCUR,CDS,1000.000000,10000,False
6605,JPYINR26O0960.5PE,JPYINR,09OCT2026,605000000.000000,1,OPTCUR,CDS,25000.000000,10000,False
5517,GBPINR26925133CE,GBPINR,25SEP2026,1330000000.000000,1,OPTCUR,CDS,25000.000000,10000,False
5522,GBPINR26925133.5PE,GBPINR,25SEP2026,1335000000.000000,1,OPTCUR,CDS,25000.000000,10000,False
5531,EURINR26DEC111.25PE,EURINR,29DEC2026,1112500000.000000,1,OPTCUR,CDS,25000.000000,10000,False
5584,JPYINR26SEP53.75PE,JPYINR,28SEP2026,537500000.000000,1,OPTCUR,CDS,25000.000000,10000,False
6608,GBPINR26O23131.5PE,GBPINR,23OCT2026,1315000000.000000,1,OPTCUR,CDS,25000.000000,10000,False
6637,GBPINR26O23132.25PE,GBPINR,23OCT2026,1322500000.000000,1,OPTCUR,CDS,25000.000000,10000,False
6646,EURINR27JUN114.5PE,EURINR,28JUN2027,1145000000.000000,1,OPTCUR,CDS,25000.000000,10000,False
6654,USDINR2691894.375PE,USDINR,18SEP2026,943750000.000000,1,OPTCUR,CDS,25000.000000,10000,False
5596,EURUSD26OCT1.02CE,EURUSD,28OCT2026,10200000.000000,1,OPTCUR,CDS,1000.000000,10000,False
5601,JPYINR26SEP54PE,JPYINR,28SEP2026,540000000.000000,1,OPTCUR,CDS,25000.000000,10000,False
5656,GBPINR26O09133.75PE,GBPINR,09OCT2026,1337500000.000000,1,OPTCUR,CDS,25000.000000,10000,False
5676,EURINR26O23107.5CE,EURINR,23OCT2026,1075000000.000000,1,OPTCUR,CDS,25000.000000,10000,False
6655,GBPINR26O23132.5CE,GBPINR,23OCT2026,1325000000.000000,1,OPTCUR,CDS,25000.000000,10000,False
6699,668GS204026SEP93CE,668GS2040,24SEP2026,930000000.000000,1,OPTIRC,CDS,25000.000000,1250,False
6728,EURUSD26OCT1.165CE,EURUSD,28OCT2026,11650000.000000,1,OPTCUR,CDS,1000.000000,10000,False
6731,GBPINR26NOV129.75PE,GBPINR,26NOV2026,1297500000.000000,1,OPTCUR,CDS,25000.000000,10000,False
5688,EURINR26O23108CE,EURINR,23OCT2026,1080000000.000000,1,OPTCUR,CDS,25000.000000,10000,False
5736,EURINR26O23109.25CE,EURINR,23OCT2026,1092500000.000000,1,OPTCUR,CDS,25000.000000,10000,False
5745,JPYINR2692555.75CE,JPYINR,25SEP2026,557500000.000000,1,OPTCUR,CDS,25000.000000,10000,False
5746,JPYINR2692555.75PE,JPYINR,25SEP2026,557500000.000000,1,OPTCUR,CDS,25000.000000,10000,False
6750,EURUSD26OCT1.17PE,EURUSD,28OCT2026,11700000.000000,1,OPTCUR,CDS,1000.000000,10000,False
6760,JPYINR26O0962CE,JPYINR,09OCT2026,620000000.000000,1,OPTCUR,CDS,25000.000000,10000,False
6787,JPYINR26O0962.5CE,JPYINR,09OCT2026,625000000.000000,1,OPTCUR,CDS,25000.000000,10000,False
6793,JPYINR26N2760.5PE,JPYINR,27NOV2026,605000000.000000,1,OPTCUR,CDS,25000.000000,10000,False
5774,EURUSD26DEC1.18PE,EURUSD,29DEC2026,11800000.000000,1,OPTCUR,CDS,1000.000000,10000,False
5782,EURUSD26OCT1.05PE,EURUSD,28OCT2026,10500000.000000,1,OPTCUR,CDS,1000.000000,10000,False
5786,JPYINR2692557PE,JPYINR,25SEP2026,570000000.000000,1,OPTCUR,CDS,25000.000000,10000,False
5789,JPYINR2692557.25CE,JPYINR,25SEP2026,572500000.000000,1,OPTCUR,CDS,25000.000000,10000,False
6853,GBPINR26O16127.75CE,GBPINR,16OCT2026,1277500000.000000,1,OPTCUR,CDS,25000.000000,10000,False
6860,636GS203126SEP97.5PE,636GS2031,24SEP2026,975000000.000000,1,OPTIRC,CDS,25000.000000,1250,False
6865,GBPUSD27JUN1.245PE,GBPUSD,28JUN2027,12450000.000000,1,OPTCUR,CDS,1000.000000,10000,False
6886,EURINR26O01FUT,EURINR,01OCT2026,-1.000000,1,FUTCUR,CDS,25000.000000,10000,False
5794,JPYINR2692557.5CE,JPYINR,25SEP2026,575000000.000000,1,OPTCUR,CDS,25000.000000,10000,False
5811,EURINR26O23110.75CE,EURINR,23OCT2026,1107500000.000000,1,OPTCUR,CDS,25000.000000,10000,False
5815,JPYINR2692558.25CE,JPYINR,25SEP2026,582500000.000000,1,OPTCUR,CDS,25000.000000,10000,False
5824,EURINR26O23111.25PE,EURINR,23OCT2026,1112500000.000000,1,OPTCUR,CDS,25000.000000,10000,False
6889,EURUSD26OCT1.215PE,EURUSD,28OCT2026,12150000.000000,1,OPTCUR,CDS,1000.000000,10000,False
6893,USDINR26O01FUT,USDINR,01OCT2026,-1.000000,1,FUTCUR,CDS,25000.000000,10000,False
6907,EURUSD26OCT1.23PE,EURUSD,28OCT2026,12300000.000000,1,OPTCUR,CDS,1000.000000,10000,False
5826,EURINR26O23111.5PE,EURINR,23OCT2026,1115000000.000000,1,OPTCUR,CDS,25000.000000,10000,False
5831,GBPINR26SEP128.75CE,GBPINR,28SEP2026,1287500000.000000,1,OPTCUR,CDS,25000.000000,10000,False
5833,EURINR26O23112PE,EURINR,23OCT2026,1120000000.000000,1,OPTCUR,CDS,25000.000000,10000,False
5834,EURINR26O23112.25CE,EURINR,23OCT2026,1122500000.000000,1,OPTCUR,CDS,25000.000000,10000,False
6966,EURUSD26OCT1.26PE,EURUSD,28OCT2026,12600000.000000,1,OPTCUR,CDS,1000.000000,10000,False
6967,EURINR26O01106.5CE,EURINR,01OCT2026,1065000000.000000,1,OPTCUR,CDS,25000.000000,10000,False
6979,636GS203126SEP98.25CE,636GS2031,24SEP2026,982500000.000000,1,OPTIRC,CDS,25000.000000,1250,False
6983,636GS203126SEP98.75CE,636GS2031,24SEP2026,987500000.000000,1,OPTIRC,CDS,25000.000000,1250,False
70,GOI6.67%2035,667GS2035,,-1.000000,1,UNDIRC,CDS,25000.000000,1250,False
5839,EURINR26O23112.5PE,EURINR,23OCT2026,1125000000.000000,1,OPTCUR,CDS,25000.000000,10000,False
5841,EURINR26O23112.75CE,EURINR,23OCT2026,1127500000.000000,1,OPTCUR,CDS,25000.000000,10000,False
5850,EURINR26O23112.75PE,EURINR,23OCT2026,1127500000.000000,1,OPTCUR,CDS,25000.000000,10000,False
5859,JPYINR2692559CE,JPYINR,25SEP2026,590000000.000000,1,OPTCUR,CDS,25000.000000,10000,False
6991,JPYINR26N2761.75PE,JPYINR,27NOV2026,617500000.000000,1,OPTCUR,CDS,25000.000000,10000,False
7001,636GS203126SEP99PE,636GS2031,24SEP2026,990000000.000000,1,OPTIRC,CDS,25000.000000,1250,False
7004,EURINR26O01108PE,EURINR,01OCT2026,1080000000.000000,1,OPTCUR,CDS,25000.000000,10000,False
5876,USDINR2691893.5PE,USDINR,18SEP2026,935000000.000000,1,OPTCUR,CDS,25000.000000,10000,False
5891,EURUSD26DEC1.19PE,EURUSD,29DEC2026,11900000.000000,1,OPTCUR,CDS,1000.000000,10000,False
5893,EURUSD26DEC1.195CE,EURUSD,29DEC2026,11950000.000000,1,OPTCUR,CDS,1000.000000,10000,False
5900,EURINR26O23114PE,EURINR,23OCT2026,1140000000.000000,1,OPTCUR,CDS,25000.000000,10000,False
7005,EURINR26O01108.25CE,EURINR,01OCT2026,1082500000.000000,1,OPTCUR,CDS,25000.000000,10000,False
7011,EURINR26O01108.75PE,EURINR,01OCT2026,1087500000.000000,1,OPTCUR,CDS,25000.000000,10000,False
7023,EURINR26O01109.5CE,EURINR,01OCT2026,1095000000.000000,1,OPTCUR,CDS,25000.000000,10000,False
7039,648GS203526SEP97.5PE,648GS2035,24SEP2026,975000000.000000,1,OPTIRC,CDS,25000.000000,1250,False
7050,JPYINR26SEP56.75PE,JPYINR,28SEP2026,567500000.000000,1,OPTCUR,CDS,25000.000000,10000,False
7061,EURINR26O01110.5CE,EURINR,01OCT2026,1105000000.000000,1,OPTCUR,CDS,25000.000000,10000,False
7079,648GS203526SEP99PE,648GS2035,24SEP2026,990000000.000000,1,OPTIRC,CDS,25000.000000,1250,False
7082,648GS203526SEP99.25PE,648GS2035,24SEP2026,992500000.000000,1,OPTIRC,CDS,25000.000000,1250,False
5903,EURINR26O23114.25CE,EURINR,23OCT2026,1142500000.000000,1,OPTCUR,CDS,25000.000000,10000,False
5926,EURUSD26OCT1.105PE,EURUSD,28OCT2026,11050000.000000,1,OPTCUR,CDS,1000.000000,10000,False
5938,JPYINR26N2060.5PE,JPYINR,20NOV2026,605000000.000000,1,OPTCUR,CDS,25000.000000,10000,False
5943,USDINR2691894.25PE,USDINR,18SEP2026,942500000.000000,1,OPTCUR,CDS,25000.000000,10000,False
7085,EURINR26O01111CE,EURINR,01OCT2026,1110000000.000000,1,OPTCUR,CDS,25000.000000,10000,False
7086,JPYINR26O0963.5CE,JPYINR,09OCT2026,635000000.000000,1,OPTCUR,CDS,25000.000000,10000,False
7088,668GS204026SEP92CE,668GS2040,24SEP2026,920000000.000000,1,OPTIRC,CDS,25000.000000,1250,False
7101,JPYINR26O2356.5PE,JPYINR,23OCT2026,565000000.000000,1,OPTCUR,CDS,25000.000000,10000,False
5951,USDJPY26OCT149.5PE,USDJPY,28OCT2026,1495000000.000000,1,OPTCUR,CDS,100000.000000,10000,False
5953,EURUSD26DEC1.2PE,EURUSD,29DEC2026,12000000.000000,1,OPTCUR,CDS,1000.000000,10000,False
5965,EURUSD26DEC1.21PE,EURUSD,29DEC2026,12100000.000000,1,OPTCUR,CDS,1000.000000,10000,False
5989,USDINR2691895.125PE,USDINR,18SEP2026,951250000.000000,1,OPTCUR,CDS,25000.000000,10000,False
7105,648GS203526SEP100.25CE,648GS2035,24SEP2026,1002500000.000000,1,OPTIRC,CDS,25000.000000,1250,False
7127,JPYINR26O3057CE,JPYINR,30OCT2026,570000000.000000,1,OPTCUR,CDS,25000.000000,10000,False
7131,JPYINR26O0964PE,JPYINR,09OCT2026,640000000.000000,1,OPTCUR,CDS,25000.000000,10000,False
7139,648GS203526SEP100.5PE,648GS2035,24SEP2026,1005000000.000000,1,OPTIRC,CDS,25000.000000,1250,False
6007,GBPINR26O30125.75CE,GBPINR,30OCT2026,1257500000.000000,1,OPTCUR,CDS,25000.000000,10000,False
6022,EURUSD26DEC1.23CE,EURUSD,29DEC2026,12300000.000000,1,OPTCUR,CDS,1000.000000,10000,False
6043,JPYINR26N2758.5PE,JPYINR,27NOV2026,585000000.000000,1,OPTCUR,CDS,25000.000000,10000,False
6046,GBPINR26O16125.75PE,GBPINR,16OCT2026,1257500000.000000,1,OPTCUR,CDS,25000.000000,10000,False
5057,GBPINR27JUN127CE,GBPINR,28JUN2027,1270000000.000000,1,OPTCUR,CDS,25000.000000,10000,False
5088,JPYINR2691861.75PE,JPYINR,18SEP2026,617500000.000000,1,OPTCUR,CDS,25000.000000,10000,False
5100,JPYINR2691862.5CE,JPYINR,18SEP2026,625000000.000000,1,OPTCUR,CDS,25000.000000,10000,False
7172,JPYINR26O2357CE,JPYINR,23OCT2026,570000000.000000,1,OPTCUR,CDS,25000.000000,10000,False
61,DUSDINR,DUSDINR,,-1.000000,1,UNDCUR,CDS,25000.000000,999,False
5102,JPYINR2691862.75CE,JPYINR,18SEP2026,627500000.000000,1,OPTCUR,CDS,25000.000000,10000,False
5152,GBPINR26O09129.25CE,GBPINR,09OCT2026,1292500000.000000,1,OPTCUR,CDS,25000.000000,10000,False
5170,JPYINR2691863PE,JPYINR,18SEP2026,630000000.000000,1,OPTCUR,CDS,25000.000000,10000,False
5184,GBPINR26O09129.5PE,GBPINR,09OCT2026,1295000000.000000,1,OPTCUR,CDS,25000.000000,10000,False
6073,JPYINR26N2061.25CE,JPYINR,20NOV2026,612500000.000000,1,OPTCUR,CDS,25000.000000,10000,False
6109,JPYINR2692562.25PE,JPYINR,25SEP2026,622500000.000000,1,OPTCUR,CDS,25000.000000,10000,False
6120,JPYINR2692562.75PE,JPYINR,25SEP2026,627500000.000000,1,OPTCUR,CDS,25000.000000,10000,False
5196,USDJPY27JUN147CE,USDJPY,28JUN2027,1470000000.000000,1,OPTCUR,CDS,100000.000000,10000,False
5199,GBPINR26O09130PE,GBPINR,09OCT2026,1300000000.000000,1,OPTCUR,CDS,25000.000000,10000,False
5215,EURINR26DEC110.5PE,EURINR,29DEC2026,1105000000.000000,1,OPTCUR,CDS,25000.000000,10000,False
5249,GBPINR26O09131.75CE,GBPINR,09OCT2026,1317500000.000000,1,OPTCUR,CDS,25000.000000,10000,False
6125,JPYINR26N2062.25CE,JPYINR,20NOV2026,622500000.000000,1,OPTCUR,CDS,25000.000000,10000,False
6126,JPYINR26N2062.25PE,JPYINR,20NOV2026,622500000.000000,1,OPTCUR,CDS,25000.000000,10000,False
6140,JPYINR26SEP55.25CE,JPYINR,28SEP2026,552500000.000000,1,OPTCUR,CDS,25000.000000,10000,False
6146,USDINR2691895.875PE,USDINR,18SEP2026,958750000.000000,1,OPTCUR,CDS,25000.000000,10000,False
5264,EURINR26SEP113CE,EURINR,28SEP2026,1130000000.000000,1,OPTCUR,CDS,25000.000000,10000,False
5268,EURINR26DEC110.75CE,EURINR,29DEC2026,1107500000.000000,1,OPTCUR,CDS,25000.000000,10000,False
5279,GBPINR26925125.25CE,GBPINR,25SEP2026,1252500000.000000,1,OPTCUR,CDS,25000.000000,10000,False
5303,GBPINR26925126CE,GBPINR,25SEP2026,1260000000.000000,1,OPTCUR,CDS,25000.000000,10000,False
5323,JPYINR27JUN64.75CE,JPYINR,28JUN2027,647500000.000000,1,OPTCUR,CDS,25000.000000,10000,False
5325,JPYINR26SEP53.75CE,JPYINR,28SEP2026,537500000.000000,1,OPTCUR,CDS,25000.000000,10000,False
5370,EURINR26OCT112.5CE,EURINR,28OCT2026,1125000000.000000,1,OPTCUR,CDS,25000.000000,10000,False
5376,GBPINR26925128.25PE,GBPINR,25SEP2026,1282500000.000000,1,OPTCUR,CDS,25000.000000,10000,False
6151,JPYINR2692564.25PE,JPYINR,25SEP2026,642500000.000000,1,OPTCUR,CDS,25000.000000,10000,False
6187,USDINR2691897.25PE,USDINR,18SEP2026,972500000.000000,1,OPTCUR,CDS,25000.000000,10000,False
6199,GBPINR26O30127.5PE,GBPINR,30OCT2026,1275000000.000000,1,OPTCUR,CDS,25000.000000,10000,False
6207,USDINR2692591CE,USDINR,25SEP2026,910000000.000000,1,OPTCUR,CDS,25000.000000,10000,False
5392,GBPINR26925128.75CE,GBPINR,25SEP2026,1287500000.000000,1,OPTCUR,CDS,25000.000000,10000,False
5398,GBPINR27JUN128PE,GBPINR,28JUN2027,1280000000.000000,1,OPTCUR,CDS,25000.000000,10000,False
5443,EURINR26DEC111CE,EURINR,29DEC2026,1110000000.000000,1,OPTCUR,CDS,25000.000000,10000,False
5449,EURINR26OCT113.75PE,EURINR,28OCT2026,1137500000.000000,1,OPTCUR,CDS,25000.000000,10000,False
6213,JPYINR26SEP55.25PE,JPYINR,28SEP2026,552500000.000000,1,OPTCUR,CDS,25000.000000,10000,False
6220,USDINR2692591.25CE,USDINR,25SEP2026,912500000.000000,1,OPTCUR,CDS,25000.000000,10000,False
6229,USDINR2691898.75CE,USDINR,18SEP2026,987500000.000000,1,OPTCUR,CDS,25000.000000,10000,False
6230,EURINR26SEP114CE,EURINR,28SEP2026,1140000000.000000,1,OPTCUR,CDS,25000.000000,10000,False
5450,JPYINR26N2058.5CE,JPYINR,20NOV2026,585000000.000000,1,OPTCUR,CDS,25000.000000,10000,False
5466,GBPINR26925131.5CE,GBPINR,25SEP2026,1315000000.000000,1,OPTCUR,CDS,25000.000000,10000,False
5478,JPYINR26O23FUT,JPYINR,23OCT2026,-1.000000,1,FUTCUR,CDS,25000.000000,10000,False
5499,GBPINR26NOV127.75CE,GBPINR,26NOV2026,1277500000.000000,1,OPTCUR,CDS,25000.000000,10000,False
6258,USDINR2692592.5CE,USDINR,25SEP2026,925000000.000000,1,OPTCUR,CDS,25000.000000,10000,False
6268,GBPINR26O23125.75CE,GBPINR,23OCT2026,1257500000.000000,1,OPTCUR,CDS,25000.000000,10000,False
6272,USDINR2692592.75PE,USDINR,25SEP2026,927500000.000000,1,OPTCUR,CDS,25000.000000,10000,False
6274,USDINR2692593PE,USDINR,25SEP2026,930000000.000000,1,OPTCUR,CDS,25000.000000,10000,False
5518,GBPINR26925133PE,GBPINR,25SEP2026,1330000000.000000,1,OPTCUR,CDS,25000.000000,10000,False
5523,GBPINR26925133.75CE,GBPINR,25SEP2026,1337500000.000000,1,OPTCUR,CDS,25000.000000,10000,False
5544,EURUSD26DEC1.07CE,EURUSD,29DEC2026,10700000.000000,1,OPTCUR,CDS,1000.000000,10000,False
5555,EURUSD26DEC1.085CE,EURUSD,29DEC2026,10850000.000000,1,OPTCUR,CDS,1000.000000,10000,False
6278,GBPINR26O23126.5CE,GBPINR,23OCT2026,1265000000.000000,1,OPTCUR,CDS,25000.000000,10000,False
6282,USDINR2692593.25PE,USDINR,25SEP2026,932500000.000000,1,OPTCUR,CDS,25000.000000,10000,False
6290,USDINR2692594CE,USDINR,25SEP2026,940000000.000000,1,OPTCUR,CDS,25000.000000,10000,False
6300,JPYINR26O0957PE,JPYINR,09OCT2026,570000000.000000,1,OPTCUR,CDS,25000.000000,10000,False
5563,EURUSD26DEC1.095PE,EURUSD,29DEC2026,10950000.000000,1,OPTCUR,CDS,1000.000000,10000,False
5567,EURUSD26DEC1.105PE,EURUSD,29DEC2026,11050000.000000,1,OPTCUR,CDS,1000.000000,10000,False
5576,EURUSD26DEC1.11PE,EURUSD,29DEC2026,11100000.000000,1,OPTCUR,CDS,1000.000000,10000,False
5577,EURUSD26DEC1.115CE,EURUSD,29DEC2026,11150000.000000,1,OPTCUR,CDS,1000.000000,10000,False
6311,GBPINR26O23127CE,GBPINR,23OCT2026,1270000000.000000,1,OPTCUR,CDS,25000.000000,10000,False
6324,USDINR2692595.625PE,USDINR,25SEP2026,956250000.000000,1,OPTCUR,CDS,25000.000000,10000,False
6335,GBPINR26O23128.5CE,GBPINR,23OCT2026,1285000000.000000,1,OPTCUR,CDS,25000.000000,10000,False
6349,USDINR2692596.25PE,USDINR,25SEP2026,962500000.000000,1,OPTCUR,CDS,25000.000000,10000,False
5578,EURUSD26DEC1.115PE,EURUSD,29DEC2026,11150000.000000,1,OPTCUR,CDS,1000.000000,10000,False
5586,EURUSD26DEC1.12PE,EURUSD,29DEC2026,11200000.000000,1,OPTCUR,CDS,1000.000000,10000,False
5590,EURUSD26DEC1.125PE,EURUSD,29DEC2026,11250000.000000,1,OPTCUR,CDS,1000.000000,10000,False
5597,EURUSD26OCT1.02PE,EURUSD,28OCT2026,10200000.000000,1,OPTCUR,CDS,1000.000000,10000,False
6355,USDINR2692596.75PE,USDINR,25SEP2026,967500000.000000,1,OPTCUR,CDS,25000.000000,10000,False
6365,JPYINR26SEP55.5PE,JPYINR,28SEP2026,555000000.000000,1,OPTCUR,CDS,25000.000000,10000,False
6368,USDINR2692597.25CE,USDINR,25SEP2026,972500000.000000,1,OPTCUR,CDS,25000.000000,10000,False
6401,EURINR26DEC115PE,EURINR,29DEC2026,1150000000.000000,1,OPTCUR,CDS,25000.000000,10000,False
5608,EURUSD26DEC1.13PE,EURUSD,29DEC2026,11300000.000000,1,OPTCUR,CDS,1000.000000,10000,False
5611,JPYINR26N2059PE,JPYINR,20NOV2026,590000000.000000,1,OPTCUR,CDS,25000.000000,10000,False
5647,EURINR26O23106.75PE,EURINR,23OCT2026,1067500000.000000,1,OPTCUR,CDS,25000.000000,10000,False
5696,JPYINR2692555.5PE,JPYINR,25SEP2026,555000000.000000,1,OPTCUR,CDS,25000.000000,10000,False
6406,USDINR2692599PE,USDINR,25SEP2026,990000000.000000,1,OPTCUR,CDS,25000.000000,10000,False
6408,JPYINR26O0958.25CE,JPYINR,09OCT2026,582500000.000000,1,OPTCUR,CDS,25000.000000,10000,False
6409,JPYINR26O0958.25PE,JPYINR,09OCT2026,582500000.000000,1,OPTCUR,CDS,25000.000000,10000,False
6419,USDINR26925100CE,USDINR,25SEP2026,1000000000.000000,1,OPTCUR,CDS,25000.000000,10000,False
5725,EURUSD26DEC1.17PE,EURUSD,29DEC2026,11700000.000000,1,OPTCUR,CDS,1000.000000,10000,False
5731,EURINR26O23108.75CE,EURINR,23OCT2026,1087500000.000000,1,OPTCUR,CDS,25000.000000,10000,False
5735,EURINR26O23109PE,EURINR,23OCT2026,1090000000.000000,1,OPTCUR,CDS,25000.000000,10000,False
5748,JPYINR26N2060.25CE,JPYINR,20NOV2026,602500000.000000,1,OPTCUR,CDS,25000.000000,10000,False
6441,USDINR2691899.5PE,USDINR,18SEP2026,995000000.000000,1,OPTCUR,CDS,25000.000000,10000,False
6445,GBPINR26O23130.25CE,GBPINR,23OCT2026,1302500000.000000,1,OPTCUR,CDS,25000.000000,10000,False
6447,668GS204026DEC92.25CE,668GS2040,31DEC2026,922500000.000000,1,OPTIRC,CDS,25000.000000,1250,False
6449,EURUSD26DEC1.04CE,EURUSD,29DEC2026,10400000.000000,1,OPTCUR,CDS,1000.000000,10000,False
5752,JPYINR2692556PE,JPYINR,25SEP2026,560000000.000000,1,OPTCUR,CDS,25000.000000,10000,False
5753,EURUSD26OCT1.035PE,EURUSD,28OCT2026,10350000.000000,1,OPTCUR,CDS,1000.000000,10000,False
5755,EURUSD26OCT1.04CE,EURUSD,28OCT2026,10400000.000000,1,OPTCUR,CDS,1000.000000,10000,False
5771,USDINR2691891CE,USDINR,18SEP2026,910000000.000000,1,OPTCUR,CDS,25000.000000,10000,False
5779,USDINR2691891.5PE,USDINR,18SEP2026,915000000.000000,1,OPTCUR,CDS,25000.000000,10000,False
5781,JPYINR2692557CE,JPYINR,25SEP2026,570000000.000000,1,OPTCUR,CDS,25000.000000,10000,False
5783,EURUSD26OCT1.055CE,EURUSD,28OCT2026,10550000.000000,1,OPTCUR,CDS,1000.000000,10000,False
5784,USDINR2691891.75PE,USDINR,18SEP2026,917500000.000000,1,OPTCUR,CDS,25000.000000,10000,False
6453,GBPINR26O23130.5PE,GBPINR,23OCT2026,1305000000.000000,1,OPTCUR,CDS,25000.000000,10000,False
6461,JPYINR26SEP56PE,JPYINR,28SEP2026,560000000.000000,1,OPTCUR,CDS,25000.000000,10000,False
6466,GBPINR26O30130.25PE,GBPINR,30OCT2026,1302500000.000000,1,OPTCUR,CDS,25000.000000,10000,False
6468,GBPINR26O30130.5PE,GBPINR,30OCT2026,1305000000.000000,1,OPTCUR,CDS,25000.000000,10000,False
65,GOI5.63%2026,563GS2026,,-1.000000,1,UNDIRC,CDS,25000.000000,1250,False
6469,GBPINR26O30130.75CE,GBPINR,30OCT2026,1307500000.000000,1,OPTCUR,CDS,25000.000000,10000,False
6483,JPYINR26N2062.5PE,JPYINR,20NOV2026,625000000.000000,1,OPTCUR,CDS,25000.000000,10000,False
6490,GBPINR26O16126.25PE,GBPINR,16OCT2026,1262500000.000000,1,OPTCUR,CDS,25000.000000,10000,False
6500,JPYINR26N2758.75CE,JPYINR,27NOV2026,587500000.000000,1,OPTCUR,CDS,25000.000000,10000,False
6503,GBPINR26O30131.75CE,GBPINR,30OCT2026,1317500000.000000,1,OPTCUR,CDS,25000.000000,10000,False
6514,GBPINR26NOV128.5PE,GBPINR,26NOV2026,1285000000.000000,1,OPTCUR,CDS,25000.000000,10000,False
6525,JPYINR26N2063.75PE,JPYINR,20NOV2026,637500000.000000,1,OPTCUR,CDS,25000.000000,10000,False
6532,JPYINR26N2759.5PE,JPYINR,27NOV2026,595000000.000000,1,OPTCUR,CDS,25000.000000,10000,False
6539,JPYINR26N2760CE,JPYINR,27NOV2026,600000000.000000,1,OPTCUR,CDS,25000.000000,10000,False
6543,GBPINR26O30132.25CE,GBPINR,30OCT2026,1322500000.000000,1,OPTCUR,CDS,25000.000000,10000,False
6551,GBPUSD27JUN1.225CE,GBPUSD,28JUN2027,12250000.000000,1,OPTCUR,CDS,1000.000000,10000,False
6553,USDINR2691899.75PE,USDINR,18SEP2026,997500000.000000,1,OPTCUR,CDS,25000.000000,10000,False
6554,EURUSD26DEC1.24CE,EURUSD,29DEC2026,12400000.000000,1,OPTCUR,CDS,1000.000000,10000,False
6565,GBPINR26O30132.5CE,GBPINR,30OCT2026,1325000000.000000,1,OPTCUR,CDS,25000.000000,10000,False
6566,GBPINR26O30132.5PE,GBPINR,30OCT2026,1325000000.000000,1,OPTCUR,CDS,25000.000000,10000,False
6580,JPYINR26O0960.25PE,JPYINR,09OCT2026,602500000.000000,1,OPTCUR,CDS,25000.000000,10000,False
6603,EURUSD27MAR1.295CE,EURUSD,29MAR2027,12950000.000000,1,OPTCUR,CDS,1000.000000,10000,False
6607,GBPINR26O16127PE,GBPINR,16OCT2026,1270000000.000000,1,OPTCUR,CDS,25000.000000,10000,False
6611,GBPINR26O16127.25PE,GBPINR,16OCT2026,1272500000.000000,1,OPTCUR,CDS,25000.000000,10000,False
5785,USDINR2691892CE,USDINR,18SEP2026,920000000.000000,1,OPTCUR,CDS,25000.000000,10000,False
5788,USDINR2691892PE,USDINR,18SEP2026,920000000.000000,1,OPTCUR,CDS,25000.000000,10000,False
5792,USDINR2691892.5CE,USDINR,18SEP2026,925000000.000000,1,OPTCUR,CDS,25000.000000,10000,False
5797,EURINR26O23110PE,EURINR,23OCT2026,1100000000.000000,1,OPTCUR,CDS,25000.000000,10000,False
6615,JPYINR26N2064.5CE,JPYINR,20NOV2026,645000000.000000,1,OPTCUR,CDS,25000.000000,10000,False
6630,GBPINR26O23132CE,GBPINR,23OCT2026,1320000000.000000,1,OPTCUR,CDS,25000.000000,10000,False
6634,GBPINR26O23132.25CE,GBPINR,23OCT2026,1322500000.000000,1,OPTCUR,CDS,25000.000000,10000,False
6648,GBPUSD27JUN1.45CE,GBPUSD,28JUN2027,14500000.000000,1,OPTCUR,CDS,1000.000000,10000,False
6659,GBPINR26O23132.75PE,GBPINR,23OCT2026,1327500000.000000,1,OPTCUR,CDS,25000.000000,10000,False
6663,GBPINR26O23133CE,GBPINR,23OCT2026,1330000000.000000,1,OPTCUR,CDS,25000.000000,10000,False
6757,636GS203126SEP96CE,636GS2031,24SEP2026,960000000.000000,1,OPTIRC,CDS,25000.000000,1250,False
6759,EURUSD26OCT1.18PE,EURUSD,28OCT2026,11800000.000000,1,OPTCUR,CDS,1000.000000,10000,False
5799,JPYINR2692557.75CE,JPYINR,25SEP2026,577500000.000000,1,OPTCUR,CDS,25000.000000,10000,False
5801,JPYINR2692557.75PE,JPYINR,25SEP2026,577500000.000000,1,OPTCUR,CDS,25000.000000,10000,False
5806,EURUSD26OCT1.055PE,EURUSD,28OCT2026,10550000.000000,1,OPTCUR,CDS,1000.000000,10000,False
5816,JPYINR2692558.25PE,JPYINR,25SEP2026,582500000.000000,1,OPTCUR,CDS,25000.000000,10000,False
6762,636GS203126SEP96PE,636GS2031,24SEP2026,960000000.000000,1,OPTIRC,CDS,25000.000000,1250,False
6773,GBPINR26O30133.75CE,GBPINR,30OCT2026,1337500000.000000,1,OPTCUR,CDS,25000.000000,10000,False
6776,JPYINR26O0962.25CE,JPYINR,09OCT2026,622500000.000000,1,OPTCUR,CDS,25000.000000,10000,False
6790,636GS203126SEP96.75PE,636GS2031,24SEP2026,967500000.000000,1,OPTIRC,CDS,25000.000000,1250,False
5883,EURINR26O23113.5CE,EURINR,23OCT2026,1135000000.000000,1,OPTCUR,CDS,25000.000000,10000,False
5886,JPYINR2692559.75CE,JPYINR,25SEP2026,597500000.000000,1,OPTCUR,CDS,25000.000000,10000,False
5888,JPYINR2692559.75PE,JPYINR,25SEP2026,597500000.000000,1,OPTCUR,CDS,25000.000000,10000,False
5923,EURUSD26OCT1.105CE,EURUSD,28OCT2026,11050000.000000,1,OPTCUR,CDS,1000.000000,10000,False
6797,EURUSD26OCT1.195CE,EURUSD,28OCT2026,11950000.000000,1,OPTCUR,CDS,1000.000000,10000,False
6812,EURUSD26OCT1.205CE,EURUSD,28OCT2026,12050000.000000,1,OPTCUR,CDS,1000.000000,10000,False
6833,EURUSD26OCT1.21PE,EURUSD,28OCT2026,12100000.000000,1,OPTCUR,CDS,1000.000000,10000,False
6851,GBPINR26O16127.5PE,GBPINR,16OCT2026,1275000000.000000,1,OPTCUR,CDS,25000.000000,10000,False
5940,JPYINR26N2060.75PE,JPYINR,20NOV2026,607500000.000000,1,OPTCUR,CDS,25000.000000,10000,False
5942,USDINR2691894.25CE,USDINR,18SEP2026,942500000.000000,1,OPTCUR,CDS,25000.000000,10000,False
5959,USDINR2691894.75CE,USDINR,18SEP2026,947500000.000000,1,OPTCUR,CDS,25000.000000,10000,False
5967,JPYINR2692560.5PE,JPYINR,25SEP2026,605000000.000000,1,OPTCUR,CDS,25000.000000,10000,False
6876,GBPUSD27JUN1.255CE,GBPUSD,28JUN2027,12550000.000000,1,OPTCUR,CDS,1000.000000,10000,False
6880,USDINR2691897.125CE,USDINR,18SEP2026,971250000.000000,1,OPTCUR,CDS,25000.000000,10000,False
6892,JPYINR26O01FUT,JPYINR,01OCT2026,-1.000000,1,FUTCUR,CDS,25000.000000,10000,False
6,GOI7.72%2025,772GS2025,,-1.000000,1,UNDIRC,CDS,25000.000000,1250,False
69,R-GOI6.10%2031,R610GS2031,,-1.000000,1,UNDIRC,CDS,25000.000000,1250,False
5971,EURUSD26OCT1.12PE,EURUSD,28OCT2026,11200000.000000,1,OPTCUR,CDS,1000.000000,10000,False
6004,GBPINR26O30125.25PE,GBPINR,30OCT2026,1252500000.000000,1,OPTCUR,CDS,25000.000000,10000,False
6018,GBPINR26O16125.5PE,GBPINR,16OCT2026,1255000000.000000,1,OPTCUR,CDS,25000.000000,10000,False
6897,EURUSD26OCT1.225PE,EURUSD,28OCT2026,12250000.000000,1,OPTCUR,CDS,1000.000000,10000,False
6905,EURUSD26OCT1.23CE,EURUSD,28OCT2026,12300000.000000,1,OPTCUR,CDS,1000.000000,10000,False
6925,GBPINR27MAR132.25CE,GBPINR,29MAR2027,1322500000.000000,1,OPTCUR,CDS,25000.000000,10000,False
6935,EURUSD26OCT1.245PE,EURUSD,28OCT2026,12450000.000000,1,OPTCUR,CDS,1000.000000,10000,False
6987,EURINR26O01106.75PE,EURINR,01OCT2026,1067500000.000000,1,OPTCUR,CDS,25000.000000,10000,False
7002,648GS203526SEP96.25CE,648GS2035,24SEP2026,962500000.000000,1,OPTIRC,CDS,25000.000000,1250,False
7007,EURINR26O01108.5CE,EURINR,01OCT2026,1085000000.000000,1,OPTCUR,CDS,25000.000000,10000,False
7022,JPYINR26O0963PE,JPYINR,09OCT2026,630000000.000000,1,OPTCUR,CDS,25000.000000,10000,False
7058,648GS203526SEP98.5CE,648GS2035,24SEP2026,985000000.000000,1,OPTIRC,CDS,25000.000000,1250,False
7062,EURINR26O01110.5PE,EURINR,01OCT2026,1105000000.000000,1,OPTCUR,CDS,25000.000000,10000,False
7068,648GS203526SEP98.5PE,648GS2035,24SEP2026,985000000.000000,1,OPTIRC,CDS,25000.000000,1250,False
7103,648GS203526SEP100CE,648GS2035,24SEP2026,1000000000.000000,1,OPTIRC,CDS,25000.000000,1250,False
7125,648GS203526SEP100.25PE,648GS2035,24SEP2026,1002500000.000000,1,OPTIRC,CDS,25000.000000,1250,False
7133,JPYINR26O3057.25PE,JPYINR,30OCT2026,572500000.000000,1,OPTCUR,CDS,25000.000000,10000,False
7136,JPYINR26O3057.5CE,JPYINR,30OCT2026,575000000.000000,1,OPTCUR,CDS,25000.000000,10000,False
7141,GBPINR26NOV131.25PE,GBPINR,26NOV2026,1312500000.000000,1,OPTCUR,CDS,25000.000000,10000,False
7143,JPYINR26O3057.75CE,JPYINR,30OCT2026,577500000.000000,1,OPTCUR,CDS,25000.000000,10000,False
7162,EURINR26O01111.5PE,EURINR,01OCT2026,1115000000.000000,1,OPTCUR,CDS,25000.000000,10000,False
7214,JPYINR26O3059.25CE,JPYINR,30OCT2026,592500000.000000,1,OPTCUR,CDS,25000.000000,10000,False
7217,JPYINR26O3059.25PE,JPYINR,30OCT2026,592500000.000000,1,OPTCUR,CDS,25000.000000,10000,False
7222,GBPINR26OCT124.75PE,GBPINR,28OCT2026,1247500000.000000,1,OPTCUR,CDS,25000.000000,10000,False
7241,JPYINR26N2762PE,JPYINR,27NOV2026,620000000.000000,1,OPTCUR,CDS,25000.000000,10000,False
7250,EURINR26O01111.75CE,EURINR,01OCT2026,1117500000.000000,1,OPTCUR,CDS,25000.000000,10000,False
73,R-GOI6.54%2032,R654GS2032,,-1.000000,1,UNDIRC,CDS,25000.000000,1250,False
7263,JPYINR26O3060.75CE,JPYINR,30OCT2026,607500000.000000,1,OPTCUR,CDS,25000.000000,10000,False
7268,GBPINR26OCT125.5PE,GBPINR,28OCT2026,1255000000.000000,1,OPTCUR,CDS,25000.000000,10000,False
7278,GBPUSD27JUN1.26CE,GBPUSD,28JUN2027,12600000.000000,1,OPTCUR,CDS,1000.000000,10000,False
6045,GBPINR26O16125.75CE,GBPINR,16OCT2026,1257500000.000000,1,OPTCUR,CDS,25000.000000,10000,False
6094,USDINR2691895.75CE,USDINR,18SEP2026,957500000.000000,1,OPTCUR,CDS,25000.000000,10000,False
6111,USDJPY27JUN149PE,USDJPY,28JUN2027,1490000000.000000,1,OPTCUR,CDS,100000.000000,10000,False
6118,JPYINR2692562.5PE,JPYINR,25SEP2026,625000000.000000,1,OPTCUR,CDS,25000.000000,10000,False
7303,EURINR26O01112PE,EURINR,01OCT2026,1120000000.000000,1,OPTCUR,CDS,25000.000000,10000,False
7311,EURINR26O01112.25PE,EURINR,01OCT2026,1122500000.000000,1,OPTCUR,CDS,25000.000000,10000,False
7344,EURINR26O01113.5PE,EURINR,01OCT2026,1135000000.000000,1,OPTCUR,CDS,25000.000000,10000,False
7345,EURINR26O01113.75CE,EURINR,01OCT2026,1137500000.000000,1,OPTCUR,CDS,25000.000000,10000,False
6128,JPYINR26SEP54.75PE,JPYINR,28SEP2026,547500000.000000,1,OPTCUR,CDS,25000.000000,10000,False
6130,JPYINR26SEP55PE,JPYINR,28SEP2026,550000000.000000,1,OPTCUR,CDS,25000.000000,10000,False
6131,GBPINR26O30127.25PE,GBPINR,30OCT2026,1272500000.000000,1,OPTCUR,CDS,25000.000000,10000,False
6160,JPYINR26O0955.5PE,JPYINR,09OCT2026,555000000.000000,1,OPTCUR,CDS,25000.000000,10000,False
7350,GBPINR27MAR124.75CE,GBPINR,29MAR2027,1247500000.000000,1,OPTCUR,CDS,25000.000000,10000,False
7352,EURUSD26DEC1.25CE,EURUSD,29DEC2026,12500000.000000,1,OPTCUR,CDS,1000.000000,10000,False
7359,EURINR26O01114.5CE,EURINR,01OCT2026,1145000000.000000,1,OPTCUR,CDS,25000.000000,10000,False
7396,JPYINR26O3064PE,JPYINR,30OCT2026,640000000.000000,1,OPTCUR,CDS,25000.000000,10000,False
6164,USDINR2691896.125CE,USDINR,18SEP2026,961250000.000000,1,OPTCUR,CDS,25000.000000,10000,False
6215,USDINR2691898.5PE,USDINR,18SEP2026,985000000.000000,1,OPTCUR,CDS,25000.000000,10000,False
6235,EURINR26SEP114.5PE,EURINR,28SEP2026,1145000000.000000,1,OPTCUR,CDS,25000.000000,10000,False
6239,EURINR26SEP115CE,EURINR,28SEP2026,1150000000.000000,1,OPTCUR,CDS,25000.000000,10000,False
7398,JPYINR26N2764.25PE,JPYINR,27NOV2026,642500000.000000,1,OPTCUR,CDS,25000.000000,10000,False
7403,GBPINR26NOV132.5PE,GBPINR,26NOV2026,1325000000.000000,1,OPTCUR,CDS,25000.000000,10000,False
7417,JPYINR26O0964.5PE,JPYINR,09OCT2026,645000000.000000,1,OPTCUR,CDS,25000.000000,10000,False
7426,EURUSD26DEC1.26CE,EURUSD,29DEC2026,12600000.000000,1,OPTCUR,CDS,1000.000000,10000,False
6240,GBPINR26O30128CE,GBPINR,30OCT2026,1280000000.000000,1,OPTCUR,CDS,25000.000000,10000,False
6263,GBPINR26O23125PE,GBPINR,23OCT2026,1250000000.000000,1,OPTCUR,CDS,25000.000000,10000,False
6275,GBPINR26O23126PE,GBPINR,23OCT2026,1260000000.000000,1,OPTCUR,CDS,25000.000000,10000,False
6283,USDINR2692593.5CE,USDINR,25SEP2026,935000000.000000,1,OPTCUR,CDS,25000.000000,10000,False
7436,EURUSD26DEC1.31PE,EURUSD,29DEC2026,13100000.000000,1,OPTCUR,CDS,1000.000000,10000,False
7495,EURUSD26DEC1.28CE,EURUSD,29DEC2026,12800000.000000,1,OPTCUR,CDS,1000.000000,10000,False
7520,JPYINR26O0964.75PE,JPYINR,09OCT2026,647500000.000000,1,OPTCUR,CDS,25000.000000,10000,False
7556,GBPINR26O01126.5PE,GBPINR,01OCT2026,1265000000.000000,1,OPTCUR,CDS,25000.000000,10000,False
6285,GBPINR26O23126.5PE,GBPINR,23OCT2026,1265000000.000000,1,OPTCUR,CDS,25000.000000,10000,False
6288,USDINR2692593.75CE,USDINR,25SEP2026,937500000.000000,1,OPTCUR,CDS,25000.000000,10000,False
6294,JPYINR26O0956.75PE,JPYINR,09OCT2026,567500000.000000,1,OPTCUR,CDS,25000.000000,10000,False
6299,JPYINR26O0957CE,JPYINR,09OCT2026,570000000.000000,1,OPTCUR,CDS,25000.000000,10000,False
7584,GBPINR26O01128.5CE,GBPINR,01OCT2026,1285000000.000000,1,OPTCUR,CDS,25000.000000,10000,False
7588,GBPINR26O01129CE,GBPINR,01OCT2026,1290000000.000000,1,OPTCUR,CDS,25000.000000,10000,False
7604,GBPINR26O01130.75CE,GBPINR,01OCT2026,1307500000.000000,1,OPTCUR,CDS,25000.000000,10000,False
7609,GBPINR26O01131.25PE,GBPINR,01OCT2026,1312500000.000000,1,OPTCUR,CDS,25000.000000,10000,False
6301,USDINR2692594.75PE,USDINR,25SEP2026,947500000.000000,1,OPTCUR,CDS,25000.000000,10000,False
6302,USDINR2692594.875CE,USDINR,25SEP2026,948750000.000000,1,OPTCUR,CDS,25000.000000,10000,False
6307,USDINR2692595.125PE,USDINR,25SEP2026,951250000.000000,1,OPTCUR,CDS,25000.000000,10000,False
6317,GBPINR26O30129CE,GBPINR,30OCT2026,1290000000.000000,1,OPTCUR,CDS,25000.000000,10000,False
6342,EURINR26DEC114.5CE,EURINR,29DEC2026,1145000000.000000,1,OPTCUR,CDS,25000.000000,10000,False
6346,USDINR2692596.125CE,USDINR,25SEP2026,961250000.000000,1,OPTCUR,CDS,25000.000000,10000,False
6347,USDINR2692596.125PE,USDINR,25SEP2026,961250000.000000,1,OPTCUR,CDS,25000.000000,10000,False
6352,EURINR26DEC114.75CE,EURINR,29DEC2026,1147500000.000000,1,OPTCUR,CDS,25000.000000,10000,False
7611,GBPINR26O01131.5PE,GBPINR,01OCT2026,1315000000.000000,1,OPTCUR,CDS,25000.000000,10000,False
7623,GBPINR26O01132.75PE,GBPINR,01OCT2026,1327500000.000000,1,OPTCUR,CDS,25000.000000,10000,False
7691,EURUSD27MAR1.3CE,EURUSD,29MAR2027,13000000.000000,1,OPTCUR,CDS,1000.000000,10000,False
7745,GBPINR26OCT126.75CE,GBPINR,28OCT2026,1267500000.000000,1,OPTCUR,CDS,25000.000000,10000,False
6359,JPYINR26O0957.5PE,JPYINR,09OCT2026,575000000.000000,1,OPTCUR,CDS,25000.000000,10000,False
6370,USDINR2692597.5CE,USDINR,25SEP2026,975000000.000000,1,OPTCUR,CDS,25000.000000,10000,False
6380,USDINR2692598CE,USDINR,25SEP2026,980000000.000000,1,OPTCUR,CDS,25000.000000,10000,False
6381,USDINR2692598PE,USDINR,25SEP2026,980000000.000000,1,OPTCUR,CDS,25000.000000,10000,False
7748,GBPUSD27JUN1.265PE,GBPUSD,28JUN2027,12650000.000000,1,OPTCUR,CDS,1000.000000,10000,False
7775,JPYINR26O2358.75CE,JPYINR,23OCT2026,587500000.000000,1,OPTCUR,CDS,25000.000000,10000,False
7780,JPYINR26O0159.25CE,JPYINR,01OCT2026,592500000.000000,1,OPTCUR,CDS,25000.000000,10000,False
7793,JPYINR26O0160PE,JPYINR,01OCT2026,600000000.000000,1,OPTCUR,CDS,25000.000000,10000,False
64,GOI6.64%2035,664GS2035,,-1.000000,1,UNDIRC,CDS,25000.000000,1250,False
6384,GBPUSD27JUN1.205CE,GBPUSD,28JUN2027,12050000.000000,1,OPTCUR,CDS,1000.000000,10000,False
6410,JPYINR26O0958.5CE,JPYINR,09OCT2026,585000000.000000,1,OPTCUR,CDS,25000.000000,10000,False
6414,USDINR2692599.25PE,USDINR,25SEP2026,992500000.000000,1,OPTCUR,CDS,25000.000000,10000,False
7799,USDINR26O3092CE,USDINR,30OCT2026,920000000.000000,1,OPTCUR,CDS,25000.000000,10000,False
7800,USDINR26O3092PE,USDINR,30OCT2026,920000000.000000,1,OPTCUR,CDS,25000.000000,10000,False
7803,JPYINR26O0160.75PE,JPYINR,01OCT2026,607500000.000000,1,OPTCUR,CDS,25000.000000,10000,False
7806,USDINR26O3092.25CE,USDINR,30OCT2026,922500000.000000,1,OPTCUR,CDS,25000.000000,10000,False
6437,GBPINR26O16126PE,GBPINR,16OCT2026,1260000000.000000,1,OPTCUR,CDS,25000.000000,10000,False
6439,JPYINR26O0959CE,JPYINR,09OCT2026,590000000.000000,1,OPTCUR,CDS,25000.000000,10000,False
6442,USDINR2691899.75CE,USDINR,18SEP2026,997500000.000000,1,OPTCUR,CDS,25000.000000,10000,False
6443,668GS204026SEP92.25CE,668GS2040,24SEP2026,922500000.000000,1,OPTIRC,CDS,25000.000000,1250,False
7824,JPYINR26O0162.5PE,JPYINR,01OCT2026,625000000.000000,1,OPTCUR,CDS,25000.000000,10000,False
7835,JPYINR26O0163PE,JPYINR,01OCT2026,630000000.000000,1,OPTCUR,CDS,25000.000000,10000,False
7847,JPYINR26O0163.75PE,JPYINR,01OCT2026,637500000.000000,1,OPTCUR,CDS,25000.000000,10000,False
7850,USDINR26O3093CE,USDINR,30OCT2026,930000000.000000,1,OPTCUR,CDS,25000.000000,10000,False
6452,GBPINR26O23130.5CE,GBPINR,23OCT2026,1305000000.000000,1,OPTCUR,CDS,25000.000000,10000,False
6455,JPYINR26O0959PE,JPYINR,09OCT2026,590000000.000000,1,OPTCUR,CDS,25000.000000,10000,False
6460,JPYINR26SEP56CE,JPYINR,28SEP2026,560000000.000000,1,OPTCUR,CDS,25000.000000,10000,False
6480,JPYINR26N2062.5CE,JPYINR,20NOV2026,625000000.000000,1,OPTCUR,CDS,25000.000000,10000,False
7858,JPYINR26O0164.25CE,JPYINR,01OCT2026,642500000.000000,1,OPTCUR,CDS,25000.000000,10000,False
7886,USDINR26O0192.25CE,USDINR,01OCT2026,922500000.000000,1,OPTCUR,CDS,25000.000000,10000,False
7901,636GS203126DEC95.75PE,636GS2031,31DEC2026,957500000.000000,1,OPTIRC,CDS,25000.000000,1250,False
7903,636GS203126DEC96PE,636GS2031,31DEC2026,960000000.000000,1,OPTIRC,CDS,25000.000000,1250,False
6482,GBPINR26O30131.25PE,GBPINR,30OCT2026,1312500000.000000,1,OPTCUR,CDS,25000.000000,10000,False
6486,GBPINR26O30131.5PE,GBPINR,30OCT2026,1315000000.000000,1,OPTCUR,CDS,25000.000000,10000,False
6499,GBPINR26O16127CE,GBPINR,16OCT2026,1270000000.000000,1,OPTCUR,CDS,25000.000000,10000,False
6501,JPYINR26N2758.75PE,JPYINR,27NOV2026,587500000.000000,1,OPTCUR,CDS,25000.000000,10000,False
7929,USDINR26O0194.75PE,USDINR,01OCT2026,947500000.000000,1,OPTCUR,CDS,25000.000000,10000,False
7934,USDINR26O0195.25CE,USDINR,01OCT2026,952500000.000000,1,OPTCUR,CDS,25000.000000,10000,False
7957,USDINR26O0196.5CE,USDINR,01OCT2026,965000000.000000,1,OPTCUR,CDS,25000.000000,10000,False
7958,USDINR26O0196.5PE,USDINR,01OCT2026,965000000.000000,1,OPTCUR,CDS,25000.000000,10000,False
6502,JPYINR26N2759CE,JPYINR,27NOV2026,590000000.000000,1,OPTCUR,CDS,25000.000000,10000,False
6505,JPYINR26N2759.25CE,JPYINR,27NOV2026,592500000.000000,1,OPTCUR,CDS,25000.000000,10000,False
6506,GBPINR26O30131.75PE,GBPINR,30OCT2026,1317500000.000000,1,OPTCUR,CDS,25000.000000,10000,False
6510,GBPINR27MAR123.25CE,GBPINR,29MAR2027,1232500000.000000,1,OPTCUR,CDS,25000.000000,10000,False
7962,JPYINR26O2360.5PE,JPYINR,23OCT2026,605000000.000000,1,OPTCUR,CDS,25000.000000,10000,False
7963,JPYINR26O2360.75CE,JPYINR,23OCT2026,607500000.000000,1,OPTCUR,CDS,25000.000000,10000,False
7969,USDINR26O0197CE,USDINR,01OCT2026,970000000.000000,1,OPTCUR,CDS,25000.000000,10000,False
8003,USDINR26O01100PE,USDINR,01OCT2026,1000000000.000000,1,OPTCUR,CDS,25000.000000,10000,False
6519,GBPINR26NOV129PE,GBPINR,26NOV2026,1290000000.000000,1,OPTCUR,CDS,25000.000000,10000,False
6523,JPYINR26N2063.5PE,JPYINR,20NOV2026,635000000.000000,1,OPTCUR,CDS,25000.000000,10000,False
6529,JPYINR26N2064.25CE,JPYINR,20NOV2026,642500000.000000,1,OPTCUR,CDS,25000.000000,10000,False
6531,JPYINR26N2759.5CE,JPYINR,27NOV2026,595000000.000000,1,OPTCUR,CDS,25000.000000,10000,False
8013,USDINR26O3093.75CE,USDINR,30OCT2026,937500000.000000,1,OPTCUR,CDS,25000.000000,10000,False
8034,636GS203126DEC96.25CE,636GS2031,31DEC2026,962500000.000000,1,OPTIRC,CDS,25000.000000,1250,False
8047,GBPINR26OCT127.5PE,GBPINR,28OCT2026,1275000000.000000,1,OPTCUR,CDS,25000.000000,10000,False
8056,USDINR26O0994CE,USDINR,09OCT2026,940000000.000000,1,OPTCUR,CDS,25000.000000,10000,False
6534,GBPINR26O30132PE,GBPINR,30OCT2026,1320000000.000000,1,OPTCUR,CDS,25000.000000,10000,False
6549,GBPUSD27JUN1.22CE,GBPUSD,28JUN2027,12200000.000000,1,OPTCUR,CDS,1000.000000,10000,False
6562,JPYINR26O0959.75CE,JPYINR,09OCT2026,597500000.000000,1,OPTCUR,CDS,25000.000000,10000,False
6574,JPYINR26O0959.75PE,JPYINR,09OCT2026,597500000.000000,1,OPTCUR,CDS,25000.000000,10000,False
8063,USDINR26O0994.25PE,USDINR,09OCT2026,942500000.000000,1,OPTCUR,CDS,25000.000000,10000,False
8064,USDINR26O0994.5CE,USDINR,09OCT2026,945000000.000000,1,OPTCUR,CDS,25000.000000,10000,False
8068,GBPINR26O16129.25CE,GBPINR,16OCT2026,1292500000.000000,1,OPTCUR,CDS,25000.000000,10000,False
8069,GBPINR26O16129.25PE,GBPINR,16OCT2026,1292500000.000000,1,OPTCUR,CDS,25000.000000,10000,False
6614,GBPINR26O16127.5CE,GBPINR,16OCT2026,1275000000.000000,1,OPTCUR,CDS,25000.000000,10000,False
6628,GBPUSD27JUN1.235PE,GBPUSD,28JUN2027,12350000.000000,1,OPTCUR,CDS,1000.000000,10000,False
6645,EURINR27JUN114.5CE,EURINR,28JUN2027,1145000000.000000,1,OPTCUR,CDS,25000.000000,10000,False
6660,JPYINR26O0961.25CE,JPYINR,09OCT2026,612500000.000000,1,OPTCUR,CDS,25000.000000,10000,False
6662,EURUSD26OCT1.15CE,EURUSD,28OCT2026,11500000.000000,1,OPTCUR,CDS,1000.000000,10000,False
6690,GBPINR26O23133.25CE,GBPINR,23OCT2026,1332500000.000000,1,OPTCUR,CDS,25000.000000,10000,False
6707,GBPINR26O23133.5PE,GBPINR,23OCT2026,1335000000.000000,1,OPTCUR,CDS,25000.000000,10000,False
6711,JPYINR26SEP56.25PE,JPYINR,28SEP2026,562500000.000000,1,OPTCUR,CDS,25000.000000,10000,False
8071,636GS203126DEC96.25PE,636GS2031,31DEC2026,962500000.000000,1,OPTIRC,CDS,25000.000000,1250,False
8075,636GS203126DEC96.5PE,636GS2031,31DEC2026,965000000.000000,1,OPTIRC,CDS,25000.000000,1250,False
8091,JPYINR26O2361.25CE,JPYINR,23OCT2026,612500000.000000,1,OPTCUR,CDS,25000.000000,10000,False
8093,GBPINR26OCT129CE,GBPINR,28OCT2026,1290000000.000000,1,OPTCUR,CDS,25000.000000,10000,False
68,R-GOI5.63%2026,R563GS2026,,-1.000000,1,UNDIRC,CDS,25000.000000,1250,False
6766,636GS203126SEP96.25CE,636GS2031,24SEP2026,962500000.000000,1,OPTIRC,CDS,25000.000000,1250,False
6792,JPYINR26N2760.5CE,JPYINR,27NOV2026,605000000.000000,1,OPTCUR,CDS,25000.000000,10000,False
6805,EURUSD26OCT1.195PE,EURUSD,28OCT2026,11950000.000000,1,OPTCUR,CDS,1000.000000,10000,False
8103,USDINR26O0995.75CE,USDINR,09OCT2026,957500000.000000,1,OPTCUR,CDS,25000.000000,10000,False
8108,JPYINR26O2362CE,JPYINR,23OCT2026,620000000.000000,1,OPTCUR,CDS,25000.000000,10000,False
8112,JPYINR26O2362PE,JPYINR,23OCT2026,620000000.000000,1,OPTCUR,CDS,25000.000000,10000,False
8126,JPYINR26O2362.5PE,JPYINR,23OCT2026,625000000.000000,1,OPTCUR,CDS,25000.000000,10000,False
6807,EURUSD26OCT1.2PE,EURUSD,28OCT2026,12000000.000000,1,OPTCUR,CDS,1000.000000,10000,False
6820,GBPINR26NOV130.25PE,GBPINR,26NOV2026,1302500000.000000,1,OPTCUR,CDS,25000.000000,10000,False
6839,JPYINR26N2760.75PE,JPYINR,27NOV2026,607500000.000000,1,OPTCUR,CDS,25000.000000,10000,False
6852,636GS203126SEP97.25PE,636GS2031,24SEP2026,972500000.000000,1,OPTIRC,CDS,25000.000000,1250,False
8141,USDINR26O0997.125CE,USDINR,09OCT2026,971250000.000000,1,OPTCUR,CDS,25000.000000,10000,False
8154,USDINR26O0998CE,USDINR,09OCT2026,980000000.000000,1,OPTCUR,CDS,25000.000000,10000,False
8159,USDINR26O0998.5PE,USDINR,09OCT2026,985000000.000000,1,OPTCUR,CDS,25000.000000,10000,False
8232,USDJPY26SEP176CE,USDJPY,28SEP2026,1760000000.000000,1,OPTCUR,CDS,100000.000000,10000,False
6855,GBPINR26NOV130.75CE,GBPINR,26NOV2026,1307500000.000000,1,OPTCUR,CDS,25000.000000,10000,False
6863,636GS203126SEP97.75CE,636GS2031,24SEP2026,977500000.000000,1,OPTIRC,CDS,25000.000000,1250,False
6872,JPYINR26O0962.5PE,JPYINR,09OCT2026,625000000.000000,1,OPTCUR,CDS,25000.000000,10000,False
6881,USDINR2691897.125PE,USDINR,18SEP2026,971250000.000000,1,OPTCUR,CDS,25000.000000,10000,False
8240,GBPINR26OCT129.25CE,GBPINR,28OCT2026,1292500000.000000,1,OPTCUR,CDS,25000.000000,10000,False
8244,GBPINR26OCT129.75CE,GBPINR,28OCT2026,1297500000.000000,1,OPTCUR,CDS,25000.000000,10000,False
8245,GBPINR26OCT129.75PE,GBPINR,28OCT2026,1297500000.000000,1,OPTCUR,CDS,25000.000000,10000,False
8252,GBPINR26OCT130.25CE,GBPINR,28OCT2026,1302500000.000000,1,OPTCUR,CDS,25000.000000,10000,False
6885,USDINR2692597.125PE,USDINR,25SEP2026,971250000.000000,1,OPTCUR,CDS,25000.000000,10000,False
6896,EURUSD26OCT1.225CE,EURUSD,28OCT2026,12250000.000000,1,OPTCUR,CDS,1000.000000,10000,False
6940,EURUSD26OCT1.25CE,EURUSD,28OCT2026,12500000.000000,1,OPTCUR,CDS,1000.000000,10000,False
6970,USDINR26DEC96.75PE,USDINR,29DEC2026,967500000.000000,1,OPTCUR,CDS,25000.000000,10000,False
6978,GBPUSD27MAR1.47PE,GBPUSD,29MAR2027,14700000.000000,1,OPTCUR,CDS,1000.000000,10000,False
6981,636GS203126SEP98.5CE,636GS2031,24SEP2026,985000000.000000,1,OPTIRC,CDS,25000.000000,1250,False
6995,636GS203126SEP99CE,636GS2031,24SEP2026,990000000.000000,1,OPTIRC,CDS,25000.000000,1250,False
6996,EURINR26O01107.25PE,EURINR,01OCT2026,1072500000.000000,1,OPTCUR,CDS,25000.000000,10000,False
8273,GBPINR26OCT132.25PE,GBPINR,28OCT2026,1322500000.000000,1,OPTCUR,CDS,25000.000000,10000,False
8279,GBPINR26OCT133PE,GBPINR,28OCT2026,1330000000.000000,1,OPTCUR,CDS,25000.000000,10000,False
8296,GBPUSD26OCT1.215PE,GBPUSD,28OCT2026,12150000.000000,1,OPTCUR,CDS,1000.000000,10000,False
8306,GBPUSD26OCT1.235PE,GBPUSD,28OCT2026,12350000.000000,1,OPTCUR,CDS,1000.000000,10000,False
8312,EURUSD27MAR1.305CE,EURUSD,29MAR2027,13050000.000000,1,OPTCUR,CDS,1000.000000,10000,False
8315,GBPUSD26OCT1.245CE,GBPUSD,28OCT2026,12450000.000000,1,OPTCUR,CDS,1000.000000,10000,False
8318,GBPUSD26OCT1.25PE,GBPUSD,28OCT2026,12500000.000000,1,OPTCUR,CDS,1000.000000,10000,False
8335,GBPUSD26OCT1.28PE,GBPUSD,28OCT2026,12800000.000000,1,OPTCUR,CDS,1000.000000,10000,False
7,GOI6.79%2027,679GS2027,,-1.000000,1,UNDIRC,CDS,25000.000000,1250,False
7008,EURINR26O01108.5PE,EURINR,01OCT2026,1085000000.000000,1,OPTCUR,CDS,25000.000000,10000,False
7018,636GS203126SEP99.25CE,636GS2031,24SEP2026,992500000.000000,1,OPTIRC,CDS,25000.000000,1250,False
7020,636GS203126SEP99.25PE,636GS2031,24SEP2026,992500000.000000,1,OPTIRC,CDS,25000.000000,1250,False
7027,648GS203526SEP97CE,648GS2035,24SEP2026,970000000.000000,1,OPTIRC,CDS,25000.000000,1250,False
7046,EURINR26O01110PE,EURINR,01OCT2026,1100000000.000000,1,OPTCUR,CDS,25000.000000,10000,False
7053,633GS203526DEC93.5PE,633GS2035,31DEC2026,935000000.000000,1,OPTIRC,CDS,25000.000000,1250,False
7081,GBPINR26O16128PE,GBPINR,16OCT2026,1280000000.000000,1,OPTCUR,CDS,25000.000000,10000,False
8348,GBPUSD26OCT1.31CE,GBPUSD,28OCT2026,13100000.000000,1,OPTCUR,CDS,1000.000000,10000,False
8349,JPYINR26SEP57.25PE,JPYINR,28SEP2026,572500000.000000,1,OPTCUR,CDS,25000.000000,10000,False
8372,GBPUSD26OCT1.335CE,GBPUSD,28OCT2026,13350000.000000,1,OPTCUR,CDS,1000.000000,10000,False
8374,GBPUSD26OCT1.34CE,GBPUSD,28OCT2026,13400000.000000,1,OPTCUR,CDS,1000.000000,10000,False
7083,648GS203526SEP99.5CE,648GS2035,24SEP2026,995000000.000000,1,OPTIRC,CDS,25000.000000,1250,False
7100,JPYINR26O2356.5CE,JPYINR,23OCT2026,565000000.000000,1,OPTCUR,CDS,25000.000000,10000,False
7110,JPYINR26O2356.75CE,JPYINR,23OCT2026,567500000.000000,1,OPTCUR,CDS,25000.000000,10000,False
7128,JPYINR26O3057PE,JPYINR,30OCT2026,570000000.000000,1,OPTCUR,CDS,25000.000000,10000,False
8382,GBPUSD26OCT1.35PE,GBPUSD,28OCT2026,13500000.000000,1,OPTCUR,CDS,1000.000000,10000,False
8384,GBPUSD26OCT1.355PE,GBPUSD,28OCT2026,13550000.000000,1,OPTCUR,CDS,1000.000000,10000,False
8394,GBPUSD26OCT1.38CE,GBPUSD,28OCT2026,13800000.000000,1,OPTCUR,CDS,1000.000000,10000,False
8396,GBPUSD26OCT1.385CE,GBPUSD,28OCT2026,13850000.000000,1,OPTCUR,CDS,1000.000000,10000,False
84,GOI7.18%2037,718GS2037,,-1.000000,1,UNDIRC,CDS,25000.000000,1250,False
7155,648GS203526SEP101CE,648GS2035,24SEP2026,1010000000.000000,1,OPTIRC,CDS,25000.000000,1250,False
7158,648GS203526SEP101.25PE,648GS2035,24SEP2026,1012500000.000000,1,OPTIRC,CDS,25000.000000,1250,False
7174,636GS203126SEP100PE,636GS2031,24SEP2026,1000000000.000000,1,OPTIRC,CDS,25000.000000,1250,False
7235,JPYINR26O3060CE,JPYINR,30OCT2026,600000000.000000,1,OPTCUR,CDS,25000.000000,10000,False
8425,GBPINR26O16130.75CE,GBPINR,16OCT2026,1307500000.000000,1,OPTCUR,CDS,25000.000000,10000,False
8437,GBPUSD26OCT1.425CE,GBPUSD,28OCT2026,14250000.000000,1,OPTCUR,CDS,1000.000000,10000,False
8442,GBPINR26O16132.75CE,GBPINR,16OCT2026,1327500000.000000,1,OPTCUR,CDS,25000.000000,10000,False
7249,JPYINR26N2762.5PE,JPYINR,27NOV2026,625000000.000000,1,OPTCUR,CDS,25000.000000,10000,False
7260,JPYINR26N2763PE,JPYINR,27NOV2026,630000000.000000,1,OPTCUR,CDS,25000.000000,10000,False
7262,GBPINR26OCT125.5CE,GBPINR,28OCT2026,1255000000.000000,1,OPTCUR,CDS,25000.000000,10000,False
7289,JPYINR26O3061.5CE,JPYINR,30OCT2026,615000000.000000,1,OPTCUR,CDS,25000.000000,10000,False
8444,GBPINR26O16133CE,GBPINR,16OCT2026,1330000000.000000,1,OPTCUR,CDS,25000.000000,10000,False
8446,GBPINR26O16133.25CE,GBPINR,16OCT2026,1332500000.000000,1,OPTCUR,CDS,25000.000000,10000,False
8474,USDINR26O3094.75PE,USDINR,30OCT2026,947500000.000000,1,OPTCUR,CDS,25000.000000,10000,False
8495,636GS203126DEC98.25PE,636GS2031,31DEC2026,982500000.000000,1,OPTIRC,CDS,25000.000000,1250,False
85,COGUSDINR,COGUSDINR,,-1.000000,1,UNDCUR,CDS,25000.000000,999,False
8502,USDINR26O3094.875PE,USDINR,30OCT2026,948750000.000000,1,OPTCUR,CDS,25000.000000,10000,False
8546,EURINR26SEP113.75CE,EURINR,28SEP2026,1137500000.000000,1,OPTCUR,CDS,25000.000000,10000,False
8606,636GS203126DEC98.75PE,636GS2031,31DEC2026,987500000.000000,1,OPTIRC,CDS,25000.000000,1250,False
7300,EURINR26O01112CE,EURINR,01OCT2026,1120000000.000000,1,OPTCUR,CDS,25000.000000,10000,False
7304,EURINR26O01112.25CE,EURINR,01OCT2026,1122500000.000000,1,OPTCUR,CDS,25000.000000,10000,False
7306,EURUSD26SEP1.305PE,EURUSD,28SEP2026,13050000.000000,1,OPTCUR,CDS,1000.000000,10000,False
7312,EURUSD26SEP1.31PE,EURUSD,28SEP2026,13100000.000000,1,OPTCUR,CDS,1000.000000,10000,False
7316,JPYINR26O3062.5PE,JPYINR,30OCT2026,625000000.000000,1,OPTCUR,CDS,25000.000000,10000,False
7340,EURINR26O01113PE,EURINR,01OCT2026,1130000000.000000,1,OPTCUR,CDS,25000.000000,10000,False
7342,EURINR26O01113.25PE,EURINR,01OCT2026,1132500000.000000,1,OPTCUR,CDS,25000.000000,10000,False
7343,EURINR26O01113.5CE,EURINR,01OCT2026,1135000000.000000,1,OPTCUR,CDS,25000.000000,10000,False
8609,636GS203126DEC99.25CE,636GS2031,31DEC2026,992500000.000000,1,OPTIRC,CDS,25000.000000,1250,False
8648,JPYINR26O1656.5PE,JPYINR,16OCT2026,565000000.000000,1,OPTCUR,CDS,25000.000000,10000,False
8649,JPYINR26O1656.75CE,JPYINR,16OCT2026,567500000.000000,1,OPTCUR,CDS,25000.000000,10000,False
8668,JPYINR26O1658.75CE,JPYINR,16OCT2026,587500000.000000,1,OPTCUR,CDS,25000.000000,10000,False
7348,EURINR26O01114PE,EURINR,01OCT2026,1140000000.000000,1,OPTCUR,CDS,25000.000000,10000,False
7353,636GS203126SEP101.25PE,636GS2031,24SEP2026,1012500000.000000,1,OPTIRC,CDS,25000.000000,1250,False
7367,JPYINR26O3063.25PE,JPYINR,30OCT2026,632500000.000000,1,OPTCUR,CDS,25000.000000,10000,False
7374,EURUSD26DEC1.305CE,EURUSD,29DEC2026,13050000.000000,1,OPTCUR,CDS,1000.000000,10000,False
8697,USDINR26N2092.75CE,USDINR,20NOV2026,927500000.000000,1,OPTCUR,CDS,25000.000000,10000,False
8714,GBPINR26DEC130PE,GBPINR,29DEC2026,1300000000.000000,1,OPTCUR,CDS,25000.000000,10000,False
8727,JPYINR26O1662PE,JPYINR,16OCT2026,620000000.000000,1,OPTCUR,CDS,25000.000000,10000,False
8729,GBPUSD26NOV1.245CE,GBPUSD,26NOV2026,12450000.000000,1,OPTCUR,CDS,1000.000000,10000,False
7397,JPYINR26N2764.25CE,JPYINR,27NOV2026,642500000.000000,1,OPTCUR,CDS,25000.000000,10000,False
7413,JPYINR26O3064.25PE,JPYINR,30OCT2026,642500000.000000,1,OPTCUR,CDS,25000.000000,10000,False
7419,EURUSD26DEC1.31CE,EURUSD,29DEC2026,13100000.000000,1,OPTCUR,CDS,1000.000000,10000,False
7424,EURUSD26DEC1.255CE,EURUSD,29DEC2026,12550000.000000,1,OPTCUR,CDS,1000.000000,10000,False
8755,JPYINR26O1662.75PE,JPYINR,16OCT2026,627500000.000000,1,OPTCUR,CDS,25000.000000,10000,False
8768,JPYINR26O1663.75CE,JPYINR,16OCT2026,637500000.000000,1,OPTCUR,CDS,25000.000000,10000,False
8791,USDINR26N2094.25CE,USDINR,20NOV2026,942500000.000000,1,OPTCUR,CDS,25000.000000,10000,False
8795,USDINR26N2094.5CE,USDINR,20NOV2026,945000000.000000,1,OPTCUR,CDS,25000.000000,10000,False
7541,GBPINR26O01125.25PE,GBPINR,01OCT2026,1252500000.000000,1,OPTCUR,CDS,25000.000000,10000,False
7544,GBPINR26O01125.5CE,GBPINR,01OCT2026,1255000000.000000,1,OPTCUR,CDS,25000.000000,10000,False
7549,GBPINR26O01126CE,GBPINR,01OCT2026,1260000000.000000,1,OPTCUR,CDS,25000.000000,10000,False
7551,GBPINR26O01126PE,GBPINR,01OCT2026,1260000000.000000,1,OPTCUR,CDS,25000.000000,10000,False
8865,USDINR26O3095.75CE,USDINR,30OCT2026,957500000.000000,1,OPTCUR,CDS,25000.000000,10000,False
8884,USDINR26N2095.5PE,USDINR,20NOV2026,955000000.000000,1,OPTCUR,CDS,25000.000000,10000,False
8897,USDINR26N2096.75CE,USDINR,20NOV2026,967500000.000000,1,OPTCUR,CDS,25000.000000,10000,False
8904,GBPUSD26NOV1.36CE,GBPUSD,26NOV2026,13600000.000000,1,OPTCUR,CDS,1000.000000,10000,False
76,GOI7.26%2032,726GS2032,,-1.000000,1,UNDIRC,CDS,25000.000000,1250,False
7554,GBPINR26O01126.25PE,GBPINR,01OCT2026,1262500000.000000,1,OPTCUR,CDS,25000.000000,10000,False
7591,GBPINR26O01129.25PE,GBPINR,01OCT2026,1292500000.000000,1,OPTCUR,CDS,25000.000000,10000,False
7614,GBPINR26O01132CE,GBPINR,01OCT2026,1320000000.000000,1,OPTCUR,CDS,25000.000000,10000,False
7617,GBPINR26O01132.25PE,GBPINR,01OCT2026,1322500000.000000,1,OPTCUR,CDS,25000.000000,10000,False
7619,GBPINR26O01132.5PE,GBPINR,01OCT2026,1325000000.000000,1,OPTCUR,CDS,25000.000000,10000,False
7626,GBPINR26O01133.25CE,GBPINR,01OCT2026,1332500000.000000,1,OPTCUR,CDS,25000.000000,10000,False
7726,JPYINR26O0156.5PE,JPYINR,01OCT2026,565000000.000000,1,OPTCUR,CDS,25000.000000,10000,False
8933,USDINR26N2793PE,USDINR,27NOV2026,930000000.000000,1,OPTCUR,CDS,25000.000000,10000,False
8943,GBPINR27MAR127.25PE,GBPINR,29MAR2027,1272500000.000000,1,OPTCUR,CDS,25000.000000,10000,False
8949,GBPUSD26NOV1.375PE,GBPUSD,26NOV2026,13750000.000000,1,OPTCUR,CDS,1000.000000,10000,False
8966,JPYINR26OCT56.25CE,JPYINR,28OCT2026,562500000.000000,1,OPTCUR,CDS,25000.000000,10000,False
7747,GBPUSD27JUN1.265CE,GBPUSD,28JUN2027,12650000.000000,1,OPTCUR,CDS,1000.000000,10000,False
7755,JPYINR26O0157.75PE,JPYINR,01OCT2026,577500000.000000,1,OPTCUR,CDS,25000.000000,10000,False
7759,USDINR2692597.375CE,USDINR,25SEP2026,973750000.000000,1,OPTCUR,CDS,25000.000000,10000,False
7763,JPYINR26O0158.5PE,JPYINR,01OCT2026,585000000.000000,1,OPTCUR,CDS,25000.000000,10000,False
8973,GBPUSD27JUN1.29CE,GBPUSD,28JUN2027,12900000.000000,1,OPTCUR,CDS,1000.000000,10000,False
8982,JPYINR26OCT57PE,JPYINR,28OCT2026,570000000.000000,1,OPTCUR,CDS,25000.000000,10000,False
8985,JPYINR26OCT57.5CE,JPYINR,28OCT2026,575000000.000000,1,OPTCUR,CDS,25000.000000,10000,False
8991,USDINR26O2391.5PE,USDINR,23OCT2026,915000000.000000,1,OPTCUR,CDS,25000.000000,10000,False
7769,USDINR26O0197.375CE,USDINR,01OCT2026,973750000.000000,1,OPTCUR,CDS,25000.000000,10000,False
7786,JPYINR26O0159.5CE,JPYINR,01OCT2026,595000000.000000,1,OPTCUR,CDS,25000.000000,10000,False
7791,JPYINR26O2359CE,JPYINR,23OCT2026,590000000.000000,1,OPTCUR,CDS,25000.000000,10000,False
7817,JPYINR26O0162.25CE,JPYINR,01OCT2026,622500000.000000,1,OPTCUR,CDS,25000.000000,10000,False
8995,JPYINR26OCT58CE,JPYINR,28OCT2026,580000000.000000,1,OPTCUR,CDS,25000.000000,10000,False
9017,GBPUSD26NOV1.39CE,GBPUSD,26NOV2026,13900000.000000,1,OPTCUR,CDS,1000.000000,10000,False
9065,JPYINR26OCT61PE,JPYINR,28OCT2026,610000000.000000,1,OPTCUR,CDS,25000.000000,10000,False
7821,JPYINR26O0162.25PE,JPYINR,01OCT2026,622500000.000000,1,OPTCUR,CDS,25000.000000,10000,False
7831,USDINR26O3092.5PE,USDINR,30OCT2026,925000000.000000,1,OPTCUR,CDS,25000.000000,10000,False
7851,USDINR26O3093PE,USDINR,30OCT2026,930000000.000000,1,OPTCUR,CDS,25000.000000,10000,False
7859,JPYINR26O0164.25PE,JPYINR,01OCT2026,642500000.000000,1,OPTCUR,CDS,25000.000000,10000,False
7876,USDINR26O0191CE,USDINR,01OCT2026,910000000.000000,1,OPTCUR,CDS,25000.000000,10000,False
7877,USDINR26O0191PE,USDINR,01OCT2026,910000000.000000,1,OPTCUR,CDS,25000.000000,10000,False
7883,USDINR26O0191.75PE,USDINR,01OCT2026,917500000.000000,1,OPTCUR,CDS,25000.000000,10000,False
7885,USDINR26O0192PE,USDINR,01OCT2026,920000000.000000,1,OPTCUR,CDS,25000.000000,10000,False
7897,JPYINR26O2360PE,JPYINR,23OCT2026,600000000.000000,1,OPTCUR,CDS,25000.000000,10000,False
7916,USDINR26O0193.25CE,USDINR,01OCT2026,932500000.000000,1,OPTCUR,CDS,25000.000000,10000,False
7919,USDINR26O0193.5PE,USDINR,01OCT2026,935000000.000000,1,OPTCUR,CDS,25000.000000,10000,False
7950,USDINR26O0196PE,USDINR,01OCT2026,960000000.000000,1,OPTCUR,CDS,25000.000000,10000,False
7961,JPYINR26O2360.5CE,JPYINR,23OCT2026,605000000.000000,1,OPTCUR,CDS,25000.000000,10000,False
7970,USDINR26O0197PE,USDINR,01OCT2026,970000000.000000,1,OPTCUR,CDS,25000.000000,10000,False
7976,USDINR26O0197.5PE,USDINR,01OCT2026,975000000.000000,1,OPTCUR,CDS,25000.000000,10000,False
7978,USDINR26O0197.75PE,USDINR,01OCT2026,977500000.000000,1,OPTCUR,CDS,25000.000000,10000,False
8,R-GOI6.79%2027,R679GS2027,,-1.000000,1,UNDIRC,CDS,25000.000000,1250,False
7979,USDINR26O0198CE,USDINR,01OCT2026,980000000.000000,1,OPTCUR,CDS,25000.000000,10000,False
7985,USDINR26O0198.25PE,USDINR,01OCT2026,982500000.000000,1,OPTCUR,CDS,25000.000000,10000,False
7986,USDINR26O0198.5CE,USDINR,01OCT2026,985000000.000000,1,OPTCUR,CDS,25000.000000,10000,False
80,GOI7.41%2036,741GS2036,,-1.000000,1,UNDIRC,CDS,25000.000000,1250,False
8040,USDINR26O0992.5PE,USDINR,09OCT2026,925000000.000000,1,OPTCUR,CDS,25000.000000,10000,False
8000,USDINR26O0992.25CE,USDINR,09OCT2026,922500000.000000,1,OPTCUR,CDS,25000.000000,10000,False
8037,USDINR26O0992.25PE,USDINR,09OCT2026,922500000.000000,1,OPTCUR,CDS,25000.000000,10000,False
8043,USDINR26O0993CE,USDINR,09OCT2026,930000000.000000,1,OPTCUR,CDS,25000.000000,10000,False
8045,USDINR26O0993.25CE,USDINR,09OCT2026,932500000.000000,1,OPTCUR,CDS,25000.000000,10000,False
8046,USDINR26O0993.25PE,USDINR,09OCT2026,932500000.000000,1,OPTCUR,CDS,25000.000000,10000,False
8049,USDINR26O0993.5PE,USDINR,09OCT2026,935000000.000000,1,OPTCUR,CDS,25000.000000,10000,False
8070,JPYINR26O2360.75PE,JPYINR,23OCT2026,607500000.000000,1,OPTCUR,CDS,25000.000000,10000,False
8074,GBPINR26O16129.5PE,GBPINR,16OCT2026,1295000000.000000,1,OPTCUR,CDS,25000.000000,10000,False
8089,GBPINR26OCT128.75CE,GBPINR,28OCT2026,1287500000.000000,1,OPTCUR,CDS,25000.000000,10000,False
8090,GBPINR26OCT128.75PE,GBPINR,28OCT2026,1287500000.000000,1,OPTCUR,CDS,25000.000000,10000,False
8092,JPYINR26O2361.25PE,JPYINR,23OCT2026,612500000.000000,1,OPTCUR,CDS,25000.000000,10000,False
8098,JPYINR26O2361.5PE,JPYINR,23OCT2026,615000000.000000,1,OPTCUR,CDS,25000.000000,10000,False
8106,JPYINR26O2361.75CE,JPYINR,23OCT2026,617500000.000000,1,OPTCUR,CDS,25000.000000,10000,False
8116,USDINR26O0996.125PE,USDINR,09OCT2026,961250000.000000,1,OPTCUR,CDS,25000.000000,10000,False
8119,JPYINR26O2362.25CE,JPYINR,23OCT2026,622500000.000000,1,OPTCUR,CDS,25000.000000,10000,False
8121,USDINR26O3094CE,USDINR,30OCT2026,940000000.000000,1,OPTCUR,CDS,25000.000000,10000,False
8129,USDINR26O0996.375PE,USDINR,09OCT2026,963750000.000000,1,OPTCUR,CDS,25000.000000,10000,False
8132,USDINR26O0996.625CE,USDINR,09OCT2026,966250000.000000,1,OPTCUR,CDS,25000.000000,10000,False
8147,USDINR26O3094.25CE,USDINR,30OCT2026,942500000.000000,1,OPTCUR,CDS,25000.000000,10000,False
8170,USDINR26SEP96PE,USDINR,28SEP2026,960000000.000000,1,OPTCUR,CDS,25000.000000,10000,False
8172,USDINR26O0999.75CE,USDINR,09OCT2026,997500000.000000,1,OPTCUR,CDS,25000.000000,10000,False
8173,USDINR26O0999.75PE,USDINR,09OCT2026,997500000.000000,1,OPTCUR,CDS,25000.000000,10000,False
8228,GBPINR26O16130PE,GBPINR,16OCT2026,1300000000.000000,1,OPTCUR,CDS,25000.000000,10000,False
8259,GBPINR26OCT131PE,GBPINR,28OCT2026,1310000000.000000,1,OPTCUR,CDS,25000.000000,10000,False
8265,GBPINR26OCT131.5CE,GBPINR,28OCT2026,1315000000.000000,1,OPTCUR,CDS,25000.000000,10000,False
8281,JPYINR26O2364.5CE,JPYINR,23OCT2026,645000000.000000,1,OPTCUR,CDS,25000.000000,10000,False
8303,GBPUSD26OCT1.23CE,GBPUSD,28OCT2026,12300000.000000,1,OPTCUR,CDS,1000.000000,10000,False
8324,GBPUSD26OCT1.26CE,GBPUSD,28OCT2026,12600000.000000,1,OPTCUR,CDS,1000.000000,10000,False
8336,GBPUSD26OCT1.285CE,GBPUSD,28OCT2026,12850000.000000,1,OPTCUR,CDS,1000.000000,10000,False
8359,GBPUSD26OCT1.325CE,GBPUSD,28OCT2026,13250000.000000,1,OPTCUR,CDS,1000.000000,10000,False
8370,636GS203126DEC97.25PE,636GS2031,31DEC2026,972500000.000000,1,OPTIRC,CDS,25000.000000,1250,False
8377,636GS203126DEC97.75CE,636GS2031,31DEC2026,977500000.000000,1,OPTIRC,CDS,25000.000000,1250,False
8385,GBPUSD26OCT1.36CE,GBPUSD,28OCT2026,13600000.000000,1,OPTCUR,CDS,1000.000000,10000,False
8386,GBPUSD26OCT1.36PE,GBPUSD,28OCT2026,13600000.000000,1,OPTCUR,CDS,1000.000000,10000,False
8391,GBPUSD26OCT1.37PE,GBPUSD,28OCT2026,13700000.000000,1,OPTCUR,CDS,1000.000000,10000,False
8418,GBPUSD26OCT1.41PE,GBPUSD,28OCT2026,14100000.000000,1,OPTCUR,CDS,1000.000000,10000,False
8428,GBPINR26O16131PE,GBPINR,16OCT2026,1310000000.000000,1,OPTCUR,CDS,25000.000000,10000,False
8433,GBPINR26O16131.75CE,GBPINR,16OCT2026,1317500000.000000,1,OPTCUR,CDS,25000.000000,10000,False
8438,GBPINR26O16132.25CE,GBPINR,16OCT2026,1322500000.000000,1,OPTCUR,CDS,25000.000000,10000,False
8439,GBPINR26O16132.25PE,GBPINR,16OCT2026,1322500000.000000,1,OPTCUR,CDS,25000.000000,10000,False
8440,GBPINR26O16132.5CE,GBPINR,16OCT2026,1325000000.000000,1,OPTCUR,CDS,25000.000000,10000,False
8453,GBPINR26O16133.75PE,GBPINR,16OCT2026,1337500000.000000,1,OPTCUR,CDS,25000.000000,10000,False
8545,EURINR26SEP113.5PE,EURINR,28SEP2026,1135000000.000000,1,OPTCUR,CDS,25000.000000,10000,False
8547,EURINR26SEP113.75PE,EURINR,28SEP2026,1137500000.000000,1,OPTCUR,CDS,25000.000000,10000,False
8610,636GS203126DEC99.25PE,636GS2031,31DEC2026,992500000.000000,1,OPTIRC,CDS,25000.000000,1250,False
8612,636GS203126DEC99.5PE,636GS2031,31DEC2026,995000000.000000,1,OPTIRC,CDS,25000.000000,1250,False
8620,USDINR26N2091.5PE,USDINR,20NOV2026,915000000.000000,1,OPTCUR,CDS,25000.000000,10000,False
8621,636GS203126DEC99.75CE,636GS2031,31DEC2026,997500000.000000,1,OPTIRC,CDS,25000.000000,1250,False
8644,GBPINR27MAR126.25CE,GBPINR,29MAR2027,1262500000.000000,1,OPTCUR,CDS,25000.000000,10000,False
8656,JPYINR26O1657.25PE,JPYINR,16OCT2026,572500000.000000,1,OPTCUR,CDS,25000.000000,10000,False
8659,JPYINR26O1657.75CE,JPYINR,16OCT2026,577500000.000000,1,OPTCUR,CDS,25000.000000,10000,False
8695,GBPINR26SEP129.75CE,GBPINR,28SEP2026,1297500000.000000,1,OPTCUR,CDS,25000.000000,10000,False
8696,USDINR26N2092.5PE,USDINR,20NOV2026,925000000.000000,1,OPTCUR,CDS,25000.000000,10000,False
8703,USDINR26N2093.5CE,USDINR,20NOV2026,935000000.000000,1,OPTCUR,CDS,25000.000000,10000,False
8707,GBPINR26DEC129.25CE,GBPINR,29DEC2026,1292500000.000000,1,OPTCUR,CDS,25000.000000,10000,False
8712,GBPINR26DEC129.75PE,GBPINR,29DEC2026,1297500000.000000,1,OPTCUR,CDS,25000.000000,10000,False
8722,JPYINR26O1661.5CE,JPYINR,16OCT2026,615000000.000000,1,OPTCUR,CDS,25000.000000,10000,False
8726,JPYINR26O1662CE,JPYINR,16OCT2026,620000000.000000,1,OPTCUR,CDS,25000.000000,10000,False
8737,GBPUSD26NOV1.265CE,GBPUSD,26NOV2026,12650000.000000,1,OPTCUR,CDS,1000.000000,10000,False
8738,GBPUSD26NOV1.265PE,GBPUSD,26NOV2026,12650000.000000,1,OPTCUR,CDS,1000.000000,10000,False
8739,GBPUSD26NOV1.27CE,GBPUSD,26NOV2026,12700000.000000,1,OPTCUR,CDS,1000.000000,10000,False
8741,GBPUSD26NOV1.275CE,GBPUSD,26NOV2026,12750000.000000,1,OPTCUR,CDS,1000.000000,10000,False
8742,GBPUSD26NOV1.275PE,GBPUSD,26NOV2026,12750000.000000,1,OPTCUR,CDS,1000.000000,10000,False
8748,636GS203126DEC100.25CE,636GS2031,31DEC2026,1002500000.000000,1,OPTIRC,CDS,25000.000000,1250,False
8765,JPYINR26O1663.25PE,JPYINR,16OCT2026,632500000.000000,1,OPTCUR,CDS,25000.000000,10000,False
8767,JPYINR26O1663.5PE,JPYINR,16OCT2026,635000000.000000,1,OPTCUR,CDS,25000.000000,10000,False
8774,JPYINR26O1664CE,JPYINR,16OCT2026,640000000.000000,1,OPTCUR,CDS,25000.000000,10000,False
8782,USDINR26N2094.125PE,USDINR,20NOV2026,941250000.000000,1,OPTCUR,CDS,25000.000000,10000,False
8787,GBPUSD26NOV1.29PE,GBPUSD,26NOV2026,12900000.000000,1,OPTCUR,CDS,1000.000000,10000,False
8798,USDINR26N2094.625PE,USDINR,20NOV2026,946250000.000000,1,OPTCUR,CDS,25000.000000,10000,False
8803,USDINR26N2094.75CE,USDINR,20NOV2026,947500000.000000,1,OPTCUR,CDS,25000.000000,10000,False
8858,USDINR26O3095.375CE,USDINR,30OCT2026,953750000.000000,1,OPTCUR,CDS,25000.000000,10000,False
8861,USDINR26O3095.5PE,USDINR,30OCT2026,955000000.000000,1,OPTCUR,CDS,25000.000000,10000,False
8866,USDINR26O3095.75PE,USDINR,30OCT2026,957500000.000000,1,OPTCUR,CDS,25000.000000,10000,False
89,COGGBPINR,COGGBPINR,,-1.000000,1,UNDCUR,CDS,25000.000000,999,False
8869,636GS203126DEC100.75PE,636GS2031,31DEC2026,1007500000.000000,1,OPTIRC,CDS,25000.000000,1250,False
8874,636GS203126DEC101.25CE,636GS2031,31DEC2026,1012500000.000000,1,OPTIRC,CDS,25000.000000,1250,False
8905,GBPUSD26NOV1.36PE,GBPUSD,26NOV2026,13600000.000000,1,OPTCUR,CDS,1000.000000,10000,False
8910,GBPUSD26NOV1.375CE,GBPUSD,26NOV2026,13750000.000000,1,OPTCUR,CDS,1000.000000,10000,False
8914,USDINR26N2097.25PE,USDINR,20NOV2026,972500000.000000,1,OPTCUR,CDS,25000.000000,10000,False
8946,USDINR26O3095.875PE,USDINR,30OCT2026,958750000.000000,1,OPTCUR,CDS,25000.000000,10000,False
8950,GBPUSD26NOV1.38CE,GBPUSD,26NOV2026,13800000.000000,1,OPTCUR,CDS,1000.000000,10000,False
8957,GBPUSD27JUN1.28CE,GBPUSD,28JUN2027,12800000.000000,1,OPTCUR,CDS,1000.000000,10000,False
8971,GBPUSD27JUN1.285CE,GBPUSD,28JUN2027,12850000.000000,1,OPTCUR,CDS,1000.000000,10000,False
8984,JPYINR26OCT57.25PE,JPYINR,28OCT2026,572500000.000000,1,OPTCUR,CDS,25000.000000,10000,False
8987,USDINR26O2391PE,USDINR,23OCT2026,910000000.000000,1,OPTCUR,CDS,25000.000000,10000,False
8994,JPYINR26OCT57.75PE,JPYINR,28OCT2026,577500000.000000,1,OPTCUR,CDS,25000.000000,10000,False
8996,JPYINR26OCT58PE,JPYINR,28OCT2026,580000000.000000,1,OPTCUR,CDS,25000.000000,10000,False
9013,JPYINR26OCT59.5CE,JPYINR,28OCT2026,595000000.000000,1,OPTCUR,CDS,25000.000000,10000,False
9022,GBPUSD26NOV1.4PE,GBPUSD,26NOV2026,14000000.000000,1,OPTCUR,CDS,1000.000000,10000,False
9026,JPYINR26OCT59.75PE,JPYINR,28OCT2026,597500000.000000,1,OPTCUR,CDS,25000.000000,10000,False
9027,GBPUSD26NOV1.41CE,GBPUSD,26NOV2026,14100000.000000,1,OPTCUR,CDS,1000.000000,10000,False
9037,GBPUSD26NOV1.43CE,GBPUSD,26NOV2026,14300000.000000,1,OPTCUR,CDS,1000.000000,10000,False
9040,JPYINR26OCT60PE,JPYINR,28OCT2026,600000000.000000,1,OPTCUR,CDS,25000.000000,10000,False
9070,JPYINR26OCT61.75CE,JPYINR,28OCT2026,617500000.000000,1,OPTCUR,CDS,25000.000000,10000,False
9078,JPYINR26OCT62.75CE,JPYINR,28OCT2026,627500000.000000,1,OPTCUR,CDS,25000.000000,10000,False
9080,JPYINR26OCT63CE,JPYINR,28OCT2026,630000000.000000,1,OPTCUR,CDS,25000.000000,10000,False
9082,JPYINR26OCT63.25CE,JPYINR,28OCT2026,632500000.000000,1,OPTCUR,CDS,25000.000000,10000,False
7177,JPYINR26O3058.25PE,JPYINR,30OCT2026,582500000.000000,1,OPTCUR,CDS,25000.000000,10000,False
7189,636GS203126SEP100.5PE,636GS2031,24SEP2026,1005000000.000000,1,OPTIRC,CDS,25000.000000,1250,False
7198,648GS203526SEP101.5PE,648GS2035,24SEP2026,1015000000.000000,1,OPTIRC,CDS,25000.000000,1250,False
7205,648GS203526SEP101.75PE,648GS2035,24SEP2026,1017500000.000000,1,OPTIRC,CDS,25000.000000,1250,False
7218,JPYINR26O2357.5PE,JPYINR,23OCT2026,575000000.000000,1,OPTCUR,CDS,25000.000000,10000,False
7219,JPYINR26O3059.5CE,JPYINR,30OCT2026,595000000.000000,1,OPTCUR,CDS,25000.000000,10000,False
7227,GBPINR26OCT125PE,GBPINR,28OCT2026,1250000000.000000,1,OPTCUR,CDS,25000.000000,10000,False
7229,GBPINR26OCT125.25PE,GBPINR,28OCT2026,1252500000.000000,1,OPTCUR,CDS,25000.000000,10000,False
7237,648GS203526SEP102.5PE,648GS2035,24SEP2026,1025000000.000000,1,OPTIRC,CDS,25000.000000,1250,False
7246,JPYINR26O3060.25PE,JPYINR,30OCT2026,602500000.000000,1,OPTCUR,CDS,25000.000000,10000,False
7255,JPYINR26N2762.75CE,JPYINR,27NOV2026,627500000.000000,1,OPTCUR,CDS,25000.000000,10000,False
7274,GBPINR26OCT125.75CE,GBPINR,28OCT2026,1257500000.000000,1,OPTCUR,CDS,25000.000000,10000,False
7276,GBPINR26OCT126CE,GBPINR,28OCT2026,1260000000.000000,1,OPTCUR,CDS,25000.000000,10000,False
7281,EURINR26O01111.75PE,EURINR,01OCT2026,1117500000.000000,1,OPTCUR,CDS,25000.000000,10000,False
7307,EURUSD26SEP1.31CE,EURUSD,28SEP2026,13100000.000000,1,OPTCUR,CDS,1000.000000,10000,False
7308,JPYINR26O3062CE,JPYINR,30OCT2026,620000000.000000,1,OPTCUR,CDS,25000.000000,10000,False
7309,JPYINR26O3062PE,JPYINR,30OCT2026,620000000.000000,1,OPTCUR,CDS,25000.000000,10000,False
7313,EURUSD26DEC1.3CE,EURUSD,29DEC2026,13000000.000000,1,OPTCUR,CDS,1000.000000,10000,False
7317,JPYINR26O3062.75CE,JPYINR,30OCT2026,627500000.000000,1,OPTCUR,CDS,25000.000000,10000,False
7361,EURINR26O01114.75CE,EURINR,01OCT2026,1147500000.000000,1,OPTCUR,CDS,25000.000000,10000,False
7364,EURINR26O01115PE,EURINR,01OCT2026,1150000000.000000,1,OPTCUR,CDS,25000.000000,10000,False
7380,JPYINR26O3063.5CE,JPYINR,30OCT2026,635000000.000000,1,OPTCUR,CDS,25000.000000,10000,False
7384,636GS203126SEP101.75PE,636GS2031,24SEP2026,1017500000.000000,1,OPTIRC,CDS,25000.000000,1250,False
7389,JPYINR26O3063.75CE,JPYINR,30OCT2026,637500000.000000,1,OPTCUR,CDS,25000.000000,10000,False
7392,JPYINR26N2764CE,JPYINR,27NOV2026,640000000.000000,1,OPTCUR,CDS,25000.000000,10000,False
7395,JPYINR26O3064CE,JPYINR,30OCT2026,640000000.000000,1,OPTCUR,CDS,25000.000000,10000,False
7405,GBPINR26NOV132.75PE,GBPINR,26NOV2026,1327500000.000000,1,OPTCUR,CDS,25000.000000,10000,False
7406,GBPINR26NOV133CE,GBPINR,26NOV2026,1330000000.000000,1,OPTCUR,CDS,25000.000000,10000,False
7415,JPYINR26O3064.5CE,JPYINR,30OCT2026,645000000.000000,1,OPTCUR,CDS,25000.000000,10000,False
7425,EURUSD26DEC1.255PE,EURUSD,29DEC2026,12550000.000000,1,OPTCUR,CDS,1000.000000,10000,False
7428,JPYINR26O3064.75CE,JPYINR,30OCT2026,647500000.000000,1,OPTCUR,CDS,25000.000000,10000,False
7438,USDINR26SEP97.25PE,USDINR,28SEP2026,972500000.000000,1,OPTCUR,CDS,25000.000000,10000,False
7439,USDINR26SEP97.5CE,USDINR,28SEP2026,975000000.000000,1,OPTCUR,CDS,25000.000000,10000,False
7459,USDINR26DEC97.5CE,USDINR,29DEC2026,975000000.000000,1,OPTCUR,CDS,25000.000000,10000,False
7472,EURUSD26DEC1.275CE,EURUSD,29DEC2026,12750000.000000,1,OPTCUR,CDS,1000.000000,10000,False
7539,EURUSD26DEC1.295CE,EURUSD,29DEC2026,12950000.000000,1,OPTCUR,CDS,1000.000000,10000,False
7552,GBPINR26O01126.25CE,GBPINR,01OCT2026,1262500000.000000,1,OPTCUR,CDS,25000.000000,10000,False
7555,GBPINR26O01126.5CE,GBPINR,01OCT2026,1265000000.000000,1,OPTCUR,CDS,25000.000000,10000,False
7560,GBPINR26O01127PE,GBPINR,01OCT2026,1270000000.000000,1,OPTCUR,CDS,25000.000000,10000,False
7568,GBPINR26O01127.75CE,GBPINR,01OCT2026,1277500000.000000,1,OPTCUR,CDS,25000.000000,10000,False
7585,GBPINR26O01128.5PE,GBPINR,01OCT2026,1285000000.000000,1,OPTCUR,CDS,25000.000000,10000,False
7594,GBPINR26O01129.5PE,GBPINR,01OCT2026,1295000000.000000,1,OPTCUR,CDS,25000.000000,10000,False
7596,GBPINR26O01129.75PE,GBPINR,01OCT2026,1297500000.000000,1,OPTCUR,CDS,25000.000000,10000,False
7602,GBPINR26O01130.5CE,GBPINR,01OCT2026,1305000000.000000,1,OPTCUR,CDS,25000.000000,10000,False
7624,GBPINR26O01133CE,GBPINR,01OCT2026,1330000000.000000,1,OPTCUR,CDS,25000.000000,10000,False
7640,USDINR26O3091CE,USDINR,30OCT2026,910000000.000000,1,OPTCUR,CDS,25000.000000,10000,False
7704,JPYINR26O0155.5CE,JPYINR,01OCT2026,555000000.000000,1,OPTCUR,CDS,25000.000000,10000,False
7707,JPYINR26O0155.75PE,JPYINR,01OCT2026,557500000.000000,1,OPTCUR,CDS,25000.000000,10000,False
7715,JPYINR26O0156.25CE,JPYINR,01OCT2026,562500000.000000,1,OPTCUR,CDS,25000.000000,10000,False
7729,JPYINR26O2358.5CE,JPYINR,23OCT2026,585000000.000000,1,OPTCUR,CDS,25000.000000,10000,False
7731,USDINR26O3091.25CE,USDINR,30OCT2026,912500000.000000,1,OPTCUR,CDS,25000.000000,10000,False
7757,JPYINR26O0158PE,JPYINR,01OCT2026,580000000.000000,1,OPTCUR,CDS,25000.000000,10000,False
7779,JPYINR26O0159PE,JPYINR,01OCT2026,590000000.000000,1,OPTCUR,CDS,25000.000000,10000,False
7815,JPYINR26O0162CE,JPYINR,01OCT2026,620000000.000000,1,OPTCUR,CDS,25000.000000,10000,False
7816,JPYINR26O0162PE,JPYINR,01OCT2026,620000000.000000,1,OPTCUR,CDS,25000.000000,10000,False
7818,JPYINR26O2359.25PE,JPYINR,23OCT2026,592500000.000000,1,OPTCUR,CDS,25000.000000,10000,False
7832,JPYINR26O0162.75PE,JPYINR,01OCT2026,627500000.000000,1,OPTCUR,CDS,25000.000000,10000,False
7841,JPYINR26O0163.25PE,JPYINR,01OCT2026,632500000.000000,1,OPTCUR,CDS,25000.000000,10000,False
7853,JPYINR26O0164PE,JPYINR,01OCT2026,640000000.000000,1,OPTCUR,CDS,25000.000000,10000,False
7854,USDINR26O0991PE,USDINR,09OCT2026,910000000.000000,1,OPTCUR,CDS,25000.000000,10000,False
7855,USDINR26O0991.25CE,USDINR,09OCT2026,912500000.000000,1,OPTCUR,CDS,25000.000000,10000,False
7878,USDINR26O0191.25CE,USDINR,01OCT2026,912500000.000000,1,OPTCUR,CDS,25000.000000,10000,False
7891,USDINR26O0991.5PE,USDINR,09OCT2026,915000000.000000,1,OPTCUR,CDS,25000.000000,10000,False
7909,GBPINR27MAR125CE,GBPINR,29MAR2027,1250000000.000000,1,OPTCUR,CDS,25000.000000,10000,False
7915,USDINR26O0193PE,USDINR,01OCT2026,930000000.000000,1,OPTCUR,CDS,25000.000000,10000,False
7941,GBPINR27MAR132.5CE,GBPINR,29MAR2027,1325000000.000000,1,OPTCUR,CDS,25000.000000,10000,False
7945,USDINR26O0195.75PE,USDINR,01OCT2026,957500000.000000,1,OPTCUR,CDS,25000.000000,10000,False
7944,GBPUSD27MAR1.475PE,GBPUSD,29MAR2027,14750000.000000,1,OPTCUR,CDS,1000.000000,10000,False
7965,USDINR26O0196.75CE,USDINR,01OCT2026,967500000.000000,1,OPTCUR,CDS,25000.000000,10000,False
7966,USDINR26O0196.75PE,USDINR,01OCT2026,967500000.000000,1,OPTCUR,CDS,25000.000000,10000,False
7987,USDINR26O0198.5PE,USDINR,01OCT2026,985000000.000000,1,OPTCUR,CDS,25000.000000,10000,False
7994,USDINR26O0199.25PE,USDINR,01OCT2026,992500000.000000,1,OPTCUR,CDS,25000.000000,10000,False
7996,USDINR26O0992CE,USDINR,09OCT2026,920000000.000000,1,OPTCUR,CDS,25000.000000,10000,False
8002,USDINR26O01100CE,USDINR,01OCT2026,1000000000.000000,1,OPTCUR,CDS,25000.000000,10000,False
8025,USDINR26O3093.75PE,USDINR,30OCT2026,937500000.000000,1,OPTCUR,CDS,25000.000000,10000,False
8042,USDINR26O0992.75PE,USDINR,09OCT2026,927500000.000000,1,OPTCUR,CDS,25000.000000,10000,False
8060,GBPINR26OCT128CE,GBPINR,28OCT2026,1280000000.000000,1,OPTCUR,CDS,25000.000000,10000,False
8067,GBPINR26O16129PE,GBPINR,16OCT2026,1290000000.000000,1,OPTCUR,CDS,25000.000000,10000,False
8096,USDINR26O0995PE,USDINR,09OCT2026,950000000.000000,1,OPTCUR,CDS,25000.000000,10000,False
8133,USDINR26O0996.625PE,USDINR,09OCT2026,966250000.000000,1,OPTCUR,CDS,25000.000000,10000,False
8137,USDINR26O0996.875PE,USDINR,09OCT2026,968750000.000000,1,OPTCUR,CDS,25000.000000,10000,False
8140,USDINR26O0997PE,USDINR,09OCT2026,970000000.000000,1,OPTCUR,CDS,25000.000000,10000,False
8157,USDINR26O0998.25PE,USDINR,09OCT2026,982500000.000000,1,OPTCUR,CDS,25000.000000,10000,False
8161,USDINR26O0998.75PE,USDINR,09OCT2026,987500000.000000,1,OPTCUR,CDS,25000.000000,10000,False
82,R-GOI7.26%2033,R726GS2033,,-1.000000,1,UNDIRC,CDS,25000.000000,1250,False
8165,USDINR26O0999.25PE,USDINR,09OCT2026,992500000.000000,1,OPTCUR,CDS,25000.000000,10000,False
8171,GBPINR26OCT129PE,GBPINR,28OCT2026,1290000000.000000,1,OPTCUR,CDS,25000.000000,10000,False
8234,USDJPY26DEC176CE,USDJPY,29DEC2026,1760000000.000000,1,OPTCUR,CDS,100000.000000,10000,False
8246,GBPINR26O16130.25PE,GBPINR,16OCT2026,1302500000.000000,1,OPTCUR,CDS,25000.000000,10000,False
8255,GBPINR26OCT130.5PE,GBPINR,28OCT2026,1305000000.000000,1,OPTCUR,CDS,25000.000000,10000,False
8256,GBPINR26OCT130.75CE,GBPINR,28OCT2026,1307500000.000000,1,OPTCUR,CDS,25000.000000,10000,False
8260,JPYINR26O2364CE,JPYINR,23OCT2026,640000000.000000,1,OPTCUR,CDS,25000.000000,10000,False
8261,JPYINR26O2364PE,JPYINR,23OCT2026,640000000.000000,1,OPTCUR,CDS,25000.000000,10000,False
8263,GBPINR26OCT131.25CE,GBPINR,28OCT2026,1312500000.000000,1,OPTCUR,CDS,25000.000000,10000,False
8278,GBPINR26OCT133CE,GBPINR,28OCT2026,1330000000.000000,1,OPTCUR,CDS,25000.000000,10000,False
8280,GBPINR26OCT133.25CE,GBPINR,28OCT2026,1332500000.000000,1,OPTCUR,CDS,25000.000000,10000,False
8282,JPYINR26O2364.5PE,JPYINR,23OCT2026,645000000.000000,1,OPTCUR,CDS,25000.000000,10000,False
8287,GBPINR26OCT133.5PE,GBPINR,28OCT2026,1335000000.000000,1,OPTCUR,CDS,25000.000000,10000,False
8307,GBPUSD26OCT1.24CE,GBPUSD,28OCT2026,12400000.000000,1,OPTCUR,CDS,1000.000000,10000,False
8326,GBPUSD26OCT1.265CE,GBPUSD,28OCT2026,12650000.000000,1,OPTCUR,CDS,1000.000000,10000,False
8332,GBPUSD26OCT1.275CE,GBPUSD,28OCT2026,12750000.000000,1,OPTCUR,CDS,1000.000000,10000,False
8361,GBPUSD26OCT1.33CE,GBPUSD,28OCT2026,13300000.000000,1,OPTCUR,CDS,1000.000000,10000,False
8376,636GS203126DEC97.5PE,636GS2031,31DEC2026,975000000.000000,1,OPTIRC,CDS,25000.000000,1250,False
8379,GBPUSD26OCT1.345CE,GBPUSD,28OCT2026,13450000.000000,1,OPTCUR,CDS,1000.000000,10000,False
8381,GBPUSD26OCT1.35CE,GBPUSD,28OCT2026,13500000.000000,1,OPTCUR,CDS,1000.000000,10000,False
8393,GBPUSD26OCT1.375PE,GBPUSD,28OCT2026,13750000.000000,1,OPTCUR,CDS,1000.000000,10000,False
8414,GBPUSD26OCT1.4PE,GBPUSD,28OCT2026,14000000.000000,1,OPTCUR,CDS,1000.000000,10000,False
8420,GBPUSD26OCT1.415PE,GBPUSD,28OCT2026,14150000.000000,1,OPTCUR,CDS,1000.000000,10000,False
8435,GBPINR26O16132CE,GBPINR,16OCT2026,1320000000.000000,1,OPTCUR,CDS,25000.000000,10000,False
8448,GBPUSD26OCT1.425PE,GBPUSD,28OCT2026,14250000.000000,1,OPTCUR,CDS,1000.000000,10000,False
8480,GBPUSD26OCT1.445PE,GBPUSD,28OCT2026,14450000.000000,1,OPTCUR,CDS,1000.000000,10000,False
8503,636GS203126DEC98.5CE,636GS2031,31DEC2026,985000000.000000,1,OPTIRC,CDS,25000.000000,1250,False
8512,GBPINR27MAR125.5CE,GBPINR,29MAR2027,1255000000.000000,1,OPTCUR,CDS,25000.000000,10000,False
8513,GBPINR27MAR125.5PE,GBPINR,29MAR2027,1255000000.000000,1,OPTCUR,CDS,25000.000000,10000,False
8611,636GS203126DEC99.5CE,636GS2031,31DEC2026,995000000.000000,1,OPTIRC,CDS,25000.000000,1250,False
8625,USDINR26N2091.75CE,USDINR,20NOV2026,917500000.000000,1,OPTCUR,CDS,25000.000000,10000,False
8636,JPYINR26O1656.5CE,JPYINR,16OCT2026,565000000.000000,1,OPTCUR,CDS,25000.000000,10000,False
8646,GBPINR27MAR126.5CE,GBPINR,29MAR2027,1265000000.000000,1,OPTCUR,CDS,25000.000000,10000,False
8647,GBPINR27MAR126.5PE,GBPINR,29MAR2027,1265000000.000000,1,OPTCUR,CDS,25000.000000,10000,False
8658,JPYINR26O1657.5PE,JPYINR,16OCT2026,575000000.000000,1,OPTCUR,CDS,25000.000000,10000,False
8660,JPYINR26O1657.75PE,JPYINR,16OCT2026,577500000.000000,1,OPTCUR,CDS,25000.000000,10000,False
8693,GBPINR26SEP129.5CE,GBPINR,28SEP2026,1295000000.000000,1,OPTCUR,CDS,25000.000000,10000,False
8706,GBPINR26SEP130PE,GBPINR,28SEP2026,1300000000.000000,1,OPTCUR,CDS,25000.000000,10000,False
8709,GBPINR26DEC129.5CE,GBPINR,29DEC2026,1295000000.000000,1,OPTCUR,CDS,25000.000000,10000,False
8723,JPYINR26O1661.5PE,JPYINR,16OCT2026,615000000.000000,1,OPTCUR,CDS,25000.000000,10000,False
8730,GBPUSD26NOV1.245PE,GBPUSD,26NOV2026,12450000.000000,1,OPTCUR,CDS,1000.000000,10000,False
8740,GBPUSD26NOV1.27PE,GBPUSD,26NOV2026,12700000.000000,1,OPTCUR,CDS,1000.000000,10000,False
8756,JPYINR26O1663CE,JPYINR,16OCT2026,630000000.000000,1,OPTCUR,CDS,25000.000000,10000,False
88,R-GOI7.18%2033,R718GS2033,,-1.000000,1,UNDIRC,CDS,25000.000000,1250,False
8797,USDINR26N2094.625CE,USDINR,20NOV2026,946250000.000000,1,OPTCUR,CDS,25000.000000,10000,False
8805,GBPUSD26NOV1.305CE,GBPUSD,26NOV2026,13050000.000000,1,OPTCUR,CDS,1000.000000,10000,False
8860,USDINR26O3095.5CE,USDINR,30OCT2026,955000000.000000,1,OPTCUR,CDS,25000.000000,10000,False
8862,GBPUSD26NOV1.34PE,GBPUSD,26NOV2026,13400000.000000,1,OPTCUR,CDS,1000.000000,10000,False
8867,GBPUSD26NOV1.345CE,GBPUSD,26NOV2026,13450000.000000,1,OPTCUR,CDS,1000.000000,10000,False
8868,636GS203126DEC100.75CE,636GS2031,31DEC2026,1007500000.000000,1,OPTIRC,CDS,25000.000000,1250,False
8875,636GS203126DEC101.25PE,636GS2031,31DEC2026,1012500000.000000,1,OPTIRC,CDS,25000.000000,1250,False
8877,636GS203126DEC101.5PE,636GS2031,31DEC2026,1015000000.000000,1,OPTIRC,CDS,25000.000000,1250,False
8927,GBPINR27MAR127CE,GBPINR,29MAR2027,1270000000.000000,1,OPTCUR,CDS,25000.000000,10000,False
8942,GBPINR27MAR127.25CE,GBPINR,29MAR2027,1272500000.000000,1,OPTCUR,CDS,25000.000000,10000,False
8953,USDINR26N2098.25PE,USDINR,20NOV2026,982500000.000000,1,OPTCUR,CDS,25000.000000,10000,False
8954,USDINR26N2098.5CE,USDINR,20NOV2026,985000000.000000,1,OPTCUR,CDS,25000.000000,10000,False
8963,JPYINR26OCT55.75PE,JPYINR,28OCT2026,557500000.000000,1,OPTCUR,CDS,25000.000000,10000,False
8965,JPYINR26OCT56PE,JPYINR,28OCT2026,560000000.000000,1,OPTCUR,CDS,25000.000000,10000,False
8969,JPYINR26OCT56.5PE,JPYINR,28OCT2026,565000000.000000,1,OPTCUR,CDS,25000.000000,10000,False
8974,GBPUSD27JUN1.29PE,GBPUSD,28JUN2027,12900000.000000,1,OPTCUR,CDS,1000.000000,10000,False
8976,JPYINR26OCT56.75PE,JPYINR,28OCT2026,567500000.000000,1,OPTCUR,CDS,25000.000000,10000,False
9001,JPYINR26OCT58.25PE,JPYINR,28OCT2026,582500000.000000,1,OPTCUR,CDS,25000.000000,10000,False
9023,GBPUSD26NOV1.405CE,GBPUSD,26NOV2026,14050000.000000,1,OPTCUR,CDS,1000.000000,10000,False
9039,JPYINR26OCT60CE,JPYINR,28OCT2026,600000000.000000,1,OPTCUR,CDS,25000.000000,10000,False
9076,JPYINR26OCT62.5CE,JPYINR,28OCT2026,625000000.000000,1,OPTCUR,CDS,25000.000000,10000,False
9077,JPYINR26OCT62.5PE,JPYINR,28OCT2026,625000000.000000,1,OPTCUR,CDS,25000.000000,10000,False
9086,GBPUSD26NOV1.435CE,GBPUSD,26NOV2026,14350000.000000,1,OPTCUR,CDS,1000.000000,10000,False
9087,GBPUSD26NOV1.435PE,GBPUSD,26NOV2026,14350000.000000,1,OPTCUR,CDS,1000.000000,10000,False
9093,USDINR26O1691.25PE,USDINR,16OCT2026,912500000.000000,1,OPTCUR,CDS,25000.000000,10000,False
9120,USDINR26O1694CE,USDINR,16OCT2026,940000000.000000,1,OPTCUR,CDS,25000.000000,10000,False
9121,USDINR26O1694PE,USDINR,16OCT2026,940000000.000000,1,OPTCUR,CDS,25000.000000,10000,False
9099,USDINR26O1692PE,USDINR,16OCT2026,920000000.000000,1,OPTCUR,CDS,25000.000000,10000,False
9105,JPYINR26OCT63.5CE,JPYINR,28OCT2026,635000000.000000,1,OPTCUR,CDS,25000.000000,10000,False
9122,USDINR26O1694.25CE,USDINR,16OCT2026,942500000.000000,1,OPTCUR,CDS,25000.000000,10000,False
9139,USDINR26O1695.25PE,USDINR,16OCT2026,952500000.000000,1,OPTCUR,CDS,25000.000000,10000,False
9111,USDINR26O1693PE,USDINR,16OCT2026,930000000.000000,1,OPTCUR,CDS,25000.000000,10000,False
9115,USDJPY26OCT144.5CE,USDJPY,28OCT2026,1445000000.000000,1,OPTCUR,CDS,100000.000000,10000,False
9123,USDINR26O1694.25PE,USDINR,16OCT2026,942500000.000000,1,OPTCUR,CDS,25000.000000,10000,False
9144,USDINR26O1695.625CE,USDINR,16OCT2026,956250000.000000,1,OPTCUR,CDS,25000.000000,10000,False
9149,USDINR26O1695.875PE,USDINR,16OCT2026,958750000.000000,1,OPTCUR,CDS,25000.000000,10000,False
9150,USDINR26O1696CE,USDINR,16OCT2026,960000000.000000,1,OPTCUR,CDS,25000.000000,10000,False
9159,USDINR26O1696.5PE,USDINR,16OCT2026,965000000.000000,1,OPTCUR,CDS,25000.000000,10000,False
9163,USDJPY26NOV143CE,USDJPY,26NOV2026,1430000000.000000,1,OPTCUR,CDS,100000.000000,10000,False
9191,USDINR26SEP97.75PE,USDINR,28SEP2026,977500000.000000,1,OPTCUR,CDS,25000.000000,10000,False
9210,USDINR26O1698.5CE,USDINR,16OCT2026,985000000.000000,1,OPTCUR,CDS,25000.000000,10000,False
9239,GBPINR26SEP132.75CE,GBPINR,28SEP2026,1327500000.000000,1,OPTCUR,CDS,25000.000000,10000,False
9278,GBPINR26SEP133.75CE,GBPINR,28SEP2026,1337500000.000000,1,OPTCUR,CDS,25000.000000,10000,False
9287,USDINR26N2794.5PE,USDINR,27NOV2026,945000000.000000,1,OPTCUR,CDS,25000.000000,10000,False
9319,USDINR26N2795CE,USDINR,27NOV2026,950000000.000000,1,OPTCUR,CDS,25000.000000,10000,False
9328,633GS203526OCT94.25CE,633GS2035,29OCT2026,942500000.000000,1,OPTIRC,CDS,25000.000000,1250,False
9331,633GS203526OCT94.5PE,633GS2035,29OCT2026,945000000.000000,1,OPTIRC,CDS,25000.000000,1250,False
9332,633GS203526OCT94.75CE,633GS2035,29OCT2026,947500000.000000,1,OPTIRC,CDS,25000.000000,1250,False
9334,USDINR26N2795.125CE,USDINR,27NOV2026,951250000.000000,1,OPTCUR,CDS,25000.000000,10000,False
9358,USDINR26O0195.125CE,USDINR,01OCT2026,951250000.000000,1,OPTCUR,CDS,25000.000000,10000,False
9372,633GS203526OCT97.75CE,633GS2035,29OCT2026,977500000.000000,1,OPTIRC,CDS,25000.000000,1250,False
9384,633GS203526OCT99.25CE,633GS2035,29OCT2026,992500000.000000,1,OPTIRC,CDS,25000.000000,1250,False
9391,EURINR26SEP110.5CE,EURINR,28SEP2026,1105000000.000000,1,OPTCUR,CDS,25000.000000,10000,False
9392,633GS203526OCT99.5PE,633GS2035,29OCT2026,995000000.000000,1,OPTIRC,CDS,25000.000000,1250,False
9401,EURINR26SEP111CE,EURINR,28SEP2026,1110000000.000000,1,OPTCUR,CDS,25000.000000,10000,False
9438,636GS203126OCT97.25PE,636GS2031,29OCT2026,972500000.000000,1,OPTIRC,CDS,25000.000000,1250,False
9441,USDINR26N2796.5PE,USDINR,27NOV2026,965000000.000000,1,OPTCUR,CDS,25000.000000,10000,False
9443,USDINR26N2796.75PE,USDINR,27NOV2026,967500000.000000,1,OPTCUR,CDS,25000.000000,10000,False
9462,USDINR26N2798.25PE,USDINR,27NOV2026,982500000.000000,1,OPTCUR,CDS,25000.000000,10000,False
9464,636GS203126OCT98.5PE,636GS2031,29OCT2026,985000000.000000,1,OPTIRC,CDS,25000.000000,1250,False
9537,GBPUSD26NOV1.47PE,GBPUSD,26NOV2026,14700000.000000,1,OPTCUR,CDS,1000.000000,10000,False
9561,GBPINR27MAR128CE,GBPINR,29MAR2027,1280000000.000000,1,OPTCUR,CDS,25000.000000,10000,False
9564,GBPINR27MAR128.25PE,GBPINR,29MAR2027,1282500000.000000,1,OPTCUR,CDS,25000.000000,10000,False
9567,GBPINR27MAR128.75CE,GBPINR,29MAR2027,1287500000.000000,1,OPTCUR,CDS,25000.000000,10000,False
9574,USDINR26OCT93CE,USDINR,28OCT2026,930000000.000000,1,OPTCUR,CDS,25000.000000,10000,False
9584,636GS203126OCT99.5CE,636GS2031,29OCT2026,995000000.000000,1,OPTIRC,CDS,25000.000000,1250,False
9585,636GS203126OCT99.5PE,636GS2031,29OCT2026,995000000.000000,1,OPTIRC,CDS,25000.000000,1250,False
9596,636GS203126OCT101CE,636GS2031,29OCT2026,1010000000.000000,1,OPTIRC,CDS,25000.000000,1250,False
9628,USDINR26OCT93.75CE,USDINR,28OCT2026,937500000.000000,1,OPTCUR,CDS,25000.000000,10000,False
9633,648GS203526OCT95.5CE,648GS2035,29OCT2026,955000000.000000,1,OPTIRC,CDS,25000.000000,1250,False
9634,648GS203526OCT95.5PE,648GS2035,29OCT2026,955000000.000000,1,OPTIRC,CDS,25000.000000,1250,False
9643,648GS203526OCT96.5CE,648GS2035,29OCT2026,965000000.000000,1,OPTIRC,CDS,25000.000000,1250,False
9649,USDINR26OCT94.75CE,USDINR,28OCT2026,947500000.000000,1,OPTCUR,CDS,25000.000000,10000,False
9664,USDINR26OCT95.75CE,USDINR,28OCT2026,957500000.000000,1,OPTCUR,CDS,25000.000000,10000,False
9693,USDINR26OCT98.5CE,USDINR,28OCT2026,985000000.000000,1,OPTCUR,CDS,25000.000000,10000,False
9710,648GS203526OCT97.5PE,648GS2035,29OCT2026,975000000.000000,1,OPTIRC,CDS,25000.000000,1250,False
9720,648GS203526OCT98.25PE,648GS2035,29OCT2026,982500000.000000,1,OPTIRC,CDS,25000.000000,1250,False
9726,GBPINR26DEC118.75CE,GBPINR,29DEC2026,1187500000.000000,1,OPTCUR,CDS,25000.000000,10000,False
9737,648GS203526OCT99.25PE,648GS2035,29OCT2026,992500000.000000,1,OPTIRC,CDS,25000.000000,1250,False
9746,648GS203526OCT100.25CE,648GS2035,29OCT2026,1002500000.000000,1,OPTIRC,CDS,25000.000000,1250,False
9747,648GS203526OCT100.25PE,648GS2035,29OCT2026,1002500000.000000,1,OPTIRC,CDS,25000.000000,1250,False
9763,USDJPY26OCT152.5CE,USDJPY,28OCT2026,1525000000.000000,1,OPTCUR,CDS,100000.000000,10000,False
9777,USDJPY26OCT152.5PE,USDJPY,28OCT2026,1525000000.000000,1,OPTCUR,CDS,100000.000000,10000,False
9829,USDJPY26OCT153PE,USDJPY,28OCT2026,1530000000.000000,1,OPTCUR,CDS,100000.000000,10000,False
9832,USDJPY26OCT153.5CE,USDJPY,28OCT2026,1535000000.000000,1,OPTCUR,CDS,100000.000000,10000,False
9844,USDJPY26OCT154CE,USDJPY,28OCT2026,1540000000.000000,1,OPTCUR,CDS,100000.000000,10000,False
9845,USDJPY26OCT154PE,USDJPY,28OCT2026,1540000000.000000,1,OPTCUR,CDS,100000.000000,10000,False
9853,USDINR26O2392.5PE,USDINR,23OCT2026,925000000.000000,1,OPTCUR,CDS,25000.000000,10000,False
9856,668GS204026OCT96.75CE,668GS2040,29OCT2026,967500000.000000,1,OPTIRC,CDS,25000.000000,1250,False
9863,USDJPY26OCT157CE,USDJPY,28OCT2026,1570000000.000000,1,OPTCUR,CDS,100000.000000,10000,False
9870,USDJPY26OCT158CE,USDJPY,28OCT2026,1580000000.000000,1,OPTCUR,CDS,100000.000000,10000,False
9874,USDINR26O2393.25PE,USDINR,23OCT2026,932500000.000000,1,OPTCUR,CDS,25000.000000,10000,False
9886,USDJPY26OCT159CE,USDJPY,28OCT2026,1590000000.000000,1,OPTCUR,CDS,100000.000000,10000,False
9902,USDINR26O2394CE,USDINR,23OCT2026,940000000.000000,1,OPTCUR,CDS,25000.000000,10000,False
9905,USDJPY26OCT161PE,USDJPY,28OCT2026,1610000000.000000,1,OPTCUR,CDS,100000.000000,10000,False
9907,USDINR26O2394.25CE,USDINR,23OCT2026,942500000.000000,1,OPTCUR,CDS,25000.000000,10000,False
9911,USDINR26O2394.5CE,USDINR,23OCT2026,945000000.000000,1,OPTCUR,CDS,25000.000000,10000,False
9935,USDINR26O2395.25PE,USDINR,23OCT2026,952500000.000000,1,OPTCUR,CDS,25000.000000,10000,False
9957,668GS204026OCT99CE,668GS2040,29OCT2026,990000000.000000,1,OPTIRC,CDS,25000.000000,1250,False
10051,JPYINR26NOV57PE,JPYINR,26NOV2026,570000000.000000,1,OPTCUR,CDS,25000.000000,10000,False
10094,USDJPY26OCT167.5CE,USDJPY,28OCT2026,1675000000.000000,1,OPTCUR,CDS,100000.000000,10000,False
10105,USDJPY26OCT167.5PE,USDJPY,28OCT2026,1675000000.000000,1,OPTCUR,CDS,100000.000000,10000,False
10120,USDJPY26OCT168PE,USDJPY,28OCT2026,1680000000.000000,1,OPTCUR,CDS,100000.000000,10000,False
10171,USDJPY26OCT169.5PE,USDJPY,28OCT2026,1695000000.000000,1,OPTCUR,CDS,100000.000000,10000,False
10179,694GS203626OCT98.5PE,694GS2036,29OCT2026,985000000.000000,1,OPTIRC,CDS,25000.000000,1250,False
1025,GBPUSD27FEBFUT,GBPUSD,24FEB2027,-1.000000,1,FUTCUR,CDS,1000.000000,10000,False
10194,GBPINR26SEP131PE,GBPINR,28SEP2026,1310000000.000000,1,OPTCUR,CDS,25000.000000,10000,False
10202,GBPINR26SEP131.25PE,GBPINR,28SEP2026,1312500000.000000,1,OPTCUR,CDS,25000.000000,10000,False
10230,694GS203626OCT100CE,694GS2036,29OCT2026,1000000000.000000,1,OPTIRC,CDS,25000.000000,1250,False
10277,723GS203926OCT99.25PE,723GS2039,29OCT2026,992500000.000000,1,OPTIRC,CDS,25000.000000,1250,False
10299,723GS203926OCT101.25PE,723GS2039,29OCT2026,1012500000.000000,1,OPTIRC,CDS,25000.000000,1250,False
10302,723GS203926OCT101.75CE,723GS2039,29OCT2026,1017500000.000000,1,OPTIRC,CDS,25000.000000,1250,False
10305,JPYINR26NOV57.75PE,JPYINR,26NOV2026,577500000.000000,1,OPTCUR,CDS,25000.000000,10000,False
10323,723GS203926OCT102.75PE,723GS2039,29OCT2026,1027500000.000000,1,OPTIRC,CDS,25000.000000,1250,False
10336,723GS203926OCT104.5CE,723GS2039,29OCT2026,1045000000.000000,1,OPTIRC,CDS,25000.000000,1250,False
10366,GBPINR26DEC130.75CE,GBPINR,29DEC2026,1307500000.000000,1,OPTCUR,CDS,25000.000000,10000,False
10370,USDINR26O3097.75CE,USDINR,30OCT2026,977500000.000000,1,OPTCUR,CDS,25000.000000,10000,False
1046,ONMIBOR26DECFUT,ONMIBOR,31DEC2026,-1.000000,1,FUTIRC,CDS,25000.000000,40,False
10433,USDJPY26OCT171.5CE,USDJPY,28OCT2026,1715000000.000000,1,OPTCUR,CDS,100000.000000,10000,False
10490,JPYINR26NOV60CE,JPYINR,26NOV2026,600000000.000000,1,OPTCUR,CDS,25000.000000,10000,False
10497,USDJPY26OCT175CE,USDJPY,28OCT2026,1750000000.000000,1,OPTCUR,CDS,100000.000000,10000,False
10507,GBPINR26OCT133.75PE,GBPINR,28OCT2026,1337500000.000000,1,OPTCUR,CDS,25000.000000,10000,False
10511,USDINR26O2396.375CE,USDINR,23OCT2026,963750000.000000,1,OPTCUR,CDS,25000.000000,10000,False
10512,USDINR26O2396.375PE,USDINR,23OCT2026,963750000.000000,1,OPTCUR,CDS,25000.000000,10000,False
10521,JPYINR26SEP58.5CE,JPYINR,28SEP2026,585000000.000000,1,OPTCUR,CDS,25000.000000,10000,False
1056,GBPUSD27JANFUT,GBPUSD,27JAN2027,-1.000000,1,FUTCUR,CDS,1000.000000,10000,False
10526,JPYINR26OCT64.75PE,JPYINR,28OCT2026,647500000.000000,1,OPTCUR,CDS,25000.000000,10000,False
10537,USDJPY26OCT151CE,USDJPY,28OCT2026,1510000000.000000,1,OPTCUR,CDS,100000.000000,10000,False
10655,JPYINR26NOV61.25CE,JPYINR,26NOV2026,612500000.000000,1,OPTCUR,CDS,25000.000000,10000,False
10656,JPYINR26NOV61.25PE,JPYINR,26NOV2026,612500000.000000,1,OPTCUR,CDS,25000.000000,10000,False
10714,EURINR26N06106.75PE,EURINR,06NOV2026,1067500000.000000,1,OPTCUR,CDS,25000.000000,10000,False
10754,EURINR26N06109.5CE,EURINR,06NOV2026,1095000000.000000,1,OPTCUR,CDS,25000.000000,10000,False
10756,EURINR26N06109.75CE,EURINR,06NOV2026,1097500000.000000,1,OPTCUR,CDS,25000.000000,10000,False
10762,EURINR26N06110.5CE,EURINR,06NOV2026,1105000000.000000,1,OPTCUR,CDS,25000.000000,10000,False
10766,EURINR26N06111CE,EURINR,06NOV2026,1110000000.000000,1,OPTCUR,CDS,25000.000000,10000,False
10772,EURINR26N06111.75CE,EURINR,06NOV2026,1117500000.000000,1,OPTCUR,CDS,25000.000000,10000,False
10776,EURINR26N06112CE,EURINR,06NOV2026,1120000000.000000,1,OPTCUR,CDS,25000.000000,10000,False
1078,EURINR27JUN113.75PE,EURINR,28JUN2027,1137500000.000000,1,OPTCUR,CDS,25000.000000,10000,False
1083,648GS203526DEC95.25PE,648GS2035,31DEC2026,952500000.000000,1,OPTIRC,CDS,25000.000000,1250,False
10801,EURINR26N06112.5PE,EURINR,06NOV2026,1125000000.000000,1,OPTCUR,CDS,25000.000000,10000,False
10807,EURINR26N06113.25CE,EURINR,06NOV2026,1132500000.000000,1,OPTCUR,CDS,25000.000000,10000,False
1099,GBPINR27JUN130.75PE,GBPINR,28JUN2027,1307500000.000000,1,OPTCUR,CDS,25000.000000,10000,False
10831,USDINR26SEP95.125CE,USDINR,28SEP2026,951250000.000000,1,OPTCUR,CDS,25000.000000,10000,False
10952,USDJPY26SEP165PE,USDJPY,28SEP2026,1650000000.000000,1,OPTCUR,CDS,100000.000000,10000,False
11031,EURUSD26OCT1.29PE,EURUSD,28OCT2026,12900000.000000,1,OPTCUR,CDS,1000.000000,10000,False
1109,GBPINR26DECFUT,GBPINR,29DEC2026,-1.000000,1,FUTCUR,CDS,25000.000000,10000,False
1111,633GS203526OCTFUT,633GS2035,29OCT2026,-1.000000,1,FUTIRC,CDS,25000.000000,1250,False
1116,636GS203126OCTFUT,636GS2031,29OCT2026,-1.000000,1,FUTIRC,CDS,25000.000000,1250,False
11120,GBPUSD27JUN1.34CE,GBPUSD,28JUN2027,13400000.000000,1,OPTCUR,CDS,1000.000000,10000,False
1123,EURUSD26DEC1.05CE,EURUSD,29DEC2026,10500000.000000,1,OPTCUR,CDS,1000.000000,10000,False
11320,GBPUSD27JUN1.35CE,GBPUSD,28JUN2027,13500000.000000,1,OPTCUR,CDS,1000.000000,10000,False
11441,GBPINR26N06126PE,GBPINR,06NOV2026,1260000000.000000,1,OPTCUR,CDS,25000.000000,10000,False
11454,GBPINR26N06127.5PE,GBPINR,06NOV2026,1275000000.000000,1,OPTCUR,CDS,25000.000000,10000,False
11480,GBPINR26N06129.25PE,GBPINR,06NOV2026,1292500000.000000,1,OPTCUR,CDS,25000.000000,10000,False
11492,USDJPY26SEP170CE,USDJPY,28SEP2026,1700000000.000000,1,OPTCUR,CDS,100000.000000,10000,False
11520,GBPINR26N06129.5PE,GBPINR,06NOV2026,1295000000.000000,1,OPTCUR,CDS,25000.000000,10000,False
1156,GBPINR27MAYFUT,GBPINR,27MAY2027,-1.000000,1,FUTCUR,CDS,25000.000000,10000,False
11543,JPYINR26SEP58.75CE,JPYINR,28SEP2026,587500000.000000,1,OPTCUR,CDS,25000.000000,10000,False
11580,GBPINR26N06130.75CE,GBPINR,06NOV2026,1307500000.000000,1,OPTCUR,CDS,25000.000000,10000,False
11591,633GS203526DEC94.75PE,633GS2035,31DEC2026,947500000.000000,1,OPTIRC,CDS,25000.000000,1250,False
11612,GBPINR26N06132.25CE,GBPINR,06NOV2026,1322500000.000000,1,OPTCUR,CDS,25000.000000,10000,False
11613,GBPINR26N06132.25PE,GBPINR,06NOV2026,1322500000.000000,1,OPTCUR,CDS,25000.000000,10000,False
11624,GBPINR26DEC120CE,GBPINR,29DEC2026,1200000000.000000,1,OPTCUR,CDS,25000.000000,10000,False
11630,694GS203626SEP100.25CE,694GS2036,24SEP2026,1002500000.000000,1,OPTIRC,CDS,25000.000000,1250,False
11632,694GS203626SEP100.25PE,694GS2036,24SEP2026,1002500000.000000,1,OPTIRC,CDS,25000.000000,1250,False
11647,694GS203626SEP100.75CE,694GS2036,24SEP2026,1007500000.000000,1,OPTIRC,CDS,25000.000000,1250,False
11654,694GS203626SEP101CE,694GS2036,24SEP2026,1010000000.000000,1,OPTIRC,CDS,25000.000000,1250,False
11664,GBPINR26DEC120.5CE,GBPINR,29DEC2026,1205000000.000000,1,OPTCUR,CDS,25000.000000,10000,False
11669,633GS203526DEC95CE,633GS2035,31DEC2026,950000000.000000,1,OPTIRC,CDS,25000.000000,1250,False
11670,633GS203526DEC95PE,633GS2035,31DEC2026,950000000.000000,1,OPTIRC,CDS,25000.000000,1250,False
11681,JPYINR26SEP59.75CE,JPYINR,28SEP2026,597500000.000000,1,OPTCUR,CDS,25000.000000,10000,False
11683,694GS203626SEP101.5CE,694GS2036,24SEP2026,1015000000.000000,1,OPTIRC,CDS,25000.000000,1250,False
11687,694GS203626SEP102CE,694GS2036,24SEP2026,1020000000.000000,1,OPTIRC,CDS,25000.000000,1250,False
11693,694GS203626SEP102.75CE,694GS2036,24SEP2026,1027500000.000000,1,OPTIRC,CDS,25000.000000,1250,False
11724,694GS203626DEC97.25PE,694GS2036,31DEC2026,972500000.000000,1,OPTIRC,CDS,25000.000000,1250,False
11729,694GS203626DEC98CE,694GS2036,31DEC2026,980000000.000000,1,OPTIRC,CDS,25000.000000,1250,False
1182,USDINR27MAYFUT,USDINR,27MAY2027,-1.000000,1,FUTCUR,CDS,25000.000000,10000,False
11737,694GS203626DEC99CE,694GS2036,31DEC2026,990000000.000000,1,OPTIRC,CDS,25000.000000,1250,False
11774,GBPUSD26DEC1.48PE,GBPUSD,29DEC2026,14800000.000000,1,OPTCUR,CDS,1000.000000,10000,False
11778,GBPUSD26DEC1.49PE,GBPUSD,29DEC2026,14900000.000000,1,OPTCUR,CDS,1000.000000,10000,False
11826,694GS203626DEC100.5CE,694GS2036,31DEC2026,1005000000.000000,1,OPTIRC,CDS,25000.000000,1250,False
11827,694GS203626DEC100.5PE,694GS2036,31DEC2026,1005000000.000000,1,OPTIRC,CDS,25000.000000,1250,False
11900,USDINR26SEP95.25CE,USDINR,28SEP2026,952500000.000000,1,OPTCUR,CDS,25000.000000,10000,False
11906,694GS203626DEC101.25PE,694GS2036,31DEC2026,1012500000.000000,1,OPTIRC,CDS,25000.000000,1250,False
11990,JPYINR26N0656.75PE,JPYINR,06NOV2026,567500000.000000,1,OPTCUR,CDS,25000.000000,10000,False
11994,JPYINR26N0657PE,JPYINR,06NOV2026,570000000.000000,1,OPTCUR,CDS,25000.000000,10000,False
11997,JPYINR26N0657.5CE,JPYINR,06NOV2026,575000000.000000,1,OPTCUR,CDS,25000.000000,10000,False
12000,JPYINR26N0657.75PE,JPYINR,06NOV2026,577500000.000000,1,OPTCUR,CDS,25000.000000,10000,False
12010,JPYINR26N0659CE,JPYINR,06NOV2026,590000000.000000,1,OPTCUR,CDS,25000.000000,10000,False
12049,JPYINR26N0663.5PE,JPYINR,06NOV2026,635000000.000000,1,OPTCUR,CDS,25000.000000,10000,False
12054,USDINR26N0694.625CE,USDINR,06NOV2026,946250000.000000,1,OPTCUR,CDS,25000.000000,10000,False
12116,JPYINR26N0664.25CE,JPYINR,06NOV2026,642500000.000000,1,OPTCUR,CDS,25000.000000,10000,False
12278,USDINR26N0692.75PE,USDINR,06NOV2026,927500000.000000,1,OPTCUR,CDS,25000.000000,10000,False
12327,USDINR26N0695.625CE,USDINR,06NOV2026,956250000.000000,1,OPTCUR,CDS,25000.000000,10000,False
12331,USDINR26N0695.875CE,USDINR,06NOV2026,958750000.000000,1,OPTCUR,CDS,25000.000000,10000,False
12339,USDINR26N0696.25PE,USDINR,06NOV2026,962500000.000000,1,OPTCUR,CDS,25000.000000,10000,False
12361,USDINR26N0698.5PE,USDINR,06NOV2026,985000000.000000,1,OPTCUR,CDS,25000.000000,10000,False
12368,USDINR26NOV91CE,USDINR,26NOV2026,910000000.000000,1,OPTCUR,CDS,25000.000000,10000,False
12371,USDINR26NOV91.25PE,USDINR,26NOV2026,912500000.000000,1,OPTCUR,CDS,25000.000000,10000,False
12527,EURINR26SEP111.25PE,EURINR,28SEP2026,1112500000.000000,1,OPTCUR,CDS,25000.000000,10000,False
1258,USDJPY26DECFUT,USDJPY,29DEC2026,-1.000000,1,FUTCUR,CDS,100000.000000,10000,False
1273,EURINR26OCTFUT,EURINR,28OCT2026,-1.000000,1,FUTCUR,CDS,25000.000000,10000,False
12738,GBPINR26SEP126.25CE,GBPINR,28SEP2026,1262500000.000000,1,OPTCUR,CDS,25000.000000,10000,False
12854,USDINR26NOV92.5PE,USDINR,26NOV2026,925000000.000000,1,OPTCUR,CDS,25000.000000,10000,False
12874,USDINR26NOV92.75PE,USDINR,26NOV2026,927500000.000000,1,OPTCUR,CDS,25000.000000,10000,False
12932,USDINR26NOV93.25PE,USDINR,26NOV2026,932500000.000000,1,OPTCUR,CDS,25000.000000,10000,False
12933,USDINR26NOV93.5CE,USDINR,26NOV2026,935000000.000000,1,OPTCUR,CDS,25000.000000,10000,False
12942,USDINR26NOV94.5PE,USDINR,26NOV2026,945000000.000000,1,OPTCUR,CDS,25000.000000,10000,False
12952,694GS203627MAR97.5PE,694GS2036,25MAR2027,975000000.000000,1,OPTIRC,CDS,25000.000000,1250,False
12975,USDINR26NOV95.25CE,USDINR,26NOV2026,952500000.000000,1,OPTCUR,CDS,25000.000000,10000,False
13003,USDINR26NOV96CE,USDINR,26NOV2026,960000000.000000,1,OPTCUR,CDS,25000.000000,10000,False
13029,USDINR26NOV97CE,USDINR,26NOV2026,970000000.000000,1,OPTCUR,CDS,25000.000000,10000,False
13040,GBPUSD26DEC1.205PE,GBPUSD,29DEC2026,12050000.000000,1,OPTCUR,CDS,1000.000000,10000,False
13061,USDINR26NOV98.25CE,USDINR,26NOV2026,982500000.000000,1,OPTCUR,CDS,25000.000000,10000,False
13084,694GS203627MAR101.25CE,694GS2036,25MAR2027,1012500000.000000,1,OPTIRC,CDS,25000.000000,1250,False
13095,694GS203627MAR102.25CE,694GS2036,25MAR2027,1022500000.000000,1,OPTIRC,CDS,25000.000000,1250,False
13132,GBPINR27MAR129.5PE,GBPINR,29MAR2027,1295000000.000000,1,OPTCUR,CDS,25000.000000,10000,False
13136,GBPINR27MAR130PE,GBPINR,29MAR2027,1300000000.000000,1,OPTCUR,CDS,25000.000000,10000,False
13141,GBPINR27MAR130.75CE,GBPINR,29MAR2027,1307500000.000000,1,OPTCUR,CDS,25000.000000,10000,False
13162,JPYINR27JUN57.25PE,JPYINR,28JUN2027,572500000.000000,1,OPTCUR,CDS,25000.000000,10000,False
13175,JPYINR27JUN58CE,JPYINR,28JUN2027,580000000.000000,1,OPTCUR,CDS,25000.000000,10000,False
13192,USDJPY26NOV148.5CE,USDJPY,26NOV2026,1485000000.000000,1,OPTCUR,CDS,100000.000000,10000,False
13193,USDJPY26NOV148.5PE,USDJPY,26NOV2026,1485000000.000000,1,OPTCUR,CDS,100000.000000,10000,False
13214,USDJPY26NOV154CE,USDJPY,26NOV2026,1540000000.000000,1,OPTCUR,CDS,100000.000000,10000,False
13221,USDJPY26NOV155.5PE,USDJPY,26NOV2026,1555000000.000000,1,OPTCUR,CDS,100000.000000,10000,False
13233,USDJPY26NOV158.5PE,USDJPY,26NOV2026,1585000000.000000,1,OPTCUR,CDS,100000.000000,10000,False
13246,USDJPY26NOV162CE,USDJPY,26NOV2026,1620000000.000000,1,OPTCUR,CDS,100000.000000,10000,False
13258,USDJPY26NOV164.5CE,USDJPY,26NOV2026,1645000000.000000,1,OPTCUR,CDS,100000.000000,10000,False
13263,USDJPY26NOV165.5PE,USDJPY,26NOV2026,1655000000.000000,1,OPTCUR,CDS,100000.000000,10000,False
13272,USDJPY26NOV168CE,USDJPY,26NOV2026,1680000000.000000,1,OPTCUR,CDS,100000.000000,10000,False
13283,694GS203627MAR102.75CE,694GS2036,25MAR2027,1027500000.000000,1,OPTIRC,CDS,25000.000000,1250,False
13284,694GS203627MAR102.75PE,694GS2036,25MAR2027,1027500000.000000,1,OPTIRC,CDS,25000.000000,1250,False
13296,GBPINR26DEC122.75CE,GBPINR,29DEC2026,1227500000.000000,1,OPTCUR,CDS,25000.000000,10000,False
13308,694GS203626NOVFUT,694GS2036,26NOV2026,-1.000000,1,FUTIRC,CDS,25000.000000,1250,False
13309,723GS203926NOVFUT,723GS2039,26NOV2026,-1.000000,1,FUTIRC,CDS,25000.000000,1250,False
13316,JPYINR27JUN59.5CE,JPYINR,28JUN2027,595000000.000000,1,OPTCUR,CDS,25000.000000,10000,False
13317,JPYINR27JUN59.5PE,JPYINR,28JUN2027,595000000.000000,1,OPTCUR,CDS,25000.000000,10000,False
13358,EURINR26N13109.25PE,EURINR,13NOV2026,1092500000.000000,1,OPTCUR,CDS,25000.000000,10000,False
13382,JPYINR27JUN61PE,JPYINR,28JUN2027,610000000.000000,1,OPTCUR,CDS,25000.000000,10000,False
13383,JPYINR27JUN61.25CE,JPYINR,28JUN2027,612500000.000000,1,OPTCUR,CDS,25000.000000,10000,False
13396,JPYINR27JUN62.75PE,JPYINR,28JUN2027,627500000.000000,1,OPTCUR,CDS,25000.000000,10000,False
1341,EURUSD27MAR1.035CE,EURUSD,29MAR2027,10350000.000000,1,OPTCUR,CDS,1000.000000,10000,False
13410,EURINR26N13109.75PE,EURINR,13NOV2026,1097500000.000000,1,OPTCUR,CDS,25000.000000,10000,False
13428,GBPINR27MAR131PE,GBPINR,29MAR2027,1310000000.000000,1,OPTCUR,CDS,25000.000000,10000,False
13443,GBPUSD27MAR1.24CE,GBPUSD,29MAR2027,12400000.000000,1,OPTCUR,CDS,1000.000000,10000,False
13444,GBPUSD27MAR1.24PE,GBPUSD,29MAR2027,12400000.000000,1,OPTCUR,CDS,1000.000000,10000,False
13445,GBPUSD27MAR1.245CE,GBPUSD,29MAR2027,12450000.000000,1,OPTCUR,CDS,1000.000000,10000,False
13459,GBPUSD27MAR1.275PE,GBPUSD,29MAR2027,12750000.000000,1,OPTCUR,CDS,1000.000000,10000,False
13466,GBPUSD27MAR1.29CE,GBPUSD,29MAR2027,12900000.000000,1,OPTCUR,CDS,1000.000000,10000,False
13473,GBPUSD27MAR1.305PE,GBPUSD,29MAR2027,13050000.000000,1,OPTCUR,CDS,1000.000000,10000,False
13474,GBPUSD27MAR1.31CE,GBPUSD,29MAR2027,13100000.000000,1,OPTCUR,CDS,1000.000000,10000,False
13485,GBPUSD27MAR1.335PE,GBPUSD,29MAR2027,13350000.000000,1,OPTCUR,CDS,1000.000000,10000,False
13491,GBPUSD27MAR1.35PE,GBPUSD,29MAR2027,13500000.000000,1,OPTCUR,CDS,1000.000000,10000,False
13502,GBPUSD27MAR1.38CE,GBPUSD,29MAR2027,13800000.000000,1,OPTCUR,CDS,1000.000000,10000,False
13521,GBPUSD27MAR1.425PE,GBPUSD,29MAR2027,14250000.000000,1,OPTCUR,CDS,1000.000000,10000,False
13504,GBPUSD27MAR1.385CE,GBPUSD,29MAR2027,13850000.000000,1,OPTCUR,CDS,1000.000000,10000,False
13507,GBPUSD27MAR1.39PE,GBPUSD,29MAR2027,13900000.000000,1,OPTCUR,CDS,1000.000000,10000,False
1359,USDINR26SEP94.375PE,USDINR,28SEP2026,943750000.000000,1,OPTCUR,CDS,25000.000000,10000,False
13526,GBPINR26DEC123CE,GBPINR,29DEC2026,1230000000.000000,1,OPTCUR,CDS,25000.000000,10000,False
13533,GBPINR26DEC123.75PE,GBPINR,29DEC2026,1237500000.000000,1,OPTCUR,CDS,25000.000000,10000,False
13574,EURINR26N13111.5CE,EURINR,13NOV2026,1115000000.000000,1,OPTCUR,CDS,25000.000000,10000,False
1360,USDJPY26SEP174PE,USDJPY,28SEP2026,1740000000.000000,1,OPTCUR,CDS,100000.000000,10000,False
1362,USDJPY26DEC173.5PE,USDJPY,29DEC2026,1735000000.000000,1,OPTCUR,CDS,100000.000000,10000,False
13593,GBPUSD26DEC1.265CE,GBPUSD,29DEC2026,12650000.000000,1,OPTCUR,CDS,1000.000000,10000,False
13594,GBPUSD26DEC1.265PE,GBPUSD,29DEC2026,12650000.000000,1,OPTCUR,CDS,1000.000000,10000,False
13627,EURINR26N13114PE,EURINR,13NOV2026,1140000000.000000,1,OPTCUR,CDS,25000.000000,10000,False
13628,EURINR26N13114.25CE,EURINR,13NOV2026,1142500000.000000,1,OPTCUR,CDS,25000.000000,10000,False
13667,JPYINR27MAR55.5PE,JPYINR,29MAR2027,555000000.000000,1,OPTCUR,CDS,25000.000000,10000,False
13668,JPYINR27MAR55.75CE,JPYINR,29MAR2027,557500000.000000,1,OPTCUR,CDS,25000.000000,10000,False
13677,JPYINR27MAR56.75PE,JPYINR,29MAR2027,567500000.000000,1,OPTCUR,CDS,25000.000000,10000,False
13682,JPYINR27MAR57.5CE,JPYINR,29MAR2027,575000000.000000,1,OPTCUR,CDS,25000.000000,10000,False
13699,JPYINR27MAR58.75PE,JPYINR,29MAR2027,587500000.000000,1,OPTCUR,CDS,25000.000000,10000,False
13700,JPYINR27MAR59CE,JPYINR,29MAR2027,590000000.000000,1,OPTCUR,CDS,25000.000000,10000,False
13725,JPYINR27MAR60.75PE,JPYINR,29MAR2027,607500000.000000,1,OPTCUR,CDS,25000.000000,10000,False
13731,JPYINR27MAR61.5PE,JPYINR,29MAR2027,615000000.000000,1,OPTCUR,CDS,25000.000000,10000,False
13733,GBPUSD26DEC1.305CE,GBPUSD,29DEC2026,13050000.000000,1,OPTCUR,CDS,1000.000000,10000,False
13738,GBPUSD26DEC1.315PE,GBPUSD,29DEC2026,13150000.000000,1,OPTCUR,CDS,1000.000000,10000,False
13745,JPYINR27MAR62PE,JPYINR,29MAR2027,620000000.000000,1,OPTCUR,CDS,25000.000000,10000,False
13751,GBPUSD26DEC1.34CE,GBPUSD,29DEC2026,13400000.000000,1,OPTCUR,CDS,1000.000000,10000,False
13758,GBPUSD26DEC1.345CE,GBPUSD,29DEC2026,13450000.000000,1,OPTCUR,CDS,1000.000000,10000,False
13760,GBPUSD26DEC1.35CE,GBPUSD,29DEC2026,13500000.000000,1,OPTCUR,CDS,1000.000000,10000,False
13783,GBPUSD26DEC1.39PE,GBPUSD,29DEC2026,13900000.000000,1,OPTCUR,CDS,1000.000000,10000,False
13795,GBPUSD26DEC1.42PE,GBPUSD,29DEC2026,14200000.000000,1,OPTCUR,CDS,1000.000000,10000,False
13796,GBPUSD26DEC1.425CE,GBPUSD,29DEC2026,14250000.000000,1,OPTCUR,CDS,1000.000000,10000,False
13809,GBPUSD26DEC1.45PE,GBPUSD,29DEC2026,14500000.000000,1,OPTCUR,CDS,1000.000000,10000,False
13827,GBPINR26N13125.5CE,GBPINR,13NOV2026,1255000000.000000,1,OPTCUR,CDS,25000.000000,10000,False
13834,JPYINR27MAR63CE,JPYINR,29MAR2027,630000000.000000,1,OPTCUR,CDS,25000.000000,10000,False
13837,GBPINR26N13126CE,GBPINR,13NOV2026,1260000000.000000,1,OPTCUR,CDS,25000.000000,10000,False
13846,GBPINR26N13127PE,GBPINR,13NOV2026,1270000000.000000,1,OPTCUR,CDS,25000.000000,10000,False
13860,GBPINR26N13127.5PE,GBPINR,13NOV2026,1275000000.000000,1,OPTCUR,CDS,25000.000000,10000,False
13871,GBPINR26N13128.5CE,GBPINR,13NOV2026,1285000000.000000,1,OPTCUR,CDS,25000.000000,10000,False
13875,GBPINR26N13129CE,GBPINR,13NOV2026,1290000000.000000,1,OPTCUR,CDS,25000.000000,10000,False
13887,GBPINR26N13130.5CE,GBPINR,13NOV2026,1305000000.000000,1,OPTCUR,CDS,25000.000000,10000,False
13921,JPYINR27MAR63.75PE,JPYINR,29MAR2027,637500000.000000,1,OPTCUR,CDS,25000.000000,10000,False
13985,JPYINR26N1358.5CE,JPYINR,13NOV2026,585000000.000000,1,OPTCUR,CDS,25000.000000,10000,False
13999,USDINR26SEP99.75PE,USDINR,28SEP2026,997500000.000000,1,OPTCUR,CDS,25000.000000,10000,False
14003,JPYINR26N1359.5CE,JPYINR,13NOV2026,595000000.000000,1,OPTCUR,CDS,25000.000000,10000,False
14012,JPYINR26N1360.5PE,JPYINR,13NOV2026,605000000.000000,1,OPTCUR,CDS,25000.000000,10000,False
14024,JPYINR26N1361.5PE,JPYINR,13NOV2026,615000000.000000,1,OPTCUR,CDS,25000.000000,10000,False
14025,JPYINR26N1361.75CE,JPYINR,13NOV2026,617500000.000000,1,OPTCUR,CDS,25000.000000,10000,False
14029,JPYINR26N1362.25CE,JPYINR,13NOV2026,622500000.000000,1,OPTCUR,CDS,25000.000000,10000,False
14035,JPYINR26N1363CE,JPYINR,13NOV2026,630000000.000000,1,OPTCUR,CDS,25000.000000,10000,False
14045,JPYINR26N1364.25CE,JPYINR,13NOV2026,642500000.000000,1,OPTCUR,CDS,25000.000000,10000,False
14047,JPYINR26N1364.5CE,JPYINR,13NOV2026,645000000.000000,1,OPTCUR,CDS,25000.000000,10000,False
14048,JPYINR26N1364.5PE,JPYINR,13NOV2026,645000000.000000,1,OPTCUR,CDS,25000.000000,10000,False
14077,USDINR26N1391.25CE,USDINR,13NOV2026,912500000.000000,1,OPTCUR,CDS,25000.000000,10000,False
14099,USDINR27MAR89CE,USDINR,29MAR2027,890000000.000000,1,OPTCUR,CDS,25000.000000,10000,False
14140,USDINR27MAR91.5PE,USDINR,29MAR2027,915000000.000000,1,OPTCUR,CDS,25000.000000,10000,False
14151,USDINR26N1394.75PE,USDINR,13NOV2026,947500000.000000,1,OPTCUR,CDS,25000.000000,10000,False
14165,USDINR26N1395.25CE,USDINR,13NOV2026,952500000.000000,1,OPTCUR,CDS,25000.000000,10000,False
14185,USDINR26N1396.75CE,USDINR,13NOV2026,967500000.000000,1,OPTCUR,CDS,25000.000000,10000,False
14198,USDINR26N1398.25PE,USDINR,13NOV2026,982500000.000000,1,OPTCUR,CDS,25000.000000,10000,False
14237,633GS203526NOV94.25CE,633GS2035,26NOV2026,942500000.000000,1,OPTIRC,CDS,25000.000000,1250,False
14238,633GS203526NOV94.25PE,633GS2035,26NOV2026,942500000.000000,1,OPTIRC,CDS,25000.000000,1250,False
14242,633GS203526NOV94.75PE,633GS2035,26NOV2026,947500000.000000,1,OPTIRC,CDS,25000.000000,1250,False
14311,636GS203126NOV97.75CE,636GS2031,26NOV2026,977500000.000000,1,OPTIRC,CDS,25000.000000,1250,False
14316,636GS203126NOV98.25PE,636GS2031,26NOV2026,982500000.000000,1,OPTIRC,CDS,25000.000000,1250,False
14326,636GS203126NOV99.5PE,636GS2031,26NOV2026,995000000.000000,1,OPTIRC,CDS,25000.000000,1250,False
14371,648GS203526NOV95CE,648GS2035,26NOV2026,950000000.000000,1,OPTIRC,CDS,25000.000000,1250,False
14373,648GS203526NOV95.25CE,648GS2035,26NOV2026,952500000.000000,1,OPTIRC,CDS,25000.000000,1250,False
14393,648GS203526NOV97.75CE,648GS2035,26NOV2026,977500000.000000,1,OPTIRC,CDS,25000.000000,1250,False
1441,EURINR26NOV110.25CE,EURINR,26NOV2026,1102500000.000000,1,OPTCUR,CDS,25000.000000,10000,False
14400,648GS203526NOV98.5PE,648GS2035,26NOV2026,985000000.000000,1,OPTIRC,CDS,25000.000000,1250,False
14428,USDINR27MAR93.75PE,USDINR,29MAR2027,937500000.000000,1,OPTCUR,CDS,25000.000000,10000,False
14450,668GS204026NOV94.75CE,668GS2040,26NOV2026,947500000.000000,1,OPTIRC,CDS,25000.000000,1250,False
14457,668GS204026NOV95.5PE,668GS2040,26NOV2026,955000000.000000,1,OPTIRC,CDS,25000.000000,1250,False
14467,668GS204026NOV96.75PE,668GS2040,26NOV2026,967500000.000000,1,OPTIRC,CDS,25000.000000,1250,False
14470,668GS204026NOV97.25CE,668GS2040,26NOV2026,972500000.000000,1,OPTIRC,CDS,25000.000000,1250,False
14477,668GS204026NOV98PE,668GS2040,26NOV2026,980000000.000000,1,OPTIRC,CDS,25000.000000,1250,False
1460,USDINR26DEC97CE,USDINR,29DEC2026,970000000.000000,1,OPTCUR,CDS,25000.000000,10000,False
14580,723GS203926NOV99.75CE,723GS2039,26NOV2026,997500000.000000,1,OPTIRC,CDS,25000.000000,1250,False
14585,723GS203926NOV100.25PE,723GS2039,26NOV2026,1002500000.000000,1,OPTIRC,CDS,25000.000000,1250,False
14594,723GS203926NOV101.5CE,723GS2039,26NOV2026,1015000000.000000,1,OPTIRC,CDS,25000.000000,1250,False
14603,723GS203926NOV102.5PE,723GS2039,26NOV2026,1025000000.000000,1,OPTIRC,CDS,25000.000000,1250,False
14621,723GS203926NOV104.75PE,723GS2039,26NOV2026,1047500000.000000,1,OPTIRC,CDS,25000.000000,1250,False
14622,723GS203926NOV105CE,723GS2039,26NOV2026,1050000000.000000,1,OPTIRC,CDS,25000.000000,1250,False
14647,USDINR27MAR95.5CE,USDINR,29MAR2027,955000000.000000,1,OPTCUR,CDS,25000.000000,10000,False
14661,633GS203526DEC98CE,633GS2035,31DEC2026,980000000.000000,1,OPTIRC,CDS,25000.000000,1250,False
14697,USDINR27MAR97CE,USDINR,29MAR2027,970000000.000000,1,OPTCUR,CDS,25000.000000,10000,False
14700,USDINR27MAR97.25PE,USDINR,29MAR2027,972500000.000000,1,OPTCUR,CDS,25000.000000,10000,False
14708,USDINR27MAR98.25PE,USDINR,29MAR2027,982500000.000000,1,OPTCUR,CDS,25000.000000,10000,False
1481,EURINR26NOV111.5PE,EURINR,26NOV2026,1115000000.000000,1,OPTCUR,CDS,25000.000000,10000,False
14736,633GS203526DEC98.25PE,633GS2035,31DEC2026,982500000.000000,1,OPTIRC,CDS,25000.000000,1250,False
14764,USDJPY27MAR150PE,USDJPY,29MAR2027,1500000000.000000,1,OPTCUR,CDS,100000.000000,10000,False
14765,USDJPY27MAR150.5CE,USDJPY,29MAR2027,1505000000.000000,1,OPTCUR,CDS,100000.000000,10000,False
1508,USDINR26N1394.375CE,USDINR,13NOV2026,943750000.000000,1,OPTCUR,CDS,25000.000000,10000,False
14903,USDINR26SEP97CE,USDINR,28SEP2026,970000000.000000,1,OPTCUR,CDS,25000.000000,10000,False
14907,USDJPY27MAR163CE,USDJPY,29MAR2027,1630000000.000000,1,OPTCUR,CDS,100000.000000,10000,False
15102,USDJPY27MAR166.5CE,USDJPY,29MAR2027,1665000000.000000,1,OPTCUR,CDS,100000.000000,10000,False
15138,USDJPY26DEC141.5CE,USDJPY,29DEC2026,1415000000.000000,1,OPTCUR,CDS,100000.000000,10000,False
15171,USDJPY27MAR168.5PE,USDJPY,29MAR2027,1685000000.000000,1,OPTCUR,CDS,100000.000000,10000,False
15172,USDJPY27MAR169CE,USDJPY,29MAR2027,1690000000.000000,1,OPTCUR,CDS,100000.000000,10000,False
15184,JPYINR26DEC54.25CE,JPYINR,29DEC2026,542500000.000000,1,OPTCUR,CDS,25000.000000,10000,False
15185,JPYINR26DEC54.25PE,JPYINR,29DEC2026,542500000.000000,1,OPTCUR,CDS,25000.000000,10000,False
15206,JPYINR26DEC57CE,JPYINR,29DEC2026,570000000.000000,1,OPTCUR,CDS,25000.000000,10000,False
15210,JPYINR26DEC57.5CE,JPYINR,29DEC2026,575000000.000000,1,OPTCUR,CDS,25000.000000,10000,False
15216,JPYINR26DEC58.25CE,JPYINR,29DEC2026,582500000.000000,1,OPTCUR,CDS,25000.000000,10000,False
15223,JPYINR26DEC59PE,JPYINR,29DEC2026,590000000.000000,1,OPTCUR,CDS,25000.000000,10000,False
15230,JPYINR26DEC60CE,JPYINR,29DEC2026,600000000.000000,1,OPTCUR,CDS,25000.000000,10000,False
15260,USDJPY27MAR169PE,USDJPY,29MAR2027,1690000000.000000,1,OPTCUR,CDS,100000.000000,10000,False
15436,633GS203527MARFUT,633GS2035,25MAR2027,-1.000000,1,FUTIRC,CDS,25000.000000,1250,False
15449,USDINR27JUN91PE,USDINR,28JUN2027,910000000.000000,1,OPTCUR,CDS,25000.000000,10000,False
15454,USDINR27JUN91.75CE,USDINR,28JUN2027,917500000.000000,1,OPTCUR,CDS,25000.000000,10000,False
15456,USDINR27JUN92CE,USDINR,28JUN2027,920000000.000000,1,OPTCUR,CDS,25000.000000,10000,False
15474,USDINR27JUN94.25CE,USDINR,28JUN2027,942500000.000000,1,OPTCUR,CDS,25000.000000,10000,False
1548,USDJPY26SEP136.5PE,USDJPY,28SEP2026,1365000000.000000,1,OPTCUR,CDS,100000.000000,10000,False
15477,USDINR27JUN94.5PE,USDINR,28JUN2027,945000000.000000,1,OPTCUR,CDS,25000.000000,10000,False
15502,JPYINR26DEC60.5CE,JPYINR,29DEC2026,605000000.000000,1,OPTCUR,CDS,25000.000000,10000,False
15517,JPYINR26DEC62.25PE,JPYINR,29DEC2026,622500000.000000,1,OPTCUR,CDS,25000.000000,10000,False
15519,JPYINR26DEC62.5PE,JPYINR,29DEC2026,625000000.000000,1,OPTCUR,CDS,25000.000000,10000,False
15537,USDINR27JUN98CE,USDINR,28JUN2027,980000000.000000,1,OPTCUR,CDS,25000.000000,10000,False
15575,USDINR26DEC87PE,USDINR,29DEC2026,870000000.000000,1,OPTCUR,CDS,25000.000000,10000,False
15582,USDINR26DEC88CE,USDINR,29DEC2026,880000000.000000,1,OPTCUR,CDS,25000.000000,10000,False
15589,USDINR26DEC88.75PE,USDINR,29DEC2026,887500000.000000,1,OPTCUR,CDS,25000.000000,10000,False
15590,USDINR26DEC89CE,USDINR,29DEC2026,890000000.000000,1,OPTCUR,CDS,25000.000000,10000,False
15593,USDINR26DEC89.25PE,USDINR,29DEC2026,892500000.000000,1,OPTCUR,CDS,25000.000000,10000,False
15606,USDINR26DEC91CE,USDINR,29DEC2026,910000000.000000,1,OPTCUR,CDS,25000.000000,10000,False
15608,USDINR26DEC91.25CE,USDINR,29DEC2026,912500000.000000,1,OPTCUR,CDS,25000.000000,10000,False
15614,USDINR26DEC92CE,USDINR,29DEC2026,920000000.000000,1,OPTCUR,CDS,25000.000000,10000,False
15616,USDINR26DEC92.25CE,USDINR,29DEC2026,922500000.000000,1,OPTCUR,CDS,25000.000000,10000,False
15630,USDJPY27JUN150CE,USDJPY,28JUN2027,1500000000.000000,1,OPTCUR,CDS,100000.000000,10000,False
15636,USDJPY27JUN151.5CE,USDJPY,28JUN2027,1515000000.000000,1,OPTCUR,CDS,100000.000000,10000,False
15645,USDJPY27JUN153.5PE,USDJPY,28JUN2027,1535000000.000000,1,OPTCUR,CDS,100000.000000,10000,False
15652,USDJPY27JUN155.5CE,USDJPY,28JUN2027,1555000000.000000,1,OPTCUR,CDS,100000.000000,10000,False
15671,USDINR26DEC94CE,USDINR,29DEC2026,940000000.000000,1,OPTCUR,CDS,25000.000000,10000,False
15692,USDINR26DEC96PE,USDINR,29DEC2026,960000000.000000,1,OPTCUR,CDS,25000.000000,10000,False
15704,USDJPY26DEC146.5CE,USDJPY,29DEC2026,1465000000.000000,1,OPTCUR,CDS,100000.000000,10000,False
15709,USDJPY26DEC147.5PE,USDJPY,29DEC2026,1475000000.000000,1,OPTCUR,CDS,100000.000000,10000,False
15711,USDJPY26DEC148PE,USDJPY,29DEC2026,1480000000.000000,1,OPTCUR,CDS,100000.000000,10000,False
15717,USDJPY26DEC149.5PE,USDJPY,29DEC2026,1495000000.000000,1,OPTCUR,CDS,100000.000000,10000,False
15732,USDJPY26DEC153.5CE,USDJPY,29DEC2026,1535000000.000000,1,OPTCUR,CDS,100000.000000,10000,False
15736,USDJPY26DEC154.5CE,USDJPY,29DEC2026,1545000000.000000,1,OPTCUR,CDS,100000.000000,10000,False
15737,USDJPY26DEC154.5PE,USDJPY,29DEC2026,1545000000.000000,1,OPTCUR,CDS,100000.000000,10000,False
15746,USDJPY26DEC157CE,USDJPY,29DEC2026,1570000000.000000,1,OPTCUR,CDS,100000.000000,10000,False
15759,USDJPY26DEC160PE,USDJPY,29DEC2026,1600000000.000000,1,OPTCUR,CDS,100000.000000,10000,False
15764,USDJPY26DEC161.5CE,USDJPY,29DEC2026,1615000000.000000,1,OPTCUR,CDS,100000.000000,10000,False
15768,USDJPY26DEC162.5CE,USDJPY,29DEC2026,1625000000.000000,1,OPTCUR,CDS,100000.000000,10000,False
15773,USDJPY26DEC163.5PE,USDJPY,29DEC2026,1635000000.000000,1,OPTCUR,CDS,100000.000000,10000,False
15778,USDJPY26DEC165CE,USDJPY,29DEC2026,1650000000.000000,1,OPTCUR,CDS,100000.000000,10000,False
15785,USDJPY26DEC166.5PE,USDJPY,29DEC2026,1665000000.000000,1,OPTCUR,CDS,100000.000000,10000,False
15790,694GS203626DEC103.75CE,694GS2036,31DEC2026,1037500000.000000,1,OPTIRC,CDS,25000.000000,1250,False
1584,USDINR26NOVFUT,USDINR,26NOV2026,-1.000000,1,FUTCUR,CDS,25000.000000,10000,False
15804,USDJPY27JUN160.5PE,USDJPY,28JUN2027,1605000000.000000,1,OPTCUR,CDS,100000.000000,10000,False
15846,USDJPY27JUN170.5CE,USDJPY,28JUN2027,1705000000.000000,1,OPTCUR,CDS,100000.000000,10000,False
15857,USDJPY27JUN173PE,USDJPY,28JUN2027,1730000000.000000,1,OPTCUR,CDS,100000.000000,10000,False
15990,648GS203527JUN95.25PE,648GS2035,24JUN2027,952500000.000000,1,OPTIRC,CDS,25000.000000,1250,False
15992,648GS203527JUN95.5PE,648GS2035,24JUN2027,955000000.000000,1,OPTIRC,CDS,25000.000000,1250,False
16003,648GS203527JUN97CE,648GS2035,24JUN2027,970000000.000000,1,OPTIRC,CDS,25000.000000,1250,False
16008,648GS203527JUN97.5PE,648GS2035,24JUN2027,975000000.000000,1,OPTIRC,CDS,25000.000000,1250,False
16026,648GS203527JUN99.75PE,648GS2035,24JUN2027,997500000.000000,1,OPTIRC,CDS,25000.000000,1250,False
16028,648GS203527JUN100PE,648GS2035,24JUN2027,1000000000.000000,1,OPTIRC,CDS,25000.000000,1250,False
16066,668GS204027JUN94PE,668GS2040,24JUN2027,940000000.000000,1,OPTIRC,CDS,25000.000000,1250,False
16071,USDJPY26DEC168CE,USDJPY,29DEC2026,1680000000.000000,1,OPTCUR,CDS,100000.000000,10000,False
1,USDINR,USDINR,,-1.000000,1,UNDCUR,CDS,25000.000000,999,False
10013,USDINR26O2397.25PE,USDINR,23OCT2026,972500000.000000,1,OPTCUR,CDS,25000.000000,10000,False
10052,JPYINR26NOV57.25CE,JPYINR,26NOV2026,572500000.000000,1,OPTCUR,CDS,25000.000000,10000,False
16086,668GS204027JUN96PE,668GS2040,24JUN2027,960000000.000000,1,OPTIRC,CDS,25000.000000,1250,False
16087,668GS204027JUN96.25CE,668GS2040,24JUN2027,962500000.000000,1,OPTIRC,CDS,25000.000000,1250,False
16107,668GS204027JUN98.75CE,668GS2040,24JUN2027,987500000.000000,1,OPTIRC,CDS,25000.000000,1250,False
16168,694GS203627JUN98.75CE,694GS2036,24JUN2027,987500000.000000,1,OPTIRC,CDS,25000.000000,1250,False
1017,633GS203526DEC94CE,633GS2035,31DEC2026,940000000.000000,1,OPTIRC,CDS,25000.000000,1250,False
1018,GBPINR27FEBFUT,GBPINR,24FEB2027,-1.000000,1,FUTCUR,CDS,25000.000000,10000,False
10089,USDINR26O2398.25PE,USDINR,23OCT2026,982500000.000000,1,OPTCUR,CDS,25000.000000,10000,False
10093,USDJPY26OCT167PE,USDJPY,28OCT2026,1670000000.000000,1,OPTCUR,CDS,100000.000000,10000,False
1619,EURINR26NOV113.25PE,EURINR,26NOV2026,1132500000.000000,1,OPTCUR,CDS,25000.000000,10000,False
16180,694GS203627JUN100.25CE,694GS2036,24JUN2027,1002500000.000000,1,OPTIRC,CDS,25000.000000,1250,False
16189,694GS203627JUN101.25PE,694GS2036,24JUN2027,1012500000.000000,1,OPTIRC,CDS,25000.000000,1250,False
16197,694GS203627JUN102.25PE,694GS2036,24JUN2027,1022500000.000000,1,OPTIRC,CDS,25000.000000,1250,False
1621,USDINR26O0995.625PE,USDINR,09OCT2026,956250000.000000,1,OPTCUR,CDS,25000.000000,10000,False
10215,USDINR26O3096.5PE,USDINR,30OCT2026,965000000.000000,1,OPTCUR,CDS,25000.000000,10000,False
10216,USDINR26O3096.75CE,USDINR,30OCT2026,967500000.000000,1,OPTCUR,CDS,25000.000000,10000,False
10231,694GS203626OCT100PE,694GS2036,29OCT2026,1000000000.000000,1,OPTIRC,CDS,25000.000000,1250,False
10256,694GS203626OCT103.25CE,694GS2036,29OCT2026,1032500000.000000,1,OPTIRC,CDS,25000.000000,1250,False
16202,694GS203627JUN103CE,694GS2036,24JUN2027,1030000000.000000,1,OPTIRC,CDS,25000.000000,1250,False
16244,723GS203927JUN99.25CE,723GS2039,24JUN2027,992500000.000000,1,OPTIRC,CDS,25000.000000,1250,False
16247,723GS203927JUN99.5PE,723GS2039,24JUN2027,995000000.000000,1,OPTIRC,CDS,25000.000000,1250,False
1625,EURINR26NOV113.5PE,EURINR,26NOV2026,1135000000.000000,1,OPTCUR,CDS,25000.000000,10000,False
10282,723GS203926OCT99.75CE,723GS2039,29OCT2026,997500000.000000,1,OPTIRC,CDS,25000.000000,1250,False
10288,723GS203926OCT100.25CE,723GS2039,29OCT2026,1002500000.000000,1,OPTIRC,CDS,25000.000000,1250,False
10290,723GS203926OCT100.5CE,723GS2039,29OCT2026,1005000000.000000,1,OPTIRC,CDS,25000.000000,1250,False
10292,723GS203926OCT100.75CE,723GS2039,29OCT2026,1007500000.000000,1,OPTIRC,CDS,25000.000000,1250,False
16248,723GS203927JUN99.75CE,723GS2039,24JUN2027,997500000.000000,1,OPTIRC,CDS,25000.000000,1250,False
16256,723GS203927JUN100.5CE,723GS2039,24JUN2027,1005000000.000000,1,OPTIRC,CDS,25000.000000,1250,False
16270,723GS203927JUN102PE,723GS2039,24JUN2027,1020000000.000000,1,OPTIRC,CDS,25000.000000,1250,False
16279,723GS203927JUN103PE,723GS2039,24JUN2027,1030000000.000000,1,OPTIRC,CDS,25000.000000,1250,False
16285,723GS203927JUN103.75PE,723GS2039,24JUN2027,1037500000.000000,1,OPTIRC,CDS,25000.000000,1250,False
16286,723GS203927JUN104CE,723GS2039,24JUN2027,1040000000.000000,1,OPTIRC,CDS,25000.000000,1250,False
16346,JPYINR26SEP62.25CE,JPYINR,28SEP2026,622500000.000000,1,OPTCUR,CDS,25000.000000,10000,False
103,GOI6.68%2040,668GS2040,,-1.000000,1,UNDIRC,CDS,25000.000000,1250,False
10296,723GS203926OCT101CE,723GS2039,29OCT2026,1010000000.000000,1,OPTIRC,CDS,25000.000000,1250,False
10298,723GS203926OCT101.25CE,723GS2039,29OCT2026,1012500000.000000,1,OPTIRC,CDS,25000.000000,1250,False
10311,723GS203926OCT102.25CE,723GS2039,29OCT2026,1022500000.000000,1,OPTIRC,CDS,25000.000000,1250,False
1035,GBPINR27APRFUT,GBPINR,28APR2027,-1.000000,1,FUTCUR,CDS,25000.000000,10000,False
10319,723GS203926OCT102.5CE,723GS2039,29OCT2026,1025000000.000000,1,OPTIRC,CDS,25000.000000,1250,False
10321,GBPINR26DEC130.5CE,GBPINR,29DEC2026,1305000000.000000,1,OPTCUR,CDS,25000.000000,10000,False
10335,723GS203926OCT104.25PE,723GS2039,29OCT2026,1042500000.000000,1,OPTIRC,CDS,25000.000000,1250,False
16350,JPYINR26SEP62.75CE,JPYINR,28SEP2026,627500000.000000,1,OPTCUR,CDS,25000.000000,10000,False
16356,JPYINR26SEP63.5CE,JPYINR,28SEP2026,635000000.000000,1,OPTCUR,CDS,25000.000000,10000,False
16359,JPYINR26SEP63.75PE,JPYINR,28SEP2026,637500000.000000,1,OPTCUR,CDS,25000.000000,10000,False
16365,JPYINR26SEP64.5PE,JPYINR,28SEP2026,645000000.000000,1,OPTCUR,CDS,25000.000000,10000,False
1638,EURINR26O16106.75PE,EURINR,16OCT2026,1067500000.000000,1,OPTCUR,CDS,25000.000000,10000,False
10359,JPYINR26NOV58.75CE,JPYINR,26NOV2026,587500000.000000,1,OPTCUR,CDS,25000.000000,10000,False
10363,USDINR26O3097.25PE,USDINR,30OCT2026,972500000.000000,1,OPTCUR,CDS,25000.000000,10000,False
10364,USDINR26O3097.5CE,USDINR,30OCT2026,975000000.000000,1,OPTCUR,CDS,25000.000000,10000,False
10386,USDINR26O3098PE,USDINR,30OCT2026,980000000.000000,1,OPTCUR,CDS,25000.000000,10000,False
16422,USDINR26SEP87.25CE,USDINR,28SEP2026,872500000.000000,1,OPTCUR,CDS,25000.000000,10000,False
16427,USDINR26SEP87.75PE,USDINR,28SEP2026,877500000.000000,1,OPTCUR,CDS,25000.000000,10000,False
16438,USDINR26SEP89.25CE,USDINR,28SEP2026,892500000.000000,1,OPTCUR,CDS,25000.000000,10000,False
104,R-GOI6.68%2040,R668GS2040,,-1.000000,1,UNDIRC,CDS,25000.000000,1250,False
10505,EURUSD26OCT1.265PE,EURUSD,28OCT2026,12650000.000000,1,OPTCUR,CDS,1000.000000,10000,False
10525,JPYINR26NOV60.25CE,JPYINR,26NOV2026,602500000.000000,1,OPTCUR,CDS,25000.000000,10000,False
10585,JPYINR26NOV60.25PE,JPYINR,26NOV2026,602500000.000000,1,OPTCUR,CDS,25000.000000,10000,False
16440,USDINR26SEP89.5CE,USDINR,28SEP2026,895000000.000000,1,OPTCUR,CDS,25000.000000,10000,False
16451,USDINR26SEP90.75PE,USDINR,28SEP2026,907500000.000000,1,OPTCUR,CDS,25000.000000,10000,False
16466,USDINR26SEP92.75CE,USDINR,28SEP2026,927500000.000000,1,OPTCUR,CDS,25000.000000,10000,False
16469,USDINR26SEP93PE,USDINR,28SEP2026,930000000.000000,1,OPTCUR,CDS,25000.000000,10000,False
16470,USDINR26SEP93.25CE,USDINR,28SEP2026,932500000.000000,1,OPTCUR,CDS,25000.000000,10000,False
16488,USDJPY26SEP137.5CE,USDJPY,28SEP2026,1375000000.000000,1,OPTCUR,CDS,100000.000000,10000,False
16491,USDJPY26SEP138PE,USDJPY,28SEP2026,1380000000.000000,1,OPTCUR,CDS,100000.000000,10000,False
16492,USDJPY26SEP138.5CE,USDJPY,28SEP2026,1385000000.000000,1,OPTCUR,CDS,100000.000000,10000,False
1060,JPYINR27JANFUT,JPYINR,27JAN2027,-1.000000,1,FUTCUR,CDS,25000.000000,10000,False
10616,GBPUSD27JUN1.315CE,GBPUSD,28JUN2027,13150000.000000,1,OPTCUR,CDS,1000.000000,10000,False
10644,JPYINR26NOV60.75PE,JPYINR,26NOV2026,607500000.000000,1,OPTCUR,CDS,25000.000000,10000,False
10647,JPYINR26NOV61CE,JPYINR,26NOV2026,610000000.000000,1,OPTCUR,CDS,25000.000000,10000,False
16494,USDJPY26SEP139CE,USDJPY,28SEP2026,1390000000.000000,1,OPTCUR,CDS,100000.000000,10000,False
16496,USDJPY26SEP139.5CE,USDJPY,28SEP2026,1395000000.000000,1,OPTCUR,CDS,100000.000000,10000,False
16498,USDJPY26SEP140CE,USDJPY,28SEP2026,1400000000.000000,1,OPTCUR,CDS,100000.000000,10000,False
16499,USDJPY26SEP140PE,USDJPY,28SEP2026,1400000000.000000,1,OPTCUR,CDS,100000.000000,10000,False
1069,GBPINR27AUGFUT,GBPINR,27AUG2027,-1.000000,1,FUTCUR,CDS,25000.000000,10000,False
10681,USDINR26SEP96.25CE,USDINR,28SEP2026,962500000.000000,1,OPTCUR,CDS,25000.000000,10000,False
10705,JPYINR26NOV62.5CE,JPYINR,26NOV2026,625000000.000000,1,OPTCUR,CDS,25000.000000,10000,False
10733,EURINR26N06108PE,EURINR,06NOV2026,1080000000.000000,1,OPTCUR,CDS,25000.000000,10000,False
16506,USDJPY26SEP142CE,USDJPY,28SEP2026,1420000000.000000,1,OPTCUR,CDS,100000.000000,10000,False
16531,USDJPY26SEP148PE,USDJPY,28SEP2026,1480000000.000000,1,OPTCUR,CDS,100000.000000,10000,False
16534,USDJPY26SEP149CE,USDJPY,28SEP2026,1490000000.000000,1,OPTCUR,CDS,100000.000000,10000,False
16536,USDJPY26SEP149.5CE,USDJPY,28SEP2026,1495000000.000000,1,OPTCUR,CDS,100000.000000,10000,False
10755,EURINR26N06109.5PE,EURINR,06NOV2026,1095000000.000000,1,OPTCUR,CDS,25000.000000,10000,False
10771,EURINR26N06111.5PE,EURINR,06NOV2026,1115000000.000000,1,OPTCUR,CDS,25000.000000,10000,False
10779,JPYINR26NOV63.25PE,JPYINR,26NOV2026,632500000.000000,1,OPTCUR,CDS,25000.000000,10000,False
10784,JPYINR26NOV64CE,JPYINR,26NOV2026,640000000.000000,1,OPTCUR,CDS,25000.000000,10000,False
16539,USDJPY26SEP150PE,USDJPY,28SEP2026,1500000000.000000,1,OPTCUR,CDS,100000.000000,10000,False
16545,USDJPY26SEP151.5PE,USDJPY,28SEP2026,1515000000.000000,1,OPTCUR,CDS,100000.000000,10000,False
16552,USDJPY26SEP153.5CE,USDJPY,28SEP2026,1535000000.000000,1,OPTCUR,CDS,100000.000000,10000,False
16573,USDJPY26SEP158.5PE,USDJPY,28SEP2026,1585000000.000000,1,OPTCUR,CDS,100000.000000,10000,False
1081,648GS203526DEC95.25CE,648GS2035,31DEC2026,952500000.000000,1,OPTIRC,CDS,25000.000000,1250,False
1089,GBPINR27JUN130.5CE,GBPINR,28JUN2027,1305000000.000000,1,OPTCUR,CDS,25000.000000,10000,False
10802,EURINR26N06112.75CE,EURINR,06NOV2026,1127500000.000000,1,OPTCUR,CDS,25000.000000,10000,False
10828,USDINR26SEP94.625PE,USDINR,28SEP2026,946250000.000000,1,OPTCUR,CDS,25000.000000,10000,False
16588,633GS203526SEP95.25CE,633GS2035,24SEP2026,952500000.000000,1,OPTIRC,CDS,25000.000000,1250,False
16590,633GS203526SEP95.5CE,633GS2035,24SEP2026,955000000.000000,1,OPTIRC,CDS,25000.000000,1250,False
16591,633GS203526SEP95.5PE,633GS2035,24SEP2026,955000000.000000,1,OPTIRC,CDS,25000.000000,1250,False
16594,633GS203526SEP96CE,633GS2035,24SEP2026,960000000.000000,1,OPTIRC,CDS,25000.000000,1250,False
1660,EURINR26O16107CE,EURINR,16OCT2026,1070000000.000000,1,OPTCUR,CDS,25000.000000,10000,False
16595,633GS203526SEP96PE,633GS2035,24SEP2026,960000000.000000,1,OPTIRC,CDS,25000.000000,1250,False
16619,633GS203526SEP99PE,633GS2035,24SEP2026,990000000.000000,1,OPTIRC,CDS,25000.000000,1250,False
16633,633GS203526SEP100.75PE,633GS2035,24SEP2026,1007500000.000000,1,OPTIRC,CDS,25000.000000,1250,False
1101,USDINR26N1394.625PE,USDINR,13NOV2026,946250000.000000,1,OPTCUR,CDS,25000.000000,10000,False
10970,EURINR26N06114.75PE,EURINR,06NOV2026,1147500000.000000,1,OPTCUR,CDS,25000.000000,10000,False
11029,EURUSD26OCT1.285PE,EURUSD,28OCT2026,12850000.000000,1,OPTCUR,CDS,1000.000000,10000,False
11032,EURUSD27JUN1.285CE,EURUSD,28JUN2027,12850000.000000,1,OPTCUR,CDS,1000.000000,10000,False
16695,668GS204026SEP100PE,668GS2040,24SEP2026,1000000000.000000,1,OPTIRC,CDS,25000.000000,1250,False
16635,633GS203526SEP101PE,633GS2035,24SEP2026,1010000000.000000,1,OPTIRC,CDS,25000.000000,1250,False
16653,668GS204026SEP94.75PE,668GS2040,24SEP2026,947500000.000000,1,OPTIRC,CDS,25000.000000,1250,False
16654,668GS204026SEP95CE,668GS2040,24SEP2026,950000000.000000,1,OPTIRC,CDS,25000.000000,1250,False
11037,GBPUSD27JUN1.325PE,GBPUSD,28JUN2027,13250000.000000,1,OPTCUR,CDS,1000.000000,10000,False
11426,GBPINR26N06125.5PE,GBPINR,06NOV2026,1255000000.000000,1,OPTCUR,CDS,25000.000000,10000,False
16700,668GS204026SEP100.75CE,668GS2040,24SEP2026,1007500000.000000,1,OPTIRC,CDS,25000.000000,1250,False
16724,679GS203426SEP98.5CE,679GS2034,24SEP2026,985000000.000000,1,OPTIRC,CDS,25000.000000,1250,False
16731,679GS203426SEP99.25PE,679GS2034,24SEP2026,992500000.000000,1,OPTIRC,CDS,25000.000000,1250,False
16732,679GS203426SEP99.5CE,679GS2034,24SEP2026,995000000.000000,1,OPTIRC,CDS,25000.000000,1250,False
11443,GBPINR26N06126.25PE,GBPINR,06NOV2026,1262500000.000000,1,OPTCUR,CDS,25000.000000,10000,False
11446,GBPINR26N06126.75CE,GBPINR,06NOV2026,1267500000.000000,1,OPTCUR,CDS,25000.000000,10000,False
11468,GBPINR26N06128.5CE,GBPINR,06NOV2026,1285000000.000000,1,OPTCUR,CDS,25000.000000,10000,False
11469,GBPINR26N06128.5PE,GBPINR,06NOV2026,1285000000.000000,1,OPTCUR,CDS,25000.000000,10000,False
16742,679GS203426SEP100.75CE,679GS2034,24SEP2026,1007500000.000000,1,OPTIRC,CDS,25000.000000,1250,False
16743,679GS203426SEP100.75PE,679GS2034,24SEP2026,1007500000.000000,1,OPTIRC,CDS,25000.000000,1250,False
16748,679GS203426SEP101.5CE,679GS2034,24SEP2026,1015000000.000000,1,OPTIRC,CDS,25000.000000,1250,False
16754,679GS203426SEP102.25CE,679GS2034,24SEP2026,1022500000.000000,1,OPTIRC,CDS,25000.000000,1250,False
16762,679GS203426SEP103.25CE,679GS2034,24SEP2026,1032500000.000000,1,OPTIRC,CDS,25000.000000,1250,False
16787,723GS203926SEP99.75PE,723GS2039,24SEP2026,997500000.000000,1,OPTIRC,CDS,25000.000000,1250,False
16794,723GS203926SEP100.75CE,723GS2039,24SEP2026,1007500000.000000,1,OPTIRC,CDS,25000.000000,1250,False
16798,723GS203926SEP101.25CE,723GS2039,24SEP2026,1012500000.000000,1,OPTIRC,CDS,25000.000000,1250,False
1153,EURINR26918114.75CE,EURINR,18SEP2026,1147500000.000000,1,OPTCUR,CDS,25000.000000,10000,False
11481,GBPINR26N06129.5CE,GBPINR,06NOV2026,1295000000.000000,1,OPTCUR,CDS,25000.000000,10000,False
11487,USDJPY26SEP169PE,USDJPY,28SEP2026,1690000000.000000,1,OPTCUR,CDS,100000.000000,10000,False
11499,EURUSD26SEP1.025PE,EURUSD,28SEP2026,10250000.000000,1,OPTCUR,CDS,1000.000000,10000,False
11544,694GS203626SEP97.75PE,694GS2036,24SEP2026,977500000.000000,1,OPTIRC,CDS,25000.000000,1250,False
11548,694GS203626SEP98.25PE,694GS2036,24SEP2026,982500000.000000,1,OPTIRC,CDS,25000.000000,1250,False
11550,694GS203626SEP98.5PE,694GS2036,24SEP2026,985000000.000000,1,OPTIRC,CDS,25000.000000,1250,False
11573,GBPINR26N06130.5PE,GBPINR,06NOV2026,1305000000.000000,1,OPTCUR,CDS,25000.000000,10000,False
16799,723GS203926SEP101.25PE,723GS2039,24SEP2026,1012500000.000000,1,OPTIRC,CDS,25000.000000,1250,False
16816,723GS203926SEP103.5CE,723GS2039,24SEP2026,1035000000.000000,1,OPTIRC,CDS,25000.000000,1250,False
16824,723GS203926SEP104.5CE,723GS2039,24SEP2026,1045000000.000000,1,OPTIRC,CDS,25000.000000,1250,False
16895,633GS203526DEC100.75CE,633GS2035,31DEC2026,1007500000.000000,1,OPTIRC,CDS,25000.000000,1250,False
11575,694GS203626SEP99CE,694GS2036,24SEP2026,990000000.000000,1,OPTIRC,CDS,25000.000000,1250,False
11610,USDJPY27MAR145.5PE,USDJPY,29MAR2027,1455000000.000000,1,OPTCUR,CDS,100000.000000,10000,False
11581,GBPINR26N06130.75PE,GBPINR,06NOV2026,1307500000.000000,1,OPTCUR,CDS,25000.000000,10000,False
11596,GBPINR26N06131.5CE,GBPINR,06NOV2026,1315000000.000000,1,OPTCUR,CDS,25000.000000,10000,False
16925,648GS203526DEC97.5CE,648GS2035,31DEC2026,975000000.000000,1,OPTIRC,CDS,25000.000000,1250,False
16927,648GS203526DEC97.75CE,648GS2035,31DEC2026,977500000.000000,1,OPTIRC,CDS,25000.000000,1250,False
16935,648GS203526DEC98.75CE,648GS2035,31DEC2026,987500000.000000,1,OPTIRC,CDS,25000.000000,1250,False
16943,648GS203526DEC99.75CE,648GS2035,31DEC2026,997500000.000000,1,OPTIRC,CDS,25000.000000,1250,False
1162,GBPUSD27MAYFUT,GBPUSD,27MAY2027,-1.000000,1,FUTCUR,CDS,1000.000000,10000,False
11618,694GS203626SEP99PE,694GS2036,24SEP2026,990000000.000000,1,OPTIRC,CDS,25000.000000,1250,False
11623,694GS203626SEP99.75CE,694GS2036,24SEP2026,997500000.000000,1,OPTIRC,CDS,25000.000000,1250,False
11629,694GS203626SEP100PE,694GS2036,24SEP2026,1000000000.000000,1,OPTIRC,CDS,25000.000000,1250,False
16975,668GS204026DEC93.25CE,668GS2040,31DEC2026,932500000.000000,1,OPTIRC,CDS,25000.000000,1250,False
16979,668GS204026DEC93.75CE,668GS2040,31DEC2026,937500000.000000,1,OPTIRC,CDS,25000.000000,1250,False
16980,668GS204026DEC93.75PE,668GS2040,31DEC2026,937500000.000000,1,OPTIRC,CDS,25000.000000,1250,False
17000,668GS204026DEC96.25PE,668GS2040,31DEC2026,962500000.000000,1,OPTIRC,CDS,25000.000000,1250,False
11633,694GS203626SEP100.5CE,694GS2036,24SEP2026,1005000000.000000,1,OPTIRC,CDS,25000.000000,1250,False
11638,GBPINR26N06133PE,GBPINR,06NOV2026,1330000000.000000,1,OPTCUR,CDS,25000.000000,10000,False
11646,694GS203626SEP100.5PE,694GS2036,24SEP2026,1005000000.000000,1,OPTIRC,CDS,25000.000000,1250,False
11651,GBPINR26N06133.25PE,GBPINR,06NOV2026,1332500000.000000,1,OPTCUR,CDS,25000.000000,10000,False
17005,668GS204026DEC97CE,668GS2040,31DEC2026,970000000.000000,1,OPTIRC,CDS,25000.000000,1250,False
17010,668GS204026DEC97.5PE,668GS2040,31DEC2026,975000000.000000,1,OPTIRC,CDS,25000.000000,1250,False
17018,668GS204026DEC98.5PE,668GS2040,31DEC2026,985000000.000000,1,OPTIRC,CDS,25000.000000,1250,False
17025,668GS204026DEC99.5CE,668GS2040,31DEC2026,995000000.000000,1,OPTIRC,CDS,25000.000000,1250,False
11674,JPYINR26SEP58.75PE,JPYINR,28SEP2026,587500000.000000,1,OPTCUR,CDS,25000.000000,10000,False
11675,JPYINR26SEP59CE,JPYINR,28SEP2026,590000000.000000,1,OPTCUR,CDS,25000.000000,10000,False
11676,JPYINR26SEP59PE,JPYINR,28SEP2026,590000000.000000,1,OPTCUR,CDS,25000.000000,10000,False
11717,GBPINR26N06133.75CE,GBPINR,06NOV2026,1337500000.000000,1,OPTCUR,CDS,25000.000000,10000,False
17042,723GS203926DEC98.25PE,723GS2039,31DEC2026,982500000.000000,1,OPTIRC,CDS,25000.000000,1250,False
17051,723GS203926DEC99.5CE,723GS2039,31DEC2026,995000000.000000,1,OPTIRC,CDS,25000.000000,1250,False
17057,723GS203926DEC100.25CE,723GS2039,31DEC2026,1002500000.000000,1,OPTIRC,CDS,25000.000000,1250,False
17061,723GS203926DEC100.75CE,723GS2039,31DEC2026,1007500000.000000,1,OPTIRC,CDS,25000.000000,1250,False
11723,694GS203626DEC97.25CE,694GS2036,31DEC2026,972500000.000000,1,OPTIRC,CDS,25000.000000,1250,False
11726,694GS203626DEC97.5PE,694GS2036,31DEC2026,975000000.000000,1,OPTIRC,CDS,25000.000000,1250,False
11727,694GS203626DEC97.75CE,694GS2036,31DEC2026,977500000.000000,1,OPTIRC,CDS,25000.000000,1250,False
11731,694GS203626DEC98.25CE,694GS2036,31DEC2026,982500000.000000,1,OPTIRC,CDS,25000.000000,1250,False
17062,723GS203926DEC100.75PE,723GS2039,31DEC2026,1007500000.000000,1,OPTIRC,CDS,25000.000000,1250,False
17085,723GS203926DEC103.75CE,723GS2039,31DEC2026,1037500000.000000,1,OPTIRC,CDS,25000.000000,1250,False
17094,723GS203926DEC104.75PE,723GS2039,31DEC2026,1047500000.000000,1,OPTIRC,CDS,25000.000000,1250,False
17176,633GS203527MAR95.75PE,633GS2035,25MAR2027,957500000.000000,1,OPTIRC,CDS,25000.000000,1250,False
17177,633GS203527MAR96CE,633GS2035,25MAR2027,960000000.000000,1,OPTIRC,CDS,25000.000000,1250,False
17180,633GS203527MAR96.25PE,633GS2035,25MAR2027,962500000.000000,1,OPTIRC,CDS,25000.000000,1250,False
17224,GBPINR26DEC132PE,GBPINR,29DEC2026,1320000000.000000,1,OPTCUR,CDS,25000.000000,10000,False
17225,GBPINR26DEC132.25CE,GBPINR,29DEC2026,1322500000.000000,1,OPTCUR,CDS,25000.000000,10000,False
11736,694GS203626DEC98.75PE,694GS2036,31DEC2026,987500000.000000,1,OPTIRC,CDS,25000.000000,1250,False
11783,694GS203626DEC99.5PE,694GS2036,31DEC2026,995000000.000000,1,OPTIRC,CDS,25000.000000,1250,False
11772,GBPUSD26DEC1.475PE,GBPUSD,29DEC2026,14750000.000000,1,OPTCUR,CDS,1000.000000,10000,False
11780,694GS203626DEC99.25CE,694GS2036,31DEC2026,992500000.000000,1,OPTIRC,CDS,25000.000000,1250,False
17228,GBPINR26DEC132.5PE,GBPINR,29DEC2026,1325000000.000000,1,OPTCUR,CDS,25000.000000,10000,False
17237,633GS203527MAR96.75CE,633GS2035,25MAR2027,967500000.000000,1,OPTIRC,CDS,25000.000000,1250,False
17240,633GS203527MAR97PE,633GS2035,25MAR2027,970000000.000000,1,OPTIRC,CDS,25000.000000,1250,False
17247,633GS203527MAR98CE,633GS2035,25MAR2027,980000000.000000,1,OPTIRC,CDS,25000.000000,1250,False
1186,EURUSD26DEC1.045PE,EURUSD,29DEC2026,10450000.000000,1,OPTCUR,CDS,1000.000000,10000,False
11829,694GS203626DEC100.75PE,694GS2036,31DEC2026,1007500000.000000,1,OPTIRC,CDS,25000.000000,1250,False
11885,694GS203626DEC101PE,694GS2036,31DEC2026,1010000000.000000,1,OPTIRC,CDS,25000.000000,1250,False
11911,GBPUSD26OCT1.485CE,GBPUSD,28OCT2026,14850000.000000,1,OPTCUR,CDS,1000.000000,10000,False
1736,USDJPY26SEP171CE,USDJPY,28SEP2026,1710000000.000000,1,OPTCUR,CDS,100000.000000,10000,False
17310,648GS203527MAR95.75PE,648GS2035,25MAR2027,957500000.000000,1,OPTIRC,CDS,25000.000000,1250,False
17392,668GS204027MAR95PE,668GS2040,25MAR2027,950000000.000000,1,OPTIRC,CDS,25000.000000,1250,False
17461,723GS203927MAR97.5CE,723GS2039,25MAR2027,975000000.000000,1,OPTIRC,CDS,25000.000000,1250,False
11917,GBPUSD27JUN1.485CE,GBPUSD,28JUN2027,14850000.000000,1,OPTCUR,CDS,1000.000000,10000,False
11919,GBPINR26DEC121.25CE,GBPINR,29DEC2026,1212500000.000000,1,OPTCUR,CDS,25000.000000,10000,False
11977,694GS203626DEC101.5PE,694GS2036,31DEC2026,1015000000.000000,1,OPTIRC,CDS,25000.000000,1250,False
11992,723GS203926DEC97.75CE,723GS2039,31DEC2026,977500000.000000,1,OPTIRC,CDS,25000.000000,1250,False
1747,GBPINR26918133CE,GBPINR,18SEP2026,1330000000.000000,1,OPTCUR,CDS,25000.000000,10000,False
17485,723GS203927MAR100.5CE,723GS2039,25MAR2027,1005000000.000000,1,OPTIRC,CDS,25000.000000,1250,False
17486,723GS203927MAR100.5PE,723GS2039,25MAR2027,1005000000.000000,1,OPTIRC,CDS,25000.000000,1250,False
17492,723GS203927MAR101.25PE,723GS2039,25MAR2027,1012500000.000000,1,OPTIRC,CDS,25000.000000,1250,False
11996,JPYINR26N0657.25PE,JPYINR,06NOV2026,572500000.000000,1,OPTCUR,CDS,25000.000000,10000,False
12004,JPYINR26N0658.25PE,JPYINR,06NOV2026,582500000.000000,1,OPTCUR,CDS,25000.000000,10000,False
12011,JPYINR26N0659PE,JPYINR,06NOV2026,590000000.000000,1,OPTCUR,CDS,25000.000000,10000,False
12019,JPYINR26N0660CE,JPYINR,06NOV2026,600000000.000000,1,OPTCUR,CDS,25000.000000,10000,False
1763,EURINR26SEPFUT,EURINR,28SEP2026,-1.000000,1,FUTCUR,CDS,25000.000000,10000,False
17505,723GS203927MAR103CE,723GS2039,25MAR2027,1030000000.000000,1,OPTIRC,CDS,25000.000000,1250,False
1768,JPYINR26SEPFUT,JPYINR,28SEP2026,-1.000000,1,FUTCUR,CDS,25000.000000,10000,False
12025,JPYINR26N0660.75CE,JPYINR,06NOV2026,607500000.000000,1,OPTCUR,CDS,25000.000000,10000,False
12026,JPYINR26N0660.75PE,JPYINR,06NOV2026,607500000.000000,1,OPTCUR,CDS,25000.000000,10000,False
12027,JPYINR26N0661CE,JPYINR,06NOV2026,610000000.000000,1,OPTCUR,CDS,25000.000000,10000,False
12037,JPYINR26N0662PE,JPYINR,06NOV2026,620000000.000000,1,OPTCUR,CDS,25000.000000,10000,False
1780,723GS203926SEPFUT,723GS2039,24SEP2026,-1.000000,1,FUTIRC,CDS,25000.000000,1250,False
1793,EURINR26SEP99PE,EURINR,28SEP2026,990000000.000000,1,OPTCUR,CDS,25000.000000,10000,False
1829,EURINR26NOV114PE,EURINR,26NOV2026,1140000000.000000,1,OPTCUR,CDS,25000.000000,10000,False
1868,EURINR26NOV114.5PE,EURINR,26NOV2026,1145000000.000000,1,OPTCUR,CDS,25000.000000,10000,False
1899,EURINR26O16108.75PE,EURINR,16OCT2026,1087500000.000000,1,OPTCUR,CDS,25000.000000,10000,False
1908,GBPINR27JUN133.25CE,GBPINR,28JUN2027,1332500000.000000,1,OPTCUR,CDS,25000.000000,10000,False
1914,EURINR26O16109.25CE,EURINR,16OCT2026,1092500000.000000,1,OPTCUR,CDS,25000.000000,10000,False
1922,EURINR26SEP104.5PE,EURINR,28SEP2026,1045000000.000000,1,OPTCUR,CDS,25000.000000,10000,False
1940,EURINR26SEP105.75CE,EURINR,28SEP2026,1057500000.000000,1,OPTCUR,CDS,25000.000000,10000,False
1966,EURINR26SEP107.25CE,EURINR,28SEP2026,1072500000.000000,1,OPTCUR,CDS,25000.000000,10000,False
1976,EURINR26SEP107.75PE,EURINR,28SEP2026,1077500000.000000,1,OPTCUR,CDS,25000.000000,10000,False
1990,GBPUSD26OCT1.465CE,GBPUSD,28OCT2026,14650000.000000,1,OPTCUR,CDS,1000.000000,10000,False
2000,EURINR26SEP108.75CE,EURINR,28SEP2026,1087500000.000000,1,OPTCUR,CDS,25000.000000,10000,False
12039,JPYINR26N0662.25PE,JPYINR,06NOV2026,622500000.000000,1,OPTCUR,CDS,25000.000000,10000,False
12044,JPYINR26N0663CE,JPYINR,06NOV2026,630000000.000000,1,OPTCUR,CDS,25000.000000,10000,False
12046,JPYINR26N0663.25CE,JPYINR,06NOV2026,632500000.000000,1,OPTCUR,CDS,25000.000000,10000,False
12096,694GS203626DEC102.25PE,694GS2036,31DEC2026,1022500000.000000,1,OPTIRC,CDS,25000.000000,1250,False
2036,EURINR26SEP110.25PE,EURINR,28SEP2026,1102500000.000000,1,OPTCUR,CDS,25000.000000,10000,False
2053,GBPUSD26OCT1.47PE,GBPUSD,28OCT2026,14700000.000000,1,OPTCUR,CDS,1000.000000,10000,False
2072,EURINR26DEC102CE,EURINR,29DEC2026,1020000000.000000,1,OPTCUR,CDS,25000.000000,10000,False
2073,EURINR26DEC102PE,EURINR,29DEC2026,1020000000.000000,1,OPTCUR,CDS,25000.000000,10000,False
12097,694GS203626DEC102.5CE,694GS2036,31DEC2026,1025000000.000000,1,OPTIRC,CDS,25000.000000,1250,False
12248,GBPUSD26DEC1.21CE,GBPUSD,29DEC2026,12100000.000000,1,OPTCUR,CDS,1000.000000,10000,False
12270,USDINR26N0691.75PE,USDINR,06NOV2026,917500000.000000,1,OPTCUR,CDS,25000.000000,10000,False
12271,USDINR26N0692CE,USDINR,06NOV2026,920000000.000000,1,OPTCUR,CDS,25000.000000,10000,False
2114,EURINR26O09106.75PE,EURINR,09OCT2026,1067500000.000000,1,OPTCUR,CDS,25000.000000,10000,False
2131,EURUSD26SEP1.14CE,EURUSD,28SEP2026,11400000.000000,1,OPTCUR,CDS,1000.000000,10000,False
2132,EURUSD26SEP1.14PE,EURUSD,28SEP2026,11400000.000000,1,OPTCUR,CDS,1000.000000,10000,False
2157,EURINR26DEC103CE,EURINR,29DEC2026,1030000000.000000,1,OPTCUR,CDS,25000.000000,10000,False
12275,USDINR26N0692.5CE,USDINR,06NOV2026,925000000.000000,1,OPTCUR,CDS,25000.000000,10000,False
12276,USDINR26N0692.5PE,USDINR,06NOV2026,925000000.000000,1,OPTCUR,CDS,25000.000000,10000,False
12299,USDINR26N0695PE,USDINR,06NOV2026,950000000.000000,1,OPTCUR,CDS,25000.000000,10000,False
12314,USDINR26N0695.25PE,USDINR,06NOV2026,952500000.000000,1,OPTCUR,CDS,25000.000000,10000,False
2162,EURINR26O09107.25CE,EURINR,09OCT2026,1072500000.000000,1,OPTCUR,CDS,25000.000000,10000,False
2168,EURUSD26NOV1.04PE,EURUSD,26NOV2026,10400000.000000,1,OPTCUR,CDS,1000.000000,10000,False
2176,EURUSD26SEP1.18CE,EURUSD,28SEP2026,11800000.000000,1,OPTCUR,CDS,1000.000000,10000,False
2217,EURUSD26SEP1.23CE,EURUSD,28SEP2026,12300000.000000,1,OPTCUR,CDS,1000.000000,10000,False
12341,USDINR26N0696.375PE,USDINR,06NOV2026,963750000.000000,1,OPTCUR,CDS,25000.000000,10000,False
12342,USDINR26N0696.5CE,USDINR,06NOV2026,965000000.000000,1,OPTCUR,CDS,25000.000000,10000,False
12345,USDINR26N0696.75PE,USDINR,06NOV2026,967500000.000000,1,OPTCUR,CDS,25000.000000,10000,False
12372,USDINR26NOV91.5CE,USDINR,26NOV2026,915000000.000000,1,OPTCUR,CDS,25000.000000,10000,False
2263,EURINR26O09108CE,EURINR,09OCT2026,1080000000.000000,1,OPTCUR,CDS,25000.000000,10000,False
2265,EURUSD26SEP1.28CE,EURUSD,28SEP2026,12800000.000000,1,OPTCUR,CDS,1000.000000,10000,False
2287,EURUSD26SEP1.295CE,EURUSD,28SEP2026,12950000.000000,1,OPTCUR,CDS,1000.000000,10000,False
2336,EURINR26O16110.75CE,EURINR,16OCT2026,1107500000.000000,1,OPTCUR,CDS,25000.000000,10000,False
1257,USDJPY26DEC169CE,USDJPY,29DEC2026,1690000000.000000,1,OPTCUR,CDS,100000.000000,10000,False
1270,723GS203926SEP99PE,723GS2039,24SEP2026,990000000.000000,1,OPTIRC,CDS,25000.000000,1250,False
12373,USDINR26NOV91.5PE,USDINR,26NOV2026,915000000.000000,1,OPTCUR,CDS,25000.000000,10000,False
12728,GBPINR26SEP126CE,GBPINR,28SEP2026,1260000000.000000,1,OPTCUR,CDS,25000.000000,10000,False
2338,GBPINR26SEP115.75PE,GBPINR,28SEP2026,1157500000.000000,1,OPTCUR,CDS,25000.000000,10000,False
2350,USDINR26SEP94.125PE,USDINR,28SEP2026,941250000.000000,1,OPTCUR,CDS,25000.000000,10000,False
2352,USDINR26O0194.125CE,USDINR,01OCT2026,941250000.000000,1,OPTCUR,CDS,25000.000000,10000,False
2370,GBPINR26SEP117.5PE,GBPINR,28SEP2026,1175000000.000000,1,OPTCUR,CDS,25000.000000,10000,False
1281,633GS203526SEP94CE,633GS2035,24SEP2026,940000000.000000,1,OPTIRC,CDS,25000.000000,1250,False
12739,GBPINR26SEP126.25PE,GBPINR,28SEP2026,1262500000.000000,1,OPTCUR,CDS,25000.000000,10000,False
12833,USDINR26NOV92.25CE,USDINR,26NOV2026,922500000.000000,1,OPTCUR,CDS,25000.000000,10000,False
12834,USDINR26NOV92.25PE,USDINR,26NOV2026,922500000.000000,1,OPTCUR,CDS,25000.000000,10000,False
2376,EURUSD26NOV1.07PE,EURUSD,26NOV2026,10700000.000000,1,OPTCUR,CDS,1000.000000,10000,False
2383,GBPINR26SEP118.5PE,GBPINR,28SEP2026,1185000000.000000,1,OPTCUR,CDS,25000.000000,10000,False
2401,GBPINR26SEP119.25CE,GBPINR,28SEP2026,1192500000.000000,1,OPTCUR,CDS,25000.000000,10000,False
2418,GBPINR26SEP119.5PE,GBPINR,28SEP2026,1195000000.000000,1,OPTCUR,CDS,25000.000000,10000,False
12876,USDINR26NOV93PE,USDINR,26NOV2026,930000000.000000,1,OPTCUR,CDS,25000.000000,10000,False
12940,USDINR26NOV94.25PE,USDINR,26NOV2026,942500000.000000,1,OPTCUR,CDS,25000.000000,10000,False
12943,USDINR26NOV94.75CE,USDINR,26NOV2026,947500000.000000,1,OPTCUR,CDS,25000.000000,10000,False
12955,694GS203627MAR98CE,694GS2036,25MAR2027,980000000.000000,1,OPTIRC,CDS,25000.000000,1250,False
2419,EURUSD26SEP1.3PE,EURUSD,28SEP2026,13000000.000000,1,OPTCUR,CDS,1000.000000,10000,False
2458,EURUSD26NOV1.1PE,EURUSD,26NOV2026,11000000.000000,1,OPTCUR,CDS,1000.000000,10000,False
2478,USDINR26DEC98.5PE,USDINR,29DEC2026,985000000.000000,1,OPTCUR,CDS,25000.000000,10000,False
2482,EURINR26O09109.75PE,EURINR,09OCT2026,1097500000.000000,1,OPTCUR,CDS,25000.000000,10000,False
13,NIFTYFUTURESMIDMONTH,NIFTYFUTM2,,-1.000000,1,INDEX,CDS,25000.000000,7000,False
12986,GBPUSD27JUN1.4PE,GBPUSD,28JUN2027,14000000.000000,1,OPTCUR,CDS,1000.000000,10000,False
12987,GBPUSD27JUN1.405CE,GBPUSD,28JUN2027,14050000.000000,1,OPTCUR,CDS,1000.000000,10000,False
12997,EURUSD26SEP1.02CE,EURUSD,28SEP2026,10200000.000000,1,OPTCUR,CDS,1000.000000,10000,False
2499,EURUSD26NOV1.11CE,EURUSD,26NOV2026,11100000.000000,1,OPTCUR,CDS,1000.000000,10000,False
2530,GBPINR26SEP121CE,GBPINR,28SEP2026,1210000000.000000,1,OPTCUR,CDS,25000.000000,10000,False
2562,GBPINR26SEP122.5PE,GBPINR,28SEP2026,1225000000.000000,1,OPTCUR,CDS,25000.000000,10000,False
2591,GBPINR26SEP123.75CE,GBPINR,28SEP2026,1237500000.000000,1,OPTCUR,CDS,25000.000000,10000,False
13015,694GS203627MAR99.5PE,694GS2036,25MAR2027,995000000.000000,1,OPTIRC,CDS,25000.000000,1250,False
13019,GBPUSD27JUN1.42CE,GBPUSD,28JUN2027,14200000.000000,1,OPTCUR,CDS,1000.000000,10000,False
13022,GBPUSD27JUN1.425PE,GBPUSD,28JUN2027,14250000.000000,1,OPTCUR,CDS,1000.000000,10000,False
13046,694GS203627MAR100.5CE,694GS2036,25MAR2027,1005000000.000000,1,OPTIRC,CDS,25000.000000,1250,False
2596,GBPINR26SEP124.25PE,GBPINR,28SEP2026,1242500000.000000,1,OPTCUR,CDS,25000.000000,10000,False
2626,GBPUSD26SEP1.225PE,GBPUSD,28SEP2026,12250000.000000,1,OPTCUR,CDS,1000.000000,10000,False
2630,EURINR26918109CE,EURINR,18SEP2026,1090000000.000000,1,OPTCUR,CDS,25000.000000,10000,False
2640,GBPUSD26SEP1.235PE,GBPUSD,28SEP2026,12350000.000000,1,OPTCUR,CDS,1000.000000,10000,False
1305,EURUSD26SEP1.03CE,EURUSD,28SEP2026,10300000.000000,1,OPTCUR,CDS,1000.000000,10000,False
13078,USDJPY26DEC172PE,USDJPY,29DEC2026,1720000000.000000,1,OPTCUR,CDS,100000.000000,10000,False
13081,694GS203627MAR100.75PE,694GS2036,25MAR2027,1007500000.000000,1,OPTIRC,CDS,25000.000000,1250,False
13130,633GS203526DEC96.5PE,633GS2035,31DEC2026,965000000.000000,1,OPTIRC,CDS,25000.000000,1250,False
2642,EURINR26O16111.75CE,EURINR,16OCT2026,1117500000.000000,1,OPTCUR,CDS,25000.000000,10000,False
2653,GBPUSD26SEP1.245PE,GBPUSD,28SEP2026,12450000.000000,1,OPTCUR,CDS,1000.000000,10000,False
2677,USDJPY26OCT142.5CE,USDJPY,28OCT2026,1425000000.000000,1,OPTCUR,CDS,100000.000000,10000,False
2693,GBPUSD26SEP1.275PE,GBPUSD,28SEP2026,12750000.000000,1,OPTCUR,CDS,1000.000000,10000,False
2694,GBPUSD26SEP1.28CE,GBPUSD,28SEP2026,12800000.000000,1,OPTCUR,CDS,1000.000000,10000,False
2699,EURINR26O09110.5CE,EURINR,09OCT2026,1105000000.000000,1,OPTCUR,CDS,25000.000000,10000,False
2706,GBPUSD26SEP1.29CE,GBPUSD,28SEP2026,12900000.000000,1,OPTCUR,CDS,1000.000000,10000,False
2728,EURINR26O30107.5PE,EURINR,30OCT2026,1075000000.000000,1,OPTCUR,CDS,25000.000000,10000,False
13145,JPYINR27JUN56CE,JPYINR,28JUN2027,560000000.000000,1,OPTCUR,CDS,25000.000000,10000,False
13146,JPYINR27JUN56PE,JPYINR,28JUN2027,560000000.000000,1,OPTCUR,CDS,25000.000000,10000,False
13148,JPYINR27JUN56.25PE,JPYINR,28JUN2027,562500000.000000,1,OPTCUR,CDS,25000.000000,10000,False
13158,JPYINR27JUN57CE,JPYINR,28JUN2027,570000000.000000,1,OPTCUR,CDS,25000.000000,10000,False
2744,679GS203426SEP95.75CE,679GS2034,24SEP2026,957500000.000000,1,OPTIRC,CDS,25000.000000,1250,False
2756,GBPUSD26SEP1.325CE,GBPUSD,28SEP2026,13250000.000000,1,OPTCUR,CDS,1000.000000,10000,False
2762,EURUSD26NOV1.12PE,EURUSD,26NOV2026,11200000.000000,1,OPTCUR,CDS,1000.000000,10000,False
2778,GBPUSD26SEP1.34CE,GBPUSD,28SEP2026,13400000.000000,1,OPTCUR,CDS,1000.000000,10000,False
13160,JPYINR27JUN57PE,JPYINR,28JUN2027,570000000.000000,1,OPTCUR,CDS,25000.000000,10000,False
13161,JPYINR27JUN57.25CE,JPYINR,28JUN2027,572500000.000000,1,OPTCUR,CDS,25000.000000,10000,False
13189,USDJPY26NOV147.5PE,USDJPY,26NOV2026,1475000000.000000,1,OPTCUR,CDS,100000.000000,10000,False
13191,USDJPY26NOV148PE,USDJPY,26NOV2026,1480000000.000000,1,OPTCUR,CDS,100000.000000,10000,False
2796,EURINR26O09111PE,EURINR,09OCT2026,1110000000.000000,1,OPTCUR,CDS,25000.000000,10000,False
2802,GBPUSD26SEP1.36PE,GBPUSD,28SEP2026,13600000.000000,1,OPTCUR,CDS,1000.000000,10000,False
2818,GBPUSD26SEP1.38CE,GBPUSD,28SEP2026,13800000.000000,1,OPTCUR,CDS,1000.000000,10000,False
2837,EURINR26918110.5CE,EURINR,18SEP2026,1105000000.000000,1,OPTCUR,CDS,25000.000000,10000,False
13199,USDJPY26NOV150PE,USDJPY,26NOV2026,1500000000.000000,1,OPTCUR,CDS,100000.000000,10000,False
13202,USDJPY26NOV151CE,USDJPY,26NOV2026,1510000000.000000,1,OPTCUR,CDS,100000.000000,10000,False
13225,USDJPY26NOV156.5PE,USDJPY,26NOV2026,1565000000.000000,1,OPTCUR,CDS,100000.000000,10000,False
13234,USDJPY26NOV159CE,USDJPY,26NOV2026,1590000000.000000,1,OPTCUR,CDS,100000.000000,10000,False
2842,GBPUSD26SEP1.41CE,GBPUSD,28SEP2026,14100000.000000,1,OPTCUR,CDS,1000.000000,10000,False
2863,EURINR27MARFUT,EURINR,29MAR2027,-1.000000,1,FUTCUR,CDS,25000.000000,10000,False
2875,EURINR26918111.5PE,EURINR,18SEP2026,1115000000.000000,1,OPTCUR,CDS,25000.000000,10000,False
2881,EURINR26918112PE,EURINR,18SEP2026,1120000000.000000,1,OPTCUR,CDS,25000.000000,10000,False
13239,USDJPY26NOV160PE,USDJPY,26NOV2026,1600000000.000000,1,OPTCUR,CDS,100000.000000,10000,False
13247,USDJPY26NOV162PE,USDJPY,26NOV2026,1620000000.000000,1,OPTCUR,CDS,100000.000000,10000,False
13251,USDJPY26NOV162.5PE,USDJPY,26NOV2026,1625000000.000000,1,OPTCUR,CDS,100000.000000,10000,False
13253,USDJPY26NOV163PE,USDJPY,26NOV2026,1630000000.000000,1,OPTCUR,CDS,100000.000000,10000,False
2883,EURINR26918112.25PE,EURINR,18SEP2026,1122500000.000000,1,OPTCUR,CDS,25000.000000,10000,False
2889,EURINR26918112.75CE,EURINR,18SEP2026,1127500000.000000,1,OPTCUR,CDS,25000.000000,10000,False
2906,EURUSD26NOV1.125PE,EURUSD,26NOV2026,11250000.000000,1,OPTCUR,CDS,1000.000000,10000,False
2913,EURUSD26NOV1.13PE,EURUSD,26NOV2026,11300000.000000,1,OPTCUR,CDS,1000.000000,10000,False
1331,EURINR26NOV107CE,EURINR,26NOV2026,1070000000.000000,1,OPTCUR,CDS,25000.000000,10000,False
13298,USDINR26N13FUT,USDINR,13NOV2026,-1.000000,1,FUTCUR,CDS,25000.000000,10000,False
13306,JPYINR27JUN59CE,JPYINR,28JUN2027,590000000.000000,1,OPTCUR,CDS,25000.000000,10000,False
13307,668GS204026NOVFUT,668GS2040,26NOV2026,-1.000000,1,FUTIRC,CDS,25000.000000,1250,False
1334,EURINR26NOV107.25CE,EURINR,26NOV2026,1072500000.000000,1,OPTCUR,CDS,25000.000000,10000,False
2939,EURUSD26NOV1.135PE,EURUSD,26NOV2026,11350000.000000,1,OPTCUR,CDS,1000.000000,10000,False
2942,EURUSD26NOV1.14PE,EURUSD,26NOV2026,11400000.000000,1,OPTCUR,CDS,1000.000000,10000,False
2956,EURUSD26NOV1.15CE,EURUSD,26NOV2026,11500000.000000,1,OPTCUR,CDS,1000.000000,10000,False
2963,EURINR26DEC105PE,EURINR,29DEC2026,1050000000.000000,1,OPTCUR,CDS,25000.000000,10000,False
13344,EURINR26N13108.25PE,EURINR,13NOV2026,1082500000.000000,1,OPTCUR,CDS,25000.000000,10000,False
13345,EURINR26N13108.5CE,EURINR,13NOV2026,1085000000.000000,1,OPTCUR,CDS,25000.000000,10000,False
13348,EURINR26N13108.75PE,EURINR,13NOV2026,1087500000.000000,1,OPTCUR,CDS,25000.000000,10000,False
2967,EURUSD26NOV1.155CE,EURUSD,26NOV2026,11550000.000000,1,OPTCUR,CDS,1000.000000,10000,False
3009,EURINR26918113.75PE,EURINR,18SEP2026,1137500000.000000,1,OPTCUR,CDS,25000.000000,10000,False
3015,EURUSD26NOV1.17PE,EURUSD,26NOV2026,11700000.000000,1,OPTCUR,CDS,1000.000000,10000,False
3022,EURINR26N20111CE,EURINR,20NOV2026,1110000000.000000,1,OPTCUR,CDS,25000.000000,10000,False
13381,JPYINR27JUN61CE,JPYINR,28JUN2027,610000000.000000,1,OPTCUR,CDS,25000.000000,10000,False
13394,JPYINR27JUN62.5PE,JPYINR,28JUN2027,625000000.000000,1,OPTCUR,CDS,25000.000000,10000,False
13397,JPYINR27JUN63CE,JPYINR,28JUN2027,630000000.000000,1,OPTCUR,CDS,25000.000000,10000,False
13398,JPYINR27JUN63PE,JPYINR,28JUN2027,630000000.000000,1,OPTCUR,CDS,25000.000000,10000,False
1340,GBPUSD26NOV1.235CE,GBPUSD,26NOV2026,12350000.000000,1,OPTCUR,CDS,1000.000000,10000,False
1344,EURINR26NOV107.5PE,EURINR,26NOV2026,1075000000.000000,1,OPTCUR,CDS,25000.000000,10000,False
3023,EURINR26N20111PE,EURINR,20NOV2026,1110000000.000000,1,OPTCUR,CDS,25000.000000,10000,False
3026,EURINR26918114CE,EURINR,18SEP2026,1140000000.000000,1,OPTCUR,CDS,25000.000000,10000,False
3050,EURUSD26NOV1.18PE,EURUSD,26NOV2026,11800000.000000,1,OPTCUR,CDS,1000.000000,10000,False
3071,GBPINR26DEC128.25CE,GBPINR,29DEC2026,1282500000.000000,1,OPTCUR,CDS,25000.000000,10000,False
13399,JPYINR27JUN63.25CE,JPYINR,28JUN2027,632500000.000000,1,OPTCUR,CDS,25000.000000,10000,False
13446,GBPUSD27MAR1.245PE,GBPUSD,29MAR2027,12450000.000000,1,OPTCUR,CDS,1000.000000,10000,False
3110,USDJPY26DEC172.5CE,USDJPY,29DEC2026,1725000000.000000,1,OPTCUR,CDS,100000.000000,10000,False
3132,EURINR26DEC105.75CE,EURINR,29DEC2026,1057500000.000000,1,OPTCUR,CDS,25000.000000,10000,False
3140,USDJPY27MAR173CE,USDJPY,29MAR2027,1730000000.000000,1,OPTCUR,CDS,100000.000000,10000,False
3159,EURINR26O16112.5CE,EURINR,16OCT2026,1125000000.000000,1,OPTCUR,CDS,25000.000000,10000,False
1345,GBPUSD26NOV1.235PE,GBPUSD,26NOV2026,12350000.000000,1,OPTCUR,CDS,1000.000000,10000,False
13458,GBPUSD27MAR1.275CE,GBPUSD,29MAR2027,12750000.000000,1,OPTCUR,CDS,1000.000000,10000,False
13465,EURINR26N13110.5CE,EURINR,13NOV2026,1105000000.000000,1,OPTCUR,CDS,25000.000000,10000,False
13493,GBPUSD27MAR1.355PE,GBPUSD,29MAR2027,13550000.000000,1,OPTCUR,CDS,1000.000000,10000,False
32,R-GOI7.61%2030,R761GS2030,,-1.000000,1,UNDIRC,CDS,25000.000000,1250,False
3166,EURINR26O09114.75CE,EURINR,09OCT2026,1147500000.000000,1,OPTCUR,CDS,25000.000000,10000,False
3249,EURINR26DEC106PE,EURINR,29DEC2026,1060000000.000000,1,OPTCUR,CDS,25000.000000,10000,False
3253,USDJPY26OCT142CE,USDJPY,28OCT2026,1420000000.000000,1,OPTCUR,CDS,100000.000000,10000,False
3308,EURINR26N27FUT,EURINR,27NOV2026,-1.000000,1,FUTCUR,CDS,25000.000000,10000,False
3355,GBPUSD26SEP1.185PE,GBPUSD,28SEP2026,11850000.000000,1,OPTCUR,CDS,1000.000000,10000,False
3374,EURINR26O16113PE,EURINR,16OCT2026,1130000000.000000,1,OPTCUR,CDS,25000.000000,10000,False
3378,EURINR27MAR109.25PE,EURINR,29MAR2027,1092500000.000000,1,OPTCUR,CDS,25000.000000,10000,False
3389,679GS203426SEP97.25CE,679GS2034,24SEP2026,972500000.000000,1,OPTIRC,CDS,25000.000000,1250,False
3397,EURINR27MAR110.5PE,EURINR,29MAR2027,1105000000.000000,1,OPTCUR,CDS,25000.000000,10000,False
3431,EURINR27MAR112.25CE,EURINR,29MAR2027,1122500000.000000,1,OPTCUR,CDS,25000.000000,10000,False
3444,EURINR27MAR113.25CE,EURINR,29MAR2027,1132500000.000000,1,OPTCUR,CDS,25000.000000,10000,False
3448,EURINR27MAR113.25PE,EURINR,29MAR2027,1132500000.000000,1,OPTCUR,CDS,25000.000000,10000,False
3479,EURINR26N27108.25PE,EURINR,27NOV2026,1082500000.000000,1,OPTCUR,CDS,25000.000000,10000,False
3480,EURINR27MAR114.25CE,EURINR,29MAR2027,1142500000.000000,1,OPTCUR,CDS,25000.000000,10000,False
3516,EURUSD27MAR1.04PE,EURUSD,29MAR2027,10400000.000000,1,OPTCUR,CDS,1000.000000,10000,False
13501,GBPUSD27MAR1.375PE,GBPUSD,29MAR2027,13750000.000000,1,OPTCUR,CDS,1000.000000,10000,False
13506,GBPUSD27MAR1.39CE,GBPUSD,29MAR2027,13900000.000000,1,OPTCUR,CDS,1000.000000,10000,False
13525,GBPINR26DEC122.75PE,GBPINR,29DEC2026,1227500000.000000,1,OPTCUR,CDS,25000.000000,10000,False
13537,EURINR26N13110.5PE,EURINR,13NOV2026,1105000000.000000,1,OPTCUR,CDS,25000.000000,10000,False
3518,EURUSD27MAR1.045PE,EURUSD,29MAR2027,10450000.000000,1,OPTCUR,CDS,1000.000000,10000,False
3531,EURUSD27MAR1.065CE,EURUSD,29MAR2027,10650000.000000,1,OPTCUR,CDS,1000.000000,10000,False
3537,EURINR26O16113.5CE,EURINR,16OCT2026,1135000000.000000,1,OPTCUR,CDS,25000.000000,10000,False
3553,EURINR26N27110.5CE,EURINR,27NOV2026,1105000000.000000,1,OPTCUR,CDS,25000.000000,10000,False
3557,EURINR26N27110.75CE,EURINR,27NOV2026,1107500000.000000,1,OPTCUR,CDS,25000.000000,10000,False
3563,EURINR26N27110.75PE,EURINR,27NOV2026,1107500000.000000,1,OPTCUR,CDS,25000.000000,10000,False
3564,GBPINR26918125.5PE,GBPINR,18SEP2026,1255000000.000000,1,OPTCUR,CDS,25000.000000,10000,False
3574,GBPUSD26SEP1.445PE,GBPUSD,28SEP2026,14450000.000000,1,OPTCUR,CDS,1000.000000,10000,False
3593,EURUSD27MAR1.095PE,EURUSD,29MAR2027,10950000.000000,1,OPTCUR,CDS,1000.000000,10000,False
3603,EURUSD27MAR1.105PE,EURUSD,29MAR2027,11050000.000000,1,OPTCUR,CDS,1000.000000,10000,False
3620,GBPINR26918126.75PE,GBPINR,18SEP2026,1267500000.000000,1,OPTCUR,CDS,25000.000000,10000,False
3623,EURINR26DEC107CE,EURINR,29DEC2026,1070000000.000000,1,OPTCUR,CDS,25000.000000,10000,False
3631,EURINR26N27112.25PE,EURINR,27NOV2026,1122500000.000000,1,OPTCUR,CDS,25000.000000,10000,False
3633,EURINR26N27112.5PE,EURINR,27NOV2026,1125000000.000000,1,OPTCUR,CDS,25000.000000,10000,False
3648,GBPINR26918127.5PE,GBPINR,18SEP2026,1275000000.000000,1,OPTCUR,CDS,25000.000000,10000,False
3653,GBPUSD27MAR1.48PE,GBPUSD,29MAR2027,14800000.000000,1,OPTCUR,CDS,1000.000000,10000,False
3666,GBPINR26918127.75CE,GBPINR,18SEP2026,1277500000.000000,1,OPTCUR,CDS,25000.000000,10000,False
3681,EURUSD26NOV1.225CE,EURUSD,26NOV2026,12250000.000000,1,OPTCUR,CDS,1000.000000,10000,False
3704,EURUSD27MAR1.135PE,EURUSD,29MAR2027,11350000.000000,1,OPTCUR,CDS,1000.000000,10000,False
3713,EURUSD27MAR1.15CE,EURUSD,29MAR2027,11500000.000000,1,OPTCUR,CDS,1000.000000,10000,False
3728,EURUSD26NOV1.24PE,EURUSD,26NOV2026,12400000.000000,1,OPTCUR,CDS,1000.000000,10000,False
3769,GBPINR26N27126.75CE,GBPINR,27NOV2026,1267500000.000000,1,OPTCUR,CDS,25000.000000,10000,False
3771,GBPINR26N27127CE,GBPINR,27NOV2026,1270000000.000000,1,OPTCUR,CDS,25000.000000,10000,False
3780,EURUSD27MAR1.175PE,EURUSD,29MAR2027,11750000.000000,1,OPTCUR,CDS,1000.000000,10000,False
13553,723GS203926SEP98.75CE,723GS2039,24SEP2026,987500000.000000,1,OPTIRC,CDS,25000.000000,1250,False
13559,GBPINR26DEC125.5CE,GBPINR,29DEC2026,1255000000.000000,1,OPTCUR,CDS,25000.000000,10000,False
13565,GBPINR26DEC126.25CE,GBPINR,29DEC2026,1262500000.000000,1,OPTCUR,CDS,25000.000000,10000,False
13571,GBPINR26DEC127CE,GBPINR,29DEC2026,1270000000.000000,1,OPTCUR,CDS,25000.000000,10000,False
3786,GBPINR26N27128CE,GBPINR,27NOV2026,1280000000.000000,1,OPTCUR,CDS,25000.000000,10000,False
3795,EURUSD27MAR1.205CE,EURUSD,29MAR2027,12050000.000000,1,OPTCUR,CDS,1000.000000,10000,False
3800,GBPUSD27JUNFUT,GBPUSD,28JUN2027,-1.000000,1,FUTCUR,CDS,1000.000000,10000,False
3819,EURUSD27MAR1.23CE,EURUSD,29MAR2027,12300000.000000,1,OPTCUR,CDS,1000.000000,10000,False
13575,EURINR26N13111.5PE,EURINR,13NOV2026,1115000000.000000,1,OPTCUR,CDS,25000.000000,10000,False
13577,GBPUSD26DEC1.23CE,GBPUSD,29DEC2026,12300000.000000,1,OPTCUR,CDS,1000.000000,10000,False
13581,GBPUSD26DEC1.24CE,GBPUSD,29DEC2026,12400000.000000,1,OPTCUR,CDS,1000.000000,10000,False
13595,GBPUSD26DEC1.27CE,GBPUSD,29DEC2026,12700000.000000,1,OPTCUR,CDS,1000.000000,10000,False
3829,GBPINR26N20126PE,GBPINR,20NOV2026,1260000000.000000,1,OPTCUR,CDS,25000.000000,10000,False
3878,EURUSD26SEP1.04CE,EURUSD,28SEP2026,10400000.000000,1,OPTCUR,CDS,1000.000000,10000,False
3883,GBPINR26N20126.5PE,GBPINR,20NOV2026,1265000000.000000,1,OPTCUR,CDS,25000.000000,10000,False
3926,GBPINR26O09124.5PE,GBPINR,09OCT2026,1245000000.000000,1,OPTCUR,CDS,25000.000000,10000,False
1361,USDJPY26DEC173.5CE,USDJPY,29DEC2026,1735000000.000000,1,OPTCUR,CDS,100000.000000,10000,False
3939,GBPINR26DEC127.75CE,GBPINR,29DEC2026,1277500000.000000,1,OPTCUR,CDS,25000.000000,10000,False
3941,GBPINR26DEC128CE,GBPINR,29DEC2026,1280000000.000000,1,OPTCUR,CDS,25000.000000,10000,False
3944,GBPINR26N20128.75PE,GBPINR,20NOV2026,1287500000.000000,1,OPTCUR,CDS,25000.000000,10000,False
3951,EURINR26O16115PE,EURINR,16OCT2026,1150000000.000000,1,OPTCUR,CDS,25000.000000,10000,False
13603,GBPUSD26DEC1.285CE,GBPUSD,29DEC2026,12850000.000000,1,OPTCUR,CDS,1000.000000,10000,False
13604,GBPUSD26DEC1.285PE,GBPUSD,29DEC2026,12850000.000000,1,OPTCUR,CDS,1000.000000,10000,False
13614,EURINR26N13112.5CE,EURINR,13NOV2026,1125000000.000000,1,OPTCUR,CDS,25000.000000,10000,False
4,GOI8.40%2024,840GS2024,,-1.000000,1,UNDIRC,CDS,25000.000000,1250,False
3965,GBPINR26N20129.5CE,GBPINR,20NOV2026,1295000000.000000,1,OPTCUR,CDS,25000.000000,10000,False
3977,GBPINR26O09125.25CE,GBPINR,09OCT2026,1252500000.000000,1,OPTCUR,CDS,25000.000000,10000,False
3996,EURUSD27JUN1.28PE,EURUSD,28JUN2027,12800000.000000,1,OPTCUR,CDS,1000.000000,10000,False
13616,EURINR26N13112.75CE,EURINR,13NOV2026,1127500000.000000,1,OPTCUR,CDS,25000.000000,10000,False
13623,EURINR26N13113.5PE,EURINR,13NOV2026,1135000000.000000,1,OPTCUR,CDS,25000.000000,10000,False
13624,EURINR26N13113.75CE,EURINR,13NOV2026,1137500000.000000,1,OPTCUR,CDS,25000.000000,10000,False
13626,EURINR26N13114CE,EURINR,13NOV2026,1140000000.000000,1,OPTCUR,CDS,25000.000000,10000,False
4000,EURUSD26NOV1.285PE,EURUSD,26NOV2026,12850000.000000,1,OPTCUR,CDS,1000.000000,10000,False
4011,EURINR26OCT107CE,EURINR,28OCT2026,1070000000.000000,1,OPTCUR,CDS,25000.000000,10000,False
4029,GBPINR26N20131CE,GBPINR,20NOV2026,1310000000.000000,1,OPTCUR,CDS,25000.000000,10000,False
4035,USDINR2691896.875PE,USDINR,18SEP2026,968750000.000000,1,OPTCUR,CDS,25000.000000,10000,False
1365,EURINR26NOV108PE,EURINR,26NOV2026,1080000000.000000,1,OPTCUR,CDS,25000.000000,10000,False
4055,GBPINR26O09125.5CE,GBPINR,09OCT2026,1255000000.000000,1,OPTCUR,CDS,25000.000000,10000,False
4058,EURINR26OCT107.5CE,EURINR,28OCT2026,1075000000.000000,1,OPTCUR,CDS,25000.000000,10000,False
4067,GBPINR26N20131.75CE,GBPINR,20NOV2026,1317500000.000000,1,OPTCUR,CDS,25000.000000,10000,False
4109,GBPINR26N27129.25CE,GBPINR,27NOV2026,1292500000.000000,1,OPTCUR,CDS,25000.000000,10000,False
13635,GBPUSD27MAR1.455PE,GBPUSD,29MAR2027,14550000.000000,1,OPTCUR,CDS,1000.000000,10000,False
13662,JPYINR27MAR55CE,JPYINR,29MAR2027,550000000.000000,1,OPTCUR,CDS,25000.000000,10000,False
13665,JPYINR27MAR55.25PE,JPYINR,29MAR2027,552500000.000000,1,OPTCUR,CDS,25000.000000,10000,False
13672,JPYINR27MAR56.25CE,JPYINR,29MAR2027,562500000.000000,1,OPTCUR,CDS,25000.000000,10000,False
13678,JPYINR27MAR57CE,JPYINR,29MAR2027,570000000.000000,1,OPTCUR,CDS,25000.000000,10000,False
13685,JPYINR27MAR57.75PE,JPYINR,29MAR2027,577500000.000000,1,OPTCUR,CDS,25000.000000,10000,False
13694,JPYINR27MAR58.5CE,JPYINR,29MAR2027,585000000.000000,1,OPTCUR,CDS,25000.000000,10000,False
4115,GBPINR26N27129.25PE,GBPINR,27NOV2026,1292500000.000000,1,OPTCUR,CDS,25000.000000,10000,False
4131,EURINR27JUN105.25PE,EURINR,28JUN2027,1052500000.000000,1,OPTCUR,CDS,25000.000000,10000,False
4136,USDJPY27MAR146PE,USDJPY,29MAR2027,1460000000.000000,1,OPTCUR,CDS,100000.000000,10000,False
4143,GBPINR26NOV125.5CE,GBPINR,26NOV2026,1255000000.000000,1,OPTCUR,CDS,25000.000000,10000,False
13710,JPYINR27MAR59.25CE,JPYINR,29MAR2027,592500000.000000,1,OPTCUR,CDS,25000.000000,10000,False
13711,JPYINR27MAR59.25PE,JPYINR,29MAR2027,592500000.000000,1,OPTCUR,CDS,25000.000000,10000,False
13746,GBPUSD26DEC1.325PE,GBPUSD,29DEC2026,13250000.000000,1,OPTCUR,CDS,1000.000000,10000,False
13759,GBPUSD26DEC1.345PE,GBPUSD,29DEC2026,13450000.000000,1,OPTCUR,CDS,1000.000000,10000,False
4158,EURINR27JUN107.5CE,EURINR,28JUN2027,1075000000.000000,1,OPTCUR,CDS,25000.000000,10000,False
4164,EURINR27JUN108PE,EURINR,28JUN2027,1080000000.000000,1,OPTCUR,CDS,25000.000000,10000,False
4171,EURINR27JUN109CE,EURINR,28JUN2027,1090000000.000000,1,OPTCUR,CDS,25000.000000,10000,False
4175,EURINR27JUN109.25CE,EURINR,28JUN2027,1092500000.000000,1,OPTCUR,CDS,25000.000000,10000,False
1377,GBPINR26SEP112.75CE,GBPINR,28SEP2026,1127500000.000000,1,OPTCUR,CDS,25000.000000,10000,False
13761,GBPUSD26DEC1.35PE,GBPUSD,29DEC2026,13500000.000000,1,OPTCUR,CDS,1000.000000,10000,False
13763,GBPUSD26DEC1.355PE,GBPUSD,29DEC2026,13550000.000000,1,OPTCUR,CDS,1000.000000,10000,False
13766,GBPUSD26DEC1.365CE,GBPUSD,29DEC2026,13650000.000000,1,OPTCUR,CDS,1000.000000,10000,False
4184,EURINR27JUN110.25CE,EURINR,28JUN2027,1102500000.000000,1,OPTCUR,CDS,25000.000000,10000,False
4192,EURINR27JUN110.75PE,EURINR,28JUN2027,1107500000.000000,1,OPTCUR,CDS,25000.000000,10000,False
4228,EURINR27JUN113PE,EURINR,28JUN2027,1130000000.000000,1,OPTCUR,CDS,25000.000000,10000,False
4235,EURUSD26SEP1.015CE,EURUSD,28SEP2026,10150000.000000,1,OPTCUR,CDS,1000.000000,10000,False
13791,GBPUSD26DEC1.41PE,GBPUSD,29DEC2026,14100000.000000,1,OPTCUR,CDS,1000.000000,10000,False
13793,GBPUSD26DEC1.415PE,GBPUSD,29DEC2026,14150000.000000,1,OPTCUR,CDS,1000.000000,10000,False
13799,GBPUSD26DEC1.43PE,GBPUSD,29DEC2026,14300000.000000,1,OPTCUR,CDS,1000.000000,10000,False
13805,GBPUSD26DEC1.445PE,GBPUSD,29DEC2026,14450000.000000,1,OPTCUR,CDS,1000.000000,10000,False
4238,EURUSD26DEC1.015PE,EURUSD,29DEC2026,10150000.000000,1,OPTCUR,CDS,1000.000000,10000,False
4250,EURUSD27JUN1.035PE,EURUSD,28JUN2027,10350000.000000,1,OPTCUR,CDS,1000.000000,10000,False
4252,EURUSD27JUN1.04PE,EURUSD,28JUN2027,10400000.000000,1,OPTCUR,CDS,1000.000000,10000,False
4254,EURUSD27JUN1.045PE,EURUSD,28JUN2027,10450000.000000,1,OPTCUR,CDS,1000.000000,10000,False
13812,GBPUSD26DEC1.46CE,GBPUSD,29DEC2026,14600000.000000,1,OPTCUR,CDS,1000.000000,10000,False
13824,GBPINR26N13125PE,GBPINR,13NOV2026,1250000000.000000,1,OPTCUR,CDS,25000.000000,10000,False
13832,JPYINR27MAR62.75CE,JPYINR,29MAR2027,627500000.000000,1,OPTCUR,CDS,25000.000000,10000,False
13833,JPYINR27MAR62.75PE,JPYINR,29MAR2027,627500000.000000,1,OPTCUR,CDS,25000.000000,10000,False
4280,GBPUSD27MAR1.195PE,GBPUSD,29MAR2027,11950000.000000,1,OPTCUR,CDS,1000.000000,10000,False
4283,GBPUSD27MAR1.2PE,GBPUSD,29MAR2027,12000000.000000,1,OPTCUR,CDS,1000.000000,10000,False
4322,USDJPY27MAR143CE,USDJPY,29MAR2027,1430000000.000000,1,OPTCUR,CDS,100000.000000,10000,False
4309,EURUSD27JUN1.095PE,EURUSD,28JUN2027,10950000.000000,1,OPTCUR,CDS,1000.000000,10000,False
13838,GBPINR26N13126PE,GBPINR,13NOV2026,1260000000.000000,1,OPTCUR,CDS,25000.000000,10000,False
13845,GBPINR26N13127CE,GBPINR,13NOV2026,1270000000.000000,1,OPTCUR,CDS,25000.000000,10000,False
13847,GBPINR26N13127.25CE,GBPINR,13NOV2026,1272500000.000000,1,OPTCUR,CDS,25000.000000,10000,False
13863,GBPINR26N13128CE,GBPINR,13NOV2026,1280000000.000000,1,OPTCUR,CDS,25000.000000,10000,False
4335,GBPINR26918130.75CE,GBPINR,18SEP2026,1307500000.000000,1,OPTCUR,CDS,25000.000000,10000,False
4338,EURUSD27JUN1.145PE,EURUSD,28JUN2027,11450000.000000,1,OPTCUR,CDS,1000.000000,10000,False
4355,EURUSD27JUN1.185CE,EURUSD,28JUN2027,11850000.000000,1,OPTCUR,CDS,1000.000000,10000,False
4369,EURUSD27JUN1.215CE,EURUSD,28JUN2027,12150000.000000,1,OPTCUR,CDS,1000.000000,10000,False
13867,636GS203126SEP102PE,636GS2031,24SEP2026,1020000000.000000,1,OPTIRC,CDS,25000.000000,1250,False
13868,636GS203126DEC102CE,636GS2031,31DEC2026,1020000000.000000,1,OPTIRC,CDS,25000.000000,1250,False
13880,GBPINR26N13129.5PE,GBPINR,13NOV2026,1295000000.000000,1,OPTCUR,CDS,25000.000000,10000,False
13888,GBPINR26N13130.5PE,GBPINR,13NOV2026,1305000000.000000,1,OPTCUR,CDS,25000.000000,10000,False
4372,EURUSD27JUN1.22PE,EURUSD,28JUN2027,12200000.000000,1,OPTCUR,CDS,1000.000000,10000,False
4402,GBPINR26O09127.75CE,GBPINR,09OCT2026,1277500000.000000,1,OPTCUR,CDS,25000.000000,10000,False
4420,EURUSD26OCT1.27CE,EURUSD,28OCT2026,12700000.000000,1,OPTCUR,CDS,1000.000000,10000,False
4442,GBPINR26918131.5PE,GBPINR,18SEP2026,1315000000.000000,1,OPTCUR,CDS,25000.000000,10000,False
13892,GBPINR26N13131PE,GBPINR,13NOV2026,1310000000.000000,1,OPTCUR,CDS,25000.000000,10000,False
13903,GBPINR26N13132.25PE,GBPINR,13NOV2026,1322500000.000000,1,OPTCUR,CDS,25000.000000,10000,False
13905,GBPINR26N13132.5PE,GBPINR,13NOV2026,1325000000.000000,1,OPTCUR,CDS,25000.000000,10000,False
13975,JPYINR26N1357.25CE,JPYINR,13NOV2026,572500000.000000,1,OPTCUR,CDS,25000.000000,10000,False
4460,GBPINR26N27129.75PE,GBPINR,27NOV2026,1297500000.000000,1,OPTCUR,CDS,25000.000000,10000,False
4485,GBPINR26918132PE,GBPINR,18SEP2026,1320000000.000000,1,OPTCUR,CDS,25000.000000,10000,False
4486,GBPINR26N27130.5CE,GBPINR,27NOV2026,1305000000.000000,1,OPTCUR,CDS,25000.000000,10000,False
4487,GBPINR26N27130.5PE,GBPINR,27NOV2026,1305000000.000000,1,OPTCUR,CDS,25000.000000,10000,False
14,NIFTYFUTURESFARMONTH,NIFTYFUTM3,,-1.000000,1,INDEX,CDS,25000.000000,7000,False
13981,JPYINR26N1358CE,JPYINR,13NOV2026,580000000.000000,1,OPTCUR,CDS,25000.000000,10000,False
13997,JPYINR26N1359.25CE,JPYINR,13NOV2026,592500000.000000,1,OPTCUR,CDS,25000.000000,10000,False
14000,USDINR26DEC99.75CE,USDINR,29DEC2026,997500000.000000,1,OPTCUR,CDS,25000.000000,10000,False
4494,GBPINR27JUN131.75CE,GBPINR,28JUN2027,1317500000.000000,1,OPTCUR,CDS,25000.000000,10000,False
4500,EURINR26OCT108.75CE,EURINR,28OCT2026,1087500000.000000,1,OPTCUR,CDS,25000.000000,10000,False
4507,GBPINR26N27130.75PE,GBPINR,27NOV2026,1307500000.000000,1,OPTCUR,CDS,25000.000000,10000,False
4509,EURINR26OCT109.5PE,EURINR,28OCT2026,1095000000.000000,1,OPTCUR,CDS,25000.000000,10000,False
4554,GBPINR26925FUT,GBPINR,25SEP2026,-1.000000,1,FUTCUR,CDS,25000.000000,10000,False
4578,GBPUSD27JUN1.445CE,GBPUSD,28JUN2027,14450000.000000,1,OPTCUR,CDS,1000.000000,10000,False
14002,JPYINR26N1359.25PE,JPYINR,13NOV2026,592500000.000000,1,OPTCUR,CDS,25000.000000,10000,False
14026,JPYINR26N1361.75PE,JPYINR,13NOV2026,617500000.000000,1,OPTCUR,CDS,25000.000000,10000,False
14030,JPYINR26N1362.25PE,JPYINR,13NOV2026,622500000.000000,1,OPTCUR,CDS,25000.000000,10000,False
14031,JPYINR26N1362.5CE,JPYINR,13NOV2026,625000000.000000,1,OPTCUR,CDS,25000.000000,10000,False
46,R-GOI7.26%2029,R726GS2029,,-1.000000,1,UNDIRC,CDS,25000.000000,1250,False
4579,GBPUSD27JUN1.445PE,GBPUSD,28JUN2027,14450000.000000,1,OPTCUR,CDS,1000.000000,10000,False
4600,GBPINR27JUN122.75PE,GBPINR,28JUN2027,1227500000.000000,1,OPTCUR,CDS,25000.000000,10000,False
4726,GBPINR27MAR121PE,GBPINR,29MAR2027,1210000000.000000,1,OPTCUR,CDS,25000.000000,10000,False
14036,JPYINR26N1363PE,JPYINR,13NOV2026,630000000.000000,1,OPTCUR,CDS,25000.000000,10000,False
14075,USDINR26N1391CE,USDINR,13NOV2026,910000000.000000,1,OPTCUR,CDS,25000.000000,10000,False
14083,USDINR26N1392CE,USDINR,13NOV2026,920000000.000000,1,OPTCUR,CDS,25000.000000,10000,False
14084,USDINR26N1392PE,USDINR,13NOV2026,920000000.000000,1,OPTCUR,CDS,25000.000000,10000,False
4744,JPYINR2691856PE,JPYINR,18SEP2026,560000000.000000,1,OPTCUR,CDS,25000.000000,10000,False
4761,EURINR26O30110.25CE,EURINR,30OCT2026,1102500000.000000,1,OPTCUR,CDS,25000.000000,10000,False
4763,JPYINR2691857CE,JPYINR,18SEP2026,570000000.000000,1,OPTCUR,CDS,25000.000000,10000,False
4765,EURINR26DEC110PE,EURINR,29DEC2026,1100000000.000000,1,OPTCUR,CDS,25000.000000,10000,False
1409,EURINR26NOV109.25PE,EURINR,26NOV2026,1092500000.000000,1,OPTCUR,CDS,25000.000000,10000,False
14103,USDINR27MAR89.5CE,USDINR,29MAR2027,895000000.000000,1,OPTCUR,CDS,25000.000000,10000,False
14105,USDINR27MAR89.75CE,USDINR,29MAR2027,897500000.000000,1,OPTCUR,CDS,25000.000000,10000,False
14115,USDINR26N1393CE,USDINR,13NOV2026,930000000.000000,1,OPTCUR,CDS,25000.000000,10000,False
48,R-GOI7.95%2032,R795GS2032,,-1.000000,1,UNDIRC,CDS,25000.000000,1250,False
4782,USDJPY26OCT145.5PE,USDJPY,28OCT2026,1455000000.000000,1,OPTCUR,CDS,100000.000000,10000,False
4784,USDJPY26OCT146PE,USDJPY,28OCT2026,1460000000.000000,1,OPTCUR,CDS,100000.000000,10000,False
4820,JPYINR2691858CE,JPYINR,18SEP2026,580000000.000000,1,OPTCUR,CDS,25000.000000,10000,False
14119,USDINR26SEP96.5CE,USDINR,28SEP2026,965000000.000000,1,OPTCUR,CDS,25000.000000,10000,False
14125,GBPINR26SEP127.25CE,GBPINR,28SEP2026,1272500000.000000,1,OPTCUR,CDS,25000.000000,10000,False
14132,USDINR26N1394PE,USDINR,13NOV2026,940000000.000000,1,OPTCUR,CDS,25000.000000,10000,False
14138,USDINR27MAR91.25PE,USDINR,29MAR2027,912500000.000000,1,OPTCUR,CDS,25000.000000,10000,False
4856,JPYINR2691858.75PE,JPYINR,18SEP2026,587500000.000000,1,OPTCUR,CDS,25000.000000,10000,False
4860,USDJPY26OCT147CE,USDJPY,28OCT2026,1470000000.000000,1,OPTCUR,CDS,100000.000000,10000,False
4870,JPYINR2691859.25CE,JPYINR,18SEP2026,592500000.000000,1,OPTCUR,CDS,25000.000000,10000,False
4881,USDJPY27JUN146CE,USDJPY,28JUN2027,1460000000.000000,1,OPTCUR,CDS,100000.000000,10000,False
14144,USDINR27MAR92PE,USDINR,29MAR2027,920000000.000000,1,OPTCUR,CDS,25000.000000,10000,False
14159,633GS203526DEC97.5CE,633GS2035,31DEC2026,975000000.000000,1,OPTIRC,CDS,25000.000000,1250,False
14160,633GS203526DEC97.5PE,633GS2035,31DEC2026,975000000.000000,1,OPTIRC,CDS,25000.000000,1250,False
14161,USDINR26N1395CE,USDINR,13NOV2026,950000000.000000,1,OPTCUR,CDS,25000.000000,10000,False
9152,USDINR26O1696.125CE,USDINR,16OCT2026,961250000.000000,1,OPTCUR,CDS,25000.000000,10000,False
9155,USDINR26O1696.25PE,USDINR,16OCT2026,962500000.000000,1,OPTCUR,CDS,25000.000000,10000,False
9161,USDINR26O1696.75PE,USDINR,16OCT2026,967500000.000000,1,OPTCUR,CDS,25000.000000,10000,False
9157,USDINR26O1696.375PE,USDINR,16OCT2026,963750000.000000,1,OPTCUR,CDS,25000.000000,10000,False
1417,EURINR26NOV109.75CE,EURINR,26NOV2026,1097500000.000000,1,OPTCUR,CDS,25000.000000,10000,False
4917,USDJPY26DEC170PE,USDJPY,29DEC2026,1700000000.000000,1,OPTCUR,CDS,100000.000000,10000,False
4919,648GS203526DEC94.75PE,648GS2035,31DEC2026,947500000.000000,1,OPTIRC,CDS,25000.000000,1250,False
4924,EURINR26925106.25CE,EURINR,25SEP2026,1062500000.000000,1,OPTCUR,CDS,25000.000000,10000,False
4929,EURINR26925106.75PE,EURINR,25SEP2026,1067500000.000000,1,OPTCUR,CDS,25000.000000,10000,False
14169,USDINR26N1395.5CE,USDINR,13NOV2026,955000000.000000,1,OPTCUR,CDS,25000.000000,10000,False
14172,USDINR26N1395.625PE,USDINR,13NOV2026,956250000.000000,1,OPTCUR,CDS,25000.000000,10000,False
14189,USDINR26N1397.25CE,USDINR,13NOV2026,972500000.000000,1,OPTCUR,CDS,25000.000000,10000,False
9168,USDJPY26NOV144PE,USDJPY,26NOV2026,1440000000.000000,1,OPTCUR,CDS,100000.000000,10000,False
9190,USDINR26SEP97.75CE,USDINR,28SEP2026,977500000.000000,1,OPTCUR,CDS,25000.000000,10000,False
9195,USDINR26DEC97.75PE,USDINR,29DEC2026,977500000.000000,1,OPTCUR,CDS,25000.000000,10000,False
9197,USDINR26DEC98PE,USDINR,29DEC2026,980000000.000000,1,OPTCUR,CDS,25000.000000,10000,False
4944,EURINR26925108.5CE,EURINR,25SEP2026,1085000000.000000,1,OPTCUR,CDS,25000.000000,10000,False
4945,GBPINR27JUN125CE,GBPINR,28JUN2027,1250000000.000000,1,OPTCUR,CDS,25000.000000,10000,False
4949,GBPINR27JUN125.25PE,GBPINR,28JUN2027,1252500000.000000,1,OPTCUR,CDS,25000.000000,10000,False
4978,EURINR26925111.5PE,EURINR,25SEP2026,1115000000.000000,1,OPTCUR,CDS,25000.000000,10000,False
14194,USDINR26N1397.75PE,USDINR,13NOV2026,977500000.000000,1,OPTCUR,CDS,25000.000000,10000,False
14196,USDINR26N1398PE,USDINR,13NOV2026,980000000.000000,1,OPTCUR,CDS,25000.000000,10000,False
14197,USDINR26N1398.25CE,USDINR,13NOV2026,982500000.000000,1,OPTCUR,CDS,25000.000000,10000,False
14200,USDINR26N1398.5PE,USDINR,13NOV2026,985000000.000000,1,OPTCUR,CDS,25000.000000,10000,False
9299,GBPINR27MAR132.75CE,GBPINR,29MAR2027,1327500000.000000,1,OPTCUR,CDS,25000.000000,10000,False
9209,USDINR26O1698.25PE,USDINR,16OCT2026,982500000.000000,1,OPTCUR,CDS,25000.000000,10000,False
9256,GBPINR26DEC118PE,GBPINR,29DEC2026,1180000000.000000,1,OPTCUR,CDS,25000.000000,10000,False
9298,GBPINR26DEC133.75PE,GBPINR,29DEC2026,1337500000.000000,1,OPTCUR,CDS,25000.000000,10000,False
4980,EURINR26925111.75PE,EURINR,25SEP2026,1117500000.000000,1,OPTCUR,CDS,25000.000000,10000,False
5005,GBPINR26NOV127.5CE,GBPINR,26NOV2026,1275000000.000000,1,OPTCUR,CDS,25000.000000,10000,False
5012,EURINR26O30112PE,EURINR,30OCT2026,1120000000.000000,1,OPTCUR,CDS,25000.000000,10000,False
5036,EURINR26925113.75CE,EURINR,25SEP2026,1137500000.000000,1,OPTCUR,CDS,25000.000000,10000,False
14239,633GS203526NOV94.5CE,633GS2035,26NOV2026,945000000.000000,1,OPTIRC,CDS,25000.000000,1250,False
14257,633GS203526NOV96.75CE,633GS2035,26NOV2026,967500000.000000,1,OPTIRC,CDS,25000.000000,1250,False
14261,633GS203526NOV97.25CE,633GS2035,26NOV2026,972500000.000000,1,OPTIRC,CDS,25000.000000,1250,False
14262,633GS203526NOV97.25PE,633GS2035,26NOV2026,972500000.000000,1,OPTIRC,CDS,25000.000000,1250,False
9301,GBPINR27MAR133CE,GBPINR,29MAR2027,1330000000.000000,1,OPTCUR,CDS,25000.000000,10000,False
9305,GBPINR27MAR133.5CE,GBPINR,29MAR2027,1335000000.000000,1,OPTCUR,CDS,25000.000000,10000,False
9349,633GS203526OCT96.25PE,633GS2035,29OCT2026,962500000.000000,1,OPTIRC,CDS,25000.000000,1250,False
9354,633GS203526OCT96.75CE,633GS2035,29OCT2026,967500000.000000,1,OPTIRC,CDS,25000.000000,1250,False
5040,GBPINR27JUN126CE,GBPINR,28JUN2027,1260000000.000000,1,OPTCUR,CDS,25000.000000,10000,False
5047,EURINR26O30113.25CE,EURINR,30OCT2026,1132500000.000000,1,OPTCUR,CDS,25000.000000,10000,False
5051,GBPINR27JUN126.5CE,GBPINR,28JUN2027,1265000000.000000,1,OPTCUR,CDS,25000.000000,10000,False
5062,EURINR26925114CE,EURINR,25SEP2026,1140000000.000000,1,OPTCUR,CDS,25000.000000,10000,False
9377,633GS203526OCT98.25PE,633GS2035,29OCT2026,982500000.000000,1,OPTIRC,CDS,25000.000000,1250,False
9381,633GS203526OCT98.75PE,633GS2035,29OCT2026,987500000.000000,1,OPTIRC,CDS,25000.000000,1250,False
9385,USDINR26O0995.125CE,USDINR,09OCT2026,951250000.000000,1,OPTCUR,CDS,25000.000000,10000,False
9388,633GS203526OCT99.25PE,633GS2035,29OCT2026,992500000.000000,1,OPTIRC,CDS,25000.000000,1250,False
14276,633GS203526NOV99PE,633GS2035,26NOV2026,990000000.000000,1,OPTIRC,CDS,25000.000000,1250,False
14328,636GS203126NOV99.75PE,636GS2031,26NOV2026,997500000.000000,1,OPTIRC,CDS,25000.000000,1250,False
14330,636GS203126NOV100PE,636GS2031,26NOV2026,1000000000.000000,1,OPTIRC,CDS,25000.000000,1250,False
14369,648GS203526NOV94.75CE,648GS2035,26NOV2026,947500000.000000,1,OPTIRC,CDS,25000.000000,1250,False
5067,JPYINR2691860.75PE,JPYINR,18SEP2026,607500000.000000,1,OPTCUR,CDS,25000.000000,10000,False
5074,EURINR26O30114.25CE,EURINR,30OCT2026,1142500000.000000,1,OPTCUR,CDS,25000.000000,10000,False
5084,EURINR26DEC110.25CE,EURINR,29DEC2026,1102500000.000000,1,OPTCUR,CDS,25000.000000,10000,False
5110,EURINR26SEP112.25CE,EURINR,28SEP2026,1122500000.000000,1,OPTCUR,CDS,25000.000000,10000,False
9397,EURINR26SEP110.75CE,EURINR,28SEP2026,1107500000.000000,1,OPTCUR,CDS,25000.000000,10000,False
9405,USDINR26N2795.75CE,USDINR,27NOV2026,957500000.000000,1,OPTCUR,CDS,25000.000000,10000,False
9458,USDINR26N2797.75PE,USDINR,27NOV2026,977500000.000000,1,OPTCUR,CDS,25000.000000,10000,False
9500,EURUSD26NOV1.03CE,EURUSD,26NOV2026,10300000.000000,1,OPTCUR,CDS,1000.000000,10000,False
1437,EURINR26NOV110PE,EURINR,26NOV2026,1100000000.000000,1,OPTCUR,CDS,25000.000000,10000,False
14376,648GS203526NOV95.5PE,648GS2035,26NOV2026,955000000.000000,1,OPTIRC,CDS,25000.000000,1250,False
14379,648GS203526NOV96CE,648GS2035,26NOV2026,960000000.000000,1,OPTIRC,CDS,25000.000000,1250,False
14381,648GS203526NOV96.25CE,648GS2035,26NOV2026,962500000.000000,1,OPTIRC,CDS,25000.000000,1250,False
52,R-GOI7.57%2033,R757GS2033,,-1.000000,1,UNDIRC,CDS,25000.000000,1250,False
5142,GBPINR26918133.5PE,GBPINR,18SEP2026,1335000000.000000,1,OPTCUR,CDS,25000.000000,10000,False
5247,JPYINR2691864.25CE,JPYINR,18SEP2026,642500000.000000,1,OPTCUR,CDS,25000.000000,10000,False
5262,JPYINR26N2057.75PE,JPYINR,20NOV2026,577500000.000000,1,OPTCUR,CDS,25000.000000,10000,False
9524,USDINR26OCT91CE,USDINR,28OCT2026,910000000.000000,1,OPTCUR,CDS,25000.000000,10000,False
9533,USDINR26OCT91.25PE,USDINR,28OCT2026,912500000.000000,1,OPTCUR,CDS,25000.000000,10000,False
9542,USDINR26O2392PE,USDINR,23OCT2026,920000000.000000,1,OPTCUR,CDS,25000.000000,10000,False
9545,USDINR26SEP98.75CE,USDINR,28SEP2026,987500000.000000,1,OPTCUR,CDS,25000.000000,10000,False
5278,GBPUSD26NOV1.225PE,GBPUSD,26NOV2026,12250000.000000,1,OPTCUR,CDS,1000.000000,10000,False
5282,GBPINR26925125.25PE,GBPINR,25SEP2026,1252500000.000000,1,OPTCUR,CDS,25000.000000,10000,False
5285,GBPINR27JUN127.5CE,GBPINR,28JUN2027,1275000000.000000,1,OPTCUR,CDS,25000.000000,10000,False
5302,JPYINR2691864.75PE,JPYINR,18SEP2026,647500000.000000,1,OPTCUR,CDS,25000.000000,10000,False
9549,USDINR26OCT92.25CE,USDINR,28OCT2026,922500000.000000,1,OPTCUR,CDS,25000.000000,10000,False
9559,GBPINR27MAR127.75CE,GBPINR,29MAR2027,1277500000.000000,1,OPTCUR,CDS,25000.000000,10000,False
9562,GBPINR27MAR128PE,GBPINR,29MAR2027,1280000000.000000,1,OPTCUR,CDS,25000.000000,10000,False
9565,GBPINR27MAR128.5CE,GBPINR,29MAR2027,1285000000.000000,1,OPTCUR,CDS,25000.000000,10000,False
5312,EURINR26SEP113.25PE,EURINR,28SEP2026,1132500000.000000,1,OPTCUR,CDS,25000.000000,10000,False
5314,EURINR26OCT110.75PE,EURINR,28OCT2026,1107500000.000000,1,OPTCUR,CDS,25000.000000,10000,False
5324,JPYINR26SEP53.5PE,JPYINR,28SEP2026,535000000.000000,1,OPTCUR,CDS,25000.000000,10000,False
5328,EURINR26DEC113CE,EURINR,29DEC2026,1130000000.000000,1,OPTCUR,CDS,25000.000000,10000,False
9566,GBPINR27MAR128.5PE,GBPINR,29MAR2027,1285000000.000000,1,OPTCUR,CDS,25000.000000,10000,False
9571,USDINR26OCT92.5PE,USDINR,28OCT2026,925000000.000000,1,OPTCUR,CDS,25000.000000,10000,False
9583,636GS203126OCT99.25PE,636GS2031,29OCT2026,992500000.000000,1,OPTIRC,CDS,25000.000000,1250,False
9597,636GS203126OCT101PE,636GS2031,29OCT2026,1010000000.000000,1,OPTIRC,CDS,25000.000000,1250,False
9599,636GS203126OCT101.25PE,636GS2031,29OCT2026,1012500000.000000,1,OPTIRC,CDS,25000.000000,1250,False
9600,636GS203126OCT101.5CE,636GS2031,29OCT2026,1015000000.000000,1,OPTIRC,CDS,25000.000000,1250,False
9605,636GS203126OCT101.75PE,636GS2031,29OCT2026,1017500000.000000,1,OPTIRC,CDS,25000.000000,1250,False
9606,636GS203126OCT102CE,636GS2031,29OCT2026,1020000000.000000,1,OPTIRC,CDS,25000.000000,1250,False
5352,GBPINR26925127.5CE,GBPINR,25SEP2026,1275000000.000000,1,OPTCUR,CDS,25000.000000,10000,False
5354,GBPINR26925127.75CE,GBPINR,25SEP2026,1277500000.000000,1,OPTCUR,CDS,25000.000000,10000,False
5355,GBPINR26O16125PE,GBPINR,16OCT2026,1250000000.000000,1,OPTCUR,CDS,25000.000000,10000,False
5360,GBPINR26O09132.75CE,GBPINR,09OCT2026,1327500000.000000,1,OPTCUR,CDS,25000.000000,10000,False
1440,USDINR26N0694.375CE,USDINR,06NOV2026,943750000.000000,1,OPTCUR,CDS,25000.000000,10000,False
14385,648GS203526NOV96.75CE,648GS2035,26NOV2026,967500000.000000,1,OPTIRC,CDS,25000.000000,1250,False
14386,648GS203526NOV96.75PE,648GS2035,26NOV2026,967500000.000000,1,OPTIRC,CDS,25000.000000,1250,False
14447,668GS204026NOV94.25PE,668GS2040,26NOV2026,942500000.000000,1,OPTIRC,CDS,25000.000000,1250,False
9638,648GS203526OCT96CE,648GS2035,29OCT2026,960000000.000000,1,OPTIRC,CDS,25000.000000,1250,False
9655,GBPINR26DEC118.25PE,GBPINR,29DEC2026,1182500000.000000,1,OPTCUR,CDS,25000.000000,10000,False
9657,GBPINR26DEC118.5PE,GBPINR,29DEC2026,1185000000.000000,1,OPTCUR,CDS,25000.000000,10000,False
9681,USDINR26OCT97.25CE,USDINR,28OCT2026,972500000.000000,1,OPTCUR,CDS,25000.000000,10000,False
5361,EURINR26OCT112CE,EURINR,28OCT2026,1120000000.000000,1,OPTCUR,CDS,25000.000000,10000,False
5368,GBPINR26925128CE,GBPINR,25SEP2026,1280000000.000000,1,OPTCUR,CDS,25000.000000,10000,False
5385,GBPINR26925128.5CE,GBPINR,25SEP2026,1285000000.000000,1,OPTCUR,CDS,25000.000000,10000,False
5412,EURINR26OCT113CE,EURINR,28OCT2026,1130000000.000000,1,OPTCUR,CDS,25000.000000,10000,False
1445,EURINR26NOV110.25PE,EURINR,26NOV2026,1102500000.000000,1,OPTCUR,CDS,25000.000000,10000,False
9688,USDINR26OCT97.75PE,USDINR,28OCT2026,977500000.000000,1,OPTCUR,CDS,25000.000000,10000,False
9700,648GS203526OCT96.75PE,648GS2035,29OCT2026,967500000.000000,1,OPTIRC,CDS,25000.000000,1250,False
9712,648GS203526OCT97.75PE,648GS2035,29OCT2026,977500000.000000,1,OPTIRC,CDS,25000.000000,1250,False
9718,648GS203526OCT98PE,648GS2035,29OCT2026,980000000.000000,1,OPTIRC,CDS,25000.000000,1250,False
14462,668GS204026NOV96.25CE,668GS2040,26NOV2026,962500000.000000,1,OPTIRC,CDS,25000.000000,1250,False
14482,USDINR27MAR94.25PE,USDINR,29MAR2027,942500000.000000,1,OPTCUR,CDS,25000.000000,10000,False
14516,694GS203626NOV97.5CE,694GS2036,26NOV2026,975000000.000000,1,OPTIRC,CDS,25000.000000,1250,False
5436,GBPINR26925130.5PE,GBPINR,25SEP2026,1305000000.000000,1,OPTCUR,CDS,25000.000000,10000,False
5437,GBPINR26O09133PE,GBPINR,09OCT2026,1330000000.000000,1,OPTCUR,CDS,25000.000000,10000,False
5441,EURINR26OCT113.5PE,EURINR,28OCT2026,1135000000.000000,1,OPTCUR,CDS,25000.000000,10000,False
5451,JPYINR26N2058.5PE,JPYINR,20NOV2026,585000000.000000,1,OPTCUR,CDS,25000.000000,10000,False
14519,694GS203626NOV97.75PE,694GS2036,26NOV2026,977500000.000000,1,OPTIRC,CDS,25000.000000,1250,False
14527,694GS203626NOV98.75PE,694GS2036,26NOV2026,987500000.000000,1,OPTIRC,CDS,25000.000000,1250,False
14536,694GS203626NOV100CE,694GS2036,26NOV2026,1000000000.000000,1,OPTIRC,CDS,25000.000000,1250,False
14547,694GS203626NOV101.25PE,694GS2036,26NOV2026,1012500000.000000,1,OPTIRC,CDS,25000.000000,1250,False
14593,723GS203926NOV101.25PE,723GS2039,26NOV2026,1012500000.000000,1,OPTIRC,CDS,25000.000000,1250,False
14604,723GS203926NOV102.75CE,723GS2039,26NOV2026,1027500000.000000,1,OPTIRC,CDS,25000.000000,1250,False
14698,USDINR27MAR97PE,USDINR,29MAR2027,970000000.000000,1,OPTCUR,CDS,25000.000000,10000,False
14711,USDINR27MAR98.75CE,USDINR,29MAR2027,987500000.000000,1,OPTCUR,CDS,25000.000000,10000,False
9738,648GS203526OCT99.5CE,648GS2035,29OCT2026,995000000.000000,1,OPTIRC,CDS,25000.000000,1250,False
9778,GBPUSD26NOV1.48PE,GBPUSD,26NOV2026,14800000.000000,1,OPTCUR,CDS,1000.000000,10000,False
9843,USDJPY26OCT153.5PE,USDJPY,28OCT2026,1535000000.000000,1,OPTCUR,CDS,100000.000000,10000,False
9849,USDJPY26OCT154.5PE,USDJPY,28OCT2026,1545000000.000000,1,OPTCUR,CDS,100000.000000,10000,False
1472,EURINR26NOV111.25CE,EURINR,26NOV2026,1112500000.000000,1,OPTCUR,CDS,25000.000000,10000,False
5458,EURINR26OCT114CE,EURINR,28OCT2026,1140000000.000000,1,OPTCUR,CDS,25000.000000,10000,False
5465,GBPINR26925131.25PE,GBPINR,25SEP2026,1312500000.000000,1,OPTCUR,CDS,25000.000000,10000,False
5474,GBPINR26O23FUT,GBPINR,23OCT2026,-1.000000,1,FUTCUR,CDS,25000.000000,10000,False
5482,GBPINR27JUN130CE,GBPINR,28JUN2027,1300000000.000000,1,OPTCUR,CDS,25000.000000,10000,False
14730,EURINR26SEP112.75PE,EURINR,28SEP2026,1127500000.000000,1,OPTCUR,CDS,25000.000000,10000,False
14766,USDJPY27MAR150.5PE,USDJPY,29MAR2027,1505000000.000000,1,OPTCUR,CDS,100000.000000,10000,False
14777,USDJPY27MAR153.5CE,USDJPY,29MAR2027,1535000000.000000,1,OPTCUR,CDS,100000.000000,10000,False
9851,USDINR26O2392.25PE,USDINR,23OCT2026,922500000.000000,1,OPTCUR,CDS,25000.000000,10000,False
9855,USDJPY26OCT155PE,USDJPY,28OCT2026,1550000000.000000,1,OPTCUR,CDS,100000.000000,10000,False
9859,USDJPY26OCT156CE,USDJPY,28OCT2026,1560000000.000000,1,OPTCUR,CDS,100000.000000,10000,False
9881,668GS204026OCT97.5PE,668GS2040,29OCT2026,975000000.000000,1,OPTIRC,CDS,25000.000000,1250,False
5521,GBPINR26925133.5CE,GBPINR,25SEP2026,1335000000.000000,1,OPTCUR,CDS,25000.000000,10000,False
9896,USDINR26O2393.75CE,USDINR,23OCT2026,937500000.000000,1,OPTCUR,CDS,25000.000000,10000,False
9903,USDJPY26OCT160.5PE,USDJPY,28OCT2026,1605000000.000000,1,OPTCUR,CDS,100000.000000,10000,False
9908,USDINR26O2394.25PE,USDINR,23OCT2026,942500000.000000,1,OPTCUR,CDS,25000.000000,10000,False
9918,USDINR26O2394.625PE,USDINR,23OCT2026,946250000.000000,1,OPTCUR,CDS,25000.000000,10000,False
5492,GBPINR27JUN130.25CE,GBPINR,28JUN2027,1302500000.000000,1,OPTCUR,CDS,25000.000000,10000,False
5500,GBPINR26925132.25PE,GBPINR,25SEP2026,1322500000.000000,1,OPTCUR,CDS,25000.000000,10000,False
5516,GBPINR26NOV128.25PE,GBPINR,26NOV2026,1282500000.000000,1,OPTCUR,CDS,25000.000000,10000,False
14788,USDJPY27MAR156PE,USDJPY,29MAR2027,1560000000.000000,1,OPTCUR,CDS,100000.000000,10000,False
14847,USDJPY27MAR157CE,USDJPY,29MAR2027,1570000000.000000,1,OPTCUR,CDS,100000.000000,10000,False
14853,USDJPY27MAR158.5CE,USDJPY,29MAR2027,1585000000.000000,1,OPTCUR,CDS,100000.000000,10000,False
14856,USDJPY27MAR159PE,USDJPY,29MAR2027,1590000000.000000,1,OPTCUR,CDS,100000.000000,10000,False
9933,USDINR26O2395.25CE,USDINR,23OCT2026,952500000.000000,1,OPTCUR,CDS,25000.000000,10000,False
9938,USDJPY26OCT161.5PE,USDJPY,28OCT2026,1615000000.000000,1,OPTCUR,CDS,100000.000000,10000,False
9960,USDINR26O2395.625PE,USDINR,23OCT2026,956250000.000000,1,OPTCUR,CDS,25000.000000,10000,False
9965,668GS204026OCT99.5CE,668GS2040,29OCT2026,995000000.000000,1,OPTIRC,CDS,25000.000000,1250,False
5527,GBPINR26925133.75PE,GBPINR,25SEP2026,1337500000.000000,1,OPTCUR,CDS,25000.000000,10000,False
5536,EURUSD26DEC1.06CE,EURUSD,29DEC2026,10600000.000000,1,OPTCUR,CDS,1000.000000,10000,False
5559,EURUSD26DEC1.09CE,EURUSD,29DEC2026,10900000.000000,1,OPTCUR,CDS,1000.000000,10000,False
5564,EURUSD26DEC1.1CE,EURUSD,29DEC2026,11000000.000000,1,OPTCUR,CDS,1000.000000,10000,False
1490,EURINR26NOV112PE,EURINR,26NOV2026,1120000000.000000,1,OPTCUR,CDS,25000.000000,10000,False
14888,USDJPY27MAR162PE,USDJPY,29MAR2027,1620000000.000000,1,OPTCUR,CDS,100000.000000,10000,False
15101,USDJPY27MAR166PE,USDJPY,29MAR2027,1660000000.000000,1,OPTCUR,CDS,100000.000000,10000,False
15149,USDJPY26DEC143.5PE,USDJPY,29DEC2026,1435000000.000000,1,OPTCUR,CDS,100000.000000,10000,False
9968,USDINR26O2395.75CE,USDINR,23OCT2026,957500000.000000,1,OPTCUR,CDS,25000.000000,10000,False
9983,USDINR26O2396.25CE,USDINR,23OCT2026,962500000.000000,1,OPTCUR,CDS,25000.000000,10000,False
9991,USDJPY26OCT163PE,USDJPY,28OCT2026,1630000000.000000,1,OPTCUR,CDS,100000.000000,10000,False
15181,JPYINR26DEC53.75PE,JPYINR,29DEC2026,537500000.000000,1,OPTCUR,CDS,25000.000000,10000,False
15186,JPYINR26DEC54.5CE,JPYINR,29DEC2026,545000000.000000,1,OPTCUR,CDS,25000.000000,10000,False
15187,JPYINR26DEC54.5PE,JPYINR,29DEC2026,545000000.000000,1,OPTCUR,CDS,25000.000000,10000,False
15188,JPYINR26DEC54.75CE,JPYINR,29DEC2026,547500000.000000,1,OPTCUR,CDS,25000.000000,10000,False
1521,USDJPY27MAR173.5PE,USDJPY,29MAR2027,1735000000.000000,1,OPTCUR,CDS,100000.000000,10000,False
5566,EURUSD26DEC1.105CE,EURUSD,29DEC2026,11050000.000000,1,OPTCUR,CDS,1000.000000,10000,False
5593,EURUSD26DEC1.13CE,EURUSD,29DEC2026,11300000.000000,1,OPTCUR,CDS,1000.000000,10000,False
5594,GBPINR26NOV128.5CE,GBPINR,26NOV2026,1285000000.000000,1,OPTCUR,CDS,25000.000000,10000,False
5650,EURUSD26DEC1.15PE,EURUSD,29DEC2026,11500000.000000,1,OPTCUR,CDS,1000.000000,10000,False
15193,JPYINR26DEC55.25PE,JPYINR,29DEC2026,552500000.000000,1,OPTCUR,CDS,25000.000000,10000,False
15256,668GS204026SEP91.75CE,668GS2040,24SEP2026,917500000.000000,1,OPTIRC,CDS,25000.000000,1250,False
15257,668GS204026SEP91.75PE,668GS2040,24SEP2026,917500000.000000,1,OPTIRC,CDS,25000.000000,1250,False
5721,GBPINR27MAR122.25CE,GBPINR,29MAR2027,1222500000.000000,1,OPTCUR,CDS,25000.000000,10000,False
5724,EURUSD26DEC1.17CE,EURUSD,29DEC2026,11700000.000000,1,OPTCUR,CDS,1000.000000,10000,False
5744,JPYINR26N2060CE,JPYINR,20NOV2026,600000000.000000,1,OPTCUR,CDS,25000.000000,10000,False
5757,JPYINR2692556.25PE,JPYINR,25SEP2026,562500000.000000,1,OPTCUR,CDS,25000.000000,10000,False
5760,EURUSD26OCT1.045PE,EURUSD,28OCT2026,10450000.000000,1,OPTCUR,CDS,1000.000000,10000,False
5763,JPYINR2692556.5CE,JPYINR,25SEP2026,565000000.000000,1,OPTCUR,CDS,25000.000000,10000,False
5768,EURINR26O23109.75PE,EURINR,23OCT2026,1097500000.000000,1,OPTCUR,CDS,25000.000000,10000,False
5776,USDINR2691891.25PE,USDINR,18SEP2026,912500000.000000,1,OPTCUR,CDS,25000.000000,10000,False
58,R-GOI6.19%2034,R619GS2034,,-1.000000,1,UNDIRC,CDS,25000.000000,1250,False
5777,USDINR2691891.5CE,USDINR,18SEP2026,915000000.000000,1,OPTCUR,CDS,25000.000000,10000,False
5825,EURINR26O23111.5CE,EURINR,23OCT2026,1115000000.000000,1,OPTCUR,CDS,25000.000000,10000,False
5835,EURUSD26OCT1.065PE,EURUSD,28OCT2026,10650000.000000,1,OPTCUR,CDS,1000.000000,10000,False
15258,668GS204026DEC91.75CE,668GS2040,31DEC2026,917500000.000000,1,OPTIRC,CDS,25000.000000,1250,False
15406,694GS203626DEC103.5PE,694GS2036,31DEC2026,1035000000.000000,1,OPTIRC,CDS,25000.000000,1250,False
15437,648GS203527MARFUT,648GS2035,25MAR2027,-1.000000,1,FUTIRC,CDS,25000.000000,1250,False
15448,USDINR27JUN91CE,USDINR,28JUN2027,910000000.000000,1,OPTCUR,CDS,25000.000000,10000,False
5836,EURUSD26OCT1.07CE,EURUSD,28OCT2026,10700000.000000,1,OPTCUR,CDS,1000.000000,10000,False
5856,EURINR26O23113PE,EURINR,23OCT2026,1130000000.000000,1,OPTCUR,CDS,25000.000000,10000,False
5889,JPYINR2692560CE,JPYINR,25SEP2026,600000000.000000,1,OPTCUR,CDS,25000.000000,10000,False
5890,EURINR26O23113.5PE,EURINR,23OCT2026,1135000000.000000,1,OPTCUR,CDS,25000.000000,10000,False
5919,EURINR26O23115PE,EURINR,23OCT2026,1150000000.000000,1,OPTCUR,CDS,25000.000000,10000,False
5973,EURUSD26DEC1.215CE,EURUSD,29DEC2026,12150000.000000,1,OPTCUR,CDS,1000.000000,10000,False
5974,EURUSD26DEC1.215PE,EURUSD,29DEC2026,12150000.000000,1,OPTCUR,CDS,1000.000000,10000,False
5982,USDINR2691895CE,USDINR,18SEP2026,950000000.000000,1,OPTCUR,CDS,25000.000000,10000,False
15450,USDINR27JUN91.25CE,USDINR,28JUN2027,912500000.000000,1,OPTCUR,CDS,25000.000000,10000,False
15461,USDINR27JUN92.5PE,USDINR,28JUN2027,925000000.000000,1,OPTCUR,CDS,25000.000000,10000,False
15472,USDINR27JUN94CE,USDINR,28JUN2027,940000000.000000,1,OPTCUR,CDS,25000.000000,10000,False
15496,USDINR27JUN96.25PE,USDINR,28JUN2027,962500000.000000,1,OPTCUR,CDS,25000.000000,10000,False
5988,GBPINR26O30125.25CE,GBPINR,30OCT2026,1252500000.000000,1,OPTCUR,CDS,25000.000000,10000,False
6006,GBPINR26O30125.5PE,GBPINR,30OCT2026,1255000000.000000,1,OPTCUR,CDS,25000.000000,10000,False
6011,EURUSD26DEC1.225PE,EURUSD,29DEC2026,12250000.000000,1,OPTCUR,CDS,1000.000000,10000,False
6060,GBPINR26O30126.5CE,GBPINR,30OCT2026,1265000000.000000,1,OPTCUR,CDS,25000.000000,10000,False
15501,USDINR27JUN97CE,USDINR,28JUN2027,970000000.000000,1,OPTCUR,CDS,25000.000000,10000,False
15508,JPYINR26DEC61.25CE,JPYINR,29DEC2026,612500000.000000,1,OPTCUR,CDS,25000.000000,10000,False
15510,JPYINR26DEC61.5CE,JPYINR,29DEC2026,615000000.000000,1,OPTCUR,CDS,25000.000000,10000,False
15514,JPYINR26DEC62CE,JPYINR,29DEC2026,620000000.000000,1,OPTCUR,CDS,25000.000000,10000,False
15518,JPYINR26DEC62.5CE,JPYINR,29DEC2026,625000000.000000,1,OPTCUR,CDS,25000.000000,10000,False
15524,JPYINR26DEC63.25CE,JPYINR,29DEC2026,632500000.000000,1,OPTCUR,CDS,25000.000000,10000,False
15526,JPYINR26DEC63.5CE,JPYINR,29DEC2026,635000000.000000,1,OPTCUR,CDS,25000.000000,10000,False
15536,USDINR27JUN97.75PE,USDINR,28JUN2027,977500000.000000,1,OPTCUR,CDS,25000.000000,10000,False
15547,USDINR27JUN99.25CE,USDINR,28JUN2027,992500000.000000,1,OPTCUR,CDS,25000.000000,10000,False
15548,USDINR27JUN99.25PE,USDINR,28JUN2027,992500000.000000,1,OPTCUR,CDS,25000.000000,10000,False
15574,USDINR26DEC87CE,USDINR,29DEC2026,870000000.000000,1,OPTCUR,CDS,25000.000000,10000,False
15577,USDINR26DEC87.25PE,USDINR,29DEC2026,872500000.000000,1,OPTCUR,CDS,25000.000000,10000,False
15591,USDINR26DEC89PE,USDINR,29DEC2026,890000000.000000,1,OPTCUR,CDS,25000.000000,10000,False
15592,USDINR26DEC89.25CE,USDINR,29DEC2026,892500000.000000,1,OPTCUR,CDS,25000.000000,10000,False
15597,USDINR26DEC89.75PE,USDINR,29DEC2026,897500000.000000,1,OPTCUR,CDS,25000.000000,10000,False
15622,USDINR27JUN100CE,USDINR,28JUN2027,1000000000.000000,1,OPTCUR,CDS,25000.000000,10000,False
15634,USDJPY27JUN151CE,USDJPY,28JUN2027,1510000000.000000,1,OPTCUR,CDS,100000.000000,10000,False
15644,USDJPY27JUN153.5CE,USDJPY,28JUN2027,1535000000.000000,1,OPTCUR,CDS,100000.000000,10000,False
15656,EURINR27MAR115CE,EURINR,29MAR2027,1150000000.000000,1,OPTCUR,CDS,25000.000000,10000,False
15660,USDINR26DEC92.5PE,USDINR,29DEC2026,925000000.000000,1,OPTCUR,CDS,25000.000000,10000,False
1567,GBPINR27JUN131.5CE,GBPINR,28JUN2027,1315000000.000000,1,OPTCUR,CDS,25000.000000,10000,False
15667,USDINR26DEC93.5CE,USDINR,29DEC2026,935000000.000000,1,OPTCUR,CDS,25000.000000,10000,False
15670,USDINR26DEC93.75PE,USDINR,29DEC2026,937500000.000000,1,OPTCUR,CDS,25000.000000,10000,False
15676,USDINR26DEC94.5PE,USDINR,29DEC2026,945000000.000000,1,OPTCUR,CDS,25000.000000,10000,False
6064,GBPUSD27JUN1.195CE,GBPUSD,28JUN2027,11950000.000000,1,OPTCUR,CDS,1000.000000,10000,False
6095,JPYINR2692561.5PE,JPYINR,25SEP2026,615000000.000000,1,OPTCUR,CDS,25000.000000,10000,False
6097,JPYINR2692561.75CE,JPYINR,25SEP2026,617500000.000000,1,OPTCUR,CDS,25000.000000,10000,False
6110,GBPINR26O30126.75CE,GBPINR,30OCT2026,1267500000.000000,1,OPTCUR,CDS,25000.000000,10000,False
1569,GBPINR26918132.75CE,GBPINR,18SEP2026,1327500000.000000,1,OPTCUR,CDS,25000.000000,10000,False
15688,USDINR26DEC95.5PE,USDINR,29DEC2026,955000000.000000,1,OPTCUR,CDS,25000.000000,10000,False
15712,USDJPY26DEC148.5CE,USDJPY,29DEC2026,1485000000.000000,1,OPTCUR,CDS,100000.000000,10000,False
15714,USDJPY26DEC149CE,USDJPY,29DEC2026,1490000000.000000,1,OPTCUR,CDS,100000.000000,10000,False
6119,JPYINR2692562.75CE,JPYINR,25SEP2026,627500000.000000,1,OPTCUR,CDS,25000.000000,10000,False
6129,JPYINR26SEP55CE,JPYINR,28SEP2026,550000000.000000,1,OPTCUR,CDS,25000.000000,10000,False
6137,JPYINR2692563.5PE,JPYINR,25SEP2026,635000000.000000,1,OPTCUR,CDS,25000.000000,10000,False
6145,USDINR2691895.875CE,USDINR,18SEP2026,958750000.000000,1,OPTCUR,CDS,25000.000000,10000,False
1578,JPYINR26NOVFUT,JPYINR,26NOV2026,-1.000000,1,FUTCUR,CDS,25000.000000,10000,False
15720,USDJPY26DEC150.5CE,USDJPY,29DEC2026,1505000000.000000,1,OPTCUR,CDS,100000.000000,10000,False
15726,USDJPY26DEC152CE,USDJPY,29DEC2026,1520000000.000000,1,OPTCUR,CDS,100000.000000,10000,False
15731,USDJPY26DEC153PE,USDJPY,29DEC2026,1530000000.000000,1,OPTCUR,CDS,100000.000000,10000,False
6155,JPYINR2692564.75PE,JPYINR,25SEP2026,647500000.000000,1,OPTCUR,CDS,25000.000000,10000,False
6162,USDINR2691896CE,USDINR,18SEP2026,960000000.000000,1,OPTCUR,CDS,25000.000000,10000,False
6167,USDINR2691896.25CE,USDINR,18SEP2026,962500000.000000,1,OPTCUR,CDS,25000.000000,10000,False
6181,USDINR2691896.75CE,USDINR,18SEP2026,967500000.000000,1,OPTCUR,CDS,25000.000000,10000,False
6184,USDINR2691897PE,USDINR,18SEP2026,970000000.000000,1,OPTCUR,CDS,25000.000000,10000,False
6212,GBPINR26O30127.75PE,GBPINR,30OCT2026,1277500000.000000,1,OPTCUR,CDS,25000.000000,10000,False
6228,USDINR2692591.75CE,USDINR,25SEP2026,917500000.000000,1,OPTCUR,CDS,25000.000000,10000,False
6232,EURINR26SEP114.25CE,EURINR,28SEP2026,1142500000.000000,1,OPTCUR,CDS,25000.000000,10000,False
15786,USDJPY26DEC167CE,USDJPY,29DEC2026,1670000000.000000,1,OPTCUR,CDS,100000.000000,10000,False
15793,USDJPY27JUN158CE,USDJPY,28JUN2027,1580000000.000000,1,OPTCUR,CDS,100000.000000,10000,False
15796,USDJPY27JUN158.5PE,USDJPY,28JUN2027,1585000000.000000,1,OPTCUR,CDS,100000.000000,10000,False
15798,USDJPY27JUN159PE,USDJPY,28JUN2027,1590000000.000000,1,OPTCUR,CDS,100000.000000,10000,False
6242,USDINR2692592CE,USDINR,25SEP2026,920000000.000000,1,OPTCUR,CDS,25000.000000,10000,False
6243,GBPINR26O30128.25CE,GBPINR,30OCT2026,1282500000.000000,1,OPTCUR,CDS,25000.000000,10000,False
6244,GBPINR26O30128.25PE,GBPINR,30OCT2026,1282500000.000000,1,OPTCUR,CDS,25000.000000,10000,False
6256,USDINR2692592.25CE,USDINR,25SEP2026,922500000.000000,1,OPTCUR,CDS,25000.000000,10000,False
15812,USDJPY27JUN162CE,USDJPY,28JUN2027,1620000000.000000,1,OPTCUR,CDS,100000.000000,10000,False
15816,USDJPY27JUN163CE,USDJPY,28JUN2027,1630000000.000000,1,OPTCUR,CDS,100000.000000,10000,False
15829,USDJPY27JUN166PE,USDJPY,28JUN2027,1660000000.000000,1,OPTCUR,CDS,100000.000000,10000,False
15839,USDJPY27JUN168.5PE,USDJPY,28JUN2027,1685000000.000000,1,OPTCUR,CDS,100000.000000,10000,False
6264,GBPINR26O23125.25CE,GBPINR,23OCT2026,1252500000.000000,1,OPTCUR,CDS,25000.000000,10000,False
6267,GBPINR26O23125.5PE,GBPINR,23OCT2026,1255000000.000000,1,OPTCUR,CDS,25000.000000,10000,False
6312,USDINR2692595.25PE,USDINR,25SEP2026,952500000.000000,1,OPTCUR,CDS,25000.000000,10000,False
6318,GBPINR26O30129PE,GBPINR,30OCT2026,1290000000.000000,1,OPTCUR,CDS,25000.000000,10000,False
1594,EURINR26NOV113CE,EURINR,26NOV2026,1130000000.000000,1,OPTCUR,CDS,25000.000000,10000,False
15858,USDJPY27JUN173.5CE,USDJPY,28JUN2027,1735000000.000000,1,OPTCUR,CDS,100000.000000,10000,False
15996,648GS203527JUN96PE,648GS2035,24JUN2027,960000000.000000,1,OPTIRC,CDS,25000.000000,1250,False
15997,648GS203527JUN96.25CE,648GS2035,24JUN2027,962500000.000000,1,OPTIRC,CDS,25000.000000,1250,False
6322,USDINR2692595.5PE,USDINR,25SEP2026,955000000.000000,1,OPTCUR,CDS,25000.000000,10000,False
6336,GBPINR26O30129.5PE,GBPINR,30OCT2026,1295000000.000000,1,OPTCUR,CDS,25000.000000,10000,False
6351,EURINR26DEC114.5PE,EURINR,29DEC2026,1145000000.000000,1,OPTCUR,CDS,25000.000000,10000,False
6362,GBPINR26O23128.75CE,GBPINR,23OCT2026,1287500000.000000,1,OPTCUR,CDS,25000.000000,10000,False
15999,648GS203527JUN96.5CE,648GS2035,24JUN2027,965000000.000000,1,OPTIRC,CDS,25000.000000,1250,False
16004,648GS203527JUN97PE,648GS2035,24JUN2027,970000000.000000,1,OPTIRC,CDS,25000.000000,1250,False
16009,648GS203527JUN97.75CE,648GS2035,24JUN2027,977500000.000000,1,OPTIRC,CDS,25000.000000,1250,False
16012,648GS203527JUN98PE,648GS2035,24JUN2027,980000000.000000,1,OPTIRC,CDS,25000.000000,1250,False
6367,USDINR2692597PE,USDINR,25SEP2026,970000000.000000,1,OPTCUR,CDS,25000.000000,10000,False
6378,GBPINR26O23129.25CE,GBPINR,23OCT2026,1292500000.000000,1,OPTCUR,CDS,25000.000000,10000,False
6388,USDINR2692598.25CE,USDINR,25SEP2026,982500000.000000,1,OPTCUR,CDS,25000.000000,10000,False
6395,GBPINR26O30129.75PE,GBPINR,30OCT2026,1297500000.000000,1,OPTCUR,CDS,25000.000000,10000,False
6396,GBPINR26O30130CE,GBPINR,30OCT2026,1300000000.000000,1,OPTCUR,CDS,25000.000000,10000,False
6400,GBPUSD27JUN1.215CE,GBPUSD,28JUN2027,12150000.000000,1,OPTCUR,CDS,1000.000000,10000,False
6403,GBPUSD27JUN1.215PE,GBPUSD,28JUN2027,12150000.000000,1,OPTCUR,CDS,1000.000000,10000,False
6405,USDINR2692599CE,USDINR,25SEP2026,990000000.000000,1,OPTCUR,CDS,25000.000000,10000,False
16020,648GS203527JUN99PE,648GS2035,24JUN2027,990000000.000000,1,OPTIRC,CDS,25000.000000,1250,False
16072,668GS204027JUN94.5PE,668GS2040,24JUN2027,945000000.000000,1,OPTIRC,CDS,25000.000000,1250,False
16073,668GS204027JUN94.75CE,668GS2040,24JUN2027,947500000.000000,1,OPTIRC,CDS,25000.000000,1250,False
16083,USDJPY26DEC168.5CE,USDJPY,29DEC2026,1685000000.000000,1,OPTCUR,CDS,100000.000000,10000,False
6454,GBPINR26O23130.75CE,GBPINR,23OCT2026,1307500000.000000,1,OPTCUR,CDS,25000.000000,10000,False
6484,JPYINR26O0959.25PE,JPYINR,09OCT2026,592500000.000000,1,OPTCUR,CDS,25000.000000,10000,False
6493,JPYINR26N2062.75PE,JPYINR,20NOV2026,627500000.000000,1,OPTCUR,CDS,25000.000000,10000,False
6509,GBPINR27MAR123PE,GBPINR,29MAR2027,1230000000.000000,1,OPTCUR,CDS,25000.000000,10000,False
16085,668GS204027JUN96CE,668GS2040,24JUN2027,960000000.000000,1,OPTIRC,CDS,25000.000000,1250,False
16094,668GS204027JUN97PE,668GS2040,24JUN2027,970000000.000000,1,OPTIRC,CDS,25000.000000,1250,False
16097,668GS204027JUN97.5CE,668GS2040,24JUN2027,975000000.000000,1,OPTIRC,CDS,25000.000000,1250,False
16103,668GS204027JUN98.25CE,668GS2040,24JUN2027,982500000.000000,1,OPTIRC,CDS,25000.000000,1250,False
6640,JPYINR26O0961PE,JPYINR,09OCT2026,610000000.000000,1,OPTCUR,CDS,25000.000000,10000,False
1617,633GS203526SEP94.25PE,633GS2035,24SEP2026,942500000.000000,1,OPTIRC,CDS,25000.000000,1250,False
6520,GBPINR26NOV129.25CE,GBPINR,26NOV2026,1292500000.000000,1,OPTCUR,CDS,25000.000000,10000,False
6606,JPYINR26O0960.75CE,JPYINR,09OCT2026,607500000.000000,1,OPTCUR,CDS,25000.000000,10000,False
6633,GBPINR26O23132PE,GBPINR,23OCT2026,1320000000.000000,1,OPTCUR,CDS,25000.000000,10000,False
16109,668GS204027JUN99CE,668GS2040,24JUN2027,990000000.000000,1,OPTIRC,CDS,25000.000000,1250,False
16115,668GS204027JUN99.75CE,668GS2040,24JUN2027,997500000.000000,1,OPTIRC,CDS,25000.000000,1250,False
16162,694GS203627JUN98CE,694GS2036,24JUN2027,980000000.000000,1,OPTIRC,CDS,25000.000000,1250,False
6643,EURINR26918114.5CE,EURINR,18SEP2026,1145000000.000000,1,OPTCUR,CDS,25000.000000,10000,False
6671,GBPINR26O30132.75PE,GBPINR,30OCT2026,1327500000.000000,1,OPTCUR,CDS,25000.000000,10000,False
6698,GBPINR26O23133.5CE,GBPINR,23OCT2026,1335000000.000000,1,OPTCUR,CDS,25000.000000,10000,False
6727,EURUSD26OCT1.16PE,EURUSD,28OCT2026,11600000.000000,1,OPTCUR,CDS,1000.000000,10000,False
16179,694GS203627JUN100PE,694GS2036,24JUN2027,1000000000.000000,1,OPTIRC,CDS,25000.000000,1250,False
16187,694GS203627JUN101PE,694GS2036,24JUN2027,1010000000.000000,1,OPTIRC,CDS,25000.000000,1250,False
16196,694GS203627JUN102.25CE,694GS2036,24JUN2027,1022500000.000000,1,OPTIRC,CDS,25000.000000,1250,False
16204,694GS203627JUN103.25CE,694GS2036,24JUN2027,1032500000.000000,1,OPTIRC,CDS,25000.000000,1250,False
6732,679GS203426SEP96.75CE,679GS2034,24SEP2026,967500000.000000,1,OPTIRC,CDS,25000.000000,1250,False
6752,JPYINR26O0961.5PE,JPYINR,09OCT2026,615000000.000000,1,OPTCUR,CDS,25000.000000,10000,False
6753,JPYINR26O0961.75CE,JPYINR,09OCT2026,617500000.000000,1,OPTCUR,CDS,25000.000000,10000,False
6771,GBPUSD26SEP1.5PE,GBPUSD,28SEP2026,15000000.000000,1,OPTCUR,CDS,1000.000000,10000,False
1622,EURINR26NOV113.5CE,EURINR,26NOV2026,1135000000.000000,1,OPTCUR,CDS,25000.000000,10000,False
16251,723GS203927JUN100PE,723GS2039,24JUN2027,1000000000.000000,1,OPTIRC,CDS,25000.000000,1250,False
16255,723GS203927JUN100.25PE,723GS2039,24JUN2027,1002500000.000000,1,OPTIRC,CDS,25000.000000,1250,False
16262,723GS203927JUN101.25CE,723GS2039,24JUN2027,1012500000.000000,1,OPTIRC,CDS,25000.000000,1250,False
6843,JPYINR26N2761PE,JPYINR,27NOV2026,610000000.000000,1,OPTCUR,CDS,25000.000000,10000,False
6866,GBPUSD27JUN1.25CE,GBPUSD,28JUN2027,12500000.000000,1,OPTCUR,CDS,1000.000000,10000,False
6918,EURUSD26DEC1.245CE,EURUSD,29DEC2026,12450000.000000,1,OPTCUR,CDS,1000.000000,10000,False
16273,723GS203927JUN102.5CE,723GS2039,24JUN2027,1025000000.000000,1,OPTIRC,CDS,25000.000000,1250,False
16275,723GS203927JUN102.75CE,723GS2039,24JUN2027,1027500000.000000,1,OPTIRC,CDS,25000.000000,1250,False
16281,723GS203927JUN103.25PE,723GS2039,24JUN2027,1032500000.000000,1,OPTIRC,CDS,25000.000000,1250,False
16287,723GS203927JUN104PE,723GS2039,24JUN2027,1040000000.000000,1,OPTIRC,CDS,25000.000000,1250,False
6921,GBPINR27MAR132PE,GBPINR,29MAR2027,1320000000.000000,1,OPTCUR,CDS,25000.000000,10000,False
6927,EURUSD26DEC1.245PE,EURUSD,29DEC2026,12450000.000000,1,OPTCUR,CDS,1000.000000,10000,False
6929,EURUSD26OCT1.24PE,EURUSD,28OCT2026,12400000.000000,1,OPTCUR,CDS,1000.000000,10000,False
6969,GBPUSD27MAR1.47CE,GBPUSD,29MAR2027,14700000.000000,1,OPTCUR,CDS,1000.000000,10000,False
1632,EURINR26O16106.75CE,EURINR,16OCT2026,1067500000.000000,1,OPTCUR,CDS,25000.000000,10000,False
16341,JPYINR26SEP61.5PE,JPYINR,28SEP2026,615000000.000000,1,OPTCUR,CDS,25000.000000,10000,False
16364,JPYINR26SEP64.5CE,JPYINR,28SEP2026,645000000.000000,1,OPTCUR,CDS,25000.000000,10000,False
16405,USDINR26SEP85PE,USDINR,28SEP2026,850000000.000000,1,OPTCUR,CDS,25000.000000,10000,False
6992,EURINR26O01107.25CE,EURINR,01OCT2026,1072500000.000000,1,OPTCUR,CDS,25000.000000,10000,False
6997,EURINR26O01107.5CE,EURINR,01OCT2026,1075000000.000000,1,OPTCUR,CDS,25000.000000,10000,False
7000,EURINR26O01107.75PE,EURINR,01OCT2026,1077500000.000000,1,OPTCUR,CDS,25000.000000,10000,False
7017,648GS203526SEP96.25PE,648GS2035,24SEP2026,962500000.000000,1,OPTIRC,CDS,25000.000000,1250,False
7025,648GS203526SEP96.75CE,648GS2035,24SEP2026,967500000.000000,1,OPTIRC,CDS,25000.000000,1250,False
7043,EURINR26O01109.75CE,EURINR,01OCT2026,1097500000.000000,1,OPTCUR,CDS,25000.000000,10000,False
7052,633GS203526DEC93.5CE,633GS2035,31DEC2026,935000000.000000,1,OPTIRC,CDS,25000.000000,1250,False
7063,EURINR26O01110.75CE,EURINR,01OCT2026,1107500000.000000,1,OPTCUR,CDS,25000.000000,10000,False
16410,USDINR26SEP85.75CE,USDINR,28SEP2026,857500000.000000,1,OPTCUR,CDS,25000.000000,10000,False
16423,USDINR26SEP87.25PE,USDINR,28SEP2026,872500000.000000,1,OPTCUR,CDS,25000.000000,10000,False
16428,USDINR26SEP88CE,USDINR,28SEP2026,880000000.000000,1,OPTCUR,CDS,25000.000000,10000,False
16449,USDINR26SEP90.5PE,USDINR,28SEP2026,905000000.000000,1,OPTCUR,CDS,25000.000000,10000,False
7070,648GS203526SEP98.75PE,648GS2035,24SEP2026,987500000.000000,1,OPTIRC,CDS,25000.000000,1250,False
7121,723GS203926SEP97.75CE,723GS2039,24SEP2026,977500000.000000,1,OPTIRC,CDS,25000.000000,1250,False
7137,723GS203926SEP98PE,723GS2039,24SEP2026,980000000.000000,1,OPTIRC,CDS,25000.000000,1250,False
7160,636GS203126SEP99.5PE,636GS2031,24SEP2026,995000000.000000,1,OPTIRC,CDS,25000.000000,1250,False
16459,USDINR26SEP91.75PE,USDINR,28SEP2026,917500000.000000,1,OPTCUR,CDS,25000.000000,10000,False
16460,USDINR26SEP92CE,USDINR,28SEP2026,920000000.000000,1,OPTCUR,CDS,25000.000000,10000,False
16462,USDINR26SEP92.25CE,USDINR,28SEP2026,922500000.000000,1,OPTCUR,CDS,25000.000000,10000,False
16477,USDINR26SEP94PE,USDINR,28SEP2026,940000000.000000,1,OPTCUR,CDS,25000.000000,10000,False
7161,EURINR26O01111.5CE,EURINR,01OCT2026,1115000000.000000,1,OPTCUR,CDS,25000.000000,10000,False
7171,JPYINR26O2356.75PE,JPYINR,23OCT2026,567500000.000000,1,OPTCUR,CDS,25000.000000,10000,False
7179,648GS203526SEP101.5CE,648GS2035,24SEP2026,1015000000.000000,1,OPTIRC,CDS,25000.000000,1250,False
7181,JPYINR26O2357.25PE,JPYINR,23OCT2026,572500000.000000,1,OPTCUR,CDS,25000.000000,10000,False
16478,USDINR26SEP94.25CE,USDINR,28SEP2026,942500000.000000,1,OPTCUR,CDS,25000.000000,10000,False
16500,USDJPY26SEP140.5CE,USDJPY,28SEP2026,1405000000.000000,1,OPTCUR,CDS,100000.000000,10000,False
16519,USDJPY26SEP145PE,USDJPY,28SEP2026,1450000000.000000,1,OPTCUR,CDS,100000.000000,10000,False
16521,USDJPY26SEP145.5PE,USDJPY,28SEP2026,1455000000.000000,1,OPTCUR,CDS,100000.000000,10000,False
72,GOI6.54%2032,654GS2032,,-1.000000,1,UNDIRC,CDS,25000.000000,1250,False
7184,JPYINR26O3058.75CE,JPYINR,30OCT2026,587500000.000000,1,OPTCUR,CDS,25000.000000,10000,False
7185,JPYINR26O3058.75PE,JPYINR,30OCT2026,587500000.000000,1,OPTCUR,CDS,25000.000000,10000,False
7206,GBPINR26OCT124.5CE,GBPINR,28OCT2026,1245000000.000000,1,OPTCUR,CDS,25000.000000,10000,False
7207,648GS203526SEP102CE,648GS2035,24SEP2026,1020000000.000000,1,OPTIRC,CDS,25000.000000,1250,False
7228,GBPINR26OCT125.25CE,GBPINR,28OCT2026,1252500000.000000,1,OPTCUR,CDS,25000.000000,10000,False
7243,JPYINR26N2762.25PE,JPYINR,27NOV2026,622500000.000000,1,OPTCUR,CDS,25000.000000,10000,False
7265,JPYINR26O3061CE,JPYINR,30OCT2026,610000000.000000,1,OPTCUR,CDS,25000.000000,10000,False
16522,USDJPY26SEP146CE,USDJPY,28SEP2026,1460000000.000000,1,OPTCUR,CDS,100000.000000,10000,False
16544,USDJPY26SEP151.5CE,USDJPY,28SEP2026,1515000000.000000,1,OPTCUR,CDS,100000.000000,10000,False
16557,USDJPY26SEP154.5PE,USDJPY,28SEP2026,1545000000.000000,1,OPTCUR,CDS,100000.000000,10000,False
16559,USDJPY26SEP155PE,USDJPY,28SEP2026,1550000000.000000,1,OPTCUR,CDS,100000.000000,10000,False
7286,GBPINR26OCT126PE,GBPINR,28OCT2026,1260000000.000000,1,OPTCUR,CDS,25000.000000,10000,False
7292,GBPINR27MAR124CE,GBPINR,29MAR2027,1240000000.000000,1,OPTCUR,CDS,25000.000000,10000,False
7337,EURINR26O01112.75CE,EURINR,01OCT2026,1127500000.000000,1,OPTCUR,CDS,25000.000000,10000,False
7339,EURINR26O01113CE,EURINR,01OCT2026,1130000000.000000,1,OPTCUR,CDS,25000.000000,10000,False
16562,USDJPY26SEP156CE,USDJPY,28SEP2026,1560000000.000000,1,OPTCUR,CDS,100000.000000,10000,False
16572,USDJPY26SEP158.5CE,USDJPY,28SEP2026,1585000000.000000,1,OPTCUR,CDS,100000.000000,10000,False
16596,633GS203526SEP96.25CE,633GS2035,24SEP2026,962500000.000000,1,OPTIRC,CDS,25000.000000,1250,False
16604,633GS203526SEP97.25CE,633GS2035,24SEP2026,972500000.000000,1,OPTIRC,CDS,25000.000000,1250,False
7341,EURINR26O01113.25CE,EURINR,01OCT2026,1132500000.000000,1,OPTCUR,CDS,25000.000000,10000,False
7349,636GS203126SEP101PE,636GS2031,24SEP2026,1010000000.000000,1,OPTIRC,CDS,25000.000000,1250,False
7355,EURUSD26DEC1.25PE,EURUSD,29DEC2026,12500000.000000,1,OPTCUR,CDS,1000.000000,10000,False
7358,EURINR26O01114.25PE,EURINR,01OCT2026,1142500000.000000,1,OPTCUR,CDS,25000.000000,10000,False
16607,633GS203526SEP97.5PE,633GS2035,24SEP2026,975000000.000000,1,OPTIRC,CDS,25000.000000,1250,False
16623,633GS203526SEP99.5PE,633GS2035,24SEP2026,995000000.000000,1,OPTIRC,CDS,25000.000000,1250,False
16650,668GS204026SEP94.5CE,668GS2040,24SEP2026,945000000.000000,1,OPTIRC,CDS,25000.000000,1250,False
16668,668GS204026SEP96.75CE,668GS2040,24SEP2026,967500000.000000,1,OPTIRC,CDS,25000.000000,1250,False
7375,EURUSD26DEC1.305PE,EURUSD,29DEC2026,13050000.000000,1,OPTCUR,CDS,1000.000000,10000,False
7381,JPYINR26O3063.5PE,JPYINR,30OCT2026,635000000.000000,1,OPTCUR,CDS,25000.000000,10000,False
7393,JPYINR26N2764PE,JPYINR,27NOV2026,640000000.000000,1,OPTCUR,CDS,25000.000000,10000,False
7400,JPYINR26N2764.5PE,JPYINR,27NOV2026,645000000.000000,1,OPTCUR,CDS,25000.000000,10000,False
16680,668GS204026SEP98.25CE,668GS2040,24SEP2026,982500000.000000,1,OPTIRC,CDS,25000.000000,1250,False
16685,668GS204026SEP98.75PE,668GS2040,24SEP2026,987500000.000000,1,OPTIRC,CDS,25000.000000,1250,False
16687,668GS204026SEP99PE,668GS2040,24SEP2026,990000000.000000,1,OPTIRC,CDS,25000.000000,1250,False
16690,668GS204026SEP99.5CE,668GS2040,24SEP2026,995000000.000000,1,OPTIRC,CDS,25000.000000,1250,False
75,GOI7.54%2036,754GS2036,,-1.000000,1,UNDIRC,CDS,25000.000000,1250,False
7402,JPYINR26N2764.75PE,JPYINR,27NOV2026,647500000.000000,1,OPTCUR,CDS,25000.000000,10000,False
7441,USDINR26DEC97.25CE,USDINR,29DEC2026,972500000.000000,1,OPTCUR,CDS,25000.000000,10000,False
7540,EURUSD26DEC1.295PE,EURUSD,29DEC2026,12950000.000000,1,OPTCUR,CDS,1000.000000,10000,False
16691,668GS204026SEP99.5PE,668GS2040,24SEP2026,995000000.000000,1,OPTIRC,CDS,25000.000000,1250,False
16693,668GS204026SEP99.75PE,668GS2040,24SEP2026,997500000.000000,1,OPTIRC,CDS,25000.000000,1250,False
16694,668GS204026SEP100CE,668GS2040,24SEP2026,1000000000.000000,1,OPTIRC,CDS,25000.000000,1250,False
16705,668GS204026SEP101.25PE,668GS2040,24SEP2026,1012500000.000000,1,OPTIRC,CDS,25000.000000,1250,False
7547,GBPINR26O01125.75CE,GBPINR,01OCT2026,1257500000.000000,1,OPTCUR,CDS,25000.000000,10000,False
7566,GBPINR26O01127.5CE,GBPINR,01OCT2026,1275000000.000000,1,OPTCUR,CDS,25000.000000,10000,False
7581,GBPINR26O01128.25PE,GBPINR,01OCT2026,1282500000.000000,1,OPTCUR,CDS,25000.000000,10000,False
7586,GBPINR26O01128.75CE,GBPINR,01OCT2026,1287500000.000000,1,OPTCUR,CDS,25000.000000,10000,False
1675,GBPUSD27JULFUT,GBPUSD,28JUL2027,-1.000000,1,FUTCUR,CDS,1000.000000,10000,False
7612,GBPINR26O01131.75CE,GBPINR,01OCT2026,1317500000.000000,1,OPTCUR,CDS,25000.000000,10000,False
7613,GBPINR26O01131.75PE,GBPINR,01OCT2026,1317500000.000000,1,OPTCUR,CDS,25000.000000,10000,False
7618,GBPINR26O01132.5CE,GBPINR,01OCT2026,1325000000.000000,1,OPTCUR,CDS,25000.000000,10000,False
7634,GBPINR26O01133.75PE,GBPINR,01OCT2026,1337500000.000000,1,OPTCUR,CDS,25000.000000,10000,False
16725,679GS203426SEP98.5PE,679GS2034,24SEP2026,985000000.000000,1,OPTIRC,CDS,25000.000000,1250,False
16726,679GS203426SEP98.75CE,679GS2034,24SEP2026,987500000.000000,1,OPTIRC,CDS,25000.000000,1250,False
16747,679GS203426SEP101.25PE,679GS2034,24SEP2026,1012500000.000000,1,OPTIRC,CDS,25000.000000,1250,False
7670,GBPUSD27JUN1.465PE,GBPUSD,28JUN2027,14650000.000000,1,OPTCUR,CDS,1000.000000,10000,False
7692,EURUSD27MAR1.3PE,EURUSD,29MAR2027,13000000.000000,1,OPTCUR,CDS,1000.000000,10000,False
7723,GBPINR26O16129CE,GBPINR,16OCT2026,1290000000.000000,1,OPTCUR,CDS,25000.000000,10000,False
7728,JPYINR26O0156.75PE,JPYINR,01OCT2026,567500000.000000,1,OPTCUR,CDS,25000.000000,10000,False
1678,EURINR26O16107.25CE,EURINR,16OCT2026,1072500000.000000,1,OPTCUR,CDS,25000.000000,10000,False
16755,679GS203426SEP102.25PE,679GS2034,24SEP2026,1022500000.000000,1,OPTIRC,CDS,25000.000000,1250,False
16766,679GS203426SEP103.75CE,679GS2034,24SEP2026,1037500000.000000,1,OPTIRC,CDS,25000.000000,1250,False
16803,723GS203926SEP101.75PE,723GS2039,24SEP2026,1017500000.000000,1,OPTIRC,CDS,25000.000000,1250,False
7768,USDINR26O3091.5PE,USDINR,30OCT2026,915000000.000000,1,OPTCUR,CDS,25000.000000,10000,False
7772,USDINR26O3091.75CE,USDINR,30OCT2026,917500000.000000,1,OPTCUR,CDS,25000.000000,10000,False
7776,JPYINR26O0158.75CE,JPYINR,01OCT2026,587500000.000000,1,OPTCUR,CDS,25000.000000,10000,False
7777,JPYINR26O0158.75PE,JPYINR,01OCT2026,587500000.000000,1,OPTCUR,CDS,25000.000000,10000,False
7778,JPYINR26O0159CE,JPYINR,01OCT2026,590000000.000000,1,OPTCUR,CDS,25000.000000,10000,False
7787,JPYINR26O0159.5PE,JPYINR,01OCT2026,595000000.000000,1,OPTCUR,CDS,25000.000000,10000,False
7807,USDINR26O3092.25PE,USDINR,30OCT2026,922500000.000000,1,OPTCUR,CDS,25000.000000,10000,False
7823,JPYINR26O0162.5CE,JPYINR,01OCT2026,625000000.000000,1,OPTCUR,CDS,25000.000000,10000,False
16805,723GS203926SEP102PE,723GS2039,24SEP2026,1020000000.000000,1,OPTIRC,CDS,25000.000000,1250,False
16806,723GS203926SEP102.25CE,723GS2039,24SEP2026,1022500000.000000,1,OPTIRC,CDS,25000.000000,1250,False
16813,723GS203926SEP103PE,723GS2039,24SEP2026,1030000000.000000,1,OPTIRC,CDS,25000.000000,1250,False
16821,723GS203926SEP104PE,723GS2039,24SEP2026,1040000000.000000,1,OPTIRC,CDS,25000.000000,1250,False
7842,JPYINR26O0163.5CE,JPYINR,01OCT2026,635000000.000000,1,OPTCUR,CDS,25000.000000,10000,False
7846,JPYINR26O0163.75CE,JPYINR,01OCT2026,637500000.000000,1,OPTCUR,CDS,25000.000000,10000,False
7857,JPYINR26O2359.75CE,JPYINR,23OCT2026,597500000.000000,1,OPTCUR,CDS,25000.000000,10000,False
7892,USDINR26O0991.75CE,USDINR,09OCT2026,917500000.000000,1,OPTCUR,CDS,25000.000000,10000,False
16829,723GS203926SEP105PE,723GS2039,24SEP2026,1050000000.000000,1,OPTIRC,CDS,25000.000000,1250,False
16836,723GS203926SEP106CE,723GS2039,24SEP2026,1060000000.000000,1,OPTIRC,CDS,25000.000000,1250,False
16885,633GS203526DEC99.5CE,633GS2035,31DEC2026,995000000.000000,1,OPTIRC,CDS,25000.000000,1250,False
16896,633GS203526DEC100.75PE,633GS2035,31DEC2026,1007500000.000000,1,OPTIRC,CDS,25000.000000,1250,False
1690,EURINR26O16107.5CE,EURINR,16OCT2026,1075000000.000000,1,OPTCUR,CDS,25000.000000,10000,False
1691,EURINR26DEC112CE,EURINR,29DEC2026,1120000000.000000,1,OPTCUR,CDS,25000.000000,10000,False
7906,USDINR26O3093.25PE,USDINR,30OCT2026,932500000.000000,1,OPTCUR,CDS,25000.000000,10000,False
7924,USDINR26O0194.25CE,USDINR,01OCT2026,942500000.000000,1,OPTCUR,CDS,25000.000000,10000,False
7937,USDINR26O0195.5PE,USDINR,01OCT2026,955000000.000000,1,OPTCUR,CDS,25000.000000,10000,False
7952,USDINR26O0196.125PE,USDINR,01OCT2026,961250000.000000,1,OPTCUR,CDS,25000.000000,10000,False
16909,648GS203526DEC95.5CE,648GS2035,31DEC2026,955000000.000000,1,OPTIRC,CDS,25000.000000,1250,False
16913,648GS203526DEC96CE,648GS2035,31DEC2026,960000000.000000,1,OPTIRC,CDS,25000.000000,1250,False
1694,EURINR26O16107.5PE,EURINR,16OCT2026,1075000000.000000,1,OPTCUR,CDS,25000.000000,10000,False
7967,USDINR26O0196.875CE,USDINR,01OCT2026,968750000.000000,1,OPTCUR,CDS,25000.000000,10000,False
7974,USDINR26O0197.25PE,USDINR,01OCT2026,972500000.000000,1,OPTCUR,CDS,25000.000000,10000,False
7980,USDINR26O3093.5PE,USDINR,30OCT2026,935000000.000000,1,OPTCUR,CDS,25000.000000,10000,False
7983,GBPINR26OCT127PE,GBPINR,28OCT2026,1270000000.000000,1,OPTCUR,CDS,25000.000000,10000,False
16918,648GS203526DEC96.5PE,648GS2035,31DEC2026,965000000.000000,1,OPTIRC,CDS,25000.000000,1250,False
16926,648GS203526DEC97.5PE,648GS2035,31DEC2026,975000000.000000,1,OPTIRC,CDS,25000.000000,1250,False
16937,648GS203526DEC99CE,648GS2035,31DEC2026,990000000.000000,1,OPTIRC,CDS,25000.000000,1250,False
7991,USDINR26O0199PE,USDINR,01OCT2026,990000000.000000,1,OPTCUR,CDS,25000.000000,10000,False
7999,USDINR26O0199.75CE,USDINR,01OCT2026,997500000.000000,1,OPTCUR,CDS,25000.000000,10000,False
8041,USDINR26O0992.75CE,USDINR,09OCT2026,927500000.000000,1,OPTCUR,CDS,25000.000000,10000,False
8044,USDINR26O0993PE,USDINR,09OCT2026,930000000.000000,1,OPTCUR,CDS,25000.000000,10000,False
16940,648GS203526DEC99.25PE,648GS2035,31DEC2026,992500000.000000,1,OPTIRC,CDS,25000.000000,1250,False
16947,648GS203526DEC100.25CE,648GS2035,31DEC2026,1002500000.000000,1,OPTIRC,CDS,25000.000000,1250,False
16949,648GS203526DEC100.5CE,648GS2035,31DEC2026,1005000000.000000,1,OPTIRC,CDS,25000.000000,1250,False
16956,648GS203526DEC101.25PE,648GS2035,31DEC2026,1012500000.000000,1,OPTIRC,CDS,25000.000000,1250,False
8053,GBPINR26SEP129PE,GBPINR,28SEP2026,1290000000.000000,1,OPTCUR,CDS,25000.000000,10000,False
8058,USDINR26O0994.25CE,USDINR,09OCT2026,942500000.000000,1,OPTCUR,CDS,25000.000000,10000,False
8072,636GS203126DEC96.5CE,636GS2031,31DEC2026,965000000.000000,1,OPTIRC,CDS,25000.000000,1250,False
8078,JPYINR26O2361PE,JPYINR,23OCT2026,610000000.000000,1,OPTCUR,CDS,25000.000000,10000,False
16982,668GS204026DEC94PE,668GS2040,31DEC2026,940000000.000000,1,OPTIRC,CDS,25000.000000,1250,False
16987,668GS204026DEC94.75CE,668GS2040,31DEC2026,947500000.000000,1,OPTIRC,CDS,25000.000000,1250,False
16988,668GS204026DEC94.75PE,668GS2040,31DEC2026,947500000.000000,1,OPTIRC,CDS,25000.000000,1250,False
16993,668GS204026DEC95.5CE,668GS2040,31DEC2026,955000000.000000,1,OPTIRC,CDS,25000.000000,1250,False
8082,USDINR26O0994.75PE,USDINR,09OCT2026,947500000.000000,1,OPTCUR,CDS,25000.000000,10000,False
8088,USDINR26O0995CE,USDINR,09OCT2026,950000000.000000,1,OPTCUR,CDS,25000.000000,10000,False
8094,JPYINR26SEP57PE,JPYINR,28SEP2026,570000000.000000,1,OPTCUR,CDS,25000.000000,10000,False
8101,USDINR26O0995.5CE,USDINR,09OCT2026,955000000.000000,1,OPTCUR,CDS,25000.000000,10000,False
16997,668GS204026DEC96CE,668GS2040,31DEC2026,960000000.000000,1,OPTIRC,CDS,25000.000000,1250,False
17003,668GS204026DEC96.75CE,668GS2040,31DEC2026,967500000.000000,1,OPTIRC,CDS,25000.000000,1250,False
17013,668GS204026DEC98CE,668GS2040,31DEC2026,980000000.000000,1,OPTIRC,CDS,25000.000000,1250,False
17017,668GS204026DEC98.5CE,668GS2040,31DEC2026,985000000.000000,1,OPTIRC,CDS,25000.000000,1250,False
8115,USDINR26O0996.125CE,USDINR,09OCT2026,961250000.000000,1,OPTCUR,CDS,25000.000000,10000,False
8127,JPYINR26O2362.75CE,JPYINR,23OCT2026,627500000.000000,1,OPTCUR,CDS,25000.000000,10000,False
8130,USDINR26O0996.5CE,USDINR,09OCT2026,965000000.000000,1,OPTCUR,CDS,25000.000000,10000,False
8131,USDINR26O0996.5PE,USDINR,09OCT2026,965000000.000000,1,OPTCUR,CDS,25000.000000,10000,False
17022,668GS204026DEC99PE,668GS2040,31DEC2026,990000000.000000,1,OPTIRC,CDS,25000.000000,1250,False
17023,668GS204026DEC99.25CE,668GS2040,31DEC2026,992500000.000000,1,OPTIRC,CDS,25000.000000,1250,False
17026,668GS204026DEC99.5PE,668GS2040,31DEC2026,995000000.000000,1,OPTIRC,CDS,25000.000000,1250,False
17045,723GS203926DEC98.75CE,723GS2039,31DEC2026,987500000.000000,1,OPTIRC,CDS,25000.000000,1250,False
8138,USDINR26O0997CE,USDINR,09OCT2026,970000000.000000,1,OPTCUR,CDS,25000.000000,10000,False
8139,JPYINR26O2363CE,JPYINR,23OCT2026,630000000.000000,1,OPTCUR,CDS,25000.000000,10000,False
8149,USDINR26O0997.375PE,USDINR,09OCT2026,973750000.000000,1,OPTCUR,CDS,25000.000000,10000,False
8153,USDINR26O0997.75PE,USDINR,09OCT2026,977500000.000000,1,OPTCUR,CDS,25000.000000,10000,False
17048,723GS203926DEC99PE,723GS2039,31DEC2026,990000000.000000,1,OPTIRC,CDS,25000.000000,1250,False
17055,723GS203926DEC100CE,723GS2039,31DEC2026,1000000000.000000,1,OPTIRC,CDS,25000.000000,1250,False
17056,723GS203926DEC100PE,723GS2039,31DEC2026,1000000000.000000,1,OPTIRC,CDS,25000.000000,1250,False
17071,723GS203926DEC102CE,723GS2039,31DEC2026,1020000000.000000,1,OPTIRC,CDS,25000.000000,1250,False
8180,USDINR26O3094.25PE,USDINR,30OCT2026,942500000.000000,1,OPTCUR,CDS,25000.000000,10000,False
8181,JPYINR26O2363.25CE,JPYINR,23OCT2026,632500000.000000,1,OPTCUR,CDS,25000.000000,10000,False
8208,JPYINR26O2363.5CE,JPYINR,23OCT2026,635000000.000000,1,OPTCUR,CDS,25000.000000,10000,False
8217,JPYINR26O2363.5PE,JPYINR,23OCT2026,635000000.000000,1,OPTCUR,CDS,25000.000000,10000,False
1716,EURINR26O16108CE,EURINR,16OCT2026,1080000000.000000,1,OPTCUR,CDS,25000.000000,10000,False
17173,633GS203527MAR95.5CE,633GS2035,25MAR2027,955000000.000000,1,OPTIRC,CDS,25000.000000,1250,False
17217,GBPINR26SEP132CE,GBPINR,28SEP2026,1320000000.000000,1,OPTCUR,CDS,25000.000000,10000,False
17249,633GS203527MAR98.25CE,633GS2035,25MAR2027,982500000.000000,1,OPTIRC,CDS,25000.000000,1250,False
8235,USDJPY26DEC176PE,USDJPY,29DEC2026,1760000000.000000,1,OPTCUR,CDS,100000.000000,10000,False
8241,GBPINR26OCT129.25PE,GBPINR,28OCT2026,1292500000.000000,1,OPTCUR,CDS,25000.000000,10000,False
8264,GBPINR26OCT131.25PE,GBPINR,28OCT2026,1312500000.000000,1,OPTCUR,CDS,25000.000000,10000,False
8275,GBPINR26OCT132.5PE,GBPINR,28OCT2026,1325000000.000000,1,OPTCUR,CDS,25000.000000,10000,False
17309,648GS203527MAR95.75CE,648GS2035,25MAR2027,957500000.000000,1,OPTIRC,CDS,25000.000000,1250,False
17338,648GS203527MAR98.75PE,648GS2035,25MAR2027,987500000.000000,1,OPTIRC,CDS,25000.000000,1250,False
17374,668GS204027MAR92.75PE,668GS2040,25MAR2027,927500000.000000,1,OPTIRC,CDS,25000.000000,1250,False
1740,EURINR26DEC112.25PE,EURINR,29DEC2026,1122500000.000000,1,OPTCUR,CDS,25000.000000,10000,False
17401,668GS204027MAR96.25CE,668GS2040,25MAR2027,962500000.000000,1,OPTIRC,CDS,25000.000000,1250,False
17411,668GS204027MAR97.5CE,668GS2040,25MAR2027,975000000.000000,1,OPTIRC,CDS,25000.000000,1250,False
17418,668GS204027MAR98.25PE,668GS2040,25MAR2027,982500000.000000,1,OPTIRC,CDS,25000.000000,1250,False
8305,GBPUSD26OCT1.235CE,GBPUSD,28OCT2026,12350000.000000,1,OPTCUR,CDS,1000.000000,10000,False
8337,GBPUSD26OCT1.285PE,GBPUSD,28OCT2026,12850000.000000,1,OPTCUR,CDS,1000.000000,10000,False
8339,GBPUSD26OCT1.29PE,GBPUSD,28OCT2026,12900000.000000,1,OPTCUR,CDS,1000.000000,10000,False
8383,GBPUSD26OCT1.355CE,GBPUSD,28OCT2026,13550000.000000,1,OPTCUR,CDS,1000.000000,10000,False
1743,USDJPY26SEP162.5CE,USDJPY,28SEP2026,1625000000.000000,1,OPTCUR,CDS,100000.000000,10000,False
1746,USDJPY26SEP163CE,USDJPY,28SEP2026,1630000000.000000,1,OPTCUR,CDS,100000.000000,10000,False
17462,723GS203927MAR97.5PE,723GS2039,25MAR2027,975000000.000000,1,OPTIRC,CDS,25000.000000,1250,False
17472,723GS203927MAR98.75PE,723GS2039,25MAR2027,987500000.000000,1,OPTIRC,CDS,25000.000000,1250,False
8416,GBPUSD26OCT1.405PE,GBPUSD,28OCT2026,14050000.000000,1,OPTCUR,CDS,1000.000000,10000,False
8419,GBPUSD26OCT1.415CE,GBPUSD,28OCT2026,14150000.000000,1,OPTCUR,CDS,1000.000000,10000,False
8449,GBPUSD26OCT1.43CE,GBPUSD,28OCT2026,14300000.000000,1,OPTCUR,CDS,1000.000000,10000,False
8451,GBPINR26O16133.5PE,GBPINR,16OCT2026,1335000000.000000,1,OPTCUR,CDS,25000.000000,10000,False
1752,USDINR26O09FUT,USDINR,09OCT2026,-1.000000,1,FUTCUR,CDS,25000.000000,10000,False
17480,723GS203927MAR99.75PE,723GS2039,25MAR2027,997500000.000000,1,OPTIRC,CDS,25000.000000,1250,False
17499,723GS203927MAR102.25CE,723GS2039,25MAR2027,1022500000.000000,1,OPTIRC,CDS,25000.000000,1250,False
17501,723GS203927MAR102.5CE,723GS2039,25MAR2027,1025000000.000000,1,OPTIRC,CDS,25000.000000,1250,False
8461,GBPUSD26OCT1.435CE,GBPUSD,28OCT2026,14350000.000000,1,OPTCUR,CDS,1000.000000,10000,False
8477,GBPUSD26OCT1.44PE,GBPUSD,28OCT2026,14400000.000000,1,OPTCUR,CDS,1000.000000,10000,False
8492,636GS203126DEC98CE,636GS2031,31DEC2026,980000000.000000,1,OPTIRC,CDS,25000.000000,1250,False
8493,636GS203126DEC98PE,636GS2031,31DEC2026,980000000.000000,1,OPTIRC,CDS,25000.000000,1250,False
1761,GBPINR26918133.25CE,GBPINR,18SEP2026,1332500000.000000,1,OPTCUR,CDS,25000.000000,10000,False
8516,GBPUSD26OCT1.45PE,GBPUSD,28OCT2026,14500000.000000,1,OPTCUR,CDS,1000.000000,10000,False
8583,USDINR26O3095.125CE,USDINR,30OCT2026,951250000.000000,1,OPTCUR,CDS,25000.000000,10000,False
8604,636GS203126DEC98.75CE,636GS2031,31DEC2026,987500000.000000,1,OPTIRC,CDS,25000.000000,1250,False
8619,USDINR26N2091.5CE,USDINR,20NOV2026,915000000.000000,1,OPTCUR,CDS,25000.000000,10000,False
1787,648GS203526DEC94CE,648GS2035,31DEC2026,940000000.000000,1,OPTIRC,CDS,25000.000000,1250,False
1789,EURINR26SEP98.75CE,EURINR,28SEP2026,987500000.000000,1,OPTCUR,CDS,25000.000000,10000,False
1815,EURINR26SEP100.25PE,EURINR,28SEP2026,1002500000.000000,1,OPTCUR,CDS,25000.000000,10000,False
8628,USDINR26N2092CE,USDINR,20NOV2026,920000000.000000,1,OPTCUR,CDS,25000.000000,10000,False
8643,GBPINR27MAR126PE,GBPINR,29MAR2027,1260000000.000000,1,OPTCUR,CDS,25000.000000,10000,False
8655,USDINR26N2092.5CE,USDINR,20NOV2026,925000000.000000,1,OPTCUR,CDS,25000.000000,10000,False
8675,JPYINR26O1659.5PE,JPYINR,16OCT2026,595000000.000000,1,OPTCUR,CDS,25000.000000,10000,False
1821,EURINR26SEP101CE,EURINR,28SEP2026,1010000000.000000,1,OPTCUR,CDS,25000.000000,10000,False
1822,EURINR26SEP101PE,EURINR,28SEP2026,1010000000.000000,1,OPTCUR,CDS,25000.000000,10000,False
1858,EURINR26SEP102.5CE,EURINR,28SEP2026,1025000000.000000,1,OPTCUR,CDS,25000.000000,10000,False
1865,EURINR26SEP103.25PE,EURINR,28SEP2026,1032500000.000000,1,OPTCUR,CDS,25000.000000,10000,False
8676,JPYINR26O1659.75CE,JPYINR,16OCT2026,597500000.000000,1,OPTCUR,CDS,25000.000000,10000,False
8692,GBPINR26SEP129.25PE,GBPINR,28SEP2026,1292500000.000000,1,OPTCUR,CDS,25000.000000,10000,False
8701,USDINR26N2093.25CE,USDINR,20NOV2026,932500000.000000,1,OPTCUR,CDS,25000.000000,10000,False
8705,GBPINR26SEP130CE,GBPINR,28SEP2026,1300000000.000000,1,OPTCUR,CDS,25000.000000,10000,False
8708,GBPINR26DEC129.25PE,GBPINR,29DEC2026,1292500000.000000,1,OPTCUR,CDS,25000.000000,10000,False
8710,GBPINR26DEC129.5PE,GBPINR,29DEC2026,1295000000.000000,1,OPTCUR,CDS,25000.000000,10000,False
8711,GBPINR26DEC129.75CE,GBPINR,29DEC2026,1297500000.000000,1,OPTCUR,CDS,25000.000000,10000,False
8715,JPYINR26O1660.5PE,JPYINR,16OCT2026,605000000.000000,1,OPTCUR,CDS,25000.000000,10000,False
1910,GBPINR27JUN133.25PE,GBPINR,28JUN2027,1332500000.000000,1,OPTCUR,CDS,25000.000000,10000,False
1927,EURINR26SEP105PE,EURINR,28SEP2026,1050000000.000000,1,OPTCUR,CDS,25000.000000,10000,False
1955,EURINR26SEP106.25PE,EURINR,28SEP2026,1062500000.000000,1,OPTCUR,CDS,25000.000000,10000,False
8719,JPYINR26O1661PE,JPYINR,16OCT2026,610000000.000000,1,OPTCUR,CDS,25000.000000,10000,False
8734,GBPUSD26NOV1.255PE,GBPUSD,26NOV2026,12550000.000000,1,OPTCUR,CDS,1000.000000,10000,False
8743,GBPUSD26NOV1.28CE,GBPUSD,26NOV2026,12800000.000000,1,OPTCUR,CDS,1000.000000,10000,False
8779,USDINR26N2094CE,USDINR,20NOV2026,940000000.000000,1,OPTCUR,CDS,25000.000000,10000,False
1968,GBPUSD27JUN1.455PE,GBPUSD,28JUN2027,14550000.000000,1,OPTCUR,CDS,1000.000000,10000,False
2012,EURINR26O16109.5CE,EURINR,16OCT2026,1095000000.000000,1,OPTCUR,CDS,25000.000000,10000,False
2031,EURINR26SEP110.25CE,EURINR,28SEP2026,1102500000.000000,1,OPTCUR,CDS,25000.000000,10000,False
2039,EURUSD26SEP1.055CE,EURUSD,28SEP2026,10550000.000000,1,OPTCUR,CDS,1000.000000,10000,False
8792,USDINR26N2094.25PE,USDINR,20NOV2026,942500000.000000,1,OPTCUR,CDS,25000.000000,10000,False
8793,USDINR26N2094.375CE,USDINR,20NOV2026,943750000.000000,1,OPTCUR,CDS,25000.000000,10000,False
8794,USDINR26N2094.375PE,USDINR,20NOV2026,943750000.000000,1,OPTCUR,CDS,25000.000000,10000,False
8807,USDINR26N2094.875CE,USDINR,20NOV2026,948750000.000000,1,OPTCUR,CDS,25000.000000,10000,False
8809,USDINR26N2094.875PE,USDINR,20NOV2026,948750000.000000,1,OPTCUR,CDS,25000.000000,10000,False
8812,GBPUSD26NOV1.315CE,GBPUSD,26NOV2026,13150000.000000,1,OPTCUR,CDS,1000.000000,10000,False
8876,636GS203126DEC101.5CE,636GS2031,31DEC2026,1015000000.000000,1,OPTIRC,CDS,25000.000000,1250,False
8895,GBPUSD26NOV1.35CE,GBPUSD,26NOV2026,13500000.000000,1,OPTCUR,CDS,1000.000000,10000,False
21,R-GOI7.88%2030,R788GS2030,,-1.000000,1,UNDIRC,CDS,25000.000000,1250,False
2056,EURUSD26SEP1.075CE,EURUSD,28SEP2026,10750000.000000,1,OPTCUR,CDS,1000.000000,10000,False
2058,668GS204026SEP91.5CE,668GS2040,24SEP2026,915000000.000000,1,OPTIRC,CDS,25000.000000,1250,False
2092,EURUSD26SEP1.095PE,EURUSD,28SEP2026,10950000.000000,1,OPTCUR,CDS,1000.000000,10000,False
8899,USDINR26N2096.75PE,USDINR,20NOV2026,967500000.000000,1,OPTCUR,CDS,25000.000000,10000,False
8901,GBPUSD26NOV1.35PE,GBPUSD,26NOV2026,13500000.000000,1,OPTCUR,CDS,1000.000000,10000,False
8902,GBPUSD26NOV1.355CE,GBPUSD,26NOV2026,13550000.000000,1,OPTCUR,CDS,1000.000000,10000,False
8920,USDINR26N2098CE,USDINR,20NOV2026,980000000.000000,1,OPTCUR,CDS,25000.000000,10000,False
2101,EURUSD26SEP1.11PE,EURUSD,28SEP2026,11100000.000000,1,OPTCUR,CDS,1000.000000,10000,False
2104,EURUSD26SEP1.12CE,EURUSD,28SEP2026,11200000.000000,1,OPTCUR,CDS,1000.000000,10000,False
2110,EURUSD26SEP1.13CE,EURUSD,28SEP2026,11300000.000000,1,OPTCUR,CDS,1000.000000,10000,False
2155,EURINR26DEC102.75CE,EURINR,29DEC2026,1027500000.000000,1,OPTCUR,CDS,25000.000000,10000,False
8931,USDINR26N2792.75PE,USDINR,27NOV2026,927500000.000000,1,OPTCUR,CDS,25000.000000,10000,False
8941,GBPINR27MAR127PE,GBPINR,29MAR2027,1270000000.000000,1,OPTCUR,CDS,25000.000000,10000,False
8951,GBPUSD27JUN1.27CE,GBPUSD,28JUN2027,12700000.000000,1,OPTCUR,CDS,1000.000000,10000,False
8983,JPYINR26OCT57.25CE,JPYINR,28OCT2026,572500000.000000,1,OPTCUR,CDS,25000.000000,10000,False
2165,GBPUSD26SEP1.22CE,GBPUSD,28SEP2026,12200000.000000,1,OPTCUR,CDS,1000.000000,10000,False
2188,EURUSD26SEP1.185CE,EURUSD,28SEP2026,11850000.000000,1,OPTCUR,CDS,1000.000000,10000,False
2194,EURUSD26SEP1.19CE,EURUSD,28SEP2026,11900000.000000,1,OPTCUR,CDS,1000.000000,10000,False
2243,EURUSD26SEP1.26CE,EURUSD,28SEP2026,12600000.000000,1,OPTCUR,CDS,1000.000000,10000,False
8989,USDINR26O2391.25PE,USDINR,23OCT2026,912500000.000000,1,OPTCUR,CDS,25000.000000,10000,False
8992,JPYINR26OCT57.5PE,JPYINR,28OCT2026,575000000.000000,1,OPTCUR,CDS,25000.000000,10000,False
9000,USDINR26N2098.5PE,USDINR,20NOV2026,985000000.000000,1,OPTCUR,CDS,25000.000000,10000,False
9003,JPYINR26OCT58.5PE,JPYINR,28OCT2026,585000000.000000,1,OPTCUR,CDS,25000.000000,10000,False
23,91DAYTREASURYBILL,91DTB,,-1.000000,1,UNDIRT,CDS,25000.000000,7000,False
2256,EURUSD26NOV1.055CE,EURUSD,26NOV2026,10550000.000000,1,OPTCUR,CDS,1000.000000,10000,False
2273,EURINR26O09108.25PE,EURINR,09OCT2026,1082500000.000000,1,OPTCUR,CDS,25000.000000,10000,False
2275,EURUSD26SEP1.285CE,EURUSD,28SEP2026,12850000.000000,1,OPTCUR,CDS,1000.000000,10000,False
9004,JPYINR26OCT58.75CE,JPYINR,28OCT2026,587500000.000000,1,OPTCUR,CDS,25000.000000,10000,False
9010,JPYINR26OCT59PE,JPYINR,28OCT2026,590000000.000000,1,OPTCUR,CDS,25000.000000,10000,False
9019,GBPUSD26NOV1.395CE,GBPUSD,26NOV2026,13950000.000000,1,OPTCUR,CDS,1000.000000,10000,False
9025,JPYINR26OCT59.75CE,JPYINR,28OCT2026,597500000.000000,1,OPTCUR,CDS,25000.000000,10000,False
9030,GBPUSD26NOV1.415CE,GBPUSD,26NOV2026,14150000.000000,1,OPTCUR,CDS,1000.000000,10000,False
9033,GBPUSD26NOV1.42CE,GBPUSD,26NOV2026,14200000.000000,1,OPTCUR,CDS,1000.000000,10000,False
9034,GBPUSD26NOV1.42PE,GBPUSD,26NOV2026,14200000.000000,1,OPTCUR,CDS,1000.000000,10000,False
9058,USDJPY26OCT143CE,USDJPY,28OCT2026,1430000000.000000,1,OPTCUR,CDS,100000.000000,10000,False
2308,GBPINR26SEP114.5CE,GBPINR,28SEP2026,1145000000.000000,1,OPTCUR,CDS,25000.000000,10000,False
2316,GBPINR26SEP114.75PE,GBPINR,28SEP2026,1147500000.000000,1,OPTCUR,CDS,25000.000000,10000,False
2322,EURINR26O16110.5CE,EURINR,16OCT2026,1105000000.000000,1,OPTCUR,CDS,25000.000000,10000,False
2349,GBPINR26SEP116.5PE,GBPINR,28SEP2026,1165000000.000000,1,OPTCUR,CDS,25000.000000,10000,False
9061,JPYINR26OCT60.75PE,JPYINR,28OCT2026,607500000.000000,1,OPTCUR,CDS,25000.000000,10000,False
9069,JPYINR26OCT61.5PE,JPYINR,28OCT2026,615000000.000000,1,OPTCUR,CDS,25000.000000,10000,False
9071,JPYINR26OCT61.75PE,JPYINR,28OCT2026,617500000.000000,1,OPTCUR,CDS,25000.000000,10000,False
9079,JPYINR26OCT62.75PE,JPYINR,28OCT2026,627500000.000000,1,OPTCUR,CDS,25000.000000,10000,False
2357,GBPINR26SEP117PE,GBPINR,28SEP2026,1170000000.000000,1,OPTCUR,CDS,25000.000000,10000,False
2363,GBPINR26SEP117.25PE,GBPINR,28SEP2026,1172500000.000000,1,OPTCUR,CDS,25000.000000,10000,False
2364,EURINR26O16111PE,EURINR,16OCT2026,1110000000.000000,1,OPTCUR,CDS,25000.000000,10000,False
2377,GBPINR26SEP118PE,GBPINR,28SEP2026,1180000000.000000,1,OPTCUR,CDS,25000.000000,10000,False
9083,JPYINR26OCT63.25PE,JPYINR,28OCT2026,632500000.000000,1,OPTCUR,CDS,25000.000000,10000,False
9094,USDINR26O1691.5CE,USDINR,16OCT2026,915000000.000000,1,OPTCUR,CDS,25000.000000,10000,False
9118,USDINR26O1693.75CE,USDINR,16OCT2026,937500000.000000,1,OPTCUR,CDS,25000.000000,10000,False
9130,USDINR26O1694.75CE,USDINR,16OCT2026,947500000.000000,1,OPTCUR,CDS,25000.000000,10000,False
2381,GBPINR26SEP118.25PE,GBPINR,28SEP2026,1182500000.000000,1,OPTCUR,CDS,25000.000000,10000,False
2390,EURUSD26NOV1.08CE,EURUSD,26NOV2026,10800000.000000,1,OPTCUR,CDS,1000.000000,10000,False
2391,EURUSD26NOV1.08PE,EURUSD,26NOV2026,10800000.000000,1,OPTCUR,CDS,1000.000000,10000,False
2409,USDINR26N0694.125CE,USDINR,06NOV2026,941250000.000000,1,OPTCUR,CDS,25000.000000,10000,False
9090,GBPUSD26NOV1.445CE,GBPUSD,26NOV2026,14450000.000000,1,OPTCUR,CDS,1000.000000,10000,False
9132,USDINR26O1694.875CE,USDINR,16OCT2026,948750000.000000,1,OPTCUR,CDS,25000.000000,10000,False
9146,USDINR26O1695.75CE,USDINR,16OCT2026,957500000.000000,1,OPTCUR,CDS,25000.000000,10000,False
9151,USDINR26O1696PE,USDINR,16OCT2026,960000000.000000,1,OPTCUR,CDS,25000.000000,10000,False
2411,EURINR26918106.25CE,EURINR,18SEP2026,1062500000.000000,1,OPTCUR,CDS,25000.000000,10000,False
2413,EURINR26O09108.5CE,EURINR,09OCT2026,1085000000.000000,1,OPTCUR,CDS,25000.000000,10000,False
2417,EURUSD26SEP1.3CE,EURUSD,28SEP2026,13000000.000000,1,OPTCUR,CDS,1000.000000,10000,False
2443,EURINR26918106.75PE,EURINR,18SEP2026,1067500000.000000,1,OPTCUR,CDS,25000.000000,10000,False
9100,USDINR26O1692.25CE,USDINR,16OCT2026,922500000.000000,1,OPTCUR,CDS,25000.000000,10000,False
9107,USDINR26O1692.75PE,USDINR,16OCT2026,927500000.000000,1,OPTCUR,CDS,25000.000000,10000,False
9147,USDINR26O1695.75PE,USDINR,16OCT2026,957500000.000000,1,OPTCUR,CDS,25000.000000,10000,False
9158,USDINR26O1696.5CE,USDINR,16OCT2026,965000000.000000,1,OPTCUR,CDS,25000.000000,10000,False
2454,648GS203526SEP93.5PE,648GS2035,24SEP2026,935000000.000000,1,OPTIRC,CDS,25000.000000,1250,False
2461,648GS203526SEP93.75PE,648GS2035,24SEP2026,937500000.000000,1,OPTIRC,CDS,25000.000000,1250,False
2468,648GS203526DEC93.5PE,648GS2035,31DEC2026,935000000.000000,1,OPTIRC,CDS,25000.000000,1250,False
2473,668GS204026DECFUT,668GS2040,31DEC2026,-1.000000,1,FUTIRC,CDS,25000.000000,1250,False
9172,USDJPY26NOV144.5PE,USDJPY,26NOV2026,1445000000.000000,1,OPTCUR,CDS,100000.000000,10000,False
9189,JPYINR26OCT64.25PE,JPYINR,28OCT2026,642500000.000000,1,OPTCUR,CDS,25000.000000,10000,False
9193,USDINR26SEP98PE,USDINR,28SEP2026,980000000.000000,1,OPTCUR,CDS,25000.000000,10000,False
9201,USDINR26O1697.25PE,USDINR,16OCT2026,972500000.000000,1,OPTCUR,CDS,25000.000000,10000,False
2480,648GS203526DEC93.75PE,648GS2035,31DEC2026,937500000.000000,1,OPTIRC,CDS,25000.000000,1250,False
2483,EURINR26918107.75CE,EURINR,18SEP2026,1077500000.000000,1,OPTCUR,CDS,25000.000000,10000,False
2484,USDINR26N1394.125PE,USDINR,13NOV2026,941250000.000000,1,OPTCUR,CDS,25000.000000,10000,False
2521,EURINR26O09110.25PE,EURINR,09OCT2026,1102500000.000000,1,OPTCUR,CDS,25000.000000,10000,False
2524,EURINR26918108CE,EURINR,18SEP2026,1080000000.000000,1,OPTCUR,CDS,25000.000000,10000,False
2525,EURINR26N20FUT,EURINR,20NOV2026,-1.000000,1,FUTCUR,CDS,25000.000000,10000,False
2527,JPYINR26N20FUT,JPYINR,20NOV2026,-1.000000,1,FUTCUR,CDS,25000.000000,10000,False
2538,EURINR26O16111.25CE,EURINR,16OCT2026,1112500000.000000,1,OPTCUR,CDS,25000.000000,10000,False
9204,USDINR26O1697.75CE,USDINR,16OCT2026,977500000.000000,1,OPTCUR,CDS,25000.000000,10000,False
9206,USDINR26O1698CE,USDINR,16OCT2026,980000000.000000,1,OPTCUR,CDS,25000.000000,10000,False
9207,USDINR26O1698PE,USDINR,16OCT2026,980000000.000000,1,OPTCUR,CDS,25000.000000,10000,False
9211,USDINR26O1698.5PE,USDINR,16OCT2026,985000000.000000,1,OPTCUR,CDS,25000.000000,10000,False
2539,EURINR26918108PE,EURINR,18SEP2026,1080000000.000000,1,OPTCUR,CDS,25000.000000,10000,False
2558,GBPINR26SEP122.25CE,GBPINR,28SEP2026,1222500000.000000,1,OPTCUR,CDS,25000.000000,10000,False
2584,EURINR26O16111.5PE,EURINR,16OCT2026,1115000000.000000,1,OPTCUR,CDS,25000.000000,10000,False
2655,EURINR26N20107.25CE,EURINR,20NOV2026,1072500000.000000,1,OPTCUR,CDS,25000.000000,10000,False
9241,GBPINR26SEP132.75PE,GBPINR,28SEP2026,1327500000.000000,1,OPTCUR,CDS,25000.000000,10000,False
9242,GBPINR26SEP133CE,GBPINR,28SEP2026,1330000000.000000,1,OPTCUR,CDS,25000.000000,10000,False
9249,USDJPY27JUN144.5PE,USDJPY,28JUN2027,1445000000.000000,1,OPTCUR,CDS,100000.000000,10000,False
9274,USDINR26N2793.75CE,USDINR,27NOV2026,937500000.000000,1,OPTCUR,CDS,25000.000000,10000,False
2758,EURUSD26NOV1.115PE,EURUSD,26NOV2026,11150000.000000,1,OPTCUR,CDS,1000.000000,10000,False
9275,USDINR26N2793.75PE,USDINR,27NOV2026,937500000.000000,1,OPTCUR,CDS,25000.000000,10000,False
9279,GBPINR26SEP133.75PE,GBPINR,28SEP2026,1337500000.000000,1,OPTCUR,CDS,25000.000000,10000,False
9283,USDINR26N2794PE,USDINR,27NOV2026,940000000.000000,1,OPTCUR,CDS,25000.000000,10000,False
9302,GBPINR27MAR133PE,GBPINR,29MAR2027,1330000000.000000,1,OPTCUR,CDS,25000.000000,10000,False
2657,GBPUSD26SEP1.25CE,GBPUSD,28SEP2026,12500000.000000,1,OPTCUR,CDS,1000.000000,10000,False
2686,GBPUSD26NOV1.23CE,GBPUSD,26NOV2026,12300000.000000,1,OPTCUR,CDS,1000.000000,10000,False
2726,EURINR26O16112CE,EURINR,16OCT2026,1120000000.000000,1,OPTCUR,CDS,25000.000000,10000,False
2763,EURINR26DEC104.25CE,EURINR,29DEC2026,1042500000.000000,1,OPTCUR,CDS,25000.000000,10000,False
2784,GBPUSD26SEP1.345PE,GBPUSD,28SEP2026,13450000.000000,1,OPTCUR,CDS,1000.000000,10000,False
2786,GBPUSD26SEP1.35PE,GBPUSD,28SEP2026,13500000.000000,1,OPTCUR,CDS,1000.000000,10000,False
2787,GBPUSD26SEP1.355CE,GBPUSD,28SEP2026,13550000.000000,1,OPTCUR,CDS,1000.000000,10000,False
9308,GBPINR27MAR133.75PE,GBPINR,29MAR2027,1337500000.000000,1,OPTCUR,CDS,25000.000000,10000,False
9326,USDINR26N2795PE,USDINR,27NOV2026,950000000.000000,1,OPTCUR,CDS,25000.000000,10000,False
9340,633GS203526OCT95.5CE,633GS2035,29OCT2026,955000000.000000,1,OPTIRC,CDS,25000.000000,1250,False
9350,USDINR26N2795.375CE,USDINR,27NOV2026,953750000.000000,1,OPTCUR,CDS,25000.000000,10000,False
2805,EURINR26918110.25CE,EURINR,18SEP2026,1102500000.000000,1,OPTCUR,CDS,25000.000000,10000,False
2810,GBPUSD26SEP1.37PE,GBPUSD,28SEP2026,13700000.000000,1,OPTCUR,CDS,1000.000000,10000,False
2817,GBPUSD26SEP1.375PE,GBPUSD,28SEP2026,13750000.000000,1,OPTCUR,CDS,1000.000000,10000,False
2826,EURINR26O09111.5CE,EURINR,09OCT2026,1115000000.000000,1,OPTCUR,CDS,25000.000000,10000,False
9353,USDINR26N2795.375PE,USDINR,27NOV2026,953750000.000000,1,OPTCUR,CDS,25000.000000,10000,False
9368,633GS203526OCT97.25CE,633GS2035,29OCT2026,972500000.000000,1,OPTIRC,CDS,25000.000000,1250,False
9371,633GS203526OCT97.5PE,633GS2035,29OCT2026,975000000.000000,1,OPTIRC,CDS,25000.000000,1250,False
9382,633GS203526OCT99CE,633GS2035,29OCT2026,990000000.000000,1,OPTIRC,CDS,25000.000000,1250,False
9389,633GS203526OCT99.5CE,633GS2035,29OCT2026,995000000.000000,1,OPTIRC,CDS,25000.000000,1250,False
9437,USDINR26N2796.5CE,USDINR,27NOV2026,965000000.000000,1,OPTCUR,CDS,25000.000000,10000,False
9452,USDINR26N2797PE,USDINR,27NOV2026,970000000.000000,1,OPTCUR,CDS,25000.000000,10000,False
9457,USDINR26N2797.75CE,USDINR,27NOV2026,977500000.000000,1,OPTCUR,CDS,25000.000000,10000,False
2838,GBPUSD26SEP1.4PE,GBPUSD,28SEP2026,14000000.000000,1,OPTCUR,CDS,1000.000000,10000,False
2853,GBPUSD26SEP1.42PE,GBPUSD,28SEP2026,14200000.000000,1,OPTCUR,CDS,1000.000000,10000,False
2865,GBPUSD26SEP1.43CE,GBPUSD,28SEP2026,14300000.000000,1,OPTCUR,CDS,1000.000000,10000,False
2870,GBPUSD26SEP1.43PE,GBPUSD,28SEP2026,14300000.000000,1,OPTCUR,CDS,1000.000000,10000,False
95,R-GOI7.23%2039,R723GS2039,,-1.000000,1,UNDIRC,CDS,25000.000000,1250,False
9468,USDINR26O3096PE,USDINR,30OCT2026,960000000.000000,1,OPTCUR,CDS,25000.000000,10000,False
9522,GBPUSD26NOV1.46PE,GBPUSD,26NOV2026,14600000.000000,1,OPTCUR,CDS,1000.000000,10000,False
9527,GBPUSD26NOV1.47CE,GBPUSD,26NOV2026,14700000.000000,1,OPTCUR,CDS,1000.000000,10000,False
2872,EURINR26918111.25PE,EURINR,18SEP2026,1112500000.000000,1,OPTCUR,CDS,25000.000000,10000,False
2880,EURUSD27MARFUT,EURUSD,29MAR2027,-1.000000,1,FUTCUR,CDS,1000.000000,10000,False
2882,EURINR26918112.25CE,EURINR,18SEP2026,1122500000.000000,1,OPTCUR,CDS,25000.000000,10000,False
2886,GBPUSD26SEP1.435PE,GBPUSD,28SEP2026,14350000.000000,1,OPTCUR,CDS,1000.000000,10000,False
9532,USDINR26DEC98.25PE,USDINR,29DEC2026,982500000.000000,1,OPTCUR,CDS,25000.000000,10000,False
9550,USDINR26OCT92.25PE,USDINR,28OCT2026,922500000.000000,1,OPTCUR,CDS,25000.000000,10000,False
9558,GBPINR27MAR127.5PE,GBPINR,29MAR2027,1275000000.000000,1,OPTCUR,CDS,25000.000000,10000,False
9627,648GS203526OCT94.75PE,648GS2035,29OCT2026,947500000.000000,1,OPTIRC,CDS,25000.000000,1250,False
9636,USDINR26OCT93.75PE,USDINR,28OCT2026,937500000.000000,1,OPTCUR,CDS,25000.000000,10000,False
9641,648GS203526OCT96.25PE,648GS2035,29OCT2026,962500000.000000,1,OPTIRC,CDS,25000.000000,1250,False
9642,USDINR26OCT94CE,USDINR,28OCT2026,940000000.000000,1,OPTCUR,CDS,25000.000000,10000,False
9651,USDINR26OCT95CE,USDINR,28OCT2026,950000000.000000,1,OPTCUR,CDS,25000.000000,10000,False
2903,EURUSD26NOV1.125CE,EURUSD,26NOV2026,11250000.000000,1,OPTCUR,CDS,1000.000000,10000,False
2907,EURINR26N20109.25PE,EURINR,20NOV2026,1092500000.000000,1,OPTCUR,CDS,25000.000000,10000,False
2914,EURINR26O09111.75CE,EURINR,09OCT2026,1117500000.000000,1,OPTCUR,CDS,25000.000000,10000,False
2920,EURINR26918113CE,EURINR,18SEP2026,1130000000.000000,1,OPTCUR,CDS,25000.000000,10000,False
2925,JPYINR27MARFUT,JPYINR,29MAR2027,-1.000000,1,FUTCUR,CDS,25000.000000,10000,False
2929,EURINR26N20109.5PE,EURINR,20NOV2026,1095000000.000000,1,OPTCUR,CDS,25000.000000,10000,False
2934,EURINR26DEC104.75CE,EURINR,29DEC2026,1047500000.000000,1,OPTCUR,CDS,25000.000000,10000,False
9668,USDINR26OCT96.25CE,USDINR,28OCT2026,962500000.000000,1,OPTCUR,CDS,25000.000000,10000,False
9673,USDINR26OCT96.75PE,USDINR,28OCT2026,967500000.000000,1,OPTCUR,CDS,25000.000000,10000,False
9683,648GS203526OCT96.75CE,648GS2035,29OCT2026,967500000.000000,1,OPTIRC,CDS,25000.000000,1250,False
9732,648GS203526OCT98.75PE,648GS2035,29OCT2026,987500000.000000,1,OPTIRC,CDS,25000.000000,1250,False
9736,648GS203526OCT99.25CE,648GS2035,29OCT2026,992500000.000000,1,OPTIRC,CDS,25000.000000,1250,False
9741,648GS203526OCT99.75PE,648GS2035,29OCT2026,997500000.000000,1,OPTIRC,CDS,25000.000000,1250,False
9772,GBPUSD26NOV1.48CE,GBPUSD,26NOV2026,14800000.000000,1,OPTCUR,CDS,1000.000000,10000,False
9816,668GS204026OCT93.75CE,668GS2040,29OCT2026,937500000.000000,1,OPTIRC,CDS,25000.000000,1250,False
30,R-GOI7.59%2026,R759GS2026,,-1.000000,1,UNDIRC,CDS,25000.000000,1250,False
2945,679GS203426SEP96PE,679GS2034,24SEP2026,960000000.000000,1,OPTIRC,CDS,25000.000000,1250,False
2947,EURINR26N20109.75PE,EURINR,20NOV2026,1097500000.000000,1,OPTCUR,CDS,25000.000000,10000,False
2978,EURINR26918113.25PE,EURINR,18SEP2026,1132500000.000000,1,OPTCUR,CDS,25000.000000,10000,False
9830,668GS204026OCT95CE,668GS2040,29OCT2026,950000000.000000,1,OPTIRC,CDS,25000.000000,1250,False
9841,668GS204026OCT96.25CE,668GS2040,29OCT2026,962500000.000000,1,OPTIRC,CDS,25000.000000,1250,False
9848,USDJPY26OCT154.5CE,USDJPY,28OCT2026,1545000000.000000,1,OPTCUR,CDS,100000.000000,10000,False
9862,USDJPY26OCT156.5PE,USDJPY,28OCT2026,1565000000.000000,1,OPTCUR,CDS,100000.000000,10000,False
3033,EURINR26918114PE,EURINR,18SEP2026,1140000000.000000,1,OPTCUR,CDS,25000.000000,10000,False
3078,USDJPY26SEP172.5PE,USDJPY,28SEP2026,1725000000.000000,1,OPTCUR,CDS,100000.000000,10000,False
3081,GBPINR26DEC128.5PE,GBPINR,29DEC2026,1285000000.000000,1,OPTCUR,CDS,25000.000000,10000,False
3100,EURINR26N20111.75CE,EURINR,20NOV2026,1117500000.000000,1,OPTCUR,CDS,25000.000000,10000,False
9866,USDINR26O2392.75CE,USDINR,23OCT2026,927500000.000000,1,OPTCUR,CDS,25000.000000,10000,False
9876,668GS204026OCT97CE,668GS2040,29OCT2026,970000000.000000,1,OPTIRC,CDS,25000.000000,1250,False
9884,USDJPY26OCT158.5CE,USDJPY,28OCT2026,1585000000.000000,1,OPTCUR,CDS,100000.000000,10000,False
9887,USDJPY26OCT159PE,USDJPY,28OCT2026,1590000000.000000,1,OPTCUR,CDS,100000.000000,10000,False
3102,EURINR26N20111.75PE,EURINR,20NOV2026,1117500000.000000,1,OPTCUR,CDS,25000.000000,10000,False
3104,EURINR26N20112CE,EURINR,20NOV2026,1120000000.000000,1,OPTCUR,CDS,25000.000000,10000,False
3134,EURINR26N20112.75CE,EURINR,20NOV2026,1127500000.000000,1,OPTCUR,CDS,25000.000000,10000,False
3139,EURINR26O09114.5PE,EURINR,09OCT2026,1145000000.000000,1,OPTCUR,CDS,25000.000000,10000,False
9888,USDJPY26OCT159.5CE,USDJPY,28OCT2026,1595000000.000000,1,OPTCUR,CDS,100000.000000,10000,False
9893,USDINR26O2393.5CE,USDINR,23OCT2026,935000000.000000,1,OPTCUR,CDS,25000.000000,10000,False
9939,USDJPY26OCT162CE,USDJPY,28OCT2026,1620000000.000000,1,OPTCUR,CDS,100000.000000,10000,False
9947,USDJPY26OCT162PE,USDJPY,28OCT2026,1620000000.000000,1,OPTCUR,CDS,100000.000000,10000,False
9949,USDINR26O2395.5PE,USDINR,23OCT2026,955000000.000000,1,OPTCUR,CDS,25000.000000,10000,False
9950,USDJPY26OCT162.5CE,USDJPY,28OCT2026,1625000000.000000,1,OPTCUR,CDS,100000.000000,10000,False
9953,668GS204026OCT98.5PE,668GS2040,29OCT2026,985000000.000000,1,OPTIRC,CDS,25000.000000,1250,False
9961,668GS204026OCT99.25CE,668GS2040,29OCT2026,992500000.000000,1,OPTIRC,CDS,25000.000000,1250,False
3146,USDJPY26SEP166.5PE,USDJPY,28SEP2026,1665000000.000000,1,OPTCUR,CDS,100000.000000,10000,False
3160,EURINR27MAR104.25CE,EURINR,29MAR2027,1042500000.000000,1,OPTCUR,CDS,25000.000000,10000,False
3163,EURINR26N20113.25PE,EURINR,20NOV2026,1132500000.000000,1,OPTCUR,CDS,25000.000000,10000,False
3199,EURINR27MAR105PE,EURINR,29MAR2027,1050000000.000000,1,OPTCUR,CDS,25000.000000,10000,False
9962,668GS204026OCT99.25PE,668GS2040,29OCT2026,992500000.000000,1,OPTIRC,CDS,25000.000000,1250,False
9969,USDINR26O2395.75PE,USDINR,23OCT2026,957500000.000000,1,OPTCUR,CDS,25000.000000,10000,False
3228,USDINR26N2095.625CE,USDINR,20NOV2026,956250000.000000,1,OPTCUR,CDS,25000.000000,10000,False
3251,EURINR27MAR105.5PE,EURINR,29MAR2027,1055000000.000000,1,OPTCUR,CDS,25000.000000,10000,False
3272,EURINR27MAR106.25CE,EURINR,29MAR2027,1062500000.000000,1,OPTCUR,CDS,25000.000000,10000,False
3297,USDJPY27MAR142CE,USDJPY,29MAR2027,1420000000.000000,1,OPTCUR,CDS,100000.000000,10000,False
3338,EURINR27MAR108PE,EURINR,29MAR2027,1080000000.000000,1,OPTCUR,CDS,25000.000000,10000,False
33,GOI6.97%2026,697GS2026,,-1.000000,1,UNDIRC,CDS,25000.000000,1250,False
3325,USDINR26N27FUT,USDINR,27NOV2026,-1.000000,1,FUTCUR,CDS,25000.000000,10000,False
3327,GBPUSD26SEP1.445CE,GBPUSD,28SEP2026,14450000.000000,1,OPTCUR,CDS,1000.000000,10000,False
3347,EURINR27MAR108.5CE,EURINR,29MAR2027,1085000000.000000,1,OPTCUR,CDS,25000.000000,10000,False
3366,EURINR27MAR108.5PE,EURINR,29MAR2027,1085000000.000000,1,OPTCUR,CDS,25000.000000,10000,False
3373,EURINR26O16113CE,EURINR,16OCT2026,1130000000.000000,1,OPTCUR,CDS,25000.000000,10000,False
3381,EURINR27MAR109.5PE,EURINR,29MAR2027,1095000000.000000,1,OPTCUR,CDS,25000.000000,10000,False
3383,EURINR27MAR109.75PE,EURINR,29MAR2027,1097500000.000000,1,OPTCUR,CDS,25000.000000,10000,False
3385,EURINR27MAR110PE,EURINR,29MAR2027,1100000000.000000,1,OPTCUR,CDS,25000.000000,10000,False
3387,EURINR27MAR110.25CE,EURINR,29MAR2027,1102500000.000000,1,OPTCUR,CDS,25000.000000,10000,False
3416,EURINR27MAR111.25PE,EURINR,29MAR2027,1112500000.000000,1,OPTCUR,CDS,25000.000000,10000,False
3418,EURINR27MAR111.5PE,EURINR,29MAR2027,1115000000.000000,1,OPTCUR,CDS,25000.000000,10000,False
3443,EURINR27MAR113PE,EURINR,29MAR2027,1130000000.000000,1,OPTCUR,CDS,25000.000000,10000,False
3462,GBPINR26918124.75PE,GBPINR,18SEP2026,1247500000.000000,1,OPTCUR,CDS,25000.000000,10000,False
3463,EURINR26N27107.25CE,EURINR,27NOV2026,1072500000.000000,1,OPTCUR,CDS,25000.000000,10000,False
3464,GBPINR26918125CE,GBPINR,18SEP2026,1250000000.000000,1,OPTCUR,CDS,25000.000000,10000,False
3481,EURINR27MAR114.25PE,EURINR,29MAR2027,1142500000.000000,1,OPTCUR,CDS,25000.000000,10000,False
3501,EURINR27MAR114.75PE,EURINR,29MAR2027,1147500000.000000,1,OPTCUR,CDS,25000.000000,10000,False
3514,EURINR26N27109.25PE,EURINR,27NOV2026,1092500000.000000,1,OPTCUR,CDS,25000.000000,10000,False
3515,EURINR26N27109.5CE,EURINR,27NOV2026,1095000000.000000,1,OPTCUR,CDS,25000.000000,10000,False
3532,EURUSD26NOV1.215CE,EURUSD,26NOV2026,12150000.000000,1,OPTCUR,CDS,1000.000000,10000,False
3549,EURINR26O16113.75CE,EURINR,16OCT2026,1137500000.000000,1,OPTCUR,CDS,25000.000000,10000,False
3584,EURUSD27MAR1.29PE,EURUSD,29MAR2027,12900000.000000,1,OPTCUR,CDS,1000.000000,10000,False
3590,GBPINR26918126PE,GBPINR,18SEP2026,1260000000.000000,1,OPTCUR,CDS,25000.000000,10000,False
3612,EURINR27JUNFUT,EURINR,28JUN2027,-1.000000,1,FUTCUR,CDS,25000.000000,10000,False
3614,GBPINR26918126.75CE,GBPINR,18SEP2026,1267500000.000000,1,OPTCUR,CDS,25000.000000,10000,False
3630,EURINR26N27112.25CE,EURINR,27NOV2026,1122500000.000000,1,OPTCUR,CDS,25000.000000,10000,False
3632,EURINR26N27112.5CE,EURINR,27NOV2026,1125000000.000000,1,OPTCUR,CDS,25000.000000,10000,False
3642,GBPINR26918127.5CE,GBPINR,18SEP2026,1275000000.000000,1,OPTCUR,CDS,25000.000000,10000,False
3650,EURUSD27MAR1.115CE,EURUSD,29MAR2027,11150000.000000,1,OPTCUR,CDS,1000.000000,10000,False
3679,EURUSD27MAR1.12CE,EURUSD,29MAR2027,11200000.000000,1,OPTCUR,CDS,1000.000000,10000,False
3719,GBPUSD26SEP1.45PE,GBPUSD,28SEP2026,14500000.000000,1,OPTCUR,CDS,1000.000000,10000,False
3724,EURUSD26NOV1.235PE,EURUSD,26NOV2026,12350000.000000,1,OPTCUR,CDS,1000.000000,10000,False
3746,EURUSD27MAR1.165PE,EURUSD,29MAR2027,11650000.000000,1,OPTCUR,CDS,1000.000000,10000,False
3761,GBPINR26N27126.25CE,GBPINR,27NOV2026,1262500000.000000,1,OPTCUR,CDS,25000.000000,10000,False
3783,GBPINR26N27127.75PE,GBPINR,27NOV2026,1277500000.000000,1,OPTCUR,CDS,25000.000000,10000,False
3784,EURUSD27MAR1.18PE,EURUSD,29MAR2027,11800000.000000,1,OPTCUR,CDS,1000.000000,10000,False
3797,GBPINR26N20125.5PE,GBPINR,20NOV2026,1255000000.000000,1,OPTCUR,CDS,25000.000000,10000,False
3799,GBPINR27JUNFUT,GBPINR,28JUN2027,-1.000000,1,FUTCUR,CDS,25000.000000,10000,False
3801,EURUSD27MAR1.205PE,EURUSD,29MAR2027,12050000.000000,1,OPTCUR,CDS,1000.000000,10000,False
3814,EURUSD27MAR1.22PE,EURUSD,29MAR2027,12200000.000000,1,OPTCUR,CDS,1000.000000,10000,False
3818,EURUSD27MAR1.225PE,EURUSD,29MAR2027,12250000.000000,1,OPTCUR,CDS,1000.000000,10000,False
3828,EURUSD27MAR1.24PE,EURUSD,29MAR2027,12400000.000000,1,OPTCUR,CDS,1000.000000,10000,False
3845,USDJPY27JUNFUT,USDJPY,28JUN2027,-1.000000,1,FUTCUR,CDS,100000.000000,10000,False
3870,GBPINR26N20126.25CE,GBPINR,20NOV2026,1262500000.000000,1,OPTCUR,CDS,25000.000000,10000,False
3879,EURUSD26SEP1.04PE,EURUSD,28SEP2026,10400000.000000,1,OPTCUR,CDS,1000.000000,10000,False
3890,GBPINR26N20126.75CE,GBPINR,20NOV2026,1267500000.000000,1,OPTCUR,CDS,25000.000000,10000,False
3904,GBPINR26N20127.25CE,GBPINR,20NOV2026,1272500000.000000,1,OPTCUR,CDS,25000.000000,10000,False
3942,GBPINR26DEC128PE,GBPINR,29DEC2026,1280000000.000000,1,OPTCUR,CDS,25000.000000,10000,False
3950,EURUSD26OCT1.28CE,EURUSD,28OCT2026,12800000.000000,1,OPTCUR,CDS,1000.000000,10000,False
3954,EURUSD26NOV1.28CE,EURUSD,26NOV2026,12800000.000000,1,OPTCUR,CDS,1000.000000,10000,False
3972,GBPINR26O09124.75PE,GBPINR,09OCT2026,1247500000.000000,1,OPTCUR,CDS,25000.000000,10000,False
4001,EURINR26DEC107.5CE,EURINR,29DEC2026,1075000000.000000,1,OPTCUR,CDS,25000.000000,10000,False
4017,GBPINR26N20130PE,GBPINR,20NOV2026,1300000000.000000,1,OPTCUR,CDS,25000.000000,10000,False
4063,GBPINR26N20131.5PE,GBPINR,20NOV2026,1315000000.000000,1,OPTCUR,CDS,25000.000000,10000,False
4073,EURINR26OCT107.5PE,EURINR,28OCT2026,1075000000.000000,1,OPTCUR,CDS,25000.000000,10000,False
4097,EURUSD27MAR1.02PE,EURUSD,29MAR2027,10200000.000000,1,OPTCUR,CDS,1000.000000,10000,False
4103,GBPINR26N27129CE,GBPINR,27NOV2026,1290000000.000000,1,OPTCUR,CDS,25000.000000,10000,False
4137,EURINR27JUN105.75CE,EURINR,28JUN2027,1057500000.000000,1,OPTCUR,CDS,25000.000000,10000,False
4138,668GS204027MAR99.25CE,668GS2040,25MAR2027,992500000.000000,1,OPTIRC,CDS,25000.000000,1250,False
4145,EURINR27JUN106.25PE,EURINR,28JUN2027,1062500000.000000,1,OPTCUR,CDS,25000.000000,10000,False
4147,EURINR27JUN106.5PE,EURINR,28JUN2027,1065000000.000000,1,OPTCUR,CDS,25000.000000,10000,False
4152,EURINR27JUN107PE,EURINR,28JUN2027,1070000000.000000,1,OPTCUR,CDS,25000.000000,10000,False
4165,EURINR27JUN108.25CE,EURINR,28JUN2027,1082500000.000000,1,OPTCUR,CDS,25000.000000,10000,False
4167,EURINR27JUN108.5CE,EURINR,28JUN2027,1085000000.000000,1,OPTCUR,CDS,25000.000000,10000,False
4185,EURINR27JUN110.25PE,EURINR,28JUN2027,1102500000.000000,1,OPTCUR,CDS,25000.000000,10000,False
4195,EURINR27JUN111CE,EURINR,28JUN2027,1110000000.000000,1,OPTCUR,CDS,25000.000000,10000,False
4201,EURINR27JUN111.5PE,EURINR,28JUN2027,1115000000.000000,1,OPTCUR,CDS,25000.000000,10000,False
4206,EURINR27JUN111.75PE,EURINR,28JUN2027,1117500000.000000,1,OPTCUR,CDS,25000.000000,10000,False
4209,GBPINR26O09126.25CE,GBPINR,09OCT2026,1262500000.000000,1,OPTCUR,CDS,25000.000000,10000,False
4215,GBPINR26918130PE,GBPINR,18SEP2026,1300000000.000000,1,OPTCUR,CDS,25000.000000,10000,False
4216,EURINR27JUN112.5CE,EURINR,28JUN2027,1125000000.000000,1,OPTCUR,CDS,25000.000000,10000,False
4223,EURINR27JUN112.75CE,EURINR,28JUN2027,1127500000.000000,1,OPTCUR,CDS,25000.000000,10000,False
4240,EURUSD27MAR1.015PE,EURUSD,29MAR2027,10150000.000000,1,OPTCUR,CDS,1000.000000,10000,False
4244,EURUSD27JUN1.02PE,EURUSD,28JUN2027,10200000.000000,1,OPTCUR,CDS,1000.000000,10000,False
4251,EURUSD27JUN1.04CE,EURUSD,28JUN2027,10400000.000000,1,OPTCUR,CDS,1000.000000,10000,False
4256,EURUSD27JUN1.05PE,EURUSD,28JUN2027,10500000.000000,1,OPTCUR,CDS,1000.000000,10000,False
4274,EURINR26DEC108.25PE,EURINR,29DEC2026,1082500000.000000,1,OPTCUR,CDS,25000.000000,10000,False
4294,GBPUSD26SEP1.46CE,GBPUSD,28SEP2026,14600000.000000,1,OPTCUR,CDS,1000.000000,10000,False
4300,EURUSD27JUN1.075PE,EURUSD,28JUN2027,10750000.000000,1,OPTCUR,CDS,1000.000000,10000,False
4317,GBPINR26918130.5CE,GBPINR,18SEP2026,1305000000.000000,1,OPTCUR,CDS,25000.000000,10000,False
4334,USDJPY27MAR143.5PE,USDJPY,29MAR2027,1435000000.000000,1,OPTCUR,CDS,100000.000000,10000,False
4368,EURUSD27JUN1.21PE,EURUSD,28JUN2027,12100000.000000,1,OPTCUR,CDS,1000.000000,10000,False
44,OVERNIGHTMIBOR,ONMIBOR,,-1.000000,1,UNDIRC,CDS,25000.000000,40,False
4373,EURUSD27JUN1.225CE,EURUSD,28JUN2027,12250000.000000,1,OPTCUR,CDS,1000.000000,10000,False
4407,GBPINR26918131CE,GBPINR,18SEP2026,1310000000.000000,1,OPTCUR,CDS,25000.000000,10000,False
4412,EURINR26DEC109.25CE,EURINR,29DEC2026,1092500000.000000,1,OPTCUR,CDS,25000.000000,10000,False
4413,EURINR26DEC109.25PE,EURINR,29DEC2026,1092500000.000000,1,OPTCUR,CDS,25000.000000,10000,False
4419,EURINR26OCT108.5PE,EURINR,28OCT2026,1085000000.000000,1,OPTCUR,CDS,25000.000000,10000,False
4439,EURINR26O30108.5PE,EURINR,30OCT2026,1085000000.000000,1,OPTCUR,CDS,25000.000000,10000,False
4455,GBPINR26NOV126.25PE,GBPINR,26NOV2026,1262500000.000000,1,OPTCUR,CDS,25000.000000,10000,False
4474,USDINR2691894.125CE,USDINR,18SEP2026,941250000.000000,1,OPTCUR,CDS,25000.000000,10000,False
4492,GBPINR26918132.5PE,GBPINR,18SEP2026,1325000000.000000,1,OPTCUR,CDS,25000.000000,10000,False
4557,GBPINR27JUN132PE,GBPINR,28JUN2027,1320000000.000000,1,OPTCUR,CDS,25000.000000,10000,False
4633,GBPINR27JUN124CE,GBPINR,28JUN2027,1240000000.000000,1,OPTCUR,CDS,25000.000000,10000,False
4641,GBPINR27JUN124.5CE,GBPINR,28JUN2027,1245000000.000000,1,OPTCUR,CDS,25000.000000,10000,False
4649,GBPINR27JUN124.75CE,GBPINR,28JUN2027,1247500000.000000,1,OPTCUR,CDS,25000.000000,10000,False
4650,GBPINR27JUN124.75PE,GBPINR,28JUN2027,1247500000.000000,1,OPTCUR,CDS,25000.000000,10000,False
4702,GBPINR27MAR120.5CE,GBPINR,29MAR2027,1205000000.000000,1,OPTCUR,CDS,25000.000000,10000,False
4711,GBPINR26O09128.75PE,GBPINR,09OCT2026,1287500000.000000,1,OPTCUR,CDS,25000.000000,10000,False
4720,JPYINR26SEP53.5CE,JPYINR,28SEP2026,535000000.000000,1,OPTCUR,CDS,25000.000000,10000,False
4725,GBPINR27MAR121CE,GBPINR,29MAR2027,1210000000.000000,1,OPTCUR,CDS,25000.000000,10000,False
4737,JPYINR2691855.5PE,JPYINR,18SEP2026,555000000.000000,1,OPTCUR,CDS,25000.000000,10000,False
4742,USDINR26O1694.625PE,USDINR,16OCT2026,946250000.000000,1,OPTCUR,CDS,25000.000000,10000,False
4750,EURINR26O30109.25PE,EURINR,30OCT2026,1092500000.000000,1,OPTCUR,CDS,25000.000000,10000,False
4752,EURINR26O30109.5PE,EURINR,30OCT2026,1095000000.000000,1,OPTCUR,CDS,25000.000000,10000,False
4760,EURINR26O30110PE,EURINR,30OCT2026,1100000000.000000,1,OPTCUR,CDS,25000.000000,10000,False
4764,EURINR26DEC110CE,EURINR,29DEC2026,1100000000.000000,1,OPTCUR,CDS,25000.000000,10000,False
4825,JPYINR2691858.5PE,JPYINR,18SEP2026,585000000.000000,1,OPTCUR,CDS,25000.000000,10000,False
4879,USDJPY27JUN145.5CE,USDJPY,28JUN2027,1455000000.000000,1,OPTCUR,CDS,100000.000000,10000,False
4894,GBPINR27MAR121.5PE,GBPINR,29MAR2027,1215000000.000000,1,OPTCUR,CDS,25000.000000,10000,False
4900,GBPINR26N27131PE,GBPINR,27NOV2026,1310000000.000000,1,OPTCUR,CDS,25000.000000,10000,False
4908,EURINR26O30111.75PE,EURINR,30OCT2026,1117500000.000000,1,OPTCUR,CDS,25000.000000,10000,False
4947,EURINR26925108.5PE,EURINR,25SEP2026,1085000000.000000,1,OPTCUR,CDS,25000.000000,10000,False
4913,USDJPY26DEC169.5CE,USDJPY,29DEC2026,1695000000.000000,1,OPTCUR,CDS,100000.000000,10000,False
4927,EURINR26925106.5PE,EURINR,25SEP2026,1065000000.000000,1,OPTCUR,CDS,25000.000000,10000,False
4948,GBPINR27JUN125.25CE,GBPINR,28JUN2027,1252500000.000000,1,OPTCUR,CDS,25000.000000,10000,False
4951,EURINR26925108.75PE,EURINR,25SEP2026,1087500000.000000,1,OPTCUR,CDS,25000.000000,10000,False
4956,EURINR26925109.5CE,EURINR,25SEP2026,1095000000.000000,1,OPTCUR,CDS,25000.000000,10000,False
4958,EURINR26925109.75CE,EURINR,25SEP2026,1097500000.000000,1,OPTCUR,CDS,25000.000000,10000,False
4977,EURINR26925111.5CE,EURINR,25SEP2026,1115000000.000000,1,OPTCUR,CDS,25000.000000,10000,False
4994,GBPINR26N27131.5CE,GBPINR,27NOV2026,1315000000.000000,1,OPTCUR,CDS,25000.000000,10000,False
5018,EURINR26925113.25PE,EURINR,25SEP2026,1132500000.000000,1,OPTCUR,CDS,25000.000000,10000,False
5037,GBPINR27JUN125.75PE,GBPINR,28JUN2027,1257500000.000000,1,OPTCUR,CDS,25000.000000,10000,False
5058,EURINR26O30113.75CE,EURINR,30OCT2026,1137500000.000000,1,OPTCUR,CDS,25000.000000,10000,False
5061,EURINR26O30114CE,EURINR,30OCT2026,1140000000.000000,1,OPTCUR,CDS,25000.000000,10000,False
5068,JPYINR2691861CE,JPYINR,18SEP2026,610000000.000000,1,OPTCUR,CDS,25000.000000,10000,False
5076,EURINR26925114.5CE,EURINR,25SEP2026,1145000000.000000,1,OPTCUR,CDS,25000.000000,10000,False
5079,EURINR26OCT109.75PE,EURINR,28OCT2026,1097500000.000000,1,OPTCUR,CDS,25000.000000,10000,False
5092,EURINR26O30114.5CE,EURINR,30OCT2026,1145000000.000000,1,OPTCUR,CDS,25000.000000,10000,False
5108,EURINR26SEP112PE,EURINR,28SEP2026,1120000000.000000,1,OPTCUR,CDS,25000.000000,10000,False
5112,EURINR26925115PE,EURINR,25SEP2026,1150000000.000000,1,OPTCUR,CDS,25000.000000,10000,False
5189,JPYINR2691863.25PE,JPYINR,18SEP2026,632500000.000000,1,OPTCUR,CDS,25000.000000,10000,False
5222,GBPINR26O09130.75PE,GBPINR,09OCT2026,1307500000.000000,1,OPTCUR,CDS,25000.000000,10000,False
5234,JPYINR2691864CE,JPYINR,18SEP2026,640000000.000000,1,OPTCUR,CDS,25000.000000,10000,False
5254,USDINR2692594.375CE,USDINR,25SEP2026,943750000.000000,1,OPTCUR,CDS,25000.000000,10000,False
5273,GBPUSD26NOV1.225CE,GBPUSD,26NOV2026,12250000.000000,1,OPTCUR,CDS,1000.000000,10000,False
5276,GBPINR26925125CE,GBPINR,25SEP2026,1250000000.000000,1,OPTCUR,CDS,25000.000000,10000,False
5289,GBPINR27JUN127.5PE,GBPINR,28JUN2027,1275000000.000000,1,OPTCUR,CDS,25000.000000,10000,False
5295,GBPINR26O09132.25CE,GBPINR,09OCT2026,1322500000.000000,1,OPTCUR,CDS,25000.000000,10000,False
5299,EURINR26OCT110.25PE,EURINR,28OCT2026,1102500000.000000,1,OPTCUR,CDS,25000.000000,10000,False
5343,JPYINR27JUN64.75PE,JPYINR,28JUN2027,647500000.000000,1,OPTCUR,CDS,25000.000000,10000,False
5356,GBPINR26O09132.5PE,GBPINR,09OCT2026,1325000000.000000,1,OPTCUR,CDS,25000.000000,10000,False
5383,EURINR26OCT112.75CE,EURINR,28OCT2026,1127500000.000000,1,OPTCUR,CDS,25000.000000,10000,False
54,R-GOI6.45%2029,R645GS2029,,-1.000000,1,UNDIRC,CDS,25000.000000,1250,False
5401,GBPINR27JUN128.5CE,GBPINR,28JUN2027,1285000000.000000,1,OPTCUR,CDS,25000.000000,10000,False
5404,GBPINR27JUN128.75PE,GBPINR,28JUN2027,1287500000.000000,1,OPTCUR,CDS,25000.000000,10000,False
5406,GBPINR27JUN129PE,GBPINR,28JUN2027,1290000000.000000,1,OPTCUR,CDS,25000.000000,10000,False
5409,GBPINR26925128.75PE,GBPINR,25SEP2026,1287500000.000000,1,OPTCUR,CDS,25000.000000,10000,False
5415,GBPINR26925129.25PE,GBPINR,25SEP2026,1292500000.000000,1,OPTCUR,CDS,25000.000000,10000,False
5427,648GS203526SEP95CE,648GS2035,24SEP2026,950000000.000000,1,OPTIRC,CDS,25000.000000,1250,False
5432,GBPINR26925130PE,GBPINR,25SEP2026,1300000000.000000,1,OPTCUR,CDS,25000.000000,10000,False
5444,EURINR26DEC111PE,EURINR,29DEC2026,1110000000.000000,1,OPTCUR,CDS,25000.000000,10000,False
5454,GBPINR26925130.75CE,GBPINR,25SEP2026,1307500000.000000,1,OPTCUR,CDS,25000.000000,10000,False
5463,GBPINR26925131.25CE,GBPINR,25SEP2026,1312500000.000000,1,OPTCUR,CDS,25000.000000,10000,False
5471,GBPINR26925131.5PE,GBPINR,25SEP2026,1315000000.000000,1,OPTCUR,CDS,25000.000000,10000,False
5480,GBPINR26925131.75CE,GBPINR,25SEP2026,1317500000.000000,1,OPTCUR,CDS,25000.000000,10000,False
5504,GBPINR26NOV128CE,GBPINR,26NOV2026,1280000000.000000,1,OPTCUR,CDS,25000.000000,10000,False
5520,GBPINR26925133.25PE,GBPINR,25SEP2026,1332500000.000000,1,OPTCUR,CDS,25000.000000,10000,False
5528,GBPINR27JUN133.5CE,GBPINR,28JUN2027,1335000000.000000,1,OPTCUR,CDS,25000.000000,10000,False
5541,GBPINR27JUN133.75CE,GBPINR,28JUN2027,1337500000.000000,1,OPTCUR,CDS,25000.000000,10000,False
5542,EURUSD26DEC1.065PE,EURUSD,29DEC2026,10650000.000000,1,OPTCUR,CDS,1000.000000,10000,False
5549,EURUSD26DEC1.075PE,EURUSD,29DEC2026,10750000.000000,1,OPTCUR,CDS,1000.000000,10000,False
5550,EURUSD26DEC1.08CE,EURUSD,29DEC2026,10800000.000000,1,OPTCUR,CDS,1000.000000,10000,False
5619,EURUSD26DEC1.135CE,EURUSD,29DEC2026,11350000.000000,1,OPTCUR,CDS,1000.000000,10000,False
5620,EURUSD26DEC1.135PE,EURUSD,29DEC2026,11350000.000000,1,OPTCUR,CDS,1000.000000,10000,False
5652,EURUSD26DEC1.155CE,EURUSD,29DEC2026,11550000.000000,1,OPTCUR,CDS,1000.000000,10000,False
5665,EURINR26O23107CE,EURINR,23OCT2026,1070000000.000000,1,OPTCUR,CDS,25000.000000,10000,False
57,GOI6.19%2034,619GS2034,,-1.000000,1,UNDIRC,CDS,25000.000000,1250,False
5677,EURINR26O23107.5PE,EURINR,23OCT2026,1075000000.000000,1,OPTCUR,CDS,25000.000000,10000,False
5679,EURUSD26DEC1.16CE,EURUSD,29DEC2026,11600000.000000,1,OPTCUR,CDS,1000.000000,10000,False
5690,USDJPY26OCT149PE,USDJPY,28OCT2026,1490000000.000000,1,OPTCUR,CDS,100000.000000,10000,False
5717,EURINR26O23108.25CE,EURINR,23OCT2026,1082500000.000000,1,OPTCUR,CDS,25000.000000,10000,False
5719,EURUSD26DEC1.165CE,EURUSD,29DEC2026,11650000.000000,1,OPTCUR,CDS,1000.000000,10000,False
5732,GBPINR27MAR122.25PE,GBPINR,29MAR2027,1222500000.000000,1,OPTCUR,CDS,25000.000000,10000,False
5756,EURUSD26OCT1.04PE,EURUSD,28OCT2026,10400000.000000,1,OPTCUR,CDS,1000.000000,10000,False
5765,JPYINR2692556.5PE,JPYINR,25SEP2026,565000000.000000,1,OPTCUR,CDS,25000.000000,10000,False
5767,JPYINR2692556.75PE,JPYINR,25SEP2026,567500000.000000,1,OPTCUR,CDS,25000.000000,10000,False
5773,USDINR2691891PE,USDINR,18SEP2026,910000000.000000,1,OPTCUR,CDS,25000.000000,10000,False
5807,EURUSD26OCT1.06CE,EURUSD,28OCT2026,10600000.000000,1,OPTCUR,CDS,1000.000000,10000,False
5822,EURUSD26OCT1.065CE,EURUSD,28OCT2026,10650000.000000,1,OPTCUR,CDS,1000.000000,10000,False
5827,EURINR26O23111.75CE,EURINR,23OCT2026,1117500000.000000,1,OPTCUR,CDS,25000.000000,10000,False
5837,EURINR26O23112.25PE,EURINR,23OCT2026,1122500000.000000,1,OPTCUR,CDS,25000.000000,10000,False
5849,JPYINR2692558.75CE,JPYINR,25SEP2026,587500000.000000,1,OPTCUR,CDS,25000.000000,10000,False
5852,JPYINR2692558.75PE,JPYINR,25SEP2026,587500000.000000,1,OPTCUR,CDS,25000.000000,10000,False
5855,EURUSD26OCT1.07PE,EURUSD,28OCT2026,10700000.000000,1,OPTCUR,CDS,1000.000000,10000,False
5860,JPYINR2692559PE,JPYINR,25SEP2026,590000000.000000,1,OPTCUR,CDS,25000.000000,10000,False
5865,USDINR2691893.25PE,USDINR,18SEP2026,932500000.000000,1,OPTCUR,CDS,25000.000000,10000,False
5904,JPYINR2692560.25PE,JPYINR,25SEP2026,602500000.000000,1,OPTCUR,CDS,25000.000000,10000,False
5908,EURINR26O23114.5CE,EURINR,23OCT2026,1145000000.000000,1,OPTCUR,CDS,25000.000000,10000,False
5912,EURUSD26OCT1.095CE,EURUSD,28OCT2026,10950000.000000,1,OPTCUR,CDS,1000.000000,10000,False
5916,EURINR26O23114.75CE,EURINR,23OCT2026,1147500000.000000,1,OPTCUR,CDS,25000.000000,10000,False
5922,EURUSD26OCT1.1PE,EURUSD,28OCT2026,11000000.000000,1,OPTCUR,CDS,1000.000000,10000,False
5931,EURUSD26OCT1.115CE,EURUSD,28OCT2026,11150000.000000,1,OPTCUR,CDS,1000.000000,10000,False
5937,JPYINR26N2060.5CE,JPYINR,20NOV2026,605000000.000000,1,OPTCUR,CDS,25000.000000,10000,False
5946,USDINR2691894.625CE,USDINR,18SEP2026,946250000.000000,1,OPTCUR,CDS,25000.000000,10000,False
5957,EURUSD26DEC1.205CE,EURUSD,29DEC2026,12050000.000000,1,OPTCUR,CDS,1000.000000,10000,False
5960,USDINR2691894.75PE,USDINR,18SEP2026,947500000.000000,1,OPTCUR,CDS,25000.000000,10000,False
5963,EURUSD26DEC1.21CE,EURUSD,29DEC2026,12100000.000000,1,OPTCUR,CDS,1000.000000,10000,False
5972,EURUSD26OCT1.125CE,EURUSD,28OCT2026,11250000.000000,1,OPTCUR,CDS,1000.000000,10000,False
60,R-GOI5.77%2030,R577GS2030,,-1.000000,1,UNDIRC,CDS,25000.000000,1250,False
5987,EURUSD26OCT1.13CE,EURUSD,28OCT2026,11300000.000000,1,OPTCUR,CDS,1000.000000,10000,False
6015,USDJPY26OCT150CE,USDJPY,28OCT2026,1500000000.000000,1,OPTCUR,CDS,100000.000000,10000,False
6016,USDJPY26OCT150PE,USDJPY,28OCT2026,1500000000.000000,1,OPTCUR,CDS,100000.000000,10000,False
6023,GBPINR26O30126PE,GBPINR,30OCT2026,1260000000.000000,1,OPTCUR,CDS,25000.000000,10000,False
6066,GBPUSD27JUN1.2CE,GBPUSD,28JUN2027,12000000.000000,1,OPTCUR,CDS,1000.000000,10000,False
6032,JPYINR26N2758.5CE,JPYINR,27NOV2026,585000000.000000,1,OPTCUR,CDS,25000.000000,10000,False
6050,USDJPY27JUN148PE,USDJPY,28JUN2027,1480000000.000000,1,OPTCUR,CDS,100000.000000,10000,False
6092,USDINR2691895.625PE,USDINR,18SEP2026,956250000.000000,1,OPTCUR,CDS,25000.000000,10000,False
6093,USDJPY27JUN149CE,USDJPY,28JUN2027,1490000000.000000,1,OPTCUR,CDS,100000.000000,10000,False
6098,JPYINR2692561.75PE,JPYINR,25SEP2026,617500000.000000,1,OPTCUR,CDS,25000.000000,10000,False
6132,JPYINR2692563CE,JPYINR,25SEP2026,630000000.000000,1,OPTCUR,CDS,25000.000000,10000,False
6139,JPYINR2692563.75PE,JPYINR,25SEP2026,637500000.000000,1,OPTCUR,CDS,25000.000000,10000,False
6149,JPYINR26DEC64PE,JPYINR,29DEC2026,640000000.000000,1,OPTCUR,CDS,25000.000000,10000,False
6153,JPYINR2692564.5PE,JPYINR,25SEP2026,645000000.000000,1,OPTCUR,CDS,25000.000000,10000,False
6193,USDINR2691897.5CE,USDINR,18SEP2026,975000000.000000,1,OPTCUR,CDS,25000.000000,10000,False
6204,USDINR2691898PE,USDINR,18SEP2026,980000000.000000,1,OPTCUR,CDS,25000.000000,10000,False
6221,USDINR2692591.25PE,USDINR,25SEP2026,912500000.000000,1,OPTCUR,CDS,25000.000000,10000,False
6234,EURINR26SEP114.5CE,EURINR,28SEP2026,1145000000.000000,1,OPTCUR,CDS,25000.000000,10000,False
6249,GBPINR26O30128.75CE,GBPINR,30OCT2026,1287500000.000000,1,OPTCUR,CDS,25000.000000,10000,False
6250,JPYINR26O0956.25CE,JPYINR,09OCT2026,562500000.000000,1,OPTCUR,CDS,25000.000000,10000,False
6251,JPYINR26O0956.25PE,JPYINR,09OCT2026,562500000.000000,1,OPTCUR,CDS,25000.000000,10000,False
6255,USDINR2692592PE,USDINR,25SEP2026,920000000.000000,1,OPTCUR,CDS,25000.000000,10000,False
6259,USDINR2692592.5PE,USDINR,25SEP2026,925000000.000000,1,OPTCUR,CDS,25000.000000,10000,False
6261,EURINR26SEP115PE,EURINR,28SEP2026,1150000000.000000,1,OPTCUR,CDS,25000.000000,10000,False
6273,USDINR2692593CE,USDINR,25SEP2026,930000000.000000,1,OPTCUR,CDS,25000.000000,10000,False
6289,USDINR2692593.75PE,USDINR,25SEP2026,937500000.000000,1,OPTCUR,CDS,25000.000000,10000,False
6292,USDINR2692594.25CE,USDINR,25SEP2026,942500000.000000,1,OPTCUR,CDS,25000.000000,10000,False
6304,USDINR2692595CE,USDINR,25SEP2026,950000000.000000,1,OPTCUR,CDS,25000.000000,10000,False
6305,USDINR2692595PE,USDINR,25SEP2026,950000000.000000,1,OPTCUR,CDS,25000.000000,10000,False
6309,GBPINR26O23126.75PE,GBPINR,23OCT2026,1267500000.000000,1,OPTCUR,CDS,25000.000000,10000,False
6321,GBPINR26O23127.5CE,GBPINR,23OCT2026,1275000000.000000,1,OPTCUR,CDS,25000.000000,10000,False
6326,GBPINR26O23127.75CE,GBPINR,23OCT2026,1277500000.000000,1,OPTCUR,CDS,25000.000000,10000,False
6353,USDINR2692596.5PE,USDINR,25SEP2026,965000000.000000,1,OPTCUR,CDS,25000.000000,10000,False
6385,GBPUSD27JUN1.205PE,GBPUSD,28JUN2027,12050000.000000,1,OPTCUR,CDS,1000.000000,10000,False
6391,GBPINR26O23129.5CE,GBPINR,23OCT2026,1295000000.000000,1,OPTCUR,CDS,25000.000000,10000,False
6392,USDINR2691899PE,USDINR,18SEP2026,990000000.000000,1,OPTCUR,CDS,25000.000000,10000,False
6393,USDINR2692598.5CE,USDINR,25SEP2026,985000000.000000,1,OPTCUR,CDS,25000.000000,10000,False
6394,USDINR2692598.5PE,USDINR,25SEP2026,985000000.000000,1,OPTCUR,CDS,25000.000000,10000,False
6432,GBPINR26O23130CE,GBPINR,23OCT2026,1300000000.000000,1,OPTCUR,CDS,25000.000000,10000,False
6435,GBPINR26O23130PE,GBPINR,23OCT2026,1300000000.000000,1,OPTCUR,CDS,25000.000000,10000,False
6470,GBPINR26O23131.25CE,GBPINR,23OCT2026,1312500000.000000,1,OPTCUR,CDS,25000.000000,10000,False
6495,GBPINR26O16126.5CE,GBPINR,16OCT2026,1265000000.000000,1,OPTCUR,CDS,25000.000000,10000,False
6497,GBPINR26O16126.75CE,GBPINR,16OCT2026,1267500000.000000,1,OPTCUR,CDS,25000.000000,10000,False
6498,GBPINR26O16126.75PE,GBPINR,16OCT2026,1267500000.000000,1,OPTCUR,CDS,25000.000000,10000,False
6504,JPYINR26N2759PE,JPYINR,27NOV2026,590000000.000000,1,OPTCUR,CDS,25000.000000,10000,False
6517,GBPINR26NOV128.75PE,GBPINR,26NOV2026,1287500000.000000,1,OPTCUR,CDS,25000.000000,10000,False
6518,GBPINR26NOV129CE,GBPINR,26NOV2026,1290000000.000000,1,OPTCUR,CDS,25000.000000,10000,False
6521,GBPINR26NOV129.25PE,GBPINR,26NOV2026,1292500000.000000,1,OPTCUR,CDS,25000.000000,10000,False
6533,GBPINR26O30132CE,GBPINR,30OCT2026,1320000000.000000,1,OPTCUR,CDS,25000.000000,10000,False
6538,JPYINR26N2759.75PE,JPYINR,27NOV2026,597500000.000000,1,OPTCUR,CDS,25000.000000,10000,False
6556,USDINR26918100CE,USDINR,18SEP2026,1000000000.000000,1,OPTCUR,CDS,25000.000000,10000,False
6581,JPYINR26O0960.5CE,JPYINR,09OCT2026,605000000.000000,1,OPTCUR,CDS,25000.000000,10000,False
6585,JPYINR26N2760.25PE,JPYINR,27NOV2026,602500000.000000,1,OPTCUR,CDS,25000.000000,10000,False
6586,GBPINR26NOV129.5PE,GBPINR,26NOV2026,1295000000.000000,1,OPTCUR,CDS,25000.000000,10000,False
6588,GBPUSD27JUN1.235CE,GBPUSD,28JUN2027,12350000.000000,1,OPTCUR,CDS,1000.000000,10000,False
6602,GBPINR26O23131.5CE,GBPINR,23OCT2026,1315000000.000000,1,OPTCUR,CDS,25000.000000,10000,False
6661,JPYINR26O0961.25PE,JPYINR,09OCT2026,612500000.000000,1,OPTCUR,CDS,25000.000000,10000,False
6621,GBPINR26O23131.75CE,GBPINR,23OCT2026,1317500000.000000,1,OPTCUR,CDS,25000.000000,10000,False
6644,EURINR26918114.5PE,EURINR,18SEP2026,1145000000.000000,1,OPTCUR,CDS,25000.000000,10000,False
67,GOI6.10%2031,610GS2031,,-1.000000,1,UNDIRC,CDS,25000.000000,1250,False
6685,EURUSD26OCT1.155CE,EURUSD,28OCT2026,11550000.000000,1,OPTCUR,CDS,1000.000000,10000,False
6686,EURUSD26OCT1.155PE,EURUSD,28OCT2026,11550000.000000,1,OPTCUR,CDS,1000.000000,10000,False
6700,668GS204026SEP93PE,668GS2040,24SEP2026,930000000.000000,1,OPTIRC,CDS,25000.000000,1250,False
6701,GBPINR27MAR123.25PE,GBPINR,29MAR2027,1232500000.000000,1,OPTCUR,CDS,25000.000000,10000,False
6713,636GS203126SEP95.5CE,636GS2031,24SEP2026,955000000.000000,1,OPTIRC,CDS,25000.000000,1250,False
6717,GBPINR26O30133.25PE,GBPINR,30OCT2026,1332500000.000000,1,OPTCUR,CDS,25000.000000,10000,False
6726,GBPINR26O30133.5PE,GBPINR,30OCT2026,1335000000.000000,1,OPTCUR,CDS,25000.000000,10000,False
6758,EURUSD26OCT1.18CE,EURUSD,28OCT2026,11800000.000000,1,OPTCUR,CDS,1000.000000,10000,False
6763,GBPINR26NOV130CE,GBPINR,26NOV2026,1300000000.000000,1,OPTCUR,CDS,25000.000000,10000,False
6770,GBPUSD26SEP1.5CE,GBPUSD,28SEP2026,15000000.000000,1,OPTCUR,CDS,1000.000000,10000,False
6777,EURUSD26OCT1.19PE,EURUSD,28OCT2026,11900000.000000,1,OPTCUR,CDS,1000.000000,10000,False
6782,GBPINR26O23133.75PE,GBPINR,23OCT2026,1337500000.000000,1,OPTCUR,CDS,25000.000000,10000,False
6825,636GS203126SEP97CE,636GS2031,24SEP2026,970000000.000000,1,OPTIRC,CDS,25000.000000,1250,False
6831,636GS203126SEP97.25CE,636GS2031,24SEP2026,972500000.000000,1,OPTIRC,CDS,25000.000000,1250,False
6849,GBPUSD27JUN1.24CE,GBPUSD,28JUN2027,12400000.000000,1,OPTCUR,CDS,1000.000000,10000,False
6864,GBPUSD27JUN1.245CE,GBPUSD,28JUN2027,12450000.000000,1,OPTCUR,CDS,1000.000000,10000,False
6884,GBPUSD27JUN1.255PE,GBPUSD,28JUN2027,12550000.000000,1,OPTCUR,CDS,1000.000000,10000,False
6888,EURUSD26OCT1.215CE,EURUSD,28OCT2026,12150000.000000,1,OPTCUR,CDS,1000.000000,10000,False
6926,EURUSD26OCT1.24CE,EURUSD,28OCT2026,12400000.000000,1,OPTCUR,CDS,1000.000000,10000,False
6928,JPYINR26O0962.75PE,JPYINR,09OCT2026,627500000.000000,1,OPTCUR,CDS,25000.000000,10000,False
6986,JPYINR26N2761.75CE,JPYINR,27NOV2026,617500000.000000,1,OPTCUR,CDS,25000.000000,10000,False
6998,EURINR26O01107.5PE,EURINR,01OCT2026,1075000000.000000,1,OPTCUR,CDS,25000.000000,10000,False
6999,EURINR26O01107.75CE,EURINR,01OCT2026,1077500000.000000,1,OPTCUR,CDS,25000.000000,10000,False
7010,EURINR26O01108.75CE,EURINR,01OCT2026,1087500000.000000,1,OPTCUR,CDS,25000.000000,10000,False
7014,EURINR26O01109.25CE,EURINR,01OCT2026,1092500000.000000,1,OPTCUR,CDS,25000.000000,10000,False
7032,668GS204027MAR99.5PE,668GS2040,25MAR2027,995000000.000000,1,OPTIRC,CDS,25000.000000,1250,False
7036,648GS203526SEP97.25CE,648GS2035,24SEP2026,972500000.000000,1,OPTIRC,CDS,25000.000000,1250,False
7037,648GS203526SEP97.25PE,648GS2035,24SEP2026,972500000.000000,1,OPTIRC,CDS,25000.000000,1250,False
7049,JPYINR26SEP56.75CE,JPYINR,28SEP2026,567500000.000000,1,OPTCUR,CDS,25000.000000,10000,False
7051,633GS203526SEP93.5PE,633GS2035,24SEP2026,935000000.000000,1,OPTIRC,CDS,25000.000000,1250,False
7056,648GS203526SEP98.25CE,648GS2035,24SEP2026,982500000.000000,1,OPTIRC,CDS,25000.000000,1250,False
7071,648GS203526SEP99CE,648GS2035,24SEP2026,990000000.000000,1,OPTIRC,CDS,25000.000000,1250,False
7080,648GS203526SEP99.25CE,648GS2035,24SEP2026,992500000.000000,1,OPTIRC,CDS,25000.000000,1250,False
7119,EURINR26O01111.25PE,EURINR,01OCT2026,1112500000.000000,1,OPTCUR,CDS,25000.000000,10000,False
7151,JPYINR26O3058PE,JPYINR,30OCT2026,580000000.000000,1,OPTCUR,CDS,25000.000000,10000,False
7157,648GS203526SEP101.25CE,648GS2035,24SEP2026,1012500000.000000,1,OPTIRC,CDS,25000.000000,1250,False
7159,636GS203126SEP99.5CE,636GS2031,24SEP2026,995000000.000000,1,OPTIRC,CDS,25000.000000,1250,False
7164,GBPINR26NOV132CE,GBPINR,26NOV2026,1320000000.000000,1,OPTCUR,CDS,25000.000000,10000,False
7165,GBPINR26NOV132PE,GBPINR,26NOV2026,1320000000.000000,1,OPTCUR,CDS,25000.000000,10000,False
7169,636GS203126SEP99.75CE,636GS2031,24SEP2026,997500000.000000,1,OPTIRC,CDS,25000.000000,1250,False
7175,JPYINR26O3058.25CE,JPYINR,30OCT2026,582500000.000000,1,OPTCUR,CDS,25000.000000,10000,False
7180,JPYINR26O2357.25CE,JPYINR,23OCT2026,572500000.000000,1,OPTCUR,CDS,25000.000000,10000,False
7186,636GS203126SEP100.25PE,636GS2031,24SEP2026,1002500000.000000,1,OPTIRC,CDS,25000.000000,1250,False
7210,636GS203126SEP100.75CE,636GS2031,24SEP2026,1007500000.000000,1,OPTIRC,CDS,25000.000000,1250,False
7212,JPYINR26O3059CE,JPYINR,30OCT2026,590000000.000000,1,OPTCUR,CDS,25000.000000,10000,False
7230,JPYINR26O2357.75PE,JPYINR,23OCT2026,577500000.000000,1,OPTCUR,CDS,25000.000000,10000,False
7233,636GS203126SEP100.75PE,636GS2031,24SEP2026,1007500000.000000,1,OPTIRC,CDS,25000.000000,1250,False
7234,636GS203126SEP101CE,636GS2031,24SEP2026,1010000000.000000,1,OPTIRC,CDS,25000.000000,1250,False
7239,JPYINR26O3060PE,JPYINR,30OCT2026,600000000.000000,1,OPTCUR,CDS,25000.000000,10000,False
7273,JPYINR26O3061.25PE,JPYINR,30OCT2026,612500000.000000,1,OPTCUR,CDS,25000.000000,10000,False
7301,JPYINR26O3061.75PE,JPYINR,30OCT2026,617500000.000000,1,OPTCUR,CDS,25000.000000,10000,False
7320,EURINR26O01112.5CE,EURINR,01OCT2026,1125000000.000000,1,OPTCUR,CDS,25000.000000,10000,False
7323,GBPINR27MAR124.5CE,GBPINR,29MAR2027,1245000000.000000,1,OPTCUR,CDS,25000.000000,10000,False
7326,EURINR26O01112.5PE,EURINR,01OCT2026,1125000000.000000,1,OPTCUR,CDS,25000.000000,10000,False
7336,GBPINR27MAR124.5PE,GBPINR,29MAR2027,1245000000.000000,1,OPTCUR,CDS,25000.000000,10000,False
7363,EURINR26O01115CE,EURINR,01OCT2026,1150000000.000000,1,OPTCUR,CDS,25000.000000,10000,False
7382,636GS203126SEP101.5PE,636GS2031,24SEP2026,1015000000.000000,1,OPTIRC,CDS,25000.000000,1250,False
7383,636GS203126SEP101.75CE,636GS2031,24SEP2026,1017500000.000000,1,OPTIRC,CDS,25000.000000,1250,False
7401,JPYINR26N2764.75CE,JPYINR,27NOV2026,647500000.000000,1,OPTCUR,CDS,25000.000000,10000,False
7404,GBPINR26NOV132.75CE,GBPINR,26NOV2026,1327500000.000000,1,OPTCUR,CDS,25000.000000,10000,False
7427,EURUSD26DEC1.26PE,EURUSD,29DEC2026,12600000.000000,1,OPTCUR,CDS,1000.000000,10000,False
7453,EURUSD26DEC1.27PE,EURUSD,29DEC2026,12700000.000000,1,OPTCUR,CDS,1000.000000,10000,False
7529,GBPINR26O01124.5CE,GBPINR,01OCT2026,1245000000.000000,1,OPTCUR,CDS,25000.000000,10000,False
7546,GBPINR26O01125.5PE,GBPINR,01OCT2026,1255000000.000000,1,OPTCUR,CDS,25000.000000,10000,False
7559,GBPINR26O01127CE,GBPINR,01OCT2026,1270000000.000000,1,OPTCUR,CDS,25000.000000,10000,False
7577,GBPINR26O01128PE,GBPINR,01OCT2026,1280000000.000000,1,OPTCUR,CDS,25000.000000,10000,False
7589,GBPINR26O01129PE,GBPINR,01OCT2026,1290000000.000000,1,OPTCUR,CDS,25000.000000,10000,False
7606,GBPINR26O01131CE,GBPINR,01OCT2026,1310000000.000000,1,OPTCUR,CDS,25000.000000,10000,False
7615,GBPINR26O01132PE,GBPINR,01OCT2026,1320000000.000000,1,OPTCUR,CDS,25000.000000,10000,False
7616,GBPINR26O01132.25CE,GBPINR,01OCT2026,1322500000.000000,1,OPTCUR,CDS,25000.000000,10000,False
7630,GBPINR26O01133.5PE,GBPINR,01OCT2026,1335000000.000000,1,OPTCUR,CDS,25000.000000,10000,False
7633,GBPINR26O01133.75CE,GBPINR,01OCT2026,1337500000.000000,1,OPTCUR,CDS,25000.000000,10000,False
7706,JPYINR26O0155.75CE,JPYINR,01OCT2026,557500000.000000,1,OPTCUR,CDS,25000.000000,10000,False
7732,JPYINR26O0157CE,JPYINR,01OCT2026,570000000.000000,1,OPTCUR,CDS,25000.000000,10000,False
7734,JPYINR26O0157.25CE,JPYINR,01OCT2026,572500000.000000,1,OPTCUR,CDS,25000.000000,10000,False
7735,636GS203126DEC95.5CE,636GS2031,31DEC2026,955000000.000000,1,OPTIRC,CDS,25000.000000,1250,False
7746,GBPINR26OCT126.75PE,GBPINR,28OCT2026,1267500000.000000,1,OPTCUR,CDS,25000.000000,10000,False
7750,JPYINR26O0157.5CE,JPYINR,01OCT2026,575000000.000000,1,OPTCUR,CDS,25000.000000,10000,False
7753,JPYINR26O0157.75CE,JPYINR,01OCT2026,577500000.000000,1,OPTCUR,CDS,25000.000000,10000,False
7761,JPYINR26O0158.25PE,JPYINR,01OCT2026,582500000.000000,1,OPTCUR,CDS,25000.000000,10000,False
7766,USDINR26O3091.25PE,USDINR,30OCT2026,912500000.000000,1,OPTCUR,CDS,25000.000000,10000,False
7770,USDINR26O0197.375PE,USDINR,01OCT2026,973750000.000000,1,OPTCUR,CDS,25000.000000,10000,False
7789,JPYINR26O0159.75PE,JPYINR,01OCT2026,597500000.000000,1,OPTCUR,CDS,25000.000000,10000,False
7794,JPYINR26O0160.25CE,JPYINR,01OCT2026,602500000.000000,1,OPTCUR,CDS,25000.000000,10000,False
7804,JPYINR26O0161CE,JPYINR,01OCT2026,610000000.000000,1,OPTCUR,CDS,25000.000000,10000,False
7834,JPYINR26O0163CE,JPYINR,01OCT2026,630000000.000000,1,OPTCUR,CDS,25000.000000,10000,False
7881,USDINR26O0191.5PE,USDINR,01OCT2026,915000000.000000,1,OPTCUR,CDS,25000.000000,10000,False
7887,USDINR26O0192.25PE,USDINR,01OCT2026,922500000.000000,1,OPTCUR,CDS,25000.000000,10000,False
7896,JPYINR26O2360CE,JPYINR,23OCT2026,600000000.000000,1,OPTCUR,CDS,25000.000000,10000,False
7910,GBPINR27MAR125PE,GBPINR,29MAR2027,1250000000.000000,1,OPTCUR,CDS,25000.000000,10000,False
7913,USDINR26O0192.75PE,USDINR,01OCT2026,927500000.000000,1,OPTCUR,CDS,25000.000000,10000,False
7927,USDINR26O0194.5PE,USDINR,01OCT2026,945000000.000000,1,OPTCUR,CDS,25000.000000,10000,False
7928,USDINR26O0194.75CE,USDINR,01OCT2026,947500000.000000,1,OPTCUR,CDS,25000.000000,10000,False
7930,USDINR26O0195CE,USDINR,01OCT2026,950000000.000000,1,OPTCUR,CDS,25000.000000,10000,False
7938,USDINR26O0195.625CE,USDINR,01OCT2026,956250000.000000,1,OPTCUR,CDS,25000.000000,10000,False
7940,USDINR26O0195.75CE,USDINR,01OCT2026,957500000.000000,1,OPTCUR,CDS,25000.000000,10000,False
7943,GBPUSD27MAR1.475CE,GBPUSD,29MAR2027,14750000.000000,1,OPTCUR,CDS,1000.000000,10000,False
7956,USDINR26O0196.375PE,USDINR,01OCT2026,963750000.000000,1,OPTCUR,CDS,25000.000000,10000,False
7977,USDINR26O0197.75CE,USDINR,01OCT2026,977500000.000000,1,OPTCUR,CDS,25000.000000,10000,False
7981,USDINR26O0198PE,USDINR,01OCT2026,980000000.000000,1,OPTCUR,CDS,25000.000000,10000,False
7988,USDINR26O0198.75CE,USDINR,01OCT2026,987500000.000000,1,OPTCUR,CDS,25000.000000,10000,False
7989,USDINR26O0198.75PE,USDINR,01OCT2026,987500000.000000,1,OPTCUR,CDS,25000.000000,10000,False
7995,USDINR26O0199.5CE,USDINR,01OCT2026,995000000.000000,1,OPTCUR,CDS,25000.000000,10000,False
8033,GBPINR26OCT127.5CE,GBPINR,28OCT2026,1275000000.000000,1,OPTCUR,CDS,25000.000000,10000,False
8050,GBPINR26OCT127.75CE,GBPINR,28OCT2026,1277500000.000000,1,OPTCUR,CDS,25000.000000,10000,False
8054,GBPINR26DEC129CE,GBPINR,29DEC2026,1290000000.000000,1,OPTCUR,CDS,25000.000000,10000,False
8066,USDINR26O0994.75CE,USDINR,09OCT2026,947500000.000000,1,OPTCUR,CDS,25000.000000,10000,False
81,DUMMY2,21NSETEST,,-1.000000,1,UNDIRC,CDS,25000.000000,1250,False
8099,USDINR26O0995.25CE,USDINR,09OCT2026,952500000.000000,1,OPTCUR,CDS,25000.000000,10000,False
8136,USDINR26O0996.875CE,USDINR,09OCT2026,968750000.000000,1,OPTCUR,CDS,25000.000000,10000,False
8163,USDINR26O0999PE,USDINR,09OCT2026,990000000.000000,1,OPTCUR,CDS,25000.000000,10000,False
8242,GBPINR26OCT129.5CE,GBPINR,28OCT2026,1295000000.000000,1,OPTCUR,CDS,25000.000000,10000,False
8248,GBPINR26OCT130CE,GBPINR,28OCT2026,1300000000.000000,1,OPTCUR,CDS,25000.000000,10000,False
8249,GBPINR26OCT130PE,GBPINR,28OCT2026,1300000000.000000,1,OPTCUR,CDS,25000.000000,10000,False
8253,GBPINR26OCT130.25PE,GBPINR,28OCT2026,1302500000.000000,1,OPTCUR,CDS,25000.000000,10000,False
8258,GBPINR26OCT131CE,GBPINR,28OCT2026,1310000000.000000,1,OPTCUR,CDS,25000.000000,10000,False
8267,GBPINR26OCT131.75CE,GBPINR,28OCT2026,1317500000.000000,1,OPTCUR,CDS,25000.000000,10000,False
8270,GBPINR26OCT132PE,GBPINR,28OCT2026,1320000000.000000,1,OPTCUR,CDS,25000.000000,10000,False
8272,GBPINR26OCT132.25CE,GBPINR,28OCT2026,1322500000.000000,1,OPTCUR,CDS,25000.000000,10000,False
83,R-GOI7.41%2036,R741GS2036,,-1.000000,1,UNDIRC,CDS,25000.000000,1250,False
8277,GBPINR26OCT132.75PE,GBPINR,28OCT2026,1327500000.000000,1,OPTCUR,CDS,25000.000000,10000,False
8295,GBPUSD26OCT1.215CE,GBPUSD,28OCT2026,12150000.000000,1,OPTCUR,CDS,1000.000000,10000,False
8300,GBPUSD26OCT1.22PE,GBPUSD,28OCT2026,12200000.000000,1,OPTCUR,CDS,1000.000000,10000,False
8301,GBPUSD26OCT1.225CE,GBPUSD,28OCT2026,12250000.000000,1,OPTCUR,CDS,1000.000000,10000,False
8313,EURUSD27MAR1.305PE,EURUSD,29MAR2027,13050000.000000,1,OPTCUR,CDS,1000.000000,10000,False
8319,GBPUSD26OCT1.255CE,GBPUSD,28OCT2026,12550000.000000,1,OPTCUR,CDS,1000.000000,10000,False
8329,GBPUSD26OCT1.27PE,GBPUSD,28OCT2026,12700000.000000,1,OPTCUR,CDS,1000.000000,10000,False
8334,GBPUSD26OCT1.28CE,GBPUSD,28OCT2026,12800000.000000,1,OPTCUR,CDS,1000.000000,10000,False
8340,GBPUSD26OCT1.295CE,GBPUSD,28OCT2026,12950000.000000,1,OPTCUR,CDS,1000.000000,10000,False
8344,GBPUSD26OCT1.305CE,GBPUSD,28OCT2026,13050000.000000,1,OPTCUR,CDS,1000.000000,10000,False
8355,GBPUSD26OCT1.315PE,GBPUSD,28OCT2026,13150000.000000,1,OPTCUR,CDS,1000.000000,10000,False
8357,GBPUSD26OCT1.32PE,GBPUSD,28OCT2026,13200000.000000,1,OPTCUR,CDS,1000.000000,10000,False
8380,GBPUSD26OCT1.345PE,GBPUSD,28OCT2026,13450000.000000,1,OPTCUR,CDS,1000.000000,10000,False
8389,GBPUSD26OCT1.365PE,GBPUSD,28OCT2026,13650000.000000,1,OPTCUR,CDS,1000.000000,10000,False
8401,GBPUSD26OCT1.39CE,GBPUSD,28OCT2026,13900000.000000,1,OPTCUR,CDS,1000.000000,10000,False
8405,GBPUSD26OCT1.395CE,GBPUSD,28OCT2026,13950000.000000,1,OPTCUR,CDS,1000.000000,10000,False
8417,GBPUSD26OCT1.41CE,GBPUSD,28OCT2026,14100000.000000,1,OPTCUR,CDS,1000.000000,10000,False
8423,GBPINR26O16130.5CE,GBPINR,16OCT2026,1305000000.000000,1,OPTCUR,CDS,25000.000000,10000,False
8429,GBPINR26O16131.25CE,GBPINR,16OCT2026,1312500000.000000,1,OPTCUR,CDS,25000.000000,10000,False
8469,JPYINR26O2364.75PE,JPYINR,23OCT2026,647500000.000000,1,OPTCUR,CDS,25000.000000,10000,False
8549,EURINR26DEC113.5PE,EURINR,29DEC2026,1135000000.000000,1,OPTCUR,CDS,25000.000000,10000,False
8581,USDINR26O3095CE,USDINR,30OCT2026,950000000.000000,1,OPTCUR,CDS,25000.000000,10000,False
8608,636GS203126DEC99PE,636GS2031,31DEC2026,990000000.000000,1,OPTIRC,CDS,25000.000000,1250,False
8624,636GS203126DEC100PE,636GS2031,31DEC2026,1000000000.000000,1,OPTIRC,CDS,25000.000000,1250,False
8653,JPYINR26O1657.25CE,JPYINR,16OCT2026,572500000.000000,1,OPTCUR,CDS,25000.000000,10000,False
8663,JPYINR26O1658.25CE,JPYINR,16OCT2026,582500000.000000,1,OPTCUR,CDS,25000.000000,10000,False
8666,JPYINR26O1658.5PE,JPYINR,16OCT2026,585000000.000000,1,OPTCUR,CDS,25000.000000,10000,False
8682,JPYINR26O1660.5CE,JPYINR,16OCT2026,605000000.000000,1,OPTCUR,CDS,25000.000000,10000,False
8698,USDINR26N2092.75PE,USDINR,20NOV2026,927500000.000000,1,OPTCUR,CDS,25000.000000,10000,False
8699,USDINR26N2093CE,USDINR,20NOV2026,930000000.000000,1,OPTCUR,CDS,25000.000000,10000,False
8700,USDINR26N2093PE,USDINR,20NOV2026,930000000.000000,1,OPTCUR,CDS,25000.000000,10000,False
8759,636GS203126DEC100.25PE,636GS2031,31DEC2026,1002500000.000000,1,OPTIRC,CDS,25000.000000,1250,False
8760,636GS203126DEC100.5CE,636GS2031,31DEC2026,1005000000.000000,1,OPTIRC,CDS,25000.000000,1250,False
8772,USDJPY26SEP165.5PE,USDJPY,28SEP2026,1655000000.000000,1,OPTCUR,CDS,100000.000000,10000,False
8773,JPYINR26O1663.75PE,JPYINR,16OCT2026,637500000.000000,1,OPTCUR,CDS,25000.000000,10000,False
8775,636GS203126DEC100.5PE,636GS2031,31DEC2026,1005000000.000000,1,OPTIRC,CDS,25000.000000,1250,False
8801,JPYINR26O1664.75PE,JPYINR,16OCT2026,647500000.000000,1,OPTCUR,CDS,25000.000000,10000,False
8802,GBPUSD26NOV1.3PE,GBPUSD,26NOV2026,13000000.000000,1,OPTCUR,CDS,1000.000000,10000,False
8813,GBPUSD26NOV1.315PE,GBPUSD,26NOV2026,13150000.000000,1,OPTCUR,CDS,1000.000000,10000,False
8840,GBPUSD26NOV1.325CE,GBPUSD,26NOV2026,13250000.000000,1,OPTCUR,CDS,1000.000000,10000,False
8856,USDINR26O3095.25CE,USDINR,30OCT2026,952500000.000000,1,OPTCUR,CDS,25000.000000,10000,False
8887,USDINR26N2096CE,USDINR,20NOV2026,960000000.000000,1,OPTCUR,CDS,25000.000000,10000,False
8888,USDINR26N2096PE,USDINR,20NOV2026,960000000.000000,1,OPTCUR,CDS,25000.000000,10000,False
8889,USDINR26N2096.25CE,USDINR,20NOV2026,962500000.000000,1,OPTCUR,CDS,25000.000000,10000,False
8894,GBPUSD26NOV1.345PE,GBPUSD,26NOV2026,13450000.000000,1,OPTCUR,CDS,1000.000000,10000,False
8903,GBPUSD26NOV1.355PE,GBPUSD,26NOV2026,13550000.000000,1,OPTCUR,CDS,1000.000000,10000,False
8916,USDINR26N2097.5PE,USDINR,20NOV2026,975000000.000000,1,OPTCUR,CDS,25000.000000,10000,False
8956,GBPUSD27JUN1.275PE,GBPUSD,28JUN2027,12750000.000000,1,OPTCUR,CDS,1000.000000,10000,False
8967,JPYINR26OCT56.25PE,JPYINR,28OCT2026,562500000.000000,1,OPTCUR,CDS,25000.000000,10000,False
8993,JPYINR26OCT57.75CE,JPYINR,28OCT2026,577500000.000000,1,OPTCUR,CDS,25000.000000,10000,False
8998,USDINR26O2391.75CE,USDINR,23OCT2026,917500000.000000,1,OPTCUR,CDS,25000.000000,10000,False
8999,USDINR26O2391.75PE,USDINR,23OCT2026,917500000.000000,1,OPTCUR,CDS,25000.000000,10000,False
9002,JPYINR26OCT58.5CE,JPYINR,28OCT2026,585000000.000000,1,OPTCUR,CDS,25000.000000,10000,False
9012,JPYINR26OCT59.25PE,JPYINR,28OCT2026,592500000.000000,1,OPTCUR,CDS,25000.000000,10000,False
9021,GBPUSD26NOV1.4CE,GBPUSD,26NOV2026,14000000.000000,1,OPTCUR,CDS,1000.000000,10000,False
9059,JPYINR26OCT60.5PE,JPYINR,28OCT2026,605000000.000000,1,OPTCUR,CDS,25000.000000,10000,False
9067,JPYINR26OCT61.25PE,JPYINR,28OCT2026,612500000.000000,1,OPTCUR,CDS,25000.000000,10000,False
9085,USDINR26O1691PE,USDINR,16OCT2026,910000000.000000,1,OPTCUR,CDS,25000.000000,10000,False
9095,USDINR26O1691.5PE,USDINR,16OCT2026,915000000.000000,1,OPTCUR,CDS,25000.000000,10000,False
91,COGJPYINR,COGJPYINR,,-1.000000,1,UNDCUR,CDS,25000.000000,999,False
9104,USDINR26O1692.75CE,USDINR,16OCT2026,927500000.000000,1,OPTCUR,CDS,25000.000000,10000,False
9116,USDJPY26OCT144.5PE,USDJPY,28OCT2026,1445000000.000000,1,OPTCUR,CDS,100000.000000,10000,False
9117,USDINR26O1693.5PE,USDINR,16OCT2026,935000000.000000,1,OPTCUR,CDS,25000.000000,10000,False
9129,USDINR26O1694.5PE,USDINR,16OCT2026,945000000.000000,1,OPTCUR,CDS,25000.000000,10000,False
9131,USDINR26O1694.75PE,USDINR,16OCT2026,947500000.000000,1,OPTCUR,CDS,25000.000000,10000,False
9136,USDINR26O1695.125CE,USDINR,16OCT2026,951250000.000000,1,OPTCUR,CDS,25000.000000,10000,False
9140,USDINR26O1695.375CE,USDINR,16OCT2026,953750000.000000,1,OPTCUR,CDS,25000.000000,10000,False
9143,USDINR26O1695.5PE,USDINR,16OCT2026,955000000.000000,1,OPTCUR,CDS,25000.000000,10000,False
1005,EURINR27APRFUT,EURINR,28APR2027,-1.000000,1,FUTCUR,CDS,25000.000000,10000,False
10012,USDINR26O2397.25CE,USDINR,23OCT2026,972500000.000000,1,OPTCUR,CDS,25000.000000,10000,False
10041,JPYINR26NOV56.75PE,JPYINR,26NOV2026,567500000.000000,1,OPTCUR,CDS,25000.000000,10000,False
10086,648GS203526SEP96CE,648GS2035,24SEP2026,960000000.000000,1,OPTIRC,CDS,25000.000000,1250,False
10091,648GS203526SEP96PE,648GS2035,24SEP2026,960000000.000000,1,OPTIRC,CDS,25000.000000,1250,False
10165,694GS203626OCT98CE,694GS2036,29OCT2026,980000000.000000,1,OPTIRC,CDS,25000.000000,1250,False
10173,EURINR26SEP111.5PE,EURINR,28SEP2026,1115000000.000000,1,OPTCUR,CDS,25000.000000,10000,False
10176,694GS203626OCT98.25CE,694GS2036,29OCT2026,982500000.000000,1,OPTIRC,CDS,25000.000000,1250,False
10218,GBPINR26SEP131.5PE,GBPINR,28SEP2026,1315000000.000000,1,OPTCUR,CDS,25000.000000,10000,False
10219,GBPINR26SEP131.75CE,GBPINR,28SEP2026,1317500000.000000,1,OPTCUR,CDS,25000.000000,10000,False
10236,694GS203626OCT100.75CE,694GS2036,29OCT2026,1007500000.000000,1,OPTIRC,CDS,25000.000000,1250,False
10237,694GS203626OCT100.75PE,694GS2036,29OCT2026,1007500000.000000,1,OPTIRC,CDS,25000.000000,1250,False
10238,694GS203626OCT101CE,694GS2036,29OCT2026,1010000000.000000,1,OPTIRC,CDS,25000.000000,1250,False
10245,694GS203626OCT101.75PE,694GS2036,29OCT2026,1017500000.000000,1,OPTIRC,CDS,25000.000000,1250,False
10248,694GS203626OCT102.25CE,694GS2036,29OCT2026,1022500000.000000,1,OPTIRC,CDS,25000.000000,1250,False
10249,694GS203626OCT102.25PE,694GS2036,29OCT2026,1022500000.000000,1,OPTIRC,CDS,25000.000000,1250,False
10295,723GS203926OCT100.75PE,723GS2039,29OCT2026,1007500000.000000,1,OPTIRC,CDS,25000.000000,1250,False
10250,694GS203626OCT102.5CE,694GS2036,29OCT2026,1025000000.000000,1,OPTIRC,CDS,25000.000000,1250,False
10285,723GS203926OCT99.75PE,723GS2039,29OCT2026,997500000.000000,1,OPTIRC,CDS,25000.000000,1250,False
10300,723GS203926OCT101.5CE,723GS2039,29OCT2026,1015000000.000000,1,OPTIRC,CDS,25000.000000,1250,False
10303,GBPINR26DEC130.25PE,GBPINR,29DEC2026,1302500000.000000,1,OPTCUR,CDS,25000.000000,10000,False
10304,723GS203926OCT101.75PE,723GS2039,29OCT2026,1017500000.000000,1,OPTIRC,CDS,25000.000000,1250,False
10310,723GS203926OCT102PE,723GS2039,29OCT2026,1020000000.000000,1,OPTIRC,CDS,25000.000000,1250,False
10337,723GS203926OCT104.5PE,723GS2039,29OCT2026,1045000000.000000,1,OPTIRC,CDS,25000.000000,1250,False
10341,723GS203926OCT105PE,723GS2039,29OCT2026,1050000000.000000,1,OPTIRC,CDS,25000.000000,1250,False
10360,JPYINR26NOV58.75PE,JPYINR,26NOV2026,587500000.000000,1,OPTCUR,CDS,25000.000000,10000,False
10361,GBPUSD27JUN1.31CE,GBPUSD,28JUN2027,13100000.000000,1,OPTCUR,CDS,1000.000000,10000,False
10369,USDINR26O3097.5PE,USDINR,30OCT2026,975000000.000000,1,OPTCUR,CDS,25000.000000,10000,False
10371,JPYINR26NOV59CE,JPYINR,26NOV2026,590000000.000000,1,OPTCUR,CDS,25000.000000,10000,False
10373,JPYINR26NOV59PE,JPYINR,26NOV2026,590000000.000000,1,OPTCUR,CDS,25000.000000,10000,False
10392,USDINR26O3098.75CE,USDINR,30OCT2026,987500000.000000,1,OPTCUR,CDS,25000.000000,10000,False
10393,GBPINR26DEC119.5CE,GBPINR,29DEC2026,1195000000.000000,1,OPTCUR,CDS,25000.000000,10000,False
10406,JPYINR26NOV59.5CE,JPYINR,26NOV2026,595000000.000000,1,OPTCUR,CDS,25000.000000,10000,False
10465,GBPUSD26OCT1.475CE,GBPUSD,28OCT2026,14750000.000000,1,OPTCUR,CDS,1000.000000,10000,False
10467,GBPUSD27JUN1.475CE,GBPUSD,28JUN2027,14750000.000000,1,OPTCUR,CDS,1000.000000,10000,False
10472,USDJPY26OCT172.5CE,USDJPY,28OCT2026,1725000000.000000,1,OPTCUR,CDS,100000.000000,10000,False
10474,USDJPY26OCT173CE,USDJPY,28OCT2026,1730000000.000000,1,OPTCUR,CDS,100000.000000,10000,False
10479,USDJPY26OCT173.5PE,USDJPY,28OCT2026,1735000000.000000,1,OPTCUR,CDS,100000.000000,10000,False
10539,USDJPY26OCT151PE,USDJPY,28OCT2026,1510000000.000000,1,OPTCUR,CDS,100000.000000,10000,False
1061,USDINR27JANFUT,USDINR,27JAN2027,-1.000000,1,FUTCUR,CDS,25000.000000,10000,False
10584,USDINR26N06FUT,USDINR,06NOV2026,-1.000000,1,FUTCUR,CDS,25000.000000,10000,False
10621,GBPUSD27JUN1.315PE,GBPUSD,28JUN2027,13150000.000000,1,OPTCUR,CDS,1000.000000,10000,False
10685,JPYINR26NOV61.75PE,JPYINR,26NOV2026,617500000.000000,1,OPTCUR,CDS,25000.000000,10000,False
10686,JPYINR26NOV62CE,JPYINR,26NOV2026,620000000.000000,1,OPTCUR,CDS,25000.000000,10000,False
10725,EURINR26N06107.25PE,EURINR,06NOV2026,1072500000.000000,1,OPTCUR,CDS,25000.000000,10000,False
10734,EURINR26N06108.25CE,EURINR,06NOV2026,1082500000.000000,1,OPTCUR,CDS,25000.000000,10000,False
10757,EURINR26N06109.75PE,EURINR,06NOV2026,1097500000.000000,1,OPTCUR,CDS,25000.000000,10000,False
10760,EURINR26N06110.25CE,EURINR,06NOV2026,1102500000.000000,1,OPTCUR,CDS,25000.000000,10000,False
10763,EURINR26N06110.5PE,EURINR,06NOV2026,1105000000.000000,1,OPTCUR,CDS,25000.000000,10000,False
10765,EURINR26N06110.75PE,EURINR,06NOV2026,1107500000.000000,1,OPTCUR,CDS,25000.000000,10000,False
10769,EURINR26N06111.25PE,EURINR,06NOV2026,1112500000.000000,1,OPTCUR,CDS,25000.000000,10000,False
10773,JPYINR26NOV62.75PE,JPYINR,26NOV2026,627500000.000000,1,OPTCUR,CDS,25000.000000,10000,False
10777,JPYINR26NOV63PE,JPYINR,26NOV2026,630000000.000000,1,OPTCUR,CDS,25000.000000,10000,False
10778,JPYINR26NOV63.25CE,JPYINR,26NOV2026,632500000.000000,1,OPTCUR,CDS,25000.000000,10000,False
10827,USDINR26SEP94.625CE,USDINR,28SEP2026,946250000.000000,1,OPTCUR,CDS,25000.000000,10000,False
1085,EURUSD27JUN1.26CE,EURUSD,28JUN2027,12600000.000000,1,OPTCUR,CDS,1000.000000,10000,False
10963,EURINR26N06114CE,EURINR,06NOV2026,1140000000.000000,1,OPTCUR,CDS,25000.000000,10000,False
10965,EURINR26N06114.25CE,EURINR,06NOV2026,1142500000.000000,1,OPTCUR,CDS,25000.000000,10000,False
10973,EURINR26N06115PE,EURINR,06NOV2026,1150000000.000000,1,OPTCUR,CDS,25000.000000,10000,False
1104,EURINR26DEC111.75CE,EURINR,29DEC2026,1117500000.000000,1,OPTCUR,CDS,25000.000000,10000,False
11030,EURUSD26OCT1.29CE,EURUSD,28OCT2026,12900000.000000,1,OPTCUR,CDS,1000.000000,10000,False
11097,USDINR26SEP95.625PE,USDINR,28SEP2026,956250000.000000,1,OPTCUR,CDS,25000.000000,10000,False
11049,EURUSD27JUN1.29PE,EURUSD,28JUN2027,12900000.000000,1,OPTCUR,CDS,1000.000000,10000,False
1124,694GS203626DECFUT,694GS2036,31DEC2026,-1.000000,1,FUTIRC,CDS,25000.000000,1250,False
1127,JPYINR27AUGFUT,JPYINR,27AUG2027,-1.000000,1,FUTCUR,CDS,25000.000000,10000,False
11119,GBPUSD27JUN1.335PE,GBPUSD,28JUN2027,13350000.000000,1,OPTCUR,CDS,1000.000000,10000,False
1145,GBPUSD27JUN1.44PE,GBPUSD,28JUN2027,14400000.000000,1,OPTCUR,CDS,1000.000000,10000,False
11340,GBPINR26N06125CE,GBPINR,06NOV2026,1250000000.000000,1,OPTCUR,CDS,25000.000000,10000,False
11342,GBPINR26N06125PE,GBPINR,06NOV2026,1250000000.000000,1,OPTCUR,CDS,25000.000000,10000,False
11427,GBPINR26N06125.75CE,GBPINR,06NOV2026,1257500000.000000,1,OPTCUR,CDS,25000.000000,10000,False
11486,USDJPY26SEP169CE,USDJPY,28SEP2026,1690000000.000000,1,OPTCUR,CDS,100000.000000,10000,False
11513,694GS203626SEP97CE,694GS2036,24SEP2026,970000000.000000,1,OPTIRC,CDS,25000.000000,1250,False
11518,694GS203626SEP97.5PE,694GS2036,24SEP2026,975000000.000000,1,OPTIRC,CDS,25000.000000,1250,False
11542,JPYINR26SEP58.5PE,JPYINR,28SEP2026,585000000.000000,1,OPTCUR,CDS,25000.000000,10000,False
11594,GBPINR26N06131.25CE,GBPINR,06NOV2026,1312500000.000000,1,OPTCUR,CDS,25000.000000,10000,False
11602,GBPINR26N06131.75PE,GBPINR,06NOV2026,1317500000.000000,1,OPTCUR,CDS,25000.000000,10000,False
11622,694GS203626SEP99.5PE,694GS2036,24SEP2026,995000000.000000,1,OPTIRC,CDS,25000.000000,1250,False
11627,694GS203626SEP99.75PE,694GS2036,24SEP2026,997500000.000000,1,OPTIRC,CDS,25000.000000,1250,False
11631,GBPINR26N06132.5PE,GBPINR,06NOV2026,1325000000.000000,1,OPTCUR,CDS,25000.000000,10000,False
11678,JPYINR26SEP59.25PE,JPYINR,28SEP2026,592500000.000000,1,OPTCUR,CDS,25000.000000,10000,False
11663,694GS203626SEP101.25CE,694GS2036,24SEP2026,1012500000.000000,1,OPTIRC,CDS,25000.000000,1250,False
11677,JPYINR26SEP59.25CE,JPYINR,28SEP2026,592500000.000000,1,OPTCUR,CDS,25000.000000,10000,False
1168,JPYINR27MAYFUT,JPYINR,27MAY2027,-1.000000,1,FUTCUR,CDS,25000.000000,10000,False
11682,694GS203626SEP101.25PE,694GS2036,24SEP2026,1012500000.000000,1,OPTIRC,CDS,25000.000000,1250,False
11689,694GS203626SEP102.25CE,694GS2036,24SEP2026,1022500000.000000,1,OPTIRC,CDS,25000.000000,1250,False
11695,694GS203626SEP103CE,694GS2036,24SEP2026,1030000000.000000,1,OPTIRC,CDS,25000.000000,1250,False
11719,694GS203626DEC97CE,694GS2036,31DEC2026,970000000.000000,1,OPTIRC,CDS,25000.000000,1250,False
11720,694GS203626DEC97PE,694GS2036,31DEC2026,970000000.000000,1,OPTIRC,CDS,25000.000000,1250,False
11732,694GS203626DEC98.25PE,694GS2036,31DEC2026,982500000.000000,1,OPTIRC,CDS,25000.000000,1250,False
11769,GBPUSD26SEP1.49CE,GBPUSD,28SEP2026,14900000.000000,1,OPTCUR,CDS,1000.000000,10000,False
11770,GBPUSD26SEP1.49PE,GBPUSD,28SEP2026,14900000.000000,1,OPTCUR,CDS,1000.000000,10000,False
11825,694GS203626DEC100.25PE,694GS2036,31DEC2026,1002500000.000000,1,OPTIRC,CDS,25000.000000,1250,False
11985,694GS203626DEC101.75PE,694GS2036,31DEC2026,1017500000.000000,1,OPTIRC,CDS,25000.000000,1250,False
11987,GBPINR26DEC121.5CE,GBPINR,29DEC2026,1215000000.000000,1,OPTCUR,CDS,25000.000000,10000,False
11989,JPYINR26N0656.75CE,JPYINR,06NOV2026,567500000.000000,1,OPTCUR,CDS,25000.000000,10000,False
11991,JPYINR26N0657CE,JPYINR,06NOV2026,570000000.000000,1,OPTCUR,CDS,25000.000000,10000,False
12006,JPYINR26N0658.5CE,JPYINR,06NOV2026,585000000.000000,1,OPTCUR,CDS,25000.000000,10000,False
12007,JPYINR26N0658.5PE,JPYINR,06NOV2026,585000000.000000,1,OPTCUR,CDS,25000.000000,10000,False
12021,JPYINR26N0660.25CE,JPYINR,06NOV2026,602500000.000000,1,OPTCUR,CDS,25000.000000,10000,False
12022,JPYINR26N0660.25PE,JPYINR,06NOV2026,602500000.000000,1,OPTCUR,CDS,25000.000000,10000,False
12031,JPYINR26N0661.5CE,JPYINR,06NOV2026,615000000.000000,1,OPTCUR,CDS,25000.000000,10000,False
12035,JPYINR26N0661.75PE,JPYINR,06NOV2026,617500000.000000,1,OPTCUR,CDS,25000.000000,10000,False
12045,JPYINR26N0663PE,JPYINR,06NOV2026,630000000.000000,1,OPTCUR,CDS,25000.000000,10000,False
12117,JPYINR26N0664.25PE,JPYINR,06NOV2026,642500000.000000,1,OPTCUR,CDS,25000.000000,10000,False
12118,JPYINR26N0664.5CE,JPYINR,06NOV2026,645000000.000000,1,OPTCUR,CDS,25000.000000,10000,False
12156,JPYINR26SEP59.75PE,JPYINR,28SEP2026,597500000.000000,1,OPTCUR,CDS,25000.000000,10000,False
12286,USDINR26N0693.75PE,USDINR,06NOV2026,937500000.000000,1,OPTCUR,CDS,25000.000000,10000,False
12298,USDINR26N0695CE,USDINR,06NOV2026,950000000.000000,1,OPTCUR,CDS,25000.000000,10000,False
12301,USDINR26N0695.125PE,USDINR,06NOV2026,951250000.000000,1,OPTCUR,CDS,25000.000000,10000,False
12315,USDINR26N0695.375CE,USDINR,06NOV2026,953750000.000000,1,OPTCUR,CDS,25000.000000,10000,False
1246,EURUSD27JUN1.275CE,EURUSD,28JUN2027,12750000.000000,1,OPTCUR,CDS,1000.000000,10000,False
12335,USDINR26N0696PE,USDINR,06NOV2026,960000000.000000,1,OPTCUR,CDS,25000.000000,10000,False
12344,USDINR26N0696.75CE,USDINR,06NOV2026,967500000.000000,1,OPTCUR,CDS,25000.000000,10000,False
12351,USDINR26N0697.5CE,USDINR,06NOV2026,975000000.000000,1,OPTCUR,CDS,25000.000000,10000,False
1248,EURUSD27MAR1.03CE,EURUSD,29MAR2027,10300000.000000,1,OPTCUR,CDS,1000.000000,10000,False
12729,GBPINR26SEP126PE,GBPINR,28SEP2026,1260000000.000000,1,OPTCUR,CDS,25000.000000,10000,False
1288,633GS203526SEP94PE,633GS2035,24SEP2026,940000000.000000,1,OPTIRC,CDS,25000.000000,1250,False
12908,GBPUSD27JUN1.365CE,GBPUSD,28JUN2027,13650000.000000,1,OPTCUR,CDS,1000.000000,10000,False
12925,GBPINR27MAR129.25PE,GBPINR,29MAR2027,1292500000.000000,1,OPTCUR,CDS,25000.000000,10000,False
12936,USDINR26NOV93.75PE,USDINR,26NOV2026,937500000.000000,1,OPTCUR,CDS,25000.000000,10000,False
12939,USDINR26NOV94.25CE,USDINR,26NOV2026,942500000.000000,1,OPTCUR,CDS,25000.000000,10000,False
12947,694GS203627MAR97CE,694GS2036,25MAR2027,970000000.000000,1,OPTIRC,CDS,25000.000000,1250,False
12949,694GS203627MAR97.25CE,694GS2036,25MAR2027,972500000.000000,1,OPTIRC,CDS,25000.000000,1250,False
12951,694GS203627MAR97.5CE,694GS2036,25MAR2027,975000000.000000,1,OPTIRC,CDS,25000.000000,1250,False
12956,694GS203627MAR98PE,694GS2036,25MAR2027,980000000.000000,1,OPTIRC,CDS,25000.000000,1250,False
12960,694GS203627MAR98.5PE,694GS2036,25MAR2027,985000000.000000,1,OPTIRC,CDS,25000.000000,1250,False
12961,694GS203627MAR98.75CE,694GS2036,25MAR2027,987500000.000000,1,OPTIRC,CDS,25000.000000,1250,False
12984,GBPUSD27JUN1.395PE,GBPUSD,28JUN2027,13950000.000000,1,OPTCUR,CDS,1000.000000,10000,False
12990,USDINR26NOV95.5PE,USDINR,26NOV2026,955000000.000000,1,OPTCUR,CDS,25000.000000,10000,False
12991,USDINR26NOV95.75CE,USDINR,26NOV2026,957500000.000000,1,OPTCUR,CDS,25000.000000,10000,False
12994,GBPUSD27JUN1.41PE,GBPUSD,28JUN2027,14100000.000000,1,OPTCUR,CDS,1000.000000,10000,False
12995,GBPUSD27JUN1.415CE,GBPUSD,28JUN2027,14150000.000000,1,OPTCUR,CDS,1000.000000,10000,False
12998,EURUSD26SEP1.02PE,EURUSD,28SEP2026,10200000.000000,1,OPTCUR,CDS,1000.000000,10000,False
13002,EURUSD26DEC1.025PE,EURUSD,29DEC2026,10250000.000000,1,OPTCUR,CDS,1000.000000,10000,False
13007,USDINR26NOV96.5CE,USDINR,26NOV2026,965000000.000000,1,OPTCUR,CDS,25000.000000,10000,False
13012,694GS203627MAR99.25CE,694GS2036,25MAR2027,992500000.000000,1,OPTIRC,CDS,25000.000000,1250,False
13026,GBPUSD27JUN1.435PE,GBPUSD,28JUN2027,14350000.000000,1,OPTCUR,CDS,1000.000000,10000,False
13045,694GS203627MAR100.25PE,694GS2036,25MAR2027,1002500000.000000,1,OPTIRC,CDS,25000.000000,1250,False
13062,USDINR26NOV98.25PE,USDINR,26NOV2026,982500000.000000,1,OPTCUR,CDS,25000.000000,10000,False
13067,USDINR26NOV98.5CE,USDINR,26NOV2026,985000000.000000,1,OPTCUR,CDS,25000.000000,10000,False
13073,USDJPY26SEP172CE,USDJPY,28SEP2026,1720000000.000000,1,OPTCUR,CDS,100000.000000,10000,False
13087,GBPINR26SEP126.5PE,GBPINR,28SEP2026,1265000000.000000,1,OPTCUR,CDS,25000.000000,10000,False
13088,GBPINR26SEP126.75CE,GBPINR,28SEP2026,1267500000.000000,1,OPTCUR,CDS,25000.000000,10000,False
13121,JPYINR27JUN55.5CE,JPYINR,28JUN2027,555000000.000000,1,OPTCUR,CDS,25000.000000,10000,False
13128,633GS203526DEC96.25PE,633GS2035,31DEC2026,962500000.000000,1,OPTIRC,CDS,25000.000000,1250,False
13131,GBPINR27MAR129.5CE,GBPINR,29MAR2027,1295000000.000000,1,OPTCUR,CDS,25000.000000,10000,False
13135,GBPINR27MAR130CE,GBPINR,29MAR2027,1300000000.000000,1,OPTCUR,CDS,25000.000000,10000,False
13157,JPYINR27JUN56.75PE,JPYINR,28JUN2027,567500000.000000,1,OPTCUR,CDS,25000.000000,10000,False
1317,EURUSD26SEP1.03PE,EURUSD,28SEP2026,10300000.000000,1,OPTCUR,CDS,1000.000000,10000,False
13170,JPYINR27JUN57.5PE,JPYINR,28JUN2027,575000000.000000,1,OPTCUR,CDS,25000.000000,10000,False
13177,JPYINR27JUN58.25CE,JPYINR,28JUN2027,582500000.000000,1,OPTCUR,CDS,25000.000000,10000,False
13201,USDJPY26NOV150.5PE,USDJPY,26NOV2026,1505000000.000000,1,OPTCUR,CDS,100000.000000,10000,False
13206,USDJPY26NOV152CE,USDJPY,26NOV2026,1520000000.000000,1,OPTCUR,CDS,100000.000000,10000,False
13227,USDJPY26NOV157PE,USDJPY,26NOV2026,1570000000.000000,1,OPTCUR,CDS,100000.000000,10000,False
13231,USDJPY26NOV158PE,USDJPY,26NOV2026,1580000000.000000,1,OPTCUR,CDS,100000.000000,10000,False
13241,USDJPY26NOV160.5PE,USDJPY,26NOV2026,1605000000.000000,1,OPTCUR,CDS,100000.000000,10000,False
13244,USDJPY26NOV161.5CE,USDJPY,26NOV2026,1615000000.000000,1,OPTCUR,CDS,100000.000000,10000,False
13259,USDJPY26NOV164.5PE,USDJPY,26NOV2026,1645000000.000000,1,OPTCUR,CDS,100000.000000,10000,False
13267,USDJPY26NOV166.5PE,USDJPY,26NOV2026,1665000000.000000,1,OPTCUR,CDS,100000.000000,10000,False
13268,USDJPY26NOV167CE,USDJPY,26NOV2026,1670000000.000000,1,OPTCUR,CDS,100000.000000,10000,False
1330,EURINR26NOV106.75PE,EURINR,26NOV2026,1067500000.000000,1,OPTCUR,CDS,25000.000000,10000,False
1335,USDINR26O0195.375CE,USDINR,01OCT2026,953750000.000000,1,OPTCUR,CDS,25000.000000,10000,False
13329,EURINR26N13106.75CE,EURINR,13NOV2026,1067500000.000000,1,OPTCUR,CDS,25000.000000,10000,False
13377,JPYINR27JUN60.5CE,JPYINR,28JUN2027,605000000.000000,1,OPTCUR,CDS,25000.000000,10000,False
1338,EURINR26NOV107.25PE,EURINR,26NOV2026,1072500000.000000,1,OPTCUR,CDS,25000.000000,10000,False
13385,JPYINR27JUN61.5CE,JPYINR,28JUN2027,615000000.000000,1,OPTCUR,CDS,25000.000000,10000,False
13400,JPYINR27JUN63.25PE,JPYINR,28JUN2027,632500000.000000,1,OPTCUR,CDS,25000.000000,10000,False
13432,GBPINR27MAR131.5PE,GBPINR,29MAR2027,1315000000.000000,1,OPTCUR,CDS,25000.000000,10000,False
13448,GBPUSD27MAR1.25PE,GBPUSD,29MAR2027,12500000.000000,1,OPTCUR,CDS,1000.000000,10000,False
13469,GBPUSD27MAR1.295PE,GBPUSD,29MAR2027,12950000.000000,1,OPTCUR,CDS,1000.000000,10000,False
13477,GBPUSD27MAR1.315PE,GBPUSD,29MAR2027,13150000.000000,1,OPTCUR,CDS,1000.000000,10000,False
13481,GBPUSD27MAR1.325PE,GBPUSD,29MAR2027,13250000.000000,1,OPTCUR,CDS,1000.000000,10000,False
13508,GBPUSD27MAR1.395CE,GBPUSD,29MAR2027,13950000.000000,1,OPTCUR,CDS,1000.000000,10000,False
13516,GBPUSD27MAR1.415CE,GBPUSD,29MAR2027,14150000.000000,1,OPTCUR,CDS,1000.000000,10000,False
13517,GBPUSD27MAR1.415PE,GBPUSD,29MAR2027,14150000.000000,1,OPTCUR,CDS,1000.000000,10000,False
13529,GBPINR26DEC123.25PE,GBPINR,29DEC2026,1232500000.000000,1,OPTCUR,CDS,25000.000000,10000,False
1355,EURINR26O30FUT,EURINR,30OCT2026,-1.000000,1,FUTCUR,CDS,25000.000000,10000,False
13541,EURINR26N13111PE,EURINR,13NOV2026,1110000000.000000,1,OPTCUR,CDS,25000.000000,10000,False
13555,GBPUSD27MAR1.44CE,GBPUSD,29MAR2027,14400000.000000,1,OPTCUR,CDS,1000.000000,10000,False
13564,GBPINR26DEC126PE,GBPINR,29DEC2026,1260000000.000000,1,OPTCUR,CDS,25000.000000,10000,False
13567,GBPINR26DEC126.5CE,GBPINR,29DEC2026,1265000000.000000,1,OPTCUR,CDS,25000.000000,10000,False
13584,GBPUSD26DEC1.245PE,GBPUSD,29DEC2026,12450000.000000,1,OPTCUR,CDS,1000.000000,10000,False
13586,GBPUSD26DEC1.25PE,GBPUSD,29DEC2026,12500000.000000,1,OPTCUR,CDS,1000.000000,10000,False
13587,GBPUSD26DEC1.255CE,GBPUSD,29DEC2026,12550000.000000,1,OPTCUR,CDS,1000.000000,10000,False
13592,GBPUSD26DEC1.26PE,GBPUSD,29DEC2026,12600000.000000,1,OPTCUR,CDS,1000.000000,10000,False
13610,EURINR26N13112CE,EURINR,13NOV2026,1120000000.000000,1,OPTCUR,CDS,25000.000000,10000,False
13618,EURINR26N13113CE,EURINR,13NOV2026,1130000000.000000,1,OPTCUR,CDS,25000.000000,10000,False
13625,EURINR26N13113.75PE,EURINR,13NOV2026,1137500000.000000,1,OPTCUR,CDS,25000.000000,10000,False
1363,EURINR26NOV108CE,EURINR,26NOV2026,1080000000.000000,1,OPTCUR,CDS,25000.000000,10000,False
13712,JPYINR27MAR59.5CE,JPYINR,29MAR2027,595000000.000000,1,OPTCUR,CDS,25000.000000,10000,False
13724,JPYINR27MAR60.75CE,JPYINR,29MAR2027,607500000.000000,1,OPTCUR,CDS,25000.000000,10000,False
13726,JPYINR27MAR61CE,JPYINR,29MAR2027,610000000.000000,1,OPTCUR,CDS,25000.000000,10000,False
13736,GBPUSD26DEC1.31PE,GBPUSD,29DEC2026,13100000.000000,1,OPTCUR,CDS,1000.000000,10000,False
13748,GBPUSD26DEC1.33PE,GBPUSD,29DEC2026,13300000.000000,1,OPTCUR,CDS,1000.000000,10000,False
13752,GBPUSD26DEC1.34PE,GBPUSD,29DEC2026,13400000.000000,1,OPTCUR,CDS,1000.000000,10000,False
13774,GBPUSD26DEC1.385CE,GBPUSD,29DEC2026,13850000.000000,1,OPTCUR,CDS,1000.000000,10000,False
1381,USDINR26O2394.375PE,USDINR,23OCT2026,943750000.000000,1,OPTCUR,CDS,25000.000000,10000,False
13787,GBPUSD26DEC1.4PE,GBPUSD,29DEC2026,14000000.000000,1,OPTCUR,CDS,1000.000000,10000,False
13817,JPYINR27JUN64.5PE,JPYINR,28JUN2027,645000000.000000,1,OPTCUR,CDS,25000.000000,10000,False
13818,JPYINR27MAR62.25CE,JPYINR,29MAR2027,622500000.000000,1,OPTCUR,CDS,25000.000000,10000,False
13819,JPYINR27MAR62.25PE,JPYINR,29MAR2027,622500000.000000,1,OPTCUR,CDS,25000.000000,10000,False
13829,GBPINR26N13125.75CE,GBPINR,13NOV2026,1257500000.000000,1,OPTCUR,CDS,25000.000000,10000,False
13840,GBPINR26N13126.25PE,GBPINR,13NOV2026,1262500000.000000,1,OPTCUR,CDS,25000.000000,10000,False
13843,GBPINR26N13126.75CE,GBPINR,13NOV2026,1267500000.000000,1,OPTCUR,CDS,25000.000000,10000,False
13844,GBPINR26N13126.75PE,GBPINR,13NOV2026,1267500000.000000,1,OPTCUR,CDS,25000.000000,10000,False
13848,GBPINR26N13127.25PE,GBPINR,13NOV2026,1272500000.000000,1,OPTCUR,CDS,25000.000000,10000,False
13849,GBPINR26N13127.5CE,GBPINR,13NOV2026,1275000000.000000,1,OPTCUR,CDS,25000.000000,10000,False
13862,GBPINR26N13127.75PE,GBPINR,13NOV2026,1277500000.000000,1,OPTCUR,CDS,25000.000000,10000,False
1395,EURINR26NOV108.75CE,EURINR,26NOV2026,1087500000.000000,1,OPTCUR,CDS,25000.000000,10000,False
13873,GBPINR26N13128.75CE,GBPINR,13NOV2026,1287500000.000000,1,OPTCUR,CDS,25000.000000,10000,False
13900,GBPINR26N13132CE,GBPINR,13NOV2026,1320000000.000000,1,OPTCUR,CDS,25000.000000,10000,False
13944,JPYINR27MAR64.5PE,JPYINR,29MAR2027,645000000.000000,1,OPTCUR,CDS,25000.000000,10000,False
1399,GBPUSD27MAR1.215PE,GBPUSD,29MAR2027,12150000.000000,1,OPTCUR,CDS,1000.000000,10000,False
13970,JPYINR26N1356.5PE,JPYINR,13NOV2026,565000000.000000,1,OPTCUR,CDS,25000.000000,10000,False
13986,JPYINR26N1358.5PE,JPYINR,13NOV2026,585000000.000000,1,OPTCUR,CDS,25000.000000,10000,False
13996,JPYINR26N1359PE,JPYINR,13NOV2026,590000000.000000,1,OPTCUR,CDS,25000.000000,10000,False
1404,EURINR26NOV109CE,EURINR,26NOV2026,1090000000.000000,1,OPTCUR,CDS,25000.000000,10000,False
14004,JPYINR26N1359.5PE,JPYINR,13NOV2026,595000000.000000,1,OPTCUR,CDS,25000.000000,10000,False
14046,JPYINR26N1364.25PE,JPYINR,13NOV2026,642500000.000000,1,OPTCUR,CDS,25000.000000,10000,False
14066,633GS203526DEC97PE,633GS2035,31DEC2026,970000000.000000,1,OPTIRC,CDS,25000.000000,1250,False
14090,USDINR26N1392.75PE,USDINR,13NOV2026,927500000.000000,1,OPTCUR,CDS,25000.000000,10000,False
14101,USDINR27MAR89.25CE,USDINR,29MAR2027,892500000.000000,1,OPTCUR,CDS,25000.000000,10000,False
14107,USDINR27MAR90CE,USDINR,29MAR2027,900000000.000000,1,OPTCUR,CDS,25000.000000,10000,False
14109,USDINR27MAR90.25CE,USDINR,29MAR2027,902500000.000000,1,OPTCUR,CDS,25000.000000,10000,False
14124,GBPINR26SEP127PE,GBPINR,28SEP2026,1270000000.000000,1,OPTCUR,CDS,25000.000000,10000,False
14127,USDINR26N1393.75CE,USDINR,13NOV2026,937500000.000000,1,OPTCUR,CDS,25000.000000,10000,False
14135,USDINR27MAR91CE,USDINR,29MAR2027,910000000.000000,1,OPTCUR,CDS,25000.000000,10000,False
14147,USDINR27MAR92.5CE,USDINR,29MAR2027,925000000.000000,1,OPTCUR,CDS,25000.000000,10000,False
14152,USDINR26N1394.875CE,USDINR,13NOV2026,948750000.000000,1,OPTCUR,CDS,25000.000000,10000,False
14162,USDINR26N1395PE,USDINR,13NOV2026,950000000.000000,1,OPTCUR,CDS,25000.000000,10000,False
14177,USDINR26N1396CE,USDINR,13NOV2026,960000000.000000,1,OPTCUR,CDS,25000.000000,10000,False
14241,633GS203526NOV94.75CE,633GS2035,26NOV2026,947500000.000000,1,OPTIRC,CDS,25000.000000,1250,False
14246,633GS203526NOV95.25PE,633GS2035,26NOV2026,952500000.000000,1,OPTIRC,CDS,25000.000000,1250,False
14256,633GS203526NOV96.5PE,633GS2035,26NOV2026,965000000.000000,1,OPTIRC,CDS,25000.000000,1250,False
14273,633GS203526NOV98.75CE,633GS2035,26NOV2026,987500000.000000,1,OPTIRC,CDS,25000.000000,1250,False
14275,633GS203526NOV99CE,633GS2035,26NOV2026,990000000.000000,1,OPTIRC,CDS,25000.000000,1250,False
14305,636GS203126NOV97CE,636GS2031,26NOV2026,970000000.000000,1,OPTIRC,CDS,25000.000000,1250,False
14306,636GS203126NOV97PE,636GS2031,26NOV2026,970000000.000000,1,OPTIRC,CDS,25000.000000,1250,False
14320,636GS203126NOV98.75PE,636GS2031,26NOV2026,987500000.000000,1,OPTIRC,CDS,25000.000000,1250,False
14321,636GS203126NOV99CE,636GS2031,26NOV2026,990000000.000000,1,OPTIRC,CDS,25000.000000,1250,False
14325,636GS203126NOV99.5CE,636GS2031,26NOV2026,995000000.000000,1,OPTIRC,CDS,25000.000000,1250,False
14329,636GS203126NOV100CE,636GS2031,26NOV2026,1000000000.000000,1,OPTIRC,CDS,25000.000000,1250,False
14334,636GS203126NOV100.5PE,636GS2031,26NOV2026,1005000000.000000,1,OPTIRC,CDS,25000.000000,1250,False
14337,636GS203126NOV101CE,636GS2031,26NOV2026,1010000000.000000,1,OPTIRC,CDS,25000.000000,1250,False
14338,636GS203126NOV101PE,636GS2031,26NOV2026,1010000000.000000,1,OPTIRC,CDS,25000.000000,1250,False
14374,648GS203526NOV95.25PE,648GS2035,26NOV2026,952500000.000000,1,OPTIRC,CDS,25000.000000,1250,False
14378,648GS203526NOV95.75PE,648GS2035,26NOV2026,957500000.000000,1,OPTIRC,CDS,25000.000000,1250,False
14382,648GS203526NOV96.25PE,648GS2035,26NOV2026,962500000.000000,1,OPTIRC,CDS,25000.000000,1250,False
14392,648GS203526NOV97.5PE,648GS2035,26NOV2026,975000000.000000,1,OPTIRC,CDS,25000.000000,1250,False
14401,648GS203526NOV98.75CE,648GS2035,26NOV2026,987500000.000000,1,OPTIRC,CDS,25000.000000,1250,False
14406,648GS203526NOV99.25PE,648GS2035,26NOV2026,992500000.000000,1,OPTIRC,CDS,25000.000000,1250,False
14449,668GS204026NOV94.5PE,668GS2040,26NOV2026,945000000.000000,1,OPTIRC,CDS,25000.000000,1250,False
14459,668GS204026NOV95.75PE,668GS2040,26NOV2026,957500000.000000,1,OPTIRC,CDS,25000.000000,1250,False
14468,668GS204026NOV97CE,668GS2040,26NOV2026,970000000.000000,1,OPTIRC,CDS,25000.000000,1250,False
14473,668GS204026NOV97.5PE,668GS2040,26NOV2026,975000000.000000,1,OPTIRC,CDS,25000.000000,1250,False
14479,668GS204026NOV98.25PE,668GS2040,26NOV2026,982500000.000000,1,OPTIRC,CDS,25000.000000,1250,False
1449,USDJPY26DEC174.5PE,USDJPY,29DEC2026,1745000000.000000,1,OPTCUR,CDS,100000.000000,10000,False
14522,694GS203626NOV98.25CE,694GS2036,26NOV2026,982500000.000000,1,OPTIRC,CDS,25000.000000,1250,False
14542,694GS203626NOV100.75CE,694GS2036,26NOV2026,1007500000.000000,1,OPTIRC,CDS,25000.000000,1250,False
14543,694GS203626NOV100.75PE,694GS2036,26NOV2026,1007500000.000000,1,OPTIRC,CDS,25000.000000,1250,False
14549,694GS203626NOV101.5PE,694GS2036,26NOV2026,1015000000.000000,1,OPTIRC,CDS,25000.000000,1250,False
14582,723GS203926NOV100CE,723GS2039,26NOV2026,1000000000.000000,1,OPTIRC,CDS,25000.000000,1250,False
14583,723GS203926NOV100PE,723GS2039,26NOV2026,1000000000.000000,1,OPTIRC,CDS,25000.000000,1250,False
14597,723GS203926NOV101.75PE,723GS2039,26NOV2026,1017500000.000000,1,OPTIRC,CDS,25000.000000,1250,False
1466,USDJPY27MAR174.5PE,USDJPY,29MAR2027,1745000000.000000,1,OPTCUR,CDS,100000.000000,10000,False
14598,723GS203926NOV102CE,723GS2039,26NOV2026,1020000000.000000,1,OPTIRC,CDS,25000.000000,1250,False
14599,723GS203926NOV102PE,723GS2039,26NOV2026,1020000000.000000,1,OPTIRC,CDS,25000.000000,1250,False
14612,723GS203926NOV103.75CE,723GS2039,26NOV2026,1037500000.000000,1,OPTIRC,CDS,25000.000000,1250,False
14660,633GS203526DEC97.75PE,633GS2035,31DEC2026,977500000.000000,1,OPTIRC,CDS,25000.000000,1250,False
14675,JPYINR26DEC64.25CE,JPYINR,29DEC2026,642500000.000000,1,OPTCUR,CDS,25000.000000,10000,False
14691,USDINR27MAR96.25CE,USDINR,29MAR2027,962500000.000000,1,OPTCUR,CDS,25000.000000,10000,False
14704,USDINR27MAR97.75PE,USDINR,29MAR2027,977500000.000000,1,OPTCUR,CDS,25000.000000,10000,False
14710,USDINR27MAR98.5PE,USDINR,29MAR2027,985000000.000000,1,OPTCUR,CDS,25000.000000,10000,False
14712,USDINR27MAR98.75PE,USDINR,29MAR2027,987500000.000000,1,OPTCUR,CDS,25000.000000,10000,False
14727,EURINR26SEP112.5CE,EURINR,28SEP2026,1125000000.000000,1,OPTCUR,CDS,25000.000000,10000,False
14729,EURINR26SEP112.75CE,EURINR,28SEP2026,1127500000.000000,1,OPTCUR,CDS,25000.000000,10000,False
14769,USDJPY27MAR151.5CE,USDJPY,29MAR2027,1515000000.000000,1,OPTCUR,CDS,100000.000000,10000,False
14738,633GS203526DEC98.5PE,633GS2035,31DEC2026,985000000.000000,1,OPTIRC,CDS,25000.000000,1250,False
14746,USDJPY27MAR148.5PE,USDJPY,29MAR2027,1485000000.000000,1,OPTCUR,CDS,100000.000000,10000,False
14748,USDJPY27MAR149PE,USDJPY,29MAR2027,1490000000.000000,1,OPTCUR,CDS,100000.000000,10000,False
14779,USDJPY27MAR154CE,USDJPY,29MAR2027,1540000000.000000,1,OPTCUR,CDS,100000.000000,10000,False
14783,USDJPY27MAR155CE,USDJPY,29MAR2027,1550000000.000000,1,OPTCUR,CDS,100000.000000,10000,False
14786,USDJPY27MAR155.5PE,USDJPY,29MAR2027,1555000000.000000,1,OPTCUR,CDS,100000.000000,10000,False
14790,USDJPY27MAR156.5PE,USDJPY,29MAR2027,1565000000.000000,1,OPTCUR,CDS,100000.000000,10000,False
1486,USDINR26N0694.375PE,USDINR,06NOV2026,943750000.000000,1,OPTCUR,CDS,25000.000000,10000,False
14806,633GS203526DEC99PE,633GS2035,31DEC2026,990000000.000000,1,OPTIRC,CDS,25000.000000,1250,False
14848,USDJPY27MAR157PE,USDJPY,29MAR2027,1570000000.000000,1,OPTCUR,CDS,100000.000000,10000,False
14876,USDJPY27MAR161.5PE,USDJPY,29MAR2027,1615000000.000000,1,OPTCUR,CDS,100000.000000,10000,False
14908,USDJPY27MAR163PE,USDJPY,29MAR2027,1630000000.000000,1,OPTCUR,CDS,100000.000000,10000,False
14910,USDJPY27MAR163.5CE,USDJPY,29MAR2027,1635000000.000000,1,OPTCUR,CDS,100000.000000,10000,False
15139,USDJPY26DEC141.5PE,USDJPY,29DEC2026,1415000000.000000,1,OPTCUR,CDS,100000.000000,10000,False
15143,USDJPY26DEC142.5PE,USDJPY,29DEC2026,1425000000.000000,1,OPTCUR,CDS,100000.000000,10000,False
15147,USDJPY26DEC143PE,USDJPY,29DEC2026,1430000000.000000,1,OPTCUR,CDS,100000.000000,10000,False
15148,USDJPY26DEC143.5CE,USDJPY,29DEC2026,1435000000.000000,1,OPTCUR,CDS,100000.000000,10000,False
15152,USDJPY27MAR167.5PE,USDJPY,29MAR2027,1675000000.000000,1,OPTCUR,CDS,100000.000000,10000,False
15162,648GS203526SEP94.25CE,648GS2035,24SEP2026,942500000.000000,1,OPTIRC,CDS,25000.000000,1250,False
15163,648GS203526SEP94.25PE,648GS2035,24SEP2026,942500000.000000,1,OPTIRC,CDS,25000.000000,1250,False
15202,JPYINR26DEC56.5CE,JPYINR,29DEC2026,565000000.000000,1,OPTCUR,CDS,25000.000000,10000,False
15205,JPYINR26DEC56.75PE,JPYINR,29DEC2026,567500000.000000,1,OPTCUR,CDS,25000.000000,10000,False
15212,JPYINR26DEC57.75CE,JPYINR,29DEC2026,577500000.000000,1,OPTCUR,CDS,25000.000000,10000,False
1530,EURINR26NOV112.25CE,EURINR,26NOV2026,1122500000.000000,1,OPTCUR,CDS,25000.000000,10000,False
15227,JPYINR26DEC59.5PE,JPYINR,29DEC2026,595000000.000000,1,OPTCUR,CDS,25000.000000,10000,False
15262,USDJPY27MAR169.5PE,USDJPY,29MAR2027,1695000000.000000,1,OPTCUR,CDS,100000.000000,10000,False
15266,USDJPY27MAR170.5PE,USDJPY,29MAR2027,1705000000.000000,1,OPTCUR,CDS,100000.000000,10000,False
15457,USDINR27JUN92PE,USDINR,28JUN2027,920000000.000000,1,OPTCUR,CDS,25000.000000,10000,False
15458,USDINR27JUN92.25CE,USDINR,28JUN2027,922500000.000000,1,OPTCUR,CDS,25000.000000,10000,False
15469,USDINR27JUN93.5PE,USDINR,28JUN2027,935000000.000000,1,OPTCUR,CDS,25000.000000,10000,False
15480,USDINR27JUN95CE,USDINR,28JUN2027,950000000.000000,1,OPTCUR,CDS,25000.000000,10000,False
15489,JPYINR26DEC60.25PE,JPYINR,29DEC2026,602500000.000000,1,OPTCUR,CDS,25000.000000,10000,False
15494,USDINR27JUN96PE,USDINR,28JUN2027,960000000.000000,1,OPTCUR,CDS,25000.000000,10000,False
15507,JPYINR26DEC61PE,JPYINR,29DEC2026,610000000.000000,1,OPTCUR,CDS,25000.000000,10000,False
15515,JPYINR26DEC62PE,JPYINR,29DEC2026,620000000.000000,1,OPTCUR,CDS,25000.000000,10000,False
15535,USDINR27JUN97.75CE,USDINR,28JUN2027,977500000.000000,1,OPTCUR,CDS,25000.000000,10000,False
15538,USDINR27JUN98PE,USDINR,28JUN2027,980000000.000000,1,OPTCUR,CDS,25000.000000,10000,False
15571,USDINR26DEC86.5PE,USDINR,29DEC2026,865000000.000000,1,OPTCUR,CDS,25000.000000,10000,False
15576,USDINR26DEC87.25CE,USDINR,29DEC2026,872500000.000000,1,OPTCUR,CDS,25000.000000,10000,False
15584,USDINR26DEC88.25CE,USDINR,29DEC2026,882500000.000000,1,OPTCUR,CDS,25000.000000,10000,False
15595,USDINR26DEC89.5PE,USDINR,29DEC2026,895000000.000000,1,OPTCUR,CDS,25000.000000,10000,False
15601,USDINR26DEC90.25PE,USDINR,29DEC2026,902500000.000000,1,OPTCUR,CDS,25000.000000,10000,False
15613,USDINR26DEC91.75PE,USDINR,29DEC2026,917500000.000000,1,OPTCUR,CDS,25000.000000,10000,False
15620,USDINR27JUN99.75CE,USDINR,28JUN2027,997500000.000000,1,OPTCUR,CDS,25000.000000,10000,False
15633,USDJPY27JUN150.5PE,USDJPY,28JUN2027,1505000000.000000,1,OPTCUR,CDS,100000.000000,10000,False
15641,USDJPY27JUN152.5PE,USDJPY,28JUN2027,1525000000.000000,1,OPTCUR,CDS,100000.000000,10000,False
15657,EURINR27MAR115PE,EURINR,29MAR2027,1150000000.000000,1,OPTCUR,CDS,25000.000000,10000,False
1570,633GS203526SEP94.25CE,633GS2035,24SEP2026,942500000.000000,1,OPTIRC,CDS,25000.000000,1250,False
15668,USDINR26DEC93.5PE,USDINR,29DEC2026,935000000.000000,1,OPTCUR,CDS,25000.000000,10000,False
15673,USDINR26DEC94.25CE,USDINR,29DEC2026,942500000.000000,1,OPTCUR,CDS,25000.000000,10000,False
15680,USDJPY27JUN157CE,USDJPY,28JUN2027,1570000000.000000,1,OPTCUR,CDS,100000.000000,10000,False
15701,USDJPY26DEC145.5PE,USDJPY,29DEC2026,1455000000.000000,1,OPTCUR,CDS,100000.000000,10000,False
15708,USDJPY26DEC147.5CE,USDJPY,29DEC2026,1475000000.000000,1,OPTCUR,CDS,100000.000000,10000,False
15710,USDJPY26DEC148CE,USDJPY,29DEC2026,1480000000.000000,1,OPTCUR,CDS,100000.000000,10000,False
15729,USDJPY26DEC152.5PE,USDJPY,29DEC2026,1525000000.000000,1,OPTCUR,CDS,100000.000000,10000,False
15735,USDJPY26DEC154PE,USDJPY,29DEC2026,1540000000.000000,1,OPTCUR,CDS,100000.000000,10000,False
15738,USDJPY26DEC155CE,USDJPY,29DEC2026,1550000000.000000,1,OPTCUR,CDS,100000.000000,10000,False
15761,USDJPY26DEC160.5PE,USDJPY,29DEC2026,1605000000.000000,1,OPTCUR,CDS,100000.000000,10000,False
15771,USDJPY26DEC163PE,USDJPY,29DEC2026,1630000000.000000,1,OPTCUR,CDS,100000.000000,10000,False
1579,EURINR26NOV112.75CE,EURINR,26NOV2026,1127500000.000000,1,OPTCUR,CDS,25000.000000,10000,False
15777,USDJPY26DEC164.5PE,USDJPY,29DEC2026,1645000000.000000,1,OPTCUR,CDS,100000.000000,10000,False
15795,USDJPY27JUN158.5CE,USDJPY,28JUN2027,1585000000.000000,1,OPTCUR,CDS,100000.000000,10000,False
15808,USDJPY27JUN161CE,USDJPY,28JUN2027,1610000000.000000,1,OPTCUR,CDS,100000.000000,10000,False
15815,USDJPY27JUN162.5PE,USDJPY,28JUN2027,1625000000.000000,1,OPTCUR,CDS,100000.000000,10000,False
15820,USDJPY27JUN164CE,USDJPY,28JUN2027,1640000000.000000,1,OPTCUR,CDS,100000.000000,10000,False
15822,USDJPY27JUN164.5CE,USDJPY,28JUN2027,1645000000.000000,1,OPTCUR,CDS,100000.000000,10000,False
15823,USDJPY27JUN164.5PE,USDJPY,28JUN2027,1645000000.000000,1,OPTCUR,CDS,100000.000000,10000,False
15976,USDJPY27JUN174PE,USDJPY,28JUN2027,1740000000.000000,1,OPTCUR,CDS,100000.000000,10000,False
16002,648GS203527JUN96.75PE,648GS2035,24JUN2027,967500000.000000,1,OPTIRC,CDS,25000.000000,1250,False
16021,648GS203527JUN99.25CE,648GS2035,24JUN2027,992500000.000000,1,OPTIRC,CDS,25000.000000,1250,False
16022,648GS203527JUN99.25PE,648GS2035,24JUN2027,992500000.000000,1,OPTIRC,CDS,25000.000000,1250,False
16030,648GS203527JUN100.25PE,648GS2035,24JUN2027,1002500000.000000,1,OPTIRC,CDS,25000.000000,1250,False
16031,648GS203527JUN100.5CE,648GS2035,24JUN2027,1005000000.000000,1,OPTIRC,CDS,25000.000000,1250,False
16032,648GS203527JUN100.5PE,648GS2035,24JUN2027,1005000000.000000,1,OPTIRC,CDS,25000.000000,1250,False
16074,668GS204027JUN94.75PE,668GS2040,24JUN2027,947500000.000000,1,OPTIRC,CDS,25000.000000,1250,False
16077,668GS204027JUN95.25CE,668GS2040,24JUN2027,952500000.000000,1,OPTIRC,CDS,25000.000000,1250,False
16078,668GS204027JUN95.25PE,668GS2040,24JUN2027,952500000.000000,1,OPTIRC,CDS,25000.000000,1250,False
16082,USDJPY26DEC168PE,USDJPY,29DEC2026,1680000000.000000,1,OPTCUR,CDS,100000.000000,10000,False
16112,668GS204027JUN99.25PE,668GS2040,24JUN2027,992500000.000000,1,OPTIRC,CDS,25000.000000,1250,False
16171,694GS203627JUN99PE,694GS2036,24JUN2027,990000000.000000,1,OPTIRC,CDS,25000.000000,1250,False
16173,694GS203627JUN99.25PE,694GS2036,24JUN2027,992500000.000000,1,OPTIRC,CDS,25000.000000,1250,False
16177,694GS203627JUN99.75PE,694GS2036,24JUN2027,997500000.000000,1,OPTIRC,CDS,25000.000000,1250,False
16181,694GS203627JUN100.25PE,694GS2036,24JUN2027,1002500000.000000,1,OPTIRC,CDS,25000.000000,1250,False
16193,694GS203627JUN101.75PE,694GS2036,24JUN2027,1017500000.000000,1,OPTIRC,CDS,25000.000000,1250,False
16200,694GS203627JUN102.75CE,694GS2036,24JUN2027,1027500000.000000,1,OPTIRC,CDS,25000.000000,1250,False
16242,723GS203927JUN99CE,723GS2039,24JUN2027,990000000.000000,1,OPTIRC,CDS,25000.000000,1250,False
16250,723GS203927JUN100CE,723GS2039,24JUN2027,1000000000.000000,1,OPTIRC,CDS,25000.000000,1250,False
16269,723GS203927JUN102CE,723GS2039,24JUN2027,1020000000.000000,1,OPTIRC,CDS,25000.000000,1250,False
16280,723GS203927JUN103.25CE,723GS2039,24JUN2027,1032500000.000000,1,OPTIRC,CDS,25000.000000,1250,False
16282,723GS203927JUN103.5CE,723GS2039,24JUN2027,1035000000.000000,1,OPTIRC,CDS,25000.000000,1250,False
16288,723GS203927JUN104.25CE,723GS2039,24JUN2027,1042500000.000000,1,OPTIRC,CDS,25000.000000,1250,False
16333,JPYINR26SEP60.5PE,JPYINR,28SEP2026,605000000.000000,1,OPTCUR,CDS,25000.000000,10000,False
16345,JPYINR26SEP62PE,JPYINR,28SEP2026,620000000.000000,1,OPTCUR,CDS,25000.000000,10000,False
16353,JPYINR26SEP63PE,JPYINR,28SEP2026,630000000.000000,1,OPTCUR,CDS,25000.000000,10000,False
16403,USDINR26SEP84.75PE,USDINR,28SEP2026,847500000.000000,1,OPTCUR,CDS,25000.000000,10000,False
16406,USDINR26SEP85.25CE,USDINR,28SEP2026,852500000.000000,1,OPTCUR,CDS,25000.000000,10000,False
16412,USDINR26SEP86CE,USDINR,28SEP2026,860000000.000000,1,OPTCUR,CDS,25000.000000,10000,False
16415,USDINR26SEP86.25PE,USDINR,28SEP2026,862500000.000000,1,OPTCUR,CDS,25000.000000,10000,False
16416,USDINR26SEP86.5CE,USDINR,28SEP2026,865000000.000000,1,OPTCUR,CDS,25000.000000,10000,False
16431,USDINR26SEP88.25PE,USDINR,28SEP2026,882500000.000000,1,OPTCUR,CDS,25000.000000,10000,False
16448,USDINR26SEP90.5CE,USDINR,28SEP2026,905000000.000000,1,OPTCUR,CDS,25000.000000,10000,False
16463,USDINR26SEP92.25PE,USDINR,28SEP2026,922500000.000000,1,OPTCUR,CDS,25000.000000,10000,False
16473,USDINR26SEP93.5PE,USDINR,28SEP2026,935000000.000000,1,OPTCUR,CDS,25000.000000,10000,False
16474,USDINR26SEP93.75CE,USDINR,28SEP2026,937500000.000000,1,OPTCUR,CDS,25000.000000,10000,False
16476,USDINR26SEP94CE,USDINR,28SEP2026,940000000.000000,1,OPTCUR,CDS,25000.000000,10000,False
16480,USDINR26SEP94.5CE,USDINR,28SEP2026,945000000.000000,1,OPTCUR,CDS,25000.000000,10000,False
16512,USDJPY26SEP143.5CE,USDJPY,28SEP2026,1435000000.000000,1,OPTCUR,CDS,100000.000000,10000,False
16513,USDJPY26SEP143.5PE,USDJPY,28SEP2026,1435000000.000000,1,OPTCUR,CDS,100000.000000,10000,False
16514,USDJPY26SEP144CE,USDJPY,28SEP2026,1440000000.000000,1,OPTCUR,CDS,100000.000000,10000,False
16516,USDJPY26SEP144.5CE,USDJPY,28SEP2026,1445000000.000000,1,OPTCUR,CDS,100000.000000,10000,False
16525,USDJPY26SEP146.5PE,USDJPY,28SEP2026,1465000000.000000,1,OPTCUR,CDS,100000.000000,10000,False
16526,USDJPY26SEP147CE,USDJPY,28SEP2026,1470000000.000000,1,OPTCUR,CDS,100000.000000,10000,False
16541,USDJPY26SEP150.5PE,USDJPY,28SEP2026,1505000000.000000,1,OPTCUR,CDS,100000.000000,10000,False
16542,USDJPY26SEP151CE,USDJPY,28SEP2026,1510000000.000000,1,OPTCUR,CDS,100000.000000,10000,False
16565,USDJPY26SEP156.5PE,USDJPY,28SEP2026,1565000000.000000,1,OPTCUR,CDS,100000.000000,10000,False
9175,USDJPY26NOV145.5CE,USDJPY,26NOV2026,1455000000.000000,1,OPTCUR,CDS,100000.000000,10000,False
16592,633GS203526SEP95.75CE,633GS2035,24SEP2026,957500000.000000,1,OPTIRC,CDS,25000.000000,1250,False
16600,633GS203526SEP96.75CE,633GS2035,24SEP2026,967500000.000000,1,OPTIRC,CDS,25000.000000,1250,False
16603,633GS203526SEP97PE,633GS2035,24SEP2026,970000000.000000,1,OPTIRC,CDS,25000.000000,1250,False
16625,633GS203526SEP99.75PE,633GS2035,24SEP2026,997500000.000000,1,OPTIRC,CDS,25000.000000,1250,False
9219,USDJPY27JUN143CE,USDJPY,28JUN2027,1430000000.000000,1,OPTCUR,CDS,100000.000000,10000,False
9280,GBPINR26DEC132.75CE,GBPINR,29DEC2026,1327500000.000000,1,OPTCUR,CDS,25000.000000,10000,False
9295,USDINR26N2794.75PE,USDINR,27NOV2026,947500000.000000,1,OPTCUR,CDS,25000.000000,10000,False
9330,633GS203526OCT94.5CE,633GS2035,29OCT2026,945000000.000000,1,OPTIRC,CDS,25000.000000,1250,False
16627,633GS203526SEP100PE,633GS2035,24SEP2026,1000000000.000000,1,OPTIRC,CDS,25000.000000,1250,False
16628,633GS203526SEP100.25CE,633GS2035,24SEP2026,1002500000.000000,1,OPTIRC,CDS,25000.000000,1250,False
16629,633GS203526SEP100.25PE,633GS2035,24SEP2026,1002500000.000000,1,OPTIRC,CDS,25000.000000,1250,False
16630,633GS203526SEP100.5CE,633GS2035,24SEP2026,1005000000.000000,1,OPTIRC,CDS,25000.000000,1250,False
9333,633GS203526OCT94.75PE,633GS2035,29OCT2026,947500000.000000,1,OPTIRC,CDS,25000.000000,1250,False
9341,633GS203526OCT95.5PE,633GS2035,29OCT2026,955000000.000000,1,OPTIRC,CDS,25000.000000,1250,False
9344,633GS203526OCT95.75CE,633GS2035,29OCT2026,957500000.000000,1,OPTIRC,CDS,25000.000000,1250,False
9346,633GS203526OCT96CE,633GS2035,29OCT2026,960000000.000000,1,OPTIRC,CDS,25000.000000,1250,False
16655,668GS204026SEP95PE,668GS2040,24SEP2026,950000000.000000,1,OPTIRC,CDS,25000.000000,1250,False
16657,668GS204026SEP95.25PE,668GS2040,24SEP2026,952500000.000000,1,OPTIRC,CDS,25000.000000,1250,False
16665,668GS204026SEP96.25PE,668GS2040,24SEP2026,962500000.000000,1,OPTIRC,CDS,25000.000000,1250,False
16666,668GS204026SEP96.5CE,668GS2040,24SEP2026,965000000.000000,1,OPTIRC,CDS,25000.000000,1250,False
9356,USDINR26N2795.5CE,USDINR,27NOV2026,955000000.000000,1,OPTCUR,CDS,25000.000000,10000,False
9378,633GS203526OCT98.5CE,633GS2035,29OCT2026,985000000.000000,1,OPTIRC,CDS,25000.000000,1250,False
9380,633GS203526OCT98.75CE,633GS2035,29OCT2026,987500000.000000,1,OPTIRC,CDS,25000.000000,1250,False
9394,EURINR26SEP110.5PE,EURINR,28SEP2026,1105000000.000000,1,OPTCUR,CDS,25000.000000,10000,False
16672,668GS204026SEP97.25CE,668GS2040,24SEP2026,972500000.000000,1,OPTIRC,CDS,25000.000000,1250,False
16674,668GS204026SEP97.5CE,668GS2040,24SEP2026,975000000.000000,1,OPTIRC,CDS,25000.000000,1250,False
16683,668GS204026SEP98.5PE,668GS2040,24SEP2026,985000000.000000,1,OPTIRC,CDS,25000.000000,1250,False
16688,668GS204026SEP99.25CE,668GS2040,24SEP2026,992500000.000000,1,OPTIRC,CDS,25000.000000,1250,False
9402,USDINR26N2795.625CE,USDINR,27NOV2026,956250000.000000,1,OPTCUR,CDS,25000.000000,10000,False
9445,636GS203126OCT97.75CE,636GS2031,29OCT2026,977500000.000000,1,OPTIRC,CDS,25000.000000,1250,False
9459,USDINR26N2798CE,USDINR,27NOV2026,980000000.000000,1,OPTCUR,CDS,25000.000000,10000,False
9460,USDINR26N2798PE,USDINR,27NOV2026,980000000.000000,1,OPTCUR,CDS,25000.000000,10000,False
16719,679GS203426SEP97.75PE,679GS2034,24SEP2026,977500000.000000,1,OPTIRC,CDS,25000.000000,1250,False
16720,679GS203426SEP98CE,679GS2034,24SEP2026,980000000.000000,1,OPTIRC,CDS,25000.000000,1250,False
16763,679GS203426SEP103.25PE,679GS2034,24SEP2026,1032500000.000000,1,OPTIRC,CDS,25000.000000,1250,False
16764,679GS203426SEP103.5CE,679GS2034,24SEP2026,1035000000.000000,1,OPTIRC,CDS,25000.000000,1250,False
9466,636GS203126OCT98.75PE,636GS2031,29OCT2026,987500000.000000,1,OPTIRC,CDS,25000.000000,1250,False
9503,GBPUSD26NOV1.45PE,GBPUSD,26NOV2026,14500000.000000,1,OPTCUR,CDS,1000.000000,10000,False
9518,GBPUSD27JUN1.3PE,GBPUSD,28JUN2027,13000000.000000,1,OPTCUR,CDS,1000.000000,10000,False
9534,USDINR26OCT91.5CE,USDINR,28OCT2026,915000000.000000,1,OPTCUR,CDS,25000.000000,10000,False
16784,723GS203926SEP99.5CE,723GS2039,24SEP2026,995000000.000000,1,OPTIRC,CDS,25000.000000,1250,False
16791,723GS203926SEP100.25PE,723GS2039,24SEP2026,1002500000.000000,1,OPTIRC,CDS,25000.000000,1250,False
16792,723GS203926SEP100.5CE,723GS2039,24SEP2026,1005000000.000000,1,OPTIRC,CDS,25000.000000,1250,False
16811,723GS203926SEP102.75PE,723GS2039,24SEP2026,1027500000.000000,1,OPTIRC,CDS,25000.000000,1250,False
9541,USDINR26O2392CE,USDINR,23OCT2026,920000000.000000,1,OPTCUR,CDS,25000.000000,10000,False
9556,USDINR26O3096.125PE,USDINR,30OCT2026,961250000.000000,1,OPTCUR,CDS,25000.000000,10000,False
9563,GBPINR27MAR128.25CE,GBPINR,29MAR2027,1282500000.000000,1,OPTCUR,CDS,25000.000000,10000,False
9569,GBPINR27MAR129CE,GBPINR,29MAR2027,1290000000.000000,1,OPTCUR,CDS,25000.000000,10000,False
1688,648GS203526SEP94.75PE,648GS2035,24SEP2026,947500000.000000,1,OPTIRC,CDS,25000.000000,1250,False
16826,723GS203926SEP104.75CE,723GS2039,24SEP2026,1047500000.000000,1,OPTIRC,CDS,25000.000000,1250,False
16837,723GS203926SEP106PE,723GS2039,24SEP2026,1060000000.000000,1,OPTIRC,CDS,25000.000000,1250,False
16889,633GS203526DEC100CE,633GS2035,31DEC2026,1000000000.000000,1,OPTIRC,CDS,25000.000000,1250,False
9570,GBPINR27MAR129PE,GBPINR,29MAR2027,1290000000.000000,1,OPTCUR,CDS,25000.000000,10000,False
9580,636GS203126OCT99CE,636GS2031,29OCT2026,990000000.000000,1,OPTIRC,CDS,25000.000000,1250,False
9581,636GS203126OCT99PE,636GS2031,29OCT2026,990000000.000000,1,OPTIRC,CDS,25000.000000,1250,False
9588,636GS203126OCT100CE,636GS2031,29OCT2026,1000000000.000000,1,OPTIRC,CDS,25000.000000,1250,False
16890,633GS203526DEC100PE,633GS2035,31DEC2026,1000000000.000000,1,OPTIRC,CDS,25000.000000,1250,False
16911,648GS203526DEC95.75CE,648GS2035,31DEC2026,957500000.000000,1,OPTIRC,CDS,25000.000000,1250,False
16920,648GS203526DEC96.75PE,648GS2035,31DEC2026,967500000.000000,1,OPTIRC,CDS,25000.000000,1250,False
16921,648GS203526DEC97CE,648GS2035,31DEC2026,970000000.000000,1,OPTIRC,CDS,25000.000000,1250,False
9598,636GS203126OCT101.25CE,636GS2031,29OCT2026,1012500000.000000,1,OPTIRC,CDS,25000.000000,1250,False
9604,636GS203126OCT101.75CE,636GS2031,29OCT2026,1017500000.000000,1,OPTIRC,CDS,25000.000000,1250,False
9626,648GS203526OCT94.75CE,648GS2035,29OCT2026,947500000.000000,1,OPTIRC,CDS,25000.000000,1250,False
9631,648GS203526OCT95.25CE,648GS2035,29OCT2026,952500000.000000,1,OPTIRC,CDS,25000.000000,1250,False
9639,648GS203526OCT96PE,648GS2035,29OCT2026,960000000.000000,1,OPTIRC,CDS,25000.000000,1250,False
9645,USDINR26OCT94.25CE,USDINR,28OCT2026,942500000.000000,1,OPTCUR,CDS,25000.000000,10000,False
9653,USDINR26OCT95PE,USDINR,28OCT2026,950000000.000000,1,OPTCUR,CDS,25000.000000,10000,False
9659,USDINR26OCT95.25PE,USDINR,28OCT2026,952500000.000000,1,OPTCUR,CDS,25000.000000,10000,False
16924,648GS203526DEC97.25PE,648GS2035,31DEC2026,972500000.000000,1,OPTIRC,CDS,25000.000000,1250,False
16928,648GS203526DEC97.75PE,648GS2035,31DEC2026,977500000.000000,1,OPTIRC,CDS,25000.000000,1250,False
16931,648GS203526DEC98.25CE,648GS2035,31DEC2026,982500000.000000,1,OPTIRC,CDS,25000.000000,1250,False
16932,648GS203526DEC98.25PE,648GS2035,31DEC2026,982500000.000000,1,OPTIRC,CDS,25000.000000,1250,False
9677,USDINR26OCT97CE,USDINR,28OCT2026,970000000.000000,1,OPTCUR,CDS,25000.000000,10000,False
9680,USDINR26OCT97PE,USDINR,28OCT2026,970000000.000000,1,OPTCUR,CDS,25000.000000,10000,False
9689,USDINR26OCT98CE,USDINR,28OCT2026,980000000.000000,1,OPTCUR,CDS,25000.000000,10000,False
9690,USDINR26OCT98PE,USDINR,28OCT2026,980000000.000000,1,OPTCUR,CDS,25000.000000,10000,False
16955,648GS203526DEC101.25CE,648GS2035,31DEC2026,1012500000.000000,1,OPTIRC,CDS,25000.000000,1250,False
16983,668GS204026DEC94.25CE,668GS2040,31DEC2026,942500000.000000,1,OPTIRC,CDS,25000.000000,1250,False
16989,668GS204026DEC95CE,668GS2040,31DEC2026,950000000.000000,1,OPTIRC,CDS,25000.000000,1250,False
16990,668GS204026DEC95PE,668GS2040,31DEC2026,950000000.000000,1,OPTIRC,CDS,25000.000000,1250,False
9692,USDINR26OCT98.25PE,USDINR,28OCT2026,982500000.000000,1,OPTCUR,CDS,25000.000000,10000,False
9703,648GS203526OCT97.25CE,648GS2035,29OCT2026,972500000.000000,1,OPTIRC,CDS,25000.000000,1250,False
9711,648GS203526OCT97.75CE,648GS2035,29OCT2026,977500000.000000,1,OPTIRC,CDS,25000.000000,1250,False
9731,648GS203526OCT98.75CE,648GS2035,29OCT2026,987500000.000000,1,OPTIRC,CDS,25000.000000,1250,False
16992,668GS204026DEC95.25PE,668GS2040,31DEC2026,952500000.000000,1,OPTIRC,CDS,25000.000000,1250,False
16996,668GS204026DEC95.75PE,668GS2040,31DEC2026,957500000.000000,1,OPTIRC,CDS,25000.000000,1250,False
17009,668GS204026DEC97.5CE,668GS2040,31DEC2026,975000000.000000,1,OPTIRC,CDS,25000.000000,1250,False
17027,668GS204026DEC99.75CE,668GS2040,31DEC2026,997500000.000000,1,OPTIRC,CDS,25000.000000,1250,False
17044,723GS203926DEC98.5PE,723GS2039,31DEC2026,985000000.000000,1,OPTIRC,CDS,25000.000000,1250,False
17053,723GS203926DEC99.75CE,723GS2039,31DEC2026,997500000.000000,1,OPTIRC,CDS,25000.000000,1250,False
17059,723GS203926DEC100.5CE,723GS2039,31DEC2026,1005000000.000000,1,OPTIRC,CDS,25000.000000,1250,False
17066,723GS203926DEC101.25PE,723GS2039,31DEC2026,1012500000.000000,1,OPTIRC,CDS,25000.000000,1250,False
9734,648GS203526OCT99PE,648GS2035,29OCT2026,990000000.000000,1,OPTIRC,CDS,25000.000000,1250,False
9762,USDJPY26OCT152PE,USDJPY,28OCT2026,1520000000.000000,1,OPTCUR,CDS,100000.000000,10000,False
9822,668GS204026OCT94.25CE,668GS2040,29OCT2026,942500000.000000,1,OPTIRC,CDS,25000.000000,1250,False
9823,668GS204026OCT94.25PE,668GS2040,29OCT2026,942500000.000000,1,OPTIRC,CDS,25000.000000,1250,False
9835,668GS204026OCT95.5CE,668GS2040,29OCT2026,955000000.000000,1,OPTIRC,CDS,25000.000000,1250,False
9842,668GS204026OCT96.25PE,668GS2040,29OCT2026,962500000.000000,1,OPTIRC,CDS,25000.000000,1250,False
9854,USDJPY26OCT155CE,USDJPY,28OCT2026,1550000000.000000,1,OPTCUR,CDS,100000.000000,10000,False
9879,668GS204026OCT97.25PE,668GS2040,29OCT2026,972500000.000000,1,OPTIRC,CDS,25000.000000,1250,False
1714,EURINR26O16107.75CE,EURINR,16OCT2026,1077500000.000000,1,OPTCUR,CDS,25000.000000,10000,False
17083,723GS203926DEC103.5CE,723GS2039,31DEC2026,1035000000.000000,1,OPTIRC,CDS,25000.000000,1250,False
17107,EURUSD26DEC1.315CE,EURUSD,29DEC2026,13150000.000000,1,OPTCUR,CDS,1000.000000,10000,False
17131,USDINR26DEC100CE,USDINR,29DEC2026,1000000000.000000,1,OPTCUR,CDS,25000.000000,10000,False
17241,633GS203527MAR97.25CE,633GS2035,25MAR2027,972500000.000000,1,OPTIRC,CDS,25000.000000,1250,False
9891,668GS204026OCT98CE,668GS2040,29OCT2026,980000000.000000,1,OPTIRC,CDS,25000.000000,1250,False
9899,USDJPY26OCT160PE,USDJPY,28OCT2026,1600000000.000000,1,OPTCUR,CDS,100000.000000,10000,False
9921,USDINR26O2394.875CE,USDINR,23OCT2026,948750000.000000,1,OPTCUR,CDS,25000.000000,10000,False
9927,USDINR26O2395PE,USDINR,23OCT2026,950000000.000000,1,OPTCUR,CDS,25000.000000,10000,False
17168,633GS203527MAR94.75PE,633GS2035,25MAR2027,947500000.000000,1,OPTIRC,CDS,25000.000000,1250,False
17174,633GS203527MAR95.5PE,633GS2035,25MAR2027,955000000.000000,1,OPTIRC,CDS,25000.000000,1250,False
17223,GBPINR26DEC132CE,GBPINR,29DEC2026,1320000000.000000,1,OPTCUR,CDS,25000.000000,10000,False
9959,USDINR26O2395.625CE,USDINR,23OCT2026,956250000.000000,1,OPTCUR,CDS,25000.000000,10000,False
9981,USDINR26O2396CE,USDINR,23OCT2026,960000000.000000,1,OPTCUR,CDS,25000.000000,10000,False
17243,633GS203527MAR97.5CE,633GS2035,25MAR2027,975000000.000000,1,OPTIRC,CDS,25000.000000,1250,False
17246,633GS203527MAR97.75PE,633GS2035,25MAR2027,977500000.000000,1,OPTIRC,CDS,25000.000000,1250,False
17265,633GS203527MAR99CE,633GS2035,25MAR2027,990000000.000000,1,OPTIRC,CDS,25000.000000,1250,False
17269,633GS203527MAR99.25CE,633GS2035,25MAR2027,992500000.000000,1,OPTIRC,CDS,25000.000000,1250,False
17274,USDJPY26DEC141PE,USDJPY,29DEC2026,1410000000.000000,1,OPTCUR,CDS,100000.000000,10000,False
17275,633GS203527MAR99.5CE,633GS2035,25MAR2027,995000000.000000,1,OPTIRC,CDS,25000.000000,1250,False
17276,633GS203527MAR99.5PE,633GS2035,25MAR2027,995000000.000000,1,OPTIRC,CDS,25000.000000,1250,False
17294,648GS203527MAR93.75PE,648GS2035,25MAR2027,937500000.000000,1,OPTIRC,CDS,25000.000000,1250,False
17303,648GS203527MAR95CE,648GS2035,25MAR2027,950000000.000000,1,OPTIRC,CDS,25000.000000,1250,False
17306,648GS203527MAR95.25PE,648GS2035,25MAR2027,952500000.000000,1,OPTIRC,CDS,25000.000000,1250,False
17307,648GS203527MAR95.5CE,648GS2035,25MAR2027,955000000.000000,1,OPTIRC,CDS,25000.000000,1250,False
17312,648GS203527MAR96PE,648GS2035,25MAR2027,960000000.000000,1,OPTIRC,CDS,25000.000000,1250,False
17322,648GS203527MAR96.75PE,648GS2035,25MAR2027,967500000.000000,1,OPTIRC,CDS,25000.000000,1250,False
17324,648GS203527MAR97PE,648GS2035,25MAR2027,970000000.000000,1,OPTIRC,CDS,25000.000000,1250,False
17328,648GS203527MAR97.5PE,648GS2035,25MAR2027,975000000.000000,1,OPTIRC,CDS,25000.000000,1250,False
17334,648GS203527MAR98.25PE,648GS2035,25MAR2027,982500000.000000,1,OPTIRC,CDS,25000.000000,1250,False
1734,EURINR26O09FUT,EURINR,09OCT2026,-1.000000,1,FUTCUR,CDS,25000.000000,10000,False
17340,648GS203527MAR99PE,648GS2035,25MAR2027,990000000.000000,1,OPTIRC,CDS,25000.000000,1250,False
17341,648GS203527MAR99.25CE,648GS2035,25MAR2027,992500000.000000,1,OPTIRC,CDS,25000.000000,1250,False
17342,648GS203527MAR99.25PE,648GS2035,25MAR2027,992500000.000000,1,OPTIRC,CDS,25000.000000,1250,False
17359,668GS204027MAR91CE,668GS2040,25MAR2027,910000000.000000,1,OPTIRC,CDS,25000.000000,1250,False
17367,668GS204027MAR92CE,668GS2040,25MAR2027,920000000.000000,1,OPTIRC,CDS,25000.000000,1250,False
17385,668GS204027MAR94.25CE,668GS2040,25MAR2027,942500000.000000,1,OPTIRC,CDS,25000.000000,1250,False
17386,668GS204027MAR94.25PE,668GS2040,25MAR2027,942500000.000000,1,OPTIRC,CDS,25000.000000,1250,False
17396,668GS204027MAR95.5PE,668GS2040,25MAR2027,955000000.000000,1,OPTIRC,CDS,25000.000000,1250,False
17403,668GS204027MAR96.5CE,668GS2040,25MAR2027,965000000.000000,1,OPTIRC,CDS,25000.000000,1250,False
17409,668GS204027MAR97.25CE,668GS2040,25MAR2027,972500000.000000,1,OPTIRC,CDS,25000.000000,1250,False
17419,668GS204027MAR98.5CE,668GS2040,25MAR2027,985000000.000000,1,OPTIRC,CDS,25000.000000,1250,False
17468,723GS203927MAR98.25PE,723GS2039,25MAR2027,982500000.000000,1,OPTIRC,CDS,25000.000000,1250,False
17470,723GS203927MAR98.5PE,723GS2039,25MAR2027,985000000.000000,1,OPTIRC,CDS,25000.000000,1250,False
17471,723GS203927MAR98.75CE,723GS2039,25MAR2027,987500000.000000,1,OPTIRC,CDS,25000.000000,1250,False
17478,723GS203927MAR99.5PE,723GS2039,25MAR2027,995000000.000000,1,OPTIRC,CDS,25000.000000,1250,False
17479,723GS203927MAR99.75CE,723GS2039,25MAR2027,997500000.000000,1,OPTIRC,CDS,25000.000000,1250,False
17489,723GS203927MAR101CE,723GS2039,25MAR2027,1010000000.000000,1,OPTIRC,CDS,25000.000000,1250,False
17498,723GS203927MAR102PE,723GS2039,25MAR2027,1020000000.000000,1,OPTIRC,CDS,25000.000000,1250,False
17504,723GS203927MAR102.75PE,723GS2039,25MAR2027,1027500000.000000,1,OPTIRC,CDS,25000.000000,1250,False
1766,EURINR26DEC101.75CE,EURINR,29DEC2026,1017500000.000000,1,OPTCUR,CDS,25000.000000,10000,False
1767,GBPUSD26SEPFUT,GBPUSD,28SEP2026,-1.000000,1,FUTCUR,CDS,1000.000000,10000,False
17508,723GS203927MAR103.25PE,723GS2039,25MAR2027,1032500000.000000,1,OPTIRC,CDS,25000.000000,1250,False
17517,723GS203927MAR104.5CE,723GS2039,25MAR2027,1045000000.000000,1,OPTIRC,CDS,25000.000000,1250,False
1776,633GS203526SEPFUT,633GS2035,24SEP2026,-1.000000,1,FUTIRC,CDS,25000.000000,1250,False
1792,EURINR26SEP99CE,EURINR,28SEP2026,990000000.000000,1,OPTCUR,CDS,25000.000000,10000,False
1794,EURINR26SEP99.25CE,EURINR,28SEP2026,992500000.000000,1,OPTCUR,CDS,25000.000000,10000,False
1795,EURINR26SEP99.25PE,EURINR,28SEP2026,992500000.000000,1,OPTCUR,CDS,25000.000000,10000,False
1805,EURINR26SEP99.75PE,EURINR,28SEP2026,997500000.000000,1,OPTCUR,CDS,25000.000000,10000,False
1823,GBPINR27JUN133PE,GBPINR,28JUN2027,1330000000.000000,1,OPTCUR,CDS,25000.000000,10000,False
1832,EURINR26SEP101.25PE,EURINR,28SEP2026,1012500000.000000,1,OPTCUR,CDS,25000.000000,10000,False
1854,EURINR26SEP102.25CE,EURINR,28SEP2026,1022500000.000000,1,OPTCUR,CDS,25000.000000,10000,False
1872,USDJPY27JUN175PE,USDJPY,28JUN2027,1750000000.000000,1,OPTCUR,CDS,100000.000000,10000,False
1876,EURINR26918FUT,EURINR,18SEP2026,-1.000000,1,FUTCUR,CDS,25000.000000,10000,False
1882,EURINR26SEP103.5PE,EURINR,28SEP2026,1035000000.000000,1,OPTCUR,CDS,25000.000000,10000,False
1888,668GS204026SEP92.5CE,668GS2040,24SEP2026,925000000.000000,1,OPTIRC,CDS,25000.000000,1250,False
1898,EURINR26O16108.75CE,EURINR,16OCT2026,1087500000.000000,1,OPTCUR,CDS,25000.000000,10000,False
1923,EURINR26SEP104.75CE,EURINR,28SEP2026,1047500000.000000,1,OPTCUR,CDS,25000.000000,10000,False
1930,EURINR26SEP105.25CE,EURINR,28SEP2026,1052500000.000000,1,OPTCUR,CDS,25000.000000,10000,False
1934,668GS204026SEP93.25PE,668GS2040,24SEP2026,932500000.000000,1,OPTIRC,CDS,25000.000000,1250,False
1963,EURINR26SEP106.75PE,EURINR,28SEP2026,1067500000.000000,1,OPTCUR,CDS,25000.000000,10000,False
1977,EURINR26SEP108CE,EURINR,28SEP2026,1080000000.000000,1,OPTCUR,CDS,25000.000000,10000,False
1978,EURINR26SEP108PE,EURINR,28SEP2026,1080000000.000000,1,OPTCUR,CDS,25000.000000,10000,False
1996,EURINR26SEP108.5PE,EURINR,28SEP2026,1085000000.000000,1,OPTCUR,CDS,25000.000000,10000,False
2026,EURINR26SEP109.75CE,EURINR,28SEP2026,1097500000.000000,1,OPTCUR,CDS,25000.000000,10000,False
2030,EURINR26SEP110PE,EURINR,28SEP2026,1100000000.000000,1,OPTCUR,CDS,25000.000000,10000,False
2051,EURUSD26SEP1.065PE,EURUSD,28SEP2026,10650000.000000,1,OPTCUR,CDS,1000.000000,10000,False
2085,EURUSD26SEP1.09CE,EURUSD,28SEP2026,10900000.000000,1,OPTCUR,CDS,1000.000000,10000,False
2100,EURUSD26SEP1.11CE,EURUSD,28SEP2026,11100000.000000,1,OPTCUR,CDS,1000.000000,10000,False
2108,EURINR26O09106.75CE,EURINR,09OCT2026,1067500000.000000,1,OPTCUR,CDS,25000.000000,10000,False
2124,EURUSD26SEP1.135PE,EURUSD,28SEP2026,11350000.000000,1,OPTCUR,CDS,1000.000000,10000,False
2128,GBPUSD26SEP1.215PE,GBPUSD,28SEP2026,12150000.000000,1,OPTCUR,CDS,1000.000000,10000,False
2156,EURINR26DEC102.75PE,EURINR,29DEC2026,1027500000.000000,1,OPTCUR,CDS,25000.000000,10000,False
2196,EURUSD26SEP1.19PE,EURUSD,28SEP2026,11900000.000000,1,OPTCUR,CDS,1000.000000,10000,False
22,R-GOI7.72%2025,R772GS2025,,-1.000000,1,UNDIRC,CDS,25000.000000,1250,False
2206,EURUSD26SEP1.21PE,EURUSD,28SEP2026,12100000.000000,1,OPTCUR,CDS,1000.000000,10000,False
2218,EURUSD26SEP1.23PE,EURUSD,28SEP2026,12300000.000000,1,OPTCUR,CDS,1000.000000,10000,False
2219,EURUSD26SEP1.235CE,EURUSD,28SEP2026,12350000.000000,1,OPTCUR,CDS,1000.000000,10000,False
2222,EURINR26O09107.75PE,EURINR,09OCT2026,1077500000.000000,1,OPTCUR,CDS,25000.000000,10000,False
2229,EURINR26918105.75CE,EURINR,18SEP2026,1057500000.000000,1,OPTCUR,CDS,25000.000000,10000,False
2241,EURUSD26SEP1.255CE,EURUSD,28SEP2026,12550000.000000,1,OPTCUR,CDS,1000.000000,10000,False
2252,EURUSD26SEP1.27CE,EURUSD,28SEP2026,12700000.000000,1,OPTCUR,CDS,1000.000000,10000,False
2267,EURUSD26NOV1.06CE,EURUSD,26NOV2026,10600000.000000,1,OPTCUR,CDS,1000.000000,10000,False
2302,GBPINR26SEP114CE,GBPINR,28SEP2026,1140000000.000000,1,OPTCUR,CDS,25000.000000,10000,False
2328,EURINR26O16110.5PE,EURINR,16OCT2026,1105000000.000000,1,OPTCUR,CDS,25000.000000,10000,False
2335,EURINR26DEC103.25CE,EURINR,29DEC2026,1032500000.000000,1,OPTCUR,CDS,25000.000000,10000,False
2339,USDINR2692594.125PE,USDINR,25SEP2026,941250000.000000,1,OPTCUR,CDS,25000.000000,10000,False
2353,USDINR26O0194.125PE,USDINR,01OCT2026,941250000.000000,1,OPTCUR,CDS,25000.000000,10000,False
2361,EURUSD26NOV1.065PE,EURUSD,26NOV2026,10650000.000000,1,OPTCUR,CDS,1000.000000,10000,False
2384,EURINR26DEC103.25PE,EURINR,29DEC2026,1032500000.000000,1,OPTCUR,CDS,25000.000000,10000,False
2437,GBPINR26SEP120.25PE,GBPINR,28SEP2026,1202500000.000000,1,OPTCUR,CDS,25000.000000,10000,False
2403,GBPINR26SEP119.5CE,GBPINR,28SEP2026,1195000000.000000,1,OPTCUR,CDS,25000.000000,10000,False
2421,EURINR26918106.5PE,EURINR,18SEP2026,1065000000.000000,1,OPTCUR,CDS,25000.000000,10000,False
2422,EURINR26O09108.75CE,EURINR,09OCT2026,1087500000.000000,1,OPTCUR,CDS,25000.000000,10000,False
2451,EURUSD26NOV1.095PE,EURUSD,26NOV2026,10950000.000000,1,OPTCUR,CDS,1000.000000,10000,False
2456,USDINR26N1394.125CE,USDINR,13NOV2026,941250000.000000,1,OPTCUR,CDS,25000.000000,10000,False
2466,USDINR26SEP98.5CE,USDINR,28SEP2026,985000000.000000,1,OPTCUR,CDS,25000.000000,10000,False
2469,648GS203526DEC93.75CE,648GS2035,31DEC2026,937500000.000000,1,OPTIRC,CDS,25000.000000,1250,False
25,EURINR,EURINR,,-1.000000,1,UNDCUR,CDS,25000.000000,999,False
2472,648GS203526DECFUT,648GS2035,31DEC2026,-1.000000,1,FUTIRC,CDS,25000.000000,1250,False
2475,EURINR26O09109.75CE,EURINR,09OCT2026,1097500000.000000,1,OPTCUR,CDS,25000.000000,10000,False
2495,EURINR26DEC103.5PE,EURINR,29DEC2026,1035000000.000000,1,OPTCUR,CDS,25000.000000,10000,False
2508,EURINR26O09110CE,EURINR,09OCT2026,1100000000.000000,1,OPTCUR,CDS,25000.000000,10000,False
2516,EURINR26918107.75PE,EURINR,18SEP2026,1077500000.000000,1,OPTCUR,CDS,25000.000000,10000,False
2534,GBPINR26SEP121.25CE,GBPINR,28SEP2026,1212500000.000000,1,OPTCUR,CDS,25000.000000,10000,False
2543,GBPINR26SEP121.5CE,GBPINR,28SEP2026,1215000000.000000,1,OPTCUR,CDS,25000.000000,10000,False
2553,EURINR26918108.5PE,EURINR,18SEP2026,1085000000.000000,1,OPTCUR,CDS,25000.000000,10000,False
2574,GBPINR26SEP123CE,GBPINR,28SEP2026,1230000000.000000,1,OPTCUR,CDS,25000.000000,10000,False
2662,GBPUSD26SEP1.25PE,GBPUSD,28SEP2026,12500000.000000,1,OPTCUR,CDS,1000.000000,10000,False
2667,EURINR26O30106.75PE,EURINR,30OCT2026,1067500000.000000,1,OPTCUR,CDS,25000.000000,10000,False
2669,GBPUSD26SEP1.26CE,GBPUSD,28SEP2026,12600000.000000,1,OPTCUR,CDS,1000.000000,10000,False
2673,GBPUSD26SEP1.265CE,GBPUSD,28SEP2026,12650000.000000,1,OPTCUR,CDS,1000.000000,10000,False
2680,USDJPY26NOV142.5PE,USDJPY,26NOV2026,1425000000.000000,1,OPTCUR,CDS,100000.000000,10000,False
2683,USDJPY27JUN142.5CE,USDJPY,28JUN2027,1425000000.000000,1,OPTCUR,CDS,100000.000000,10000,False
27,JPYINR,JPYINR,,-1.000000,1,UNDCUR,CDS,25000.000000,999,False
2722,EURINR26918109.5PE,EURINR,18SEP2026,1095000000.000000,1,OPTCUR,CDS,25000.000000,10000,False
2730,GBPUSD26SEP1.31CE,GBPUSD,28SEP2026,13100000.000000,1,OPTCUR,CDS,1000.000000,10000,False
2747,EURINR26N20107.5PE,EURINR,20NOV2026,1075000000.000000,1,OPTCUR,CDS,25000.000000,10000,False
2773,GBPUSD26SEP1.33CE,GBPUSD,28SEP2026,13300000.000000,1,OPTCUR,CDS,1000.000000,10000,False
2789,EURINR26N20108PE,EURINR,20NOV2026,1080000000.000000,1,OPTCUR,CDS,25000.000000,10000,False
2812,EURINR26N20108.5CE,EURINR,20NOV2026,1085000000.000000,1,OPTCUR,CDS,25000.000000,10000,False
2813,EURINR26N20108.5PE,EURINR,20NOV2026,1085000000.000000,1,OPTCUR,CDS,25000.000000,10000,False
2820,EURINR26O09111.25PE,EURINR,09OCT2026,1112500000.000000,1,OPTCUR,CDS,25000.000000,10000,False
2839,EURINR26918110.5PE,EURINR,18SEP2026,1105000000.000000,1,OPTCUR,CDS,25000.000000,10000,False
2844,EURINR26N20109CE,EURINR,20NOV2026,1090000000.000000,1,OPTCUR,CDS,25000.000000,10000,False
2847,GBPUSD26SEP1.41PE,GBPUSD,28SEP2026,14100000.000000,1,OPTCUR,CDS,1000.000000,10000,False
2855,EURINR26918111CE,EURINR,18SEP2026,1110000000.000000,1,OPTCUR,CDS,25000.000000,10000,False
2859,GBPUSD26SEP1.425CE,GBPUSD,28SEP2026,14250000.000000,1,OPTCUR,CDS,1000.000000,10000,False
2862,EURINR26N20109.25CE,EURINR,20NOV2026,1092500000.000000,1,OPTCUR,CDS,25000.000000,10000,False
2867,EURINR26DEC104.5PE,EURINR,29DEC2026,1045000000.000000,1,OPTCUR,CDS,25000.000000,10000,False
2888,EURINR26918112.5PE,EURINR,18SEP2026,1125000000.000000,1,OPTCUR,CDS,25000.000000,10000,False
2900,GBPINR26SEP125.75PE,GBPINR,28SEP2026,1257500000.000000,1,OPTCUR,CDS,25000.000000,10000,False
2935,EURINR26DEC104.75PE,EURINR,29DEC2026,1047500000.000000,1,OPTCUR,CDS,25000.000000,10000,False
2943,EURUSD26NOV1.145CE,EURUSD,26NOV2026,11450000.000000,1,OPTCUR,CDS,1000.000000,10000,False
2952,EURINR26O09112.75CE,EURINR,09OCT2026,1127500000.000000,1,OPTCUR,CDS,25000.000000,10000,False
2954,EURINR26O09112.75PE,EURINR,09OCT2026,1127500000.000000,1,OPTCUR,CDS,25000.000000,10000,False
2964,EURINR26N20110.25CE,EURINR,20NOV2026,1102500000.000000,1,OPTCUR,CDS,25000.000000,10000,False
2965,EURINR26918113PE,EURINR,18SEP2026,1130000000.000000,1,OPTCUR,CDS,25000.000000,10000,False
2970,EURINR26918113.25CE,EURINR,18SEP2026,1132500000.000000,1,OPTCUR,CDS,25000.000000,10000,False
2971,EURINR26N20110.5CE,EURINR,20NOV2026,1105000000.000000,1,OPTCUR,CDS,25000.000000,10000,False
3003,EURINR26DEC105.5PE,EURINR,29DEC2026,1055000000.000000,1,OPTCUR,CDS,25000.000000,10000,False
3006,EURINR26918113.5PE,EURINR,18SEP2026,1135000000.000000,1,OPTCUR,CDS,25000.000000,10000,False
3007,EURINR26918113.75CE,EURINR,18SEP2026,1137500000.000000,1,OPTCUR,CDS,25000.000000,10000,False
3020,EURUSD26NOV1.175CE,EURUSD,26NOV2026,11750000.000000,1,OPTCUR,CDS,1000.000000,10000,False
3034,EURINR26918114.25CE,EURINR,18SEP2026,1142500000.000000,1,OPTCUR,CDS,25000.000000,10000,False
3058,GBPINR26SEP128.25PE,GBPINR,28SEP2026,1282500000.000000,1,OPTCUR,CDS,25000.000000,10000,False
3083,EURINR26N20111.25PE,EURINR,20NOV2026,1112500000.000000,1,OPTCUR,CDS,25000.000000,10000,False
3085,EURINR26N20111.5PE,EURINR,20NOV2026,1115000000.000000,1,OPTCUR,CDS,25000.000000,10000,False
3106,USDJPY26SEP173PE,USDJPY,28SEP2026,1730000000.000000,1,OPTCUR,CDS,100000.000000,10000,False
3108,EURINR26N20112PE,EURINR,20NOV2026,1120000000.000000,1,OPTCUR,CDS,25000.000000,10000,False
3112,EURINR26O09114.25CE,EURINR,09OCT2026,1142500000.000000,1,OPTCUR,CDS,25000.000000,10000,False
3118,USDJPY26DEC173CE,USDJPY,29DEC2026,1730000000.000000,1,OPTCUR,CDS,100000.000000,10000,False
3152,EURINR26N20113PE,EURINR,20NOV2026,1130000000.000000,1,OPTCUR,CDS,25000.000000,10000,False
3157,EURUSD26NOV1.195CE,EURUSD,26NOV2026,11950000.000000,1,OPTCUR,CDS,1000.000000,10000,False
3222,USDJPY26SEP164CE,USDJPY,28SEP2026,1640000000.000000,1,OPTCUR,CDS,100000.000000,10000,False
3262,GBPINR26918123.5CE,GBPINR,18SEP2026,1235000000.000000,1,OPTCUR,CDS,25000.000000,10000,False
3298,USDJPY27MAR142PE,USDJPY,29MAR2027,1420000000.000000,1,OPTCUR,CDS,100000.000000,10000,False
34,R-GOI6.97%2026,R697GS2026,,-1.000000,1,UNDIRC,CDS,25000.000000,1250,False
3371,EURINR26O16112.75CE,EURINR,16OCT2026,1127500000.000000,1,OPTCUR,CDS,25000.000000,10000,False
3372,EURINR26O16112.75PE,EURINR,16OCT2026,1127500000.000000,1,OPTCUR,CDS,25000.000000,10000,False
3412,EURINR27MAR111PE,EURINR,29MAR2027,1110000000.000000,1,OPTCUR,CDS,25000.000000,10000,False
3441,EURINR27MAR113CE,EURINR,29MAR2027,1130000000.000000,1,OPTCUR,CDS,25000.000000,10000,False
3451,EURUSD26NOV1.205PE,EURUSD,26NOV2026,12050000.000000,1,OPTCUR,CDS,1000.000000,10000,False
3465,GBPINR26918125PE,GBPINR,18SEP2026,1250000000.000000,1,OPTCUR,CDS,25000.000000,10000,False
3470,EURINR26N27107.5PE,EURINR,27NOV2026,1075000000.000000,1,OPTCUR,CDS,25000.000000,10000,False
3471,EURINR26N27107.75CE,EURINR,27NOV2026,1077500000.000000,1,OPTCUR,CDS,25000.000000,10000,False
3486,EURINR27MAR114.75CE,EURINR,29MAR2027,1147500000.000000,1,OPTCUR,CDS,25000.000000,10000,False
3497,EURINR26DEC106.5CE,EURINR,29DEC2026,1065000000.000000,1,OPTCUR,CDS,25000.000000,10000,False
3528,EURUSD27MAR1.285CE,EURUSD,29MAR2027,12850000.000000,1,OPTCUR,CDS,1000.000000,10000,False
3534,EURUSD26NOV1.215PE,EURUSD,26NOV2026,12150000.000000,1,OPTCUR,CDS,1000.000000,10000,False
3535,EURINR26N27109.75CE,EURINR,27NOV2026,1097500000.000000,1,OPTCUR,CDS,25000.000000,10000,False
3551,EURINR26O16113.75PE,EURINR,16OCT2026,1137500000.000000,1,OPTCUR,CDS,25000.000000,10000,False
3572,EURUSD27MAR1.075PE,EURUSD,29MAR2027,10750000.000000,1,OPTCUR,CDS,1000.000000,10000,False
3576,EURINR26N27111.25PE,EURINR,27NOV2026,1112500000.000000,1,OPTCUR,CDS,25000.000000,10000,False
3583,EURUSD27MAR1.09PE,EURUSD,29MAR2027,10900000.000000,1,OPTCUR,CDS,1000.000000,10000,False
3591,GBPINR26918126.25CE,GBPINR,18SEP2026,1262500000.000000,1,OPTCUR,CDS,25000.000000,10000,False
3615,668GS204026DEC90.75PE,668GS2040,31DEC2026,907500000.000000,1,OPTIRC,CDS,25000.000000,1250,False
3625,EURINR26N27112CE,EURINR,27NOV2026,1120000000.000000,1,OPTCUR,CDS,25000.000000,10000,False
3644,668GS204027MAR90.75PE,668GS2040,25MAR2027,907500000.000000,1,OPTIRC,CDS,25000.000000,1250,False
3676,EURINR26DEC107PE,EURINR,29DEC2026,1070000000.000000,1,OPTCUR,CDS,25000.000000,10000,False
3702,EURUSD27MAR1.13PE,EURUSD,29MAR2027,11300000.000000,1,OPTCUR,CDS,1000.000000,10000,False
3755,GBPINR26N27125.5PE,GBPINR,27NOV2026,1255000000.000000,1,OPTCUR,CDS,25000.000000,10000,False
3756,EURUSD26NOV1.255CE,EURUSD,26NOV2026,12550000.000000,1,OPTCUR,CDS,1000.000000,10000,False
3764,GBPINR26N27126.25PE,GBPINR,27NOV2026,1262500000.000000,1,OPTCUR,CDS,25000.000000,10000,False
3770,GBPINR26N27126.75PE,GBPINR,27NOV2026,1267500000.000000,1,OPTCUR,CDS,25000.000000,10000,False
3809,JPYINR27JUNFUT,JPYINR,28JUN2027,-1.000000,1,FUTCUR,CDS,25000.000000,10000,False
3815,EURUSD27MAR1.225CE,EURUSD,29MAR2027,12250000.000000,1,OPTCUR,CDS,1000.000000,10000,False
3820,EURUSD27MAR1.23PE,EURUSD,29MAR2027,12300000.000000,1,OPTCUR,CDS,1000.000000,10000,False
3833,EURUSD27MAR1.245CE,EURUSD,29MAR2027,12450000.000000,1,OPTCUR,CDS,1000.000000,10000,False
3850,EURINR26O16114.25CE,EURINR,16OCT2026,1142500000.000000,1,OPTCUR,CDS,25000.000000,10000,False
3852,EURUSD27MAR1.265CE,EURUSD,29MAR2027,12650000.000000,1,OPTCUR,CDS,1000.000000,10000,False
3868,EURINR26O16114.5CE,EURINR,16OCT2026,1145000000.000000,1,OPTCUR,CDS,25000.000000,10000,False
3908,EURUSD26NOV1.26PE,EURUSD,26NOV2026,12600000.000000,1,OPTCUR,CDS,1000.000000,10000,False
3911,GBPINR26N20127.75CE,GBPINR,20NOV2026,1277500000.000000,1,OPTCUR,CDS,25000.000000,10000,False
3923,GBPINR26N20128.25CE,GBPINR,20NOV2026,1282500000.000000,1,OPTCUR,CDS,25000.000000,10000,False
3955,EURUSD26OCT1.28PE,EURUSD,28OCT2026,12800000.000000,1,OPTCUR,CDS,1000.000000,10000,False
3963,GBPINR26N20129.25CE,GBPINR,20NOV2026,1292500000.000000,1,OPTCUR,CDS,25000.000000,10000,False
4027,GBPINR26N20130.75CE,GBPINR,20NOV2026,1307500000.000000,1,OPTCUR,CDS,25000.000000,10000,False
4030,EURINR26OCT107PE,EURINR,28OCT2026,1070000000.000000,1,OPTCUR,CDS,25000.000000,10000,False
4057,GBPINR26O09125.5PE,GBPINR,09OCT2026,1255000000.000000,1,OPTCUR,CDS,25000.000000,10000,False
4060,GBPINR26N20131.5CE,GBPINR,20NOV2026,1315000000.000000,1,OPTCUR,CDS,25000.000000,10000,False
4069,GBPINR26N20131.75PE,GBPINR,20NOV2026,1317500000.000000,1,OPTCUR,CDS,25000.000000,10000,False
4089,EURINR27JUN104CE,EURINR,28JUN2027,1040000000.000000,1,OPTCUR,CDS,25000.000000,10000,False
4096,EURUSD27MAR1.02CE,EURUSD,29MAR2027,10200000.000000,1,OPTCUR,CDS,1000.000000,10000,False
4140,EURINR27JUN106CE,EURINR,28JUN2027,1060000000.000000,1,OPTCUR,CDS,25000.000000,10000,False
4160,EURINR27JUN107.75CE,EURINR,28JUN2027,1077500000.000000,1,OPTCUR,CDS,25000.000000,10000,False
4163,EURINR27JUN108CE,EURINR,28JUN2027,1080000000.000000,1,OPTCUR,CDS,25000.000000,10000,False
4166,EURINR27JUN108.25PE,EURINR,28JUN2027,1082500000.000000,1,OPTCUR,CDS,25000.000000,10000,False
4200,EURINR27JUN111.5CE,EURINR,28JUN2027,1115000000.000000,1,OPTCUR,CDS,25000.000000,10000,False
4211,EURINR27JUN112PE,EURINR,28JUN2027,1120000000.000000,1,OPTCUR,CDS,25000.000000,10000,False
4221,723GS203926SEP97.5CE,723GS2039,24SEP2026,975000000.000000,1,OPTIRC,CDS,25000.000000,1250,False
4236,EURUSD26SEP1.015PE,EURUSD,28SEP2026,10150000.000000,1,OPTCUR,CDS,1000.000000,10000,False
4239,EURUSD27MAR1.015CE,EURUSD,29MAR2027,10150000.000000,1,OPTCUR,CDS,1000.000000,10000,False
4271,GBPINR26O09126.5CE,GBPINR,09OCT2026,1265000000.000000,1,OPTCUR,CDS,25000.000000,10000,False
4276,GBPINR26NOV126CE,GBPINR,26NOV2026,1260000000.000000,1,OPTCUR,CDS,25000.000000,10000,False
4279,GBPUSD27MAR1.195CE,GBPUSD,29MAR2027,11950000.000000,1,OPTCUR,CDS,1000.000000,10000,False
4295,EURUSD27JUN1.065PE,EURUSD,28JUN2027,10650000.000000,1,OPTCUR,CDS,1000.000000,10000,False
4299,GBPINR26918130.25PE,GBPINR,18SEP2026,1302500000.000000,1,OPTCUR,CDS,25000.000000,10000,False
4301,EURUSD27JUN1.08CE,EURUSD,28JUN2027,10800000.000000,1,OPTCUR,CDS,1000.000000,10000,False
4303,EURUSD27JUN1.085CE,EURUSD,28JUN2027,10850000.000000,1,OPTCUR,CDS,1000.000000,10000,False
4313,EURUSD27JUN1.105PE,EURUSD,28JUN2027,11050000.000000,1,OPTCUR,CDS,1000.000000,10000,False
4314,EURUSD27JUN1.11CE,EURUSD,28JUN2027,11100000.000000,1,OPTCUR,CDS,1000.000000,10000,False
4320,EURUSD27JUN1.115PE,EURUSD,28JUN2027,11150000.000000,1,OPTCUR,CDS,1000.000000,10000,False
4329,EURUSD27JUN1.135CE,EURUSD,28JUN2027,11350000.000000,1,OPTCUR,CDS,1000.000000,10000,False
4332,EURUSD27JUN1.14CE,EURUSD,28JUN2027,11400000.000000,1,OPTCUR,CDS,1000.000000,10000,False
4339,EURUSD27JUN1.15CE,EURUSD,28JUN2027,11500000.000000,1,OPTCUR,CDS,1000.000000,10000,False
4352,EURUSD27JUN1.175PE,EURUSD,28JUN2027,11750000.000000,1,OPTCUR,CDS,1000.000000,10000,False
4357,EURUSD27JUN1.19CE,EURUSD,28JUN2027,11900000.000000,1,OPTCUR,CDS,1000.000000,10000,False
4362,EURUSD27JUN1.2PE,EURUSD,28JUN2027,12000000.000000,1,OPTCUR,CDS,1000.000000,10000,False
4364,EURUSD27JUN1.205CE,EURUSD,28JUN2027,12050000.000000,1,OPTCUR,CDS,1000.000000,10000,False
4383,EURUSD27JUN1.245CE,EURUSD,28JUN2027,12450000.000000,1,OPTCUR,CDS,1000.000000,10000,False
4391,USDINR2692596.625CE,USDINR,25SEP2026,966250000.000000,1,OPTCUR,CDS,25000.000000,10000,False
4393,USDINR2692596.875CE,USDINR,25SEP2026,968750000.000000,1,OPTCUR,CDS,25000.000000,10000,False
4396,GBPINR26O09127PE,GBPINR,09OCT2026,1270000000.000000,1,OPTCUR,CDS,25000.000000,10000,False
4422,EURUSD27JUN1.27CE,EURUSD,28JUN2027,12700000.000000,1,OPTCUR,CDS,1000.000000,10000,False
4441,EURINR26O30108.75PE,EURINR,30OCT2026,1087500000.000000,1,OPTCUR,CDS,25000.000000,10000,False
4445,EURINR26O30109PE,EURINR,30OCT2026,1090000000.000000,1,OPTCUR,CDS,25000.000000,10000,False
4496,GBPINR27MAR119.75PE,GBPINR,29MAR2027,1197500000.000000,1,OPTCUR,CDS,25000.000000,10000,False
4497,GBPINR26O09128.25CE,GBPINR,09OCT2026,1282500000.000000,1,OPTCUR,CDS,25000.000000,10000,False
4498,GBPINR26O09128.25PE,GBPINR,09OCT2026,1282500000.000000,1,OPTCUR,CDS,25000.000000,10000,False
4546,GBPINR27JUN121.25CE,GBPINR,28JUN2027,1212500000.000000,1,OPTCUR,CDS,25000.000000,10000,False
4565,GBPINR27JUN121.75CE,GBPINR,28JUN2027,1217500000.000000,1,OPTCUR,CDS,25000.000000,10000,False
4593,GBPINR27JUN122.5CE,GBPINR,28JUN2027,1225000000.000000,1,OPTCUR,CDS,25000.000000,10000,False
4599,GBPINR27JUN122.75CE,GBPINR,28JUN2027,1227500000.000000,1,OPTCUR,CDS,25000.000000,10000,False
4624,GBPINR27JUN123.5PE,GBPINR,28JUN2027,1235000000.000000,1,OPTCUR,CDS,25000.000000,10000,False
4676,USDINR26O0194.625CE,USDINR,01OCT2026,946250000.000000,1,OPTCUR,CDS,25000.000000,10000,False
4723,GBPINR27MAR120.75CE,GBPINR,29MAR2027,1207500000.000000,1,OPTCUR,CDS,25000.000000,10000,False
4747,JPYINR2691856.5CE,JPYINR,18SEP2026,565000000.000000,1,OPTCUR,CDS,25000.000000,10000,False
4751,EURINR26O30109.5CE,EURINR,30OCT2026,1095000000.000000,1,OPTCUR,CDS,25000.000000,10000,False
4766,723GS203926SEP97.5PE,723GS2039,24SEP2026,975000000.000000,1,OPTIRC,CDS,25000.000000,1250,False
4769,JPYINR2691857.25CE,JPYINR,18SEP2026,572500000.000000,1,OPTCUR,CDS,25000.000000,10000,False
4770,GBPINR27MAR121.25PE,GBPINR,29MAR2027,1212500000.000000,1,OPTCUR,CDS,25000.000000,10000,False
4781,USDJPY26OCT145.5CE,USDJPY,28OCT2026,1455000000.000000,1,OPTCUR,CDS,100000.000000,10000,False
4804,JPYINR2691857.25PE,JPYINR,18SEP2026,572500000.000000,1,OPTCUR,CDS,25000.000000,10000,False
4812,EURINR26O30111PE,EURINR,30OCT2026,1110000000.000000,1,OPTCUR,CDS,25000.000000,10000,False
4824,JPYINR2691858.5CE,JPYINR,18SEP2026,585000000.000000,1,OPTCUR,CDS,25000.000000,10000,False
4838,JPYINR2691858.75CE,JPYINR,18SEP2026,587500000.000000,1,OPTCUR,CDS,25000.000000,10000,False
4859,USDJPY26OCT146.5PE,USDJPY,28OCT2026,1465000000.000000,1,OPTCUR,CDS,100000.000000,10000,False
4912,JPYINR2691860PE,JPYINR,18SEP2026,600000000.000000,1,OPTCUR,CDS,25000.000000,10000,False
4943,EURINR26925108.25PE,EURINR,25SEP2026,1082500000.000000,1,OPTCUR,CDS,25000.000000,10000,False
4954,EURINR26925109.25CE,EURINR,25SEP2026,1092500000.000000,1,OPTCUR,CDS,25000.000000,10000,False
4961,EURINR26925110PE,EURINR,25SEP2026,1100000000.000000,1,OPTCUR,CDS,25000.000000,10000,False
4970,EURINR26925110.5PE,EURINR,25SEP2026,1105000000.000000,1,OPTCUR,CDS,25000.000000,10000,False
4971,EURINR26925110.75CE,EURINR,25SEP2026,1107500000.000000,1,OPTCUR,CDS,25000.000000,10000,False
4982,EURINR26925112PE,EURINR,25SEP2026,1120000000.000000,1,OPTCUR,CDS,25000.000000,10000,False
4983,EURINR26925112.25CE,EURINR,25SEP2026,1122500000.000000,1,OPTCUR,CDS,25000.000000,10000,False
5003,GBPINR26NOV127.25CE,GBPINR,26NOV2026,1272500000.000000,1,OPTCUR,CDS,25000.000000,10000,False
5024,JPYINR2691860.25PE,JPYINR,18SEP2026,602500000.000000,1,OPTCUR,CDS,25000.000000,10000,False
5048,JPYINR2691860.5PE,JPYINR,18SEP2026,605000000.000000,1,OPTCUR,CDS,25000.000000,10000,False
5070,EURINR26925114.25CE,EURINR,25SEP2026,1142500000.000000,1,OPTCUR,CDS,25000.000000,10000,False
5075,EURINR26O30114.25PE,EURINR,30OCT2026,1142500000.000000,1,OPTCUR,CDS,25000.000000,10000,False
5077,EURINR26925114.5PE,EURINR,25SEP2026,1145000000.000000,1,OPTCUR,CDS,25000.000000,10000,False
5080,JPYINR2691861.25PE,JPYINR,18SEP2026,612500000.000000,1,OPTCUR,CDS,25000.000000,10000,False
5097,JPYINR2691862.25CE,JPYINR,18SEP2026,622500000.000000,1,OPTCUR,CDS,25000.000000,10000,False
5107,EURINR26SEP112CE,EURINR,28SEP2026,1120000000.000000,1,OPTCUR,CDS,25000.000000,10000,False
5125,JPYINR2691862.75PE,JPYINR,18SEP2026,627500000.000000,1,OPTCUR,CDS,25000.000000,10000,False
5143,GBPINR26918133.75CE,GBPINR,18SEP2026,1337500000.000000,1,OPTCUR,CDS,25000.000000,10000,False
5161,GBPINR26O09129.25PE,GBPINR,09OCT2026,1292500000.000000,1,OPTCUR,CDS,25000.000000,10000,False
5206,GBPINR26O09130.5PE,GBPINR,09OCT2026,1305000000.000000,1,OPTCUR,CDS,25000.000000,10000,False
5225,JPYINR2691863.75CE,JPYINR,18SEP2026,637500000.000000,1,OPTCUR,CDS,25000.000000,10000,False
5232,EURINR26OCT110PE,EURINR,28OCT2026,1100000000.000000,1,OPTCUR,CDS,25000.000000,10000,False
5235,GBPINR26O09131.25CE,GBPINR,09OCT2026,1312500000.000000,1,OPTCUR,CDS,25000.000000,10000,False
5236,GBPINR26O09131.25PE,GBPINR,09OCT2026,1312500000.000000,1,OPTCUR,CDS,25000.000000,10000,False
5244,GBPINR26925124.5PE,GBPINR,25SEP2026,1245000000.000000,1,OPTCUR,CDS,25000.000000,10000,False
5261,USDINR2692594.375PE,USDINR,25SEP2026,943750000.000000,1,OPTCUR,CDS,25000.000000,10000,False
5265,GBPINR26O09131.75PE,GBPINR,09OCT2026,1317500000.000000,1,OPTCUR,CDS,25000.000000,10000,False
5274,GBPINR26925124.75CE,GBPINR,25SEP2026,1247500000.000000,1,OPTCUR,CDS,25000.000000,10000,False
5283,GBPINR27JUN127.25PE,GBPINR,28JUN2027,1272500000.000000,1,OPTCUR,CDS,25000.000000,10000,False
5286,GBPINR26925125.5PE,GBPINR,25SEP2026,1255000000.000000,1,OPTCUR,CDS,25000.000000,10000,False
5291,EURINR26SEP113.25CE,EURINR,28SEP2026,1132500000.000000,1,OPTCUR,CDS,25000.000000,10000,False
5306,GBPINR26925126.25PE,GBPINR,25SEP2026,1262500000.000000,1,OPTCUR,CDS,25000.000000,10000,False
5307,GBPINR26925126.5CE,GBPINR,25SEP2026,1265000000.000000,1,OPTCUR,CDS,25000.000000,10000,False
5311,GBPINR26925126.5PE,GBPINR,25SEP2026,1265000000.000000,1,OPTCUR,CDS,25000.000000,10000,False
5319,USDINR26O0194.375PE,USDINR,01OCT2026,943750000.000000,1,OPTCUR,CDS,25000.000000,10000,False
5326,GBPINR26O09132.5CE,GBPINR,09OCT2026,1325000000.000000,1,OPTCUR,CDS,25000.000000,10000,False
5330,EURINR26DEC113.25CE,EURINR,29DEC2026,1132500000.000000,1,OPTCUR,CDS,25000.000000,10000,False
5331,EURINR26OCT111.25PE,EURINR,28OCT2026,1112500000.000000,1,OPTCUR,CDS,25000.000000,10000,False
5339,EURINR26OCT111.5PE,EURINR,28OCT2026,1115000000.000000,1,OPTCUR,CDS,25000.000000,10000,False
5340,EURINR26OCT111.75CE,EURINR,28OCT2026,1117500000.000000,1,OPTCUR,CDS,25000.000000,10000,False
5353,GBPINR26925127.5PE,GBPINR,25SEP2026,1275000000.000000,1,OPTCUR,CDS,25000.000000,10000,False
5366,EURINR26OCT112.25PE,EURINR,28OCT2026,1122500000.000000,1,OPTCUR,CDS,25000.000000,10000,False
5381,668GS204026SEP93.5PE,668GS2040,24SEP2026,935000000.000000,1,OPTIRC,CDS,25000.000000,1250,False
5386,GBPINR26925128.5PE,GBPINR,25SEP2026,1285000000.000000,1,OPTCUR,CDS,25000.000000,10000,False
5419,GBPINR26925129.5PE,GBPINR,25SEP2026,1295000000.000000,1,OPTCUR,CDS,25000.000000,10000,False
5428,648GS203526SEP95PE,648GS2035,24SEP2026,950000000.000000,1,OPTIRC,CDS,25000.000000,1250,False
5430,GBPINR26925129.75PE,GBPINR,25SEP2026,1297500000.000000,1,OPTCUR,CDS,25000.000000,10000,False
5431,GBPINR26925130CE,GBPINR,25SEP2026,1300000000.000000,1,OPTCUR,CDS,25000.000000,10000,False
5448,GBPINR26O09133.25PE,GBPINR,09OCT2026,1332500000.000000,1,OPTCUR,CDS,25000.000000,10000,False
5481,GBPINR26925131.75PE,GBPINR,25SEP2026,1317500000.000000,1,OPTCUR,CDS,25000.000000,10000,False
5491,GBPINR27JUN130PE,GBPINR,28JUN2027,1300000000.000000,1,OPTCUR,CDS,25000.000000,10000,False
5502,EURINR26OCT114.75CE,EURINR,28OCT2026,1147500000.000000,1,OPTCUR,CDS,25000.000000,10000,False
5506,GBPINR26NOV128PE,GBPINR,26NOV2026,1280000000.000000,1,OPTCUR,CDS,25000.000000,10000,False
5515,GBPINR26NOV128.25CE,GBPINR,26NOV2026,1282500000.000000,1,OPTCUR,CDS,25000.000000,10000,False
5525,EURINR26OCT114.75PE,EURINR,28OCT2026,1147500000.000000,1,OPTCUR,CDS,25000.000000,10000,False
5537,EURUSD26DEC1.06PE,EURUSD,29DEC2026,10600000.000000,1,OPTCUR,CDS,1000.000000,10000,False
5554,GBPINR27JUN133.75PE,GBPINR,28JUN2027,1337500000.000000,1,OPTCUR,CDS,25000.000000,10000,False
5602,GBPINR26O09133.75CE,GBPINR,09OCT2026,1337500000.000000,1,OPTCUR,CDS,25000.000000,10000,False
5612,USDJPY26OCT147.5CE,USDJPY,28OCT2026,1475000000.000000,1,OPTCUR,CDS,100000.000000,10000,False
5629,USDJPY26OCT148PE,USDJPY,28OCT2026,1480000000.000000,1,OPTCUR,CDS,100000.000000,10000,False
5631,EURUSD26DEC1.14CE,EURUSD,29DEC2026,11400000.000000,1,OPTCUR,CDS,1000.000000,10000,False
5683,EURUSD26DEC1.16PE,EURUSD,29DEC2026,11600000.000000,1,OPTCUR,CDS,1000.000000,10000,False
5705,GBPINR27MAR122CE,GBPINR,29MAR2027,1220000000.000000,1,OPTCUR,CDS,25000.000000,10000,False
5718,EURINR26O23108.25PE,EURINR,23OCT2026,1082500000.000000,1,OPTCUR,CDS,25000.000000,10000,False
5720,EURUSD26DEC1.165PE,EURUSD,29DEC2026,11650000.000000,1,OPTCUR,CDS,1000.000000,10000,False
5742,EURINR26O23109.5CE,EURINR,23OCT2026,1095000000.000000,1,OPTCUR,CDS,25000.000000,10000,False
5743,JPYINR26N2059.75PE,JPYINR,20NOV2026,597500000.000000,1,OPTCUR,CDS,25000.000000,10000,False
5747,JPYINR26N2060PE,JPYINR,20NOV2026,600000000.000000,1,OPTCUR,CDS,25000.000000,10000,False
5769,EURINR26O23110CE,EURINR,23OCT2026,1100000000.000000,1,OPTCUR,CDS,25000.000000,10000,False
5791,USDINR2691892.25PE,USDINR,18SEP2026,922500000.000000,1,OPTCUR,CDS,25000.000000,10000,False
5803,EURINR26O23110.25CE,EURINR,23OCT2026,1102500000.000000,1,OPTCUR,CDS,25000.000000,10000,False
5817,EURINR26O23111CE,EURINR,23OCT2026,1110000000.000000,1,OPTCUR,CDS,25000.000000,10000,False
5848,JPYINR2692558.5PE,JPYINR,25SEP2026,585000000.000000,1,OPTCUR,CDS,25000.000000,10000,False
5851,EURINR26O23113CE,EURINR,23OCT2026,1130000000.000000,1,OPTCUR,CDS,25000.000000,10000,False
5880,USDINR2691893.75CE,USDINR,18SEP2026,937500000.000000,1,OPTCUR,CDS,25000.000000,10000,False
5927,EURUSD26OCT1.11CE,EURUSD,28OCT2026,11100000.000000,1,OPTCUR,CDS,1000.000000,10000,False
5857,EURUSD26OCT1.075CE,EURUSD,28OCT2026,10750000.000000,1,OPTCUR,CDS,1000.000000,10000,False
5918,EURINR26O23115CE,EURINR,23OCT2026,1150000000.000000,1,OPTCUR,CDS,25000.000000,10000,False
5961,JPYINR2692560.5CE,JPYINR,25SEP2026,605000000.000000,1,OPTCUR,CDS,25000.000000,10000,False
5962,EURUSD26DEC1.205PE,EURUSD,29DEC2026,12050000.000000,1,OPTCUR,CDS,1000.000000,10000,False
5970,JPYINR26SEP54.75CE,JPYINR,28SEP2026,547500000.000000,1,OPTCUR,CDS,25000.000000,10000,False
5990,EURUSD26OCT1.13PE,EURUSD,28OCT2026,11300000.000000,1,OPTCUR,CDS,1000.000000,10000,False
5993,EURUSD26OCT1.14CE,EURUSD,28OCT2026,11400000.000000,1,OPTCUR,CDS,1000.000000,10000,False
5997,EURUSD26DEC1.22PE,EURUSD,29DEC2026,12200000.000000,1,OPTCUR,CDS,1000.000000,10000,False
6014,GBPINR26O30125.75PE,GBPINR,30OCT2026,1257500000.000000,1,OPTCUR,CDS,25000.000000,10000,False
6024,EURUSD26DEC1.23PE,EURUSD,29DEC2026,12300000.000000,1,OPTCUR,CDS,1000.000000,10000,False
6044,GBPINR27MAR122.5CE,GBPINR,29MAR2027,1225000000.000000,1,OPTCUR,CDS,25000.000000,10000,False
6049,USDJPY27JUN148CE,USDJPY,28JUN2027,1480000000.000000,1,OPTCUR,CDS,100000.000000,10000,False
6052,GBPINR27MAR122.75CE,GBPINR,29MAR2027,1227500000.000000,1,OPTCUR,CDS,25000.000000,10000,False
6071,GBPUSD27JUN1.2PE,GBPUSD,28JUN2027,12000000.000000,1,OPTCUR,CDS,1000.000000,10000,False
6074,USDJPY27JUN148.5CE,USDJPY,28JUN2027,1485000000.000000,1,OPTCUR,CDS,100000.000000,10000,False
6082,GBPINR27MAR122.75PE,GBPINR,29MAR2027,1227500000.000000,1,OPTCUR,CDS,25000.000000,10000,False
6083,USDINR2691895.5CE,USDINR,18SEP2026,955000000.000000,1,OPTCUR,CDS,25000.000000,10000,False
6084,USDINR2691895.5PE,USDINR,18SEP2026,955000000.000000,1,OPTCUR,CDS,25000.000000,10000,False
6099,JPYINR2692562CE,JPYINR,25SEP2026,620000000.000000,1,OPTCUR,CDS,25000.000000,10000,False
6106,JPYINR26N2061.75CE,JPYINR,20NOV2026,617500000.000000,1,OPTCUR,CDS,25000.000000,10000,False
6124,GBPINR26O30127.25CE,GBPINR,30OCT2026,1272500000.000000,1,OPTCUR,CDS,25000.000000,10000,False
6127,USDINR2691895.75PE,USDINR,18SEP2026,957500000.000000,1,OPTCUR,CDS,25000.000000,10000,False
6135,JPYINR2692563.25PE,JPYINR,25SEP2026,632500000.000000,1,OPTCUR,CDS,25000.000000,10000,False
6161,JPYINR26O0955.75CE,JPYINR,09OCT2026,557500000.000000,1,OPTCUR,CDS,25000.000000,10000,False
6180,USDINR2691896.5PE,USDINR,18SEP2026,965000000.000000,1,OPTCUR,CDS,25000.000000,10000,False
6183,USDINR2691897CE,USDINR,18SEP2026,970000000.000000,1,OPTCUR,CDS,25000.000000,10000,False
6185,USDINR2691897.25CE,USDINR,18SEP2026,972500000.000000,1,OPTCUR,CDS,25000.000000,10000,False
6197,USDINR2691897.75PE,USDINR,18SEP2026,977500000.000000,1,OPTCUR,CDS,25000.000000,10000,False
6231,EURINR26SEP114PE,EURINR,28SEP2026,1140000000.000000,1,OPTCUR,CDS,25000.000000,10000,False
6236,EURINR26SEP114.75CE,EURINR,28SEP2026,1147500000.000000,1,OPTCUR,CDS,25000.000000,10000,False
6238,EURINR26SEP114.75PE,EURINR,28SEP2026,1147500000.000000,1,OPTCUR,CDS,25000.000000,10000,False
6248,GBPINR26O30128.5PE,GBPINR,30OCT2026,1285000000.000000,1,OPTCUR,CDS,25000.000000,10000,False
6254,JPYINR26O0956.75CE,JPYINR,09OCT2026,567500000.000000,1,OPTCUR,CDS,25000.000000,10000,False
6260,USDINR2692592.75CE,USDINR,25SEP2026,927500000.000000,1,OPTCUR,CDS,25000.000000,10000,False
6262,EURINR26DEC114CE,EURINR,29DEC2026,1140000000.000000,1,OPTCUR,CDS,25000.000000,10000,False
6266,GBPINR26O23125.5CE,GBPINR,23OCT2026,1255000000.000000,1,OPTCUR,CDS,25000.000000,10000,False
6306,USDINR2692595.125CE,USDINR,25SEP2026,951250000.000000,1,OPTCUR,CDS,25000.000000,10000,False
6310,JPYINR26O0957.25CE,JPYINR,09OCT2026,572500000.000000,1,OPTCUR,CDS,25000.000000,10000,False
6316,GBPINR26O23127PE,GBPINR,23OCT2026,1270000000.000000,1,OPTCUR,CDS,25000.000000,10000,False
6328,GBPINR26O30129.25CE,GBPINR,30OCT2026,1292500000.000000,1,OPTCUR,CDS,25000.000000,10000,False
6332,GBPINR26O23128.25CE,GBPINR,23OCT2026,1282500000.000000,1,OPTCUR,CDS,25000.000000,10000,False
6350,USDINR2692596.5CE,USDINR,25SEP2026,965000000.000000,1,OPTCUR,CDS,25000.000000,10000,False
6363,GBPINR26O23128.75PE,GBPINR,23OCT2026,1287500000.000000,1,OPTCUR,CDS,25000.000000,10000,False
6375,JPYINR26O0957.75PE,JPYINR,09OCT2026,577500000.000000,1,OPTCUR,CDS,25000.000000,10000,False
6377,GBPINR26O23129PE,GBPINR,23OCT2026,1290000000.000000,1,OPTCUR,CDS,25000.000000,10000,False
6386,GBPUSD27JUN1.21CE,GBPUSD,28JUN2027,12100000.000000,1,OPTCUR,CDS,1000.000000,10000,False
6389,USDINR2692598.25PE,USDINR,25SEP2026,982500000.000000,1,OPTCUR,CDS,25000.000000,10000,False
6397,USDINR2691899.25CE,USDINR,18SEP2026,992500000.000000,1,OPTCUR,CDS,25000.000000,10000,False
6398,USDINR2692598.75CE,USDINR,25SEP2026,987500000.000000,1,OPTCUR,CDS,25000.000000,10000,False
6404,633GS203526DEC93.75CE,633GS2035,31DEC2026,937500000.000000,1,OPTIRC,CDS,25000.000000,1250,False
6412,JPYINR26O0958.5PE,JPYINR,09OCT2026,585000000.000000,1,OPTCUR,CDS,25000.000000,10000,False
6413,JPYINR26O0958.75CE,JPYINR,09OCT2026,587500000.000000,1,OPTCUR,CDS,25000.000000,10000,False
6416,USDINR2692599.5PE,USDINR,25SEP2026,995000000.000000,1,OPTCUR,CDS,25000.000000,10000,False
6429,JPYINR26O0958.75PE,JPYINR,09OCT2026,587500000.000000,1,OPTCUR,CDS,25000.000000,10000,False
6438,USDINR2691899.25PE,USDINR,18SEP2026,992500000.000000,1,OPTCUR,CDS,25000.000000,10000,False
6444,GBPINR26O16126.25CE,GBPINR,16OCT2026,1262500000.000000,1,OPTCUR,CDS,25000.000000,10000,False
6456,JPYINR26O0959.25CE,JPYINR,09OCT2026,592500000.000000,1,OPTCUR,CDS,25000.000000,10000,False
6475,GBPUSD26DEC1.215PE,GBPUSD,29DEC2026,12150000.000000,1,OPTCUR,CDS,1000.000000,10000,False
6477,GBPINR26O30131CE,GBPINR,30OCT2026,1310000000.000000,1,OPTCUR,CDS,25000.000000,10000,False
6478,GBPINR26O30131PE,GBPINR,30OCT2026,1310000000.000000,1,OPTCUR,CDS,25000.000000,10000,False
6481,GBPINR26O30131.25CE,GBPINR,30OCT2026,1312500000.000000,1,OPTCUR,CDS,25000.000000,10000,False
6485,GBPINR26O30131.5CE,GBPINR,30OCT2026,1315000000.000000,1,OPTCUR,CDS,25000.000000,10000,False
6496,GBPINR26O16126.5PE,GBPINR,16OCT2026,1265000000.000000,1,OPTCUR,CDS,25000.000000,10000,False
6512,JPYINR26N2063PE,JPYINR,20NOV2026,630000000.000000,1,OPTCUR,CDS,25000.000000,10000,False
6530,JPYINR26SEP56.25CE,JPYINR,28SEP2026,562500000.000000,1,OPTCUR,CDS,25000.000000,10000,False
6537,JPYINR26N2759.75CE,JPYINR,27NOV2026,597500000.000000,1,OPTCUR,CDS,25000.000000,10000,False
6561,JPYINR26N2760.25CE,JPYINR,27NOV2026,602500000.000000,1,OPTCUR,CDS,25000.000000,10000,False
6610,JPYINR26O0960.75PE,JPYINR,09OCT2026,607500000.000000,1,OPTCUR,CDS,25000.000000,10000,False
6647,GBPINR26O30132.75CE,GBPINR,30OCT2026,1327500000.000000,1,OPTCUR,CDS,25000.000000,10000,False
6649,GBPUSD27JUN1.45PE,GBPUSD,28JUN2027,14500000.000000,1,OPTCUR,CDS,1000.000000,10000,False
6697,GBPINR26O23133.25PE,GBPINR,23OCT2026,1332500000.000000,1,OPTCUR,CDS,25000.000000,10000,False
6712,JPYINR26SEP56.5CE,JPYINR,28SEP2026,565000000.000000,1,OPTCUR,CDS,25000.000000,10000,False
6714,JPYINR26SEP56.5PE,JPYINR,28SEP2026,565000000.000000,1,OPTCUR,CDS,25000.000000,10000,False
6716,GBPINR26O30133.25CE,GBPINR,30OCT2026,1332500000.000000,1,OPTCUR,CDS,25000.000000,10000,False
6720,GBPINR26O30133.5CE,GBPINR,30OCT2026,1335000000.000000,1,OPTCUR,CDS,25000.000000,10000,False
6730,636GS203126SEP95.75CE,636GS2031,24SEP2026,957500000.000000,1,OPTIRC,CDS,25000.000000,1250,False
6748,EURUSD26OCT1.17CE,EURUSD,28OCT2026,11700000.000000,1,OPTCUR,CDS,1000.000000,10000,False
6749,636GS203126SEP95.75PE,636GS2031,24SEP2026,957500000.000000,1,OPTIRC,CDS,25000.000000,1250,False
6761,JPYINR26O0962PE,JPYINR,09OCT2026,620000000.000000,1,OPTCUR,CDS,25000.000000,10000,False
6774,GBPUSD26DEC1.5CE,GBPUSD,29DEC2026,15000000.000000,1,OPTCUR,CDS,1000.000000,10000,False
6813,GBPINR26NOV130PE,GBPINR,26NOV2026,1300000000.000000,1,OPTCUR,CDS,25000.000000,10000,False
6815,EURUSD26OCT1.205PE,EURUSD,28OCT2026,12050000.000000,1,OPTCUR,CDS,1000.000000,10000,False
6826,636GS203126SEP97PE,636GS2031,24SEP2026,970000000.000000,1,OPTIRC,CDS,25000.000000,1250,False
6832,EURUSD26OCT1.21CE,EURUSD,28OCT2026,12100000.000000,1,OPTCUR,CDS,1000.000000,10000,False
6856,636GS203126SEP97.5CE,636GS2031,24SEP2026,975000000.000000,1,OPTIRC,CDS,25000.000000,1250,False
6868,GBPUSD27JUN1.25PE,GBPUSD,28JUN2027,12500000.000000,1,OPTCUR,CDS,1000.000000,10000,False
6873,JPYINR26O0962.75CE,JPYINR,09OCT2026,627500000.000000,1,OPTCUR,CDS,25000.000000,10000,False
6883,USDINR2692597.125CE,USDINR,25SEP2026,971250000.000000,1,OPTCUR,CDS,25000.000000,10000,False
6887,GBPINR26O01FUT,GBPINR,01OCT2026,-1.000000,1,FUTCUR,CDS,25000.000000,10000,False
6952,EURUSD26OCT1.255CE,EURUSD,28OCT2026,12550000.000000,1,OPTCUR,CDS,1000.000000,10000,False
6964,USDINR26DEC96.75CE,USDINR,29DEC2026,967500000.000000,1,OPTCUR,CDS,25000.000000,10000,False
6975,JPYINR26N2761.5PE,JPYINR,27NOV2026,615000000.000000,1,OPTCUR,CDS,25000.000000,10000,False
6976,636GS203126SEP98CE,636GS2031,24SEP2026,980000000.000000,1,OPTIRC,CDS,25000.000000,1250,False
6980,636GS203126SEP98.25PE,636GS2031,24SEP2026,982500000.000000,1,OPTIRC,CDS,25000.000000,1250,False
6984,EURINR26O01106.5PE,EURINR,01OCT2026,1065000000.000000,1,OPTCUR,CDS,25000.000000,10000,False
7024,648GS203526SEP96.5PE,648GS2035,24SEP2026,965000000.000000,1,OPTIRC,CDS,25000.000000,1250,False
7031,668GS204027MAR99.5CE,668GS2040,25MAR2027,995000000.000000,1,OPTIRC,CDS,25000.000000,1250,False
7033,EURINR26O01109.5PE,EURINR,01OCT2026,1095000000.000000,1,OPTCUR,CDS,25000.000000,10000,False
7044,EURINR26O01109.75PE,EURINR,01OCT2026,1097500000.000000,1,OPTCUR,CDS,25000.000000,10000,False
7047,633GS203526SEP93.5CE,633GS2035,24SEP2026,935000000.000000,1,OPTIRC,CDS,25000.000000,1250,False
7054,EURINR26O01110.25CE,EURINR,01OCT2026,1102500000.000000,1,OPTCUR,CDS,25000.000000,10000,False
7055,EURINR26O01110.25PE,EURINR,01OCT2026,1102500000.000000,1,OPTCUR,CDS,25000.000000,10000,False
7064,EURINR26O01110.75PE,EURINR,01OCT2026,1107500000.000000,1,OPTCUR,CDS,25000.000000,10000,False
7069,648GS203526SEP98.75CE,648GS2035,24SEP2026,987500000.000000,1,OPTIRC,CDS,25000.000000,1250,False
7073,JPYINR26O0963.25CE,JPYINR,09OCT2026,632500000.000000,1,OPTCUR,CDS,25000.000000,10000,False
7074,JPYINR26O0963.25PE,JPYINR,09OCT2026,632500000.000000,1,OPTCUR,CDS,25000.000000,10000,False
7087,EURINR26O01111PE,EURINR,01OCT2026,1110000000.000000,1,OPTCUR,CDS,25000.000000,10000,False
7090,648GS203526SEP99.5PE,648GS2035,24SEP2026,995000000.000000,1,OPTIRC,CDS,25000.000000,1250,False
7094,648GS203526SEP99.75PE,648GS2035,24SEP2026,997500000.000000,1,OPTIRC,CDS,25000.000000,1250,False
7104,648GS203526SEP100PE,648GS2035,24SEP2026,1000000000.000000,1,OPTIRC,CDS,25000.000000,1250,False
7108,JPYINR26O0963.5PE,JPYINR,09OCT2026,635000000.000000,1,OPTCUR,CDS,25000.000000,10000,False
7115,JPYINR26O0964CE,JPYINR,09OCT2026,640000000.000000,1,OPTCUR,CDS,25000.000000,10000,False
7118,JPYINR26O3056.5CE,JPYINR,30OCT2026,565000000.000000,1,OPTCUR,CDS,25000.000000,10000,False
7120,JPYINR26O3056.5PE,JPYINR,30OCT2026,565000000.000000,1,OPTCUR,CDS,25000.000000,10000,False
7138,648GS203526SEP100.5CE,648GS2035,24SEP2026,1005000000.000000,1,OPTIRC,CDS,25000.000000,1250,False
7145,648GS203526SEP100.75CE,648GS2035,24SEP2026,1007500000.000000,1,OPTIRC,CDS,25000.000000,1250,False
7150,JPYINR26O3058CE,JPYINR,30OCT2026,580000000.000000,1,OPTCUR,CDS,25000.000000,10000,False
7152,GBPINR26NOV131.5PE,GBPINR,26NOV2026,1315000000.000000,1,OPTCUR,CDS,25000.000000,10000,False
7166,GBPINR26NOV132.25CE,GBPINR,26NOV2026,1322500000.000000,1,OPTCUR,CDS,25000.000000,10000,False
7176,JPYINR26O2357PE,JPYINR,23OCT2026,570000000.000000,1,OPTCUR,CDS,25000.000000,10000,False
7183,JPYINR26O3058.5PE,JPYINR,30OCT2026,585000000.000000,1,OPTCUR,CDS,25000.000000,10000,False
7187,636GS203126SEP100.5CE,636GS2031,24SEP2026,1005000000.000000,1,OPTIRC,CDS,25000.000000,1250,False
7200,648GS203526SEP101.75CE,648GS2035,24SEP2026,1017500000.000000,1,OPTIRC,CDS,25000.000000,1250,False
7216,648GS203526SEP102.25CE,648GS2035,24SEP2026,1022500000.000000,1,OPTIRC,CDS,25000.000000,1250,False
7220,JPYINR26O3059.5PE,JPYINR,30OCT2026,595000000.000000,1,OPTCUR,CDS,25000.000000,10000,False
7224,JPYINR26O3059.75CE,JPYINR,30OCT2026,597500000.000000,1,OPTCUR,CDS,25000.000000,10000,False
7236,648GS203526SEP102.5CE,648GS2035,24SEP2026,1025000000.000000,1,OPTIRC,CDS,25000.000000,1250,False
7242,JPYINR26N2762.25CE,JPYINR,27NOV2026,622500000.000000,1,OPTCUR,CDS,25000.000000,10000,False
7248,JPYINR26O3060.5PE,JPYINR,30OCT2026,605000000.000000,1,OPTCUR,CDS,25000.000000,10000,False
7251,GBPINR26NOV132.25PE,GBPINR,26NOV2026,1322500000.000000,1,OPTCUR,CDS,25000.000000,10000,False
7258,JPYINR26N2762.75PE,JPYINR,27NOV2026,627500000.000000,1,OPTCUR,CDS,25000.000000,10000,False
7264,JPYINR26O3060.75PE,JPYINR,30OCT2026,607500000.000000,1,OPTCUR,CDS,25000.000000,10000,False
7269,JPYINR26N2763.25PE,JPYINR,27NOV2026,632500000.000000,1,OPTCUR,CDS,25000.000000,10000,False
7271,JPYINR26O3061PE,JPYINR,30OCT2026,610000000.000000,1,OPTCUR,CDS,25000.000000,10000,False
7279,GBPUSD27JUN1.26PE,GBPUSD,28JUN2027,12600000.000000,1,OPTCUR,CDS,1000.000000,10000,False
7282,GBPINR27MAR123.75CE,GBPINR,29MAR2027,1237500000.000000,1,OPTCUR,CDS,25000.000000,10000,False
7287,GBPINR26OCT126.25CE,GBPINR,28OCT2026,1262500000.000000,1,OPTCUR,CDS,25000.000000,10000,False
7291,JPYINR26O3061.75CE,JPYINR,30OCT2026,617500000.000000,1,OPTCUR,CDS,25000.000000,10000,False
7295,JPYINR26O0964.25CE,JPYINR,09OCT2026,642500000.000000,1,OPTCUR,CDS,25000.000000,10000,False
7299,GBPINR26O16128.5CE,GBPINR,16OCT2026,1285000000.000000,1,OPTCUR,CDS,25000.000000,10000,False
7302,GBPINR27MAR124.25PE,GBPINR,29MAR2027,1242500000.000000,1,OPTCUR,CDS,25000.000000,10000,False
7305,EURUSD26SEP1.305CE,EURUSD,28SEP2026,13050000.000000,1,OPTCUR,CDS,1000.000000,10000,False
7319,EURUSD26DEC1.3PE,EURUSD,29DEC2026,13000000.000000,1,OPTCUR,CDS,1000.000000,10000,False
7351,636GS203126SEP101.25CE,636GS2031,24SEP2026,1012500000.000000,1,OPTIRC,CDS,25000.000000,1250,False
7356,EURINR26O01114.25CE,EURINR,01OCT2026,1142500000.000000,1,OPTCUR,CDS,25000.000000,10000,False
7357,636GS203126SEP101.5CE,636GS2031,24SEP2026,1015000000.000000,1,OPTIRC,CDS,25000.000000,1250,False
74,GOI7.26%2033,726GS2033,,-1.000000,1,UNDIRC,CDS,25000.000000,1250,False
7399,JPYINR26N2764.5CE,JPYINR,27NOV2026,645000000.000000,1,OPTCUR,CDS,25000.000000,10000,False
7407,GBPINR26NOV133PE,GBPINR,26NOV2026,1330000000.000000,1,OPTCUR,CDS,25000.000000,10000,False
7414,JPYINR26O0964.5CE,JPYINR,09OCT2026,645000000.000000,1,OPTCUR,CDS,25000.000000,10000,False
7416,JPYINR26O3064.5PE,JPYINR,30OCT2026,645000000.000000,1,OPTCUR,CDS,25000.000000,10000,False
7429,JPYINR26O3064.75PE,JPYINR,30OCT2026,647500000.000000,1,OPTCUR,CDS,25000.000000,10000,False
7452,EURUSD26DEC1.27CE,EURUSD,29DEC2026,12700000.000000,1,OPTCUR,CDS,1000.000000,10000,False
7499,EURUSD26DEC1.285CE,EURUSD,29DEC2026,12850000.000000,1,OPTCUR,CDS,1000.000000,10000,False
7536,GBPINR26O16128.5PE,GBPINR,16OCT2026,1285000000.000000,1,OPTCUR,CDS,25000.000000,10000,False
7557,GBPINR26O01126.75CE,GBPINR,01OCT2026,1267500000.000000,1,OPTCUR,CDS,25000.000000,10000,False
7565,GBPINR26O01127.25PE,GBPINR,01OCT2026,1272500000.000000,1,OPTCUR,CDS,25000.000000,10000,False
7578,GBPINR26O01128.25CE,GBPINR,01OCT2026,1282500000.000000,1,OPTCUR,CDS,25000.000000,10000,False
7590,GBPINR26O01129.25CE,GBPINR,01OCT2026,1292500000.000000,1,OPTCUR,CDS,25000.000000,10000,False
7592,GBPINR26O01129.5CE,GBPINR,01OCT2026,1295000000.000000,1,OPTCUR,CDS,25000.000000,10000,False
7607,GBPINR26O01131PE,GBPINR,01OCT2026,1310000000.000000,1,OPTCUR,CDS,25000.000000,10000,False
7608,GBPINR26O01131.25CE,GBPINR,01OCT2026,1312500000.000000,1,OPTCUR,CDS,25000.000000,10000,False
7622,GBPINR26O01132.75CE,GBPINR,01OCT2026,1327500000.000000,1,OPTCUR,CDS,25000.000000,10000,False
7627,GBPINR26O01133.25PE,GBPINR,01OCT2026,1332500000.000000,1,OPTCUR,CDS,25000.000000,10000,False
7669,GBPUSD27JUN1.465CE,GBPUSD,28JUN2027,14650000.000000,1,OPTCUR,CDS,1000.000000,10000,False
7716,JPYINR26O0156.25PE,JPYINR,01OCT2026,562500000.000000,1,OPTCUR,CDS,25000.000000,10000,False
7718,USDINR2691897.375CE,USDINR,18SEP2026,973750000.000000,1,OPTCUR,CDS,25000.000000,10000,False
7725,JPYINR26O0156.5CE,JPYINR,01OCT2026,565000000.000000,1,OPTCUR,CDS,25000.000000,10000,False
7727,JPYINR26O0156.75CE,JPYINR,01OCT2026,567500000.000000,1,OPTCUR,CDS,25000.000000,10000,False
7749,JPYINR26O0157.25PE,JPYINR,01OCT2026,572500000.000000,1,OPTCUR,CDS,25000.000000,10000,False
7752,JPYINR26O0157.5PE,JPYINR,01OCT2026,575000000.000000,1,OPTCUR,CDS,25000.000000,10000,False
7758,JPYINR26O0158.25CE,JPYINR,01OCT2026,582500000.000000,1,OPTCUR,CDS,25000.000000,10000,False
7802,JPYINR26O0160.75CE,JPYINR,01OCT2026,607500000.000000,1,OPTCUR,CDS,25000.000000,10000,False
7805,JPYINR26O0161PE,JPYINR,01OCT2026,610000000.000000,1,OPTCUR,CDS,25000.000000,10000,False
7809,USDINR26O3092.5CE,USDINR,30OCT2026,925000000.000000,1,OPTCUR,CDS,25000.000000,10000,False
7812,JPYINR26O0161.5PE,JPYINR,01OCT2026,615000000.000000,1,OPTCUR,CDS,25000.000000,10000,False
7814,JPYINR26O0161.75PE,JPYINR,01OCT2026,617500000.000000,1,OPTCUR,CDS,25000.000000,10000,False
7839,USDINR26O3092.75PE,USDINR,30OCT2026,927500000.000000,1,OPTCUR,CDS,25000.000000,10000,False
7852,JPYINR26O0164CE,JPYINR,01OCT2026,640000000.000000,1,OPTCUR,CDS,25000.000000,10000,False
7860,JPYINR26O0164.5CE,JPYINR,01OCT2026,645000000.000000,1,OPTCUR,CDS,25000.000000,10000,False
7882,USDINR26O0191.75CE,USDINR,01OCT2026,917500000.000000,1,OPTCUR,CDS,25000.000000,10000,False
7898,JPYINR26O2360.25CE,JPYINR,23OCT2026,602500000.000000,1,OPTCUR,CDS,25000.000000,10000,False
7925,USDINR26O0194.25PE,USDINR,01OCT2026,942500000.000000,1,OPTCUR,CDS,25000.000000,10000,False
7936,USDINR26O0195.5CE,USDINR,01OCT2026,955000000.000000,1,OPTCUR,CDS,25000.000000,10000,False
7946,JPYINR26O2360.25PE,JPYINR,23OCT2026,602500000.000000,1,OPTCUR,CDS,25000.000000,10000,False
7949,USDINR26O0196CE,USDINR,01OCT2026,960000000.000000,1,OPTCUR,CDS,25000.000000,10000,False
7954,USDINR26O0196.25PE,USDINR,01OCT2026,962500000.000000,1,OPTCUR,CDS,25000.000000,10000,False
7960,USDINR26O0196.625PE,USDINR,01OCT2026,966250000.000000,1,OPTCUR,CDS,25000.000000,10000,False
7964,USDINR26O3093.5CE,USDINR,30OCT2026,935000000.000000,1,OPTCUR,CDS,25000.000000,10000,False
7972,USDINR26O0197.125PE,USDINR,01OCT2026,971250000.000000,1,OPTCUR,CDS,25000.000000,10000,False
7973,USDINR26O0197.25CE,USDINR,01OCT2026,972500000.000000,1,OPTCUR,CDS,25000.000000,10000,False
7982,USDINR26O0198.25CE,USDINR,01OCT2026,982500000.000000,1,OPTCUR,CDS,25000.000000,10000,False
7984,GBPINR26OCT127.25CE,GBPINR,28OCT2026,1272500000.000000,1,OPTCUR,CDS,25000.000000,10000,False
7997,USDINR26O0992PE,USDINR,09OCT2026,920000000.000000,1,OPTCUR,CDS,25000.000000,10000,False
8001,USDINR26O0199.75PE,USDINR,01OCT2026,997500000.000000,1,OPTCUR,CDS,25000.000000,10000,False
8051,USDINR26O0993.75CE,USDINR,09OCT2026,937500000.000000,1,OPTCUR,CDS,25000.000000,10000,False
8077,JPYINR26O2361CE,JPYINR,23OCT2026,610000000.000000,1,OPTCUR,CDS,25000.000000,10000,False
8083,GBPINR26O16129.75CE,GBPINR,16OCT2026,1297500000.000000,1,OPTCUR,CDS,25000.000000,10000,False
8100,USDINR26O0995.25PE,USDINR,09OCT2026,952500000.000000,1,OPTCUR,CDS,25000.000000,10000,False
8107,JPYINR26O2361.75PE,JPYINR,23OCT2026,617500000.000000,1,OPTCUR,CDS,25000.000000,10000,False
8111,USDINR26O0996PE,USDINR,09OCT2026,960000000.000000,1,OPTCUR,CDS,25000.000000,10000,False
8124,USDINR26O0996.375CE,USDINR,09OCT2026,963750000.000000,1,OPTCUR,CDS,25000.000000,10000,False
8128,JPYINR26O2362.75PE,JPYINR,23OCT2026,627500000.000000,1,OPTCUR,CDS,25000.000000,10000,False
8134,USDINR26O0996.75CE,USDINR,09OCT2026,967500000.000000,1,OPTCUR,CDS,25000.000000,10000,False
8135,USDINR26O0996.75PE,USDINR,09OCT2026,967500000.000000,1,OPTCUR,CDS,25000.000000,10000,False
8142,USDINR26O0997.125PE,USDINR,09OCT2026,971250000.000000,1,OPTCUR,CDS,25000.000000,10000,False
8150,USDINR26O0997.5CE,USDINR,09OCT2026,975000000.000000,1,OPTCUR,CDS,25000.000000,10000,False
8152,USDINR26O0997.75CE,USDINR,09OCT2026,977500000.000000,1,OPTCUR,CDS,25000.000000,10000,False
8155,USDINR26O0998PE,USDINR,09OCT2026,980000000.000000,1,OPTCUR,CDS,25000.000000,10000,False
8156,USDINR26O0998.25CE,USDINR,09OCT2026,982500000.000000,1,OPTCUR,CDS,25000.000000,10000,False
8162,USDINR26O0999CE,USDINR,09OCT2026,990000000.000000,1,OPTCUR,CDS,25000.000000,10000,False
8166,USDINR26O0999.5CE,USDINR,09OCT2026,995000000.000000,1,OPTCUR,CDS,25000.000000,10000,False
8204,JPYINR26O2363.25PE,JPYINR,23OCT2026,632500000.000000,1,OPTCUR,CDS,25000.000000,10000,False
8237,USDJPY27MAR176PE,USDJPY,29MAR2027,1760000000.000000,1,OPTCUR,CDS,100000.000000,10000,False
8262,JPYINR26O2364.25CE,JPYINR,23OCT2026,642500000.000000,1,OPTCUR,CDS,25000.000000,10000,False
8302,GBPUSD26OCT1.225PE,GBPUSD,28OCT2026,12250000.000000,1,OPTCUR,CDS,1000.000000,10000,False
8320,GBPUSD26OCT1.255PE,GBPUSD,28OCT2026,12550000.000000,1,OPTCUR,CDS,1000.000000,10000,False
8328,GBPUSD26OCT1.27CE,GBPUSD,28OCT2026,12700000.000000,1,OPTCUR,CDS,1000.000000,10000,False
8338,GBPUSD26OCT1.29CE,GBPUSD,28OCT2026,12900000.000000,1,OPTCUR,CDS,1000.000000,10000,False
8341,GBPUSD26OCT1.295PE,GBPUSD,28OCT2026,12950000.000000,1,OPTCUR,CDS,1000.000000,10000,False
8346,USDINR26O3094.625PE,USDINR,30OCT2026,946250000.000000,1,OPTCUR,CDS,25000.000000,10000,False
8347,GBPUSD26OCT1.305PE,GBPUSD,28OCT2026,13050000.000000,1,OPTCUR,CDS,1000.000000,10000,False
8350,JPYINR26SEP57.5CE,JPYINR,28SEP2026,575000000.000000,1,OPTCUR,CDS,25000.000000,10000,False
8351,GBPUSD26OCT1.31PE,GBPUSD,28OCT2026,13100000.000000,1,OPTCUR,CDS,1000.000000,10000,False
8354,GBPUSD26OCT1.315CE,GBPUSD,28OCT2026,13150000.000000,1,OPTCUR,CDS,1000.000000,10000,False
8360,GBPUSD26OCT1.325PE,GBPUSD,28OCT2026,13250000.000000,1,OPTCUR,CDS,1000.000000,10000,False
8427,GBPINR26O16131CE,GBPINR,16OCT2026,1310000000.000000,1,OPTCUR,CDS,25000.000000,10000,False
8390,GBPUSD26OCT1.37CE,GBPUSD,28OCT2026,13700000.000000,1,OPTCUR,CDS,1000.000000,10000,False
8422,GBPUSD26OCT1.42PE,GBPUSD,28OCT2026,14200000.000000,1,OPTCUR,CDS,1000.000000,10000,False
8426,GBPINR26O16130.75PE,GBPINR,16OCT2026,1307500000.000000,1,OPTCUR,CDS,25000.000000,10000,False
8432,GBPINR26O16131.5PE,GBPINR,16OCT2026,1315000000.000000,1,OPTCUR,CDS,25000.000000,10000,False
8436,GBPINR26O16132PE,GBPINR,16OCT2026,1320000000.000000,1,OPTCUR,CDS,25000.000000,10000,False
8468,JPYINR26O2364.75CE,JPYINR,23OCT2026,647500000.000000,1,OPTCUR,CDS,25000.000000,10000,False
8471,GBPUSD26OCT1.435PE,GBPUSD,28OCT2026,14350000.000000,1,OPTCUR,CDS,1000.000000,10000,False
8510,GBPINR27MAR125.25CE,GBPINR,29MAR2027,1252500000.000000,1,OPTCUR,CDS,25000.000000,10000,False
8626,JPYINR26O1656.25PE,JPYINR,16OCT2026,562500000.000000,1,OPTCUR,CDS,25000.000000,10000,False
8627,USDINR26N2091.75PE,USDINR,20NOV2026,917500000.000000,1,OPTCUR,CDS,25000.000000,10000,False
8630,USDINR26N2092.25CE,USDINR,20NOV2026,922500000.000000,1,OPTCUR,CDS,25000.000000,10000,False
8652,JPYINR26O1657PE,JPYINR,16OCT2026,570000000.000000,1,OPTCUR,CDS,25000.000000,10000,False
8662,JPYINR26O1658PE,JPYINR,16OCT2026,580000000.000000,1,OPTCUR,CDS,25000.000000,10000,False
8669,JPYINR26O1658.75PE,JPYINR,16OCT2026,587500000.000000,1,OPTCUR,CDS,25000.000000,10000,False
8674,JPYINR26O1659.5CE,JPYINR,16OCT2026,595000000.000000,1,OPTCUR,CDS,25000.000000,10000,False
8678,JPYINR26O1660CE,JPYINR,16OCT2026,600000000.000000,1,OPTCUR,CDS,25000.000000,10000,False
8680,JPYINR26O1660.25CE,JPYINR,16OCT2026,602500000.000000,1,OPTCUR,CDS,25000.000000,10000,False
8721,JPYINR26O1661.25PE,JPYINR,16OCT2026,612500000.000000,1,OPTCUR,CDS,25000.000000,10000,False
8725,JPYINR26O1661.75PE,JPYINR,16OCT2026,617500000.000000,1,OPTCUR,CDS,25000.000000,10000,False
8732,GBPUSD26NOV1.25PE,GBPUSD,26NOV2026,12500000.000000,1,OPTCUR,CDS,1000.000000,10000,False
8749,JPYINR26O1662.25PE,JPYINR,16OCT2026,622500000.000000,1,OPTCUR,CDS,25000.000000,10000,False
8754,USDINR26N2093.75CE,USDINR,20NOV2026,937500000.000000,1,OPTCUR,CDS,25000.000000,10000,False
8784,JPYINR26O1664.25CE,JPYINR,16OCT2026,642500000.000000,1,OPTCUR,CDS,25000.000000,10000,False
8800,JPYINR26O1664.75CE,JPYINR,16OCT2026,647500000.000000,1,OPTCUR,CDS,25000.000000,10000,False
8808,GBPUSD26NOV1.305PE,GBPUSD,26NOV2026,13050000.000000,1,OPTCUR,CDS,1000.000000,10000,False
8810,GBPUSD26NOV1.31CE,GBPUSD,26NOV2026,13100000.000000,1,OPTCUR,CDS,1000.000000,10000,False
8842,GBPUSD26NOV1.325PE,GBPUSD,26NOV2026,13250000.000000,1,OPTCUR,CDS,1000.000000,10000,False
8848,GBPUSD26NOV1.335CE,GBPUSD,26NOV2026,13350000.000000,1,OPTCUR,CDS,1000.000000,10000,False
8886,USDINR26N2095.75PE,USDINR,20NOV2026,957500000.000000,1,OPTCUR,CDS,25000.000000,10000,False
8908,GBPUSD26NOV1.37CE,GBPUSD,26NOV2026,13700000.000000,1,OPTCUR,CDS,1000.000000,10000,False
8913,USDINR26N2097.25CE,USDINR,20NOV2026,972500000.000000,1,OPTCUR,CDS,25000.000000,10000,False
8929,USDINR26N2792.5PE,USDINR,27NOV2026,925000000.000000,1,OPTCUR,CDS,25000.000000,10000,False
8945,USDINR26O3095.875CE,USDINR,30OCT2026,958750000.000000,1,OPTCUR,CDS,25000.000000,10000,False
8955,GBPUSD27JUN1.275CE,GBPUSD,28JUN2027,12750000.000000,1,OPTCUR,CDS,1000.000000,10000,False
8970,GBPUSD27JUN1.28PE,GBPUSD,28JUN2027,12800000.000000,1,OPTCUR,CDS,1000.000000,10000,False
8975,JPYINR26OCT56.75CE,JPYINR,28OCT2026,567500000.000000,1,OPTCUR,CDS,25000.000000,10000,False
8979,GBPUSD26NOV1.385CE,GBPUSD,26NOV2026,13850000.000000,1,OPTCUR,CDS,1000.000000,10000,False
8988,USDINR26O2391.25CE,USDINR,23OCT2026,912500000.000000,1,OPTCUR,CDS,25000.000000,10000,False
9011,JPYINR26OCT59.25CE,JPYINR,28OCT2026,592500000.000000,1,OPTCUR,CDS,25000.000000,10000,False
9036,GBPUSD26NOV1.425PE,GBPUSD,26NOV2026,14250000.000000,1,OPTCUR,CDS,1000.000000,10000,False
9066,JPYINR26OCT61.25CE,JPYINR,28OCT2026,612500000.000000,1,OPTCUR,CDS,25000.000000,10000,False
9081,JPYINR26OCT63PE,JPYINR,28OCT2026,630000000.000000,1,OPTCUR,CDS,25000.000000,10000,False
9084,USDINR26O1691CE,USDINR,16OCT2026,910000000.000000,1,OPTCUR,CDS,25000.000000,10000,False
9102,USDINR26O1692.5CE,USDINR,16OCT2026,925000000.000000,1,OPTCUR,CDS,25000.000000,10000,False
9109,USDJPY26OCT144PE,USDJPY,28OCT2026,1440000000.000000,1,OPTCUR,CDS,100000.000000,10000,False
9113,USDINR26O1693.25PE,USDINR,16OCT2026,932500000.000000,1,OPTCUR,CDS,25000.000000,10000,False
9138,USDINR26O1695.25CE,USDINR,16OCT2026,952500000.000000,1,OPTCUR,CDS,25000.000000,10000,False
9148,USDINR26O1695.875CE,USDINR,16OCT2026,958750000.000000,1,OPTCUR,CDS,25000.000000,10000,False
9162,USDINR26O1697CE,USDINR,16OCT2026,970000000.000000,1,OPTCUR,CDS,25000.000000,10000,False
9164,USDJPY26NOV143PE,USDJPY,26NOV2026,1430000000.000000,1,OPTCUR,CDS,100000.000000,10000,False
9167,USDJPY26NOV144CE,USDJPY,26NOV2026,1440000000.000000,1,OPTCUR,CDS,100000.000000,10000,False
9173,USDJPY26NOV145CE,USDJPY,26NOV2026,1450000000.000000,1,OPTCUR,CDS,100000.000000,10000,False
9180,USDJPY26NOV146CE,USDJPY,26NOV2026,1460000000.000000,1,OPTCUR,CDS,100000.000000,10000,False
9181,USDJPY26NOV146PE,USDJPY,26NOV2026,1460000000.000000,1,OPTCUR,CDS,100000.000000,10000,False
9182,USDJPY26NOV146.5CE,USDJPY,26NOV2026,1465000000.000000,1,OPTCUR,CDS,100000.000000,10000,False
9200,USDJPY26NOV146.5PE,USDJPY,26NOV2026,1465000000.000000,1,OPTCUR,CDS,100000.000000,10000,False
9203,USDINR26O1697.5PE,USDINR,16OCT2026,975000000.000000,1,OPTCUR,CDS,25000.000000,10000,False
9243,GBPINR26SEP133PE,GBPINR,28SEP2026,1330000000.000000,1,OPTCUR,CDS,25000.000000,10000,False
9281,GBPINR26DEC132.75PE,GBPINR,29DEC2026,1327500000.000000,1,OPTCUR,CDS,25000.000000,10000,False
9288,GBPINR26DEC133CE,GBPINR,29DEC2026,1330000000.000000,1,OPTCUR,CDS,25000.000000,10000,False
9292,GBPINR26DEC133.5CE,GBPINR,29DEC2026,1335000000.000000,1,OPTCUR,CDS,25000.000000,10000,False
9297,GBPINR26DEC133.75CE,GBPINR,29DEC2026,1337500000.000000,1,OPTCUR,CDS,25000.000000,10000,False
9306,GBPINR27MAR133.5PE,GBPINR,29MAR2027,1335000000.000000,1,OPTCUR,CDS,25000.000000,10000,False
9313,USDJPY26OCT150.5CE,USDJPY,28OCT2026,1505000000.000000,1,OPTCUR,CDS,100000.000000,10000,False
9342,USDINR26N2795.25CE,USDINR,27NOV2026,952500000.000000,1,OPTCUR,CDS,25000.000000,10000,False
9359,USDINR26O0195.125PE,USDINR,01OCT2026,951250000.000000,1,OPTCUR,CDS,25000.000000,10000,False
9363,668GS204026SEP93.75PE,668GS2040,24SEP2026,937500000.000000,1,OPTIRC,CDS,25000.000000,1250,False
94,GOI7.23%2039,723GS2039,,-1.000000,1,UNDIRC,CDS,25000.000000,1250,False
9367,633GS203526OCT97PE,633GS2035,29OCT2026,970000000.000000,1,OPTIRC,CDS,25000.000000,1250,False
9374,633GS203526OCT98CE,633GS2035,29OCT2026,980000000.000000,1,OPTIRC,CDS,25000.000000,1250,False
9407,USDINR26N2795.875CE,USDINR,27NOV2026,958750000.000000,1,OPTCUR,CDS,25000.000000,10000,False
9408,USDINR26N2795.875PE,USDINR,27NOV2026,958750000.000000,1,OPTCUR,CDS,25000.000000,10000,False
9436,636GS203126OCT97.25CE,636GS2031,29OCT2026,972500000.000000,1,OPTIRC,CDS,25000.000000,1250,False
9440,636GS203126OCT97.5PE,636GS2031,29OCT2026,975000000.000000,1,OPTIRC,CDS,25000.000000,1250,False
9448,636GS203126OCT98PE,636GS2031,29OCT2026,980000000.000000,1,OPTIRC,CDS,25000.000000,1250,False
9451,636GS203126OCT98.5CE,636GS2031,29OCT2026,985000000.000000,1,OPTIRC,CDS,25000.000000,1250,False
9467,USDINR26O3096CE,USDINR,30OCT2026,960000000.000000,1,OPTCUR,CDS,25000.000000,10000,False
9515,GBPUSD27JUN1.295CE,GBPUSD,28JUN2027,12950000.000000,1,OPTCUR,CDS,1000.000000,10000,False
9523,GBPUSD26NOV1.465CE,GBPUSD,26NOV2026,14650000.000000,1,OPTCUR,CDS,1000.000000,10000,False
9531,USDINR26DEC98.25CE,USDINR,29DEC2026,982500000.000000,1,OPTCUR,CDS,25000.000000,10000,False
9536,USDINR26OCT91.75CE,USDINR,28OCT2026,917500000.000000,1,OPTCUR,CDS,25000.000000,10000,False
9544,USDINR26OCT92CE,USDINR,28OCT2026,920000000.000000,1,OPTCUR,CDS,25000.000000,10000,False
9546,USDINR26SEP98.75PE,USDINR,28SEP2026,987500000.000000,1,OPTCUR,CDS,25000.000000,10000,False
9551,USDINR26DEC98.75PE,USDINR,29DEC2026,987500000.000000,1,OPTCUR,CDS,25000.000000,10000,False
9553,USDINR26OCT92.5CE,USDINR,28OCT2026,925000000.000000,1,OPTCUR,CDS,25000.000000,10000,False
9577,USDINR26OCT93.25PE,USDINR,28OCT2026,932500000.000000,1,OPTCUR,CDS,25000.000000,10000,False
9578,USDINR26OCT93.5CE,USDINR,28OCT2026,935000000.000000,1,OPTCUR,CDS,25000.000000,10000,False
96,GOI6.79%2034,679GS2034,,-1.000000,1,UNDIRC,CDS,25000.000000,1250,False
9582,636GS203126OCT99.25CE,636GS2031,29OCT2026,992500000.000000,1,OPTIRC,CDS,25000.000000,1250,False
9592,636GS203126OCT100.5CE,636GS2031,29OCT2026,1005000000.000000,1,OPTIRC,CDS,25000.000000,1250,False
9593,636GS203126OCT100.5PE,636GS2031,29OCT2026,1005000000.000000,1,OPTIRC,CDS,25000.000000,1250,False
9635,648GS203526OCT95.75CE,648GS2035,29OCT2026,957500000.000000,1,OPTIRC,CDS,25000.000000,1250,False
9654,USDINR26OCT95.25CE,USDINR,28OCT2026,952500000.000000,1,OPTCUR,CDS,25000.000000,10000,False
9676,GBPUSD27JUN1.305PE,GBPUSD,28JUN2027,13050000.000000,1,OPTCUR,CDS,1000.000000,10000,False
9686,USDINR26OCT97.5PE,USDINR,28OCT2026,975000000.000000,1,OPTCUR,CDS,25000.000000,10000,False
97,R-GOI6.79%2034,R679GS2034,,-1.000000,1,UNDIRC,CDS,25000.000000,1250,False
9719,648GS203526OCT98.25CE,648GS2035,29OCT2026,982500000.000000,1,OPTIRC,CDS,25000.000000,1250,False
9730,648GS203526OCT98.5PE,648GS2035,29OCT2026,985000000.000000,1,OPTIRC,CDS,25000.000000,1250,False
9739,648GS203526OCT99.5PE,648GS2035,29OCT2026,995000000.000000,1,OPTIRC,CDS,25000.000000,1250,False
9819,668GS204026OCT94PE,668GS2040,29OCT2026,940000000.000000,1,OPTIRC,CDS,25000.000000,1250,False
9825,668GS204026OCT94.5PE,668GS2040,29OCT2026,945000000.000000,1,OPTIRC,CDS,25000.000000,1250,False
9833,668GS204026OCT95.25CE,668GS2040,29OCT2026,952500000.000000,1,OPTIRC,CDS,25000.000000,1250,False
9837,668GS204026OCT95.75CE,668GS2040,29OCT2026,957500000.000000,1,OPTIRC,CDS,25000.000000,1250,False
9850,USDINR26O2392.25CE,USDINR,23OCT2026,922500000.000000,1,OPTCUR,CDS,25000.000000,10000,False
9872,USDINR26O2393PE,USDINR,23OCT2026,930000000.000000,1,OPTCUR,CDS,25000.000000,10000,False
9877,668GS204026OCT97PE,668GS2040,29OCT2026,970000000.000000,1,OPTIRC,CDS,25000.000000,1250,False
9878,668GS204026OCT97.25CE,668GS2040,29OCT2026,972500000.000000,1,OPTIRC,CDS,25000.000000,1250,False
9890,USDJPY26OCT160CE,USDJPY,28OCT2026,1600000000.000000,1,OPTCUR,CDS,100000.000000,10000,False
9901,USDINR26O2393.75PE,USDINR,23OCT2026,937500000.000000,1,OPTCUR,CDS,25000.000000,10000,False
9906,USDINR26O2394PE,USDINR,23OCT2026,940000000.000000,1,OPTCUR,CDS,25000.000000,10000,False
9912,USDINR26O2394.5PE,USDINR,23OCT2026,945000000.000000,1,OPTCUR,CDS,25000.000000,10000,False
9917,USDINR26O2394.625CE,USDINR,23OCT2026,946250000.000000,1,OPTCUR,CDS,25000.000000,10000,False
9923,USDINR26O2395CE,USDINR,23OCT2026,950000000.000000,1,OPTCUR,CDS,25000.000000,10000,False
9966,668GS204026OCT99.5PE,668GS2040,29OCT2026,995000000.000000,1,OPTIRC,CDS,25000.000000,1250,False
9996,USDJPY26OCT164PE,USDJPY,28OCT2026,1640000000.000000,1,OPTCUR,CDS,100000.000000,10000,False
9153,USDINR26O1696.125PE,USDINR,16OCT2026,961250000.000000,1,OPTCUR,CDS,25000.000000,10000,False
9165,USDJPY26NOV143.5CE,USDJPY,26NOV2026,1435000000.000000,1,OPTCUR,CDS,100000.000000,10000,False
9169,USDJPY26NOV144.5CE,USDJPY,26NOV2026,1445000000.000000,1,OPTCUR,CDS,100000.000000,10000,False
9174,USDJPY26NOV145PE,USDJPY,26NOV2026,1450000000.000000,1,OPTCUR,CDS,100000.000000,10000,False
9177,USDINR26O1697PE,USDINR,16OCT2026,970000000.000000,1,OPTCUR,CDS,25000.000000,10000,False
9179,JPYINR26OCT64CE,JPYINR,28OCT2026,640000000.000000,1,OPTCUR,CDS,25000.000000,10000,False
9183,JPYINR26OCT64PE,JPYINR,28OCT2026,640000000.000000,1,OPTCUR,CDS,25000.000000,10000,False
9184,JPYINR26OCT64.25CE,JPYINR,28OCT2026,642500000.000000,1,OPTCUR,CDS,25000.000000,10000,False
92,GOI7.10%2034,710GS2034,,-1.000000,1,UNDIRC,CDS,25000.000000,1250,False
9186,JPYINR26SEP57.75CE,JPYINR,28SEP2026,577500000.000000,1,OPTCUR,CDS,25000.000000,10000,False
9187,JPYINR26SEP57.75PE,JPYINR,28SEP2026,577500000.000000,1,OPTCUR,CDS,25000.000000,10000,False
9188,JPYINR26SEP58CE,JPYINR,28SEP2026,580000000.000000,1,OPTCUR,CDS,25000.000000,10000,False
9205,USDINR26O1697.75PE,USDINR,16OCT2026,977500000.000000,1,OPTCUR,CDS,25000.000000,10000,False
9208,USDINR26O1698.25CE,USDINR,16OCT2026,982500000.000000,1,OPTCUR,CDS,25000.000000,10000,False
9246,JPYINR26OCT64.5CE,JPYINR,28OCT2026,645000000.000000,1,OPTCUR,CDS,25000.000000,10000,False
9253,GBPINR26DEC117.75CE,GBPINR,29DEC2026,1177500000.000000,1,OPTCUR,CDS,25000.000000,10000,False
9254,GBPINR26DEC117.75PE,GBPINR,29DEC2026,1177500000.000000,1,OPTCUR,CDS,25000.000000,10000,False
9255,GBPINR26DEC118CE,GBPINR,29DEC2026,1180000000.000000,1,OPTCUR,CDS,25000.000000,10000,False
9285,USDINR26N2794.25PE,USDINR,27NOV2026,942500000.000000,1,OPTCUR,CDS,25000.000000,10000,False
9294,USDINR26N2794.75CE,USDINR,27NOV2026,947500000.000000,1,OPTCUR,CDS,25000.000000,10000,False
9300,GBPINR27MAR132.75PE,GBPINR,29MAR2027,1327500000.000000,1,OPTCUR,CDS,25000.000000,10000,False
9335,USDINR26N2795.125PE,USDINR,27NOV2026,951250000.000000,1,OPTCUR,CDS,25000.000000,10000,False
9337,633GS203526OCT95PE,633GS2035,29OCT2026,950000000.000000,1,OPTIRC,CDS,25000.000000,1250,False
9343,USDINR26N2795.25PE,USDINR,27NOV2026,952500000.000000,1,OPTCUR,CDS,25000.000000,10000,False
9357,USDINR26N2795.5PE,USDINR,27NOV2026,955000000.000000,1,OPTCUR,CDS,25000.000000,10000,False
9370,633GS203526OCT97.5CE,633GS2035,29OCT2026,975000000.000000,1,OPTIRC,CDS,25000.000000,1250,False
9379,633GS203526OCT98.5PE,633GS2035,29OCT2026,985000000.000000,1,OPTIRC,CDS,25000.000000,1250,False
9403,USDINR26N2795.625PE,USDINR,27NOV2026,956250000.000000,1,OPTCUR,CDS,25000.000000,10000,False
9435,636GS203126OCT97PE,636GS2031,29OCT2026,970000000.000000,1,OPTIRC,CDS,25000.000000,1250,False
9501,EURUSD26NOV1.03PE,EURUSD,26NOV2026,10300000.000000,1,OPTCUR,CDS,1000.000000,10000,False
9512,GBPUSD26NOV1.455PE,GBPUSD,26NOV2026,14550000.000000,1,OPTCUR,CDS,1000.000000,10000,False
9517,GBPUSD27JUN1.3CE,GBPUSD,28JUN2027,13000000.000000,1,OPTCUR,CDS,1000.000000,10000,False
9520,GBPUSD26NOV1.46CE,GBPUSD,26NOV2026,14600000.000000,1,OPTCUR,CDS,1000.000000,10000,False
9525,USDINR26OCT91PE,USDINR,28OCT2026,910000000.000000,1,OPTCUR,CDS,25000.000000,10000,False
9529,USDINR26SEP98.25CE,USDINR,28SEP2026,982500000.000000,1,OPTCUR,CDS,25000.000000,10000,False
9530,USDINR26SEP98.25PE,USDINR,28SEP2026,982500000.000000,1,OPTCUR,CDS,25000.000000,10000,False
9543,USDINR26OCT91.75PE,USDINR,28OCT2026,917500000.000000,1,OPTCUR,CDS,25000.000000,10000,False
9560,GBPINR27MAR127.75PE,GBPINR,29MAR2027,1277500000.000000,1,OPTCUR,CDS,25000.000000,10000,False
9576,USDINR26OCT93.25CE,USDINR,28OCT2026,932500000.000000,1,OPTCUR,CDS,25000.000000,10000,False
9591,636GS203126OCT100.25PE,636GS2031,29OCT2026,1002500000.000000,1,OPTIRC,CDS,25000.000000,1250,False
9607,636GS203126OCT102PE,636GS2031,29OCT2026,1020000000.000000,1,OPTIRC,CDS,25000.000000,1250,False
9640,648GS203526OCT96.25CE,648GS2035,29OCT2026,962500000.000000,1,OPTIRC,CDS,25000.000000,1250,False
9644,USDINR26OCT94PE,USDINR,28OCT2026,940000000.000000,1,OPTCUR,CDS,25000.000000,10000,False
9647,USDINR26OCT94.5CE,USDINR,28OCT2026,945000000.000000,1,OPTCUR,CDS,25000.000000,10000,False
9650,USDINR26OCT94.75PE,USDINR,28OCT2026,947500000.000000,1,OPTCUR,CDS,25000.000000,10000,False
9656,GBPINR26DEC118.5CE,GBPINR,29DEC2026,1185000000.000000,1,OPTCUR,CDS,25000.000000,10000,False
9658,648GS203526OCT96.5PE,648GS2035,29OCT2026,965000000.000000,1,OPTIRC,CDS,25000.000000,1250,False
9671,USDINR26OCT96.5PE,USDINR,28OCT2026,965000000.000000,1,OPTCUR,CDS,25000.000000,10000,False
9674,GBPUSD27JUN1.305CE,GBPUSD,28JUN2027,13050000.000000,1,OPTCUR,CDS,1000.000000,10000,False
9684,USDINR26OCT97.5CE,USDINR,28OCT2026,975000000.000000,1,OPTCUR,CDS,25000.000000,10000,False
9694,USDINR26OCT98.5PE,USDINR,28OCT2026,985000000.000000,1,OPTCUR,CDS,25000.000000,10000,False
9713,648GS203526OCT98CE,648GS2035,29OCT2026,980000000.000000,1,OPTIRC,CDS,25000.000000,1250,False
9779,GBPUSD26NOV1.485CE,GBPUSD,26NOV2026,14850000.000000,1,OPTCUR,CDS,1000.000000,10000,False
9826,668GS204026OCT94.75CE,668GS2040,29OCT2026,947500000.000000,1,OPTIRC,CDS,25000.000000,1250,False
9827,668GS204026OCT94.75PE,668GS2040,29OCT2026,947500000.000000,1,OPTIRC,CDS,25000.000000,1250,False
9828,USDJPY26OCT153CE,USDJPY,28OCT2026,1530000000.000000,1,OPTCUR,CDS,100000.000000,10000,False
9831,668GS204026OCT95PE,668GS2040,29OCT2026,950000000.000000,1,OPTIRC,CDS,25000.000000,1250,False
9857,USDJPY26OCT155.5CE,USDJPY,28OCT2026,1555000000.000000,1,OPTCUR,CDS,100000.000000,10000,False
9868,USDINR26O2392.75PE,USDINR,23OCT2026,927500000.000000,1,OPTCUR,CDS,25000.000000,10000,False
9869,USDJPY26OCT157.5PE,USDJPY,28OCT2026,1575000000.000000,1,OPTCUR,CDS,100000.000000,10000,False
9871,USDINR26O2393CE,USDINR,23OCT2026,930000000.000000,1,OPTCUR,CDS,25000.000000,10000,False
9873,USDINR26O2393.25CE,USDINR,23OCT2026,932500000.000000,1,OPTCUR,CDS,25000.000000,10000,False
9919,USDINR26O2394.75CE,USDINR,23OCT2026,947500000.000000,1,OPTCUR,CDS,25000.000000,10000,False
9955,668GS204026OCT98.75CE,668GS2040,29OCT2026,987500000.000000,1,OPTIRC,CDS,25000.000000,1250,False
9958,668GS204026OCT99PE,668GS2040,29OCT2026,990000000.000000,1,OPTIRC,CDS,25000.000000,1250,False
9990,USDJPY26OCT163CE,USDJPY,28OCT2026,1630000000.000000,1,OPTCUR,CDS,100000.000000,10000,False
1004,ONMIBOR27MARFUT,ONMIBOR,31MAR2027,-1.000000,1,FUTIRC,CDS,25000.000000,40,False
10058,USDJPY26OCT165CE,USDJPY,28OCT2026,1650000000.000000,1,OPTCUR,CDS,100000.000000,10000,False
10063,JPYINR26NOV57.5CE,JPYINR,26NOV2026,575000000.000000,1,OPTCUR,CDS,25000.000000,10000,False
10085,USDJPY26OCT166.5PE,USDJPY,28OCT2026,1665000000.000000,1,OPTCUR,CDS,100000.000000,10000,False
10106,USDJPY26OCT168CE,USDJPY,28OCT2026,1680000000.000000,1,OPTCUR,CDS,100000.000000,10000,False
1013,636GS203126SEPFUT,636GS2031,24SEP2026,-1.000000,1,FUTIRC,CDS,25000.000000,1250,False
10127,USDJPY26OCT168.5CE,USDJPY,28OCT2026,1685000000.000000,1,OPTCUR,CDS,100000.000000,10000,False
1016,GBPUSD26DEC1.47PE,GBPUSD,29DEC2026,14700000.000000,1,OPTCUR,CDS,1000.000000,10000,False
10157,USDINR26O3096.25PE,USDINR,30OCT2026,962500000.000000,1,OPTCUR,CDS,25000.000000,10000,False
10168,GBPINR26SEP130.25CE,GBPINR,28SEP2026,1302500000.000000,1,OPTCUR,CDS,25000.000000,10000,False
10170,USDJPY26OCT169.5CE,USDJPY,28OCT2026,1695000000.000000,1,OPTCUR,CDS,100000.000000,10000,False
1020,633GS203526SEP94.5CE,633GS2035,24SEP2026,945000000.000000,1,OPTIRC,CDS,25000.000000,1250,False
10191,GBPINR26SEP130.75CE,GBPINR,28SEP2026,1307500000.000000,1,OPTCUR,CDS,25000.000000,10000,False
10214,USDINR26O3096.5CE,USDINR,30OCT2026,965000000.000000,1,OPTCUR,CDS,25000.000000,10000,False
10224,694GS203626OCT99.25CE,694GS2036,29OCT2026,992500000.000000,1,OPTIRC,CDS,25000.000000,1250,False
10226,694GS203626OCT99.5CE,694GS2036,29OCT2026,995000000.000000,1,OPTIRC,CDS,25000.000000,1250,False
10232,694GS203626OCT100.25CE,694GS2036,29OCT2026,1002500000.000000,1,OPTIRC,CDS,25000.000000,1250,False
10235,694GS203626OCT100.5PE,694GS2036,29OCT2026,1005000000.000000,1,OPTIRC,CDS,25000.000000,1250,False
10254,694GS203626OCT103CE,694GS2036,29OCT2026,1030000000.000000,1,OPTIRC,CDS,25000.000000,1250,False
10255,694GS203626OCT103PE,694GS2036,29OCT2026,1030000000.000000,1,OPTIRC,CDS,25000.000000,1250,False
10286,723GS203926OCT100CE,723GS2039,29OCT2026,1000000000.000000,1,OPTIRC,CDS,25000.000000,1250,False
10289,723GS203926OCT100.25PE,723GS2039,29OCT2026,1002500000.000000,1,OPTIRC,CDS,25000.000000,1250,False
10291,723GS203926OCT100.5PE,723GS2039,29OCT2026,1005000000.000000,1,OPTIRC,CDS,25000.000000,1250,False
10293,USDINR26O3097CE,USDINR,30OCT2026,970000000.000000,1,OPTCUR,CDS,25000.000000,10000,False
10297,723GS203926OCT101PE,723GS2039,29OCT2026,1010000000.000000,1,OPTIRC,CDS,25000.000000,1250,False
10309,723GS203926OCT102CE,723GS2039,29OCT2026,1020000000.000000,1,OPTIRC,CDS,25000.000000,1250,False
10312,USDINR26O3097.25CE,USDINR,30OCT2026,972500000.000000,1,OPTCUR,CDS,25000.000000,10000,False
10314,JPYINR26NOV58.25CE,JPYINR,26NOV2026,582500000.000000,1,OPTCUR,CDS,25000.000000,10000,False
10316,JPYINR26NOV58.25PE,JPYINR,26NOV2026,582500000.000000,1,OPTCUR,CDS,25000.000000,10000,False
10338,723GS203926OCT104.75CE,723GS2039,29OCT2026,1047500000.000000,1,OPTIRC,CDS,25000.000000,1250,False
10384,USDJPY26OCT170PE,USDJPY,28OCT2026,1700000000.000000,1,OPTCUR,CDS,100000.000000,10000,False
10389,USDINR26O3098.25PE,USDINR,30OCT2026,982500000.000000,1,OPTCUR,CDS,25000.000000,10000,False
10395,USDJPY26OCT170.5PE,USDJPY,28OCT2026,1705000000.000000,1,OPTCUR,CDS,100000.000000,10000,False
10396,USDINR26O3098.75PE,USDINR,30OCT2026,987500000.000000,1,OPTCUR,CDS,25000.000000,10000,False
10405,JPYINR26NOV59.25PE,JPYINR,26NOV2026,592500000.000000,1,OPTCUR,CDS,25000.000000,10000,False
1044,EURINR27JUN113.75CE,EURINR,28JUN2027,1137500000.000000,1,OPTCUR,CDS,25000.000000,10000,False
10416,GBPINR26DEC131.75PE,GBPINR,29DEC2026,1317500000.000000,1,OPTCUR,CDS,25000.000000,10000,False
10432,USDJPY26OCT171PE,USDJPY,28OCT2026,1710000000.000000,1,OPTCUR,CDS,100000.000000,10000,False
10461,USDJPY26OCT171.5PE,USDJPY,28OCT2026,1715000000.000000,1,OPTCUR,CDS,100000.000000,10000,False
1053,GBPINR26DEC127.25PE,GBPINR,29DEC2026,1272500000.000000,1,OPTCUR,CDS,25000.000000,10000,False
10520,JPYINR26SEP58.25PE,JPYINR,28SEP2026,582500000.000000,1,OPTCUR,CDS,25000.000000,10000,False
10533,USDINR26O0194.875CE,USDINR,01OCT2026,948750000.000000,1,OPTCUR,CDS,25000.000000,10000,False
10583,JPYINR26N06FUT,JPYINR,06NOV2026,-1.000000,1,FUTCUR,CDS,25000.000000,10000,False
1071,GBPUSD27AUGFUT,GBPUSD,27AUG2027,-1.000000,1,FUTCUR,CDS,1000.000000,10000,False
10608,JPYINR26NOV60.5PE,JPYINR,26NOV2026,605000000.000000,1,OPTCUR,CDS,25000.000000,10000,False
10609,JPYINR26NOV60.75CE,JPYINR,26NOV2026,607500000.000000,1,OPTCUR,CDS,25000.000000,10000,False
10691,JPYINR26NOV62PE,JPYINR,26NOV2026,620000000.000000,1,OPTCUR,CDS,25000.000000,10000,False
10721,GBPUSD27JUN1.32PE,GBPUSD,28JUN2027,13200000.000000,1,OPTCUR,CDS,1000.000000,10000,False
10723,EURINR26N06107PE,EURINR,06NOV2026,1070000000.000000,1,OPTCUR,CDS,25000.000000,10000,False
10726,EURINR26N06107.5CE,EURINR,06NOV2026,1075000000.000000,1,OPTCUR,CDS,25000.000000,10000,False
10738,EURINR26N06108.75CE,EURINR,06NOV2026,1087500000.000000,1,OPTCUR,CDS,25000.000000,10000,False
10753,EURINR26N06109.25PE,EURINR,06NOV2026,1092500000.000000,1,OPTCUR,CDS,25000.000000,10000,False
10759,EURINR26N06110PE,EURINR,06NOV2026,1100000000.000000,1,OPTCUR,CDS,25000.000000,10000,False
10767,EURINR26N06111PE,EURINR,06NOV2026,1110000000.000000,1,OPTCUR,CDS,25000.000000,10000,False
10785,JPYINR26NOV64PE,JPYINR,26NOV2026,640000000.000000,1,OPTCUR,CDS,25000.000000,10000,False
109,GOI6.94%2036,694GS2036,,-1.000000,1,UNDIRC,CDS,25000.000000,1250,False
10786,JPYINR26NOV64.25CE,JPYINR,26NOV2026,642500000.000000,1,OPTCUR,CDS,25000.000000,10000,False
10813,EURINR26N06113.5CE,EURINR,06NOV2026,1135000000.000000,1,OPTCUR,CDS,25000.000000,10000,False
10964,EURINR26N06114PE,EURINR,06NOV2026,1140000000.000000,1,OPTCUR,CDS,25000.000000,10000,False
1098,USDINR26N1394.625CE,USDINR,13NOV2026,946250000.000000,1,OPTCUR,CDS,25000.000000,10000,False
10966,EURINR26N06114.25PE,EURINR,06NOV2026,1142500000.000000,1,OPTCUR,CDS,25000.000000,10000,False
10967,EURINR26N06114.5CE,EURINR,06NOV2026,1145000000.000000,1,OPTCUR,CDS,25000.000000,10000,False
10969,EURINR26N06114.75CE,EURINR,06NOV2026,1147500000.000000,1,OPTCUR,CDS,25000.000000,10000,False
1102,USDJPY26DEC144CE,USDJPY,29DEC2026,1440000000.000000,1,OPTCUR,CDS,100000.000000,10000,False
1112,GBPINR27JUN131CE,GBPINR,28JUN2027,1310000000.000000,1,OPTCUR,CDS,25000.000000,10000,False
11062,USDINR26SEP95.375PE,USDINR,28SEP2026,953750000.000000,1,OPTCUR,CDS,25000.000000,10000,False
11123,GBPUSD27JUN1.345PE,GBPUSD,28JUN2027,13450000.000000,1,OPTCUR,CDS,1000.000000,10000,False
1140,668GS204026SEP94.25PE,668GS2040,24SEP2026,942500000.000000,1,OPTIRC,CDS,25000.000000,1250,False
11323,GBPUSD27JUN1.355PE,GBPUSD,28JUN2027,13550000.000000,1,OPTCUR,CDS,1000.000000,10000,False
11418,GBPINR26N06125.5CE,GBPINR,06NOV2026,1255000000.000000,1,OPTCUR,CDS,25000.000000,10000,False
11440,GBPINR26N06126CE,GBPINR,06NOV2026,1260000000.000000,1,OPTCUR,CDS,25000.000000,10000,False
11445,GBPINR26N06126.5PE,GBPINR,06NOV2026,1265000000.000000,1,OPTCUR,CDS,25000.000000,10000,False
11449,GBPINR26N06127PE,GBPINR,06NOV2026,1270000000.000000,1,OPTCUR,CDS,25000.000000,10000,False
11479,GBPINR26N06129.25CE,GBPINR,06NOV2026,1292500000.000000,1,OPTCUR,CDS,25000.000000,10000,False
11498,EURUSD26SEP1.025CE,EURUSD,28SEP2026,10250000.000000,1,OPTCUR,CDS,1000.000000,10000,False
11521,GBPINR26N06129.75CE,GBPINR,06NOV2026,1297500000.000000,1,OPTCUR,CDS,25000.000000,10000,False
11546,694GS203626SEP98PE,694GS2036,24SEP2026,980000000.000000,1,OPTIRC,CDS,25000.000000,1250,False
11549,694GS203626SEP98.5CE,694GS2036,24SEP2026,985000000.000000,1,OPTIRC,CDS,25000.000000,1250,False
11574,694GS203626SEP98.75PE,694GS2036,24SEP2026,987500000.000000,1,OPTIRC,CDS,25000.000000,1250,False
11603,GBPINR26N06132CE,GBPINR,06NOV2026,1320000000.000000,1,OPTCUR,CDS,25000.000000,10000,False
11608,USDJPY27MAR145PE,USDJPY,29MAR2027,1450000000.000000,1,OPTCUR,CDS,100000.000000,10000,False
11620,694GS203626SEP99.25PE,694GS2036,24SEP2026,992500000.000000,1,OPTIRC,CDS,25000.000000,1250,False
11635,GBPINR26N06132.75CE,GBPINR,06NOV2026,1327500000.000000,1,OPTCUR,CDS,25000.000000,10000,False
1166,USDINR27FEBFUT,USDINR,24FEB2027,-1.000000,1,FUTCUR,CDS,25000.000000,10000,False
11666,GBPINR26N06133.5CE,GBPINR,06NOV2026,1335000000.000000,1,OPTCUR,CDS,25000.000000,10000,False
11673,633GS203526DEC95.5CE,633GS2035,31DEC2026,955000000.000000,1,OPTIRC,CDS,25000.000000,1250,False
11679,JPYINR26SEP59.5CE,JPYINR,28SEP2026,595000000.000000,1,OPTCUR,CDS,25000.000000,10000,False
11686,694GS203626SEP101.75PE,694GS2036,24SEP2026,1017500000.000000,1,OPTIRC,CDS,25000.000000,1250,False
11694,694GS203626SEP102.75PE,694GS2036,24SEP2026,1027500000.000000,1,OPTIRC,CDS,25000.000000,1250,False
11734,694GS203626DEC98.5PE,694GS2036,31DEC2026,985000000.000000,1,OPTIRC,CDS,25000.000000,1250,False
11735,694GS203626DEC98.75CE,694GS2036,31DEC2026,987500000.000000,1,OPTIRC,CDS,25000.000000,1250,False
11763,GBPUSD26SEP1.475CE,GBPUSD,28SEP2026,14750000.000000,1,OPTCUR,CDS,1000.000000,10000,False
11771,GBPUSD26DEC1.475CE,GBPUSD,29DEC2026,14750000.000000,1,OPTCUR,CDS,1000.000000,10000,False
11887,GBPINR26DEC121CE,GBPINR,29DEC2026,1210000000.000000,1,OPTCUR,CDS,25000.000000,10000,False
11901,USDINR26SEP95.25PE,USDINR,28SEP2026,952500000.000000,1,OPTCUR,CDS,25000.000000,10000,False
11903,USDINR26SEP95.5PE,USDINR,28SEP2026,955000000.000000,1,OPTCUR,CDS,25000.000000,10000,False
11912,USDJPY26SEP170.5CE,USDJPY,28SEP2026,1705000000.000000,1,OPTCUR,CDS,100000.000000,10000,False
11923,GBPINR26DEC121.25PE,GBPINR,29DEC2026,1212500000.000000,1,OPTCUR,CDS,25000.000000,10000,False
11948,648GS203526SEP95.75CE,648GS2035,24SEP2026,957500000.000000,1,OPTIRC,CDS,25000.000000,1250,False
1199,EURUSD26SEP1.045CE,EURUSD,28SEP2026,10450000.000000,1,OPTCUR,CDS,1000.000000,10000,False
1200,EURUSD26SEP1.045PE,EURUSD,28SEP2026,10450000.000000,1,OPTCUR,CDS,1000.000000,10000,False
1205,EURUSD26SEP1.05PE,EURUSD,28SEP2026,10500000.000000,1,OPTCUR,CDS,1000.000000,10000,False
12018,JPYINR26N0659.75PE,JPYINR,06NOV2026,597500000.000000,1,OPTCUR,CDS,25000.000000,10000,False
12053,JPYINR26N0664PE,JPYINR,06NOV2026,640000000.000000,1,OPTCUR,CDS,25000.000000,10000,False
12098,694GS203626DEC102.5PE,694GS2036,31DEC2026,1025000000.000000,1,OPTIRC,CDS,25000.000000,1250,False
12157,JPYINR26SEP60CE,JPYINR,28SEP2026,600000000.000000,1,OPTCUR,CDS,25000.000000,10000,False
12161,JPYINR26N0664.75PE,JPYINR,06NOV2026,647500000.000000,1,OPTCUR,CDS,25000.000000,10000,False
1217,USDINR26O2396.125CE,USDINR,23OCT2026,961250000.000000,1,OPTCUR,CDS,25000.000000,10000,False
12250,694GS203626DEC102.75PE,694GS2036,31DEC2026,1027500000.000000,1,OPTIRC,CDS,25000.000000,1250,False
12264,USDINR26N0691PE,USDINR,06NOV2026,910000000.000000,1,OPTCUR,CDS,25000.000000,10000,False
12268,USDINR26N0691.5PE,USDINR,06NOV2026,915000000.000000,1,OPTCUR,CDS,25000.000000,10000,False
12274,USDINR26N0692.25PE,USDINR,06NOV2026,922500000.000000,1,OPTCUR,CDS,25000.000000,10000,False
12279,USDINR26N0693CE,USDINR,06NOV2026,930000000.000000,1,OPTCUR,CDS,25000.000000,10000,False
12283,USDINR26N0693.5CE,USDINR,06NOV2026,935000000.000000,1,OPTCUR,CDS,25000.000000,10000,False
12313,USDINR26N0695.25CE,USDINR,06NOV2026,952500000.000000,1,OPTCUR,CDS,25000.000000,10000,False
1234,648GS203526SEPFUT,648GS2035,24SEP2026,-1.000000,1,FUTIRC,CDS,25000.000000,1250,False
12332,USDINR26N0695.875PE,USDINR,06NOV2026,958750000.000000,1,OPTCUR,CDS,25000.000000,10000,False
12360,USDINR26N0698.5CE,USDINR,06NOV2026,985000000.000000,1,OPTCUR,CDS,25000.000000,10000,False
1249,EURUSD27MAR1.03PE,EURUSD,29MAR2027,10300000.000000,1,OPTCUR,CDS,1000.000000,10000,False
12409,USDINR26N0698.75PE,USDINR,06NOV2026,987500000.000000,1,OPTCUR,CDS,25000.000000,10000,False
12465,JPYINR26SEP60.25CE,JPYINR,28SEP2026,602500000.000000,1,OPTCUR,CDS,25000.000000,10000,False
12466,JPYINR26SEP60.25PE,JPYINR,28SEP2026,602500000.000000,1,OPTCUR,CDS,25000.000000,10000,False
12873,USDINR26NOV92.75CE,USDINR,26NOV2026,927500000.000000,1,OPTCUR,CDS,25000.000000,10000,False
12929,GBPINR26SEP126.5CE,GBPINR,28SEP2026,1265000000.000000,1,OPTCUR,CDS,25000.000000,10000,False
12934,USDINR26NOV93.5PE,USDINR,26NOV2026,935000000.000000,1,OPTCUR,CDS,25000.000000,10000,False
12941,USDINR26NOV94.5CE,USDINR,26NOV2026,945000000.000000,1,OPTCUR,CDS,25000.000000,10000,False
12945,USDINR26NOV95CE,USDINR,26NOV2026,950000000.000000,1,OPTCUR,CDS,25000.000000,10000,False
12963,694GS203627MAR99CE,694GS2036,25MAR2027,990000000.000000,1,OPTIRC,CDS,25000.000000,1250,False
12969,GBPINR26DEC122PE,GBPINR,29DEC2026,1220000000.000000,1,OPTCUR,CDS,25000.000000,10000,False
12971,USDINR26NOV95PE,USDINR,26NOV2026,950000000.000000,1,OPTCUR,CDS,25000.000000,10000,False
12976,USDINR26NOV95.25PE,USDINR,26NOV2026,952500000.000000,1,OPTCUR,CDS,25000.000000,10000,False
12980,GBPUSD27JUN1.385PE,GBPUSD,28JUN2027,13850000.000000,1,OPTCUR,CDS,1000.000000,10000,False
12981,GBPUSD27JUN1.39CE,GBPUSD,28JUN2027,13900000.000000,1,OPTCUR,CDS,1000.000000,10000,False
12985,GBPUSD27JUN1.4CE,GBPUSD,28JUN2027,14000000.000000,1,OPTCUR,CDS,1000.000000,10000,False
13006,USDINR26NOV96.25PE,USDINR,26NOV2026,962500000.000000,1,OPTCUR,CDS,25000.000000,10000,False
13014,694GS203627MAR99.5CE,694GS2036,25MAR2027,995000000.000000,1,OPTIRC,CDS,25000.000000,1250,False
13016,694GS203627MAR99.75CE,694GS2036,25MAR2027,997500000.000000,1,OPTIRC,CDS,25000.000000,1250,False
13024,GBPUSD27JUN1.43PE,GBPUSD,28JUN2027,14300000.000000,1,OPTCUR,CDS,1000.000000,10000,False
13039,GBPUSD26DEC1.205CE,GBPUSD,29DEC2026,12050000.000000,1,OPTCUR,CDS,1000.000000,10000,False
13041,694GS203627MAR99.75PE,694GS2036,25MAR2027,997500000.000000,1,OPTIRC,CDS,25000.000000,1250,False
13043,694GS203627MAR100PE,694GS2036,25MAR2027,1000000000.000000,1,OPTIRC,CDS,25000.000000,1250,False
13044,694GS203627MAR100.25CE,694GS2036,25MAR2027,1002500000.000000,1,OPTIRC,CDS,25000.000000,1250,False
13060,USDINR26NOV98PE,USDINR,26NOV2026,980000000.000000,1,OPTCUR,CDS,25000.000000,10000,False
13076,USDJPY26DEC171.5PE,USDJPY,29DEC2026,1715000000.000000,1,OPTCUR,CDS,100000.000000,10000,False
13085,694GS203627MAR101.25PE,694GS2036,25MAR2027,1012500000.000000,1,OPTIRC,CDS,25000.000000,1250,False
13171,JPYINR27JUN57.75CE,JPYINR,28JUN2027,577500000.000000,1,OPTCUR,CDS,25000.000000,10000,False
13190,USDJPY26NOV148CE,USDJPY,26NOV2026,1480000000.000000,1,OPTCUR,CDS,100000.000000,10000,False
13194,USDJPY26NOV149CE,USDJPY,26NOV2026,1490000000.000000,1,OPTCUR,CDS,100000.000000,10000,False
13208,USDJPY26NOV152.5CE,USDJPY,26NOV2026,1525000000.000000,1,OPTCUR,CDS,100000.000000,10000,False
13215,USDJPY26NOV154PE,USDJPY,26NOV2026,1540000000.000000,1,OPTCUR,CDS,100000.000000,10000,False
13217,USDJPY26NOV154.5PE,USDJPY,26NOV2026,1545000000.000000,1,OPTCUR,CDS,100000.000000,10000,False
13264,USDJPY26NOV166CE,USDJPY,26NOV2026,1660000000.000000,1,OPTCUR,CDS,100000.000000,10000,False
1329,EURINR26NOV106.75CE,EURINR,26NOV2026,1067500000.000000,1,OPTCUR,CDS,25000.000000,10000,False
13280,USDJPY26NOV170CE,USDJPY,26NOV2026,1700000000.000000,1,OPTCUR,CDS,100000.000000,10000,False
13290,USDJPY26NOV171PE,USDJPY,26NOV2026,1710000000.000000,1,OPTCUR,CDS,100000.000000,10000,False
13331,EURINR26N13107CE,EURINR,13NOV2026,1070000000.000000,1,OPTCUR,CDS,25000.000000,10000,False
13343,EURINR26N13108.25CE,EURINR,13NOV2026,1082500000.000000,1,OPTCUR,CDS,25000.000000,10000,False
13332,EURINR26N13107PE,EURINR,13NOV2026,1070000000.000000,1,OPTCUR,CDS,25000.000000,10000,False
13335,EURINR26N13107.5CE,EURINR,13NOV2026,1075000000.000000,1,OPTCUR,CDS,25000.000000,10000,False
13342,EURINR26N13108PE,EURINR,13NOV2026,1080000000.000000,1,OPTCUR,CDS,25000.000000,10000,False
13349,694GS203626SEP103.25CE,694GS2036,24SEP2026,1032500000.000000,1,OPTIRC,CDS,25000.000000,1250,False
13355,694GS203626DEC103.25PE,694GS2036,31DEC2026,1032500000.000000,1,OPTIRC,CDS,25000.000000,1250,False
13356,694GS203627MAR103.25CE,694GS2036,25MAR2027,1032500000.000000,1,OPTIRC,CDS,25000.000000,1250,False
13391,JPYINR27JUN62.25CE,JPYINR,28JUN2027,622500000.000000,1,OPTCUR,CDS,25000.000000,10000,False
13401,JPYINR27JUN63.5CE,JPYINR,28JUN2027,635000000.000000,1,OPTCUR,CDS,25000.000000,10000,False
13411,EURINR26N13110CE,EURINR,13NOV2026,1100000000.000000,1,OPTCUR,CDS,25000.000000,10000,False
13413,USDINR26SEP99CE,USDINR,28SEP2026,990000000.000000,1,OPTCUR,CDS,25000.000000,10000,False
13418,USDINR26SEP99.5PE,USDINR,28SEP2026,995000000.000000,1,OPTCUR,CDS,25000.000000,10000,False
13425,JPYINR27JUN64.25CE,JPYINR,28JUN2027,642500000.000000,1,OPTCUR,CDS,25000.000000,10000,False
13431,GBPINR27MAR131.5CE,GBPINR,29MAR2027,1315000000.000000,1,OPTCUR,CDS,25000.000000,10000,False
13463,GBPUSD27MAR1.285PE,GBPUSD,29MAR2027,12850000.000000,1,OPTCUR,CDS,1000.000000,10000,False
13479,GBPUSD27MAR1.32PE,GBPUSD,29MAR2027,13200000.000000,1,OPTCUR,CDS,1000.000000,10000,False
13489,GBPUSD27MAR1.345PE,GBPUSD,29MAR2027,13450000.000000,1,OPTCUR,CDS,1000.000000,10000,False
13494,GBPUSD27MAR1.36CE,GBPUSD,29MAR2027,13600000.000000,1,OPTCUR,CDS,1000.000000,10000,False
13496,GBPUSD27MAR1.365CE,GBPUSD,29MAR2027,13650000.000000,1,OPTCUR,CDS,1000.000000,10000,False
13518,GBPUSD27MAR1.42CE,GBPUSD,29MAR2027,14200000.000000,1,OPTCUR,CDS,1000.000000,10000,False
13527,GBPINR26DEC123PE,GBPINR,29DEC2026,1230000000.000000,1,OPTCUR,CDS,25000.000000,10000,False
13532,GBPINR26DEC123.75CE,GBPINR,29DEC2026,1237500000.000000,1,OPTCUR,CDS,25000.000000,10000,False
13536,GBPINR26DEC124.25CE,GBPINR,29DEC2026,1242500000.000000,1,OPTCUR,CDS,25000.000000,10000,False
13539,EURINR26N13110.75PE,EURINR,13NOV2026,1107500000.000000,1,OPTCUR,CDS,25000.000000,10000,False
13563,GBPINR26DEC126CE,GBPINR,29DEC2026,1260000000.000000,1,OPTCUR,CDS,25000.000000,10000,False
13572,GBPINR26DEC127PE,GBPINR,29DEC2026,1270000000.000000,1,OPTCUR,CDS,25000.000000,10000,False
13602,GBPUSD26DEC1.28PE,GBPUSD,29DEC2026,12800000.000000,1,OPTCUR,CDS,1000.000000,10000,False
13608,GBPUSD26DEC1.295PE,GBPUSD,29DEC2026,12950000.000000,1,OPTCUR,CDS,1000.000000,10000,False
13611,EURINR26N13112PE,EURINR,13NOV2026,1120000000.000000,1,OPTCUR,CDS,25000.000000,10000,False
13666,JPYINR27MAR55.5CE,JPYINR,29MAR2027,555000000.000000,1,OPTCUR,CDS,25000.000000,10000,False
13669,JPYINR27MAR55.75PE,JPYINR,29MAR2027,557500000.000000,1,OPTCUR,CDS,25000.000000,10000,False
13671,JPYINR27MAR56PE,JPYINR,29MAR2027,560000000.000000,1,OPTCUR,CDS,25000.000000,10000,False
13674,JPYINR27MAR56.5CE,JPYINR,29MAR2027,565000000.000000,1,OPTCUR,CDS,25000.000000,10000,False
13680,JPYINR27MAR57.25CE,JPYINR,29MAR2027,572500000.000000,1,OPTCUR,CDS,25000.000000,10000,False
13683,JPYINR27MAR57.5PE,JPYINR,29MAR2027,575000000.000000,1,OPTCUR,CDS,25000.000000,10000,False
13692,JPYINR27MAR58.25CE,JPYINR,29MAR2027,582500000.000000,1,OPTCUR,CDS,25000.000000,10000,False
13701,JPYINR27MAR59PE,JPYINR,29MAR2027,590000000.000000,1,OPTCUR,CDS,25000.000000,10000,False
13721,EURUSD26NOV1.045CE,EURUSD,26NOV2026,10450000.000000,1,OPTCUR,CDS,1000.000000,10000,False
13737,GBPUSD26DEC1.315CE,GBPUSD,29DEC2026,13150000.000000,1,OPTCUR,CDS,1000.000000,10000,False
13740,GBPUSD26DEC1.32PE,GBPUSD,29DEC2026,13200000.000000,1,OPTCUR,CDS,1000.000000,10000,False
13762,GBPUSD26DEC1.355CE,GBPUSD,29DEC2026,13550000.000000,1,OPTCUR,CDS,1000.000000,10000,False
13798,GBPUSD26DEC1.43CE,GBPUSD,29DEC2026,14300000.000000,1,OPTCUR,CDS,1000.000000,10000,False
13811,GBPUSD26DEC1.455PE,GBPUSD,29DEC2026,14550000.000000,1,OPTCUR,CDS,1000.000000,10000,False
13823,GBPINR26N13125CE,GBPINR,13NOV2026,1250000000.000000,1,OPTCUR,CDS,25000.000000,10000,False
13835,JPYINR27MAR63PE,JPYINR,29MAR2027,630000000.000000,1,OPTCUR,CDS,25000.000000,10000,False
13858,JPYINR27MAR63.5CE,JPYINR,29MAR2027,635000000.000000,1,OPTCUR,CDS,25000.000000,10000,False
13876,GBPINR26N13129PE,GBPINR,13NOV2026,1290000000.000000,1,OPTCUR,CDS,25000.000000,10000,False
13877,GBPINR26N13129.25CE,GBPINR,13NOV2026,1292500000.000000,1,OPTCUR,CDS,25000.000000,10000,False
13883,GBPINR26N13130CE,GBPINR,13NOV2026,1300000000.000000,1,OPTCUR,CDS,25000.000000,10000,False
13886,GBPINR26N13130.25PE,GBPINR,13NOV2026,1302500000.000000,1,OPTCUR,CDS,25000.000000,10000,False
13893,GBPINR26N13131.25CE,GBPINR,13NOV2026,1312500000.000000,1,OPTCUR,CDS,25000.000000,10000,False
13894,JPYINR27MAR63.75CE,JPYINR,29MAR2027,637500000.000000,1,OPTCUR,CDS,25000.000000,10000,False
1390,GBPUSD27MAR1.21CE,GBPUSD,29MAR2027,12100000.000000,1,OPTCUR,CDS,1000.000000,10000,False
13895,GBPINR26N13131.25PE,GBPINR,13NOV2026,1312500000.000000,1,OPTCUR,CDS,25000.000000,10000,False
13932,JPYINR27MAR64.25CE,JPYINR,29MAR2027,642500000.000000,1,OPTCUR,CDS,25000.000000,10000,False
13946,JPYINR27MAR64.75PE,JPYINR,29MAR2027,647500000.000000,1,OPTCUR,CDS,25000.000000,10000,False
13969,JPYINR26N1356.5CE,JPYINR,13NOV2026,565000000.000000,1,OPTCUR,CDS,25000.000000,10000,False
13983,JPYINR26N1358.25CE,JPYINR,13NOV2026,582500000.000000,1,OPTCUR,CDS,25000.000000,10000,False
13989,JPYINR26N1358.75CE,JPYINR,13NOV2026,587500000.000000,1,OPTCUR,CDS,25000.000000,10000,False
14009,JPYINR26N1360.25CE,JPYINR,13NOV2026,602500000.000000,1,OPTCUR,CDS,25000.000000,10000,False
14014,JPYINR26N1360.75PE,JPYINR,13NOV2026,607500000.000000,1,OPTCUR,CDS,25000.000000,10000,False
14022,JPYINR26N1361.25PE,JPYINR,13NOV2026,612500000.000000,1,OPTCUR,CDS,25000.000000,10000,False
14038,JPYINR26N1363.25PE,JPYINR,13NOV2026,632500000.000000,1,OPTCUR,CDS,25000.000000,10000,False
14039,JPYINR26N1363.5CE,JPYINR,13NOV2026,635000000.000000,1,OPTCUR,CDS,25000.000000,10000,False
14078,USDINR26N1391.25PE,USDINR,13NOV2026,912500000.000000,1,OPTCUR,CDS,25000.000000,10000,False
14087,USDINR26N1392.5CE,USDINR,13NOV2026,925000000.000000,1,OPTCUR,CDS,25000.000000,10000,False
14100,USDINR27MAR89PE,USDINR,29MAR2027,890000000.000000,1,OPTCUR,CDS,25000.000000,10000,False
14104,USDINR27MAR89.5PE,USDINR,29MAR2027,895000000.000000,1,OPTCUR,CDS,25000.000000,10000,False
14106,USDINR27MAR89.75PE,USDINR,29MAR2027,897500000.000000,1,OPTCUR,CDS,25000.000000,10000,False
14110,USDINR27MAR90.25PE,USDINR,29MAR2027,902500000.000000,1,OPTCUR,CDS,25000.000000,10000,False
14114,USDINR27MAR90.75PE,USDINR,29MAR2027,907500000.000000,1,OPTCUR,CDS,25000.000000,10000,False
14117,USDINR26N1393.25CE,USDINR,13NOV2026,932500000.000000,1,OPTCUR,CDS,25000.000000,10000,False
1413,EURINR26NOV109.5PE,EURINR,26NOV2026,1095000000.000000,1,OPTCUR,CDS,25000.000000,10000,False
14120,USDINR26SEP96.5PE,USDINR,28SEP2026,965000000.000000,1,OPTCUR,CDS,25000.000000,10000,False
14122,USDINR26N1393.5PE,USDINR,13NOV2026,935000000.000000,1,OPTCUR,CDS,25000.000000,10000,False
14131,USDINR26N1394CE,USDINR,13NOV2026,940000000.000000,1,OPTCUR,CDS,25000.000000,10000,False
14133,USDINR26N1394.25CE,USDINR,13NOV2026,942500000.000000,1,OPTCUR,CDS,25000.000000,10000,False
14137,USDINR27MAR91.25CE,USDINR,29MAR2027,912500000.000000,1,OPTCUR,CDS,25000.000000,10000,False
14145,USDINR27MAR92.25CE,USDINR,29MAR2027,922500000.000000,1,OPTCUR,CDS,25000.000000,10000,False
14163,USDINR26N1395.125CE,USDINR,13NOV2026,951250000.000000,1,OPTCUR,CDS,25000.000000,10000,False
14164,USDINR26N1395.125PE,USDINR,13NOV2026,951250000.000000,1,OPTCUR,CDS,25000.000000,10000,False
14175,USDINR26N1395.875CE,USDINR,13NOV2026,958750000.000000,1,OPTCUR,CDS,25000.000000,10000,False
14181,USDINR26N1396.25CE,USDINR,13NOV2026,962500000.000000,1,OPTCUR,CDS,25000.000000,10000,False
14183,USDINR26N1396.5CE,USDINR,13NOV2026,965000000.000000,1,OPTCUR,CDS,25000.000000,10000,False
14190,USDINR26N1397.25PE,USDINR,13NOV2026,972500000.000000,1,OPTCUR,CDS,25000.000000,10000,False
14247,633GS203526NOV95.5CE,633GS2035,26NOV2026,955000000.000000,1,OPTIRC,CDS,25000.000000,1250,False
14250,633GS203526NOV95.75PE,633GS2035,26NOV2026,957500000.000000,1,OPTIRC,CDS,25000.000000,1250,False
14251,633GS203526NOV96CE,633GS2035,26NOV2026,960000000.000000,1,OPTIRC,CDS,25000.000000,1250,False
1433,GBPINR26DEC127.5PE,GBPINR,29DEC2026,1275000000.000000,1,OPTCUR,CDS,25000.000000,10000,False
14274,633GS203526NOV98.75PE,633GS2035,26NOV2026,987500000.000000,1,OPTIRC,CDS,25000.000000,1250,False
14307,636GS203126NOV97.25CE,636GS2031,26NOV2026,972500000.000000,1,OPTIRC,CDS,25000.000000,1250,False
14310,636GS203126NOV97.5PE,636GS2031,26NOV2026,975000000.000000,1,OPTIRC,CDS,25000.000000,1250,False
14331,636GS203126NOV100.25CE,636GS2031,26NOV2026,1002500000.000000,1,OPTIRC,CDS,25000.000000,1250,False
14332,636GS203126NOV100.25PE,636GS2031,26NOV2026,1002500000.000000,1,OPTIRC,CDS,25000.000000,1250,False
14340,636GS203126NOV101.25PE,636GS2031,26NOV2026,1012500000.000000,1,OPTIRC,CDS,25000.000000,1250,False
14342,636GS203126NOV101.5PE,636GS2031,26NOV2026,1015000000.000000,1,OPTIRC,CDS,25000.000000,1250,False
14375,648GS203526NOV95.5CE,648GS2035,26NOV2026,955000000.000000,1,OPTIRC,CDS,25000.000000,1250,False
14380,648GS203526NOV96PE,648GS2035,26NOV2026,960000000.000000,1,OPTIRC,CDS,25000.000000,1250,False
14384,648GS203526NOV96.5PE,648GS2035,26NOV2026,965000000.000000,1,OPTIRC,CDS,25000.000000,1250,False
14391,648GS203526NOV97.5CE,648GS2035,26NOV2026,975000000.000000,1,OPTIRC,CDS,25000.000000,1250,False
14407,648GS203526NOV99.5CE,648GS2035,26NOV2026,995000000.000000,1,OPTIRC,CDS,25000.000000,1250,False
14423,USDINR27MAR93.25CE,USDINR,29MAR2027,932500000.000000,1,OPTCUR,CDS,25000.000000,10000,False
14424,USDINR27MAR93.25PE,USDINR,29MAR2027,932500000.000000,1,OPTCUR,CDS,25000.000000,10000,False
14425,USDINR27MAR93.5CE,USDINR,29MAR2027,935000000.000000,1,OPTCUR,CDS,25000.000000,10000,False
1443,668GS204026DEC92.5CE,668GS2040,31DEC2026,925000000.000000,1,OPTIRC,CDS,25000.000000,1250,False
14445,668GS204026NOV94PE,668GS2040,26NOV2026,940000000.000000,1,OPTIRC,CDS,25000.000000,1250,False
14453,668GS204026NOV95PE,668GS2040,26NOV2026,950000000.000000,1,OPTIRC,CDS,25000.000000,1250,False
14464,668GS204026NOV96.5CE,668GS2040,26NOV2026,965000000.000000,1,OPTIRC,CDS,25000.000000,1250,False
14534,694GS203626NOV99.75CE,694GS2036,26NOV2026,997500000.000000,1,OPTIRC,CDS,25000.000000,1250,False
14544,694GS203626NOV101CE,694GS2036,26NOV2026,1010000000.000000,1,OPTIRC,CDS,25000.000000,1250,False
14546,694GS203626NOV101.25CE,694GS2036,26NOV2026,1012500000.000000,1,OPTIRC,CDS,25000.000000,1250,False
14578,723GS203926NOV99.5CE,723GS2039,26NOV2026,995000000.000000,1,OPTIRC,CDS,25000.000000,1250,False
14581,723GS203926NOV99.75PE,723GS2039,26NOV2026,997500000.000000,1,OPTIRC,CDS,25000.000000,1250,False
14589,723GS203926NOV100.75PE,723GS2039,26NOV2026,1007500000.000000,1,OPTIRC,CDS,25000.000000,1250,False
14595,723GS203926NOV101.5PE,723GS2039,26NOV2026,1015000000.000000,1,OPTIRC,CDS,25000.000000,1250,False
14596,723GS203926NOV101.75CE,723GS2039,26NOV2026,1017500000.000000,1,OPTIRC,CDS,25000.000000,1250,False
1461,EURINR26NOV110.75PE,EURINR,26NOV2026,1107500000.000000,1,OPTCUR,CDS,25000.000000,10000,False
14605,723GS203926NOV102.75PE,723GS2039,26NOV2026,1027500000.000000,1,OPTIRC,CDS,25000.000000,1250,False
14607,723GS203926NOV103PE,723GS2039,26NOV2026,1030000000.000000,1,OPTIRC,CDS,25000.000000,1250,False
14610,723GS203926NOV103.5CE,723GS2039,26NOV2026,1035000000.000000,1,OPTIRC,CDS,25000.000000,1250,False
14617,723GS203926NOV104.25PE,723GS2039,26NOV2026,1042500000.000000,1,OPTIRC,CDS,25000.000000,1250,False
14619,723GS203926NOV104.5PE,723GS2039,26NOV2026,1045000000.000000,1,OPTIRC,CDS,25000.000000,1250,False
14640,USDINR27MAR95PE,USDINR,29MAR2027,950000000.000000,1,OPTCUR,CDS,25000.000000,10000,False
14656,USDINR26SEP96.75PE,USDINR,28SEP2026,967500000.000000,1,OPTCUR,CDS,25000.000000,10000,False
14677,JPYINR26DEC64.5CE,JPYINR,29DEC2026,645000000.000000,1,OPTCUR,CDS,25000.000000,10000,False
14702,USDINR27MAR97.5PE,USDINR,29MAR2027,975000000.000000,1,OPTCUR,CDS,25000.000000,10000,False
14703,USDINR27MAR97.75CE,USDINR,29MAR2027,977500000.000000,1,OPTCUR,CDS,25000.000000,10000,False
14728,EURINR26SEP112.5PE,EURINR,28SEP2026,1125000000.000000,1,OPTCUR,CDS,25000.000000,10000,False
14739,USDJPY27MAR147CE,USDJPY,29MAR2027,1470000000.000000,1,OPTCUR,CDS,100000.000000,10000,False
14743,USDJPY27MAR148CE,USDJPY,29MAR2027,1480000000.000000,1,OPTCUR,CDS,100000.000000,10000,False
14747,USDJPY27MAR149CE,USDJPY,29MAR2027,1490000000.000000,1,OPTCUR,CDS,100000.000000,10000,False
14773,USDJPY27MAR152.5CE,USDJPY,29MAR2027,1525000000.000000,1,OPTCUR,CDS,100000.000000,10000,False
1478,EURINR26NOV111.5CE,EURINR,26NOV2026,1115000000.000000,1,OPTCUR,CDS,25000.000000,10000,False
1479,668GS204026DEC92.5PE,668GS2040,31DEC2026,925000000.000000,1,OPTIRC,CDS,25000.000000,1250,False
14778,USDJPY27MAR153.5PE,USDJPY,29MAR2027,1535000000.000000,1,OPTCUR,CDS,100000.000000,10000,False
14785,USDJPY27MAR155.5CE,USDJPY,29MAR2027,1555000000.000000,1,OPTCUR,CDS,100000.000000,10000,False
14849,USDJPY27MAR157.5CE,USDJPY,29MAR2027,1575000000.000000,1,OPTCUR,CDS,100000.000000,10000,False
14852,USDJPY27MAR158PE,USDJPY,29MAR2027,1580000000.000000,1,OPTCUR,CDS,100000.000000,10000,False
14850,USDJPY27MAR157.5PE,USDJPY,29MAR2027,1575000000.000000,1,OPTCUR,CDS,100000.000000,10000,False
14851,USDJPY27MAR158CE,USDJPY,29MAR2027,1580000000.000000,1,OPTCUR,CDS,100000.000000,10000,False
1503,USDJPY26DEC174CE,USDJPY,29DEC2026,1740000000.000000,1,OPTCUR,CDS,100000.000000,10000,False
14857,USDJPY27MAR159.5CE,USDJPY,29MAR2027,1595000000.000000,1,OPTCUR,CDS,100000.000000,10000,False
14887,USDJPY27MAR162CE,USDJPY,29MAR2027,1620000000.000000,1,OPTCUR,CDS,100000.000000,10000,False
15033,USDJPY27MAR166CE,USDJPY,29MAR2027,1660000000.000000,1,OPTCUR,CDS,100000.000000,10000,False
15140,USDJPY26DEC142CE,USDJPY,29DEC2026,1420000000.000000,1,OPTCUR,CDS,100000.000000,10000,False
15150,USDJPY27MAR167PE,USDJPY,29MAR2027,1670000000.000000,1,OPTCUR,CDS,100000.000000,10000,False
15165,648GS203526DEC94.25PE,648GS2035,31DEC2026,942500000.000000,1,OPTIRC,CDS,25000.000000,1250,False
15166,USDJPY27MAR168PE,USDJPY,29MAR2027,1680000000.000000,1,OPTCUR,CDS,100000.000000,10000,False
15191,JPYINR26DEC55PE,JPYINR,29DEC2026,550000000.000000,1,OPTCUR,CDS,25000.000000,10000,False
15192,JPYINR26DEC55.25CE,JPYINR,29DEC2026,552500000.000000,1,OPTCUR,CDS,25000.000000,10000,False
15208,JPYINR26DEC57.25CE,JPYINR,29DEC2026,572500000.000000,1,OPTCUR,CDS,25000.000000,10000,False
15218,JPYINR26DEC58.5CE,JPYINR,29DEC2026,585000000.000000,1,OPTCUR,CDS,25000.000000,10000,False
15226,JPYINR26DEC59.5CE,JPYINR,29DEC2026,595000000.000000,1,OPTCUR,CDS,25000.000000,10000,False
15265,USDJPY27MAR170.5CE,USDJPY,29MAR2027,1705000000.000000,1,OPTCUR,CDS,100000.000000,10000,False
15409,694GS203627MAR103.5PE,694GS2036,25MAR2027,1035000000.000000,1,OPTIRC,CDS,25000.000000,1250,False
15419,668GS204026DEC91PE,668GS2040,31DEC2026,910000000.000000,1,OPTIRC,CDS,25000.000000,1250,False
15439,723GS203927MARFUT,723GS2039,25MAR2027,-1.000000,1,FUTIRC,CDS,25000.000000,1250,False
15455,USDINR27JUN91.75PE,USDINR,28JUN2027,917500000.000000,1,OPTCUR,CDS,25000.000000,10000,False
15464,USDINR27JUN93CE,USDINR,28JUN2027,930000000.000000,1,OPTCUR,CDS,25000.000000,10000,False
15465,USDINR27JUN93PE,USDINR,28JUN2027,930000000.000000,1,OPTCUR,CDS,25000.000000,10000,False
15467,USDINR27JUN93.25PE,USDINR,28JUN2027,932500000.000000,1,OPTCUR,CDS,25000.000000,10000,False
15470,USDINR27JUN93.75CE,USDINR,28JUN2027,937500000.000000,1,OPTCUR,CDS,25000.000000,10000,False
15482,USDINR27JUN95.25CE,USDINR,28JUN2027,952500000.000000,1,OPTCUR,CDS,25000.000000,10000,False
15485,USDINR27JUN95.5PE,USDINR,28JUN2027,955000000.000000,1,OPTCUR,CDS,25000.000000,10000,False
15498,USDINR27JUN96.5PE,USDINR,28JUN2027,965000000.000000,1,OPTCUR,CDS,25000.000000,10000,False
15504,JPYINR26DEC60.75CE,JPYINR,29DEC2026,607500000.000000,1,OPTCUR,CDS,25000.000000,10000,False
15509,JPYINR26DEC61.25PE,JPYINR,29DEC2026,612500000.000000,1,OPTCUR,CDS,25000.000000,10000,False
15516,JPYINR26DEC62.25CE,JPYINR,29DEC2026,622500000.000000,1,OPTCUR,CDS,25000.000000,10000,False
15572,USDINR26DEC86.75CE,USDINR,29DEC2026,867500000.000000,1,OPTCUR,CDS,25000.000000,10000,False
15585,USDINR26DEC88.25PE,USDINR,29DEC2026,882500000.000000,1,OPTCUR,CDS,25000.000000,10000,False
15596,USDINR26DEC89.75CE,USDINR,29DEC2026,897500000.000000,1,OPTCUR,CDS,25000.000000,10000,False
15600,USDINR26DEC90.25CE,USDINR,29DEC2026,902500000.000000,1,OPTCUR,CDS,25000.000000,10000,False
15604,USDINR26DEC90.75CE,USDINR,29DEC2026,907500000.000000,1,OPTCUR,CDS,25000.000000,10000,False
15609,USDINR26DEC91.25PE,USDINR,29DEC2026,912500000.000000,1,OPTCUR,CDS,25000.000000,10000,False
15617,USDINR26DEC92.25PE,USDINR,29DEC2026,922500000.000000,1,OPTCUR,CDS,25000.000000,10000,False
15629,USDJPY27JUN149.5PE,USDJPY,28JUN2027,1495000000.000000,1,OPTCUR,CDS,100000.000000,10000,False
1564,EURINR26NOV112.5CE,EURINR,26NOV2026,1125000000.000000,1,OPTCUR,CDS,25000.000000,10000,False
1566,GBPINR27JUN131.25PE,GBPINR,28JUN2027,1312500000.000000,1,OPTCUR,CDS,25000.000000,10000,False
15637,USDJPY27JUN151.5PE,USDJPY,28JUN2027,1515000000.000000,1,OPTCUR,CDS,100000.000000,10000,False
15684,USDINR26DEC95PE,USDINR,29DEC2026,950000000.000000,1,OPTCUR,CDS,25000.000000,10000,False
15689,USDINR26DEC95.75CE,USDINR,29DEC2026,957500000.000000,1,OPTCUR,CDS,25000.000000,10000,False
15694,USDJPY26DEC144.5PE,USDJPY,29DEC2026,1445000000.000000,1,OPTCUR,CDS,100000.000000,10000,False
15702,USDJPY26DEC146CE,USDJPY,29DEC2026,1460000000.000000,1,OPTCUR,CDS,100000.000000,10000,False
15705,USDJPY26DEC146.5PE,USDJPY,29DEC2026,1465000000.000000,1,OPTCUR,CDS,100000.000000,10000,False
15716,USDJPY26DEC149.5CE,USDJPY,29DEC2026,1495000000.000000,1,OPTCUR,CDS,100000.000000,10000,False
15724,USDJPY26DEC151.5CE,USDJPY,29DEC2026,1515000000.000000,1,OPTCUR,CDS,100000.000000,10000,False
15728,USDJPY26DEC152.5CE,USDJPY,29DEC2026,1525000000.000000,1,OPTCUR,CDS,100000.000000,10000,False
15734,USDJPY26DEC154CE,USDJPY,29DEC2026,1540000000.000000,1,OPTCUR,CDS,100000.000000,10000,False
15739,USDJPY26DEC155PE,USDJPY,29DEC2026,1550000000.000000,1,OPTCUR,CDS,100000.000000,10000,False
15742,USDJPY26DEC156CE,USDJPY,29DEC2026,1560000000.000000,1,OPTCUR,CDS,100000.000000,10000,False
15747,USDJPY26DEC157PE,USDJPY,29DEC2026,1570000000.000000,1,OPTCUR,CDS,100000.000000,10000,False
15757,USDJPY26DEC159.5PE,USDJPY,29DEC2026,1595000000.000000,1,OPTCUR,CDS,100000.000000,10000,False
15803,USDJPY27JUN160.5CE,USDJPY,28JUN2027,1605000000.000000,1,OPTCUR,CDS,100000.000000,10000,False
15817,USDJPY27JUN163PE,USDJPY,28JUN2027,1630000000.000000,1,OPTCUR,CDS,100000.000000,10000,False
15821,USDJPY27JUN164PE,USDJPY,28JUN2027,1640000000.000000,1,OPTCUR,CDS,100000.000000,10000,False
15842,USDJPY27JUN169.5CE,USDJPY,28JUN2027,1695000000.000000,1,OPTCUR,CDS,100000.000000,10000,False
15845,USDJPY27JUN170PE,USDJPY,28JUN2027,1700000000.000000,1,OPTCUR,CDS,100000.000000,10000,False
15852,USDJPY27JUN172CE,USDJPY,28JUN2027,1720000000.000000,1,OPTCUR,CDS,100000.000000,10000,False
15987,648GS203527JUN95CE,648GS2035,24JUN2027,950000000.000000,1,OPTIRC,CDS,25000.000000,1250,False
15993,648GS203527JUN95.75CE,648GS2035,24JUN2027,957500000.000000,1,OPTIRC,CDS,25000.000000,1250,False
16001,648GS203527JUN96.75CE,648GS2035,24JUN2027,967500000.000000,1,OPTIRC,CDS,25000.000000,1250,False
16005,648GS203527JUN97.25CE,648GS2035,24JUN2027,972500000.000000,1,OPTIRC,CDS,25000.000000,1250,False
16007,648GS203527JUN97.5CE,648GS2035,24JUN2027,975000000.000000,1,OPTIRC,CDS,25000.000000,1250,False
16011,648GS203527JUN98CE,648GS2035,24JUN2027,980000000.000000,1,OPTIRC,CDS,25000.000000,1250,False
16065,668GS204027JUN94CE,668GS2040,24JUN2027,940000000.000000,1,OPTIRC,CDS,25000.000000,1250,False
16096,668GS204027JUN97.25PE,668GS2040,24JUN2027,972500000.000000,1,OPTIRC,CDS,25000.000000,1250,False
16100,668GS204027JUN97.75PE,668GS2040,24JUN2027,977500000.000000,1,OPTIRC,CDS,25000.000000,1250,False
1618,USDINR26O0995.375PE,USDINR,09OCT2026,953750000.000000,1,OPTCUR,CDS,25000.000000,10000,False
16108,668GS204027JUN98.75PE,668GS2040,24JUN2027,987500000.000000,1,OPTIRC,CDS,25000.000000,1250,False
16110,668GS204027JUN99PE,668GS2040,24JUN2027,990000000.000000,1,OPTIRC,CDS,25000.000000,1250,False
16119,668GS204026DEC93PE,668GS2040,31DEC2026,930000000.000000,1,OPTIRC,CDS,25000.000000,1250,False
16184,694GS203627JUN100.75CE,694GS2036,24JUN2027,1007500000.000000,1,OPTIRC,CDS,25000.000000,1250,False
16188,694GS203627JUN101.25CE,694GS2036,24JUN2027,1012500000.000000,1,OPTIRC,CDS,25000.000000,1250,False
16191,694GS203627JUN101.5PE,694GS2036,24JUN2027,1015000000.000000,1,OPTIRC,CDS,25000.000000,1250,False
16245,723GS203927JUN99.25PE,723GS2039,24JUN2027,992500000.000000,1,OPTIRC,CDS,25000.000000,1250,False
16254,723GS203927JUN100.25CE,723GS2039,24JUN2027,1002500000.000000,1,OPTIRC,CDS,25000.000000,1250,False
16258,723GS203927JUN100.75CE,723GS2039,24JUN2027,1007500000.000000,1,OPTIRC,CDS,25000.000000,1250,False
16265,723GS203927JUN101.5CE,723GS2039,24JUN2027,1015000000.000000,1,OPTIRC,CDS,25000.000000,1250,False
16266,723GS203927JUN101.5PE,723GS2039,24JUN2027,1015000000.000000,1,OPTIRC,CDS,25000.000000,1250,False
16284,723GS203927JUN103.75CE,723GS2039,24JUN2027,1037500000.000000,1,OPTIRC,CDS,25000.000000,1250,False
16292,723GS203927JUN104.75CE,723GS2039,24JUN2027,1047500000.000000,1,OPTIRC,CDS,25000.000000,1250,False
16330,EURUSD26SEP1.315PE,EURUSD,28SEP2026,13150000.000000,1,OPTCUR,CDS,1000.000000,10000,False
16338,JPYINR26SEP61.25CE,JPYINR,28SEP2026,612500000.000000,1,OPTCUR,CDS,25000.000000,10000,False
16343,JPYINR26SEP61.75PE,JPYINR,28SEP2026,617500000.000000,1,OPTCUR,CDS,25000.000000,10000,False
16357,JPYINR26SEP63.5PE,JPYINR,28SEP2026,635000000.000000,1,OPTCUR,CDS,25000.000000,10000,False
16407,USDINR26SEP85.25PE,USDINR,28SEP2026,852500000.000000,1,OPTCUR,CDS,25000.000000,10000,False
16408,USDINR26SEP85.5CE,USDINR,28SEP2026,855000000.000000,1,OPTCUR,CDS,25000.000000,10000,False
16421,USDINR26SEP87PE,USDINR,28SEP2026,870000000.000000,1,OPTCUR,CDS,25000.000000,10000,False
16430,USDINR26SEP88.25CE,USDINR,28SEP2026,882500000.000000,1,OPTCUR,CDS,25000.000000,10000,False
16433,USDINR26SEP88.5PE,USDINR,28SEP2026,885000000.000000,1,OPTCUR,CDS,25000.000000,10000,False
16439,USDINR26SEP89.25PE,USDINR,28SEP2026,892500000.000000,1,OPTCUR,CDS,25000.000000,10000,False
16441,USDINR26SEP89.5PE,USDINR,28SEP2026,895000000.000000,1,OPTCUR,CDS,25000.000000,10000,False
16446,USDINR26SEP90.25CE,USDINR,28SEP2026,902500000.000000,1,OPTCUR,CDS,25000.000000,10000,False
16457,USDINR26SEP91.5PE,USDINR,28SEP2026,915000000.000000,1,OPTCUR,CDS,25000.000000,10000,False
16465,USDINR26SEP92.5PE,USDINR,28SEP2026,925000000.000000,1,OPTCUR,CDS,25000.000000,10000,False
16467,USDINR26SEP92.75PE,USDINR,28SEP2026,927500000.000000,1,OPTCUR,CDS,25000.000000,10000,False
16468,USDINR26SEP93CE,USDINR,28SEP2026,930000000.000000,1,OPTCUR,CDS,25000.000000,10000,False
16486,USDJPY26SEP137CE,USDJPY,28SEP2026,1370000000.000000,1,OPTCUR,CDS,100000.000000,10000,False
16503,USDJPY26SEP141PE,USDJPY,28SEP2026,1410000000.000000,1,OPTCUR,CDS,100000.000000,10000,False
16504,USDJPY26SEP141.5CE,USDJPY,28SEP2026,1415000000.000000,1,OPTCUR,CDS,100000.000000,10000,False
16509,USDJPY26SEP142.5PE,USDJPY,28SEP2026,1425000000.000000,1,OPTCUR,CDS,100000.000000,10000,False
16510,USDJPY26SEP143CE,USDJPY,28SEP2026,1430000000.000000,1,OPTCUR,CDS,100000.000000,10000,False
16528,USDJPY26SEP147.5CE,USDJPY,28SEP2026,1475000000.000000,1,OPTCUR,CDS,100000.000000,10000,False
16529,USDJPY26SEP147.5PE,USDJPY,28SEP2026,1475000000.000000,1,OPTCUR,CDS,100000.000000,10000,False
16532,USDJPY26SEP148.5CE,USDJPY,28SEP2026,1485000000.000000,1,OPTCUR,CDS,100000.000000,10000,False
16537,USDJPY26SEP149.5PE,USDJPY,28SEP2026,1495000000.000000,1,OPTCUR,CDS,100000.000000,10000,False
16556,USDJPY26SEP154.5CE,USDJPY,28SEP2026,1545000000.000000,1,OPTCUR,CDS,100000.000000,10000,False
16611,633GS203526SEP98PE,633GS2035,24SEP2026,980000000.000000,1,OPTIRC,CDS,25000.000000,1250,False
16617,633GS203526SEP98.75PE,633GS2035,24SEP2026,987500000.000000,1,OPTIRC,CDS,25000.000000,1250,False
16621,633GS203526SEP99.25PE,633GS2035,24SEP2026,992500000.000000,1,OPTIRC,CDS,25000.000000,1250,False
16622,633GS203526SEP99.5CE,633GS2035,24SEP2026,995000000.000000,1,OPTIRC,CDS,25000.000000,1250,False
16624,633GS203526SEP99.75CE,633GS2035,24SEP2026,997500000.000000,1,OPTIRC,CDS,25000.000000,1250,False
16626,633GS203526SEP100CE,633GS2035,24SEP2026,1000000000.000000,1,OPTIRC,CDS,25000.000000,1250,False
16634,633GS203526SEP101CE,633GS2035,24SEP2026,1010000000.000000,1,OPTIRC,CDS,25000.000000,1250,False
16652,668GS204026SEP94.75CE,668GS2040,24SEP2026,947500000.000000,1,OPTIRC,CDS,25000.000000,1250,False
16662,668GS204026SEP96CE,668GS2040,24SEP2026,960000000.000000,1,OPTIRC,CDS,25000.000000,1250,False
16667,668GS204026SEP96.5PE,668GS2040,24SEP2026,965000000.000000,1,OPTIRC,CDS,25000.000000,1250,False
16669,668GS204026SEP96.75PE,668GS2040,24SEP2026,967500000.000000,1,OPTIRC,CDS,25000.000000,1250,False
16717,679GS203426SEP97.5PE,679GS2034,24SEP2026,975000000.000000,1,OPTIRC,CDS,25000.000000,1250,False
16729,679GS203426SEP99PE,679GS2034,24SEP2026,990000000.000000,1,OPTIRC,CDS,25000.000000,1250,False
16734,679GS203426SEP99.75CE,679GS2034,24SEP2026,997500000.000000,1,OPTIRC,CDS,25000.000000,1250,False
16740,679GS203426SEP100.5CE,679GS2034,24SEP2026,1005000000.000000,1,OPTIRC,CDS,25000.000000,1250,False
16741,679GS203426SEP100.5PE,679GS2034,24SEP2026,1005000000.000000,1,OPTIRC,CDS,25000.000000,1250,False
16757,679GS203426SEP102.5PE,679GS2034,24SEP2026,1025000000.000000,1,OPTIRC,CDS,25000.000000,1250,False
16758,679GS203426SEP102.75CE,679GS2034,24SEP2026,1027500000.000000,1,OPTIRC,CDS,25000.000000,1250,False
16785,723GS203926SEP99.5PE,723GS2039,24SEP2026,995000000.000000,1,OPTIRC,CDS,25000.000000,1250,False
16788,723GS203926SEP100CE,723GS2039,24SEP2026,1000000000.000000,1,OPTIRC,CDS,25000.000000,1250,False
16820,723GS203926SEP104CE,723GS2039,24SEP2026,1040000000.000000,1,OPTIRC,CDS,25000.000000,1250,False
16822,723GS203926SEP104.25CE,723GS2039,24SEP2026,1042500000.000000,1,OPTIRC,CDS,25000.000000,1250,False
16823,723GS203926SEP104.25PE,723GS2039,24SEP2026,1042500000.000000,1,OPTIRC,CDS,25000.000000,1250,False
16825,723GS203926SEP104.5PE,723GS2039,24SEP2026,1045000000.000000,1,OPTIRC,CDS,25000.000000,1250,False
16827,723GS203926SEP104.75PE,723GS2039,24SEP2026,1047500000.000000,1,OPTIRC,CDS,25000.000000,1250,False
16830,723GS203926SEP105.25CE,723GS2039,24SEP2026,1052500000.000000,1,OPTIRC,CDS,25000.000000,1250,False
16886,633GS203526DEC99.5PE,633GS2035,31DEC2026,995000000.000000,1,OPTIRC,CDS,25000.000000,1250,False
16892,633GS203526DEC100.25PE,633GS2035,31DEC2026,1002500000.000000,1,OPTIRC,CDS,25000.000000,1250,False
16894,633GS203526DEC100.5PE,633GS2035,31DEC2026,1005000000.000000,1,OPTIRC,CDS,25000.000000,1250,False
16910,648GS203526DEC95.5PE,648GS2035,31DEC2026,955000000.000000,1,OPTIRC,CDS,25000.000000,1250,False
16914,648GS203526DEC96PE,648GS2035,31DEC2026,960000000.000000,1,OPTIRC,CDS,25000.000000,1250,False
16915,648GS203526DEC96.25CE,648GS2035,31DEC2026,962500000.000000,1,OPTIRC,CDS,25000.000000,1250,False
17,GOI7.68%2023,768GS2023,,-1.000000,1,UNDIRC,CDS,25000.000000,1250,False
16950,648GS203526DEC100.5PE,648GS2035,31DEC2026,1005000000.000000,1,OPTIRC,CDS,25000.000000,1250,False
16986,668GS204026DEC94.5PE,668GS2040,31DEC2026,945000000.000000,1,OPTIRC,CDS,25000.000000,1250,False
17049,723GS203926DEC99.25CE,723GS2039,31DEC2026,992500000.000000,1,OPTIRC,CDS,25000.000000,1250,False
17058,723GS203926DEC100.25PE,723GS2039,31DEC2026,1002500000.000000,1,OPTIRC,CDS,25000.000000,1250,False
17060,723GS203926DEC100.5PE,723GS2039,31DEC2026,1005000000.000000,1,OPTIRC,CDS,25000.000000,1250,False
17065,723GS203926DEC101.25CE,723GS2039,31DEC2026,1012500000.000000,1,OPTIRC,CDS,25000.000000,1250,False
17076,723GS203926DEC102.5PE,723GS2039,31DEC2026,1025000000.000000,1,OPTIRC,CDS,25000.000000,1250,False
17077,723GS203926DEC102.75CE,723GS2039,31DEC2026,1027500000.000000,1,OPTIRC,CDS,25000.000000,1250,False
17080,723GS203926DEC103PE,723GS2039,31DEC2026,1030000000.000000,1,OPTIRC,CDS,25000.000000,1250,False
17090,723GS203926DEC104.25PE,723GS2039,31DEC2026,1042500000.000000,1,OPTIRC,CDS,25000.000000,1250,False
17132,USDINR26DEC100PE,USDINR,29DEC2026,1000000000.000000,1,OPTCUR,CDS,25000.000000,10000,False
17134,USDINR27MAR100PE,USDINR,29MAR2027,1000000000.000000,1,OPTCUR,CDS,25000.000000,10000,False
17170,633GS203527MAR95PE,633GS2035,25MAR2027,950000000.000000,1,OPTIRC,CDS,25000.000000,1250,False
17171,633GS203527MAR95.25CE,633GS2035,25MAR2027,952500000.000000,1,OPTIRC,CDS,25000.000000,1250,False
17172,633GS203527MAR95.25PE,633GS2035,25MAR2027,952500000.000000,1,OPTIRC,CDS,25000.000000,1250,False
1728,USDJPY26SEP175CE,USDJPY,28SEP2026,1750000000.000000,1,OPTCUR,CDS,100000.000000,10000,False
17226,GBPINR26DEC132.25PE,GBPINR,29DEC2026,1322500000.000000,1,OPTCUR,CDS,25000.000000,10000,False
17291,648GS203527MAR93.5CE,648GS2035,25MAR2027,935000000.000000,1,OPTIRC,CDS,25000.000000,1250,False
17299,648GS203527MAR94.5CE,648GS2035,25MAR2027,945000000.000000,1,OPTIRC,CDS,25000.000000,1250,False
17308,648GS203527MAR95.5PE,648GS2035,25MAR2027,955000000.000000,1,OPTIRC,CDS,25000.000000,1250,False
17301,648GS203527MAR94.75CE,648GS2035,25MAR2027,947500000.000000,1,OPTIRC,CDS,25000.000000,1250,False
17304,648GS203527MAR95PE,648GS2035,25MAR2027,950000000.000000,1,OPTIRC,CDS,25000.000000,1250,False
17305,648GS203527MAR95.25CE,648GS2035,25MAR2027,952500000.000000,1,OPTIRC,CDS,25000.000000,1250,False
17317,648GS203527MAR96.75CE,648GS2035,25MAR2027,967500000.000000,1,OPTIRC,CDS,25000.000000,1250,False
17326,648GS203527MAR97.25PE,648GS2035,25MAR2027,972500000.000000,1,OPTIRC,CDS,25000.000000,1250,False
17337,648GS203527MAR98.75CE,648GS2035,25MAR2027,987500000.000000,1,OPTIRC,CDS,25000.000000,1250,False
17343,648GS203527MAR99.5CE,648GS2035,25MAR2027,995000000.000000,1,OPTIRC,CDS,25000.000000,1250,False
17351,648GS203527MAR100.5CE,648GS2035,25MAR2027,1005000000.000000,1,OPTIRC,CDS,25000.000000,1250,False
17352,648GS203527MAR100.5PE,648GS2035,25MAR2027,1005000000.000000,1,OPTIRC,CDS,25000.000000,1250,False
17364,668GS204027MAR91.5PE,668GS2040,25MAR2027,915000000.000000,1,OPTIRC,CDS,25000.000000,1250,False
17369,668GS204027MAR92.25CE,668GS2040,25MAR2027,922500000.000000,1,OPTIRC,CDS,25000.000000,1250,False
17376,668GS204027MAR93PE,668GS2040,25MAR2027,930000000.000000,1,OPTIRC,CDS,25000.000000,1250,False
17416,668GS204027MAR98PE,668GS2040,25MAR2027,980000000.000000,1,OPTIRC,CDS,25000.000000,1250,False
17421,668GS204027MAR98.75CE,668GS2040,25MAR2027,987500000.000000,1,OPTIRC,CDS,25000.000000,1250,False
17473,723GS203927MAR99CE,723GS2039,25MAR2027,990000000.000000,1,OPTIRC,CDS,25000.000000,1250,False
1749,USDJPY26SEP163PE,USDJPY,28SEP2026,1630000000.000000,1,OPTCUR,CDS,100000.000000,10000,False
17477,723GS203927MAR99.5CE,723GS2039,25MAR2027,995000000.000000,1,OPTIRC,CDS,25000.000000,1250,False
17488,723GS203927MAR100.75PE,723GS2039,25MAR2027,1007500000.000000,1,OPTIRC,CDS,25000.000000,1250,False
17496,723GS203927MAR101.75PE,723GS2039,25MAR2027,1017500000.000000,1,OPTIRC,CDS,25000.000000,1250,False
1754,GBPINR26918133PE,GBPINR,18SEP2026,1330000000.000000,1,OPTCUR,CDS,25000.000000,10000,False
17506,723GS203927MAR103PE,723GS2039,25MAR2027,1030000000.000000,1,OPTIRC,CDS,25000.000000,1250,False
17507,723GS203927MAR103.25CE,723GS2039,25MAR2027,1032500000.000000,1,OPTIRC,CDS,25000.000000,1250,False
17509,723GS203927MAR103.5CE,723GS2039,25MAR2027,1035000000.000000,1,OPTIRC,CDS,25000.000000,1250,False
1759,648GS203526SEP94PE,648GS2035,24SEP2026,940000000.000000,1,OPTIRC,CDS,25000.000000,1250,False
1782,EURINR26O16108.25CE,EURINR,16OCT2026,1082500000.000000,1,OPTCUR,CDS,25000.000000,10000,False
1804,USDJPY27MAR175PE,USDJPY,29MAR2027,1750000000.000000,1,OPTCUR,CDS,100000.000000,10000,False
1806,EURINR26SEP100CE,EURINR,28SEP2026,1000000000.000000,1,OPTCUR,CDS,25000.000000,10000,False
1810,GBPINR27JUN133CE,GBPINR,28JUN2027,1330000000.000000,1,OPTCUR,CDS,25000.000000,10000,False
1814,EURINR26DEC101.75PE,EURINR,29DEC2026,1017500000.000000,1,OPTCUR,CDS,25000.000000,10000,False
1820,EURINR26SEP100.75PE,EURINR,28SEP2026,1007500000.000000,1,OPTCUR,CDS,25000.000000,10000,False
1825,USDJPY26DEC170.5PE,USDJPY,29DEC2026,1705000000.000000,1,OPTCUR,CDS,100000.000000,10000,False
1837,EURINR26SEP101.5CE,EURINR,28SEP2026,1015000000.000000,1,OPTCUR,CDS,25000.000000,10000,False
1842,EURINR26SEP101.5PE,EURINR,28SEP2026,1015000000.000000,1,OPTCUR,CDS,25000.000000,10000,False
1848,EURINR26SEP102CE,EURINR,28SEP2026,1020000000.000000,1,OPTCUR,CDS,25000.000000,10000,False
1849,USDJPY27MAR175.5PE,USDJPY,29MAR2027,1755000000.000000,1,OPTCUR,CDS,100000.000000,10000,False
1851,EURINR26SEP102PE,EURINR,28SEP2026,1020000000.000000,1,OPTCUR,CDS,25000.000000,10000,False
1867,668GS204026SEP93.25CE,668GS2040,24SEP2026,932500000.000000,1,OPTIRC,CDS,25000.000000,1250,False
1880,GBPINR26918FUT,GBPINR,18SEP2026,-1.000000,1,FUTCUR,CDS,25000.000000,10000,False
1883,USDINR26918FUT,USDINR,18SEP2026,-1.000000,1,FUTCUR,CDS,25000.000000,10000,False
19,R-GOI8.40%2024,R840GS2024,,-1.000000,1,UNDIRC,CDS,25000.000000,1250,False
1916,EURINR26SEP104.25CE,EURINR,28SEP2026,1042500000.000000,1,OPTCUR,CDS,25000.000000,10000,False
1920,EURINR26SEP104.25PE,EURINR,28SEP2026,1042500000.000000,1,OPTCUR,CDS,25000.000000,10000,False
1931,EURINR26SEP105.25PE,EURINR,28SEP2026,1052500000.000000,1,OPTCUR,CDS,25000.000000,10000,False
1933,EURINR26SEP105.5CE,EURINR,28SEP2026,1055000000.000000,1,OPTCUR,CDS,25000.000000,10000,False
1942,EURINR26SEP105.75PE,EURINR,28SEP2026,1057500000.000000,1,OPTCUR,CDS,25000.000000,10000,False
1964,EURINR26SEP107CE,EURINR,28SEP2026,1070000000.000000,1,OPTCUR,CDS,25000.000000,10000,False
1987,EURINR26SEP108.5CE,EURINR,28SEP2026,1085000000.000000,1,OPTCUR,CDS,25000.000000,10000,False
2004,GBPUSD26OCT1.465PE,GBPUSD,28OCT2026,14650000.000000,1,OPTCUR,CDS,1000.000000,10000,False
2013,EURINR26SEP109PE,EURINR,28SEP2026,1090000000.000000,1,OPTCUR,CDS,25000.000000,10000,False
2052,EURUSD26SEP1.07CE,EURUSD,28SEP2026,10700000.000000,1,OPTCUR,CDS,1000.000000,10000,False
2065,EURUSD26SEP1.08CE,EURUSD,28SEP2026,10800000.000000,1,OPTCUR,CDS,1000.000000,10000,False
2066,EURUSD26SEP1.08PE,EURUSD,28SEP2026,10800000.000000,1,OPTCUR,CDS,1000.000000,10000,False
2075,668GS204026DEC91.5PE,668GS2040,31DEC2026,915000000.000000,1,OPTIRC,CDS,25000.000000,1250,False
2088,EURINR26O09106.5CE,EURINR,09OCT2026,1065000000.000000,1,OPTCUR,CDS,25000.000000,10000,False
2094,EURUSD26SEP1.1PE,EURUSD,28SEP2026,11000000.000000,1,OPTCUR,CDS,1000.000000,10000,False
2095,EURINR26O09106.5PE,EURINR,09OCT2026,1065000000.000000,1,OPTCUR,CDS,25000.000000,10000,False
2121,EURUSD26NOV1.05CE,EURUSD,26NOV2026,10500000.000000,1,OPTCUR,CDS,1000.000000,10000,False
2134,EURUSD26SEP1.145PE,EURUSD,28SEP2026,11450000.000000,1,OPTCUR,CDS,1000.000000,10000,False
2138,EURINR26DEC102.5CE,EURINR,29DEC2026,1025000000.000000,1,OPTCUR,CDS,25000.000000,10000,False
2148,EURINR26DEC102.5PE,EURINR,29DEC2026,1025000000.000000,1,OPTCUR,CDS,25000.000000,10000,False
2154,EURUSD26SEP1.175CE,EURUSD,28SEP2026,11750000.000000,1,OPTCUR,CDS,1000.000000,10000,False
2199,EURUSD26SEP1.195PE,EURUSD,28SEP2026,11950000.000000,1,OPTCUR,CDS,1000.000000,10000,False
2201,EURUSD26SEP1.2PE,EURUSD,28SEP2026,12000000.000000,1,OPTCUR,CDS,1000.000000,10000,False
2209,EURUSD26SEP1.22CE,EURUSD,28SEP2026,12200000.000000,1,OPTCUR,CDS,1000.000000,10000,False
2211,EURINR26O09107.5CE,EURINR,09OCT2026,1075000000.000000,1,OPTCUR,CDS,25000.000000,10000,False
2227,EURINR26918105.5CE,EURINR,18SEP2026,1055000000.000000,1,OPTCUR,CDS,25000.000000,10000,False
2238,EURINR26O16110CE,EURINR,16OCT2026,1100000000.000000,1,OPTCUR,CDS,25000.000000,10000,False
2244,EURINR26O16110PE,EURINR,16OCT2026,1100000000.000000,1,OPTCUR,CDS,25000.000000,10000,False
2250,EURUSD26SEP1.265CE,EURUSD,28SEP2026,12650000.000000,1,OPTCUR,CDS,1000.000000,10000,False
2260,EURUSD26SEP1.275PE,EURUSD,28SEP2026,12750000.000000,1,OPTCUR,CDS,1000.000000,10000,False
2262,EURUSD26NOV1.055PE,EURUSD,26NOV2026,10550000.000000,1,OPTCUR,CDS,1000.000000,10000,False
2268,EURUSD26NOV1.06PE,EURUSD,26NOV2026,10600000.000000,1,OPTCUR,CDS,1000.000000,10000,False
2288,EURUSD26SEP1.295PE,EURUSD,28SEP2026,12950000.000000,1,OPTCUR,CDS,1000.000000,10000,False
2304,GBPINR26SEP114PE,GBPINR,28SEP2026,1140000000.000000,1,OPTCUR,CDS,25000.000000,10000,False
2332,GBPINR26SEP115.5PE,GBPINR,28SEP2026,1155000000.000000,1,OPTCUR,CDS,25000.000000,10000,False
2333,GBPINR26SEP115.75CE,GBPINR,28SEP2026,1157500000.000000,1,OPTCUR,CDS,25000.000000,10000,False
2342,GBPINR26SEP116PE,GBPINR,28SEP2026,1160000000.000000,1,OPTCUR,CDS,25000.000000,10000,False
2346,USDINR26SEP94.125CE,USDINR,28SEP2026,941250000.000000,1,OPTCUR,CDS,25000.000000,10000,False
2359,USDINR26O1694.125CE,USDINR,16OCT2026,941250000.000000,1,OPTCUR,CDS,25000.000000,10000,False
2373,GBPINR26SEP117.75PE,GBPINR,28SEP2026,1177500000.000000,1,OPTCUR,CDS,25000.000000,10000,False
2379,GBPINR26SEP118.25CE,GBPINR,28SEP2026,1182500000.000000,1,OPTCUR,CDS,25000.000000,10000,False
2440,GBPINR26SEP120.5PE,GBPINR,28SEP2026,1205000000.000000,1,OPTCUR,CDS,25000.000000,10000,False
2463,648GS203526DEC93.5CE,648GS2035,31DEC2026,935000000.000000,1,OPTIRC,CDS,25000.000000,1250,False
2471,633GS203526DECFUT,633GS2035,31DEC2026,-1.000000,1,FUTIRC,CDS,25000.000000,1250,False
2479,EURINR26918107.5PE,EURINR,18SEP2026,1075000000.000000,1,OPTCUR,CDS,25000.000000,10000,False
2511,EURINR26O09110PE,EURINR,09OCT2026,1100000000.000000,1,OPTCUR,CDS,25000.000000,10000,False
2547,668GS204026SEP91.25CE,668GS2040,24SEP2026,912500000.000000,1,OPTIRC,CDS,25000.000000,1250,False
2550,EURINR26918108.5CE,EURINR,18SEP2026,1085000000.000000,1,OPTCUR,CDS,25000.000000,10000,False
2557,GBPINR26SEP122PE,GBPINR,28SEP2026,1220000000.000000,1,OPTCUR,CDS,25000.000000,10000,False
2563,GBPINR26SEP122.75CE,GBPINR,28SEP2026,1227500000.000000,1,OPTCUR,CDS,25000.000000,10000,False
2585,GBPINR26SEP123.5PE,GBPINR,28SEP2026,1235000000.000000,1,OPTCUR,CDS,25000.000000,10000,False
2609,GBPINR26SEP124.75CE,GBPINR,28SEP2026,1247500000.000000,1,OPTCUR,CDS,25000.000000,10000,False
2629,EURINR26DEC104CE,EURINR,29DEC2026,1040000000.000000,1,OPTCUR,CDS,25000.000000,10000,False
2643,EURINR26N20106.75PE,EURINR,20NOV2026,1067500000.000000,1,OPTCUR,CDS,25000.000000,10000,False
2658,EURINR26N20107.25PE,EURINR,20NOV2026,1072500000.000000,1,OPTCUR,CDS,25000.000000,10000,False
2671,USDINR26N2095.375CE,USDINR,20NOV2026,953750000.000000,1,OPTCUR,CDS,25000.000000,10000,False
2681,USDJPY27MAR142.5CE,USDJPY,29MAR2027,1425000000.000000,1,OPTCUR,CDS,100000.000000,10000,False
2703,GBPUSD26SEP1.285CE,GBPUSD,28SEP2026,12850000.000000,1,OPTCUR,CDS,1000.000000,10000,False
2707,GBPUSD26SEP1.29PE,GBPUSD,28SEP2026,12900000.000000,1,OPTCUR,CDS,1000.000000,10000,False
2711,GBPUSD26SEP1.3PE,GBPUSD,28SEP2026,13000000.000000,1,OPTCUR,CDS,1000.000000,10000,False
2735,GBPUSD26SEP1.19CE,GBPUSD,28SEP2026,11900000.000000,1,OPTCUR,CDS,1000.000000,10000,False
2736,GBPUSD26SEP1.19PE,GBPUSD,28SEP2026,11900000.000000,1,OPTCUR,CDS,1000.000000,10000,False
2768,GBPUSD26SEP1.195PE,GBPUSD,28SEP2026,11950000.000000,1,OPTCUR,CDS,1000.000000,10000,False
2777,GBPUSD26SEP1.335PE,GBPUSD,28SEP2026,13350000.000000,1,OPTCUR,CDS,1000.000000,10000,False
2780,GBPUSD26SEP1.345CE,GBPUSD,28SEP2026,13450000.000000,1,OPTCUR,CDS,1000.000000,10000,False
2792,EURINR26O09110.75PE,EURINR,09OCT2026,1107500000.000000,1,OPTCUR,CDS,25000.000000,10000,False
2795,EURINR26O09111CE,EURINR,09OCT2026,1110000000.000000,1,OPTCUR,CDS,25000.000000,10000,False
28,R-GOI7.59%2029,R759GS2029,,-1.000000,1,UNDIRC,CDS,25000.000000,1250,False
2836,GBPUSD26SEP1.4CE,GBPUSD,28SEP2026,14000000.000000,1,OPTCUR,CDS,1000.000000,10000,False
2845,EURINR26918110.75CE,EURINR,18SEP2026,1107500000.000000,1,OPTCUR,CDS,25000.000000,10000,False
2846,USDJPY26SEP161.5CE,USDJPY,28SEP2026,1615000000.000000,1,OPTCUR,CDS,100000.000000,10000,False
2849,GBPUSD26SEP1.415PE,GBPUSD,28SEP2026,14150000.000000,1,OPTCUR,CDS,1000.000000,10000,False
2850,USDJPY26SEP161.5PE,USDJPY,28SEP2026,1615000000.000000,1,OPTCUR,CDS,100000.000000,10000,False
2851,EURINR26N20109PE,EURINR,20NOV2026,1090000000.000000,1,OPTCUR,CDS,25000.000000,10000,False
2852,GBPUSD26SEP1.42CE,GBPUSD,28SEP2026,14200000.000000,1,OPTCUR,CDS,1000.000000,10000,False
2869,EURINR26918111.25CE,EURINR,18SEP2026,1112500000.000000,1,OPTCUR,CDS,25000.000000,10000,False
2871,GBPUSD26SEP1.435CE,GBPUSD,28SEP2026,14350000.000000,1,OPTCUR,CDS,1000.000000,10000,False
2884,EURINR26918112.5CE,EURINR,18SEP2026,1125000000.000000,1,OPTCUR,CDS,25000.000000,10000,False
2931,USDJPY27MARFUT,USDJPY,29MAR2027,-1.000000,1,FUTCUR,CDS,100000.000000,10000,False
2938,EURUSD26NOV1.135CE,EURUSD,26NOV2026,11350000.000000,1,OPTCUR,CDS,1000.000000,10000,False
2940,91DTB26SEPFUT,91DTB,30SEP2026,-1.000000,1,FUTIRT,CDS,25000.000000,7000,False
2976,EURINR26DEC105.25CE,EURINR,29DEC2026,1052500000.000000,1,OPTCUR,CDS,25000.000000,10000,False
2997,EURINR26O09113.25CE,EURINR,09OCT2026,1132500000.000000,1,OPTCUR,CDS,25000.000000,10000,False
3,GOI8.83%2023,883GS2023,,-1.000000,1,UNDIRC,CDS,25000.000000,1250,False
2998,EURINR26O09113.25PE,EURINR,09OCT2026,1132500000.000000,1,OPTCUR,CDS,25000.000000,10000,False
2999,EURINR26DEC105.5CE,EURINR,29DEC2026,1055000000.000000,1,OPTCUR,CDS,25000.000000,10000,False
3010,EURINR26N20110.75PE,EURINR,20NOV2026,1107500000.000000,1,OPTCUR,CDS,25000.000000,10000,False
3109,EURINR26N20112.25CE,EURINR,20NOV2026,1122500000.000000,1,OPTCUR,CDS,25000.000000,10000,False
3113,EURINR26O09114.25PE,EURINR,09OCT2026,1142500000.000000,1,OPTCUR,CDS,25000.000000,10000,False
3116,USDJPY26DEC172.5PE,USDJPY,29DEC2026,1725000000.000000,1,OPTCUR,CDS,100000.000000,10000,False
3128,EURINR26O16112.25PE,EURINR,16OCT2026,1122500000.000000,1,OPTCUR,CDS,25000.000000,10000,False
3129,USDJPY26SEP162CE,USDJPY,28SEP2026,1620000000.000000,1,OPTCUR,CDS,100000.000000,10000,False
3133,EURINR26N20112.5PE,EURINR,20NOV2026,1125000000.000000,1,OPTCUR,CDS,25000.000000,10000,False
3136,USDJPY27MAR172.5PE,USDJPY,29MAR2027,1725000000.000000,1,OPTCUR,CDS,100000.000000,10000,False
3145,USDJPY26SEP166.5CE,USDJPY,28SEP2026,1665000000.000000,1,OPTCUR,CDS,100000.000000,10000,False
3170,EURINR27MAR104.75CE,EURINR,29MAR2027,1047500000.000000,1,OPTCUR,CDS,25000.000000,10000,False
3217,USDJPY26DEC171PE,USDJPY,29DEC2026,1710000000.000000,1,OPTCUR,CDS,100000.000000,10000,False
3223,USDJPY26SEP164PE,USDJPY,28SEP2026,1640000000.000000,1,OPTCUR,CDS,100000.000000,10000,False
3236,USDINR26N2095.625PE,USDINR,20NOV2026,956250000.000000,1,OPTCUR,CDS,25000.000000,10000,False
3237,USDINR26N2095.875CE,USDINR,20NOV2026,958750000.000000,1,OPTCUR,CDS,25000.000000,10000,False
3257,EURINR27MAR105.75PE,EURINR,29MAR2027,1057500000.000000,1,OPTCUR,CDS,25000.000000,10000,False
3285,EURUSD26NOV1.205CE,EURUSD,26NOV2026,12050000.000000,1,OPTCUR,CDS,1000.000000,10000,False
3314,EURINR27MAR106.5PE,EURINR,29MAR2027,1065000000.000000,1,OPTCUR,CDS,25000.000000,10000,False
3317,EURINR27MAR107CE,EURINR,29MAR2027,1070000000.000000,1,OPTCUR,CDS,25000.000000,10000,False
3318,EURINR27MAR107PE,EURINR,29MAR2027,1070000000.000000,1,OPTCUR,CDS,25000.000000,10000,False
3351,GBPUSD26SEP1.185CE,GBPUSD,28SEP2026,11850000.000000,1,OPTCUR,CDS,1000.000000,10000,False
3369,EURINR27MAR108.75PE,EURINR,29MAR2027,1087500000.000000,1,OPTCUR,CDS,25000.000000,10000,False
3390,EURINR27MAR110.25PE,EURINR,29MAR2027,1102500000.000000,1,OPTCUR,CDS,25000.000000,10000,False
3392,EURINR26DEC106.25CE,EURINR,29DEC2026,1062500000.000000,1,OPTCUR,CDS,25000.000000,10000,False
3407,EURINR27MAR110.75PE,EURINR,29MAR2027,1107500000.000000,1,OPTCUR,CDS,25000.000000,10000,False
3411,EURINR27MAR111CE,EURINR,29MAR2027,1110000000.000000,1,OPTCUR,CDS,25000.000000,10000,False
3424,EURINR27MAR111.75PE,EURINR,29MAR2027,1117500000.000000,1,OPTCUR,CDS,25000.000000,10000,False
3434,EURINR27MAR112.5PE,EURINR,29MAR2027,1125000000.000000,1,OPTCUR,CDS,25000.000000,10000,False
3450,EURINR27MAR113.5CE,EURINR,29MAR2027,1135000000.000000,1,OPTCUR,CDS,25000.000000,10000,False
3457,GBPINR26918124.5PE,GBPINR,18SEP2026,1245000000.000000,1,OPTCUR,CDS,25000.000000,10000,False
3458,GBPINR26918124.75CE,GBPINR,18SEP2026,1247500000.000000,1,OPTCUR,CDS,25000.000000,10000,False
3460,EURINR27MAR113.75PE,EURINR,29MAR2027,1137500000.000000,1,OPTCUR,CDS,25000.000000,10000,False
3475,EURINR26N27108CE,EURINR,27NOV2026,1080000000.000000,1,OPTCUR,CDS,25000.000000,10000,False
3477,EURINR26N27108.25CE,EURINR,27NOV2026,1082500000.000000,1,OPTCUR,CDS,25000.000000,10000,False
3483,EURINR27MAR114.5PE,EURINR,29MAR2027,1145000000.000000,1,OPTCUR,CDS,25000.000000,10000,False
3484,GBPINR26918125.25PE,GBPINR,18SEP2026,1252500000.000000,1,OPTCUR,CDS,25000.000000,10000,False
3494,EURINR26N27108.5PE,EURINR,27NOV2026,1085000000.000000,1,OPTCUR,CDS,25000.000000,10000,False
3495,EURINR26N27108.75CE,EURINR,27NOV2026,1087500000.000000,1,OPTCUR,CDS,25000.000000,10000,False
3500,EURINR26N27109CE,EURINR,27NOV2026,1090000000.000000,1,OPTCUR,CDS,25000.000000,10000,False
3513,EURINR26O16113.25PE,EURINR,16OCT2026,1132500000.000000,1,OPTCUR,CDS,25000.000000,10000,False
3520,EURUSD27MAR1.05PE,EURUSD,29MAR2027,10500000.000000,1,OPTCUR,CDS,1000.000000,10000,False
3543,EURUSD27MAR1.07CE,EURUSD,29MAR2027,10700000.000000,1,OPTCUR,CDS,1000.000000,10000,False
3550,GBPINR26918125.5CE,GBPINR,18SEP2026,1255000000.000000,1,OPTCUR,CDS,25000.000000,10000,False
3556,EURINR26N27110.5PE,EURINR,27NOV2026,1105000000.000000,1,OPTCUR,CDS,25000.000000,10000,False
3569,EURINR26DEC106.75CE,EURINR,29DEC2026,1067500000.000000,1,OPTCUR,CDS,25000.000000,10000,False
3571,GBPINR26918125.75PE,GBPINR,18SEP2026,1257500000.000000,1,OPTCUR,CDS,25000.000000,10000,False
36,R-GOI6.84%2022,R684GS2022,,-1.000000,1,UNDIRC,CDS,25000.000000,1250,False
3578,EURINR26N27111.5CE,EURINR,27NOV2026,1115000000.000000,1,OPTCUR,CDS,25000.000000,10000,False
3581,EURUSD27MAR1.085PE,EURUSD,29MAR2027,10850000.000000,1,OPTCUR,CDS,1000.000000,10000,False
3597,EURUSD27MAR1.1PE,EURUSD,29MAR2027,11000000.000000,1,OPTCUR,CDS,1000.000000,10000,False
3604,668GS204026SEP90.75CE,668GS2040,24SEP2026,907500000.000000,1,OPTIRC,CDS,25000.000000,1250,False
3605,EURUSD27MAR1.11CE,EURUSD,29MAR2027,11100000.000000,1,OPTCUR,CDS,1000.000000,10000,False
3613,668GS204026DEC90.75CE,668GS2040,31DEC2026,907500000.000000,1,OPTIRC,CDS,25000.000000,1250,False
3624,EURINR26N27111.75PE,EURINR,27NOV2026,1117500000.000000,1,OPTCUR,CDS,25000.000000,10000,False
3635,668GS204027MAR90.75CE,668GS2040,25MAR2027,907500000.000000,1,OPTIRC,CDS,25000.000000,1250,False
3639,EURINR26N27113.25CE,EURINR,27NOV2026,1132500000.000000,1,OPTCUR,CDS,25000.000000,10000,False
3640,GBPINR26918127.25PE,GBPINR,18SEP2026,1272500000.000000,1,OPTCUR,CDS,25000.000000,10000,False
3668,GBPINR26918127.75PE,GBPINR,18SEP2026,1277500000.000000,1,OPTCUR,CDS,25000.000000,10000,False
3674,GBPINR26918128CE,GBPINR,18SEP2026,1280000000.000000,1,OPTCUR,CDS,25000.000000,10000,False
3677,GBPUSD27MAR1.49CE,GBPUSD,29MAR2027,14900000.000000,1,OPTCUR,CDS,1000.000000,10000,False
3705,EURUSD27MAR1.14CE,EURUSD,29MAR2027,11400000.000000,1,OPTCUR,CDS,1000.000000,10000,False
3745,EURUSD27MAR1.165CE,EURUSD,29MAR2027,11650000.000000,1,OPTCUR,CDS,1000.000000,10000,False
3747,EURUSD27MAR1.17CE,EURUSD,29MAR2027,11700000.000000,1,OPTCUR,CDS,1000.000000,10000,False
3752,GBPINR26N27125.25CE,GBPINR,27NOV2026,1252500000.000000,1,OPTCUR,CDS,25000.000000,10000,False
3765,GBPINR26N20125.25CE,GBPINR,20NOV2026,1252500000.000000,1,OPTCUR,CDS,25000.000000,10000,False
3767,GBPINR26N27126.5CE,GBPINR,27NOV2026,1265000000.000000,1,OPTCUR,CDS,25000.000000,10000,False
3779,GBPINR26N27127.75CE,GBPINR,27NOV2026,1277500000.000000,1,OPTCUR,CDS,25000.000000,10000,False
3803,EURUSD27MAR1.21PE,EURUSD,29MAR2027,12100000.000000,1,OPTCUR,CDS,1000.000000,10000,False
3817,EURINR26DEC107.25CE,EURINR,29DEC2026,1072500000.000000,1,OPTCUR,CDS,25000.000000,10000,False
3822,EURINR26DEC107.25PE,EURINR,29DEC2026,1072500000.000000,1,OPTCUR,CDS,25000.000000,10000,False
3825,USDJPY26SEP135.5PE,USDJPY,28SEP2026,1355000000.000000,1,OPTCUR,CDS,100000.000000,10000,False
3836,GBPINR26918128.75PE,GBPINR,18SEP2026,1287500000.000000,1,OPTCUR,CDS,25000.000000,10000,False
3841,EURUSD27MAR1.25PE,EURUSD,29MAR2027,12500000.000000,1,OPTCUR,CDS,1000.000000,10000,False
3842,EURUSD27MAR1.255CE,EURUSD,29MAR2027,12550000.000000,1,OPTCUR,CDS,1000.000000,10000,False
3843,EURUSD27MAR1.255PE,EURUSD,29MAR2027,12550000.000000,1,OPTCUR,CDS,1000.000000,10000,False
3856,EURUSD27MAR1.265PE,EURUSD,29MAR2027,12650000.000000,1,OPTCUR,CDS,1000.000000,10000,False
3871,EURINR26O30107.75CE,EURINR,30OCT2026,1077500000.000000,1,OPTCUR,CDS,25000.000000,10000,False
3893,GBPINR26N20127PE,GBPINR,20NOV2026,1270000000.000000,1,OPTCUR,CDS,25000.000000,10000,False
3895,USDINR26DEC96.25PE,USDINR,29DEC2026,962500000.000000,1,OPTCUR,CDS,25000.000000,10000,False
3901,EURINR26OCT106.25PE,EURINR,28OCT2026,1062500000.000000,1,OPTCUR,CDS,25000.000000,10000,False
3909,GBPINR26N20127.5CE,GBPINR,20NOV2026,1275000000.000000,1,OPTCUR,CDS,25000.000000,10000,False
3928,EURINR26O16115CE,EURINR,16OCT2026,1150000000.000000,1,OPTCUR,CDS,25000.000000,10000,False
3929,GBPINR26N20128.5CE,GBPINR,20NOV2026,1285000000.000000,1,OPTCUR,CDS,25000.000000,10000,False
3992,EURINR26O30108PE,EURINR,30OCT2026,1080000000.000000,1,OPTCUR,CDS,25000.000000,10000,False
3994,EURINR26O30108.25PE,EURINR,30OCT2026,1082500000.000000,1,OPTCUR,CDS,25000.000000,10000,False
4018,EURINR26DEC108CE,EURINR,29DEC2026,1080000000.000000,1,OPTCUR,CDS,25000.000000,10000,False
4023,GBPINR26N20130.5CE,GBPINR,20NOV2026,1305000000.000000,1,OPTCUR,CDS,25000.000000,10000,False
4028,GBPINR26N20130.75PE,GBPINR,20NOV2026,1307500000.000000,1,OPTCUR,CDS,25000.000000,10000,False
4034,USDINR2691896.875CE,USDINR,18SEP2026,968750000.000000,1,OPTCUR,CDS,25000.000000,10000,False
4076,EURINR26OCT107.75PE,EURINR,28OCT2026,1077500000.000000,1,OPTCUR,CDS,25000.000000,10000,False
4130,EURINR27JUN105.25CE,EURINR,28JUN2027,1052500000.000000,1,OPTCUR,CDS,25000.000000,10000,False
4133,EURINR27JUN105.5PE,EURINR,28JUN2027,1055000000.000000,1,OPTCUR,CDS,25000.000000,10000,False
4148,EURINR27JUN106.75CE,EURINR,28JUN2027,1067500000.000000,1,OPTCUR,CDS,25000.000000,10000,False
4150,EURINR27JUN106.75PE,EURINR,28JUN2027,1067500000.000000,1,OPTCUR,CDS,25000.000000,10000,False
4168,EURINR27JUN108.5PE,EURINR,28JUN2027,1085000000.000000,1,OPTCUR,CDS,25000.000000,10000,False
4177,EURINR27JUN109.5CE,EURINR,28JUN2027,1095000000.000000,1,OPTCUR,CDS,25000.000000,10000,False
4198,EURINR27JUN111.25CE,EURINR,28JUN2027,1112500000.000000,1,OPTCUR,CDS,25000.000000,10000,False
4203,EURINR27JUN111.75CE,EURINR,28JUN2027,1117500000.000000,1,OPTCUR,CDS,25000.000000,10000,False
4207,EURINR27JUN112CE,EURINR,28JUN2027,1120000000.000000,1,OPTCUR,CDS,25000.000000,10000,False
4245,EURUSD27JUN1.025CE,EURUSD,28JUN2027,10250000.000000,1,OPTCUR,CDS,1000.000000,10000,False
4246,EURUSD27JUN1.025PE,EURUSD,28JUN2027,10250000.000000,1,OPTCUR,CDS,1000.000000,10000,False
4247,EURUSD27JUN1.03CE,EURUSD,28JUN2027,10300000.000000,1,OPTCUR,CDS,1000.000000,10000,False
4248,EURUSD27JUN1.03PE,EURUSD,28JUN2027,10300000.000000,1,OPTCUR,CDS,1000.000000,10000,False
4273,GBPINR26NOV125.75PE,GBPINR,26NOV2026,1257500000.000000,1,OPTCUR,CDS,25000.000000,10000,False
4296,EURUSD27JUN1.07CE,EURUSD,28JUN2027,10700000.000000,1,OPTCUR,CDS,1000.000000,10000,False
4310,EURUSD27JUN1.1CE,EURUSD,28JUN2027,11000000.000000,1,OPTCUR,CDS,1000.000000,10000,False
4330,EURUSD27JUN1.135PE,EURUSD,28JUN2027,11350000.000000,1,OPTCUR,CDS,1000.000000,10000,False
4345,EURUSD27JUN1.165CE,EURUSD,28JUN2027,11650000.000000,1,OPTCUR,CDS,1000.000000,10000,False
4365,USDJPY27MAR144CE,USDJPY,29MAR2027,1440000000.000000,1,OPTCUR,CDS,100000.000000,10000,False
4382,EURUSD27JUN1.24PE,EURUSD,28JUN2027,12400000.000000,1,OPTCUR,CDS,1000.000000,10000,False
4397,GBPINR26O09127.25CE,GBPINR,09OCT2026,1272500000.000000,1,OPTCUR,CDS,25000.000000,10000,False
4401,GBPINR26O09127.5PE,GBPINR,09OCT2026,1275000000.000000,1,OPTCUR,CDS,25000.000000,10000,False
4408,EURINR26OCT108.25PE,EURINR,28OCT2026,1082500000.000000,1,OPTCUR,CDS,25000.000000,10000,False
4415,EURINR26DEC109.5PE,EURINR,29DEC2026,1095000000.000000,1,OPTCUR,CDS,25000.000000,10000,False
4416,EURINR26DEC109.75CE,EURINR,29DEC2026,1097500000.000000,1,OPTCUR,CDS,25000.000000,10000,False
4418,EURINR26OCT108.5CE,EURINR,28OCT2026,1085000000.000000,1,OPTCUR,CDS,25000.000000,10000,False
4435,USDJPY27MAR144PE,USDJPY,29MAR2027,1440000000.000000,1,OPTCUR,CDS,100000.000000,10000,False
4459,GBPINR26NOV126.75CE,GBPINR,26NOV2026,1267500000.000000,1,OPTCUR,CDS,25000.000000,10000,False
4473,GBPINR26O09127.75PE,GBPINR,09OCT2026,1277500000.000000,1,OPTCUR,CDS,25000.000000,10000,False
4484,USDINR2691894.125PE,USDINR,18SEP2026,941250000.000000,1,OPTCUR,CDS,25000.000000,10000,False
4502,EURINR26OCT109CE,EURINR,28OCT2026,1090000000.000000,1,OPTCUR,CDS,25000.000000,10000,False
4551,USDINR2691896.375PE,USDINR,18SEP2026,963750000.000000,1,OPTCUR,CDS,25000.000000,10000,False
4610,GBPINR27JUN123.25CE,GBPINR,28JUN2027,1232500000.000000,1,OPTCUR,CDS,25000.000000,10000,False
4693,USDINR26O0994.625CE,USDINR,09OCT2026,946250000.000000,1,OPTCUR,CDS,25000.000000,10000,False
4722,GBPINR27MAR120.5PE,GBPINR,29MAR2027,1205000000.000000,1,OPTCUR,CDS,25000.000000,10000,False
4736,JPYINR2691855.5CE,JPYINR,18SEP2026,555000000.000000,1,OPTCUR,CDS,25000.000000,10000,False
4749,JPYINR2691856.75CE,JPYINR,18SEP2026,567500000.000000,1,OPTCUR,CDS,25000.000000,10000,False
4762,JPYINR2691856.75PE,JPYINR,18SEP2026,567500000.000000,1,OPTCUR,CDS,25000.000000,10000,False
4768,JPYINR2691857PE,JPYINR,18SEP2026,570000000.000000,1,OPTCUR,CDS,25000.000000,10000,False
4780,USDJPY26OCT145PE,USDJPY,28OCT2026,1450000000.000000,1,OPTCUR,CDS,100000.000000,10000,False
4880,USDJPY27JUN145.5PE,USDJPY,28JUN2027,1455000000.000000,1,OPTCUR,CDS,100000.000000,10000,False
4887,GBPINR26O09129CE,GBPINR,09OCT2026,1290000000.000000,1,OPTCUR,CDS,25000.000000,10000,False
4896,JPYINR2691859.75CE,JPYINR,18SEP2026,597500000.000000,1,OPTCUR,CDS,25000.000000,10000,False
49,GOI7.27%2026,727GS2026,,-1.000000,1,UNDIRC,CDS,25000.000000,1250,False
4925,EURINR26925106.25PE,EURINR,25SEP2026,1062500000.000000,1,OPTCUR,CDS,25000.000000,10000,False
4926,EURINR26925106.5CE,EURINR,25SEP2026,1065000000.000000,1,OPTCUR,CDS,25000.000000,10000,False
4937,EURINR26925107.75PE,EURINR,25SEP2026,1077500000.000000,1,OPTCUR,CDS,25000.000000,10000,False
4963,GBPINR27JUN125.5CE,GBPINR,28JUN2027,1255000000.000000,1,OPTCUR,CDS,25000.000000,10000,False
4974,EURINR26925111PE,EURINR,25SEP2026,1110000000.000000,1,OPTCUR,CDS,25000.000000,10000,False
4990,EURINR26925112.5PE,EURINR,25SEP2026,1125000000.000000,1,OPTCUR,CDS,25000.000000,10000,False
4993,GBPINR26N27131.25PE,GBPINR,27NOV2026,1312500000.000000,1,OPTCUR,CDS,25000.000000,10000,False
4996,EURINR26925112.75CE,EURINR,25SEP2026,1127500000.000000,1,OPTCUR,CDS,25000.000000,10000,False
5032,EURUSD26SEP1.035PE,EURUSD,28SEP2026,10350000.000000,1,OPTCUR,CDS,1000.000000,10000,False
5035,EURINR26925113.5PE,EURINR,25SEP2026,1135000000.000000,1,OPTCUR,CDS,25000.000000,10000,False
5049,GBPINR27JUN126.25PE,GBPINR,28JUN2027,1262500000.000000,1,OPTCUR,CDS,25000.000000,10000,False
5054,EURINR26O30113.5CE,EURINR,30OCT2026,1135000000.000000,1,OPTCUR,CDS,25000.000000,10000,False
5060,EURINR26O30113.75PE,EURINR,30OCT2026,1137500000.000000,1,OPTCUR,CDS,25000.000000,10000,False
5063,EURINR26925114PE,EURINR,25SEP2026,1140000000.000000,1,OPTCUR,CDS,25000.000000,10000,False
5085,EURINR26DEC110.25PE,EURINR,29DEC2026,1102500000.000000,1,OPTCUR,CDS,25000.000000,10000,False
5095,EURINR26O30114.75PE,EURINR,30OCT2026,1147500000.000000,1,OPTCUR,CDS,25000.000000,10000,False
5144,GBPINR26918133.75PE,GBPINR,18SEP2026,1337500000.000000,1,OPTCUR,CDS,25000.000000,10000,False
5186,GBPUSD26SEP1.21CE,GBPUSD,28SEP2026,12100000.000000,1,OPTCUR,CDS,1000.000000,10000,False
5192,GBPINR26O09129.75CE,GBPINR,09OCT2026,1297500000.000000,1,OPTCUR,CDS,25000.000000,10000,False
5198,GBPINR26O09130CE,GBPINR,09OCT2026,1300000000.000000,1,OPTCUR,CDS,25000.000000,10000,False
5201,GBPINR26O09130.25PE,GBPINR,09OCT2026,1302500000.000000,1,OPTCUR,CDS,25000.000000,10000,False
5210,GBPINR26O09130.75CE,GBPINR,09OCT2026,1307500000.000000,1,OPTCUR,CDS,25000.000000,10000,False
5216,723GS203926DEC97.5CE,723GS2039,31DEC2026,975000000.000000,1,OPTIRC,CDS,25000.000000,1250,False
5224,GBPINR26O09131PE,GBPINR,09OCT2026,1310000000.000000,1,OPTCUR,CDS,25000.000000,10000,False
5275,GBPINR26925124.75PE,GBPINR,25SEP2026,1247500000.000000,1,OPTCUR,CDS,25000.000000,10000,False
5288,GBPINR26925125.75PE,GBPINR,25SEP2026,1257500000.000000,1,OPTCUR,CDS,25000.000000,10000,False
5290,EURINR26SEP113PE,EURINR,28SEP2026,1130000000.000000,1,OPTCUR,CDS,25000.000000,10000,False
5301,JPYINR2691864.75CE,JPYINR,18SEP2026,647500000.000000,1,OPTCUR,CDS,25000.000000,10000,False
5304,GBPINR26925126PE,GBPINR,25SEP2026,1260000000.000000,1,OPTCUR,CDS,25000.000000,10000,False
5310,EURINR26OCT110.5PE,EURINR,28OCT2026,1105000000.000000,1,OPTCUR,CDS,25000.000000,10000,False
5317,EURINR26OCT111.25CE,EURINR,28OCT2026,1112500000.000000,1,OPTCUR,CDS,25000.000000,10000,False
5318,USDINR26O0194.375CE,USDINR,01OCT2026,943750000.000000,1,OPTCUR,CDS,25000.000000,10000,False
5329,EURINR26DEC113PE,EURINR,29DEC2026,1130000000.000000,1,OPTCUR,CDS,25000.000000,10000,False
5335,GBPINR26925127PE,GBPINR,25SEP2026,1270000000.000000,1,OPTCUR,CDS,25000.000000,10000,False
5337,GBPINR26925127.25CE,GBPINR,25SEP2026,1272500000.000000,1,OPTCUR,CDS,25000.000000,10000,False
5380,668GS204026SEP93.5CE,668GS2040,24SEP2026,935000000.000000,1,OPTIRC,CDS,25000.000000,1250,False
5358,JPYINR26N2058CE,JPYINR,20NOV2026,580000000.000000,1,OPTCUR,CDS,25000.000000,10000,False
5371,JPYINR26N2058PE,JPYINR,20NOV2026,580000000.000000,1,OPTCUR,CDS,25000.000000,10000,False
5377,GBPINR26O09132.75PE,GBPINR,09OCT2026,1327500000.000000,1,OPTCUR,CDS,25000.000000,10000,False
5399,GBPINR27JUN128.25CE,GBPINR,28JUN2027,1282500000.000000,1,OPTCUR,CDS,25000.000000,10000,False
5400,GBPINR27JUN128.25PE,GBPINR,28JUN2027,1282500000.000000,1,OPTCUR,CDS,25000.000000,10000,False
5402,GBPINR27JUN128.5PE,GBPINR,28JUN2027,1285000000.000000,1,OPTCUR,CDS,25000.000000,10000,False
5403,GBPINR27JUN128.75CE,GBPINR,28JUN2027,1287500000.000000,1,OPTCUR,CDS,25000.000000,10000,False
5423,USDINR26O1694.375CE,USDINR,16OCT2026,943750000.000000,1,OPTCUR,CDS,25000.000000,10000,False
5438,GBPINR26O09133.25CE,GBPINR,09OCT2026,1332500000.000000,1,OPTCUR,CDS,25000.000000,10000,False
5453,GBPINR27JUN129.25PE,GBPINR,28JUN2027,1292500000.000000,1,OPTCUR,CDS,25000.000000,10000,False
5488,EURINR26OCT114.25CE,EURINR,28OCT2026,1142500000.000000,1,OPTCUR,CDS,25000.000000,10000,False
5489,EURINR26OCT114.25PE,EURINR,28OCT2026,1142500000.000000,1,OPTCUR,CDS,25000.000000,10000,False
5498,EURINR26OCT114.5PE,EURINR,28OCT2026,1145000000.000000,1,OPTCUR,CDS,25000.000000,10000,False
5514,GBPINR26O09133.5PE,GBPINR,09OCT2026,1335000000.000000,1,OPTCUR,CDS,25000.000000,10000,False
5519,GBPINR26925133.25CE,GBPINR,25SEP2026,1332500000.000000,1,OPTCUR,CDS,25000.000000,10000,False
5524,EURINR26DEC111.25CE,EURINR,29DEC2026,1112500000.000000,1,OPTCUR,CDS,25000.000000,10000,False
5529,JPYINR26N2058.75CE,JPYINR,20NOV2026,587500000.000000,1,OPTCUR,CDS,25000.000000,10000,False
5533,EURINR26DEC111.5PE,EURINR,29DEC2026,1115000000.000000,1,OPTCUR,CDS,25000.000000,10000,False
5551,EURUSD26DEC1.08PE,EURUSD,29DEC2026,10800000.000000,1,OPTCUR,CDS,1000.000000,10000,False
5568,EURUSD26DEC1.11CE,EURUSD,29DEC2026,11100000.000000,1,OPTCUR,CDS,1000.000000,10000,False
5585,JPYINR26SEP54CE,JPYINR,28SEP2026,540000000.000000,1,OPTCUR,CDS,25000.000000,10000,False
5603,EURUSD26OCT1.025PE,EURUSD,28OCT2026,10250000.000000,1,OPTCUR,CDS,1000.000000,10000,False
5635,EURUSD26DEC1.145PE,EURUSD,29DEC2026,11450000.000000,1,OPTCUR,CDS,1000.000000,10000,False
5643,JPYINR26SEP54.5CE,JPYINR,28SEP2026,545000000.000000,1,OPTCUR,CDS,25000.000000,10000,False
5663,USDJPY26OCT148.5PE,USDJPY,28OCT2026,1485000000.000000,1,OPTCUR,CDS,100000.000000,10000,False
5674,EURINR26O23107.25CE,EURINR,23OCT2026,1072500000.000000,1,OPTCUR,CDS,25000.000000,10000,False
5689,EURINR26O23108PE,EURINR,23OCT2026,1080000000.000000,1,OPTCUR,CDS,25000.000000,10000,False
5741,JPYINR26N2059.75CE,JPYINR,20NOV2026,597500000.000000,1,OPTCUR,CDS,25000.000000,10000,False
5759,EURUSD26OCT1.045CE,EURUSD,28OCT2026,10450000.000000,1,OPTCUR,CDS,1000.000000,10000,False
5766,JPYINR2692556.75CE,JPYINR,25SEP2026,567500000.000000,1,OPTCUR,CDS,25000.000000,10000,False
5804,EURINR26O23110.25PE,EURINR,23OCT2026,1102500000.000000,1,OPTCUR,CDS,25000.000000,10000,False
5810,EURINR26O23110.5PE,EURINR,23OCT2026,1105000000.000000,1,OPTCUR,CDS,25000.000000,10000,False
5813,JPYINR2692558CE,JPYINR,25SEP2026,580000000.000000,1,OPTCUR,CDS,25000.000000,10000,False
5814,JPYINR2692558PE,JPYINR,25SEP2026,580000000.000000,1,OPTCUR,CDS,25000.000000,10000,False
5823,USDINR2691893PE,USDINR,18SEP2026,930000000.000000,1,OPTCUR,CDS,25000.000000,10000,False
5830,USDINR2691893.25CE,USDINR,18SEP2026,932500000.000000,1,OPTCUR,CDS,25000.000000,10000,False
5842,EURUSD26DEC1.185PE,EURUSD,29DEC2026,11850000.000000,1,OPTCUR,CDS,1000.000000,10000,False
5858,EURUSD26DEC1.19CE,EURUSD,29DEC2026,11900000.000000,1,OPTCUR,CDS,1000.000000,10000,False
5871,EURUSD26OCT1.085CE,EURUSD,28OCT2026,10850000.000000,1,OPTCUR,CDS,1000.000000,10000,False
5879,JPYINR2692559.25PE,JPYINR,25SEP2026,592500000.000000,1,OPTCUR,CDS,25000.000000,10000,False
5881,USDINR2691893.75PE,USDINR,18SEP2026,937500000.000000,1,OPTCUR,CDS,25000.000000,10000,False
5885,JPYINR2692559.5PE,JPYINR,25SEP2026,595000000.000000,1,OPTCUR,CDS,25000.000000,10000,False
5902,JPYINR2692560.25CE,JPYINR,25SEP2026,602500000.000000,1,OPTCUR,CDS,25000.000000,10000,False
5905,GBPINR26SEP128.75PE,GBPINR,28SEP2026,1287500000.000000,1,OPTCUR,CDS,25000.000000,10000,False
5906,GBPINR26DEC128.75CE,GBPINR,29DEC2026,1287500000.000000,1,OPTCUR,CDS,25000.000000,10000,False
5914,GBPINR26O30125PE,GBPINR,30OCT2026,1250000000.000000,1,OPTCUR,CDS,25000.000000,10000,False
5917,EURINR26O23114.75PE,EURINR,23OCT2026,1147500000.000000,1,OPTCUR,CDS,25000.000000,10000,False
5933,EURUSD26OCT1.12CE,EURUSD,28OCT2026,11200000.000000,1,OPTCUR,CDS,1000.000000,10000,False
5939,JPYINR26N2060.75CE,JPYINR,20NOV2026,607500000.000000,1,OPTCUR,CDS,25000.000000,10000,False
5944,USDINR2691894.5CE,USDINR,18SEP2026,945000000.000000,1,OPTCUR,CDS,25000.000000,10000,False
5975,JPYINR2692560.75PE,JPYINR,25SEP2026,607500000.000000,1,OPTCUR,CDS,25000.000000,10000,False
6025,EURUSD26DEC1.235CE,EURUSD,29DEC2026,12350000.000000,1,OPTCUR,CDS,1000.000000,10000,False
6030,USDINR2691895.375CE,USDINR,18SEP2026,953750000.000000,1,OPTCUR,CDS,25000.000000,10000,False
6065,GBPUSD27JUN1.195PE,GBPUSD,28JUN2027,11950000.000000,1,OPTCUR,CDS,1000.000000,10000,False
6075,USDJPY27JUN148.5PE,USDJPY,28JUN2027,1485000000.000000,1,OPTCUR,CDS,100000.000000,10000,False
6113,JPYINR26N2062CE,JPYINR,20NOV2026,620000000.000000,1,OPTCUR,CDS,25000.000000,10000,False
6147,JPYINR26DEC63.75PE,JPYINR,29DEC2026,637500000.000000,1,OPTCUR,CDS,25000.000000,10000,False
6159,JPYINR26O0955.5CE,JPYINR,09OCT2026,555000000.000000,1,OPTCUR,CDS,25000.000000,10000,False
6165,USDINR2691896.125PE,USDINR,18SEP2026,961250000.000000,1,OPTCUR,CDS,25000.000000,10000,False
6195,USDINR2691897.75CE,USDINR,18SEP2026,977500000.000000,1,OPTCUR,CDS,25000.000000,10000,False
6210,USDINR2691898.25PE,USDINR,18SEP2026,982500000.000000,1,OPTCUR,CDS,25000.000000,10000,False
6216,JPYINR26O0956CE,JPYINR,09OCT2026,560000000.000000,1,OPTCUR,CDS,25000.000000,10000,False
6269,GBPINR26O30128.75PE,GBPINR,30OCT2026,1287500000.000000,1,OPTCUR,CDS,25000.000000,10000,False
6277,GBPINR26O23126.25PE,GBPINR,23OCT2026,1262500000.000000,1,OPTCUR,CDS,25000.000000,10000,False
6279,USDINR2692593.25CE,USDINR,25SEP2026,932500000.000000,1,OPTCUR,CDS,25000.000000,10000,False
6291,USDINR2692594PE,USDINR,25SEP2026,940000000.000000,1,OPTCUR,CDS,25000.000000,10000,False
6303,USDINR2692594.875PE,USDINR,25SEP2026,948750000.000000,1,OPTCUR,CDS,25000.000000,10000,False
6314,USDINR2692595.375PE,USDINR,25SEP2026,953750000.000000,1,OPTCUR,CDS,25000.000000,10000,False
6320,GBPINR26O23127.25PE,GBPINR,23OCT2026,1272500000.000000,1,OPTCUR,CDS,25000.000000,10000,False
6329,GBPINR26O30129.25PE,GBPINR,30OCT2026,1292500000.000000,1,OPTCUR,CDS,25000.000000,10000,False
6331,GBPINR26O23128PE,GBPINR,23OCT2026,1280000000.000000,1,OPTCUR,CDS,25000.000000,10000,False
6333,GBPINR26O23128.25PE,GBPINR,23OCT2026,1282500000.000000,1,OPTCUR,CDS,25000.000000,10000,False
6339,USDINR2692595.75PE,USDINR,25SEP2026,957500000.000000,1,OPTCUR,CDS,25000.000000,10000,False
6341,EURINR26DEC114.25PE,EURINR,29DEC2026,1142500000.000000,1,OPTCUR,CDS,25000.000000,10000,False
6345,USDINR2692596PE,USDINR,25SEP2026,960000000.000000,1,OPTCUR,CDS,25000.000000,10000,False
6356,USDINR2692597CE,USDINR,25SEP2026,970000000.000000,1,OPTCUR,CDS,25000.000000,10000,False
6357,JPYINR26O0957.25PE,JPYINR,09OCT2026,572500000.000000,1,OPTCUR,CDS,25000.000000,10000,False
6360,JPYINR26O0957.75CE,JPYINR,09OCT2026,577500000.000000,1,OPTCUR,CDS,25000.000000,10000,False
6361,GBPINR26O23128.5PE,GBPINR,23OCT2026,1285000000.000000,1,OPTCUR,CDS,25000.000000,10000,False
6364,GBPINR26O23129CE,GBPINR,23OCT2026,1290000000.000000,1,OPTCUR,CDS,25000.000000,10000,False
6372,USDINR2692597.75CE,USDINR,25SEP2026,977500000.000000,1,OPTCUR,CDS,25000.000000,10000,False
6387,GBPUSD27JUN1.21PE,GBPUSD,28JUN2027,12100000.000000,1,OPTCUR,CDS,1000.000000,10000,False
6415,USDINR2692599.5CE,USDINR,25SEP2026,995000000.000000,1,OPTCUR,CDS,25000.000000,10000,False
6420,USDINR26925100PE,USDINR,25SEP2026,1000000000.000000,1,OPTCUR,CDS,25000.000000,10000,False
6424,GBPINR26O23129.75CE,GBPINR,23OCT2026,1297500000.000000,1,OPTCUR,CDS,25000.000000,10000,False
6450,EURUSD26DEC1.04PE,EURUSD,29DEC2026,10400000.000000,1,OPTCUR,CDS,1000.000000,10000,False
6457,GBPINR26O23130.75PE,GBPINR,23OCT2026,1307500000.000000,1,OPTCUR,CDS,25000.000000,10000,False
6513,JPYINR26N2063.25CE,JPYINR,20NOV2026,632500000.000000,1,OPTCUR,CDS,25000.000000,10000,False
6516,JPYINR26N2063.25PE,JPYINR,20NOV2026,632500000.000000,1,OPTCUR,CDS,25000.000000,10000,False
6545,GBPINR26O30132.25PE,GBPINR,30OCT2026,1322500000.000000,1,OPTCUR,CDS,25000.000000,10000,False
6552,GBPUSD27JUN1.225PE,GBPUSD,28JUN2027,12250000.000000,1,OPTCUR,CDS,1000.000000,10000,False
6555,GBPUSD27JUN1.23CE,GBPUSD,28JUN2027,12300000.000000,1,OPTCUR,CDS,1000.000000,10000,False
6557,GBPUSD27JUN1.23PE,GBPUSD,28JUN2027,12300000.000000,1,OPTCUR,CDS,1000.000000,10000,False
6627,JPYINR26O0961CE,JPYINR,09OCT2026,610000000.000000,1,OPTCUR,CDS,25000.000000,10000,False
6657,GBPINR26O23132.75CE,GBPINR,23OCT2026,1327500000.000000,1,OPTCUR,CDS,25000.000000,10000,False
6673,GBPINR26O30133PE,GBPINR,30OCT2026,1330000000.000000,1,OPTCUR,CDS,25000.000000,10000,False
6715,USDINR2692594.625CE,USDINR,25SEP2026,946250000.000000,1,OPTCUR,CDS,25000.000000,10000,False
6746,JPYINR26O0961.5CE,JPYINR,09OCT2026,615000000.000000,1,OPTCUR,CDS,25000.000000,10000,False
6756,EURUSD26OCT1.175PE,EURUSD,28OCT2026,11750000.000000,1,OPTCUR,CDS,1000.000000,10000,False
6769,EURUSD26OCT1.185PE,EURUSD,28OCT2026,11850000.000000,1,OPTCUR,CDS,1000.000000,10000,False
6778,636GS203126SEP96.5CE,636GS2031,24SEP2026,965000000.000000,1,OPTIRC,CDS,25000.000000,1250,False
6779,636GS203126SEP96.5PE,636GS2031,24SEP2026,965000000.000000,1,OPTIRC,CDS,25000.000000,1250,False
6821,GBPINR26NOV130.5CE,GBPINR,26NOV2026,1305000000.000000,1,OPTCUR,CDS,25000.000000,10000,False
6850,GBPUSD27JUN1.24PE,GBPUSD,28JUN2027,12400000.000000,1,OPTCUR,CDS,1000.000000,10000,False
6859,JPYINR26N2761.25CE,JPYINR,27NOV2026,612500000.000000,1,OPTCUR,CDS,25000.000000,10000,False
6861,JPYINR26N2761.25PE,JPYINR,27NOV2026,612500000.000000,1,OPTCUR,CDS,25000.000000,10000,False
6890,EURUSD26OCT1.22CE,EURUSD,28OCT2026,12200000.000000,1,OPTCUR,CDS,1000.000000,10000,False
6915,GBPINR27MAR132CE,GBPINR,29MAR2027,1320000000.000000,1,OPTCUR,CDS,25000.000000,10000,False
6922,EURUSD26OCT1.235CE,EURUSD,28OCT2026,12350000.000000,1,OPTCUR,CDS,1000.000000,10000,False
6951,EURUSD26OCT1.25PE,EURUSD,28OCT2026,12500000.000000,1,OPTCUR,CDS,1000.000000,10000,False
6953,EURUSD26OCT1.255PE,EURUSD,28OCT2026,12550000.000000,1,OPTCUR,CDS,1000.000000,10000,False
6960,EURINR26O01106.25CE,EURINR,01OCT2026,1062500000.000000,1,OPTCUR,CDS,25000.000000,10000,False
6961,EURINR26O01106.25PE,EURINR,01OCT2026,1062500000.000000,1,OPTCUR,CDS,25000.000000,10000,False
6962,USDINR26DEC96.5CE,USDINR,29DEC2026,965000000.000000,1,OPTCUR,CDS,25000.000000,10000,False
6963,USDINR26DEC96.5PE,USDINR,29DEC2026,965000000.000000,1,OPTCUR,CDS,25000.000000,10000,False
6985,EURINR26O01106.75CE,EURINR,01OCT2026,1067500000.000000,1,OPTCUR,CDS,25000.000000,10000,False
6989,EURINR26O01107PE,EURINR,01OCT2026,1070000000.000000,1,OPTCUR,CDS,25000.000000,10000,False
7003,EURINR26O01108CE,EURINR,01OCT2026,1080000000.000000,1,OPTCUR,CDS,25000.000000,10000,False
7016,JPYINR26O0963CE,JPYINR,09OCT2026,630000000.000000,1,OPTCUR,CDS,25000.000000,10000,False
7026,648GS203526SEP96.75PE,648GS2035,24SEP2026,967500000.000000,1,OPTIRC,CDS,25000.000000,1250,False
7028,GBPINR26O16127.75PE,GBPINR,16OCT2026,1277500000.000000,1,OPTCUR,CDS,25000.000000,10000,False
7038,648GS203526SEP97.5CE,648GS2035,24SEP2026,975000000.000000,1,OPTIRC,CDS,25000.000000,1250,False
7041,648GS203526SEP97.75PE,648GS2035,24SEP2026,977500000.000000,1,OPTIRC,CDS,25000.000000,1250,False
7048,648GS203526SEP98PE,648GS2035,24SEP2026,980000000.000000,1,OPTIRC,CDS,25000.000000,1250,False
7072,648GS203526DEC94.5PE,648GS2035,31DEC2026,945000000.000000,1,OPTIRC,CDS,25000.000000,1250,False
7084,GBPINR26O16128.25CE,GBPINR,16OCT2026,1282500000.000000,1,OPTCUR,CDS,25000.000000,10000,False
7099,668GS204026DEC92CE,668GS2040,31DEC2026,920000000.000000,1,OPTIRC,CDS,25000.000000,1250,False
7102,EURINR26O01111.25CE,EURINR,01OCT2026,1112500000.000000,1,OPTCUR,CDS,25000.000000,10000,False
7122,723GS203926SEP97.75PE,723GS2039,24SEP2026,977500000.000000,1,OPTIRC,CDS,25000.000000,1250,False
7124,JPYINR26O3056.75CE,JPYINR,30OCT2026,567500000.000000,1,OPTCUR,CDS,25000.000000,10000,False
7126,JPYINR26O3056.75PE,JPYINR,30OCT2026,567500000.000000,1,OPTCUR,CDS,25000.000000,10000,False
7135,GBPINR26NOV131.25CE,GBPINR,26NOV2026,1312500000.000000,1,OPTCUR,CDS,25000.000000,10000,False
7144,JPYINR26O3057.75PE,JPYINR,30OCT2026,577500000.000000,1,OPTCUR,CDS,25000.000000,10000,False
7170,636GS203126SEP99.75PE,636GS2031,24SEP2026,997500000.000000,1,OPTIRC,CDS,25000.000000,1250,False
7182,JPYINR26O3058.5CE,JPYINR,30OCT2026,585000000.000000,1,OPTCUR,CDS,25000.000000,10000,False
7240,JPYINR26N2762CE,JPYINR,27NOV2026,620000000.000000,1,OPTCUR,CDS,25000.000000,10000,False
7270,JPYINR26N2763.5CE,JPYINR,27NOV2026,635000000.000000,1,OPTCUR,CDS,25000.000000,10000,False
7272,JPYINR26O3061.25CE,JPYINR,30OCT2026,612500000.000000,1,OPTCUR,CDS,25000.000000,10000,False
7283,GBPINR27MAR123.75PE,GBPINR,29MAR2027,1237500000.000000,1,OPTCUR,CDS,25000.000000,10000,False
7293,GBPINR27MAR124PE,GBPINR,29MAR2027,1240000000.000000,1,OPTCUR,CDS,25000.000000,10000,False
7296,GBPINR26OCT126.5CE,GBPINR,28OCT2026,1265000000.000000,1,OPTCUR,CDS,25000.000000,10000,False
7297,GBPINR26OCT126.5PE,GBPINR,28OCT2026,1265000000.000000,1,OPTCUR,CDS,25000.000000,10000,False
7318,JPYINR26O3062.75PE,JPYINR,30OCT2026,627500000.000000,1,OPTCUR,CDS,25000.000000,10000,False
7327,723GS203926SEP98.25CE,723GS2039,24SEP2026,982500000.000000,1,OPTIRC,CDS,25000.000000,1250,False
7330,723GS203926SEP98.25PE,723GS2039,24SEP2026,982500000.000000,1,OPTIRC,CDS,25000.000000,1250,False
7331,JPYINR26O0964.25PE,JPYINR,09OCT2026,642500000.000000,1,OPTCUR,CDS,25000.000000,10000,False
7408,GBPINR26NOV133.25CE,GBPINR,26NOV2026,1332500000.000000,1,OPTCUR,CDS,25000.000000,10000,False
7467,USDINR26DEC97.5PE,USDINR,29DEC2026,975000000.000000,1,OPTCUR,CDS,25000.000000,10000,False
7500,EURUSD26DEC1.285PE,EURUSD,29DEC2026,12850000.000000,1,OPTCUR,CDS,1000.000000,10000,False
7531,GBPINR26O01124.75CE,GBPINR,01OCT2026,1247500000.000000,1,OPTCUR,CDS,25000.000000,10000,False
7534,GBPINR26O01125PE,GBPINR,01OCT2026,1250000000.000000,1,OPTCUR,CDS,25000.000000,10000,False
7567,GBPINR26O01127.5PE,GBPINR,01OCT2026,1275000000.000000,1,OPTCUR,CDS,25000.000000,10000,False
7569,GBPINR26O01127.75PE,GBPINR,01OCT2026,1277500000.000000,1,OPTCUR,CDS,25000.000000,10000,False
7587,GBPINR26O01128.75PE,GBPINR,01OCT2026,1287500000.000000,1,OPTCUR,CDS,25000.000000,10000,False
7598,GBPINR26O01130PE,GBPINR,01OCT2026,1300000000.000000,1,OPTCUR,CDS,25000.000000,10000,False
7599,GBPINR26O01130.25CE,GBPINR,01OCT2026,1302500000.000000,1,OPTCUR,CDS,25000.000000,10000,False
7676,JPYINR26O2358.25CE,JPYINR,23OCT2026,582500000.000000,1,OPTCUR,CDS,25000.000000,10000,False
7713,JPYINR26O0156CE,JPYINR,01OCT2026,560000000.000000,1,OPTCUR,CDS,25000.000000,10000,False
7762,JPYINR26O0158.5CE,JPYINR,01OCT2026,585000000.000000,1,OPTCUR,CDS,25000.000000,10000,False
7767,USDINR26O3091.5CE,USDINR,30OCT2026,915000000.000000,1,OPTCUR,CDS,25000.000000,10000,False
7773,USDINR26O3091.75PE,USDINR,30OCT2026,917500000.000000,1,OPTCUR,CDS,25000.000000,10000,False
7774,JPYINR26O2358.5PE,JPYINR,23OCT2026,585000000.000000,1,OPTCUR,CDS,25000.000000,10000,False
7785,JPYINR26O0159.25PE,JPYINR,01OCT2026,592500000.000000,1,OPTCUR,CDS,25000.000000,10000,False
7790,JPYINR26O2358.75PE,JPYINR,23OCT2026,587500000.000000,1,OPTCUR,CDS,25000.000000,10000,False
78,R-GOI7.26%2032,R726GS2032,,-1.000000,1,UNDIRC,CDS,25000.000000,1250,False
7796,JPYINR26O0160.5CE,JPYINR,01OCT2026,605000000.000000,1,OPTCUR,CDS,25000.000000,10000,False
7798,JPYINR26O2359.25CE,JPYINR,23OCT2026,592500000.000000,1,OPTCUR,CDS,25000.000000,10000,False
7838,USDINR26O3092.75CE,USDINR,30OCT2026,927500000.000000,1,OPTCUR,CDS,25000.000000,10000,False
7861,JPYINR26O0164.5PE,JPYINR,01OCT2026,645000000.000000,1,OPTCUR,CDS,25000.000000,10000,False
7864,JPYINR26O0164.75CE,JPYINR,01OCT2026,647500000.000000,1,OPTCUR,CDS,25000.000000,10000,False
7894,GBPINR26OCT127CE,GBPINR,28OCT2026,1270000000.000000,1,OPTCUR,CDS,25000.000000,10000,False
7895,JPYINR26O2359.75PE,JPYINR,23OCT2026,597500000.000000,1,OPTCUR,CDS,25000.000000,10000,False
79,DUMMY1,11NSETEST,,-1.000000,1,UNDCUR,CDS,25000.000000,999,False
7902,636GS203126DEC96CE,636GS2031,31DEC2026,960000000.000000,1,OPTIRC,CDS,25000.000000,1250,False
7911,USDINR26O0192.5PE,USDINR,01OCT2026,925000000.000000,1,OPTCUR,CDS,25000.000000,10000,False
7920,USDINR26O0193.75CE,USDINR,01OCT2026,937500000.000000,1,OPTCUR,CDS,25000.000000,10000,False
7921,USDINR26O0193.75PE,USDINR,01OCT2026,937500000.000000,1,OPTCUR,CDS,25000.000000,10000,False
7923,USDINR26O0194PE,USDINR,01OCT2026,940000000.000000,1,OPTCUR,CDS,25000.000000,10000,False
7942,GBPINR27MAR132.5PE,GBPINR,29MAR2027,1325000000.000000,1,OPTCUR,CDS,25000.000000,10000,False
7955,USDINR26O0196.375CE,USDINR,01OCT2026,963750000.000000,1,OPTCUR,CDS,25000.000000,10000,False
7959,USDINR26O0196.625CE,USDINR,01OCT2026,966250000.000000,1,OPTCUR,CDS,25000.000000,10000,False
7990,USDINR26O0199CE,USDINR,01OCT2026,990000000.000000,1,OPTCUR,CDS,25000.000000,10000,False
8026,GBPINR26OCT127.25PE,GBPINR,28OCT2026,1272500000.000000,1,OPTCUR,CDS,25000.000000,10000,False
8038,GBPINR26SEP129CE,GBPINR,28SEP2026,1290000000.000000,1,OPTCUR,CDS,25000.000000,10000,False
8039,USDINR26O0992.5CE,USDINR,09OCT2026,925000000.000000,1,OPTCUR,CDS,25000.000000,10000,False
8048,USDINR26O0993.5CE,USDINR,09OCT2026,935000000.000000,1,OPTCUR,CDS,25000.000000,10000,False
8065,USDINR26O0994.5PE,USDINR,09OCT2026,945000000.000000,1,OPTCUR,CDS,25000.000000,10000,False
8097,JPYINR26O2361.5CE,JPYINR,23OCT2026,615000000.000000,1,OPTCUR,CDS,25000.000000,10000,False
8117,USDINR26O0996.25CE,USDINR,09OCT2026,962500000.000000,1,OPTCUR,CDS,25000.000000,10000,False
8118,USDINR26O0996.25PE,USDINR,09OCT2026,962500000.000000,1,OPTCUR,CDS,25000.000000,10000,False
8125,JPYINR26O2362.5CE,JPYINR,23OCT2026,625000000.000000,1,OPTCUR,CDS,25000.000000,10000,False
8144,USDINR26O0997.25PE,USDINR,09OCT2026,972500000.000000,1,OPTCUR,CDS,25000.000000,10000,False
8148,USDINR26O0997.375CE,USDINR,09OCT2026,973750000.000000,1,OPTCUR,CDS,25000.000000,10000,False
8158,USDINR26O0998.5CE,USDINR,09OCT2026,985000000.000000,1,OPTCUR,CDS,25000.000000,10000,False
8167,USDINR26O0999.5PE,USDINR,09OCT2026,995000000.000000,1,OPTCUR,CDS,25000.000000,10000,False
8168,USDINR26SEP95.75PE,USDINR,28SEP2026,957500000.000000,1,OPTCUR,CDS,25000.000000,10000,False
8169,USDINR26SEP96CE,USDINR,28SEP2026,960000000.000000,1,OPTCUR,CDS,25000.000000,10000,False
8183,USDINR26O3094.5CE,USDINR,30OCT2026,945000000.000000,1,OPTCUR,CDS,25000.000000,10000,False
8238,USDJPY27JUN176CE,USDJPY,28JUN2027,1760000000.000000,1,OPTCUR,CDS,100000.000000,10000,False
8269,GBPINR26OCT132CE,GBPINR,28OCT2026,1320000000.000000,1,OPTCUR,CDS,25000.000000,10000,False
8271,JPYINR26O2364.25PE,JPYINR,23OCT2026,642500000.000000,1,OPTCUR,CDS,25000.000000,10000,False
8285,GBPINR26OCT133.25PE,GBPINR,28OCT2026,1332500000.000000,1,OPTCUR,CDS,25000.000000,10000,False
8317,GBPUSD26OCT1.25CE,GBPUSD,28OCT2026,12500000.000000,1,OPTCUR,CDS,1000.000000,10000,False
8325,GBPUSD26OCT1.26PE,GBPUSD,28OCT2026,12600000.000000,1,OPTCUR,CDS,1000.000000,10000,False
8333,GBPUSD26OCT1.275PE,GBPUSD,28OCT2026,12750000.000000,1,OPTCUR,CDS,1000.000000,10000,False
8342,GBPUSD26OCT1.3CE,GBPUSD,28OCT2026,13000000.000000,1,OPTCUR,CDS,1000.000000,10000,False
8343,GBPUSD26OCT1.3PE,GBPUSD,28OCT2026,13000000.000000,1,OPTCUR,CDS,1000.000000,10000,False
8345,USDINR26O3094.625CE,USDINR,30OCT2026,946250000.000000,1,OPTCUR,CDS,25000.000000,10000,False
8356,GBPUSD26OCT1.32CE,GBPUSD,28OCT2026,13200000.000000,1,OPTCUR,CDS,1000.000000,10000,False
8371,636GS203126DEC97.5CE,636GS2031,31DEC2026,975000000.000000,1,OPTIRC,CDS,25000.000000,1250,False
8392,GBPUSD26OCT1.375CE,GBPUSD,28OCT2026,13750000.000000,1,OPTCUR,CDS,1000.000000,10000,False
8397,GBPUSD26OCT1.385PE,GBPUSD,28OCT2026,13850000.000000,1,OPTCUR,CDS,1000.000000,10000,False
8404,GBPUSD26OCT1.39PE,GBPUSD,28OCT2026,13900000.000000,1,OPTCUR,CDS,1000.000000,10000,False
8407,GBPUSD26OCT1.4CE,GBPUSD,28OCT2026,14000000.000000,1,OPTCUR,CDS,1000.000000,10000,False
8421,GBPUSD26OCT1.42CE,GBPUSD,28OCT2026,14200000.000000,1,OPTCUR,CDS,1000.000000,10000,False
8431,GBPINR26O16131.5CE,GBPINR,16OCT2026,1315000000.000000,1,OPTCUR,CDS,25000.000000,10000,False
8478,GBPUSD26OCT1.46PE,GBPUSD,28OCT2026,14600000.000000,1,OPTCUR,CDS,1000.000000,10000,False
8494,636GS203126DEC98.25CE,636GS2031,31DEC2026,982500000.000000,1,OPTIRC,CDS,25000.000000,1250,False
8544,EURINR26SEP113.5CE,EURINR,28SEP2026,1135000000.000000,1,OPTCUR,CDS,25000.000000,10000,False
8584,USDINR26O3095.125PE,USDINR,30OCT2026,951250000.000000,1,OPTCUR,CDS,25000.000000,10000,False
8600,JPYINR26O1656CE,JPYINR,16OCT2026,560000000.000000,1,OPTCUR,CDS,25000.000000,10000,False
8605,JPYINR26O1656.25CE,JPYINR,16OCT2026,562500000.000000,1,OPTCUR,CDS,25000.000000,10000,False
8607,636GS203126DEC99CE,636GS2031,31DEC2026,990000000.000000,1,OPTIRC,CDS,25000.000000,1250,False
8622,636GS203126DEC99.75PE,636GS2031,31DEC2026,997500000.000000,1,OPTIRC,CDS,25000.000000,1250,False
8629,USDINR26N2092PE,USDINR,20NOV2026,920000000.000000,1,OPTCUR,CDS,25000.000000,10000,False
8642,GBPINR27MAR126CE,GBPINR,29MAR2027,1260000000.000000,1,OPTCUR,CDS,25000.000000,10000,False
8657,JPYINR26O1657.5CE,JPYINR,16OCT2026,575000000.000000,1,OPTCUR,CDS,25000.000000,10000,False
8661,JPYINR26O1658CE,JPYINR,16OCT2026,580000000.000000,1,OPTCUR,CDS,25000.000000,10000,False
8670,JPYINR26O1659CE,JPYINR,16OCT2026,590000000.000000,1,OPTCUR,CDS,25000.000000,10000,False
8671,JPYINR26O1659PE,JPYINR,16OCT2026,590000000.000000,1,OPTCUR,CDS,25000.000000,10000,False
8672,JPYINR26O1659.25CE,JPYINR,16OCT2026,592500000.000000,1,OPTCUR,CDS,25000.000000,10000,False
8673,JPYINR26O1659.25PE,JPYINR,16OCT2026,592500000.000000,1,OPTCUR,CDS,25000.000000,10000,False
8694,GBPINR26SEP129.5PE,GBPINR,28SEP2026,1295000000.000000,1,OPTCUR,CDS,25000.000000,10000,False
8702,USDINR26N2093.25PE,USDINR,20NOV2026,932500000.000000,1,OPTCUR,CDS,25000.000000,10000,False
8716,JPYINR26O1660.75CE,JPYINR,16OCT2026,607500000.000000,1,OPTCUR,CDS,25000.000000,10000,False
8717,JPYINR26O1660.75PE,JPYINR,16OCT2026,607500000.000000,1,OPTCUR,CDS,25000.000000,10000,False
8733,GBPUSD26NOV1.255CE,GBPUSD,26NOV2026,12550000.000000,1,OPTCUR,CDS,1000.000000,10000,False
8746,GBPUSD26NOV1.285PE,GBPUSD,26NOV2026,12850000.000000,1,OPTCUR,CDS,1000.000000,10000,False
8747,GBPUSD26NOV1.29CE,GBPUSD,26NOV2026,12900000.000000,1,OPTCUR,CDS,1000.000000,10000,False
8751,JPYINR26O1662.5PE,JPYINR,16OCT2026,625000000.000000,1,OPTCUR,CDS,25000.000000,10000,False
8752,JPYINR26O1662.75CE,JPYINR,16OCT2026,627500000.000000,1,OPTCUR,CDS,25000.000000,10000,False
8758,JPYINR26O1663.25CE,JPYINR,16OCT2026,632500000.000000,1,OPTCUR,CDS,25000.000000,10000,False
8771,USDJPY26SEP165.5CE,USDJPY,28SEP2026,1655000000.000000,1,OPTCUR,CDS,100000.000000,10000,False
8780,USDINR26N2094PE,USDINR,20NOV2026,940000000.000000,1,OPTCUR,CDS,25000.000000,10000,False
8781,USDINR26N2094.125CE,USDINR,20NOV2026,941250000.000000,1,OPTCUR,CDS,25000.000000,10000,False
8783,JPYINR26O1664PE,JPYINR,16OCT2026,640000000.000000,1,OPTCUR,CDS,25000.000000,10000,False
8785,JPYINR26O1664.25PE,JPYINR,16OCT2026,642500000.000000,1,OPTCUR,CDS,25000.000000,10000,False
8786,JPYINR26O1664.5CE,JPYINR,16OCT2026,645000000.000000,1,OPTCUR,CDS,25000.000000,10000,False
8788,GBPUSD26NOV1.295CE,GBPUSD,26NOV2026,12950000.000000,1,OPTCUR,CDS,1000.000000,10000,False
8790,GBPUSD26NOV1.3CE,GBPUSD,26NOV2026,13000000.000000,1,OPTCUR,CDS,1000.000000,10000,False
8799,JPYINR26O1664.5PE,JPYINR,16OCT2026,645000000.000000,1,OPTCUR,CDS,25000.000000,10000,False
8814,GBPUSD26NOV1.32CE,GBPUSD,26NOV2026,13200000.000000,1,OPTCUR,CDS,1000.000000,10000,False
8817,GBPUSD26NOV1.32PE,GBPUSD,26NOV2026,13200000.000000,1,OPTCUR,CDS,1000.000000,10000,False
8859,USDINR26O3095.375PE,USDINR,30OCT2026,953750000.000000,1,OPTCUR,CDS,25000.000000,10000,False
8864,USDINR26O3095.625PE,USDINR,30OCT2026,956250000.000000,1,OPTCUR,CDS,25000.000000,10000,False
8873,636GS203126DEC101PE,636GS2031,31DEC2026,1010000000.000000,1,OPTIRC,CDS,25000.000000,1250,False
8878,636GS203126DEC101.75CE,636GS2031,31DEC2026,1017500000.000000,1,OPTIRC,CDS,25000.000000,1250,False
8881,USDINR26N2095.25CE,USDINR,20NOV2026,952500000.000000,1,OPTCUR,CDS,25000.000000,10000,False
8883,USDINR26N2095.5CE,USDINR,20NOV2026,955000000.000000,1,OPTCUR,CDS,25000.000000,10000,False
8917,USDINR26N2097.75CE,USDINR,20NOV2026,977500000.000000,1,OPTCUR,CDS,25000.000000,10000,False
8926,GBPINR27MAR126.75PE,GBPINR,29MAR2027,1267500000.000000,1,OPTCUR,CDS,25000.000000,10000,False
8930,USDINR26N2792.75CE,USDINR,27NOV2026,927500000.000000,1,OPTCUR,CDS,25000.000000,10000,False
8934,USDINR26N2793.25CE,USDINR,27NOV2026,932500000.000000,1,OPTCUR,CDS,25000.000000,10000,False
8936,USDINR26N2793.5CE,USDINR,27NOV2026,935000000.000000,1,OPTCUR,CDS,25000.000000,10000,False
8937,USDINR26N2793.5PE,USDINR,27NOV2026,935000000.000000,1,OPTCUR,CDS,25000.000000,10000,False
8952,GBPUSD27JUN1.27PE,GBPUSD,28JUN2027,12700000.000000,1,OPTCUR,CDS,1000.000000,10000,False
8968,JPYINR26OCT56.5CE,JPYINR,28OCT2026,565000000.000000,1,OPTCUR,CDS,25000.000000,10000,False
8972,GBPUSD27JUN1.285PE,GBPUSD,28JUN2027,12850000.000000,1,OPTCUR,CDS,1000.000000,10000,False
9009,JPYINR26OCT59CE,JPYINR,28OCT2026,590000000.000000,1,OPTCUR,CDS,25000.000000,10000,False
9028,GBPUSD26NOV1.41PE,GBPUSD,26NOV2026,14100000.000000,1,OPTCUR,CDS,1000.000000,10000,False
9060,JPYINR26OCT60.75CE,JPYINR,28OCT2026,607500000.000000,1,OPTCUR,CDS,25000.000000,10000,False
9073,JPYINR26OCT62PE,JPYINR,28OCT2026,620000000.000000,1,OPTCUR,CDS,25000.000000,10000,False
10029,JPYINR26NOV56.5CE,JPYINR,26NOV2026,565000000.000000,1,OPTCUR,CDS,25000.000000,10000,False
10038,USDJPY26OCT164.5CE,USDJPY,28OCT2026,1645000000.000000,1,OPTCUR,CDS,100000.000000,10000,False
10042,JPYINR26NOV57CE,JPYINR,26NOV2026,570000000.000000,1,OPTCUR,CDS,25000.000000,10000,False
10062,USDJPY26OCT165PE,USDJPY,28OCT2026,1650000000.000000,1,OPTCUR,CDS,100000.000000,10000,False
10064,USDJPY26OCT165.5CE,USDJPY,28OCT2026,1655000000.000000,1,OPTCUR,CDS,100000.000000,10000,False
10066,USDJPY26OCT165.5PE,USDJPY,28OCT2026,1655000000.000000,1,OPTCUR,CDS,100000.000000,10000,False
10087,USDINR26O2398PE,USDINR,23OCT2026,980000000.000000,1,OPTCUR,CDS,25000.000000,10000,False
10097,USDINR26O2398.5PE,USDINR,23OCT2026,985000000.000000,1,OPTCUR,CDS,25000.000000,10000,False
10099,USDINR26O2398.75PE,USDINR,23OCT2026,987500000.000000,1,OPTCUR,CDS,25000.000000,10000,False
10201,GBPINR26SEP131.25CE,GBPINR,28SEP2026,1312500000.000000,1,OPTCUR,CDS,25000.000000,10000,False
1010,ONMIBOR26SEPFUT,ONMIBOR,30SEP2026,-1.000000,1,FUTIRC,CDS,25000.000000,40,False
10174,EURINR26SEP111.75CE,EURINR,28SEP2026,1117500000.000000,1,OPTCUR,CDS,25000.000000,10000,False
10192,GBPINR26SEP130.75PE,GBPINR,28SEP2026,1307500000.000000,1,OPTCUR,CDS,25000.000000,10000,False
1024,636GS203126DECFUT,636GS2031,31DEC2026,-1.000000,1,FUTIRC,CDS,25000.000000,1250,False
10223,694GS203626OCT99PE,694GS2036,29OCT2026,990000000.000000,1,OPTIRC,CDS,25000.000000,1250,False
10239,694GS203626OCT101PE,694GS2036,29OCT2026,1010000000.000000,1,OPTIRC,CDS,25000.000000,1250,False
10244,694GS203626OCT101.75CE,694GS2036,29OCT2026,1017500000.000000,1,OPTIRC,CDS,25000.000000,1250,False
10275,723GS203926OCT99PE,723GS2039,29OCT2026,990000000.000000,1,OPTIRC,CDS,25000.000000,1250,False
10315,723GS203926OCT102.25PE,723GS2039,29OCT2026,1022500000.000000,1,OPTIRC,CDS,25000.000000,1250,False
10325,723GS203926OCT103PE,723GS2039,29OCT2026,1030000000.000000,1,OPTIRC,CDS,25000.000000,1250,False
10326,723GS203926OCT103.25CE,723GS2039,29OCT2026,1032500000.000000,1,OPTIRC,CDS,25000.000000,1250,False
10334,723GS203926OCT104.25CE,723GS2039,29OCT2026,1042500000.000000,1,OPTIRC,CDS,25000.000000,1250,False
10362,GBPUSD27JUN1.31PE,GBPUSD,28JUN2027,13100000.000000,1,OPTCUR,CDS,1000.000000,10000,False
10365,GBPINR26DEC130.5PE,GBPINR,29DEC2026,1305000000.000000,1,OPTCUR,CDS,25000.000000,10000,False
10375,USDINR26O3098CE,USDINR,30OCT2026,980000000.000000,1,OPTCUR,CDS,25000.000000,10000,False
1043,EURINR27JANFUT,EURINR,27JAN2027,-1.000000,1,FUTCUR,CDS,25000.000000,10000,False
10380,GBPINR26DEC131.5CE,GBPINR,29DEC2026,1315000000.000000,1,OPTCUR,CDS,25000.000000,10000,False
10387,USDINR26O3098.25CE,USDINR,30OCT2026,982500000.000000,1,OPTCUR,CDS,25000.000000,10000,False
10415,JPYINR26NOV59.75CE,JPYINR,26NOV2026,597500000.000000,1,OPTCUR,CDS,25000.000000,10000,False
1047,648GS203527JUNFUT,648GS2035,24JUN2027,-1.000000,1,FUTIRC,CDS,25000.000000,1250,False
10473,USDJPY26OCT172.5PE,USDJPY,28OCT2026,1725000000.000000,1,OPTCUR,CDS,100000.000000,10000,False
10475,USDJPY26OCT173PE,USDJPY,28OCT2026,1730000000.000000,1,OPTCUR,CDS,100000.000000,10000,False
10482,USDJPY26OCT174PE,USDJPY,28OCT2026,1740000000.000000,1,OPTCUR,CDS,100000.000000,10000,False
10501,USDJPY26OCT175PE,USDJPY,28OCT2026,1750000000.000000,1,OPTCUR,CDS,100000.000000,10000,False
10506,GBPINR26OCT133.75CE,GBPINR,28OCT2026,1337500000.000000,1,OPTCUR,CDS,25000.000000,10000,False
10509,GBPUSD26OCT1.455PE,GBPUSD,28OCT2026,14550000.000000,1,OPTCUR,CDS,1000.000000,10000,False
10510,JPYINR26OCT64.75CE,JPYINR,28OCT2026,647500000.000000,1,OPTCUR,CDS,25000.000000,10000,False
107,GOI6.36%2031,636GS2031,,-1.000000,1,UNDIRC,CDS,25000.000000,1250,False
1062,JPYINR27APRFUT,JPYINR,28APR2027,-1.000000,1,FUTCUR,CDS,25000.000000,10000,False
10515,USDINR26O3096.375CE,USDINR,30OCT2026,963750000.000000,1,OPTCUR,CDS,25000.000000,10000,False
10535,USDINR26O0994.875CE,USDINR,09OCT2026,948750000.000000,1,OPTCUR,CDS,25000.000000,10000,False
1073,EURINR26DECFUT,EURINR,29DEC2026,-1.000000,1,FUTCUR,CDS,25000.000000,10000,False
10727,EURINR26N06107.5PE,EURINR,06NOV2026,1075000000.000000,1,OPTCUR,CDS,25000.000000,10000,False
10740,EURINR26N06109CE,EURINR,06NOV2026,1090000000.000000,1,OPTCUR,CDS,25000.000000,10000,False
10768,EURINR26N06111.25CE,EURINR,06NOV2026,1112500000.000000,1,OPTCUR,CDS,25000.000000,10000,False
108,GOI6.36%2031,R636GS2031,,-1.000000,1,UNDIRC,CDS,25000.000000,1250,False
10782,JPYINR26NOV63.75CE,JPYINR,26NOV2026,637500000.000000,1,OPTCUR,CDS,25000.000000,10000,False
10787,JPYINR26NOV64.25PE,JPYINR,26NOV2026,642500000.000000,1,OPTCUR,CDS,25000.000000,10000,False
10814,EURINR26N06113.5PE,EURINR,06NOV2026,1135000000.000000,1,OPTCUR,CDS,25000.000000,10000,False
1086,EURUSD27JUN1.26PE,EURUSD,28JUN2027,12600000.000000,1,OPTCUR,CDS,1000.000000,10000,False
1094,GBPINR27JUN130.75CE,GBPINR,28JUN2027,1307500000.000000,1,OPTCUR,CDS,25000.000000,10000,False
10950,EURINR26N06113.75PE,EURINR,06NOV2026,1137500000.000000,1,OPTCUR,CDS,25000.000000,10000,False
11034,EURUSD27JUN1.29CE,EURUSD,28JUN2027,12900000.000000,1,OPTCUR,CDS,1000.000000,10000,False
1110,USDJPY26DEC144PE,USDJPY,29DEC2026,1440000000.000000,1,OPTCUR,CDS,100000.000000,10000,False
11052,GBPINR26DEC119.75PE,GBPINR,29DEC2026,1197500000.000000,1,OPTCUR,CDS,25000.000000,10000,False
11066,GBPUSD27JUN1.33CE,GBPUSD,28JUN2027,13300000.000000,1,OPTCUR,CDS,1000.000000,10000,False
11112,USDINR26SEP95.875CE,USDINR,28SEP2026,958750000.000000,1,OPTCUR,CDS,25000.000000,10000,False
1115,694GS203626SEPFUT,694GS2036,24SEP2026,-1.000000,1,FUTIRC,CDS,25000.000000,1250,False
1119,668GS204026OCTFUT,668GS2040,29OCT2026,-1.000000,1,FUTIRC,CDS,25000.000000,1250,False
1133,694GS203626OCTFUT,694GS2036,29OCT2026,-1.000000,1,FUTIRC,CDS,25000.000000,1250,False
11448,GBPINR26N06127CE,GBPINR,06NOV2026,1270000000.000000,1,OPTCUR,CDS,25000.000000,10000,False
11450,GBPINR26N06127.25CE,GBPINR,06NOV2026,1272500000.000000,1,OPTCUR,CDS,25000.000000,10000,False
11453,GBPINR26N06127.5CE,GBPINR,06NOV2026,1275000000.000000,1,OPTCUR,CDS,25000.000000,10000,False
11462,GBPINR26N06128PE,GBPINR,06NOV2026,1280000000.000000,1,OPTCUR,CDS,25000.000000,10000,False
11466,GBPINR26N06128.25CE,GBPINR,06NOV2026,1282500000.000000,1,OPTCUR,CDS,25000.000000,10000,False
11467,GBPINR26N06128.25PE,GBPINR,06NOV2026,1282500000.000000,1,OPTCUR,CDS,25000.000000,10000,False
11471,GBPINR26N06128.75PE,GBPINR,06NOV2026,1287500000.000000,1,OPTCUR,CDS,25000.000000,10000,False
11473,GBPINR26N06129PE,GBPINR,06NOV2026,1290000000.000000,1,OPTCUR,CDS,25000.000000,10000,False
11515,694GS203626SEP97.25CE,694GS2036,24SEP2026,972500000.000000,1,OPTIRC,CDS,25000.000000,1250,False
11519,694GS203626SEP97.75CE,694GS2036,24SEP2026,977500000.000000,1,OPTIRC,CDS,25000.000000,1250,False
11522,GBPINR26N06129.75PE,GBPINR,06NOV2026,1297500000.000000,1,OPTCUR,CDS,25000.000000,10000,False
11545,694GS203626SEP98CE,694GS2036,24SEP2026,980000000.000000,1,OPTIRC,CDS,25000.000000,1250,False
11551,694GS203626SEP98.75CE,694GS2036,24SEP2026,987500000.000000,1,OPTIRC,CDS,25000.000000,1250,False
11571,GBPINR26N06130.25PE,GBPINR,06NOV2026,1302500000.000000,1,OPTCUR,CDS,25000.000000,10000,False
11590,633GS203526DEC94.75CE,633GS2035,31DEC2026,947500000.000000,1,OPTIRC,CDS,25000.000000,1250,False
11598,USDJPY27MAR144.5PE,USDJPY,29MAR2027,1445000000.000000,1,OPTCUR,CDS,100000.000000,10000,False
11599,USDJPY27MAR145CE,USDJPY,29MAR2027,1450000000.000000,1,OPTCUR,CDS,100000.000000,10000,False
11600,GBPINR26N06131.5PE,GBPINR,06NOV2026,1315000000.000000,1,OPTCUR,CDS,25000.000000,10000,False
11609,USDJPY27MAR145.5CE,USDJPY,29MAR2027,1455000000.000000,1,OPTCUR,CDS,100000.000000,10000,False
11611,GBPINR26N06132PE,GBPINR,06NOV2026,1320000000.000000,1,OPTCUR,CDS,25000.000000,10000,False
11619,694GS203626SEP99.25CE,694GS2036,24SEP2026,992500000.000000,1,OPTIRC,CDS,25000.000000,1250,False
11628,694GS203626SEP100CE,694GS2036,24SEP2026,1000000000.000000,1,OPTIRC,CDS,25000.000000,1250,False
11665,GBPINR26DEC120.5PE,GBPINR,29DEC2026,1205000000.000000,1,OPTCUR,CDS,25000.000000,10000,False
11672,633GS203526DEC95.25PE,633GS2035,31DEC2026,952500000.000000,1,OPTIRC,CDS,25000.000000,1250,False
11684,694GS203626SEP101.5PE,694GS2036,24SEP2026,1015000000.000000,1,OPTIRC,CDS,25000.000000,1250,False
11688,694GS203626SEP102PE,694GS2036,24SEP2026,1020000000.000000,1,OPTIRC,CDS,25000.000000,1250,False
11690,694GS203626SEP102.25PE,694GS2036,24SEP2026,1022500000.000000,1,OPTIRC,CDS,25000.000000,1250,False
11692,694GS203626SEP102.5PE,694GS2036,24SEP2026,1025000000.000000,1,OPTIRC,CDS,25000.000000,1250,False
11716,GBPINR26DEC120.75PE,GBPINR,29DEC2026,1207500000.000000,1,OPTCUR,CDS,25000.000000,10000,False
11728,694GS203626DEC97.75PE,694GS2036,31DEC2026,977500000.000000,1,OPTIRC,CDS,25000.000000,1250,False
11730,694GS203626DEC98PE,694GS2036,31DEC2026,980000000.000000,1,OPTIRC,CDS,25000.000000,1250,False
11765,GBPUSD26SEP1.48CE,GBPUSD,28SEP2026,14800000.000000,1,OPTCUR,CDS,1000.000000,10000,False
11777,GBPUSD26DEC1.49CE,GBPUSD,29DEC2026,14900000.000000,1,OPTCUR,CDS,1000.000000,10000,False
1188,EURINR27JUN114.75PE,EURINR,28JUN2027,1147500000.000000,1,OPTCUR,CDS,25000.000000,10000,False
11779,694GS203626DEC99PE,694GS2036,31DEC2026,990000000.000000,1,OPTIRC,CDS,25000.000000,1250,False
11781,694GS203626DEC99.25PE,694GS2036,31DEC2026,992500000.000000,1,OPTIRC,CDS,25000.000000,1250,False
11830,694GS203626DEC101CE,694GS2036,31DEC2026,1010000000.000000,1,OPTIRC,CDS,25000.000000,1250,False
11886,694GS203626DEC101.25CE,694GS2036,31DEC2026,1012500000.000000,1,OPTIRC,CDS,25000.000000,1250,False
11909,GBPUSD26OCT1.48CE,GBPUSD,28OCT2026,14800000.000000,1,OPTCUR,CDS,1000.000000,10000,False
11910,GBPUSD26OCT1.48PE,GBPUSD,28OCT2026,14800000.000000,1,OPTCUR,CDS,1000.000000,10000,False
11916,GBPUSD27JUN1.48PE,GBPUSD,28JUN2027,14800000.000000,1,OPTCUR,CDS,1000.000000,10000,False
12,10YEARGOI,10YGS7,,-1.000000,1,UNDIRD,CDS,25000.000000,1250,False
11918,GBPINR26DEC121PE,GBPINR,29DEC2026,1210000000.000000,1,OPTCUR,CDS,25000.000000,10000,False
11995,JPYINR26N0657.25CE,JPYINR,06NOV2026,572500000.000000,1,OPTCUR,CDS,25000.000000,10000,False
11998,JPYINR26N0657.5PE,JPYINR,06NOV2026,575000000.000000,1,OPTCUR,CDS,25000.000000,10000,False
12005,723GS203926DEC97.75PE,723GS2039,31DEC2026,977500000.000000,1,OPTIRC,CDS,25000.000000,1250,False
12014,JPYINR26N0659.25PE,JPYINR,06NOV2026,592500000.000000,1,OPTCUR,CDS,25000.000000,10000,False
12016,JPYINR26N0659.5PE,JPYINR,06NOV2026,595000000.000000,1,OPTCUR,CDS,25000.000000,10000,False
12024,JPYINR26N0660.5PE,JPYINR,06NOV2026,605000000.000000,1,OPTCUR,CDS,25000.000000,10000,False
12032,JPYINR26N0661.5PE,JPYINR,06NOV2026,615000000.000000,1,OPTCUR,CDS,25000.000000,10000,False
12160,JPYINR26N0664.75CE,JPYINR,06NOV2026,647500000.000000,1,OPTCUR,CDS,25000.000000,10000,False
12240,EURUSD26DEC1.035CE,EURUSD,29DEC2026,10350000.000000,1,OPTCUR,CDS,1000.000000,10000,False
12251,694GS203626DEC103CE,694GS2036,31DEC2026,1030000000.000000,1,OPTIRC,CDS,25000.000000,1250,False
12266,USDINR26N0691.25PE,USDINR,06NOV2026,912500000.000000,1,OPTCUR,CDS,25000.000000,10000,False
12282,USDINR26N0693.25PE,USDINR,06NOV2026,932500000.000000,1,OPTCUR,CDS,25000.000000,10000,False
12284,USDINR26N0693.5PE,USDINR,06NOV2026,935000000.000000,1,OPTCUR,CDS,25000.000000,10000,False
12294,USDINR26N0694.5CE,USDINR,06NOV2026,945000000.000000,1,OPTCUR,CDS,25000.000000,10000,False
1242,USDINR26O2396.125PE,USDINR,23OCT2026,961250000.000000,1,OPTCUR,CDS,25000.000000,10000,False
12343,USDINR26N0696.5PE,USDINR,06NOV2026,965000000.000000,1,OPTCUR,CDS,25000.000000,10000,False
12346,USDINR26N0697CE,USDINR,06NOV2026,970000000.000000,1,OPTCUR,CDS,25000.000000,10000,False
12556,USDINR26NOV92PE,USDINR,26NOV2026,920000000.000000,1,OPTCUR,CDS,25000.000000,10000,False
12797,668GS204027MAR99.75CE,668GS2040,25MAR2027,997500000.000000,1,OPTIRC,CDS,25000.000000,1250,False
12907,GBPUSD27JUN1.36PE,GBPUSD,28JUN2027,13600000.000000,1,OPTCUR,CDS,1000.000000,10000,False
12938,USDINR26NOV94PE,USDINR,26NOV2026,940000000.000000,1,OPTCUR,CDS,25000.000000,10000,False
12950,694GS203627MAR97.25PE,694GS2036,25MAR2027,972500000.000000,1,OPTIRC,CDS,25000.000000,1250,False
12970,GBPINR26DEC122.25CE,GBPINR,29DEC2026,1222500000.000000,1,OPTCUR,CDS,25000.000000,10000,False
12982,GBPUSD27JUN1.39PE,GBPUSD,28JUN2027,13900000.000000,1,OPTCUR,CDS,1000.000000,10000,False
12988,GBPUSD27JUN1.405PE,GBPUSD,28JUN2027,14050000.000000,1,OPTCUR,CDS,1000.000000,10000,False
13000,EURUSD26DEC1.02PE,EURUSD,29DEC2026,10200000.000000,1,OPTCUR,CDS,1000.000000,10000,False
13004,USDINR26NOV96PE,USDINR,26NOV2026,960000000.000000,1,OPTCUR,CDS,25000.000000,10000,False
13005,USDINR26NOV96.25CE,USDINR,26NOV2026,962500000.000000,1,OPTCUR,CDS,25000.000000,10000,False
13068,USDINR26NOV98.5PE,USDINR,26NOV2026,985000000.000000,1,OPTCUR,CDS,25000.000000,10000,False
13072,USDJPY26SEP171.5PE,USDJPY,28SEP2026,1715000000.000000,1,OPTCUR,CDS,100000.000000,10000,False
13092,694GS203627MAR101.75PE,694GS2036,25MAR2027,1017500000.000000,1,OPTIRC,CDS,25000.000000,1250,False
13120,JPYINR27JUN55.25PE,JPYINR,28JUN2027,552500000.000000,1,OPTCUR,CDS,25000.000000,10000,False
13122,JPYINR27JUN55.5PE,JPYINR,28JUN2027,555000000.000000,1,OPTCUR,CDS,25000.000000,10000,False
13140,GBPINR27MAR130.5PE,GBPINR,29MAR2027,1305000000.000000,1,OPTCUR,CDS,25000.000000,10000,False
13143,JPYINR27JUN55.75CE,JPYINR,28JUN2027,557500000.000000,1,OPTCUR,CDS,25000.000000,10000,False
13144,JPYINR27JUN55.75PE,JPYINR,28JUN2027,557500000.000000,1,OPTCUR,CDS,25000.000000,10000,False
13151,JPYINR27JUN56.5PE,JPYINR,28JUN2027,565000000.000000,1,OPTCUR,CDS,25000.000000,10000,False
13178,JPYINR27JUN58.25PE,JPYINR,28JUN2027,582500000.000000,1,OPTCUR,CDS,25000.000000,10000,False
13195,USDJPY26NOV149PE,USDJPY,26NOV2026,1490000000.000000,1,OPTCUR,CDS,100000.000000,10000,False
13200,USDJPY26NOV150.5CE,USDJPY,26NOV2026,1505000000.000000,1,OPTCUR,CDS,100000.000000,10000,False
13211,USDJPY26NOV153PE,USDJPY,26NOV2026,1530000000.000000,1,OPTCUR,CDS,100000.000000,10000,False
13213,USDJPY26NOV153.5PE,USDJPY,26NOV2026,1535000000.000000,1,OPTCUR,CDS,100000.000000,10000,False
13218,USDJPY26NOV155CE,USDJPY,26NOV2026,1550000000.000000,1,OPTCUR,CDS,100000.000000,10000,False
13219,USDJPY26NOV155PE,USDJPY,26NOV2026,1550000000.000000,1,OPTCUR,CDS,100000.000000,10000,False
13230,USDJPY26NOV158CE,USDJPY,26NOV2026,1580000000.000000,1,OPTCUR,CDS,100000.000000,10000,False
13269,USDJPY26NOV167PE,USDJPY,26NOV2026,1670000000.000000,1,OPTCUR,CDS,100000.000000,10000,False
13302,JPYINR27JUN58.5CE,JPYINR,28JUN2027,585000000.000000,1,OPTCUR,CDS,25000.000000,10000,False
13304,JPYINR27JUN58.75CE,JPYINR,28JUN2027,587500000.000000,1,OPTCUR,CDS,25000.000000,10000,False
13337,EURINR26N13107.75CE,EURINR,13NOV2026,1077500000.000000,1,OPTCUR,CDS,25000.000000,10000,False
13338,JPYINR27JUN59.75CE,JPYINR,28JUN2027,597500000.000000,1,OPTCUR,CDS,25000.000000,10000,False
13346,EURINR26N13108.5PE,EURINR,13NOV2026,1085000000.000000,1,OPTCUR,CDS,25000.000000,10000,False
13354,694GS203626DEC103.25CE,694GS2036,31DEC2026,1032500000.000000,1,OPTIRC,CDS,25000.000000,1250,False
13357,694GS203627MAR103.25PE,694GS2036,25MAR2027,1032500000.000000,1,OPTIRC,CDS,25000.000000,1250,False
13380,JPYINR27JUN60.75PE,JPYINR,28JUN2027,607500000.000000,1,OPTCUR,CDS,25000.000000,10000,False
13384,JPYINR27JUN61.25PE,JPYINR,28JUN2027,612500000.000000,1,OPTCUR,CDS,25000.000000,10000,False
13388,JPYINR27JUN61.75PE,JPYINR,28JUN2027,617500000.000000,1,OPTCUR,CDS,25000.000000,10000,False
13390,JPYINR27JUN62PE,JPYINR,28JUN2027,620000000.000000,1,OPTCUR,CDS,25000.000000,10000,False
13403,JPYINR27JUN63.75CE,JPYINR,28JUN2027,637500000.000000,1,OPTCUR,CDS,25000.000000,10000,False
13409,EURINR26N13109.75CE,EURINR,13NOV2026,1097500000.000000,1,OPTCUR,CDS,25000.000000,10000,False
13421,USDINR26DEC99.25CE,USDINR,29DEC2026,992500000.000000,1,OPTCUR,CDS,25000.000000,10000,False
13423,USDINR26DEC99.5CE,USDINR,29DEC2026,995000000.000000,1,OPTCUR,CDS,25000.000000,10000,False
13442,GBPUSD27MAR1.235PE,GBPUSD,29MAR2027,12350000.000000,1,OPTCUR,CDS,1000.000000,10000,False
13449,GBPUSD27MAR1.255CE,GBPUSD,29MAR2027,12550000.000000,1,OPTCUR,CDS,1000.000000,10000,False
13456,GBPUSD27MAR1.27PE,GBPUSD,29MAR2027,12700000.000000,1,OPTCUR,CDS,1000.000000,10000,False
13486,GBPUSD27MAR1.34CE,GBPUSD,29MAR2027,13400000.000000,1,OPTCUR,CDS,1000.000000,10000,False
13487,GBPUSD27MAR1.34PE,GBPUSD,29MAR2027,13400000.000000,1,OPTCUR,CDS,1000.000000,10000,False
13495,GBPUSD27MAR1.36PE,GBPUSD,29MAR2027,13600000.000000,1,OPTCUR,CDS,1000.000000,10000,False
13503,GBPUSD27MAR1.38PE,GBPUSD,29MAR2027,13800000.000000,1,OPTCUR,CDS,1000.000000,10000,False
13512,GBPUSD27MAR1.405CE,GBPUSD,29MAR2027,14050000.000000,1,OPTCUR,CDS,1000.000000,10000,False
13528,GBPINR26DEC123.25CE,GBPINR,29DEC2026,1232500000.000000,1,OPTCUR,CDS,25000.000000,10000,False
13530,GBPINR26DEC123.5CE,GBPINR,29DEC2026,1235000000.000000,1,OPTCUR,CDS,25000.000000,10000,False
13535,GBPINR26DEC124PE,GBPINR,29DEC2026,1240000000.000000,1,OPTCUR,CDS,25000.000000,10000,False
13551,GBPINR26DEC125.25CE,GBPINR,29DEC2026,1252500000.000000,1,OPTCUR,CDS,25000.000000,10000,False
13557,GBPUSD27MAR1.445CE,GBPUSD,29MAR2027,14450000.000000,1,OPTCUR,CDS,1000.000000,10000,False
13566,GBPINR26DEC126.25PE,GBPINR,29DEC2026,1262500000.000000,1,OPTCUR,CDS,25000.000000,10000,False
13568,GBPINR26DEC126.5PE,GBPINR,29DEC2026,1265000000.000000,1,OPTCUR,CDS,25000.000000,10000,False
13573,GBPUSD26DEC1.225CE,GBPUSD,29DEC2026,12250000.000000,1,OPTCUR,CDS,1000.000000,10000,False
13578,GBPUSD26DEC1.23PE,GBPUSD,29DEC2026,12300000.000000,1,OPTCUR,CDS,1000.000000,10000,False
13599,GBPUSD27MAR1.45CE,GBPUSD,29MAR2027,14500000.000000,1,OPTCUR,CDS,1000.000000,10000,False
13607,GBPUSD26DEC1.295CE,GBPUSD,29DEC2026,12950000.000000,1,OPTCUR,CDS,1000.000000,10000,False
13609,GBPUSD26DEC1.3CE,GBPUSD,29DEC2026,13000000.000000,1,OPTCUR,CDS,1000.000000,10000,False
13619,EURINR26N13113PE,EURINR,13NOV2026,1130000000.000000,1,OPTCUR,CDS,25000.000000,10000,False
13629,GBPUSD27MAR1.45PE,GBPUSD,29MAR2027,14500000.000000,1,OPTCUR,CDS,1000.000000,10000,False
13675,JPYINR27MAR56.5PE,JPYINR,29MAR2027,565000000.000000,1,OPTCUR,CDS,25000.000000,10000,False
13681,JPYINR27MAR57.25PE,JPYINR,29MAR2027,572500000.000000,1,OPTCUR,CDS,25000.000000,10000,False
13684,JPYINR27MAR57.75CE,JPYINR,29MAR2027,577500000.000000,1,OPTCUR,CDS,25000.000000,10000,False
13695,JPYINR27MAR58.5PE,JPYINR,29MAR2027,585000000.000000,1,OPTCUR,CDS,25000.000000,10000,False
13717,JPYINR27MAR60PE,JPYINR,29MAR2027,600000000.000000,1,OPTCUR,CDS,25000.000000,10000,False
13723,JPYINR27MAR60.5PE,JPYINR,29MAR2027,605000000.000000,1,OPTCUR,CDS,25000.000000,10000,False
13734,GBPUSD26DEC1.305PE,GBPUSD,29DEC2026,13050000.000000,1,OPTCUR,CDS,1000.000000,10000,False
13735,GBPUSD26DEC1.31CE,GBPUSD,29DEC2026,13100000.000000,1,OPTCUR,CDS,1000.000000,10000,False
13739,GBPUSD26DEC1.32CE,GBPUSD,29DEC2026,13200000.000000,1,OPTCUR,CDS,1000.000000,10000,False
13742,JPYINR27MAR61.75CE,JPYINR,29MAR2027,617500000.000000,1,OPTCUR,CDS,25000.000000,10000,False
13744,JPYINR27MAR62CE,JPYINR,29MAR2027,620000000.000000,1,OPTCUR,CDS,25000.000000,10000,False
13747,GBPUSD26DEC1.33CE,GBPUSD,29DEC2026,13300000.000000,1,OPTCUR,CDS,1000.000000,10000,False
13749,GBPUSD26DEC1.335CE,GBPUSD,29DEC2026,13350000.000000,1,OPTCUR,CDS,1000.000000,10000,False
13750,GBPUSD26DEC1.335PE,GBPUSD,29DEC2026,13350000.000000,1,OPTCUR,CDS,1000.000000,10000,False
13767,GBPUSD26DEC1.365PE,GBPUSD,29DEC2026,13650000.000000,1,OPTCUR,CDS,1000.000000,10000,False
13775,GBPUSD26DEC1.385PE,GBPUSD,29DEC2026,13850000.000000,1,OPTCUR,CDS,1000.000000,10000,False
13806,GBPUSD26DEC1.45CE,GBPUSD,29DEC2026,14500000.000000,1,OPTCUR,CDS,1000.000000,10000,False
13814,GBPUSD26DEC1.465CE,GBPUSD,29DEC2026,14650000.000000,1,OPTCUR,CDS,1000.000000,10000,False
13839,GBPINR26N13126.25CE,GBPINR,13NOV2026,1262500000.000000,1,OPTCUR,CDS,25000.000000,10000,False
13869,636GS203126DEC102PE,636GS2031,31DEC2026,1020000000.000000,1,OPTIRC,CDS,25000.000000,1250,False
13872,GBPINR26N13128.5PE,GBPINR,13NOV2026,1285000000.000000,1,OPTCUR,CDS,25000.000000,10000,False
1389,EURINR26NOV108.5PE,EURINR,26NOV2026,1085000000.000000,1,OPTCUR,CDS,25000.000000,10000,False
13881,GBPINR26N13129.75CE,GBPINR,13NOV2026,1297500000.000000,1,OPTCUR,CDS,25000.000000,10000,False
13885,GBPINR26N13130.25CE,GBPINR,13NOV2026,1302500000.000000,1,OPTCUR,CDS,25000.000000,10000,False
13899,GBPINR26N13131.75PE,GBPINR,13NOV2026,1317500000.000000,1,OPTCUR,CDS,25000.000000,10000,False
1392,GBPUSD27MAR1.21PE,GBPUSD,29MAR2027,12100000.000000,1,OPTCUR,CDS,1000.000000,10000,False
1397,GBPUSD27MAR1.215CE,GBPUSD,29MAR2027,12150000.000000,1,OPTCUR,CDS,1000.000000,10000,False
13972,JPYINR26N1356.75PE,JPYINR,13NOV2026,567500000.000000,1,OPTCUR,CDS,25000.000000,10000,False
13976,JPYINR26N1357.25PE,JPYINR,13NOV2026,572500000.000000,1,OPTCUR,CDS,25000.000000,10000,False
13984,JPYINR26N1358.25PE,JPYINR,13NOV2026,582500000.000000,1,OPTCUR,CDS,25000.000000,10000,False
13998,USDINR26SEP99.75CE,USDINR,28SEP2026,997500000.000000,1,OPTCUR,CDS,25000.000000,10000,False
14008,JPYINR26N1360PE,JPYINR,13NOV2026,600000000.000000,1,OPTCUR,CDS,25000.000000,10000,False
14010,JPYINR26N1360.25PE,JPYINR,13NOV2026,602500000.000000,1,OPTCUR,CDS,25000.000000,10000,False
1403,EURINR26NOV108.75PE,EURINR,26NOV2026,1087500000.000000,1,OPTCUR,CDS,25000.000000,10000,False
14023,JPYINR26N1361.5CE,JPYINR,13NOV2026,615000000.000000,1,OPTCUR,CDS,25000.000000,10000,False
14027,JPYINR26N1362CE,JPYINR,13NOV2026,620000000.000000,1,OPTCUR,CDS,25000.000000,10000,False
14032,JPYINR26N1362.5PE,JPYINR,13NOV2026,625000000.000000,1,OPTCUR,CDS,25000.000000,10000,False
14033,JPYINR26N1362.75CE,JPYINR,13NOV2026,627500000.000000,1,OPTCUR,CDS,25000.000000,10000,False
14034,JPYINR26N1362.75PE,JPYINR,13NOV2026,627500000.000000,1,OPTCUR,CDS,25000.000000,10000,False
14041,JPYINR26N1363.75CE,JPYINR,13NOV2026,637500000.000000,1,OPTCUR,CDS,25000.000000,10000,False
14076,USDINR26N1391PE,USDINR,13NOV2026,910000000.000000,1,OPTCUR,CDS,25000.000000,10000,False
14088,USDINR26N1392.5PE,USDINR,13NOV2026,925000000.000000,1,OPTCUR,CDS,25000.000000,10000,False
14112,USDINR27MAR90.5PE,USDINR,29MAR2027,905000000.000000,1,OPTCUR,CDS,25000.000000,10000,False
14136,USDINR27MAR91PE,USDINR,29MAR2027,910000000.000000,1,OPTCUR,CDS,25000.000000,10000,False
14142,USDINR27MAR91.75PE,USDINR,29MAR2027,917500000.000000,1,OPTCUR,CDS,25000.000000,10000,False
14148,USDINR26N1394.5CE,USDINR,13NOV2026,945000000.000000,1,OPTCUR,CDS,25000.000000,10000,False
14149,USDINR26N1394.5PE,USDINR,13NOV2026,945000000.000000,1,OPTCUR,CDS,25000.000000,10000,False
14166,USDINR26N1395.25PE,USDINR,13NOV2026,952500000.000000,1,OPTCUR,CDS,25000.000000,10000,False
14182,USDINR26N1396.25PE,USDINR,13NOV2026,962500000.000000,1,OPTCUR,CDS,25000.000000,10000,False
1425,EURINR26NOV110CE,EURINR,26NOV2026,1100000000.000000,1,OPTCUR,CDS,25000.000000,10000,False
14244,633GS203526NOV95PE,633GS2035,26NOV2026,950000000.000000,1,OPTIRC,CDS,25000.000000,1250,False
14245,633GS203526NOV95.25CE,633GS2035,26NOV2026,952500000.000000,1,OPTIRC,CDS,25000.000000,1250,False
14248,633GS203526NOV95.5PE,633GS2035,26NOV2026,955000000.000000,1,OPTIRC,CDS,25000.000000,1250,False
14253,633GS203526NOV96.25CE,633GS2035,26NOV2026,962500000.000000,1,OPTIRC,CDS,25000.000000,1250,False
14263,633GS203526NOV97.5CE,633GS2035,26NOV2026,975000000.000000,1,OPTIRC,CDS,25000.000000,1250,False
14264,633GS203526NOV97.5PE,633GS2035,26NOV2026,975000000.000000,1,OPTIRC,CDS,25000.000000,1250,False
14269,633GS203526NOV98.25CE,633GS2035,26NOV2026,982500000.000000,1,OPTIRC,CDS,25000.000000,1250,False
1432,GBPINR26DEC127.5CE,GBPINR,29DEC2026,1275000000.000000,1,OPTCUR,CDS,25000.000000,10000,False
14271,633GS203526NOV98.5CE,633GS2035,26NOV2026,985000000.000000,1,OPTIRC,CDS,25000.000000,1250,False
14327,636GS203126NOV99.75CE,636GS2031,26NOV2026,997500000.000000,1,OPTIRC,CDS,25000.000000,1250,False
14335,636GS203126NOV100.75CE,636GS2031,26NOV2026,1007500000.000000,1,OPTIRC,CDS,25000.000000,1250,False
14339,636GS203126NOV101.25CE,636GS2031,26NOV2026,1012500000.000000,1,OPTIRC,CDS,25000.000000,1250,False
14389,648GS203526NOV97.25CE,648GS2035,26NOV2026,972500000.000000,1,OPTIRC,CDS,25000.000000,1250,False
14396,648GS203526NOV98PE,648GS2035,26NOV2026,980000000.000000,1,OPTIRC,CDS,25000.000000,1250,False
14403,648GS203526NOV99CE,648GS2035,26NOV2026,990000000.000000,1,OPTIRC,CDS,25000.000000,1250,False
14404,648GS203526NOV99PE,648GS2035,26NOV2026,990000000.000000,1,OPTIRC,CDS,25000.000000,1250,False
14422,USDINR27MAR93PE,USDINR,29MAR2027,930000000.000000,1,OPTCUR,CDS,25000.000000,10000,False
14446,668GS204026NOV94.25CE,668GS2040,26NOV2026,942500000.000000,1,OPTIRC,CDS,25000.000000,1250,False
14478,668GS204026NOV98.25CE,668GS2040,26NOV2026,982500000.000000,1,OPTIRC,CDS,25000.000000,1250,False
1448,USDJPY26DEC174.5CE,USDJPY,29DEC2026,1745000000.000000,1,OPTCUR,CDS,100000.000000,10000,False
14484,668GS204026NOV98.75CE,668GS2040,26NOV2026,987500000.000000,1,OPTIRC,CDS,25000.000000,1250,False
14487,668GS204026NOV99PE,668GS2040,26NOV2026,990000000.000000,1,OPTIRC,CDS,25000.000000,1250,False
14524,694GS203626NOV98.5CE,694GS2036,26NOV2026,985000000.000000,1,OPTIRC,CDS,25000.000000,1250,False
14525,694GS203626NOV98.5PE,694GS2036,26NOV2026,985000000.000000,1,OPTIRC,CDS,25000.000000,1250,False
14526,694GS203626NOV98.75CE,694GS2036,26NOV2026,987500000.000000,1,OPTIRC,CDS,25000.000000,1250,False
14528,694GS203626NOV99CE,694GS2036,26NOV2026,990000000.000000,1,OPTIRC,CDS,25000.000000,1250,False
14529,694GS203626NOV99PE,694GS2036,26NOV2026,990000000.000000,1,OPTIRC,CDS,25000.000000,1250,False
14540,694GS203626NOV100.5CE,694GS2036,26NOV2026,1005000000.000000,1,OPTIRC,CDS,25000.000000,1250,False
14548,694GS203626NOV101.5CE,694GS2036,26NOV2026,1015000000.000000,1,OPTIRC,CDS,25000.000000,1250,False
14551,694GS203626NOV101.75PE,694GS2036,26NOV2026,1017500000.000000,1,OPTIRC,CDS,25000.000000,1250,False
14553,694GS203626NOV102PE,694GS2036,26NOV2026,1020000000.000000,1,OPTIRC,CDS,25000.000000,1250,False
14555,694GS203626NOV102.25PE,694GS2036,26NOV2026,1022500000.000000,1,OPTIRC,CDS,25000.000000,1250,False
14579,723GS203926NOV99.5PE,723GS2039,26NOV2026,995000000.000000,1,OPTIRC,CDS,25000.000000,1250,False
14591,723GS203926NOV101PE,723GS2039,26NOV2026,1010000000.000000,1,OPTIRC,CDS,25000.000000,1250,False
14615,723GS203926NOV104PE,723GS2039,26NOV2026,1040000000.000000,1,OPTIRC,CDS,25000.000000,1250,False
1468,EURINR26NOV111CE,EURINR,26NOV2026,1110000000.000000,1,OPTCUR,CDS,25000.000000,10000,False
1470,EURINR26NOV111PE,EURINR,26NOV2026,1110000000.000000,1,OPTCUR,CDS,25000.000000,10000,False
1471,USDJPY27JUN174.5CE,USDJPY,28JUN2027,1745000000.000000,1,OPTCUR,CDS,100000.000000,10000,False
14693,USDINR27MAR96.5CE,USDINR,29MAR2027,965000000.000000,1,OPTCUR,CDS,25000.000000,10000,False
14714,USDINR27MAR99PE,USDINR,29MAR2027,990000000.000000,1,OPTCUR,CDS,25000.000000,10000,False
14715,USDINR27MAR99.25CE,USDINR,29MAR2027,992500000.000000,1,OPTCUR,CDS,25000.000000,10000,False
14733,USDJPY27MAR146.5CE,USDJPY,29MAR2027,1465000000.000000,1,OPTCUR,CDS,100000.000000,10000,False
14741,USDJPY27MAR147.5CE,USDJPY,29MAR2027,1475000000.000000,1,OPTCUR,CDS,100000.000000,10000,False
1480,668GS204026DEC92.75CE,668GS2040,31DEC2026,927500000.000000,1,OPTIRC,CDS,25000.000000,1250,False
14767,USDJPY27MAR151CE,USDJPY,29MAR2027,1510000000.000000,1,OPTCUR,CDS,100000.000000,10000,False
14768,USDJPY27MAR151PE,USDJPY,29MAR2027,1510000000.000000,1,OPTCUR,CDS,100000.000000,10000,False
14780,USDJPY27MAR154PE,USDJPY,29MAR2027,1540000000.000000,1,OPTCUR,CDS,100000.000000,10000,False
1482,EURINR26NOV111.75CE,EURINR,26NOV2026,1117500000.000000,1,OPTCUR,CDS,25000.000000,10000,False
14805,633GS203526DEC99CE,633GS2035,31DEC2026,990000000.000000,1,OPTIRC,CDS,25000.000000,1250,False
14859,USDJPY27MAR160CE,USDJPY,29MAR2027,1600000000.000000,1,OPTCUR,CDS,100000.000000,10000,False
14860,USDJPY27MAR160PE,USDJPY,29MAR2027,1600000000.000000,1,OPTCUR,CDS,100000.000000,10000,False
14874,USDJPY27MAR161PE,USDJPY,29MAR2027,1610000000.000000,1,OPTCUR,CDS,100000.000000,10000,False
14935,USDJPY27MAR164PE,USDJPY,29MAR2027,1640000000.000000,1,OPTCUR,CDS,100000.000000,10000,False
14936,USDJPY27MAR164.5CE,USDJPY,29MAR2027,1645000000.000000,1,OPTCUR,CDS,100000.000000,10000,False
15031,USDJPY27MAR165.5CE,USDJPY,29MAR2027,1655000000.000000,1,OPTCUR,CDS,100000.000000,10000,False
1509,USDINR26N1394.375PE,USDINR,13NOV2026,943750000.000000,1,OPTCUR,CDS,25000.000000,10000,False
1510,USDJPY26DEC174PE,USDJPY,29DEC2026,1740000000.000000,1,OPTCUR,CDS,100000.000000,10000,False
15142,USDJPY26DEC142.5CE,USDJPY,29DEC2026,1425000000.000000,1,OPTCUR,CDS,100000.000000,10000,False
15144,USDJPY26DEC143CE,USDJPY,29DEC2026,1430000000.000000,1,OPTCUR,CDS,100000.000000,10000,False
15153,USDJPY27MAR168CE,USDJPY,29MAR2027,1680000000.000000,1,OPTCUR,CDS,100000.000000,10000,False
15164,648GS203526DEC94.25CE,648GS2035,31DEC2026,942500000.000000,1,OPTIRC,CDS,25000.000000,1250,False
15167,USDJPY27MAR168.5CE,USDJPY,29MAR2027,1685000000.000000,1,OPTCUR,CDS,100000.000000,10000,False
15189,JPYINR26DEC54.75PE,JPYINR,29DEC2026,547500000.000000,1,OPTCUR,CDS,25000.000000,10000,False
15194,JPYINR26DEC55.5CE,JPYINR,29DEC2026,555000000.000000,1,OPTCUR,CDS,25000.000000,10000,False
15198,JPYINR26DEC56CE,JPYINR,29DEC2026,560000000.000000,1,OPTCUR,CDS,25000.000000,10000,False
15199,JPYINR26DEC56PE,JPYINR,29DEC2026,560000000.000000,1,OPTCUR,CDS,25000.000000,10000,False
15201,JPYINR26DEC56.25PE,JPYINR,29DEC2026,562500000.000000,1,OPTCUR,CDS,25000.000000,10000,False
15203,JPYINR26DEC56.5PE,JPYINR,29DEC2026,565000000.000000,1,OPTCUR,CDS,25000.000000,10000,False
15204,JPYINR26DEC56.75CE,JPYINR,29DEC2026,567500000.000000,1,OPTCUR,CDS,25000.000000,10000,False
15209,JPYINR26DEC57.25PE,JPYINR,29DEC2026,572500000.000000,1,OPTCUR,CDS,25000.000000,10000,False
15261,USDJPY27MAR169.5CE,USDJPY,29MAR2027,1695000000.000000,1,OPTCUR,CDS,100000.000000,10000,False
1535,USDJPY27MAR174PE,USDJPY,29MAR2027,1740000000.000000,1,OPTCUR,CDS,100000.000000,10000,False
1547,GBPUSD26NOVFUT,GBPUSD,26NOV2026,-1.000000,1,FUTCUR,CDS,1000.000000,10000,False
15263,USDJPY27MAR170CE,USDJPY,29MAR2027,1700000000.000000,1,OPTCUR,CDS,100000.000000,10000,False
15481,USDINR27JUN95PE,USDINR,28JUN2027,950000000.000000,1,OPTCUR,CDS,25000.000000,10000,False
15484,USDINR27JUN95.5CE,USDINR,28JUN2027,955000000.000000,1,OPTCUR,CDS,25000.000000,10000,False
15488,USDINR27JUN96CE,USDINR,28JUN2027,960000000.000000,1,OPTCUR,CDS,25000.000000,10000,False
15499,USDINR27JUN96.75CE,USDINR,28JUN2027,967500000.000000,1,OPTCUR,CDS,25000.000000,10000,False
15500,USDINR27JUN96.75PE,USDINR,28JUN2027,967500000.000000,1,OPTCUR,CDS,25000.000000,10000,False
15506,JPYINR26DEC61CE,JPYINR,29DEC2026,610000000.000000,1,OPTCUR,CDS,25000.000000,10000,False
15511,JPYINR26DEC61.5PE,JPYINR,29DEC2026,615000000.000000,1,OPTCUR,CDS,25000.000000,10000,False
15520,JPYINR26DEC62.75CE,JPYINR,29DEC2026,627500000.000000,1,OPTCUR,CDS,25000.000000,10000,False
15546,USDINR27JUN99PE,USDINR,28JUN2027,990000000.000000,1,OPTCUR,CDS,25000.000000,10000,False
15579,USDINR26DEC87.5PE,USDINR,29DEC2026,875000000.000000,1,OPTCUR,CDS,25000.000000,10000,False
15583,USDINR26DEC88PE,USDINR,29DEC2026,880000000.000000,1,OPTCUR,CDS,25000.000000,10000,False
15588,USDINR26DEC88.75CE,USDINR,29DEC2026,887500000.000000,1,OPTCUR,CDS,25000.000000,10000,False
15602,USDINR26DEC90.5CE,USDINR,29DEC2026,905000000.000000,1,OPTCUR,CDS,25000.000000,10000,False
15631,USDJPY27JUN150PE,USDJPY,28JUN2027,1500000000.000000,1,OPTCUR,CDS,100000.000000,10000,False
15635,USDJPY27JUN151PE,USDJPY,28JUN2027,1510000000.000000,1,OPTCUR,CDS,100000.000000,10000,False
15646,USDJPY27JUN154CE,USDJPY,28JUN2027,1540000000.000000,1,OPTCUR,CDS,100000.000000,10000,False
15655,USDJPY27JUN156PE,USDJPY,28JUN2027,1560000000.000000,1,OPTCUR,CDS,100000.000000,10000,False
15659,USDJPY27JUN156.5PE,USDJPY,28JUN2027,1565000000.000000,1,OPTCUR,CDS,100000.000000,10000,False
15662,USDINR26DEC92.75PE,USDINR,29DEC2026,927500000.000000,1,OPTCUR,CDS,25000.000000,10000,False
15674,USDINR26DEC94.25PE,USDINR,29DEC2026,942500000.000000,1,OPTCUR,CDS,25000.000000,10000,False
15677,USDINR26DEC94.75CE,USDINR,29DEC2026,947500000.000000,1,OPTCUR,CDS,25000.000000,10000,False
15685,USDINR26DEC95.25CE,USDINR,29DEC2026,952500000.000000,1,OPTCUR,CDS,25000.000000,10000,False
15690,USDINR26DEC95.75PE,USDINR,29DEC2026,957500000.000000,1,OPTCUR,CDS,25000.000000,10000,False
15718,USDJPY26DEC150CE,USDJPY,29DEC2026,1500000000.000000,1,OPTCUR,CDS,100000.000000,10000,False
15722,USDJPY26DEC151CE,USDJPY,29DEC2026,1510000000.000000,1,OPTCUR,CDS,100000.000000,10000,False
15725,USDJPY26DEC151.5PE,USDJPY,29DEC2026,1515000000.000000,1,OPTCUR,CDS,100000.000000,10000,False
15727,USDJPY26DEC152PE,USDJPY,29DEC2026,1520000000.000000,1,OPTCUR,CDS,100000.000000,10000,False
15733,USDJPY26DEC153.5PE,USDJPY,29DEC2026,1535000000.000000,1,OPTCUR,CDS,100000.000000,10000,False
15750,USDJPY26DEC158CE,USDJPY,29DEC2026,1580000000.000000,1,OPTCUR,CDS,100000.000000,10000,False
15769,USDJPY26DEC162.5PE,USDJPY,29DEC2026,1625000000.000000,1,OPTCUR,CDS,100000.000000,10000,False
15755,USDJPY26DEC159PE,USDJPY,29DEC2026,1590000000.000000,1,OPTCUR,CDS,100000.000000,10000,False
15760,USDJPY26DEC160.5CE,USDJPY,29DEC2026,1605000000.000000,1,OPTCUR,CDS,100000.000000,10000,False
15762,USDJPY26DEC161CE,USDJPY,29DEC2026,1610000000.000000,1,OPTCUR,CDS,100000.000000,10000,False
15770,USDJPY26DEC163CE,USDJPY,29DEC2026,1630000000.000000,1,OPTCUR,CDS,100000.000000,10000,False
15772,USDJPY26DEC163.5CE,USDJPY,29DEC2026,1635000000.000000,1,OPTCUR,CDS,100000.000000,10000,False
15783,USDJPY26DEC166PE,USDJPY,29DEC2026,1660000000.000000,1,OPTCUR,CDS,100000.000000,10000,False
15792,USDJPY27JUN157.5PE,USDJPY,28JUN2027,1575000000.000000,1,OPTCUR,CDS,100000.000000,10000,False
15797,USDJPY27JUN159CE,USDJPY,28JUN2027,1590000000.000000,1,OPTCUR,CDS,100000.000000,10000,False
15799,USDJPY27JUN159.5CE,USDJPY,28JUN2027,1595000000.000000,1,OPTCUR,CDS,100000.000000,10000,False
15807,694GS203627MAR103.75PE,694GS2036,25MAR2027,1037500000.000000,1,OPTIRC,CDS,25000.000000,1250,False
15809,USDJPY27JUN161PE,USDJPY,28JUN2027,1610000000.000000,1,OPTCUR,CDS,100000.000000,10000,False
15824,USDJPY27JUN165CE,USDJPY,28JUN2027,1650000000.000000,1,OPTCUR,CDS,100000.000000,10000,False
15825,USDJPY27JUN165PE,USDJPY,28JUN2027,1650000000.000000,1,OPTCUR,CDS,100000.000000,10000,False
15830,USDJPY27JUN166.5CE,USDJPY,28JUN2027,1665000000.000000,1,OPTCUR,CDS,100000.000000,10000,False
15831,USDJPY27JUN166.5PE,USDJPY,28JUN2027,1665000000.000000,1,OPTCUR,CDS,100000.000000,10000,False
15835,USDJPY27JUN167.5PE,USDJPY,28JUN2027,1675000000.000000,1,OPTCUR,CDS,100000.000000,10000,False
15988,648GS203527JUN95PE,648GS2035,24JUN2027,950000000.000000,1,OPTIRC,CDS,25000.000000,1250,False
16014,648GS203527JUN98.25PE,648GS2035,24JUN2027,982500000.000000,1,OPTIRC,CDS,25000.000000,1250,False
16017,648GS203527JUN98.75CE,648GS2035,24JUN2027,987500000.000000,1,OPTIRC,CDS,25000.000000,1250,False
16027,648GS203527JUN100CE,648GS2035,24JUN2027,1000000000.000000,1,OPTIRC,CDS,25000.000000,1250,False
16029,648GS203527JUN100.25CE,648GS2035,24JUN2027,1002500000.000000,1,OPTIRC,CDS,25000.000000,1250,False
16080,668GS204027JUN95.5PE,668GS2040,24JUN2027,955000000.000000,1,OPTIRC,CDS,25000.000000,1250,False
16105,668GS204027JUN98.5CE,668GS2040,24JUN2027,985000000.000000,1,OPTIRC,CDS,25000.000000,1250,False
16106,668GS204027JUN98.5PE,668GS2040,24JUN2027,985000000.000000,1,OPTIRC,CDS,25000.000000,1250,False
16113,668GS204027JUN99.5CE,668GS2040,24JUN2027,995000000.000000,1,OPTIRC,CDS,25000.000000,1250,False
16165,694GS203627JUN98.25PE,694GS2036,24JUN2027,982500000.000000,1,OPTIRC,CDS,25000.000000,1250,False
16166,694GS203627JUN98.5CE,694GS2036,24JUN2027,985000000.000000,1,OPTIRC,CDS,25000.000000,1250,False
16170,694GS203627JUN99CE,694GS2036,24JUN2027,990000000.000000,1,OPTIRC,CDS,25000.000000,1250,False
16172,694GS203627JUN99.25CE,694GS2036,24JUN2027,992500000.000000,1,OPTIRC,CDS,25000.000000,1250,False
16192,694GS203627JUN101.75CE,694GS2036,24JUN2027,1017500000.000000,1,OPTIRC,CDS,25000.000000,1250,False
16198,694GS203627JUN102.5CE,694GS2036,24JUN2027,1025000000.000000,1,OPTIRC,CDS,25000.000000,1250,False
1620,USDINR26O0995.625CE,USDINR,09OCT2026,956250000.000000,1,OPTCUR,CDS,25000.000000,10000,False
16205,694GS203627JUN103.25PE,694GS2036,24JUN2027,1032500000.000000,1,OPTIRC,CDS,25000.000000,1250,False
16206,694GS203627JUN103.5CE,694GS2036,24JUN2027,1035000000.000000,1,OPTIRC,CDS,25000.000000,1250,False
16261,723GS203927JUN101PE,723GS2039,24JUN2027,1010000000.000000,1,OPTIRC,CDS,25000.000000,1250,False
16295,723GS203927JUN105PE,723GS2039,24JUN2027,1050000000.000000,1,OPTIRC,CDS,25000.000000,1250,False
16334,JPYINR26SEP60.75CE,JPYINR,28SEP2026,607500000.000000,1,OPTCUR,CDS,25000.000000,10000,False
16347,JPYINR26SEP62.25PE,JPYINR,28SEP2026,622500000.000000,1,OPTCUR,CDS,25000.000000,10000,False
16355,JPYINR26SEP63.25PE,JPYINR,28SEP2026,632500000.000000,1,OPTCUR,CDS,25000.000000,10000,False
16363,JPYINR26SEP64.25PE,JPYINR,28SEP2026,642500000.000000,1,OPTCUR,CDS,25000.000000,10000,False
16404,USDINR26SEP85CE,USDINR,28SEP2026,850000000.000000,1,OPTCUR,CDS,25000.000000,10000,False
16413,USDINR26SEP86PE,USDINR,28SEP2026,860000000.000000,1,OPTCUR,CDS,25000.000000,10000,False
16417,USDINR26SEP86.5PE,USDINR,28SEP2026,865000000.000000,1,OPTCUR,CDS,25000.000000,10000,False
16418,USDINR26SEP86.75CE,USDINR,28SEP2026,867500000.000000,1,OPTCUR,CDS,25000.000000,10000,False
16434,USDINR26SEP88.75CE,USDINR,28SEP2026,887500000.000000,1,OPTCUR,CDS,25000.000000,10000,False
16443,USDINR26SEP89.75PE,USDINR,28SEP2026,897500000.000000,1,OPTCUR,CDS,25000.000000,10000,False
16471,USDINR26SEP93.25PE,USDINR,28SEP2026,932500000.000000,1,OPTCUR,CDS,25000.000000,10000,False
16482,USDINR26SEP94.75CE,USDINR,28SEP2026,947500000.000000,1,OPTCUR,CDS,25000.000000,10000,False
16497,USDJPY26SEP139.5PE,USDJPY,28SEP2026,1395000000.000000,1,OPTCUR,CDS,100000.000000,10000,False
16505,USDJPY26SEP141.5PE,USDJPY,28SEP2026,1415000000.000000,1,OPTCUR,CDS,100000.000000,10000,False
16507,USDJPY26SEP142PE,USDJPY,28SEP2026,1420000000.000000,1,OPTCUR,CDS,100000.000000,10000,False
16517,USDJPY26SEP144.5PE,USDJPY,28SEP2026,1445000000.000000,1,OPTCUR,CDS,100000.000000,10000,False
16569,USDJPY26SEP157.5PE,USDJPY,28SEP2026,1575000000.000000,1,OPTCUR,CDS,100000.000000,10000,False
16570,USDJPY26SEP158CE,USDJPY,28SEP2026,1580000000.000000,1,OPTCUR,CDS,100000.000000,10000,False
16581,USDJPY26SEP160.5PE,USDJPY,28SEP2026,1605000000.000000,1,OPTCUR,CDS,100000.000000,10000,False
16582,USDJPY26SEP161CE,USDJPY,28SEP2026,1610000000.000000,1,OPTCUR,CDS,100000.000000,10000,False
16583,USDJPY26SEP161PE,USDJPY,28SEP2026,1610000000.000000,1,OPTCUR,CDS,100000.000000,10000,False
16586,633GS203526SEP95CE,633GS2035,24SEP2026,950000000.000000,1,OPTIRC,CDS,25000.000000,1250,False
16616,633GS203526SEP98.75CE,633GS2035,24SEP2026,987500000.000000,1,OPTIRC,CDS,25000.000000,1250,False
1665,EURINR27JULFUT,EURINR,28JUL2027,-1.000000,1,FUTCUR,CDS,25000.000000,10000,False
16618,633GS203526SEP99CE,633GS2035,24SEP2026,990000000.000000,1,OPTIRC,CDS,25000.000000,1250,False
16651,668GS204026SEP94.5PE,668GS2040,24SEP2026,945000000.000000,1,OPTIRC,CDS,25000.000000,1250,False
16664,668GS204026SEP96.25CE,668GS2040,24SEP2026,962500000.000000,1,OPTIRC,CDS,25000.000000,1250,False
16673,668GS204026SEP97.25PE,668GS2040,24SEP2026,972500000.000000,1,OPTIRC,CDS,25000.000000,1250,False
16675,668GS204026SEP97.5PE,668GS2040,24SEP2026,975000000.000000,1,OPTIRC,CDS,25000.000000,1250,False
16684,668GS204026SEP98.75CE,668GS2040,24SEP2026,987500000.000000,1,OPTIRC,CDS,25000.000000,1250,False
16686,668GS204026SEP99CE,668GS2040,24SEP2026,990000000.000000,1,OPTIRC,CDS,25000.000000,1250,False
16692,668GS204026SEP99.75CE,668GS2040,24SEP2026,997500000.000000,1,OPTIRC,CDS,25000.000000,1250,False
16696,668GS204026SEP100.25CE,668GS2040,24SEP2026,1002500000.000000,1,OPTIRC,CDS,25000.000000,1250,False
16699,668GS204026SEP100.5PE,668GS2040,24SEP2026,1005000000.000000,1,OPTIRC,CDS,25000.000000,1250,False
16702,668GS204026SEP101CE,668GS2040,24SEP2026,1010000000.000000,1,OPTIRC,CDS,25000.000000,1250,False
16722,679GS203426SEP98.25CE,679GS2034,24SEP2026,982500000.000000,1,OPTIRC,CDS,25000.000000,1250,False
16730,679GS203426SEP99.25CE,679GS2034,24SEP2026,992500000.000000,1,OPTIRC,CDS,25000.000000,1250,False
16733,679GS203426SEP99.5PE,679GS2034,24SEP2026,995000000.000000,1,OPTIRC,CDS,25000.000000,1250,False
16737,679GS203426SEP100PE,679GS2034,24SEP2026,1000000000.000000,1,OPTIRC,CDS,25000.000000,1250,False
16739,679GS203426SEP100.25PE,679GS2034,24SEP2026,1002500000.000000,1,OPTIRC,CDS,25000.000000,1250,False
16746,679GS203426SEP101.25CE,679GS2034,24SEP2026,1012500000.000000,1,OPTIRC,CDS,25000.000000,1250,False
16750,679GS203426SEP101.75CE,679GS2034,24SEP2026,1017500000.000000,1,OPTIRC,CDS,25000.000000,1250,False
16753,679GS203426SEP102PE,679GS2034,24SEP2026,1020000000.000000,1,OPTIRC,CDS,25000.000000,1250,False
16759,679GS203426SEP102.75PE,679GS2034,24SEP2026,1027500000.000000,1,OPTIRC,CDS,25000.000000,1250,False
16760,679GS203426SEP103CE,679GS2034,24SEP2026,1030000000.000000,1,OPTIRC,CDS,25000.000000,1250,False
16789,723GS203926SEP100PE,723GS2039,24SEP2026,1000000000.000000,1,OPTIRC,CDS,25000.000000,1250,False
16767,679GS203426SEP103.75PE,679GS2034,24SEP2026,1037500000.000000,1,OPTIRC,CDS,25000.000000,1250,False
16790,723GS203926SEP100.25CE,723GS2039,24SEP2026,1002500000.000000,1,OPTIRC,CDS,25000.000000,1250,False
16793,723GS203926SEP100.5PE,723GS2039,24SEP2026,1005000000.000000,1,OPTIRC,CDS,25000.000000,1250,False
16800,723GS203926SEP101.5CE,723GS2039,24SEP2026,1015000000.000000,1,OPTIRC,CDS,25000.000000,1250,False
16801,723GS203926SEP101.5PE,723GS2039,24SEP2026,1015000000.000000,1,OPTIRC,CDS,25000.000000,1250,False
1681,648GS203526SEP94.75CE,648GS2035,24SEP2026,947500000.000000,1,OPTIRC,CDS,25000.000000,1250,False
1682,EURINR26O16107.25PE,EURINR,16OCT2026,1072500000.000000,1,OPTCUR,CDS,25000.000000,10000,False
16807,723GS203926SEP102.25PE,723GS2039,24SEP2026,1022500000.000000,1,OPTIRC,CDS,25000.000000,1250,False
16809,723GS203926SEP102.5PE,723GS2039,24SEP2026,1025000000.000000,1,OPTIRC,CDS,25000.000000,1250,False
16834,723GS203926SEP105.75CE,723GS2039,24SEP2026,1057500000.000000,1,OPTIRC,CDS,25000.000000,1250,False
16917,648GS203526DEC96.5CE,648GS2035,31DEC2026,965000000.000000,1,OPTIRC,CDS,25000.000000,1250,False
16944,648GS203526DEC99.75PE,648GS2035,31DEC2026,997500000.000000,1,OPTIRC,CDS,25000.000000,1250,False
16945,648GS203526DEC100CE,648GS2035,31DEC2026,1000000000.000000,1,OPTIRC,CDS,25000.000000,1250,False
16946,648GS203526DEC100PE,648GS2035,31DEC2026,1000000000.000000,1,OPTIRC,CDS,25000.000000,1250,False
16948,648GS203526DEC100.25PE,648GS2035,31DEC2026,1002500000.000000,1,OPTIRC,CDS,25000.000000,1250,False
16951,648GS203526DEC100.75CE,648GS2035,31DEC2026,1007500000.000000,1,OPTIRC,CDS,25000.000000,1250,False
16954,648GS203526DEC101PE,648GS2035,31DEC2026,1010000000.000000,1,OPTIRC,CDS,25000.000000,1250,False
16976,668GS204026DEC93.25PE,668GS2040,31DEC2026,932500000.000000,1,OPTIRC,CDS,25000.000000,1250,False
16977,668GS204026DEC93.5CE,668GS2040,31DEC2026,935000000.000000,1,OPTIRC,CDS,25000.000000,1250,False
17002,668GS204026DEC96.5PE,668GS2040,31DEC2026,965000000.000000,1,OPTIRC,CDS,25000.000000,1250,False
17004,668GS204026DEC96.75PE,668GS2040,31DEC2026,967500000.000000,1,OPTIRC,CDS,25000.000000,1250,False
17006,668GS204026DEC97PE,668GS2040,31DEC2026,970000000.000000,1,OPTIRC,CDS,25000.000000,1250,False
17007,668GS204026DEC97.25CE,668GS2040,31DEC2026,972500000.000000,1,OPTIRC,CDS,25000.000000,1250,False
17021,668GS204026DEC99CE,668GS2040,31DEC2026,990000000.000000,1,OPTIRC,CDS,25000.000000,1250,False
17024,668GS204026DEC99.25PE,668GS2040,31DEC2026,992500000.000000,1,OPTIRC,CDS,25000.000000,1250,False
1703,JPYINR27JULFUT,JPYINR,28JUL2027,-1.000000,1,FUTCUR,CDS,25000.000000,10000,False
17043,723GS203926DEC98.5CE,723GS2039,31DEC2026,985000000.000000,1,OPTIRC,CDS,25000.000000,1250,False
17054,723GS203926DEC99.75PE,723GS2039,31DEC2026,997500000.000000,1,OPTIRC,CDS,25000.000000,1250,False
17073,723GS203926DEC102.25CE,723GS2039,31DEC2026,1022500000.000000,1,OPTIRC,CDS,25000.000000,1250,False
17079,723GS203926DEC103CE,723GS2039,31DEC2026,1030000000.000000,1,OPTIRC,CDS,25000.000000,1250,False
17089,723GS203926DEC104.25CE,723GS2039,31DEC2026,1042500000.000000,1,OPTIRC,CDS,25000.000000,1250,False
17095,723GS203926DEC105CE,723GS2039,31DEC2026,1050000000.000000,1,OPTIRC,CDS,25000.000000,1250,False
17130,USDINR26SEP100PE,USDINR,28SEP2026,1000000000.000000,1,OPTCUR,CDS,25000.000000,10000,False
1715,EURINR26O16107.75PE,EURINR,16OCT2026,1077500000.000000,1,OPTCUR,CDS,25000.000000,10000,False
17136,USDJPY27MAR171PE,USDJPY,29MAR2027,1710000000.000000,1,OPTCUR,CDS,100000.000000,10000,False
17164,633GS203527MAR94.25PE,633GS2035,25MAR2027,942500000.000000,1,OPTIRC,CDS,25000.000000,1250,False
17163,633GS203527MAR94.25CE,633GS2035,25MAR2027,942500000.000000,1,OPTIRC,CDS,25000.000000,1250,False
1717,EURINR26O16108PE,EURINR,16OCT2026,1080000000.000000,1,OPTCUR,CDS,25000.000000,10000,False
17218,GBPINR26SEP132PE,GBPINR,28SEP2026,1320000000.000000,1,OPTCUR,CDS,25000.000000,10000,False
17230,633GS203527MAR96.5PE,633GS2035,25MAR2027,965000000.000000,1,OPTIRC,CDS,25000.000000,1250,False
17245,633GS203527MAR97.75CE,633GS2035,25MAR2027,977500000.000000,1,OPTIRC,CDS,25000.000000,1250,False
17253,633GS203527MAR98.75CE,633GS2035,25MAR2027,987500000.000000,1,OPTIRC,CDS,25000.000000,1250,False
17266,633GS203527MAR99PE,633GS2035,25MAR2027,990000000.000000,1,OPTIRC,CDS,25000.000000,1250,False
17297,648GS203527MAR94.25CE,648GS2035,25MAR2027,942500000.000000,1,OPTIRC,CDS,25000.000000,1250,False
17298,648GS203527MAR94.25PE,648GS2035,25MAR2027,942500000.000000,1,OPTIRC,CDS,25000.000000,1250,False
1731,EURINR26DEC112PE,EURINR,29DEC2026,1120000000.000000,1,OPTCUR,CDS,25000.000000,10000,False
17313,648GS203527MAR96.25CE,648GS2035,25MAR2027,962500000.000000,1,OPTIRC,CDS,25000.000000,1250,False
17316,648GS203527MAR96.5PE,648GS2035,25MAR2027,965000000.000000,1,OPTIRC,CDS,25000.000000,1250,False
17325,648GS203527MAR97.25CE,648GS2035,25MAR2027,972500000.000000,1,OPTIRC,CDS,25000.000000,1250,False
17329,648GS203527MAR97.75CE,648GS2035,25MAR2027,977500000.000000,1,OPTIRC,CDS,25000.000000,1250,False
17333,648GS203527MAR98.25CE,648GS2035,25MAR2027,982500000.000000,1,OPTIRC,CDS,25000.000000,1250,False
17346,648GS203527MAR99.75PE,648GS2035,25MAR2027,997500000.000000,1,OPTIRC,CDS,25000.000000,1250,False
17363,668GS204027MAR91.5CE,668GS2040,25MAR2027,915000000.000000,1,OPTIRC,CDS,25000.000000,1250,False
17379,668GS204027MAR93.5CE,668GS2040,25MAR2027,935000000.000000,1,OPTIRC,CDS,25000.000000,1250,False
17387,668GS204027MAR94.5CE,668GS2040,25MAR2027,945000000.000000,1,OPTIRC,CDS,25000.000000,1250,False
17388,668GS204027MAR94.5PE,668GS2040,25MAR2027,945000000.000000,1,OPTIRC,CDS,25000.000000,1250,False
17393,668GS204027MAR95.25CE,668GS2040,25MAR2027,952500000.000000,1,OPTIRC,CDS,25000.000000,1250,False
1741,EURINR26DEC112.5CE,EURINR,29DEC2026,1125000000.000000,1,OPTCUR,CDS,25000.000000,10000,False
17397,668GS204027MAR95.75CE,668GS2040,25MAR2027,957500000.000000,1,OPTIRC,CDS,25000.000000,1250,False
17400,668GS204027MAR96PE,668GS2040,25MAR2027,960000000.000000,1,OPTIRC,CDS,25000.000000,1250,False
17406,668GS204027MAR96.75PE,668GS2040,25MAR2027,967500000.000000,1,OPTIRC,CDS,25000.000000,1250,False
1744,USDJPY26SEP175.5PE,USDJPY,28SEP2026,1755000000.000000,1,OPTCUR,CDS,100000.000000,10000,False
17464,723GS203927MAR97.75PE,723GS2039,25MAR2027,977500000.000000,1,OPTIRC,CDS,25000.000000,1250,False
17465,723GS203927MAR98CE,723GS2039,25MAR2027,980000000.000000,1,OPTIRC,CDS,25000.000000,1250,False
17469,723GS203927MAR98.5CE,723GS2039,25MAR2027,985000000.000000,1,OPTIRC,CDS,25000.000000,1250,False
1748,USDJPY26DEC175CE,USDJPY,29DEC2026,1750000000.000000,1,OPTCUR,CDS,100000.000000,10000,False
17476,723GS203927MAR99.25PE,723GS2039,25MAR2027,992500000.000000,1,OPTIRC,CDS,25000.000000,1250,False
17482,723GS203927MAR100PE,723GS2039,25MAR2027,1000000000.000000,1,OPTIRC,CDS,25000.000000,1250,False
17491,723GS203927MAR101.25CE,723GS2039,25MAR2027,1012500000.000000,1,OPTIRC,CDS,25000.000000,1250,False
1751,JPYINR26O09FUT,JPYINR,09OCT2026,-1.000000,1,FUTCUR,CDS,25000.000000,10000,False
17500,723GS203927MAR102.25PE,723GS2039,25MAR2027,1022500000.000000,1,OPTIRC,CDS,25000.000000,1250,False
17511,723GS203927MAR103.75CE,723GS2039,25MAR2027,1037500000.000000,1,OPTIRC,CDS,25000.000000,1250,False
1769,USDINR26SEPFUT,USDINR,28SEP2026,-1.000000,1,FUTCUR,CDS,25000.000000,10000,False
1773,GBPINR26918133.25PE,GBPINR,18SEP2026,1332500000.000000,1,OPTCUR,CDS,25000.000000,10000,False
1775,GBPINR27JUN132.75PE,GBPINR,28JUN2027,1327500000.000000,1,OPTCUR,CDS,25000.000000,10000,False
1788,EURINR26O16108.25PE,EURINR,16OCT2026,1082500000.000000,1,OPTCUR,CDS,25000.000000,10000,False
1800,EURINR26SEP99.5CE,EURINR,28SEP2026,995000000.000000,1,OPTCUR,CDS,25000.000000,10000,False
1802,EURINR26SEP99.75CE,EURINR,28SEP2026,997500000.000000,1,OPTCUR,CDS,25000.000000,10000,False
1812,EURINR26SEP100.25CE,EURINR,28SEP2026,1002500000.000000,1,OPTCUR,CDS,25000.000000,10000,False
1830,EURINR26NOV114.25CE,EURINR,26NOV2026,1142500000.000000,1,OPTCUR,CDS,25000.000000,10000,False
1831,EURINR26SEP101.25CE,EURINR,28SEP2026,1012500000.000000,1,OPTCUR,CDS,25000.000000,10000,False
1834,EURINR26DEC112.5PE,EURINR,29DEC2026,1125000000.000000,1,OPTCUR,CDS,25000.000000,10000,False
1835,USDJPY27MAR175.5CE,USDJPY,29MAR2027,1755000000.000000,1,OPTCUR,CDS,100000.000000,10000,False
1840,648GS203526DEC94PE,648GS2035,31DEC2026,940000000.000000,1,OPTIRC,CDS,25000.000000,1250,False
1857,USDJPY27JULFUT,USDJPY,28JUL2027,-1.000000,1,FUTCUR,CDS,100000.000000,10000,False
1866,EURINR26SEP103.5CE,EURINR,28SEP2026,1035000000.000000,1,OPTCUR,CDS,25000.000000,10000,False
1874,USDJPY27JUN175.5CE,USDJPY,28JUN2027,1755000000.000000,1,OPTCUR,CDS,100000.000000,10000,False
1904,EURINR26SEP104CE,EURINR,28SEP2026,1040000000.000000,1,OPTCUR,CDS,25000.000000,10000,False
1905,EURINR26SEP104PE,EURINR,28SEP2026,1040000000.000000,1,OPTCUR,CDS,25000.000000,10000,False
1909,EURINR26O16109PE,EURINR,16OCT2026,1090000000.000000,1,OPTCUR,CDS,25000.000000,10000,False
1911,668GS204026SEP92.75PE,668GS2040,24SEP2026,927500000.000000,1,OPTIRC,CDS,25000.000000,1250,False
1925,EURINR26SEP104.75PE,EURINR,28SEP2026,1047500000.000000,1,OPTCUR,CDS,25000.000000,10000,False
1956,EURINR26SEP106.5CE,EURINR,28SEP2026,1065000000.000000,1,OPTCUR,CDS,25000.000000,10000,False
1965,EURINR26SEP107PE,EURINR,28SEP2026,1070000000.000000,1,OPTCUR,CDS,25000.000000,10000,False
1967,EURINR26SEP107.25PE,EURINR,28SEP2026,1072500000.000000,1,OPTCUR,CDS,25000.000000,10000,False
1971,EURINR26SEP107.5PE,EURINR,28SEP2026,1075000000.000000,1,OPTCUR,CDS,25000.000000,10000,False
2017,GBPINR26SEP113CE,GBPINR,28SEP2026,1130000000.000000,1,OPTCUR,CDS,25000.000000,10000,False
2041,EURUSD26SEP1.055PE,EURUSD,28SEP2026,10550000.000000,1,OPTCUR,CDS,1000.000000,10000,False
2046,EURUSD26SEP1.065CE,EURUSD,28SEP2026,10650000.000000,1,OPTCUR,CDS,1000.000000,10000,False
2060,668GS204026SEP91.5PE,668GS2040,24SEP2026,915000000.000000,1,OPTIRC,CDS,25000.000000,1250,False
2074,668GS204026DEC91.5CE,668GS2040,31DEC2026,915000000.000000,1,OPTIRC,CDS,25000.000000,1250,False
2081,EURINR26O16109.5PE,EURINR,16OCT2026,1095000000.000000,1,OPTCUR,CDS,25000.000000,10000,False
2091,EURUSD26SEP1.095CE,EURUSD,28SEP2026,10950000.000000,1,OPTCUR,CDS,1000.000000,10000,False
2106,EURUSD26SEP1.125CE,EURUSD,28SEP2026,11250000.000000,1,OPTCUR,CDS,1000.000000,10000,False
2118,EURINR26O09107CE,EURINR,09OCT2026,1070000000.000000,1,OPTCUR,CDS,25000.000000,10000,False
2122,EURUSD26NOV1.05PE,EURUSD,26NOV2026,10500000.000000,1,OPTCUR,CDS,1000.000000,10000,False
2136,EURUSD26SEP1.15CE,EURUSD,28SEP2026,11500000.000000,1,OPTCUR,CDS,1000.000000,10000,False
2142,EURUSD26SEP1.16PE,EURUSD,28SEP2026,11600000.000000,1,OPTCUR,CDS,1000.000000,10000,False
2161,EURINR26DEC103PE,EURINR,29DEC2026,1030000000.000000,1,OPTCUR,CDS,25000.000000,10000,False
2173,GBPUSD26SEP1.22PE,GBPUSD,28SEP2026,12200000.000000,1,OPTCUR,CDS,1000.000000,10000,False
2177,EURUSD26SEP1.18PE,EURUSD,28SEP2026,11800000.000000,1,OPTCUR,CDS,1000.000000,10000,False
2208,EURUSD26SEP1.215PE,EURUSD,28SEP2026,12150000.000000,1,OPTCUR,CDS,1000.000000,10000,False
2225,EURUSD26SEP1.24PE,EURUSD,28SEP2026,12400000.000000,1,OPTCUR,CDS,1000.000000,10000,False
2226,EURUSD26SEP1.245CE,EURUSD,28SEP2026,12450000.000000,1,OPTCUR,CDS,1000.000000,10000,False
2251,EURUSD26SEP1.265PE,EURUSD,28SEP2026,12650000.000000,1,OPTCUR,CDS,1000.000000,10000,False
2258,EURUSD26SEP1.27PE,EURUSD,28SEP2026,12700000.000000,1,OPTCUR,CDS,1000.000000,10000,False
2264,EURINR26O09108PE,EURINR,09OCT2026,1080000000.000000,1,OPTCUR,CDS,25000.000000,10000,False
2355,GBPINR26SEP116.75PE,GBPINR,28SEP2026,1167500000.000000,1,OPTCUR,CDS,25000.000000,10000,False
2283,EURUSD26SEP1.285PE,EURUSD,28SEP2026,12850000.000000,1,OPTCUR,CDS,1000.000000,10000,False
2289,GBPINR26SEP113.25CE,GBPINR,28SEP2026,1132500000.000000,1,OPTCUR,CDS,25000.000000,10000,False
2321,GBPINR26SEP115PE,GBPINR,28SEP2026,1150000000.000000,1,OPTCUR,CDS,25000.000000,10000,False
2367,GBPINR26SEP117.5CE,GBPINR,28SEP2026,1175000000.000000,1,OPTCUR,CDS,25000.000000,10000,False
2375,USDINR26O2394.125CE,USDINR,23OCT2026,941250000.000000,1,OPTCUR,CDS,25000.000000,10000,False
2378,EURUSD26NOV1.075CE,EURUSD,26NOV2026,10750000.000000,1,OPTCUR,CDS,1000.000000,10000,False
2423,EURINR26O09108.75PE,EURINR,09OCT2026,1087500000.000000,1,OPTCUR,CDS,25000.000000,10000,False
2434,GBPINR26SEP120CE,GBPINR,28SEP2026,1200000000.000000,1,OPTCUR,CDS,25000.000000,10000,False
2442,EURINR26918106.75CE,EURINR,18SEP2026,1067500000.000000,1,OPTCUR,CDS,25000.000000,10000,False
2452,EURINR26918107.25CE,EURINR,18SEP2026,1072500000.000000,1,OPTCUR,CDS,25000.000000,10000,False
2453,648GS203526SEP93.5CE,648GS2035,24SEP2026,935000000.000000,1,OPTIRC,CDS,25000.000000,1250,False
2464,EURINR26918107.25PE,EURINR,18SEP2026,1072500000.000000,1,OPTCUR,CDS,25000.000000,10000,False
2476,USDINR26DEC98.5CE,USDINR,29DEC2026,985000000.000000,1,OPTCUR,CDS,25000.000000,10000,False
2505,EURUSD26NOV1.11PE,EURUSD,26NOV2026,11100000.000000,1,OPTCUR,CDS,1000.000000,10000,False
2526,GBPINR26N20FUT,GBPINR,20NOV2026,-1.000000,1,FUTCUR,CDS,25000.000000,10000,False
2528,USDINR26N20FUT,USDINR,20NOV2026,-1.000000,1,FUTCUR,CDS,25000.000000,10000,False
2540,EURINR26918108.25CE,EURINR,18SEP2026,1082500000.000000,1,OPTCUR,CDS,25000.000000,10000,False
2545,EURINR26918108.25PE,EURINR,18SEP2026,1082500000.000000,1,OPTCUR,CDS,25000.000000,10000,False
2581,GBPINR26SEP123.25PE,GBPINR,28SEP2026,1232500000.000000,1,OPTCUR,CDS,25000.000000,10000,False
2600,EURINR26DEC103.75CE,EURINR,29DEC2026,1037500000.000000,1,OPTCUR,CDS,25000.000000,10000,False
2604,GBPINR26SEP124.5PE,GBPINR,28SEP2026,1245000000.000000,1,OPTCUR,CDS,25000.000000,10000,False
2639,GBPUSD26SEP1.235CE,GBPUSD,28SEP2026,12350000.000000,1,OPTCUR,CDS,1000.000000,10000,False
2646,GBPUSD26SEP1.24CE,GBPUSD,28SEP2026,12400000.000000,1,OPTCUR,CDS,1000.000000,10000,False
2664,GBPUSD26SEP1.255CE,GBPUSD,28SEP2026,12550000.000000,1,OPTCUR,CDS,1000.000000,10000,False
2687,GBPUSD26NOV1.23PE,GBPUSD,26NOV2026,12300000.000000,1,OPTCUR,CDS,1000.000000,10000,False
2704,GBPUSD26SEP1.285PE,GBPUSD,28SEP2026,12850000.000000,1,OPTCUR,CDS,1000.000000,10000,False
2709,GBPUSD26SEP1.295PE,GBPUSD,28SEP2026,12950000.000000,1,OPTCUR,CDS,1000.000000,10000,False
2733,EURINR26O09110.5PE,EURINR,09OCT2026,1105000000.000000,1,OPTCUR,CDS,25000.000000,10000,False
2746,GBPUSD26SEP1.32PE,GBPUSD,28SEP2026,13200000.000000,1,OPTCUR,CDS,1000.000000,10000,False
2766,EURINR26N20107.75CE,EURINR,20NOV2026,1077500000.000000,1,OPTCUR,CDS,25000.000000,10000,False
2785,GBPUSD26SEP1.35CE,GBPUSD,28SEP2026,13500000.000000,1,OPTCUR,CDS,1000.000000,10000,False
2804,GBPUSD26SEP1.365PE,GBPUSD,28SEP2026,13650000.000000,1,OPTCUR,CDS,1000.000000,10000,False
2808,EURINR26N20108.25PE,EURINR,20NOV2026,1082500000.000000,1,OPTCUR,CDS,25000.000000,10000,False
2809,GBPUSD26SEP1.37CE,GBPUSD,28SEP2026,13700000.000000,1,OPTCUR,CDS,1000.000000,10000,False
2811,EURINR26918110.25PE,EURINR,18SEP2026,1102500000.000000,1,OPTCUR,CDS,25000.000000,10000,False
2824,GBPUSD26SEP1.385PE,GBPUSD,28SEP2026,13850000.000000,1,OPTCUR,CDS,1000.000000,10000,False
2831,GBPUSD26SEP1.39PE,GBPUSD,28SEP2026,13900000.000000,1,OPTCUR,CDS,1000.000000,10000,False
2841,GBPUSD26SEP1.405PE,GBPUSD,28SEP2026,14050000.000000,1,OPTCUR,CDS,1000.000000,10000,False
2874,EURINR26918111.5CE,EURINR,18SEP2026,1115000000.000000,1,OPTCUR,CDS,25000.000000,10000,False
2890,EURINR26918112.75PE,EURINR,18SEP2026,1127500000.000000,1,OPTCUR,CDS,25000.000000,10000,False
2899,GBPINR26SEP125.75CE,GBPINR,28SEP2026,1257500000.000000,1,OPTCUR,CDS,25000.000000,10000,False
2901,GBPUSD26SEP1.47CE,GBPUSD,28SEP2026,14700000.000000,1,OPTCUR,CDS,1000.000000,10000,False
2904,GBPINR27MARFUT,GBPINR,29MAR2027,-1.000000,1,FUTCUR,CDS,25000.000000,10000,False
2909,EURUSD26NOV1.13CE,EURUSD,26NOV2026,11300000.000000,1,OPTCUR,CDS,1000.000000,10000,False
2923,EURINR26N20109.5CE,EURINR,20NOV2026,1095000000.000000,1,OPTCUR,CDS,25000.000000,10000,False
2933,EURINR26O09112.25CE,EURINR,09OCT2026,1122500000.000000,1,OPTCUR,CDS,25000.000000,10000,False
2946,EURINR26N20109.75CE,EURINR,20NOV2026,1097500000.000000,1,OPTCUR,CDS,25000.000000,10000,False
2974,EURUSD26NOV1.16PE,EURUSD,26NOV2026,11600000.000000,1,OPTCUR,CDS,1000.000000,10000,False
3029,GBPINR26SEP128.25CE,GBPINR,28SEP2026,1282500000.000000,1,OPTCUR,CDS,25000.000000,10000,False
3048,EURUSD26NOV1.18CE,EURUSD,26NOV2026,11800000.000000,1,OPTCUR,CDS,1000.000000,10000,False
3057,EURINR26O09113.75CE,EURINR,09OCT2026,1137500000.000000,1,OPTCUR,CDS,25000.000000,10000,False
3082,EURINR26N20111.25CE,EURINR,20NOV2026,1112500000.000000,1,OPTCUR,CDS,25000.000000,10000,False
3115,EURINR26N20112.5CE,EURINR,20NOV2026,1125000000.000000,1,OPTCUR,CDS,25000.000000,10000,False
3120,USDJPY26DEC173PE,USDJPY,29DEC2026,1730000000.000000,1,OPTCUR,CDS,100000.000000,10000,False
3122,USDJPY27MAR171.5CE,USDJPY,29MAR2027,1715000000.000000,1,OPTCUR,CDS,100000.000000,10000,False
3125,USDJPY27MAR172CE,USDJPY,29MAR2027,1720000000.000000,1,OPTCUR,CDS,100000.000000,10000,False
3143,USDJPY26SEP166PE,USDJPY,28SEP2026,1660000000.000000,1,OPTCUR,CDS,100000.000000,10000,False
3149,EURINR26N20113CE,EURINR,20NOV2026,1130000000.000000,1,OPTCUR,CDS,25000.000000,10000,False
3154,EURINR27MAR104CE,EURINR,29MAR2027,1040000000.000000,1,OPTCUR,CDS,25000.000000,10000,False
3155,EURINR27MAR104PE,EURINR,29MAR2027,1040000000.000000,1,OPTCUR,CDS,25000.000000,10000,False
3161,EURINR27MAR104.25PE,EURINR,29MAR2027,1042500000.000000,1,OPTCUR,CDS,25000.000000,10000,False
3179,EURINR27MAR104.75PE,EURINR,29MAR2027,1047500000.000000,1,OPTCUR,CDS,25000.000000,10000,False
3188,EURINR26O09115CE,EURINR,09OCT2026,1150000000.000000,1,OPTCUR,CDS,25000.000000,10000,False
3201,EURINR26N20113.5PE,EURINR,20NOV2026,1135000000.000000,1,OPTCUR,CDS,25000.000000,10000,False
3234,EURUSD26NOV1.2PE,EURUSD,26NOV2026,12000000.000000,1,OPTCUR,CDS,1000.000000,10000,False
3266,GBPINR26918123.75CE,GBPINR,18SEP2026,1237500000.000000,1,OPTCUR,CDS,25000.000000,10000,False
3278,EURINR27MAR106.25PE,EURINR,29MAR2027,1062500000.000000,1,OPTCUR,CDS,25000.000000,10000,False
3315,EURINR27MAR106.75CE,EURINR,29MAR2027,1067500000.000000,1,OPTCUR,CDS,25000.000000,10000,False
3316,EURINR27MAR106.75PE,EURINR,29MAR2027,1067500000.000000,1,OPTCUR,CDS,25000.000000,10000,False
3375,EURINR27MAR109CE,EURINR,29MAR2027,1090000000.000000,1,OPTCUR,CDS,25000.000000,10000,False
3376,EURINR27MAR109PE,EURINR,29MAR2027,1090000000.000000,1,OPTCUR,CDS,25000.000000,10000,False
3391,679GS203426SEP97.25PE,679GS2034,24SEP2026,972500000.000000,1,OPTIRC,CDS,25000.000000,1250,False
3421,EURINR27MAR111.75CE,EURINR,29MAR2027,1117500000.000000,1,OPTCUR,CDS,25000.000000,10000,False
3456,EURINR27MAR113.75CE,EURINR,29MAR2027,1137500000.000000,1,OPTCUR,CDS,25000.000000,10000,False
3476,EURINR26N27108PE,EURINR,27NOV2026,1080000000.000000,1,OPTCUR,CDS,25000.000000,10000,False
3502,EURINR26DEC106.5PE,EURINR,29DEC2026,1065000000.000000,1,OPTCUR,CDS,25000.000000,10000,False
3523,EURUSD27MAR1.055PE,EURUSD,29MAR2027,10550000.000000,1,OPTCUR,CDS,1000.000000,10000,False
3526,EURUSD27MAR1.06CE,EURUSD,29MAR2027,10600000.000000,1,OPTCUR,CDS,1000.000000,10000,False
3567,EURINR26N27111PE,EURINR,27NOV2026,1110000000.000000,1,OPTCUR,CDS,25000.000000,10000,False
3575,GBPUSD26SEP1.45CE,GBPUSD,28SEP2026,14500000.000000,1,OPTCUR,CDS,1000.000000,10000,False
3582,EURUSD27MAR1.09CE,EURUSD,29MAR2027,10900000.000000,1,OPTCUR,CDS,1000.000000,10000,False
3595,GBPINR26918126.25PE,GBPINR,18SEP2026,1262500000.000000,1,OPTCUR,CDS,25000.000000,10000,False
3606,EURUSD27MAR1.11PE,EURUSD,29MAR2027,11100000.000000,1,OPTCUR,CDS,1000.000000,10000,False
3609,668GS204026SEP90.75PE,668GS2040,24SEP2026,907500000.000000,1,OPTIRC,CDS,25000.000000,1250,False
3628,GBPINR26918127.25CE,GBPINR,18SEP2026,1272500000.000000,1,OPTCUR,CDS,25000.000000,10000,False
3641,EURINR26N27113.25PE,EURINR,27NOV2026,1132500000.000000,1,OPTCUR,CDS,25000.000000,10000,False
3678,EURUSD27MAR1.115PE,EURUSD,29MAR2027,11150000.000000,1,OPTCUR,CDS,1000.000000,10000,False
3688,EURUSD26NOV1.035CE,EURUSD,26NOV2026,10350000.000000,1,OPTCUR,CDS,1000.000000,10000,False
3698,EURUSD27MAR1.13CE,EURUSD,29MAR2027,11300000.000000,1,OPTCUR,CDS,1000.000000,10000,False
3715,EURUSD27MAR1.155CE,EURUSD,29MAR2027,11550000.000000,1,OPTCUR,CDS,1000.000000,10000,False
3729,EURUSD26NOV1.245CE,EURUSD,26NOV2026,12450000.000000,1,OPTCUR,CDS,1000.000000,10000,False
3760,GBPINR26N27126PE,GBPINR,27NOV2026,1260000000.000000,1,OPTCUR,CDS,25000.000000,10000,False
3782,EURUSD27MAR1.18CE,EURUSD,29MAR2027,11800000.000000,1,OPTCUR,CDS,1000.000000,10000,False
3785,EURUSD27MAR1.185CE,EURUSD,29MAR2027,11850000.000000,1,OPTCUR,CDS,1000.000000,10000,False
3788,EURUSD27MAR1.19CE,EURUSD,29MAR2027,11900000.000000,1,OPTCUR,CDS,1000.000000,10000,False
3798,GBPINR26N20125.75CE,GBPINR,20NOV2026,1257500000.000000,1,OPTCUR,CDS,25000.000000,10000,False
3802,EURUSD27MAR1.21CE,EURUSD,29MAR2027,12100000.000000,1,OPTCUR,CDS,1000.000000,10000,False
3812,GBPINR26N27128.25CE,GBPINR,27NOV2026,1282500000.000000,1,OPTCUR,CDS,25000.000000,10000,False
3835,GBPINR26918128.75CE,GBPINR,18SEP2026,1287500000.000000,1,OPTCUR,CDS,25000.000000,10000,False
3839,EURUSD27MAR1.245PE,EURUSD,29MAR2027,12450000.000000,1,OPTCUR,CDS,1000.000000,10000,False
3862,GBPINR26918129.25PE,GBPINR,18SEP2026,1292500000.000000,1,OPTCUR,CDS,25000.000000,10000,False
3874,GBPINR26N20126.25PE,GBPINR,20NOV2026,1262500000.000000,1,OPTCUR,CDS,25000.000000,10000,False
3892,GBPINR26N20127CE,GBPINR,20NOV2026,1270000000.000000,1,OPTCUR,CDS,25000.000000,10000,False
3902,EURINR26O16114.5PE,EURINR,16OCT2026,1145000000.000000,1,OPTCUR,CDS,25000.000000,10000,False
3915,EURUSD26NOV1.265PE,EURUSD,26NOV2026,12650000.000000,1,OPTCUR,CDS,1000.000000,10000,False
3924,GBPINR26N20128.25PE,GBPINR,20NOV2026,1282500000.000000,1,OPTCUR,CDS,25000.000000,10000,False
3925,GBPINR26O09124.5CE,GBPINR,09OCT2026,1245000000.000000,1,OPTCUR,CDS,25000.000000,10000,False
3927,EURINR26O16114.75PE,EURINR,16OCT2026,1147500000.000000,1,OPTCUR,CDS,25000.000000,10000,False
3937,GBPINR26SEP128CE,GBPINR,28SEP2026,1280000000.000000,1,OPTCUR,CDS,25000.000000,10000,False
3946,EURUSD26NOV1.275PE,EURUSD,26NOV2026,12750000.000000,1,OPTCUR,CDS,1000.000000,10000,False
3962,GBPINR26N20129PE,GBPINR,20NOV2026,1290000000.000000,1,OPTCUR,CDS,25000.000000,10000,False
40,R-GOI7.17%2028,R717GS2028,,-1.000000,1,UNDIRC,CDS,25000.000000,1250,False
3976,GBPINR26O09125PE,GBPINR,09OCT2026,1250000000.000000,1,OPTCUR,CDS,25000.000000,10000,False
3991,EURINR26O30108CE,EURINR,30OCT2026,1080000000.000000,1,OPTCUR,CDS,25000.000000,10000,False
3999,EURUSD26NOV1.285CE,EURUSD,26NOV2026,12850000.000000,1,OPTCUR,CDS,1000.000000,10000,False
4003,EURUSD26NOV1.29CE,EURUSD,26NOV2026,12900000.000000,1,OPTCUR,CDS,1000.000000,10000,False
4012,GBPINR26N20129.75CE,GBPINR,20NOV2026,1297500000.000000,1,OPTCUR,CDS,25000.000000,10000,False
4016,GBPINR26N20130CE,GBPINR,20NOV2026,1300000000.000000,1,OPTCUR,CDS,25000.000000,10000,False
4020,GBPINR26N20130.25PE,GBPINR,20NOV2026,1302500000.000000,1,OPTCUR,CDS,25000.000000,10000,False
41,EURUSD,EURUSD,,-1.000000,1,UNDCUR,CDS,1000.000000,10000,False
4040,GBPINR26N27128.75CE,GBPINR,27NOV2026,1287500000.000000,1,OPTCUR,CDS,25000.000000,10000,False
4056,GBPINR26N20131.25PE,GBPINR,20NOV2026,1312500000.000000,1,OPTCUR,CDS,25000.000000,10000,False
4091,EURINR27JUN104.25CE,EURINR,28JUN2027,1042500000.000000,1,OPTCUR,CDS,25000.000000,10000,False
4128,EURINR27JUN105PE,EURINR,28JUN2027,1050000000.000000,1,OPTCUR,CDS,25000.000000,10000,False
4135,USDJPY27MAR146CE,USDJPY,29MAR2027,1460000000.000000,1,OPTCUR,CDS,100000.000000,10000,False
4139,EURINR27JUN105.75PE,EURINR,28JUN2027,1057500000.000000,1,OPTCUR,CDS,25000.000000,10000,False
4146,EURINR27JUN106.5CE,EURINR,28JUN2027,1065000000.000000,1,OPTCUR,CDS,25000.000000,10000,False
4170,EURINR27JUN108.75PE,EURINR,28JUN2027,1087500000.000000,1,OPTCUR,CDS,25000.000000,10000,False
4181,EURINR27JUN109.75PE,EURINR,28JUN2027,1097500000.000000,1,OPTCUR,CDS,25000.000000,10000,False
4189,GBPINR26N27129.5CE,GBPINR,27NOV2026,1295000000.000000,1,OPTCUR,CDS,25000.000000,10000,False
4190,GBPINR26N27129.5PE,GBPINR,27NOV2026,1295000000.000000,1,OPTCUR,CDS,25000.000000,10000,False
4191,EURINR27JUN110.75CE,EURINR,28JUN2027,1107500000.000000,1,OPTCUR,CDS,25000.000000,10000,False
4202,GBPINR26O09125.75PE,GBPINR,09OCT2026,1257500000.000000,1,OPTCUR,CDS,25000.000000,10000,False
4205,GBPINR26O09126CE,GBPINR,09OCT2026,1260000000.000000,1,OPTCUR,CDS,25000.000000,10000,False
4224,EURINR27JUN112.75PE,EURINR,28JUN2027,1127500000.000000,1,OPTCUR,CDS,25000.000000,10000,False
4242,EURUSD27JUN1.015PE,EURUSD,28JUN2027,10150000.000000,1,OPTCUR,CDS,1000.000000,10000,False
4249,EURUSD27JUN1.035CE,EURUSD,28JUN2027,10350000.000000,1,OPTCUR,CDS,1000.000000,10000,False
4264,EURUSD27JUN1.265CE,EURUSD,28JUN2027,12650000.000000,1,OPTCUR,CDS,1000.000000,10000,False
4278,GBPUSD26DEC1.195PE,GBPUSD,29DEC2026,11950000.000000,1,OPTCUR,CDS,1000.000000,10000,False
4281,GBPUSD27MAR1.2CE,GBPUSD,29MAR2027,12000000.000000,1,OPTCUR,CDS,1000.000000,10000,False
4286,EURUSD27JUN1.055CE,EURUSD,28JUN2027,10550000.000000,1,OPTCUR,CDS,1000.000000,10000,False
4288,EURUSD27JUN1.06CE,EURUSD,28JUN2027,10600000.000000,1,OPTCUR,CDS,1000.000000,10000,False
4292,EURINR26DEC108.75PE,EURINR,29DEC2026,1087500000.000000,1,OPTCUR,CDS,25000.000000,10000,False
4319,EURUSD27JUN1.115CE,EURUSD,28JUN2027,11150000.000000,1,OPTCUR,CDS,1000.000000,10000,False
4298,EURUSD27JUN1.075CE,EURUSD,28JUN2027,10750000.000000,1,OPTCUR,CDS,1000.000000,10000,False
4304,EURUSD27JUN1.085PE,EURUSD,28JUN2027,10850000.000000,1,OPTCUR,CDS,1000.000000,10000,False
4312,EURUSD27JUN1.105CE,EURUSD,28JUN2027,11050000.000000,1,OPTCUR,CDS,1000.000000,10000,False
4324,EURUSD27JUN1.12PE,EURUSD,28JUN2027,11200000.000000,1,OPTCUR,CDS,1000.000000,10000,False
4328,EURUSD27JUN1.13PE,EURUSD,28JUN2027,11300000.000000,1,OPTCUR,CDS,1000.000000,10000,False
4344,EURUSD27JUN1.16PE,EURUSD,28JUN2027,11600000.000000,1,OPTCUR,CDS,1000.000000,10000,False
4370,EURUSD27JUN1.215PE,EURUSD,28JUN2027,12150000.000000,1,OPTCUR,CDS,1000.000000,10000,False
4376,GBPUSD27JUN1.46CE,GBPUSD,28JUN2027,14600000.000000,1,OPTCUR,CDS,1000.000000,10000,False
4380,EURUSD27JUN1.235PE,EURUSD,28JUN2027,12350000.000000,1,OPTCUR,CDS,1000.000000,10000,False
4386,EURUSD27JUN1.25PE,EURUSD,28JUN2027,12500000.000000,1,OPTCUR,CDS,1000.000000,10000,False
4400,GBPINR26O09127.5CE,GBPINR,09OCT2026,1275000000.000000,1,OPTCUR,CDS,25000.000000,10000,False
4421,EURUSD26OCT1.27PE,EURUSD,28OCT2026,12700000.000000,1,OPTCUR,CDS,1000.000000,10000,False
4440,EURINR26O30108.75CE,EURINR,30OCT2026,1087500000.000000,1,OPTCUR,CDS,25000.000000,10000,False
4454,GBPINR26NOV126.25CE,GBPINR,26NOV2026,1262500000.000000,1,OPTCUR,CDS,25000.000000,10000,False
4456,GBPINR26NOV126.5CE,GBPINR,26NOV2026,1265000000.000000,1,OPTCUR,CDS,25000.000000,10000,False
4467,GBPINR26918131.75PE,GBPINR,18SEP2026,1317500000.000000,1,OPTCUR,CDS,25000.000000,10000,False
4503,EURINR26OCT109PE,EURINR,28OCT2026,1090000000.000000,1,OPTCUR,CDS,25000.000000,10000,False
4475,GBPINR26O09128CE,GBPINR,09OCT2026,1280000000.000000,1,OPTCUR,CDS,25000.000000,10000,False
4491,GBPINR26918132.5CE,GBPINR,18SEP2026,1325000000.000000,1,OPTCUR,CDS,25000.000000,10000,False
4522,GBPINR27JUN131.75PE,GBPINR,28JUN2027,1317500000.000000,1,OPTCUR,CDS,25000.000000,10000,False
4547,USDINR2691896.375CE,USDINR,18SEP2026,963750000.000000,1,OPTCUR,CDS,25000.000000,10000,False
4552,EURINR26925FUT,EURINR,25SEP2026,-1.000000,1,FUTCUR,CDS,25000.000000,10000,False
4563,USDINR26925FUT,USDINR,25SEP2026,-1.000000,1,FUTCUR,CDS,25000.000000,10000,False
4566,GBPINR27JUN121.75PE,GBPINR,28JUN2027,1217500000.000000,1,OPTCUR,CDS,25000.000000,10000,False
4569,GBPINR27JUN132.25CE,GBPINR,28JUN2027,1322500000.000000,1,OPTCUR,CDS,25000.000000,10000,False
4577,GBPINR27JUN132.5PE,GBPINR,28JUN2027,1325000000.000000,1,OPTCUR,CDS,25000.000000,10000,False
4586,GBPINR27JUN122PE,GBPINR,28JUN2027,1220000000.000000,1,OPTCUR,CDS,25000.000000,10000,False
4596,EURINR26918115CE,EURINR,18SEP2026,1150000000.000000,1,OPTCUR,CDS,25000.000000,10000,False
4597,EURINR26918115PE,EURINR,18SEP2026,1150000000.000000,1,OPTCUR,CDS,25000.000000,10000,False
4622,GBPINR27JUN123.25PE,GBPINR,28JUN2027,1232500000.000000,1,OPTCUR,CDS,25000.000000,10000,False
4625,GBPINR27JUN123.75CE,GBPINR,28JUN2027,1237500000.000000,1,OPTCUR,CDS,25000.000000,10000,False
4694,USDINR26O0994.625PE,USDINR,09OCT2026,946250000.000000,1,OPTCUR,CDS,25000.000000,10000,False
4719,USDINR26O1694.625CE,USDINR,16OCT2026,946250000.000000,1,OPTCUR,CDS,25000.000000,10000,False
4727,GBPINR27MAR121.25CE,GBPINR,29MAR2027,1212500000.000000,1,OPTCUR,CDS,25000.000000,10000,False
4739,JPYINR2691855.75PE,JPYINR,18SEP2026,557500000.000000,1,OPTCUR,CDS,25000.000000,10000,False
4754,EURINR26O30109.75PE,EURINR,30OCT2026,1097500000.000000,1,OPTCUR,CDS,25000.000000,10000,False
4802,EURINR26O30110.75PE,EURINR,30OCT2026,1107500000.000000,1,OPTCUR,CDS,25000.000000,10000,False
4803,EURINR26O30111CE,EURINR,30OCT2026,1110000000.000000,1,OPTCUR,CDS,25000.000000,10000,False
4815,EURINR26O30111.5CE,EURINR,30OCT2026,1115000000.000000,1,OPTCUR,CDS,25000.000000,10000,False
4822,JPYINR2691858.25CE,JPYINR,18SEP2026,582500000.000000,1,OPTCUR,CDS,25000.000000,10000,False
4823,JPYINR2691858.25PE,JPYINR,18SEP2026,582500000.000000,1,OPTCUR,CDS,25000.000000,10000,False
4862,USDJPY27JUN145CE,USDJPY,28JUN2027,1450000000.000000,1,OPTCUR,CDS,100000.000000,10000,False
4869,JPYINR2691859PE,JPYINR,18SEP2026,590000000.000000,1,OPTCUR,CDS,25000.000000,10000,False
4901,GBPINR27MAR121.75CE,GBPINR,29MAR2027,1217500000.000000,1,OPTCUR,CDS,25000.000000,10000,False
4903,JPYINR2691859.75PE,JPYINR,18SEP2026,597500000.000000,1,OPTCUR,CDS,25000.000000,10000,False
4904,EURINR26O30111.5PE,EURINR,30OCT2026,1115000000.000000,1,OPTCUR,CDS,25000.000000,10000,False
4915,USDJPY26DEC169.5PE,USDJPY,29DEC2026,1695000000.000000,1,OPTCUR,CDS,100000.000000,10000,False
4931,EURINR26925107PE,EURINR,25SEP2026,1070000000.000000,1,OPTCUR,CDS,25000.000000,10000,False
4938,EURINR26925108CE,EURINR,25SEP2026,1080000000.000000,1,OPTCUR,CDS,25000.000000,10000,False
4946,GBPINR27JUN125PE,GBPINR,28JUN2027,1250000000.000000,1,OPTCUR,CDS,25000.000000,10000,False
4955,EURINR26925109.25PE,EURINR,25SEP2026,1092500000.000000,1,OPTCUR,CDS,25000.000000,10000,False
4962,EURINR26925110.25CE,EURINR,25SEP2026,1102500000.000000,1,OPTCUR,CDS,25000.000000,10000,False
5013,EURINR26925113CE,EURINR,25SEP2026,1130000000.000000,1,OPTCUR,CDS,25000.000000,10000,False
5028,EURUSD26SEP1.035CE,EURUSD,28SEP2026,10350000.000000,1,OPTCUR,CDS,1000.000000,10000,False
5039,EURINR26O30112.75CE,EURINR,30OCT2026,1127500000.000000,1,OPTCUR,CDS,25000.000000,10000,False
5059,GBPINR27JUN127PE,GBPINR,28JUN2027,1270000000.000000,1,OPTCUR,CDS,25000.000000,10000,False
5073,JPYINR2691861.25CE,JPYINR,18SEP2026,612500000.000000,1,OPTCUR,CDS,25000.000000,10000,False
5089,JPYINR2691862CE,JPYINR,18SEP2026,620000000.000000,1,OPTCUR,CDS,25000.000000,10000,False
5106,USDJPY27JUN146.5PE,USDJPY,28JUN2027,1465000000.000000,1,OPTCUR,CDS,100000.000000,10000,False
5109,EURINR26O30115PE,EURINR,30OCT2026,1150000000.000000,1,OPTCUR,CDS,25000.000000,10000,False
5187,GBPUSD26SEP1.21PE,GBPUSD,28SEP2026,12100000.000000,1,OPTCUR,CDS,1000.000000,10000,False
5193,GBPINR26O09129.75PE,GBPINR,09OCT2026,1297500000.000000,1,OPTCUR,CDS,25000.000000,10000,False
5195,JPYINR2691863.5CE,JPYINR,18SEP2026,635000000.000000,1,OPTCUR,CDS,25000.000000,10000,False
5202,JPYINR2691863.5PE,JPYINR,18SEP2026,635000000.000000,1,OPTCUR,CDS,25000.000000,10000,False
5203,GBPINR26O09130.5CE,GBPINR,09OCT2026,1305000000.000000,1,OPTCUR,CDS,25000.000000,10000,False
5211,USDJPY27JUN147PE,USDJPY,28JUN2027,1470000000.000000,1,OPTCUR,CDS,100000.000000,10000,False
5214,EURINR26DEC110.5CE,EURINR,29DEC2026,1105000000.000000,1,OPTCUR,CDS,25000.000000,10000,False
5246,JPYINR2691864PE,JPYINR,18SEP2026,640000000.000000,1,OPTCUR,CDS,25000.000000,10000,False
5256,JPYINR2691864.5CE,JPYINR,18SEP2026,645000000.000000,1,OPTCUR,CDS,25000.000000,10000,False
5257,JPYINR2691864.5PE,JPYINR,18SEP2026,645000000.000000,1,OPTCUR,CDS,25000.000000,10000,False
5294,GBPINR26O09132PE,GBPINR,09OCT2026,1320000000.000000,1,OPTCUR,CDS,25000.000000,10000,False
5305,GBPINR26925126.25CE,GBPINR,25SEP2026,1262500000.000000,1,OPTCUR,CDS,25000.000000,10000,False
5309,EURINR26OCT110.5CE,EURINR,28OCT2026,1105000000.000000,1,OPTCUR,CDS,25000.000000,10000,False
5341,EURINR26OCT111.75PE,EURINR,28OCT2026,1117500000.000000,1,OPTCUR,CDS,25000.000000,10000,False
5359,EURINR26DEC113.25PE,EURINR,29DEC2026,1132500000.000000,1,OPTCUR,CDS,25000.000000,10000,False
5375,GBPINR26925128.25CE,GBPINR,25SEP2026,1282500000.000000,1,OPTCUR,CDS,25000.000000,10000,False
5396,GBPINR27JUN127.75PE,GBPINR,28JUN2027,1277500000.000000,1,OPTCUR,CDS,25000.000000,10000,False
5417,EURINR26OCT113PE,EURINR,28OCT2026,1130000000.000000,1,OPTCUR,CDS,25000.000000,10000,False
5439,EURINR26OCT113.25PE,EURINR,28OCT2026,1132500000.000000,1,OPTCUR,CDS,25000.000000,10000,False
5468,GBPINR27JUN129.5PE,GBPINR,28JUN2027,1295000000.000000,1,OPTCUR,CDS,25000.000000,10000,False
5490,EURINR26OCT114.5CE,EURINR,28OCT2026,1145000000.000000,1,OPTCUR,CDS,25000.000000,10000,False
5494,GBPINR26O16125.25PE,GBPINR,16OCT2026,1252500000.000000,1,OPTCUR,CDS,25000.000000,10000,False
5495,GBPINR26O16125.5CE,GBPINR,16OCT2026,1255000000.000000,1,OPTCUR,CDS,25000.000000,10000,False
5501,GBPINR26925132.5CE,GBPINR,25SEP2026,1325000000.000000,1,OPTCUR,CDS,25000.000000,10000,False
5512,GBPINR26925132.75PE,GBPINR,25SEP2026,1327500000.000000,1,OPTCUR,CDS,25000.000000,10000,False
5540,GBPINR27JUN133.5PE,GBPINR,28JUN2027,1335000000.000000,1,OPTCUR,CDS,25000.000000,10000,False
5548,EURINR26OCT115PE,EURINR,28OCT2026,1150000000.000000,1,OPTCUR,CDS,25000.000000,10000,False
5560,EURUSD26DEC1.09PE,EURUSD,29DEC2026,10900000.000000,1,OPTCUR,CDS,1000.000000,10000,False
5562,EURUSD26DEC1.095CE,EURUSD,29DEC2026,10950000.000000,1,OPTCUR,CDS,1000.000000,10000,False
5588,EURUSD26DEC1.125CE,EURUSD,29DEC2026,11250000.000000,1,OPTCUR,CDS,1000.000000,10000,False
5624,EURUSD26OCT1.03PE,EURUSD,28OCT2026,10300000.000000,1,OPTCUR,CDS,1000.000000,10000,False
5625,EURUSD26OCT1.035CE,EURUSD,28OCT2026,10350000.000000,1,OPTCUR,CDS,1000.000000,10000,False
5634,EURUSD26DEC1.145CE,EURUSD,29DEC2026,11450000.000000,1,OPTCUR,CDS,1000.000000,10000,False
5640,JPYINR26N2059.5PE,JPYINR,20NOV2026,595000000.000000,1,OPTCUR,CDS,25000.000000,10000,False
5642,JPYINR26SEP54.25PE,JPYINR,28SEP2026,542500000.000000,1,OPTCUR,CDS,25000.000000,10000,False
5675,EURINR26O23107.25PE,EURINR,23OCT2026,1072500000.000000,1,OPTCUR,CDS,25000.000000,10000,False
5682,EURINR26O23107.75PE,EURINR,23OCT2026,1077500000.000000,1,OPTCUR,CDS,25000.000000,10000,False
5684,USDJPY26OCT149CE,USDJPY,28OCT2026,1490000000.000000,1,OPTCUR,CDS,100000.000000,10000,False
5728,EURINR26O23108.5PE,EURINR,23OCT2026,1085000000.000000,1,OPTCUR,CDS,25000.000000,10000,False
5733,EURINR26O23108.75PE,EURINR,23OCT2026,1087500000.000000,1,OPTCUR,CDS,25000.000000,10000,False
5737,EURINR26O23109.25PE,EURINR,23OCT2026,1092500000.000000,1,OPTCUR,CDS,25000.000000,10000,False
5749,JPYINR2692556CE,JPYINR,25SEP2026,560000000.000000,1,OPTCUR,CDS,25000.000000,10000,False
5751,EURINR26O23109.75CE,EURINR,23OCT2026,1097500000.000000,1,OPTCUR,CDS,25000.000000,10000,False
5754,JPYINR2692556.25CE,JPYINR,25SEP2026,562500000.000000,1,OPTCUR,CDS,25000.000000,10000,False
5772,EURUSD26DEC1.18CE,EURUSD,29DEC2026,11800000.000000,1,OPTCUR,CDS,1000.000000,10000,False
5795,JPYINR2692557.5PE,JPYINR,25SEP2026,575000000.000000,1,OPTCUR,CDS,25000.000000,10000,False
5800,USDINR2691892.75PE,USDINR,18SEP2026,927500000.000000,1,OPTCUR,CDS,25000.000000,10000,False
5802,EURUSD26DEC1.185CE,EURUSD,29DEC2026,11850000.000000,1,OPTCUR,CDS,1000.000000,10000,False
5809,EURINR26O23110.5CE,EURINR,23OCT2026,1105000000.000000,1,OPTCUR,CDS,25000.000000,10000,False
5812,EURINR26O23110.75PE,EURINR,23OCT2026,1107500000.000000,1,OPTCUR,CDS,25000.000000,10000,False
5818,EURINR26O23111PE,EURINR,23OCT2026,1110000000.000000,1,OPTCUR,CDS,25000.000000,10000,False
5821,EURUSD26OCT1.06PE,EURUSD,28OCT2026,10600000.000000,1,OPTCUR,CDS,1000.000000,10000,False
5829,EURINR26O23112CE,EURINR,23OCT2026,1120000000.000000,1,OPTCUR,CDS,25000.000000,10000,False
5838,EURINR26O23112.5CE,EURINR,23OCT2026,1125000000.000000,1,OPTCUR,CDS,25000.000000,10000,False
5867,EURUSD26OCT1.075PE,EURUSD,28OCT2026,10750000.000000,1,OPTCUR,CDS,1000.000000,10000,False
5869,EURUSD26OCT1.08CE,EURUSD,28OCT2026,10800000.000000,1,OPTCUR,CDS,1000.000000,10000,False
5894,EURINR26O23113.75CE,EURINR,23OCT2026,1137500000.000000,1,OPTCUR,CDS,25000.000000,10000,False
5895,EURINR26O23113.75PE,EURINR,23OCT2026,1137500000.000000,1,OPTCUR,CDS,25000.000000,10000,False
5897,EURINR26O23114CE,EURINR,23OCT2026,1140000000.000000,1,OPTCUR,CDS,25000.000000,10000,False
5898,EURUSD26OCT1.09CE,EURUSD,28OCT2026,10900000.000000,1,OPTCUR,CDS,1000.000000,10000,False
5907,EURINR26O23114.25PE,EURINR,23OCT2026,1142500000.000000,1,OPTCUR,CDS,25000.000000,10000,False
5913,USDINR2691894CE,USDINR,18SEP2026,940000000.000000,1,OPTCUR,CDS,25000.000000,10000,False
5921,EURUSD26OCT1.1CE,EURUSD,28OCT2026,11000000.000000,1,OPTCUR,CDS,1000.000000,10000,False
5928,EURUSD26OCT1.11PE,EURUSD,28OCT2026,11100000.000000,1,OPTCUR,CDS,1000.000000,10000,False
5932,EURUSD26OCT1.115PE,EURUSD,28OCT2026,11150000.000000,1,OPTCUR,CDS,1000.000000,10000,False
5945,USDINR2691894.5PE,USDINR,18SEP2026,945000000.000000,1,OPTCUR,CDS,25000.000000,10000,False
5950,EURUSD26DEC1.2CE,EURUSD,29DEC2026,12000000.000000,1,OPTCUR,CDS,1000.000000,10000,False
5978,JPYINR2692561CE,JPYINR,25SEP2026,610000000.000000,1,OPTCUR,CDS,25000.000000,10000,False
5995,JPYINR26N2061CE,JPYINR,20NOV2026,610000000.000000,1,OPTCUR,CDS,25000.000000,10000,False
6010,EURUSD26DEC1.225CE,EURUSD,29DEC2026,12250000.000000,1,OPTCUR,CDS,1000.000000,10000,False
6029,EURUSD26DEC1.235PE,EURUSD,29DEC2026,12350000.000000,1,OPTCUR,CDS,1000.000000,10000,False
6040,USDJPY27JUN147.5CE,USDJPY,28JUN2027,1475000000.000000,1,OPTCUR,CDS,100000.000000,10000,False
6056,GBPINR26O30126.25CE,GBPINR,30OCT2026,1262500000.000000,1,OPTCUR,CDS,25000.000000,10000,False
6057,GBPINR26O30126.25PE,GBPINR,30OCT2026,1262500000.000000,1,OPTCUR,CDS,25000.000000,10000,False
6063,GBPINR26O30126.5PE,GBPINR,30OCT2026,1265000000.000000,1,OPTCUR,CDS,25000.000000,10000,False
6076,JPYINR2692561.25CE,JPYINR,25SEP2026,612500000.000000,1,OPTCUR,CDS,25000.000000,10000,False
6077,JPYINR2692561.25PE,JPYINR,25SEP2026,612500000.000000,1,OPTCUR,CDS,25000.000000,10000,False
6078,JPYINR26N2061.25PE,JPYINR,20NOV2026,612500000.000000,1,OPTCUR,CDS,25000.000000,10000,False
6080,JPYINR26N2061.5PE,JPYINR,20NOV2026,615000000.000000,1,OPTCUR,CDS,25000.000000,10000,False
6090,JPYINR2692561.5CE,JPYINR,25SEP2026,615000000.000000,1,OPTCUR,CDS,25000.000000,10000,False
6121,GBPINR26O30127CE,GBPINR,30OCT2026,1270000000.000000,1,OPTCUR,CDS,25000.000000,10000,False
6122,GBPINR26O30127PE,GBPINR,30OCT2026,1270000000.000000,1,OPTCUR,CDS,25000.000000,10000,False
6133,JPYINR2692563PE,JPYINR,25SEP2026,630000000.000000,1,OPTCUR,CDS,25000.000000,10000,False
6136,JPYINR2692563.5CE,JPYINR,25SEP2026,635000000.000000,1,OPTCUR,CDS,25000.000000,10000,False
6141,JPYINR2692564CE,JPYINR,25SEP2026,640000000.000000,1,OPTCUR,CDS,25000.000000,10000,False
6142,JPYINR2692564PE,JPYINR,25SEP2026,640000000.000000,1,OPTCUR,CDS,25000.000000,10000,False
6143,JPYINR2692564.25CE,JPYINR,25SEP2026,642500000.000000,1,OPTCUR,CDS,25000.000000,10000,False
6148,JPYINR26DEC64CE,JPYINR,29DEC2026,640000000.000000,1,OPTCUR,CDS,25000.000000,10000,False
6169,JPYINR26O0955.75PE,JPYINR,09OCT2026,557500000.000000,1,OPTCUR,CDS,25000.000000,10000,False
6171,USDINR2691896.25PE,USDINR,18SEP2026,962500000.000000,1,OPTCUR,CDS,25000.000000,10000,False
6196,GBPINR26O30127.5CE,GBPINR,30OCT2026,1275000000.000000,1,OPTCUR,CDS,25000.000000,10000,False
6211,GBPINR26O30127.75CE,GBPINR,30OCT2026,1277500000.000000,1,OPTCUR,CDS,25000.000000,10000,False
6217,JPYINR26O0956PE,JPYINR,09OCT2026,560000000.000000,1,OPTCUR,CDS,25000.000000,10000,False
6218,JPYINR26SEP55.5CE,JPYINR,28SEP2026,555000000.000000,1,OPTCUR,CDS,25000.000000,10000,False
6222,USDINR2692591.5CE,USDINR,25SEP2026,915000000.000000,1,OPTCUR,CDS,25000.000000,10000,False
6237,USDINR2692591.75PE,USDINR,25SEP2026,917500000.000000,1,OPTCUR,CDS,25000.000000,10000,False
6246,GBPINR26O30128.5CE,GBPINR,30OCT2026,1285000000.000000,1,OPTCUR,CDS,25000.000000,10000,False
6247,GBPINR26O23125CE,GBPINR,23OCT2026,1250000000.000000,1,OPTCUR,CDS,25000.000000,10000,False
6265,GBPINR26O23125.25PE,GBPINR,23OCT2026,1252500000.000000,1,OPTCUR,CDS,25000.000000,10000,False
6293,USDINR2692594.25PE,USDINR,25SEP2026,942500000.000000,1,OPTCUR,CDS,25000.000000,10000,False
6295,USDINR2692594.5CE,USDINR,25SEP2026,945000000.000000,1,OPTCUR,CDS,25000.000000,10000,False
6297,USDINR2692594.5PE,USDINR,25SEP2026,945000000.000000,1,OPTCUR,CDS,25000.000000,10000,False
63,R-GOI5.85%2030,R585GS2030,,-1.000000,1,UNDIRC,CDS,25000.000000,1250,False
6308,USDINR2692595.25CE,USDINR,25SEP2026,952500000.000000,1,OPTCUR,CDS,25000.000000,10000,False
6313,USDINR2692595.375CE,USDINR,25SEP2026,953750000.000000,1,OPTCUR,CDS,25000.000000,10000,False
6344,USDINR2692596CE,USDINR,25SEP2026,960000000.000000,1,OPTCUR,CDS,25000.000000,10000,False
6373,EURINR26DEC114.75PE,EURINR,29DEC2026,1147500000.000000,1,OPTCUR,CDS,25000.000000,10000,False
6376,JPYINR26O0958CE,JPYINR,09OCT2026,580000000.000000,1,OPTCUR,CDS,25000.000000,10000,False
6390,GBPINR26O23129.25PE,GBPINR,23OCT2026,1292500000.000000,1,OPTCUR,CDS,25000.000000,10000,False
6402,JPYINR26O0958PE,JPYINR,09OCT2026,580000000.000000,1,OPTCUR,CDS,25000.000000,10000,False
6407,USDINR2692599.25CE,USDINR,25SEP2026,992500000.000000,1,OPTCUR,CDS,25000.000000,10000,False
6418,USDINR2692599.75PE,USDINR,25SEP2026,997500000.000000,1,OPTCUR,CDS,25000.000000,10000,False
6428,633GS203526DEC93.75PE,633GS2035,31DEC2026,937500000.000000,1,OPTIRC,CDS,25000.000000,1250,False
6440,USDINR2691899.5CE,USDINR,18SEP2026,995000000.000000,1,OPTCUR,CDS,25000.000000,10000,False
6446,668GS204026SEP92.25PE,668GS2040,24SEP2026,922500000.000000,1,OPTIRC,CDS,25000.000000,1250,False
6458,GBPINR26O30130PE,GBPINR,30OCT2026,1300000000.000000,1,OPTCUR,CDS,25000.000000,10000,False
6459,JPYINR26SEP55.75PE,JPYINR,28SEP2026,557500000.000000,1,OPTCUR,CDS,25000.000000,10000,False
6471,GBPINR26O23131.25PE,GBPINR,23OCT2026,1312500000.000000,1,OPTCUR,CDS,25000.000000,10000,False
6507,JPYINR26N2759.25PE,JPYINR,27NOV2026,592500000.000000,1,OPTCUR,CDS,25000.000000,10000,False
6526,GBPINR26NOV129.5CE,GBPINR,26NOV2026,1295000000.000000,1,OPTCUR,CDS,25000.000000,10000,False
6527,JPYINR26N2064CE,JPYINR,20NOV2026,640000000.000000,1,OPTCUR,CDS,25000.000000,10000,False
6544,JPYINR26N2064.25PE,JPYINR,20NOV2026,642500000.000000,1,OPTCUR,CDS,25000.000000,10000,False
6548,JPYINR26O0959.5PE,JPYINR,09OCT2026,595000000.000000,1,OPTCUR,CDS,25000.000000,10000,False
6577,JPYINR26O0960CE,JPYINR,09OCT2026,600000000.000000,1,OPTCUR,CDS,25000.000000,10000,False
6578,JPYINR26O0960PE,JPYINR,09OCT2026,600000000.000000,1,OPTCUR,CDS,25000.000000,10000,False
6579,JPYINR26O0960.25CE,JPYINR,09OCT2026,602500000.000000,1,OPTCUR,CDS,25000.000000,10000,False
6587,GBPINR26NOV129.75CE,GBPINR,26NOV2026,1297500000.000000,1,OPTCUR,CDS,25000.000000,10000,False
6604,EURUSD27MAR1.295PE,EURUSD,29MAR2027,12950000.000000,1,OPTCUR,CDS,1000.000000,10000,False
6622,GBPINR26O23131.75PE,GBPINR,23OCT2026,1317500000.000000,1,OPTCUR,CDS,25000.000000,10000,False
6623,JPYINR26N2064.75CE,JPYINR,20NOV2026,647500000.000000,1,OPTCUR,CDS,25000.000000,10000,False
6624,JPYINR26N2064.75PE,JPYINR,20NOV2026,647500000.000000,1,OPTCUR,CDS,25000.000000,10000,False
6664,GBPINR26O23133PE,GBPINR,23OCT2026,1330000000.000000,1,OPTCUR,CDS,25000.000000,10000,False
6672,GBPINR26O30133CE,GBPINR,30OCT2026,1330000000.000000,1,OPTCUR,CDS,25000.000000,10000,False
6684,EURUSD26OCT1.15PE,EURUSD,28OCT2026,11500000.000000,1,OPTCUR,CDS,1000.000000,10000,False
6719,USDINR2692594.625PE,USDINR,25SEP2026,946250000.000000,1,OPTCUR,CDS,25000.000000,10000,False
6729,636GS203126SEP95.5PE,636GS2031,24SEP2026,955000000.000000,1,OPTIRC,CDS,25000.000000,1250,False
6751,EURUSD26OCT1.175CE,EURUSD,28OCT2026,11750000.000000,1,OPTCUR,CDS,1000.000000,10000,False
6764,GBPINR27MAR123.5CE,GBPINR,29MAR2027,1235000000.000000,1,OPTCUR,CDS,25000.000000,10000,False
6765,GBPINR27MAR123.5PE,GBPINR,29MAR2027,1235000000.000000,1,OPTCUR,CDS,25000.000000,10000,False
6772,EURUSD26OCT1.19CE,EURUSD,28OCT2026,11900000.000000,1,OPTCUR,CDS,1000.000000,10000,False
6775,GBPUSD26DEC1.5PE,GBPUSD,29DEC2026,15000000.000000,1,OPTCUR,CDS,1000.000000,10000,False
6781,GBPINR26O23133.75CE,GBPINR,23OCT2026,1337500000.000000,1,OPTCUR,CDS,25000.000000,10000,False
6786,JPYINR26O0962.25PE,JPYINR,09OCT2026,622500000.000000,1,OPTCUR,CDS,25000.000000,10000,False
6814,GBPINR26NOV130.25CE,GBPINR,26NOV2026,1302500000.000000,1,OPTCUR,CDS,25000.000000,10000,False
6838,JPYINR26N2760.75CE,JPYINR,27NOV2026,607500000.000000,1,OPTCUR,CDS,25000.000000,10000,False
6840,JPYINR26N2761CE,JPYINR,27NOV2026,610000000.000000,1,OPTCUR,CDS,25000.000000,10000,False
6867,636GS203126SEP97.75PE,636GS2031,24SEP2026,977500000.000000,1,OPTIRC,CDS,25000.000000,1250,False
6874,GBPINR26NOV131CE,GBPINR,26NOV2026,1310000000.000000,1,OPTCUR,CDS,25000.000000,10000,False
6891,EURUSD26OCT1.22PE,EURUSD,28OCT2026,12200000.000000,1,OPTCUR,CDS,1000.000000,10000,False
6931,GBPINR27MAR132.25PE,GBPINR,29MAR2027,1322500000.000000,1,OPTCUR,CDS,25000.000000,10000,False
6934,EURUSD26OCT1.245CE,EURUSD,28OCT2026,12450000.000000,1,OPTCUR,CDS,1000.000000,10000,False
6977,636GS203126SEP98PE,636GS2031,24SEP2026,980000000.000000,1,OPTIRC,CDS,25000.000000,1250,False
6982,636GS203126SEP98.5PE,636GS2031,24SEP2026,985000000.000000,1,OPTIRC,CDS,25000.000000,1250,False
6994,636GS203126SEP98.75PE,636GS2031,24SEP2026,987500000.000000,1,OPTIRC,CDS,25000.000000,1250,False
7006,EURINR26O01108.25PE,EURINR,01OCT2026,1082500000.000000,1,OPTCUR,CDS,25000.000000,10000,False
7013,EURINR26O01109PE,EURINR,01OCT2026,1090000000.000000,1,OPTCUR,CDS,25000.000000,10000,False
7015,EURINR26O01109.25PE,EURINR,01OCT2026,1092500000.000000,1,OPTCUR,CDS,25000.000000,10000,False
7029,648GS203526SEP97PE,648GS2035,24SEP2026,970000000.000000,1,OPTIRC,CDS,25000.000000,1250,False
7042,648GS203526SEP98CE,648GS2035,24SEP2026,980000000.000000,1,OPTIRC,CDS,25000.000000,1250,False
7059,GBPINR26O16128CE,GBPINR,16OCT2026,1280000000.000000,1,OPTCUR,CDS,25000.000000,10000,False
7067,648GS203526DEC94.5CE,648GS2035,31DEC2026,945000000.000000,1,OPTIRC,CDS,25000.000000,1250,False
7089,668GS204026SEP92PE,668GS2040,24SEP2026,920000000.000000,1,OPTIRC,CDS,25000.000000,1250,False
7093,648GS203526SEP99.75CE,648GS2035,24SEP2026,997500000.000000,1,OPTIRC,CDS,25000.000000,1250,False
7107,668GS204026DEC92PE,668GS2040,31DEC2026,920000000.000000,1,OPTIRC,CDS,25000.000000,1250,False
7109,JPYINR26O0963.75CE,JPYINR,09OCT2026,637500000.000000,1,OPTCUR,CDS,25000.000000,10000,False
7123,723GS203926SEP98CE,723GS2039,24SEP2026,980000000.000000,1,OPTIRC,CDS,25000.000000,1250,False
7132,JPYINR26O3057.25CE,JPYINR,30OCT2026,572500000.000000,1,OPTCUR,CDS,25000.000000,10000,False
7134,GBPINR26NOV131PE,GBPINR,26NOV2026,1310000000.000000,1,OPTCUR,CDS,25000.000000,10000,False
7154,648GS203526SEP100.75PE,648GS2035,24SEP2026,1007500000.000000,1,OPTIRC,CDS,25000.000000,1250,False
7163,GBPINR26NOV131.75PE,GBPINR,26NOV2026,1317500000.000000,1,OPTCUR,CDS,25000.000000,10000,False
7173,636GS203126SEP100CE,636GS2031,24SEP2026,1000000000.000000,1,OPTIRC,CDS,25000.000000,1250,False
7178,636GS203126SEP100.25CE,636GS2031,24SEP2026,1002500000.000000,1,OPTIRC,CDS,25000.000000,1250,False
7209,JPYINR26O2357.5CE,JPYINR,23OCT2026,575000000.000000,1,OPTCUR,CDS,25000.000000,10000,False
7213,JPYINR26O3059PE,JPYINR,30OCT2026,590000000.000000,1,OPTCUR,CDS,25000.000000,10000,False
7223,GBPINR26OCT125CE,GBPINR,28OCT2026,1250000000.000000,1,OPTCUR,CDS,25000.000000,10000,False
7226,JPYINR26O3059.75PE,JPYINR,30OCT2026,597500000.000000,1,OPTCUR,CDS,25000.000000,10000,False
7244,JPYINR26N2762.5CE,JPYINR,27NOV2026,625000000.000000,1,OPTCUR,CDS,25000.000000,10000,False
7247,JPYINR26O3060.5CE,JPYINR,30OCT2026,605000000.000000,1,OPTCUR,CDS,25000.000000,10000,False
7259,JPYINR26N2763CE,JPYINR,27NOV2026,630000000.000000,1,OPTCUR,CDS,25000.000000,10000,False
7277,JPYINR26N2763.5PE,JPYINR,27NOV2026,635000000.000000,1,OPTCUR,CDS,25000.000000,10000,False
7298,GBPINR26O16128.25PE,GBPINR,16OCT2026,1282500000.000000,1,OPTCUR,CDS,25000.000000,10000,False
7310,JPYINR26O3062.25CE,JPYINR,30OCT2026,622500000.000000,1,OPTCUR,CDS,25000.000000,10000,False
7314,JPYINR26O3062.25PE,JPYINR,30OCT2026,622500000.000000,1,OPTCUR,CDS,25000.000000,10000,False
7332,JPYINR26O3063CE,JPYINR,30OCT2026,630000000.000000,1,OPTCUR,CDS,25000.000000,10000,False
7334,JPYINR26O3063.25CE,JPYINR,30OCT2026,632500000.000000,1,OPTCUR,CDS,25000.000000,10000,False
7338,EURINR26O01112.75PE,EURINR,01OCT2026,1127500000.000000,1,OPTCUR,CDS,25000.000000,10000,False
7360,EURINR26O01114.5PE,EURINR,01OCT2026,1145000000.000000,1,OPTCUR,CDS,25000.000000,10000,False
7346,EURINR26O01113.75PE,EURINR,01OCT2026,1137500000.000000,1,OPTCUR,CDS,25000.000000,10000,False
7347,EURINR26O01114CE,EURINR,01OCT2026,1140000000.000000,1,OPTCUR,CDS,25000.000000,10000,False
7354,GBPINR27MAR124.75PE,GBPINR,29MAR2027,1247500000.000000,1,OPTCUR,CDS,25000.000000,10000,False
7362,EURINR26O01114.75PE,EURINR,01OCT2026,1147500000.000000,1,OPTCUR,CDS,25000.000000,10000,False
7394,JPYINR26O3063.75PE,JPYINR,30OCT2026,637500000.000000,1,OPTCUR,CDS,25000.000000,10000,False
7412,JPYINR26O3064.25CE,JPYINR,30OCT2026,642500000.000000,1,OPTCUR,CDS,25000.000000,10000,False
7433,USDINR26SEP97.25CE,USDINR,28SEP2026,972500000.000000,1,OPTCUR,CDS,25000.000000,10000,False
7434,EURUSD26DEC1.265CE,EURUSD,29DEC2026,12650000.000000,1,OPTCUR,CDS,1000.000000,10000,False
7435,EURUSD26DEC1.265PE,EURUSD,29DEC2026,12650000.000000,1,OPTCUR,CDS,1000.000000,10000,False
7458,USDINR26DEC97.25PE,USDINR,29DEC2026,972500000.000000,1,OPTCUR,CDS,25000.000000,10000,False
7473,EURUSD26DEC1.275PE,EURUSD,29DEC2026,12750000.000000,1,OPTCUR,CDS,1000.000000,10000,False
7496,EURUSD26DEC1.28PE,EURUSD,29DEC2026,12800000.000000,1,OPTCUR,CDS,1000.000000,10000,False
7519,JPYINR26O0964.75CE,JPYINR,09OCT2026,647500000.000000,1,OPTCUR,CDS,25000.000000,10000,False
7532,GBPINR26O01124.75PE,GBPINR,01OCT2026,1247500000.000000,1,OPTCUR,CDS,25000.000000,10000,False
7537,EURUSD26DEC1.29CE,EURUSD,29DEC2026,12900000.000000,1,OPTCUR,CDS,1000.000000,10000,False
7542,GBPINR26O16128.75CE,GBPINR,16OCT2026,1287500000.000000,1,OPTCUR,CDS,25000.000000,10000,False
7548,GBPINR26O01125.75PE,GBPINR,01OCT2026,1257500000.000000,1,OPTCUR,CDS,25000.000000,10000,False
7558,GBPINR26O01126.75PE,GBPINR,01OCT2026,1267500000.000000,1,OPTCUR,CDS,25000.000000,10000,False
7570,GBPINR26O01128CE,GBPINR,01OCT2026,1280000000.000000,1,OPTCUR,CDS,25000.000000,10000,False
7595,GBPINR26O01129.75CE,GBPINR,01OCT2026,1297500000.000000,1,OPTCUR,CDS,25000.000000,10000,False
7601,GBPINR26O01130.25PE,GBPINR,01OCT2026,1302500000.000000,1,OPTCUR,CDS,25000.000000,10000,False
7610,GBPINR26O01131.5CE,GBPINR,01OCT2026,1315000000.000000,1,OPTCUR,CDS,25000.000000,10000,False
7629,GBPINR26O01133.5CE,GBPINR,01OCT2026,1335000000.000000,1,OPTCUR,CDS,25000.000000,10000,False
77,R-GOI7.54%2036,R754GS2036,,-1.000000,1,UNDIRC,CDS,25000.000000,1250,False
7705,JPYINR26O0155.5PE,JPYINR,01OCT2026,555000000.000000,1,OPTCUR,CDS,25000.000000,10000,False
7722,GBPINR26O16128.75PE,GBPINR,16OCT2026,1287500000.000000,1,OPTCUR,CDS,25000.000000,10000,False
7724,JPYINR26O2358.25PE,JPYINR,23OCT2026,582500000.000000,1,OPTCUR,CDS,25000.000000,10000,False
7733,JPYINR26O0157PE,JPYINR,01OCT2026,570000000.000000,1,OPTCUR,CDS,25000.000000,10000,False
7736,636GS203126DEC95.5PE,636GS2031,31DEC2026,955000000.000000,1,OPTIRC,CDS,25000.000000,1250,False
7781,636GS203126DEC95.75CE,636GS2031,31DEC2026,957500000.000000,1,OPTIRC,CDS,25000.000000,1250,False
7792,JPYINR26O0160CE,JPYINR,01OCT2026,600000000.000000,1,OPTCUR,CDS,25000.000000,10000,False
7795,JPYINR26O0160.25PE,JPYINR,01OCT2026,602500000.000000,1,OPTCUR,CDS,25000.000000,10000,False
7801,JPYINR26O0160.5PE,JPYINR,01OCT2026,605000000.000000,1,OPTCUR,CDS,25000.000000,10000,False
7808,JPYINR26O0161.25CE,JPYINR,01OCT2026,612500000.000000,1,OPTCUR,CDS,25000.000000,10000,False
7810,JPYINR26O0161.25PE,JPYINR,01OCT2026,612500000.000000,1,OPTCUR,CDS,25000.000000,10000,False
7813,JPYINR26O0161.75CE,JPYINR,01OCT2026,617500000.000000,1,OPTCUR,CDS,25000.000000,10000,False
7822,JPYINR26O2359.5CE,JPYINR,23OCT2026,595000000.000000,1,OPTCUR,CDS,25000.000000,10000,False
7843,JPYINR26O0163.5PE,JPYINR,01OCT2026,635000000.000000,1,OPTCUR,CDS,25000.000000,10000,False
7849,USDINR26O0991CE,USDINR,09OCT2026,910000000.000000,1,OPTCUR,CDS,25000.000000,10000,False
7866,USDINR26O0991.25PE,USDINR,09OCT2026,912500000.000000,1,OPTCUR,CDS,25000.000000,10000,False
7867,USDINR26O0991.5CE,USDINR,09OCT2026,915000000.000000,1,OPTCUR,CDS,25000.000000,10000,False
7879,USDINR26O0191.25PE,USDINR,01OCT2026,912500000.000000,1,OPTCUR,CDS,25000.000000,10000,False
7884,USDINR26O0192CE,USDINR,01OCT2026,920000000.000000,1,OPTCUR,CDS,25000.000000,10000,False
7890,USDINR26O0192.5CE,USDINR,01OCT2026,925000000.000000,1,OPTCUR,CDS,25000.000000,10000,False
7912,USDINR26O0192.75CE,USDINR,01OCT2026,927500000.000000,1,OPTCUR,CDS,25000.000000,10000,False
7914,USDINR26O0193CE,USDINR,01OCT2026,930000000.000000,1,OPTCUR,CDS,25000.000000,10000,False
7922,USDINR26O0194CE,USDINR,01OCT2026,940000000.000000,1,OPTCUR,CDS,25000.000000,10000,False
7933,USDINR26O0195PE,USDINR,01OCT2026,950000000.000000,1,OPTCUR,CDS,25000.000000,10000,False
7947,USDINR26O0195.875CE,USDINR,01OCT2026,958750000.000000,1,OPTCUR,CDS,25000.000000,10000,False
7953,USDINR26O0196.25CE,USDINR,01OCT2026,962500000.000000,1,OPTCUR,CDS,25000.000000,10000,False
7971,USDINR26O0197.125CE,USDINR,01OCT2026,971250000.000000,1,OPTCUR,CDS,25000.000000,10000,False
7975,USDINR26O0197.5CE,USDINR,01OCT2026,975000000.000000,1,OPTCUR,CDS,25000.000000,10000,False
7993,USDINR26O0991.75PE,USDINR,09OCT2026,917500000.000000,1,OPTCUR,CDS,25000.000000,10000,False
7998,USDINR26O0199.5PE,USDINR,01OCT2026,995000000.000000,1,OPTCUR,CDS,25000.000000,10000,False
8052,USDINR26O0993.75PE,USDINR,09OCT2026,937500000.000000,1,OPTCUR,CDS,25000.000000,10000,False
8055,GBPINR26DEC129PE,GBPINR,29DEC2026,1290000000.000000,1,OPTCUR,CDS,25000.000000,10000,False
8057,USDINR26O0994PE,USDINR,09OCT2026,940000000.000000,1,OPTCUR,CDS,25000.000000,10000,False
8061,GBPINR26OCT128PE,GBPINR,28OCT2026,1280000000.000000,1,OPTCUR,CDS,25000.000000,10000,False
8079,636GS203126DEC96.75PE,636GS2031,31DEC2026,967500000.000000,1,OPTIRC,CDS,25000.000000,1250,False
8080,636GS203126DEC97CE,636GS2031,31DEC2026,970000000.000000,1,OPTIRC,CDS,25000.000000,1250,False
8085,GBPINR26OCT128.25PE,GBPINR,28OCT2026,1282500000.000000,1,OPTCUR,CDS,25000.000000,10000,False
8086,GBPINR26OCT128.5CE,GBPINR,28OCT2026,1285000000.000000,1,OPTCUR,CDS,25000.000000,10000,False
8102,USDINR26O0995.5PE,USDINR,09OCT2026,955000000.000000,1,OPTCUR,CDS,25000.000000,10000,False
8105,USDINR26O0995.875CE,USDINR,09OCT2026,958750000.000000,1,OPTCUR,CDS,25000.000000,10000,False
8109,USDINR26O0995.875PE,USDINR,09OCT2026,958750000.000000,1,OPTCUR,CDS,25000.000000,10000,False
8110,USDINR26O0996CE,USDINR,09OCT2026,960000000.000000,1,OPTCUR,CDS,25000.000000,10000,False
8120,JPYINR26O2362.25PE,JPYINR,23OCT2026,622500000.000000,1,OPTCUR,CDS,25000.000000,10000,False
8145,USDINR26SEP95.75CE,USDINR,28SEP2026,957500000.000000,1,OPTCUR,CDS,25000.000000,10000,False
8146,JPYINR26O2363PE,JPYINR,23OCT2026,630000000.000000,1,OPTCUR,CDS,25000.000000,10000,False
8160,USDINR26O0998.75CE,USDINR,09OCT2026,987500000.000000,1,OPTCUR,CDS,25000.000000,10000,False
8164,USDINR26O0999.25CE,USDINR,09OCT2026,992500000.000000,1,OPTCUR,CDS,25000.000000,10000,False
8218,JPYINR26O2363.75CE,JPYINR,23OCT2026,637500000.000000,1,OPTCUR,CDS,25000.000000,10000,False
8233,USDJPY26SEP176PE,USDJPY,28SEP2026,1760000000.000000,1,OPTCUR,CDS,100000.000000,10000,False
8254,GBPINR26OCT130.5CE,GBPINR,28OCT2026,1305000000.000000,1,OPTCUR,CDS,25000.000000,10000,False
8257,GBPINR26OCT130.75PE,GBPINR,28OCT2026,1307500000.000000,1,OPTCUR,CDS,25000.000000,10000,False
8266,GBPINR26OCT131.5PE,GBPINR,28OCT2026,1315000000.000000,1,OPTCUR,CDS,25000.000000,10000,False
8274,GBPINR26OCT132.5CE,GBPINR,28OCT2026,1325000000.000000,1,OPTCUR,CDS,25000.000000,10000,False
8276,GBPINR26OCT132.75CE,GBPINR,28OCT2026,1327500000.000000,1,OPTCUR,CDS,25000.000000,10000,False
8294,GBPUSD26OCT1.21PE,GBPUSD,28OCT2026,12100000.000000,1,OPTCUR,CDS,1000.000000,10000,False
8297,GBPUSD26OCT1.22CE,GBPUSD,28OCT2026,12200000.000000,1,OPTCUR,CDS,1000.000000,10000,False
8314,GBPUSD26OCT1.24PE,GBPUSD,28OCT2026,12400000.000000,1,OPTCUR,CDS,1000.000000,10000,False
8327,GBPUSD26OCT1.265PE,GBPUSD,28OCT2026,12650000.000000,1,OPTCUR,CDS,1000.000000,10000,False
8362,GBPUSD26OCT1.33PE,GBPUSD,28OCT2026,13300000.000000,1,OPTCUR,CDS,1000.000000,10000,False
8375,GBPUSD26OCT1.34PE,GBPUSD,28OCT2026,13400000.000000,1,OPTCUR,CDS,1000.000000,10000,False
8378,636GS203126DEC97.75PE,636GS2031,31DEC2026,977500000.000000,1,OPTIRC,CDS,25000.000000,1250,False
8415,GBPUSD26OCT1.405CE,GBPUSD,28OCT2026,14050000.000000,1,OPTCUR,CDS,1000.000000,10000,False
8424,GBPINR26O16130.5PE,GBPINR,16OCT2026,1305000000.000000,1,OPTCUR,CDS,25000.000000,10000,False
8430,GBPINR26O16131.25PE,GBPINR,16OCT2026,1312500000.000000,1,OPTCUR,CDS,25000.000000,10000,False
8434,GBPINR26O16131.75PE,GBPINR,16OCT2026,1317500000.000000,1,OPTCUR,CDS,25000.000000,10000,False
8441,GBPINR26O16132.5PE,GBPINR,16OCT2026,1325000000.000000,1,OPTCUR,CDS,25000.000000,10000,False
8447,GBPINR26O16133.25PE,GBPINR,16OCT2026,1332500000.000000,1,OPTCUR,CDS,25000.000000,10000,False
8450,GBPINR26O16133.5CE,GBPINR,16OCT2026,1335000000.000000,1,OPTCUR,CDS,25000.000000,10000,False
8475,GBPUSD26OCT1.46CE,GBPUSD,28OCT2026,14600000.000000,1,OPTCUR,CDS,1000.000000,10000,False
8504,636GS203126DEC98.5PE,636GS2031,31DEC2026,985000000.000000,1,OPTIRC,CDS,25000.000000,1250,False
8509,GBPUSD26OCT1.45CE,GBPUSD,28OCT2026,14500000.000000,1,OPTCUR,CDS,1000.000000,10000,False
8511,GBPINR27MAR125.25PE,GBPINR,29MAR2027,1252500000.000000,1,OPTCUR,CDS,25000.000000,10000,False
8548,EURINR26DEC113.5CE,EURINR,29DEC2026,1135000000.000000,1,OPTCUR,CDS,25000.000000,10000,False
8551,EURINR26DEC113.75PE,EURINR,29DEC2026,1137500000.000000,1,OPTCUR,CDS,25000.000000,10000,False
8640,GBPINR27MAR125.75CE,GBPINR,29MAR2027,1257500000.000000,1,OPTCUR,CDS,25000.000000,10000,False
8641,GBPINR27MAR125.75PE,GBPINR,29MAR2027,1257500000.000000,1,OPTCUR,CDS,25000.000000,10000,False
8650,JPYINR26O1656.75PE,JPYINR,16OCT2026,567500000.000000,1,OPTCUR,CDS,25000.000000,10000,False
8651,JPYINR26O1657CE,JPYINR,16OCT2026,570000000.000000,1,OPTCUR,CDS,25000.000000,10000,False
8664,JPYINR26O1658.25PE,JPYINR,16OCT2026,582500000.000000,1,OPTCUR,CDS,25000.000000,10000,False
8679,JPYINR26O1660PE,JPYINR,16OCT2026,600000000.000000,1,OPTCUR,CDS,25000.000000,10000,False
8681,JPYINR26O1660.25PE,JPYINR,16OCT2026,602500000.000000,1,OPTCUR,CDS,25000.000000,10000,False
8691,GBPINR26SEP129.25CE,GBPINR,28SEP2026,1292500000.000000,1,OPTCUR,CDS,25000.000000,10000,False
8713,GBPINR26DEC130CE,GBPINR,29DEC2026,1300000000.000000,1,OPTCUR,CDS,25000.000000,10000,False
8728,JPYINR26O1662.25CE,JPYINR,16OCT2026,622500000.000000,1,OPTCUR,CDS,25000.000000,10000,False
8731,GBPUSD26NOV1.25CE,GBPUSD,26NOV2026,12500000.000000,1,OPTCUR,CDS,1000.000000,10000,False
8735,GBPUSD26NOV1.26CE,GBPUSD,26NOV2026,12600000.000000,1,OPTCUR,CDS,1000.000000,10000,False
8744,GBPUSD26NOV1.28PE,GBPUSD,26NOV2026,12800000.000000,1,OPTCUR,CDS,1000.000000,10000,False
8745,GBPUSD26NOV1.285CE,GBPUSD,26NOV2026,12850000.000000,1,OPTCUR,CDS,1000.000000,10000,False
8750,JPYINR26O1662.5CE,JPYINR,16OCT2026,625000000.000000,1,OPTCUR,CDS,25000.000000,10000,False
8757,JPYINR26O1663PE,JPYINR,16OCT2026,630000000.000000,1,OPTCUR,CDS,25000.000000,10000,False
8789,GBPUSD26NOV1.295PE,GBPUSD,26NOV2026,12950000.000000,1,OPTCUR,CDS,1000.000000,10000,False
8846,GBPUSD26NOV1.33CE,GBPUSD,26NOV2026,13300000.000000,1,OPTCUR,CDS,1000.000000,10000,False
8847,GBPUSD26NOV1.33PE,GBPUSD,26NOV2026,13300000.000000,1,OPTCUR,CDS,1000.000000,10000,False
8849,USDINR26N2095CE,USDINR,20NOV2026,950000000.000000,1,OPTCUR,CDS,25000.000000,10000,False
8872,USDINR26N2095.125CE,USDINR,20NOV2026,951250000.000000,1,OPTCUR,CDS,25000.000000,10000,False
8879,636GS203126DEC101.75PE,636GS2031,31DEC2026,1017500000.000000,1,OPTIRC,CDS,25000.000000,1250,False
8880,USDINR26N2095.125PE,USDINR,20NOV2026,951250000.000000,1,OPTCUR,CDS,25000.000000,10000,False
8885,USDINR26N2095.75CE,USDINR,20NOV2026,957500000.000000,1,OPTCUR,CDS,25000.000000,10000,False
8892,USDINR26N2096.25PE,USDINR,20NOV2026,962500000.000000,1,OPTCUR,CDS,25000.000000,10000,False
8893,USDINR26N2096.5CE,USDINR,20NOV2026,965000000.000000,1,OPTCUR,CDS,25000.000000,10000,False
8896,USDINR26N2096.5PE,USDINR,20NOV2026,965000000.000000,1,OPTCUR,CDS,25000.000000,10000,False
8900,USDINR26N2097CE,USDINR,20NOV2026,970000000.000000,1,OPTCUR,CDS,25000.000000,10000,False
8907,GBPUSD26NOV1.365PE,GBPUSD,26NOV2026,13650000.000000,1,OPTCUR,CDS,1000.000000,10000,False
8909,GBPUSD26NOV1.37PE,GBPUSD,26NOV2026,13700000.000000,1,OPTCUR,CDS,1000.000000,10000,False
8925,GBPINR27MAR126.75CE,GBPINR,29MAR2027,1267500000.000000,1,OPTCUR,CDS,25000.000000,10000,False
8928,USDINR26N2792.5CE,USDINR,27NOV2026,925000000.000000,1,OPTCUR,CDS,25000.000000,10000,False
8961,JPYINR26OCT55.5PE,JPYINR,28OCT2026,555000000.000000,1,OPTCUR,CDS,25000.000000,10000,False
8964,JPYINR26OCT56CE,JPYINR,28OCT2026,560000000.000000,1,OPTCUR,CDS,25000.000000,10000,False
8997,JPYINR26OCT58.25CE,JPYINR,28OCT2026,582500000.000000,1,OPTCUR,CDS,25000.000000,10000,False
9018,GBPUSD26NOV1.39PE,GBPUSD,26NOV2026,13900000.000000,1,OPTCUR,CDS,1000.000000,10000,False
9031,GBPUSD26NOV1.415PE,GBPUSD,26NOV2026,14150000.000000,1,OPTCUR,CDS,1000.000000,10000,False
9038,GBPUSD26NOV1.43PE,GBPUSD,26NOV2026,14300000.000000,1,OPTCUR,CDS,1000.000000,10000,False
9055,JPYINR26OCT60.25CE,JPYINR,28OCT2026,602500000.000000,1,OPTCUR,CDS,25000.000000,10000,False
9057,JPYINR26OCT60.5CE,JPYINR,28OCT2026,605000000.000000,1,OPTCUR,CDS,25000.000000,10000,False
9062,JPYINR26OCT61CE,JPYINR,28OCT2026,610000000.000000,1,OPTCUR,CDS,25000.000000,10000,False
9074,JPYINR26OCT62.25CE,JPYINR,28OCT2026,622500000.000000,1,OPTCUR,CDS,25000.000000,10000,False
9075,JPYINR26OCT62.25PE,JPYINR,28OCT2026,622500000.000000,1,OPTCUR,CDS,25000.000000,10000,False
9088,GBPUSD26NOV1.44CE,GBPUSD,26NOV2026,14400000.000000,1,OPTCUR,CDS,1000.000000,10000,False
9091,USDJPY26OCT143.5PE,USDJPY,28OCT2026,1435000000.000000,1,OPTCUR,CDS,100000.000000,10000,False
9092,USDINR26O1691.25CE,USDINR,16OCT2026,912500000.000000,1,OPTCUR,CDS,25000.000000,10000,False
9096,USDINR26O1691.75CE,USDINR,16OCT2026,917500000.000000,1,OPTCUR,CDS,25000.000000,10000,False
9097,USDINR26O1691.75PE,USDINR,16OCT2026,917500000.000000,1,OPTCUR,CDS,25000.000000,10000,False
9103,USDINR26O1692.5PE,USDINR,16OCT2026,925000000.000000,1,OPTCUR,CDS,25000.000000,10000,False
9112,USDINR26O1693.25CE,USDINR,16OCT2026,932500000.000000,1,OPTCUR,CDS,25000.000000,10000,False
9119,USDINR26O1693.75PE,USDINR,16OCT2026,937500000.000000,1,OPTCUR,CDS,25000.000000,10000,False
9125,JPYINR26OCT63.75CE,JPYINR,28OCT2026,637500000.000000,1,OPTCUR,CDS,25000.000000,10000,False
9126,JPYINR26OCT63.75PE,JPYINR,28OCT2026,637500000.000000,1,OPTCUR,CDS,25000.000000,10000,False
9135,USDINR26O1695PE,USDINR,16OCT2026,950000000.000000,1,OPTCUR,CDS,25000.000000,10000,False
9137,USDINR26O1695.125PE,USDINR,16OCT2026,951250000.000000,1,OPTCUR,CDS,25000.000000,10000,False
1002,91DTB26NOVFUT,91DTB,25NOV2026,-1.000000,1,FUTIRT,CDS,25000.000000,7000,False
10009,USDINR26O2397CE,USDINR,23OCT2026,970000000.000000,1,OPTCUR,CDS,25000.000000,10000,False
10015,USDINR26O2397.5PE,USDINR,23OCT2026,975000000.000000,1,OPTCUR,CDS,25000.000000,10000,False
101,R-GOI6.33%2035,R633GS2035,,-1.000000,1,UNDIRC,CDS,25000.000000,1250,False
10034,GBPINR26DEC119.25CE,GBPINR,29DEC2026,1192500000.000000,1,OPTCUR,CDS,25000.000000,10000,False
10056,USDJPY26OCT164.5PE,USDJPY,28OCT2026,1645000000.000000,1,OPTCUR,CDS,100000.000000,10000,False
10075,USDINR26O2397.75PE,USDINR,23OCT2026,977500000.000000,1,OPTCUR,CDS,25000.000000,10000,False
10167,USDJPY26OCT169CE,USDJPY,28OCT2026,1690000000.000000,1,OPTCUR,CDS,100000.000000,10000,False
10178,694GS203626OCT98.5CE,694GS2036,29OCT2026,985000000.000000,1,OPTIRC,CDS,25000.000000,1250,False
10220,GBPINR26SEP131.75PE,GBPINR,28SEP2026,1317500000.000000,1,OPTCUR,CDS,25000.000000,10000,False
10221,694GS203626OCT98.75PE,694GS2036,29OCT2026,987500000.000000,1,OPTIRC,CDS,25000.000000,1250,False
10222,694GS203626OCT99CE,694GS2036,29OCT2026,990000000.000000,1,OPTIRC,CDS,25000.000000,1250,False
10229,694GS203626OCT99.75PE,694GS2036,29OCT2026,997500000.000000,1,OPTIRC,CDS,25000.000000,1250,False
10240,694GS203626OCT101.25CE,694GS2036,29OCT2026,1012500000.000000,1,OPTIRC,CDS,25000.000000,1250,False
10242,694GS203626OCT101.5CE,694GS2036,29OCT2026,1015000000.000000,1,OPTIRC,CDS,25000.000000,1250,False
10257,694GS203626OCT103.25PE,694GS2036,29OCT2026,1032500000.000000,1,OPTIRC,CDS,25000.000000,1250,False
10276,723GS203926OCT99.25CE,723GS2039,29OCT2026,992500000.000000,1,OPTIRC,CDS,25000.000000,1250,False
10278,723GS203926OCT99.5CE,723GS2039,29OCT2026,995000000.000000,1,OPTIRC,CDS,25000.000000,1250,False
10281,723GS203926OCT99.5PE,723GS2039,29OCT2026,995000000.000000,1,OPTIRC,CDS,25000.000000,1250,False
10324,723GS203926OCT103CE,723GS2039,29OCT2026,1030000000.000000,1,OPTIRC,CDS,25000.000000,1250,False
10327,723GS203926OCT103.25PE,723GS2039,29OCT2026,1032500000.000000,1,OPTIRC,CDS,25000.000000,1250,False
10328,723GS203926OCT103.5CE,723GS2039,29OCT2026,1035000000.000000,1,OPTIRC,CDS,25000.000000,1250,False
10330,723GS203926OCT103.75CE,723GS2039,29OCT2026,1037500000.000000,1,OPTIRC,CDS,25000.000000,1250,False
10331,723GS203926OCT103.75PE,723GS2039,29OCT2026,1037500000.000000,1,OPTIRC,CDS,25000.000000,1250,False
10332,723GS203926OCT104CE,723GS2039,29OCT2026,1040000000.000000,1,OPTIRC,CDS,25000.000000,1250,False
10339,723GS203926OCT104.75PE,723GS2039,29OCT2026,1047500000.000000,1,OPTIRC,CDS,25000.000000,1250,False
10376,USDJPY26OCT170CE,USDJPY,28OCT2026,1700000000.000000,1,OPTCUR,CDS,100000.000000,10000,False
1049,GBPINR26DEC127.25CE,GBPINR,29DEC2026,1272500000.000000,1,OPTCUR,CDS,25000.000000,10000,False
10378,GBPINR26DEC131.25CE,GBPINR,29DEC2026,1312500000.000000,1,OPTCUR,CDS,25000.000000,10000,False
10476,USDJPY26OCT173.5CE,USDJPY,28OCT2026,1735000000.000000,1,OPTCUR,CDS,100000.000000,10000,False
10495,USDJPY26OCT174.5CE,USDJPY,28OCT2026,1745000000.000000,1,OPTCUR,CDS,100000.000000,10000,False
10502,USDJPY26OCT175.5CE,USDJPY,28OCT2026,1755000000.000000,1,OPTCUR,CDS,100000.000000,10000,False
10514,JPYINR26SEP58PE,JPYINR,28SEP2026,580000000.000000,1,OPTCUR,CDS,25000.000000,10000,False
10519,JPYINR26SEP58.25CE,JPYINR,28SEP2026,582500000.000000,1,OPTCUR,CDS,25000.000000,10000,False
10582,GBPINR26N06FUT,GBPINR,06NOV2026,-1.000000,1,FUTCUR,CDS,25000.000000,10000,False
106,GOI6.48%2035,R648GS2035,,-1.000000,1,UNDIRC,CDS,25000.000000,1250,False
10672,JPYINR26NOV61.75CE,JPYINR,26NOV2026,617500000.000000,1,OPTCUR,CDS,25000.000000,10000,False
10712,GBPUSD27JUN1.32CE,GBPUSD,28JUN2027,13200000.000000,1,OPTCUR,CDS,1000.000000,10000,False
10713,EURINR26N06106.75CE,EURINR,06NOV2026,1067500000.000000,1,OPTCUR,CDS,25000.000000,10000,False
10752,EURINR26N06109.25CE,EURINR,06NOV2026,1092500000.000000,1,OPTCUR,CDS,25000.000000,10000,False
10775,EURINR26N06111.75PE,EURINR,06NOV2026,1117500000.000000,1,OPTCUR,CDS,25000.000000,10000,False
10781,JPYINR26NOV63.5PE,JPYINR,26NOV2026,635000000.000000,1,OPTCUR,CDS,25000.000000,10000,False
10783,JPYINR26NOV63.75PE,JPYINR,26NOV2026,637500000.000000,1,OPTCUR,CDS,25000.000000,10000,False
1080,JPYINR26O16FUT,JPYINR,16OCT2026,-1.000000,1,FUTCUR,CDS,25000.000000,10000,False
1091,GBPINR27JUN130.5PE,GBPINR,28JUN2027,1305000000.000000,1,OPTCUR,CDS,25000.000000,10000,False
10788,JPYINR26NOV64.5CE,JPYINR,26NOV2026,645000000.000000,1,OPTCUR,CDS,25000.000000,10000,False
10804,EURINR26N06113CE,EURINR,06NOV2026,1130000000.000000,1,OPTCUR,CDS,25000.000000,10000,False
110,GOI6.94%2036,R694GS2036,,-1.000000,1,UNDIRC,CDS,25000.000000,1250,False
1106,EURINR26DEC111.75PE,EURINR,29DEC2026,1117500000.000000,1,OPTCUR,CDS,25000.000000,10000,False
10949,EURINR26N06113.75CE,EURINR,06NOV2026,1137500000.000000,1,OPTCUR,CDS,25000.000000,10000,False
11036,GBPUSD27JUN1.325CE,GBPUSD,28JUN2027,13250000.000000,1,OPTCUR,CDS,1000.000000,10000,False
1130,694GS203627MARFUT,694GS2036,25MAR2027,-1.000000,1,FUTIRC,CDS,25000.000000,1250,False
11122,GBPUSD27JUN1.345CE,GBPUSD,28JUN2027,13450000.000000,1,OPTCUR,CDS,1000.000000,10000,False
11322,GBPUSD27JUN1.355CE,GBPUSD,28JUN2027,13550000.000000,1,OPTCUR,CDS,1000.000000,10000,False
1139,USDINR27AUGFUT,USDINR,27AUG2027,-1.000000,1,FUTCUR,CDS,25000.000000,10000,False
11439,GBPINR26N06125.75PE,GBPINR,06NOV2026,1257500000.000000,1,OPTCUR,CDS,25000.000000,10000,False
11442,GBPINR26N06126.25CE,GBPINR,06NOV2026,1262500000.000000,1,OPTCUR,CDS,25000.000000,10000,False
11482,USDJPY26SEP168CE,USDJPY,28SEP2026,1680000000.000000,1,OPTCUR,CDS,100000.000000,10000,False
11491,USDJPY26SEP169.5PE,USDJPY,28SEP2026,1695000000.000000,1,OPTCUR,CDS,100000.000000,10000,False
11493,USDJPY26SEP170PE,USDJPY,28SEP2026,1700000000.000000,1,OPTCUR,CDS,100000.000000,10000,False
11516,694GS203626SEP97.25PE,694GS2036,24SEP2026,972500000.000000,1,OPTIRC,CDS,25000.000000,1250,False
11517,694GS203626SEP97.5CE,694GS2036,24SEP2026,975000000.000000,1,OPTIRC,CDS,25000.000000,1250,False
1152,723GS203927MAR105PE,723GS2039,25MAR2027,1050000000.000000,1,OPTIRC,CDS,25000.000000,1250,False
11523,GBPINR26N06130CE,GBPINR,06NOV2026,1300000000.000000,1,OPTCUR,CDS,25000.000000,10000,False
11527,GBPUSD26SEP1.18PE,GBPUSD,28SEP2026,11800000.000000,1,OPTCUR,CDS,1000.000000,10000,False
11547,694GS203626SEP98.25CE,694GS2036,24SEP2026,982500000.000000,1,OPTIRC,CDS,25000.000000,1250,False
11569,GBPINR26N06130PE,GBPINR,06NOV2026,1300000000.000000,1,OPTCUR,CDS,25000.000000,10000,False
11588,633GS203526DEC94.5CE,633GS2035,31DEC2026,945000000.000000,1,OPTIRC,CDS,25000.000000,1250,False
11592,GBPINR26N06131CE,GBPINR,06NOV2026,1310000000.000000,1,OPTCUR,CDS,25000.000000,10000,False
1159,USDJPY27JANFUT,USDJPY,27JAN2027,-1.000000,1,FUTCUR,CDS,100000.000000,10000,False
11601,GBPINR26N06131.75CE,GBPINR,06NOV2026,1317500000.000000,1,OPTCUR,CDS,25000.000000,10000,False
11625,GBPINR26DEC120PE,GBPINR,29DEC2026,1200000000.000000,1,OPTCUR,CDS,25000.000000,10000,False
11649,GBPINR26DEC120.25PE,GBPINR,29DEC2026,1202500000.000000,1,OPTCUR,CDS,25000.000000,10000,False
11667,GBPINR26N06133.5PE,GBPINR,06NOV2026,1335000000.000000,1,OPTCUR,CDS,25000.000000,10000,False
11691,694GS203626SEP102.5CE,694GS2036,24SEP2026,1025000000.000000,1,OPTIRC,CDS,25000.000000,1250,False
11733,694GS203626DEC98.5CE,694GS2036,31DEC2026,985000000.000000,1,OPTIRC,CDS,25000.000000,1250,False
11768,GBPUSD26SEP1.485PE,GBPUSD,28SEP2026,14850000.000000,1,OPTCUR,CDS,1000.000000,10000,False
11773,GBPUSD26DEC1.48CE,GBPUSD,29DEC2026,14800000.000000,1,OPTCUR,CDS,1000.000000,10000,False
1189,USDINR2692596.375CE,USDINR,25SEP2026,963750000.000000,1,OPTCUR,CDS,25000.000000,10000,False
11782,694GS203626DEC99.5CE,694GS2036,31DEC2026,995000000.000000,1,OPTIRC,CDS,25000.000000,1250,False
11786,694GS203626DEC100CE,694GS2036,31DEC2026,1000000000.000000,1,OPTIRC,CDS,25000.000000,1250,False
11899,USDINR26SEP95PE,USDINR,28SEP2026,950000000.000000,1,OPTCUR,CDS,25000.000000,10000,False
11907,694GS203626DEC101.5CE,694GS2036,31DEC2026,1015000000.000000,1,OPTIRC,CDS,25000.000000,1250,False
11974,JPYINR26N0656.5CE,JPYINR,06NOV2026,565000000.000000,1,OPTCUR,CDS,25000.000000,10000,False
11975,JPYINR26N0656.5PE,JPYINR,06NOV2026,565000000.000000,1,OPTCUR,CDS,25000.000000,10000,False
11999,JPYINR26N0657.75CE,JPYINR,06NOV2026,577500000.000000,1,OPTCUR,CDS,25000.000000,10000,False
12002,JPYINR26N0658PE,JPYINR,06NOV2026,580000000.000000,1,OPTCUR,CDS,25000.000000,10000,False
12009,JPYINR26N0658.75PE,JPYINR,06NOV2026,587500000.000000,1,OPTCUR,CDS,25000.000000,10000,False
12012,694GS203626DEC102PE,694GS2036,31DEC2026,1020000000.000000,1,OPTIRC,CDS,25000.000000,1250,False
12028,JPYINR26N0661PE,JPYINR,06NOV2026,610000000.000000,1,OPTCUR,CDS,25000.000000,10000,False
12036,JPYINR26N0662CE,JPYINR,06NOV2026,620000000.000000,1,OPTCUR,CDS,25000.000000,10000,False
12041,JPYINR26N0662.5PE,JPYINR,06NOV2026,625000000.000000,1,OPTCUR,CDS,25000.000000,10000,False
12042,JPYINR26N0662.75CE,JPYINR,06NOV2026,627500000.000000,1,OPTCUR,CDS,25000.000000,10000,False
12099,694GS203626DEC102.75CE,694GS2036,31DEC2026,1027500000.000000,1,OPTIRC,CDS,25000.000000,1250,False
12119,JPYINR26N0664.5PE,JPYINR,06NOV2026,645000000.000000,1,OPTCUR,CDS,25000.000000,10000,False
12272,USDINR26N0692PE,USDINR,06NOV2026,920000000.000000,1,OPTCUR,CDS,25000.000000,10000,False
12273,USDINR26N0692.25CE,USDINR,06NOV2026,922500000.000000,1,OPTCUR,CDS,25000.000000,10000,False
12295,USDINR26N0694.5PE,USDINR,06NOV2026,945000000.000000,1,OPTCUR,CDS,25000.000000,10000,False
12296,USDINR26N0694.75CE,USDINR,06NOV2026,947500000.000000,1,OPTCUR,CDS,25000.000000,10000,False
12334,USDINR26N0696CE,USDINR,06NOV2026,960000000.000000,1,OPTCUR,CDS,25000.000000,10000,False
12336,USDINR26N0696.125CE,USDINR,06NOV2026,961250000.000000,1,OPTCUR,CDS,25000.000000,10000,False
12338,USDINR26N0696.25CE,USDINR,06NOV2026,962500000.000000,1,OPTCUR,CDS,25000.000000,10000,False
12353,USDINR26N0697.75CE,USDINR,06NOV2026,977500000.000000,1,OPTCUR,CDS,25000.000000,10000,False
12355,USDINR26N0697.75PE,USDINR,06NOV2026,977500000.000000,1,OPTCUR,CDS,25000.000000,10000,False
12358,USDINR26N0698.25CE,USDINR,06NOV2026,982500000.000000,1,OPTCUR,CDS,25000.000000,10000,False
12369,USDINR26NOV91PE,USDINR,26NOV2026,910000000.000000,1,OPTCUR,CDS,25000.000000,10000,False
12408,USDINR26N0698.75CE,USDINR,06NOV2026,987500000.000000,1,OPTCUR,CDS,25000.000000,10000,False
12432,JPYINR26SEP60PE,JPYINR,28SEP2026,600000000.000000,1,OPTCUR,CDS,25000.000000,10000,False
12526,EURINR26SEP111.25CE,EURINR,28SEP2026,1112500000.000000,1,OPTCUR,CDS,25000.000000,10000,False
1255,USDINR26DECFUT,USDINR,29DEC2026,-1.000000,1,FUTCUR,CDS,25000.000000,10000,False
1275,EURUSD26OCTFUT,EURUSD,28OCT2026,-1.000000,1,FUTCUR,CDS,1000.000000,10000,False
1277,GBPUSD26OCTFUT,GBPUSD,28OCT2026,-1.000000,1,FUTCUR,CDS,1000.000000,10000,False
1285,USDJPY26OCTFUT,USDJPY,28OCT2026,-1.000000,1,FUTCUR,CDS,100000.000000,10000,False
12890,GBPINR26DEC121.75CE,GBPINR,29DEC2026,1217500000.000000,1,OPTCUR,CDS,25000.000000,10000,False
12906,GBPUSD27JUN1.36CE,GBPUSD,28JUN2027,13600000.000000,1,OPTCUR,CDS,1000.000000,10000,False
12911,GBPUSD27JUN1.37PE,GBPUSD,28JUN2027,13700000.000000,1,OPTCUR,CDS,1000.000000,10000,False
12913,GBPUSD27JUN1.375PE,GBPUSD,28JUN2027,13750000.000000,1,OPTCUR,CDS,1000.000000,10000,False
12928,USDINR26N0694.875CE,USDINR,06NOV2026,948750000.000000,1,OPTCUR,CDS,25000.000000,10000,False
12944,USDINR26NOV94.75PE,USDINR,26NOV2026,947500000.000000,1,OPTCUR,CDS,25000.000000,10000,False
12954,694GS203627MAR97.75PE,694GS2036,25MAR2027,977500000.000000,1,OPTIRC,CDS,25000.000000,1250,False
12962,694GS203627MAR98.75PE,694GS2036,25MAR2027,987500000.000000,1,OPTIRC,CDS,25000.000000,1250,False
12978,GBPUSD27JUN1.38PE,GBPUSD,28JUN2027,13800000.000000,1,OPTCUR,CDS,1000.000000,10000,False
12979,GBPUSD27JUN1.385CE,GBPUSD,28JUN2027,13850000.000000,1,OPTCUR,CDS,1000.000000,10000,False
13010,USDINR26NOV96.75PE,USDINR,26NOV2026,967500000.000000,1,OPTCUR,CDS,25000.000000,10000,False
13013,694GS203627MAR99.25PE,694GS2036,25MAR2027,992500000.000000,1,OPTIRC,CDS,25000.000000,1250,False
13020,GBPUSD27JUN1.42PE,GBPUSD,28JUN2027,14200000.000000,1,OPTCUR,CDS,1000.000000,10000,False
13030,USDINR26NOV97PE,USDINR,26NOV2026,970000000.000000,1,OPTCUR,CDS,25000.000000,10000,False
13038,GBPUSD26DEC1.2PE,GBPUSD,29DEC2026,12000000.000000,1,OPTCUR,CDS,1000.000000,10000,False
13090,694GS203627MAR101.5PE,694GS2036,25MAR2027,1015000000.000000,1,OPTIRC,CDS,25000.000000,1250,False
13091,694GS203627MAR101.75CE,694GS2036,25MAR2027,1017500000.000000,1,OPTIRC,CDS,25000.000000,1250,False
13094,694GS203627MAR102PE,694GS2036,25MAR2027,1020000000.000000,1,OPTIRC,CDS,25000.000000,1250,False
13097,694GS203627MAR102.5CE,694GS2036,25MAR2027,1025000000.000000,1,OPTIRC,CDS,25000.000000,1250,False
13129,633GS203526DEC96.5CE,633GS2035,31DEC2026,965000000.000000,1,OPTIRC,CDS,25000.000000,1250,False
13137,GBPINR27MAR130.25CE,GBPINR,29MAR2027,1302500000.000000,1,OPTCUR,CDS,25000.000000,10000,False
13139,GBPINR27MAR130.5CE,GBPINR,29MAR2027,1305000000.000000,1,OPTCUR,CDS,25000.000000,10000,False
13197,USDJPY26NOV149.5PE,USDJPY,26NOV2026,1495000000.000000,1,OPTCUR,CDS,100000.000000,10000,False
13198,USDJPY26NOV150CE,USDJPY,26NOV2026,1500000000.000000,1,OPTCUR,CDS,100000.000000,10000,False
13223,USDJPY26NOV156PE,USDJPY,26NOV2026,1560000000.000000,1,OPTCUR,CDS,100000.000000,10000,False
13242,USDJPY26NOV161CE,USDJPY,26NOV2026,1610000000.000000,1,OPTCUR,CDS,100000.000000,10000,False
13254,USDJPY26NOV163.5CE,USDJPY,26NOV2026,1635000000.000000,1,OPTCUR,CDS,100000.000000,10000,False
13257,USDJPY26NOV164PE,USDJPY,26NOV2026,1640000000.000000,1,OPTCUR,CDS,100000.000000,10000,False
13270,USDJPY26NOV167.5CE,USDJPY,26NOV2026,1675000000.000000,1,OPTCUR,CDS,100000.000000,10000,False
13277,USDJPY26NOV169PE,USDJPY,26NOV2026,1690000000.000000,1,OPTCUR,CDS,100000.000000,10000,False
13288,USDJPY26NOV170.5PE,USDJPY,26NOV2026,1705000000.000000,1,OPTCUR,CDS,100000.000000,10000,False
13292,GBPINR26N13FUT,GBPINR,13NOV2026,-1.000000,1,FUTCUR,CDS,25000.000000,10000,False
13297,JPYINR26N13FUT,JPYINR,13NOV2026,-1.000000,1,FUTCUR,CDS,25000.000000,10000,False
13299,633GS203526NOVFUT,633GS2035,26NOV2026,-1.000000,1,FUTIRC,CDS,25000.000000,1250,False
13336,EURINR26N13107.5PE,EURINR,13NOV2026,1075000000.000000,1,OPTCUR,CDS,25000.000000,10000,False
13353,EURINR26N13109.25CE,EURINR,13NOV2026,1092500000.000000,1,OPTCUR,CDS,25000.000000,10000,False
1339,EURINR26NOV107.5CE,EURINR,26NOV2026,1075000000.000000,1,OPTCUR,CDS,25000.000000,10000,False
13374,JPYINR27JUN60PE,JPYINR,28JUN2027,600000000.000000,1,OPTCUR,CDS,25000.000000,10000,False
13376,JPYINR27JUN60.25PE,JPYINR,28JUN2027,602500000.000000,1,OPTCUR,CDS,25000.000000,10000,False
13379,JPYINR27JUN60.75CE,JPYINR,28JUN2027,607500000.000000,1,OPTCUR,CDS,25000.000000,10000,False
13393,JPYINR27JUN62.5CE,JPYINR,28JUN2027,625000000.000000,1,OPTCUR,CDS,25000.000000,10000,False
13395,JPYINR27JUN62.75CE,JPYINR,28JUN2027,627500000.000000,1,OPTCUR,CDS,25000.000000,10000,False
13407,EURINR26N13109.5CE,EURINR,13NOV2026,1095000000.000000,1,OPTCUR,CDS,25000.000000,10000,False
13412,EURINR26N13110PE,EURINR,13NOV2026,1100000000.000000,1,OPTCUR,CDS,25000.000000,10000,False
13417,USDINR26SEP99.5CE,USDINR,28SEP2026,995000000.000000,1,OPTCUR,CDS,25000.000000,10000,False
13422,USDINR26DEC99.25PE,USDINR,29DEC2026,992500000.000000,1,OPTCUR,CDS,25000.000000,10000,False
13424,USDINR26DEC99.5PE,USDINR,29DEC2026,995000000.000000,1,OPTCUR,CDS,25000.000000,10000,False
13434,GBPINR27MAR131.75PE,GBPINR,29MAR2027,1317500000.000000,1,OPTCUR,CDS,25000.000000,10000,False
13435,GBPUSD27MAR1.22CE,GBPUSD,29MAR2027,12200000.000000,1,OPTCUR,CDS,1000.000000,10000,False
13437,GBPUSD27MAR1.225CE,GBPUSD,29MAR2027,12250000.000000,1,OPTCUR,CDS,1000.000000,10000,False
13454,GBPUSD27MAR1.265PE,GBPUSD,29MAR2027,12650000.000000,1,OPTCUR,CDS,1000.000000,10000,False
13457,EURINR26N13110.25CE,EURINR,13NOV2026,1102500000.000000,1,OPTCUR,CDS,25000.000000,10000,False
13471,GBPUSD27MAR1.3PE,GBPUSD,29MAR2027,13000000.000000,1,OPTCUR,CDS,1000.000000,10000,False
13472,GBPUSD27MAR1.305CE,GBPUSD,29MAR2027,13050000.000000,1,OPTCUR,CDS,1000.000000,10000,False
13475,GBPUSD27MAR1.31PE,GBPUSD,29MAR2027,13100000.000000,1,OPTCUR,CDS,1000.000000,10000,False
13484,GBPUSD27MAR1.335CE,GBPUSD,29MAR2027,13350000.000000,1,OPTCUR,CDS,1000.000000,10000,False
1349,EURINR26NOV107.75PE,EURINR,26NOV2026,1077500000.000000,1,OPTCUR,CDS,25000.000000,10000,False
13488,GBPUSD27MAR1.345CE,GBPUSD,29MAR2027,13450000.000000,1,OPTCUR,CDS,1000.000000,10000,False
13497,GBPUSD27MAR1.365PE,GBPUSD,29MAR2027,13650000.000000,1,OPTCUR,CDS,1000.000000,10000,False
13499,GBPUSD27MAR1.37PE,GBPUSD,29MAR2027,13700000.000000,1,OPTCUR,CDS,1000.000000,10000,False
13500,GBPUSD27MAR1.375CE,GBPUSD,29MAR2027,13750000.000000,1,OPTCUR,CDS,1000.000000,10000,False
13505,GBPUSD27MAR1.385PE,GBPUSD,29MAR2027,13850000.000000,1,OPTCUR,CDS,1000.000000,10000,False
13509,GBPUSD27MAR1.395PE,GBPUSD,29MAR2027,13950000.000000,1,OPTCUR,CDS,1000.000000,10000,False
13511,GBPUSD27MAR1.4PE,GBPUSD,29MAR2027,14000000.000000,1,OPTCUR,CDS,1000.000000,10000,False
13540,EURINR26N13111CE,EURINR,13NOV2026,1110000000.000000,1,OPTCUR,CDS,25000.000000,10000,False
13542,EURINR26N13111.25CE,EURINR,13NOV2026,1112500000.000000,1,OPTCUR,CDS,25000.000000,10000,False
13546,GBPINR26DEC124.5PE,GBPINR,29DEC2026,1245000000.000000,1,OPTCUR,CDS,25000.000000,10000,False
13547,GBPINR26DEC124.75CE,GBPINR,29DEC2026,1247500000.000000,1,OPTCUR,CDS,25000.000000,10000,False
13552,GBPUSD27MAR1.435PE,GBPUSD,29MAR2027,14350000.000000,1,OPTCUR,CDS,1000.000000,10000,False
13560,GBPINR26DEC125.5PE,GBPINR,29DEC2026,1255000000.000000,1,OPTCUR,CDS,25000.000000,10000,False
13569,GBPINR26DEC126.75CE,GBPINR,29DEC2026,1267500000.000000,1,OPTCUR,CDS,25000.000000,10000,False
13576,GBPUSD26DEC1.225PE,GBPUSD,29DEC2026,12250000.000000,1,OPTCUR,CDS,1000.000000,10000,False
13579,GBPUSD26DEC1.235CE,GBPUSD,29DEC2026,12350000.000000,1,OPTCUR,CDS,1000.000000,10000,False
13585,GBPUSD26DEC1.25CE,GBPUSD,29DEC2026,12500000.000000,1,OPTCUR,CDS,1000.000000,10000,False
13588,EURINR26N13111.75CE,EURINR,13NOV2026,1117500000.000000,1,OPTCUR,CDS,25000.000000,10000,False
13597,GBPUSD26DEC1.275CE,GBPUSD,29DEC2026,12750000.000000,1,OPTCUR,CDS,1000.000000,10000,False
13615,EURINR26N13112.5PE,EURINR,13NOV2026,1125000000.000000,1,OPTCUR,CDS,25000.000000,10000,False
13620,EURINR26N13113.25CE,EURINR,13NOV2026,1132500000.000000,1,OPTCUR,CDS,25000.000000,10000,False
13634,GBPUSD27MAR1.455CE,GBPUSD,29MAR2027,14550000.000000,1,OPTCUR,CDS,1000.000000,10000,False
13636,GBPUSD27MAR1.46CE,GBPUSD,29MAR2027,14600000.000000,1,OPTCUR,CDS,1000.000000,10000,False
13676,JPYINR27MAR56.75CE,JPYINR,29MAR2027,567500000.000000,1,OPTCUR,CDS,25000.000000,10000,False
13698,JPYINR27MAR58.75CE,JPYINR,29MAR2027,587500000.000000,1,OPTCUR,CDS,25000.000000,10000,False
13715,JPYINR27MAR59.75PE,JPYINR,29MAR2027,597500000.000000,1,OPTCUR,CDS,25000.000000,10000,False
13716,JPYINR27MAR60CE,JPYINR,29MAR2027,600000000.000000,1,OPTCUR,CDS,25000.000000,10000,False
13718,JPYINR27MAR60.25CE,JPYINR,29MAR2027,602500000.000000,1,OPTCUR,CDS,25000.000000,10000,False
13728,JPYINR27MAR61.25CE,JPYINR,29MAR2027,612500000.000000,1,OPTCUR,CDS,25000.000000,10000,False
13741,GBPUSD26DEC1.325CE,GBPUSD,29DEC2026,13250000.000000,1,OPTCUR,CDS,1000.000000,10000,False
13769,GBPUSD26DEC1.37PE,GBPUSD,29DEC2026,13700000.000000,1,OPTCUR,CDS,1000.000000,10000,False
13770,GBPUSD26DEC1.375CE,GBPUSD,29DEC2026,13750000.000000,1,OPTCUR,CDS,1000.000000,10000,False
13773,GBPUSD26DEC1.38PE,GBPUSD,29DEC2026,13800000.000000,1,OPTCUR,CDS,1000.000000,10000,False
13789,GBPUSD26DEC1.405PE,GBPUSD,29DEC2026,14050000.000000,1,OPTCUR,CDS,1000.000000,10000,False
13792,GBPUSD26DEC1.415CE,GBPUSD,29DEC2026,14150000.000000,1,OPTCUR,CDS,1000.000000,10000,False
1380,USDINR26O2394.375CE,USDINR,23OCT2026,943750000.000000,1,OPTCUR,CDS,25000.000000,10000,False
1385,GBPUSD27MAR1.205PE,GBPUSD,29MAR2027,12050000.000000,1,OPTCUR,CDS,1000.000000,10000,False
13800,GBPUSD26DEC1.435CE,GBPUSD,29DEC2026,14350000.000000,1,OPTCUR,CDS,1000.000000,10000,False
13836,GBPINR26N13125.75PE,GBPINR,13NOV2026,1257500000.000000,1,OPTCUR,CDS,25000.000000,10000,False
1387,EURINR26NOV108.25PE,EURINR,26NOV2026,1082500000.000000,1,OPTCUR,CDS,25000.000000,10000,False
13864,GBPINR26N13128PE,GBPINR,13NOV2026,1280000000.000000,1,OPTCUR,CDS,25000.000000,10000,False
13865,GBPINR26N13128.25CE,GBPINR,13NOV2026,1282500000.000000,1,OPTCUR,CDS,25000.000000,10000,False
13884,GBPINR26N13130PE,GBPINR,13NOV2026,1300000000.000000,1,OPTCUR,CDS,25000.000000,10000,False
13898,GBPINR26N13131.75CE,GBPINR,13NOV2026,1317500000.000000,1,OPTCUR,CDS,25000.000000,10000,False
13901,GBPINR26N13132PE,GBPINR,13NOV2026,1320000000.000000,1,OPTCUR,CDS,25000.000000,10000,False
13902,GBPINR26N13132.25CE,GBPINR,13NOV2026,1322500000.000000,1,OPTCUR,CDS,25000.000000,10000,False
13906,GBPINR26N13132.75CE,GBPINR,13NOV2026,1327500000.000000,1,OPTCUR,CDS,25000.000000,10000,False
13907,GBPINR26N13132.75PE,GBPINR,13NOV2026,1327500000.000000,1,OPTCUR,CDS,25000.000000,10000,False
13941,GBPUSD26NOV1.24PE,GBPUSD,26NOV2026,12400000.000000,1,OPTCUR,CDS,1000.000000,10000,False
13980,JPYINR26N1357.75PE,JPYINR,13NOV2026,577500000.000000,1,OPTCUR,CDS,25000.000000,10000,False
13995,JPYINR26N1359CE,JPYINR,13NOV2026,590000000.000000,1,OPTCUR,CDS,25000.000000,10000,False
1400,JPYINR26O30FUT,JPYINR,30OCT2026,-1.000000,1,FUTCUR,CDS,25000.000000,10000,False
14005,JPYINR26N1359.75CE,JPYINR,13NOV2026,597500000.000000,1,OPTCUR,CDS,25000.000000,10000,False
14013,JPYINR26N1360.75CE,JPYINR,13NOV2026,607500000.000000,1,OPTCUR,CDS,25000.000000,10000,False
14015,JPYINR26N1361CE,JPYINR,13NOV2026,610000000.000000,1,OPTCUR,CDS,25000.000000,10000,False
14040,JPYINR26N1363.5PE,JPYINR,13NOV2026,635000000.000000,1,OPTCUR,CDS,25000.000000,10000,False
14042,JPYINR26N1363.75PE,JPYINR,13NOV2026,637500000.000000,1,OPTCUR,CDS,25000.000000,10000,False
14049,JPYINR26N1364.75CE,JPYINR,13NOV2026,647500000.000000,1,OPTCUR,CDS,25000.000000,10000,False
14050,JPYINR26N1364.75PE,JPYINR,13NOV2026,647500000.000000,1,OPTCUR,CDS,25000.000000,10000,False
1411,GBPUSD26SEP1.205CE,GBPUSD,28SEP2026,12050000.000000,1,OPTCUR,CDS,1000.000000,10000,False
14079,USDINR26N1391.5CE,USDINR,13NOV2026,915000000.000000,1,OPTCUR,CDS,25000.000000,10000,False
14108,USDINR27MAR90PE,USDINR,29MAR2027,900000000.000000,1,OPTCUR,CDS,25000.000000,10000,False
14111,USDINR27MAR90.5CE,USDINR,29MAR2027,905000000.000000,1,OPTCUR,CDS,25000.000000,10000,False
14123,GBPINR26SEP127CE,GBPINR,28SEP2026,1270000000.000000,1,OPTCUR,CDS,25000.000000,10000,False
14128,GBPUSD26DEC1.465PE,GBPUSD,29DEC2026,14650000.000000,1,OPTCUR,CDS,1000.000000,10000,False
14130,USDINR26N1393.75PE,USDINR,13NOV2026,937500000.000000,1,OPTCUR,CDS,25000.000000,10000,False
14139,USDINR27MAR91.5CE,USDINR,29MAR2027,915000000.000000,1,OPTCUR,CDS,25000.000000,10000,False
14141,USDINR27MAR91.75CE,USDINR,29MAR2027,917500000.000000,1,OPTCUR,CDS,25000.000000,10000,False
14146,USDINR27MAR92.25PE,USDINR,29MAR2027,922500000.000000,1,OPTCUR,CDS,25000.000000,10000,False
14154,USDINR27MAR92.5PE,USDINR,29MAR2027,925000000.000000,1,OPTCUR,CDS,25000.000000,10000,False
14168,USDINR26N1395.375PE,USDINR,13NOV2026,953750000.000000,1,OPTCUR,CDS,25000.000000,10000,False
14170,USDINR26N1395.5PE,USDINR,13NOV2026,955000000.000000,1,OPTCUR,CDS,25000.000000,10000,False
14178,USDINR26N1396PE,USDINR,13NOV2026,960000000.000000,1,OPTCUR,CDS,25000.000000,10000,False
14184,USDINR26N1396.5PE,USDINR,13NOV2026,965000000.000000,1,OPTCUR,CDS,25000.000000,10000,False
14187,USDINR26N1397CE,USDINR,13NOV2026,970000000.000000,1,OPTCUR,CDS,25000.000000,10000,False
14192,USDINR26N1397.5PE,USDINR,13NOV2026,975000000.000000,1,OPTCUR,CDS,25000.000000,10000,False
14199,USDINR26N1398.5CE,USDINR,13NOV2026,985000000.000000,1,OPTCUR,CDS,25000.000000,10000,False
14249,633GS203526NOV95.75CE,633GS2035,26NOV2026,957500000.000000,1,OPTIRC,CDS,25000.000000,1250,False
14265,633GS203526NOV97.75CE,633GS2035,26NOV2026,977500000.000000,1,OPTIRC,CDS,25000.000000,1250,False
14272,633GS203526NOV98.5PE,633GS2035,26NOV2026,985000000.000000,1,OPTIRC,CDS,25000.000000,1250,False
14308,636GS203126NOV97.25PE,636GS2031,26NOV2026,972500000.000000,1,OPTIRC,CDS,25000.000000,1250,False
14313,636GS203126NOV98CE,636GS2031,26NOV2026,980000000.000000,1,OPTIRC,CDS,25000.000000,1250,False
14314,636GS203126NOV98PE,636GS2031,26NOV2026,980000000.000000,1,OPTIRC,CDS,25000.000000,1250,False
14318,636GS203126NOV98.5PE,636GS2031,26NOV2026,985000000.000000,1,OPTIRC,CDS,25000.000000,1250,False
14323,636GS203126NOV99.25CE,636GS2031,26NOV2026,992500000.000000,1,OPTIRC,CDS,25000.000000,1250,False
14324,636GS203126NOV99.25PE,636GS2031,26NOV2026,992500000.000000,1,OPTIRC,CDS,25000.000000,1250,False
14336,636GS203126NOV100.75PE,636GS2031,26NOV2026,1007500000.000000,1,OPTIRC,CDS,25000.000000,1250,False
1442,USDJPY26SEP174.5CE,USDJPY,28SEP2026,1745000000.000000,1,OPTCUR,CDS,100000.000000,10000,False
14387,648GS203526NOV97CE,648GS2035,26NOV2026,970000000.000000,1,OPTIRC,CDS,25000.000000,1250,False
14390,648GS203526NOV97.25PE,648GS2035,26NOV2026,972500000.000000,1,OPTIRC,CDS,25000.000000,1250,False
14395,648GS203526NOV98CE,648GS2035,26NOV2026,980000000.000000,1,OPTIRC,CDS,25000.000000,1250,False
14452,668GS204026NOV95CE,668GS2040,26NOV2026,950000000.000000,1,OPTIRC,CDS,25000.000000,1250,False
14454,668GS204026NOV95.25CE,668GS2040,26NOV2026,952500000.000000,1,OPTIRC,CDS,25000.000000,1250,False
14458,668GS204026NOV95.75CE,668GS2040,26NOV2026,957500000.000000,1,OPTIRC,CDS,25000.000000,1250,False
14461,668GS204026NOV96PE,668GS2040,26NOV2026,960000000.000000,1,OPTIRC,CDS,25000.000000,1250,False
1447,GBPUSD26SEP1.205PE,GBPUSD,28SEP2026,12050000.000000,1,OPTCUR,CDS,1000.000000,10000,False
14465,668GS204026NOV96.5PE,668GS2040,26NOV2026,965000000.000000,1,OPTIRC,CDS,25000.000000,1250,False
14476,668GS204026NOV98CE,668GS2040,26NOV2026,980000000.000000,1,OPTIRC,CDS,25000.000000,1250,False
14485,668GS204026NOV98.75PE,668GS2040,26NOV2026,987500000.000000,1,OPTIRC,CDS,25000.000000,1250,False
14486,668GS204026NOV99CE,668GS2040,26NOV2026,990000000.000000,1,OPTIRC,CDS,25000.000000,1250,False
14518,694GS203626NOV97.75CE,694GS2036,26NOV2026,977500000.000000,1,OPTIRC,CDS,25000.000000,1250,False
14520,694GS203626NOV98CE,694GS2036,26NOV2026,980000000.000000,1,OPTIRC,CDS,25000.000000,1250,False
14521,694GS203626NOV98PE,694GS2036,26NOV2026,980000000.000000,1,OPTIRC,CDS,25000.000000,1250,False
1458,EURINR26NOV110.5PE,EURINR,26NOV2026,1105000000.000000,1,OPTCUR,CDS,25000.000000,10000,False
14550,694GS203626NOV101.75CE,694GS2036,26NOV2026,1017500000.000000,1,OPTIRC,CDS,25000.000000,1250,False
14576,723GS203926NOV99.25CE,723GS2039,26NOV2026,992500000.000000,1,OPTIRC,CDS,25000.000000,1250,False
14588,723GS203926NOV100.75CE,723GS2039,26NOV2026,1007500000.000000,1,OPTIRC,CDS,25000.000000,1250,False
14590,723GS203926NOV101CE,723GS2039,26NOV2026,1010000000.000000,1,OPTIRC,CDS,25000.000000,1250,False
14592,723GS203926NOV101.25CE,723GS2039,26NOV2026,1012500000.000000,1,OPTIRC,CDS,25000.000000,1250,False
14611,723GS203926NOV103.5PE,723GS2039,26NOV2026,1035000000.000000,1,OPTIRC,CDS,25000.000000,1250,False
14614,723GS203926NOV104CE,723GS2039,26NOV2026,1040000000.000000,1,OPTIRC,CDS,25000.000000,1250,False
1463,EURUSD26NOVFUT,EURUSD,26NOV2026,-1.000000,1,FUTCUR,CDS,1000.000000,10000,False
14620,723GS203926NOV104.75CE,723GS2039,26NOV2026,1047500000.000000,1,OPTIRC,CDS,25000.000000,1250,False
14636,USDINR27MAR94.5PE,USDINR,29MAR2027,945000000.000000,1,OPTCUR,CDS,25000.000000,10000,False
14642,USDINR27MAR95.25PE,USDINR,29MAR2027,952500000.000000,1,OPTCUR,CDS,25000.000000,10000,False
14649,USDINR27MAR95.75CE,USDINR,29MAR2027,957500000.000000,1,OPTCUR,CDS,25000.000000,10000,False
14689,USDINR27MAR96CE,USDINR,29MAR2027,960000000.000000,1,OPTCUR,CDS,25000.000000,10000,False
14705,USDINR27MAR98CE,USDINR,29MAR2027,980000000.000000,1,OPTCUR,CDS,25000.000000,10000,False
14707,USDINR27MAR98.25CE,USDINR,29MAR2027,982500000.000000,1,OPTCUR,CDS,25000.000000,10000,False
14709,USDINR27MAR98.5CE,USDINR,29MAR2027,985000000.000000,1,OPTCUR,CDS,25000.000000,10000,False
14742,USDJPY27MAR147.5PE,USDJPY,29MAR2027,1475000000.000000,1,OPTCUR,CDS,100000.000000,10000,False
1477,EURINR26NOV111.25PE,EURINR,26NOV2026,1112500000.000000,1,OPTCUR,CDS,25000.000000,10000,False
14763,USDJPY27MAR150CE,USDJPY,29MAR2027,1500000000.000000,1,OPTCUR,CDS,100000.000000,10000,False
14770,USDJPY27MAR151.5PE,USDJPY,29MAR2027,1515000000.000000,1,OPTCUR,CDS,100000.000000,10000,False
14774,USDJPY27MAR152.5PE,USDJPY,29MAR2027,1525000000.000000,1,OPTCUR,CDS,100000.000000,10000,False
1483,EURINR26NOV111.75PE,EURINR,26NOV2026,1117500000.000000,1,OPTCUR,CDS,25000.000000,10000,False
14789,USDJPY27MAR156.5CE,USDJPY,29MAR2027,1565000000.000000,1,OPTCUR,CDS,100000.000000,10000,False
14854,USDJPY27MAR158.5PE,USDJPY,29MAR2027,1585000000.000000,1,OPTCUR,CDS,100000.000000,10000,False
14872,USDJPY27MAR160.5PE,USDJPY,29MAR2027,1605000000.000000,1,OPTCUR,CDS,100000.000000,10000,False
14873,USDJPY27MAR161CE,USDJPY,29MAR2027,1610000000.000000,1,OPTCUR,CDS,100000.000000,10000,False
14875,USDJPY27MAR161.5CE,USDJPY,29MAR2027,1615000000.000000,1,OPTCUR,CDS,100000.000000,10000,False
14891,USDJPY27MAR162.5CE,USDJPY,29MAR2027,1625000000.000000,1,OPTCUR,CDS,100000.000000,10000,False
14938,USDJPY27MAR165CE,USDJPY,29MAR2027,1650000000.000000,1,OPTCUR,CDS,100000.000000,10000,False
15,GOI7.88%2030,788GS2030,,-1.000000,1,UNDIRC,CDS,25000.000000,1250,False
15030,USDJPY27MAR165PE,USDJPY,29MAR2027,1650000000.000000,1,OPTCUR,CDS,100000.000000,10000,False
15151,USDJPY27MAR167.5CE,USDJPY,29MAR2027,1675000000.000000,1,OPTCUR,CDS,100000.000000,10000,False
15190,JPYINR26DEC55CE,JPYINR,29DEC2026,550000000.000000,1,OPTCUR,CDS,25000.000000,10000,False
15196,JPYINR26DEC55.75CE,JPYINR,29DEC2026,557500000.000000,1,OPTCUR,CDS,25000.000000,10000,False
15200,JPYINR26DEC56.25CE,JPYINR,29DEC2026,562500000.000000,1,OPTCUR,CDS,25000.000000,10000,False
15207,JPYINR26DEC57PE,JPYINR,29DEC2026,570000000.000000,1,OPTCUR,CDS,25000.000000,10000,False
15211,JPYINR26DEC57.5PE,JPYINR,29DEC2026,575000000.000000,1,OPTCUR,CDS,25000.000000,10000,False
15214,JPYINR26DEC58CE,JPYINR,29DEC2026,580000000.000000,1,OPTCUR,CDS,25000.000000,10000,False
15220,JPYINR26DEC58.75CE,JPYINR,29DEC2026,587500000.000000,1,OPTCUR,CDS,25000.000000,10000,False
15228,JPYINR26DEC59.75CE,JPYINR,29DEC2026,597500000.000000,1,OPTCUR,CDS,25000.000000,10000,False
15399,JPYINR26DEC60PE,JPYINR,29DEC2026,600000000.000000,1,OPTCUR,CDS,25000.000000,10000,False
15400,JPYINR26DEC60.25CE,JPYINR,29DEC2026,602500000.000000,1,OPTCUR,CDS,25000.000000,10000,False
15407,694GS203627MAR103.5CE,694GS2036,25MAR2027,1035000000.000000,1,OPTIRC,CDS,25000.000000,1250,False
15416,668GS204026SEP91CE,668GS2040,24SEP2026,910000000.000000,1,OPTIRC,CDS,25000.000000,1250,False
15463,USDINR27JUN92.75PE,USDINR,28JUN2027,927500000.000000,1,OPTCUR,CDS,25000.000000,10000,False
15466,USDINR27JUN93.25CE,USDINR,28JUN2027,932500000.000000,1,OPTCUR,CDS,25000.000000,10000,False
15468,USDINR27JUN93.5CE,USDINR,28JUN2027,935000000.000000,1,OPTCUR,CDS,25000.000000,10000,False
15471,USDINR27JUN93.75PE,USDINR,28JUN2027,937500000.000000,1,OPTCUR,CDS,25000.000000,10000,False
15476,USDINR27JUN94.5CE,USDINR,28JUN2027,945000000.000000,1,OPTCUR,CDS,25000.000000,10000,False
15478,USDINR27JUN94.75CE,USDINR,28JUN2027,947500000.000000,1,OPTCUR,CDS,25000.000000,10000,False
15483,USDINR27JUN95.25PE,USDINR,28JUN2027,952500000.000000,1,OPTCUR,CDS,25000.000000,10000,False
15523,JPYINR26DEC63PE,JPYINR,29DEC2026,630000000.000000,1,OPTCUR,CDS,25000.000000,10000,False
15529,USDINR27JUN97.25CE,USDINR,28JUN2027,972500000.000000,1,OPTCUR,CDS,25000.000000,10000,False
15533,USDINR27JUN97.5CE,USDINR,28JUN2027,975000000.000000,1,OPTCUR,CDS,25000.000000,10000,False
15541,USDINR27JUN98.5CE,USDINR,28JUN2027,985000000.000000,1,OPTCUR,CDS,25000.000000,10000,False
15542,USDINR27JUN98.5PE,USDINR,28JUN2027,985000000.000000,1,OPTCUR,CDS,25000.000000,10000,False
15545,USDINR27JUN99CE,USDINR,28JUN2027,990000000.000000,1,OPTCUR,CDS,25000.000000,10000,False
15570,USDINR26DEC86.5CE,USDINR,29DEC2026,865000000.000000,1,OPTCUR,CDS,25000.000000,10000,False
15580,USDINR26DEC87.75CE,USDINR,29DEC2026,877500000.000000,1,OPTCUR,CDS,25000.000000,10000,False
15605,USDINR26DEC90.75PE,USDINR,29DEC2026,907500000.000000,1,OPTCUR,CDS,25000.000000,10000,False
15607,USDINR26DEC91PE,USDINR,29DEC2026,910000000.000000,1,OPTCUR,CDS,25000.000000,10000,False
15638,USDJPY27JUN152CE,USDJPY,28JUN2027,1520000000.000000,1,OPTCUR,CDS,100000.000000,10000,False
15639,USDJPY27JUN152PE,USDJPY,28JUN2027,1520000000.000000,1,OPTCUR,CDS,100000.000000,10000,False
15642,USDJPY27JUN153CE,USDJPY,28JUN2027,1530000000.000000,1,OPTCUR,CDS,100000.000000,10000,False
15647,USDJPY27JUN154PE,USDJPY,28JUN2027,1540000000.000000,1,OPTCUR,CDS,100000.000000,10000,False
1565,91DTB26DECFUT,91DTB,30DEC2026,-1.000000,1,FUTIRT,CDS,25000.000000,7000,False
15651,USDJPY27JUN155PE,USDJPY,28JUN2027,1550000000.000000,1,OPTCUR,CDS,100000.000000,10000,False
15653,USDJPY27JUN155.5PE,USDJPY,28JUN2027,1555000000.000000,1,OPTCUR,CDS,100000.000000,10000,False
15654,USDJPY27JUN156CE,USDJPY,28JUN2027,1560000000.000000,1,OPTCUR,CDS,100000.000000,10000,False
15663,USDINR26DEC93CE,USDINR,29DEC2026,930000000.000000,1,OPTCUR,CDS,25000.000000,10000,False
15665,USDINR26DEC93.25CE,USDINR,29DEC2026,932500000.000000,1,OPTCUR,CDS,25000.000000,10000,False
15666,USDINR26DEC93.25PE,USDINR,29DEC2026,932500000.000000,1,OPTCUR,CDS,25000.000000,10000,False
15686,USDINR26DEC95.25PE,USDINR,29DEC2026,952500000.000000,1,OPTCUR,CDS,25000.000000,10000,False
15699,USDJPY26DEC145PE,USDJPY,29DEC2026,1450000000.000000,1,OPTCUR,CDS,100000.000000,10000,False
15706,USDJPY26DEC147CE,USDJPY,29DEC2026,1470000000.000000,1,OPTCUR,CDS,100000.000000,10000,False
15730,USDJPY26DEC153CE,USDJPY,29DEC2026,1530000000.000000,1,OPTCUR,CDS,100000.000000,10000,False
15741,USDJPY26DEC155.5PE,USDJPY,29DEC2026,1555000000.000000,1,OPTCUR,CDS,100000.000000,10000,False
15744,USDJPY26DEC156.5CE,USDJPY,29DEC2026,1565000000.000000,1,OPTCUR,CDS,100000.000000,10000,False
15751,USDJPY26DEC158PE,USDJPY,29DEC2026,1580000000.000000,1,OPTCUR,CDS,100000.000000,10000,False
15752,USDJPY26DEC158.5CE,USDJPY,29DEC2026,1585000000.000000,1,OPTCUR,CDS,100000.000000,10000,False
15758,USDJPY26DEC160CE,USDJPY,29DEC2026,1600000000.000000,1,OPTCUR,CDS,100000.000000,10000,False
15776,USDJPY26DEC164.5CE,USDJPY,29DEC2026,1645000000.000000,1,OPTCUR,CDS,100000.000000,10000,False
15789,694GS203626SEP103.75PE,694GS2036,24SEP2026,1037500000.000000,1,OPTIRC,CDS,25000.000000,1250,False
15813,USDJPY27JUN162PE,USDJPY,28JUN2027,1620000000.000000,1,OPTCUR,CDS,100000.000000,10000,False
15814,USDJPY27JUN162.5CE,USDJPY,28JUN2027,1625000000.000000,1,OPTCUR,CDS,100000.000000,10000,False
15818,USDJPY27JUN163.5CE,USDJPY,28JUN2027,1635000000.000000,1,OPTCUR,CDS,100000.000000,10000,False
15819,USDJPY27JUN163.5PE,USDJPY,28JUN2027,1635000000.000000,1,OPTCUR,CDS,100000.000000,10000,False
15826,USDJPY27JUN165.5CE,USDJPY,28JUN2027,1655000000.000000,1,OPTCUR,CDS,100000.000000,10000,False
15827,USDJPY27JUN165.5PE,USDJPY,28JUN2027,1655000000.000000,1,OPTCUR,CDS,100000.000000,10000,False
15840,USDJPY27JUN169CE,USDJPY,28JUN2027,1690000000.000000,1,OPTCUR,CDS,100000.000000,10000,False
15850,USDJPY27JUN171.5CE,USDJPY,28JUN2027,1715000000.000000,1,OPTCUR,CDS,100000.000000,10000,False
15859,USDJPY27JUN173.5PE,USDJPY,28JUN2027,1735000000.000000,1,OPTCUR,CDS,100000.000000,10000,False
15914,668GS204027JUNFUT,668GS2040,24JUN2027,-1.000000,1,FUTIRC,CDS,25000.000000,1250,False
15916,723GS203927JUNFUT,723GS2039,24JUN2027,-1.000000,1,FUTIRC,CDS,25000.000000,1250,False
15994,648GS203527JUN95.75PE,648GS2035,24JUN2027,957500000.000000,1,OPTIRC,CDS,25000.000000,1250,False
16013,648GS203527JUN98.25CE,648GS2035,24JUN2027,982500000.000000,1,OPTIRC,CDS,25000.000000,1250,False
16015,648GS203527JUN98.5CE,648GS2035,24JUN2027,985000000.000000,1,OPTIRC,CDS,25000.000000,1250,False
16018,648GS203527JUN98.75PE,648GS2035,24JUN2027,987500000.000000,1,OPTIRC,CDS,25000.000000,1250,False
16053,USDJPY26DEC167.5CE,USDJPY,29DEC2026,1675000000.000000,1,OPTCUR,CDS,100000.000000,10000,False
16063,668GS204027JUN93.75CE,668GS2040,24JUN2027,937500000.000000,1,OPTIRC,CDS,25000.000000,1250,False
16067,668GS204027JUN94.25CE,668GS2040,24JUN2027,942500000.000000,1,OPTIRC,CDS,25000.000000,1250,False
16070,USDJPY26DEC167.5PE,USDJPY,29DEC2026,1675000000.000000,1,OPTCUR,CDS,100000.000000,10000,False
16076,668GS204027JUN95PE,668GS2040,24JUN2027,950000000.000000,1,OPTIRC,CDS,25000.000000,1250,False
16084,668GS204027JUN95.75PE,668GS2040,24JUN2027,957500000.000000,1,OPTIRC,CDS,25000.000000,1250,False
16111,668GS204027JUN99.25CE,668GS2040,24JUN2027,992500000.000000,1,OPTIRC,CDS,25000.000000,1250,False
16116,668GS204027JUN99.75PE,668GS2040,24JUN2027,997500000.000000,1,OPTIRC,CDS,25000.000000,1250,False
16158,694GS203627JUN97.5CE,694GS2036,24JUN2027,975000000.000000,1,OPTIRC,CDS,25000.000000,1250,False
16160,694GS203627JUN97.75CE,694GS2036,24JUN2027,977500000.000000,1,OPTIRC,CDS,25000.000000,1250,False
16175,694GS203627JUN99.5PE,694GS2036,24JUN2027,995000000.000000,1,OPTIRC,CDS,25000.000000,1250,False
16260,723GS203927JUN101CE,723GS2039,24JUN2027,1010000000.000000,1,OPTIRC,CDS,25000.000000,1250,False
16190,694GS203627JUN101.5CE,694GS2036,24JUN2027,1015000000.000000,1,OPTIRC,CDS,25000.000000,1250,False
16203,694GS203627JUN103PE,694GS2036,24JUN2027,1030000000.000000,1,OPTIRC,CDS,25000.000000,1250,False
16249,723GS203927JUN99.75PE,723GS2039,24JUN2027,997500000.000000,1,OPTIRC,CDS,25000.000000,1250,False
16267,723GS203927JUN101.75CE,723GS2039,24JUN2027,1017500000.000000,1,OPTIRC,CDS,25000.000000,1250,False
16272,723GS203927JUN102.25PE,723GS2039,24JUN2027,1022500000.000000,1,OPTIRC,CDS,25000.000000,1250,False
16293,723GS203927JUN104.75PE,723GS2039,24JUN2027,1047500000.000000,1,OPTIRC,CDS,25000.000000,1250,False
16294,723GS203927JUN105CE,723GS2039,24JUN2027,1050000000.000000,1,OPTIRC,CDS,25000.000000,1250,False
16360,JPYINR26SEP64CE,JPYINR,28SEP2026,640000000.000000,1,OPTCUR,CDS,25000.000000,10000,False
16419,USDINR26SEP86.75PE,USDINR,28SEP2026,867500000.000000,1,OPTCUR,CDS,25000.000000,10000,False
16426,USDINR26SEP87.75CE,USDINR,28SEP2026,877500000.000000,1,OPTCUR,CDS,25000.000000,10000,False
16432,USDINR26SEP88.5CE,USDINR,28SEP2026,885000000.000000,1,OPTCUR,CDS,25000.000000,10000,False
16436,USDINR26SEP89CE,USDINR,28SEP2026,890000000.000000,1,OPTCUR,CDS,25000.000000,10000,False
16444,USDINR26SEP90CE,USDINR,28SEP2026,900000000.000000,1,OPTCUR,CDS,25000.000000,10000,False
16455,USDINR26SEP91.25PE,USDINR,28SEP2026,912500000.000000,1,OPTCUR,CDS,25000.000000,10000,False
16458,USDINR26SEP91.75CE,USDINR,28SEP2026,917500000.000000,1,OPTCUR,CDS,25000.000000,10000,False
16479,USDINR26SEP94.25PE,USDINR,28SEP2026,942500000.000000,1,OPTCUR,CDS,25000.000000,10000,False
16483,USDINR26SEP94.75PE,USDINR,28SEP2026,947500000.000000,1,OPTCUR,CDS,25000.000000,10000,False
16518,USDJPY26SEP145CE,USDJPY,28SEP2026,1450000000.000000,1,OPTCUR,CDS,100000.000000,10000,False
16527,USDJPY26SEP147PE,USDJPY,28SEP2026,1470000000.000000,1,OPTCUR,CDS,100000.000000,10000,False
16533,USDJPY26SEP148.5PE,USDJPY,28SEP2026,1485000000.000000,1,OPTCUR,CDS,100000.000000,10000,False
16547,USDJPY26SEP152PE,USDJPY,28SEP2026,1520000000.000000,1,OPTCUR,CDS,100000.000000,10000,False
16564,USDJPY26SEP156.5CE,USDJPY,28SEP2026,1565000000.000000,1,OPTCUR,CDS,100000.000000,10000,False
16566,USDJPY26SEP157CE,USDJPY,28SEP2026,1570000000.000000,1,OPTCUR,CDS,100000.000000,10000,False
16567,USDJPY26SEP157PE,USDJPY,28SEP2026,1570000000.000000,1,OPTCUR,CDS,100000.000000,10000,False
16571,USDJPY26SEP158PE,USDJPY,28SEP2026,1580000000.000000,1,OPTCUR,CDS,100000.000000,10000,False
16576,USDJPY26SEP159.5CE,USDJPY,28SEP2026,1595000000.000000,1,OPTCUR,CDS,100000.000000,10000,False
16589,633GS203526SEP95.25PE,633GS2035,24SEP2026,952500000.000000,1,OPTIRC,CDS,25000.000000,1250,False
16597,633GS203526SEP96.25PE,633GS2035,24SEP2026,962500000.000000,1,OPTIRC,CDS,25000.000000,1250,False
16601,633GS203526SEP96.75PE,633GS2035,24SEP2026,967500000.000000,1,OPTIRC,CDS,25000.000000,1250,False
16606,633GS203526SEP97.5CE,633GS2035,24SEP2026,975000000.000000,1,OPTIRC,CDS,25000.000000,1250,False
16613,633GS203526SEP98.25PE,633GS2035,24SEP2026,982500000.000000,1,OPTIRC,CDS,25000.000000,1250,False
16614,633GS203526SEP98.5CE,633GS2035,24SEP2026,985000000.000000,1,OPTIRC,CDS,25000.000000,1250,False
16615,633GS203526SEP98.5PE,633GS2035,24SEP2026,985000000.000000,1,OPTIRC,CDS,25000.000000,1250,False
16620,633GS203526SEP99.25CE,633GS2035,24SEP2026,992500000.000000,1,OPTIRC,CDS,25000.000000,1250,False
16632,633GS203526SEP100.75CE,633GS2035,24SEP2026,1007500000.000000,1,OPTIRC,CDS,25000.000000,1250,False
16658,668GS204026SEP95.5CE,668GS2040,24SEP2026,955000000.000000,1,OPTIRC,CDS,25000.000000,1250,False
16677,668GS204026SEP97.75PE,668GS2040,24SEP2026,977500000.000000,1,OPTIRC,CDS,25000.000000,1250,False
16678,668GS204026SEP98CE,668GS2040,24SEP2026,980000000.000000,1,OPTIRC,CDS,25000.000000,1250,False
16679,668GS204026SEP98PE,668GS2040,24SEP2026,980000000.000000,1,OPTIRC,CDS,25000.000000,1250,False
1670,USDJPY26SEP167.5PE,USDJPY,28SEP2026,1675000000.000000,1,OPTCUR,CDS,100000.000000,10000,False
16689,668GS204026SEP99.25PE,668GS2040,24SEP2026,992500000.000000,1,OPTIRC,CDS,25000.000000,1250,False
16749,679GS203426SEP101.5PE,679GS2034,24SEP2026,1015000000.000000,1,OPTIRC,CDS,25000.000000,1250,False
16782,723GS203926SEP99.25CE,723GS2039,24SEP2026,992500000.000000,1,OPTIRC,CDS,25000.000000,1250,False
16795,723GS203926SEP100.75PE,723GS2039,24SEP2026,1007500000.000000,1,OPTIRC,CDS,25000.000000,1250,False
16796,723GS203926SEP101CE,723GS2039,24SEP2026,1010000000.000000,1,OPTIRC,CDS,25000.000000,1250,False
16802,723GS203926SEP101.75CE,723GS2039,24SEP2026,1017500000.000000,1,OPTIRC,CDS,25000.000000,1250,False
16810,723GS203926SEP102.75CE,723GS2039,24SEP2026,1027500000.000000,1,OPTIRC,CDS,25000.000000,1250,False
16815,723GS203926SEP103.25PE,723GS2039,24SEP2026,1032500000.000000,1,OPTIRC,CDS,25000.000000,1250,False
16818,723GS203926SEP103.75CE,723GS2039,24SEP2026,1037500000.000000,1,OPTIRC,CDS,25000.000000,1250,False
16831,723GS203926SEP105.25PE,723GS2039,24SEP2026,1052500000.000000,1,OPTIRC,CDS,25000.000000,1250,False
16884,633GS203526DEC99.25PE,633GS2035,31DEC2026,992500000.000000,1,OPTIRC,CDS,25000.000000,1250,False
16936,648GS203526DEC98.75PE,648GS2035,31DEC2026,987500000.000000,1,OPTIRC,CDS,25000.000000,1250,False
16938,648GS203526DEC99PE,648GS2035,31DEC2026,990000000.000000,1,OPTIRC,CDS,25000.000000,1250,False
16939,648GS203526DEC99.25CE,648GS2035,31DEC2026,992500000.000000,1,OPTIRC,CDS,25000.000000,1250,False
16941,648GS203526DEC99.5CE,648GS2035,31DEC2026,995000000.000000,1,OPTIRC,CDS,25000.000000,1250,False
16953,648GS203526DEC101CE,648GS2035,31DEC2026,1010000000.000000,1,OPTIRC,CDS,25000.000000,1250,False
16995,668GS204026DEC95.75CE,668GS2040,31DEC2026,957500000.000000,1,OPTIRC,CDS,25000.000000,1250,False
17008,668GS204026DEC97.25PE,668GS2040,31DEC2026,972500000.000000,1,OPTIRC,CDS,25000.000000,1250,False
17012,668GS204026DEC97.75PE,668GS2040,31DEC2026,977500000.000000,1,OPTIRC,CDS,25000.000000,1250,False
17016,668GS204026DEC98.25PE,668GS2040,31DEC2026,982500000.000000,1,OPTIRC,CDS,25000.000000,1250,False
17047,723GS203926DEC99CE,723GS2039,31DEC2026,990000000.000000,1,OPTIRC,CDS,25000.000000,1250,False
17052,723GS203926DEC99.5PE,723GS2039,31DEC2026,995000000.000000,1,OPTIRC,CDS,25000.000000,1250,False
17063,723GS203926DEC101CE,723GS2039,31DEC2026,1010000000.000000,1,OPTIRC,CDS,25000.000000,1250,False
17068,723GS203926DEC101.5PE,723GS2039,31DEC2026,1015000000.000000,1,OPTIRC,CDS,25000.000000,1250,False
17069,723GS203926DEC101.75CE,723GS2039,31DEC2026,1017500000.000000,1,OPTIRC,CDS,25000.000000,1250,False
17074,723GS203926DEC102.25PE,723GS2039,31DEC2026,1022500000.000000,1,OPTIRC,CDS,25000.000000,1250,False
17081,723GS203926DEC103.25CE,723GS2039,31DEC2026,1032500000.000000,1,OPTIRC,CDS,25000.000000,1250,False
17084,723GS203926DEC103.5PE,723GS2039,31DEC2026,1035000000.000000,1,OPTIRC,CDS,25000.000000,1250,False
17087,723GS203926DEC104CE,723GS2039,31DEC2026,1040000000.000000,1,OPTIRC,CDS,25000.000000,1250,False
17108,EURUSD26DEC1.315PE,EURUSD,29DEC2026,13150000.000000,1,OPTCUR,CDS,1000.000000,10000,False
17135,USDJPY27MAR171CE,USDJPY,29MAR2027,1710000000.000000,1,OPTCUR,CDS,100000.000000,10000,False
17159,633GS203527MAR93.75CE,633GS2035,25MAR2027,937500000.000000,1,OPTIRC,CDS,25000.000000,1250,False
17166,633GS203527MAR94.5PE,633GS2035,25MAR2027,945000000.000000,1,OPTIRC,CDS,25000.000000,1250,False
17167,633GS203527MAR94.75CE,633GS2035,25MAR2027,947500000.000000,1,OPTIRC,CDS,25000.000000,1250,False
17169,633GS203527MAR95CE,633GS2035,25MAR2027,950000000.000000,1,OPTIRC,CDS,25000.000000,1250,False
17222,GBPINR26SEP132.5PE,GBPINR,28SEP2026,1325000000.000000,1,OPTCUR,CDS,25000.000000,10000,False
17238,633GS203527MAR96.75PE,633GS2035,25MAR2027,967500000.000000,1,OPTIRC,CDS,25000.000000,1250,False
17220,GBPINR26SEP132.25PE,GBPINR,28SEP2026,1322500000.000000,1,OPTCUR,CDS,25000.000000,10000,False
17236,GBPUSD26DEC1.495PE,GBPUSD,29DEC2026,14950000.000000,1,OPTCUR,CDS,1000.000000,10000,False
17244,633GS203527MAR97.5PE,633GS2035,25MAR2027,975000000.000000,1,OPTIRC,CDS,25000.000000,1250,False
17248,633GS203527MAR98PE,633GS2035,25MAR2027,980000000.000000,1,OPTIRC,CDS,25000.000000,1250,False
17277,633GS203527MAR99.75CE,633GS2035,25MAR2027,997500000.000000,1,OPTIRC,CDS,25000.000000,1250,False
17311,648GS203527MAR96CE,648GS2035,25MAR2027,960000000.000000,1,OPTIRC,CDS,25000.000000,1250,False
1735,EURINR26DEC112.25CE,EURINR,29DEC2026,1122500000.000000,1,OPTCUR,CDS,25000.000000,10000,False
17315,648GS203527MAR96.5CE,648GS2035,25MAR2027,965000000.000000,1,OPTIRC,CDS,25000.000000,1250,False
17335,648GS203527MAR98.5CE,648GS2035,25MAR2027,985000000.000000,1,OPTIRC,CDS,25000.000000,1250,False
17366,668GS204027MAR91.75PE,668GS2040,25MAR2027,917500000.000000,1,OPTIRC,CDS,25000.000000,1250,False
1737,USDJPY26SEP171PE,USDJPY,28SEP2026,1710000000.000000,1,OPTCUR,CDS,100000.000000,10000,False
17378,668GS204027MAR93.25PE,668GS2040,25MAR2027,932500000.000000,1,OPTIRC,CDS,25000.000000,1250,False
17381,668GS204027MAR93.75CE,668GS2040,25MAR2027,937500000.000000,1,OPTIRC,CDS,25000.000000,1250,False
17389,668GS204027MAR94.75CE,668GS2040,25MAR2027,947500000.000000,1,OPTIRC,CDS,25000.000000,1250,False
17404,668GS204027MAR96.5PE,668GS2040,25MAR2027,965000000.000000,1,OPTIRC,CDS,25000.000000,1250,False
17414,668GS204027MAR97.75PE,668GS2040,25MAR2027,977500000.000000,1,OPTIRC,CDS,25000.000000,1250,False
17420,668GS204027MAR98.5PE,668GS2040,25MAR2027,985000000.000000,1,OPTIRC,CDS,25000.000000,1250,False
17423,668GS204027MAR99CE,668GS2040,25MAR2027,990000000.000000,1,OPTIRC,CDS,25000.000000,1250,False
17474,723GS203927MAR99PE,723GS2039,25MAR2027,990000000.000000,1,OPTIRC,CDS,25000.000000,1250,False
17475,723GS203927MAR99.25CE,723GS2039,25MAR2027,992500000.000000,1,OPTIRC,CDS,25000.000000,1250,False
17483,723GS203927MAR100.25CE,723GS2039,25MAR2027,1002500000.000000,1,OPTIRC,CDS,25000.000000,1250,False
17490,723GS203927MAR101PE,723GS2039,25MAR2027,1010000000.000000,1,OPTIRC,CDS,25000.000000,1250,False
17497,723GS203927MAR102CE,723GS2039,25MAR2027,1020000000.000000,1,OPTIRC,CDS,25000.000000,1250,False
17502,723GS203927MAR102.5PE,723GS2039,25MAR2027,1025000000.000000,1,OPTIRC,CDS,25000.000000,1250,False
17516,723GS203927MAR104.25PE,723GS2039,25MAR2027,1042500000.000000,1,OPTIRC,CDS,25000.000000,1250,False
17518,723GS203927MAR104.5PE,723GS2039,25MAR2027,1045000000.000000,1,OPTIRC,CDS,25000.000000,1250,False
1756,USDJPY26DEC175PE,USDJPY,29DEC2026,1750000000.000000,1,OPTCUR,CDS,100000.000000,10000,False
1765,GBPINR26SEPFUT,GBPINR,28SEP2026,-1.000000,1,FUTCUR,CDS,25000.000000,10000,False
1770,USDJPY26SEPFUT,USDJPY,28SEP2026,-1.000000,1,FUTCUR,CDS,100000.000000,10000,False
1778,668GS204026SEPFUT,668GS2040,24SEP2026,-1.000000,1,FUTIRC,CDS,25000.000000,1250,False
1791,EURINR26SEP98.75PE,EURINR,28SEP2026,987500000.000000,1,OPTCUR,CDS,25000.000000,10000,False
1824,EURINR26O16108.5CE,EURINR,16OCT2026,1085000000.000000,1,OPTCUR,CDS,25000.000000,10000,False
1826,EURINR26O16108.5PE,EURINR,16OCT2026,1085000000.000000,1,OPTCUR,CDS,25000.000000,10000,False
1847,EURINR26SEP101.75PE,EURINR,28SEP2026,1017500000.000000,1,OPTCUR,CDS,25000.000000,10000,False
1855,USDJPY27JUN175CE,USDJPY,28JUN2027,1750000000.000000,1,OPTCUR,CDS,100000.000000,10000,False
1859,EURINR26SEP102.5PE,EURINR,28SEP2026,1025000000.000000,1,OPTCUR,CDS,25000.000000,10000,False
1881,JPYINR26918FUT,JPYINR,18SEP2026,-1.000000,1,FUTCUR,CDS,25000.000000,10000,False
1894,EURINR26SEP103.75CE,EURINR,28SEP2026,1037500000.000000,1,OPTCUR,CDS,25000.000000,10000,False
1975,EURINR26SEP107.75CE,EURINR,28SEP2026,1077500000.000000,1,OPTCUR,CDS,25000.000000,10000,False
2025,EURINR26SEP109.5PE,EURINR,28SEP2026,1095000000.000000,1,OPTCUR,CDS,25000.000000,10000,False
2027,EURINR26SEP109.75PE,EURINR,28SEP2026,1097500000.000000,1,OPTCUR,CDS,25000.000000,10000,False
2078,EURUSD26SEP1.085CE,EURUSD,28SEP2026,10850000.000000,1,OPTCUR,CDS,1000.000000,10000,False
2097,EURUSD26SEP1.105CE,EURUSD,28SEP2026,11050000.000000,1,OPTCUR,CDS,1000.000000,10000,False
2105,EURUSD26SEP1.12PE,EURUSD,28SEP2026,11200000.000000,1,OPTCUR,CDS,1000.000000,10000,False
2109,EURUSD26SEP1.125PE,EURUSD,28SEP2026,11250000.000000,1,OPTCUR,CDS,1000.000000,10000,False
2112,EURUSD26SEP1.13PE,EURUSD,28SEP2026,11300000.000000,1,OPTCUR,CDS,1000.000000,10000,False
2123,EURUSD26SEP1.135CE,EURUSD,28SEP2026,11350000.000000,1,OPTCUR,CDS,1000.000000,10000,False
2137,EURUSD26SEP1.15PE,EURUSD,28SEP2026,11500000.000000,1,OPTCUR,CDS,1000.000000,10000,False
2193,EURUSD26SEP1.185PE,EURUSD,28SEP2026,11850000.000000,1,OPTCUR,CDS,1000.000000,10000,False
2212,EURUSD26SEP1.22PE,EURUSD,28SEP2026,12200000.000000,1,OPTCUR,CDS,1000.000000,10000,False
2214,EURINR26O09107.75CE,EURINR,09OCT2026,1077500000.000000,1,OPTCUR,CDS,25000.000000,10000,False
2223,EURINR26918105.25PE,EURINR,18SEP2026,1052500000.000000,1,OPTCUR,CDS,25000.000000,10000,False
2242,EURUSD26SEP1.255PE,EURUSD,28SEP2026,12550000.000000,1,OPTCUR,CDS,1000.000000,10000,False
2272,EURINR26918106CE,EURINR,18SEP2026,1060000000.000000,1,OPTCUR,CDS,25000.000000,10000,False
2285,EURUSD26SEP1.29PE,EURUSD,28SEP2026,12900000.000000,1,OPTCUR,CDS,1000.000000,10000,False
2296,GBPINR26SEP113.5CE,GBPINR,28SEP2026,1135000000.000000,1,OPTCUR,CDS,25000.000000,10000,False
2298,GBPINR26SEP113.75CE,GBPINR,28SEP2026,1137500000.000000,1,OPTCUR,CDS,25000.000000,10000,False
2312,GBPINR26SEP114.5PE,GBPINR,28SEP2026,1145000000.000000,1,OPTCUR,CDS,25000.000000,10000,False
2315,679GS203426SEP96.25PE,679GS2034,24SEP2026,962500000.000000,1,OPTIRC,CDS,25000.000000,1250,False
2345,GBPINR26SEP116.25PE,GBPINR,28SEP2026,1162500000.000000,1,OPTCUR,CDS,25000.000000,10000,False
2360,EURUSD26NOV1.065CE,EURUSD,26NOV2026,10650000.000000,1,OPTCUR,CDS,1000.000000,10000,False
2374,GBPINR26SEP118CE,GBPINR,28SEP2026,1180000000.000000,1,OPTCUR,CDS,25000.000000,10000,False
2385,USDINR26O2394.125PE,USDINR,23OCT2026,941250000.000000,1,OPTCUR,CDS,25000.000000,10000,False
2386,USDINR26O3094.125CE,USDINR,30OCT2026,941250000.000000,1,OPTCUR,CDS,25000.000000,10000,False
2389,GBPINR26SEP118.75PE,GBPINR,28SEP2026,1187500000.000000,1,OPTCUR,CDS,25000.000000,10000,False
2395,GBPINR26SEP119CE,GBPINR,28SEP2026,1190000000.000000,1,OPTCUR,CDS,25000.000000,10000,False
2404,JPYINR26SEP53.25PE,JPYINR,28SEP2026,532500000.000000,1,OPTCUR,CDS,25000.000000,10000,False
2412,EURINR26918106.25PE,EURINR,18SEP2026,1062500000.000000,1,OPTCUR,CDS,25000.000000,10000,False
2445,EURINR26DEC103.5CE,EURINR,29DEC2026,1035000000.000000,1,OPTCUR,CDS,25000.000000,10000,False
2457,EURUSD26NOV1.1CE,EURUSD,26NOV2026,11000000.000000,1,OPTCUR,CDS,1000.000000,10000,False
2460,EURINR26O09109.25PE,EURINR,09OCT2026,1092500000.000000,1,OPTCUR,CDS,25000.000000,10000,False
2465,EURINR26918107.5CE,EURINR,18SEP2026,1075000000.000000,1,OPTCUR,CDS,25000.000000,10000,False
2470,EURINR26O09109.5PE,EURINR,09OCT2026,1095000000.000000,1,OPTCUR,CDS,25000.000000,10000,False
2531,GBPINR26SEP121PE,GBPINR,28SEP2026,1210000000.000000,1,OPTCUR,CDS,25000.000000,10000,False
2535,GBPINR26SEP121.25PE,GBPINR,28SEP2026,1212500000.000000,1,OPTCUR,CDS,25000.000000,10000,False
2544,GBPINR26SEP121.5PE,GBPINR,28SEP2026,1215000000.000000,1,OPTCUR,CDS,25000.000000,10000,False
2559,GBPINR26SEP122.25PE,GBPINR,28SEP2026,1222500000.000000,1,OPTCUR,CDS,25000.000000,10000,False
2564,GBPINR26SEP122.75PE,GBPINR,28SEP2026,1227500000.000000,1,OPTCUR,CDS,25000.000000,10000,False
2622,GBPINR26SEP125.25CE,GBPINR,28SEP2026,1252500000.000000,1,OPTCUR,CDS,25000.000000,10000,False
2628,EURINR26DEC103.75PE,EURINR,29DEC2026,1037500000.000000,1,OPTCUR,CDS,25000.000000,10000,False
2650,EURINR26N20107PE,EURINR,20NOV2026,1070000000.000000,1,OPTCUR,CDS,25000.000000,10000,False
2632,GBPUSD26SEP1.23CE,GBPUSD,28SEP2026,12300000.000000,1,OPTCUR,CDS,1000.000000,10000,False
2649,GBPUSD26SEP1.245CE,GBPUSD,28SEP2026,12450000.000000,1,OPTCUR,CDS,1000.000000,10000,False
2666,EURINR26O30106.75CE,EURINR,30OCT2026,1067500000.000000,1,OPTCUR,CDS,25000.000000,10000,False
2668,GBPUSD26SEP1.255PE,GBPUSD,28SEP2026,12550000.000000,1,OPTCUR,CDS,1000.000000,10000,False
2672,GBPUSD26SEP1.26PE,GBPUSD,28SEP2026,12600000.000000,1,OPTCUR,CDS,1000.000000,10000,False
2675,EURINR26N20107.5CE,EURINR,20NOV2026,1075000000.000000,1,OPTCUR,CDS,25000.000000,10000,False
2684,USDJPY27JUN142.5PE,USDJPY,28JUN2027,1425000000.000000,1,OPTCUR,CDS,100000.000000,10000,False
2697,GBPUSD26SEP1.28PE,GBPUSD,28SEP2026,12800000.000000,1,OPTCUR,CDS,1000.000000,10000,False
2700,EURINR26918109.5CE,EURINR,18SEP2026,1095000000.000000,1,OPTCUR,CDS,25000.000000,10000,False
2701,EURINR26O30107PE,EURINR,30OCT2026,1070000000.000000,1,OPTCUR,CDS,25000.000000,10000,False
2710,GBPUSD26SEP1.3CE,GBPUSD,28SEP2026,13000000.000000,1,OPTCUR,CDS,1000.000000,10000,False
2717,EURINR26O30107.25PE,EURINR,30OCT2026,1072500000.000000,1,OPTCUR,CDS,25000.000000,10000,False
2734,EURINR26O09110.75CE,EURINR,09OCT2026,1107500000.000000,1,OPTCUR,CDS,25000.000000,10000,False
2738,GBPUSD26SEP1.31PE,GBPUSD,28SEP2026,13100000.000000,1,OPTCUR,CDS,1000.000000,10000,False
2745,GBPUSD26SEP1.32CE,GBPUSD,28SEP2026,13200000.000000,1,OPTCUR,CDS,1000.000000,10000,False
2776,GBPUSD26SEP1.335CE,GBPUSD,28SEP2026,13350000.000000,1,OPTCUR,CDS,1000.000000,10000,False
2794,EURINR26918110PE,EURINR,18SEP2026,1100000000.000000,1,OPTCUR,CDS,25000.000000,10000,False
2807,EURINR26N20108.25CE,EURINR,20NOV2026,1082500000.000000,1,OPTCUR,CDS,25000.000000,10000,False
2821,GBPUSD26SEP1.38PE,GBPUSD,28SEP2026,13800000.000000,1,OPTCUR,CDS,1000.000000,10000,False
2828,EURINR26N20108.75CE,EURINR,20NOV2026,1087500000.000000,1,OPTCUR,CDS,25000.000000,10000,False
2843,EURINR26N20108.75PE,EURINR,20NOV2026,1087500000.000000,1,OPTCUR,CDS,25000.000000,10000,False
2887,GBPUSD26SEP1.44CE,GBPUSD,28SEP2026,14400000.000000,1,OPTCUR,CDS,1000.000000,10000,False
2950,EURINR26O09112.5CE,EURINR,09OCT2026,1125000000.000000,1,OPTCUR,CDS,25000.000000,10000,False
2955,EURINR26N20110PE,EURINR,20NOV2026,1100000000.000000,1,OPTCUR,CDS,25000.000000,10000,False
2957,EURUSD26NOV1.15PE,EURUSD,26NOV2026,11500000.000000,1,OPTCUR,CDS,1000.000000,10000,False
2968,EURUSD26NOV1.155PE,EURUSD,26NOV2026,11550000.000000,1,OPTCUR,CDS,1000.000000,10000,False
2969,EURUSD26NOV1.16CE,EURUSD,26NOV2026,11600000.000000,1,OPTCUR,CDS,1000.000000,10000,False
2977,EURINR26DEC105.25PE,EURINR,29DEC2026,1052500000.000000,1,OPTCUR,CDS,25000.000000,10000,False
3002,EURINR26918113.5CE,EURINR,18SEP2026,1135000000.000000,1,OPTCUR,CDS,25000.000000,10000,False
3014,EURUSD26NOV1.17CE,EURUSD,26NOV2026,11700000.000000,1,OPTCUR,CDS,1000.000000,10000,False
3038,EURINR27JUN114.25CE,EURINR,28JUN2027,1142500000.000000,1,OPTCUR,CDS,25000.000000,10000,False
3042,EURINR27JUN114.25PE,EURINR,28JUN2027,1142500000.000000,1,OPTCUR,CDS,25000.000000,10000,False
3063,EURUSD26NOV1.185PE,EURUSD,26NOV2026,11850000.000000,1,OPTCUR,CDS,1000.000000,10000,False
3124,USDJPY27MAR171.5PE,USDJPY,29MAR2027,1715000000.000000,1,OPTCUR,CDS,100000.000000,10000,False
3138,EURINR26O09114.5CE,EURINR,09OCT2026,1145000000.000000,1,OPTCUR,CDS,25000.000000,10000,False
3141,USDJPY27MAR173PE,USDJPY,29MAR2027,1730000000.000000,1,OPTCUR,CDS,100000.000000,10000,False
3142,USDJPY26SEP166CE,USDJPY,28SEP2026,1660000000.000000,1,OPTCUR,CDS,100000.000000,10000,False
3144,EURUSD26NOV1.19CE,EURUSD,26NOV2026,11900000.000000,1,OPTCUR,CDS,1000.000000,10000,False
3148,EURINR26N20112.75PE,EURINR,20NOV2026,1127500000.000000,1,OPTCUR,CDS,25000.000000,10000,False
3167,EURINR27MAR104.5CE,EURINR,29MAR2027,1045000000.000000,1,OPTCUR,CDS,25000.000000,10000,False
3175,USDJPY26DEC171CE,USDJPY,29DEC2026,1710000000.000000,1,OPTCUR,CDS,100000.000000,10000,False
3189,EURINR26O09115PE,EURINR,09OCT2026,1150000000.000000,1,OPTCUR,CDS,25000.000000,10000,False
3200,EURINR27MAR105.25CE,EURINR,29MAR2027,1052500000.000000,1,OPTCUR,CDS,25000.000000,10000,False
3206,USDJPY26SEP163.5CE,USDJPY,28SEP2026,1635000000.000000,1,OPTCUR,CDS,100000.000000,10000,False
3207,USDJPY26SEP163.5PE,USDJPY,28SEP2026,1635000000.000000,1,OPTCUR,CDS,100000.000000,10000,False
3210,EURINR27MAR105.25PE,EURINR,29MAR2027,1052500000.000000,1,OPTCUR,CDS,25000.000000,10000,False
3220,EURINR27MAR105.5CE,EURINR,29MAR2027,1055000000.000000,1,OPTCUR,CDS,25000.000000,10000,False
3259,EURINR27MAR106CE,EURINR,29MAR2027,1060000000.000000,1,OPTCUR,CDS,25000.000000,10000,False
3268,GBPINR26918123.75PE,GBPINR,18SEP2026,1237500000.000000,1,OPTCUR,CDS,25000.000000,10000,False
3291,EURINR27MAR106.5CE,EURINR,29MAR2027,1065000000.000000,1,OPTCUR,CDS,25000.000000,10000,False
3306,USDJPY27JUN142CE,USDJPY,28JUN2027,1420000000.000000,1,OPTCUR,CDS,100000.000000,10000,False
3307,USDJPY27JUN142PE,USDJPY,28JUN2027,1420000000.000000,1,OPTCUR,CDS,100000.000000,10000,False
3312,GBPINR26N27FUT,GBPINR,27NOV2026,-1.000000,1,FUTCUR,CDS,25000.000000,10000,False
3319,EURINR27MAR107.25CE,EURINR,29MAR2027,1072500000.000000,1,OPTCUR,CDS,25000.000000,10000,False
3324,JPYINR26N27FUT,JPYINR,27NOV2026,-1.000000,1,FUTCUR,CDS,25000.000000,10000,False
3339,GBPINR26918124.25CE,GBPINR,18SEP2026,1242500000.000000,1,OPTCUR,CDS,25000.000000,10000,False
3342,EURINR27MAR108.25PE,EURINR,29MAR2027,1082500000.000000,1,OPTCUR,CDS,25000.000000,10000,False
3344,USDJPY26SEP167CE,USDJPY,28SEP2026,1670000000.000000,1,OPTCUR,CDS,100000.000000,10000,False
3345,USDJPY26SEP167PE,USDJPY,28SEP2026,1670000000.000000,1,OPTCUR,CDS,100000.000000,10000,False
3377,EURINR27MAR109.25CE,EURINR,29MAR2027,1092500000.000000,1,OPTCUR,CDS,25000.000000,10000,False
3417,EURINR27MAR111.5CE,EURINR,29MAR2027,1115000000.000000,1,OPTCUR,CDS,25000.000000,10000,False
3432,EURINR27MAR112.25PE,EURINR,29MAR2027,1122500000.000000,1,OPTCUR,CDS,25000.000000,10000,False
3469,EURINR26N27107.5CE,EURINR,27NOV2026,1075000000.000000,1,OPTCUR,CDS,25000.000000,10000,False
3474,EURINR26N27107.75PE,EURINR,27NOV2026,1077500000.000000,1,OPTCUR,CDS,25000.000000,10000,False
3491,EURINR26N27108.5CE,EURINR,27NOV2026,1085000000.000000,1,OPTCUR,CDS,25000.000000,10000,False
3499,EURINR26N27108.75PE,EURINR,27NOV2026,1087500000.000000,1,OPTCUR,CDS,25000.000000,10000,False
3538,EURINR26N27109.75PE,EURINR,27NOV2026,1097500000.000000,1,OPTCUR,CDS,25000.000000,10000,False
3539,EURUSD27MAR1.065PE,EURUSD,29MAR2027,10650000.000000,1,OPTCUR,CDS,1000.000000,10000,False
3540,EURINR26N27110CE,EURINR,27NOV2026,1100000000.000000,1,OPTCUR,CDS,25000.000000,10000,False
3546,EURINR26N27110.25CE,EURINR,27NOV2026,1102500000.000000,1,OPTCUR,CDS,25000.000000,10000,False
3548,EURINR26O16113.5PE,EURINR,16OCT2026,1135000000.000000,1,OPTCUR,CDS,25000.000000,10000,False
3579,GBPINR26918126CE,GBPINR,18SEP2026,1260000000.000000,1,OPTCUR,CDS,25000.000000,10000,False
3594,EURUSD27MAR1.1CE,EURUSD,29MAR2027,11000000.000000,1,OPTCUR,CDS,1000.000000,10000,False
3596,GBPINR26918126.5CE,GBPINR,18SEP2026,1265000000.000000,1,OPTCUR,CDS,25000.000000,10000,False
3599,EURINR26N27111.5PE,EURINR,27NOV2026,1115000000.000000,1,OPTCUR,CDS,25000.000000,10000,False
3602,EURUSD27MAR1.105CE,EURUSD,29MAR2027,11050000.000000,1,OPTCUR,CDS,1000.000000,10000,False
3622,EURINR26N27111.75CE,EURINR,27NOV2026,1117500000.000000,1,OPTCUR,CDS,25000.000000,10000,False
3638,EURINR26N27113PE,EURINR,27NOV2026,1130000000.000000,1,OPTCUR,CDS,25000.000000,10000,False
3651,EURUSD26NOV1.22PE,EURUSD,26NOV2026,12200000.000000,1,OPTCUR,CDS,1000.000000,10000,False
3680,GBPUSD27MAR1.49PE,GBPUSD,29MAR2027,14900000.000000,1,OPTCUR,CDS,1000.000000,10000,False
3689,EURUSD26NOV1.035PE,EURUSD,26NOV2026,10350000.000000,1,OPTCUR,CDS,1000.000000,10000,False
3691,GBPINR26918128.25PE,GBPINR,18SEP2026,1282500000.000000,1,OPTCUR,CDS,25000.000000,10000,False
3693,EURUSD26NOV1.23CE,EURUSD,26NOV2026,12300000.000000,1,OPTCUR,CDS,1000.000000,10000,False
3701,EURUSD26NOV1.23PE,EURUSD,26NOV2026,12300000.000000,1,OPTCUR,CDS,1000.000000,10000,False
3709,EURUSD27MAR1.145PE,EURUSD,29MAR2027,11450000.000000,1,OPTCUR,CDS,1000.000000,10000,False
3723,EURUSD26NOV1.235CE,EURUSD,26NOV2026,12350000.000000,1,OPTCUR,CDS,1000.000000,10000,False
3744,EURUSD27MAR1.16PE,EURUSD,29MAR2027,11600000.000000,1,OPTCUR,CDS,1000.000000,10000,False
3759,GBPINR26N27126CE,GBPINR,27NOV2026,1260000000.000000,1,OPTCUR,CDS,25000.000000,10000,False
3773,EURUSD27MAR1.175CE,EURUSD,29MAR2027,11750000.000000,1,OPTCUR,CDS,1000.000000,10000,False
3776,GBPINR26N27127.25PE,GBPINR,27NOV2026,1272500000.000000,1,OPTCUR,CDS,25000.000000,10000,False
3787,EURUSD27MAR1.185PE,EURUSD,29MAR2027,11850000.000000,1,OPTCUR,CDS,1000.000000,10000,False
3792,EURUSD27MAR1.195PE,EURUSD,29MAR2027,11950000.000000,1,OPTCUR,CDS,1000.000000,10000,False
3821,EURUSD27MAR1.235CE,EURUSD,29MAR2027,12350000.000000,1,OPTCUR,CDS,1000.000000,10000,False
3823,GBPINR26N20126CE,GBPINR,20NOV2026,1260000000.000000,1,OPTCUR,CDS,25000.000000,10000,False
3858,EURUSD27MAR1.27PE,EURUSD,29MAR2027,12700000.000000,1,OPTCUR,CDS,1000.000000,10000,False
3894,USDINR26DEC96.25CE,USDINR,29DEC2026,962500000.000000,1,OPTCUR,CDS,25000.000000,10000,False
3906,GBPINR26N20127.25PE,GBPINR,20NOV2026,1272500000.000000,1,OPTCUR,CDS,25000.000000,10000,False
3910,GBPINR26N20127.5PE,GBPINR,20NOV2026,1275000000.000000,1,OPTCUR,CDS,25000.000000,10000,False
3912,EURUSD26NOV1.265CE,EURUSD,26NOV2026,12650000.000000,1,OPTCUR,CDS,1000.000000,10000,False
3921,GBPINR26918129.5PE,GBPINR,18SEP2026,1295000000.000000,1,OPTCUR,CDS,25000.000000,10000,False
3935,GBPINR26918129.75CE,GBPINR,18SEP2026,1297500000.000000,1,OPTCUR,CDS,25000.000000,10000,False
3961,GBPINR26N20129CE,GBPINR,20NOV2026,1290000000.000000,1,OPTCUR,CDS,25000.000000,10000,False
3978,GBPINR26O09125.25PE,GBPINR,09OCT2026,1252500000.000000,1,OPTCUR,CDS,25000.000000,10000,False
4010,EURINR26DEC107.75PE,EURINR,29DEC2026,1077500000.000000,1,OPTCUR,CDS,25000.000000,10000,False
4037,GBPINR26N20131.25CE,GBPINR,20NOV2026,1312500000.000000,1,OPTCUR,CDS,25000.000000,10000,False
4090,EURINR27JUN104PE,EURINR,28JUN2027,1040000000.000000,1,OPTCUR,CDS,25000.000000,10000,False
4126,EURINR27JUN104.75PE,EURINR,28JUN2027,1047500000.000000,1,OPTCUR,CDS,25000.000000,10000,False
4141,EURINR27JUN106PE,EURINR,28JUN2027,1060000000.000000,1,OPTCUR,CDS,25000.000000,10000,False
4151,EURINR27JUN107CE,EURINR,28JUN2027,1070000000.000000,1,OPTCUR,CDS,25000.000000,10000,False
4159,EURINR27JUN107.5PE,EURINR,28JUN2027,1075000000.000000,1,OPTCUR,CDS,25000.000000,10000,False
4174,EURINR27JUN109PE,EURINR,28JUN2027,1090000000.000000,1,OPTCUR,CDS,25000.000000,10000,False
4176,EURINR27JUN109.25PE,EURINR,28JUN2027,1092500000.000000,1,OPTCUR,CDS,25000.000000,10000,False
4178,EURINR27JUN109.5PE,EURINR,28JUN2027,1095000000.000000,1,OPTCUR,CDS,25000.000000,10000,False
4188,EURINR27JUN110.5PE,EURINR,28JUN2027,1105000000.000000,1,OPTCUR,CDS,25000.000000,10000,False
42,GBPUSD,GBPUSD,,-1.000000,1,UNDCUR,CDS,1000.000000,10000,False
4197,EURINR27JUN111PE,EURINR,28JUN2027,1110000000.000000,1,OPTCUR,CDS,25000.000000,10000,False
4199,EURINR27JUN111.25PE,EURINR,28JUN2027,1112500000.000000,1,OPTCUR,CDS,25000.000000,10000,False
4213,EURINR27JUN112.25CE,EURINR,28JUN2027,1122500000.000000,1,OPTCUR,CDS,25000.000000,10000,False
4214,EURINR27JUN112.25PE,EURINR,28JUN2027,1122500000.000000,1,OPTCUR,CDS,25000.000000,10000,False
4253,EURUSD27JUN1.045CE,EURUSD,28JUN2027,10450000.000000,1,OPTCUR,CDS,1000.000000,10000,False
4255,EURUSD27JUN1.05CE,EURUSD,28JUN2027,10500000.000000,1,OPTCUR,CDS,1000.000000,10000,False
4260,EURINR26DEC108.25CE,EURINR,29DEC2026,1082500000.000000,1,OPTCUR,CDS,25000.000000,10000,False
4290,EURUSD27JUN1.06PE,EURUSD,28JUN2027,10600000.000000,1,OPTCUR,CDS,1000.000000,10000,False
4321,EURUSD27JUN1.12CE,EURUSD,28JUN2027,11200000.000000,1,OPTCUR,CDS,1000.000000,10000,False
4323,USDJPY27MAR143PE,USDJPY,29MAR2027,1430000000.000000,1,OPTCUR,CDS,100000.000000,10000,False
4331,USDJPY27MAR143.5CE,USDJPY,29MAR2027,1435000000.000000,1,OPTCUR,CDS,100000.000000,10000,False
4333,GBPINR26918130.5PE,GBPINR,18SEP2026,1305000000.000000,1,OPTCUR,CDS,25000.000000,10000,False
4337,EURUSD27JUN1.145CE,EURUSD,28JUN2027,11450000.000000,1,OPTCUR,CDS,1000.000000,10000,False
4340,EURUSD27JUN1.15PE,EURUSD,28JUN2027,11500000.000000,1,OPTCUR,CDS,1000.000000,10000,False
4349,GBPINR26O09126.75CE,GBPINR,09OCT2026,1267500000.000000,1,OPTCUR,CDS,25000.000000,10000,False
4351,EURUSD27JUN1.175CE,EURUSD,28JUN2027,11750000.000000,1,OPTCUR,CDS,1000.000000,10000,False
4353,EURUSD27JUN1.18CE,EURUSD,28JUN2027,11800000.000000,1,OPTCUR,CDS,1000.000000,10000,False
4354,EURUSD27JUN1.18PE,EURUSD,28JUN2027,11800000.000000,1,OPTCUR,CDS,1000.000000,10000,False
4363,GBPINR26O09127CE,GBPINR,09OCT2026,1270000000.000000,1,OPTCUR,CDS,25000.000000,10000,False
4366,EURUSD27JUN1.205PE,EURUSD,28JUN2027,12050000.000000,1,OPTCUR,CDS,1000.000000,10000,False
4375,EURUSD27JUN1.23CE,EURUSD,28JUN2027,12300000.000000,1,OPTCUR,CDS,1000.000000,10000,False
4395,USDINR2692596.875PE,USDINR,25SEP2026,968750000.000000,1,OPTCUR,CDS,25000.000000,10000,False
4434,GBPINR26918131.5CE,GBPINR,18SEP2026,1315000000.000000,1,OPTCUR,CDS,25000.000000,10000,False
4443,GBPINR26918131.75CE,GBPINR,18SEP2026,1317500000.000000,1,OPTCUR,CDS,25000.000000,10000,False
4482,GBPINR26N27130.25CE,GBPINR,27NOV2026,1302500000.000000,1,OPTCUR,CDS,25000.000000,10000,False
4488,GBPINR26918132.25CE,GBPINR,18SEP2026,1322500000.000000,1,OPTCUR,CDS,25000.000000,10000,False
4495,GBPINR27MAR119.75CE,GBPINR,29MAR2027,1197500000.000000,1,OPTCUR,CDS,25000.000000,10000,False
4553,GBPINR27JUN121.25PE,GBPINR,28JUN2027,1212500000.000000,1,OPTCUR,CDS,25000.000000,10000,False
4555,GBPINR27JUN121.5CE,GBPINR,28JUN2027,1215000000.000000,1,OPTCUR,CDS,25000.000000,10000,False
4574,GBPINR27JUN122CE,GBPINR,28JUN2027,1220000000.000000,1,OPTCUR,CDS,25000.000000,10000,False
4640,GBPINR27JUN124.25PE,GBPINR,28JUN2027,1242500000.000000,1,OPTCUR,CDS,25000.000000,10000,False
4648,GBPINR27JUN124.5PE,GBPINR,28JUN2027,1245000000.000000,1,OPTCUR,CDS,25000.000000,10000,False
4755,EURINR26O30110CE,EURINR,30OCT2026,1100000000.000000,1,OPTCUR,CDS,25000.000000,10000,False
4798,EURINR26O30110.25PE,EURINR,30OCT2026,1102500000.000000,1,OPTCUR,CDS,25000.000000,10000,False
4816,JPYINR2691857.5CE,JPYINR,18SEP2026,575000000.000000,1,OPTCUR,CDS,25000.000000,10000,False
4818,JPYINR2691857.75CE,JPYINR,18SEP2026,577500000.000000,1,OPTCUR,CDS,25000.000000,10000,False
4819,JPYINR2691857.75PE,JPYINR,18SEP2026,577500000.000000,1,OPTCUR,CDS,25000.000000,10000,False
4899,GBPINR26N27131CE,GBPINR,27NOV2026,1310000000.000000,1,OPTCUR,CDS,25000.000000,10000,False
4902,GBPINR27MAR121.75PE,GBPINR,29MAR2027,1217500000.000000,1,OPTCUR,CDS,25000.000000,10000,False
4911,JPYINR2691860CE,JPYINR,18SEP2026,600000000.000000,1,OPTCUR,CDS,25000.000000,10000,False
4918,648GS203526DEC94.75CE,648GS2035,31DEC2026,947500000.000000,1,OPTIRC,CDS,25000.000000,1250,False
4922,EURINR26925106CE,EURINR,25SEP2026,1060000000.000000,1,OPTCUR,CDS,25000.000000,10000,False
4923,EURINR26925106PE,EURINR,25SEP2026,1060000000.000000,1,OPTCUR,CDS,25000.000000,10000,False
4934,EURINR26925107.5CE,EURINR,25SEP2026,1075000000.000000,1,OPTCUR,CDS,25000.000000,10000,False
4936,EURINR26925107.75CE,EURINR,25SEP2026,1077500000.000000,1,OPTCUR,CDS,25000.000000,10000,False
4965,EURINR26925110.5CE,EURINR,25SEP2026,1105000000.000000,1,OPTCUR,CDS,25000.000000,10000,False
4972,EURINR26925110.75PE,EURINR,25SEP2026,1107500000.000000,1,OPTCUR,CDS,25000.000000,10000,False
4973,EURINR26925111CE,EURINR,25SEP2026,1110000000.000000,1,OPTCUR,CDS,25000.000000,10000,False
4975,EURINR26925111.25CE,EURINR,25SEP2026,1112500000.000000,1,OPTCUR,CDS,25000.000000,10000,False
4976,EURINR26925111.25PE,EURINR,25SEP2026,1112500000.000000,1,OPTCUR,CDS,25000.000000,10000,False
4984,EURINR26925112.25PE,EURINR,25SEP2026,1122500000.000000,1,OPTCUR,CDS,25000.000000,10000,False
4986,USDJPY27JUN146PE,USDJPY,28JUN2027,1460000000.000000,1,OPTCUR,CDS,100000.000000,10000,False
4995,GBPINR26N27131.5PE,GBPINR,27NOV2026,1315000000.000000,1,OPTCUR,CDS,25000.000000,10000,False
5002,GBPINR26NOV127PE,GBPINR,26NOV2026,1270000000.000000,1,OPTCUR,CDS,25000.000000,10000,False
5004,GBPINR26NOV127.25PE,GBPINR,26NOV2026,1272500000.000000,1,OPTCUR,CDS,25000.000000,10000,False
5023,JPYINR2691860.25CE,JPYINR,18SEP2026,602500000.000000,1,OPTCUR,CDS,25000.000000,10000,False
5052,GBPINR27JUN126.5PE,GBPINR,28JUN2027,1265000000.000000,1,OPTCUR,CDS,25000.000000,10000,False
5056,GBPINR27JUN126.75PE,GBPINR,28JUN2027,1267500000.000000,1,OPTCUR,CDS,25000.000000,10000,False
5071,EURINR26925114.25PE,EURINR,25SEP2026,1142500000.000000,1,OPTCUR,CDS,25000.000000,10000,False
5083,633GS203526SEP93.75PE,633GS2035,24SEP2026,937500000.000000,1,OPTIRC,CDS,25000.000000,1250,False
5090,EURINR26925114.75CE,EURINR,25SEP2026,1147500000.000000,1,OPTCUR,CDS,25000.000000,10000,False
5091,EURINR26925114.75PE,EURINR,25SEP2026,1147500000.000000,1,OPTCUR,CDS,25000.000000,10000,False
5099,JPYINR2691862.25PE,JPYINR,18SEP2026,622500000.000000,1,OPTCUR,CDS,25000.000000,10000,False
5111,EURINR26925115CE,EURINR,25SEP2026,1150000000.000000,1,OPTCUR,CDS,25000.000000,10000,False
5113,EURINR26SEP112.25PE,EURINR,28SEP2026,1122500000.000000,1,OPTCUR,CDS,25000.000000,10000,False
5141,GBPINR26918133.5CE,GBPINR,18SEP2026,1335000000.000000,1,OPTCUR,CDS,25000.000000,10000,False
5166,GBPINR26O09129.5CE,GBPINR,09OCT2026,1295000000.000000,1,OPTCUR,CDS,25000.000000,10000,False
5200,GBPINR26O09130.25CE,GBPINR,09OCT2026,1302500000.000000,1,OPTCUR,CDS,25000.000000,10000,False
5223,GBPINR26O09131CE,GBPINR,09OCT2026,1310000000.000000,1,OPTCUR,CDS,25000.000000,10000,False
5228,GBPINR26O16125CE,GBPINR,16OCT2026,1250000000.000000,1,OPTCUR,CDS,25000.000000,10000,False
5233,JPYINR2691863.75PE,JPYINR,18SEP2026,637500000.000000,1,OPTCUR,CDS,25000.000000,10000,False
5240,GBPINR26O09131.5PE,GBPINR,09OCT2026,1315000000.000000,1,OPTCUR,CDS,25000.000000,10000,False
5260,JPYINR26N2057.75CE,JPYINR,20NOV2026,577500000.000000,1,OPTCUR,CDS,25000.000000,10000,False
5266,GBPINR26O09132CE,GBPINR,09OCT2026,1320000000.000000,1,OPTCUR,CDS,25000.000000,10000,False
5284,GBPINR26925125.5CE,GBPINR,25SEP2026,1255000000.000000,1,OPTCUR,CDS,25000.000000,10000,False
5313,EURINR26OCT110.75CE,EURINR,28OCT2026,1107500000.000000,1,OPTCUR,CDS,25000.000000,10000,False
5316,EURINR26OCT111PE,EURINR,28OCT2026,1110000000.000000,1,OPTCUR,CDS,25000.000000,10000,False
5321,EURINR26DEC112.75CE,EURINR,29DEC2026,1127500000.000000,1,OPTCUR,CDS,25000.000000,10000,False
5336,EURINR26OCT111.5CE,EURINR,28OCT2026,1115000000.000000,1,OPTCUR,CDS,25000.000000,10000,False
5362,GBPINR26O16125.25CE,GBPINR,16OCT2026,1252500000.000000,1,OPTCUR,CDS,25000.000000,10000,False
5364,EURINR26OCT112PE,EURINR,28OCT2026,1120000000.000000,1,OPTCUR,CDS,25000.000000,10000,False
5365,EURINR26OCT112.25CE,EURINR,28OCT2026,1122500000.000000,1,OPTCUR,CDS,25000.000000,10000,False
5369,GBPINR26925128PE,GBPINR,25SEP2026,1280000000.000000,1,OPTCUR,CDS,25000.000000,10000,False
5374,JPYINR26N2058.25CE,JPYINR,20NOV2026,582500000.000000,1,OPTCUR,CDS,25000.000000,10000,False
5379,JPYINR26N2058.25PE,JPYINR,20NOV2026,582500000.000000,1,OPTCUR,CDS,25000.000000,10000,False
5390,GBPINR27JUN127.75CE,GBPINR,28JUN2027,1277500000.000000,1,OPTCUR,CDS,25000.000000,10000,False
5397,GBPINR27JUN128CE,GBPINR,28JUN2027,1280000000.000000,1,OPTCUR,CDS,25000.000000,10000,False
5407,GBPINR26O09133CE,GBPINR,09OCT2026,1330000000.000000,1,OPTCUR,CDS,25000.000000,10000,False
5410,GBPINR26925129CE,GBPINR,25SEP2026,1290000000.000000,1,OPTCUR,CDS,25000.000000,10000,False
5414,GBPINR26925129.25CE,GBPINR,25SEP2026,1292500000.000000,1,OPTCUR,CDS,25000.000000,10000,False
5416,GBPINR26925129.5CE,GBPINR,25SEP2026,1295000000.000000,1,OPTCUR,CDS,25000.000000,10000,False
5429,GBPINR26925129.75CE,GBPINR,25SEP2026,1297500000.000000,1,OPTCUR,CDS,25000.000000,10000,False
5434,GBPINR26925130.25PE,GBPINR,25SEP2026,1302500000.000000,1,OPTCUR,CDS,25000.000000,10000,False
5435,GBPINR26925130.5CE,GBPINR,25SEP2026,1305000000.000000,1,OPTCUR,CDS,25000.000000,10000,False
5440,EURINR26OCT113.5CE,EURINR,28OCT2026,1135000000.000000,1,OPTCUR,CDS,25000.000000,10000,False
5452,GBPINR27JUN129.25CE,GBPINR,28JUN2027,1292500000.000000,1,OPTCUR,CDS,25000.000000,10000,False
5455,GBPINR26925130.75PE,GBPINR,25SEP2026,1307500000.000000,1,OPTCUR,CDS,25000.000000,10000,False
5459,EURINR26OCT114PE,EURINR,28OCT2026,1140000000.000000,1,OPTCUR,CDS,25000.000000,10000,False
5464,GBPINR27JUN129.5CE,GBPINR,28JUN2027,1295000000.000000,1,OPTCUR,CDS,25000.000000,10000,False
5479,USDINR26O23FUT,USDINR,23OCT2026,-1.000000,1,FUTCUR,CDS,25000.000000,10000,False
5486,GBPINR26925132CE,GBPINR,25SEP2026,1320000000.000000,1,OPTCUR,CDS,25000.000000,10000,False
5487,GBPINR26925132PE,GBPINR,25SEP2026,1320000000.000000,1,OPTCUR,CDS,25000.000000,10000,False
5493,GBPINR27JUN130.25PE,GBPINR,28JUN2027,1302500000.000000,1,OPTCUR,CDS,25000.000000,10000,False
5503,GBPINR26NOV127.75PE,GBPINR,26NOV2026,1277500000.000000,1,OPTCUR,CDS,25000.000000,10000,False
5507,GBPINR26925132.75CE,GBPINR,25SEP2026,1327500000.000000,1,OPTCUR,CDS,25000.000000,10000,False
5545,EURUSD26DEC1.07PE,EURUSD,29DEC2026,10700000.000000,1,OPTCUR,CDS,1000.000000,10000,False
5565,EURUSD26DEC1.1PE,EURUSD,29DEC2026,11000000.000000,1,OPTCUR,CDS,1000.000000,10000,False
5579,EURUSD26DEC1.12CE,EURUSD,29DEC2026,11200000.000000,1,OPTCUR,CDS,1000.000000,10000,False
5599,EURUSD26OCT1.025CE,EURUSD,28OCT2026,10250000.000000,1,OPTCUR,CDS,1000.000000,10000,False
5621,JPYINR26SEP54.25CE,JPYINR,28SEP2026,542500000.000000,1,OPTCUR,CDS,25000.000000,10000,False
5633,EURUSD26DEC1.14PE,EURUSD,29DEC2026,11400000.000000,1,OPTCUR,CDS,1000.000000,10000,False
5638,JPYINR26N2059.25PE,JPYINR,20NOV2026,592500000.000000,1,OPTCUR,CDS,25000.000000,10000,False
5639,JPYINR26N2059.5CE,JPYINR,20NOV2026,595000000.000000,1,OPTCUR,CDS,25000.000000,10000,False
5648,EURUSD26DEC1.15CE,EURUSD,29DEC2026,11500000.000000,1,OPTCUR,CDS,1000.000000,10000,False
5653,EURUSD26DEC1.155PE,EURUSD,29DEC2026,11550000.000000,1,OPTCUR,CDS,1000.000000,10000,False
5672,EURINR26O23107PE,EURINR,23OCT2026,1070000000.000000,1,OPTCUR,CDS,25000.000000,10000,False
5678,EURINR26O23107.75CE,EURINR,23OCT2026,1077500000.000000,1,OPTCUR,CDS,25000.000000,10000,False
5729,EURUSD26DEC1.175CE,EURUSD,29DEC2026,11750000.000000,1,OPTCUR,CDS,1000.000000,10000,False
5730,EURUSD26DEC1.175PE,EURUSD,29DEC2026,11750000.000000,1,OPTCUR,CDS,1000.000000,10000,False
5778,EURUSD26OCT1.05CE,EURUSD,28OCT2026,10500000.000000,1,OPTCUR,CDS,1000.000000,10000,False
5780,USDINR2691891.75CE,USDINR,18SEP2026,917500000.000000,1,OPTCUR,CDS,25000.000000,10000,False
5793,JPYINR2692557.25PE,JPYINR,25SEP2026,572500000.000000,1,OPTCUR,CDS,25000.000000,10000,False
5798,USDINR2691892.75CE,USDINR,18SEP2026,927500000.000000,1,OPTCUR,CDS,25000.000000,10000,False
5808,USDINR2691893CE,USDINR,18SEP2026,930000000.000000,1,OPTCUR,CDS,25000.000000,10000,False
5819,EURINR26O23111.25CE,EURINR,23OCT2026,1112500000.000000,1,OPTCUR,CDS,25000.000000,10000,False
5828,EURINR26O23111.75PE,EURINR,23OCT2026,1117500000.000000,1,OPTCUR,CDS,25000.000000,10000,False
5847,JPYINR2692558.5CE,JPYINR,25SEP2026,585000000.000000,1,OPTCUR,CDS,25000.000000,10000,False
5866,EURINR26O23113.25CE,EURINR,23OCT2026,1132500000.000000,1,OPTCUR,CDS,25000.000000,10000,False
5870,EURUSD26OCT1.08PE,EURUSD,28OCT2026,10800000.000000,1,OPTCUR,CDS,1000.000000,10000,False
5875,USDINR2691893.5CE,USDINR,18SEP2026,935000000.000000,1,OPTCUR,CDS,25000.000000,10000,False
5884,JPYINR2692559.5CE,JPYINR,25SEP2026,595000000.000000,1,OPTCUR,CDS,25000.000000,10000,False
5901,JPYINR2692560PE,JPYINR,25SEP2026,600000000.000000,1,OPTCUR,CDS,25000.000000,10000,False
5915,EURINR26O23114.5PE,EURINR,23OCT2026,1145000000.000000,1,OPTCUR,CDS,25000.000000,10000,False
5920,EURUSD26OCT1.095PE,EURUSD,28OCT2026,10950000.000000,1,OPTCUR,CDS,1000.000000,10000,False
5941,USDINR2691894PE,USDINR,18SEP2026,940000000.000000,1,OPTCUR,CDS,25000.000000,10000,False
5958,USDINR2691894.625PE,USDINR,18SEP2026,946250000.000000,1,OPTCUR,CDS,25000.000000,10000,False
5964,USDINR2691894.875CE,USDINR,18SEP2026,948750000.000000,1,OPTCUR,CDS,25000.000000,10000,False
5969,JPYINR26SEP54.5PE,JPYINR,28SEP2026,545000000.000000,1,OPTCUR,CDS,25000.000000,10000,False
5979,JPYINR2692561PE,JPYINR,25SEP2026,610000000.000000,1,OPTCUR,CDS,25000.000000,10000,False
5985,EURUSD26OCT1.125PE,EURUSD,28OCT2026,11250000.000000,1,OPTCUR,CDS,1000.000000,10000,False
5991,EURUSD26OCT1.135CE,EURUSD,28OCT2026,11350000.000000,1,OPTCUR,CDS,1000.000000,10000,False
5994,EURUSD26OCT1.14PE,EURUSD,28OCT2026,11400000.000000,1,OPTCUR,CDS,1000.000000,10000,False
5999,JPYINR26N2061PE,JPYINR,20NOV2026,610000000.000000,1,OPTCUR,CDS,25000.000000,10000,False
6005,GBPINR26O30125.5CE,GBPINR,30OCT2026,1255000000.000000,1,OPTCUR,CDS,25000.000000,10000,False
6009,USDINR2691895.25CE,USDINR,18SEP2026,952500000.000000,1,OPTCUR,CDS,25000.000000,10000,False
6021,GBPINR26O30126CE,GBPINR,30OCT2026,1260000000.000000,1,OPTCUR,CDS,25000.000000,10000,False
6051,GBPINR27MAR122.5PE,GBPINR,29MAR2027,1225000000.000000,1,OPTCUR,CDS,25000.000000,10000,False
6081,USDINR2691895.375PE,USDINR,18SEP2026,953750000.000000,1,OPTCUR,CDS,25000.000000,10000,False
6107,JPYINR26N2061.75PE,JPYINR,20NOV2026,617500000.000000,1,OPTCUR,CDS,25000.000000,10000,False
6108,JPYINR2692562.25CE,JPYINR,25SEP2026,622500000.000000,1,OPTCUR,CDS,25000.000000,10000,False
62,GOI5.85%2030,585GS2030,,-1.000000,1,UNDIRC,CDS,25000.000000,1250,False
6112,GBPINR26O30126.75PE,GBPINR,30OCT2026,1267500000.000000,1,OPTCUR,CDS,25000.000000,10000,False
6138,JPYINR2692563.75CE,JPYINR,25SEP2026,637500000.000000,1,OPTCUR,CDS,25000.000000,10000,False
6152,JPYINR2692564.5CE,JPYINR,25SEP2026,645000000.000000,1,OPTCUR,CDS,25000.000000,10000,False
6214,USDINR2691898.5CE,USDINR,18SEP2026,985000000.000000,1,OPTCUR,CDS,25000.000000,10000,False
6219,USDINR2692591PE,USDINR,25SEP2026,910000000.000000,1,OPTCUR,CDS,25000.000000,10000,False
6233,EURINR26SEP114.25PE,EURINR,28SEP2026,1142500000.000000,1,OPTCUR,CDS,25000.000000,10000,False
6252,JPYINR26O0956.5CE,JPYINR,09OCT2026,565000000.000000,1,OPTCUR,CDS,25000.000000,10000,False
6253,JPYINR26O0956.5PE,JPYINR,09OCT2026,565000000.000000,1,OPTCUR,CDS,25000.000000,10000,False
6270,GBPINR26O23125.75PE,GBPINR,23OCT2026,1257500000.000000,1,OPTCUR,CDS,25000.000000,10000,False
6271,GBPINR26O23126CE,GBPINR,23OCT2026,1260000000.000000,1,OPTCUR,CDS,25000.000000,10000,False
6280,USDINR2691898.75PE,USDINR,18SEP2026,987500000.000000,1,OPTCUR,CDS,25000.000000,10000,False
6286,EURINR26DEC114PE,EURINR,29DEC2026,1140000000.000000,1,OPTCUR,CDS,25000.000000,10000,False
6315,USDINR2692595.5CE,USDINR,25SEP2026,955000000.000000,1,OPTCUR,CDS,25000.000000,10000,False
6319,GBPINR26O23127.25CE,GBPINR,23OCT2026,1272500000.000000,1,OPTCUR,CDS,25000.000000,10000,False
6323,USDINR2692595.625CE,USDINR,25SEP2026,956250000.000000,1,OPTCUR,CDS,25000.000000,10000,False
6330,GBPINR26O23128CE,GBPINR,23OCT2026,1280000000.000000,1,OPTCUR,CDS,25000.000000,10000,False
6343,USDINR2692595.875PE,USDINR,25SEP2026,958750000.000000,1,OPTCUR,CDS,25000.000000,10000,False
6348,USDINR2692596.25CE,USDINR,25SEP2026,962500000.000000,1,OPTCUR,CDS,25000.000000,10000,False
6354,USDINR2692596.75CE,USDINR,25SEP2026,967500000.000000,1,OPTCUR,CDS,25000.000000,10000,False
6358,JPYINR26O0957.5CE,JPYINR,09OCT2026,575000000.000000,1,OPTCUR,CDS,25000.000000,10000,False
6369,USDINR2692597.25PE,USDINR,25SEP2026,972500000.000000,1,OPTCUR,CDS,25000.000000,10000,False
6371,USDINR2692597.5PE,USDINR,25SEP2026,975000000.000000,1,OPTCUR,CDS,25000.000000,10000,False
6374,EURINR26DEC115CE,EURINR,29DEC2026,1150000000.000000,1,OPTCUR,CDS,25000.000000,10000,False
6399,USDINR2692598.75PE,USDINR,25SEP2026,987500000.000000,1,OPTCUR,CDS,25000.000000,10000,False
6411,GBPINR26O23129.5PE,GBPINR,23OCT2026,1295000000.000000,1,OPTCUR,CDS,25000.000000,10000,False
6417,USDINR2692599.75CE,USDINR,25SEP2026,997500000.000000,1,OPTCUR,CDS,25000.000000,10000,False
6430,GBPINR26O23129.75PE,GBPINR,23OCT2026,1297500000.000000,1,OPTCUR,CDS,25000.000000,10000,False
6462,GBPINR26O30130.25CE,GBPINR,30OCT2026,1302500000.000000,1,OPTCUR,CDS,25000.000000,10000,False
6465,GBPUSD26DEC1.215CE,GBPUSD,29DEC2026,12150000.000000,1,OPTCUR,CDS,1000.000000,10000,False
6467,GBPINR26O30130.5CE,GBPINR,30OCT2026,1305000000.000000,1,OPTCUR,CDS,25000.000000,10000,False
6474,GBPINR26O30130.75PE,GBPINR,30OCT2026,1307500000.000000,1,OPTCUR,CDS,25000.000000,10000,False
6488,JPYINR26N2062.75CE,JPYINR,20NOV2026,627500000.000000,1,OPTCUR,CDS,25000.000000,10000,False
6511,JPYINR26N2063CE,JPYINR,20NOV2026,630000000.000000,1,OPTCUR,CDS,25000.000000,10000,False
6515,GBPINR26NOV128.75CE,GBPINR,26NOV2026,1287500000.000000,1,OPTCUR,CDS,25000.000000,10000,False
6558,USDINR26918100PE,USDINR,18SEP2026,1000000000.000000,1,OPTCUR,CDS,25000.000000,10000,False
66,R-GOI6.64%2035,R664GS2035,,-1.000000,1,UNDIRC,CDS,25000.000000,1250,False
6609,GBPINR26O16127.25CE,GBPINR,16OCT2026,1272500000.000000,1,OPTCUR,CDS,25000.000000,10000,False
6616,JPYINR26N2064.5PE,JPYINR,20NOV2026,645000000.000000,1,OPTCUR,CDS,25000.000000,10000,False
6653,USDINR2691894.375CE,USDINR,18SEP2026,943750000.000000,1,OPTCUR,CDS,25000.000000,10000,False
6656,GBPINR26O23132.5PE,GBPINR,23OCT2026,1325000000.000000,1,OPTCUR,CDS,25000.000000,10000,False
6718,EURUSD26OCT1.16CE,EURUSD,28OCT2026,11600000.000000,1,OPTCUR,CDS,1000.000000,10000,False
6747,EURUSD26OCT1.165PE,EURUSD,28OCT2026,11650000.000000,1,OPTCUR,CDS,1000.000000,10000,False
6754,JPYINR26O0961.75PE,JPYINR,09OCT2026,617500000.000000,1,OPTCUR,CDS,25000.000000,10000,False
6755,679GS203426SEP96.75PE,679GS2034,24SEP2026,967500000.000000,1,OPTIRC,CDS,25000.000000,1250,False
6767,636GS203126SEP96.25PE,636GS2031,24SEP2026,962500000.000000,1,OPTIRC,CDS,25000.000000,1250,False
6768,EURUSD26OCT1.185CE,EURUSD,28OCT2026,11850000.000000,1,OPTCUR,CDS,1000.000000,10000,False
6780,636GS203126SEP96.75CE,636GS2031,24SEP2026,967500000.000000,1,OPTIRC,CDS,25000.000000,1250,False
6806,EURUSD26OCT1.2CE,EURUSD,28OCT2026,12000000.000000,1,OPTCUR,CDS,1000.000000,10000,False
6817,GBPINR26O30133.75PE,GBPINR,30OCT2026,1337500000.000000,1,OPTCUR,CDS,25000.000000,10000,False
6854,GBPINR26NOV130.5PE,GBPINR,26NOV2026,1305000000.000000,1,OPTCUR,CDS,25000.000000,10000,False
6870,GBPINR26NOV130.75PE,GBPINR,26NOV2026,1307500000.000000,1,OPTCUR,CDS,25000.000000,10000,False
6903,JPYINR26N2761.5CE,JPYINR,27NOV2026,615000000.000000,1,OPTCUR,CDS,25000.000000,10000,False
6923,EURUSD26OCT1.235PE,EURUSD,28OCT2026,12350000.000000,1,OPTCUR,CDS,1000.000000,10000,False
6965,EURUSD26OCT1.26CE,EURUSD,28OCT2026,12600000.000000,1,OPTCUR,CDS,1000.000000,10000,False
6988,EURINR26O01107CE,EURINR,01OCT2026,1070000000.000000,1,OPTCUR,CDS,25000.000000,10000,False
7012,EURINR26O01109CE,EURINR,01OCT2026,1090000000.000000,1,OPTCUR,CDS,25000.000000,10000,False
7019,648GS203526SEP96.5CE,648GS2035,24SEP2026,965000000.000000,1,OPTIRC,CDS,25000.000000,1250,False
7040,648GS203526SEP97.75CE,648GS2035,24SEP2026,977500000.000000,1,OPTIRC,CDS,25000.000000,1250,False
7045,EURINR26O01110CE,EURINR,01OCT2026,1100000000.000000,1,OPTCUR,CDS,25000.000000,10000,False
7057,648GS203526SEP98.25PE,648GS2035,24SEP2026,982500000.000000,1,OPTIRC,CDS,25000.000000,1250,False
7065,648GS203526SEP94.5CE,648GS2035,24SEP2026,945000000.000000,1,OPTIRC,CDS,25000.000000,1250,False
71,R-GOI6.67%2035,R667GS2035,,-1.000000,1,UNDIRC,CDS,25000.000000,1250,False
7066,648GS203526SEP94.5PE,648GS2035,24SEP2026,945000000.000000,1,OPTIRC,CDS,25000.000000,1250,False
7114,JPYINR26O0963.75PE,JPYINR,09OCT2026,637500000.000000,1,OPTCUR,CDS,25000.000000,10000,False
7140,JPYINR26O3057.5PE,JPYINR,30OCT2026,575000000.000000,1,OPTCUR,CDS,25000.000000,10000,False
7142,GBPINR26NOV131.5CE,GBPINR,26NOV2026,1315000000.000000,1,OPTCUR,CDS,25000.000000,10000,False
7153,GBPINR26NOV131.75CE,GBPINR,26NOV2026,1317500000.000000,1,OPTCUR,CDS,25000.000000,10000,False
7156,648GS203526SEP101PE,648GS2035,24SEP2026,1010000000.000000,1,OPTIRC,CDS,25000.000000,1250,False
7208,648GS203526SEP102PE,648GS2035,24SEP2026,1020000000.000000,1,OPTIRC,CDS,25000.000000,1250,False
7211,GBPINR26OCT124.5PE,GBPINR,28OCT2026,1245000000.000000,1,OPTCUR,CDS,25000.000000,10000,False
7215,GBPINR26OCT124.75CE,GBPINR,28OCT2026,1247500000.000000,1,OPTCUR,CDS,25000.000000,10000,False
7221,JPYINR26O2357.75CE,JPYINR,23OCT2026,577500000.000000,1,OPTCUR,CDS,25000.000000,10000,False
7225,648GS203526SEP102.25PE,648GS2035,24SEP2026,1022500000.000000,1,OPTIRC,CDS,25000.000000,1250,False
7231,JPYINR26O2358CE,JPYINR,23OCT2026,580000000.000000,1,OPTCUR,CDS,25000.000000,10000,False
7232,JPYINR26O2358PE,JPYINR,23OCT2026,580000000.000000,1,OPTCUR,CDS,25000.000000,10000,False
7245,JPYINR26O3060.25CE,JPYINR,30OCT2026,602500000.000000,1,OPTCUR,CDS,25000.000000,10000,False
7254,GBPINR26NOV132.5CE,GBPINR,26NOV2026,1325000000.000000,1,OPTCUR,CDS,25000.000000,10000,False
7261,JPYINR26N2763.25CE,JPYINR,27NOV2026,632500000.000000,1,OPTCUR,CDS,25000.000000,10000,False
7275,GBPINR26OCT125.75PE,GBPINR,28OCT2026,1257500000.000000,1,OPTCUR,CDS,25000.000000,10000,False
7288,GBPINR26OCT126.25PE,GBPINR,28OCT2026,1262500000.000000,1,OPTCUR,CDS,25000.000000,10000,False
7290,JPYINR26O3061.5PE,JPYINR,30OCT2026,615000000.000000,1,OPTCUR,CDS,25000.000000,10000,False
7294,GBPINR27MAR124.25CE,GBPINR,29MAR2027,1242500000.000000,1,OPTCUR,CDS,25000.000000,10000,False
7315,JPYINR26O3062.5CE,JPYINR,30OCT2026,625000000.000000,1,OPTCUR,CDS,25000.000000,10000,False
7333,JPYINR26O3063PE,JPYINR,30OCT2026,630000000.000000,1,OPTCUR,CDS,25000.000000,10000,False
7335,JPYINR26N2763.75CE,JPYINR,27NOV2026,637500000.000000,1,OPTCUR,CDS,25000.000000,10000,False
7391,JPYINR26N2763.75PE,JPYINR,27NOV2026,637500000.000000,1,OPTCUR,CDS,25000.000000,10000,False
7409,GBPINR26NOV133.25PE,GBPINR,26NOV2026,1332500000.000000,1,OPTCUR,CDS,25000.000000,10000,False
7440,USDINR26SEP97.5PE,USDINR,28SEP2026,975000000.000000,1,OPTCUR,CDS,25000.000000,10000,False
7530,GBPINR26O01124.5PE,GBPINR,01OCT2026,1245000000.000000,1,OPTCUR,CDS,25000.000000,10000,False
7533,GBPINR26O01125CE,GBPINR,01OCT2026,1250000000.000000,1,OPTCUR,CDS,25000.000000,10000,False
7535,GBPINR26O01125.25CE,GBPINR,01OCT2026,1252500000.000000,1,OPTCUR,CDS,25000.000000,10000,False
7538,EURUSD26DEC1.29PE,EURUSD,29DEC2026,12900000.000000,1,OPTCUR,CDS,1000.000000,10000,False
7561,GBPINR26O01127.25CE,GBPINR,01OCT2026,1272500000.000000,1,OPTCUR,CDS,25000.000000,10000,False
7597,GBPINR26O01130CE,GBPINR,01OCT2026,1300000000.000000,1,OPTCUR,CDS,25000.000000,10000,False
7603,GBPINR26O01130.5PE,GBPINR,01OCT2026,1305000000.000000,1,OPTCUR,CDS,25000.000000,10000,False
7605,GBPINR26O01130.75PE,GBPINR,01OCT2026,1307500000.000000,1,OPTCUR,CDS,25000.000000,10000,False
7625,GBPINR26O01133PE,GBPINR,01OCT2026,1330000000.000000,1,OPTCUR,CDS,25000.000000,10000,False
7714,JPYINR26O0156PE,JPYINR,01OCT2026,560000000.000000,1,OPTCUR,CDS,25000.000000,10000,False
7719,USDINR2691897.375PE,USDINR,18SEP2026,973750000.000000,1,OPTCUR,CDS,25000.000000,10000,False
7730,USDINR26O3091PE,USDINR,30OCT2026,910000000.000000,1,OPTCUR,CDS,25000.000000,10000,False
7756,JPYINR26O0158CE,JPYINR,01OCT2026,580000000.000000,1,OPTCUR,CDS,25000.000000,10000,False
7760,USDINR2692597.375PE,USDINR,25SEP2026,973750000.000000,1,OPTCUR,CDS,25000.000000,10000,False
7788,JPYINR26O0159.75CE,JPYINR,01OCT2026,597500000.000000,1,OPTCUR,CDS,25000.000000,10000,False
7797,JPYINR26O2359PE,JPYINR,23OCT2026,590000000.000000,1,OPTCUR,CDS,25000.000000,10000,False
7811,JPYINR26O0161.5CE,JPYINR,01OCT2026,615000000.000000,1,OPTCUR,CDS,25000.000000,10000,False
7829,JPYINR26O0162.75CE,JPYINR,01OCT2026,627500000.000000,1,OPTCUR,CDS,25000.000000,10000,False
7840,JPYINR26O0163.25CE,JPYINR,01OCT2026,632500000.000000,1,OPTCUR,CDS,25000.000000,10000,False
7856,JPYINR26O2359.5PE,JPYINR,23OCT2026,595000000.000000,1,OPTCUR,CDS,25000.000000,10000,False
7865,JPYINR26O0164.75PE,JPYINR,01OCT2026,647500000.000000,1,OPTCUR,CDS,25000.000000,10000,False
7880,USDINR26O0191.5CE,USDINR,01OCT2026,915000000.000000,1,OPTCUR,CDS,25000.000000,10000,False
7905,USDINR26O3093.25CE,USDINR,30OCT2026,932500000.000000,1,OPTCUR,CDS,25000.000000,10000,False
7917,USDINR26O0193.25PE,USDINR,01OCT2026,932500000.000000,1,OPTCUR,CDS,25000.000000,10000,False
7918,USDINR26O0193.5CE,USDINR,01OCT2026,935000000.000000,1,OPTCUR,CDS,25000.000000,10000,False
7926,USDINR26O0194.5CE,USDINR,01OCT2026,945000000.000000,1,OPTCUR,CDS,25000.000000,10000,False
7935,USDINR26O0195.25PE,USDINR,01OCT2026,952500000.000000,1,OPTCUR,CDS,25000.000000,10000,False
7939,USDINR26O0195.625PE,USDINR,01OCT2026,956250000.000000,1,OPTCUR,CDS,25000.000000,10000,False
7948,USDINR26O0195.875PE,USDINR,01OCT2026,958750000.000000,1,OPTCUR,CDS,25000.000000,10000,False
7951,USDINR26O0196.125CE,USDINR,01OCT2026,961250000.000000,1,OPTCUR,CDS,25000.000000,10000,False
7968,USDINR26O0196.875PE,USDINR,01OCT2026,968750000.000000,1,OPTCUR,CDS,25000.000000,10000,False
7992,USDINR26O0199.25CE,USDINR,01OCT2026,992500000.000000,1,OPTCUR,CDS,25000.000000,10000,False
8059,GBPINR26OCT127.75PE,GBPINR,28OCT2026,1277500000.000000,1,OPTCUR,CDS,25000.000000,10000,False
8062,GBPINR26OCT128.25CE,GBPINR,28OCT2026,1282500000.000000,1,OPTCUR,CDS,25000.000000,10000,False
8073,GBPINR26O16129.5CE,GBPINR,16OCT2026,1295000000.000000,1,OPTCUR,CDS,25000.000000,10000,False
8076,636GS203126DEC96.75CE,636GS2031,31DEC2026,967500000.000000,1,OPTIRC,CDS,25000.000000,1250,False
8081,636GS203126DEC97PE,636GS2031,31DEC2026,970000000.000000,1,OPTIRC,CDS,25000.000000,1250,False
8084,JPYINR26SEP57CE,JPYINR,28SEP2026,570000000.000000,1,OPTCUR,CDS,25000.000000,10000,False
8087,GBPINR26OCT128.5PE,GBPINR,28OCT2026,1285000000.000000,1,OPTCUR,CDS,25000.000000,10000,False
8095,JPYINR26SEP57.25CE,JPYINR,28SEP2026,572500000.000000,1,OPTCUR,CDS,25000.000000,10000,False
8104,USDINR26O0995.75PE,USDINR,09OCT2026,957500000.000000,1,OPTCUR,CDS,25000.000000,10000,False
8122,636GS203126DEC97.25CE,636GS2031,31DEC2026,972500000.000000,1,OPTIRC,CDS,25000.000000,1250,False
8123,USDINR26O3094PE,USDINR,30OCT2026,940000000.000000,1,OPTCUR,CDS,25000.000000,10000,False
8143,USDINR26O0997.25CE,USDINR,09OCT2026,972500000.000000,1,OPTCUR,CDS,25000.000000,10000,False
8151,USDINR26O0997.5PE,USDINR,09OCT2026,975000000.000000,1,OPTCUR,CDS,25000.000000,10000,False
8186,USDINR26O3094.5PE,USDINR,30OCT2026,945000000.000000,1,OPTCUR,CDS,25000.000000,10000,False
8206,723GS203926SEP98.5CE,723GS2039,24SEP2026,985000000.000000,1,OPTIRC,CDS,25000.000000,1250,False
8207,723GS203926SEP98.5PE,723GS2039,24SEP2026,985000000.000000,1,OPTIRC,CDS,25000.000000,1250,False
8209,GBPINR26O16129.75PE,GBPINR,16OCT2026,1297500000.000000,1,OPTCUR,CDS,25000.000000,10000,False
8210,GBPINR26O16130CE,GBPINR,16OCT2026,1300000000.000000,1,OPTCUR,CDS,25000.000000,10000,False
8229,GBPINR26O16130.25CE,GBPINR,16OCT2026,1302500000.000000,1,OPTCUR,CDS,25000.000000,10000,False
8236,USDJPY27MAR176CE,USDJPY,29MAR2027,1760000000.000000,1,OPTCUR,CDS,100000.000000,10000,False
8239,USDJPY27JUN176PE,USDJPY,28JUN2027,1760000000.000000,1,OPTCUR,CDS,100000.000000,10000,False
8243,GBPINR26OCT129.5PE,GBPINR,28OCT2026,1295000000.000000,1,OPTCUR,CDS,25000.000000,10000,False
8247,JPYINR26O2363.75PE,JPYINR,23OCT2026,637500000.000000,1,OPTCUR,CDS,25000.000000,10000,False
8268,GBPINR26OCT131.75PE,GBPINR,28OCT2026,1317500000.000000,1,OPTCUR,CDS,25000.000000,10000,False
8286,GBPINR26OCT133.5CE,GBPINR,28OCT2026,1335000000.000000,1,OPTCUR,CDS,25000.000000,10000,False
8293,GBPUSD26OCT1.21CE,GBPUSD,28OCT2026,12100000.000000,1,OPTCUR,CDS,1000.000000,10000,False
8304,GBPUSD26OCT1.23PE,GBPUSD,28OCT2026,12300000.000000,1,OPTCUR,CDS,1000.000000,10000,False
8316,GBPUSD26OCT1.245PE,GBPUSD,28OCT2026,12450000.000000,1,OPTCUR,CDS,1000.000000,10000,False
8373,GBPUSD26OCT1.335PE,GBPUSD,28OCT2026,13350000.000000,1,OPTCUR,CDS,1000.000000,10000,False
8388,GBPUSD26OCT1.365CE,GBPUSD,28OCT2026,13650000.000000,1,OPTCUR,CDS,1000.000000,10000,False
8395,GBPUSD26OCT1.38PE,GBPUSD,28OCT2026,13800000.000000,1,OPTCUR,CDS,1000.000000,10000,False
8406,GBPUSD26OCT1.395PE,GBPUSD,28OCT2026,13950000.000000,1,OPTCUR,CDS,1000.000000,10000,False
8443,GBPINR26O16132.75PE,GBPINR,16OCT2026,1327500000.000000,1,OPTCUR,CDS,25000.000000,10000,False
8445,GBPINR26O16133PE,GBPINR,16OCT2026,1330000000.000000,1,OPTCUR,CDS,25000.000000,10000,False
8452,GBPINR26O16133.75CE,GBPINR,16OCT2026,1337500000.000000,1,OPTCUR,CDS,25000.000000,10000,False
8460,GBPUSD26OCT1.43PE,GBPUSD,28OCT2026,14300000.000000,1,OPTCUR,CDS,1000.000000,10000,False
8473,USDINR26O3094.75CE,USDINR,30OCT2026,947500000.000000,1,OPTCUR,CDS,25000.000000,10000,False
8476,GBPUSD26OCT1.44CE,GBPUSD,28OCT2026,14400000.000000,1,OPTCUR,CDS,1000.000000,10000,False
8479,GBPUSD26OCT1.445CE,GBPUSD,28OCT2026,14450000.000000,1,OPTCUR,CDS,1000.000000,10000,False
8501,USDINR26O3094.875CE,USDINR,30OCT2026,948750000.000000,1,OPTCUR,CDS,25000.000000,10000,False
8550,EURINR26DEC113.75CE,EURINR,29DEC2026,1137500000.000000,1,OPTCUR,CDS,25000.000000,10000,False
86,GOI7.18%2033,718GS2033,,-1.000000,1,UNDIRC,CDS,25000.000000,1250,False
8582,USDINR26O3095PE,USDINR,30OCT2026,950000000.000000,1,OPTCUR,CDS,25000.000000,10000,False
8601,JPYINR26O1656PE,JPYINR,16OCT2026,560000000.000000,1,OPTCUR,CDS,25000.000000,10000,False
8623,636GS203126DEC100CE,636GS2031,31DEC2026,1000000000.000000,1,OPTIRC,CDS,25000.000000,1250,False
8645,GBPINR27MAR126.25PE,GBPINR,29MAR2027,1262500000.000000,1,OPTCUR,CDS,25000.000000,10000,False
8654,USDINR26N2092.25PE,USDINR,20NOV2026,922500000.000000,1,OPTCUR,CDS,25000.000000,10000,False
8665,JPYINR26O1658.5CE,JPYINR,16OCT2026,585000000.000000,1,OPTCUR,CDS,25000.000000,10000,False
8677,JPYINR26O1659.75PE,JPYINR,16OCT2026,597500000.000000,1,OPTCUR,CDS,25000.000000,10000,False
87,COGEURINR,COGEURINR,,-1.000000,1,UNDCUR,CDS,25000.000000,999,False
8704,GBPINR26SEP129.75PE,GBPINR,28SEP2026,1297500000.000000,1,OPTCUR,CDS,25000.000000,10000,False
8718,JPYINR26O1661CE,JPYINR,16OCT2026,610000000.000000,1,OPTCUR,CDS,25000.000000,10000,False
8720,JPYINR26O1661.25CE,JPYINR,16OCT2026,612500000.000000,1,OPTCUR,CDS,25000.000000,10000,False
8724,JPYINR26O1661.75CE,JPYINR,16OCT2026,617500000.000000,1,OPTCUR,CDS,25000.000000,10000,False
8736,GBPUSD26NOV1.26PE,GBPUSD,26NOV2026,12600000.000000,1,OPTCUR,CDS,1000.000000,10000,False
8753,USDINR26N2093.5PE,USDINR,20NOV2026,935000000.000000,1,OPTCUR,CDS,25000.000000,10000,False
8766,JPYINR26O1663.5CE,JPYINR,16OCT2026,635000000.000000,1,OPTCUR,CDS,25000.000000,10000,False
8776,USDINR26N2093.75PE,USDINR,20NOV2026,937500000.000000,1,OPTCUR,CDS,25000.000000,10000,False
8796,USDINR26N2094.5PE,USDINR,20NOV2026,945000000.000000,1,OPTCUR,CDS,25000.000000,10000,False
8806,USDINR26N2094.75PE,USDINR,20NOV2026,947500000.000000,1,OPTCUR,CDS,25000.000000,10000,False
8811,GBPUSD26NOV1.31PE,GBPUSD,26NOV2026,13100000.000000,1,OPTCUR,CDS,1000.000000,10000,False
8850,GBPUSD26NOV1.335PE,GBPUSD,26NOV2026,13350000.000000,1,OPTCUR,CDS,1000.000000,10000,False
8851,GBPUSD26NOV1.34CE,GBPUSD,26NOV2026,13400000.000000,1,OPTCUR,CDS,1000.000000,10000,False
8857,USDINR26O3095.25PE,USDINR,30OCT2026,952500000.000000,1,OPTCUR,CDS,25000.000000,10000,False
8863,USDINR26O3095.625CE,USDINR,30OCT2026,956250000.000000,1,OPTCUR,CDS,25000.000000,10000,False
8870,636GS203126DEC101CE,636GS2031,31DEC2026,1010000000.000000,1,OPTIRC,CDS,25000.000000,1250,False
8871,USDINR26N2095PE,USDINR,20NOV2026,950000000.000000,1,OPTCUR,CDS,25000.000000,10000,False
8882,USDINR26N2095.25PE,USDINR,20NOV2026,952500000.000000,1,OPTCUR,CDS,25000.000000,10000,False
8906,GBPUSD26NOV1.365CE,GBPUSD,26NOV2026,13650000.000000,1,OPTCUR,CDS,1000.000000,10000,False
8912,USDINR26N2097PE,USDINR,20NOV2026,970000000.000000,1,OPTCUR,CDS,25000.000000,10000,False
8915,USDINR26N2097.5CE,USDINR,20NOV2026,975000000.000000,1,OPTCUR,CDS,25000.000000,10000,False
8918,USDINR26N2097.75PE,USDINR,20NOV2026,977500000.000000,1,OPTCUR,CDS,25000.000000,10000,False
8921,USDINR26N2098PE,USDINR,20NOV2026,980000000.000000,1,OPTCUR,CDS,25000.000000,10000,False
8923,USDINR26N2098.25CE,USDINR,20NOV2026,982500000.000000,1,OPTCUR,CDS,25000.000000,10000,False
8932,USDINR26N2793CE,USDINR,27NOV2026,930000000.000000,1,OPTCUR,CDS,25000.000000,10000,False
8935,USDINR26N2793.25PE,USDINR,27NOV2026,932500000.000000,1,OPTCUR,CDS,25000.000000,10000,False
8960,JPYINR26OCT55.5CE,JPYINR,28OCT2026,555000000.000000,1,OPTCUR,CDS,25000.000000,10000,False
8962,JPYINR26OCT55.75CE,JPYINR,28OCT2026,557500000.000000,1,OPTCUR,CDS,25000.000000,10000,False
8977,JPYINR26OCT57CE,JPYINR,28OCT2026,570000000.000000,1,OPTCUR,CDS,25000.000000,10000,False
8978,GBPUSD26NOV1.38PE,GBPUSD,26NOV2026,13800000.000000,1,OPTCUR,CDS,1000.000000,10000,False
8986,USDINR26O2391CE,USDINR,23OCT2026,910000000.000000,1,OPTCUR,CDS,25000.000000,10000,False
9,GOI6.68%2031,668GS2031,,-1.000000,1,UNDIRC,CDS,25000.000000,1250,False
90,R-GOI7.18%2037,R718GS2037,,-1.000000,1,UNDIRC,CDS,25000.000000,1250,False
8990,USDINR26O2391.5CE,USDINR,23OCT2026,915000000.000000,1,OPTCUR,CDS,25000.000000,10000,False
9008,JPYINR26OCT58.75PE,JPYINR,28OCT2026,587500000.000000,1,OPTCUR,CDS,25000.000000,10000,False
9015,GBPUSD26NOV1.385PE,GBPUSD,26NOV2026,13850000.000000,1,OPTCUR,CDS,1000.000000,10000,False
9016,JPYINR26OCT59.5PE,JPYINR,28OCT2026,595000000.000000,1,OPTCUR,CDS,25000.000000,10000,False
9020,GBPUSD26NOV1.395PE,GBPUSD,26NOV2026,13950000.000000,1,OPTCUR,CDS,1000.000000,10000,False
9024,GBPUSD26NOV1.405PE,GBPUSD,26NOV2026,14050000.000000,1,OPTCUR,CDS,1000.000000,10000,False
9035,GBPUSD26NOV1.425CE,GBPUSD,26NOV2026,14250000.000000,1,OPTCUR,CDS,1000.000000,10000,False
9056,JPYINR26OCT60.25PE,JPYINR,28OCT2026,602500000.000000,1,OPTCUR,CDS,25000.000000,10000,False
9063,USDJPY26OCT143PE,USDJPY,28OCT2026,1430000000.000000,1,OPTCUR,CDS,100000.000000,10000,False
9064,USDJPY26OCT143.5CE,USDJPY,28OCT2026,1435000000.000000,1,OPTCUR,CDS,100000.000000,10000,False
9068,JPYINR26OCT61.5CE,JPYINR,28OCT2026,615000000.000000,1,OPTCUR,CDS,25000.000000,10000,False
9072,JPYINR26OCT62CE,JPYINR,28OCT2026,620000000.000000,1,OPTCUR,CDS,25000.000000,10000,False
9114,USDINR26O1693.5CE,USDINR,16OCT2026,935000000.000000,1,OPTCUR,CDS,25000.000000,10000,False
9128,USDINR26O1694.5CE,USDINR,16OCT2026,945000000.000000,1,OPTCUR,CDS,25000.000000,10000,False
9089,GBPUSD26NOV1.44PE,GBPUSD,26NOV2026,14400000.000000,1,OPTCUR,CDS,1000.000000,10000,False
9098,USDINR26O1692CE,USDINR,16OCT2026,920000000.000000,1,OPTCUR,CDS,25000.000000,10000,False
9134,USDINR26O1695CE,USDINR,16OCT2026,950000000.000000,1,OPTCUR,CDS,25000.000000,10000,False
9145,USDINR26O1695.625PE,USDINR,16OCT2026,956250000.000000,1,OPTCUR,CDS,25000.000000,10000,False
9101,USDINR26O1692.25PE,USDINR,16OCT2026,922500000.000000,1,OPTCUR,CDS,25000.000000,10000,False
9106,JPYINR26OCT63.5PE,JPYINR,28OCT2026,635000000.000000,1,OPTCUR,CDS,25000.000000,10000,False
9108,USDJPY26OCT144CE,USDJPY,28OCT2026,1440000000.000000,1,OPTCUR,CDS,100000.000000,10000,False
9110,USDINR26O1693CE,USDINR,16OCT2026,930000000.000000,1,OPTCUR,CDS,25000.000000,10000,False
9133,USDINR26O1694.875PE,USDINR,16OCT2026,948750000.000000,1,OPTCUR,CDS,25000.000000,10000,False
9141,USDINR26O1695.375PE,USDINR,16OCT2026,953750000.000000,1,OPTCUR,CDS,25000.000000,10000,False
9142,USDINR26O1695.5CE,USDINR,16OCT2026,955000000.000000,1,OPTCUR,CDS,25000.000000,10000,False
9154,USDINR26O1696.25CE,USDINR,16OCT2026,962500000.000000,1,OPTCUR,CDS,25000.000000,10000,False
9156,USDINR26O1696.375CE,USDINR,16OCT2026,963750000.000000,1,OPTCUR,CDS,25000.000000,10000,False
9171,GBPUSD26NOV1.45CE,GBPUSD,26NOV2026,14500000.000000,1,OPTCUR,CDS,1000.000000,10000,False
9176,USDJPY26NOV145.5PE,USDJPY,26NOV2026,1455000000.000000,1,OPTCUR,CDS,100000.000000,10000,False
9185,JPYINR26SEP57.5PE,JPYINR,28SEP2026,575000000.000000,1,OPTCUR,CDS,25000.000000,10000,False
9192,USDINR26SEP98CE,USDINR,28SEP2026,980000000.000000,1,OPTCUR,CDS,25000.000000,10000,False
9196,USDINR26DEC98CE,USDINR,29DEC2026,980000000.000000,1,OPTCUR,CDS,25000.000000,10000,False
9223,USDJPY27JUN143.5PE,USDJPY,28JUN2027,1435000000.000000,1,OPTCUR,CDS,100000.000000,10000,False
9224,USDJPY27JUN144CE,USDJPY,28JUN2027,1440000000.000000,1,OPTCUR,CDS,100000.000000,10000,False
9240,USDJPY27JUN144PE,USDJPY,28JUN2027,1440000000.000000,1,OPTCUR,CDS,100000.000000,10000,False
9245,GBPINR26SEP133.25PE,GBPINR,28SEP2026,1332500000.000000,1,OPTCUR,CDS,25000.000000,10000,False
9282,USDINR26N2794CE,USDINR,27NOV2026,940000000.000000,1,OPTCUR,CDS,25000.000000,10000,False
9286,USDINR26N2794.5CE,USDINR,27NOV2026,945000000.000000,1,OPTCUR,CDS,25000.000000,10000,False
9291,GBPINR26DEC133.25PE,GBPINR,29DEC2026,1332500000.000000,1,OPTCUR,CDS,25000.000000,10000,False
9307,GBPINR27MAR133.75CE,GBPINR,29MAR2027,1337500000.000000,1,OPTCUR,CDS,25000.000000,10000,False
9315,USDJPY26OCT150.5PE,USDJPY,28OCT2026,1505000000.000000,1,OPTCUR,CDS,100000.000000,10000,False
9345,633GS203526OCT95.75PE,633GS2035,29OCT2026,957500000.000000,1,OPTIRC,CDS,25000.000000,1250,False
9348,633GS203526OCT96.25CE,633GS2035,29OCT2026,962500000.000000,1,OPTIRC,CDS,25000.000000,1250,False
9352,633GS203526OCT96.5PE,633GS2035,29OCT2026,965000000.000000,1,OPTIRC,CDS,25000.000000,1250,False
9362,668GS204026SEP93.75CE,668GS2040,24SEP2026,937500000.000000,1,OPTIRC,CDS,25000.000000,1250,False
9375,633GS203526OCT98PE,633GS2035,29OCT2026,980000000.000000,1,OPTIRC,CDS,25000.000000,1250,False
9376,633GS203526OCT98.25CE,633GS2035,29OCT2026,982500000.000000,1,OPTIRC,CDS,25000.000000,1250,False
9409,USDINR26N2796CE,USDINR,27NOV2026,960000000.000000,1,OPTCUR,CDS,25000.000000,10000,False
9442,USDINR26N2796.75CE,USDINR,27NOV2026,967500000.000000,1,OPTCUR,CDS,25000.000000,10000,False
9446,636GS203126OCT97.75PE,636GS2031,29OCT2026,977500000.000000,1,OPTIRC,CDS,25000.000000,1250,False
9453,USDINR26N2797.25CE,USDINR,27NOV2026,972500000.000000,1,OPTCUR,CDS,25000.000000,10000,False
9454,USDINR26N2797.25PE,USDINR,27NOV2026,972500000.000000,1,OPTCUR,CDS,25000.000000,10000,False
9455,USDINR26N2797.5CE,USDINR,27NOV2026,975000000.000000,1,OPTCUR,CDS,25000.000000,10000,False
9463,USDINR26N2798.5CE,USDINR,27NOV2026,985000000.000000,1,OPTCUR,CDS,25000.000000,10000,False
9465,636GS203126OCT98.75CE,636GS2031,29OCT2026,987500000.000000,1,OPTIRC,CDS,25000.000000,1250,False
9547,USDINR26DEC98.75CE,USDINR,29DEC2026,987500000.000000,1,OPTCUR,CDS,25000.000000,10000,False
9555,USDINR26O3096.125CE,USDINR,30OCT2026,961250000.000000,1,OPTCUR,CDS,25000.000000,10000,False
9557,GBPINR27MAR127.5CE,GBPINR,29MAR2027,1275000000.000000,1,OPTCUR,CDS,25000.000000,10000,False
9590,636GS203126OCT100.25CE,636GS2031,29OCT2026,1002500000.000000,1,OPTIRC,CDS,25000.000000,1250,False
9629,648GS203526OCT95CE,648GS2035,29OCT2026,950000000.000000,1,OPTIRC,CDS,25000.000000,1250,False
9637,648GS203526OCT95.75PE,648GS2035,29OCT2026,957500000.000000,1,OPTIRC,CDS,25000.000000,1250,False
9652,GBPINR26DEC118.25CE,GBPINR,29DEC2026,1182500000.000000,1,OPTCUR,CDS,25000.000000,10000,False
9669,USDINR26OCT96.25PE,USDINR,28OCT2026,962500000.000000,1,OPTCUR,CDS,25000.000000,10000,False
9687,USDINR26OCT97.75CE,USDINR,28OCT2026,977500000.000000,1,OPTCUR,CDS,25000.000000,10000,False
9695,USDINR26OCT98.75CE,USDINR,28OCT2026,987500000.000000,1,OPTCUR,CDS,25000.000000,10000,False
9702,648GS203526OCT97PE,648GS2035,29OCT2026,970000000.000000,1,OPTIRC,CDS,25000.000000,1250,False
9704,648GS203526OCT97.25PE,648GS2035,29OCT2026,972500000.000000,1,OPTIRC,CDS,25000.000000,1250,False
9705,648GS203526OCT97.5CE,648GS2035,29OCT2026,975000000.000000,1,OPTIRC,CDS,25000.000000,1250,False
9721,648GS203526OCT98.5CE,648GS2035,29OCT2026,985000000.000000,1,OPTIRC,CDS,25000.000000,1250,False
9728,GBPINR26DEC119CE,GBPINR,29DEC2026,1190000000.000000,1,OPTCUR,CDS,25000.000000,10000,False
9733,648GS203526OCT99CE,648GS2035,29OCT2026,990000000.000000,1,OPTIRC,CDS,25000.000000,1250,False
9735,GBPINR26DEC119PE,GBPINR,29DEC2026,1190000000.000000,1,OPTCUR,CDS,25000.000000,10000,False
9740,648GS203526OCT99.75CE,648GS2035,29OCT2026,997500000.000000,1,OPTIRC,CDS,25000.000000,1250,False
9745,648GS203526OCT100PE,648GS2035,29OCT2026,1000000000.000000,1,OPTIRC,CDS,25000.000000,1250,False
9771,GBPUSD26NOV1.475PE,GBPUSD,26NOV2026,14750000.000000,1,OPTCUR,CDS,1000.000000,10000,False
9836,668GS204026OCT95.5PE,668GS2040,29OCT2026,955000000.000000,1,OPTIRC,CDS,25000.000000,1250,False
9838,668GS204026OCT95.75PE,668GS2040,29OCT2026,957500000.000000,1,OPTIRC,CDS,25000.000000,1250,False
9860,USDJPY26OCT156PE,USDJPY,28OCT2026,1560000000.000000,1,OPTCUR,CDS,100000.000000,10000,False
9861,USDJPY26OCT156.5CE,USDJPY,28OCT2026,1565000000.000000,1,OPTCUR,CDS,100000.000000,10000,False
9864,USDJPY26OCT157PE,USDJPY,28OCT2026,1570000000.000000,1,OPTCUR,CDS,100000.000000,10000,False
9867,USDJPY26OCT157.5CE,USDJPY,28OCT2026,1575000000.000000,1,OPTCUR,CDS,100000.000000,10000,False
9880,668GS204026OCT97.5CE,668GS2040,29OCT2026,975000000.000000,1,OPTIRC,CDS,25000.000000,1250,False
9882,668GS204026OCT97.75CE,668GS2040,29OCT2026,977500000.000000,1,OPTIRC,CDS,25000.000000,1250,False
9885,USDJPY26OCT158.5PE,USDJPY,28OCT2026,1585000000.000000,1,OPTCUR,CDS,100000.000000,10000,False
9889,USDJPY26OCT159.5PE,USDJPY,28OCT2026,1595000000.000000,1,OPTCUR,CDS,100000.000000,10000,False
9895,USDINR26O2393.5PE,USDINR,23OCT2026,935000000.000000,1,OPTCUR,CDS,25000.000000,10000,False
9922,USDINR26O2394.875PE,USDINR,23OCT2026,948750000.000000,1,OPTCUR,CDS,25000.000000,10000,False
9924,USDJPY26OCT161.5CE,USDJPY,28OCT2026,1615000000.000000,1,OPTCUR,CDS,100000.000000,10000,False
9925,668GS204026OCT98.25CE,668GS2040,29OCT2026,982500000.000000,1,OPTIRC,CDS,25000.000000,1250,False
9928,668GS204026OCT98.5CE,668GS2040,29OCT2026,985000000.000000,1,OPTIRC,CDS,25000.000000,1250,False
9936,USDINR26O2395.375CE,USDINR,23OCT2026,953750000.000000,1,OPTCUR,CDS,25000.000000,10000,False
9970,USDINR26O2395.875CE,USDINR,23OCT2026,958750000.000000,1,OPTCUR,CDS,25000.000000,10000,False
9982,USDINR26O2396PE,USDINR,23OCT2026,960000000.000000,1,OPTCUR,CDS,25000.000000,10000,False
9989,USDJPY26OCT162.5PE,USDJPY,28OCT2026,1625000000.000000,1,OPTCUR,CDS,100000.000000,10000,False
9993,USDJPY26OCT163.5CE,USDJPY,28OCT2026,1635000000.000000,1,OPTCUR,CDS,100000.000000,10000,False
9995,USDJPY26OCT164CE,USDJPY,28OCT2026,1640000000.000000,1,OPTCUR,CDS,100000.000000,10000,False
9178,USDINR26O1697.25CE,USDINR,16OCT2026,972500000.000000,1,OPTCUR,CDS,25000.000000,10000,False
9194,USDINR26DEC97.75CE,USDINR,29DEC2026,977500000.000000,1,OPTCUR,CDS,25000.000000,10000,False
9202,USDINR26O1697.5CE,USDINR,16OCT2026,975000000.000000,1,OPTCUR,CDS,25000.000000,10000,False
9221,USDJPY27JUN143PE,USDJPY,28JUN2027,1430000000.000000,1,OPTCUR,CDS,100000.000000,10000,False
9222,USDJPY27JUN143.5CE,USDJPY,28JUN2027,1435000000.000000,1,OPTCUR,CDS,100000.000000,10000,False
9247,JPYINR26OCT64.5PE,JPYINR,28OCT2026,645000000.000000,1,OPTCUR,CDS,25000.000000,10000,False
93,R-GOI7.10%2034,R710GS2034,,-1.000000,1,UNDIRC,CDS,25000.000000,1250,False
9248,USDJPY27JUN144.5CE,USDJPY,28JUN2027,1445000000.000000,1,OPTCUR,CDS,100000.000000,10000,False
9277,GBPINR26SEP133.5PE,GBPINR,28SEP2026,1335000000.000000,1,OPTCUR,CDS,25000.000000,10000,False
9289,GBPINR26DEC133PE,GBPINR,29DEC2026,1330000000.000000,1,OPTCUR,CDS,25000.000000,10000,False
9304,GBPINR27MAR133.25PE,GBPINR,29MAR2027,1332500000.000000,1,OPTCUR,CDS,25000.000000,10000,False
9338,633GS203526OCT95.25CE,633GS2035,29OCT2026,952500000.000000,1,OPTIRC,CDS,25000.000000,1250,False
9347,633GS203526OCT96PE,633GS2035,29OCT2026,960000000.000000,1,OPTIRC,CDS,25000.000000,1250,False
9355,633GS203526OCT96.75PE,633GS2035,29OCT2026,967500000.000000,1,OPTIRC,CDS,25000.000000,1250,False
9366,633GS203526OCT97CE,633GS2035,29OCT2026,970000000.000000,1,OPTIRC,CDS,25000.000000,1250,False
9369,633GS203526OCT97.25PE,633GS2035,29OCT2026,972500000.000000,1,OPTIRC,CDS,25000.000000,1250,False
9373,633GS203526OCT97.75PE,633GS2035,29OCT2026,977500000.000000,1,OPTIRC,CDS,25000.000000,1250,False
9383,633GS203526OCT99PE,633GS2035,29OCT2026,990000000.000000,1,OPTIRC,CDS,25000.000000,1250,False
9404,EURINR26SEP111PE,EURINR,28SEP2026,1110000000.000000,1,OPTCUR,CDS,25000.000000,10000,False
9422,USDINR26N2796.25CE,USDINR,27NOV2026,962500000.000000,1,OPTCUR,CDS,25000.000000,10000,False
9434,636GS203126OCT97CE,636GS2031,29OCT2026,970000000.000000,1,OPTIRC,CDS,25000.000000,1250,False
9439,636GS203126OCT97.5CE,636GS2031,29OCT2026,975000000.000000,1,OPTIRC,CDS,25000.000000,1250,False
9444,USDINR26N2797CE,USDINR,27NOV2026,970000000.000000,1,OPTCUR,CDS,25000.000000,10000,False
9447,636GS203126OCT98CE,636GS2031,29OCT2026,980000000.000000,1,OPTIRC,CDS,25000.000000,1250,False
9449,636GS203126OCT98.25CE,636GS2031,29OCT2026,982500000.000000,1,OPTIRC,CDS,25000.000000,1250,False
9456,USDINR26N2797.5PE,USDINR,27NOV2026,975000000.000000,1,OPTCUR,CDS,25000.000000,10000,False
9472,USDINR26N2798.5PE,USDINR,27NOV2026,985000000.000000,1,OPTCUR,CDS,25000.000000,10000,False
9568,GBPINR27MAR128.75PE,GBPINR,29MAR2027,1287500000.000000,1,OPTCUR,CDS,25000.000000,10000,False
9573,USDINR26OCT92.75PE,USDINR,28OCT2026,927500000.000000,1,OPTCUR,CDS,25000.000000,10000,False
9575,USDINR26OCT93PE,USDINR,28OCT2026,930000000.000000,1,OPTCUR,CDS,25000.000000,10000,False
9594,636GS203126OCT100.75CE,636GS2031,29OCT2026,1007500000.000000,1,OPTIRC,CDS,25000.000000,1250,False
9595,636GS203126OCT100.75PE,636GS2031,29OCT2026,1007500000.000000,1,OPTIRC,CDS,25000.000000,1250,False
9630,648GS203526OCT95PE,648GS2035,29OCT2026,950000000.000000,1,OPTIRC,CDS,25000.000000,1250,False
9646,USDINR26OCT94.25PE,USDINR,28OCT2026,942500000.000000,1,OPTCUR,CDS,25000.000000,10000,False
9648,USDINR26OCT94.5PE,USDINR,28OCT2026,945000000.000000,1,OPTCUR,CDS,25000.000000,10000,False
9663,USDINR26OCT95.5PE,USDINR,28OCT2026,955000000.000000,1,OPTCUR,CDS,25000.000000,10000,False
9665,USDINR26OCT95.75PE,USDINR,28OCT2026,957500000.000000,1,OPTCUR,CDS,25000.000000,10000,False
9666,USDINR26OCT96CE,USDINR,28OCT2026,960000000.000000,1,OPTCUR,CDS,25000.000000,10000,False
9672,USDINR26OCT96.75CE,USDINR,28OCT2026,967500000.000000,1,OPTCUR,CDS,25000.000000,10000,False
9682,USDINR26OCT97.25PE,USDINR,28OCT2026,972500000.000000,1,OPTCUR,CDS,25000.000000,10000,False
9691,USDINR26OCT98.25CE,USDINR,28OCT2026,982500000.000000,1,OPTCUR,CDS,25000.000000,10000,False
9696,USDINR26OCT98.75PE,USDINR,28OCT2026,987500000.000000,1,OPTCUR,CDS,25000.000000,10000,False
9701,648GS203526OCT97CE,648GS2035,29OCT2026,970000000.000000,1,OPTIRC,CDS,25000.000000,1250,False
9759,USDJPY26OCT151.5CE,USDJPY,28OCT2026,1515000000.000000,1,OPTCUR,CDS,100000.000000,10000,False
9760,USDJPY26OCT151.5PE,USDJPY,28OCT2026,1515000000.000000,1,OPTCUR,CDS,100000.000000,10000,False
9780,GBPUSD26NOV1.485PE,GBPUSD,26NOV2026,14850000.000000,1,OPTCUR,CDS,1000.000000,10000,False
9817,668GS204026OCT93.75PE,668GS2040,29OCT2026,937500000.000000,1,OPTIRC,CDS,25000.000000,1250,False
9818,668GS204026OCT94CE,668GS2040,29OCT2026,940000000.000000,1,OPTIRC,CDS,25000.000000,1250,False
9824,668GS204026OCT94.5CE,668GS2040,29OCT2026,945000000.000000,1,OPTIRC,CDS,25000.000000,1250,False
9839,668GS204026OCT96CE,668GS2040,29OCT2026,960000000.000000,1,OPTIRC,CDS,25000.000000,1250,False
9840,668GS204026OCT96PE,668GS2040,29OCT2026,960000000.000000,1,OPTIRC,CDS,25000.000000,1250,False
9846,668GS204026OCT96.5CE,668GS2040,29OCT2026,965000000.000000,1,OPTIRC,CDS,25000.000000,1250,False
9865,668GS204026OCT96.75PE,668GS2040,29OCT2026,967500000.000000,1,OPTIRC,CDS,25000.000000,1250,False
9904,USDJPY26OCT161CE,USDJPY,28OCT2026,1610000000.000000,1,OPTCUR,CDS,100000.000000,10000,False
9929,USDINR26O2395.125CE,USDINR,23OCT2026,951250000.000000,1,OPTCUR,CDS,25000.000000,10000,False
9932,USDINR26O2395.125PE,USDINR,23OCT2026,951250000.000000,1,OPTCUR,CDS,25000.000000,10000,False
9956,668GS204026OCT98.75PE,668GS2040,29OCT2026,987500000.000000,1,OPTIRC,CDS,25000.000000,1250,False
9971,USDINR26O2395.875PE,USDINR,23OCT2026,958750000.000000,1,OPTCUR,CDS,25000.000000,10000,False
9984,USDINR26O2396.25PE,USDINR,23OCT2026,962500000.000000,1,OPTCUR,CDS,25000.000000,10000,False
9994,USDJPY26OCT163.5PE,USDJPY,28OCT2026,1635000000.000000,1,OPTCUR,CDS,100000.000000,10000,False
9160,USDINR26O1696.75CE,USDINR,16OCT2026,967500000.000000,1,OPTCUR,CDS,25000.000000,10000,False
9166,USDJPY26NOV143.5PE,USDJPY,26NOV2026,1435000000.000000,1,OPTCUR,CDS,100000.000000,10000,False
9170,GBPUSD26NOV1.445PE,GBPUSD,26NOV2026,14450000.000000,1,OPTCUR,CDS,1000.000000,10000,False
9198,723GS203926DEC98CE,723GS2039,31DEC2026,980000000.000000,1,OPTIRC,CDS,25000.000000,1250,False
9199,723GS203926DEC98PE,723GS2039,31DEC2026,980000000.000000,1,OPTIRC,CDS,25000.000000,1250,False
9212,USDINR26O1698.75CE,USDINR,16OCT2026,987500000.000000,1,OPTCUR,CDS,25000.000000,10000,False
9213,USDINR26O1698.75PE,USDINR,16OCT2026,987500000.000000,1,OPTCUR,CDS,25000.000000,10000,False
9284,USDINR26N2794.25CE,USDINR,27NOV2026,942500000.000000,1,OPTCUR,CDS,25000.000000,10000,False
9244,GBPINR26SEP133.25CE,GBPINR,28SEP2026,1332500000.000000,1,OPTCUR,CDS,25000.000000,10000,False
9276,GBPINR26SEP133.5CE,GBPINR,28SEP2026,1335000000.000000,1,OPTCUR,CDS,25000.000000,10000,False
9290,GBPINR26DEC133.25CE,GBPINR,29DEC2026,1332500000.000000,1,OPTCUR,CDS,25000.000000,10000,False
9293,GBPINR26DEC133.5PE,GBPINR,29DEC2026,1335000000.000000,1,OPTCUR,CDS,25000.000000,10000,False
9303,GBPINR27MAR133.25CE,GBPINR,29MAR2027,1332500000.000000,1,OPTCUR,CDS,25000.000000,10000,False
9329,633GS203526OCT94.25PE,633GS2035,29OCT2026,942500000.000000,1,OPTIRC,CDS,25000.000000,1250,False
9336,633GS203526OCT95CE,633GS2035,29OCT2026,950000000.000000,1,OPTIRC,CDS,25000.000000,1250,False
9339,633GS203526OCT95.25PE,633GS2035,29OCT2026,952500000.000000,1,OPTIRC,CDS,25000.000000,1250,False
9351,633GS203526OCT96.5CE,633GS2035,29OCT2026,965000000.000000,1,OPTIRC,CDS,25000.000000,1250,False
9364,668GS204026SEP94CE,668GS2040,24SEP2026,940000000.000000,1,OPTIRC,CDS,25000.000000,1250,False
9365,668GS204026SEP94PE,668GS2040,24SEP2026,940000000.000000,1,OPTIRC,CDS,25000.000000,1250,False
9386,USDINR26O0995.125PE,USDINR,09OCT2026,951250000.000000,1,OPTCUR,CDS,25000.000000,10000,False
9400,EURINR26SEP110.75PE,EURINR,28SEP2026,1107500000.000000,1,OPTCUR,CDS,25000.000000,10000,False
9406,USDINR26N2795.75PE,USDINR,27NOV2026,957500000.000000,1,OPTCUR,CDS,25000.000000,10000,False
9410,USDINR26N2796PE,USDINR,27NOV2026,960000000.000000,1,OPTCUR,CDS,25000.000000,10000,False
9426,USDINR26N2796.25PE,USDINR,27NOV2026,962500000.000000,1,OPTCUR,CDS,25000.000000,10000,False
9450,636GS203126OCT98.25PE,636GS2031,29OCT2026,982500000.000000,1,OPTIRC,CDS,25000.000000,1250,False
9461,USDINR26N2798.25CE,USDINR,27NOV2026,982500000.000000,1,OPTCUR,CDS,25000.000000,10000,False
9504,GBPUSD26NOV1.455CE,GBPUSD,26NOV2026,14550000.000000,1,OPTCUR,CDS,1000.000000,10000,False
9516,GBPUSD27JUN1.295PE,GBPUSD,28JUN2027,12950000.000000,1,OPTCUR,CDS,1000.000000,10000,False
9526,GBPUSD26NOV1.465PE,GBPUSD,26NOV2026,14650000.000000,1,OPTCUR,CDS,1000.000000,10000,False
9528,USDINR26OCT91.25CE,USDINR,28OCT2026,912500000.000000,1,OPTCUR,CDS,25000.000000,10000,False
9535,USDINR26OCT91.5PE,USDINR,28OCT2026,915000000.000000,1,OPTCUR,CDS,25000.000000,10000,False
9538,GBPUSD26NOV1.475CE,GBPUSD,26NOV2026,14750000.000000,1,OPTCUR,CDS,1000.000000,10000,False
9548,USDINR26OCT92PE,USDINR,28OCT2026,920000000.000000,1,OPTCUR,CDS,25000.000000,10000,False
9572,USDINR26OCT92.75CE,USDINR,28OCT2026,927500000.000000,1,OPTCUR,CDS,25000.000000,10000,False
9579,USDINR26OCT93.5PE,USDINR,28OCT2026,935000000.000000,1,OPTCUR,CDS,25000.000000,10000,False
9586,636GS203126OCT99.75CE,636GS2031,29OCT2026,997500000.000000,1,OPTIRC,CDS,25000.000000,1250,False
9587,636GS203126OCT99.75PE,636GS2031,29OCT2026,997500000.000000,1,OPTIRC,CDS,25000.000000,1250,False
9589,636GS203126OCT100PE,636GS2031,29OCT2026,1000000000.000000,1,OPTIRC,CDS,25000.000000,1250,False
9601,636GS203126OCT101.5PE,636GS2031,29OCT2026,1015000000.000000,1,OPTIRC,CDS,25000.000000,1250,False
9632,648GS203526OCT95.25PE,648GS2035,29OCT2026,952500000.000000,1,OPTIRC,CDS,25000.000000,1250,False
9660,USDINR26OCT95.5CE,USDINR,28OCT2026,955000000.000000,1,OPTCUR,CDS,25000.000000,10000,False
9667,USDINR26OCT96PE,USDINR,28OCT2026,960000000.000000,1,OPTCUR,CDS,25000.000000,10000,False
9670,USDINR26OCT96.5CE,USDINR,28OCT2026,965000000.000000,1,OPTCUR,CDS,25000.000000,10000,False
9727,GBPINR26DEC118.75PE,GBPINR,29DEC2026,1187500000.000000,1,OPTCUR,CDS,25000.000000,10000,False
9744,648GS203526OCT100CE,648GS2035,29OCT2026,1000000000.000000,1,OPTIRC,CDS,25000.000000,1250,False
9761,USDJPY26OCT152CE,USDJPY,28OCT2026,1520000000.000000,1,OPTCUR,CDS,100000.000000,10000,False
9834,668GS204026OCT95.25PE,668GS2040,29OCT2026,952500000.000000,1,OPTIRC,CDS,25000.000000,1250,False
9847,668GS204026OCT96.5PE,668GS2040,29OCT2026,965000000.000000,1,OPTIRC,CDS,25000.000000,1250,False
9852,USDINR26O2392.5CE,USDINR,23OCT2026,925000000.000000,1,OPTCUR,CDS,25000.000000,10000,False
9858,USDJPY26OCT155.5PE,USDJPY,28OCT2026,1555000000.000000,1,OPTCUR,CDS,100000.000000,10000,False
99,GOI6.33%2035,633GS2035,,-1.000000,1,UNDIRC,CDS,25000.000000,1250,False
9875,USDJPY26OCT158PE,USDJPY,28OCT2026,1580000000.000000,1,OPTCUR,CDS,100000.000000,10000,False
9883,668GS204026OCT97.75PE,668GS2040,29OCT2026,977500000.000000,1,OPTIRC,CDS,25000.000000,1250,False
9892,668GS204026OCT98PE,668GS2040,29OCT2026,980000000.000000,1,OPTIRC,CDS,25000.000000,1250,False
9900,USDJPY26OCT160.5CE,USDJPY,28OCT2026,1605000000.000000,1,OPTCUR,CDS,100000.000000,10000,False
9920,USDINR26O2394.75PE,USDINR,23OCT2026,947500000.000000,1,OPTCUR,CDS,25000.000000,10000,False
9926,668GS204026OCT98.25PE,668GS2040,29OCT2026,982500000.000000,1,OPTIRC,CDS,25000.000000,1250,False
9937,USDINR26O2395.375PE,USDINR,23OCT2026,953750000.000000,1,OPTCUR,CDS,25000.000000,10000,False
9948,USDINR26O2395.5CE,USDINR,23OCT2026,955000000.000000,1,OPTCUR,CDS,25000.000000,10000,False
99920000,MCXCRUDEX,MCXCRUDEX,,0.000000,1,AMXIDX,MCX,0.000000,0,False
99920001,MCXCOPRDEX,MCXCOPRDEX,,0.000000,1,AMXIDX,MCX,0.000000,0,False
99920002,MCXSILVDEX,MCXSILVDEX,,0.000000,1,AMXIDX,MCX,0.000000,0,False
99920003,MCXGOLDEX,MCXGOLDEX,,0.000000,1,AMXIDX,MCX,0.000000,0,False
99920004,MCXMETLDEX,MCXMETLDEX,,0.000000,1,AMXIDX,MCX,0.000000,0,False
99920005,MCXBULLDEX,MCXBULLDEX,,0.000000,1,AMXIDX,MCX,0.000000,0,False
99920006,MCXCOMPDEX,MCXCOMPDEX,,0.000000,1,AMXIDX,MCX,0.000000,0,False
99920007,MFGLOBALCI,MFGLOBALCI,,0.000000,1,AMXIDX,MCX,0.000000,0,False
99920008,MCXSAGRI,MCXSAGRI,,0.000000,1,AMXIDX,MCX,0.000000,0,False
99920009,MCXSENERGY,MCXSENERGY,,0.000000,1,AMXIDX,MCX,0.000000,0,False
99920010,MCXSMETAL,MCXSMETAL,,0.000000,1,AMXIDX,MCX,0.000000,0,False
99920011,MCXSCOMDEX,MCXSCOMDEX,,0.000000,1,AMXIDX,MCX,0.000000,0,False
99920012,MCXCOMPOSITE,MCXCOMPOSITE,,0.000000,1,AMXIDX,MCX,0.000000,0,False
99920013,MCXCOMDEX,MCXCOMDEX,,0.000000,1,AMXIDX,MCX,0.000000,0,False
99920014,MCXAGRI,MCXAGRI,,0.000000,1,AMXIDX,MCX,0.000000,0,False
99920015,MCXENERGY,MCXENERGY,,0.000000,1,AMXIDX,MCX,0.000000,0,False
99920016,MCXMETAL,MCXMETAL,,0.000000,1,AMXIDX,MCX,0.000000,0,False
121,CASTORSD5TCOM,CASTORSD5T,,0.000000,5000,COMDTY,MCX,25.000000,99999999,False
129,STEELLONGCOM,STEELLONG,,0.000000,25,COMDTY,MCX,5000.000000,99999999,False
139,AHMSPOTSLVCOM,AHMSPOTSLV,,0.000000,30,COMDTY,MCX,5.000000,99999999,False
140,DLHSPTGOLDCOM,DLHSPTGOLD,,0.000000,1000,COMDTY,MCX,5.000000,99999999,False
154,TINCOM,TIN,,0.000000,500,COMDTY,MCX,2500.000000,99999999,False
155,LMECOPPFUTCOM,LMECOPPFUT,,0.000000,1000,COMDTY,MCX,5.000000,99999999,False
177,LONGCOTSPTCOM,LONGCOTSPT,,0.000000,26,COMDTY,MCX,100.000000,99999999,False
191,RBDPALMMUMCOM,RBDPALMMUM,,0.000000,1000,COMDTY,MCX,5.000000,99999999,False
206,GOLDHNICOM,GOLDHNI,,0.000000,1,COMDTY,MCX,10000.000000,99999999,False
226,REFSOYJANCOM,REFSOYJAN,,0.000000,1000,COMDTY,MCX,5.000000,99999999,False
228,COMXGLDAPRCOM,COMXGLDAPR,,0.000000,1000,COMDTY,MCX,5.000000,99999999,False
275,SRBBRKCHCOM,SRBBRKCH,,0.000000,1,COMDTY,MCX,100.000000,99999999,False
278,SGRDOILRJKCOM,SGRDOILRJK,,0.000000,1000,COMDTY,MCX,5.000000,99999999,False
285,GUARGUMCOM,GUARGUM,,0.000000,5,COMDTY,MCX,10000.000000,99999999,False
296,NYCRDOLMAYCOM,NYCRDOLMAY,,0.000000,100,COMDTY,MCX,100.000000,99999999,False
289,SMUSSDJPRCOM,SMUSSDJPR,,0.000000,10000,COMDTY,MCX,10.000000,99999999,False
303,SSESM99RJKCOM,SSESM99RJK,,0.000000,5,COMDTY,MCX,100.000000,99999999,False
311,COTTONMEDCOM,COTTONMED,,0.000000,250,COMDTY,MCX,100.000000,99999999,False
341,NYCRDOLNOVCOM,NYCRDOLNOV,,0.000000,100,COMDTY,MCX,5.000000,99999999,False
347,GOLDMAHMCOM,GOLDMAHM,,0.000000,100,COMDTY,MCX,100.000000,99999999,False
353,PPTQCOM,PPTQ,,0.000000,2,COMDTY,MCX,10.000000,99999999,False
364,GURCHAKUCOM,GURCHAKU,,0.000000,10,COMDTY,MCX,10.000000,99999999,False
365,IGOLDAHMCOM,IGOLDAHM,,0.000000,1,COMDTY,MCX,100.000000,99999999,False
384,MESCRUDOILCOM,MESCRUDOIL,,0.000000,100,COMDTY,MCX,50.000000,99999999,False
422,SRJUTEKOLCOM,SRJUTEKOL,,0.000000,10,COMDTY,MCX,50.000000,99999999,False
431,SPLATNMMUMCOM,SPLATNMMUM,,0.000000,500,COMDTY,MCX,100.000000,99999999,False
435,SCORNDKOTACOM,SCORNDKOTA,,0.000000,10,COMDTY,MCX,100.000000,99999999,False
446,ELECTWKCOM,ELECTWK,,0.000000,24,COMDTY,MCX,10000.000000,99999999,False
477,SGASLNMUMCOM,SGASLNMUM,,0.000000,4200,COMDTY,MCX,5.000000,99999999,False
525,GOLDPETALCOM,GOLDPETAL,,0.000000,1,COMDTY,MCX,100.000000,99999999,False
513764,GOLD30OCT26166000PE,GOLD,30OCT2026,16600000.000000,1,OPTFUT,MCX,50.000000,100,False
554734,SILVER24SEP26283000CE,SILVER,24SEP2026,28300000.000000,30,OPTFUT,MCX,50.000000,600,False
556429,GOLD25SEP26161000CE,GOLD,25SEP2026,16100000.000000,1,OPTFUT,MCX,50.000000,100,False
556430,GOLD25SEP26160500CE,GOLD,25SEP2026,16050000.000000,1,OPTFUT,MCX,50.000000,100,False
556439,GOLD25SEP26156000CE,GOLD,25SEP2026,15600000.000000,1,OPTFUT,MCX,50.000000,100,False
556441,GOLD25SEP26155000CE,GOLD,25SEP2026,15500000.000000,1,OPTFUT,MCX,50.000000,100,False
556448,GOLD25SEP26151500CE,GOLD,25SEP2026,15150000.000000,1,OPTFUT,MCX,50.000000,100,False
556460,GOLD25SEP26145500CE,GOLD,25SEP2026,14550000.000000,1,OPTFUT,MCX,50.000000,100,False
556477,GOLD25SEP26165000CE,GOLD,25SEP2026,16500000.000000,1,OPTFUT,MCX,50.000000,100,False
556481,GOLD25SEP26167000CE,GOLD,25SEP2026,16700000.000000,1,OPTFUT,MCX,50.000000,100,False
556496,GOLD25SEP26174500CE,GOLD,25SEP2026,17450000.000000,1,OPTFUT,MCX,50.000000,100,False
556506,GOLD25SEP26179500CE,GOLD,25SEP2026,17950000.000000,1,OPTFUT,MCX,50.000000,100,False
556517,GOLD25SEP26185000CE,GOLD,25SEP2026,18500000.000000,1,OPTFUT,MCX,50.000000,100,False
556520,GOLD25SEP26186500CE,GOLD,25SEP2026,18650000.000000,1,OPTFUT,MCX,50.000000,100,False
556533,GOLD30OCT26161500CE,GOLD,30OCT2026,16150000.000000,1,OPTFUT,MCX,50.000000,100,False
556545,GOLD30OCT26155500CE,GOLD,30OCT2026,15550000.000000,1,OPTFUT,MCX,50.000000,100,False
556547,GOLD30OCT26154500CE,GOLD,30OCT2026,15450000.000000,1,OPTFUT,MCX,50.000000,100,False
556549,GOLD30OCT26153500CE,GOLD,30OCT2026,15350000.000000,1,OPTFUT,MCX,50.000000,100,False
556557,GOLD30OCT26149500CE,GOLD,30OCT2026,14950000.000000,1,OPTFUT,MCX,50.000000,100,False
556567,GOLD30OCT26144500CE,GOLD,30OCT2026,14450000.000000,1,OPTFUT,MCX,50.000000,100,False
556574,GOLD30OCT26141000CE,GOLD,30OCT2026,14100000.000000,1,OPTFUT,MCX,50.000000,100,False
556576,GOLD30OCT26167000CE,GOLD,30OCT2026,16700000.000000,1,OPTFUT,MCX,50.000000,100,False
556577,GOLD30OCT26167500CE,GOLD,30OCT2026,16750000.000000,1,OPTFUT,MCX,50.000000,100,False
556607,GOLD30OCT26182500CE,GOLD,30OCT2026,18250000.000000,1,OPTFUT,MCX,50.000000,100,False
556608,GOLD30OCT26183000CE,GOLD,30OCT2026,18300000.000000,1,OPTFUT,MCX,50.000000,100,False
556631,GOLD27NOV26162500CE,GOLD,27NOV2026,16250000.000000,1,OPTFUT,MCX,50.000000,100,False
556646,GOLD27NOV26155000CE,GOLD,27NOV2026,15500000.000000,1,OPTFUT,MCX,50.000000,100,False
556648,GOLD27NOV26154000CE,GOLD,27NOV2026,15400000.000000,1,OPTFUT,MCX,50.000000,100,False
556654,GOLD27NOV26151000CE,GOLD,27NOV2026,15100000.000000,1,OPTFUT,MCX,50.000000,100,False
556659,GOLD27NOV26148500CE,GOLD,27NOV2026,14850000.000000,1,OPTFUT,MCX,50.000000,100,False
556669,GOLD27NOV26143500CE,GOLD,27NOV2026,14350000.000000,1,OPTFUT,MCX,50.000000,100,False
556674,GOLD27NOV26141000CE,GOLD,27NOV2026,14100000.000000,1,OPTFUT,MCX,50.000000,100,False
556689,GOLD27NOV26173500CE,GOLD,27NOV2026,17350000.000000,1,OPTFUT,MCX,50.000000,100,False
556703,GOLD27NOV26180500CE,GOLD,27NOV2026,18050000.000000,1,OPTFUT,MCX,50.000000,100,False
556706,GOLD27NOV26182000CE,GOLD,27NOV2026,18200000.000000,1,OPTFUT,MCX,50.000000,100,False
556723,GOLD27NOV26190500CE,GOLD,27NOV2026,19050000.000000,1,OPTFUT,MCX,50.000000,100,False
557032,GOLD25SEP26159500PE,GOLD,25SEP2026,15950000.000000,1,OPTFUT,MCX,50.000000,100,False
557036,GOLD25SEP26157500PE,GOLD,25SEP2026,15750000.000000,1,OPTFUT,MCX,50.000000,100,False
557039,GOLD25SEP26156000PE,GOLD,25SEP2026,15600000.000000,1,OPTFUT,MCX,50.000000,100,False
557041,GOLD25SEP26155000PE,GOLD,25SEP2026,15500000.000000,1,OPTFUT,MCX,50.000000,100,False
557043,GOLD25SEP26154000PE,GOLD,25SEP2026,15400000.000000,1,OPTFUT,MCX,50.000000,100,False
557068,GOLD25SEP26141500PE,GOLD,25SEP2026,14150000.000000,1,OPTFUT,MCX,50.000000,100,False
557082,GOLD25SEP26167500PE,GOLD,25SEP2026,16750000.000000,1,OPTFUT,MCX,50.000000,100,False
557085,GOLD25SEP26169000PE,GOLD,25SEP2026,16900000.000000,1,OPTFUT,MCX,50.000000,100,False
557086,GOLD25SEP26169500PE,GOLD,25SEP2026,16950000.000000,1,OPTFUT,MCX,50.000000,100,False
557093,GOLD25SEP26173000PE,GOLD,25SEP2026,17300000.000000,1,OPTFUT,MCX,50.000000,100,False
557101,GOLD25SEP26177000PE,GOLD,25SEP2026,17700000.000000,1,OPTFUT,MCX,50.000000,100,False
557105,GOLD25SEP26179000PE,GOLD,25SEP2026,17900000.000000,1,OPTFUT,MCX,50.000000,100,False
557122,GOLD25SEP26187500PE,GOLD,25SEP2026,18750000.000000,1,OPTFUT,MCX,50.000000,100,False
557124,GOLD25SEP26188500PE,GOLD,25SEP2026,18850000.000000,1,OPTFUT,MCX,50.000000,100,False
557126,GOLD30OCT26165000PE,GOLD,30OCT2026,16500000.000000,1,OPTFUT,MCX,50.000000,100,False
557138,GOLD30OCT26159000PE,GOLD,30OCT2026,15900000.000000,1,OPTFUT,MCX,50.000000,100,False
557176,GOLD30OCT26167000PE,GOLD,30OCT2026,16700000.000000,1,OPTFUT,MCX,50.000000,100,False
557186,GOLD30OCT26172000PE,GOLD,30OCT2026,17200000.000000,1,OPTFUT,MCX,50.000000,100,False
557202,GOLD30OCT26180000PE,GOLD,30OCT2026,18000000.000000,1,OPTFUT,MCX,50.000000,100,False
557211,GOLD30OCT26184500PE,GOLD,30OCT2026,18450000.000000,1,OPTFUT,MCX,50.000000,100,False
557215,GOLD30OCT26186500PE,GOLD,30OCT2026,18650000.000000,1,OPTFUT,MCX,50.000000,100,False
557227,GOLD27NOV26164500PE,GOLD,27NOV2026,16450000.000000,1,OPTFUT,MCX,50.000000,100,False
557228,GOLD27NOV26164000PE,GOLD,27NOV2026,16400000.000000,1,OPTFUT,MCX,50.000000,100,False
557242,GOLD27NOV26157000PE,GOLD,27NOV2026,15700000.000000,1,OPTFUT,MCX,50.000000,100,False
557263,GOLD27NOV26146500PE,GOLD,27NOV2026,14650000.000000,1,OPTFUT,MCX,50.000000,100,False
557267,GOLD27NOV26144500PE,GOLD,27NOV2026,14450000.000000,1,OPTFUT,MCX,50.000000,100,False
557279,GOLD27NOV26168500PE,GOLD,27NOV2026,16850000.000000,1,OPTFUT,MCX,50.000000,100,False
557280,GOLD27NOV26169000PE,GOLD,27NOV2026,16900000.000000,1,OPTFUT,MCX,50.000000,100,False
557286,GOLD27NOV26172000PE,GOLD,27NOV2026,17200000.000000,1,OPTFUT,MCX,50.000000,100,False
557303,GOLD27NOV26180500PE,GOLD,27NOV2026,18050000.000000,1,OPTFUT,MCX,50.000000,100,False
557308,GOLD27NOV26183000PE,GOLD,27NOV2026,18300000.000000,1,OPTFUT,MCX,50.000000,100,False
557309,GOLD27NOV26183500PE,GOLD,27NOV2026,18350000.000000,1,OPTFUT,MCX,50.000000,100,False
557589,SILVER24SEP26272000CE,SILVER,24SEP2026,27200000.000000,30,OPTFUT,MCX,50.000000,600,False
557623,SILVER24SEP26288000CE,SILVER,24SEP2026,28800000.000000,30,OPTFUT,MCX,50.000000,600,False
557632,SILVER24SEP26297000CE,SILVER,24SEP2026,29700000.000000,30,OPTFUT,MCX,50.000000,600,False
557634,SILVER24SEP26299000CE,SILVER,24SEP2026,29900000.000000,30,OPTFUT,MCX,50.000000,600,False
557648,SILVER24SEP26313000CE,SILVER,24SEP2026,31300000.000000,30,OPTFUT,MCX,50.000000,600,False
557651,SILVER24SEP26316000CE,SILVER,24SEP2026,31600000.000000,30,OPTFUT,MCX,50.000000,600,False
557655,SILVER24SEP26320000CE,SILVER,24SEP2026,32000000.000000,30,OPTFUT,MCX,50.000000,600,False
557673,SILVER27OCT26268000CE,SILVER,27OCT2026,26800000.000000,30,OPTFUT,MCX,50.000000,600,False
557698,SILVER27OCT26243000CE,SILVER,27OCT2026,24300000.000000,30,OPTFUT,MCX,50.000000,600,False
557704,SILVER27OCT26289000CE,SILVER,27OCT2026,28900000.000000,30,OPTFUT,MCX,50.000000,600,False
557707,SILVER27OCT26292000CE,SILVER,27OCT2026,29200000.000000,30,OPTFUT,MCX,50.000000,600,False
557712,SILVER27OCT26297000CE,SILVER,27OCT2026,29700000.000000,30,OPTFUT,MCX,50.000000,600,False
557723,SILVER27OCT26308000CE,SILVER,27OCT2026,30800000.000000,30,OPTFUT,MCX,50.000000,600,False
557746,SILVER27NOV26275000CE,SILVER,27NOV2026,27500000.000000,30,OPTFUT,MCX,50.000000,600,False
557753,SILVER27NOV26268000CE,SILVER,27NOV2026,26800000.000000,30,OPTFUT,MCX,50.000000,600,False
557763,SILVER27NOV26258000CE,SILVER,27NOV2026,25800000.000000,30,OPTFUT,MCX,50.000000,600,False
557770,SILVER27NOV26251000CE,SILVER,27NOV2026,25100000.000000,30,OPTFUT,MCX,50.000000,600,False
557786,SILVER27NOV26291000CE,SILVER,27NOV2026,29100000.000000,30,OPTFUT,MCX,50.000000,600,False
557802,SILVER27NOV26307000CE,SILVER,27NOV2026,30700000.000000,30,OPTFUT,MCX,50.000000,600,False
557814,SILVER27NOV26319000CE,SILVER,27NOV2026,31900000.000000,30,OPTFUT,MCX,50.000000,600,False
557805,SILVER27NOV26310000CE,SILVER,27NOV2026,31000000.000000,30,OPTFUT,MCX,50.000000,600,False
557812,SILVER27NOV26317000CE,SILVER,27NOV2026,31700000.000000,30,OPTFUT,MCX,50.000000,600,False
558059,SILVER24SEP26282000PE,SILVER,24SEP2026,28200000.000000,30,OPTFUT,MCX,50.000000,600,False
558063,SILVER24SEP26278000PE,SILVER,24SEP2026,27800000.000000,30,OPTFUT,MCX,50.000000,600,False
558094,SILVER24SEP26247000PE,SILVER,24SEP2026,24700000.000000,30,OPTFUT,MCX,50.000000,600,False
558103,SILVER24SEP26288000PE,SILVER,24SEP2026,28800000.000000,30,OPTFUT,MCX,50.000000,600,False
558119,SILVER24SEP26304000PE,SILVER,24SEP2026,30400000.000000,30,OPTFUT,MCX,50.000000,600,False
558135,SILVER24SEP26320000PE,SILVER,24SEP2026,32000000.000000,30,OPTFUT,MCX,50.000000,600,False
558145,SILVER27OCT26276000PE,SILVER,27OCT2026,27600000.000000,30,OPTFUT,MCX,50.000000,600,False
558149,SILVER27OCT26272000PE,SILVER,27OCT2026,27200000.000000,30,OPTFUT,MCX,50.000000,600,False
558157,SILVER27OCT26264000PE,SILVER,27OCT2026,26400000.000000,30,OPTFUT,MCX,50.000000,600,False
558181,SILVER27OCT26286000PE,SILVER,27OCT2026,28600000.000000,30,OPTFUT,MCX,50.000000,600,False
558194,SILVER27OCT26299000PE,SILVER,27OCT2026,29900000.000000,30,OPTFUT,MCX,50.000000,600,False
558196,SILVER27OCT26301000PE,SILVER,27OCT2026,30100000.000000,30,OPTFUT,MCX,50.000000,600,False
558212,SILVER27OCT26317000PE,SILVER,27OCT2026,31700000.000000,30,OPTFUT,MCX,50.000000,600,False
558216,SILVER27OCT26321000PE,SILVER,27OCT2026,32100000.000000,30,OPTFUT,MCX,50.000000,600,False
558219,SILVER27NOV26282000PE,SILVER,27NOV2026,28200000.000000,30,OPTFUT,MCX,50.000000,600,False
558227,SILVER27NOV26274000PE,SILVER,27NOV2026,27400000.000000,30,OPTFUT,MCX,50.000000,600,False
558228,SILVER27NOV26273000PE,SILVER,27NOV2026,27300000.000000,30,OPTFUT,MCX,50.000000,600,False
558232,SILVER27NOV26269000PE,SILVER,27NOV2026,26900000.000000,30,OPTFUT,MCX,50.000000,600,False
558243,SILVER27NOV26258000PE,SILVER,27NOV2026,25800000.000000,30,OPTFUT,MCX,50.000000,600,False
558247,SILVER27NOV26254000PE,SILVER,27NOV2026,25400000.000000,30,OPTFUT,MCX,50.000000,600,False
558248,SILVER27NOV26253000PE,SILVER,27NOV2026,25300000.000000,30,OPTFUT,MCX,50.000000,600,False
558258,SILVER27NOV26243000PE,SILVER,27NOV2026,24300000.000000,30,OPTFUT,MCX,50.000000,600,False
558280,SILVER27NOV26305000PE,SILVER,27NOV2026,30500000.000000,30,OPTFUT,MCX,50.000000,600,False
558285,SILVER27NOV26310000PE,SILVER,27NOV2026,31000000.000000,30,OPTFUT,MCX,50.000000,600,False
558287,SILVER27NOV26312000PE,SILVER,27NOV2026,31200000.000000,30,OPTFUT,MCX,50.000000,600,False
558570,SILVERM24SEP26253000CE,SILVERM,24SEP2026,25300000.000000,5,OPTFUT,MCX,50.000000,600,False
558591,SILVERM24SEP26298000CE,SILVERM,24SEP2026,29800000.000000,5,OPTFUT,MCX,50.000000,600,False
558596,SILVERM24SEP26303000CE,SILVERM,24SEP2026,30300000.000000,5,OPTFUT,MCX,50.000000,600,False
558598,SILVERM24SEP26305000CE,SILVERM,24SEP2026,30500000.000000,5,OPTFUT,MCX,50.000000,600,False
558600,SILVERM24SEP26307000CE,SILVERM,24SEP2026,30700000.000000,5,OPTFUT,MCX,50.000000,600,False
558601,SILVERM24SEP26308000CE,SILVERM,24SEP2026,30800000.000000,5,OPTFUT,MCX,50.000000,600,False
558607,SILVERM24SEP26314000CE,SILVERM,24SEP2026,31400000.000000,5,OPTFUT,MCX,50.000000,600,False
558625,SILVERM27OCT26278000CE,SILVERM,27OCT2026,27800000.000000,5,OPTFUT,MCX,50.000000,600,False
558628,SILVERM27OCT26275000CE,SILVERM,27OCT2026,27500000.000000,5,OPTFUT,MCX,50.000000,600,False
558636,SILVERM27OCT26267000CE,SILVERM,27OCT2026,26700000.000000,5,OPTFUT,MCX,50.000000,600,False
558652,SILVERM27OCT26251000CE,SILVERM,27OCT2026,25100000.000000,5,OPTFUT,MCX,50.000000,600,False
558676,SILVERM27OCT26303000CE,SILVERM,27OCT2026,30300000.000000,5,OPTFUT,MCX,50.000000,600,False
558683,SILVERM27OCT26310000CE,SILVERM,27OCT2026,31000000.000000,5,OPTFUT,MCX,50.000000,600,False
558692,SILVERM27OCT26319000CE,SILVERM,27OCT2026,31900000.000000,5,OPTFUT,MCX,50.000000,600,False
558705,SILVERM23NOV26278000CE,SILVERM,23NOV2026,27800000.000000,5,OPTFUT,MCX,50.000000,600,False
558722,SILVERM23NOV26261000CE,SILVERM,23NOV2026,26100000.000000,5,OPTFUT,MCX,50.000000,600,False
558725,SILVERM23NOV26258000CE,SILVERM,23NOV2026,25800000.000000,5,OPTFUT,MCX,50.000000,600,False
558732,SILVERM23NOV26251000CE,SILVERM,23NOV2026,25100000.000000,5,OPTFUT,MCX,50.000000,600,False
558740,SILVERM23NOV26287000CE,SILVERM,23NOV2026,28700000.000000,5,OPTFUT,MCX,50.000000,600,False
558741,SILVERM23NOV26288000CE,SILVERM,23NOV2026,28800000.000000,5,OPTFUT,MCX,50.000000,600,False
558752,SILVERM23NOV26299000CE,SILVERM,23NOV2026,29900000.000000,5,OPTFUT,MCX,50.000000,600,False
558766,SILVERM23NOV26313000CE,SILVERM,23NOV2026,31300000.000000,5,OPTFUT,MCX,50.000000,600,False
558771,SILVERM23NOV26318000CE,SILVERM,23NOV2026,31800000.000000,5,OPTFUT,MCX,50.000000,600,False
558778,SILVERM23NOV26325000CE,SILVERM,23NOV2026,32500000.000000,5,OPTFUT,MCX,50.000000,600,False
559020,SILVERM24SEP26283000PE,SILVERM,24SEP2026,28300000.000000,5,OPTFUT,MCX,50.000000,600,False
559024,SILVERM24SEP26279000PE,SILVERM,24SEP2026,27900000.000000,5,OPTFUT,MCX,50.000000,600,False
559025,SILVERM24SEP26278000PE,SILVERM,24SEP2026,27800000.000000,5,OPTFUT,MCX,50.000000,600,False
559030,SILVERM24SEP26273000PE,SILVERM,24SEP2026,27300000.000000,5,OPTFUT,MCX,50.000000,600,False
559035,SILVERM24SEP26268000PE,SILVERM,24SEP2026,26800000.000000,5,OPTFUT,MCX,50.000000,600,False
559041,SILVERM24SEP26262000PE,SILVERM,24SEP2026,26200000.000000,5,OPTFUT,MCX,50.000000,600,False
559053,SILVERM24SEP26250000PE,SILVERM,24SEP2026,25000000.000000,5,OPTFUT,MCX,50.000000,600,False
559056,SILVERM24SEP26247000PE,SILVERM,24SEP2026,24700000.000000,5,OPTFUT,MCX,50.000000,600,False
559070,SILVERM24SEP26297000PE,SILVERM,24SEP2026,29700000.000000,5,OPTFUT,MCX,50.000000,600,False
559080,SILVERM24SEP26307000PE,SILVERM,24SEP2026,30700000.000000,5,OPTFUT,MCX,50.000000,600,False
559081,SILVERM24SEP26308000PE,SILVERM,24SEP2026,30800000.000000,5,OPTFUT,MCX,50.000000,600,False
559084,SILVERM24SEP26311000PE,SILVERM,24SEP2026,31100000.000000,5,OPTFUT,MCX,50.000000,600,False
559088,SILVERM24SEP26315000PE,SILVERM,24SEP2026,31500000.000000,5,OPTFUT,MCX,50.000000,600,False
559089,SILVERM24SEP26316000PE,SILVERM,24SEP2026,31600000.000000,5,OPTFUT,MCX,50.000000,600,False
559102,SILVERM27OCT26281000PE,SILVERM,27OCT2026,28100000.000000,5,OPTFUT,MCX,50.000000,600,False
559111,SILVERM27OCT26272000PE,SILVERM,27OCT2026,27200000.000000,5,OPTFUT,MCX,50.000000,600,False
559136,SILVERM27OCT26247000PE,SILVERM,27OCT2026,24700000.000000,5,OPTFUT,MCX,50.000000,600,False
559139,SILVERM27OCT26286000PE,SILVERM,27OCT2026,28600000.000000,5,OPTFUT,MCX,50.000000,600,False
559142,SILVERM27OCT26289000PE,SILVERM,27OCT2026,28900000.000000,5,OPTFUT,MCX,50.000000,600,False
559154,SILVERM27OCT26301000PE,SILVERM,27OCT2026,30100000.000000,5,OPTFUT,MCX,50.000000,600,False
559156,SILVERM27OCT26303000PE,SILVERM,27OCT2026,30300000.000000,5,OPTFUT,MCX,50.000000,600,False
559159,SILVERM27OCT26306000PE,SILVERM,27OCT2026,30600000.000000,5,OPTFUT,MCX,50.000000,600,False
559161,SILVERM27OCT26308000PE,SILVERM,27OCT2026,30800000.000000,5,OPTFUT,MCX,50.000000,600,False
559195,SILVERM23NOV26268000PE,SILVERM,23NOV2026,26800000.000000,5,OPTFUT,MCX,50.000000,600,False
559207,SILVERM23NOV26256000PE,SILVERM,23NOV2026,25600000.000000,5,OPTFUT,MCX,50.000000,600,False
559211,SILVERM23NOV26252000PE,SILVERM,23NOV2026,25200000.000000,5,OPTFUT,MCX,50.000000,600,False
559214,SILVERM23NOV26249000PE,SILVERM,23NOV2026,24900000.000000,5,OPTFUT,MCX,50.000000,600,False
559216,SILVERM23NOV26247000PE,SILVERM,23NOV2026,24700000.000000,5,OPTFUT,MCX,50.000000,600,False
559227,SILVERM23NOV26294000PE,SILVERM,23NOV2026,29400000.000000,5,OPTFUT,MCX,50.000000,600,False
559235,SILVERM23NOV26302000PE,SILVERM,23NOV2026,30200000.000000,5,OPTFUT,MCX,50.000000,600,False
559247,SILVERM23NOV26314000PE,SILVERM,23NOV2026,31400000.000000,5,OPTFUT,MCX,50.000000,600,False
559249,SILVERM23NOV26316000PE,SILVERM,23NOV2026,31600000.000000,5,OPTFUT,MCX,50.000000,600,False
559257,SILVERM23NOV26324000PE,SILVERM,23NOV2026,32400000.000000,5,OPTFUT,MCX,50.000000,600,False
559291,GOLD30OCT26192500CE,GOLD,30OCT2026,19250000.000000,1,OPTFUT,MCX,50.000000,100,False
559332,GOLD30OCT26192000PE,GOLD,30OCT2026,19200000.000000,1,OPTFUT,MCX,50.000000,100,False
559339,GOLD27NOV26192000PE,GOLD,27NOV2026,19200000.000000,1,OPTFUT,MCX,50.000000,100,False
559342,GOLD27NOV26193500PE,GOLD,27NOV2026,19350000.000000,1,OPTFUT,MCX,50.000000,100,False
559459,SILVER24SEP26327000CE,SILVER,24SEP2026,32700000.000000,30,OPTFUT,MCX,50.000000,600,False
559472,SILVER27OCT26326000CE,SILVER,27OCT2026,32600000.000000,30,OPTFUT,MCX,50.000000,600,False
559476,SILVER27OCT26330000CE,SILVER,27OCT2026,33000000.000000,30,OPTFUT,MCX,50.000000,600,False
559480,SILVER27OCT26334000CE,SILVER,27OCT2026,33400000.000000,30,OPTFUT,MCX,50.000000,600,False
559494,SILVER27NOV26334000CE,SILVER,27NOV2026,33400000.000000,30,OPTFUT,MCX,50.000000,600,False
559540,SILVER24SEP26325000PE,SILVER,24SEP2026,32500000.000000,30,OPTFUT,MCX,50.000000,600,False
559543,SILVER24SEP26328000PE,SILVER,24SEP2026,32800000.000000,30,OPTFUT,MCX,50.000000,600,False
559580,SILVER27NOV26337000PE,SILVER,27NOV2026,33700000.000000,30,OPTFUT,MCX,50.000000,600,False
559621,SILVERM24SEP26327000CE,SILVERM,24SEP2026,32700000.000000,5,OPTFUT,MCX,50.000000,600,False
559632,SILVERM27OCT26326000CE,SILVERM,27OCT2026,32600000.000000,5,OPTFUT,MCX,50.000000,600,False
559637,SILVERM27OCT26331000CE,SILVERM,27OCT2026,33100000.000000,5,OPTFUT,MCX,50.000000,600,False
559642,SILVERM27OCT26336000CE,SILVERM,27OCT2026,33600000.000000,5,OPTFUT,MCX,50.000000,600,False
559645,SILVERM23NOV26327000CE,SILVERM,23NOV2026,32700000.000000,5,OPTFUT,MCX,50.000000,600,False
559651,SILVERM23NOV26333000CE,SILVERM,23NOV2026,33300000.000000,5,OPTFUT,MCX,50.000000,600,False
559700,SILVERM24SEP26331000PE,SILVERM,24SEP2026,33100000.000000,5,OPTFUT,MCX,50.000000,600,False
559710,SILVERM27OCT26329000PE,SILVERM,27OCT2026,32900000.000000,5,OPTFUT,MCX,50.000000,600,False
559801,GOLD30OCT26195000CE,GOLD,30OCT2026,19500000.000000,1,OPTFUT,MCX,50.000000,100,False
559823,SILVERM24SEP26340000CE,SILVERM,24SEP2026,34000000.000000,5,OPTFUT,MCX,50.000000,600,False
559829,SILVERM23NOV26340000CE,SILVERM,23NOV2026,34000000.000000,5,OPTFUT,MCX,50.000000,600,False
559863,SILVER24SEP26240000CE,SILVER,24SEP2026,24000000.000000,30,OPTFUT,MCX,50.000000,600,False
559871,SILVER27NOV26242000CE,SILVER,27NOV2026,24200000.000000,30,OPTFUT,MCX,50.000000,600,False
559905,SILVER27NOV26239000PE,SILVER,27NOV2026,23900000.000000,30,OPTFUT,MCX,50.000000,600,False
559906,SILVER27NOV26238000PE,SILVER,27NOV2026,23800000.000000,30,OPTFUT,MCX,50.000000,600,False
559956,GOLD31DEC26166000CE,GOLD,31DEC2026,16600000.000000,1,OPTFUT,MCX,50.000000,100,False
559958,GOLD31DEC26165000CE,GOLD,31DEC2026,16500000.000000,1,OPTFUT,MCX,50.000000,100,False
559969,GOLD31DEC26159500CE,GOLD,31DEC2026,15950000.000000,1,OPTFUT,MCX,50.000000,100,False
559974,GOLD31DEC26157000CE,GOLD,31DEC2026,15700000.000000,1,OPTFUT,MCX,50.000000,100,False
559975,GOLD31DEC26156500CE,GOLD,31DEC2026,15650000.000000,1,OPTFUT,MCX,50.000000,100,False
559986,GOLD31DEC26151000CE,GOLD,31DEC2026,15100000.000000,1,OPTFUT,MCX,50.000000,100,False
559987,GOLD31DEC26150500CE,GOLD,31DEC2026,15050000.000000,1,OPTFUT,MCX,50.000000,100,False
559991,GOLD31DEC26148500CE,GOLD,31DEC2026,14850000.000000,1,OPTFUT,MCX,50.000000,100,False
560002,GOLD31DEC26170000CE,GOLD,31DEC2026,17000000.000000,1,OPTFUT,MCX,50.000000,100,False
560027,GOLD31DEC26182500CE,GOLD,31DEC2026,18250000.000000,1,OPTFUT,MCX,50.000000,100,False
560028,GOLD31DEC26183000CE,GOLD,31DEC2026,18300000.000000,1,OPTFUT,MCX,50.000000,100,False
560033,GOLD31DEC26185500CE,GOLD,31DEC2026,18550000.000000,1,OPTFUT,MCX,50.000000,100,False
560035,GOLD31DEC26186500CE,GOLD,31DEC2026,18650000.000000,1,OPTFUT,MCX,50.000000,100,False
560037,GOLD31DEC26187500CE,GOLD,31DEC2026,18750000.000000,1,OPTFUT,MCX,50.000000,100,False
560045,GOLD31DEC26191500CE,GOLD,31DEC2026,19150000.000000,1,OPTFUT,MCX,50.000000,100,False
560050,GOLD31DEC26194000CE,GOLD,31DEC2026,19400000.000000,1,OPTFUT,MCX,50.000000,100,False
560084,GOLD29JAN27152000CE,GOLD,29JAN2027,15200000.000000,1,OPTFUT,MCX,50.000000,100,False
560100,GOLD29JAN27144000CE,GOLD,29JAN2027,14400000.000000,1,OPTFUT,MCX,50.000000,100,False
560106,GOLD29JAN27172000CE,GOLD,29JAN2027,17200000.000000,1,OPTFUT,MCX,50.000000,100,False
560110,GOLD29JAN27174000CE,GOLD,29JAN2027,17400000.000000,1,OPTFUT,MCX,50.000000,100,False
560113,GOLD29JAN27175500CE,GOLD,29JAN2027,17550000.000000,1,OPTFUT,MCX,50.000000,100,False
560126,GOLD29JAN27182000CE,GOLD,29JAN2027,18200000.000000,1,OPTFUT,MCX,50.000000,100,False
560135,GOLD29JAN27186500CE,GOLD,29JAN2027,18650000.000000,1,OPTFUT,MCX,50.000000,100,False
560144,GOLD29JAN27191000CE,GOLD,29JAN2027,19100000.000000,1,OPTFUT,MCX,50.000000,100,False
560148,GOLD29JAN27193000CE,GOLD,29JAN2027,19300000.000000,1,OPTFUT,MCX,50.000000,100,False
560177,GOLD31DEC26155500PE,GOLD,31DEC2026,15550000.000000,1,OPTFUT,MCX,50.000000,100,False
560189,GOLD31DEC26149500PE,GOLD,31DEC2026,14950000.000000,1,OPTFUT,MCX,50.000000,100,False
560196,GOLD31DEC26146000PE,GOLD,31DEC2026,14600000.000000,1,OPTFUT,MCX,50.000000,100,False
560198,GOLD31DEC26145000PE,GOLD,31DEC2026,14500000.000000,1,OPTFUT,MCX,50.000000,100,False
560201,GOLD31DEC26169500PE,GOLD,31DEC2026,16950000.000000,1,OPTFUT,MCX,50.000000,100,False
560202,GOLD31DEC26170000PE,GOLD,31DEC2026,17000000.000000,1,OPTFUT,MCX,50.000000,100,False
560215,GOLD31DEC26176500PE,GOLD,31DEC2026,17650000.000000,1,OPTFUT,MCX,50.000000,100,False
560241,GOLD31DEC26189500PE,GOLD,31DEC2026,18950000.000000,1,OPTFUT,MCX,50.000000,100,False
560248,GOLD31DEC26193000PE,GOLD,31DEC2026,19300000.000000,1,OPTFUT,MCX,50.000000,100,False
560314,GOLD29JAN27176000PE,GOLD,29JAN2027,17600000.000000,1,OPTFUT,MCX,50.000000,100,False
560322,GOLD29JAN27180000PE,GOLD,29JAN2027,18000000.000000,1,OPTFUT,MCX,50.000000,100,False
560325,GOLD29JAN27181500PE,GOLD,29JAN2027,18150000.000000,1,OPTFUT,MCX,50.000000,100,False
560326,GOLD29JAN27182000PE,GOLD,29JAN2027,18200000.000000,1,OPTFUT,MCX,50.000000,100,False
560328,GOLD29JAN27183000PE,GOLD,29JAN2027,18300000.000000,1,OPTFUT,MCX,50.000000,100,False
560337,GOLD29JAN27187500PE,GOLD,29JAN2027,18750000.000000,1,OPTFUT,MCX,50.000000,100,False
560350,GOLD29JAN27194000PE,GOLD,29JAN2027,19400000.000000,1,OPTFUT,MCX,50.000000,100,False
560375,SILVERM23NOV26244000CE,SILVERM,23NOV2026,24400000.000000,5,OPTFUT,MCX,50.000000,600,False
560398,SILVERM24SEP26241000PE,SILVERM,24SEP2026,24100000.000000,5,OPTFUT,MCX,50.000000,600,False
560403,SILVERM23NOV26244000PE,SILVERM,23NOV2026,24400000.000000,5,OPTFUT,MCX,50.000000,600,False
560422,GOLD31DEC26195000CE,GOLD,31DEC2026,19500000.000000,1,OPTFUT,MCX,50.000000,100,False
560432,GOLD31DEC26196000PE,GOLD,31DEC2026,19600000.000000,1,OPTFUT,MCX,50.000000,100,False
560434,GOLD29JAN27195000PE,GOLD,29JAN2027,19500000.000000,1,OPTFUT,MCX,50.000000,100,False
560471,SILVER27OCT26237000CE,SILVER,27OCT2026,23700000.000000,30,OPTFUT,MCX,50.000000,600,False
560475,SILVER27OCT26233000CE,SILVER,27OCT2026,23300000.000000,30,OPTFUT,MCX,50.000000,600,False
560476,SILVER27OCT26232000CE,SILVER,27OCT2026,23200000.000000,30,OPTFUT,MCX,50.000000,600,False
560542,SILVERM27OCT26238000CE,SILVERM,27OCT2026,23800000.000000,5,OPTFUT,MCX,50.000000,600,False
560545,SILVERM27OCT26235000CE,SILVERM,27OCT2026,23500000.000000,5,OPTFUT,MCX,50.000000,600,False
560581,SILVERM27OCT26238000PE,SILVERM,27OCT2026,23800000.000000,5,OPTFUT,MCX,50.000000,600,False
560648,GOLD25SEP26138000CE,GOLD,25SEP2026,13800000.000000,1,OPTFUT,MCX,50.000000,100,False
560650,GOLD25SEP26137000CE,GOLD,25SEP2026,13700000.000000,1,OPTFUT,MCX,50.000000,100,False
560653,GOLD30OCT26140500CE,GOLD,30OCT2026,14050000.000000,1,OPTFUT,MCX,50.000000,100,False
560657,GOLD27NOV26140500CE,GOLD,27NOV2026,14050000.000000,1,OPTFUT,MCX,50.000000,100,False
560693,GOLD29JAN27143500PE,GOLD,29JAN2027,14350000.000000,1,OPTFUT,MCX,50.000000,100,False
560747,SILVER27OCT26226000CE,SILVER,27OCT2026,22600000.000000,30,OPTFUT,MCX,50.000000,600,False
560755,SILVER27OCT26218000CE,SILVER,27OCT2026,21800000.000000,30,OPTFUT,MCX,50.000000,600,False
560766,SILVER27NOV26221000CE,SILVER,27NOV2026,22100000.000000,30,OPTFUT,MCX,50.000000,600,False
560823,SILVER27NOV26231000PE,SILVER,27NOV2026,23100000.000000,30,OPTFUT,MCX,50.000000,600,False
560836,SILVER27NOV26218000PE,SILVER,27NOV2026,21800000.000000,30,OPTFUT,MCX,50.000000,600,False
560881,SILVERM24SEP26227000CE,SILVERM,24SEP2026,22700000.000000,5,OPTFUT,MCX,50.000000,600,False
560892,SILVERM23NOV26232000CE,SILVERM,23NOV2026,23200000.000000,5,OPTFUT,MCX,50.000000,600,False
560939,SILVERM24SEP26232000PE,SILVERM,24SEP2026,23200000.000000,5,OPTFUT,MCX,50.000000,600,False
560941,SILVERM24SEP26230000PE,SILVERM,24SEP2026,23000000.000000,5,OPTFUT,MCX,50.000000,600,False
560962,SILVERM23NOV26225000PE,SILVERM,23NOV2026,22500000.000000,5,OPTFUT,MCX,50.000000,600,False
561198,GOLD31DEC26196500CE,GOLD,31DEC2026,19650000.000000,1,OPTFUT,MCX,50.000000,100,False
561201,GOLD29JAN27196500CE,GOLD,29JAN2027,19650000.000000,1,OPTFUT,MCX,50.000000,100,False
561203,GOLD29JAN27197500CE,GOLD,29JAN2027,19750000.000000,1,OPTFUT,MCX,50.000000,100,False
561250,GOLD31DEC26198000CE,GOLD,31DEC2026,19800000.000000,1,OPTFUT,MCX,50.000000,100,False
561260,GOLD29JAN27198500CE,GOLD,29JAN2027,19850000.000000,1,OPTFUT,MCX,50.000000,100,False
561264,GOLD29JAN27200500CE,GOLD,29JAN2027,20050000.000000,1,OPTFUT,MCX,50.000000,100,False
561266,GOLD29JAN27201500CE,GOLD,29JAN2027,20150000.000000,1,OPTFUT,MCX,50.000000,100,False
561286,GOLD25SEP26194500PE,GOLD,25SEP2026,19450000.000000,1,OPTFUT,MCX,50.000000,100,False
561288,GOLD25SEP26195500PE,GOLD,25SEP2026,19550000.000000,1,OPTFUT,MCX,50.000000,100,False
561299,GOLD27NOV26196000PE,GOLD,27NOV2026,19600000.000000,1,OPTFUT,MCX,50.000000,100,False
561308,GOLD31DEC26199000PE,GOLD,31DEC2026,19900000.000000,1,OPTFUT,MCX,50.000000,100,False
561319,GOLD29JAN27200000PE,GOLD,29JAN2027,20000000.000000,1,OPTFUT,MCX,50.000000,100,False
561376,SILVER27OCT26340000CE,SILVER,27OCT2026,34000000.000000,30,OPTFUT,MCX,50.000000,600,False
561377,SILVER27OCT26341000CE,SILVER,27OCT2026,34100000.000000,30,OPTFUT,MCX,50.000000,600,False
561384,SILVER27OCT26348000CE,SILVER,27OCT2026,34800000.000000,30,OPTFUT,MCX,50.000000,600,False
561387,SILVER27NOV26339000CE,SILVER,27NOV2026,33900000.000000,30,OPTFUT,MCX,50.000000,600,False
561389,SILVER27NOV26341000CE,SILVER,27NOV2026,34100000.000000,30,OPTFUT,MCX,50.000000,600,False
561425,SILVER24SEP26339000PE,SILVER,24SEP2026,33900000.000000,30,OPTFUT,MCX,50.000000,600,False
561427,SILVER24SEP26341000PE,SILVER,24SEP2026,34100000.000000,30,OPTFUT,MCX,50.000000,600,False
561430,SILVER24SEP26344000PE,SILVER,24SEP2026,34400000.000000,30,OPTFUT,MCX,50.000000,600,False
561434,SILVER24SEP26348000PE,SILVER,24SEP2026,34800000.000000,30,OPTFUT,MCX,50.000000,600,False
561438,SILVER27OCT26340000PE,SILVER,27OCT2026,34000000.000000,30,OPTFUT,MCX,50.000000,600,False
561454,SILVER27NOV26344000PE,SILVER,27NOV2026,34400000.000000,30,OPTFUT,MCX,50.000000,600,False
561455,SILVER27NOV26345000PE,SILVER,27NOV2026,34500000.000000,30,OPTFUT,MCX,50.000000,600,False
561495,SILVERM23NOV26343000PE,SILVERM,23NOV2026,34300000.000000,5,OPTFUT,MCX,50.000000,600,False
561511,GOLD25SEP26196500CE,GOLD,25SEP2026,19650000.000000,1,OPTFUT,MCX,50.000000,100,False
561520,GOLD29JAN27202500CE,GOLD,29JAN2027,20250000.000000,1,OPTFUT,MCX,50.000000,100,False
561523,GOLD29JAN27204000CE,GOLD,29JAN2027,20400000.000000,1,OPTFUT,MCX,50.000000,100,False
561671,SILVER27OCT26350000CE,SILVER,27OCT2026,35000000.000000,30,OPTFUT,MCX,50.000000,600,False
561676,SILVER27NOV26352000CE,SILVER,27NOV2026,35200000.000000,30,OPTFUT,MCX,50.000000,600,False
561677,SILVER24SEP26350000PE,SILVER,24SEP2026,35000000.000000,30,OPTFUT,MCX,50.000000,600,False
561994,SILVERM24SEP26345000CE,SILVERM,24SEP2026,34500000.000000,5,OPTFUT,MCX,50.000000,600,False
561995,SILVERM24SEP26346000CE,SILVERM,24SEP2026,34600000.000000,5,OPTFUT,MCX,50.000000,600,False
561998,SILVERM27OCT26346000CE,SILVERM,27OCT2026,34600000.000000,5,OPTFUT,MCX,50.000000,600,False
562136,GOLD30OCT26200500CE,GOLD,30OCT2026,20050000.000000,1,OPTFUT,MCX,50.000000,100,False
562147,GOLD30OCT26201000PE,GOLD,30OCT2026,20100000.000000,1,OPTFUT,MCX,50.000000,100,False
562148,GOLD27NOV26200500PE,GOLD,27NOV2026,20050000.000000,1,OPTFUT,MCX,50.000000,100,False
562179,SILVERM27OCT26347000CE,SILVERM,27OCT2026,34700000.000000,5,OPTFUT,MCX,50.000000,600,False
562203,SILVERM24SEP26349000PE,SILVERM,24SEP2026,34900000.000000,5,OPTFUT,MCX,50.000000,600,False
563408,GOLD30OCT26205500CE,GOLD,30OCT2026,20550000.000000,1,OPTFUT,MCX,50.000000,100,False
563418,GOLD27NOV26205000CE,GOLD,27NOV2026,20500000.000000,1,OPTFUT,MCX,50.000000,100,False
563426,GOLD31DEC26207000CE,GOLD,31DEC2026,20700000.000000,1,OPTFUT,MCX,50.000000,100,False
563433,GOLD31DEC26210500CE,GOLD,31DEC2026,21050000.000000,1,OPTFUT,MCX,50.000000,100,False
563441,GOLD29JAN27208500CE,GOLD,29JAN2027,20850000.000000,1,OPTFUT,MCX,50.000000,100,False
563496,GOLD30OCT26205500PE,GOLD,30OCT2026,20550000.000000,1,OPTFUT,MCX,50.000000,100,False
563498,GOLD30OCT26206500PE,GOLD,30OCT2026,20650000.000000,1,OPTFUT,MCX,50.000000,100,False
563511,GOLD31DEC26205500PE,GOLD,31DEC2026,20550000.000000,1,OPTFUT,MCX,50.000000,100,False
563640,SILVERM24SEP26353000CE,SILVERM,24SEP2026,35300000.000000,5,OPTFUT,MCX,50.000000,600,False
563656,SILVERM23NOV26352000PE,SILVERM,23NOV2026,35200000.000000,5,OPTFUT,MCX,50.000000,600,False
564628,SILVERM28DEC26297000PE,SILVERM,28DEC2026,29700000.000000,5,OPTFUT,MCX,50.000000,600,False
564629,SILVERM25JAN27297000CE,SILVERM,25JAN2027,29700000.000000,5,OPTFUT,MCX,50.000000,600,False
564669,SILVER28DEC26282000CE,SILVER,28DEC2026,28200000.000000,30,OPTFUT,MCX,50.000000,600,False
564689,SILVER28DEC26262000CE,SILVER,28DEC2026,26200000.000000,30,OPTFUT,MCX,50.000000,600,False
564694,SILVER28DEC26257000CE,SILVER,28DEC2026,25700000.000000,30,OPTFUT,MCX,50.000000,600,False
564696,SILVER28DEC26255000CE,SILVER,28DEC2026,25500000.000000,30,OPTFUT,MCX,50.000000,600,False
564698,SILVER28DEC26253000CE,SILVER,28DEC2026,25300000.000000,30,OPTFUT,MCX,50.000000,600,False
564705,SILVER28DEC26298000CE,SILVER,28DEC2026,29800000.000000,30,OPTFUT,MCX,50.000000,600,False
564715,SILVER28DEC26308000CE,SILVER,28DEC2026,30800000.000000,30,OPTFUT,MCX,50.000000,600,False
564748,SILVER25JAN27283000CE,SILVER,25JAN2027,28300000.000000,30,OPTFUT,MCX,50.000000,600,False
564754,SILVER25JAN27277000CE,SILVER,25JAN2027,27700000.000000,30,OPTFUT,MCX,50.000000,600,False
564764,SILVER25JAN27267000CE,SILVER,25JAN2027,26700000.000000,30,OPTFUT,MCX,50.000000,600,False
564798,SILVER25JAN27311000CE,SILVER,25JAN2027,31100000.000000,30,OPTFUT,MCX,50.000000,600,False
564803,SILVER25JAN27316000CE,SILVER,25JAN2027,31600000.000000,30,OPTFUT,MCX,50.000000,600,False
564805,SILVER25JAN27318000CE,SILVER,25JAN2027,31800000.000000,30,OPTFUT,MCX,50.000000,600,False
564831,SILVER26FEB27280000CE,SILVER,26FEB2027,28000000.000000,30,OPTFUT,MCX,50.000000,600,False
564833,SILVER26FEB27278000CE,SILVER,26FEB2027,27800000.000000,30,OPTFUT,MCX,50.000000,600,False
564841,SILVER26FEB27270000CE,SILVER,26FEB2027,27000000.000000,30,OPTFUT,MCX,50.000000,600,False
564857,SILVER26FEB27254000CE,SILVER,26FEB2027,25400000.000000,30,OPTFUT,MCX,50.000000,600,False
564860,SILVER26FEB27293000CE,SILVER,26FEB2027,29300000.000000,30,OPTFUT,MCX,50.000000,600,False
564861,SILVER26FEB27294000CE,SILVER,26FEB2027,29400000.000000,30,OPTFUT,MCX,50.000000,600,False
564865,SILVER26FEB27298000CE,SILVER,26FEB2027,29800000.000000,30,OPTFUT,MCX,50.000000,600,False
564867,SILVER26FEB27300000CE,SILVER,26FEB2027,30000000.000000,30,OPTFUT,MCX,50.000000,600,False
564872,SILVER26FEB27305000CE,SILVER,26FEB2027,30500000.000000,30,OPTFUT,MCX,50.000000,600,False
564878,SILVER26FEB27311000CE,SILVER,26FEB2027,31100000.000000,30,OPTFUT,MCX,50.000000,600,False
564881,SILVER26FEB27314000CE,SILVER,26FEB2027,31400000.000000,30,OPTFUT,MCX,50.000000,600,False
564885,SILVER26FEB27318000CE,SILVER,26FEB2027,31800000.000000,30,OPTFUT,MCX,50.000000,600,False
564890,SILVER26FEB27323000CE,SILVER,26FEB2027,32300000.000000,30,OPTFUT,MCX,50.000000,600,False
564895,SILVER26FEB27328000CE,SILVER,26FEB2027,32800000.000000,30,OPTFUT,MCX,50.000000,600,False
564897,SILVER26FEB27330000CE,SILVER,26FEB2027,33000000.000000,30,OPTFUT,MCX,50.000000,600,False
564915,SILVER28DEC26276000PE,SILVER,28DEC2026,27600000.000000,30,OPTFUT,MCX,50.000000,600,False
564916,SILVER28DEC26275000PE,SILVER,28DEC2026,27500000.000000,30,OPTFUT,MCX,50.000000,600,False
564924,SILVER28DEC26267000PE,SILVER,28DEC2026,26700000.000000,30,OPTFUT,MCX,50.000000,600,False
564926,SILVER28DEC26265000PE,SILVER,28DEC2026,26500000.000000,30,OPTFUT,MCX,50.000000,600,False
564935,SILVER28DEC26256000PE,SILVER,28DEC2026,25600000.000000,30,OPTFUT,MCX,50.000000,600,False
564947,SILVER28DEC26300000PE,SILVER,28DEC2026,30000000.000000,30,OPTFUT,MCX,50.000000,600,False
564951,SILVER28DEC26304000PE,SILVER,28DEC2026,30400000.000000,30,OPTFUT,MCX,50.000000,600,False
564956,SILVER28DEC26309000PE,SILVER,28DEC2026,30900000.000000,30,OPTFUT,MCX,50.000000,600,False
564964,SILVER28DEC26317000PE,SILVER,28DEC2026,31700000.000000,30,OPTFUT,MCX,50.000000,600,False
564968,SILVER28DEC26321000PE,SILVER,28DEC2026,32100000.000000,30,OPTFUT,MCX,50.000000,600,False
564981,SILVER25JAN27290000PE,SILVER,25JAN2027,29000000.000000,30,OPTFUT,MCX,50.000000,600,False
564984,SILVER25JAN27287000PE,SILVER,25JAN2027,28700000.000000,30,OPTFUT,MCX,50.000000,600,False
564989,SILVER25JAN27282000PE,SILVER,25JAN2027,28200000.000000,30,OPTFUT,MCX,50.000000,600,False
565007,SILVER25JAN27264000PE,SILVER,25JAN2027,26400000.000000,30,OPTFUT,MCX,50.000000,600,False
565015,SILVER25JAN27256000PE,SILVER,25JAN2027,25600000.000000,30,OPTFUT,MCX,50.000000,600,False
565019,SILVER25JAN27252000PE,SILVER,25JAN2027,25200000.000000,30,OPTFUT,MCX,50.000000,600,False
565026,SILVER25JAN27299000PE,SILVER,25JAN2027,29900000.000000,30,OPTFUT,MCX,50.000000,600,False
565033,SILVER25JAN27306000PE,SILVER,25JAN2027,30600000.000000,30,OPTFUT,MCX,50.000000,600,False
565038,SILVER25JAN27311000PE,SILVER,25JAN2027,31100000.000000,30,OPTFUT,MCX,50.000000,600,False
565040,SILVER25JAN27313000PE,SILVER,25JAN2027,31300000.000000,30,OPTFUT,MCX,50.000000,600,False
565044,SILVER25JAN27317000PE,SILVER,25JAN2027,31700000.000000,30,OPTFUT,MCX,50.000000,600,False
565047,SILVER25JAN27320000PE,SILVER,25JAN2027,32000000.000000,30,OPTFUT,MCX,50.000000,600,False
565053,SILVER25JAN27326000PE,SILVER,25JAN2027,32600000.000000,30,OPTFUT,MCX,50.000000,600,False
565055,SILVER25JAN27328000PE,SILVER,25JAN2027,32800000.000000,30,OPTFUT,MCX,50.000000,600,False
565061,SILVER26FEB27290000PE,SILVER,26FEB2027,29000000.000000,30,OPTFUT,MCX,50.000000,600,False
565063,SILVER26FEB27288000PE,SILVER,26FEB2027,28800000.000000,30,OPTFUT,MCX,50.000000,600,False
565069,SILVER26FEB27282000PE,SILVER,26FEB2027,28200000.000000,30,OPTFUT,MCX,50.000000,600,False
565071,SILVER26FEB27280000PE,SILVER,26FEB2027,28000000.000000,30,OPTFUT,MCX,50.000000,600,False
565095,SILVER26FEB27256000PE,SILVER,26FEB2027,25600000.000000,30,OPTFUT,MCX,50.000000,600,False
565102,SILVER26FEB27295000PE,SILVER,26FEB2027,29500000.000000,30,OPTFUT,MCX,50.000000,600,False
565108,SILVER26FEB27301000PE,SILVER,26FEB2027,30100000.000000,30,OPTFUT,MCX,50.000000,600,False
565111,SILVER26FEB27304000PE,SILVER,26FEB2027,30400000.000000,30,OPTFUT,MCX,50.000000,600,False
565128,SILVER26FEB27321000PE,SILVER,26FEB2027,32100000.000000,30,OPTFUT,MCX,50.000000,600,False
565148,SILVERM28DEC26288000CE,SILVERM,28DEC2026,28800000.000000,5,OPTFUT,MCX,50.000000,600,False
565151,SILVERM28DEC26285000CE,SILVERM,28DEC2026,28500000.000000,5,OPTFUT,MCX,50.000000,600,False
565165,SILVERM28DEC26271000CE,SILVERM,28DEC2026,27100000.000000,5,OPTFUT,MCX,50.000000,600,False
565181,SILVERM28DEC26299000CE,SILVERM,28DEC2026,29900000.000000,5,OPTFUT,MCX,50.000000,600,False
565186,SILVERM28DEC26304000CE,SILVERM,28DEC2026,30400000.000000,5,OPTFUT,MCX,50.000000,600,False
565194,SILVERM28DEC26312000CE,SILVERM,28DEC2026,31200000.000000,5,OPTFUT,MCX,50.000000,600,False
565203,SILVERM28DEC26321000CE,SILVERM,28DEC2026,32100000.000000,5,OPTFUT,MCX,50.000000,600,False
565225,SILVERM25JAN27291000CE,SILVERM,25JAN2027,29100000.000000,5,OPTFUT,MCX,50.000000,600,False
565255,SILVERM25JAN27261000CE,SILVERM,25JAN2027,26100000.000000,5,OPTFUT,MCX,50.000000,600,False
565298,SILVERM25JAN27336000CE,SILVERM,25JAN2027,33600000.000000,5,OPTFUT,MCX,50.000000,600,False
565334,SILVERM19FEB27262000CE,SILVERM,19FEB2027,26200000.000000,5,OPTFUT,MCX,50.000000,600,False
565347,SILVERM19FEB27305000CE,SILVERM,19FEB2027,30500000.000000,5,OPTFUT,MCX,50.000000,600,False
565348,SILVERM19FEB27306000CE,SILVERM,19FEB2027,30600000.000000,5,OPTFUT,MCX,50.000000,600,False
565354,SILVERM19FEB27312000CE,SILVERM,19FEB2027,31200000.000000,5,OPTFUT,MCX,50.000000,600,False
565358,SILVERM19FEB27316000CE,SILVERM,19FEB2027,31600000.000000,5,OPTFUT,MCX,50.000000,600,False
565381,SILVERM28DEC26295000PE,SILVERM,28DEC2026,29500000.000000,5,OPTFUT,MCX,50.000000,600,False
565382,SILVERM28DEC26294000PE,SILVERM,28DEC2026,29400000.000000,5,OPTFUT,MCX,50.000000,600,False
565383,SILVERM28DEC26293000PE,SILVERM,28DEC2026,29300000.000000,5,OPTFUT,MCX,50.000000,600,False
565390,SILVERM28DEC26286000PE,SILVERM,28DEC2026,28600000.000000,5,OPTFUT,MCX,50.000000,600,False
565391,SILVERM28DEC26285000PE,SILVERM,28DEC2026,28500000.000000,5,OPTFUT,MCX,50.000000,600,False
565404,SILVERM28DEC26272000PE,SILVERM,28DEC2026,27200000.000000,5,OPTFUT,MCX,50.000000,600,False
565407,SILVERM28DEC26269000PE,SILVERM,28DEC2026,26900000.000000,5,OPTFUT,MCX,50.000000,600,False
565409,SILVERM28DEC26267000PE,SILVERM,28DEC2026,26700000.000000,5,OPTFUT,MCX,50.000000,600,False
565411,SILVERM28DEC26265000PE,SILVERM,28DEC2026,26500000.000000,5,OPTFUT,MCX,50.000000,600,False
565418,SILVERM28DEC26258000PE,SILVERM,28DEC2026,25800000.000000,5,OPTFUT,MCX,50.000000,600,False
565422,SILVERM28DEC26300000PE,SILVERM,28DEC2026,30000000.000000,5,OPTFUT,MCX,50.000000,600,False
565426,SILVERM28DEC26304000PE,SILVERM,28DEC2026,30400000.000000,5,OPTFUT,MCX,50.000000,600,False
565431,SILVERM28DEC26309000PE,SILVERM,28DEC2026,30900000.000000,5,OPTFUT,MCX,50.000000,600,False
565435,SILVERM28DEC26313000PE,SILVERM,28DEC2026,31300000.000000,5,OPTFUT,MCX,50.000000,600,False
565439,SILVERM28DEC26317000PE,SILVERM,28DEC2026,31700000.000000,5,OPTFUT,MCX,50.000000,600,False
565447,SILVERM28DEC26325000PE,SILVERM,28DEC2026,32500000.000000,5,OPTFUT,MCX,50.000000,600,False
565462,SILVERM25JAN27294000PE,SILVERM,25JAN2027,29400000.000000,5,OPTFUT,MCX,50.000000,600,False
565499,SILVERM25JAN27257000PE,SILVERM,25JAN2027,25700000.000000,5,OPTFUT,MCX,50.000000,600,False
565501,SILVERM25JAN27299000PE,SILVERM,25JAN2027,29900000.000000,5,OPTFUT,MCX,50.000000,600,False
565506,SILVERM25JAN27304000PE,SILVERM,25JAN2027,30400000.000000,5,OPTFUT,MCX,50.000000,600,False
565508,SILVERM25JAN27306000PE,SILVERM,25JAN2027,30600000.000000,5,OPTFUT,MCX,50.000000,600,False
565511,SILVERM25JAN27309000PE,SILVERM,25JAN2027,30900000.000000,5,OPTFUT,MCX,50.000000,600,False
565515,SILVERM25JAN27313000PE,SILVERM,25JAN2027,31300000.000000,5,OPTFUT,MCX,50.000000,600,False
565527,SILVERM25JAN27325000PE,SILVERM,25JAN2027,32500000.000000,5,OPTFUT,MCX,50.000000,600,False
565539,SILVERM25JAN27337000PE,SILVERM,25JAN2027,33700000.000000,5,OPTFUT,MCX,50.000000,600,False
565577,SILVERM19FEB27259000PE,SILVERM,19FEB2027,25900000.000000,5,OPTFUT,MCX,50.000000,600,False
565580,SILVERM19FEB27298000PE,SILVERM,19FEB2027,29800000.000000,5,OPTFUT,MCX,50.000000,600,False
565601,SILVERM19FEB27319000PE,SILVERM,19FEB2027,31900000.000000,5,OPTFUT,MCX,50.000000,600,False
565609,SILVERM19FEB27327000PE,SILVERM,19FEB2027,32700000.000000,5,OPTFUT,MCX,50.000000,600,False
565611,SILVERM19FEB27329000PE,SILVERM,19FEB2027,32900000.000000,5,OPTFUT,MCX,50.000000,600,False
565612,SILVERM19FEB27330000PE,SILVERM,19FEB2027,33000000.000000,5,OPTFUT,MCX,50.000000,600,False
565669,SILVER25JAN27250000CE,SILVER,25JAN2027,25000000.000000,30,OPTFUT,MCX,50.000000,600,False
565675,SILVER26FEB27248000CE,SILVER,26FEB2027,24800000.000000,30,OPTFUT,MCX,50.000000,600,False
565677,SILVER28DEC26250000PE,SILVER,28DEC2026,25000000.000000,30,OPTFUT,MCX,50.000000,600,False
565680,SILVER25JAN27251000PE,SILVER,25JAN2027,25100000.000000,30,OPTFUT,MCX,50.000000,600,False
565690,SILVERM28DEC26254000CE,SILVERM,28DEC2026,25400000.000000,5,OPTFUT,MCX,50.000000,600,False
565696,SILVERM19FEB27254000CE,SILVERM,19FEB2027,25400000.000000,5,OPTFUT,MCX,50.000000,600,False
565697,SILVERM28DEC26256000PE,SILVERM,28DEC2026,25600000.000000,5,OPTFUT,MCX,50.000000,600,False
565738,SILVERM28DEC26253000CE,SILVERM,28DEC2026,25300000.000000,5,OPTFUT,MCX,50.000000,600,False
565747,SILVERM19FEB27252000CE,SILVERM,19FEB2027,25200000.000000,5,OPTFUT,MCX,50.000000,600,False
565814,SILVER28DEC26243000CE,SILVER,28DEC2026,24300000.000000,30,OPTFUT,MCX,50.000000,600,False
565824,SILVER26FEB27243000CE,SILVER,26FEB2027,24300000.000000,30,OPTFUT,MCX,50.000000,600,False
565833,SILVER25JAN27244000PE,SILVER,25JAN2027,24400000.000000,30,OPTFUT,MCX,50.000000,600,False
565846,SILVERM25JAN27249000CE,SILVERM,25JAN2027,24900000.000000,5,OPTFUT,MCX,50.000000,600,False
565861,SILVERM25JAN27246000PE,SILVERM,25JAN2027,24600000.000000,5,OPTFUT,MCX,50.000000,600,False
566313,GOLD25SEP26131000CE,GOLD,25SEP2026,13100000.000000,1,OPTFUT,MCX,50.000000,100,False
566320,GOLD30OCT26137000CE,GOLD,30OCT2026,13700000.000000,1,OPTFUT,MCX,50.000000,100,False
566325,GOLD30OCT26134500CE,GOLD,30OCT2026,13450000.000000,1,OPTFUT,MCX,50.000000,100,False
566328,GOLD30OCT26133000CE,GOLD,30OCT2026,13300000.000000,1,OPTFUT,MCX,50.000000,100,False
566331,GOLD27NOV26138000CE,GOLD,27NOV2026,13800000.000000,1,OPTFUT,MCX,50.000000,100,False
566352,GOLD31DEC26137000CE,GOLD,31DEC2026,13700000.000000,1,OPTFUT,MCX,50.000000,100,False
566343,GOLD31DEC26141500CE,GOLD,31DEC2026,14150000.000000,1,OPTFUT,MCX,50.000000,100,False
566353,GOLD31DEC26136500CE,GOLD,31DEC2026,13650000.000000,1,OPTFUT,MCX,50.000000,100,False
566355,GOLD29JAN27141500CE,GOLD,29JAN2027,14150000.000000,1,OPTFUT,MCX,50.000000,100,False
566460,GOLD29JAN27141000PE,GOLD,29JAN2027,14100000.000000,1,OPTFUT,MCX,50.000000,100,False
566556,SILVER24SEP26215000CE,SILVER,24SEP2026,21500000.000000,30,OPTFUT,MCX,50.000000,600,False
566561,SILVER24SEP26210000CE,SILVER,24SEP2026,21000000.000000,30,OPTFUT,MCX,50.000000,600,False
566567,SILVER27OCT26212000CE,SILVER,27OCT2026,21200000.000000,30,OPTFUT,MCX,50.000000,600,False
566590,SILVER28DEC26228000CE,SILVER,28DEC2026,22800000.000000,30,OPTFUT,MCX,50.000000,600,False
566594,SILVER28DEC26224000CE,SILVER,28DEC2026,22400000.000000,30,OPTFUT,MCX,50.000000,600,False
566600,SILVER28DEC26218000CE,SILVER,28DEC2026,21800000.000000,30,OPTFUT,MCX,50.000000,600,False
566632,SILVER26FEB27232000CE,SILVER,26FEB2027,23200000.000000,30,OPTFUT,MCX,50.000000,600,False
566671,SILVER24SEP26216000PE,SILVER,24SEP2026,21600000.000000,30,OPTFUT,MCX,50.000000,600,False
566681,SILVER27OCT26214000PE,SILVER,27OCT2026,21400000.000000,30,OPTFUT,MCX,50.000000,600,False
566684,SILVER27OCT26211000PE,SILVER,27OCT2026,21100000.000000,30,OPTFUT,MCX,50.000000,600,False
566685,SILVER27OCT26210000PE,SILVER,27OCT2026,21000000.000000,30,OPTFUT,MCX,50.000000,600,False
566741,SILVER26FEB27239000PE,SILVER,26FEB2027,23900000.000000,30,OPTFUT,MCX,50.000000,600,False
566744,SILVER26FEB27236000PE,SILVER,26FEB2027,23600000.000000,30,OPTFUT,MCX,50.000000,600,False
566754,SILVER26FEB27226000PE,SILVER,26FEB2027,22600000.000000,30,OPTFUT,MCX,50.000000,600,False
566811,SILVERM25JAN27240000CE,SILVERM,25JAN2027,24000000.000000,5,OPTFUT,MCX,50.000000,600,False
566784,SILVERM28DEC26245000CE,SILVERM,28DEC2026,24500000.000000,5,OPTFUT,MCX,50.000000,600,False
566804,SILVERM28DEC26225000CE,SILVERM,28DEC2026,22500000.000000,5,OPTFUT,MCX,50.000000,600,False
566815,SILVERM25JAN27236000CE,SILVERM,25JAN2027,23600000.000000,5,OPTFUT,MCX,50.000000,600,False
566823,SILVERM25JAN27228000CE,SILVERM,25JAN2027,22800000.000000,5,OPTFUT,MCX,50.000000,600,False
566844,SILVERM19FEB27229000CE,SILVERM,19FEB2027,22900000.000000,5,OPTFUT,MCX,50.000000,600,False
566849,SILVERM19FEB27224000CE,SILVERM,19FEB2027,22400000.000000,5,OPTFUT,MCX,50.000000,600,False
566878,SILVERM28DEC26238000PE,SILVERM,28DEC2026,23800000.000000,5,OPTFUT,MCX,50.000000,600,False
566902,SILVERM25JAN27236000PE,SILVERM,25JAN2027,23600000.000000,5,OPTFUT,MCX,50.000000,600,False
566903,SILVERM25JAN27235000PE,SILVERM,25JAN2027,23500000.000000,5,OPTFUT,MCX,50.000000,600,False
566934,SILVERM19FEB27226000PE,SILVERM,19FEB2027,22600000.000000,5,OPTFUT,MCX,50.000000,600,False
567359,SILVER26FEB27217000CE,SILVER,26FEB2027,21700000.000000,30,OPTFUT,MCX,50.000000,600,False
567402,SILVERM23NOV26218000CE,SILVERM,23NOV2026,21800000.000000,5,OPTFUT,MCX,50.000000,600,False
567412,SILVERM19FEB27221000CE,SILVERM,19FEB2027,22100000.000000,5,OPTFUT,MCX,50.000000,600,False
567426,SILVERM24SEP26218000PE,SILVERM,24SEP2026,21800000.000000,5,OPTFUT,MCX,50.000000,600,False
567432,SILVERM23NOV26218000PE,SILVERM,23NOV2026,21800000.000000,5,OPTFUT,MCX,50.000000,600,False
567565,GOLD30OCT26128000CE,GOLD,30OCT2026,12800000.000000,1,OPTFUT,MCX,50.000000,100,False
567569,GOLD30OCT26126000CE,GOLD,30OCT2026,12600000.000000,1,OPTFUT,MCX,50.000000,100,False
567573,GOLD27NOV26131000CE,GOLD,27NOV2026,13100000.000000,1,OPTFUT,MCX,50.000000,100,False
567578,GOLD27NOV26128500CE,GOLD,27NOV2026,12850000.000000,1,OPTFUT,MCX,50.000000,100,False
567581,GOLD27NOV26127000CE,GOLD,27NOV2026,12700000.000000,1,OPTFUT,MCX,50.000000,100,False
567614,GOLD29JAN27128500CE,GOLD,29JAN2027,12850000.000000,1,OPTFUT,MCX,50.000000,100,False
567655,GOLD25SEP26128500PE,GOLD,25SEP2026,12850000.000000,1,OPTFUT,MCX,50.000000,100,False
567693,GOLD27NOV26126000PE,GOLD,27NOV2026,12600000.000000,1,OPTFUT,MCX,50.000000,100,False
567701,GOLD31DEC26132500PE,GOLD,31DEC2026,13250000.000000,1,OPTFUT,MCX,50.000000,100,False
567708,GOLD31DEC26129000PE,GOLD,31DEC2026,12900000.000000,1,OPTFUT,MCX,50.000000,100,False
567720,GOLD29JAN27130500PE,GOLD,29JAN2027,13050000.000000,1,OPTFUT,MCX,50.000000,100,False
567808,SILVER27NOV26207000CE,SILVER,27NOV2026,20700000.000000,30,OPTFUT,MCX,50.000000,600,False
567809,SILVER27NOV26206000CE,SILVER,27NOV2026,20600000.000000,30,OPTFUT,MCX,50.000000,600,False
567810,SILVER27NOV26205000CE,SILVER,27NOV2026,20500000.000000,30,OPTFUT,MCX,50.000000,600,False
567812,SILVER27NOV26203000CE,SILVER,27NOV2026,20300000.000000,30,OPTFUT,MCX,50.000000,600,False
567813,SILVER28DEC26215000CE,SILVER,28DEC2026,21500000.000000,30,OPTFUT,MCX,50.000000,600,False
567865,SILVER25JAN27213000PE,SILVER,25JAN2027,21300000.000000,30,OPTFUT,MCX,50.000000,600,False
567867,SILVER25JAN27211000PE,SILVER,25JAN2027,21100000.000000,30,OPTFUT,MCX,50.000000,600,False
567899,SILVERM25JAN27220000CE,SILVERM,25JAN2027,22000000.000000,5,OPTFUT,MCX,50.000000,600,False
567924,SILVERM23NOV26215000PE,SILVERM,23NOV2026,21500000.000000,5,OPTFUT,MCX,50.000000,600,False
568041,SILVERM24SEP26211000CE,SILVERM,24SEP2026,21100000.000000,5,OPTFUT,MCX,50.000000,600,False
568059,SILVERM24SEP26212000PE,SILVERM,24SEP2026,21200000.000000,5,OPTFUT,MCX,50.000000,600,False
568062,SILVERM27OCT26211000PE,SILVERM,27OCT2026,21100000.000000,5,OPTFUT,MCX,50.000000,600,False
568063,SILVERM23NOV26212000PE,SILVERM,23NOV2026,21200000.000000,5,OPTFUT,MCX,50.000000,600,False
568070,SILVERM19FEB27215000PE,SILVERM,19FEB2027,21500000.000000,5,OPTFUT,MCX,50.000000,600,False
568436,SILVER27NOV26198000CE,SILVER,27NOV2026,19800000.000000,30,OPTFUT,MCX,50.000000,600,False
568441,SILVER25JAN27209000CE,SILVER,25JAN2027,20900000.000000,30,OPTFUT,MCX,50.000000,600,False
568447,SILVER26FEB27207000CE,SILVER,26FEB2027,20700000.000000,30,OPTFUT,MCX,50.000000,600,False
568464,SILVER24SEP26200000PE,SILVER,24SEP2026,20000000.000000,30,OPTFUT,MCX,50.000000,600,False
568473,SILVER27NOV26199000PE,SILVER,27NOV2026,19900000.000000,30,OPTFUT,MCX,50.000000,600,False
568479,SILVER25JAN27209000PE,SILVER,25JAN2027,20900000.000000,30,OPTFUT,MCX,50.000000,600,False
568500,SILVERM24SEP26208000CE,SILVERM,24SEP2026,20800000.000000,5,OPTFUT,MCX,50.000000,600,False
568551,SILVERM28DEC26214000PE,SILVERM,28DEC2026,21400000.000000,5,OPTFUT,MCX,50.000000,600,False
568541,SILVERM27OCT26210000PE,SILVERM,27OCT2026,21000000.000000,5,OPTFUT,MCX,50.000000,600,False
568546,SILVERM23NOV26210000PE,SILVERM,23NOV2026,21000000.000000,5,OPTFUT,MCX,50.000000,600,False
569434,GOLD26FEB27163500CE,GOLD,26FEB2027,16350000.000000,1,OPTFUT,MCX,50.000000,100,False
569442,GOLD26FEB27159500CE,GOLD,26FEB2027,15950000.000000,1,OPTFUT,MCX,50.000000,100,False
569443,GOLD26FEB27159000CE,GOLD,26FEB2027,15900000.000000,1,OPTFUT,MCX,50.000000,100,False
569453,GOLD26FEB27154000CE,GOLD,26FEB2027,15400000.000000,1,OPTFUT,MCX,50.000000,100,False
569467,GOLD26FEB27147000CE,GOLD,26FEB2027,14700000.000000,1,OPTFUT,MCX,50.000000,100,False
569476,GOLD26FEB27142500CE,GOLD,26FEB2027,14250000.000000,1,OPTFUT,MCX,50.000000,100,False
569491,GOLD26FEB27169000CE,GOLD,26FEB2027,16900000.000000,1,OPTFUT,MCX,50.000000,100,False
569493,GOLD26FEB27170000CE,GOLD,26FEB2027,17000000.000000,1,OPTFUT,MCX,50.000000,100,False
569503,GOLD26FEB27175000CE,GOLD,26FEB2027,17500000.000000,1,OPTFUT,MCX,50.000000,100,False
569508,GOLD26FEB27177500CE,GOLD,26FEB2027,17750000.000000,1,OPTFUT,MCX,50.000000,100,False
569511,GOLD26FEB27179000CE,GOLD,26FEB2027,17900000.000000,1,OPTFUT,MCX,50.000000,100,False
569518,GOLD26FEB27182500CE,GOLD,26FEB2027,18250000.000000,1,OPTFUT,MCX,50.000000,100,False
569529,GOLD26FEB27188000CE,GOLD,26FEB2027,18800000.000000,1,OPTFUT,MCX,50.000000,100,False
569534,GOLD29MAR27163500CE,GOLD,29MAR2027,16350000.000000,1,OPTFUT,MCX,50.000000,100,False
569548,GOLD29MAR27156500CE,GOLD,29MAR2027,15650000.000000,1,OPTFUT,MCX,50.000000,100,False
569553,GOLD29MAR27154000CE,GOLD,29MAR2027,15400000.000000,1,OPTFUT,MCX,50.000000,100,False
569554,GOLD29MAR27153500CE,GOLD,29MAR2027,15350000.000000,1,OPTFUT,MCX,50.000000,100,False
569562,GOLD29MAR27149500CE,GOLD,29MAR2027,14950000.000000,1,OPTFUT,MCX,50.000000,100,False
569565,GOLD29MAR27148000CE,GOLD,29MAR2027,14800000.000000,1,OPTFUT,MCX,50.000000,100,False
569574,GOLD29MAR27143500CE,GOLD,29MAR2027,14350000.000000,1,OPTFUT,MCX,50.000000,100,False
569575,GOLD29MAR27143000CE,GOLD,29MAR2027,14300000.000000,1,OPTFUT,MCX,50.000000,100,False
569596,GOLD29MAR27171500CE,GOLD,29MAR2027,17150000.000000,1,OPTFUT,MCX,50.000000,100,False
569610,GOLD29MAR27178500CE,GOLD,29MAR2027,17850000.000000,1,OPTFUT,MCX,50.000000,100,False
569621,GOLD29MAR27184000CE,GOLD,29MAR2027,18400000.000000,1,OPTFUT,MCX,50.000000,100,False
569638,GOLD26FEB27161500PE,GOLD,26FEB2027,16150000.000000,1,OPTFUT,MCX,50.000000,100,False
569641,GOLD26FEB27160000PE,GOLD,26FEB2027,16000000.000000,1,OPTFUT,MCX,50.000000,100,False
569646,GOLD26FEB27157500PE,GOLD,26FEB2027,15750000.000000,1,OPTFUT,MCX,50.000000,100,False
569670,GOLD26FEB27145500PE,GOLD,26FEB2027,14550000.000000,1,OPTFUT,MCX,50.000000,100,False
569672,GOLD26FEB27144500PE,GOLD,26FEB2027,14450000.000000,1,OPTFUT,MCX,50.000000,100,False
569683,GOLD26FEB27165000PE,GOLD,26FEB2027,16500000.000000,1,OPTFUT,MCX,50.000000,100,False
569694,GOLD26FEB27170500PE,GOLD,26FEB2027,17050000.000000,1,OPTFUT,MCX,50.000000,100,False
569712,GOLD26FEB27179500PE,GOLD,26FEB2027,17950000.000000,1,OPTFUT,MCX,50.000000,100,False
569736,GOLD29MAR27162500PE,GOLD,29MAR2027,16250000.000000,1,OPTFUT,MCX,50.000000,100,False
569737,GOLD29MAR27162000PE,GOLD,29MAR2027,16200000.000000,1,OPTFUT,MCX,50.000000,100,False
569755,GOLD29MAR27153000PE,GOLD,29MAR2027,15300000.000000,1,OPTFUT,MCX,50.000000,100,False
569756,GOLD29MAR27152500PE,GOLD,29MAR2027,15250000.000000,1,OPTFUT,MCX,50.000000,100,False
569768,GOLD29MAR27146500PE,GOLD,29MAR2027,14650000.000000,1,OPTFUT,MCX,50.000000,100,False
569775,GOLD29MAR27143000PE,GOLD,29MAR2027,14300000.000000,1,OPTFUT,MCX,50.000000,100,False
569778,GOLD29MAR27141500PE,GOLD,29MAR2027,14150000.000000,1,OPTFUT,MCX,50.000000,100,False
569779,GOLD29MAR27141000PE,GOLD,29MAR2027,14100000.000000,1,OPTFUT,MCX,50.000000,100,False
569807,GOLD29MAR27177000PE,GOLD,29MAR2027,17700000.000000,1,OPTFUT,MCX,50.000000,100,False
569825,GOLD29MAR27186000PE,GOLD,29MAR2027,18600000.000000,1,OPTFUT,MCX,50.000000,100,False
569829,GOLD29MAR27188000PE,GOLD,29MAR2027,18800000.000000,1,OPTFUT,MCX,50.000000,100,False
569845,GOLD29MAR27191000CE,GOLD,29MAR2027,19100000.000000,1,OPTFUT,MCX,50.000000,100,False
570,MCXENRGDEXCOM,MCXENRGDEX,,0.000000,125,COMDTY,MCX,1.000000,99999999,False
570750,NATURALGAS27OCT26FUT,NATURALGAS,27OCT2026,0.000000,1250,FUTCOM,MCX,10.000000,60000,False
571297,ALUMINIUM30SEP26FUT,ALUMINIUM,30SEP2026,0.000000,5,FUTCOM,MCX,5.000000,150,False
571299,LEADMINI30SEP26FUT,LEADMINI,30SEP2026,0.000000,1,FUTCOM,MCX,5.000000,100,False
571679,GOLD29MAR27193500PE,GOLD,29MAR2027,19350000.000000,1,OPTFUT,MCX,50.000000,100,False
571880,GOLD29MAR27196000CE,GOLD,29MAR2027,19600000.000000,1,OPTFUT,MCX,50.000000,100,False
571885,GOLD29MAR27195500PE,GOLD,29MAR2027,19550000.000000,1,OPTFUT,MCX,50.000000,100,False
571886,GOLD29MAR27196000PE,GOLD,29MAR2027,19600000.000000,1,OPTFUT,MCX,50.000000,100,False
571893,SILVER28DEC26335000CE,SILVER,28DEC2026,33500000.000000,30,OPTFUT,MCX,50.000000,600,False
571920,SILVER25JAN27334000PE,SILVER,25JAN2027,33400000.000000,30,OPTFUT,MCX,50.000000,600,False
571924,SILVER25JAN27338000PE,SILVER,25JAN2027,33800000.000000,30,OPTFUT,MCX,50.000000,600,False
571981,GOLD26FEB27196500CE,GOLD,26FEB2027,19650000.000000,1,OPTFUT,MCX,50.000000,100,False
571984,GOLD29MAR27197000CE,GOLD,29MAR2027,19700000.000000,1,OPTFUT,MCX,50.000000,100,False
571992,SILVER25JAN27341000CE,SILVER,25JAN2027,34100000.000000,30,OPTFUT,MCX,50.000000,600,False
572002,SILVERM28DEC26339000CE,SILVERM,28DEC2026,33900000.000000,5,OPTFUT,MCX,50.000000,600,False
572035,GOLD26FEB27197500CE,GOLD,26FEB2027,19750000.000000,1,OPTFUT,MCX,50.000000,100,False
572038,GOLD26FEB27199000CE,GOLD,26FEB2027,19900000.000000,1,OPTFUT,MCX,50.000000,100,False
572052,GOLD26FEB27206000CE,GOLD,26FEB2027,20600000.000000,1,OPTFUT,MCX,50.000000,100,False
572054,GOLD26FEB27207000CE,GOLD,26FEB2027,20700000.000000,1,OPTFUT,MCX,50.000000,100,False
572091,GOLD26FEB27202500PE,GOLD,26FEB2027,20250000.000000,1,OPTFUT,MCX,50.000000,100,False
572096,GOLD26FEB27205000PE,GOLD,26FEB2027,20500000.000000,1,OPTFUT,MCX,50.000000,100,False
572097,GOLD26FEB27205500PE,GOLD,26FEB2027,20550000.000000,1,OPTFUT,MCX,50.000000,100,False
572098,GOLD26FEB27206000PE,GOLD,26FEB2027,20600000.000000,1,OPTFUT,MCX,50.000000,100,False
572101,GOLD26FEB27207500PE,GOLD,26FEB2027,20750000.000000,1,OPTFUT,MCX,50.000000,100,False
572103,GOLD26FEB27208500PE,GOLD,26FEB2027,20850000.000000,1,OPTFUT,MCX,50.000000,100,False
572116,GOLD29MAR27203500PE,GOLD,29MAR2027,20350000.000000,1,OPTFUT,MCX,50.000000,100,False
572126,GOLD29MAR27208500PE,GOLD,29MAR2027,20850000.000000,1,OPTFUT,MCX,50.000000,100,False
572225,SILVER24SEP26355000CE,SILVER,24SEP2026,35500000.000000,30,OPTFUT,MCX,50.000000,600,False
572247,SILVER28DEC26359000CE,SILVER,28DEC2026,35900000.000000,30,OPTFUT,MCX,50.000000,600,False
572251,SILVER28DEC26363000CE,SILVER,28DEC2026,36300000.000000,30,OPTFUT,MCX,50.000000,600,False
572267,SILVER25JAN27351000CE,SILVER,25JAN2027,35100000.000000,30,OPTFUT,MCX,50.000000,600,False
572275,SILVER25JAN27359000CE,SILVER,25JAN2027,35900000.000000,30,OPTFUT,MCX,50.000000,600,False
572286,SILVER26FEB27342000CE,SILVER,26FEB2027,34200000.000000,30,OPTFUT,MCX,50.000000,600,False
572293,SILVER26FEB27349000CE,SILVER,26FEB2027,34900000.000000,30,OPTFUT,MCX,50.000000,600,False
572305,SILVER26FEB27361000CE,SILVER,26FEB2027,36100000.000000,30,OPTFUT,MCX,50.000000,600,False
572312,SILVER26FEB27368000CE,SILVER,26FEB2027,36800000.000000,30,OPTFUT,MCX,50.000000,600,False
572353,SILVER28DEC26346000PE,SILVER,28DEC2026,34600000.000000,30,OPTFUT,MCX,50.000000,600,False
572345,SILVER27OCT26354000PE,SILVER,27OCT2026,35400000.000000,30,OPTFUT,MCX,50.000000,600,False
572346,SILVER27OCT26355000PE,SILVER,27OCT2026,35500000.000000,30,OPTFUT,MCX,50.000000,600,False
572347,SILVER27NOV26354000PE,SILVER,27NOV2026,35400000.000000,30,OPTFUT,MCX,50.000000,600,False
572357,SILVER28DEC26350000PE,SILVER,28DEC2026,35000000.000000,30,OPTFUT,MCX,50.000000,600,False
572370,SILVER28DEC26363000PE,SILVER,28DEC2026,36300000.000000,30,OPTFUT,MCX,50.000000,600,False
572399,SILVER25JAN27364000PE,SILVER,25JAN2027,36400000.000000,30,OPTFUT,MCX,50.000000,600,False
572407,SILVER26FEB27344000PE,SILVER,26FEB2027,34400000.000000,30,OPTFUT,MCX,50.000000,600,False
572409,SILVER26FEB27346000PE,SILVER,26FEB2027,34600000.000000,30,OPTFUT,MCX,50.000000,600,False
572411,SILVER26FEB27348000PE,SILVER,26FEB2027,34800000.000000,30,OPTFUT,MCX,50.000000,600,False
572422,SILVER26FEB27359000PE,SILVER,26FEB2027,35900000.000000,30,OPTFUT,MCX,50.000000,600,False
572426,SILVER26FEB27363000PE,SILVER,26FEB2027,36300000.000000,30,OPTFUT,MCX,50.000000,600,False
572448,SILVERM24SEP26354000CE,SILVERM,24SEP2026,35400000.000000,5,OPTFUT,MCX,50.000000,600,False
572462,SILVERM23NOV26358000CE,SILVERM,23NOV2026,35800000.000000,5,OPTFUT,MCX,50.000000,600,False
572472,SILVERM28DEC26350000CE,SILVERM,28DEC2026,35000000.000000,5,OPTFUT,MCX,50.000000,600,False
572481,SILVERM28DEC26359000CE,SILVERM,28DEC2026,35900000.000000,5,OPTFUT,MCX,50.000000,600,False
572497,SILVERM25JAN27346000CE,SILVERM,25JAN2027,34600000.000000,5,OPTFUT,MCX,50.000000,600,False
572500,SILVERM25JAN27349000CE,SILVERM,25JAN2027,34900000.000000,5,OPTFUT,MCX,50.000000,600,False
572511,SILVERM25JAN27360000CE,SILVERM,25JAN2027,36000000.000000,5,OPTFUT,MCX,50.000000,600,False
572544,SILVERM19FEB27364000CE,SILVERM,19FEB2027,36400000.000000,5,OPTFUT,MCX,50.000000,600,False
572567,SILVERM24SEP26356000PE,SILVERM,24SEP2026,35600000.000000,5,OPTFUT,MCX,50.000000,600,False
572574,SILVERM27OCT26358000PE,SILVERM,27OCT2026,35800000.000000,5,OPTFUT,MCX,50.000000,600,False
572582,SILVERM28DEC26343000PE,SILVERM,28DEC2026,34300000.000000,5,OPTFUT,MCX,50.000000,600,False
572590,SILVERM28DEC26351000PE,SILVERM,28DEC2026,35100000.000000,5,OPTFUT,MCX,50.000000,600,False
572596,SILVERM28DEC26357000PE,SILVERM,28DEC2026,35700000.000000,5,OPTFUT,MCX,50.000000,600,False
572597,SILVERM28DEC26358000PE,SILVERM,28DEC2026,35800000.000000,5,OPTFUT,MCX,50.000000,600,False
572605,SILVERM28DEC26366000PE,SILVERM,28DEC2026,36600000.000000,5,OPTFUT,MCX,50.000000,600,False
572610,SILVERM25JAN27342000PE,SILVERM,25JAN2027,34200000.000000,5,OPTFUT,MCX,50.000000,600,False
572613,SILVERM25JAN27345000PE,SILVERM,25JAN2027,34500000.000000,5,OPTFUT,MCX,50.000000,600,False
572617,SILVERM25JAN27349000PE,SILVERM,25JAN2027,34900000.000000,5,OPTFUT,MCX,50.000000,600,False
572622,SILVERM25JAN27354000PE,SILVERM,25JAN2027,35400000.000000,5,OPTFUT,MCX,50.000000,600,False
572638,SILVERM19FEB27341000PE,SILVERM,19FEB2027,34100000.000000,5,OPTFUT,MCX,50.000000,600,False
572641,SILVERM19FEB27344000PE,SILVERM,19FEB2027,34400000.000000,5,OPTFUT,MCX,50.000000,600,False
572646,SILVERM19FEB27349000PE,SILVERM,19FEB2027,34900000.000000,5,OPTFUT,MCX,50.000000,600,False
572655,SILVERM19FEB27358000PE,SILVERM,19FEB2027,35800000.000000,5,OPTFUT,MCX,50.000000,600,False
572662,SILVERM19FEB27365000PE,SILVERM,19FEB2027,36500000.000000,5,OPTFUT,MCX,50.000000,600,False
572771,GOLD29MAR27209000PE,GOLD,29MAR2027,20900000.000000,1,OPTFUT,MCX,50.000000,100,False
572773,SILVERM30APR27FUT,SILVERM,30APR2027,0.000000,5,FUTCOM,MCX,100.000000,600,False
572789,SILVER25MAR27313000CE,SILVER,25MAR2027,31300000.000000,30,OPTFUT,MCX,50.000000,600,False
572801,SILVER25MAR27301000CE,SILVER,25MAR2027,30100000.000000,30,OPTFUT,MCX,50.000000,600,False
572805,SILVER25MAR27297000CE,SILVER,25MAR2027,29700000.000000,30,OPTFUT,MCX,50.000000,600,False
572810,SILVER25MAR27292000CE,SILVER,25MAR2027,29200000.000000,30,OPTFUT,MCX,50.000000,600,False
572813,SILVER25MAR27289000CE,SILVER,25MAR2027,28900000.000000,30,OPTFUT,MCX,50.000000,600,False
572834,SILVER25MAR27334000CE,SILVER,25MAR2027,33400000.000000,30,OPTFUT,MCX,50.000000,600,False
572844,SILVER25MAR27344000CE,SILVER,25MAR2027,34400000.000000,30,OPTFUT,MCX,50.000000,600,False
572874,SILVER28APR27308000CE,SILVER,28APR2027,30800000.000000,30,OPTFUT,MCX,50.000000,600,False
572888,SILVER28APR27294000CE,SILVER,28APR2027,29400000.000000,30,OPTFUT,MCX,50.000000,600,False
572907,SILVER28APR27327000CE,SILVER,28APR2027,32700000.000000,30,OPTFUT,MCX,50.000000,600,False
572921,SILVER28APR27341000CE,SILVER,28APR2027,34100000.000000,30,OPTFUT,MCX,50.000000,600,False
572926,SILVER28APR27346000CE,SILVER,28APR2027,34600000.000000,30,OPTFUT,MCX,50.000000,600,False
572933,SILVER28APR27353000CE,SILVER,28APR2027,35300000.000000,30,OPTFUT,MCX,50.000000,600,False
572939,SILVER28APR27359000CE,SILVER,28APR2027,35900000.000000,30,OPTFUT,MCX,50.000000,600,False
572947,SILVER25MAR27315000PE,SILVER,25MAR2027,31500000.000000,30,OPTFUT,MCX,50.000000,600,False
572970,SILVER25MAR27292000PE,SILVER,25MAR2027,29200000.000000,30,OPTFUT,MCX,50.000000,600,False
572982,SILVER25MAR27322000PE,SILVER,25MAR2027,32200000.000000,30,OPTFUT,MCX,50.000000,600,False
572984,SILVER25MAR27324000PE,SILVER,25MAR2027,32400000.000000,30,OPTFUT,MCX,50.000000,600,False
572985,SILVER25MAR27325000PE,SILVER,25MAR2027,32500000.000000,30,OPTFUT,MCX,50.000000,600,False
572986,SILVER25MAR27326000PE,SILVER,25MAR2027,32600000.000000,30,OPTFUT,MCX,50.000000,600,False
572988,SILVER25MAR27328000PE,SILVER,25MAR2027,32800000.000000,30,OPTFUT,MCX,50.000000,600,False
573009,SILVER25MAR27349000PE,SILVER,25MAR2027,34900000.000000,30,OPTFUT,MCX,50.000000,600,False
573012,SILVER25MAR27352000PE,SILVER,25MAR2027,35200000.000000,30,OPTFUT,MCX,50.000000,600,False
573016,SILVER25MAR27356000PE,SILVER,25MAR2027,35600000.000000,30,OPTFUT,MCX,50.000000,600,False
573020,SILVER25MAR27360000PE,SILVER,25MAR2027,36000000.000000,30,OPTFUT,MCX,50.000000,600,False
573041,SILVER28APR27301000PE,SILVER,28APR2027,30100000.000000,30,OPTFUT,MCX,50.000000,600,False
573049,SILVER28APR27293000PE,SILVER,28APR2027,29300000.000000,30,OPTFUT,MCX,50.000000,600,False
573051,SILVER28APR27291000PE,SILVER,28APR2027,29100000.000000,30,OPTFUT,MCX,50.000000,600,False
573057,SILVER28APR27285000PE,SILVER,28APR2027,28500000.000000,30,OPTFUT,MCX,50.000000,600,False
573082,SILVER28APR27342000PE,SILVER,28APR2027,34200000.000000,30,OPTFUT,MCX,50.000000,600,False
126,CASTOROILCOM,CASTOROIL,,0.000000,1,COMDTY,MCX,10.000000,99999999,False
138,AHMSPTGOLDCOM,AHMSPTGOLD,,0.000000,1000,COMDTY,MCX,5.000000,99999999,False
146,SOYOILAPRCOM,SOYOILAPR,,0.000000,1000,COMDTY,MCX,5.000000,99999999,False
156,LMECOPPSPTCOM,LMECOPPSPT,,0.000000,1000,COMDTY,MCX,5.000000,99999999,False
157,LMENIKLFUTCOM,LMENIKLFUT,,0.000000,250,COMDTY,MCX,5.000000,99999999,False
161,COMXGLDAUGCOM,COMXGLDAUG,,0.000000,1000,COMDTY,MCX,5.000000,99999999,False
184,GRSDSPTJDRCOM,GRSDSPTJDR,,0.000000,5000,COMDTY,MCX,5.000000,99999999,False
193,CASTROILKNCOM,CASTROILKN,,0.000000,1000,COMDTY,MCX,5.000000,99999999,False
199,COMXSLVDECCOM,COMXSLVDEC,,0.000000,30,COMDTY,MCX,5.000000,99999999,False
204,SOYBEANNOVCOM,SOYBEANNOV,,0.000000,1000,COMDTY,MCX,5.000000,99999999,False
211,GUARGUMBNDCOM,GUARGUMBND,,0.000000,5,COMDTY,MCX,100.000000,99999999,False
212,CASHEWKERNCOM,CASHEWKERN,,0.000000,1130,COMDTY,MCX,100.000000,99999999,False
214,RDCHILISPTCOM,RDCHILISPT,,0.000000,1000,COMDTY,MCX,5.000000,99999999,False
218,MAIZESPOTCOM,MAIZESPOT,,0.000000,10000,COMDTY,MCX,5.000000,99999999,False
222,GRSDSPTGNRCOM,GRSDSPTGNR,,0.000000,5000,COMDTY,MCX,5.000000,99999999,False
223,GRSDSPTBKRCOM,GRSDSPTBKR,,0.000000,5000,COMDTY,MCX,5.000000,99999999,False
229,COMXSILMAYCOM,COMXSILMAY,,0.000000,30,COMDTY,MCX,5.000000,99999999,False
236,TURMERICCOM,TURMERIC,,0.000000,10,COMDTY,MCX,10000.000000,99999999,False
243,SGRNUTOMUMCOM,SGRNUTOMUM,,0.000000,1000,COMDTY,MCX,5.000000,99999999,False
255,SCTLNGSMUMCOM,SCTLNGSMUM,,0.000000,26,COMDTY,MCX,5.000000,99999999,False
268,SGUARSDJDPCOM,SGUARSDJDP,,0.000000,5000,COMDTY,MCX,5.000000,99999999,False
274,SSOYMLNDRCOM,SSOYMLNDR,,0.000000,10000,COMDTY,MCX,5.000000,99999999,False
277,DLHSPOTSILCOM,DLHSPOTSIL,,0.000000,30,COMDTY,MCX,5.000000,99999999,False
286,REFSOYAPRCOM,REFSOYAPR,,0.000000,10000,COMDTY,MCX,5.000000,99999999,False
293,SSUGARSMUMCOM,SSUGARSMUM,,0.000000,10000,COMDTY,MCX,100.000000,99999999,False
301,SSRRICEASRCOM,SSRRICEASR,,0.000000,10000,COMDTY,MCX,100.000000,99999999,False
306,MSTURSEEDCOM,MSTURSEED,,0.000000,10000,COMDTY,MCX,5.000000,99999999,False
308,CASTORDISACOM,CASTORDISA,,0.000000,10,COMDTY,MCX,10.000000,99999999,False
309,NYCRDOLJUNCOM,NYCRDOLJUN,,0.000000,100,COMDTY,MCX,100.000000,99999999,False
316,SCOTSSNGRCOM,SCOTSSNGR,,0.000000,24,COMDTY,MCX,5.000000,99999999,False
317,NYCRDOLJULCOM,NYCRDOLJUL,,0.000000,100,COMDTY,MCX,5.000000,99999999,False
322,SGOLDAHMCOM,SGOLDAHM,,0.000000,1,COMDTY,MCX,5.000000,99999999,False
334,NYCRDOLAUGCOM,NYCRDOLAUG,,0.000000,100,COMDTY,MCX,5.000000,99999999,False
344,GOLDDELCOM,GOLDDEL,,0.000000,1,COMDTY,MCX,100.000000,99999999,False
345,GOLDKOLCOM,GOLDKOL,,0.000000,1,COMDTY,MCX,100.000000,99999999,False
346,GOLDMMUMCOM,GOLDMMUM,,0.000000,100,COMDTY,MCX,100.000000,99999999,False
376,POTATOCOM,POTATO,,0.000000,15,COMDTY,MCX,1000.000000,99999999,False
385,COCONUTOILCOM,COCONUTOIL,,0.000000,2,COMDTY,MCX,100.000000,99999999,False
387,SSUNFLRHYDCOM,SSUNFLRHYD,,0.000000,1,COMDTY,MCX,10.000000,99999999,False
391,ARECAJHAJICOM,ARECAJHAJI,,0.000000,1,COMDTY,MCX,100.000000,99999999,False
393,MEDCOTYARNCOM,MEDCOTYARN,,0.000000,3,COMDTY,MCX,50.000000,99999999,False
394,COCONUTCAKCOM,COCONUTCAK,,0.000000,2,COMDTY,MCX,100.000000,99999999,False
402,SNATGASINTCOM,SNATGASINT,,0.000000,500,COMDTY,MCX,10.000000,99999999,False
406,POTATOTRWRCOM,POTATOTRWR,,0.000000,30,COMDTY,MCX,1000.000000,99999999,False
410,SUGARSKLPCOM,SUGARSKLP,,0.000000,10,COMDTY,MCX,100.000000,99999999,False
428,CERCOM,CER,,0.000000,250,COMDTY,MCX,5000.000000,99999999,False
445,ELECTMTHCOM,ELECTMTH,,0.000000,24,COMDTY,MCX,10000.000000,99999999,False
467,ALMONDCOM,ALMOND,,0.000000,500,COMDTY,MCX,2500.000000,99999999,False
479,SGUARSDBKNCOM,SGUARSDBKN,,0.000000,10000,COMDTY,MCX,100.000000,99999999,False
503,SZNMININTCOM,SZNMININT,,0.000000,1,COMDTY,MCX,5.000000,99999999,False
509,SSUGARMKOLCOM,SSUGARMKOL,,0.000000,10,COMDTY,MCX,100.000000,99999999,False
513461,GOLD30OCT26166000CE,GOLD,30OCT2026,16600000.000000,1,OPTFUT,MCX,50.000000,100,False
513799,GOLD27NOV26166000PE,GOLD,27NOV2026,16600000.000000,1,OPTFUT,MCX,50.000000,100,False
521,SALUMININTCOM,SALUMININT,,0.000000,1,COMDTY,MCX,5.000000,99999999,False
538,SCOPMINTCOM,SCOPMINT,,0.000000,250,COMDTY,MCX,5.000000,99999999,False
547,SSIL1000DLCOM,SSIL1000DL,,0.000000,1,COMDTY,MCX,100.000000,99999999,False
552718,KAPAS26FEB27FUT,KAPAS,26FEB2027,0.000000,4,FUTCOM,MCX,50.000000,200,False
556,CRUDEOILMCOM,CRUDEOILM,,0.000000,10,COMDTY,MCX,100.000000,99999999,False
554814,SILVER27OCT26283000CE,SILVER,27OCT2026,28300000.000000,30,OPTFUT,MCX,50.000000,600,False
555134,SILVER27NOV26283000PE,SILVER,27NOV2026,28300000.000000,30,OPTFUT,MCX,50.000000,600,False
555602,SILVERM23NOV26285000PE,SILVERM,23NOV2026,28500000.000000,5,OPTFUT,MCX,50.000000,600,False
556426,GOLD25SEP26162500CE,GOLD,25SEP2026,16250000.000000,1,OPTFUT,MCX,50.000000,100,False
556438,GOLD25SEP26156500CE,GOLD,25SEP2026,15650000.000000,1,OPTFUT,MCX,50.000000,100,False
556447,GOLD25SEP26152000CE,GOLD,25SEP2026,15200000.000000,1,OPTFUT,MCX,50.000000,100,False
556458,GOLD25SEP26146500CE,GOLD,25SEP2026,14650000.000000,1,OPTFUT,MCX,50.000000,100,False
556464,GOLD25SEP26143500CE,GOLD,25SEP2026,14350000.000000,1,OPTFUT,MCX,50.000000,100,False
556480,GOLD25SEP26166500CE,GOLD,25SEP2026,16650000.000000,1,OPTFUT,MCX,50.000000,100,False
556482,GOLD25SEP26167500CE,GOLD,25SEP2026,16750000.000000,1,OPTFUT,MCX,50.000000,100,False
556488,GOLD25SEP26170500CE,GOLD,25SEP2026,17050000.000000,1,OPTFUT,MCX,50.000000,100,False
556501,GOLD25SEP26177000CE,GOLD,25SEP2026,17700000.000000,1,OPTFUT,MCX,50.000000,100,False
556502,GOLD25SEP26177500CE,GOLD,25SEP2026,17750000.000000,1,OPTFUT,MCX,50.000000,100,False
556509,GOLD25SEP26181000CE,GOLD,25SEP2026,18100000.000000,1,OPTFUT,MCX,50.000000,100,False
556510,GOLD25SEP26181500CE,GOLD,25SEP2026,18150000.000000,1,OPTFUT,MCX,50.000000,100,False
556521,GOLD25SEP26187000CE,GOLD,25SEP2026,18700000.000000,1,OPTFUT,MCX,50.000000,100,False
556525,GOLD30OCT26165500CE,GOLD,30OCT2026,16550000.000000,1,OPTFUT,MCX,50.000000,100,False
556532,GOLD30OCT26162000CE,GOLD,30OCT2026,16200000.000000,1,OPTFUT,MCX,50.000000,100,False
556555,GOLD30OCT26150500CE,GOLD,30OCT2026,15050000.000000,1,OPTFUT,MCX,50.000000,100,False
556559,GOLD30OCT26148500CE,GOLD,30OCT2026,14850000.000000,1,OPTFUT,MCX,50.000000,100,False
556582,GOLD30OCT26170000CE,GOLD,30OCT2026,17000000.000000,1,OPTFUT,MCX,50.000000,100,False
556583,GOLD30OCT26170500CE,GOLD,30OCT2026,17050000.000000,1,OPTFUT,MCX,50.000000,100,False
556587,GOLD30OCT26172500CE,GOLD,30OCT2026,17250000.000000,1,OPTFUT,MCX,50.000000,100,False
556588,GOLD30OCT26173000CE,GOLD,30OCT2026,17300000.000000,1,OPTFUT,MCX,50.000000,100,False
556590,GOLD30OCT26174000CE,GOLD,30OCT2026,17400000.000000,1,OPTFUT,MCX,50.000000,100,False
556601,GOLD30OCT26179500CE,GOLD,30OCT2026,17950000.000000,1,OPTFUT,MCX,50.000000,100,False
556602,GOLD30OCT26180000CE,GOLD,30OCT2026,18000000.000000,1,OPTFUT,MCX,50.000000,100,False
556603,GOLD30OCT26180500CE,GOLD,30OCT2026,18050000.000000,1,OPTFUT,MCX,50.000000,100,False
556615,GOLD30OCT26186500CE,GOLD,30OCT2026,18650000.000000,1,OPTFUT,MCX,50.000000,100,False
556617,GOLD30OCT26187500CE,GOLD,30OCT2026,18750000.000000,1,OPTFUT,MCX,50.000000,100,False
556629,GOLD27NOV26163500CE,GOLD,27NOV2026,16350000.000000,1,OPTFUT,MCX,50.000000,100,False
556637,GOLD27NOV26159500CE,GOLD,27NOV2026,15950000.000000,1,OPTFUT,MCX,50.000000,100,False
556642,GOLD27NOV26157000CE,GOLD,27NOV2026,15700000.000000,1,OPTFUT,MCX,50.000000,100,False
556649,GOLD27NOV26153500CE,GOLD,27NOV2026,15350000.000000,1,OPTFUT,MCX,50.000000,100,False
556655,GOLD27NOV26150500CE,GOLD,27NOV2026,15050000.000000,1,OPTFUT,MCX,50.000000,100,False
556671,GOLD27NOV26142500CE,GOLD,27NOV2026,14250000.000000,1,OPTFUT,MCX,50.000000,100,False
556681,GOLD27NOV26169500CE,GOLD,27NOV2026,16950000.000000,1,OPTFUT,MCX,50.000000,100,False
556688,GOLD27NOV26173000CE,GOLD,27NOV2026,17300000.000000,1,OPTFUT,MCX,50.000000,100,False
556702,GOLD27NOV26180000CE,GOLD,27NOV2026,18000000.000000,1,OPTFUT,MCX,50.000000,100,False
557025,GOLD25SEP26163000PE,GOLD,25SEP2026,16300000.000000,1,OPTFUT,MCX,50.000000,100,False
557029,GOLD25SEP26161000PE,GOLD,25SEP2026,16100000.000000,1,OPTFUT,MCX,50.000000,100,False
557038,GOLD25SEP26156500PE,GOLD,25SEP2026,15650000.000000,1,OPTFUT,MCX,50.000000,100,False
557045,GOLD25SEP26153000PE,GOLD,25SEP2026,15300000.000000,1,OPTFUT,MCX,50.000000,100,False
557061,GOLD25SEP26145000PE,GOLD,25SEP2026,14500000.000000,1,OPTFUT,MCX,50.000000,100,False
557067,GOLD25SEP26142000PE,GOLD,25SEP2026,14200000.000000,1,OPTFUT,MCX,50.000000,100,False
557072,GOLD25SEP26139500PE,GOLD,25SEP2026,13950000.000000,1,OPTFUT,MCX,50.000000,100,False
557092,GOLD25SEP26172500PE,GOLD,25SEP2026,17250000.000000,1,OPTFUT,MCX,50.000000,100,False
557107,GOLD25SEP26180000PE,GOLD,25SEP2026,18000000.000000,1,OPTFUT,MCX,50.000000,100,False
557112,GOLD25SEP26182500PE,GOLD,25SEP2026,18250000.000000,1,OPTFUT,MCX,50.000000,100,False
557119,GOLD25SEP26186000PE,GOLD,25SEP2026,18600000.000000,1,OPTFUT,MCX,50.000000,100,False
557121,GOLD25SEP26187000PE,GOLD,25SEP2026,18700000.000000,1,OPTFUT,MCX,50.000000,100,False
557141,GOLD30OCT26157500PE,GOLD,30OCT2026,15750000.000000,1,OPTFUT,MCX,50.000000,100,False
557143,GOLD30OCT26156500PE,GOLD,30OCT2026,15650000.000000,1,OPTFUT,MCX,50.000000,100,False
557151,GOLD30OCT26152500PE,GOLD,30OCT2026,15250000.000000,1,OPTFUT,MCX,50.000000,100,False
557157,GOLD30OCT26149500PE,GOLD,30OCT2026,14950000.000000,1,OPTFUT,MCX,50.000000,100,False
557158,GOLD30OCT26149000PE,GOLD,30OCT2026,14900000.000000,1,OPTFUT,MCX,50.000000,100,False
557166,GOLD30OCT26145000PE,GOLD,30OCT2026,14500000.000000,1,OPTFUT,MCX,50.000000,100,False
557167,GOLD30OCT26144500PE,GOLD,30OCT2026,14450000.000000,1,OPTFUT,MCX,50.000000,100,False
557174,GOLD30OCT26141000PE,GOLD,30OCT2026,14100000.000000,1,OPTFUT,MCX,50.000000,100,False
557183,GOLD30OCT26170500PE,GOLD,30OCT2026,17050000.000000,1,OPTFUT,MCX,50.000000,100,False
557187,GOLD30OCT26172500PE,GOLD,30OCT2026,17250000.000000,1,OPTFUT,MCX,50.000000,100,False
557194,GOLD30OCT26176000PE,GOLD,30OCT2026,17600000.000000,1,OPTFUT,MCX,50.000000,100,False
557195,GOLD30OCT26176500PE,GOLD,30OCT2026,17650000.000000,1,OPTFUT,MCX,50.000000,100,False
557206,GOLD30OCT26182000PE,GOLD,30OCT2026,18200000.000000,1,OPTFUT,MCX,50.000000,100,False
557223,GOLD30OCT26190500PE,GOLD,30OCT2026,19050000.000000,1,OPTFUT,MCX,50.000000,100,False
557226,GOLD27NOV26165000PE,GOLD,27NOV2026,16500000.000000,1,OPTFUT,MCX,50.000000,100,False
557237,GOLD27NOV26159500PE,GOLD,27NOV2026,15950000.000000,1,OPTFUT,MCX,50.000000,100,False
557252,GOLD27NOV26152000PE,GOLD,27NOV2026,15200000.000000,1,OPTFUT,MCX,50.000000,100,False
557257,GOLD27NOV26149500PE,GOLD,27NOV2026,14950000.000000,1,OPTFUT,MCX,50.000000,100,False
557285,GOLD27NOV26171500PE,GOLD,27NOV2026,17150000.000000,1,OPTFUT,MCX,50.000000,100,False
557291,GOLD27NOV26174500PE,GOLD,27NOV2026,17450000.000000,1,OPTFUT,MCX,50.000000,100,False
557292,GOLD27NOV26175000PE,GOLD,27NOV2026,17500000.000000,1,OPTFUT,MCX,50.000000,100,False
557311,GOLD27NOV26184500PE,GOLD,27NOV2026,18450000.000000,1,OPTFUT,MCX,50.000000,100,False
557322,GOLD27NOV26190000PE,GOLD,27NOV2026,19000000.000000,1,OPTFUT,MCX,50.000000,100,False
557581,SILVER24SEP26280000CE,SILVER,24SEP2026,28000000.000000,30,OPTFUT,MCX,50.000000,600,False
557584,SILVER24SEP26277000CE,SILVER,24SEP2026,27700000.000000,30,OPTFUT,MCX,50.000000,600,False
557586,SILVER24SEP26275000CE,SILVER,24SEP2026,27500000.000000,30,OPTFUT,MCX,50.000000,600,False
557587,SILVER24SEP26274000CE,SILVER,24SEP2026,27400000.000000,30,OPTFUT,MCX,50.000000,600,False
557602,SILVER24SEP26259000CE,SILVER,24SEP2026,25900000.000000,30,OPTFUT,MCX,50.000000,600,False
557607,SILVER24SEP26254000CE,SILVER,24SEP2026,25400000.000000,30,OPTFUT,MCX,50.000000,600,False
557614,SILVER24SEP26247000CE,SILVER,24SEP2026,24700000.000000,30,OPTFUT,MCX,50.000000,600,False
557617,SILVER24SEP26244000CE,SILVER,24SEP2026,24400000.000000,30,OPTFUT,MCX,50.000000,600,False
557629,SILVER24SEP26294000CE,SILVER,24SEP2026,29400000.000000,30,OPTFUT,MCX,50.000000,600,False
557630,SILVER24SEP26295000CE,SILVER,24SEP2026,29500000.000000,30,OPTFUT,MCX,50.000000,600,False
557638,SILVER24SEP26303000CE,SILVER,24SEP2026,30300000.000000,30,OPTFUT,MCX,50.000000,600,False
557644,SILVER24SEP26309000CE,SILVER,24SEP2026,30900000.000000,30,OPTFUT,MCX,50.000000,600,False
557653,SILVER24SEP26318000CE,SILVER,24SEP2026,31800000.000000,30,OPTFUT,MCX,50.000000,600,False
557658,SILVER24SEP26323000CE,SILVER,24SEP2026,32300000.000000,30,OPTFUT,MCX,50.000000,600,False
557660,SILVER27OCT26281000CE,SILVER,27OCT2026,28100000.000000,30,OPTFUT,MCX,50.000000,600,False
557675,SILVER27OCT26266000CE,SILVER,27OCT2026,26600000.000000,30,OPTFUT,MCX,50.000000,600,False
557694,SILVER27OCT26247000CE,SILVER,27OCT2026,24700000.000000,30,OPTFUT,MCX,50.000000,600,False
557699,SILVER27OCT26284000CE,SILVER,27OCT2026,28400000.000000,30,OPTFUT,MCX,50.000000,600,False
557700,SILVER27OCT26285000CE,SILVER,27OCT2026,28500000.000000,30,OPTFUT,MCX,50.000000,600,False
557713,SILVER27OCT26298000CE,SILVER,27OCT2026,29800000.000000,30,OPTFUT,MCX,50.000000,600,False
557715,SILVER27OCT26300000CE,SILVER,27OCT2026,30000000.000000,30,OPTFUT,MCX,50.000000,600,False
557729,SILVER27OCT26314000CE,SILVER,27OCT2026,31400000.000000,30,OPTFUT,MCX,50.000000,600,False
557730,SILVER27OCT26315000CE,SILVER,27OCT2026,31500000.000000,30,OPTFUT,MCX,50.000000,600,False
557737,SILVER27OCT26322000CE,SILVER,27OCT2026,32200000.000000,30,OPTFUT,MCX,50.000000,600,False
557740,SILVER27NOV26281000CE,SILVER,27NOV2026,28100000.000000,30,OPTFUT,MCX,50.000000,600,False
557742,SILVER27NOV26279000CE,SILVER,27NOV2026,27900000.000000,30,OPTFUT,MCX,50.000000,600,False
557778,SILVER27NOV26243000CE,SILVER,27NOV2026,24300000.000000,30,OPTFUT,MCX,50.000000,600,False
557791,SILVER27NOV26296000CE,SILVER,27NOV2026,29600000.000000,30,OPTFUT,MCX,50.000000,600,False
557815,SILVER27NOV26320000CE,SILVER,27NOV2026,32000000.000000,30,OPTFUT,MCX,50.000000,600,False
557817,SILVER27NOV26322000CE,SILVER,27NOV2026,32200000.000000,30,OPTFUT,MCX,50.000000,600,False
558064,SILVER24SEP26277000PE,SILVER,24SEP2026,27700000.000000,30,OPTFUT,MCX,50.000000,600,False
558066,SILVER24SEP26275000PE,SILVER,24SEP2026,27500000.000000,30,OPTFUT,MCX,50.000000,600,False
558071,SILVER24SEP26270000PE,SILVER,24SEP2026,27000000.000000,30,OPTFUT,MCX,50.000000,600,False
558075,SILVER24SEP26266000PE,SILVER,24SEP2026,26600000.000000,30,OPTFUT,MCX,50.000000,600,False
558077,SILVER24SEP26264000PE,SILVER,24SEP2026,26400000.000000,30,OPTFUT,MCX,50.000000,600,False
558079,SILVER24SEP26262000PE,SILVER,24SEP2026,26200000.000000,30,OPTFUT,MCX,50.000000,600,False
558091,SILVER24SEP26250000PE,SILVER,24SEP2026,25000000.000000,30,OPTFUT,MCX,50.000000,600,False
558093,SILVER24SEP26248000PE,SILVER,24SEP2026,24800000.000000,30,OPTFUT,MCX,50.000000,600,False
558112,SILVER24SEP26297000PE,SILVER,24SEP2026,29700000.000000,30,OPTFUT,MCX,50.000000,600,False
558121,SILVER24SEP26306000PE,SILVER,24SEP2026,30600000.000000,30,OPTFUT,MCX,50.000000,600,False
558132,SILVER24SEP26317000PE,SILVER,24SEP2026,31700000.000000,30,OPTFUT,MCX,50.000000,600,False
558140,SILVER27OCT26281000PE,SILVER,27OCT2026,28100000.000000,30,OPTFUT,MCX,50.000000,600,False
558167,SILVER27OCT26254000PE,SILVER,27OCT2026,25400000.000000,30,OPTFUT,MCX,50.000000,600,False
558174,SILVER27OCT26247000PE,SILVER,27OCT2026,24700000.000000,30,OPTFUT,MCX,50.000000,600,False
558197,SILVER27OCT26302000PE,SILVER,27OCT2026,30200000.000000,30,OPTFUT,MCX,50.000000,600,False
558204,SILVER27OCT26309000PE,SILVER,27OCT2026,30900000.000000,30,OPTFUT,MCX,50.000000,600,False
558209,SILVER27OCT26314000PE,SILVER,27OCT2026,31400000.000000,30,OPTFUT,MCX,50.000000,600,False
558224,SILVER27NOV26277000PE,SILVER,27NOV2026,27700000.000000,30,OPTFUT,MCX,50.000000,600,False
558230,SILVER27NOV26271000PE,SILVER,27NOV2026,27100000.000000,30,OPTFUT,MCX,50.000000,600,False
558231,SILVER27NOV26270000PE,SILVER,27NOV2026,27000000.000000,30,OPTFUT,MCX,50.000000,600,False
558241,SILVER27NOV26260000PE,SILVER,27NOV2026,26000000.000000,30,OPTFUT,MCX,50.000000,600,False
558245,SILVER27NOV26256000PE,SILVER,27NOV2026,25600000.000000,30,OPTFUT,MCX,50.000000,600,False
558261,SILVER27NOV26286000PE,SILVER,27NOV2026,28600000.000000,30,OPTFUT,MCX,50.000000,600,False
558263,SILVER27NOV26288000PE,SILVER,27NOV2026,28800000.000000,30,OPTFUT,MCX,50.000000,600,False
558266,SILVER27NOV26291000PE,SILVER,27NOV2026,29100000.000000,30,OPTFUT,MCX,50.000000,600,False
558274,SILVER27NOV26299000PE,SILVER,27NOV2026,29900000.000000,30,OPTFUT,MCX,50.000000,600,False
558276,SILVER27NOV26301000PE,SILVER,27NOV2026,30100000.000000,30,OPTFUT,MCX,50.000000,600,False
558279,SILVER27NOV26304000PE,SILVER,27NOV2026,30400000.000000,30,OPTFUT,MCX,50.000000,600,False
558282,SILVER27NOV26307000PE,SILVER,27NOV2026,30700000.000000,30,OPTFUT,MCX,50.000000,600,False
558294,SILVER27NOV26319000PE,SILVER,27NOV2026,31900000.000000,30,OPTFUT,MCX,50.000000,600,False
558297,SILVER27NOV26322000PE,SILVER,27NOV2026,32200000.000000,30,OPTFUT,MCX,50.000000,600,False
558546,SILVERM24SEP26277000CE,SILVERM,24SEP2026,27700000.000000,5,OPTFUT,MCX,50.000000,600,False
558555,SILVERM24SEP26268000CE,SILVERM,24SEP2026,26800000.000000,5,OPTFUT,MCX,50.000000,600,False
558556,SILVERM24SEP26267000CE,SILVERM,24SEP2026,26700000.000000,5,OPTFUT,MCX,50.000000,600,False
558560,SILVERM24SEP26263000CE,SILVERM,24SEP2026,26300000.000000,5,OPTFUT,MCX,50.000000,600,False
558567,SILVERM24SEP26256000CE,SILVERM,24SEP2026,25600000.000000,5,OPTFUT,MCX,50.000000,600,False
558576,SILVERM24SEP26247000CE,SILVERM,24SEP2026,24700000.000000,5,OPTFUT,MCX,50.000000,600,False
558579,SILVERM24SEP26286000CE,SILVERM,24SEP2026,28600000.000000,5,OPTFUT,MCX,50.000000,600,False
558604,SILVERM24SEP26311000CE,SILVERM,24SEP2026,31100000.000000,5,OPTFUT,MCX,50.000000,600,False
558614,SILVERM24SEP26321000CE,SILVERM,24SEP2026,32100000.000000,5,OPTFUT,MCX,50.000000,600,False
558632,SILVERM27OCT26271000CE,SILVERM,27OCT2026,27100000.000000,5,OPTFUT,MCX,50.000000,600,False
558644,SILVERM27OCT26259000CE,SILVERM,27OCT2026,25900000.000000,5,OPTFUT,MCX,50.000000,600,False
558656,SILVERM27OCT26247000CE,SILVERM,27OCT2026,24700000.000000,5,OPTFUT,MCX,50.000000,600,False
558666,SILVERM27OCT26293000CE,SILVERM,27OCT2026,29300000.000000,5,OPTFUT,MCX,50.000000,600,False
558679,SILVERM27OCT26306000CE,SILVERM,27OCT2026,30600000.000000,5,OPTFUT,MCX,50.000000,600,False
558690,SILVERM27OCT26317000CE,SILVERM,27OCT2026,31700000.000000,5,OPTFUT,MCX,50.000000,600,False
558701,SILVERM23NOV26282000CE,SILVERM,23NOV2026,28200000.000000,5,OPTFUT,MCX,50.000000,600,False
558711,SILVERM23NOV26272000CE,SILVERM,23NOV2026,27200000.000000,5,OPTFUT,MCX,50.000000,600,False
558714,SILVERM23NOV26269000CE,SILVERM,23NOV2026,26900000.000000,5,OPTFUT,MCX,50.000000,600,False
558715,SILVERM23NOV26268000CE,SILVERM,23NOV2026,26800000.000000,5,OPTFUT,MCX,50.000000,600,False
558721,SILVERM23NOV26262000CE,SILVERM,23NOV2026,26200000.000000,5,OPTFUT,MCX,50.000000,600,False
558723,SILVERM23NOV26260000CE,SILVERM,23NOV2026,26000000.000000,5,OPTFUT,MCX,50.000000,600,False
558726,SILVERM23NOV26257000CE,SILVERM,23NOV2026,25700000.000000,5,OPTFUT,MCX,50.000000,600,False
558746,SILVERM23NOV26293000CE,SILVERM,23NOV2026,29300000.000000,5,OPTFUT,MCX,50.000000,600,False
558747,SILVERM23NOV26294000CE,SILVERM,23NOV2026,29400000.000000,5,OPTFUT,MCX,50.000000,600,False
558750,SILVERM23NOV26297000CE,SILVERM,23NOV2026,29700000.000000,5,OPTFUT,MCX,50.000000,600,False
558757,SILVERM23NOV26304000CE,SILVERM,23NOV2026,30400000.000000,5,OPTFUT,MCX,50.000000,600,False
558759,SILVERM23NOV26306000CE,SILVERM,23NOV2026,30600000.000000,5,OPTFUT,MCX,50.000000,600,False
558776,SILVERM23NOV26323000CE,SILVERM,23NOV2026,32300000.000000,5,OPTFUT,MCX,50.000000,600,False
559034,SILVERM24SEP26269000PE,SILVERM,24SEP2026,26900000.000000,5,OPTFUT,MCX,50.000000,600,False
559048,SILVERM24SEP26255000PE,SILVERM,24SEP2026,25500000.000000,5,OPTFUT,MCX,50.000000,600,False
559066,SILVERM24SEP26293000PE,SILVERM,24SEP2026,29300000.000000,5,OPTFUT,MCX,50.000000,600,False
559068,SILVERM24SEP26295000PE,SILVERM,24SEP2026,29500000.000000,5,OPTFUT,MCX,50.000000,600,False
559082,SILVERM24SEP26309000PE,SILVERM,24SEP2026,30900000.000000,5,OPTFUT,MCX,50.000000,600,False
559098,SILVERM24SEP26325000PE,SILVERM,24SEP2026,32500000.000000,5,OPTFUT,MCX,50.000000,600,False
559105,SILVERM27OCT26278000PE,SILVERM,27OCT2026,27800000.000000,5,OPTFUT,MCX,50.000000,600,False
559115,SILVERM27OCT26268000PE,SILVERM,27OCT2026,26800000.000000,5,OPTFUT,MCX,50.000000,600,False
559118,SILVERM27OCT26265000PE,SILVERM,27OCT2026,26500000.000000,5,OPTFUT,MCX,50.000000,600,False
559145,SILVERM27OCT26292000PE,SILVERM,27OCT2026,29200000.000000,5,OPTFUT,MCX,50.000000,600,False
559146,SILVERM27OCT26293000PE,SILVERM,27OCT2026,29300000.000000,5,OPTFUT,MCX,50.000000,600,False
559149,SILVERM27OCT26296000PE,SILVERM,27OCT2026,29600000.000000,5,OPTFUT,MCX,50.000000,600,False
559151,SILVERM27OCT26298000PE,SILVERM,27OCT2026,29800000.000000,5,OPTFUT,MCX,50.000000,600,False
559176,SILVERM27OCT26323000PE,SILVERM,27OCT2026,32300000.000000,5,OPTFUT,MCX,50.000000,600,False
559189,SILVERM23NOV26274000PE,SILVERM,23NOV2026,27400000.000000,5,OPTFUT,MCX,50.000000,600,False
559201,SILVERM23NOV26262000PE,SILVERM,23NOV2026,26200000.000000,5,OPTFUT,MCX,50.000000,600,False
559203,SILVERM23NOV26260000PE,SILVERM,23NOV2026,26000000.000000,5,OPTFUT,MCX,50.000000,600,False
559204,SILVERM23NOV26259000PE,SILVERM,23NOV2026,25900000.000000,5,OPTFUT,MCX,50.000000,600,False
559206,SILVERM23NOV26257000PE,SILVERM,23NOV2026,25700000.000000,5,OPTFUT,MCX,50.000000,600,False
559215,SILVERM23NOV26248000PE,SILVERM,23NOV2026,24800000.000000,5,OPTFUT,MCX,50.000000,600,False
559220,SILVERM23NOV26287000PE,SILVERM,23NOV2026,28700000.000000,5,OPTFUT,MCX,50.000000,600,False
559231,SILVERM23NOV26298000PE,SILVERM,23NOV2026,29800000.000000,5,OPTFUT,MCX,50.000000,600,False
559250,SILVERM23NOV26317000PE,SILVERM,23NOV2026,31700000.000000,5,OPTFUT,MCX,50.000000,600,False
559251,SILVERM23NOV26318000PE,SILVERM,23NOV2026,31800000.000000,5,OPTFUT,MCX,50.000000,600,False
559256,SILVERM23NOV26323000PE,SILVERM,23NOV2026,32300000.000000,5,OPTFUT,MCX,50.000000,600,False
559295,GOLD30OCT26194500CE,GOLD,30OCT2026,19450000.000000,1,OPTFUT,MCX,50.000000,100,False
559299,GOLD27NOV26193000CE,GOLD,27NOV2026,19300000.000000,1,OPTFUT,MCX,50.000000,100,False
559324,GOLD25SEP26189000PE,GOLD,25SEP2026,18900000.000000,1,OPTFUT,MCX,50.000000,100,False
559343,GOLD27NOV26194000PE,GOLD,27NOV2026,19400000.000000,1,OPTFUT,MCX,50.000000,100,False
559456,SILVER24SEP26324000CE,SILVER,24SEP2026,32400000.000000,30,OPTFUT,MCX,50.000000,600,False
559478,SILVER27OCT26332000CE,SILVER,27OCT2026,33200000.000000,30,OPTFUT,MCX,50.000000,600,False
559479,SILVER27OCT26333000CE,SILVER,27OCT2026,33300000.000000,30,OPTFUT,MCX,50.000000,600,False
559485,SILVER27NOV26325000CE,SILVER,27NOV2026,32500000.000000,30,OPTFUT,MCX,50.000000,600,False
559487,SILVER27NOV26327000CE,SILVER,27NOV2026,32700000.000000,30,OPTFUT,MCX,50.000000,600,False
559497,SILVER27NOV26337000CE,SILVER,27NOV2026,33700000.000000,30,OPTFUT,MCX,50.000000,600,False
559542,SILVER24SEP26327000PE,SILVER,24SEP2026,32700000.000000,30,OPTFUT,MCX,50.000000,600,False
559554,SILVER27OCT26325000PE,SILVER,27OCT2026,32500000.000000,30,OPTFUT,MCX,50.000000,600,False
559568,SILVER27NOV26325000PE,SILVER,27NOV2026,32500000.000000,30,OPTFUT,MCX,50.000000,600,False
559577,SILVER27NOV26334000PE,SILVER,27NOV2026,33400000.000000,30,OPTFUT,MCX,50.000000,600,False
559626,SILVERM24SEP26332000CE,SILVERM,24SEP2026,33200000.000000,5,OPTFUT,MCX,50.000000,600,False
559628,SILVERM24SEP26334000CE,SILVERM,24SEP2026,33400000.000000,5,OPTFUT,MCX,50.000000,600,False
559638,SILVERM27OCT26332000CE,SILVERM,27OCT2026,33200000.000000,5,OPTFUT,MCX,50.000000,600,False
559641,SILVERM27OCT26335000CE,SILVERM,27OCT2026,33500000.000000,5,OPTFUT,MCX,50.000000,600,False
559698,SILVERM24SEP26329000PE,SILVERM,24SEP2026,32900000.000000,5,OPTFUT,MCX,50.000000,600,False
559713,SILVERM27OCT26332000PE,SILVERM,27OCT2026,33200000.000000,5,OPTFUT,MCX,50.000000,600,False
559730,SILVERM23NOV26337000PE,SILVERM,23NOV2026,33700000.000000,5,OPTFUT,MCX,50.000000,600,False
559808,GOLD25SEP26192500PE,GOLD,25SEP2026,19250000.000000,1,OPTFUT,MCX,50.000000,100,False
559834,SILVERM27OCT26339000PE,SILVERM,27OCT2026,33900000.000000,5,OPTFUT,MCX,50.000000,600,False
559874,SILVER27NOV26239000CE,SILVER,27NOV2026,23900000.000000,30,OPTFUT,MCX,50.000000,600,False
559896,SILVER24SEP26238000PE,SILVER,24SEP2026,23800000.000000,30,OPTFUT,MCX,50.000000,600,False
559899,SILVER27OCT26240000PE,SILVER,27OCT2026,24000000.000000,30,OPTFUT,MCX,50.000000,600,False
559902,SILVER27NOV26242000PE,SILVER,27NOV2026,24200000.000000,30,OPTFUT,MCX,50.000000,600,False
559954,GOLD31DEC26167000CE,GOLD,31DEC2026,16700000.000000,1,OPTFUT,MCX,50.000000,100,False
559970,GOLD31DEC26159000CE,GOLD,31DEC2026,15900000.000000,1,OPTFUT,MCX,50.000000,100,False
559971,GOLD31DEC26158500CE,GOLD,31DEC2026,15850000.000000,1,OPTFUT,MCX,50.000000,100,False
559972,GOLD31DEC26158000CE,GOLD,31DEC2026,15800000.000000,1,OPTFUT,MCX,50.000000,100,False
559983,GOLD31DEC26152500CE,GOLD,31DEC2026,15250000.000000,1,OPTFUT,MCX,50.000000,100,False
559984,GOLD31DEC26152000CE,GOLD,31DEC2026,15200000.000000,1,OPTFUT,MCX,50.000000,100,False
559988,GOLD31DEC26150000CE,GOLD,31DEC2026,15000000.000000,1,OPTFUT,MCX,50.000000,100,False
559994,GOLD31DEC26147000CE,GOLD,31DEC2026,14700000.000000,1,OPTFUT,MCX,50.000000,100,False
559995,GOLD31DEC26146500CE,GOLD,31DEC2026,14650000.000000,1,OPTFUT,MCX,50.000000,100,False
560000,GOLD31DEC26144000CE,GOLD,31DEC2026,14400000.000000,1,OPTFUT,MCX,50.000000,100,False
560003,GOLD31DEC26170500CE,GOLD,31DEC2026,17050000.000000,1,OPTFUT,MCX,50.000000,100,False
560007,GOLD31DEC26172500CE,GOLD,31DEC2026,17250000.000000,1,OPTFUT,MCX,50.000000,100,False
560051,GOLD29JAN27168500CE,GOLD,29JAN2027,16850000.000000,1,OPTFUT,MCX,50.000000,100,False
560052,GOLD29JAN27168000CE,GOLD,29JAN2027,16800000.000000,1,OPTFUT,MCX,50.000000,100,False
560057,GOLD29JAN27165500CE,GOLD,29JAN2027,16550000.000000,1,OPTFUT,MCX,50.000000,100,False
560060,GOLD29JAN27164000CE,GOLD,29JAN2027,16400000.000000,1,OPTFUT,MCX,50.000000,100,False
560063,GOLD29JAN27162500CE,GOLD,29JAN2027,16250000.000000,1,OPTFUT,MCX,50.000000,100,False
560065,GOLD29JAN27161500CE,GOLD,29JAN2027,16150000.000000,1,OPTFUT,MCX,50.000000,100,False
560066,GOLD29JAN27161000CE,GOLD,29JAN2027,16100000.000000,1,OPTFUT,MCX,50.000000,100,False
560077,GOLD29JAN27155500CE,GOLD,29JAN2027,15550000.000000,1,OPTFUT,MCX,50.000000,100,False
560085,GOLD29JAN27151500CE,GOLD,29JAN2027,15150000.000000,1,OPTFUT,MCX,50.000000,100,False
560092,GOLD29JAN27148000CE,GOLD,29JAN2027,14800000.000000,1,OPTFUT,MCX,50.000000,100,False
560099,GOLD29JAN27144500CE,GOLD,29JAN2027,14450000.000000,1,OPTFUT,MCX,50.000000,100,False
560116,GOLD29JAN27177000CE,GOLD,29JAN2027,17700000.000000,1,OPTFUT,MCX,50.000000,100,False
560129,GOLD29JAN27183500CE,GOLD,29JAN2027,18350000.000000,1,OPTFUT,MCX,50.000000,100,False
560136,GOLD29JAN27187000CE,GOLD,29JAN2027,18700000.000000,1,OPTFUT,MCX,50.000000,100,False
560150,GOLD29JAN27194000CE,GOLD,29JAN2027,19400000.000000,1,OPTFUT,MCX,50.000000,100,False
560155,GOLD31DEC26166500PE,GOLD,31DEC2026,16650000.000000,1,OPTFUT,MCX,50.000000,100,False
560162,GOLD31DEC26163000PE,GOLD,31DEC2026,16300000.000000,1,OPTFUT,MCX,50.000000,100,False
560185,GOLD31DEC26151500PE,GOLD,31DEC2026,15150000.000000,1,OPTFUT,MCX,50.000000,100,False
560188,GOLD31DEC26150000PE,GOLD,31DEC2026,15000000.000000,1,OPTFUT,MCX,50.000000,100,False
560191,GOLD31DEC26148500PE,GOLD,31DEC2026,14850000.000000,1,OPTFUT,MCX,50.000000,100,False
560210,GOLD31DEC26174000PE,GOLD,31DEC2026,17400000.000000,1,OPTFUT,MCX,50.000000,100,False
560213,GOLD31DEC26175500PE,GOLD,31DEC2026,17550000.000000,1,OPTFUT,MCX,50.000000,100,False
560229,GOLD31DEC26183500PE,GOLD,31DEC2026,18350000.000000,1,OPTFUT,MCX,50.000000,100,False
560237,GOLD31DEC26187500PE,GOLD,31DEC2026,18750000.000000,1,OPTFUT,MCX,50.000000,100,False
560239,GOLD31DEC26188500PE,GOLD,31DEC2026,18850000.000000,1,OPTFUT,MCX,50.000000,100,False
560245,GOLD31DEC26191500PE,GOLD,31DEC2026,19150000.000000,1,OPTFUT,MCX,50.000000,100,False
560254,GOLD29JAN27167000PE,GOLD,29JAN2027,16700000.000000,1,OPTFUT,MCX,50.000000,100,False
560262,GOLD29JAN27163000PE,GOLD,29JAN2027,16300000.000000,1,OPTFUT,MCX,50.000000,100,False
560263,GOLD29JAN27162500PE,GOLD,29JAN2027,16250000.000000,1,OPTFUT,MCX,50.000000,100,False
560264,GOLD29JAN27162000PE,GOLD,29JAN2027,16200000.000000,1,OPTFUT,MCX,50.000000,100,False
560265,GOLD29JAN27161500PE,GOLD,29JAN2027,16150000.000000,1,OPTFUT,MCX,50.000000,100,False
560275,GOLD29JAN27156500PE,GOLD,29JAN2027,15650000.000000,1,OPTFUT,MCX,50.000000,100,False
560284,GOLD29JAN27152000PE,GOLD,29JAN2027,15200000.000000,1,OPTFUT,MCX,50.000000,100,False
560285,GOLD29JAN27151500PE,GOLD,29JAN2027,15150000.000000,1,OPTFUT,MCX,50.000000,100,False
560295,GOLD29JAN27146500PE,GOLD,29JAN2027,14650000.000000,1,OPTFUT,MCX,50.000000,100,False
560301,GOLD29JAN27169500PE,GOLD,29JAN2027,16950000.000000,1,OPTFUT,MCX,50.000000,100,False
560305,GOLD29JAN27171500PE,GOLD,29JAN2027,17150000.000000,1,OPTFUT,MCX,50.000000,100,False
560310,GOLD29JAN27174000PE,GOLD,29JAN2027,17400000.000000,1,OPTFUT,MCX,50.000000,100,False
560312,GOLD29JAN27175000PE,GOLD,29JAN2027,17500000.000000,1,OPTFUT,MCX,50.000000,100,False
560320,GOLD29JAN27179000PE,GOLD,29JAN2027,17900000.000000,1,OPTFUT,MCX,50.000000,100,False
560335,GOLD29JAN27186500PE,GOLD,29JAN2027,18650000.000000,1,OPTFUT,MCX,50.000000,100,False
560338,GOLD29JAN27188000PE,GOLD,29JAN2027,18800000.000000,1,OPTFUT,MCX,50.000000,100,False
560372,SILVERM27OCT26243000CE,SILVERM,27OCT2026,24300000.000000,5,OPTFUT,MCX,50.000000,600,False
560377,SILVERM23NOV26242000CE,SILVERM,23NOV2026,24200000.000000,5,OPTFUT,MCX,50.000000,600,False
560425,GOLD29JAN27194500CE,GOLD,29JAN2027,19450000.000000,1,OPTFUT,MCX,50.000000,100,False
560430,GOLD31DEC26195000PE,GOLD,31DEC2026,19500000.000000,1,OPTFUT,MCX,50.000000,100,False
560431,GOLD31DEC26195500PE,GOLD,31DEC2026,19550000.000000,1,OPTFUT,MCX,50.000000,100,False
560480,SILVER27NOV26234000CE,SILVER,27NOV2026,23400000.000000,30,OPTFUT,MCX,50.000000,600,False
560481,SILVER27NOV26233000CE,SILVER,27NOV2026,23300000.000000,30,OPTFUT,MCX,50.000000,600,False
560502,SILVER24SEP26234000PE,SILVER,24SEP2026,23400000.000000,30,OPTFUT,MCX,50.000000,600,False
560503,SILVER24SEP26233000PE,SILVER,24SEP2026,23300000.000000,30,OPTFUT,MCX,50.000000,600,False
560509,SILVER27OCT26233000PE,SILVER,27OCT2026,23300000.000000,30,OPTFUT,MCX,50.000000,600,False
560514,SILVER27NOV26234000PE,SILVER,27NOV2026,23400000.000000,30,OPTFUT,MCX,50.000000,600,False
560516,SILVER27NOV26232000PE,SILVER,27NOV2026,23200000.000000,30,OPTFUT,MCX,50.000000,600,False
560554,SILVERM23NOV26234000CE,SILVERM,23NOV2026,23400000.000000,5,OPTFUT,MCX,50.000000,600,False
560591,SILVERM23NOV26236000PE,SILVERM,23NOV2026,23600000.000000,5,OPTFUT,MCX,50.000000,600,False
560662,GOLD31DEC26143000CE,GOLD,31DEC2026,14300000.000000,1,OPTFUT,MCX,50.000000,100,False
560668,GOLD29JAN27142000CE,GOLD,29JAN2027,14200000.000000,1,OPTFUT,MCX,50.000000,100,False
560682,GOLD30OCT26140000PE,GOLD,30OCT2026,14000000.000000,1,OPTFUT,MCX,50.000000,100,False
560685,GOLD27NOV26140500PE,GOLD,27NOV2026,14050000.000000,1,OPTFUT,MCX,50.000000,100,False
560692,GOLD31DEC26142000PE,GOLD,31DEC2026,14200000.000000,1,OPTFUT,MCX,50.000000,100,False
560736,SILVER24SEP26223000CE,SILVER,24SEP2026,22300000.000000,30,OPTFUT,MCX,50.000000,600,False
560743,SILVER27OCT26230000CE,SILVER,27OCT2026,23000000.000000,30,OPTFUT,MCX,50.000000,600,False
560757,SILVER27NOV26230000CE,SILVER,27NOV2026,23000000.000000,30,OPTFUT,MCX,50.000000,600,False
560814,SILVER27OCT26226000PE,SILVER,27OCT2026,22600000.000000,30,OPTFUT,MCX,50.000000,600,False
560815,SILVER27OCT26225000PE,SILVER,27OCT2026,22500000.000000,30,OPTFUT,MCX,50.000000,600,False
560824,SILVER27NOV26230000PE,SILVER,27NOV2026,23000000.000000,30,OPTFUT,MCX,50.000000,600,False
560830,SILVER27NOV26224000PE,SILVER,27NOV2026,22400000.000000,30,OPTFUT,MCX,50.000000,600,False
560888,SILVERM27OCT26228000CE,SILVERM,27OCT2026,22800000.000000,5,OPTFUT,MCX,50.000000,600,False
560940,SILVERM24SEP26231000PE,SILVERM,24SEP2026,23100000.000000,5,OPTFUT,MCX,50.000000,600,False
560958,SILVERM23NOV26229000PE,SILVERM,23NOV2026,22900000.000000,5,OPTFUT,MCX,50.000000,600,False
561228,GOLD25SEP26193500CE,GOLD,25SEP2026,19350000.000000,1,OPTFUT,MCX,50.000000,100,False
561238,GOLD30OCT26197500CE,GOLD,30OCT2026,19750000.000000,1,OPTFUT,MCX,50.000000,100,False
561248,GOLD27NOV26198500CE,GOLD,27NOV2026,19850000.000000,1,OPTFUT,MCX,50.000000,100,False
561254,GOLD31DEC26200000CE,GOLD,31DEC2026,20000000.000000,1,OPTFUT,MCX,50.000000,100,False
561255,GOLD31DEC26200500CE,GOLD,31DEC2026,20050000.000000,1,OPTFUT,MCX,50.000000,100,False
561315,GOLD29JAN27198000PE,GOLD,29JAN2027,19800000.000000,1,OPTFUT,MCX,50.000000,100,False
561267,GOLD29JAN27202000CE,GOLD,29JAN2027,20200000.000000,1,OPTFUT,MCX,50.000000,100,False
561295,GOLD30OCT26198000PE,GOLD,30OCT2026,19800000.000000,1,OPTFUT,MCX,50.000000,100,False
561310,GOLD31DEC26200000PE,GOLD,31DEC2026,20000000.000000,1,OPTFUT,MCX,50.000000,100,False
561316,GOLD29JAN27198500PE,GOLD,29JAN2027,19850000.000000,1,OPTFUT,MCX,50.000000,100,False
561320,GOLD29JAN27200500PE,GOLD,29JAN2027,20050000.000000,1,OPTFUT,MCX,50.000000,100,False
561374,SILVER27OCT26338000CE,SILVER,27OCT2026,33800000.000000,30,OPTFUT,MCX,50.000000,600,False
561380,SILVER27OCT26344000CE,SILVER,27OCT2026,34400000.000000,30,OPTFUT,MCX,50.000000,600,False
561385,SILVER27OCT26349000CE,SILVER,27OCT2026,34900000.000000,30,OPTFUT,MCX,50.000000,600,False
561397,SILVER27NOV26349000CE,SILVER,27NOV2026,34900000.000000,30,OPTFUT,MCX,50.000000,600,False
561436,SILVER27OCT26338000PE,SILVER,27OCT2026,33800000.000000,30,OPTFUT,MCX,50.000000,600,False
561448,SILVER27NOV26338000PE,SILVER,27NOV2026,33800000.000000,30,OPTFUT,MCX,50.000000,600,False
561475,SILVERM23NOV26341000CE,SILVERM,23NOV2026,34100000.000000,5,OPTFUT,MCX,50.000000,600,False
561492,SILVERM27OCT26343000PE,SILVERM,27OCT2026,34300000.000000,5,OPTFUT,MCX,50.000000,600,False
561514,GOLD27NOV26199500CE,GOLD,27NOV2026,19950000.000000,1,OPTFUT,MCX,50.000000,100,False
561517,GOLD31DEC26203000CE,GOLD,31DEC2026,20300000.000000,1,OPTFUT,MCX,50.000000,100,False
561518,GOLD31DEC26203500CE,GOLD,31DEC2026,20350000.000000,1,OPTFUT,MCX,50.000000,100,False
561534,GOLD27NOV26199500PE,GOLD,27NOV2026,19950000.000000,1,OPTFUT,MCX,50.000000,100,False
561535,GOLD27NOV26200000PE,GOLD,27NOV2026,20000000.000000,1,OPTFUT,MCX,50.000000,100,False
561540,GOLD29JAN27202500PE,GOLD,29JAN2027,20250000.000000,1,OPTFUT,MCX,50.000000,100,False
561679,SILVER24SEP26352000PE,SILVER,24SEP2026,35200000.000000,30,OPTFUT,MCX,50.000000,600,False
562058,SILVERMIC30NOV26FUT,SILVERMIC,30NOV2026,0.000000,1,FUTCOM,MCX,100.000000,600,False
562134,GOLD25SEP26197000CE,GOLD,25SEP2026,19700000.000000,1,OPTFUT,MCX,50.000000,100,False
562145,GOLD25SEP26197500PE,GOLD,25SEP2026,19750000.000000,1,OPTFUT,MCX,50.000000,100,False
562184,SILVERM23NOV26347000CE,SILVERM,23NOV2026,34700000.000000,5,OPTFUT,MCX,50.000000,600,False
562186,SILVERM23NOV26349000CE,SILVERM,23NOV2026,34900000.000000,5,OPTFUT,MCX,50.000000,600,False
562201,SILVERM24SEP26347000PE,SILVERM,24SEP2026,34700000.000000,5,OPTFUT,MCX,50.000000,600,False
562210,SILVERM27OCT26351000PE,SILVERM,27OCT2026,35100000.000000,5,OPTFUT,MCX,50.000000,600,False
117,GOLDMCOM,GOLDM,,0.000000,100,COMDTY,MCX,100.000000,99999999,False
131,GUARSEEDCOM,GUARSEED,,0.000000,5,COMDTY,MCX,10000.000000,99999999,False
563416,GOLD27NOV26204000CE,GOLD,27NOV2026,20400000.000000,1,OPTFUT,MCX,50.000000,100,False
563417,GOLD27NOV26204500CE,GOLD,27NOV2026,20450000.000000,1,OPTFUT,MCX,50.000000,100,False
563419,GOLD27NOV26205500CE,GOLD,27NOV2026,20550000.000000,1,OPTFUT,MCX,50.000000,100,False
563421,GOLD27NOV26206500CE,GOLD,27NOV2026,20650000.000000,1,OPTFUT,MCX,50.000000,100,False
563529,GOLD29JAN27208500PE,GOLD,29JAN2027,20850000.000000,1,OPTFUT,MCX,50.000000,100,False
142,INTSPTGOLDCOM,INTSPTGOLD,,0.000000,1000,COMDTY,MCX,5.000000,99999999,False
143,INTSPOTSLVCOM,INTSPOTSLV,,0.000000,30,COMDTY,MCX,5.000000,99999999,False
151,SOYOILJUNECOM,SOYOILJUNE,,0.000000,1000,COMDTY,MCX,5.000000,99999999,False
152,COPPERCOM,COPPER,,0.000000,2500,COMDTY,MCX,5.000000,99999999,False
563439,GOLD29JAN27207500CE,GOLD,29JAN2027,20750000.000000,1,OPTFUT,MCX,50.000000,100,False
563504,GOLD27NOV26204000PE,GOLD,27NOV2026,20400000.000000,1,OPTFUT,MCX,50.000000,100,False
563520,GOLD31DEC26210000PE,GOLD,31DEC2026,21000000.000000,1,OPTFUT,MCX,50.000000,100,False
563643,SILVERM23NOV26352000CE,SILVERM,23NOV2026,35200000.000000,5,OPTFUT,MCX,50.000000,600,False
564665,SILVER28DEC26286000CE,SILVER,28DEC2026,28600000.000000,30,OPTFUT,MCX,50.000000,600,False
564683,SILVER28DEC26268000CE,SILVER,28DEC2026,26800000.000000,30,OPTFUT,MCX,50.000000,600,False
564686,SILVER28DEC26265000CE,SILVER,28DEC2026,26500000.000000,30,OPTFUT,MCX,50.000000,600,False
158,LMENIKLSPTCOM,LMENIKLSPT,,0.000000,250,COMDTY,MCX,5.000000,99999999,False
160,LMETINSPOTCOM,LMETINSPOT,,0.000000,500,COMDTY,MCX,5.000000,99999999,False
202,KPSKHLAKOLCOM,KPSKHLAKOL,,0.000000,5000,COMDTY,MCX,5.000000,99999999,False
219,COMXGLDFEBCOM,COMXGLDFEB,,0.000000,1000,COMDTY,MCX,5.000000,99999999,False
564709,SILVER28DEC26302000CE,SILVER,28DEC2026,30200000.000000,30,OPTFUT,MCX,50.000000,600,False
564719,SILVER28DEC26312000CE,SILVER,28DEC2026,31200000.000000,30,OPTFUT,MCX,50.000000,600,False
564734,SILVER28DEC26327000CE,SILVER,28DEC2026,32700000.000000,30,OPTFUT,MCX,50.000000,600,False
564744,SILVER25JAN27287000CE,SILVER,25JAN2027,28700000.000000,30,OPTFUT,MCX,50.000000,600,False
233,BSRICESPOTCOM,BSRICESPOT,,0.000000,10000,COMDTY,MCX,100.000000,99999999,False
242,SCPOMUMCOM,SCPOMUM,,0.000000,1000,COMDTY,MCX,5.000000,99999999,False
246,SRBDMUMCOM,SRBDMUM,,0.000000,1000,COMDTY,MCX,5.000000,99999999,False
249,STURMUMCOM,STURMUM,,0.000000,10000,COMDTY,MCX,5.000000,99999999,False
564746,SILVER25JAN27285000CE,SILVER,25JAN2027,28500000.000000,30,OPTFUT,MCX,50.000000,600,False
564778,SILVER25JAN27253000CE,SILVER,25JAN2027,25300000.000000,30,OPTFUT,MCX,50.000000,600,False
564779,SILVER25JAN27252000CE,SILVER,25JAN2027,25200000.000000,30,OPTFUT,MCX,50.000000,600,False
564781,SILVER25JAN27294000CE,SILVER,25JAN2027,29400000.000000,30,OPTFUT,MCX,50.000000,600,False
252,SBPPRKTMCOM,SBPPRKTM,,0.000000,10000,COMDTY,MCX,5.000000,99999999,False
260,STININTCOM,STININT,,0.000000,500,COMDTY,MCX,5.000000,99999999,False
266,SBMRICEDLHCOM,SBMRICEDLH,,0.000000,10000,COMDTY,MCX,5.000000,99999999,False
281,JEERACOM,JEERA,,0.000000,2,COMDTY,MCX,100.000000,99999999,False
564786,SILVER25JAN27299000CE,SILVER,25JAN2027,29900000.000000,30,OPTFUT,MCX,50.000000,600,False
564797,SILVER25JAN27310000CE,SILVER,25JAN2027,31000000.000000,30,OPTFUT,MCX,50.000000,600,False
564802,SILVER25JAN27315000CE,SILVER,25JAN2027,31500000.000000,30,OPTFUT,MCX,50.000000,600,False
564807,SILVER25JAN27320000CE,SILVER,25JAN2027,32000000.000000,30,OPTFUT,MCX,50.000000,600,False
283,NYMXCOPFUTCOM,NYMXCOPFUT,,0.000000,1000,COMDTY,MCX,5.000000,99999999,False
290,SUGARMCOM,SUGARM,,0.000000,10,COMDTY,MCX,100.000000,99999999,False
292,SSUGARMMZNCOM,SSUGARMMZN,,0.000000,10000,COMDTY,MCX,100.000000,99999999,False
297,SCRDOILINTCOM,SCRDOILINT,,0.000000,100,COMDTY,MCX,100.000000,99999999,False
564816,SILVER25JAN27329000CE,SILVER,25JAN2027,32900000.000000,30,OPTFUT,MCX,50.000000,600,False
564828,SILVER26FEB27283000CE,SILVER,26FEB2027,28300000.000000,30,OPTFUT,MCX,50.000000,600,False
564830,SILVER26FEB27281000CE,SILVER,26FEB2027,28100000.000000,30,OPTFUT,MCX,50.000000,600,False
564839,SILVER26FEB27272000CE,SILVER,26FEB2027,27200000.000000,30,OPTFUT,MCX,50.000000,600,False
564875,SILVER26FEB27308000CE,SILVER,26FEB2027,30800000.000000,30,OPTFUT,MCX,50.000000,600,False
564880,SILVER26FEB27313000CE,SILVER,26FEB2027,31300000.000000,30,OPTFUT,MCX,50.000000,600,False
564883,SILVER26FEB27316000CE,SILVER,26FEB2027,31600000.000000,30,OPTFUT,MCX,50.000000,600,False
564917,SILVER28DEC26274000PE,SILVER,28DEC2026,27400000.000000,30,OPTFUT,MCX,50.000000,600,False
332,MASURCOM,MASUR,,0.000000,10,COMDTY,MCX,100.000000,99999999,False
342,GOLDMUMCOM,GOLDMUM,,0.000000,1,COMDTY,MCX,100.000000,99999999,False
358,ALUMINIUMCOM,ALUMINIUM,,0.000000,5,COMDTY,MCX,5.000000,99999999,False
369,IGOLDMAHMCOM,IGOLDMAHM,,0.000000,100,COMDTY,MCX,100.000000,99999999,False
372,IGOLDMDELCOM,IGOLDMDEL,,0.000000,100,COMDTY,MCX,100.000000,99999999,False
373,SMSTSDSRSACOM,SMSTSDSRSA,,0.000000,10,COMDTY,MCX,5.000000,99999999,False
378,ZINCCOM,ZINC,,0.000000,5,COMDTY,MCX,5.000000,99999999,False
414,COFFEECOM,COFFEE,,0.000000,1,COMDTY,MCX,100.000000,99999999,False
564920,SILVER28DEC26271000PE,SILVER,28DEC2026,27100000.000000,30,OPTFUT,MCX,50.000000,600,False
564931,SILVER28DEC26260000PE,SILVER,28DEC2026,26000000.000000,30,OPTFUT,MCX,50.000000,600,False
564937,SILVER28DEC26254000PE,SILVER,28DEC2026,25400000.000000,30,OPTFUT,MCX,50.000000,600,False
564965,SILVER28DEC26318000PE,SILVER,28DEC2026,31800000.000000,30,OPTFUT,MCX,50.000000,600,False
421,JUTECOM,JUTE,,0.000000,10,COMDTY,MCX,50.000000,99999999,False
437,SARERSHSMGCOM,SARERSHSMG,,0.000000,1,COMDTY,MCX,10.000000,99999999,False
461,SLCOTKADICOM,SLCOTKADI,,0.000000,25,COMDTY,MCX,1000.000000,99999999,False
489,SBARLEYJPRCOM,SBARLEYJPR,,0.000000,10,COMDTY,MCX,20.000000,99999999,False
564970,SILVER28DEC26323000PE,SILVER,28DEC2026,32300000.000000,30,OPTFUT,MCX,50.000000,600,False
564973,SILVER28DEC26326000PE,SILVER,28DEC2026,32600000.000000,30,OPTFUT,MCX,50.000000,600,False
564997,SILVER25JAN27274000PE,SILVER,25JAN2027,27400000.000000,30,OPTFUT,MCX,50.000000,600,False
565002,SILVER25JAN27269000PE,SILVER,25JAN2027,26900000.000000,30,OPTFUT,MCX,50.000000,600,False
505,LEADMINICOM,LEADMINI,,0.000000,1,COMDTY,MCX,5.000000,99999999,False
529,SCOTTONRJKCOM,SCOTTONRJK,,0.000000,25,COMDTY,MCX,1000.000000,99999999,False
533,GOLDPTLDELCOM,GOLDPTLDEL,,0.000000,1,COMDTY,MCX,10000.000000,99999999,False
535,SGLDPETDELCOM,SGLDPETDEL,,0.000000,1,COMDTY,MCX,100.000000,99999999,False
565036,SILVER25JAN27309000PE,SILVER,25JAN2027,30900000.000000,30,OPTFUT,MCX,50.000000,600,False
565057,SILVER25JAN27330000PE,SILVER,25JAN2027,33000000.000000,30,OPTFUT,MCX,50.000000,600,False
565066,SILVER26FEB27285000PE,SILVER,26FEB2027,28500000.000000,30,OPTFUT,MCX,50.000000,600,False
565075,SILVER26FEB27276000PE,SILVER,26FEB2027,27600000.000000,30,OPTFUT,MCX,50.000000,600,False
565077,SILVER26FEB27274000PE,SILVER,26FEB2027,27400000.000000,30,OPTFUT,MCX,50.000000,600,False
565081,SILVER26FEB27270000PE,SILVER,26FEB2027,27000000.000000,30,OPTFUT,MCX,50.000000,600,False
565082,SILVER26FEB27269000PE,SILVER,26FEB2027,26900000.000000,30,OPTFUT,MCX,50.000000,600,False
565094,SILVER26FEB27257000PE,SILVER,26FEB2027,25700000.000000,30,OPTFUT,MCX,50.000000,600,False
554974,SILVER24SEP26283000PE,SILVER,24SEP2026,28300000.000000,30,OPTFUT,MCX,50.000000,600,False
556427,GOLD25SEP26162000CE,GOLD,25SEP2026,16200000.000000,1,OPTFUT,MCX,50.000000,100,False
556433,GOLD25SEP26159000CE,GOLD,25SEP2026,15900000.000000,1,OPTFUT,MCX,50.000000,100,False
556434,GOLD25SEP26158500CE,GOLD,25SEP2026,15850000.000000,1,OPTFUT,MCX,50.000000,100,False
556437,GOLD25SEP26157000CE,GOLD,25SEP2026,15700000.000000,1,OPTFUT,MCX,50.000000,100,False
556467,GOLD25SEP26142000CE,GOLD,25SEP2026,14200000.000000,1,OPTFUT,MCX,50.000000,100,False
556472,GOLD25SEP26139500CE,GOLD,25SEP2026,13950000.000000,1,OPTFUT,MCX,50.000000,100,False
556478,GOLD25SEP26165500CE,GOLD,25SEP2026,16550000.000000,1,OPTFUT,MCX,50.000000,100,False
565096,SILVER26FEB27255000PE,SILVER,26FEB2027,25500000.000000,30,OPTFUT,MCX,50.000000,600,False
565101,SILVER26FEB27294000PE,SILVER,26FEB2027,29400000.000000,30,OPTFUT,MCX,50.000000,600,False
565114,SILVER26FEB27307000PE,SILVER,26FEB2027,30700000.000000,30,OPTFUT,MCX,50.000000,600,False
565115,SILVER26FEB27308000PE,SILVER,26FEB2027,30800000.000000,30,OPTFUT,MCX,50.000000,600,False
573098,SILVER28APR27358000PE,SILVER,28APR2027,35800000.000000,30,OPTFUT,MCX,50.000000,600,False
573120,SILVERM25MAR27291000CE,SILVERM,25MAR2027,29100000.000000,5,OPTFUT,MCX,50.000000,600,False
573121,SILVERM25MAR27290000CE,SILVERM,25MAR2027,29000000.000000,5,OPTFUT,MCX,50.000000,600,False
573125,SILVERM25MAR27286000CE,SILVERM,25MAR2027,28600000.000000,5,OPTFUT,MCX,50.000000,600,False
556484,GOLD25SEP26168500CE,GOLD,25SEP2026,16850000.000000,1,OPTFUT,MCX,50.000000,100,False
556490,GOLD25SEP26171500CE,GOLD,25SEP2026,17150000.000000,1,OPTFUT,MCX,50.000000,100,False
556508,GOLD25SEP26180500CE,GOLD,25SEP2026,18050000.000000,1,OPTFUT,MCX,50.000000,100,False
556511,GOLD25SEP26182000CE,GOLD,25SEP2026,18200000.000000,1,OPTFUT,MCX,50.000000,100,False
573144,SILVERM25MAR27313000CE,SILVERM,25MAR2027,31300000.000000,5,OPTFUT,MCX,50.000000,600,False
573151,SILVERM25MAR27320000CE,SILVERM,25MAR2027,32000000.000000,5,OPTFUT,MCX,50.000000,600,False
573154,SILVERM25MAR27323000CE,SILVERM,25MAR2027,32300000.000000,5,OPTFUT,MCX,50.000000,600,False
573158,SILVERM25MAR27327000CE,SILVERM,25MAR2027,32700000.000000,5,OPTFUT,MCX,50.000000,600,False
556514,GOLD25SEP26183500CE,GOLD,25SEP2026,18350000.000000,1,OPTFUT,MCX,50.000000,100,False
556515,GOLD25SEP26184000CE,GOLD,25SEP2026,18400000.000000,1,OPTFUT,MCX,50.000000,100,False
556536,GOLD30OCT26160000CE,GOLD,30OCT2026,16000000.000000,1,OPTFUT,MCX,50.000000,100,False
556542,GOLD30OCT26157000CE,GOLD,30OCT2026,15700000.000000,1,OPTFUT,MCX,50.000000,100,False
573166,SILVERM25MAR27335000CE,SILVERM,25MAR2027,33500000.000000,5,OPTFUT,MCX,50.000000,600,False
573176,SILVERM25MAR27345000CE,SILVERM,25MAR2027,34500000.000000,5,OPTFUT,MCX,50.000000,600,False
573192,SILVERM23APR27299000CE,SILVERM,23APR2027,29900000.000000,5,OPTFUT,MCX,50.000000,600,False
573202,SILVERM23APR27289000CE,SILVERM,23APR2027,28900000.000000,5,OPTFUT,MCX,50.000000,600,False
556550,GOLD30OCT26153000CE,GOLD,30OCT2026,15300000.000000,1,OPTFUT,MCX,50.000000,100,False
556580,GOLD30OCT26169000CE,GOLD,30OCT2026,16900000.000000,1,OPTFUT,MCX,50.000000,100,False
556592,GOLD30OCT26175000CE,GOLD,30OCT2026,17500000.000000,1,OPTFUT,MCX,50.000000,100,False
556594,GOLD30OCT26176000CE,GOLD,30OCT2026,17600000.000000,1,OPTFUT,MCX,50.000000,100,False
573210,SILVERM23APR27281000CE,SILVERM,23APR2027,28100000.000000,5,OPTFUT,MCX,50.000000,600,False
573212,SILVERM23APR27279000CE,SILVERM,23APR2027,27900000.000000,5,OPTFUT,MCX,50.000000,600,False
573214,SILVERM23APR27277000CE,SILVERM,23APR2027,27700000.000000,5,OPTFUT,MCX,50.000000,600,False
573229,SILVERM23APR27318000CE,SILVERM,23APR2027,31800000.000000,5,OPTFUT,MCX,50.000000,600,False
573242,SILVERM23APR27331000CE,SILVERM,23APR2027,33100000.000000,5,OPTFUT,MCX,50.000000,600,False
573293,SILVERM25MAR27278000PE,SILVERM,25MAR2027,27800000.000000,5,OPTFUT,MCX,50.000000,600,False
573309,SILVERM25MAR27318000PE,SILVERM,25MAR2027,31800000.000000,5,OPTFUT,MCX,50.000000,600,False
573332,SILVERM25MAR27341000PE,SILVERM,25MAR2027,34100000.000000,5,OPTFUT,MCX,50.000000,600,False
556599,GOLD30OCT26178500CE,GOLD,30OCT2026,17850000.000000,1,OPTFUT,MCX,50.000000,100,False
556604,GOLD30OCT26181000CE,GOLD,30OCT2026,18100000.000000,1,OPTFUT,MCX,50.000000,100,False
556613,GOLD30OCT26185500CE,GOLD,30OCT2026,18550000.000000,1,OPTFUT,MCX,50.000000,100,False
556618,GOLD30OCT26188000CE,GOLD,30OCT2026,18800000.000000,1,OPTFUT,MCX,50.000000,100,False
573343,SILVERM23APR27308000PE,SILVERM,23APR2027,30800000.000000,5,OPTFUT,MCX,50.000000,600,False
573350,SILVERM23APR27301000PE,SILVERM,23APR2027,30100000.000000,5,OPTFUT,MCX,50.000000,600,False
573352,SILVERM23APR27299000PE,SILVERM,23APR2027,29900000.000000,5,OPTFUT,MCX,50.000000,600,False
573374,SILVERM23APR27277000PE,SILVERM,23APR2027,27700000.000000,5,OPTFUT,MCX,50.000000,600,False
556641,GOLD27NOV26157500CE,GOLD,27NOV2026,15750000.000000,1,OPTFUT,MCX,50.000000,100,False
556644,GOLD27NOV26156000CE,GOLD,27NOV2026,15600000.000000,1,OPTFUT,MCX,50.000000,100,False
556650,GOLD27NOV26153000CE,GOLD,27NOV2026,15300000.000000,1,OPTFUT,MCX,50.000000,100,False
556660,GOLD27NOV26148000CE,GOLD,27NOV2026,14800000.000000,1,OPTFUT,MCX,50.000000,100,False
573376,SILVERM23APR27275000PE,SILVERM,23APR2027,27500000.000000,5,OPTFUT,MCX,50.000000,600,False
573383,SILVERM23APR27312000PE,SILVERM,23APR2027,31200000.000000,5,OPTFUT,MCX,50.000000,600,False
573390,SILVERM23APR27319000PE,SILVERM,23APR2027,31900000.000000,5,OPTFUT,MCX,50.000000,600,False
573393,SILVERM23APR27322000PE,SILVERM,23APR2027,32200000.000000,5,OPTFUT,MCX,50.000000,600,False
573421,SILVERM23APR27350000PE,SILVERM,23APR2027,35000000.000000,5,OPTFUT,MCX,50.000000,600,False
573759,SILVER25MAR27269000CE,SILVER,25MAR2027,26900000.000000,30,OPTFUT,MCX,50.000000,600,False
573760,SILVER25MAR27268000CE,SILVER,25MAR2027,26800000.000000,30,OPTFUT,MCX,50.000000,600,False
573765,SILVER25MAR27263000CE,SILVER,25MAR2027,26300000.000000,30,OPTFUT,MCX,50.000000,600,False
556670,GOLD27NOV26143000CE,GOLD,27NOV2026,14300000.000000,1,OPTFUT,MCX,50.000000,100,False
556687,GOLD27NOV26172500CE,GOLD,27NOV2026,17250000.000000,1,OPTFUT,MCX,50.000000,100,False
556694,GOLD27NOV26176000CE,GOLD,27NOV2026,17600000.000000,1,OPTFUT,MCX,50.000000,100,False
556698,GOLD27NOV26178000CE,GOLD,27NOV2026,17800000.000000,1,OPTFUT,MCX,50.000000,100,False
573787,SILVER28APR27263000CE,SILVER,28APR2027,26300000.000000,30,OPTFUT,MCX,50.000000,600,False
573802,SILVER25MAR27270000PE,SILVER,25MAR2027,27000000.000000,30,OPTFUT,MCX,50.000000,600,False
573809,SILVER25MAR27263000PE,SILVER,25MAR2027,26300000.000000,30,OPTFUT,MCX,50.000000,600,False
573814,SILVER28APR27280000PE,SILVER,28APR2027,28000000.000000,30,OPTFUT,MCX,50.000000,600,False
573828,SILVER28APR27266000PE,SILVER,28APR2027,26600000.000000,30,OPTFUT,MCX,50.000000,600,False
574206,SILVERM23APR27263000CE,SILVERM,23APR2027,26300000.000000,5,OPTFUT,MCX,50.000000,600,False
556707,GOLD27NOV26182500CE,GOLD,27NOV2026,18250000.000000,1,OPTFUT,MCX,50.000000,100,False
556720,GOLD27NOV26189000CE,GOLD,27NOV2026,18900000.000000,1,OPTFUT,MCX,50.000000,100,False
557030,GOLD25SEP26160500PE,GOLD,25SEP2026,16050000.000000,1,OPTFUT,MCX,50.000000,100,False
557054,GOLD25SEP26148500PE,GOLD,25SEP2026,14850000.000000,1,OPTFUT,MCX,50.000000,100,False
574195,SILVER25MAR27258000PE,SILVER,25MAR2027,25800000.000000,30,OPTFUT,MCX,50.000000,600,False
574198,SILVER28APR27258000PE,SILVER,28APR2027,25800000.000000,30,OPTFUT,MCX,50.000000,600,False
574207,SILVERM25MAR27265000PE,SILVERM,25MAR2027,26500000.000000,5,OPTFUT,MCX,50.000000,600,False
574209,SILVERM25MAR27263000PE,SILVERM,25MAR2027,26300000.000000,5,OPTFUT,MCX,50.000000,600,False
574210,SILVERM23APR27265000PE,SILVERM,23APR2027,26500000.000000,5,OPTFUT,MCX,50.000000,600,False
574319,NATURALGAS24NOV26FUT,NATURALGAS,24NOV2026,0.000000,1250,FUTCOM,MCX,10.000000,60000,False
557099,GOLD25SEP26176000PE,GOLD,25SEP2026,17600000.000000,1,OPTFUT,MCX,50.000000,100,False
557103,GOLD25SEP26178000PE,GOLD,25SEP2026,17800000.000000,1,OPTFUT,MCX,50.000000,100,False
557109,GOLD25SEP26181000PE,GOLD,25SEP2026,18100000.000000,1,OPTFUT,MCX,50.000000,100,False
557111,GOLD25SEP26182000PE,GOLD,25SEP2026,18200000.000000,1,OPTFUT,MCX,50.000000,100,False
574828,ALUMINIUM30OCT26FUT,ALUMINIUM,30OCT2026,0.000000,5,FUTCOM,MCX,5.000000,150,False
574833,STEELREBAR30OCT26FUT,STEELREBAR,30OCT2026,0.000000,5,FUTCOM,MCX,1000.000000,200,False
574834,ZINC30OCT26FUT,ZINC,30OCT2026,0.000000,5,FUTCOM,MCX,5.000000,100,False
574836,COPPER23SEP261400CE,COPPER,23SEP2026,140000.000000,2500,OPTFUT,MCX,1.000000,70000,False
557115,GOLD25SEP26184000PE,GOLD,25SEP2026,18400000.000000,1,OPTFUT,MCX,50.000000,100,False
557127,GOLD30OCT26164500PE,GOLD,30OCT2026,16450000.000000,1,OPTFUT,MCX,50.000000,100,False
557144,GOLD30OCT26156000PE,GOLD,30OCT2026,15600000.000000,1,OPTFUT,MCX,50.000000,100,False
557148,GOLD30OCT26154000PE,GOLD,30OCT2026,15400000.000000,1,OPTFUT,MCX,50.000000,100,False
574846,COTTONOIL30SEP26FUT,COTTONOIL,30SEP2026,0.000000,5,FUTCOM,MCX,10.000000,400,False
574851,COPPER23SEP261370CE,COPPER,23SEP2026,137000.000000,2500,OPTFUT,MCX,1.000000,70000,False
574854,COPPER23SEP261340CE,COPPER,23SEP2026,134000.000000,2500,OPTFUT,MCX,1.000000,70000,False
574864,COPPER23SEP261410CE,COPPER,23SEP2026,141000.000000,2500,OPTFUT,MCX,1.000000,70000,False
557154,GOLD30OCT26151000PE,GOLD,30OCT2026,15100000.000000,1,OPTFUT,MCX,50.000000,100,False
557159,GOLD30OCT26148500PE,GOLD,30OCT2026,14850000.000000,1,OPTFUT,MCX,50.000000,100,False
557160,GOLD30OCT26148000PE,GOLD,30OCT2026,14800000.000000,1,OPTFUT,MCX,50.000000,100,False
557161,GOLD30OCT26147500PE,GOLD,30OCT2026,14750000.000000,1,OPTFUT,MCX,50.000000,100,False
574875,COPPER23SEP261520CE,COPPER,23SEP2026,152000.000000,2500,OPTFUT,MCX,1.000000,70000,False
574895,COPPER23SEP261420PE,COPPER,23SEP2026,142000.000000,2500,OPTFUT,MCX,1.000000,70000,False
574901,COPPER23SEP261480PE,COPPER,23SEP2026,148000.000000,2500,OPTFUT,MCX,1.000000,70000,False
574907,COPPER23SEP261540PE,COPPER,23SEP2026,154000.000000,2500,OPTFUT,MCX,1.000000,70000,False
557168,GOLD30OCT26144000PE,GOLD,30OCT2026,14400000.000000,1,OPTFUT,MCX,50.000000,100,False
557171,GOLD30OCT26142500PE,GOLD,30OCT2026,14250000.000000,1,OPTFUT,MCX,50.000000,100,False
557181,GOLD30OCT26169500PE,GOLD,30OCT2026,16950000.000000,1,OPTFUT,MCX,50.000000,100,False
557188,GOLD30OCT26173000PE,GOLD,30OCT2026,17300000.000000,1,OPTFUT,MCX,50.000000,100,False
574920,SILVERM25MAR27352000CE,SILVERM,25MAR2027,35200000.000000,5,OPTFUT,MCX,50.000000,600,False
574938,ZINC23SEP26315CE,ZINC,23SEP2026,31500.000000,5,OPTFUT,MCX,1.000000,100,False
574945,ZINC23SEP26380CE,ZINC,23SEP2026,38000.000000,5,OPTFUT,MCX,1.000000,100,False
574961,ZINC23SEP26360PE,ZINC,23SEP2026,36000.000000,5,OPTFUT,MCX,1.000000,100,False
557189,GOLD30OCT26173500PE,GOLD,30OCT2026,17350000.000000,1,OPTFUT,MCX,50.000000,100,False
557190,GOLD30OCT26174000PE,GOLD,30OCT2026,17400000.000000,1,OPTFUT,MCX,50.000000,100,False
557192,GOLD30OCT26175000PE,GOLD,30OCT2026,17500000.000000,1,OPTFUT,MCX,50.000000,100,False
557193,GOLD30OCT26175500PE,GOLD,30OCT2026,17550000.000000,1,OPTFUT,MCX,50.000000,100,False
574981,COPPER23SEP261560CE,COPPER,23SEP2026,156000.000000,2500,OPTFUT,MCX,1.000000,70000,False
574995,ZINC23SEP26415PE,ZINC,23SEP2026,41500.000000,5,OPTFUT,MCX,1.000000,100,False
575229,SILVER25MAR27244000CE,SILVER,25MAR2027,24400000.000000,30,OPTFUT,MCX,50.000000,600,False
575235,SILVER28APR27252000CE,SILVER,28APR2027,25200000.000000,30,OPTFUT,MCX,50.000000,600,False
575236,SILVER28APR27251000CE,SILVER,28APR2027,25100000.000000,30,OPTFUT,MCX,50.000000,600,False
575247,SILVER25MAR27254000PE,SILVER,25MAR2027,25400000.000000,30,OPTFUT,MCX,50.000000,600,False
575250,SILVER25MAR27251000PE,SILVER,25MAR2027,25100000.000000,30,OPTFUT,MCX,50.000000,600,False
575253,SILVER25MAR27248000PE,SILVER,25MAR2027,24800000.000000,30,OPTFUT,MCX,50.000000,600,False
557208,GOLD30OCT26183000PE,GOLD,30OCT2026,18300000.000000,1,OPTFUT,MCX,50.000000,100,False
557222,GOLD30OCT26190000PE,GOLD,30OCT2026,19000000.000000,1,OPTFUT,MCX,50.000000,100,False
557229,GOLD27NOV26163500PE,GOLD,27NOV2026,16350000.000000,1,OPTFUT,MCX,50.000000,100,False
557230,GOLD27NOV26163000PE,GOLD,27NOV2026,16300000.000000,1,OPTFUT,MCX,50.000000,100,False
575254,SILVER25MAR27247000PE,SILVER,25MAR2027,24700000.000000,30,OPTFUT,MCX,50.000000,600,False
575260,SILVER28APR27255000PE,SILVER,28APR2027,25500000.000000,30,OPTFUT,MCX,50.000000,600,False
575273,SILVER28APR27242000PE,SILVER,28APR2027,24200000.000000,30,OPTFUT,MCX,50.000000,600,False
575275,SILVERM25MAR27261000CE,SILVERM,25MAR2027,26100000.000000,5,OPTFUT,MCX,50.000000,600,False
557233,GOLD27NOV26161500PE,GOLD,27NOV2026,16150000.000000,1,OPTFUT,MCX,50.000000,100,False
557243,GOLD27NOV26156500PE,GOLD,27NOV2026,15650000.000000,1,OPTFUT,MCX,50.000000,100,False
557249,GOLD27NOV26153500PE,GOLD,27NOV2026,15350000.000000,1,OPTFUT,MCX,50.000000,100,False
557258,GOLD27NOV26149000PE,GOLD,27NOV2026,14900000.000000,1,OPTFUT,MCX,50.000000,100,False
575280,SILVERM25MAR27256000CE,SILVERM,25MAR2027,25600000.000000,5,OPTFUT,MCX,50.000000,600,False
575281,SILVERM25MAR27255000CE,SILVERM,25MAR2027,25500000.000000,5,OPTFUT,MCX,50.000000,600,False
575290,SILVERM23APR27262000CE,SILVERM,23APR2027,26200000.000000,5,OPTFUT,MCX,50.000000,600,False
575314,SILVERM25MAR27254000PE,SILVERM,25MAR2027,25400000.000000,5,OPTFUT,MCX,50.000000,600,False
557270,GOLD27NOV26143000PE,GOLD,27NOV2026,14300000.000000,1,OPTFUT,MCX,50.000000,100,False
557277,GOLD27NOV26167500PE,GOLD,27NOV2026,16750000.000000,1,OPTFUT,MCX,50.000000,100,False
557319,GOLD27NOV26188500PE,GOLD,27NOV2026,18850000.000000,1,OPTFUT,MCX,50.000000,100,False
557603,SILVER24SEP26258000CE,SILVER,24SEP2026,25800000.000000,30,OPTFUT,MCX,50.000000,600,False
575362,SILVER25MAR27241000CE,SILVER,25MAR2027,24100000.000000,30,OPTFUT,MCX,50.000000,600,False
575319,SILVERM25MAR27249000PE,SILVERM,25MAR2027,24900000.000000,5,OPTFUT,MCX,50.000000,600,False
575323,SILVERM23APR27261000PE,SILVERM,23APR2027,26100000.000000,5,OPTFUT,MCX,50.000000,600,False
575334,SILVERM23APR27250000PE,SILVERM,23APR2027,25000000.000000,5,OPTFUT,MCX,50.000000,600,False
557604,SILVER24SEP26257000CE,SILVER,24SEP2026,25700000.000000,30,OPTFUT,MCX,50.000000,600,False
557612,SILVER24SEP26249000CE,SILVER,24SEP2026,24900000.000000,30,OPTFUT,MCX,50.000000,600,False
557619,SILVER24SEP26284000CE,SILVER,24SEP2026,28400000.000000,30,OPTFUT,MCX,50.000000,600,False
557625,SILVER24SEP26290000CE,SILVER,24SEP2026,29000000.000000,30,OPTFUT,MCX,50.000000,600,False
575373,SILVER25MAR27238000PE,SILVER,25MAR2027,23800000.000000,30,OPTFUT,MCX,50.000000,600,False
575377,SILVER28APR27238000PE,SILVER,28APR2027,23800000.000000,30,OPTFUT,MCX,50.000000,600,False
575386,SILVERM23APR27243000CE,SILVERM,23APR2027,24300000.000000,5,OPTFUT,MCX,50.000000,600,False
575432,SILVER28APR27231000CE,SILVER,28APR2027,23100000.000000,30,OPTFUT,MCX,50.000000,600,False
557636,SILVER24SEP26301000CE,SILVER,24SEP2026,30100000.000000,30,OPTFUT,MCX,50.000000,600,False
557661,SILVER27OCT26280000CE,SILVER,27OCT2026,28000000.000000,30,OPTFUT,MCX,50.000000,600,False
557667,SILVER27OCT26274000CE,SILVER,27OCT2026,27400000.000000,30,OPTFUT,MCX,50.000000,600,False
557671,SILVER27OCT26270000CE,SILVER,27OCT2026,27000000.000000,30,OPTFUT,MCX,50.000000,600,False
575434,SILVER28APR27229000CE,SILVER,28APR2027,22900000.000000,30,OPTFUT,MCX,50.000000,600,False
575435,SILVER28APR27228000CE,SILVER,28APR2027,22800000.000000,30,OPTFUT,MCX,50.000000,600,False
575436,SILVER28APR27227000CE,SILVER,28APR2027,22700000.000000,30,OPTFUT,MCX,50.000000,600,False
575445,SILVER25MAR27230000PE,SILVER,25MAR2027,23000000.000000,30,OPTFUT,MCX,50.000000,600,False
557672,SILVER27OCT26269000CE,SILVER,27OCT2026,26900000.000000,30,OPTFUT,MCX,50.000000,600,False
557689,SILVER27OCT26252000CE,SILVER,27OCT2026,25200000.000000,30,OPTFUT,MCX,50.000000,600,False
557695,SILVER27OCT26246000CE,SILVER,27OCT2026,24600000.000000,30,OPTFUT,MCX,50.000000,600,False
557716,SILVER27OCT26301000CE,SILVER,27OCT2026,30100000.000000,30,OPTFUT,MCX,50.000000,600,False
575482,SILVERM25MAR27241000PE,SILVERM,25MAR2027,24100000.000000,5,OPTFUT,MCX,50.000000,600,False
575490,SILVERM25MAR27233000PE,SILVERM,25MAR2027,23300000.000000,5,OPTFUT,MCX,50.000000,600,False
575493,SILVERM23APR27240000PE,SILVERM,23APR2027,24000000.000000,5,OPTFUT,MCX,50.000000,600,False
575527,GOLD26FEB27137000CE,GOLD,26FEB2027,13700000.000000,1,OPTFUT,MCX,50.000000,100,False
557728,SILVER27OCT26313000CE,SILVER,27OCT2026,31300000.000000,30,OPTFUT,MCX,50.000000,600,False
557736,SILVER27OCT26321000CE,SILVER,27OCT2026,32100000.000000,30,OPTFUT,MCX,50.000000,600,False
557754,SILVER27NOV26267000CE,SILVER,27NOV2026,26700000.000000,30,OPTFUT,MCX,50.000000,600,False
557758,SILVER27NOV26263000CE,SILVER,27NOV2026,26300000.000000,30,OPTFUT,MCX,50.000000,600,False
575529,GOLD29MAR27138500CE,GOLD,29MAR2027,13850000.000000,1,OPTFUT,MCX,50.000000,100,False
575531,GOLD29MAR27137500CE,GOLD,29MAR2027,13750000.000000,1,OPTFUT,MCX,50.000000,100,False
575641,ZINC23SEP26300PE,ZINC,23SEP2026,30000.000000,5,OPTFUT,MCX,1.000000,100,False
575693,GOLD30APR27164000PE,GOLD,30APR2027,16400000.000000,1,OPTFUT,MCX,50.000000,100,False
557760,SILVER27NOV26261000CE,SILVER,27NOV2026,26100000.000000,30,OPTFUT,MCX,50.000000,600,False
557777,SILVER27NOV26244000CE,SILVER,27NOV2026,24400000.000000,30,OPTFUT,MCX,50.000000,600,False
557779,SILVER27NOV26284000CE,SILVER,27NOV2026,28400000.000000,30,OPTFUT,MCX,50.000000,600,False
557784,SILVER27NOV26289000CE,SILVER,27NOV2026,28900000.000000,30,OPTFUT,MCX,50.000000,600,False
575719,GOLD30APR27163000CE,GOLD,30APR2027,16300000.000000,1,OPTFUT,MCX,50.000000,100,False
575727,GOLD30APR27159000CE,GOLD,30APR2027,15900000.000000,1,OPTFUT,MCX,50.000000,100,False
575729,GOLD30APR27158000CE,GOLD,30APR2027,15800000.000000,1,OPTFUT,MCX,50.000000,100,False
575734,GOLD30APR27155500CE,GOLD,30APR2027,15550000.000000,1,OPTFUT,MCX,50.000000,100,False
557787,SILVER27NOV26292000CE,SILVER,27NOV2026,29200000.000000,30,OPTFUT,MCX,50.000000,600,False
557793,SILVER27NOV26298000CE,SILVER,27NOV2026,29800000.000000,30,OPTFUT,MCX,50.000000,600,False
557800,SILVER27NOV26305000CE,SILVER,27NOV2026,30500000.000000,30,OPTFUT,MCX,50.000000,600,False
557807,SILVER27NOV26312000CE,SILVER,27NOV2026,31200000.000000,30,OPTFUT,MCX,50.000000,600,False
575737,GOLD30APR27154000CE,GOLD,30APR2027,15400000.000000,1,OPTFUT,MCX,50.000000,100,False
575748,GOLD30APR27148500CE,GOLD,30APR2027,14850000.000000,1,OPTFUT,MCX,50.000000,100,False
575750,GOLD30APR27147500CE,GOLD,30APR2027,14750000.000000,1,OPTFUT,MCX,50.000000,100,False
575752,GOLD30APR27146500CE,GOLD,30APR2027,14650000.000000,1,OPTFUT,MCX,50.000000,100,False
557809,SILVER27NOV26314000CE,SILVER,27NOV2026,31400000.000000,30,OPTFUT,MCX,50.000000,600,False
558062,SILVER24SEP26279000PE,SILVER,24SEP2026,27900000.000000,30,OPTFUT,MCX,50.000000,600,False
558080,SILVER24SEP26261000PE,SILVER,24SEP2026,26100000.000000,30,OPTFUT,MCX,50.000000,600,False
558086,SILVER24SEP26255000PE,SILVER,24SEP2026,25500000.000000,30,OPTFUT,MCX,50.000000,600,False
575755,GOLD30APR27145000CE,GOLD,30APR2027,14500000.000000,1,OPTFUT,MCX,50.000000,100,False
575757,GOLD30APR27144000CE,GOLD,30APR2027,14400000.000000,1,OPTFUT,MCX,50.000000,100,False
575765,GOLD30APR27140000CE,GOLD,30APR2027,14000000.000000,1,OPTFUT,MCX,50.000000,100,False
575770,GOLD30APR27165500CE,GOLD,30APR2027,16550000.000000,1,OPTFUT,MCX,50.000000,100,False
558089,SILVER24SEP26252000PE,SILVER,24SEP2026,25200000.000000,30,OPTFUT,MCX,50.000000,600,False
558097,SILVER24SEP26244000PE,SILVER,24SEP2026,24400000.000000,30,OPTFUT,MCX,50.000000,600,False
558108,SILVER24SEP26293000PE,SILVER,24SEP2026,29300000.000000,30,OPTFUT,MCX,50.000000,600,False
558110,SILVER24SEP26295000PE,SILVER,24SEP2026,29500000.000000,30,OPTFUT,MCX,50.000000,600,False
575783,GOLD30APR27172000CE,GOLD,30APR2027,17200000.000000,1,OPTFUT,MCX,50.000000,100,False
575791,GOLD30APR27176000CE,GOLD,30APR2027,17600000.000000,1,OPTFUT,MCX,50.000000,100,False
575826,GOLD28MAY27159500CE,GOLD,28MAY2027,15950000.000000,1,OPTFUT,MCX,50.000000,100,False
575838,GOLD28MAY27153500CE,GOLD,28MAY2027,15350000.000000,1,OPTFUT,MCX,50.000000,100,False
558123,SILVER24SEP26308000PE,SILVER,24SEP2026,30800000.000000,30,OPTFUT,MCX,50.000000,600,False
558126,SILVER24SEP26311000PE,SILVER,24SEP2026,31100000.000000,30,OPTFUT,MCX,50.000000,600,False
558130,SILVER24SEP26315000PE,SILVER,24SEP2026,31500000.000000,30,OPTFUT,MCX,50.000000,600,False
558131,SILVER24SEP26316000PE,SILVER,24SEP2026,31600000.000000,30,OPTFUT,MCX,50.000000,600,False
575839,GOLD28MAY27153000CE,GOLD,28MAY2027,15300000.000000,1,OPTFUT,MCX,50.000000,100,False
575845,GOLD28MAY27150000CE,GOLD,28MAY2027,15000000.000000,1,OPTFUT,MCX,50.000000,100,False
575859,GOLD28MAY27143000CE,GOLD,28MAY2027,14300000.000000,1,OPTFUT,MCX,50.000000,100,False
575901,GOLD28MAY27181000CE,GOLD,28MAY2027,18100000.000000,1,OPTFUT,MCX,50.000000,100,False
558164,SILVER27OCT26257000PE,SILVER,27OCT2026,25700000.000000,30,OPTFUT,MCX,50.000000,600,False
558171,SILVER27OCT26250000PE,SILVER,27OCT2026,25000000.000000,30,OPTFUT,MCX,50.000000,600,False
558172,SILVER27OCT26249000PE,SILVER,27OCT2026,24900000.000000,30,OPTFUT,MCX,50.000000,600,False
558173,SILVER27OCT26248000PE,SILVER,27OCT2026,24800000.000000,30,OPTFUT,MCX,50.000000,600,False
575905,GOLD28MAY27183000CE,GOLD,28MAY2027,18300000.000000,1,OPTFUT,MCX,50.000000,100,False
575915,GOLD28MAY27188000CE,GOLD,28MAY2027,18800000.000000,1,OPTFUT,MCX,50.000000,100,False
575931,GOLD30APR27157000PE,GOLD,30APR2027,15700000.000000,1,OPTFUT,MCX,50.000000,100,False
575934,GOLD30APR27155500PE,GOLD,30APR2027,15550000.000000,1,OPTFUT,MCX,50.000000,100,False
558175,SILVER27OCT26246000PE,SILVER,27OCT2026,24600000.000000,30,OPTFUT,MCX,50.000000,600,False
558185,SILVER27OCT26290000PE,SILVER,27OCT2026,29000000.000000,30,OPTFUT,MCX,50.000000,600,False
558187,SILVER27OCT26292000PE,SILVER,27OCT2026,29200000.000000,30,OPTFUT,MCX,50.000000,600,False
558191,SILVER27OCT26296000PE,SILVER,27OCT2026,29600000.000000,30,OPTFUT,MCX,50.000000,600,False
575941,GOLD30APR27152000PE,GOLD,30APR2027,15200000.000000,1,OPTFUT,MCX,50.000000,100,False
575946,GOLD30APR27149500PE,GOLD,30APR2027,14950000.000000,1,OPTFUT,MCX,50.000000,100,False
575959,GOLD30APR27143000PE,GOLD,30APR2027,14300000.000000,1,OPTFUT,MCX,50.000000,100,False
575990,GOLD30APR27175500PE,GOLD,30APR2027,17550000.000000,1,OPTFUT,MCX,50.000000,100,False
575992,GOLD30APR27176500PE,GOLD,30APR2027,17650000.000000,1,OPTFUT,MCX,50.000000,100,False
575996,GOLD30APR27178500PE,GOLD,30APR2027,17850000.000000,1,OPTFUT,MCX,50.000000,100,False
576001,GOLD30APR27181000PE,GOLD,30APR2027,18100000.000000,1,OPTFUT,MCX,50.000000,100,False
576013,GOLD30APR27187000PE,GOLD,30APR2027,18700000.000000,1,OPTFUT,MCX,50.000000,100,False
558198,SILVER27OCT26303000PE,SILVER,27OCT2026,30300000.000000,30,OPTFUT,MCX,50.000000,600,False
558203,SILVER27OCT26308000PE,SILVER,27OCT2026,30800000.000000,30,OPTFUT,MCX,50.000000,600,False
558206,SILVER27OCT26311000PE,SILVER,27OCT2026,31100000.000000,30,OPTFUT,MCX,50.000000,600,False
558211,SILVER27OCT26316000PE,SILVER,27OCT2026,31600000.000000,30,OPTFUT,MCX,50.000000,600,False
558217,SILVER27OCT26322000PE,SILVER,27OCT2026,32200000.000000,30,OPTFUT,MCX,50.000000,600,False
558222,SILVER27NOV26279000PE,SILVER,27NOV2026,27900000.000000,30,OPTFUT,MCX,50.000000,600,False
558233,SILVER27NOV26268000PE,SILVER,27NOV2026,26800000.000000,30,OPTFUT,MCX,50.000000,600,False
558255,SILVER27NOV26246000PE,SILVER,27NOV2026,24600000.000000,30,OPTFUT,MCX,50.000000,600,False
576016,GOLD30APR27188500PE,GOLD,30APR2027,18850000.000000,1,OPTFUT,MCX,50.000000,100,False
576018,GOLD28MAY27163500PE,GOLD,28MAY2027,16350000.000000,1,OPTFUT,MCX,50.000000,100,False
576020,GOLD28MAY27162500PE,GOLD,28MAY2027,16250000.000000,1,OPTFUT,MCX,50.000000,100,False
576033,GOLD28MAY27156000PE,GOLD,28MAY2027,15600000.000000,1,OPTFUT,MCX,50.000000,100,False
558262,SILVER27NOV26287000PE,SILVER,27NOV2026,28700000.000000,30,OPTFUT,MCX,50.000000,600,False
558272,SILVER27NOV26297000PE,SILVER,27NOV2026,29700000.000000,30,OPTFUT,MCX,50.000000,600,False
558273,SILVER27NOV26298000PE,SILVER,27NOV2026,29800000.000000,30,OPTFUT,MCX,50.000000,600,False
558277,SILVER27NOV26302000PE,SILVER,27NOV2026,30200000.000000,30,OPTFUT,MCX,50.000000,600,False
576049,GOLD28MAY27148000PE,GOLD,28MAY2027,14800000.000000,1,OPTFUT,MCX,50.000000,100,False
576051,GOLD28MAY27147000PE,GOLD,28MAY2027,14700000.000000,1,OPTFUT,MCX,50.000000,100,False
576058,GOLD28MAY27143500PE,GOLD,28MAY2027,14350000.000000,1,OPTFUT,MCX,50.000000,100,False
576067,GOLD28MAY27139000PE,GOLD,28MAY2027,13900000.000000,1,OPTFUT,MCX,50.000000,100,False
576077,GOLD28MAY27169000PE,GOLD,28MAY2027,16900000.000000,1,OPTFUT,MCX,50.000000,100,False
576082,GOLD28MAY27171500PE,GOLD,28MAY2027,17150000.000000,1,OPTFUT,MCX,50.000000,100,False
576085,GOLD28MAY27173000PE,GOLD,28MAY2027,17300000.000000,1,OPTFUT,MCX,50.000000,100,False
576091,GOLD28MAY27176000PE,GOLD,28MAY2027,17600000.000000,1,OPTFUT,MCX,50.000000,100,False
558278,SILVER27NOV26303000PE,SILVER,27NOV2026,30300000.000000,30,OPTFUT,MCX,50.000000,600,False
558284,SILVER27NOV26309000PE,SILVER,27NOV2026,30900000.000000,30,OPTFUT,MCX,50.000000,600,False
558296,SILVER27NOV26321000PE,SILVER,27NOV2026,32100000.000000,30,OPTFUT,MCX,50.000000,600,False
558298,SILVER27NOV26323000PE,SILVER,27NOV2026,32300000.000000,30,OPTFUT,MCX,50.000000,600,False
576101,GOLD28MAY27181000PE,GOLD,28MAY2027,18100000.000000,1,OPTFUT,MCX,50.000000,100,False
576102,GOLD28MAY27181500PE,GOLD,28MAY2027,18150000.000000,1,OPTFUT,MCX,50.000000,100,False
576107,GOLD28MAY27184000PE,GOLD,28MAY2027,18400000.000000,1,OPTFUT,MCX,50.000000,100,False
576112,GOLD28MAY27186500PE,GOLD,28MAY2027,18650000.000000,1,OPTFUT,MCX,50.000000,100,False
558539,SILVERM24SEP26284000CE,SILVERM,24SEP2026,28400000.000000,5,OPTFUT,MCX,50.000000,600,False
558551,SILVERM24SEP26272000CE,SILVERM,24SEP2026,27200000.000000,5,OPTFUT,MCX,50.000000,600,False
558557,SILVERM24SEP26266000CE,SILVERM,24SEP2026,26600000.000000,5,OPTFUT,MCX,50.000000,600,False
558569,SILVERM24SEP26254000CE,SILVERM,24SEP2026,25400000.000000,5,OPTFUT,MCX,50.000000,600,False
576115,GOLD28MAY27188000PE,GOLD,28MAY2027,18800000.000000,1,OPTFUT,MCX,50.000000,100,False
576201,GOLD30APR27190000CE,GOLD,30APR2027,19000000.000000,1,OPTFUT,MCX,50.000000,100,False
576202,GOLD30APR27190500CE,GOLD,30APR2027,19050000.000000,1,OPTFUT,MCX,50.000000,100,False
576208,GOLD30APR27193500CE,GOLD,30APR2027,19350000.000000,1,OPTFUT,MCX,50.000000,100,False
558571,SILVERM24SEP26252000CE,SILVERM,24SEP2026,25200000.000000,5,OPTFUT,MCX,50.000000,600,False
558572,SILVERM24SEP26251000CE,SILVERM,24SEP2026,25100000.000000,5,OPTFUT,MCX,50.000000,600,False
558574,SILVERM24SEP26249000CE,SILVERM,24SEP2026,24900000.000000,5,OPTFUT,MCX,50.000000,600,False
558582,SILVERM24SEP26289000CE,SILVERM,24SEP2026,28900000.000000,5,OPTFUT,MCX,50.000000,600,False
576219,GOLD28MAY27191000CE,GOLD,28MAY2027,19100000.000000,1,OPTFUT,MCX,50.000000,100,False
576220,GOLD28MAY27191500CE,GOLD,28MAY2027,19150000.000000,1,OPTFUT,MCX,50.000000,100,False
576229,GOLD28MAY27196000CE,GOLD,28MAY2027,19600000.000000,1,OPTFUT,MCX,50.000000,100,False
576234,GOLD30APR27190500PE,GOLD,30APR2027,19050000.000000,1,OPTFUT,MCX,50.000000,100,False
558586,SILVERM24SEP26293000CE,SILVERM,24SEP2026,29300000.000000,5,OPTFUT,MCX,50.000000,600,False
558588,SILVERM24SEP26295000CE,SILVERM,24SEP2026,29500000.000000,5,OPTFUT,MCX,50.000000,600,False
558611,SILVERM24SEP26318000CE,SILVERM,24SEP2026,31800000.000000,5,OPTFUT,MCX,50.000000,600,False
558612,SILVERM24SEP26319000CE,SILVERM,24SEP2026,31900000.000000,5,OPTFUT,MCX,50.000000,600,False
576261,GOLD28MAY27196000PE,GOLD,28MAY2027,19600000.000000,1,OPTFUT,MCX,50.000000,100,False
576262,GOLD28MAY27196500PE,GOLD,28MAY2027,19650000.000000,1,OPTFUT,MCX,50.000000,100,False
576266,CRUDEOIL17SEP267000CE,CRUDEOIL,17SEP2026,700000.000000,100,OPTFUT,MCX,10.000000,10000,False
576321,CRUDEOIL17SEP264500CE,CRUDEOIL,17SEP2026,450000.000000,100,OPTFUT,MCX,10.000000,10000,False
558615,SILVERM24SEP26322000CE,SILVERM,24SEP2026,32200000.000000,5,OPTFUT,MCX,50.000000,600,False
558617,SILVERM24SEP26324000CE,SILVERM,24SEP2026,32400000.000000,5,OPTFUT,MCX,50.000000,600,False
558635,SILVERM27OCT26268000CE,SILVERM,27OCT2026,26800000.000000,5,OPTFUT,MCX,50.000000,600,False
558639,SILVERM27OCT26264000CE,SILVERM,27OCT2026,26400000.000000,5,OPTFUT,MCX,50.000000,600,False
576326,CRUDEOIL17SEP264250CE,CRUDEOIL,17SEP2026,425000.000000,100,OPTFUT,MCX,10.000000,10000,False
576329,CRUDEOIL17SEP264100CE,CRUDEOIL,17SEP2026,410000.000000,100,OPTFUT,MCX,10.000000,10000,False
576335,CRUDEOIL17SEP263800CE,CRUDEOIL,17SEP2026,380000.000000,100,OPTFUT,MCX,10.000000,10000,False
576348,CRUDEOIL17SEP266950CE,CRUDEOIL,17SEP2026,695000.000000,100,OPTFUT,MCX,10.000000,10000,False
558643,SILVERM27OCT26260000CE,SILVERM,27OCT2026,26000000.000000,5,OPTFUT,MCX,50.000000,600,False
558655,SILVERM27OCT26248000CE,SILVERM,27OCT2026,24800000.000000,5,OPTFUT,MCX,50.000000,600,False
558658,SILVERM27OCT26245000CE,SILVERM,27OCT2026,24500000.000000,5,OPTFUT,MCX,50.000000,600,False
558661,SILVERM27OCT26288000CE,SILVERM,27OCT2026,28800000.000000,5,OPTFUT,MCX,50.000000,600,False
576355,CRUDEOIL17SEP267350CE,CRUDEOIL,17SEP2026,735000.000000,100,OPTFUT,MCX,10.000000,10000,False
576373,CRUDEOIL17SEP268250CE,CRUDEOIL,17SEP2026,825000.000000,100,OPTFUT,MCX,10.000000,10000,False
576390,CRUDEOIL17SEP269100CE,CRUDEOIL,17SEP2026,910000.000000,100,OPTFUT,MCX,10.000000,10000,False
576410,CRUDEOIL17SEP2610100CE,CRUDEOIL,17SEP2026,1010000.000000,100,OPTFUT,MCX,10.000000,10000,False
576413,CRUDEOIL17SEP2610250CE,CRUDEOIL,17SEP2026,1025000.000000,100,OPTFUT,MCX,10.000000,10000,False
576426,CRUDEOIL17SEP266900PE,CRUDEOIL,17SEP2026,690000.000000,100,OPTFUT,MCX,10.000000,10000,False
576430,CRUDEOIL17SEP266700PE,CRUDEOIL,17SEP2026,670000.000000,100,OPTFUT,MCX,10.000000,10000,False
576441,CRUDEOIL17SEP266150PE,CRUDEOIL,17SEP2026,615000.000000,100,OPTFUT,MCX,10.000000,10000,False
558668,SILVERM27OCT26295000CE,SILVERM,27OCT2026,29500000.000000,5,OPTFUT,MCX,50.000000,600,False
558671,SILVERM27OCT26298000CE,SILVERM,27OCT2026,29800000.000000,5,OPTFUT,MCX,50.000000,600,False
558673,SILVERM27OCT26300000CE,SILVERM,27OCT2026,30000000.000000,5,OPTFUT,MCX,50.000000,600,False
558687,SILVERM27OCT26314000CE,SILVERM,27OCT2026,31400000.000000,5,OPTFUT,MCX,50.000000,600,False
576451,CRUDEOIL17SEP265650PE,CRUDEOIL,17SEP2026,565000.000000,100,OPTFUT,MCX,10.000000,10000,False
576453,CRUDEOIL17SEP265550PE,CRUDEOIL,17SEP2026,555000.000000,100,OPTFUT,MCX,10.000000,10000,False
576465,CRUDEOIL17SEP264950PE,CRUDEOIL,17SEP2026,495000.000000,100,OPTFUT,MCX,10.000000,10000,False
576483,CRUDEOIL17SEP264050PE,CRUDEOIL,17SEP2026,405000.000000,100,OPTFUT,MCX,10.000000,10000,False
558713,SILVERM23NOV26270000CE,SILVERM,23NOV2026,27000000.000000,5,OPTFUT,MCX,50.000000,600,False
558717,SILVERM23NOV26266000CE,SILVERM,23NOV2026,26600000.000000,5,OPTFUT,MCX,50.000000,600,False
558720,SILVERM23NOV26263000CE,SILVERM,23NOV2026,26300000.000000,5,OPTFUT,MCX,50.000000,600,False
558724,SILVERM23NOV26259000CE,SILVERM,23NOV2026,25900000.000000,5,OPTFUT,MCX,50.000000,600,False
576487,CRUDEOIL17SEP263850PE,CRUDEOIL,17SEP2026,385000.000000,100,OPTFUT,MCX,10.000000,10000,False
576489,CRUDEOIL17SEP263750PE,CRUDEOIL,17SEP2026,375000.000000,100,OPTFUT,MCX,10.000000,10000,False
576503,CRUDEOIL17SEP267100PE,CRUDEOIL,17SEP2026,710000.000000,100,OPTFUT,MCX,10.000000,10000,False
576509,CRUDEOIL17SEP267400PE,CRUDEOIL,17SEP2026,740000.000000,100,OPTFUT,MCX,10.000000,10000,False
558727,SILVERM23NOV26256000CE,SILVERM,23NOV2026,25600000.000000,5,OPTFUT,MCX,50.000000,600,False
558738,SILVERM23NOV26245000CE,SILVERM,23NOV2026,24500000.000000,5,OPTFUT,MCX,50.000000,600,False
558755,SILVERM23NOV26302000CE,SILVERM,23NOV2026,30200000.000000,5,OPTFUT,MCX,50.000000,600,False
558758,SILVERM23NOV26305000CE,SILVERM,23NOV2026,30500000.000000,5,OPTFUT,MCX,50.000000,600,False
576511,CRUDEOIL17SEP267500PE,CRUDEOIL,17SEP2026,750000.000000,100,OPTFUT,MCX,10.000000,10000,False
576514,CRUDEOIL17SEP267650PE,CRUDEOIL,17SEP2026,765000.000000,100,OPTFUT,MCX,10.000000,10000,False
576526,CRUDEOIL17SEP268250PE,CRUDEOIL,17SEP2026,825000.000000,100,OPTFUT,MCX,10.000000,10000,False
576529,CRUDEOIL17SEP268400PE,CRUDEOIL,17SEP2026,840000.000000,100,OPTFUT,MCX,10.000000,10000,False
576539,CRUDEOIL17SEP268900PE,CRUDEOIL,17SEP2026,890000.000000,100,OPTFUT,MCX,10.000000,10000,False
576543,CRUDEOIL17SEP269100PE,CRUDEOIL,17SEP2026,910000.000000,100,OPTFUT,MCX,10.000000,10000,False
576545,CRUDEOIL17SEP269200PE,CRUDEOIL,17SEP2026,920000.000000,100,OPTFUT,MCX,10.000000,10000,False
576560,CRUDEOIL17SEP269950PE,CRUDEOIL,17SEP2026,995000.000000,100,OPTFUT,MCX,10.000000,10000,False
558765,SILVERM23NOV26312000CE,SILVERM,23NOV2026,31200000.000000,5,OPTFUT,MCX,50.000000,600,False
559022,SILVERM24SEP26281000PE,SILVERM,24SEP2026,28100000.000000,5,OPTFUT,MCX,50.000000,600,False
559027,SILVERM24SEP26276000PE,SILVERM,24SEP2026,27600000.000000,5,OPTFUT,MCX,50.000000,600,False
559037,SILVERM24SEP26266000PE,SILVERM,24SEP2026,26600000.000000,5,OPTFUT,MCX,50.000000,600,False
559045,SILVERM24SEP26258000PE,SILVERM,24SEP2026,25800000.000000,5,OPTFUT,MCX,50.000000,600,False
559057,SILVERM24SEP26246000PE,SILVERM,24SEP2026,24600000.000000,5,OPTFUT,MCX,50.000000,600,False
559063,SILVERM24SEP26290000PE,SILVERM,24SEP2026,29000000.000000,5,OPTFUT,MCX,50.000000,600,False
559065,SILVERM24SEP26292000PE,SILVERM,24SEP2026,29200000.000000,5,OPTFUT,MCX,50.000000,600,False
576570,CRUDEOIL17SEP2610450PE,CRUDEOIL,17SEP2026,1045000.000000,100,OPTFUT,MCX,10.000000,10000,False
576575,CRUDEOIL17SEP2610700PE,CRUDEOIL,17SEP2026,1070000.000000,100,OPTFUT,MCX,10.000000,10000,False
576580,CRUDEOILM17SEP266900CE,CRUDEOILM,17SEP2026,690000.000000,10,OPTFUT,MCX,5.000000,10000,False
576585,CRUDEOILM17SEP266650CE,CRUDEOILM,17SEP2026,665000.000000,10,OPTFUT,MCX,5.000000,10000,False
559071,SILVERM24SEP26298000PE,SILVERM,24SEP2026,29800000.000000,5,OPTFUT,MCX,50.000000,600,False
559094,SILVERM24SEP26321000PE,SILVERM,24SEP2026,32100000.000000,5,OPTFUT,MCX,50.000000,600,False
559114,SILVERM27OCT26269000PE,SILVERM,27OCT2026,26900000.000000,5,OPTFUT,MCX,50.000000,600,False
559125,SILVERM27OCT26258000PE,SILVERM,27OCT2026,25800000.000000,5,OPTFUT,MCX,50.000000,600,False
576591,CRUDEOILM17SEP266350CE,CRUDEOILM,17SEP2026,635000.000000,10,OPTFUT,MCX,5.000000,10000,False
576593,CRUDEOILM17SEP266250CE,CRUDEOILM,17SEP2026,625000.000000,10,OPTFUT,MCX,5.000000,10000,False
576595,CRUDEOILM17SEP266150CE,CRUDEOILM,17SEP2026,615000.000000,10,OPTFUT,MCX,5.000000,10000,False
576619,CRUDEOILM17SEP264950CE,CRUDEOILM,17SEP2026,495000.000000,10,OPTFUT,MCX,5.000000,10000,False
559137,SILVERM27OCT26246000PE,SILVERM,27OCT2026,24600000.000000,5,OPTFUT,MCX,50.000000,600,False
559138,SILVERM27OCT26245000PE,SILVERM,27OCT2026,24500000.000000,5,OPTFUT,MCX,50.000000,600,False
559144,SILVERM27OCT26291000PE,SILVERM,27OCT2026,29100000.000000,5,OPTFUT,MCX,50.000000,600,False
559155,SILVERM27OCT26302000PE,SILVERM,27OCT2026,30200000.000000,5,OPTFUT,MCX,50.000000,600,False
576624,CRUDEOILM17SEP264700CE,CRUDEOILM,17SEP2026,470000.000000,10,OPTFUT,MCX,5.000000,10000,False
576629,CRUDEOILM17SEP264450CE,CRUDEOILM,17SEP2026,445000.000000,10,OPTFUT,MCX,5.000000,10000,False
576646,CRUDEOILM17SEP263600CE,CRUDEOILM,17SEP2026,360000.000000,10,OPTFUT,MCX,5.000000,10000,False
576651,CRUDEOILM17SEP263350CE,CRUDEOILM,17SEP2026,335000.000000,10,OPTFUT,MCX,5.000000,10000,False
576663,CRUDEOILM17SEP267400CE,CRUDEOILM,17SEP2026,740000.000000,10,OPTFUT,MCX,5.000000,10000,False
576665,CRUDEOILM17SEP267500CE,CRUDEOILM,17SEP2026,750000.000000,10,OPTFUT,MCX,5.000000,10000,False
576678,CRUDEOILM17SEP268150CE,CRUDEOILM,17SEP2026,815000.000000,10,OPTFUT,MCX,5.000000,10000,False
576706,CRUDEOILM17SEP269550CE,CRUDEOILM,17SEP2026,955000.000000,10,OPTFUT,MCX,5.000000,10000,False
559157,SILVERM27OCT26304000PE,SILVERM,27OCT2026,30400000.000000,5,OPTFUT,MCX,50.000000,600,False
559158,SILVERM27OCT26305000PE,SILVERM,27OCT2026,30500000.000000,5,OPTFUT,MCX,50.000000,600,False
559162,SILVERM27OCT26309000PE,SILVERM,27OCT2026,30900000.000000,5,OPTFUT,MCX,50.000000,600,False
559164,SILVERM27OCT26311000PE,SILVERM,27OCT2026,31100000.000000,5,OPTFUT,MCX,50.000000,600,False
576710,CRUDEOILM17SEP269750CE,CRUDEOILM,17SEP2026,975000.000000,10,OPTFUT,MCX,5.000000,10000,False
576714,CRUDEOILM17SEP269950CE,CRUDEOILM,17SEP2026,995000.000000,10,OPTFUT,MCX,5.000000,10000,False
576728,CRUDEOILM17SEP2610650CE,CRUDEOILM,17SEP2026,1065000.000000,10,OPTFUT,MCX,5.000000,10000,False
576741,CRUDEOILM17SEP266550PE,CRUDEOILM,17SEP2026,655000.000000,10,OPTFUT,MCX,5.000000,10000,False
559167,SILVERM27OCT26314000PE,SILVERM,27OCT2026,31400000.000000,5,OPTFUT,MCX,50.000000,600,False
559173,SILVERM27OCT26320000PE,SILVERM,27OCT2026,32000000.000000,5,OPTFUT,MCX,50.000000,600,False
559174,SILVERM27OCT26321000PE,SILVERM,27OCT2026,32100000.000000,5,OPTFUT,MCX,50.000000,600,False
559181,SILVERM23NOV26282000PE,SILVERM,23NOV2026,28200000.000000,5,OPTFUT,MCX,50.000000,600,False
576746,CRUDEOILM17SEP266300PE,CRUDEOILM,17SEP2026,630000.000000,10,OPTFUT,MCX,5.000000,10000,False
576747,CRUDEOILM17SEP266250PE,CRUDEOILM,17SEP2026,625000.000000,10,OPTFUT,MCX,5.000000,10000,False
576752,CRUDEOILM17SEP266000PE,CRUDEOILM,17SEP2026,600000.000000,10,OPTFUT,MCX,5.000000,10000,False
576775,CRUDEOILM17SEP264850PE,CRUDEOILM,17SEP2026,485000.000000,10,OPTFUT,MCX,5.000000,10000,False
559182,SILVERM23NOV26281000PE,SILVERM,23NOV2026,28100000.000000,5,OPTFUT,MCX,50.000000,600,False
559183,SILVERM23NOV26280000PE,SILVERM,23NOV2026,28000000.000000,5,OPTFUT,MCX,50.000000,600,False
559186,SILVERM23NOV26277000PE,SILVERM,23NOV2026,27700000.000000,5,OPTFUT,MCX,50.000000,600,False
559187,SILVERM23NOV26276000PE,SILVERM,23NOV2026,27600000.000000,5,OPTFUT,MCX,50.000000,600,False
576797,CRUDEOILM17SEP263750PE,CRUDEOILM,17SEP2026,375000.000000,10,OPTFUT,MCX,5.000000,10000,False
576800,CRUDEOILM17SEP263600PE,CRUDEOILM,17SEP2026,360000.000000,10,OPTFUT,MCX,5.000000,10000,False
576803,CRUDEOILM17SEP263450PE,CRUDEOILM,17SEP2026,345000.000000,10,OPTFUT,MCX,5.000000,10000,False
576806,CRUDEOILM17SEP263300PE,CRUDEOILM,17SEP2026,330000.000000,10,OPTFUT,MCX,5.000000,10000,False
576815,CRUDEOILM17SEP267300PE,CRUDEOILM,17SEP2026,730000.000000,10,OPTFUT,MCX,5.000000,10000,False
576816,CRUDEOILM17SEP267350PE,CRUDEOILM,17SEP2026,735000.000000,10,OPTFUT,MCX,5.000000,10000,False
576819,CRUDEOILM17SEP267500PE,CRUDEOILM,17SEP2026,750000.000000,10,OPTFUT,MCX,5.000000,10000,False
576823,CRUDEOILM17SEP267700PE,CRUDEOILM,17SEP2026,770000.000000,10,OPTFUT,MCX,5.000000,10000,False
559208,SILVERM23NOV26255000PE,SILVERM,23NOV2026,25500000.000000,5,OPTFUT,MCX,50.000000,600,False
559228,SILVERM23NOV26295000PE,SILVERM,23NOV2026,29500000.000000,5,OPTFUT,MCX,50.000000,600,False
559237,SILVERM23NOV26304000PE,SILVERM,23NOV2026,30400000.000000,5,OPTFUT,MCX,50.000000,600,False
559243,SILVERM23NOV26310000PE,SILVERM,23NOV2026,31000000.000000,5,OPTFUT,MCX,50.000000,600,False
576826,CRUDEOILM17SEP267850PE,CRUDEOILM,17SEP2026,785000.000000,10,OPTFUT,MCX,5.000000,10000,False
576843,CRUDEOILM17SEP268700PE,CRUDEOILM,17SEP2026,870000.000000,10,OPTFUT,MCX,5.000000,10000,False
576846,CRUDEOILM17SEP268850PE,CRUDEOILM,17SEP2026,885000.000000,10,OPTFUT,MCX,5.000000,10000,False
576848,CRUDEOILM17SEP268950PE,CRUDEOILM,17SEP2026,895000.000000,10,OPTFUT,MCX,5.000000,10000,False
559253,SILVERM23NOV26320000PE,SILVERM,23NOV2026,32000000.000000,5,OPTFUT,MCX,50.000000,600,False
559255,SILVERM23NOV26322000PE,SILVERM,23NOV2026,32200000.000000,5,OPTFUT,MCX,50.000000,600,False
559294,GOLD30OCT26194000CE,GOLD,30OCT2026,19400000.000000,1,OPTFUT,MCX,50.000000,100,False
559301,GOLD27NOV26194000CE,GOLD,27NOV2026,19400000.000000,1,OPTFUT,MCX,50.000000,100,False
576859,CRUDEOILM17SEP269500PE,CRUDEOILM,17SEP2026,950000.000000,10,OPTFUT,MCX,5.000000,10000,False
576863,CRUDEOILM17SEP269700PE,CRUDEOILM,17SEP2026,970000.000000,10,OPTFUT,MCX,5.000000,10000,False
576889,CRUDEOIL17SEP2610850CE,CRUDEOIL,17SEP2026,1085000.000000,100,OPTFUT,MCX,10.000000,10000,False
576891,CRUDEOIL17SEP2610750PE,CRUDEOIL,17SEP2026,1075000.000000,100,OPTFUT,MCX,10.000000,10000,False
559326,GOLD25SEP26190000PE,GOLD,25SEP2026,19000000.000000,1,OPTFUT,MCX,50.000000,100,False
559340,GOLD27NOV26192500PE,GOLD,27NOV2026,19250000.000000,1,OPTFUT,MCX,50.000000,100,False
559457,SILVER24SEP26325000CE,SILVER,24SEP2026,32500000.000000,30,OPTFUT,MCX,50.000000,600,False
559474,SILVER27OCT26328000CE,SILVER,27OCT2026,32800000.000000,30,OPTFUT,MCX,50.000000,600,False
576913,CRUDEOILM17SEP2610750CE,CRUDEOILM,17SEP2026,1075000.000000,10,OPTFUT,MCX,5.000000,10000,False
576915,CRUDEOILM17SEP2610850CE,CRUDEOILM,17SEP2026,1085000.000000,10,OPTFUT,MCX,5.000000,10000,False
576917,CRUDEOILM17SEP2610750PE,CRUDEOILM,17SEP2026,1075000.000000,10,OPTFUT,MCX,5.000000,10000,False
576948,COPPER23SEP261180PE,COPPER,23SEP2026,118000.000000,2500,OPTFUT,MCX,1.000000,70000,False
559483,SILVER27OCT26337000CE,SILVER,27OCT2026,33700000.000000,30,OPTFUT,MCX,50.000000,600,False
559484,SILVER27NOV26324000CE,SILVER,27NOV2026,32400000.000000,30,OPTFUT,MCX,50.000000,600,False
559490,SILVER27NOV26330000CE,SILVER,27NOV2026,33000000.000000,30,OPTFUT,MCX,50.000000,600,False
559491,SILVER27NOV26331000CE,SILVER,27NOV2026,33100000.000000,30,OPTFUT,MCX,50.000000,600,False
576951,GOLD26FEB27136000CE,GOLD,26FEB2027,13600000.000000,1,OPTFUT,MCX,50.000000,100,False
576973,SILVER25MAR27210000CE,SILVER,25MAR2027,21000000.000000,30,OPTFUT,MCX,50.000000,600,False
576986,SILVER26FEB27205000PE,SILVER,26FEB2027,20500000.000000,30,OPTFUT,MCX,50.000000,600,False
577026,SILVERM25MAR27214000CE,SILVERM,25MAR2027,21400000.000000,5,OPTFUT,MCX,50.000000,600,False
577027,SILVERM25MAR27213000CE,SILVERM,25MAR2027,21300000.000000,5,OPTFUT,MCX,50.000000,600,False
577031,SILVERM23APR27223000CE,SILVERM,23APR2027,22300000.000000,5,OPTFUT,MCX,50.000000,600,False
577039,SILVERM23APR27215000CE,SILVERM,23APR2027,21500000.000000,5,OPTFUT,MCX,50.000000,600,False
577052,SILVERM25MAR27224000PE,SILVERM,25MAR2027,22400000.000000,5,OPTFUT,MCX,50.000000,600,False
559492,SILVER27NOV26332000CE,SILVER,27NOV2026,33200000.000000,30,OPTFUT,MCX,50.000000,600,False
559549,SILVER24SEP26334000PE,SILVER,24SEP2026,33400000.000000,30,OPTFUT,MCX,50.000000,600,False
559556,SILVER27OCT26327000PE,SILVER,27OCT2026,32700000.000000,30,OPTFUT,MCX,50.000000,600,False
559559,SILVER27OCT26330000PE,SILVER,27OCT2026,33000000.000000,30,OPTFUT,MCX,50.000000,600,False
577054,SILVERM25MAR27222000PE,SILVERM,25MAR2027,22200000.000000,5,OPTFUT,MCX,50.000000,600,False
577056,SILVERM25MAR27220000PE,SILVERM,25MAR2027,22000000.000000,5,OPTFUT,MCX,50.000000,600,False
577061,SILVERM25MAR27215000PE,SILVERM,25MAR2027,21500000.000000,5,OPTFUT,MCX,50.000000,600,False
577069,SILVERM23APR27221000PE,SILVERM,23APR2027,22100000.000000,5,OPTFUT,MCX,50.000000,600,False
559573,SILVER27NOV26330000PE,SILVER,27NOV2026,33000000.000000,30,OPTFUT,MCX,50.000000,600,False
559575,SILVER27NOV26332000PE,SILVER,27NOV2026,33200000.000000,30,OPTFUT,MCX,50.000000,600,False
559578,SILVER27NOV26335000PE,SILVER,27NOV2026,33500000.000000,30,OPTFUT,MCX,50.000000,600,False
559625,SILVERM24SEP26331000CE,SILVERM,24SEP2026,33100000.000000,5,OPTFUT,MCX,50.000000,600,False
559706,SILVERM24SEP26337000PE,SILVERM,24SEP2026,33700000.000000,5,OPTFUT,MCX,50.000000,600,False
559707,SILVERM27OCT26326000PE,SILVERM,27OCT2026,32600000.000000,5,OPTFUT,MCX,50.000000,600,False
559711,SILVERM27OCT26330000PE,SILVERM,27OCT2026,33000000.000000,5,OPTFUT,MCX,50.000000,600,False
559723,SILVERM23NOV26330000PE,SILVERM,23NOV2026,33000000.000000,5,OPTFUT,MCX,50.000000,600,False
577070,SILVERM23APR27220000PE,SILVERM,23APR2027,22000000.000000,5,OPTFUT,MCX,50.000000,600,False
577071,SILVERM23APR27219000PE,SILVERM,23APR2027,21900000.000000,5,OPTFUT,MCX,50.000000,600,False
577131,COPPER23SEP261130PE,COPPER,23SEP2026,113000.000000,2500,OPTFUT,MCX,1.000000,70000,False
577163,CRUDEOIL17SEP263050PE,CRUDEOIL,17SEP2026,305000.000000,100,OPTFUT,MCX,10.000000,10000,False
559832,SILVERM24SEP26340000PE,SILVERM,24SEP2026,34000000.000000,5,OPTFUT,MCX,50.000000,600,False
559893,SILVER24SEP26241000PE,SILVER,24SEP2026,24100000.000000,30,OPTFUT,MCX,50.000000,600,False
559933,GOLD05FEB27FUT,GOLD,05FEB2027,0.000000,1,FUTCOM,MCX,100.000000,10,False
559957,GOLD31DEC26165500CE,GOLD,31DEC2026,16550000.000000,1,OPTFUT,MCX,50.000000,100,False
577203,GOLD29JAN27127000CE,GOLD,29JAN2027,12700000.000000,1,OPTFUT,MCX,50.000000,100,False
577207,GOLD26FEB27134500CE,GOLD,26FEB2027,13450000.000000,1,OPTFUT,MCX,50.000000,100,False
577209,GOLD26FEB27133500CE,GOLD,26FEB2027,13350000.000000,1,OPTFUT,MCX,50.000000,100,False
577210,GOLD26FEB27133000CE,GOLD,26FEB2027,13300000.000000,1,OPTFUT,MCX,50.000000,100,False
577214,GOLD26FEB27131000CE,GOLD,26FEB2027,13100000.000000,1,OPTFUT,MCX,50.000000,100,False
577217,GOLD26FEB27129500CE,GOLD,26FEB2027,12950000.000000,1,OPTFUT,MCX,50.000000,100,False
577218,GOLD29MAR27135500CE,GOLD,29MAR2027,13550000.000000,1,OPTFUT,MCX,50.000000,100,False
577222,GOLD29MAR27133500CE,GOLD,29MAR2027,13350000.000000,1,OPTFUT,MCX,50.000000,100,False
559959,GOLD31DEC26164500CE,GOLD,31DEC2026,16450000.000000,1,OPTFUT,MCX,50.000000,100,False
559962,GOLD31DEC26163000CE,GOLD,31DEC2026,16300000.000000,1,OPTFUT,MCX,50.000000,100,False
559963,GOLD31DEC26162500CE,GOLD,31DEC2026,16250000.000000,1,OPTFUT,MCX,50.000000,100,False
559967,GOLD31DEC26160500CE,GOLD,31DEC2026,16050000.000000,1,OPTFUT,MCX,50.000000,100,False
577224,GOLD29MAR27132500CE,GOLD,29MAR2027,13250000.000000,1,OPTFUT,MCX,50.000000,100,False
577241,GOLD30APR27133500CE,GOLD,30APR2027,13350000.000000,1,OPTFUT,MCX,50.000000,100,False
577256,GOLD28MAY27132500CE,GOLD,28MAY2027,13250000.000000,1,OPTFUT,MCX,50.000000,100,False
577291,GOLD29JAN27128000PE,GOLD,29JAN2027,12800000.000000,1,OPTFUT,MCX,50.000000,100,False
559968,GOLD31DEC26160000CE,GOLD,31DEC2026,16000000.000000,1,OPTFUT,MCX,50.000000,100,False
559973,GOLD31DEC26157500CE,GOLD,31DEC2026,15750000.000000,1,OPTFUT,MCX,50.000000,100,False
560013,GOLD31DEC26175500CE,GOLD,31DEC2026,17550000.000000,1,OPTFUT,MCX,50.000000,100,False
560026,GOLD31DEC26182000CE,GOLD,31DEC2026,18200000.000000,1,OPTFUT,MCX,50.000000,100,False
560032,GOLD31DEC26185000CE,GOLD,31DEC2026,18500000.000000,1,OPTFUT,MCX,50.000000,100,False
560038,GOLD31DEC26188000CE,GOLD,31DEC2026,18800000.000000,1,OPTFUT,MCX,50.000000,100,False
560043,GOLD31DEC26190500CE,GOLD,31DEC2026,19050000.000000,1,OPTFUT,MCX,50.000000,100,False
560058,GOLD29JAN27165000CE,GOLD,29JAN2027,16500000.000000,1,OPTFUT,MCX,50.000000,100,False
577297,GOLD26FEB27134500PE,GOLD,26FEB2027,13450000.000000,1,OPTFUT,MCX,50.000000,100,False
577300,GOLD26FEB27133000PE,GOLD,26FEB2027,13300000.000000,1,OPTFUT,MCX,50.000000,100,False
577304,GOLD26FEB27131000PE,GOLD,26FEB2027,13100000.000000,1,OPTFUT,MCX,50.000000,100,False
577310,GOLD29MAR27134500PE,GOLD,29MAR2027,13450000.000000,1,OPTFUT,MCX,50.000000,100,False
577311,GOLD29MAR27134000PE,GOLD,29MAR2027,13400000.000000,1,OPTFUT,MCX,50.000000,100,False
577321,GOLD30APR27138500PE,GOLD,30APR2027,13850000.000000,1,OPTFUT,MCX,50.000000,100,False
577328,GOLD30APR27135000PE,GOLD,30APR2027,13500000.000000,1,OPTFUT,MCX,50.000000,100,False
577331,GOLD30APR27133500PE,GOLD,30APR2027,13350000.000000,1,OPTFUT,MCX,50.000000,100,False
560059,GOLD29JAN27164500CE,GOLD,29JAN2027,16450000.000000,1,OPTFUT,MCX,50.000000,100,False
560074,GOLD29JAN27157000CE,GOLD,29JAN2027,15700000.000000,1,OPTFUT,MCX,50.000000,100,False
560078,GOLD29JAN27155000CE,GOLD,29JAN2027,15500000.000000,1,OPTFUT,MCX,50.000000,100,False
560083,GOLD29JAN27152500CE,GOLD,29JAN2027,15250000.000000,1,OPTFUT,MCX,50.000000,100,False
577344,GOLD28MAY27133500PE,GOLD,28MAY2027,13350000.000000,1,OPTFUT,MCX,50.000000,100,False
577437,SILVER24SEP26195000CE,SILVER,24SEP2026,19500000.000000,30,OPTFUT,MCX,50.000000,600,False
577438,SILVER24SEP26194000CE,SILVER,24SEP2026,19400000.000000,30,OPTFUT,MCX,50.000000,600,False
577445,SILVER24SEP26187000CE,SILVER,24SEP2026,18700000.000000,30,OPTFUT,MCX,50.000000,600,False
560089,GOLD29JAN27149500CE,GOLD,29JAN2027,14950000.000000,1,OPTFUT,MCX,50.000000,100,False
560101,GOLD29JAN27169500CE,GOLD,29JAN2027,16950000.000000,1,OPTFUT,MCX,50.000000,100,False
560107,GOLD29JAN27172500CE,GOLD,29JAN2027,17250000.000000,1,OPTFUT,MCX,50.000000,100,False
560115,GOLD29JAN27176500CE,GOLD,29JAN2027,17650000.000000,1,OPTFUT,MCX,50.000000,100,False
577452,SILVER27OCT26195000CE,SILVER,27OCT2026,19500000.000000,30,OPTFUT,MCX,50.000000,600,False
577453,SILVER27OCT26194000CE,SILVER,27OCT2026,19400000.000000,30,OPTFUT,MCX,50.000000,600,False
577461,SILVER27OCT26186000CE,SILVER,27OCT2026,18600000.000000,30,OPTFUT,MCX,50.000000,600,False
577464,SILVER27OCT26183000CE,SILVER,27OCT2026,18300000.000000,30,OPTFUT,MCX,50.000000,600,False
560120,GOLD29JAN27179000CE,GOLD,29JAN2027,17900000.000000,1,OPTFUT,MCX,50.000000,100,False
560131,GOLD29JAN27184500CE,GOLD,29JAN2027,18450000.000000,1,OPTFUT,MCX,50.000000,100,False
560138,GOLD29JAN27188000CE,GOLD,29JAN2027,18800000.000000,1,OPTFUT,MCX,50.000000,100,False
560139,GOLD29JAN27188500CE,GOLD,29JAN2027,18850000.000000,1,OPTFUT,MCX,50.000000,100,False
560142,GOLD29JAN27190000CE,GOLD,29JAN2027,19000000.000000,1,OPTFUT,MCX,50.000000,100,False
560153,GOLD31DEC26167500PE,GOLD,31DEC2026,16750000.000000,1,OPTFUT,MCX,50.000000,100,False
560159,GOLD31DEC26164500PE,GOLD,31DEC2026,16450000.000000,1,OPTFUT,MCX,50.000000,100,False
560163,GOLD31DEC26162500PE,GOLD,31DEC2026,16250000.000000,1,OPTFUT,MCX,50.000000,100,False
577468,SILVER27NOV26194000CE,SILVER,27NOV2026,19400000.000000,30,OPTFUT,MCX,50.000000,600,False
577474,SILVER27NOV26188000CE,SILVER,27NOV2026,18800000.000000,30,OPTFUT,MCX,50.000000,600,False
577491,SILVER28DEC26193000CE,SILVER,28DEC2026,19300000.000000,30,OPTFUT,MCX,50.000000,600,False
577494,SILVER28DEC26190000CE,SILVER,28DEC2026,19000000.000000,30,OPTFUT,MCX,50.000000,600,False
577496,SILVER28DEC26188000CE,SILVER,28DEC2026,18800000.000000,30,OPTFUT,MCX,50.000000,600,False
577497,SILVER28DEC26187000CE,SILVER,28DEC2026,18700000.000000,30,OPTFUT,MCX,50.000000,600,False
577507,SILVER25JAN27195000CE,SILVER,25JAN2027,19500000.000000,30,OPTFUT,MCX,50.000000,600,False
577525,SILVER26FEB27195000CE,SILVER,26FEB2027,19500000.000000,30,OPTFUT,MCX,50.000000,600,False
560165,GOLD31DEC26161500PE,GOLD,31DEC2026,16150000.000000,1,OPTFUT,MCX,50.000000,100,False
560170,GOLD31DEC26159000PE,GOLD,31DEC2026,15900000.000000,1,OPTFUT,MCX,50.000000,100,False
560174,GOLD31DEC26157000PE,GOLD,31DEC2026,15700000.000000,1,OPTFUT,MCX,50.000000,100,False
560187,GOLD31DEC26150500PE,GOLD,31DEC2026,15050000.000000,1,OPTFUT,MCX,50.000000,100,False
560190,GOLD31DEC26149000PE,GOLD,31DEC2026,14900000.000000,1,OPTFUT,MCX,50.000000,100,False
560193,GOLD31DEC26147500PE,GOLD,31DEC2026,14750000.000000,1,OPTFUT,MCX,50.000000,100,False
560194,GOLD31DEC26147000PE,GOLD,31DEC2026,14700000.000000,1,OPTFUT,MCX,50.000000,100,False
560199,GOLD31DEC26144500PE,GOLD,31DEC2026,14450000.000000,1,OPTFUT,MCX,50.000000,100,False
577541,SILVER25MAR27202000CE,SILVER,25MAR2027,20200000.000000,30,OPTFUT,MCX,50.000000,600,False
577544,SILVER25MAR27199000CE,SILVER,25MAR2027,19900000.000000,30,OPTFUT,MCX,50.000000,600,False
577551,SILVER25MAR27192000CE,SILVER,25MAR2027,19200000.000000,30,OPTFUT,MCX,50.000000,600,False
577555,SILVER28APR27208000CE,SILVER,28APR2027,20800000.000000,30,OPTFUT,MCX,50.000000,600,False
560207,GOLD31DEC26172500PE,GOLD,31DEC2026,17250000.000000,1,OPTFUT,MCX,50.000000,100,False
560209,GOLD31DEC26173500PE,GOLD,31DEC2026,17350000.000000,1,OPTFUT,MCX,50.000000,100,False
560214,GOLD31DEC26176000PE,GOLD,31DEC2026,17600000.000000,1,OPTFUT,MCX,50.000000,100,False
560234,GOLD31DEC26186000PE,GOLD,31DEC2026,18600000.000000,1,OPTFUT,MCX,50.000000,100,False
577604,SILVER24SEP26193000PE,SILVER,24SEP2026,19300000.000000,30,OPTFUT,MCX,50.000000,600,False
577605,SILVER24SEP26192000PE,SILVER,24SEP2026,19200000.000000,30,OPTFUT,MCX,50.000000,600,False
577615,SILVER27OCT26197000PE,SILVER,27OCT2026,19700000.000000,30,OPTFUT,MCX,50.000000,600,False
577622,SILVER27OCT26190000PE,SILVER,27OCT2026,19000000.000000,30,OPTFUT,MCX,50.000000,600,False
560252,GOLD29JAN27168000PE,GOLD,29JAN2027,16800000.000000,1,OPTFUT,MCX,50.000000,100,False
560257,GOLD29JAN27165500PE,GOLD,29JAN2027,16550000.000000,1,OPTFUT,MCX,50.000000,100,False
560266,GOLD29JAN27161000PE,GOLD,29JAN2027,16100000.000000,1,OPTFUT,MCX,50.000000,100,False
560277,GOLD29JAN27155500PE,GOLD,29JAN2027,15550000.000000,1,OPTFUT,MCX,50.000000,100,False
577638,SILVER27NOV26189000PE,SILVER,27NOV2026,18900000.000000,30,OPTFUT,MCX,50.000000,600,False
577644,SILVER27NOV26183000PE,SILVER,27NOV2026,18300000.000000,30,OPTFUT,MCX,50.000000,600,False
577652,SILVER28DEC26197000PE,SILVER,28DEC2026,19700000.000000,30,OPTFUT,MCX,50.000000,600,False
577665,SILVER25JAN27202000PE,SILVER,25JAN2027,20200000.000000,30,OPTFUT,MCX,50.000000,600,False
560280,GOLD29JAN27154000PE,GOLD,29JAN2027,15400000.000000,1,OPTFUT,MCX,50.000000,100,False
560319,GOLD29JAN27178500PE,GOLD,29JAN2027,17850000.000000,1,OPTFUT,MCX,50.000000,100,False
560324,GOLD29JAN27181000PE,GOLD,29JAN2027,18100000.000000,1,OPTFUT,MCX,50.000000,100,False
560333,GOLD29JAN27185500PE,GOLD,29JAN2027,18550000.000000,1,OPTFUT,MCX,50.000000,100,False
577668,SILVER25JAN27199000PE,SILVER,25JAN2027,19900000.000000,30,OPTFUT,MCX,50.000000,600,False
577678,SILVER25JAN27189000PE,SILVER,25JAN2027,18900000.000000,30,OPTFUT,MCX,50.000000,600,False
577685,SILVER26FEB27200000PE,SILVER,26FEB2027,20000000.000000,30,OPTFUT,MCX,50.000000,600,False
577700,SILVER25MAR27208000PE,SILVER,25MAR2027,20800000.000000,30,OPTFUT,MCX,50.000000,600,False
577705,SILVER25MAR27203000PE,SILVER,25MAR2027,20300000.000000,30,OPTFUT,MCX,50.000000,600,False
577706,SILVER25MAR27202000PE,SILVER,25MAR2027,20200000.000000,30,OPTFUT,MCX,50.000000,600,False
577737,SILVER28APR27191000PE,SILVER,28APR2027,19100000.000000,30,OPTFUT,MCX,50.000000,600,False
577771,SILVERM24SEP26199000CE,SILVERM,24SEP2026,19900000.000000,5,OPTFUT,MCX,50.000000,600,False
560401,SILVERM27OCT26242000PE,SILVERM,27OCT2026,24200000.000000,5,OPTFUT,MCX,50.000000,600,False
560404,SILVERM23NOV26243000PE,SILVERM,23NOV2026,24300000.000000,5,OPTFUT,MCX,50.000000,600,False
560405,SILVERM23NOV26242000PE,SILVERM,23NOV2026,24200000.000000,5,OPTFUT,MCX,50.000000,600,False
560436,GOLD29JAN27196000PE,GOLD,29JAN2027,19600000.000000,1,OPTFUT,MCX,50.000000,100,False
577774,SILVERM24SEP26196000CE,SILVERM,24SEP2026,19600000.000000,5,OPTFUT,MCX,50.000000,600,False
577780,SILVERM24SEP26190000CE,SILVERM,24SEP2026,19000000.000000,5,OPTFUT,MCX,50.000000,600,False
577791,SILVERM27OCT26195000CE,SILVERM,27OCT2026,19500000.000000,5,OPTFUT,MCX,50.000000,600,False
577799,SILVERM23NOV26203000CE,SILVERM,23NOV2026,20300000.000000,5,OPTFUT,MCX,50.000000,600,False
560468,SILVER24SEP26234000CE,SILVER,24SEP2026,23400000.000000,30,OPTFUT,MCX,50.000000,600,False
560474,SILVER27OCT26234000CE,SILVER,27OCT2026,23400000.000000,30,OPTFUT,MCX,50.000000,600,False
560479,SILVER27NOV26235000CE,SILVER,27NOV2026,23500000.000000,30,OPTFUT,MCX,50.000000,600,False
560482,SILVER27NOV26232000CE,SILVER,27NOV2026,23200000.000000,30,OPTFUT,MCX,50.000000,600,False
577822,SILVERM28DEC26203000CE,SILVERM,28DEC2026,20300000.000000,5,OPTFUT,MCX,50.000000,600,False
577832,SILVERM25JAN27208000CE,SILVERM,25JAN2027,20800000.000000,5,OPTFUT,MCX,50.000000,600,False
577875,SILVERM23APR27205000CE,SILVERM,23APR2027,20500000.000000,5,OPTFUT,MCX,50.000000,600,False
577876,SILVERM23APR27204000CE,SILVERM,23APR2027,20400000.000000,5,OPTFUT,MCX,50.000000,600,False
560506,SILVER27OCT26236000PE,SILVER,27OCT2026,23600000.000000,30,OPTFUT,MCX,50.000000,600,False
560532,SILVERM24SEP26240000CE,SILVERM,24SEP2026,24000000.000000,5,OPTFUT,MCX,50.000000,600,False
560533,SILVERM24SEP26239000CE,SILVERM,24SEP2026,23900000.000000,5,OPTFUT,MCX,50.000000,600,False
560538,SILVERM24SEP26234000CE,SILVERM,24SEP2026,23400000.000000,5,OPTFUT,MCX,50.000000,600,False
560540,SILVERM27OCT26240000CE,SILVERM,27OCT2026,24000000.000000,5,OPTFUT,MCX,50.000000,600,False
560546,SILVERM27OCT26234000CE,SILVERM,27OCT2026,23400000.000000,5,OPTFUT,MCX,50.000000,600,False
560549,SILVERM23NOV26239000CE,SILVERM,23NOV2026,23900000.000000,5,OPTFUT,MCX,50.000000,600,False
560552,SILVERM23NOV26236000CE,SILVERM,23NOV2026,23600000.000000,5,OPTFUT,MCX,50.000000,600,False
560553,SILVERM23NOV26235000CE,SILVERM,23NOV2026,23500000.000000,5,OPTFUT,MCX,50.000000,600,False
560572,SILVERM24SEP26239000PE,SILVERM,24SEP2026,23900000.000000,5,OPTFUT,MCX,50.000000,600,False
560575,SILVERM24SEP26236000PE,SILVERM,24SEP2026,23600000.000000,5,OPTFUT,MCX,50.000000,600,False
560576,SILVERM24SEP26235000PE,SILVERM,24SEP2026,23500000.000000,5,OPTFUT,MCX,50.000000,600,False
560580,SILVERM27OCT26239000PE,SILVERM,27OCT2026,23900000.000000,5,OPTFUT,MCX,50.000000,600,False
560649,GOLD25SEP26137500CE,GOLD,25SEP2026,13750000.000000,1,OPTFUT,MCX,50.000000,100,False
560655,GOLD30OCT26139500CE,GOLD,30OCT2026,13950000.000000,1,OPTFUT,MCX,50.000000,100,False
560656,GOLD30OCT26139000CE,GOLD,30OCT2026,13900000.000000,1,OPTFUT,MCX,50.000000,100,False
560658,GOLD27NOV26140000CE,GOLD,27NOV2026,14000000.000000,1,OPTFUT,MCX,50.000000,100,False
560679,GOLD25SEP26136500PE,GOLD,25SEP2026,13650000.000000,1,OPTFUT,MCX,50.000000,100,False
560687,GOLD27NOV26139500PE,GOLD,27NOV2026,13950000.000000,1,OPTFUT,MCX,50.000000,100,False
560731,SILVER24SEP26228000CE,SILVER,24SEP2026,22800000.000000,30,OPTFUT,MCX,50.000000,600,False
560753,SILVER27OCT26220000CE,SILVER,27OCT2026,22000000.000000,30,OPTFUT,MCX,50.000000,600,False
560754,SILVER27OCT26219000CE,SILVER,27OCT2026,21900000.000000,30,OPTFUT,MCX,50.000000,600,False
560758,SILVER27NOV26229000CE,SILVER,27NOV2026,22900000.000000,30,OPTFUT,MCX,50.000000,600,False
560760,SILVER27NOV26227000CE,SILVER,27NOV2026,22700000.000000,30,OPTFUT,MCX,50.000000,600,False
577920,SILVERM24SEP26189000PE,SILVERM,24SEP2026,18900000.000000,5,OPTFUT,MCX,50.000000,600,False
577933,SILVERM27OCT26192000PE,SILVERM,27OCT2026,19200000.000000,5,OPTFUT,MCX,50.000000,600,False
577941,SILVERM23NOV26200000PE,SILVERM,23NOV2026,20000000.000000,5,OPTFUT,MCX,50.000000,600,False
577942,SILVERM23NOV26199000PE,SILVERM,23NOV2026,19900000.000000,5,OPTFUT,MCX,50.000000,600,False
560763,SILVER27NOV26224000CE,SILVER,27NOV2026,22400000.000000,30,OPTFUT,MCX,50.000000,600,False
560767,SILVER27NOV26220000CE,SILVER,27NOV2026,22000000.000000,30,OPTFUT,MCX,50.000000,600,False
560803,SILVER24SEP26223000PE,SILVER,24SEP2026,22300000.000000,30,OPTFUT,MCX,50.000000,600,False
560817,SILVER27OCT26223000PE,SILVER,27OCT2026,22300000.000000,30,OPTFUT,MCX,50.000000,600,False
578,MCXZINCDEXCOM,MCXZINCDEX,,0.000000,1,COMDTY,MCX,1.000000,99999999,False
560826,SILVER27NOV26228000PE,SILVER,27NOV2026,22800000.000000,30,OPTFUT,MCX,50.000000,600,False
560829,SILVER27NOV26225000PE,SILVER,27NOV2026,22500000.000000,30,OPTFUT,MCX,50.000000,600,False
560831,SILVER27NOV26223000PE,SILVER,27NOV2026,22300000.000000,30,OPTFUT,MCX,50.000000,600,False
560832,SILVER27NOV26222000PE,SILVER,27NOV2026,22200000.000000,30,OPTFUT,MCX,50.000000,600,False
577954,SILVERM28DEC26210000PE,SILVERM,28DEC2026,21000000.000000,5,OPTFUT,MCX,50.000000,600,False
577974,SILVERM25JAN27205000PE,SILVERM,25JAN2027,20500000.000000,5,OPTFUT,MCX,50.000000,600,False
577988,SILVERM19FEB27206000PE,SILVERM,19FEB2027,20600000.000000,5,OPTFUT,MCX,50.000000,600,False
560878,SILVERM24SEP26230000CE,SILVERM,24SEP2026,23000000.000000,5,OPTFUT,MCX,50.000000,600,False
560879,SILVERM24SEP26229000CE,SILVERM,24SEP2026,22900000.000000,5,OPTFUT,MCX,50.000000,600,False
560882,SILVERM24SEP26226000CE,SILVERM,24SEP2026,22600000.000000,5,OPTFUT,MCX,50.000000,600,False
560893,SILVERM23NOV26231000CE,SILVERM,23NOV2026,23100000.000000,5,OPTFUT,MCX,50.000000,600,False
578000,SILVERM25MAR27210000PE,SILVERM,25MAR2027,21000000.000000,5,OPTFUT,MCX,50.000000,600,False
578003,SILVERM25MAR27207000PE,SILVERM,25MAR2027,20700000.000000,5,OPTFUT,MCX,50.000000,600,False
578087,MCXBULLDEX25SEP2631900CE,MCXBULLDEX,25SEP2026,3190000.000000,30,OPTIDX,MCX,5.000000,900,False
578093,MCXBULLDEX25SEP2631300CE,MCXBULLDEX,25SEP2026,3130000.000000,30,OPTIDX,MCX,5.000000,900,False
560895,SILVERM23NOV26229000CE,SILVERM,23NOV2026,22900000.000000,5,OPTFUT,MCX,50.000000,600,False
560942,SILVERM24SEP26229000PE,SILVERM,24SEP2026,22900000.000000,5,OPTFUT,MCX,50.000000,600,False
560944,SILVERM24SEP26227000PE,SILVERM,24SEP2026,22700000.000000,5,OPTFUT,MCX,50.000000,600,False
560945,SILVERM24SEP26226000PE,SILVERM,24SEP2026,22600000.000000,5,OPTFUT,MCX,50.000000,600,False
578098,MCXBULLDEX25SEP2630800CE,MCXBULLDEX,25SEP2026,3080000.000000,30,OPTIDX,MCX,5.000000,900,False
578106,MCXBULLDEX25SEP2630000CE,MCXBULLDEX,25SEP2026,3000000.000000,30,OPTIDX,MCX,5.000000,900,False
578110,MCXBULLDEX25SEP2629600CE,MCXBULLDEX,25SEP2026,2960000.000000,30,OPTIDX,MCX,5.000000,900,False
578116,MCXBULLDEX25SEP2632600CE,MCXBULLDEX,25SEP2026,3260000.000000,30,OPTIDX,MCX,5.000000,900,False
560955,SILVERM23NOV26232000PE,SILVERM,23NOV2026,23200000.000000,5,OPTFUT,MCX,50.000000,600,False
561200,GOLD31DEC26197500CE,GOLD,31DEC2026,19750000.000000,1,OPTFUT,MCX,50.000000,100,False
561208,GOLD29JAN27197000PE,GOLD,29JAN2027,19700000.000000,1,OPTFUT,MCX,50.000000,100,False
561241,GOLD30OCT26199000CE,GOLD,30OCT2026,19900000.000000,1,OPTFUT,MCX,50.000000,100,False
578119,MCXBULLDEX25SEP2633000CE,MCXBULLDEX,25SEP2026,3300000.000000,30,OPTIDX,MCX,5.000000,900,False
578124,MCXBULLDEX25SEP2633500CE,MCXBULLDEX,25SEP2026,3350000.000000,30,OPTIDX,MCX,5.000000,900,False
578125,MCXBULLDEX25SEP2633600CE,MCXBULLDEX,25SEP2026,3360000.000000,30,OPTIDX,MCX,5.000000,900,False
578126,MCXBULLDEX25SEP2633700CE,MCXBULLDEX,25SEP2026,3370000.000000,30,OPTIDX,MCX,5.000000,900,False
561246,GOLD27NOV26197500CE,GOLD,27NOV2026,19750000.000000,1,OPTFUT,MCX,50.000000,100,False
561251,GOLD31DEC26198500CE,GOLD,31DEC2026,19850000.000000,1,OPTFUT,MCX,50.000000,100,False
561290,GOLD30OCT26195500PE,GOLD,30OCT2026,19550000.000000,1,OPTFUT,MCX,50.000000,100,False
561313,GOLD31DEC26201500PE,GOLD,31DEC2026,20150000.000000,1,OPTFUT,MCX,50.000000,100,False
578139,MCXBULLDEX25SEP2635000CE,MCXBULLDEX,25SEP2026,3500000.000000,30,OPTIDX,MCX,5.000000,900,False
578179,MCXBULLDEX25SEP2632500PE,MCXBULLDEX,25SEP2026,3250000.000000,30,OPTIDX,MCX,5.000000,900,False
578190,MCXBULLDEX25SEP2631400PE,MCXBULLDEX,25SEP2026,3140000.000000,30,OPTIDX,MCX,5.000000,900,False
578197,MCXBULLDEX25SEP2630700PE,MCXBULLDEX,25SEP2026,3070000.000000,30,OPTIDX,MCX,5.000000,900,False
561318,GOLD29JAN27199500PE,GOLD,29JAN2027,19950000.000000,1,OPTFUT,MCX,50.000000,100,False
561323,GOLD29JAN27202000PE,GOLD,29JAN2027,20200000.000000,1,OPTFUT,MCX,50.000000,100,False
561365,SILVER24SEP26341000CE,SILVER,24SEP2026,34100000.000000,30,OPTFUT,MCX,50.000000,600,False
561371,SILVER24SEP26347000CE,SILVER,24SEP2026,34700000.000000,30,OPTFUT,MCX,50.000000,600,False
578203,MCXBULLDEX25SEP2630100PE,MCXBULLDEX,25SEP2026,3010000.000000,30,OPTIDX,MCX,5.000000,900,False
578218,MCXBULLDEX25SEP2633100PE,MCXBULLDEX,25SEP2026,3310000.000000,30,OPTIDX,MCX,5.000000,900,False
578242,MCXBULLDEX25SEP2635500PE,MCXBULLDEX,25SEP2026,3550000.000000,30,OPTIDX,MCX,5.000000,900,False
578254,NATGASMINI23SEP26310PE,NATGASMINI,23SEP2026,31000.000000,250,OPTFUT,MCX,5.000000,60000,False
561394,SILVER27NOV26346000CE,SILVER,27NOV2026,34600000.000000,30,OPTFUT,MCX,50.000000,600,False
561395,SILVER27NOV26347000CE,SILVER,27NOV2026,34700000.000000,30,OPTFUT,MCX,50.000000,600,False
561426,SILVER24SEP26340000PE,SILVER,24SEP2026,34000000.000000,30,OPTFUT,MCX,50.000000,600,False
561431,SILVER24SEP26345000PE,SILVER,24SEP2026,34500000.000000,30,OPTFUT,MCX,50.000000,600,False
578263,NATURALGAS23SEP26305CE,NATURALGAS,23SEP2026,30500.000000,1250,OPTFUT,MCX,5.000000,60000,False
578279,NATURALGAS23SEP26225CE,NATURALGAS,23SEP2026,22500.000000,1250,OPTFUT,MCX,5.000000,60000,False
578280,NATURALGAS23SEP26220CE,NATURALGAS,23SEP2026,22000.000000,1250,OPTFUT,MCX,5.000000,60000,False
578286,NATURALGAS23SEP26190CE,NATURALGAS,23SEP2026,19000.000000,1250,OPTFUT,MCX,5.000000,60000,False
561439,SILVER27OCT26341000PE,SILVER,27OCT2026,34100000.000000,30,OPTFUT,MCX,50.000000,600,False
561446,SILVER27OCT26348000PE,SILVER,27OCT2026,34800000.000000,30,OPTFUT,MCX,50.000000,600,False
561447,SILVER27OCT26349000PE,SILVER,27OCT2026,34900000.000000,30,OPTFUT,MCX,50.000000,600,False
561453,SILVER27NOV26343000PE,SILVER,27NOV2026,34300000.000000,30,OPTFUT,MCX,50.000000,600,False
578294,NATURALGAS23SEP26150CE,NATURALGAS,23SEP2026,15000.000000,1250,OPTFUT,MCX,5.000000,60000,False
578307,NATURALGAS23SEP26335CE,NATURALGAS,23SEP2026,33500.000000,1250,OPTFUT,MCX,5.000000,60000,False
578321,NATURALGAS23SEP26405CE,NATURALGAS,23SEP2026,40500.000000,1250,OPTFUT,MCX,5.000000,60000,False
578325,NATURALGAS23SEP26425CE,NATURALGAS,23SEP2026,42500.000000,1250,OPTFUT,MCX,5.000000,60000,False
561472,SILVERM27OCT26341000CE,SILVERM,27OCT2026,34100000.000000,5,OPTFUT,MCX,50.000000,600,False
561474,SILVERM27OCT26343000CE,SILVERM,27OCT2026,34300000.000000,5,OPTFUT,MCX,50.000000,600,False
561487,SILVERM24SEP26341000PE,SILVERM,24SEP2026,34100000.000000,5,OPTFUT,MCX,50.000000,600,False
561490,SILVERM27OCT26341000PE,SILVERM,27OCT2026,34100000.000000,5,OPTFUT,MCX,50.000000,600,False
578341,NATURALGAS23SEP26505CE,NATURALGAS,23SEP2026,50500.000000,1250,OPTFUT,MCX,5.000000,60000,False
578354,NATURALGAS23SEP26250PE,NATURALGAS,23SEP2026,25000.000000,1250,OPTFUT,MCX,5.000000,60000,False
578374,NATURALGAS23SEP26150PE,NATURALGAS,23SEP2026,15000.000000,1250,OPTFUT,MCX,5.000000,60000,False
578376,NATURALGAS23SEP26140PE,NATURALGAS,23SEP2026,14000.000000,1250,OPTFUT,MCX,5.000000,60000,False
561684,SILVER27NOV26351000PE,SILVER,27NOV2026,35100000.000000,30,OPTFUT,MCX,50.000000,600,False
562012,SILVERM24SEP26345000PE,SILVERM,24SEP2026,34500000.000000,5,OPTFUT,MCX,50.000000,600,False
562013,SILVERM24SEP26346000PE,SILVERM,24SEP2026,34600000.000000,5,OPTFUT,MCX,50.000000,600,False
562135,GOLD25SEP26197500CE,GOLD,25SEP2026,19750000.000000,1,OPTFUT,MCX,50.000000,100,False
578378,NATURALGAS23SEP26130PE,NATURALGAS,23SEP2026,13000.000000,1250,OPTFUT,MCX,5.000000,60000,False
578385,NATURALGAS23SEP26325PE,NATURALGAS,23SEP2026,32500.000000,1250,OPTFUT,MCX,5.000000,60000,False
578389,NATURALGAS23SEP26345PE,NATURALGAS,23SEP2026,34500.000000,1250,OPTFUT,MCX,5.000000,60000,False
578396,NATURALGAS23SEP26380PE,NATURALGAS,23SEP2026,38000.000000,1250,OPTFUT,MCX,5.000000,60000,False
562146,GOLD30OCT26200500PE,GOLD,30OCT2026,20050000.000000,1,OPTFUT,MCX,50.000000,100,False
562150,GOLD31DEC26204500PE,GOLD,31DEC2026,20450000.000000,1,OPTFUT,MCX,50.000000,100,False
562178,SILVERM24SEP26351000CE,SILVERM,24SEP2026,35100000.000000,5,OPTFUT,MCX,50.000000,600,False
562183,SILVERM27OCT26351000CE,SILVERM,27OCT2026,35100000.000000,5,OPTFUT,MCX,50.000000,600,False
578400,NATURALGAS23SEP26400PE,NATURALGAS,23SEP2026,40000.000000,1250,OPTFUT,MCX,5.000000,60000,False
578416,NATURALGAS23SEP26480PE,NATURALGAS,23SEP2026,48000.000000,1250,OPTFUT,MCX,5.000000,60000,False
578421,NATURALGAS23SEP26505PE,NATURALGAS,23SEP2026,50500.000000,1250,OPTFUT,MCX,5.000000,60000,False
578428,NATGASMINI23SEP26280CE,NATGASMINI,23SEP2026,28000.000000,250,OPTFUT,MCX,5.000000,60000,False
562188,SILVERM23NOV26351000CE,SILVERM,23NOV2026,35100000.000000,5,OPTFUT,MCX,50.000000,600,False
563406,GOLD30OCT26204500CE,GOLD,30OCT2026,20450000.000000,1,OPTFUT,MCX,50.000000,100,False
563412,GOLD27NOV26202000CE,GOLD,27NOV2026,20200000.000000,1,OPTFUT,MCX,50.000000,100,False
563414,GOLD27NOV26203000CE,GOLD,27NOV2026,20300000.000000,1,OPTFUT,MCX,50.000000,100,False
578431,NATGASMINI23SEP26265CE,NATGASMINI,23SEP2026,26500.000000,250,OPTFUT,MCX,5.000000,60000,False
578432,NATGASMINI23SEP26260CE,NATGASMINI,23SEP2026,26000.000000,250,OPTFUT,MCX,5.000000,60000,False
578435,NATGASMINI23SEP26245CE,NATGASMINI,23SEP2026,24500.000000,250,OPTFUT,MCX,5.000000,60000,False
578437,NATGASMINI23SEP26235CE,NATGASMINI,23SEP2026,23500.000000,250,OPTFUT,MCX,5.000000,60000,False
578445,NATGASMINI23SEP26195CE,NATGASMINI,23SEP2026,19500.000000,250,OPTFUT,MCX,5.000000,60000,False
578452,NATGASMINI23SEP26160CE,NATGASMINI,23SEP2026,16000.000000,250,OPTFUT,MCX,5.000000,60000,False
578457,NATGASMINI23SEP26135CE,NATGASMINI,23SEP2026,13500.000000,250,OPTFUT,MCX,5.000000,60000,False
578466,NATGASMINI23SEP26330CE,NATGASMINI,23SEP2026,33000.000000,250,OPTFUT,MCX,5.000000,60000,False
563424,GOLD31DEC26206000CE,GOLD,31DEC2026,20600000.000000,1,OPTFUT,MCX,50.000000,100,False
563428,GOLD31DEC26208000CE,GOLD,31DEC2026,20800000.000000,1,OPTFUT,MCX,50.000000,100,False
563480,GOLD25SEP26199000PE,GOLD,25SEP2026,19900000.000000,1,OPTFUT,MCX,50.000000,100,False
563486,GOLD25SEP26202000PE,GOLD,25SEP2026,20200000.000000,1,OPTFUT,MCX,50.000000,100,False
578493,NATGASMINI23SEP26465CE,NATGASMINI,23SEP2026,46500.000000,250,OPTFUT,MCX,5.000000,60000,False
578531,NATGASMINI23SEP26165PE,NATGASMINI,23SEP2026,16500.000000,250,OPTFUT,MCX,5.000000,60000,False
578548,NATGASMINI23SEP26340PE,NATGASMINI,23SEP2026,34000.000000,250,OPTFUT,MCX,5.000000,60000,False
578552,NATGASMINI23SEP26360PE,NATGASMINI,23SEP2026,36000.000000,250,OPTFUT,MCX,5.000000,60000,False
563492,GOLD30OCT26203500PE,GOLD,30OCT2026,20350000.000000,1,OPTFUT,MCX,50.000000,100,False
563502,GOLD27NOV26203000PE,GOLD,27NOV2026,20300000.000000,1,OPTFUT,MCX,50.000000,100,False
563507,GOLD27NOV26205500PE,GOLD,27NOV2026,20550000.000000,1,OPTFUT,MCX,50.000000,100,False
563519,GOLD31DEC26209500PE,GOLD,31DEC2026,20950000.000000,1,OPTFUT,MCX,50.000000,100,False
578565,NATGASMINI23SEP26425PE,NATGASMINI,23SEP2026,42500.000000,250,OPTFUT,MCX,5.000000,60000,False
578580,NATGASMINI23SEP26500PE,NATGASMINI,23SEP2026,50000.000000,250,OPTFUT,MCX,5.000000,60000,False
578585,MCXBULLDEX25SEP2636400CE,MCXBULLDEX,25SEP2026,3640000.000000,30,OPTIDX,MCX,5.000000,900,False
578588,MCXBULLDEX25SEP2636700CE,MCXBULLDEX,25SEP2026,3670000.000000,30,OPTIDX,MCX,5.000000,900,False
578590,MCXBULLDEX25SEP2636300PE,MCXBULLDEX,25SEP2026,3630000.000000,30,OPTIDX,MCX,5.000000,900,False
578597,CRUDEOIL17SEP262850CE,CRUDEOIL,17SEP2026,285000.000000,100,OPTFUT,MCX,10.000000,10000,False
578614,MCXBULLDEX25SEP2636900PE,MCXBULLDEX,25SEP2026,3690000.000000,30,OPTIDX,MCX,5.000000,900,False
578608,CRUDEOILM17SEP262850PE,CRUDEOILM,17SEP2026,285000.000000,10,OPTFUT,MCX,5.000000,10000,False
563530,GOLD29JAN27209000PE,GOLD,29JAN2027,20900000.000000,1,OPTFUT,MCX,50.000000,100,False
563641,SILVERM27OCT26352000CE,SILVERM,27OCT2026,35200000.000000,5,OPTFUT,MCX,50.000000,600,False
564619,SILVER05MAR27FUT,SILVER,05MAR2027,0.000000,30,FUTCOM,MCX,100.000000,600,False
564678,SILVER28DEC26273000CE,SILVER,28DEC2026,27300000.000000,30,OPTFUT,MCX,50.000000,600,False
578630,GOLDGUINEA31DEC26FUT,GOLDGUINEA,31DEC2026,0.000000,8,FUTCOM,MCX,100.000000,10000,False
578634,COPPER30NOV26FUT,COPPER,30NOV2026,0.000000,2500,FUTCOM,MCX,5.000000,70000,False
578653,COPPER23OCT261280CE,COPPER,23OCT2026,128000.000000,2500,OPTFUT,MCX,1.000000,70000,False
578660,COPPER23OCT261210CE,COPPER,23OCT2026,121000.000000,2500,OPTFUT,MCX,1.000000,70000,False
564679,SILVER28DEC26272000CE,SILVER,28DEC2026,27200000.000000,30,OPTFUT,MCX,50.000000,600,False
564680,SILVER28DEC26271000CE,SILVER,28DEC2026,27100000.000000,30,OPTFUT,MCX,50.000000,600,False
564707,SILVER28DEC26300000CE,SILVER,28DEC2026,30000000.000000,30,OPTFUT,MCX,50.000000,600,False
564713,SILVER28DEC26306000CE,SILVER,28DEC2026,30600000.000000,30,OPTFUT,MCX,50.000000,600,False
578669,COPPER23OCT261350CE,COPPER,23OCT2026,135000.000000,2500,OPTFUT,MCX,1.000000,70000,False
578673,COPPER23OCT261390CE,COPPER,23OCT2026,139000.000000,2500,OPTFUT,MCX,1.000000,70000,False
578680,COPPER23OCT261460CE,COPPER,23OCT2026,146000.000000,2500,OPTFUT,MCX,1.000000,70000,False
578700,COPPER23OCT261360PE,COPPER,23OCT2026,136000.000000,2500,OPTFUT,MCX,1.000000,70000,False
564728,SILVER28DEC26321000CE,SILVER,28DEC2026,32100000.000000,30,OPTFUT,MCX,50.000000,600,False
564729,SILVER28DEC26322000CE,SILVER,28DEC2026,32200000.000000,30,OPTFUT,MCX,50.000000,600,False
564731,SILVER28DEC26324000CE,SILVER,28DEC2026,32400000.000000,30,OPTFUT,MCX,50.000000,600,False
564736,SILVER28DEC26329000CE,SILVER,28DEC2026,32900000.000000,30,OPTFUT,MCX,50.000000,600,False
578701,COPPER23OCT261370PE,COPPER,23OCT2026,137000.000000,2500,OPTFUT,MCX,1.000000,70000,False
578703,COPPER23OCT261390PE,COPPER,23OCT2026,139000.000000,2500,OPTFUT,MCX,1.000000,70000,False
578731,ZINC23OCT26350PE,ZINC,23OCT2026,35000.000000,5,OPTFUT,MCX,1.000000,100,False
578740,ZINC23OCT26305PE,ZINC,23OCT2026,30500.000000,5,OPTFUT,MCX,1.000000,100,False
564758,SILVER25JAN27273000CE,SILVER,25JAN2027,27300000.000000,30,OPTFUT,MCX,50.000000,600,False
564792,SILVER25JAN27305000CE,SILVER,25JAN2027,30500000.000000,30,OPTFUT,MCX,50.000000,600,False
564804,SILVER25JAN27317000CE,SILVER,25JAN2027,31700000.000000,30,OPTFUT,MCX,50.000000,600,False
564815,SILVER25JAN27328000CE,SILVER,25JAN2027,32800000.000000,30,OPTFUT,MCX,50.000000,600,False
578749,ZINC23OCT26400PE,ZINC,23OCT2026,40000.000000,5,OPTFUT,MCX,1.000000,100,False
578750,ZINC23OCT26405PE,ZINC,23OCT2026,40500.000000,5,OPTFUT,MCX,1.000000,100,False
578766,COPPER23OCT261470PE,COPPER,23OCT2026,147000.000000,2500,OPTFUT,MCX,1.000000,70000,False
578768,NATURALGAS23SEP26100PE,NATURALGAS,23SEP2026,10000.000000,1250,OPTFUT,MCX,5.000000,60000,False
564823,SILVER26FEB27288000CE,SILVER,26FEB2027,28800000.000000,30,OPTFUT,MCX,50.000000,600,False
564829,SILVER26FEB27282000CE,SILVER,26FEB2027,28200000.000000,30,OPTFUT,MCX,50.000000,600,False
564832,SILVER26FEB27279000CE,SILVER,26FEB2027,27900000.000000,30,OPTFUT,MCX,50.000000,600,False
564834,SILVER26FEB27277000CE,SILVER,26FEB2027,27700000.000000,30,OPTFUT,MCX,50.000000,600,False
578777,MCXBULLDEX25SEP2637400PE,MCXBULLDEX,25SEP2026,3740000.000000,30,OPTIDX,MCX,5.000000,900,False
578799,GOLDM25SEP26142500CE,GOLDM,25SEP2026,14250000.000000,100,OPTFUT,MCX,50.000000,10000,False
578803,GOLDM25SEP26140500CE,GOLDM,25SEP2026,14050000.000000,100,OPTFUT,MCX,50.000000,10000,False
578814,GOLDM25SEP26135000CE,GOLDM,25SEP2026,13500000.000000,100,OPTFUT,MCX,50.000000,10000,False
564844,SILVER26FEB27267000CE,SILVER,26FEB2027,26700000.000000,30,OPTFUT,MCX,50.000000,600,False
564847,SILVER26FEB27264000CE,SILVER,26FEB2027,26400000.000000,30,OPTFUT,MCX,50.000000,600,False
564854,SILVER26FEB27257000CE,SILVER,26FEB2027,25700000.000000,30,OPTFUT,MCX,50.000000,600,False
564856,SILVER26FEB27255000CE,SILVER,26FEB2027,25500000.000000,30,OPTFUT,MCX,50.000000,600,False
578834,GOLDM25SEP26151000CE,GOLDM,25SEP2026,15100000.000000,100,OPTFUT,MCX,50.000000,10000,False
578836,GOLDM25SEP26152000CE,GOLDM,25SEP2026,15200000.000000,100,OPTFUT,MCX,50.000000,10000,False
578837,GOLDM25SEP26152500CE,GOLDM,25SEP2026,15250000.000000,100,OPTFUT,MCX,50.000000,10000,False
578865,GOLDM25SEP26166500CE,GOLDM,25SEP2026,16650000.000000,100,OPTFUT,MCX,50.000000,10000,False
564864,SILVER26FEB27297000CE,SILVER,26FEB2027,29700000.000000,30,OPTFUT,MCX,50.000000,600,False
564900,SILVER28DEC26291000PE,SILVER,28DEC2026,29100000.000000,30,OPTFUT,MCX,50.000000,600,False
564911,SILVER28DEC26280000PE,SILVER,28DEC2026,28000000.000000,30,OPTFUT,MCX,50.000000,600,False
564918,SILVER28DEC26273000PE,SILVER,28DEC2026,27300000.000000,30,OPTFUT,MCX,50.000000,600,False
578874,GOLDM25SEP26171000CE,GOLDM,25SEP2026,17100000.000000,100,OPTFUT,MCX,50.000000,10000,False
578878,GOLDM25SEP26173000CE,GOLDM,25SEP2026,17300000.000000,100,OPTFUT,MCX,50.000000,10000,False
578890,GOLDM25SEP26147000PE,GOLDM,25SEP2026,14700000.000000,100,OPTFUT,MCX,50.000000,10000,False
578897,GOLDM25SEP26143500PE,GOLDM,25SEP2026,14350000.000000,100,OPTFUT,MCX,50.000000,10000,False
564923,SILVER28DEC26268000PE,SILVER,28DEC2026,26800000.000000,30,OPTFUT,MCX,50.000000,600,False
564929,SILVER28DEC26262000PE,SILVER,28DEC2026,26200000.000000,30,OPTFUT,MCX,50.000000,600,False
564932,SILVER28DEC26259000PE,SILVER,28DEC2026,25900000.000000,30,OPTFUT,MCX,50.000000,600,False
564943,SILVER28DEC26296000PE,SILVER,28DEC2026,29600000.000000,30,OPTFUT,MCX,50.000000,600,False
578905,GOLDM25SEP26139500PE,GOLDM,25SEP2026,13950000.000000,100,OPTFUT,MCX,50.000000,10000,False
578911,GOLDM25SEP26136500PE,GOLDM,25SEP2026,13650000.000000,100,OPTFUT,MCX,50.000000,10000,False
578920,GOLDM25SEP26132000PE,GOLDM,25SEP2026,13200000.000000,100,OPTFUT,MCX,50.000000,10000,False
578928,GOLDM25SEP26128000PE,GOLDM,25SEP2026,12800000.000000,100,OPTFUT,MCX,50.000000,10000,False
565,BRASSPHYCOM,BRASSPHY,,0.000000,1,COMDTY,MCX,500.000000,99999999,False
564952,SILVER28DEC26305000PE,SILVER,28DEC2026,30500000.000000,30,OPTFUT,MCX,50.000000,600,False
564974,SILVER28DEC26327000PE,SILVER,28DEC2026,32700000.000000,30,OPTFUT,MCX,50.000000,600,False
564983,SILVER25JAN27288000PE,SILVER,25JAN2027,28800000.000000,30,OPTFUT,MCX,50.000000,600,False
578933,GOLDM25SEP26125500PE,GOLDM,25SEP2026,12550000.000000,100,OPTFUT,MCX,50.000000,10000,False
578939,GOLDM25SEP26153500PE,GOLDM,25SEP2026,15350000.000000,100,OPTFUT,MCX,50.000000,10000,False
578943,GOLDM25SEP26155500PE,GOLDM,25SEP2026,15550000.000000,100,OPTFUT,MCX,50.000000,10000,False
578949,GOLDM25SEP26158500PE,GOLDM,25SEP2026,15850000.000000,100,OPTFUT,MCX,50.000000,10000,False
565005,SILVER25JAN27266000PE,SILVER,25JAN2027,26600000.000000,30,OPTFUT,MCX,50.000000,600,False
565006,SILVER25JAN27265000PE,SILVER,25JAN2027,26500000.000000,30,OPTFUT,MCX,50.000000,600,False
565016,SILVER25JAN27255000PE,SILVER,25JAN2027,25500000.000000,30,OPTFUT,MCX,50.000000,600,False
565027,SILVER25JAN27300000PE,SILVER,25JAN2027,30000000.000000,30,OPTFUT,MCX,50.000000,600,False
578950,GOLDM25SEP26159000PE,GOLDM,25SEP2026,15900000.000000,100,OPTFUT,MCX,50.000000,10000,False
578987,MCXBULLDEX25SEP2637900CE,MCXBULLDEX,25SEP2026,3790000.000000,30,OPTIDX,MCX,5.000000,900,False
579014,GOLDM25SEP26124500PE,GOLDM,25SEP2026,12450000.000000,100,OPTFUT,MCX,50.000000,10000,False
579021,GOLDM25SEP26122500PE,GOLDM,25SEP2026,12250000.000000,100,OPTFUT,MCX,50.000000,10000,False
565042,SILVER25JAN27315000PE,SILVER,25JAN2027,31500000.000000,30,OPTFUT,MCX,50.000000,600,False
565052,SILVER25JAN27325000PE,SILVER,25JAN2027,32500000.000000,30,OPTFUT,MCX,50.000000,600,False
565072,SILVER26FEB27279000PE,SILVER,26FEB2027,27900000.000000,30,OPTFUT,MCX,50.000000,600,False
565097,SILVER26FEB27254000PE,SILVER,26FEB2027,25400000.000000,30,OPTFUT,MCX,50.000000,600,False
579029,NATURALGAS23SEP2695PE,NATURALGAS,23SEP2026,9500.000000,1250,OPTFUT,MCX,5.000000,60000,False
579044,GOLD29MAR27129000CE,GOLD,29MAR2027,12900000.000000,1,OPTFUT,MCX,50.000000,100,False
579049,GOLD26FEB27129000PE,GOLD,26FEB2027,12900000.000000,1,OPTFUT,MCX,50.000000,100,False
579062,NATURALGAS23SEP2685CE,NATURALGAS,23SEP2026,8500.000000,1250,OPTFUT,MCX,5.000000,60000,False
565109,SILVER26FEB27302000PE,SILVER,26FEB2027,30200000.000000,30,OPTFUT,MCX,50.000000,600,False
565129,SILVER26FEB27322000PE,SILVER,26FEB2027,32200000.000000,30,OPTFUT,MCX,50.000000,600,False
565137,SILVER26FEB27330000PE,SILVER,26FEB2027,33000000.000000,30,OPTFUT,MCX,50.000000,600,False
565141,SILVERM28DEC26295000CE,SILVERM,28DEC2026,29500000.000000,5,OPTFUT,MCX,50.000000,600,False
579068,NATURALGAS23SEP2680PE,NATURALGAS,23SEP2026,8000.000000,1250,OPTFUT,MCX,5.000000,60000,False
579072,NATGASMINI23SEP2685CE,NATGASMINI,23SEP2026,8500.000000,250,OPTFUT,MCX,5.000000,60000,False
579073,NATGASMINI23SEP2680CE,NATGASMINI,23SEP2026,8000.000000,250,OPTFUT,MCX,5.000000,60000,False
579086,CRUDEOIL17SEP2611000CE,CRUDEOIL,17SEP2026,1100000.000000,100,OPTFUT,MCX,10.000000,10000,False
565143,SILVERM28DEC26293000CE,SILVERM,28DEC2026,29300000.000000,5,OPTFUT,MCX,50.000000,600,False
565147,SILVERM28DEC26289000CE,SILVERM,28DEC2026,28900000.000000,5,OPTFUT,MCX,50.000000,600,False
565150,SILVERM28DEC26286000CE,SILVERM,28DEC2026,28600000.000000,5,OPTFUT,MCX,50.000000,600,False
565154,SILVERM28DEC26282000CE,SILVERM,28DEC2026,28200000.000000,5,OPTFUT,MCX,50.000000,600,False
579089,CRUDEOIL17SEP2610950PE,CRUDEOIL,17SEP2026,1095000.000000,100,OPTFUT,MCX,10.000000,10000,False
579106,GOLD30OCT26122000CE,GOLD,30OCT2026,12200000.000000,1,OPTFUT,MCX,50.000000,100,False
579116,GOLD27NOV26120500CE,GOLD,27NOV2026,12050000.000000,1,OPTFUT,MCX,50.000000,100,False
579123,GOLD31DEC26123000CE,GOLD,31DEC2026,12300000.000000,1,OPTFUT,MCX,50.000000,100,False
565162,SILVERM28DEC26274000CE,SILVERM,28DEC2026,27400000.000000,5,OPTFUT,MCX,50.000000,600,False
565187,SILVERM28DEC26305000CE,SILVERM,28DEC2026,30500000.000000,5,OPTFUT,MCX,50.000000,600,False
565193,SILVERM28DEC26311000CE,SILVERM,28DEC2026,31100000.000000,5,OPTFUT,MCX,50.000000,600,False
565198,SILVERM28DEC26316000CE,SILVERM,28DEC2026,31600000.000000,5,OPTFUT,MCX,50.000000,600,False
579131,GOLD29JAN27123000CE,GOLD,29JAN2027,12300000.000000,1,OPTFUT,MCX,50.000000,100,False
579140,GOLD26FEB27125000CE,GOLD,26FEB2027,12500000.000000,1,OPTFUT,MCX,50.000000,100,False
579143,GOLD29MAR27127500CE,GOLD,29MAR2027,12750000.000000,1,OPTFUT,MCX,50.000000,100,False
579155,GOLD30APR27128000CE,GOLD,30APR2027,12800000.000000,1,OPTFUT,MCX,50.000000,100,False
579178,GOLD30OCT26122000PE,GOLD,30OCT2026,12200000.000000,1,OPTFUT,MCX,50.000000,100,False
579179,GOLD30OCT26121500PE,GOLD,30OCT2026,12150000.000000,1,OPTFUT,MCX,50.000000,100,False
579183,GOLD27NOV26123000PE,GOLD,27NOV2026,12300000.000000,1,OPTFUT,MCX,50.000000,100,False
579187,GOLD27NOV26121000PE,GOLD,27NOV2026,12100000.000000,1,OPTFUT,MCX,50.000000,100,False
565200,SILVERM28DEC26318000CE,SILVERM,28DEC2026,31800000.000000,5,OPTFUT,MCX,50.000000,600,False
565202,SILVERM28DEC26320000CE,SILVERM,28DEC2026,32000000.000000,5,OPTFUT,MCX,50.000000,600,False
565214,SILVERM28DEC26332000CE,SILVERM,28DEC2026,33200000.000000,5,OPTFUT,MCX,50.000000,600,False
565222,SILVERM25JAN27294000CE,SILVERM,25JAN2027,29400000.000000,5,OPTFUT,MCX,50.000000,600,False
565250,SILVERM25JAN27266000CE,SILVERM,25JAN2027,26600000.000000,5,OPTFUT,MCX,50.000000,600,False
565254,SILVERM25JAN27262000CE,SILVERM,25JAN2027,26200000.000000,5,OPTFUT,MCX,50.000000,600,False
565263,SILVERM25JAN27301000CE,SILVERM,25JAN2027,30100000.000000,5,OPTFUT,MCX,50.000000,600,False
565278,SILVERM25JAN27316000CE,SILVERM,25JAN2027,31600000.000000,5,OPTFUT,MCX,50.000000,600,False
579192,GOLD31DEC26124500PE,GOLD,31DEC2026,12450000.000000,1,OPTFUT,MCX,50.000000,100,False
579198,GOLD29JAN27125500PE,GOLD,29JAN2027,12550000.000000,1,OPTFUT,MCX,50.000000,100,False
579217,GOLD29MAR27126500PE,GOLD,29MAR2027,12650000.000000,1,OPTFUT,MCX,50.000000,100,False
579242,GOLDM25SEP26120500CE,GOLDM,25SEP2026,12050000.000000,100,OPTFUT,MCX,50.000000,10000,False
565283,SILVERM25JAN27321000CE,SILVERM,25JAN2027,32100000.000000,5,OPTFUT,MCX,50.000000,600,False
565284,SILVERM25JAN27322000CE,SILVERM,25JAN2027,32200000.000000,5,OPTFUT,MCX,50.000000,600,False
565294,SILVERM25JAN27332000CE,SILVERM,25JAN2027,33200000.000000,5,OPTFUT,MCX,50.000000,600,False
565297,SILVERM25JAN27335000CE,SILVERM,25JAN2027,33500000.000000,5,OPTFUT,MCX,50.000000,600,False
579267,SILVERM23APR27202000PE,SILVERM,23APR2027,20200000.000000,5,OPTFUT,MCX,50.000000,600,False
579268,SILVERM23APR27201000PE,SILVERM,23APR2027,20100000.000000,5,OPTFUT,MCX,50.000000,600,False
579272,CRUDEOILM17SEP2611100CE,CRUDEOILM,17SEP2026,1110000.000000,10,OPTFUT,MCX,5.000000,10000,False
579274,CRUDEOILM17SEP2610950PE,CRUDEOILM,17SEP2026,1095000.000000,10,OPTFUT,MCX,5.000000,10000,False
579275,CRUDEOILM17SEP2611000PE,CRUDEOILM,17SEP2026,1100000.000000,10,OPTFUT,MCX,5.000000,10000,False
579276,CRUDEOILM17SEP2611050PE,CRUDEOILM,17SEP2026,1105000.000000,10,OPTFUT,MCX,5.000000,10000,False
579317,GOLD27NOV26120000CE,GOLD,27NOV2026,12000000.000000,1,OPTFUT,MCX,50.000000,100,False
579323,GOLD29MAR27123500CE,GOLD,29MAR2027,12350000.000000,1,OPTFUT,MCX,50.000000,100,False
565307,SILVERM19FEB27289000CE,SILVERM,19FEB2027,28900000.000000,5,OPTFUT,MCX,50.000000,600,False
565319,SILVERM19FEB27277000CE,SILVERM,19FEB2027,27700000.000000,5,OPTFUT,MCX,50.000000,600,False
565324,SILVERM19FEB27272000CE,SILVERM,19FEB2027,27200000.000000,5,OPTFUT,MCX,50.000000,600,False
565332,SILVERM19FEB27264000CE,SILVERM,19FEB2027,26400000.000000,5,OPTFUT,MCX,50.000000,600,False
565337,SILVERM19FEB27259000CE,SILVERM,19FEB2027,25900000.000000,5,OPTFUT,MCX,50.000000,600,False
565338,SILVERM19FEB27258000CE,SILVERM,19FEB2027,25800000.000000,5,OPTFUT,MCX,50.000000,600,False
565340,SILVERM19FEB27298000CE,SILVERM,19FEB2027,29800000.000000,5,OPTFUT,MCX,50.000000,600,False
565359,SILVERM19FEB27317000CE,SILVERM,19FEB2027,31700000.000000,5,OPTFUT,MCX,50.000000,600,False
579326,GOLD30APR27126000CE,GOLD,30APR2027,12600000.000000,1,OPTFUT,MCX,50.000000,100,False
579328,GOLD28MAY27127000CE,GOLD,28MAY2027,12700000.000000,1,OPTFUT,MCX,50.000000,100,False
579340,GOLD30APR27127000PE,GOLD,30APR2027,12700000.000000,1,OPTFUT,MCX,50.000000,100,False
579347,GOLD28MAY27125500PE,GOLD,28MAY2027,12550000.000000,1,OPTFUT,MCX,50.000000,100,False
565361,SILVERM19FEB27319000CE,SILVERM,19FEB2027,31900000.000000,5,OPTFUT,MCX,50.000000,600,False
565368,SILVERM19FEB27326000CE,SILVERM,19FEB2027,32600000.000000,5,OPTFUT,MCX,50.000000,600,False
565372,SILVERM19FEB27330000CE,SILVERM,19FEB2027,33000000.000000,5,OPTFUT,MCX,50.000000,600,False
565379,SILVERM19FEB27337000CE,SILVERM,19FEB2027,33700000.000000,5,OPTFUT,MCX,50.000000,600,False
579352,SILVER26MAY27234000CE,SILVER,26MAY2027,23400000.000000,30,OPTFUT,MCX,50.000000,600,False
579360,SILVER26MAY27226000CE,SILVER,26MAY2027,22600000.000000,30,OPTFUT,MCX,50.000000,600,False
579367,SILVER26MAY27219000CE,SILVER,26MAY2027,21900000.000000,30,OPTFUT,MCX,50.000000,600,False
579370,SILVER26MAY27216000CE,SILVER,26MAY2027,21600000.000000,30,OPTFUT,MCX,50.000000,600,False
579373,SILVER26MAY27213000CE,SILVER,26MAY2027,21300000.000000,30,OPTFUT,MCX,50.000000,600,False
579378,SILVER26MAY27208000CE,SILVER,26MAY2027,20800000.000000,30,OPTFUT,MCX,50.000000,600,False
579380,SILVER26MAY27206000CE,SILVER,26MAY2027,20600000.000000,30,OPTFUT,MCX,50.000000,600,False
579385,SILVER26MAY27201000CE,SILVER,26MAY2027,20100000.000000,30,OPTFUT,MCX,50.000000,600,False
565399,SILVERM28DEC26277000PE,SILVERM,28DEC2026,27700000.000000,5,OPTFUT,MCX,50.000000,600,False
565415,SILVERM28DEC26261000PE,SILVERM,28DEC2026,26100000.000000,5,OPTFUT,MCX,50.000000,600,False
565416,SILVERM28DEC26260000PE,SILVERM,28DEC2026,26000000.000000,5,OPTFUT,MCX,50.000000,600,False
565417,SILVERM28DEC26259000PE,SILVERM,28DEC2026,25900000.000000,5,OPTFUT,MCX,50.000000,600,False
579390,SILVER26MAY27242000CE,SILVER,26MAY2027,24200000.000000,30,OPTFUT,MCX,50.000000,600,False
579402,SILVER26MAY27254000CE,SILVER,26MAY2027,25400000.000000,30,OPTFUT,MCX,50.000000,600,False
579413,SILVER26MAY27265000CE,SILVER,26MAY2027,26500000.000000,30,OPTFUT,MCX,50.000000,600,False
579428,SILVER28JUN27238000CE,SILVER,28JUN2027,23800000.000000,30,OPTFUT,MCX,50.000000,600,False
565432,SILVERM28DEC26310000PE,SILVERM,28DEC2026,31000000.000000,5,OPTFUT,MCX,50.000000,600,False
565436,SILVERM28DEC26314000PE,SILVERM,28DEC2026,31400000.000000,5,OPTFUT,MCX,50.000000,600,False
565438,SILVERM28DEC26316000PE,SILVERM,28DEC2026,31600000.000000,5,OPTFUT,MCX,50.000000,600,False
565440,SILVERM28DEC26318000PE,SILVERM,28DEC2026,31800000.000000,5,OPTFUT,MCX,50.000000,600,False
579436,SILVER28JUN27230000CE,SILVER,28JUN2027,23000000.000000,30,OPTFUT,MCX,50.000000,600,False
579448,SILVER28JUN27218000CE,SILVER,28JUN2027,21800000.000000,30,OPTFUT,MCX,50.000000,600,False
579454,SILVER28JUN27212000CE,SILVER,28JUN2027,21200000.000000,30,OPTFUT,MCX,50.000000,600,False
579462,SILVER28JUN27204000CE,SILVER,28JUN2027,20400000.000000,30,OPTFUT,MCX,50.000000,600,False
565449,SILVERM28DEC26327000PE,SILVERM,28DEC2026,32700000.000000,5,OPTFUT,MCX,50.000000,600,False
565452,SILVERM28DEC26330000PE,SILVERM,28DEC2026,33000000.000000,5,OPTFUT,MCX,50.000000,600,False
565463,SILVERM25JAN27293000PE,SILVERM,25JAN2027,29300000.000000,5,OPTFUT,MCX,50.000000,600,False
565464,SILVERM25JAN27292000PE,SILVERM,25JAN2027,29200000.000000,5,OPTFUT,MCX,50.000000,600,False
579469,SILVER28JUN27241000CE,SILVER,28JUN2027,24100000.000000,30,OPTFUT,MCX,50.000000,600,False
579473,SILVER28JUN27245000CE,SILVER,28JUN2027,24500000.000000,30,OPTFUT,MCX,50.000000,600,False
579491,SILVER28JUN27263000CE,SILVER,28JUN2027,26300000.000000,30,OPTFUT,MCX,50.000000,600,False
579501,SILVER28JUN27273000CE,SILVER,28JUN2027,27300000.000000,30,OPTFUT,MCX,50.000000,600,False
565465,SILVERM25JAN27291000PE,SILVERM,25JAN2027,29100000.000000,5,OPTFUT,MCX,50.000000,600,False
565466,SILVERM25JAN27290000PE,SILVERM,25JAN2027,29000000.000000,5,OPTFUT,MCX,50.000000,600,False
565477,SILVERM25JAN27279000PE,SILVERM,25JAN2027,27900000.000000,5,OPTFUT,MCX,50.000000,600,False
565517,SILVERM25JAN27315000PE,SILVERM,25JAN2027,31500000.000000,5,OPTFUT,MCX,50.000000,600,False
579508,SILVER26MAY27238000PE,SILVER,26MAY2027,23800000.000000,30,OPTFUT,MCX,50.000000,600,False
579509,SILVER26MAY27237000PE,SILVER,26MAY2027,23700000.000000,30,OPTFUT,MCX,50.000000,600,False
579511,SILVER26MAY27235000PE,SILVER,26MAY2027,23500000.000000,30,OPTFUT,MCX,50.000000,600,False
579518,SILVER26MAY27228000PE,SILVER,26MAY2027,22800000.000000,30,OPTFUT,MCX,50.000000,600,False
565525,SILVERM25JAN27323000PE,SILVERM,25JAN2027,32300000.000000,5,OPTFUT,MCX,50.000000,600,False
565548,SILVERM19FEB27288000PE,SILVERM,19FEB2027,28800000.000000,5,OPTFUT,MCX,50.000000,600,False
565552,SILVERM19FEB27284000PE,SILVERM,19FEB2027,28400000.000000,5,OPTFUT,MCX,50.000000,600,False
565567,SILVERM19FEB27269000PE,SILVERM,19FEB2027,26900000.000000,5,OPTFUT,MCX,50.000000,600,False
579522,SILVER26MAY27224000PE,SILVER,26MAY2027,22400000.000000,30,OPTFUT,MCX,50.000000,600,False
579533,SILVER26MAY27213000PE,SILVER,26MAY2027,21300000.000000,30,OPTFUT,MCX,50.000000,600,False
579539,SILVER26MAY27207000PE,SILVER,26MAY2027,20700000.000000,30,OPTFUT,MCX,50.000000,600,False
579555,SILVER26MAY27247000PE,SILVER,26MAY2027,24700000.000000,30,OPTFUT,MCX,50.000000,600,False
565586,SILVERM19FEB27304000PE,SILVERM,19FEB2027,30400000.000000,5,OPTFUT,MCX,50.000000,600,False
565587,SILVERM19FEB27305000PE,SILVERM,19FEB2027,30500000.000000,5,OPTFUT,MCX,50.000000,600,False
565591,SILVERM19FEB27309000PE,SILVERM,19FEB2027,30900000.000000,5,OPTFUT,MCX,50.000000,600,False
565596,SILVERM19FEB27314000PE,SILVERM,19FEB2027,31400000.000000,5,OPTFUT,MCX,50.000000,600,False
579560,SILVER26MAY27252000PE,SILVER,26MAY2027,25200000.000000,30,OPTFUT,MCX,50.000000,600,False
579561,SILVER26MAY27253000PE,SILVER,26MAY2027,25300000.000000,30,OPTFUT,MCX,50.000000,600,False
579588,SILVER28JUN27238000PE,SILVER,28JUN2027,23800000.000000,30,OPTFUT,MCX,50.000000,600,False
579567,SILVER26MAY27259000PE,SILVER,26MAY2027,25900000.000000,30,OPTFUT,MCX,50.000000,600,False
565600,SILVERM19FEB27318000PE,SILVERM,19FEB2027,31800000.000000,5,OPTFUT,MCX,50.000000,600,False
565608,SILVERM19FEB27326000PE,SILVERM,19FEB2027,32600000.000000,5,OPTFUT,MCX,50.000000,600,False
565678,SILVER28DEC26249000PE,SILVER,28DEC2026,24900000.000000,30,OPTFUT,MCX,50.000000,600,False
565705,SILVERM19FEB27254000PE,SILVERM,19FEB2027,25400000.000000,5,OPTFUT,MCX,50.000000,600,False
579598,SILVER28JUN27228000PE,SILVER,28JUN2027,22800000.000000,30,OPTFUT,MCX,50.000000,600,False
579601,SILVER28JUN27225000PE,SILVER,28JUN2027,22500000.000000,30,OPTFUT,MCX,50.000000,600,False
579603,SILVER28JUN27223000PE,SILVER,28JUN2027,22300000.000000,30,OPTFUT,MCX,50.000000,600,False
579612,SILVER28JUN27214000PE,SILVER,28JUN2027,21400000.000000,30,OPTFUT,MCX,50.000000,600,False
565726,SILVER28DEC26247000CE,SILVER,28DEC2026,24700000.000000,30,OPTFUT,MCX,50.000000,600,False
565732,SILVER28DEC26247000PE,SILVER,28DEC2026,24700000.000000,30,OPTFUT,MCX,50.000000,600,False
565740,SILVERM28DEC26251000CE,SILVERM,28DEC2026,25100000.000000,5,OPTFUT,MCX,50.000000,600,False
565743,SILVERM25JAN27252000CE,SILVERM,25JAN2027,25200000.000000,5,OPTFUT,MCX,50.000000,600,False
579615,SILVER28JUN27211000PE,SILVER,28JUN2027,21100000.000000,30,OPTFUT,MCX,50.000000,600,False
579632,SILVER28JUN27244000PE,SILVER,28JUN2027,24400000.000000,30,OPTFUT,MCX,50.000000,600,False
579636,SILVER28JUN27248000PE,SILVER,28JUN2027,24800000.000000,30,OPTFUT,MCX,50.000000,600,False
579662,SILVER28JUN27274000PE,SILVER,28JUN2027,27400000.000000,30,OPTFUT,MCX,50.000000,600,False
565750,SILVERM28DEC26253000PE,SILVERM,28DEC2026,25300000.000000,5,OPTFUT,MCX,50.000000,600,False
565760,SILVERM19FEB27251000PE,SILVERM,19FEB2027,25100000.000000,5,OPTFUT,MCX,50.000000,600,False
565818,SILVER25JAN27244000CE,SILVER,25JAN2027,24400000.000000,30,OPTFUT,MCX,50.000000,600,False
565821,SILVER25JAN27241000CE,SILVER,25JAN2027,24100000.000000,30,OPTFUT,MCX,50.000000,600,False
579664,SILVER28JUN27276000PE,SILVER,28JUN2027,27600000.000000,30,OPTFUT,MCX,50.000000,600,False
579677,SILVERM26MAY27235000CE,SILVERM,26MAY2027,23500000.000000,5,OPTFUT,MCX,50.000000,600,False
579678,SILVERM26MAY27234000CE,SILVERM,26MAY2027,23400000.000000,5,OPTFUT,MCX,50.000000,600,False
579685,SILVERM26MAY27227000CE,SILVERM,26MAY2027,22700000.000000,5,OPTFUT,MCX,50.000000,600,False
565825,SILVER26FEB27242000CE,SILVER,26FEB2027,24200000.000000,30,OPTFUT,MCX,50.000000,600,False
565827,SILVER28DEC26245000PE,SILVER,28DEC2026,24500000.000000,30,OPTFUT,MCX,50.000000,600,False
565858,SILVERM25JAN27249000PE,SILVERM,25JAN2027,24900000.000000,5,OPTFUT,MCX,50.000000,600,False
565859,SILVERM25JAN27248000PE,SILVERM,25JAN2027,24800000.000000,5,OPTFUT,MCX,50.000000,600,False
579693,SILVERM26MAY27219000CE,SILVERM,26MAY2027,21900000.000000,5,OPTFUT,MCX,50.000000,600,False
579694,SILVERM26MAY27218000CE,SILVERM,26MAY2027,21800000.000000,5,OPTFUT,MCX,50.000000,600,False
579710,SILVERM26MAY27244000CE,SILVERM,26MAY2027,24400000.000000,5,OPTFUT,MCX,50.000000,600,False
579737,SILVERM26MAY27271000CE,SILVERM,26MAY2027,27100000.000000,5,OPTFUT,MCX,50.000000,600,False
565899,CRUDEOIL21SEP26FUT,CRUDEOIL,21SEP2026,0.000000,100,FUTCOM,MCX,100.000000,10000,False
566307,GOLD25SEP26134000CE,GOLD,25SEP2026,13400000.000000,1,OPTFUT,MCX,50.000000,100,False
566314,GOLD25SEP26130500CE,GOLD,25SEP2026,13050000.000000,1,OPTFUT,MCX,50.000000,100,False
566319,GOLD30OCT26137500CE,GOLD,30OCT2026,13750000.000000,1,OPTFUT,MCX,50.000000,100,False
579742,SILVERM26MAY27276000CE,SILVERM,26MAY2027,27600000.000000,5,OPTFUT,MCX,50.000000,600,False
579756,SILVERM23JUN27236000CE,SILVERM,23JUN2027,23600000.000000,5,OPTFUT,MCX,50.000000,600,False
579765,SILVERM23JUN27227000CE,SILVERM,23JUN2027,22700000.000000,5,OPTFUT,MCX,50.000000,600,False
579767,SILVERM23JUN27225000CE,SILVERM,23JUN2027,22500000.000000,5,OPTFUT,MCX,50.000000,600,False
579778,SILVERM23JUN27214000CE,SILVERM,23JUN2027,21400000.000000,5,OPTFUT,MCX,50.000000,600,False
579820,SILVERM23JUN27274000CE,SILVERM,23JUN2027,27400000.000000,5,OPTFUT,MCX,50.000000,600,False
579823,SILVERM23JUN27277000CE,SILVERM,23JUN2027,27700000.000000,5,OPTFUT,MCX,50.000000,600,False
579826,SILVERM23JUN27280000CE,SILVERM,23JUN2027,28000000.000000,5,OPTFUT,MCX,50.000000,600,False
566324,GOLD30OCT26135000CE,GOLD,30OCT2026,13500000.000000,1,OPTFUT,MCX,50.000000,100,False
566329,GOLD30OCT26132500CE,GOLD,30OCT2026,13250000.000000,1,OPTFUT,MCX,50.000000,100,False
566332,GOLD27NOV26137500CE,GOLD,27NOV2026,13750000.000000,1,OPTFUT,MCX,50.000000,100,False
566335,GOLD27NOV26136000CE,GOLD,27NOV2026,13600000.000000,1,OPTFUT,MCX,50.000000,100,False
579831,SILVERM23APR27200000PE,SILVERM,23APR2027,20000000.000000,5,OPTFUT,MCX,50.000000,600,False
579838,SILVERM26MAY27236000PE,SILVERM,26MAY2027,23600000.000000,5,OPTFUT,MCX,50.000000,600,False
579843,SILVERM26MAY27231000PE,SILVERM,26MAY2027,23100000.000000,5,OPTFUT,MCX,50.000000,600,False
579846,SILVERM26MAY27228000PE,SILVERM,26MAY2027,22800000.000000,5,OPTFUT,MCX,50.000000,600,False
566340,GOLD27NOV26133500CE,GOLD,27NOV2026,13350000.000000,1,OPTFUT,MCX,50.000000,100,False
566361,GOLD29JAN27138500CE,GOLD,29JAN2027,13850000.000000,1,OPTFUT,MCX,50.000000,100,False
566366,GOLD29JAN27136000CE,GOLD,29JAN2027,13600000.000000,1,OPTFUT,MCX,50.000000,100,False
566409,GOLD25SEP26135000PE,GOLD,25SEP2026,13500000.000000,1,OPTFUT,MCX,50.000000,100,False
566449,GOLD31DEC26140500PE,GOLD,31DEC2026,14050000.000000,1,OPTFUT,MCX,50.000000,100,False
566451,GOLD31DEC26139500PE,GOLD,31DEC2026,13950000.000000,1,OPTFUT,MCX,50.000000,100,False
566452,GOLD31DEC26139000PE,GOLD,31DEC2026,13900000.000000,1,OPTFUT,MCX,50.000000,100,False
566454,GOLD31DEC26138000PE,GOLD,31DEC2026,13800000.000000,1,OPTFUT,MCX,50.000000,100,False
579848,SILVERM26MAY27226000PE,SILVERM,26MAY2027,22600000.000000,5,OPTFUT,MCX,50.000000,600,False
579849,SILVERM26MAY27225000PE,SILVERM,26MAY2027,22500000.000000,5,OPTFUT,MCX,50.000000,600,False
579852,SILVERM26MAY27222000PE,SILVERM,26MAY2027,22200000.000000,5,OPTFUT,MCX,50.000000,600,False
579853,SILVERM26MAY27221000PE,SILVERM,26MAY2027,22100000.000000,5,OPTFUT,MCX,50.000000,600,False
566461,GOLD29JAN27140500PE,GOLD,29JAN2027,14050000.000000,1,OPTFUT,MCX,50.000000,100,False
566560,SILVER24SEP26211000CE,SILVER,24SEP2026,21100000.000000,30,OPTFUT,MCX,50.000000,600,False
566569,SILVER27OCT26210000CE,SILVER,27OCT2026,21000000.000000,30,OPTFUT,MCX,50.000000,600,False
566572,SILVER27NOV26215000CE,SILVER,27NOV2026,21500000.000000,30,OPTFUT,MCX,50.000000,600,False
579857,SILVERM26MAY27217000PE,SILVERM,26MAY2027,21700000.000000,5,OPTFUT,MCX,50.000000,600,False
579862,SILVERM26MAY27212000PE,SILVERM,26MAY2027,21200000.000000,5,OPTFUT,MCX,50.000000,600,False
579890,SILVERM26MAY27262000PE,SILVERM,26MAY2027,26200000.000000,5,OPTFUT,MCX,50.000000,600,False
579911,SILVERM26MAY27283000PE,SILVERM,26MAY2027,28300000.000000,5,OPTFUT,MCX,50.000000,600,False
566575,SILVER27NOV26212000CE,SILVER,27NOV2026,21200000.000000,30,OPTFUT,MCX,50.000000,600,False
566577,SILVER27NOV26210000CE,SILVER,27NOV2026,21000000.000000,30,OPTFUT,MCX,50.000000,600,False
566581,SILVER28DEC26237000CE,SILVER,28DEC2026,23700000.000000,30,OPTFUT,MCX,50.000000,600,False
566587,SILVER28DEC26231000CE,SILVER,28DEC2026,23100000.000000,30,OPTFUT,MCX,50.000000,600,False
579943,SILVERM23JUN27211000PE,SILVERM,23JUN2027,21100000.000000,5,OPTFUT,MCX,50.000000,600,False
579953,SILVERM23JUN27245000PE,SILVERM,23JUN2027,24500000.000000,5,OPTFUT,MCX,50.000000,600,False
579988,SILVERM23JUN27280000PE,SILVERM,23JUN2027,28000000.000000,5,OPTFUT,MCX,50.000000,600,False
579989,SILVERM23JUN27281000PE,SILVERM,23JUN2027,28100000.000000,5,OPTFUT,MCX,50.000000,600,False
565117,SILVER26FEB27310000PE,SILVER,26FEB2027,31000000.000000,30,OPTFUT,MCX,50.000000,600,False
565121,SILVER26FEB27314000PE,SILVER,26FEB2027,31400000.000000,30,OPTFUT,MCX,50.000000,600,False
565124,SILVER26FEB27317000PE,SILVER,26FEB2027,31700000.000000,30,OPTFUT,MCX,50.000000,600,False
579997,GOLD25SEP26117000CE,GOLD,25SEP2026,11700000.000000,1,OPTFUT,MCX,50.000000,100,False
566596,SILVER28DEC26222000CE,SILVER,28DEC2026,22200000.000000,30,OPTFUT,MCX,50.000000,600,False
566620,SILVER25JAN27221000CE,SILVER,25JAN2027,22100000.000000,30,OPTFUT,MCX,50.000000,600,False
566623,SILVER25JAN27218000CE,SILVER,25JAN2027,21800000.000000,30,OPTFUT,MCX,50.000000,600,False
566626,SILVER26FEB27238000CE,SILVER,26FEB2027,23800000.000000,30,OPTFUT,MCX,50.000000,600,False
565131,SILVER26FEB27324000PE,SILVER,26FEB2027,32400000.000000,30,OPTFUT,MCX,50.000000,600,False
565132,SILVER26FEB27325000PE,SILVER,26FEB2027,32500000.000000,30,OPTFUT,MCX,50.000000,600,False
565134,SILVER26FEB27327000PE,SILVER,26FEB2027,32700000.000000,30,OPTFUT,MCX,50.000000,600,False
565142,SILVERM28DEC26294000CE,SILVERM,28DEC2026,29400000.000000,5,OPTFUT,MCX,50.000000,600,False
566628,SILVER26FEB27236000CE,SILVER,26FEB2027,23600000.000000,30,OPTFUT,MCX,50.000000,600,False
566629,SILVER26FEB27235000CE,SILVER,26FEB2027,23500000.000000,30,OPTFUT,MCX,50.000000,600,False
566631,SILVER26FEB27233000CE,SILVER,26FEB2027,23300000.000000,30,OPTFUT,MCX,50.000000,600,False
566635,SILVER26FEB27229000CE,SILVER,26FEB2027,22900000.000000,30,OPTFUT,MCX,50.000000,600,False
565149,SILVERM28DEC26287000CE,SILVERM,28DEC2026,28700000.000000,5,OPTFUT,MCX,50.000000,600,False
565170,SILVERM28DEC26266000CE,SILVERM,28DEC2026,26600000.000000,5,OPTFUT,MCX,50.000000,600,False
565180,SILVERM28DEC26298000CE,SILVERM,28DEC2026,29800000.000000,5,OPTFUT,MCX,50.000000,600,False
565185,SILVERM28DEC26303000CE,SILVERM,28DEC2026,30300000.000000,5,OPTFUT,MCX,50.000000,600,False
566640,SILVER26FEB27224000CE,SILVER,26FEB2027,22400000.000000,30,OPTFUT,MCX,50.000000,600,False
566643,SILVER26FEB27221000CE,SILVER,26FEB2027,22100000.000000,30,OPTFUT,MCX,50.000000,600,False
566670,SILVER24SEP26217000PE,SILVER,24SEP2026,21700000.000000,30,OPTFUT,MCX,50.000000,600,False
566672,SILVER24SEP26215000PE,SILVER,24SEP2026,21500000.000000,30,OPTFUT,MCX,50.000000,600,False
565189,SILVERM28DEC26307000CE,SILVERM,28DEC2026,30700000.000000,5,OPTFUT,MCX,50.000000,600,False
565230,SILVERM25JAN27286000CE,SILVERM,25JAN2027,28600000.000000,5,OPTFUT,MCX,50.000000,600,False
565234,SILVERM25JAN27282000CE,SILVERM,25JAN2027,28200000.000000,5,OPTFUT,MCX,50.000000,600,False
565252,SILVERM25JAN27264000CE,SILVERM,25JAN2027,26400000.000000,5,OPTFUT,MCX,50.000000,600,False
566677,SILVER24SEP26210000PE,SILVER,24SEP2026,21000000.000000,30,OPTFUT,MCX,50.000000,600,False
566679,SILVER27OCT26216000PE,SILVER,27OCT2026,21600000.000000,30,OPTFUT,MCX,50.000000,600,False
566692,SILVER27NOV26211000PE,SILVER,27NOV2026,21100000.000000,30,OPTFUT,MCX,50.000000,600,False
566699,SILVER28DEC26235000PE,SILVER,28DEC2026,23500000.000000,30,OPTFUT,MCX,50.000000,600,False
565257,SILVERM25JAN27259000CE,SILVERM,25JAN2027,25900000.000000,5,OPTFUT,MCX,50.000000,600,False
565261,SILVERM25JAN27299000CE,SILVERM,25JAN2027,29900000.000000,5,OPTFUT,MCX,50.000000,600,False
565267,SILVERM25JAN27305000CE,SILVERM,25JAN2027,30500000.000000,5,OPTFUT,MCX,50.000000,600,False
565273,SILVERM25JAN27311000CE,SILVERM,25JAN2027,31100000.000000,5,OPTFUT,MCX,50.000000,600,False
566726,SILVER25JAN27231000PE,SILVER,25JAN2027,23100000.000000,30,OPTFUT,MCX,50.000000,600,False
566746,SILVER26FEB27234000PE,SILVER,26FEB2027,23400000.000000,30,OPTFUT,MCX,50.000000,600,False
566755,SILVER26FEB27225000PE,SILVER,26FEB2027,22500000.000000,30,OPTFUT,MCX,50.000000,600,False
566759,SILVER26FEB27221000PE,SILVER,26FEB2027,22100000.000000,30,OPTFUT,MCX,50.000000,600,False
565277,SILVERM25JAN27315000CE,SILVERM,25JAN2027,31500000.000000,5,OPTFUT,MCX,50.000000,600,False
565311,SILVERM19FEB27285000CE,SILVERM,19FEB2027,28500000.000000,5,OPTFUT,MCX,50.000000,600,False
565326,SILVERM19FEB27270000CE,SILVERM,19FEB2027,27000000.000000,5,OPTFUT,MCX,50.000000,600,False
565318,SILVERM19FEB27278000CE,SILVERM,19FEB2027,27800000.000000,5,OPTFUT,MCX,50.000000,600,False
566772,SILVERM24SEP26221000CE,SILVERM,24SEP2026,22100000.000000,5,OPTFUT,MCX,50.000000,600,False
566782,SILVERM23NOV26221000CE,SILVERM,23NOV2026,22100000.000000,5,OPTFUT,MCX,50.000000,600,False
566792,SILVERM28DEC26237000CE,SILVERM,28DEC2026,23700000.000000,5,OPTFUT,MCX,50.000000,600,False
566793,SILVERM28DEC26236000CE,SILVERM,28DEC2026,23600000.000000,5,OPTFUT,MCX,50.000000,600,False
565329,SILVERM19FEB27267000CE,SILVERM,19FEB2027,26700000.000000,5,OPTFUT,MCX,50.000000,600,False
565330,SILVERM19FEB27266000CE,SILVERM,19FEB2027,26600000.000000,5,OPTFUT,MCX,50.000000,600,False
565339,SILVERM19FEB27257000CE,SILVERM,19FEB2027,25700000.000000,5,OPTFUT,MCX,50.000000,600,False
565352,SILVERM19FEB27310000CE,SILVERM,19FEB2027,31000000.000000,5,OPTFUT,MCX,50.000000,600,False
566800,SILVERM28DEC26229000CE,SILVERM,28DEC2026,22900000.000000,5,OPTFUT,MCX,50.000000,600,False
566810,SILVERM25JAN27241000CE,SILVERM,25JAN2027,24100000.000000,5,OPTFUT,MCX,50.000000,600,False
566812,SILVERM25JAN27239000CE,SILVERM,25JAN2027,23900000.000000,5,OPTFUT,MCX,50.000000,600,False
566814,SILVERM25JAN27237000CE,SILVERM,25JAN2027,23700000.000000,5,OPTFUT,MCX,50.000000,600,False
565360,SILVERM19FEB27318000CE,SILVERM,19FEB2027,31800000.000000,5,OPTFUT,MCX,50.000000,600,False
565373,SILVERM19FEB27331000CE,SILVERM,19FEB2027,33100000.000000,5,OPTFUT,MCX,50.000000,600,False
565386,SILVERM28DEC26290000PE,SILVERM,28DEC2026,29000000.000000,5,OPTFUT,MCX,50.000000,600,False
565389,SILVERM28DEC26287000PE,SILVERM,28DEC2026,28700000.000000,5,OPTFUT,MCX,50.000000,600,False
566830,SILVERM19FEB27243000CE,SILVERM,19FEB2027,24300000.000000,5,OPTFUT,MCX,50.000000,600,False
566834,SILVERM19FEB27239000CE,SILVERM,19FEB2027,23900000.000000,5,OPTFUT,MCX,50.000000,600,False
566871,SILVERM28DEC26245000PE,SILVERM,28DEC2026,24500000.000000,5,OPTFUT,MCX,50.000000,600,False
566876,SILVERM28DEC26240000PE,SILVERM,28DEC2026,24000000.000000,5,OPTFUT,MCX,50.000000,600,False
565410,SILVERM28DEC26266000PE,SILVERM,28DEC2026,26600000.000000,5,OPTFUT,MCX,50.000000,600,False
565428,SILVERM28DEC26306000PE,SILVERM,28DEC2026,30600000.000000,5,OPTFUT,MCX,50.000000,600,False
565434,SILVERM28DEC26312000PE,SILVERM,28DEC2026,31200000.000000,5,OPTFUT,MCX,50.000000,600,False
565443,SILVERM28DEC26321000PE,SILVERM,28DEC2026,32100000.000000,5,OPTFUT,MCX,50.000000,600,False
565479,SILVERM25JAN27277000PE,SILVERM,25JAN2027,27700000.000000,5,OPTFUT,MCX,50.000000,600,False
565488,SILVERM25JAN27268000PE,SILVERM,25JAN2027,26800000.000000,5,OPTFUT,MCX,50.000000,600,False
565489,SILVERM25JAN27267000PE,SILVERM,25JAN2027,26700000.000000,5,OPTFUT,MCX,50.000000,600,False
565514,SILVERM25JAN27312000PE,SILVERM,25JAN2027,31200000.000000,5,OPTFUT,MCX,50.000000,600,False
566880,SILVERM28DEC26236000PE,SILVERM,28DEC2026,23600000.000000,5,OPTFUT,MCX,50.000000,600,False
566881,SILVERM28DEC26235000PE,SILVERM,28DEC2026,23500000.000000,5,OPTFUT,MCX,50.000000,600,False
566884,SILVERM28DEC26232000PE,SILVERM,28DEC2026,23200000.000000,5,OPTFUT,MCX,50.000000,600,False
566890,SILVERM28DEC26226000PE,SILVERM,28DEC2026,22600000.000000,5,OPTFUT,MCX,50.000000,600,False
565516,SILVERM25JAN27314000PE,SILVERM,25JAN2027,31400000.000000,5,OPTFUT,MCX,50.000000,600,False
565520,SILVERM25JAN27318000PE,SILVERM,25JAN2027,31800000.000000,5,OPTFUT,MCX,50.000000,600,False
565523,SILVERM25JAN27321000PE,SILVERM,25JAN2027,32100000.000000,5,OPTFUT,MCX,50.000000,600,False
565535,SILVERM25JAN27333000PE,SILVERM,25JAN2027,33300000.000000,5,OPTFUT,MCX,50.000000,600,False
566908,SILVERM25JAN27230000PE,SILVERM,25JAN2027,23000000.000000,5,OPTFUT,MCX,50.000000,600,False
566918,SILVERM19FEB27242000PE,SILVERM,19FEB2027,24200000.000000,5,OPTFUT,MCX,50.000000,600,False
566919,SILVERM19FEB27241000PE,SILVERM,19FEB2027,24100000.000000,5,OPTFUT,MCX,50.000000,600,False
566923,SILVERM19FEB27237000PE,SILVERM,19FEB2027,23700000.000000,5,OPTFUT,MCX,50.000000,600,False
565541,SILVERM19FEB27295000PE,SILVERM,19FEB2027,29500000.000000,5,OPTFUT,MCX,50.000000,600,False
565546,SILVERM19FEB27290000PE,SILVERM,19FEB2027,29000000.000000,5,OPTFUT,MCX,50.000000,600,False
565559,SILVERM19FEB27277000PE,SILVERM,19FEB2027,27700000.000000,5,OPTFUT,MCX,50.000000,600,False
565560,SILVERM19FEB27276000PE,SILVERM,19FEB2027,27600000.000000,5,OPTFUT,MCX,50.000000,600,False
566929,SILVERM19FEB27231000PE,SILVERM,19FEB2027,23100000.000000,5,OPTFUT,MCX,50.000000,600,False
566935,SILVERM19FEB27225000PE,SILVERM,19FEB2027,22500000.000000,5,OPTFUT,MCX,50.000000,600,False
567349,SILVER24SEP26209000CE,SILVER,24SEP2026,20900000.000000,30,OPTFUT,MCX,50.000000,600,False
567351,SILVER27OCT26209000CE,SILVER,27OCT2026,20900000.000000,30,OPTFUT,MCX,50.000000,600,False
565562,SILVERM19FEB27274000PE,SILVERM,19FEB2027,27400000.000000,5,OPTFUT,MCX,50.000000,600,False
565569,SILVERM19FEB27267000PE,SILVERM,19FEB2027,26700000.000000,5,OPTFUT,MCX,50.000000,600,False
565590,SILVERM19FEB27308000PE,SILVERM,19FEB2027,30800000.000000,5,OPTFUT,MCX,50.000000,600,False
565593,SILVERM19FEB27311000PE,SILVERM,19FEB2027,31100000.000000,5,OPTFUT,MCX,50.000000,600,False
567381,SILVER26FEB27217000PE,SILVER,26FEB2027,21700000.000000,30,OPTFUT,MCX,50.000000,600,False
567382,SILVER26FEB27216000PE,SILVER,26FEB2027,21600000.000000,30,OPTFUT,MCX,50.000000,600,False
567398,SILVERM27OCT26219000CE,SILVERM,27OCT2026,21900000.000000,5,OPTFUT,MCX,50.000000,600,False
567407,SILVERM25JAN27223000CE,SILVERM,25JAN2027,22300000.000000,5,OPTFUT,MCX,50.000000,600,False
565666,SILVER28DEC26249000CE,SILVER,28DEC2026,24900000.000000,30,OPTFUT,MCX,50.000000,600,False
565667,SILVER28DEC26248000CE,SILVER,28DEC2026,24800000.000000,30,OPTFUT,MCX,50.000000,600,False
565673,SILVER26FEB27250000CE,SILVER,26FEB2027,25000000.000000,30,OPTFUT,MCX,50.000000,600,False
565676,SILVER28DEC26251000PE,SILVER,28DEC2026,25100000.000000,30,OPTFUT,MCX,50.000000,600,False
567409,SILVERM25JAN27221000CE,SILVERM,25JAN2027,22100000.000000,5,OPTFUT,MCX,50.000000,600,False
567436,SILVERM28DEC26221000PE,SILVERM,28DEC2026,22100000.000000,5,OPTFUT,MCX,50.000000,600,False
567440,SILVERM19FEB27223000PE,SILVERM,19FEB2027,22300000.000000,5,OPTFUT,MCX,50.000000,600,False
567566,GOLD30OCT26127500CE,GOLD,30OCT2026,12750000.000000,1,OPTFUT,MCX,50.000000,100,False
565685,SILVER26FEB27250000PE,SILVER,26FEB2027,25000000.000000,30,OPTFUT,MCX,50.000000,600,False
565701,SILVERM25JAN27255000PE,SILVERM,25JAN2027,25500000.000000,5,OPTFUT,MCX,50.000000,600,False
565704,SILVERM19FEB27255000PE,SILVERM,19FEB2027,25500000.000000,5,OPTFUT,MCX,50.000000,600,False
565727,SILVER28DEC26246000CE,SILVER,28DEC2026,24600000.000000,30,OPTFUT,MCX,50.000000,600,False
567580,GOLD27NOV26127500CE,GOLD,27NOV2026,12750000.000000,1,OPTFUT,MCX,50.000000,100,False
567601,GOLD29JAN27135000CE,GOLD,29JAN2027,13500000.000000,1,OPTFUT,MCX,50.000000,100,False
567666,GOLD25SEP26123000PE,GOLD,25SEP2026,12300000.000000,1,OPTFUT,MCX,50.000000,100,False
567611,GOLD29JAN27130000CE,GOLD,29JAN2027,13000000.000000,1,OPTFUT,MCX,50.000000,100,False
565735,SILVER25JAN27246000PE,SILVER,25JAN2027,24600000.000000,30,OPTFUT,MCX,50.000000,600,False
565737,SILVER26FEB27246000PE,SILVER,26FEB2027,24600000.000000,30,OPTFUT,MCX,50.000000,600,False
565756,SILVERM25JAN27251000PE,SILVERM,25JAN2027,25100000.000000,5,OPTFUT,MCX,50.000000,600,False
565832,SILVER25JAN27245000PE,SILVER,25JAN2027,24500000.000000,30,OPTFUT,MCX,50.000000,600,False
565849,SILVERM25JAN27246000CE,SILVERM,25JAN2027,24600000.000000,5,OPTFUT,MCX,50.000000,600,False
565900,CRUDEOILM21SEP26FUT,CRUDEOILM,21SEP2026,0.000000,10,FUTCOM,MCX,100.000000,10000,False
566306,GOLD25SEP26134500CE,GOLD,25SEP2026,13450000.000000,1,OPTFUT,MCX,50.000000,100,False
566309,GOLD25SEP26133000CE,GOLD,25SEP2026,13300000.000000,1,OPTFUT,MCX,50.000000,100,False
567684,GOLD27NOV26130500PE,GOLD,27NOV2026,13050000.000000,1,OPTFUT,MCX,50.000000,100,False
567688,GOLD27NOV26128500PE,GOLD,27NOV2026,12850000.000000,1,OPTFUT,MCX,50.000000,100,False
567700,GOLD31DEC26133000PE,GOLD,31DEC2026,13300000.000000,1,OPTFUT,MCX,50.000000,100,False
567709,GOLD31DEC26128500PE,GOLD,31DEC2026,12850000.000000,1,OPTFUT,MCX,50.000000,100,False
566327,GOLD30OCT26133500CE,GOLD,30OCT2026,13350000.000000,1,OPTFUT,MCX,50.000000,100,False
566338,GOLD27NOV26134500CE,GOLD,27NOV2026,13450000.000000,1,OPTFUT,MCX,50.000000,100,False
566344,GOLD31DEC26141000CE,GOLD,31DEC2026,14100000.000000,1,OPTFUT,MCX,50.000000,100,False
566350,GOLD31DEC26138000CE,GOLD,31DEC2026,13800000.000000,1,OPTFUT,MCX,50.000000,100,False
567710,GOLD29JAN27135500PE,GOLD,29JAN2027,13550000.000000,1,OPTFUT,MCX,50.000000,100,False
567800,SILVER24SEP26205000CE,SILVER,24SEP2026,20500000.000000,30,OPTFUT,MCX,50.000000,600,False
567814,SILVER28DEC26214000CE,SILVER,28DEC2026,21400000.000000,30,OPTFUT,MCX,50.000000,600,False
567822,SILVER25JAN27212000CE,SILVER,25JAN2027,21200000.000000,30,OPTFUT,MCX,50.000000,600,False
566357,GOLD29JAN27140500CE,GOLD,29JAN2027,14050000.000000,1,OPTFUT,MCX,50.000000,100,False
566362,GOLD29JAN27138000CE,GOLD,29JAN2027,13800000.000000,1,OPTFUT,MCX,50.000000,100,False
566410,GOLD25SEP26134500PE,GOLD,25SEP2026,13450000.000000,1,OPTFUT,MCX,50.000000,100,False
566414,GOLD25SEP26132500PE,GOLD,25SEP2026,13250000.000000,1,OPTFUT,MCX,50.000000,100,False
567827,SILVER26FEB27213000CE,SILVER,26FEB2027,21300000.000000,30,OPTFUT,MCX,50.000000,600,False
567853,SILVER27NOV26206000PE,SILVER,27NOV2026,20600000.000000,30,OPTFUT,MCX,50.000000,600,False
567872,SILVER26FEB27212000PE,SILVER,26FEB2027,21200000.000000,30,OPTFUT,MCX,50.000000,600,False
567883,SILVERM24SEP26216000CE,SILVERM,24SEP2026,21600000.000000,5,OPTFUT,MCX,50.000000,600,False
566426,GOLD30OCT26136000PE,GOLD,30OCT2026,13600000.000000,1,OPTFUT,MCX,50.000000,100,False
566433,GOLD30OCT26132500PE,GOLD,30OCT2026,13250000.000000,1,OPTFUT,MCX,50.000000,100,False
566437,GOLD27NOV26137000PE,GOLD,27NOV2026,13700000.000000,1,OPTFUT,MCX,50.000000,100,False
566446,GOLD27NOV26132500PE,GOLD,27NOV2026,13250000.000000,1,OPTFUT,MCX,50.000000,100,False
567903,SILVERM19FEB27220000CE,SILVERM,19FEB2027,22000000.000000,5,OPTFUT,MCX,50.000000,600,False
567917,SILVERM24SEP26214000PE,SILVERM,24SEP2026,21400000.000000,5,OPTFUT,MCX,50.000000,600,False
567919,SILVERM27OCT26216000PE,SILVERM,27OCT2026,21600000.000000,5,OPTFUT,MCX,50.000000,600,False
567921,SILVERM27OCT26214000PE,SILVERM,27OCT2026,21400000.000000,5,OPTFUT,MCX,50.000000,600,False
566459,GOLD29JAN27141500PE,GOLD,29JAN2027,14150000.000000,1,OPTFUT,MCX,50.000000,100,False
566468,GOLD29JAN27137000PE,GOLD,29JAN2027,13700000.000000,1,OPTFUT,MCX,50.000000,100,False
566557,SILVER24SEP26214000CE,SILVER,24SEP2026,21400000.000000,30,OPTFUT,MCX,50.000000,600,False
566563,SILVER27OCT26216000CE,SILVER,27OCT2026,21600000.000000,30,OPTFUT,MCX,50.000000,600,False
566565,SILVER27OCT26214000CE,SILVER,27OCT2026,21400000.000000,30,OPTFUT,MCX,50.000000,600,False
566571,SILVER27NOV26216000CE,SILVER,27NOV2026,21600000.000000,30,OPTFUT,MCX,50.000000,600,False
566583,SILVER28DEC26235000CE,SILVER,28DEC2026,23500000.000000,30,OPTFUT,MCX,50.000000,600,False
566585,SILVER28DEC26233000CE,SILVER,28DEC2026,23300000.000000,30,OPTFUT,MCX,50.000000,600,False
567923,SILVERM23NOV26216000PE,SILVERM,23NOV2026,21600000.000000,5,OPTFUT,MCX,50.000000,600,False
567928,SILVERM28DEC26219000PE,SILVERM,28DEC2026,21900000.000000,5,OPTFUT,MCX,50.000000,600,False
567933,SILVERM25JAN27218000PE,SILVERM,25JAN2027,21800000.000000,5,OPTFUT,MCX,50.000000,600,False
567934,SILVERM25JAN27217000PE,SILVERM,25JAN2027,21700000.000000,5,OPTFUT,MCX,50.000000,600,False
566586,SILVER28DEC26232000CE,SILVER,28DEC2026,23200000.000000,30,OPTFUT,MCX,50.000000,600,False
566592,SILVER28DEC26226000CE,SILVER,28DEC2026,22600000.000000,30,OPTFUT,MCX,50.000000,600,False
566613,SILVER25JAN27228000CE,SILVER,25JAN2027,22800000.000000,30,OPTFUT,MCX,50.000000,600,False
566618,SILVER25JAN27223000CE,SILVER,25JAN2027,22300000.000000,30,OPTFUT,MCX,50.000000,600,False
568045,SILVERM23NOV26211000CE,SILVERM,23NOV2026,21100000.000000,5,OPTFUT,MCX,50.000000,600,False
568051,SILVERM19FEB27215000CE,SILVERM,19FEB2027,21500000.000000,5,OPTFUT,MCX,50.000000,600,False
568065,SILVERM28DEC26216000PE,SILVERM,28DEC2026,21600000.000000,5,OPTFUT,MCX,50.000000,600,False
568246,NATGASMINI25SEP26FUT,NATGASMINI,25SEP2026,0.000000,250,FUTCOM,MCX,10.000000,60000,False
566624,SILVER26FEB27240000CE,SILVER,26FEB2027,24000000.000000,30,OPTFUT,MCX,50.000000,600,False
566637,SILVER26FEB27227000CE,SILVER,26FEB2027,22700000.000000,30,OPTFUT,MCX,50.000000,600,False
566639,SILVER26FEB27225000CE,SILVER,26FEB2027,22500000.000000,30,OPTFUT,MCX,50.000000,600,False
566689,SILVER27NOV26214000PE,SILVER,27NOV2026,21400000.000000,30,OPTFUT,MCX,50.000000,600,False
568434,SILVER27NOV26200000CE,SILVER,27NOV2026,20000000.000000,30,OPTFUT,MCX,50.000000,600,False
568437,SILVER28DEC26209000CE,SILVER,28DEC2026,20900000.000000,30,OPTFUT,MCX,50.000000,600,False
568439,SILVER28DEC26207000CE,SILVER,28DEC2026,20700000.000000,30,OPTFUT,MCX,50.000000,600,False
568445,SILVER26FEB27209000CE,SILVER,26FEB2027,20900000.000000,30,OPTFUT,MCX,50.000000,600,False
566698,SILVER28DEC26236000PE,SILVER,28DEC2026,23600000.000000,30,OPTFUT,MCX,50.000000,600,False
566701,SILVER28DEC26233000PE,SILVER,28DEC2026,23300000.000000,30,OPTFUT,MCX,50.000000,600,False
566704,SILVER28DEC26230000PE,SILVER,28DEC2026,23000000.000000,30,OPTFUT,MCX,50.000000,600,False
566706,SILVER28DEC26228000PE,SILVER,28DEC2026,22800000.000000,30,OPTFUT,MCX,50.000000,600,False
568466,SILVER24SEP26198000PE,SILVER,24SEP2026,19800000.000000,30,OPTFUT,MCX,50.000000,600,False
568501,SILVERM24SEP26207000CE,SILVERM,24SEP2026,20700000.000000,5,OPTFUT,MCX,50.000000,600,False
568505,SILVERM27OCT26208000CE,SILVERM,27OCT2026,20800000.000000,5,OPTFUT,MCX,50.000000,600,False
568507,SILVERM27OCT26206000CE,SILVERM,27OCT2026,20600000.000000,5,OPTFUT,MCX,50.000000,600,False
566711,SILVER28DEC26223000PE,SILVER,28DEC2026,22300000.000000,30,OPTFUT,MCX,50.000000,600,False
566713,SILVER28DEC26221000PE,SILVER,28DEC2026,22100000.000000,30,OPTFUT,MCX,50.000000,600,False
566719,SILVER25JAN27238000PE,SILVER,25JAN2027,23800000.000000,30,OPTFUT,MCX,50.000000,600,False
566722,SILVER25JAN27235000PE,SILVER,25JAN2027,23500000.000000,30,OPTFUT,MCX,50.000000,600,False
568521,SILVERM19FEB27214000CE,SILVERM,19FEB2027,21400000.000000,5,OPTFUT,MCX,50.000000,600,False
568545,SILVERM27OCT26206000PE,SILVERM,27OCT2026,20600000.000000,5,OPTFUT,MCX,50.000000,600,False
568548,SILVERM23NOV26208000PE,SILVERM,23NOV2026,20800000.000000,5,OPTFUT,MCX,50.000000,600,False
568553,SILVERM28DEC26212000PE,SILVERM,28DEC2026,21200000.000000,5,OPTFUT,MCX,50.000000,600,False
566735,SILVER25JAN27222000PE,SILVER,25JAN2027,22200000.000000,30,OPTFUT,MCX,50.000000,600,False
566745,SILVER26FEB27235000PE,SILVER,26FEB2027,23500000.000000,30,OPTFUT,MCX,50.000000,600,False
566749,SILVER26FEB27231000PE,SILVER,26FEB2027,23100000.000000,30,OPTFUT,MCX,50.000000,600,False
566762,SILVER26FEB27218000PE,SILVER,26FEB2027,21800000.000000,30,OPTFUT,MCX,50.000000,600,False
566771,SILVERM24SEP26222000CE,SILVERM,24SEP2026,22200000.000000,5,OPTFUT,MCX,50.000000,600,False
566788,SILVERM28DEC26241000CE,SILVERM,28DEC2026,24100000.000000,5,OPTFUT,MCX,50.000000,600,False
566796,SILVERM28DEC26233000CE,SILVERM,28DEC2026,23300000.000000,5,OPTFUT,MCX,50.000000,600,False
566798,SILVERM28DEC26231000CE,SILVERM,28DEC2026,23100000.000000,5,OPTFUT,MCX,50.000000,600,False
568555,SILVERM25JAN27214000PE,SILVERM,25JAN2027,21400000.000000,5,OPTFUT,MCX,50.000000,600,False
568559,SILVERM19FEB27214000PE,SILVERM,19FEB2027,21400000.000000,5,OPTFUT,MCX,50.000000,600,False
569428,GOLD29MAR27164500PE,GOLD,29MAR2027,16450000.000000,1,OPTFUT,MCX,50.000000,100,False
569448,GOLD26FEB27156500CE,GOLD,26FEB2027,15650000.000000,1,OPTFUT,MCX,50.000000,100,False
566799,SILVERM28DEC26230000CE,SILVERM,28DEC2026,23000000.000000,5,OPTFUT,MCX,50.000000,600,False
566807,SILVERM25JAN27244000CE,SILVERM,25JAN2027,24400000.000000,5,OPTFUT,MCX,50.000000,600,False
566864,SILVERM27OCT26221000PE,SILVERM,27OCT2026,22100000.000000,5,OPTFUT,MCX,50.000000,600,False
566870,SILVERM23NOV26220000PE,SILVERM,23NOV2026,22000000.000000,5,OPTFUT,MCX,50.000000,600,False
569449,GOLD26FEB27156000CE,GOLD,26FEB2027,15600000.000000,1,OPTFUT,MCX,50.000000,100,False
569455,GOLD26FEB27153000CE,GOLD,26FEB2027,15300000.000000,1,OPTFUT,MCX,50.000000,100,False
569460,GOLD26FEB27150500CE,GOLD,26FEB2027,15050000.000000,1,OPTFUT,MCX,50.000000,100,False
569462,GOLD26FEB27149500CE,GOLD,26FEB2027,14950000.000000,1,OPTFUT,MCX,50.000000,100,False
566887,SILVERM28DEC26229000PE,SILVERM,28DEC2026,22900000.000000,5,OPTFUT,MCX,50.000000,600,False
566888,SILVERM28DEC26228000PE,SILVERM,28DEC2026,22800000.000000,5,OPTFUT,MCX,50.000000,600,False
566893,SILVERM25JAN27245000PE,SILVERM,25JAN2027,24500000.000000,5,OPTFUT,MCX,50.000000,600,False
566894,SILVERM25JAN27244000PE,SILVERM,25JAN2027,24400000.000000,5,OPTFUT,MCX,50.000000,600,False
569465,GOLD26FEB27148000CE,GOLD,26FEB2027,14800000.000000,1,OPTFUT,MCX,50.000000,100,False
569472,GOLD26FEB27144500CE,GOLD,26FEB2027,14450000.000000,1,OPTFUT,MCX,50.000000,100,False
569474,GOLD26FEB27143500CE,GOLD,26FEB2027,14350000.000000,1,OPTFUT,MCX,50.000000,100,False
569477,GOLD26FEB27142000CE,GOLD,26FEB2027,14200000.000000,1,OPTFUT,MCX,50.000000,100,False
566900,SILVERM25JAN27238000PE,SILVERM,25JAN2027,23800000.000000,5,OPTFUT,MCX,50.000000,600,False
566901,SILVERM25JAN27237000PE,SILVERM,25JAN2027,23700000.000000,5,OPTFUT,MCX,50.000000,600,False
566906,SILVERM25JAN27232000PE,SILVERM,25JAN2027,23200000.000000,5,OPTFUT,MCX,50.000000,600,False
566922,SILVERM19FEB27238000PE,SILVERM,19FEB2027,23800000.000000,5,OPTFUT,MCX,50.000000,600,False
569482,GOLD26FEB27139500CE,GOLD,26FEB2027,13950000.000000,1,OPTFUT,MCX,50.000000,100,False
569484,GOLD26FEB27165500CE,GOLD,26FEB2027,16550000.000000,1,OPTFUT,MCX,50.000000,100,False
569488,GOLD26FEB27167500CE,GOLD,26FEB2027,16750000.000000,1,OPTFUT,MCX,50.000000,100,False
569492,GOLD26FEB27169500CE,GOLD,26FEB2027,16950000.000000,1,OPTFUT,MCX,50.000000,100,False
566931,SILVERM19FEB27229000PE,SILVERM,19FEB2027,22900000.000000,5,OPTFUT,MCX,50.000000,600,False
566932,SILVERM19FEB27228000PE,SILVERM,19FEB2027,22800000.000000,5,OPTFUT,MCX,50.000000,600,False
567353,SILVER27NOV26209000CE,SILVER,27NOV2026,20900000.000000,30,OPTFUT,MCX,50.000000,600,False
567354,SILVER27NOV26208000CE,SILVER,27NOV2026,20800000.000000,30,OPTFUT,MCX,50.000000,600,False
567358,SILVER25JAN27216000CE,SILVER,25JAN2027,21600000.000000,30,OPTFUT,MCX,50.000000,600,False
567360,SILVER26FEB27216000CE,SILVER,26FEB2027,21600000.000000,30,OPTFUT,MCX,50.000000,600,False
567371,SILVER24SEP26209000PE,SILVER,24SEP2026,20900000.000000,30,OPTFUT,MCX,50.000000,600,False
567376,SILVER27NOV26208000PE,SILVER,27NOV2026,20800000.000000,30,OPTFUT,MCX,50.000000,600,False
569498,GOLD26FEB27172500CE,GOLD,26FEB2027,17250000.000000,1,OPTFUT,MCX,50.000000,100,False
569500,GOLD26FEB27173500CE,GOLD,26FEB2027,17350000.000000,1,OPTFUT,MCX,50.000000,100,False
569515,GOLD26FEB27181000CE,GOLD,26FEB2027,18100000.000000,1,OPTFUT,MCX,50.000000,100,False
569520,GOLD26FEB27183500CE,GOLD,26FEB2027,18350000.000000,1,OPTFUT,MCX,50.000000,100,False
567377,SILVER28DEC26217000PE,SILVER,28DEC2026,21700000.000000,30,OPTFUT,MCX,50.000000,600,False
567400,SILVERM27OCT26217000CE,SILVERM,27OCT2026,21700000.000000,5,OPTFUT,MCX,50.000000,600,False
567404,SILVERM28DEC26223000CE,SILVERM,28DEC2026,22300000.000000,5,OPTFUT,MCX,50.000000,600,False
567408,SILVERM25JAN27222000CE,SILVERM,25JAN2027,22200000.000000,5,OPTFUT,MCX,50.000000,600,False
569521,GOLD26FEB27184000CE,GOLD,26FEB2027,18400000.000000,1,OPTFUT,MCX,50.000000,100,False
569523,GOLD26FEB27185000CE,GOLD,26FEB2027,18500000.000000,1,OPTFUT,MCX,50.000000,100,False
569539,GOLD29MAR27161000CE,GOLD,29MAR2027,16100000.000000,1,OPTFUT,MCX,50.000000,100,False
569558,GOLD29MAR27151500CE,GOLD,29MAR2027,15150000.000000,1,OPTFUT,MCX,50.000000,100,False
567425,SILVERM24SEP26219000PE,SILVERM,24SEP2026,21900000.000000,5,OPTFUT,MCX,50.000000,600,False
567428,SILVERM27OCT26219000PE,SILVERM,27OCT2026,21900000.000000,5,OPTFUT,MCX,50.000000,600,False
567429,SILVERM27OCT26218000PE,SILVERM,27OCT2026,21800000.000000,5,OPTFUT,MCX,50.000000,600,False
567434,SILVERM28DEC26223000PE,SILVERM,28DEC2026,22300000.000000,5,OPTFUT,MCX,50.000000,600,False
569572,GOLD29MAR27144500CE,GOLD,29MAR2027,14450000.000000,1,OPTFUT,MCX,50.000000,100,False
569586,GOLD29MAR27166500CE,GOLD,29MAR2027,16650000.000000,1,OPTFUT,MCX,50.000000,100,False
569592,GOLD29MAR27169500CE,GOLD,29MAR2027,16950000.000000,1,OPTFUT,MCX,50.000000,100,False
569595,GOLD29MAR27171000CE,GOLD,29MAR2027,17100000.000000,1,OPTFUT,MCX,50.000000,100,False
567544,GOLD25SEP26129000CE,GOLD,25SEP2026,12900000.000000,1,OPTFUT,MCX,50.000000,100,False
567548,GOLD25SEP26127000CE,GOLD,25SEP2026,12700000.000000,1,OPTFUT,MCX,50.000000,100,False
567555,GOLD25SEP26123500CE,GOLD,25SEP2026,12350000.000000,1,OPTFUT,MCX,50.000000,100,False
567563,GOLD30OCT26129000CE,GOLD,30OCT2026,12900000.000000,1,OPTFUT,MCX,50.000000,100,False
569598,GOLD29MAR27172500CE,GOLD,29MAR2027,17250000.000000,1,OPTFUT,MCX,50.000000,100,False
569602,GOLD29MAR27174500CE,GOLD,29MAR2027,17450000.000000,1,OPTFUT,MCX,50.000000,100,False
569613,GOLD29MAR27180000CE,GOLD,29MAR2027,18000000.000000,1,OPTFUT,MCX,50.000000,100,False
569616,GOLD29MAR27181500CE,GOLD,29MAR2027,18150000.000000,1,OPTFUT,MCX,50.000000,100,False
567586,GOLD31DEC26135000CE,GOLD,31DEC2026,13500000.000000,1,OPTFUT,MCX,50.000000,100,False
567594,GOLD31DEC26131000CE,GOLD,31DEC2026,13100000.000000,1,OPTFUT,MCX,50.000000,100,False
567595,GOLD31DEC26130500CE,GOLD,31DEC2026,13050000.000000,1,OPTFUT,MCX,50.000000,100,False
567596,GOLD31DEC26130000CE,GOLD,31DEC2026,13000000.000000,1,OPTFUT,MCX,50.000000,100,False
569619,GOLD29MAR27183000CE,GOLD,29MAR2027,18300000.000000,1,OPTFUT,MCX,50.000000,100,False
569626,GOLD29MAR27186500CE,GOLD,29MAR2027,18650000.000000,1,OPTFUT,MCX,50.000000,100,False
569632,GOLD29MAR27189500CE,GOLD,29MAR2027,18950000.000000,1,OPTFUT,MCX,50.000000,100,False
569644,GOLD26FEB27158500PE,GOLD,26FEB2027,15850000.000000,1,OPTFUT,MCX,50.000000,100,False
567605,GOLD29JAN27133000CE,GOLD,29JAN2027,13300000.000000,1,OPTFUT,MCX,50.000000,100,False
567607,GOLD29JAN27132000CE,GOLD,29JAN2027,13200000.000000,1,OPTFUT,MCX,50.000000,100,False
567659,GOLD25SEP26126500PE,GOLD,25SEP2026,12650000.000000,1,OPTFUT,MCX,50.000000,100,False
567660,GOLD25SEP26126000PE,GOLD,25SEP2026,12600000.000000,1,OPTFUT,MCX,50.000000,100,False
569649,GOLD26FEB27156000PE,GOLD,26FEB2027,15600000.000000,1,OPTFUT,MCX,50.000000,100,False
569650,GOLD26FEB27155500PE,GOLD,26FEB2027,15550000.000000,1,OPTFUT,MCX,50.000000,100,False
569668,GOLD26FEB27146500PE,GOLD,26FEB2027,14650000.000000,1,OPTFUT,MCX,50.000000,100,False
569687,GOLD26FEB27167000PE,GOLD,26FEB2027,16700000.000000,1,OPTFUT,MCX,50.000000,100,False
567665,GOLD25SEP26123500PE,GOLD,25SEP2026,12350000.000000,1,OPTFUT,MCX,50.000000,100,False
567670,GOLD30OCT26130500PE,GOLD,30OCT2026,13050000.000000,1,OPTFUT,MCX,50.000000,100,False
567678,GOLD30OCT26126500PE,GOLD,30OCT2026,12650000.000000,1,OPTFUT,MCX,50.000000,100,False
567679,GOLD30OCT26126000PE,GOLD,30OCT2026,12600000.000000,1,OPTFUT,MCX,50.000000,100,False
569696,GOLD26FEB27171500PE,GOLD,26FEB2027,17150000.000000,1,OPTFUT,MCX,50.000000,100,False
569714,GOLD26FEB27180500PE,GOLD,26FEB2027,18050000.000000,1,OPTFUT,MCX,50.000000,100,False
569716,GOLD26FEB27181500PE,GOLD,26FEB2027,18150000.000000,1,OPTFUT,MCX,50.000000,100,False
569718,GOLD26FEB27182500PE,GOLD,26FEB2027,18250000.000000,1,OPTFUT,MCX,50.000000,100,False
567689,GOLD27NOV26128000PE,GOLD,27NOV2026,12800000.000000,1,OPTFUT,MCX,50.000000,100,False
567695,GOLD31DEC26135500PE,GOLD,31DEC2026,13550000.000000,1,OPTFUT,MCX,50.000000,100,False
567696,GOLD31DEC26135000PE,GOLD,31DEC2026,13500000.000000,1,OPTFUT,MCX,50.000000,100,False
567711,GOLD29JAN27135000PE,GOLD,29JAN2027,13500000.000000,1,OPTFUT,MCX,50.000000,100,False
569720,GOLD26FEB27183500PE,GOLD,26FEB2027,18350000.000000,1,OPTFUT,MCX,50.000000,100,False
569729,GOLD26FEB27188000PE,GOLD,26FEB2027,18800000.000000,1,OPTFUT,MCX,50.000000,100,False
569731,GOLD26FEB27189000PE,GOLD,26FEB2027,18900000.000000,1,OPTFUT,MCX,50.000000,100,False
569733,GOLD29MAR27164000PE,GOLD,29MAR2027,16400000.000000,1,OPTFUT,MCX,50.000000,100,False
567718,GOLD29JAN27131500PE,GOLD,29JAN2027,13150000.000000,1,OPTFUT,MCX,50.000000,100,False
567817,SILVER28DEC26211000CE,SILVER,28DEC2026,21100000.000000,30,OPTFUT,MCX,50.000000,600,False
567843,SILVER24SEP26206000PE,SILVER,24SEP2026,20600000.000000,30,OPTFUT,MCX,50.000000,600,False
567848,SILVER27OCT26206000PE,SILVER,27OCT2026,20600000.000000,30,OPTFUT,MCX,50.000000,600,False
569734,GOLD29MAR27163500PE,GOLD,29MAR2027,16350000.000000,1,OPTFUT,MCX,50.000000,100,False
569742,GOLD29MAR27159500PE,GOLD,29MAR2027,15950000.000000,1,OPTFUT,MCX,50.000000,100,False
569744,GOLD29MAR27158500PE,GOLD,29MAR2027,15850000.000000,1,OPTFUT,MCX,50.000000,100,False
569762,GOLD29MAR27149500PE,GOLD,29MAR2027,14950000.000000,1,OPTFUT,MCX,50.000000,100,False
567884,SILVERM24SEP26215000CE,SILVERM,24SEP2026,21500000.000000,5,OPTFUT,MCX,50.000000,600,False
567889,SILVERM27OCT26214000CE,SILVERM,27OCT2026,21400000.000000,5,OPTFUT,MCX,50.000000,600,False
567901,SILVERM25JAN27218000CE,SILVERM,25JAN2027,21800000.000000,5,OPTFUT,MCX,50.000000,600,False
567922,SILVERM27OCT26213000PE,SILVERM,27OCT2026,21300000.000000,5,OPTFUT,MCX,50.000000,600,False
569763,GOLD29MAR27149000PE,GOLD,29MAR2027,14900000.000000,1,OPTFUT,MCX,50.000000,100,False
569782,GOLD29MAR27139500PE,GOLD,29MAR2027,13950000.000000,1,OPTFUT,MCX,50.000000,100,False
569790,GOLD29MAR27168500PE,GOLD,29MAR2027,16850000.000000,1,OPTFUT,MCX,50.000000,100,False
569800,GOLD29MAR27173500PE,GOLD,29MAR2027,17350000.000000,1,OPTFUT,MCX,50.000000,100,False
567936,SILVERM19FEB27219000PE,SILVERM,19FEB2027,21900000.000000,5,OPTFUT,MCX,50.000000,600,False
568032,SILVER27NOV26202000PE,SILVER,27NOV2026,20200000.000000,30,OPTFUT,MCX,50.000000,600,False
568049,SILVERM25JAN27215000CE,SILVERM,25JAN2027,21500000.000000,5,OPTFUT,MCX,50.000000,600,False
568061,SILVERM27OCT26212000PE,SILVERM,27OCT2026,21200000.000000,5,OPTFUT,MCX,50.000000,600,False
569803,GOLD29MAR27175000PE,GOLD,29MAR2027,17500000.000000,1,OPTFUT,MCX,50.000000,100,False
569822,GOLD29MAR27184500PE,GOLD,29MAR2027,18450000.000000,1,OPTFUT,MCX,50.000000,100,False
569824,GOLD29MAR27185500PE,GOLD,29MAR2027,18550000.000000,1,OPTFUT,MCX,50.000000,100,False
569831,GOLD29MAR27189000PE,GOLD,29MAR2027,18900000.000000,1,OPTFUT,MCX,50.000000,100,False
568064,SILVERM23NOV26211000PE,SILVERM,23NOV2026,21100000.000000,5,OPTFUT,MCX,50.000000,600,False
568067,SILVERM25JAN27216000PE,SILVERM,25JAN2027,21600000.000000,5,OPTFUT,MCX,50.000000,600,False
568463,SILVER24SEP26201000PE,SILVER,24SEP2026,20100000.000000,30,OPTFUT,MCX,50.000000,600,False
568471,SILVER27NOV26201000PE,SILVER,27NOV2026,20100000.000000,30,OPTFUT,MCX,50.000000,600,False
569839,GOLD26FEB27190000CE,GOLD,26FEB2027,19000000.000000,1,OPTFUT,MCX,50.000000,100,False
569840,GOLD26FEB27190500CE,GOLD,26FEB2027,19050000.000000,1,OPTFUT,MCX,50.000000,100,False
571305,GOLDGUINEA30OCT26FUT,GOLDGUINEA,30OCT2026,0.000000,8,FUTCOM,MCX,100.000000,10000,False
571666,GOLD26FEB27193000CE,GOLD,26FEB2027,19300000.000000,1,OPTFUT,MCX,50.000000,100,False
568474,SILVER27NOV26198000PE,SILVER,27NOV2026,19800000.000000,30,OPTFUT,MCX,50.000000,600,False
568476,SILVER28DEC26208000PE,SILVER,28DEC2026,20800000.000000,30,OPTFUT,MCX,50.000000,600,False
568502,SILVERM24SEP26206000CE,SILVERM,24SEP2026,20600000.000000,5,OPTFUT,MCX,50.000000,600,False
568509,SILVERM23NOV26209000CE,SILVERM,23NOV2026,20900000.000000,5,OPTFUT,MCX,50.000000,600,False
568510,SILVERM23NOV26208000CE,SILVERM,23NOV2026,20800000.000000,5,OPTFUT,MCX,50.000000,600,False
568537,SILVERM24SEP26209000PE,SILVERM,24SEP2026,20900000.000000,5,OPTFUT,MCX,50.000000,600,False
568539,SILVERM24SEP26207000PE,SILVERM,24SEP2026,20700000.000000,5,OPTFUT,MCX,50.000000,600,False
568844,KAPAS30APR27FUT,KAPAS,30APR2027,0.000000,4,FUTCOM,MCX,50.000000,200,False
569440,GOLD26FEB27160500CE,GOLD,26FEB2027,16050000.000000,1,OPTFUT,MCX,50.000000,100,False
569444,GOLD26FEB27158500CE,GOLD,26FEB2027,15850000.000000,1,OPTFUT,MCX,50.000000,100,False
569457,GOLD26FEB27152000CE,GOLD,26FEB2027,15200000.000000,1,OPTFUT,MCX,50.000000,100,False
569463,GOLD26FEB27149000CE,GOLD,26FEB2027,14900000.000000,1,OPTFUT,MCX,50.000000,100,False
569466,GOLD26FEB27147500CE,GOLD,26FEB2027,14750000.000000,1,OPTFUT,MCX,50.000000,100,False
569468,GOLD26FEB27146500CE,GOLD,26FEB2027,14650000.000000,1,OPTFUT,MCX,50.000000,100,False
569470,GOLD26FEB27145500CE,GOLD,26FEB2027,14550000.000000,1,OPTFUT,MCX,50.000000,100,False
569497,GOLD26FEB27172000CE,GOLD,26FEB2027,17200000.000000,1,OPTFUT,MCX,50.000000,100,False
569499,GOLD26FEB27173000CE,GOLD,26FEB2027,17300000.000000,1,OPTFUT,MCX,50.000000,100,False
569502,GOLD26FEB27174500CE,GOLD,26FEB2027,17450000.000000,1,OPTFUT,MCX,50.000000,100,False
569516,GOLD26FEB27181500CE,GOLD,26FEB2027,18150000.000000,1,OPTFUT,MCX,50.000000,100,False
569517,GOLD26FEB27182000CE,GOLD,26FEB2027,18200000.000000,1,OPTFUT,MCX,50.000000,100,False
569519,GOLD26FEB27183000CE,GOLD,26FEB2027,18300000.000000,1,OPTFUT,MCX,50.000000,100,False
569522,GOLD26FEB27184500CE,GOLD,26FEB2027,18450000.000000,1,OPTFUT,MCX,50.000000,100,False
569525,GOLD26FEB27186000CE,GOLD,26FEB2027,18600000.000000,1,OPTFUT,MCX,50.000000,100,False
569536,GOLD29MAR27162500CE,GOLD,29MAR2027,16250000.000000,1,OPTFUT,MCX,50.000000,100,False
569552,GOLD29MAR27154500CE,GOLD,29MAR2027,15450000.000000,1,OPTFUT,MCX,50.000000,100,False
569559,GOLD29MAR27151000CE,GOLD,29MAR2027,15100000.000000,1,OPTFUT,MCX,50.000000,100,False
569561,GOLD29MAR27150000CE,GOLD,29MAR2027,15000000.000000,1,OPTFUT,MCX,50.000000,100,False
569569,GOLD29MAR27146000CE,GOLD,29MAR2027,14600000.000000,1,OPTFUT,MCX,50.000000,100,False
569576,GOLD29MAR27142500CE,GOLD,29MAR2027,14250000.000000,1,OPTFUT,MCX,50.000000,100,False
569594,GOLD29MAR27170500CE,GOLD,29MAR2027,17050000.000000,1,OPTFUT,MCX,50.000000,100,False
569604,GOLD29MAR27175500CE,GOLD,29MAR2027,17550000.000000,1,OPTFUT,MCX,50.000000,100,False
569614,GOLD29MAR27180500CE,GOLD,29MAR2027,18050000.000000,1,OPTFUT,MCX,50.000000,100,False
571875,GOLD26FEB27195000CE,GOLD,26FEB2027,19500000.000000,1,OPTFUT,MCX,50.000000,100,False
571878,GOLD29MAR27195000CE,GOLD,29MAR2027,19500000.000000,1,OPTFUT,MCX,50.000000,100,False
571895,SILVER28DEC26337000CE,SILVER,28DEC2026,33700000.000000,30,OPTFUT,MCX,50.000000,600,False
571913,SILVER28DEC26334000PE,SILVER,28DEC2026,33400000.000000,30,OPTFUT,MCX,50.000000,600,False
569618,GOLD29MAR27182500CE,GOLD,29MAR2027,18250000.000000,1,OPTFUT,MCX,50.000000,100,False
569624,GOLD29MAR27185500CE,GOLD,29MAR2027,18550000.000000,1,OPTFUT,MCX,50.000000,100,False
569634,GOLD26FEB27163500PE,GOLD,26FEB2027,16350000.000000,1,OPTFUT,MCX,50.000000,100,False
569643,GOLD26FEB27159000PE,GOLD,26FEB2027,15900000.000000,1,OPTFUT,MCX,50.000000,100,False
571926,SILVER26FEB27333000PE,SILVER,26FEB2027,33300000.000000,30,OPTFUT,MCX,50.000000,600,False
571931,SILVER26FEB27338000PE,SILVER,26FEB2027,33800000.000000,30,OPTFUT,MCX,50.000000,600,False
571987,GOLD29MAR27196500PE,GOLD,29MAR2027,19650000.000000,1,OPTFUT,MCX,50.000000,100,False
571989,SILVER28DEC26340000CE,SILVER,28DEC2026,34000000.000000,30,OPTFUT,MCX,50.000000,600,False
569658,GOLD26FEB27151500PE,GOLD,26FEB2027,15150000.000000,1,OPTFUT,MCX,50.000000,100,False
569682,GOLD26FEB27139500PE,GOLD,26FEB2027,13950000.000000,1,OPTFUT,MCX,50.000000,100,False
569691,GOLD26FEB27169000PE,GOLD,26FEB2027,16900000.000000,1,OPTFUT,MCX,50.000000,100,False
569697,GOLD26FEB27172000PE,GOLD,26FEB2027,17200000.000000,1,OPTFUT,MCX,50.000000,100,False
572001,SILVERM28DEC26338000CE,SILVERM,28DEC2026,33800000.000000,5,OPTFUT,MCX,50.000000,600,False
571990,SILVER28DEC26341000CE,SILVER,28DEC2026,34100000.000000,30,OPTFUT,MCX,50.000000,600,False
571994,SILVER26FEB27341000CE,SILVER,26FEB2027,34100000.000000,30,OPTFUT,MCX,50.000000,600,False
571998,SILVER25JAN27341000PE,SILVER,25JAN2027,34100000.000000,30,OPTFUT,MCX,50.000000,600,False
569698,GOLD26FEB27172500PE,GOLD,26FEB2027,17250000.000000,1,OPTFUT,MCX,50.000000,100,False
569705,GOLD26FEB27176000PE,GOLD,26FEB2027,17600000.000000,1,OPTFUT,MCX,50.000000,100,False
569710,GOLD26FEB27178500PE,GOLD,26FEB2027,17850000.000000,1,OPTFUT,MCX,50.000000,100,False
569715,GOLD26FEB27181000PE,GOLD,26FEB2027,18100000.000000,1,OPTFUT,MCX,50.000000,100,False
572007,SILVERM19FEB27338000CE,SILVERM,19FEB2027,33800000.000000,5,OPTFUT,MCX,50.000000,600,False
572014,SILVERM25JAN27339000PE,SILVERM,25JAN2027,33900000.000000,5,OPTFUT,MCX,50.000000,600,False
572056,GOLD26FEB27208000CE,GOLD,26FEB2027,20800000.000000,1,OPTFUT,MCX,50.000000,100,False
572059,GOLD29MAR27198000CE,GOLD,29MAR2027,19800000.000000,1,OPTFUT,MCX,50.000000,100,False
569719,GOLD26FEB27183000PE,GOLD,26FEB2027,18300000.000000,1,OPTFUT,MCX,50.000000,100,False
569726,GOLD26FEB27186500PE,GOLD,26FEB2027,18650000.000000,1,OPTFUT,MCX,50.000000,100,False
569727,GOLD26FEB27187000PE,GOLD,26FEB2027,18700000.000000,1,OPTFUT,MCX,50.000000,100,False
569730,GOLD26FEB27188500PE,GOLD,26FEB2027,18850000.000000,1,OPTFUT,MCX,50.000000,100,False
572060,GOLD29MAR27198500CE,GOLD,29MAR2027,19850000.000000,1,OPTFUT,MCX,50.000000,100,False
572067,GOLD29MAR27202000CE,GOLD,29MAR2027,20200000.000000,1,OPTFUT,MCX,50.000000,100,False
572070,GOLD29MAR27203500CE,GOLD,29MAR2027,20350000.000000,1,OPTFUT,MCX,50.000000,100,False
572072,GOLD29MAR27204500CE,GOLD,29MAR2027,20450000.000000,1,OPTFUT,MCX,50.000000,100,False
569740,GOLD29MAR27160500PE,GOLD,29MAR2027,16050000.000000,1,OPTFUT,MCX,50.000000,100,False
569747,GOLD29MAR27157000PE,GOLD,29MAR2027,15700000.000000,1,OPTFUT,MCX,50.000000,100,False
569749,GOLD29MAR27156000PE,GOLD,29MAR2027,15600000.000000,1,OPTFUT,MCX,50.000000,100,False
569766,GOLD29MAR27147500PE,GOLD,29MAR2027,14750000.000000,1,OPTFUT,MCX,50.000000,100,False
572085,GOLD26FEB27199500PE,GOLD,26FEB2027,19950000.000000,1,OPTFUT,MCX,50.000000,100,False
572099,GOLD26FEB27206500PE,GOLD,26FEB2027,20650000.000000,1,OPTFUT,MCX,50.000000,100,False
572102,GOLD26FEB27208000PE,GOLD,26FEB2027,20800000.000000,1,OPTFUT,MCX,50.000000,100,False
572108,GOLD29MAR27199500PE,GOLD,29MAR2027,19950000.000000,1,OPTFUT,MCX,50.000000,100,False
569809,GOLD29MAR27178000PE,GOLD,29MAR2027,17800000.000000,1,OPTFUT,MCX,50.000000,100,False
569810,GOLD29MAR27178500PE,GOLD,29MAR2027,17850000.000000,1,OPTFUT,MCX,50.000000,100,False
569818,GOLD29MAR27182500PE,GOLD,29MAR2027,18250000.000000,1,OPTFUT,MCX,50.000000,100,False
569821,GOLD29MAR27184000PE,GOLD,29MAR2027,18400000.000000,1,OPTFUT,MCX,50.000000,100,False
569826,GOLD29MAR27186500PE,GOLD,29MAR2027,18650000.000000,1,OPTFUT,MCX,50.000000,100,False
569827,GOLD29MAR27187000PE,GOLD,29MAR2027,18700000.000000,1,OPTFUT,MCX,50.000000,100,False
569841,GOLD26FEB27191000CE,GOLD,26FEB2027,19100000.000000,1,OPTFUT,MCX,50.000000,100,False
569847,GOLD26FEB27190000PE,GOLD,26FEB2027,19000000.000000,1,OPTFUT,MCX,50.000000,100,False
572111,GOLD29MAR27201000PE,GOLD,29MAR2027,20100000.000000,1,OPTFUT,MCX,50.000000,100,False
572117,GOLD29MAR27204000PE,GOLD,29MAR2027,20400000.000000,1,OPTFUT,MCX,50.000000,100,False
572118,GOLD29MAR27204500PE,GOLD,29MAR2027,20450000.000000,1,OPTFUT,MCX,50.000000,100,False
572241,SILVER28DEC26353000CE,SILVER,28DEC2026,35300000.000000,30,OPTFUT,MCX,50.000000,600,False
572260,SILVER25JAN27344000CE,SILVER,25JAN2027,34400000.000000,30,OPTFUT,MCX,50.000000,600,False
572282,SILVER25JAN27366000CE,SILVER,25JAN2027,36600000.000000,30,OPTFUT,MCX,50.000000,600,False
572262,SILVER25JAN27346000CE,SILVER,25JAN2027,34600000.000000,30,OPTFUT,MCX,50.000000,600,False
572264,SILVER25JAN27348000CE,SILVER,25JAN2027,34800000.000000,30,OPTFUT,MCX,50.000000,600,False
569854,GOLD29MAR27191500PE,GOLD,29MAR2027,19150000.000000,1,OPTFUT,MCX,50.000000,100,False
571294,COTTON30NOV26FUT,COTTON,30NOV2026,0.000000,25,FUTCOM,MCX,1000.000000,1200,False
571672,GOLD29MAR27194000CE,GOLD,29MAR2027,19400000.000000,1,OPTFUT,MCX,50.000000,100,False
571907,SILVER26FEB27335000CE,SILVER,26FEB2027,33500000.000000,30,OPTFUT,MCX,50.000000,600,False
572285,SILVER25JAN27369000CE,SILVER,25JAN2027,36900000.000000,30,OPTFUT,MCX,50.000000,600,False
572298,SILVER26FEB27354000CE,SILVER,26FEB2027,35400000.000000,30,OPTFUT,MCX,50.000000,600,False
572301,SILVER26FEB27357000CE,SILVER,26FEB2027,35700000.000000,30,OPTFUT,MCX,50.000000,600,False
572307,SILVER26FEB27363000CE,SILVER,26FEB2027,36300000.000000,30,OPTFUT,MCX,50.000000,600,False
571915,SILVER28DEC26336000PE,SILVER,28DEC2026,33600000.000000,30,OPTFUT,MCX,50.000000,600,False
571917,SILVER28DEC26338000PE,SILVER,28DEC2026,33800000.000000,30,OPTFUT,MCX,50.000000,600,False
571930,SILVER26FEB27337000PE,SILVER,26FEB2027,33700000.000000,30,OPTFUT,MCX,50.000000,600,False
572006,SILVERM25JAN27340000CE,SILVERM,25JAN2027,34000000.000000,5,OPTFUT,MCX,50.000000,600,False
572310,SILVER26FEB27366000CE,SILVER,26FEB2027,36600000.000000,30,OPTFUT,MCX,50.000000,600,False
572311,SILVER26FEB27367000CE,SILVER,26FEB2027,36700000.000000,30,OPTFUT,MCX,50.000000,600,False
572348,SILVER27NOV26355000PE,SILVER,27NOV2026,35500000.000000,30,OPTFUT,MCX,50.000000,600,False
572355,SILVER28DEC26348000PE,SILVER,28DEC2026,34800000.000000,30,OPTFUT,MCX,50.000000,600,False
572043,GOLD26FEB27201500CE,GOLD,26FEB2027,20150000.000000,1,OPTFUT,MCX,50.000000,100,False
572044,GOLD26FEB27202000CE,GOLD,26FEB2027,20200000.000000,1,OPTFUT,MCX,50.000000,100,False
572047,GOLD26FEB27203500CE,GOLD,26FEB2027,20350000.000000,1,OPTFUT,MCX,50.000000,100,False
572049,GOLD26FEB27204500CE,GOLD,26FEB2027,20450000.000000,1,OPTFUT,MCX,50.000000,100,False
572372,SILVER28DEC26365000PE,SILVER,28DEC2026,36500000.000000,30,OPTFUT,MCX,50.000000,600,False
572384,SILVER25JAN27349000PE,SILVER,25JAN2027,34900000.000000,30,OPTFUT,MCX,50.000000,600,False
572398,SILVER25JAN27363000PE,SILVER,25JAN2027,36300000.000000,30,OPTFUT,MCX,50.000000,600,False
572417,SILVER26FEB27354000PE,SILVER,26FEB2027,35400000.000000,30,OPTFUT,MCX,50.000000,600,False
572057,GOLD26FEB27208500CE,GOLD,26FEB2027,20850000.000000,1,OPTFUT,MCX,50.000000,100,False
572079,GOLD29MAR27208000CE,GOLD,29MAR2027,20800000.000000,1,OPTFUT,MCX,50.000000,100,False
572095,GOLD26FEB27204500PE,GOLD,26FEB2027,20450000.000000,1,OPTFUT,MCX,50.000000,100,False
572104,GOLD29MAR27197500PE,GOLD,29MAR2027,19750000.000000,1,OPTFUT,MCX,50.000000,100,False
572424,SILVER26FEB27361000PE,SILVER,26FEB2027,36100000.000000,30,OPTFUT,MCX,50.000000,600,False
572430,SILVER26FEB27367000PE,SILVER,26FEB2027,36700000.000000,30,OPTFUT,MCX,50.000000,600,False
572449,SILVERM24SEP26355000CE,SILVERM,24SEP2026,35500000.000000,5,OPTFUT,MCX,50.000000,600,False
572452,SILVERM24SEP26358000CE,SILVERM,24SEP2026,35800000.000000,5,OPTFUT,MCX,50.000000,600,False
572109,GOLD29MAR27200000PE,GOLD,29MAR2027,20000000.000000,1,OPTFUT,MCX,50.000000,100,False
572114,GOLD29MAR27202500PE,GOLD,29MAR2027,20250000.000000,1,OPTFUT,MCX,50.000000,100,False
572119,GOLD29MAR27205000PE,GOLD,29MAR2027,20500000.000000,1,OPTFUT,MCX,50.000000,100,False
572121,GOLD29MAR27206000PE,GOLD,29MAR2027,20600000.000000,1,OPTFUT,MCX,50.000000,100,False
572123,GOLD29MAR27207000PE,GOLD,29MAR2027,20700000.000000,1,OPTFUT,MCX,50.000000,100,False
572233,SILVER28DEC26345000CE,SILVER,28DEC2026,34500000.000000,30,OPTFUT,MCX,50.000000,600,False
572246,SILVER28DEC26358000CE,SILVER,28DEC2026,35800000.000000,30,OPTFUT,MCX,50.000000,600,False
572343,SILVER24SEP26354000PE,SILVER,24SEP2026,35400000.000000,30,OPTFUT,MCX,50.000000,600,False
572459,SILVERM23NOV26355000CE,SILVERM,23NOV2026,35500000.000000,5,OPTFUT,MCX,50.000000,600,False
572465,SILVERM28DEC26343000CE,SILVERM,28DEC2026,34300000.000000,5,OPTFUT,MCX,50.000000,600,False
572466,SILVERM28DEC26344000CE,SILVERM,28DEC2026,34400000.000000,5,OPTFUT,MCX,50.000000,600,False
572468,SILVERM28DEC26346000CE,SILVERM,28DEC2026,34600000.000000,5,OPTFUT,MCX,50.000000,600,False
572373,SILVER28DEC26366000PE,SILVER,28DEC2026,36600000.000000,30,OPTFUT,MCX,50.000000,600,False
572375,SILVER28DEC26368000PE,SILVER,28DEC2026,36800000.000000,30,OPTFUT,MCX,50.000000,600,False
572376,SILVER28DEC26369000PE,SILVER,28DEC2026,36900000.000000,30,OPTFUT,MCX,50.000000,600,False
572378,SILVER25JAN27343000PE,SILVER,25JAN2027,34300000.000000,30,OPTFUT,MCX,50.000000,600,False
572487,SILVERM28DEC26365000CE,SILVERM,28DEC2026,36500000.000000,5,OPTFUT,MCX,50.000000,600,False
572495,SILVERM25JAN27344000CE,SILVERM,25JAN2027,34400000.000000,5,OPTFUT,MCX,50.000000,600,False
572505,SILVERM25JAN27354000CE,SILVERM,25JAN2027,35400000.000000,5,OPTFUT,MCX,50.000000,600,False
572523,SILVERM19FEB27343000CE,SILVERM,19FEB2027,34300000.000000,5,OPTFUT,MCX,50.000000,600,False
572396,SILVER25JAN27361000PE,SILVER,25JAN2027,36100000.000000,30,OPTFUT,MCX,50.000000,600,False
572400,SILVER25JAN27365000PE,SILVER,25JAN2027,36500000.000000,30,OPTFUT,MCX,50.000000,600,False
572403,SILVER25JAN27368000PE,SILVER,25JAN2027,36800000.000000,30,OPTFUT,MCX,50.000000,600,False
572451,SILVERM24SEP26357000CE,SILVERM,24SEP2026,35700000.000000,5,OPTFUT,MCX,50.000000,600,False
572528,SILVERM19FEB27348000CE,SILVERM,19FEB2027,34800000.000000,5,OPTFUT,MCX,50.000000,600,False
572529,SILVERM19FEB27349000CE,SILVERM,19FEB2027,34900000.000000,5,OPTFUT,MCX,50.000000,600,False
572531,SILVERM19FEB27351000CE,SILVERM,19FEB2027,35100000.000000,5,OPTFUT,MCX,50.000000,600,False
572532,SILVERM19FEB27352000CE,SILVERM,19FEB2027,35200000.000000,5,OPTFUT,MCX,50.000000,600,False
572453,SILVERM27OCT26354000CE,SILVERM,27OCT2026,35400000.000000,5,OPTFUT,MCX,50.000000,600,False
572463,SILVERM28DEC26341000CE,SILVERM,28DEC2026,34100000.000000,5,OPTFUT,MCX,50.000000,600,False
572464,SILVERM28DEC26342000CE,SILVERM,28DEC2026,34200000.000000,5,OPTFUT,MCX,50.000000,600,False
572470,SILVERM28DEC26348000CE,SILVERM,28DEC2026,34800000.000000,5,OPTFUT,MCX,50.000000,600,False
572534,SILVERM19FEB27354000CE,SILVERM,19FEB2027,35400000.000000,5,OPTFUT,MCX,50.000000,600,False
572535,SILVERM19FEB27355000CE,SILVERM,19FEB2027,35500000.000000,5,OPTFUT,MCX,50.000000,600,False
572537,SILVERM19FEB27357000CE,SILVERM,19FEB2027,35700000.000000,5,OPTFUT,MCX,50.000000,600,False
572539,SILVERM19FEB27359000CE,SILVERM,19FEB2027,35900000.000000,5,OPTFUT,MCX,50.000000,600,False
572476,SILVERM28DEC26354000CE,SILVERM,28DEC2026,35400000.000000,5,OPTFUT,MCX,50.000000,600,False
572485,SILVERM28DEC26363000CE,SILVERM,28DEC2026,36300000.000000,5,OPTFUT,MCX,50.000000,600,False
572493,SILVERM25JAN27342000CE,SILVERM,25JAN2027,34200000.000000,5,OPTFUT,MCX,50.000000,600,False
572501,SILVERM25JAN27350000CE,SILVERM,25JAN2027,35000000.000000,5,OPTFUT,MCX,50.000000,600,False
572543,SILVERM19FEB27363000CE,SILVERM,19FEB2027,36300000.000000,5,OPTFUT,MCX,50.000000,600,False
572572,SILVERM27OCT26356000PE,SILVERM,27OCT2026,35600000.000000,5,OPTFUT,MCX,50.000000,600,False
572578,SILVERM23NOV26357000PE,SILVERM,23NOV2026,35700000.000000,5,OPTFUT,MCX,50.000000,600,False
572602,SILVERM28DEC26363000PE,SILVERM,28DEC2026,36300000.000000,5,OPTFUT,MCX,50.000000,600,False
572509,SILVERM25JAN27358000CE,SILVERM,25JAN2027,35800000.000000,5,OPTFUT,MCX,50.000000,600,False
572519,SILVERM25JAN27368000CE,SILVERM,25JAN2027,36800000.000000,5,OPTFUT,MCX,50.000000,600,False
572522,SILVERM19FEB27342000CE,SILVERM,19FEB2027,34200000.000000,5,OPTFUT,MCX,50.000000,600,False
572530,SILVERM19FEB27350000CE,SILVERM,19FEB2027,35000000.000000,5,OPTFUT,MCX,50.000000,600,False
572606,SILVERM28DEC26367000PE,SILVERM,28DEC2026,36700000.000000,5,OPTFUT,MCX,50.000000,600,False
572624,SILVERM25JAN27356000PE,SILVERM,25JAN2027,35600000.000000,5,OPTFUT,MCX,50.000000,600,False
572631,SILVERM25JAN27363000PE,SILVERM,25JAN2027,36300000.000000,5,OPTFUT,MCX,50.000000,600,False
572634,SILVERM25JAN27366000PE,SILVERM,25JAN2027,36600000.000000,5,OPTFUT,MCX,50.000000,600,False
572570,SILVERM27OCT26354000PE,SILVERM,27OCT2026,35400000.000000,5,OPTFUT,MCX,50.000000,600,False
572573,SILVERM27OCT26357000PE,SILVERM,27OCT2026,35700000.000000,5,OPTFUT,MCX,50.000000,600,False
572586,SILVERM28DEC26347000PE,SILVERM,28DEC2026,34700000.000000,5,OPTFUT,MCX,50.000000,600,False
572587,SILVERM28DEC26348000PE,SILVERM,28DEC2026,34800000.000000,5,OPTFUT,MCX,50.000000,600,False
572639,SILVERM19FEB27342000PE,SILVERM,19FEB2027,34200000.000000,5,OPTFUT,MCX,50.000000,600,False
572660,SILVERM19FEB27363000PE,SILVERM,19FEB2027,36300000.000000,5,OPTFUT,MCX,50.000000,600,False
572772,SILVER05MAY27FUT,SILVER,05MAY2027,0.000000,30,FUTCOM,MCX,100.000000,600,False
572774,SILVER25MAR27321000CE,SILVER,25MAR2027,32100000.000000,30,OPTFUT,MCX,50.000000,600,False
572588,SILVERM28DEC26349000PE,SILVERM,28DEC2026,34900000.000000,5,OPTFUT,MCX,50.000000,600,False
572593,SILVERM28DEC26354000PE,SILVERM,28DEC2026,35400000.000000,5,OPTFUT,MCX,50.000000,600,False
572607,SILVERM28DEC26368000PE,SILVERM,28DEC2026,36800000.000000,5,OPTFUT,MCX,50.000000,600,False
572611,SILVERM25JAN27343000PE,SILVERM,25JAN2027,34300000.000000,5,OPTFUT,MCX,50.000000,600,False
572781,SILVERM23APR27310000PE,SILVERM,23APR2027,31000000.000000,5,OPTFUT,MCX,50.000000,600,False
572785,SILVER25MAR27317000CE,SILVER,25MAR2027,31700000.000000,30,OPTFUT,MCX,50.000000,600,False
572800,SILVER25MAR27302000CE,SILVER,25MAR2027,30200000.000000,30,OPTFUT,MCX,50.000000,600,False
572808,SILVER25MAR27294000CE,SILVER,25MAR2027,29400000.000000,30,OPTFUT,MCX,50.000000,600,False
572612,SILVERM25JAN27344000PE,SILVERM,25JAN2027,34400000.000000,5,OPTFUT,MCX,50.000000,600,False
572640,SILVERM19FEB27343000PE,SILVERM,19FEB2027,34300000.000000,5,OPTFUT,MCX,50.000000,600,False
572661,SILVERM19FEB27364000PE,SILVERM,19FEB2027,36400000.000000,5,OPTFUT,MCX,50.000000,600,False
572777,SILVER28APR27321000PE,SILVER,28APR2027,32100000.000000,30,OPTFUT,MCX,50.000000,600,False
572839,SILVER25MAR27339000CE,SILVER,25MAR2027,33900000.000000,30,OPTFUT,MCX,50.000000,600,False
572840,SILVER25MAR27340000CE,SILVER,25MAR2027,34000000.000000,30,OPTFUT,MCX,50.000000,600,False
572848,SILVER25MAR27348000CE,SILVER,25MAR2027,34800000.000000,30,OPTFUT,MCX,50.000000,600,False
572852,SILVER25MAR27352000CE,SILVER,25MAR2027,35200000.000000,30,OPTFUT,MCX,50.000000,600,False
572792,SILVER25MAR27310000CE,SILVER,25MAR2027,31000000.000000,30,OPTFUT,MCX,50.000000,600,False
572794,SILVER25MAR27308000CE,SILVER,25MAR2027,30800000.000000,30,OPTFUT,MCX,50.000000,600,False
572796,SILVER25MAR27306000CE,SILVER,25MAR2027,30600000.000000,30,OPTFUT,MCX,50.000000,600,False
572809,SILVER25MAR27293000CE,SILVER,25MAR2027,29300000.000000,30,OPTFUT,MCX,50.000000,600,False
572869,SILVER28APR27313000CE,SILVER,28APR2027,31300000.000000,30,OPTFUT,MCX,50.000000,600,False
572870,SILVER28APR27312000CE,SILVER,28APR2027,31200000.000000,30,OPTFUT,MCX,50.000000,600,False
572875,SILVER28APR27307000CE,SILVER,28APR2027,30700000.000000,30,OPTFUT,MCX,50.000000,600,False
572826,SILVER25MAR27326000CE,SILVER,25MAR2027,32600000.000000,30,OPTFUT,MCX,50.000000,600,False
572833,SILVER25MAR27333000CE,SILVER,25MAR2027,33300000.000000,30,OPTFUT,MCX,50.000000,600,False
572842,SILVER25MAR27342000CE,SILVER,25MAR2027,34200000.000000,30,OPTFUT,MCX,50.000000,600,False
572851,SILVER25MAR27351000CE,SILVER,25MAR2027,35100000.000000,30,OPTFUT,MCX,50.000000,600,False
572873,SILVER28APR27309000CE,SILVER,28APR2027,30900000.000000,30,OPTFUT,MCX,50.000000,600,False
572881,SILVER28APR27301000CE,SILVER,28APR2027,30100000.000000,30,OPTFUT,MCX,50.000000,600,False
572853,SILVER25MAR27353000CE,SILVER,25MAR2027,35300000.000000,30,OPTFUT,MCX,50.000000,600,False
572866,SILVER28APR27316000CE,SILVER,28APR2027,31600000.000000,30,OPTFUT,MCX,50.000000,600,False
572877,SILVER28APR27305000CE,SILVER,28APR2027,30500000.000000,30,OPTFUT,MCX,50.000000,600,False
572879,SILVER28APR27303000CE,SILVER,28APR2027,30300000.000000,30,OPTFUT,MCX,50.000000,600,False
572889,SILVER28APR27293000CE,SILVER,28APR2027,29300000.000000,30,OPTFUT,MCX,50.000000,600,False
572908,SILVER28APR27328000CE,SILVER,28APR2027,32800000.000000,30,OPTFUT,MCX,50.000000,600,False
572909,SILVER28APR27329000CE,SILVER,28APR2027,32900000.000000,30,OPTFUT,MCX,50.000000,600,False
572894,SILVER28APR27288000CE,SILVER,28APR2027,28800000.000000,30,OPTFUT,MCX,50.000000,600,False
572899,SILVER28APR27283000CE,SILVER,28APR2027,28300000.000000,30,OPTFUT,MCX,50.000000,600,False
572900,SILVER28APR27282000CE,SILVER,28APR2027,28200000.000000,30,OPTFUT,MCX,50.000000,600,False
572903,SILVER28APR27323000CE,SILVER,28APR2027,32300000.000000,30,OPTFUT,MCX,50.000000,600,False
572941,SILVER28APR27361000CE,SILVER,28APR2027,36100000.000000,30,OPTFUT,MCX,50.000000,600,False
572959,SILVER25MAR27303000PE,SILVER,25MAR2027,30300000.000000,30,OPTFUT,MCX,50.000000,600,False
572960,SILVER25MAR27302000PE,SILVER,25MAR2027,30200000.000000,30,OPTFUT,MCX,50.000000,600,False
572961,SILVER25MAR27301000PE,SILVER,25MAR2027,30100000.000000,30,OPTFUT,MCX,50.000000,600,False
572911,SILVER28APR27331000CE,SILVER,28APR2027,33100000.000000,30,OPTFUT,MCX,50.000000,600,False
572913,SILVER28APR27333000CE,SILVER,28APR2027,33300000.000000,30,OPTFUT,MCX,50.000000,600,False
572944,SILVER25MAR27318000PE,SILVER,25MAR2027,31800000.000000,30,OPTFUT,MCX,50.000000,600,False
572950,SILVER25MAR27312000PE,SILVER,25MAR2027,31200000.000000,30,OPTFUT,MCX,50.000000,600,False
572977,SILVER25MAR27285000PE,SILVER,25MAR2027,28500000.000000,30,OPTFUT,MCX,50.000000,600,False
572979,SILVER25MAR27283000PE,SILVER,25MAR2027,28300000.000000,30,OPTFUT,MCX,50.000000,600,False
572983,SILVER25MAR27323000PE,SILVER,25MAR2027,32300000.000000,30,OPTFUT,MCX,50.000000,600,False
572991,SILVER25MAR27331000PE,SILVER,25MAR2027,33100000.000000,30,OPTFUT,MCX,50.000000,600,False
572957,SILVER25MAR27305000PE,SILVER,25MAR2027,30500000.000000,30,OPTFUT,MCX,50.000000,600,False
572962,SILVER25MAR27300000PE,SILVER,25MAR2027,30000000.000000,30,OPTFUT,MCX,50.000000,600,False
572964,SILVER25MAR27298000PE,SILVER,25MAR2027,29800000.000000,30,OPTFUT,MCX,50.000000,600,False
572969,SILVER25MAR27293000PE,SILVER,25MAR2027,29300000.000000,30,OPTFUT,MCX,50.000000,600,False
572994,SILVER25MAR27334000PE,SILVER,25MAR2027,33400000.000000,30,OPTFUT,MCX,50.000000,600,False
573006,SILVER25MAR27346000PE,SILVER,25MAR2027,34600000.000000,30,OPTFUT,MCX,50.000000,600,False
573024,SILVER28APR27318000PE,SILVER,28APR2027,31800000.000000,30,OPTFUT,MCX,50.000000,600,False
573026,SILVER28APR27316000PE,SILVER,28APR2027,31600000.000000,30,OPTFUT,MCX,50.000000,600,False
573,MCXSILVDEXCOM,MCXSILVDEX,,0.000000,1,COMDTY,MCX,1.000000,99999999,False
573003,SILVER25MAR27343000PE,SILVER,25MAR2027,34300000.000000,30,OPTFUT,MCX,50.000000,600,False
573007,SILVER25MAR27347000PE,SILVER,25MAR2027,34700000.000000,30,OPTFUT,MCX,50.000000,600,False
573029,SILVER28APR27313000PE,SILVER,28APR2027,31300000.000000,30,OPTFUT,MCX,50.000000,600,False
573032,SILVER28APR27310000PE,SILVER,28APR2027,31000000.000000,30,OPTFUT,MCX,50.000000,600,False
573095,SILVER28APR27355000PE,SILVER,28APR2027,35500000.000000,30,OPTFUT,MCX,50.000000,600,False
573101,SILVER28APR27361000PE,SILVER,28APR2027,36100000.000000,30,OPTFUT,MCX,50.000000,600,False
573108,SILVERM25MAR27303000CE,SILVERM,25MAR2027,30300000.000000,5,OPTFUT,MCX,50.000000,600,False
573036,SILVER28APR27306000PE,SILVER,28APR2027,30600000.000000,30,OPTFUT,MCX,50.000000,600,False
573040,SILVER28APR27302000PE,SILVER,28APR2027,30200000.000000,30,OPTFUT,MCX,50.000000,600,False
573047,SILVER28APR27295000PE,SILVER,28APR2027,29500000.000000,30,OPTFUT,MCX,50.000000,600,False
573048,SILVER28APR27294000PE,SILVER,28APR2027,29400000.000000,30,OPTFUT,MCX,50.000000,600,False
573114,SILVERM25MAR27297000CE,SILVERM,25MAR2027,29700000.000000,5,OPTFUT,MCX,50.000000,600,False
573148,SILVERM25MAR27317000CE,SILVERM,25MAR2027,31700000.000000,5,OPTFUT,MCX,50.000000,600,False
573179,SILVERM25MAR27348000CE,SILVERM,25MAR2027,34800000.000000,5,OPTFUT,MCX,50.000000,600,False
573183,SILVERM23APR27308000CE,SILVERM,23APR2027,30800000.000000,5,OPTFUT,MCX,50.000000,600,False
573070,SILVER28APR27330000PE,SILVER,28APR2027,33000000.000000,30,OPTFUT,MCX,50.000000,600,False
573085,SILVER28APR27345000PE,SILVER,28APR2027,34500000.000000,30,OPTFUT,MCX,50.000000,600,False
573092,SILVER28APR27352000PE,SILVER,28APR2027,35200000.000000,30,OPTFUT,MCX,50.000000,600,False
573099,SILVER28APR27359000PE,SILVER,28APR2027,35900000.000000,30,OPTFUT,MCX,50.000000,600,False
573198,SILVERM23APR27293000CE,SILVERM,23APR2027,29300000.000000,5,OPTFUT,MCX,50.000000,600,False
573199,SILVERM23APR27292000CE,SILVERM,23APR2027,29200000.000000,5,OPTFUT,MCX,50.000000,600,False
573200,SILVERM23APR27291000CE,SILVERM,23APR2027,29100000.000000,5,OPTFUT,MCX,50.000000,600,False
573209,SILVERM23APR27282000CE,SILVERM,23APR2027,28200000.000000,5,OPTFUT,MCX,50.000000,600,False
573104,SILVERM25MAR27307000CE,SILVERM,25MAR2027,30700000.000000,5,OPTFUT,MCX,50.000000,600,False
573110,SILVERM25MAR27301000CE,SILVERM,25MAR2027,30100000.000000,5,OPTFUT,MCX,50.000000,600,False
573112,SILVERM25MAR27299000CE,SILVERM,25MAR2027,29900000.000000,5,OPTFUT,MCX,50.000000,600,False
573123,SILVERM25MAR27288000CE,SILVERM,25MAR2027,28800000.000000,5,OPTFUT,MCX,50.000000,600,False
573124,SILVERM25MAR27287000CE,SILVERM,25MAR2027,28700000.000000,5,OPTFUT,MCX,50.000000,600,False
573137,SILVERM25MAR27274000CE,SILVERM,25MAR2027,27400000.000000,5,OPTFUT,MCX,50.000000,600,False
573143,SILVERM25MAR27312000CE,SILVERM,25MAR2027,31200000.000000,5,OPTFUT,MCX,50.000000,600,False
573168,SILVERM25MAR27337000CE,SILVERM,25MAR2027,33700000.000000,5,OPTFUT,MCX,50.000000,600,False
573213,SILVERM23APR27278000CE,SILVERM,23APR2027,27800000.000000,5,OPTFUT,MCX,50.000000,600,False
573217,SILVERM23APR27274000CE,SILVERM,23APR2027,27400000.000000,5,OPTFUT,MCX,50.000000,600,False
573218,SILVERM23APR27273000CE,SILVERM,23APR2027,27300000.000000,5,OPTFUT,MCX,50.000000,600,False
573222,SILVERM23APR27311000CE,SILVERM,23APR2027,31100000.000000,5,OPTFUT,MCX,50.000000,600,False
573225,SILVERM23APR27314000CE,SILVERM,23APR2027,31400000.000000,5,OPTFUT,MCX,50.000000,600,False
573226,SILVERM23APR27315000CE,SILVERM,23APR2027,31500000.000000,5,OPTFUT,MCX,50.000000,600,False
573239,SILVERM23APR27328000CE,SILVERM,23APR2027,32800000.000000,5,OPTFUT,MCX,50.000000,600,False
573241,SILVERM23APR27330000CE,SILVERM,23APR2027,33000000.000000,5,OPTFUT,MCX,50.000000,600,False
573252,SILVERM23APR27341000CE,SILVERM,23APR2027,34100000.000000,5,OPTFUT,MCX,50.000000,600,False
573256,SILVERM23APR27345000CE,SILVERM,23APR2027,34500000.000000,5,OPTFUT,MCX,50.000000,600,False
573258,SILVERM23APR27347000CE,SILVERM,23APR2027,34700000.000000,5,OPTFUT,MCX,50.000000,600,False
573267,SILVERM25MAR27304000PE,SILVERM,25MAR2027,30400000.000000,5,OPTFUT,MCX,50.000000,600,False
573261,SILVERM23APR27350000CE,SILVERM,23APR2027,35000000.000000,5,OPTFUT,MCX,50.000000,600,False
573268,SILVERM25MAR27303000PE,SILVERM,25MAR2027,30300000.000000,5,OPTFUT,MCX,50.000000,600,False
573269,SILVERM25MAR27302000PE,SILVERM,25MAR2027,30200000.000000,5,OPTFUT,MCX,50.000000,600,False
573273,SILVERM25MAR27298000PE,SILVERM,25MAR2027,29800000.000000,5,OPTFUT,MCX,50.000000,600,False
573274,SILVERM25MAR27297000PE,SILVERM,25MAR2027,29700000.000000,5,OPTFUT,MCX,50.000000,600,False
573280,SILVERM25MAR27291000PE,SILVERM,25MAR2027,29100000.000000,5,OPTFUT,MCX,50.000000,600,False
573281,SILVERM25MAR27290000PE,SILVERM,25MAR2027,29000000.000000,5,OPTFUT,MCX,50.000000,600,False
573283,SILVERM25MAR27288000PE,SILVERM,25MAR2027,28800000.000000,5,OPTFUT,MCX,50.000000,600,False
573286,SILVERM25MAR27285000PE,SILVERM,25MAR2027,28500000.000000,5,OPTFUT,MCX,50.000000,600,False
573298,SILVERM25MAR27273000PE,SILVERM,25MAR2027,27300000.000000,5,OPTFUT,MCX,50.000000,600,False
573303,SILVERM25MAR27312000PE,SILVERM,25MAR2027,31200000.000000,5,OPTFUT,MCX,50.000000,600,False
573308,SILVERM25MAR27317000PE,SILVERM,25MAR2027,31700000.000000,5,OPTFUT,MCX,50.000000,600,False
573313,SILVERM25MAR27322000PE,SILVERM,25MAR2027,32200000.000000,5,OPTFUT,MCX,50.000000,600,False
573314,SILVERM25MAR27323000PE,SILVERM,25MAR2027,32300000.000000,5,OPTFUT,MCX,50.000000,600,False
573318,SILVERM25MAR27327000PE,SILVERM,25MAR2027,32700000.000000,5,OPTFUT,MCX,50.000000,600,False
573329,SILVERM25MAR27338000PE,SILVERM,25MAR2027,33800000.000000,5,OPTFUT,MCX,50.000000,600,False
573320,SILVERM25MAR27329000PE,SILVERM,25MAR2027,32900000.000000,5,OPTFUT,MCX,50.000000,600,False
573327,SILVERM25MAR27336000PE,SILVERM,25MAR2027,33600000.000000,5,OPTFUT,MCX,50.000000,600,False
573330,SILVERM25MAR27339000PE,SILVERM,25MAR2027,33900000.000000,5,OPTFUT,MCX,50.000000,600,False
573333,SILVERM25MAR27342000PE,SILVERM,25MAR2027,34200000.000000,5,OPTFUT,MCX,50.000000,600,False
573334,SILVERM25MAR27343000PE,SILVERM,25MAR2027,34300000.000000,5,OPTFUT,MCX,50.000000,600,False
573347,SILVERM23APR27304000PE,SILVERM,23APR2027,30400000.000000,5,OPTFUT,MCX,50.000000,600,False
573354,SILVERM23APR27297000PE,SILVERM,23APR2027,29700000.000000,5,OPTFUT,MCX,50.000000,600,False
573359,SILVERM23APR27292000PE,SILVERM,23APR2027,29200000.000000,5,OPTFUT,MCX,50.000000,600,False
573371,SILVERM23APR27280000PE,SILVERM,23APR2027,28000000.000000,5,OPTFUT,MCX,50.000000,600,False
573387,SILVERM23APR27316000PE,SILVERM,23APR2027,31600000.000000,5,OPTFUT,MCX,50.000000,600,False
573398,SILVERM23APR27327000PE,SILVERM,23APR2027,32700000.000000,5,OPTFUT,MCX,50.000000,600,False
573406,SILVERM23APR27335000PE,SILVERM,23APR2027,33500000.000000,5,OPTFUT,MCX,50.000000,600,False
573364,SILVERM23APR27287000PE,SILVERM,23APR2027,28700000.000000,5,OPTFUT,MCX,50.000000,600,False
573381,SILVERM23APR27270000PE,SILVERM,23APR2027,27000000.000000,5,OPTFUT,MCX,50.000000,600,False
573384,SILVERM23APR27313000PE,SILVERM,23APR2027,31300000.000000,5,OPTFUT,MCX,50.000000,600,False
573403,SILVERM23APR27332000PE,SILVERM,23APR2027,33200000.000000,5,OPTFUT,MCX,50.000000,600,False
573411,SILVERM23APR27340000PE,SILVERM,23APR2027,34000000.000000,5,OPTFUT,MCX,50.000000,600,False
573417,SILVERM23APR27346000PE,SILVERM,23APR2027,34600000.000000,5,OPTFUT,MCX,50.000000,600,False
573419,SILVERM23APR27348000PE,SILVERM,23APR2027,34800000.000000,5,OPTFUT,MCX,50.000000,600,False
573420,SILVERM23APR27349000PE,SILVERM,23APR2027,34900000.000000,5,OPTFUT,MCX,50.000000,600,False
573409,SILVERM23APR27338000PE,SILVERM,23APR2027,33800000.000000,5,OPTFUT,MCX,50.000000,600,False
573772,SILVER28APR27278000CE,SILVER,28APR2027,27800000.000000,30,OPTFUT,MCX,50.000000,600,False
573778,SILVER28APR27272000CE,SILVER,28APR2027,27200000.000000,30,OPTFUT,MCX,50.000000,600,False
573779,SILVER28APR27271000CE,SILVER,28APR2027,27100000.000000,30,OPTFUT,MCX,50.000000,600,False
573781,SILVER28APR27269000CE,SILVER,28APR2027,26900000.000000,30,OPTFUT,MCX,50.000000,600,False
573792,SILVER25MAR27280000PE,SILVER,25MAR2027,28000000.000000,30,OPTFUT,MCX,50.000000,600,False
573803,SILVER25MAR27269000PE,SILVER,25MAR2027,26900000.000000,30,OPTFUT,MCX,50.000000,600,False
573808,SILVER25MAR27264000PE,SILVER,25MAR2027,26400000.000000,30,OPTFUT,MCX,50.000000,600,False
573784,SILVER28APR27266000CE,SILVER,28APR2027,26600000.000000,30,OPTFUT,MCX,50.000000,600,False
573786,SILVER28APR27264000CE,SILVER,28APR2027,26400000.000000,30,OPTFUT,MCX,50.000000,600,False
573800,SILVER25MAR27272000PE,SILVER,25MAR2027,27200000.000000,30,OPTFUT,MCX,50.000000,600,False
573806,SILVER25MAR27266000PE,SILVER,25MAR2027,26600000.000000,30,OPTFUT,MCX,50.000000,600,False
573811,SILVER25MAR27261000PE,SILVER,25MAR2027,26100000.000000,30,OPTFUT,MCX,50.000000,600,False
573816,SILVER28APR27278000PE,SILVER,28APR2027,27800000.000000,30,OPTFUT,MCX,50.000000,600,False
573829,SILVER28APR27265000PE,SILVER,28APR2027,26500000.000000,30,OPTFUT,MCX,50.000000,600,False
573845,SILVERM25MAR27268000PE,SILVERM,25MAR2027,26800000.000000,5,OPTFUT,MCX,50.000000,600,False
573837,SILVERM25MAR27268000CE,SILVERM,25MAR2027,26800000.000000,5,OPTFUT,MCX,50.000000,600,False
573841,SILVERM23APR27268000CE,SILVERM,23APR2027,26800000.000000,5,OPTFUT,MCX,50.000000,600,False
573842,SILVERM23APR27267000CE,SILVERM,23APR2027,26700000.000000,5,OPTFUT,MCX,50.000000,600,False
573846,SILVERM25MAR27267000PE,SILVERM,25MAR2027,26700000.000000,5,OPTFUT,MCX,50.000000,600,False
574203,SILVERM25MAR27263000CE,SILVERM,25MAR2027,26300000.000000,5,OPTFUT,MCX,50.000000,600,False
574205,SILVERM23APR27264000CE,SILVERM,23APR2027,26400000.000000,5,OPTFUT,MCX,50.000000,600,False
574212,SILVERM23APR27263000PE,SILVERM,23APR2027,26300000.000000,5,OPTFUT,MCX,50.000000,600,False
574826,SILVER10030NOV26FUT,SILVER100,30NOV2026,0.000000,100,FUTCOM,MCX,100.000000,600000,False
574829,COPPER30OCT26FUT,COPPER,30OCT2026,0.000000,2500,FUTCOM,MCX,5.000000,70000,False
574835,ZINCMINI30OCT26FUT,ZINCMINI,30OCT2026,0.000000,1,FUTCOM,MCX,5.000000,100,False
574863,COPPER23SEP261250CE,COPPER,23SEP2026,125000.000000,2500,OPTFUT,MCX,1.000000,70000,False
574873,COPPER23SEP261500CE,COPPER,23SEP2026,150000.000000,2500,OPTFUT,MCX,1.000000,70000,False
573850,SILVERM23APR27267000PE,SILVERM,23APR2027,26700000.000000,5,OPTFUT,MCX,50.000000,600,False
574320,NATGASMINI24NOV26FUT,NATGASMINI,24NOV2026,0.000000,250,FUTCOM,MCX,10.000000,60000,False
574843,SILVERMIC26FEB27FUT,SILVERMIC,26FEB2027,0.000000,1,FUTCOM,MCX,100.000000,600,False
574850,COPPER23SEP261380CE,COPPER,23SEP2026,138000.000000,2500,OPTFUT,MCX,1.000000,70000,False
574926,SILVERM25MAR27352000PE,SILVERM,25MAR2027,35200000.000000,5,OPTFUT,MCX,50.000000,600,False
574876,COPPER23SEP261530CE,COPPER,23SEP2026,153000.000000,2500,OPTFUT,MCX,1.000000,70000,False
574899,COPPER23SEP261460PE,COPPER,23SEP2026,146000.000000,2500,OPTFUT,MCX,1.000000,70000,False
574902,COPPER23SEP261490PE,COPPER,23SEP2026,149000.000000,2500,OPTFUT,MCX,1.000000,70000,False
574889,COPPER23SEP261290PE,COPPER,23SEP2026,129000.000000,2500,OPTFUT,MCX,1.000000,70000,False
574894,COPPER23SEP261410PE,COPPER,23SEP2026,141000.000000,2500,OPTFUT,MCX,1.000000,70000,False
574900,COPPER23SEP261470PE,COPPER,23SEP2026,147000.000000,2500,OPTFUT,MCX,1.000000,70000,False
574905,COPPER23SEP261520PE,COPPER,23SEP2026,152000.000000,2500,OPTFUT,MCX,1.000000,70000,False
574931,ZINC23SEP26350CE,ZINC,23SEP2026,35000.000000,5,OPTFUT,MCX,1.000000,100,False
574932,ZINC23SEP26345CE,ZINC,23SEP2026,34500.000000,5,OPTFUT,MCX,1.000000,100,False
574933,ZINC23SEP26340CE,ZINC,23SEP2026,34000.000000,5,OPTFUT,MCX,1.000000,100,False
574940,ZINC23SEP26305CE,ZINC,23SEP2026,30500.000000,5,OPTFUT,MCX,1.000000,100,False
574925,SILVERM25MAR27351000PE,SILVERM,25MAR2027,35100000.000000,5,OPTFUT,MCX,50.000000,600,False
574946,ZINC23SEP26385CE,ZINC,23SEP2026,38500.000000,5,OPTFUT,MCX,1.000000,100,False
574953,ZINC23SEP26340PE,ZINC,23SEP2026,34000.000000,5,OPTFUT,MCX,1.000000,100,False
574966,ZINC23SEP26385PE,ZINC,23SEP2026,38500.000000,5,OPTFUT,MCX,1.000000,100,False
574942,ZINC23SEP26365CE,ZINC,23SEP2026,36500.000000,5,OPTFUT,MCX,1.000000,100,False
574962,ZINC23SEP26365PE,ZINC,23SEP2026,36500.000000,5,OPTFUT,MCX,1.000000,100,False
574963,ZINC23SEP26370PE,ZINC,23SEP2026,37000.000000,5,OPTFUT,MCX,1.000000,100,False
574984,ZINC23SEP26410PE,ZINC,23SEP2026,41000.000000,5,OPTFUT,MCX,1.000000,100,False
574967,ZINC23SEP26390PE,ZINC,23SEP2026,39000.000000,5,OPTFUT,MCX,1.000000,100,False
574982,COPPER23SEP261560PE,COPPER,23SEP2026,156000.000000,2500,OPTFUT,MCX,1.000000,70000,False
574996,ZINC23SEP26420PE,ZINC,23SEP2026,42000.000000,5,OPTFUT,MCX,1.000000,100,False
575011,GOLDM04DEC26FUT,GOLDM,04DEC2026,0.000000,100,FUTCOM,MCX,100.000000,10000,False
575014,COPPER23SEP261240CE,COPPER,23SEP2026,124000.000000,2500,OPTFUT,MCX,1.000000,70000,False
575218,SILVER25MAR27255000CE,SILVER,25MAR2027,25500000.000000,30,OPTFUT,MCX,50.000000,600,False
575222,SILVER25MAR27251000CE,SILVER,25MAR2027,25100000.000000,30,OPTFUT,MCX,50.000000,600,False
575223,SILVER25MAR27250000CE,SILVER,25MAR2027,25000000.000000,30,OPTFUT,MCX,50.000000,600,False
575224,SILVER25MAR27249000CE,SILVER,25MAR2027,24900000.000000,30,OPTFUT,MCX,50.000000,600,False
575245,SILVER28APR27242000CE,SILVER,28APR2027,24200000.000000,30,OPTFUT,MCX,50.000000,600,False
575252,SILVER25MAR27249000PE,SILVER,25MAR2027,24900000.000000,30,OPTFUT,MCX,50.000000,600,False
575255,SILVER25MAR27246000PE,SILVER,25MAR2027,24600000.000000,30,OPTFUT,MCX,50.000000,600,False
575241,SILVER28APR27246000CE,SILVER,28APR2027,24600000.000000,30,OPTFUT,MCX,50.000000,600,False
575243,SILVER28APR27244000CE,SILVER,28APR2027,24400000.000000,30,OPTFUT,MCX,50.000000,600,False
575269,SILVER28APR27246000PE,SILVER,28APR2027,24600000.000000,30,OPTFUT,MCX,50.000000,600,False
575272,SILVER28APR27243000PE,SILVER,28APR2027,24300000.000000,30,OPTFUT,MCX,50.000000,600,False
575262,SILVER28APR27253000PE,SILVER,28APR2027,25300000.000000,30,OPTFUT,MCX,50.000000,600,False
575270,SILVER28APR27245000PE,SILVER,28APR2027,24500000.000000,30,OPTFUT,MCX,50.000000,600,False
575274,SILVERM25MAR27262000CE,SILVERM,25MAR2027,26200000.000000,5,OPTFUT,MCX,50.000000,600,False
575278,SILVERM25MAR27258000CE,SILVERM,25MAR2027,25800000.000000,5,OPTFUT,MCX,50.000000,600,False
575277,SILVERM25MAR27259000CE,SILVERM,25MAR2027,25900000.000000,5,OPTFUT,MCX,50.000000,600,False
575282,SILVERM25MAR27254000CE,SILVERM,25MAR2027,25400000.000000,5,OPTFUT,MCX,50.000000,600,False
575284,SILVERM25MAR27252000CE,SILVERM,25MAR2027,25200000.000000,5,OPTFUT,MCX,50.000000,600,False
575295,SILVERM23APR27257000CE,SILVERM,23APR2027,25700000.000000,5,OPTFUT,MCX,50.000000,600,False
575297,SILVERM23APR27255000CE,SILVERM,23APR2027,25500000.000000,5,OPTFUT,MCX,50.000000,600,False
575310,SILVERM25MAR27258000PE,SILVERM,25MAR2027,25800000.000000,5,OPTFUT,MCX,50.000000,600,False
575311,SILVERM25MAR27257000PE,SILVERM,25MAR2027,25700000.000000,5,OPTFUT,MCX,50.000000,600,False
575326,SILVERM23APR27258000PE,SILVERM,23APR2027,25800000.000000,5,OPTFUT,MCX,50.000000,600,False
575296,SILVERM23APR27256000CE,SILVERM,23APR2027,25600000.000000,5,OPTFUT,MCX,50.000000,600,False
575299,SILVERM23APR27253000CE,SILVERM,23APR2027,25300000.000000,5,OPTFUT,MCX,50.000000,600,False
575308,SILVERM25MAR27260000PE,SILVERM,25MAR2027,26000000.000000,5,OPTFUT,MCX,50.000000,600,False
575309,SILVERM25MAR27259000PE,SILVERM,25MAR2027,25900000.000000,5,OPTFUT,MCX,50.000000,600,False
575381,SILVERM25MAR27243000CE,SILVERM,25MAR2027,24300000.000000,5,OPTFUT,MCX,50.000000,600,False
575388,SILVERM25MAR27246000PE,SILVERM,25MAR2027,24600000.000000,5,OPTFUT,MCX,50.000000,600,False
575391,SILVERM25MAR27243000PE,SILVERM,25MAR2027,24300000.000000,5,OPTFUT,MCX,50.000000,600,False
575394,SILVERM23APR27245000PE,SILVERM,23APR2027,24500000.000000,5,OPTFUT,MCX,50.000000,600,False
575318,SILVERM25MAR27250000PE,SILVERM,25MAR2027,25000000.000000,5,OPTFUT,MCX,50.000000,600,False
575328,SILVERM23APR27256000PE,SILVERM,23APR2027,25600000.000000,5,OPTFUT,MCX,50.000000,600,False
575333,SILVERM23APR27251000PE,SILVERM,23APR2027,25100000.000000,5,OPTFUT,MCX,50.000000,600,False
575336,SILVERM23APR27248000PE,SILVERM,23APR2027,24800000.000000,5,OPTFUT,MCX,50.000000,600,False
575414,SILVER25MAR27237000CE,SILVER,25MAR2027,23700000.000000,30,OPTFUT,MCX,50.000000,600,False
575424,SILVER25MAR27227000CE,SILVER,25MAR2027,22700000.000000,30,OPTFUT,MCX,50.000000,600,False
575426,SILVER28APR27237000CE,SILVER,28APR2027,23700000.000000,30,OPTFUT,MCX,50.000000,600,False
575427,SILVER28APR27236000CE,SILVER,28APR2027,23600000.000000,30,OPTFUT,MCX,50.000000,600,False
575382,SILVERM25MAR27242000CE,SILVERM,25MAR2027,24200000.000000,5,OPTFUT,MCX,50.000000,600,False
575423,SILVER25MAR27228000CE,SILVER,25MAR2027,22800000.000000,30,OPTFUT,MCX,50.000000,600,False
575425,SILVER25MAR27226000CE,SILVER,25MAR2027,22600000.000000,30,OPTFUT,MCX,50.000000,600,False
575440,SILVER25MAR27235000PE,SILVER,25MAR2027,23500000.000000,30,OPTFUT,MCX,50.000000,600,False
575431,SILVER28APR27232000CE,SILVER,28APR2027,23200000.000000,30,OPTFUT,MCX,50.000000,600,False
575443,SILVER25MAR27232000PE,SILVER,25MAR2027,23200000.000000,30,OPTFUT,MCX,50.000000,600,False
575451,SILVER28APR27236000PE,SILVER,28APR2027,23600000.000000,30,OPTFUT,MCX,50.000000,600,False
575464,SILVERM25MAR27239000CE,SILVERM,25MAR2027,23900000.000000,5,OPTFUT,MCX,50.000000,600,False
575454,SILVER28APR27233000PE,SILVER,28APR2027,23300000.000000,30,OPTFUT,MCX,50.000000,600,False
575463,SILVERM25MAR27240000CE,SILVERM,25MAR2027,24000000.000000,5,OPTFUT,MCX,50.000000,600,False
575468,SILVERM25MAR27235000CE,SILVERM,25MAR2027,23500000.000000,5,OPTFUT,MCX,50.000000,600,False
575469,SILVERM25MAR27234000CE,SILVERM,25MAR2027,23400000.000000,5,OPTFUT,MCX,50.000000,600,False
575466,SILVERM25MAR27237000CE,SILVERM,25MAR2027,23700000.000000,5,OPTFUT,MCX,50.000000,600,False
575472,SILVERM23APR27241000CE,SILVERM,23APR2027,24100000.000000,5,OPTFUT,MCX,50.000000,600,False
575474,SILVERM23APR27239000CE,SILVERM,23APR2027,23900000.000000,5,OPTFUT,MCX,50.000000,600,False
575475,SILVERM23APR27238000CE,SILVERM,23APR2027,23800000.000000,5,OPTFUT,MCX,50.000000,600,False
575488,SILVERM25MAR27235000PE,SILVERM,25MAR2027,23500000.000000,5,OPTFUT,MCX,50.000000,600,False
575491,SILVERM25MAR27232000PE,SILVERM,25MAR2027,23200000.000000,5,OPTFUT,MCX,50.000000,600,False
575501,SILVERM23APR27232000PE,SILVERM,23APR2027,23200000.000000,5,OPTFUT,MCX,50.000000,600,False
575543,GOLD29MAR27136500PE,GOLD,29MAR2027,13650000.000000,1,OPTFUT,MCX,50.000000,100,False
575494,SILVERM23APR27239000PE,SILVERM,23APR2027,23900000.000000,5,OPTFUT,MCX,50.000000,600,False
575525,GOLD26FEB27138000CE,GOLD,26FEB2027,13800000.000000,1,OPTFUT,MCX,50.000000,100,False
575526,GOLD26FEB27137500CE,GOLD,26FEB2027,13750000.000000,1,OPTFUT,MCX,50.000000,100,False
575532,GOLD29MAR27137000CE,GOLD,29MAR2027,13700000.000000,1,OPTFUT,MCX,50.000000,100,False
575611,SILVER25MAR27222000PE,SILVER,25MAR2027,22200000.000000,30,OPTFUT,MCX,50.000000,600,False
575612,SILVER25MAR27221000PE,SILVER,25MAR2027,22100000.000000,30,OPTFUT,MCX,50.000000,600,False
575613,SILVER25MAR27220000PE,SILVER,25MAR2027,22000000.000000,30,OPTFUT,MCX,50.000000,600,False
575618,SILVER28APR27221000PE,SILVER,28APR2027,22100000.000000,30,OPTFUT,MCX,50.000000,600,False
575539,GOLD29MAR27138500PE,GOLD,29MAR2027,13850000.000000,1,OPTFUT,MCX,50.000000,100,False
575599,SILVER25MAR27222000CE,SILVER,25MAR2027,22200000.000000,30,OPTFUT,MCX,50.000000,600,False
575609,SILVER25MAR27224000PE,SILVER,25MAR2027,22400000.000000,30,OPTFUT,MCX,50.000000,600,False
575622,SILVERM25MAR27229000CE,SILVERM,25MAR2027,22900000.000000,5,OPTFUT,MCX,50.000000,600,False
575620,SILVERM25MAR27231000CE,SILVERM,25MAR2027,23100000.000000,5,OPTFUT,MCX,50.000000,600,False
575629,SILVERM23APR27227000CE,SILVERM,23APR2027,22700000.000000,5,OPTFUT,MCX,50.000000,600,False
575632,SILVERM25MAR27229000PE,SILVERM,25MAR2027,22900000.000000,5,OPTFUT,MCX,50.000000,600,False
575635,SILVERM23APR27231000PE,SILVERM,23APR2027,23100000.000000,5,OPTFUT,MCX,50.000000,600,False
575626,SILVERM23APR27230000CE,SILVERM,23APR2027,23000000.000000,5,OPTFUT,MCX,50.000000,600,False
575631,SILVERM25MAR27230000PE,SILVERM,25MAR2027,23000000.000000,5,OPTFUT,MCX,50.000000,600,False
575721,GOLD30APR27162000CE,GOLD,30APR2027,16200000.000000,1,OPTFUT,MCX,50.000000,100,False
575738,GOLD30APR27153500CE,GOLD,30APR2027,15350000.000000,1,OPTFUT,MCX,50.000000,100,False
575636,SILVERM23APR27230000PE,SILVERM,23APR2027,23000000.000000,5,OPTFUT,MCX,50.000000,600,False
575695,GOLD28MAY27164000PE,GOLD,28MAY2027,16400000.000000,1,OPTFUT,MCX,50.000000,100,False
575730,GOLD30APR27157500CE,GOLD,30APR2027,15750000.000000,1,OPTFUT,MCX,50.000000,100,False
575731,GOLD30APR27157000CE,GOLD,30APR2027,15700000.000000,1,OPTFUT,MCX,50.000000,100,False
575741,GOLD30APR27152000CE,GOLD,30APR2027,15200000.000000,1,OPTFUT,MCX,50.000000,100,False
575754,GOLD30APR27145500CE,GOLD,30APR2027,14550000.000000,1,OPTFUT,MCX,50.000000,100,False
575761,GOLD30APR27142000CE,GOLD,30APR2027,14200000.000000,1,OPTFUT,MCX,50.000000,100,False
575767,GOLD30APR27139000CE,GOLD,30APR2027,13900000.000000,1,OPTFUT,MCX,50.000000,100,False
575742,GOLD30APR27151500CE,GOLD,30APR2027,15150000.000000,1,OPTFUT,MCX,50.000000,100,False
575772,GOLD30APR27166500CE,GOLD,30APR2027,16650000.000000,1,OPTFUT,MCX,50.000000,100,False
575775,GOLD30APR27168000CE,GOLD,30APR2027,16800000.000000,1,OPTFUT,MCX,50.000000,100,False
575782,GOLD30APR27171500CE,GOLD,30APR2027,17150000.000000,1,OPTFUT,MCX,50.000000,100,False
575794,GOLD30APR27177500CE,GOLD,30APR2027,17750000.000000,1,OPTFUT,MCX,50.000000,100,False
575801,GOLD30APR27181000CE,GOLD,30APR2027,18100000.000000,1,OPTFUT,MCX,50.000000,100,False
575808,GOLD30APR27184500CE,GOLD,30APR2027,18450000.000000,1,OPTFUT,MCX,50.000000,100,False
575822,GOLD28MAY27161500CE,GOLD,28MAY2027,16150000.000000,1,OPTFUT,MCX,50.000000,100,False
575785,GOLD30APR27173000CE,GOLD,30APR2027,17300000.000000,1,OPTFUT,MCX,50.000000,100,False
575809,GOLD30APR27185000CE,GOLD,30APR2027,18500000.000000,1,OPTFUT,MCX,50.000000,100,False
575820,GOLD28MAY27162500CE,GOLD,28MAY2027,16250000.000000,1,OPTFUT,MCX,50.000000,100,False
575832,GOLD28MAY27156500CE,GOLD,28MAY2027,15650000.000000,1,OPTFUT,MCX,50.000000,100,False
575823,GOLD28MAY27161000CE,GOLD,28MAY2027,16100000.000000,1,OPTFUT,MCX,50.000000,100,False
575830,GOLD28MAY27157500CE,GOLD,28MAY2027,15750000.000000,1,OPTFUT,MCX,50.000000,100,False
575831,GOLD28MAY27157000CE,GOLD,28MAY2027,15700000.000000,1,OPTFUT,MCX,50.000000,100,False
575835,GOLD28MAY27155000CE,GOLD,28MAY2027,15500000.000000,1,OPTFUT,MCX,50.000000,100,False
575849,GOLD28MAY27148000CE,GOLD,28MAY2027,14800000.000000,1,OPTFUT,MCX,50.000000,100,False
575852,GOLD28MAY27146500CE,GOLD,28MAY2027,14650000.000000,1,OPTFUT,MCX,50.000000,100,False
575865,GOLD28MAY27140000CE,GOLD,28MAY2027,14000000.000000,1,OPTFUT,MCX,50.000000,100,False
575868,GOLD28MAY27164500CE,GOLD,28MAY2027,16450000.000000,1,OPTFUT,MCX,50.000000,100,False
575841,GOLD28MAY27152000CE,GOLD,28MAY2027,15200000.000000,1,OPTFUT,MCX,50.000000,100,False
575843,GOLD28MAY27151000CE,GOLD,28MAY2027,15100000.000000,1,OPTFUT,MCX,50.000000,100,False
575844,GOLD28MAY27150500CE,GOLD,28MAY2027,15050000.000000,1,OPTFUT,MCX,50.000000,100,False
575846,GOLD28MAY27149500CE,GOLD,28MAY2027,14950000.000000,1,OPTFUT,MCX,50.000000,100,False
575847,GOLD28MAY27149000CE,GOLD,28MAY2027,14900000.000000,1,OPTFUT,MCX,50.000000,100,False
575848,GOLD28MAY27148500CE,GOLD,28MAY2027,14850000.000000,1,OPTFUT,MCX,50.000000,100,False
575858,GOLD28MAY27143500CE,GOLD,28MAY2027,14350000.000000,1,OPTFUT,MCX,50.000000,100,False
575869,GOLD28MAY27165000CE,GOLD,28MAY2027,16500000.000000,1,OPTFUT,MCX,50.000000,100,False
575870,GOLD28MAY27165500CE,GOLD,28MAY2027,16550000.000000,1,OPTFUT,MCX,50.000000,100,False
575878,GOLD28MAY27169500CE,GOLD,28MAY2027,16950000.000000,1,OPTFUT,MCX,50.000000,100,False
575898,GOLD28MAY27179500CE,GOLD,28MAY2027,17950000.000000,1,OPTFUT,MCX,50.000000,100,False
575907,GOLD28MAY27184000CE,GOLD,28MAY2027,18400000.000000,1,OPTFUT,MCX,50.000000,100,False
575881,GOLD28MAY27171000CE,GOLD,28MAY2027,17100000.000000,1,OPTFUT,MCX,50.000000,100,False
575893,GOLD28MAY27177000CE,GOLD,28MAY2027,17700000.000000,1,OPTFUT,MCX,50.000000,100,False
575895,GOLD28MAY27178000CE,GOLD,28MAY2027,17800000.000000,1,OPTFUT,MCX,50.000000,100,False
575896,GOLD28MAY27178500CE,GOLD,28MAY2027,17850000.000000,1,OPTFUT,MCX,50.000000,100,False
575924,GOLD30APR27160500PE,GOLD,30APR2027,16050000.000000,1,OPTFUT,MCX,50.000000,100,False
575939,GOLD30APR27153000PE,GOLD,30APR2027,15300000.000000,1,OPTFUT,MCX,50.000000,100,False
575940,GOLD30APR27152500PE,GOLD,30APR2027,15250000.000000,1,OPTFUT,MCX,50.000000,100,False
575942,GOLD30APR27151500PE,GOLD,30APR2027,15150000.000000,1,OPTFUT,MCX,50.000000,100,False
575957,GOLD30APR27144000PE,GOLD,30APR2027,14400000.000000,1,OPTFUT,MCX,50.000000,100,False
575964,GOLD30APR27140500PE,GOLD,30APR2027,14050000.000000,1,OPTFUT,MCX,50.000000,100,False
575972,GOLD30APR27166500PE,GOLD,30APR2027,16650000.000000,1,OPTFUT,MCX,50.000000,100,False
575975,GOLD30APR27168000PE,GOLD,30APR2027,16800000.000000,1,OPTFUT,MCX,50.000000,100,False
575903,GOLD28MAY27182000CE,GOLD,28MAY2027,18200000.000000,1,OPTFUT,MCX,50.000000,100,False
575906,GOLD28MAY27183500CE,GOLD,28MAY2027,18350000.000000,1,OPTFUT,MCX,50.000000,100,False
575916,GOLD28MAY27188500CE,GOLD,28MAY2027,18850000.000000,1,OPTFUT,MCX,50.000000,100,False
575919,GOLD30APR27163000PE,GOLD,30APR2027,16300000.000000,1,OPTFUT,MCX,50.000000,100,False
576003,GOLD30APR27182000PE,GOLD,30APR2027,18200000.000000,1,OPTFUT,MCX,50.000000,100,False
576004,GOLD30APR27182500PE,GOLD,30APR2027,18250000.000000,1,OPTFUT,MCX,50.000000,100,False
576010,GOLD30APR27185500PE,GOLD,30APR2027,18550000.000000,1,OPTFUT,MCX,50.000000,100,False
576011,GOLD30APR27186000PE,GOLD,30APR2027,18600000.000000,1,OPTFUT,MCX,50.000000,100,False
575920,GOLD30APR27162500PE,GOLD,30APR2027,16250000.000000,1,OPTFUT,MCX,50.000000,100,False
575921,GOLD30APR27162000PE,GOLD,30APR2027,16200000.000000,1,OPTFUT,MCX,50.000000,100,False
575922,GOLD30APR27161500PE,GOLD,30APR2027,16150000.000000,1,OPTFUT,MCX,50.000000,100,False
575954,GOLD30APR27145500PE,GOLD,30APR2027,14550000.000000,1,OPTFUT,MCX,50.000000,100,False
576035,GOLD28MAY27155000PE,GOLD,28MAY2027,15500000.000000,1,OPTFUT,MCX,50.000000,100,False
576042,GOLD28MAY27151500PE,GOLD,28MAY2027,15150000.000000,1,OPTFUT,MCX,50.000000,100,False
576044,GOLD28MAY27150500PE,GOLD,28MAY2027,15050000.000000,1,OPTFUT,MCX,50.000000,100,False
576052,GOLD28MAY27146500PE,GOLD,28MAY2027,14650000.000000,1,OPTFUT,MCX,50.000000,100,False
575956,GOLD30APR27144500PE,GOLD,30APR2027,14450000.000000,1,OPTFUT,MCX,50.000000,100,False
575967,GOLD30APR27139000PE,GOLD,30APR2027,13900000.000000,1,OPTFUT,MCX,50.000000,100,False
575969,GOLD30APR27165000PE,GOLD,30APR2027,16500000.000000,1,OPTFUT,MCX,50.000000,100,False
575971,GOLD30APR27166000PE,GOLD,30APR2027,16600000.000000,1,OPTFUT,MCX,50.000000,100,False
576063,GOLD28MAY27141000PE,GOLD,28MAY2027,14100000.000000,1,OPTFUT,MCX,50.000000,100,False
576079,GOLD28MAY27170000PE,GOLD,28MAY2027,17000000.000000,1,OPTFUT,MCX,50.000000,100,False
576081,GOLD28MAY27171000PE,GOLD,28MAY2027,17100000.000000,1,OPTFUT,MCX,50.000000,100,False
576088,GOLD28MAY27174500PE,GOLD,28MAY2027,17450000.000000,1,OPTFUT,MCX,50.000000,100,False
575979,GOLD30APR27170000PE,GOLD,30APR2027,17000000.000000,1,OPTFUT,MCX,50.000000,100,False
576006,GOLD30APR27183500PE,GOLD,30APR2027,18350000.000000,1,OPTFUT,MCX,50.000000,100,False
576008,GOLD30APR27184500PE,GOLD,30APR2027,18450000.000000,1,OPTFUT,MCX,50.000000,100,False
576015,GOLD30APR27188000PE,GOLD,30APR2027,18800000.000000,1,OPTFUT,MCX,50.000000,100,False
576097,GOLD28MAY27179000PE,GOLD,28MAY2027,17900000.000000,1,OPTFUT,MCX,50.000000,100,False
576200,GOLD30APR27189500CE,GOLD,30APR2027,18950000.000000,1,OPTFUT,MCX,50.000000,100,False
576210,GOLD30APR27194500CE,GOLD,30APR2027,19450000.000000,1,OPTFUT,MCX,50.000000,100,False
576215,GOLD30APR27197000CE,GOLD,30APR2027,19700000.000000,1,OPTFUT,MCX,50.000000,100,False
576026,GOLD28MAY27159500PE,GOLD,28MAY2027,15950000.000000,1,OPTFUT,MCX,50.000000,100,False
576031,GOLD28MAY27157000PE,GOLD,28MAY2027,15700000.000000,1,OPTFUT,MCX,50.000000,100,False
576040,GOLD28MAY27152500PE,GOLD,28MAY2027,15250000.000000,1,OPTFUT,MCX,50.000000,100,False
576076,GOLD28MAY27168500PE,GOLD,28MAY2027,16850000.000000,1,OPTFUT,MCX,50.000000,100,False
576221,GOLD28MAY27192000CE,GOLD,28MAY2027,19200000.000000,1,OPTFUT,MCX,50.000000,100,False
576223,GOLD28MAY27193000CE,GOLD,28MAY2027,19300000.000000,1,OPTFUT,MCX,50.000000,100,False
576233,GOLD30APR27190000PE,GOLD,30APR2027,19000000.000000,1,OPTFUT,MCX,50.000000,100,False
576240,GOLD30APR27193500PE,GOLD,30APR2027,19350000.000000,1,OPTFUT,MCX,50.000000,100,False
576086,GOLD28MAY27173500PE,GOLD,28MAY2027,17350000.000000,1,OPTFUT,MCX,50.000000,100,False
576090,GOLD28MAY27175500PE,GOLD,28MAY2027,17550000.000000,1,OPTFUT,MCX,50.000000,100,False
576100,GOLD28MAY27180500PE,GOLD,28MAY2027,18050000.000000,1,OPTFUT,MCX,50.000000,100,False
576113,GOLD28MAY27187000PE,GOLD,28MAY2027,18700000.000000,1,OPTFUT,MCX,50.000000,100,False
576279,CRUDEOIL17SEP266600CE,CRUDEOIL,17SEP2026,660000.000000,100,OPTFUT,MCX,10.000000,10000,False
576283,CRUDEOIL17SEP266400CE,CRUDEOIL,17SEP2026,640000.000000,100,OPTFUT,MCX,10.000000,10000,False
576284,CRUDEOIL17SEP266350CE,CRUDEOIL,17SEP2026,635000.000000,100,OPTFUT,MCX,10.000000,10000,False
576305,CRUDEOIL17SEP265300CE,CRUDEOIL,17SEP2026,530000.000000,100,OPTFUT,MCX,10.000000,10000,False
576203,GOLD30APR27191000CE,GOLD,30APR2027,19100000.000000,1,OPTFUT,MCX,50.000000,100,False
576204,GOLD30APR27191500CE,GOLD,30APR2027,19150000.000000,1,OPTFUT,MCX,50.000000,100,False
576205,GOLD30APR27192000CE,GOLD,30APR2027,19200000.000000,1,OPTFUT,MCX,50.000000,100,False
576212,GOLD30APR27195500CE,GOLD,30APR2027,19550000.000000,1,OPTFUT,MCX,50.000000,100,False
576307,CRUDEOIL17SEP265200CE,CRUDEOIL,17SEP2026,520000.000000,100,OPTFUT,MCX,10.000000,10000,False
576313,CRUDEOIL17SEP264900CE,CRUDEOIL,17SEP2026,490000.000000,100,OPTFUT,MCX,10.000000,10000,False
576315,CRUDEOIL17SEP264800CE,CRUDEOIL,17SEP2026,480000.000000,100,OPTFUT,MCX,10.000000,10000,False
576318,CRUDEOIL17SEP264650CE,CRUDEOIL,17SEP2026,465000.000000,100,OPTFUT,MCX,10.000000,10000,False
576224,GOLD28MAY27193500CE,GOLD,28MAY2027,19350000.000000,1,OPTFUT,MCX,50.000000,100,False
576251,GOLD28MAY27191000PE,GOLD,28MAY2027,19100000.000000,1,OPTFUT,MCX,50.000000,100,False
576252,GOLD28MAY27191500PE,GOLD,28MAY2027,19150000.000000,1,OPTFUT,MCX,50.000000,100,False
576254,GOLD28MAY27192500PE,GOLD,28MAY2027,19250000.000000,1,OPTFUT,MCX,50.000000,100,False
576323,CRUDEOIL17SEP264400CE,CRUDEOIL,17SEP2026,440000.000000,100,OPTFUT,MCX,10.000000,10000,False
576325,CRUDEOIL17SEP264300CE,CRUDEOIL,17SEP2026,430000.000000,100,OPTFUT,MCX,10.000000,10000,False
576332,CRUDEOIL17SEP263950CE,CRUDEOIL,17SEP2026,395000.000000,100,OPTFUT,MCX,10.000000,10000,False
576338,CRUDEOIL17SEP263650CE,CRUDEOIL,17SEP2026,365000.000000,100,OPTFUT,MCX,10.000000,10000,False
576255,GOLD28MAY27193000PE,GOLD,28MAY2027,19300000.000000,1,OPTFUT,MCX,50.000000,100,False
576276,CRUDEOIL17SEP266750CE,CRUDEOIL,17SEP2026,675000.000000,100,OPTFUT,MCX,10.000000,10000,False
576281,CRUDEOIL17SEP266500CE,CRUDEOIL,17SEP2026,650000.000000,100,OPTFUT,MCX,10.000000,10000,False
576302,CRUDEOIL17SEP265450CE,CRUDEOIL,17SEP2026,545000.000000,100,OPTFUT,MCX,10.000000,10000,False
576344,CRUDEOIL17SEP263350CE,CRUDEOIL,17SEP2026,335000.000000,100,OPTFUT,MCX,10.000000,10000,False
576351,CRUDEOIL17SEP267150CE,CRUDEOIL,17SEP2026,715000.000000,100,OPTFUT,MCX,10.000000,10000,False
576358,CRUDEOIL17SEP267500CE,CRUDEOIL,17SEP2026,750000.000000,100,OPTFUT,MCX,10.000000,10000,False
576361,CRUDEOIL17SEP267650CE,CRUDEOIL,17SEP2026,765000.000000,100,OPTFUT,MCX,10.000000,10000,False
576309,CRUDEOIL17SEP265100CE,CRUDEOIL,17SEP2026,510000.000000,100,OPTFUT,MCX,10.000000,10000,False
576317,CRUDEOIL17SEP264700CE,CRUDEOIL,17SEP2026,470000.000000,100,OPTFUT,MCX,10.000000,10000,False
576333,CRUDEOIL17SEP263900CE,CRUDEOIL,17SEP2026,390000.000000,100,OPTFUT,MCX,10.000000,10000,False
576345,CRUDEOIL17SEP263300CE,CRUDEOIL,17SEP2026,330000.000000,100,OPTFUT,MCX,10.000000,10000,False
576379,CRUDEOIL17SEP268550CE,CRUDEOIL,17SEP2026,855000.000000,100,OPTFUT,MCX,10.000000,10000,False
576382,CRUDEOIL17SEP268700CE,CRUDEOIL,17SEP2026,870000.000000,100,OPTFUT,MCX,10.000000,10000,False
576389,CRUDEOIL17SEP269050CE,CRUDEOIL,17SEP2026,905000.000000,100,OPTFUT,MCX,10.000000,10000,False
576402,CRUDEOIL17SEP269700CE,CRUDEOIL,17SEP2026,970000.000000,100,OPTFUT,MCX,10.000000,10000,False
576352,CRUDEOIL17SEP267200CE,CRUDEOIL,17SEP2026,720000.000000,100,OPTFUT,MCX,10.000000,10000,False
576353,CRUDEOIL17SEP267250CE,CRUDEOIL,17SEP2026,725000.000000,100,OPTFUT,MCX,10.000000,10000,False
576359,CRUDEOIL17SEP267550CE,CRUDEOIL,17SEP2026,755000.000000,100,OPTFUT,MCX,10.000000,10000,False
576365,CRUDEOIL17SEP267850CE,CRUDEOIL,17SEP2026,785000.000000,100,OPTFUT,MCX,10.000000,10000,False
576407,CRUDEOIL17SEP269950CE,CRUDEOIL,17SEP2026,995000.000000,100,OPTFUT,MCX,10.000000,10000,False
576408,CRUDEOIL17SEP2610000CE,CRUDEOIL,17SEP2026,1000000.000000,100,OPTFUT,MCX,10.000000,10000,False
576475,CRUDEOIL17SEP264450PE,CRUDEOIL,17SEP2026,445000.000000,100,OPTFUT,MCX,10.000000,10000,False
576476,CRUDEOIL17SEP264400PE,CRUDEOIL,17SEP2026,440000.000000,100,OPTFUT,MCX,10.000000,10000,False
576368,CRUDEOIL17SEP268000CE,CRUDEOIL,17SEP2026,800000.000000,100,OPTFUT,MCX,10.000000,10000,False
576378,CRUDEOIL17SEP268500CE,CRUDEOIL,17SEP2026,850000.000000,100,OPTFUT,MCX,10.000000,10000,False
576383,CRUDEOIL17SEP268750CE,CRUDEOIL,17SEP2026,875000.000000,100,OPTFUT,MCX,10.000000,10000,False
576384,CRUDEOIL17SEP268800CE,CRUDEOIL,17SEP2026,880000.000000,100,OPTFUT,MCX,10.000000,10000,False
576490,CRUDEOIL17SEP263700PE,CRUDEOIL,17SEP2026,370000.000000,100,OPTFUT,MCX,10.000000,10000,False
576498,CRUDEOIL17SEP263300PE,CRUDEOIL,17SEP2026,330000.000000,100,OPTFUT,MCX,10.000000,10000,False
576506,CRUDEOIL17SEP267250PE,CRUDEOIL,17SEP2026,725000.000000,100,OPTFUT,MCX,10.000000,10000,False
576516,CRUDEOIL17SEP267750PE,CRUDEOIL,17SEP2026,775000.000000,100,OPTFUT,MCX,10.000000,10000,False
576385,CRUDEOIL17SEP268850CE,CRUDEOIL,17SEP2026,885000.000000,100,OPTFUT,MCX,10.000000,10000,False
576396,CRUDEOIL17SEP269400CE,CRUDEOIL,17SEP2026,940000.000000,100,OPTFUT,MCX,10.000000,10000,False
576421,CRUDEOIL17SEP2610650CE,CRUDEOIL,17SEP2026,1065000.000000,100,OPTFUT,MCX,10.000000,10000,False
576432,CRUDEOIL17SEP266600PE,CRUDEOIL,17SEP2026,660000.000000,100,OPTFUT,MCX,10.000000,10000,False
576522,CRUDEOIL17SEP268050PE,CRUDEOIL,17SEP2026,805000.000000,100,OPTFUT,MCX,10.000000,10000,False
576541,CRUDEOIL17SEP269000PE,CRUDEOIL,17SEP2026,900000.000000,100,OPTFUT,MCX,10.000000,10000,False
576542,CRUDEOIL17SEP269050PE,CRUDEOIL,17SEP2026,905000.000000,100,OPTFUT,MCX,10.000000,10000,False
576557,CRUDEOIL17SEP269800PE,CRUDEOIL,17SEP2026,980000.000000,100,OPTFUT,MCX,10.000000,10000,False
576567,CRUDEOIL17SEP2610300PE,CRUDEOIL,17SEP2026,1030000.000000,100,OPTFUT,MCX,10.000000,10000,False
576572,CRUDEOIL17SEP2610550PE,CRUDEOIL,17SEP2026,1055000.000000,100,OPTFUT,MCX,10.000000,10000,False
576574,CRUDEOIL17SEP2610650PE,CRUDEOIL,17SEP2026,1065000.000000,100,OPTFUT,MCX,10.000000,10000,False
576581,CRUDEOILM17SEP266850CE,CRUDEOILM,17SEP2026,685000.000000,10,OPTFUT,MCX,5.000000,10000,False
576438,CRUDEOIL17SEP266300PE,CRUDEOIL,17SEP2026,630000.000000,100,OPTFUT,MCX,10.000000,10000,False
576445,CRUDEOIL17SEP265950PE,CRUDEOIL,17SEP2026,595000.000000,100,OPTFUT,MCX,10.000000,10000,False
576447,CRUDEOIL17SEP265850PE,CRUDEOIL,17SEP2026,585000.000000,100,OPTFUT,MCX,10.000000,10000,False
576454,CRUDEOIL17SEP265500PE,CRUDEOIL,17SEP2026,550000.000000,100,OPTFUT,MCX,10.000000,10000,False
576583,CRUDEOILM17SEP266750CE,CRUDEOILM,17SEP2026,675000.000000,10,OPTFUT,MCX,5.000000,10000,False
576584,CRUDEOILM17SEP266700CE,CRUDEOILM,17SEP2026,670000.000000,10,OPTFUT,MCX,5.000000,10000,False
576586,CRUDEOILM17SEP266600CE,CRUDEOILM,17SEP2026,660000.000000,10,OPTFUT,MCX,5.000000,10000,False
576596,CRUDEOILM17SEP266100CE,CRUDEOILM,17SEP2026,610000.000000,10,OPTFUT,MCX,5.000000,10000,False
576455,CRUDEOIL17SEP265450PE,CRUDEOIL,17SEP2026,545000.000000,100,OPTFUT,MCX,10.000000,10000,False
576457,CRUDEOIL17SEP265350PE,CRUDEOIL,17SEP2026,535000.000000,100,OPTFUT,MCX,10.000000,10000,False
576460,CRUDEOIL17SEP265200PE,CRUDEOIL,17SEP2026,520000.000000,100,OPTFUT,MCX,10.000000,10000,False
576466,CRUDEOIL17SEP264900PE,CRUDEOIL,17SEP2026,490000.000000,100,OPTFUT,MCX,10.000000,10000,False
576469,CRUDEOIL17SEP264750PE,CRUDEOIL,17SEP2026,475000.000000,100,OPTFUT,MCX,10.000000,10000,False
576473,CRUDEOIL17SEP264550PE,CRUDEOIL,17SEP2026,455000.000000,100,OPTFUT,MCX,10.000000,10000,False
576477,CRUDEOIL17SEP264350PE,CRUDEOIL,17SEP2026,435000.000000,100,OPTFUT,MCX,10.000000,10000,False
576480,CRUDEOIL17SEP264200PE,CRUDEOIL,17SEP2026,420000.000000,100,OPTFUT,MCX,10.000000,10000,False
576598,CRUDEOILM17SEP266000CE,CRUDEOILM,17SEP2026,600000.000000,10,OPTFUT,MCX,5.000000,10000,False
576622,CRUDEOILM17SEP264800CE,CRUDEOILM,17SEP2026,480000.000000,10,OPTFUT,MCX,5.000000,10000,False
576636,CRUDEOILM17SEP264100CE,CRUDEOILM,17SEP2026,410000.000000,10,OPTFUT,MCX,5.000000,10000,False
576644,CRUDEOILM17SEP263700CE,CRUDEOILM,17SEP2026,370000.000000,10,OPTFUT,MCX,5.000000,10000,False
576486,CRUDEOIL17SEP263900PE,CRUDEOIL,17SEP2026,390000.000000,100,OPTFUT,MCX,10.000000,10000,False
576501,CRUDEOIL17SEP266950PE,CRUDEOIL,17SEP2026,695000.000000,100,OPTFUT,MCX,10.000000,10000,False
576507,CRUDEOIL17SEP267300PE,CRUDEOIL,17SEP2026,730000.000000,100,OPTFUT,MCX,10.000000,10000,False
576512,CRUDEOIL17SEP267550PE,CRUDEOIL,17SEP2026,755000.000000,100,OPTFUT,MCX,10.000000,10000,False
576645,CRUDEOILM17SEP263650CE,CRUDEOILM,17SEP2026,365000.000000,10,OPTFUT,MCX,5.000000,10000,False
576660,CRUDEOILM17SEP267250CE,CRUDEOILM,17SEP2026,725000.000000,10,OPTFUT,MCX,5.000000,10000,False
576673,CRUDEOILM17SEP267900CE,CRUDEOILM,17SEP2026,790000.000000,10,OPTFUT,MCX,5.000000,10000,False
576683,CRUDEOILM17SEP268400CE,CRUDEOILM,17SEP2026,840000.000000,10,OPTFUT,MCX,5.000000,10000,False
576518,CRUDEOIL17SEP267850PE,CRUDEOIL,17SEP2026,785000.000000,100,OPTFUT,MCX,10.000000,10000,False
576533,CRUDEOIL17SEP268600PE,CRUDEOIL,17SEP2026,860000.000000,100,OPTFUT,MCX,10.000000,10000,False
576536,CRUDEOIL17SEP268750PE,CRUDEOIL,17SEP2026,875000.000000,100,OPTFUT,MCX,10.000000,10000,False
576537,CRUDEOIL17SEP268800PE,CRUDEOIL,17SEP2026,880000.000000,100,OPTFUT,MCX,10.000000,10000,False
576686,CRUDEOILM17SEP268550CE,CRUDEOILM,17SEP2026,855000.000000,10,OPTFUT,MCX,5.000000,10000,False
576694,CRUDEOILM17SEP268950CE,CRUDEOILM,17SEP2026,895000.000000,10,OPTFUT,MCX,5.000000,10000,False
576720,CRUDEOILM17SEP2610250CE,CRUDEOILM,17SEP2026,1025000.000000,10,OPTFUT,MCX,5.000000,10000,False
576724,CRUDEOILM17SEP2610450CE,CRUDEOILM,17SEP2026,1045000.000000,10,OPTFUT,MCX,5.000000,10000,False
576726,CRUDEOILM17SEP2610550CE,CRUDEOILM,17SEP2026,1055000.000000,10,OPTFUT,MCX,5.000000,10000,False
576729,CRUDEOILM17SEP2610700CE,CRUDEOILM,17SEP2026,1070000.000000,10,OPTFUT,MCX,5.000000,10000,False
576735,CRUDEOILM17SEP266850PE,CRUDEOILM,17SEP2026,685000.000000,10,OPTFUT,MCX,5.000000,10000,False
576736,CRUDEOILM17SEP266800PE,CRUDEOILM,17SEP2026,680000.000000,10,OPTFUT,MCX,5.000000,10000,False
576544,CRUDEOIL17SEP269150PE,CRUDEOIL,17SEP2026,915000.000000,100,OPTFUT,MCX,10.000000,10000,False
576555,CRUDEOIL17SEP269700PE,CRUDEOIL,17SEP2026,970000.000000,100,OPTFUT,MCX,10.000000,10000,False
576611,CRUDEOILM17SEP265350CE,CRUDEOILM,17SEP2026,535000.000000,10,OPTFUT,MCX,5.000000,10000,False
576632,CRUDEOILM17SEP264300CE,CRUDEOILM,17SEP2026,430000.000000,10,OPTFUT,MCX,5.000000,10000,False
576639,CRUDEOILM17SEP263950CE,CRUDEOILM,17SEP2026,395000.000000,10,OPTFUT,MCX,5.000000,10000,False
576647,CRUDEOILM17SEP263550CE,CRUDEOILM,17SEP2026,355000.000000,10,OPTFUT,MCX,5.000000,10000,False
576649,CRUDEOILM17SEP263450CE,CRUDEOILM,17SEP2026,345000.000000,10,OPTFUT,MCX,5.000000,10000,False
576654,CRUDEOILM17SEP263200CE,CRUDEOILM,17SEP2026,320000.000000,10,OPTFUT,MCX,5.000000,10000,False
576742,CRUDEOILM17SEP266500PE,CRUDEOILM,17SEP2026,650000.000000,10,OPTFUT,MCX,5.000000,10000,False
576743,CRUDEOILM17SEP266450PE,CRUDEOILM,17SEP2026,645000.000000,10,OPTFUT,MCX,5.000000,10000,False
576758,CRUDEOILM17SEP265700PE,CRUDEOILM,17SEP2026,570000.000000,10,OPTFUT,MCX,5.000000,10000,False
576771,CRUDEOILM17SEP265050PE,CRUDEOILM,17SEP2026,505000.000000,10,OPTFUT,MCX,5.000000,10000,False
576773,CRUDEOILM17SEP264950PE,CRUDEOILM,17SEP2026,495000.000000,10,OPTFUT,MCX,5.000000,10000,False
576779,CRUDEOILM17SEP264650PE,CRUDEOILM,17SEP2026,465000.000000,10,OPTFUT,MCX,5.000000,10000,False
576780,CRUDEOILM17SEP264600PE,CRUDEOILM,17SEP2026,460000.000000,10,OPTFUT,MCX,5.000000,10000,False
576784,CRUDEOILM17SEP264400PE,CRUDEOILM,17SEP2026,440000.000000,10,OPTFUT,MCX,5.000000,10000,False
576659,CRUDEOILM17SEP267200CE,CRUDEOILM,17SEP2026,720000.000000,10,OPTFUT,MCX,5.000000,10000,False
576666,CRUDEOILM17SEP267550CE,CRUDEOILM,17SEP2026,755000.000000,10,OPTFUT,MCX,5.000000,10000,False
576671,CRUDEOILM17SEP267800CE,CRUDEOILM,17SEP2026,780000.000000,10,OPTFUT,MCX,5.000000,10000,False
576691,CRUDEOILM17SEP268800CE,CRUDEOILM,17SEP2026,880000.000000,10,OPTFUT,MCX,5.000000,10000,False
576798,CRUDEOILM17SEP263700PE,CRUDEOILM,17SEP2026,370000.000000,10,OPTFUT,MCX,5.000000,10000,False
576811,CRUDEOILM17SEP267100PE,CRUDEOILM,17SEP2026,710000.000000,10,OPTFUT,MCX,5.000000,10000,False
576814,CRUDEOILM17SEP267250PE,CRUDEOILM,17SEP2026,725000.000000,10,OPTFUT,MCX,5.000000,10000,False
576830,CRUDEOILM17SEP268050PE,CRUDEOILM,17SEP2026,805000.000000,10,OPTFUT,MCX,5.000000,10000,False
576744,CRUDEOILM17SEP266400PE,CRUDEOILM,17SEP2026,640000.000000,10,OPTFUT,MCX,5.000000,10000,False
576760,CRUDEOILM17SEP265600PE,CRUDEOILM,17SEP2026,560000.000000,10,OPTFUT,MCX,5.000000,10000,False
576762,CRUDEOILM17SEP265500PE,CRUDEOILM,17SEP2026,550000.000000,10,OPTFUT,MCX,5.000000,10000,False
576768,CRUDEOILM17SEP265200PE,CRUDEOILM,17SEP2026,520000.000000,10,OPTFUT,MCX,5.000000,10000,False
576808,CRUDEOILM17SEP263200PE,CRUDEOILM,17SEP2026,320000.000000,10,OPTFUT,MCX,5.000000,10000,False
576818,CRUDEOILM17SEP267450PE,CRUDEOILM,17SEP2026,745000.000000,10,OPTFUT,MCX,5.000000,10000,False
576833,CRUDEOILM17SEP268200PE,CRUDEOILM,17SEP2026,820000.000000,10,OPTFUT,MCX,5.000000,10000,False
576837,CRUDEOILM17SEP268400PE,CRUDEOILM,17SEP2026,840000.000000,10,OPTFUT,MCX,5.000000,10000,False
576838,CRUDEOILM17SEP268450PE,CRUDEOILM,17SEP2026,845000.000000,10,OPTFUT,MCX,5.000000,10000,False
576841,CRUDEOILM17SEP268600PE,CRUDEOILM,17SEP2026,860000.000000,10,OPTFUT,MCX,5.000000,10000,False
576849,CRUDEOILM17SEP269000PE,CRUDEOILM,17SEP2026,900000.000000,10,OPTFUT,MCX,5.000000,10000,False
576853,CRUDEOILM17SEP269200PE,CRUDEOILM,17SEP2026,920000.000000,10,OPTFUT,MCX,5.000000,10000,False
576855,CRUDEOILM17SEP269300PE,CRUDEOILM,17SEP2026,930000.000000,10,OPTFUT,MCX,5.000000,10000,False
576867,CRUDEOILM17SEP269900PE,CRUDEOILM,17SEP2026,990000.000000,10,OPTFUT,MCX,5.000000,10000,False
576877,CRUDEOILM17SEP2610400PE,CRUDEOILM,17SEP2026,1040000.000000,10,OPTFUT,MCX,5.000000,10000,False
576881,CRUDEOILM17SEP2610600PE,CRUDEOILM,17SEP2026,1060000.000000,10,OPTFUT,MCX,5.000000,10000,False
576852,CRUDEOILM17SEP269150PE,CRUDEOILM,17SEP2026,915000.000000,10,OPTFUT,MCX,5.000000,10000,False
576862,CRUDEOILM17SEP269650PE,CRUDEOILM,17SEP2026,965000.000000,10,OPTFUT,MCX,5.000000,10000,False
576961,SILVER28DEC26205000CE,SILVER,28DEC2026,20500000.000000,30,OPTFUT,MCX,50.000000,600,False
576962,SILVER25JAN27205000CE,SILVER,25JAN2027,20500000.000000,30,OPTFUT,MCX,50.000000,600,False
576890,CRUDEOIL17SEP2610900CE,CRUDEOIL,17SEP2026,1090000.000000,100,OPTFUT,MCX,10.000000,10000,False
576894,CRUDEOIL17SEP2610900PE,CRUDEOIL,17SEP2026,1090000.000000,100,OPTFUT,MCX,10.000000,10000,False
576912,SILVERM23APR27226000PE,SILVERM,23APR2027,22600000.000000,5,OPTFUT,MCX,50.000000,600,False
576919,CRUDEOILM17SEP2610850PE,CRUDEOILM,17SEP2026,1085000.000000,10,OPTFUT,MCX,5.000000,10000,False
576963,SILVER26FEB27205000CE,SILVER,26FEB2027,20500000.000000,30,OPTFUT,MCX,50.000000,600,False
576982,SILVER28APR27211000CE,SILVER,28APR2027,21100000.000000,30,OPTFUT,MCX,50.000000,600,False
576983,SILVER28APR27210000CE,SILVER,28APR2027,21000000.000000,30,OPTFUT,MCX,50.000000,600,False
577000,SILVER28APR27216000PE,SILVER,28APR2027,21600000.000000,30,OPTFUT,MCX,50.000000,600,False
576942,COPPER23SEP261190CE,COPPER,23SEP2026,119000.000000,2500,OPTFUT,MCX,1.000000,70000,False
576964,SILVER25MAR27219000CE,SILVER,25MAR2027,21900000.000000,30,OPTFUT,MCX,50.000000,600,False
576965,SILVER25MAR27218000CE,SILVER,25MAR2027,21800000.000000,30,OPTFUT,MCX,50.000000,600,False
576970,SILVER25MAR27213000CE,SILVER,25MAR2027,21300000.000000,30,OPTFUT,MCX,50.000000,600,False
577005,SILVER28APR27211000PE,SILVER,28APR2027,21100000.000000,30,OPTFUT,MCX,50.000000,600,False
577025,SILVERM25MAR27215000CE,SILVERM,25MAR2027,21500000.000000,5,OPTFUT,MCX,50.000000,600,False
577033,SILVERM23APR27221000CE,SILVERM,23APR2027,22100000.000000,5,OPTFUT,MCX,50.000000,600,False
577037,SILVERM23APR27217000CE,SILVERM,23APR2027,21700000.000000,5,OPTFUT,MCX,50.000000,600,False
576971,SILVER25MAR27212000CE,SILVER,25MAR2027,21200000.000000,30,OPTFUT,MCX,50.000000,600,False
576977,SILVER28APR27216000CE,SILVER,28APR2027,21600000.000000,30,OPTFUT,MCX,50.000000,600,False
576984,SILVER28DEC26205000PE,SILVER,28DEC2026,20500000.000000,30,OPTFUT,MCX,50.000000,600,False
576985,SILVER25JAN27205000PE,SILVER,25JAN2027,20500000.000000,30,OPTFUT,MCX,50.000000,600,False
577057,SILVERM25MAR27219000PE,SILVERM,25MAR2027,21900000.000000,5,OPTFUT,MCX,50.000000,600,False
577063,SILVERM25MAR27213000PE,SILVERM,25MAR2027,21300000.000000,5,OPTFUT,MCX,50.000000,600,False
577068,SILVERM23APR27222000PE,SILVERM,23APR2027,22200000.000000,5,OPTFUT,MCX,50.000000,600,False
577073,SILVERM23APR27217000PE,SILVERM,23APR2027,21700000.000000,5,OPTFUT,MCX,50.000000,600,False
576999,SILVER28APR27217000PE,SILVER,28APR2027,21700000.000000,30,OPTFUT,MCX,50.000000,600,False
577002,SILVER28APR27214000PE,SILVER,28APR2027,21400000.000000,30,OPTFUT,MCX,50.000000,600,False
577004,SILVER28APR27212000PE,SILVER,28APR2027,21200000.000000,30,OPTFUT,MCX,50.000000,600,False
577012,SILVERM27OCT26204000CE,SILVERM,27OCT2026,20400000.000000,5,OPTFUT,MCX,50.000000,600,False
577114,COPPER23SEP261140CE,COPPER,23SEP2026,114000.000000,2500,OPTFUT,MCX,1.000000,70000,False
577127,COPPER23SEP261170PE,COPPER,23SEP2026,117000.000000,2500,OPTFUT,MCX,1.000000,70000,False
577199,GOLD31DEC26127000CE,GOLD,31DEC2026,12700000.000000,1,OPTFUT,MCX,50.000000,100,False
577226,GOLD29MAR27131500CE,GOLD,29MAR2027,13150000.000000,1,OPTFUT,MCX,50.000000,100,False
577019,SILVERM25MAR27221000CE,SILVERM,25MAR2027,22100000.000000,5,OPTFUT,MCX,50.000000,600,False
577023,SILVERM25MAR27217000CE,SILVERM,25MAR2027,21700000.000000,5,OPTFUT,MCX,50.000000,600,False
577035,SILVERM23APR27219000CE,SILVERM,23APR2027,21900000.000000,5,OPTFUT,MCX,50.000000,600,False
577051,SILVERM25MAR27225000PE,SILVERM,25MAR2027,22500000.000000,5,OPTFUT,MCX,50.000000,600,False
577231,GOLD30APR27138500CE,GOLD,30APR2027,13850000.000000,1,OPTFUT,MCX,50.000000,100,False
577238,GOLD30APR27135000CE,GOLD,30APR2027,13500000.000000,1,OPTFUT,MCX,50.000000,100,False
577242,GOLD30APR27133000CE,GOLD,30APR2027,13300000.000000,1,OPTFUT,MCX,50.000000,100,False
577255,GOLD28MAY27133000CE,GOLD,28MAY2027,13300000.000000,1,OPTFUT,MCX,50.000000,100,False
577065,SILVERM23APR27225000PE,SILVERM,23APR2027,22500000.000000,5,OPTFUT,MCX,50.000000,600,False
577111,COPPER23SEP261170CE,COPPER,23SEP2026,117000.000000,2500,OPTFUT,MCX,1.000000,70000,False
577116,COPPER23SEP261120CE,COPPER,23SEP2026,112000.000000,2500,OPTFUT,MCX,1.000000,70000,False
577130,COPPER23SEP261140PE,COPPER,23SEP2026,114000.000000,2500,OPTFUT,MCX,1.000000,70000,False
577281,GOLD25SEP26121000PE,GOLD,25SEP2026,12100000.000000,1,OPTFUT,MCX,50.000000,100,False
577283,GOLD25SEP26120000PE,GOLD,25SEP2026,12000000.000000,1,OPTFUT,MCX,50.000000,100,False
577298,GOLD26FEB27134000PE,GOLD,26FEB2027,13400000.000000,1,OPTFUT,MCX,50.000000,100,False
577313,GOLD29MAR27133000PE,GOLD,29MAR2027,13300000.000000,1,OPTFUT,MCX,50.000000,100,False
577162,CRUDEOIL17SEP263100PE,CRUDEOIL,17SEP2026,310000.000000,100,OPTFUT,MCX,10.000000,10000,False
577164,CRUDEOIL17SEP263000PE,CRUDEOIL,17SEP2026,300000.000000,100,OPTFUT,MCX,10.000000,10000,False
577165,CRUDEOIL17SEP262950PE,CRUDEOIL,17SEP2026,295000.000000,100,OPTFUT,MCX,10.000000,10000,False
577194,GOLD25SEP26119500CE,GOLD,25SEP2026,11950000.000000,1,OPTFUT,MCX,50.000000,100,False
577327,GOLD30APR27135500PE,GOLD,30APR2027,13550000.000000,1,OPTFUT,MCX,50.000000,100,False
577329,GOLD30APR27134500PE,GOLD,30APR2027,13450000.000000,1,OPTFUT,MCX,50.000000,100,False
577448,SILVER24SEP26184000CE,SILVER,24SEP2026,18400000.000000,30,OPTFUT,MCX,50.000000,600,False
577450,SILVER27OCT26197000CE,SILVER,27OCT2026,19700000.000000,30,OPTFUT,MCX,50.000000,600,False
577220,GOLD29MAR27134500CE,GOLD,29MAR2027,13450000.000000,1,OPTFUT,MCX,50.000000,100,False
577232,GOLD30APR27138000CE,GOLD,30APR2027,13800000.000000,1,OPTFUT,MCX,50.000000,100,False
577237,GOLD30APR27135500CE,GOLD,30APR2027,13550000.000000,1,OPTFUT,MCX,50.000000,100,False
577254,GOLD28MAY27133500CE,GOLD,28MAY2027,13350000.000000,1,OPTFUT,MCX,50.000000,100,False
577489,SILVER28DEC26195000CE,SILVER,28DEC2026,19500000.000000,30,OPTFUT,MCX,50.000000,600,False
577463,SILVER27OCT26184000CE,SILVER,27OCT2026,18400000.000000,30,OPTFUT,MCX,50.000000,600,False
577467,SILVER27NOV26195000CE,SILVER,27NOV2026,19500000.000000,30,OPTFUT,MCX,50.000000,600,False
577472,SILVER27NOV26190000CE,SILVER,27NOV2026,19000000.000000,30,OPTFUT,MCX,50.000000,600,False
577288,GOLD31DEC26127500PE,GOLD,31DEC2026,12750000.000000,1,OPTFUT,MCX,50.000000,100,False
577292,GOLD29JAN27127500PE,GOLD,29JAN2027,12750000.000000,1,OPTFUT,MCX,50.000000,100,False
577293,GOLD29JAN27127000PE,GOLD,29JAN2027,12700000.000000,1,OPTFUT,MCX,50.000000,100,False
577295,GOLD26FEB27135500PE,GOLD,26FEB2027,13550000.000000,1,OPTFUT,MCX,50.000000,100,False
577493,SILVER28DEC26191000CE,SILVER,28DEC2026,19100000.000000,30,OPTFUT,MCX,50.000000,600,False
577515,SILVER25JAN27187000CE,SILVER,25JAN2027,18700000.000000,30,OPTFUT,MCX,50.000000,600,False
577528,SILVER26FEB27192000CE,SILVER,26FEB2027,19200000.000000,30,OPTFUT,MCX,50.000000,600,False
577538,SILVER25MAR27205000CE,SILVER,25MAR2027,20500000.000000,30,OPTFUT,MCX,50.000000,600,False
577335,GOLD28MAY27138000PE,GOLD,28MAY2027,13800000.000000,1,OPTFUT,MCX,50.000000,100,False
577340,GOLD28MAY27135500PE,GOLD,28MAY2027,13550000.000000,1,OPTFUT,MCX,50.000000,100,False
577341,GOLD28MAY27135000PE,GOLD,28MAY2027,13500000.000000,1,OPTFUT,MCX,50.000000,100,False
577442,SILVER24SEP26190000CE,SILVER,24SEP2026,19000000.000000,30,OPTFUT,MCX,50.000000,600,False
577552,SILVER25MAR27191000CE,SILVER,25MAR2027,19100000.000000,30,OPTFUT,MCX,50.000000,600,False
577562,SILVER28APR27201000CE,SILVER,28APR2027,20100000.000000,30,OPTFUT,MCX,50.000000,600,False
577568,SILVER28APR27195000CE,SILVER,28APR2027,19500000.000000,30,OPTFUT,MCX,50.000000,600,False
577601,SILVER24SEP26196000PE,SILVER,24SEP2026,19600000.000000,30,OPTFUT,MCX,50.000000,600,False
577459,SILVER27OCT26188000CE,SILVER,27OCT2026,18800000.000000,30,OPTFUT,MCX,50.000000,600,False
577460,SILVER27OCT26187000CE,SILVER,27OCT2026,18700000.000000,30,OPTFUT,MCX,50.000000,600,False
577465,SILVER27NOV26197000CE,SILVER,27NOV2026,19700000.000000,30,OPTFUT,MCX,50.000000,600,False
577469,SILVER27NOV26193000CE,SILVER,27NOV2026,19300000.000000,30,OPTFUT,MCX,50.000000,600,False
577470,SILVER27NOV26192000CE,SILVER,27NOV2026,19200000.000000,30,OPTFUT,MCX,50.000000,600,False
577471,SILVER27NOV26191000CE,SILVER,27NOV2026,19100000.000000,30,OPTFUT,MCX,50.000000,600,False
577479,SILVER27NOV26183000CE,SILVER,27NOV2026,18300000.000000,30,OPTFUT,MCX,50.000000,600,False
577480,SILVER28DEC26204000CE,SILVER,28DEC2026,20400000.000000,30,OPTFUT,MCX,50.000000,600,False
577611,SILVER24SEP26186000PE,SILVER,24SEP2026,18600000.000000,30,OPTFUT,MCX,50.000000,600,False
577618,SILVER27OCT26194000PE,SILVER,27OCT2026,19400000.000000,30,OPTFUT,MCX,50.000000,600,False
577619,SILVER27OCT26193000PE,SILVER,27OCT2026,19300000.000000,30,OPTFUT,MCX,50.000000,600,False
577640,SILVER27NOV26187000PE,SILVER,27NOV2026,18700000.000000,30,OPTFUT,MCX,50.000000,600,False
577483,SILVER28DEC26201000CE,SILVER,28DEC2026,20100000.000000,30,OPTFUT,MCX,50.000000,600,False
577499,SILVER25JAN27203000CE,SILVER,25JAN2027,20300000.000000,30,OPTFUT,MCX,50.000000,600,False
577500,SILVER25JAN27202000CE,SILVER,25JAN2027,20200000.000000,30,OPTFUT,MCX,50.000000,600,False
577501,SILVER25JAN27201000CE,SILVER,25JAN2027,20100000.000000,30,OPTFUT,MCX,50.000000,600,False
577641,SILVER27NOV26186000PE,SILVER,27NOV2026,18600000.000000,30,OPTFUT,MCX,50.000000,600,False
577645,SILVER28DEC26204000PE,SILVER,28DEC2026,20400000.000000,30,OPTFUT,MCX,50.000000,600,False
577664,SILVER25JAN27203000PE,SILVER,25JAN2027,20300000.000000,30,OPTFUT,MCX,50.000000,600,False
577666,SILVER25JAN27201000PE,SILVER,25JAN2027,20100000.000000,30,OPTFUT,MCX,50.000000,600,False
577514,SILVER25JAN27188000CE,SILVER,25JAN2027,18800000.000000,30,OPTFUT,MCX,50.000000,600,False
577517,SILVER26FEB27203000CE,SILVER,26FEB2027,20300000.000000,30,OPTFUT,MCX,50.000000,600,False
577527,SILVER26FEB27193000CE,SILVER,26FEB2027,19300000.000000,30,OPTFUT,MCX,50.000000,600,False
577569,SILVER28APR27194000CE,SILVER,28APR2027,19400000.000000,30,OPTFUT,MCX,50.000000,600,False
577570,SILVER28APR27193000CE,SILVER,28APR2027,19300000.000000,30,OPTFUT,MCX,50.000000,600,False
577607,SILVER24SEP26190000PE,SILVER,24SEP2026,19000000.000000,30,OPTFUT,MCX,50.000000,600,False
577612,SILVER24SEP26185000PE,SILVER,24SEP2026,18500000.000000,30,OPTFUT,MCX,50.000000,600,False
577624,SILVER27OCT26188000PE,SILVER,27OCT2026,18800000.000000,30,OPTFUT,MCX,50.000000,600,False
577672,SILVER25JAN27195000PE,SILVER,25JAN2027,19500000.000000,30,OPTFUT,MCX,50.000000,600,False
577675,SILVER25JAN27192000PE,SILVER,25JAN2027,19200000.000000,30,OPTFUT,MCX,50.000000,600,False
577683,SILVER26FEB27202000PE,SILVER,26FEB2027,20200000.000000,30,OPTFUT,MCX,50.000000,600,False
577697,SILVER26FEB27188000PE,SILVER,26FEB2027,18800000.000000,30,OPTFUT,MCX,50.000000,600,False
577625,SILVER27OCT26187000PE,SILVER,27OCT2026,18700000.000000,30,OPTFUT,MCX,50.000000,600,False
577637,SILVER27NOV26190000PE,SILVER,27NOV2026,19000000.000000,30,OPTFUT,MCX,50.000000,600,False
577654,SILVER28DEC26195000PE,SILVER,28DEC2026,19500000.000000,30,OPTFUT,MCX,50.000000,600,False
577656,SILVER28DEC26193000PE,SILVER,28DEC2026,19300000.000000,30,OPTFUT,MCX,50.000000,600,False
577704,SILVER25MAR27204000PE,SILVER,25MAR2027,20400000.000000,30,OPTFUT,MCX,50.000000,600,False
577735,SILVER28APR27193000PE,SILVER,28APR2027,19300000.000000,30,OPTFUT,MCX,50.000000,600,False
577772,SILVERM24SEP26198000CE,SILVERM,24SEP2026,19800000.000000,5,OPTFUT,MCX,50.000000,600,False
577773,SILVERM24SEP26197000CE,SILVERM,24SEP2026,19700000.000000,5,OPTFUT,MCX,50.000000,600,False
577660,SILVER28DEC26189000PE,SILVER,28DEC2026,18900000.000000,30,OPTFUT,MCX,50.000000,600,False
577676,SILVER25JAN27191000PE,SILVER,25JAN2027,19100000.000000,30,OPTFUT,MCX,50.000000,600,False
577686,SILVER26FEB27199000PE,SILVER,26FEB2027,19900000.000000,30,OPTFUT,MCX,50.000000,600,False
577691,SILVER26FEB27194000PE,SILVER,26FEB2027,19400000.000000,30,OPTFUT,MCX,50.000000,600,False
577796,SILVERM27OCT26190000CE,SILVERM,27OCT2026,19000000.000000,5,OPTFUT,MCX,50.000000,600,False
577801,SILVERM23NOV26201000CE,SILVERM,23NOV2026,20100000.000000,5,OPTFUT,MCX,50.000000,600,False
577803,SILVERM23NOV26199000CE,SILVERM,23NOV2026,19900000.000000,5,OPTFUT,MCX,50.000000,600,False
577818,SILVERM28DEC26207000CE,SILVERM,28DEC2026,20700000.000000,5,OPTFUT,MCX,50.000000,600,False
577692,SILVER26FEB27193000PE,SILVER,26FEB2027,19300000.000000,30,OPTFUT,MCX,50.000000,600,False
577698,SILVER26FEB27187000PE,SILVER,26FEB2027,18700000.000000,30,OPTFUT,MCX,50.000000,600,False
577708,SILVER25MAR27200000PE,SILVER,25MAR2027,20000000.000000,30,OPTFUT,MCX,50.000000,600,False
577709,SILVER25MAR27199000PE,SILVER,25MAR2027,19900000.000000,30,OPTFUT,MCX,50.000000,600,False
577824,SILVERM28DEC26201000CE,SILVERM,28DEC2026,20100000.000000,5,OPTFUT,MCX,50.000000,600,False
577838,SILVERM25JAN27202000CE,SILVERM,25JAN2027,20200000.000000,5,OPTFUT,MCX,50.000000,600,False
577846,SILVERM19FEB27209000CE,SILVERM,19FEB2027,20900000.000000,5,OPTFUT,MCX,50.000000,600,False
577867,SILVERM25MAR27204000CE,SILVERM,25MAR2027,20400000.000000,5,OPTFUT,MCX,50.000000,600,False
577712,SILVER25MAR27196000PE,SILVER,25MAR2027,19600000.000000,30,OPTFUT,MCX,50.000000,600,False
577725,SILVER28APR27203000PE,SILVER,28APR2027,20300000.000000,30,OPTFUT,MCX,50.000000,600,False
577727,SILVER28APR27201000PE,SILVER,28APR2027,20100000.000000,30,OPTFUT,MCX,50.000000,600,False
577781,SILVERM24SEP26189000CE,SILVERM,24SEP2026,18900000.000000,5,OPTFUT,MCX,50.000000,600,False
577868,SILVERM25MAR27203000CE,SILVERM,25MAR2027,20300000.000000,5,OPTFUT,MCX,50.000000,600,False
577910,SILVERM24SEP26199000PE,SILVERM,24SEP2026,19900000.000000,5,OPTFUT,MCX,50.000000,600,False
577921,SILVERM24SEP26188000PE,SILVERM,24SEP2026,18800000.000000,5,OPTFUT,MCX,50.000000,600,False
577952,SILVERM23NOV26189000PE,SILVERM,23NOV2026,18900000.000000,5,OPTFUT,MCX,50.000000,600,False
577782,SILVERM24SEP26188000CE,SILVERM,24SEP2026,18800000.000000,5,OPTFUT,MCX,50.000000,600,False
577793,SILVERM27OCT26193000CE,SILVERM,27OCT2026,19300000.000000,5,OPTFUT,MCX,50.000000,600,False
577797,SILVERM27OCT26189000CE,SILVERM,27OCT2026,18900000.000000,5,OPTFUT,MCX,50.000000,600,False
577806,SILVERM23NOV26196000CE,SILVERM,23NOV2026,19600000.000000,5,OPTFUT,MCX,50.000000,600,False
577956,SILVERM28DEC26208000PE,SILVERM,28DEC2026,20800000.000000,5,OPTFUT,MCX,50.000000,600,False
577963,SILVERM28DEC26201000PE,SILVERM,28DEC2026,20100000.000000,5,OPTFUT,MCX,50.000000,600,False
577964,SILVERM28DEC26200000PE,SILVERM,28DEC2026,20000000.000000,5,OPTFUT,MCX,50.000000,600,False
577971,SILVERM25JAN27208000PE,SILVERM,25JAN2027,20800000.000000,5,OPTFUT,MCX,50.000000,600,False
577823,SILVERM28DEC26202000CE,SILVERM,28DEC2026,20200000.000000,5,OPTFUT,MCX,50.000000,600,False
577833,SILVERM25JAN27207000CE,SILVERM,25JAN2027,20700000.000000,5,OPTFUT,MCX,50.000000,600,False
577850,SILVERM19FEB27205000CE,SILVERM,19FEB2027,20500000.000000,5,OPTFUT,MCX,50.000000,600,False
577853,SILVERM19FEB27202000CE,SILVERM,19FEB2027,20200000.000000,5,OPTFUT,MCX,50.000000,600,False
577978,SILVERM25JAN27201000PE,SILVERM,25JAN2027,20100000.000000,5,OPTFUT,MCX,50.000000,600,False
577989,SILVERM19FEB27205000PE,SILVERM,19FEB2027,20500000.000000,5,OPTFUT,MCX,50.000000,600,False
578009,SILVERM23APR27210000PE,SILVERM,23APR2027,21000000.000000,5,OPTFUT,MCX,50.000000,600,False
578035,CRUDEOILM17SEP262900CE,CRUDEOILM,17SEP2026,290000.000000,10,OPTFUT,MCX,5.000000,10000,False
577860,SILVERM25MAR27211000CE,SILVERM,25MAR2027,21100000.000000,5,OPTFUT,MCX,50.000000,600,False
577907,SILVERM24SEP26202000PE,SILVERM,24SEP2026,20200000.000000,5,OPTFUT,MCX,50.000000,600,False
577934,SILVERM27OCT26191000PE,SILVERM,27OCT2026,19100000.000000,5,OPTFUT,MCX,50.000000,600,False
577940,SILVERM23NOV26201000PE,SILVERM,23NOV2026,20100000.000000,5,OPTFUT,MCX,50.000000,600,False
577945,SILVERM23NOV26196000PE,SILVERM,23NOV2026,19600000.000000,5,OPTFUT,MCX,50.000000,600,False
577947,SILVERM23NOV26194000PE,SILVERM,23NOV2026,19400000.000000,5,OPTFUT,MCX,50.000000,600,False
577986,SILVERM19FEB27208000PE,SILVERM,19FEB2027,20800000.000000,5,OPTFUT,MCX,50.000000,600,False
577992,SILVERM19FEB27202000PE,SILVERM,19FEB2027,20200000.000000,5,OPTFUT,MCX,50.000000,600,False
578096,MCXBULLDEX25SEP2631000CE,MCXBULLDEX,25SEP2026,3100000.000000,30,OPTIDX,MCX,5.000000,900,False
578097,MCXBULLDEX25SEP2630900CE,MCXBULLDEX,25SEP2026,3090000.000000,30,OPTIDX,MCX,5.000000,900,False
578107,MCXBULLDEX25SEP2629900CE,MCXBULLDEX,25SEP2026,2990000.000000,30,OPTIDX,MCX,5.000000,900,False
578112,MCXBULLDEX25SEP2629400CE,MCXBULLDEX,25SEP2026,2940000.000000,30,OPTIDX,MCX,5.000000,900,False
577995,SILVERM19FEB27199000PE,SILVERM,19FEB2027,19900000.000000,5,OPTFUT,MCX,50.000000,600,False
577997,SILVERM19FEB27197000PE,SILVERM,19FEB2027,19700000.000000,5,OPTFUT,MCX,50.000000,600,False
578004,SILVERM25MAR27206000PE,SILVERM,25MAR2027,20600000.000000,5,OPTFUT,MCX,50.000000,600,False
578007,SILVERM25MAR27203000PE,SILVERM,25MAR2027,20300000.000000,5,OPTFUT,MCX,50.000000,600,False
578121,MCXBULLDEX25SEP2633200CE,MCXBULLDEX,25SEP2026,3320000.000000,30,OPTIDX,MCX,5.000000,900,False
578140,MCXBULLDEX25SEP2635100CE,MCXBULLDEX,25SEP2026,3510000.000000,30,OPTIDX,MCX,5.000000,900,False
578182,MCXBULLDEX25SEP2632200PE,MCXBULLDEX,25SEP2026,3220000.000000,30,OPTIDX,MCX,5.000000,900,False
578204,MCXBULLDEX25SEP2630000PE,MCXBULLDEX,25SEP2026,3000000.000000,30,OPTIDX,MCX,5.000000,900,False
578011,SILVERM23APR27208000PE,SILVERM,23APR2027,20800000.000000,5,OPTFUT,MCX,50.000000,600,False
578014,SILVERM23APR27205000PE,SILVERM,23APR2027,20500000.000000,5,OPTFUT,MCX,50.000000,600,False
578033,CRUDEOILM17SEP263000CE,CRUDEOILM,17SEP2026,300000.000000,10,OPTFUT,MCX,5.000000,10000,False
578081,MCXBULLDEX25SEP2632500CE,MCXBULLDEX,25SEP2026,3250000.000000,30,OPTIDX,MCX,5.000000,900,False
578207,MCXBULLDEX25SEP2629700PE,MCXBULLDEX,25SEP2026,2970000.000000,30,OPTIDX,MCX,5.000000,900,False
578209,MCXBULLDEX25SEP2629500PE,MCXBULLDEX,25SEP2026,2950000.000000,30,OPTIDX,MCX,5.000000,900,False
578216,MCXBULLDEX25SEP2632900PE,MCXBULLDEX,25SEP2026,3290000.000000,30,OPTIDX,MCX,5.000000,900,False
578219,MCXBULLDEX25SEP2633200PE,MCXBULLDEX,25SEP2026,3320000.000000,30,OPTIDX,MCX,5.000000,900,False
578104,MCXBULLDEX25SEP2630200CE,MCXBULLDEX,25SEP2026,3020000.000000,30,OPTIDX,MCX,5.000000,900,False
578109,MCXBULLDEX25SEP2629700CE,MCXBULLDEX,25SEP2026,2970000.000000,30,OPTIDX,MCX,5.000000,900,False
578118,MCXBULLDEX25SEP2632900CE,MCXBULLDEX,25SEP2026,3290000.000000,30,OPTIDX,MCX,5.000000,900,False
578134,MCXBULLDEX25SEP2634500CE,MCXBULLDEX,25SEP2026,3450000.000000,30,OPTIDX,MCX,5.000000,900,False
578222,MCXBULLDEX25SEP2633500PE,MCXBULLDEX,25SEP2026,3350000.000000,30,OPTIDX,MCX,5.000000,900,False
578233,MCXBULLDEX25SEP2634600PE,MCXBULLDEX,25SEP2026,3460000.000000,30,OPTIDX,MCX,5.000000,900,False
578243,MCXBULLDEX25SEP2635600PE,MCXBULLDEX,25SEP2026,3560000.000000,30,OPTIDX,MCX,5.000000,900,False
578262,GOLD27NOV26124000PE,GOLD,27NOV2026,12400000.000000,1,OPTFUT,MCX,50.000000,100,False
578135,MCXBULLDEX25SEP2634600CE,MCXBULLDEX,25SEP2026,3460000.000000,30,OPTIDX,MCX,5.000000,900,False
578136,MCXBULLDEX25SEP2634700CE,MCXBULLDEX,25SEP2026,3470000.000000,30,OPTIDX,MCX,5.000000,900,False
578138,MCXBULLDEX25SEP2634900CE,MCXBULLDEX,25SEP2026,3490000.000000,30,OPTIDX,MCX,5.000000,900,False
578142,MCXBULLDEX25SEP2635300CE,MCXBULLDEX,25SEP2026,3530000.000000,30,OPTIDX,MCX,5.000000,900,False
578270,NATURALGAS23SEP26270CE,NATURALGAS,23SEP2026,27000.000000,1250,OPTFUT,MCX,5.000000,60000,False
578276,NATURALGAS23SEP26240CE,NATURALGAS,23SEP2026,24000.000000,1250,OPTFUT,MCX,5.000000,60000,False
578277,NATURALGAS23SEP26235CE,NATURALGAS,23SEP2026,23500.000000,1250,OPTFUT,MCX,5.000000,60000,False
578282,NATURALGAS23SEP26210CE,NATURALGAS,23SEP2026,21000.000000,1250,OPTFUT,MCX,5.000000,60000,False
578184,MCXBULLDEX25SEP2632000PE,MCXBULLDEX,25SEP2026,3200000.000000,30,OPTIDX,MCX,5.000000,900,False
578194,MCXBULLDEX25SEP2631000PE,MCXBULLDEX,25SEP2026,3100000.000000,30,OPTIDX,MCX,5.000000,900,False
578195,MCXBULLDEX25SEP2630900PE,MCXBULLDEX,25SEP2026,3090000.000000,30,OPTIDX,MCX,5.000000,900,False
578196,MCXBULLDEX25SEP2630800PE,MCXBULLDEX,25SEP2026,3080000.000000,30,OPTIDX,MCX,5.000000,900,False
578293,NATURALGAS23SEP26155CE,NATURALGAS,23SEP2026,15500.000000,1250,OPTFUT,MCX,5.000000,60000,False
578298,NATURALGAS23SEP26130CE,NATURALGAS,23SEP2026,13000.000000,1250,OPTFUT,MCX,5.000000,60000,False
578303,NATURALGAS23SEP26315CE,NATURALGAS,23SEP2026,31500.000000,1250,OPTFUT,MCX,5.000000,60000,False
578305,NATURALGAS23SEP26325CE,NATURALGAS,23SEP2026,32500.000000,1250,OPTFUT,MCX,5.000000,60000,False
578210,MCXBULLDEX25SEP2629400PE,MCXBULLDEX,25SEP2026,2940000.000000,30,OPTIDX,MCX,5.000000,900,False
578213,MCXBULLDEX25SEP2629100PE,MCXBULLDEX,25SEP2026,2910000.000000,30,OPTIDX,MCX,5.000000,900,False
578221,MCXBULLDEX25SEP2633400PE,MCXBULLDEX,25SEP2026,3340000.000000,30,OPTIDX,MCX,5.000000,900,False
578230,MCXBULLDEX25SEP2634300PE,MCXBULLDEX,25SEP2026,3430000.000000,30,OPTIDX,MCX,5.000000,900,False
578308,NATURALGAS23SEP26340CE,NATURALGAS,23SEP2026,34000.000000,1250,OPTFUT,MCX,5.000000,60000,False
578317,NATURALGAS23SEP26385CE,NATURALGAS,23SEP2026,38500.000000,1250,OPTFUT,MCX,5.000000,60000,False
578324,NATURALGAS23SEP26420CE,NATURALGAS,23SEP2026,42000.000000,1250,OPTFUT,MCX,5.000000,60000,False
578336,NATURALGAS23SEP26480CE,NATURALGAS,23SEP2026,48000.000000,1250,OPTFUT,MCX,5.000000,60000,False
578240,MCXBULLDEX25SEP2635300PE,MCXBULLDEX,25SEP2026,3530000.000000,30,OPTIDX,MCX,5.000000,900,False
578244,MCXBULLDEX25SEP2635700PE,MCXBULLDEX,25SEP2026,3570000.000000,30,OPTIDX,MCX,5.000000,900,False
578249,NATURALGAS28DEC26FUT,NATURALGAS,28DEC2026,0.000000,1250,FUTCOM,MCX,10.000000,60000,False
578256,GOLD30OCT26124000CE,GOLD,30OCT2026,12400000.000000,1,OPTFUT,MCX,50.000000,100,False
578347,NATURALGAS23SEP26285PE,NATURALGAS,23SEP2026,28500.000000,1250,OPTFUT,MCX,5.000000,60000,False
578369,NATURALGAS23SEP26175PE,NATURALGAS,23SEP2026,17500.000000,1250,OPTFUT,MCX,5.000000,60000,False
578353,NATURALGAS23SEP26255PE,NATURALGAS,23SEP2026,25500.000000,1250,OPTFUT,MCX,5.000000,60000,False
578357,NATURALGAS23SEP26235PE,NATURALGAS,23SEP2026,23500.000000,1250,OPTFUT,MCX,5.000000,60000,False
578266,NATURALGAS23SEP26290CE,NATURALGAS,23SEP2026,29000.000000,1250,OPTFUT,MCX,5.000000,60000,False
578290,NATURALGAS23SEP26170CE,NATURALGAS,23SEP2026,17000.000000,1250,OPTFUT,MCX,5.000000,60000,False
578299,NATURALGAS23SEP26125CE,NATURALGAS,23SEP2026,12500.000000,1250,OPTFUT,MCX,5.000000,60000,False
578306,NATURALGAS23SEP26330CE,NATURALGAS,23SEP2026,33000.000000,1250,OPTFUT,MCX,5.000000,60000,False
578395,NATURALGAS23SEP26375PE,NATURALGAS,23SEP2026,37500.000000,1250,OPTFUT,MCX,5.000000,60000,False
578453,NATGASMINI23SEP26155CE,NATGASMINI,23SEP2026,15500.000000,250,OPTFUT,MCX,5.000000,60000,False
578412,NATURALGAS23SEP26460PE,NATURALGAS,23SEP2026,46000.000000,1250,OPTFUT,MCX,5.000000,60000,False
578415,NATURALGAS23SEP26475PE,NATURALGAS,23SEP2026,47500.000000,1250,OPTFUT,MCX,5.000000,60000,False
578311,NATURALGAS23SEP26355CE,NATURALGAS,23SEP2026,35500.000000,1250,OPTFUT,MCX,5.000000,60000,False
578322,NATURALGAS23SEP26410CE,NATURALGAS,23SEP2026,41000.000000,1250,OPTFUT,MCX,5.000000,60000,False
578333,NATURALGAS23SEP26465CE,NATURALGAS,23SEP2026,46500.000000,1250,OPTFUT,MCX,5.000000,60000,False
578339,NATURALGAS23SEP26495CE,NATURALGAS,23SEP2026,49500.000000,1250,OPTFUT,MCX,5.000000,60000,False
578488,NATGASMINI23SEP26440CE,NATGASMINI,23SEP2026,44000.000000,250,OPTFUT,MCX,5.000000,60000,False
578467,NATGASMINI23SEP26335CE,NATGASMINI,23SEP2026,33500.000000,250,OPTFUT,MCX,5.000000,60000,False
578468,NATGASMINI23SEP26340CE,NATGASMINI,23SEP2026,34000.000000,250,OPTFUT,MCX,5.000000,60000,False
578477,NATGASMINI23SEP26385CE,NATGASMINI,23SEP2026,38500.000000,250,OPTFUT,MCX,5.000000,60000,False
578342,NATURALGAS23SEP26510CE,NATURALGAS,23SEP2026,51000.000000,1250,OPTFUT,MCX,5.000000,60000,False
578343,NATURALGAS23SEP26305PE,NATURALGAS,23SEP2026,30500.000000,1250,OPTFUT,MCX,5.000000,60000,False
578352,NATURALGAS23SEP26260PE,NATURALGAS,23SEP2026,26000.000000,1250,OPTFUT,MCX,5.000000,60000,False
578363,NATURALGAS23SEP26205PE,NATURALGAS,23SEP2026,20500.000000,1250,OPTFUT,MCX,5.000000,60000,False
578489,NATGASMINI23SEP26445CE,NATGASMINI,23SEP2026,44500.000000,250,OPTFUT,MCX,5.000000,60000,False
578490,NATGASMINI23SEP26450CE,NATGASMINI,23SEP2026,45000.000000,250,OPTFUT,MCX,5.000000,60000,False
578494,NATGASMINI23SEP26470CE,NATGASMINI,23SEP2026,47000.000000,250,OPTFUT,MCX,5.000000,60000,False
578495,NATGASMINI23SEP26475CE,NATGASMINI,23SEP2026,47500.000000,250,OPTFUT,MCX,5.000000,60000,False
578384,NATURALGAS23SEP26320PE,NATURALGAS,23SEP2026,32000.000000,1250,OPTFUT,MCX,5.000000,60000,False
578386,NATURALGAS23SEP26330PE,NATURALGAS,23SEP2026,33000.000000,1250,OPTFUT,MCX,5.000000,60000,False
578390,NATURALGAS23SEP26350PE,NATURALGAS,23SEP2026,35000.000000,1250,OPTFUT,MCX,5.000000,60000,False
578402,NATURALGAS23SEP26410PE,NATURALGAS,23SEP2026,41000.000000,1250,OPTFUT,MCX,5.000000,60000,False
578504,NATGASMINI23SEP26300PE,NATGASMINI,23SEP2026,30000.000000,250,OPTFUT,MCX,5.000000,60000,False
578510,NATGASMINI23SEP26270PE,NATGASMINI,23SEP2026,27000.000000,250,OPTFUT,MCX,5.000000,60000,False
578513,NATGASMINI23SEP26255PE,NATGASMINI,23SEP2026,25500.000000,250,OPTFUT,MCX,5.000000,60000,False
578516,NATGASMINI23SEP26240PE,NATGASMINI,23SEP2026,24000.000000,250,OPTFUT,MCX,5.000000,60000,False
578405,NATURALGAS23SEP26425PE,NATURALGAS,23SEP2026,42500.000000,1250,OPTFUT,MCX,5.000000,60000,False
578442,NATGASMINI23SEP26210CE,NATGASMINI,23SEP2026,21000.000000,250,OPTFUT,MCX,5.000000,60000,False
578455,NATGASMINI23SEP26145CE,NATGASMINI,23SEP2026,14500.000000,250,OPTFUT,MCX,5.000000,60000,False
578464,NATGASMINI23SEP26320CE,NATGASMINI,23SEP2026,32000.000000,250,OPTFUT,MCX,5.000000,60000,False
578517,NATGASMINI23SEP26235PE,NATGASMINI,23SEP2026,23500.000000,250,OPTFUT,MCX,5.000000,60000,False
578519,NATGASMINI23SEP26225PE,NATGASMINI,23SEP2026,22500.000000,250,OPTFUT,MCX,5.000000,60000,False
578523,NATGASMINI23SEP26205PE,NATGASMINI,23SEP2026,20500.000000,250,OPTFUT,MCX,5.000000,60000,False
578525,NATGASMINI23SEP26195PE,NATGASMINI,23SEP2026,19500.000000,250,OPTFUT,MCX,5.000000,60000,False
578471,NATGASMINI23SEP26355CE,NATGASMINI,23SEP2026,35500.000000,250,OPTFUT,MCX,5.000000,60000,False
578492,NATGASMINI23SEP26460CE,NATGASMINI,23SEP2026,46000.000000,250,OPTFUT,MCX,5.000000,60000,False
578496,NATGASMINI23SEP26480CE,NATGASMINI,23SEP2026,48000.000000,250,OPTFUT,MCX,5.000000,60000,False
578497,NATGASMINI23SEP26485CE,NATGASMINI,23SEP2026,48500.000000,250,OPTFUT,MCX,5.000000,60000,False
578537,NATGASMINI23SEP26135PE,NATGASMINI,23SEP2026,13500.000000,250,OPTFUT,MCX,5.000000,60000,False
578540,NATGASMINI23SEP26120PE,NATGASMINI,23SEP2026,12000.000000,250,OPTFUT,MCX,5.000000,60000,False
578546,NATGASMINI23SEP26330PE,NATGASMINI,23SEP2026,33000.000000,250,OPTFUT,MCX,5.000000,60000,False
578547,NATGASMINI23SEP26335PE,NATGASMINI,23SEP2026,33500.000000,250,OPTFUT,MCX,5.000000,60000,False
578518,NATGASMINI23SEP26230PE,NATGASMINI,23SEP2026,23000.000000,250,OPTFUT,MCX,5.000000,60000,False
578520,NATGASMINI23SEP26220PE,NATGASMINI,23SEP2026,22000.000000,250,OPTFUT,MCX,5.000000,60000,False
578524,NATGASMINI23SEP26200PE,NATGASMINI,23SEP2026,20000.000000,250,OPTFUT,MCX,5.000000,60000,False
578530,NATGASMINI23SEP26170PE,NATGASMINI,23SEP2026,17000.000000,250,OPTFUT,MCX,5.000000,60000,False
578551,NATGASMINI23SEP26355PE,NATGASMINI,23SEP2026,35500.000000,250,OPTFUT,MCX,5.000000,60000,False
578553,NATGASMINI23SEP26365PE,NATGASMINI,23SEP2026,36500.000000,250,OPTFUT,MCX,5.000000,60000,False
578561,NATGASMINI23SEP26405PE,NATGASMINI,23SEP2026,40500.000000,250,OPTFUT,MCX,5.000000,60000,False
578576,NATGASMINI23SEP26480PE,NATGASMINI,23SEP2026,48000.000000,250,OPTFUT,MCX,5.000000,60000,False
578534,NATGASMINI23SEP26150PE,NATGASMINI,23SEP2026,15000.000000,250,OPTFUT,MCX,5.000000,60000,False
578554,NATGASMINI23SEP26370PE,NATGASMINI,23SEP2026,37000.000000,250,OPTFUT,MCX,5.000000,60000,False
578569,NATGASMINI23SEP26445PE,NATGASMINI,23SEP2026,44500.000000,250,OPTFUT,MCX,5.000000,60000,False
578573,NATGASMINI23SEP26465PE,NATGASMINI,23SEP2026,46500.000000,250,OPTFUT,MCX,5.000000,60000,False
578628,NATGASMINI23SEP26105PE,NATGASMINI,23SEP2026,10500.000000,250,OPTFUT,MCX,5.000000,60000,False
578638,ZINC30NOV26FUT,ZINC,30NOV2026,0.000000,5,FUTCOM,MCX,5.000000,100,False
578646,ZINC23OCT26355PE,ZINC,23OCT2026,35500.000000,5,OPTFUT,MCX,1.000000,100,False
578658,COPPER23OCT261230CE,COPPER,23OCT2026,123000.000000,2500,OPTFUT,MCX,1.000000,70000,False
578584,MCXBULLDEX25SEP2636300CE,MCXBULLDEX,25SEP2026,3630000.000000,30,OPTIDX,MCX,5.000000,900,False
578594,MCXBULLDEX25SEP2636700PE,MCXBULLDEX,25SEP2026,3670000.000000,30,OPTIDX,MCX,5.000000,900,False
578611,MCXBULLDEX25SEP2636800CE,MCXBULLDEX,25SEP2026,3680000.000000,30,OPTIDX,MCX,5.000000,900,False
578636,LEADMINI30NOV26FUT,LEADMINI,30NOV2026,0.000000,1,FUTCOM,MCX,5.000000,100,False
578659,COPPER23OCT261220CE,COPPER,23OCT2026,122000.000000,2500,OPTFUT,MCX,1.000000,70000,False
578672,COPPER23OCT261380CE,COPPER,23OCT2026,138000.000000,2500,OPTFUT,MCX,1.000000,70000,False
578694,COPPER23OCT261170PE,COPPER,23OCT2026,117000.000000,2500,OPTFUT,MCX,1.000000,70000,False
578697,COPPER23OCT261330PE,COPPER,23OCT2026,133000.000000,2500,OPTFUT,MCX,1.000000,70000,False
578662,COPPER23OCT261190CE,COPPER,23OCT2026,119000.000000,2500,OPTFUT,MCX,1.000000,70000,False
578637,STEELREBAR30NOV26FUT,STEELREBAR,30NOV2026,0.000000,5,FUTCOM,MCX,1000.000000,200,False
578641,SILVER10031DEC26FUT,SILVER100,31DEC2026,0.000000,100,FUTCOM,MCX,100.000000,600000,False
578643,COPPER23OCT261310CE,COPPER,23OCT2026,131000.000000,2500,OPTFUT,MCX,1.000000,70000,False
578708,COPPER23OCT261440PE,COPPER,23OCT2026,144000.000000,2500,OPTFUT,MCX,1.000000,70000,False
578723,ZINC23OCT26370CE,ZINC,23OCT2026,37000.000000,5,OPTFUT,MCX,1.000000,100,False
578745,ZINC23OCT26380PE,ZINC,23OCT2026,38000.000000,5,OPTFUT,MCX,1.000000,100,False
578761,MCXBULLDEX25SEP2637200CE,MCXBULLDEX,25SEP2026,3720000.000000,30,OPTIDX,MCX,5.000000,900,False
578665,COPPER23OCT261160CE,COPPER,23OCT2026,116000.000000,2500,OPTFUT,MCX,1.000000,70000,False
578670,COPPER23OCT261360CE,COPPER,23OCT2026,136000.000000,2500,OPTFUT,MCX,1.000000,70000,False
578690,COPPER23OCT261210PE,COPPER,23OCT2026,121000.000000,2500,OPTFUT,MCX,1.000000,70000,False
578684,COPPER23OCT261270PE,COPPER,23OCT2026,127000.000000,2500,OPTFUT,MCX,1.000000,70000,False
578783,COPPER23OCT261480PE,COPPER,23OCT2026,148000.000000,2500,OPTFUT,MCX,1.000000,70000,False
578785,GOLDM25SEP26149500CE,GOLDM,25SEP2026,14950000.000000,100,OPTFUT,MCX,50.000000,10000,False
578786,GOLDM25SEP26149000CE,GOLDM,25SEP2026,14900000.000000,100,OPTFUT,MCX,50.000000,10000,False
578795,GOLDM25SEP26144500CE,GOLDM,25SEP2026,14450000.000000,100,OPTFUT,MCX,50.000000,10000,False
578692,COPPER23OCT261190PE,COPPER,23OCT2026,119000.000000,2500,OPTFUT,MCX,1.000000,70000,False
578693,COPPER23OCT261180PE,COPPER,23OCT2026,118000.000000,2500,OPTFUT,MCX,1.000000,70000,False
578699,COPPER23OCT261350PE,COPPER,23OCT2026,135000.000000,2500,OPTFUT,MCX,1.000000,70000,False
578707,COPPER23OCT261430PE,COPPER,23OCT2026,143000.000000,2500,OPTFUT,MCX,1.000000,70000,False
578796,GOLDM25SEP26144000CE,GOLDM,25SEP2026,14400000.000000,100,OPTFUT,MCX,50.000000,10000,False
578805,GOLDM25SEP26139500CE,GOLDM,25SEP2026,13950000.000000,100,OPTFUT,MCX,50.000000,10000,False
578823,GOLDM25SEP26130500CE,GOLDM,25SEP2026,13050000.000000,100,OPTFUT,MCX,50.000000,10000,False
578828,GOLDM25SEP26128000CE,GOLDM,25SEP2026,12800000.000000,100,OPTFUT,MCX,50.000000,10000,False
578711,ZINC23OCT26350CE,ZINC,23OCT2026,35000.000000,5,OPTFUT,MCX,1.000000,100,False
578715,ZINC23OCT26330CE,ZINC,23OCT2026,33000.000000,5,OPTFUT,MCX,1.000000,100,False
578722,ZINC23OCT26365CE,ZINC,23OCT2026,36500.000000,5,OPTFUT,MCX,1.000000,100,False
578726,ZINC23OCT26385CE,ZINC,23OCT2026,38500.000000,5,OPTFUT,MCX,1.000000,100,False
578829,GOLDM25SEP26127500CE,GOLDM,25SEP2026,12750000.000000,100,OPTFUT,MCX,50.000000,10000,False
578830,GOLDM25SEP26127000CE,GOLDM,25SEP2026,12700000.000000,100,OPTFUT,MCX,50.000000,10000,False
578839,GOLDM25SEP26153500CE,GOLDM,25SEP2026,15350000.000000,100,OPTFUT,MCX,50.000000,10000,False
578848,GOLDM25SEP26158000CE,GOLDM,25SEP2026,15800000.000000,100,OPTFUT,MCX,50.000000,10000,False
578729,ZINC23OCT26400CE,ZINC,23OCT2026,40000.000000,5,OPTFUT,MCX,1.000000,100,False
578735,ZINC23OCT26330PE,ZINC,23OCT2026,33000.000000,5,OPTFUT,MCX,1.000000,100,False
578746,ZINC23OCT26385PE,ZINC,23OCT2026,38500.000000,5,OPTFUT,MCX,1.000000,100,False
578770,ZINC23OCT26300PE,ZINC,23OCT2026,30000.000000,5,OPTFUT,MCX,1.000000,100,False
578857,GOLDM25SEP26162500CE,GOLDM,25SEP2026,16250000.000000,100,OPTFUT,MCX,50.000000,10000,False
578859,GOLDM25SEP26163500CE,GOLDM,25SEP2026,16350000.000000,100,OPTFUT,MCX,50.000000,10000,False
578869,GOLDM25SEP26168500CE,GOLDM,25SEP2026,16850000.000000,100,OPTFUT,MCX,50.000000,10000,False
578901,GOLDM25SEP26141500PE,GOLDM,25SEP2026,14150000.000000,100,OPTFUT,MCX,50.000000,10000,False
578780,GOLDM25SEP26150500CE,GOLDM,25SEP2026,15050000.000000,100,OPTFUT,MCX,50.000000,10000,False
578800,GOLDM25SEP26142000CE,GOLDM,25SEP2026,14200000.000000,100,OPTFUT,MCX,50.000000,10000,False
578835,GOLDM25SEP26151500CE,GOLDM,25SEP2026,15150000.000000,100,OPTFUT,MCX,50.000000,10000,False
578838,GOLDM25SEP26153000CE,GOLDM,25SEP2026,15300000.000000,100,OPTFUT,MCX,50.000000,10000,False
578902,GOLDM25SEP26141000PE,GOLDM,25SEP2026,14100000.000000,100,OPTFUT,MCX,50.000000,10000,False
578904,GOLDM25SEP26140000PE,GOLDM,25SEP2026,14000000.000000,100,OPTFUT,MCX,50.000000,10000,False
578906,GOLDM25SEP26139000PE,GOLDM,25SEP2026,13900000.000000,100,OPTFUT,MCX,50.000000,10000,False
578916,GOLDM25SEP26134000PE,GOLDM,25SEP2026,13400000.000000,100,OPTFUT,MCX,50.000000,10000,False
578840,GOLDM25SEP26154000CE,GOLDM,25SEP2026,15400000.000000,100,OPTFUT,MCX,50.000000,10000,False
578845,GOLDM25SEP26156500CE,GOLDM,25SEP2026,15650000.000000,100,OPTFUT,MCX,50.000000,10000,False
578847,GOLDM25SEP26157500CE,GOLDM,25SEP2026,15750000.000000,100,OPTFUT,MCX,50.000000,10000,False
578856,GOLDM25SEP26162000CE,GOLDM,25SEP2026,16200000.000000,100,OPTFUT,MCX,50.000000,10000,False
578923,GOLDM25SEP26130500PE,GOLDM,25SEP2026,13050000.000000,100,OPTFUT,MCX,50.000000,10000,False
578924,GOLDM25SEP26130000PE,GOLDM,25SEP2026,13000000.000000,100,OPTFUT,MCX,50.000000,10000,False
578947,GOLDM25SEP26157500PE,GOLDM,25SEP2026,15750000.000000,100,OPTFUT,MCX,50.000000,10000,False
578956,GOLDM25SEP26162000PE,GOLDM,25SEP2026,16200000.000000,100,OPTFUT,MCX,50.000000,10000,False
578861,GOLDM25SEP26164500CE,GOLDM,25SEP2026,16450000.000000,100,OPTFUT,MCX,50.000000,10000,False
578864,GOLDM25SEP26166000CE,GOLDM,25SEP2026,16600000.000000,100,OPTFUT,MCX,50.000000,10000,False
578867,GOLDM25SEP26167500CE,GOLDM,25SEP2026,16750000.000000,100,OPTFUT,MCX,50.000000,10000,False
578868,GOLDM25SEP26168000CE,GOLDM,25SEP2026,16800000.000000,100,OPTFUT,MCX,50.000000,10000,False
578971,GOLDM25SEP26169500PE,GOLDM,25SEP2026,16950000.000000,100,OPTFUT,MCX,50.000000,10000,False
578978,GOLDM25SEP26173000PE,GOLDM,25SEP2026,17300000.000000,100,OPTFUT,MCX,50.000000,10000,False
578982,GOLDM25SEP26175000PE,GOLDM,25SEP2026,17500000.000000,100,OPTFUT,MCX,50.000000,10000,False
579005,GOLDM25SEP26125000CE,GOLDM,25SEP2026,12500000.000000,100,OPTFUT,MCX,50.000000,10000,False
578879,GOLDM25SEP26173500CE,GOLDM,25SEP2026,17350000.000000,100,OPTFUT,MCX,50.000000,10000,False
578882,GOLDM25SEP26175000CE,GOLDM,25SEP2026,17500000.000000,100,OPTFUT,MCX,50.000000,10000,False
578884,GOLDM25SEP26150000PE,GOLDM,25SEP2026,15000000.000000,100,OPTFUT,MCX,50.000000,10000,False
578891,GOLDM25SEP26146500PE,GOLDM,25SEP2026,14650000.000000,100,OPTFUT,MCX,50.000000,10000,False
579039,NATGASMINI23SEP2695PE,NATGASMINI,23SEP2026,9500.000000,250,OPTFUT,MCX,5.000000,60000,False
579055,GOLDM25SEP26121500CE,GOLDM,25SEP2026,12150000.000000,100,OPTFUT,MCX,50.000000,10000,False
579022,GOLDM25SEP26122000PE,GOLDM,25SEP2026,12200000.000000,100,OPTFUT,MCX,50.000000,10000,False
579047,GOLD28MAY27132000CE,GOLD,28MAY2027,13200000.000000,1,OPTFUT,MCX,50.000000,100,False
578892,GOLDM25SEP26146000PE,GOLDM,25SEP2026,14600000.000000,100,OPTFUT,MCX,50.000000,10000,False
578894,GOLDM25SEP26145000PE,GOLDM,25SEP2026,14500000.000000,100,OPTFUT,MCX,50.000000,10000,False
578895,GOLDM25SEP26144500PE,GOLDM,25SEP2026,14450000.000000,100,OPTFUT,MCX,50.000000,10000,False
578898,GOLDM25SEP26143000PE,GOLDM,25SEP2026,14300000.000000,100,OPTFUT,MCX,50.000000,10000,False
579103,GOLD30OCT26123500CE,GOLD,30OCT2026,12350000.000000,1,OPTFUT,MCX,50.000000,100,False
579115,GOLD27NOV26121000CE,GOLD,27NOV2026,12100000.000000,1,OPTFUT,MCX,50.000000,100,False
579134,GOLD26FEB27128000CE,GOLD,26FEB2027,12800000.000000,1,OPTFUT,MCX,50.000000,100,False
579135,GOLD26FEB27127500CE,GOLD,26FEB2027,12750000.000000,1,OPTFUT,MCX,50.000000,100,False
578899,GOLDM25SEP26142500PE,GOLDM,25SEP2026,14250000.000000,100,OPTFUT,MCX,50.000000,10000,False
578900,GOLDM25SEP26142000PE,GOLDM,25SEP2026,14200000.000000,100,OPTFUT,MCX,50.000000,10000,False
578908,GOLDM25SEP26138000PE,GOLDM,25SEP2026,13800000.000000,100,OPTFUT,MCX,50.000000,10000,False
578912,GOLDM25SEP26136000PE,GOLDM,25SEP2026,13600000.000000,100,OPTFUT,MCX,50.000000,10000,False
578917,GOLDM25SEP26133500PE,GOLDM,25SEP2026,13350000.000000,100,OPTFUT,MCX,50.000000,10000,False
578927,GOLDM25SEP26128500PE,GOLDM,25SEP2026,12850000.000000,100,OPTFUT,MCX,50.000000,10000,False
578945,GOLDM25SEP26156500PE,GOLDM,25SEP2026,15650000.000000,100,OPTFUT,MCX,50.000000,10000,False
578946,GOLDM25SEP26157000PE,GOLDM,25SEP2026,15700000.000000,100,OPTFUT,MCX,50.000000,10000,False
579147,GOLD29MAR27125500CE,GOLD,29MAR2027,12550000.000000,1,OPTFUT,MCX,50.000000,100,False
579149,GOLD30APR27131000CE,GOLD,30APR2027,13100000.000000,1,OPTFUT,MCX,50.000000,100,False
579154,GOLD30APR27128500CE,GOLD,30APR2027,12850000.000000,1,OPTFUT,MCX,50.000000,100,False
579158,GOLD28MAY27130500CE,GOLD,28MAY2027,13050000.000000,1,OPTFUT,MCX,50.000000,100,False
578962,GOLDM25SEP26165000PE,GOLDM,25SEP2026,16500000.000000,100,OPTFUT,MCX,50.000000,10000,False
578969,GOLDM25SEP26168500PE,GOLDM,25SEP2026,16850000.000000,100,OPTFUT,MCX,50.000000,10000,False
578979,GOLDM25SEP26173500PE,GOLDM,25SEP2026,17350000.000000,100,OPTFUT,MCX,50.000000,10000,False
578981,GOLDM25SEP26174500PE,GOLDM,25SEP2026,17450000.000000,100,OPTFUT,MCX,50.000000,10000,False
579159,GOLD28MAY27130000CE,GOLD,28MAY2027,13000000.000000,1,OPTFUT,MCX,50.000000,100,False
579174,GOLD25SEP26117500PE,GOLD,25SEP2026,11750000.000000,1,OPTFUT,MCX,50.000000,100,False
579221,GOLD30APR27131000PE,GOLD,30APR2027,13100000.000000,1,OPTFUT,MCX,50.000000,100,False
579225,GOLD30APR27129000PE,GOLD,30APR2027,12900000.000000,1,OPTFUT,MCX,50.000000,100,False
578990,MCXBULLDEX25SEP2637700PE,MCXBULLDEX,25SEP2026,3770000.000000,30,OPTIDX,MCX,5.000000,900,False
579011,GOLDM25SEP26124500CE,GOLDM,25SEP2026,12450000.000000,100,OPTFUT,MCX,50.000000,10000,False
579016,GOLDM25SEP26123500PE,GOLDM,25SEP2026,12350000.000000,100,OPTFUT,MCX,50.000000,10000,False
579067,NATURALGAS23SEP2685PE,NATURALGAS,23SEP2026,8500.000000,1250,OPTFUT,MCX,5.000000,60000,False
579228,GOLD30APR27127500PE,GOLD,30APR2027,12750000.000000,1,OPTFUT,MCX,50.000000,100,False
579257,GOLDM25SEP26118500PE,GOLDM,25SEP2026,11850000.000000,100,OPTFUT,MCX,50.000000,10000,False
579270,CRUDEOILM17SEP2611000CE,CRUDEOILM,17SEP2026,1100000.000000,10,OPTFUT,MCX,5.000000,10000,False
579283,MCXBULLDEX25SEP2629000CE,MCXBULLDEX,25SEP2026,2900000.000000,30,OPTIDX,MCX,5.000000,900,False
579078,NATGASMINI23SEP2680PE,NATGASMINI,23SEP2026,8000.000000,250,OPTFUT,MCX,5.000000,60000,False
579088,CRUDEOIL17SEP2611100CE,CRUDEOIL,17SEP2026,1110000.000000,100,OPTFUT,MCX,10.000000,10000,False
579101,GOLD25SEP26118000CE,GOLD,25SEP2026,11800000.000000,1,OPTFUT,MCX,50.000000,100,False
579104,GOLD30OCT26123000CE,GOLD,30OCT2026,12300000.000000,1,OPTFUT,MCX,50.000000,100,False
579288,COPPER23OCT261500CE,COPPER,23OCT2026,150000.000000,2500,OPTFUT,MCX,1.000000,70000,False
579297,CRUDEOIL17SEP2611250PE,CRUDEOIL,17SEP2026,1125000.000000,100,OPTFUT,MCX,10.000000,10000,False
579311,SILVERM26MAY27243000PE,SILVERM,26MAY2027,24300000.000000,5,OPTFUT,MCX,50.000000,600,False
579321,GOLD29MAR27124500CE,GOLD,29MAR2027,12450000.000000,1,OPTFUT,MCX,50.000000,100,False
579108,GOLD30OCT26121000CE,GOLD,30OCT2026,12100000.000000,1,OPTFUT,MCX,50.000000,100,False
579177,GOLD30OCT26122500PE,GOLD,30OCT2026,12250000.000000,1,OPTFUT,MCX,50.000000,100,False
579188,GOLD27NOV26120500PE,GOLD,27NOV2026,12050000.000000,1,OPTFUT,MCX,50.000000,100,False
579196,GOLD31DEC26122500PE,GOLD,31DEC2026,12250000.000000,1,OPTFUT,MCX,50.000000,100,False
579325,GOLD30APR27126500CE,GOLD,30APR2027,12650000.000000,1,OPTFUT,MCX,50.000000,100,False
579337,GOLD29MAR27124500PE,GOLD,29MAR2027,12450000.000000,1,OPTFUT,MCX,50.000000,100,False
579342,GOLD30APR27126000PE,GOLD,30APR2027,12600000.000000,1,OPTFUT,MCX,50.000000,100,False
579353,SILVER26MAY27233000CE,SILVER,26MAY2027,23300000.000000,30,OPTFUT,MCX,50.000000,600,False
579212,GOLD26FEB27125000PE,GOLD,26FEB2027,12500000.000000,1,OPTFUT,MCX,50.000000,100,False
579213,GOLD29MAR27128500PE,GOLD,29MAR2027,12850000.000000,1,OPTFUT,MCX,50.000000,100,False
579218,GOLD29MAR27126000PE,GOLD,29MAR2027,12600000.000000,1,OPTFUT,MCX,50.000000,100,False
579219,GOLD29MAR27125500PE,GOLD,29MAR2027,12550000.000000,1,OPTFUT,MCX,50.000000,100,False
579355,SILVER26MAY27231000CE,SILVER,26MAY2027,23100000.000000,30,OPTFUT,MCX,50.000000,600,False
579362,SILVER26MAY27224000CE,SILVER,26MAY2027,22400000.000000,30,OPTFUT,MCX,50.000000,600,False
579369,SILVER26MAY27217000CE,SILVER,26MAY2027,21700000.000000,30,OPTFUT,MCX,50.000000,600,False
579386,SILVER26MAY27200000CE,SILVER,26MAY2027,20000000.000000,30,OPTFUT,MCX,50.000000,600,False
579229,GOLD28MAY27131000PE,GOLD,28MAY2027,13100000.000000,1,OPTFUT,MCX,50.000000,100,False
579246,GOLDM25SEP26118500CE,GOLDM,25SEP2026,11850000.000000,100,OPTFUT,MCX,50.000000,10000,False
579263,SILVERM23APR27202000CE,SILVERM,23APR2027,20200000.000000,5,OPTFUT,MCX,50.000000,600,False
579265,SILVERM25MAR27202000PE,SILVERM,25MAR2027,20200000.000000,5,OPTFUT,MCX,50.000000,600,False
579392,SILVER26MAY27244000CE,SILVER,26MAY2027,24400000.000000,30,OPTFUT,MCX,50.000000,600,False
579401,SILVER26MAY27253000CE,SILVER,26MAY2027,25300000.000000,30,OPTFUT,MCX,50.000000,600,False
579419,SILVER26MAY27271000CE,SILVER,26MAY2027,27100000.000000,30,OPTFUT,MCX,50.000000,600,False
579434,SILVER28JUN27232000CE,SILVER,28JUN2027,23200000.000000,30,OPTFUT,MCX,50.000000,600,False
579445,SILVER28JUN27221000CE,SILVER,28JUN2027,22100000.000000,30,OPTFUT,MCX,50.000000,600,False
579455,SILVER28JUN27211000CE,SILVER,28JUN2027,21100000.000000,30,OPTFUT,MCX,50.000000,600,False
579457,SILVER28JUN27209000CE,SILVER,28JUN2027,20900000.000000,30,OPTFUT,MCX,50.000000,600,False
579464,SILVER28JUN27202000CE,SILVER,28JUN2027,20200000.000000,30,OPTFUT,MCX,50.000000,600,False
579472,SILVER28JUN27244000CE,SILVER,28JUN2027,24400000.000000,30,OPTFUT,MCX,50.000000,600,False
579475,SILVER28JUN27247000CE,SILVER,28JUN2027,24700000.000000,30,OPTFUT,MCX,50.000000,600,False
579476,SILVER28JUN27248000CE,SILVER,28JUN2027,24800000.000000,30,OPTFUT,MCX,50.000000,600,False
579485,SILVER28JUN27257000CE,SILVER,28JUN2027,25700000.000000,30,OPTFUT,MCX,50.000000,600,False
579499,SILVER28JUN27271000CE,SILVER,28JUN2027,27100000.000000,30,OPTFUT,MCX,50.000000,600,False
579500,SILVER28JUN27272000CE,SILVER,28JUN2027,27200000.000000,30,OPTFUT,MCX,50.000000,600,False
579512,SILVER26MAY27234000PE,SILVER,26MAY2027,23400000.000000,30,OPTFUT,MCX,50.000000,600,False
579525,SILVER26MAY27221000PE,SILVER,26MAY2027,22100000.000000,30,OPTFUT,MCX,50.000000,600,False
579568,SILVER26MAY27260000PE,SILVER,26MAY2027,26000000.000000,30,OPTFUT,MCX,50.000000,600,False
579546,SILVER26MAY27200000PE,SILVER,26MAY2027,20000000.000000,30,OPTFUT,MCX,50.000000,600,False
579547,SILVER26MAY27199000PE,SILVER,26MAY2027,19900000.000000,30,OPTFUT,MCX,50.000000,600,False
579550,SILVER26MAY27242000PE,SILVER,26MAY2027,24200000.000000,30,OPTFUT,MCX,50.000000,600,False
579574,SILVER26MAY27266000PE,SILVER,26MAY2027,26600000.000000,30,OPTFUT,MCX,50.000000,600,False
579576,SILVER26MAY27268000PE,SILVER,26MAY2027,26800000.000000,30,OPTFUT,MCX,50.000000,600,False
579595,SILVER28JUN27231000PE,SILVER,28JUN2027,23100000.000000,30,OPTFUT,MCX,50.000000,600,False
579597,SILVER28JUN27229000PE,SILVER,28JUN2027,22900000.000000,30,OPTFUT,MCX,50.000000,600,False
579602,SILVER28JUN27224000PE,SILVER,28JUN2027,22400000.000000,30,OPTFUT,MCX,50.000000,600,False
579605,SILVER28JUN27221000PE,SILVER,28JUN2027,22100000.000000,30,OPTFUT,MCX,50.000000,600,False
579617,SILVER28JUN27209000PE,SILVER,28JUN2027,20900000.000000,30,OPTFUT,MCX,50.000000,600,False
579618,SILVER28JUN27208000PE,SILVER,28JUN2027,20800000.000000,30,OPTFUT,MCX,50.000000,600,False
579266,SILVERM25MAR27201000PE,SILVERM,25MAR2027,20100000.000000,5,OPTFUT,MCX,50.000000,600,False
579287,MCXMETLDEX23OCT26FUT,MCXMETLDEX,23OCT2026,0.000000,40,FUTIDX,MCX,100.000000,3200,False
579293,CRUDEOIL17SEP2611200CE,CRUDEOIL,17SEP2026,1120000.000000,100,OPTFUT,MCX,10.000000,10000,False
579299,ZINC23OCT26420PE,ZINC,23OCT2026,42000.000000,5,OPTFUT,MCX,1.000000,100,False
579623,SILVER28JUN27203000PE,SILVER,28JUN2027,20300000.000000,30,OPTFUT,MCX,50.000000,600,False
579637,SILVER28JUN27249000PE,SILVER,28JUN2027,24900000.000000,30,OPTFUT,MCX,50.000000,600,False
579642,SILVER28JUN27254000PE,SILVER,28JUN2027,25400000.000000,30,OPTFUT,MCX,50.000000,600,False
579645,SILVER28JUN27257000PE,SILVER,28JUN2027,25700000.000000,30,OPTFUT,MCX,50.000000,600,False
579310,SILVERM26MAY27243000CE,SILVERM,26MAY2027,24300000.000000,5,OPTFUT,MCX,50.000000,600,False
579312,SILVERM23JUN27243000CE,SILVERM,23JUN2027,24300000.000000,5,OPTFUT,MCX,50.000000,600,False
579313,SILVERM23JUN27243000PE,SILVERM,23JUN2027,24300000.000000,5,OPTFUT,MCX,50.000000,600,False
579314,CRUDEOIL17SEP2611300CE,CRUDEOIL,17SEP2026,1130000.000000,100,OPTFUT,MCX,10.000000,10000,False
579651,SILVER28JUN27263000PE,SILVER,28JUN2027,26300000.000000,30,OPTFUT,MCX,50.000000,600,False
579652,SILVER28JUN27264000PE,SILVER,28JUN2027,26400000.000000,30,OPTFUT,MCX,50.000000,600,False
579658,SILVER28JUN27270000PE,SILVER,28JUN2027,27000000.000000,30,OPTFUT,MCX,50.000000,600,False
579659,SILVER28JUN27271000PE,SILVER,28JUN2027,27100000.000000,30,OPTFUT,MCX,50.000000,600,False
579324,GOLD30APR27127000CE,GOLD,30APR2027,12700000.000000,1,OPTFUT,MCX,50.000000,100,False
579338,GOLD29MAR27124000PE,GOLD,29MAR2027,12400000.000000,1,OPTFUT,MCX,50.000000,100,False
579345,GOLD28MAY27126500PE,GOLD,28MAY2027,12650000.000000,1,OPTFUT,MCX,50.000000,100,False
579349,SILVER26MAY27237000CE,SILVER,26MAY2027,23700000.000000,30,OPTFUT,MCX,50.000000,600,False
579351,SILVER26MAY27235000CE,SILVER,26MAY2027,23500000.000000,30,OPTFUT,MCX,50.000000,600,False
579357,SILVER26MAY27229000CE,SILVER,26MAY2027,22900000.000000,30,OPTFUT,MCX,50.000000,600,False
579358,SILVER26MAY27228000CE,SILVER,26MAY2027,22800000.000000,30,OPTFUT,MCX,50.000000,600,False
579372,SILVER26MAY27214000CE,SILVER,26MAY2027,21400000.000000,30,OPTFUT,MCX,50.000000,600,False
579666,SILVER28JUN27278000PE,SILVER,28JUN2027,27800000.000000,30,OPTFUT,MCX,50.000000,600,False
579684,SILVERM26MAY27228000CE,SILVERM,26MAY2027,22800000.000000,5,OPTFUT,MCX,50.000000,600,False
579686,SILVERM26MAY27226000CE,SILVERM,26MAY2027,22600000.000000,5,OPTFUT,MCX,50.000000,600,False
579696,SILVERM26MAY27216000CE,SILVERM,26MAY2027,21600000.000000,5,OPTFUT,MCX,50.000000,600,False
579387,SILVER26MAY27199000CE,SILVER,26MAY2027,19900000.000000,30,OPTFUT,MCX,50.000000,600,False
579398,SILVER26MAY27250000CE,SILVER,26MAY2027,25000000.000000,30,OPTFUT,MCX,50.000000,600,False
579408,SILVER26MAY27260000CE,SILVER,26MAY2027,26000000.000000,30,OPTFUT,MCX,50.000000,600,False
579409,SILVER26MAY27261000CE,SILVER,26MAY2027,26100000.000000,30,OPTFUT,MCX,50.000000,600,False
579702,SILVERM26MAY27210000CE,SILVERM,26MAY2027,21000000.000000,5,OPTFUT,MCX,50.000000,600,False
579703,SILVERM26MAY27209000CE,SILVERM,26MAY2027,20900000.000000,5,OPTFUT,MCX,50.000000,600,False
579704,SILVERM26MAY27208000CE,SILVERM,26MAY2027,20800000.000000,5,OPTFUT,MCX,50.000000,600,False
579705,SILVERM26MAY27207000CE,SILVERM,26MAY2027,20700000.000000,5,OPTFUT,MCX,50.000000,600,False
579412,SILVER26MAY27264000CE,SILVER,26MAY2027,26400000.000000,30,OPTFUT,MCX,50.000000,600,False
579425,SILVER26MAY27277000CE,SILVER,26MAY2027,27700000.000000,30,OPTFUT,MCX,50.000000,600,False
579437,SILVER28JUN27229000CE,SILVER,28JUN2027,22900000.000000,30,OPTFUT,MCX,50.000000,600,False
579438,SILVER28JUN27228000CE,SILVER,28JUN2027,22800000.000000,30,OPTFUT,MCX,50.000000,600,False
579716,SILVERM26MAY27250000CE,SILVERM,26MAY2027,25000000.000000,5,OPTFUT,MCX,50.000000,600,False
579720,SILVERM26MAY27254000CE,SILVERM,26MAY2027,25400000.000000,5,OPTFUT,MCX,50.000000,600,False
579729,SILVERM26MAY27263000CE,SILVERM,26MAY2027,26300000.000000,5,OPTFUT,MCX,50.000000,600,False
579732,SILVERM26MAY27266000CE,SILVERM,26MAY2027,26600000.000000,5,OPTFUT,MCX,50.000000,600,False
579444,SILVER28JUN27222000CE,SILVER,28JUN2027,22200000.000000,30,OPTFUT,MCX,50.000000,600,False
579450,SILVER28JUN27216000CE,SILVER,28JUN2027,21600000.000000,30,OPTFUT,MCX,50.000000,600,False
579451,SILVER28JUN27215000CE,SILVER,28JUN2027,21500000.000000,30,OPTFUT,MCX,50.000000,600,False
579453,SILVER28JUN27213000CE,SILVER,28JUN2027,21300000.000000,30,OPTFUT,MCX,50.000000,600,False
579746,SILVERM26MAY27280000CE,SILVERM,26MAY2027,28000000.000000,5,OPTFUT,MCX,50.000000,600,False
579753,SILVERM23JUN27239000CE,SILVERM,23JUN2027,23900000.000000,5,OPTFUT,MCX,50.000000,600,False
579759,SILVERM23JUN27233000CE,SILVERM,23JUN2027,23300000.000000,5,OPTFUT,MCX,50.000000,600,False
579762,SILVERM23JUN27230000CE,SILVERM,23JUN2027,23000000.000000,5,OPTFUT,MCX,50.000000,600,False
579456,SILVER28JUN27210000CE,SILVER,28JUN2027,21000000.000000,30,OPTFUT,MCX,50.000000,600,False
579482,SILVER28JUN27254000CE,SILVER,28JUN2027,25400000.000000,30,OPTFUT,MCX,50.000000,600,False
579493,SILVER28JUN27265000CE,SILVER,28JUN2027,26500000.000000,30,OPTFUT,MCX,50.000000,600,False
579494,SILVER28JUN27266000CE,SILVER,28JUN2027,26600000.000000,30,OPTFUT,MCX,50.000000,600,False
579783,SILVERM23JUN27209000CE,SILVERM,23JUN2027,20900000.000000,5,OPTFUT,MCX,50.000000,600,False
579784,SILVERM23JUN27208000CE,SILVERM,23JUN2027,20800000.000000,5,OPTFUT,MCX,50.000000,600,False
579799,SILVERM23JUN27253000CE,SILVERM,23JUN2027,25300000.000000,5,OPTFUT,MCX,50.000000,600,False
579800,SILVERM23JUN27254000CE,SILVERM,23JUN2027,25400000.000000,5,OPTFUT,MCX,50.000000,600,False
579504,SILVER28JUN27276000CE,SILVER,28JUN2027,27600000.000000,30,OPTFUT,MCX,50.000000,600,False
579505,SILVER28JUN27277000CE,SILVER,28JUN2027,27700000.000000,30,OPTFUT,MCX,50.000000,600,False
579515,SILVER26MAY27231000PE,SILVER,26MAY2027,23100000.000000,30,OPTFUT,MCX,50.000000,600,False
579523,SILVER26MAY27223000PE,SILVER,26MAY2027,22300000.000000,30,OPTFUT,MCX,50.000000,600,False
579808,SILVERM23JUN27262000CE,SILVERM,23JUN2027,26200000.000000,5,OPTFUT,MCX,50.000000,600,False
579814,SILVERM23JUN27268000CE,SILVERM,23JUN2027,26800000.000000,5,OPTFUT,MCX,50.000000,600,False
579818,SILVERM23JUN27272000CE,SILVERM,23JUN2027,27200000.000000,5,OPTFUT,MCX,50.000000,600,False
579819,SILVERM23JUN27273000CE,SILVERM,23JUN2027,27300000.000000,5,OPTFUT,MCX,50.000000,600,False
579532,SILVER26MAY27214000PE,SILVER,26MAY2027,21400000.000000,30,OPTFUT,MCX,50.000000,600,False
579541,SILVER26MAY27205000PE,SILVER,26MAY2027,20500000.000000,30,OPTFUT,MCX,50.000000,600,False
579542,SILVER26MAY27204000PE,SILVER,26MAY2027,20400000.000000,30,OPTFUT,MCX,50.000000,600,False
579548,SILVER26MAY27240000PE,SILVER,26MAY2027,24000000.000000,30,OPTFUT,MCX,50.000000,600,False
579833,SILVERM26MAY27241000PE,SILVERM,26MAY2027,24100000.000000,5,OPTFUT,MCX,50.000000,600,False
579839,SILVERM26MAY27235000PE,SILVERM,26MAY2027,23500000.000000,5,OPTFUT,MCX,50.000000,600,False
579850,SILVERM26MAY27224000PE,SILVERM,26MAY2027,22400000.000000,5,OPTFUT,MCX,50.000000,600,False
579864,SILVERM26MAY27210000PE,SILVERM,26MAY2027,21000000.000000,5,OPTFUT,MCX,50.000000,600,False
579553,SILVER26MAY27245000PE,SILVER,26MAY2027,24500000.000000,30,OPTFUT,MCX,50.000000,600,False
579554,SILVER26MAY27246000PE,SILVER,26MAY2027,24600000.000000,30,OPTFUT,MCX,50.000000,600,False
579572,SILVER26MAY27264000PE,SILVER,26MAY2027,26400000.000000,30,OPTFUT,MCX,50.000000,600,False
579573,SILVER26MAY27265000PE,SILVER,26MAY2027,26500000.000000,30,OPTFUT,MCX,50.000000,600,False
579604,SILVER28JUN27222000PE,SILVER,28JUN2027,22200000.000000,30,OPTFUT,MCX,50.000000,600,False
579610,SILVER28JUN27216000PE,SILVER,28JUN2027,21600000.000000,30,OPTFUT,MCX,50.000000,600,False
579630,SILVER28JUN27242000PE,SILVER,28JUN2027,24200000.000000,30,OPTFUT,MCX,50.000000,600,False
579631,SILVER28JUN27243000PE,SILVER,28JUN2027,24300000.000000,30,OPTFUT,MCX,50.000000,600,False
579872,SILVERM26MAY27244000PE,SILVERM,26MAY2027,24400000.000000,5,OPTFUT,MCX,50.000000,600,False
579906,SILVERM26MAY27278000PE,SILVERM,26MAY2027,27800000.000000,5,OPTFUT,MCX,50.000000,600,False
579909,SILVERM26MAY27281000PE,SILVERM,26MAY2027,28100000.000000,5,OPTFUT,MCX,50.000000,600,False
579921,SILVERM23JUN27233000PE,SILVERM,23JUN2027,23300000.000000,5,OPTFUT,MCX,50.000000,600,False
579656,SILVER28JUN27268000PE,SILVER,28JUN2027,26800000.000000,30,OPTFUT,MCX,50.000000,600,False
579667,SILVER28JUN27279000PE,SILVER,28JUN2027,27900000.000000,30,OPTFUT,MCX,50.000000,600,False
579669,SILVERM23APR27200000CE,SILVERM,23APR2027,20000000.000000,5,OPTFUT,MCX,50.000000,600,False
579670,SILVERM26MAY27242000CE,SILVERM,26MAY2027,24200000.000000,5,OPTFUT,MCX,50.000000,600,False
579922,SILVERM23JUN27232000PE,SILVERM,23JUN2027,23200000.000000,5,OPTFUT,MCX,50.000000,600,False
579935,SILVERM23JUN27219000PE,SILVERM,23JUN2027,21900000.000000,5,OPTFUT,MCX,50.000000,600,False
579937,SILVERM23JUN27217000PE,SILVERM,23JUN2027,21700000.000000,5,OPTFUT,MCX,50.000000,600,False
579938,SILVERM23JUN27216000PE,SILVERM,23JUN2027,21600000.000000,5,OPTFUT,MCX,50.000000,600,False
579675,SILVERM26MAY27237000CE,SILVERM,26MAY2027,23700000.000000,5,OPTFUT,MCX,50.000000,600,False
579708,SILVERM26MAY27204000CE,SILVERM,26MAY2027,20400000.000000,5,OPTFUT,MCX,50.000000,600,False
579711,SILVERM26MAY27245000CE,SILVERM,26MAY2027,24500000.000000,5,OPTFUT,MCX,50.000000,600,False
579721,SILVERM26MAY27255000CE,SILVERM,26MAY2027,25500000.000000,5,OPTFUT,MCX,50.000000,600,False
579942,SILVERM23JUN27212000PE,SILVERM,23JUN2027,21200000.000000,5,OPTFUT,MCX,50.000000,600,False
579944,SILVERM23JUN27210000PE,SILVERM,23JUN2027,21000000.000000,5,OPTFUT,MCX,50.000000,600,False
579952,SILVERM23JUN27244000PE,SILVERM,23JUN2027,24400000.000000,5,OPTFUT,MCX,50.000000,600,False
579958,SILVERM23JUN27250000PE,SILVERM,23JUN2027,25000000.000000,5,OPTFUT,MCX,50.000000,600,False
579726,SILVERM26MAY27260000CE,SILVERM,26MAY2027,26000000.000000,5,OPTFUT,MCX,50.000000,600,False
579733,SILVERM26MAY27267000CE,SILVERM,26MAY2027,26700000.000000,5,OPTFUT,MCX,50.000000,600,False
579734,SILVERM26MAY27268000CE,SILVERM,26MAY2027,26800000.000000,5,OPTFUT,MCX,50.000000,600,False
579743,SILVERM26MAY27277000CE,SILVERM,26MAY2027,27700000.000000,5,OPTFUT,MCX,50.000000,600,False
579763,SILVERM23JUN27229000CE,SILVERM,23JUN2027,22900000.000000,5,OPTFUT,MCX,50.000000,600,False
579772,SILVERM23JUN27220000CE,SILVERM,23JUN2027,22000000.000000,5,OPTFUT,MCX,50.000000,600,False
579786,SILVERM23JUN27206000CE,SILVERM,23JUN2027,20600000.000000,5,OPTFUT,MCX,50.000000,600,False
579791,SILVERM23JUN27245000CE,SILVERM,23JUN2027,24500000.000000,5,OPTFUT,MCX,50.000000,600,False
579961,SILVERM23JUN27253000PE,SILVERM,23JUN2027,25300000.000000,5,OPTFUT,MCX,50.000000,600,False
579963,SILVERM23JUN27255000PE,SILVERM,23JUN2027,25500000.000000,5,OPTFUT,MCX,50.000000,600,False
579968,SILVERM23JUN27260000PE,SILVERM,23JUN2027,26000000.000000,5,OPTFUT,MCX,50.000000,600,False
579978,SILVERM23JUN27270000PE,SILVERM,23JUN2027,27000000.000000,5,OPTFUT,MCX,50.000000,600,False
579802,SILVERM23JUN27256000CE,SILVERM,23JUN2027,25600000.000000,5,OPTFUT,MCX,50.000000,600,False
579803,SILVERM23JUN27257000CE,SILVERM,23JUN2027,25700000.000000,5,OPTFUT,MCX,50.000000,600,False
579815,SILVERM23JUN27269000CE,SILVERM,23JUN2027,26900000.000000,5,OPTFUT,MCX,50.000000,600,False
579832,SILVERM26MAY27242000PE,SILVERM,26MAY2027,24200000.000000,5,OPTFUT,MCX,50.000000,600,False
579979,SILVERM23JUN27271000PE,SILVERM,23JUN2027,27100000.000000,5,OPTFUT,MCX,50.000000,600,False
579990,SILVERM23JUN27282000PE,SILVERM,23JUN2027,28200000.000000,5,OPTFUT,MCX,50.000000,600,False
579999,GOLD25SEP26116000CE,GOLD,25SEP2026,11600000.000000,1,OPTFUT,MCX,50.000000,100,False
579834,SILVERM26MAY27240000PE,SILVERM,26MAY2027,24000000.000000,5,OPTFUT,MCX,50.000000,600,False
579866,SILVERM26MAY27208000PE,SILVERM,26MAY2027,20800000.000000,5,OPTFUT,MCX,50.000000,600,False
579881,SILVERM26MAY27253000PE,SILVERM,26MAY2027,25300000.000000,5,OPTFUT,MCX,50.000000,600,False
579882,SILVERM26MAY27254000PE,SILVERM,26MAY2027,25400000.000000,5,OPTFUT,MCX,50.000000,600,False
579918,SILVERM23JUN27236000PE,SILVERM,23JUN2027,23600000.000000,5,OPTFUT,MCX,50.000000,600,False
579926,SILVERM23JUN27228000PE,SILVERM,23JUN2027,22800000.000000,5,OPTFUT,MCX,50.000000,600,False
579929,SILVERM23JUN27225000PE,SILVERM,23JUN2027,22500000.000000,5,OPTFUT,MCX,50.000000,600,False
579934,SILVERM23JUN27220000PE,SILVERM,23JUN2027,22000000.000000,5,OPTFUT,MCX,50.000000,600,False
579950,SILVERM23JUN27204000PE,SILVERM,23JUN2027,20400000.000000,5,OPTFUT,MCX,50.000000,600,False
579971,SILVERM23JUN27263000PE,SILVERM,23JUN2027,26300000.000000,5,OPTFUT,MCX,50.000000,600,False
579975,SILVERM23JUN27267000PE,SILVERM,23JUN2027,26700000.000000,5,OPTFUT,MCX,50.000000,600,False
579977,SILVERM23JUN27269000PE,SILVERM,23JUN2027,26900000.000000,5,OPTFUT,MCX,50.000000,600,False
579980,SILVERM23JUN27272000PE,SILVERM,23JUN2027,27200000.000000,5,OPTFUT,MCX,50.000000,600,False
579981,SILVERM23JUN27273000PE,SILVERM,23JUN2027,27300000.000000,5,OPTFUT,MCX,50.000000,600,False
580007,GOLD27NOV26119500CE,GOLD,27NOV2026,11950000.000000,1,OPTFUT,MCX,50.000000,100,False
580024,GOLD29JAN27121500CE,GOLD,29JAN2027,12150000.000000,1,OPTFUT,MCX,50.000000,100,False
580057,GOLD30APR27122500CE,GOLD,30APR2027,12250000.000000,1,OPTFUT,MCX,50.000000,100,False
580066,GOLD28MAY27124000CE,GOLD,28MAY2027,12400000.000000,1,OPTFUT,MCX,50.000000,100,False
580074,GOLD28MAY27120000CE,GOLD,28MAY2027,12000000.000000,1,OPTFUT,MCX,50.000000,100,False
580079,GOLD25SEP26117000PE,GOLD,25SEP2026,11700000.000000,1,OPTFUT,MCX,50.000000,100,False
580031,GOLD29JAN27118000CE,GOLD,29JAN2027,11800000.000000,1,OPTFUT,MCX,50.000000,100,False
580084,GOLD30OCT26118500PE,GOLD,30OCT2026,11850000.000000,1,OPTFUT,MCX,50.000000,100,False
580110,GOLD29JAN27119500PE,GOLD,29JAN2027,11950000.000000,1,OPTFUT,MCX,50.000000,100,False
580121,GOLD26FEB27119500PE,GOLD,26FEB2027,11950000.000000,1,OPTFUT,MCX,50.000000,100,False
580035,GOLD26FEB27121500CE,GOLD,26FEB2027,12150000.000000,1,OPTFUT,MCX,50.000000,100,False
580065,GOLD28MAY27124500CE,GOLD,28MAY2027,12450000.000000,1,OPTFUT,MCX,50.000000,100,False
580070,GOLD28MAY27122000CE,GOLD,28MAY2027,12200000.000000,1,OPTFUT,MCX,50.000000,100,False
580089,GOLD27NOV26119500PE,GOLD,27NOV2026,11950000.000000,1,OPTFUT,MCX,50.000000,100,False
580090,GOLD27NOV26119000PE,GOLD,27NOV2026,11900000.000000,1,OPTFUT,MCX,50.000000,100,False
580109,GOLD29JAN27120000PE,GOLD,29JAN2027,12000000.000000,1,OPTFUT,MCX,50.000000,100,False
580111,GOLD29JAN27119000PE,GOLD,29JAN2027,11900000.000000,1,OPTFUT,MCX,50.000000,100,False
580125,GOLD29MAR27122500PE,GOLD,29MAR2027,12250000.000000,1,OPTFUT,MCX,50.000000,100,False
580128,GOLD29MAR27121000PE,GOLD,29MAR2027,12100000.000000,1,OPTFUT,MCX,50.000000,100,False
580129,GOLD29MAR27120500PE,GOLD,29MAR2027,12050000.000000,1,OPTFUT,MCX,50.000000,100,False
580131,GOLD29MAR27119500PE,GOLD,29MAR2027,11950000.000000,1,OPTFUT,MCX,50.000000,100,False
580142,GOLD30APR27121000PE,GOLD,30APR2027,12100000.000000,1,OPTFUT,MCX,50.000000,100,False
580148,GOLD28MAY27124000PE,GOLD,28MAY2027,12400000.000000,1,OPTFUT,MCX,50.000000,100,False
580150,GOLD28MAY27123000PE,GOLD,28MAY2027,12300000.000000,1,OPTFUT,MCX,50.000000,100,False
580159,GOLDM25SEP26117500CE,GOLDM,25SEP2026,11750000.000000,100,OPTFUT,MCX,50.000000,10000,False
580160,GOLDM25SEP26117000CE,GOLDM,25SEP2026,11700000.000000,100,OPTFUT,MCX,50.000000,10000,False
580202,SILVERM28DEC26195000CE,SILVERM,28DEC2026,19500000.000000,5,OPTFUT,MCX,50.000000,600,False
580205,SILVERM25JAN27195000CE,SILVERM,25JAN2027,19500000.000000,5,OPTFUT,MCX,50.000000,600,False
580218,SILVERM23JUN27201000CE,SILVERM,23JUN2027,20100000.000000,5,OPTFUT,MCX,50.000000,600,False
580228,SILVERM28DEC26194000PE,SILVERM,28DEC2026,19400000.000000,5,OPTFUT,MCX,50.000000,600,False
580229,SILVERM28DEC26193000PE,SILVERM,28DEC2026,19300000.000000,5,OPTFUT,MCX,50.000000,600,False
580242,SILVERM23JUN27202000PE,SILVERM,23JUN2027,20200000.000000,5,OPTFUT,MCX,50.000000,600,False
580243,SILVERM23JUN27201000PE,SILVERM,23JUN2027,20100000.000000,5,OPTFUT,MCX,50.000000,600,False
580258,SILVER27OCT26181000CE,SILVER,27OCT2026,18100000.000000,30,OPTFUT,MCX,50.000000,600,False
580260,SILVER28DEC26186000CE,SILVER,28DEC2026,18600000.000000,30,OPTFUT,MCX,50.000000,600,False
580261,SILVER28DEC26185000CE,SILVER,28DEC2026,18500000.000000,30,OPTFUT,MCX,50.000000,600,False
580279,SILVER28JUN27190000CE,SILVER,28JUN2027,19000000.000000,30,OPTFUT,MCX,50.000000,600,False
580280,SILVER24SEP26181000PE,SILVER,24SEP2026,18100000.000000,30,OPTFUT,MCX,50.000000,600,False
580284,SILVER28DEC26185000PE,SILVER,28DEC2026,18500000.000000,30,OPTFUT,MCX,50.000000,600,False
580301,SILVER28JUN27191000PE,SILVER,28JUN2027,19100000.000000,30,OPTFUT,MCX,50.000000,600,False
580318,SILVERM25MAR27194000CE,SILVERM,25MAR2027,19400000.000000,5,OPTFUT,MCX,50.000000,600,False
580347,SILVERM25MAR27195000PE,SILVERM,25MAR2027,19500000.000000,5,OPTFUT,MCX,50.000000,600,False
580350,SILVERM23APR27197000PE,SILVERM,23APR2027,19700000.000000,5,OPTFUT,MCX,50.000000,600,False
580369,CRUDEOILM17SEP2611400PE,CRUDEOILM,17SEP2026,1140000.000000,10,OPTFUT,MCX,5.000000,10000,False
580379,CRUDEOIL17SEP2611600CE,CRUDEOIL,17SEP2026,1160000.000000,100,OPTFUT,MCX,10.000000,10000,False
580386,CRUDEOIL15OCT267400CE,CRUDEOIL,15OCT2026,740000.000000,100,OPTFUT,MCX,10.000000,10000,False
580397,CRUDEOIL15OCT266850CE,CRUDEOIL,15OCT2026,685000.000000,100,OPTFUT,MCX,10.000000,10000,False
580400,CRUDEOIL15OCT266700CE,CRUDEOIL,15OCT2026,670000.000000,100,OPTFUT,MCX,10.000000,10000,False
580407,CRUDEOIL15OCT266350CE,CRUDEOIL,15OCT2026,635000.000000,100,OPTFUT,MCX,10.000000,10000,False
580431,CRUDEOIL15OCT265150CE,CRUDEOIL,15OCT2026,515000.000000,100,OPTFUT,MCX,10.000000,10000,False
580463,CRUDEOIL15OCT268200CE,CRUDEOIL,15OCT2026,820000.000000,100,OPTFUT,MCX,10.000000,10000,False
580464,CRUDEOIL15OCT268250CE,CRUDEOIL,15OCT2026,825000.000000,100,OPTFUT,MCX,10.000000,10000,False
580467,CRUDEOIL15OCT268400CE,CRUDEOIL,15OCT2026,840000.000000,100,OPTFUT,MCX,10.000000,10000,False
580473,CRUDEOIL15OCT268700CE,CRUDEOIL,15OCT2026,870000.000000,100,OPTFUT,MCX,10.000000,10000,False
580474,CRUDEOIL15OCT268750CE,CRUDEOIL,15OCT2026,875000.000000,100,OPTFUT,MCX,10.000000,10000,False
580482,CRUDEOIL15OCT269150CE,CRUDEOIL,15OCT2026,915000.000000,100,OPTFUT,MCX,10.000000,10000,False
580483,CRUDEOIL15OCT269200CE,CRUDEOIL,15OCT2026,920000.000000,100,OPTFUT,MCX,10.000000,10000,False
580495,CRUDEOIL15OCT269800CE,CRUDEOIL,15OCT2026,980000.000000,100,OPTFUT,MCX,10.000000,10000,False
123,RBDPMOLEINCOM,RBDPMOLEIN,,0.000000,10,COMDTY,MCX,1000.000000,99999999,False
132,NYSPOTGOLDCOM,NYSPOTGOLD,,0.000000,1000,COMDTY,MCX,5.000000,99999999,False
580499,CRUDEOIL15OCT2610000CE,CRUDEOIL,15OCT2026,1000000.000000,100,OPTFUT,MCX,10.000000,10000,False
580500,CRUDEOIL15OCT2610050CE,CRUDEOIL,15OCT2026,1005000.000000,100,OPTFUT,MCX,10.000000,10000,False
580501,CRUDEOIL15OCT2610100CE,CRUDEOIL,15OCT2026,1010000.000000,100,OPTFUT,MCX,10.000000,10000,False
580511,CRUDEOIL15OCT2610600CE,CRUDEOIL,15OCT2026,1060000.000000,100,OPTFUT,MCX,10.000000,10000,False
133,NYSPOTSLVCOM,NYSPOTSLV,,0.000000,30,COMDTY,MCX,5.000000,99999999,False
141,DLHSPOTSLVCOM,DLHSPOTSLV,,0.000000,30,COMDTY,MCX,5.000000,99999999,False
144,COMXGLDJUNCOM,COMXGLDJUN,,0.000000,1000,COMDTY,MCX,5.000000,99999999,False
150,COMXSLVJULCOM,COMXSLVJUL,,0.000000,30,COMDTY,MCX,5.000000,99999999,False
580515,CRUDEOIL15OCT2610800CE,CRUDEOIL,15OCT2026,1080000.000000,100,OPTFUT,MCX,10.000000,10000,False
580529,CRUDEOIL15OCT2611500CE,CRUDEOIL,15OCT2026,1150000.000000,100,OPTFUT,MCX,10.000000,10000,False
580536,CRUDEOIL15OCT267450PE,CRUDEOIL,15OCT2026,745000.000000,100,OPTFUT,MCX,10.000000,10000,False
580544,CRUDEOIL15OCT267050PE,CRUDEOIL,15OCT2026,705000.000000,100,OPTFUT,MCX,10.000000,10000,False
159,LMETINFUTCOM,LMETINFUT,,0.000000,500,COMDTY,MCX,5.000000,99999999,False
168,MUSTRDSEEDCOM,MUSTRDSEED,,0.000000,10,COMDTY,MCX,5.000000,99999999,False
183,STLLNGMUZFCOM,STLLNGMUZF,,0.000000,25000,COMDTY,MCX,5.000000,99999999,False
189,SOYBEANOCTCOM,SOYBEANOCT,,0.000000,1000,COMDTY,MCX,5.000000,99999999,False
580546,CRUDEOIL15OCT266950PE,CRUDEOIL,15OCT2026,695000.000000,100,OPTFUT,MCX,10.000000,10000,False
580554,CRUDEOIL15OCT266550PE,CRUDEOIL,15OCT2026,655000.000000,100,OPTFUT,MCX,10.000000,10000,False
580557,CRUDEOIL15OCT266400PE,CRUDEOIL,15OCT2026,640000.000000,100,OPTFUT,MCX,10.000000,10000,False
580563,CRUDEOIL15OCT266100PE,CRUDEOIL,15OCT2026,610000.000000,100,OPTFUT,MCX,10.000000,10000,False
194,MUSTROILHACOM,MUSTROILHA,,0.000000,1000,COMDTY,MCX,5.000000,99999999,False
215,GURSPTMUZFCOM,GURSPTMUZF,,0.000000,4000,COMDTY,MCX,5.000000,99999999,False
224,CASHEWSPOTCOM,CASHEWSPOT,,0.000000,1130,COMDTY,MCX,100.000000,99999999,False
225,REFSOYDECCOM,REFSOYDEC,,0.000000,1000,COMDTY,MCX,5.000000,99999999,False
580567,CRUDEOIL15OCT265900PE,CRUDEOIL,15OCT2026,590000.000000,100,OPTFUT,MCX,10.000000,10000,False
580572,CRUDEOIL15OCT265650PE,CRUDEOIL,15OCT2026,565000.000000,100,OPTFUT,MCX,10.000000,10000,False
580618,CRUDEOIL15OCT268400PE,CRUDEOIL,15OCT2026,840000.000000,100,OPTFUT,MCX,10.000000,10000,False
580628,CRUDEOIL15OCT268900PE,CRUDEOIL,15OCT2026,890000.000000,100,OPTFUT,MCX,10.000000,10000,False
238,SOYMEALIDRCOM,SOYMEALIDR,,0.000000,10000,COMDTY,MCX,5.000000,99999999,False
241,SCSTRSDKDICOM,SCSTRSDKDI,,0.000000,10000,COMDTY,MCX,5.000000,99999999,False
247,SCOTCKAKLCOM,SCOTCKAKL,,0.000000,5000,COMDTY,MCX,5.000000,99999999,False
261,SSTLFLTMUMCOM,SSTLFLTMUM,,0.000000,25000,COMDTY,MCX,5.000000,99999999,False
580637,CRUDEOIL15OCT269350PE,CRUDEOIL,15OCT2026,935000.000000,100,OPTFUT,MCX,10.000000,10000,False
580644,CRUDEOIL15OCT269700PE,CRUDEOIL,15OCT2026,970000.000000,100,OPTFUT,MCX,10.000000,10000,False
580648,CRUDEOIL15OCT269900PE,CRUDEOIL,15OCT2026,990000.000000,100,OPTFUT,MCX,10.000000,10000,False
580649,CRUDEOIL15OCT269950PE,CRUDEOIL,15OCT2026,995000.000000,100,OPTFUT,MCX,10.000000,10000,False
271,SCSTROLKNDCOM,SCSTROLKND,,0.000000,1000,COMDTY,MCX,5.000000,99999999,False
272,SSOYSDNDRCOM,SSOYSDNDR,,0.000000,10000,COMDTY,MCX,5.000000,99999999,False
273,SSOYOILNDRCOM,SSOYOILNDR,,0.000000,10000,COMDTY,MCX,5.000000,99999999,False
284,NYMXCOPSPTCOM,NYMXCOPSPT,,0.000000,1000,COMDTY,MCX,5.000000,99999999,False
580653,CRUDEOIL15OCT2610150PE,CRUDEOIL,15OCT2026,1015000.000000,100,OPTFUT,MCX,10.000000,10000,False
580679,CRUDEOIL15OCT2611450PE,CRUDEOIL,15OCT2026,1145000.000000,100,OPTFUT,MCX,10.000000,10000,False
580683,CRUDEOILM15OCT267650CE,CRUDEOILM,15OCT2026,765000.000000,10,OPTFUT,MCX,5.000000,10000,False
580688,CRUDEOILM15OCT267400CE,CRUDEOILM,15OCT2026,740000.000000,10,OPTFUT,MCX,5.000000,10000,False
295,NYCRDOLAPRCOM,NYCRDOLAPR,,0.000000,100,COMDTY,MCX,100.000000,99999999,False
298,SRBATIRICECOM,SRBATIRICE,,0.000000,10,COMDTY,MCX,100.000000,99999999,False
304,REFSOYMAYCOM,REFSOYMAY,,0.000000,1,COMDTY,MCX,10.000000,99999999,False
339,IPEBCRDSEPCOM,IPEBCRDSEP,,0.000000,100,COMDTY,MCX,5.000000,99999999,False
580692,CRUDEOILM15OCT267200CE,CRUDEOILM,15OCT2026,720000.000000,10,OPTFUT,MCX,5.000000,10000,False
580695,CRUDEOILM15OCT267050CE,CRUDEOILM,15OCT2026,705000.000000,10,OPTFUT,MCX,5.000000,10000,False
580698,CRUDEOILM15OCT266900CE,CRUDEOILM,15OCT2026,690000.000000,10,OPTFUT,MCX,5.000000,10000,False
580711,CRUDEOILM15OCT266250CE,CRUDEOILM,15OCT2026,625000.000000,10,OPTFUT,MCX,5.000000,10000,False
343,GOLDAHMCOM,GOLDAHM,,0.000000,1,COMDTY,MCX,100.000000,99999999,False
348,GOLDMDELCOM,GOLDMDEL,,0.000000,100,COMDTY,MCX,100.000000,99999999,False
357,FURNACEOILCOM,FURNACEOIL,,0.000000,10,COMDTY,MCX,100.000000,99999999,False
361,SPONGEIRONCOM,SPONGEIRON,,0.000000,15,COMDTY,MCX,500.000000,99999999,False
580723,CRUDEOILM15OCT265650CE,CRUDEOILM,15OCT2026,565000.000000,10,OPTFUT,MCX,5.000000,10000,False
580735,CRUDEOILM15OCT265050CE,CRUDEOILM,15OCT2026,505000.000000,10,OPTFUT,MCX,5.000000,10000,False
580749,CRUDEOILM15OCT264350CE,CRUDEOILM,15OCT2026,435000.000000,10,OPTFUT,MCX,5.000000,10000,False
580784,CRUDEOILM15OCT269150CE,CRUDEOILM,15OCT2026,915000.000000,10,OPTFUT,MCX,5.000000,10000,False
362,SSPGIRONRPCOM,SSPGIRONRP,,0.000000,15,COMDTY,MCX,500.000000,99999999,False
366,IGOLDMUMCOM,IGOLDMUM,,0.000000,1,COMDTY,MCX,100.000000,99999999,False
367,IGOLDDELCOM,IGOLDDEL,,0.000000,1,COMDTY,MCX,100.000000,99999999,False
390,SSUGARMDLHCOM,SSUGARMDLH,,0.000000,10,COMDTY,MCX,100.000000,99999999,False
580786,CRUDEOILM15OCT269250CE,CRUDEOILM,15OCT2026,925000.000000,10,OPTFUT,MCX,5.000000,10000,False
580814,CRUDEOILM15OCT2610650CE,CRUDEOILM,15OCT2026,1065000.000000,10,OPTFUT,MCX,5.000000,10000,False
580831,CRUDEOILM15OCT2611500CE,CRUDEOILM,15OCT2026,1150000.000000,10,OPTFUT,MCX,5.000000,10000,False
580838,CRUDEOILM15OCT267450PE,CRUDEOILM,15OCT2026,745000.000000,10,OPTFUT,MCX,5.000000,10000,False
399,SCSTRSDAHMCOM,SCSTRSDAHM,,0.000000,10,COMDTY,MCX,50.000000,99999999,False
403,SURADJLNCOM,SURADJLN,,0.000000,100,COMDTY,MCX,5.000000,99999999,False
405,SCSTRSDRJKCOM,SCSTRSDRJK,,0.000000,5,COMDTY,MCX,50.000000,99999999,False
411,SSUGARSKLPCOM,SSUGARSKLP,,0.000000,10,COMDTY,MCX,100.000000,99999999,False
580852,CRUDEOILM15OCT266750PE,CRUDEOILM,15OCT2026,675000.000000,10,OPTFUT,MCX,5.000000,10000,False
580854,CRUDEOILM15OCT266650PE,CRUDEOILM,15OCT2026,665000.000000,10,OPTFUT,MCX,5.000000,10000,False
580858,CRUDEOILM15OCT266450PE,CRUDEOILM,15OCT2026,645000.000000,10,OPTFUT,MCX,5.000000,10000,False
580873,CRUDEOILM15OCT265700PE,CRUDEOILM,15OCT2026,570000.000000,10,OPTFUT,MCX,5.000000,10000,False
415,SCOFROBKSNCOM,SCOFROBKSN,,0.000000,1,COMDTY,MCX,100.000000,99999999,False
420,SSTEELLGVDCOM,SSTEELLGVD,,0.000000,10,COMDTY,MCX,500.000000,99999999,False
433,SATFMUMCOM,SATFMUM,,0.000000,100,COMDTY,MCX,100.000000,99999999,False
455,SHOMUMCOM,SHOMUM,,0.000000,4200,COMDTY,MCX,5.000000,99999999,False
580876,CRUDEOILM15OCT265550PE,CRUDEOILM,15OCT2026,555000.000000,10,OPTFUT,MCX,5.000000,10000,False
580883,CRUDEOILM15OCT265200PE,CRUDEOILM,15OCT2026,520000.000000,10,OPTFUT,MCX,5.000000,10000,False
580895,CRUDEOILM15OCT264600PE,CRUDEOILM,15OCT2026,460000.000000,10,OPTFUT,MCX,5.000000,10000,False
580898,CRUDEOILM15OCT264450PE,CRUDEOILM,15OCT2026,445000.000000,10,OPTFUT,MCX,5.000000,10000,False
475,GASOLINECOM,GASOLINE,,0.000000,4200,COMDTY,MCX,500.000000,99999999,False
481,TCOALCOM,TCOAL,,0.000000,100,COMDTY,MCX,10000.000000,99999999,False
501,ZINCMINICOM,ZINCMINI,,0.000000,1,COMDTY,MCX,5.000000,99999999,False
483080,SILVERM30NOV26FUT,SILVERM,30NOV2026,0.000000,5,FUTCOM,MCX,100.000000,600,False
580913,CRUDEOILM15OCT268050PE,CRUDEOILM,15OCT2026,805000.000000,10,OPTFUT,MCX,5.000000,10000,False
580915,CRUDEOILM15OCT268150PE,CRUDEOILM,15OCT2026,815000.000000,10,OPTFUT,MCX,5.000000,10000,False
580947,CRUDEOILM15OCT269750PE,CRUDEOILM,15OCT2026,975000.000000,10,OPTFUT,MCX,5.000000,10000,False
580954,CRUDEOILM15OCT2610100PE,CRUDEOILM,15OCT2026,1010000.000000,10,OPTFUT,MCX,5.000000,10000,False
507,SLDMININTCOM,SLDMININT,,0.000000,1,COMDTY,MCX,5.000000,99999999,False
545,SILVER1000COM,SILVER1000,,0.000000,1,COMDTY,MCX,10000.000000,99999999,False
555,SCRDOLMINTCOM,SCRDOLMINT,,0.000000,10,COMDTY,MCX,100.000000,99999999,False
513445,GOLD25SEP26163500CE,GOLD,25SEP2026,16350000.000000,1,OPTFUT,MCX,50.000000,100,False
580955,CRUDEOILM15OCT2610150PE,CRUDEOILM,15OCT2026,1015000.000000,10,OPTFUT,MCX,5.000000,10000,False
580965,CRUDEOILM15OCT2610650PE,CRUDEOILM,15OCT2026,1065000.000000,10,OPTFUT,MCX,5.000000,10000,False
580970,CRUDEOILM15OCT2610900PE,CRUDEOILM,15OCT2026,1090000.000000,10,OPTFUT,MCX,5.000000,10000,False
580978,CRUDEOILM15OCT2611300PE,CRUDEOILM,15OCT2026,1130000.000000,10,OPTFUT,MCX,5.000000,10000,False
555440,SILVERM24SEP26285000PE,SILVERM,24SEP2026,28500000.000000,5,OPTFUT,MCX,50.000000,600,False
555521,SILVERM27OCT26285000PE,SILVERM,27OCT2026,28500000.000000,5,OPTFUT,MCX,50.000000,600,False
556440,GOLD25SEP26155500CE,GOLD,25SEP2026,15550000.000000,1,OPTFUT,MCX,50.000000,100,False
556449,GOLD25SEP26151000CE,GOLD,25SEP2026,15100000.000000,1,OPTFUT,MCX,50.000000,100,False
580989,CRUDEOIL17SEP2611750CE,CRUDEOIL,17SEP2026,1175000.000000,100,OPTFUT,MCX,10.000000,10000,False
580999,CRUDEOILM17SEP2611750CE,CRUDEOILM,17SEP2026,1175000.000000,10,OPTFUT,MCX,5.000000,10000,False
581011,CRUDEOIL17SEP2611900PE,CRUDEOIL,17SEP2026,1190000.000000,100,OPTFUT,MCX,10.000000,10000,False
581020,SILVERM23JUN27285000CE,SILVERM,23JUN2027,28500000.000000,5,OPTFUT,MCX,50.000000,600,False
581034,CRUDEOILM15OCT2611600CE,CRUDEOILM,15OCT2026,1160000.000000,10,OPTFUT,MCX,5.000000,10000,False
581042,CRUDEOIL17SEP2612000CE,CRUDEOIL,17SEP2026,1200000.000000,100,OPTFUT,MCX,10.000000,10000,False
581046,CRUDEOIL17SEP2612200CE,CRUDEOIL,17SEP2026,1220000.000000,100,OPTFUT,MCX,10.000000,10000,False
581048,CRUDEOIL17SEP2612300CE,CRUDEOIL,17SEP2026,1230000.000000,100,OPTFUT,MCX,10.000000,10000,False
556450,GOLD25SEP26150500CE,GOLD,25SEP2026,15050000.000000,1,OPTFUT,MCX,50.000000,100,False
556462,GOLD25SEP26144500CE,GOLD,25SEP2026,14450000.000000,1,OPTFUT,MCX,50.000000,100,False
556474,GOLD25SEP26138500CE,GOLD,25SEP2026,13850000.000000,1,OPTFUT,MCX,50.000000,100,False
556476,GOLD25SEP26164500CE,GOLD,25SEP2026,16450000.000000,1,OPTFUT,MCX,50.000000,100,False
556519,GOLD25SEP26186000CE,GOLD,25SEP2026,18600000.000000,1,OPTFUT,MCX,50.000000,100,False
556522,GOLD25SEP26187500CE,GOLD,25SEP2026,18750000.000000,1,OPTFUT,MCX,50.000000,100,False
556524,GOLD25SEP26188500CE,GOLD,25SEP2026,18850000.000000,1,OPTFUT,MCX,50.000000,100,False
556526,GOLD30OCT26165000CE,GOLD,30OCT2026,16500000.000000,1,OPTFUT,MCX,50.000000,100,False
581052,CRUDEOIL15OCT2611800CE,CRUDEOIL,15OCT2026,1180000.000000,100,OPTFUT,MCX,10.000000,10000,False
581054,CRUDEOIL15OCT2611900CE,CRUDEOIL,15OCT2026,1190000.000000,100,OPTFUT,MCX,10.000000,10000,False
581063,CRUDEOIL17SEP2612250PE,CRUDEOIL,17SEP2026,1225000.000000,100,OPTFUT,MCX,10.000000,10000,False
581071,CRUDEOIL15OCT2611950PE,CRUDEOIL,15OCT2026,1195000.000000,100,OPTFUT,MCX,10.000000,10000,False
556527,GOLD30OCT26164500CE,GOLD,30OCT2026,16450000.000000,1,OPTFUT,MCX,50.000000,100,False
556538,GOLD30OCT26159000CE,GOLD,30OCT2026,15900000.000000,1,OPTFUT,MCX,50.000000,100,False
556546,GOLD30OCT26155000CE,GOLD,30OCT2026,15500000.000000,1,OPTFUT,MCX,50.000000,100,False
556565,GOLD30OCT26145500CE,GOLD,30OCT2026,14550000.000000,1,OPTFUT,MCX,50.000000,100,False
581097,CRUDEOILM17SEP2612250PE,CRUDEOILM,17SEP2026,1225000.000000,10,OPTFUT,MCX,5.000000,10000,False
581100,CRUDEOILM15OCT2611700PE,CRUDEOILM,15OCT2026,1170000.000000,10,OPTFUT,MCX,5.000000,10000,False
581108,CRUDEOIL15OCT263900CE,CRUDEOIL,15OCT2026,390000.000000,100,OPTFUT,MCX,10.000000,10000,False
581128,NATGASMINI23SEP2675CE,NATGASMINI,23SEP2026,7500.000000,250,OPTFUT,MCX,5.000000,60000,False
556566,GOLD30OCT26145000CE,GOLD,30OCT2026,14500000.000000,1,OPTFUT,MCX,50.000000,100,False
556571,GOLD30OCT26142500CE,GOLD,30OCT2026,14250000.000000,1,OPTFUT,MCX,50.000000,100,False
556578,GOLD30OCT26168000CE,GOLD,30OCT2026,16800000.000000,1,OPTFUT,MCX,50.000000,100,False
556579,GOLD30OCT26168500CE,GOLD,30OCT2026,16850000.000000,1,OPTFUT,MCX,50.000000,100,False
581146,CRUDEOIL15OCT263550PE,CRUDEOIL,15OCT2026,355000.000000,100,OPTFUT,MCX,10.000000,10000,False
581164,NATURALGAS23OCT26220CE,NATURALGAS,23OCT2026,22000.000000,1250,OPTFUT,MCX,5.000000,60000,False
581168,NATURALGAS23OCT26200CE,NATURALGAS,23OCT2026,20000.000000,1250,OPTFUT,MCX,5.000000,60000,False
581169,NATURALGAS23OCT26195CE,NATURALGAS,23OCT2026,19500.000000,1250,OPTFUT,MCX,5.000000,60000,False
581180,NATURALGAS23OCT26140CE,NATURALGAS,23OCT2026,14000.000000,1250,OPTFUT,MCX,5.000000,60000,False
581193,NATURALGAS23OCT26305CE,NATURALGAS,23OCT2026,30500.000000,1250,OPTFUT,MCX,5.000000,60000,False
581198,NATURALGAS23OCT26330CE,NATURALGAS,23OCT2026,33000.000000,1250,OPTFUT,MCX,5.000000,60000,False
581217,NATURALGAS23OCT26425CE,NATURALGAS,23OCT2026,42500.000000,1250,OPTFUT,MCX,5.000000,60000,False
556586,GOLD30OCT26172000CE,GOLD,30OCT2026,17200000.000000,1,OPTFUT,MCX,50.000000,100,False
556598,GOLD30OCT26178000CE,GOLD,30OCT2026,17800000.000000,1,OPTFUT,MCX,50.000000,100,False
556600,GOLD30OCT26179000CE,GOLD,30OCT2026,17900000.000000,1,OPTFUT,MCX,50.000000,100,False
556605,GOLD30OCT26181500CE,GOLD,30OCT2026,18150000.000000,1,OPTFUT,MCX,50.000000,100,False
581223,NATURALGAS23OCT26455CE,NATURALGAS,23OCT2026,45500.000000,1250,OPTFUT,MCX,5.000000,60000,False
581226,NATURALGAS23OCT26470CE,NATURALGAS,23OCT2026,47000.000000,1250,OPTFUT,MCX,5.000000,60000,False
581228,NATURALGAS23OCT26480CE,NATURALGAS,23OCT2026,48000.000000,1250,OPTFUT,MCX,5.000000,60000,False
581243,NATURALGAS23OCT26245PE,NATURALGAS,23OCT2026,24500.000000,1250,OPTFUT,MCX,5.000000,60000,False
556628,GOLD27NOV26164000CE,GOLD,27NOV2026,16400000.000000,1,OPTFUT,MCX,50.000000,100,False
556633,GOLD27NOV26161500CE,GOLD,27NOV2026,16150000.000000,1,OPTFUT,MCX,50.000000,100,False
556662,GOLD27NOV26147000CE,GOLD,27NOV2026,14700000.000000,1,OPTFUT,MCX,50.000000,100,False
556675,GOLD27NOV26166500CE,GOLD,27NOV2026,16650000.000000,1,OPTFUT,MCX,50.000000,100,False
581248,NATURALGAS23OCT26220PE,NATURALGAS,23OCT2026,22000.000000,1250,OPTFUT,MCX,5.000000,60000,False
581259,NATURALGAS23OCT26165PE,NATURALGAS,23OCT2026,16500.000000,1250,OPTFUT,MCX,5.000000,60000,False
581271,NATURALGAS23OCT26105PE,NATURALGAS,23OCT2026,10500.000000,1250,OPTFUT,MCX,5.000000,60000,False
581280,NATURALGAS23OCT26320PE,NATURALGAS,23OCT2026,32000.000000,1250,OPTFUT,MCX,5.000000,60000,False
556690,GOLD27NOV26174000CE,GOLD,27NOV2026,17400000.000000,1,OPTFUT,MCX,50.000000,100,False
556711,GOLD27NOV26184500CE,GOLD,27NOV2026,18450000.000000,1,OPTFUT,MCX,50.000000,100,False
556712,GOLD27NOV26185000CE,GOLD,27NOV2026,18500000.000000,1,OPTFUT,MCX,50.000000,100,False
556716,GOLD27NOV26187000CE,GOLD,27NOV2026,18700000.000000,1,OPTFUT,MCX,50.000000,100,False
581300,NATURALGAS23OCT26420PE,NATURALGAS,23OCT2026,42000.000000,1250,OPTFUT,MCX,5.000000,60000,False
581303,NATURALGAS23OCT26435PE,NATURALGAS,23OCT2026,43500.000000,1250,OPTFUT,MCX,5.000000,60000,False
581305,NATURALGAS23OCT26445PE,NATURALGAS,23OCT2026,44500.000000,1250,OPTFUT,MCX,5.000000,60000,False
581309,NATURALGAS23OCT26465PE,NATURALGAS,23OCT2026,46500.000000,1250,OPTFUT,MCX,5.000000,60000,False
556717,GOLD27NOV26187500CE,GOLD,27NOV2026,18750000.000000,1,OPTFUT,MCX,50.000000,100,False
557026,GOLD25SEP26162500PE,GOLD,25SEP2026,16250000.000000,1,OPTFUT,MCX,50.000000,100,False
557044,GOLD25SEP26153500PE,GOLD,25SEP2026,15350000.000000,1,OPTFUT,MCX,50.000000,100,False
557046,GOLD25SEP26152500PE,GOLD,25SEP2026,15250000.000000,1,OPTFUT,MCX,50.000000,100,False
581316,SILVER27OCT26180000CE,SILVER,27OCT2026,18000000.000000,30,OPTFUT,MCX,50.000000,600,False
581325,SILVER28JUN27188000CE,SILVER,28JUN2027,18800000.000000,30,OPTFUT,MCX,50.000000,600,False
581326,SILVER24SEP26180000PE,SILVER,24SEP2026,18000000.000000,30,OPTFUT,MCX,50.000000,600,False
581329,SILVER25MAR27187000PE,SILVER,25MAR2027,18700000.000000,30,OPTFUT,MCX,50.000000,600,False
557055,GOLD25SEP26148000PE,GOLD,25SEP2026,14800000.000000,1,OPTFUT,MCX,50.000000,100,False
557077,GOLD25SEP26165000PE,GOLD,25SEP2026,16500000.000000,1,OPTFUT,MCX,50.000000,100,False
557079,GOLD25SEP26166000PE,GOLD,25SEP2026,16600000.000000,1,OPTFUT,MCX,50.000000,100,False
557089,GOLD25SEP26171000PE,GOLD,25SEP2026,17100000.000000,1,OPTFUT,MCX,50.000000,100,False
581334,SILVER26MAY27188000PE,SILVER,26MAY2027,18800000.000000,30,OPTFUT,MCX,50.000000,600,False
581335,SILVER28JUN27189000PE,SILVER,28JUN2027,18900000.000000,30,OPTFUT,MCX,50.000000,600,False
581345,SILVERM25JAN27189000CE,SILVERM,25JAN2027,18900000.000000,5,OPTFUT,MCX,50.000000,600,False
581362,SILVERM19FEB27189000PE,SILVERM,19FEB2027,18900000.000000,5,OPTFUT,MCX,50.000000,600,False
557096,GOLD25SEP26174500PE,GOLD,25SEP2026,17450000.000000,1,OPTFUT,MCX,50.000000,100,False
557098,GOLD25SEP26175500PE,GOLD,25SEP2026,17550000.000000,1,OPTFUT,MCX,50.000000,100,False
557184,GOLD30OCT26171000PE,GOLD,30OCT2026,17100000.000000,1,OPTFUT,MCX,50.000000,100,False
557185,GOLD30OCT26171500PE,GOLD,30OCT2026,17150000.000000,1,OPTFUT,MCX,50.000000,100,False
581375,CRUDEOILM15OCT263550CE,CRUDEOILM,15OCT2026,355000.000000,10,OPTFUT,MCX,5.000000,10000,False
581378,CRUDEOILM15OCT263650PE,CRUDEOILM,15OCT2026,365000.000000,10,OPTFUT,MCX,5.000000,10000,False
581385,NATGASMINI23OCT26285CE,NATGASMINI,23OCT2026,28500.000000,250,OPTFUT,MCX,5.000000,60000,False
581386,NATGASMINI23OCT26280CE,NATGASMINI,23OCT2026,28000.000000,250,OPTFUT,MCX,5.000000,60000,False
557197,GOLD30OCT26177500PE,GOLD,30OCT2026,17750000.000000,1,OPTFUT,MCX,50.000000,100,False
557216,GOLD30OCT26187000PE,GOLD,30OCT2026,18700000.000000,1,OPTFUT,MCX,50.000000,100,False
557234,GOLD27NOV26161000PE,GOLD,27NOV2026,16100000.000000,1,OPTFUT,MCX,50.000000,100,False
557238,GOLD27NOV26159000PE,GOLD,27NOV2026,15900000.000000,1,OPTFUT,MCX,50.000000,100,False
581390,NATGASMINI23OCT26260CE,NATGASMINI,23OCT2026,26000.000000,250,OPTFUT,MCX,5.000000,60000,False
581391,NATGASMINI23OCT26255CE,NATGASMINI,23OCT2026,25500.000000,250,OPTFUT,MCX,5.000000,60000,False
581400,NATGASMINI23OCT26210CE,NATGASMINI,23OCT2026,21000.000000,250,OPTFUT,MCX,5.000000,60000,False
581420,NATGASMINI23OCT26110CE,NATGASMINI,23OCT2026,11000.000000,250,OPTFUT,MCX,5.000000,60000,False
557245,GOLD27NOV26155500PE,GOLD,27NOV2026,15550000.000000,1,OPTFUT,MCX,50.000000,100,False
557248,GOLD27NOV26154000PE,GOLD,27NOV2026,15400000.000000,1,OPTFUT,MCX,50.000000,100,False
557254,GOLD27NOV26151000PE,GOLD,27NOV2026,15100000.000000,1,OPTFUT,MCX,50.000000,100,False
557268,GOLD27NOV26144000PE,GOLD,27NOV2026,14400000.000000,1,OPTFUT,MCX,50.000000,100,False
581436,NATGASMINI23OCT26350CE,NATGASMINI,23OCT2026,35000.000000,250,OPTFUT,MCX,5.000000,60000,False
581438,NATGASMINI23OCT26360CE,NATGASMINI,23OCT2026,36000.000000,250,OPTFUT,MCX,5.000000,60000,False
581442,NATGASMINI23OCT26380CE,NATGASMINI,23OCT2026,38000.000000,250,OPTFUT,MCX,5.000000,60000,False
581445,NATGASMINI23OCT26395CE,NATGASMINI,23OCT2026,39500.000000,250,OPTFUT,MCX,5.000000,60000,False
581449,NATGASMINI23OCT26415CE,NATGASMINI,23OCT2026,41500.000000,250,OPTFUT,MCX,5.000000,60000,False
581451,NATGASMINI23OCT26425CE,NATGASMINI,23OCT2026,42500.000000,250,OPTFUT,MCX,5.000000,60000,False
581453,NATGASMINI23OCT26435CE,NATGASMINI,23OCT2026,43500.000000,250,OPTFUT,MCX,5.000000,60000,False
581454,NATGASMINI23OCT26440CE,NATGASMINI,23OCT2026,44000.000000,250,OPTFUT,MCX,5.000000,60000,False
557278,GOLD27NOV26168000PE,GOLD,27NOV2026,16800000.000000,1,OPTFUT,MCX,50.000000,100,False
557304,GOLD27NOV26181000PE,GOLD,27NOV2026,18100000.000000,1,OPTFUT,MCX,50.000000,100,False
557591,SILVER24SEP26270000CE,SILVER,24SEP2026,27000000.000000,30,OPTFUT,MCX,50.000000,600,False
557592,SILVER24SEP26269000CE,SILVER,24SEP2026,26900000.000000,30,OPTFUT,MCX,50.000000,600,False
581458,NATGASMINI23OCT26460CE,NATGASMINI,23OCT2026,46000.000000,250,OPTFUT,MCX,5.000000,60000,False
581462,NATGASMINI23OCT26480CE,NATGASMINI,23OCT2026,48000.000000,250,OPTFUT,MCX,5.000000,60000,False
581472,NATGASMINI23OCT26270PE,NATGASMINI,23OCT2026,27000.000000,250,OPTFUT,MCX,5.000000,60000,False
581481,NATGASMINI23OCT26225PE,NATGASMINI,23OCT2026,22500.000000,250,OPTFUT,MCX,5.000000,60000,False
557594,SILVER24SEP26267000CE,SILVER,24SEP2026,26700000.000000,30,OPTFUT,MCX,50.000000,600,False
557605,SILVER24SEP26256000CE,SILVER,24SEP2026,25600000.000000,30,OPTFUT,MCX,50.000000,600,False
557608,SILVER24SEP26253000CE,SILVER,24SEP2026,25300000.000000,30,OPTFUT,MCX,50.000000,600,False
557624,SILVER24SEP26289000CE,SILVER,24SEP2026,28900000.000000,30,OPTFUT,MCX,50.000000,600,False
581482,NATGASMINI23OCT26220PE,NATGASMINI,23OCT2026,22000.000000,250,OPTFUT,MCX,5.000000,60000,False
581483,NATGASMINI23OCT26215PE,NATGASMINI,23OCT2026,21500.000000,250,OPTFUT,MCX,5.000000,60000,False
581485,NATGASMINI23OCT26205PE,NATGASMINI,23OCT2026,20500.000000,250,OPTFUT,MCX,5.000000,60000,False
581486,NATGASMINI23OCT26200PE,NATGASMINI,23OCT2026,20000.000000,250,OPTFUT,MCX,5.000000,60000,False
557626,SILVER24SEP26291000CE,SILVER,24SEP2026,29100000.000000,30,OPTFUT,MCX,50.000000,600,False
557640,SILVER24SEP26305000CE,SILVER,24SEP2026,30500000.000000,30,OPTFUT,MCX,50.000000,600,False
557649,SILVER24SEP26314000CE,SILVER,24SEP2026,31400000.000000,30,OPTFUT,MCX,50.000000,600,False
557652,SILVER24SEP26317000CE,SILVER,24SEP2026,31700000.000000,30,OPTFUT,MCX,50.000000,600,False
581498,NATGASMINI23OCT26140PE,NATGASMINI,23OCT2026,14000.000000,250,OPTFUT,MCX,5.000000,60000,False
581502,NATGASMINI23OCT26120PE,NATGASMINI,23OCT2026,12000.000000,250,OPTFUT,MCX,5.000000,60000,False
581520,NATGASMINI23OCT26350PE,NATGASMINI,23OCT2026,35000.000000,250,OPTFUT,MCX,5.000000,60000,False
581532,NATGASMINI23OCT26410PE,NATGASMINI,23OCT2026,41000.000000,250,OPTFUT,MCX,5.000000,60000,False
557656,SILVER24SEP26321000CE,SILVER,24SEP2026,32100000.000000,30,OPTFUT,MCX,50.000000,600,False
557664,SILVER27OCT26277000CE,SILVER,27OCT2026,27700000.000000,30,OPTFUT,MCX,50.000000,600,False
557666,SILVER27OCT26275000CE,SILVER,27OCT2026,27500000.000000,30,OPTFUT,MCX,50.000000,600,False
557678,SILVER27OCT26263000CE,SILVER,27OCT2026,26300000.000000,30,OPTFUT,MCX,50.000000,600,False
581548,NATGASMINI23OCT26490PE,NATGASMINI,23OCT2026,49000.000000,250,OPTFUT,MCX,5.000000,60000,False
581553,NATGASMINI23OCT26495CE,NATGASMINI,23OCT2026,49500.000000,250,OPTFUT,MCX,5.000000,60000,False
581576,MCXBULLDEX28OCT2630600CE,MCXBULLDEX,28OCT2026,3060000.000000,30,OPTIDX,MCX,5.000000,900,False
581586,MCXBULLDEX28OCT2629600CE,MCXBULLDEX,28OCT2026,2960000.000000,30,OPTIDX,MCX,5.000000,900,False
581611,MCXBULLDEX28OCT2635000CE,MCXBULLDEX,28OCT2026,3500000.000000,30,OPTIDX,MCX,5.000000,900,False
557682,SILVER27OCT26259000CE,SILVER,27OCT2026,25900000.000000,30,OPTFUT,MCX,50.000000,600,False
557691,SILVER27OCT26250000CE,SILVER,27OCT2026,25000000.000000,30,OPTFUT,MCX,50.000000,600,False
557703,SILVER27OCT26288000CE,SILVER,27OCT2026,28800000.000000,30,OPTFUT,MCX,50.000000,600,False
557706,SILVER27OCT26291000CE,SILVER,27OCT2026,29100000.000000,30,OPTFUT,MCX,50.000000,600,False
581589,MCXBULLDEX28OCT2629300CE,MCXBULLDEX,28OCT2026,2930000.000000,30,OPTIDX,MCX,5.000000,900,False
581599,MCXBULLDEX28OCT2633800CE,MCXBULLDEX,28OCT2026,3380000.000000,30,OPTIDX,MCX,5.000000,900,False
581608,MCXBULLDEX28OCT2634700CE,MCXBULLDEX,28OCT2026,3470000.000000,30,OPTIDX,MCX,5.000000,900,False
557725,SILVER27OCT26310000CE,SILVER,27OCT2026,31000000.000000,30,OPTFUT,MCX,50.000000,600,False
557726,SILVER27OCT26311000CE,SILVER,27OCT2026,31100000.000000,30,OPTFUT,MCX,50.000000,600,False
557735,SILVER27OCT26320000CE,SILVER,27OCT2026,32000000.000000,30,OPTFUT,MCX,50.000000,600,False
557751,SILVER27NOV26270000CE,SILVER,27NOV2026,27000000.000000,30,OPTFUT,MCX,50.000000,600,False
581616,MCXBULLDEX28OCT2635500CE,MCXBULLDEX,28OCT2026,3550000.000000,30,OPTIDX,MCX,5.000000,900,False
581630,MCXBULLDEX28OCT2632200PE,MCXBULLDEX,28OCT2026,3220000.000000,30,OPTIDX,MCX,5.000000,900,False
581634,MCXBULLDEX28OCT2631800PE,MCXBULLDEX,28OCT2026,3180000.000000,30,OPTIDX,MCX,5.000000,900,False
581635,MCXBULLDEX28OCT2631700PE,MCXBULLDEX,28OCT2026,3170000.000000,30,OPTIDX,MCX,5.000000,900,False
557764,SILVER27NOV26257000CE,SILVER,27NOV2026,25700000.000000,30,OPTFUT,MCX,50.000000,600,False
557772,SILVER27NOV26249000CE,SILVER,27NOV2026,24900000.000000,30,OPTFUT,MCX,50.000000,600,False
581642,MCXBULLDEX28OCT2631000PE,MCXBULLDEX,28OCT2026,3100000.000000,30,OPTIDX,MCX,5.000000,900,False
581658,MCXBULLDEX28OCT2629400PE,MCXBULLDEX,28OCT2026,2940000.000000,30,OPTIDX,MCX,5.000000,900,False
581661,MCXBULLDEX28OCT2633000PE,MCXBULLDEX,28OCT2026,3300000.000000,30,OPTIDX,MCX,5.000000,900,False
581665,MCXBULLDEX28OCT2633400PE,MCXBULLDEX,28OCT2026,3340000.000000,30,OPTIDX,MCX,5.000000,900,False
557765,SILVER27NOV26256000CE,SILVER,27NOV2026,25600000.000000,30,OPTFUT,MCX,50.000000,600,False
557769,SILVER27NOV26252000CE,SILVER,27NOV2026,25200000.000000,30,OPTFUT,MCX,50.000000,600,False
581678,MCXBULLDEX28OCT2634700PE,MCXBULLDEX,28OCT2026,3470000.000000,30,OPTIDX,MCX,5.000000,900,False
581683,MCXBULLDEX28OCT2635200PE,MCXBULLDEX,28OCT2026,3520000.000000,30,OPTIDX,MCX,5.000000,900,False
581690,MCXBULLDEX28OCT2635900PE,MCXBULLDEX,28OCT2026,3590000.000000,30,OPTIDX,MCX,5.000000,900,False
581698,MCXBULLDEX28OCT2636400PE,MCXBULLDEX,28OCT2026,3640000.000000,30,OPTIDX,MCX,5.000000,900,False
557776,SILVER27NOV26245000CE,SILVER,27NOV2026,24500000.000000,30,OPTFUT,MCX,50.000000,600,False
557785,SILVER27NOV26290000CE,SILVER,27NOV2026,29000000.000000,30,OPTFUT,MCX,50.000000,600,False
557790,SILVER27NOV26295000CE,SILVER,27NOV2026,29500000.000000,30,OPTFUT,MCX,50.000000,600,False
557797,SILVER27NOV26302000CE,SILVER,27NOV2026,30200000.000000,30,OPTFUT,MCX,50.000000,600,False
581699,MCXBULLDEX28OCT2636500PE,MCXBULLDEX,28OCT2026,3650000.000000,30,OPTIDX,MCX,5.000000,900,False
581710,ALUMINI31DEC26FUT,ALUMINI,31DEC2026,0.000000,1,FUTCOM,MCX,5.000000,150,False
581720,NICKEL16DEC26FUT,NICKEL,16DEC2026,0.000000,250,FUTCOM,MCX,10.000000,24000,False
581727,COPPER23NOV261320CE,COPPER,23NOV2026,132000.000000,2500,OPTFUT,MCX,1.000000,70000,False
557811,SILVER27NOV26316000CE,SILVER,27NOV2026,31600000.000000,30,OPTFUT,MCX,50.000000,600,False
558060,SILVER24SEP26281000PE,SILVER,24SEP2026,28100000.000000,30,OPTFUT,MCX,50.000000,600,False
558074,SILVER24SEP26267000PE,SILVER,24SEP2026,26700000.000000,30,OPTFUT,MCX,50.000000,600,False
558069,SILVER24SEP26272000PE,SILVER,24SEP2026,27200000.000000,30,OPTFUT,MCX,50.000000,600,False
581728,COPPER23NOV261310CE,COPPER,23NOV2026,131000.000000,2500,OPTFUT,MCX,1.000000,70000,False
581757,COPPER23NOV261320PE,COPPER,23NOV2026,132000.000000,2500,OPTFUT,MCX,1.000000,70000,False
581758,COPPER23NOV261310PE,COPPER,23NOV2026,131000.000000,2500,OPTFUT,MCX,1.000000,70000,False
581769,COPPER23NOV261370PE,COPPER,23NOV2026,137000.000000,2500,OPTFUT,MCX,1.000000,70000,False
558085,SILVER24SEP26256000PE,SILVER,24SEP2026,25600000.000000,30,OPTFUT,MCX,50.000000,600,False
558099,SILVER24SEP26284000PE,SILVER,24SEP2026,28400000.000000,30,OPTFUT,MCX,50.000000,600,False
558105,SILVER24SEP26290000PE,SILVER,24SEP2026,29000000.000000,30,OPTFUT,MCX,50.000000,600,False
558113,SILVER24SEP26298000PE,SILVER,24SEP2026,29800000.000000,30,OPTFUT,MCX,50.000000,600,False
581783,COPPER23NOV261510PE,COPPER,23NOV2026,151000.000000,2500,OPTFUT,MCX,1.000000,70000,False
581810,ZINC23NOV26365PE,ZINC,23NOV2026,36500.000000,5,OPTFUT,MCX,1.000000,100,False
581818,ZINC23NOV26325PE,ZINC,23NOV2026,32500.000000,5,OPTFUT,MCX,1.000000,100,False
581843,CRUDEOIL15OCT263350CE,CRUDEOIL,15OCT2026,335000.000000,100,OPTFUT,MCX,10.000000,10000,False
581882,GOLDM29OCT26149500PE,GOLDM,29OCT2026,14950000.000000,100,OPTFUT,MCX,50.000000,10000,False
581889,GOLDM29OCT26147500CE,GOLDM,29OCT2026,14750000.000000,100,OPTFUT,MCX,50.000000,10000,False
581891,GOLDM29OCT26146500CE,GOLDM,29OCT2026,14650000.000000,100,OPTFUT,MCX,50.000000,10000,False
581904,GOLDM29OCT26140000CE,GOLDM,29OCT2026,14000000.000000,100,OPTFUT,MCX,50.000000,10000,False
558122,SILVER24SEP26307000PE,SILVER,24SEP2026,30700000.000000,30,OPTFUT,MCX,50.000000,600,False
558125,SILVER24SEP26310000PE,SILVER,24SEP2026,31000000.000000,30,OPTFUT,MCX,50.000000,600,False
558128,SILVER24SEP26313000PE,SILVER,24SEP2026,31300000.000000,30,OPTFUT,MCX,50.000000,600,False
558154,SILVER27OCT26267000PE,SILVER,27OCT2026,26700000.000000,30,OPTFUT,MCX,50.000000,600,False
581911,GOLDM29OCT26136500CE,GOLDM,29OCT2026,13650000.000000,100,OPTFUT,MCX,50.000000,10000,False
581926,GOLDM29OCT26129000CE,GOLDM,29OCT2026,12900000.000000,100,OPTFUT,MCX,50.000000,10000,False
581928,GOLDM29OCT26128000CE,GOLDM,29OCT2026,12800000.000000,100,OPTFUT,MCX,50.000000,10000,False
581936,GOLDM29OCT26124000CE,GOLDM,29OCT2026,12400000.000000,100,OPTFUT,MCX,50.000000,10000,False
558169,SILVER27OCT26252000PE,SILVER,27OCT2026,25200000.000000,30,OPTFUT,MCX,50.000000,600,False
558170,SILVER27OCT26251000PE,SILVER,27OCT2026,25100000.000000,30,OPTFUT,MCX,50.000000,600,False
558178,SILVER27OCT26243000PE,SILVER,27OCT2026,24300000.000000,30,OPTFUT,MCX,50.000000,600,False
558210,SILVER27OCT26315000PE,SILVER,27OCT2026,31500000.000000,30,OPTFUT,MCX,50.000000,600,False
581942,GOLDM29OCT26152000CE,GOLDM,29OCT2026,15200000.000000,100,OPTFUT,MCX,50.000000,10000,False
581949,GOLDM29OCT26155500CE,GOLDM,29OCT2026,15550000.000000,100,OPTFUT,MCX,50.000000,10000,False
581956,GOLDM29OCT26159000CE,GOLDM,29OCT2026,15900000.000000,100,OPTFUT,MCX,50.000000,10000,False
581970,GOLDM29OCT26166000CE,GOLDM,29OCT2026,16600000.000000,100,OPTFUT,MCX,50.000000,10000,False
558270,SILVER27NOV26295000PE,SILVER,27NOV2026,29500000.000000,30,OPTFUT,MCX,50.000000,600,False
558286,SILVER27NOV26311000PE,SILVER,27NOV2026,31100000.000000,30,OPTFUT,MCX,50.000000,600,False
558295,SILVER27NOV26320000PE,SILVER,27NOV2026,32000000.000000,30,OPTFUT,MCX,50.000000,600,False
558554,SILVERM24SEP26269000CE,SILVERM,24SEP2026,26900000.000000,5,OPTFUT,MCX,50.000000,600,False
581984,GOLDM29OCT26173000CE,GOLDM,29OCT2026,17300000.000000,100,OPTFUT,MCX,50.000000,10000,False
581985,GOLDM29OCT26173500CE,GOLDM,29OCT2026,17350000.000000,100,OPTFUT,MCX,50.000000,10000,False
581989,GOLDM29OCT26147500PE,GOLDM,29OCT2026,14750000.000000,100,OPTFUT,MCX,50.000000,10000,False
581993,GOLDM29OCT26145500PE,GOLDM,29OCT2026,14550000.000000,100,OPTFUT,MCX,50.000000,10000,False
582000,GOLDM29OCT26142000PE,GOLDM,29OCT2026,14200000.000000,100,OPTFUT,MCX,50.000000,10000,False
582014,GOLDM29OCT26135000PE,GOLDM,29OCT2026,13500000.000000,100,OPTFUT,MCX,50.000000,10000,False
582015,GOLDM29OCT26134500PE,GOLDM,29OCT2026,13450000.000000,100,OPTFUT,MCX,50.000000,10000,False
582049,GOLDM29OCT26155500PE,GOLDM,29OCT2026,15550000.000000,100,OPTFUT,MCX,50.000000,10000,False
558568,SILVERM24SEP26255000CE,SILVERM,24SEP2026,25500000.000000,5,OPTFUT,MCX,50.000000,600,False
558578,SILVERM24SEP26245000CE,SILVERM,24SEP2026,24500000.000000,5,OPTFUT,MCX,50.000000,600,False
558610,SILVERM24SEP26317000CE,SILVERM,24SEP2026,31700000.000000,5,OPTFUT,MCX,50.000000,600,False
558616,SILVERM24SEP26323000CE,SILVERM,24SEP2026,32300000.000000,5,OPTFUT,MCX,50.000000,600,False
582057,GOLDM29OCT26159500PE,GOLDM,29OCT2026,15950000.000000,100,OPTFUT,MCX,50.000000,10000,False
582062,GOLDM29OCT26162000PE,GOLDM,29OCT2026,16200000.000000,100,OPTFUT,MCX,50.000000,10000,False
582069,GOLDM29OCT26165500PE,GOLDM,29OCT2026,16550000.000000,100,OPTFUT,MCX,50.000000,10000,False
582085,GOLDM29OCT26173500PE,GOLDM,29OCT2026,17350000.000000,100,OPTFUT,MCX,50.000000,10000,False
558624,SILVERM27OCT26279000CE,SILVERM,27OCT2026,27900000.000000,5,OPTFUT,MCX,50.000000,600,False
558642,SILVERM27OCT26261000CE,SILVERM,27OCT2026,26100000.000000,5,OPTFUT,MCX,50.000000,600,False
558645,SILVERM27OCT26258000CE,SILVERM,27OCT2026,25800000.000000,5,OPTFUT,MCX,50.000000,600,False
558657,SILVERM27OCT26246000CE,SILVERM,27OCT2026,24600000.000000,5,OPTFUT,MCX,50.000000,600,False
582086,GOLDM29OCT26174000PE,GOLDM,29OCT2026,17400000.000000,100,OPTFUT,MCX,50.000000,10000,False
582095,MCXBULLDEX28OCT2636700CE,MCXBULLDEX,28OCT2026,3670000.000000,30,OPTIDX,MCX,5.000000,900,False
582098,MCXBULLDEX28OCT2637000CE,MCXBULLDEX,28OCT2026,3700000.000000,30,OPTIDX,MCX,5.000000,900,False
582128,SILVERM26MAY27287000PE,SILVERM,26MAY2027,28700000.000000,5,OPTFUT,MCX,50.000000,600,False
558664,SILVERM27OCT26291000CE,SILVERM,27OCT2026,29100000.000000,5,OPTFUT,MCX,50.000000,600,False
558691,SILVERM27OCT26318000CE,SILVERM,27OCT2026,31800000.000000,5,OPTFUT,MCX,50.000000,600,False
558693,SILVERM27OCT26320000CE,SILVERM,27OCT2026,32000000.000000,5,OPTFUT,MCX,50.000000,600,False
558694,SILVERM27OCT26321000CE,SILVERM,27OCT2026,32100000.000000,5,OPTFUT,MCX,50.000000,600,False
582133,SILVERM23JUN27288000PE,SILVERM,23JUN2027,28800000.000000,5,OPTFUT,MCX,50.000000,600,False
582134,SILVERM23JUN27289000PE,SILVERM,23JUN2027,28900000.000000,5,OPTFUT,MCX,50.000000,600,False
582144,GOLDM29OCT26176500CE,GOLDM,29OCT2026,17650000.000000,100,OPTFUT,MCX,50.000000,10000,False
582161,SILVER26MAY27288000CE,SILVER,26MAY2027,28800000.000000,30,OPTFUT,MCX,50.000000,600,False
582162,SILVER28JUN27282000CE,SILVER,28JUN2027,28200000.000000,30,OPTFUT,MCX,50.000000,600,False
582181,SILVER28JUN27287000PE,SILVER,28JUN2027,28700000.000000,30,OPTFUT,MCX,50.000000,600,False
582182,SILVER28JUN27288000PE,SILVER,28JUN2027,28800000.000000,30,OPTFUT,MCX,50.000000,600,False
582197,MCXBULLDEX28OCT2637900CE,MCXBULLDEX,28OCT2026,3790000.000000,30,OPTIDX,MCX,5.000000,900,False
558698,SILVERM27OCT26325000CE,SILVERM,27OCT2026,32500000.000000,5,OPTFUT,MCX,50.000000,600,False
558702,SILVERM23NOV26281000CE,SILVERM,23NOV2026,28100000.000000,5,OPTFUT,MCX,50.000000,600,False
558716,SILVERM23NOV26267000CE,SILVERM,23NOV2026,26700000.000000,5,OPTFUT,MCX,50.000000,600,False
558736,SILVERM23NOV26247000CE,SILVERM,23NOV2026,24700000.000000,5,OPTFUT,MCX,50.000000,600,False
582206,MCXBULLDEX28OCT2637700PE,MCXBULLDEX,28OCT2026,3770000.000000,30,OPTIDX,MCX,5.000000,900,False
582237,SILVER26MAY27289000CE,SILVER,26MAY2027,28900000.000000,30,OPTFUT,MCX,50.000000,600,False
582244,SILVER28JUN27290000CE,SILVER,28JUN2027,29000000.000000,30,OPTFUT,MCX,50.000000,600,False
582247,SILVER28JUN27293000CE,SILVER,28JUN2027,29300000.000000,30,OPTFUT,MCX,50.000000,600,False
558739,SILVERM23NOV26286000CE,SILVERM,23NOV2026,28600000.000000,5,OPTFUT,MCX,50.000000,600,False
558770,SILVERM23NOV26317000CE,SILVERM,23NOV2026,31700000.000000,5,OPTFUT,MCX,50.000000,600,False
559036,SILVERM24SEP26267000PE,SILVERM,24SEP2026,26700000.000000,5,OPTFUT,MCX,50.000000,600,False
559044,SILVERM24SEP26259000PE,SILVERM,24SEP2026,25900000.000000,5,OPTFUT,MCX,50.000000,600,False
582253,SILVER26MAY27293000PE,SILVER,26MAY2027,29300000.000000,30,OPTFUT,MCX,50.000000,600,False
582261,SILVERM26MAY27292000CE,SILVERM,26MAY2027,29200000.000000,5,OPTFUT,MCX,50.000000,600,False
582262,SILVERM26MAY27293000CE,SILVERM,26MAY2027,29300000.000000,5,OPTFUT,MCX,50.000000,600,False
582264,SILVERM26MAY27295000CE,SILVERM,26MAY2027,29500000.000000,5,OPTFUT,MCX,50.000000,600,False
559058,SILVERM24SEP26245000PE,SILVERM,24SEP2026,24500000.000000,5,OPTFUT,MCX,50.000000,600,False
559059,SILVERM24SEP26286000PE,SILVERM,24SEP2026,28600000.000000,5,OPTFUT,MCX,50.000000,600,False
559061,SILVERM24SEP26288000PE,SILVERM,24SEP2026,28800000.000000,5,OPTFUT,MCX,50.000000,600,False
559064,SILVERM24SEP26291000PE,SILVERM,24SEP2026,29100000.000000,5,OPTFUT,MCX,50.000000,600,False
582268,SILVERM23JUN27292000CE,SILVERM,23JUN2027,29200000.000000,5,OPTFUT,MCX,50.000000,600,False
582331,SILVER26MAY27295000CE,SILVER,26MAY2027,29500000.000000,30,OPTFUT,MCX,50.000000,600,False
582333,SILVER26MAY27297000CE,SILVER,26MAY2027,29700000.000000,30,OPTFUT,MCX,50.000000,600,False
582343,SILVERM26MAY27301000CE,SILVERM,26MAY2027,30100000.000000,5,OPTFUT,MCX,50.000000,600,False
582365,GOLD05AUG27FUT,GOLD,05AUG2027,0.000000,1,FUTCOM,MCX,100.000000,10,False
582376,GOLD30JUN27157500CE,GOLD,30JUN2027,15750000.000000,1,OPTFUT,MCX,50.000000,100,False
582377,GOLD30JUN27157000CE,GOLD,30JUN2027,15700000.000000,1,OPTFUT,MCX,50.000000,100,False
582384,GOLD30JUN27153500CE,GOLD,30JUN2027,15350000.000000,1,OPTFUT,MCX,50.000000,100,False
559072,SILVERM24SEP26299000PE,SILVERM,24SEP2026,29900000.000000,5,OPTFUT,MCX,50.000000,600,False
559073,SILVERM24SEP26300000PE,SILVERM,24SEP2026,30000000.000000,5,OPTFUT,MCX,50.000000,600,False
559078,SILVERM24SEP26305000PE,SILVERM,24SEP2026,30500000.000000,5,OPTFUT,MCX,50.000000,600,False
559099,SILVERM27OCT26284000PE,SILVERM,27OCT2026,28400000.000000,5,OPTFUT,MCX,50.000000,600,False
582405,GOLD30JUN27143000CE,GOLD,30JUN2027,14300000.000000,1,OPTFUT,MCX,50.000000,100,False
582407,GOLD30JUN27142000CE,GOLD,30JUN2027,14200000.000000,1,OPTFUT,MCX,50.000000,100,False
582426,GOLD30JUN27163500CE,GOLD,30JUN2027,16350000.000000,1,OPTFUT,MCX,50.000000,100,False
582447,GOLD30JUN27174000CE,GOLD,30JUN2027,17400000.000000,1,OPTFUT,MCX,50.000000,100,False
559110,SILVERM27OCT26273000PE,SILVERM,27OCT2026,27300000.000000,5,OPTFUT,MCX,50.000000,600,False
559120,SILVERM27OCT26263000PE,SILVERM,27OCT2026,26300000.000000,5,OPTFUT,MCX,50.000000,600,False
559121,SILVERM27OCT26262000PE,SILVERM,27OCT2026,26200000.000000,5,OPTFUT,MCX,50.000000,600,False
559126,SILVERM27OCT26257000PE,SILVERM,27OCT2026,25700000.000000,5,OPTFUT,MCX,50.000000,600,False
582450,GOLD30JUN27175500CE,GOLD,30JUN2027,17550000.000000,1,OPTFUT,MCX,50.000000,100,False
582453,GOLD30JUN27177000CE,GOLD,30JUN2027,17700000.000000,1,OPTFUT,MCX,50.000000,100,False
582465,GOLD30JUN27183000CE,GOLD,30JUN2027,18300000.000000,1,OPTFUT,MCX,50.000000,100,False
582469,GOLD30JUN27185000CE,GOLD,30JUN2027,18500000.000000,1,OPTFUT,MCX,50.000000,100,False
559129,SILVERM27OCT26254000PE,SILVERM,27OCT2026,25400000.000000,5,OPTFUT,MCX,50.000000,600,False
559175,SILVERM27OCT26322000PE,SILVERM,27OCT2026,32200000.000000,5,OPTFUT,MCX,50.000000,600,False
559202,SILVERM23NOV26261000PE,SILVERM,23NOV2026,26100000.000000,5,OPTFUT,MCX,50.000000,600,False
559217,SILVERM23NOV26246000PE,SILVERM,23NOV2026,24600000.000000,5,OPTFUT,MCX,50.000000,600,False
582482,GOLD29JUL27154500CE,GOLD,29JUL2027,15450000.000000,1,OPTFUT,MCX,50.000000,100,False
582487,GOLD29JUL27152000CE,GOLD,29JUL2027,15200000.000000,1,OPTFUT,MCX,50.000000,100,False
582505,GOLD29JUL27143000CE,GOLD,29JUL2027,14300000.000000,1,OPTFUT,MCX,50.000000,100,False
582509,GOLD29JUL27141000CE,GOLD,29JUL2027,14100000.000000,1,OPTFUT,MCX,50.000000,100,False
559239,SILVERM23NOV26306000PE,SILVERM,23NOV2026,30600000.000000,5,OPTFUT,MCX,50.000000,600,False
559241,SILVERM23NOV26308000PE,SILVERM,23NOV2026,30800000.000000,5,OPTFUT,MCX,50.000000,600,False
559242,SILVERM23NOV26309000PE,SILVERM,23NOV2026,30900000.000000,5,OPTFUT,MCX,50.000000,600,False
559248,SILVERM23NOV26315000PE,SILVERM,23NOV2026,31500000.000000,5,OPTFUT,MCX,50.000000,600,False
582515,GOLD29JUL27138000CE,GOLD,29JUL2027,13800000.000000,1,OPTFUT,MCX,50.000000,100,False
582517,GOLD29JUL27137000CE,GOLD,29JUL2027,13700000.000000,1,OPTFUT,MCX,50.000000,100,False
582518,GOLD29JUL27136500CE,GOLD,29JUL2027,13650000.000000,1,OPTFUT,MCX,50.000000,100,False
582519,GOLD29JUL27136000CE,GOLD,29JUL2027,13600000.000000,1,OPTFUT,MCX,50.000000,100,False
559285,GOLD25SEP26190500CE,GOLD,25SEP2026,19050000.000000,1,OPTFUT,MCX,50.000000,100,False
559333,GOLD30OCT26192500PE,GOLD,30OCT2026,19250000.000000,1,OPTFUT,MCX,50.000000,100,False
559338,GOLD27NOV26191500PE,GOLD,27NOV2026,19150000.000000,1,OPTFUT,MCX,50.000000,100,False
559341,GOLD27NOV26193000PE,GOLD,27NOV2026,19300000.000000,1,OPTFUT,MCX,50.000000,100,False
582522,GOLD29JUL27161500CE,GOLD,29JUL2027,16150000.000000,1,OPTFUT,MCX,50.000000,100,False
582529,GOLD29JUL27165000CE,GOLD,29JUL2027,16500000.000000,1,OPTFUT,MCX,50.000000,100,False
582538,GOLD29JUL27169500CE,GOLD,29JUL2027,16950000.000000,1,OPTFUT,MCX,50.000000,100,False
582556,GOLD29JUL27178500CE,GOLD,29JUL2027,17850000.000000,1,OPTFUT,MCX,50.000000,100,False
582608,GOLD30JUN27141500PE,GOLD,30JUN2027,14150000.000000,1,OPTFUT,MCX,50.000000,100,False
582625,GOLD30JUN27163000PE,GOLD,30JUN2027,16300000.000000,1,OPTFUT,MCX,50.000000,100,False
582626,GOLD30JUN27163500PE,GOLD,30JUN2027,16350000.000000,1,OPTFUT,MCX,50.000000,100,False
582653,GOLD30JUN27177000PE,GOLD,30JUN2027,17700000.000000,1,OPTFUT,MCX,50.000000,100,False
559344,GOLD27NOV26194500PE,GOLD,27NOV2026,19450000.000000,1,OPTFUT,MCX,50.000000,100,False
559458,SILVER24SEP26326000CE,SILVER,24SEP2026,32600000.000000,30,OPTFUT,MCX,50.000000,600,False
559464,SILVER24SEP26332000CE,SILVER,24SEP2026,33200000.000000,30,OPTFUT,MCX,50.000000,600,False
559482,SILVER27OCT26336000CE,SILVER,27OCT2026,33600000.000000,30,OPTFUT,MCX,50.000000,600,False
559488,SILVER27NOV26328000CE,SILVER,27NOV2026,32800000.000000,30,OPTFUT,MCX,50.000000,600,False
559489,SILVER27NOV26329000CE,SILVER,27NOV2026,32900000.000000,30,OPTFUT,MCX,50.000000,600,False
559552,SILVER24SEP26337000PE,SILVER,24SEP2026,33700000.000000,30,OPTFUT,MCX,50.000000,600,False
559566,SILVER27OCT26337000PE,SILVER,27OCT2026,33700000.000000,30,OPTFUT,MCX,50.000000,600,False
582654,GOLD30JUN27177500PE,GOLD,30JUN2027,17750000.000000,1,OPTFUT,MCX,50.000000,100,False
582666,GOLD30JUN27183500PE,GOLD,30JUN2027,18350000.000000,1,OPTFUT,MCX,50.000000,100,False
582680,GOLD29JUL27155500PE,GOLD,29JUL2027,15550000.000000,1,OPTFUT,MCX,50.000000,100,False
582682,GOLD29JUL27154500PE,GOLD,29JUL2027,15450000.000000,1,OPTFUT,MCX,50.000000,100,False
559571,SILVER27NOV26328000PE,SILVER,27NOV2026,32800000.000000,30,OPTFUT,MCX,50.000000,600,False
559620,SILVERM24SEP26326000CE,SILVERM,24SEP2026,32600000.000000,5,OPTFUT,MCX,50.000000,600,False
559633,SILVERM27OCT26327000CE,SILVERM,27OCT2026,32700000.000000,5,OPTFUT,MCX,50.000000,600,False
559634,SILVERM27OCT26328000CE,SILVERM,27OCT2026,32800000.000000,5,OPTFUT,MCX,50.000000,600,False
582683,GOLD29JUL27154000PE,GOLD,29JUL2027,15400000.000000,1,OPTFUT,MCX,50.000000,100,False
582692,GOLD29JUL27149500PE,GOLD,29JUL2027,14950000.000000,1,OPTFUT,MCX,50.000000,100,False
582726,GOLD29JUL27163500PE,GOLD,29JUL2027,16350000.000000,1,OPTFUT,MCX,50.000000,100,False
582741,GOLD29JUL27171000PE,GOLD,29JUL2027,17100000.000000,1,OPTFUT,MCX,50.000000,100,False
559639,SILVERM27OCT26333000CE,SILVERM,27OCT2026,33300000.000000,5,OPTFUT,MCX,50.000000,600,False
559646,SILVERM23NOV26328000CE,SILVERM,23NOV2026,32800000.000000,5,OPTFUT,MCX,50.000000,600,False
559655,SILVERM23NOV26337000CE,SILVERM,23NOV2026,33700000.000000,5,OPTFUT,MCX,50.000000,600,False
559695,SILVERM24SEP26326000PE,SILVERM,24SEP2026,32600000.000000,5,OPTFUT,MCX,50.000000,600,False
582748,GOLD29JUL27174500PE,GOLD,29JUL2027,17450000.000000,1,OPTFUT,MCX,50.000000,100,False
582750,GOLD29JUL27175500PE,GOLD,29JUL2027,17550000.000000,1,OPTFUT,MCX,50.000000,100,False
582756,GOLD29JUL27178500PE,GOLD,29JUL2027,17850000.000000,1,OPTFUT,MCX,50.000000,100,False
582760,GOLD29JUL27180500PE,GOLD,29JUL2027,18050000.000000,1,OPTFUT,MCX,50.000000,100,False
559721,SILVERM23NOV26328000PE,SILVERM,23NOV2026,32800000.000000,5,OPTFUT,MCX,50.000000,600,False
559726,SILVERM23NOV26333000PE,SILVERM,23NOV2026,33300000.000000,5,OPTFUT,MCX,50.000000,600,False
559729,SILVERM23NOV26336000PE,SILVERM,23NOV2026,33600000.000000,5,OPTFUT,MCX,50.000000,600,False
559809,GOLD30OCT26195000PE,GOLD,30OCT2026,19500000.000000,1,OPTFUT,MCX,50.000000,100,False
582778,GOLD30JUN27186500CE,GOLD,30JUN2027,18650000.000000,1,OPTFUT,MCX,50.000000,100,False
582807,GOLD29JUL27189000PE,GOLD,29JUL2027,18900000.000000,1,OPTFUT,MCX,50.000000,100,False
582809,GOLDM25SEP26180500CE,GOLDM,25SEP2026,18050000.000000,100,OPTFUT,MCX,50.000000,10000,False
582810,GOLDM25SEP26181000CE,GOLDM,25SEP2026,18100000.000000,100,OPTFUT,MCX,50.000000,10000,False
559810,GOLD27NOV26195000PE,GOLD,27NOV2026,19500000.000000,1,OPTFUT,MCX,50.000000,100,False
559826,SILVERM27OCT26340000CE,SILVERM,27OCT2026,34000000.000000,5,OPTFUT,MCX,50.000000,600,False
559864,SILVER24SEP26239000CE,SILVER,24SEP2026,23900000.000000,30,OPTFUT,MCX,50.000000,600,False
559875,SILVER27NOV26238000CE,SILVER,27NOV2026,23800000.000000,30,OPTFUT,MCX,50.000000,600,False
582871,CRUDEOIL17NOV266000CE,CRUDEOIL,17NOV2026,600000.000000,100,OPTFUT,MCX,10.000000,10000,False
582875,CRUDEOIL17NOV265800CE,CRUDEOIL,17NOV2026,580000.000000,100,OPTFUT,MCX,10.000000,10000,False
582883,CRUDEOIL17NOV265400CE,CRUDEOIL,17NOV2026,540000.000000,100,OPTFUT,MCX,10.000000,10000,False
582917,CRUDEOIL17NOV268350CE,CRUDEOIL,17NOV2026,835000.000000,100,OPTFUT,MCX,10.000000,10000,False
559895,SILVER24SEP26239000PE,SILVER,24SEP2026,23900000.000000,30,OPTFUT,MCX,50.000000,600,False
559997,GOLD31DEC26145500CE,GOLD,31DEC2026,14550000.000000,1,OPTFUT,MCX,50.000000,100,False
560006,GOLD31DEC26172000CE,GOLD,31DEC2026,17200000.000000,1,OPTFUT,MCX,50.000000,100,False
560010,GOLD31DEC26174000CE,GOLD,31DEC2026,17400000.000000,1,OPTFUT,MCX,50.000000,100,False
582928,CRUDEOIL17NOV268900CE,CRUDEOIL,17NOV2026,890000.000000,100,OPTFUT,MCX,10.000000,10000,False
582960,CRUDEOIL17NOV2610500CE,CRUDEOIL,17NOV2026,1050000.000000,100,OPTFUT,MCX,10.000000,10000,False
582979,CRUDEOIL17NOV2611450CE,CRUDEOIL,17NOV2026,1145000.000000,100,OPTFUT,MCX,10.000000,10000,False
582996,CRUDEOIL17NOV267250PE,CRUDEOIL,17NOV2026,725000.000000,100,OPTFUT,MCX,10.000000,10000,False
583001,CRUDEOIL17NOV267000PE,CRUDEOIL,17NOV2026,700000.000000,100,OPTFUT,MCX,10.000000,10000,False
583005,CRUDEOIL17NOV266800PE,CRUDEOIL,17NOV2026,680000.000000,100,OPTFUT,MCX,10.000000,10000,False
583010,CRUDEOIL17NOV266550PE,CRUDEOIL,17NOV2026,655000.000000,100,OPTFUT,MCX,10.000000,10000,False
583024,CRUDEOIL17NOV265850PE,CRUDEOIL,17NOV2026,585000.000000,100,OPTFUT,MCX,10.000000,10000,False
560012,GOLD31DEC26175000CE,GOLD,31DEC2026,17500000.000000,1,OPTFUT,MCX,50.000000,100,False
560021,GOLD31DEC26179500CE,GOLD,31DEC2026,17950000.000000,1,OPTFUT,MCX,50.000000,100,False
560023,GOLD31DEC26180500CE,GOLD,31DEC2026,18050000.000000,1,OPTFUT,MCX,50.000000,100,False
560046,GOLD31DEC26192000CE,GOLD,31DEC2026,19200000.000000,1,OPTFUT,MCX,50.000000,100,False
583037,CRUDEOIL17NOV265200PE,CRUDEOIL,17NOV2026,520000.000000,100,OPTFUT,MCX,10.000000,10000,False
583039,CRUDEOIL17NOV265100PE,CRUDEOIL,17NOV2026,510000.000000,100,OPTFUT,MCX,10.000000,10000,False
583047,CRUDEOIL17NOV264700PE,CRUDEOIL,17NOV2026,470000.000000,100,OPTFUT,MCX,10.000000,10000,False
583053,CRUDEOIL17NOV264400PE,CRUDEOIL,17NOV2026,440000.000000,100,OPTFUT,MCX,10.000000,10000,False
560048,GOLD31DEC26193000CE,GOLD,31DEC2026,19300000.000000,1,OPTFUT,MCX,50.000000,100,False
560061,GOLD29JAN27163500CE,GOLD,29JAN2027,16350000.000000,1,OPTFUT,MCX,50.000000,100,False
560067,GOLD29JAN27160500CE,GOLD,29JAN2027,16050000.000000,1,OPTFUT,MCX,50.000000,100,False
560068,GOLD29JAN27160000CE,GOLD,29JAN2027,16000000.000000,1,OPTFUT,MCX,50.000000,100,False
583064,CRUDEOIL17NOV268200PE,CRUDEOIL,17NOV2026,820000.000000,100,OPTFUT,MCX,10.000000,10000,False
583069,CRUDEOIL17NOV268450PE,CRUDEOIL,17NOV2026,845000.000000,100,OPTFUT,MCX,10.000000,10000,False
583123,CRUDEOIL17NOV2611150PE,CRUDEOIL,17NOV2026,1115000.000000,100,OPTFUT,MCX,10.000000,10000,False
583127,CRUDEOIL17NOV2611350PE,CRUDEOIL,17NOV2026,1135000.000000,100,OPTFUT,MCX,10.000000,10000,False
560072,GOLD29JAN27158000CE,GOLD,29JAN2027,15800000.000000,1,OPTFUT,MCX,50.000000,100,False
560087,GOLD29JAN27150500CE,GOLD,29JAN2027,15050000.000000,1,OPTFUT,MCX,50.000000,100,False
560094,GOLD29JAN27147000CE,GOLD,29JAN2027,14700000.000000,1,OPTFUT,MCX,50.000000,100,False
560096,GOLD29JAN27146000CE,GOLD,29JAN2027,14600000.000000,1,OPTFUT,MCX,50.000000,100,False
583133,CRUDEOIL17NOV2611650PE,CRUDEOIL,17NOV2026,1165000.000000,100,OPTFUT,MCX,10.000000,10000,False
583138,GOLD29JUL27190000CE,GOLD,29JUL2027,19000000.000000,1,OPTFUT,MCX,50.000000,100,False
583143,GOLD30JUN27190500PE,GOLD,30JUN2027,19050000.000000,1,OPTFUT,MCX,50.000000,100,False
583154,GOLDM29OCT26182500CE,GOLDM,29OCT2026,18250000.000000,100,OPTFUT,MCX,50.000000,10000,False
560102,GOLD29JAN27170000CE,GOLD,29JAN2027,17000000.000000,1,OPTFUT,MCX,50.000000,100,False
560109,GOLD29JAN27173500CE,GOLD,29JAN2027,17350000.000000,1,OPTFUT,MCX,50.000000,100,False
560112,GOLD29JAN27175000CE,GOLD,29JAN2027,17500000.000000,1,OPTFUT,MCX,50.000000,100,False
560124,GOLD29JAN27181000CE,GOLD,29JAN2027,18100000.000000,1,OPTFUT,MCX,50.000000,100,False
583163,GOLDM29OCT26183000PE,GOLDM,29OCT2026,18300000.000000,100,OPTFUT,MCX,50.000000,10000,False
583164,GOLDM29OCT26183500PE,GOLDM,29OCT2026,18350000.000000,100,OPTFUT,MCX,50.000000,10000,False
583170,CRUDEOILM17NOV267850CE,CRUDEOILM,17NOV2026,785000.000000,10,OPTFUT,MCX,5.000000,10000,False
583185,CRUDEOILM17NOV267100CE,CRUDEOILM,17NOV2026,710000.000000,10,OPTFUT,MCX,5.000000,10000,False
560130,GOLD29JAN27184000CE,GOLD,29JAN2027,18400000.000000,1,OPTFUT,MCX,50.000000,100,False
560141,GOLD29JAN27189500CE,GOLD,29JAN2027,18950000.000000,1,OPTFUT,MCX,50.000000,100,False
560146,GOLD29JAN27192000CE,GOLD,29JAN2027,19200000.000000,1,OPTFUT,MCX,50.000000,100,False
560149,GOLD29JAN27193500CE,GOLD,29JAN2027,19350000.000000,1,OPTFUT,MCX,50.000000,100,False
583196,CRUDEOILM17NOV266550CE,CRUDEOILM,17NOV2026,655000.000000,10,OPTFUT,MCX,5.000000,10000,False
583198,CRUDEOILM17NOV266450CE,CRUDEOILM,17NOV2026,645000.000000,10,OPTFUT,MCX,5.000000,10000,False
583212,CRUDEOILM17NOV265750CE,CRUDEOILM,17NOV2026,575000.000000,10,OPTFUT,MCX,5.000000,10000,False
583217,CRUDEOILM17NOV265500CE,CRUDEOILM,17NOV2026,550000.000000,10,OPTFUT,MCX,5.000000,10000,False
583251,CRUDEOILM17NOV268250CE,CRUDEOILM,17NOV2026,825000.000000,10,OPTFUT,MCX,5.000000,10000,False
583261,CRUDEOILM17NOV268750CE,CRUDEOILM,17NOV2026,875000.000000,10,OPTFUT,MCX,5.000000,10000,False
583267,CRUDEOILM17NOV269050CE,CRUDEOILM,17NOV2026,905000.000000,10,OPTFUT,MCX,5.000000,10000,False
583271,CRUDEOILM17NOV269250CE,CRUDEOILM,17NOV2026,925000.000000,10,OPTFUT,MCX,5.000000,10000,False
560167,GOLD31DEC26160500PE,GOLD,31DEC2026,16050000.000000,1,OPTFUT,MCX,50.000000,100,False
560180,GOLD31DEC26154000PE,GOLD,31DEC2026,15400000.000000,1,OPTFUT,MCX,50.000000,100,False
560181,GOLD31DEC26153500PE,GOLD,31DEC2026,15350000.000000,1,OPTFUT,MCX,50.000000,100,False
560184,GOLD31DEC26152000PE,GOLD,31DEC2026,15200000.000000,1,OPTFUT,MCX,50.000000,100,False
583290,CRUDEOILM17NOV2610200CE,CRUDEOILM,17NOV2026,1020000.000000,10,OPTFUT,MCX,5.000000,10000,False
583292,CRUDEOILM17NOV2610300CE,CRUDEOILM,17NOV2026,1030000.000000,10,OPTFUT,MCX,5.000000,10000,False
583328,CRUDEOILM17NOV267450PE,CRUDEOILM,17NOV2026,745000.000000,10,OPTFUT,MCX,5.000000,10000,False
583329,CRUDEOILM17NOV267400PE,CRUDEOILM,17NOV2026,740000.000000,10,OPTFUT,MCX,5.000000,10000,False
560192,GOLD31DEC26148000PE,GOLD,31DEC2026,14800000.000000,1,OPTFUT,MCX,50.000000,100,False
560217,GOLD31DEC26177500PE,GOLD,31DEC2026,17750000.000000,1,OPTFUT,MCX,50.000000,100,False
560220,GOLD31DEC26179000PE,GOLD,31DEC2026,17900000.000000,1,OPTFUT,MCX,50.000000,100,False
560221,GOLD31DEC26179500PE,GOLD,31DEC2026,17950000.000000,1,OPTFUT,MCX,50.000000,100,False
583333,CRUDEOILM17NOV267200PE,CRUDEOILM,17NOV2026,720000.000000,10,OPTFUT,MCX,5.000000,10000,False
583337,CRUDEOILM17NOV267000PE,CRUDEOILM,17NOV2026,700000.000000,10,OPTFUT,MCX,5.000000,10000,False
583346,CRUDEOILM17NOV266550PE,CRUDEOILM,17NOV2026,655000.000000,10,OPTFUT,MCX,5.000000,10000,False
583354,CRUDEOILM17NOV266150PE,CRUDEOILM,17NOV2026,615000.000000,10,OPTFUT,MCX,5.000000,10000,False
560232,GOLD31DEC26185000PE,GOLD,31DEC2026,18500000.000000,1,OPTFUT,MCX,50.000000,100,False
560233,GOLD31DEC26185500PE,GOLD,31DEC2026,18550000.000000,1,OPTFUT,MCX,50.000000,100,False
560268,GOLD29JAN27160000PE,GOLD,29JAN2027,16000000.000000,1,OPTFUT,MCX,50.000000,100,False
560273,GOLD29JAN27157500PE,GOLD,29JAN2027,15750000.000000,1,OPTFUT,MCX,50.000000,100,False
583372,CRUDEOILM17NOV265250PE,CRUDEOILM,17NOV2026,525000.000000,10,OPTFUT,MCX,5.000000,10000,False
583374,CRUDEOILM17NOV265150PE,CRUDEOILM,17NOV2026,515000.000000,10,OPTFUT,MCX,5.000000,10000,False
583375,CRUDEOILM17NOV265100PE,CRUDEOILM,17NOV2026,510000.000000,10,OPTFUT,MCX,5.000000,10000,False
583402,CRUDEOILM17NOV268300PE,CRUDEOILM,17NOV2026,830000.000000,10,OPTFUT,MCX,5.000000,10000,False
560276,GOLD29JAN27156000PE,GOLD,29JAN2027,15600000.000000,1,OPTFUT,MCX,50.000000,100,False
560281,GOLD29JAN27153500PE,GOLD,29JAN2027,15350000.000000,1,OPTFUT,MCX,50.000000,100,False
560331,GOLD29JAN27184500PE,GOLD,29JAN2027,18450000.000000,1,OPTFUT,MCX,50.000000,100,False
560341,GOLD29JAN27189500PE,GOLD,29JAN2027,18950000.000000,1,OPTFUT,MCX,50.000000,100,False
583410,CRUDEOILM17NOV268700PE,CRUDEOILM,17NOV2026,870000.000000,10,OPTFUT,MCX,5.000000,10000,False
583421,CRUDEOILM17NOV269250PE,CRUDEOILM,17NOV2026,925000.000000,10,OPTFUT,MCX,5.000000,10000,False
583427,CRUDEOILM17NOV269550PE,CRUDEOILM,17NOV2026,955000.000000,10,OPTFUT,MCX,5.000000,10000,False
583435,CRUDEOILM17NOV269950PE,CRUDEOILM,17NOV2026,995000.000000,10,OPTFUT,MCX,5.000000,10000,False
560369,SILVERM24SEP26242000CE,SILVERM,24SEP2026,24200000.000000,5,OPTFUT,MCX,50.000000,600,False
560396,SILVERM24SEP26243000PE,SILVERM,24SEP2026,24300000.000000,5,OPTFUT,MCX,50.000000,600,False
560427,GOLD29JAN27195500CE,GOLD,29JAN2027,19550000.000000,1,OPTFUT,MCX,50.000000,100,False
560469,SILVER24SEP26233000CE,SILVER,24SEP2026,23300000.000000,30,OPTFUT,MCX,50.000000,600,False
583444,CRUDEOILM17NOV2610400PE,CRUDEOILM,17NOV2026,1040000.000000,10,OPTFUT,MCX,5.000000,10000,False
583453,CRUDEOILM17NOV2610850PE,CRUDEOILM,17NOV2026,1085000.000000,10,OPTFUT,MCX,5.000000,10000,False
583467,CRUDEOILM17NOV2611550PE,CRUDEOILM,17NOV2026,1155000.000000,10,OPTFUT,MCX,5.000000,10000,False
583483,CRUDEOIL17NOV2611750CE,CRUDEOIL,17NOV2026,1175000.000000,100,OPTFUT,MCX,10.000000,10000,False
560504,SILVER24SEP26232000PE,SILVER,24SEP2026,23200000.000000,30,OPTFUT,MCX,50.000000,600,False
583494,GOLD30JUN27192000PE,GOLD,30JUN2027,19200000.000000,1,OPTFUT,MCX,50.000000,100,False
583497,GOLD30JUN27193500PE,GOLD,30JUN2027,19350000.000000,1,OPTFUT,MCX,50.000000,100,False
583516,GOLDM29OCT26185000PE,GOLDM,29OCT2026,18500000.000000,100,OPTFUT,MCX,50.000000,10000,False
583534,SILVER26MAY27299000PE,SILVER,26MAY2027,29900000.000000,30,OPTFUT,MCX,50.000000,600,False
560473,SILVER27OCT26235000CE,SILVER,27OCT2026,23500000.000000,30,OPTFUT,MCX,50.000000,600,False
560477,SILVER27NOV26237000CE,SILVER,27NOV2026,23700000.000000,30,OPTFUT,MCX,50.000000,600,False
560499,SILVER24SEP26237000PE,SILVER,24SEP2026,23700000.000000,30,OPTFUT,MCX,50.000000,600,False
560534,SILVERM24SEP26238000CE,SILVERM,24SEP2026,23800000.000000,5,OPTFUT,MCX,50.000000,600,False
560548,SILVERM23NOV26240000CE,SILVERM,23NOV2026,24000000.000000,5,OPTFUT,MCX,50.000000,600,False
560579,SILVERM27OCT26240000PE,SILVERM,27OCT2026,24000000.000000,5,OPTFUT,MCX,50.000000,600,False
560584,SILVERM27OCT26235000PE,SILVERM,27OCT2026,23500000.000000,5,OPTFUT,MCX,50.000000,600,False
583554,SILVERM26MAY27307000CE,SILVERM,26MAY2027,30700000.000000,5,OPTFUT,MCX,50.000000,600,False
583562,SILVERM26MAY27305000PE,SILVERM,26MAY2027,30500000.000000,5,OPTFUT,MCX,50.000000,600,False
583573,CRUDEOILM17NOV2611750PE,CRUDEOILM,17NOV2026,1175000.000000,10,OPTFUT,MCX,5.000000,10000,False
583586,MCXBULLDEX25SEP2639800PE,MCXBULLDEX,25SEP2026,3980000.000000,30,OPTIDX,MCX,5.000000,900,False
560652,GOLD25SEP26136000CE,GOLD,25SEP2026,13600000.000000,1,OPTFUT,MCX,50.000000,100,False
560660,GOLD27NOV26139000CE,GOLD,27NOV2026,13900000.000000,1,OPTFUT,MCX,50.000000,100,False
560664,GOLD31DEC26142000CE,GOLD,31DEC2026,14200000.000000,1,OPTFUT,MCX,50.000000,100,False
560666,GOLD29JAN27143000CE,GOLD,29JAN2027,14300000.000000,1,OPTFUT,MCX,50.000000,100,False
583590,MCXBULLDEX28OCT2639700PE,MCXBULLDEX,28OCT2026,3970000.000000,30,OPTIDX,MCX,5.000000,900,False
583593,MCXBULLDEX28OCT2640000PE,MCXBULLDEX,28OCT2026,4000000.000000,30,OPTIDX,MCX,5.000000,900,False
583615,GOLD29JUL27194500PE,GOLD,29JUL2027,19450000.000000,1,OPTFUT,MCX,50.000000,100,False
583616,GOLD29JUL27195000PE,GOLD,29JUL2027,19500000.000000,1,OPTFUT,MCX,50.000000,100,False
560667,GOLD29JAN27142500CE,GOLD,29JAN2027,14250000.000000,1,OPTFUT,MCX,50.000000,100,False
560677,GOLD25SEP26137500PE,GOLD,25SEP2026,13750000.000000,1,OPTFUT,MCX,50.000000,100,False
560683,GOLD30OCT26139500PE,GOLD,30OCT2026,13950000.000000,1,OPTFUT,MCX,50.000000,100,False
560684,GOLD30OCT26139000PE,GOLD,30OCT2026,13900000.000000,1,OPTFUT,MCX,50.000000,100,False
583632,GOLDM29OCT26186000CE,GOLDM,29OCT2026,18600000.000000,100,OPTFUT,MCX,50.000000,10000,False
583634,GOLDM29OCT26187000CE,GOLDM,29OCT2026,18700000.000000,100,OPTFUT,MCX,50.000000,10000,False
583651,GOLDM29OCT26186500PE,GOLDM,29OCT2026,18650000.000000,100,OPTFUT,MCX,50.000000,10000,False
583657,SILVER26MAY27308000CE,SILVER,26MAY2027,30800000.000000,30,OPTFUT,MCX,50.000000,600,False
583661,SILVER28JUN27308000CE,SILVER,28JUN2027,30800000.000000,30,OPTFUT,MCX,50.000000,600,False
583668,SILVER28JUN27307000PE,SILVER,28JUN2027,30700000.000000,30,OPTFUT,MCX,50.000000,600,False
583678,SILVERM23JUN27309000CE,SILVERM,23JUN2027,30900000.000000,5,OPTFUT,MCX,50.000000,600,False
583695,ZINC23OCT26445CE,ZINC,23OCT2026,44500.000000,5,OPTFUT,MCX,1.000000,100,False
560695,GOLD29JAN27142500PE,GOLD,29JAN2027,14250000.000000,1,OPTFUT,MCX,50.000000,100,False
560728,SILVER24SEP26231000CE,SILVER,24SEP2026,23100000.000000,30,OPTFUT,MCX,50.000000,600,False
560729,SILVER24SEP26230000CE,SILVER,24SEP2026,23000000.000000,30,OPTFUT,MCX,50.000000,600,False
560732,SILVER24SEP26227000CE,SILVER,24SEP2026,22700000.000000,30,OPTFUT,MCX,50.000000,600,False
583707,MCXBULLDEX25SEP2640600CE,MCXBULLDEX,25SEP2026,4060000.000000,30,OPTIDX,MCX,5.000000,900,False
583710,MCXBULLDEX28OCT2640200CE,MCXBULLDEX,28OCT2026,4020000.000000,30,OPTIDX,MCX,5.000000,900,False
583716,MCXBULLDEX25SEP2640100PE,MCXBULLDEX,25SEP2026,4010000.000000,30,OPTIDX,MCX,5.000000,900,False
583725,MCXBULLDEX28OCT2640300PE,MCXBULLDEX,28OCT2026,4030000.000000,30,OPTIDX,MCX,5.000000,900,False
560737,SILVER24SEP26222000CE,SILVER,24SEP2026,22200000.000000,30,OPTFUT,MCX,50.000000,600,False
560738,SILVER24SEP26221000CE,SILVER,24SEP2026,22100000.000000,30,OPTFUT,MCX,50.000000,600,False
560739,SILVER24SEP26220000CE,SILVER,24SEP2026,22000000.000000,30,OPTFUT,MCX,50.000000,600,False
560740,SILVER24SEP26219000CE,SILVER,24SEP2026,21900000.000000,30,OPTFUT,MCX,50.000000,600,False
583747,GOLD30APR27197500CE,GOLD,30APR2027,19750000.000000,1,OPTFUT,MCX,50.000000,100,False
583753,GOLD30JUN27199000CE,GOLD,30JUN2027,19900000.000000,1,OPTFUT,MCX,50.000000,100,False
583757,GOLD29JUL27197500CE,GOLD,29JUL2027,19750000.000000,1,OPTFUT,MCX,50.000000,100,False
583777,GOLD29JUL27199500PE,GOLD,29JUL2027,19950000.000000,1,OPTFUT,MCX,50.000000,100,False
560744,SILVER27OCT26229000CE,SILVER,27OCT2026,22900000.000000,30,OPTFUT,MCX,50.000000,600,False
560748,SILVER27OCT26225000CE,SILVER,27OCT2026,22500000.000000,30,OPTFUT,MCX,50.000000,600,False
560764,SILVER27NOV26223000CE,SILVER,27NOV2026,22300000.000000,30,OPTFUT,MCX,50.000000,600,False
560768,SILVER27NOV26219000CE,SILVER,27NOV2026,21900000.000000,30,OPTFUT,MCX,50.000000,600,False
583781,GOLDM25SEP26188000CE,GOLDM,25SEP2026,18800000.000000,100,OPTFUT,MCX,50.000000,10000,False
583782,GOLDM29OCT26189000CE,GOLDM,29OCT2026,18900000.000000,100,OPTFUT,MCX,50.000000,10000,False
583792,SILVERM23JUN27313000PE,SILVERM,23JUN2027,31300000.000000,5,OPTFUT,MCX,50.000000,600,False
583795,ZINC23SEP26455PE,ZINC,23SEP2026,45500.000000,5,OPTFUT,MCX,1.000000,100,False
583814,ZINC23OCT26455PE,ZINC,23OCT2026,45500.000000,5,OPTFUT,MCX,1.000000,100,False
583815,CRUDEOILM17NOV264050CE,CRUDEOILM,17NOV2026,405000.000000,10,OPTFUT,MCX,5.000000,10000,False
583820,CRUDEOILM17NOV264050PE,CRUDEOILM,17NOV2026,405000.000000,10,OPTFUT,MCX,5.000000,10000,False
583827,NATGASMINI20NOV26340CE,NATGASMINI,20NOV2026,34000.000000,250,OPTFUT,MCX,5.000000,60000,False
560799,SILVER24SEP26227000PE,SILVER,24SEP2026,22700000.000000,30,OPTFUT,MCX,50.000000,600,False
560806,SILVER24SEP26220000PE,SILVER,24SEP2026,22000000.000000,30,OPTFUT,MCX,50.000000,600,False
560816,SILVER27OCT26224000PE,SILVER,27OCT2026,22400000.000000,30,OPTFUT,MCX,50.000000,600,False
560819,SILVER27OCT26221000PE,SILVER,27OCT2026,22100000.000000,30,OPTFUT,MCX,50.000000,600,False
583841,NATURALGAS20NOV26285CE,NATURALGAS,20NOV2026,28500.000000,1250,OPTFUT,MCX,5.000000,60000,False
583855,NATURALGAS20NOV26215CE,NATURALGAS,20NOV2026,21500.000000,1250,OPTFUT,MCX,5.000000,60000,False
583860,NATURALGAS20NOV26190CE,NATURALGAS,20NOV2026,19000.000000,1250,OPTFUT,MCX,5.000000,60000,False
583864,NATURALGAS20NOV26170CE,NATURALGAS,20NOV2026,17000.000000,1250,OPTFUT,MCX,5.000000,60000,False
560833,SILVER27NOV26221000PE,SILVER,27NOV2026,22100000.000000,30,OPTFUT,MCX,50.000000,600,False
560883,SILVERM24SEP26225000CE,SILVERM,24SEP2026,22500000.000000,5,OPTFUT,MCX,50.000000,600,False
560885,SILVERM27OCT26231000CE,SILVERM,27OCT2026,23100000.000000,5,OPTFUT,MCX,50.000000,600,False
560890,SILVERM27OCT26226000CE,SILVERM,27OCT2026,22600000.000000,5,OPTFUT,MCX,50.000000,600,False
583878,NATURALGAS20NOV26380CE,NATURALGAS,20NOV2026,38000.000000,1250,OPTFUT,MCX,5.000000,60000,False
583885,NATURALGAS20NOV26415CE,NATURALGAS,20NOV2026,41500.000000,1250,OPTFUT,MCX,5.000000,60000,False
583896,NATURALGAS20NOV26470CE,NATURALGAS,20NOV2026,47000.000000,1250,OPTFUT,MCX,5.000000,60000,False
583906,NATURALGAS20NOV26520CE,NATURALGAS,20NOV2026,52000.000000,1250,OPTFUT,MCX,5.000000,60000,False
560891,SILVERM27OCT26225000CE,SILVERM,27OCT2026,22500000.000000,5,OPTFUT,MCX,50.000000,600,False
560896,SILVERM23NOV26228000CE,SILVERM,23NOV2026,22800000.000000,5,OPTFUT,MCX,50.000000,600,False
561227,GOLD25SEP26193000CE,GOLD,25SEP2026,19300000.000000,1,OPTFUT,MCX,50.000000,100,False
561234,GOLD30OCT26195500CE,GOLD,30OCT2026,19550000.000000,1,OPTFUT,MCX,50.000000,100,False
583923,NATURALGAS20NOV26275PE,NATURALGAS,20NOV2026,27500.000000,1250,OPTFUT,MCX,5.000000,60000,False
583926,NATURALGAS20NOV26260PE,NATURALGAS,20NOV2026,26000.000000,1250,OPTFUT,MCX,5.000000,60000,False
583940,NATURALGAS20NOV26190PE,NATURALGAS,20NOV2026,19000.000000,1250,OPTFUT,MCX,5.000000,60000,False
583951,NATURALGAS20NOV26345PE,NATURALGAS,20NOV2026,34500.000000,1250,OPTFUT,MCX,5.000000,60000,False
561249,GOLD27NOV26199000CE,GOLD,27NOV2026,19900000.000000,1,OPTFUT,MCX,50.000000,100,False
561262,GOLD29JAN27199500CE,GOLD,29JAN2027,19950000.000000,1,OPTFUT,MCX,50.000000,100,False
561283,GOLD25SEP26193000PE,GOLD,25SEP2026,19300000.000000,1,OPTFUT,MCX,50.000000,100,False
561296,GOLD30OCT26198500PE,GOLD,30OCT2026,19850000.000000,1,OPTFUT,MCX,50.000000,100,False
583961,NATURALGAS20NOV26395PE,NATURALGAS,20NOV2026,39500.000000,1250,OPTFUT,MCX,5.000000,60000,False
583972,NATURALGAS20NOV26450PE,NATURALGAS,20NOV2026,45000.000000,1250,OPTFUT,MCX,5.000000,60000,False
583979,NATURALGAS20NOV26485PE,NATURALGAS,20NOV2026,48500.000000,1250,OPTFUT,MCX,5.000000,60000,False
583984,NATURALGAS20NOV26510PE,NATURALGAS,20NOV2026,51000.000000,1250,OPTFUT,MCX,5.000000,60000,False
561304,GOLD27NOV26198500PE,GOLD,27NOV2026,19850000.000000,1,OPTFUT,MCX,50.000000,100,False
561306,GOLD31DEC26198000PE,GOLD,31DEC2026,19800000.000000,1,OPTFUT,MCX,50.000000,100,False
561307,GOLD31DEC26198500PE,GOLD,31DEC2026,19850000.000000,1,OPTFUT,MCX,50.000000,100,False
561382,SILVER27OCT26346000CE,SILVER,27OCT2026,34600000.000000,30,OPTFUT,MCX,50.000000,600,False
583990,NATURALGAS20NOV26540PE,NATURALGAS,20NOV2026,54000.000000,1250,OPTFUT,MCX,5.000000,60000,False
583998,NATGASMINI20NOV26320CE,NATGASMINI,20NOV2026,32000.000000,250,OPTFUT,MCX,5.000000,60000,False
584015,NATGASMINI20NOV26235CE,NATGASMINI,20NOV2026,23500.000000,250,OPTFUT,MCX,5.000000,60000,False
584018,NATGASMINI20NOV26220CE,NATGASMINI,20NOV2026,22000.000000,250,OPTFUT,MCX,5.000000,60000,False
561432,SILVER24SEP26346000PE,SILVER,24SEP2026,34600000.000000,30,OPTFUT,MCX,50.000000,600,False
561435,SILVER24SEP26349000PE,SILVER,24SEP2026,34900000.000000,30,OPTFUT,MCX,50.000000,600,False
561437,SILVER27OCT26339000PE,SILVER,27OCT2026,33900000.000000,30,OPTFUT,MCX,50.000000,600,False
561469,SILVERM24SEP26341000CE,SILVERM,24SEP2026,34100000.000000,5,OPTFUT,MCX,50.000000,600,False
584036,NATGASMINI20NOV26350CE,NATGASMINI,20NOV2026,35000.000000,250,OPTFUT,MCX,5.000000,60000,False
584039,NATGASMINI20NOV26365CE,NATGASMINI,20NOV2026,36500.000000,250,OPTFUT,MCX,5.000000,60000,False
584078,NATGASMINI20NOV26320PE,NATGASMINI,20NOV2026,32000.000000,250,OPTFUT,MCX,5.000000,60000,False
584090,NATGASMINI20NOV26260PE,NATGASMINI,20NOV2026,26000.000000,250,OPTFUT,MCX,5.000000,60000,False
584092,NATGASMINI20NOV26250PE,NATGASMINI,20NOV2026,25000.000000,250,OPTFUT,MCX,5.000000,60000,False
584108,NATGASMINI20NOV26170PE,NATGASMINI,20NOV2026,17000.000000,250,OPTFUT,MCX,5.000000,60000,False
584109,NATGASMINI20NOV26165PE,NATGASMINI,20NOV2026,16500.000000,250,OPTFUT,MCX,5.000000,60000,False
584112,NATGASMINI20NOV26150PE,NATGASMINI,20NOV2026,15000.000000,250,OPTFUT,MCX,5.000000,60000,False
561491,SILVERM27OCT26342000PE,SILVERM,27OCT2026,34200000.000000,5,OPTFUT,MCX,50.000000,600,False
561522,GOLD29JAN27203500CE,GOLD,29JAN2027,20350000.000000,1,OPTFUT,MCX,50.000000,100,False
561531,GOLD25SEP26196500PE,GOLD,25SEP2026,19650000.000000,1,OPTFUT,MCX,50.000000,100,False
561532,GOLD30OCT26199500PE,GOLD,30OCT2026,19950000.000000,1,OPTFUT,MCX,50.000000,100,False
584120,NATGASMINI20NOV26370PE,NATGASMINI,20NOV2026,37000.000000,250,OPTFUT,MCX,5.000000,60000,False
584133,NATGASMINI20NOV26435PE,NATGASMINI,20NOV2026,43500.000000,250,OPTFUT,MCX,5.000000,60000,False
584145,NATGASMINI20NOV26495PE,NATGASMINI,20NOV2026,49500.000000,250,OPTFUT,MCX,5.000000,60000,False
584156,NATURALGAS20NOV26545PE,NATURALGAS,20NOV2026,54500.000000,1250,OPTFUT,MCX,5.000000,60000,False
561670,SILVER24SEP26352000CE,SILVER,24SEP2026,35200000.000000,30,OPTFUT,MCX,50.000000,600,False
561967,SILVER24SEP26353000CE,SILVER,24SEP2026,35300000.000000,30,OPTFUT,MCX,50.000000,600,False
561981,SILVER24SEP26353000PE,SILVER,24SEP2026,35300000.000000,30,OPTFUT,MCX,50.000000,600,False
562014,SILVERM27OCT26344000PE,SILVERM,27OCT2026,34400000.000000,5,OPTFUT,MCX,50.000000,600,False
584160,MCXBULLDEX27NOV2636500PE,MCXBULLDEX,27NOV2026,3650000.000000,15,OPTIDX,MCX,5.000000,450,False
584183,MCXBULLDEX27NOV2633400CE,MCXBULLDEX,27NOV2026,3340000.000000,15,OPTIDX,MCX,5.000000,450,False
584203,MCXBULLDEX27NOV2636400CE,MCXBULLDEX,27NOV2026,3640000.000000,15,OPTIDX,MCX,5.000000,450,False
584236,MCXBULLDEX27NOV2635100PE,MCXBULLDEX,27NOV2026,3510000.000000,15,OPTIDX,MCX,5.000000,450,False
584259,MCXBULLDEX27NOV2632800PE,MCXBULLDEX,27NOV2026,3280000.000000,15,OPTIDX,MCX,5.000000,450,False
584267,MCXBULLDEX27NOV2635800PE,MCXBULLDEX,27NOV2026,3580000.000000,15,OPTIDX,MCX,5.000000,450,False
584287,MCXBULLDEX27NOV2637900PE,MCXBULLDEX,27NOV2026,3790000.000000,15,OPTIDX,MCX,5.000000,450,False
584312,ALUMINI30JUN27FUT,ALUMINI,30JUN2027,0.000000,1,FUTCOM,MCX,5.000000,150,False
584320,LEAD29JAN27FUT,LEAD,29JAN2027,0.000000,5,FUTCOM,MCX,5.000000,100,False
584333,COPPER23DEC261390CE,COPPER,23DEC2026,139000.000000,2500,OPTFUT,MCX,1.000000,70000,False
584335,COPPER23DEC261370CE,COPPER,23DEC2026,137000.000000,2500,OPTFUT,MCX,1.000000,70000,False
584338,COPPER23DEC261340CE,COPPER,23DEC2026,134000.000000,2500,OPTFUT,MCX,1.000000,70000,False
584339,COPPER23DEC261330CE,COPPER,23DEC2026,133000.000000,2500,OPTFUT,MCX,1.000000,70000,False
584346,COPPER23DEC261260CE,COPPER,23DEC2026,126000.000000,2500,OPTFUT,MCX,1.000000,70000,False
584350,COPPER23DEC261450CE,COPPER,23DEC2026,145000.000000,2500,OPTFUT,MCX,1.000000,70000,False
584351,COPPER23DEC261460CE,COPPER,23DEC2026,146000.000000,2500,OPTFUT,MCX,1.000000,70000,False
584361,COPPER23DEC261560CE,COPPER,23DEC2026,156000.000000,2500,OPTFUT,MCX,1.000000,70000,False
584367,COPPER23DEC261350PE,COPPER,23DEC2026,135000.000000,2500,OPTFUT,MCX,1.000000,70000,False
584370,COPPER23DEC261320PE,COPPER,23DEC2026,132000.000000,2500,OPTFUT,MCX,1.000000,70000,False
584382,COPPER23DEC261470PE,COPPER,23DEC2026,147000.000000,2500,OPTFUT,MCX,1.000000,70000,False
584397,GOLD30JUN27134500PE,GOLD,30JUN2027,13450000.000000,1,OPTFUT,MCX,50.000000,100,False
584415,ZINC23DEC26400CE,ZINC,23DEC2026,40000.000000,5,OPTFUT,MCX,1.000000,100,False
584419,ZINC23DEC26420CE,ZINC,23DEC2026,42000.000000,5,OPTFUT,MCX,1.000000,100,False
584421,ZINC23DEC26430CE,ZINC,23DEC2026,43000.000000,5,OPTFUT,MCX,1.000000,100,False
584424,ZINC23NOV26440PE,ZINC,23NOV2026,44000.000000,5,OPTFUT,MCX,1.000000,100,False
584437,ZINC23DEC26395PE,ZINC,23DEC2026,39500.000000,5,OPTFUT,MCX,1.000000,100,False
584441,ZINC23DEC26415PE,ZINC,23DEC2026,41500.000000,5,OPTFUT,MCX,1.000000,100,False
584452,MCXBULLDEX27NOV2631900PE,MCXBULLDEX,27NOV2026,3190000.000000,15,OPTIDX,MCX,5.000000,450,False
584455,COPPER23DEC261250PE,COPPER,23DEC2026,125000.000000,2500,OPTFUT,MCX,1.000000,70000,False
584461,CRUDEOIL15OCT2612050PE,CRUDEOIL,15OCT2026,1205000.000000,100,OPTFUT,MCX,10.000000,10000,False
584479,NATGASMINI20NOV26135PE,NATGASMINI,20NOV2026,13500.000000,250,OPTFUT,MCX,5.000000,60000,False
584487,MCXBULLDEX27NOV2631600PE,MCXBULLDEX,27NOV2026,3160000.000000,15,OPTIDX,MCX,5.000000,450,False
562141,GOLD29JAN27204500CE,GOLD,29JAN2027,20450000.000000,1,OPTFUT,MCX,50.000000,100,False
562144,GOLD25SEP26197000PE,GOLD,25SEP2026,19700000.000000,1,OPTFUT,MCX,50.000000,100,False
562181,SILVERM27OCT26349000CE,SILVERM,27OCT2026,34900000.000000,5,OPTFUT,MCX,50.000000,600,False
562204,SILVERM24SEP26350000PE,SILVERM,24SEP2026,35000000.000000,5,OPTFUT,MCX,50.000000,600,False
584488,MCXBULLDEX27NOV2631500PE,MCXBULLDEX,27NOV2026,3150000.000000,15,OPTIDX,MCX,5.000000,450,False
584489,MCXBULLDEX27NOV2631400PE,MCXBULLDEX,27NOV2026,3140000.000000,15,OPTIDX,MCX,5.000000,450,False
584491,MCXBULLDEX27NOV2631200PE,MCXBULLDEX,27NOV2026,3120000.000000,15,OPTIDX,MCX,5.000000,450,False
584506,GOLDM27NOV26152500CE,GOLDM,27NOV2026,15250000.000000,100,OPTFUT,MCX,50.000000,10000,False
563404,GOLD30OCT26203500CE,GOLD,30OCT2026,20350000.000000,1,OPTFUT,MCX,50.000000,100,False
563445,GOLD29JAN27210500CE,GOLD,29JAN2027,21050000.000000,1,OPTFUT,MCX,50.000000,100,False
563485,GOLD25SEP26201500PE,GOLD,25SEP2026,20150000.000000,1,OPTFUT,MCX,50.000000,100,False
563487,GOLD25SEP26202500PE,GOLD,25SEP2026,20250000.000000,1,OPTFUT,MCX,50.000000,100,False
584526,GOLDM27NOV26142500CE,GOLDM,27NOV2026,14250000.000000,100,OPTFUT,MCX,50.000000,10000,False
584529,GOLDM27NOV26141000CE,GOLDM,27NOV2026,14100000.000000,100,OPTFUT,MCX,50.000000,10000,False
584540,GOLDM27NOV26135500CE,GOLDM,27NOV2026,13550000.000000,100,OPTFUT,MCX,50.000000,10000,False
584543,GOLDM27NOV26134000CE,GOLDM,27NOV2026,13400000.000000,100,OPTFUT,MCX,50.000000,10000,False
584559,GOLDM27NOV26158000CE,GOLDM,27NOV2026,15800000.000000,100,OPTFUT,MCX,50.000000,10000,False
584563,GOLDM27NOV26160000CE,GOLDM,27NOV2026,16000000.000000,100,OPTFUT,MCX,50.000000,10000,False
584568,GOLDM27NOV26162500CE,GOLDM,27NOV2026,16250000.000000,100,OPTFUT,MCX,50.000000,10000,False
584585,GOLDM27NOV26171000CE,GOLDM,27NOV2026,17100000.000000,100,OPTFUT,MCX,50.000000,10000,False
563489,GOLD30OCT26202000PE,GOLD,30OCT2026,20200000.000000,1,OPTFUT,MCX,50.000000,100,False
563490,GOLD30OCT26202500PE,GOLD,30OCT2026,20250000.000000,1,OPTFUT,MCX,50.000000,100,False
563501,GOLD27NOV26202500PE,GOLD,27NOV2026,20250000.000000,1,OPTFUT,MCX,50.000000,100,False
563508,GOLD27NOV26206000PE,GOLD,27NOV2026,20600000.000000,1,OPTFUT,MCX,50.000000,100,False
584590,GOLDM27NOV26173500CE,GOLDM,27NOV2026,17350000.000000,100,OPTFUT,MCX,50.000000,10000,False
584599,GOLDM27NOV26178000CE,GOLDM,27NOV2026,17800000.000000,100,OPTFUT,MCX,50.000000,10000,False
584609,GOLDM27NOV26151000PE,GOLDM,27NOV2026,15100000.000000,100,OPTFUT,MCX,50.000000,10000,False
584614,GOLDM27NOV26148500PE,GOLDM,27NOV2026,14850000.000000,100,OPTFUT,MCX,50.000000,10000,False
563512,GOLD31DEC26206000PE,GOLD,31DEC2026,20600000.000000,1,OPTFUT,MCX,50.000000,100,False
563523,GOLD29JAN27205500PE,GOLD,29JAN2027,20550000.000000,1,OPTFUT,MCX,50.000000,100,False
563527,GOLD29JAN27207500PE,GOLD,29JAN2027,20750000.000000,1,OPTFUT,MCX,50.000000,100,False
563533,GOLD29JAN27210500PE,GOLD,29JAN2027,21050000.000000,1,OPTFUT,MCX,50.000000,100,False
584623,GOLDM27NOV26144000PE,GOLDM,27NOV2026,14400000.000000,100,OPTFUT,MCX,50.000000,10000,False
584636,GOLDM27NOV26137500PE,GOLDM,27NOV2026,13750000.000000,100,OPTFUT,MCX,50.000000,10000,False
584642,GOLDM27NOV26134500PE,GOLDM,27NOV2026,13450000.000000,100,OPTFUT,MCX,50.000000,10000,False
584650,GOLDM27NOV26130500PE,GOLDM,27NOV2026,13050000.000000,100,OPTFUT,MCX,50.000000,10000,False
584684,GOLDM27NOV26170500PE,GOLDM,27NOV2026,17050000.000000,100,OPTFUT,MCX,50.000000,10000,False
584685,GOLDM27NOV26171000PE,GOLDM,27NOV2026,17100000.000000,100,OPTFUT,MCX,50.000000,10000,False
584689,GOLDM27NOV26173000PE,GOLDM,27NOV2026,17300000.000000,100,OPTFUT,MCX,50.000000,10000,False
584697,GOLDM27NOV26177000PE,GOLDM,27NOV2026,17700000.000000,100,OPTFUT,MCX,50.000000,10000,False
563653,SILVERM24SEP26353000PE,SILVERM,24SEP2026,35300000.000000,5,OPTFUT,MCX,50.000000,600,False
563655,SILVERM27OCT26353000PE,SILVERM,27OCT2026,35300000.000000,5,OPTFUT,MCX,50.000000,600,False
563657,SILVERM23NOV26353000PE,SILVERM,23NOV2026,35300000.000000,5,OPTFUT,MCX,50.000000,600,False
564672,SILVER28DEC26279000CE,SILVER,28DEC2026,27900000.000000,30,OPTFUT,MCX,50.000000,600,False
564676,SILVER28DEC26275000CE,SILVER,28DEC2026,27500000.000000,30,OPTFUT,MCX,50.000000,600,False
564693,SILVER28DEC26258000CE,SILVER,28DEC2026,25800000.000000,30,OPTFUT,MCX,50.000000,600,False
564710,SILVER28DEC26303000CE,SILVER,28DEC2026,30300000.000000,30,OPTFUT,MCX,50.000000,600,False
564716,SILVER28DEC26309000CE,SILVER,28DEC2026,30900000.000000,30,OPTFUT,MCX,50.000000,600,False
584735,CRUDEOIL15OCT2612250PE,CRUDEOIL,15OCT2026,1225000.000000,100,OPTFUT,MCX,10.000000,10000,False
584737,ZINC23NOV26455CE,ZINC,23NOV2026,45500.000000,5,OPTFUT,MCX,1.000000,100,False
584749,CRUDEOILM15OCT2612150PE,CRUDEOILM,15OCT2026,1215000.000000,10,OPTFUT,MCX,5.000000,10000,False
584757,COPPER23DEC261580CE,COPPER,23DEC2026,158000.000000,2500,OPTFUT,MCX,1.000000,70000,False
584767,ZINC23NOV26460CE,ZINC,23NOV2026,46000.000000,5,OPTFUT,MCX,1.000000,100,False
584770,ZINC23NOV26460PE,ZINC,23NOV2026,46000.000000,5,OPTFUT,MCX,1.000000,100,False
584771,CRUDEOILM17NOV2612000CE,CRUDEOILM,17NOV2026,1200000.000000,10,OPTFUT,MCX,5.000000,10000,False
584777,CRUDEOIL17DEC27FUT,CRUDEOIL,17DEC2027,0.000000,100,FUTCOM,MCX,100.000000,10000,False
564718,SILVER28DEC26311000CE,SILVER,28DEC2026,31100000.000000,30,OPTFUT,MCX,50.000000,600,False
564720,SILVER28DEC26313000CE,SILVER,28DEC2026,31300000.000000,30,OPTFUT,MCX,50.000000,600,False
564721,SILVER28DEC26314000CE,SILVER,28DEC2026,31400000.000000,30,OPTFUT,MCX,50.000000,600,False
564726,SILVER28DEC26319000CE,SILVER,28DEC2026,31900000.000000,30,OPTFUT,MCX,50.000000,600,False
584784,COPPER23OCT261580PE,COPPER,23OCT2026,158000.000000,2500,OPTFUT,MCX,1.000000,70000,False
584785,COPPER23NOV261580PE,COPPER,23NOV2026,158000.000000,2500,OPTFUT,MCX,1.000000,70000,False
584788,CRUDEOIL17SEP2612600CE,CRUDEOIL,17SEP2026,1260000.000000,100,OPTFUT,MCX,10.000000,10000,False
584789,CRUDEOIL17SEP2612650CE,CRUDEOIL,17SEP2026,1265000.000000,100,OPTFUT,MCX,10.000000,10000,False
564735,SILVER28DEC26328000CE,SILVER,28DEC2026,32800000.000000,30,OPTFUT,MCX,50.000000,600,False
564737,SILVER28DEC26330000CE,SILVER,28DEC2026,33000000.000000,30,OPTFUT,MCX,50.000000,600,False
564757,SILVER25JAN27274000CE,SILVER,25JAN2027,27400000.000000,30,OPTFUT,MCX,50.000000,600,False
564761,SILVER25JAN27270000CE,SILVER,25JAN2027,27000000.000000,30,OPTFUT,MCX,50.000000,600,False
584805,CRUDEOIL17SEP2612550PE,CRUDEOIL,17SEP2026,1255000.000000,100,OPTFUT,MCX,10.000000,10000,False
584828,NATURALGAS20NOV26130PE,NATURALGAS,20NOV2026,13000.000000,1250,OPTFUT,MCX,5.000000,60000,False
584834,ZINC23DEC26450PE,ZINC,23DEC2026,45000.000000,5,OPTFUT,MCX,1.000000,100,False
584836,CRUDEOILM17SEP2612600CE,CRUDEOILM,17SEP2026,1260000.000000,10,OPTFUT,MCX,5.000000,10000,False
564783,SILVER25JAN27296000CE,SILVER,25JAN2027,29600000.000000,30,OPTFUT,MCX,50.000000,600,False
564788,SILVER25JAN27301000CE,SILVER,25JAN2027,30100000.000000,30,OPTFUT,MCX,50.000000,600,False
564789,SILVER25JAN27302000CE,SILVER,25JAN2027,30200000.000000,30,OPTFUT,MCX,50.000000,600,False
564796,SILVER25JAN27309000CE,SILVER,25JAN2027,30900000.000000,30,OPTFUT,MCX,50.000000,600,False
584841,CRUDEOILM17SEP2612850CE,CRUDEOILM,17SEP2026,1285000.000000,10,OPTFUT,MCX,5.000000,10000,False
584845,CRUDEOILM15OCT2612450CE,CRUDEOILM,15OCT2026,1245000.000000,10,OPTFUT,MCX,5.000000,10000,False
584852,CRUDEOILM17NOV2612250CE,CRUDEOILM,17NOV2026,1225000.000000,10,OPTFUT,MCX,5.000000,10000,False
584855,CRUDEOILM17SEP2612650PE,CRUDEOILM,17SEP2026,1265000.000000,10,OPTFUT,MCX,5.000000,10000,False
564801,SILVER25JAN27314000CE,SILVER,25JAN2027,31400000.000000,30,OPTFUT,MCX,50.000000,600,False
564808,SILVER25JAN27321000CE,SILVER,25JAN2027,32100000.000000,30,OPTFUT,MCX,50.000000,600,False
564810,SILVER25JAN27323000CE,SILVER,25JAN2027,32300000.000000,30,OPTFUT,MCX,50.000000,600,False
564818,SILVER25JAN27331000CE,SILVER,25JAN2027,33100000.000000,30,OPTFUT,MCX,50.000000,600,False
584870,CRUDEOILM17NOV2612250PE,CRUDEOILM,17NOV2026,1225000.000000,10,OPTFUT,MCX,5.000000,10000,False
584874,CRUDEOIL17SEP2612950CE,CRUDEOIL,17SEP2026,1295000.000000,100,OPTFUT,MCX,10.000000,10000,False
584883,CRUDEOIL17SEP2613400CE,CRUDEOIL,17SEP2026,1340000.000000,100,OPTFUT,MCX,10.000000,10000,False
584894,CRUDEOIL15OCT2613050CE,CRUDEOIL,15OCT2026,1305000.000000,100,OPTFUT,MCX,10.000000,10000,False
564825,SILVER26FEB27286000CE,SILVER,26FEB2027,28600000.000000,30,OPTFUT,MCX,50.000000,600,False
564826,SILVER26FEB27285000CE,SILVER,26FEB2027,28500000.000000,30,OPTFUT,MCX,50.000000,600,False
564843,SILVER26FEB27268000CE,SILVER,26FEB2027,26800000.000000,30,OPTFUT,MCX,50.000000,600,False
564849,SILVER26FEB27262000CE,SILVER,26FEB2027,26200000.000000,30,OPTFUT,MCX,50.000000,600,False
584896,CRUDEOIL17NOV2612300CE,CRUDEOIL,17NOV2026,1230000.000000,100,OPTFUT,MCX,10.000000,10000,False
584916,CRUDEOIL17SEP2613450PE,CRUDEOIL,17SEP2026,1345000.000000,100,OPTFUT,MCX,10.000000,10000,False
584923,CRUDEOIL15OCT2612900PE,CRUDEOIL,15OCT2026,1290000.000000,100,OPTFUT,MCX,10.000000,10000,False
584934,CRUDEOIL17NOV2612600PE,CRUDEOIL,17NOV2026,1260000.000000,100,OPTFUT,MCX,10.000000,10000,False
564851,SILVER26FEB27260000CE,SILVER,26FEB2027,26000000.000000,30,OPTFUT,MCX,50.000000,600,False
564855,SILVER26FEB27256000CE,SILVER,26FEB2027,25600000.000000,30,OPTFUT,MCX,50.000000,600,False
564869,SILVER26FEB27302000CE,SILVER,26FEB2027,30200000.000000,30,OPTFUT,MCX,50.000000,600,False
564871,SILVER26FEB27304000CE,SILVER,26FEB2027,30400000.000000,30,OPTFUT,MCX,50.000000,600,False
584941,CRUDEOILM17SEP2613000CE,CRUDEOILM,17SEP2026,1300000.000000,10,OPTFUT,MCX,5.000000,10000,False
584967,CRUDEOILM17NOV2612550CE,CRUDEOILM,17NOV2026,1255000.000000,10,OPTFUT,MCX,5.000000,10000,False
584972,CRUDEOILM17SEP2612950PE,CRUDEOILM,17SEP2026,1295000.000000,10,OPTFUT,MCX,5.000000,10000,False
584983,CRUDEOILM15OCT2612600PE,CRUDEOILM,15OCT2026,1260000.000000,10,OPTFUT,MCX,5.000000,10000,False
598,ELECDMBLCOM,ELECDMBL,,0.000000,50,COMDTY,MCX,100.000000,99999999,False
564882,SILVER26FEB27315000CE,SILVER,26FEB2027,31500000.000000,30,OPTFUT,MCX,50.000000,600,False
564888,SILVER26FEB27321000CE,SILVER,26FEB2027,32100000.000000,30,OPTFUT,MCX,50.000000,600,False
564891,SILVER26FEB27324000CE,SILVER,26FEB2027,32400000.000000,30,OPTFUT,MCX,50.000000,600,False
564896,SILVER26FEB27329000CE,SILVER,26FEB2027,32900000.000000,30,OPTFUT,MCX,50.000000,600,False
564901,SILVER28DEC26290000PE,SILVER,28DEC2026,29000000.000000,30,OPTFUT,MCX,50.000000,600,False
564903,SILVER28DEC26288000PE,SILVER,28DEC2026,28800000.000000,30,OPTFUT,MCX,50.000000,600,False
564912,SILVER28DEC26279000PE,SILVER,28DEC2026,27900000.000000,30,OPTFUT,MCX,50.000000,600,False
564914,SILVER28DEC26277000PE,SILVER,28DEC2026,27700000.000000,30,OPTFUT,MCX,50.000000,600,False
564941,SILVER28DEC26294000PE,SILVER,28DEC2026,29400000.000000,30,OPTFUT,MCX,50.000000,600,False
564953,SILVER28DEC26306000PE,SILVER,28DEC2026,30600000.000000,30,OPTFUT,MCX,50.000000,600,False
564955,SILVER28DEC26308000PE,SILVER,28DEC2026,30800000.000000,30,OPTFUT,MCX,50.000000,600,False
564958,SILVER28DEC26311000PE,SILVER,28DEC2026,31100000.000000,30,OPTFUT,MCX,50.000000,600,False
564972,SILVER28DEC26325000PE,SILVER,28DEC2026,32500000.000000,30,OPTFUT,MCX,50.000000,600,False
564994,SILVER25JAN27277000PE,SILVER,25JAN2027,27700000.000000,30,OPTFUT,MCX,50.000000,600,False
565001,SILVER25JAN27270000PE,SILVER,25JAN2027,27000000.000000,30,OPTFUT,MCX,50.000000,600,False
565010,SILVER25JAN27261000PE,SILVER,25JAN2027,26100000.000000,30,OPTFUT,MCX,50.000000,600,False
565012,SILVER25JAN27259000PE,SILVER,25JAN2027,25900000.000000,30,OPTFUT,MCX,50.000000,600,False
565024,SILVER25JAN27297000PE,SILVER,25JAN2027,29700000.000000,30,OPTFUT,MCX,50.000000,600,False
565034,SILVER25JAN27307000PE,SILVER,25JAN2027,30700000.000000,30,OPTFUT,MCX,50.000000,600,False
565051,SILVER25JAN27324000PE,SILVER,25JAN2027,32400000.000000,30,OPTFUT,MCX,50.000000,600,False
565059,SILVER25JAN27332000PE,SILVER,25JAN2027,33200000.000000,30,OPTFUT,MCX,50.000000,600,False
565060,SILVER26FEB27291000PE,SILVER,26FEB2027,29100000.000000,30,OPTFUT,MCX,50.000000,600,False
565062,SILVER26FEB27289000PE,SILVER,26FEB2027,28900000.000000,30,OPTFUT,MCX,50.000000,600,False
565064,SILVER26FEB27287000PE,SILVER,26FEB2027,28700000.000000,30,OPTFUT,MCX,50.000000,600,False
565083,SILVER26FEB27268000PE,SILVER,26FEB2027,26800000.000000,30,OPTFUT,MCX,50.000000,600,False
565100,SILVER26FEB27293000PE,SILVER,26FEB2027,29300000.000000,30,OPTFUT,MCX,50.000000,600,False
565112,SILVER26FEB27305000PE,SILVER,26FEB2027,30500000.000000,30,OPTFUT,MCX,50.000000,600,False
565122,SILVER26FEB27315000PE,SILVER,26FEB2027,31500000.000000,30,OPTFUT,MCX,50.000000,600,False
565127,SILVER26FEB27320000PE,SILVER,26FEB2027,32000000.000000,30,OPTFUT,MCX,50.000000,600,False
565138,SILVER26FEB27331000PE,SILVER,26FEB2027,33100000.000000,30,OPTFUT,MCX,50.000000,600,False
565146,SILVERM28DEC26290000CE,SILVERM,28DEC2026,29000000.000000,5,OPTFUT,MCX,50.000000,600,False
565155,SILVERM28DEC26281000CE,SILVERM,28DEC2026,28100000.000000,5,OPTFUT,MCX,50.000000,600,False
565159,SILVERM28DEC26277000CE,SILVERM,28DEC2026,27700000.000000,5,OPTFUT,MCX,50.000000,600,False
565164,SILVERM28DEC26272000CE,SILVERM,28DEC2026,27200000.000000,5,OPTFUT,MCX,50.000000,600,False
565168,SILVERM28DEC26268000CE,SILVERM,28DEC2026,26800000.000000,5,OPTFUT,MCX,50.000000,600,False
565197,SILVERM28DEC26315000CE,SILVERM,28DEC2026,31500000.000000,5,OPTFUT,MCX,50.000000,600,False
565215,SILVERM28DEC26333000CE,SILVERM,28DEC2026,33300000.000000,5,OPTFUT,MCX,50.000000,600,False
565217,SILVERM28DEC26335000CE,SILVERM,28DEC2026,33500000.000000,5,OPTFUT,MCX,50.000000,600,False
565231,SILVERM25JAN27285000CE,SILVERM,25JAN2027,28500000.000000,5,OPTFUT,MCX,50.000000,600,False
565232,SILVERM25JAN27284000CE,SILVERM,25JAN2027,28400000.000000,5,OPTFUT,MCX,50.000000,600,False
565237,SILVERM25JAN27279000CE,SILVERM,25JAN2027,27900000.000000,5,OPTFUT,MCX,50.000000,600,False
565240,SILVERM25JAN27276000CE,SILVERM,25JAN2027,27600000.000000,5,OPTFUT,MCX,50.000000,600,False
565244,SILVERM25JAN27272000CE,SILVERM,25JAN2027,27200000.000000,5,OPTFUT,MCX,50.000000,600,False
565245,SILVERM25JAN27271000CE,SILVERM,25JAN2027,27100000.000000,5,OPTFUT,MCX,50.000000,600,False
565265,SILVERM25JAN27303000CE,SILVERM,25JAN2027,30300000.000000,5,OPTFUT,MCX,50.000000,600,False
565282,SILVERM25JAN27320000CE,SILVERM,25JAN2027,32000000.000000,5,OPTFUT,MCX,50.000000,600,False
565296,SILVERM25JAN27334000CE,SILVERM,25JAN2027,33400000.000000,5,OPTFUT,MCX,50.000000,600,False
565302,SILVERM19FEB27294000CE,SILVERM,19FEB2027,29400000.000000,5,OPTFUT,MCX,50.000000,600,False
565304,SILVERM19FEB27292000CE,SILVERM,19FEB2027,29200000.000000,5,OPTFUT,MCX,50.000000,600,False
565313,SILVERM19FEB27283000CE,SILVERM,19FEB2027,28300000.000000,5,OPTFUT,MCX,50.000000,600,False
565316,SILVERM19FEB27280000CE,SILVERM,19FEB2027,28000000.000000,5,OPTFUT,MCX,50.000000,600,False
565325,SILVERM19FEB27271000CE,SILVERM,19FEB2027,27100000.000000,5,OPTFUT,MCX,50.000000,600,False
565331,SILVERM19FEB27265000CE,SILVERM,19FEB2027,26500000.000000,5,OPTFUT,MCX,50.000000,600,False
565343,SILVERM19FEB27301000CE,SILVERM,19FEB2027,30100000.000000,5,OPTFUT,MCX,50.000000,600,False
565363,SILVERM19FEB27321000CE,SILVERM,19FEB2027,32100000.000000,5,OPTFUT,MCX,50.000000,600,False
565364,SILVERM19FEB27322000CE,SILVERM,19FEB2027,32200000.000000,5,OPTFUT,MCX,50.000000,600,False
565366,SILVERM19FEB27324000CE,SILVERM,19FEB2027,32400000.000000,5,OPTFUT,MCX,50.000000,600,False
565376,SILVERM19FEB27334000CE,SILVERM,19FEB2027,33400000.000000,5,OPTFUT,MCX,50.000000,600,False
565388,SILVERM28DEC26288000PE,SILVERM,28DEC2026,28800000.000000,5,OPTFUT,MCX,50.000000,600,False
565393,SILVERM28DEC26283000PE,SILVERM,28DEC2026,28300000.000000,5,OPTFUT,MCX,50.000000,600,False
565400,SILVERM28DEC26276000PE,SILVERM,28DEC2026,27600000.000000,5,OPTFUT,MCX,50.000000,600,False
565442,SILVERM28DEC26320000PE,SILVERM,28DEC2026,32000000.000000,5,OPTFUT,MCX,50.000000,600,False
565450,SILVERM28DEC26328000PE,SILVERM,28DEC2026,32800000.000000,5,OPTFUT,MCX,50.000000,600,False
565469,SILVERM25JAN27287000PE,SILVERM,25JAN2027,28700000.000000,5,OPTFUT,MCX,50.000000,600,False
565470,SILVERM25JAN27286000PE,SILVERM,25JAN2027,28600000.000000,5,OPTFUT,MCX,50.000000,600,False
565480,SILVERM25JAN27276000PE,SILVERM,25JAN2027,27600000.000000,5,OPTFUT,MCX,50.000000,600,False
565483,SILVERM25JAN27273000PE,SILVERM,25JAN2027,27300000.000000,5,OPTFUT,MCX,50.000000,600,False
565485,SILVERM25JAN27271000PE,SILVERM,25JAN2027,27100000.000000,5,OPTFUT,MCX,50.000000,600,False
565491,SILVERM25JAN27265000PE,SILVERM,25JAN2027,26500000.000000,5,OPTFUT,MCX,50.000000,600,False
565493,SILVERM25JAN27263000PE,SILVERM,25JAN2027,26300000.000000,5,OPTFUT,MCX,50.000000,600,False
565498,SILVERM25JAN27258000PE,SILVERM,25JAN2027,25800000.000000,5,OPTFUT,MCX,50.000000,600,False
565505,SILVERM25JAN27303000PE,SILVERM,25JAN2027,30300000.000000,5,OPTFUT,MCX,50.000000,600,False
565519,SILVERM25JAN27317000PE,SILVERM,25JAN2027,31700000.000000,5,OPTFUT,MCX,50.000000,600,False
565521,SILVERM25JAN27319000PE,SILVERM,25JAN2027,31900000.000000,5,OPTFUT,MCX,50.000000,600,False
565522,SILVERM25JAN27320000PE,SILVERM,25JAN2027,32000000.000000,5,OPTFUT,MCX,50.000000,600,False
565526,SILVERM25JAN27324000PE,SILVERM,25JAN2027,32400000.000000,5,OPTFUT,MCX,50.000000,600,False
565528,SILVERM25JAN27326000PE,SILVERM,25JAN2027,32600000.000000,5,OPTFUT,MCX,50.000000,600,False
565531,SILVERM25JAN27329000PE,SILVERM,25JAN2027,32900000.000000,5,OPTFUT,MCX,50.000000,600,False
565532,SILVERM25JAN27330000PE,SILVERM,25JAN2027,33000000.000000,5,OPTFUT,MCX,50.000000,600,False
565536,SILVERM25JAN27334000PE,SILVERM,25JAN2027,33400000.000000,5,OPTFUT,MCX,50.000000,600,False
565538,SILVERM25JAN27336000PE,SILVERM,25JAN2027,33600000.000000,5,OPTFUT,MCX,50.000000,600,False
565550,SILVERM19FEB27286000PE,SILVERM,19FEB2027,28600000.000000,5,OPTFUT,MCX,50.000000,600,False
565570,SILVERM19FEB27266000PE,SILVERM,19FEB2027,26600000.000000,5,OPTFUT,MCX,50.000000,600,False
565582,SILVERM19FEB27300000PE,SILVERM,19FEB2027,30000000.000000,5,OPTFUT,MCX,50.000000,600,False
565592,SILVERM19FEB27310000PE,SILVERM,19FEB2027,31000000.000000,5,OPTFUT,MCX,50.000000,600,False
565595,SILVERM19FEB27313000PE,SILVERM,19FEB2027,31300000.000000,5,OPTFUT,MCX,50.000000,600,False
565603,SILVERM19FEB27321000PE,SILVERM,19FEB2027,32100000.000000,5,OPTFUT,MCX,50.000000,600,False
565604,SILVERM19FEB27322000PE,SILVERM,19FEB2027,32200000.000000,5,OPTFUT,MCX,50.000000,600,False
565607,SILVERM19FEB27325000PE,SILVERM,19FEB2027,32500000.000000,5,OPTFUT,MCX,50.000000,600,False
565616,SILVERM19FEB27334000PE,SILVERM,19FEB2027,33400000.000000,5,OPTFUT,MCX,50.000000,600,False
565618,SILVERM19FEB27336000PE,SILVERM,19FEB2027,33600000.000000,5,OPTFUT,MCX,50.000000,600,False
565670,SILVER25JAN27249000CE,SILVER,25JAN2027,24900000.000000,30,OPTFUT,MCX,50.000000,600,False
565681,SILVER25JAN27250000PE,SILVER,25JAN2027,25000000.000000,30,OPTFUT,MCX,50.000000,600,False
565688,SILVERM28DEC26256000CE,SILVERM,28DEC2026,25600000.000000,5,OPTFUT,MCX,50.000000,600,False
565694,SILVERM19FEB27256000CE,SILVERM,19FEB2027,25600000.000000,5,OPTFUT,MCX,50.000000,600,False
565702,SILVERM25JAN27254000PE,SILVERM,25JAN2027,25400000.000000,5,OPTFUT,MCX,50.000000,600,False
565730,SILVER26FEB27247000CE,SILVER,26FEB2027,24700000.000000,30,OPTFUT,MCX,50.000000,600,False
565731,SILVER26FEB27246000CE,SILVER,26FEB2027,24600000.000000,30,OPTFUT,MCX,50.000000,600,False
565733,SILVER28DEC26246000PE,SILVER,28DEC2026,24600000.000000,30,OPTFUT,MCX,50.000000,600,False
565759,SILVERM19FEB27252000PE,SILVERM,19FEB2027,25200000.000000,5,OPTFUT,MCX,50.000000,600,False
565761,SILVERM19FEB27250000PE,SILVERM,19FEB2027,25000000.000000,5,OPTFUT,MCX,50.000000,600,False
565820,SILVER25JAN27242000CE,SILVER,25JAN2027,24200000.000000,30,OPTFUT,MCX,50.000000,600,False
565822,SILVER26FEB27245000CE,SILVER,26FEB2027,24500000.000000,30,OPTFUT,MCX,50.000000,600,False
565839,SILVER26FEB27243000PE,SILVER,26FEB2027,24300000.000000,30,OPTFUT,MCX,50.000000,600,False
565848,SILVERM25JAN27247000CE,SILVERM,25JAN2027,24700000.000000,5,OPTFUT,MCX,50.000000,600,False
565852,SILVERM19FEB27247000CE,SILVERM,19FEB2027,24700000.000000,5,OPTFUT,MCX,50.000000,600,False
566308,GOLD25SEP26133500CE,GOLD,25SEP2026,13350000.000000,1,OPTFUT,MCX,50.000000,100,False
565860,SILVERM25JAN27247000PE,SILVERM,25JAN2027,24700000.000000,5,OPTFUT,MCX,50.000000,600,False
566311,GOLD25SEP26132000CE,GOLD,25SEP2026,13200000.000000,1,OPTFUT,MCX,50.000000,100,False
566318,GOLD30OCT26138000CE,GOLD,30OCT2026,13800000.000000,1,OPTFUT,MCX,50.000000,100,False
566322,GOLD30OCT26136000CE,GOLD,30OCT2026,13600000.000000,1,OPTFUT,MCX,50.000000,100,False
566334,GOLD27NOV26136500CE,GOLD,27NOV2026,13650000.000000,1,OPTFUT,MCX,50.000000,100,False
566347,GOLD31DEC26139500CE,GOLD,31DEC2026,13950000.000000,1,OPTFUT,MCX,50.000000,100,False
566351,GOLD31DEC26137500CE,GOLD,31DEC2026,13750000.000000,1,OPTFUT,MCX,50.000000,100,False
566356,GOLD29JAN27141000CE,GOLD,29JAN2027,14100000.000000,1,OPTFUT,MCX,50.000000,100,False
566418,GOLD25SEP26130500PE,GOLD,25SEP2026,13050000.000000,1,OPTFUT,MCX,50.000000,100,False
566420,GOLD25SEP26129500PE,GOLD,25SEP2026,12950000.000000,1,OPTFUT,MCX,50.000000,100,False
566422,GOLD30OCT26138000PE,GOLD,30OCT2026,13800000.000000,1,OPTFUT,MCX,50.000000,100,False
566430,GOLD30OCT26134000PE,GOLD,30OCT2026,13400000.000000,1,OPTFUT,MCX,50.000000,100,False
566436,GOLD27NOV26137500PE,GOLD,27NOV2026,13750000.000000,1,OPTFUT,MCX,50.000000,100,False
566439,GOLD27NOV26136000PE,GOLD,27NOV2026,13600000.000000,1,OPTFUT,MCX,50.000000,100,False
566445,GOLD27NOV26133000PE,GOLD,27NOV2026,13300000.000000,1,OPTFUT,MCX,50.000000,100,False
566448,GOLD31DEC26141000PE,GOLD,31DEC2026,14100000.000000,1,OPTFUT,MCX,50.000000,100,False
566462,GOLD29JAN27140000PE,GOLD,29JAN2027,14000000.000000,1,OPTFUT,MCX,50.000000,100,False
566470,GOLD29JAN27136000PE,GOLD,29JAN2027,13600000.000000,1,OPTFUT,MCX,50.000000,100,False
566554,SILVER24SEP26217000CE,SILVER,24SEP2026,21700000.000000,30,OPTFUT,MCX,50.000000,600,False
566559,SILVER24SEP26212000CE,SILVER,24SEP2026,21200000.000000,30,OPTFUT,MCX,50.000000,600,False
566574,SILVER27NOV26213000CE,SILVER,27NOV2026,21300000.000000,30,OPTFUT,MCX,50.000000,600,False
566588,SILVER28DEC26230000CE,SILVER,28DEC2026,23000000.000000,30,OPTFUT,MCX,50.000000,600,False
566599,SILVER28DEC26219000CE,SILVER,28DEC2026,21900000.000000,30,OPTFUT,MCX,50.000000,600,False
566605,SILVER25JAN27236000CE,SILVER,25JAN2027,23600000.000000,30,OPTFUT,MCX,50.000000,600,False
566612,SILVER25JAN27229000CE,SILVER,25JAN2027,22900000.000000,30,OPTFUT,MCX,50.000000,600,False
566617,SILVER25JAN27224000CE,SILVER,25JAN2027,22400000.000000,30,OPTFUT,MCX,50.000000,600,False
566627,SILVER26FEB27237000CE,SILVER,26FEB2027,23700000.000000,30,OPTFUT,MCX,50.000000,600,False
566641,SILVER26FEB27223000CE,SILVER,26FEB2027,22300000.000000,30,OPTFUT,MCX,50.000000,600,False
566674,SILVER24SEP26213000PE,SILVER,24SEP2026,21300000.000000,30,OPTFUT,MCX,50.000000,600,False
566678,SILVER27OCT26217000PE,SILVER,27OCT2026,21700000.000000,30,OPTFUT,MCX,50.000000,600,False
566694,SILVER28DEC26240000PE,SILVER,28DEC2026,24000000.000000,30,OPTFUT,MCX,50.000000,600,False
566695,SILVER28DEC26239000PE,SILVER,28DEC2026,23900000.000000,30,OPTFUT,MCX,50.000000,600,False
566700,SILVER28DEC26234000PE,SILVER,28DEC2026,23400000.000000,30,OPTFUT,MCX,50.000000,600,False
566702,SILVER28DEC26232000PE,SILVER,28DEC2026,23200000.000000,30,OPTFUT,MCX,50.000000,600,False
566743,SILVER26FEB27237000PE,SILVER,26FEB2027,23700000.000000,30,OPTFUT,MCX,50.000000,600,False
566751,SILVER26FEB27229000PE,SILVER,26FEB2027,22900000.000000,30,OPTFUT,MCX,50.000000,600,False
566752,SILVER26FEB27228000PE,SILVER,26FEB2027,22800000.000000,30,OPTFUT,MCX,50.000000,600,False
566758,SILVER26FEB27222000PE,SILVER,26FEB2027,22200000.000000,30,OPTFUT,MCX,50.000000,600,False
566769,SILVERM24SEP26224000CE,SILVERM,24SEP2026,22400000.000000,5,OPTFUT,MCX,50.000000,600,False
566773,SILVERM24SEP26220000CE,SILVERM,24SEP2026,22000000.000000,5,OPTFUT,MCX,50.000000,600,False
566780,SILVERM23NOV26223000CE,SILVERM,23NOV2026,22300000.000000,5,OPTFUT,MCX,50.000000,600,False
566787,SILVERM28DEC26242000CE,SILVERM,28DEC2026,24200000.000000,5,OPTFUT,MCX,50.000000,600,False
566790,SILVERM28DEC26239000CE,SILVERM,28DEC2026,23900000.000000,5,OPTFUT,MCX,50.000000,600,False
566795,SILVERM28DEC26234000CE,SILVERM,28DEC2026,23400000.000000,5,OPTFUT,MCX,50.000000,600,False
566825,SILVERM25JAN27226000CE,SILVERM,25JAN2027,22600000.000000,5,OPTFUT,MCX,50.000000,600,False
566831,SILVERM19FEB27242000CE,SILVERM,19FEB2027,24200000.000000,5,OPTFUT,MCX,50.000000,600,False
566843,SILVERM19FEB27230000CE,SILVERM,19FEB2027,23000000.000000,5,OPTFUT,MCX,50.000000,600,False
566845,SILVERM19FEB27228000CE,SILVERM,19FEB2027,22800000.000000,5,OPTFUT,MCX,50.000000,600,False
566861,SILVERM27OCT26224000PE,SILVERM,27OCT2026,22400000.000000,5,OPTFUT,MCX,50.000000,600,False
566866,SILVERM23NOV26224000PE,SILVERM,23NOV2026,22400000.000000,5,OPTFUT,MCX,50.000000,600,False
566879,SILVERM28DEC26237000PE,SILVERM,28DEC2026,23700000.000000,5,OPTFUT,MCX,50.000000,600,False
566883,SILVERM28DEC26233000PE,SILVERM,28DEC2026,23300000.000000,5,OPTFUT,MCX,50.000000,600,False
566907,SILVERM25JAN27231000PE,SILVERM,25JAN2027,23100000.000000,5,OPTFUT,MCX,50.000000,600,False
566909,SILVERM25JAN27229000PE,SILVERM,25JAN2027,22900000.000000,5,OPTFUT,MCX,50.000000,600,False
566930,SILVERM19FEB27230000PE,SILVERM,19FEB2027,23000000.000000,5,OPTFUT,MCX,50.000000,600,False
566933,SILVERM19FEB27227000PE,SILVERM,19FEB2027,22700000.000000,5,OPTFUT,MCX,50.000000,600,False
567352,SILVER27OCT26208000CE,SILVER,27OCT2026,20800000.000000,30,OPTFUT,MCX,50.000000,600,False
567355,SILVER28DEC26217000CE,SILVER,28DEC2026,21700000.000000,30,OPTFUT,MCX,50.000000,600,False
567395,SILVERM24SEP26219000CE,SILVERM,24SEP2026,21900000.000000,5,OPTFUT,MCX,50.000000,600,False
567401,SILVERM23NOV26219000CE,SILVERM,23NOV2026,21900000.000000,5,OPTFUT,MCX,50.000000,600,False
567410,SILVERM19FEB27223000CE,SILVERM,19FEB2027,22300000.000000,5,OPTFUT,MCX,50.000000,600,False
567546,GOLD25SEP26128000CE,GOLD,25SEP2026,12800000.000000,1,OPTFUT,MCX,50.000000,100,False
567567,GOLD30OCT26127000CE,GOLD,30OCT2026,12700000.000000,1,OPTFUT,MCX,50.000000,100,False
567568,GOLD30OCT26126500CE,GOLD,30OCT2026,12650000.000000,1,OPTFUT,MCX,50.000000,100,False
567579,GOLD27NOV26128000CE,GOLD,27NOV2026,12800000.000000,1,OPTFUT,MCX,50.000000,100,False
567588,GOLD31DEC26134000CE,GOLD,31DEC2026,13400000.000000,1,OPTFUT,MCX,50.000000,100,False
567597,GOLD31DEC26129500CE,GOLD,31DEC2026,12950000.000000,1,OPTFUT,MCX,50.000000,100,False
567600,GOLD29JAN27135500CE,GOLD,29JAN2027,13550000.000000,1,OPTFUT,MCX,50.000000,100,False
567602,GOLD29JAN27134500CE,GOLD,29JAN2027,13450000.000000,1,OPTFUT,MCX,50.000000,100,False
567609,GOLD29JAN27131000CE,GOLD,29JAN2027,13100000.000000,1,OPTFUT,MCX,50.000000,100,False
567661,GOLD25SEP26125500PE,GOLD,25SEP2026,12550000.000000,1,OPTFUT,MCX,50.000000,100,False
567686,GOLD27NOV26129500PE,GOLD,27NOV2026,12950000.000000,1,OPTFUT,MCX,50.000000,100,False
567687,GOLD27NOV26129000PE,GOLD,27NOV2026,12900000.000000,1,OPTFUT,MCX,50.000000,100,False
567690,GOLD27NOV26127500PE,GOLD,27NOV2026,12750000.000000,1,OPTFUT,MCX,50.000000,100,False
567703,GOLD31DEC26131500PE,GOLD,31DEC2026,13150000.000000,1,OPTFUT,MCX,50.000000,100,False
567719,GOLD29JAN27131000PE,GOLD,29JAN2027,13100000.000000,1,OPTFUT,MCX,50.000000,100,False
567723,GOLD29JAN27129000PE,GOLD,29JAN2027,12900000.000000,1,OPTFUT,MCX,50.000000,100,False
567807,SILVER27OCT26203000CE,SILVER,27OCT2026,20300000.000000,30,OPTFUT,MCX,50.000000,600,False
567815,SILVER28DEC26213000CE,SILVER,28DEC2026,21300000.000000,30,OPTFUT,MCX,50.000000,600,False
567818,SILVER28DEC26210000CE,SILVER,28DEC2026,21000000.000000,30,OPTFUT,MCX,50.000000,600,False
567828,SILVER26FEB27212000CE,SILVER,26FEB2027,21200000.000000,30,OPTFUT,MCX,50.000000,600,False
567856,SILVER27NOV26203000PE,SILVER,27NOV2026,20300000.000000,30,OPTFUT,MCX,50.000000,600,False
567830,SILVER26FEB27210000CE,SILVER,26FEB2027,21000000.000000,30,OPTFUT,MCX,50.000000,600,False
567851,SILVER27OCT26203000PE,SILVER,27OCT2026,20300000.000000,30,OPTFUT,MCX,50.000000,600,False
567852,SILVER27NOV26207000PE,SILVER,27NOV2026,20700000.000000,30,OPTFUT,MCX,50.000000,600,False
567860,SILVER28DEC26212000PE,SILVER,28DEC2026,21200000.000000,30,OPTFUT,MCX,50.000000,600,False
567864,SILVER25JAN27214000PE,SILVER,25JAN2027,21400000.000000,30,OPTFUT,MCX,50.000000,600,False
567873,SILVER26FEB27211000PE,SILVER,26FEB2027,21100000.000000,30,OPTFUT,MCX,50.000000,600,False
567874,SILVER26FEB27210000PE,SILVER,26FEB2027,21000000.000000,30,OPTFUT,MCX,50.000000,600,False
567894,SILVERM23NOV26213000CE,SILVERM,23NOV2026,21300000.000000,5,OPTFUT,MCX,50.000000,600,False
567897,SILVERM28DEC26218000CE,SILVERM,28DEC2026,21800000.000000,5,OPTFUT,MCX,50.000000,600,False
567915,SILVERM24SEP26216000PE,SILVERM,24SEP2026,21600000.000000,5,OPTFUT,MCX,50.000000,600,False
567918,SILVERM24SEP26213000PE,SILVERM,24SEP2026,21300000.000000,5,OPTFUT,MCX,50.000000,600,False
567925,SILVERM23NOV26214000PE,SILVERM,23NOV2026,21400000.000000,5,OPTFUT,MCX,50.000000,600,False
567931,SILVERM25JAN27220000PE,SILVERM,25JAN2027,22000000.000000,5,OPTFUT,MCX,50.000000,600,False
568066,SILVERM28DEC26215000PE,SILVERM,28DEC2026,21500000.000000,5,OPTFUT,MCX,50.000000,600,False
568432,SILVER27OCT26198000CE,SILVER,27OCT2026,19800000.000000,30,OPTFUT,MCX,50.000000,600,False
568446,SILVER26FEB27208000CE,SILVER,26FEB2027,20800000.000000,30,OPTFUT,MCX,50.000000,600,False
568448,SILVER26FEB27206000CE,SILVER,26FEB2027,20600000.000000,30,OPTFUT,MCX,50.000000,600,False
568468,SILVER27OCT26200000PE,SILVER,27OCT2026,20000000.000000,30,OPTFUT,MCX,50.000000,600,False
568506,SILVERM27OCT26207000CE,SILVERM,27OCT2026,20700000.000000,5,OPTFUT,MCX,50.000000,600,False
568513,SILVERM28DEC26214000CE,SILVERM,28DEC2026,21400000.000000,5,OPTFUT,MCX,50.000000,600,False
568514,SILVERM28DEC26213000CE,SILVERM,28DEC2026,21300000.000000,5,OPTFUT,MCX,50.000000,600,False
568520,SILVERM25JAN27211000CE,SILVERM,25JAN2027,21100000.000000,5,OPTFUT,MCX,50.000000,600,False
568544,SILVERM27OCT26207000PE,SILVERM,27OCT2026,20700000.000000,5,OPTFUT,MCX,50.000000,600,False
568552,SILVERM28DEC26213000PE,SILVERM,28DEC2026,21300000.000000,5,OPTFUT,MCX,50.000000,600,False
568554,SILVERM28DEC26211000PE,SILVERM,28DEC2026,21100000.000000,5,OPTFUT,MCX,50.000000,600,False
569003,GOLDM05OCT26FUT,GOLDM,05OCT2026,0.000000,100,FUTCOM,MCX,100.000000,10000,False
569435,GOLD26FEB27163000CE,GOLD,26FEB2027,16300000.000000,1,OPTFUT,MCX,50.000000,100,False
569445,GOLD26FEB27158000CE,GOLD,26FEB2027,15800000.000000,1,OPTFUT,MCX,50.000000,100,False
569446,GOLD26FEB27157500CE,GOLD,26FEB2027,15750000.000000,1,OPTFUT,MCX,50.000000,100,False
569447,GOLD26FEB27157000CE,GOLD,26FEB2027,15700000.000000,1,OPTFUT,MCX,50.000000,100,False
569450,GOLD26FEB27155500CE,GOLD,26FEB2027,15550000.000000,1,OPTFUT,MCX,50.000000,100,False
569454,GOLD26FEB27153500CE,GOLD,26FEB2027,15350000.000000,1,OPTFUT,MCX,50.000000,100,False
569469,GOLD26FEB27146000CE,GOLD,26FEB2027,14600000.000000,1,OPTFUT,MCX,50.000000,100,False
569471,GOLD26FEB27145000CE,GOLD,26FEB2027,14500000.000000,1,OPTFUT,MCX,50.000000,100,False
569475,GOLD26FEB27143000CE,GOLD,26FEB2027,14300000.000000,1,OPTFUT,MCX,50.000000,100,False
569509,GOLD26FEB27178000CE,GOLD,26FEB2027,17800000.000000,1,OPTFUT,MCX,50.000000,100,False
569531,GOLD26FEB27189000CE,GOLD,26FEB2027,18900000.000000,1,OPTFUT,MCX,50.000000,100,False
569557,GOLD29MAR27152000CE,GOLD,29MAR2027,15200000.000000,1,OPTFUT,MCX,50.000000,100,False
569566,GOLD29MAR27147500CE,GOLD,29MAR2027,14750000.000000,1,OPTFUT,MCX,50.000000,100,False
569570,GOLD29MAR27145500CE,GOLD,29MAR2027,14550000.000000,1,OPTFUT,MCX,50.000000,100,False
569571,GOLD29MAR27145000CE,GOLD,29MAR2027,14500000.000000,1,OPTFUT,MCX,50.000000,100,False
569578,GOLD29MAR27141500CE,GOLD,29MAR2027,14150000.000000,1,OPTFUT,MCX,50.000000,100,False
569589,GOLD29MAR27168000CE,GOLD,29MAR2027,16800000.000000,1,OPTFUT,MCX,50.000000,100,False
569605,GOLD29MAR27176000CE,GOLD,29MAR2027,17600000.000000,1,OPTFUT,MCX,50.000000,100,False
569606,GOLD29MAR27176500CE,GOLD,29MAR2027,17650000.000000,1,OPTFUT,MCX,50.000000,100,False
569640,GOLD26FEB27160500PE,GOLD,26FEB2027,16050000.000000,1,OPTFUT,MCX,50.000000,100,False
569642,GOLD26FEB27159500PE,GOLD,26FEB2027,15950000.000000,1,OPTFUT,MCX,50.000000,100,False
569647,GOLD26FEB27157000PE,GOLD,26FEB2027,15700000.000000,1,OPTFUT,MCX,50.000000,100,False
569652,GOLD26FEB27154500PE,GOLD,26FEB2027,15450000.000000,1,OPTFUT,MCX,50.000000,100,False
569659,GOLD26FEB27151000PE,GOLD,26FEB2027,15100000.000000,1,OPTFUT,MCX,50.000000,100,False
569674,GOLD26FEB27143500PE,GOLD,26FEB2027,14350000.000000,1,OPTFUT,MCX,50.000000,100,False
569678,GOLD26FEB27141500PE,GOLD,26FEB2027,14150000.000000,1,OPTFUT,MCX,50.000000,100,False
569693,GOLD26FEB27170000PE,GOLD,26FEB2027,17000000.000000,1,OPTFUT,MCX,50.000000,100,False
569702,GOLD26FEB27174500PE,GOLD,26FEB2027,17450000.000000,1,OPTFUT,MCX,50.000000,100,False
569704,GOLD26FEB27175500PE,GOLD,26FEB2027,17550000.000000,1,OPTFUT,MCX,50.000000,100,False
569721,GOLD26FEB27184000PE,GOLD,26FEB2027,18400000.000000,1,OPTFUT,MCX,50.000000,100,False
569728,GOLD26FEB27187500PE,GOLD,26FEB2027,18750000.000000,1,OPTFUT,MCX,50.000000,100,False
569739,GOLD29MAR27161000PE,GOLD,29MAR2027,16100000.000000,1,OPTFUT,MCX,50.000000,100,False
569748,GOLD29MAR27156500PE,GOLD,29MAR2027,15650000.000000,1,OPTFUT,MCX,50.000000,100,False
569752,GOLD29MAR27154500PE,GOLD,29MAR2027,15450000.000000,1,OPTFUT,MCX,50.000000,100,False
569757,GOLD29MAR27152000PE,GOLD,29MAR2027,15200000.000000,1,OPTFUT,MCX,50.000000,100,False
569759,GOLD29MAR27151000PE,GOLD,29MAR2027,15100000.000000,1,OPTFUT,MCX,50.000000,100,False
569772,GOLD29MAR27144500PE,GOLD,29MAR2027,14450000.000000,1,OPTFUT,MCX,50.000000,100,False
569783,GOLD29MAR27165000PE,GOLD,29MAR2027,16500000.000000,1,OPTFUT,MCX,50.000000,100,False
569791,GOLD29MAR27169000PE,GOLD,29MAR2027,16900000.000000,1,OPTFUT,MCX,50.000000,100,False
569799,GOLD29MAR27173000PE,GOLD,29MAR2027,17300000.000000,1,OPTFUT,MCX,50.000000,100,False
569801,GOLD29MAR27174000PE,GOLD,29MAR2027,17400000.000000,1,OPTFUT,MCX,50.000000,100,False
569815,GOLD29MAR27181000PE,GOLD,29MAR2027,18100000.000000,1,OPTFUT,MCX,50.000000,100,False
569817,GOLD29MAR27182000PE,GOLD,29MAR2027,18200000.000000,1,OPTFUT,MCX,50.000000,100,False
569828,GOLD29MAR27187500PE,GOLD,29MAR2027,18750000.000000,1,OPTFUT,MCX,50.000000,100,False
569842,GOLD26FEB27191500CE,GOLD,26FEB2027,19150000.000000,1,OPTFUT,MCX,50.000000,100,False
569850,GOLD26FEB27191500PE,GOLD,26FEB2027,19150000.000000,1,OPTFUT,MCX,50.000000,100,False
569852,GOLD29MAR27190500PE,GOLD,29MAR2027,19050000.000000,1,OPTFUT,MCX,50.000000,100,False
569872,GOLD26FEB27192000CE,GOLD,26FEB2027,19200000.000000,1,OPTFUT,MCX,50.000000,100,False
569874,GOLD29MAR27192000CE,GOLD,29MAR2027,19200000.000000,1,OPTFUT,MCX,50.000000,100,False
569876,GOLD26FEB27192000PE,GOLD,26FEB2027,19200000.000000,1,OPTFUT,MCX,50.000000,100,False
571307,GOLDTEN30OCT26FUT,GOLDTEN,30OCT2026,0.000000,10,FUTCOM,MCX,100.000000,10000,False
571403,MENTHAOIL30OCT26FUT,MENTHAOIL,30OCT2026,0.000000,360,FUTCOM,MCX,10.000000,18000,False
571667,GOLD26FEB27193500CE,GOLD,26FEB2027,19350000.000000,1,OPTFUT,MCX,50.000000,100,False
571674,GOLD26FEB27193000PE,GOLD,26FEB2027,19300000.000000,1,OPTFUT,MCX,50.000000,100,False
571675,GOLD26FEB27193500PE,GOLD,26FEB2027,19350000.000000,1,OPTFUT,MCX,50.000000,100,False
571879,GOLD29MAR27195500CE,GOLD,29MAR2027,19550000.000000,1,OPTFUT,MCX,50.000000,100,False
571896,SILVER28DEC26338000CE,SILVER,28DEC2026,33800000.000000,30,OPTFUT,MCX,50.000000,600,False
571897,SILVER28DEC26339000CE,SILVER,28DEC2026,33900000.000000,30,OPTFUT,MCX,50.000000,600,False
571904,SILVER25JAN27339000CE,SILVER,25JAN2027,33900000.000000,30,OPTFUT,MCX,50.000000,600,False
571906,SILVER26FEB27334000CE,SILVER,26FEB2027,33400000.000000,30,OPTFUT,MCX,50.000000,600,False
571912,SILVER28DEC26333000PE,SILVER,28DEC2026,33300000.000000,30,OPTFUT,MCX,50.000000,600,False
571914,SILVER28DEC26335000PE,SILVER,28DEC2026,33500000.000000,30,OPTFUT,MCX,50.000000,600,False
571916,SILVER28DEC26337000PE,SILVER,28DEC2026,33700000.000000,30,OPTFUT,MCX,50.000000,600,False
571919,SILVER25JAN27333000PE,SILVER,25JAN2027,33300000.000000,30,OPTFUT,MCX,50.000000,600,False
571985,GOLD26FEB27196500PE,GOLD,26FEB2027,19650000.000000,1,OPTFUT,MCX,50.000000,100,False
572,MCXGOLDEXCOM,MCXGOLDEX,,0.000000,1,COMDTY,MCX,1.000000,99999999,False
571988,GOLD29MAR27197000PE,GOLD,29MAR2027,19700000.000000,1,OPTFUT,MCX,50.000000,100,False
571996,SILVER28DEC26341000PE,SILVER,28DEC2026,34100000.000000,30,OPTFUT,MCX,50.000000,600,False
572011,SILVERM28DEC26339000PE,SILVERM,28DEC2026,33900000.000000,5,OPTFUT,MCX,50.000000,600,False
572013,SILVERM25JAN27338000PE,SILVERM,25JAN2027,33800000.000000,5,OPTFUT,MCX,50.000000,600,False
572039,GOLD26FEB27199500CE,GOLD,26FEB2027,19950000.000000,1,OPTFUT,MCX,50.000000,100,False
572040,GOLD26FEB27200000CE,GOLD,26FEB2027,20000000.000000,1,OPTFUT,MCX,50.000000,100,False
572050,GOLD26FEB27205000CE,GOLD,26FEB2027,20500000.000000,1,OPTFUT,MCX,50.000000,100,False
572053,GOLD26FEB27206500CE,GOLD,26FEB2027,20650000.000000,1,OPTFUT,MCX,50.000000,100,False
572071,GOLD29MAR27204000CE,GOLD,29MAR2027,20400000.000000,1,OPTFUT,MCX,50.000000,100,False
572088,GOLD26FEB27201000PE,GOLD,26FEB2027,20100000.000000,1,OPTFUT,MCX,50.000000,100,False
572105,GOLD29MAR27198000PE,GOLD,29MAR2027,19800000.000000,1,OPTFUT,MCX,50.000000,100,False
572124,GOLD29MAR27207500PE,GOLD,29MAR2027,20750000.000000,1,OPTFUT,MCX,50.000000,100,False
572235,SILVER28DEC26347000CE,SILVER,28DEC2026,34700000.000000,30,OPTFUT,MCX,50.000000,600,False
572238,SILVER28DEC26350000CE,SILVER,28DEC2026,35000000.000000,30,OPTFUT,MCX,50.000000,600,False
572242,SILVER28DEC26354000CE,SILVER,28DEC2026,35400000.000000,30,OPTFUT,MCX,50.000000,600,False
572250,SILVER28DEC26362000CE,SILVER,28DEC2026,36200000.000000,30,OPTFUT,MCX,50.000000,600,False
572252,SILVER28DEC26364000CE,SILVER,28DEC2026,36400000.000000,30,OPTFUT,MCX,50.000000,600,False
572255,SILVER28DEC26367000CE,SILVER,28DEC2026,36700000.000000,30,OPTFUT,MCX,50.000000,600,False
572256,SILVER28DEC26368000CE,SILVER,28DEC2026,36800000.000000,30,OPTFUT,MCX,50.000000,600,False
572263,SILVER25JAN27347000CE,SILVER,25JAN2027,34700000.000000,30,OPTFUT,MCX,50.000000,600,False
572271,SILVER25JAN27355000CE,SILVER,25JAN2027,35500000.000000,30,OPTFUT,MCX,50.000000,600,False
572284,SILVER25JAN27368000CE,SILVER,25JAN2027,36800000.000000,30,OPTFUT,MCX,50.000000,600,False
572302,SILVER26FEB27358000CE,SILVER,26FEB2027,35800000.000000,30,OPTFUT,MCX,50.000000,600,False
572349,SILVER28DEC26342000PE,SILVER,28DEC2026,34200000.000000,30,OPTFUT,MCX,50.000000,600,False
572377,SILVER25JAN27342000PE,SILVER,25JAN2027,34200000.000000,30,OPTFUT,MCX,50.000000,600,False
572350,SILVER28DEC26343000PE,SILVER,28DEC2026,34300000.000000,30,OPTFUT,MCX,50.000000,600,False
572371,SILVER28DEC26364000PE,SILVER,28DEC2026,36400000.000000,30,OPTFUT,MCX,50.000000,600,False
572387,SILVER25JAN27352000PE,SILVER,25JAN2027,35200000.000000,30,OPTFUT,MCX,50.000000,600,False
572388,SILVER25JAN27353000PE,SILVER,25JAN2027,35300000.000000,30,OPTFUT,MCX,50.000000,600,False
572391,SILVER25JAN27356000PE,SILVER,25JAN2027,35600000.000000,30,OPTFUT,MCX,50.000000,600,False
572393,SILVER25JAN27358000PE,SILVER,25JAN2027,35800000.000000,30,OPTFUT,MCX,50.000000,600,False
572394,SILVER25JAN27359000PE,SILVER,25JAN2027,35900000.000000,30,OPTFUT,MCX,50.000000,600,False
572401,SILVER25JAN27366000PE,SILVER,25JAN2027,36600000.000000,30,OPTFUT,MCX,50.000000,600,False
572404,SILVER25JAN27369000PE,SILVER,25JAN2027,36900000.000000,30,OPTFUT,MCX,50.000000,600,False
572410,SILVER26FEB27347000PE,SILVER,26FEB2027,34700000.000000,30,OPTFUT,MCX,50.000000,600,False
572415,SILVER26FEB27352000PE,SILVER,26FEB2027,35200000.000000,30,OPTFUT,MCX,50.000000,600,False
572421,SILVER26FEB27358000PE,SILVER,26FEB2027,35800000.000000,30,OPTFUT,MCX,50.000000,600,False
572423,SILVER26FEB27360000PE,SILVER,26FEB2027,36000000.000000,30,OPTFUT,MCX,50.000000,600,False
572425,SILVER26FEB27362000PE,SILVER,26FEB2027,36200000.000000,30,OPTFUT,MCX,50.000000,600,False
572427,SILVER26FEB27364000PE,SILVER,26FEB2027,36400000.000000,30,OPTFUT,MCX,50.000000,600,False
572432,SILVER26FEB27369000PE,SILVER,26FEB2027,36900000.000000,30,OPTFUT,MCX,50.000000,600,False
572450,SILVERM24SEP26356000CE,SILVERM,24SEP2026,35600000.000000,5,OPTFUT,MCX,50.000000,600,False
572467,SILVERM28DEC26345000CE,SILVERM,28DEC2026,34500000.000000,5,OPTFUT,MCX,50.000000,600,False
572474,SILVERM28DEC26352000CE,SILVERM,28DEC2026,35200000.000000,5,OPTFUT,MCX,50.000000,600,False
572475,SILVERM28DEC26353000CE,SILVERM,28DEC2026,35300000.000000,5,OPTFUT,MCX,50.000000,600,False
572477,SILVERM28DEC26355000CE,SILVERM,28DEC2026,35500000.000000,5,OPTFUT,MCX,50.000000,600,False
572479,SILVERM28DEC26357000CE,SILVERM,28DEC2026,35700000.000000,5,OPTFUT,MCX,50.000000,600,False
572499,SILVERM25JAN27348000CE,SILVERM,25JAN2027,34800000.000000,5,OPTFUT,MCX,50.000000,600,False
572526,SILVERM19FEB27346000CE,SILVERM,19FEB2027,34600000.000000,5,OPTFUT,MCX,50.000000,600,False
572527,SILVERM19FEB27347000CE,SILVERM,19FEB2027,34700000.000000,5,OPTFUT,MCX,50.000000,600,False
572542,SILVERM19FEB27362000CE,SILVERM,19FEB2027,36200000.000000,5,OPTFUT,MCX,50.000000,600,False
572589,SILVERM28DEC26350000PE,SILVERM,28DEC2026,35000000.000000,5,OPTFUT,MCX,50.000000,600,False
572599,SILVERM28DEC26360000PE,SILVERM,28DEC2026,36000000.000000,5,OPTFUT,MCX,50.000000,600,False
572603,SILVERM28DEC26364000PE,SILVERM,28DEC2026,36400000.000000,5,OPTFUT,MCX,50.000000,600,False
572615,SILVERM25JAN27347000PE,SILVERM,25JAN2027,34700000.000000,5,OPTFUT,MCX,50.000000,600,False
572621,SILVERM25JAN27353000PE,SILVERM,25JAN2027,35300000.000000,5,OPTFUT,MCX,50.000000,600,False
572648,SILVERM19FEB27351000PE,SILVERM,19FEB2027,35100000.000000,5,OPTFUT,MCX,50.000000,600,False
572649,SILVERM19FEB27352000PE,SILVERM,19FEB2027,35200000.000000,5,OPTFUT,MCX,50.000000,600,False
572657,SILVERM19FEB27360000PE,SILVERM,19FEB2027,36000000.000000,5,OPTFUT,MCX,50.000000,600,False
572658,SILVERM19FEB27361000PE,SILVERM,19FEB2027,36100000.000000,5,OPTFUT,MCX,50.000000,600,False
572786,SILVER25MAR27316000CE,SILVER,25MAR2027,31600000.000000,30,OPTFUT,MCX,50.000000,600,False
572790,SILVER25MAR27312000CE,SILVER,25MAR2027,31200000.000000,30,OPTFUT,MCX,50.000000,600,False
572824,SILVER25MAR27324000CE,SILVER,25MAR2027,32400000.000000,30,OPTFUT,MCX,50.000000,600,False
572829,SILVER25MAR27329000CE,SILVER,25MAR2027,32900000.000000,30,OPTFUT,MCX,50.000000,600,False
572830,SILVER25MAR27330000CE,SILVER,25MAR2027,33000000.000000,30,OPTFUT,MCX,50.000000,600,False
572861,SILVER25MAR27361000CE,SILVER,25MAR2027,36100000.000000,30,OPTFUT,MCX,50.000000,600,False
572871,SILVER28APR27311000CE,SILVER,28APR2027,31100000.000000,30,OPTFUT,MCX,50.000000,600,False
572872,SILVER28APR27310000CE,SILVER,28APR2027,31000000.000000,30,OPTFUT,MCX,50.000000,600,False
572886,SILVER28APR27296000CE,SILVER,28APR2027,29600000.000000,30,OPTFUT,MCX,50.000000,600,False
572904,SILVER28APR27324000CE,SILVER,28APR2027,32400000.000000,30,OPTFUT,MCX,50.000000,600,False
572918,SILVER28APR27338000CE,SILVER,28APR2027,33800000.000000,30,OPTFUT,MCX,50.000000,600,False
572936,SILVER28APR27356000CE,SILVER,28APR2027,35600000.000000,30,OPTFUT,MCX,50.000000,600,False
572952,SILVER25MAR27310000PE,SILVER,25MAR2027,31000000.000000,30,OPTFUT,MCX,50.000000,600,False
572955,SILVER25MAR27307000PE,SILVER,25MAR2027,30700000.000000,30,OPTFUT,MCX,50.000000,600,False
572958,SILVER25MAR27304000PE,SILVER,25MAR2027,30400000.000000,30,OPTFUT,MCX,50.000000,600,False
572963,SILVER25MAR27299000PE,SILVER,25MAR2027,29900000.000000,30,OPTFUT,MCX,50.000000,600,False
572971,SILVER25MAR27291000PE,SILVER,25MAR2027,29100000.000000,30,OPTFUT,MCX,50.000000,600,False
573008,SILVER25MAR27348000PE,SILVER,25MAR2027,34800000.000000,30,OPTFUT,MCX,50.000000,600,False
573011,SILVER25MAR27351000PE,SILVER,25MAR2027,35100000.000000,30,OPTFUT,MCX,50.000000,600,False
573018,SILVER25MAR27358000PE,SILVER,25MAR2027,35800000.000000,30,OPTFUT,MCX,50.000000,600,False
573023,SILVER28APR27319000PE,SILVER,28APR2027,31900000.000000,30,OPTFUT,MCX,50.000000,600,False
573031,SILVER28APR27311000PE,SILVER,28APR2027,31100000.000000,30,OPTFUT,MCX,50.000000,600,False
573035,SILVER28APR27307000PE,SILVER,28APR2027,30700000.000000,30,OPTFUT,MCX,50.000000,600,False
573039,SILVER28APR27303000PE,SILVER,28APR2027,30300000.000000,30,OPTFUT,MCX,50.000000,600,False
573046,SILVER28APR27296000PE,SILVER,28APR2027,29600000.000000,30,OPTFUT,MCX,50.000000,600,False
573050,SILVER28APR27292000PE,SILVER,28APR2027,29200000.000000,30,OPTFUT,MCX,50.000000,600,False
573058,SILVER28APR27284000PE,SILVER,28APR2027,28400000.000000,30,OPTFUT,MCX,50.000000,600,False
573064,SILVER28APR27324000PE,SILVER,28APR2027,32400000.000000,30,OPTFUT,MCX,50.000000,600,False
573068,SILVER28APR27328000PE,SILVER,28APR2027,32800000.000000,30,OPTFUT,MCX,50.000000,600,False
573075,SILVER28APR27335000PE,SILVER,28APR2027,33500000.000000,30,OPTFUT,MCX,50.000000,600,False
573083,SILVER28APR27343000PE,SILVER,28APR2027,34300000.000000,30,OPTFUT,MCX,50.000000,600,False
573086,SILVER28APR27346000PE,SILVER,28APR2027,34600000.000000,30,OPTFUT,MCX,50.000000,600,False
573089,SILVER28APR27349000PE,SILVER,28APR2027,34900000.000000,30,OPTFUT,MCX,50.000000,600,False
573118,SILVERM25MAR27293000CE,SILVERM,25MAR2027,29300000.000000,5,OPTFUT,MCX,50.000000,600,False
573139,SILVERM25MAR27272000CE,SILVERM,25MAR2027,27200000.000000,5,OPTFUT,MCX,50.000000,600,False
573141,SILVERM25MAR27270000CE,SILVERM,25MAR2027,27000000.000000,5,OPTFUT,MCX,50.000000,600,False
573153,SILVERM25MAR27322000CE,SILVERM,25MAR2027,32200000.000000,5,OPTFUT,MCX,50.000000,600,False
573156,SILVERM25MAR27325000CE,SILVERM,25MAR2027,32500000.000000,5,OPTFUT,MCX,50.000000,600,False
573174,SILVERM25MAR27343000CE,SILVERM,25MAR2027,34300000.000000,5,OPTFUT,MCX,50.000000,600,False
573178,SILVERM25MAR27347000CE,SILVERM,25MAR2027,34700000.000000,5,OPTFUT,MCX,50.000000,600,False
573188,SILVERM23APR27303000CE,SILVERM,23APR2027,30300000.000000,5,OPTFUT,MCX,50.000000,600,False
573207,SILVERM23APR27284000CE,SILVERM,23APR2027,28400000.000000,5,OPTFUT,MCX,50.000000,600,False
573235,SILVERM23APR27324000CE,SILVERM,23APR2027,32400000.000000,5,OPTFUT,MCX,50.000000,600,False
573237,SILVERM23APR27326000CE,SILVERM,23APR2027,32600000.000000,5,OPTFUT,MCX,50.000000,600,False
573246,SILVERM23APR27335000CE,SILVERM,23APR2027,33500000.000000,5,OPTFUT,MCX,50.000000,600,False
573247,SILVERM23APR27336000CE,SILVERM,23APR2027,33600000.000000,5,OPTFUT,MCX,50.000000,600,False
573240,SILVERM23APR27329000CE,SILVERM,23APR2027,32900000.000000,5,OPTFUT,MCX,50.000000,600,False
573278,SILVERM25MAR27293000PE,SILVERM,25MAR2027,29300000.000000,5,OPTFUT,MCX,50.000000,600,False
573285,SILVERM25MAR27286000PE,SILVERM,25MAR2027,28600000.000000,5,OPTFUT,MCX,50.000000,600,False
573287,SILVERM25MAR27284000PE,SILVERM,25MAR2027,28400000.000000,5,OPTFUT,MCX,50.000000,600,False
573292,SILVERM25MAR27279000PE,SILVERM,25MAR2027,27900000.000000,5,OPTFUT,MCX,50.000000,600,False
573299,SILVERM25MAR27272000PE,SILVERM,25MAR2027,27200000.000000,5,OPTFUT,MCX,50.000000,600,False
573323,SILVERM25MAR27332000PE,SILVERM,25MAR2027,33200000.000000,5,OPTFUT,MCX,50.000000,600,False
573338,SILVERM25MAR27347000PE,SILVERM,25MAR2027,34700000.000000,5,OPTFUT,MCX,50.000000,600,False
573341,SILVERM25MAR27350000PE,SILVERM,25MAR2027,35000000.000000,5,OPTFUT,MCX,50.000000,600,False
573348,SILVERM23APR27303000PE,SILVERM,23APR2027,30300000.000000,5,OPTFUT,MCX,50.000000,600,False
573358,SILVERM23APR27293000PE,SILVERM,23APR2027,29300000.000000,5,OPTFUT,MCX,50.000000,600,False
573360,SILVERM23APR27291000PE,SILVERM,23APR2027,29100000.000000,5,OPTFUT,MCX,50.000000,600,False
573367,SILVERM23APR27284000PE,SILVERM,23APR2027,28400000.000000,5,OPTFUT,MCX,50.000000,600,False
573382,SILVERM23APR27311000PE,SILVERM,23APR2027,31100000.000000,5,OPTFUT,MCX,50.000000,600,False
573385,SILVERM23APR27314000PE,SILVERM,23APR2027,31400000.000000,5,OPTFUT,MCX,50.000000,600,False
573389,SILVERM23APR27318000PE,SILVERM,23APR2027,31800000.000000,5,OPTFUT,MCX,50.000000,600,False
573399,SILVERM23APR27328000PE,SILVERM,23APR2027,32800000.000000,5,OPTFUT,MCX,50.000000,600,False
573412,SILVERM23APR27341000PE,SILVERM,23APR2027,34100000.000000,5,OPTFUT,MCX,50.000000,600,False
573754,SILVER25MAR27274000CE,SILVER,25MAR2027,27400000.000000,30,OPTFUT,MCX,50.000000,600,False
573761,SILVER25MAR27267000CE,SILVER,25MAR2027,26700000.000000,30,OPTFUT,MCX,50.000000,600,False
573764,SILVER25MAR27264000CE,SILVER,25MAR2027,26400000.000000,30,OPTFUT,MCX,50.000000,600,False
573768,SILVER25MAR27260000CE,SILVER,25MAR2027,26000000.000000,30,OPTFUT,MCX,50.000000,600,False
573771,SILVER28APR27279000CE,SILVER,28APR2027,27900000.000000,30,OPTFUT,MCX,50.000000,600,False
573797,SILVER25MAR27275000PE,SILVER,25MAR2027,27500000.000000,30,OPTFUT,MCX,50.000000,600,False
573821,SILVER28APR27273000PE,SILVER,28APR2027,27300000.000000,30,OPTFUT,MCX,50.000000,600,False
573822,SILVER28APR27272000PE,SILVER,28APR2027,27200000.000000,30,OPTFUT,MCX,50.000000,600,False
573823,SILVER28APR27271000PE,SILVER,28APR2027,27100000.000000,30,OPTFUT,MCX,50.000000,600,False
573847,SILVERM25MAR27266000PE,SILVERM,25MAR2027,26600000.000000,5,OPTFUT,MCX,50.000000,600,False
574189,SILVER25MAR27258000CE,SILVER,25MAR2027,25800000.000000,30,OPTFUT,MCX,50.000000,600,False
116,CASTORSEEDCOM,CASTORSEED,,0.000000,10,COMDTY,MCX,10000.000000,99999999,False
119,PEPPERCOM,PEPPER,,0.000000,1,COMDTY,MCX,50000.000000,99999999,False
128,SOYSEEDCOM,SOYSEED,,0.000000,1,COMDTY,MCX,10.000000,99999999,False
134,NYGOLDJUNECOM,NYGOLDJUNE,,0.000000,1000,COMDTY,MCX,5.000000,99999999,False
574190,SILVER25MAR27257000CE,SILVER,25MAR2027,25700000.000000,30,OPTFUT,MCX,50.000000,600,False
574202,SILVERM25MAR27264000CE,SILVERM,25MAR2027,26400000.000000,5,OPTFUT,MCX,50.000000,600,False
574825,SILVER10030OCT26FUT,SILVER100,30OCT2026,0.000000,100,FUTCOM,MCX,100.000000,600000,False
574840,GOLDGUINEA30NOV26FUT,GOLDGUINEA,30NOV2026,0.000000,8,FUTCOM,MCX,100.000000,10000,False
574847,MENTHAOIL30NOV26FUT,MENTHAOIL,30NOV2026,0.000000,360,FUTCOM,MCX,10.000000,18000,False
574855,COPPER23SEP261330CE,COPPER,23SEP2026,133000.000000,2500,OPTFUT,MCX,1.000000,70000,False
574858,COPPER23SEP261300CE,COPPER,23SEP2026,130000.000000,2500,OPTFUT,MCX,1.000000,70000,False
574868,COPPER23SEP261450CE,COPPER,23SEP2026,145000.000000,2500,OPTFUT,MCX,1.000000,70000,False
137,MUMSPOTSLVCOM,MUMSPOTSLV,,0.000000,30,COMDTY,MCX,5.000000,99999999,False
148,STLFLATMUMCOM,STLFLATMUM,,0.000000,25000,COMDTY,MCX,5000.000000,99999999,False
164,CHANACOM,CHANA,,0.000000,10,COMDTY,MCX,100.000000,99999999,False
172,DSICHNADLHCOM,DSICHNADLH,,0.000000,5000,COMDTY,MCX,5.000000,99999999,False
574883,COPPER23SEP261350PE,COPPER,23SEP2026,135000.000000,2500,OPTFUT,MCX,1.000000,70000,False
574885,COPPER23SEP261330PE,COPPER,23SEP2026,133000.000000,2500,OPTFUT,MCX,1.000000,70000,False
574886,COPPER23SEP261320PE,COPPER,23SEP2026,132000.000000,2500,OPTFUT,MCX,1.000000,70000,False
574922,SILVERM23APR27351000CE,SILVERM,23APR2027,35100000.000000,5,OPTFUT,MCX,50.000000,600,False
175,MEDCOTTONCOM,MEDCOTTON,,0.000000,26,COMDTY,MCX,50.000000,99999999,False
180,SOYOILSEPTCOM,SOYOILSEPT,,0.000000,1000,COMDTY,MCX,5.000000,99999999,False
196,RICECOM,RICE,,0.000000,10,COMDTY,MCX,100.000000,99999999,False
210,MAIZECOM,MAIZE,,0.000000,10,COMDTY,MCX,5000.000000,99999999,False
574929,SILVERM23APR27352000PE,SILVERM,23APR2027,35200000.000000,5,OPTFUT,MCX,50.000000,600,False
574930,SILVERM23APR27353000PE,SILVERM,23APR2027,35300000.000000,5,OPTFUT,MCX,50.000000,600,False
574944,ZINC23SEP26375CE,ZINC,23SEP2026,37500.000000,5,OPTFUT,MCX,1.000000,100,False
574955,ZINC23SEP26330PE,ZINC,23SEP2026,33000.000000,5,OPTFUT,MCX,1.000000,100,False
213,GUAGUMBNSPCOM,GUAGUMBNSP,,0.000000,5000,COMDTY,MCX,5.000000,99999999,False
232,REFSOYMARCOM,REFSOYMAR,,0.000000,1000,COMDTY,MCX,5.000000,99999999,False
239,SGOLDMUMCOM,SGOLDMUM,,0.000000,1000,COMDTY,MCX,5.000000,99999999,False
250,SURADMUMCOM,SURADMUM,,0.000000,10000,COMDTY,MCX,5.000000,99999999,False
574957,ZINC23SEP26320PE,ZINC,23SEP2026,32000.000000,5,OPTFUT,MCX,1.000000,100,False
574969,ZINC23SEP26400PE,ZINC,23SEP2026,40000.000000,5,OPTFUT,MCX,1.000000,100,False
574970,ZINC23SEP26405PE,ZINC,23SEP2026,40500.000000,5,OPTFUT,MCX,1.000000,100,False
575015,COPPER23SEP261230CE,COPPER,23SEP2026,123000.000000,2500,OPTFUT,MCX,1.000000,70000,False
257,SKAPASSNGCOM,SKAPASSNG,,0.000000,4000,COMDTY,MCX,10.000000,99999999,False
259,SNIKLEINTCOM,SNIKLEINT,,0.000000,250,COMDTY,MCX,5.000000,99999999,False
310,COTTONLONGCOM,COTTONLONG,,0.000000,26,COMDTY,MCX,1000.000000,99999999,False
356,SHDPEHMUMCOM,SHDPEHMUM,,0.000000,2,COMDTY,MCX,5.000000,99999999,False
575017,COPPER23SEP261230PE,COPPER,23SEP2026,123000.000000,2500,OPTFUT,MCX,1.000000,70000,False
575219,SILVER25MAR27254000CE,SILVER,25MAR2027,25400000.000000,30,OPTFUT,MCX,50.000000,600,False
575231,SILVER25MAR27242000CE,SILVER,25MAR2027,24200000.000000,30,OPTFUT,MCX,50.000000,600,False
575233,SILVER28APR27254000CE,SILVER,28APR2027,25400000.000000,30,OPTFUT,MCX,50.000000,600,False
359,SFRNCOLMUMCOM,SFRNCOLMUM,,0.000000,10,COMDTY,MCX,5.000000,99999999,False
368,IGOLDKOLCOM,IGOLDKOL,,0.000000,1,COMDTY,MCX,100.000000,99999999,False
381,SZINCINTCOM,SZINCINT,,0.000000,5,COMDTY,MCX,5.000000,99999999,False
389,SCNUTOLKCHCOM,SCNUTOLKCH,,0.000000,200,COMDTY,MCX,100.000000,99999999,False
575242,SILVER28APR27245000CE,SILVER,28APR2027,24500000.000000,30,OPTFUT,MCX,50.000000,600,False
575256,SILVER25MAR27245000PE,SILVER,25MAR2027,24500000.000000,30,OPTFUT,MCX,50.000000,600,False
575276,SILVERM25MAR27260000CE,SILVERM,25MAR2027,26000000.000000,5,OPTFUT,MCX,50.000000,600,False
575283,SILVERM25MAR27253000CE,SILVERM,25MAR2027,25300000.000000,5,OPTFUT,MCX,50.000000,600,False
412,DRBCOM,DRB,,0.000000,50,COMDTY,MCX,100.000000,99999999,False
413,SRICEBRRPRCOM,SRICEBRRPR,,0.000000,50,COMDTY,MCX,100.000000,99999999,False
418,SSOYABNNDRCOM,SSOYABNNDR,,0.000000,10,COMDTY,MCX,5.000000,99999999,False
425,GOLDGUINEACOM,GOLDGUINEA,,0.000000,8,COMDTY,MCX,100.000000,99999999,False
575289,SILVERM25MAR27247000CE,SILVERM,25MAR2027,24700000.000000,5,OPTFUT,MCX,50.000000,600,False
575294,SILVERM23APR27258000CE,SILVERM,23APR2027,25800000.000000,5,OPTFUT,MCX,50.000000,600,False
575301,SILVERM23APR27251000CE,SILVERM,23APR2027,25100000.000000,5,OPTFUT,MCX,50.000000,600,False
575302,SILVERM23APR27250000CE,SILVERM,23APR2027,25000000.000000,5,OPTFUT,MCX,50.000000,600,False
426,SGLDGNEAHMCOM,SGLDGNEAHM,,0.000000,8,COMDTY,MCX,100.000000,99999999,False
432,ATFCOM,ATF,,0.000000,100,COMDTY,MCX,10000.000000,99999999,False
441,SGLDHNIAHMCOM,SGLDHNIAHM,,0.000000,1,COMDTY,MCX,100.000000,99999999,False
453,HEATINGOILCOM,HEATINGOIL,,0.000000,4200,COMDTY,MCX,500.000000,99999999,False
575304,SILVERM23APR27248000CE,SILVERM,23APR2027,24800000.000000,5,OPTFUT,MCX,50.000000,600,False
575307,SILVERM25MAR27261000PE,SILVERM,25MAR2027,26100000.000000,5,OPTFUT,MCX,50.000000,600,False
575312,SILVERM25MAR27256000PE,SILVERM,25MAR2027,25600000.000000,5,OPTFUT,MCX,50.000000,600,False
575315,SILVERM25MAR27253000PE,SILVERM,25MAR2027,25300000.000000,5,OPTFUT,MCX,50.000000,600,False
575320,SILVERM25MAR27248000PE,SILVERM,25MAR2027,24800000.000000,5,OPTFUT,MCX,50.000000,600,False
575325,SILVERM23APR27259000PE,SILVERM,23APR2027,25900000.000000,5,OPTFUT,MCX,50.000000,600,False
575335,SILVERM23APR27249000PE,SILVERM,23APR2027,24900000.000000,5,OPTFUT,MCX,50.000000,600,False
575363,SILVER25MAR27240000CE,SILVER,25MAR2027,24000000.000000,30,OPTFUT,MCX,50.000000,600,False
457,SUPARIRASICOM,SUPARIRASI,,0.000000,1,COMDTY,MCX,10.000000,99999999,False
513,IRONORECOM,IRONORE,,0.000000,100,COMDTY,MCX,10000.000000,99999999,False
518,SILVERMICCOM,SILVERMIC,,0.000000,1,COMDTY,MCX,100.000000,99999999,False
537,COPPERMCOM,COPPERM,,0.000000,250,COMDTY,MCX,5.000000,99999999,False
575364,SILVER25MAR27239000CE,SILVER,25MAR2027,23900000.000000,30,OPTFUT,MCX,50.000000,600,False
575367,SILVER28APR27240000CE,SILVER,28APR2027,24000000.000000,30,OPTFUT,MCX,50.000000,600,False
575369,SILVER28APR27238000CE,SILVER,28APR2027,23800000.000000,30,OPTFUT,MCX,50.000000,600,False
575380,SILVERM25MAR27244000CE,SILVERM,25MAR2027,24400000.000000,5,OPTFUT,MCX,50.000000,600,False
552,SSTEELRPRCOM,SSTEELRPR,,0.000000,10,COMDTY,MCX,1000.000000,99999999,False
556446,GOLD25SEP26152500CE,GOLD,25SEP2026,15250000.000000,1,OPTFUT,MCX,50.000000,100,False
556457,GOLD25SEP26147000CE,GOLD,25SEP2026,14700000.000000,1,OPTFUT,MCX,50.000000,100,False
556461,GOLD25SEP26145000CE,GOLD,25SEP2026,14500000.000000,1,OPTFUT,MCX,50.000000,100,False
575385,SILVERM23APR27244000CE,SILVERM,23APR2027,24400000.000000,5,OPTFUT,MCX,50.000000,600,False
575395,SILVERM23APR27244000PE,SILVERM,23APR2027,24400000.000000,5,OPTFUT,MCX,50.000000,600,False
575397,SILVERM23APR27242000PE,SILVERM,23APR2027,24200000.000000,5,OPTFUT,MCX,50.000000,600,False
575417,SILVER25MAR27234000CE,SILVER,25MAR2027,23400000.000000,30,OPTFUT,MCX,50.000000,600,False
556470,GOLD25SEP26140500CE,GOLD,25SEP2026,14050000.000000,1,OPTFUT,MCX,50.000000,100,False
556473,GOLD25SEP26139000CE,GOLD,25SEP2026,13900000.000000,1,OPTFUT,MCX,50.000000,100,False
556483,GOLD25SEP26168000CE,GOLD,25SEP2026,16800000.000000,1,OPTFUT,MCX,50.000000,100,False
556489,GOLD25SEP26171000CE,GOLD,25SEP2026,17100000.000000,1,OPTFUT,MCX,50.000000,100,False
575420,SILVER25MAR27231000CE,SILVER,25MAR2027,23100000.000000,30,OPTFUT,MCX,50.000000,600,False
575465,SILVERM25MAR27238000CE,SILVERM,25MAR2027,23800000.000000,5,OPTFUT,MCX,50.000000,600,False
575495,SILVERM23APR27238000PE,SILVERM,23APR2027,23800000.000000,5,OPTFUT,MCX,50.000000,600,False
575523,COPPER23SEP261210PE,COPPER,23SEP2026,121000.000000,2500,OPTFUT,MCX,1.000000,70000,False
556493,GOLD25SEP26173000CE,GOLD,25SEP2026,17300000.000000,1,OPTFUT,MCX,50.000000,100,False
556494,GOLD25SEP26173500CE,GOLD,25SEP2026,17350000.000000,1,OPTFUT,MCX,50.000000,100,False
556499,GOLD25SEP26176000CE,GOLD,25SEP2026,17600000.000000,1,OPTFUT,MCX,50.000000,100,False
556500,GOLD25SEP26176500CE,GOLD,25SEP2026,17650000.000000,1,OPTFUT,MCX,50.000000,100,False
575598,SILVER25MAR27223000CE,SILVER,25MAR2027,22300000.000000,30,OPTFUT,MCX,50.000000,600,False
575605,SILVER28APR27222000CE,SILVER,28APR2027,22200000.000000,30,OPTFUT,MCX,50.000000,600,False
575615,SILVER28APR27224000PE,SILVER,28APR2027,22400000.000000,30,OPTFUT,MCX,50.000000,600,False
575619,SILVER28APR27220000PE,SILVER,28APR2027,22000000.000000,30,OPTFUT,MCX,50.000000,600,False
575722,GOLD30APR27161500CE,GOLD,30APR2027,16150000.000000,1,OPTFUT,MCX,50.000000,100,False
556503,GOLD25SEP26178000CE,GOLD,25SEP2026,17800000.000000,1,OPTFUT,MCX,50.000000,100,False
556540,GOLD30OCT26158000CE,GOLD,30OCT2026,15800000.000000,1,OPTFUT,MCX,50.000000,100,False
556544,GOLD30OCT26156000CE,GOLD,30OCT2026,15600000.000000,1,OPTFUT,MCX,50.000000,100,False
556560,GOLD30OCT26148000CE,GOLD,30OCT2026,14800000.000000,1,OPTFUT,MCX,50.000000,100,False
575621,SILVERM25MAR27230000CE,SILVERM,25MAR2027,23000000.000000,5,OPTFUT,MCX,50.000000,600,False
575623,SILVERM25MAR27228000CE,SILVERM,25MAR2027,22800000.000000,5,OPTFUT,MCX,50.000000,600,False
575625,SILVERM23APR27231000CE,SILVERM,23APR2027,23100000.000000,5,OPTFUT,MCX,50.000000,600,False
575725,GOLD30APR27160000CE,GOLD,30APR2027,16000000.000000,1,OPTFUT,MCX,50.000000,100,False
575726,GOLD30APR27159500CE,GOLD,30APR2027,15950000.000000,1,OPTFUT,MCX,50.000000,100,False
575732,GOLD30APR27156500CE,GOLD,30APR2027,15650000.000000,1,OPTFUT,MCX,50.000000,100,False
575735,GOLD30APR27155000CE,GOLD,30APR2027,15500000.000000,1,OPTFUT,MCX,50.000000,100,False
556561,GOLD30OCT26147500CE,GOLD,30OCT2026,14750000.000000,1,OPTFUT,MCX,50.000000,100,False
556563,GOLD30OCT26146500CE,GOLD,30OCT2026,14650000.000000,1,OPTFUT,MCX,50.000000,100,False
556570,GOLD30OCT26143000CE,GOLD,30OCT2026,14300000.000000,1,OPTFUT,MCX,50.000000,100,False
556581,GOLD30OCT26169500CE,GOLD,30OCT2026,16950000.000000,1,OPTFUT,MCX,50.000000,100,False
575736,GOLD30APR27154500CE,GOLD,30APR2027,15450000.000000,1,OPTFUT,MCX,50.000000,100,False
575744,GOLD30APR27150500CE,GOLD,30APR2027,15050000.000000,1,OPTFUT,MCX,50.000000,100,False
575746,GOLD30APR27149500CE,GOLD,30APR2027,14950000.000000,1,OPTFUT,MCX,50.000000,100,False
575758,GOLD30APR27143500CE,GOLD,30APR2027,14350000.000000,1,OPTFUT,MCX,50.000000,100,False
556584,GOLD30OCT26171000CE,GOLD,30OCT2026,17100000.000000,1,OPTFUT,MCX,50.000000,100,False
556585,GOLD30OCT26171500CE,GOLD,30OCT2026,17150000.000000,1,OPTFUT,MCX,50.000000,100,False
556616,GOLD30OCT26187000CE,GOLD,30OCT2026,18700000.000000,1,OPTFUT,MCX,50.000000,100,False
556625,GOLD27NOV26165500CE,GOLD,27NOV2026,16550000.000000,1,OPTFUT,MCX,50.000000,100,False
575766,GOLD30APR27139500CE,GOLD,30APR2027,13950000.000000,1,OPTFUT,MCX,50.000000,100,False
575780,GOLD30APR27170500CE,GOLD,30APR2027,17050000.000000,1,OPTFUT,MCX,50.000000,100,False
575781,GOLD30APR27171000CE,GOLD,30APR2027,17100000.000000,1,OPTFUT,MCX,50.000000,100,False
575786,GOLD30APR27173500CE,GOLD,30APR2027,17350000.000000,1,OPTFUT,MCX,50.000000,100,False
556626,GOLD27NOV26165000CE,GOLD,27NOV2026,16500000.000000,1,OPTFUT,MCX,50.000000,100,False
556636,GOLD27NOV26160000CE,GOLD,27NOV2026,16000000.000000,1,OPTFUT,MCX,50.000000,100,False
556647,GOLD27NOV26154500CE,GOLD,27NOV2026,15450000.000000,1,OPTFUT,MCX,50.000000,100,False
556680,GOLD27NOV26169000CE,GOLD,27NOV2026,16900000.000000,1,OPTFUT,MCX,50.000000,100,False
575795,GOLD30APR27178000CE,GOLD,30APR2027,17800000.000000,1,OPTFUT,MCX,50.000000,100,False
575811,GOLD30APR27186000CE,GOLD,30APR2027,18600000.000000,1,OPTFUT,MCX,50.000000,100,False
575815,GOLD30APR27188000CE,GOLD,30APR2027,18800000.000000,1,OPTFUT,MCX,50.000000,100,False
575827,GOLD28MAY27159000CE,GOLD,28MAY2027,15900000.000000,1,OPTFUT,MCX,50.000000,100,False
575833,GOLD28MAY27156000CE,GOLD,28MAY2027,15600000.000000,1,OPTFUT,MCX,50.000000,100,False
575837,GOLD28MAY27154000CE,GOLD,28MAY2027,15400000.000000,1,OPTFUT,MCX,50.000000,100,False
575851,GOLD28MAY27147000CE,GOLD,28MAY2027,14700000.000000,1,OPTFUT,MCX,50.000000,100,False
575863,GOLD28MAY27141000CE,GOLD,28MAY2027,14100000.000000,1,OPTFUT,MCX,50.000000,100,False
556696,GOLD27NOV26177000CE,GOLD,27NOV2026,17700000.000000,1,OPTFUT,MCX,50.000000,100,False
556724,GOLD27NOV26191000CE,GOLD,27NOV2026,19100000.000000,1,OPTFUT,MCX,50.000000,100,False
557042,GOLD25SEP26154500PE,GOLD,25SEP2026,15450000.000000,1,OPTFUT,MCX,50.000000,100,False
557058,GOLD25SEP26146500PE,GOLD,25SEP2026,14650000.000000,1,OPTFUT,MCX,50.000000,100,False
557064,GOLD25SEP26143500PE,GOLD,25SEP2026,14350000.000000,1,OPTFUT,MCX,50.000000,100,False
557071,GOLD25SEP26140000PE,GOLD,25SEP2026,14000000.000000,1,OPTFUT,MCX,50.000000,100,False
557073,GOLD25SEP26139000PE,GOLD,25SEP2026,13900000.000000,1,OPTFUT,MCX,50.000000,100,False
557074,GOLD25SEP26138500PE,GOLD,25SEP2026,13850000.000000,1,OPTFUT,MCX,50.000000,100,False
575864,GOLD28MAY27140500CE,GOLD,28MAY2027,14050000.000000,1,OPTFUT,MCX,50.000000,100,False
575871,GOLD28MAY27166000CE,GOLD,28MAY2027,16600000.000000,1,OPTFUT,MCX,50.000000,100,False
575872,GOLD28MAY27166500CE,GOLD,28MAY2027,16650000.000000,1,OPTFUT,MCX,50.000000,100,False
575873,GOLD28MAY27167000CE,GOLD,28MAY2027,16700000.000000,1,OPTFUT,MCX,50.000000,100,False
557080,GOLD25SEP26166500PE,GOLD,25SEP2026,16650000.000000,1,OPTFUT,MCX,50.000000,100,False
557083,GOLD25SEP26168000PE,GOLD,25SEP2026,16800000.000000,1,OPTFUT,MCX,50.000000,100,False
557087,GOLD25SEP26170000PE,GOLD,25SEP2026,17000000.000000,1,OPTFUT,MCX,50.000000,100,False
557091,GOLD25SEP26172000PE,GOLD,25SEP2026,17200000.000000,1,OPTFUT,MCX,50.000000,100,False
575885,GOLD28MAY27173000CE,GOLD,28MAY2027,17300000.000000,1,OPTFUT,MCX,50.000000,100,False
575888,GOLD28MAY27174500CE,GOLD,28MAY2027,17450000.000000,1,OPTFUT,MCX,50.000000,100,False
575892,GOLD28MAY27176500CE,GOLD,28MAY2027,17650000.000000,1,OPTFUT,MCX,50.000000,100,False
575900,GOLD28MAY27180500CE,GOLD,28MAY2027,18050000.000000,1,OPTFUT,MCX,50.000000,100,False
575904,GOLD28MAY27182500CE,GOLD,28MAY2027,18250000.000000,1,OPTFUT,MCX,50.000000,100,False
575908,GOLD28MAY27184500CE,GOLD,28MAY2027,18450000.000000,1,OPTFUT,MCX,50.000000,100,False
575910,GOLD28MAY27185500CE,GOLD,28MAY2027,18550000.000000,1,OPTFUT,MCX,50.000000,100,False
575914,GOLD28MAY27187500CE,GOLD,28MAY2027,18750000.000000,1,OPTFUT,MCX,50.000000,100,False
557100,GOLD25SEP26176500PE,GOLD,25SEP2026,17650000.000000,1,OPTFUT,MCX,50.000000,100,False
557104,GOLD25SEP26178500PE,GOLD,25SEP2026,17850000.000000,1,OPTFUT,MCX,50.000000,100,False
557113,GOLD25SEP26183000PE,GOLD,25SEP2026,18300000.000000,1,OPTFUT,MCX,50.000000,100,False
557116,GOLD25SEP26184500PE,GOLD,25SEP2026,18450000.000000,1,OPTFUT,MCX,50.000000,100,False
575918,GOLD30APR27163500PE,GOLD,30APR2027,16350000.000000,1,OPTFUT,MCX,50.000000,100,False
575926,GOLD30APR27159500PE,GOLD,30APR2027,15950000.000000,1,OPTFUT,MCX,50.000000,100,False
575928,GOLD30APR27158500PE,GOLD,30APR2027,15850000.000000,1,OPTFUT,MCX,50.000000,100,False
575930,GOLD30APR27157500PE,GOLD,30APR2027,15750000.000000,1,OPTFUT,MCX,50.000000,100,False
557130,GOLD30OCT26163000PE,GOLD,30OCT2026,16300000.000000,1,OPTFUT,MCX,50.000000,100,False
557131,GOLD30OCT26162500PE,GOLD,30OCT2026,16250000.000000,1,OPTFUT,MCX,50.000000,100,False
557132,GOLD30OCT26162000PE,GOLD,30OCT2026,16200000.000000,1,OPTFUT,MCX,50.000000,100,False
557134,GOLD30OCT26161000PE,GOLD,30OCT2026,16100000.000000,1,OPTFUT,MCX,50.000000,100,False
557140,GOLD30OCT26158000PE,GOLD,30OCT2026,15800000.000000,1,OPTFUT,MCX,50.000000,100,False
557142,GOLD30OCT26157000PE,GOLD,30OCT2026,15700000.000000,1,OPTFUT,MCX,50.000000,100,False
557149,GOLD30OCT26153500PE,GOLD,30OCT2026,15350000.000000,1,OPTFUT,MCX,50.000000,100,False
557162,GOLD30OCT26147000PE,GOLD,30OCT2026,14700000.000000,1,OPTFUT,MCX,50.000000,100,False
575936,GOLD30APR27154500PE,GOLD,30APR2027,15450000.000000,1,OPTFUT,MCX,50.000000,100,False
575943,GOLD30APR27151000PE,GOLD,30APR2027,15100000.000000,1,OPTFUT,MCX,50.000000,100,False
575950,GOLD30APR27147500PE,GOLD,30APR2027,14750000.000000,1,OPTFUT,MCX,50.000000,100,False
575970,GOLD30APR27165500PE,GOLD,30APR2027,16550000.000000,1,OPTFUT,MCX,50.000000,100,False
557165,GOLD30OCT26145500PE,GOLD,30OCT2026,14550000.000000,1,OPTFUT,MCX,50.000000,100,False
557180,GOLD30OCT26169000PE,GOLD,30OCT2026,16900000.000000,1,OPTFUT,MCX,50.000000,100,False
557196,GOLD30OCT26177000PE,GOLD,30OCT2026,17700000.000000,1,OPTFUT,MCX,50.000000,100,False
557205,GOLD30OCT26181500PE,GOLD,30OCT2026,18150000.000000,1,OPTFUT,MCX,50.000000,100,False
575978,GOLD30APR27169500PE,GOLD,30APR2027,16950000.000000,1,OPTFUT,MCX,50.000000,100,False
575981,GOLD30APR27171000PE,GOLD,30APR2027,17100000.000000,1,OPTFUT,MCX,50.000000,100,False
575988,GOLD30APR27174500PE,GOLD,30APR2027,17450000.000000,1,OPTFUT,MCX,50.000000,100,False
575994,GOLD30APR27177500PE,GOLD,30APR2027,17750000.000000,1,OPTFUT,MCX,50.000000,100,False
557213,GOLD30OCT26185500PE,GOLD,30OCT2026,18550000.000000,1,OPTFUT,MCX,50.000000,100,False
557220,GOLD30OCT26189000PE,GOLD,30OCT2026,18900000.000000,1,OPTFUT,MCX,50.000000,100,False
557224,GOLD30OCT26191000PE,GOLD,30OCT2026,19100000.000000,1,OPTFUT,MCX,50.000000,100,False
557236,GOLD27NOV26160000PE,GOLD,27NOV2026,16000000.000000,1,OPTFUT,MCX,50.000000,100,False
576021,GOLD28MAY27162000PE,GOLD,28MAY2027,16200000.000000,1,OPTFUT,MCX,50.000000,100,False
576027,GOLD28MAY27159000PE,GOLD,28MAY2027,15900000.000000,1,OPTFUT,MCX,50.000000,100,False
576030,GOLD28MAY27157500PE,GOLD,28MAY2027,15750000.000000,1,OPTFUT,MCX,50.000000,100,False
576032,GOLD28MAY27156500PE,GOLD,28MAY2027,15650000.000000,1,OPTFUT,MCX,50.000000,100,False
576046,GOLD28MAY27149500PE,GOLD,28MAY2027,14950000.000000,1,OPTFUT,MCX,50.000000,100,False
576056,GOLD28MAY27144500PE,GOLD,28MAY2027,14450000.000000,1,OPTFUT,MCX,50.000000,100,False
576062,GOLD28MAY27141500PE,GOLD,28MAY2027,14150000.000000,1,OPTFUT,MCX,50.000000,100,False
576087,GOLD28MAY27174000PE,GOLD,28MAY2027,17400000.000000,1,OPTFUT,MCX,50.000000,100,False
557241,GOLD27NOV26157500PE,GOLD,27NOV2026,15750000.000000,1,OPTFUT,MCX,50.000000,100,False
557250,GOLD27NOV26153000PE,GOLD,27NOV2026,15300000.000000,1,OPTFUT,MCX,50.000000,100,False
557261,GOLD27NOV26147500PE,GOLD,27NOV2026,14750000.000000,1,OPTFUT,MCX,50.000000,100,False
557272,GOLD27NOV26142000PE,GOLD,27NOV2026,14200000.000000,1,OPTFUT,MCX,50.000000,100,False
557283,GOLD27NOV26170500PE,GOLD,27NOV2026,17050000.000000,1,OPTFUT,MCX,50.000000,100,False
557290,GOLD27NOV26174000PE,GOLD,27NOV2026,17400000.000000,1,OPTFUT,MCX,50.000000,100,False
557293,GOLD27NOV26175500PE,GOLD,27NOV2026,17550000.000000,1,OPTFUT,MCX,50.000000,100,False
557294,GOLD27NOV26176000PE,GOLD,27NOV2026,17600000.000000,1,OPTFUT,MCX,50.000000,100,False
576114,GOLD28MAY27187500PE,GOLD,28MAY2027,18750000.000000,1,OPTFUT,MCX,50.000000,100,False
576217,GOLD28MAY27190000CE,GOLD,28MAY2027,19000000.000000,1,OPTFUT,MCX,50.000000,100,False
576218,GOLD28MAY27190500CE,GOLD,28MAY2027,19050000.000000,1,OPTFUT,MCX,50.000000,100,False
576226,GOLD28MAY27194500CE,GOLD,28MAY2027,19450000.000000,1,OPTFUT,MCX,50.000000,100,False
576228,GOLD28MAY27195500CE,GOLD,28MAY2027,19550000.000000,1,OPTFUT,MCX,50.000000,100,False
576236,GOLD30APR27191500PE,GOLD,30APR2027,19150000.000000,1,OPTFUT,MCX,50.000000,100,False
576250,GOLD28MAY27190500PE,GOLD,28MAY2027,19050000.000000,1,OPTFUT,MCX,50.000000,100,False
576256,GOLD28MAY27193500PE,GOLD,28MAY2027,19350000.000000,1,OPTFUT,MCX,50.000000,100,False
557296,GOLD27NOV26177000PE,GOLD,27NOV2026,17700000.000000,1,OPTFUT,MCX,50.000000,100,False
557297,GOLD27NOV26177500PE,GOLD,27NOV2026,17750000.000000,1,OPTFUT,MCX,50.000000,100,False
557299,GOLD27NOV26178500PE,GOLD,27NOV2026,17850000.000000,1,OPTFUT,MCX,50.000000,100,False
557310,GOLD27NOV26184000PE,GOLD,27NOV2026,18400000.000000,1,OPTFUT,MCX,50.000000,100,False
576257,GOLD28MAY27194000PE,GOLD,28MAY2027,19400000.000000,1,OPTFUT,MCX,50.000000,100,False
576269,CRUDEOILM17SEP266950PE,CRUDEOILM,17SEP2026,695000.000000,10,OPTFUT,MCX,5.000000,10000,False
576280,CRUDEOIL17SEP266550CE,CRUDEOIL,17SEP2026,655000.000000,100,OPTFUT,MCX,10.000000,10000,False
576297,CRUDEOIL17SEP265700CE,CRUDEOIL,17SEP2026,570000.000000,100,OPTFUT,MCX,10.000000,10000,False
557314,GOLD27NOV26186000PE,GOLD,27NOV2026,18600000.000000,1,OPTFUT,MCX,50.000000,100,False
557315,GOLD27NOV26186500PE,GOLD,27NOV2026,18650000.000000,1,OPTFUT,MCX,50.000000,100,False
557321,GOLD27NOV26189500PE,GOLD,27NOV2026,18950000.000000,1,OPTFUT,MCX,50.000000,100,False
557585,SILVER24SEP26276000CE,SILVER,24SEP2026,27600000.000000,30,OPTFUT,MCX,50.000000,600,False
576303,CRUDEOIL17SEP265400CE,CRUDEOIL,17SEP2026,540000.000000,100,OPTFUT,MCX,10.000000,10000,False
576316,CRUDEOIL17SEP264750CE,CRUDEOIL,17SEP2026,475000.000000,100,OPTFUT,MCX,10.000000,10000,False
576322,CRUDEOIL17SEP264450CE,CRUDEOIL,17SEP2026,445000.000000,100,OPTFUT,MCX,10.000000,10000,False
576343,CRUDEOIL17SEP263400CE,CRUDEOIL,17SEP2026,340000.000000,100,OPTFUT,MCX,10.000000,10000,False
576360,CRUDEOIL17SEP267600CE,CRUDEOIL,17SEP2026,760000.000000,100,OPTFUT,MCX,10.000000,10000,False
576377,CRUDEOIL17SEP268450CE,CRUDEOIL,17SEP2026,845000.000000,100,OPTFUT,MCX,10.000000,10000,False
576398,CRUDEOIL17SEP269500CE,CRUDEOIL,17SEP2026,950000.000000,100,OPTFUT,MCX,10.000000,10000,False
576403,CRUDEOIL17SEP269750CE,CRUDEOIL,17SEP2026,975000.000000,100,OPTFUT,MCX,10.000000,10000,False
557588,SILVER24SEP26273000CE,SILVER,24SEP2026,27300000.000000,30,OPTFUT,MCX,50.000000,600,False
557595,SILVER24SEP26266000CE,SILVER,24SEP2026,26600000.000000,30,OPTFUT,MCX,50.000000,600,False
557596,SILVER24SEP26265000CE,SILVER,24SEP2026,26500000.000000,30,OPTFUT,MCX,50.000000,600,False
557611,SILVER24SEP26250000CE,SILVER,24SEP2026,25000000.000000,30,OPTFUT,MCX,50.000000,600,False
557613,SILVER24SEP26248000CE,SILVER,24SEP2026,24800000.000000,30,OPTFUT,MCX,50.000000,600,False
557693,SILVER27OCT26248000CE,SILVER,27OCT2026,24800000.000000,30,OPTFUT,MCX,50.000000,600,False
576417,CRUDEOIL17SEP2610450CE,CRUDEOIL,17SEP2026,1045000.000000,100,OPTFUT,MCX,10.000000,10000,False
576420,CRUDEOIL17SEP2610600CE,CRUDEOIL,17SEP2026,1060000.000000,100,OPTFUT,MCX,10.000000,10000,False
576434,CRUDEOIL17SEP266500PE,CRUDEOIL,17SEP2026,650000.000000,100,OPTFUT,MCX,10.000000,10000,False
576437,CRUDEOIL17SEP266350PE,CRUDEOIL,17SEP2026,635000.000000,100,OPTFUT,MCX,10.000000,10000,False
557647,SILVER24SEP26312000CE,SILVER,24SEP2026,31200000.000000,30,OPTFUT,MCX,50.000000,600,False
557679,SILVER27OCT26262000CE,SILVER,27OCT2026,26200000.000000,30,OPTFUT,MCX,50.000000,600,False
576442,CRUDEOIL17SEP266100PE,CRUDEOIL,17SEP2026,610000.000000,100,OPTFUT,MCX,10.000000,10000,False
576458,CRUDEOIL17SEP265300PE,CRUDEOIL,17SEP2026,530000.000000,100,OPTFUT,MCX,10.000000,10000,False
576479,CRUDEOIL17SEP264250PE,CRUDEOIL,17SEP2026,425000.000000,100,OPTFUT,MCX,10.000000,10000,False
576481,CRUDEOIL17SEP264150PE,CRUDEOIL,17SEP2026,415000.000000,100,OPTFUT,MCX,10.000000,10000,False
557697,SILVER27OCT26244000CE,SILVER,27OCT2026,24400000.000000,30,OPTFUT,MCX,50.000000,600,False
557711,SILVER27OCT26296000CE,SILVER,27OCT2026,29600000.000000,30,OPTFUT,MCX,50.000000,600,False
557721,SILVER27OCT26306000CE,SILVER,27OCT2026,30600000.000000,30,OPTFUT,MCX,50.000000,600,False
557722,SILVER27OCT26307000CE,SILVER,27OCT2026,30700000.000000,30,OPTFUT,MCX,50.000000,600,False
557731,SILVER27OCT26316000CE,SILVER,27OCT2026,31600000.000000,30,OPTFUT,MCX,50.000000,600,False
557733,SILVER27OCT26318000CE,SILVER,27OCT2026,31800000.000000,30,OPTFUT,MCX,50.000000,600,False
557756,SILVER27NOV26265000CE,SILVER,27NOV2026,26500000.000000,30,OPTFUT,MCX,50.000000,600,False
557766,SILVER27NOV26255000CE,SILVER,27NOV2026,25500000.000000,30,OPTFUT,MCX,50.000000,600,False
576493,CRUDEOIL17SEP263550PE,CRUDEOIL,17SEP2026,355000.000000,100,OPTFUT,MCX,10.000000,10000,False
576496,CRUDEOIL17SEP263400PE,CRUDEOIL,17SEP2026,340000.000000,100,OPTFUT,MCX,10.000000,10000,False
576497,CRUDEOIL17SEP263350PE,CRUDEOIL,17SEP2026,335000.000000,100,OPTFUT,MCX,10.000000,10000,False
576505,CRUDEOIL17SEP267200PE,CRUDEOIL,17SEP2026,720000.000000,100,OPTFUT,MCX,10.000000,10000,False
557780,SILVER27NOV26285000CE,SILVER,27NOV2026,28500000.000000,30,OPTFUT,MCX,50.000000,600,False
557798,SILVER27NOV26303000CE,SILVER,27NOV2026,30300000.000000,30,OPTFUT,MCX,50.000000,600,False
557806,SILVER27NOV26311000CE,SILVER,27NOV2026,31100000.000000,30,OPTFUT,MCX,50.000000,600,False
557818,SILVER27NOV26323000CE,SILVER,27NOV2026,32300000.000000,30,OPTFUT,MCX,50.000000,600,False
576510,CRUDEOIL17SEP267450PE,CRUDEOIL,17SEP2026,745000.000000,100,OPTFUT,MCX,10.000000,10000,False
576559,CRUDEOIL17SEP269900PE,CRUDEOIL,17SEP2026,990000.000000,100,OPTFUT,MCX,10.000000,10000,False
576564,CRUDEOIL17SEP2610150PE,CRUDEOIL,17SEP2026,1015000.000000,100,OPTFUT,MCX,10.000000,10000,False
576565,CRUDEOIL17SEP2610200PE,CRUDEOIL,17SEP2026,1020000.000000,100,OPTFUT,MCX,10.000000,10000,False
558061,SILVER24SEP26280000PE,SILVER,24SEP2026,28000000.000000,30,OPTFUT,MCX,50.000000,600,False
558065,SILVER24SEP26276000PE,SILVER,24SEP2026,27600000.000000,30,OPTFUT,MCX,50.000000,600,False
558073,SILVER24SEP26268000PE,SILVER,24SEP2026,26800000.000000,30,OPTFUT,MCX,50.000000,600,False
558076,SILVER24SEP26265000PE,SILVER,24SEP2026,26500000.000000,30,OPTFUT,MCX,50.000000,600,False
576582,CRUDEOILM17SEP266800CE,CRUDEOILM,17SEP2026,680000.000000,10,OPTFUT,MCX,5.000000,10000,False
576599,CRUDEOILM17SEP265950CE,CRUDEOILM,17SEP2026,595000.000000,10,OPTFUT,MCX,5.000000,10000,False
576603,CRUDEOILM17SEP265750CE,CRUDEOILM,17SEP2026,575000.000000,10,OPTFUT,MCX,5.000000,10000,False
576607,CRUDEOILM17SEP265550CE,CRUDEOILM,17SEP2026,555000.000000,10,OPTFUT,MCX,5.000000,10000,False
576672,CRUDEOILM17SEP267850CE,CRUDEOILM,17SEP2026,785000.000000,10,OPTFUT,MCX,5.000000,10000,False
558087,SILVER24SEP26254000PE,SILVER,24SEP2026,25400000.000000,30,OPTFUT,MCX,50.000000,600,False
558101,SILVER24SEP26286000PE,SILVER,24SEP2026,28600000.000000,30,OPTFUT,MCX,50.000000,600,False
558102,SILVER24SEP26287000PE,SILVER,24SEP2026,28700000.000000,30,OPTFUT,MCX,50.000000,600,False
558114,SILVER24SEP26299000PE,SILVER,24SEP2026,29900000.000000,30,OPTFUT,MCX,50.000000,600,False
576615,CRUDEOILM17SEP265150CE,CRUDEOILM,17SEP2026,515000.000000,10,OPTFUT,MCX,5.000000,10000,False
576630,CRUDEOILM17SEP264400CE,CRUDEOILM,17SEP2026,440000.000000,10,OPTFUT,MCX,5.000000,10000,False
576643,CRUDEOILM17SEP263750CE,CRUDEOILM,17SEP2026,375000.000000,10,OPTFUT,MCX,5.000000,10000,False
558117,SILVER24SEP26302000PE,SILVER,24SEP2026,30200000.000000,30,OPTFUT,MCX,50.000000,600,False
558127,SILVER24SEP26312000PE,SILVER,24SEP2026,31200000.000000,30,OPTFUT,MCX,50.000000,600,False
558129,SILVER24SEP26314000PE,SILVER,24SEP2026,31400000.000000,30,OPTFUT,MCX,50.000000,600,False
558148,SILVER27OCT26273000PE,SILVER,27OCT2026,27300000.000000,30,OPTFUT,MCX,50.000000,600,False
576682,CRUDEOILM17SEP268350CE,CRUDEOILM,17SEP2026,835000.000000,10,OPTFUT,MCX,5.000000,10000,False
576687,CRUDEOILM17SEP268600CE,CRUDEOILM,17SEP2026,860000.000000,10,OPTFUT,MCX,5.000000,10000,False
576695,CRUDEOILM17SEP269000CE,CRUDEOILM,17SEP2026,900000.000000,10,OPTFUT,MCX,5.000000,10000,False
576700,CRUDEOILM17SEP269250CE,CRUDEOILM,17SEP2026,925000.000000,10,OPTFUT,MCX,5.000000,10000,False
558150,SILVER27OCT26271000PE,SILVER,27OCT2026,27100000.000000,30,OPTFUT,MCX,50.000000,600,False
558155,SILVER27OCT26266000PE,SILVER,27OCT2026,26600000.000000,30,OPTFUT,MCX,50.000000,600,False
558156,SILVER27OCT26265000PE,SILVER,27OCT2026,26500000.000000,30,OPTFUT,MCX,50.000000,600,False
558158,SILVER27OCT26263000PE,SILVER,27OCT2026,26300000.000000,30,OPTFUT,MCX,50.000000,600,False
576704,CRUDEOILM17SEP269450CE,CRUDEOILM,17SEP2026,945000.000000,10,OPTFUT,MCX,5.000000,10000,False
576718,CRUDEOILM17SEP2610150CE,CRUDEOILM,17SEP2026,1015000.000000,10,OPTFUT,MCX,5.000000,10000,False
576734,CRUDEOILM17SEP266900PE,CRUDEOILM,17SEP2026,690000.000000,10,OPTFUT,MCX,5.000000,10000,False
576737,CRUDEOILM17SEP266750PE,CRUDEOILM,17SEP2026,675000.000000,10,OPTFUT,MCX,5.000000,10000,False
558160,SILVER27OCT26261000PE,SILVER,27OCT2026,26100000.000000,30,OPTFUT,MCX,50.000000,600,False
558161,SILVER27OCT26260000PE,SILVER,27OCT2026,26000000.000000,30,OPTFUT,MCX,50.000000,600,False
558165,SILVER27OCT26256000PE,SILVER,27OCT2026,25600000.000000,30,OPTFUT,MCX,50.000000,600,False
558184,SILVER27OCT26289000PE,SILVER,27OCT2026,28900000.000000,30,OPTFUT,MCX,50.000000,600,False
576740,CRUDEOILM17SEP266600PE,CRUDEOILM,17SEP2026,660000.000000,10,OPTFUT,MCX,5.000000,10000,False
576754,CRUDEOILM17SEP265900PE,CRUDEOILM,17SEP2026,590000.000000,10,OPTFUT,MCX,5.000000,10000,False
576757,CRUDEOILM17SEP265750PE,CRUDEOILM,17SEP2026,575000.000000,10,OPTFUT,MCX,5.000000,10000,False
576767,CRUDEOILM17SEP265250PE,CRUDEOILM,17SEP2026,525000.000000,10,OPTFUT,MCX,5.000000,10000,False
576788,CRUDEOILM17SEP264200PE,CRUDEOILM,17SEP2026,420000.000000,10,OPTFUT,MCX,5.000000,10000,False
576793,CRUDEOILM17SEP263950PE,CRUDEOILM,17SEP2026,395000.000000,10,OPTFUT,MCX,5.000000,10000,False
576801,CRUDEOILM17SEP263550PE,CRUDEOILM,17SEP2026,355000.000000,10,OPTFUT,MCX,5.000000,10000,False
576804,CRUDEOILM17SEP263400PE,CRUDEOILM,17SEP2026,340000.000000,10,OPTFUT,MCX,5.000000,10000,False
558199,SILVER27OCT26304000PE,SILVER,27OCT2026,30400000.000000,30,OPTFUT,MCX,50.000000,600,False
558202,SILVER27OCT26307000PE,SILVER,27OCT2026,30700000.000000,30,OPTFUT,MCX,50.000000,600,False
558220,SILVER27NOV26281000PE,SILVER,27NOV2026,28100000.000000,30,OPTFUT,MCX,50.000000,600,False
558223,SILVER27NOV26278000PE,SILVER,27NOV2026,27800000.000000,30,OPTFUT,MCX,50.000000,600,False
558225,SILVER27NOV26276000PE,SILVER,27NOV2026,27600000.000000,30,OPTFUT,MCX,50.000000,600,False
558250,SILVER27NOV26251000PE,SILVER,27NOV2026,25100000.000000,30,OPTFUT,MCX,50.000000,600,False
558256,SILVER27NOV26245000PE,SILVER,27NOV2026,24500000.000000,30,OPTFUT,MCX,50.000000,600,False
558257,SILVER27NOV26244000PE,SILVER,27NOV2026,24400000.000000,30,OPTFUT,MCX,50.000000,600,False
576824,CRUDEOILM17SEP267750PE,CRUDEOILM,17SEP2026,775000.000000,10,OPTFUT,MCX,5.000000,10000,False
576827,CRUDEOILM17SEP267900PE,CRUDEOILM,17SEP2026,790000.000000,10,OPTFUT,MCX,5.000000,10000,False
576829,CRUDEOILM17SEP268000PE,CRUDEOILM,17SEP2026,800000.000000,10,OPTFUT,MCX,5.000000,10000,False
576835,CRUDEOILM17SEP268300PE,CRUDEOILM,17SEP2026,830000.000000,10,OPTFUT,MCX,5.000000,10000,False
558267,SILVER27NOV26292000PE,SILVER,27NOV2026,29200000.000000,30,OPTFUT,MCX,50.000000,600,False
558269,SILVER27NOV26294000PE,SILVER,27NOV2026,29400000.000000,30,OPTFUT,MCX,50.000000,600,False
558281,SILVER27NOV26306000PE,SILVER,27NOV2026,30600000.000000,30,OPTFUT,MCX,50.000000,600,False
558283,SILVER27NOV26308000PE,SILVER,27NOV2026,30800000.000000,30,OPTFUT,MCX,50.000000,600,False
576847,CRUDEOILM17SEP268900PE,CRUDEOILM,17SEP2026,890000.000000,10,OPTFUT,MCX,5.000000,10000,False
576854,CRUDEOILM17SEP269250PE,CRUDEOILM,17SEP2026,925000.000000,10,OPTFUT,MCX,5.000000,10000,False
576858,CRUDEOILM17SEP269450PE,CRUDEOILM,17SEP2026,945000.000000,10,OPTFUT,MCX,5.000000,10000,False
576861,CRUDEOILM17SEP269600PE,CRUDEOILM,17SEP2026,960000.000000,10,OPTFUT,MCX,5.000000,10000,False
558291,SILVER27NOV26316000PE,SILVER,27NOV2026,31600000.000000,30,OPTFUT,MCX,50.000000,600,False
558544,SILVERM24SEP26279000CE,SILVERM,24SEP2026,27900000.000000,5,OPTFUT,MCX,50.000000,600,False
558549,SILVERM24SEP26274000CE,SILVERM,24SEP2026,27400000.000000,5,OPTFUT,MCX,50.000000,600,False
558550,SILVERM24SEP26273000CE,SILVERM,24SEP2026,27300000.000000,5,OPTFUT,MCX,50.000000,600,False
576869,CRUDEOILM17SEP2610000PE,CRUDEOILM,17SEP2026,1000000.000000,10,OPTFUT,MCX,5.000000,10000,False
576911,SILVERM25MAR27226000PE,SILVERM,25MAR2027,22600000.000000,5,OPTFUT,MCX,50.000000,600,False
576914,CRUDEOILM17SEP2610800CE,CRUDEOILM,17SEP2026,1080000.000000,10,OPTFUT,MCX,5.000000,10000,False
576918,CRUDEOILM17SEP2610800PE,CRUDEOILM,17SEP2026,1080000.000000,10,OPTFUT,MCX,5.000000,10000,False
558566,SILVERM24SEP26257000CE,SILVERM,24SEP2026,25700000.000000,5,OPTFUT,MCX,50.000000,600,False
558581,SILVERM24SEP26288000CE,SILVERM,24SEP2026,28800000.000000,5,OPTFUT,MCX,50.000000,600,False
558583,SILVERM24SEP26290000CE,SILVERM,24SEP2026,29000000.000000,5,OPTFUT,MCX,50.000000,600,False
558587,SILVERM24SEP26294000CE,SILVERM,24SEP2026,29400000.000000,5,OPTFUT,MCX,50.000000,600,False
576947,COPPER23SEP261190PE,COPPER,23SEP2026,119000.000000,2500,OPTFUT,MCX,1.000000,70000,False
576953,GOLD26FEB27136000PE,GOLD,26FEB2027,13600000.000000,1,OPTFUT,MCX,50.000000,100,False
576969,SILVER25MAR27214000CE,SILVER,25MAR2027,21400000.000000,30,OPTFUT,MCX,50.000000,600,False
576972,SILVER25MAR27211000CE,SILVER,25MAR2027,21100000.000000,30,OPTFUT,MCX,50.000000,600,False
558593,SILVERM24SEP26300000CE,SILVERM,24SEP2026,30000000.000000,5,OPTFUT,MCX,50.000000,600,False
558599,SILVERM24SEP26306000CE,SILVERM,24SEP2026,30600000.000000,5,OPTFUT,MCX,50.000000,600,False
558602,SILVERM24SEP26309000CE,SILVERM,24SEP2026,30900000.000000,5,OPTFUT,MCX,50.000000,600,False
558603,SILVERM24SEP26310000CE,SILVERM,24SEP2026,31000000.000000,5,OPTFUT,MCX,50.000000,600,False
576981,SILVER28APR27212000CE,SILVER,28APR2027,21200000.000000,30,OPTFUT,MCX,50.000000,600,False
576989,SILVER25MAR27217000PE,SILVER,25MAR2027,21700000.000000,30,OPTFUT,MCX,50.000000,600,False
576994,SILVER25MAR27212000PE,SILVER,25MAR2027,21200000.000000,30,OPTFUT,MCX,50.000000,600,False
576997,SILVER28APR27219000PE,SILVER,28APR2027,21900000.000000,30,OPTFUT,MCX,50.000000,600,False
558626,SILVERM27OCT26277000CE,SILVERM,27OCT2026,27700000.000000,5,OPTFUT,MCX,50.000000,600,False
558629,SILVERM27OCT26274000CE,SILVERM,27OCT2026,27400000.000000,5,OPTFUT,MCX,50.000000,600,False
558630,SILVERM27OCT26273000CE,SILVERM,27OCT2026,27300000.000000,5,OPTFUT,MCX,50.000000,600,False
558637,SILVERM27OCT26266000CE,SILVERM,27OCT2026,26600000.000000,5,OPTFUT,MCX,50.000000,600,False
577001,SILVER28APR27215000PE,SILVER,28APR2027,21500000.000000,30,OPTFUT,MCX,50.000000,600,False
577003,SILVER28APR27213000PE,SILVER,28APR2027,21300000.000000,30,OPTFUT,MCX,50.000000,600,False
577010,SILVERM24SEP26204000CE,SILVERM,24SEP2026,20400000.000000,5,OPTFUT,MCX,50.000000,600,False
577021,SILVERM25MAR27219000CE,SILVERM,25MAR2027,21900000.000000,5,OPTFUT,MCX,50.000000,600,False
558659,SILVERM27OCT26286000CE,SILVERM,27OCT2026,28600000.000000,5,OPTFUT,MCX,50.000000,600,False
558670,SILVERM27OCT26297000CE,SILVERM,27OCT2026,29700000.000000,5,OPTFUT,MCX,50.000000,600,False
558672,SILVERM27OCT26299000CE,SILVERM,27OCT2026,29900000.000000,5,OPTFUT,MCX,50.000000,600,False
558699,SILVERM23NOV26284000CE,SILVERM,23NOV2026,28400000.000000,5,OPTFUT,MCX,50.000000,600,False
577022,SILVERM25MAR27218000CE,SILVERM,25MAR2027,21800000.000000,5,OPTFUT,MCX,50.000000,600,False
577024,SILVERM25MAR27216000CE,SILVERM,25MAR2027,21600000.000000,5,OPTFUT,MCX,50.000000,600,False
577029,SILVERM23APR27225000CE,SILVERM,23APR2027,22500000.000000,5,OPTFUT,MCX,50.000000,600,False
577042,SILVERM23APR27212000CE,SILVERM,23APR2027,21200000.000000,5,OPTFUT,MCX,50.000000,600,False
558728,SILVERM23NOV26255000CE,SILVERM,23NOV2026,25500000.000000,5,OPTFUT,MCX,50.000000,600,False
558742,SILVERM23NOV26289000CE,SILVERM,23NOV2026,28900000.000000,5,OPTFUT,MCX,50.000000,600,False
558754,SILVERM23NOV26301000CE,SILVERM,23NOV2026,30100000.000000,5,OPTFUT,MCX,50.000000,600,False
558762,SILVERM23NOV26309000CE,SILVERM,23NOV2026,30900000.000000,5,OPTFUT,MCX,50.000000,600,False
577045,SILVERM24SEP26205000PE,SILVERM,24SEP2026,20500000.000000,5,OPTFUT,MCX,50.000000,600,False
577047,SILVERM27OCT26205000PE,SILVERM,27OCT2026,20500000.000000,5,OPTFUT,MCX,50.000000,600,False
577059,SILVERM25MAR27217000PE,SILVERM,25MAR2027,21700000.000000,5,OPTFUT,MCX,50.000000,600,False
577060,SILVERM25MAR27216000PE,SILVERM,25MAR2027,21600000.000000,5,OPTFUT,MCX,50.000000,600,False
558768,SILVERM23NOV26315000CE,SILVERM,23NOV2026,31500000.000000,5,OPTFUT,MCX,50.000000,600,False
558774,SILVERM23NOV26321000CE,SILVERM,23NOV2026,32100000.000000,5,OPTFUT,MCX,50.000000,600,False
559023,SILVERM24SEP26280000PE,SILVERM,24SEP2026,28000000.000000,5,OPTFUT,MCX,50.000000,600,False
559026,SILVERM24SEP26277000PE,SILVERM,24SEP2026,27700000.000000,5,OPTFUT,MCX,50.000000,600,False
577067,SILVERM23APR27223000PE,SILVERM,23APR2027,22300000.000000,5,OPTFUT,MCX,50.000000,600,False
577077,SILVERM23APR27213000PE,SILVERM,23APR2027,21300000.000000,5,OPTFUT,MCX,50.000000,600,False
577080,CRUDEOILM17SEP263150CE,CRUDEOILM,17SEP2026,315000.000000,10,OPTFUT,MCX,5.000000,10000,False
577100,MCXBULLDEX25SEP2632800PE,MCXBULLDEX,25SEP2026,3280000.000000,30,OPTIDX,MCX,5.000000,900,False
577112,COPPER23SEP261160CE,COPPER,23SEP2026,116000.000000,2500,OPTFUT,MCX,1.000000,70000,False
577145,CRUDEOIL17SEP263100CE,CRUDEOIL,17SEP2026,310000.000000,100,OPTFUT,MCX,10.000000,10000,False
577190,GOLD25SEP26121500CE,GOLD,25SEP2026,12150000.000000,1,OPTFUT,MCX,50.000000,100,False
577197,GOLD31DEC26128000CE,GOLD,31DEC2026,12800000.000000,1,OPTFUT,MCX,50.000000,100,False
559031,SILVERM24SEP26272000PE,SILVERM,24SEP2026,27200000.000000,5,OPTFUT,MCX,50.000000,600,False
559049,SILVERM24SEP26254000PE,SILVERM,24SEP2026,25400000.000000,5,OPTFUT,MCX,50.000000,600,False
559083,SILVERM24SEP26310000PE,SILVERM,24SEP2026,31000000.000000,5,OPTFUT,MCX,50.000000,600,False
559090,SILVERM24SEP26317000PE,SILVERM,24SEP2026,31700000.000000,5,OPTFUT,MCX,50.000000,600,False
577198,GOLD31DEC26127500CE,GOLD,31DEC2026,12750000.000000,1,OPTFUT,MCX,50.000000,100,False
577225,GOLD29MAR27132000CE,GOLD,29MAR2027,13200000.000000,1,OPTFUT,MCX,50.000000,100,False
577229,GOLD29MAR27130000CE,GOLD,29MAR2027,13000000.000000,1,OPTFUT,MCX,50.000000,100,False
577233,GOLD30APR27137500CE,GOLD,30APR2027,13750000.000000,1,OPTFUT,MCX,50.000000,100,False
559095,SILVERM24SEP26322000PE,SILVERM,24SEP2026,32200000.000000,5,OPTFUT,MCX,50.000000,600,False
559107,SILVERM27OCT26276000PE,SILVERM,27OCT2026,27600000.000000,5,OPTFUT,MCX,50.000000,600,False
559108,SILVERM27OCT26275000PE,SILVERM,27OCT2026,27500000.000000,5,OPTFUT,MCX,50.000000,600,False
559117,SILVERM27OCT26266000PE,SILVERM,27OCT2026,26600000.000000,5,OPTFUT,MCX,50.000000,600,False
577234,GOLD30APR27137000CE,GOLD,30APR2027,13700000.000000,1,OPTFUT,MCX,50.000000,100,False
577245,GOLD28MAY27138000CE,GOLD,28MAY2027,13800000.000000,1,OPTFUT,MCX,50.000000,100,False
577251,GOLD28MAY27135000CE,GOLD,28MAY2027,13500000.000000,1,OPTFUT,MCX,50.000000,100,False
577280,GOLD25SEP26121500PE,GOLD,25SEP2026,12150000.000000,1,OPTFUT,MCX,50.000000,100,False
559119,SILVERM27OCT26264000PE,SILVERM,27OCT2026,26400000.000000,5,OPTFUT,MCX,50.000000,600,False
559133,SILVERM27OCT26250000PE,SILVERM,27OCT2026,25000000.000000,5,OPTFUT,MCX,50.000000,600,False
559134,SILVERM27OCT26249000PE,SILVERM,27OCT2026,24900000.000000,5,OPTFUT,MCX,50.000000,600,False
559135,SILVERM27OCT26248000PE,SILVERM,27OCT2026,24800000.000000,5,OPTFUT,MCX,50.000000,600,False
577284,GOLD25SEP26119500PE,GOLD,25SEP2026,11950000.000000,1,OPTFUT,MCX,50.000000,100,False
577294,GOLD29JAN27126500PE,GOLD,29JAN2027,12650000.000000,1,OPTFUT,MCX,50.000000,100,False
577296,GOLD26FEB27135000PE,GOLD,26FEB2027,13500000.000000,1,OPTFUT,MCX,50.000000,100,False
577308,GOLD29MAR27135500PE,GOLD,29MAR2027,13550000.000000,1,OPTFUT,MCX,50.000000,100,False
559148,SILVERM27OCT26295000PE,SILVERM,27OCT2026,29500000.000000,5,OPTFUT,MCX,50.000000,600,False
559150,SILVERM27OCT26297000PE,SILVERM,27OCT2026,29700000.000000,5,OPTFUT,MCX,50.000000,600,False
559152,SILVERM27OCT26299000PE,SILVERM,27OCT2026,29900000.000000,5,OPTFUT,MCX,50.000000,600,False
559180,SILVERM23NOV26283000PE,SILVERM,23NOV2026,28300000.000000,5,OPTFUT,MCX,50.000000,600,False
577309,GOLD29MAR27135000PE,GOLD,29MAR2027,13500000.000000,1,OPTFUT,MCX,50.000000,100,False
577325,GOLD30APR27136500PE,GOLD,30APR2027,13650000.000000,1,OPTFUT,MCX,50.000000,100,False
577330,GOLD30APR27134000PE,GOLD,30APR2027,13400000.000000,1,OPTFUT,MCX,50.000000,100,False
577436,SILVER24SEP26196000CE,SILVER,24SEP2026,19600000.000000,30,OPTFUT,MCX,50.000000,600,False
559198,SILVERM23NOV26265000PE,SILVERM,23NOV2026,26500000.000000,5,OPTFUT,MCX,50.000000,600,False
559199,SILVERM23NOV26264000PE,SILVERM,23NOV2026,26400000.000000,5,OPTFUT,MCX,50.000000,600,False
559213,SILVERM23NOV26250000PE,SILVERM,23NOV2026,25000000.000000,5,OPTFUT,MCX,50.000000,600,False
559218,SILVERM23NOV26245000PE,SILVERM,23NOV2026,24500000.000000,5,OPTFUT,MCX,50.000000,600,False
577446,SILVER24SEP26186000CE,SILVER,24SEP2026,18600000.000000,30,OPTFUT,MCX,50.000000,600,False
577456,SILVER27OCT26191000CE,SILVER,27OCT2026,19100000.000000,30,OPTFUT,MCX,50.000000,600,False
577462,SILVER27OCT26185000CE,SILVER,27OCT2026,18500000.000000,30,OPTFUT,MCX,50.000000,600,False
577475,SILVER27NOV26187000CE,SILVER,27NOV2026,18700000.000000,30,OPTFUT,MCX,50.000000,600,False
559226,SILVERM23NOV26293000PE,SILVERM,23NOV2026,29300000.000000,5,OPTFUT,MCX,50.000000,600,False
559238,SILVERM23NOV26305000PE,SILVERM,23NOV2026,30500000.000000,5,OPTFUT,MCX,50.000000,600,False
559246,SILVERM23NOV26313000PE,SILVERM,23NOV2026,31300000.000000,5,OPTFUT,MCX,50.000000,600,False
559331,GOLD30OCT26191500PE,GOLD,30OCT2026,19150000.000000,1,OPTFUT,MCX,50.000000,100,False
577486,SILVER28DEC26198000CE,SILVER,28DEC2026,19800000.000000,30,OPTFUT,MCX,50.000000,600,False
577495,SILVER28DEC26189000CE,SILVER,28DEC2026,18900000.000000,30,OPTFUT,MCX,50.000000,600,False
577518,SILVER26FEB27202000CE,SILVER,26FEB2027,20200000.000000,30,OPTFUT,MCX,50.000000,600,False
577522,SILVER26FEB27198000CE,SILVER,26FEB2027,19800000.000000,30,OPTFUT,MCX,50.000000,600,False
559334,GOLD30OCT26193000PE,GOLD,30OCT2026,19300000.000000,1,OPTFUT,MCX,50.000000,100,False
559335,GOLD30OCT26193500PE,GOLD,30OCT2026,19350000.000000,1,OPTFUT,MCX,50.000000,100,False
559462,SILVER24SEP26330000CE,SILVER,24SEP2026,33000000.000000,30,OPTFUT,MCX,50.000000,600,False
559465,SILVER24SEP26333000CE,SILVER,24SEP2026,33300000.000000,30,OPTFUT,MCX,50.000000,600,False
577533,SILVER26FEB27187000CE,SILVER,26FEB2027,18700000.000000,30,OPTFUT,MCX,50.000000,600,False
577540,SILVER25MAR27203000CE,SILVER,25MAR2027,20300000.000000,30,OPTFUT,MCX,50.000000,600,False
577545,SILVER25MAR27198000CE,SILVER,25MAR2027,19800000.000000,30,OPTFUT,MCX,50.000000,600,False
577548,SILVER25MAR27195000CE,SILVER,25MAR2027,19500000.000000,30,OPTFUT,MCX,50.000000,600,False
559468,SILVER24SEP26336000CE,SILVER,24SEP2026,33600000.000000,30,OPTFUT,MCX,50.000000,600,False
559470,SILVER27OCT26324000CE,SILVER,27OCT2026,32400000.000000,30,OPTFUT,MCX,50.000000,600,False
559477,SILVER27OCT26331000CE,SILVER,27OCT2026,33100000.000000,30,OPTFUT,MCX,50.000000,600,False
559486,SILVER27NOV26326000CE,SILVER,27NOV2026,32600000.000000,30,OPTFUT,MCX,50.000000,600,False
577560,SILVER28APR27203000CE,SILVER,28APR2027,20300000.000000,30,OPTFUT,MCX,50.000000,600,False
577564,SILVER28APR27199000CE,SILVER,28APR2027,19900000.000000,30,OPTFUT,MCX,50.000000,600,False
577565,SILVER28APR27198000CE,SILVER,28APR2027,19800000.000000,30,OPTFUT,MCX,50.000000,600,False
577600,SILVER24SEP26197000PE,SILVER,24SEP2026,19700000.000000,30,OPTFUT,MCX,50.000000,600,False
559493,SILVER27NOV26333000CE,SILVER,27NOV2026,33300000.000000,30,OPTFUT,MCX,50.000000,600,False
559541,SILVER24SEP26326000PE,SILVER,24SEP2026,32600000.000000,30,OPTFUT,MCX,50.000000,600,False
559550,SILVER24SEP26335000PE,SILVER,24SEP2026,33500000.000000,30,OPTFUT,MCX,50.000000,600,False
559572,SILVER27NOV26329000PE,SILVER,27NOV2026,32900000.000000,30,OPTFUT,MCX,50.000000,600,False
577606,SILVER24SEP26191000PE,SILVER,24SEP2026,19100000.000000,30,OPTFUT,MCX,50.000000,600,False
577610,SILVER24SEP26187000PE,SILVER,24SEP2026,18700000.000000,30,OPTFUT,MCX,50.000000,600,False
577614,SILVER24SEP26183000PE,SILVER,24SEP2026,18300000.000000,30,OPTFUT,MCX,50.000000,600,False
577628,SILVER27OCT26184000PE,SILVER,27OCT2026,18400000.000000,30,OPTFUT,MCX,50.000000,600,False
559652,SILVERM23NOV26334000CE,SILVERM,23NOV2026,33400000.000000,5,OPTFUT,MCX,50.000000,600,False
559718,SILVERM27OCT26337000PE,SILVERM,27OCT2026,33700000.000000,5,OPTFUT,MCX,50.000000,600,False
559725,SILVERM23NOV26332000PE,SILVERM,23NOV2026,33200000.000000,5,OPTFUT,MCX,50.000000,600,False
559727,SILVERM23NOV26334000PE,SILVERM,23NOV2026,33400000.000000,5,OPTFUT,MCX,50.000000,600,False
577631,SILVER27NOV26196000PE,SILVER,27NOV2026,19600000.000000,30,OPTFUT,MCX,50.000000,600,False
577632,SILVER27NOV26195000PE,SILVER,27NOV2026,19500000.000000,30,OPTFUT,MCX,50.000000,600,False
577648,SILVER28DEC26201000PE,SILVER,28DEC2026,20100000.000000,30,OPTFUT,MCX,50.000000,600,False
577649,SILVER28DEC26200000PE,SILVER,28DEC2026,20000000.000000,30,OPTFUT,MCX,50.000000,600,False
577657,SILVER28DEC26192000PE,SILVER,28DEC2026,19200000.000000,30,OPTFUT,MCX,50.000000,600,False
577659,SILVER28DEC26190000PE,SILVER,28DEC2026,19000000.000000,30,OPTFUT,MCX,50.000000,600,False
577669,SILVER25JAN27198000PE,SILVER,25JAN2027,19800000.000000,30,OPTFUT,MCX,50.000000,600,False
577677,SILVER25JAN27190000PE,SILVER,25JAN2027,19000000.000000,30,OPTFUT,MCX,50.000000,600,False
559866,SILVER27OCT26242000CE,SILVER,27OCT2026,24200000.000000,30,OPTFUT,MCX,50.000000,600,False
559936,GOLD29JAN27169000CE,GOLD,29JAN2027,16900000.000000,1,OPTFUT,MCX,50.000000,100,False
559951,GOLD31DEC26168500CE,GOLD,31DEC2026,16850000.000000,1,OPTFUT,MCX,50.000000,100,False
559966,GOLD31DEC26161000CE,GOLD,31DEC2026,16100000.000000,1,OPTFUT,MCX,50.000000,100,False
577694,SILVER26FEB27191000PE,SILVER,26FEB2027,19100000.000000,30,OPTFUT,MCX,50.000000,600,False
577715,SILVER25MAR27193000PE,SILVER,25MAR2027,19300000.000000,30,OPTFUT,MCX,50.000000,600,False
577717,SILVER25MAR27191000PE,SILVER,25MAR2027,19100000.000000,30,OPTFUT,MCX,50.000000,600,False
577718,SILVER25MAR27190000PE,SILVER,25MAR2027,19000000.000000,30,OPTFUT,MCX,50.000000,600,False
559978,GOLD31DEC26155000CE,GOLD,31DEC2026,15500000.000000,1,OPTFUT,MCX,50.000000,100,False
559980,GOLD31DEC26154000CE,GOLD,31DEC2026,15400000.000000,1,OPTFUT,MCX,50.000000,100,False
559990,GOLD31DEC26149000CE,GOLD,31DEC2026,14900000.000000,1,OPTFUT,MCX,50.000000,100,False
559996,GOLD31DEC26146000CE,GOLD,31DEC2026,14600000.000000,1,OPTFUT,MCX,50.000000,100,False
577724,SILVER28APR27204000PE,SILVER,28APR2027,20400000.000000,30,OPTFUT,MCX,50.000000,600,False
577729,SILVER28APR27199000PE,SILVER,28APR2027,19900000.000000,30,OPTFUT,MCX,50.000000,600,False
577770,SILVERM24SEP26200000CE,SILVERM,24SEP2026,20000000.000000,5,OPTFUT,MCX,50.000000,600,False
577789,SILVERM27OCT26197000CE,SILVERM,27OCT2026,19700000.000000,5,OPTFUT,MCX,50.000000,600,False
560001,GOLD31DEC26169500CE,GOLD,31DEC2026,16950000.000000,1,OPTFUT,MCX,50.000000,100,False
560019,GOLD31DEC26178500CE,GOLD,31DEC2026,17850000.000000,1,OPTFUT,MCX,50.000000,100,False
560020,GOLD31DEC26179000CE,GOLD,31DEC2026,17900000.000000,1,OPTFUT,MCX,50.000000,100,False
560024,GOLD31DEC26181000CE,GOLD,31DEC2026,18100000.000000,1,OPTFUT,MCX,50.000000,100,False
577794,SILVERM27OCT26192000CE,SILVERM,27OCT2026,19200000.000000,5,OPTFUT,MCX,50.000000,600,False
577812,SILVERM23NOV26190000CE,SILVERM,23NOV2026,19000000.000000,5,OPTFUT,MCX,50.000000,600,False
577817,SILVERM28DEC26208000CE,SILVERM,28DEC2026,20800000.000000,5,OPTFUT,MCX,50.000000,600,False
577825,SILVERM28DEC26200000CE,SILVERM,28DEC2026,20000000.000000,5,OPTFUT,MCX,50.000000,600,False
560029,GOLD31DEC26183500CE,GOLD,31DEC2026,18350000.000000,1,OPTFUT,MCX,50.000000,100,False
560049,GOLD31DEC26193500CE,GOLD,31DEC2026,19350000.000000,1,OPTFUT,MCX,50.000000,100,False
560056,GOLD29JAN27166000CE,GOLD,29JAN2027,16600000.000000,1,OPTFUT,MCX,50.000000,100,False
560064,GOLD29JAN27162000CE,GOLD,29JAN2027,16200000.000000,1,OPTFUT,MCX,50.000000,100,False
560069,GOLD29JAN27159500CE,GOLD,29JAN2027,15950000.000000,1,OPTFUT,MCX,50.000000,100,False
560082,GOLD29JAN27153000CE,GOLD,29JAN2027,15300000.000000,1,OPTFUT,MCX,50.000000,100,False
560090,GOLD29JAN27149000CE,GOLD,29JAN2027,14900000.000000,1,OPTFUT,MCX,50.000000,100,False
560091,GOLD29JAN27148500CE,GOLD,29JAN2027,14850000.000000,1,OPTFUT,MCX,50.000000,100,False
577834,SILVERM25JAN27206000CE,SILVERM,25JAN2027,20600000.000000,5,OPTFUT,MCX,50.000000,600,False
577841,SILVERM25JAN27199000CE,SILVERM,25JAN2027,19900000.000000,5,OPTFUT,MCX,50.000000,600,False
577842,SILVERM25JAN27198000CE,SILVERM,25JAN2027,19800000.000000,5,OPTFUT,MCX,50.000000,600,False
577854,SILVERM19FEB27201000CE,SILVERM,19FEB2027,20100000.000000,5,OPTFUT,MCX,50.000000,600,False
560105,GOLD29JAN27171500CE,GOLD,29JAN2027,17150000.000000,1,OPTFUT,MCX,50.000000,100,False
560117,GOLD29JAN27177500CE,GOLD,29JAN2027,17750000.000000,1,OPTFUT,MCX,50.000000,100,False
560140,GOLD29JAN27189000CE,GOLD,29JAN2027,18900000.000000,1,OPTFUT,MCX,50.000000,100,False
560145,GOLD29JAN27191500CE,GOLD,29JAN2027,19150000.000000,1,OPTFUT,MCX,50.000000,100,False
577857,SILVERM19FEB27198000CE,SILVERM,19FEB2027,19800000.000000,5,OPTFUT,MCX,50.000000,600,False
577858,SILVERM19FEB27197000CE,SILVERM,19FEB2027,19700000.000000,5,OPTFUT,MCX,50.000000,600,False
577864,SILVERM25MAR27207000CE,SILVERM,25MAR2027,20700000.000000,5,OPTFUT,MCX,50.000000,600,False
577906,SILVERM24SEP26203000PE,SILVERM,24SEP2026,20300000.000000,5,OPTFUT,MCX,50.000000,600,False
560147,GOLD29JAN27192500CE,GOLD,29JAN2027,19250000.000000,1,OPTFUT,MCX,50.000000,100,False
560166,GOLD31DEC26161000PE,GOLD,31DEC2026,16100000.000000,1,OPTFUT,MCX,50.000000,100,False
560172,GOLD31DEC26158000PE,GOLD,31DEC2026,15800000.000000,1,OPTFUT,MCX,50.000000,100,False
560173,GOLD31DEC26157500PE,GOLD,31DEC2026,15750000.000000,1,OPTFUT,MCX,50.000000,100,False
577919,SILVERM24SEP26190000PE,SILVERM,24SEP2026,19000000.000000,5,OPTFUT,MCX,50.000000,600,False
577923,SILVERM27OCT26202000PE,SILVERM,27OCT2026,20200000.000000,5,OPTFUT,MCX,50.000000,600,False
577931,SILVERM27OCT26194000PE,SILVERM,27OCT2026,19400000.000000,5,OPTFUT,MCX,50.000000,600,False
577936,SILVERM27OCT26189000PE,SILVERM,27OCT2026,18900000.000000,5,OPTFUT,MCX,50.000000,600,False
577943,SILVERM23NOV26198000PE,SILVERM,23NOV2026,19800000.000000,5,OPTFUT,MCX,50.000000,600,False
577944,SILVERM23NOV26197000PE,SILVERM,23NOV2026,19700000.000000,5,OPTFUT,MCX,50.000000,600,False
577965,SILVERM28DEC26199000PE,SILVERM,28DEC2026,19900000.000000,5,OPTFUT,MCX,50.000000,600,False
577966,SILVERM28DEC26198000PE,SILVERM,28DEC2026,19800000.000000,5,OPTFUT,MCX,50.000000,600,False
560182,GOLD31DEC26153000PE,GOLD,31DEC2026,15300000.000000,1,OPTFUT,MCX,50.000000,100,False
560212,GOLD31DEC26175000PE,GOLD,31DEC2026,17500000.000000,1,OPTFUT,MCX,50.000000,100,False
560218,GOLD31DEC26178000PE,GOLD,31DEC2026,17800000.000000,1,OPTFUT,MCX,50.000000,100,False
560223,GOLD31DEC26180500PE,GOLD,31DEC2026,18050000.000000,1,OPTFUT,MCX,50.000000,100,False
577970,SILVERM25JAN27209000PE,SILVERM,25JAN2027,20900000.000000,5,OPTFUT,MCX,50.000000,600,False
577972,SILVERM25JAN27207000PE,SILVERM,25JAN2027,20700000.000000,5,OPTFUT,MCX,50.000000,600,False
577984,SILVERM19FEB27210000PE,SILVERM,19FEB2027,21000000.000000,5,OPTFUT,MCX,50.000000,600,False
578001,SILVERM25MAR27209000PE,SILVERM,25MAR2027,20900000.000000,5,OPTFUT,MCX,50.000000,600,False
560235,GOLD31DEC26186500PE,GOLD,31DEC2026,18650000.000000,1,OPTFUT,MCX,50.000000,100,False
560236,GOLD31DEC26187000PE,GOLD,31DEC2026,18700000.000000,1,OPTFUT,MCX,50.000000,100,False
560238,GOLD31DEC26188000PE,GOLD,31DEC2026,18800000.000000,1,OPTFUT,MCX,50.000000,100,False
560240,GOLD31DEC26189000PE,GOLD,31DEC2026,18900000.000000,1,OPTFUT,MCX,50.000000,100,False
578010,SILVERM23APR27209000PE,SILVERM,23APR2027,20900000.000000,5,OPTFUT,MCX,50.000000,600,False
578052,CRUDEOILM17SEP262900PE,CRUDEOILM,17SEP2026,290000.000000,10,OPTFUT,MCX,5.000000,10000,False
578101,MCXBULLDEX25SEP2630500CE,MCXBULLDEX,25SEP2026,3050000.000000,30,OPTIDX,MCX,5.000000,900,False
578103,MCXBULLDEX25SEP2630300CE,MCXBULLDEX,25SEP2026,3030000.000000,30,OPTIDX,MCX,5.000000,900,False
578105,MCXBULLDEX25SEP2630100CE,MCXBULLDEX,25SEP2026,3010000.000000,30,OPTIDX,MCX,5.000000,900,False
578111,MCXBULLDEX25SEP2629500CE,MCXBULLDEX,25SEP2026,2950000.000000,30,OPTIDX,MCX,5.000000,900,False
578117,MCXBULLDEX25SEP2632700CE,MCXBULLDEX,25SEP2026,3270000.000000,30,OPTIDX,MCX,5.000000,900,False
578144,MCXBULLDEX25SEP2635500CE,MCXBULLDEX,25SEP2026,3550000.000000,30,OPTIDX,MCX,5.000000,900,False
560243,GOLD31DEC26190500PE,GOLD,31DEC2026,19050000.000000,1,OPTFUT,MCX,50.000000,100,False
560250,GOLD31DEC26194000PE,GOLD,31DEC2026,19400000.000000,1,OPTFUT,MCX,50.000000,100,False
560274,GOLD29JAN27157000PE,GOLD,29JAN2027,15700000.000000,1,OPTFUT,MCX,50.000000,100,False
560287,GOLD29JAN27150500PE,GOLD,29JAN2027,15050000.000000,1,OPTFUT,MCX,50.000000,100,False
578146,MCXBULLDEX25SEP2635700CE,MCXBULLDEX,25SEP2026,3570000.000000,30,OPTIDX,MCX,5.000000,900,False
578180,MCXBULLDEX25SEP2632400PE,MCXBULLDEX,25SEP2026,3240000.000000,30,OPTIDX,MCX,5.000000,900,False
578199,MCXBULLDEX25SEP2630500PE,MCXBULLDEX,25SEP2026,3050000.000000,30,OPTIDX,MCX,5.000000,900,False
578201,MCXBULLDEX25SEP2630300PE,MCXBULLDEX,25SEP2026,3030000.000000,30,OPTIDX,MCX,5.000000,900,False
560304,GOLD29JAN27171000PE,GOLD,29JAN2027,17100000.000000,1,OPTFUT,MCX,50.000000,100,False
560317,GOLD29JAN27177500PE,GOLD,29JAN2027,17750000.000000,1,OPTFUT,MCX,50.000000,100,False
560327,GOLD29JAN27182500PE,GOLD,29JAN2027,18250000.000000,1,OPTFUT,MCX,50.000000,100,False
560330,GOLD29JAN27184000PE,GOLD,29JAN2027,18400000.000000,1,OPTFUT,MCX,50.000000,100,False
578215,MCXBULLDEX25SEP2632700PE,MCXBULLDEX,25SEP2026,3270000.000000,30,OPTIDX,MCX,5.000000,900,False
578226,MCXBULLDEX25SEP2633900PE,MCXBULLDEX,25SEP2026,3390000.000000,30,OPTIDX,MCX,5.000000,900,False
578227,MCXBULLDEX25SEP2634000PE,MCXBULLDEX,25SEP2026,3400000.000000,30,OPTIDX,MCX,5.000000,900,False
578231,MCXBULLDEX25SEP2634400PE,MCXBULLDEX,25SEP2026,3440000.000000,30,OPTIDX,MCX,5.000000,900,False
560332,GOLD29JAN27185000PE,GOLD,29JAN2027,18500000.000000,1,OPTFUT,MCX,50.000000,100,False
560334,GOLD29JAN27186000PE,GOLD,29JAN2027,18600000.000000,1,OPTFUT,MCX,50.000000,100,False
560339,GOLD29JAN27188500PE,GOLD,29JAN2027,18850000.000000,1,OPTFUT,MCX,50.000000,100,False
560345,GOLD29JAN27191500PE,GOLD,29JAN2027,19150000.000000,1,OPTFUT,MCX,50.000000,100,False
578246,MCXBULLDEX25SEP2635900PE,MCXBULLDEX,25SEP2026,3590000.000000,30,OPTIDX,MCX,5.000000,900,False
578252,NATURALGAS23SEP26310PE,NATURALGAS,23SEP2026,31000.000000,1250,OPTFUT,MCX,5.000000,60000,False
578255,GOLD30OCT26124500CE,GOLD,30OCT2026,12450000.000000,1,OPTFUT,MCX,50.000000,100,False
578267,NATURALGAS23SEP26285CE,NATURALGAS,23SEP2026,28500.000000,1250,OPTFUT,MCX,5.000000,60000,False
560378,SILVERM23NOV26241000CE,SILVERM,23NOV2026,24100000.000000,5,OPTFUT,MCX,50.000000,600,False
560395,SILVERM24SEP26244000PE,SILVERM,24SEP2026,24400000.000000,5,OPTFUT,MCX,50.000000,600,False
560399,SILVERM27OCT26244000PE,SILVERM,27OCT2026,24400000.000000,5,OPTFUT,MCX,50.000000,600,False
560428,GOLD29JAN27196000CE,GOLD,29JAN2027,19600000.000000,1,OPTFUT,MCX,50.000000,100,False
560470,SILVER24SEP26232000CE,SILVER,24SEP2026,23200000.000000,30,OPTFUT,MCX,50.000000,600,False
560536,SILVERM24SEP26236000CE,SILVERM,24SEP2026,23600000.000000,5,OPTFUT,MCX,50.000000,600,False
560574,SILVERM24SEP26237000PE,SILVERM,24SEP2026,23700000.000000,5,OPTFUT,MCX,50.000000,600,False
560582,SILVERM27OCT26237000PE,SILVERM,27OCT2026,23700000.000000,5,OPTFUT,MCX,50.000000,600,False
578291,NATURALGAS23SEP26165CE,NATURALGAS,23SEP2026,16500.000000,1250,OPTFUT,MCX,5.000000,60000,False
578310,NATURALGAS23SEP26350CE,NATURALGAS,23SEP2026,35000.000000,1250,OPTFUT,MCX,5.000000,60000,False
578327,NATURALGAS23SEP26435CE,NATURALGAS,23SEP2026,43500.000000,1250,OPTFUT,MCX,5.000000,60000,False
578340,NATURALGAS23SEP26500CE,NATURALGAS,23SEP2026,50000.000000,1250,OPTFUT,MCX,5.000000,60000,False
578372,NATURALGAS23SEP26160PE,NATURALGAS,23SEP2026,16000.000000,1250,OPTFUT,MCX,5.000000,60000,False
578344,NATURALGAS23SEP26300PE,NATURALGAS,23SEP2026,30000.000000,1250,OPTFUT,MCX,5.000000,60000,False
578364,NATURALGAS23SEP26200PE,NATURALGAS,23SEP2026,20000.000000,1250,OPTFUT,MCX,5.000000,60000,False
578370,NATURALGAS23SEP26170PE,NATURALGAS,23SEP2026,17000.000000,1250,OPTFUT,MCX,5.000000,60000,False
560585,SILVERM27OCT26234000PE,SILVERM,27OCT2026,23400000.000000,5,OPTFUT,MCX,50.000000,600,False
560587,SILVERM23NOV26240000PE,SILVERM,23NOV2026,24000000.000000,5,OPTFUT,MCX,50.000000,600,False
560654,GOLD30OCT26140000CE,GOLD,30OCT2026,14000000.000000,1,OPTFUT,MCX,50.000000,100,False
560694,GOLD29JAN27143000PE,GOLD,29JAN2027,14300000.000000,1,OPTFUT,MCX,50.000000,100,False
560741,SILVER24SEP26218000CE,SILVER,24SEP2026,21800000.000000,30,OPTFUT,MCX,50.000000,600,False
560750,SILVER27OCT26223000CE,SILVER,27OCT2026,22300000.000000,30,OPTFUT,MCX,50.000000,600,False
560752,SILVER27OCT26221000CE,SILVER,27OCT2026,22100000.000000,30,OPTFUT,MCX,50.000000,600,False
560756,SILVER27NOV26231000CE,SILVER,27NOV2026,23100000.000000,30,OPTFUT,MCX,50.000000,600,False
578406,NATURALGAS23SEP26430PE,NATURALGAS,23SEP2026,43000.000000,1250,OPTFUT,MCX,5.000000,60000,False
578407,NATURALGAS23SEP26435PE,NATURALGAS,23SEP2026,43500.000000,1250,OPTFUT,MCX,5.000000,60000,False
578409,NATURALGAS23SEP26445PE,NATURALGAS,23SEP2026,44500.000000,1250,OPTFUT,MCX,5.000000,60000,False
578420,NATURALGAS23SEP26500PE,NATURALGAS,23SEP2026,50000.000000,1250,OPTFUT,MCX,5.000000,60000,False
578422,NATURALGAS23SEP26510PE,NATURALGAS,23SEP2026,51000.000000,1250,OPTFUT,MCX,5.000000,60000,False
578424,NATGASMINI23SEP26300CE,NATGASMINI,23SEP2026,30000.000000,250,OPTFUT,MCX,5.000000,60000,False
578433,NATGASMINI23SEP26255CE,NATGASMINI,23SEP2026,25500.000000,250,OPTFUT,MCX,5.000000,60000,False
578441,NATGASMINI23SEP26215CE,NATGASMINI,23SEP2026,21500.000000,250,OPTFUT,MCX,5.000000,60000,False
560820,SILVER27OCT26220000PE,SILVER,27OCT2026,22000000.000000,30,OPTFUT,MCX,50.000000,600,False
560821,SILVER27OCT26219000PE,SILVER,27OCT2026,21900000.000000,30,OPTFUT,MCX,50.000000,600,False
560828,SILVER27NOV26226000PE,SILVER,27NOV2026,22600000.000000,30,OPTFUT,MCX,50.000000,600,False
560887,SILVERM27OCT26229000CE,SILVERM,27OCT2026,22900000.000000,5,OPTFUT,MCX,50.000000,600,False
560943,SILVERM24SEP26228000PE,SILVERM,24SEP2026,22800000.000000,5,OPTFUT,MCX,50.000000,600,False
560947,SILVERM27OCT26232000PE,SILVERM,27OCT2026,23200000.000000,5,OPTFUT,MCX,50.000000,600,False
560952,SILVERM27OCT26227000PE,SILVERM,27OCT2026,22700000.000000,5,OPTFUT,MCX,50.000000,600,False
560953,SILVERM27OCT26226000PE,SILVERM,27OCT2026,22600000.000000,5,OPTFUT,MCX,50.000000,600,False
578443,NATGASMINI23SEP26205CE,NATGASMINI,23SEP2026,20500.000000,250,OPTFUT,MCX,5.000000,60000,False
578462,NATGASMINI23SEP26110CE,NATGASMINI,23SEP2026,11000.000000,250,OPTFUT,MCX,5.000000,60000,False
578487,NATGASMINI23SEP26435CE,NATGASMINI,23SEP2026,43500.000000,250,OPTFUT,MCX,5.000000,60000,False
578499,NATGASMINI23SEP26495CE,NATGASMINI,23SEP2026,49500.000000,250,OPTFUT,MCX,5.000000,60000,False
560960,SILVERM23NOV26227000PE,SILVERM,23NOV2026,22700000.000000,5,OPTFUT,MCX,50.000000,600,False
561199,GOLD31DEC26197000CE,GOLD,31DEC2026,19700000.000000,1,OPTFUT,MCX,50.000000,100,False
561204,GOLD31DEC26196500PE,GOLD,31DEC2026,19650000.000000,1,OPTFUT,MCX,50.000000,100,False
561205,GOLD31DEC26197000PE,GOLD,31DEC2026,19700000.000000,1,OPTFUT,MCX,50.000000,100,False
578500,NATGASMINI23SEP26500CE,NATGASMINI,23SEP2026,50000.000000,250,OPTFUT,MCX,5.000000,60000,False
578533,NATGASMINI23SEP26155PE,NATGASMINI,23SEP2026,15500.000000,250,OPTFUT,MCX,5.000000,60000,False
578538,NATGASMINI23SEP26130PE,NATGASMINI,23SEP2026,13000.000000,250,OPTFUT,MCX,5.000000,60000,False
578557,NATGASMINI23SEP26385PE,NATGASMINI,23SEP2026,38500.000000,250,OPTFUT,MCX,5.000000,60000,False
578560,NATGASMINI23SEP26400PE,NATGASMINI,23SEP2026,40000.000000,250,OPTFUT,MCX,5.000000,60000,False
578581,NATGASMINI23SEP26505PE,NATGASMINI,23SEP2026,50500.000000,250,OPTFUT,MCX,5.000000,60000,False
578586,MCXBULLDEX25SEP2636500CE,MCXBULLDEX,25SEP2026,3650000.000000,30,OPTIDX,MCX,5.000000,900,False
578593,MCXBULLDEX25SEP2636600PE,MCXBULLDEX,25SEP2026,3660000.000000,30,OPTIDX,MCX,5.000000,900,False
580137,GOLD30APR27123500PE,GOLD,30APR2027,12350000.000000,1,OPTFUT,MCX,50.000000,100,False
580147,GOLD28MAY27124500PE,GOLD,28MAY2027,12450000.000000,1,OPTFUT,MCX,50.000000,100,False
580149,GOLD28MAY27123500PE,GOLD,28MAY2027,12350000.000000,1,OPTFUT,MCX,50.000000,100,False
580183,SILVER24SEP26182000PE,SILVER,24SEP2026,18200000.000000,30,OPTFUT,MCX,50.000000,600,False
561245,GOLD27NOV26197000CE,GOLD,27NOV2026,19700000.000000,1,OPTFUT,MCX,50.000000,100,False
561253,GOLD31DEC26199500CE,GOLD,31DEC2026,19950000.000000,1,OPTFUT,MCX,50.000000,100,False
561257,GOLD31DEC26201500CE,GOLD,31DEC2026,20150000.000000,1,OPTFUT,MCX,50.000000,100,False
561289,GOLD25SEP26196000PE,GOLD,25SEP2026,19600000.000000,1,OPTFUT,MCX,50.000000,100,False
578626,NATURALGAS23SEP26105PE,NATURALGAS,23SEP2026,10500.000000,1250,OPTFUT,MCX,5.000000,60000,False
578644,COPPER23OCT261310PE,COPPER,23OCT2026,131000.000000,2500,OPTFUT,MCX,1.000000,70000,False
578651,COPPER23OCT261300CE,COPPER,23OCT2026,130000.000000,2500,OPTFUT,MCX,1.000000,70000,False
578675,COPPER23OCT261410CE,COPPER,23OCT2026,141000.000000,2500,OPTFUT,MCX,1.000000,70000,False
580184,SILVER27OCT26182000PE,SILVER,27OCT2026,18200000.000000,30,OPTFUT,MCX,50.000000,600,False
580212,SILVERM25MAR27198000CE,SILVERM,25MAR2027,19800000.000000,5,OPTFUT,MCX,50.000000,600,False
580213,SILVERM23APR27199000CE,SILVERM,23APR2027,19900000.000000,5,OPTFUT,MCX,50.000000,600,False
580217,SILVERM23JUN27202000CE,SILVERM,23JUN2027,20200000.000000,5,OPTFUT,MCX,50.000000,600,False
578682,COPPER23OCT261290PE,COPPER,23OCT2026,129000.000000,2500,OPTFUT,MCX,1.000000,70000,False
578691,COPPER23OCT261200PE,COPPER,23OCT2026,120000.000000,2500,OPTFUT,MCX,1.000000,70000,False
578695,COPPER23OCT261160PE,COPPER,23OCT2026,116000.000000,2500,OPTFUT,MCX,1.000000,70000,False
578696,COPPER23OCT261320PE,COPPER,23OCT2026,132000.000000,2500,OPTFUT,MCX,1.000000,70000,False
580238,SILVERM23APR27199000PE,SILVERM,23APR2027,19900000.000000,5,OPTFUT,MCX,50.000000,600,False
580239,SILVERM23APR27198000PE,SILVERM,23APR2027,19800000.000000,5,OPTFUT,MCX,50.000000,600,False
580240,SILVERM26MAY27202000PE,SILVERM,26MAY2027,20200000.000000,5,OPTFUT,MCX,50.000000,600,False
580241,SILVERM26MAY27201000PE,SILVERM,26MAY2027,20100000.000000,5,OPTFUT,MCX,50.000000,600,False
561292,GOLD30OCT26196500PE,GOLD,30OCT2026,19650000.000000,1,OPTFUT,MCX,50.000000,100,False
561364,SILVER24SEP26340000CE,SILVER,24SEP2026,34000000.000000,30,OPTFUT,MCX,50.000000,600,False
561366,SILVER24SEP26342000CE,SILVER,24SEP2026,34200000.000000,30,OPTFUT,MCX,50.000000,600,False
561379,SILVER27OCT26343000CE,SILVER,27OCT2026,34300000.000000,30,OPTFUT,MCX,50.000000,600,False
578704,COPPER23OCT261400PE,COPPER,23OCT2026,140000.000000,2500,OPTFUT,MCX,1.000000,70000,False
578719,ZINC23OCT26310CE,ZINC,23OCT2026,31000.000000,5,OPTFUT,MCX,1.000000,100,False
578721,ZINC23OCT26360CE,ZINC,23OCT2026,36000.000000,5,OPTFUT,MCX,1.000000,100,False
578725,ZINC23OCT26380CE,ZINC,23OCT2026,38000.000000,5,OPTFUT,MCX,1.000000,100,False
580259,SILVER27NOV26181000CE,SILVER,27NOV2026,18100000.000000,30,OPTFUT,MCX,50.000000,600,False
580281,SILVER27OCT26181000PE,SILVER,27OCT2026,18100000.000000,30,OPTFUT,MCX,50.000000,600,False
580303,SILVERM24SEP26185000CE,SILVERM,24SEP2026,18500000.000000,5,OPTFUT,MCX,50.000000,600,False
580307,SILVERM28DEC26191000CE,SILVERM,28DEC2026,19100000.000000,5,OPTFUT,MCX,50.000000,600,False
578769,ZINC23OCT26300CE,ZINC,23OCT2026,30000.000000,5,OPTFUT,MCX,1.000000,100,False
578778,MCXBULLDEX25SEP2637500PE,MCXBULLDEX,25SEP2026,3750000.000000,30,OPTIDX,MCX,5.000000,900,False
578784,GOLDM25SEP26150000CE,GOLDM,25SEP2026,15000000.000000,100,OPTFUT,MCX,50.000000,10000,False
578792,GOLDM25SEP26146000CE,GOLDM,25SEP2026,14600000.000000,100,OPTFUT,MCX,50.000000,10000,False
561429,SILVER24SEP26343000PE,SILVER,24SEP2026,34300000.000000,30,OPTFUT,MCX,50.000000,600,False
561441,SILVER27OCT26343000PE,SILVER,27OCT2026,34300000.000000,30,OPTFUT,MCX,50.000000,600,False
561449,SILVER27NOV26339000PE,SILVER,27NOV2026,33900000.000000,30,OPTFUT,MCX,50.000000,600,False
561489,SILVERM24SEP26343000PE,SILVERM,24SEP2026,34300000.000000,5,OPTFUT,MCX,50.000000,600,False
580312,SILVERM19FEB27192000CE,SILVERM,19FEB2027,19200000.000000,5,OPTFUT,MCX,50.000000,600,False
580315,SILVERM25MAR27197000CE,SILVERM,25MAR2027,19700000.000000,5,OPTFUT,MCX,50.000000,600,False
580323,SILVERM23APR27194000CE,SILVERM,23APR2027,19400000.000000,5,OPTFUT,MCX,50.000000,600,False
580330,SILVERM23JUN27199000CE,SILVERM,23JUN2027,19900000.000000,5,OPTFUT,MCX,50.000000,600,False
561493,SILVERM23NOV26341000PE,SILVERM,23NOV2026,34100000.000000,5,OPTFUT,MCX,50.000000,600,False
561516,GOLD31DEC26202500CE,GOLD,31DEC2026,20250000.000000,1,OPTFUT,MCX,50.000000,100,False
561669,SILVER24SEP26351000CE,SILVER,24SEP2026,35100000.000000,30,OPTFUT,MCX,50.000000,600,False
561683,SILVER27NOV26350000PE,SILVER,27NOV2026,35000000.000000,30,OPTFUT,MCX,50.000000,600,False
578798,GOLDM25SEP26143000CE,GOLDM,25SEP2026,14300000.000000,100,OPTFUT,MCX,50.000000,10000,False
578808,GOLDM25SEP26138000CE,GOLDM,25SEP2026,13800000.000000,100,OPTFUT,MCX,50.000000,10000,False
578810,GOLDM25SEP26137000CE,GOLDM,25SEP2026,13700000.000000,100,OPTFUT,MCX,50.000000,10000,False
578816,GOLDM25SEP26134000CE,GOLDM,25SEP2026,13400000.000000,100,OPTFUT,MCX,50.000000,10000,False
580337,SILVERM28DEC26191000PE,SILVERM,28DEC2026,19100000.000000,5,OPTFUT,MCX,50.000000,600,False
580345,SILVERM25MAR27197000PE,SILVERM,25MAR2027,19700000.000000,5,OPTFUT,MCX,50.000000,600,False
580357,SILVERM26MAY27198000PE,SILVERM,26MAY2027,19800000.000000,5,OPTFUT,MCX,50.000000,600,False
580363,CRUDEOILM17SEP2611350CE,CRUDEOILM,17SEP2026,1135000.000000,10,OPTFUT,MCX,5.000000,10000,False
561685,SILVER27NOV26352000PE,SILVER,27NOV2026,35200000.000000,30,OPTFUT,MCX,50.000000,600,False
561968,SILVER27OCT26353000CE,SILVER,27OCT2026,35300000.000000,30,OPTFUT,MCX,50.000000,600,False
562140,GOLD31DEC26204500CE,GOLD,31DEC2026,20450000.000000,1,OPTFUT,MCX,50.000000,100,False
578820,GOLDM25SEP26132000CE,GOLDM,25SEP2026,13200000.000000,100,OPTFUT,MCX,50.000000,10000,False
578824,GOLDM25SEP26130000CE,GOLDM,25SEP2026,13000000.000000,100,OPTFUT,MCX,50.000000,10000,False
578832,GOLDM25SEP26126000CE,GOLDM,25SEP2026,12600000.000000,100,OPTFUT,MCX,50.000000,10000,False
578854,GOLDM25SEP26161000CE,GOLDM,25SEP2026,16100000.000000,100,OPTFUT,MCX,50.000000,10000,False
562139,GOLD27NOV26201000CE,GOLD,27NOV2026,20100000.000000,1,OPTFUT,MCX,50.000000,100,False
580365,CRUDEOILM17SEP2611450CE,CRUDEOILM,17SEP2026,1145000.000000,10,OPTFUT,MCX,5.000000,10000,False
580368,CRUDEOILM17SEP2611350PE,CRUDEOILM,17SEP2026,1135000.000000,10,OPTFUT,MCX,5.000000,10000,False
580372,CRUDEOILM17SEP2611550PE,CRUDEOILM,17SEP2026,1155000.000000,10,OPTFUT,MCX,5.000000,10000,False
580387,CRUDEOIL15OCT267350CE,CRUDEOIL,15OCT2026,735000.000000,100,OPTFUT,MCX,10.000000,10000,False
562175,SILVERM24SEP26348000CE,SILVERM,24SEP2026,34800000.000000,5,OPTFUT,MCX,50.000000,600,False
562185,SILVERM23NOV26348000CE,SILVERM,23NOV2026,34800000.000000,5,OPTFUT,MCX,50.000000,600,False
562202,SILVERM24SEP26348000PE,SILVERM,24SEP2026,34800000.000000,5,OPTFUT,MCX,50.000000,600,False
562206,SILVERM27OCT26347000PE,SILVERM,27OCT2026,34700000.000000,5,OPTFUT,MCX,50.000000,600,False
578876,GOLDM25SEP26172000CE,GOLDM,25SEP2026,17200000.000000,100,OPTFUT,MCX,50.000000,10000,False
578880,GOLDM25SEP26174000CE,GOLDM,25SEP2026,17400000.000000,100,OPTFUT,MCX,50.000000,10000,False
578893,GOLDM25SEP26145500PE,GOLDM,25SEP2026,14550000.000000,100,OPTFUT,MCX,50.000000,10000,False
578909,GOLDM25SEP26137500PE,GOLDM,25SEP2026,13750000.000000,100,OPTFUT,MCX,50.000000,10000,False
580399,CRUDEOIL15OCT266750CE,CRUDEOIL,15OCT2026,675000.000000,100,OPTFUT,MCX,10.000000,10000,False
580405,CRUDEOIL15OCT266450CE,CRUDEOIL,15OCT2026,645000.000000,100,OPTFUT,MCX,10.000000,10000,False
580410,CRUDEOIL15OCT266200CE,CRUDEOIL,15OCT2026,620000.000000,100,OPTFUT,MCX,10.000000,10000,False
580423,CRUDEOIL15OCT265550CE,CRUDEOIL,15OCT2026,555000.000000,100,OPTFUT,MCX,10.000000,10000,False
562215,SILVERM23NOV26351000PE,SILVERM,23NOV2026,35100000.000000,5,OPTFUT,MCX,50.000000,600,False
563398,GOLD25SEP26202000CE,GOLD,25SEP2026,20200000.000000,1,OPTFUT,MCX,50.000000,100,False
563402,GOLD30OCT26202500CE,GOLD,30OCT2026,20250000.000000,1,OPTFUT,MCX,50.000000,100,False
563410,GOLD30OCT26206500CE,GOLD,30OCT2026,20650000.000000,1,OPTFUT,MCX,50.000000,100,False
578932,GOLDM25SEP26126000PE,GOLDM,25SEP2026,12600000.000000,100,OPTFUT,MCX,50.000000,10000,False
578936,GOLDM25SEP26152000PE,GOLDM,25SEP2026,15200000.000000,100,OPTFUT,MCX,50.000000,10000,False
578937,GOLDM25SEP26152500PE,GOLDM,25SEP2026,15250000.000000,100,OPTFUT,MCX,50.000000,10000,False
578951,GOLDM25SEP26159500PE,GOLDM,25SEP2026,15950000.000000,100,OPTFUT,MCX,50.000000,10000,False
580429,CRUDEOIL15OCT265250CE,CRUDEOIL,15OCT2026,525000.000000,100,OPTFUT,MCX,10.000000,10000,False
580438,CRUDEOIL15OCT264800CE,CRUDEOIL,15OCT2026,480000.000000,100,OPTFUT,MCX,10.000000,10000,False
580440,CRUDEOIL15OCT264700CE,CRUDEOIL,15OCT2026,470000.000000,100,OPTFUT,MCX,10.000000,10000,False
580448,CRUDEOIL15OCT264300CE,CRUDEOIL,15OCT2026,430000.000000,100,OPTFUT,MCX,10.000000,10000,False
563413,GOLD27NOV26202500CE,GOLD,27NOV2026,20250000.000000,1,OPTFUT,MCX,50.000000,100,False
563420,GOLD27NOV26206000CE,GOLD,27NOV2026,20600000.000000,1,OPTFUT,MCX,50.000000,100,False
563429,GOLD31DEC26208500CE,GOLD,31DEC2026,20850000.000000,1,OPTFUT,MCX,50.000000,100,False
563437,GOLD29JAN27206500CE,GOLD,29JAN2027,20650000.000000,1,OPTFUT,MCX,50.000000,100,False
578957,GOLDM25SEP26162500PE,GOLDM,25SEP2026,16250000.000000,100,OPTFUT,MCX,50.000000,10000,False
578966,GOLDM25SEP26167000PE,GOLDM,25SEP2026,16700000.000000,100,OPTFUT,MCX,50.000000,10000,False
578974,GOLDM25SEP26171000PE,GOLDM,25SEP2026,17100000.000000,100,OPTFUT,MCX,50.000000,10000,False
578986,MCXBULLDEX25SEP2637800CE,MCXBULLDEX,25SEP2026,3780000.000000,30,OPTIDX,MCX,5.000000,900,False
580454,CRUDEOIL15OCT264000CE,CRUDEOIL,15OCT2026,400000.000000,100,OPTFUT,MCX,10.000000,10000,False
580459,CRUDEOIL15OCT268000CE,CRUDEOIL,15OCT2026,800000.000000,100,OPTFUT,MCX,10.000000,10000,False
580462,CRUDEOIL15OCT268150CE,CRUDEOIL,15OCT2026,815000.000000,100,OPTFUT,MCX,10.000000,10000,False
580477,CRUDEOIL15OCT268900CE,CRUDEOIL,15OCT2026,890000.000000,100,OPTFUT,MCX,10.000000,10000,False
579,MCXCRUDEXCOM,MCXCRUDEX,,0.000000,1,COMDTY,MCX,1.000000,99999999,False
563494,GOLD30OCT26204500PE,GOLD,30OCT2026,20450000.000000,1,OPTFUT,MCX,50.000000,100,False
563497,GOLD30OCT26206000PE,GOLD,30OCT2026,20600000.000000,1,OPTFUT,MCX,50.000000,100,False
563509,GOLD27NOV26206500PE,GOLD,27NOV2026,20650000.000000,1,OPTFUT,MCX,50.000000,100,False
563521,GOLD31DEC26210500PE,GOLD,31DEC2026,21050000.000000,1,OPTFUT,MCX,50.000000,100,False
578988,MCXBULLDEX25SEP2638000CE,MCXBULLDEX,25SEP2026,3800000.000000,30,OPTIDX,MCX,5.000000,900,False
578991,MCXBULLDEX25SEP2637800PE,MCXBULLDEX,25SEP2026,3780000.000000,30,OPTIDX,MCX,5.000000,900,False
579008,ZINC23OCT26415CE,ZINC,23OCT2026,41500.000000,5,OPTFUT,MCX,1.000000,100,False
580492,CRUDEOIL15OCT269650CE,CRUDEOIL,15OCT2026,965000.000000,100,OPTFUT,MCX,10.000000,10000,False
580510,CRUDEOIL15OCT2610550CE,CRUDEOIL,15OCT2026,1055000.000000,100,OPTFUT,MCX,10.000000,10000,False
580517,CRUDEOIL15OCT2610900CE,CRUDEOIL,15OCT2026,1090000.000000,100,OPTFUT,MCX,10.000000,10000,False
580545,CRUDEOIL15OCT267000PE,CRUDEOIL,15OCT2026,700000.000000,100,OPTFUT,MCX,10.000000,10000,False
580550,CRUDEOIL15OCT266750PE,CRUDEOIL,15OCT2026,675000.000000,100,OPTFUT,MCX,10.000000,10000,False
580551,CRUDEOIL15OCT266700PE,CRUDEOIL,15OCT2026,670000.000000,100,OPTFUT,MCX,10.000000,10000,False
580570,CRUDEOIL15OCT265750PE,CRUDEOIL,15OCT2026,575000.000000,100,OPTFUT,MCX,10.000000,10000,False
580579,CRUDEOIL15OCT265300PE,CRUDEOIL,15OCT2026,530000.000000,100,OPTFUT,MCX,10.000000,10000,False
579012,GOLDM25SEP26124000CE,GOLDM,25SEP2026,12400000.000000,100,OPTFUT,MCX,50.000000,10000,False
579041,COPPER23OCT261490CE,COPPER,23OCT2026,149000.000000,2500,OPTFUT,MCX,1.000000,70000,False
579050,GOLD29MAR27129000PE,GOLD,29MAR2027,12900000.000000,1,OPTFUT,MCX,50.000000,100,False
579051,GOLD30APR27132000PE,GOLD,30APR2027,13200000.000000,1,OPTFUT,MCX,50.000000,100,False
564626,SILVER26FEB27292000PE,SILVER,26FEB2027,29200000.000000,30,OPTFUT,MCX,50.000000,600,False
564660,SILVER28DEC26291000CE,SILVER,28DEC2026,29100000.000000,30,OPTFUT,MCX,50.000000,600,False
564673,SILVER28DEC26278000CE,SILVER,28DEC2026,27800000.000000,30,OPTFUT,MCX,50.000000,600,False
564674,SILVER28DEC26277000CE,SILVER,28DEC2026,27700000.000000,30,OPTFUT,MCX,50.000000,600,False
580580,CRUDEOIL15OCT265250PE,CRUDEOIL,15OCT2026,525000.000000,100,OPTFUT,MCX,10.000000,10000,False
580588,CRUDEOIL15OCT264850PE,CRUDEOIL,15OCT2026,485000.000000,100,OPTFUT,MCX,10.000000,10000,False
580590,CRUDEOIL15OCT264750PE,CRUDEOIL,15OCT2026,475000.000000,100,OPTFUT,MCX,10.000000,10000,False
580598,CRUDEOIL15OCT264350PE,CRUDEOIL,15OCT2026,435000.000000,100,OPTFUT,MCX,10.000000,10000,False
579053,GOLD28MAY27132000PE,GOLD,28MAY2027,13200000.000000,1,OPTFUT,MCX,50.000000,100,False
579087,CRUDEOIL17SEP2611050CE,CRUDEOIL,17SEP2026,1105000.000000,100,OPTFUT,MCX,10.000000,10000,False
579111,GOLD27NOV26123000CE,GOLD,27NOV2026,12300000.000000,1,OPTFUT,MCX,50.000000,100,False
579121,GOLD31DEC26124000CE,GOLD,31DEC2026,12400000.000000,1,OPTFUT,MCX,50.000000,100,False
564695,SILVER28DEC26256000CE,SILVER,28DEC2026,25600000.000000,30,OPTFUT,MCX,50.000000,600,False
564724,SILVER28DEC26317000CE,SILVER,28DEC2026,31700000.000000,30,OPTFUT,MCX,50.000000,600,False
564725,SILVER28DEC26318000CE,SILVER,28DEC2026,31800000.000000,30,OPTFUT,MCX,50.000000,600,False
564738,SILVER28DEC26331000CE,SILVER,28DEC2026,33100000.000000,30,OPTFUT,MCX,50.000000,600,False
580603,CRUDEOIL15OCT264100PE,CRUDEOIL,15OCT2026,410000.000000,100,OPTFUT,MCX,10.000000,10000,False
580608,CRUDEOIL15OCT267900PE,CRUDEOIL,15OCT2026,790000.000000,100,OPTFUT,MCX,10.000000,10000,False
580613,CRUDEOIL15OCT268150PE,CRUDEOIL,15OCT2026,815000.000000,100,OPTFUT,MCX,10.000000,10000,False
580615,CRUDEOIL15OCT268250PE,CRUDEOIL,15OCT2026,825000.000000,100,OPTFUT,MCX,10.000000,10000,False
579127,GOLD29JAN27125000CE,GOLD,29JAN2027,12500000.000000,1,OPTFUT,MCX,50.000000,100,False
579128,GOLD29JAN27124500CE,GOLD,29JAN2027,12450000.000000,1,OPTFUT,MCX,50.000000,100,False
579129,GOLD29JAN27124000CE,GOLD,29JAN2027,12400000.000000,1,OPTFUT,MCX,50.000000,100,False
579130,GOLD29JAN27123500CE,GOLD,29JAN2027,12350000.000000,1,OPTFUT,MCX,50.000000,100,False
580623,CRUDEOIL15OCT268650PE,CRUDEOIL,15OCT2026,865000.000000,100,OPTFUT,MCX,10.000000,10000,False
580641,CRUDEOIL15OCT269550PE,CRUDEOIL,15OCT2026,955000.000000,100,OPTFUT,MCX,10.000000,10000,False
580652,CRUDEOIL15OCT2610100PE,CRUDEOIL,15OCT2026,1010000.000000,100,OPTFUT,MCX,10.000000,10000,False
580656,CRUDEOIL15OCT2610300PE,CRUDEOIL,15OCT2026,1030000.000000,100,OPTFUT,MCX,10.000000,10000,False
564756,SILVER25JAN27275000CE,SILVER,25JAN2027,27500000.000000,30,OPTFUT,MCX,50.000000,600,False
564762,SILVER25JAN27269000CE,SILVER,25JAN2027,26900000.000000,30,OPTFUT,MCX,50.000000,600,False
564763,SILVER25JAN27268000CE,SILVER,25JAN2027,26800000.000000,30,OPTFUT,MCX,50.000000,600,False
564767,SILVER25JAN27264000CE,SILVER,25JAN2027,26400000.000000,30,OPTFUT,MCX,50.000000,600,False
579172,GOLD25SEP26118500PE,GOLD,25SEP2026,11850000.000000,1,OPTFUT,MCX,50.000000,100,False
579180,GOLD30OCT26121000PE,GOLD,30OCT2026,12100000.000000,1,OPTFUT,MCX,50.000000,100,False
579194,GOLD31DEC26123500PE,GOLD,31DEC2026,12350000.000000,1,OPTFUT,MCX,50.000000,100,False
579201,GOLD29JAN27124000PE,GOLD,29JAN2027,12400000.000000,1,OPTFUT,MCX,50.000000,100,False
580664,CRUDEOIL15OCT2610700PE,CRUDEOIL,15OCT2026,1070000.000000,100,OPTFUT,MCX,10.000000,10000,False
580672,CRUDEOIL15OCT2611100PE,CRUDEOIL,15OCT2026,1110000.000000,100,OPTFUT,MCX,10.000000,10000,False
580676,CRUDEOIL15OCT2611300PE,CRUDEOIL,15OCT2026,1130000.000000,100,OPTFUT,MCX,10.000000,10000,False
580682,CRUDEOILM15OCT267700CE,CRUDEOILM,15OCT2026,770000.000000,10,OPTFUT,MCX,5.000000,10000,False
564775,SILVER25JAN27256000CE,SILVER,25JAN2027,25600000.000000,30,OPTFUT,MCX,50.000000,600,False
564799,SILVER25JAN27312000CE,SILVER,25JAN2027,31200000.000000,30,OPTFUT,MCX,50.000000,600,False
564811,SILVER25JAN27324000CE,SILVER,25JAN2027,32400000.000000,30,OPTFUT,MCX,50.000000,600,False
564821,SILVER26FEB27290000CE,SILVER,26FEB2027,29000000.000000,30,OPTFUT,MCX,50.000000,600,False
579204,GOLD29JAN27122500PE,GOLD,29JAN2027,12250000.000000,1,OPTFUT,MCX,50.000000,100,False
579224,GOLD30APR27129500PE,GOLD,30APR2027,12950000.000000,1,OPTFUT,MCX,50.000000,100,False
579245,GOLDM25SEP26119000CE,GOLDM,25SEP2026,11900000.000000,100,OPTFUT,MCX,50.000000,10000,False
579258,GOLDM25SEP26118000PE,GOLDM,25SEP2026,11800000.000000,100,OPTFUT,MCX,50.000000,10000,False
580687,CRUDEOILM15OCT267450CE,CRUDEOILM,15OCT2026,745000.000000,10,OPTFUT,MCX,5.000000,10000,False
580699,CRUDEOILM15OCT266850CE,CRUDEOILM,15OCT2026,685000.000000,10,OPTFUT,MCX,5.000000,10000,False
580726,CRUDEOILM15OCT265500CE,CRUDEOILM,15OCT2026,550000.000000,10,OPTFUT,MCX,5.000000,10000,False
580731,CRUDEOILM15OCT265250CE,CRUDEOILM,15OCT2026,525000.000000,10,OPTFUT,MCX,5.000000,10000,False
564822,SILVER26FEB27289000CE,SILVER,26FEB2027,28900000.000000,30,OPTFUT,MCX,50.000000,600,False
564837,SILVER26FEB27274000CE,SILVER,26FEB2027,27400000.000000,30,OPTFUT,MCX,50.000000,600,False
564842,SILVER26FEB27269000CE,SILVER,26FEB2027,26900000.000000,30,OPTFUT,MCX,50.000000,600,False
564848,SILVER26FEB27263000CE,SILVER,26FEB2027,26300000.000000,30,OPTFUT,MCX,50.000000,600,False
579269,CRUDEOILM17SEP2610950CE,CRUDEOILM,17SEP2026,1095000.000000,10,OPTFUT,MCX,5.000000,10000,False
579273,CRUDEOILM17SEP2611150CE,CRUDEOILM,17SEP2026,1115000.000000,10,OPTFUT,MCX,5.000000,10000,False
579296,CRUDEOIL17SEP2611200PE,CRUDEOIL,17SEP2026,1120000.000000,100,OPTFUT,MCX,10.000000,10000,False
579303,CRUDEOILM17SEP2611250PE,CRUDEOILM,17SEP2026,1125000.000000,10,OPTFUT,MCX,5.000000,10000,False
580732,CRUDEOILM15OCT265200CE,CRUDEOILM,15OCT2026,520000.000000,10,OPTFUT,MCX,5.000000,10000,False
580753,CRUDEOILM15OCT264150CE,CRUDEOILM,15OCT2026,415000.000000,10,OPTFUT,MCX,5.000000,10000,False
580733,CRUDEOILM15OCT265150CE,CRUDEOILM,15OCT2026,515000.000000,10,OPTFUT,MCX,5.000000,10000,False
580747,CRUDEOILM15OCT264450CE,CRUDEOILM,15OCT2026,445000.000000,10,OPTFUT,MCX,5.000000,10000,False
579305,SILVERM30JUN27FUT,SILVERM,30JUN2027,0.000000,5,FUTCOM,MCX,100.000000,600,False
579307,SILVER26MAY27239000PE,SILVER,26MAY2027,23900000.000000,30,OPTFUT,MCX,50.000000,600,False
579316,GOLD30OCT26120000CE,GOLD,30OCT2026,12000000.000000,1,OPTFUT,MCX,50.000000,100,False
579327,GOLD30APR27125500CE,GOLD,30APR2027,12550000.000000,1,OPTFUT,MCX,50.000000,100,False
564868,SILVER26FEB27301000CE,SILVER,26FEB2027,30100000.000000,30,OPTFUT,MCX,50.000000,600,False
564876,SILVER26FEB27309000CE,SILVER,26FEB2027,30900000.000000,30,OPTFUT,MCX,50.000000,600,False
564889,SILVER26FEB27322000CE,SILVER,26FEB2027,32200000.000000,30,OPTFUT,MCX,50.000000,600,False
564906,SILVER28DEC26285000PE,SILVER,28DEC2026,28500000.000000,30,OPTFUT,MCX,50.000000,600,False
580770,CRUDEOILM15OCT268450CE,CRUDEOILM,15OCT2026,845000.000000,10,OPTFUT,MCX,5.000000,10000,False
580771,CRUDEOILM15OCT268500CE,CRUDEOILM,15OCT2026,850000.000000,10,OPTFUT,MCX,5.000000,10000,False
580783,CRUDEOILM15OCT269100CE,CRUDEOILM,15OCT2026,910000.000000,10,OPTFUT,MCX,5.000000,10000,False
580788,CRUDEOILM15OCT269350CE,CRUDEOILM,15OCT2026,935000.000000,10,OPTFUT,MCX,5.000000,10000,False
564913,SILVER28DEC26278000PE,SILVER,28DEC2026,27800000.000000,30,OPTFUT,MCX,50.000000,600,False
564919,SILVER28DEC26272000PE,SILVER,28DEC2026,27200000.000000,30,OPTFUT,MCX,50.000000,600,False
564942,SILVER28DEC26295000PE,SILVER,28DEC2026,29500000.000000,30,OPTFUT,MCX,50.000000,600,False
564948,SILVER28DEC26301000PE,SILVER,28DEC2026,30100000.000000,30,OPTFUT,MCX,50.000000,600,False
579343,GOLD30APR27125500PE,GOLD,30APR2027,12550000.000000,1,OPTFUT,MCX,50.000000,100,False
579368,SILVER26MAY27218000CE,SILVER,26MAY2027,21800000.000000,30,OPTFUT,MCX,50.000000,600,False
579371,SILVER26MAY27215000CE,SILVER,26MAY2027,21500000.000000,30,OPTFUT,MCX,50.000000,600,False
579384,SILVER26MAY27202000CE,SILVER,26MAY2027,20200000.000000,30,OPTFUT,MCX,50.000000,600,False
580803,CRUDEOILM15OCT2610100CE,CRUDEOILM,15OCT2026,1010000.000000,10,OPTFUT,MCX,5.000000,10000,False
580808,CRUDEOILM15OCT2610350CE,CRUDEOILM,15OCT2026,1035000.000000,10,OPTFUT,MCX,5.000000,10000,False
580828,CRUDEOILM15OCT2611350CE,CRUDEOILM,15OCT2026,1135000.000000,10,OPTFUT,MCX,5.000000,10000,False
580830,CRUDEOILM15OCT2611450CE,CRUDEOILM,15OCT2026,1145000.000000,10,OPTFUT,MCX,5.000000,10000,False
564949,SILVER28DEC26302000PE,SILVER,28DEC2026,30200000.000000,30,OPTFUT,MCX,50.000000,600,False
564959,SILVER28DEC26312000PE,SILVER,28DEC2026,31200000.000000,30,OPTFUT,MCX,50.000000,600,False
564967,SILVER28DEC26320000PE,SILVER,28DEC2026,32000000.000000,30,OPTFUT,MCX,50.000000,600,False
564982,SILVER25JAN27289000PE,SILVER,25JAN2027,28900000.000000,30,OPTFUT,MCX,50.000000,600,False
579396,SILVER26MAY27248000CE,SILVER,26MAY2027,24800000.000000,30,OPTFUT,MCX,50.000000,600,False
579399,SILVER26MAY27251000CE,SILVER,26MAY2027,25100000.000000,30,OPTFUT,MCX,50.000000,600,False
579400,SILVER26MAY27252000CE,SILVER,26MAY2027,25200000.000000,30,OPTFUT,MCX,50.000000,600,False
579406,SILVER26MAY27258000CE,SILVER,26MAY2027,25800000.000000,30,OPTFUT,MCX,50.000000,600,False
580836,CRUDEOILM15OCT267550PE,CRUDEOILM,15OCT2026,755000.000000,10,OPTFUT,MCX,5.000000,10000,False
580841,CRUDEOILM15OCT267300PE,CRUDEOILM,15OCT2026,730000.000000,10,OPTFUT,MCX,5.000000,10000,False
580846,CRUDEOILM15OCT267050PE,CRUDEOILM,15OCT2026,705000.000000,10,OPTFUT,MCX,5.000000,10000,False
580892,CRUDEOILM15OCT264750PE,CRUDEOILM,15OCT2026,475000.000000,10,OPTFUT,MCX,5.000000,10000,False
579410,SILVER26MAY27262000CE,SILVER,26MAY2027,26200000.000000,30,OPTFUT,MCX,50.000000,600,False
579420,SILVER26MAY27272000CE,SILVER,26MAY2027,27200000.000000,30,OPTFUT,MCX,50.000000,600,False
579427,SILVER26MAY27279000CE,SILVER,26MAY2027,27900000.000000,30,OPTFUT,MCX,50.000000,600,False
579430,SILVER28JUN27236000CE,SILVER,28JUN2027,23600000.000000,30,OPTFUT,MCX,50.000000,600,False
580904,CRUDEOILM15OCT264150PE,CRUDEOILM,15OCT2026,415000.000000,10,OPTFUT,MCX,5.000000,10000,False
580912,CRUDEOILM15OCT268000PE,CRUDEOILM,15OCT2026,800000.000000,10,OPTFUT,MCX,5.000000,10000,False
580922,CRUDEOILM15OCT268500PE,CRUDEOILM,15OCT2026,850000.000000,10,OPTFUT,MCX,5.000000,10000,False
580936,CRUDEOILM15OCT269200PE,CRUDEOILM,15OCT2026,920000.000000,10,OPTFUT,MCX,5.000000,10000,False
564988,SILVER25JAN27283000PE,SILVER,25JAN2027,28300000.000000,30,OPTFUT,MCX,50.000000,600,False
565003,SILVER25JAN27268000PE,SILVER,25JAN2027,26800000.000000,30,OPTFUT,MCX,50.000000,600,False
565021,SILVER25JAN27294000PE,SILVER,25JAN2027,29400000.000000,30,OPTFUT,MCX,50.000000,600,False
565022,SILVER25JAN27295000PE,SILVER,25JAN2027,29500000.000000,30,OPTFUT,MCX,50.000000,600,False
580967,CRUDEOILM15OCT2610750PE,CRUDEOILM,15OCT2026,1075000.000000,10,OPTFUT,MCX,5.000000,10000,False
580968,CRUDEOILM15OCT2610800PE,CRUDEOILM,15OCT2026,1080000.000000,10,OPTFUT,MCX,5.000000,10000,False
580980,CRUDEOILM15OCT2611400PE,CRUDEOILM,15OCT2026,1140000.000000,10,OPTFUT,MCX,5.000000,10000,False
580987,CRUDEOIL17SEP2611650CE,CRUDEOIL,17SEP2026,1165000.000000,100,OPTFUT,MCX,10.000000,10000,False
565029,SILVER25JAN27302000PE,SILVER,25JAN2027,30200000.000000,30,OPTFUT,MCX,50.000000,600,False
565030,SILVER25JAN27303000PE,SILVER,25JAN2027,30300000.000000,30,OPTFUT,MCX,50.000000,600,False
565041,SILVER25JAN27314000PE,SILVER,25JAN2027,31400000.000000,30,OPTFUT,MCX,50.000000,600,False
565046,SILVER25JAN27319000PE,SILVER,25JAN2027,31900000.000000,30,OPTFUT,MCX,50.000000,600,False
579439,SILVER28JUN27227000CE,SILVER,28JUN2027,22700000.000000,30,OPTFUT,MCX,50.000000,600,False
579449,SILVER28JUN27217000CE,SILVER,28JUN2027,21700000.000000,30,OPTFUT,MCX,50.000000,600,False
579452,SILVER28JUN27214000CE,SILVER,28JUN2027,21400000.000000,30,OPTFUT,MCX,50.000000,600,False
579458,SILVER28JUN27208000CE,SILVER,28JUN2027,20800000.000000,30,OPTFUT,MCX,50.000000,600,False
580996,CRUDEOIL15OCT2611600PE,CRUDEOIL,15OCT2026,1160000.000000,100,OPTFUT,MCX,10.000000,10000,False
581008,CRUDEOIL15OCT2611650CE,CRUDEOIL,15OCT2026,1165000.000000,100,OPTFUT,MCX,10.000000,10000,False
581013,SILVER26MAY27280000CE,SILVER,26MAY2027,28000000.000000,30,OPTFUT,MCX,50.000000,600,False
581022,SILVERM26MAY27285000PE,SILVERM,26MAY2027,28500000.000000,5,OPTFUT,MCX,50.000000,600,False
565048,SILVER25JAN27321000PE,SILVER,25JAN2027,32100000.000000,30,OPTFUT,MCX,50.000000,600,False
565050,SILVER25JAN27323000PE,SILVER,25JAN2027,32300000.000000,30,OPTFUT,MCX,50.000000,600,False
565058,SILVER25JAN27331000PE,SILVER,25JAN2027,33100000.000000,30,OPTFUT,MCX,50.000000,600,False
565091,SILVER26FEB27260000PE,SILVER,26FEB2027,26000000.000000,30,OPTFUT,MCX,50.000000,600,False
579459,SILVER28JUN27207000CE,SILVER,28JUN2027,20700000.000000,30,OPTFUT,MCX,50.000000,600,False
579466,SILVER28JUN27200000CE,SILVER,28JUN2027,20000000.000000,30,OPTFUT,MCX,50.000000,600,False
579470,SILVER28JUN27242000CE,SILVER,28JUN2027,24200000.000000,30,OPTFUT,MCX,50.000000,600,False
579474,SILVER28JUN27246000CE,SILVER,28JUN2027,24600000.000000,30,OPTFUT,MCX,50.000000,600,False
581024,SILVERM23JUN27285000PE,SILVERM,23JUN2027,28500000.000000,5,OPTFUT,MCX,50.000000,600,False
581033,CRUDEOILM17SEP2611900CE,CRUDEOILM,17SEP2026,1190000.000000,10,OPTFUT,MCX,5.000000,10000,False
581043,CRUDEOIL17SEP2612050CE,CRUDEOIL,17SEP2026,1205000.000000,100,OPTFUT,MCX,10.000000,10000,False
581058,CRUDEOIL17SEP2612000PE,CRUDEOIL,17SEP2026,1200000.000000,100,OPTFUT,MCX,10.000000,10000,False
579480,SILVER28JUN27252000CE,SILVER,28JUN2027,25200000.000000,30,OPTFUT,MCX,50.000000,600,False
579490,SILVER28JUN27262000CE,SILVER,28JUN2027,26200000.000000,30,OPTFUT,MCX,50.000000,600,False
579496,SILVER28JUN27268000CE,SILVER,28JUN2027,26800000.000000,30,OPTFUT,MCX,50.000000,600,False
579498,SILVER28JUN27270000CE,SILVER,28JUN2027,27000000.000000,30,OPTFUT,MCX,50.000000,600,False
581061,CRUDEOIL17SEP2612150PE,CRUDEOIL,17SEP2026,1215000.000000,100,OPTFUT,MCX,10.000000,10000,False
581068,CRUDEOIL15OCT2611800PE,CRUDEOIL,15OCT2026,1180000.000000,100,OPTFUT,MCX,10.000000,10000,False
581075,CRUDEOILM17SEP2611950CE,CRUDEOILM,17SEP2026,1195000.000000,10,OPTFUT,MCX,5.000000,10000,False
581085,CRUDEOILM15OCT2611750CE,CRUDEOILM,15OCT2026,1175000.000000,10,OPTFUT,MCX,5.000000,10000,False
579502,SILVER28JUN27274000CE,SILVER,28JUN2027,27400000.000000,30,OPTFUT,MCX,50.000000,600,False
579514,SILVER26MAY27232000PE,SILVER,26MAY2027,23200000.000000,30,OPTFUT,MCX,50.000000,600,False
579534,SILVER26MAY27212000PE,SILVER,26MAY2027,21200000.000000,30,OPTFUT,MCX,50.000000,600,False
579535,SILVER26MAY27211000PE,SILVER,26MAY2027,21100000.000000,30,OPTFUT,MCX,50.000000,600,False
581099,CRUDEOILM17SEP2612350PE,CRUDEOILM,17SEP2026,1235000.000000,10,OPTFUT,MCX,5.000000,10000,False
581109,CRUDEOIL15OCT263850CE,CRUDEOIL,15OCT2026,385000.000000,100,OPTFUT,MCX,10.000000,10000,False
581121,CRUDEOILM15OCT263850CE,CRUDEOILM,15OCT2026,385000.000000,10,OPTFUT,MCX,5.000000,10000,False
581124,CRUDEOILM15OCT263900PE,CRUDEOILM,15OCT2026,390000.000000,10,OPTFUT,MCX,5.000000,10000,False
579545,SILVER26MAY27201000PE,SILVER,26MAY2027,20100000.000000,30,OPTFUT,MCX,50.000000,600,False
579558,SILVER26MAY27250000PE,SILVER,26MAY2027,25000000.000000,30,OPTFUT,MCX,50.000000,600,False
579559,SILVER26MAY27251000PE,SILVER,26MAY2027,25100000.000000,30,OPTFUT,MCX,50.000000,600,False
579563,SILVER26MAY27255000PE,SILVER,26MAY2027,25500000.000000,30,OPTFUT,MCX,50.000000,600,False
581144,CRUDEOIL15OCT263650PE,CRUDEOIL,15OCT2026,365000.000000,100,OPTFUT,MCX,10.000000,10000,False
581151,NATURALGAS23OCT26285CE,NATURALGAS,23OCT2026,28500.000000,1250,OPTFUT,MCX,5.000000,60000,False
581183,NATURALGAS23OCT26125CE,NATURALGAS,23OCT2026,12500.000000,1250,OPTFUT,MCX,5.000000,60000,False
581186,NATURALGAS23OCT26110CE,NATURALGAS,23OCT2026,11000.000000,1250,OPTFUT,MCX,5.000000,60000,False
565103,SILVER26FEB27296000PE,SILVER,26FEB2027,29600000.000000,30,OPTFUT,MCX,50.000000,600,False
565113,SILVER26FEB27306000PE,SILVER,26FEB2027,30600000.000000,30,OPTFUT,MCX,50.000000,600,False
565119,SILVER26FEB27312000PE,SILVER,26FEB2027,31200000.000000,30,OPTFUT,MCX,50.000000,600,False
565130,SILVER26FEB27323000PE,SILVER,26FEB2027,32300000.000000,30,OPTFUT,MCX,50.000000,600,False
579566,SILVER26MAY27258000PE,SILVER,26MAY2027,25800000.000000,30,OPTFUT,MCX,50.000000,600,False
579577,SILVER26MAY27269000PE,SILVER,26MAY2027,26900000.000000,30,OPTFUT,MCX,50.000000,600,False
579585,SILVER26MAY27277000PE,SILVER,26MAY2027,27700000.000000,30,OPTFUT,MCX,50.000000,600,False
579590,SILVER28JUN27236000PE,SILVER,28JUN2027,23600000.000000,30,OPTFUT,MCX,50.000000,600,False
581189,NATURALGAS23OCT2695CE,NATURALGAS,23OCT2026,9500.000000,1250,OPTFUT,MCX,5.000000,60000,False
581199,NATURALGAS23OCT26335CE,NATURALGAS,23OCT2026,33500.000000,1250,OPTFUT,MCX,5.000000,60000,False
581203,NATURALGAS23OCT26355CE,NATURALGAS,23OCT2026,35500.000000,1250,OPTFUT,MCX,5.000000,60000,False
581205,NATURALGAS23OCT26365CE,NATURALGAS,23OCT2026,36500.000000,1250,OPTFUT,MCX,5.000000,60000,False
565166,SILVERM28DEC26270000CE,SILVERM,28DEC2026,27000000.000000,5,OPTFUT,MCX,50.000000,600,False
565172,SILVERM28DEC26264000CE,SILVERM,28DEC2026,26400000.000000,5,OPTFUT,MCX,50.000000,600,False
565192,SILVERM28DEC26310000CE,SILVERM,28DEC2026,31000000.000000,5,OPTFUT,MCX,50.000000,600,False
565213,SILVERM28DEC26331000CE,SILVERM,28DEC2026,33100000.000000,5,OPTFUT,MCX,50.000000,600,False
581210,NATURALGAS23OCT26390CE,NATURALGAS,23OCT2026,39000.000000,1250,OPTFUT,MCX,5.000000,60000,False
581213,NATURALGAS23OCT26405CE,NATURALGAS,23OCT2026,40500.000000,1250,OPTFUT,MCX,5.000000,60000,False
581221,NATURALGAS23OCT26445CE,NATURALGAS,23OCT2026,44500.000000,1250,OPTFUT,MCX,5.000000,60000,False
581239,NATURALGAS23OCT26265PE,NATURALGAS,23OCT2026,26500.000000,1250,OPTFUT,MCX,5.000000,60000,False
579591,SILVER28JUN27235000PE,SILVER,28JUN2027,23500000.000000,30,OPTFUT,MCX,50.000000,600,False
579609,SILVER28JUN27217000PE,SILVER,28JUN2027,21700000.000000,30,OPTFUT,MCX,50.000000,600,False
579621,SILVER28JUN27205000PE,SILVER,28JUN2027,20500000.000000,30,OPTFUT,MCX,50.000000,600,False
579641,SILVER28JUN27253000PE,SILVER,28JUN2027,25300000.000000,30,OPTFUT,MCX,50.000000,600,False
565221,SILVERM25JAN27295000CE,SILVERM,25JAN2027,29500000.000000,5,OPTFUT,MCX,50.000000,600,False
565242,SILVERM25JAN27274000CE,SILVERM,25JAN2027,27400000.000000,5,OPTFUT,MCX,50.000000,600,False
565246,SILVERM25JAN27270000CE,SILVERM,25JAN2027,27000000.000000,5,OPTFUT,MCX,50.000000,600,False
565253,SILVERM25JAN27263000CE,SILVERM,25JAN2027,26300000.000000,5,OPTFUT,MCX,50.000000,600,False
581241,NATURALGAS23OCT26255PE,NATURALGAS,23OCT2026,25500.000000,1250,OPTFUT,MCX,5.000000,60000,False
581260,NATURALGAS23OCT26160PE,NATURALGAS,23OCT2026,16000.000000,1250,OPTFUT,MCX,5.000000,60000,False
581273,NATURALGAS23OCT2695PE,NATURALGAS,23OCT2026,9500.000000,1250,OPTFUT,MCX,5.000000,60000,False
581277,NATURALGAS23OCT26305PE,NATURALGAS,23OCT2026,30500.000000,1250,OPTFUT,MCX,5.000000,60000,False
579660,SILVER28JUN27272000PE,SILVER,28JUN2027,27200000.000000,30,OPTFUT,MCX,50.000000,600,False
579661,SILVER28JUN27273000PE,SILVER,28JUN2027,27300000.000000,30,OPTFUT,MCX,50.000000,600,False
579663,SILVER28JUN27275000PE,SILVER,28JUN2027,27500000.000000,30,OPTFUT,MCX,50.000000,600,False
579665,SILVER28JUN27277000PE,SILVER,28JUN2027,27700000.000000,30,OPTFUT,MCX,50.000000,600,False
565258,SILVERM25JAN27258000CE,SILVERM,25JAN2027,25800000.000000,5,OPTFUT,MCX,50.000000,600,False
565264,SILVERM25JAN27302000CE,SILVERM,25JAN2027,30200000.000000,5,OPTFUT,MCX,50.000000,600,False
565272,SILVERM25JAN27310000CE,SILVERM,25JAN2027,31000000.000000,5,OPTFUT,MCX,50.000000,600,False
565303,SILVERM19FEB27293000CE,SILVERM,19FEB2027,29300000.000000,5,OPTFUT,MCX,50.000000,600,False
581288,NATURALGAS23OCT26360PE,NATURALGAS,23OCT2026,36000.000000,1250,OPTFUT,MCX,5.000000,60000,False
581293,NATURALGAS23OCT26385PE,NATURALGAS,23OCT2026,38500.000000,1250,OPTFUT,MCX,5.000000,60000,False
581295,NATURALGAS23OCT26395PE,NATURALGAS,23OCT2026,39500.000000,1250,OPTFUT,MCX,5.000000,60000,False
581296,NATURALGAS23OCT26400PE,NATURALGAS,23OCT2026,40000.000000,1250,OPTFUT,MCX,5.000000,60000,False
579674,SILVERM26MAY27238000CE,SILVERM,26MAY2027,23800000.000000,5,OPTFUT,MCX,50.000000,600,False
579679,SILVERM26MAY27233000CE,SILVERM,26MAY2027,23300000.000000,5,OPTFUT,MCX,50.000000,600,False
579680,SILVERM26MAY27232000CE,SILVERM,26MAY2027,23200000.000000,5,OPTFUT,MCX,50.000000,600,False
579688,SILVERM26MAY27224000CE,SILVERM,26MAY2027,22400000.000000,5,OPTFUT,MCX,50.000000,600,False
581310,NATURALGAS23OCT26470PE,NATURALGAS,23OCT2026,47000.000000,1250,OPTFUT,MCX,5.000000,60000,False
581313,NATURALGAS23OCT26485PE,NATURALGAS,23OCT2026,48500.000000,1250,OPTFUT,MCX,5.000000,60000,False
581315,SILVER24SEP26180000CE,SILVER,24SEP2026,18000000.000000,30,OPTFUT,MCX,50.000000,600,False
581318,SILVER25MAR27187000CE,SILVER,25MAR2027,18700000.000000,30,OPTFUT,MCX,50.000000,600,False
579689,SILVERM26MAY27223000CE,SILVERM,26MAY2027,22300000.000000,5,OPTFUT,MCX,50.000000,600,False
579713,SILVERM26MAY27247000CE,SILVERM,26MAY2027,24700000.000000,5,OPTFUT,MCX,50.000000,600,False
579724,SILVERM26MAY27258000CE,SILVERM,26MAY2027,25800000.000000,5,OPTFUT,MCX,50.000000,600,False
579739,SILVERM26MAY27273000CE,SILVERM,26MAY2027,27300000.000000,5,OPTFUT,MCX,50.000000,600,False
581320,SILVER28APR27187000CE,SILVER,28APR2027,18700000.000000,30,OPTFUT,MCX,50.000000,600,False
581327,SILVER27OCT26180000PE,SILVER,27OCT2026,18000000.000000,30,OPTFUT,MCX,50.000000,600,False
581330,SILVER25MAR27186000PE,SILVER,25MAR2027,18600000.000000,30,OPTFUT,MCX,50.000000,600,False
581342,SILVERM23NOV26184000CE,SILVERM,23NOV2026,18400000.000000,5,OPTFUT,MCX,50.000000,600,False
579747,SILVERM26MAY27281000CE,SILVERM,26MAY2027,28100000.000000,5,OPTFUT,MCX,50.000000,600,False
579750,SILVERM23JUN27242000CE,SILVERM,23JUN2027,24200000.000000,5,OPTFUT,MCX,50.000000,600,False
579751,SILVERM23JUN27241000CE,SILVERM,23JUN2027,24100000.000000,5,OPTFUT,MCX,50.000000,600,False
579755,SILVERM23JUN27237000CE,SILVERM,23JUN2027,23700000.000000,5,OPTFUT,MCX,50.000000,600,False
581349,SILVERM26MAY27196000CE,SILVERM,26MAY2027,19600000.000000,5,OPTFUT,MCX,50.000000,600,False
581356,SILVERM27OCT26184000PE,SILVERM,27OCT2026,18400000.000000,5,OPTFUT,MCX,50.000000,600,False
581367,SILVERM23JUN27196000PE,SILVERM,23JUN2027,19600000.000000,5,OPTFUT,MCX,50.000000,600,False
581374,CRUDEOILM15OCT263600CE,CRUDEOILM,15OCT2026,360000.000000,10,OPTFUT,MCX,5.000000,10000,False
579757,SILVERM23JUN27235000CE,SILVERM,23JUN2027,23500000.000000,5,OPTFUT,MCX,50.000000,600,False
579768,SILVERM23JUN27224000CE,SILVERM,23JUN2027,22400000.000000,5,OPTFUT,MCX,50.000000,600,False
579775,SILVERM23JUN27217000CE,SILVERM,23JUN2027,21700000.000000,5,OPTFUT,MCX,50.000000,600,False
579776,SILVERM23JUN27216000CE,SILVERM,23JUN2027,21600000.000000,5,OPTFUT,MCX,50.000000,600,False
581384,NATGASMINI23SEP2665CE,NATGASMINI,23SEP2026,6500.000000,250,OPTFUT,MCX,5.000000,60000,False
581396,NATGASMINI23OCT26230CE,NATGASMINI,23OCT2026,23000.000000,250,OPTFUT,MCX,5.000000,60000,False
581397,NATGASMINI23OCT26225CE,NATGASMINI,23OCT2026,22500.000000,250,OPTFUT,MCX,5.000000,60000,False
581412,NATGASMINI23OCT26150CE,NATGASMINI,23OCT2026,15000.000000,250,OPTFUT,MCX,5.000000,60000,False
579779,SILVERM23JUN27213000CE,SILVERM,23JUN2027,21300000.000000,5,OPTFUT,MCX,50.000000,600,False
579794,SILVERM23JUN27248000CE,SILVERM,23JUN2027,24800000.000000,5,OPTFUT,MCX,50.000000,600,False
579796,SILVERM23JUN27250000CE,SILVERM,23JUN2027,25000000.000000,5,OPTFUT,MCX,50.000000,600,False
579807,SILVERM23JUN27261000CE,SILVERM,23JUN2027,26100000.000000,5,OPTFUT,MCX,50.000000,600,False
581423,NATGASMINI23OCT2695CE,NATGASMINI,23OCT2026,9500.000000,250,OPTFUT,MCX,5.000000,60000,False
581429,NATGASMINI23OCT26315CE,NATGASMINI,23OCT2026,31500.000000,250,OPTFUT,MCX,5.000000,60000,False
581444,NATGASMINI23OCT26390CE,NATGASMINI,23OCT2026,39000.000000,250,OPTFUT,MCX,5.000000,60000,False
581469,NATGASMINI23OCT26285PE,NATGASMINI,23OCT2026,28500.000000,250,OPTFUT,MCX,5.000000,60000,False
565309,SILVERM19FEB27287000CE,SILVERM,19FEB2027,28700000.000000,5,OPTFUT,MCX,50.000000,600,False
565314,SILVERM19FEB27282000CE,SILVERM,19FEB2027,28200000.000000,5,OPTFUT,MCX,50.000000,600,False
565317,SILVERM19FEB27279000CE,SILVERM,19FEB2027,27900000.000000,5,OPTFUT,MCX,50.000000,600,False
565321,SILVERM19FEB27275000CE,SILVERM,19FEB2027,27500000.000000,5,OPTFUT,MCX,50.000000,600,False
579842,SILVERM26MAY27232000PE,SILVERM,26MAY2027,23200000.000000,5,OPTFUT,MCX,50.000000,600,False
579854,SILVERM26MAY27220000PE,SILVERM,26MAY2027,22000000.000000,5,OPTFUT,MCX,50.000000,600,False
579858,SILVERM26MAY27216000PE,SILVERM,26MAY2027,21600000.000000,5,OPTFUT,MCX,50.000000,600,False
579874,SILVERM26MAY27246000PE,SILVERM,26MAY2027,24600000.000000,5,OPTFUT,MCX,50.000000,600,False
581471,NATGASMINI23OCT26275PE,NATGASMINI,23OCT2026,27500.000000,250,OPTFUT,MCX,5.000000,60000,False
581491,NATGASMINI23OCT26175PE,NATGASMINI,23OCT2026,17500.000000,250,OPTFUT,MCX,5.000000,60000,False
581497,NATGASMINI23OCT26145PE,NATGASMINI,23OCT2026,14500.000000,250,OPTFUT,MCX,5.000000,60000,False
581500,NATGASMINI23OCT26130PE,NATGASMINI,23OCT2026,13000.000000,250,OPTFUT,MCX,5.000000,60000,False
565323,SILVERM19FEB27273000CE,SILVERM,19FEB2027,27300000.000000,5,OPTFUT,MCX,50.000000,600,False
565333,SILVERM19FEB27263000CE,SILVERM,19FEB2027,26300000.000000,5,OPTFUT,MCX,50.000000,600,False
565335,SILVERM19FEB27261000CE,SILVERM,19FEB2027,26100000.000000,5,OPTFUT,MCX,50.000000,600,False
565341,SILVERM19FEB27299000CE,SILVERM,19FEB2027,29900000.000000,5,OPTFUT,MCX,50.000000,600,False
579878,SILVERM26MAY27250000PE,SILVERM,26MAY2027,25000000.000000,5,OPTFUT,MCX,50.000000,600,False
579899,SILVERM26MAY27271000PE,SILVERM,26MAY2027,27100000.000000,5,OPTFUT,MCX,50.000000,600,False
579903,SILVERM26MAY27275000PE,SILVERM,26MAY2027,27500000.000000,5,OPTFUT,MCX,50.000000,600,False
579910,SILVERM26MAY27282000PE,SILVERM,26MAY2027,28200000.000000,5,OPTFUT,MCX,50.000000,600,False
581509,NATGASMINI23OCT26295PE,NATGASMINI,23OCT2026,29500.000000,250,OPTFUT,MCX,5.000000,60000,False
581510,NATGASMINI23OCT26300PE,NATGASMINI,23OCT2026,30000.000000,250,OPTFUT,MCX,5.000000,60000,False
581512,NATGASMINI23OCT26310PE,NATGASMINI,23OCT2026,31000.000000,250,OPTFUT,MCX,5.000000,60000,False
581513,NATGASMINI23OCT26315PE,NATGASMINI,23OCT2026,31500.000000,250,OPTFUT,MCX,5.000000,60000,False
579912,SILVERM23JUN27242000PE,SILVERM,23JUN2027,24200000.000000,5,OPTFUT,MCX,50.000000,600,False
579914,SILVERM23JUN27240000PE,SILVERM,23JUN2027,24000000.000000,5,OPTFUT,MCX,50.000000,600,False
579917,SILVERM23JUN27237000PE,SILVERM,23JUN2027,23700000.000000,5,OPTFUT,MCX,50.000000,600,False
579923,SILVERM23JUN27231000PE,SILVERM,23JUN2027,23100000.000000,5,OPTFUT,MCX,50.000000,600,False
581527,NATGASMINI23OCT26385PE,NATGASMINI,23OCT2026,38500.000000,250,OPTFUT,MCX,5.000000,60000,False
581542,NATGASMINI23OCT26460PE,NATGASMINI,23OCT2026,46000.000000,250,OPTFUT,MCX,5.000000,60000,False
581545,NATGASMINI23OCT26475PE,NATGASMINI,23OCT2026,47500.000000,250,OPTFUT,MCX,5.000000,60000,False
581555,MCXBULLDEX28OCT2632700CE,MCXBULLDEX,28OCT2026,3270000.000000,30,OPTIDX,MCX,5.000000,900,False
565357,SILVERM19FEB27315000CE,SILVERM,19FEB2027,31500000.000000,5,OPTFUT,MCX,50.000000,600,False
565362,SILVERM19FEB27320000CE,SILVERM,19FEB2027,32000000.000000,5,OPTFUT,MCX,50.000000,600,False
565365,SILVERM19FEB27323000CE,SILVERM,19FEB2027,32300000.000000,5,OPTFUT,MCX,50.000000,600,False
565370,SILVERM19FEB27328000CE,SILVERM,19FEB2027,32800000.000000,5,OPTFUT,MCX,50.000000,600,False
579972,SILVERM23JUN27264000PE,SILVERM,23JUN2027,26400000.000000,5,OPTFUT,MCX,50.000000,600,False
579976,SILVERM23JUN27268000PE,SILVERM,23JUN2027,26800000.000000,5,OPTFUT,MCX,50.000000,600,False
579984,SILVERM23JUN27276000PE,SILVERM,23JUN2027,27600000.000000,5,OPTFUT,MCX,50.000000,600,False
579987,SILVERM23JUN27279000PE,SILVERM,23JUN2027,27900000.000000,5,OPTFUT,MCX,50.000000,600,False
581584,MCXBULLDEX28OCT2629800CE,MCXBULLDEX,28OCT2026,2980000.000000,30,OPTIDX,MCX,5.000000,900,False
581610,MCXBULLDEX28OCT2634900CE,MCXBULLDEX,28OCT2026,3490000.000000,30,OPTIDX,MCX,5.000000,900,False
581613,MCXBULLDEX28OCT2635200CE,MCXBULLDEX,28OCT2026,3520000.000000,30,OPTIDX,MCX,5.000000,900,False
581623,MCXBULLDEX28OCT2636200CE,MCXBULLDEX,28OCT2026,3620000.000000,30,OPTIDX,MCX,5.000000,900,False
580013,GOLD27NOV26116500CE,GOLD,27NOV2026,11650000.000000,1,OPTFUT,MCX,50.000000,100,False
580020,GOLD31DEC26119000CE,GOLD,31DEC2026,11900000.000000,1,OPTFUT,MCX,50.000000,100,False
580022,GOLD31DEC26118000CE,GOLD,31DEC2026,11800000.000000,1,OPTFUT,MCX,50.000000,100,False
580050,GOLD29MAR27119000CE,GOLD,29MAR2027,11900000.000000,1,OPTFUT,MCX,50.000000,100,False
581625,MCXBULLDEX28OCT2632700PE,MCXBULLDEX,28OCT2026,3270000.000000,30,OPTIDX,MCX,5.000000,900,False
581636,MCXBULLDEX28OCT2631600PE,MCXBULLDEX,28OCT2026,3160000.000000,30,OPTIDX,MCX,5.000000,900,False
581639,MCXBULLDEX28OCT2631300PE,MCXBULLDEX,28OCT2026,3130000.000000,30,OPTIDX,MCX,5.000000,900,False
581653,MCXBULLDEX28OCT2629900PE,MCXBULLDEX,28OCT2026,2990000.000000,30,OPTIDX,MCX,5.000000,900,False
580051,GOLD29MAR27118500CE,GOLD,29MAR2027,11850000.000000,1,OPTFUT,MCX,50.000000,100,False
580053,GOLD30APR27124500CE,GOLD,30APR2027,12450000.000000,1,OPTFUT,MCX,50.000000,100,False
580073,GOLD28MAY27120500CE,GOLD,28MAY2027,12050000.000000,1,OPTFUT,MCX,50.000000,100,False
580075,GOLD28MAY27119500CE,GOLD,28MAY2027,11950000.000000,1,OPTFUT,MCX,50.000000,100,False
581664,MCXBULLDEX28OCT2633300PE,MCXBULLDEX,28OCT2026,3330000.000000,30,OPTIDX,MCX,5.000000,900,False
581676,MCXBULLDEX28OCT2634500PE,MCXBULLDEX,28OCT2026,3450000.000000,30,OPTIDX,MCX,5.000000,900,False
581693,MCXBULLDEX28OCT2636200PE,MCXBULLDEX,28OCT2026,3620000.000000,30,OPTIDX,MCX,5.000000,900,False
581718,MENTHAOIL29JAN27FUT,MENTHAOIL,29JAN2027,0.000000,360,FUTCOM,MCX,10.000000,18000,False
581721,ZINCMINI31DEC26FUT,ZINCMINI,31DEC2026,0.000000,1,FUTCOM,MCX,5.000000,100,False
581754,COPPER23NOV261350PE,COPPER,23NOV2026,135000.000000,2500,OPTFUT,MCX,1.000000,70000,False
565384,SILVERM28DEC26292000PE,SILVERM,28DEC2026,29200000.000000,5,OPTFUT,MCX,50.000000,600,False
565385,SILVERM28DEC26291000PE,SILVERM,28DEC2026,29100000.000000,5,OPTFUT,MCX,50.000000,600,False
565398,SILVERM28DEC26278000PE,SILVERM,28DEC2026,27800000.000000,5,OPTFUT,MCX,50.000000,600,False
565402,SILVERM28DEC26274000PE,SILVERM,28DEC2026,27400000.000000,5,OPTFUT,MCX,50.000000,600,False
580080,GOLD25SEP26116500PE,GOLD,25SEP2026,11650000.000000,1,OPTFUT,MCX,50.000000,100,False
580082,GOLD30OCT26119500PE,GOLD,30OCT2026,11950000.000000,1,OPTFUT,MCX,50.000000,100,False
580086,GOLD30OCT26117500PE,GOLD,30OCT2026,11750000.000000,1,OPTFUT,MCX,50.000000,100,False
580094,GOLD27NOV26117000PE,GOLD,27NOV2026,11700000.000000,1,OPTFUT,MCX,50.000000,100,False
581739,COPPER23NOV261370CE,COPPER,23NOV2026,137000.000000,2500,OPTFUT,MCX,1.000000,70000,False
581743,COPPER23NOV261410CE,COPPER,23NOV2026,141000.000000,2500,OPTFUT,MCX,1.000000,70000,False
580102,GOLD31DEC26119000PE,GOLD,31DEC2026,11900000.000000,1,OPTFUT,MCX,50.000000,100,False
580103,GOLD31DEC26118500PE,GOLD,31DEC2026,11850000.000000,1,OPTFUT,MCX,50.000000,100,False
580104,GOLD31DEC26118000PE,GOLD,31DEC2026,11800000.000000,1,OPTFUT,MCX,50.000000,100,False
580107,GOLD29JAN27121000PE,GOLD,29JAN2027,12100000.000000,1,OPTFUT,MCX,50.000000,100,False
581761,COPPER23NOV261280PE,COPPER,23NOV2026,128000.000000,2500,OPTFUT,MCX,1.000000,70000,False
581800,ZINC23NOV26390CE,ZINC,23NOV2026,39000.000000,5,OPTFUT,MCX,1.000000,100,False
581801,ZINC23NOV26395CE,ZINC,23NOV2026,39500.000000,5,OPTFUT,MCX,1.000000,100,False
581822,ZINC23NOV26385PE,ZINC,23NOV2026,38500.000000,5,OPTFUT,MCX,1.000000,100,False
580001,GOLD30OCT26119000CE,GOLD,30OCT2026,11900000.000000,1,OPTFUT,MCX,50.000000,100,False
580005,GOLD30OCT26117000CE,GOLD,30OCT2026,11700000.000000,1,OPTFUT,MCX,50.000000,100,False
580132,GOLD29MAR27119000PE,GOLD,29MAR2027,11900000.000000,1,OPTFUT,MCX,50.000000,100,False
580133,GOLD29MAR27118500PE,GOLD,29MAR2027,11850000.000000,1,OPTFUT,MCX,50.000000,100,False
581824,ZINC23NOV26395PE,ZINC,23NOV2026,39500.000000,5,OPTFUT,MCX,1.000000,100,False
581826,ZINC23NOV26405PE,ZINC,23NOV2026,40500.000000,5,OPTFUT,MCX,1.000000,100,False
581842,CRUDEOIL15OCT263400CE,CRUDEOIL,15OCT2026,340000.000000,100,OPTFUT,MCX,10.000000,10000,False
581879,NATGASMINI23OCT2685PE,NATGASMINI,23OCT2026,8500.000000,250,OPTFUT,MCX,5.000000,60000,False
565403,SILVERM28DEC26273000PE,SILVERM,28DEC2026,27300000.000000,5,OPTFUT,MCX,50.000000,600,False
565413,SILVERM28DEC26263000PE,SILVERM,28DEC2026,26300000.000000,5,OPTFUT,MCX,50.000000,600,False
565423,SILVERM28DEC26301000PE,SILVERM,28DEC2026,30100000.000000,5,OPTFUT,MCX,50.000000,600,False
565424,SILVERM28DEC26302000PE,SILVERM,28DEC2026,30200000.000000,5,OPTFUT,MCX,50.000000,600,False
580040,GOLD26FEB27119000CE,GOLD,26FEB2027,11900000.000000,1,OPTFUT,MCX,50.000000,100,False
580042,GOLD29MAR27123000CE,GOLD,29MAR2027,12300000.000000,1,OPTFUT,MCX,50.000000,100,False
580043,GOLD29MAR27122500CE,GOLD,29MAR2027,12250000.000000,1,OPTFUT,MCX,50.000000,100,False
580052,GOLD30APR27125000CE,GOLD,30APR2027,12500000.000000,1,OPTFUT,MCX,50.000000,100,False
581887,GOLDM29OCT26148500CE,GOLDM,29OCT2026,14850000.000000,100,OPTFUT,MCX,50.000000,10000,False
581900,GOLDM29OCT26142000CE,GOLDM,29OCT2026,14200000.000000,100,OPTFUT,MCX,50.000000,10000,False
581901,GOLDM29OCT26141500CE,GOLDM,29OCT2026,14150000.000000,100,OPTFUT,MCX,50.000000,10000,False
581907,GOLDM29OCT26138500CE,GOLDM,29OCT2026,13850000.000000,100,OPTFUT,MCX,50.000000,10000,False
565430,SILVERM28DEC26308000PE,SILVERM,28DEC2026,30800000.000000,5,OPTFUT,MCX,50.000000,600,False
565433,SILVERM28DEC26311000PE,SILVERM,28DEC2026,31100000.000000,5,OPTFUT,MCX,50.000000,600,False
565441,SILVERM28DEC26319000PE,SILVERM,28DEC2026,31900000.000000,5,OPTFUT,MCX,50.000000,600,False
565448,SILVERM28DEC26326000PE,SILVERM,28DEC2026,32600000.000000,5,OPTFUT,MCX,50.000000,600,False
580067,GOLD28MAY27123500CE,GOLD,28MAY2027,12350000.000000,1,OPTFUT,MCX,50.000000,100,False
580072,GOLD28MAY27121000CE,GOLD,28MAY2027,12100000.000000,1,OPTFUT,MCX,50.000000,100,False
580085,GOLD30OCT26118000PE,GOLD,30OCT2026,11800000.000000,1,OPTFUT,MCX,50.000000,100,False
580099,GOLD31DEC26120500PE,GOLD,31DEC2026,12050000.000000,1,OPTFUT,MCX,50.000000,100,False
581932,GOLDM29OCT26126000CE,GOLDM,29OCT2026,12600000.000000,100,OPTFUT,MCX,50.000000,10000,False
581947,GOLDM29OCT26154500CE,GOLDM,29OCT2026,15450000.000000,100,OPTFUT,MCX,50.000000,10000,False
581948,GOLDM29OCT26155000CE,GOLDM,29OCT2026,15500000.000000,100,OPTFUT,MCX,50.000000,10000,False
581954,GOLDM29OCT26158000CE,GOLDM,29OCT2026,15800000.000000,100,OPTFUT,MCX,50.000000,10000,False
565453,SILVERM28DEC26331000PE,SILVERM,28DEC2026,33100000.000000,5,OPTFUT,MCX,50.000000,600,False
565460,SILVERM25JAN27296000PE,SILVERM,25JAN2027,29600000.000000,5,OPTFUT,MCX,50.000000,600,False
565475,SILVERM25JAN27281000PE,SILVERM,25JAN2027,28100000.000000,5,OPTFUT,MCX,50.000000,600,False
565494,SILVERM25JAN27262000PE,SILVERM,25JAN2027,26200000.000000,5,OPTFUT,MCX,50.000000,600,False
580116,GOLD26FEB27122000PE,GOLD,26FEB2027,12200000.000000,1,OPTFUT,MCX,50.000000,100,False
580126,GOLD29MAR27122000PE,GOLD,29MAR2027,12200000.000000,1,OPTFUT,MCX,50.000000,100,False
580122,GOLD26FEB27119000PE,GOLD,26FEB2027,11900000.000000,1,OPTFUT,MCX,50.000000,100,False
580124,GOLD29MAR27123000PE,GOLD,29MAR2027,12300000.000000,1,OPTFUT,MCX,50.000000,100,False
581959,GOLDM29OCT26160500CE,GOLDM,29OCT2026,16050000.000000,100,OPTFUT,MCX,50.000000,10000,False
581961,GOLDM29OCT26161500CE,GOLDM,29OCT2026,16150000.000000,100,OPTFUT,MCX,50.000000,10000,False
581968,GOLDM29OCT26165000CE,GOLDM,29OCT2026,16500000.000000,100,OPTFUT,MCX,50.000000,10000,False
581978,GOLDM29OCT26170000CE,GOLDM,29OCT2026,17000000.000000,100,OPTFUT,MCX,50.000000,10000,False
580136,GOLD30APR27124000PE,GOLD,30APR2027,12400000.000000,1,OPTFUT,MCX,50.000000,100,False
580141,GOLD30APR27121500PE,GOLD,30APR2027,12150000.000000,1,OPTFUT,MCX,50.000000,100,False
580165,GOLDM25SEP26116500PE,GOLDM,25SEP2026,11650000.000000,100,OPTFUT,MCX,50.000000,10000,False
580185,SILVER27NOV26182000PE,SILVER,27NOV2026,18200000.000000,30,OPTFUT,MCX,50.000000,600,False
581987,GOLDM29OCT26148500PE,GOLDM,29OCT2026,14850000.000000,100,OPTFUT,MCX,50.000000,10000,False
581994,GOLDM29OCT26145000PE,GOLDM,29OCT2026,14500000.000000,100,OPTFUT,MCX,50.000000,10000,False
582021,GOLDM29OCT26131500PE,GOLDM,29OCT2026,13150000.000000,100,OPTFUT,MCX,50.000000,10000,False
582024,GOLDM29OCT26130000PE,GOLDM,29OCT2026,13000000.000000,100,OPTFUT,MCX,50.000000,10000,False
565510,SILVERM25JAN27308000PE,SILVERM,25JAN2027,30800000.000000,5,OPTFUT,MCX,50.000000,600,False
565524,SILVERM25JAN27322000PE,SILVERM,25JAN2027,32200000.000000,5,OPTFUT,MCX,50.000000,600,False
565529,SILVERM25JAN27327000PE,SILVERM,25JAN2027,32700000.000000,5,OPTFUT,MCX,50.000000,600,False
565534,SILVERM25JAN27332000PE,SILVERM,25JAN2027,33200000.000000,5,OPTFUT,MCX,50.000000,600,False
565537,SILVERM25JAN27335000PE,SILVERM,25JAN2027,33500000.000000,5,OPTFUT,MCX,50.000000,600,False
565553,SILVERM19FEB27283000PE,SILVERM,19FEB2027,28300000.000000,5,OPTFUT,MCX,50.000000,600,False
565556,SILVERM19FEB27280000PE,SILVERM,19FEB2027,28000000.000000,5,OPTFUT,MCX,50.000000,600,False
565568,SILVERM19FEB27268000PE,SILVERM,19FEB2027,26800000.000000,5,OPTFUT,MCX,50.000000,600,False
580187,SILVER26MAY27197000PE,SILVER,26MAY2027,19700000.000000,30,OPTFUT,MCX,50.000000,600,False
580204,SILVERM28DEC26193000CE,SILVERM,28DEC2026,19300000.000000,5,OPTFUT,MCX,50.000000,600,False
580208,SILVERM19FEB27195000CE,SILVERM,19FEB2027,19500000.000000,5,OPTFUT,MCX,50.000000,600,False
580223,SILVERM27OCT26187000PE,SILVERM,27OCT2026,18700000.000000,5,OPTFUT,MCX,50.000000,600,False
582028,GOLDM29OCT26128000PE,GOLDM,29OCT2026,12800000.000000,100,OPTFUT,MCX,50.000000,10000,False
582030,GOLDM29OCT26127000PE,GOLDM,29OCT2026,12700000.000000,100,OPTFUT,MCX,50.000000,10000,False
582040,GOLDM29OCT26151000PE,GOLDM,29OCT2026,15100000.000000,100,OPTFUT,MCX,50.000000,10000,False
582041,GOLDM29OCT26151500PE,GOLDM,29OCT2026,15150000.000000,100,OPTFUT,MCX,50.000000,10000,False
565572,SILVERM19FEB27264000PE,SILVERM,19FEB2027,26400000.000000,5,OPTFUT,MCX,50.000000,600,False
565579,SILVERM19FEB27257000PE,SILVERM,19FEB2027,25700000.000000,5,OPTFUT,MCX,50.000000,600,False
565585,SILVERM19FEB27303000PE,SILVERM,19FEB2027,30300000.000000,5,OPTFUT,MCX,50.000000,600,False
565599,SILVERM19FEB27317000PE,SILVERM,19FEB2027,31700000.000000,5,OPTFUT,MCX,50.000000,600,False
580255,CRUDEOIL17SEP2611500PE,CRUDEOIL,17SEP2026,1150000.000000,100,OPTFUT,MCX,10.000000,10000,False
580267,SILVER25MAR27188000CE,SILVER,25MAR2027,18800000.000000,30,OPTFUT,MCX,50.000000,600,False
580274,SILVER26MAY27190000CE,SILVER,26MAY2027,19000000.000000,30,OPTFUT,MCX,50.000000,600,False
580275,SILVER28JUN27194000CE,SILVER,28JUN2027,19400000.000000,30,OPTFUT,MCX,50.000000,600,False
582045,GOLDM29OCT26153500PE,GOLDM,29OCT2026,15350000.000000,100,OPTFUT,MCX,50.000000,10000,False
582050,GOLDM29OCT26156000PE,GOLDM,29OCT2026,15600000.000000,100,OPTFUT,MCX,50.000000,10000,False
582058,GOLDM29OCT26160000PE,GOLDM,29OCT2026,16000000.000000,100,OPTFUT,MCX,50.000000,10000,False
582061,GOLDM29OCT26161500PE,GOLDM,29OCT2026,16150000.000000,100,OPTFUT,MCX,50.000000,10000,False
580286,SILVER25JAN27185000PE,SILVER,25JAN2027,18500000.000000,30,OPTFUT,MCX,50.000000,600,False
580287,SILVER26FEB27186000PE,SILVER,26FEB2027,18600000.000000,30,OPTFUT,MCX,50.000000,600,False
580294,SILVER26MAY27193000PE,SILVER,26MAY2027,19300000.000000,30,OPTFUT,MCX,50.000000,600,False
580306,SILVERM28DEC26192000CE,SILVERM,28DEC2026,19200000.000000,5,OPTFUT,MCX,50.000000,600,False
582070,GOLDM29OCT26166000PE,GOLDM,29OCT2026,16600000.000000,100,OPTFUT,MCX,50.000000,10000,False
582073,GOLDM29OCT26167500PE,GOLDM,29OCT2026,16750000.000000,100,OPTFUT,MCX,50.000000,10000,False
582087,SILVER26MAY27281000CE,SILVER,26MAY2027,28100000.000000,30,OPTFUT,MCX,50.000000,600,False
582099,MCXBULLDEX28OCT2637100CE,MCXBULLDEX,28OCT2026,3710000.000000,30,OPTIDX,MCX,5.000000,900,False
565613,SILVERM19FEB27331000PE,SILVERM,19FEB2027,33100000.000000,5,OPTFUT,MCX,50.000000,600,False
565614,SILVERM19FEB27332000PE,SILVERM,19FEB2027,33200000.000000,5,OPTFUT,MCX,50.000000,600,False
565671,SILVER25JAN27248000CE,SILVER,25JAN2027,24800000.000000,30,OPTFUT,MCX,50.000000,600,False
565674,SILVER26FEB27249000CE,SILVER,26FEB2027,24900000.000000,30,OPTFUT,MCX,50.000000,600,False
580313,SILVERM19FEB27191000CE,SILVERM,19FEB2027,19100000.000000,5,OPTFUT,MCX,50.000000,600,False
580317,SILVERM25MAR27195000CE,SILVERM,25MAR2027,19500000.000000,5,OPTFUT,MCX,50.000000,600,False
580333,SILVERM24SEP26185000PE,SILVERM,24SEP2026,18500000.000000,5,OPTFUT,MCX,50.000000,600,False
580346,SILVERM25MAR27196000PE,SILVERM,25MAR2027,19600000.000000,5,OPTFUT,MCX,50.000000,600,False
582112,MCXBULLDEX28OCT2637500PE,MCXBULLDEX,28OCT2026,3750000.000000,30,OPTIDX,MCX,5.000000,900,False
582119,SILVERM26MAY27286000CE,SILVERM,26MAY2027,28600000.000000,5,OPTFUT,MCX,50.000000,600,False
582130,SILVERM26MAY27289000PE,SILVERM,26MAY2027,28900000.000000,5,OPTFUT,MCX,50.000000,600,False
582148,GOLDM25SEP26176500PE,GOLDM,25SEP2026,17650000.000000,100,OPTFUT,MCX,50.000000,10000,False
565679,SILVER28DEC26248000PE,SILVER,28DEC2026,24800000.000000,30,OPTFUT,MCX,50.000000,600,False
565823,SILVER26FEB27244000CE,SILVER,26FEB2027,24400000.000000,30,OPTFUT,MCX,50.000000,600,False
565831,SILVER28DEC26241000PE,SILVER,28DEC2026,24100000.000000,30,OPTFUT,MCX,50.000000,600,False
565838,SILVER26FEB27244000PE,SILVER,26FEB2027,24400000.000000,30,OPTFUT,MCX,50.000000,600,False
582166,SILVER28JUN27286000CE,SILVER,28JUN2027,28600000.000000,30,OPTFUT,MCX,50.000000,600,False
582173,SILVER26MAY27286000PE,SILVER,26MAY2027,28600000.000000,30,OPTFUT,MCX,50.000000,600,False
582176,SILVER28JUN27282000PE,SILVER,28JUN2027,28200000.000000,30,OPTFUT,MCX,50.000000,600,False
582193,MCXBULLDEX25SEP2638300CE,MCXBULLDEX,25SEP2026,3830000.000000,30,OPTIDX,MCX,5.000000,900,False
582228,GOLDM29OCT26178000CE,GOLDM,29OCT2026,17800000.000000,100,OPTFUT,MCX,50.000000,10000,False
582229,GOLDM29OCT26178500CE,GOLDM,29OCT2026,17850000.000000,100,OPTFUT,MCX,50.000000,10000,False
582243,SILVER28JUN27289000CE,SILVER,28JUN2027,28900000.000000,30,OPTFUT,MCX,50.000000,600,False
582248,SILVER28JUN27294000CE,SILVER,28JUN2027,29400000.000000,30,OPTFUT,MCX,50.000000,600,False
565856,SILVERM28DEC26247000PE,SILVERM,28DEC2026,24700000.000000,5,OPTFUT,MCX,50.000000,600,False
565857,SILVERM28DEC26246000PE,SILVERM,28DEC2026,24600000.000000,5,OPTFUT,MCX,50.000000,600,False
566312,GOLD25SEP26131500CE,GOLD,25SEP2026,13150000.000000,1,OPTFUT,MCX,50.000000,100,False
566317,GOLD30OCT26138500CE,GOLD,30OCT2026,13850000.000000,1,OPTFUT,MCX,50.000000,100,False
582260,SILVER28JUN27294000PE,SILVER,28JUN2027,29400000.000000,30,OPTFUT,MCX,50.000000,600,False
582263,SILVERM26MAY27294000CE,SILVERM,26MAY2027,29400000.000000,5,OPTFUT,MCX,50.000000,600,False
582270,SILVERM23JUN27294000CE,SILVERM,23JUN2027,29400000.000000,5,OPTFUT,MCX,50.000000,600,False
582272,SILVERM23JUN27296000CE,SILVERM,23JUN2027,29600000.000000,5,OPTFUT,MCX,50.000000,600,False
566411,GOLD25SEP26134000PE,GOLD,25SEP2026,13400000.000000,1,OPTFUT,MCX,50.000000,100,False
566427,GOLD30OCT26135500PE,GOLD,30OCT2026,13550000.000000,1,OPTFUT,MCX,50.000000,100,False
566428,GOLD30OCT26135000PE,GOLD,30OCT2026,13500000.000000,1,OPTFUT,MCX,50.000000,100,False
566464,GOLD29JAN27139000PE,GOLD,29JAN2027,13900000.000000,1,OPTFUT,MCX,50.000000,100,False
582282,SILVERM23JUN27292000PE,SILVERM,23JUN2027,29200000.000000,5,OPTFUT,MCX,50.000000,600,False
582283,SILVERM23JUN27293000PE,SILVERM,23JUN2027,29300000.000000,5,OPTFUT,MCX,50.000000,600,False
582288,SILVERM23JUN27298000PE,SILVERM,23JUN2027,29800000.000000,5,OPTFUT,MCX,50.000000,600,False
582302,MCXBULLDEX28OCT2638500PE,MCXBULLDEX,28OCT2026,3850000.000000,30,OPTIDX,MCX,5.000000,900,False
566467,GOLD29JAN27137500PE,GOLD,29JAN2027,13750000.000000,1,OPTFUT,MCX,50.000000,100,False
566570,SILVER27NOV26217000CE,SILVER,27NOV2026,21700000.000000,30,OPTFUT,MCX,50.000000,600,False
566593,SILVER28DEC26225000CE,SILVER,28DEC2026,22500000.000000,30,OPTFUT,MCX,50.000000,600,False
566597,SILVER28DEC26221000CE,SILVER,28DEC2026,22100000.000000,30,OPTFUT,MCX,50.000000,600,False
582304,MCXBULLDEX28OCT2638700PE,MCXBULLDEX,28OCT2026,3870000.000000,30,OPTIDX,MCX,5.000000,900,False
582312,SILVERM23JUN27300000CE,SILVERM,23JUN2027,30000000.000000,5,OPTFUT,MCX,50.000000,600,False
582314,SILVERM26MAY27300000PE,SILVERM,26MAY2027,30000000.000000,5,OPTFUT,MCX,50.000000,600,False
582352,NATGASMINI23OCT26500PE,NATGASMINI,23OCT2026,50000.000000,250,OPTFUT,MCX,5.000000,60000,False
566604,SILVER25JAN27237000CE,SILVER,25JAN2027,23700000.000000,30,OPTFUT,MCX,50.000000,600,False
566607,SILVER25JAN27234000CE,SILVER,25JAN2027,23400000.000000,30,OPTFUT,MCX,50.000000,600,False
566609,SILVER25JAN27232000CE,SILVER,25JAN2027,23200000.000000,30,OPTFUT,MCX,50.000000,600,False
566673,SILVER24SEP26214000PE,SILVER,24SEP2026,21400000.000000,30,OPTFUT,MCX,50.000000,600,False
582353,MCXBULLDEX25SEP2638800CE,MCXBULLDEX,25SEP2026,3880000.000000,30,OPTIDX,MCX,5.000000,900,False
582354,MCXBULLDEX25SEP2638900CE,MCXBULLDEX,25SEP2026,3890000.000000,30,OPTIDX,MCX,5.000000,900,False
582358,MCXBULLDEX28OCT2639000CE,MCXBULLDEX,28OCT2026,3900000.000000,30,OPTIDX,MCX,5.000000,900,False
582391,GOLD30JUN27150000CE,GOLD,30JUN2027,15000000.000000,1,OPTFUT,MCX,50.000000,100,False
582397,GOLD30JUN27147000CE,GOLD,30JUN2027,14700000.000000,1,OPTFUT,MCX,50.000000,100,False
582415,GOLD30JUN27138000CE,GOLD,30JUN2027,13800000.000000,1,OPTFUT,MCX,50.000000,100,False
582418,GOLD30JUN27136500CE,GOLD,30JUN2027,13650000.000000,1,OPTFUT,MCX,50.000000,100,False
582425,GOLD30JUN27163000CE,GOLD,30JUN2027,16300000.000000,1,OPTFUT,MCX,50.000000,100,False
580348,SILVERM25MAR27194000PE,SILVERM,25MAR2027,19400000.000000,5,OPTFUT,MCX,50.000000,600,False
580378,CRUDEOILM19JAN27FUT,CRUDEOILM,19JAN2027,0.000000,10,FUTCOM,MCX,100.000000,10000,False
580390,CRUDEOIL15OCT267200CE,CRUDEOIL,15OCT2026,720000.000000,100,OPTFUT,MCX,10.000000,10000,False
580394,CRUDEOIL15OCT267000CE,CRUDEOIL,15OCT2026,700000.000000,100,OPTFUT,MCX,10.000000,10000,False
566682,SILVER27OCT26213000PE,SILVER,27OCT2026,21300000.000000,30,OPTFUT,MCX,50.000000,600,False
566696,SILVER28DEC26238000PE,SILVER,28DEC2026,23800000.000000,30,OPTFUT,MCX,50.000000,600,False
566712,SILVER28DEC26222000PE,SILVER,28DEC2026,22200000.000000,30,OPTFUT,MCX,50.000000,600,False
566734,SILVER25JAN27223000PE,SILVER,25JAN2027,22300000.000000,30,OPTFUT,MCX,50.000000,600,False
582473,GOLD29JUL27159000CE,GOLD,29JUL2027,15900000.000000,1,OPTFUT,MCX,50.000000,100,False
582476,GOLD29JUL27157500CE,GOLD,29JUL2027,15750000.000000,1,OPTFUT,MCX,50.000000,100,False
582483,GOLD29JUL27154000CE,GOLD,29JUL2027,15400000.000000,1,OPTFUT,MCX,50.000000,100,False
582497,GOLD29JUL27147000CE,GOLD,29JUL2027,14700000.000000,1,OPTFUT,MCX,50.000000,100,False
582508,GOLD29JUL27141500CE,GOLD,29JUL2027,14150000.000000,1,OPTFUT,MCX,50.000000,100,False
582511,GOLD29JUL27140000CE,GOLD,29JUL2027,14000000.000000,1,OPTFUT,MCX,50.000000,100,False
582528,GOLD29JUL27164500CE,GOLD,29JUL2027,16450000.000000,1,OPTFUT,MCX,50.000000,100,False
582531,GOLD29JUL27166000CE,GOLD,29JUL2027,16600000.000000,1,OPTFUT,MCX,50.000000,100,False
566740,SILVER26FEB27240000PE,SILVER,26FEB2027,24000000.000000,30,OPTFUT,MCX,50.000000,600,False
566748,SILVER26FEB27232000PE,SILVER,26FEB2027,23200000.000000,30,OPTFUT,MCX,50.000000,600,False
566756,SILVER26FEB27224000PE,SILVER,26FEB2027,22400000.000000,30,OPTFUT,MCX,50.000000,600,False
566761,SILVER26FEB27219000PE,SILVER,26FEB2027,21900000.000000,30,OPTFUT,MCX,50.000000,600,False
580408,CRUDEOIL15OCT266300CE,CRUDEOIL,15OCT2026,630000.000000,100,OPTFUT,MCX,10.000000,10000,False
580416,CRUDEOIL15OCT265900CE,CRUDEOIL,15OCT2026,590000.000000,100,OPTFUT,MCX,10.000000,10000,False
580419,CRUDEOIL15OCT265750CE,CRUDEOIL,15OCT2026,575000.000000,100,OPTFUT,MCX,10.000000,10000,False
580425,CRUDEOIL15OCT265450CE,CRUDEOIL,15OCT2026,545000.000000,100,OPTFUT,MCX,10.000000,10000,False
582547,GOLD29JUL27174000CE,GOLD,29JUL2027,17400000.000000,1,OPTFUT,MCX,50.000000,100,False
582548,GOLD29JUL27174500CE,GOLD,29JUL2027,17450000.000000,1,OPTFUT,MCX,50.000000,100,False
582549,GOLD29JUL27175000CE,GOLD,29JUL2027,17500000.000000,1,OPTFUT,MCX,50.000000,100,False
582555,GOLD29JUL27178000CE,GOLD,29JUL2027,17800000.000000,1,OPTFUT,MCX,50.000000,100,False
566776,SILVERM27OCT26222000CE,SILVERM,27OCT2026,22200000.000000,5,OPTFUT,MCX,50.000000,600,False
566783,SILVERM23NOV26220000CE,SILVERM,23NOV2026,22000000.000000,5,OPTFUT,MCX,50.000000,600,False
566786,SILVERM28DEC26243000CE,SILVERM,28DEC2026,24300000.000000,5,OPTFUT,MCX,50.000000,600,False
566813,SILVERM25JAN27238000CE,SILVERM,25JAN2027,23800000.000000,5,OPTFUT,MCX,50.000000,600,False
580436,CRUDEOIL15OCT264900CE,CRUDEOIL,15OCT2026,490000.000000,100,OPTFUT,MCX,10.000000,10000,False
580439,CRUDEOIL15OCT264750CE,CRUDEOIL,15OCT2026,475000.000000,100,OPTFUT,MCX,10.000000,10000,False
580447,CRUDEOIL15OCT264350CE,CRUDEOIL,15OCT2026,435000.000000,100,OPTFUT,MCX,10.000000,10000,False
580450,CRUDEOIL15OCT264200CE,CRUDEOIL,15OCT2026,420000.000000,100,OPTFUT,MCX,10.000000,10000,False
582564,GOLD29JUL27182500CE,GOLD,29JUL2027,18250000.000000,1,OPTFUT,MCX,50.000000,100,False
582569,GOLD29JUL27185000CE,GOLD,29JUL2027,18500000.000000,1,OPTFUT,MCX,50.000000,100,False
582572,GOLD30JUN27159500PE,GOLD,30JUN2027,15950000.000000,1,OPTFUT,MCX,50.000000,100,False
582578,GOLD30JUN27156500PE,GOLD,30JUN2027,15650000.000000,1,OPTFUT,MCX,50.000000,100,False
580453,CRUDEOIL15OCT264050CE,CRUDEOIL,15OCT2026,405000.000000,100,OPTFUT,MCX,10.000000,10000,False
580471,CRUDEOIL15OCT268600CE,CRUDEOIL,15OCT2026,860000.000000,100,OPTFUT,MCX,10.000000,10000,False
580488,CRUDEOIL15OCT269450CE,CRUDEOIL,15OCT2026,945000.000000,100,OPTFUT,MCX,10.000000,10000,False
580503,CRUDEOIL15OCT2610200CE,CRUDEOIL,15OCT2026,1020000.000000,100,OPTFUT,MCX,10.000000,10000,False
582582,GOLD30JUN27154500PE,GOLD,30JUN2027,15450000.000000,1,OPTFUT,MCX,50.000000,100,False
582585,GOLD30JUN27153000PE,GOLD,30JUN2027,15300000.000000,1,OPTFUT,MCX,50.000000,100,False
582598,GOLD30JUN27146500PE,GOLD,30JUN2027,14650000.000000,1,OPTFUT,MCX,50.000000,100,False
582602,GOLD30JUN27144500PE,GOLD,30JUN2027,14450000.000000,1,OPTFUT,MCX,50.000000,100,False
566816,SILVERM25JAN27235000CE,SILVERM,25JAN2027,23500000.000000,5,OPTFUT,MCX,50.000000,600,False
566819,SILVERM25JAN27232000CE,SILVERM,25JAN2027,23200000.000000,5,OPTFUT,MCX,50.000000,600,False
566824,SILVERM25JAN27227000CE,SILVERM,25JAN2027,22700000.000000,5,OPTFUT,MCX,50.000000,600,False
566832,SILVERM19FEB27241000CE,SILVERM,19FEB2027,24100000.000000,5,OPTFUT,MCX,50.000000,600,False
580519,CRUDEOIL15OCT2611000CE,CRUDEOIL,15OCT2026,1100000.000000,100,OPTFUT,MCX,10.000000,10000,False
580523,CRUDEOIL15OCT2611200CE,CRUDEOIL,15OCT2026,1120000.000000,100,OPTFUT,MCX,10.000000,10000,False
580526,CRUDEOIL15OCT2611350CE,CRUDEOIL,15OCT2026,1135000.000000,100,OPTFUT,MCX,10.000000,10000,False
580541,CRUDEOIL15OCT267200PE,CRUDEOIL,15OCT2026,720000.000000,100,OPTFUT,MCX,10.000000,10000,False
582604,GOLD30JUN27143500PE,GOLD,30JUN2027,14350000.000000,1,OPTFUT,MCX,50.000000,100,False
582610,GOLD30JUN27140500PE,GOLD,30JUN2027,14050000.000000,1,OPTFUT,MCX,50.000000,100,False
582612,GOLD30JUN27139500PE,GOLD,30JUN2027,13950000.000000,1,OPTFUT,MCX,50.000000,100,False
582619,GOLD30JUN27136000PE,GOLD,30JUN2027,13600000.000000,1,OPTFUT,MCX,50.000000,100,False
582620,GOLD30JUN27135500PE,GOLD,30JUN2027,13550000.000000,1,OPTFUT,MCX,50.000000,100,False
582622,GOLD30JUN27161500PE,GOLD,30JUN2027,16150000.000000,1,OPTFUT,MCX,50.000000,100,False
582630,GOLD30JUN27165500PE,GOLD,30JUN2027,16550000.000000,1,OPTFUT,MCX,50.000000,100,False
582632,GOLD30JUN27166500PE,GOLD,30JUN2027,16650000.000000,1,OPTFUT,MCX,50.000000,100,False
580597,CRUDEOIL15OCT264400PE,CRUDEOIL,15OCT2026,440000.000000,100,OPTFUT,MCX,10.000000,10000,False
580604,CRUDEOIL15OCT264050PE,CRUDEOIL,15OCT2026,405000.000000,100,OPTFUT,MCX,10.000000,10000,False
580609,CRUDEOIL15OCT267950PE,CRUDEOIL,15OCT2026,795000.000000,100,OPTFUT,MCX,10.000000,10000,False
580620,CRUDEOIL15OCT268500PE,CRUDEOIL,15OCT2026,850000.000000,100,OPTFUT,MCX,10.000000,10000,False
582644,GOLD30JUN27172500PE,GOLD,30JUN2027,17250000.000000,1,OPTFUT,MCX,50.000000,100,False
582647,GOLD30JUN27174000PE,GOLD,30JUN2027,17400000.000000,1,OPTFUT,MCX,50.000000,100,False
582657,GOLD30JUN27179000PE,GOLD,30JUN2027,17900000.000000,1,OPTFUT,MCX,50.000000,100,False
582658,GOLD30JUN27179500PE,GOLD,30JUN2027,17950000.000000,1,OPTFUT,MCX,50.000000,100,False
580626,CRUDEOIL15OCT268800PE,CRUDEOIL,15OCT2026,880000.000000,100,OPTFUT,MCX,10.000000,10000,False
580630,CRUDEOIL15OCT269000PE,CRUDEOIL,15OCT2026,900000.000000,100,OPTFUT,MCX,10.000000,10000,False
580631,CRUDEOIL15OCT269050PE,CRUDEOIL,15OCT2026,905000.000000,100,OPTFUT,MCX,10.000000,10000,False
580655,CRUDEOIL15OCT2610250PE,CRUDEOIL,15OCT2026,1025000.000000,100,OPTFUT,MCX,10.000000,10000,False
582696,GOLD29JUL27147500PE,GOLD,29JUL2027,14750000.000000,1,OPTFUT,MCX,50.000000,100,False
582707,GOLD29JUL27142000PE,GOLD,29JUL2027,14200000.000000,1,OPTFUT,MCX,50.000000,100,False
582717,GOLD29JUL27137000PE,GOLD,29JUL2027,13700000.000000,1,OPTFUT,MCX,50.000000,100,False
582718,GOLD29JUL27136500PE,GOLD,29JUL2027,13650000.000000,1,OPTFUT,MCX,50.000000,100,False
580657,CRUDEOIL15OCT2610350PE,CRUDEOIL,15OCT2026,1035000.000000,100,OPTFUT,MCX,10.000000,10000,False
580668,CRUDEOIL15OCT2610900PE,CRUDEOIL,15OCT2026,1090000.000000,100,OPTFUT,MCX,10.000000,10000,False
580680,CRUDEOIL15OCT2611500PE,CRUDEOIL,15OCT2026,1150000.000000,100,OPTFUT,MCX,10.000000,10000,False
580706,CRUDEOILM15OCT266500CE,CRUDEOILM,15OCT2026,650000.000000,10,OPTFUT,MCX,5.000000,10000,False
580716,CRUDEOILM15OCT266000CE,CRUDEOILM,15OCT2026,600000.000000,10,OPTFUT,MCX,5.000000,10000,False
580718,CRUDEOILM15OCT265900CE,CRUDEOILM,15OCT2026,590000.000000,10,OPTFUT,MCX,5.000000,10000,False
580719,CRUDEOILM15OCT265850CE,CRUDEOILM,15OCT2026,585000.000000,10,OPTFUT,MCX,5.000000,10000,False
580721,CRUDEOILM15OCT265750CE,CRUDEOILM,15OCT2026,575000.000000,10,OPTFUT,MCX,5.000000,10000,False
582724,GOLD29JUL27162500PE,GOLD,29JUL2027,16250000.000000,1,OPTFUT,MCX,50.000000,100,False
582742,GOLD29JUL27171500PE,GOLD,29JUL2027,17150000.000000,1,OPTFUT,MCX,50.000000,100,False
582780,GOLD30JUN27187500CE,GOLD,30JUN2027,18750000.000000,1,OPTFUT,MCX,50.000000,100,False
582781,GOLD30JUN27188000CE,GOLD,30JUN2027,18800000.000000,1,OPTFUT,MCX,50.000000,100,False
580741,CRUDEOILM15OCT264750CE,CRUDEOILM,15OCT2026,475000.000000,10,OPTFUT,MCX,5.000000,10000,False
580745,CRUDEOILM15OCT264550CE,CRUDEOILM,15OCT2026,455000.000000,10,OPTFUT,MCX,5.000000,10000,False
580746,CRUDEOILM15OCT264500CE,CRUDEOILM,15OCT2026,450000.000000,10,OPTFUT,MCX,5.000000,10000,False
580759,CRUDEOILM15OCT267900CE,CRUDEOILM,15OCT2026,790000.000000,10,OPTFUT,MCX,5.000000,10000,False
582806,GOLD29JUL27188500PE,GOLD,29JUL2027,18850000.000000,1,OPTFUT,MCX,50.000000,100,False
582811,GOLDM29OCT26181500CE,GOLDM,29OCT2026,18150000.000000,100,OPTFUT,MCX,50.000000,10000,False
582814,GOLDM25SEP26181000PE,GOLDM,25SEP2026,18100000.000000,100,OPTFUT,MCX,50.000000,10000,False
582815,GOLDM29OCT26181500PE,GOLDM,29OCT2026,18150000.000000,100,OPTFUT,MCX,50.000000,10000,False
580775,CRUDEOILM15OCT268700CE,CRUDEOILM,15OCT2026,870000.000000,10,OPTFUT,MCX,5.000000,10000,False
580776,CRUDEOILM15OCT268750CE,CRUDEOILM,15OCT2026,875000.000000,10,OPTFUT,MCX,5.000000,10000,False
580790,CRUDEOILM15OCT269450CE,CRUDEOILM,15OCT2026,945000.000000,10,OPTFUT,MCX,5.000000,10000,False
580791,CRUDEOILM15OCT269500CE,CRUDEOILM,15OCT2026,950000.000000,10,OPTFUT,MCX,5.000000,10000,False
582832,CRUDEOILM17NOV267900PE,CRUDEOILM,17NOV2026,790000.000000,10,OPTFUT,MCX,5.000000,10000,False
582837,CRUDEOIL17NOV267700CE,CRUDEOIL,17NOV2026,770000.000000,100,OPTFUT,MCX,10.000000,10000,False
582859,CRUDEOIL17NOV266600CE,CRUDEOIL,17NOV2026,660000.000000,100,OPTFUT,MCX,10.000000,10000,False
582867,CRUDEOIL17NOV266200CE,CRUDEOIL,17NOV2026,620000.000000,100,OPTFUT,MCX,10.000000,10000,False
580799,CRUDEOILM15OCT269900CE,CRUDEOILM,15OCT2026,990000.000000,10,OPTFUT,MCX,5.000000,10000,False
580805,CRUDEOILM15OCT2610200CE,CRUDEOILM,15OCT2026,1020000.000000,10,OPTFUT,MCX,5.000000,10000,False
580825,CRUDEOILM15OCT2611200CE,CRUDEOILM,15OCT2026,1120000.000000,10,OPTFUT,MCX,5.000000,10000,False
580837,CRUDEOILM15OCT267500PE,CRUDEOILM,15OCT2026,750000.000000,10,OPTFUT,MCX,5.000000,10000,False
582872,CRUDEOIL17NOV265950CE,CRUDEOIL,17NOV2026,595000.000000,100,OPTFUT,MCX,10.000000,10000,False
582873,CRUDEOIL17NOV265900CE,CRUDEOIL,17NOV2026,590000.000000,100,OPTFUT,MCX,10.000000,10000,False
582895,CRUDEOIL17NOV264800CE,CRUDEOIL,17NOV2026,480000.000000,100,OPTFUT,MCX,10.000000,10000,False
582897,CRUDEOIL17NOV264700CE,CRUDEOIL,17NOV2026,470000.000000,100,OPTFUT,MCX,10.000000,10000,False
580844,CRUDEOILM15OCT267150PE,CRUDEOILM,15OCT2026,715000.000000,10,OPTFUT,MCX,5.000000,10000,False
580848,CRUDEOILM15OCT266950PE,CRUDEOILM,15OCT2026,695000.000000,10,OPTFUT,MCX,5.000000,10000,False
580855,CRUDEOILM15OCT266600PE,CRUDEOILM,15OCT2026,660000.000000,10,OPTFUT,MCX,5.000000,10000,False
580857,CRUDEOILM15OCT266500PE,CRUDEOILM,15OCT2026,650000.000000,10,OPTFUT,MCX,5.000000,10000,False
582899,CRUDEOIL17NOV264600CE,CRUDEOIL,17NOV2026,460000.000000,100,OPTFUT,MCX,10.000000,10000,False
582907,CRUDEOIL17NOV264200CE,CRUDEOIL,17NOV2026,420000.000000,100,OPTFUT,MCX,10.000000,10000,False
582914,CRUDEOIL17NOV268200CE,CRUDEOIL,17NOV2026,820000.000000,100,OPTFUT,MCX,10.000000,10000,False
582916,CRUDEOIL17NOV268300CE,CRUDEOIL,17NOV2026,830000.000000,100,OPTFUT,MCX,10.000000,10000,False
580865,CRUDEOILM15OCT266100PE,CRUDEOILM,15OCT2026,610000.000000,10,OPTFUT,MCX,5.000000,10000,False
580870,CRUDEOILM15OCT265850PE,CRUDEOILM,15OCT2026,585000.000000,10,OPTFUT,MCX,5.000000,10000,False
580884,CRUDEOILM15OCT265150PE,CRUDEOILM,15OCT2026,515000.000000,10,OPTFUT,MCX,5.000000,10000,False
580891,CRUDEOILM15OCT264800PE,CRUDEOILM,15OCT2026,480000.000000,10,OPTFUT,MCX,5.000000,10000,False
582920,CRUDEOIL17NOV268500CE,CRUDEOIL,17NOV2026,850000.000000,100,OPTFUT,MCX,10.000000,10000,False
582926,CRUDEOIL17NOV268800CE,CRUDEOIL,17NOV2026,880000.000000,100,OPTFUT,MCX,10.000000,10000,False
582930,CRUDEOIL17NOV269000CE,CRUDEOIL,17NOV2026,900000.000000,100,OPTFUT,MCX,10.000000,10000,False
582937,CRUDEOIL17NOV269350CE,CRUDEOIL,17NOV2026,935000.000000,100,OPTFUT,MCX,10.000000,10000,False
566837,SILVERM19FEB27236000CE,SILVERM,19FEB2027,23600000.000000,5,OPTFUT,MCX,50.000000,600,False
566841,SILVERM19FEB27232000CE,SILVERM,19FEB2027,23200000.000000,5,OPTFUT,MCX,50.000000,600,False
566858,SILVERM24SEP26222000PE,SILVERM,24SEP2026,22200000.000000,5,OPTFUT,MCX,50.000000,600,False
566859,SILVERM24SEP26221000PE,SILVERM,24SEP2026,22100000.000000,5,OPTFUT,MCX,50.000000,600,False
580899,CRUDEOILM15OCT264400PE,CRUDEOILM,15OCT2026,440000.000000,10,OPTFUT,MCX,5.000000,10000,False
580903,CRUDEOILM15OCT264200PE,CRUDEOILM,15OCT2026,420000.000000,10,OPTFUT,MCX,5.000000,10000,False
580909,CRUDEOILM15OCT267850PE,CRUDEOILM,15OCT2026,785000.000000,10,OPTFUT,MCX,5.000000,10000,False
580910,CRUDEOILM15OCT267900PE,CRUDEOILM,15OCT2026,790000.000000,10,OPTFUT,MCX,5.000000,10000,False
582944,CRUDEOIL17NOV269700CE,CRUDEOIL,17NOV2026,970000.000000,100,OPTFUT,MCX,10.000000,10000,False
582952,CRUDEOIL17NOV2610100CE,CRUDEOIL,17NOV2026,1010000.000000,100,OPTFUT,MCX,10.000000,10000,False
582967,CRUDEOIL17NOV2610850CE,CRUDEOIL,17NOV2026,1085000.000000,100,OPTFUT,MCX,10.000000,10000,False
582975,CRUDEOIL17NOV2611250CE,CRUDEOIL,17NOV2026,1125000.000000,100,OPTFUT,MCX,10.000000,10000,False
566865,SILVERM27OCT26220000PE,SILVERM,27OCT2026,22000000.000000,5,OPTFUT,MCX,50.000000,600,False
566868,SILVERM23NOV26222000PE,SILVERM,23NOV2026,22200000.000000,5,OPTFUT,MCX,50.000000,600,False
566869,SILVERM23NOV26221000PE,SILVERM,23NOV2026,22100000.000000,5,OPTFUT,MCX,50.000000,600,False
566875,SILVERM28DEC26241000PE,SILVERM,28DEC2026,24100000.000000,5,OPTFUT,MCX,50.000000,600,False
582981,CRUDEOIL17NOV2611550CE,CRUDEOIL,17NOV2026,1155000.000000,100,OPTFUT,MCX,10.000000,10000,False
582983,CRUDEOIL17NOV2611650CE,CRUDEOIL,17NOV2026,1165000.000000,100,OPTFUT,MCX,10.000000,10000,False
582988,CRUDEOIL17NOV267650PE,CRUDEOIL,17NOV2026,765000.000000,100,OPTFUT,MCX,10.000000,10000,False
582993,CRUDEOIL17NOV267400PE,CRUDEOIL,17NOV2026,740000.000000,100,OPTFUT,MCX,10.000000,10000,False
580911,CRUDEOILM15OCT267950PE,CRUDEOILM,15OCT2026,795000.000000,10,OPTFUT,MCX,5.000000,10000,False
580918,CRUDEOILM15OCT268300PE,CRUDEOILM,15OCT2026,830000.000000,10,OPTFUT,MCX,5.000000,10000,False
580920,CRUDEOILM15OCT268400PE,CRUDEOILM,15OCT2026,840000.000000,10,OPTFUT,MCX,5.000000,10000,False
580925,CRUDEOILM15OCT268650PE,CRUDEOILM,15OCT2026,865000.000000,10,OPTFUT,MCX,5.000000,10000,False
566886,SILVERM28DEC26230000PE,SILVERM,28DEC2026,23000000.000000,5,OPTFUT,MCX,50.000000,600,False
566895,SILVERM25JAN27243000PE,SILVERM,25JAN2027,24300000.000000,5,OPTFUT,MCX,50.000000,600,False
566897,SILVERM25JAN27241000PE,SILVERM,25JAN2027,24100000.000000,5,OPTFUT,MCX,50.000000,600,False
566912,SILVERM25JAN27226000PE,SILVERM,25JAN2027,22600000.000000,5,OPTFUT,MCX,50.000000,600,False
583003,CRUDEOIL17NOV266900PE,CRUDEOIL,17NOV2026,690000.000000,100,OPTFUT,MCX,10.000000,10000,False
583030,CRUDEOIL17NOV265550PE,CRUDEOIL,17NOV2026,555000.000000,100,OPTFUT,MCX,10.000000,10000,False
583050,CRUDEOIL17NOV264550PE,CRUDEOIL,17NOV2026,455000.000000,100,OPTFUT,MCX,10.000000,10000,False
583057,CRUDEOIL17NOV264200PE,CRUDEOIL,17NOV2026,420000.000000,100,OPTFUT,MCX,10.000000,10000,False
580933,CRUDEOILM15OCT269050PE,CRUDEOILM,15OCT2026,905000.000000,10,OPTFUT,MCX,5.000000,10000,False
580939,CRUDEOILM15OCT269350PE,CRUDEOILM,15OCT2026,935000.000000,10,OPTFUT,MCX,5.000000,10000,False
580940,CRUDEOILM15OCT269400PE,CRUDEOILM,15OCT2026,940000.000000,10,OPTFUT,MCX,5.000000,10000,False
580941,CRUDEOILM15OCT269450PE,CRUDEOILM,15OCT2026,945000.000000,10,OPTFUT,MCX,5.000000,10000,False
566928,SILVERM19FEB27232000PE,SILVERM,19FEB2027,23200000.000000,5,OPTFUT,MCX,50.000000,600,False
567357,SILVER25JAN27217000CE,SILVER,25JAN2027,21700000.000000,30,OPTFUT,MCX,50.000000,600,False
567374,SILVER27OCT26208000PE,SILVER,27OCT2026,20800000.000000,30,OPTFUT,MCX,50.000000,600,False
567396,SILVERM24SEP26218000CE,SILVERM,24SEP2026,21800000.000000,5,OPTFUT,MCX,50.000000,600,False
583067,CRUDEOIL17NOV268350PE,CRUDEOIL,17NOV2026,835000.000000,100,OPTFUT,MCX,10.000000,10000,False
583071,CRUDEOIL17NOV268550PE,CRUDEOIL,17NOV2026,855000.000000,100,OPTFUT,MCX,10.000000,10000,False
583077,CRUDEOIL17NOV268850PE,CRUDEOIL,17NOV2026,885000.000000,100,OPTFUT,MCX,10.000000,10000,False
583116,CRUDEOIL17NOV2610800PE,CRUDEOIL,17NOV2026,1080000.000000,100,OPTFUT,MCX,10.000000,10000,False
580945,CRUDEOILM15OCT269650PE,CRUDEOILM,15OCT2026,965000.000000,10,OPTFUT,MCX,5.000000,10000,False
580956,CRUDEOILM15OCT2610200PE,CRUDEOILM,15OCT2026,1020000.000000,10,OPTFUT,MCX,5.000000,10000,False
580961,CRUDEOILM15OCT2610450PE,CRUDEOILM,15OCT2026,1045000.000000,10,OPTFUT,MCX,5.000000,10000,False
580972,CRUDEOILM15OCT2611000PE,CRUDEOILM,15OCT2026,1100000.000000,10,OPTFUT,MCX,5.000000,10000,False
583121,CRUDEOIL17NOV2611050PE,CRUDEOIL,17NOV2026,1105000.000000,100,OPTFUT,MCX,10.000000,10000,False
583122,CRUDEOIL17NOV2611100PE,CRUDEOIL,17NOV2026,1110000.000000,100,OPTFUT,MCX,10.000000,10000,False
583130,CRUDEOIL17NOV2611500PE,CRUDEOIL,17NOV2026,1150000.000000,100,OPTFUT,MCX,10.000000,10000,False
583134,GOLD30JUN27190000CE,GOLD,30JUN2027,19000000.000000,1,OPTFUT,MCX,50.000000,100,False
580991,CRUDEOIL15OCT2611600CE,CRUDEOIL,15OCT2026,1160000.000000,100,OPTFUT,MCX,10.000000,10000,False
580992,CRUDEOIL17SEP2611650PE,CRUDEOIL,17SEP2026,1165000.000000,100,OPTFUT,MCX,10.000000,10000,False
580997,CRUDEOILM17SEP2611650CE,CRUDEOILM,17SEP2026,1165000.000000,10,OPTFUT,MCX,5.000000,10000,False
580998,CRUDEOILM17SEP2611700CE,CRUDEOILM,17SEP2026,1170000.000000,10,OPTFUT,MCX,5.000000,10000,False
583155,GOLDM29OCT26183000CE,GOLDM,29OCT2026,18300000.000000,100,OPTFUT,MCX,50.000000,10000,False
583167,SILVER28JUN27298000CE,SILVER,28JUN2027,29800000.000000,30,OPTFUT,MCX,50.000000,600,False
583177,CRUDEOILM17NOV267500CE,CRUDEOILM,17NOV2026,750000.000000,10,OPTFUT,MCX,5.000000,10000,False
583178,CRUDEOILM17NOV267450CE,CRUDEOILM,17NOV2026,745000.000000,10,OPTFUT,MCX,5.000000,10000,False
567406,SILVERM28DEC26221000CE,SILVERM,28DEC2026,22100000.000000,5,OPTFUT,MCX,50.000000,600,False
567437,SILVERM25JAN27223000PE,SILVERM,25JAN2027,22300000.000000,5,OPTFUT,MCX,50.000000,600,False
567439,SILVERM25JAN27221000PE,SILVERM,25JAN2027,22100000.000000,5,OPTFUT,MCX,50.000000,600,False
567441,SILVERM19FEB27222000PE,SILVERM,19FEB2027,22200000.000000,5,OPTFUT,MCX,50.000000,600,False
581004,CRUDEOILM15OCT2611550PE,CRUDEOILM,15OCT2026,1155000.000000,10,OPTFUT,MCX,5.000000,10000,False
581007,CRUDEOIL17SEP2611900CE,CRUDEOIL,17SEP2026,1190000.000000,100,OPTFUT,MCX,10.000000,10000,False
581010,CRUDEOIL17SEP2611850PE,CRUDEOIL,17SEP2026,1185000.000000,100,OPTFUT,MCX,10.000000,10000,False
581018,SILVERM26MAY27285000CE,SILVERM,26MAY2027,28500000.000000,5,OPTFUT,MCX,50.000000,600,False
583254,CRUDEOILM17NOV268400CE,CRUDEOILM,17NOV2026,840000.000000,10,OPTFUT,MCX,5.000000,10000,False
583256,CRUDEOILM17NOV268500CE,CRUDEOILM,17NOV2026,850000.000000,10,OPTFUT,MCX,5.000000,10000,False
583257,CRUDEOILM17NOV268550CE,CRUDEOILM,17NOV2026,855000.000000,10,OPTFUT,MCX,5.000000,10000,False
583259,CRUDEOILM17NOV268650CE,CRUDEOILM,17NOV2026,865000.000000,10,OPTFUT,MCX,5.000000,10000,False
567442,SILVERM19FEB27221000PE,SILVERM,19FEB2027,22100000.000000,5,OPTFUT,MCX,50.000000,600,False
567552,GOLD25SEP26125000CE,GOLD,25SEP2026,12500000.000000,1,OPTFUT,MCX,50.000000,100,False
567553,GOLD25SEP26124500CE,GOLD,25SEP2026,12450000.000000,1,OPTFUT,MCX,50.000000,100,False
567558,GOLD30OCT26131500CE,GOLD,30OCT2026,13150000.000000,1,OPTFUT,MCX,50.000000,100,False
581021,SILVERM26MAY27284000PE,SILVERM,26MAY2027,28400000.000000,5,OPTFUT,MCX,50.000000,600,False
581032,CRUDEOILM17SEP2611850CE,CRUDEOILM,17SEP2026,1185000.000000,10,OPTFUT,MCX,5.000000,10000,False
581040,CRUDEOILM15OCT2611650PE,CRUDEOILM,15OCT2026,1165000.000000,10,OPTFUT,MCX,5.000000,10000,False
581056,CRUDEOIL15OCT2612000CE,CRUDEOIL,15OCT2026,1200000.000000,100,OPTFUT,MCX,10.000000,10000,False
583260,CRUDEOILM17NOV268700CE,CRUDEOILM,17NOV2026,870000.000000,10,OPTFUT,MCX,5.000000,10000,False
583293,CRUDEOILM17NOV2610350CE,CRUDEOILM,17NOV2026,1035000.000000,10,OPTFUT,MCX,5.000000,10000,False
583297,CRUDEOILM17NOV2610550CE,CRUDEOILM,17NOV2026,1055000.000000,10,OPTFUT,MCX,5.000000,10000,False
583326,CRUDEOILM17NOV267550PE,CRUDEOILM,17NOV2026,755000.000000,10,OPTFUT,MCX,5.000000,10000,False
567562,GOLD30OCT26129500CE,GOLD,30OCT2026,12950000.000000,1,OPTFUT,MCX,50.000000,100,False
567570,GOLD30OCT26125500CE,GOLD,30OCT2026,12550000.000000,1,OPTFUT,MCX,50.000000,100,False
567575,GOLD27NOV26130000CE,GOLD,27NOV2026,13000000.000000,1,OPTFUT,MCX,50.000000,100,False
567585,GOLD31DEC26135500CE,GOLD,31DEC2026,13550000.000000,1,OPTFUT,MCX,50.000000,100,False
581064,CRUDEOIL17SEP2612300PE,CRUDEOIL,17SEP2026,1230000.000000,100,OPTFUT,MCX,10.000000,10000,False
581070,CRUDEOIL15OCT2611900PE,CRUDEOIL,15OCT2026,1190000.000000,100,OPTFUT,MCX,10.000000,10000,False
581094,CRUDEOILM17SEP2612100PE,CRUDEOILM,17SEP2026,1210000.000000,10,OPTFUT,MCX,5.000000,10000,False
581095,CRUDEOILM17SEP2612150PE,CRUDEOILM,17SEP2026,1215000.000000,10,OPTFUT,MCX,5.000000,10000,False
583327,CRUDEOILM17NOV267500PE,CRUDEOILM,17NOV2026,750000.000000,10,OPTFUT,MCX,5.000000,10000,False
583332,CRUDEOILM17NOV267250PE,CRUDEOILM,17NOV2026,725000.000000,10,OPTFUT,MCX,5.000000,10000,False
583336,CRUDEOILM17NOV267050PE,CRUDEOILM,17NOV2026,705000.000000,10,OPTFUT,MCX,5.000000,10000,False
583343,CRUDEOILM17NOV266700PE,CRUDEOILM,17NOV2026,670000.000000,10,OPTFUT,MCX,5.000000,10000,False
581098,CRUDEOILM17SEP2612300PE,CRUDEOILM,17SEP2026,1230000.000000,10,OPTFUT,MCX,5.000000,10000,False
581104,CRUDEOILM15OCT2611900PE,CRUDEOILM,15OCT2026,1190000.000000,10,OPTFUT,MCX,5.000000,10000,False
581133,NATGASMINI23OCT26290CE,NATGASMINI,23OCT2026,29000.000000,250,OPTFUT,MCX,5.000000,60000,False
581155,NATURALGAS23OCT26265CE,NATURALGAS,23OCT2026,26500.000000,1250,OPTFUT,MCX,5.000000,60000,False
583362,CRUDEOILM17NOV265750PE,CRUDEOILM,17NOV2026,575000.000000,10,OPTFUT,MCX,5.000000,10000,False
583382,CRUDEOILM17NOV264750PE,CRUDEOILM,17NOV2026,475000.000000,10,OPTFUT,MCX,5.000000,10000,False
583386,CRUDEOILM17NOV264550PE,CRUDEOILM,17NOV2026,455000.000000,10,OPTFUT,MCX,5.000000,10000,False
583387,CRUDEOILM17NOV264500PE,CRUDEOILM,17NOV2026,450000.000000,10,OPTFUT,MCX,5.000000,10000,False
567606,GOLD29JAN27132500CE,GOLD,29JAN2027,13250000.000000,1,OPTFUT,MCX,50.000000,100,False
567612,GOLD29JAN27129500CE,GOLD,29JAN2027,12950000.000000,1,OPTFUT,MCX,50.000000,100,False
567613,GOLD29JAN27129000CE,GOLD,29JAN2027,12900000.000000,1,OPTFUT,MCX,50.000000,100,False
567654,GOLD25SEP26129000PE,GOLD,25SEP2026,12900000.000000,1,OPTFUT,MCX,50.000000,100,False
581166,NATURALGAS23OCT26210CE,NATURALGAS,23OCT2026,21000.000000,1250,OPTFUT,MCX,5.000000,60000,False
581171,NATURALGAS23OCT26185CE,NATURALGAS,23OCT2026,18500.000000,1250,OPTFUT,MCX,5.000000,60000,False
581175,NATURALGAS23OCT26165CE,NATURALGAS,23OCT2026,16500.000000,1250,OPTFUT,MCX,5.000000,60000,False
581192,NATURALGAS23OCT26300CE,NATURALGAS,23OCT2026,30000.000000,1250,OPTFUT,MCX,5.000000,60000,False
567673,GOLD30OCT26129000PE,GOLD,30OCT2026,12900000.000000,1,OPTFUT,MCX,50.000000,100,False
567676,GOLD30OCT26127500PE,GOLD,30OCT2026,12750000.000000,1,OPTFUT,MCX,50.000000,100,False
567677,GOLD30OCT26127000PE,GOLD,30OCT2026,12700000.000000,1,OPTFUT,MCX,50.000000,100,False
567682,GOLD27NOV26131500PE,GOLD,27NOV2026,13150000.000000,1,OPTFUT,MCX,50.000000,100,False
583390,CRUDEOILM17NOV264350PE,CRUDEOILM,17NOV2026,435000.000000,10,OPTFUT,MCX,5.000000,10000,False
583393,CRUDEOILM17NOV264200PE,CRUDEOILM,17NOV2026,420000.000000,10,OPTFUT,MCX,5.000000,10000,False
583401,CRUDEOILM17NOV268250PE,CRUDEOILM,17NOV2026,825000.000000,10,OPTFUT,MCX,5.000000,10000,False
583403,CRUDEOILM17NOV268350PE,CRUDEOILM,17NOV2026,835000.000000,10,OPTFUT,MCX,5.000000,10000,False
581218,NATURALGAS23OCT26430CE,NATURALGAS,23OCT2026,43000.000000,1250,OPTFUT,MCX,5.000000,60000,False
581224,NATURALGAS23OCT26460CE,NATURALGAS,23OCT2026,46000.000000,1250,OPTFUT,MCX,5.000000,60000,False
581240,NATURALGAS23OCT26260PE,NATURALGAS,23OCT2026,26000.000000,1250,OPTFUT,MCX,5.000000,60000,False
581257,NATURALGAS23OCT26175PE,NATURALGAS,23OCT2026,17500.000000,1250,OPTFUT,MCX,5.000000,60000,False
567685,GOLD27NOV26130000PE,GOLD,27NOV2026,13000000.000000,1,OPTFUT,MCX,50.000000,100,False
567705,GOLD31DEC26130500PE,GOLD,31DEC2026,13050000.000000,1,OPTFUT,MCX,50.000000,100,False
567712,GOLD29JAN27134500PE,GOLD,29JAN2027,13450000.000000,1,OPTFUT,MCX,50.000000,100,False
567824,SILVER25JAN27210000CE,SILVER,25JAN2027,21000000.000000,30,OPTFUT,MCX,50.000000,600,False
583409,CRUDEOILM17NOV268650PE,CRUDEOILM,17NOV2026,865000.000000,10,OPTFUT,MCX,5.000000,10000,False
583411,CRUDEOILM17NOV268750PE,CRUDEOILM,17NOV2026,875000.000000,10,OPTFUT,MCX,5.000000,10000,False
583428,CRUDEOILM17NOV269600PE,CRUDEOILM,17NOV2026,960000.000000,10,OPTFUT,MCX,5.000000,10000,False
583433,CRUDEOILM17NOV269850PE,CRUDEOILM,17NOV2026,985000.000000,10,OPTFUT,MCX,5.000000,10000,False
581262,NATURALGAS23OCT26150PE,NATURALGAS,23OCT2026,15000.000000,1250,OPTFUT,MCX,5.000000,60000,False
581274,NATURALGAS23OCT2690PE,NATURALGAS,23OCT2026,9000.000000,1250,OPTFUT,MCX,5.000000,60000,False
581281,NATURALGAS23OCT26325PE,NATURALGAS,23OCT2026,32500.000000,1250,OPTFUT,MCX,5.000000,60000,False
581323,SILVER26MAY27188000CE,SILVER,26MAY2027,18800000.000000,30,OPTFUT,MCX,50.000000,600,False
583452,CRUDEOILM17NOV2610800PE,CRUDEOILM,17NOV2026,1080000.000000,10,OPTFUT,MCX,5.000000,10000,False
583477,MCXBULLDEX25SEP2639400PE,MCXBULLDEX,25SEP2026,3940000.000000,30,OPTIDX,MCX,5.000000,900,False
583481,MCXBULLDEX28OCT2639500PE,MCXBULLDEX,28OCT2026,3950000.000000,30,OPTIDX,MCX,5.000000,900,False
583482,CRUDEOIL17NOV2611700CE,CRUDEOIL,17NOV2026,1170000.000000,100,OPTFUT,MCX,10.000000,10000,False
581332,SILVER28APR27186000PE,SILVER,28APR2027,18600000.000000,30,OPTFUT,MCX,50.000000,600,False
581344,SILVERM28DEC26189000CE,SILVERM,28DEC2026,18900000.000000,5,OPTFUT,MCX,50.000000,600,False
581355,SILVERM24SEP26183000PE,SILVERM,24SEP2026,18300000.000000,5,OPTFUT,MCX,50.000000,600,False
581357,SILVERM27OCT26183000PE,SILVERM,27OCT2026,18300000.000000,5,OPTFUT,MCX,50.000000,600,False
567825,SILVER26FEB27215000CE,SILVER,26FEB2027,21500000.000000,30,OPTFUT,MCX,50.000000,600,False
567849,SILVER27OCT26205000PE,SILVER,27OCT2026,20500000.000000,30,OPTFUT,MCX,50.000000,600,False
567862,SILVER28DEC26210000PE,SILVER,28DEC2026,21000000.000000,30,OPTFUT,MCX,50.000000,600,False
567892,SILVERM23NOV26215000CE,SILVERM,23NOV2026,21500000.000000,5,OPTFUT,MCX,50.000000,600,False
583487,GOLD30JUN27192500CE,GOLD,30JUN2027,19250000.000000,1,OPTFUT,MCX,50.000000,100,False
583488,GOLD30JUN27193000CE,GOLD,30JUN2027,19300000.000000,1,OPTFUT,MCX,50.000000,100,False
583513,GOLDM25SEP26184000PE,GOLDM,25SEP2026,18400000.000000,100,OPTFUT,MCX,50.000000,10000,False
583521,SILVER26MAY27302000CE,SILVER,26MAY2027,30200000.000000,30,OPTFUT,MCX,50.000000,600,False
581358,SILVERM23NOV26184000PE,SILVERM,23NOV2026,18400000.000000,5,OPTFUT,MCX,50.000000,600,False
581380,CRUDEOILM15OCT263550PE,CRUDEOILM,15OCT2026,355000.000000,10,OPTFUT,MCX,5.000000,10000,False
581383,NATGASMINI23SEP2670CE,NATGASMINI,23SEP2026,7000.000000,250,OPTFUT,MCX,5.000000,60000,False
581399,NATGASMINI23OCT26215CE,NATGASMINI,23OCT2026,21500.000000,250,OPTFUT,MCX,5.000000,60000,False
567895,SILVERM28DEC26220000CE,SILVERM,28DEC2026,22000000.000000,5,OPTFUT,MCX,50.000000,600,False
567900,SILVERM25JAN27219000CE,SILVERM,25JAN2027,21900000.000000,5,OPTFUT,MCX,50.000000,600,False
567927,SILVERM28DEC26220000PE,SILVERM,28DEC2026,22000000.000000,5,OPTFUT,MCX,50.000000,600,False
567938,SILVERM19FEB27217000PE,SILVERM,19FEB2027,21700000.000000,5,OPTFUT,MCX,50.000000,600,False
581403,NATGASMINI23OCT26195CE,NATGASMINI,23OCT2026,19500.000000,250,OPTFUT,MCX,5.000000,60000,False
581416,NATGASMINI23OCT26130CE,NATGASMINI,23OCT2026,13000.000000,250,OPTFUT,MCX,5.000000,60000,False
581417,NATGASMINI23OCT26125CE,NATGASMINI,23OCT2026,12500.000000,250,OPTFUT,MCX,5.000000,60000,False
581459,NATGASMINI23OCT26465CE,NATGASMINI,23OCT2026,46500.000000,250,OPTFUT,MCX,5.000000,60000,False
568,MCXBULLDEXCOM,MCXBULLDEX,,0.000000,30,COMDTY,MCX,5.000000,99999999,False
568027,SILVER27OCT26202000CE,SILVER,27OCT2026,20200000.000000,30,OPTFUT,MCX,50.000000,600,False
568047,SILVERM28DEC26215000CE,SILVERM,28DEC2026,21500000.000000,5,OPTFUT,MCX,50.000000,600,False
568060,SILVERM24SEP26211000PE,SILVERM,24SEP2026,21100000.000000,5,OPTFUT,MCX,50.000000,600,False
581463,NATGASMINI23OCT26485CE,NATGASMINI,23OCT2026,48500.000000,250,OPTFUT,MCX,5.000000,60000,False
581495,NATGASMINI23OCT26155PE,NATGASMINI,23OCT2026,15500.000000,250,OPTFUT,MCX,5.000000,60000,False
581507,NATGASMINI23OCT2695PE,NATGASMINI,23OCT2026,9500.000000,250,OPTFUT,MCX,5.000000,60000,False
581516,NATGASMINI23OCT26330PE,NATGASMINI,23OCT2026,33000.000000,250,OPTFUT,MCX,5.000000,60000,False
583522,SILVER26MAY27303000CE,SILVER,26MAY2027,30300000.000000,30,OPTFUT,MCX,50.000000,600,False
583569,SILVERM23JUN27307000PE,SILVERM,23JUN2027,30700000.000000,5,OPTFUT,MCX,50.000000,600,False
568068,SILVERM25JAN27215000PE,SILVERM,25JAN2027,21500000.000000,5,OPTFUT,MCX,50.000000,600,False
568440,SILVER28DEC26206000CE,SILVER,28DEC2026,20600000.000000,30,OPTFUT,MCX,50.000000,600,False
568443,SILVER25JAN27207000CE,SILVER,25JAN2027,20700000.000000,30,OPTFUT,MCX,50.000000,600,False
568444,SILVER25JAN27206000CE,SILVER,25JAN2027,20600000.000000,30,OPTFUT,MCX,50.000000,600,False
581526,NATGASMINI23OCT26380PE,NATGASMINI,23OCT2026,38000.000000,250,OPTFUT,MCX,5.000000,60000,False
581537,NATGASMINI23OCT26435PE,NATGASMINI,23OCT2026,43500.000000,250,OPTFUT,MCX,5.000000,60000,False
581538,NATGASMINI23OCT26440PE,NATGASMINI,23OCT2026,44000.000000,250,OPTFUT,MCX,5.000000,60000,False
581549,MCXBULLDEX28OCT2632800CE,MCXBULLDEX,28OCT2026,3280000.000000,30,OPTIDX,MCX,5.000000,900,False
583559,SILVERM23JUN27307000CE,SILVERM,23JUN2027,30700000.000000,5,OPTFUT,MCX,50.000000,600,False
583567,SILVERM23JUN27305000PE,SILVERM,23JUN2027,30500000.000000,5,OPTFUT,MCX,50.000000,600,False
583576,MCXBULLDEX25SEP2639800CE,MCXBULLDEX,25SEP2026,3980000.000000,30,OPTIDX,MCX,5.000000,900,False
583602,GOLD29JUL27194000CE,GOLD,29JUL2027,19400000.000000,1,OPTFUT,MCX,50.000000,100,False
583608,GOLD30JUN27194000PE,GOLD,30JUN2027,19400000.000000,1,OPTFUT,MCX,50.000000,100,False
583611,GOLD30JUN27195500PE,GOLD,30JUN2027,19550000.000000,1,OPTFUT,MCX,50.000000,100,False
568472,SILVER27NOV26200000PE,SILVER,27NOV2026,20000000.000000,30,OPTFUT,MCX,50.000000,600,False
568475,SILVER28DEC26209000PE,SILVER,28DEC2026,20900000.000000,30,OPTFUT,MCX,50.000000,600,False
568480,SILVER25JAN27208000PE,SILVER,25JAN2027,20800000.000000,30,OPTFUT,MCX,50.000000,600,False
568483,SILVER26FEB27209000PE,SILVER,26FEB2027,20900000.000000,30,OPTFUT,MCX,50.000000,600,False
581552,NATURALGAS23OCT26495PE,NATURALGAS,23OCT2026,49500.000000,1250,OPTFUT,MCX,5.000000,60000,False
581562,MCXBULLDEX28OCT2632000CE,MCXBULLDEX,28OCT2026,3200000.000000,30,OPTIDX,MCX,5.000000,900,False
581567,MCXBULLDEX28OCT2631500CE,MCXBULLDEX,28OCT2026,3150000.000000,30,OPTIDX,MCX,5.000000,900,False
581573,MCXBULLDEX28OCT2630900CE,MCXBULLDEX,28OCT2026,3090000.000000,30,OPTIDX,MCX,5.000000,900,False
581574,MCXBULLDEX28OCT2630800CE,MCXBULLDEX,28OCT2026,3080000.000000,30,OPTIDX,MCX,5.000000,900,False
581592,MCXBULLDEX28OCT2633100CE,MCXBULLDEX,28OCT2026,3310000.000000,30,OPTIDX,MCX,5.000000,900,False
581618,MCXBULLDEX28OCT2635700CE,MCXBULLDEX,28OCT2026,3570000.000000,30,OPTIDX,MCX,5.000000,900,False
581622,MCXBULLDEX28OCT2636100CE,MCXBULLDEX,28OCT2026,3610000.000000,30,OPTIDX,MCX,5.000000,900,False
583614,GOLD29JUL27194000PE,GOLD,29JUL2027,19400000.000000,1,OPTFUT,MCX,50.000000,100,False
583626,GOLDM25SEP26185000CE,GOLDM,25SEP2026,18500000.000000,100,OPTFUT,MCX,50.000000,10000,False
583627,GOLDM25SEP26185500CE,GOLDM,25SEP2026,18550000.000000,100,OPTFUT,MCX,50.000000,10000,False
583631,GOLDM25SEP26187500CE,GOLDM,25SEP2026,18750000.000000,100,OPTFUT,MCX,50.000000,10000,False
581628,MCXBULLDEX28OCT2632400PE,MCXBULLDEX,28OCT2026,3240000.000000,30,OPTIDX,MCX,5.000000,900,False
581646,MCXBULLDEX28OCT2630600PE,MCXBULLDEX,28OCT2026,3060000.000000,30,OPTIDX,MCX,5.000000,900,False
581648,MCXBULLDEX28OCT2630400PE,MCXBULLDEX,28OCT2026,3040000.000000,30,OPTIDX,MCX,5.000000,900,False
581659,MCXBULLDEX28OCT2629300PE,MCXBULLDEX,28OCT2026,2930000.000000,30,OPTIDX,MCX,5.000000,900,False
583663,SILVER28JUN27310000CE,SILVER,28JUN2027,31000000.000000,30,OPTFUT,MCX,50.000000,600,False
583682,SILVERM26MAY27308000PE,SILVERM,26MAY2027,30800000.000000,5,OPTFUT,MCX,50.000000,600,False
583683,SILVERM26MAY27309000PE,SILVERM,26MAY2027,30900000.000000,5,OPTFUT,MCX,50.000000,600,False
583690,SILVERM23JUN27311000PE,SILVERM,23JUN2027,31100000.000000,5,OPTFUT,MCX,50.000000,600,False
581662,MCXBULLDEX28OCT2633100PE,MCXBULLDEX,28OCT2026,3310000.000000,30,OPTIDX,MCX,5.000000,900,False
581663,MCXBULLDEX28OCT2633200PE,MCXBULLDEX,28OCT2026,3320000.000000,30,OPTIDX,MCX,5.000000,900,False
581670,MCXBULLDEX28OCT2633900PE,MCXBULLDEX,28OCT2026,3390000.000000,30,OPTIDX,MCX,5.000000,900,False
581695,MCXBULLDEX28OCT2636400CE,MCXBULLDEX,28OCT2026,3640000.000000,30,OPTIDX,MCX,5.000000,900,False
583705,MCXBULLDEX25SEP2640400CE,MCXBULLDEX,25SEP2026,4040000.000000,30,OPTIDX,MCX,5.000000,900,False
583706,MCXBULLDEX25SEP2640500CE,MCXBULLDEX,25SEP2026,4050000.000000,30,OPTIDX,MCX,5.000000,900,False
583720,MCXBULLDEX25SEP2640500PE,MCXBULLDEX,25SEP2026,4050000.000000,30,OPTIDX,MCX,5.000000,900,False
583721,MCXBULLDEX25SEP2640600PE,MCXBULLDEX,25SEP2026,4060000.000000,30,OPTIDX,MCX,5.000000,900,False
568503,SILVERM27OCT26210000CE,SILVERM,27OCT2026,21000000.000000,5,OPTFUT,MCX,50.000000,600,False
568518,SILVERM25JAN27213000CE,SILVERM,25JAN2027,21300000.000000,5,OPTFUT,MCX,50.000000,600,False
568524,SILVERM19FEB27211000CE,SILVERM,19FEB2027,21100000.000000,5,OPTFUT,MCX,50.000000,600,False
568536,SILVERM24SEP26210000PE,SILVERM,24SEP2026,21000000.000000,5,OPTFUT,MCX,50.000000,600,False
581696,MCXBULLDEX28OCT2636500CE,MCXBULLDEX,28OCT2026,3650000.000000,30,OPTIDX,MCX,5.000000,900,False
581701,COPPER23NOV261360CE,COPPER,23NOV2026,136000.000000,2500,OPTFUT,MCX,1.000000,70000,False
581712,ALUMINIUM31DEC26FUT,ALUMINIUM,31DEC2026,0.000000,5,FUTCOM,MCX,5.000000,150,False
581719,ZINC31DEC26FUT,ZINC,31DEC2026,0.000000,5,FUTCOM,MCX,5.000000,100,False
583722,MCXBULLDEX25SEP2640700PE,MCXBULLDEX,25SEP2026,4070000.000000,30,OPTIDX,MCX,5.000000,900,False
583723,MCXBULLDEX28OCT2640100PE,MCXBULLDEX,28OCT2026,4010000.000000,30,OPTIDX,MCX,5.000000,900,False
583745,CRUDEOIL17NOV264100CE,CRUDEOIL,17NOV2026,410000.000000,100,OPTFUT,MCX,10.000000,10000,False
583762,GOLD29JUL27200000CE,GOLD,29JUL2027,20000000.000000,1,OPTFUT,MCX,50.000000,100,False
568542,SILVERM27OCT26209000PE,SILVERM,27OCT2026,20900000.000000,5,OPTFUT,MCX,50.000000,600,False
568547,SILVERM23NOV26209000PE,SILVERM,23NOV2026,20900000.000000,5,OPTFUT,MCX,50.000000,600,False
568550,SILVERM23NOV26206000PE,SILVERM,23NOV2026,20600000.000000,5,OPTFUT,MCX,50.000000,600,False
568560,SILVERM19FEB27213000PE,SILVERM,19FEB2027,21300000.000000,5,OPTFUT,MCX,50.000000,600,False
581725,COPPER23NOV261340CE,COPPER,23NOV2026,134000.000000,2500,OPTFUT,MCX,1.000000,70000,False
581731,COPPER23NOV261280CE,COPPER,23NOV2026,128000.000000,2500,OPTFUT,MCX,1.000000,70000,False
581736,COPPER23NOV261230CE,COPPER,23NOV2026,123000.000000,2500,OPTFUT,MCX,1.000000,70000,False
581748,COPPER23NOV261460CE,COPPER,23NOV2026,146000.000000,2500,OPTFUT,MCX,1.000000,70000,False
583790,SILVERM23JUN27313000CE,SILVERM,23JUN2027,31300000.000000,5,OPTFUT,MCX,50.000000,600,False
583821,CRUDEOILM17NOV264000PE,CRUDEOILM,17NOV2026,400000.000000,10,OPTFUT,MCX,5.000000,10000,False
583829,NATURALGAS23FEB27FUT,NATURALGAS,23FEB2027,0.000000,1250,FUTCOM,MCX,10.000000,60000,False
583834,NATURALGAS20NOV26320CE,NATURALGAS,20NOV2026,32000.000000,1250,OPTFUT,MCX,5.000000,60000,False
569451,GOLD26FEB27155000CE,GOLD,26FEB2027,15500000.000000,1,OPTFUT,MCX,50.000000,100,False
581755,COPPER23NOV261340PE,COPPER,23NOV2026,134000.000000,2500,OPTFUT,MCX,1.000000,70000,False
581759,COPPER23NOV261300PE,COPPER,23NOV2026,130000.000000,2500,OPTFUT,MCX,1.000000,70000,False
581772,COPPER23NOV261400PE,COPPER,23NOV2026,140000.000000,2500,OPTFUT,MCX,1.000000,70000,False
568838,GOLDGUINEA30SEP26FUT,GOLDGUINEA,30SEP2026,0.000000,8,FUTCOM,MCX,100.000000,10000,False
569436,GOLD26FEB27162500CE,GOLD,26FEB2027,16250000.000000,1,OPTFUT,MCX,50.000000,100,False
569437,GOLD26FEB27162000CE,GOLD,26FEB2027,16200000.000000,1,OPTFUT,MCX,50.000000,100,False
581764,COPPER23NOV261250PE,COPPER,23NOV2026,125000.000000,2500,OPTFUT,MCX,1.000000,70000,False
583839,NATURALGAS20NOV26295CE,NATURALGAS,20NOV2026,29500.000000,1250,OPTFUT,MCX,5.000000,60000,False
583875,NATURALGAS20NOV26365CE,NATURALGAS,20NOV2026,36500.000000,1250,OPTFUT,MCX,5.000000,60000,False
583876,NATURALGAS20NOV26370CE,NATURALGAS,20NOV2026,37000.000000,1250,OPTFUT,MCX,5.000000,60000,False
583888,NATURALGAS20NOV26430CE,NATURALGAS,20NOV2026,43000.000000,1250,OPTFUT,MCX,5.000000,60000,False
581773,COPPER23NOV261410PE,COPPER,23NOV2026,141000.000000,2500,OPTFUT,MCX,1.000000,70000,False
581789,ZINC23NOV26355CE,ZINC,23NOV2026,35500.000000,5,OPTFUT,MCX,1.000000,100,False
581819,ZINC23NOV26320PE,ZINC,23NOV2026,32000.000000,5,OPTFUT,MCX,1.000000,100,False
581844,CRUDEOIL15OCT263300CE,CRUDEOIL,15OCT2026,330000.000000,100,OPTFUT,MCX,10.000000,10000,False
583890,NATURALGAS20NOV26440CE,NATURALGAS,20NOV2026,44000.000000,1250,OPTFUT,MCX,5.000000,60000,False
583900,NATURALGAS20NOV26490CE,NATURALGAS,20NOV2026,49000.000000,1250,OPTFUT,MCX,5.000000,60000,False
583901,NATURALGAS20NOV26495CE,NATURALGAS,20NOV2026,49500.000000,1250,OPTFUT,MCX,5.000000,60000,False
583911,NATURALGAS20NOV26335PE,NATURALGAS,20NOV2026,33500.000000,1250,OPTFUT,MCX,5.000000,60000,False
569456,GOLD26FEB27152500CE,GOLD,26FEB2027,15250000.000000,1,OPTFUT,MCX,50.000000,100,False
569459,GOLD26FEB27151000CE,GOLD,26FEB2027,15100000.000000,1,OPTFUT,MCX,50.000000,100,False
569513,GOLD26FEB27180000CE,GOLD,26FEB2027,18000000.000000,1,OPTFUT,MCX,50.000000,100,False
569507,GOLD26FEB27177000CE,GOLD,26FEB2027,17700000.000000,1,OPTFUT,MCX,50.000000,100,False
581845,CRUDEOIL15OCT263250CE,CRUDEOIL,15OCT2026,325000.000000,100,OPTFUT,MCX,10.000000,10000,False
581847,CRUDEOIL15OCT263450PE,CRUDEOIL,15OCT2026,345000.000000,100,OPTFUT,MCX,10.000000,10000,False
581853,NATURALGAS23SEP2660CE,NATURALGAS,23SEP2026,6000.000000,1250,OPTFUT,MCX,5.000000,60000,False
581861,ZINC23NOV26425PE,ZINC,23NOV2026,42500.000000,5,OPTFUT,MCX,1.000000,100,False
583916,NATURALGAS20NOV26310PE,NATURALGAS,20NOV2026,31000.000000,1250,OPTFUT,MCX,5.000000,60000,False
583925,NATURALGAS20NOV26265PE,NATURALGAS,20NOV2026,26500.000000,1250,OPTFUT,MCX,5.000000,60000,False
583927,NATURALGAS20NOV26255PE,NATURALGAS,20NOV2026,25500.000000,1250,OPTFUT,MCX,5.000000,60000,False
583928,NATURALGAS20NOV26250PE,NATURALGAS,20NOV2026,25000.000000,1250,OPTFUT,MCX,5.000000,60000,False
569514,GOLD26FEB27180500CE,GOLD,26FEB2027,18050000.000000,1,OPTFUT,MCX,50.000000,100,False
569527,GOLD26FEB27187000CE,GOLD,26FEB2027,18700000.000000,1,OPTFUT,MCX,50.000000,100,False
569528,GOLD26FEB27187500CE,GOLD,26FEB2027,18750000.000000,1,OPTFUT,MCX,50.000000,100,False
569540,GOLD29MAR27160500CE,GOLD,29MAR2027,16050000.000000,1,OPTFUT,MCX,50.000000,100,False
581863,CRUDEOILM15OCT263450CE,CRUDEOILM,15OCT2026,345000.000000,10,OPTFUT,MCX,5.000000,10000,False
581868,CRUDEOILM15OCT263500PE,CRUDEOILM,15OCT2026,350000.000000,10,OPTFUT,MCX,5.000000,10000,False
581869,CRUDEOILM15OCT263450PE,CRUDEOILM,15OCT2026,345000.000000,10,OPTFUT,MCX,5.000000,10000,False
581875,NATGASMINI23SEP2660CE,NATGASMINI,23SEP2026,6000.000000,250,OPTFUT,MCX,5.000000,60000,False
583931,NATURALGAS20NOV26235PE,NATURALGAS,20NOV2026,23500.000000,1250,OPTFUT,MCX,5.000000,60000,False
583933,NATURALGAS20NOV26225PE,NATURALGAS,20NOV2026,22500.000000,1250,OPTFUT,MCX,5.000000,60000,False
583936,NATURALGAS20NOV26210PE,NATURALGAS,20NOV2026,21000.000000,1250,OPTFUT,MCX,5.000000,60000,False
583944,NATURALGAS20NOV26170PE,NATURALGAS,20NOV2026,17000.000000,1250,OPTFUT,MCX,5.000000,60000,False
581878,NATGASMINI23SEP2660PE,NATGASMINI,23SEP2026,6000.000000,250,OPTFUT,MCX,5.000000,60000,False
581893,GOLDM29OCT26145500CE,GOLDM,29OCT2026,14550000.000000,100,OPTFUT,MCX,50.000000,10000,False
569543,GOLD29MAR27159000CE,GOLD,29MAR2027,15900000.000000,1,OPTFUT,MCX,50.000000,100,False
569555,GOLD29MAR27153000CE,GOLD,29MAR2027,15300000.000000,1,OPTFUT,MCX,50.000000,100,False
569560,GOLD29MAR27150500CE,GOLD,29MAR2027,15050000.000000,1,OPTFUT,MCX,50.000000,100,False
569568,GOLD29MAR27146500CE,GOLD,29MAR2027,14650000.000000,1,OPTFUT,MCX,50.000000,100,False
581888,GOLDM29OCT26148000CE,GOLDM,29OCT2026,14800000.000000,100,OPTFUT,MCX,50.000000,10000,False
581892,GOLDM29OCT26146000CE,GOLDM,29OCT2026,14600000.000000,100,OPTFUT,MCX,50.000000,10000,False
583950,NATURALGAS20NOV26140PE,NATURALGAS,20NOV2026,14000.000000,1250,OPTFUT,MCX,5.000000,60000,False
583958,NATURALGAS20NOV26380PE,NATURALGAS,20NOV2026,38000.000000,1250,OPTFUT,MCX,5.000000,60000,False
583964,NATURALGAS20NOV26410PE,NATURALGAS,20NOV2026,41000.000000,1250,OPTFUT,MCX,5.000000,60000,False
583987,NATURALGAS20NOV26525PE,NATURALGAS,20NOV2026,52500.000000,1250,OPTFUT,MCX,5.000000,60000,False
569585,GOLD29MAR27166000CE,GOLD,29MAR2027,16600000.000000,1,OPTFUT,MCX,50.000000,100,False
569601,GOLD29MAR27174000CE,GOLD,29MAR2027,17400000.000000,1,OPTFUT,MCX,50.000000,100,False
569623,GOLD29MAR27185000CE,GOLD,29MAR2027,18500000.000000,1,OPTFUT,MCX,50.000000,100,False
569628,GOLD29MAR27187500CE,GOLD,29MAR2027,18750000.000000,1,OPTFUT,MCX,50.000000,100,False
581894,GOLDM29OCT26145000CE,GOLDM,29OCT2026,14500000.000000,100,OPTFUT,MCX,50.000000,10000,False
581905,GOLDM29OCT26139500CE,GOLDM,29OCT2026,13950000.000000,100,OPTFUT,MCX,50.000000,10000,False
581915,GOLDM29OCT26134500CE,GOLDM,29OCT2026,13450000.000000,100,OPTFUT,MCX,50.000000,10000,False
581931,GOLDM29OCT26126500CE,GOLDM,29OCT2026,12650000.000000,100,OPTFUT,MCX,50.000000,10000,False
583988,NATURALGAS20NOV26530PE,NATURALGAS,20NOV2026,53000.000000,1250,OPTFUT,MCX,5.000000,60000,False
583994,ZINC23NOV26315PE,ZINC,23NOV2026,31500.000000,5,OPTFUT,MCX,1.000000,100,False
584004,NATGASMINI20NOV26290CE,NATGASMINI,20NOV2026,29000.000000,250,OPTFUT,MCX,5.000000,60000,False
584007,NATGASMINI20NOV26275CE,NATGASMINI,20NOV2026,27500.000000,250,OPTFUT,MCX,5.000000,60000,False
581935,GOLDM29OCT26124500CE,GOLDM,29OCT2026,12450000.000000,100,OPTFUT,MCX,50.000000,10000,False
581938,GOLDM29OCT26150000CE,GOLDM,29OCT2026,15000000.000000,100,OPTFUT,MCX,50.000000,10000,False
581940,GOLDM29OCT26151000CE,GOLDM,29OCT2026,15100000.000000,100,OPTFUT,MCX,50.000000,10000,False
581955,GOLDM29OCT26158500CE,GOLDM,29OCT2026,15850000.000000,100,OPTFUT,MCX,50.000000,10000,False
569630,GOLD29MAR27188500CE,GOLD,29MAR2027,18850000.000000,1,OPTFUT,MCX,50.000000,100,False
569635,GOLD26FEB27163000PE,GOLD,26FEB2027,16300000.000000,1,OPTFUT,MCX,50.000000,100,False
569639,GOLD26FEB27161000PE,GOLD,26FEB2027,16100000.000000,1,OPTFUT,MCX,50.000000,100,False
569655,GOLD26FEB27153000PE,GOLD,26FEB2027,15300000.000000,1,OPTFUT,MCX,50.000000,100,False
584010,NATGASMINI20NOV26260CE,NATGASMINI,20NOV2026,26000.000000,250,OPTFUT,MCX,5.000000,60000,False
584011,NATGASMINI20NOV26255CE,NATGASMINI,20NOV2026,25500.000000,250,OPTFUT,MCX,5.000000,60000,False
584019,NATGASMINI20NOV26215CE,NATGASMINI,20NOV2026,21500.000000,250,OPTFUT,MCX,5.000000,60000,False
584020,NATGASMINI20NOV26210CE,NATGASMINI,20NOV2026,21000.000000,250,OPTFUT,MCX,5.000000,60000,False
581975,GOLDM29OCT26168500CE,GOLDM,29OCT2026,16850000.000000,100,OPTFUT,MCX,50.000000,10000,False
581977,GOLDM29OCT26169500CE,GOLDM,29OCT2026,16950000.000000,100,OPTFUT,MCX,50.000000,10000,False
581991,GOLDM29OCT26146500PE,GOLDM,29OCT2026,14650000.000000,100,OPTFUT,MCX,50.000000,10000,False
582002,GOLDM29OCT26141000PE,GOLDM,29OCT2026,14100000.000000,100,OPTFUT,MCX,50.000000,10000,False
584023,NATGASMINI20NOV26195CE,NATGASMINI,20NOV2026,19500.000000,250,OPTFUT,MCX,5.000000,60000,False
584069,NATGASMINI20NOV26515CE,NATGASMINI,20NOV2026,51500.000000,250,OPTFUT,MCX,5.000000,60000,False
584024,NATGASMINI20NOV26190CE,NATGASMINI,20NOV2026,19000.000000,250,OPTFUT,MCX,5.000000,60000,False
584061,NATGASMINI20NOV26475CE,NATGASMINI,20NOV2026,47500.000000,250,OPTFUT,MCX,5.000000,60000,False
582029,GOLDM29OCT26127500PE,GOLDM,29OCT2026,12750000.000000,100,OPTFUT,MCX,50.000000,10000,False
582039,GOLDM29OCT26150500PE,GOLDM,29OCT2026,15050000.000000,100,OPTFUT,MCX,50.000000,10000,False
582047,GOLDM29OCT26154500PE,GOLDM,29OCT2026,15450000.000000,100,OPTFUT,MCX,50.000000,10000,False
582052,GOLDM29OCT26157000PE,GOLDM,29OCT2026,15700000.000000,100,OPTFUT,MCX,50.000000,10000,False
584071,NATGASMINI20NOV26525CE,NATGASMINI,20NOV2026,52500.000000,250,OPTFUT,MCX,5.000000,60000,False
584079,NATGASMINI20NOV26315PE,NATGASMINI,20NOV2026,31500.000000,250,OPTFUT,MCX,5.000000,60000,False
584086,NATGASMINI20NOV26280PE,NATGASMINI,20NOV2026,28000.000000,250,OPTFUT,MCX,5.000000,60000,False
584087,NATGASMINI20NOV26275PE,NATGASMINI,20NOV2026,27500.000000,250,OPTFUT,MCX,5.000000,60000,False
584088,NATGASMINI20NOV26270PE,NATGASMINI,20NOV2026,27000.000000,250,OPTFUT,MCX,5.000000,60000,False
584097,NATGASMINI20NOV26225PE,NATGASMINI,20NOV2026,22500.000000,250,OPTFUT,MCX,5.000000,60000,False
584107,NATGASMINI20NOV26175PE,NATGASMINI,20NOV2026,17500.000000,250,OPTFUT,MCX,5.000000,60000,False
584114,NATGASMINI20NOV26140PE,NATGASMINI,20NOV2026,14000.000000,250,OPTFUT,MCX,5.000000,60000,False
569669,GOLD26FEB27146000PE,GOLD,26FEB2027,14600000.000000,1,OPTFUT,MCX,50.000000,100,False
569673,GOLD26FEB27144000PE,GOLD,26FEB2027,14400000.000000,1,OPTFUT,MCX,50.000000,100,False
569680,GOLD26FEB27140500PE,GOLD,26FEB2027,14050000.000000,1,OPTFUT,MCX,50.000000,100,False
569681,GOLD26FEB27140000PE,GOLD,26FEB2027,14000000.000000,1,OPTFUT,MCX,50.000000,100,False
582065,GOLDM29OCT26163500PE,GOLDM,29OCT2026,16350000.000000,100,OPTFUT,MCX,50.000000,10000,False
582081,GOLDM29OCT26171500PE,GOLDM,29OCT2026,17150000.000000,100,OPTFUT,MCX,50.000000,10000,False
582097,MCXBULLDEX28OCT2636900CE,MCXBULLDEX,28OCT2026,3690000.000000,30,OPTIDX,MCX,5.000000,900,False
582110,MCXBULLDEX28OCT2637300PE,MCXBULLDEX,28OCT2026,3730000.000000,30,OPTIDX,MCX,5.000000,900,False
584117,NATGASMINI20NOV26355PE,NATGASMINI,20NOV2026,35500.000000,250,OPTFUT,MCX,5.000000,60000,False
584122,NATGASMINI20NOV26380PE,NATGASMINI,20NOV2026,38000.000000,250,OPTFUT,MCX,5.000000,60000,False
584140,NATGASMINI20NOV26470PE,NATGASMINI,20NOV2026,47000.000000,250,OPTFUT,MCX,5.000000,60000,False
584157,NATGASMINI20NOV26545CE,NATGASMINI,20NOV2026,54500.000000,250,OPTFUT,MCX,5.000000,60000,False
582123,SILVERM23JUN27286000CE,SILVERM,23JUN2027,28600000.000000,5,OPTFUT,MCX,50.000000,600,False
582143,GOLDM29OCT26176000CE,GOLDM,29OCT2026,17600000.000000,100,OPTFUT,MCX,50.000000,10000,False
582150,GOLDM29OCT26175500PE,GOLDM,29OCT2026,17550000.000000,100,OPTFUT,MCX,50.000000,10000,False
582152,GOLDM29OCT26176500PE,GOLDM,29OCT2026,17650000.000000,100,OPTFUT,MCX,50.000000,10000,False
569689,GOLD26FEB27168000PE,GOLD,26FEB2027,16800000.000000,1,OPTFUT,MCX,50.000000,100,False
569692,GOLD26FEB27169500PE,GOLD,26FEB2027,16950000.000000,1,OPTFUT,MCX,50.000000,100,False
569695,GOLD26FEB27171000PE,GOLD,26FEB2027,17100000.000000,1,OPTFUT,MCX,50.000000,100,False
569706,GOLD26FEB27176500PE,GOLD,26FEB2027,17650000.000000,1,OPTFUT,MCX,50.000000,100,False
584173,MCXBULLDEX27NOV2634400CE,MCXBULLDEX,27NOV2026,3440000.000000,15,OPTIDX,MCX,5.000000,450,False
584189,MCXBULLDEX27NOV2632800CE,MCXBULLDEX,27NOV2026,3280000.000000,15,OPTIDX,MCX,5.000000,450,False
584216,MCXBULLDEX27NOV2637800CE,MCXBULLDEX,27NOV2026,3780000.000000,15,OPTIDX,MCX,5.000000,450,False
584221,MCXBULLDEX27NOV2638300CE,MCXBULLDEX,27NOV2026,3830000.000000,15,OPTIDX,MCX,5.000000,450,False
582156,SILVER26MAY27283000CE,SILVER,26MAY2027,28300000.000000,30,OPTFUT,MCX,50.000000,600,False
582160,SILVER26MAY27287000CE,SILVER,26MAY2027,28700000.000000,30,OPTFUT,MCX,50.000000,600,False
582167,SILVER28JUN27287000CE,SILVER,28JUN2027,28700000.000000,30,OPTFUT,MCX,50.000000,600,False
582174,SILVER26MAY27287000PE,SILVER,26MAY2027,28700000.000000,30,OPTFUT,MCX,50.000000,600,False
584223,MCXBULLDEX27NOV2638500CE,MCXBULLDEX,27NOV2026,3850000.000000,15,OPTIDX,MCX,5.000000,450,False
584233,MCXBULLDEX27NOV2635400PE,MCXBULLDEX,27NOV2026,3540000.000000,15,OPTIDX,MCX,5.000000,450,False
584239,MCXBULLDEX27NOV2634800PE,MCXBULLDEX,27NOV2026,3480000.000000,15,OPTIDX,MCX,5.000000,450,False
584243,MCXBULLDEX27NOV2634400PE,MCXBULLDEX,27NOV2026,3440000.000000,15,OPTIDX,MCX,5.000000,450,False
569725,GOLD26FEB27186000PE,GOLD,26FEB2027,18600000.000000,1,OPTFUT,MCX,50.000000,100,False
569732,GOLD26FEB27189500PE,GOLD,26FEB2027,18950000.000000,1,OPTFUT,MCX,50.000000,100,False
569746,GOLD29MAR27157500PE,GOLD,29MAR2027,15750000.000000,1,OPTFUT,MCX,50.000000,100,False
569760,GOLD29MAR27150500PE,GOLD,29MAR2027,15050000.000000,1,OPTFUT,MCX,50.000000,100,False
582177,SILVER28JUN27283000PE,SILVER,28JUN2027,28300000.000000,30,OPTFUT,MCX,50.000000,600,False
582178,SILVER28JUN27284000PE,SILVER,28JUN2027,28400000.000000,30,OPTFUT,MCX,50.000000,600,False
582184,SILVERM26MAY27291000CE,SILVERM,26MAY2027,29100000.000000,5,OPTFUT,MCX,50.000000,600,False
582188,SILVERM26MAY27291000PE,SILVERM,26MAY2027,29100000.000000,5,OPTFUT,MCX,50.000000,600,False
582204,MCXBULLDEX25SEP2638300PE,MCXBULLDEX,25SEP2026,3830000.000000,30,OPTIDX,MCX,5.000000,900,False
582238,SILVER26MAY27290000CE,SILVER,26MAY2027,29000000.000000,30,OPTFUT,MCX,50.000000,600,False
582241,SILVER26MAY27293000CE,SILVER,26MAY2027,29300000.000000,30,OPTFUT,MCX,50.000000,600,False
582246,SILVER28JUN27292000CE,SILVER,28JUN2027,29200000.000000,30,OPTFUT,MCX,50.000000,600,False
569793,GOLD29MAR27170000PE,GOLD,29MAR2027,17000000.000000,1,OPTFUT,MCX,50.000000,100,False
569770,GOLD29MAR27145500PE,GOLD,29MAR2027,14550000.000000,1,OPTFUT,MCX,50.000000,100,False
569785,GOLD29MAR27166000PE,GOLD,29MAR2027,16600000.000000,1,OPTFUT,MCX,50.000000,100,False
569788,GOLD29MAR27167500PE,GOLD,29MAR2027,16750000.000000,1,OPTFUT,MCX,50.000000,100,False
582254,SILVER26MAY27294000PE,SILVER,26MAY2027,29400000.000000,30,OPTFUT,MCX,50.000000,600,False
582266,SILVERM26MAY27297000CE,SILVERM,26MAY2027,29700000.000000,5,OPTFUT,MCX,50.000000,600,False
582311,SILVERM23JUN27299000CE,SILVERM,23JUN2027,29900000.000000,5,OPTFUT,MCX,50.000000,600,False
582316,SILVERM23JUN27300000PE,SILVERM,23JUN2027,30000000.000000,5,OPTFUT,MCX,50.000000,600,False
584244,MCXBULLDEX27NOV2634300PE,MCXBULLDEX,27NOV2026,3430000.000000,15,OPTIDX,MCX,5.000000,450,False
584264,MCXBULLDEX27NOV2632300PE,MCXBULLDEX,27NOV2026,3230000.000000,15,OPTIDX,MCX,5.000000,450,False
584291,MCXBULLDEX27NOV2638300PE,MCXBULLDEX,27NOV2026,3830000.000000,15,OPTIDX,MCX,5.000000,450,False
584307,GOLDTEN26FEB27FUT,GOLDTEN,26FEB2027,0.000000,10,FUTCOM,MCX,100.000000,10000,False
569811,GOLD29MAR27179000PE,GOLD,29MAR2027,17900000.000000,1,OPTFUT,MCX,50.000000,100,False
569816,GOLD29MAR27181500PE,GOLD,29MAR2027,18150000.000000,1,OPTFUT,MCX,50.000000,100,False
569844,GOLD29MAR27190500CE,GOLD,29MAR2027,19050000.000000,1,OPTFUT,MCX,50.000000,100,False
569848,GOLD26FEB27190500PE,GOLD,26FEB2027,19050000.000000,1,OPTFUT,MCX,50.000000,100,False
584309,ALUMINI31MAR27FUT,ALUMINI,31MAR2027,0.000000,1,FUTCOM,MCX,5.000000,150,False
584314,MENTHAOIL26FEB27FUT,MENTHAOIL,26FEB2027,0.000000,360,FUTCOM,MCX,10.000000,18000,False
584316,LEADMINI29JAN27FUT,LEADMINI,29JAN2027,0.000000,1,FUTCOM,MCX,5.000000,100,False
584321,STEELREBAR29JAN27FUT,STEELREBAR,29JAN2027,0.000000,5,FUTCOM,MCX,1000.000000,200,False
582322,GOLDM29OCT26181000CE,GOLDM,29OCT2026,18100000.000000,100,OPTFUT,MCX,50.000000,10000,False
582330,NATURALGAS23OCT26500PE,NATURALGAS,23OCT2026,50000.000000,1250,OPTFUT,MCX,5.000000,60000,False
582349,SILVERM23JUN27301000PE,SILVERM,23JUN2027,30100000.000000,5,OPTFUT,MCX,50.000000,600,False
582350,SILVERM23JUN27302000PE,SILVERM,23JUN2027,30200000.000000,5,OPTFUT,MCX,50.000000,600,False
584332,COPPER23DEC261400CE,COPPER,23DEC2026,140000.000000,2500,OPTFUT,MCX,1.000000,70000,False
584369,COPPER23DEC261330PE,COPPER,23DEC2026,133000.000000,2500,OPTFUT,MCX,1.000000,70000,False
584379,COPPER23DEC261440PE,COPPER,23DEC2026,144000.000000,2500,OPTFUT,MCX,1.000000,70000,False
584391,COPPER23DEC261560PE,COPPER,23DEC2026,156000.000000,2500,OPTFUT,MCX,1.000000,70000,False
582355,MCXBULLDEX25SEP2639000CE,MCXBULLDEX,25SEP2026,3900000.000000,30,OPTIDX,MCX,5.000000,900,False
582382,GOLD30JUN27154500CE,GOLD,30JUN2027,15450000.000000,1,OPTFUT,MCX,50.000000,100,False
582396,GOLD30JUN27147500CE,GOLD,30JUN2027,14750000.000000,1,OPTFUT,MCX,50.000000,100,False
582398,GOLD30JUN27146500CE,GOLD,30JUN2027,14650000.000000,1,OPTFUT,MCX,50.000000,100,False
584398,GOLD29JUL27135000PE,GOLD,29JUL2027,13500000.000000,1,OPTFUT,MCX,50.000000,100,False
584440,ZINC23DEC26410PE,ZINC,23DEC2026,41000.000000,5,OPTFUT,MCX,1.000000,100,False
584460,CRUDEOIL17NOV2611900CE,CRUDEOIL,17NOV2026,1190000.000000,100,OPTFUT,MCX,10.000000,10000,False
584462,CRUDEOIL15OCT2612100PE,CRUDEOIL,15OCT2026,1210000.000000,100,OPTFUT,MCX,10.000000,10000,False
569849,GOLD26FEB27191000PE,GOLD,26FEB2027,19100000.000000,1,OPTFUT,MCX,50.000000,100,False
569851,GOLD29MAR27190000PE,GOLD,29MAR2027,19000000.000000,1,OPTFUT,MCX,50.000000,100,False
569878,GOLD29MAR27192000PE,GOLD,29MAR2027,19200000.000000,1,OPTFUT,MCX,50.000000,100,False
569900,CRUDEOIL19OCT26FUT,CRUDEOIL,19OCT2026,0.000000,100,FUTCOM,MCX,100.000000,10000,False
582399,GOLD30JUN27146000CE,GOLD,30JUN2027,14600000.000000,1,OPTFUT,MCX,50.000000,100,False
582400,GOLD30JUN27145500CE,GOLD,30JUN2027,14550000.000000,1,OPTFUT,MCX,50.000000,100,False
582419,GOLD30JUN27136000CE,GOLD,30JUN2027,13600000.000000,1,OPTFUT,MCX,50.000000,100,False
582429,GOLD30JUN27165000CE,GOLD,30JUN2027,16500000.000000,1,OPTFUT,MCX,50.000000,100,False
584465,CRUDEOIL17NOV2611900PE,CRUDEOIL,17NOV2026,1190000.000000,100,OPTFUT,MCX,10.000000,10000,False
584471,CRUDEOILM17NOV2611850CE,CRUDEOILM,17NOV2026,1185000.000000,10,OPTFUT,MCX,5.000000,10000,False
584485,MCXBULLDEX27NOV2631200CE,MCXBULLDEX,27NOV2026,3120000.000000,15,OPTIDX,MCX,5.000000,450,False
584492,COPPER23DEC261240CE,COPPER,23DEC2026,124000.000000,2500,OPTFUT,MCX,1.000000,70000,False
582433,GOLD30JUN27167000CE,GOLD,30JUN2027,16700000.000000,1,OPTFUT,MCX,50.000000,100,False
582434,GOLD30JUN27167500CE,GOLD,30JUN2027,16750000.000000,1,OPTFUT,MCX,50.000000,100,False
582437,GOLD30JUN27169000CE,GOLD,30JUN2027,16900000.000000,1,OPTFUT,MCX,50.000000,100,False
582443,GOLD30JUN27172000CE,GOLD,30JUN2027,17200000.000000,1,OPTFUT,MCX,50.000000,100,False
584493,COPPER23DEC261240PE,COPPER,23DEC2026,124000.000000,2500,OPTFUT,MCX,1.000000,70000,False
584501,GOLDM27NOV26154500CE,GOLDM,27NOV2026,15450000.000000,100,OPTFUT,MCX,50.000000,10000,False
584515,GOLDM27NOV26148000CE,GOLDM,27NOV2026,14800000.000000,100,OPTFUT,MCX,50.000000,10000,False
584522,GOLDM27NOV26144500CE,GOLDM,27NOV2026,14450000.000000,100,OPTFUT,MCX,50.000000,10000,False
569901,CRUDEOILM19OCT26FUT,CRUDEOILM,19OCT2026,0.000000,10,FUTCOM,MCX,100.000000,10000,False
571445,GOLDM05NOV26FUT,GOLDM,05NOV2026,0.000000,100,FUTCOM,MCX,100.000000,10000,False
571668,GOLD26FEB27194000CE,GOLD,26FEB2027,19400000.000000,1,OPTFUT,MCX,50.000000,100,False
571670,GOLD29MAR27193000CE,GOLD,29MAR2027,19300000.000000,1,OPTFUT,MCX,50.000000,100,False
582446,GOLD30JUN27173500CE,GOLD,30JUN2027,17350000.000000,1,OPTFUT,MCX,50.000000,100,False
582459,GOLD30JUN27180000CE,GOLD,30JUN2027,18000000.000000,1,OPTFUT,MCX,50.000000,100,False
582464,GOLD30JUN27182500CE,GOLD,30JUN2027,18250000.000000,1,OPTFUT,MCX,50.000000,100,False
582468,GOLD30JUN27184500CE,GOLD,30JUN2027,18450000.000000,1,OPTFUT,MCX,50.000000,100,False
584527,GOLDM27NOV26142000CE,GOLDM,27NOV2026,14200000.000000,100,OPTFUT,MCX,50.000000,10000,False
584539,GOLDM27NOV26136000CE,GOLDM,27NOV2026,13600000.000000,100,OPTFUT,MCX,50.000000,10000,False
584558,GOLDM27NOV26157500CE,GOLDM,27NOV2026,15750000.000000,100,OPTFUT,MCX,50.000000,10000,False
584570,GOLDM27NOV26163500CE,GOLDM,27NOV2026,16350000.000000,100,OPTFUT,MCX,50.000000,10000,False
571676,GOLD26FEB27194000PE,GOLD,26FEB2027,19400000.000000,1,OPTFUT,MCX,50.000000,100,False
571678,GOLD29MAR27193000PE,GOLD,29MAR2027,19300000.000000,1,OPTFUT,MCX,50.000000,100,False
571680,GOLD29MAR27194000PE,GOLD,29MAR2027,19400000.000000,1,OPTFUT,MCX,50.000000,100,False
571681,GOLD29MAR27194500PE,GOLD,29MAR2027,19450000.000000,1,OPTFUT,MCX,50.000000,100,False
584586,GOLDM27NOV26171500CE,GOLDM,27NOV2026,17150000.000000,100,OPTFUT,MCX,50.000000,10000,False
584593,GOLDM27NOV26175000CE,GOLDM,27NOV2026,17500000.000000,100,OPTFUT,MCX,50.000000,10000,False
584595,GOLDM27NOV26176000CE,GOLDM,27NOV2026,17600000.000000,100,OPTFUT,MCX,50.000000,10000,False
584600,GOLDM27NOV26178500CE,GOLDM,27NOV2026,17850000.000000,100,OPTFUT,MCX,50.000000,10000,False
571876,GOLD26FEB27195500CE,GOLD,26FEB2027,19550000.000000,1,OPTFUT,MCX,50.000000,100,False
571905,SILVER26FEB27333000CE,SILVER,26FEB2027,33300000.000000,30,OPTFUT,MCX,50.000000,600,False
571932,SILVER26FEB27339000PE,SILVER,26FEB2027,33900000.000000,30,OPTFUT,MCX,50.000000,600,False
571997,SILVER25JAN27340000PE,SILVER,25JAN2027,34000000.000000,30,OPTFUT,MCX,50.000000,600,False
582475,GOLD29JUL27158000CE,GOLD,29JUL2027,15800000.000000,1,OPTFUT,MCX,50.000000,100,False
582493,GOLD29JUL27149000CE,GOLD,29JUL2027,14900000.000000,1,OPTFUT,MCX,50.000000,100,False
582496,GOLD29JUL27147500CE,GOLD,29JUL2027,14750000.000000,1,OPTFUT,MCX,50.000000,100,False
582500,GOLD29JUL27145500CE,GOLD,29JUL2027,14550000.000000,1,OPTFUT,MCX,50.000000,100,False
582502,GOLD29JUL27144500CE,GOLD,29JUL2027,14450000.000000,1,OPTFUT,MCX,50.000000,100,False
582503,GOLD29JUL27144000CE,GOLD,29JUL2027,14400000.000000,1,OPTFUT,MCX,50.000000,100,False
582506,GOLD29JUL27142500CE,GOLD,29JUL2027,14250000.000000,1,OPTFUT,MCX,50.000000,100,False
582520,GOLD29JUL27135500CE,GOLD,29JUL2027,13550000.000000,1,OPTFUT,MCX,50.000000,100,False
584602,GOLDM27NOV26179500CE,GOLDM,27NOV2026,17950000.000000,100,OPTFUT,MCX,50.000000,10000,False
584617,GOLDM27NOV26147000PE,GOLDM,27NOV2026,14700000.000000,100,OPTFUT,MCX,50.000000,10000,False
584624,GOLDM27NOV26143500PE,GOLDM,27NOV2026,14350000.000000,100,OPTFUT,MCX,50.000000,10000,False
584625,GOLDM27NOV26143000PE,GOLDM,27NOV2026,14300000.000000,100,OPTFUT,MCX,50.000000,10000,False
572005,SILVERM25JAN27339000CE,SILVERM,25JAN2027,33900000.000000,5,OPTFUT,MCX,50.000000,600,False
572010,SILVERM28DEC26338000PE,SILVERM,28DEC2026,33800000.000000,5,OPTFUT,MCX,50.000000,600,False
572042,GOLD26FEB27201000CE,GOLD,26FEB2027,20100000.000000,1,OPTFUT,MCX,50.000000,100,False
572048,GOLD26FEB27204000CE,GOLD,26FEB2027,20400000.000000,1,OPTFUT,MCX,50.000000,100,False
582535,GOLD29JUL27168000CE,GOLD,29JUL2027,16800000.000000,1,OPTFUT,MCX,50.000000,100,False
582545,GOLD29JUL27173000CE,GOLD,29JUL2027,17300000.000000,1,OPTFUT,MCX,50.000000,100,False
582546,GOLD29JUL27173500CE,GOLD,29JUL2027,17350000.000000,1,OPTFUT,MCX,50.000000,100,False
582553,GOLD29JUL27177000CE,GOLD,29JUL2027,17700000.000000,1,OPTFUT,MCX,50.000000,100,False
584634,GOLDM27NOV26138500PE,GOLDM,27NOV2026,13850000.000000,100,OPTFUT,MCX,50.000000,10000,False
584639,GOLDM27NOV26136000PE,GOLDM,27NOV2026,13600000.000000,100,OPTFUT,MCX,50.000000,10000,False
584643,GOLDM27NOV26134000PE,GOLDM,27NOV2026,13400000.000000,100,OPTFUT,MCX,50.000000,10000,False
584644,GOLDM27NOV26133500PE,GOLDM,27NOV2026,13350000.000000,100,OPTFUT,MCX,50.000000,10000,False
572062,GOLD29MAR27199500CE,GOLD,29MAR2027,19950000.000000,1,OPTFUT,MCX,50.000000,100,False
572063,GOLD29MAR27200000CE,GOLD,29MAR2027,20000000.000000,1,OPTFUT,MCX,50.000000,100,False
572068,GOLD29MAR27202500CE,GOLD,29MAR2027,20250000.000000,1,OPTFUT,MCX,50.000000,100,False
572076,GOLD29MAR27206500CE,GOLD,29MAR2027,20650000.000000,1,OPTFUT,MCX,50.000000,100,False
582554,GOLD29JUL27177500CE,GOLD,29JUL2027,17750000.000000,1,OPTFUT,MCX,50.000000,100,False
582561,GOLD29JUL27181000CE,GOLD,29JUL2027,18100000.000000,1,OPTFUT,MCX,50.000000,100,False
582562,GOLD29JUL27181500CE,GOLD,29JUL2027,18150000.000000,1,OPTFUT,MCX,50.000000,100,False
582589,GOLD30JUN27151000PE,GOLD,30JUN2027,15100000.000000,1,OPTFUT,MCX,50.000000,100,False
584646,GOLDM27NOV26132500PE,GOLDM,27NOV2026,13250000.000000,100,OPTFUT,MCX,50.000000,10000,False
584658,GOLDM27NOV26157500PE,GOLDM,27NOV2026,15750000.000000,100,OPTFUT,MCX,50.000000,10000,False
584669,GOLDM27NOV26163000PE,GOLDM,27NOV2026,16300000.000000,100,OPTFUT,MCX,50.000000,10000,False
584681,GOLDM27NOV26169000PE,GOLDM,27NOV2026,16900000.000000,100,OPTFUT,MCX,50.000000,10000,False
582597,GOLD30JUN27147000PE,GOLD,30JUN2027,14700000.000000,1,OPTFUT,MCX,50.000000,100,False
582624,GOLD30JUN27162500PE,GOLD,30JUN2027,16250000.000000,1,OPTFUT,MCX,50.000000,100,False
582636,GOLD30JUN27168500PE,GOLD,30JUN2027,16850000.000000,1,OPTFUT,MCX,50.000000,100,False
582645,GOLD30JUN27173000PE,GOLD,30JUN2027,17300000.000000,1,OPTFUT,MCX,50.000000,100,False
584690,GOLDM27NOV26173500PE,GOLDM,27NOV2026,17350000.000000,100,OPTFUT,MCX,50.000000,10000,False
584728,CRUDEOIL15OCT2612200CE,CRUDEOIL,15OCT2026,1220000.000000,100,OPTFUT,MCX,10.000000,10000,False
584745,CRUDEOILM15OCT2612250CE,CRUDEOILM,15OCT2026,1225000.000000,10,OPTFUT,MCX,5.000000,10000,False
584758,COPPER23OCT261560PE,COPPER,23OCT2026,156000.000000,2500,OPTFUT,MCX,1.000000,70000,False
582646,GOLD30JUN27173500PE,GOLD,30JUN2027,17350000.000000,1,OPTFUT,MCX,50.000000,100,False
582664,GOLD30JUN27182500PE,GOLD,30JUN2027,18250000.000000,1,OPTFUT,MCX,50.000000,100,False
582674,GOLD29JUL27158500PE,GOLD,29JUL2027,15850000.000000,1,OPTFUT,MCX,50.000000,100,False
582686,GOLD29JUL27152500PE,GOLD,29JUL2027,15250000.000000,1,OPTFUT,MCX,50.000000,100,False
584763,CRUDEOIL17NOV2612000CE,CRUDEOIL,17NOV2026,1200000.000000,100,OPTFUT,MCX,10.000000,10000,False
584776,CRUDEOILM19MAR27FUT,CRUDEOILM,19MAR2027,0.000000,10,FUTCOM,MCX,100.000000,10000,False
584807,CRUDEOIL17SEP2612650PE,CRUDEOIL,17SEP2026,1265000.000000,100,OPTFUT,MCX,10.000000,10000,False
584814,CRUDEOIL15OCT2612400PE,CRUDEOIL,15OCT2026,1240000.000000,100,OPTFUT,MCX,10.000000,10000,False
572077,GOLD29MAR27207000CE,GOLD,29MAR2027,20700000.000000,1,OPTFUT,MCX,50.000000,100,False
572087,GOLD26FEB27200500PE,GOLD,26FEB2027,20050000.000000,1,OPTFUT,MCX,50.000000,100,False
572092,GOLD26FEB27203000PE,GOLD,26FEB2027,20300000.000000,1,OPTFUT,MCX,50.000000,100,False
572120,GOLD29MAR27205500PE,GOLD,29MAR2027,20550000.000000,1,OPTFUT,MCX,50.000000,100,False
582699,GOLD29JUL27146000PE,GOLD,29JUL2027,14600000.000000,1,OPTFUT,MCX,50.000000,100,False
582709,GOLD29JUL27141000PE,GOLD,29JUL2027,14100000.000000,1,OPTFUT,MCX,50.000000,100,False
582732,GOLD29JUL27166500PE,GOLD,29JUL2027,16650000.000000,1,OPTFUT,MCX,50.000000,100,False
582736,GOLD29JUL27168500PE,GOLD,29JUL2027,16850000.000000,1,OPTFUT,MCX,50.000000,100,False
584825,GOLDM27NOV26180000PE,GOLDM,27NOV2026,18000000.000000,100,OPTFUT,MCX,50.000000,10000,False
584826,GOLDM27NOV26180500PE,GOLDM,27NOV2026,18050000.000000,100,OPTFUT,MCX,50.000000,10000,False
584838,CRUDEOILM17SEP2612700CE,CRUDEOILM,17SEP2026,1270000.000000,10,OPTFUT,MCX,5.000000,10000,False
584842,CRUDEOILM15OCT2612300CE,CRUDEOILM,15OCT2026,1230000.000000,10,OPTFUT,MCX,5.000000,10000,False
572226,SILVER27OCT26354000CE,SILVER,27OCT2026,35400000.000000,30,OPTFUT,MCX,50.000000,600,False
572234,SILVER28DEC26346000CE,SILVER,28DEC2026,34600000.000000,30,OPTFUT,MCX,50.000000,600,False
572240,SILVER28DEC26352000CE,SILVER,28DEC2026,35200000.000000,30,OPTFUT,MCX,50.000000,600,False
572259,SILVER25JAN27343000CE,SILVER,25JAN2027,34300000.000000,30,OPTFUT,MCX,50.000000,600,False
582740,GOLD29JUL27170500PE,GOLD,29JUL2027,17050000.000000,1,OPTFUT,MCX,50.000000,100,False
582758,GOLD29JUL27179500PE,GOLD,29JUL2027,17950000.000000,1,OPTFUT,MCX,50.000000,100,False
582762,GOLD29JUL27181500PE,GOLD,29JUL2027,18150000.000000,1,OPTFUT,MCX,50.000000,100,False
582763,GOLD29JUL27182000PE,GOLD,29JUL2027,18200000.000000,1,OPTFUT,MCX,50.000000,100,False
584854,CRUDEOILM17SEP2612600PE,CRUDEOILM,17SEP2026,1260000.000000,10,OPTFUT,MCX,5.000000,10000,False
584866,CRUDEOILM17NOV2612050PE,CRUDEOILM,17NOV2026,1205000.000000,10,OPTFUT,MCX,5.000000,10000,False
584872,NATGASMINI20NOV26130PE,NATGASMINI,20NOV2026,13000.000000,250,OPTFUT,MCX,5.000000,60000,False
584877,CRUDEOIL17SEP2613100CE,CRUDEOIL,17SEP2026,1310000.000000,100,OPTFUT,MCX,10.000000,10000,False
582775,ZINC23OCT26440PE,ZINC,23OCT2026,44000.000000,5,OPTFUT,MCX,1.000000,100,False
582797,GOLD30JUN27188000PE,GOLD,30JUN2027,18800000.000000,1,OPTFUT,MCX,50.000000,100,False
582816,GOLDM29OCT26182000PE,GOLDM,29OCT2026,18200000.000000,100,OPTFUT,MCX,50.000000,10000,False
582821,MCXBULLDEX28OCT2639100CE,MCXBULLDEX,28OCT2026,3910000.000000,30,OPTIDX,MCX,5.000000,900,False
584880,CRUDEOIL17SEP2613250CE,CRUDEOIL,17SEP2026,1325000.000000,100,OPTFUT,MCX,10.000000,10000,False
584882,CRUDEOIL17SEP2613350CE,CRUDEOIL,17SEP2026,1335000.000000,100,OPTFUT,MCX,10.000000,10000,False
584888,CRUDEOIL15OCT2612750CE,CRUDEOIL,15OCT2026,1275000.000000,100,OPTFUT,MCX,10.000000,10000,False
584890,CRUDEOIL15OCT2612850CE,CRUDEOIL,15OCT2026,1285000.000000,100,OPTFUT,MCX,10.000000,10000,False
572274,SILVER25JAN27358000CE,SILVER,25JAN2027,35800000.000000,30,OPTFUT,MCX,50.000000,600,False
572287,SILVER26FEB27343000CE,SILVER,26FEB2027,34300000.000000,30,OPTFUT,MCX,50.000000,600,False
572291,SILVER26FEB27347000CE,SILVER,26FEB2027,34700000.000000,30,OPTFUT,MCX,50.000000,600,False
572296,SILVER26FEB27352000CE,SILVER,26FEB2027,35200000.000000,30,OPTFUT,MCX,50.000000,600,False
582840,CRUDEOIL17NOV267550CE,CRUDEOIL,17NOV2026,755000.000000,100,OPTFUT,MCX,10.000000,10000,False
582841,CRUDEOIL17NOV267500CE,CRUDEOIL,17NOV2026,750000.000000,100,OPTFUT,MCX,10.000000,10000,False
582852,CRUDEOIL17NOV266950CE,CRUDEOIL,17NOV2026,695000.000000,100,OPTFUT,MCX,10.000000,10000,False
582888,CRUDEOIL17NOV265150CE,CRUDEOIL,17NOV2026,515000.000000,100,OPTFUT,MCX,10.000000,10000,False
584903,CRUDEOIL17NOV2612650CE,CRUDEOIL,17NOV2026,1265000.000000,100,OPTFUT,MCX,10.000000,10000,False
584932,CRUDEOIL17NOV2612500PE,CRUDEOIL,17NOV2026,1250000.000000,100,OPTFUT,MCX,10.000000,10000,False
584939,CRUDEOILM17SEP2612900CE,CRUDEOILM,17SEP2026,1290000.000000,10,OPTFUT,MCX,5.000000,10000,False
584948,CRUDEOILM17SEP2613350CE,CRUDEOILM,17SEP2026,1335000.000000,10,OPTFUT,MCX,5.000000,10000,False
572299,SILVER26FEB27355000CE,SILVER,26FEB2027,35500000.000000,30,OPTFUT,MCX,50.000000,600,False
572304,SILVER26FEB27360000CE,SILVER,26FEB2027,36000000.000000,30,OPTFUT,MCX,50.000000,600,False
572352,SILVER28DEC26345000PE,SILVER,28DEC2026,34500000.000000,30,OPTFUT,MCX,50.000000,600,False
572354,SILVER28DEC26347000PE,SILVER,28DEC2026,34700000.000000,30,OPTFUT,MCX,50.000000,600,False
584949,CRUDEOILM17SEP2613400CE,CRUDEOILM,17SEP2026,1340000.000000,10,OPTFUT,MCX,5.000000,10000,False
584952,CRUDEOILM15OCT2612650CE,CRUDEOILM,15OCT2026,1265000.000000,10,OPTFUT,MCX,5.000000,10000,False
584958,CRUDEOILM15OCT2612950CE,CRUDEOILM,15OCT2026,1295000.000000,10,OPTFUT,MCX,5.000000,10000,False
584964,CRUDEOILM17NOV2612400CE,CRUDEOILM,17NOV2026,1240000.000000,10,OPTFUT,MCX,5.000000,10000,False
582891,CRUDEOIL17NOV265000CE,CRUDEOIL,17NOV2026,500000.000000,100,OPTFUT,MCX,10.000000,10000,False
582898,CRUDEOIL17NOV264650CE,CRUDEOIL,17NOV2026,465000.000000,100,OPTFUT,MCX,10.000000,10000,False
582912,CRUDEOIL17NOV268100CE,CRUDEOIL,17NOV2026,810000.000000,100,OPTFUT,MCX,10.000000,10000,False
582923,CRUDEOIL17NOV268650CE,CRUDEOIL,17NOV2026,865000.000000,100,OPTFUT,MCX,10.000000,10000,False
584980,CRUDEOILM17SEP2613350PE,CRUDEOILM,17SEP2026,1335000.000000,10,OPTFUT,MCX,5.000000,10000,False
584986,CRUDEOILM15OCT2612750PE,CRUDEOILM,15OCT2026,1275000.000000,10,OPTFUT,MCX,5.000000,10000,False
584991,CRUDEOILM15OCT2613000PE,CRUDEOILM,15OCT2026,1300000.000000,10,OPTFUT,MCX,5.000000,10000,False
584992,CRUDEOILM15OCT2613050PE,CRUDEOILM,15OCT2026,1305000.000000,10,OPTFUT,MCX,5.000000,10000,False
582933,CRUDEOIL17NOV269150CE,CRUDEOIL,17NOV2026,915000.000000,100,OPTFUT,MCX,10.000000,10000,False
582942,CRUDEOIL17NOV269600CE,CRUDEOIL,17NOV2026,960000.000000,100,OPTFUT,MCX,10.000000,10000,False
582950,CRUDEOIL17NOV2610000CE,CRUDEOIL,17NOV2026,1000000.000000,100,OPTFUT,MCX,10.000000,10000,False
582951,CRUDEOIL17NOV2610050CE,CRUDEOIL,17NOV2026,1005000.000000,100,OPTFUT,MCX,10.000000,10000,False
572361,SILVER28DEC26354000PE,SILVER,28DEC2026,35400000.000000,30,OPTFUT,MCX,50.000000,600,False
572366,SILVER28DEC26359000PE,SILVER,28DEC2026,35900000.000000,30,OPTFUT,MCX,50.000000,600,False
572367,SILVER28DEC26360000PE,SILVER,28DEC2026,36000000.000000,30,OPTFUT,MCX,50.000000,600,False
572369,SILVER28DEC26362000PE,SILVER,28DEC2026,36200000.000000,30,OPTFUT,MCX,50.000000,600,False
595,COTTONCNDYCOM,COTTONCNDY,,0.000000,12,COMDTY,MCX,1000.000000,99999999,False
637,SILVER100COM,SILVER100,,0.000000,100,COMDTY,MCX,100.000000,99999999,False
582997,CRUDEOIL17NOV267200PE,CRUDEOIL,17NOV2026,720000.000000,100,OPTFUT,MCX,10.000000,10000,False
584997,CRUDEOILM17NOV2612450PE,CRUDEOILM,17NOV2026,1245000.000000,10,OPTFUT,MCX,5.000000,10000,False
585000,CRUDEOILM17NOV2612600PE,CRUDEOILM,17NOV2026,1260000.000000,10,OPTFUT,MCX,5.000000,10000,False
582966,CRUDEOIL17NOV2610800CE,CRUDEOIL,17NOV2026,1080000.000000,100,OPTFUT,MCX,10.000000,10000,False
582970,CRUDEOIL17NOV2611000CE,CRUDEOIL,17NOV2026,1100000.000000,100,OPTFUT,MCX,10.000000,10000,False
582973,CRUDEOIL17NOV2611150CE,CRUDEOIL,17NOV2026,1115000.000000,100,OPTFUT,MCX,10.000000,10000,False
572379,SILVER25JAN27344000PE,SILVER,25JAN2027,34400000.000000,30,OPTFUT,MCX,50.000000,600,False
572397,SILVER25JAN27362000PE,SILVER,25JAN2027,36200000.000000,30,OPTFUT,MCX,50.000000,600,False
572413,SILVER26FEB27350000PE,SILVER,26FEB2027,35000000.000000,30,OPTFUT,MCX,50.000000,600,False
572429,SILVER26FEB27366000PE,SILVER,26FEB2027,36600000.000000,30,OPTFUT,MCX,50.000000,600,False
583000,CRUDEOIL17NOV267050PE,CRUDEOIL,17NOV2026,705000.000000,100,OPTFUT,MCX,10.000000,10000,False
583004,CRUDEOIL17NOV266850PE,CRUDEOIL,17NOV2026,685000.000000,100,OPTFUT,MCX,10.000000,10000,False
583007,CRUDEOIL17NOV266700PE,CRUDEOIL,17NOV2026,670000.000000,100,OPTFUT,MCX,10.000000,10000,False
583009,CRUDEOIL17NOV266600PE,CRUDEOIL,17NOV2026,660000.000000,100,OPTFUT,MCX,10.000000,10000,False
572454,SILVERM27OCT26355000CE,SILVERM,27OCT2026,35500000.000000,5,OPTFUT,MCX,50.000000,600,False
572471,SILVERM28DEC26349000CE,SILVERM,28DEC2026,34900000.000000,5,OPTFUT,MCX,50.000000,600,False
572483,SILVERM28DEC26361000CE,SILVERM,28DEC2026,36100000.000000,5,OPTFUT,MCX,50.000000,600,False
572490,SILVERM28DEC26368000CE,SILVERM,28DEC2026,36800000.000000,5,OPTFUT,MCX,50.000000,600,False
583012,CRUDEOIL17NOV266450PE,CRUDEOIL,17NOV2026,645000.000000,100,OPTFUT,MCX,10.000000,10000,False
583016,CRUDEOIL17NOV266250PE,CRUDEOIL,17NOV2026,625000.000000,100,OPTFUT,MCX,10.000000,10000,False
583019,CRUDEOIL17NOV266100PE,CRUDEOIL,17NOV2026,610000.000000,100,OPTFUT,MCX,10.000000,10000,False
583045,CRUDEOIL17NOV264800PE,CRUDEOIL,17NOV2026,480000.000000,100,OPTFUT,MCX,10.000000,10000,False
572496,SILVERM25JAN27345000CE,SILVERM,25JAN2027,34500000.000000,5,OPTFUT,MCX,50.000000,600,False
572498,SILVERM25JAN27347000CE,SILVERM,25JAN2027,34700000.000000,5,OPTFUT,MCX,50.000000,600,False
572502,SILVERM25JAN27351000CE,SILVERM,25JAN2027,35100000.000000,5,OPTFUT,MCX,50.000000,600,False
572521,SILVERM19FEB27341000CE,SILVERM,19FEB2027,34100000.000000,5,OPTFUT,MCX,50.000000,600,False
583046,CRUDEOIL17NOV264750PE,CRUDEOIL,17NOV2026,475000.000000,100,OPTFUT,MCX,10.000000,10000,False
583049,CRUDEOIL17NOV264600PE,CRUDEOIL,17NOV2026,460000.000000,100,OPTFUT,MCX,10.000000,10000,False
583076,CRUDEOIL17NOV268800PE,CRUDEOIL,17NOV2026,880000.000000,100,OPTFUT,MCX,10.000000,10000,False
583084,CRUDEOIL17NOV269200PE,CRUDEOIL,17NOV2026,920000.000000,100,OPTFUT,MCX,10.000000,10000,False
572533,SILVERM19FEB27353000CE,SILVERM,19FEB2027,35300000.000000,5,OPTFUT,MCX,50.000000,600,False
572536,SILVERM19FEB27356000CE,SILVERM,19FEB2027,35600000.000000,5,OPTFUT,MCX,50.000000,600,False
572540,SILVERM19FEB27360000CE,SILVERM,19FEB2027,36000000.000000,5,OPTFUT,MCX,50.000000,600,False
572569,SILVERM24SEP26358000PE,SILVERM,24SEP2026,35800000.000000,5,OPTFUT,MCX,50.000000,600,False
583094,CRUDEOIL17NOV269700PE,CRUDEOIL,17NOV2026,970000.000000,100,OPTFUT,MCX,10.000000,10000,False
583097,CRUDEOIL17NOV269850PE,CRUDEOIL,17NOV2026,985000.000000,100,OPTFUT,MCX,10.000000,10000,False
583135,GOLD30JUN27190500CE,GOLD,30JUN2027,19050000.000000,1,OPTFUT,MCX,50.000000,100,False
583137,GOLD30JUN27191500CE,GOLD,30JUN2027,19150000.000000,1,OPTFUT,MCX,50.000000,100,False
583153,GOLDM25SEP26183000CE,GOLDM,25SEP2026,18300000.000000,100,OPTFUT,MCX,50.000000,10000,False
583160,GOLDM25SEP26182500PE,GOLDM,25SEP2026,18250000.000000,100,OPTFUT,MCX,50.000000,10000,False
583169,SILVER28JUN27298000PE,SILVER,28JUN2027,29800000.000000,30,OPTFUT,MCX,50.000000,600,False
583219,CRUDEOILM17NOV265400CE,CRUDEOILM,17NOV2026,540000.000000,10,OPTFUT,MCX,5.000000,10000,False
572584,SILVERM28DEC26345000PE,SILVERM,28DEC2026,34500000.000000,5,OPTFUT,MCX,50.000000,600,False
572585,SILVERM28DEC26346000PE,SILVERM,28DEC2026,34600000.000000,5,OPTFUT,MCX,50.000000,600,False
572591,SILVERM28DEC26352000PE,SILVERM,28DEC2026,35200000.000000,5,OPTFUT,MCX,50.000000,600,False
572595,SILVERM28DEC26356000PE,SILVERM,28DEC2026,35600000.000000,5,OPTFUT,MCX,50.000000,600,False
583233,CRUDEOILM17NOV264700CE,CRUDEOILM,17NOV2026,470000.000000,10,OPTFUT,MCX,5.000000,10000,False
583262,CRUDEOILM17NOV268800CE,CRUDEOILM,17NOV2026,880000.000000,10,OPTFUT,MCX,5.000000,10000,False
583273,CRUDEOILM17NOV269350CE,CRUDEOILM,17NOV2026,935000.000000,10,OPTFUT,MCX,5.000000,10000,False
583276,CRUDEOILM17NOV269500CE,CRUDEOILM,17NOV2026,950000.000000,10,OPTFUT,MCX,5.000000,10000,False
572604,SILVERM28DEC26365000PE,SILVERM,28DEC2026,36500000.000000,5,OPTFUT,MCX,50.000000,600,False
572609,SILVERM25JAN27341000PE,SILVERM,25JAN2027,34100000.000000,5,OPTFUT,MCX,50.000000,600,False
572618,SILVERM25JAN27350000PE,SILVERM,25JAN2027,35000000.000000,5,OPTFUT,MCX,50.000000,600,False
572625,SILVERM25JAN27357000PE,SILVERM,25JAN2027,35700000.000000,5,OPTFUT,MCX,50.000000,600,False
583286,CRUDEOILM17NOV2610000CE,CRUDEOILM,17NOV2026,1000000.000000,10,OPTFUT,MCX,5.000000,10000,False
583294,CRUDEOILM17NOV2610400CE,CRUDEOILM,17NOV2026,1040000.000000,10,OPTFUT,MCX,5.000000,10000,False
583309,CRUDEOILM17NOV2611150CE,CRUDEOILM,17NOV2026,1115000.000000,10,OPTFUT,MCX,5.000000,10000,False
583318,CRUDEOILM17NOV2611600CE,CRUDEOILM,17NOV2026,1160000.000000,10,OPTFUT,MCX,5.000000,10000,False
583320,CRUDEOILM17NOV267850PE,CRUDEOILM,17NOV2026,785000.000000,10,OPTFUT,MCX,5.000000,10000,False
583321,CRUDEOILM17NOV267800PE,CRUDEOILM,17NOV2026,780000.000000,10,OPTFUT,MCX,5.000000,10000,False
583322,CRUDEOILM17NOV267750PE,CRUDEOILM,17NOV2026,775000.000000,10,OPTFUT,MCX,5.000000,10000,False
583325,CRUDEOILM17NOV267600PE,CRUDEOILM,17NOV2026,760000.000000,10,OPTFUT,MCX,5.000000,10000,False
572628,SILVERM25JAN27360000PE,SILVERM,25JAN2027,36000000.000000,5,OPTFUT,MCX,50.000000,600,False
572645,SILVERM19FEB27348000PE,SILVERM,19FEB2027,34800000.000000,5,OPTFUT,MCX,50.000000,600,False
572650,SILVERM19FEB27353000PE,SILVERM,19FEB2027,35300000.000000,5,OPTFUT,MCX,50.000000,600,False
572651,SILVERM19FEB27354000PE,SILVERM,19FEB2027,35400000.000000,5,OPTFUT,MCX,50.000000,600,False
572666,SILVERM19FEB27369000PE,SILVERM,19FEB2027,36900000.000000,5,OPTFUT,MCX,50.000000,600,False
572770,GOLD26FEB27209000PE,GOLD,26FEB2027,20900000.000000,1,OPTFUT,MCX,50.000000,100,False
572775,SILVER25MAR27321000PE,SILVER,25MAR2027,32100000.000000,30,OPTFUT,MCX,50.000000,600,False
572778,SILVERM25MAR27310000CE,SILVERM,25MAR2027,31000000.000000,5,OPTFUT,MCX,50.000000,600,False
583331,CRUDEOILM17NOV267300PE,CRUDEOILM,17NOV2026,730000.000000,10,OPTFUT,MCX,5.000000,10000,False
583335,CRUDEOILM17NOV267100PE,CRUDEOILM,17NOV2026,710000.000000,10,OPTFUT,MCX,5.000000,10000,False
583341,CRUDEOILM17NOV266800PE,CRUDEOILM,17NOV2026,680000.000000,10,OPTFUT,MCX,5.000000,10000,False
583342,CRUDEOILM17NOV266750PE,CRUDEOILM,17NOV2026,675000.000000,10,OPTFUT,MCX,5.000000,10000,False
572779,SILVERM25MAR27310000PE,SILVERM,25MAR2027,31000000.000000,5,OPTFUT,MCX,50.000000,600,False
572780,SILVERM23APR27310000CE,SILVERM,23APR2027,31000000.000000,5,OPTFUT,MCX,50.000000,600,False
572791,SILVER25MAR27311000CE,SILVER,25MAR2027,31100000.000000,30,OPTFUT,MCX,50.000000,600,False
572806,SILVER25MAR27296000CE,SILVER,25MAR2027,29600000.000000,30,OPTFUT,MCX,50.000000,600,False
583350,CRUDEOILM17NOV266350PE,CRUDEOILM,17NOV2026,635000.000000,10,OPTFUT,MCX,5.000000,10000,False
583361,CRUDEOILM17NOV265800PE,CRUDEOILM,17NOV2026,580000.000000,10,OPTFUT,MCX,5.000000,10000,False
583377,CRUDEOILM17NOV265000PE,CRUDEOILM,17NOV2026,500000.000000,10,OPTFUT,MCX,5.000000,10000,False
583381,CRUDEOILM17NOV264800PE,CRUDEOILM,17NOV2026,480000.000000,10,OPTFUT,MCX,5.000000,10000,False
572815,SILVER25MAR27287000CE,SILVER,25MAR2027,28700000.000000,30,OPTFUT,MCX,50.000000,600,False
572816,SILVER25MAR27286000CE,SILVER,25MAR2027,28600000.000000,30,OPTFUT,MCX,50.000000,600,False
572825,SILVER25MAR27325000CE,SILVER,25MAR2027,32500000.000000,30,OPTFUT,MCX,50.000000,600,False
572831,SILVER25MAR27331000CE,SILVER,25MAR2027,33100000.000000,30,OPTFUT,MCX,50.000000,600,False
583389,CRUDEOILM17NOV264400PE,CRUDEOILM,17NOV2026,440000.000000,10,OPTFUT,MCX,5.000000,10000,False
583392,CRUDEOILM17NOV264250PE,CRUDEOILM,17NOV2026,425000.000000,10,OPTFUT,MCX,5.000000,10000,False
583408,CRUDEOILM17NOV268600PE,CRUDEOILM,17NOV2026,860000.000000,10,OPTFUT,MCX,5.000000,10000,False
583414,CRUDEOILM17NOV268900PE,CRUDEOILM,17NOV2026,890000.000000,10,OPTFUT,MCX,5.000000,10000,False
572835,SILVER25MAR27335000CE,SILVER,25MAR2027,33500000.000000,30,OPTFUT,MCX,50.000000,600,False
572845,SILVER25MAR27345000CE,SILVER,25MAR2027,34500000.000000,30,OPTFUT,MCX,50.000000,600,False
572846,SILVER25MAR27346000CE,SILVER,25MAR2027,34600000.000000,30,OPTFUT,MCX,50.000000,600,False
572847,SILVER25MAR27347000CE,SILVER,25MAR2027,34700000.000000,30,OPTFUT,MCX,50.000000,600,False
583416,CRUDEOILM17NOV269000PE,CRUDEOILM,17NOV2026,900000.000000,10,OPTFUT,MCX,5.000000,10000,False
583419,CRUDEOILM17NOV269150PE,CRUDEOILM,17NOV2026,915000.000000,10,OPTFUT,MCX,5.000000,10000,False
583430,CRUDEOILM17NOV269700PE,CRUDEOILM,17NOV2026,970000.000000,10,OPTFUT,MCX,5.000000,10000,False
583431,CRUDEOILM17NOV269750PE,CRUDEOILM,17NOV2026,975000.000000,10,OPTFUT,MCX,5.000000,10000,False
572854,SILVER25MAR27354000CE,SILVER,25MAR2027,35400000.000000,30,OPTFUT,MCX,50.000000,600,False
572890,SILVER28APR27292000CE,SILVER,28APR2027,29200000.000000,30,OPTFUT,MCX,50.000000,600,False
572892,SILVER28APR27290000CE,SILVER,28APR2027,29000000.000000,30,OPTFUT,MCX,50.000000,600,False
572897,SILVER28APR27285000CE,SILVER,28APR2027,28500000.000000,30,OPTFUT,MCX,50.000000,600,False
583437,CRUDEOILM17NOV2610050PE,CRUDEOILM,17NOV2026,1005000.000000,10,OPTFUT,MCX,5.000000,10000,False
583450,CRUDEOILM17NOV2610700PE,CRUDEOILM,17NOV2026,1070000.000000,10,OPTFUT,MCX,5.000000,10000,False
583479,MCXBULLDEX28OCT2639300PE,MCXBULLDEX,28OCT2026,3930000.000000,30,OPTIDX,MCX,5.000000,900,False
583484,CRUDEOIL17NOV2611700PE,CRUDEOIL,17NOV2026,1170000.000000,100,OPTFUT,MCX,10.000000,10000,False
583499,GOLD29JUL27192500PE,GOLD,29JUL2027,19250000.000000,1,OPTFUT,MCX,50.000000,100,False
583517,GOLDM29OCT26185500PE,GOLDM,29OCT2026,18550000.000000,100,OPTFUT,MCX,50.000000,10000,False
583519,SILVER26MAY27300000CE,SILVER,26MAY2027,30000000.000000,30,OPTFUT,MCX,50.000000,600,False
583535,SILVER26MAY27300000PE,SILVER,26MAY2027,30000000.000000,30,OPTFUT,MCX,50.000000,600,False
572901,SILVER28APR27281000CE,SILVER,28APR2027,28100000.000000,30,OPTFUT,MCX,50.000000,600,False
572906,SILVER28APR27326000CE,SILVER,28APR2027,32600000.000000,30,OPTFUT,MCX,50.000000,600,False
572912,SILVER28APR27332000CE,SILVER,28APR2027,33200000.000000,30,OPTFUT,MCX,50.000000,600,False
572919,SILVER28APR27339000CE,SILVER,28APR2027,33900000.000000,30,OPTFUT,MCX,50.000000,600,False
583536,SILVER26MAY27301000PE,SILVER,26MAY2027,30100000.000000,30,OPTFUT,MCX,50.000000,600,False
583547,SILVER28JUN27304000PE,SILVER,28JUN2027,30400000.000000,30,OPTFUT,MCX,50.000000,600,False
583553,SILVERM26MAY27306000CE,SILVERM,26MAY2027,30600000.000000,5,OPTFUT,MCX,50.000000,600,False
583574,MCXBULLDEX25SEP2639600CE,MCXBULLDEX,25SEP2026,3960000.000000,30,OPTIDX,MCX,5.000000,900,False
572923,SILVER28APR27343000CE,SILVER,28APR2027,34300000.000000,30,OPTFUT,MCX,50.000000,600,False
572924,SILVER28APR27344000CE,SILVER,28APR2027,34400000.000000,30,OPTFUT,MCX,50.000000,600,False
572927,SILVER28APR27347000CE,SILVER,28APR2027,34700000.000000,30,OPTFUT,MCX,50.000000,600,False
572929,SILVER28APR27349000CE,SILVER,28APR2027,34900000.000000,30,OPTFUT,MCX,50.000000,600,False
583584,MCXBULLDEX25SEP2639600PE,MCXBULLDEX,25SEP2026,3960000.000000,30,OPTIDX,MCX,5.000000,900,False
583587,MCXBULLDEX25SEP2639900PE,MCXBULLDEX,25SEP2026,3990000.000000,30,OPTIDX,MCX,5.000000,900,False
583612,GOLD30JUN27196000PE,GOLD,30JUN2027,19600000.000000,1,OPTFUT,MCX,50.000000,100,False
583630,GOLDM25SEP26187000CE,GOLDM,25SEP2026,18700000.000000,100,OPTFUT,MCX,50.000000,10000,False
583654,GOLDM29OCT26188000PE,GOLDM,29OCT2026,18800000.000000,100,OPTFUT,MCX,50.000000,10000,False
583658,SILVER26MAY27309000CE,SILVER,26MAY2027,30900000.000000,30,OPTFUT,MCX,50.000000,600,False
583684,SILVERM26MAY27310000PE,SILVERM,26MAY2027,31000000.000000,5,OPTFUT,MCX,50.000000,600,False
583685,SILVERM26MAY27311000PE,SILVERM,26MAY2027,31100000.000000,5,OPTFUT,MCX,50.000000,600,False
572934,SILVER28APR27354000CE,SILVER,28APR2027,35400000.000000,30,OPTFUT,MCX,50.000000,600,False
572953,SILVER25MAR27309000PE,SILVER,25MAR2027,30900000.000000,30,OPTFUT,MCX,50.000000,600,False
572995,SILVER25MAR27335000PE,SILVER,25MAR2027,33500000.000000,30,OPTFUT,MCX,50.000000,600,False
572997,SILVER25MAR27337000PE,SILVER,25MAR2027,33700000.000000,30,OPTFUT,MCX,50.000000,600,False
573004,SILVER25MAR27344000PE,SILVER,25MAR2027,34400000.000000,30,OPTFUT,MCX,50.000000,600,False
573022,SILVER28APR27320000PE,SILVER,28APR2027,32000000.000000,30,OPTFUT,MCX,50.000000,600,False
573042,SILVER28APR27300000PE,SILVER,28APR2027,30000000.000000,30,OPTFUT,MCX,50.000000,600,False
573045,SILVER28APR27297000PE,SILVER,28APR2027,29700000.000000,30,OPTFUT,MCX,50.000000,600,False
583687,SILVERM23JUN27308000PE,SILVERM,23JUN2027,30800000.000000,5,OPTFUT,MCX,50.000000,600,False
583688,SILVERM23JUN27309000PE,SILVERM,23JUN2027,30900000.000000,5,OPTFUT,MCX,50.000000,600,False
583712,MCXBULLDEX28OCT2640400CE,MCXBULLDEX,28OCT2026,4040000.000000,30,OPTIDX,MCX,5.000000,900,False
583714,MCXBULLDEX28OCT2640600CE,MCXBULLDEX,28OCT2026,4060000.000000,30,OPTIDX,MCX,5.000000,900,False
573066,SILVER28APR27326000PE,SILVER,28APR2027,32600000.000000,30,OPTFUT,MCX,50.000000,600,False
573074,SILVER28APR27334000PE,SILVER,28APR2027,33400000.000000,30,OPTFUT,MCX,50.000000,600,False
573076,SILVER28APR27336000PE,SILVER,28APR2027,33600000.000000,30,OPTFUT,MCX,50.000000,600,False
573078,SILVER28APR27338000PE,SILVER,28APR2027,33800000.000000,30,OPTFUT,MCX,50.000000,600,False
583715,MCXBULLDEX28OCT2640700CE,MCXBULLDEX,28OCT2026,4070000.000000,30,OPTIDX,MCX,5.000000,900,False
583718,MCXBULLDEX25SEP2640300PE,MCXBULLDEX,25SEP2026,4030000.000000,30,OPTIDX,MCX,5.000000,900,False
583751,GOLD30JUN27198000CE,GOLD,30JUN2027,19800000.000000,1,OPTFUT,MCX,50.000000,100,False
583759,GOLD29JUL27198500CE,GOLD,29JUL2027,19850000.000000,1,OPTFUT,MCX,50.000000,100,False
573087,SILVER28APR27347000PE,SILVER,28APR2027,34700000.000000,30,OPTFUT,MCX,50.000000,600,False
573088,SILVER28APR27348000PE,SILVER,28APR2027,34800000.000000,30,OPTFUT,MCX,50.000000,600,False
573091,SILVER28APR27351000PE,SILVER,28APR2027,35100000.000000,30,OPTFUT,MCX,50.000000,600,False
573111,SILVERM25MAR27300000CE,SILVERM,25MAR2027,30000000.000000,5,OPTFUT,MCX,50.000000,600,False
583760,GOLD29JUL27199000CE,GOLD,29JUL2027,19900000.000000,1,OPTFUT,MCX,50.000000,100,False
583764,GOLD28MAY27197500PE,GOLD,28MAY2027,19750000.000000,1,OPTFUT,MCX,50.000000,100,False
583791,SILVERM26MAY27313000PE,SILVERM,26MAY2027,31300000.000000,5,OPTFUT,MCX,50.000000,600,False
583794,ZINC23OCT26450CE,ZINC,23OCT2026,45000.000000,5,OPTFUT,MCX,1.000000,100,False
573128,SILVERM25MAR27283000CE,SILVERM,25MAR2027,28300000.000000,5,OPTFUT,MCX,50.000000,600,False
573129,SILVERM25MAR27282000CE,SILVERM,25MAR2027,28200000.000000,5,OPTFUT,MCX,50.000000,600,False
573134,SILVERM25MAR27277000CE,SILVERM,25MAR2027,27700000.000000,5,OPTFUT,MCX,50.000000,600,False
573138,SILVERM25MAR27273000CE,SILVERM,25MAR2027,27300000.000000,5,OPTFUT,MCX,50.000000,600,False
583799,COPPER23NOV261560CE,COPPER,23NOV2026,156000.000000,2500,OPTFUT,MCX,1.000000,70000,False
583813,ZINC23SEP26460PE,ZINC,23SEP2026,46000.000000,5,OPTFUT,MCX,1.000000,100,False
583824,CRUDEOILM17NOV263850PE,CRUDEOILM,17NOV2026,385000.000000,10,OPTFUT,MCX,5.000000,10000,False
583826,NATURALGAS20NOV26340PE,NATURALGAS,20NOV2026,34000.000000,1250,OPTFUT,MCX,5.000000,60000,False
583828,NATGASMINI20NOV26340PE,NATGASMINI,20NOV2026,34000.000000,250,OPTFUT,MCX,5.000000,60000,False
583847,NATURALGAS20NOV26255CE,NATURALGAS,20NOV2026,25500.000000,1250,OPTFUT,MCX,5.000000,60000,False
583849,NATURALGAS20NOV26245CE,NATURALGAS,20NOV2026,24500.000000,1250,OPTFUT,MCX,5.000000,60000,False
583863,NATURALGAS20NOV26175CE,NATURALGAS,20NOV2026,17500.000000,1250,OPTFUT,MCX,5.000000,60000,False
573146,SILVERM25MAR27315000CE,SILVERM,25MAR2027,31500000.000000,5,OPTFUT,MCX,50.000000,600,False
573155,SILVERM25MAR27324000CE,SILVERM,25MAR2027,32400000.000000,5,OPTFUT,MCX,50.000000,600,False
573160,SILVERM25MAR27329000CE,SILVERM,25MAR2027,32900000.000000,5,OPTFUT,MCX,50.000000,600,False
573173,SILVERM25MAR27342000CE,SILVERM,25MAR2027,34200000.000000,5,OPTFUT,MCX,50.000000,600,False
573180,SILVERM25MAR27349000CE,SILVERM,25MAR2027,34900000.000000,5,OPTFUT,MCX,50.000000,600,False
573181,SILVERM25MAR27350000CE,SILVERM,25MAR2027,35000000.000000,5,OPTFUT,MCX,50.000000,600,False
573185,SILVERM23APR27306000CE,SILVERM,23APR2027,30600000.000000,5,OPTFUT,MCX,50.000000,600,False
573186,SILVERM23APR27305000CE,SILVERM,23APR2027,30500000.000000,5,OPTFUT,MCX,50.000000,600,False
583867,NATURALGAS20NOV26155CE,NATURALGAS,20NOV2026,15500.000000,1250,OPTFUT,MCX,5.000000,60000,False
583871,NATURALGAS20NOV26345CE,NATURALGAS,20NOV2026,34500.000000,1250,OPTFUT,MCX,5.000000,60000,False
583872,NATURALGAS20NOV26350CE,NATURALGAS,20NOV2026,35000.000000,1250,OPTFUT,MCX,5.000000,60000,False
583877,NATURALGAS20NOV26375CE,NATURALGAS,20NOV2026,37500.000000,1250,OPTFUT,MCX,5.000000,60000,False
583879,NATURALGAS20NOV26385CE,NATURALGAS,20NOV2026,38500.000000,1250,OPTFUT,MCX,5.000000,60000,False
583883,NATURALGAS20NOV26405CE,NATURALGAS,20NOV2026,40500.000000,1250,OPTFUT,MCX,5.000000,60000,False
583893,NATURALGAS20NOV26455CE,NATURALGAS,20NOV2026,45500.000000,1250,OPTFUT,MCX,5.000000,60000,False
583895,NATURALGAS20NOV26465CE,NATURALGAS,20NOV2026,46500.000000,1250,OPTFUT,MCX,5.000000,60000,False
573187,SILVERM23APR27304000CE,SILVERM,23APR2027,30400000.000000,5,OPTFUT,MCX,50.000000,600,False
573190,SILVERM23APR27301000CE,SILVERM,23APR2027,30100000.000000,5,OPTFUT,MCX,50.000000,600,False
573191,SILVERM23APR27300000CE,SILVERM,23APR2027,30000000.000000,5,OPTFUT,MCX,50.000000,600,False
573195,SILVERM23APR27296000CE,SILVERM,23APR2027,29600000.000000,5,OPTFUT,MCX,50.000000,600,False
583897,NATURALGAS20NOV26475CE,NATURALGAS,20NOV2026,47500.000000,1250,OPTFUT,MCX,5.000000,60000,False
583904,NATURALGAS20NOV26510CE,NATURALGAS,20NOV2026,51000.000000,1250,OPTFUT,MCX,5.000000,60000,False
583919,NATURALGAS20NOV26295PE,NATURALGAS,20NOV2026,29500.000000,1250,OPTFUT,MCX,5.000000,60000,False
583929,NATURALGAS20NOV26245PE,NATURALGAS,20NOV2026,24500.000000,1250,OPTFUT,MCX,5.000000,60000,False
573204,SILVERM23APR27287000CE,SILVERM,23APR2027,28700000.000000,5,OPTFUT,MCX,50.000000,600,False
573205,SILVERM23APR27286000CE,SILVERM,23APR2027,28600000.000000,5,OPTFUT,MCX,50.000000,600,False
573211,SILVERM23APR27280000CE,SILVERM,23APR2027,28000000.000000,5,OPTFUT,MCX,50.000000,600,False
573224,SILVERM23APR27313000CE,SILVERM,23APR2027,31300000.000000,5,OPTFUT,MCX,50.000000,600,False
583939,NATURALGAS20NOV26195PE,NATURALGAS,20NOV2026,19500.000000,1250,OPTFUT,MCX,5.000000,60000,False
583941,NATURALGAS20NOV26185PE,NATURALGAS,20NOV2026,18500.000000,1250,OPTFUT,MCX,5.000000,60000,False
583945,NATURALGAS20NOV26165PE,NATURALGAS,20NOV2026,16500.000000,1250,OPTFUT,MCX,5.000000,60000,False
583946,NATURALGAS20NOV26160PE,NATURALGAS,20NOV2026,16000.000000,1250,OPTFUT,MCX,5.000000,60000,False
583963,NATURALGAS20NOV26405PE,NATURALGAS,20NOV2026,40500.000000,1250,OPTFUT,MCX,5.000000,60000,False
583970,NATURALGAS20NOV26440PE,NATURALGAS,20NOV2026,44000.000000,1250,OPTFUT,MCX,5.000000,60000,False
583974,NATURALGAS20NOV26460PE,NATURALGAS,20NOV2026,46000.000000,1250,OPTFUT,MCX,5.000000,60000,False
583986,NATURALGAS20NOV26520PE,NATURALGAS,20NOV2026,52000.000000,1250,OPTFUT,MCX,5.000000,60000,False
573230,SILVERM23APR27319000CE,SILVERM,23APR2027,31900000.000000,5,OPTFUT,MCX,50.000000,600,False
573232,SILVERM23APR27321000CE,SILVERM,23APR2027,32100000.000000,5,OPTFUT,MCX,50.000000,600,False
573236,SILVERM23APR27325000CE,SILVERM,23APR2027,32500000.000000,5,OPTFUT,MCX,50.000000,600,False
573249,SILVERM23APR27338000CE,SILVERM,23APR2027,33800000.000000,5,OPTFUT,MCX,50.000000,600,False
583989,NATURALGAS20NOV26535PE,NATURALGAS,20NOV2026,53500.000000,1250,OPTFUT,MCX,5.000000,60000,False
583993,ZINC23SEP26465PE,ZINC,23SEP2026,46500.000000,5,OPTFUT,MCX,1.000000,100,False
584029,NATGASMINI20NOV26165CE,NATGASMINI,20NOV2026,16500.000000,250,OPTFUT,MCX,5.000000,60000,False
584037,NATGASMINI20NOV26355CE,NATGASMINI,20NOV2026,35500.000000,250,OPTFUT,MCX,5.000000,60000,False
573255,SILVERM23APR27344000CE,SILVERM,23APR2027,34400000.000000,5,OPTFUT,MCX,50.000000,600,False
573266,SILVERM25MAR27305000PE,SILVERM,25MAR2027,30500000.000000,5,OPTFUT,MCX,50.000000,600,False
573270,SILVERM25MAR27301000PE,SILVERM,25MAR2027,30100000.000000,5,OPTFUT,MCX,50.000000,600,False
573275,SILVERM25MAR27296000PE,SILVERM,25MAR2027,29600000.000000,5,OPTFUT,MCX,50.000000,600,False
584058,NATGASMINI20NOV26460CE,NATGASMINI,20NOV2026,46000.000000,250,OPTFUT,MCX,5.000000,60000,False
584065,NATGASMINI20NOV26495CE,NATGASMINI,20NOV2026,49500.000000,250,OPTFUT,MCX,5.000000,60000,False
584067,NATGASMINI20NOV26505CE,NATGASMINI,20NOV2026,50500.000000,250,OPTFUT,MCX,5.000000,60000,False
584070,NATGASMINI20NOV26520CE,NATGASMINI,20NOV2026,52000.000000,250,OPTFUT,MCX,5.000000,60000,False
573279,SILVERM25MAR27292000PE,SILVERM,25MAR2027,29200000.000000,5,OPTFUT,MCX,50.000000,600,False
573289,SILVERM25MAR27282000PE,SILVERM,25MAR2027,28200000.000000,5,OPTFUT,MCX,50.000000,600,False
573290,SILVERM25MAR27281000PE,SILVERM,25MAR2027,28100000.000000,5,OPTFUT,MCX,50.000000,600,False
573312,SILVERM25MAR27321000PE,SILVERM,25MAR2027,32100000.000000,5,OPTFUT,MCX,50.000000,600,False
573316,SILVERM25MAR27325000PE,SILVERM,25MAR2027,32500000.000000,5,OPTFUT,MCX,50.000000,600,False
573324,SILVERM25MAR27333000PE,SILVERM,25MAR2027,33300000.000000,5,OPTFUT,MCX,50.000000,600,False
573340,SILVERM25MAR27349000PE,SILVERM,25MAR2027,34900000.000000,5,OPTFUT,MCX,50.000000,600,False
573351,SILVERM23APR27300000PE,SILVERM,23APR2027,30000000.000000,5,OPTFUT,MCX,50.000000,600,False
584072,NATGASMINI20NOV26530CE,NATGASMINI,20NOV2026,53000.000000,250,OPTFUT,MCX,5.000000,60000,False
584085,NATGASMINI20NOV26285PE,NATGASMINI,20NOV2026,28500.000000,250,OPTFUT,MCX,5.000000,60000,False
584093,NATGASMINI20NOV26245PE,NATGASMINI,20NOV2026,24500.000000,250,OPTFUT,MCX,5.000000,60000,False
584103,NATGASMINI20NOV26195PE,NATGASMINI,20NOV2026,19500.000000,250,OPTFUT,MCX,5.000000,60000,False
573361,SILVERM23APR27290000PE,SILVERM,23APR2027,29000000.000000,5,OPTFUT,MCX,50.000000,600,False
573366,SILVERM23APR27285000PE,SILVERM,23APR2027,28500000.000000,5,OPTFUT,MCX,50.000000,600,False
573369,SILVERM23APR27282000PE,SILVERM,23APR2027,28200000.000000,5,OPTFUT,MCX,50.000000,600,False
573372,SILVERM23APR27279000PE,SILVERM,23APR2027,27900000.000000,5,OPTFUT,MCX,50.000000,600,False
584105,NATGASMINI20NOV26185PE,NATGASMINI,20NOV2026,18500.000000,250,OPTFUT,MCX,5.000000,60000,False
584110,NATGASMINI20NOV26160PE,NATGASMINI,20NOV2026,16000.000000,250,OPTFUT,MCX,5.000000,60000,False
584126,NATGASMINI20NOV26400PE,NATGASMINI,20NOV2026,40000.000000,250,OPTFUT,MCX,5.000000,60000,False
584142,NATGASMINI20NOV26480PE,NATGASMINI,20NOV2026,48000.000000,250,OPTFUT,MCX,5.000000,60000,False
573379,SILVERM23APR27272000PE,SILVERM,23APR2027,27200000.000000,5,OPTFUT,MCX,50.000000,600,False
573395,SILVERM23APR27324000PE,SILVERM,23APR2027,32400000.000000,5,OPTFUT,MCX,50.000000,600,False
573408,SILVERM23APR27337000PE,SILVERM,23APR2027,33700000.000000,5,OPTFUT,MCX,50.000000,600,False
573751,SILVER25MAR27277000CE,SILVER,25MAR2027,27700000.000000,30,OPTFUT,MCX,50.000000,600,False
584151,NATGASMINI20NOV26525PE,NATGASMINI,20NOV2026,52500.000000,250,OPTFUT,MCX,5.000000,60000,False
584154,NATGASMINI20NOV26540PE,NATGASMINI,20NOV2026,54000.000000,250,OPTFUT,MCX,5.000000,60000,False
584162,MCXBULLDEX27NOV2635500CE,MCXBULLDEX,27NOV2026,3550000.000000,15,OPTIDX,MCX,5.000000,450,False
584168,MCXBULLDEX27NOV2634900CE,MCXBULLDEX,27NOV2026,3490000.000000,15,OPTIDX,MCX,5.000000,450,False
584169,MCXBULLDEX27NOV2634800CE,MCXBULLDEX,27NOV2026,3480000.000000,15,OPTIDX,MCX,5.000000,450,False
584181,MCXBULLDEX27NOV2633600CE,MCXBULLDEX,27NOV2026,3360000.000000,15,OPTIDX,MCX,5.000000,450,False
584184,MCXBULLDEX27NOV2633300CE,MCXBULLDEX,27NOV2026,3330000.000000,15,OPTIDX,MCX,5.000000,450,False
584200,MCXBULLDEX27NOV2636100CE,MCXBULLDEX,27NOV2026,3610000.000000,15,OPTIDX,MCX,5.000000,450,False
584204,MCXBULLDEX27NOV2636600CE,MCXBULLDEX,27NOV2026,3660000.000000,15,OPTIDX,MCX,5.000000,450,False
584206,MCXBULLDEX27NOV2636800CE,MCXBULLDEX,27NOV2026,3680000.000000,15,OPTIDX,MCX,5.000000,450,False
584225,MCXBULLDEX27NOV2638700CE,MCXBULLDEX,27NOV2026,3870000.000000,15,OPTIDX,MCX,5.000000,450,False
584241,MCXBULLDEX27NOV2634600PE,MCXBULLDEX,27NOV2026,3460000.000000,15,OPTIDX,MCX,5.000000,450,False
573756,SILVER25MAR27272000CE,SILVER,25MAR2027,27200000.000000,30,OPTFUT,MCX,50.000000,600,False
573767,SILVER25MAR27261000CE,SILVER,25MAR2027,26100000.000000,30,OPTFUT,MCX,50.000000,600,False
573793,SILVER25MAR27279000PE,SILVER,25MAR2027,27900000.000000,30,OPTFUT,MCX,50.000000,600,False
573804,SILVER25MAR27268000PE,SILVER,25MAR2027,26800000.000000,30,OPTFUT,MCX,50.000000,600,False
584286,MCXBULLDEX27NOV2637800PE,MCXBULLDEX,27NOV2026,3780000.000000,15,OPTIDX,MCX,5.000000,450,False
584300,MCXBULLDEX27NOV2639200PE,MCXBULLDEX,27NOV2026,3920000.000000,15,OPTIDX,MCX,5.000000,450,False
584306,GOLDPETAL26FEB27FUT,GOLDPETAL,26FEB2027,0.000000,1,FUTCOM,MCX,100.000000,10000,False
584329,ZINC30JUN27FUT,ZINC,30JUN2027,0.000000,5,FUTCOM,MCX,5.000000,100,False
573812,SILVER25MAR27260000PE,SILVER,25MAR2027,26000000.000000,30,OPTFUT,MCX,50.000000,600,False
573818,SILVER28APR27276000PE,SILVER,28APR2027,27600000.000000,30,OPTFUT,MCX,50.000000,600,False
573819,SILVER28APR27275000PE,SILVER,28APR2027,27500000.000000,30,OPTFUT,MCX,50.000000,600,False
573820,SILVER28APR27274000PE,SILVER,28APR2027,27400000.000000,30,OPTFUT,MCX,50.000000,600,False
584330,ZINC31MAR27FUT,ZINC,31MAR2027,0.000000,5,FUTCOM,MCX,5.000000,100,False
584334,COPPER23DEC261380CE,COPPER,23DEC2026,138000.000000,2500,OPTFUT,MCX,1.000000,70000,False
584336,COPPER23DEC261360CE,COPPER,23DEC2026,136000.000000,2500,OPTFUT,MCX,1.000000,70000,False
584363,COPPER23DEC261390PE,COPPER,23DEC2026,139000.000000,2500,OPTFUT,MCX,1.000000,70000,False
573826,SILVER28APR27268000PE,SILVER,28APR2027,26800000.000000,30,OPTFUT,MCX,50.000000,600,False
573848,SILVERM23APR27269000PE,SILVERM,23APR2027,26900000.000000,5,OPTFUT,MCX,50.000000,600,False
574199,SILVER28APR27257000PE,SILVER,28APR2027,25700000.000000,30,OPTFUT,MCX,50.000000,600,False
574827,ALUMINI30OCT26FUT,ALUMINI,30OCT2026,0.000000,1,FUTCOM,MCX,5.000000,150,False
584365,COPPER23DEC261370PE,COPPER,23DEC2026,137000.000000,2500,OPTFUT,MCX,1.000000,70000,False
584373,COPPER23DEC261290PE,COPPER,23DEC2026,129000.000000,2500,OPTFUT,MCX,1.000000,70000,False
584374,COPPER23DEC261280PE,COPPER,23DEC2026,128000.000000,2500,OPTFUT,MCX,1.000000,70000,False
584386,COPPER23DEC261510PE,COPPER,23DEC2026,151000.000000,2500,OPTFUT,MCX,1.000000,70000,False
584394,GOLD29JUL27135000CE,GOLD,29JUL2027,13500000.000000,1,OPTFUT,MCX,50.000000,100,False
584395,GOLD29JUL27134500CE,GOLD,29JUL2027,13450000.000000,1,OPTFUT,MCX,50.000000,100,False
584406,ZINC23DEC26365CE,ZINC,23DEC2026,36500.000000,5,OPTFUT,MCX,1.000000,100,False
584408,ZINC23DEC26355CE,ZINC,23DEC2026,35500.000000,5,OPTFUT,MCX,1.000000,100,False
574842,GOLDTEN30NOV26FUT,GOLDTEN,30NOV2026,0.000000,10,FUTCOM,MCX,100.000000,10000,False
574852,COPPER23SEP261360CE,COPPER,23SEP2026,136000.000000,2500,OPTFUT,MCX,1.000000,70000,False
574865,COPPER23SEP261420CE,COPPER,23SEP2026,142000.000000,2500,OPTFUT,MCX,1.000000,70000,False
574870,COPPER23SEP261470CE,COPPER,23SEP2026,147000.000000,2500,OPTFUT,MCX,1.000000,70000,False
584410,ZINC23DEC26345CE,ZINC,23DEC2026,34500.000000,5,OPTFUT,MCX,1.000000,100,False
584412,ZINC23DEC26335CE,ZINC,23DEC2026,33500.000000,5,OPTFUT,MCX,1.000000,100,False
584423,ZINC23OCT26460PE,ZINC,23OCT2026,46000.000000,5,OPTFUT,MCX,1.000000,100,False
584426,ZINC23DEC26380PE,ZINC,23DEC2026,38000.000000,5,OPTFUT,MCX,1.000000,100,False
574872,COPPER23SEP261490CE,COPPER,23SEP2026,149000.000000,2500,OPTFUT,MCX,1.000000,70000,False
574874,COPPER23SEP261510CE,COPPER,23SEP2026,151000.000000,2500,OPTFUT,MCX,1.000000,70000,False
574884,COPPER23SEP261340PE,COPPER,23SEP2026,134000.000000,2500,OPTFUT,MCX,1.000000,70000,False
574888,COPPER23SEP261300PE,COPPER,23SEP2026,130000.000000,2500,OPTFUT,MCX,1.000000,70000,False
584450,MCXBULLDEX27NOV2632100PE,MCXBULLDEX,27NOV2026,3210000.000000,15,OPTIDX,MCX,5.000000,450,False
584468,CRUDEOILM15OCT2612050CE,CRUDEOILM,15OCT2026,1205000.000000,10,OPTFUT,MCX,5.000000,10000,False
584477,CRUDEOILM17NOV2611900PE,CRUDEOILM,17NOV2026,1190000.000000,10,OPTFUT,MCX,5.000000,10000,False
584509,GOLDM27NOV26151000CE,GOLDM,27NOV2026,15100000.000000,100,OPTFUT,MCX,50.000000,10000,False
584510,GOLDM27NOV26150500CE,GOLDM,27NOV2026,15050000.000000,100,OPTFUT,MCX,50.000000,10000,False
584512,GOLDM27NOV26149500CE,GOLDM,27NOV2026,14950000.000000,100,OPTFUT,MCX,50.000000,10000,False
584516,GOLDM27NOV26147500CE,GOLDM,27NOV2026,14750000.000000,100,OPTFUT,MCX,50.000000,10000,False
584533,GOLDM27NOV26139000CE,GOLDM,27NOV2026,13900000.000000,100,OPTFUT,MCX,50.000000,10000,False
574890,COPPER23SEP261280PE,COPPER,23SEP2026,128000.000000,2500,OPTFUT,MCX,1.000000,70000,False
574891,COPPER23SEP261270PE,COPPER,23SEP2026,127000.000000,2500,OPTFUT,MCX,1.000000,70000,False
574906,COPPER23SEP261530PE,COPPER,23SEP2026,153000.000000,2500,OPTFUT,MCX,1.000000,70000,False
574928,SILVERM23APR27351000PE,SILVERM,23APR2027,35100000.000000,5,OPTFUT,MCX,50.000000,600,False
584542,GOLDM27NOV26134500CE,GOLDM,27NOV2026,13450000.000000,100,OPTFUT,MCX,50.000000,10000,False
584573,GOLDM27NOV26165000CE,GOLDM,27NOV2026,16500000.000000,100,OPTFUT,MCX,50.000000,10000,False
584592,GOLDM27NOV26174500CE,GOLDM,27NOV2026,17450000.000000,100,OPTFUT,MCX,50.000000,10000,False
584607,GOLDM27NOV26152000PE,GOLDM,27NOV2026,15200000.000000,100,OPTFUT,MCX,50.000000,10000,False
574949,ZINC23SEP26400CE,ZINC,23SEP2026,40000.000000,5,OPTFUT,MCX,1.000000,100,False
574951,ZINC23SEP26350PE,ZINC,23SEP2026,35000.000000,5,OPTFUT,MCX,1.000000,100,False
574989,COPPER23SEP261570PE,COPPER,23SEP2026,157000.000000,2500,OPTFUT,MCX,1.000000,70000,False
574993,ZINC23SEP26420CE,ZINC,23SEP2026,42000.000000,5,OPTFUT,MCX,1.000000,100,False
584611,GOLDM27NOV26150000PE,GOLDM,27NOV2026,15000000.000000,100,OPTFUT,MCX,50.000000,10000,False
584641,GOLDM27NOV26135000PE,GOLDM,27NOV2026,13500000.000000,100,OPTFUT,MCX,50.000000,10000,False
584645,GOLDM27NOV26133000PE,GOLDM,27NOV2026,13300000.000000,100,OPTFUT,MCX,50.000000,10000,False
584651,GOLDM27NOV26130000PE,GOLDM,27NOV2026,13000000.000000,100,OPTFUT,MCX,50.000000,10000,False
584652,GOLDM27NOV26129500PE,GOLDM,27NOV2026,12950000.000000,100,OPTFUT,MCX,50.000000,10000,False
584678,GOLDM27NOV26167500PE,GOLDM,27NOV2026,16750000.000000,100,OPTFUT,MCX,50.000000,10000,False
584680,GOLDM27NOV26168500PE,GOLDM,27NOV2026,16850000.000000,100,OPTFUT,MCX,50.000000,10000,False
584687,GOLDM27NOV26172000PE,GOLDM,27NOV2026,17200000.000000,100,OPTFUT,MCX,50.000000,10000,False
575,MCXCOPRDEXCOM,MCXCOPRDEX,,0.000000,1,COMDTY,MCX,1.000000,99999999,False
575016,COPPER23SEP261240PE,COPPER,23SEP2026,124000.000000,2500,OPTFUT,MCX,1.000000,70000,False
575244,SILVER28APR27243000CE,SILVER,28APR2027,24300000.000000,30,OPTFUT,MCX,50.000000,600,False
575246,SILVER25MAR27255000PE,SILVER,25MAR2027,25500000.000000,30,OPTFUT,MCX,50.000000,600,False
584701,GOLDM27NOV26179000PE,GOLDM,27NOV2026,17900000.000000,100,OPTFUT,MCX,50.000000,10000,False
584704,ZINC23NOV26450CE,ZINC,23NOV2026,45000.000000,5,OPTFUT,MCX,1.000000,100,False
584733,CRUDEOIL15OCT2612150PE,CRUDEOIL,15OCT2026,1215000.000000,100,OPTFUT,MCX,10.000000,10000,False
584739,ZINC23NOV26455PE,ZINC,23NOV2026,45500.000000,5,OPTFUT,MCX,1.000000,100,False
584748,CRUDEOILM17SEP2612500PE,CRUDEOILM,17SEP2026,1250000.000000,10,OPTFUT,MCX,5.000000,10000,False
584765,ZINC23SEP26475CE,ZINC,23SEP2026,47500.000000,5,OPTFUT,MCX,1.000000,100,False
584753,COPPER23OCT261560CE,COPPER,23OCT2026,156000.000000,2500,OPTFUT,MCX,1.000000,70000,False
584760,COPPER23NOV261570PE,COPPER,23NOV2026,157000.000000,2500,OPTFUT,MCX,1.000000,70000,False
575265,SILVER28APR27250000PE,SILVER,28APR2027,25000000.000000,30,OPTFUT,MCX,50.000000,600,False
575285,SILVERM25MAR27251000CE,SILVERM,25MAR2027,25100000.000000,5,OPTFUT,MCX,50.000000,600,False
575287,SILVERM25MAR27249000CE,SILVERM,25MAR2027,24900000.000000,5,OPTFUT,MCX,50.000000,600,False
575300,SILVERM23APR27252000CE,SILVERM,23APR2027,25200000.000000,5,OPTFUT,MCX,50.000000,600,False
584779,CRUDEOILM20SEP27FUT,CRUDEOILM,20SEP2027,0.000000,10,FUTCOM,MCX,100.000000,10000,False
584783,COPPER23DEC261590CE,COPPER,23DEC2026,159000.000000,2500,OPTFUT,MCX,1.000000,70000,False
584796,CRUDEOIL15OCT2612400CE,CRUDEOIL,15OCT2026,1240000.000000,100,OPTFUT,MCX,10.000000,10000,False
584818,CRUDEOIL17NOV2612050PE,CRUDEOIL,17NOV2026,1205000.000000,100,OPTFUT,MCX,10.000000,10000,False
584824,GOLDM27NOV26180500CE,GOLDM,27NOV2026,18050000.000000,100,OPTFUT,MCX,50.000000,10000,False
584837,CRUDEOILM17SEP2612650CE,CRUDEOILM,17SEP2026,1265000.000000,10,OPTFUT,MCX,5.000000,10000,False
584839,CRUDEOILM17SEP2612750CE,CRUDEOILM,17SEP2026,1275000.000000,10,OPTFUT,MCX,5.000000,10000,False
584843,CRUDEOILM15OCT2612350CE,CRUDEOILM,15OCT2026,1235000.000000,10,OPTFUT,MCX,5.000000,10000,False
584848,CRUDEOILM17NOV2612050CE,CRUDEOILM,17NOV2026,1205000.000000,10,OPTFUT,MCX,5.000000,10000,False
584850,CRUDEOILM17NOV2612150CE,CRUDEOILM,17NOV2026,1215000.000000,10,OPTFUT,MCX,5.000000,10000,False
584861,CRUDEOILM15OCT2612350PE,CRUDEOILM,15OCT2026,1235000.000000,10,OPTFUT,MCX,5.000000,10000,False
584873,CRUDEOIL17SEP2612900CE,CRUDEOIL,17SEP2026,1290000.000000,100,OPTFUT,MCX,10.000000,10000,False
575313,SILVERM25MAR27255000PE,SILVERM,25MAR2027,25500000.000000,5,OPTFUT,MCX,50.000000,600,False
575322,SILVERM23APR27262000PE,SILVERM,23APR2027,26200000.000000,5,OPTFUT,MCX,50.000000,600,False
575327,SILVERM23APR27257000PE,SILVERM,23APR2027,25700000.000000,5,OPTFUT,MCX,50.000000,600,False
575330,SILVERM23APR27254000PE,SILVERM,23APR2027,25400000.000000,5,OPTFUT,MCX,50.000000,600,False
584879,CRUDEOIL17SEP2613200CE,CRUDEOIL,17SEP2026,1320000.000000,100,OPTFUT,MCX,10.000000,10000,False
584886,CRUDEOIL15OCT2612650CE,CRUDEOIL,15OCT2026,1265000.000000,100,OPTFUT,MCX,10.000000,10000,False
584893,CRUDEOIL15OCT2613000CE,CRUDEOIL,15OCT2026,1300000.000000,100,OPTFUT,MCX,10.000000,10000,False
584895,CRUDEOIL15OCT2613100CE,CRUDEOIL,15OCT2026,1310000.000000,100,OPTFUT,MCX,10.000000,10000,False
575332,SILVERM23APR27252000PE,SILVERM,23APR2027,25200000.000000,5,OPTFUT,MCX,50.000000,600,False
575337,SILVERM23APR27247000PE,SILVERM,23APR2027,24700000.000000,5,OPTFUT,MCX,50.000000,600,False
575365,SILVER25MAR27238000CE,SILVER,25MAR2027,23800000.000000,30,OPTFUT,MCX,50.000000,600,False
575378,SILVERM25MAR27246000CE,SILVERM,25MAR2027,24600000.000000,5,OPTFUT,MCX,50.000000,600,False
584898,CRUDEOIL17NOV2612400CE,CRUDEOIL,17NOV2026,1240000.000000,100,OPTFUT,MCX,10.000000,10000,False
584899,CRUDEOIL17NOV2612450CE,CRUDEOIL,17NOV2026,1245000.000000,100,OPTFUT,MCX,10.000000,10000,False
584909,CRUDEOIL17SEP2613100PE,CRUDEOIL,17SEP2026,1310000.000000,100,OPTFUT,MCX,10.000000,10000,False
584910,CRUDEOIL17SEP2613150PE,CRUDEOIL,17SEP2026,1315000.000000,100,OPTFUT,MCX,10.000000,10000,False
575396,SILVERM23APR27243000PE,SILVERM,23APR2027,24300000.000000,5,OPTFUT,MCX,50.000000,600,False
575421,SILVER25MAR27230000CE,SILVER,25MAR2027,23000000.000000,30,OPTFUT,MCX,50.000000,600,False
575428,SILVER28APR27235000CE,SILVER,28APR2027,23500000.000000,30,OPTFUT,MCX,50.000000,600,False
575433,SILVER28APR27230000CE,SILVER,28APR2027,23000000.000000,30,OPTFUT,MCX,50.000000,600,False
584911,CRUDEOIL17SEP2613200PE,CRUDEOIL,17SEP2026,1320000.000000,100,OPTFUT,MCX,10.000000,10000,False
584917,CRUDEOIL15OCT2612600PE,CRUDEOIL,15OCT2026,1260000.000000,100,OPTFUT,MCX,10.000000,10000,False
584927,CRUDEOIL15OCT2613100PE,CRUDEOIL,15OCT2026,1310000.000000,100,OPTFUT,MCX,10.000000,10000,False
584930,CRUDEOIL17NOV2612400PE,CRUDEOIL,17NOV2026,1240000.000000,100,OPTFUT,MCX,10.000000,10000,False
600,ELECDMPLCOM,ELECDMPL,,0.000000,50,COMDTY,MCX,100.000000,99999999,False
617,COTTONOILCOM,COTTONOIL,,0.000000,5,COMDTY,MCX,10.000000,99999999,False
584937,GOLDM27NOV26129000CE,GOLDM,27NOV2026,12900000.000000,100,OPTFUT,MCX,50.000000,10000,False
584973,CRUDEOILM17SEP2613000PE,CRUDEOILM,17SEP2026,1300000.000000,10,OPTFUT,MCX,5.000000,10000,False
575446,SILVER25MAR27229000PE,SILVER,25MAR2027,22900000.000000,30,OPTFUT,MCX,50.000000,600,False
575453,SILVER28APR27234000PE,SILVER,28APR2027,23400000.000000,30,OPTFUT,MCX,50.000000,600,False
575461,SILVER28APR27226000PE,SILVER,28APR2027,22600000.000000,30,OPTFUT,MCX,50.000000,600,False
575498,SILVERM23APR27235000PE,SILVERM,23APR2027,23500000.000000,5,OPTFUT,MCX,50.000000,600,False
575499,SILVERM23APR27234000PE,SILVERM,23APR2027,23400000.000000,5,OPTFUT,MCX,50.000000,600,False
575533,GOLD29MAR27136500CE,GOLD,29MAR2027,13650000.000000,1,OPTFUT,MCX,50.000000,100,False
575542,GOLD29MAR27137000PE,GOLD,29MAR2027,13700000.000000,1,OPTFUT,MCX,50.000000,100,False
575597,SILVER25MAR27224000CE,SILVER,25MAR2027,22400000.000000,30,OPTFUT,MCX,50.000000,600,False
575610,SILVER25MAR27223000PE,SILVER,25MAR2027,22300000.000000,30,OPTFUT,MCX,50.000000,600,False
575639,SILVERM23APR27227000PE,SILVERM,23APR2027,22700000.000000,5,OPTFUT,MCX,50.000000,600,False
575678,MCXMETLDEX23SEP26FUT,MCXMETLDEX,23SEP2026,0.000000,40,FUTIDX,MCX,100.000000,3200,False
575691,GOLD04JUN27FUT,GOLD,04JUN2027,0.000000,1,FUTCOM,MCX,100.000000,10,False
575747,GOLD30APR27149000CE,GOLD,30APR2027,14900000.000000,1,OPTFUT,MCX,50.000000,100,False
575749,GOLD30APR27148000CE,GOLD,30APR2027,14800000.000000,1,OPTFUT,MCX,50.000000,100,False
575756,GOLD30APR27144500CE,GOLD,30APR2027,14450000.000000,1,OPTFUT,MCX,50.000000,100,False
575759,GOLD30APR27143000CE,GOLD,30APR2027,14300000.000000,1,OPTFUT,MCX,50.000000,100,False
575773,GOLD30APR27167000CE,GOLD,30APR2027,16700000.000000,1,OPTFUT,MCX,50.000000,100,False
575793,GOLD30APR27177000CE,GOLD,30APR2027,17700000.000000,1,OPTFUT,MCX,50.000000,100,False
575796,GOLD30APR27178500CE,GOLD,30APR2027,17850000.000000,1,OPTFUT,MCX,50.000000,100,False
575799,GOLD30APR27180000CE,GOLD,30APR2027,18000000.000000,1,OPTFUT,MCX,50.000000,100,False
575802,GOLD30APR27181500CE,GOLD,30APR2027,18150000.000000,1,OPTFUT,MCX,50.000000,100,False
575813,GOLD30APR27187000CE,GOLD,30APR2027,18700000.000000,1,OPTFUT,MCX,50.000000,100,False
575818,GOLD28MAY27163500CE,GOLD,28MAY2027,16350000.000000,1,OPTFUT,MCX,50.000000,100,False
575834,GOLD28MAY27155500CE,GOLD,28MAY2027,15550000.000000,1,OPTFUT,MCX,50.000000,100,False
575853,GOLD28MAY27146000CE,GOLD,28MAY2027,14600000.000000,1,OPTFUT,MCX,50.000000,100,False
575860,GOLD28MAY27142500CE,GOLD,28MAY2027,14250000.000000,1,OPTFUT,MCX,50.000000,100,False
575880,GOLD28MAY27170500CE,GOLD,28MAY2027,17050000.000000,1,OPTFUT,MCX,50.000000,100,False
575894,GOLD28MAY27177500CE,GOLD,28MAY2027,17750000.000000,1,OPTFUT,MCX,50.000000,100,False
575899,GOLD28MAY27180000CE,GOLD,28MAY2027,18000000.000000,1,OPTFUT,MCX,50.000000,100,False
575902,GOLD28MAY27181500CE,GOLD,28MAY2027,18150000.000000,1,OPTFUT,MCX,50.000000,100,False
575932,GOLD30APR27156500PE,GOLD,30APR2027,15650000.000000,1,OPTFUT,MCX,50.000000,100,False
575933,GOLD30APR27156000PE,GOLD,30APR2027,15600000.000000,1,OPTFUT,MCX,50.000000,100,False
576,MCXLEADEXCOM,MCXLEADEX,,0.000000,1,COMDTY,MCX,1.000000,99999999,False
575952,GOLD30APR27146500PE,GOLD,30APR2027,14650000.000000,1,OPTFUT,MCX,50.000000,100,False
575953,GOLD30APR27146000PE,GOLD,30APR2027,14600000.000000,1,OPTFUT,MCX,50.000000,100,False
575999,GOLD30APR27180000PE,GOLD,30APR2027,18000000.000000,1,OPTFUT,MCX,50.000000,100,False
576007,GOLD30APR27184000PE,GOLD,30APR2027,18400000.000000,1,OPTFUT,MCX,50.000000,100,False
576012,GOLD30APR27186500PE,GOLD,30APR2027,18650000.000000,1,OPTFUT,MCX,50.000000,100,False
576034,GOLD28MAY27155500PE,GOLD,28MAY2027,15550000.000000,1,OPTFUT,MCX,50.000000,100,False
576038,GOLD28MAY27153500PE,GOLD,28MAY2027,15350000.000000,1,OPTFUT,MCX,50.000000,100,False
576043,GOLD28MAY27151000PE,GOLD,28MAY2027,15100000.000000,1,OPTFUT,MCX,50.000000,100,False
576066,GOLD28MAY27139500PE,GOLD,28MAY2027,13950000.000000,1,OPTFUT,MCX,50.000000,100,False
576069,GOLD28MAY27165000PE,GOLD,28MAY2027,16500000.000000,1,OPTFUT,MCX,50.000000,100,False
576078,GOLD28MAY27169500PE,GOLD,28MAY2027,16950000.000000,1,OPTFUT,MCX,50.000000,100,False
576098,GOLD28MAY27179500PE,GOLD,28MAY2027,17950000.000000,1,OPTFUT,MCX,50.000000,100,False
576103,GOLD28MAY27182000PE,GOLD,28MAY2027,18200000.000000,1,OPTFUT,MCX,50.000000,100,False
576108,GOLD28MAY27184500PE,GOLD,28MAY2027,18450000.000000,1,OPTFUT,MCX,50.000000,100,False
576209,GOLD30APR27194000CE,GOLD,30APR2027,19400000.000000,1,OPTFUT,MCX,50.000000,100,False
576213,GOLD30APR27196000CE,GOLD,30APR2027,19600000.000000,1,OPTFUT,MCX,50.000000,100,False
576222,GOLD28MAY27192500CE,GOLD,28MAY2027,19250000.000000,1,OPTFUT,MCX,50.000000,100,False
576227,GOLD28MAY27195000CE,GOLD,28MAY2027,19500000.000000,1,OPTFUT,MCX,50.000000,100,False
576230,GOLD28MAY27196500CE,GOLD,28MAY2027,19650000.000000,1,OPTFUT,MCX,50.000000,100,False
576237,GOLD30APR27192000PE,GOLD,30APR2027,19200000.000000,1,OPTFUT,MCX,50.000000,100,False
576244,GOLD30APR27195500PE,GOLD,30APR2027,19550000.000000,1,OPTFUT,MCX,50.000000,100,False
576246,GOLD30APR27196500PE,GOLD,30APR2027,19650000.000000,1,OPTFUT,MCX,50.000000,100,False
576247,GOLD30APR27197000PE,GOLD,30APR2027,19700000.000000,1,OPTFUT,MCX,50.000000,100,False
576258,GOLD28MAY27194500PE,GOLD,28MAY2027,19450000.000000,1,OPTFUT,MCX,50.000000,100,False
576260,GOLD28MAY27195500PE,GOLD,28MAY2027,19550000.000000,1,OPTFUT,MCX,50.000000,100,False
576267,CRUDEOIL17SEP267000PE,CRUDEOIL,17SEP2026,700000.000000,100,OPTFUT,MCX,10.000000,10000,False
576273,CRUDEOIL17SEP266900CE,CRUDEOIL,17SEP2026,690000.000000,100,OPTFUT,MCX,10.000000,10000,False
576282,CRUDEOIL17SEP266450CE,CRUDEOIL,17SEP2026,645000.000000,100,OPTFUT,MCX,10.000000,10000,False
576291,CRUDEOIL17SEP266000CE,CRUDEOIL,17SEP2026,600000.000000,100,OPTFUT,MCX,10.000000,10000,False
576296,CRUDEOIL17SEP265750CE,CRUDEOIL,17SEP2026,575000.000000,100,OPTFUT,MCX,10.000000,10000,False
576327,CRUDEOIL17SEP264200CE,CRUDEOIL,17SEP2026,420000.000000,100,OPTFUT,MCX,10.000000,10000,False
576331,CRUDEOIL17SEP264000CE,CRUDEOIL,17SEP2026,400000.000000,100,OPTFUT,MCX,10.000000,10000,False
576334,CRUDEOIL17SEP263850CE,CRUDEOIL,17SEP2026,385000.000000,100,OPTFUT,MCX,10.000000,10000,False
576341,CRUDEOIL17SEP263500CE,CRUDEOIL,17SEP2026,350000.000000,100,OPTFUT,MCX,10.000000,10000,False
576349,CRUDEOIL17SEP267050CE,CRUDEOIL,17SEP2026,705000.000000,100,OPTFUT,MCX,10.000000,10000,False
576364,CRUDEOIL17SEP267800CE,CRUDEOIL,17SEP2026,780000.000000,100,OPTFUT,MCX,10.000000,10000,False
576366,CRUDEOIL17SEP267900CE,CRUDEOIL,17SEP2026,790000.000000,100,OPTFUT,MCX,10.000000,10000,False
576381,CRUDEOIL17SEP268650CE,CRUDEOIL,17SEP2026,865000.000000,100,OPTFUT,MCX,10.000000,10000,False
576387,CRUDEOIL17SEP268950CE,CRUDEOIL,17SEP2026,895000.000000,100,OPTFUT,MCX,10.000000,10000,False
576394,CRUDEOIL17SEP269300CE,CRUDEOIL,17SEP2026,930000.000000,100,OPTFUT,MCX,10.000000,10000,False
576401,CRUDEOIL17SEP269650CE,CRUDEOIL,17SEP2026,965000.000000,100,OPTFUT,MCX,10.000000,10000,False
576405,CRUDEOIL17SEP269850CE,CRUDEOIL,17SEP2026,985000.000000,100,OPTFUT,MCX,10.000000,10000,False
576419,CRUDEOIL17SEP2610550CE,CRUDEOIL,17SEP2026,1055000.000000,100,OPTFUT,MCX,10.000000,10000,False
576448,CRUDEOIL17SEP265800PE,CRUDEOIL,17SEP2026,580000.000000,100,OPTFUT,MCX,10.000000,10000,False
576464,CRUDEOIL17SEP265000PE,CRUDEOIL,17SEP2026,500000.000000,100,OPTFUT,MCX,10.000000,10000,False
576439,CRUDEOIL17SEP266250PE,CRUDEOIL,17SEP2026,625000.000000,100,OPTFUT,MCX,10.000000,10000,False
576463,CRUDEOIL17SEP265050PE,CRUDEOIL,17SEP2026,505000.000000,100,OPTFUT,MCX,10.000000,10000,False
576478,CRUDEOIL17SEP264300PE,CRUDEOIL,17SEP2026,430000.000000,100,OPTFUT,MCX,10.000000,10000,False
576482,CRUDEOIL17SEP264100PE,CRUDEOIL,17SEP2026,410000.000000,100,OPTFUT,MCX,10.000000,10000,False
576491,CRUDEOIL17SEP263650PE,CRUDEOIL,17SEP2026,365000.000000,100,OPTFUT,MCX,10.000000,10000,False
576495,CRUDEOIL17SEP263450PE,CRUDEOIL,17SEP2026,345000.000000,100,OPTFUT,MCX,10.000000,10000,False
576499,CRUDEOIL17SEP263250PE,CRUDEOIL,17SEP2026,325000.000000,100,OPTFUT,MCX,10.000000,10000,False
576513,CRUDEOIL17SEP267600PE,CRUDEOIL,17SEP2026,760000.000000,100,OPTFUT,MCX,10.000000,10000,False
576515,CRUDEOIL17SEP267700PE,CRUDEOIL,17SEP2026,770000.000000,100,OPTFUT,MCX,10.000000,10000,False
576519,CRUDEOIL17SEP267900PE,CRUDEOIL,17SEP2026,790000.000000,100,OPTFUT,MCX,10.000000,10000,False
576521,CRUDEOIL17SEP268000PE,CRUDEOIL,17SEP2026,800000.000000,100,OPTFUT,MCX,10.000000,10000,False
576523,CRUDEOIL17SEP268100PE,CRUDEOIL,17SEP2026,810000.000000,100,OPTFUT,MCX,10.000000,10000,False
576524,CRUDEOIL17SEP268150PE,CRUDEOIL,17SEP2026,815000.000000,100,OPTFUT,MCX,10.000000,10000,False
576527,CRUDEOIL17SEP268300PE,CRUDEOIL,17SEP2026,830000.000000,100,OPTFUT,MCX,10.000000,10000,False
576547,CRUDEOIL17SEP269300PE,CRUDEOIL,17SEP2026,930000.000000,100,OPTFUT,MCX,10.000000,10000,False
576551,CRUDEOIL17SEP269500PE,CRUDEOIL,17SEP2026,950000.000000,100,OPTFUT,MCX,10.000000,10000,False
576561,CRUDEOIL17SEP2610000PE,CRUDEOIL,17SEP2026,1000000.000000,100,OPTFUT,MCX,10.000000,10000,False
576563,CRUDEOIL17SEP2610100PE,CRUDEOIL,17SEP2026,1010000.000000,100,OPTFUT,MCX,10.000000,10000,False
576601,CRUDEOILM17SEP265850CE,CRUDEOILM,17SEP2026,585000.000000,10,OPTFUT,MCX,5.000000,10000,False
576602,CRUDEOILM17SEP265800CE,CRUDEOILM,17SEP2026,580000.000000,10,OPTFUT,MCX,5.000000,10000,False
576606,CRUDEOILM17SEP265600CE,CRUDEOILM,17SEP2026,560000.000000,10,OPTFUT,MCX,5.000000,10000,False
576617,CRUDEOILM17SEP265050CE,CRUDEOILM,17SEP2026,505000.000000,10,OPTFUT,MCX,5.000000,10000,False
576620,CRUDEOILM17SEP264900CE,CRUDEOILM,17SEP2026,490000.000000,10,OPTFUT,MCX,5.000000,10000,False
576634,CRUDEOILM17SEP264200CE,CRUDEOILM,17SEP2026,420000.000000,10,OPTFUT,MCX,5.000000,10000,False
576635,CRUDEOILM17SEP264150CE,CRUDEOILM,17SEP2026,415000.000000,10,OPTFUT,MCX,5.000000,10000,False
576641,CRUDEOILM17SEP263850CE,CRUDEOILM,17SEP2026,385000.000000,10,OPTFUT,MCX,5.000000,10000,False
576648,CRUDEOILM17SEP263500CE,CRUDEOILM,17SEP2026,350000.000000,10,OPTFUT,MCX,5.000000,10000,False
576668,CRUDEOILM17SEP267650CE,CRUDEOILM,17SEP2026,765000.000000,10,OPTFUT,MCX,5.000000,10000,False
576677,CRUDEOILM17SEP268100CE,CRUDEOILM,17SEP2026,810000.000000,10,OPTFUT,MCX,5.000000,10000,False
576696,CRUDEOILM17SEP269050CE,CRUDEOILM,17SEP2026,905000.000000,10,OPTFUT,MCX,5.000000,10000,False
576722,CRUDEOILM17SEP2610350CE,CRUDEOILM,17SEP2026,1035000.000000,10,OPTFUT,MCX,5.000000,10000,False
576723,CRUDEOILM17SEP2610400CE,CRUDEOILM,17SEP2026,1040000.000000,10,OPTFUT,MCX,5.000000,10000,False
576755,CRUDEOILM17SEP265850PE,CRUDEOILM,17SEP2026,585000.000000,10,OPTFUT,MCX,5.000000,10000,False
576763,CRUDEOILM17SEP265450PE,CRUDEOILM,17SEP2026,545000.000000,10,OPTFUT,MCX,5.000000,10000,False
576774,CRUDEOILM17SEP264900PE,CRUDEOILM,17SEP2026,490000.000000,10,OPTFUT,MCX,5.000000,10000,False
576789,CRUDEOILM17SEP264150PE,CRUDEOILM,17SEP2026,415000.000000,10,OPTFUT,MCX,5.000000,10000,False
576799,CRUDEOILM17SEP263650PE,CRUDEOILM,17SEP2026,365000.000000,10,OPTFUT,MCX,5.000000,10000,False
576813,CRUDEOILM17SEP267200PE,CRUDEOILM,17SEP2026,720000.000000,10,OPTFUT,MCX,5.000000,10000,False
576871,CRUDEOILM17SEP2610100PE,CRUDEOILM,17SEP2026,1010000.000000,10,OPTFUT,MCX,5.000000,10000,False
576874,CRUDEOILM17SEP2610250PE,CRUDEOILM,17SEP2026,1025000.000000,10,OPTFUT,MCX,5.000000,10000,False
576876,CRUDEOILM17SEP2610350PE,CRUDEOILM,17SEP2026,1035000.000000,10,OPTFUT,MCX,5.000000,10000,False
576883,CRUDEOILM17SEP2610700PE,CRUDEOILM,17SEP2026,1070000.000000,10,OPTFUT,MCX,5.000000,10000,False
576887,CRUDEOIL17SEP2610750CE,CRUDEOIL,17SEP2026,1075000.000000,100,OPTFUT,MCX,10.000000,10000,False
576920,CRUDEOILM17SEP2610900PE,CRUDEOILM,17SEP2026,1090000.000000,10,OPTFUT,MCX,5.000000,10000,False
576934,CRUDEOIL17SEP263150PE,CRUDEOIL,17SEP2026,315000.000000,100,OPTFUT,MCX,10.000000,10000,False
576952,GOLD29MAR27136000CE,GOLD,29MAR2027,13600000.000000,1,OPTFUT,MCX,50.000000,100,False
576974,SILVER28APR27219000CE,SILVER,28APR2027,21900000.000000,30,OPTFUT,MCX,50.000000,600,False
576978,SILVER28APR27215000CE,SILVER,28APR2027,21500000.000000,30,OPTFUT,MCX,50.000000,600,False
577006,SILVER28APR27210000PE,SILVER,28APR2027,21000000.000000,30,OPTFUT,MCX,50.000000,600,False
577011,SILVERM27OCT26205000CE,SILVERM,27OCT2026,20500000.000000,5,OPTFUT,MCX,50.000000,600,False
577017,SILVERM25MAR27223000CE,SILVERM,25MAR2027,22300000.000000,5,OPTFUT,MCX,50.000000,600,False
577034,SILVERM23APR27220000CE,SILVERM,23APR2027,22000000.000000,5,OPTFUT,MCX,50.000000,600,False
577036,SILVERM23APR27218000CE,SILVERM,23APR2027,21800000.000000,5,OPTFUT,MCX,50.000000,600,False
577040,SILVERM23APR27214000CE,SILVERM,23APR2027,21400000.000000,5,OPTFUT,MCX,50.000000,600,False
577048,SILVERM27OCT26204000PE,SILVERM,27OCT2026,20400000.000000,5,OPTFUT,MCX,50.000000,600,False
577113,COPPER23SEP261150CE,COPPER,23SEP2026,115000.000000,2500,OPTFUT,MCX,1.000000,70000,False
577148,CRUDEOIL17SEP262950CE,CRUDEOIL,17SEP2026,295000.000000,100,OPTFUT,MCX,10.000000,10000,False
577149,CRUDEOIL17SEP262900CE,CRUDEOIL,17SEP2026,290000.000000,100,OPTFUT,MCX,10.000000,10000,False
577188,GOLD25SEP26122500CE,GOLD,25SEP2026,12250000.000000,1,OPTFUT,MCX,50.000000,100,False
577191,GOLD25SEP26121000CE,GOLD,25SEP2026,12100000.000000,1,OPTFUT,MCX,50.000000,100,False
577192,GOLD25SEP26120500CE,GOLD,25SEP2026,12050000.000000,1,OPTFUT,MCX,50.000000,100,False
577193,GOLD25SEP26120000CE,GOLD,25SEP2026,12000000.000000,1,OPTFUT,MCX,50.000000,100,False
577230,GOLD29MAR27129500CE,GOLD,29MAR2027,12950000.000000,1,OPTFUT,MCX,50.000000,100,False
577236,GOLD30APR27136000CE,GOLD,30APR2027,13600000.000000,1,OPTFUT,MCX,50.000000,100,False
577239,GOLD30APR27134500CE,GOLD,30APR2027,13450000.000000,1,OPTFUT,MCX,50.000000,100,False
577279,GOLD25SEP26122000PE,GOLD,25SEP2026,12200000.000000,1,OPTFUT,MCX,50.000000,100,False
577305,GOLD26FEB27130500PE,GOLD,26FEB2027,13050000.000000,1,OPTFUT,MCX,50.000000,100,False
577312,GOLD29MAR27133500PE,GOLD,29MAR2027,13350000.000000,1,OPTFUT,MCX,50.000000,100,False
577317,GOLD29MAR27131000PE,GOLD,29MAR2027,13100000.000000,1,OPTFUT,MCX,50.000000,100,False
577337,GOLD28MAY27137000PE,GOLD,28MAY2027,13700000.000000,1,OPTFUT,MCX,50.000000,100,False
577439,SILVER24SEP26193000CE,SILVER,24SEP2026,19300000.000000,30,OPTFUT,MCX,50.000000,600,False
577440,SILVER24SEP26192000CE,SILVER,24SEP2026,19200000.000000,30,OPTFUT,MCX,50.000000,600,False
577449,SILVER24SEP26183000CE,SILVER,24SEP2026,18300000.000000,30,OPTFUT,MCX,50.000000,600,False
577458,SILVER27OCT26189000CE,SILVER,27OCT2026,18900000.000000,30,OPTFUT,MCX,50.000000,600,False
577473,SILVER27NOV26189000CE,SILVER,27NOV2026,18900000.000000,30,OPTFUT,MCX,50.000000,600,False
577488,SILVER28DEC26196000CE,SILVER,28DEC2026,19600000.000000,30,OPTFUT,MCX,50.000000,600,False
577490,SILVER28DEC26194000CE,SILVER,28DEC2026,19400000.000000,30,OPTFUT,MCX,50.000000,600,False
577492,SILVER28DEC26192000CE,SILVER,28DEC2026,19200000.000000,30,OPTFUT,MCX,50.000000,600,False
577502,SILVER25JAN27200000CE,SILVER,25JAN2027,20000000.000000,30,OPTFUT,MCX,50.000000,600,False
577505,SILVER25JAN27197000CE,SILVER,25JAN2027,19700000.000000,30,OPTFUT,MCX,50.000000,600,False
577510,SILVER25JAN27192000CE,SILVER,25JAN2027,19200000.000000,30,OPTFUT,MCX,50.000000,600,False
577523,SILVER26FEB27197000CE,SILVER,26FEB2027,19700000.000000,30,OPTFUT,MCX,50.000000,600,False
577529,SILVER26FEB27191000CE,SILVER,26FEB2027,19100000.000000,30,OPTFUT,MCX,50.000000,600,False
577531,SILVER26FEB27189000CE,SILVER,26FEB2027,18900000.000000,30,OPTFUT,MCX,50.000000,600,False
577532,SILVER26FEB27188000CE,SILVER,26FEB2027,18800000.000000,30,OPTFUT,MCX,50.000000,600,False
577546,SILVER25MAR27197000CE,SILVER,25MAR2027,19700000.000000,30,OPTFUT,MCX,50.000000,600,False
577561,SILVER28APR27202000CE,SILVER,28APR2027,20200000.000000,30,OPTFUT,MCX,50.000000,600,False
577563,SILVER28APR27200000CE,SILVER,28APR2027,20000000.000000,30,OPTFUT,MCX,50.000000,600,False
577571,SILVER28APR27192000CE,SILVER,28APR2027,19200000.000000,30,OPTFUT,MCX,50.000000,600,False
577602,SILVER24SEP26195000PE,SILVER,24SEP2026,19500000.000000,30,OPTFUT,MCX,50.000000,600,False
577603,SILVER24SEP26194000PE,SILVER,24SEP2026,19400000.000000,30,OPTFUT,MCX,50.000000,600,False
577620,SILVER27OCT26192000PE,SILVER,27OCT2026,19200000.000000,30,OPTFUT,MCX,50.000000,600,False
577627,SILVER27OCT26185000PE,SILVER,27OCT2026,18500000.000000,30,OPTFUT,MCX,50.000000,600,False
577633,SILVER27NOV26194000PE,SILVER,27NOV2026,19400000.000000,30,OPTFUT,MCX,50.000000,600,False
577634,SILVER27NOV26193000PE,SILVER,27NOV2026,19300000.000000,30,OPTFUT,MCX,50.000000,600,False
577647,SILVER28DEC26202000PE,SILVER,28DEC2026,20200000.000000,30,OPTFUT,MCX,50.000000,600,False
577662,SILVER28DEC26187000PE,SILVER,28DEC2026,18700000.000000,30,OPTFUT,MCX,50.000000,600,False
577667,SILVER25JAN27200000PE,SILVER,25JAN2027,20000000.000000,30,OPTFUT,MCX,50.000000,600,False
577681,SILVER26FEB27204000PE,SILVER,26FEB2027,20400000.000000,30,OPTFUT,MCX,50.000000,600,False
577684,SILVER26FEB27201000PE,SILVER,26FEB2027,20100000.000000,30,OPTFUT,MCX,50.000000,600,False
577690,SILVER26FEB27195000PE,SILVER,26FEB2027,19500000.000000,30,OPTFUT,MCX,50.000000,600,False
577696,SILVER26FEB27189000PE,SILVER,26FEB2027,18900000.000000,30,OPTFUT,MCX,50.000000,600,False
577701,SILVER25MAR27207000PE,SILVER,25MAR2027,20700000.000000,30,OPTFUT,MCX,50.000000,600,False
577702,SILVER25MAR27206000PE,SILVER,25MAR2027,20600000.000000,30,OPTFUT,MCX,50.000000,600,False
577707,SILVER25MAR27201000PE,SILVER,25MAR2027,20100000.000000,30,OPTFUT,MCX,50.000000,600,False
577720,SILVER28APR27208000PE,SILVER,28APR2027,20800000.000000,30,OPTFUT,MCX,50.000000,600,False
577723,SILVER28APR27205000PE,SILVER,28APR2027,20500000.000000,30,OPTFUT,MCX,50.000000,600,False
577733,SILVER28APR27195000PE,SILVER,28APR2027,19500000.000000,30,OPTFUT,MCX,50.000000,600,False
577776,SILVERM24SEP26194000CE,SILVERM,24SEP2026,19400000.000000,5,OPTFUT,MCX,50.000000,600,False
577779,SILVERM24SEP26191000CE,SILVERM,24SEP2026,19100000.000000,5,OPTFUT,MCX,50.000000,600,False
577784,SILVERM27OCT26202000CE,SILVERM,27OCT2026,20200000.000000,5,OPTFUT,MCX,50.000000,600,False
577813,SILVERM23NOV26189000CE,SILVERM,23NOV2026,18900000.000000,5,OPTFUT,MCX,50.000000,600,False
577816,SILVERM28DEC26209000CE,SILVERM,28DEC2026,20900000.000000,5,OPTFUT,MCX,50.000000,600,False
577826,SILVERM28DEC26199000CE,SILVERM,28DEC2026,19900000.000000,5,OPTFUT,MCX,50.000000,600,False
577835,SILVERM25JAN27205000CE,SILVERM,25JAN2027,20500000.000000,5,OPTFUT,MCX,50.000000,600,False
577859,SILVERM19FEB27196000CE,SILVERM,19FEB2027,19600000.000000,5,OPTFUT,MCX,50.000000,600,False
577862,SILVERM25MAR27209000CE,SILVERM,25MAR2027,20900000.000000,5,OPTFUT,MCX,50.000000,600,False
577863,SILVERM25MAR27208000CE,SILVERM,25MAR2027,20800000.000000,5,OPTFUT,MCX,50.000000,600,False
577869,SILVERM23APR27211000CE,SILVERM,23APR2027,21100000.000000,5,OPTFUT,MCX,50.000000,600,False
577917,SILVERM24SEP26192000PE,SILVERM,24SEP2026,19200000.000000,5,OPTFUT,MCX,50.000000,600,False
577927,SILVERM27OCT26198000PE,SILVERM,27OCT2026,19800000.000000,5,OPTFUT,MCX,50.000000,600,False
577929,SILVERM27OCT26196000PE,SILVERM,27OCT2026,19600000.000000,5,OPTFUT,MCX,50.000000,600,False
577967,SILVERM28DEC26197000PE,SILVERM,28DEC2026,19700000.000000,5,OPTFUT,MCX,50.000000,600,False
577973,SILVERM25JAN27206000PE,SILVERM,25JAN2027,20600000.000000,5,OPTFUT,MCX,50.000000,600,False
577975,SILVERM25JAN27204000PE,SILVERM,25JAN2027,20400000.000000,5,OPTFUT,MCX,50.000000,600,False
577976,SILVERM25JAN27203000PE,SILVERM,25JAN2027,20300000.000000,5,OPTFUT,MCX,50.000000,600,False
577977,SILVERM25JAN27202000PE,SILVERM,25JAN2027,20200000.000000,5,OPTFUT,MCX,50.000000,600,False
577996,SILVERM19FEB27198000PE,SILVERM,19FEB2027,19800000.000000,5,OPTFUT,MCX,50.000000,600,False
577999,SILVERM25MAR27211000PE,SILVERM,25MAR2027,21100000.000000,5,OPTFUT,MCX,50.000000,600,False
578006,SILVERM25MAR27204000PE,SILVERM,25MAR2027,20400000.000000,5,OPTFUT,MCX,50.000000,600,False
578015,SILVERM23APR27204000PE,SILVERM,23APR2027,20400000.000000,5,OPTFUT,MCX,50.000000,600,False
578016,SILVERM23APR27203000PE,SILVERM,23APR2027,20300000.000000,5,OPTFUT,MCX,50.000000,600,False
578032,CRUDEOILM17SEP263050CE,CRUDEOILM,17SEP2026,305000.000000,10,OPTFUT,MCX,5.000000,10000,False
578050,CRUDEOILM17SEP263000PE,CRUDEOILM,17SEP2026,300000.000000,10,OPTFUT,MCX,5.000000,10000,False
578085,MCXBULLDEX25SEP2632100CE,MCXBULLDEX,25SEP2026,3210000.000000,30,OPTIDX,MCX,5.000000,900,False
578089,MCXBULLDEX25SEP2631700CE,MCXBULLDEX,25SEP2026,3170000.000000,30,OPTIDX,MCX,5.000000,900,False
578094,MCXBULLDEX25SEP2631200CE,MCXBULLDEX,25SEP2026,3120000.000000,30,OPTIDX,MCX,5.000000,900,False
578108,MCXBULLDEX25SEP2629800CE,MCXBULLDEX,25SEP2026,2980000.000000,30,OPTIDX,MCX,5.000000,900,False
578122,MCXBULLDEX25SEP2633300CE,MCXBULLDEX,25SEP2026,3330000.000000,30,OPTIDX,MCX,5.000000,900,False
578128,MCXBULLDEX25SEP2633900CE,MCXBULLDEX,25SEP2026,3390000.000000,30,OPTIDX,MCX,5.000000,900,False
578150,MCXBULLDEX25SEP2636100CE,MCXBULLDEX,25SEP2026,3610000.000000,30,OPTIDX,MCX,5.000000,900,False
578187,MCXBULLDEX25SEP2631700PE,MCXBULLDEX,25SEP2026,3170000.000000,30,OPTIDX,MCX,5.000000,900,False
578202,MCXBULLDEX25SEP2630200PE,MCXBULLDEX,25SEP2026,3020000.000000,30,OPTIDX,MCX,5.000000,900,False
578208,MCXBULLDEX25SEP2629600PE,MCXBULLDEX,25SEP2026,2960000.000000,30,OPTIDX,MCX,5.000000,900,False
578220,MCXBULLDEX25SEP2633300PE,MCXBULLDEX,25SEP2026,3330000.000000,30,OPTIDX,MCX,5.000000,900,False
578232,MCXBULLDEX25SEP2634500PE,MCXBULLDEX,25SEP2026,3450000.000000,30,OPTIDX,MCX,5.000000,900,False
578236,MCXBULLDEX25SEP2634900PE,MCXBULLDEX,25SEP2026,3490000.000000,30,OPTIDX,MCX,5.000000,900,False
578238,MCXBULLDEX25SEP2635100PE,MCXBULLDEX,25SEP2026,3510000.000000,30,OPTIDX,MCX,5.000000,900,False
578257,GOLD27NOV26124500CE,GOLD,27NOV2026,12450000.000000,1,OPTFUT,MCX,50.000000,100,False
578258,GOLD27NOV26124000CE,GOLD,27NOV2026,12400000.000000,1,OPTFUT,MCX,50.000000,100,False
578259,GOLD30OCT26124500PE,GOLD,30OCT2026,12450000.000000,1,OPTFUT,MCX,50.000000,100,False
578260,GOLD30OCT26124000PE,GOLD,30OCT2026,12400000.000000,1,OPTFUT,MCX,50.000000,100,False
578268,NATURALGAS23SEP26280CE,NATURALGAS,23SEP2026,28000.000000,1250,OPTFUT,MCX,5.000000,60000,False
578273,NATURALGAS23SEP26255CE,NATURALGAS,23SEP2026,25500.000000,1250,OPTFUT,MCX,5.000000,60000,False
578285,NATURALGAS23SEP26195CE,NATURALGAS,23SEP2026,19500.000000,1250,OPTFUT,MCX,5.000000,60000,False
578300,NATURALGAS23SEP26120CE,NATURALGAS,23SEP2026,12000.000000,1250,OPTFUT,MCX,5.000000,60000,False
578309,NATURALGAS23SEP26345CE,NATURALGAS,23SEP2026,34500.000000,1250,OPTFUT,MCX,5.000000,60000,False
578313,NATURALGAS23SEP26365CE,NATURALGAS,23SEP2026,36500.000000,1250,OPTFUT,MCX,5.000000,60000,False
578316,NATURALGAS23SEP26380CE,NATURALGAS,23SEP2026,38000.000000,1250,OPTFUT,MCX,5.000000,60000,False
578332,NATURALGAS23SEP26460CE,NATURALGAS,23SEP2026,46000.000000,1250,OPTFUT,MCX,5.000000,60000,False
578338,NATURALGAS23SEP26490CE,NATURALGAS,23SEP2026,49000.000000,1250,OPTFUT,MCX,5.000000,60000,False
578351,NATURALGAS23SEP26265PE,NATURALGAS,23SEP2026,26500.000000,1250,OPTFUT,MCX,5.000000,60000,False
578355,NATURALGAS23SEP26245PE,NATURALGAS,23SEP2026,24500.000000,1250,OPTFUT,MCX,5.000000,60000,False
578368,NATURALGAS23SEP26180PE,NATURALGAS,23SEP2026,18000.000000,1250,OPTFUT,MCX,5.000000,60000,False
578373,NATURALGAS23SEP26155PE,NATURALGAS,23SEP2026,15500.000000,1250,OPTFUT,MCX,5.000000,60000,False
578375,NATURALGAS23SEP26145PE,NATURALGAS,23SEP2026,14500.000000,1250,OPTFUT,MCX,5.000000,60000,False
578382,NATURALGAS23SEP26110PE,NATURALGAS,23SEP2026,11000.000000,1250,OPTFUT,MCX,5.000000,60000,False
578392,NATURALGAS23SEP26360PE,NATURALGAS,23SEP2026,36000.000000,1250,OPTFUT,MCX,5.000000,60000,False
578394,NATURALGAS23SEP26370PE,NATURALGAS,23SEP2026,37000.000000,1250,OPTFUT,MCX,5.000000,60000,False
578417,NATURALGAS23SEP26485PE,NATURALGAS,23SEP2026,48500.000000,1250,OPTFUT,MCX,5.000000,60000,False
578418,NATURALGAS23SEP26490PE,NATURALGAS,23SEP2026,49000.000000,1250,OPTFUT,MCX,5.000000,60000,False
578436,NATGASMINI23SEP26240CE,NATGASMINI,23SEP2026,24000.000000,250,OPTFUT,MCX,5.000000,60000,False
578449,NATGASMINI23SEP26175CE,NATGASMINI,23SEP2026,17500.000000,250,OPTFUT,MCX,5.000000,60000,False
578456,NATGASMINI23SEP26140CE,NATGASMINI,23SEP2026,14000.000000,250,OPTFUT,MCX,5.000000,60000,False
578469,NATGASMINI23SEP26345CE,NATGASMINI,23SEP2026,34500.000000,250,OPTFUT,MCX,5.000000,60000,False
578470,NATGASMINI23SEP26350CE,NATGASMINI,23SEP2026,35000.000000,250,OPTFUT,MCX,5.000000,60000,False
578476,NATGASMINI23SEP26380CE,NATGASMINI,23SEP2026,38000.000000,250,OPTFUT,MCX,5.000000,60000,False
578503,NATGASMINI23SEP26305PE,NATGASMINI,23SEP2026,30500.000000,250,OPTFUT,MCX,5.000000,60000,False
578505,NATGASMINI23SEP26295PE,NATGASMINI,23SEP2026,29500.000000,250,OPTFUT,MCX,5.000000,60000,False
578509,NATGASMINI23SEP26275PE,NATGASMINI,23SEP2026,27500.000000,250,OPTFUT,MCX,5.000000,60000,False
578514,NATGASMINI23SEP26250PE,NATGASMINI,23SEP2026,25000.000000,250,OPTFUT,MCX,5.000000,60000,False
578528,NATGASMINI23SEP26180PE,NATGASMINI,23SEP2026,18000.000000,250,OPTFUT,MCX,5.000000,60000,False
578542,NATGASMINI23SEP26110PE,NATGASMINI,23SEP2026,11000.000000,250,OPTFUT,MCX,5.000000,60000,False
578577,NATGASMINI23SEP26485PE,NATGASMINI,23SEP2026,48500.000000,250,OPTFUT,MCX,5.000000,60000,False
578582,NATGASMINI23SEP26510PE,NATGASMINI,23SEP2026,51000.000000,250,OPTFUT,MCX,5.000000,60000,False
578612,MCXBULLDEX25SEP2636900CE,MCXBULLDEX,25SEP2026,3690000.000000,30,OPTIDX,MCX,5.000000,900,False
578642,CARDAMOM30NOV26FUT,CARDAMOM,30NOV2026,0.000000,100,FUTCOM,MCX,100.000000,5000,False
578647,MENTHAOIL31DEC26FUT,MENTHAOIL,31DEC2026,0.000000,360,FUTCOM,MCX,10.000000,18000,False
578650,ELECDMBL30OCT26FUT,ELECDMBL,30OCT2026,0.000000,50,FUTCOM,MCX,100.000000,500,False
578654,COPPER23OCT261270CE,COPPER,23OCT2026,127000.000000,2500,OPTFUT,MCX,1.000000,70000,False
578656,COPPER23OCT261250CE,COPPER,23OCT2026,125000.000000,2500,OPTFUT,MCX,1.000000,70000,False
578657,COPPER23OCT261240CE,COPPER,23OCT2026,124000.000000,2500,OPTFUT,MCX,1.000000,70000,False
578661,COPPER23OCT261200CE,COPPER,23OCT2026,120000.000000,2500,OPTFUT,MCX,1.000000,70000,False
578663,COPPER23OCT261180CE,COPPER,23OCT2026,118000.000000,2500,OPTFUT,MCX,1.000000,70000,False
578666,COPPER23OCT261320CE,COPPER,23OCT2026,132000.000000,2500,OPTFUT,MCX,1.000000,70000,False
578674,COPPER23OCT261400CE,COPPER,23OCT2026,140000.000000,2500,OPTFUT,MCX,1.000000,70000,False
578676,COPPER23OCT261420CE,COPPER,23OCT2026,142000.000000,2500,OPTFUT,MCX,1.000000,70000,False
578681,COPPER23OCT261300PE,COPPER,23OCT2026,130000.000000,2500,OPTFUT,MCX,1.000000,70000,False
578687,COPPER23OCT261240PE,COPPER,23OCT2026,124000.000000,2500,OPTFUT,MCX,1.000000,70000,False
578698,COPPER23OCT261340PE,COPPER,23OCT2026,134000.000000,2500,OPTFUT,MCX,1.000000,70000,False
578702,COPPER23OCT261380PE,COPPER,23OCT2026,138000.000000,2500,OPTFUT,MCX,1.000000,70000,False
578718,ZINC23OCT26315CE,ZINC,23OCT2026,31500.000000,5,OPTFUT,MCX,1.000000,100,False
578743,ZINC23OCT26370PE,ZINC,23OCT2026,37000.000000,5,OPTFUT,MCX,1.000000,100,False
578748,ZINC23OCT26395PE,ZINC,23OCT2026,39500.000000,5,OPTFUT,MCX,1.000000,100,False
578759,MCXBULLDEX25SEP2637000CE,MCXBULLDEX,25SEP2026,3700000.000000,30,OPTIDX,MCX,5.000000,900,False
578762,MCXBULLDEX25SEP2637000PE,MCXBULLDEX,25SEP2026,3700000.000000,30,OPTIDX,MCX,5.000000,900,False
578765,COPPER23OCT261470CE,COPPER,23OCT2026,147000.000000,2500,OPTFUT,MCX,1.000000,70000,False
578771,NATGASMINI23SEP26100CE,NATGASMINI,23SEP2026,10000.000000,250,OPTFUT,MCX,5.000000,60000,False
578773,MCXBULLDEX25SEP2637300CE,MCXBULLDEX,25SEP2026,3730000.000000,30,OPTIDX,MCX,5.000000,900,False
578781,GOLDM25SEP26150500PE,GOLDM,25SEP2026,15050000.000000,100,OPTFUT,MCX,50.000000,10000,False
578789,GOLDM25SEP26147500CE,GOLDM,25SEP2026,14750000.000000,100,OPTFUT,MCX,50.000000,10000,False
578797,GOLDM25SEP26143500CE,GOLDM,25SEP2026,14350000.000000,100,OPTFUT,MCX,50.000000,10000,False
578806,GOLDM25SEP26139000CE,GOLDM,25SEP2026,13900000.000000,100,OPTFUT,MCX,50.000000,10000,False
578812,GOLDM25SEP26136000CE,GOLDM,25SEP2026,13600000.000000,100,OPTFUT,MCX,50.000000,10000,False
578846,GOLDM25SEP26157000CE,GOLDM,25SEP2026,15700000.000000,100,OPTFUT,MCX,50.000000,10000,False
578853,GOLDM25SEP26160500CE,GOLDM,25SEP2026,16050000.000000,100,OPTFUT,MCX,50.000000,10000,False
578873,GOLDM25SEP26170500CE,GOLDM,25SEP2026,17050000.000000,100,OPTFUT,MCX,50.000000,10000,False
578888,GOLDM25SEP26148000PE,GOLDM,25SEP2026,14800000.000000,100,OPTFUT,MCX,50.000000,10000,False
578907,GOLDM25SEP26138500PE,GOLDM,25SEP2026,13850000.000000,100,OPTFUT,MCX,50.000000,10000,False
578921,GOLDM25SEP26131500PE,GOLDM,25SEP2026,13150000.000000,100,OPTFUT,MCX,50.000000,10000,False
578925,GOLDM25SEP26129500PE,GOLDM,25SEP2026,12950000.000000,100,OPTFUT,MCX,50.000000,10000,False
578959,GOLDM25SEP26163500PE,GOLDM,25SEP2026,16350000.000000,100,OPTFUT,MCX,50.000000,10000,False
578963,GOLDM25SEP26165500PE,GOLDM,25SEP2026,16550000.000000,100,OPTFUT,MCX,50.000000,10000,False
578973,GOLDM25SEP26170500PE,GOLDM,25SEP2026,17050000.000000,100,OPTFUT,MCX,50.000000,10000,False
578976,GOLDM25SEP26172000PE,GOLDM,25SEP2026,17200000.000000,100,OPTFUT,MCX,50.000000,10000,False
578984,MCXBULLDEX25SEP2637600CE,MCXBULLDEX,25SEP2026,3760000.000000,30,OPTIDX,MCX,5.000000,900,False
578989,MCXBULLDEX25SEP2637600PE,MCXBULLDEX,25SEP2026,3760000.000000,30,OPTIDX,MCX,5.000000,900,False
578992,MCXBULLDEX25SEP2637900PE,MCXBULLDEX,25SEP2026,3790000.000000,30,OPTIDX,MCX,5.000000,900,False
579007,ZINC23OCT26410CE,ZINC,23OCT2026,41000.000000,5,OPTFUT,MCX,1.000000,100,False
579009,ZINC23OCT26410PE,ZINC,23OCT2026,41000.000000,5,OPTFUT,MCX,1.000000,100,False
579015,GOLDM25SEP26124000PE,GOLDM,25SEP2026,12400000.000000,100,OPTFUT,MCX,50.000000,10000,False
579017,GOLDM25SEP26123000CE,GOLDM,25SEP2026,12300000.000000,100,OPTFUT,MCX,50.000000,10000,False
579026,NATURALGAS23SEP2690CE,NATURALGAS,23SEP2026,9000.000000,1250,OPTFUT,MCX,5.000000,60000,False
579040,NATGASMINI23SEP2690PE,NATGASMINI,23SEP2026,9000.000000,250,OPTFUT,MCX,5.000000,60000,False
579054,GOLD28MAY27131500PE,GOLD,28MAY2027,13150000.000000,1,OPTFUT,MCX,50.000000,100,False
579056,GOLDM25SEP26121000CE,GOLDM,25SEP2026,12100000.000000,100,OPTFUT,MCX,50.000000,10000,False
579077,NATGASMINI23SEP2685PE,NATGASMINI,23SEP2026,8500.000000,250,OPTFUT,MCX,5.000000,60000,False
579085,CRUDEOIL17SEP2610950CE,CRUDEOIL,17SEP2026,1095000.000000,100,OPTFUT,MCX,10.000000,10000,False
579105,GOLD30OCT26122500CE,GOLD,30OCT2026,12250000.000000,1,OPTFUT,MCX,50.000000,100,False
579120,GOLD31DEC26124500CE,GOLD,31DEC2026,12450000.000000,1,OPTFUT,MCX,50.000000,100,False
579124,GOLD31DEC26122500CE,GOLD,31DEC2026,12250000.000000,1,OPTFUT,MCX,50.000000,100,False
579125,GOLD29JAN27126000CE,GOLD,29JAN2027,12600000.000000,1,OPTFUT,MCX,50.000000,100,False
579145,GOLD29MAR27126500CE,GOLD,29MAR2027,12650000.000000,1,OPTFUT,MCX,50.000000,100,False
579152,GOLD30APR27129500CE,GOLD,30APR2027,12950000.000000,1,OPTFUT,MCX,50.000000,100,False
579163,GOLD28MAY27128000CE,GOLD,28MAY2027,12800000.000000,1,OPTFUT,MCX,50.000000,100,False
579171,GOLD25SEP26119000PE,GOLD,25SEP2026,11900000.000000,1,OPTFUT,MCX,50.000000,100,False
579173,GOLD25SEP26118000PE,GOLD,25SEP2026,11800000.000000,1,OPTFUT,MCX,50.000000,100,False
579175,GOLD30OCT26123500PE,GOLD,30OCT2026,12350000.000000,1,OPTFUT,MCX,50.000000,100,False
579185,GOLD27NOV26122000PE,GOLD,27NOV2026,12200000.000000,1,OPTFUT,MCX,50.000000,100,False
579190,GOLD31DEC26125500PE,GOLD,31DEC2026,12550000.000000,1,OPTFUT,MCX,50.000000,100,False
579191,GOLD31DEC26125000PE,GOLD,31DEC2026,12500000.000000,1,OPTFUT,MCX,50.000000,100,False
579195,GOLD31DEC26123000PE,GOLD,31DEC2026,12300000.000000,1,OPTFUT,MCX,50.000000,100,False
579200,GOLD29JAN27124500PE,GOLD,29JAN2027,12450000.000000,1,OPTFUT,MCX,50.000000,100,False
579206,GOLD26FEB27128000PE,GOLD,26FEB2027,12800000.000000,1,OPTFUT,MCX,50.000000,100,False
579214,GOLD29MAR27128000PE,GOLD,29MAR2027,12800000.000000,1,OPTFUT,MCX,50.000000,100,False
579222,GOLD30APR27130500PE,GOLD,30APR2027,13050000.000000,1,OPTFUT,MCX,50.000000,100,False
579227,GOLD30APR27128000PE,GOLD,30APR2027,12800000.000000,1,OPTFUT,MCX,50.000000,100,False
579255,GOLDM25SEP26119500PE,GOLDM,25SEP2026,11950000.000000,100,OPTFUT,MCX,50.000000,10000,False
579262,SILVERM25MAR27201000CE,SILVERM,25MAR2027,20100000.000000,5,OPTFUT,MCX,50.000000,600,False
579304,SILVER05JUL27FUT,SILVER,05JUL2027,0.000000,30,FUTCOM,MCX,100.000000,600,False
579315,CRUDEOIL17SEP2611300PE,CRUDEOIL,17SEP2026,1130000.000000,100,OPTFUT,MCX,10.000000,10000,False
579329,GOLD28MAY27126500CE,GOLD,28MAY2027,12650000.000000,1,OPTFUT,MCX,50.000000,100,False
579332,GOLD30OCT26120000PE,GOLD,30OCT2026,12000000.000000,1,OPTFUT,MCX,50.000000,100,False
579344,GOLD28MAY27127000PE,GOLD,28MAY2027,12700000.000000,1,OPTFUT,MCX,50.000000,100,False
579365,SILVER26MAY27221000CE,SILVER,26MAY2027,22100000.000000,30,OPTFUT,MCX,50.000000,600,False
579374,SILVER26MAY27212000CE,SILVER,26MAY2027,21200000.000000,30,OPTFUT,MCX,50.000000,600,False
579377,SILVER26MAY27209000CE,SILVER,26MAY2027,20900000.000000,30,OPTFUT,MCX,50.000000,600,False
579383,SILVER26MAY27203000CE,SILVER,26MAY2027,20300000.000000,30,OPTFUT,MCX,50.000000,600,False
579423,SILVER26MAY27275000CE,SILVER,26MAY2027,27500000.000000,30,OPTFUT,MCX,50.000000,600,False
579429,SILVER28JUN27237000CE,SILVER,28JUN2027,23700000.000000,30,OPTFUT,MCX,50.000000,600,False
579431,SILVER28JUN27235000CE,SILVER,28JUN2027,23500000.000000,30,OPTFUT,MCX,50.000000,600,False
579440,SILVER28JUN27226000CE,SILVER,28JUN2027,22600000.000000,30,OPTFUT,MCX,50.000000,600,False
579442,SILVER28JUN27224000CE,SILVER,28JUN2027,22400000.000000,30,OPTFUT,MCX,50.000000,600,False
579461,SILVER28JUN27205000CE,SILVER,28JUN2027,20500000.000000,30,OPTFUT,MCX,50.000000,600,False
579483,SILVER28JUN27255000CE,SILVER,28JUN2027,25500000.000000,30,OPTFUT,MCX,50.000000,600,False
579510,SILVER26MAY27236000PE,SILVER,26MAY2027,23600000.000000,30,OPTFUT,MCX,50.000000,600,False
579520,SILVER26MAY27226000PE,SILVER,26MAY2027,22600000.000000,30,OPTFUT,MCX,50.000000,600,False
579526,SILVER26MAY27220000PE,SILVER,26MAY2027,22000000.000000,30,OPTFUT,MCX,50.000000,600,False
579527,SILVER26MAY27219000PE,SILVER,26MAY2027,21900000.000000,30,OPTFUT,MCX,50.000000,600,False
579530,SILVER26MAY27216000PE,SILVER,26MAY2027,21600000.000000,30,OPTFUT,MCX,50.000000,600,False
579531,SILVER26MAY27215000PE,SILVER,26MAY2027,21500000.000000,30,OPTFUT,MCX,50.000000,600,False
579537,SILVER26MAY27209000PE,SILVER,26MAY2027,20900000.000000,30,OPTFUT,MCX,50.000000,600,False
579556,SILVER26MAY27248000PE,SILVER,26MAY2027,24800000.000000,30,OPTFUT,MCX,50.000000,600,False
579569,SILVER26MAY27261000PE,SILVER,26MAY2027,26100000.000000,30,OPTFUT,MCX,50.000000,600,False
579584,SILVER26MAY27276000PE,SILVER,26MAY2027,27600000.000000,30,OPTFUT,MCX,50.000000,600,False
579589,SILVER28JUN27237000PE,SILVER,28JUN2027,23700000.000000,30,OPTFUT,MCX,50.000000,600,False
579611,SILVER28JUN27215000PE,SILVER,28JUN2027,21500000.000000,30,OPTFUT,MCX,50.000000,600,False
579613,SILVER28JUN27213000PE,SILVER,28JUN2027,21300000.000000,30,OPTFUT,MCX,50.000000,600,False
579622,SILVER28JUN27204000PE,SILVER,28JUN2027,20400000.000000,30,OPTFUT,MCX,50.000000,600,False
579624,SILVER28JUN27202000PE,SILVER,28JUN2027,20200000.000000,30,OPTFUT,MCX,50.000000,600,False
579639,SILVER28JUN27251000PE,SILVER,28JUN2027,25100000.000000,30,OPTFUT,MCX,50.000000,600,False
579626,SILVER28JUN27200000PE,SILVER,28JUN2027,20000000.000000,30,OPTFUT,MCX,50.000000,600,False
579629,SILVER28JUN27241000PE,SILVER,28JUN2027,24100000.000000,30,OPTFUT,MCX,50.000000,600,False
579638,SILVER28JUN27250000PE,SILVER,28JUN2027,25000000.000000,30,OPTFUT,MCX,50.000000,600,False
579647,SILVER28JUN27259000PE,SILVER,28JUN2027,25900000.000000,30,OPTFUT,MCX,50.000000,600,False
579657,SILVER28JUN27269000PE,SILVER,28JUN2027,26900000.000000,30,OPTFUT,MCX,50.000000,600,False
579690,SILVERM26MAY27222000CE,SILVERM,26MAY2027,22200000.000000,5,OPTFUT,MCX,50.000000,600,False
579717,SILVERM26MAY27251000CE,SILVERM,26MAY2027,25100000.000000,5,OPTFUT,MCX,50.000000,600,False
579718,SILVERM26MAY27252000CE,SILVERM,26MAY2027,25200000.000000,5,OPTFUT,MCX,50.000000,600,False
579727,SILVERM26MAY27261000CE,SILVERM,26MAY2027,26100000.000000,5,OPTFUT,MCX,50.000000,600,False
579731,SILVERM26MAY27265000CE,SILVERM,26MAY2027,26500000.000000,5,OPTFUT,MCX,50.000000,600,False
579777,SILVERM23JUN27215000CE,SILVERM,23JUN2027,21500000.000000,5,OPTFUT,MCX,50.000000,600,False
579789,SILVERM23JUN27203000CE,SILVERM,23JUN2027,20300000.000000,5,OPTFUT,MCX,50.000000,600,False
579795,SILVERM23JUN27249000CE,SILVERM,23JUN2027,24900000.000000,5,OPTFUT,MCX,50.000000,600,False
579805,SILVERM23JUN27259000CE,SILVERM,23JUN2027,25900000.000000,5,OPTFUT,MCX,50.000000,600,False
579813,SILVERM23JUN27267000CE,SILVERM,23JUN2027,26700000.000000,5,OPTFUT,MCX,50.000000,600,False
579817,SILVERM23JUN27271000CE,SILVERM,23JUN2027,27100000.000000,5,OPTFUT,MCX,50.000000,600,False
579822,SILVERM23JUN27276000CE,SILVERM,23JUN2027,27600000.000000,5,OPTFUT,MCX,50.000000,600,False
579824,SILVERM23JUN27278000CE,SILVERM,23JUN2027,27800000.000000,5,OPTFUT,MCX,50.000000,600,False
579840,SILVERM26MAY27234000PE,SILVERM,26MAY2027,23400000.000000,5,OPTFUT,MCX,50.000000,600,False
579844,SILVERM26MAY27230000PE,SILVERM,26MAY2027,23000000.000000,5,OPTFUT,MCX,50.000000,600,False
579860,SILVERM26MAY27214000PE,SILVERM,26MAY2027,21400000.000000,5,OPTFUT,MCX,50.000000,600,False
579867,SILVERM26MAY27207000PE,SILVERM,26MAY2027,20700000.000000,5,OPTFUT,MCX,50.000000,600,False
579870,SILVERM26MAY27204000PE,SILVERM,26MAY2027,20400000.000000,5,OPTFUT,MCX,50.000000,600,False
579888,SILVERM26MAY27260000PE,SILVERM,26MAY2027,26000000.000000,5,OPTFUT,MCX,50.000000,600,False
579876,SILVERM26MAY27248000PE,SILVERM,26MAY2027,24800000.000000,5,OPTFUT,MCX,50.000000,600,False
579886,SILVERM26MAY27258000PE,SILVERM,26MAY2027,25800000.000000,5,OPTFUT,MCX,50.000000,600,False
579887,SILVERM26MAY27259000PE,SILVERM,26MAY2027,25900000.000000,5,OPTFUT,MCX,50.000000,600,False
579889,SILVERM26MAY27261000PE,SILVERM,26MAY2027,26100000.000000,5,OPTFUT,MCX,50.000000,600,False
579891,SILVERM26MAY27263000PE,SILVERM,26MAY2027,26300000.000000,5,OPTFUT,MCX,50.000000,600,False
579915,SILVERM23JUN27239000PE,SILVERM,23JUN2027,23900000.000000,5,OPTFUT,MCX,50.000000,600,False
579936,SILVERM23JUN27218000PE,SILVERM,23JUN2027,21800000.000000,5,OPTFUT,MCX,50.000000,600,False
579939,SILVERM23JUN27215000PE,SILVERM,23JUN2027,21500000.000000,5,OPTFUT,MCX,50.000000,600,False
579940,SILVERM23JUN27214000PE,SILVERM,23JUN2027,21400000.000000,5,OPTFUT,MCX,50.000000,600,False
579960,SILVERM23JUN27252000PE,SILVERM,23JUN2027,25200000.000000,5,OPTFUT,MCX,50.000000,600,False
579964,SILVERM23JUN27256000PE,SILVERM,23JUN2027,25600000.000000,5,OPTFUT,MCX,50.000000,600,False
579973,SILVERM23JUN27265000PE,SILVERM,23JUN2027,26500000.000000,5,OPTFUT,MCX,50.000000,600,False
579983,SILVERM23JUN27275000PE,SILVERM,23JUN2027,27500000.000000,5,OPTFUT,MCX,50.000000,600,False
579992,CRUDEOILM17SEP2611300CE,CRUDEOILM,17SEP2026,1130000.000000,10,OPTFUT,MCX,5.000000,10000,False
579993,CRUDEOILM17SEP2611300PE,CRUDEOILM,17SEP2026,1130000.000000,10,OPTFUT,MCX,5.000000,10000,False
579998,GOLD25SEP26116500CE,GOLD,25SEP2026,11650000.000000,1,OPTFUT,MCX,50.000000,100,False
580000,GOLD30OCT26119500CE,GOLD,30OCT2026,11950000.000000,1,OPTFUT,MCX,50.000000,100,False
580012,GOLD27NOV26117000CE,GOLD,27NOV2026,11700000.000000,1,OPTFUT,MCX,50.000000,100,False
580015,GOLD31DEC26121500CE,GOLD,31DEC2026,12150000.000000,1,OPTFUT,MCX,50.000000,100,False
580017,GOLD31DEC26120500CE,GOLD,31DEC2026,12050000.000000,1,OPTFUT,MCX,50.000000,100,False
580023,GOLD29JAN27122000CE,GOLD,29JAN2027,12200000.000000,1,OPTFUT,MCX,50.000000,100,False
580032,GOLD26FEB27123000CE,GOLD,26FEB2027,12300000.000000,1,OPTFUT,MCX,50.000000,100,False
580036,GOLD26FEB27121000CE,GOLD,26FEB2027,12100000.000000,1,OPTFUT,MCX,50.000000,100,False
580044,GOLD29MAR27122000CE,GOLD,29MAR2027,12200000.000000,1,OPTFUT,MCX,50.000000,100,False
580045,GOLD29MAR27121500CE,GOLD,29MAR2027,12150000.000000,1,OPTFUT,MCX,50.000000,100,False
580054,GOLD30APR27124000CE,GOLD,30APR2027,12400000.000000,1,OPTFUT,MCX,50.000000,100,False
580062,GOLD30APR27120000CE,GOLD,30APR2027,12000000.000000,1,OPTFUT,MCX,50.000000,100,False
580068,GOLD28MAY27123000CE,GOLD,28MAY2027,12300000.000000,1,OPTFUT,MCX,50.000000,100,False
580081,GOLD25SEP26116000PE,GOLD,25SEP2026,11600000.000000,1,OPTFUT,MCX,50.000000,100,False
580088,GOLD30OCT26116500PE,GOLD,30OCT2026,11650000.000000,1,OPTFUT,MCX,50.000000,100,False
580093,GOLD27NOV26117500PE,GOLD,27NOV2026,11750000.000000,1,OPTFUT,MCX,50.000000,100,False
580095,GOLD27NOV26116500PE,GOLD,27NOV2026,11650000.000000,1,OPTFUT,MCX,50.000000,100,False
580108,GOLD29JAN27120500PE,GOLD,29JAN2027,12050000.000000,1,OPTFUT,MCX,50.000000,100,False
580114,GOLD26FEB27123000PE,GOLD,26FEB2027,12300000.000000,1,OPTFUT,MCX,50.000000,100,False
580118,GOLD26FEB27121000PE,GOLD,26FEB2027,12100000.000000,1,OPTFUT,MCX,50.000000,100,False
120,KAPASCOM,KAPAS,,0.000000,4,COMDTY,MCX,50.000000,99999999,False
153,NICKELCOM,NICKEL,,0.000000,250,COMDTY,MCX,10.000000,99999999,False
162,SOYOILJULYCOM,SOYOILJULY,,0.000000,1000,COMDTY,MCX,5.000000,99999999,False
163,SOYOILAUGCOM,SOYOILAUG,,0.000000,1000,COMDTY,MCX,5.000000,99999999,False
167,TURCOM,TUR,,0.000000,10,COMDTY,MCX,100.000000,99999999,False
169,MUSTARDOILCOM,MUSTARDOIL,,0.000000,1,COMDTY,MCX,10.000000,99999999,False
181,COMXGLDOCTCOM,COMXGLDOCT,,0.000000,1000,COMDTY,MCX,5.000000,99999999,False
195,MUSTRSDHAPCOM,MUSTRSDHAP,,0.000000,10000,COMDTY,MCX,5.000000,99999999,False
201,KAPASKHALICOM,KAPASKHALI,,0.000000,10,COMDTY,MCX,5000.000000,99999999,False
209,REDCHILLICOM,REDCHILLI,,0.000000,2500,COMDTY,MCX,100.000000,99999999,False
216,RICSPTDLHICOM,RICSPTDLHI,,0.000000,10000,COMDTY,MCX,5.000000,99999999,False
217,WHTSPTDLHICOM,WHTSPTDLHI,,0.000000,10000,COMDTY,MCX,5.000000,99999999,False
220,COMXSLVMARCOM,COMXSLVMAR,,0.000000,30,COMDTY,MCX,5.000000,99999999,False
221,COTDECNYCOM,COTDECNY,,0.000000,26,COMDTY,MCX,5.000000,99999999,False
264,SRICEDLHCOM,SRICEDLH,,0.000000,10000,COMDTY,MCX,5.000000,99999999,False
237,TURMICNIZCOM,TURMICNIZ,,0.000000,5000,COMDTY,MCX,5.000000,99999999,False
240,SSILVERAHMCOM,SSILVERAHM,,0.000000,30,COMDTY,MCX,5.000000,99999999,False
244,SMUSOILHPRCOM,SMUSOILHPR,,0.000000,1000,COMDTY,MCX,5.000000,99999999,False
267,SCASHWKQLNCOM,SCASHWKQLN,,0.000000,1130,COMDTY,MCX,5.000000,99999999,False
269,SGUARGJDPCOM,SGUARGJDP,,0.000000,5000,COMDTY,MCX,5.000000,99999999,False
279,SMSTOILJPRCOM,SMSTOILJPR,,0.000000,1000,COMDTY,MCX,5.000000,99999999,False
280,SBPPRKCHCOM,SBPPRKCH,,0.000000,1,COMDTY,MCX,500.000000,99999999,False
294,CRUDEOILCOM,CRUDEOIL,,0.000000,100,COMDTY,MCX,100.000000,99999999,False
312,SCOTLKADICOM,SCOTLKADI,,0.000000,26,COMDTY,MCX,5.000000,99999999,False
313,SCOTMABHRCOM,SCOTMABHR,,0.000000,250,COMDTY,MCX,5.000000,99999999,False
318,SCSTRSDDSACOM,SCSTRSDDSA,,0.000000,10000,COMDTY,MCX,5.000000,99999999,False
320,MENTHAOILCOM,MENTHAOIL,,0.000000,360,COMDTY,MCX,10.000000,99999999,False
352,NYCRDOLDECCOM,NYCRDOLDEC,,0.000000,100,COMDTY,MCX,100.000000,99999999,False
363,SSPIRONRPRCOM,SSPIRONRPR,,0.000000,15,COMDTY,MCX,500.000000,99999999,False
371,IGOLDMKOLCOM,IGOLDMKOL,,0.000000,100,COMDTY,MCX,100.000000,99999999,False
380,SPVCDELCOM,SPVCDEL,,0.000000,2,COMDTY,MCX,10.000000,99999999,False
382,SLEADINTCOM,SLEADINT,,0.000000,5,COMDTY,MCX,5.000000,99999999,False
397,SRICBRNKNRCOM,SRICBRNKNR,,0.000000,10,COMDTY,MCX,5.000000,99999999,False
398,SMDCTYNMUMCOM,SMDCTYNMUM,,0.000000,3,COMDTY,MCX,50.000000,99999999,False
408,TURDESICOM,TURDESI,,0.000000,10,COMDTY,MCX,100.000000,99999999,False
409,STURAKLCOM,STURAKL,,0.000000,10,COMDTY,MCX,100.000000,99999999,False
442,SSLVHNIAHMCOM,SSLVHNIAHM,,0.000000,30,COMDTY,MCX,100.000000,99999999,False
465,SSTLGZBCOM,SSTLGZB,,0.000000,10,COMDTY,MCX,1000.000000,99999999,False
491,FLAKEMENTHCOM,FLAKEMENTH,,0.000000,360,COMDTY,MCX,1000.000000,99999999,False
514,SIORECHNCOM,SIORECHN,,0.000000,100,COMDTY,MCX,100.000000,99999999,False
527,SGLDPETMUMCOM,SGLDPETMUM,,0.000000,1,COMDTY,MCX,100.000000,99999999,False
487669,KAPAS30NOV26FUT,KAPAS,30NOV2026,0.000000,4,FUTCOM,MCX,50.000000,200,False
555054,SILVER27OCT26283000PE,SILVER,27OCT2026,28300000.000000,30,OPTFUT,MCX,50.000000,600,False
555197,SILVERM24SEP26285000CE,SILVERM,24SEP2026,28500000.000000,5,OPTFUT,MCX,50.000000,600,False
556445,GOLD25SEP26153000CE,GOLD,25SEP2026,15300000.000000,1,OPTFUT,MCX,50.000000,100,False
556454,GOLD25SEP26148500CE,GOLD,25SEP2026,14850000.000000,1,OPTFUT,MCX,50.000000,100,False
556466,GOLD25SEP26142500CE,GOLD,25SEP2026,14250000.000000,1,OPTFUT,MCX,50.000000,100,False
556475,GOLD25SEP26164000CE,GOLD,25SEP2026,16400000.000000,1,OPTFUT,MCX,50.000000,100,False
556479,GOLD25SEP26166000CE,GOLD,25SEP2026,16600000.000000,1,OPTFUT,MCX,50.000000,100,False
556485,GOLD25SEP26169000CE,GOLD,25SEP2026,16900000.000000,1,OPTFUT,MCX,50.000000,100,False
556487,GOLD25SEP26170000CE,GOLD,25SEP2026,17000000.000000,1,OPTFUT,MCX,50.000000,100,False
556491,GOLD25SEP26172000CE,GOLD,25SEP2026,17200000.000000,1,OPTFUT,MCX,50.000000,100,False
556495,GOLD25SEP26174000CE,GOLD,25SEP2026,17400000.000000,1,OPTFUT,MCX,50.000000,100,False
556497,GOLD25SEP26175000CE,GOLD,25SEP2026,17500000.000000,1,OPTFUT,MCX,50.000000,100,False
556504,GOLD25SEP26178500CE,GOLD,25SEP2026,17850000.000000,1,OPTFUT,MCX,50.000000,100,False
556512,GOLD25SEP26182500CE,GOLD,25SEP2026,18250000.000000,1,OPTFUT,MCX,50.000000,100,False
556528,GOLD30OCT26164000CE,GOLD,30OCT2026,16400000.000000,1,OPTFUT,MCX,50.000000,100,False
556529,GOLD30OCT26163500CE,GOLD,30OCT2026,16350000.000000,1,OPTFUT,MCX,50.000000,100,False
556552,GOLD30OCT26152000CE,GOLD,30OCT2026,15200000.000000,1,OPTFUT,MCX,50.000000,100,False
556562,GOLD30OCT26147000CE,GOLD,30OCT2026,14700000.000000,1,OPTFUT,MCX,50.000000,100,False
556572,GOLD30OCT26142000CE,GOLD,30OCT2026,14200000.000000,1,OPTFUT,MCX,50.000000,100,False
556573,GOLD30OCT26141500CE,GOLD,30OCT2026,14150000.000000,1,OPTFUT,MCX,50.000000,100,False
556606,GOLD30OCT26182000CE,GOLD,30OCT2026,18200000.000000,1,OPTFUT,MCX,50.000000,100,False
556612,GOLD30OCT26185000CE,GOLD,30OCT2026,18500000.000000,1,OPTFUT,MCX,50.000000,100,False
556621,GOLD30OCT26189500CE,GOLD,30OCT2026,18950000.000000,1,OPTFUT,MCX,50.000000,100,False
556630,GOLD27NOV26163000CE,GOLD,27NOV2026,16300000.000000,1,OPTFUT,MCX,50.000000,100,False
556634,GOLD27NOV26161000CE,GOLD,27NOV2026,16100000.000000,1,OPTFUT,MCX,50.000000,100,False
556645,GOLD27NOV26155500CE,GOLD,27NOV2026,15550000.000000,1,OPTFUT,MCX,50.000000,100,False
556664,GOLD27NOV26146000CE,GOLD,27NOV2026,14600000.000000,1,OPTFUT,MCX,50.000000,100,False
556666,GOLD27NOV26145000CE,GOLD,27NOV2026,14500000.000000,1,OPTFUT,MCX,50.000000,100,False
556668,GOLD27NOV26144000CE,GOLD,27NOV2026,14400000.000000,1,OPTFUT,MCX,50.000000,100,False
556672,GOLD27NOV26142000CE,GOLD,27NOV2026,14200000.000000,1,OPTFUT,MCX,50.000000,100,False
556673,GOLD27NOV26141500CE,GOLD,27NOV2026,14150000.000000,1,OPTFUT,MCX,50.000000,100,False
556679,GOLD27NOV26168500CE,GOLD,27NOV2026,16850000.000000,1,OPTFUT,MCX,50.000000,100,False
556682,GOLD27NOV26170000CE,GOLD,27NOV2026,17000000.000000,1,OPTFUT,MCX,50.000000,100,False
556684,GOLD27NOV26171000CE,GOLD,27NOV2026,17100000.000000,1,OPTFUT,MCX,50.000000,100,False
556715,GOLD27NOV26186500CE,GOLD,27NOV2026,18650000.000000,1,OPTFUT,MCX,50.000000,100,False
556721,GOLD27NOV26189500CE,GOLD,27NOV2026,18950000.000000,1,OPTFUT,MCX,50.000000,100,False
557034,GOLD25SEP26158500PE,GOLD,25SEP2026,15850000.000000,1,OPTFUT,MCX,50.000000,100,False
557049,GOLD25SEP26151000PE,GOLD,25SEP2026,15100000.000000,1,OPTFUT,MCX,50.000000,100,False
557050,GOLD25SEP26150500PE,GOLD,25SEP2026,15050000.000000,1,OPTFUT,MCX,50.000000,100,False
557057,GOLD25SEP26147000PE,GOLD,25SEP2026,14700000.000000,1,OPTFUT,MCX,50.000000,100,False
557060,GOLD25SEP26145500PE,GOLD,25SEP2026,14550000.000000,1,OPTFUT,MCX,50.000000,100,False
557081,GOLD25SEP26167000PE,GOLD,25SEP2026,16700000.000000,1,OPTFUT,MCX,50.000000,100,False
557090,GOLD25SEP26171500PE,GOLD,25SEP2026,17150000.000000,1,OPTFUT,MCX,50.000000,100,False
557094,GOLD25SEP26173500PE,GOLD,25SEP2026,17350000.000000,1,OPTFUT,MCX,50.000000,100,False
557095,GOLD25SEP26174000PE,GOLD,25SEP2026,17400000.000000,1,OPTFUT,MCX,50.000000,100,False
557097,GOLD25SEP26175000PE,GOLD,25SEP2026,17500000.000000,1,OPTFUT,MCX,50.000000,100,False
557110,GOLD25SEP26181500PE,GOLD,25SEP2026,18150000.000000,1,OPTFUT,MCX,50.000000,100,False
557123,GOLD25SEP26188000PE,GOLD,25SEP2026,18800000.000000,1,OPTFUT,MCX,50.000000,100,False
557129,GOLD30OCT26163500PE,GOLD,30OCT2026,16350000.000000,1,OPTFUT,MCX,50.000000,100,False
557135,GOLD30OCT26160500PE,GOLD,30OCT2026,16050000.000000,1,OPTFUT,MCX,50.000000,100,False
557146,GOLD30OCT26155000PE,GOLD,30OCT2026,15500000.000000,1,OPTFUT,MCX,50.000000,100,False
557153,GOLD30OCT26151500PE,GOLD,30OCT2026,15150000.000000,1,OPTFUT,MCX,50.000000,100,False
557156,GOLD30OCT26150000PE,GOLD,30OCT2026,15000000.000000,1,OPTFUT,MCX,50.000000,100,False
557164,GOLD30OCT26146000PE,GOLD,30OCT2026,14600000.000000,1,OPTFUT,MCX,50.000000,100,False
557175,GOLD30OCT26166500PE,GOLD,30OCT2026,16650000.000000,1,OPTFUT,MCX,50.000000,100,False
557178,GOLD30OCT26168000PE,GOLD,30OCT2026,16800000.000000,1,OPTFUT,MCX,50.000000,100,False
580144,GOLD30APR27120000PE,GOLD,30APR2027,12000000.000000,1,OPTFUT,MCX,50.000000,100,False
557198,GOLD30OCT26178000PE,GOLD,30OCT2026,17800000.000000,1,OPTFUT,MCX,50.000000,100,False
557235,GOLD27NOV26160500PE,GOLD,27NOV2026,16050000.000000,1,OPTFUT,MCX,50.000000,100,False
557251,GOLD27NOV26152500PE,GOLD,27NOV2026,15250000.000000,1,OPTFUT,MCX,50.000000,100,False
557253,GOLD27NOV26151500PE,GOLD,27NOV2026,15150000.000000,1,OPTFUT,MCX,50.000000,100,False
580151,GOLD28MAY27122500PE,GOLD,28MAY2027,12250000.000000,1,OPTFUT,MCX,50.000000,100,False
580157,GOLD28MAY27119500PE,GOLD,28MAY2027,11950000.000000,1,OPTFUT,MCX,50.000000,100,False
580171,SILVER27OCT26182000CE,SILVER,27OCT2026,18200000.000000,30,OPTFUT,MCX,50.000000,600,False
580177,SILVER28JUN27198000CE,SILVER,28JUN2027,19800000.000000,30,OPTFUT,MCX,50.000000,600,False
557259,GOLD27NOV26148500PE,GOLD,27NOV2026,14850000.000000,1,OPTFUT,MCX,50.000000,100,False
557265,GOLD27NOV26145500PE,GOLD,27NOV2026,14550000.000000,1,OPTFUT,MCX,50.000000,100,False
557269,GOLD27NOV26143500PE,GOLD,27NOV2026,14350000.000000,1,OPTFUT,MCX,50.000000,100,False
557275,GOLD27NOV26166500PE,GOLD,27NOV2026,16650000.000000,1,OPTFUT,MCX,50.000000,100,False
580191,SILVER28JUN27197000PE,SILVER,28JUN2027,19700000.000000,30,OPTFUT,MCX,50.000000,600,False
580198,SILVERM27OCT26187000CE,SILVERM,27OCT2026,18700000.000000,5,OPTFUT,MCX,50.000000,600,False
580199,SILVERM27OCT26186000CE,SILVERM,27OCT2026,18600000.000000,5,OPTFUT,MCX,50.000000,600,False
580200,SILVERM23NOV26187000CE,SILVERM,23NOV2026,18700000.000000,5,OPTFUT,MCX,50.000000,600,False
557284,GOLD27NOV26171000PE,GOLD,27NOV2026,17100000.000000,1,OPTFUT,MCX,50.000000,100,False
557289,GOLD27NOV26173500PE,GOLD,27NOV2026,17350000.000000,1,OPTFUT,MCX,50.000000,100,False
557320,GOLD27NOV26189000PE,GOLD,27NOV2026,18900000.000000,1,OPTFUT,MCX,50.000000,100,False
557323,GOLD27NOV26190500PE,GOLD,27NOV2026,19050000.000000,1,OPTFUT,MCX,50.000000,100,False
580209,SILVERM19FEB27194000CE,SILVERM,19FEB2027,19400000.000000,5,OPTFUT,MCX,50.000000,600,False
580216,SILVERM26MAY27201000CE,SILVERM,26MAY2027,20100000.000000,5,OPTFUT,MCX,50.000000,600,False
580235,SILVERM19FEB27193000PE,SILVERM,19FEB2027,19300000.000000,5,OPTFUT,MCX,50.000000,600,False
580237,SILVERM25MAR27198000PE,SILVERM,25MAR2027,19800000.000000,5,OPTFUT,MCX,50.000000,600,False
557324,GOLD27NOV26191000PE,GOLD,27NOV2026,19100000.000000,1,OPTFUT,MCX,50.000000,100,False
557580,SILVER24SEP26281000CE,SILVER,24SEP2026,28100000.000000,30,OPTFUT,MCX,50.000000,600,False
557582,SILVER24SEP26279000CE,SILVER,24SEP2026,27900000.000000,30,OPTFUT,MCX,50.000000,600,False
557583,SILVER24SEP26278000CE,SILVER,24SEP2026,27800000.000000,30,OPTFUT,MCX,50.000000,600,False
580249,CRUDEOIL17SEP2611450CE,CRUDEOIL,17SEP2026,1145000.000000,100,OPTFUT,MCX,10.000000,10000,False
580253,CRUDEOIL17SEP2611400PE,CRUDEOIL,17SEP2026,1140000.000000,100,OPTFUT,MCX,10.000000,10000,False
580256,CRUDEOIL17SEP2611550PE,CRUDEOIL,17SEP2026,1155000.000000,100,OPTFUT,MCX,10.000000,10000,False
580262,SILVER25JAN27186000CE,SILVER,25JAN2027,18600000.000000,30,OPTFUT,MCX,50.000000,600,False
557606,SILVER24SEP26255000CE,SILVER,24SEP2026,25500000.000000,30,OPTFUT,MCX,50.000000,600,False
557615,SILVER24SEP26246000CE,SILVER,24SEP2026,24600000.000000,30,OPTFUT,MCX,50.000000,600,False
557616,SILVER24SEP26245000CE,SILVER,24SEP2026,24500000.000000,30,OPTFUT,MCX,50.000000,600,False
557621,SILVER24SEP26286000CE,SILVER,24SEP2026,28600000.000000,30,OPTFUT,MCX,50.000000,600,False
580285,SILVER25JAN27186000PE,SILVER,25JAN2027,18600000.000000,30,OPTFUT,MCX,50.000000,600,False
580289,SILVER25MAR27189000PE,SILVER,25MAR2027,18900000.000000,30,OPTFUT,MCX,50.000000,600,False
580296,SILVER26MAY27191000PE,SILVER,26MAY2027,19100000.000000,30,OPTFUT,MCX,50.000000,600,False
580327,SILVERM26MAY27198000CE,SILVERM,26MAY2027,19800000.000000,5,OPTFUT,MCX,50.000000,600,False
557646,SILVER24SEP26311000CE,SILVER,24SEP2026,31100000.000000,30,OPTFUT,MCX,50.000000,600,False
557650,SILVER24SEP26315000CE,SILVER,24SEP2026,31500000.000000,30,OPTFUT,MCX,50.000000,600,False
557654,SILVER24SEP26319000CE,SILVER,24SEP2026,31900000.000000,30,OPTFUT,MCX,50.000000,600,False
557684,SILVER27OCT26257000CE,SILVER,27OCT2026,25700000.000000,30,OPTFUT,MCX,50.000000,600,False
580331,SILVERM23JUN27198000CE,SILVERM,23JUN2027,19800000.000000,5,OPTFUT,MCX,50.000000,600,False
580353,SILVERM23APR27194000PE,SILVERM,23APR2027,19400000.000000,5,OPTFUT,MCX,50.000000,600,False
580360,SILVERM23JUN27199000PE,SILVERM,23JUN2027,19900000.000000,5,OPTFUT,MCX,50.000000,600,False
580374,CRUDEOIL15OCT267750PE,CRUDEOIL,15OCT2026,775000.000000,100,OPTFUT,MCX,10.000000,10000,False
580375,CRUDEOILM15OCT267750CE,CRUDEOILM,15OCT2026,775000.000000,10,OPTFUT,MCX,5.000000,10000,False
580376,CRUDEOILM15OCT267750PE,CRUDEOILM,15OCT2026,775000.000000,10,OPTFUT,MCX,5.000000,10000,False
580377,CRUDEOIL19JAN27FUT,CRUDEOIL,19JAN2027,0.000000,100,FUTCOM,MCX,100.000000,10000,False
580383,CRUDEOIL15OCT267550CE,CRUDEOIL,15OCT2026,755000.000000,100,OPTFUT,MCX,10.000000,10000,False
557686,SILVER27OCT26255000CE,SILVER,27OCT2026,25500000.000000,30,OPTFUT,MCX,50.000000,600,False
557701,SILVER27OCT26286000CE,SILVER,27OCT2026,28600000.000000,30,OPTFUT,MCX,50.000000,600,False
557710,SILVER27OCT26295000CE,SILVER,27OCT2026,29500000.000000,30,OPTFUT,MCX,50.000000,600,False
557719,SILVER27OCT26304000CE,SILVER,27OCT2026,30400000.000000,30,OPTFUT,MCX,50.000000,600,False
580385,CRUDEOIL15OCT267450CE,CRUDEOIL,15OCT2026,745000.000000,100,OPTFUT,MCX,10.000000,10000,False
580388,CRUDEOIL15OCT267300CE,CRUDEOIL,15OCT2026,730000.000000,100,OPTFUT,MCX,10.000000,10000,False
580422,CRUDEOIL15OCT265600CE,CRUDEOIL,15OCT2026,560000.000000,100,OPTFUT,MCX,10.000000,10000,False
580430,CRUDEOIL15OCT265200CE,CRUDEOIL,15OCT2026,520000.000000,100,OPTFUT,MCX,10.000000,10000,False
557724,SILVER27OCT26309000CE,SILVER,27OCT2026,30900000.000000,30,OPTFUT,MCX,50.000000,600,False
557739,SILVER27NOV26282000CE,SILVER,27NOV2026,28200000.000000,30,OPTFUT,MCX,50.000000,600,False
557743,SILVER27NOV26278000CE,SILVER,27NOV2026,27800000.000000,30,OPTFUT,MCX,50.000000,600,False
557744,SILVER27NOV26277000CE,SILVER,27NOV2026,27700000.000000,30,OPTFUT,MCX,50.000000,600,False
580433,CRUDEOIL15OCT265050CE,CRUDEOIL,15OCT2026,505000.000000,100,OPTFUT,MCX,10.000000,10000,False
580457,CRUDEOIL15OCT267900CE,CRUDEOIL,15OCT2026,790000.000000,100,OPTFUT,MCX,10.000000,10000,False
580458,CRUDEOIL15OCT267950CE,CRUDEOIL,15OCT2026,795000.000000,100,OPTFUT,MCX,10.000000,10000,False
580461,CRUDEOIL15OCT268100CE,CRUDEOIL,15OCT2026,810000.000000,100,OPTFUT,MCX,10.000000,10000,False
557749,SILVER27NOV26272000CE,SILVER,27NOV2026,27200000.000000,30,OPTFUT,MCX,50.000000,600,False
557759,SILVER27NOV26262000CE,SILVER,27NOV2026,26200000.000000,30,OPTFUT,MCX,50.000000,600,False
557761,SILVER27NOV26260000CE,SILVER,27NOV2026,26000000.000000,30,OPTFUT,MCX,50.000000,600,False
557775,SILVER27NOV26246000CE,SILVER,27NOV2026,24600000.000000,30,OPTFUT,MCX,50.000000,600,False
580466,CRUDEOIL15OCT268350CE,CRUDEOIL,15OCT2026,835000.000000,100,OPTFUT,MCX,10.000000,10000,False
580470,CRUDEOIL15OCT268550CE,CRUDEOIL,15OCT2026,855000.000000,100,OPTFUT,MCX,10.000000,10000,False
580472,CRUDEOIL15OCT268650CE,CRUDEOIL,15OCT2026,865000.000000,100,OPTFUT,MCX,10.000000,10000,False
580485,CRUDEOIL15OCT269300CE,CRUDEOIL,15OCT2026,930000.000000,100,OPTFUT,MCX,10.000000,10000,False
557783,SILVER27NOV26288000CE,SILVER,27NOV2026,28800000.000000,30,OPTFUT,MCX,50.000000,600,False
557788,SILVER27NOV26293000CE,SILVER,27NOV2026,29300000.000000,30,OPTFUT,MCX,50.000000,600,False
557794,SILVER27NOV26299000CE,SILVER,27NOV2026,29900000.000000,30,OPTFUT,MCX,50.000000,600,False
557803,SILVER27NOV26308000CE,SILVER,27NOV2026,30800000.000000,30,OPTFUT,MCX,50.000000,600,False
580489,CRUDEOIL15OCT269500CE,CRUDEOIL,15OCT2026,950000.000000,100,OPTFUT,MCX,10.000000,10000,False
580493,CRUDEOIL15OCT269700CE,CRUDEOIL,15OCT2026,970000.000000,100,OPTFUT,MCX,10.000000,10000,False
580496,CRUDEOIL15OCT269850CE,CRUDEOIL,15OCT2026,985000.000000,100,OPTFUT,MCX,10.000000,10000,False
580502,CRUDEOIL15OCT2610150CE,CRUDEOIL,15OCT2026,1015000.000000,100,OPTFUT,MCX,10.000000,10000,False
558,SGLDGLBAHMCOM,SGLDGLBAHM,,0.000000,200,COMDTY,MCX,100.000000,99999999,False
557804,SILVER27NOV26309000CE,SILVER,27NOV2026,30900000.000000,30,OPTFUT,MCX,50.000000,600,False
557808,SILVER27NOV26313000CE,SILVER,27NOV2026,31300000.000000,30,OPTFUT,MCX,50.000000,600,False
558072,SILVER24SEP26269000PE,SILVER,24SEP2026,26900000.000000,30,OPTFUT,MCX,50.000000,600,False
580508,CRUDEOIL15OCT2610450CE,CRUDEOIL,15OCT2026,1045000.000000,100,OPTFUT,MCX,10.000000,10000,False
580509,CRUDEOIL15OCT2610500CE,CRUDEOIL,15OCT2026,1050000.000000,100,OPTFUT,MCX,10.000000,10000,False
580516,CRUDEOIL15OCT2610850CE,CRUDEOIL,15OCT2026,1085000.000000,100,OPTFUT,MCX,10.000000,10000,False
580533,CRUDEOIL15OCT267600PE,CRUDEOIL,15OCT2026,760000.000000,100,OPTFUT,MCX,10.000000,10000,False
558081,SILVER24SEP26260000PE,SILVER,24SEP2026,26000000.000000,30,OPTFUT,MCX,50.000000,600,False
558082,SILVER24SEP26259000PE,SILVER,24SEP2026,25900000.000000,30,OPTFUT,MCX,50.000000,600,False
558084,SILVER24SEP26257000PE,SILVER,24SEP2026,25700000.000000,30,OPTFUT,MCX,50.000000,600,False
558095,SILVER24SEP26246000PE,SILVER,24SEP2026,24600000.000000,30,OPTFUT,MCX,50.000000,600,False
580534,CRUDEOIL15OCT267550PE,CRUDEOIL,15OCT2026,755000.000000,100,OPTFUT,MCX,10.000000,10000,False
580540,CRUDEOIL15OCT267250PE,CRUDEOIL,15OCT2026,725000.000000,100,OPTFUT,MCX,10.000000,10000,False
580542,CRUDEOIL15OCT267150PE,CRUDEOIL,15OCT2026,715000.000000,100,OPTFUT,MCX,10.000000,10000,False
580543,CRUDEOIL15OCT267100PE,CRUDEOIL,15OCT2026,710000.000000,100,OPTFUT,MCX,10.000000,10000,False
558098,SILVER24SEP26243000PE,SILVER,24SEP2026,24300000.000000,30,OPTFUT,MCX,50.000000,600,False
558104,SILVER24SEP26289000PE,SILVER,24SEP2026,28900000.000000,30,OPTFUT,MCX,50.000000,600,False
558115,SILVER24SEP26300000PE,SILVER,24SEP2026,30000000.000000,30,OPTFUT,MCX,50.000000,600,False
558124,SILVER24SEP26309000PE,SILVER,24SEP2026,30900000.000000,30,OPTFUT,MCX,50.000000,600,False
580547,CRUDEOIL15OCT266900PE,CRUDEOIL,15OCT2026,690000.000000,100,OPTFUT,MCX,10.000000,10000,False
580548,CRUDEOIL15OCT266850PE,CRUDEOIL,15OCT2026,685000.000000,100,OPTFUT,MCX,10.000000,10000,False
580555,CRUDEOIL15OCT266500PE,CRUDEOIL,15OCT2026,650000.000000,100,OPTFUT,MCX,10.000000,10000,False
580560,CRUDEOIL15OCT266250PE,CRUDEOIL,15OCT2026,625000.000000,100,OPTFUT,MCX,10.000000,10000,False
558134,SILVER24SEP26319000PE,SILVER,24SEP2026,31900000.000000,30,OPTFUT,MCX,50.000000,600,False
558136,SILVER24SEP26321000PE,SILVER,24SEP2026,32100000.000000,30,OPTFUT,MCX,50.000000,600,False
558142,SILVER27OCT26279000PE,SILVER,27OCT2026,27900000.000000,30,OPTFUT,MCX,50.000000,600,False
558147,SILVER27OCT26274000PE,SILVER,27OCT2026,27400000.000000,30,OPTFUT,MCX,50.000000,600,False
580562,CRUDEOIL15OCT266150PE,CRUDEOIL,15OCT2026,615000.000000,100,OPTFUT,MCX,10.000000,10000,False
580568,CRUDEOIL15OCT265850PE,CRUDEOIL,15OCT2026,585000.000000,100,OPTFUT,MCX,10.000000,10000,False
580571,CRUDEOIL15OCT265700PE,CRUDEOIL,15OCT2026,570000.000000,100,OPTFUT,MCX,10.000000,10000,False
580575,CRUDEOIL15OCT265500PE,CRUDEOIL,15OCT2026,550000.000000,100,OPTFUT,MCX,10.000000,10000,False
580577,CRUDEOIL15OCT265400PE,CRUDEOIL,15OCT2026,540000.000000,100,OPTFUT,MCX,10.000000,10000,False
580582,CRUDEOIL15OCT265150PE,CRUDEOIL,15OCT2026,515000.000000,100,OPTFUT,MCX,10.000000,10000,False
580587,CRUDEOIL15OCT264900PE,CRUDEOIL,15OCT2026,490000.000000,100,OPTFUT,MCX,10.000000,10000,False
580592,CRUDEOIL15OCT264650PE,CRUDEOIL,15OCT2026,465000.000000,100,OPTFUT,MCX,10.000000,10000,False
558152,SILVER27OCT26269000PE,SILVER,27OCT2026,26900000.000000,30,OPTFUT,MCX,50.000000,600,False
558182,SILVER27OCT26287000PE,SILVER,27OCT2026,28700000.000000,30,OPTFUT,MCX,50.000000,600,False
558183,SILVER27OCT26288000PE,SILVER,27OCT2026,28800000.000000,30,OPTFUT,MCX,50.000000,600,False
558190,SILVER27OCT26295000PE,SILVER,27OCT2026,29500000.000000,30,OPTFUT,MCX,50.000000,600,False
558201,SILVER27OCT26306000PE,SILVER,27OCT2026,30600000.000000,30,OPTFUT,MCX,50.000000,600,False
558218,SILVER27OCT26323000PE,SILVER,27OCT2026,32300000.000000,30,OPTFUT,MCX,50.000000,600,False
558235,SILVER27NOV26266000PE,SILVER,27NOV2026,26600000.000000,30,OPTFUT,MCX,50.000000,600,False
558236,SILVER27NOV26265000PE,SILVER,27NOV2026,26500000.000000,30,OPTFUT,MCX,50.000000,600,False
580599,CRUDEOIL15OCT264300PE,CRUDEOIL,15OCT2026,430000.000000,100,OPTFUT,MCX,10.000000,10000,False
580612,CRUDEOIL15OCT268100PE,CRUDEOIL,15OCT2026,810000.000000,100,OPTFUT,MCX,10.000000,10000,False
580614,CRUDEOIL15OCT268200PE,CRUDEOIL,15OCT2026,820000.000000,100,OPTFUT,MCX,10.000000,10000,False
580629,CRUDEOIL15OCT268950PE,CRUDEOIL,15OCT2026,895000.000000,100,OPTFUT,MCX,10.000000,10000,False
580638,CRUDEOIL15OCT269400PE,CRUDEOIL,15OCT2026,940000.000000,100,OPTFUT,MCX,10.000000,10000,False
580647,CRUDEOIL15OCT269850PE,CRUDEOIL,15OCT2026,985000.000000,100,OPTFUT,MCX,10.000000,10000,False
580659,CRUDEOIL15OCT2610450PE,CRUDEOIL,15OCT2026,1045000.000000,100,OPTFUT,MCX,10.000000,10000,False
580678,CRUDEOIL15OCT2611400PE,CRUDEOIL,15OCT2026,1140000.000000,100,OPTFUT,MCX,10.000000,10000,False
558246,SILVER27NOV26255000PE,SILVER,27NOV2026,25500000.000000,30,OPTFUT,MCX,50.000000,600,False
558249,SILVER27NOV26252000PE,SILVER,27NOV2026,25200000.000000,30,OPTFUT,MCX,50.000000,600,False
558254,SILVER27NOV26247000PE,SILVER,27NOV2026,24700000.000000,30,OPTFUT,MCX,50.000000,600,False
558260,SILVER27NOV26285000PE,SILVER,27NOV2026,28500000.000000,30,OPTFUT,MCX,50.000000,600,False
580703,CRUDEOILM15OCT266650CE,CRUDEOILM,15OCT2026,665000.000000,10,OPTFUT,MCX,5.000000,10000,False
580713,CRUDEOILM15OCT266150CE,CRUDEOILM,15OCT2026,615000.000000,10,OPTFUT,MCX,5.000000,10000,False
580727,CRUDEOILM15OCT265450CE,CRUDEOILM,15OCT2026,545000.000000,10,OPTFUT,MCX,5.000000,10000,False
580738,CRUDEOILM15OCT264900CE,CRUDEOILM,15OCT2026,490000.000000,10,OPTFUT,MCX,5.000000,10000,False
558265,SILVER27NOV26290000PE,SILVER,27NOV2026,29000000.000000,30,OPTFUT,MCX,50.000000,600,False
558268,SILVER27NOV26293000PE,SILVER,27NOV2026,29300000.000000,30,OPTFUT,MCX,50.000000,600,False
558540,SILVERM24SEP26283000CE,SILVERM,24SEP2026,28300000.000000,5,OPTFUT,MCX,50.000000,600,False
558553,SILVERM24SEP26270000CE,SILVERM,24SEP2026,27000000.000000,5,OPTFUT,MCX,50.000000,600,False
580739,CRUDEOILM15OCT264850CE,CRUDEOILM,15OCT2026,485000.000000,10,OPTFUT,MCX,5.000000,10000,False
580743,CRUDEOILM15OCT264650CE,CRUDEOILM,15OCT2026,465000.000000,10,OPTFUT,MCX,5.000000,10000,False
580744,CRUDEOILM15OCT264600CE,CRUDEOILM,15OCT2026,460000.000000,10,OPTFUT,MCX,5.000000,10000,False
580772,CRUDEOILM15OCT268550CE,CRUDEOILM,15OCT2026,855000.000000,10,OPTFUT,MCX,5.000000,10000,False
558563,SILVERM24SEP26260000CE,SILVERM,24SEP2026,26000000.000000,5,OPTFUT,MCX,50.000000,600,False
558564,SILVERM24SEP26259000CE,SILVERM,24SEP2026,25900000.000000,5,OPTFUT,MCX,50.000000,600,False
558589,SILVERM24SEP26296000CE,SILVERM,24SEP2026,29600000.000000,5,OPTFUT,MCX,50.000000,600,False
558592,SILVERM24SEP26299000CE,SILVERM,24SEP2026,29900000.000000,5,OPTFUT,MCX,50.000000,600,False
580774,CRUDEOILM15OCT268650CE,CRUDEOILM,15OCT2026,865000.000000,10,OPTFUT,MCX,5.000000,10000,False
580792,CRUDEOILM15OCT269550CE,CRUDEOILM,15OCT2026,955000.000000,10,OPTFUT,MCX,5.000000,10000,False
580806,CRUDEOILM15OCT2610250CE,CRUDEOILM,15OCT2026,1025000.000000,10,OPTFUT,MCX,5.000000,10000,False
580813,CRUDEOILM15OCT2610600CE,CRUDEOILM,15OCT2026,1060000.000000,10,OPTFUT,MCX,5.000000,10000,False
580816,CRUDEOILM15OCT2610750CE,CRUDEOILM,15OCT2026,1075000.000000,10,OPTFUT,MCX,5.000000,10000,False
580820,CRUDEOILM15OCT2610950CE,CRUDEOILM,15OCT2026,1095000.000000,10,OPTFUT,MCX,5.000000,10000,False
580823,CRUDEOILM15OCT2611100CE,CRUDEOILM,15OCT2026,1110000.000000,10,OPTFUT,MCX,5.000000,10000,False
580842,CRUDEOILM15OCT267250PE,CRUDEOILM,15OCT2026,725000.000000,10,OPTFUT,MCX,5.000000,10000,False
558595,SILVERM24SEP26302000CE,SILVERM,24SEP2026,30200000.000000,5,OPTFUT,MCX,50.000000,600,False
558605,SILVERM24SEP26312000CE,SILVERM,24SEP2026,31200000.000000,5,OPTFUT,MCX,50.000000,600,False
558608,SILVERM24SEP26315000CE,SILVERM,24SEP2026,31500000.000000,5,OPTFUT,MCX,50.000000,600,False
558609,SILVERM24SEP26316000CE,SILVERM,24SEP2026,31600000.000000,5,OPTFUT,MCX,50.000000,600,False
580850,CRUDEOILM15OCT266850PE,CRUDEOILM,15OCT2026,685000.000000,10,OPTFUT,MCX,5.000000,10000,False
580860,CRUDEOILM15OCT266350PE,CRUDEOILM,15OCT2026,635000.000000,10,OPTFUT,MCX,5.000000,10000,False
580894,CRUDEOILM15OCT264650PE,CRUDEOILM,15OCT2026,465000.000000,10,OPTFUT,MCX,5.000000,10000,False
580901,CRUDEOILM15OCT264300PE,CRUDEOILM,15OCT2026,430000.000000,10,OPTFUT,MCX,5.000000,10000,False
558618,SILVERM24SEP26325000CE,SILVERM,24SEP2026,32500000.000000,5,OPTFUT,MCX,50.000000,600,False
558619,SILVERM27OCT26284000CE,SILVERM,27OCT2026,28400000.000000,5,OPTFUT,MCX,50.000000,600,False
558620,SILVERM27OCT26283000CE,SILVERM,27OCT2026,28300000.000000,5,OPTFUT,MCX,50.000000,600,False
558621,SILVERM27OCT26282000CE,SILVERM,27OCT2026,28200000.000000,5,OPTFUT,MCX,50.000000,600,False
580902,CRUDEOILM15OCT264250PE,CRUDEOILM,15OCT2026,425000.000000,10,OPTFUT,MCX,5.000000,10000,False
580928,CRUDEOILM15OCT268800PE,CRUDEOILM,15OCT2026,880000.000000,10,OPTFUT,MCX,5.000000,10000,False
580943,CRUDEOILM15OCT269550PE,CRUDEOILM,15OCT2026,955000.000000,10,OPTFUT,MCX,5.000000,10000,False
580974,CRUDEOILM15OCT2611100PE,CRUDEOILM,15OCT2026,1110000.000000,10,OPTFUT,MCX,5.000000,10000,False
558627,SILVERM27OCT26276000CE,SILVERM,27OCT2026,27600000.000000,5,OPTFUT,MCX,50.000000,600,False
558634,SILVERM27OCT26269000CE,SILVERM,27OCT2026,26900000.000000,5,OPTFUT,MCX,50.000000,600,False
558638,SILVERM27OCT26265000CE,SILVERM,27OCT2026,26500000.000000,5,OPTFUT,MCX,50.000000,600,False
558653,SILVERM27OCT26250000CE,SILVERM,27OCT2026,25000000.000000,5,OPTFUT,MCX,50.000000,600,False
580976,CRUDEOILM15OCT2611200PE,CRUDEOILM,15OCT2026,1120000.000000,10,OPTFUT,MCX,5.000000,10000,False
580994,CRUDEOIL17SEP2611750PE,CRUDEOIL,17SEP2026,1175000.000000,100,OPTFUT,MCX,10.000000,10000,False
580995,CRUDEOIL15OCT2611550PE,CRUDEOIL,15OCT2026,1155000.000000,100,OPTFUT,MCX,10.000000,10000,False
581001,CRUDEOILM17SEP2611650PE,CRUDEOILM,17SEP2026,1165000.000000,10,OPTFUT,MCX,5.000000,10000,False
581014,SILVER28JUN27280000CE,SILVER,28JUN2027,28000000.000000,30,OPTFUT,MCX,50.000000,600,False
581016,SILVER28JUN27280000PE,SILVER,28JUN2027,28000000.000000,30,OPTFUT,MCX,50.000000,600,False
581035,CRUDEOILM15OCT2611650CE,CRUDEOILM,15OCT2026,1165000.000000,10,OPTFUT,MCX,5.000000,10000,False
581044,CRUDEOIL17SEP2612100CE,CRUDEOIL,17SEP2026,1210000.000000,100,OPTFUT,MCX,10.000000,10000,False
581050,CRUDEOIL15OCT2611700CE,CRUDEOIL,15OCT2026,1170000.000000,100,OPTFUT,MCX,10.000000,10000,False
581069,CRUDEOIL15OCT2611850PE,CRUDEOIL,15OCT2026,1185000.000000,100,OPTFUT,MCX,10.000000,10000,False
581082,CRUDEOILM17SEP2612300CE,CRUDEOILM,17SEP2026,1230000.000000,10,OPTFUT,MCX,5.000000,10000,False
581086,CRUDEOILM15OCT2611800CE,CRUDEOILM,15OCT2026,1180000.000000,10,OPTFUT,MCX,5.000000,10000,False
581087,CRUDEOILM15OCT2611850CE,CRUDEOILM,15OCT2026,1185000.000000,10,OPTFUT,MCX,5.000000,10000,False
581102,CRUDEOILM15OCT2611800PE,CRUDEOILM,15OCT2026,1180000.000000,10,OPTFUT,MCX,5.000000,10000,False
581103,CRUDEOILM15OCT2611850PE,CRUDEOILM,15OCT2026,1185000.000000,10,OPTFUT,MCX,5.000000,10000,False
581114,CRUDEOIL15OCT263800PE,CRUDEOIL,15OCT2026,380000.000000,100,OPTFUT,MCX,10.000000,10000,False
581123,CRUDEOILM15OCT263950PE,CRUDEOILM,15OCT2026,395000.000000,10,OPTFUT,MCX,5.000000,10000,False
581130,NATGASMINI23SEP2675PE,NATGASMINI,23SEP2026,7500.000000,250,OPTFUT,MCX,5.000000,60000,False
581135,NATURALGAS25JAN27FUT,NATURALGAS,25JAN2027,0.000000,1250,FUTCOM,MCX,10.000000,60000,False
581136,NATGASMINI25JAN27FUT,NATGASMINI,25JAN2027,0.000000,250,FUTCOM,MCX,10.000000,60000,False
581141,CRUDEOIL15OCT263550CE,CRUDEOIL,15OCT2026,355000.000000,100,OPTFUT,MCX,10.000000,10000,False
581154,NATURALGAS23OCT26270CE,NATURALGAS,23OCT2026,27000.000000,1250,OPTFUT,MCX,5.000000,60000,False
581156,NATURALGAS23OCT26260CE,NATURALGAS,23OCT2026,26000.000000,1250,OPTFUT,MCX,5.000000,60000,False
581160,NATURALGAS23OCT26240CE,NATURALGAS,23OCT2026,24000.000000,1250,OPTFUT,MCX,5.000000,60000,False
581179,NATURALGAS23OCT26145CE,NATURALGAS,23OCT2026,14500.000000,1250,OPTFUT,MCX,5.000000,60000,False
581190,NATURALGAS23OCT2690CE,NATURALGAS,23OCT2026,9000.000000,1250,OPTFUT,MCX,5.000000,60000,False
581200,NATURALGAS23OCT26340CE,NATURALGAS,23OCT2026,34000.000000,1250,OPTFUT,MCX,5.000000,60000,False
581202,NATURALGAS23OCT26350CE,NATURALGAS,23OCT2026,35000.000000,1250,OPTFUT,MCX,5.000000,60000,False
581207,NATURALGAS23OCT26375CE,NATURALGAS,23OCT2026,37500.000000,1250,OPTFUT,MCX,5.000000,60000,False
581211,NATURALGAS23OCT26395CE,NATURALGAS,23OCT2026,39500.000000,1250,OPTFUT,MCX,5.000000,60000,False
581212,NATURALGAS23OCT26400CE,NATURALGAS,23OCT2026,40000.000000,1250,OPTFUT,MCX,5.000000,60000,False
581242,NATURALGAS23OCT26250PE,NATURALGAS,23OCT2026,25000.000000,1250,OPTFUT,MCX,5.000000,60000,False
581244,NATURALGAS23OCT26240PE,NATURALGAS,23OCT2026,24000.000000,1250,OPTFUT,MCX,5.000000,60000,False
581255,NATURALGAS23OCT26185PE,NATURALGAS,23OCT2026,18500.000000,1250,OPTFUT,MCX,5.000000,60000,False
581266,NATURALGAS23OCT26130PE,NATURALGAS,23OCT2026,13000.000000,1250,OPTFUT,MCX,5.000000,60000,False
581283,NATURALGAS23OCT26335PE,NATURALGAS,23OCT2026,33500.000000,1250,OPTFUT,MCX,5.000000,60000,False
558665,SILVERM27OCT26292000CE,SILVERM,27OCT2026,29200000.000000,5,OPTFUT,MCX,50.000000,600,False
558669,SILVERM27OCT26296000CE,SILVERM,27OCT2026,29600000.000000,5,OPTFUT,MCX,50.000000,600,False
558675,SILVERM27OCT26302000CE,SILVERM,27OCT2026,30200000.000000,5,OPTFUT,MCX,50.000000,600,False
558677,SILVERM27OCT26304000CE,SILVERM,27OCT2026,30400000.000000,5,OPTFUT,MCX,50.000000,600,False
581297,NATURALGAS23OCT26405PE,NATURALGAS,23OCT2026,40500.000000,1250,OPTFUT,MCX,5.000000,60000,False
581306,NATURALGAS23OCT26450PE,NATURALGAS,23OCT2026,45000.000000,1250,OPTFUT,MCX,5.000000,60000,False
581314,NATURALGAS23OCT26490PE,NATURALGAS,23OCT2026,49000.000000,1250,OPTFUT,MCX,5.000000,60000,False
581333,SILVER26MAY27189000PE,SILVER,26MAY2027,18900000.000000,30,OPTFUT,MCX,50.000000,600,False
581350,SILVERM26MAY27195000CE,SILVERM,26MAY2027,19500000.000000,5,OPTFUT,MCX,50.000000,600,False
581359,SILVERM23NOV26183000PE,SILVERM,23NOV2026,18300000.000000,5,OPTFUT,MCX,50.000000,600,False
581370,ZINC23OCT26425PE,ZINC,23OCT2026,42500.000000,5,OPTFUT,MCX,1.000000,100,False
581371,CRUDEOILM15OCT263750CE,CRUDEOILM,15OCT2026,375000.000000,10,OPTFUT,MCX,5.000000,10000,False
558678,SILVERM27OCT26305000CE,SILVERM,27OCT2026,30500000.000000,5,OPTFUT,MCX,50.000000,600,False
558688,SILVERM27OCT26315000CE,SILVERM,27OCT2026,31500000.000000,5,OPTFUT,MCX,50.000000,600,False
558704,SILVERM23NOV26279000CE,SILVERM,23NOV2026,27900000.000000,5,OPTFUT,MCX,50.000000,600,False
558709,SILVERM23NOV26274000CE,SILVERM,23NOV2026,27400000.000000,5,OPTFUT,MCX,50.000000,600,False
558710,SILVERM23NOV26273000CE,SILVERM,23NOV2026,27300000.000000,5,OPTFUT,MCX,50.000000,600,False
558734,SILVERM23NOV26249000CE,SILVERM,23NOV2026,24900000.000000,5,OPTFUT,MCX,50.000000,600,False
558737,SILVERM23NOV26246000CE,SILVERM,23NOV2026,24600000.000000,5,OPTFUT,MCX,50.000000,600,False
558756,SILVERM23NOV26303000CE,SILVERM,23NOV2026,30300000.000000,5,OPTFUT,MCX,50.000000,600,False
581388,NATGASMINI23OCT26270CE,NATGASMINI,23OCT2026,27000.000000,250,OPTFUT,MCX,5.000000,60000,False
581398,NATGASMINI23OCT26220CE,NATGASMINI,23OCT2026,22000.000000,250,OPTFUT,MCX,5.000000,60000,False
581404,NATGASMINI23OCT26190CE,NATGASMINI,23OCT2026,19000.000000,250,OPTFUT,MCX,5.000000,60000,False
581424,NATGASMINI23OCT2690CE,NATGASMINI,23OCT2026,9000.000000,250,OPTFUT,MCX,5.000000,60000,False
581427,NATGASMINI23OCT26305CE,NATGASMINI,23OCT2026,30500.000000,250,OPTFUT,MCX,5.000000,60000,False
581431,NATGASMINI23OCT26325CE,NATGASMINI,23OCT2026,32500.000000,250,OPTFUT,MCX,5.000000,60000,False
581435,NATGASMINI23OCT26345CE,NATGASMINI,23OCT2026,34500.000000,250,OPTFUT,MCX,5.000000,60000,False
581468,NATGASMINI23SEP2665PE,NATGASMINI,23SEP2026,6500.000000,250,OPTFUT,MCX,5.000000,60000,False
559050,SILVERM24SEP26253000PE,SILVERM,24SEP2026,25300000.000000,5,OPTFUT,MCX,50.000000,600,False
558769,SILVERM23NOV26316000CE,SILVERM,23NOV2026,31600000.000000,5,OPTFUT,MCX,50.000000,600,False
559019,SILVERM24SEP26284000PE,SILVERM,24SEP2026,28400000.000000,5,OPTFUT,MCX,50.000000,600,False
559029,SILVERM24SEP26274000PE,SILVERM,24SEP2026,27400000.000000,5,OPTFUT,MCX,50.000000,600,False
581476,NATGASMINI23OCT26250PE,NATGASMINI,23OCT2026,25000.000000,250,OPTFUT,MCX,5.000000,60000,False
581480,NATGASMINI23OCT26230PE,NATGASMINI,23OCT2026,23000.000000,250,OPTFUT,MCX,5.000000,60000,False
581488,NATGASMINI23OCT26190PE,NATGASMINI,23OCT2026,19000.000000,250,OPTFUT,MCX,5.000000,60000,False
581506,NATGASMINI23OCT26100PE,NATGASMINI,23OCT2026,10000.000000,250,OPTFUT,MCX,5.000000,60000,False
559052,SILVERM24SEP26251000PE,SILVERM,24SEP2026,25100000.000000,5,OPTFUT,MCX,50.000000,600,False
559067,SILVERM24SEP26294000PE,SILVERM,24SEP2026,29400000.000000,5,OPTFUT,MCX,50.000000,600,False
559085,SILVERM24SEP26312000PE,SILVERM,24SEP2026,31200000.000000,5,OPTFUT,MCX,50.000000,600,False
559100,SILVERM27OCT26283000PE,SILVERM,27OCT2026,28300000.000000,5,OPTFUT,MCX,50.000000,600,False
581517,NATGASMINI23OCT26335PE,NATGASMINI,23OCT2026,33500.000000,250,OPTFUT,MCX,5.000000,60000,False
581524,NATGASMINI23OCT26370PE,NATGASMINI,23OCT2026,37000.000000,250,OPTFUT,MCX,5.000000,60000,False
581525,NATGASMINI23OCT26375PE,NATGASMINI,23OCT2026,37500.000000,250,OPTFUT,MCX,5.000000,60000,False
581528,NATGASMINI23OCT26390PE,NATGASMINI,23OCT2026,39000.000000,250,OPTFUT,MCX,5.000000,60000,False
581547,NATGASMINI23OCT26485PE,NATGASMINI,23OCT2026,48500.000000,250,OPTFUT,MCX,5.000000,60000,False
581558,MCXBULLDEX28OCT2632400CE,MCXBULLDEX,28OCT2026,3240000.000000,30,OPTIDX,MCX,5.000000,900,False
581560,MCXBULLDEX28OCT2632200CE,MCXBULLDEX,28OCT2026,3220000.000000,30,OPTIDX,MCX,5.000000,900,False
581565,MCXBULLDEX28OCT2631700CE,MCXBULLDEX,28OCT2026,3170000.000000,30,OPTIDX,MCX,5.000000,900,False
559104,SILVERM27OCT26279000PE,SILVERM,27OCT2026,27900000.000000,5,OPTFUT,MCX,50.000000,600,False
559113,SILVERM27OCT26270000PE,SILVERM,27OCT2026,27000000.000000,5,OPTFUT,MCX,50.000000,600,False
559116,SILVERM27OCT26267000PE,SILVERM,27OCT2026,26700000.000000,5,OPTFUT,MCX,50.000000,600,False
559127,SILVERM27OCT26256000PE,SILVERM,27OCT2026,25600000.000000,5,OPTFUT,MCX,50.000000,600,False
581575,MCXBULLDEX28OCT2630700CE,MCXBULLDEX,28OCT2026,3070000.000000,30,OPTIDX,MCX,5.000000,900,False
581577,MCXBULLDEX28OCT2630500CE,MCXBULLDEX,28OCT2026,3050000.000000,30,OPTIDX,MCX,5.000000,900,False
581579,MCXBULLDEX28OCT2630300CE,MCXBULLDEX,28OCT2026,3030000.000000,30,OPTIDX,MCX,5.000000,900,False
581600,MCXBULLDEX28OCT2633900CE,MCXBULLDEX,28OCT2026,3390000.000000,30,OPTIDX,MCX,5.000000,900,False
559130,SILVERM27OCT26253000PE,SILVERM,27OCT2026,25300000.000000,5,OPTFUT,MCX,50.000000,600,False
559132,SILVERM27OCT26251000PE,SILVERM,27OCT2026,25100000.000000,5,OPTFUT,MCX,50.000000,600,False
559141,SILVERM27OCT26288000PE,SILVERM,27OCT2026,28800000.000000,5,OPTFUT,MCX,50.000000,600,False
559163,SILVERM27OCT26310000PE,SILVERM,27OCT2026,31000000.000000,5,OPTFUT,MCX,50.000000,600,False
581604,MCXBULLDEX28OCT2634300CE,MCXBULLDEX,28OCT2026,3430000.000000,30,OPTIDX,MCX,5.000000,900,False
581614,MCXBULLDEX28OCT2635300CE,MCXBULLDEX,28OCT2026,3530000.000000,30,OPTIDX,MCX,5.000000,900,False
581647,MCXBULLDEX28OCT2630500PE,MCXBULLDEX,28OCT2026,3050000.000000,30,OPTIDX,MCX,5.000000,900,False
581650,MCXBULLDEX28OCT2630200PE,MCXBULLDEX,28OCT2026,3020000.000000,30,OPTIDX,MCX,5.000000,900,False
559165,SILVERM27OCT26312000PE,SILVERM,27OCT2026,31200000.000000,5,OPTFUT,MCX,50.000000,600,False
559177,SILVERM27OCT26324000PE,SILVERM,27OCT2026,32400000.000000,5,OPTFUT,MCX,50.000000,600,False
559184,SILVERM23NOV26279000PE,SILVERM,23NOV2026,27900000.000000,5,OPTFUT,MCX,50.000000,600,False
559191,SILVERM23NOV26272000PE,SILVERM,23NOV2026,27200000.000000,5,OPTFUT,MCX,50.000000,600,False
581651,MCXBULLDEX28OCT2630100PE,MCXBULLDEX,28OCT2026,3010000.000000,30,OPTIDX,MCX,5.000000,900,False
581656,MCXBULLDEX28OCT2629600PE,MCXBULLDEX,28OCT2026,2960000.000000,30,OPTIDX,MCX,5.000000,900,False
581668,MCXBULLDEX28OCT2633700PE,MCXBULLDEX,28OCT2026,3370000.000000,30,OPTIDX,MCX,5.000000,900,False
581675,MCXBULLDEX28OCT2634400PE,MCXBULLDEX,28OCT2026,3440000.000000,30,OPTIDX,MCX,5.000000,900,False
559197,SILVERM23NOV26266000PE,SILVERM,23NOV2026,26600000.000000,5,OPTFUT,MCX,50.000000,600,False
559209,SILVERM23NOV26254000PE,SILVERM,23NOV2026,25400000.000000,5,OPTFUT,MCX,50.000000,600,False
559212,SILVERM23NOV26251000PE,SILVERM,23NOV2026,25100000.000000,5,OPTFUT,MCX,50.000000,600,False
559229,SILVERM23NOV26296000PE,SILVERM,23NOV2026,29600000.000000,5,OPTFUT,MCX,50.000000,600,False
581687,MCXBULLDEX28OCT2635600PE,MCXBULLDEX,28OCT2026,3560000.000000,30,OPTIDX,MCX,5.000000,900,False
581692,MCXBULLDEX28OCT2636100PE,MCXBULLDEX,28OCT2026,3610000.000000,30,OPTIDX,MCX,5.000000,900,False
581694,MCXBULLDEX28OCT2636300PE,MCXBULLDEX,28OCT2026,3630000.000000,30,OPTIDX,MCX,5.000000,900,False
581697,MCXBULLDEX28OCT2636600CE,MCXBULLDEX,28OCT2026,3660000.000000,30,OPTIDX,MCX,5.000000,900,False
581716,LEADMINI31DEC26FUT,LEADMINI,31DEC2026,0.000000,1,FUTCOM,MCX,5.000000,100,False
581722,STEELREBAR31DEC26FUT,STEELREBAR,31DEC2026,0.000000,5,FUTCOM,MCX,1000.000000,200,False
581723,ELECDMBL27NOV26FUT,ELECDMBL,27NOV2026,0.000000,50,FUTCOM,MCX,100.000000,500,False
581730,COPPER23NOV261290CE,COPPER,23NOV2026,129000.000000,2500,OPTFUT,MCX,1.000000,70000,False
559254,SILVERM23NOV26321000PE,SILVERM,23NOV2026,32100000.000000,5,OPTFUT,MCX,50.000000,600,False
559282,GOLD25SEP26189000CE,GOLD,25SEP2026,18900000.000000,1,OPTFUT,MCX,50.000000,100,False
559286,GOLD25SEP26191000CE,GOLD,25SEP2026,19100000.000000,1,OPTFUT,MCX,50.000000,100,False
559288,GOLD25SEP26192000CE,GOLD,25SEP2026,19200000.000000,1,OPTFUT,MCX,50.000000,100,False
581732,COPPER23NOV261270CE,COPPER,23NOV2026,127000.000000,2500,OPTFUT,MCX,1.000000,70000,False
581740,COPPER23NOV261380CE,COPPER,23NOV2026,138000.000000,2500,OPTFUT,MCX,1.000000,70000,False
581747,COPPER23NOV261450CE,COPPER,23NOV2026,145000.000000,2500,OPTFUT,MCX,1.000000,70000,False
581753,COPPER23NOV261510CE,COPPER,23NOV2026,151000.000000,2500,OPTFUT,MCX,1.000000,70000,False
559293,GOLD30OCT26193500CE,GOLD,30OCT2026,19350000.000000,1,OPTFUT,MCX,50.000000,100,False
559296,GOLD27NOV26191500CE,GOLD,27NOV2026,19150000.000000,1,OPTFUT,MCX,50.000000,100,False
559327,GOLD25SEP26190500PE,GOLD,25SEP2026,19050000.000000,1,OPTFUT,MCX,50.000000,100,False
559329,GOLD25SEP26191500PE,GOLD,25SEP2026,19150000.000000,1,OPTFUT,MCX,50.000000,100,False
581763,COPPER23NOV261260PE,COPPER,23NOV2026,126000.000000,2500,OPTFUT,MCX,1.000000,70000,False
581775,COPPER23NOV261430PE,COPPER,23NOV2026,143000.000000,2500,OPTFUT,MCX,1.000000,70000,False
581780,COPPER23NOV261480PE,COPPER,23NOV2026,148000.000000,2500,OPTFUT,MCX,1.000000,70000,False
581787,ZINC23NOV26365CE,ZINC,23NOV2026,36500.000000,5,OPTFUT,MCX,1.000000,100,False
559337,GOLD30OCT26194500PE,GOLD,30OCT2026,19450000.000000,1,OPTFUT,MCX,50.000000,100,False
559461,SILVER24SEP26329000CE,SILVER,24SEP2026,32900000.000000,30,OPTFUT,MCX,50.000000,600,False
559463,SILVER24SEP26331000CE,SILVER,24SEP2026,33100000.000000,30,OPTFUT,MCX,50.000000,600,False
559481,SILVER27OCT26335000CE,SILVER,27OCT2026,33500000.000000,30,OPTFUT,MCX,50.000000,600,False
581795,ZINC23NOV26325CE,ZINC,23NOV2026,32500.000000,5,OPTFUT,MCX,1.000000,100,False
581798,ZINC23NOV26380CE,ZINC,23NOV2026,38000.000000,5,OPTFUT,MCX,1.000000,100,False
581805,ZINC23NOV26415CE,ZINC,23NOV2026,41500.000000,5,OPTFUT,MCX,1.000000,100,False
581820,ZINC23NOV26375PE,ZINC,23NOV2026,37500.000000,5,OPTFUT,MCX,1.000000,100,False
559495,SILVER27NOV26335000CE,SILVER,27NOV2026,33500000.000000,30,OPTFUT,MCX,50.000000,600,False
559544,SILVER24SEP26329000PE,SILVER,24SEP2026,32900000.000000,30,OPTFUT,MCX,50.000000,600,False
559546,SILVER24SEP26331000PE,SILVER,24SEP2026,33100000.000000,30,OPTFUT,MCX,50.000000,600,False
559548,SILVER24SEP26333000PE,SILVER,24SEP2026,33300000.000000,30,OPTFUT,MCX,50.000000,600,False
581834,MCXBULLDEX28OCT2629200CE,MCXBULLDEX,28OCT2026,2920000.000000,30,OPTIDX,MCX,5.000000,900,False
581838,COPPER23NOV261530PE,COPPER,23NOV2026,153000.000000,2500,OPTFUT,MCX,1.000000,70000,False
581850,CRUDEOIL15OCT263300PE,CRUDEOIL,15OCT2026,330000.000000,100,OPTFUT,MCX,10.000000,10000,False
581851,CRUDEOIL15OCT263250PE,CRUDEOIL,15OCT2026,325000.000000,100,OPTFUT,MCX,10.000000,10000,False
559551,SILVER24SEP26336000PE,SILVER,24SEP2026,33600000.000000,30,OPTFUT,MCX,50.000000,600,False
559553,SILVER27OCT26324000PE,SILVER,27OCT2026,32400000.000000,30,OPTFUT,MCX,50.000000,600,False
559563,SILVER27OCT26334000PE,SILVER,27OCT2026,33400000.000000,30,OPTFUT,MCX,50.000000,600,False
559570,SILVER27NOV26327000PE,SILVER,27NOV2026,32700000.000000,30,OPTFUT,MCX,50.000000,600,False
581871,CRUDEOILM15OCT263350PE,CRUDEOILM,15OCT2026,335000.000000,10,OPTFUT,MCX,5.000000,10000,False
581872,CRUDEOILM15OCT263300PE,CRUDEOILM,15OCT2026,330000.000000,10,OPTFUT,MCX,5.000000,10000,False
581880,GOLDM05FEB27FUT,GOLDM,05FEB2027,0.000000,100,FUTCOM,MCX,100.000000,10000,False
581886,CRUDEOIL15OCT263200PE,CRUDEOIL,15OCT2026,320000.000000,100,OPTFUT,MCX,10.000000,10000,False
559622,SILVERM24SEP26328000CE,SILVERM,24SEP2026,32800000.000000,5,OPTFUT,MCX,50.000000,600,False
559630,SILVERM24SEP26336000CE,SILVERM,24SEP2026,33600000.000000,5,OPTFUT,MCX,50.000000,600,False
559648,SILVERM23NOV26330000CE,SILVERM,23NOV2026,33000000.000000,5,OPTFUT,MCX,50.000000,600,False
559649,SILVERM23NOV26331000CE,SILVERM,23NOV2026,33100000.000000,5,OPTFUT,MCX,50.000000,600,False
581897,GOLDM29OCT26143500CE,GOLDM,29OCT2026,14350000.000000,100,OPTFUT,MCX,50.000000,10000,False
581908,GOLDM29OCT26138000CE,GOLDM,29OCT2026,13800000.000000,100,OPTFUT,MCX,50.000000,10000,False
581917,GOLDM29OCT26133500CE,GOLDM,29OCT2026,13350000.000000,100,OPTFUT,MCX,50.000000,10000,False
581919,GOLDM29OCT26132500CE,GOLDM,29OCT2026,13250000.000000,100,OPTFUT,MCX,50.000000,10000,False
559653,SILVERM23NOV26335000CE,SILVERM,23NOV2026,33500000.000000,5,OPTFUT,MCX,50.000000,600,False
559703,SILVERM24SEP26334000PE,SILVERM,24SEP2026,33400000.000000,5,OPTFUT,MCX,50.000000,600,False
559824,SILVERM27OCT26338000CE,SILVERM,27OCT2026,33800000.000000,5,OPTFUT,MCX,50.000000,600,False
559828,SILVERM23NOV26339000CE,SILVERM,23NOV2026,33900000.000000,5,OPTFUT,MCX,50.000000,600,False
581929,GOLDM29OCT26127500CE,GOLDM,29OCT2026,12750000.000000,100,OPTFUT,MCX,50.000000,10000,False
581933,GOLDM29OCT26125500CE,GOLDM,29OCT2026,12550000.000000,100,OPTFUT,MCX,50.000000,10000,False
581937,GOLDM29OCT26149000CE,GOLDM,29OCT2026,14900000.000000,100,OPTFUT,MCX,50.000000,10000,False
581941,GOLDM29OCT26151500CE,GOLDM,29OCT2026,15150000.000000,100,OPTFUT,MCX,50.000000,10000,False
559836,SILVERM23NOV26338000PE,SILVERM,23NOV2026,33800000.000000,5,OPTFUT,MCX,50.000000,600,False
559862,SILVER24SEP26241000CE,SILVER,24SEP2026,24100000.000000,30,OPTFUT,MCX,50.000000,600,False
559872,SILVER27NOV26241000CE,SILVER,27NOV2026,24100000.000000,30,OPTFUT,MCX,50.000000,600,False
559873,SILVER27NOV26240000CE,SILVER,27NOV2026,24000000.000000,30,OPTFUT,MCX,50.000000,600,False
559901,SILVER27OCT26238000PE,SILVER,27OCT2026,23800000.000000,30,OPTFUT,MCX,50.000000,600,False
559937,GOLD29JAN27169000PE,GOLD,29JAN2027,16900000.000000,1,OPTFUT,MCX,50.000000,100,False
559960,GOLD31DEC26164000CE,GOLD,31DEC2026,16400000.000000,1,OPTFUT,MCX,50.000000,100,False
559964,GOLD31DEC26162000CE,GOLD,31DEC2026,16200000.000000,1,OPTFUT,MCX,50.000000,100,False
581944,GOLDM29OCT26153000CE,GOLDM,29OCT2026,15300000.000000,100,OPTFUT,MCX,50.000000,10000,False
581963,GOLDM29OCT26162500CE,GOLDM,29OCT2026,16250000.000000,100,OPTFUT,MCX,50.000000,10000,False
581969,GOLDM29OCT26165500CE,GOLDM,29OCT2026,16550000.000000,100,OPTFUT,MCX,50.000000,10000,False
581976,GOLDM29OCT26169000CE,GOLDM,29OCT2026,16900000.000000,100,OPTFUT,MCX,50.000000,10000,False
559965,GOLD31DEC26161500CE,GOLD,31DEC2026,16150000.000000,1,OPTFUT,MCX,50.000000,100,False
559979,GOLD31DEC26154500CE,GOLD,31DEC2026,15450000.000000,1,OPTFUT,MCX,50.000000,100,False
559989,GOLD31DEC26149500CE,GOLD,31DEC2026,14950000.000000,1,OPTFUT,MCX,50.000000,100,False
559992,GOLD31DEC26148000CE,GOLD,31DEC2026,14800000.000000,1,OPTFUT,MCX,50.000000,100,False
581979,GOLDM29OCT26170500CE,GOLDM,29OCT2026,17050000.000000,100,OPTFUT,MCX,50.000000,10000,False
581980,GOLDM29OCT26171000CE,GOLDM,29OCT2026,17100000.000000,100,OPTFUT,MCX,50.000000,10000,False
582008,GOLDM29OCT26138000PE,GOLDM,29OCT2026,13800000.000000,100,OPTFUT,MCX,50.000000,10000,False
582010,GOLDM29OCT26137000PE,GOLDM,29OCT2026,13700000.000000,100,OPTFUT,MCX,50.000000,10000,False
560,SRBDKNDCOM,SRBDKND,,0.000000,10,COMDTY,MCX,10.000000,99999999,False
559998,GOLD31DEC26145000CE,GOLD,31DEC2026,14500000.000000,1,OPTFUT,MCX,50.000000,100,False
559999,GOLD31DEC26144500CE,GOLD,31DEC2026,14450000.000000,1,OPTFUT,MCX,50.000000,100,False
560014,GOLD31DEC26176000CE,GOLD,31DEC2026,17600000.000000,1,OPTFUT,MCX,50.000000,100,False
582011,GOLDM29OCT26136500PE,GOLDM,29OCT2026,13650000.000000,100,OPTFUT,MCX,50.000000,10000,False
582012,GOLDM29OCT26136000PE,GOLDM,29OCT2026,13600000.000000,100,OPTFUT,MCX,50.000000,10000,False
582013,GOLDM29OCT26135500PE,GOLDM,29OCT2026,13550000.000000,100,OPTFUT,MCX,50.000000,10000,False
582018,GOLDM29OCT26133000PE,GOLDM,29OCT2026,13300000.000000,100,OPTFUT,MCX,50.000000,10000,False
582035,GOLDM29OCT26124500PE,GOLDM,29OCT2026,12450000.000000,100,OPTFUT,MCX,50.000000,10000,False
582053,GOLDM29OCT26157500PE,GOLDM,29OCT2026,15750000.000000,100,OPTFUT,MCX,50.000000,10000,False
582063,GOLDM29OCT26162500PE,GOLDM,29OCT2026,16250000.000000,100,OPTFUT,MCX,50.000000,10000,False
582074,GOLDM29OCT26168000PE,GOLDM,29OCT2026,16800000.000000,100,OPTFUT,MCX,50.000000,10000,False
560018,GOLD31DEC26178000CE,GOLD,31DEC2026,17800000.000000,1,OPTFUT,MCX,50.000000,100,False
560031,GOLD31DEC26184500CE,GOLD,31DEC2026,18450000.000000,1,OPTFUT,MCX,50.000000,100,False
560042,GOLD31DEC26190000CE,GOLD,31DEC2026,19000000.000000,1,OPTFUT,MCX,50.000000,100,False
560053,GOLD29JAN27167500CE,GOLD,29JAN2027,16750000.000000,1,OPTFUT,MCX,50.000000,100,False
582077,GOLDM29OCT26169500PE,GOLDM,29OCT2026,16950000.000000,100,OPTFUT,MCX,50.000000,10000,False
582080,GOLDM29OCT26171000PE,GOLDM,29OCT2026,17100000.000000,100,OPTFUT,MCX,50.000000,10000,False
582103,MCXBULLDEX28OCT2637500CE,MCXBULLDEX,28OCT2026,3750000.000000,30,OPTIDX,MCX,5.000000,900,False
582089,SILVER26MAY27281000PE,SILVER,26MAY2027,28100000.000000,30,OPTFUT,MCX,50.000000,600,False
560070,GOLD29JAN27159000CE,GOLD,29JAN2027,15900000.000000,1,OPTFUT,MCX,50.000000,100,False
560079,GOLD29JAN27154500CE,GOLD,29JAN2027,15450000.000000,1,OPTFUT,MCX,50.000000,100,False
560093,GOLD29JAN27147500CE,GOLD,29JAN2027,14750000.000000,1,OPTFUT,MCX,50.000000,100,False
560098,GOLD29JAN27145000CE,GOLD,29JAN2027,14500000.000000,1,OPTFUT,MCX,50.000000,100,False
560108,GOLD29JAN27173000CE,GOLD,29JAN2027,17300000.000000,1,OPTFUT,MCX,50.000000,100,False
560118,GOLD29JAN27178000CE,GOLD,29JAN2027,17800000.000000,1,OPTFUT,MCX,50.000000,100,False
560133,GOLD29JAN27185500CE,GOLD,29JAN2027,18550000.000000,1,OPTFUT,MCX,50.000000,100,False
560175,GOLD31DEC26156500PE,GOLD,31DEC2026,15650000.000000,1,OPTFUT,MCX,50.000000,100,False
582109,MCXBULLDEX28OCT2637200PE,MCXBULLDEX,28OCT2026,3720000.000000,30,OPTIDX,MCX,5.000000,900,False
582115,GOLDM29OCT26174500CE,GOLDM,29OCT2026,17450000.000000,100,OPTFUT,MCX,50.000000,10000,False
582121,SILVERM26MAY27288000CE,SILVERM,26MAY2027,28800000.000000,5,OPTFUT,MCX,50.000000,600,False
582153,GOLDM29OCT26177000PE,GOLDM,29OCT2026,17700000.000000,100,OPTFUT,MCX,50.000000,10000,False
582154,GOLDM29OCT26177500PE,GOLDM,29OCT2026,17750000.000000,100,OPTFUT,MCX,50.000000,10000,False
582172,SILVER26MAY27285000PE,SILVER,26MAY2027,28500000.000000,30,OPTFUT,MCX,50.000000,600,False
582179,SILVER28JUN27285000PE,SILVER,28JUN2027,28500000.000000,30,OPTFUT,MCX,50.000000,600,False
582192,MCXBULLDEX25SEP2638200CE,MCXBULLDEX,25SEP2026,3820000.000000,30,OPTIDX,MCX,5.000000,900,False
560206,GOLD31DEC26172000PE,GOLD,31DEC2026,17200000.000000,1,OPTFUT,MCX,50.000000,100,False
560208,GOLD31DEC26173000PE,GOLD,31DEC2026,17300000.000000,1,OPTFUT,MCX,50.000000,100,False
560211,GOLD31DEC26174500PE,GOLD,31DEC2026,17450000.000000,1,OPTFUT,MCX,50.000000,100,False
560222,GOLD31DEC26180000PE,GOLD,31DEC2026,18000000.000000,1,OPTFUT,MCX,50.000000,100,False
560228,GOLD31DEC26183000PE,GOLD,31DEC2026,18300000.000000,1,OPTFUT,MCX,50.000000,100,False
560278,GOLD29JAN27155000PE,GOLD,29JAN2027,15500000.000000,1,OPTFUT,MCX,50.000000,100,False
560279,GOLD29JAN27154500PE,GOLD,29JAN2027,15450000.000000,1,OPTFUT,MCX,50.000000,100,False
560292,GOLD29JAN27148000PE,GOLD,29JAN2027,14800000.000000,1,OPTFUT,MCX,50.000000,100,False
582195,MCXBULLDEX28OCT2637700CE,MCXBULLDEX,28OCT2026,3770000.000000,30,OPTIDX,MCX,5.000000,900,False
582203,MCXBULLDEX25SEP2638200PE,MCXBULLDEX,25SEP2026,3820000.000000,30,OPTIDX,MCX,5.000000,900,False
582211,MCXBULLDEX28OCT2638200PE,MCXBULLDEX,28OCT2026,3820000.000000,30,OPTIDX,MCX,5.000000,900,False
582249,SILVER26MAY27289000PE,SILVER,26MAY2027,28900000.000000,30,OPTFUT,MCX,50.000000,600,False
582255,SILVER28JUN27289000PE,SILVER,28JUN2027,28900000.000000,30,OPTFUT,MCX,50.000000,600,False
582257,SILVER28JUN27291000PE,SILVER,28JUN2027,29100000.000000,30,OPTFUT,MCX,50.000000,600,False
582259,SILVER28JUN27293000PE,SILVER,28JUN2027,29300000.000000,30,OPTFUT,MCX,50.000000,600,False
582265,SILVERM26MAY27296000CE,SILVERM,26MAY2027,29600000.000000,5,OPTFUT,MCX,50.000000,600,False
560293,GOLD29JAN27147500PE,GOLD,29JAN2027,14750000.000000,1,OPTFUT,MCX,50.000000,100,False
560303,GOLD29JAN27170500PE,GOLD,29JAN2027,17050000.000000,1,OPTFUT,MCX,50.000000,100,False
560306,GOLD29JAN27172000PE,GOLD,29JAN2027,17200000.000000,1,OPTFUT,MCX,50.000000,100,False
560340,GOLD29JAN27189000PE,GOLD,29JAN2027,18900000.000000,1,OPTFUT,MCX,50.000000,100,False
582267,SILVERM26MAY27298000CE,SILVERM,26MAY2027,29800000.000000,5,OPTFUT,MCX,50.000000,600,False
582280,SILVERM26MAY27297000PE,SILVERM,26MAY2027,29700000.000000,5,OPTFUT,MCX,50.000000,600,False
582281,SILVERM26MAY27298000PE,SILVERM,26MAY2027,29800000.000000,5,OPTFUT,MCX,50.000000,600,False
582292,MCXBULLDEX25SEP2638700CE,MCXBULLDEX,25SEP2026,3870000.000000,30,OPTIDX,MCX,5.000000,900,False
560343,GOLD29JAN27190500PE,GOLD,29JAN2027,19050000.000000,1,OPTFUT,MCX,50.000000,100,False
560346,GOLD29JAN27192000PE,GOLD,29JAN2027,19200000.000000,1,OPTFUT,MCX,50.000000,100,False
560348,GOLD29JAN27193000PE,GOLD,29JAN2027,19300000.000000,1,OPTFUT,MCX,50.000000,100,False
560373,SILVERM27OCT26242000CE,SILVERM,27OCT2026,24200000.000000,5,OPTFUT,MCX,50.000000,600,False
582298,MCXBULLDEX25SEP2638500PE,MCXBULLDEX,25SEP2026,3850000.000000,30,OPTIDX,MCX,5.000000,900,False
582305,GOLDM25SEP26178500CE,GOLDM,25SEP2026,17850000.000000,100,OPTFUT,MCX,50.000000,10000,False
582309,SILVERM26MAY27299000CE,SILVERM,26MAY2027,29900000.000000,5,OPTFUT,MCX,50.000000,600,False
582318,GOLDM25SEP26179500CE,GOLDM,25SEP2026,17950000.000000,100,OPTFUT,MCX,50.000000,10000,False
560376,SILVERM23NOV26243000CE,SILVERM,23NOV2026,24300000.000000,5,OPTFUT,MCX,50.000000,600,False
560397,SILVERM24SEP26242000PE,SILVERM,24SEP2026,24200000.000000,5,OPTFUT,MCX,50.000000,600,False
560400,SILVERM27OCT26243000PE,SILVERM,27OCT2026,24300000.000000,5,OPTFUT,MCX,50.000000,600,False
560421,GOLD31DEC26194500CE,GOLD,31DEC2026,19450000.000000,1,OPTFUT,MCX,50.000000,100,False
582335,SILVER28JUN27296000CE,SILVER,28JUN2027,29600000.000000,30,OPTFUT,MCX,50.000000,600,False
582336,SILVER28JUN27297000CE,SILVER,28JUN2027,29700000.000000,30,OPTFUT,MCX,50.000000,600,False
582339,SILVER26MAY27297000PE,SILVER,26MAY2027,29700000.000000,30,OPTFUT,MCX,50.000000,600,False
582341,SILVER28JUN27296000PE,SILVER,28JUN2027,29600000.000000,30,OPTFUT,MCX,50.000000,600,False
582342,SILVER28JUN27297000PE,SILVER,28JUN2027,29700000.000000,30,OPTFUT,MCX,50.000000,600,False
582345,SILVERM23JUN27301000CE,SILVERM,23JUN2027,30100000.000000,5,OPTFUT,MCX,50.000000,600,False
582347,SILVERM26MAY27301000PE,SILVERM,26MAY2027,30100000.000000,5,OPTFUT,MCX,50.000000,600,False
582348,SILVERM26MAY27302000PE,SILVERM,26MAY2027,30200000.000000,5,OPTFUT,MCX,50.000000,600,False
560423,GOLD31DEC26195500CE,GOLD,31DEC2026,19550000.000000,1,OPTFUT,MCX,50.000000,100,False
560466,SILVER24SEP26236000CE,SILVER,24SEP2026,23600000.000000,30,OPTFUT,MCX,50.000000,600,False
560541,SILVERM27OCT26239000CE,SILVERM,27OCT2026,23900000.000000,5,OPTFUT,MCX,50.000000,600,False
560543,SILVERM27OCT26237000CE,SILVERM,27OCT2026,23700000.000000,5,OPTFUT,MCX,50.000000,600,False
582362,MCXBULLDEX28OCT2638800PE,MCXBULLDEX,28OCT2026,3880000.000000,30,OPTIDX,MCX,5.000000,900,False
582370,MCXMETLDEX23NOV26FUT,MCXMETLDEX,23NOV2026,0.000000,40,FUTIDX,MCX,100.000000,3200,False
582373,GOLD30JUN27159000CE,GOLD,30JUN2027,15900000.000000,1,OPTFUT,MCX,50.000000,100,False
582374,GOLD30JUN27158500CE,GOLD,30JUN2027,15850000.000000,1,OPTFUT,MCX,50.000000,100,False
560590,SILVERM23NOV26237000PE,SILVERM,23NOV2026,23700000.000000,5,OPTFUT,MCX,50.000000,600,False
560659,GOLD27NOV26139500CE,GOLD,27NOV2026,13950000.000000,1,OPTFUT,MCX,50.000000,100,False
560661,GOLD31DEC26143500CE,GOLD,31DEC2026,14350000.000000,1,OPTFUT,MCX,50.000000,100,False
560678,GOLD25SEP26137000PE,GOLD,25SEP2026,13700000.000000,1,OPTFUT,MCX,50.000000,100,False
560749,SILVER27OCT26224000CE,SILVER,27OCT2026,22400000.000000,30,OPTFUT,MCX,50.000000,600,False
560751,SILVER27OCT26222000CE,SILVER,27OCT2026,22200000.000000,30,OPTFUT,MCX,50.000000,600,False
560800,SILVER24SEP26226000PE,SILVER,24SEP2026,22600000.000000,30,OPTFUT,MCX,50.000000,600,False
560804,SILVER24SEP26222000PE,SILVER,24SEP2026,22200000.000000,30,OPTFUT,MCX,50.000000,600,False
582380,GOLD30JUN27155500CE,GOLD,30JUN2027,15550000.000000,1,OPTFUT,MCX,50.000000,100,False
582403,GOLD30JUN27144000CE,GOLD,30JUN2027,14400000.000000,1,OPTFUT,MCX,50.000000,100,False
582408,GOLD30JUN27141500CE,GOLD,30JUN2027,14150000.000000,1,OPTFUT,MCX,50.000000,100,False
582411,GOLD30JUN27140000CE,GOLD,30JUN2027,14000000.000000,1,OPTFUT,MCX,50.000000,100,False
582416,GOLD30JUN27137500CE,GOLD,30JUN2027,13750000.000000,1,OPTFUT,MCX,50.000000,100,False
582420,GOLD30JUN27135500CE,GOLD,30JUN2027,13550000.000000,1,OPTFUT,MCX,50.000000,100,False
582421,GOLD30JUN27161000CE,GOLD,30JUN2027,16100000.000000,1,OPTFUT,MCX,50.000000,100,False
582428,GOLD30JUN27164500CE,GOLD,30JUN2027,16450000.000000,1,OPTFUT,MCX,50.000000,100,False
560805,SILVER24SEP26221000PE,SILVER,24SEP2026,22100000.000000,30,OPTFUT,MCX,50.000000,600,False
560808,SILVER24SEP26218000PE,SILVER,24SEP2026,21800000.000000,30,OPTFUT,MCX,50.000000,600,False
560809,SILVER27OCT26231000PE,SILVER,27OCT2026,23100000.000000,30,OPTFUT,MCX,50.000000,600,False
560811,SILVER27OCT26229000PE,SILVER,27OCT2026,22900000.000000,30,OPTFUT,MCX,50.000000,600,False
560818,SILVER27OCT26222000PE,SILVER,27OCT2026,22200000.000000,30,OPTFUT,MCX,50.000000,600,False
560835,SILVER27NOV26219000PE,SILVER,27NOV2026,21900000.000000,30,OPTFUT,MCX,50.000000,600,False
560876,SILVERM24SEP26232000CE,SILVERM,24SEP2026,23200000.000000,5,OPTFUT,MCX,50.000000,600,False
560948,SILVERM27OCT26231000PE,SILVERM,27OCT2026,23100000.000000,5,OPTFUT,MCX,50.000000,600,False
582432,GOLD30JUN27166500CE,GOLD,30JUN2027,16650000.000000,1,OPTFUT,MCX,50.000000,100,False
582439,GOLD30JUN27170000CE,GOLD,30JUN2027,17000000.000000,1,OPTFUT,MCX,50.000000,100,False
582440,GOLD30JUN27170500CE,GOLD,30JUN2027,17050000.000000,1,OPTFUT,MCX,50.000000,100,False
582456,GOLD30JUN27178500CE,GOLD,30JUN2027,17850000.000000,1,OPTFUT,MCX,50.000000,100,False
582462,GOLD30JUN27181500CE,GOLD,30JUN2027,18150000.000000,1,OPTFUT,MCX,50.000000,100,False
582463,GOLD30JUN27182000CE,GOLD,30JUN2027,18200000.000000,1,OPTFUT,MCX,50.000000,100,False
582486,GOLD29JUL27152500CE,GOLD,29JUL2027,15250000.000000,1,OPTFUT,MCX,50.000000,100,False
582504,GOLD29JUL27143500CE,GOLD,29JUL2027,14350000.000000,1,OPTFUT,MCX,50.000000,100,False
560949,SILVERM27OCT26230000PE,SILVERM,27OCT2026,23000000.000000,5,OPTFUT,MCX,50.000000,600,False
560954,SILVERM27OCT26225000PE,SILVERM,27OCT2026,22500000.000000,5,OPTFUT,MCX,50.000000,600,False
560961,SILVERM23NOV26226000PE,SILVERM,23NOV2026,22600000.000000,5,OPTFUT,MCX,50.000000,600,False
561207,GOLD29JAN27196500PE,GOLD,29JAN2027,19650000.000000,1,OPTFUT,MCX,50.000000,100,False
561242,GOLD27NOV26195500CE,GOLD,27NOV2026,19550000.000000,1,OPTFUT,MCX,50.000000,100,False
561247,GOLD27NOV26198000CE,GOLD,27NOV2026,19800000.000000,1,OPTFUT,MCX,50.000000,100,False
561258,GOLD31DEC26202000CE,GOLD,31DEC2026,20200000.000000,1,OPTFUT,MCX,50.000000,100,False
561261,GOLD29JAN27199000CE,GOLD,29JAN2027,19900000.000000,1,OPTFUT,MCX,50.000000,100,False
582524,GOLD29JUL27162500CE,GOLD,29JUL2027,16250000.000000,1,OPTFUT,MCX,50.000000,100,False
582537,GOLD29JUL27169000CE,GOLD,29JUL2027,16900000.000000,1,OPTFUT,MCX,50.000000,100,False
582542,GOLD29JUL27171500CE,GOLD,29JUL2027,17150000.000000,1,OPTFUT,MCX,50.000000,100,False
582544,GOLD29JUL27172500CE,GOLD,29JUL2027,17250000.000000,1,OPTFUT,MCX,50.000000,100,False
561293,GOLD30OCT26197000PE,GOLD,30OCT2026,19700000.000000,1,OPTFUT,MCX,50.000000,100,False
561302,GOLD27NOV26197500PE,GOLD,27NOV2026,19750000.000000,1,OPTFUT,MCX,50.000000,100,False
561309,GOLD31DEC26199500PE,GOLD,31DEC2026,19950000.000000,1,OPTFUT,MCX,50.000000,100,False
561363,SILVER24SEP26339000CE,SILVER,24SEP2026,33900000.000000,30,OPTFUT,MCX,50.000000,600,False
582559,GOLD29JUL27180000CE,GOLD,29JUL2027,18000000.000000,1,OPTFUT,MCX,50.000000,100,False
582575,GOLD30JUN27158000PE,GOLD,30JUN2027,15800000.000000,1,OPTFUT,MCX,50.000000,100,False
582581,GOLD30JUN27155000PE,GOLD,30JUN2027,15500000.000000,1,OPTFUT,MCX,50.000000,100,False
582587,GOLD30JUN27152000PE,GOLD,30JUN2027,15200000.000000,1,OPTFUT,MCX,50.000000,100,False
561367,SILVER24SEP26343000CE,SILVER,24SEP2026,34300000.000000,30,OPTFUT,MCX,50.000000,600,False
561370,SILVER24SEP26346000CE,SILVER,24SEP2026,34600000.000000,30,OPTFUT,MCX,50.000000,600,False
561383,SILVER27OCT26347000CE,SILVER,27OCT2026,34700000.000000,30,OPTFUT,MCX,50.000000,600,False
561388,SILVER27NOV26340000CE,SILVER,27NOV2026,34000000.000000,30,OPTFUT,MCX,50.000000,600,False
582588,GOLD30JUN27151500PE,GOLD,30JUN2027,15150000.000000,1,OPTFUT,MCX,50.000000,100,False
582593,GOLD30JUN27149000PE,GOLD,30JUN2027,14900000.000000,1,OPTFUT,MCX,50.000000,100,False
582595,GOLD30JUN27148000PE,GOLD,30JUN2027,14800000.000000,1,OPTFUT,MCX,50.000000,100,False
582605,GOLD30JUN27143000PE,GOLD,30JUN2027,14300000.000000,1,OPTFUT,MCX,50.000000,100,False
582609,GOLD30JUN27141000PE,GOLD,30JUN2027,14100000.000000,1,OPTFUT,MCX,50.000000,100,False
582614,GOLD30JUN27138500PE,GOLD,30JUN2027,13850000.000000,1,OPTFUT,MCX,50.000000,100,False
582633,GOLD30JUN27167000PE,GOLD,30JUN2027,16700000.000000,1,OPTFUT,MCX,50.000000,100,False
582639,GOLD30JUN27170000PE,GOLD,30JUN2027,17000000.000000,1,OPTFUT,MCX,50.000000,100,False
561390,SILVER27NOV26342000CE,SILVER,27NOV2026,34200000.000000,30,OPTFUT,MCX,50.000000,600,False
561428,SILVER24SEP26342000PE,SILVER,24SEP2026,34200000.000000,30,OPTFUT,MCX,50.000000,600,False
561444,SILVER27OCT26346000PE,SILVER,27OCT2026,34600000.000000,30,OPTFUT,MCX,50.000000,600,False
561445,SILVER27OCT26347000PE,SILVER,27OCT2026,34700000.000000,30,OPTFUT,MCX,50.000000,600,False
582642,GOLD30JUN27171500PE,GOLD,30JUN2027,17150000.000000,1,OPTFUT,MCX,50.000000,100,False
582649,GOLD30JUN27175000PE,GOLD,30JUN2027,17500000.000000,1,OPTFUT,MCX,50.000000,100,False
582650,GOLD30JUN27175500PE,GOLD,30JUN2027,17550000.000000,1,OPTFUT,MCX,50.000000,100,False
582659,GOLD30JUN27180000PE,GOLD,30JUN2027,18000000.000000,1,OPTFUT,MCX,50.000000,100,False
561476,SILVERM23NOV26342000CE,SILVERM,23NOV2026,34200000.000000,5,OPTFUT,MCX,50.000000,600,False
561494,SILVERM23NOV26342000PE,SILVERM,23NOV2026,34200000.000000,5,OPTFUT,MCX,50.000000,600,False
561513,GOLD30OCT26200000CE,GOLD,30OCT2026,20000000.000000,1,OPTFUT,MCX,50.000000,100,False
561533,GOLD30OCT26200000PE,GOLD,30OCT2026,20000000.000000,1,OPTFUT,MCX,50.000000,100,False
582677,GOLD29JUL27157000PE,GOLD,29JUL2027,15700000.000000,1,OPTFUT,MCX,50.000000,100,False
582681,GOLD29JUL27155000PE,GOLD,29JUL2027,15500000.000000,1,OPTFUT,MCX,50.000000,100,False
582688,GOLD29JUL27151500PE,GOLD,29JUL2027,15150000.000000,1,OPTFUT,MCX,50.000000,100,False
582694,GOLD29JUL27148500PE,GOLD,29JUL2027,14850000.000000,1,OPTFUT,MCX,50.000000,100,False
561536,GOLD31DEC26202500PE,GOLD,31DEC2026,20250000.000000,1,OPTFUT,MCX,50.000000,100,False
561539,GOLD31DEC26204000PE,GOLD,31DEC2026,20400000.000000,1,OPTFUT,MCX,50.000000,100,False
561541,GOLD29JAN27203000PE,GOLD,29JAN2027,20300000.000000,1,OPTFUT,MCX,50.000000,100,False
561542,GOLD29JAN27203500PE,GOLD,29JAN2027,20350000.000000,1,OPTFUT,MCX,50.000000,100,False
582698,GOLD29JUL27146500PE,GOLD,29JUL2027,14650000.000000,1,OPTFUT,MCX,50.000000,100,False
582701,GOLD29JUL27145000PE,GOLD,29JUL2027,14500000.000000,1,OPTFUT,MCX,50.000000,100,False
582715,GOLD29JUL27138000PE,GOLD,29JUL2027,13800000.000000,1,OPTFUT,MCX,50.000000,100,False
582722,GOLD29JUL27161500PE,GOLD,29JUL2027,16150000.000000,1,OPTFUT,MCX,50.000000,100,False
561668,SILVER24SEP26350000CE,SILVER,24SEP2026,35000000.000000,30,OPTFUT,MCX,50.000000,600,False
561982,SILVER27OCT26353000PE,SILVER,27OCT2026,35300000.000000,30,OPTFUT,MCX,50.000000,600,False
561996,SILVERM27OCT26344000CE,SILVERM,27OCT2026,34400000.000000,5,OPTFUT,MCX,50.000000,600,False
562000,SILVERM23NOV26345000CE,SILVERM,23NOV2026,34500000.000000,5,OPTFUT,MCX,50.000000,600,False
582729,GOLD29JUL27165000PE,GOLD,29JUL2027,16500000.000000,1,OPTFUT,MCX,50.000000,100,False
582733,GOLD29JUL27167000PE,GOLD,29JUL2027,16700000.000000,1,OPTFUT,MCX,50.000000,100,False
582734,GOLD29JUL27167500PE,GOLD,29JUL2027,16750000.000000,1,OPTFUT,MCX,50.000000,100,False
582737,GOLD29JUL27169000PE,GOLD,29JUL2027,16900000.000000,1,OPTFUT,MCX,50.000000,100,False
582739,GOLD29JUL27170000PE,GOLD,29JUL2027,17000000.000000,1,OPTFUT,MCX,50.000000,100,False
582767,GOLD29JUL27184000PE,GOLD,29JUL2027,18400000.000000,1,OPTFUT,MCX,50.000000,100,False
582784,GOLD30JUN27189500CE,GOLD,30JUN2027,18950000.000000,1,OPTFUT,MCX,50.000000,100,False
562001,SILVERM23NOV26346000CE,SILVERM,23NOV2026,34600000.000000,5,OPTFUT,MCX,50.000000,600,False
562018,SILVERM23NOV26345000PE,SILVERM,23NOV2026,34500000.000000,5,OPTFUT,MCX,50.000000,600,False
562019,SILVERM23NOV26346000PE,SILVERM,23NOV2026,34600000.000000,5,OPTFUT,MCX,50.000000,600,False
562138,GOLD27NOV26200500CE,GOLD,27NOV2026,20050000.000000,1,OPTFUT,MCX,50.000000,100,False
582776,ZINC23NOV26430PE,ZINC,23NOV2026,43000.000000,5,OPTFUT,MCX,1.000000,100,False
562151,GOLD29JAN27204500PE,GOLD,29JAN2027,20450000.000000,1,OPTFUT,MCX,50.000000,100,False
562176,SILVERM24SEP26349000CE,SILVERM,24SEP2026,34900000.000000,5,OPTFUT,MCX,50.000000,600,False
562208,SILVERM27OCT26349000PE,SILVERM,27OCT2026,34900000.000000,5,OPTFUT,MCX,50.000000,600,False
562209,SILVERM27OCT26350000PE,SILVERM,27OCT2026,35000000.000000,5,OPTFUT,MCX,50.000000,600,False
582801,GOLD29JUL27186000PE,GOLD,29JUL2027,18600000.000000,1,OPTFUT,MCX,50.000000,100,False
582805,GOLD29JUL27188000PE,GOLD,29JUL2027,18800000.000000,1,OPTFUT,MCX,50.000000,100,False
582828,CRUDEOIL19FEB27FUT,CRUDEOIL,19FEB2027,0.000000,100,FUTCOM,MCX,100.000000,10000,False
582838,CRUDEOIL17NOV267650CE,CRUDEOIL,17NOV2026,765000.000000,100,OPTFUT,MCX,10.000000,10000,False
562211,SILVERM23NOV26347000PE,SILVERM,23NOV2026,34700000.000000,5,OPTFUT,MCX,50.000000,600,False
563390,GOLD25SEP26198000CE,GOLD,25SEP2026,19800000.000000,1,OPTFUT,MCX,50.000000,100,False
563407,GOLD30OCT26205000CE,GOLD,30OCT2026,20500000.000000,1,OPTFUT,MCX,50.000000,100,False
563409,GOLD30OCT26206000CE,GOLD,30OCT2026,20600000.000000,1,OPTFUT,MCX,50.000000,100,False
582839,CRUDEOIL17NOV267600CE,CRUDEOIL,17NOV2026,760000.000000,100,OPTFUT,MCX,10.000000,10000,False
582847,CRUDEOIL17NOV267200CE,CRUDEOIL,17NOV2026,720000.000000,100,OPTFUT,MCX,10.000000,10000,False
582848,CRUDEOIL17NOV267150CE,CRUDEOIL,17NOV2026,715000.000000,100,OPTFUT,MCX,10.000000,10000,False
582866,CRUDEOIL17NOV266250CE,CRUDEOIL,17NOV2026,625000.000000,100,OPTFUT,MCX,10.000000,10000,False
582874,CRUDEOIL17NOV265850CE,CRUDEOIL,17NOV2026,585000.000000,100,OPTFUT,MCX,10.000000,10000,False
582893,CRUDEOIL17NOV264900CE,CRUDEOIL,17NOV2026,490000.000000,100,OPTFUT,MCX,10.000000,10000,False
582896,CRUDEOIL17NOV264750CE,CRUDEOIL,17NOV2026,475000.000000,100,OPTFUT,MCX,10.000000,10000,False
582902,CRUDEOIL17NOV264450CE,CRUDEOIL,17NOV2026,445000.000000,100,OPTFUT,MCX,10.000000,10000,False
563434,GOLD29JAN27205000CE,GOLD,29JAN2027,20500000.000000,1,OPTFUT,MCX,50.000000,100,False
563481,GOLD25SEP26199500PE,GOLD,25SEP2026,19950000.000000,1,OPTFUT,MCX,50.000000,100,False
563482,GOLD25SEP26200000PE,GOLD,25SEP2026,20000000.000000,1,OPTFUT,MCX,50.000000,100,False
563495,GOLD30OCT26205000PE,GOLD,30OCT2026,20500000.000000,1,OPTFUT,MCX,50.000000,100,False
563505,GOLD27NOV26204500PE,GOLD,27NOV2026,20450000.000000,1,OPTFUT,MCX,50.000000,100,False
563506,GOLD27NOV26205000PE,GOLD,27NOV2026,20500000.000000,1,OPTFUT,MCX,50.000000,100,False
563510,GOLD31DEC26205000PE,GOLD,31DEC2026,20500000.000000,1,OPTFUT,MCX,50.000000,100,False
563525,GOLD29JAN27206500PE,GOLD,29JAN2027,20650000.000000,1,OPTFUT,MCX,50.000000,100,False
582903,CRUDEOIL17NOV264400CE,CRUDEOIL,17NOV2026,440000.000000,100,OPTFUT,MCX,10.000000,10000,False
582906,CRUDEOIL17NOV264250CE,CRUDEOIL,17NOV2026,425000.000000,100,OPTFUT,MCX,10.000000,10000,False
582909,CRUDEOIL17NOV267950CE,CRUDEOIL,17NOV2026,795000.000000,100,OPTFUT,MCX,10.000000,10000,False
582910,CRUDEOIL17NOV268000CE,CRUDEOIL,17NOV2026,800000.000000,100,OPTFUT,MCX,10.000000,10000,False
582913,CRUDEOIL17NOV268150CE,CRUDEOIL,17NOV2026,815000.000000,100,OPTFUT,MCX,10.000000,10000,False
582915,CRUDEOIL17NOV268250CE,CRUDEOIL,17NOV2026,825000.000000,100,OPTFUT,MCX,10.000000,10000,False
582943,CRUDEOIL17NOV269650CE,CRUDEOIL,17NOV2026,965000.000000,100,OPTFUT,MCX,10.000000,10000,False
582945,CRUDEOIL17NOV269750CE,CRUDEOIL,17NOV2026,975000.000000,100,OPTFUT,MCX,10.000000,10000,False
564625,SILVER26FEB27292000CE,SILVER,26FEB2027,29200000.000000,30,OPTFUT,MCX,50.000000,600,False
564667,SILVER28DEC26284000CE,SILVER,28DEC2026,28400000.000000,30,OPTFUT,MCX,50.000000,600,False
564677,SILVER28DEC26274000CE,SILVER,28DEC2026,27400000.000000,30,OPTFUT,MCX,50.000000,600,False
564701,SILVER28DEC26294000CE,SILVER,28DEC2026,29400000.000000,30,OPTFUT,MCX,50.000000,600,False
582959,CRUDEOIL17NOV2610450CE,CRUDEOIL,17NOV2026,1045000.000000,100,OPTFUT,MCX,10.000000,10000,False
582962,CRUDEOIL17NOV2610600CE,CRUDEOIL,17NOV2026,1060000.000000,100,OPTFUT,MCX,10.000000,10000,False
582965,CRUDEOIL17NOV2610750CE,CRUDEOIL,17NOV2026,1075000.000000,100,OPTFUT,MCX,10.000000,10000,False
582984,CRUDEOIL17NOV267850PE,CRUDEOIL,17NOV2026,785000.000000,100,OPTFUT,MCX,10.000000,10000,False
564702,SILVER28DEC26295000CE,SILVER,28DEC2026,29500000.000000,30,OPTFUT,MCX,50.000000,600,False
564704,SILVER28DEC26297000CE,SILVER,28DEC2026,29700000.000000,30,OPTFUT,MCX,50.000000,600,False
564727,SILVER28DEC26320000CE,SILVER,28DEC2026,32000000.000000,30,OPTFUT,MCX,50.000000,600,False
564730,SILVER28DEC26323000CE,SILVER,28DEC2026,32300000.000000,30,OPTFUT,MCX,50.000000,600,False
582987,CRUDEOIL17NOV267700PE,CRUDEOIL,17NOV2026,770000.000000,100,OPTFUT,MCX,10.000000,10000,False
582989,CRUDEOIL17NOV267600PE,CRUDEOIL,17NOV2026,760000.000000,100,OPTFUT,MCX,10.000000,10000,False
582992,CRUDEOIL17NOV267450PE,CRUDEOIL,17NOV2026,745000.000000,100,OPTFUT,MCX,10.000000,10000,False
582995,CRUDEOIL17NOV267300PE,CRUDEOIL,17NOV2026,730000.000000,100,OPTFUT,MCX,10.000000,10000,False
564739,SILVER28DEC26332000CE,SILVER,28DEC2026,33200000.000000,30,OPTFUT,MCX,50.000000,600,False
564740,SILVER25JAN27291000CE,SILVER,25JAN2027,29100000.000000,30,OPTFUT,MCX,50.000000,600,False
564743,SILVER25JAN27288000CE,SILVER,25JAN2027,28800000.000000,30,OPTFUT,MCX,50.000000,600,False
564750,SILVER25JAN27281000CE,SILVER,25JAN2027,28100000.000000,30,OPTFUT,MCX,50.000000,600,False
582999,CRUDEOIL17NOV267100PE,CRUDEOIL,17NOV2026,710000.000000,100,OPTFUT,MCX,10.000000,10000,False
583031,CRUDEOIL17NOV265500PE,CRUDEOIL,17NOV2026,550000.000000,100,OPTFUT,MCX,10.000000,10000,False
583032,CRUDEOIL17NOV265450PE,CRUDEOIL,17NOV2026,545000.000000,100,OPTFUT,MCX,10.000000,10000,False
583035,CRUDEOIL17NOV265300PE,CRUDEOIL,17NOV2026,530000.000000,100,OPTFUT,MCX,10.000000,10000,False
564752,SILVER25JAN27279000CE,SILVER,25JAN2027,27900000.000000,30,OPTFUT,MCX,50.000000,600,False
564755,SILVER25JAN27276000CE,SILVER,25JAN2027,27600000.000000,30,OPTFUT,MCX,50.000000,600,False
564759,SILVER25JAN27272000CE,SILVER,25JAN2027,27200000.000000,30,OPTFUT,MCX,50.000000,600,False
564766,SILVER25JAN27265000CE,SILVER,25JAN2027,26500000.000000,30,OPTFUT,MCX,50.000000,600,False
583052,CRUDEOIL17NOV264450PE,CRUDEOIL,17NOV2026,445000.000000,100,OPTFUT,MCX,10.000000,10000,False
583058,CRUDEOIL17NOV264150PE,CRUDEOIL,17NOV2026,415000.000000,100,OPTFUT,MCX,10.000000,10000,False
583065,CRUDEOIL17NOV268250PE,CRUDEOIL,17NOV2026,825000.000000,100,OPTFUT,MCX,10.000000,10000,False
583068,CRUDEOIL17NOV268400PE,CRUDEOIL,17NOV2026,840000.000000,100,OPTFUT,MCX,10.000000,10000,False
564774,SILVER25JAN27257000CE,SILVER,25JAN2027,25700000.000000,30,OPTFUT,MCX,50.000000,600,False
564777,SILVER25JAN27254000CE,SILVER,25JAN2027,25400000.000000,30,OPTFUT,MCX,50.000000,600,False
564784,SILVER25JAN27297000CE,SILVER,25JAN2027,29700000.000000,30,OPTFUT,MCX,50.000000,600,False
564793,SILVER25JAN27306000CE,SILVER,25JAN2027,30600000.000000,30,OPTFUT,MCX,50.000000,600,False
583091,CRUDEOIL17NOV269550PE,CRUDEOIL,17NOV2026,955000.000000,100,OPTFUT,MCX,10.000000,10000,False
583102,CRUDEOIL17NOV2610100PE,CRUDEOIL,17NOV2026,1010000.000000,100,OPTFUT,MCX,10.000000,10000,False
583103,CRUDEOIL17NOV2610150PE,CRUDEOIL,17NOV2026,1015000.000000,100,OPTFUT,MCX,10.000000,10000,False
583126,CRUDEOIL17NOV2611300PE,CRUDEOIL,17NOV2026,1130000.000000,100,OPTFUT,MCX,10.000000,10000,False
564794,SILVER25JAN27307000CE,SILVER,25JAN2027,30700000.000000,30,OPTFUT,MCX,50.000000,600,False
564795,SILVER25JAN27308000CE,SILVER,25JAN2027,30800000.000000,30,OPTFUT,MCX,50.000000,600,False
564800,SILVER25JAN27313000CE,SILVER,25JAN2027,31300000.000000,30,OPTFUT,MCX,50.000000,600,False
564812,SILVER25JAN27325000CE,SILVER,25JAN2027,32500000.000000,30,OPTFUT,MCX,50.000000,600,False
583144,GOLD30JUN27191000PE,GOLD,30JUN2027,19100000.000000,1,OPTFUT,MCX,50.000000,100,False
583145,GOLD30JUN27191500PE,GOLD,30JUN2027,19150000.000000,1,OPTFUT,MCX,50.000000,100,False
583148,GOLD29JUL27191000PE,GOLD,29JUL2027,19100000.000000,1,OPTFUT,MCX,50.000000,100,False
583149,GOLD29JUL27191500PE,GOLD,29JUL2027,19150000.000000,1,OPTFUT,MCX,50.000000,100,False
564817,SILVER25JAN27330000CE,SILVER,25JAN2027,33000000.000000,30,OPTFUT,MCX,50.000000,600,False
564819,SILVER25JAN27332000CE,SILVER,25JAN2027,33200000.000000,30,OPTFUT,MCX,50.000000,600,False
564824,SILVER26FEB27287000CE,SILVER,26FEB2027,28700000.000000,30,OPTFUT,MCX,50.000000,600,False
564827,SILVER26FEB27284000CE,SILVER,26FEB2027,28400000.000000,30,OPTFUT,MCX,50.000000,600,False
583152,GOLDM25SEP26182500CE,GOLDM,25SEP2026,18250000.000000,100,OPTFUT,MCX,50.000000,10000,False
583158,GOLDM25SEP26181500PE,GOLDM,25SEP2026,18150000.000000,100,OPTFUT,MCX,50.000000,10000,False
583161,GOLDM25SEP26183000PE,GOLDM,25SEP2026,18300000.000000,100,OPTFUT,MCX,50.000000,10000,False
583166,SILVER26MAY27298000CE,SILVER,26MAY2027,29800000.000000,30,OPTFUT,MCX,50.000000,600,False
564838,SILVER26FEB27273000CE,SILVER,26FEB2027,27300000.000000,30,OPTFUT,MCX,50.000000,600,False
564863,SILVER26FEB27296000CE,SILVER,26FEB2027,29600000.000000,30,OPTFUT,MCX,50.000000,600,False
564873,SILVER26FEB27306000CE,SILVER,26FEB2027,30600000.000000,30,OPTFUT,MCX,50.000000,600,False
564874,SILVER26FEB27307000CE,SILVER,26FEB2027,30700000.000000,30,OPTFUT,MCX,50.000000,600,False
583176,CRUDEOILM17NOV267550CE,CRUDEOILM,17NOV2026,755000.000000,10,OPTFUT,MCX,5.000000,10000,False
583181,CRUDEOILM17NOV267300CE,CRUDEOILM,17NOV2026,730000.000000,10,OPTFUT,MCX,5.000000,10000,False
583191,CRUDEOILM17NOV266800CE,CRUDEOILM,17NOV2026,680000.000000,10,OPTFUT,MCX,5.000000,10000,False
583192,CRUDEOILM17NOV266750CE,CRUDEOILM,17NOV2026,675000.000000,10,OPTFUT,MCX,5.000000,10000,False
564886,SILVER26FEB27319000CE,SILVER,26FEB2027,31900000.000000,30,OPTFUT,MCX,50.000000,600,False
564899,SILVER26FEB27332000CE,SILVER,26FEB2027,33200000.000000,30,OPTFUT,MCX,50.000000,600,False
564910,SILVER28DEC26281000PE,SILVER,28DEC2026,28100000.000000,30,OPTFUT,MCX,50.000000,600,False
564921,SILVER28DEC26270000PE,SILVER,28DEC2026,27000000.000000,30,OPTFUT,MCX,50.000000,600,False
583195,CRUDEOILM17NOV266600CE,CRUDEOILM,17NOV2026,660000.000000,10,OPTFUT,MCX,5.000000,10000,False
583226,CRUDEOILM17NOV265050CE,CRUDEOILM,17NOV2026,505000.000000,10,OPTFUT,MCX,5.000000,10000,False
583248,CRUDEOILM17NOV268100CE,CRUDEOILM,17NOV2026,810000.000000,10,OPTFUT,MCX,5.000000,10000,False
583250,CRUDEOILM17NOV268200CE,CRUDEOILM,17NOV2026,820000.000000,10,OPTFUT,MCX,5.000000,10000,False
564928,SILVER28DEC26263000PE,SILVER,28DEC2026,26300000.000000,30,OPTFUT,MCX,50.000000,600,False
564933,SILVER28DEC26258000PE,SILVER,28DEC2026,25800000.000000,30,OPTFUT,MCX,50.000000,600,False
564939,SILVER28DEC26252000PE,SILVER,28DEC2026,25200000.000000,30,OPTFUT,MCX,50.000000,600,False
564944,SILVER28DEC26297000PE,SILVER,28DEC2026,29700000.000000,30,OPTFUT,MCX,50.000000,600,False
583258,CRUDEOILM17NOV268600CE,CRUDEOILM,17NOV2026,860000.000000,10,OPTFUT,MCX,5.000000,10000,False
583272,CRUDEOILM17NOV269300CE,CRUDEOILM,17NOV2026,930000.000000,10,OPTFUT,MCX,5.000000,10000,False
583281,CRUDEOILM17NOV269750CE,CRUDEOILM,17NOV2026,975000.000000,10,OPTFUT,MCX,5.000000,10000,False
583285,CRUDEOILM17NOV269950CE,CRUDEOILM,17NOV2026,995000.000000,10,OPTFUT,MCX,5.000000,10000,False
583287,CRUDEOILM17NOV2610050CE,CRUDEOILM,17NOV2026,1005000.000000,10,OPTFUT,MCX,5.000000,10000,False
583308,CRUDEOILM17NOV2611100CE,CRUDEOILM,17NOV2026,1110000.000000,10,OPTFUT,MCX,5.000000,10000,False
583310,CRUDEOILM17NOV2611200CE,CRUDEOILM,17NOV2026,1120000.000000,10,OPTFUT,MCX,5.000000,10000,False
583311,CRUDEOILM17NOV2611250CE,CRUDEOILM,17NOV2026,1125000.000000,10,OPTFUT,MCX,5.000000,10000,False
564950,SILVER28DEC26303000PE,SILVER,28DEC2026,30300000.000000,30,OPTFUT,MCX,50.000000,600,False
564961,SILVER28DEC26314000PE,SILVER,28DEC2026,31400000.000000,30,OPTFUT,MCX,50.000000,600,False
564978,SILVER28DEC26331000PE,SILVER,28DEC2026,33100000.000000,30,OPTFUT,MCX,50.000000,600,False
564979,SILVER28DEC26332000PE,SILVER,28DEC2026,33200000.000000,30,OPTFUT,MCX,50.000000,600,False
564980,SILVER25JAN27291000PE,SILVER,25JAN2027,29100000.000000,30,OPTFUT,MCX,50.000000,600,False
564992,SILVER25JAN27279000PE,SILVER,25JAN2027,27900000.000000,30,OPTFUT,MCX,50.000000,600,False
564993,SILVER25JAN27278000PE,SILVER,25JAN2027,27800000.000000,30,OPTFUT,MCX,50.000000,600,False
564998,SILVER25JAN27273000PE,SILVER,25JAN2027,27300000.000000,30,OPTFUT,MCX,50.000000,600,False
583314,CRUDEOILM17NOV2611400CE,CRUDEOILM,17NOV2026,1140000.000000,10,OPTFUT,MCX,5.000000,10000,False
583317,CRUDEOILM17NOV2611550CE,CRUDEOILM,17NOV2026,1155000.000000,10,OPTFUT,MCX,5.000000,10000,False
583319,CRUDEOILM17NOV2611650CE,CRUDEOILM,17NOV2026,1165000.000000,10,OPTFUT,MCX,5.000000,10000,False
583352,CRUDEOILM17NOV266250PE,CRUDEOILM,17NOV2026,625000.000000,10,OPTFUT,MCX,5.000000,10000,False
565011,SILVER25JAN27260000PE,SILVER,25JAN2027,26000000.000000,30,OPTFUT,MCX,50.000000,600,False
565018,SILVER25JAN27253000PE,SILVER,25JAN2027,25300000.000000,30,OPTFUT,MCX,50.000000,600,False
565035,SILVER25JAN27308000PE,SILVER,25JAN2027,30800000.000000,30,OPTFUT,MCX,50.000000,600,False
565043,SILVER25JAN27316000PE,SILVER,25JAN2027,31600000.000000,30,OPTFUT,MCX,50.000000,600,False
583353,CRUDEOILM17NOV266200PE,CRUDEOILM,17NOV2026,620000.000000,10,OPTFUT,MCX,5.000000,10000,False
583358,CRUDEOILM17NOV265950PE,CRUDEOILM,17NOV2026,595000.000000,10,OPTFUT,MCX,5.000000,10000,False
583366,CRUDEOILM17NOV265550PE,CRUDEOILM,17NOV2026,555000.000000,10,OPTFUT,MCX,5.000000,10000,False
583385,CRUDEOILM17NOV264600PE,CRUDEOILM,17NOV2026,460000.000000,10,OPTFUT,MCX,5.000000,10000,False
583417,CRUDEOILM17NOV269050PE,CRUDEOILM,17NOV2026,905000.000000,10,OPTFUT,MCX,5.000000,10000,False
583424,CRUDEOILM17NOV269400PE,CRUDEOILM,17NOV2026,940000.000000,10,OPTFUT,MCX,5.000000,10000,False
583432,CRUDEOILM17NOV269800PE,CRUDEOILM,17NOV2026,980000.000000,10,OPTFUT,MCX,5.000000,10000,False
583439,CRUDEOILM17NOV2610150PE,CRUDEOILM,17NOV2026,1015000.000000,10,OPTFUT,MCX,5.000000,10000,False
565067,SILVER26FEB27284000PE,SILVER,26FEB2027,28400000.000000,30,OPTFUT,MCX,50.000000,600,False
565074,SILVER26FEB27277000PE,SILVER,26FEB2027,27700000.000000,30,OPTFUT,MCX,50.000000,600,False
565076,SILVER26FEB27275000PE,SILVER,26FEB2027,27500000.000000,30,OPTFUT,MCX,50.000000,600,False
565079,SILVER26FEB27272000PE,SILVER,26FEB2027,27200000.000000,30,OPTFUT,MCX,50.000000,600,False
565084,SILVER26FEB27267000PE,SILVER,26FEB2027,26700000.000000,30,OPTFUT,MCX,50.000000,600,False
565093,SILVER26FEB27258000PE,SILVER,26FEB2027,25800000.000000,30,OPTFUT,MCX,50.000000,600,False
565099,SILVER26FEB27252000PE,SILVER,26FEB2027,25200000.000000,30,OPTFUT,MCX,50.000000,600,False
565110,SILVER26FEB27303000PE,SILVER,26FEB2027,30300000.000000,30,OPTFUT,MCX,50.000000,600,False
583448,CRUDEOILM17NOV2610600PE,CRUDEOILM,17NOV2026,1060000.000000,10,OPTFUT,MCX,5.000000,10000,False
583456,CRUDEOILM17NOV2611000PE,CRUDEOILM,17NOV2026,1100000.000000,10,OPTFUT,MCX,5.000000,10000,False
583457,CRUDEOILM17NOV2611050PE,CRUDEOILM,17NOV2026,1105000.000000,10,OPTFUT,MCX,5.000000,10000,False
583459,CRUDEOILM17NOV2611150PE,CRUDEOILM,17NOV2026,1115000.000000,10,OPTFUT,MCX,5.000000,10000,False
583468,CRUDEOILM17NOV2611600PE,CRUDEOILM,17NOV2026,1160000.000000,10,OPTFUT,MCX,5.000000,10000,False
583473,MCXBULLDEX28OCT2639300CE,MCXBULLDEX,28OCT2026,3930000.000000,30,OPTIDX,MCX,5.000000,900,False
583475,MCXBULLDEX28OCT2639500CE,MCXBULLDEX,28OCT2026,3950000.000000,30,OPTIDX,MCX,5.000000,900,False
583492,GOLD29JUL27193000CE,GOLD,29JUL2027,19300000.000000,1,OPTFUT,MCX,50.000000,100,False
565118,SILVER26FEB27311000PE,SILVER,26FEB2027,31100000.000000,30,OPTFUT,MCX,50.000000,600,False
565125,SILVER26FEB27318000PE,SILVER,26FEB2027,31800000.000000,30,OPTFUT,MCX,50.000000,600,False
565135,SILVER26FEB27328000PE,SILVER,26FEB2027,32800000.000000,30,OPTFUT,MCX,50.000000,600,False
565139,SILVER26FEB27332000PE,SILVER,26FEB2027,33200000.000000,30,OPTFUT,MCX,50.000000,600,False
583509,GOLDM29OCT26185500CE,GOLDM,29OCT2026,18550000.000000,100,OPTFUT,MCX,50.000000,10000,False
583515,GOLDM29OCT26184500PE,GOLDM,29OCT2026,18450000.000000,100,OPTFUT,MCX,50.000000,10000,False
583527,SILVER28JUN27300000CE,SILVER,28JUN2027,30000000.000000,30,OPTFUT,MCX,50.000000,600,False
583528,SILVER28JUN27301000CE,SILVER,28JUN2027,30100000.000000,30,OPTFUT,MCX,50.000000,600,False
565140,SILVERM28DEC26296000CE,SILVERM,28DEC2026,29600000.000000,5,OPTFUT,MCX,50.000000,600,False
565161,SILVERM28DEC26275000CE,SILVERM,28DEC2026,27500000.000000,5,OPTFUT,MCX,50.000000,600,False
565174,SILVERM28DEC26262000CE,SILVERM,28DEC2026,26200000.000000,5,OPTFUT,MCX,50.000000,600,False
565179,SILVERM28DEC26257000CE,SILVERM,28DEC2026,25700000.000000,5,OPTFUT,MCX,50.000000,600,False
565183,SILVERM28DEC26301000CE,SILVERM,28DEC2026,30100000.000000,5,OPTFUT,MCX,50.000000,600,False
565184,SILVERM28DEC26302000CE,SILVERM,28DEC2026,30200000.000000,5,OPTFUT,MCX,50.000000,600,False
565190,SILVERM28DEC26308000CE,SILVERM,28DEC2026,30800000.000000,5,OPTFUT,MCX,50.000000,600,False
565196,SILVERM28DEC26314000CE,SILVERM,28DEC2026,31400000.000000,5,OPTFUT,MCX,50.000000,600,False
583537,SILVER26MAY27302000PE,SILVER,26MAY2027,30200000.000000,30,OPTFUT,MCX,50.000000,600,False
583541,SILVER26MAY27306000PE,SILVER,26MAY2027,30600000.000000,30,OPTFUT,MCX,50.000000,600,False
583545,SILVER28JUN27302000PE,SILVER,28JUN2027,30200000.000000,30,OPTFUT,MCX,50.000000,600,False
583551,SILVERM26MAY27304000CE,SILVERM,26MAY2027,30400000.000000,5,OPTFUT,MCX,50.000000,600,False
583563,SILVERM26MAY27306000PE,SILVERM,26MAY2027,30600000.000000,5,OPTFUT,MCX,50.000000,600,False
583568,SILVERM23JUN27306000PE,SILVERM,23JUN2027,30600000.000000,5,OPTFUT,MCX,50.000000,600,False
583570,CRUDEOILM17NOV2611700CE,CRUDEOILM,17NOV2026,1170000.000000,10,OPTFUT,MCX,5.000000,10000,False
583572,CRUDEOILM17NOV2611700PE,CRUDEOILM,17NOV2026,1170000.000000,10,OPTFUT,MCX,5.000000,10000,False
565199,SILVERM28DEC26317000CE,SILVERM,28DEC2026,31700000.000000,5,OPTFUT,MCX,50.000000,600,False
565204,SILVERM28DEC26322000CE,SILVERM,28DEC2026,32200000.000000,5,OPTFUT,MCX,50.000000,600,False
565209,SILVERM28DEC26327000CE,SILVERM,28DEC2026,32700000.000000,5,OPTFUT,MCX,50.000000,600,False
565211,SILVERM28DEC26329000CE,SILVERM,28DEC2026,32900000.000000,5,OPTFUT,MCX,50.000000,600,False
583577,MCXBULLDEX25SEP2639900CE,MCXBULLDEX,25SEP2026,3990000.000000,30,OPTIDX,MCX,5.000000,900,False
583583,MCXBULLDEX28OCT2640000CE,MCXBULLDEX,28OCT2026,4000000.000000,30,OPTIDX,MCX,5.000000,900,False
583592,MCXBULLDEX28OCT2639900PE,MCXBULLDEX,28OCT2026,3990000.000000,30,OPTIDX,MCX,5.000000,900,False
583604,GOLD29JUL27195000CE,GOLD,29JUL2027,19500000.000000,1,OPTFUT,MCX,50.000000,100,False
565219,SILVERM28DEC26337000CE,SILVERM,28DEC2026,33700000.000000,5,OPTFUT,MCX,50.000000,600,False
565241,SILVERM25JAN27275000CE,SILVERM,25JAN2027,27500000.000000,5,OPTFUT,MCX,50.000000,600,False
565249,SILVERM25JAN27267000CE,SILVERM,25JAN2027,26700000.000000,5,OPTFUT,MCX,50.000000,600,False
565251,SILVERM25JAN27265000CE,SILVERM,25JAN2027,26500000.000000,5,OPTFUT,MCX,50.000000,600,False
565274,SILVERM25JAN27312000CE,SILVERM,25JAN2027,31200000.000000,5,OPTFUT,MCX,50.000000,600,False
565276,SILVERM25JAN27314000CE,SILVERM,25JAN2027,31400000.000000,5,OPTFUT,MCX,50.000000,600,False
565286,SILVERM25JAN27324000CE,SILVERM,25JAN2027,32400000.000000,5,OPTFUT,MCX,50.000000,600,False
565295,SILVERM25JAN27333000CE,SILVERM,25JAN2027,33300000.000000,5,OPTFUT,MCX,50.000000,600,False
583607,GOLD29JUL27196500CE,GOLD,29JUL2027,19650000.000000,1,OPTFUT,MCX,50.000000,100,False
583609,GOLD30JUN27194500PE,GOLD,30JUN2027,19450000.000000,1,OPTFUT,MCX,50.000000,100,False
583628,GOLDM25SEP26186000CE,GOLDM,25SEP2026,18600000.000000,100,OPTFUT,MCX,50.000000,10000,False
583629,GOLDM25SEP26186500CE,GOLDM,25SEP2026,18650000.000000,100,OPTFUT,MCX,50.000000,10000,False
565299,SILVERM25JAN27337000CE,SILVERM,25JAN2027,33700000.000000,5,OPTFUT,MCX,50.000000,600,False
565312,SILVERM19FEB27284000CE,SILVERM,19FEB2027,28400000.000000,5,OPTFUT,MCX,50.000000,600,False
565320,SILVERM19FEB27276000CE,SILVERM,19FEB2027,27600000.000000,5,OPTFUT,MCX,50.000000,600,False
565345,SILVERM19FEB27303000CE,SILVERM,19FEB2027,30300000.000000,5,OPTFUT,MCX,50.000000,600,False
583644,GOLDM25SEP26185000PE,GOLDM,25SEP2026,18500000.000000,100,OPTFUT,MCX,50.000000,10000,False
583645,GOLDM25SEP26185500PE,GOLDM,25SEP2026,18550000.000000,100,OPTFUT,MCX,50.000000,10000,False
583653,GOLDM29OCT26187500PE,GOLDM,29OCT2026,18750000.000000,100,OPTFUT,MCX,50.000000,10000,False
583667,SILVER26MAY27310000PE,SILVER,26MAY2027,31000000.000000,30,OPTFUT,MCX,50.000000,600,False
565351,SILVERM19FEB27309000CE,SILVERM,19FEB2027,30900000.000000,5,OPTFUT,MCX,50.000000,600,False
565353,SILVERM19FEB27311000CE,SILVERM,19FEB2027,31100000.000000,5,OPTFUT,MCX,50.000000,600,False
565371,SILVERM19FEB27329000CE,SILVERM,19FEB2027,32900000.000000,5,OPTFUT,MCX,50.000000,600,False
565421,SILVERM28DEC26299000PE,SILVERM,28DEC2026,29900000.000000,5,OPTFUT,MCX,50.000000,600,False
583671,SILVER28JUN27310000PE,SILVER,28JUN2027,31000000.000000,30,OPTFUT,MCX,50.000000,600,False
583674,SILVERM26MAY27310000CE,SILVERM,26MAY2027,31000000.000000,5,OPTFUT,MCX,50.000000,600,False
583696,ZINC23NOV26435CE,ZINC,23NOV2026,43500.000000,5,OPTFUT,MCX,1.000000,100,False
583717,MCXBULLDEX25SEP2640200PE,MCXBULLDEX,25SEP2026,4020000.000000,30,OPTIDX,MCX,5.000000,900,False
565429,SILVERM28DEC26307000PE,SILVERM,28DEC2026,30700000.000000,5,OPTFUT,MCX,50.000000,600,False
565437,SILVERM28DEC26315000PE,SILVERM,28DEC2026,31500000.000000,5,OPTFUT,MCX,50.000000,600,False
565446,SILVERM28DEC26324000PE,SILVERM,28DEC2026,32400000.000000,5,OPTFUT,MCX,50.000000,600,False
565451,SILVERM28DEC26329000PE,SILVERM,28DEC2026,32900000.000000,5,OPTFUT,MCX,50.000000,600,False
583746,CRUDEOIL17NOV264100PE,CRUDEOIL,17NOV2026,410000.000000,100,OPTFUT,MCX,10.000000,10000,False
583761,GOLD29JUL27199500CE,GOLD,29JUL2027,19950000.000000,1,OPTFUT,MCX,50.000000,100,False
583775,GOLD29JUL27198500PE,GOLD,29JUL2027,19850000.000000,1,OPTFUT,MCX,50.000000,100,False
583789,SILVERM26MAY27313000CE,SILVERM,26MAY2027,31300000.000000,5,OPTFUT,MCX,50.000000,600,False
565456,SILVERM28DEC26334000PE,SILVERM,28DEC2026,33400000.000000,5,OPTFUT,MCX,50.000000,600,False
565458,SILVERM28DEC26336000PE,SILVERM,28DEC2026,33600000.000000,5,OPTFUT,MCX,50.000000,600,False
565468,SILVERM25JAN27288000PE,SILVERM,25JAN2027,28800000.000000,5,OPTFUT,MCX,50.000000,600,False
565471,SILVERM25JAN27285000PE,SILVERM,25JAN2027,28500000.000000,5,OPTFUT,MCX,50.000000,600,False
583803,CRUDEOIL17NOV263950CE,CRUDEOIL,17NOV2026,395000.000000,100,OPTFUT,MCX,10.000000,10000,False
583804,CRUDEOIL17NOV263900CE,CRUDEOIL,17NOV2026,390000.000000,100,OPTFUT,MCX,10.000000,10000,False
583808,CRUDEOIL17NOV263950PE,CRUDEOIL,17NOV2026,395000.000000,100,OPTFUT,MCX,10.000000,10000,False
583809,CRUDEOIL17NOV263900PE,CRUDEOIL,17NOV2026,390000.000000,100,OPTFUT,MCX,10.000000,10000,False
583812,ZINC23OCT26455CE,ZINC,23OCT2026,45500.000000,5,OPTFUT,MCX,1.000000,100,False
583842,NATURALGAS20NOV26280CE,NATURALGAS,20NOV2026,28000.000000,1250,OPTFUT,MCX,5.000000,60000,False
583846,NATURALGAS20NOV26260CE,NATURALGAS,20NOV2026,26000.000000,1250,OPTFUT,MCX,5.000000,60000,False
583852,NATURALGAS20NOV26230CE,NATURALGAS,20NOV2026,23000.000000,1250,OPTFUT,MCX,5.000000,60000,False
565476,SILVERM25JAN27280000PE,SILVERM,25JAN2027,28000000.000000,5,OPTFUT,MCX,50.000000,600,False
565478,SILVERM25JAN27278000PE,SILVERM,25JAN2027,27800000.000000,5,OPTFUT,MCX,50.000000,600,False
565482,SILVERM25JAN27274000PE,SILVERM,25JAN2027,27400000.000000,5,OPTFUT,MCX,50.000000,600,False
565484,SILVERM25JAN27272000PE,SILVERM,25JAN2027,27200000.000000,5,OPTFUT,MCX,50.000000,600,False
583856,NATURALGAS20NOV26210CE,NATURALGAS,20NOV2026,21000.000000,1250,OPTFUT,MCX,5.000000,60000,False
583858,NATURALGAS20NOV26200CE,NATURALGAS,20NOV2026,20000.000000,1250,OPTFUT,MCX,5.000000,60000,False
583882,NATURALGAS20NOV26400CE,NATURALGAS,20NOV2026,40000.000000,1250,OPTFUT,MCX,5.000000,60000,False
583884,NATURALGAS20NOV26410CE,NATURALGAS,20NOV2026,41000.000000,1250,OPTFUT,MCX,5.000000,60000,False
565486,SILVERM25JAN27270000PE,SILVERM,25JAN2027,27000000.000000,5,OPTFUT,MCX,50.000000,600,False
565497,SILVERM25JAN27259000PE,SILVERM,25JAN2027,25900000.000000,5,OPTFUT,MCX,50.000000,600,False
565500,SILVERM25JAN27298000PE,SILVERM,25JAN2027,29800000.000000,5,OPTFUT,MCX,50.000000,600,False
565542,SILVERM19FEB27294000PE,SILVERM,19FEB2027,29400000.000000,5,OPTFUT,MCX,50.000000,600,False
583903,NATURALGAS20NOV26505CE,NATURALGAS,20NOV2026,50500.000000,1250,OPTFUT,MCX,5.000000,60000,False
583909,NATURALGAS20NOV26535CE,NATURALGAS,20NOV2026,53500.000000,1250,OPTFUT,MCX,5.000000,60000,False
583934,NATURALGAS20NOV26220PE,NATURALGAS,20NOV2026,22000.000000,1250,OPTFUT,MCX,5.000000,60000,False
583947,NATURALGAS20NOV26155PE,NATURALGAS,20NOV2026,15500.000000,1250,OPTFUT,MCX,5.000000,60000,False
565561,SILVERM19FEB27275000PE,SILVERM,19FEB2027,27500000.000000,5,OPTFUT,MCX,50.000000,600,False
565564,SILVERM19FEB27272000PE,SILVERM,19FEB2027,27200000.000000,5,OPTFUT,MCX,50.000000,600,False
565566,SILVERM19FEB27270000PE,SILVERM,19FEB2027,27000000.000000,5,OPTFUT,MCX,50.000000,600,False
565589,SILVERM19FEB27307000PE,SILVERM,19FEB2027,30700000.000000,5,OPTFUT,MCX,50.000000,600,False
583955,NATURALGAS20NOV26365PE,NATURALGAS,20NOV2026,36500.000000,1250,OPTFUT,MCX,5.000000,60000,False
583957,NATURALGAS20NOV26375PE,NATURALGAS,20NOV2026,37500.000000,1250,OPTFUT,MCX,5.000000,60000,False
583969,NATURALGAS20NOV26435PE,NATURALGAS,20NOV2026,43500.000000,1250,OPTFUT,MCX,5.000000,60000,False
583976,NATURALGAS20NOV26470PE,NATURALGAS,20NOV2026,47000.000000,1250,OPTFUT,MCX,5.000000,60000,False
565597,SILVERM19FEB27315000PE,SILVERM,19FEB2027,31500000.000000,5,OPTFUT,MCX,50.000000,600,False
565617,SILVERM19FEB27335000PE,SILVERM,19FEB2027,33500000.000000,5,OPTFUT,MCX,50.000000,600,False
565672,SILVER26FEB27251000CE,SILVER,26FEB2027,25100000.000000,30,OPTFUT,MCX,50.000000,600,False
565684,SILVER26FEB27251000PE,SILVER,26FEB2027,25100000.000000,30,OPTFUT,MCX,50.000000,600,False
583977,NATURALGAS20NOV26475PE,NATURALGAS,20NOV2026,47500.000000,1250,OPTFUT,MCX,5.000000,60000,False
583996,NATGASMINI20NOV26330CE,NATGASMINI,20NOV2026,33000.000000,250,OPTFUT,MCX,5.000000,60000,False
583999,NATGASMINI20NOV26315CE,NATGASMINI,20NOV2026,31500.000000,250,OPTFUT,MCX,5.000000,60000,False
584009,NATGASMINI20NOV26265CE,NATGASMINI,20NOV2026,26500.000000,250,OPTFUT,MCX,5.000000,60000,False
565692,SILVERM25JAN27255000CE,SILVERM,25JAN2027,25500000.000000,5,OPTFUT,MCX,50.000000,600,False
584043,NATGASMINI20NOV26385CE,NATGASMINI,20NOV2026,38500.000000,250,OPTFUT,MCX,5.000000,60000,False
584053,NATGASMINI20NOV26435CE,NATGASMINI,20NOV2026,43500.000000,250,OPTFUT,MCX,5.000000,60000,False
584055,NATGASMINI20NOV26445CE,NATGASMINI,20NOV2026,44500.000000,250,OPTFUT,MCX,5.000000,60000,False
584062,NATGASMINI20NOV26480CE,NATGASMINI,20NOV2026,48000.000000,250,OPTFUT,MCX,5.000000,60000,False
565686,SILVER26FEB27249000PE,SILVER,26FEB2027,24900000.000000,30,OPTFUT,MCX,50.000000,600,False
565687,SILVER26FEB27248000PE,SILVER,26FEB2027,24800000.000000,30,OPTFUT,MCX,50.000000,600,False
565691,SILVERM25JAN27256000CE,SILVERM,25JAN2027,25600000.000000,5,OPTFUT,MCX,50.000000,600,False
565734,SILVER25JAN27247000PE,SILVER,25JAN2027,24700000.000000,30,OPTFUT,MCX,50.000000,600,False
565736,SILVER26FEB27247000PE,SILVER,26FEB2027,24700000.000000,30,OPTFUT,MCX,50.000000,600,False
565742,SILVERM25JAN27253000CE,SILVERM,25JAN2027,25300000.000000,5,OPTFUT,MCX,50.000000,600,False
565748,SILVERM19FEB27251000CE,SILVERM,19FEB2027,25100000.000000,5,OPTFUT,MCX,50.000000,600,False
584064,NATGASMINI20NOV26490CE,NATGASMINI,20NOV2026,49000.000000,250,OPTFUT,MCX,5.000000,60000,False
584074,NATGASMINI20NOV26540CE,NATGASMINI,20NOV2026,54000.000000,250,OPTFUT,MCX,5.000000,60000,False
584096,NATGASMINI20NOV26230PE,NATGASMINI,20NOV2026,23000.000000,250,OPTFUT,MCX,5.000000,60000,False
584116,NATGASMINI20NOV26350PE,NATGASMINI,20NOV2026,35000.000000,250,OPTFUT,MCX,5.000000,60000,False
584218,MCXBULLDEX27NOV2638000CE,MCXBULLDEX,27NOV2026,3800000.000000,15,OPTIDX,MCX,5.000000,450,False
565753,SILVERM28DEC26250000PE,SILVERM,28DEC2026,25000000.000000,5,OPTFUT,MCX,50.000000,600,False
565754,SILVERM25JAN27253000PE,SILVERM,25JAN2027,25300000.000000,5,OPTFUT,MCX,50.000000,600,False
565835,SILVER25JAN27242000PE,SILVER,25JAN2027,24200000.000000,30,OPTFUT,MCX,50.000000,600,False
565837,SILVER26FEB27245000PE,SILVER,26FEB2027,24500000.000000,30,OPTFUT,MCX,50.000000,600,False
584137,NATGASMINI20NOV26455PE,NATGASMINI,20NOV2026,45500.000000,250,OPTFUT,MCX,5.000000,60000,False
584192,MCXBULLDEX27NOV2632500CE,MCXBULLDEX,27NOV2026,3250000.000000,15,OPTIDX,MCX,5.000000,450,False
584212,MCXBULLDEX27NOV2637400CE,MCXBULLDEX,27NOV2026,3740000.000000,15,OPTIDX,MCX,5.000000,450,False
566,SBRASPHJAMCOM,SBRASPHJAM,,0.000000,1,COMDTY,MCX,5.000000,99999999,False
565840,SILVER26FEB27242000PE,SILVER,26FEB2027,24200000.000000,30,OPTFUT,MCX,50.000000,600,False
565853,SILVERM19FEB27246000CE,SILVERM,19FEB2027,24600000.000000,5,OPTFUT,MCX,50.000000,600,False
565864,SILVERM19FEB27247000PE,SILVERM,19FEB2027,24700000.000000,5,OPTFUT,MCX,50.000000,600,False
584227,MCXBULLDEX27NOV2638900CE,MCXBULLDEX,27NOV2026,3890000.000000,15,OPTIDX,MCX,5.000000,450,False
584237,MCXBULLDEX27NOV2635000PE,MCXBULLDEX,27NOV2026,3500000.000000,15,OPTIDX,MCX,5.000000,450,False
584242,MCXBULLDEX27NOV2634500PE,MCXBULLDEX,27NOV2026,3450000.000000,15,OPTIDX,MCX,5.000000,450,False
584247,MCXBULLDEX27NOV2634000PE,MCXBULLDEX,27NOV2026,3400000.000000,15,OPTIDX,MCX,5.000000,450,False
584256,MCXBULLDEX27NOV2633100PE,MCXBULLDEX,27NOV2026,3310000.000000,15,OPTIDX,MCX,5.000000,450,False
584266,MCXBULLDEX27NOV2635700PE,MCXBULLDEX,27NOV2026,3570000.000000,15,OPTIDX,MCX,5.000000,450,False
584275,MCXBULLDEX27NOV2636700PE,MCXBULLDEX,27NOV2026,3670000.000000,15,OPTIDX,MCX,5.000000,450,False
584282,MCXBULLDEX27NOV2637400PE,MCXBULLDEX,27NOV2026,3740000.000000,15,OPTIDX,MCX,5.000000,450,False
566304,GOLD25SEP26135500CE,GOLD,25SEP2026,13550000.000000,1,OPTFUT,MCX,50.000000,100,False
566321,GOLD30OCT26136500CE,GOLD,30OCT2026,13650000.000000,1,OPTFUT,MCX,50.000000,100,False
566330,GOLD27NOV26138500CE,GOLD,27NOV2026,13850000.000000,1,OPTFUT,MCX,50.000000,100,False
566333,GOLD27NOV26137000CE,GOLD,27NOV2026,13700000.000000,1,OPTFUT,MCX,50.000000,100,False
584283,MCXBULLDEX27NOV2637500PE,MCXBULLDEX,27NOV2026,3750000.000000,15,OPTIDX,MCX,5.000000,450,False
584324,NICKEL20JAN27FUT,NICKEL,20JAN2027,0.000000,250,FUTCOM,MCX,10.000000,24000,False
584345,COPPER23DEC261270CE,COPPER,23DEC2026,127000.000000,2500,OPTFUT,MCX,1.000000,70000,False
584358,COPPER23DEC261530CE,COPPER,23DEC2026,153000.000000,2500,OPTFUT,MCX,1.000000,70000,False
566346,GOLD31DEC26140000CE,GOLD,31DEC2026,14000000.000000,1,OPTFUT,MCX,50.000000,100,False
566358,GOLD29JAN27140000CE,GOLD,29JAN2027,14000000.000000,1,OPTFUT,MCX,50.000000,100,False
566360,GOLD29JAN27139000CE,GOLD,29JAN2027,13900000.000000,1,OPTFUT,MCX,50.000000,100,False
566363,GOLD29JAN27137500CE,GOLD,29JAN2027,13750000.000000,1,OPTFUT,MCX,50.000000,100,False
584362,COPPER23DEC261400PE,COPPER,23DEC2026,140000.000000,2500,OPTFUT,MCX,1.000000,70000,False
584376,COPPER23DEC261260PE,COPPER,23DEC2026,126000.000000,2500,OPTFUT,MCX,1.000000,70000,False
584402,ZINC23NOV26445CE,ZINC,23NOV2026,44500.000000,5,OPTFUT,MCX,1.000000,100,False
584407,ZINC23DEC26360CE,ZINC,23DEC2026,36000.000000,5,OPTFUT,MCX,1.000000,100,False
566364,GOLD29JAN27137000CE,GOLD,29JAN2027,13700000.000000,1,OPTFUT,MCX,50.000000,100,False
566365,GOLD29JAN27136500CE,GOLD,29JAN2027,13650000.000000,1,OPTFUT,MCX,50.000000,100,False
566425,GOLD30OCT26136500PE,GOLD,30OCT2026,13650000.000000,1,OPTFUT,MCX,50.000000,100,False
566429,GOLD30OCT26134500PE,GOLD,30OCT2026,13450000.000000,1,OPTFUT,MCX,50.000000,100,False
584422,ZINC23DEC26435CE,ZINC,23DEC2026,43500.000000,5,OPTFUT,MCX,1.000000,100,False
584428,ZINC23DEC26370PE,ZINC,23DEC2026,37000.000000,5,OPTFUT,MCX,1.000000,100,False
584430,ZINC23DEC26360PE,ZINC,23DEC2026,36000.000000,5,OPTFUT,MCX,1.000000,100,False
584438,ZINC23DEC26400PE,ZINC,23DEC2026,40000.000000,5,OPTFUT,MCX,1.000000,100,False
566431,GOLD30OCT26133500PE,GOLD,30OCT2026,13350000.000000,1,OPTFUT,MCX,50.000000,100,False
566432,GOLD30OCT26133000PE,GOLD,30OCT2026,13300000.000000,1,OPTFUT,MCX,50.000000,100,False
566435,GOLD27NOV26138000PE,GOLD,27NOV2026,13800000.000000,1,OPTFUT,MCX,50.000000,100,False
566442,GOLD27NOV26134500PE,GOLD,27NOV2026,13450000.000000,1,OPTFUT,MCX,50.000000,100,False
584442,ZINC23DEC26420PE,ZINC,23DEC2026,42000.000000,5,OPTFUT,MCX,1.000000,100,False
584446,MCXBULLDEX27NOV2632100CE,MCXBULLDEX,27NOV2026,3210000.000000,15,OPTIDX,MCX,5.000000,450,False
584449,MCXBULLDEX27NOV2631800CE,MCXBULLDEX,27NOV2026,3180000.000000,15,OPTIDX,MCX,5.000000,450,False
584456,CRUDEOIL15OCT2612050CE,CRUDEOIL,15OCT2026,1205000.000000,100,OPTFUT,MCX,10.000000,10000,False
566443,GOLD27NOV26134000PE,GOLD,27NOV2026,13400000.000000,1,OPTFUT,MCX,50.000000,100,False
566444,GOLD27NOV26133500PE,GOLD,27NOV2026,13350000.000000,1,OPTFUT,MCX,50.000000,100,False
566450,GOLD31DEC26140000PE,GOLD,31DEC2026,14000000.000000,1,OPTFUT,MCX,50.000000,100,False
566456,GOLD31DEC26137000PE,GOLD,31DEC2026,13700000.000000,1,OPTFUT,MCX,50.000000,100,False
584463,CRUDEOIL17NOV2611800PE,CRUDEOIL,17NOV2026,1180000.000000,100,OPTFUT,MCX,10.000000,10000,False
584464,CRUDEOIL17NOV2611850PE,CRUDEOIL,17NOV2026,1185000.000000,100,OPTFUT,MCX,10.000000,10000,False
584467,NATURALGAS20NOV26135PE,NATURALGAS,20NOV2026,13500.000000,1250,OPTFUT,MCX,5.000000,60000,False
584470,CRUDEOILM17NOV2611800CE,CRUDEOILM,17NOV2026,1180000.000000,10,OPTFUT,MCX,5.000000,10000,False
566469,GOLD29JAN27136500PE,GOLD,29JAN2027,13650000.000000,1,OPTFUT,MCX,50.000000,100,False
566555,SILVER24SEP26216000CE,SILVER,24SEP2026,21600000.000000,30,OPTFUT,MCX,50.000000,600,False
566558,SILVER24SEP26213000CE,SILVER,24SEP2026,21300000.000000,30,OPTFUT,MCX,50.000000,600,False
566578,SILVER28DEC26240000CE,SILVER,28DEC2026,24000000.000000,30,OPTFUT,MCX,50.000000,600,False
584473,CRUDEOILM15OCT2612050PE,CRUDEOILM,15OCT2026,1205000.000000,10,OPTFUT,MCX,5.000000,10000,False
584483,MCXBULLDEX27NOV2631400CE,MCXBULLDEX,27NOV2026,3140000.000000,15,OPTIDX,MCX,5.000000,450,False
584495,CRUDEOIL17SEP2612400PE,CRUDEOIL,17SEP2026,1240000.000000,100,OPTFUT,MCX,10.000000,10000,False
584497,ZINC23DEC26440PE,ZINC,23DEC2026,44000.000000,5,OPTFUT,MCX,1.000000,100,False
566589,SILVER28DEC26229000CE,SILVER,28DEC2026,22900000.000000,30,OPTFUT,MCX,50.000000,600,False
566610,SILVER25JAN27231000CE,SILVER,25JAN2027,23100000.000000,30,OPTFUT,MCX,50.000000,600,False
566611,SILVER25JAN27230000CE,SILVER,25JAN2027,23000000.000000,30,OPTFUT,MCX,50.000000,600,False
566615,SILVER25JAN27226000CE,SILVER,25JAN2027,22600000.000000,30,OPTFUT,MCX,50.000000,600,False
584507,GOLDM27NOV26152000CE,GOLDM,27NOV2026,15200000.000000,100,OPTFUT,MCX,50.000000,10000,False
584508,GOLDM27NOV26151500CE,GOLDM,27NOV2026,15150000.000000,100,OPTFUT,MCX,50.000000,10000,False
584514,GOLDM27NOV26148500CE,GOLDM,27NOV2026,14850000.000000,100,OPTFUT,MCX,50.000000,10000,False
584517,GOLDM27NOV26147000CE,GOLDM,27NOV2026,14700000.000000,100,OPTFUT,MCX,50.000000,10000,False
566622,SILVER25JAN27219000CE,SILVER,25JAN2027,21900000.000000,30,OPTFUT,MCX,50.000000,600,False
566638,SILVER26FEB27226000CE,SILVER,26FEB2027,22600000.000000,30,OPTFUT,MCX,50.000000,600,False
566645,SILVER26FEB27219000CE,SILVER,26FEB2027,21900000.000000,30,OPTFUT,MCX,50.000000,600,False
566693,SILVER27NOV26210000PE,SILVER,27NOV2026,21000000.000000,30,OPTFUT,MCX,50.000000,600,False
584520,GOLDM27NOV26145500CE,GOLDM,27NOV2026,14550000.000000,100,OPTFUT,MCX,50.000000,10000,False
584525,GOLDM27NOV26143000CE,GOLDM,27NOV2026,14300000.000000,100,OPTFUT,MCX,50.000000,10000,False
584530,GOLDM27NOV26140500CE,GOLDM,27NOV2026,14050000.000000,100,OPTFUT,MCX,50.000000,10000,False
584536,GOLDM27NOV26137500CE,GOLDM,27NOV2026,13750000.000000,100,OPTFUT,MCX,50.000000,10000,False
566697,SILVER28DEC26237000PE,SILVER,28DEC2026,23700000.000000,30,OPTFUT,MCX,50.000000,600,False
566703,SILVER28DEC26231000PE,SILVER,28DEC2026,23100000.000000,30,OPTFUT,MCX,50.000000,600,False
566716,SILVER28DEC26218000PE,SILVER,28DEC2026,21800000.000000,30,OPTFUT,MCX,50.000000,600,False
566742,SILVER26FEB27238000PE,SILVER,26FEB2027,23800000.000000,30,OPTFUT,MCX,50.000000,600,False
584544,GOLDM27NOV26133500CE,GOLDM,27NOV2026,13350000.000000,100,OPTFUT,MCX,50.000000,10000,False
584564,GOLDM27NOV26160500CE,GOLDM,27NOV2026,16050000.000000,100,OPTFUT,MCX,50.000000,10000,False
584574,GOLDM27NOV26165500CE,GOLDM,27NOV2026,16550000.000000,100,OPTFUT,MCX,50.000000,10000,False
584577,GOLDM27NOV26167000CE,GOLDM,27NOV2026,16700000.000000,100,OPTFUT,MCX,50.000000,10000,False
566747,SILVER26FEB27233000PE,SILVER,26FEB2027,23300000.000000,30,OPTFUT,MCX,50.000000,600,False
566770,SILVERM24SEP26223000CE,SILVERM,24SEP2026,22300000.000000,5,OPTFUT,MCX,50.000000,600,False
566802,SILVERM28DEC26227000CE,SILVERM,28DEC2026,22700000.000000,5,OPTFUT,MCX,50.000000,600,False
566821,SILVERM25JAN27230000CE,SILVERM,25JAN2027,23000000.000000,5,OPTFUT,MCX,50.000000,600,False
584578,GOLDM27NOV26167500CE,GOLDM,27NOV2026,16750000.000000,100,OPTFUT,MCX,50.000000,10000,False
584582,GOLDM27NOV26169500CE,GOLDM,27NOV2026,16950000.000000,100,OPTFUT,MCX,50.000000,10000,False
584591,GOLDM27NOV26174000CE,GOLDM,27NOV2026,17400000.000000,100,OPTFUT,MCX,50.000000,10000,False
584605,GOLDM27NOV26153000PE,GOLDM,27NOV2026,15300000.000000,100,OPTFUT,MCX,50.000000,10000,False
566822,SILVERM25JAN27229000CE,SILVERM,25JAN2027,22900000.000000,5,OPTFUT,MCX,50.000000,600,False
566826,SILVERM25JAN27225000CE,SILVERM,25JAN2027,22500000.000000,5,OPTFUT,MCX,50.000000,600,False
566829,SILVERM19FEB27244000CE,SILVERM,19FEB2027,24400000.000000,5,OPTFUT,MCX,50.000000,600,False
566842,SILVERM19FEB27231000CE,SILVERM,19FEB2027,23100000.000000,5,OPTFUT,MCX,50.000000,600,False
584615,GOLDM27NOV26148000PE,GOLDM,27NOV2026,14800000.000000,100,OPTFUT,MCX,50.000000,10000,False
584616,GOLDM27NOV26147500PE,GOLDM,27NOV2026,14750000.000000,100,OPTFUT,MCX,50.000000,10000,False
584621,GOLDM27NOV26145000PE,GOLDM,27NOV2026,14500000.000000,100,OPTFUT,MCX,50.000000,10000,False
584626,GOLDM27NOV26142500PE,GOLDM,27NOV2026,14250000.000000,100,OPTFUT,MCX,50.000000,10000,False
566846,SILVERM19FEB27227000CE,SILVERM,19FEB2027,22700000.000000,5,OPTFUT,MCX,50.000000,600,False
566856,SILVERM24SEP26224000PE,SILVERM,24SEP2026,22400000.000000,5,OPTFUT,MCX,50.000000,600,False
566862,SILVERM27OCT26223000PE,SILVERM,27OCT2026,22300000.000000,5,OPTFUT,MCX,50.000000,600,False
566899,SILVERM25JAN27239000PE,SILVERM,25JAN2027,23900000.000000,5,OPTFUT,MCX,50.000000,600,False
584647,GOLDM27NOV26132000PE,GOLDM,27NOV2026,13200000.000000,100,OPTFUT,MCX,50.000000,10000,False
584667,GOLDM27NOV26162000PE,GOLDM,27NOV2026,16200000.000000,100,OPTFUT,MCX,50.000000,10000,False
584686,GOLDM27NOV26171500PE,GOLDM,27NOV2026,17150000.000000,100,OPTFUT,MCX,50.000000,10000,False
584688,GOLDM27NOV26172500PE,GOLDM,27NOV2026,17250000.000000,100,OPTFUT,MCX,50.000000,10000,False
584692,GOLDM27NOV26174500PE,GOLDM,27NOV2026,17450000.000000,100,OPTFUT,MCX,50.000000,10000,False
584698,GOLDM27NOV26177500PE,GOLDM,27NOV2026,17750000.000000,100,OPTFUT,MCX,50.000000,10000,False
584732,CRUDEOIL17SEP2612500PE,CRUDEOIL,17SEP2026,1250000.000000,100,OPTFUT,MCX,10.000000,10000,False
584741,CRUDEOILM17SEP2612450CE,CRUDEOILM,17SEP2026,1245000.000000,10,OPTFUT,MCX,5.000000,10000,False
566913,SILVERM25JAN27225000PE,SILVERM,25JAN2027,22500000.000000,5,OPTFUT,MCX,50.000000,600,False
566914,SILVERM25JAN27224000PE,SILVERM,25JAN2027,22400000.000000,5,OPTFUT,MCX,50.000000,600,False
566921,SILVERM19FEB27239000PE,SILVERM,19FEB2027,23900000.000000,5,OPTFUT,MCX,50.000000,600,False
566926,SILVERM19FEB27234000PE,SILVERM,19FEB2027,23400000.000000,5,OPTFUT,MCX,50.000000,600,False
584742,CRUDEOILM17SEP2612500CE,CRUDEOILM,17SEP2026,1250000.000000,10,OPTFUT,MCX,5.000000,10000,False
584743,CRUDEOILM15OCT2612150CE,CRUDEOILM,15OCT2026,1215000.000000,10,OPTFUT,MCX,5.000000,10000,False
584746,CRUDEOILM17NOV2611950CE,CRUDEOILM,17NOV2026,1195000.000000,10,OPTFUT,MCX,5.000000,10000,False
584764,CRUDEOIL17NOV2612000PE,CRUDEOIL,17NOV2026,1200000.000000,100,OPTFUT,MCX,10.000000,10000,False
567350,SILVER24SEP26208000CE,SILVER,24SEP2026,20800000.000000,30,OPTFUT,MCX,50.000000,600,False
567373,SILVER27OCT26209000PE,SILVER,27OCT2026,20900000.000000,30,OPTFUT,MCX,50.000000,600,False
567375,SILVER27NOV26209000PE,SILVER,27NOV2026,20900000.000000,30,OPTFUT,MCX,50.000000,600,False
567397,SILVERM24SEP26217000CE,SILVERM,24SEP2026,21700000.000000,5,OPTFUT,MCX,50.000000,600,False
584772,CRUDEOILM17NOV2612000PE,CRUDEOILM,17NOV2026,1200000.000000,10,OPTFUT,MCX,5.000000,10000,False
584773,CRUDEOIL19MAR27FUT,CRUDEOIL,19MAR2027,0.000000,100,FUTCOM,MCX,100.000000,10000,False
584782,COPPER23NOV261580CE,COPPER,23NOV2026,158000.000000,2500,OPTFUT,MCX,1.000000,70000,False
584790,CRUDEOIL17SEP2612700CE,CRUDEOIL,17SEP2026,1270000.000000,100,OPTFUT,MCX,10.000000,10000,False
567403,SILVERM23NOV26217000CE,SILVERM,23NOV2026,21700000.000000,5,OPTFUT,MCX,50.000000,600,False
567431,SILVERM23NOV26219000PE,SILVERM,23NOV2026,21900000.000000,5,OPTFUT,MCX,50.000000,600,False
567547,GOLD25SEP26127500CE,GOLD,25SEP2026,12750000.000000,1,OPTFUT,MCX,50.000000,100,False
567549,GOLD25SEP26126500CE,GOLD,25SEP2026,12650000.000000,1,OPTFUT,MCX,50.000000,100,False
584797,CRUDEOIL15OCT2612450CE,CRUDEOIL,15OCT2026,1245000.000000,100,OPTFUT,MCX,10.000000,10000,False
584798,CRUDEOIL15OCT2612500CE,CRUDEOIL,15OCT2026,1250000.000000,100,OPTFUT,MCX,10.000000,10000,False
584808,CRUDEOIL17SEP2612700PE,CRUDEOIL,17SEP2026,1270000.000000,100,OPTFUT,MCX,10.000000,10000,False
584815,CRUDEOIL15OCT2612450PE,CRUDEOIL,15OCT2026,1245000.000000,100,OPTFUT,MCX,10.000000,10000,False
567556,GOLD25SEP26123000CE,GOLD,25SEP2026,12300000.000000,1,OPTFUT,MCX,50.000000,100,False
567560,GOLD30OCT26130500CE,GOLD,30OCT2026,13050000.000000,1,OPTFUT,MCX,50.000000,100,False
567574,GOLD27NOV26130500CE,GOLD,27NOV2026,13050000.000000,1,OPTFUT,MCX,50.000000,100,False
567576,GOLD27NOV26129500CE,GOLD,27NOV2026,12950000.000000,1,OPTFUT,MCX,50.000000,100,False
584856,CRUDEOILM17SEP2612700PE,CRUDEOILM,17SEP2026,1270000.000000,10,OPTFUT,MCX,5.000000,10000,False
584862,CRUDEOILM15OCT2612400PE,CRUDEOILM,15OCT2026,1240000.000000,10,OPTFUT,MCX,5.000000,10000,False
584875,CRUDEOIL17SEP2613000CE,CRUDEOIL,17SEP2026,1300000.000000,100,OPTFUT,MCX,10.000000,10000,False
584876,CRUDEOIL17SEP2613050CE,CRUDEOIL,17SEP2026,1305000.000000,100,OPTFUT,MCX,10.000000,10000,False
567589,GOLD31DEC26133500CE,GOLD,31DEC2026,13350000.000000,1,OPTFUT,MCX,50.000000,100,False
567590,GOLD31DEC26133000CE,GOLD,31DEC2026,13300000.000000,1,OPTFUT,MCX,50.000000,100,False
567592,GOLD31DEC26132000CE,GOLD,31DEC2026,13200000.000000,1,OPTFUT,MCX,50.000000,100,False
567598,GOLD31DEC26129000CE,GOLD,31DEC2026,12900000.000000,1,OPTFUT,MCX,50.000000,100,False
584900,CRUDEOIL17NOV2612500CE,CRUDEOIL,17NOV2026,1250000.000000,100,OPTFUT,MCX,10.000000,10000,False
584922,CRUDEOIL15OCT2612850PE,CRUDEOIL,15OCT2026,1285000.000000,100,OPTFUT,MCX,10.000000,10000,False
584938,GOLDM27NOV26129000PE,GOLDM,27NOV2026,12900000.000000,100,OPTFUT,MCX,50.000000,10000,False
584945,CRUDEOILM17SEP2613200CE,CRUDEOILM,17SEP2026,1320000.000000,10,OPTFUT,MCX,5.000000,10000,False
567603,GOLD29JAN27134000CE,GOLD,29JAN2027,13400000.000000,1,OPTFUT,MCX,50.000000,100,False
567657,GOLD25SEP26127500PE,GOLD,25SEP2026,12750000.000000,1,OPTFUT,MCX,50.000000,100,False
567667,GOLD30OCT26132000PE,GOLD,30OCT2026,13200000.000000,1,OPTFUT,MCX,50.000000,100,False
567669,GOLD30OCT26131000PE,GOLD,30OCT2026,13100000.000000,1,OPTFUT,MCX,50.000000,100,False
584956,CRUDEOILM15OCT2612850CE,CRUDEOILM,15OCT2026,1285000.000000,10,OPTFUT,MCX,5.000000,10000,False
584957,CRUDEOILM15OCT2612900CE,CRUDEOILM,15OCT2026,1290000.000000,10,OPTFUT,MCX,5.000000,10000,False
584963,CRUDEOILM17NOV2612350CE,CRUDEOILM,17NOV2026,1235000.000000,10,OPTFUT,MCX,5.000000,10000,False
584969,CRUDEOILM17NOV2612650CE,CRUDEOILM,17NOV2026,1265000.000000,10,OPTFUT,MCX,5.000000,10000,False
584976,CRUDEOILM17SEP2613150PE,CRUDEOILM,17SEP2026,1315000.000000,10,OPTFUT,MCX,5.000000,10000,False
584977,CRUDEOILM17SEP2613200PE,CRUDEOILM,17SEP2026,1320000.000000,10,OPTFUT,MCX,5.000000,10000,False
584981,CRUDEOILM17SEP2613400PE,CRUDEOILM,17SEP2026,1340000.000000,10,OPTFUT,MCX,5.000000,10000,False
584985,CRUDEOILM15OCT2612700PE,CRUDEOILM,15OCT2026,1270000.000000,10,OPTFUT,MCX,5.000000,10000,False
567680,GOLD30OCT26125500PE,GOLD,30OCT2026,12550000.000000,1,OPTFUT,MCX,50.000000,100,False
567683,GOLD27NOV26131000PE,GOLD,27NOV2026,13100000.000000,1,OPTFUT,MCX,50.000000,100,False
567702,GOLD31DEC26132000PE,GOLD,31DEC2026,13200000.000000,1,OPTFUT,MCX,50.000000,100,False
567722,GOLD29JAN27129500PE,GOLD,29JAN2027,12950000.000000,1,OPTFUT,MCX,50.000000,100,False
584988,CRUDEOILM15OCT2612850PE,CRUDEOILM,15OCT2026,1285000.000000,10,OPTFUT,MCX,5.000000,10000,False
584994,CRUDEOILM17NOV2612300PE,CRUDEOILM,17NOV2026,1230000.000000,10,OPTFUT,MCX,5.000000,10000,False
584995,CRUDEOILM17NOV2612350PE,CRUDEOILM,17NOV2026,1235000.000000,10,OPTFUT,MCX,5.000000,10000,False
584998,CRUDEOILM17NOV2612500PE,CRUDEOILM,17NOV2026,1250000.000000,10,OPTFUT,MCX,5.000000,10000,False
567803,SILVER27OCT26207000CE,SILVER,27OCT2026,20700000.000000,30,OPTFUT,MCX,50.000000,600,False
567819,SILVER25JAN27215000CE,SILVER,25JAN2027,21500000.000000,30,OPTFUT,MCX,50.000000,600,False
567823,SILVER25JAN27211000CE,SILVER,25JAN2027,21100000.000000,30,OPTFUT,MCX,50.000000,600,False
567829,SILVER26FEB27211000CE,SILVER,26FEB2027,21100000.000000,30,OPTFUT,MCX,50.000000,600,False
585002,CRUDEOILM17NOV2612700PE,CRUDEOILM,17NOV2026,1270000.000000,10,OPTFUT,MCX,5.000000,10000,False
567861,SILVER28DEC26211000PE,SILVER,28DEC2026,21100000.000000,30,OPTFUT,MCX,50.000000,600,False
567863,SILVER25JAN27215000PE,SILVER,25JAN2027,21500000.000000,30,OPTFUT,MCX,50.000000,600,False
567888,SILVERM27OCT26215000CE,SILVERM,27OCT2026,21500000.000000,5,OPTFUT,MCX,50.000000,600,False
567891,SILVERM23NOV26216000CE,SILVERM,23NOV2026,21600000.000000,5,OPTFUT,MCX,50.000000,600,False
567896,SILVERM28DEC26219000CE,SILVERM,28DEC2026,21900000.000000,5,OPTFUT,MCX,50.000000,600,False
567902,SILVERM25JAN27217000CE,SILVERM,25JAN2027,21700000.000000,5,OPTFUT,MCX,50.000000,600,False
567926,SILVERM23NOV26213000PE,SILVERM,23NOV2026,21300000.000000,5,OPTFUT,MCX,50.000000,600,False
567930,SILVERM28DEC26217000PE,SILVERM,28DEC2026,21700000.000000,5,OPTFUT,MCX,50.000000,600,False
567935,SILVERM19FEB27220000PE,SILVERM,19FEB2027,22000000.000000,5,OPTFUT,MCX,50.000000,600,False
568031,SILVER27OCT26202000PE,SILVER,27OCT2026,20200000.000000,30,OPTFUT,MCX,50.000000,600,False
568046,SILVERM28DEC26216000CE,SILVERM,28DEC2026,21600000.000000,5,OPTFUT,MCX,50.000000,600,False
568428,SILVER24SEP26198000CE,SILVER,24SEP2026,19800000.000000,30,OPTFUT,MCX,50.000000,600,False
568442,SILVER25JAN27208000CE,SILVER,25JAN2027,20800000.000000,30,OPTFUT,MCX,50.000000,600,False
568467,SILVER27OCT26201000PE,SILVER,27OCT2026,20100000.000000,30,OPTFUT,MCX,50.000000,600,False
568477,SILVER28DEC26207000PE,SILVER,28DEC2026,20700000.000000,30,OPTFUT,MCX,50.000000,600,False
568486,SILVER26FEB27206000PE,SILVER,26FEB2027,20600000.000000,30,OPTFUT,MCX,50.000000,600,False
568499,SILVERM24SEP26209000CE,SILVERM,24SEP2026,20900000.000000,5,OPTFUT,MCX,50.000000,600,False
568504,SILVERM27OCT26209000CE,SILVERM,27OCT2026,20900000.000000,5,OPTFUT,MCX,50.000000,600,False
568523,SILVERM19FEB27212000CE,SILVERM,19FEB2027,21200000.000000,5,OPTFUT,MCX,50.000000,600,False
569439,GOLD26FEB27161000CE,GOLD,26FEB2027,16100000.000000,1,OPTFUT,MCX,50.000000,100,False
569486,GOLD26FEB27166500CE,GOLD,26FEB2027,16650000.000000,1,OPTFUT,MCX,50.000000,100,False
569458,GOLD26FEB27151500CE,GOLD,26FEB2027,15150000.000000,1,OPTFUT,MCX,50.000000,100,False
569479,GOLD26FEB27141000CE,GOLD,26FEB2027,14100000.000000,1,OPTFUT,MCX,50.000000,100,False
569480,GOLD26FEB27140500CE,GOLD,26FEB2027,14050000.000000,1,OPTFUT,MCX,50.000000,100,False
569487,GOLD26FEB27167000CE,GOLD,26FEB2027,16700000.000000,1,OPTFUT,MCX,50.000000,100,False
569496,GOLD26FEB27171500CE,GOLD,26FEB2027,17150000.000000,1,OPTFUT,MCX,50.000000,100,False
569506,GOLD26FEB27176500CE,GOLD,26FEB2027,17650000.000000,1,OPTFUT,MCX,50.000000,100,False
569524,GOLD26FEB27185500CE,GOLD,26FEB2027,18550000.000000,1,OPTFUT,MCX,50.000000,100,False
569526,GOLD26FEB27186500CE,GOLD,26FEB2027,18650000.000000,1,OPTFUT,MCX,50.000000,100,False
569530,GOLD26FEB27188500CE,GOLD,26FEB2027,18850000.000000,1,OPTFUT,MCX,50.000000,100,False
569537,GOLD29MAR27162000CE,GOLD,29MAR2027,16200000.000000,1,OPTFUT,MCX,50.000000,100,False
569538,GOLD29MAR27161500CE,GOLD,29MAR2027,16150000.000000,1,OPTFUT,MCX,50.000000,100,False
569541,GOLD29MAR27160000CE,GOLD,29MAR2027,16000000.000000,1,OPTFUT,MCX,50.000000,100,False
569544,GOLD29MAR27158500CE,GOLD,29MAR2027,15850000.000000,1,OPTFUT,MCX,50.000000,100,False
569545,GOLD29MAR27158000CE,GOLD,29MAR2027,15800000.000000,1,OPTFUT,MCX,50.000000,100,False
569546,GOLD29MAR27157500CE,GOLD,29MAR2027,15750000.000000,1,OPTFUT,MCX,50.000000,100,False
569547,GOLD29MAR27157000CE,GOLD,29MAR2027,15700000.000000,1,OPTFUT,MCX,50.000000,100,False
569549,GOLD29MAR27156000CE,GOLD,29MAR2027,15600000.000000,1,OPTFUT,MCX,50.000000,100,False
569550,GOLD29MAR27155500CE,GOLD,29MAR2027,15550000.000000,1,OPTFUT,MCX,50.000000,100,False
569567,GOLD29MAR27147000CE,GOLD,29MAR2027,14700000.000000,1,OPTFUT,MCX,50.000000,100,False
569584,GOLD29MAR27165500CE,GOLD,29MAR2027,16550000.000000,1,OPTFUT,MCX,50.000000,100,False
569587,GOLD29MAR27167000CE,GOLD,29MAR2027,16700000.000000,1,OPTFUT,MCX,50.000000,100,False
569591,GOLD29MAR27169000CE,GOLD,29MAR2027,16900000.000000,1,OPTFUT,MCX,50.000000,100,False
569608,GOLD29MAR27177500CE,GOLD,29MAR2027,17750000.000000,1,OPTFUT,MCX,50.000000,100,False
569617,GOLD29MAR27182000CE,GOLD,29MAR2027,18200000.000000,1,OPTFUT,MCX,50.000000,100,False
569627,GOLD29MAR27187000CE,GOLD,29MAR2027,18700000.000000,1,OPTFUT,MCX,50.000000,100,False
569653,GOLD26FEB27154000PE,GOLD,26FEB2027,15400000.000000,1,OPTFUT,MCX,50.000000,100,False
569660,GOLD26FEB27150500PE,GOLD,26FEB2027,15050000.000000,1,OPTFUT,MCX,50.000000,100,False
569663,GOLD26FEB27149000PE,GOLD,26FEB2027,14900000.000000,1,OPTFUT,MCX,50.000000,100,False
569664,GOLD26FEB27148500PE,GOLD,26FEB2027,14850000.000000,1,OPTFUT,MCX,50.000000,100,False
569679,GOLD26FEB27141000PE,GOLD,26FEB2027,14100000.000000,1,OPTFUT,MCX,50.000000,100,False
569690,GOLD26FEB27168500PE,GOLD,26FEB2027,16850000.000000,1,OPTFUT,MCX,50.000000,100,False
569723,GOLD26FEB27185000PE,GOLD,26FEB2027,18500000.000000,1,OPTFUT,MCX,50.000000,100,False
569724,GOLD26FEB27185500PE,GOLD,26FEB2027,18550000.000000,1,OPTFUT,MCX,50.000000,100,False
569735,GOLD29MAR27163000PE,GOLD,29MAR2027,16300000.000000,1,OPTFUT,MCX,50.000000,100,False
569738,GOLD29MAR27161500PE,GOLD,29MAR2027,16150000.000000,1,OPTFUT,MCX,50.000000,100,False
569741,GOLD29MAR27160000PE,GOLD,29MAR2027,16000000.000000,1,OPTFUT,MCX,50.000000,100,False
569753,GOLD29MAR27154000PE,GOLD,29MAR2027,15400000.000000,1,OPTFUT,MCX,50.000000,100,False
569771,GOLD29MAR27145000PE,GOLD,29MAR2027,14500000.000000,1,OPTFUT,MCX,50.000000,100,False
569773,GOLD29MAR27144000PE,GOLD,29MAR2027,14400000.000000,1,OPTFUT,MCX,50.000000,100,False
569774,GOLD29MAR27143500PE,GOLD,29MAR2027,14350000.000000,1,OPTFUT,MCX,50.000000,100,False
569781,GOLD29MAR27140000PE,GOLD,29MAR2027,14000000.000000,1,OPTFUT,MCX,50.000000,100,False
569804,GOLD29MAR27175500PE,GOLD,29MAR2027,17550000.000000,1,OPTFUT,MCX,50.000000,100,False
569806,GOLD29MAR27176500PE,GOLD,29MAR2027,17650000.000000,1,OPTFUT,MCX,50.000000,100,False
569812,GOLD29MAR27179500PE,GOLD,29MAR2027,17950000.000000,1,OPTFUT,MCX,50.000000,100,False
569814,GOLD29MAR27180500PE,GOLD,29MAR2027,18050000.000000,1,OPTFUT,MCX,50.000000,100,False
569819,GOLD29MAR27183000PE,GOLD,29MAR2027,18300000.000000,1,OPTFUT,MCX,50.000000,100,False
569820,GOLD29MAR27183500PE,GOLD,29MAR2027,18350000.000000,1,OPTFUT,MCX,50.000000,100,False
569846,GOLD29MAR27191500CE,GOLD,29MAR2027,19150000.000000,1,OPTFUT,MCX,50.000000,100,False
569873,GOLD26FEB27192500CE,GOLD,26FEB2027,19250000.000000,1,OPTFUT,MCX,50.000000,100,False
571669,GOLD26FEB27194500CE,GOLD,26FEB2027,19450000.000000,1,OPTFUT,MCX,50.000000,100,False
571671,GOLD29MAR27193500CE,GOLD,29MAR2027,19350000.000000,1,OPTFUT,MCX,50.000000,100,False
571673,GOLD29MAR27194500CE,GOLD,29MAR2027,19450000.000000,1,OPTFUT,MCX,50.000000,100,False
571877,GOLD26FEB27196000CE,GOLD,26FEB2027,19600000.000000,1,OPTFUT,MCX,50.000000,100,False
571881,GOLD26FEB27195000PE,GOLD,26FEB2027,19500000.000000,1,OPTFUT,MCX,50.000000,100,False
571884,GOLD29MAR27195000PE,GOLD,29MAR2027,19500000.000000,1,OPTFUT,MCX,50.000000,100,False
571892,SILVER28DEC26334000CE,SILVER,28DEC2026,33400000.000000,30,OPTFUT,MCX,50.000000,600,False
571911,SILVER26FEB27339000CE,SILVER,26FEB2027,33900000.000000,30,OPTFUT,MCX,50.000000,600,False
571922,SILVER25JAN27336000PE,SILVER,25JAN2027,33600000.000000,30,OPTFUT,MCX,50.000000,600,False
571928,SILVER26FEB27335000PE,SILVER,26FEB2027,33500000.000000,30,OPTFUT,MCX,50.000000,600,False
571982,GOLD26FEB27197000CE,GOLD,26FEB2027,19700000.000000,1,OPTFUT,MCX,50.000000,100,False
571993,SILVER26FEB27340000CE,SILVER,26FEB2027,34000000.000000,30,OPTFUT,MCX,50.000000,600,False
572008,SILVERM19FEB27339000CE,SILVERM,19FEB2027,33900000.000000,5,OPTFUT,MCX,50.000000,600,False
572009,SILVERM19FEB27340000CE,SILVERM,19FEB2027,34000000.000000,5,OPTFUT,MCX,50.000000,600,False
572012,SILVERM28DEC26340000PE,SILVERM,28DEC2026,34000000.000000,5,OPTFUT,MCX,50.000000,600,False
572016,SILVERM19FEB27338000PE,SILVERM,19FEB2027,33800000.000000,5,OPTFUT,MCX,50.000000,600,False
572041,GOLD26FEB27200500CE,GOLD,26FEB2027,20050000.000000,1,OPTFUT,MCX,50.000000,100,False
572058,GOLD29MAR27197500CE,GOLD,29MAR2027,19750000.000000,1,OPTFUT,MCX,50.000000,100,False
572066,GOLD29MAR27201500CE,GOLD,29MAR2027,20150000.000000,1,OPTFUT,MCX,50.000000,100,False
572078,GOLD29MAR27207500CE,GOLD,29MAR2027,20750000.000000,1,OPTFUT,MCX,50.000000,100,False
572081,GOLD26FEB27197500PE,GOLD,26FEB2027,19750000.000000,1,OPTFUT,MCX,50.000000,100,False
572084,GOLD26FEB27199000PE,GOLD,26FEB2027,19900000.000000,1,OPTFUT,MCX,50.000000,100,False
572089,GOLD26FEB27201500PE,GOLD,26FEB2027,20150000.000000,1,OPTFUT,MCX,50.000000,100,False
572090,GOLD26FEB27202000PE,GOLD,26FEB2027,20200000.000000,1,OPTFUT,MCX,50.000000,100,False
572106,GOLD29MAR27198500PE,GOLD,29MAR2027,19850000.000000,1,OPTFUT,MCX,50.000000,100,False
572107,GOLD29MAR27199000PE,GOLD,29MAR2027,19900000.000000,1,OPTFUT,MCX,50.000000,100,False
572112,GOLD29MAR27201500PE,GOLD,29MAR2027,20150000.000000,1,OPTFUT,MCX,50.000000,100,False
572115,GOLD29MAR27203000PE,GOLD,29MAR2027,20300000.000000,1,OPTFUT,MCX,50.000000,100,False
572227,SILVER27OCT26355000CE,SILVER,27OCT2026,35500000.000000,30,OPTFUT,MCX,50.000000,600,False
572229,SILVER27NOV26355000CE,SILVER,27NOV2026,35500000.000000,30,OPTFUT,MCX,50.000000,600,False
572230,SILVER28DEC26342000CE,SILVER,28DEC2026,34200000.000000,30,OPTFUT,MCX,50.000000,600,False
572232,SILVER28DEC26344000CE,SILVER,28DEC2026,34400000.000000,30,OPTFUT,MCX,50.000000,600,False
572237,SILVER28DEC26349000CE,SILVER,28DEC2026,34900000.000000,30,OPTFUT,MCX,50.000000,600,False
572239,SILVER28DEC26351000CE,SILVER,28DEC2026,35100000.000000,30,OPTFUT,MCX,50.000000,600,False
572265,SILVER25JAN27349000CE,SILVER,25JAN2027,34900000.000000,30,OPTFUT,MCX,50.000000,600,False
572269,SILVER25JAN27353000CE,SILVER,25JAN2027,35300000.000000,30,OPTFUT,MCX,50.000000,600,False
572273,SILVER25JAN27357000CE,SILVER,25JAN2027,35700000.000000,30,OPTFUT,MCX,50.000000,600,False
572281,SILVER25JAN27365000CE,SILVER,25JAN2027,36500000.000000,30,OPTFUT,MCX,50.000000,600,False
572292,SILVER26FEB27348000CE,SILVER,26FEB2027,34800000.000000,30,OPTFUT,MCX,50.000000,600,False
572313,SILVER26FEB27369000CE,SILVER,26FEB2027,36900000.000000,30,OPTFUT,MCX,50.000000,600,False
572362,SILVER28DEC26355000PE,SILVER,28DEC2026,35500000.000000,30,OPTFUT,MCX,50.000000,600,False
572364,SILVER28DEC26357000PE,SILVER,28DEC2026,35700000.000000,30,OPTFUT,MCX,50.000000,600,False
572374,SILVER28DEC26367000PE,SILVER,28DEC2026,36700000.000000,30,OPTFUT,MCX,50.000000,600,False
572380,SILVER25JAN27345000PE,SILVER,25JAN2027,34500000.000000,30,OPTFUT,MCX,50.000000,600,False
572382,SILVER25JAN27347000PE,SILVER,25JAN2027,34700000.000000,30,OPTFUT,MCX,50.000000,600,False
572389,SILVER25JAN27354000PE,SILVER,25JAN2027,35400000.000000,30,OPTFUT,MCX,50.000000,600,False
572392,SILVER25JAN27357000PE,SILVER,25JAN2027,35700000.000000,30,OPTFUT,MCX,50.000000,600,False
572406,SILVER26FEB27343000PE,SILVER,26FEB2027,34300000.000000,30,OPTFUT,MCX,50.000000,600,False
572418,SILVER26FEB27355000PE,SILVER,26FEB2027,35500000.000000,30,OPTFUT,MCX,50.000000,600,False
572431,SILVER26FEB27368000PE,SILVER,26FEB2027,36800000.000000,30,OPTFUT,MCX,50.000000,600,False
572461,SILVERM23NOV26357000CE,SILVERM,23NOV2026,35700000.000000,5,OPTFUT,MCX,50.000000,600,False
572478,SILVERM28DEC26356000CE,SILVERM,28DEC2026,35600000.000000,5,OPTFUT,MCX,50.000000,600,False
572486,SILVERM28DEC26364000CE,SILVERM,28DEC2026,36400000.000000,5,OPTFUT,MCX,50.000000,600,False
572492,SILVERM25JAN27341000CE,SILVERM,25JAN2027,34100000.000000,5,OPTFUT,MCX,50.000000,600,False
572504,SILVERM25JAN27353000CE,SILVERM,25JAN2027,35300000.000000,5,OPTFUT,MCX,50.000000,600,False
572506,SILVERM25JAN27355000CE,SILVERM,25JAN2027,35500000.000000,5,OPTFUT,MCX,50.000000,600,False
572508,SILVERM25JAN27357000CE,SILVERM,25JAN2027,35700000.000000,5,OPTFUT,MCX,50.000000,600,False
572514,SILVERM25JAN27363000CE,SILVERM,25JAN2027,36300000.000000,5,OPTFUT,MCX,50.000000,600,False
572520,SILVERM25JAN27369000CE,SILVERM,25JAN2027,36900000.000000,5,OPTFUT,MCX,50.000000,600,False
572524,SILVERM19FEB27344000CE,SILVERM,19FEB2027,34400000.000000,5,OPTFUT,MCX,50.000000,600,False
572525,SILVERM19FEB27345000CE,SILVERM,19FEB2027,34500000.000000,5,OPTFUT,MCX,50.000000,600,False
572547,SILVERM19FEB27367000CE,SILVERM,19FEB2027,36700000.000000,5,OPTFUT,MCX,50.000000,600,False
572548,SILVERM19FEB27368000CE,SILVERM,19FEB2027,36800000.000000,5,OPTFUT,MCX,50.000000,600,False
572566,SILVERM24SEP26355000PE,SILVERM,24SEP2026,35500000.000000,5,OPTFUT,MCX,50.000000,600,False
572575,SILVERM23NOV26354000PE,SILVERM,23NOV2026,35400000.000000,5,OPTFUT,MCX,50.000000,600,False
572581,SILVERM28DEC26342000PE,SILVERM,28DEC2026,34200000.000000,5,OPTFUT,MCX,50.000000,600,False
572594,SILVERM28DEC26355000PE,SILVERM,28DEC2026,35500000.000000,5,OPTFUT,MCX,50.000000,600,False
572600,SILVERM28DEC26361000PE,SILVERM,28DEC2026,36100000.000000,5,OPTFUT,MCX,50.000000,600,False
572601,SILVERM28DEC26362000PE,SILVERM,28DEC2026,36200000.000000,5,OPTFUT,MCX,50.000000,600,False
572614,SILVERM25JAN27346000PE,SILVERM,25JAN2027,34600000.000000,5,OPTFUT,MCX,50.000000,600,False
572619,SILVERM25JAN27351000PE,SILVERM,25JAN2027,35100000.000000,5,OPTFUT,MCX,50.000000,600,False
572626,SILVERM25JAN27358000PE,SILVERM,25JAN2027,35800000.000000,5,OPTFUT,MCX,50.000000,600,False
572633,SILVERM25JAN27365000PE,SILVERM,25JAN2027,36500000.000000,5,OPTFUT,MCX,50.000000,600,False
572656,SILVERM19FEB27359000PE,SILVERM,19FEB2027,35900000.000000,5,OPTFUT,MCX,50.000000,600,False
572665,SILVERM19FEB27368000PE,SILVERM,19FEB2027,36800000.000000,5,OPTFUT,MCX,50.000000,600,False
572769,GOLD29MAR27209000CE,GOLD,29MAR2027,20900000.000000,1,OPTFUT,MCX,50.000000,100,False
572797,SILVER25MAR27305000CE,SILVER,25MAR2027,30500000.000000,30,OPTFUT,MCX,50.000000,600,False
572798,SILVER25MAR27304000CE,SILVER,25MAR2027,30400000.000000,30,OPTFUT,MCX,50.000000,600,False
572803,SILVER25MAR27299000CE,SILVER,25MAR2027,29900000.000000,30,OPTFUT,MCX,50.000000,600,False
572804,SILVER25MAR27298000CE,SILVER,25MAR2027,29800000.000000,30,OPTFUT,MCX,50.000000,600,False
572817,SILVER25MAR27285000CE,SILVER,25MAR2027,28500000.000000,30,OPTFUT,MCX,50.000000,600,False
572818,SILVER25MAR27284000CE,SILVER,25MAR2027,28400000.000000,30,OPTFUT,MCX,50.000000,600,False
572823,SILVER25MAR27323000CE,SILVER,25MAR2027,32300000.000000,30,OPTFUT,MCX,50.000000,600,False
572837,SILVER25MAR27337000CE,SILVER,25MAR2027,33700000.000000,30,OPTFUT,MCX,50.000000,600,False
572855,SILVER25MAR27355000CE,SILVER,25MAR2027,35500000.000000,30,OPTFUT,MCX,50.000000,600,False
572857,SILVER25MAR27357000CE,SILVER,25MAR2027,35700000.000000,30,OPTFUT,MCX,50.000000,600,False
572859,SILVER25MAR27359000CE,SILVER,25MAR2027,35900000.000000,30,OPTFUT,MCX,50.000000,600,False
572860,SILVER25MAR27360000CE,SILVER,25MAR2027,36000000.000000,30,OPTFUT,MCX,50.000000,600,False
572862,SILVER28APR27320000CE,SILVER,28APR2027,32000000.000000,30,OPTFUT,MCX,50.000000,600,False
572863,SILVER28APR27319000CE,SILVER,28APR2027,31900000.000000,30,OPTFUT,MCX,50.000000,600,False
572868,SILVER28APR27314000CE,SILVER,28APR2027,31400000.000000,30,OPTFUT,MCX,50.000000,600,False
572876,SILVER28APR27306000CE,SILVER,28APR2027,30600000.000000,30,OPTFUT,MCX,50.000000,600,False
572883,SILVER28APR27299000CE,SILVER,28APR2027,29900000.000000,30,OPTFUT,MCX,50.000000,600,False
572884,SILVER28APR27298000CE,SILVER,28APR2027,29800000.000000,30,OPTFUT,MCX,50.000000,600,False
572887,SILVER28APR27295000CE,SILVER,28APR2027,29500000.000000,30,OPTFUT,MCX,50.000000,600,False
572895,SILVER28APR27287000CE,SILVER,28APR2027,28700000.000000,30,OPTFUT,MCX,50.000000,600,False
572896,SILVER28APR27286000CE,SILVER,28APR2027,28600000.000000,30,OPTFUT,MCX,50.000000,600,False
572910,SILVER28APR27330000CE,SILVER,28APR2027,33000000.000000,30,OPTFUT,MCX,50.000000,600,False
572922,SILVER28APR27342000CE,SILVER,28APR2027,34200000.000000,30,OPTFUT,MCX,50.000000,600,False
572925,SILVER28APR27345000CE,SILVER,28APR2027,34500000.000000,30,OPTFUT,MCX,50.000000,600,False
572935,SILVER28APR27355000CE,SILVER,28APR2027,35500000.000000,30,OPTFUT,MCX,50.000000,600,False
572938,SILVER28APR27358000CE,SILVER,28APR2027,35800000.000000,30,OPTFUT,MCX,50.000000,600,False
572940,SILVER28APR27360000CE,SILVER,28APR2027,36000000.000000,30,OPTFUT,MCX,50.000000,600,False
572965,SILVER25MAR27297000PE,SILVER,25MAR2027,29700000.000000,30,OPTFUT,MCX,50.000000,600,False
572987,SILVER25MAR27327000PE,SILVER,25MAR2027,32700000.000000,30,OPTFUT,MCX,50.000000,600,False
572992,SILVER25MAR27332000PE,SILVER,25MAR2027,33200000.000000,30,OPTFUT,MCX,50.000000,600,False
572993,SILVER25MAR27333000PE,SILVER,25MAR2027,33300000.000000,30,OPTFUT,MCX,50.000000,600,False
572996,SILVER25MAR27336000PE,SILVER,25MAR2027,33600000.000000,30,OPTFUT,MCX,50.000000,600,False
572998,SILVER25MAR27338000PE,SILVER,25MAR2027,33800000.000000,30,OPTFUT,MCX,50.000000,600,False
573001,SILVER25MAR27341000PE,SILVER,25MAR2027,34100000.000000,30,OPTFUT,MCX,50.000000,600,False
573015,SILVER25MAR27355000PE,SILVER,25MAR2027,35500000.000000,30,OPTFUT,MCX,50.000000,600,False
573021,SILVER25MAR27361000PE,SILVER,25MAR2027,36100000.000000,30,OPTFUT,MCX,50.000000,600,False
573025,SILVER28APR27317000PE,SILVER,28APR2027,31700000.000000,30,OPTFUT,MCX,50.000000,600,False
573033,SILVER28APR27309000PE,SILVER,28APR2027,30900000.000000,30,OPTFUT,MCX,50.000000,600,False
573067,SILVER28APR27327000PE,SILVER,28APR2027,32700000.000000,30,OPTFUT,MCX,50.000000,600,False
573037,SILVER28APR27305000PE,SILVER,28APR2027,30500000.000000,30,OPTFUT,MCX,50.000000,600,False
573055,SILVER28APR27287000PE,SILVER,28APR2027,28700000.000000,30,OPTFUT,MCX,50.000000,600,False
573059,SILVER28APR27283000PE,SILVER,28APR2027,28300000.000000,30,OPTFUT,MCX,50.000000,600,False
573072,SILVER28APR27332000PE,SILVER,28APR2027,33200000.000000,30,OPTFUT,MCX,50.000000,600,False
573077,SILVER28APR27337000PE,SILVER,28APR2027,33700000.000000,30,OPTFUT,MCX,50.000000,600,False
573094,SILVER28APR27354000PE,SILVER,28APR2027,35400000.000000,30,OPTFUT,MCX,50.000000,600,False
573100,SILVER28APR27360000PE,SILVER,28APR2027,36000000.000000,30,OPTFUT,MCX,50.000000,600,False
573122,SILVERM25MAR27289000CE,SILVERM,25MAR2027,28900000.000000,5,OPTFUT,MCX,50.000000,600,False
573136,SILVERM25MAR27275000CE,SILVERM,25MAR2027,27500000.000000,5,OPTFUT,MCX,50.000000,600,False
573132,SILVERM25MAR27279000CE,SILVERM,25MAR2027,27900000.000000,5,OPTFUT,MCX,50.000000,600,False
573133,SILVERM25MAR27278000CE,SILVERM,25MAR2027,27800000.000000,5,OPTFUT,MCX,50.000000,600,False
573147,SILVERM25MAR27316000CE,SILVERM,25MAR2027,31600000.000000,5,OPTFUT,MCX,50.000000,600,False
573149,SILVERM25MAR27318000CE,SILVERM,25MAR2027,31800000.000000,5,OPTFUT,MCX,50.000000,600,False
573150,SILVERM25MAR27319000CE,SILVERM,25MAR2027,31900000.000000,5,OPTFUT,MCX,50.000000,600,False
573152,SILVERM25MAR27321000CE,SILVERM,25MAR2027,32100000.000000,5,OPTFUT,MCX,50.000000,600,False
573161,SILVERM25MAR27330000CE,SILVERM,25MAR2027,33000000.000000,5,OPTFUT,MCX,50.000000,600,False
573167,SILVERM25MAR27336000CE,SILVERM,25MAR2027,33600000.000000,5,OPTFUT,MCX,50.000000,600,False
573172,SILVERM25MAR27341000CE,SILVERM,25MAR2027,34100000.000000,5,OPTFUT,MCX,50.000000,600,False
573175,SILVERM25MAR27344000CE,SILVERM,25MAR2027,34400000.000000,5,OPTFUT,MCX,50.000000,600,False
573182,SILVERM23APR27309000CE,SILVERM,23APR2027,30900000.000000,5,OPTFUT,MCX,50.000000,600,False
573193,SILVERM23APR27298000CE,SILVERM,23APR2027,29800000.000000,5,OPTFUT,MCX,50.000000,600,False
573194,SILVERM23APR27297000CE,SILVERM,23APR2027,29700000.000000,5,OPTFUT,MCX,50.000000,600,False
573197,SILVERM23APR27294000CE,SILVERM,23APR2027,29400000.000000,5,OPTFUT,MCX,50.000000,600,False
573201,SILVERM23APR27290000CE,SILVERM,23APR2027,29000000.000000,5,OPTFUT,MCX,50.000000,600,False
573206,SILVERM23APR27285000CE,SILVERM,23APR2027,28500000.000000,5,OPTFUT,MCX,50.000000,600,False
573216,SILVERM23APR27275000CE,SILVERM,23APR2027,27500000.000000,5,OPTFUT,MCX,50.000000,600,False
573233,SILVERM23APR27322000CE,SILVERM,23APR2027,32200000.000000,5,OPTFUT,MCX,50.000000,600,False
573245,SILVERM23APR27334000CE,SILVERM,23APR2027,33400000.000000,5,OPTFUT,MCX,50.000000,600,False
573251,SILVERM23APR27340000CE,SILVERM,23APR2027,34000000.000000,5,OPTFUT,MCX,50.000000,600,False
573254,SILVERM23APR27343000CE,SILVERM,23APR2027,34300000.000000,5,OPTFUT,MCX,50.000000,600,False
573259,SILVERM23APR27348000CE,SILVERM,23APR2027,34800000.000000,5,OPTFUT,MCX,50.000000,600,False
573260,SILVERM23APR27349000CE,SILVERM,23APR2027,34900000.000000,5,OPTFUT,MCX,50.000000,600,False
573265,SILVERM25MAR27306000PE,SILVERM,25MAR2027,30600000.000000,5,OPTFUT,MCX,50.000000,600,False
573271,SILVERM25MAR27300000PE,SILVERM,25MAR2027,30000000.000000,5,OPTFUT,MCX,50.000000,600,False
573277,SILVERM25MAR27294000PE,SILVERM,25MAR2027,29400000.000000,5,OPTFUT,MCX,50.000000,600,False
573291,SILVERM25MAR27280000PE,SILVERM,25MAR2027,28000000.000000,5,OPTFUT,MCX,50.000000,600,False
573295,SILVERM25MAR27276000PE,SILVERM,25MAR2027,27600000.000000,5,OPTFUT,MCX,50.000000,600,False
573297,SILVERM25MAR27274000PE,SILVERM,25MAR2027,27400000.000000,5,OPTFUT,MCX,50.000000,600,False
573305,SILVERM25MAR27314000PE,SILVERM,25MAR2027,31400000.000000,5,OPTFUT,MCX,50.000000,600,False
573319,SILVERM25MAR27328000PE,SILVERM,25MAR2027,32800000.000000,5,OPTFUT,MCX,50.000000,600,False
573321,SILVERM25MAR27330000PE,SILVERM,25MAR2027,33000000.000000,5,OPTFUT,MCX,50.000000,600,False
573328,SILVERM25MAR27337000PE,SILVERM,25MAR2027,33700000.000000,5,OPTFUT,MCX,50.000000,600,False
573331,SILVERM25MAR27340000PE,SILVERM,25MAR2027,34000000.000000,5,OPTFUT,MCX,50.000000,600,False
573335,SILVERM25MAR27344000PE,SILVERM,25MAR2027,34400000.000000,5,OPTFUT,MCX,50.000000,600,False
573336,SILVERM25MAR27345000PE,SILVERM,25MAR2027,34500000.000000,5,OPTFUT,MCX,50.000000,600,False
573342,SILVERM23APR27309000PE,SILVERM,23APR2027,30900000.000000,5,OPTFUT,MCX,50.000000,600,False
573370,SILVERM23APR27281000PE,SILVERM,23APR2027,28100000.000000,5,OPTFUT,MCX,50.000000,600,False
573400,SILVERM23APR27329000PE,SILVERM,23APR2027,32900000.000000,5,OPTFUT,MCX,50.000000,600,False
573404,SILVERM23APR27333000PE,SILVERM,23APR2027,33300000.000000,5,OPTFUT,MCX,50.000000,600,False
573413,SILVERM23APR27342000PE,SILVERM,23APR2027,34200000.000000,5,OPTFUT,MCX,50.000000,600,False
573750,SILVER25MAR27278000CE,SILVER,25MAR2027,27800000.000000,30,OPTFUT,MCX,50.000000,600,False
573773,SILVER28APR27277000CE,SILVER,28APR2027,27700000.000000,30,OPTFUT,MCX,50.000000,600,False
573775,SILVER28APR27275000CE,SILVER,28APR2027,27500000.000000,30,OPTFUT,MCX,50.000000,600,False
573789,SILVER28APR27261000CE,SILVER,28APR2027,26100000.000000,30,OPTFUT,MCX,50.000000,600,False
573794,SILVER25MAR27278000PE,SILVER,25MAR2027,27800000.000000,30,OPTFUT,MCX,50.000000,600,False
573796,SILVER25MAR27276000PE,SILVER,25MAR2027,27600000.000000,30,OPTFUT,MCX,50.000000,600,False
573805,SILVER25MAR27267000PE,SILVER,25MAR2027,26700000.000000,30,OPTFUT,MCX,50.000000,600,False
573824,SILVER28APR27270000PE,SILVER,28APR2027,27000000.000000,30,OPTFUT,MCX,50.000000,600,False
573827,SILVER28APR27267000PE,SILVER,28APR2027,26700000.000000,30,OPTFUT,MCX,50.000000,600,False
573834,SILVER28APR27260000PE,SILVER,28APR2027,26000000.000000,30,OPTFUT,MCX,50.000000,600,False
573835,SILVER28APR27259000PE,SILVER,28APR2027,25900000.000000,30,OPTFUT,MCX,50.000000,600,False
573838,SILVERM25MAR27267000CE,SILVERM,25MAR2027,26700000.000000,5,OPTFUT,MCX,50.000000,600,False
573839,SILVERM25MAR27266000CE,SILVERM,25MAR2027,26600000.000000,5,OPTFUT,MCX,50.000000,600,False
573849,SILVERM23APR27268000PE,SILVERM,23APR2027,26800000.000000,5,OPTFUT,MCX,50.000000,600,False
573851,SILVERM23APR27266000PE,SILVERM,23APR2027,26600000.000000,5,OPTFUT,MCX,50.000000,600,False
574197,SILVER25MAR27256000PE,SILVER,25MAR2027,25600000.000000,30,OPTFUT,MCX,50.000000,600,False
574204,SILVERM23APR27265000CE,SILVERM,23APR2027,26500000.000000,5,OPTFUT,MCX,50.000000,600,False
574208,SILVERM25MAR27264000PE,SILVERM,25MAR2027,26400000.000000,5,OPTFUT,MCX,50.000000,600,False
574824,SILVER10030SEP26FUT,SILVER100,30SEP2026,0.000000,100,FUTCOM,MCX,100.000000,600000,False
574841,GOLDPETAL30NOV26FUT,GOLDPETAL,30NOV2026,0.000000,1,FUTCOM,MCX,100.000000,10000,False
574849,COPPER23SEP261390CE,COPPER,23SEP2026,139000.000000,2500,OPTFUT,MCX,1.000000,70000,False
574859,COPPER23SEP261290CE,COPPER,23SEP2026,129000.000000,2500,OPTFUT,MCX,1.000000,70000,False
574862,COPPER23SEP261260CE,COPPER,23SEP2026,126000.000000,2500,OPTFUT,MCX,1.000000,70000,False
574866,COPPER23SEP261430CE,COPPER,23SEP2026,143000.000000,2500,OPTFUT,MCX,1.000000,70000,False
574896,COPPER23SEP261430PE,COPPER,23SEP2026,143000.000000,2500,OPTFUT,MCX,1.000000,70000,False
574897,COPPER23SEP261440PE,COPPER,23SEP2026,144000.000000,2500,OPTFUT,MCX,1.000000,70000,False
574904,COPPER23SEP261510PE,COPPER,23SEP2026,151000.000000,2500,OPTFUT,MCX,1.000000,70000,False
574921,SILVERM25MAR27353000CE,SILVERM,25MAR2027,35300000.000000,5,OPTFUT,MCX,50.000000,600,False
574924,SILVERM23APR27353000CE,SILVERM,23APR2027,35300000.000000,5,OPTFUT,MCX,50.000000,600,False
574934,ZINC23SEP26335CE,ZINC,23SEP2026,33500.000000,5,OPTFUT,MCX,1.000000,100,False
574935,ZINC23SEP26330CE,ZINC,23SEP2026,33000.000000,5,OPTFUT,MCX,1.000000,100,False
574952,ZINC23SEP26345PE,ZINC,23SEP2026,34500.000000,5,OPTFUT,MCX,1.000000,100,False
574956,ZINC23SEP26325PE,ZINC,23SEP2026,32500.000000,5,OPTFUT,MCX,1.000000,100,False
574968,ZINC23SEP26395PE,ZINC,23SEP2026,39500.000000,5,OPTFUT,MCX,1.000000,100,False
574990,COPPER23SEP261580PE,COPPER,23SEP2026,158000.000000,2500,OPTFUT,MCX,1.000000,70000,False
575221,SILVER25MAR27252000CE,SILVER,25MAR2027,25200000.000000,30,OPTFUT,MCX,50.000000,600,False
575227,SILVER25MAR27246000CE,SILVER,25MAR2027,24600000.000000,30,OPTFUT,MCX,50.000000,600,False
575257,SILVER25MAR27244000PE,SILVER,25MAR2027,24400000.000000,30,OPTFUT,MCX,50.000000,600,False
575258,SILVER25MAR27243000PE,SILVER,25MAR2027,24300000.000000,30,OPTFUT,MCX,50.000000,600,False
575261,SILVER28APR27254000PE,SILVER,28APR2027,25400000.000000,30,OPTFUT,MCX,50.000000,600,False
575279,SILVERM25MAR27257000CE,SILVERM,25MAR2027,25700000.000000,5,OPTFUT,MCX,50.000000,600,False
575303,SILVERM23APR27249000CE,SILVERM,23APR2027,24900000.000000,5,OPTFUT,MCX,50.000000,600,False
575306,SILVERM25MAR27262000PE,SILVERM,25MAR2027,26200000.000000,5,OPTFUT,MCX,50.000000,600,False
575329,SILVERM23APR27255000PE,SILVERM,23APR2027,25500000.000000,5,OPTFUT,MCX,50.000000,600,False
575374,SILVER28APR27241000PE,SILVER,28APR2027,24100000.000000,30,OPTFUT,MCX,50.000000,600,False
575379,SILVERM25MAR27245000CE,SILVERM,25MAR2027,24500000.000000,5,OPTFUT,MCX,50.000000,600,False
575389,SILVERM25MAR27245000PE,SILVERM,25MAR2027,24500000.000000,5,OPTFUT,MCX,50.000000,600,False
575415,SILVER25MAR27236000CE,SILVER,25MAR2027,23600000.000000,30,OPTFUT,MCX,50.000000,600,False
575429,SILVER28APR27234000CE,SILVER,28APR2027,23400000.000000,30,OPTFUT,MCX,50.000000,600,False
575442,SILVER25MAR27233000PE,SILVER,25MAR2027,23300000.000000,30,OPTFUT,MCX,50.000000,600,False
575452,SILVER28APR27235000PE,SILVER,28APR2027,23500000.000000,30,OPTFUT,MCX,50.000000,600,False
575459,SILVER28APR27228000PE,SILVER,28APR2027,22800000.000000,30,OPTFUT,MCX,50.000000,600,False
575460,SILVER28APR27227000PE,SILVER,28APR2027,22700000.000000,30,OPTFUT,MCX,50.000000,600,False
575462,SILVERM25MAR27241000CE,SILVERM,25MAR2027,24100000.000000,5,OPTFUT,MCX,50.000000,600,False
575483,SILVERM25MAR27240000PE,SILVERM,25MAR2027,24000000.000000,5,OPTFUT,MCX,50.000000,600,False
575484,SILVERM25MAR27239000PE,SILVERM,25MAR2027,23900000.000000,5,OPTFUT,MCX,50.000000,600,False
575485,SILVERM25MAR27238000PE,SILVERM,25MAR2027,23800000.000000,5,OPTFUT,MCX,50.000000,600,False
575486,SILVERM25MAR27237000PE,SILVERM,25MAR2027,23700000.000000,5,OPTFUT,MCX,50.000000,600,False
575489,SILVERM25MAR27234000PE,SILVERM,25MAR2027,23400000.000000,5,OPTFUT,MCX,50.000000,600,False
575492,SILVERM23APR27241000PE,SILVERM,23APR2027,24100000.000000,5,OPTFUT,MCX,50.000000,600,False
575500,SILVERM23APR27233000PE,SILVERM,23APR2027,23300000.000000,5,OPTFUT,MCX,50.000000,600,False
575524,GOLD26FEB27138500CE,GOLD,26FEB2027,13850000.000000,1,OPTFUT,MCX,50.000000,100,False
575528,GOLD26FEB27136500CE,GOLD,26FEB2027,13650000.000000,1,OPTFUT,MCX,50.000000,100,False
575541,GOLD29MAR27137500PE,GOLD,29MAR2027,13750000.000000,1,OPTFUT,MCX,50.000000,100,False
575604,SILVER28APR27223000CE,SILVER,28APR2027,22300000.000000,30,OPTFUT,MCX,50.000000,600,False
575606,SILVER28APR27221000CE,SILVER,28APR2027,22100000.000000,30,OPTFUT,MCX,50.000000,600,False
575628,SILVERM23APR27228000CE,SILVERM,23APR2027,22800000.000000,5,OPTFUT,MCX,50.000000,600,False
575633,SILVERM25MAR27228000PE,SILVERM,25MAR2027,22800000.000000,5,OPTFUT,MCX,50.000000,600,False
575634,SILVERM25MAR27227000PE,SILVERM,25MAR2027,22700000.000000,5,OPTFUT,MCX,50.000000,600,False
575640,ZINC23SEP26300CE,ZINC,23SEP2026,30000.000000,5,OPTFUT,MCX,1.000000,100,False
575718,GOLD30APR27163500CE,GOLD,30APR2027,16350000.000000,1,OPTFUT,MCX,50.000000,100,False
575724,GOLD30APR27160500CE,GOLD,30APR2027,16050000.000000,1,OPTFUT,MCX,50.000000,100,False
575733,GOLD30APR27156000CE,GOLD,30APR2027,15600000.000000,1,OPTFUT,MCX,50.000000,100,False
575763,GOLD30APR27141000CE,GOLD,30APR2027,14100000.000000,1,OPTFUT,MCX,50.000000,100,False
575768,GOLD30APR27164500CE,GOLD,30APR2027,16450000.000000,1,OPTFUT,MCX,50.000000,100,False
575769,GOLD30APR27165000CE,GOLD,30APR2027,16500000.000000,1,OPTFUT,MCX,50.000000,100,False
575776,GOLD30APR27168500CE,GOLD,30APR2027,16850000.000000,1,OPTFUT,MCX,50.000000,100,False
575779,GOLD30APR27170000CE,GOLD,30APR2027,17000000.000000,1,OPTFUT,MCX,50.000000,100,False
575792,GOLD30APR27176500CE,GOLD,30APR2027,17650000.000000,1,OPTFUT,MCX,50.000000,100,False
575806,GOLD30APR27183500CE,GOLD,30APR2027,18350000.000000,1,OPTFUT,MCX,50.000000,100,False
575810,GOLD30APR27185500CE,GOLD,30APR2027,18550000.000000,1,OPTFUT,MCX,50.000000,100,False
575814,GOLD30APR27187500CE,GOLD,30APR2027,18750000.000000,1,OPTFUT,MCX,50.000000,100,False
575821,GOLD28MAY27162000CE,GOLD,28MAY2027,16200000.000000,1,OPTFUT,MCX,50.000000,100,False
575842,GOLD28MAY27151500CE,GOLD,28MAY2027,15150000.000000,1,OPTFUT,MCX,50.000000,100,False
575856,GOLD28MAY27144500CE,GOLD,28MAY2027,14450000.000000,1,OPTFUT,MCX,50.000000,100,False
575861,GOLD28MAY27142000CE,GOLD,28MAY2027,14200000.000000,1,OPTFUT,MCX,50.000000,100,False
575877,GOLD28MAY27169000CE,GOLD,28MAY2027,16900000.000000,1,OPTFUT,MCX,50.000000,100,False
575909,GOLD28MAY27185000CE,GOLD,28MAY2027,18500000.000000,1,OPTFUT,MCX,50.000000,100,False
575912,GOLD28MAY27186500CE,GOLD,28MAY2027,18650000.000000,1,OPTFUT,MCX,50.000000,100,False
575938,GOLD30APR27153500PE,GOLD,30APR2027,15350000.000000,1,OPTFUT,MCX,50.000000,100,False
575945,GOLD30APR27150000PE,GOLD,30APR2027,15000000.000000,1,OPTFUT,MCX,50.000000,100,False
575948,GOLD30APR27148500PE,GOLD,30APR2027,14850000.000000,1,OPTFUT,MCX,50.000000,100,False
575949,GOLD30APR27148000PE,GOLD,30APR2027,14800000.000000,1,OPTFUT,MCX,50.000000,100,False
575951,GOLD30APR27147000PE,GOLD,30APR2027,14700000.000000,1,OPTFUT,MCX,50.000000,100,False
575961,GOLD30APR27142000PE,GOLD,30APR2027,14200000.000000,1,OPTFUT,MCX,50.000000,100,False
575965,GOLD30APR27140000PE,GOLD,30APR2027,14000000.000000,1,OPTFUT,MCX,50.000000,100,False
575968,GOLD30APR27164500PE,GOLD,30APR2027,16450000.000000,1,OPTFUT,MCX,50.000000,100,False
575976,GOLD30APR27168500PE,GOLD,30APR2027,16850000.000000,1,OPTFUT,MCX,50.000000,100,False
575980,GOLD30APR27170500PE,GOLD,30APR2027,17050000.000000,1,OPTFUT,MCX,50.000000,100,False
575983,GOLD30APR27172000PE,GOLD,30APR2027,17200000.000000,1,OPTFUT,MCX,50.000000,100,False
576005,GOLD30APR27183000PE,GOLD,30APR2027,18300000.000000,1,OPTFUT,MCX,50.000000,100,False
576014,GOLD30APR27187500PE,GOLD,30APR2027,18750000.000000,1,OPTFUT,MCX,50.000000,100,False
576029,GOLD28MAY27158000PE,GOLD,28MAY2027,15800000.000000,1,OPTFUT,MCX,50.000000,100,False
576036,GOLD28MAY27154500PE,GOLD,28MAY2027,15450000.000000,1,OPTFUT,MCX,50.000000,100,False
576037,GOLD28MAY27154000PE,GOLD,28MAY2027,15400000.000000,1,OPTFUT,MCX,50.000000,100,False
576039,GOLD28MAY27153000PE,GOLD,28MAY2027,15300000.000000,1,OPTFUT,MCX,50.000000,100,False
576050,GOLD28MAY27147500PE,GOLD,28MAY2027,14750000.000000,1,OPTFUT,MCX,50.000000,100,False
576068,GOLD28MAY27164500PE,GOLD,28MAY2027,16450000.000000,1,OPTFUT,MCX,50.000000,100,False
576071,GOLD28MAY27166000PE,GOLD,28MAY2027,16600000.000000,1,OPTFUT,MCX,50.000000,100,False
576084,GOLD28MAY27172500PE,GOLD,28MAY2027,17250000.000000,1,OPTFUT,MCX,50.000000,100,False
576110,GOLD28MAY27185500PE,GOLD,28MAY2027,18550000.000000,1,OPTFUT,MCX,50.000000,100,False
576235,GOLD30APR27191000PE,GOLD,30APR2027,19100000.000000,1,OPTFUT,MCX,50.000000,100,False
576241,GOLD30APR27194000PE,GOLD,30APR2027,19400000.000000,1,OPTFUT,MCX,50.000000,100,False
576245,GOLD30APR27196000PE,GOLD,30APR2027,19600000.000000,1,OPTFUT,MCX,50.000000,100,False
576248,GOLD28MAY27189500PE,GOLD,28MAY2027,18950000.000000,1,OPTFUT,MCX,50.000000,100,False
576253,GOLD28MAY27192000PE,GOLD,28MAY2027,19200000.000000,1,OPTFUT,MCX,50.000000,100,False
576259,GOLD28MAY27195000PE,GOLD,28MAY2027,19500000.000000,1,OPTFUT,MCX,50.000000,100,False
576274,CRUDEOIL17SEP266850CE,CRUDEOIL,17SEP2026,685000.000000,100,OPTFUT,MCX,10.000000,10000,False
576299,CRUDEOIL17SEP265600CE,CRUDEOIL,17SEP2026,560000.000000,100,OPTFUT,MCX,10.000000,10000,False
576314,CRUDEOIL17SEP264850CE,CRUDEOIL,17SEP2026,485000.000000,100,OPTFUT,MCX,10.000000,10000,False
576336,CRUDEOIL17SEP263750CE,CRUDEOIL,17SEP2026,375000.000000,100,OPTFUT,MCX,10.000000,10000,False
576339,CRUDEOIL17SEP263600CE,CRUDEOIL,17SEP2026,360000.000000,100,OPTFUT,MCX,10.000000,10000,False
576340,CRUDEOIL17SEP263550CE,CRUDEOIL,17SEP2026,355000.000000,100,OPTFUT,MCX,10.000000,10000,False
576354,CRUDEOIL17SEP267300CE,CRUDEOIL,17SEP2026,730000.000000,100,OPTFUT,MCX,10.000000,10000,False
576363,CRUDEOIL17SEP267750CE,CRUDEOIL,17SEP2026,775000.000000,100,OPTFUT,MCX,10.000000,10000,False
576369,CRUDEOIL17SEP268050CE,CRUDEOIL,17SEP2026,805000.000000,100,OPTFUT,MCX,10.000000,10000,False
576370,CRUDEOIL17SEP268100CE,CRUDEOIL,17SEP2026,810000.000000,100,OPTFUT,MCX,10.000000,10000,False
576375,CRUDEOIL17SEP268350CE,CRUDEOIL,17SEP2026,835000.000000,100,OPTFUT,MCX,10.000000,10000,False
576392,CRUDEOIL17SEP269200CE,CRUDEOIL,17SEP2026,920000.000000,100,OPTFUT,MCX,10.000000,10000,False
576399,CRUDEOIL17SEP269550CE,CRUDEOIL,17SEP2026,955000.000000,100,OPTFUT,MCX,10.000000,10000,False
576404,CRUDEOIL17SEP269800CE,CRUDEOIL,17SEP2026,980000.000000,100,OPTFUT,MCX,10.000000,10000,False
576436,CRUDEOIL17SEP266400PE,CRUDEOIL,17SEP2026,640000.000000,100,OPTFUT,MCX,10.000000,10000,False
576443,CRUDEOIL17SEP266050PE,CRUDEOIL,17SEP2026,605000.000000,100,OPTFUT,MCX,10.000000,10000,False
576444,CRUDEOIL17SEP266000PE,CRUDEOIL,17SEP2026,600000.000000,100,OPTFUT,MCX,10.000000,10000,False
576446,CRUDEOIL17SEP265900PE,CRUDEOIL,17SEP2026,590000.000000,100,OPTFUT,MCX,10.000000,10000,False
576467,CRUDEOIL17SEP264850PE,CRUDEOIL,17SEP2026,485000.000000,100,OPTFUT,MCX,10.000000,10000,False
576468,CRUDEOIL17SEP264800PE,CRUDEOIL,17SEP2026,480000.000000,100,OPTFUT,MCX,10.000000,10000,False
576500,CRUDEOIL17SEP263200PE,CRUDEOIL,17SEP2026,320000.000000,100,OPTFUT,MCX,10.000000,10000,False
576504,CRUDEOIL17SEP267150PE,CRUDEOIL,17SEP2026,715000.000000,100,OPTFUT,MCX,10.000000,10000,False
576525,CRUDEOIL17SEP268200PE,CRUDEOIL,17SEP2026,820000.000000,100,OPTFUT,MCX,10.000000,10000,False
576530,CRUDEOIL17SEP268450PE,CRUDEOIL,17SEP2026,845000.000000,100,OPTFUT,MCX,10.000000,10000,False
576531,CRUDEOIL17SEP268500PE,CRUDEOIL,17SEP2026,850000.000000,100,OPTFUT,MCX,10.000000,10000,False
576538,CRUDEOIL17SEP268850PE,CRUDEOIL,17SEP2026,885000.000000,100,OPTFUT,MCX,10.000000,10000,False
576534,CRUDEOIL17SEP268650PE,CRUDEOIL,17SEP2026,865000.000000,100,OPTFUT,MCX,10.000000,10000,False
576535,CRUDEOIL17SEP268700PE,CRUDEOIL,17SEP2026,870000.000000,100,OPTFUT,MCX,10.000000,10000,False
576546,CRUDEOIL17SEP269250PE,CRUDEOIL,17SEP2026,925000.000000,100,OPTFUT,MCX,10.000000,10000,False
576568,CRUDEOIL17SEP2610350PE,CRUDEOIL,17SEP2026,1035000.000000,100,OPTFUT,MCX,10.000000,10000,False
576569,CRUDEOIL17SEP2610400PE,CRUDEOIL,17SEP2026,1040000.000000,100,OPTFUT,MCX,10.000000,10000,False
576594,CRUDEOILM17SEP266200CE,CRUDEOILM,17SEP2026,620000.000000,10,OPTFUT,MCX,5.000000,10000,False
576618,CRUDEOILM17SEP265000CE,CRUDEOILM,17SEP2026,500000.000000,10,OPTFUT,MCX,5.000000,10000,False
576633,CRUDEOILM17SEP264250CE,CRUDEOILM,17SEP2026,425000.000000,10,OPTFUT,MCX,5.000000,10000,False
576640,CRUDEOILM17SEP263900CE,CRUDEOILM,17SEP2026,390000.000000,10,OPTFUT,MCX,5.000000,10000,False
576653,CRUDEOILM17SEP263250CE,CRUDEOILM,17SEP2026,325000.000000,10,OPTFUT,MCX,5.000000,10000,False
576655,CRUDEOILM17SEP267000CE,CRUDEOILM,17SEP2026,700000.000000,10,OPTFUT,MCX,5.000000,10000,False
576658,CRUDEOILM17SEP267150CE,CRUDEOILM,17SEP2026,715000.000000,10,OPTFUT,MCX,5.000000,10000,False
576675,CRUDEOILM17SEP268000CE,CRUDEOILM,17SEP2026,800000.000000,10,OPTFUT,MCX,5.000000,10000,False
576676,CRUDEOILM17SEP268050CE,CRUDEOILM,17SEP2026,805000.000000,10,OPTFUT,MCX,5.000000,10000,False
576689,CRUDEOILM17SEP268700CE,CRUDEOILM,17SEP2026,870000.000000,10,OPTFUT,MCX,5.000000,10000,False
576693,CRUDEOILM17SEP268900CE,CRUDEOILM,17SEP2026,890000.000000,10,OPTFUT,MCX,5.000000,10000,False
576697,CRUDEOILM17SEP269100CE,CRUDEOILM,17SEP2026,910000.000000,10,OPTFUT,MCX,5.000000,10000,False
576699,CRUDEOILM17SEP269200CE,CRUDEOILM,17SEP2026,920000.000000,10,OPTFUT,MCX,5.000000,10000,False
576703,CRUDEOILM17SEP269400CE,CRUDEOILM,17SEP2026,940000.000000,10,OPTFUT,MCX,5.000000,10000,False
576715,CRUDEOILM17SEP2610000CE,CRUDEOILM,17SEP2026,1000000.000000,10,OPTFUT,MCX,5.000000,10000,False
576719,CRUDEOILM17SEP2610200CE,CRUDEOILM,17SEP2026,1020000.000000,10,OPTFUT,MCX,5.000000,10000,False
576725,CRUDEOILM17SEP2610500CE,CRUDEOILM,17SEP2026,1050000.000000,10,OPTFUT,MCX,5.000000,10000,False
576739,CRUDEOILM17SEP266650PE,CRUDEOILM,17SEP2026,665000.000000,10,OPTFUT,MCX,5.000000,10000,False
576745,CRUDEOILM17SEP266350PE,CRUDEOILM,17SEP2026,635000.000000,10,OPTFUT,MCX,5.000000,10000,False
576756,CRUDEOILM17SEP265800PE,CRUDEOILM,17SEP2026,580000.000000,10,OPTFUT,MCX,5.000000,10000,False
576761,CRUDEOILM17SEP265550PE,CRUDEOILM,17SEP2026,555000.000000,10,OPTFUT,MCX,5.000000,10000,False
576764,CRUDEOILM17SEP265400PE,CRUDEOILM,17SEP2026,540000.000000,10,OPTFUT,MCX,5.000000,10000,False
576766,CRUDEOILM17SEP265300PE,CRUDEOILM,17SEP2026,530000.000000,10,OPTFUT,MCX,5.000000,10000,False
576769,CRUDEOILM17SEP265150PE,CRUDEOILM,17SEP2026,515000.000000,10,OPTFUT,MCX,5.000000,10000,False
576783,CRUDEOILM17SEP264450PE,CRUDEOILM,17SEP2026,445000.000000,10,OPTFUT,MCX,5.000000,10000,False
576786,CRUDEOILM17SEP264300PE,CRUDEOILM,17SEP2026,430000.000000,10,OPTFUT,MCX,5.000000,10000,False
576787,CRUDEOILM17SEP264250PE,CRUDEOILM,17SEP2026,425000.000000,10,OPTFUT,MCX,5.000000,10000,False
576791,CRUDEOILM17SEP264050PE,CRUDEOILM,17SEP2026,405000.000000,10,OPTFUT,MCX,5.000000,10000,False
576792,CRUDEOILM17SEP264000PE,CRUDEOILM,17SEP2026,400000.000000,10,OPTFUT,MCX,5.000000,10000,False
576805,CRUDEOILM17SEP263350PE,CRUDEOILM,17SEP2026,335000.000000,10,OPTFUT,MCX,5.000000,10000,False
576821,CRUDEOILM17SEP267600PE,CRUDEOILM,17SEP2026,760000.000000,10,OPTFUT,MCX,5.000000,10000,False
576836,CRUDEOILM17SEP268350PE,CRUDEOILM,17SEP2026,835000.000000,10,OPTFUT,MCX,5.000000,10000,False
576851,CRUDEOILM17SEP269100PE,CRUDEOILM,17SEP2026,910000.000000,10,OPTFUT,MCX,5.000000,10000,False
576860,CRUDEOILM17SEP269550PE,CRUDEOILM,17SEP2026,955000.000000,10,OPTFUT,MCX,5.000000,10000,False
576868,CRUDEOILM17SEP269950PE,CRUDEOILM,17SEP2026,995000.000000,10,OPTFUT,MCX,5.000000,10000,False
576872,CRUDEOILM17SEP2610150PE,CRUDEOILM,17SEP2026,1015000.000000,10,OPTFUT,MCX,5.000000,10000,False
576875,CRUDEOILM17SEP2610300PE,CRUDEOILM,17SEP2026,1030000.000000,10,OPTFUT,MCX,5.000000,10000,False
576879,CRUDEOILM17SEP2610500PE,CRUDEOILM,17SEP2026,1050000.000000,10,OPTFUT,MCX,5.000000,10000,False
576910,SILVERM23APR27226000CE,SILVERM,23APR2027,22600000.000000,5,OPTFUT,MCX,50.000000,600,False
576941,COPPER23SEP261200CE,COPPER,23SEP2026,120000.000000,2500,OPTFUT,MCX,1.000000,70000,False
576946,COPPER23SEP261200PE,COPPER,23SEP2026,120000.000000,2500,OPTFUT,MCX,1.000000,70000,False
576968,SILVER25MAR27215000CE,SILVER,25MAR2027,21500000.000000,30,OPTFUT,MCX,50.000000,600,False
576975,SILVER28APR27218000CE,SILVER,28APR2027,21800000.000000,30,OPTFUT,MCX,50.000000,600,False
576979,SILVER28APR27214000CE,SILVER,28APR2027,21400000.000000,30,OPTFUT,MCX,50.000000,600,False
576980,SILVER28APR27213000CE,SILVER,28APR2027,21300000.000000,30,OPTFUT,MCX,50.000000,600,False
576992,SILVER25MAR27214000PE,SILVER,25MAR2027,21400000.000000,30,OPTFUT,MCX,50.000000,600,False
577015,SILVERM25MAR27225000CE,SILVERM,25MAR2027,22500000.000000,5,OPTFUT,MCX,50.000000,600,False
577032,SILVERM23APR27222000CE,SILVERM,23APR2027,22200000.000000,5,OPTFUT,MCX,50.000000,600,False
577099,MCXBULLDEX25SEP2632800CE,MCXBULLDEX,25SEP2026,3280000.000000,30,OPTIDX,MCX,5.000000,900,False
577132,COPPER23SEP261120PE,COPPER,23SEP2026,112000.000000,2500,OPTFUT,MCX,1.000000,70000,False
577189,GOLD25SEP26122000CE,GOLD,25SEP2026,12200000.000000,1,OPTFUT,MCX,50.000000,100,False
577195,GOLD30OCT26125000CE,GOLD,30OCT2026,12500000.000000,1,OPTFUT,MCX,50.000000,100,False
577196,GOLD27NOV26125000CE,GOLD,27NOV2026,12500000.000000,1,OPTFUT,MCX,50.000000,100,False
577205,GOLD26FEB27135500CE,GOLD,26FEB2027,13550000.000000,1,OPTFUT,MCX,50.000000,100,False
577246,GOLD28MAY27137500CE,GOLD,28MAY2027,13750000.000000,1,OPTFUT,MCX,50.000000,100,False
577228,GOLD29MAR27130500CE,GOLD,29MAR2027,13050000.000000,1,OPTFUT,MCX,50.000000,100,False
577244,GOLD28MAY27138500CE,GOLD,28MAY2027,13850000.000000,1,OPTFUT,MCX,50.000000,100,False
577248,GOLD28MAY27136500CE,GOLD,28MAY2027,13650000.000000,1,OPTFUT,MCX,50.000000,100,False
577252,GOLD28MAY27134500CE,GOLD,28MAY2027,13450000.000000,1,OPTFUT,MCX,50.000000,100,False
577286,GOLD27NOV26125000PE,GOLD,27NOV2026,12500000.000000,1,OPTFUT,MCX,50.000000,100,False
577301,GOLD26FEB27132500PE,GOLD,26FEB2027,13250000.000000,1,OPTFUT,MCX,50.000000,100,False
577307,GOLD26FEB27129500PE,GOLD,26FEB2027,12950000.000000,1,OPTFUT,MCX,50.000000,100,False
577314,GOLD29MAR27132500PE,GOLD,29MAR2027,13250000.000000,1,OPTFUT,MCX,50.000000,100,False
577316,GOLD29MAR27131500PE,GOLD,29MAR2027,13150000.000000,1,OPTFUT,MCX,50.000000,100,False
577318,GOLD29MAR27130500PE,GOLD,29MAR2027,13050000.000000,1,OPTFUT,MCX,50.000000,100,False
577319,GOLD29MAR27130000PE,GOLD,29MAR2027,13000000.000000,1,OPTFUT,MCX,50.000000,100,False
577322,GOLD30APR27138000PE,GOLD,30APR2027,13800000.000000,1,OPTFUT,MCX,50.000000,100,False
577333,GOLD30APR27132500PE,GOLD,30APR2027,13250000.000000,1,OPTFUT,MCX,50.000000,100,False
577336,GOLD28MAY27137500PE,GOLD,28MAY2027,13750000.000000,1,OPTFUT,MCX,50.000000,100,False
577339,GOLD28MAY27136000PE,GOLD,28MAY2027,13600000.000000,1,OPTFUT,MCX,50.000000,100,False
577441,SILVER24SEP26191000CE,SILVER,24SEP2026,19100000.000000,30,OPTFUT,MCX,50.000000,600,False
577443,SILVER24SEP26189000CE,SILVER,24SEP2026,18900000.000000,30,OPTFUT,MCX,50.000000,600,False
577451,SILVER27OCT26196000CE,SILVER,27OCT2026,19600000.000000,30,OPTFUT,MCX,50.000000,600,False
577457,SILVER27OCT26190000CE,SILVER,27OCT2026,19000000.000000,30,OPTFUT,MCX,50.000000,600,False
577487,SILVER28DEC26197000CE,SILVER,28DEC2026,19700000.000000,30,OPTFUT,MCX,50.000000,600,False
577498,SILVER25JAN27204000CE,SILVER,25JAN2027,20400000.000000,30,OPTFUT,MCX,50.000000,600,False
577512,SILVER25JAN27190000CE,SILVER,25JAN2027,19000000.000000,30,OPTFUT,MCX,50.000000,600,False
577513,SILVER25JAN27189000CE,SILVER,25JAN2027,18900000.000000,30,OPTFUT,MCX,50.000000,600,False
577519,SILVER26FEB27201000CE,SILVER,26FEB2027,20100000.000000,30,OPTFUT,MCX,50.000000,600,False
577524,SILVER26FEB27196000CE,SILVER,26FEB2027,19600000.000000,30,OPTFUT,MCX,50.000000,600,False
577534,SILVER25MAR27209000CE,SILVER,25MAR2027,20900000.000000,30,OPTFUT,MCX,50.000000,600,False
577535,SILVER25MAR27208000CE,SILVER,25MAR2027,20800000.000000,30,OPTFUT,MCX,50.000000,600,False
577550,SILVER25MAR27193000CE,SILVER,25MAR2027,19300000.000000,30,OPTFUT,MCX,50.000000,600,False
577557,SILVER28APR27206000CE,SILVER,28APR2027,20600000.000000,30,OPTFUT,MCX,50.000000,600,False
577573,SILVER28APR27190000CE,SILVER,28APR2027,19000000.000000,30,OPTFUT,MCX,50.000000,600,False
577630,SILVER27NOV26197000PE,SILVER,27NOV2026,19700000.000000,30,OPTFUT,MCX,50.000000,600,False
577646,SILVER28DEC26203000PE,SILVER,28DEC2026,20300000.000000,30,OPTFUT,MCX,50.000000,600,False
577670,SILVER25JAN27197000PE,SILVER,25JAN2027,19700000.000000,30,OPTFUT,MCX,50.000000,600,False
577674,SILVER25JAN27193000PE,SILVER,25JAN2027,19300000.000000,30,OPTFUT,MCX,50.000000,600,False
577682,SILVER26FEB27203000PE,SILVER,26FEB2027,20300000.000000,30,OPTFUT,MCX,50.000000,600,False
577693,SILVER26FEB27192000PE,SILVER,26FEB2027,19200000.000000,30,OPTFUT,MCX,50.000000,600,False
577710,SILVER25MAR27198000PE,SILVER,25MAR2027,19800000.000000,30,OPTFUT,MCX,50.000000,600,False
577716,SILVER25MAR27192000PE,SILVER,25MAR2027,19200000.000000,30,OPTFUT,MCX,50.000000,600,False
577719,SILVER28APR27209000PE,SILVER,28APR2027,20900000.000000,30,OPTFUT,MCX,50.000000,600,False
577731,SILVER28APR27197000PE,SILVER,28APR2027,19700000.000000,30,OPTFUT,MCX,50.000000,600,False
577722,SILVER28APR27206000PE,SILVER,28APR2027,20600000.000000,30,OPTFUT,MCX,50.000000,600,False
577730,SILVER28APR27198000PE,SILVER,28APR2027,19800000.000000,30,OPTFUT,MCX,50.000000,600,False
577767,SILVERM24SEP26203000CE,SILVERM,24SEP2026,20300000.000000,5,OPTFUT,MCX,50.000000,600,False
577786,SILVERM27OCT26200000CE,SILVERM,27OCT2026,20000000.000000,5,OPTFUT,MCX,50.000000,600,False
577800,SILVERM23NOV26202000CE,SILVERM,23NOV2026,20200000.000000,5,OPTFUT,MCX,50.000000,600,False
577815,SILVERM28DEC26210000CE,SILVERM,28DEC2026,21000000.000000,5,OPTFUT,MCX,50.000000,600,False
577820,SILVERM28DEC26205000CE,SILVERM,28DEC2026,20500000.000000,5,OPTFUT,MCX,50.000000,600,False
577821,SILVERM28DEC26204000CE,SILVERM,28DEC2026,20400000.000000,5,OPTFUT,MCX,50.000000,600,False
577847,SILVERM19FEB27208000CE,SILVERM,19FEB2027,20800000.000000,5,OPTFUT,MCX,50.000000,600,False
577848,SILVERM19FEB27207000CE,SILVERM,19FEB2027,20700000.000000,5,OPTFUT,MCX,50.000000,600,False
577856,SILVERM19FEB27199000CE,SILVERM,19FEB2027,19900000.000000,5,OPTFUT,MCX,50.000000,600,False
577866,SILVERM25MAR27205000CE,SILVERM,25MAR2027,20500000.000000,5,OPTFUT,MCX,50.000000,600,False
577870,SILVERM23APR27210000CE,SILVERM,23APR2027,21000000.000000,5,OPTFUT,MCX,50.000000,600,False
577871,SILVERM23APR27209000CE,SILVERM,23APR2027,20900000.000000,5,OPTFUT,MCX,50.000000,600,False
577874,SILVERM23APR27206000CE,SILVERM,23APR2027,20600000.000000,5,OPTFUT,MCX,50.000000,600,False
577909,SILVERM24SEP26200000PE,SILVERM,24SEP2026,20000000.000000,5,OPTFUT,MCX,50.000000,600,False
577911,SILVERM24SEP26198000PE,SILVERM,24SEP2026,19800000.000000,5,OPTFUT,MCX,50.000000,600,False
577913,SILVERM24SEP26196000PE,SILVERM,24SEP2026,19600000.000000,5,OPTFUT,MCX,50.000000,600,False
577914,SILVERM24SEP26195000PE,SILVERM,24SEP2026,19500000.000000,5,OPTFUT,MCX,50.000000,600,False
577922,SILVERM27OCT26203000PE,SILVERM,27OCT2026,20300000.000000,5,OPTFUT,MCX,50.000000,600,False
577926,SILVERM27OCT26199000PE,SILVERM,27OCT2026,19900000.000000,5,OPTFUT,MCX,50.000000,600,False
577928,SILVERM27OCT26197000PE,SILVERM,27OCT2026,19700000.000000,5,OPTFUT,MCX,50.000000,600,False
577932,SILVERM27OCT26193000PE,SILVERM,27OCT2026,19300000.000000,5,OPTFUT,MCX,50.000000,600,False
577950,SILVERM23NOV26191000PE,SILVERM,23NOV2026,19100000.000000,5,OPTFUT,MCX,50.000000,600,False
577953,SILVERM23NOV26188000PE,SILVERM,23NOV2026,18800000.000000,5,OPTFUT,MCX,50.000000,600,False
577958,SILVERM28DEC26206000PE,SILVERM,28DEC2026,20600000.000000,5,OPTFUT,MCX,50.000000,600,False
577960,SILVERM28DEC26204000PE,SILVERM,28DEC2026,20400000.000000,5,OPTFUT,MCX,50.000000,600,False
577962,SILVERM28DEC26202000PE,SILVERM,28DEC2026,20200000.000000,5,OPTFUT,MCX,50.000000,600,False
577968,SILVERM28DEC26196000PE,SILVERM,28DEC2026,19600000.000000,5,OPTFUT,MCX,50.000000,600,False
577969,SILVERM25JAN27210000PE,SILVERM,25JAN2027,21000000.000000,5,OPTFUT,MCX,50.000000,600,False
577979,SILVERM25JAN27200000PE,SILVERM,25JAN2027,20000000.000000,5,OPTFUT,MCX,50.000000,600,False
577982,SILVERM25JAN27197000PE,SILVERM,25JAN2027,19700000.000000,5,OPTFUT,MCX,50.000000,600,False
577991,SILVERM19FEB27203000PE,SILVERM,19FEB2027,20300000.000000,5,OPTFUT,MCX,50.000000,600,False
578008,SILVERM23APR27211000PE,SILVERM,23APR2027,21100000.000000,5,OPTFUT,MCX,50.000000,600,False
578012,SILVERM23APR27207000PE,SILVERM,23APR2027,20700000.000000,5,OPTFUT,MCX,50.000000,600,False
578048,CRUDEOILM17SEP263100PE,CRUDEOILM,17SEP2026,310000.000000,10,OPTFUT,MCX,5.000000,10000,False
578084,MCXBULLDEX25SEP2632200CE,MCXBULLDEX,25SEP2026,3220000.000000,30,OPTIDX,MCX,5.000000,900,False
578123,MCXBULLDEX25SEP2633400CE,MCXBULLDEX,25SEP2026,3340000.000000,30,OPTIDX,MCX,5.000000,900,False
578130,MCXBULLDEX25SEP2634100CE,MCXBULLDEX,25SEP2026,3410000.000000,30,OPTIDX,MCX,5.000000,900,False
578131,MCXBULLDEX25SEP2634200CE,MCXBULLDEX,25SEP2026,3420000.000000,30,OPTIDX,MCX,5.000000,900,False
578133,MCXBULLDEX25SEP2634400CE,MCXBULLDEX,25SEP2026,3440000.000000,30,OPTIDX,MCX,5.000000,900,False
578141,MCXBULLDEX25SEP2635200CE,MCXBULLDEX,25SEP2026,3520000.000000,30,OPTIDX,MCX,5.000000,900,False
578147,MCXBULLDEX25SEP2635800CE,MCXBULLDEX,25SEP2026,3580000.000000,30,OPTIDX,MCX,5.000000,900,False
578186,MCXBULLDEX25SEP2631800PE,MCXBULLDEX,25SEP2026,3180000.000000,30,OPTIDX,MCX,5.000000,900,False
578198,MCXBULLDEX25SEP2630600PE,MCXBULLDEX,25SEP2026,3060000.000000,30,OPTIDX,MCX,5.000000,900,False
578200,MCXBULLDEX25SEP2630400PE,MCXBULLDEX,25SEP2026,3040000.000000,30,OPTIDX,MCX,5.000000,900,False
578205,MCXBULLDEX25SEP2629900PE,MCXBULLDEX,25SEP2026,2990000.000000,30,OPTIDX,MCX,5.000000,900,False
578211,MCXBULLDEX25SEP2629300PE,MCXBULLDEX,25SEP2026,2930000.000000,30,OPTIDX,MCX,5.000000,900,False
578212,MCXBULLDEX25SEP2629200PE,MCXBULLDEX,25SEP2026,2920000.000000,30,OPTIDX,MCX,5.000000,900,False
578214,MCXBULLDEX25SEP2632600PE,MCXBULLDEX,25SEP2026,3260000.000000,30,OPTIDX,MCX,5.000000,900,False
578224,MCXBULLDEX25SEP2633700PE,MCXBULLDEX,25SEP2026,3370000.000000,30,OPTIDX,MCX,5.000000,900,False
578228,MCXBULLDEX25SEP2634100PE,MCXBULLDEX,25SEP2026,3410000.000000,30,OPTIDX,MCX,5.000000,900,False
578247,MCXBULLDEX25SEP2636000PE,MCXBULLDEX,25SEP2026,3600000.000000,30,OPTIDX,MCX,5.000000,900,False
578248,MCXBULLDEX25SEP2636100PE,MCXBULLDEX,25SEP2026,3610000.000000,30,OPTIDX,MCX,5.000000,900,False
578250,NATGASMINI28DEC26FUT,NATGASMINI,28DEC2026,0.000000,250,FUTCOM,MCX,10.000000,60000,False
578275,NATURALGAS23SEP26245CE,NATURALGAS,23SEP2026,24500.000000,1250,OPTFUT,MCX,5.000000,60000,False
578284,NATURALGAS23SEP26200CE,NATURALGAS,23SEP2026,20000.000000,1250,OPTFUT,MCX,5.000000,60000,False
578289,NATURALGAS23SEP26175CE,NATURALGAS,23SEP2026,17500.000000,1250,OPTFUT,MCX,5.000000,60000,False
578301,NATURALGAS23SEP26115CE,NATURALGAS,23SEP2026,11500.000000,1250,OPTFUT,MCX,5.000000,60000,False
578312,NATURALGAS23SEP26360CE,NATURALGAS,23SEP2026,36000.000000,1250,OPTFUT,MCX,5.000000,60000,False
578319,NATURALGAS23SEP26395CE,NATURALGAS,23SEP2026,39500.000000,1250,OPTFUT,MCX,5.000000,60000,False
578323,NATURALGAS23SEP26415CE,NATURALGAS,23SEP2026,41500.000000,1250,OPTFUT,MCX,5.000000,60000,False
578326,NATURALGAS23SEP26430CE,NATURALGAS,23SEP2026,43000.000000,1250,OPTFUT,MCX,5.000000,60000,False
578335,NATURALGAS23SEP26475CE,NATURALGAS,23SEP2026,47500.000000,1250,OPTFUT,MCX,5.000000,60000,False
578350,NATURALGAS23SEP26270PE,NATURALGAS,23SEP2026,27000.000000,1250,OPTFUT,MCX,5.000000,60000,False
578361,NATURALGAS23SEP26215PE,NATURALGAS,23SEP2026,21500.000000,1250,OPTFUT,MCX,5.000000,60000,False
578366,NATURALGAS23SEP26190PE,NATURALGAS,23SEP2026,19000.000000,1250,OPTFUT,MCX,5.000000,60000,False
578371,NATURALGAS23SEP26165PE,NATURALGAS,23SEP2026,16500.000000,1250,OPTFUT,MCX,5.000000,60000,False
578393,NATURALGAS23SEP26365PE,NATURALGAS,23SEP2026,36500.000000,1250,OPTFUT,MCX,5.000000,60000,False
578398,NATURALGAS23SEP26390PE,NATURALGAS,23SEP2026,39000.000000,1250,OPTFUT,MCX,5.000000,60000,False
578404,NATURALGAS23SEP26420PE,NATURALGAS,23SEP2026,42000.000000,1250,OPTFUT,MCX,5.000000,60000,False
578446,NATGASMINI23SEP26190CE,NATGASMINI,23SEP2026,19000.000000,250,OPTFUT,MCX,5.000000,60000,False
578463,NATGASMINI23SEP26315CE,NATGASMINI,23SEP2026,31500.000000,250,OPTFUT,MCX,5.000000,60000,False
578483,NATGASMINI23SEP26415CE,NATGASMINI,23SEP2026,41500.000000,250,OPTFUT,MCX,5.000000,60000,False
578506,NATGASMINI23SEP26290PE,NATGASMINI,23SEP2026,29000.000000,250,OPTFUT,MCX,5.000000,60000,False
578521,NATGASMINI23SEP26215PE,NATGASMINI,23SEP2026,21500.000000,250,OPTFUT,MCX,5.000000,60000,False
578545,NATGASMINI23SEP26325PE,NATGASMINI,23SEP2026,32500.000000,250,OPTFUT,MCX,5.000000,60000,False
578555,NATGASMINI23SEP26375PE,NATGASMINI,23SEP2026,37500.000000,250,OPTFUT,MCX,5.000000,60000,False
578556,NATGASMINI23SEP26380PE,NATGASMINI,23SEP2026,38000.000000,250,OPTFUT,MCX,5.000000,60000,False
578559,NATGASMINI23SEP26395PE,NATGASMINI,23SEP2026,39500.000000,250,OPTFUT,MCX,5.000000,60000,False
578562,NATGASMINI23SEP26410PE,NATGASMINI,23SEP2026,41000.000000,250,OPTFUT,MCX,5.000000,60000,False
578563,NATGASMINI23SEP26415PE,NATGASMINI,23SEP2026,41500.000000,250,OPTFUT,MCX,5.000000,60000,False
578567,NATGASMINI23SEP26435PE,NATGASMINI,23SEP2026,43500.000000,250,OPTFUT,MCX,5.000000,60000,False
578568,NATGASMINI23SEP26440PE,NATGASMINI,23SEP2026,44000.000000,250,OPTFUT,MCX,5.000000,60000,False
578574,NATGASMINI23SEP26470PE,NATGASMINI,23SEP2026,47000.000000,250,OPTFUT,MCX,5.000000,60000,False
578592,MCXBULLDEX25SEP2636500PE,MCXBULLDEX,25SEP2026,3650000.000000,30,OPTIDX,MCX,5.000000,900,False
578639,ZINCMINI30NOV26FUT,ZINCMINI,30NOV2026,0.000000,1,FUTCOM,MCX,5.000000,100,False
578640,NICKEL18NOV26FUT,NICKEL,18NOV2026,0.000000,250,FUTCOM,MCX,10.000000,24000,False
578648,COTTONOIL30OCT26FUT,COTTONOIL,30OCT2026,0.000000,5,FUTCOM,MCX,10.000000,400,False
578655,COPPER23OCT261260CE,COPPER,23OCT2026,126000.000000,2500,OPTFUT,MCX,1.000000,70000,False
578667,COPPER23OCT261330CE,COPPER,23OCT2026,133000.000000,2500,OPTFUT,MCX,1.000000,70000,False
578678,COPPER23OCT261440CE,COPPER,23OCT2026,144000.000000,2500,OPTFUT,MCX,1.000000,70000,False
578685,COPPER23OCT261260PE,COPPER,23OCT2026,126000.000000,2500,OPTFUT,MCX,1.000000,70000,False
578705,COPPER23OCT261410PE,COPPER,23OCT2026,141000.000000,2500,OPTFUT,MCX,1.000000,70000,False
578706,COPPER23OCT261420PE,COPPER,23OCT2026,142000.000000,2500,OPTFUT,MCX,1.000000,70000,False
578712,ZINC23OCT26345CE,ZINC,23OCT2026,34500.000000,5,OPTFUT,MCX,1.000000,100,False
578728,ZINC23OCT26395CE,ZINC,23OCT2026,39500.000000,5,OPTFUT,MCX,1.000000,100,False
578733,ZINC23OCT26340PE,ZINC,23OCT2026,34000.000000,5,OPTFUT,MCX,1.000000,100,False
578736,ZINC23OCT26325PE,ZINC,23OCT2026,32500.000000,5,OPTFUT,MCX,1.000000,100,False
578738,ZINC23OCT26315PE,ZINC,23OCT2026,31500.000000,5,OPTFUT,MCX,1.000000,100,False
578742,ZINC23OCT26365PE,ZINC,23OCT2026,36500.000000,5,OPTFUT,MCX,1.000000,100,False
578764,MCXBULLDEX25SEP2637200PE,MCXBULLDEX,25SEP2026,3720000.000000,30,OPTIDX,MCX,5.000000,900,False
578775,MCXBULLDEX25SEP2637500CE,MCXBULLDEX,25SEP2026,3750000.000000,30,OPTIDX,MCX,5.000000,900,False
578791,GOLDM25SEP26146500CE,GOLDM,25SEP2026,14650000.000000,100,OPTFUT,MCX,50.000000,10000,False
578811,GOLDM25SEP26136500CE,GOLDM,25SEP2026,13650000.000000,100,OPTFUT,MCX,50.000000,10000,False
578813,GOLDM25SEP26135500CE,GOLDM,25SEP2026,13550000.000000,100,OPTFUT,MCX,50.000000,10000,False
578818,GOLDM25SEP26133000CE,GOLDM,25SEP2026,13300000.000000,100,OPTFUT,MCX,50.000000,10000,False
578851,GOLDM25SEP26159500CE,GOLDM,25SEP2026,15950000.000000,100,OPTFUT,MCX,50.000000,10000,False
578841,GOLDM25SEP26154500CE,GOLDM,25SEP2026,15450000.000000,100,OPTFUT,MCX,50.000000,10000,False
578850,GOLDM25SEP26159000CE,GOLDM,25SEP2026,15900000.000000,100,OPTFUT,MCX,50.000000,10000,False
578860,GOLDM25SEP26164000CE,GOLDM,25SEP2026,16400000.000000,100,OPTFUT,MCX,50.000000,10000,False
578883,GOLDM25SEP26175500CE,GOLDM,25SEP2026,17550000.000000,100,OPTFUT,MCX,50.000000,10000,False
578896,GOLDM25SEP26144000PE,GOLDM,25SEP2026,14400000.000000,100,OPTFUT,MCX,50.000000,10000,False
578919,GOLDM25SEP26132500PE,GOLDM,25SEP2026,13250000.000000,100,OPTFUT,MCX,50.000000,10000,False
578926,GOLDM25SEP26129000PE,GOLDM,25SEP2026,12900000.000000,100,OPTFUT,MCX,50.000000,10000,False
578931,GOLDM25SEP26126500PE,GOLDM,25SEP2026,12650000.000000,100,OPTFUT,MCX,50.000000,10000,False
578935,GOLDM25SEP26151500PE,GOLDM,25SEP2026,15150000.000000,100,OPTFUT,MCX,50.000000,10000,False
578941,GOLDM25SEP26154500PE,GOLDM,25SEP2026,15450000.000000,100,OPTFUT,MCX,50.000000,10000,False
578953,GOLDM25SEP26160500PE,GOLDM,25SEP2026,16050000.000000,100,OPTFUT,MCX,50.000000,10000,False
578955,GOLDM25SEP26161500PE,GOLDM,25SEP2026,16150000.000000,100,OPTFUT,MCX,50.000000,10000,False
578960,GOLDM25SEP26164000PE,GOLDM,25SEP2026,16400000.000000,100,OPTFUT,MCX,50.000000,10000,False
578965,GOLDM25SEP26166500PE,GOLDM,25SEP2026,16650000.000000,100,OPTFUT,MCX,50.000000,10000,False
578968,GOLDM25SEP26168000PE,GOLDM,25SEP2026,16800000.000000,100,OPTFUT,MCX,50.000000,10000,False
578985,MCXBULLDEX25SEP2637700CE,MCXBULLDEX,25SEP2026,3770000.000000,30,OPTIDX,MCX,5.000000,900,False
578972,GOLDM25SEP26170000PE,GOLDM,25SEP2026,17000000.000000,100,OPTFUT,MCX,50.000000,10000,False
578980,GOLDM25SEP26174000PE,GOLDM,25SEP2026,17400000.000000,100,OPTFUT,MCX,50.000000,10000,False
579010,ZINC23OCT26415PE,ZINC,23OCT2026,41500.000000,5,OPTFUT,MCX,1.000000,100,False
579020,GOLDM25SEP26123000PE,GOLDM,25SEP2026,12300000.000000,100,OPTFUT,MCX,50.000000,10000,False
579063,NATURALGAS23SEP2680CE,NATURALGAS,23SEP2026,8000.000000,1250,OPTFUT,MCX,5.000000,60000,False
579119,GOLD31DEC26125000CE,GOLD,31DEC2026,12500000.000000,1,OPTFUT,MCX,50.000000,100,False
579138,GOLD26FEB27126000CE,GOLD,26FEB2027,12600000.000000,1,OPTFUT,MCX,50.000000,100,False
579156,GOLD30APR27127500CE,GOLD,30APR2027,12750000.000000,1,OPTFUT,MCX,50.000000,100,False
579161,GOLD28MAY27129000CE,GOLD,28MAY2027,12900000.000000,1,OPTFUT,MCX,50.000000,100,False
579162,GOLD28MAY27128500CE,GOLD,28MAY2027,12850000.000000,1,OPTFUT,MCX,50.000000,100,False
579189,GOLD31DEC26126000PE,GOLD,31DEC2026,12600000.000000,1,OPTFUT,MCX,50.000000,100,False
579197,GOLD29JAN27126000PE,GOLD,29JAN2027,12600000.000000,1,OPTFUT,MCX,50.000000,100,False
579230,GOLD28MAY27130500PE,GOLD,28MAY2027,13050000.000000,1,OPTFUT,MCX,50.000000,100,False
579234,GOLD28MAY27128500PE,GOLD,28MAY2027,12850000.000000,1,OPTFUT,MCX,50.000000,100,False
579243,GOLDM25SEP26120000CE,GOLDM,25SEP2026,12000000.000000,100,OPTFUT,MCX,50.000000,10000,False
579254,GOLDM25SEP26120000PE,GOLDM,25SEP2026,12000000.000000,100,OPTFUT,MCX,50.000000,10000,False
579292,CRUDEOIL17SEP2611150CE,CRUDEOIL,17SEP2026,1115000.000000,100,OPTFUT,MCX,10.000000,10000,False
579294,CRUDEOIL17SEP2611250CE,CRUDEOIL,17SEP2026,1125000.000000,100,OPTFUT,MCX,10.000000,10000,False
579319,GOLD26FEB27124000CE,GOLD,26FEB2027,12400000.000000,1,OPTFUT,MCX,50.000000,100,False
579322,GOLD29MAR27124000CE,GOLD,29MAR2027,12400000.000000,1,OPTFUT,MCX,50.000000,100,False
579330,GOLD28MAY27126000CE,GOLD,28MAY2027,12600000.000000,1,OPTFUT,MCX,50.000000,100,False
579331,GOLD28MAY27125500CE,GOLD,28MAY2027,12550000.000000,1,OPTFUT,MCX,50.000000,100,False
579335,GOLD26FEB27124000PE,GOLD,26FEB2027,12400000.000000,1,OPTFUT,MCX,50.000000,100,False
579348,SILVER26MAY27238000CE,SILVER,26MAY2027,23800000.000000,30,OPTFUT,MCX,50.000000,600,False
579359,SILVER26MAY27227000CE,SILVER,26MAY2027,22700000.000000,30,OPTFUT,MCX,50.000000,600,False
579361,SILVER26MAY27225000CE,SILVER,26MAY2027,22500000.000000,30,OPTFUT,MCX,50.000000,600,False
579381,SILVER26MAY27205000CE,SILVER,26MAY2027,20500000.000000,30,OPTFUT,MCX,50.000000,600,False
579393,SILVER26MAY27245000CE,SILVER,26MAY2027,24500000.000000,30,OPTFUT,MCX,50.000000,600,False
579394,SILVER26MAY27246000CE,SILVER,26MAY2027,24600000.000000,30,OPTFUT,MCX,50.000000,600,False
579405,SILVER26MAY27257000CE,SILVER,26MAY2027,25700000.000000,30,OPTFUT,MCX,50.000000,600,False
579414,SILVER26MAY27266000CE,SILVER,26MAY2027,26600000.000000,30,OPTFUT,MCX,50.000000,600,False
579417,SILVER26MAY27269000CE,SILVER,26MAY2027,26900000.000000,30,OPTFUT,MCX,50.000000,600,False
579443,SILVER28JUN27223000CE,SILVER,28JUN2027,22300000.000000,30,OPTFUT,MCX,50.000000,600,False
579446,SILVER28JUN27220000CE,SILVER,28JUN2027,22000000.000000,30,OPTFUT,MCX,50.000000,600,False
579463,SILVER28JUN27203000CE,SILVER,28JUN2027,20300000.000000,30,OPTFUT,MCX,50.000000,600,False
579465,SILVER28JUN27201000CE,SILVER,28JUN2027,20100000.000000,30,OPTFUT,MCX,50.000000,600,False
579478,SILVER28JUN27250000CE,SILVER,28JUN2027,25000000.000000,30,OPTFUT,MCX,50.000000,600,False
579492,SILVER28JUN27264000CE,SILVER,28JUN2027,26400000.000000,30,OPTFUT,MCX,50.000000,600,False
579529,SILVER26MAY27217000PE,SILVER,26MAY2027,21700000.000000,30,OPTFUT,MCX,50.000000,600,False
579506,SILVER28JUN27278000CE,SILVER,28JUN2027,27800000.000000,30,OPTFUT,MCX,50.000000,600,False
579521,SILVER26MAY27225000PE,SILVER,26MAY2027,22500000.000000,30,OPTFUT,MCX,50.000000,600,False
579528,SILVER26MAY27218000PE,SILVER,26MAY2027,21800000.000000,30,OPTFUT,MCX,50.000000,600,False
579549,SILVER26MAY27241000PE,SILVER,26MAY2027,24100000.000000,30,OPTFUT,MCX,50.000000,600,False
579552,SILVER26MAY27244000PE,SILVER,26MAY2027,24400000.000000,30,OPTFUT,MCX,50.000000,600,False
579564,SILVER26MAY27256000PE,SILVER,26MAY2027,25600000.000000,30,OPTFUT,MCX,50.000000,600,False
579565,SILVER26MAY27257000PE,SILVER,26MAY2027,25700000.000000,30,OPTFUT,MCX,50.000000,600,False
579587,SILVER26MAY27279000PE,SILVER,26MAY2027,27900000.000000,30,OPTFUT,MCX,50.000000,600,False
579599,SILVER28JUN27227000PE,SILVER,28JUN2027,22700000.000000,30,OPTFUT,MCX,50.000000,600,False
579600,SILVER28JUN27226000PE,SILVER,28JUN2027,22600000.000000,30,OPTFUT,MCX,50.000000,600,False
579606,SILVER28JUN27220000PE,SILVER,28JUN2027,22000000.000000,30,OPTFUT,MCX,50.000000,600,False
579620,SILVER28JUN27206000PE,SILVER,28JUN2027,20600000.000000,30,OPTFUT,MCX,50.000000,600,False
579634,SILVER28JUN27246000PE,SILVER,28JUN2027,24600000.000000,30,OPTFUT,MCX,50.000000,600,False
579643,SILVER28JUN27255000PE,SILVER,28JUN2027,25500000.000000,30,OPTFUT,MCX,50.000000,600,False
579648,SILVER28JUN27260000PE,SILVER,28JUN2027,26000000.000000,30,OPTFUT,MCX,50.000000,600,False
579650,SILVER28JUN27262000PE,SILVER,28JUN2027,26200000.000000,30,OPTFUT,MCX,50.000000,600,False
579654,SILVER28JUN27266000PE,SILVER,28JUN2027,26600000.000000,30,OPTFUT,MCX,50.000000,600,False
579672,SILVERM26MAY27240000CE,SILVERM,26MAY2027,24000000.000000,5,OPTFUT,MCX,50.000000,600,False
579673,SILVERM26MAY27239000CE,SILVERM,26MAY2027,23900000.000000,5,OPTFUT,MCX,50.000000,600,False
579682,SILVERM26MAY27230000CE,SILVERM,26MAY2027,23000000.000000,5,OPTFUT,MCX,50.000000,600,False
579692,SILVERM26MAY27220000CE,SILVERM,26MAY2027,22000000.000000,5,OPTFUT,MCX,50.000000,600,False
579698,SILVERM26MAY27214000CE,SILVERM,26MAY2027,21400000.000000,5,OPTFUT,MCX,50.000000,600,False
579706,SILVERM26MAY27206000CE,SILVERM,26MAY2027,20600000.000000,5,OPTFUT,MCX,50.000000,600,False
579709,SILVERM26MAY27203000CE,SILVERM,26MAY2027,20300000.000000,5,OPTFUT,MCX,50.000000,600,False
579715,SILVERM26MAY27249000CE,SILVERM,26MAY2027,24900000.000000,5,OPTFUT,MCX,50.000000,600,False
579719,SILVERM26MAY27253000CE,SILVERM,26MAY2027,25300000.000000,5,OPTFUT,MCX,50.000000,600,False
579722,SILVERM26MAY27256000CE,SILVERM,26MAY2027,25600000.000000,5,OPTFUT,MCX,50.000000,600,False
579736,SILVERM26MAY27270000CE,SILVERM,26MAY2027,27000000.000000,5,OPTFUT,MCX,50.000000,600,False
579745,SILVERM26MAY27279000CE,SILVERM,26MAY2027,27900000.000000,5,OPTFUT,MCX,50.000000,600,False
579760,SILVERM23JUN27232000CE,SILVERM,23JUN2027,23200000.000000,5,OPTFUT,MCX,50.000000,600,False
579770,SILVERM23JUN27222000CE,SILVERM,23JUN2027,22200000.000000,5,OPTFUT,MCX,50.000000,600,False
579787,SILVERM23JUN27205000CE,SILVERM,23JUN2027,20500000.000000,5,OPTFUT,MCX,50.000000,600,False
579792,SILVERM23JUN27246000CE,SILVERM,23JUN2027,24600000.000000,5,OPTFUT,MCX,50.000000,600,False
579797,SILVERM23JUN27251000CE,SILVERM,23JUN2027,25100000.000000,5,OPTFUT,MCX,50.000000,600,False
579798,SILVERM23JUN27252000CE,SILVERM,23JUN2027,25200000.000000,5,OPTFUT,MCX,50.000000,600,False
579806,SILVERM23JUN27260000CE,SILVERM,23JUN2027,26000000.000000,5,OPTFUT,MCX,50.000000,600,False
579809,SILVERM23JUN27263000CE,SILVERM,23JUN2027,26300000.000000,5,OPTFUT,MCX,50.000000,600,False
579810,SILVERM23JUN27264000CE,SILVERM,23JUN2027,26400000.000000,5,OPTFUT,MCX,50.000000,600,False
579811,SILVERM23JUN27265000CE,SILVERM,23JUN2027,26500000.000000,5,OPTFUT,MCX,50.000000,600,False
579816,SILVERM23JUN27270000CE,SILVERM,23JUN2027,27000000.000000,5,OPTFUT,MCX,50.000000,600,False
579828,SILVERM23JUN27282000CE,SILVERM,23JUN2027,28200000.000000,5,OPTFUT,MCX,50.000000,600,False
579835,SILVERM26MAY27239000PE,SILVERM,26MAY2027,23900000.000000,5,OPTFUT,MCX,50.000000,600,False
579841,SILVERM26MAY27233000PE,SILVERM,26MAY2027,23300000.000000,5,OPTFUT,MCX,50.000000,600,False
579861,SILVERM26MAY27213000PE,SILVERM,26MAY2027,21300000.000000,5,OPTFUT,MCX,50.000000,600,False
579865,SILVERM26MAY27209000PE,SILVERM,26MAY2027,20900000.000000,5,OPTFUT,MCX,50.000000,600,False
579868,SILVERM26MAY27206000PE,SILVERM,26MAY2027,20600000.000000,5,OPTFUT,MCX,50.000000,600,False
579875,SILVERM26MAY27247000PE,SILVERM,26MAY2027,24700000.000000,5,OPTFUT,MCX,50.000000,600,False
579880,SILVERM26MAY27252000PE,SILVERM,26MAY2027,25200000.000000,5,OPTFUT,MCX,50.000000,600,False
579898,SILVERM26MAY27270000PE,SILVERM,26MAY2027,27000000.000000,5,OPTFUT,MCX,50.000000,600,False
579900,SILVERM26MAY27272000PE,SILVERM,26MAY2027,27200000.000000,5,OPTFUT,MCX,50.000000,600,False
579902,SILVERM26MAY27274000PE,SILVERM,26MAY2027,27400000.000000,5,OPTFUT,MCX,50.000000,600,False
579904,SILVERM26MAY27276000PE,SILVERM,26MAY2027,27600000.000000,5,OPTFUT,MCX,50.000000,600,False
579947,SILVERM23JUN27207000PE,SILVERM,23JUN2027,20700000.000000,5,OPTFUT,MCX,50.000000,600,False
579951,SILVERM23JUN27203000PE,SILVERM,23JUN2027,20300000.000000,5,OPTFUT,MCX,50.000000,600,False
579954,SILVERM23JUN27246000PE,SILVERM,23JUN2027,24600000.000000,5,OPTFUT,MCX,50.000000,600,False
579982,SILVERM23JUN27274000PE,SILVERM,23JUN2027,27400000.000000,5,OPTFUT,MCX,50.000000,600,False
579985,SILVERM23JUN27277000PE,SILVERM,23JUN2027,27700000.000000,5,OPTFUT,MCX,50.000000,600,False
579991,SILVERM23JUN27283000PE,SILVERM,23JUN2027,28300000.000000,5,OPTFUT,MCX,50.000000,600,False
580006,GOLD30OCT26116500CE,GOLD,30OCT2026,11650000.000000,1,OPTFUT,MCX,50.000000,100,False
580008,GOLD27NOV26119000CE,GOLD,27NOV2026,11900000.000000,1,OPTFUT,MCX,50.000000,100,False
580009,GOLD27NOV26118500CE,GOLD,27NOV2026,11850000.000000,1,OPTFUT,MCX,50.000000,100,False
580014,GOLD31DEC26122000CE,GOLD,31DEC2026,12200000.000000,1,OPTFUT,MCX,50.000000,100,False
580025,GOLD29JAN27121000CE,GOLD,29JAN2027,12100000.000000,1,OPTFUT,MCX,50.000000,100,False
580028,GOLD29JAN27119500CE,GOLD,29JAN2027,11950000.000000,1,OPTFUT,MCX,50.000000,100,False
580034,GOLD26FEB27122000CE,GOLD,26FEB2027,12200000.000000,1,OPTFUT,MCX,50.000000,100,False
580039,GOLD26FEB27119500CE,GOLD,26FEB2027,11950000.000000,1,OPTFUT,MCX,50.000000,100,False
580047,GOLD29MAR27120500CE,GOLD,29MAR2027,12050000.000000,1,OPTFUT,MCX,50.000000,100,False
580060,GOLD30APR27121000CE,GOLD,30APR2027,12100000.000000,1,OPTFUT,MCX,50.000000,100,False
580064,GOLD28MAY27125000CE,GOLD,28MAY2027,12500000.000000,1,OPTFUT,MCX,50.000000,100,False
580100,GOLD31DEC26120000PE,GOLD,31DEC2026,12000000.000000,1,OPTFUT,MCX,50.000000,100,False
580105,GOLD29JAN27122000PE,GOLD,29JAN2027,12200000.000000,1,OPTFUT,MCX,50.000000,100,False
580106,GOLD29JAN27121500PE,GOLD,29JAN2027,12150000.000000,1,OPTFUT,MCX,50.000000,100,False
580113,GOLD29JAN27118000PE,GOLD,29JAN2027,11800000.000000,1,OPTFUT,MCX,50.000000,100,False
580115,GOLD26FEB27122500PE,GOLD,26FEB2027,12250000.000000,1,OPTFUT,MCX,50.000000,100,False
580138,GOLD30APR27123000PE,GOLD,30APR2027,12300000.000000,1,OPTFUT,MCX,50.000000,100,False
580134,GOLD30APR27125000PE,GOLD,30APR2027,12500000.000000,1,OPTFUT,MCX,50.000000,100,False
580155,GOLD28MAY27120500PE,GOLD,28MAY2027,12050000.000000,1,OPTFUT,MCX,50.000000,100,False
580174,SILVER26MAY27197000CE,SILVER,26MAY2027,19700000.000000,30,OPTFUT,MCX,50.000000,600,False
580178,SILVER28JUN27197000CE,SILVER,28JUN2027,19700000.000000,30,OPTFUT,MCX,50.000000,600,False
580193,SILVER28JUN27195000PE,SILVER,28JUN2027,19500000.000000,30,OPTFUT,MCX,50.000000,600,False
580211,SILVERM25MAR27199000CE,SILVERM,25MAR2027,19900000.000000,5,OPTFUT,MCX,50.000000,600,False
580221,SILVERM24SEP26187000PE,SILVERM,24SEP2026,18700000.000000,5,OPTFUT,MCX,50.000000,600,False
580226,SILVERM23NOV26186000PE,SILVERM,23NOV2026,18600000.000000,5,OPTFUT,MCX,50.000000,600,False
580247,CRUDEOIL17SEP2611350CE,CRUDEOIL,17SEP2026,1135000.000000,100,OPTFUT,MCX,10.000000,10000,False
580250,CRUDEOIL17SEP2611500CE,CRUDEOIL,17SEP2026,1150000.000000,100,OPTFUT,MCX,10.000000,10000,False
580252,CRUDEOIL17SEP2611350PE,CRUDEOIL,17SEP2026,1135000.000000,100,OPTFUT,MCX,10.000000,10000,False
580266,SILVER25MAR27189000CE,SILVER,25MAR2027,18900000.000000,30,OPTFUT,MCX,50.000000,600,False
580271,SILVER26MAY27193000CE,SILVER,26MAY2027,19300000.000000,30,OPTFUT,MCX,50.000000,600,False
580292,SILVER28APR27188000PE,SILVER,28APR2027,18800000.000000,30,OPTFUT,MCX,50.000000,600,False
580308,SILVERM28DEC26190000CE,SILVERM,28DEC2026,19000000.000000,5,OPTFUT,MCX,50.000000,600,False
580311,SILVERM25JAN27190000CE,SILVERM,25JAN2027,19000000.000000,5,OPTFUT,MCX,50.000000,600,False
580320,SILVERM23APR27197000CE,SILVERM,23APR2027,19700000.000000,5,OPTFUT,MCX,50.000000,600,False
580329,SILVERM23JUN27200000CE,SILVERM,23JUN2027,20000000.000000,5,OPTFUT,MCX,50.000000,600,False
580334,SILVERM27OCT26185000PE,SILVERM,27OCT2026,18500000.000000,5,OPTFUT,MCX,50.000000,600,False
580349,SILVERM25MAR27193000PE,SILVERM,25MAR2027,19300000.000000,5,OPTFUT,MCX,50.000000,600,False
580356,SILVERM26MAY27199000PE,SILVERM,26MAY2027,19900000.000000,5,OPTFUT,MCX,50.000000,600,False
580371,CRUDEOILM17SEP2611500PE,CRUDEOILM,17SEP2026,1150000.000000,10,OPTFUT,MCX,5.000000,10000,False
580384,CRUDEOIL15OCT267500CE,CRUDEOIL,15OCT2026,750000.000000,100,OPTFUT,MCX,10.000000,10000,False
580391,CRUDEOIL15OCT267150CE,CRUDEOIL,15OCT2026,715000.000000,100,OPTFUT,MCX,10.000000,10000,False
580396,CRUDEOIL15OCT266900CE,CRUDEOIL,15OCT2026,690000.000000,100,OPTFUT,MCX,10.000000,10000,False
580404,CRUDEOIL15OCT266500CE,CRUDEOIL,15OCT2026,650000.000000,100,OPTFUT,MCX,10.000000,10000,False
580412,CRUDEOIL15OCT266100CE,CRUDEOIL,15OCT2026,610000.000000,100,OPTFUT,MCX,10.000000,10000,False
580415,CRUDEOIL15OCT265950CE,CRUDEOIL,15OCT2026,595000.000000,100,OPTFUT,MCX,10.000000,10000,False
580418,CRUDEOIL15OCT265800CE,CRUDEOIL,15OCT2026,580000.000000,100,OPTFUT,MCX,10.000000,10000,False
580427,CRUDEOIL15OCT265350CE,CRUDEOIL,15OCT2026,535000.000000,100,OPTFUT,MCX,10.000000,10000,False
580445,CRUDEOIL15OCT264450CE,CRUDEOIL,15OCT2026,445000.000000,100,OPTFUT,MCX,10.000000,10000,False
580455,CRUDEOIL15OCT267800CE,CRUDEOIL,15OCT2026,780000.000000,100,OPTFUT,MCX,10.000000,10000,False
580481,CRUDEOIL15OCT269100CE,CRUDEOIL,15OCT2026,910000.000000,100,OPTFUT,MCX,10.000000,10000,False
580497,CRUDEOIL15OCT269900CE,CRUDEOIL,15OCT2026,990000.000000,100,OPTFUT,MCX,10.000000,10000,False
580520,CRUDEOIL15OCT2611050CE,CRUDEOIL,15OCT2026,1105000.000000,100,OPTFUT,MCX,10.000000,10000,False
580535,CRUDEOIL15OCT267500PE,CRUDEOIL,15OCT2026,750000.000000,100,OPTFUT,MCX,10.000000,10000,False
580558,CRUDEOIL15OCT266350PE,CRUDEOIL,15OCT2026,635000.000000,100,OPTFUT,MCX,10.000000,10000,False
580578,CRUDEOIL15OCT265350PE,CRUDEOIL,15OCT2026,535000.000000,100,OPTFUT,MCX,10.000000,10000,False
580586,CRUDEOIL15OCT264950PE,CRUDEOIL,15OCT2026,495000.000000,100,OPTFUT,MCX,10.000000,10000,False
580607,CRUDEOIL15OCT267850PE,CRUDEOIL,15OCT2026,785000.000000,100,OPTFUT,MCX,10.000000,10000,False
580610,CRUDEOIL15OCT268000PE,CRUDEOIL,15OCT2026,800000.000000,100,OPTFUT,MCX,10.000000,10000,False
580611,CRUDEOIL15OCT268050PE,CRUDEOIL,15OCT2026,805000.000000,100,OPTFUT,MCX,10.000000,10000,False
580616,CRUDEOIL15OCT268300PE,CRUDEOIL,15OCT2026,830000.000000,100,OPTFUT,MCX,10.000000,10000,False
580624,CRUDEOIL15OCT268700PE,CRUDEOIL,15OCT2026,870000.000000,100,OPTFUT,MCX,10.000000,10000,False
580634,CRUDEOIL15OCT269200PE,CRUDEOIL,15OCT2026,920000.000000,100,OPTFUT,MCX,10.000000,10000,False
580686,CRUDEOILM15OCT267500CE,CRUDEOILM,15OCT2026,750000.000000,10,OPTFUT,MCX,5.000000,10000,False
580691,CRUDEOILM15OCT267250CE,CRUDEOILM,15OCT2026,725000.000000,10,OPTFUT,MCX,5.000000,10000,False
580696,CRUDEOILM15OCT267000CE,CRUDEOILM,15OCT2026,700000.000000,10,OPTFUT,MCX,5.000000,10000,False
580701,CRUDEOILM15OCT266750CE,CRUDEOILM,15OCT2026,675000.000000,10,OPTFUT,MCX,5.000000,10000,False
580707,CRUDEOILM15OCT266450CE,CRUDEOILM,15OCT2026,645000.000000,10,OPTFUT,MCX,5.000000,10000,False
580715,CRUDEOILM15OCT266050CE,CRUDEOILM,15OCT2026,605000.000000,10,OPTFUT,MCX,5.000000,10000,False
580720,CRUDEOILM15OCT265800CE,CRUDEOILM,15OCT2026,580000.000000,10,OPTFUT,MCX,5.000000,10000,False
580742,CRUDEOILM15OCT264700CE,CRUDEOILM,15OCT2026,470000.000000,10,OPTFUT,MCX,5.000000,10000,False
580762,CRUDEOILM15OCT268050CE,CRUDEOILM,15OCT2026,805000.000000,10,OPTFUT,MCX,5.000000,10000,False
580763,CRUDEOILM15OCT268100CE,CRUDEOILM,15OCT2026,810000.000000,10,OPTFUT,MCX,5.000000,10000,False
580764,CRUDEOILM15OCT268150CE,CRUDEOILM,15OCT2026,815000.000000,10,OPTFUT,MCX,5.000000,10000,False
580797,CRUDEOILM15OCT269800CE,CRUDEOILM,15OCT2026,980000.000000,10,OPTFUT,MCX,5.000000,10000,False
580768,CRUDEOILM15OCT268350CE,CRUDEOILM,15OCT2026,835000.000000,10,OPTFUT,MCX,5.000000,10000,False
580769,CRUDEOILM15OCT268400CE,CRUDEOILM,15OCT2026,840000.000000,10,OPTFUT,MCX,5.000000,10000,False
580785,CRUDEOILM15OCT269200CE,CRUDEOILM,15OCT2026,920000.000000,10,OPTFUT,MCX,5.000000,10000,False
580818,CRUDEOILM15OCT2610850CE,CRUDEOILM,15OCT2026,1085000.000000,10,OPTFUT,MCX,5.000000,10000,False
580827,CRUDEOILM15OCT2611300CE,CRUDEOILM,15OCT2026,1130000.000000,10,OPTFUT,MCX,5.000000,10000,False
580834,CRUDEOILM15OCT267650PE,CRUDEOILM,15OCT2026,765000.000000,10,OPTFUT,MCX,5.000000,10000,False
580839,CRUDEOILM15OCT267400PE,CRUDEOILM,15OCT2026,740000.000000,10,OPTFUT,MCX,5.000000,10000,False
580851,CRUDEOILM15OCT266800PE,CRUDEOILM,15OCT2026,680000.000000,10,OPTFUT,MCX,5.000000,10000,False
580861,CRUDEOILM15OCT266300PE,CRUDEOILM,15OCT2026,630000.000000,10,OPTFUT,MCX,5.000000,10000,False
580866,CRUDEOILM15OCT266050PE,CRUDEOILM,15OCT2026,605000.000000,10,OPTFUT,MCX,5.000000,10000,False
580886,CRUDEOILM15OCT265050PE,CRUDEOILM,15OCT2026,505000.000000,10,OPTFUT,MCX,5.000000,10000,False
580897,CRUDEOILM15OCT264500PE,CRUDEOILM,15OCT2026,450000.000000,10,OPTFUT,MCX,5.000000,10000,False
580919,CRUDEOILM15OCT268350PE,CRUDEOILM,15OCT2026,835000.000000,10,OPTFUT,MCX,5.000000,10000,False
580926,CRUDEOILM15OCT268700PE,CRUDEOILM,15OCT2026,870000.000000,10,OPTFUT,MCX,5.000000,10000,False
580930,CRUDEOILM15OCT268900PE,CRUDEOILM,15OCT2026,890000.000000,10,OPTFUT,MCX,5.000000,10000,False
580938,CRUDEOILM15OCT269300PE,CRUDEOILM,15OCT2026,930000.000000,10,OPTFUT,MCX,5.000000,10000,False
580946,CRUDEOILM15OCT269700PE,CRUDEOILM,15OCT2026,970000.000000,10,OPTFUT,MCX,5.000000,10000,False
580985,COPPER23OCT261520PE,COPPER,23OCT2026,152000.000000,2500,OPTFUT,MCX,1.000000,70000,False
581002,CRUDEOILM17SEP2611700PE,CRUDEOILM,17SEP2026,1170000.000000,10,OPTFUT,MCX,5.000000,10000,False
581005,CRUDEOIL17SEP2611800CE,CRUDEOIL,17SEP2026,1180000.000000,100,OPTFUT,MCX,10.000000,10000,False
581019,SILVERM23JUN27284000CE,SILVERM,23JUN2027,28400000.000000,5,OPTFUT,MCX,50.000000,600,False
581045,CRUDEOIL17SEP2612150CE,CRUDEOIL,17SEP2026,1215000.000000,100,OPTFUT,MCX,10.000000,10000,False
581055,CRUDEOIL15OCT2611950CE,CRUDEOIL,15OCT2026,1195000.000000,100,OPTFUT,MCX,10.000000,10000,False
581060,CRUDEOIL17SEP2612100PE,CRUDEOIL,17SEP2026,1210000.000000,100,OPTFUT,MCX,10.000000,10000,False
581066,CRUDEOIL15OCT2611700PE,CRUDEOIL,15OCT2026,1170000.000000,100,OPTFUT,MCX,10.000000,10000,False
581079,CRUDEOILM17SEP2612150CE,CRUDEOILM,17SEP2026,1215000.000000,10,OPTFUT,MCX,5.000000,10000,False
581084,CRUDEOILM15OCT2611700CE,CRUDEOILM,15OCT2026,1170000.000000,10,OPTFUT,MCX,5.000000,10000,False
581089,CRUDEOILM15OCT2611950CE,CRUDEOILM,15OCT2026,1195000.000000,10,OPTFUT,MCX,5.000000,10000,False
581106,CRUDEOILM15OCT2612000PE,CRUDEOILM,15OCT2026,1200000.000000,10,OPTFUT,MCX,5.000000,10000,False
581122,CRUDEOILM15OCT263800CE,CRUDEOILM,15OCT2026,380000.000000,10,OPTFUT,MCX,5.000000,10000,False
581125,CRUDEOILM15OCT263850PE,CRUDEOILM,15OCT2026,385000.000000,10,OPTFUT,MCX,5.000000,10000,False
581137,CRUDEOIL15OCT263750CE,CRUDEOIL,15OCT2026,375000.000000,100,OPTFUT,MCX,10.000000,10000,False
581138,CRUDEOIL15OCT263700CE,CRUDEOIL,15OCT2026,370000.000000,100,OPTFUT,MCX,10.000000,10000,False
581143,CRUDEOIL15OCT263700PE,CRUDEOIL,15OCT2026,370000.000000,100,OPTFUT,MCX,10.000000,10000,False
581173,NATURALGAS23OCT26175CE,NATURALGAS,23OCT2026,17500.000000,1250,OPTFUT,MCX,5.000000,60000,False
581177,NATURALGAS23OCT26155CE,NATURALGAS,23OCT2026,15500.000000,1250,OPTFUT,MCX,5.000000,60000,False
581181,NATURALGAS23OCT26135CE,NATURALGAS,23OCT2026,13500.000000,1250,OPTFUT,MCX,5.000000,60000,False
581188,NATURALGAS23OCT26100CE,NATURALGAS,23OCT2026,10000.000000,1250,OPTFUT,MCX,5.000000,60000,False
581191,NATURALGAS23OCT26295CE,NATURALGAS,23OCT2026,29500.000000,1250,OPTFUT,MCX,5.000000,60000,False
581194,NATURALGAS23OCT26310CE,NATURALGAS,23OCT2026,31000.000000,1250,OPTFUT,MCX,5.000000,60000,False
581204,NATURALGAS23OCT26360CE,NATURALGAS,23OCT2026,36000.000000,1250,OPTFUT,MCX,5.000000,60000,False
581208,NATURALGAS23OCT26380CE,NATURALGAS,23OCT2026,38000.000000,1250,OPTFUT,MCX,5.000000,60000,False
581220,NATURALGAS23OCT26440CE,NATURALGAS,23OCT2026,44000.000000,1250,OPTFUT,MCX,5.000000,60000,False
581245,NATURALGAS23OCT26235PE,NATURALGAS,23OCT2026,23500.000000,1250,OPTFUT,MCX,5.000000,60000,False
581247,NATURALGAS23OCT26225PE,NATURALGAS,23OCT2026,22500.000000,1250,OPTFUT,MCX,5.000000,60000,False
581249,NATURALGAS23OCT26215PE,NATURALGAS,23OCT2026,21500.000000,1250,OPTFUT,MCX,5.000000,60000,False
581254,NATURALGAS23OCT26190PE,NATURALGAS,23OCT2026,19000.000000,1250,OPTFUT,MCX,5.000000,60000,False
581279,NATURALGAS23OCT26315PE,NATURALGAS,23OCT2026,31500.000000,1250,OPTFUT,MCX,5.000000,60000,False
581285,NATURALGAS23OCT26345PE,NATURALGAS,23OCT2026,34500.000000,1250,OPTFUT,MCX,5.000000,60000,False
581289,NATURALGAS23OCT26365PE,NATURALGAS,23OCT2026,36500.000000,1250,OPTFUT,MCX,5.000000,60000,False
581290,NATURALGAS23OCT26370PE,NATURALGAS,23OCT2026,37000.000000,1250,OPTFUT,MCX,5.000000,60000,False
581298,NATURALGAS23OCT26410PE,NATURALGAS,23OCT2026,41000.000000,1250,OPTFUT,MCX,5.000000,60000,False
581307,NATURALGAS23OCT26455PE,NATURALGAS,23OCT2026,45500.000000,1250,OPTFUT,MCX,5.000000,60000,False
581339,SILVERM24SEP26183000CE,SILVERM,24SEP2026,18300000.000000,5,OPTFUT,MCX,50.000000,600,False
581340,SILVERM27OCT26184000CE,SILVERM,27OCT2026,18400000.000000,5,OPTFUT,MCX,50.000000,600,False
581347,SILVERM25MAR27192000CE,SILVERM,25MAR2027,19200000.000000,5,OPTFUT,MCX,50.000000,600,False
581372,CRUDEOILM15OCT263700CE,CRUDEOILM,15OCT2026,370000.000000,10,OPTFUT,MCX,5.000000,10000,False
581376,CRUDEOILM15OCT263750PE,CRUDEOILM,15OCT2026,375000.000000,10,OPTFUT,MCX,5.000000,10000,False
581377,CRUDEOILM15OCT263700PE,CRUDEOILM,15OCT2026,370000.000000,10,OPTFUT,MCX,5.000000,10000,False
581379,CRUDEOILM15OCT263600PE,CRUDEOILM,15OCT2026,360000.000000,10,OPTFUT,MCX,5.000000,10000,False
581409,NATGASMINI23OCT26165CE,NATGASMINI,23OCT2026,16500.000000,250,OPTFUT,MCX,5.000000,60000,False
581413,NATGASMINI23OCT26145CE,NATGASMINI,23OCT2026,14500.000000,250,OPTFUT,MCX,5.000000,60000,False
581414,NATGASMINI23OCT26140CE,NATGASMINI,23OCT2026,14000.000000,250,OPTFUT,MCX,5.000000,60000,False
581418,NATGASMINI23OCT26120CE,NATGASMINI,23OCT2026,12000.000000,250,OPTFUT,MCX,5.000000,60000,False
581419,NATGASMINI23OCT26115CE,NATGASMINI,23OCT2026,11500.000000,250,OPTFUT,MCX,5.000000,60000,False
581464,NATGASMINI23OCT26490CE,NATGASMINI,23OCT2026,49000.000000,250,OPTFUT,MCX,5.000000,60000,False
581474,NATGASMINI23OCT26260PE,NATGASMINI,23OCT2026,26000.000000,250,OPTFUT,MCX,5.000000,60000,False
581478,NATGASMINI23OCT26240PE,NATGASMINI,23OCT2026,24000.000000,250,OPTFUT,MCX,5.000000,60000,False
581487,NATGASMINI23OCT26195PE,NATGASMINI,23OCT2026,19500.000000,250,OPTFUT,MCX,5.000000,60000,False
581503,NATGASMINI23OCT26115PE,NATGASMINI,23OCT2026,11500.000000,250,OPTFUT,MCX,5.000000,60000,False
581518,NATGASMINI23OCT26340PE,NATGASMINI,23OCT2026,34000.000000,250,OPTFUT,MCX,5.000000,60000,False
581522,NATGASMINI23OCT26360PE,NATGASMINI,23OCT2026,36000.000000,250,OPTFUT,MCX,5.000000,60000,False
581530,NATGASMINI23OCT26400PE,NATGASMINI,23OCT2026,40000.000000,250,OPTFUT,MCX,5.000000,60000,False
581541,NATGASMINI23OCT26455PE,NATGASMINI,23OCT2026,45500.000000,250,OPTFUT,MCX,5.000000,60000,False
581544,NATGASMINI23OCT26470PE,NATGASMINI,23OCT2026,47000.000000,250,OPTFUT,MCX,5.000000,60000,False
581556,MCXBULLDEX28OCT2632600CE,MCXBULLDEX,28OCT2026,3260000.000000,30,OPTIDX,MCX,5.000000,900,False
581557,MCXBULLDEX28OCT2632500CE,MCXBULLDEX,28OCT2026,3250000.000000,30,OPTIDX,MCX,5.000000,900,False
581569,MCXBULLDEX28OCT2631300CE,MCXBULLDEX,28OCT2026,3130000.000000,30,OPTIDX,MCX,5.000000,900,False
581596,MCXBULLDEX28OCT2633500CE,MCXBULLDEX,28OCT2026,3350000.000000,30,OPTIDX,MCX,5.000000,900,False
581601,MCXBULLDEX28OCT2634000CE,MCXBULLDEX,28OCT2026,3400000.000000,30,OPTIDX,MCX,5.000000,900,False
581603,MCXBULLDEX28OCT2634200CE,MCXBULLDEX,28OCT2026,3420000.000000,30,OPTIDX,MCX,5.000000,900,False
581607,MCXBULLDEX28OCT2634600CE,MCXBULLDEX,28OCT2026,3460000.000000,30,OPTIDX,MCX,5.000000,900,False
581626,MCXBULLDEX28OCT2632600PE,MCXBULLDEX,28OCT2026,3260000.000000,30,OPTIDX,MCX,5.000000,900,False
581629,MCXBULLDEX28OCT2632300PE,MCXBULLDEX,28OCT2026,3230000.000000,30,OPTIDX,MCX,5.000000,900,False
581641,MCXBULLDEX28OCT2631100PE,MCXBULLDEX,28OCT2026,3110000.000000,30,OPTIDX,MCX,5.000000,900,False
581649,MCXBULLDEX28OCT2630300PE,MCXBULLDEX,28OCT2026,3030000.000000,30,OPTIDX,MCX,5.000000,900,False
581644,MCXBULLDEX28OCT2630800PE,MCXBULLDEX,28OCT2026,3080000.000000,30,OPTIDX,MCX,5.000000,900,False
581655,MCXBULLDEX28OCT2629700PE,MCXBULLDEX,28OCT2026,2970000.000000,30,OPTIDX,MCX,5.000000,900,False
581702,COPPER23NOV261360PE,COPPER,23NOV2026,136000.000000,2500,OPTFUT,MCX,1.000000,70000,False
581704,ZINC23NOV26370PE,ZINC,23NOV2026,37000.000000,5,OPTFUT,MCX,1.000000,100,False
581715,LEAD31DEC26FUT,LEAD,31DEC2026,0.000000,5,FUTCOM,MCX,5.000000,100,False
581734,COPPER23NOV261250CE,COPPER,23NOV2026,125000.000000,2500,OPTFUT,MCX,1.000000,70000,False
581737,COPPER23NOV261220CE,COPPER,23NOV2026,122000.000000,2500,OPTFUT,MCX,1.000000,70000,False
581778,COPPER23NOV261460PE,COPPER,23NOV2026,146000.000000,2500,OPTFUT,MCX,1.000000,70000,False
581782,COPPER23NOV261500PE,COPPER,23NOV2026,150000.000000,2500,OPTFUT,MCX,1.000000,70000,False
581786,ZINC23OCT26430CE,ZINC,23OCT2026,43000.000000,5,OPTFUT,MCX,1.000000,100,False
581793,ZINC23NOV26335CE,ZINC,23NOV2026,33500.000000,5,OPTFUT,MCX,1.000000,100,False
581796,ZINC23NOV26320CE,ZINC,23NOV2026,32000.000000,5,OPTFUT,MCX,1.000000,100,False
581802,ZINC23NOV26400CE,ZINC,23NOV2026,40000.000000,5,OPTFUT,MCX,1.000000,100,False
581865,CRUDEOILM15OCT263350CE,CRUDEOILM,15OCT2026,335000.000000,10,OPTFUT,MCX,5.000000,10000,False
581846,CRUDEOIL15OCT263500PE,CRUDEOIL,15OCT2026,350000.000000,100,OPTFUT,MCX,10.000000,10000,False
581849,CRUDEOIL15OCT263350PE,CRUDEOIL,15OCT2026,335000.000000,100,OPTFUT,MCX,10.000000,10000,False
581864,CRUDEOILM15OCT263400CE,CRUDEOILM,15OCT2026,340000.000000,10,OPTFUT,MCX,5.000000,10000,False
581870,CRUDEOILM15OCT263400PE,CRUDEOILM,15OCT2026,340000.000000,10,OPTFUT,MCX,5.000000,10000,False
581881,GOLDM29OCT26149500CE,GOLDM,29OCT2026,14950000.000000,100,OPTFUT,MCX,50.000000,10000,False
581885,CRUDEOIL15OCT263200CE,CRUDEOIL,15OCT2026,320000.000000,100,OPTFUT,MCX,10.000000,10000,False
581909,GOLDM29OCT26137500CE,GOLDM,29OCT2026,13750000.000000,100,OPTFUT,MCX,50.000000,10000,False
581913,GOLDM29OCT26135500CE,GOLDM,29OCT2026,13550000.000000,100,OPTFUT,MCX,50.000000,10000,False
581925,GOLDM29OCT26129500CE,GOLDM,29OCT2026,12950000.000000,100,OPTFUT,MCX,50.000000,10000,False
581934,GOLDM29OCT26125000CE,GOLDM,29OCT2026,12500000.000000,100,OPTFUT,MCX,50.000000,10000,False
581973,GOLDM29OCT26167500CE,GOLDM,29OCT2026,16750000.000000,100,OPTFUT,MCX,50.000000,10000,False
581981,GOLDM29OCT26171500CE,GOLDM,29OCT2026,17150000.000000,100,OPTFUT,MCX,50.000000,10000,False
581995,GOLDM29OCT26144500PE,GOLDM,29OCT2026,14450000.000000,100,OPTFUT,MCX,50.000000,10000,False
581999,GOLDM29OCT26142500PE,GOLDM,29OCT2026,14250000.000000,100,OPTFUT,MCX,50.000000,10000,False
582025,GOLDM29OCT26129500PE,GOLDM,29OCT2026,12950000.000000,100,OPTFUT,MCX,50.000000,10000,False
582031,GOLDM29OCT26126500PE,GOLDM,29OCT2026,12650000.000000,100,OPTFUT,MCX,50.000000,10000,False
582048,GOLDM29OCT26155000PE,GOLDM,29OCT2026,15500000.000000,100,OPTFUT,MCX,50.000000,10000,False
582068,GOLDM29OCT26165000PE,GOLDM,29OCT2026,16500000.000000,100,OPTFUT,MCX,50.000000,10000,False
582075,GOLDM29OCT26168500PE,GOLDM,29OCT2026,16850000.000000,100,OPTFUT,MCX,50.000000,10000,False
582094,CRUDEOILM15OCT263200PE,CRUDEOILM,15OCT2026,320000.000000,10,OPTFUT,MCX,5.000000,10000,False
582136,ZINC23SEP26440CE,ZINC,23SEP2026,44000.000000,5,OPTFUT,MCX,1.000000,100,False
582141,GOLDM29OCT26175000CE,GOLDM,29OCT2026,17500000.000000,100,OPTFUT,MCX,50.000000,10000,False
582169,SILVER26MAY27282000PE,SILVER,26MAY2027,28200000.000000,30,OPTFUT,MCX,50.000000,600,False
582170,SILVER26MAY27283000PE,SILVER,26MAY2027,28300000.000000,30,OPTFUT,MCX,50.000000,600,False
582171,SILVER26MAY27284000PE,SILVER,26MAY2027,28400000.000000,30,OPTFUT,MCX,50.000000,600,False
582187,SILVERM26MAY27290000PE,SILVERM,26MAY2027,29000000.000000,5,OPTFUT,MCX,50.000000,600,False
582205,MCXBULLDEX28OCT2637600PE,MCXBULLDEX,28OCT2026,3760000.000000,30,OPTIDX,MCX,5.000000,900,False
582210,MCXBULLDEX28OCT2638100PE,MCXBULLDEX,28OCT2026,3810000.000000,30,OPTIDX,MCX,5.000000,900,False
582225,GOLDM25SEP26177000CE,GOLDM,25SEP2026,17700000.000000,100,OPTFUT,MCX,50.000000,10000,False
582227,GOLDM25SEP26178000CE,GOLDM,25SEP2026,17800000.000000,100,OPTFUT,MCX,50.000000,10000,False
582235,GOLDM29OCT26178500PE,GOLDM,29OCT2026,17850000.000000,100,OPTFUT,MCX,50.000000,10000,False
582239,SILVER26MAY27291000CE,SILVER,26MAY2027,29100000.000000,30,OPTFUT,MCX,50.000000,600,False
582271,SILVERM23JUN27295000CE,SILVERM,23JUN2027,29500000.000000,5,OPTFUT,MCX,50.000000,600,False
582276,SILVERM26MAY27293000PE,SILVERM,26MAY2027,29300000.000000,5,OPTFUT,MCX,50.000000,600,False
582284,SILVERM23JUN27294000PE,SILVERM,23JUN2027,29400000.000000,5,OPTFUT,MCX,50.000000,600,False
582310,SILVERM26MAY27300000CE,SILVERM,26MAY2027,30000000.000000,5,OPTFUT,MCX,50.000000,600,False
582296,MCXBULLDEX28OCT2638700CE,MCXBULLDEX,28OCT2026,3870000.000000,30,OPTIDX,MCX,5.000000,900,False
582300,MCXBULLDEX25SEP2638700PE,MCXBULLDEX,25SEP2026,3870000.000000,30,OPTIDX,MCX,5.000000,900,False
582306,GOLDM29OCT26179500CE,GOLDM,29OCT2026,17950000.000000,100,OPTFUT,MCX,50.000000,10000,False
582313,SILVERM26MAY27299000PE,SILVERM,26MAY2027,29900000.000000,5,OPTFUT,MCX,50.000000,600,False
582320,GOLDM29OCT26180000CE,GOLDM,29OCT2026,18000000.000000,100,OPTFUT,MCX,50.000000,10000,False
582344,SILVERM26MAY27302000CE,SILVERM,26MAY2027,30200000.000000,5,OPTFUT,MCX,50.000000,600,False
582356,MCXBULLDEX28OCT2638800CE,MCXBULLDEX,28OCT2026,3880000.000000,30,OPTIDX,MCX,5.000000,900,False
582359,MCXBULLDEX25SEP2638800PE,MCXBULLDEX,25SEP2026,3880000.000000,30,OPTIDX,MCX,5.000000,900,False
582361,MCXBULLDEX25SEP2639000PE,MCXBULLDEX,25SEP2026,3900000.000000,30,OPTIDX,MCX,5.000000,900,False
582371,GOLD30JUN27160000CE,GOLD,30JUN2027,16000000.000000,1,OPTFUT,MCX,50.000000,100,False
582385,GOLD30JUN27153000CE,GOLD,30JUN2027,15300000.000000,1,OPTFUT,MCX,50.000000,100,False
582386,GOLD30JUN27152500CE,GOLD,30JUN2027,15250000.000000,1,OPTFUT,MCX,50.000000,100,False
582388,GOLD30JUN27151500CE,GOLD,30JUN2027,15150000.000000,1,OPTFUT,MCX,50.000000,100,False
582395,GOLD30JUN27148000CE,GOLD,30JUN2027,14800000.000000,1,OPTFUT,MCX,50.000000,100,False
582404,GOLD30JUN27143500CE,GOLD,30JUN2027,14350000.000000,1,OPTFUT,MCX,50.000000,100,False
582410,GOLD30JUN27140500CE,GOLD,30JUN2027,14050000.000000,1,OPTFUT,MCX,50.000000,100,False
582423,GOLD30JUN27162000CE,GOLD,30JUN2027,16200000.000000,1,OPTFUT,MCX,50.000000,100,False
582430,GOLD30JUN27165500CE,GOLD,30JUN2027,16550000.000000,1,OPTFUT,MCX,50.000000,100,False
582438,GOLD30JUN27169500CE,GOLD,30JUN2027,16950000.000000,1,OPTFUT,MCX,50.000000,100,False
582454,GOLD30JUN27177500CE,GOLD,30JUN2027,17750000.000000,1,OPTFUT,MCX,50.000000,100,False
582457,GOLD30JUN27179000CE,GOLD,30JUN2027,17900000.000000,1,OPTFUT,MCX,50.000000,100,False
582467,GOLD30JUN27184000CE,GOLD,30JUN2027,18400000.000000,1,OPTFUT,MCX,50.000000,100,False
582477,GOLD29JUL27157000CE,GOLD,29JUL2027,15700000.000000,1,OPTFUT,MCX,50.000000,100,False
582480,GOLD29JUL27155500CE,GOLD,29JUL2027,15550000.000000,1,OPTFUT,MCX,50.000000,100,False
582489,GOLD29JUL27151000CE,GOLD,29JUL2027,15100000.000000,1,OPTFUT,MCX,50.000000,100,False
582507,GOLD29JUL27142000CE,GOLD,29JUL2027,14200000.000000,1,OPTFUT,MCX,50.000000,100,False
582532,GOLD29JUL27166500CE,GOLD,29JUL2027,16650000.000000,1,OPTFUT,MCX,50.000000,100,False
582539,GOLD29JUL27170000CE,GOLD,29JUL2027,17000000.000000,1,OPTFUT,MCX,50.000000,100,False
582540,GOLD29JUL27170500CE,GOLD,29JUL2027,17050000.000000,1,OPTFUT,MCX,50.000000,100,False
582550,GOLD29JUL27175500CE,GOLD,29JUL2027,17550000.000000,1,OPTFUT,MCX,50.000000,100,False
582568,GOLD29JUL27184500CE,GOLD,29JUL2027,18450000.000000,1,OPTFUT,MCX,50.000000,100,False
582586,GOLD30JUN27152500PE,GOLD,30JUN2027,15250000.000000,1,OPTFUT,MCX,50.000000,100,False
582592,GOLD30JUN27149500PE,GOLD,30JUN2027,14950000.000000,1,OPTFUT,MCX,50.000000,100,False
582607,GOLD30JUN27142000PE,GOLD,30JUN2027,14200000.000000,1,OPTFUT,MCX,50.000000,100,False
582613,GOLD30JUN27139000PE,GOLD,30JUN2027,13900000.000000,1,OPTFUT,MCX,50.000000,100,False
582627,GOLD30JUN27164000PE,GOLD,30JUN2027,16400000.000000,1,OPTFUT,MCX,50.000000,100,False
582662,GOLD30JUN27181500PE,GOLD,30JUN2027,18150000.000000,1,OPTFUT,MCX,50.000000,100,False
582668,GOLD30JUN27184500PE,GOLD,30JUN2027,18450000.000000,1,OPTFUT,MCX,50.000000,100,False
582670,GOLD30JUN27185500PE,GOLD,30JUN2027,18550000.000000,1,OPTFUT,MCX,50.000000,100,False
582673,GOLD29JUL27159000PE,GOLD,29JUL2027,15900000.000000,1,OPTFUT,MCX,50.000000,100,False
582684,GOLD29JUL27153500PE,GOLD,29JUL2027,15350000.000000,1,OPTFUT,MCX,50.000000,100,False
582703,GOLD29JUL27144000PE,GOLD,29JUL2027,14400000.000000,1,OPTFUT,MCX,50.000000,100,False
582705,GOLD29JUL27143000PE,GOLD,29JUL2027,14300000.000000,1,OPTFUT,MCX,50.000000,100,False
582713,GOLD29JUL27139000PE,GOLD,29JUL2027,13900000.000000,1,OPTFUT,MCX,50.000000,100,False
582714,GOLD29JUL27138500PE,GOLD,29JUL2027,13850000.000000,1,OPTFUT,MCX,50.000000,100,False
582743,GOLD29JUL27172000PE,GOLD,29JUL2027,17200000.000000,1,OPTFUT,MCX,50.000000,100,False
582752,GOLD29JUL27176500PE,GOLD,29JUL2027,17650000.000000,1,OPTFUT,MCX,50.000000,100,False
582754,GOLD29JUL27177500PE,GOLD,29JUL2027,17750000.000000,1,OPTFUT,MCX,50.000000,100,False
582757,GOLD29JUL27179000PE,GOLD,29JUL2027,17900000.000000,1,OPTFUT,MCX,50.000000,100,False
582779,GOLD30JUN27187000CE,GOLD,30JUN2027,18700000.000000,1,OPTFUT,MCX,50.000000,100,False
582782,GOLD30JUN27188500CE,GOLD,30JUN2027,18850000.000000,1,OPTFUT,MCX,50.000000,100,False
582787,GOLD29JUL27187000CE,GOLD,29JUL2027,18700000.000000,1,OPTFUT,MCX,50.000000,100,False
582792,GOLD29JUL27189500CE,GOLD,29JUL2027,18950000.000000,1,OPTFUT,MCX,50.000000,100,False
582793,GOLD30JUN27186000PE,GOLD,30JUN2027,18600000.000000,1,OPTFUT,MCX,50.000000,100,False
582824,MCXBULLDEX25SEP2639200PE,MCXBULLDEX,25SEP2026,3920000.000000,30,OPTIDX,MCX,5.000000,900,False
582827,MCXBULLDEX27NOV26FUT,MCXBULLDEX,27NOV2026,0.000000,15,FUTIDX,MCX,100.000000,1200,False
582833,CRUDEOILM19FEB27FUT,CRUDEOILM,19FEB2027,0.000000,10,FUTCOM,MCX,100.000000,10000,False
582836,CRUDEOIL17NOV267750CE,CRUDEOIL,17NOV2026,775000.000000,100,OPTFUT,MCX,10.000000,10000,False
582853,CRUDEOIL17NOV266900CE,CRUDEOIL,17NOV2026,690000.000000,100,OPTFUT,MCX,10.000000,10000,False
582854,CRUDEOIL17NOV266850CE,CRUDEOIL,17NOV2026,685000.000000,100,OPTFUT,MCX,10.000000,10000,False
582860,CRUDEOIL17NOV266550CE,CRUDEOIL,17NOV2026,655000.000000,100,OPTFUT,MCX,10.000000,10000,False
582861,CRUDEOIL17NOV266500CE,CRUDEOIL,17NOV2026,650000.000000,100,OPTFUT,MCX,10.000000,10000,False
582894,CRUDEOIL17NOV264850CE,CRUDEOIL,17NOV2026,485000.000000,100,OPTFUT,MCX,10.000000,10000,False
582957,CRUDEOIL17NOV2610350CE,CRUDEOIL,17NOV2026,1035000.000000,100,OPTFUT,MCX,10.000000,10000,False
582958,CRUDEOIL17NOV2610400CE,CRUDEOIL,17NOV2026,1040000.000000,100,OPTFUT,MCX,10.000000,10000,False
582972,CRUDEOIL17NOV2611100CE,CRUDEOIL,17NOV2026,1110000.000000,100,OPTFUT,MCX,10.000000,10000,False
582978,CRUDEOIL17NOV2611400CE,CRUDEOIL,17NOV2026,1140000.000000,100,OPTFUT,MCX,10.000000,10000,False
582985,CRUDEOIL17NOV267800PE,CRUDEOIL,17NOV2026,780000.000000,100,OPTFUT,MCX,10.000000,10000,False
582990,CRUDEOIL17NOV267550PE,CRUDEOIL,17NOV2026,755000.000000,100,OPTFUT,MCX,10.000000,10000,False
582994,CRUDEOIL17NOV267350PE,CRUDEOIL,17NOV2026,735000.000000,100,OPTFUT,MCX,10.000000,10000,False
583020,CRUDEOIL17NOV266050PE,CRUDEOIL,17NOV2026,605000.000000,100,OPTFUT,MCX,10.000000,10000,False
583023,CRUDEOIL17NOV265900PE,CRUDEOIL,17NOV2026,590000.000000,100,OPTFUT,MCX,10.000000,10000,False
583026,CRUDEOIL17NOV265750PE,CRUDEOIL,17NOV2026,575000.000000,100,OPTFUT,MCX,10.000000,10000,False
583029,CRUDEOIL17NOV265600PE,CRUDEOIL,17NOV2026,560000.000000,100,OPTFUT,MCX,10.000000,10000,False
583041,CRUDEOIL17NOV265000PE,CRUDEOIL,17NOV2026,500000.000000,100,OPTFUT,MCX,10.000000,10000,False
583051,CRUDEOIL17NOV264500PE,CRUDEOIL,17NOV2026,450000.000000,100,OPTFUT,MCX,10.000000,10000,False
583070,CRUDEOIL17NOV268500PE,CRUDEOIL,17NOV2026,850000.000000,100,OPTFUT,MCX,10.000000,10000,False
583083,CRUDEOIL17NOV269150PE,CRUDEOIL,17NOV2026,915000.000000,100,OPTFUT,MCX,10.000000,10000,False
583088,CRUDEOIL17NOV269400PE,CRUDEOIL,17NOV2026,940000.000000,100,OPTFUT,MCX,10.000000,10000,False
583090,CRUDEOIL17NOV269500PE,CRUDEOIL,17NOV2026,950000.000000,100,OPTFUT,MCX,10.000000,10000,False
583092,CRUDEOIL17NOV269600PE,CRUDEOIL,17NOV2026,960000.000000,100,OPTFUT,MCX,10.000000,10000,False
583099,CRUDEOIL17NOV269950PE,CRUDEOIL,17NOV2026,995000.000000,100,OPTFUT,MCX,10.000000,10000,False
583109,CRUDEOIL17NOV2610450PE,CRUDEOIL,17NOV2026,1045000.000000,100,OPTFUT,MCX,10.000000,10000,False
583113,CRUDEOIL17NOV2610650PE,CRUDEOIL,17NOV2026,1065000.000000,100,OPTFUT,MCX,10.000000,10000,False
583118,CRUDEOIL17NOV2610900PE,CRUDEOIL,17NOV2026,1090000.000000,100,OPTFUT,MCX,10.000000,10000,False
583132,CRUDEOIL17NOV2611600PE,CRUDEOIL,17NOV2026,1160000.000000,100,OPTFUT,MCX,10.000000,10000,False
583150,GOLDM25SEP26181500CE,GOLDM,25SEP2026,18150000.000000,100,OPTFUT,MCX,50.000000,10000,False
583168,SILVER26MAY27298000PE,SILVER,26MAY2027,29800000.000000,30,OPTFUT,MCX,50.000000,600,False
583175,CRUDEOILM17NOV267600CE,CRUDEOILM,17NOV2026,760000.000000,10,OPTFUT,MCX,5.000000,10000,False
583180,CRUDEOILM17NOV267350CE,CRUDEOILM,17NOV2026,735000.000000,10,OPTFUT,MCX,5.000000,10000,False
583182,CRUDEOILM17NOV267250CE,CRUDEOILM,17NOV2026,725000.000000,10,OPTFUT,MCX,5.000000,10000,False
583184,CRUDEOILM17NOV267150CE,CRUDEOILM,17NOV2026,715000.000000,10,OPTFUT,MCX,5.000000,10000,False
583197,CRUDEOILM17NOV266500CE,CRUDEOILM,17NOV2026,650000.000000,10,OPTFUT,MCX,5.000000,10000,False
583201,CRUDEOILM17NOV266300CE,CRUDEOILM,17NOV2026,630000.000000,10,OPTFUT,MCX,5.000000,10000,False
583205,CRUDEOILM17NOV266100CE,CRUDEOILM,17NOV2026,610000.000000,10,OPTFUT,MCX,5.000000,10000,False
583224,CRUDEOILM17NOV265150CE,CRUDEOILM,17NOV2026,515000.000000,10,OPTFUT,MCX,5.000000,10000,False
583234,CRUDEOILM17NOV264650CE,CRUDEOILM,17NOV2026,465000.000000,10,OPTFUT,MCX,5.000000,10000,False
583241,CRUDEOILM17NOV264300CE,CRUDEOILM,17NOV2026,430000.000000,10,OPTFUT,MCX,5.000000,10000,False
583246,CRUDEOILM17NOV268000CE,CRUDEOILM,17NOV2026,800000.000000,10,OPTFUT,MCX,5.000000,10000,False
583255,CRUDEOILM17NOV268450CE,CRUDEOILM,17NOV2026,845000.000000,10,OPTFUT,MCX,5.000000,10000,False
583264,CRUDEOILM17NOV268900CE,CRUDEOILM,17NOV2026,890000.000000,10,OPTFUT,MCX,5.000000,10000,False
583265,CRUDEOILM17NOV268950CE,CRUDEOILM,17NOV2026,895000.000000,10,OPTFUT,MCX,5.000000,10000,False
583277,CRUDEOILM17NOV269550CE,CRUDEOILM,17NOV2026,955000.000000,10,OPTFUT,MCX,5.000000,10000,False
583280,CRUDEOILM17NOV269700CE,CRUDEOILM,17NOV2026,970000.000000,10,OPTFUT,MCX,5.000000,10000,False
583296,CRUDEOILM17NOV2610500CE,CRUDEOILM,17NOV2026,1050000.000000,10,OPTFUT,MCX,5.000000,10000,False
583302,CRUDEOILM17NOV2610800CE,CRUDEOILM,17NOV2026,1080000.000000,10,OPTFUT,MCX,5.000000,10000,False
583324,CRUDEOILM17NOV267650PE,CRUDEOILM,17NOV2026,765000.000000,10,OPTFUT,MCX,5.000000,10000,False
583334,CRUDEOILM17NOV267150PE,CRUDEOILM,17NOV2026,715000.000000,10,OPTFUT,MCX,5.000000,10000,False
583339,CRUDEOILM17NOV266900PE,CRUDEOILM,17NOV2026,690000.000000,10,OPTFUT,MCX,5.000000,10000,False
583347,CRUDEOILM17NOV266500PE,CRUDEOILM,17NOV2026,650000.000000,10,OPTFUT,MCX,5.000000,10000,False
583348,CRUDEOILM17NOV266450PE,CRUDEOILM,17NOV2026,645000.000000,10,OPTFUT,MCX,5.000000,10000,False
583349,CRUDEOILM17NOV266400PE,CRUDEOILM,17NOV2026,640000.000000,10,OPTFUT,MCX,5.000000,10000,False
583398,CRUDEOILM17NOV268100PE,CRUDEOILM,17NOV2026,810000.000000,10,OPTFUT,MCX,5.000000,10000,False
583400,CRUDEOILM17NOV268200PE,CRUDEOILM,17NOV2026,820000.000000,10,OPTFUT,MCX,5.000000,10000,False
583405,CRUDEOILM17NOV268450PE,CRUDEOILM,17NOV2026,845000.000000,10,OPTFUT,MCX,5.000000,10000,False
583415,CRUDEOILM17NOV268950PE,CRUDEOILM,17NOV2026,895000.000000,10,OPTFUT,MCX,5.000000,10000,False
583418,CRUDEOILM17NOV269100PE,CRUDEOILM,17NOV2026,910000.000000,10,OPTFUT,MCX,5.000000,10000,False
583426,CRUDEOILM17NOV269500PE,CRUDEOILM,17NOV2026,950000.000000,10,OPTFUT,MCX,5.000000,10000,False
583440,CRUDEOILM17NOV2610200PE,CRUDEOILM,17NOV2026,1020000.000000,10,OPTFUT,MCX,5.000000,10000,False
583441,CRUDEOILM17NOV2610250PE,CRUDEOILM,17NOV2026,1025000.000000,10,OPTFUT,MCX,5.000000,10000,False
583445,CRUDEOILM17NOV2610450PE,CRUDEOILM,17NOV2026,1045000.000000,10,OPTFUT,MCX,5.000000,10000,False
583485,CRUDEOIL17NOV2611750PE,CRUDEOIL,17NOV2026,1175000.000000,100,OPTFUT,MCX,10.000000,10000,False
583489,GOLD30JUN27193500CE,GOLD,30JUN2027,19350000.000000,1,OPTFUT,MCX,50.000000,100,False
583491,GOLD29JUL27192500CE,GOLD,29JUL2027,19250000.000000,1,OPTFUT,MCX,50.000000,100,False
583493,GOLD29JUL27193500CE,GOLD,29JUL2027,19350000.000000,1,OPTFUT,MCX,50.000000,100,False
583504,GOLDM25SEP26183500CE,GOLDM,25SEP2026,18350000.000000,100,OPTFUT,MCX,50.000000,10000,False
583514,GOLDM25SEP26184500PE,GOLDM,25SEP2026,18450000.000000,100,OPTFUT,MCX,50.000000,10000,False
583520,SILVER26MAY27301000CE,SILVER,26MAY2027,30100000.000000,30,OPTFUT,MCX,50.000000,600,False
583523,SILVER26MAY27304000CE,SILVER,26MAY2027,30400000.000000,30,OPTFUT,MCX,50.000000,600,False
583538,SILVER26MAY27303000PE,SILVER,26MAY2027,30300000.000000,30,OPTFUT,MCX,50.000000,600,False
583560,SILVERM26MAY27303000PE,SILVERM,26MAY2027,30300000.000000,5,OPTFUT,MCX,50.000000,600,False
583575,MCXBULLDEX25SEP2639700CE,MCXBULLDEX,25SEP2026,3970000.000000,30,OPTIDX,MCX,5.000000,900,False
583579,MCXBULLDEX28OCT2639600CE,MCXBULLDEX,28OCT2026,3960000.000000,30,OPTIDX,MCX,5.000000,900,False
583589,MCXBULLDEX28OCT2639600PE,MCXBULLDEX,28OCT2026,3960000.000000,30,OPTIDX,MCX,5.000000,900,False
583596,GOLD30JUN27194000CE,GOLD,30JUN2027,19400000.000000,1,OPTFUT,MCX,50.000000,100,False
583600,GOLD30JUN27196000CE,GOLD,30JUN2027,19600000.000000,1,OPTFUT,MCX,50.000000,100,False
583648,GOLDM25SEP26187000PE,GOLDM,25SEP2026,18700000.000000,100,OPTFUT,MCX,50.000000,10000,False
583652,GOLDM29OCT26187000PE,GOLDM,29OCT2026,18700000.000000,100,OPTFUT,MCX,50.000000,10000,False
583655,GOLDM29OCT26188500PE,GOLDM,29OCT2026,18850000.000000,100,OPTFUT,MCX,50.000000,10000,False
583694,ZINC23SEP26450CE,ZINC,23SEP2026,45000.000000,5,OPTFUT,MCX,1.000000,100,False
583702,MCXBULLDEX25SEP2640100CE,MCXBULLDEX,25SEP2026,4010000.000000,30,OPTIDX,MCX,5.000000,900,False
583754,GOLD30JUN27199500CE,GOLD,30JUN2027,19950000.000000,1,OPTFUT,MCX,50.000000,100,False
583788,GOLDM29OCT26189500PE,GOLDM,29OCT2026,18950000.000000,100,OPTFUT,MCX,50.000000,10000,False
583798,CRUDEOILM17NOV264100PE,CRUDEOILM,17NOV2026,410000.000000,10,OPTFUT,MCX,5.000000,10000,False
583800,COPPER23NOV261560PE,COPPER,23NOV2026,156000.000000,2500,OPTFUT,MCX,1.000000,70000,False
583805,CRUDEOIL17NOV263850CE,CRUDEOIL,17NOV2026,385000.000000,100,OPTFUT,MCX,10.000000,10000,False
583811,ZINC23SEP26460CE,ZINC,23SEP2026,46000.000000,5,OPTFUT,MCX,1.000000,100,False
583817,CRUDEOILM17NOV263950CE,CRUDEOILM,17NOV2026,395000.000000,10,OPTFUT,MCX,5.000000,10000,False
583819,CRUDEOILM17NOV263850CE,CRUDEOILM,17NOV2026,385000.000000,10,OPTFUT,MCX,5.000000,10000,False
583822,CRUDEOILM17NOV263950PE,CRUDEOILM,17NOV2026,395000.000000,10,OPTFUT,MCX,5.000000,10000,False
583857,NATURALGAS20NOV26205CE,NATURALGAS,20NOV2026,20500.000000,1250,OPTFUT,MCX,5.000000,60000,False
583866,NATURALGAS20NOV26160CE,NATURALGAS,20NOV2026,16000.000000,1250,OPTFUT,MCX,5.000000,60000,False
583870,NATURALGAS20NOV26140CE,NATURALGAS,20NOV2026,14000.000000,1250,OPTFUT,MCX,5.000000,60000,False
583881,NATURALGAS20NOV26395CE,NATURALGAS,20NOV2026,39500.000000,1250,OPTFUT,MCX,5.000000,60000,False
583886,NATURALGAS20NOV26420CE,NATURALGAS,20NOV2026,42000.000000,1250,OPTFUT,MCX,5.000000,60000,False
583902,NATURALGAS20NOV26500CE,NATURALGAS,20NOV2026,50000.000000,1250,OPTFUT,MCX,5.000000,60000,False
583907,NATURALGAS20NOV26525CE,NATURALGAS,20NOV2026,52500.000000,1250,OPTFUT,MCX,5.000000,60000,False
583912,NATURALGAS20NOV26330PE,NATURALGAS,20NOV2026,33000.000000,1250,OPTFUT,MCX,5.000000,60000,False
583915,NATURALGAS20NOV26315PE,NATURALGAS,20NOV2026,31500.000000,1250,OPTFUT,MCX,5.000000,60000,False
583920,NATURALGAS20NOV26290PE,NATURALGAS,20NOV2026,29000.000000,1250,OPTFUT,MCX,5.000000,60000,False
583937,NATURALGAS20NOV26205PE,NATURALGAS,20NOV2026,20500.000000,1250,OPTFUT,MCX,5.000000,60000,False
583942,NATURALGAS20NOV26180PE,NATURALGAS,20NOV2026,18000.000000,1250,OPTFUT,MCX,5.000000,60000,False
583959,NATURALGAS20NOV26385PE,NATURALGAS,20NOV2026,38500.000000,1250,OPTFUT,MCX,5.000000,60000,False
583995,NATGASMINI20NOV26335CE,NATGASMINI,20NOV2026,33500.000000,250,OPTFUT,MCX,5.000000,60000,False
584000,NATGASMINI20NOV26310CE,NATGASMINI,20NOV2026,31000.000000,250,OPTFUT,MCX,5.000000,60000,False
584006,NATGASMINI20NOV26280CE,NATGASMINI,20NOV2026,28000.000000,250,OPTFUT,MCX,5.000000,60000,False
584012,NATGASMINI20NOV26250CE,NATGASMINI,20NOV2026,25000.000000,250,OPTFUT,MCX,5.000000,60000,False
584013,NATGASMINI20NOV26245CE,NATGASMINI,20NOV2026,24500.000000,250,OPTFUT,MCX,5.000000,60000,False
584021,NATGASMINI20NOV26205CE,NATGASMINI,20NOV2026,20500.000000,250,OPTFUT,MCX,5.000000,60000,False
584022,NATGASMINI20NOV26200CE,NATGASMINI,20NOV2026,20000.000000,250,OPTFUT,MCX,5.000000,60000,False
584028,NATGASMINI20NOV26170CE,NATGASMINI,20NOV2026,17000.000000,250,OPTFUT,MCX,5.000000,60000,False
584033,NATGASMINI20NOV26145CE,NATGASMINI,20NOV2026,14500.000000,250,OPTFUT,MCX,5.000000,60000,False
584044,NATGASMINI20NOV26390CE,NATGASMINI,20NOV2026,39000.000000,250,OPTFUT,MCX,5.000000,60000,False
584054,NATGASMINI20NOV26440CE,NATGASMINI,20NOV2026,44000.000000,250,OPTFUT,MCX,5.000000,60000,False
584057,NATGASMINI20NOV26455CE,NATGASMINI,20NOV2026,45500.000000,250,OPTFUT,MCX,5.000000,60000,False
584060,NATGASMINI20NOV26470CE,NATGASMINI,20NOV2026,47000.000000,250,OPTFUT,MCX,5.000000,60000,False
584068,NATGASMINI20NOV26510CE,NATGASMINI,20NOV2026,51000.000000,250,OPTFUT,MCX,5.000000,60000,False
584081,NATGASMINI20NOV26305PE,NATGASMINI,20NOV2026,30500.000000,250,OPTFUT,MCX,5.000000,60000,False
584095,NATGASMINI20NOV26235PE,NATGASMINI,20NOV2026,23500.000000,250,OPTFUT,MCX,5.000000,60000,False
584099,NATGASMINI20NOV26215PE,NATGASMINI,20NOV2026,21500.000000,250,OPTFUT,MCX,5.000000,60000,False
584111,NATGASMINI20NOV26155PE,NATGASMINI,20NOV2026,15500.000000,250,OPTFUT,MCX,5.000000,60000,False
584129,NATGASMINI20NOV26415PE,NATGASMINI,20NOV2026,41500.000000,250,OPTFUT,MCX,5.000000,60000,False
584131,NATGASMINI20NOV26425PE,NATGASMINI,20NOV2026,42500.000000,250,OPTFUT,MCX,5.000000,60000,False
584134,NATGASMINI20NOV26440PE,NATGASMINI,20NOV2026,44000.000000,250,OPTFUT,MCX,5.000000,60000,False
584141,NATGASMINI20NOV26475PE,NATGASMINI,20NOV2026,47500.000000,250,OPTFUT,MCX,5.000000,60000,False
584147,NATGASMINI20NOV26505PE,NATGASMINI,20NOV2026,50500.000000,250,OPTFUT,MCX,5.000000,60000,False
584164,MCXBULLDEX27NOV2635300CE,MCXBULLDEX,27NOV2026,3530000.000000,15,OPTIDX,MCX,5.000000,450,False
584167,MCXBULLDEX27NOV2635000CE,MCXBULLDEX,27NOV2026,3500000.000000,15,OPTIDX,MCX,5.000000,450,False
584176,MCXBULLDEX27NOV2634100CE,MCXBULLDEX,27NOV2026,3410000.000000,15,OPTIDX,MCX,5.000000,450,False
584180,MCXBULLDEX27NOV2633700CE,MCXBULLDEX,27NOV2026,3370000.000000,15,OPTIDX,MCX,5.000000,450,False
584194,MCXBULLDEX27NOV2632300CE,MCXBULLDEX,27NOV2026,3230000.000000,15,OPTIDX,MCX,5.000000,450,False
584198,MCXBULLDEX27NOV2635900CE,MCXBULLDEX,27NOV2026,3590000.000000,15,OPTIDX,MCX,5.000000,450,False
584202,MCXBULLDEX27NOV2636300CE,MCXBULLDEX,27NOV2026,3630000.000000,15,OPTIDX,MCX,5.000000,450,False
584208,MCXBULLDEX27NOV2637000CE,MCXBULLDEX,27NOV2026,3700000.000000,15,OPTIDX,MCX,5.000000,450,False
584214,MCXBULLDEX27NOV2637600CE,MCXBULLDEX,27NOV2026,3760000.000000,15,OPTIDX,MCX,5.000000,450,False
584232,MCXBULLDEX27NOV2635500PE,MCXBULLDEX,27NOV2026,3550000.000000,15,OPTIDX,MCX,5.000000,450,False
584245,MCXBULLDEX27NOV2634200PE,MCXBULLDEX,27NOV2026,3420000.000000,15,OPTIDX,MCX,5.000000,450,False
584246,MCXBULLDEX27NOV2634100PE,MCXBULLDEX,27NOV2026,3410000.000000,15,OPTIDX,MCX,5.000000,450,False
584251,MCXBULLDEX27NOV2633600PE,MCXBULLDEX,27NOV2026,3360000.000000,15,OPTIDX,MCX,5.000000,450,False
584252,MCXBULLDEX27NOV2633500PE,MCXBULLDEX,27NOV2026,3350000.000000,15,OPTIDX,MCX,5.000000,450,False
584257,MCXBULLDEX27NOV2633000PE,MCXBULLDEX,27NOV2026,3300000.000000,15,OPTIDX,MCX,5.000000,450,False
584258,MCXBULLDEX27NOV2632900PE,MCXBULLDEX,27NOV2026,3290000.000000,15,OPTIDX,MCX,5.000000,450,False
584263,MCXBULLDEX27NOV2632400PE,MCXBULLDEX,27NOV2026,3240000.000000,15,OPTIDX,MCX,5.000000,450,False
584271,MCXBULLDEX27NOV2636200PE,MCXBULLDEX,27NOV2026,3620000.000000,15,OPTIDX,MCX,5.000000,450,False
584278,MCXBULLDEX27NOV2637000PE,MCXBULLDEX,27NOV2026,3700000.000000,15,OPTIDX,MCX,5.000000,450,False
584279,MCXBULLDEX27NOV2637100PE,MCXBULLDEX,27NOV2026,3710000.000000,15,OPTIDX,MCX,5.000000,450,False
584289,MCXBULLDEX27NOV2638100PE,MCXBULLDEX,27NOV2026,3810000.000000,15,OPTIDX,MCX,5.000000,450,False
584295,MCXBULLDEX27NOV2638700PE,MCXBULLDEX,27NOV2026,3870000.000000,15,OPTIDX,MCX,5.000000,450,False
584297,MCXBULLDEX27NOV2638900PE,MCXBULLDEX,27NOV2026,3890000.000000,15,OPTIDX,MCX,5.000000,450,False
584305,GOLDGUINEA26FEB27FUT,GOLDGUINEA,26FEB2027,0.000000,8,FUTCOM,MCX,100.000000,10000,False
584311,COTTON31MAR27FUT,COTTON,31MAR2027,0.000000,25,FUTCOM,MCX,1000.000000,1200,False
584315,ALUMINIUM31MAR27FUT,ALUMINIUM,31MAR2027,0.000000,5,FUTCOM,MCX,5.000000,150,False
584347,COPPER23DEC261420CE,COPPER,23DEC2026,142000.000000,2500,OPTFUT,MCX,1.000000,70000,False
584352,COPPER23DEC261470CE,COPPER,23DEC2026,147000.000000,2500,OPTFUT,MCX,1.000000,70000,False
584356,COPPER23DEC261510CE,COPPER,23DEC2026,151000.000000,2500,OPTFUT,MCX,1.000000,70000,False
584360,COPPER23DEC261550CE,COPPER,23DEC2026,155000.000000,2500,OPTFUT,MCX,1.000000,70000,False
584366,COPPER23DEC261360PE,COPPER,23DEC2026,136000.000000,2500,OPTFUT,MCX,1.000000,70000,False
584371,COPPER23DEC261310PE,COPPER,23DEC2026,131000.000000,2500,OPTFUT,MCX,1.000000,70000,False
584381,COPPER23DEC261460PE,COPPER,23DEC2026,146000.000000,2500,OPTFUT,MCX,1.000000,70000,False
584387,COPPER23DEC261520PE,COPPER,23DEC2026,152000.000000,2500,OPTFUT,MCX,1.000000,70000,False
584400,ZINC23OCT26460CE,ZINC,23OCT2026,46000.000000,5,OPTFUT,MCX,1.000000,100,False
584401,ZINC23NOV26440CE,ZINC,23NOV2026,44000.000000,5,OPTFUT,MCX,1.000000,100,False
584405,ZINC23DEC26370CE,ZINC,23DEC2026,37000.000000,5,OPTFUT,MCX,1.000000,100,False
584418,ZINC23DEC26415CE,ZINC,23DEC2026,41500.000000,5,OPTFUT,MCX,1.000000,100,False
584420,ZINC23DEC26425CE,ZINC,23DEC2026,42500.000000,5,OPTFUT,MCX,1.000000,100,False
584435,ZINC23DEC26335PE,ZINC,23DEC2026,33500.000000,5,OPTFUT,MCX,1.000000,100,False
584447,MCXBULLDEX27NOV2632000CE,MCXBULLDEX,27NOV2026,3200000.000000,15,OPTIDX,MCX,5.000000,450,False
584448,MCXBULLDEX27NOV2631900CE,MCXBULLDEX,27NOV2026,3190000.000000,15,OPTIDX,MCX,5.000000,450,False
584451,MCXBULLDEX27NOV2632000PE,MCXBULLDEX,27NOV2026,3200000.000000,15,OPTIDX,MCX,5.000000,450,False
584459,CRUDEOIL17NOV2611850CE,CRUDEOIL,17NOV2026,1185000.000000,100,OPTFUT,MCX,10.000000,10000,False
584472,CRUDEOILM17NOV2611900CE,CRUDEOILM,17NOV2026,1190000.000000,10,OPTFUT,MCX,5.000000,10000,False
584498,CRUDEOILM17SEP2612400CE,CRUDEOILM,17SEP2026,1240000.000000,10,OPTFUT,MCX,5.000000,10000,False
584518,GOLDM27NOV26146500CE,GOLDM,27NOV2026,14650000.000000,100,OPTFUT,MCX,50.000000,10000,False
584519,GOLDM27NOV26146000CE,GOLDM,27NOV2026,14600000.000000,100,OPTFUT,MCX,50.000000,10000,False
584534,GOLDM27NOV26138500CE,GOLDM,27NOV2026,13850000.000000,100,OPTFUT,MCX,50.000000,10000,False
584561,GOLDM27NOV26159000CE,GOLDM,27NOV2026,15900000.000000,100,OPTFUT,MCX,50.000000,10000,False
584566,GOLDM27NOV26161500CE,GOLDM,27NOV2026,16150000.000000,100,OPTFUT,MCX,50.000000,10000,False
584567,GOLDM27NOV26162000CE,GOLDM,27NOV2026,16200000.000000,100,OPTFUT,MCX,50.000000,10000,False
584572,GOLDM27NOV26164500CE,GOLDM,27NOV2026,16450000.000000,100,OPTFUT,MCX,50.000000,10000,False
584576,GOLDM27NOV26166500CE,GOLDM,27NOV2026,16650000.000000,100,OPTFUT,MCX,50.000000,10000,False
584584,GOLDM27NOV26170500CE,GOLDM,27NOV2026,17050000.000000,100,OPTFUT,MCX,50.000000,10000,False
584596,GOLDM27NOV26176500CE,GOLDM,27NOV2026,17650000.000000,100,OPTFUT,MCX,50.000000,10000,False
584598,GOLDM27NOV26177500CE,GOLDM,27NOV2026,17750000.000000,100,OPTFUT,MCX,50.000000,10000,False
584622,GOLDM27NOV26144500PE,GOLDM,27NOV2026,14450000.000000,100,OPTFUT,MCX,50.000000,10000,False
584649,GOLDM27NOV26131000PE,GOLDM,27NOV2026,13100000.000000,100,OPTFUT,MCX,50.000000,10000,False
584654,GOLDM27NOV26155500PE,GOLDM,27NOV2026,15550000.000000,100,OPTFUT,MCX,50.000000,10000,False
584656,GOLDM27NOV26156500PE,GOLDM,27NOV2026,15650000.000000,100,OPTFUT,MCX,50.000000,10000,False
584660,GOLDM27NOV26158500PE,GOLDM,27NOV2026,15850000.000000,100,OPTFUT,MCX,50.000000,10000,False
584664,GOLDM27NOV26160500PE,GOLDM,27NOV2026,16050000.000000,100,OPTFUT,MCX,50.000000,10000,False
584672,GOLDM27NOV26164500PE,GOLDM,27NOV2026,16450000.000000,100,OPTFUT,MCX,50.000000,10000,False
584696,GOLDM27NOV26176500PE,GOLDM,27NOV2026,17650000.000000,100,OPTFUT,MCX,50.000000,10000,False
584729,CRUDEOIL15OCT2612250CE,CRUDEOIL,15OCT2026,1225000.000000,100,OPTFUT,MCX,10.000000,10000,False
584738,ZINC23DEC26445CE,ZINC,23DEC2026,44500.000000,5,OPTFUT,MCX,1.000000,100,False
584751,CRUDEOILM15OCT2612250PE,CRUDEOILM,15OCT2026,1225000.000000,10,OPTFUT,MCX,5.000000,10000,False
584755,COPPER23NOV261570CE,COPPER,23NOV2026,157000.000000,2500,OPTFUT,MCX,1.000000,70000,False
584761,COPPER23DEC261570PE,COPPER,23DEC2026,157000.000000,2500,OPTFUT,MCX,1.000000,70000,False
584774,CRUDEOIL21JUN27FUT,CRUDEOIL,21JUN2027,0.000000,100,FUTCOM,MCX,100.000000,10000,False
584780,CRUDEOILM17DEC27FUT,CRUDEOILM,17DEC2027,0.000000,10,FUTCOM,MCX,100.000000,10000,False
584781,COPPER23OCT261580CE,COPPER,23OCT2026,158000.000000,2500,OPTFUT,MCX,1.000000,70000,False
584786,COPPER23DEC261590PE,COPPER,23DEC2026,159000.000000,2500,OPTFUT,MCX,1.000000,70000,False
584791,CRUDEOIL17SEP2612750CE,CRUDEOIL,17SEP2026,1275000.000000,100,OPTFUT,MCX,10.000000,10000,False
584794,CRUDEOIL15OCT2612300CE,CRUDEOIL,15OCT2026,1230000.000000,100,OPTFUT,MCX,10.000000,10000,False
584804,CRUDEOIL17NOV2612250CE,CRUDEOIL,17NOV2026,1225000.000000,100,OPTFUT,MCX,10.000000,10000,False
584832,ZINC23SEP26480PE,ZINC,23SEP2026,48000.000000,5,OPTFUT,MCX,1.000000,100,False
584833,ZINC23OCT26470PE,ZINC,23OCT2026,47000.000000,5,OPTFUT,MCX,1.000000,100,False
584846,CRUDEOILM15OCT2612500CE,CRUDEOILM,15OCT2026,1250000.000000,10,OPTFUT,MCX,5.000000,10000,False
584853,CRUDEOILM17SEP2612550PE,CRUDEOILM,17SEP2026,1255000.000000,10,OPTFUT,MCX,5.000000,10000,False
584889,CRUDEOIL15OCT2612800CE,CRUDEOIL,15OCT2026,1280000.000000,100,OPTFUT,MCX,10.000000,10000,False
584865,CRUDEOILM15OCT2612550PE,CRUDEOILM,15OCT2026,1255000.000000,10,OPTFUT,MCX,5.000000,10000,False
584871,NATGASMINI20NOV26130CE,NATGASMINI,20NOV2026,13000.000000,250,OPTFUT,MCX,5.000000,60000,False
584881,CRUDEOIL17SEP2613300CE,CRUDEOIL,17SEP2026,1330000.000000,100,OPTFUT,MCX,10.000000,10000,False
584901,CRUDEOIL17NOV2612550CE,CRUDEOIL,17NOV2026,1255000.000000,100,OPTFUT,MCX,10.000000,10000,False
584908,CRUDEOIL17SEP2613050PE,CRUDEOIL,17SEP2026,1305000.000000,100,OPTFUT,MCX,10.000000,10000,False
584912,CRUDEOIL17SEP2613250PE,CRUDEOIL,17SEP2026,1325000.000000,100,OPTFUT,MCX,10.000000,10000,False
584913,CRUDEOIL17SEP2613300PE,CRUDEOIL,17SEP2026,1330000.000000,100,OPTFUT,MCX,10.000000,10000,False
584925,CRUDEOIL15OCT2613000PE,CRUDEOIL,15OCT2026,1300000.000000,100,OPTFUT,MCX,10.000000,10000,False
584926,CRUDEOIL15OCT2613050PE,CRUDEOIL,15OCT2026,1305000.000000,100,OPTFUT,MCX,10.000000,10000,False
584947,CRUDEOILM17SEP2613300CE,CRUDEOILM,17SEP2026,1330000.000000,10,OPTFUT,MCX,5.000000,10000,False
584962,CRUDEOILM17NOV2612300CE,CRUDEOILM,17NOV2026,1230000.000000,10,OPTFUT,MCX,5.000000,10000,False
584971,CRUDEOILM17SEP2612900PE,CRUDEOILM,17SEP2026,1290000.000000,10,OPTFUT,MCX,5.000000,10000,False
584975,CRUDEOILM17SEP2613100PE,CRUDEOILM,17SEP2026,1310000.000000,10,OPTFUT,MCX,5.000000,10000,False
584979,CRUDEOILM17SEP2613300PE,CRUDEOILM,17SEP2026,1330000.000000,10,OPTFUT,MCX,5.000000,10000,False
584984,CRUDEOILM15OCT2612650PE,CRUDEOILM,15OCT2026,1265000.000000,10,OPTFUT,MCX,5.000000,10000,False
584989,CRUDEOILM15OCT2612900PE,CRUDEOILM,15OCT2026,1290000.000000,10,OPTFUT,MCX,5.000000,10000,False
584990,CRUDEOILM15OCT2612950PE,CRUDEOILM,15OCT2026,1295000.000000,10,OPTFUT,MCX,5.000000,10000,False
584996,CRUDEOILM17NOV2612400PE,CRUDEOILM,17NOV2026,1240000.000000,10,OPTFUT,MCX,5.000000,10000,False
584999,CRUDEOILM17NOV2612550PE,CRUDEOILM,17NOV2026,1255000.000000,10,OPTFUT,MCX,5.000000,10000,False
597,STEELREBARCOM,STEELREBAR,,0.000000,5,COMDTY,MCX,1000.000000,99999999,False
580146,GOLD28MAY27125000PE,GOLD,28MAY2027,12500000.000000,1,OPTFUT,MCX,50.000000,100,False
580172,SILVER27NOV26182000CE,SILVER,27NOV2026,18200000.000000,30,OPTFUT,MCX,50.000000,600,False
580179,SILVER28JUN27196000CE,SILVER,28JUN2027,19600000.000000,30,OPTFUT,MCX,50.000000,600,False
580189,SILVER26MAY27195000PE,SILVER,26MAY2027,19500000.000000,30,OPTFUT,MCX,50.000000,600,False
580197,SILVERM24SEP26186000CE,SILVERM,24SEP2026,18600000.000000,5,OPTFUT,MCX,50.000000,600,False
580206,SILVERM25JAN27194000CE,SILVERM,25JAN2027,19400000.000000,5,OPTFUT,MCX,50.000000,600,False
580210,SILVERM19FEB27193000CE,SILVERM,19FEB2027,19300000.000000,5,OPTFUT,MCX,50.000000,600,False
580222,SILVERM24SEP26186000PE,SILVERM,24SEP2026,18600000.000000,5,OPTFUT,MCX,50.000000,600,False
580232,SILVERM25JAN27193000PE,SILVERM,25JAN2027,19300000.000000,5,OPTFUT,MCX,50.000000,600,False
580233,SILVERM19FEB27195000PE,SILVERM,19FEB2027,19500000.000000,5,OPTFUT,MCX,50.000000,600,False
580251,CRUDEOIL17SEP2611550CE,CRUDEOIL,17SEP2026,1155000.000000,100,OPTFUT,MCX,10.000000,10000,False
580254,CRUDEOIL17SEP2611450PE,CRUDEOIL,17SEP2026,1145000.000000,100,OPTFUT,MCX,10.000000,10000,False
580265,SILVER26FEB27185000CE,SILVER,26FEB2027,18500000.000000,30,OPTFUT,MCX,50.000000,600,False
580270,SILVER26MAY27194000CE,SILVER,26MAY2027,19400000.000000,30,OPTFUT,MCX,50.000000,600,False
580276,SILVER28JUN27193000CE,SILVER,28JUN2027,19300000.000000,30,OPTFUT,MCX,50.000000,600,False
580278,SILVER28JUN27191000CE,SILVER,28JUN2027,19100000.000000,30,OPTFUT,MCX,50.000000,600,False
580295,SILVER26MAY27192000PE,SILVER,26MAY2027,19200000.000000,30,OPTFUT,MCX,50.000000,600,False
580297,SILVER26MAY27190000PE,SILVER,26MAY2027,19000000.000000,30,OPTFUT,MCX,50.000000,600,False
580298,SILVER28JUN27194000PE,SILVER,28JUN2027,19400000.000000,30,OPTFUT,MCX,50.000000,600,False
580299,SILVER28JUN27193000PE,SILVER,28JUN2027,19300000.000000,30,OPTFUT,MCX,50.000000,600,False
580304,SILVERM27OCT26185000CE,SILVERM,27OCT2026,18500000.000000,5,OPTFUT,MCX,50.000000,600,False
580310,SILVERM25JAN27191000CE,SILVERM,25JAN2027,19100000.000000,5,OPTFUT,MCX,50.000000,600,False
580314,SILVERM19FEB27190000CE,SILVERM,19FEB2027,19000000.000000,5,OPTFUT,MCX,50.000000,600,False
580319,SILVERM25MAR27193000CE,SILVERM,25MAR2027,19300000.000000,5,OPTFUT,MCX,50.000000,600,False
580324,SILVERM23APR27193000CE,SILVERM,23APR2027,19300000.000000,5,OPTFUT,MCX,50.000000,600,False
580325,SILVERM26MAY27200000CE,SILVERM,26MAY2027,20000000.000000,5,OPTFUT,MCX,50.000000,600,False
580335,SILVERM23NOV26185000PE,SILVERM,23NOV2026,18500000.000000,5,OPTFUT,MCX,50.000000,600,False
580342,SILVERM19FEB27192000PE,SILVERM,19FEB2027,19200000.000000,5,OPTFUT,MCX,50.000000,600,False
580354,SILVERM23APR27193000PE,SILVERM,23APR2027,19300000.000000,5,OPTFUT,MCX,50.000000,600,False
580402,CRUDEOIL15OCT266600CE,CRUDEOIL,15OCT2026,660000.000000,100,OPTFUT,MCX,10.000000,10000,False
580359,SILVERM23JUN27200000PE,SILVERM,23JUN2027,20000000.000000,5,OPTFUT,MCX,50.000000,600,False
580382,CRUDEOIL15OCT267600CE,CRUDEOIL,15OCT2026,760000.000000,100,OPTFUT,MCX,10.000000,10000,False
580398,CRUDEOIL15OCT266800CE,CRUDEOIL,15OCT2026,680000.000000,100,OPTFUT,MCX,10.000000,10000,False
580411,CRUDEOIL15OCT266150CE,CRUDEOIL,15OCT2026,615000.000000,100,OPTFUT,MCX,10.000000,10000,False
580434,CRUDEOIL15OCT265000CE,CRUDEOIL,15OCT2026,500000.000000,100,OPTFUT,MCX,10.000000,10000,False
580443,CRUDEOIL15OCT264550CE,CRUDEOIL,15OCT2026,455000.000000,100,OPTFUT,MCX,10.000000,10000,False
580452,CRUDEOIL15OCT264100CE,CRUDEOIL,15OCT2026,410000.000000,100,OPTFUT,MCX,10.000000,10000,False
580460,CRUDEOIL15OCT268050CE,CRUDEOIL,15OCT2026,805000.000000,100,OPTFUT,MCX,10.000000,10000,False
580484,CRUDEOIL15OCT269250CE,CRUDEOIL,15OCT2026,925000.000000,100,OPTFUT,MCX,10.000000,10000,False
580486,CRUDEOIL15OCT269350CE,CRUDEOIL,15OCT2026,935000.000000,100,OPTFUT,MCX,10.000000,10000,False
580498,CRUDEOIL15OCT269950CE,CRUDEOIL,15OCT2026,995000.000000,100,OPTFUT,MCX,10.000000,10000,False
580505,CRUDEOIL15OCT2610300CE,CRUDEOIL,15OCT2026,1030000.000000,100,OPTFUT,MCX,10.000000,10000,False
580514,CRUDEOIL15OCT2610750CE,CRUDEOIL,15OCT2026,1075000.000000,100,OPTFUT,MCX,10.000000,10000,False
580524,CRUDEOIL15OCT2611250CE,CRUDEOIL,15OCT2026,1125000.000000,100,OPTFUT,MCX,10.000000,10000,False
580530,CRUDEOIL17SEP2611600PE,CRUDEOIL,17SEP2026,1160000.000000,100,OPTFUT,MCX,10.000000,10000,False
580539,CRUDEOIL15OCT267300PE,CRUDEOIL,15OCT2026,730000.000000,100,OPTFUT,MCX,10.000000,10000,False
580552,CRUDEOIL15OCT266650PE,CRUDEOIL,15OCT2026,665000.000000,100,OPTFUT,MCX,10.000000,10000,False
580553,CRUDEOIL15OCT266600PE,CRUDEOIL,15OCT2026,660000.000000,100,OPTFUT,MCX,10.000000,10000,False
580556,CRUDEOIL15OCT266450PE,CRUDEOIL,15OCT2026,645000.000000,100,OPTFUT,MCX,10.000000,10000,False
580559,CRUDEOIL15OCT266300PE,CRUDEOIL,15OCT2026,630000.000000,100,OPTFUT,MCX,10.000000,10000,False
580561,CRUDEOIL15OCT266200PE,CRUDEOIL,15OCT2026,620000.000000,100,OPTFUT,MCX,10.000000,10000,False
580565,CRUDEOIL15OCT266000PE,CRUDEOIL,15OCT2026,600000.000000,100,OPTFUT,MCX,10.000000,10000,False
580569,CRUDEOIL15OCT265800PE,CRUDEOIL,15OCT2026,580000.000000,100,OPTFUT,MCX,10.000000,10000,False
580594,CRUDEOIL15OCT264550PE,CRUDEOIL,15OCT2026,455000.000000,100,OPTFUT,MCX,10.000000,10000,False
580600,CRUDEOIL15OCT264250PE,CRUDEOIL,15OCT2026,425000.000000,100,OPTFUT,MCX,10.000000,10000,False
580602,CRUDEOIL15OCT264150PE,CRUDEOIL,15OCT2026,415000.000000,100,OPTFUT,MCX,10.000000,10000,False
580619,CRUDEOIL15OCT268450PE,CRUDEOIL,15OCT2026,845000.000000,100,OPTFUT,MCX,10.000000,10000,False
580625,CRUDEOIL15OCT268750PE,CRUDEOIL,15OCT2026,875000.000000,100,OPTFUT,MCX,10.000000,10000,False
580632,CRUDEOIL15OCT269100PE,CRUDEOIL,15OCT2026,910000.000000,100,OPTFUT,MCX,10.000000,10000,False
580635,CRUDEOIL15OCT269250PE,CRUDEOIL,15OCT2026,925000.000000,100,OPTFUT,MCX,10.000000,10000,False
580639,CRUDEOIL15OCT269450PE,CRUDEOIL,15OCT2026,945000.000000,100,OPTFUT,MCX,10.000000,10000,False
580640,CRUDEOIL15OCT269500PE,CRUDEOIL,15OCT2026,950000.000000,100,OPTFUT,MCX,10.000000,10000,False
580642,CRUDEOIL15OCT269600PE,CRUDEOIL,15OCT2026,960000.000000,100,OPTFUT,MCX,10.000000,10000,False
580646,CRUDEOIL15OCT269800PE,CRUDEOIL,15OCT2026,980000.000000,100,OPTFUT,MCX,10.000000,10000,False
580651,CRUDEOIL15OCT2610050PE,CRUDEOIL,15OCT2026,1005000.000000,100,OPTFUT,MCX,10.000000,10000,False
580662,CRUDEOIL15OCT2610600PE,CRUDEOIL,15OCT2026,1060000.000000,100,OPTFUT,MCX,10.000000,10000,False
580665,CRUDEOIL15OCT2610750PE,CRUDEOIL,15OCT2026,1075000.000000,100,OPTFUT,MCX,10.000000,10000,False
580666,CRUDEOIL15OCT2610800PE,CRUDEOIL,15OCT2026,1080000.000000,100,OPTFUT,MCX,10.000000,10000,False
580667,CRUDEOIL15OCT2610850PE,CRUDEOIL,15OCT2026,1085000.000000,100,OPTFUT,MCX,10.000000,10000,False
580670,CRUDEOIL15OCT2611000PE,CRUDEOIL,15OCT2026,1100000.000000,100,OPTFUT,MCX,10.000000,10000,False
580689,CRUDEOILM15OCT267350CE,CRUDEOILM,15OCT2026,735000.000000,10,OPTFUT,MCX,5.000000,10000,False
580697,CRUDEOILM15OCT266950CE,CRUDEOILM,15OCT2026,695000.000000,10,OPTFUT,MCX,5.000000,10000,False
580700,CRUDEOILM15OCT266800CE,CRUDEOILM,15OCT2026,680000.000000,10,OPTFUT,MCX,5.000000,10000,False
580705,CRUDEOILM15OCT266550CE,CRUDEOILM,15OCT2026,655000.000000,10,OPTFUT,MCX,5.000000,10000,False
580714,CRUDEOILM15OCT266100CE,CRUDEOILM,15OCT2026,610000.000000,10,OPTFUT,MCX,5.000000,10000,False
580722,CRUDEOILM15OCT265700CE,CRUDEOILM,15OCT2026,570000.000000,10,OPTFUT,MCX,5.000000,10000,False
580724,CRUDEOILM15OCT265600CE,CRUDEOILM,15OCT2026,560000.000000,10,OPTFUT,MCX,5.000000,10000,False
580725,CRUDEOILM15OCT265550CE,CRUDEOILM,15OCT2026,555000.000000,10,OPTFUT,MCX,5.000000,10000,False
580748,CRUDEOILM15OCT264400CE,CRUDEOILM,15OCT2026,440000.000000,10,OPTFUT,MCX,5.000000,10000,False
580755,CRUDEOILM15OCT264050CE,CRUDEOILM,15OCT2026,405000.000000,10,OPTFUT,MCX,5.000000,10000,False
580766,CRUDEOILM15OCT268250CE,CRUDEOILM,15OCT2026,825000.000000,10,OPTFUT,MCX,5.000000,10000,False
580767,CRUDEOILM15OCT268300CE,CRUDEOILM,15OCT2026,830000.000000,10,OPTFUT,MCX,5.000000,10000,False
580787,CRUDEOILM15OCT269300CE,CRUDEOILM,15OCT2026,930000.000000,10,OPTFUT,MCX,5.000000,10000,False
580809,CRUDEOILM15OCT2610400CE,CRUDEOILM,15OCT2026,1040000.000000,10,OPTFUT,MCX,5.000000,10000,False
580821,CRUDEOILM15OCT2611000CE,CRUDEOILM,15OCT2026,1100000.000000,10,OPTFUT,MCX,5.000000,10000,False
580833,CRUDEOILM15OCT267700PE,CRUDEOILM,15OCT2026,770000.000000,10,OPTFUT,MCX,5.000000,10000,False
580862,CRUDEOILM15OCT266250PE,CRUDEOILM,15OCT2026,625000.000000,10,OPTFUT,MCX,5.000000,10000,False
580868,CRUDEOILM15OCT265950PE,CRUDEOILM,15OCT2026,595000.000000,10,OPTFUT,MCX,5.000000,10000,False
580869,CRUDEOILM15OCT265900PE,CRUDEOILM,15OCT2026,590000.000000,10,OPTFUT,MCX,5.000000,10000,False
580875,CRUDEOILM15OCT265600PE,CRUDEOILM,15OCT2026,560000.000000,10,OPTFUT,MCX,5.000000,10000,False
580879,CRUDEOILM15OCT265400PE,CRUDEOILM,15OCT2026,540000.000000,10,OPTFUT,MCX,5.000000,10000,False
580906,CRUDEOILM15OCT264050PE,CRUDEOILM,15OCT2026,405000.000000,10,OPTFUT,MCX,5.000000,10000,False
580927,CRUDEOILM15OCT268750PE,CRUDEOILM,15OCT2026,875000.000000,10,OPTFUT,MCX,5.000000,10000,False
580937,CRUDEOILM15OCT269250PE,CRUDEOILM,15OCT2026,925000.000000,10,OPTFUT,MCX,5.000000,10000,False
580962,CRUDEOILM15OCT2610500PE,CRUDEOILM,15OCT2026,1050000.000000,10,OPTFUT,MCX,5.000000,10000,False
580964,CRUDEOILM15OCT2610600PE,CRUDEOILM,15OCT2026,1060000.000000,10,OPTFUT,MCX,5.000000,10000,False
580966,CRUDEOILM15OCT2610700PE,CRUDEOILM,15OCT2026,1070000.000000,10,OPTFUT,MCX,5.000000,10000,False
580986,COPPER23OCT261530PE,COPPER,23OCT2026,153000.000000,2500,OPTFUT,MCX,1.000000,70000,False
581027,ZINC23SEP26425CE,ZINC,23SEP2026,42500.000000,5,OPTFUT,MCX,1.000000,100,False
581031,CRUDEOILM17SEP2611800CE,CRUDEOILM,17SEP2026,1180000.000000,10,OPTFUT,MCX,5.000000,10000,False
581039,CRUDEOILM15OCT2611600PE,CRUDEOILM,15OCT2026,1160000.000000,10,OPTFUT,MCX,5.000000,10000,False
581049,CRUDEOIL17SEP2612350CE,CRUDEOIL,17SEP2026,1235000.000000,100,OPTFUT,MCX,10.000000,10000,False
581059,CRUDEOIL17SEP2612050PE,CRUDEOIL,17SEP2026,1205000.000000,100,OPTFUT,MCX,10.000000,10000,False
581067,CRUDEOIL15OCT2611750PE,CRUDEOIL,15OCT2026,1175000.000000,100,OPTFUT,MCX,10.000000,10000,False
581077,CRUDEOILM17SEP2612050CE,CRUDEOILM,17SEP2026,1205000.000000,10,OPTFUT,MCX,5.000000,10000,False
581081,CRUDEOILM17SEP2612250CE,CRUDEOILM,17SEP2026,1225000.000000,10,OPTFUT,MCX,5.000000,10000,False
581092,CRUDEOILM17SEP2612000PE,CRUDEOILM,17SEP2026,1200000.000000,10,OPTFUT,MCX,5.000000,10000,False
581083,CRUDEOILM17SEP2612350CE,CRUDEOILM,17SEP2026,1235000.000000,10,OPTFUT,MCX,5.000000,10000,False
581090,CRUDEOILM15OCT2612000CE,CRUDEOILM,15OCT2026,1200000.000000,10,OPTFUT,MCX,5.000000,10000,False
581107,CRUDEOIL15OCT263950CE,CRUDEOIL,15OCT2026,395000.000000,100,OPTFUT,MCX,10.000000,10000,False
581113,CRUDEOIL15OCT263850PE,CRUDEOIL,15OCT2026,385000.000000,100,OPTFUT,MCX,10.000000,10000,False
581116,NATURALGAS23SEP2675CE,NATURALGAS,23SEP2026,7500.000000,1250,OPTFUT,MCX,5.000000,60000,False
581131,NATURALGAS23OCT26290CE,NATURALGAS,23OCT2026,29000.000000,1250,OPTFUT,MCX,5.000000,60000,False
581134,NATGASMINI23OCT26290PE,NATGASMINI,23OCT2026,29000.000000,250,OPTFUT,MCX,5.000000,60000,False
581139,CRUDEOIL15OCT263650CE,CRUDEOIL,15OCT2026,365000.000000,100,OPTFUT,MCX,10.000000,10000,False
581159,NATURALGAS23OCT26245CE,NATURALGAS,23OCT2026,24500.000000,1250,OPTFUT,MCX,5.000000,60000,False
581184,NATURALGAS23OCT26120CE,NATURALGAS,23OCT2026,12000.000000,1250,OPTFUT,MCX,5.000000,60000,False
581185,NATURALGAS23OCT26115CE,NATURALGAS,23OCT2026,11500.000000,1250,OPTFUT,MCX,5.000000,60000,False
581187,NATURALGAS23OCT26105CE,NATURALGAS,23OCT2026,10500.000000,1250,OPTFUT,MCX,5.000000,60000,False
581195,NATURALGAS23OCT26315CE,NATURALGAS,23OCT2026,31500.000000,1250,OPTFUT,MCX,5.000000,60000,False
581196,NATURALGAS23OCT26320CE,NATURALGAS,23OCT2026,32000.000000,1250,OPTFUT,MCX,5.000000,60000,False
581197,NATURALGAS23OCT26325CE,NATURALGAS,23OCT2026,32500.000000,1250,OPTFUT,MCX,5.000000,60000,False
581201,NATURALGAS23OCT26345CE,NATURALGAS,23OCT2026,34500.000000,1250,OPTFUT,MCX,5.000000,60000,False
581219,NATURALGAS23OCT26435CE,NATURALGAS,23OCT2026,43500.000000,1250,OPTFUT,MCX,5.000000,60000,False
581227,NATURALGAS23OCT26475CE,NATURALGAS,23OCT2026,47500.000000,1250,OPTFUT,MCX,5.000000,60000,False
581233,NATURALGAS23SEP2670PE,NATURALGAS,23SEP2026,7000.000000,1250,OPTFUT,MCX,5.000000,60000,False
581236,NATURALGAS23OCT26280PE,NATURALGAS,23OCT2026,28000.000000,1250,OPTFUT,MCX,5.000000,60000,False
581238,NATURALGAS23OCT26270PE,NATURALGAS,23OCT2026,27000.000000,1250,OPTFUT,MCX,5.000000,60000,False
581250,NATURALGAS23OCT26210PE,NATURALGAS,23OCT2026,21000.000000,1250,OPTFUT,MCX,5.000000,60000,False
581263,NATURALGAS23OCT26145PE,NATURALGAS,23OCT2026,14500.000000,1250,OPTFUT,MCX,5.000000,60000,False
581252,NATURALGAS23OCT26200PE,NATURALGAS,23OCT2026,20000.000000,1250,OPTFUT,MCX,5.000000,60000,False
581256,NATURALGAS23OCT26180PE,NATURALGAS,23OCT2026,18000.000000,1250,OPTFUT,MCX,5.000000,60000,False
581261,NATURALGAS23OCT26155PE,NATURALGAS,23OCT2026,15500.000000,1250,OPTFUT,MCX,5.000000,60000,False
581272,NATURALGAS23OCT26100PE,NATURALGAS,23OCT2026,10000.000000,1250,OPTFUT,MCX,5.000000,60000,False
581275,NATURALGAS23OCT26295PE,NATURALGAS,23OCT2026,29500.000000,1250,OPTFUT,MCX,5.000000,60000,False
581276,NATURALGAS23OCT26300PE,NATURALGAS,23OCT2026,30000.000000,1250,OPTFUT,MCX,5.000000,60000,False
581278,NATURALGAS23OCT26310PE,NATURALGAS,23OCT2026,31000.000000,1250,OPTFUT,MCX,5.000000,60000,False
581292,NATURALGAS23OCT26380PE,NATURALGAS,23OCT2026,38000.000000,1250,OPTFUT,MCX,5.000000,60000,False
581294,NATURALGAS23OCT26390PE,NATURALGAS,23OCT2026,39000.000000,1250,OPTFUT,MCX,5.000000,60000,False
581302,NATURALGAS23OCT26430PE,NATURALGAS,23OCT2026,43000.000000,1250,OPTFUT,MCX,5.000000,60000,False
581308,NATURALGAS23OCT26460PE,NATURALGAS,23OCT2026,46000.000000,1250,OPTFUT,MCX,5.000000,60000,False
581311,NATURALGAS23OCT26475PE,NATURALGAS,23OCT2026,47500.000000,1250,OPTFUT,MCX,5.000000,60000,False
581319,SILVER25MAR27186000CE,SILVER,25MAR2027,18600000.000000,30,OPTFUT,MCX,50.000000,600,False
581324,SILVER28JUN27189000CE,SILVER,28JUN2027,18900000.000000,30,OPTFUT,MCX,50.000000,600,False
581328,SILVER27NOV26180000PE,SILVER,27NOV2026,18000000.000000,30,OPTFUT,MCX,50.000000,600,False
581331,SILVER28APR27187000PE,SILVER,28APR2027,18700000.000000,30,OPTFUT,MCX,50.000000,600,False
581341,SILVERM27OCT26183000CE,SILVERM,27OCT2026,18300000.000000,5,OPTFUT,MCX,50.000000,600,False
581348,SILVERM23APR27192000CE,SILVERM,23APR2027,19200000.000000,5,OPTFUT,MCX,50.000000,600,False
581352,SILVERM23JUN27195000CE,SILVERM,23JUN2027,19500000.000000,5,OPTFUT,MCX,50.000000,600,False
581360,SILVERM28DEC26189000PE,SILVERM,28DEC2026,18900000.000000,5,OPTFUT,MCX,50.000000,600,False
581366,SILVERM26MAY27195000PE,SILVERM,26MAY2027,19500000.000000,5,OPTFUT,MCX,50.000000,600,False
581368,SILVERM23JUN27195000PE,SILVERM,23JUN2027,19500000.000000,5,OPTFUT,MCX,50.000000,600,False
581387,NATGASMINI23OCT26275CE,NATGASMINI,23OCT2026,27500.000000,250,OPTFUT,MCX,5.000000,60000,False
581389,NATGASMINI23OCT26265CE,NATGASMINI,23OCT2026,26500.000000,250,OPTFUT,MCX,5.000000,60000,False
581392,NATGASMINI23OCT26250CE,NATGASMINI,23OCT2026,25000.000000,250,OPTFUT,MCX,5.000000,60000,False
581406,NATGASMINI23OCT26180CE,NATGASMINI,23OCT2026,18000.000000,250,OPTFUT,MCX,5.000000,60000,False
581407,NATGASMINI23OCT26175CE,NATGASMINI,23OCT2026,17500.000000,250,OPTFUT,MCX,5.000000,60000,False
581415,NATGASMINI23OCT26135CE,NATGASMINI,23OCT2026,13500.000000,250,OPTFUT,MCX,5.000000,60000,False
581421,NATGASMINI23OCT26105CE,NATGASMINI,23OCT2026,10500.000000,250,OPTFUT,MCX,5.000000,60000,False
581432,NATGASMINI23OCT26330CE,NATGASMINI,23OCT2026,33000.000000,250,OPTFUT,MCX,5.000000,60000,False
581434,NATGASMINI23OCT26340CE,NATGASMINI,23OCT2026,34000.000000,250,OPTFUT,MCX,5.000000,60000,False
581448,NATGASMINI23OCT26410CE,NATGASMINI,23OCT2026,41000.000000,250,OPTFUT,MCX,5.000000,60000,False
581460,NATGASMINI23OCT26470CE,NATGASMINI,23OCT2026,47000.000000,250,OPTFUT,MCX,5.000000,60000,False
581461,NATGASMINI23OCT26475CE,NATGASMINI,23OCT2026,47500.000000,250,OPTFUT,MCX,5.000000,60000,False
581470,NATGASMINI23OCT26280PE,NATGASMINI,23OCT2026,28000.000000,250,OPTFUT,MCX,5.000000,60000,False
581475,NATGASMINI23OCT26255PE,NATGASMINI,23OCT2026,25500.000000,250,OPTFUT,MCX,5.000000,60000,False
581479,NATGASMINI23OCT26235PE,NATGASMINI,23OCT2026,23500.000000,250,OPTFUT,MCX,5.000000,60000,False
581484,NATGASMINI23OCT26210PE,NATGASMINI,23OCT2026,21000.000000,250,OPTFUT,MCX,5.000000,60000,False
581490,NATGASMINI23OCT26180PE,NATGASMINI,23OCT2026,18000.000000,250,OPTFUT,MCX,5.000000,60000,False
581493,NATGASMINI23OCT26165PE,NATGASMINI,23OCT2026,16500.000000,250,OPTFUT,MCX,5.000000,60000,False
581535,NATGASMINI23OCT26425PE,NATGASMINI,23OCT2026,42500.000000,250,OPTFUT,MCX,5.000000,60000,False
581505,NATGASMINI23OCT26105PE,NATGASMINI,23OCT2026,10500.000000,250,OPTFUT,MCX,5.000000,60000,False
581508,NATGASMINI23OCT2690PE,NATGASMINI,23OCT2026,9000.000000,250,OPTFUT,MCX,5.000000,60000,False
581536,NATGASMINI23OCT26430PE,NATGASMINI,23OCT2026,43000.000000,250,OPTFUT,MCX,5.000000,60000,False
581540,NATGASMINI23OCT26450PE,NATGASMINI,23OCT2026,45000.000000,250,OPTFUT,MCX,5.000000,60000,False
581561,MCXBULLDEX28OCT2632100CE,MCXBULLDEX,28OCT2026,3210000.000000,30,OPTIDX,MCX,5.000000,900,False
581570,MCXBULLDEX28OCT2631200CE,MCXBULLDEX,28OCT2026,3120000.000000,30,OPTIDX,MCX,5.000000,900,False
581580,MCXBULLDEX28OCT2630200CE,MCXBULLDEX,28OCT2026,3020000.000000,30,OPTIDX,MCX,5.000000,900,False
581582,MCXBULLDEX28OCT2630000CE,MCXBULLDEX,28OCT2026,3000000.000000,30,OPTIDX,MCX,5.000000,900,False
581585,MCXBULLDEX28OCT2629700CE,MCXBULLDEX,28OCT2026,2970000.000000,30,OPTIDX,MCX,5.000000,900,False
581587,MCXBULLDEX28OCT2629500CE,MCXBULLDEX,28OCT2026,2950000.000000,30,OPTIDX,MCX,5.000000,900,False
581590,MCXBULLDEX28OCT2632900CE,MCXBULLDEX,28OCT2026,3290000.000000,30,OPTIDX,MCX,5.000000,900,False
581624,MCXBULLDEX28OCT2636300CE,MCXBULLDEX,28OCT2026,3630000.000000,30,OPTIDX,MCX,5.000000,900,False
581637,MCXBULLDEX28OCT2631500PE,MCXBULLDEX,28OCT2026,3150000.000000,30,OPTIDX,MCX,5.000000,900,False
581645,MCXBULLDEX28OCT2630700PE,MCXBULLDEX,28OCT2026,3070000.000000,30,OPTIDX,MCX,5.000000,900,False
581669,MCXBULLDEX28OCT2633800PE,MCXBULLDEX,28OCT2026,3380000.000000,30,OPTIDX,MCX,5.000000,900,False
581672,MCXBULLDEX28OCT2634100PE,MCXBULLDEX,28OCT2026,3410000.000000,30,OPTIDX,MCX,5.000000,900,False
581674,MCXBULLDEX28OCT2634300PE,MCXBULLDEX,28OCT2026,3430000.000000,30,OPTIDX,MCX,5.000000,900,False
581679,MCXBULLDEX28OCT2634800PE,MCXBULLDEX,28OCT2026,3480000.000000,30,OPTIDX,MCX,5.000000,900,False
581681,MCXBULLDEX28OCT2635000PE,MCXBULLDEX,28OCT2026,3500000.000000,30,OPTIDX,MCX,5.000000,900,False
581682,MCXBULLDEX28OCT2635100PE,MCXBULLDEX,28OCT2026,3510000.000000,30,OPTIDX,MCX,5.000000,900,False
581689,MCXBULLDEX28OCT2635800PE,MCXBULLDEX,28OCT2026,3580000.000000,30,OPTIDX,MCX,5.000000,900,False
581709,SILVERMIC30APR27FUT,SILVERMIC,30APR2027,0.000000,1,FUTCOM,MCX,100.000000,600,False
581714,COPPER31DEC26FUT,COPPER,31DEC2026,0.000000,2500,FUTCOM,MCX,5.000000,70000,False
581724,COPPER23NOV261350CE,COPPER,23NOV2026,135000.000000,2500,OPTFUT,MCX,1.000000,70000,False
581738,COPPER23NOV261210CE,COPPER,23NOV2026,121000.000000,2500,OPTFUT,MCX,1.000000,70000,False
581742,COPPER23NOV261400CE,COPPER,23NOV2026,140000.000000,2500,OPTFUT,MCX,1.000000,70000,False
581750,COPPER23NOV261480CE,COPPER,23NOV2026,148000.000000,2500,OPTFUT,MCX,1.000000,70000,False
581756,COPPER23NOV261330PE,COPPER,23NOV2026,133000.000000,2500,OPTFUT,MCX,1.000000,70000,False
581785,ZINC23SEP26430CE,ZINC,23SEP2026,43000.000000,5,OPTFUT,MCX,1.000000,100,False
581788,ZINC23NOV26360CE,ZINC,23NOV2026,36000.000000,5,OPTFUT,MCX,1.000000,100,False
581791,ZINC23NOV26345CE,ZINC,23NOV2026,34500.000000,5,OPTFUT,MCX,1.000000,100,False
581814,ZINC23NOV26345PE,ZINC,23NOV2026,34500.000000,5,OPTFUT,MCX,1.000000,100,False
581815,ZINC23NOV26340PE,ZINC,23NOV2026,34000.000000,5,OPTFUT,MCX,1.000000,100,False
581821,ZINC23NOV26380PE,ZINC,23NOV2026,38000.000000,5,OPTFUT,MCX,1.000000,100,False
581825,ZINC23NOV26400PE,ZINC,23NOV2026,40000.000000,5,OPTFUT,MCX,1.000000,100,False
581828,ZINC23NOV26415PE,ZINC,23NOV2026,41500.000000,5,OPTFUT,MCX,1.000000,100,False
581832,ZINC23OCT26435CE,ZINC,23OCT2026,43500.000000,5,OPTFUT,MCX,1.000000,100,False
581841,CRUDEOIL15OCT263450CE,CRUDEOIL,15OCT2026,345000.000000,100,OPTFUT,MCX,10.000000,10000,False
581895,GOLDM29OCT26144500CE,GOLDM,29OCT2026,14450000.000000,100,OPTFUT,MCX,50.000000,10000,False
581896,GOLDM29OCT26144000CE,GOLDM,29OCT2026,14400000.000000,100,OPTFUT,MCX,50.000000,10000,False
581910,GOLDM29OCT26137000CE,GOLDM,29OCT2026,13700000.000000,100,OPTFUT,MCX,50.000000,10000,False
581912,GOLDM29OCT26136000CE,GOLDM,29OCT2026,13600000.000000,100,OPTFUT,MCX,50.000000,10000,False
581921,GOLDM29OCT26131500CE,GOLDM,29OCT2026,13150000.000000,100,OPTFUT,MCX,50.000000,10000,False
581923,GOLDM29OCT26130500CE,GOLDM,29OCT2026,13050000.000000,100,OPTFUT,MCX,50.000000,10000,False
581927,GOLDM29OCT26128500CE,GOLDM,29OCT2026,12850000.000000,100,OPTFUT,MCX,50.000000,10000,False
581950,GOLDM29OCT26156000CE,GOLDM,29OCT2026,15600000.000000,100,OPTFUT,MCX,50.000000,10000,False
581951,GOLDM29OCT26156500CE,GOLDM,29OCT2026,15650000.000000,100,OPTFUT,MCX,50.000000,10000,False
581966,GOLDM29OCT26164000CE,GOLDM,29OCT2026,16400000.000000,100,OPTFUT,MCX,50.000000,10000,False
581996,GOLDM29OCT26144000PE,GOLDM,29OCT2026,14400000.000000,100,OPTFUT,MCX,50.000000,10000,False
581997,GOLDM29OCT26143500PE,GOLDM,29OCT2026,14350000.000000,100,OPTFUT,MCX,50.000000,10000,False
582001,GOLDM29OCT26141500PE,GOLDM,29OCT2026,14150000.000000,100,OPTFUT,MCX,50.000000,10000,False
582003,GOLDM29OCT26140500PE,GOLDM,29OCT2026,14050000.000000,100,OPTFUT,MCX,50.000000,10000,False
582004,GOLDM29OCT26140000PE,GOLDM,29OCT2026,14000000.000000,100,OPTFUT,MCX,50.000000,10000,False
582006,GOLDM29OCT26139000PE,GOLDM,29OCT2026,13900000.000000,100,OPTFUT,MCX,50.000000,10000,False
582017,GOLDM29OCT26133500PE,GOLDM,29OCT2026,13350000.000000,100,OPTFUT,MCX,50.000000,10000,False
582027,GOLDM29OCT26128500PE,GOLDM,29OCT2026,12850000.000000,100,OPTFUT,MCX,50.000000,10000,False
582037,GOLDM29OCT26149000PE,GOLDM,29OCT2026,14900000.000000,100,OPTFUT,MCX,50.000000,10000,False
582038,GOLDM29OCT26150000PE,GOLDM,29OCT2026,15000000.000000,100,OPTFUT,MCX,50.000000,10000,False
582044,GOLDM29OCT26153000PE,GOLDM,29OCT2026,15300000.000000,100,OPTFUT,MCX,50.000000,10000,False
582060,GOLDM29OCT26161000PE,GOLDM,29OCT2026,16100000.000000,100,OPTFUT,MCX,50.000000,10000,False
582064,GOLDM29OCT26163000PE,GOLDM,29OCT2026,16300000.000000,100,OPTFUT,MCX,50.000000,10000,False
582067,GOLDM29OCT26164500PE,GOLDM,29OCT2026,16450000.000000,100,OPTFUT,MCX,50.000000,10000,False
582078,GOLDM29OCT26170000PE,GOLDM,29OCT2026,17000000.000000,100,OPTFUT,MCX,50.000000,10000,False
582093,CRUDEOILM15OCT263200CE,CRUDEOILM,15OCT2026,320000.000000,10,OPTFUT,MCX,5.000000,10000,False
582100,MCXBULLDEX28OCT2637200CE,MCXBULLDEX,28OCT2026,3720000.000000,30,OPTIDX,MCX,5.000000,900,False
582107,MCXBULLDEX28OCT2637000PE,MCXBULLDEX,28OCT2026,3700000.000000,30,OPTIDX,MCX,5.000000,900,False
582113,COPPER23NOV261550CE,COPPER,23NOV2026,155000.000000,2500,OPTFUT,MCX,1.000000,70000,False
582124,SILVERM23JUN27287000CE,SILVERM,23JUN2027,28700000.000000,5,OPTFUT,MCX,50.000000,600,False
582127,SILVERM26MAY27286000PE,SILVERM,26MAY2027,28600000.000000,5,OPTFUT,MCX,50.000000,600,False
582129,SILVERM26MAY27288000PE,SILVERM,26MAY2027,28800000.000000,5,OPTFUT,MCX,50.000000,600,False
582131,SILVERM23JUN27286000PE,SILVERM,23JUN2027,28600000.000000,5,OPTFUT,MCX,50.000000,600,False
582138,ZINC23SEP26440PE,ZINC,23SEP2026,44000.000000,5,OPTFUT,MCX,1.000000,100,False
582145,GOLDM29OCT26177000CE,GOLDM,29OCT2026,17700000.000000,100,OPTFUT,MCX,50.000000,10000,False
582146,GOLDM29OCT26177500CE,GOLDM,29OCT2026,17750000.000000,100,OPTFUT,MCX,50.000000,10000,False
582147,GOLDM25SEP26176000PE,GOLDM,25SEP2026,17600000.000000,100,OPTFUT,MCX,50.000000,10000,False
582157,SILVER26MAY27284000CE,SILVER,26MAY2027,28400000.000000,30,OPTFUT,MCX,50.000000,600,False
582183,SILVERM26MAY27290000CE,SILVERM,26MAY2027,29000000.000000,5,OPTFUT,MCX,50.000000,600,False
582212,MCXBULLDEX28OCT2638300PE,MCXBULLDEX,28OCT2026,3830000.000000,30,OPTIDX,MCX,5.000000,900,False
582236,GOLDM29OCT26179000PE,GOLDM,29OCT2026,17900000.000000,100,OPTFUT,MCX,50.000000,10000,False
582256,SILVER28JUN27290000PE,SILVER,28JUN2027,29000000.000000,30,OPTFUT,MCX,50.000000,600,False
582269,SILVERM23JUN27293000CE,SILVERM,23JUN2027,29300000.000000,5,OPTFUT,MCX,50.000000,600,False
582274,SILVERM23JUN27298000CE,SILVERM,23JUN2027,29800000.000000,5,OPTFUT,MCX,50.000000,600,False
582275,SILVERM26MAY27292000PE,SILVERM,26MAY2027,29200000.000000,5,OPTFUT,MCX,50.000000,600,False
582278,SILVERM26MAY27295000PE,SILVERM,26MAY2027,29500000.000000,5,OPTFUT,MCX,50.000000,600,False
582279,SILVERM26MAY27296000PE,SILVERM,26MAY2027,29600000.000000,5,OPTFUT,MCX,50.000000,600,False
582329,NATURALGAS23OCT26500CE,NATURALGAS,23OCT2026,50000.000000,1250,OPTFUT,MCX,5.000000,60000,False
582332,SILVER26MAY27296000CE,SILVER,26MAY2027,29600000.000000,30,OPTFUT,MCX,50.000000,600,False
582378,GOLD30JUN27156500CE,GOLD,30JUN2027,15650000.000000,1,OPTFUT,MCX,50.000000,100,False
582390,GOLD30JUN27150500CE,GOLD,30JUN2027,15050000.000000,1,OPTFUT,MCX,50.000000,100,False
582393,GOLD30JUN27149000CE,GOLD,30JUN2027,14900000.000000,1,OPTFUT,MCX,50.000000,100,False
582401,GOLD30JUN27145000CE,GOLD,30JUN2027,14500000.000000,1,OPTFUT,MCX,50.000000,100,False
582409,GOLD30JUN27141000CE,GOLD,30JUN2027,14100000.000000,1,OPTFUT,MCX,50.000000,100,False
582414,GOLD30JUN27138500CE,GOLD,30JUN2027,13850000.000000,1,OPTFUT,MCX,50.000000,100,False
582441,GOLD30JUN27171000CE,GOLD,30JUN2027,17100000.000000,1,OPTFUT,MCX,50.000000,100,False
582445,GOLD30JUN27173000CE,GOLD,30JUN2027,17300000.000000,1,OPTFUT,MCX,50.000000,100,False
582451,GOLD30JUN27176000CE,GOLD,30JUN2027,17600000.000000,1,OPTFUT,MCX,50.000000,100,False
582460,GOLD30JUN27180500CE,GOLD,30JUN2027,18050000.000000,1,OPTFUT,MCX,50.000000,100,False
582484,GOLD29JUL27153500CE,GOLD,29JUL2027,15350000.000000,1,OPTFUT,MCX,50.000000,100,False
582495,GOLD29JUL27148000CE,GOLD,29JUL2027,14800000.000000,1,OPTFUT,MCX,50.000000,100,False
582541,GOLD29JUL27171000CE,GOLD,29JUL2027,17100000.000000,1,OPTFUT,MCX,50.000000,100,False
582551,GOLD29JUL27176000CE,GOLD,29JUL2027,17600000.000000,1,OPTFUT,MCX,50.000000,100,False
582552,GOLD29JUL27176500CE,GOLD,29JUL2027,17650000.000000,1,OPTFUT,MCX,50.000000,100,False
582557,GOLD29JUL27179000CE,GOLD,29JUL2027,17900000.000000,1,OPTFUT,MCX,50.000000,100,False
582565,GOLD29JUL27183000CE,GOLD,29JUL2027,18300000.000000,1,OPTFUT,MCX,50.000000,100,False
582571,GOLD30JUN27160000PE,GOLD,30JUN2027,16000000.000000,1,OPTFUT,MCX,50.000000,100,False
582573,GOLD30JUN27159000PE,GOLD,30JUN2027,15900000.000000,1,OPTFUT,MCX,50.000000,100,False
582576,GOLD30JUN27157500PE,GOLD,30JUN2027,15750000.000000,1,OPTFUT,MCX,50.000000,100,False
582583,GOLD30JUN27154000PE,GOLD,30JUN2027,15400000.000000,1,OPTFUT,MCX,50.000000,100,False
582611,GOLD30JUN27140000PE,GOLD,30JUN2027,14000000.000000,1,OPTFUT,MCX,50.000000,100,False
582615,GOLD30JUN27138000PE,GOLD,30JUN2027,13800000.000000,1,OPTFUT,MCX,50.000000,100,False
582616,GOLD30JUN27137500PE,GOLD,30JUN2027,13750000.000000,1,OPTFUT,MCX,50.000000,100,False
582621,GOLD30JUN27161000PE,GOLD,30JUN2027,16100000.000000,1,OPTFUT,MCX,50.000000,100,False
582623,GOLD30JUN27162000PE,GOLD,30JUN2027,16200000.000000,1,OPTFUT,MCX,50.000000,100,False
582629,GOLD30JUN27165000PE,GOLD,30JUN2027,16500000.000000,1,OPTFUT,MCX,50.000000,100,False
582643,GOLD30JUN27172000PE,GOLD,30JUN2027,17200000.000000,1,OPTFUT,MCX,50.000000,100,False
582656,GOLD30JUN27178500PE,GOLD,30JUN2027,17850000.000000,1,OPTFUT,MCX,50.000000,100,False
582687,GOLD29JUL27152000PE,GOLD,29JUL2027,15200000.000000,1,OPTFUT,MCX,50.000000,100,False
582700,GOLD29JUL27145500PE,GOLD,29JUL2027,14550000.000000,1,OPTFUT,MCX,50.000000,100,False
582706,GOLD29JUL27142500PE,GOLD,29JUL2027,14250000.000000,1,OPTFUT,MCX,50.000000,100,False
582708,GOLD29JUL27141500PE,GOLD,29JUL2027,14150000.000000,1,OPTFUT,MCX,50.000000,100,False
582710,GOLD29JUL27140500PE,GOLD,29JUL2027,14050000.000000,1,OPTFUT,MCX,50.000000,100,False
582719,GOLD29JUL27136000PE,GOLD,29JUL2027,13600000.000000,1,OPTFUT,MCX,50.000000,100,False
582744,GOLD29JUL27172500PE,GOLD,29JUL2027,17250000.000000,1,OPTFUT,MCX,50.000000,100,False
582746,GOLD29JUL27173500PE,GOLD,29JUL2027,17350000.000000,1,OPTFUT,MCX,50.000000,100,False
582759,GOLD29JUL27180000PE,GOLD,29JUL2027,18000000.000000,1,OPTFUT,MCX,50.000000,100,False
582761,GOLD29JUL27181000PE,GOLD,29JUL2027,18100000.000000,1,OPTFUT,MCX,50.000000,100,False
582800,GOLD30JUN27189500PE,GOLD,30JUN2027,18950000.000000,1,OPTFUT,MCX,50.000000,100,False
582764,GOLD29JUL27182500PE,GOLD,29JUL2027,18250000.000000,1,OPTFUT,MCX,50.000000,100,False
582783,GOLD30JUN27189000CE,GOLD,30JUN2027,18900000.000000,1,OPTFUT,MCX,50.000000,100,False
582786,GOLD29JUL27186500CE,GOLD,29JUL2027,18650000.000000,1,OPTFUT,MCX,50.000000,100,False
582813,GOLDM25SEP26180500PE,GOLDM,25SEP2026,18050000.000000,100,OPTFUT,MCX,50.000000,10000,False
582835,CRUDEOIL17NOV267800CE,CRUDEOIL,17NOV2026,780000.000000,100,OPTFUT,MCX,10.000000,10000,False
582843,CRUDEOIL17NOV267400CE,CRUDEOIL,17NOV2026,740000.000000,100,OPTFUT,MCX,10.000000,10000,False
582851,CRUDEOIL17NOV267000CE,CRUDEOIL,17NOV2026,700000.000000,100,OPTFUT,MCX,10.000000,10000,False
582858,CRUDEOIL17NOV266650CE,CRUDEOIL,17NOV2026,665000.000000,100,OPTFUT,MCX,10.000000,10000,False
582862,CRUDEOIL17NOV266450CE,CRUDEOIL,17NOV2026,645000.000000,100,OPTFUT,MCX,10.000000,10000,False
582865,CRUDEOIL17NOV266300CE,CRUDEOIL,17NOV2026,630000.000000,100,OPTFUT,MCX,10.000000,10000,False
582877,CRUDEOIL17NOV265700CE,CRUDEOIL,17NOV2026,570000.000000,100,OPTFUT,MCX,10.000000,10000,False
582878,CRUDEOIL17NOV265650CE,CRUDEOIL,17NOV2026,565000.000000,100,OPTFUT,MCX,10.000000,10000,False
582885,CRUDEOIL17NOV265300CE,CRUDEOIL,17NOV2026,530000.000000,100,OPTFUT,MCX,10.000000,10000,False
582886,CRUDEOIL17NOV265250CE,CRUDEOIL,17NOV2026,525000.000000,100,OPTFUT,MCX,10.000000,10000,False
582921,CRUDEOIL17NOV268550CE,CRUDEOIL,17NOV2026,855000.000000,100,OPTFUT,MCX,10.000000,10000,False
582924,CRUDEOIL17NOV268700CE,CRUDEOIL,17NOV2026,870000.000000,100,OPTFUT,MCX,10.000000,10000,False
582929,CRUDEOIL17NOV268950CE,CRUDEOIL,17NOV2026,895000.000000,100,OPTFUT,MCX,10.000000,10000,False
582931,CRUDEOIL17NOV269050CE,CRUDEOIL,17NOV2026,905000.000000,100,OPTFUT,MCX,10.000000,10000,False
582938,CRUDEOIL17NOV269400CE,CRUDEOIL,17NOV2026,940000.000000,100,OPTFUT,MCX,10.000000,10000,False
582939,CRUDEOIL17NOV269450CE,CRUDEOIL,17NOV2026,945000.000000,100,OPTFUT,MCX,10.000000,10000,False
582940,CRUDEOIL17NOV269500CE,CRUDEOIL,17NOV2026,950000.000000,100,OPTFUT,MCX,10.000000,10000,False
582941,CRUDEOIL17NOV269550CE,CRUDEOIL,17NOV2026,955000.000000,100,OPTFUT,MCX,10.000000,10000,False
582953,CRUDEOIL17NOV2610150CE,CRUDEOIL,17NOV2026,1015000.000000,100,OPTFUT,MCX,10.000000,10000,False
582971,CRUDEOIL17NOV2611050CE,CRUDEOIL,17NOV2026,1105000.000000,100,OPTFUT,MCX,10.000000,10000,False
582980,CRUDEOIL17NOV2611500CE,CRUDEOIL,17NOV2026,1150000.000000,100,OPTFUT,MCX,10.000000,10000,False
582991,CRUDEOIL17NOV267500PE,CRUDEOIL,17NOV2026,750000.000000,100,OPTFUT,MCX,10.000000,10000,False
583014,CRUDEOIL17NOV266350PE,CRUDEOIL,17NOV2026,635000.000000,100,OPTFUT,MCX,10.000000,10000,False
583015,CRUDEOIL17NOV266300PE,CRUDEOIL,17NOV2026,630000.000000,100,OPTFUT,MCX,10.000000,10000,False
583025,CRUDEOIL17NOV265800PE,CRUDEOIL,17NOV2026,580000.000000,100,OPTFUT,MCX,10.000000,10000,False
583033,CRUDEOIL17NOV265400PE,CRUDEOIL,17NOV2026,540000.000000,100,OPTFUT,MCX,10.000000,10000,False
583036,CRUDEOIL17NOV265250PE,CRUDEOIL,17NOV2026,525000.000000,100,OPTFUT,MCX,10.000000,10000,False
583042,CRUDEOIL17NOV264950PE,CRUDEOIL,17NOV2026,495000.000000,100,OPTFUT,MCX,10.000000,10000,False
583048,CRUDEOIL17NOV264650PE,CRUDEOIL,17NOV2026,465000.000000,100,OPTFUT,MCX,10.000000,10000,False
583060,CRUDEOIL17NOV268000PE,CRUDEOIL,17NOV2026,800000.000000,100,OPTFUT,MCX,10.000000,10000,False
583062,CRUDEOIL17NOV268100PE,CRUDEOIL,17NOV2026,810000.000000,100,OPTFUT,MCX,10.000000,10000,False
583073,CRUDEOIL17NOV268650PE,CRUDEOIL,17NOV2026,865000.000000,100,OPTFUT,MCX,10.000000,10000,False
583074,CRUDEOIL17NOV268700PE,CRUDEOIL,17NOV2026,870000.000000,100,OPTFUT,MCX,10.000000,10000,False
583075,CRUDEOIL17NOV268750PE,CRUDEOIL,17NOV2026,875000.000000,100,OPTFUT,MCX,10.000000,10000,False
583079,CRUDEOIL17NOV268950PE,CRUDEOIL,17NOV2026,895000.000000,100,OPTFUT,MCX,10.000000,10000,False
583080,CRUDEOIL17NOV269000PE,CRUDEOIL,17NOV2026,900000.000000,100,OPTFUT,MCX,10.000000,10000,False
583086,CRUDEOIL17NOV269300PE,CRUDEOIL,17NOV2026,930000.000000,100,OPTFUT,MCX,10.000000,10000,False
583087,CRUDEOIL17NOV269350PE,CRUDEOIL,17NOV2026,935000.000000,100,OPTFUT,MCX,10.000000,10000,False
583095,CRUDEOIL17NOV269750PE,CRUDEOIL,17NOV2026,975000.000000,100,OPTFUT,MCX,10.000000,10000,False
583101,CRUDEOIL17NOV2610050PE,CRUDEOIL,17NOV2026,1005000.000000,100,OPTFUT,MCX,10.000000,10000,False
583119,CRUDEOIL17NOV2610950PE,CRUDEOIL,17NOV2026,1095000.000000,100,OPTFUT,MCX,10.000000,10000,False
583125,CRUDEOIL17NOV2611250PE,CRUDEOIL,17NOV2026,1125000.000000,100,OPTFUT,MCX,10.000000,10000,False
583129,CRUDEOIL17NOV2611450PE,CRUDEOIL,17NOV2026,1145000.000000,100,OPTFUT,MCX,10.000000,10000,False
583139,GOLD29JUL27190500CE,GOLD,29JUL2027,19050000.000000,1,OPTFUT,MCX,50.000000,100,False
583187,CRUDEOILM17NOV267000CE,CRUDEOILM,17NOV2026,700000.000000,10,OPTFUT,MCX,5.000000,10000,False
583189,CRUDEOILM17NOV266900CE,CRUDEOILM,17NOV2026,690000.000000,10,OPTFUT,MCX,5.000000,10000,False
583193,CRUDEOILM17NOV266700CE,CRUDEOILM,17NOV2026,670000.000000,10,OPTFUT,MCX,5.000000,10000,False
583203,CRUDEOILM17NOV266200CE,CRUDEOILM,17NOV2026,620000.000000,10,OPTFUT,MCX,5.000000,10000,False
583208,CRUDEOILM17NOV265950CE,CRUDEOILM,17NOV2026,595000.000000,10,OPTFUT,MCX,5.000000,10000,False
583210,CRUDEOILM17NOV265850CE,CRUDEOILM,17NOV2026,585000.000000,10,OPTFUT,MCX,5.000000,10000,False
583228,CRUDEOILM17NOV264950CE,CRUDEOILM,17NOV2026,495000.000000,10,OPTFUT,MCX,5.000000,10000,False
583229,CRUDEOILM17NOV264900CE,CRUDEOILM,17NOV2026,490000.000000,10,OPTFUT,MCX,5.000000,10000,False
583230,CRUDEOILM17NOV264850CE,CRUDEOILM,17NOV2026,485000.000000,10,OPTFUT,MCX,5.000000,10000,False
583231,CRUDEOILM17NOV264800CE,CRUDEOILM,17NOV2026,480000.000000,10,OPTFUT,MCX,5.000000,10000,False
583232,CRUDEOILM17NOV264750CE,CRUDEOILM,17NOV2026,475000.000000,10,OPTFUT,MCX,5.000000,10000,False
583235,CRUDEOILM17NOV264600CE,CRUDEOILM,17NOV2026,460000.000000,10,OPTFUT,MCX,5.000000,10000,False
583237,CRUDEOILM17NOV264500CE,CRUDEOILM,17NOV2026,450000.000000,10,OPTFUT,MCX,5.000000,10000,False
583242,CRUDEOILM17NOV264250CE,CRUDEOILM,17NOV2026,425000.000000,10,OPTFUT,MCX,5.000000,10000,False
583252,CRUDEOILM17NOV268300CE,CRUDEOILM,17NOV2026,830000.000000,10,OPTFUT,MCX,5.000000,10000,False
583263,CRUDEOILM17NOV268850CE,CRUDEOILM,17NOV2026,885000.000000,10,OPTFUT,MCX,5.000000,10000,False
583275,CRUDEOILM17NOV269450CE,CRUDEOILM,17NOV2026,945000.000000,10,OPTFUT,MCX,5.000000,10000,False
583284,CRUDEOILM17NOV269900CE,CRUDEOILM,17NOV2026,990000.000000,10,OPTFUT,MCX,5.000000,10000,False
583291,CRUDEOILM17NOV2610250CE,CRUDEOILM,17NOV2026,1025000.000000,10,OPTFUT,MCX,5.000000,10000,False
583295,CRUDEOILM17NOV2610450CE,CRUDEOILM,17NOV2026,1045000.000000,10,OPTFUT,MCX,5.000000,10000,False
583299,CRUDEOILM17NOV2610650CE,CRUDEOILM,17NOV2026,1065000.000000,10,OPTFUT,MCX,5.000000,10000,False
583300,CRUDEOILM17NOV2610700CE,CRUDEOILM,17NOV2026,1070000.000000,10,OPTFUT,MCX,5.000000,10000,False
583303,CRUDEOILM17NOV2610850CE,CRUDEOILM,17NOV2026,1085000.000000,10,OPTFUT,MCX,5.000000,10000,False
583313,CRUDEOILM17NOV2611350CE,CRUDEOILM,17NOV2026,1135000.000000,10,OPTFUT,MCX,5.000000,10000,False
583369,CRUDEOILM17NOV265400PE,CRUDEOILM,17NOV2026,540000.000000,10,OPTFUT,MCX,5.000000,10000,False
583376,CRUDEOILM17NOV265050PE,CRUDEOILM,17NOV2026,505000.000000,10,OPTFUT,MCX,5.000000,10000,False
583380,CRUDEOILM17NOV264850PE,CRUDEOILM,17NOV2026,485000.000000,10,OPTFUT,MCX,5.000000,10000,False
583383,CRUDEOILM17NOV264700PE,CRUDEOILM,17NOV2026,470000.000000,10,OPTFUT,MCX,5.000000,10000,False
583399,CRUDEOILM17NOV268150PE,CRUDEOILM,17NOV2026,815000.000000,10,OPTFUT,MCX,5.000000,10000,False
583404,CRUDEOILM17NOV268400PE,CRUDEOILM,17NOV2026,840000.000000,10,OPTFUT,MCX,5.000000,10000,False
583406,CRUDEOILM17NOV268500PE,CRUDEOILM,17NOV2026,850000.000000,10,OPTFUT,MCX,5.000000,10000,False
583407,CRUDEOILM17NOV268550PE,CRUDEOILM,17NOV2026,855000.000000,10,OPTFUT,MCX,5.000000,10000,False
583413,CRUDEOILM17NOV268850PE,CRUDEOILM,17NOV2026,885000.000000,10,OPTFUT,MCX,5.000000,10000,False
583429,CRUDEOILM17NOV269650PE,CRUDEOILM,17NOV2026,965000.000000,10,OPTFUT,MCX,5.000000,10000,False
583443,CRUDEOILM17NOV2610350PE,CRUDEOILM,17NOV2026,1035000.000000,10,OPTFUT,MCX,5.000000,10000,False
583460,CRUDEOILM17NOV2611200PE,CRUDEOILM,17NOV2026,1120000.000000,10,OPTFUT,MCX,5.000000,10000,False
583461,CRUDEOILM17NOV2611250PE,CRUDEOILM,17NOV2026,1125000.000000,10,OPTFUT,MCX,5.000000,10000,False
583462,CRUDEOILM17NOV2611300PE,CRUDEOILM,17NOV2026,1130000.000000,10,OPTFUT,MCX,5.000000,10000,False
583464,CRUDEOILM17NOV2611400PE,CRUDEOILM,17NOV2026,1140000.000000,10,OPTFUT,MCX,5.000000,10000,False
583470,MCXBULLDEX25SEP2639300CE,MCXBULLDEX,25SEP2026,3930000.000000,30,OPTIDX,MCX,5.000000,900,False
583526,SILVER28JUN27299000CE,SILVER,28JUN2027,29900000.000000,30,OPTFUT,MCX,50.000000,600,False
583530,SILVER28JUN27303000CE,SILVER,28JUN2027,30300000.000000,30,OPTFUT,MCX,50.000000,600,False
583533,SILVER28JUN27306000CE,SILVER,28JUN2027,30600000.000000,30,OPTFUT,MCX,50.000000,600,False
583540,SILVER26MAY27305000PE,SILVER,26MAY2027,30500000.000000,30,OPTFUT,MCX,50.000000,600,False
583542,SILVER28JUN27299000PE,SILVER,28JUN2027,29900000.000000,30,OPTFUT,MCX,50.000000,600,False
583543,SILVER28JUN27300000PE,SILVER,28JUN2027,30000000.000000,30,OPTFUT,MCX,50.000000,600,False
583548,SILVER28JUN27305000PE,SILVER,28JUN2027,30500000.000000,30,OPTFUT,MCX,50.000000,600,False
583550,SILVERM26MAY27303000CE,SILVERM,26MAY2027,30300000.000000,5,OPTFUT,MCX,50.000000,600,False
583565,SILVERM23JUN27303000PE,SILVERM,23JUN2027,30300000.000000,5,OPTFUT,MCX,50.000000,600,False
583566,SILVERM23JUN27304000PE,SILVERM,23JUN2027,30400000.000000,5,OPTFUT,MCX,50.000000,600,False
583580,MCXBULLDEX28OCT2639700CE,MCXBULLDEX,28OCT2026,3970000.000000,30,OPTIDX,MCX,5.000000,900,False
583601,GOLD30JUN27196500CE,GOLD,30JUN2027,19650000.000000,1,OPTFUT,MCX,50.000000,100,False
583617,GOLD29JUL27195500PE,GOLD,29JUL2027,19550000.000000,1,OPTFUT,MCX,50.000000,100,False
583635,GOLDM29OCT26187500CE,GOLDM,29OCT2026,18750000.000000,100,OPTFUT,MCX,50.000000,10000,False
583649,GOLDM25SEP26187500PE,GOLDM,25SEP2026,18750000.000000,100,OPTFUT,MCX,50.000000,10000,False
583672,SILVERM26MAY27308000CE,SILVERM,26MAY2027,30800000.000000,5,OPTFUT,MCX,50.000000,600,False
583679,SILVERM23JUN27310000CE,SILVERM,23JUN2027,31000000.000000,5,OPTFUT,MCX,50.000000,600,False
583680,SILVERM23JUN27311000CE,SILVERM,23JUN2027,31100000.000000,5,OPTFUT,MCX,50.000000,600,False
583686,SILVERM26MAY27312000PE,SILVERM,26MAY2027,31200000.000000,5,OPTFUT,MCX,50.000000,600,False
583700,ZINC23OCT26445PE,ZINC,23OCT2026,44500.000000,5,OPTFUT,MCX,1.000000,100,False
583708,MCXBULLDEX25SEP2640700CE,MCXBULLDEX,25SEP2026,4070000.000000,30,OPTIDX,MCX,5.000000,900,False
583728,MCXBULLDEX28OCT2640600PE,MCXBULLDEX,28OCT2026,4060000.000000,30,OPTIDX,MCX,5.000000,900,False
583748,GOLD28MAY27197500CE,GOLD,28MAY2027,19750000.000000,1,OPTFUT,MCX,50.000000,100,False
583756,GOLD29JUL27197000CE,GOLD,29JUL2027,19700000.000000,1,OPTFUT,MCX,50.000000,100,False
583768,GOLD30JUN27198500PE,GOLD,30JUN2027,19850000.000000,1,OPTFUT,MCX,50.000000,100,False
583769,GOLD30JUN27199000PE,GOLD,30JUN2027,19900000.000000,1,OPTFUT,MCX,50.000000,100,False
583776,GOLD29JUL27199000PE,GOLD,29JUL2027,19900000.000000,1,OPTFUT,MCX,50.000000,100,False
583786,GOLDM25SEP26188000PE,GOLDM,25SEP2026,18800000.000000,100,OPTFUT,MCX,50.000000,10000,False
583796,ZINC23OCT26450PE,ZINC,23OCT2026,45000.000000,5,OPTFUT,MCX,1.000000,100,False
583801,CRUDEOIL17NOV264050CE,CRUDEOIL,17NOV2026,405000.000000,100,OPTFUT,MCX,10.000000,10000,False
583816,CRUDEOILM17NOV264000CE,CRUDEOILM,17NOV2026,400000.000000,10,OPTFUT,MCX,5.000000,10000,False
583835,NATURALGAS20NOV26315CE,NATURALGAS,20NOV2026,31500.000000,1250,OPTFUT,MCX,5.000000,60000,False
583868,NATURALGAS20NOV26150CE,NATURALGAS,20NOV2026,15000.000000,1250,OPTFUT,MCX,5.000000,60000,False
583874,NATURALGAS20NOV26360CE,NATURALGAS,20NOV2026,36000.000000,1250,OPTFUT,MCX,5.000000,60000,False
583891,NATURALGAS20NOV26445CE,NATURALGAS,20NOV2026,44500.000000,1250,OPTFUT,MCX,5.000000,60000,False
583892,NATURALGAS20NOV26450CE,NATURALGAS,20NOV2026,45000.000000,1250,OPTFUT,MCX,5.000000,60000,False
583910,NATURALGAS20NOV26540CE,NATURALGAS,20NOV2026,54000.000000,1250,OPTFUT,MCX,5.000000,60000,False
583930,NATURALGAS20NOV26240PE,NATURALGAS,20NOV2026,24000.000000,1250,OPTFUT,MCX,5.000000,60000,False
583943,NATURALGAS20NOV26175PE,NATURALGAS,20NOV2026,17500.000000,1250,OPTFUT,MCX,5.000000,60000,False
583966,NATURALGAS20NOV26420PE,NATURALGAS,20NOV2026,42000.000000,1250,OPTFUT,MCX,5.000000,60000,False
583968,NATURALGAS20NOV26430PE,NATURALGAS,20NOV2026,43000.000000,1250,OPTFUT,MCX,5.000000,60000,False
583980,NATURALGAS20NOV26490PE,NATURALGAS,20NOV2026,49000.000000,1250,OPTFUT,MCX,5.000000,60000,False
583983,NATURALGAS20NOV26505PE,NATURALGAS,20NOV2026,50500.000000,1250,OPTFUT,MCX,5.000000,60000,False
583985,NATURALGAS20NOV26515PE,NATURALGAS,20NOV2026,51500.000000,1250,OPTFUT,MCX,5.000000,60000,False
584001,NATGASMINI20NOV26305CE,NATGASMINI,20NOV2026,30500.000000,250,OPTFUT,MCX,5.000000,60000,False
584094,NATGASMINI20NOV26240PE,NATGASMINI,20NOV2026,24000.000000,250,OPTFUT,MCX,5.000000,60000,False
584100,NATGASMINI20NOV26210PE,NATGASMINI,20NOV2026,21000.000000,250,OPTFUT,MCX,5.000000,60000,False
584102,NATGASMINI20NOV26200PE,NATGASMINI,20NOV2026,20000.000000,250,OPTFUT,MCX,5.000000,60000,False
584124,NATGASMINI20NOV26390PE,NATGASMINI,20NOV2026,39000.000000,250,OPTFUT,MCX,5.000000,60000,False
584130,NATGASMINI20NOV26420PE,NATGASMINI,20NOV2026,42000.000000,250,OPTFUT,MCX,5.000000,60000,False
584136,NATGASMINI20NOV26450PE,NATGASMINI,20NOV2026,45000.000000,250,OPTFUT,MCX,5.000000,60000,False
584163,MCXBULLDEX27NOV2635400CE,MCXBULLDEX,27NOV2026,3540000.000000,15,OPTIDX,MCX,5.000000,450,False
584175,MCXBULLDEX27NOV2634200CE,MCXBULLDEX,27NOV2026,3420000.000000,15,OPTIDX,MCX,5.000000,450,False
584179,MCXBULLDEX27NOV2633800CE,MCXBULLDEX,27NOV2026,3380000.000000,15,OPTIDX,MCX,5.000000,450,False
584186,MCXBULLDEX27NOV2633100CE,MCXBULLDEX,27NOV2026,3310000.000000,15,OPTIDX,MCX,5.000000,450,False
584188,MCXBULLDEX27NOV2632900CE,MCXBULLDEX,27NOV2026,3290000.000000,15,OPTIDX,MCX,5.000000,450,False
584190,MCXBULLDEX27NOV2632700CE,MCXBULLDEX,27NOV2026,3270000.000000,15,OPTIDX,MCX,5.000000,450,False
584196,MCXBULLDEX27NOV2635700CE,MCXBULLDEX,27NOV2026,3570000.000000,15,OPTIDX,MCX,5.000000,450,False
584211,MCXBULLDEX27NOV2637300CE,MCXBULLDEX,27NOV2026,3730000.000000,15,OPTIDX,MCX,5.000000,450,False
584213,MCXBULLDEX27NOV2637500CE,MCXBULLDEX,27NOV2026,3750000.000000,15,OPTIDX,MCX,5.000000,450,False
584215,MCXBULLDEX27NOV2637700CE,MCXBULLDEX,27NOV2026,3770000.000000,15,OPTIDX,MCX,5.000000,450,False
584222,MCXBULLDEX27NOV2638400CE,MCXBULLDEX,27NOV2026,3840000.000000,15,OPTIDX,MCX,5.000000,450,False
584230,MCXBULLDEX27NOV2639200CE,MCXBULLDEX,27NOV2026,3920000.000000,15,OPTIDX,MCX,5.000000,450,False
584231,MCXBULLDEX27NOV2635600PE,MCXBULLDEX,27NOV2026,3560000.000000,15,OPTIDX,MCX,5.000000,450,False
584254,MCXBULLDEX27NOV2633300PE,MCXBULLDEX,27NOV2026,3330000.000000,15,OPTIDX,MCX,5.000000,450,False
584255,MCXBULLDEX27NOV2633200PE,MCXBULLDEX,27NOV2026,3320000.000000,15,OPTIDX,MCX,5.000000,450,False
584262,MCXBULLDEX27NOV2632500PE,MCXBULLDEX,27NOV2026,3250000.000000,15,OPTIDX,MCX,5.000000,450,False
584274,MCXBULLDEX27NOV2636600PE,MCXBULLDEX,27NOV2026,3660000.000000,15,OPTIDX,MCX,5.000000,450,False
584284,MCXBULLDEX27NOV2637600PE,MCXBULLDEX,27NOV2026,3760000.000000,15,OPTIDX,MCX,5.000000,450,False
584285,MCXBULLDEX27NOV2637700PE,MCXBULLDEX,27NOV2026,3770000.000000,15,OPTIDX,MCX,5.000000,450,False
584288,MCXBULLDEX27NOV2638000PE,MCXBULLDEX,27NOV2026,3800000.000000,15,OPTIDX,MCX,5.000000,450,False
584296,MCXBULLDEX27NOV2638800PE,MCXBULLDEX,27NOV2026,3880000.000000,15,OPTIDX,MCX,5.000000,450,False
584308,SILVER10026FEB27FUT,SILVER100,26FEB2027,0.000000,100,FUTCOM,MCX,100.000000,600000,False
584313,COTTONOIL31DEC26FUT,COTTONOIL,31DEC2026,0.000000,5,FUTCOM,MCX,10.000000,400,False
584318,COPPER23DEC261410CE,COPPER,23DEC2026,141000.000000,2500,OPTFUT,MCX,1.000000,70000,False
584325,ELECDMBL30DEC26FUT,ELECDMBL,30DEC2026,0.000000,50,FUTCOM,MCX,100.000000,500,False
584327,COPPER30JUN27FUT,COPPER,30JUN2027,0.000000,2500,FUTCOM,MCX,5.000000,70000,False
584340,COPPER23DEC261320CE,COPPER,23DEC2026,132000.000000,2500,OPTFUT,MCX,1.000000,70000,False
584348,COPPER23DEC261430CE,COPPER,23DEC2026,143000.000000,2500,OPTFUT,MCX,1.000000,70000,False
584354,COPPER23DEC261490CE,COPPER,23DEC2026,149000.000000,2500,OPTFUT,MCX,1.000000,70000,False
584364,COPPER23DEC261380PE,COPPER,23DEC2026,138000.000000,2500,OPTFUT,MCX,1.000000,70000,False
584368,COPPER23DEC261340PE,COPPER,23DEC2026,134000.000000,2500,OPTFUT,MCX,1.000000,70000,False
584372,COPPER23DEC261300PE,COPPER,23DEC2026,130000.000000,2500,OPTFUT,MCX,1.000000,70000,False
584377,COPPER23DEC261420PE,COPPER,23DEC2026,142000.000000,2500,OPTFUT,MCX,1.000000,70000,False
584389,COPPER23DEC261540PE,COPPER,23DEC2026,154000.000000,2500,OPTFUT,MCX,1.000000,70000,False
584392,GOLD30JUN27135000CE,GOLD,30JUN2027,13500000.000000,1,OPTFUT,MCX,50.000000,100,False
584396,GOLD30JUN27135000PE,GOLD,30JUN2027,13500000.000000,1,OPTFUT,MCX,50.000000,100,False
584399,GOLD29JUL27134500PE,GOLD,29JUL2027,13450000.000000,1,OPTFUT,MCX,50.000000,100,False
584411,ZINC23DEC26340CE,ZINC,23DEC2026,34000.000000,5,OPTFUT,MCX,1.000000,100,False
584413,ZINC23DEC26390CE,ZINC,23DEC2026,39000.000000,5,OPTFUT,MCX,1.000000,100,False
584414,ZINC23DEC26395CE,ZINC,23DEC2026,39500.000000,5,OPTFUT,MCX,1.000000,100,False
584429,ZINC23DEC26365PE,ZINC,23DEC2026,36500.000000,5,OPTFUT,MCX,1.000000,100,False
584432,ZINC23DEC26350PE,ZINC,23DEC2026,35000.000000,5,OPTFUT,MCX,1.000000,100,False
584457,CRUDEOIL15OCT2612100CE,CRUDEOIL,15OCT2026,1210000.000000,100,OPTFUT,MCX,10.000000,10000,False
584469,CRUDEOILM15OCT2612100CE,CRUDEOILM,15OCT2026,1210000.000000,10,OPTFUT,MCX,5.000000,10000,False
584496,ZINC23DEC26440CE,ZINC,23DEC2026,44000.000000,5,OPTFUT,MCX,1.000000,100,False
584500,GOLDM05MAR27FUT,GOLDM,05MAR2027,0.000000,100,FUTCOM,MCX,100.000000,10000,False
584511,GOLDM27NOV26150000CE,GOLDM,27NOV2026,15000000.000000,100,OPTFUT,MCX,50.000000,10000,False
584541,GOLDM27NOV26135000CE,GOLDM,27NOV2026,13500000.000000,100,OPTFUT,MCX,50.000000,10000,False
584545,GOLDM27NOV26133000CE,GOLDM,27NOV2026,13300000.000000,100,OPTFUT,MCX,50.000000,10000,False
584557,GOLDM27NOV26157000CE,GOLDM,27NOV2026,15700000.000000,100,OPTFUT,MCX,50.000000,10000,False
584565,GOLDM27NOV26161000CE,GOLDM,27NOV2026,16100000.000000,100,OPTFUT,MCX,50.000000,10000,False
584579,GOLDM27NOV26168000CE,GOLDM,27NOV2026,16800000.000000,100,OPTFUT,MCX,50.000000,10000,False
584580,GOLDM27NOV26168500CE,GOLDM,27NOV2026,16850000.000000,100,OPTFUT,MCX,50.000000,10000,False
584588,GOLDM27NOV26172500CE,GOLDM,27NOV2026,17250000.000000,100,OPTFUT,MCX,50.000000,10000,False
584604,GOLDM27NOV26153500PE,GOLDM,27NOV2026,15350000.000000,100,OPTFUT,MCX,50.000000,10000,False
584608,GOLDM27NOV26151500PE,GOLDM,27NOV2026,15150000.000000,100,OPTFUT,MCX,50.000000,10000,False
584619,GOLDM27NOV26146000PE,GOLDM,27NOV2026,14600000.000000,100,OPTFUT,MCX,50.000000,10000,False
584633,GOLDM27NOV26139000PE,GOLDM,27NOV2026,13900000.000000,100,OPTFUT,MCX,50.000000,10000,False
584637,GOLDM27NOV26137000PE,GOLDM,27NOV2026,13700000.000000,100,OPTFUT,MCX,50.000000,10000,False
584661,GOLDM27NOV26159000PE,GOLDM,27NOV2026,15900000.000000,100,OPTFUT,MCX,50.000000,10000,False
584662,GOLDM27NOV26159500PE,GOLDM,27NOV2026,15950000.000000,100,OPTFUT,MCX,50.000000,10000,False
584668,GOLDM27NOV26162500PE,GOLDM,27NOV2026,16250000.000000,100,OPTFUT,MCX,50.000000,10000,False
584691,GOLDM27NOV26174000PE,GOLDM,27NOV2026,17400000.000000,100,OPTFUT,MCX,50.000000,10000,False
584700,GOLDM27NOV26178500PE,GOLDM,27NOV2026,17850000.000000,100,OPTFUT,MCX,50.000000,10000,False
584702,GOLDM27NOV26179500PE,GOLDM,27NOV2026,17950000.000000,100,OPTFUT,MCX,50.000000,10000,False
584725,CRUDEOIL17SEP2612450CE,CRUDEOIL,17SEP2026,1245000.000000,100,OPTFUT,MCX,10.000000,10000,False
584752,CRUDEOILM17NOV2611950PE,CRUDEOILM,17NOV2026,1195000.000000,10,OPTFUT,MCX,5.000000,10000,False
584756,COPPER23DEC261570CE,COPPER,23DEC2026,157000.000000,2500,OPTFUT,MCX,1.000000,70000,False
584766,ZINC23OCT26465CE,ZINC,23OCT2026,46500.000000,5,OPTFUT,MCX,1.000000,100,False
584800,CRUDEOIL17NOV2612050CE,CRUDEOIL,17NOV2026,1205000.000000,100,OPTFUT,MCX,10.000000,10000,False
584809,CRUDEOIL17SEP2612750PE,CRUDEOIL,17SEP2026,1275000.000000,100,OPTFUT,MCX,10.000000,10000,False
584813,CRUDEOIL15OCT2612350PE,CRUDEOIL,15OCT2026,1235000.000000,100,OPTFUT,MCX,10.000000,10000,False
584822,CRUDEOIL17NOV2612250PE,CRUDEOIL,17NOV2026,1225000.000000,100,OPTFUT,MCX,10.000000,10000,False
584829,ZINC23SEP26480CE,ZINC,23SEP2026,48000.000000,5,OPTFUT,MCX,1.000000,100,False
584830,ZINC23OCT26470CE,ZINC,23OCT2026,47000.000000,5,OPTFUT,MCX,1.000000,100,False
584840,CRUDEOILM17SEP2612800CE,CRUDEOILM,17SEP2026,1280000.000000,10,OPTFUT,MCX,5.000000,10000,False
584849,CRUDEOILM17NOV2612100CE,CRUDEOILM,17NOV2026,1210000.000000,10,OPTFUT,MCX,5.000000,10000,False
584857,CRUDEOILM17SEP2612750PE,CRUDEOILM,17SEP2026,1275000.000000,10,OPTFUT,MCX,5.000000,10000,False
584859,CRUDEOILM17SEP2612850PE,CRUDEOILM,17SEP2026,1285000.000000,10,OPTFUT,MCX,5.000000,10000,False
584868,CRUDEOILM17NOV2612150PE,CRUDEOILM,17NOV2026,1215000.000000,10,OPTFUT,MCX,5.000000,10000,False
584884,CRUDEOIL17SEP2613450CE,CRUDEOIL,17SEP2026,1345000.000000,100,OPTFUT,MCX,10.000000,10000,False
584905,CRUDEOIL17SEP2612900PE,CRUDEOIL,17SEP2026,1290000.000000,100,OPTFUT,MCX,10.000000,10000,False
584920,CRUDEOIL15OCT2612750PE,CRUDEOIL,15OCT2026,1275000.000000,100,OPTFUT,MCX,10.000000,10000,False
584928,CRUDEOIL17NOV2612300PE,CRUDEOIL,17NOV2026,1230000.000000,100,OPTFUT,MCX,10.000000,10000,False
584940,CRUDEOILM17SEP2612950CE,CRUDEOILM,17SEP2026,1295000.000000,10,OPTFUT,MCX,5.000000,10000,False
584942,CRUDEOILM17SEP2613050CE,CRUDEOILM,17SEP2026,1305000.000000,10,OPTFUT,MCX,5.000000,10000,False
584943,CRUDEOILM17SEP2613100CE,CRUDEOILM,17SEP2026,1310000.000000,10,OPTFUT,MCX,5.000000,10000,False
584954,CRUDEOILM15OCT2612750CE,CRUDEOILM,15OCT2026,1275000.000000,10,OPTFUT,MCX,5.000000,10000,False
596,NATGASMINICOM,NATGASMINI,,0.000000,250,COMDTY,MCX,10.000000,99999999,False
584965,CRUDEOILM17NOV2612450CE,CRUDEOILM,17NOV2026,1245000.000000,10,OPTFUT,MCX,5.000000,10000,False
584987,CRUDEOILM15OCT2612800PE,CRUDEOILM,15OCT2026,1280000.000000,10,OPTFUT,MCX,5.000000,10000,False
584993,CRUDEOILM15OCT2613100PE,CRUDEOILM,15OCT2026,1310000.000000,10,OPTFUT,MCX,5.000000,10000,False
114,GOLDCOM,GOLD,,0.000000,1,COMDTY,MCX,100.000000,99999999,False
118,RUBBERCOM,RUBBER,,0.000000,1,COMDTY,MCX,100.000000,99999999,False
127,GNUTOILEXPCOM,GNUTOILEXP,,0.000000,1,COMDTY,MCX,10.000000,99999999,False
136,MUMSPTGOLDCOM,MUMSPTGOLD,,0.000000,1000,COMDTY,MCX,5.000000,99999999,False
147,SOYOILMAYCOM,SOYOILMAY,,0.000000,1000,COMDTY,MCX,5.000000,99999999,False
166,YELLOWPEASCOM,YELLOWPEAS,,0.000000,10,COMDTY,MCX,100.000000,99999999,False
187,KAPASSURNDCOM,KAPASSURND,,0.000000,4000,COMDTY,MCX,5.000000,99999999,False
197,WHEATCOM,WHEAT,,0.000000,10,COMDTY,MCX,1000.000000,99999999,False
200,CASTRSDKADCOM,CASTRSDKAD,,0.000000,1000,COMDTY,MCX,5.000000,99999999,False
207,SILVERHNICOM,SILVERHNI,,0.000000,30,COMDTY,MCX,10000.000000,99999999,False
227,REFSOYFEBCOM,REFSOYFEB,,0.000000,1000,COMDTY,MCX,5.000000,99999999,False
248,SCHANADLHCOM,SCHANADLH,,0.000000,10000,COMDTY,MCX,5.000000,99999999,False
258,SCOPPERINTCOM,SCOPPERINT,,0.000000,1000,COMDTY,MCX,5.000000,99999999,False
262,SSTLLGGVDCOM,SSTLLGGVD,,0.000000,15000,COMDTY,MCX,5.000000,99999999,False
291,SUGARSCOM,SUGARS,,0.000000,10,COMDTY,MCX,100.000000,99999999,False
299,COTTONSEEDCOM,COTTONSEED,,0.000000,10,COMDTY,MCX,100.000000,99999999,False
305,BLCKPEPPERCOM,BLCKPEPPER,,0.000000,1000,COMDTY,MCX,5.000000,99999999,False
314,COTTONSHRTCOM,COTTONSHRT,,0.000000,24,COMDTY,MCX,1000.000000,99999999,False
315,STEELLGBVNCOM,STEELLGBVN,,0.000000,15,COMDTY,MCX,1000.000000,99999999,False
319,SSTLLGBVRCOM,SSTLLGBVR,,0.000000,10000,COMDTY,MCX,5.000000,99999999,False
333,SMASURNDRCOM,SMASURNDR,,0.000000,10000,COMDTY,MCX,5.000000,99999999,False
351,SGOLDDLHCOM,SGOLDDLH,,0.000000,1,COMDTY,MCX,5.000000,99999999,False
360,SALUMNMMUMCOM,SALUMNMMUM,,0.000000,2,COMDTY,MCX,5.000000,99999999,False
370,IGOLDMMUMCOM,IGOLDMMUM,,0.000000,100,COMDTY,MCX,100.000000,99999999,False
374,CARDAMOMCOM,CARDAMOM,,0.000000,100,COMDTY,MCX,100.000000,99999999,False
375,SCADMOMVDUCOM,SCADMOMVDU,,0.000000,100,COMDTY,MCX,5.000000,99999999,False
383,LEADCOM,LEAD,,0.000000,5,COMDTY,MCX,5.000000,99999999,False
392,SARENUTMLRCOM,SARENUTMLR,,0.000000,1,COMDTY,MCX,100.000000,99999999,False
395,SCONTCKKCHCOM,SCONTCKKCH,,0.000000,2,COMDTY,MCX,100.000000,99999999,False
419,STEELIGTMGCOM,STEELIGTMG,,0.000000,10,COMDTY,MCX,500.000000,99999999,False
427,SCPOKNDCOM,SCPOKND,,0.000000,10,COMDTY,MCX,10.000000,99999999,False
450,SELECTWKCOM,SELECTWK,,0.000000,24,COMDTY,MCX,100.000000,99999999,False
459,SSUPRSSMGCOM,SSUPRSSMG,,0.000000,1,COMDTY,MCX,10.000000,99999999,False
463,STEELGZBCOM,STEELGZB,,0.000000,10,COMDTY,MCX,100000.000000,99999999,False
471,SUGARMDELCOM,SUGARMDEL,,0.000000,10,COMDTY,MCX,10000.000000,99999999,False
473,SSUGARMDELCOM,SSUGARMDEL,,0.000000,10,COMDTY,MCX,100.000000,99999999,False
487,BARLEYCOM,BARLEY,,0.000000,10,COMDTY,MCX,2000.000000,99999999,False
493,SFLKMTHSMBCOM,SFLKMTHSMB,,0.000000,360,COMDTY,MCX,10.000000,99999999,False
530,COTTONCOM,COTTON,,0.000000,25,COMDTY,MCX,1000.000000,99999999,False
541,SNIKLEMINTCOM,SNIKLEMINT,,0.000000,100,COMDTY,MCX,10.000000,99999999,False
495214,SILVER04DEC26FUT,SILVER,04DEC2026,0.000000,30,FUTCOM,MCX,100.000000,600,False
513496,GOLD27NOV26166000CE,GOLD,27NOV2026,16600000.000000,1,OPTFUT,MCX,50.000000,100,False
542,NICKELMCOM,NICKELM,,0.000000,100,COMDTY,MCX,10.000000,99999999,False
548,SKAPKHLRJKCOM,SKAPKHLRJK,,0.000000,10,COMDTY,MCX,50.000000,99999999,False
551,STEELRPRCOM,STEELRPR,,0.000000,10,COMDTY,MCX,100000.000000,99999999,False
556431,GOLD25SEP26160000CE,GOLD,25SEP2026,16000000.000000,1,OPTFUT,MCX,50.000000,100,False
556455,GOLD25SEP26148000CE,GOLD,25SEP2026,14800000.000000,1,OPTFUT,MCX,50.000000,100,False
556456,GOLD25SEP26147500CE,GOLD,25SEP2026,14750000.000000,1,OPTFUT,MCX,50.000000,100,False
556463,GOLD25SEP26144000CE,GOLD,25SEP2026,14400000.000000,1,OPTFUT,MCX,50.000000,100,False
556468,GOLD25SEP26141500CE,GOLD,25SEP2026,14150000.000000,1,OPTFUT,MCX,50.000000,100,False
556507,GOLD25SEP26180000CE,GOLD,25SEP2026,18000000.000000,1,OPTFUT,MCX,50.000000,100,False
556516,GOLD25SEP26184500CE,GOLD,25SEP2026,18450000.000000,1,OPTFUT,MCX,50.000000,100,False
556523,GOLD25SEP26188000CE,GOLD,25SEP2026,18800000.000000,1,OPTFUT,MCX,50.000000,100,False
556531,GOLD30OCT26162500CE,GOLD,30OCT2026,16250000.000000,1,OPTFUT,MCX,50.000000,100,False
556551,GOLD30OCT26152500CE,GOLD,30OCT2026,15250000.000000,1,OPTFUT,MCX,50.000000,100,False
556553,GOLD30OCT26151500CE,GOLD,30OCT2026,15150000.000000,1,OPTFUT,MCX,50.000000,100,False
556569,GOLD30OCT26143500CE,GOLD,30OCT2026,14350000.000000,1,OPTFUT,MCX,50.000000,100,False
556575,GOLD30OCT26166500CE,GOLD,30OCT2026,16650000.000000,1,OPTFUT,MCX,50.000000,100,False
556591,GOLD30OCT26174500CE,GOLD,30OCT2026,17450000.000000,1,OPTFUT,MCX,50.000000,100,False
556614,GOLD30OCT26186000CE,GOLD,30OCT2026,18600000.000000,1,OPTFUT,MCX,50.000000,100,False
556623,GOLD30OCT26190500CE,GOLD,30OCT2026,19050000.000000,1,OPTFUT,MCX,50.000000,100,False
556622,GOLD30OCT26190000CE,GOLD,30OCT2026,19000000.000000,1,OPTFUT,MCX,50.000000,100,False
556627,GOLD27NOV26164500CE,GOLD,27NOV2026,16450000.000000,1,OPTFUT,MCX,50.000000,100,False
556635,GOLD27NOV26160500CE,GOLD,27NOV2026,16050000.000000,1,OPTFUT,MCX,50.000000,100,False
556639,GOLD27NOV26158500CE,GOLD,27NOV2026,15850000.000000,1,OPTFUT,MCX,50.000000,100,False
556651,GOLD27NOV26152500CE,GOLD,27NOV2026,15250000.000000,1,OPTFUT,MCX,50.000000,100,False
556652,GOLD27NOV26152000CE,GOLD,27NOV2026,15200000.000000,1,OPTFUT,MCX,50.000000,100,False
556658,GOLD27NOV26149000CE,GOLD,27NOV2026,14900000.000000,1,OPTFUT,MCX,50.000000,100,False
556665,GOLD27NOV26145500CE,GOLD,27NOV2026,14550000.000000,1,OPTFUT,MCX,50.000000,100,False
556667,GOLD27NOV26144500CE,GOLD,27NOV2026,14450000.000000,1,OPTFUT,MCX,50.000000,100,False
556686,GOLD27NOV26172000CE,GOLD,27NOV2026,17200000.000000,1,OPTFUT,MCX,50.000000,100,False
556700,GOLD27NOV26179000CE,GOLD,27NOV2026,17900000.000000,1,OPTFUT,MCX,50.000000,100,False
556704,GOLD27NOV26181000CE,GOLD,27NOV2026,18100000.000000,1,OPTFUT,MCX,50.000000,100,False
556710,GOLD27NOV26184000CE,GOLD,27NOV2026,18400000.000000,1,OPTFUT,MCX,50.000000,100,False
557,GOLDGLOBALCOM,GOLDGLOBAL,,0.000000,200,COMDTY,MCX,10000.000000,99999999,False
556714,GOLD27NOV26186000CE,GOLD,27NOV2026,18600000.000000,1,OPTFUT,MCX,50.000000,100,False
556722,GOLD27NOV26190000CE,GOLD,27NOV2026,19000000.000000,1,OPTFUT,MCX,50.000000,100,False
557027,GOLD25SEP26162000PE,GOLD,25SEP2026,16200000.000000,1,OPTFUT,MCX,50.000000,100,False
557048,GOLD25SEP26151500PE,GOLD,25SEP2026,15150000.000000,1,OPTFUT,MCX,50.000000,100,False
557051,GOLD25SEP26150000PE,GOLD,25SEP2026,15000000.000000,1,OPTFUT,MCX,50.000000,100,False
557056,GOLD25SEP26147500PE,GOLD,25SEP2026,14750000.000000,1,OPTFUT,MCX,50.000000,100,False
557059,GOLD25SEP26146000PE,GOLD,25SEP2026,14600000.000000,1,OPTFUT,MCX,50.000000,100,False
557063,GOLD25SEP26144000PE,GOLD,25SEP2026,14400000.000000,1,OPTFUT,MCX,50.000000,100,False
557078,GOLD25SEP26165500PE,GOLD,25SEP2026,16550000.000000,1,OPTFUT,MCX,50.000000,100,False
557088,GOLD25SEP26170500PE,GOLD,25SEP2026,17050000.000000,1,OPTFUT,MCX,50.000000,100,False
557106,GOLD25SEP26179500PE,GOLD,25SEP2026,17950000.000000,1,OPTFUT,MCX,50.000000,100,False
557114,GOLD25SEP26183500PE,GOLD,25SEP2026,18350000.000000,1,OPTFUT,MCX,50.000000,100,False
557117,GOLD25SEP26185000PE,GOLD,25SEP2026,18500000.000000,1,OPTFUT,MCX,50.000000,100,False
557133,GOLD30OCT26161500PE,GOLD,30OCT2026,16150000.000000,1,OPTFUT,MCX,50.000000,100,False
557136,GOLD30OCT26160000PE,GOLD,30OCT2026,16000000.000000,1,OPTFUT,MCX,50.000000,100,False
557139,GOLD30OCT26158500PE,GOLD,30OCT2026,15850000.000000,1,OPTFUT,MCX,50.000000,100,False
557147,GOLD30OCT26154500PE,GOLD,30OCT2026,15450000.000000,1,OPTFUT,MCX,50.000000,100,False
557152,GOLD30OCT26152000PE,GOLD,30OCT2026,15200000.000000,1,OPTFUT,MCX,50.000000,100,False
557155,GOLD30OCT26150500PE,GOLD,30OCT2026,15050000.000000,1,OPTFUT,MCX,50.000000,100,False
557163,GOLD30OCT26146500PE,GOLD,30OCT2026,14650000.000000,1,OPTFUT,MCX,50.000000,100,False
557170,GOLD30OCT26143000PE,GOLD,30OCT2026,14300000.000000,1,OPTFUT,MCX,50.000000,100,False
557179,GOLD30OCT26168500PE,GOLD,30OCT2026,16850000.000000,1,OPTFUT,MCX,50.000000,100,False
557204,GOLD30OCT26181000PE,GOLD,30OCT2026,18100000.000000,1,OPTFUT,MCX,50.000000,100,False
557217,GOLD30OCT26187500PE,GOLD,30OCT2026,18750000.000000,1,OPTFUT,MCX,50.000000,100,False
557218,GOLD30OCT26188000PE,GOLD,30OCT2026,18800000.000000,1,OPTFUT,MCX,50.000000,100,False
557225,GOLD27NOV26165500PE,GOLD,27NOV2026,16550000.000000,1,OPTFUT,MCX,50.000000,100,False
557231,GOLD27NOV26162500PE,GOLD,27NOV2026,16250000.000000,1,OPTFUT,MCX,50.000000,100,False
557232,GOLD27NOV26162000PE,GOLD,27NOV2026,16200000.000000,1,OPTFUT,MCX,50.000000,100,False
557239,GOLD27NOV26158500PE,GOLD,27NOV2026,15850000.000000,1,OPTFUT,MCX,50.000000,100,False
557282,GOLD27NOV26170000PE,GOLD,27NOV2026,17000000.000000,1,OPTFUT,MCX,50.000000,100,False
557288,GOLD27NOV26173000PE,GOLD,27NOV2026,17300000.000000,1,OPTFUT,MCX,50.000000,100,False
557305,GOLD27NOV26181500PE,GOLD,27NOV2026,18150000.000000,1,OPTFUT,MCX,50.000000,100,False
557306,GOLD27NOV26182000PE,GOLD,27NOV2026,18200000.000000,1,OPTFUT,MCX,50.000000,100,False
557307,GOLD27NOV26182500PE,GOLD,27NOV2026,18250000.000000,1,OPTFUT,MCX,50.000000,100,False
557312,GOLD27NOV26185000PE,GOLD,27NOV2026,18500000.000000,1,OPTFUT,MCX,50.000000,100,False
557313,GOLD27NOV26185500PE,GOLD,27NOV2026,18550000.000000,1,OPTFUT,MCX,50.000000,100,False
557317,GOLD27NOV26187500PE,GOLD,27NOV2026,18750000.000000,1,OPTFUT,MCX,50.000000,100,False
557579,SILVER24SEP26282000CE,SILVER,24SEP2026,28200000.000000,30,OPTFUT,MCX,50.000000,600,False
557593,SILVER24SEP26268000CE,SILVER,24SEP2026,26800000.000000,30,OPTFUT,MCX,50.000000,600,False
557622,SILVER24SEP26287000CE,SILVER,24SEP2026,28700000.000000,30,OPTFUT,MCX,50.000000,600,False
557600,SILVER24SEP26261000CE,SILVER,24SEP2026,26100000.000000,30,OPTFUT,MCX,50.000000,600,False
557609,SILVER24SEP26252000CE,SILVER,24SEP2026,25200000.000000,30,OPTFUT,MCX,50.000000,600,False
557618,SILVER24SEP26243000CE,SILVER,24SEP2026,24300000.000000,30,OPTFUT,MCX,50.000000,600,False
557628,SILVER24SEP26293000CE,SILVER,24SEP2026,29300000.000000,30,OPTFUT,MCX,50.000000,600,False
557637,SILVER24SEP26302000CE,SILVER,24SEP2026,30200000.000000,30,OPTFUT,MCX,50.000000,600,False
557645,SILVER24SEP26310000CE,SILVER,24SEP2026,31000000.000000,30,OPTFUT,MCX,50.000000,600,False
557669,SILVER27OCT26272000CE,SILVER,27OCT2026,27200000.000000,30,OPTFUT,MCX,50.000000,600,False
557674,SILVER27OCT26267000CE,SILVER,27OCT2026,26700000.000000,30,OPTFUT,MCX,50.000000,600,False
557676,SILVER27OCT26265000CE,SILVER,27OCT2026,26500000.000000,30,OPTFUT,MCX,50.000000,600,False
557681,SILVER27OCT26260000CE,SILVER,27OCT2026,26000000.000000,30,OPTFUT,MCX,50.000000,600,False
557687,SILVER27OCT26254000CE,SILVER,27OCT2026,25400000.000000,30,OPTFUT,MCX,50.000000,600,False
557690,SILVER27OCT26251000CE,SILVER,27OCT2026,25100000.000000,30,OPTFUT,MCX,50.000000,600,False
557708,SILVER27OCT26293000CE,SILVER,27OCT2026,29300000.000000,30,OPTFUT,MCX,50.000000,600,False
557732,SILVER27OCT26317000CE,SILVER,27OCT2026,31700000.000000,30,OPTFUT,MCX,50.000000,600,False
557747,SILVER27NOV26274000CE,SILVER,27NOV2026,27400000.000000,30,OPTFUT,MCX,50.000000,600,False
557750,SILVER27NOV26271000CE,SILVER,27NOV2026,27100000.000000,30,OPTFUT,MCX,50.000000,600,False
557767,SILVER27NOV26254000CE,SILVER,27NOV2026,25400000.000000,30,OPTFUT,MCX,50.000000,600,False
557771,SILVER27NOV26250000CE,SILVER,27NOV2026,25000000.000000,30,OPTFUT,MCX,50.000000,600,False
557773,SILVER27NOV26248000CE,SILVER,27NOV2026,24800000.000000,30,OPTFUT,MCX,50.000000,600,False
557781,SILVER27NOV26286000CE,SILVER,27NOV2026,28600000.000000,30,OPTFUT,MCX,50.000000,600,False
557792,SILVER27NOV26297000CE,SILVER,27NOV2026,29700000.000000,30,OPTFUT,MCX,50.000000,600,False
557795,SILVER27NOV26300000CE,SILVER,27NOV2026,30000000.000000,30,OPTFUT,MCX,50.000000,600,False
557801,SILVER27NOV26306000CE,SILVER,27NOV2026,30600000.000000,30,OPTFUT,MCX,50.000000,600,False
557810,SILVER27NOV26315000CE,SILVER,27NOV2026,31500000.000000,30,OPTFUT,MCX,50.000000,600,False
557813,SILVER27NOV26318000CE,SILVER,27NOV2026,31800000.000000,30,OPTFUT,MCX,50.000000,600,False
557816,SILVER27NOV26321000CE,SILVER,27NOV2026,32100000.000000,30,OPTFUT,MCX,50.000000,600,False
558090,SILVER24SEP26251000PE,SILVER,24SEP2026,25100000.000000,30,OPTFUT,MCX,50.000000,600,False
558092,SILVER24SEP26249000PE,SILVER,24SEP2026,24900000.000000,30,OPTFUT,MCX,50.000000,600,False
558100,SILVER24SEP26285000PE,SILVER,24SEP2026,28500000.000000,30,OPTFUT,MCX,50.000000,600,False
558137,SILVER24SEP26322000PE,SILVER,24SEP2026,32200000.000000,30,OPTFUT,MCX,50.000000,600,False
558193,SILVER27OCT26298000PE,SILVER,27OCT2026,29800000.000000,30,OPTFUT,MCX,50.000000,600,False
558208,SILVER27OCT26313000PE,SILVER,27OCT2026,31300000.000000,30,OPTFUT,MCX,50.000000,600,False
558215,SILVER27OCT26320000PE,SILVER,27OCT2026,32000000.000000,30,OPTFUT,MCX,50.000000,600,False
558221,SILVER27NOV26280000PE,SILVER,27NOV2026,28000000.000000,30,OPTFUT,MCX,50.000000,600,False
558237,SILVER27NOV26264000PE,SILVER,27NOV2026,26400000.000000,30,OPTFUT,MCX,50.000000,600,False
558238,SILVER27NOV26263000PE,SILVER,27NOV2026,26300000.000000,30,OPTFUT,MCX,50.000000,600,False
558239,SILVER27NOV26262000PE,SILVER,27NOV2026,26200000.000000,30,OPTFUT,MCX,50.000000,600,False
558240,SILVER27NOV26261000PE,SILVER,27NOV2026,26100000.000000,30,OPTFUT,MCX,50.000000,600,False
558244,SILVER27NOV26257000PE,SILVER,27NOV2026,25700000.000000,30,OPTFUT,MCX,50.000000,600,False
558252,SILVER27NOV26249000PE,SILVER,27NOV2026,24900000.000000,30,OPTFUT,MCX,50.000000,600,False
558264,SILVER27NOV26289000PE,SILVER,27NOV2026,28900000.000000,30,OPTFUT,MCX,50.000000,600,False
558292,SILVER27NOV26317000PE,SILVER,27NOV2026,31700000.000000,30,OPTFUT,MCX,50.000000,600,False
558545,SILVERM24SEP26278000CE,SILVERM,24SEP2026,27800000.000000,5,OPTFUT,MCX,50.000000,600,False
558547,SILVERM24SEP26276000CE,SILVERM,24SEP2026,27600000.000000,5,OPTFUT,MCX,50.000000,600,False
558562,SILVERM24SEP26261000CE,SILVERM,24SEP2026,26100000.000000,5,OPTFUT,MCX,50.000000,600,False
558577,SILVERM24SEP26246000CE,SILVERM,24SEP2026,24600000.000000,5,OPTFUT,MCX,50.000000,600,False
558597,SILVERM24SEP26304000CE,SILVERM,24SEP2026,30400000.000000,5,OPTFUT,MCX,50.000000,600,False
558606,SILVERM24SEP26313000CE,SILVERM,24SEP2026,31300000.000000,5,OPTFUT,MCX,50.000000,600,False
558623,SILVERM27OCT26280000CE,SILVERM,27OCT2026,28000000.000000,5,OPTFUT,MCX,50.000000,600,False
558640,SILVERM27OCT26263000CE,SILVERM,27OCT2026,26300000.000000,5,OPTFUT,MCX,50.000000,600,False
558648,SILVERM27OCT26255000CE,SILVERM,27OCT2026,25500000.000000,5,OPTFUT,MCX,50.000000,600,False
558650,SILVERM27OCT26253000CE,SILVERM,27OCT2026,25300000.000000,5,OPTFUT,MCX,50.000000,600,False
558651,SILVERM27OCT26252000CE,SILVERM,27OCT2026,25200000.000000,5,OPTFUT,MCX,50.000000,600,False
558662,SILVERM27OCT26289000CE,SILVERM,27OCT2026,28900000.000000,5,OPTFUT,MCX,50.000000,600,False
558667,SILVERM27OCT26294000CE,SILVERM,27OCT2026,29400000.000000,5,OPTFUT,MCX,50.000000,600,False
558682,SILVERM27OCT26309000CE,SILVERM,27OCT2026,30900000.000000,5,OPTFUT,MCX,50.000000,600,False
558685,SILVERM27OCT26312000CE,SILVERM,27OCT2026,31200000.000000,5,OPTFUT,MCX,50.000000,600,False
558695,SILVERM27OCT26322000CE,SILVERM,27OCT2026,32200000.000000,5,OPTFUT,MCX,50.000000,600,False
558703,SILVERM23NOV26280000CE,SILVERM,23NOV2026,28000000.000000,5,OPTFUT,MCX,50.000000,600,False
558707,SILVERM23NOV26276000CE,SILVERM,23NOV2026,27600000.000000,5,OPTFUT,MCX,50.000000,600,False
558718,SILVERM23NOV26265000CE,SILVERM,23NOV2026,26500000.000000,5,OPTFUT,MCX,50.000000,600,False
558730,SILVERM23NOV26253000CE,SILVERM,23NOV2026,25300000.000000,5,OPTFUT,MCX,50.000000,600,False
558731,SILVERM23NOV26252000CE,SILVERM,23NOV2026,25200000.000000,5,OPTFUT,MCX,50.000000,600,False
558733,SILVERM23NOV26250000CE,SILVERM,23NOV2026,25000000.000000,5,OPTFUT,MCX,50.000000,600,False
558735,SILVERM23NOV26248000CE,SILVERM,23NOV2026,24800000.000000,5,OPTFUT,MCX,50.000000,600,False
558753,SILVERM23NOV26300000CE,SILVERM,23NOV2026,30000000.000000,5,OPTFUT,MCX,50.000000,600,False
558761,SILVERM23NOV26308000CE,SILVERM,23NOV2026,30800000.000000,5,OPTFUT,MCX,50.000000,600,False
558772,SILVERM23NOV26319000CE,SILVERM,23NOV2026,31900000.000000,5,OPTFUT,MCX,50.000000,600,False
558775,SILVERM23NOV26322000CE,SILVERM,23NOV2026,32200000.000000,5,OPTFUT,MCX,50.000000,600,False
558777,SILVERM23NOV26324000CE,SILVERM,23NOV2026,32400000.000000,5,OPTFUT,MCX,50.000000,600,False
559021,SILVERM24SEP26282000PE,SILVERM,24SEP2026,28200000.000000,5,OPTFUT,MCX,50.000000,600,False
559033,SILVERM24SEP26270000PE,SILVERM,24SEP2026,27000000.000000,5,OPTFUT,MCX,50.000000,600,False
559038,SILVERM24SEP26265000PE,SILVERM,24SEP2026,26500000.000000,5,OPTFUT,MCX,50.000000,600,False
559039,SILVERM24SEP26264000PE,SILVERM,24SEP2026,26400000.000000,5,OPTFUT,MCX,50.000000,600,False
559047,SILVERM24SEP26256000PE,SILVERM,24SEP2026,25600000.000000,5,OPTFUT,MCX,50.000000,600,False
559051,SILVERM24SEP26252000PE,SILVERM,24SEP2026,25200000.000000,5,OPTFUT,MCX,50.000000,600,False
559060,SILVERM24SEP26287000PE,SILVERM,24SEP2026,28700000.000000,5,OPTFUT,MCX,50.000000,600,False
559076,SILVERM24SEP26303000PE,SILVERM,24SEP2026,30300000.000000,5,OPTFUT,MCX,50.000000,600,False
559077,SILVERM24SEP26304000PE,SILVERM,24SEP2026,30400000.000000,5,OPTFUT,MCX,50.000000,600,False
559091,SILVERM24SEP26318000PE,SILVERM,24SEP2026,31800000.000000,5,OPTFUT,MCX,50.000000,600,False
559092,SILVERM24SEP26319000PE,SILVERM,24SEP2026,31900000.000000,5,OPTFUT,MCX,50.000000,600,False
559097,SILVERM24SEP26324000PE,SILVERM,24SEP2026,32400000.000000,5,OPTFUT,MCX,50.000000,600,False
559123,SILVERM27OCT26260000PE,SILVERM,27OCT2026,26000000.000000,5,OPTFUT,MCX,50.000000,600,False
559124,SILVERM27OCT26259000PE,SILVERM,27OCT2026,25900000.000000,5,OPTFUT,MCX,50.000000,600,False
559143,SILVERM27OCT26290000PE,SILVERM,27OCT2026,29000000.000000,5,OPTFUT,MCX,50.000000,600,False
559153,SILVERM27OCT26300000PE,SILVERM,27OCT2026,30000000.000000,5,OPTFUT,MCX,50.000000,600,False
559160,SILVERM27OCT26307000PE,SILVERM,27OCT2026,30700000.000000,5,OPTFUT,MCX,50.000000,600,False
559170,SILVERM27OCT26317000PE,SILVERM,27OCT2026,31700000.000000,5,OPTFUT,MCX,50.000000,600,False
559171,SILVERM27OCT26318000PE,SILVERM,27OCT2026,31800000.000000,5,OPTFUT,MCX,50.000000,600,False
559185,SILVERM23NOV26278000PE,SILVERM,23NOV2026,27800000.000000,5,OPTFUT,MCX,50.000000,600,False
559193,SILVERM23NOV26270000PE,SILVERM,23NOV2026,27000000.000000,5,OPTFUT,MCX,50.000000,600,False
559219,SILVERM23NOV26286000PE,SILVERM,23NOV2026,28600000.000000,5,OPTFUT,MCX,50.000000,600,False
559225,SILVERM23NOV26292000PE,SILVERM,23NOV2026,29200000.000000,5,OPTFUT,MCX,50.000000,600,False
559230,SILVERM23NOV26297000PE,SILVERM,23NOV2026,29700000.000000,5,OPTFUT,MCX,50.000000,600,False
559234,SILVERM23NOV26301000PE,SILVERM,23NOV2026,30100000.000000,5,OPTFUT,MCX,50.000000,600,False
559236,SILVERM23NOV26303000PE,SILVERM,23NOV2026,30300000.000000,5,OPTFUT,MCX,50.000000,600,False
559289,GOLD30OCT26191500CE,GOLD,30OCT2026,19150000.000000,1,OPTFUT,MCX,50.000000,100,False
559292,GOLD30OCT26193000CE,GOLD,30OCT2026,19300000.000000,1,OPTFUT,MCX,50.000000,100,False
559302,GOLD27NOV26194500CE,GOLD,27NOV2026,19450000.000000,1,OPTFUT,MCX,50.000000,100,False
559466,SILVER24SEP26334000CE,SILVER,24SEP2026,33400000.000000,30,OPTFUT,MCX,50.000000,600,False
559328,GOLD25SEP26191000PE,GOLD,25SEP2026,19100000.000000,1,OPTFUT,MCX,50.000000,100,False
559330,GOLD25SEP26192000PE,GOLD,25SEP2026,19200000.000000,1,OPTFUT,MCX,50.000000,100,False
559336,GOLD30OCT26194000PE,GOLD,30OCT2026,19400000.000000,1,OPTFUT,MCX,50.000000,100,False
559557,SILVER27OCT26328000PE,SILVER,27OCT2026,32800000.000000,30,OPTFUT,MCX,50.000000,600,False
559560,SILVER27OCT26331000PE,SILVER,27OCT2026,33100000.000000,30,OPTFUT,MCX,50.000000,600,False
559567,SILVER27NOV26324000PE,SILVER,27NOV2026,32400000.000000,30,OPTFUT,MCX,50.000000,600,False
559624,SILVERM24SEP26330000CE,SILVERM,24SEP2026,33000000.000000,5,OPTFUT,MCX,50.000000,600,False
559629,SILVERM24SEP26335000CE,SILVERM,24SEP2026,33500000.000000,5,OPTFUT,MCX,50.000000,600,False
559640,SILVERM27OCT26334000CE,SILVERM,27OCT2026,33400000.000000,5,OPTFUT,MCX,50.000000,600,False
559643,SILVERM27OCT26337000CE,SILVERM,27OCT2026,33700000.000000,5,OPTFUT,MCX,50.000000,600,False
559647,SILVERM23NOV26329000CE,SILVERM,23NOV2026,32900000.000000,5,OPTFUT,MCX,50.000000,600,False
559650,SILVERM23NOV26332000CE,SILVERM,23NOV2026,33200000.000000,5,OPTFUT,MCX,50.000000,600,False
559701,SILVERM24SEP26332000PE,SILVERM,24SEP2026,33200000.000000,5,OPTFUT,MCX,50.000000,600,False
559704,SILVERM24SEP26335000PE,SILVERM,24SEP2026,33500000.000000,5,OPTFUT,MCX,50.000000,600,False
559708,SILVERM27OCT26327000PE,SILVERM,27OCT2026,32700000.000000,5,OPTFUT,MCX,50.000000,600,False
559719,SILVERM23NOV26326000PE,SILVERM,23NOV2026,32600000.000000,5,OPTFUT,MCX,50.000000,600,False
559720,SILVERM23NOV26327000PE,SILVERM,23NOV2026,32700000.000000,5,OPTFUT,MCX,50.000000,600,False
559728,SILVERM23NOV26335000PE,SILVERM,23NOV2026,33500000.000000,5,OPTFUT,MCX,50.000000,600,False
559800,GOLD25SEP26192500CE,GOLD,25SEP2026,19250000.000000,1,OPTFUT,MCX,50.000000,100,False
559825,SILVERM27OCT26339000CE,SILVERM,27OCT2026,33900000.000000,5,OPTFUT,MCX,50.000000,600,False
559830,SILVERM24SEP26338000PE,SILVERM,24SEP2026,33800000.000000,5,OPTFUT,MCX,50.000000,600,False
559833,SILVERM27OCT26338000PE,SILVERM,27OCT2026,33800000.000000,5,OPTFUT,MCX,50.000000,600,False
559837,SILVERM23NOV26339000PE,SILVERM,23NOV2026,33900000.000000,5,OPTFUT,MCX,50.000000,600,False
559838,SILVERM23NOV26340000PE,SILVERM,23NOV2026,34000000.000000,5,OPTFUT,MCX,50.000000,600,False
559861,SILVER24SEP26242000CE,SILVER,24SEP2026,24200000.000000,30,OPTFUT,MCX,50.000000,600,False
559865,SILVER24SEP26238000CE,SILVER,24SEP2026,23800000.000000,30,OPTFUT,MCX,50.000000,600,False
559867,SILVER27OCT26241000CE,SILVER,27OCT2026,24100000.000000,30,OPTFUT,MCX,50.000000,600,False
559894,SILVER24SEP26240000PE,SILVER,24SEP2026,24000000.000000,30,OPTFUT,MCX,50.000000,600,False
559898,SILVER27OCT26241000PE,SILVER,27OCT2026,24100000.000000,30,OPTFUT,MCX,50.000000,600,False
559903,SILVER27NOV26241000PE,SILVER,27NOV2026,24100000.000000,30,OPTFUT,MCX,50.000000,600,False
559935,GOLD31DEC26169000PE,GOLD,31DEC2026,16900000.000000,1,OPTFUT,MCX,50.000000,100,False
559953,GOLD31DEC26167500CE,GOLD,31DEC2026,16750000.000000,1,OPTFUT,MCX,50.000000,100,False
559955,GOLD31DEC26166500CE,GOLD,31DEC2026,16650000.000000,1,OPTFUT,MCX,50.000000,100,False
560005,GOLD31DEC26171500CE,GOLD,31DEC2026,17150000.000000,1,OPTFUT,MCX,50.000000,100,False
560009,GOLD31DEC26173500CE,GOLD,31DEC2026,17350000.000000,1,OPTFUT,MCX,50.000000,100,False
560011,GOLD31DEC26174500CE,GOLD,31DEC2026,17450000.000000,1,OPTFUT,MCX,50.000000,100,False
560015,GOLD31DEC26176500CE,GOLD,31DEC2026,17650000.000000,1,OPTFUT,MCX,50.000000,100,False
560054,GOLD29JAN27167000CE,GOLD,29JAN2027,16700000.000000,1,OPTFUT,MCX,50.000000,100,False
560075,GOLD29JAN27156500CE,GOLD,29JAN2027,15650000.000000,1,OPTFUT,MCX,50.000000,100,False
560086,GOLD29JAN27151000CE,GOLD,29JAN2027,15100000.000000,1,OPTFUT,MCX,50.000000,100,False
560088,GOLD29JAN27150000CE,GOLD,29JAN2027,15000000.000000,1,OPTFUT,MCX,50.000000,100,False
560095,GOLD29JAN27146500CE,GOLD,29JAN2027,14650000.000000,1,OPTFUT,MCX,50.000000,100,False
560097,GOLD29JAN27145500CE,GOLD,29JAN2027,14550000.000000,1,OPTFUT,MCX,50.000000,100,False
560103,GOLD29JAN27170500CE,GOLD,29JAN2027,17050000.000000,1,OPTFUT,MCX,50.000000,100,False
560128,GOLD29JAN27183000CE,GOLD,29JAN2027,18300000.000000,1,OPTFUT,MCX,50.000000,100,False
560137,GOLD29JAN27187500CE,GOLD,29JAN2027,18750000.000000,1,OPTFUT,MCX,50.000000,100,False
560143,GOLD29JAN27190500CE,GOLD,29JAN2027,19050000.000000,1,OPTFUT,MCX,50.000000,100,False
560152,GOLD31DEC26168000PE,GOLD,31DEC2026,16800000.000000,1,OPTFUT,MCX,50.000000,100,False
560164,GOLD31DEC26162000PE,GOLD,31DEC2026,16200000.000000,1,OPTFUT,MCX,50.000000,100,False
560183,GOLD31DEC26152500PE,GOLD,31DEC2026,15250000.000000,1,OPTFUT,MCX,50.000000,100,False
560186,GOLD31DEC26151000PE,GOLD,31DEC2026,15100000.000000,1,OPTFUT,MCX,50.000000,100,False
560216,GOLD31DEC26177000PE,GOLD,31DEC2026,17700000.000000,1,OPTFUT,MCX,50.000000,100,False
560227,GOLD31DEC26182500PE,GOLD,31DEC2026,18250000.000000,1,OPTFUT,MCX,50.000000,100,False
560246,GOLD31DEC26192000PE,GOLD,31DEC2026,19200000.000000,1,OPTFUT,MCX,50.000000,100,False
560253,GOLD29JAN27167500PE,GOLD,29JAN2027,16750000.000000,1,OPTFUT,MCX,50.000000,100,False
560255,GOLD29JAN27166500PE,GOLD,29JAN2027,16650000.000000,1,OPTFUT,MCX,50.000000,100,False
560256,GOLD29JAN27166000PE,GOLD,29JAN2027,16600000.000000,1,OPTFUT,MCX,50.000000,100,False
560258,GOLD29JAN27165000PE,GOLD,29JAN2027,16500000.000000,1,OPTFUT,MCX,50.000000,100,False
560261,GOLD29JAN27163500PE,GOLD,29JAN2027,16350000.000000,1,OPTFUT,MCX,50.000000,100,False
560267,GOLD29JAN27160500PE,GOLD,29JAN2027,16050000.000000,1,OPTFUT,MCX,50.000000,100,False
560271,GOLD29JAN27158500PE,GOLD,29JAN2027,15850000.000000,1,OPTFUT,MCX,50.000000,100,False
560282,GOLD29JAN27153000PE,GOLD,29JAN2027,15300000.000000,1,OPTFUT,MCX,50.000000,100,False
560283,GOLD29JAN27152500PE,GOLD,29JAN2027,15250000.000000,1,OPTFUT,MCX,50.000000,100,False
560286,GOLD29JAN27151000PE,GOLD,29JAN2027,15100000.000000,1,OPTFUT,MCX,50.000000,100,False
560296,GOLD29JAN27146000PE,GOLD,29JAN2027,14600000.000000,1,OPTFUT,MCX,50.000000,100,False
560297,GOLD29JAN27145500PE,GOLD,29JAN2027,14550000.000000,1,OPTFUT,MCX,50.000000,100,False
560300,GOLD29JAN27144000PE,GOLD,29JAN2027,14400000.000000,1,OPTFUT,MCX,50.000000,100,False
560302,GOLD29JAN27170000PE,GOLD,29JAN2027,17000000.000000,1,OPTFUT,MCX,50.000000,100,False
560307,GOLD29JAN27172500PE,GOLD,29JAN2027,17250000.000000,1,OPTFUT,MCX,50.000000,100,False
560313,GOLD29JAN27175500PE,GOLD,29JAN2027,17550000.000000,1,OPTFUT,MCX,50.000000,100,False
560315,GOLD29JAN27176500PE,GOLD,29JAN2027,17650000.000000,1,OPTFUT,MCX,50.000000,100,False
560321,GOLD29JAN27179500PE,GOLD,29JAN2027,17950000.000000,1,OPTFUT,MCX,50.000000,100,False
560336,GOLD29JAN27187000PE,GOLD,29JAN2027,18700000.000000,1,OPTFUT,MCX,50.000000,100,False
560344,GOLD29JAN27191000PE,GOLD,29JAN2027,19100000.000000,1,OPTFUT,MCX,50.000000,100,False
560349,GOLD29JAN27193500PE,GOLD,29JAN2027,19350000.000000,1,OPTFUT,MCX,50.000000,100,False
560367,SILVERM24SEP26244000CE,SILVERM,24SEP2026,24400000.000000,5,OPTFUT,MCX,50.000000,600,False
560371,SILVERM27OCT26244000CE,SILVERM,27OCT2026,24400000.000000,5,OPTFUT,MCX,50.000000,600,False
560465,SILVER24SEP26237000CE,SILVER,24SEP2026,23700000.000000,30,OPTFUT,MCX,50.000000,600,False
560467,SILVER24SEP26235000CE,SILVER,24SEP2026,23500000.000000,30,OPTFUT,MCX,50.000000,600,False
560472,SILVER27OCT26236000CE,SILVER,27OCT2026,23600000.000000,30,OPTFUT,MCX,50.000000,600,False
560501,SILVER24SEP26235000PE,SILVER,24SEP2026,23500000.000000,30,OPTFUT,MCX,50.000000,600,False
560507,SILVER27OCT26235000PE,SILVER,27OCT2026,23500000.000000,30,OPTFUT,MCX,50.000000,600,False
560508,SILVER27OCT26234000PE,SILVER,27OCT2026,23400000.000000,30,OPTFUT,MCX,50.000000,600,False
560510,SILVER27OCT26232000PE,SILVER,27OCT2026,23200000.000000,30,OPTFUT,MCX,50.000000,600,False
560513,SILVER27NOV26235000PE,SILVER,27NOV2026,23500000.000000,30,OPTFUT,MCX,50.000000,600,False
560535,SILVERM24SEP26237000CE,SILVERM,24SEP2026,23700000.000000,5,OPTFUT,MCX,50.000000,600,False
560539,SILVERM24SEP26233000CE,SILVERM,24SEP2026,23300000.000000,5,OPTFUT,MCX,50.000000,600,False
560555,SILVERM23NOV26233000CE,SILVERM,23NOV2026,23300000.000000,5,OPTFUT,MCX,50.000000,600,False
560586,SILVERM27OCT26233000PE,SILVERM,27OCT2026,23300000.000000,5,OPTFUT,MCX,50.000000,600,False
560589,SILVERM23NOV26238000PE,SILVERM,23NOV2026,23800000.000000,5,OPTFUT,MCX,50.000000,600,False
560593,SILVERM23NOV26234000PE,SILVERM,23NOV2026,23400000.000000,5,OPTFUT,MCX,50.000000,600,False
560663,GOLD31DEC26142500CE,GOLD,31DEC2026,14250000.000000,1,OPTFUT,MCX,50.000000,100,False
560665,GOLD29JAN27143500CE,GOLD,29JAN2027,14350000.000000,1,OPTFUT,MCX,50.000000,100,False
560676,GOLD25SEP26138000PE,GOLD,25SEP2026,13800000.000000,1,OPTFUT,MCX,50.000000,100,False
560681,GOLD30OCT26140500PE,GOLD,30OCT2026,14050000.000000,1,OPTFUT,MCX,50.000000,100,False
560689,GOLD31DEC26143500PE,GOLD,31DEC2026,14350000.000000,1,OPTFUT,MCX,50.000000,100,False
560691,GOLD31DEC26142500PE,GOLD,31DEC2026,14250000.000000,1,OPTFUT,MCX,50.000000,100,False
560696,GOLD29JAN27142000PE,GOLD,29JAN2027,14200000.000000,1,OPTFUT,MCX,50.000000,100,False
560734,SILVER24SEP26225000CE,SILVER,24SEP2026,22500000.000000,30,OPTFUT,MCX,50.000000,600,False
560797,SILVER24SEP26229000PE,SILVER,24SEP2026,22900000.000000,30,OPTFUT,MCX,50.000000,600,False
560807,SILVER24SEP26219000PE,SILVER,24SEP2026,21900000.000000,30,OPTFUT,MCX,50.000000,600,False
560813,SILVER27OCT26227000PE,SILVER,27OCT2026,22700000.000000,30,OPTFUT,MCX,50.000000,600,False
560822,SILVER27OCT26218000PE,SILVER,27OCT2026,21800000.000000,30,OPTFUT,MCX,50.000000,600,False
560834,SILVER27NOV26220000PE,SILVER,27NOV2026,22000000.000000,30,OPTFUT,MCX,50.000000,600,False
560897,SILVERM23NOV26227000CE,SILVERM,23NOV2026,22700000.000000,5,OPTFUT,MCX,50.000000,600,False
560898,SILVERM23NOV26226000CE,SILVERM,23NOV2026,22600000.000000,5,OPTFUT,MCX,50.000000,600,False
560950,SILVERM27OCT26229000PE,SILVERM,27OCT2026,22900000.000000,5,OPTFUT,MCX,50.000000,600,False
561,COTTONREFCOM,COTTONREF,,0.000000,25,COMDTY,MCX,1000.000000,99999999,False
561229,GOLD25SEP26194000CE,GOLD,25SEP2026,19400000.000000,1,OPTFUT,MCX,50.000000,100,False
561230,GOLD25SEP26194500CE,GOLD,25SEP2026,19450000.000000,1,OPTFUT,MCX,50.000000,100,False
561231,GOLD25SEP26195000CE,GOLD,25SEP2026,19500000.000000,1,OPTFUT,MCX,50.000000,100,False
561233,GOLD25SEP26196000CE,GOLD,25SEP2026,19600000.000000,1,OPTFUT,MCX,50.000000,100,False
561237,GOLD30OCT26197000CE,GOLD,30OCT2026,19700000.000000,1,OPTFUT,MCX,50.000000,100,False
561243,GOLD27NOV26196000CE,GOLD,27NOV2026,19600000.000000,1,OPTFUT,MCX,50.000000,100,False
561244,GOLD27NOV26196500CE,GOLD,27NOV2026,19650000.000000,1,OPTFUT,MCX,50.000000,100,False
561256,GOLD31DEC26201000CE,GOLD,31DEC2026,20100000.000000,1,OPTFUT,MCX,50.000000,100,False
561287,GOLD25SEP26195000PE,GOLD,25SEP2026,19500000.000000,1,OPTFUT,MCX,50.000000,100,False
561300,GOLD27NOV26196500PE,GOLD,27NOV2026,19650000.000000,1,OPTFUT,MCX,50.000000,100,False
561311,GOLD31DEC26200500PE,GOLD,31DEC2026,20050000.000000,1,OPTFUT,MCX,50.000000,100,False
561362,SILVER24SEP26338000CE,SILVER,24SEP2026,33800000.000000,30,OPTFUT,MCX,50.000000,600,False
561378,SILVER27OCT26342000CE,SILVER,27OCT2026,34200000.000000,30,OPTFUT,MCX,50.000000,600,False
561381,SILVER27OCT26345000CE,SILVER,27OCT2026,34500000.000000,30,OPTFUT,MCX,50.000000,600,False
561386,SILVER27NOV26338000CE,SILVER,27NOV2026,33800000.000000,30,OPTFUT,MCX,50.000000,600,False
561391,SILVER27NOV26343000CE,SILVER,27NOV2026,34300000.000000,30,OPTFUT,MCX,50.000000,600,False
561393,SILVER27NOV26345000CE,SILVER,27NOV2026,34500000.000000,30,OPTFUT,MCX,50.000000,600,False
561442,SILVER27OCT26344000PE,SILVER,27OCT2026,34400000.000000,30,OPTFUT,MCX,50.000000,600,False
561450,SILVER27NOV26340000PE,SILVER,27NOV2026,34000000.000000,30,OPTFUT,MCX,50.000000,600,False
561451,SILVER27NOV26341000PE,SILVER,27NOV2026,34100000.000000,30,OPTFUT,MCX,50.000000,600,False
561457,SILVER27NOV26347000PE,SILVER,27NOV2026,34700000.000000,30,OPTFUT,MCX,50.000000,600,False
561512,GOLD30OCT26199500CE,GOLD,30OCT2026,19950000.000000,1,OPTFUT,MCX,50.000000,100,False
561543,GOLD29JAN27204000PE,GOLD,29JAN2027,20400000.000000,1,OPTFUT,MCX,50.000000,100,False
561969,SILVER27NOV26353000CE,SILVER,27NOV2026,35300000.000000,30,OPTFUT,MCX,50.000000,600,False
561983,SILVER27NOV26353000PE,SILVER,27NOV2026,35300000.000000,30,OPTFUT,MCX,50.000000,600,False
561993,SILVERM24SEP26344000CE,SILVERM,24SEP2026,34400000.000000,5,OPTFUT,MCX,50.000000,600,False
561682,SILVER27OCT26352000PE,SILVER,27OCT2026,35200000.000000,30,OPTFUT,MCX,50.000000,600,False
561999,SILVERM23NOV26344000CE,SILVERM,23NOV2026,34400000.000000,5,OPTFUT,MCX,50.000000,600,False
562011,SILVERM24SEP26344000PE,SILVERM,24SEP2026,34400000.000000,5,OPTFUT,MCX,50.000000,600,False
562017,SILVERM23NOV26344000PE,SILVERM,23NOV2026,34400000.000000,5,OPTFUT,MCX,50.000000,600,False
562137,GOLD30OCT26201000CE,GOLD,30OCT2026,20100000.000000,1,OPTFUT,MCX,50.000000,100,False
562174,SILVERM24SEP26347000CE,SILVERM,24SEP2026,34700000.000000,5,OPTFUT,MCX,50.000000,600,False
562177,SILVERM24SEP26350000CE,SILVERM,24SEP2026,35000000.000000,5,OPTFUT,MCX,50.000000,600,False
562182,SILVERM27OCT26350000CE,SILVERM,27OCT2026,35000000.000000,5,OPTFUT,MCX,50.000000,600,False
562207,SILVERM27OCT26348000PE,SILVERM,27OCT2026,34800000.000000,5,OPTFUT,MCX,50.000000,600,False
563391,GOLD25SEP26198500CE,GOLD,25SEP2026,19850000.000000,1,OPTFUT,MCX,50.000000,100,False
563394,GOLD25SEP26200000CE,GOLD,25SEP2026,20000000.000000,1,OPTFUT,MCX,50.000000,100,False
563395,GOLD25SEP26200500CE,GOLD,25SEP2026,20050000.000000,1,OPTFUT,MCX,50.000000,100,False
563396,GOLD25SEP26201000CE,GOLD,25SEP2026,20100000.000000,1,OPTFUT,MCX,50.000000,100,False
563397,GOLD25SEP26201500CE,GOLD,25SEP2026,20150000.000000,1,OPTFUT,MCX,50.000000,100,False
563399,GOLD25SEP26202500CE,GOLD,25SEP2026,20250000.000000,1,OPTFUT,MCX,50.000000,100,False
563400,GOLD30OCT26201500CE,GOLD,30OCT2026,20150000.000000,1,OPTFUT,MCX,50.000000,100,False
563422,GOLD31DEC26205000CE,GOLD,31DEC2026,20500000.000000,1,OPTFUT,MCX,50.000000,100,False
563425,GOLD31DEC26206500CE,GOLD,31DEC2026,20650000.000000,1,OPTFUT,MCX,50.000000,100,False
563427,GOLD31DEC26207500CE,GOLD,31DEC2026,20750000.000000,1,OPTFUT,MCX,50.000000,100,False
563430,GOLD31DEC26209000CE,GOLD,31DEC2026,20900000.000000,1,OPTFUT,MCX,50.000000,100,False
563438,GOLD29JAN27207000CE,GOLD,29JAN2027,20700000.000000,1,OPTFUT,MCX,50.000000,100,False
563442,GOLD29JAN27209000CE,GOLD,29JAN2027,20900000.000000,1,OPTFUT,MCX,50.000000,100,False
563443,GOLD29JAN27209500CE,GOLD,29JAN2027,20950000.000000,1,OPTFUT,MCX,50.000000,100,False
563444,GOLD29JAN27210000CE,GOLD,29JAN2027,21000000.000000,1,OPTFUT,MCX,50.000000,100,False
563478,GOLD25SEP26198000PE,GOLD,25SEP2026,19800000.000000,1,OPTFUT,MCX,50.000000,100,False
563483,GOLD25SEP26200500PE,GOLD,25SEP2026,20050000.000000,1,OPTFUT,MCX,50.000000,100,False
563500,GOLD27NOV26202000PE,GOLD,27NOV2026,20200000.000000,1,OPTFUT,MCX,50.000000,100,False
563503,GOLD27NOV26203500PE,GOLD,27NOV2026,20350000.000000,1,OPTFUT,MCX,50.000000,100,False
563515,GOLD31DEC26207500PE,GOLD,31DEC2026,20750000.000000,1,OPTFUT,MCX,50.000000,100,False
563524,GOLD29JAN27206000PE,GOLD,29JAN2027,20600000.000000,1,OPTFUT,MCX,50.000000,100,False
563642,SILVERM27OCT26353000CE,SILVERM,27OCT2026,35300000.000000,5,OPTFUT,MCX,50.000000,600,False
563652,SILVERM24SEP26352000PE,SILVERM,24SEP2026,35200000.000000,5,OPTFUT,MCX,50.000000,600,False
563654,SILVERM27OCT26352000PE,SILVERM,27OCT2026,35200000.000000,5,OPTFUT,MCX,50.000000,600,False
564663,SILVER28DEC26288000CE,SILVER,28DEC2026,28800000.000000,30,OPTFUT,MCX,50.000000,600,False
564668,SILVER28DEC26283000CE,SILVER,28DEC2026,28300000.000000,30,OPTFUT,MCX,50.000000,600,False
564671,SILVER28DEC26280000CE,SILVER,28DEC2026,28000000.000000,30,OPTFUT,MCX,50.000000,600,False
564681,SILVER28DEC26270000CE,SILVER,28DEC2026,27000000.000000,30,OPTFUT,MCX,50.000000,600,False
564685,SILVER28DEC26266000CE,SILVER,28DEC2026,26600000.000000,30,OPTFUT,MCX,50.000000,600,False
564687,SILVER28DEC26264000CE,SILVER,28DEC2026,26400000.000000,30,OPTFUT,MCX,50.000000,600,False
564706,SILVER28DEC26299000CE,SILVER,28DEC2026,29900000.000000,30,OPTFUT,MCX,50.000000,600,False
564723,SILVER28DEC26316000CE,SILVER,28DEC2026,31600000.000000,30,OPTFUT,MCX,50.000000,600,False
564745,SILVER25JAN27286000CE,SILVER,25JAN2027,28600000.000000,30,OPTFUT,MCX,50.000000,600,False
564747,SILVER25JAN27284000CE,SILVER,25JAN2027,28400000.000000,30,OPTFUT,MCX,50.000000,600,False
564749,SILVER25JAN27282000CE,SILVER,25JAN2027,28200000.000000,30,OPTFUT,MCX,50.000000,600,False
564769,SILVER25JAN27262000CE,SILVER,25JAN2027,26200000.000000,30,OPTFUT,MCX,50.000000,600,False
564771,SILVER25JAN27260000CE,SILVER,25JAN2027,26000000.000000,30,OPTFUT,MCX,50.000000,600,False
564772,SILVER25JAN27259000CE,SILVER,25JAN2027,25900000.000000,30,OPTFUT,MCX,50.000000,600,False
564782,SILVER25JAN27295000CE,SILVER,25JAN2027,29500000.000000,30,OPTFUT,MCX,50.000000,600,False
564785,SILVER25JAN27298000CE,SILVER,25JAN2027,29800000.000000,30,OPTFUT,MCX,50.000000,600,False
564806,SILVER25JAN27319000CE,SILVER,25JAN2027,31900000.000000,30,OPTFUT,MCX,50.000000,600,False
564846,SILVER26FEB27265000CE,SILVER,26FEB2027,26500000.000000,30,OPTFUT,MCX,50.000000,600,False
564866,SILVER26FEB27299000CE,SILVER,26FEB2027,29900000.000000,30,OPTFUT,MCX,50.000000,600,False
564884,SILVER26FEB27317000CE,SILVER,26FEB2027,31700000.000000,30,OPTFUT,MCX,50.000000,600,False
564893,SILVER26FEB27326000CE,SILVER,26FEB2027,32600000.000000,30,OPTFUT,MCX,50.000000,600,False
564894,SILVER26FEB27327000CE,SILVER,26FEB2027,32700000.000000,30,OPTFUT,MCX,50.000000,600,False
564898,SILVER26FEB27331000CE,SILVER,26FEB2027,33100000.000000,30,OPTFUT,MCX,50.000000,600,False
564902,SILVER28DEC26289000PE,SILVER,28DEC2026,28900000.000000,30,OPTFUT,MCX,50.000000,600,False
564905,SILVER28DEC26286000PE,SILVER,28DEC2026,28600000.000000,30,OPTFUT,MCX,50.000000,600,False
564908,SILVER28DEC26283000PE,SILVER,28DEC2026,28300000.000000,30,OPTFUT,MCX,50.000000,600,False
564938,SILVER28DEC26253000PE,SILVER,28DEC2026,25300000.000000,30,OPTFUT,MCX,50.000000,600,False
564940,SILVER28DEC26293000PE,SILVER,28DEC2026,29300000.000000,30,OPTFUT,MCX,50.000000,600,False
564975,SILVER28DEC26328000PE,SILVER,28DEC2026,32800000.000000,30,OPTFUT,MCX,50.000000,600,False
564990,SILVER25JAN27281000PE,SILVER,25JAN2027,28100000.000000,30,OPTFUT,MCX,50.000000,600,False
564996,SILVER25JAN27275000PE,SILVER,25JAN2027,27500000.000000,30,OPTFUT,MCX,50.000000,600,False
565013,SILVER25JAN27258000PE,SILVER,25JAN2027,25800000.000000,30,OPTFUT,MCX,50.000000,600,False
565023,SILVER25JAN27296000PE,SILVER,25JAN2027,29600000.000000,30,OPTFUT,MCX,50.000000,600,False
565025,SILVER25JAN27298000PE,SILVER,25JAN2027,29800000.000000,30,OPTFUT,MCX,50.000000,600,False
565028,SILVER25JAN27301000PE,SILVER,25JAN2027,30100000.000000,30,OPTFUT,MCX,50.000000,600,False
565031,SILVER25JAN27304000PE,SILVER,25JAN2027,30400000.000000,30,OPTFUT,MCX,50.000000,600,False
565032,SILVER25JAN27305000PE,SILVER,25JAN2027,30500000.000000,30,OPTFUT,MCX,50.000000,600,False
565039,SILVER25JAN27312000PE,SILVER,25JAN2027,31200000.000000,30,OPTFUT,MCX,50.000000,600,False
565045,SILVER25JAN27318000PE,SILVER,25JAN2027,31800000.000000,30,OPTFUT,MCX,50.000000,600,False
565054,SILVER25JAN27327000PE,SILVER,25JAN2027,32700000.000000,30,OPTFUT,MCX,50.000000,600,False
565070,SILVER26FEB27281000PE,SILVER,26FEB2027,28100000.000000,30,OPTFUT,MCX,50.000000,600,False
565085,SILVER26FEB27266000PE,SILVER,26FEB2027,26600000.000000,30,OPTFUT,MCX,50.000000,600,False
565120,SILVER26FEB27313000PE,SILVER,26FEB2027,31300000.000000,30,OPTFUT,MCX,50.000000,600,False
565145,SILVERM28DEC26291000CE,SILVERM,28DEC2026,29100000.000000,5,OPTFUT,MCX,50.000000,600,False
565169,SILVERM28DEC26267000CE,SILVERM,28DEC2026,26700000.000000,5,OPTFUT,MCX,50.000000,600,False
565171,SILVERM28DEC26265000CE,SILVERM,28DEC2026,26500000.000000,5,OPTFUT,MCX,50.000000,600,False
565175,SILVERM28DEC26261000CE,SILVERM,28DEC2026,26100000.000000,5,OPTFUT,MCX,50.000000,600,False
565182,SILVERM28DEC26300000CE,SILVERM,28DEC2026,30000000.000000,5,OPTFUT,MCX,50.000000,600,False
565195,SILVERM28DEC26313000CE,SILVERM,28DEC2026,31300000.000000,5,OPTFUT,MCX,50.000000,600,False
565201,SILVERM28DEC26319000CE,SILVERM,28DEC2026,31900000.000000,5,OPTFUT,MCX,50.000000,600,False
565207,SILVERM28DEC26325000CE,SILVERM,28DEC2026,32500000.000000,5,OPTFUT,MCX,50.000000,600,False
565208,SILVERM28DEC26326000CE,SILVERM,28DEC2026,32600000.000000,5,OPTFUT,MCX,50.000000,600,False
565210,SILVERM28DEC26328000CE,SILVERM,28DEC2026,32800000.000000,5,OPTFUT,MCX,50.000000,600,False
565218,SILVERM28DEC26336000CE,SILVERM,28DEC2026,33600000.000000,5,OPTFUT,MCX,50.000000,600,False
565224,SILVERM25JAN27292000CE,SILVERM,25JAN2027,29200000.000000,5,OPTFUT,MCX,50.000000,600,False
565226,SILVERM25JAN27290000CE,SILVERM,25JAN2027,29000000.000000,5,OPTFUT,MCX,50.000000,600,False
565233,SILVERM25JAN27283000CE,SILVERM,25JAN2027,28300000.000000,5,OPTFUT,MCX,50.000000,600,False
565235,SILVERM25JAN27281000CE,SILVERM,25JAN2027,28100000.000000,5,OPTFUT,MCX,50.000000,600,False
565260,SILVERM25JAN27298000CE,SILVERM,25JAN2027,29800000.000000,5,OPTFUT,MCX,50.000000,600,False
565262,SILVERM25JAN27300000CE,SILVERM,25JAN2027,30000000.000000,5,OPTFUT,MCX,50.000000,600,False
565266,SILVERM25JAN27304000CE,SILVERM,25JAN2027,30400000.000000,5,OPTFUT,MCX,50.000000,600,False
565268,SILVERM25JAN27306000CE,SILVERM,25JAN2027,30600000.000000,5,OPTFUT,MCX,50.000000,600,False
565271,SILVERM25JAN27309000CE,SILVERM,25JAN2027,30900000.000000,5,OPTFUT,MCX,50.000000,600,False
565279,SILVERM25JAN27317000CE,SILVERM,25JAN2027,31700000.000000,5,OPTFUT,MCX,50.000000,600,False
565280,SILVERM25JAN27318000CE,SILVERM,25JAN2027,31800000.000000,5,OPTFUT,MCX,50.000000,600,False
565281,SILVERM25JAN27319000CE,SILVERM,25JAN2027,31900000.000000,5,OPTFUT,MCX,50.000000,600,False
565305,SILVERM19FEB27291000CE,SILVERM,19FEB2027,29100000.000000,5,OPTFUT,MCX,50.000000,600,False
565310,SILVERM19FEB27286000CE,SILVERM,19FEB2027,28600000.000000,5,OPTFUT,MCX,50.000000,600,False
565322,SILVERM19FEB27274000CE,SILVERM,19FEB2027,27400000.000000,5,OPTFUT,MCX,50.000000,600,False
565327,SILVERM19FEB27269000CE,SILVERM,19FEB2027,26900000.000000,5,OPTFUT,MCX,50.000000,600,False
565328,SILVERM19FEB27268000CE,SILVERM,19FEB2027,26800000.000000,5,OPTFUT,MCX,50.000000,600,False
565355,SILVERM19FEB27313000CE,SILVERM,19FEB2027,31300000.000000,5,OPTFUT,MCX,50.000000,600,False
565369,SILVERM19FEB27327000CE,SILVERM,19FEB2027,32700000.000000,5,OPTFUT,MCX,50.000000,600,False
565396,SILVERM28DEC26280000PE,SILVERM,28DEC2026,28000000.000000,5,OPTFUT,MCX,50.000000,600,False
565375,SILVERM19FEB27333000CE,SILVERM,19FEB2027,33300000.000000,5,OPTFUT,MCX,50.000000,600,False
565378,SILVERM19FEB27336000CE,SILVERM,19FEB2027,33600000.000000,5,OPTFUT,MCX,50.000000,600,False
565397,SILVERM28DEC26279000PE,SILVERM,28DEC2026,27900000.000000,5,OPTFUT,MCX,50.000000,600,False
565405,SILVERM28DEC26271000PE,SILVERM,28DEC2026,27100000.000000,5,OPTFUT,MCX,50.000000,600,False
565408,SILVERM28DEC26268000PE,SILVERM,28DEC2026,26800000.000000,5,OPTFUT,MCX,50.000000,600,False
565420,SILVERM28DEC26298000PE,SILVERM,28DEC2026,29800000.000000,5,OPTFUT,MCX,50.000000,600,False
565425,SILVERM28DEC26303000PE,SILVERM,28DEC2026,30300000.000000,5,OPTFUT,MCX,50.000000,600,False
565454,SILVERM28DEC26332000PE,SILVERM,28DEC2026,33200000.000000,5,OPTFUT,MCX,50.000000,600,False
565459,SILVERM28DEC26337000PE,SILVERM,28DEC2026,33700000.000000,5,OPTFUT,MCX,50.000000,600,False
565472,SILVERM25JAN27284000PE,SILVERM,25JAN2027,28400000.000000,5,OPTFUT,MCX,50.000000,600,False
565473,SILVERM25JAN27283000PE,SILVERM,25JAN2027,28300000.000000,5,OPTFUT,MCX,50.000000,600,False
565490,SILVERM25JAN27266000PE,SILVERM,25JAN2027,26600000.000000,5,OPTFUT,MCX,50.000000,600,False
565502,SILVERM25JAN27300000PE,SILVERM,25JAN2027,30000000.000000,5,OPTFUT,MCX,50.000000,600,False
565503,SILVERM25JAN27301000PE,SILVERM,25JAN2027,30100000.000000,5,OPTFUT,MCX,50.000000,600,False
565504,SILVERM25JAN27302000PE,SILVERM,25JAN2027,30200000.000000,5,OPTFUT,MCX,50.000000,600,False
565509,SILVERM25JAN27307000PE,SILVERM,25JAN2027,30700000.000000,5,OPTFUT,MCX,50.000000,600,False
565533,SILVERM25JAN27331000PE,SILVERM,25JAN2027,33100000.000000,5,OPTFUT,MCX,50.000000,600,False
565540,SILVERM19FEB27296000PE,SILVERM,19FEB2027,29600000.000000,5,OPTFUT,MCX,50.000000,600,False
565545,SILVERM19FEB27291000PE,SILVERM,19FEB2027,29100000.000000,5,OPTFUT,MCX,50.000000,600,False
565558,SILVERM19FEB27278000PE,SILVERM,19FEB2027,27800000.000000,5,OPTFUT,MCX,50.000000,600,False
565563,SILVERM19FEB27273000PE,SILVERM,19FEB2027,27300000.000000,5,OPTFUT,MCX,50.000000,600,False
565574,SILVERM19FEB27262000PE,SILVERM,19FEB2027,26200000.000000,5,OPTFUT,MCX,50.000000,600,False
565606,SILVERM19FEB27324000PE,SILVERM,19FEB2027,32400000.000000,5,OPTFUT,MCX,50.000000,600,False
565575,SILVERM19FEB27261000PE,SILVERM,19FEB2027,26100000.000000,5,OPTFUT,MCX,50.000000,600,False
565581,SILVERM19FEB27299000PE,SILVERM,19FEB2027,29900000.000000,5,OPTFUT,MCX,50.000000,600,False
565602,SILVERM19FEB27320000PE,SILVERM,19FEB2027,32000000.000000,5,OPTFUT,MCX,50.000000,600,False
565682,SILVER25JAN27249000PE,SILVER,25JAN2027,24900000.000000,30,OPTFUT,MCX,50.000000,600,False
565699,SILVERM28DEC26254000PE,SILVERM,28DEC2026,25400000.000000,5,OPTFUT,MCX,50.000000,600,False
565739,SILVERM28DEC26252000CE,SILVERM,28DEC2026,25200000.000000,5,OPTFUT,MCX,50.000000,600,False
565755,SILVERM25JAN27252000PE,SILVERM,25JAN2027,25200000.000000,5,OPTFUT,MCX,50.000000,600,False
565758,SILVERM19FEB27253000PE,SILVERM,19FEB2027,25300000.000000,5,OPTFUT,MCX,50.000000,600,False
565812,SILVER28DEC26245000CE,SILVER,28DEC2026,24500000.000000,30,OPTFUT,MCX,50.000000,600,False
565813,SILVER28DEC26244000CE,SILVER,28DEC2026,24400000.000000,30,OPTFUT,MCX,50.000000,600,False
565816,SILVER28DEC26241000CE,SILVER,28DEC2026,24100000.000000,30,OPTFUT,MCX,50.000000,600,False
565829,SILVER28DEC26243000PE,SILVER,28DEC2026,24300000.000000,30,OPTFUT,MCX,50.000000,600,False
565830,SILVER28DEC26242000PE,SILVER,28DEC2026,24200000.000000,30,OPTFUT,MCX,50.000000,600,False
565834,SILVER25JAN27243000PE,SILVER,25JAN2027,24300000.000000,30,OPTFUT,MCX,50.000000,600,False
565842,SILVERM28DEC26249000CE,SILVERM,28DEC2026,24900000.000000,5,OPTFUT,MCX,50.000000,600,False
565844,SILVERM28DEC26247000CE,SILVERM,28DEC2026,24700000.000000,5,OPTFUT,MCX,50.000000,600,False
565845,SILVERM28DEC26246000CE,SILVERM,28DEC2026,24600000.000000,5,OPTFUT,MCX,50.000000,600,False
565850,SILVERM19FEB27249000CE,SILVERM,19FEB2027,24900000.000000,5,OPTFUT,MCX,50.000000,600,False
565855,SILVERM28DEC26248000PE,SILVERM,28DEC2026,24800000.000000,5,OPTFUT,MCX,50.000000,600,False
565863,SILVERM19FEB27248000PE,SILVERM,19FEB2027,24800000.000000,5,OPTFUT,MCX,50.000000,600,False
566315,GOLD25SEP26130000CE,GOLD,25SEP2026,13000000.000000,1,OPTFUT,MCX,50.000000,100,False
566305,GOLD25SEP26135000CE,GOLD,25SEP2026,13500000.000000,1,OPTFUT,MCX,50.000000,100,False
566310,GOLD25SEP26132500CE,GOLD,25SEP2026,13250000.000000,1,OPTFUT,MCX,50.000000,100,False
566316,GOLD25SEP26129500CE,GOLD,25SEP2026,12950000.000000,1,OPTFUT,MCX,50.000000,100,False
566326,GOLD30OCT26134000CE,GOLD,30OCT2026,13400000.000000,1,OPTFUT,MCX,50.000000,100,False
566336,GOLD27NOV26135500CE,GOLD,27NOV2026,13550000.000000,1,OPTFUT,MCX,50.000000,100,False
566339,GOLD27NOV26134000CE,GOLD,27NOV2026,13400000.000000,1,OPTFUT,MCX,50.000000,100,False
566342,GOLD27NOV26132500CE,GOLD,27NOV2026,13250000.000000,1,OPTFUT,MCX,50.000000,100,False
566348,GOLD31DEC26139000CE,GOLD,31DEC2026,13900000.000000,1,OPTFUT,MCX,50.000000,100,False
566349,GOLD31DEC26138500CE,GOLD,31DEC2026,13850000.000000,1,OPTFUT,MCX,50.000000,100,False
566415,GOLD25SEP26132000PE,GOLD,25SEP2026,13200000.000000,1,OPTFUT,MCX,50.000000,100,False
566421,GOLD30OCT26138500PE,GOLD,30OCT2026,13850000.000000,1,OPTFUT,MCX,50.000000,100,False
566423,GOLD30OCT26137500PE,GOLD,30OCT2026,13750000.000000,1,OPTFUT,MCX,50.000000,100,False
566424,GOLD30OCT26137000PE,GOLD,30OCT2026,13700000.000000,1,OPTFUT,MCX,50.000000,100,False
566434,GOLD27NOV26138500PE,GOLD,27NOV2026,13850000.000000,1,OPTFUT,MCX,50.000000,100,False
566447,GOLD31DEC26141500PE,GOLD,31DEC2026,14150000.000000,1,OPTFUT,MCX,50.000000,100,False
566453,GOLD31DEC26138500PE,GOLD,31DEC2026,13850000.000000,1,OPTFUT,MCX,50.000000,100,False
566455,GOLD31DEC26137500PE,GOLD,31DEC2026,13750000.000000,1,OPTFUT,MCX,50.000000,100,False
566458,GOLD31DEC26136000PE,GOLD,31DEC2026,13600000.000000,1,OPTFUT,MCX,50.000000,100,False
566564,SILVER27OCT26215000CE,SILVER,27OCT2026,21500000.000000,30,OPTFUT,MCX,50.000000,600,False
566580,SILVER28DEC26238000CE,SILVER,28DEC2026,23800000.000000,30,OPTFUT,MCX,50.000000,600,False
566584,SILVER28DEC26234000CE,SILVER,28DEC2026,23400000.000000,30,OPTFUT,MCX,50.000000,600,False
566603,SILVER25JAN27238000CE,SILVER,25JAN2027,23800000.000000,30,OPTFUT,MCX,50.000000,600,False
566619,SILVER25JAN27222000CE,SILVER,25JAN2027,22200000.000000,30,OPTFUT,MCX,50.000000,600,False
566621,SILVER25JAN27220000CE,SILVER,25JAN2027,22000000.000000,30,OPTFUT,MCX,50.000000,600,False
566646,SILVER26FEB27218000CE,SILVER,26FEB2027,21800000.000000,30,OPTFUT,MCX,50.000000,600,False
566688,SILVER27NOV26215000PE,SILVER,27NOV2026,21500000.000000,30,OPTFUT,MCX,50.000000,600,False
566705,SILVER28DEC26229000PE,SILVER,28DEC2026,22900000.000000,30,OPTFUT,MCX,50.000000,600,False
566708,SILVER28DEC26226000PE,SILVER,28DEC2026,22600000.000000,30,OPTFUT,MCX,50.000000,600,False
566723,SILVER25JAN27234000PE,SILVER,25JAN2027,23400000.000000,30,OPTFUT,MCX,50.000000,600,False
566727,SILVER25JAN27230000PE,SILVER,25JAN2027,23000000.000000,30,OPTFUT,MCX,50.000000,600,False
566728,SILVER25JAN27229000PE,SILVER,25JAN2027,22900000.000000,30,OPTFUT,MCX,50.000000,600,False
566730,SILVER25JAN27227000PE,SILVER,25JAN2027,22700000.000000,30,OPTFUT,MCX,50.000000,600,False
566736,SILVER25JAN27221000PE,SILVER,25JAN2027,22100000.000000,30,OPTFUT,MCX,50.000000,600,False
566739,SILVER25JAN27218000PE,SILVER,25JAN2027,21800000.000000,30,OPTFUT,MCX,50.000000,600,False
566774,SILVERM27OCT26224000CE,SILVERM,27OCT2026,22400000.000000,5,OPTFUT,MCX,50.000000,600,False
566775,SILVERM27OCT26223000CE,SILVERM,27OCT2026,22300000.000000,5,OPTFUT,MCX,50.000000,600,False
566778,SILVERM27OCT26220000CE,SILVERM,27OCT2026,22000000.000000,5,OPTFUT,MCX,50.000000,600,False
566779,SILVERM23NOV26224000CE,SILVERM,23NOV2026,22400000.000000,5,OPTFUT,MCX,50.000000,600,False
566801,SILVERM28DEC26228000CE,SILVERM,28DEC2026,22800000.000000,5,OPTFUT,MCX,50.000000,600,False
566805,SILVERM28DEC26224000CE,SILVERM,28DEC2026,22400000.000000,5,OPTFUT,MCX,50.000000,600,False
566808,SILVERM25JAN27243000CE,SILVERM,25JAN2027,24300000.000000,5,OPTFUT,MCX,50.000000,600,False
566809,SILVERM25JAN27242000CE,SILVERM,25JAN2027,24200000.000000,5,OPTFUT,MCX,50.000000,600,False
566817,SILVERM25JAN27234000CE,SILVERM,25JAN2027,23400000.000000,5,OPTFUT,MCX,50.000000,600,False
566828,SILVERM19FEB27245000CE,SILVERM,19FEB2027,24500000.000000,5,OPTFUT,MCX,50.000000,600,False
566836,SILVERM19FEB27237000CE,SILVERM,19FEB2027,23700000.000000,5,OPTFUT,MCX,50.000000,600,False
566839,SILVERM19FEB27234000CE,SILVERM,19FEB2027,23400000.000000,5,OPTFUT,MCX,50.000000,600,False
566847,SILVERM19FEB27226000CE,SILVERM,19FEB2027,22600000.000000,5,OPTFUT,MCX,50.000000,600,False
566848,SILVERM19FEB27225000CE,SILVERM,19FEB2027,22500000.000000,5,OPTFUT,MCX,50.000000,600,False
566863,SILVERM27OCT26222000PE,SILVERM,27OCT2026,22200000.000000,5,OPTFUT,MCX,50.000000,600,False
566872,SILVERM28DEC26244000PE,SILVERM,28DEC2026,24400000.000000,5,OPTFUT,MCX,50.000000,600,False
566873,SILVERM28DEC26243000PE,SILVERM,28DEC2026,24300000.000000,5,OPTFUT,MCX,50.000000,600,False
566874,SILVERM28DEC26242000PE,SILVERM,28DEC2026,24200000.000000,5,OPTFUT,MCX,50.000000,600,False
566889,SILVERM28DEC26227000PE,SILVERM,28DEC2026,22700000.000000,5,OPTFUT,MCX,50.000000,600,False
566892,SILVERM28DEC26224000PE,SILVERM,28DEC2026,22400000.000000,5,OPTFUT,MCX,50.000000,600,False
566915,SILVERM19FEB27245000PE,SILVERM,19FEB2027,24500000.000000,5,OPTFUT,MCX,50.000000,600,False
566916,SILVERM19FEB27244000PE,SILVERM,19FEB2027,24400000.000000,5,OPTFUT,MCX,50.000000,600,False
566917,SILVERM19FEB27243000PE,SILVERM,19FEB2027,24300000.000000,5,OPTFUT,MCX,50.000000,600,False
566920,SILVERM19FEB27240000PE,SILVERM,19FEB2027,24000000.000000,5,OPTFUT,MCX,50.000000,600,False
566936,SILVERM19FEB27224000PE,SILVERM,19FEB2027,22400000.000000,5,OPTFUT,MCX,50.000000,600,False
567438,SILVERM25JAN27222000PE,SILVERM,25JAN2027,22200000.000000,5,OPTFUT,MCX,50.000000,600,False
567372,SILVER24SEP26208000PE,SILVER,24SEP2026,20800000.000000,30,OPTFUT,MCX,50.000000,600,False
567411,SILVERM19FEB27222000CE,SILVERM,19FEB2027,22200000.000000,5,OPTFUT,MCX,50.000000,600,False
567545,GOLD25SEP26128500CE,GOLD,25SEP2026,12850000.000000,1,OPTFUT,MCX,50.000000,100,False
567551,GOLD25SEP26125500CE,GOLD,25SEP2026,12550000.000000,1,OPTFUT,MCX,50.000000,100,False
567554,GOLD25SEP26124000CE,GOLD,25SEP2026,12400000.000000,1,OPTFUT,MCX,50.000000,100,False
567571,GOLD27NOV26132000CE,GOLD,27NOV2026,13200000.000000,1,OPTFUT,MCX,50.000000,100,False
567572,GOLD27NOV26131500CE,GOLD,27NOV2026,13150000.000000,1,OPTFUT,MCX,50.000000,100,False
567591,GOLD31DEC26132500CE,GOLD,31DEC2026,13250000.000000,1,OPTFUT,MCX,50.000000,100,False
567608,GOLD29JAN27131500CE,GOLD,29JAN2027,13150000.000000,1,OPTFUT,MCX,50.000000,100,False
567658,GOLD25SEP26127000PE,GOLD,25SEP2026,12700000.000000,1,OPTFUT,MCX,50.000000,100,False
567663,GOLD25SEP26124500PE,GOLD,25SEP2026,12450000.000000,1,OPTFUT,MCX,50.000000,100,False
567668,GOLD30OCT26131500PE,GOLD,30OCT2026,13150000.000000,1,OPTFUT,MCX,50.000000,100,False
567671,GOLD30OCT26130000PE,GOLD,30OCT2026,13000000.000000,1,OPTFUT,MCX,50.000000,100,False
567681,GOLD27NOV26132000PE,GOLD,27NOV2026,13200000.000000,1,OPTFUT,MCX,50.000000,100,False
567692,GOLD27NOV26126500PE,GOLD,27NOV2026,12650000.000000,1,OPTFUT,MCX,50.000000,100,False
567704,GOLD31DEC26131000PE,GOLD,31DEC2026,13100000.000000,1,OPTFUT,MCX,50.000000,100,False
567706,GOLD31DEC26130000PE,GOLD,31DEC2026,13000000.000000,1,OPTFUT,MCX,50.000000,100,False
567707,GOLD31DEC26129500PE,GOLD,31DEC2026,12950000.000000,1,OPTFUT,MCX,50.000000,100,False
567724,GOLD29JAN27128500PE,GOLD,29JAN2027,12850000.000000,1,OPTFUT,MCX,50.000000,100,False
567801,SILVER24SEP26204000CE,SILVER,24SEP2026,20400000.000000,30,OPTFUT,MCX,50.000000,600,False
567804,SILVER27OCT26206000CE,SILVER,27OCT2026,20600000.000000,30,OPTFUT,MCX,50.000000,600,False
567806,SILVER27OCT26204000CE,SILVER,27OCT2026,20400000.000000,30,OPTFUT,MCX,50.000000,600,False
567811,SILVER27NOV26204000CE,SILVER,27NOV2026,20400000.000000,30,OPTFUT,MCX,50.000000,600,False
567842,SILVER24SEP26207000PE,SILVER,24SEP2026,20700000.000000,30,OPTFUT,MCX,50.000000,600,False
567846,SILVER24SEP26203000PE,SILVER,24SEP2026,20300000.000000,30,OPTFUT,MCX,50.000000,600,False
567850,SILVER27OCT26204000PE,SILVER,27OCT2026,20400000.000000,30,OPTFUT,MCX,50.000000,600,False
567857,SILVER28DEC26215000PE,SILVER,28DEC2026,21500000.000000,30,OPTFUT,MCX,50.000000,600,False
567858,SILVER28DEC26214000PE,SILVER,28DEC2026,21400000.000000,30,OPTFUT,MCX,50.000000,600,False
567859,SILVER28DEC26213000PE,SILVER,28DEC2026,21300000.000000,30,OPTFUT,MCX,50.000000,600,False
567887,SILVERM27OCT26216000CE,SILVERM,27OCT2026,21600000.000000,5,OPTFUT,MCX,50.000000,600,False
567890,SILVERM27OCT26213000CE,SILVERM,27OCT2026,21300000.000000,5,OPTFUT,MCX,50.000000,600,False
567898,SILVERM28DEC26217000CE,SILVERM,28DEC2026,21700000.000000,5,OPTFUT,MCX,50.000000,600,False
567905,SILVERM19FEB27218000CE,SILVERM,19FEB2027,21800000.000000,5,OPTFUT,MCX,50.000000,600,False
567937,SILVERM19FEB27218000PE,SILVERM,19FEB2027,21800000.000000,5,OPTFUT,MCX,50.000000,600,False
568026,SILVER24SEP26202000CE,SILVER,24SEP2026,20200000.000000,30,OPTFUT,MCX,50.000000,600,False
568030,SILVER24SEP26202000PE,SILVER,24SEP2026,20200000.000000,30,OPTFUT,MCX,50.000000,600,False
568043,SILVERM27OCT26211000CE,SILVERM,27OCT2026,21100000.000000,5,OPTFUT,MCX,50.000000,600,False
568044,SILVERM23NOV26212000CE,SILVERM,23NOV2026,21200000.000000,5,OPTFUT,MCX,50.000000,600,False
568050,SILVERM19FEB27216000CE,SILVERM,19FEB2027,21600000.000000,5,OPTFUT,MCX,50.000000,600,False
568245,NATURALGAS25SEP26FUT,NATURALGAS,25SEP2026,0.000000,1250,FUTCOM,MCX,10.000000,60000,False
568427,SILVER24SEP26199000CE,SILVER,24SEP2026,19900000.000000,30,OPTFUT,MCX,50.000000,600,False
568431,SILVER27OCT26199000CE,SILVER,27OCT2026,19900000.000000,30,OPTFUT,MCX,50.000000,600,False
568433,SILVER27NOV26201000CE,SILVER,27NOV2026,20100000.000000,30,OPTFUT,MCX,50.000000,600,False
568481,SILVER25JAN27207000PE,SILVER,25JAN2027,20700000.000000,30,OPTFUT,MCX,50.000000,600,False
568482,SILVER25JAN27206000PE,SILVER,25JAN2027,20600000.000000,30,OPTFUT,MCX,50.000000,600,False
568485,SILVER26FEB27207000PE,SILVER,26FEB2027,20700000.000000,30,OPTFUT,MCX,50.000000,600,False
568512,SILVERM23NOV26206000CE,SILVERM,23NOV2026,20600000.000000,5,OPTFUT,MCX,50.000000,600,False
568515,SILVERM28DEC26212000CE,SILVERM,28DEC2026,21200000.000000,5,OPTFUT,MCX,50.000000,600,False
568522,SILVERM19FEB27213000CE,SILVERM,19FEB2027,21300000.000000,5,OPTFUT,MCX,50.000000,600,False
568543,SILVERM27OCT26208000PE,SILVERM,27OCT2026,20800000.000000,5,OPTFUT,MCX,50.000000,600,False
568556,SILVERM25JAN27213000PE,SILVERM,25JAN2027,21300000.000000,5,OPTFUT,MCX,50.000000,600,False
568558,SILVERM25JAN27211000PE,SILVERM,25JAN2027,21100000.000000,5,OPTFUT,MCX,50.000000,600,False
568840,GOLDTEN30SEP26FUT,GOLDTEN,30SEP2026,0.000000,10,FUTCOM,MCX,100.000000,10000,False
569425,GOLD26FEB27164500CE,GOLD,26FEB2027,16450000.000000,1,OPTFUT,MCX,50.000000,100,False
569441,GOLD26FEB27160000CE,GOLD,26FEB2027,16000000.000000,1,OPTFUT,MCX,50.000000,100,False
569452,GOLD26FEB27154500CE,GOLD,26FEB2027,15450000.000000,1,OPTFUT,MCX,50.000000,100,False
569461,GOLD26FEB27150000CE,GOLD,26FEB2027,15000000.000000,1,OPTFUT,MCX,50.000000,100,False
569478,GOLD26FEB27141500CE,GOLD,26FEB2027,14150000.000000,1,OPTFUT,MCX,50.000000,100,False
569489,GOLD26FEB27168000CE,GOLD,26FEB2027,16800000.000000,1,OPTFUT,MCX,50.000000,100,False
569490,GOLD26FEB27168500CE,GOLD,26FEB2027,16850000.000000,1,OPTFUT,MCX,50.000000,100,False
569495,GOLD26FEB27171000CE,GOLD,26FEB2027,17100000.000000,1,OPTFUT,MCX,50.000000,100,False
569504,GOLD26FEB27175500CE,GOLD,26FEB2027,17550000.000000,1,OPTFUT,MCX,50.000000,100,False
569512,GOLD26FEB27179500CE,GOLD,26FEB2027,17950000.000000,1,OPTFUT,MCX,50.000000,100,False
569532,GOLD26FEB27189500CE,GOLD,26FEB2027,18950000.000000,1,OPTFUT,MCX,50.000000,100,False
569577,GOLD29MAR27142000CE,GOLD,29MAR2027,14200000.000000,1,OPTFUT,MCX,50.000000,100,False
569582,GOLD29MAR27139500CE,GOLD,29MAR2027,13950000.000000,1,OPTFUT,MCX,50.000000,100,False
569590,GOLD29MAR27168500CE,GOLD,29MAR2027,16850000.000000,1,OPTFUT,MCX,50.000000,100,False
569603,GOLD29MAR27175000CE,GOLD,29MAR2027,17500000.000000,1,OPTFUT,MCX,50.000000,100,False
569625,GOLD29MAR27186000CE,GOLD,29MAR2027,18600000.000000,1,OPTFUT,MCX,50.000000,100,False
569629,GOLD29MAR27188000CE,GOLD,29MAR2027,18800000.000000,1,OPTFUT,MCX,50.000000,100,False
569654,GOLD26FEB27153500PE,GOLD,26FEB2027,15350000.000000,1,OPTFUT,MCX,50.000000,100,False
569657,GOLD26FEB27152000PE,GOLD,26FEB2027,15200000.000000,1,OPTFUT,MCX,50.000000,100,False
569662,GOLD26FEB27149500PE,GOLD,26FEB2027,14950000.000000,1,OPTFUT,MCX,50.000000,100,False
569666,GOLD26FEB27147500PE,GOLD,26FEB2027,14750000.000000,1,OPTFUT,MCX,50.000000,100,False
569675,GOLD26FEB27143000PE,GOLD,26FEB2027,14300000.000000,1,OPTFUT,MCX,50.000000,100,False
569677,GOLD26FEB27142000PE,GOLD,26FEB2027,14200000.000000,1,OPTFUT,MCX,50.000000,100,False
569699,GOLD26FEB27173000PE,GOLD,26FEB2027,17300000.000000,1,OPTFUT,MCX,50.000000,100,False
569700,GOLD26FEB27173500PE,GOLD,26FEB2027,17350000.000000,1,OPTFUT,MCX,50.000000,100,False
569709,GOLD26FEB27178000PE,GOLD,26FEB2027,17800000.000000,1,OPTFUT,MCX,50.000000,100,False
569717,GOLD26FEB27182000PE,GOLD,26FEB2027,18200000.000000,1,OPTFUT,MCX,50.000000,100,False
569722,GOLD26FEB27184500PE,GOLD,26FEB2027,18450000.000000,1,OPTFUT,MCX,50.000000,100,False
569745,GOLD29MAR27158000PE,GOLD,29MAR2027,15800000.000000,1,OPTFUT,MCX,50.000000,100,False
569776,GOLD29MAR27142500PE,GOLD,29MAR2027,14250000.000000,1,OPTFUT,MCX,50.000000,100,False
569780,GOLD29MAR27140500PE,GOLD,29MAR2027,14050000.000000,1,OPTFUT,MCX,50.000000,100,False
569794,GOLD29MAR27170500PE,GOLD,29MAR2027,17050000.000000,1,OPTFUT,MCX,50.000000,100,False
569797,GOLD29MAR27172000PE,GOLD,29MAR2027,17200000.000000,1,OPTFUT,MCX,50.000000,100,False
569832,GOLD29MAR27189500PE,GOLD,29MAR2027,18950000.000000,1,OPTFUT,MCX,50.000000,100,False
569853,GOLD29MAR27191000PE,GOLD,29MAR2027,19100000.000000,1,OPTFUT,MCX,50.000000,100,False
570751,NATGASMINI27OCT26FUT,NATGASMINI,27OCT2026,0.000000,250,FUTCOM,MCX,10.000000,60000,False
571208,GOLD26FEB27139000PE,GOLD,26FEB2027,13900000.000000,1,OPTFUT,MCX,50.000000,100,False
571677,GOLD26FEB27194500PE,GOLD,26FEB2027,19450000.000000,1,OPTFUT,MCX,50.000000,100,False
571898,SILVER25JAN27333000CE,SILVER,25JAN2027,33300000.000000,30,OPTFUT,MCX,50.000000,600,False
571921,SILVER25JAN27335000PE,SILVER,25JAN2027,33500000.000000,30,OPTFUT,MCX,50.000000,600,False
571925,SILVER25JAN27339000PE,SILVER,25JAN2027,33900000.000000,30,OPTFUT,MCX,50.000000,600,False
571983,GOLD29MAR27196500CE,GOLD,29MAR2027,19650000.000000,1,OPTFUT,MCX,50.000000,100,False
571986,GOLD26FEB27197000PE,GOLD,26FEB2027,19700000.000000,1,OPTFUT,MCX,50.000000,100,False
572004,SILVERM25JAN27338000CE,SILVERM,25JAN2027,33800000.000000,5,OPTFUT,MCX,50.000000,600,False
572037,GOLD26FEB27198500CE,GOLD,26FEB2027,19850000.000000,1,OPTFUT,MCX,50.000000,100,False
572064,GOLD29MAR27200500CE,GOLD,29MAR2027,20050000.000000,1,OPTFUT,MCX,50.000000,100,False
572069,GOLD29MAR27203000CE,GOLD,29MAR2027,20300000.000000,1,OPTFUT,MCX,50.000000,100,False
572073,GOLD29MAR27205000CE,GOLD,29MAR2027,20500000.000000,1,OPTFUT,MCX,50.000000,100,False
572082,GOLD26FEB27198000PE,GOLD,26FEB2027,19800000.000000,1,OPTFUT,MCX,50.000000,100,False
572094,GOLD26FEB27204000PE,GOLD,26FEB2027,20400000.000000,1,OPTFUT,MCX,50.000000,100,False
572100,GOLD26FEB27207000PE,GOLD,26FEB2027,20700000.000000,1,OPTFUT,MCX,50.000000,100,False
572110,GOLD29MAR27200500PE,GOLD,29MAR2027,20050000.000000,1,OPTFUT,MCX,50.000000,100,False
572122,GOLD29MAR27206500PE,GOLD,29MAR2027,20650000.000000,1,OPTFUT,MCX,50.000000,100,False
572125,GOLD29MAR27208000PE,GOLD,29MAR2027,20800000.000000,1,OPTFUT,MCX,50.000000,100,False
572231,SILVER28DEC26343000CE,SILVER,28DEC2026,34300000.000000,30,OPTFUT,MCX,50.000000,600,False
572244,SILVER28DEC26356000CE,SILVER,28DEC2026,35600000.000000,30,OPTFUT,MCX,50.000000,600,False
572248,SILVER28DEC26360000CE,SILVER,28DEC2026,36000000.000000,30,OPTFUT,MCX,50.000000,600,False
572257,SILVER28DEC26369000CE,SILVER,28DEC2026,36900000.000000,30,OPTFUT,MCX,50.000000,600,False
572266,SILVER25JAN27350000CE,SILVER,25JAN2027,35000000.000000,30,OPTFUT,MCX,50.000000,600,False
572268,SILVER25JAN27352000CE,SILVER,25JAN2027,35200000.000000,30,OPTFUT,MCX,50.000000,600,False
572272,SILVER25JAN27356000CE,SILVER,25JAN2027,35600000.000000,30,OPTFUT,MCX,50.000000,600,False
572297,SILVER26FEB27353000CE,SILVER,26FEB2027,35300000.000000,30,OPTFUT,MCX,50.000000,600,False
572303,SILVER26FEB27359000CE,SILVER,26FEB2027,35900000.000000,30,OPTFUT,MCX,50.000000,600,False
572306,SILVER26FEB27362000CE,SILVER,26FEB2027,36200000.000000,30,OPTFUT,MCX,50.000000,600,False
572308,SILVER26FEB27364000CE,SILVER,26FEB2027,36400000.000000,30,OPTFUT,MCX,50.000000,600,False
572309,SILVER26FEB27365000CE,SILVER,26FEB2027,36500000.000000,30,OPTFUT,MCX,50.000000,600,False
572356,SILVER28DEC26349000PE,SILVER,28DEC2026,34900000.000000,30,OPTFUT,MCX,50.000000,600,False
572365,SILVER28DEC26358000PE,SILVER,28DEC2026,35800000.000000,30,OPTFUT,MCX,50.000000,600,False
572381,SILVER25JAN27346000PE,SILVER,25JAN2027,34600000.000000,30,OPTFUT,MCX,50.000000,600,False
572383,SILVER25JAN27348000PE,SILVER,25JAN2027,34800000.000000,30,OPTFUT,MCX,50.000000,600,False
572395,SILVER25JAN27360000PE,SILVER,25JAN2027,36000000.000000,30,OPTFUT,MCX,50.000000,600,False
572419,SILVER26FEB27356000PE,SILVER,26FEB2027,35600000.000000,30,OPTFUT,MCX,50.000000,600,False
572420,SILVER26FEB27357000PE,SILVER,26FEB2027,35700000.000000,30,OPTFUT,MCX,50.000000,600,False
572455,SILVERM27OCT26356000CE,SILVERM,27OCT2026,35600000.000000,5,OPTFUT,MCX,50.000000,600,False
572458,SILVERM23NOV26354000CE,SILVERM,23NOV2026,35400000.000000,5,OPTFUT,MCX,50.000000,600,False
572482,SILVERM28DEC26360000CE,SILVERM,28DEC2026,36000000.000000,5,OPTFUT,MCX,50.000000,600,False
572518,SILVERM25JAN27367000CE,SILVERM,25JAN2027,36700000.000000,5,OPTFUT,MCX,50.000000,600,False
572538,SILVERM19FEB27358000CE,SILVERM,19FEB2027,35800000.000000,5,OPTFUT,MCX,50.000000,600,False
572568,SILVERM24SEP26357000PE,SILVERM,24SEP2026,35700000.000000,5,OPTFUT,MCX,50.000000,600,False
572571,SILVERM27OCT26355000PE,SILVERM,27OCT2026,35500000.000000,5,OPTFUT,MCX,50.000000,600,False
572627,SILVERM25JAN27359000PE,SILVERM,25JAN2027,35900000.000000,5,OPTFUT,MCX,50.000000,600,False
572647,SILVERM19FEB27350000PE,SILVERM,19FEB2027,35000000.000000,5,OPTFUT,MCX,50.000000,600,False
572652,SILVERM19FEB27355000PE,SILVERM,19FEB2027,35500000.000000,5,OPTFUT,MCX,50.000000,600,False
572653,SILVERM19FEB27356000PE,SILVERM,19FEB2027,35600000.000000,5,OPTFUT,MCX,50.000000,600,False
572659,SILVERM19FEB27362000PE,SILVERM,19FEB2027,36200000.000000,5,OPTFUT,MCX,50.000000,600,False
572663,SILVERM19FEB27366000PE,SILVERM,19FEB2027,36600000.000000,5,OPTFUT,MCX,50.000000,600,False
572664,SILVERM19FEB27367000PE,SILVERM,19FEB2027,36700000.000000,5,OPTFUT,MCX,50.000000,600,False
572776,SILVER28APR27321000CE,SILVER,28APR2027,32100000.000000,30,OPTFUT,MCX,50.000000,600,False
572783,SILVER25MAR27319000CE,SILVER,25MAR2027,31900000.000000,30,OPTFUT,MCX,50.000000,600,False
572784,SILVER25MAR27318000CE,SILVER,25MAR2027,31800000.000000,30,OPTFUT,MCX,50.000000,600,False
572814,SILVER25MAR27288000CE,SILVER,25MAR2027,28800000.000000,30,OPTFUT,MCX,50.000000,600,False
572788,SILVER25MAR27314000CE,SILVER,25MAR2027,31400000.000000,30,OPTFUT,MCX,50.000000,600,False
572811,SILVER25MAR27291000CE,SILVER,25MAR2027,29100000.000000,30,OPTFUT,MCX,50.000000,600,False
572827,SILVER25MAR27327000CE,SILVER,25MAR2027,32700000.000000,30,OPTFUT,MCX,50.000000,600,False
572832,SILVER25MAR27332000CE,SILVER,25MAR2027,33200000.000000,30,OPTFUT,MCX,50.000000,600,False
572841,SILVER25MAR27341000CE,SILVER,25MAR2027,34100000.000000,30,OPTFUT,MCX,50.000000,600,False
572865,SILVER28APR27317000CE,SILVER,28APR2027,31700000.000000,30,OPTFUT,MCX,50.000000,600,False
572891,SILVER28APR27291000CE,SILVER,28APR2027,29100000.000000,30,OPTFUT,MCX,50.000000,600,False
572905,SILVER28APR27325000CE,SILVER,28APR2027,32500000.000000,30,OPTFUT,MCX,50.000000,600,False
572916,SILVER28APR27336000CE,SILVER,28APR2027,33600000.000000,30,OPTFUT,MCX,50.000000,600,False
572928,SILVER28APR27348000CE,SILVER,28APR2027,34800000.000000,30,OPTFUT,MCX,50.000000,600,False
572930,SILVER28APR27350000CE,SILVER,28APR2027,35000000.000000,30,OPTFUT,MCX,50.000000,600,False
572945,SILVER25MAR27317000PE,SILVER,25MAR2027,31700000.000000,30,OPTFUT,MCX,50.000000,600,False
572948,SILVER25MAR27314000PE,SILVER,25MAR2027,31400000.000000,30,OPTFUT,MCX,50.000000,600,False
572954,SILVER25MAR27308000PE,SILVER,25MAR2027,30800000.000000,30,OPTFUT,MCX,50.000000,600,False
572967,SILVER25MAR27295000PE,SILVER,25MAR2027,29500000.000000,30,OPTFUT,MCX,50.000000,600,False
572973,SILVER25MAR27289000PE,SILVER,25MAR2027,28900000.000000,30,OPTFUT,MCX,50.000000,600,False
572978,SILVER25MAR27284000PE,SILVER,25MAR2027,28400000.000000,30,OPTFUT,MCX,50.000000,600,False
573010,SILVER25MAR27350000PE,SILVER,25MAR2027,35000000.000000,30,OPTFUT,MCX,50.000000,600,False
573013,SILVER25MAR27353000PE,SILVER,25MAR2027,35300000.000000,30,OPTFUT,MCX,50.000000,600,False
573053,SILVER28APR27289000PE,SILVER,28APR2027,28900000.000000,30,OPTFUT,MCX,50.000000,600,False
573014,SILVER25MAR27354000PE,SILVER,25MAR2027,35400000.000000,30,OPTFUT,MCX,50.000000,600,False
573030,SILVER28APR27312000PE,SILVER,28APR2027,31200000.000000,30,OPTFUT,MCX,50.000000,600,False
573062,SILVER28APR27322000PE,SILVER,28APR2027,32200000.000000,30,OPTFUT,MCX,50.000000,600,False
573084,SILVER28APR27344000PE,SILVER,28APR2027,34400000.000000,30,OPTFUT,MCX,50.000000,600,False
573069,SILVER28APR27329000PE,SILVER,28APR2027,32900000.000000,30,OPTFUT,MCX,50.000000,600,False
573080,SILVER28APR27340000PE,SILVER,28APR2027,34000000.000000,30,OPTFUT,MCX,50.000000,600,False
573097,SILVER28APR27357000PE,SILVER,28APR2027,35700000.000000,30,OPTFUT,MCX,50.000000,600,False
573102,SILVERM25MAR27309000CE,SILVERM,25MAR2027,30900000.000000,5,OPTFUT,MCX,50.000000,600,False
573115,SILVERM25MAR27296000CE,SILVERM,25MAR2027,29600000.000000,5,OPTFUT,MCX,50.000000,600,False
573117,SILVERM25MAR27294000CE,SILVERM,25MAR2027,29400000.000000,5,OPTFUT,MCX,50.000000,600,False
573119,SILVERM25MAR27292000CE,SILVERM,25MAR2027,29200000.000000,5,OPTFUT,MCX,50.000000,600,False
573130,SILVERM25MAR27281000CE,SILVERM,25MAR2027,28100000.000000,5,OPTFUT,MCX,50.000000,600,False
573140,SILVERM25MAR27271000CE,SILVERM,25MAR2027,27100000.000000,5,OPTFUT,MCX,50.000000,600,False
573157,SILVERM25MAR27326000CE,SILVERM,25MAR2027,32600000.000000,5,OPTFUT,MCX,50.000000,600,False
573163,SILVERM25MAR27332000CE,SILVERM,25MAR2027,33200000.000000,5,OPTFUT,MCX,50.000000,600,False
573177,SILVERM25MAR27346000CE,SILVERM,25MAR2027,34600000.000000,5,OPTFUT,MCX,50.000000,600,False
573184,SILVERM23APR27307000CE,SILVERM,23APR2027,30700000.000000,5,OPTFUT,MCX,50.000000,600,False
573196,SILVERM23APR27295000CE,SILVERM,23APR2027,29500000.000000,5,OPTFUT,MCX,50.000000,600,False
573219,SILVERM23APR27272000CE,SILVERM,23APR2027,27200000.000000,5,OPTFUT,MCX,50.000000,600,False
573221,SILVERM23APR27270000CE,SILVERM,23APR2027,27000000.000000,5,OPTFUT,MCX,50.000000,600,False
573223,SILVERM23APR27312000CE,SILVERM,23APR2027,31200000.000000,5,OPTFUT,MCX,50.000000,600,False
573227,SILVERM23APR27316000CE,SILVERM,23APR2027,31600000.000000,5,OPTFUT,MCX,50.000000,600,False
573228,SILVERM23APR27317000CE,SILVERM,23APR2027,31700000.000000,5,OPTFUT,MCX,50.000000,600,False
573238,SILVERM23APR27327000CE,SILVERM,23APR2027,32700000.000000,5,OPTFUT,MCX,50.000000,600,False
573243,SILVERM23APR27332000CE,SILVERM,23APR2027,33200000.000000,5,OPTFUT,MCX,50.000000,600,False
573300,SILVERM25MAR27271000PE,SILVERM,25MAR2027,27100000.000000,5,OPTFUT,MCX,50.000000,600,False
573302,SILVERM25MAR27311000PE,SILVERM,25MAR2027,31100000.000000,5,OPTFUT,MCX,50.000000,600,False
573304,SILVERM25MAR27313000PE,SILVERM,25MAR2027,31300000.000000,5,OPTFUT,MCX,50.000000,600,False
573306,SILVERM25MAR27315000PE,SILVERM,25MAR2027,31500000.000000,5,OPTFUT,MCX,50.000000,600,False
573311,SILVERM25MAR27320000PE,SILVERM,25MAR2027,32000000.000000,5,OPTFUT,MCX,50.000000,600,False
573317,SILVERM25MAR27326000PE,SILVERM,25MAR2027,32600000.000000,5,OPTFUT,MCX,50.000000,600,False
573322,SILVERM25MAR27331000PE,SILVERM,25MAR2027,33100000.000000,5,OPTFUT,MCX,50.000000,600,False
573349,SILVERM23APR27302000PE,SILVERM,23APR2027,30200000.000000,5,OPTFUT,MCX,50.000000,600,False
573357,SILVERM23APR27294000PE,SILVERM,23APR2027,29400000.000000,5,OPTFUT,MCX,50.000000,600,False
573368,SILVERM23APR27283000PE,SILVERM,23APR2027,28300000.000000,5,OPTFUT,MCX,50.000000,600,False
573375,SILVERM23APR27276000PE,SILVERM,23APR2027,27600000.000000,5,OPTFUT,MCX,50.000000,600,False
573380,SILVERM23APR27271000PE,SILVERM,23APR2027,27100000.000000,5,OPTFUT,MCX,50.000000,600,False
573388,SILVERM23APR27317000PE,SILVERM,23APR2027,31700000.000000,5,OPTFUT,MCX,50.000000,600,False
573392,SILVERM23APR27321000PE,SILVERM,23APR2027,32100000.000000,5,OPTFUT,MCX,50.000000,600,False
573410,SILVERM23APR27339000PE,SILVERM,23APR2027,33900000.000000,5,OPTFUT,MCX,50.000000,600,False
573418,SILVERM23APR27347000PE,SILVERM,23APR2027,34700000.000000,5,OPTFUT,MCX,50.000000,600,False
573749,SILVER25MAR27279000CE,SILVER,25MAR2027,27900000.000000,30,OPTFUT,MCX,50.000000,600,False
573752,SILVER25MAR27276000CE,SILVER,25MAR2027,27600000.000000,30,OPTFUT,MCX,50.000000,600,False
573758,SILVER25MAR27270000CE,SILVER,25MAR2027,27000000.000000,30,OPTFUT,MCX,50.000000,600,False
573762,SILVER25MAR27266000CE,SILVER,25MAR2027,26600000.000000,30,OPTFUT,MCX,50.000000,600,False
573766,SILVER25MAR27262000CE,SILVER,25MAR2027,26200000.000000,30,OPTFUT,MCX,50.000000,600,False
573770,SILVER28APR27280000CE,SILVER,28APR2027,28000000.000000,30,OPTFUT,MCX,50.000000,600,False
573774,SILVER28APR27276000CE,SILVER,28APR2027,27600000.000000,30,OPTFUT,MCX,50.000000,600,False
573782,SILVER28APR27268000CE,SILVER,28APR2027,26800000.000000,30,OPTFUT,MCX,50.000000,600,False
573783,SILVER28APR27267000CE,SILVER,28APR2027,26700000.000000,30,OPTFUT,MCX,50.000000,600,False
573790,SILVER28APR27260000CE,SILVER,28APR2027,26000000.000000,30,OPTFUT,MCX,50.000000,600,False
573791,SILVER28APR27259000CE,SILVER,28APR2027,25900000.000000,30,OPTFUT,MCX,50.000000,600,False
573799,SILVER25MAR27273000PE,SILVER,25MAR2027,27300000.000000,30,OPTFUT,MCX,50.000000,600,False
573810,SILVER25MAR27262000PE,SILVER,25MAR2027,26200000.000000,30,OPTFUT,MCX,50.000000,600,False
573817,SILVER28APR27277000PE,SILVER,28APR2027,27700000.000000,30,OPTFUT,MCX,50.000000,600,False
573825,SILVER28APR27269000PE,SILVER,28APR2027,26900000.000000,30,OPTFUT,MCX,50.000000,600,False
573833,SILVER28APR27261000PE,SILVER,28APR2027,26100000.000000,30,OPTFUT,MCX,50.000000,600,False
573836,SILVERM25MAR27269000CE,SILVERM,25MAR2027,26900000.000000,5,OPTFUT,MCX,50.000000,600,False
574,MCXALUMDEXCOM,MCXALUMDEX,,0.000000,1,COMDTY,MCX,1.000000,99999999,False
573843,SILVERM23APR27266000CE,SILVERM,23APR2027,26600000.000000,5,OPTFUT,MCX,50.000000,600,False
573844,SILVERM25MAR27269000PE,SILVERM,25MAR2027,26900000.000000,5,OPTFUT,MCX,50.000000,600,False
574191,SILVER25MAR27256000CE,SILVER,25MAR2027,25600000.000000,30,OPTFUT,MCX,50.000000,600,False
574201,SILVERM25MAR27265000CE,SILVERM,25MAR2027,26500000.000000,5,OPTFUT,MCX,50.000000,600,False
574211,SILVERM23APR27264000PE,SILVERM,23APR2027,26400000.000000,5,OPTFUT,MCX,50.000000,600,False
574845,COTTON31DEC26FUT,COTTON,31DEC2026,0.000000,25,FUTCOM,MCX,1000.000000,1200,False
574853,COPPER23SEP261350CE,COPPER,23SEP2026,135000.000000,2500,OPTFUT,MCX,1.000000,70000,False
574879,COPPER23SEP261390PE,COPPER,23SEP2026,139000.000000,2500,OPTFUT,MCX,1.000000,70000,False
574856,COPPER23SEP261320CE,COPPER,23SEP2026,132000.000000,2500,OPTFUT,MCX,1.000000,70000,False
574861,COPPER23SEP261270CE,COPPER,23SEP2026,127000.000000,2500,OPTFUT,MCX,1.000000,70000,False
574869,COPPER23SEP261460CE,COPPER,23SEP2026,146000.000000,2500,OPTFUT,MCX,1.000000,70000,False
574881,COPPER23SEP261370PE,COPPER,23SEP2026,137000.000000,2500,OPTFUT,MCX,1.000000,70000,False
574882,COPPER23SEP261360PE,COPPER,23SEP2026,136000.000000,2500,OPTFUT,MCX,1.000000,70000,False
574887,COPPER23SEP261310PE,COPPER,23SEP2026,131000.000000,2500,OPTFUT,MCX,1.000000,70000,False
574908,COPPER23SEP261550PE,COPPER,23SEP2026,155000.000000,2500,OPTFUT,MCX,1.000000,70000,False
574939,ZINC23SEP26310CE,ZINC,23SEP2026,31000.000000,5,OPTFUT,MCX,1.000000,100,False
574941,ZINC23SEP26360CE,ZINC,23SEP2026,36000.000000,5,OPTFUT,MCX,1.000000,100,False
574943,ZINC23SEP26370CE,ZINC,23SEP2026,37000.000000,5,OPTFUT,MCX,1.000000,100,False
574950,ZINC23SEP26405CE,ZINC,23SEP2026,40500.000000,5,OPTFUT,MCX,1.000000,100,False
574954,ZINC23SEP26335PE,ZINC,23SEP2026,33500.000000,5,OPTFUT,MCX,1.000000,100,False
574959,ZINC23SEP26310PE,ZINC,23SEP2026,31000.000000,5,OPTFUT,MCX,1.000000,100,False
574964,ZINC23SEP26375PE,ZINC,23SEP2026,37500.000000,5,OPTFUT,MCX,1.000000,100,False
574992,ZINC23SEP26415CE,ZINC,23SEP2026,41500.000000,5,OPTFUT,MCX,1.000000,100,False
575225,SILVER25MAR27248000CE,SILVER,25MAR2027,24800000.000000,30,OPTFUT,MCX,50.000000,600,False
575226,SILVER25MAR27247000CE,SILVER,25MAR2027,24700000.000000,30,OPTFUT,MCX,50.000000,600,False
575228,SILVER25MAR27245000CE,SILVER,25MAR2027,24500000.000000,30,OPTFUT,MCX,50.000000,600,False
575234,SILVER28APR27253000CE,SILVER,28APR2027,25300000.000000,30,OPTFUT,MCX,50.000000,600,False
575240,SILVER28APR27247000CE,SILVER,28APR2027,24700000.000000,30,OPTFUT,MCX,50.000000,600,False
575267,SILVER28APR27248000PE,SILVER,28APR2027,24800000.000000,30,OPTFUT,MCX,50.000000,600,False
575291,SILVERM23APR27261000CE,SILVERM,23APR2027,26100000.000000,5,OPTFUT,MCX,50.000000,600,False
575293,SILVERM23APR27259000CE,SILVERM,23APR2027,25900000.000000,5,OPTFUT,MCX,50.000000,600,False
575298,SILVERM23APR27254000CE,SILVERM,23APR2027,25400000.000000,5,OPTFUT,MCX,50.000000,600,False
575316,SILVERM25MAR27252000PE,SILVERM,25MAR2027,25200000.000000,5,OPTFUT,MCX,50.000000,600,False
575317,SILVERM25MAR27251000PE,SILVERM,25MAR2027,25100000.000000,5,OPTFUT,MCX,50.000000,600,False
575321,SILVERM25MAR27247000PE,SILVERM,25MAR2027,24700000.000000,5,OPTFUT,MCX,50.000000,600,False
575331,SILVERM23APR27253000PE,SILVERM,23APR2027,25300000.000000,5,OPTFUT,MCX,50.000000,600,False
575366,SILVER28APR27241000CE,SILVER,28APR2027,24100000.000000,30,OPTFUT,MCX,50.000000,600,False
575368,SILVER28APR27239000CE,SILVER,28APR2027,23900000.000000,30,OPTFUT,MCX,50.000000,600,False
575372,SILVER25MAR27239000PE,SILVER,25MAR2027,23900000.000000,30,OPTFUT,MCX,50.000000,600,False
575375,SILVER28APR27240000PE,SILVER,28APR2027,24000000.000000,30,OPTFUT,MCX,50.000000,600,False
575387,SILVERM23APR27242000CE,SILVERM,23APR2027,24200000.000000,5,OPTFUT,MCX,50.000000,600,False
575393,SILVERM23APR27246000PE,SILVERM,23APR2027,24600000.000000,5,OPTFUT,MCX,50.000000,600,False
575438,SILVER25MAR27237000PE,SILVER,25MAR2027,23700000.000000,30,OPTFUT,MCX,50.000000,600,False
575439,SILVER25MAR27236000PE,SILVER,25MAR2027,23600000.000000,30,OPTFUT,MCX,50.000000,600,False
575441,SILVER25MAR27234000PE,SILVER,25MAR2027,23400000.000000,30,OPTFUT,MCX,50.000000,600,False
575447,SILVER25MAR27228000PE,SILVER,25MAR2027,22800000.000000,30,OPTFUT,MCX,50.000000,600,False
575448,SILVER25MAR27227000PE,SILVER,25MAR2027,22700000.000000,30,OPTFUT,MCX,50.000000,600,False
575470,SILVERM25MAR27233000CE,SILVERM,25MAR2027,23300000.000000,5,OPTFUT,MCX,50.000000,600,False
575476,SILVERM23APR27237000CE,SILVERM,23APR2027,23700000.000000,5,OPTFUT,MCX,50.000000,600,False
575477,SILVERM23APR27236000CE,SILVERM,23APR2027,23600000.000000,5,OPTFUT,MCX,50.000000,600,False
575478,SILVERM23APR27235000CE,SILVERM,23APR2027,23500000.000000,5,OPTFUT,MCX,50.000000,600,False
575487,SILVERM25MAR27236000PE,SILVERM,25MAR2027,23600000.000000,5,OPTFUT,MCX,50.000000,600,False
575496,SILVERM23APR27237000PE,SILVERM,23APR2027,23700000.000000,5,OPTFUT,MCX,50.000000,600,False
575497,SILVERM23APR27236000PE,SILVERM,23APR2027,23600000.000000,5,OPTFUT,MCX,50.000000,600,False
575522,COPPER23SEP261220PE,COPPER,23SEP2026,122000.000000,2500,OPTFUT,MCX,1.000000,70000,False
575536,GOLD26FEB27137500PE,GOLD,26FEB2027,13750000.000000,1,OPTFUT,MCX,50.000000,100,False
575537,GOLD26FEB27137000PE,GOLD,26FEB2027,13700000.000000,1,OPTFUT,MCX,50.000000,100,False
575538,GOLD26FEB27136500PE,GOLD,26FEB2027,13650000.000000,1,OPTFUT,MCX,50.000000,100,False
575602,SILVER28APR27225000CE,SILVER,28APR2027,22500000.000000,30,OPTFUT,MCX,50.000000,600,False
575603,SILVER28APR27224000CE,SILVER,28APR2027,22400000.000000,30,OPTFUT,MCX,50.000000,600,False
575614,SILVER28APR27225000PE,SILVER,28APR2027,22500000.000000,30,OPTFUT,MCX,50.000000,600,False
575624,SILVERM25MAR27227000CE,SILVERM,25MAR2027,22700000.000000,5,OPTFUT,MCX,50.000000,600,False
575630,SILVERM25MAR27231000PE,SILVERM,25MAR2027,23100000.000000,5,OPTFUT,MCX,50.000000,600,False
575739,GOLD30APR27153000CE,GOLD,30APR2027,15300000.000000,1,OPTFUT,MCX,50.000000,100,False
575745,GOLD30APR27150000CE,GOLD,30APR2027,15000000.000000,1,OPTFUT,MCX,50.000000,100,False
575788,GOLD30APR27174500CE,GOLD,30APR2027,17450000.000000,1,OPTFUT,MCX,50.000000,100,False
575789,GOLD30APR27175000CE,GOLD,30APR2027,17500000.000000,1,OPTFUT,MCX,50.000000,100,False
575790,GOLD30APR27175500CE,GOLD,30APR2027,17550000.000000,1,OPTFUT,MCX,50.000000,100,False
575797,GOLD30APR27179000CE,GOLD,30APR2027,17900000.000000,1,OPTFUT,MCX,50.000000,100,False
575817,GOLD30APR27189000CE,GOLD,30APR2027,18900000.000000,1,OPTFUT,MCX,50.000000,100,False
575824,GOLD28MAY27160500CE,GOLD,28MAY2027,16050000.000000,1,OPTFUT,MCX,50.000000,100,False
575828,GOLD28MAY27158500CE,GOLD,28MAY2027,15850000.000000,1,OPTFUT,MCX,50.000000,100,False
575840,GOLD28MAY27152500CE,GOLD,28MAY2027,15250000.000000,1,OPTFUT,MCX,50.000000,100,False
575866,GOLD28MAY27139500CE,GOLD,28MAY2027,13950000.000000,1,OPTFUT,MCX,50.000000,100,False
575874,GOLD28MAY27167500CE,GOLD,28MAY2027,16750000.000000,1,OPTFUT,MCX,50.000000,100,False
575875,GOLD28MAY27168000CE,GOLD,28MAY2027,16800000.000000,1,OPTFUT,MCX,50.000000,100,False
575882,GOLD28MAY27171500CE,GOLD,28MAY2027,17150000.000000,1,OPTFUT,MCX,50.000000,100,False
575886,GOLD28MAY27173500CE,GOLD,28MAY2027,17350000.000000,1,OPTFUT,MCX,50.000000,100,False
575890,GOLD28MAY27175500CE,GOLD,28MAY2027,17550000.000000,1,OPTFUT,MCX,50.000000,100,False
575891,GOLD28MAY27176000CE,GOLD,28MAY2027,17600000.000000,1,OPTFUT,MCX,50.000000,100,False
575913,GOLD28MAY27187000CE,GOLD,28MAY2027,18700000.000000,1,OPTFUT,MCX,50.000000,100,False
575923,GOLD30APR27161000PE,GOLD,30APR2027,16100000.000000,1,OPTFUT,MCX,50.000000,100,False
575935,GOLD30APR27155000PE,GOLD,30APR2027,15500000.000000,1,OPTFUT,MCX,50.000000,100,False
575937,GOLD30APR27154000PE,GOLD,30APR2027,15400000.000000,1,OPTFUT,MCX,50.000000,100,False
575944,GOLD30APR27150500PE,GOLD,30APR2027,15050000.000000,1,OPTFUT,MCX,50.000000,100,False
575947,GOLD30APR27149000PE,GOLD,30APR2027,14900000.000000,1,OPTFUT,MCX,50.000000,100,False
575974,GOLD30APR27167500PE,GOLD,30APR2027,16750000.000000,1,OPTFUT,MCX,50.000000,100,False
575982,GOLD30APR27171500PE,GOLD,30APR2027,17150000.000000,1,OPTFUT,MCX,50.000000,100,False
576000,GOLD30APR27180500PE,GOLD,30APR2027,18050000.000000,1,OPTFUT,MCX,50.000000,100,False
576002,GOLD30APR27181500PE,GOLD,30APR2027,18150000.000000,1,OPTFUT,MCX,50.000000,100,False
576025,GOLD28MAY27160000PE,GOLD,28MAY2027,16000000.000000,1,OPTFUT,MCX,50.000000,100,False
576045,GOLD28MAY27150000PE,GOLD,28MAY2027,15000000.000000,1,OPTFUT,MCX,50.000000,100,False
576048,GOLD28MAY27148500PE,GOLD,28MAY2027,14850000.000000,1,OPTFUT,MCX,50.000000,100,False
576057,GOLD28MAY27144000PE,GOLD,28MAY2027,14400000.000000,1,OPTFUT,MCX,50.000000,100,False
576059,GOLD28MAY27143000PE,GOLD,28MAY2027,14300000.000000,1,OPTFUT,MCX,50.000000,100,False
576060,GOLD28MAY27142500PE,GOLD,28MAY2027,14250000.000000,1,OPTFUT,MCX,50.000000,100,False
576061,GOLD28MAY27142000PE,GOLD,28MAY2027,14200000.000000,1,OPTFUT,MCX,50.000000,100,False
576070,GOLD28MAY27165500PE,GOLD,28MAY2027,16550000.000000,1,OPTFUT,MCX,50.000000,100,False
576074,GOLD28MAY27167500PE,GOLD,28MAY2027,16750000.000000,1,OPTFUT,MCX,50.000000,100,False
576075,GOLD28MAY27168000PE,GOLD,28MAY2027,16800000.000000,1,OPTFUT,MCX,50.000000,100,False
576094,GOLD28MAY27177500PE,GOLD,28MAY2027,17750000.000000,1,OPTFUT,MCX,50.000000,100,False
576095,GOLD28MAY27178000PE,GOLD,28MAY2027,17800000.000000,1,OPTFUT,MCX,50.000000,100,False
576104,GOLD28MAY27182500PE,GOLD,28MAY2027,18250000.000000,1,OPTFUT,MCX,50.000000,100,False
576116,GOLD28MAY27188500PE,GOLD,28MAY2027,18850000.000000,1,OPTFUT,MCX,50.000000,100,False
576117,GOLD28MAY27189000PE,GOLD,28MAY2027,18900000.000000,1,OPTFUT,MCX,50.000000,100,False
576206,GOLD30APR27192500CE,GOLD,30APR2027,19250000.000000,1,OPTFUT,MCX,50.000000,100,False
576211,GOLD30APR27195000CE,GOLD,30APR2027,19500000.000000,1,OPTFUT,MCX,50.000000,100,False
576232,GOLD30APR27189500PE,GOLD,30APR2027,18950000.000000,1,OPTFUT,MCX,50.000000,100,False
576238,GOLD30APR27192500PE,GOLD,30APR2027,19250000.000000,1,OPTFUT,MCX,50.000000,100,False
576249,GOLD28MAY27190000PE,GOLD,28MAY2027,19000000.000000,1,OPTFUT,MCX,50.000000,100,False
576278,CRUDEOIL17SEP266650CE,CRUDEOIL,17SEP2026,665000.000000,100,OPTFUT,MCX,10.000000,10000,False
576287,CRUDEOIL17SEP266200CE,CRUDEOIL,17SEP2026,620000.000000,100,OPTFUT,MCX,10.000000,10000,False
576288,CRUDEOIL17SEP266150CE,CRUDEOIL,17SEP2026,615000.000000,100,OPTFUT,MCX,10.000000,10000,False
576293,CRUDEOIL17SEP265900CE,CRUDEOIL,17SEP2026,590000.000000,100,OPTFUT,MCX,10.000000,10000,False
576294,CRUDEOIL17SEP265850CE,CRUDEOIL,17SEP2026,585000.000000,100,OPTFUT,MCX,10.000000,10000,False
576308,CRUDEOIL17SEP265150CE,CRUDEOIL,17SEP2026,515000.000000,100,OPTFUT,MCX,10.000000,10000,False
576311,CRUDEOIL17SEP265000CE,CRUDEOIL,17SEP2026,500000.000000,100,OPTFUT,MCX,10.000000,10000,False
576320,CRUDEOIL17SEP264550CE,CRUDEOIL,17SEP2026,455000.000000,100,OPTFUT,MCX,10.000000,10000,False
576337,CRUDEOIL17SEP263700CE,CRUDEOIL,17SEP2026,370000.000000,100,OPTFUT,MCX,10.000000,10000,False
576342,CRUDEOIL17SEP263450CE,CRUDEOIL,17SEP2026,345000.000000,100,OPTFUT,MCX,10.000000,10000,False
576350,CRUDEOIL17SEP267100CE,CRUDEOIL,17SEP2026,710000.000000,100,OPTFUT,MCX,10.000000,10000,False
576367,CRUDEOIL17SEP267950CE,CRUDEOIL,17SEP2026,795000.000000,100,OPTFUT,MCX,10.000000,10000,False
576371,CRUDEOIL17SEP268150CE,CRUDEOIL,17SEP2026,815000.000000,100,OPTFUT,MCX,10.000000,10000,False
576372,CRUDEOIL17SEP268200CE,CRUDEOIL,17SEP2026,820000.000000,100,OPTFUT,MCX,10.000000,10000,False
576376,CRUDEOIL17SEP268400CE,CRUDEOIL,17SEP2026,840000.000000,100,OPTFUT,MCX,10.000000,10000,False
576380,CRUDEOIL17SEP268600CE,CRUDEOIL,17SEP2026,860000.000000,100,OPTFUT,MCX,10.000000,10000,False
576386,CRUDEOIL17SEP268900CE,CRUDEOIL,17SEP2026,890000.000000,100,OPTFUT,MCX,10.000000,10000,False
576393,CRUDEOIL17SEP269250CE,CRUDEOIL,17SEP2026,925000.000000,100,OPTFUT,MCX,10.000000,10000,False
576412,CRUDEOIL17SEP2610200CE,CRUDEOIL,17SEP2026,1020000.000000,100,OPTFUT,MCX,10.000000,10000,False
576415,CRUDEOIL17SEP2610350CE,CRUDEOIL,17SEP2026,1035000.000000,100,OPTFUT,MCX,10.000000,10000,False
576416,CRUDEOIL17SEP2610400CE,CRUDEOIL,17SEP2026,1040000.000000,100,OPTFUT,MCX,10.000000,10000,False
576427,CRUDEOIL17SEP266850PE,CRUDEOIL,17SEP2026,685000.000000,100,OPTFUT,MCX,10.000000,10000,False
576429,CRUDEOIL17SEP266750PE,CRUDEOIL,17SEP2026,675000.000000,100,OPTFUT,MCX,10.000000,10000,False
576435,CRUDEOIL17SEP266450PE,CRUDEOIL,17SEP2026,645000.000000,100,OPTFUT,MCX,10.000000,10000,False
576440,CRUDEOIL17SEP266200PE,CRUDEOIL,17SEP2026,620000.000000,100,OPTFUT,MCX,10.000000,10000,False
576456,CRUDEOIL17SEP265400PE,CRUDEOIL,17SEP2026,540000.000000,100,OPTFUT,MCX,10.000000,10000,False
576471,CRUDEOIL17SEP264650PE,CRUDEOIL,17SEP2026,465000.000000,100,OPTFUT,MCX,10.000000,10000,False
576472,CRUDEOIL17SEP264600PE,CRUDEOIL,17SEP2026,460000.000000,100,OPTFUT,MCX,10.000000,10000,False
576484,CRUDEOIL17SEP264000PE,CRUDEOIL,17SEP2026,400000.000000,100,OPTFUT,MCX,10.000000,10000,False
576494,CRUDEOIL17SEP263500PE,CRUDEOIL,17SEP2026,350000.000000,100,OPTFUT,MCX,10.000000,10000,False
576549,CRUDEOIL17SEP269400PE,CRUDEOIL,17SEP2026,940000.000000,100,OPTFUT,MCX,10.000000,10000,False
576558,CRUDEOIL17SEP269850PE,CRUDEOIL,17SEP2026,985000.000000,100,OPTFUT,MCX,10.000000,10000,False
576562,CRUDEOIL17SEP2610050PE,CRUDEOIL,17SEP2026,1005000.000000,100,OPTFUT,MCX,10.000000,10000,False
576573,CRUDEOIL17SEP2610600PE,CRUDEOIL,17SEP2026,1060000.000000,100,OPTFUT,MCX,10.000000,10000,False
576587,CRUDEOILM17SEP266550CE,CRUDEOILM,17SEP2026,655000.000000,10,OPTFUT,MCX,5.000000,10000,False
576588,CRUDEOILM17SEP266500CE,CRUDEOILM,17SEP2026,650000.000000,10,OPTFUT,MCX,5.000000,10000,False
576589,CRUDEOILM17SEP266450CE,CRUDEOILM,17SEP2026,645000.000000,10,OPTFUT,MCX,5.000000,10000,False
576590,CRUDEOILM17SEP266400CE,CRUDEOILM,17SEP2026,640000.000000,10,OPTFUT,MCX,5.000000,10000,False
576600,CRUDEOILM17SEP265900CE,CRUDEOILM,17SEP2026,590000.000000,10,OPTFUT,MCX,5.000000,10000,False
576604,CRUDEOILM17SEP265700CE,CRUDEOILM,17SEP2026,570000.000000,10,OPTFUT,MCX,5.000000,10000,False
576612,CRUDEOILM17SEP265300CE,CRUDEOILM,17SEP2026,530000.000000,10,OPTFUT,MCX,5.000000,10000,False
576621,CRUDEOILM17SEP264850CE,CRUDEOILM,17SEP2026,485000.000000,10,OPTFUT,MCX,5.000000,10000,False
576625,CRUDEOILM17SEP264650CE,CRUDEOILM,17SEP2026,465000.000000,10,OPTFUT,MCX,5.000000,10000,False
576631,CRUDEOILM17SEP264350CE,CRUDEOILM,17SEP2026,435000.000000,10,OPTFUT,MCX,5.000000,10000,False
576650,CRUDEOILM17SEP263400CE,CRUDEOILM,17SEP2026,340000.000000,10,OPTFUT,MCX,5.000000,10000,False
576661,CRUDEOILM17SEP267300CE,CRUDEOILM,17SEP2026,730000.000000,10,OPTFUT,MCX,5.000000,10000,False
576662,CRUDEOILM17SEP267350CE,CRUDEOILM,17SEP2026,735000.000000,10,OPTFUT,MCX,5.000000,10000,False
576679,CRUDEOILM17SEP268200CE,CRUDEOILM,17SEP2026,820000.000000,10,OPTFUT,MCX,5.000000,10000,False
576684,CRUDEOILM17SEP268450CE,CRUDEOILM,17SEP2026,845000.000000,10,OPTFUT,MCX,5.000000,10000,False
576692,CRUDEOILM17SEP268850CE,CRUDEOILM,17SEP2026,885000.000000,10,OPTFUT,MCX,5.000000,10000,False
576701,CRUDEOILM17SEP269300CE,CRUDEOILM,17SEP2026,930000.000000,10,OPTFUT,MCX,5.000000,10000,False
576707,CRUDEOILM17SEP269600CE,CRUDEOILM,17SEP2026,960000.000000,10,OPTFUT,MCX,5.000000,10000,False
576708,CRUDEOILM17SEP269650CE,CRUDEOILM,17SEP2026,965000.000000,10,OPTFUT,MCX,5.000000,10000,False
576709,CRUDEOILM17SEP269700CE,CRUDEOILM,17SEP2026,970000.000000,10,OPTFUT,MCX,5.000000,10000,False
576716,CRUDEOILM17SEP2610050CE,CRUDEOILM,17SEP2026,1005000.000000,10,OPTFUT,MCX,5.000000,10000,False
576717,CRUDEOILM17SEP2610100CE,CRUDEOILM,17SEP2026,1010000.000000,10,OPTFUT,MCX,5.000000,10000,False
576749,CRUDEOILM17SEP266150PE,CRUDEOILM,17SEP2026,615000.000000,10,OPTFUT,MCX,5.000000,10000,False
576750,CRUDEOILM17SEP266100PE,CRUDEOILM,17SEP2026,610000.000000,10,OPTFUT,MCX,5.000000,10000,False
576753,CRUDEOILM17SEP265950PE,CRUDEOILM,17SEP2026,595000.000000,10,OPTFUT,MCX,5.000000,10000,False
576759,CRUDEOILM17SEP265650PE,CRUDEOILM,17SEP2026,565000.000000,10,OPTFUT,MCX,5.000000,10000,False
576765,CRUDEOILM17SEP265350PE,CRUDEOILM,17SEP2026,535000.000000,10,OPTFUT,MCX,5.000000,10000,False
576778,CRUDEOILM17SEP264700PE,CRUDEOILM,17SEP2026,470000.000000,10,OPTFUT,MCX,5.000000,10000,False
576828,CRUDEOILM17SEP267950PE,CRUDEOILM,17SEP2026,795000.000000,10,OPTFUT,MCX,5.000000,10000,False
576832,CRUDEOILM17SEP268150PE,CRUDEOILM,17SEP2026,815000.000000,10,OPTFUT,MCX,5.000000,10000,False
576834,CRUDEOILM17SEP268250PE,CRUDEOILM,17SEP2026,825000.000000,10,OPTFUT,MCX,5.000000,10000,False
576839,CRUDEOILM17SEP268500PE,CRUDEOILM,17SEP2026,850000.000000,10,OPTFUT,MCX,5.000000,10000,False
576842,CRUDEOILM17SEP268650PE,CRUDEOILM,17SEP2026,865000.000000,10,OPTFUT,MCX,5.000000,10000,False
576850,CRUDEOILM17SEP269050PE,CRUDEOILM,17SEP2026,905000.000000,10,OPTFUT,MCX,5.000000,10000,False
576884,MCXBULLDEX25SEP26FUT,MCXBULLDEX,25SEP2026,0.000000,30,FUTIDX,MCX,100.000000,2400,False
576892,CRUDEOIL17SEP2610800PE,CRUDEOIL,17SEP2026,1080000.000000,100,OPTFUT,MCX,10.000000,10000,False
576893,CRUDEOIL17SEP2610850PE,CRUDEOIL,17SEP2026,1085000.000000,100,OPTFUT,MCX,10.000000,10000,False
576931,CRUDEOIL17SEP263150CE,CRUDEOIL,17SEP2026,315000.000000,100,OPTFUT,MCX,10.000000,10000,False
576954,GOLD29MAR27136000PE,GOLD,29MAR2027,13600000.000000,1,OPTFUT,MCX,50.000000,100,False
576966,SILVER25MAR27217000CE,SILVER,25MAR2027,21700000.000000,30,OPTFUT,MCX,50.000000,600,False
576967,SILVER25MAR27216000CE,SILVER,25MAR2027,21600000.000000,30,OPTFUT,MCX,50.000000,600,False
576976,SILVER28APR27217000CE,SILVER,28APR2027,21700000.000000,30,OPTFUT,MCX,50.000000,600,False
576991,SILVER25MAR27215000PE,SILVER,25MAR2027,21500000.000000,30,OPTFUT,MCX,50.000000,600,False
576995,SILVER25MAR27211000PE,SILVER,25MAR2027,21100000.000000,30,OPTFUT,MCX,50.000000,600,False
577014,SILVERM23NOV26204000CE,SILVERM,23NOV2026,20400000.000000,5,OPTFUT,MCX,50.000000,600,False
577028,SILVERM25MAR27212000CE,SILVERM,25MAR2027,21200000.000000,5,OPTFUT,MCX,50.000000,600,False
577030,SILVERM23APR27224000CE,SILVERM,23APR2027,22400000.000000,5,OPTFUT,MCX,50.000000,600,False
577038,SILVERM23APR27216000CE,SILVERM,23APR2027,21600000.000000,5,OPTFUT,MCX,50.000000,600,False
577041,SILVERM23APR27213000CE,SILVERM,23APR2027,21300000.000000,5,OPTFUT,MCX,50.000000,600,False
577064,SILVERM25MAR27212000PE,SILVERM,25MAR2027,21200000.000000,5,OPTFUT,MCX,50.000000,600,False
577076,SILVERM23APR27214000PE,SILVERM,23APR2027,21400000.000000,5,OPTFUT,MCX,50.000000,600,False
577078,SILVERM23APR27212000PE,SILVERM,23APR2027,21200000.000000,5,OPTFUT,MCX,50.000000,600,False
577147,CRUDEOIL17SEP263000CE,CRUDEOIL,17SEP2026,300000.000000,100,OPTFUT,MCX,10.000000,10000,False
577166,CRUDEOIL17SEP262900PE,CRUDEOIL,17SEP2026,290000.000000,100,OPTFUT,MCX,10.000000,10000,False
577200,GOLD31DEC26126500CE,GOLD,31DEC2026,12650000.000000,1,OPTFUT,MCX,50.000000,100,False
577215,GOLD26FEB27130500CE,GOLD,26FEB2027,13050000.000000,1,OPTFUT,MCX,50.000000,100,False
577243,GOLD30APR27132500CE,GOLD,30APR2027,13250000.000000,1,OPTFUT,MCX,50.000000,100,False
577249,GOLD28MAY27136000CE,GOLD,28MAY2027,13600000.000000,1,OPTFUT,MCX,50.000000,100,False
577285,GOLD30OCT26125000PE,GOLD,30OCT2026,12500000.000000,1,OPTFUT,MCX,50.000000,100,False
577299,GOLD26FEB27133500PE,GOLD,26FEB2027,13350000.000000,1,OPTFUT,MCX,50.000000,100,False
577302,GOLD26FEB27132000PE,GOLD,26FEB2027,13200000.000000,1,OPTFUT,MCX,50.000000,100,False
577332,GOLD30APR27133000PE,GOLD,30APR2027,13300000.000000,1,OPTFUT,MCX,50.000000,100,False
577444,SILVER24SEP26188000CE,SILVER,24SEP2026,18800000.000000,30,OPTFUT,MCX,50.000000,600,False
577447,SILVER24SEP26185000CE,SILVER,24SEP2026,18500000.000000,30,OPTFUT,MCX,50.000000,600,False
577455,SILVER27OCT26192000CE,SILVER,27OCT2026,19200000.000000,30,OPTFUT,MCX,50.000000,600,False
577481,SILVER28DEC26203000CE,SILVER,28DEC2026,20300000.000000,30,OPTFUT,MCX,50.000000,600,False
577482,SILVER28DEC26202000CE,SILVER,28DEC2026,20200000.000000,30,OPTFUT,MCX,50.000000,600,False
577504,SILVER25JAN27198000CE,SILVER,25JAN2027,19800000.000000,30,OPTFUT,MCX,50.000000,600,False
577506,SILVER25JAN27196000CE,SILVER,25JAN2027,19600000.000000,30,OPTFUT,MCX,50.000000,600,False
577508,SILVER25JAN27194000CE,SILVER,25JAN2027,19400000.000000,30,OPTFUT,MCX,50.000000,600,False
577509,SILVER25JAN27193000CE,SILVER,25JAN2027,19300000.000000,30,OPTFUT,MCX,50.000000,600,False
577520,SILVER26FEB27200000CE,SILVER,26FEB2027,20000000.000000,30,OPTFUT,MCX,50.000000,600,False
577547,SILVER25MAR27196000CE,SILVER,25MAR2027,19600000.000000,30,OPTFUT,MCX,50.000000,600,False
577537,SILVER25MAR27206000CE,SILVER,25MAR2027,20600000.000000,30,OPTFUT,MCX,50.000000,600,False
577539,SILVER25MAR27204000CE,SILVER,25MAR2027,20400000.000000,30,OPTFUT,MCX,50.000000,600,False
577554,SILVER28APR27209000CE,SILVER,28APR2027,20900000.000000,30,OPTFUT,MCX,50.000000,600,False
577559,SILVER28APR27204000CE,SILVER,28APR2027,20400000.000000,30,OPTFUT,MCX,50.000000,600,False
577556,SILVER28APR27207000CE,SILVER,28APR2027,20700000.000000,30,OPTFUT,MCX,50.000000,600,False
577558,SILVER28APR27205000CE,SILVER,28APR2027,20500000.000000,30,OPTFUT,MCX,50.000000,600,False
577608,SILVER24SEP26189000PE,SILVER,24SEP2026,18900000.000000,30,OPTFUT,MCX,50.000000,600,False
577616,SILVER27OCT26196000PE,SILVER,27OCT2026,19600000.000000,30,OPTFUT,MCX,50.000000,600,False
577623,SILVER27OCT26189000PE,SILVER,27OCT2026,18900000.000000,30,OPTFUT,MCX,50.000000,600,False
577626,SILVER27OCT26186000PE,SILVER,27OCT2026,18600000.000000,30,OPTFUT,MCX,50.000000,600,False
577636,SILVER27NOV26191000PE,SILVER,27NOV2026,19100000.000000,30,OPTFUT,MCX,50.000000,600,False
577639,SILVER27NOV26188000PE,SILVER,27NOV2026,18800000.000000,30,OPTFUT,MCX,50.000000,600,False
577642,SILVER27NOV26185000PE,SILVER,27NOV2026,18500000.000000,30,OPTFUT,MCX,50.000000,600,False
577650,SILVER28DEC26199000PE,SILVER,28DEC2026,19900000.000000,30,OPTFUT,MCX,50.000000,600,False
577651,SILVER28DEC26198000PE,SILVER,28DEC2026,19800000.000000,30,OPTFUT,MCX,50.000000,600,False
577680,SILVER25JAN27187000PE,SILVER,25JAN2027,18700000.000000,30,OPTFUT,MCX,50.000000,600,False
577687,SILVER26FEB27198000PE,SILVER,26FEB2027,19800000.000000,30,OPTFUT,MCX,50.000000,600,False
577689,SILVER26FEB27196000PE,SILVER,26FEB2027,19600000.000000,30,OPTFUT,MCX,50.000000,600,False
577695,SILVER26FEB27190000PE,SILVER,26FEB2027,19000000.000000,30,OPTFUT,MCX,50.000000,600,False
577703,SILVER25MAR27205000PE,SILVER,25MAR2027,20500000.000000,30,OPTFUT,MCX,50.000000,600,False
577711,SILVER25MAR27197000PE,SILVER,25MAR2027,19700000.000000,30,OPTFUT,MCX,50.000000,600,False
577721,SILVER28APR27207000PE,SILVER,28APR2027,20700000.000000,30,OPTFUT,MCX,50.000000,600,False
577732,SILVER28APR27196000PE,SILVER,28APR2027,19600000.000000,30,OPTFUT,MCX,50.000000,600,False
577734,SILVER28APR27194000PE,SILVER,28APR2027,19400000.000000,30,OPTFUT,MCX,50.000000,600,False
577785,SILVERM27OCT26201000CE,SILVERM,27OCT2026,20100000.000000,5,OPTFUT,MCX,50.000000,600,False
577787,SILVERM27OCT26199000CE,SILVERM,27OCT2026,19900000.000000,5,OPTFUT,MCX,50.000000,600,False
577788,SILVERM27OCT26198000CE,SILVERM,27OCT2026,19800000.000000,5,OPTFUT,MCX,50.000000,600,False
577790,SILVERM27OCT26196000CE,SILVERM,27OCT2026,19600000.000000,5,OPTFUT,MCX,50.000000,600,False
577792,SILVERM27OCT26194000CE,SILVERM,27OCT2026,19400000.000000,5,OPTFUT,MCX,50.000000,600,False
577798,SILVERM27OCT26188000CE,SILVERM,27OCT2026,18800000.000000,5,OPTFUT,MCX,50.000000,600,False
577804,SILVERM23NOV26198000CE,SILVERM,23NOV2026,19800000.000000,5,OPTFUT,MCX,50.000000,600,False
577810,SILVERM23NOV26192000CE,SILVERM,23NOV2026,19200000.000000,5,OPTFUT,MCX,50.000000,600,False
577830,SILVERM25JAN27210000CE,SILVERM,25JAN2027,21000000.000000,5,OPTFUT,MCX,50.000000,600,False
577836,SILVERM25JAN27204000CE,SILVERM,25JAN2027,20400000.000000,5,OPTFUT,MCX,50.000000,600,False
577840,SILVERM25JAN27200000CE,SILVERM,25JAN2027,20000000.000000,5,OPTFUT,MCX,50.000000,600,False
577843,SILVERM25JAN27197000CE,SILVERM,25JAN2027,19700000.000000,5,OPTFUT,MCX,50.000000,600,False
577849,SILVERM19FEB27206000CE,SILVERM,19FEB2027,20600000.000000,5,OPTFUT,MCX,50.000000,600,False
577852,SILVERM19FEB27203000CE,SILVERM,19FEB2027,20300000.000000,5,OPTFUT,MCX,50.000000,600,False
577855,SILVERM19FEB27200000CE,SILVERM,19FEB2027,20000000.000000,5,OPTFUT,MCX,50.000000,600,False
577865,SILVERM25MAR27206000CE,SILVERM,25MAR2027,20600000.000000,5,OPTFUT,MCX,50.000000,600,False
577930,SILVERM27OCT26195000PE,SILVERM,27OCT2026,19500000.000000,5,OPTFUT,MCX,50.000000,600,False
577939,SILVERM23NOV26202000PE,SILVERM,23NOV2026,20200000.000000,5,OPTFUT,MCX,50.000000,600,False
577949,SILVERM23NOV26192000PE,SILVERM,23NOV2026,19200000.000000,5,OPTFUT,MCX,50.000000,600,False
577951,SILVERM23NOV26190000PE,SILVERM,23NOV2026,19000000.000000,5,OPTFUT,MCX,50.000000,600,False
577957,SILVERM28DEC26207000PE,SILVERM,28DEC2026,20700000.000000,5,OPTFUT,MCX,50.000000,600,False
577980,SILVERM25JAN27199000PE,SILVERM,25JAN2027,19900000.000000,5,OPTFUT,MCX,50.000000,600,False
577981,SILVERM25JAN27198000PE,SILVERM,25JAN2027,19800000.000000,5,OPTFUT,MCX,50.000000,600,False
577987,SILVERM19FEB27207000PE,SILVERM,19FEB2027,20700000.000000,5,OPTFUT,MCX,50.000000,600,False
577998,SILVERM19FEB27196000PE,SILVERM,19FEB2027,19600000.000000,5,OPTFUT,MCX,50.000000,600,False
578005,SILVERM25MAR27205000PE,SILVERM,25MAR2027,20500000.000000,5,OPTFUT,MCX,50.000000,600,False
578013,SILVERM23APR27206000PE,SILVERM,23APR2027,20600000.000000,5,OPTFUT,MCX,50.000000,600,False
578049,CRUDEOILM17SEP263050PE,CRUDEOILM,17SEP2026,305000.000000,10,OPTFUT,MCX,5.000000,10000,False
578083,MCXBULLDEX25SEP2632300CE,MCXBULLDEX,25SEP2026,3230000.000000,30,OPTIDX,MCX,5.000000,900,False
578088,MCXBULLDEX25SEP2631800CE,MCXBULLDEX,25SEP2026,3180000.000000,30,OPTIDX,MCX,5.000000,900,False
578092,MCXBULLDEX25SEP2631400CE,MCXBULLDEX,25SEP2026,3140000.000000,30,OPTIDX,MCX,5.000000,900,False
578102,MCXBULLDEX25SEP2630400CE,MCXBULLDEX,25SEP2026,3040000.000000,30,OPTIDX,MCX,5.000000,900,False
578120,MCXBULLDEX25SEP2633100CE,MCXBULLDEX,25SEP2026,3310000.000000,30,OPTIDX,MCX,5.000000,900,False
578129,MCXBULLDEX25SEP2634000CE,MCXBULLDEX,25SEP2026,3400000.000000,30,OPTIDX,MCX,5.000000,900,False
578145,MCXBULLDEX25SEP2635600CE,MCXBULLDEX,25SEP2026,3560000.000000,30,OPTIDX,MCX,5.000000,900,False
578223,MCXBULLDEX25SEP2633600PE,MCXBULLDEX,25SEP2026,3360000.000000,30,OPTIDX,MCX,5.000000,900,False
578237,MCXBULLDEX25SEP2635000PE,MCXBULLDEX,25SEP2026,3500000.000000,30,OPTIDX,MCX,5.000000,900,False
578239,MCXBULLDEX25SEP2635200PE,MCXBULLDEX,25SEP2026,3520000.000000,30,OPTIDX,MCX,5.000000,900,False
578241,MCXBULLDEX25SEP2635400PE,MCXBULLDEX,25SEP2026,3540000.000000,30,OPTIDX,MCX,5.000000,900,False
578264,NATURALGAS23SEP26300CE,NATURALGAS,23SEP2026,30000.000000,1250,OPTFUT,MCX,5.000000,60000,False
578274,NATURALGAS23SEP26250CE,NATURALGAS,23SEP2026,25000.000000,1250,OPTFUT,MCX,5.000000,60000,False
578278,NATURALGAS23SEP26230CE,NATURALGAS,23SEP2026,23000.000000,1250,OPTFUT,MCX,5.000000,60000,False
578288,NATURALGAS23SEP26180CE,NATURALGAS,23SEP2026,18000.000000,1250,OPTFUT,MCX,5.000000,60000,False
578297,NATURALGAS23SEP26135CE,NATURALGAS,23SEP2026,13500.000000,1250,OPTFUT,MCX,5.000000,60000,False
578302,NATURALGAS23SEP26110CE,NATURALGAS,23SEP2026,11000.000000,1250,OPTFUT,MCX,5.000000,60000,False
578315,NATURALGAS23SEP26375CE,NATURALGAS,23SEP2026,37500.000000,1250,OPTFUT,MCX,5.000000,60000,False
578337,NATURALGAS23SEP26485CE,NATURALGAS,23SEP2026,48500.000000,1250,OPTFUT,MCX,5.000000,60000,False
578377,NATURALGAS23SEP26135PE,NATURALGAS,23SEP2026,13500.000000,1250,OPTFUT,MCX,5.000000,60000,False
578381,NATURALGAS23SEP26115PE,NATURALGAS,23SEP2026,11500.000000,1250,OPTFUT,MCX,5.000000,60000,False
578391,NATURALGAS23SEP26355PE,NATURALGAS,23SEP2026,35500.000000,1250,OPTFUT,MCX,5.000000,60000,False
578399,NATURALGAS23SEP26395PE,NATURALGAS,23SEP2026,39500.000000,1250,OPTFUT,MCX,5.000000,60000,False
578401,NATURALGAS23SEP26405PE,NATURALGAS,23SEP2026,40500.000000,1250,OPTFUT,MCX,5.000000,60000,False
578408,NATURALGAS23SEP26440PE,NATURALGAS,23SEP2026,44000.000000,1250,OPTFUT,MCX,5.000000,60000,False
578411,NATURALGAS23SEP26455PE,NATURALGAS,23SEP2026,45500.000000,1250,OPTFUT,MCX,5.000000,60000,False
578414,NATURALGAS23SEP26470PE,NATURALGAS,23SEP2026,47000.000000,1250,OPTFUT,MCX,5.000000,60000,False
578429,NATGASMINI23SEP26275CE,NATGASMINI,23SEP2026,27500.000000,250,OPTFUT,MCX,5.000000,60000,False
578440,NATGASMINI23SEP26220CE,NATGASMINI,23SEP2026,22000.000000,250,OPTFUT,MCX,5.000000,60000,False
578447,NATGASMINI23SEP26185CE,NATGASMINI,23SEP2026,18500.000000,250,OPTFUT,MCX,5.000000,60000,False
578465,NATGASMINI23SEP26325CE,NATGASMINI,23SEP2026,32500.000000,250,OPTFUT,MCX,5.000000,60000,False
578472,NATGASMINI23SEP26360CE,NATGASMINI,23SEP2026,36000.000000,250,OPTFUT,MCX,5.000000,60000,False
578473,NATGASMINI23SEP26365CE,NATGASMINI,23SEP2026,36500.000000,250,OPTFUT,MCX,5.000000,60000,False
578474,NATGASMINI23SEP26370CE,NATGASMINI,23SEP2026,37000.000000,250,OPTFUT,MCX,5.000000,60000,False
578480,NATGASMINI23SEP26400CE,NATGASMINI,23SEP2026,40000.000000,250,OPTFUT,MCX,5.000000,60000,False
578481,NATGASMINI23SEP26405CE,NATGASMINI,23SEP2026,40500.000000,250,OPTFUT,MCX,5.000000,60000,False
578482,NATGASMINI23SEP26410CE,NATGASMINI,23SEP2026,41000.000000,250,OPTFUT,MCX,5.000000,60000,False
578484,NATGASMINI23SEP26420CE,NATGASMINI,23SEP2026,42000.000000,250,OPTFUT,MCX,5.000000,60000,False
578485,NATGASMINI23SEP26425CE,NATGASMINI,23SEP2026,42500.000000,250,OPTFUT,MCX,5.000000,60000,False
578491,NATGASMINI23SEP26455CE,NATGASMINI,23SEP2026,45500.000000,250,OPTFUT,MCX,5.000000,60000,False
578512,NATGASMINI23SEP26260PE,NATGASMINI,23SEP2026,26000.000000,250,OPTFUT,MCX,5.000000,60000,False
578522,NATGASMINI23SEP26210PE,NATGASMINI,23SEP2026,21000.000000,250,OPTFUT,MCX,5.000000,60000,False
578564,NATGASMINI23SEP26420PE,NATGASMINI,23SEP2026,42000.000000,250,OPTFUT,MCX,5.000000,60000,False
578572,NATGASMINI23SEP26460PE,NATGASMINI,23SEP2026,46000.000000,250,OPTFUT,MCX,5.000000,60000,False
578575,NATGASMINI23SEP26475PE,NATGASMINI,23SEP2026,47500.000000,250,OPTFUT,MCX,5.000000,60000,False
578583,MCXBULLDEX25SEP2636200CE,MCXBULLDEX,25SEP2026,3620000.000000,30,OPTIDX,MCX,5.000000,900,False
578589,MCXBULLDEX25SEP2636200PE,MCXBULLDEX,25SEP2026,3620000.000000,30,OPTIDX,MCX,5.000000,900,False
578591,MCXBULLDEX25SEP2636400PE,MCXBULLDEX,25SEP2026,3640000.000000,30,OPTIDX,MCX,5.000000,900,False
578601,NATURALGAS23SEP26515CE,NATURALGAS,23SEP2026,51500.000000,1250,OPTFUT,MCX,5.000000,60000,False
578605,CRUDEOILM17SEP262850CE,CRUDEOILM,17SEP2026,285000.000000,10,OPTFUT,MCX,5.000000,10000,False
578625,NATURALGAS23SEP26105CE,NATURALGAS,23SEP2026,10500.000000,1250,OPTFUT,MCX,5.000000,60000,False
578664,COPPER23OCT261170CE,COPPER,23OCT2026,117000.000000,2500,OPTFUT,MCX,1.000000,70000,False
578668,COPPER23OCT261340CE,COPPER,23OCT2026,134000.000000,2500,OPTFUT,MCX,1.000000,70000,False
578709,COPPER23OCT261450PE,COPPER,23OCT2026,145000.000000,2500,OPTFUT,MCX,1.000000,70000,False
578710,COPPER23OCT261460PE,COPPER,23OCT2026,146000.000000,2500,OPTFUT,MCX,1.000000,70000,False
578717,ZINC23OCT26320CE,ZINC,23OCT2026,32000.000000,5,OPTFUT,MCX,1.000000,100,False
578741,ZINC23OCT26360PE,ZINC,23OCT2026,36000.000000,5,OPTFUT,MCX,1.000000,100,False
578767,NATURALGAS23SEP26100CE,NATURALGAS,23SEP2026,10000.000000,1250,OPTFUT,MCX,5.000000,60000,False
578788,GOLDM25SEP26148000CE,GOLDM,25SEP2026,14800000.000000,100,OPTFUT,MCX,50.000000,10000,False
578790,GOLDM25SEP26147000CE,GOLDM,25SEP2026,14700000.000000,100,OPTFUT,MCX,50.000000,10000,False
578794,GOLDM25SEP26145000CE,GOLDM,25SEP2026,14500000.000000,100,OPTFUT,MCX,50.000000,10000,False
578809,GOLDM25SEP26137500CE,GOLDM,25SEP2026,13750000.000000,100,OPTFUT,MCX,50.000000,10000,False
578815,GOLDM25SEP26134500CE,GOLDM,25SEP2026,13450000.000000,100,OPTFUT,MCX,50.000000,10000,False
578825,GOLDM25SEP26129500CE,GOLDM,25SEP2026,12950000.000000,100,OPTFUT,MCX,50.000000,10000,False
578833,GOLDM25SEP26125500CE,GOLDM,25SEP2026,12550000.000000,100,OPTFUT,MCX,50.000000,10000,False
578842,GOLDM25SEP26155000CE,GOLDM,25SEP2026,15500000.000000,100,OPTFUT,MCX,50.000000,10000,False
578844,GOLDM25SEP26156000CE,GOLDM,25SEP2026,15600000.000000,100,OPTFUT,MCX,50.000000,10000,False
578849,GOLDM25SEP26158500CE,GOLDM,25SEP2026,15850000.000000,100,OPTFUT,MCX,50.000000,10000,False
578852,GOLDM25SEP26160000CE,GOLDM,25SEP2026,16000000.000000,100,OPTFUT,MCX,50.000000,10000,False
578862,GOLDM25SEP26165000CE,GOLDM,25SEP2026,16500000.000000,100,OPTFUT,MCX,50.000000,10000,False
578870,GOLDM25SEP26169000CE,GOLDM,25SEP2026,16900000.000000,100,OPTFUT,MCX,50.000000,10000,False
578872,GOLDM25SEP26170000CE,GOLDM,25SEP2026,17000000.000000,100,OPTFUT,MCX,50.000000,10000,False
578881,GOLDM25SEP26174500CE,GOLDM,25SEP2026,17450000.000000,100,OPTFUT,MCX,50.000000,10000,False
578885,GOLDM25SEP26149500PE,GOLDM,25SEP2026,14950000.000000,100,OPTFUT,MCX,50.000000,10000,False
578889,GOLDM25SEP26147500PE,GOLDM,25SEP2026,14750000.000000,100,OPTFUT,MCX,50.000000,10000,False
578910,GOLDM25SEP26137000PE,GOLDM,25SEP2026,13700000.000000,100,OPTFUT,MCX,50.000000,10000,False
578914,GOLDM25SEP26135000PE,GOLDM,25SEP2026,13500000.000000,100,OPTFUT,MCX,50.000000,10000,False
578915,GOLDM25SEP26134500PE,GOLDM,25SEP2026,13450000.000000,100,OPTFUT,MCX,50.000000,10000,False
578934,GOLDM25SEP26151000PE,GOLDM,25SEP2026,15100000.000000,100,OPTFUT,MCX,50.000000,10000,False
578938,GOLDM25SEP26153000PE,GOLDM,25SEP2026,15300000.000000,100,OPTFUT,MCX,50.000000,10000,False
578942,GOLDM25SEP26155000PE,GOLDM,25SEP2026,15500000.000000,100,OPTFUT,MCX,50.000000,10000,False
578954,GOLDM25SEP26161000PE,GOLDM,25SEP2026,16100000.000000,100,OPTFUT,MCX,50.000000,10000,False
579019,GOLDM25SEP26122000CE,GOLDM,25SEP2026,12200000.000000,100,OPTFUT,MCX,50.000000,10000,False
579030,NATURALGAS23SEP2690PE,NATURALGAS,23SEP2026,9000.000000,1250,OPTFUT,MCX,5.000000,60000,False
579057,GOLDM25SEP26121500PE,GOLDM,25SEP2026,12150000.000000,100,OPTFUT,MCX,50.000000,10000,False
579091,CRUDEOIL17SEP2611050PE,CRUDEOIL,17SEP2026,1105000.000000,100,OPTFUT,MCX,10.000000,10000,False
579102,GOLD25SEP26117500CE,GOLD,25SEP2026,11750000.000000,1,OPTFUT,MCX,50.000000,100,False
579107,GOLD30OCT26121500CE,GOLD,30OCT2026,12150000.000000,1,OPTFUT,MCX,50.000000,100,False
579112,GOLD27NOV26122500CE,GOLD,27NOV2026,12250000.000000,1,OPTFUT,MCX,50.000000,100,False
579132,GOLD29JAN27122500CE,GOLD,29JAN2027,12250000.000000,1,OPTFUT,MCX,50.000000,100,False
579136,GOLD26FEB27127000CE,GOLD,26FEB2027,12700000.000000,1,OPTFUT,MCX,50.000000,100,False
579137,GOLD26FEB27126500CE,GOLD,26FEB2027,12650000.000000,1,OPTFUT,MCX,50.000000,100,False
579151,GOLD30APR27130000CE,GOLD,30APR2027,13000000.000000,1,OPTFUT,MCX,50.000000,100,False
579153,GOLD30APR27129000CE,GOLD,30APR2027,12900000.000000,1,OPTFUT,MCX,50.000000,100,False
579182,GOLD27NOV26123500PE,GOLD,27NOV2026,12350000.000000,1,OPTFUT,MCX,50.000000,100,False
579193,GOLD31DEC26124000PE,GOLD,31DEC2026,12400000.000000,1,OPTFUT,MCX,50.000000,100,False
579210,GOLD26FEB27126000PE,GOLD,26FEB2027,12600000.000000,1,OPTFUT,MCX,50.000000,100,False
579215,GOLD29MAR27127500PE,GOLD,29MAR2027,12750000.000000,1,OPTFUT,MCX,50.000000,100,False
579233,GOLD28MAY27129000PE,GOLD,28MAY2027,12900000.000000,1,OPTFUT,MCX,50.000000,100,False
579244,GOLDM25SEP26119500CE,GOLDM,25SEP2026,11950000.000000,100,OPTFUT,MCX,50.000000,10000,False
579253,GOLDM25SEP26120500PE,GOLDM,25SEP2026,12050000.000000,100,OPTFUT,MCX,50.000000,10000,False
579261,SILVERM25MAR27202000CE,SILVERM,25MAR2027,20200000.000000,5,OPTFUT,MCX,50.000000,600,False
579264,SILVERM23APR27201000CE,SILVERM,23APR2027,20100000.000000,5,OPTFUT,MCX,50.000000,600,False
579271,CRUDEOILM17SEP2611050CE,CRUDEOILM,17SEP2026,1105000.000000,10,OPTFUT,MCX,5.000000,10000,False
579278,CRUDEOILM17SEP2611150PE,CRUDEOILM,17SEP2026,1115000.000000,10,OPTFUT,MCX,5.000000,10000,False
579289,COPPER23OCT261510CE,COPPER,23OCT2026,151000.000000,2500,OPTFUT,MCX,1.000000,70000,False
579298,ZINC23OCT26420CE,ZINC,23OCT2026,42000.000000,5,OPTFUT,MCX,1.000000,100,False
579300,CRUDEOILM17SEP2611200CE,CRUDEOILM,17SEP2026,1120000.000000,10,OPTFUT,MCX,5.000000,10000,False
579302,CRUDEOILM17SEP2611200PE,CRUDEOILM,17SEP2026,1120000.000000,10,OPTFUT,MCX,5.000000,10000,False
579306,SILVER26MAY27239000CE,SILVER,26MAY2027,23900000.000000,30,OPTFUT,MCX,50.000000,600,False
579346,GOLD28MAY27126000PE,GOLD,28MAY2027,12600000.000000,1,OPTFUT,MCX,50.000000,100,False
579308,SILVER28JUN27239000CE,SILVER,28JUN2027,23900000.000000,30,OPTFUT,MCX,50.000000,600,False
579320,GOLD26FEB27123500CE,GOLD,26FEB2027,12350000.000000,1,OPTFUT,MCX,50.000000,100,False
579336,GOLD26FEB27123500PE,GOLD,26FEB2027,12350000.000000,1,OPTFUT,MCX,50.000000,100,False
579364,SILVER26MAY27222000CE,SILVER,26MAY2027,22200000.000000,30,OPTFUT,MCX,50.000000,600,False
579366,SILVER26MAY27220000CE,SILVER,26MAY2027,22000000.000000,30,OPTFUT,MCX,50.000000,600,False
579375,SILVER26MAY27211000CE,SILVER,26MAY2027,21100000.000000,30,OPTFUT,MCX,50.000000,600,False
579376,SILVER26MAY27210000CE,SILVER,26MAY2027,21000000.000000,30,OPTFUT,MCX,50.000000,600,False
579395,SILVER26MAY27247000CE,SILVER,26MAY2027,24700000.000000,30,OPTFUT,MCX,50.000000,600,False
579397,SILVER26MAY27249000CE,SILVER,26MAY2027,24900000.000000,30,OPTFUT,MCX,50.000000,600,False
579467,SILVER28JUN27199000CE,SILVER,28JUN2027,19900000.000000,30,OPTFUT,MCX,50.000000,600,False
579468,SILVER28JUN27240000CE,SILVER,28JUN2027,24000000.000000,30,OPTFUT,MCX,50.000000,600,False
579481,SILVER28JUN27253000CE,SILVER,28JUN2027,25300000.000000,30,OPTFUT,MCX,50.000000,600,False
579495,SILVER28JUN27267000CE,SILVER,28JUN2027,26700000.000000,30,OPTFUT,MCX,50.000000,600,False
579503,SILVER28JUN27275000CE,SILVER,28JUN2027,27500000.000000,30,OPTFUT,MCX,50.000000,600,False
579536,SILVER26MAY27210000PE,SILVER,26MAY2027,21000000.000000,30,OPTFUT,MCX,50.000000,600,False
579543,SILVER26MAY27203000PE,SILVER,26MAY2027,20300000.000000,30,OPTFUT,MCX,50.000000,600,False
579562,SILVER26MAY27254000PE,SILVER,26MAY2027,25400000.000000,30,OPTFUT,MCX,50.000000,600,False
579570,SILVER26MAY27262000PE,SILVER,26MAY2027,26200000.000000,30,OPTFUT,MCX,50.000000,600,False
579579,SILVER26MAY27271000PE,SILVER,26MAY2027,27100000.000000,30,OPTFUT,MCX,50.000000,600,False
579593,SILVER28JUN27233000PE,SILVER,28JUN2027,23300000.000000,30,OPTFUT,MCX,50.000000,600,False
579608,SILVER28JUN27218000PE,SILVER,28JUN2027,21800000.000000,30,OPTFUT,MCX,50.000000,600,False
579619,SILVER28JUN27207000PE,SILVER,28JUN2027,20700000.000000,30,OPTFUT,MCX,50.000000,600,False
579627,SILVER28JUN27199000PE,SILVER,28JUN2027,19900000.000000,30,OPTFUT,MCX,50.000000,600,False
579633,SILVER28JUN27245000PE,SILVER,28JUN2027,24500000.000000,30,OPTFUT,MCX,50.000000,600,False
579635,SILVER28JUN27247000PE,SILVER,28JUN2027,24700000.000000,30,OPTFUT,MCX,50.000000,600,False
579640,SILVER28JUN27252000PE,SILVER,28JUN2027,25200000.000000,30,OPTFUT,MCX,50.000000,600,False
579644,SILVER28JUN27256000PE,SILVER,28JUN2027,25600000.000000,30,OPTFUT,MCX,50.000000,600,False
579653,SILVER28JUN27265000PE,SILVER,28JUN2027,26500000.000000,30,OPTFUT,MCX,50.000000,600,False
579681,SILVERM26MAY27231000CE,SILVERM,26MAY2027,23100000.000000,5,OPTFUT,MCX,50.000000,600,False
579687,SILVERM26MAY27225000CE,SILVERM,26MAY2027,22500000.000000,5,OPTFUT,MCX,50.000000,600,False
579697,SILVERM26MAY27215000CE,SILVERM,26MAY2027,21500000.000000,5,OPTFUT,MCX,50.000000,600,False
579701,SILVERM26MAY27211000CE,SILVERM,26MAY2027,21100000.000000,5,OPTFUT,MCX,50.000000,600,False
579707,SILVERM26MAY27205000CE,SILVERM,26MAY2027,20500000.000000,5,OPTFUT,MCX,50.000000,600,False
579714,SILVERM26MAY27248000CE,SILVERM,26MAY2027,24800000.000000,5,OPTFUT,MCX,50.000000,600,False
579728,SILVERM26MAY27262000CE,SILVERM,26MAY2027,26200000.000000,5,OPTFUT,MCX,50.000000,600,False
579730,SILVERM26MAY27264000CE,SILVERM,26MAY2027,26400000.000000,5,OPTFUT,MCX,50.000000,600,False
579735,SILVERM26MAY27269000CE,SILVERM,26MAY2027,26900000.000000,5,OPTFUT,MCX,50.000000,600,False
579738,SILVERM26MAY27272000CE,SILVERM,26MAY2027,27200000.000000,5,OPTFUT,MCX,50.000000,600,False
579744,SILVERM26MAY27278000CE,SILVERM,26MAY2027,27800000.000000,5,OPTFUT,MCX,50.000000,600,False
579748,SILVERM26MAY27282000CE,SILVERM,26MAY2027,28200000.000000,5,OPTFUT,MCX,50.000000,600,False
579793,SILVERM23JUN27247000CE,SILVERM,23JUN2027,24700000.000000,5,OPTFUT,MCX,50.000000,600,False
579830,SILVERM25MAR27200000PE,SILVERM,25MAR2027,20000000.000000,5,OPTFUT,MCX,50.000000,600,False
579847,SILVERM26MAY27227000PE,SILVERM,26MAY2027,22700000.000000,5,OPTFUT,MCX,50.000000,600,False
579855,SILVERM26MAY27219000PE,SILVERM,26MAY2027,21900000.000000,5,OPTFUT,MCX,50.000000,600,False
579859,SILVERM26MAY27215000PE,SILVERM,26MAY2027,21500000.000000,5,OPTFUT,MCX,50.000000,600,False
579863,SILVERM26MAY27211000PE,SILVERM,26MAY2027,21100000.000000,5,OPTFUT,MCX,50.000000,600,False
579869,SILVERM26MAY27205000PE,SILVERM,26MAY2027,20500000.000000,5,OPTFUT,MCX,50.000000,600,False
579871,SILVERM26MAY27203000PE,SILVERM,26MAY2027,20300000.000000,5,OPTFUT,MCX,50.000000,600,False
579873,SILVERM26MAY27245000PE,SILVERM,26MAY2027,24500000.000000,5,OPTFUT,MCX,50.000000,600,False
579879,SILVERM26MAY27251000PE,SILVERM,26MAY2027,25100000.000000,5,OPTFUT,MCX,50.000000,600,False
579883,SILVERM26MAY27255000PE,SILVERM,26MAY2027,25500000.000000,5,OPTFUT,MCX,50.000000,600,False
579885,SILVERM26MAY27257000PE,SILVERM,26MAY2027,25700000.000000,5,OPTFUT,MCX,50.000000,600,False
579893,SILVERM26MAY27265000PE,SILVERM,26MAY2027,26500000.000000,5,OPTFUT,MCX,50.000000,600,False
579894,SILVERM26MAY27266000PE,SILVERM,26MAY2027,26600000.000000,5,OPTFUT,MCX,50.000000,600,False
579897,SILVERM26MAY27269000PE,SILVERM,26MAY2027,26900000.000000,5,OPTFUT,MCX,50.000000,600,False
579919,SILVERM23JUN27235000PE,SILVERM,23JUN2027,23500000.000000,5,OPTFUT,MCX,50.000000,600,False
579925,SILVERM23JUN27229000PE,SILVERM,23JUN2027,22900000.000000,5,OPTFUT,MCX,50.000000,600,False
579930,SILVERM23JUN27224000PE,SILVERM,23JUN2027,22400000.000000,5,OPTFUT,MCX,50.000000,600,False
579933,SILVERM23JUN27221000PE,SILVERM,23JUN2027,22100000.000000,5,OPTFUT,MCX,50.000000,600,False
579945,SILVERM23JUN27209000PE,SILVERM,23JUN2027,20900000.000000,5,OPTFUT,MCX,50.000000,600,False
579970,SILVERM23JUN27262000PE,SILVERM,23JUN2027,26200000.000000,5,OPTFUT,MCX,50.000000,600,False
122,SILVERMCOM,SILVERM,,0.000000,5,COMDTY,MCX,100.000000,99999999,False
125,CPOCOM,CPO,,0.000000,10,COMDTY,MCX,10.000000,99999999,False
130,STEELFLATCOM,STEELFLAT,,0.000000,25,COMDTY,MCX,1000.000000,99999999,False
149,STLLONGMUMCOM,STLLONGMUM,,0.000000,25000,COMDTY,MCX,5000.000000,99999999,False
165,URADCOM,URAD,,0.000000,10,COMDTY,MCX,100.000000,99999999,False
171,YPEASCANMSCOM,YPEASCANMS,,0.000000,10000,COMDTY,MCX,5.000000,99999999,False
176,LONGCOTTONCOM,LONGCOTTON,,0.000000,26,COMDTY,MCX,1000.000000,99999999,False
178,MEDCOTSPTCOM,MEDCOTSPT,,0.000000,26,COMDTY,MCX,100.000000,99999999,False
179,COMXGLDSEPCOM,COMXGLDSEP,,0.000000,1000,COMDTY,MCX,5.000000,99999999,False
182,STLLNGGOVCOM,STLLNGGOV,,0.000000,25000,COMDTY,MCX,5.000000,99999999,False
188,REFSOYOCTCOM,REFSOYOCT,,0.000000,1000,COMDTY,MCX,5.000000,99999999,False
190,COTOCTNYCOM,COTOCTNY,,0.000000,26,COMDTY,MCX,5.000000,99999999,False
203,REFSOYNOVCOM,REFSOYNOV,,0.000000,1000,COMDTY,MCX,5.000000,99999999,False
205,GUARSEDBNDCOM,GUARSEDBND,,0.000000,10,COMDTY,MCX,100.000000,99999999,False
230,COMGLDJUNCOM,COMGLDJUN,,0.000000,1000,COMDTY,MCX,5.000000,99999999,False
235,SOYMEALCOM,SOYMEAL,,0.000000,10,COMDTY,MCX,100.000000,99999999,False
251,SYLPEASMUMCOM,SYLPEASMUM,,0.000000,10000,COMDTY,MCX,5.000000,99999999,False
253,STRMRCNZMCOM,STRMRCNZM,,0.000000,5000,COMDTY,MCX,5.000000,99999999,False
254,SRDCHLIGNTCOM,SRDCHLIGNT,,0.000000,1000,COMDTY,MCX,5.000000,99999999,False
256,SCTMDSMUMCOM,SCTMDSMUM,,0.000000,26,COMDTY,MCX,5.000000,99999999,False
287,SLVERDELHICOM,SLVERDELHI,,0.000000,5,COMDTY,MCX,100.000000,99999999,False
288,MUSTARDJPRCOM,MUSTARDJPR,,0.000000,10,COMDTY,MCX,5.000000,99999999,False
302,SESAMESEEDCOM,SESAMESEED,,0.000000,5,COMDTY,MCX,100.000000,99999999,False
307,RFNDSOYOILCOM,RFNDSOYOIL,,0.000000,10000,COMDTY,MCX,5.000000,99999999,False
335,NYCRDOLSEPCOM,NYCRDOLSEP,,0.000000,100,COMDTY,MCX,5.000000,99999999,False
336,BRCRUDEOILCOM,BRCRUDEOIL,,0.000000,100,COMDTY,MCX,10000.000000,99999999,False
349,GOLDMKOLCOM,GOLDMKOL,,0.000000,100,COMDTY,MCX,100.000000,99999999,False
350,SGOLDKTACOM,SGOLDKTA,,0.000000,10,COMDTY,MCX,5.000000,99999999,False
354,HDPEHMCOM,HDPEHM,,0.000000,2,COMDTY,MCX,10.000000,99999999,False
379,PVCCOM,PVC,,0.000000,2,COMDTY,MCX,10.000000,99999999,False
386,REFSNFLOILCOM,REFSNFLOIL,,0.000000,1,COMDTY,MCX,10.000000,99999999,False
396,RICBRNROILCOM,RICBRNROIL,,0.000000,10,COMDTY,MCX,5.000000,99999999,False
407,SPOTATOTKRCOM,SPOTATOTKR,,0.000000,30,COMDTY,MCX,10.000000,99999999,False
423,CFICOM,CFI,,0.000000,200,COMDTY,MCX,5000.000000,99999999,False
424,SCARCRDMUMCOM,SCARCRDMUM,,0.000000,200,COMDTY,MCX,5.000000,99999999,False
429,SCERMUMCOM,SCERMUM,,0.000000,250,COMDTY,MCX,50.000000,99999999,False
430,PLATINUMCOM,PLATINUM,,0.000000,250,COMDTY,MCX,5000.000000,99999999,False
436,ARECARASHICOM,ARECARASHI,,0.000000,1,COMDTY,MCX,10.000000,99999999,False
483,STCOALCHNICOM,STCOALCHNI,,0.000000,100,COMDTY,MCX,100.000000,99999999,False
511,SUGARMKOLCOM,SUGARMKOL,,0.000000,10,COMDTY,MCX,10000.000000,99999999,False
483079,GOLD05OCT26FUT,GOLD,05OCT2026,0.000000,1,FUTCOM,MCX,100.000000,10,False
513748,GOLD25SEP26163500PE,GOLD,25SEP2026,16350000.000000,1,OPTFUT,MCX,50.000000,100,False
517,SSLVMICAHMCOM,SSLVMICAHM,,0.000000,1,COMDTY,MCX,100.000000,99999999,False
556435,GOLD25SEP26158000CE,GOLD,25SEP2026,15800000.000000,1,OPTFUT,MCX,50.000000,100,False
556444,GOLD25SEP26153500CE,GOLD,25SEP2026,15350000.000000,1,OPTFUT,MCX,50.000000,100,False
556453,GOLD25SEP26149000CE,GOLD,25SEP2026,14900000.000000,1,OPTFUT,MCX,50.000000,100,False
556459,GOLD25SEP26146000CE,GOLD,25SEP2026,14600000.000000,1,OPTFUT,MCX,50.000000,100,False
556469,GOLD25SEP26141000CE,GOLD,25SEP2026,14100000.000000,1,OPTFUT,MCX,50.000000,100,False
556471,GOLD25SEP26140000CE,GOLD,25SEP2026,14000000.000000,1,OPTFUT,MCX,50.000000,100,False
556486,GOLD25SEP26169500CE,GOLD,25SEP2026,16950000.000000,1,OPTFUT,MCX,50.000000,100,False
556505,GOLD25SEP26179000CE,GOLD,25SEP2026,17900000.000000,1,OPTFUT,MCX,50.000000,100,False
556518,GOLD25SEP26185500CE,GOLD,25SEP2026,18550000.000000,1,OPTFUT,MCX,50.000000,100,False
556535,GOLD30OCT26160500CE,GOLD,30OCT2026,16050000.000000,1,OPTFUT,MCX,50.000000,100,False
556537,GOLD30OCT26159500CE,GOLD,30OCT2026,15950000.000000,1,OPTFUT,MCX,50.000000,100,False
556541,GOLD30OCT26157500CE,GOLD,30OCT2026,15750000.000000,1,OPTFUT,MCX,50.000000,100,False
556543,GOLD30OCT26156500CE,GOLD,30OCT2026,15650000.000000,1,OPTFUT,MCX,50.000000,100,False
556548,GOLD30OCT26154000CE,GOLD,30OCT2026,15400000.000000,1,OPTFUT,MCX,50.000000,100,False
556554,GOLD30OCT26151000CE,GOLD,30OCT2026,15100000.000000,1,OPTFUT,MCX,50.000000,100,False
556556,GOLD30OCT26150000CE,GOLD,30OCT2026,15000000.000000,1,OPTFUT,MCX,50.000000,100,False
556568,GOLD30OCT26144000CE,GOLD,30OCT2026,14400000.000000,1,OPTFUT,MCX,50.000000,100,False
556589,GOLD30OCT26173500CE,GOLD,30OCT2026,17350000.000000,1,OPTFUT,MCX,50.000000,100,False
556609,GOLD30OCT26183500CE,GOLD,30OCT2026,18350000.000000,1,OPTFUT,MCX,50.000000,100,False
556610,GOLD30OCT26184000CE,GOLD,30OCT2026,18400000.000000,1,OPTFUT,MCX,50.000000,100,False
556611,GOLD30OCT26184500CE,GOLD,30OCT2026,18450000.000000,1,OPTFUT,MCX,50.000000,100,False
556632,GOLD27NOV26162000CE,GOLD,27NOV2026,16200000.000000,1,OPTFUT,MCX,50.000000,100,False
556656,GOLD27NOV26150000CE,GOLD,27NOV2026,15000000.000000,1,OPTFUT,MCX,50.000000,100,False
556657,GOLD27NOV26149500CE,GOLD,27NOV2026,14950000.000000,1,OPTFUT,MCX,50.000000,100,False
556663,GOLD27NOV26146500CE,GOLD,27NOV2026,14650000.000000,1,OPTFUT,MCX,50.000000,100,False
556676,GOLD27NOV26167000CE,GOLD,27NOV2026,16700000.000000,1,OPTFUT,MCX,50.000000,100,False
556683,GOLD27NOV26170500CE,GOLD,27NOV2026,17050000.000000,1,OPTFUT,MCX,50.000000,100,False
556691,GOLD27NOV26174500CE,GOLD,27NOV2026,17450000.000000,1,OPTFUT,MCX,50.000000,100,False
556701,GOLD27NOV26179500CE,GOLD,27NOV2026,17950000.000000,1,OPTFUT,MCX,50.000000,100,False
556695,GOLD27NOV26176500CE,GOLD,27NOV2026,17650000.000000,1,OPTFUT,MCX,50.000000,100,False
556699,GOLD27NOV26178500CE,GOLD,27NOV2026,17850000.000000,1,OPTFUT,MCX,50.000000,100,False
556705,GOLD27NOV26181500CE,GOLD,27NOV2026,18150000.000000,1,OPTFUT,MCX,50.000000,100,False
556708,GOLD27NOV26183000CE,GOLD,27NOV2026,18300000.000000,1,OPTFUT,MCX,50.000000,100,False
556709,GOLD27NOV26183500CE,GOLD,27NOV2026,18350000.000000,1,OPTFUT,MCX,50.000000,100,False
557028,GOLD25SEP26161500PE,GOLD,25SEP2026,16150000.000000,1,OPTFUT,MCX,50.000000,100,False
557033,GOLD25SEP26159000PE,GOLD,25SEP2026,15900000.000000,1,OPTFUT,MCX,50.000000,100,False
557037,GOLD25SEP26157000PE,GOLD,25SEP2026,15700000.000000,1,OPTFUT,MCX,50.000000,100,False
557040,GOLD25SEP26155500PE,GOLD,25SEP2026,15550000.000000,1,OPTFUT,MCX,50.000000,100,False
557052,GOLD25SEP26149500PE,GOLD,25SEP2026,14950000.000000,1,OPTFUT,MCX,50.000000,100,False
557066,GOLD25SEP26142500PE,GOLD,25SEP2026,14250000.000000,1,OPTFUT,MCX,50.000000,100,False
557069,GOLD25SEP26141000PE,GOLD,25SEP2026,14100000.000000,1,OPTFUT,MCX,50.000000,100,False
557075,GOLD25SEP26164000PE,GOLD,25SEP2026,16400000.000000,1,OPTFUT,MCX,50.000000,100,False
557076,GOLD25SEP26164500PE,GOLD,25SEP2026,16450000.000000,1,OPTFUT,MCX,50.000000,100,False
557084,GOLD25SEP26168500PE,GOLD,25SEP2026,16850000.000000,1,OPTFUT,MCX,50.000000,100,False
557102,GOLD25SEP26177500PE,GOLD,25SEP2026,17750000.000000,1,OPTFUT,MCX,50.000000,100,False
557125,GOLD30OCT26165500PE,GOLD,30OCT2026,16550000.000000,1,OPTFUT,MCX,50.000000,100,False
557128,GOLD30OCT26164000PE,GOLD,30OCT2026,16400000.000000,1,OPTFUT,MCX,50.000000,100,False
557137,GOLD30OCT26159500PE,GOLD,30OCT2026,15950000.000000,1,OPTFUT,MCX,50.000000,100,False
557145,GOLD30OCT26155500PE,GOLD,30OCT2026,15550000.000000,1,OPTFUT,MCX,50.000000,100,False
557150,GOLD30OCT26153000PE,GOLD,30OCT2026,15300000.000000,1,OPTFUT,MCX,50.000000,100,False
557172,GOLD30OCT26142000PE,GOLD,30OCT2026,14200000.000000,1,OPTFUT,MCX,50.000000,100,False
557177,GOLD30OCT26167500PE,GOLD,30OCT2026,16750000.000000,1,OPTFUT,MCX,50.000000,100,False
557191,GOLD30OCT26174500PE,GOLD,30OCT2026,17450000.000000,1,OPTFUT,MCX,50.000000,100,False
557199,GOLD30OCT26178500PE,GOLD,30OCT2026,17850000.000000,1,OPTFUT,MCX,50.000000,100,False
557201,GOLD30OCT26179500PE,GOLD,30OCT2026,17950000.000000,1,OPTFUT,MCX,50.000000,100,False
557203,GOLD30OCT26180500PE,GOLD,30OCT2026,18050000.000000,1,OPTFUT,MCX,50.000000,100,False
557207,GOLD30OCT26182500PE,GOLD,30OCT2026,18250000.000000,1,OPTFUT,MCX,50.000000,100,False
557214,GOLD30OCT26186000PE,GOLD,30OCT2026,18600000.000000,1,OPTFUT,MCX,50.000000,100,False
557219,GOLD30OCT26188500PE,GOLD,30OCT2026,18850000.000000,1,OPTFUT,MCX,50.000000,100,False
557221,GOLD30OCT26189500PE,GOLD,30OCT2026,18950000.000000,1,OPTFUT,MCX,50.000000,100,False
557244,GOLD27NOV26156000PE,GOLD,27NOV2026,15600000.000000,1,OPTFUT,MCX,50.000000,100,False
557246,GOLD27NOV26155000PE,GOLD,27NOV2026,15500000.000000,1,OPTFUT,MCX,50.000000,100,False
557255,GOLD27NOV26150500PE,GOLD,27NOV2026,15050000.000000,1,OPTFUT,MCX,50.000000,100,False
557256,GOLD27NOV26150000PE,GOLD,27NOV2026,15000000.000000,1,OPTFUT,MCX,50.000000,100,False
557264,GOLD27NOV26146000PE,GOLD,27NOV2026,14600000.000000,1,OPTFUT,MCX,50.000000,100,False
557266,GOLD27NOV26145000PE,GOLD,27NOV2026,14500000.000000,1,OPTFUT,MCX,50.000000,100,False
557271,GOLD27NOV26142500PE,GOLD,27NOV2026,14250000.000000,1,OPTFUT,MCX,50.000000,100,False
557273,GOLD27NOV26141500PE,GOLD,27NOV2026,14150000.000000,1,OPTFUT,MCX,50.000000,100,False
557295,GOLD27NOV26176500PE,GOLD,27NOV2026,17650000.000000,1,OPTFUT,MCX,50.000000,100,False
557298,GOLD27NOV26178000PE,GOLD,27NOV2026,17800000.000000,1,OPTFUT,MCX,50.000000,100,False
557301,GOLD27NOV26179500PE,GOLD,27NOV2026,17950000.000000,1,OPTFUT,MCX,50.000000,100,False
557302,GOLD27NOV26180000PE,GOLD,27NOV2026,18000000.000000,1,OPTFUT,MCX,50.000000,100,False
557318,GOLD27NOV26188000PE,GOLD,27NOV2026,18800000.000000,1,OPTFUT,MCX,50.000000,100,False
557597,SILVER24SEP26264000CE,SILVER,24SEP2026,26400000.000000,30,OPTFUT,MCX,50.000000,600,False
557610,SILVER24SEP26251000CE,SILVER,24SEP2026,25100000.000000,30,OPTFUT,MCX,50.000000,600,False
557620,SILVER24SEP26285000CE,SILVER,24SEP2026,28500000.000000,30,OPTFUT,MCX,50.000000,600,False
557627,SILVER24SEP26292000CE,SILVER,24SEP2026,29200000.000000,30,OPTFUT,MCX,50.000000,600,False
557633,SILVER24SEP26298000CE,SILVER,24SEP2026,29800000.000000,30,OPTFUT,MCX,50.000000,600,False
557635,SILVER24SEP26300000CE,SILVER,24SEP2026,30000000.000000,30,OPTFUT,MCX,50.000000,600,False
557639,SILVER24SEP26304000CE,SILVER,24SEP2026,30400000.000000,30,OPTFUT,MCX,50.000000,600,False
557641,SILVER24SEP26306000CE,SILVER,24SEP2026,30600000.000000,30,OPTFUT,MCX,50.000000,600,False
557659,SILVER27OCT26282000CE,SILVER,27OCT2026,28200000.000000,30,OPTFUT,MCX,50.000000,600,False
557663,SILVER27OCT26278000CE,SILVER,27OCT2026,27800000.000000,30,OPTFUT,MCX,50.000000,600,False
557665,SILVER27OCT26276000CE,SILVER,27OCT2026,27600000.000000,30,OPTFUT,MCX,50.000000,600,False
557688,SILVER27OCT26253000CE,SILVER,27OCT2026,25300000.000000,30,OPTFUT,MCX,50.000000,600,False
557696,SILVER27OCT26245000CE,SILVER,27OCT2026,24500000.000000,30,OPTFUT,MCX,50.000000,600,False
557705,SILVER27OCT26290000CE,SILVER,27OCT2026,29000000.000000,30,OPTFUT,MCX,50.000000,600,False
557709,SILVER27OCT26294000CE,SILVER,27OCT2026,29400000.000000,30,OPTFUT,MCX,50.000000,600,False
557718,SILVER27OCT26303000CE,SILVER,27OCT2026,30300000.000000,30,OPTFUT,MCX,50.000000,600,False
557720,SILVER27OCT26305000CE,SILVER,27OCT2026,30500000.000000,30,OPTFUT,MCX,50.000000,600,False
557738,SILVER27OCT26323000CE,SILVER,27OCT2026,32300000.000000,30,OPTFUT,MCX,50.000000,600,False
557741,SILVER27NOV26280000CE,SILVER,27NOV2026,28000000.000000,30,OPTFUT,MCX,50.000000,600,False
557745,SILVER27NOV26276000CE,SILVER,27NOV2026,27600000.000000,30,OPTFUT,MCX,50.000000,600,False
557752,SILVER27NOV26269000CE,SILVER,27NOV2026,26900000.000000,30,OPTFUT,MCX,50.000000,600,False
557768,SILVER27NOV26253000CE,SILVER,27NOV2026,25300000.000000,30,OPTFUT,MCX,50.000000,600,False
557799,SILVER27NOV26304000CE,SILVER,27NOV2026,30400000.000000,30,OPTFUT,MCX,50.000000,600,False
558083,SILVER24SEP26258000PE,SILVER,24SEP2026,25800000.000000,30,OPTFUT,MCX,50.000000,600,False
558107,SILVER24SEP26292000PE,SILVER,24SEP2026,29200000.000000,30,OPTFUT,MCX,50.000000,600,False
558109,SILVER24SEP26294000PE,SILVER,24SEP2026,29400000.000000,30,OPTFUT,MCX,50.000000,600,False
558111,SILVER24SEP26296000PE,SILVER,24SEP2026,29600000.000000,30,OPTFUT,MCX,50.000000,600,False
558118,SILVER24SEP26303000PE,SILVER,24SEP2026,30300000.000000,30,OPTFUT,MCX,50.000000,600,False
558120,SILVER24SEP26305000PE,SILVER,24SEP2026,30500000.000000,30,OPTFUT,MCX,50.000000,600,False
558133,SILVER24SEP26318000PE,SILVER,24SEP2026,31800000.000000,30,OPTFUT,MCX,50.000000,600,False
558138,SILVER24SEP26323000PE,SILVER,24SEP2026,32300000.000000,30,OPTFUT,MCX,50.000000,600,False
558139,SILVER27OCT26282000PE,SILVER,27OCT2026,28200000.000000,30,OPTFUT,MCX,50.000000,600,False
558143,SILVER27OCT26278000PE,SILVER,27OCT2026,27800000.000000,30,OPTFUT,MCX,50.000000,600,False
558144,SILVER27OCT26277000PE,SILVER,27OCT2026,27700000.000000,30,OPTFUT,MCX,50.000000,600,False
558146,SILVER27OCT26275000PE,SILVER,27OCT2026,27500000.000000,30,OPTFUT,MCX,50.000000,600,False
558151,SILVER27OCT26270000PE,SILVER,27OCT2026,27000000.000000,30,OPTFUT,MCX,50.000000,600,False
558159,SILVER27OCT26262000PE,SILVER,27OCT2026,26200000.000000,30,OPTFUT,MCX,50.000000,600,False
558176,SILVER27OCT26245000PE,SILVER,27OCT2026,24500000.000000,30,OPTFUT,MCX,50.000000,600,False
558177,SILVER27OCT26244000PE,SILVER,27OCT2026,24400000.000000,30,OPTFUT,MCX,50.000000,600,False
558180,SILVER27OCT26285000PE,SILVER,27OCT2026,28500000.000000,30,OPTFUT,MCX,50.000000,600,False
558186,SILVER27OCT26291000PE,SILVER,27OCT2026,29100000.000000,30,OPTFUT,MCX,50.000000,600,False
558189,SILVER27OCT26294000PE,SILVER,27OCT2026,29400000.000000,30,OPTFUT,MCX,50.000000,600,False
558192,SILVER27OCT26297000PE,SILVER,27OCT2026,29700000.000000,30,OPTFUT,MCX,50.000000,600,False
558205,SILVER27OCT26310000PE,SILVER,27OCT2026,31000000.000000,30,OPTFUT,MCX,50.000000,600,False
558214,SILVER27OCT26319000PE,SILVER,27OCT2026,31900000.000000,30,OPTFUT,MCX,50.000000,600,False
558251,SILVER27NOV26250000PE,SILVER,27NOV2026,25000000.000000,30,OPTFUT,MCX,50.000000,600,False
558259,SILVER27NOV26284000PE,SILVER,27NOV2026,28400000.000000,30,OPTFUT,MCX,50.000000,600,False
558271,SILVER27NOV26296000PE,SILVER,27NOV2026,29600000.000000,30,OPTFUT,MCX,50.000000,600,False
558542,SILVERM24SEP26281000CE,SILVERM,24SEP2026,28100000.000000,5,OPTFUT,MCX,50.000000,600,False
558543,SILVERM24SEP26280000CE,SILVERM,24SEP2026,28000000.000000,5,OPTFUT,MCX,50.000000,600,False
558548,SILVERM24SEP26275000CE,SILVERM,24SEP2026,27500000.000000,5,OPTFUT,MCX,50.000000,600,False
558552,SILVERM24SEP26271000CE,SILVERM,24SEP2026,27100000.000000,5,OPTFUT,MCX,50.000000,600,False
558558,SILVERM24SEP26265000CE,SILVERM,24SEP2026,26500000.000000,5,OPTFUT,MCX,50.000000,600,False
558561,SILVERM24SEP26262000CE,SILVERM,24SEP2026,26200000.000000,5,OPTFUT,MCX,50.000000,600,False
558585,SILVERM24SEP26292000CE,SILVERM,24SEP2026,29200000.000000,5,OPTFUT,MCX,50.000000,600,False
558590,SILVERM24SEP26297000CE,SILVERM,24SEP2026,29700000.000000,5,OPTFUT,MCX,50.000000,600,False
558594,SILVERM24SEP26301000CE,SILVERM,24SEP2026,30100000.000000,5,OPTFUT,MCX,50.000000,600,False
558622,SILVERM27OCT26281000CE,SILVERM,27OCT2026,28100000.000000,5,OPTFUT,MCX,50.000000,600,False
558633,SILVERM27OCT26270000CE,SILVERM,27OCT2026,27000000.000000,5,OPTFUT,MCX,50.000000,600,False
558641,SILVERM27OCT26262000CE,SILVERM,27OCT2026,26200000.000000,5,OPTFUT,MCX,50.000000,600,False
558646,SILVERM27OCT26257000CE,SILVERM,27OCT2026,25700000.000000,5,OPTFUT,MCX,50.000000,600,False
558647,SILVERM27OCT26256000CE,SILVERM,27OCT2026,25600000.000000,5,OPTFUT,MCX,50.000000,600,False
558663,SILVERM27OCT26290000CE,SILVERM,27OCT2026,29000000.000000,5,OPTFUT,MCX,50.000000,600,False
558674,SILVERM27OCT26301000CE,SILVERM,27OCT2026,30100000.000000,5,OPTFUT,MCX,50.000000,600,False
558680,SILVERM27OCT26307000CE,SILVERM,27OCT2026,30700000.000000,5,OPTFUT,MCX,50.000000,600,False
558684,SILVERM27OCT26311000CE,SILVERM,27OCT2026,31100000.000000,5,OPTFUT,MCX,50.000000,600,False
558686,SILVERM27OCT26313000CE,SILVERM,27OCT2026,31300000.000000,5,OPTFUT,MCX,50.000000,600,False
558689,SILVERM27OCT26316000CE,SILVERM,27OCT2026,31600000.000000,5,OPTFUT,MCX,50.000000,600,False
558697,SILVERM27OCT26324000CE,SILVERM,27OCT2026,32400000.000000,5,OPTFUT,MCX,50.000000,600,False
558700,SILVERM23NOV26283000CE,SILVERM,23NOV2026,28300000.000000,5,OPTFUT,MCX,50.000000,600,False
558712,SILVERM23NOV26271000CE,SILVERM,23NOV2026,27100000.000000,5,OPTFUT,MCX,50.000000,600,False
558729,SILVERM23NOV26254000CE,SILVERM,23NOV2026,25400000.000000,5,OPTFUT,MCX,50.000000,600,False
558744,SILVERM23NOV26291000CE,SILVERM,23NOV2026,29100000.000000,5,OPTFUT,MCX,50.000000,600,False
558745,SILVERM23NOV26292000CE,SILVERM,23NOV2026,29200000.000000,5,OPTFUT,MCX,50.000000,600,False
558749,SILVERM23NOV26296000CE,SILVERM,23NOV2026,29600000.000000,5,OPTFUT,MCX,50.000000,600,False
558764,SILVERM23NOV26311000CE,SILVERM,23NOV2026,31100000.000000,5,OPTFUT,MCX,50.000000,600,False
558773,SILVERM23NOV26320000CE,SILVERM,23NOV2026,32000000.000000,5,OPTFUT,MCX,50.000000,600,False
559040,SILVERM24SEP26263000PE,SILVERM,24SEP2026,26300000.000000,5,OPTFUT,MCX,50.000000,600,False
559043,SILVERM24SEP26260000PE,SILVERM,24SEP2026,26000000.000000,5,OPTFUT,MCX,50.000000,600,False
559054,SILVERM24SEP26249000PE,SILVERM,24SEP2026,24900000.000000,5,OPTFUT,MCX,50.000000,600,False
559069,SILVERM24SEP26296000PE,SILVERM,24SEP2026,29600000.000000,5,OPTFUT,MCX,50.000000,600,False
559074,SILVERM24SEP26301000PE,SILVERM,24SEP2026,30100000.000000,5,OPTFUT,MCX,50.000000,600,False
559075,SILVERM24SEP26302000PE,SILVERM,24SEP2026,30200000.000000,5,OPTFUT,MCX,50.000000,600,False
559079,SILVERM24SEP26306000PE,SILVERM,24SEP2026,30600000.000000,5,OPTFUT,MCX,50.000000,600,False
559086,SILVERM24SEP26313000PE,SILVERM,24SEP2026,31300000.000000,5,OPTFUT,MCX,50.000000,600,False
559087,SILVERM24SEP26314000PE,SILVERM,24SEP2026,31400000.000000,5,OPTFUT,MCX,50.000000,600,False
559093,SILVERM24SEP26320000PE,SILVERM,24SEP2026,32000000.000000,5,OPTFUT,MCX,50.000000,600,False
559103,SILVERM27OCT26280000PE,SILVERM,27OCT2026,28000000.000000,5,OPTFUT,MCX,50.000000,600,False
559128,SILVERM27OCT26255000PE,SILVERM,27OCT2026,25500000.000000,5,OPTFUT,MCX,50.000000,600,False
559131,SILVERM27OCT26252000PE,SILVERM,27OCT2026,25200000.000000,5,OPTFUT,MCX,50.000000,600,False
559147,SILVERM27OCT26294000PE,SILVERM,27OCT2026,29400000.000000,5,OPTFUT,MCX,50.000000,600,False
559166,SILVERM27OCT26313000PE,SILVERM,27OCT2026,31300000.000000,5,OPTFUT,MCX,50.000000,600,False
559169,SILVERM27OCT26316000PE,SILVERM,27OCT2026,31600000.000000,5,OPTFUT,MCX,50.000000,600,False
559179,SILVERM23NOV26284000PE,SILVERM,23NOV2026,28400000.000000,5,OPTFUT,MCX,50.000000,600,False
559188,SILVERM23NOV26275000PE,SILVERM,23NOV2026,27500000.000000,5,OPTFUT,MCX,50.000000,600,False
559190,SILVERM23NOV26273000PE,SILVERM,23NOV2026,27300000.000000,5,OPTFUT,MCX,50.000000,600,False
559192,SILVERM23NOV26271000PE,SILVERM,23NOV2026,27100000.000000,5,OPTFUT,MCX,50.000000,600,False
559194,SILVERM23NOV26269000PE,SILVERM,23NOV2026,26900000.000000,5,OPTFUT,MCX,50.000000,600,False
559196,SILVERM23NOV26267000PE,SILVERM,23NOV2026,26700000.000000,5,OPTFUT,MCX,50.000000,600,False
559200,SILVERM23NOV26263000PE,SILVERM,23NOV2026,26300000.000000,5,OPTFUT,MCX,50.000000,600,False
559205,SILVERM23NOV26258000PE,SILVERM,23NOV2026,25800000.000000,5,OPTFUT,MCX,50.000000,600,False
559222,SILVERM23NOV26289000PE,SILVERM,23NOV2026,28900000.000000,5,OPTFUT,MCX,50.000000,600,False
559232,SILVERM23NOV26299000PE,SILVERM,23NOV2026,29900000.000000,5,OPTFUT,MCX,50.000000,600,False
559233,SILVERM23NOV26300000PE,SILVERM,23NOV2026,30000000.000000,5,OPTFUT,MCX,50.000000,600,False
559240,SILVERM23NOV26307000PE,SILVERM,23NOV2026,30700000.000000,5,OPTFUT,MCX,50.000000,600,False
559245,SILVERM23NOV26312000PE,SILVERM,23NOV2026,31200000.000000,5,OPTFUT,MCX,50.000000,600,False
559252,SILVERM23NOV26319000PE,SILVERM,23NOV2026,31900000.000000,5,OPTFUT,MCX,50.000000,600,False
559258,SILVERM23NOV26325000PE,SILVERM,23NOV2026,32500000.000000,5,OPTFUT,MCX,50.000000,600,False
559283,GOLD25SEP26189500CE,GOLD,25SEP2026,18950000.000000,1,OPTFUT,MCX,50.000000,100,False
559284,GOLD25SEP26190000CE,GOLD,25SEP2026,19000000.000000,1,OPTFUT,MCX,50.000000,100,False
559290,GOLD30OCT26192000CE,GOLD,30OCT2026,19200000.000000,1,OPTFUT,MCX,50.000000,100,False
559297,GOLD27NOV26192000CE,GOLD,27NOV2026,19200000.000000,1,OPTFUT,MCX,50.000000,100,False
559298,GOLD27NOV26192500CE,GOLD,27NOV2026,19250000.000000,1,OPTFUT,MCX,50.000000,100,False
559460,SILVER24SEP26328000CE,SILVER,24SEP2026,32800000.000000,30,OPTFUT,MCX,50.000000,600,False
559473,SILVER27OCT26327000CE,SILVER,27OCT2026,32700000.000000,30,OPTFUT,MCX,50.000000,600,False
559545,SILVER24SEP26330000PE,SILVER,24SEP2026,33000000.000000,30,OPTFUT,MCX,50.000000,600,False
559558,SILVER27OCT26329000PE,SILVER,27OCT2026,32900000.000000,30,OPTFUT,MCX,50.000000,600,False
559569,SILVER27NOV26326000PE,SILVER,27NOV2026,32600000.000000,30,OPTFUT,MCX,50.000000,600,False
559576,SILVER27NOV26333000PE,SILVER,27NOV2026,33300000.000000,30,OPTFUT,MCX,50.000000,600,False
559579,SILVER27NOV26336000PE,SILVER,27NOV2026,33600000.000000,30,OPTFUT,MCX,50.000000,600,False
559627,SILVERM24SEP26333000CE,SILVERM,24SEP2026,33300000.000000,5,OPTFUT,MCX,50.000000,600,False
559631,SILVERM24SEP26337000CE,SILVERM,24SEP2026,33700000.000000,5,OPTFUT,MCX,50.000000,600,False
559636,SILVERM27OCT26330000CE,SILVERM,27OCT2026,33000000.000000,5,OPTFUT,MCX,50.000000,600,False
559644,SILVERM23NOV26326000CE,SILVERM,23NOV2026,32600000.000000,5,OPTFUT,MCX,50.000000,600,False
559654,SILVERM23NOV26336000CE,SILVERM,23NOV2026,33600000.000000,5,OPTFUT,MCX,50.000000,600,False
559696,SILVERM24SEP26327000PE,SILVERM,24SEP2026,32700000.000000,5,OPTFUT,MCX,50.000000,600,False
559697,SILVERM24SEP26328000PE,SILVERM,24SEP2026,32800000.000000,5,OPTFUT,MCX,50.000000,600,False
559709,SILVERM27OCT26328000PE,SILVERM,27OCT2026,32800000.000000,5,OPTFUT,MCX,50.000000,600,False
559712,SILVERM27OCT26331000PE,SILVERM,27OCT2026,33100000.000000,5,OPTFUT,MCX,50.000000,600,False
559714,SILVERM27OCT26333000PE,SILVERM,27OCT2026,33300000.000000,5,OPTFUT,MCX,50.000000,600,False
559715,SILVERM27OCT26334000PE,SILVERM,27OCT2026,33400000.000000,5,OPTFUT,MCX,50.000000,600,False
559724,SILVERM23NOV26331000PE,SILVERM,23NOV2026,33100000.000000,5,OPTFUT,MCX,50.000000,600,False
559821,SILVERM24SEP26338000CE,SILVERM,24SEP2026,33800000.000000,5,OPTFUT,MCX,50.000000,600,False
559822,SILVERM24SEP26339000CE,SILVERM,24SEP2026,33900000.000000,5,OPTFUT,MCX,50.000000,600,False
559835,SILVERM27OCT26340000PE,SILVERM,27OCT2026,34000000.000000,5,OPTFUT,MCX,50.000000,600,False
559870,SILVER27OCT26238000CE,SILVER,27OCT2026,23800000.000000,30,OPTFUT,MCX,50.000000,600,False
559904,SILVER27NOV26240000PE,SILVER,27NOV2026,24000000.000000,30,OPTFUT,MCX,50.000000,600,False
559976,GOLD31DEC26156000CE,GOLD,31DEC2026,15600000.000000,1,OPTFUT,MCX,50.000000,100,False
559977,GOLD31DEC26155500CE,GOLD,31DEC2026,15550000.000000,1,OPTFUT,MCX,50.000000,100,False
559982,GOLD31DEC26153000CE,GOLD,31DEC2026,15300000.000000,1,OPTFUT,MCX,50.000000,100,False
559993,GOLD31DEC26147500CE,GOLD,31DEC2026,14750000.000000,1,OPTFUT,MCX,50.000000,100,False
559985,GOLD31DEC26151500CE,GOLD,31DEC2026,15150000.000000,1,OPTFUT,MCX,50.000000,100,False
560008,GOLD31DEC26173000CE,GOLD,31DEC2026,17300000.000000,1,OPTFUT,MCX,50.000000,100,False
560016,GOLD31DEC26177000CE,GOLD,31DEC2026,17700000.000000,1,OPTFUT,MCX,50.000000,100,False
560017,GOLD31DEC26177500CE,GOLD,31DEC2026,17750000.000000,1,OPTFUT,MCX,50.000000,100,False
560022,GOLD31DEC26180000CE,GOLD,31DEC2026,18000000.000000,1,OPTFUT,MCX,50.000000,100,False
560025,GOLD31DEC26181500CE,GOLD,31DEC2026,18150000.000000,1,OPTFUT,MCX,50.000000,100,False
560030,GOLD31DEC26184000CE,GOLD,31DEC2026,18400000.000000,1,OPTFUT,MCX,50.000000,100,False
560034,GOLD31DEC26186000CE,GOLD,31DEC2026,18600000.000000,1,OPTFUT,MCX,50.000000,100,False
560036,GOLD31DEC26187000CE,GOLD,31DEC2026,18700000.000000,1,OPTFUT,MCX,50.000000,100,False
560040,GOLD31DEC26189000CE,GOLD,31DEC2026,18900000.000000,1,OPTFUT,MCX,50.000000,100,False
560041,GOLD31DEC26189500CE,GOLD,31DEC2026,18950000.000000,1,OPTFUT,MCX,50.000000,100,False
560071,GOLD29JAN27158500CE,GOLD,29JAN2027,15850000.000000,1,OPTFUT,MCX,50.000000,100,False
560073,GOLD29JAN27157500CE,GOLD,29JAN2027,15750000.000000,1,OPTFUT,MCX,50.000000,100,False
560076,GOLD29JAN27156000CE,GOLD,29JAN2027,15600000.000000,1,OPTFUT,MCX,50.000000,100,False
560080,GOLD29JAN27154000CE,GOLD,29JAN2027,15400000.000000,1,OPTFUT,MCX,50.000000,100,False
560081,GOLD29JAN27153500CE,GOLD,29JAN2027,15350000.000000,1,OPTFUT,MCX,50.000000,100,False
560111,GOLD29JAN27174500CE,GOLD,29JAN2027,17450000.000000,1,OPTFUT,MCX,50.000000,100,False
560119,GOLD29JAN27178500CE,GOLD,29JAN2027,17850000.000000,1,OPTFUT,MCX,50.000000,100,False
560121,GOLD29JAN27179500CE,GOLD,29JAN2027,17950000.000000,1,OPTFUT,MCX,50.000000,100,False
560125,GOLD29JAN27181500CE,GOLD,29JAN2027,18150000.000000,1,OPTFUT,MCX,50.000000,100,False
560156,GOLD31DEC26166000PE,GOLD,31DEC2026,16600000.000000,1,OPTFUT,MCX,50.000000,100,False
560171,GOLD31DEC26158500PE,GOLD,31DEC2026,15850000.000000,1,OPTFUT,MCX,50.000000,100,False
560178,GOLD31DEC26155000PE,GOLD,31DEC2026,15500000.000000,1,OPTFUT,MCX,50.000000,100,False
560195,GOLD31DEC26146500PE,GOLD,31DEC2026,14650000.000000,1,OPTFUT,MCX,50.000000,100,False
560203,GOLD31DEC26170500PE,GOLD,31DEC2026,17050000.000000,1,OPTFUT,MCX,50.000000,100,False
560205,GOLD31DEC26171500PE,GOLD,31DEC2026,17150000.000000,1,OPTFUT,MCX,50.000000,100,False
560225,GOLD31DEC26181500PE,GOLD,31DEC2026,18150000.000000,1,OPTFUT,MCX,50.000000,100,False
560230,GOLD31DEC26184000PE,GOLD,31DEC2026,18400000.000000,1,OPTFUT,MCX,50.000000,100,False
560231,GOLD31DEC26184500PE,GOLD,31DEC2026,18450000.000000,1,OPTFUT,MCX,50.000000,100,False
560242,GOLD31DEC26190000PE,GOLD,31DEC2026,19000000.000000,1,OPTFUT,MCX,50.000000,100,False
560247,GOLD31DEC26192500PE,GOLD,31DEC2026,19250000.000000,1,OPTFUT,MCX,50.000000,100,False
560249,GOLD31DEC26193500PE,GOLD,31DEC2026,19350000.000000,1,OPTFUT,MCX,50.000000,100,False
560251,GOLD29JAN27168500PE,GOLD,29JAN2027,16850000.000000,1,OPTFUT,MCX,50.000000,100,False
560298,GOLD29JAN27145000PE,GOLD,29JAN2027,14500000.000000,1,OPTFUT,MCX,50.000000,100,False
560299,GOLD29JAN27144500PE,GOLD,29JAN2027,14450000.000000,1,OPTFUT,MCX,50.000000,100,False
560309,GOLD29JAN27173500PE,GOLD,29JAN2027,17350000.000000,1,OPTFUT,MCX,50.000000,100,False
560316,GOLD29JAN27177000PE,GOLD,29JAN2027,17700000.000000,1,OPTFUT,MCX,50.000000,100,False
560318,GOLD29JAN27178000PE,GOLD,29JAN2027,17800000.000000,1,OPTFUT,MCX,50.000000,100,False
560342,GOLD29JAN27190000PE,GOLD,29JAN2027,19000000.000000,1,OPTFUT,MCX,50.000000,100,False
560347,GOLD29JAN27192500PE,GOLD,29JAN2027,19250000.000000,1,OPTFUT,MCX,50.000000,100,False
560368,SILVERM24SEP26243000CE,SILVERM,24SEP2026,24300000.000000,5,OPTFUT,MCX,50.000000,600,False
560374,SILVERM27OCT26241000CE,SILVERM,27OCT2026,24100000.000000,5,OPTFUT,MCX,50.000000,600,False
560402,SILVERM27OCT26241000PE,SILVERM,27OCT2026,24100000.000000,5,OPTFUT,MCX,50.000000,600,False
560426,GOLD29JAN27195000CE,GOLD,29JAN2027,19500000.000000,1,OPTFUT,MCX,50.000000,100,False
560429,GOLD31DEC26194500PE,GOLD,31DEC2026,19450000.000000,1,OPTFUT,MCX,50.000000,100,False
560478,SILVER27NOV26236000CE,SILVER,27NOV2026,23600000.000000,30,OPTFUT,MCX,50.000000,600,False
560500,SILVER24SEP26236000PE,SILVER,24SEP2026,23600000.000000,30,OPTFUT,MCX,50.000000,600,False
560511,SILVER27NOV26237000PE,SILVER,27NOV2026,23700000.000000,30,OPTFUT,MCX,50.000000,600,False
560512,SILVER27NOV26236000PE,SILVER,27NOV2026,23600000.000000,30,OPTFUT,MCX,50.000000,600,False
560544,SILVERM27OCT26236000CE,SILVERM,27OCT2026,23600000.000000,5,OPTFUT,MCX,50.000000,600,False
560550,SILVERM23NOV26238000CE,SILVERM,23NOV2026,23800000.000000,5,OPTFUT,MCX,50.000000,600,False
560551,SILVERM23NOV26237000CE,SILVERM,23NOV2026,23700000.000000,5,OPTFUT,MCX,50.000000,600,False
560573,SILVERM24SEP26238000PE,SILVERM,24SEP2026,23800000.000000,5,OPTFUT,MCX,50.000000,600,False
560577,SILVERM24SEP26234000PE,SILVERM,24SEP2026,23400000.000000,5,OPTFUT,MCX,50.000000,600,False
560578,SILVERM24SEP26233000PE,SILVERM,24SEP2026,23300000.000000,5,OPTFUT,MCX,50.000000,600,False
560588,SILVERM23NOV26239000PE,SILVERM,23NOV2026,23900000.000000,5,OPTFUT,MCX,50.000000,600,False
560594,SILVERM23NOV26233000PE,SILVERM,23NOV2026,23300000.000000,5,OPTFUT,MCX,50.000000,600,False
560651,GOLD25SEP26136500CE,GOLD,25SEP2026,13650000.000000,1,OPTFUT,MCX,50.000000,100,False
560680,GOLD25SEP26136000PE,GOLD,25SEP2026,13600000.000000,1,OPTFUT,MCX,50.000000,100,False
560686,GOLD27NOV26140000PE,GOLD,27NOV2026,14000000.000000,1,OPTFUT,MCX,50.000000,100,False
560688,GOLD27NOV26139000PE,GOLD,27NOV2026,13900000.000000,1,OPTFUT,MCX,50.000000,100,False
560733,SILVER24SEP26226000CE,SILVER,24SEP2026,22600000.000000,30,OPTFUT,MCX,50.000000,600,False
560759,SILVER27NOV26228000CE,SILVER,27NOV2026,22800000.000000,30,OPTFUT,MCX,50.000000,600,False
560796,SILVER24SEP26230000PE,SILVER,24SEP2026,23000000.000000,30,OPTFUT,MCX,50.000000,600,False
560801,SILVER24SEP26225000PE,SILVER,24SEP2026,22500000.000000,30,OPTFUT,MCX,50.000000,600,False
560810,SILVER27OCT26230000PE,SILVER,27OCT2026,23000000.000000,30,OPTFUT,MCX,50.000000,600,False
560827,SILVER27NOV26227000PE,SILVER,27NOV2026,22700000.000000,30,OPTFUT,MCX,50.000000,600,False
560877,SILVERM24SEP26231000CE,SILVERM,24SEP2026,23100000.000000,5,OPTFUT,MCX,50.000000,600,False
560884,SILVERM27OCT26232000CE,SILVERM,27OCT2026,23200000.000000,5,OPTFUT,MCX,50.000000,600,False
560886,SILVERM27OCT26230000CE,SILVERM,27OCT2026,23000000.000000,5,OPTFUT,MCX,50.000000,600,False
560899,SILVERM23NOV26225000CE,SILVERM,23NOV2026,22500000.000000,5,OPTFUT,MCX,50.000000,600,False
560946,SILVERM24SEP26225000PE,SILVERM,24SEP2026,22500000.000000,5,OPTFUT,MCX,50.000000,600,False
560956,SILVERM23NOV26231000PE,SILVERM,23NOV2026,23100000.000000,5,OPTFUT,MCX,50.000000,600,False
560957,SILVERM23NOV26230000PE,SILVERM,23NOV2026,23000000.000000,5,OPTFUT,MCX,50.000000,600,False
560959,SILVERM23NOV26228000PE,SILVERM,23NOV2026,22800000.000000,5,OPTFUT,MCX,50.000000,600,False
561206,GOLD31DEC26197500PE,GOLD,31DEC2026,19750000.000000,1,OPTFUT,MCX,50.000000,100,False
561209,GOLD29JAN27197500PE,GOLD,29JAN2027,19750000.000000,1,OPTFUT,MCX,50.000000,100,False
561232,GOLD25SEP26195500CE,GOLD,25SEP2026,19550000.000000,1,OPTFUT,MCX,50.000000,100,False
561235,GOLD30OCT26196000CE,GOLD,30OCT2026,19600000.000000,1,OPTFUT,MCX,50.000000,100,False
561240,GOLD30OCT26198500CE,GOLD,30OCT2026,19850000.000000,1,OPTFUT,MCX,50.000000,100,False
561259,GOLD29JAN27198000CE,GOLD,29JAN2027,19800000.000000,1,OPTFUT,MCX,50.000000,100,False
561284,GOLD25SEP26193500PE,GOLD,25SEP2026,19350000.000000,1,OPTFUT,MCX,50.000000,100,False
561294,GOLD30OCT26197500PE,GOLD,30OCT2026,19750000.000000,1,OPTFUT,MCX,50.000000,100,False
561297,GOLD30OCT26199000PE,GOLD,30OCT2026,19900000.000000,1,OPTFUT,MCX,50.000000,100,False
561298,GOLD27NOV26195500PE,GOLD,27NOV2026,19550000.000000,1,OPTFUT,MCX,50.000000,100,False
561301,GOLD27NOV26197000PE,GOLD,27NOV2026,19700000.000000,1,OPTFUT,MCX,50.000000,100,False
561317,GOLD29JAN27199000PE,GOLD,29JAN2027,19900000.000000,1,OPTFUT,MCX,50.000000,100,False
561368,SILVER24SEP26344000CE,SILVER,24SEP2026,34400000.000000,30,OPTFUT,MCX,50.000000,600,False
561369,SILVER24SEP26345000CE,SILVER,24SEP2026,34500000.000000,30,OPTFUT,MCX,50.000000,600,False
561375,SILVER27OCT26339000CE,SILVER,27OCT2026,33900000.000000,30,OPTFUT,MCX,50.000000,600,False
561396,SILVER27NOV26348000CE,SILVER,27NOV2026,34800000.000000,30,OPTFUT,MCX,50.000000,600,False
561440,SILVER27OCT26342000PE,SILVER,27OCT2026,34200000.000000,30,OPTFUT,MCX,50.000000,600,False
561452,SILVER27NOV26342000PE,SILVER,27NOV2026,34200000.000000,30,OPTFUT,MCX,50.000000,600,False
561458,SILVER27NOV26348000PE,SILVER,27NOV2026,34800000.000000,30,OPTFUT,MCX,50.000000,600,False
561459,SILVER27NOV26349000PE,SILVER,27NOV2026,34900000.000000,30,OPTFUT,MCX,50.000000,600,False
561471,SILVERM24SEP26343000CE,SILVERM,24SEP2026,34300000.000000,5,OPTFUT,MCX,50.000000,600,False
561672,SILVER27OCT26351000CE,SILVER,27OCT2026,35100000.000000,30,OPTFUT,MCX,50.000000,600,False
561673,SILVER27OCT26352000CE,SILVER,27OCT2026,35200000.000000,30,OPTFUT,MCX,50.000000,600,False
561674,SILVER27NOV26350000CE,SILVER,27NOV2026,35000000.000000,30,OPTFUT,MCX,50.000000,600,False
561675,SILVER27NOV26351000CE,SILVER,27NOV2026,35100000.000000,30,OPTFUT,MCX,50.000000,600,False
561680,SILVER27OCT26350000PE,SILVER,27OCT2026,35000000.000000,30,OPTFUT,MCX,50.000000,600,False
562015,SILVERM27OCT26345000PE,SILVERM,27OCT2026,34500000.000000,5,OPTFUT,MCX,50.000000,600,False
562016,SILVERM27OCT26346000PE,SILVERM,27OCT2026,34600000.000000,5,OPTFUT,MCX,50.000000,600,False
562212,SILVERM23NOV26348000PE,SILVERM,23NOV2026,34800000.000000,5,OPTFUT,MCX,50.000000,600,False
562214,SILVERM23NOV26350000PE,SILVERM,23NOV2026,35000000.000000,5,OPTFUT,MCX,50.000000,600,False
563392,GOLD25SEP26199000CE,GOLD,25SEP2026,19900000.000000,1,OPTFUT,MCX,50.000000,100,False
563401,GOLD30OCT26202000CE,GOLD,30OCT2026,20200000.000000,1,OPTFUT,MCX,50.000000,100,False
563411,GOLD27NOV26201500CE,GOLD,27NOV2026,20150000.000000,1,OPTFUT,MCX,50.000000,100,False
563431,GOLD31DEC26209500CE,GOLD,31DEC2026,20950000.000000,1,OPTFUT,MCX,50.000000,100,False
563432,GOLD31DEC26210000CE,GOLD,31DEC2026,21000000.000000,1,OPTFUT,MCX,50.000000,100,False
563479,GOLD25SEP26198500PE,GOLD,25SEP2026,19850000.000000,1,OPTFUT,MCX,50.000000,100,False
563491,GOLD30OCT26203000PE,GOLD,30OCT2026,20300000.000000,1,OPTFUT,MCX,50.000000,100,False
563513,GOLD31DEC26206500PE,GOLD,31DEC2026,20650000.000000,1,OPTFUT,MCX,50.000000,100,False
563514,GOLD31DEC26207000PE,GOLD,31DEC2026,20700000.000000,1,OPTFUT,MCX,50.000000,100,False
563516,GOLD31DEC26208000PE,GOLD,31DEC2026,20800000.000000,1,OPTFUT,MCX,50.000000,100,False
563522,GOLD29JAN27205000PE,GOLD,29JAN2027,20500000.000000,1,OPTFUT,MCX,50.000000,100,False
563532,GOLD29JAN27210000PE,GOLD,29JAN2027,21000000.000000,1,OPTFUT,MCX,50.000000,100,False
563639,SILVERM24SEP26352000CE,SILVERM,24SEP2026,35200000.000000,5,OPTFUT,MCX,50.000000,600,False
564621,SILVER28DEC26292000CE,SILVER,28DEC2026,29200000.000000,30,OPTFUT,MCX,50.000000,600,False
564623,SILVER25JAN27292000CE,SILVER,25JAN2027,29200000.000000,30,OPTFUT,MCX,50.000000,600,False
564630,SILVERM25JAN27297000PE,SILVERM,25JAN2027,29700000.000000,5,OPTFUT,MCX,50.000000,600,False
564632,SILVERM19FEB27297000PE,SILVERM,19FEB2027,29700000.000000,5,OPTFUT,MCX,50.000000,600,False
564670,SILVER28DEC26281000CE,SILVER,28DEC2026,28100000.000000,30,OPTFUT,MCX,50.000000,600,False
564688,SILVER28DEC26263000CE,SILVER,28DEC2026,26300000.000000,30,OPTFUT,MCX,50.000000,600,False
564690,SILVER28DEC26261000CE,SILVER,28DEC2026,26100000.000000,30,OPTFUT,MCX,50.000000,600,False
564692,SILVER28DEC26259000CE,SILVER,28DEC2026,25900000.000000,30,OPTFUT,MCX,50.000000,600,False
564697,SILVER28DEC26254000CE,SILVER,28DEC2026,25400000.000000,30,OPTFUT,MCX,50.000000,600,False
564700,SILVER28DEC26293000CE,SILVER,28DEC2026,29300000.000000,30,OPTFUT,MCX,50.000000,600,False
564711,SILVER28DEC26304000CE,SILVER,28DEC2026,30400000.000000,30,OPTFUT,MCX,50.000000,600,False
564712,SILVER28DEC26305000CE,SILVER,28DEC2026,30500000.000000,30,OPTFUT,MCX,50.000000,600,False
564714,SILVER28DEC26307000CE,SILVER,28DEC2026,30700000.000000,30,OPTFUT,MCX,50.000000,600,False
564722,SILVER28DEC26315000CE,SILVER,28DEC2026,31500000.000000,30,OPTFUT,MCX,50.000000,600,False
564742,SILVER25JAN27289000CE,SILVER,25JAN2027,28900000.000000,30,OPTFUT,MCX,50.000000,600,False
564773,SILVER25JAN27258000CE,SILVER,25JAN2027,25800000.000000,30,OPTFUT,MCX,50.000000,600,False
564780,SILVER25JAN27293000CE,SILVER,25JAN2027,29300000.000000,30,OPTFUT,MCX,50.000000,600,False
564787,SILVER25JAN27300000CE,SILVER,25JAN2027,30000000.000000,30,OPTFUT,MCX,50.000000,600,False
564790,SILVER25JAN27303000CE,SILVER,25JAN2027,30300000.000000,30,OPTFUT,MCX,50.000000,600,False
564791,SILVER25JAN27304000CE,SILVER,25JAN2027,30400000.000000,30,OPTFUT,MCX,50.000000,600,False
564813,SILVER25JAN27326000CE,SILVER,25JAN2027,32600000.000000,30,OPTFUT,MCX,50.000000,600,False
564814,SILVER25JAN27327000CE,SILVER,25JAN2027,32700000.000000,30,OPTFUT,MCX,50.000000,600,False
564820,SILVER26FEB27291000CE,SILVER,26FEB2027,29100000.000000,30,OPTFUT,MCX,50.000000,600,False
564835,SILVER26FEB27276000CE,SILVER,26FEB2027,27600000.000000,30,OPTFUT,MCX,50.000000,600,False
564840,SILVER26FEB27271000CE,SILVER,26FEB2027,27100000.000000,30,OPTFUT,MCX,50.000000,600,False
564850,SILVER26FEB27261000CE,SILVER,26FEB2027,26100000.000000,30,OPTFUT,MCX,50.000000,600,False
564852,SILVER26FEB27259000CE,SILVER,26FEB2027,25900000.000000,30,OPTFUT,MCX,50.000000,600,False
564858,SILVER26FEB27253000CE,SILVER,26FEB2027,25300000.000000,30,OPTFUT,MCX,50.000000,600,False
564870,SILVER26FEB27303000CE,SILVER,26FEB2027,30300000.000000,30,OPTFUT,MCX,50.000000,600,False
564892,SILVER26FEB27325000CE,SILVER,26FEB2027,32500000.000000,30,OPTFUT,MCX,50.000000,600,False
564907,SILVER28DEC26284000PE,SILVER,28DEC2026,28400000.000000,30,OPTFUT,MCX,50.000000,600,False
564909,SILVER28DEC26282000PE,SILVER,28DEC2026,28200000.000000,30,OPTFUT,MCX,50.000000,600,False
564922,SILVER28DEC26269000PE,SILVER,28DEC2026,26900000.000000,30,OPTFUT,MCX,50.000000,600,False
564925,SILVER28DEC26266000PE,SILVER,28DEC2026,26600000.000000,30,OPTFUT,MCX,50.000000,600,False
564927,SILVER28DEC26264000PE,SILVER,28DEC2026,26400000.000000,30,OPTFUT,MCX,50.000000,600,False
564934,SILVER28DEC26257000PE,SILVER,28DEC2026,25700000.000000,30,OPTFUT,MCX,50.000000,600,False
564946,SILVER28DEC26299000PE,SILVER,28DEC2026,29900000.000000,30,OPTFUT,MCX,50.000000,600,False
564963,SILVER28DEC26316000PE,SILVER,28DEC2026,31600000.000000,30,OPTFUT,MCX,50.000000,600,False
564969,SILVER28DEC26322000PE,SILVER,28DEC2026,32200000.000000,30,OPTFUT,MCX,50.000000,600,False
564977,SILVER28DEC26330000PE,SILVER,28DEC2026,33000000.000000,30,OPTFUT,MCX,50.000000,600,False
564985,SILVER25JAN27286000PE,SILVER,25JAN2027,28600000.000000,30,OPTFUT,MCX,50.000000,600,False
564986,SILVER25JAN27285000PE,SILVER,25JAN2027,28500000.000000,30,OPTFUT,MCX,50.000000,600,False
564995,SILVER25JAN27276000PE,SILVER,25JAN2027,27600000.000000,30,OPTFUT,MCX,50.000000,600,False
564999,SILVER25JAN27272000PE,SILVER,25JAN2027,27200000.000000,30,OPTFUT,MCX,50.000000,600,False
565000,SILVER25JAN27271000PE,SILVER,25JAN2027,27100000.000000,30,OPTFUT,MCX,50.000000,600,False
565008,SILVER25JAN27263000PE,SILVER,25JAN2027,26300000.000000,30,OPTFUT,MCX,50.000000,600,False
565009,SILVER25JAN27262000PE,SILVER,25JAN2027,26200000.000000,30,OPTFUT,MCX,50.000000,600,False
565037,SILVER25JAN27310000PE,SILVER,25JAN2027,31000000.000000,30,OPTFUT,MCX,50.000000,600,False
565065,SILVER26FEB27286000PE,SILVER,26FEB2027,28600000.000000,30,OPTFUT,MCX,50.000000,600,False
565068,SILVER26FEB27283000PE,SILVER,26FEB2027,28300000.000000,30,OPTFUT,MCX,50.000000,600,False
565073,SILVER26FEB27278000PE,SILVER,26FEB2027,27800000.000000,30,OPTFUT,MCX,50.000000,600,False
565078,SILVER26FEB27273000PE,SILVER,26FEB2027,27300000.000000,30,OPTFUT,MCX,50.000000,600,False
565086,SILVER26FEB27265000PE,SILVER,26FEB2027,26500000.000000,30,OPTFUT,MCX,50.000000,600,False
565087,SILVER26FEB27264000PE,SILVER,26FEB2027,26400000.000000,30,OPTFUT,MCX,50.000000,600,False
565088,SILVER26FEB27263000PE,SILVER,26FEB2027,26300000.000000,30,OPTFUT,MCX,50.000000,600,False
565090,SILVER26FEB27261000PE,SILVER,26FEB2027,26100000.000000,30,OPTFUT,MCX,50.000000,600,False
565104,SILVER26FEB27297000PE,SILVER,26FEB2027,29700000.000000,30,OPTFUT,MCX,50.000000,600,False
565105,SILVER26FEB27298000PE,SILVER,26FEB2027,29800000.000000,30,OPTFUT,MCX,50.000000,600,False
565106,SILVER26FEB27299000PE,SILVER,26FEB2027,29900000.000000,30,OPTFUT,MCX,50.000000,600,False
565107,SILVER26FEB27300000PE,SILVER,26FEB2027,30000000.000000,30,OPTFUT,MCX,50.000000,600,False
565116,SILVER26FEB27309000PE,SILVER,26FEB2027,30900000.000000,30,OPTFUT,MCX,50.000000,600,False
565123,SILVER26FEB27316000PE,SILVER,26FEB2027,31600000.000000,30,OPTFUT,MCX,50.000000,600,False
565126,SILVER26FEB27319000PE,SILVER,26FEB2027,31900000.000000,30,OPTFUT,MCX,50.000000,600,False
565136,SILVER26FEB27329000PE,SILVER,26FEB2027,32900000.000000,30,OPTFUT,MCX,50.000000,600,False
565152,SILVERM28DEC26284000CE,SILVERM,28DEC2026,28400000.000000,5,OPTFUT,MCX,50.000000,600,False
565153,SILVERM28DEC26283000CE,SILVERM,28DEC2026,28300000.000000,5,OPTFUT,MCX,50.000000,600,False
565156,SILVERM28DEC26280000CE,SILVERM,28DEC2026,28000000.000000,5,OPTFUT,MCX,50.000000,600,False
565157,SILVERM28DEC26279000CE,SILVERM,28DEC2026,27900000.000000,5,OPTFUT,MCX,50.000000,600,False
565158,SILVERM28DEC26278000CE,SILVERM,28DEC2026,27800000.000000,5,OPTFUT,MCX,50.000000,600,False
565160,SILVERM28DEC26276000CE,SILVERM,28DEC2026,27600000.000000,5,OPTFUT,MCX,50.000000,600,False
565173,SILVERM28DEC26263000CE,SILVERM,28DEC2026,26300000.000000,5,OPTFUT,MCX,50.000000,600,False
565177,SILVERM28DEC26259000CE,SILVERM,28DEC2026,25900000.000000,5,OPTFUT,MCX,50.000000,600,False
565188,SILVERM28DEC26306000CE,SILVERM,28DEC2026,30600000.000000,5,OPTFUT,MCX,50.000000,600,False
565191,SILVERM28DEC26309000CE,SILVERM,28DEC2026,30900000.000000,5,OPTFUT,MCX,50.000000,600,False
565216,SILVERM28DEC26334000CE,SILVERM,28DEC2026,33400000.000000,5,OPTFUT,MCX,50.000000,600,False
565227,SILVERM25JAN27289000CE,SILVERM,25JAN2027,28900000.000000,5,OPTFUT,MCX,50.000000,600,False
565228,SILVERM25JAN27288000CE,SILVERM,25JAN2027,28800000.000000,5,OPTFUT,MCX,50.000000,600,False
565236,SILVERM25JAN27280000CE,SILVERM,25JAN2027,28000000.000000,5,OPTFUT,MCX,50.000000,600,False
565238,SILVERM25JAN27278000CE,SILVERM,25JAN2027,27800000.000000,5,OPTFUT,MCX,50.000000,600,False
565239,SILVERM25JAN27277000CE,SILVERM,25JAN2027,27700000.000000,5,OPTFUT,MCX,50.000000,600,False
565247,SILVERM25JAN27269000CE,SILVERM,25JAN2027,26900000.000000,5,OPTFUT,MCX,50.000000,600,False
565256,SILVERM25JAN27260000CE,SILVERM,25JAN2027,26000000.000000,5,OPTFUT,MCX,50.000000,600,False
565259,SILVERM25JAN27257000CE,SILVERM,25JAN2027,25700000.000000,5,OPTFUT,MCX,50.000000,600,False
565269,SILVERM25JAN27307000CE,SILVERM,25JAN2027,30700000.000000,5,OPTFUT,MCX,50.000000,600,False
565275,SILVERM25JAN27313000CE,SILVERM,25JAN2027,31300000.000000,5,OPTFUT,MCX,50.000000,600,False
565289,SILVERM25JAN27327000CE,SILVERM,25JAN2027,32700000.000000,5,OPTFUT,MCX,50.000000,600,False
565291,SILVERM25JAN27329000CE,SILVERM,25JAN2027,32900000.000000,5,OPTFUT,MCX,50.000000,600,False
565292,SILVERM25JAN27330000CE,SILVERM,25JAN2027,33000000.000000,5,OPTFUT,MCX,50.000000,600,False
565293,SILVERM25JAN27331000CE,SILVERM,25JAN2027,33100000.000000,5,OPTFUT,MCX,50.000000,600,False
565300,SILVERM19FEB27296000CE,SILVERM,19FEB2027,29600000.000000,5,OPTFUT,MCX,50.000000,600,False
565306,SILVERM19FEB27290000CE,SILVERM,19FEB2027,29000000.000000,5,OPTFUT,MCX,50.000000,600,False
565342,SILVERM19FEB27300000CE,SILVERM,19FEB2027,30000000.000000,5,OPTFUT,MCX,50.000000,600,False
565346,SILVERM19FEB27304000CE,SILVERM,19FEB2027,30400000.000000,5,OPTFUT,MCX,50.000000,600,False
565350,SILVERM19FEB27308000CE,SILVERM,19FEB2027,30800000.000000,5,OPTFUT,MCX,50.000000,600,False
565356,SILVERM19FEB27314000CE,SILVERM,19FEB2027,31400000.000000,5,OPTFUT,MCX,50.000000,600,False
565374,SILVERM19FEB27332000CE,SILVERM,19FEB2027,33200000.000000,5,OPTFUT,MCX,50.000000,600,False
565387,SILVERM28DEC26289000PE,SILVERM,28DEC2026,28900000.000000,5,OPTFUT,MCX,50.000000,600,False
565392,SILVERM28DEC26284000PE,SILVERM,28DEC2026,28400000.000000,5,OPTFUT,MCX,50.000000,600,False
565394,SILVERM28DEC26282000PE,SILVERM,28DEC2026,28200000.000000,5,OPTFUT,MCX,50.000000,600,False
565395,SILVERM28DEC26281000PE,SILVERM,28DEC2026,28100000.000000,5,OPTFUT,MCX,50.000000,600,False
565401,SILVERM28DEC26275000PE,SILVERM,28DEC2026,27500000.000000,5,OPTFUT,MCX,50.000000,600,False
565406,SILVERM28DEC26270000PE,SILVERM,28DEC2026,27000000.000000,5,OPTFUT,MCX,50.000000,600,False
565412,SILVERM28DEC26264000PE,SILVERM,28DEC2026,26400000.000000,5,OPTFUT,MCX,50.000000,600,False
565419,SILVERM28DEC26257000PE,SILVERM,28DEC2026,25700000.000000,5,OPTFUT,MCX,50.000000,600,False
565427,SILVERM28DEC26305000PE,SILVERM,28DEC2026,30500000.000000,5,OPTFUT,MCX,50.000000,600,False
565455,SILVERM28DEC26333000PE,SILVERM,28DEC2026,33300000.000000,5,OPTFUT,MCX,50.000000,600,False
565457,SILVERM28DEC26335000PE,SILVERM,28DEC2026,33500000.000000,5,OPTFUT,MCX,50.000000,600,False
565492,SILVERM25JAN27264000PE,SILVERM,25JAN2027,26400000.000000,5,OPTFUT,MCX,50.000000,600,False
565495,SILVERM25JAN27261000PE,SILVERM,25JAN2027,26100000.000000,5,OPTFUT,MCX,50.000000,600,False
565496,SILVERM25JAN27260000PE,SILVERM,25JAN2027,26000000.000000,5,OPTFUT,MCX,50.000000,600,False
565507,SILVERM25JAN27305000PE,SILVERM,25JAN2027,30500000.000000,5,OPTFUT,MCX,50.000000,600,False
565513,SILVERM25JAN27311000PE,SILVERM,25JAN2027,31100000.000000,5,OPTFUT,MCX,50.000000,600,False
565518,SILVERM25JAN27316000PE,SILVERM,25JAN2027,31600000.000000,5,OPTFUT,MCX,50.000000,600,False
565530,SILVERM25JAN27328000PE,SILVERM,25JAN2027,32800000.000000,5,OPTFUT,MCX,50.000000,600,False
565543,SILVERM19FEB27293000PE,SILVERM,19FEB2027,29300000.000000,5,OPTFUT,MCX,50.000000,600,False
565544,SILVERM19FEB27292000PE,SILVERM,19FEB2027,29200000.000000,5,OPTFUT,MCX,50.000000,600,False
565555,SILVERM19FEB27281000PE,SILVERM,19FEB2027,28100000.000000,5,OPTFUT,MCX,50.000000,600,False
565571,SILVERM19FEB27265000PE,SILVERM,19FEB2027,26500000.000000,5,OPTFUT,MCX,50.000000,600,False
565573,SILVERM19FEB27263000PE,SILVERM,19FEB2027,26300000.000000,5,OPTFUT,MCX,50.000000,600,False
565578,SILVERM19FEB27258000PE,SILVERM,19FEB2027,25800000.000000,5,OPTFUT,MCX,50.000000,600,False
565583,SILVERM19FEB27301000PE,SILVERM,19FEB2027,30100000.000000,5,OPTFUT,MCX,50.000000,600,False
565584,SILVERM19FEB27302000PE,SILVERM,19FEB2027,30200000.000000,5,OPTFUT,MCX,50.000000,600,False
565588,SILVERM19FEB27306000PE,SILVERM,19FEB2027,30600000.000000,5,OPTFUT,MCX,50.000000,600,False
565598,SILVERM19FEB27316000PE,SILVERM,19FEB2027,31600000.000000,5,OPTFUT,MCX,50.000000,600,False
565664,SILVER28DEC26251000CE,SILVER,28DEC2026,25100000.000000,30,OPTFUT,MCX,50.000000,600,False
565665,SILVER28DEC26250000CE,SILVER,28DEC2026,25000000.000000,30,OPTFUT,MCX,50.000000,600,False
565683,SILVER25JAN27248000PE,SILVER,25JAN2027,24800000.000000,30,OPTFUT,MCX,50.000000,600,False
565689,SILVERM28DEC26255000CE,SILVERM,28DEC2026,25500000.000000,5,OPTFUT,MCX,50.000000,600,False
565698,SILVERM28DEC26255000PE,SILVERM,28DEC2026,25500000.000000,5,OPTFUT,MCX,50.000000,600,False
565703,SILVERM19FEB27256000PE,SILVERM,19FEB2027,25600000.000000,5,OPTFUT,MCX,50.000000,600,False
565728,SILVER25JAN27247000CE,SILVER,25JAN2027,24700000.000000,30,OPTFUT,MCX,50.000000,600,False
565741,SILVERM28DEC26250000CE,SILVERM,28DEC2026,25000000.000000,5,OPTFUT,MCX,50.000000,600,False
565745,SILVERM25JAN27250000CE,SILVERM,25JAN2027,25000000.000000,5,OPTFUT,MCX,50.000000,600,False
565746,SILVERM19FEB27253000CE,SILVERM,19FEB2027,25300000.000000,5,OPTFUT,MCX,50.000000,600,False
565749,SILVERM19FEB27250000CE,SILVERM,19FEB2027,25000000.000000,5,OPTFUT,MCX,50.000000,600,False
565751,SILVERM28DEC26252000PE,SILVERM,28DEC2026,25200000.000000,5,OPTFUT,MCX,50.000000,600,False
565757,SILVERM25JAN27250000PE,SILVERM,25JAN2027,25000000.000000,5,OPTFUT,MCX,50.000000,600,False
565815,SILVER28DEC26242000CE,SILVER,28DEC2026,24200000.000000,30,OPTFUT,MCX,50.000000,600,False
565817,SILVER25JAN27245000CE,SILVER,25JAN2027,24500000.000000,30,OPTFUT,MCX,50.000000,600,False
565819,SILVER25JAN27243000CE,SILVER,25JAN2027,24300000.000000,30,OPTFUT,MCX,50.000000,600,False
565828,SILVER28DEC26244000PE,SILVER,28DEC2026,24400000.000000,30,OPTFUT,MCX,50.000000,600,False
565847,SILVERM25JAN27248000CE,SILVERM,25JAN2027,24800000.000000,5,OPTFUT,MCX,50.000000,600,False
565854,SILVERM28DEC26249000PE,SILVERM,28DEC2026,24900000.000000,5,OPTFUT,MCX,50.000000,600,False
565865,SILVERM19FEB27246000PE,SILVERM,19FEB2027,24600000.000000,5,OPTFUT,MCX,50.000000,600,False
566323,GOLD30OCT26135500CE,GOLD,30OCT2026,13550000.000000,1,OPTFUT,MCX,50.000000,100,False
566337,GOLD27NOV26135000CE,GOLD,27NOV2026,13500000.000000,1,OPTFUT,MCX,50.000000,100,False
566413,GOLD25SEP26133000PE,GOLD,25SEP2026,13300000.000000,1,OPTFUT,MCX,50.000000,100,False
566417,GOLD25SEP26131000PE,GOLD,25SEP2026,13100000.000000,1,OPTFUT,MCX,50.000000,100,False
566438,GOLD27NOV26136500PE,GOLD,27NOV2026,13650000.000000,1,OPTFUT,MCX,50.000000,100,False
566440,GOLD27NOV26135500PE,GOLD,27NOV2026,13550000.000000,1,OPTFUT,MCX,50.000000,100,False
566457,GOLD31DEC26136500PE,GOLD,31DEC2026,13650000.000000,1,OPTFUT,MCX,50.000000,100,False
566466,GOLD29JAN27138000PE,GOLD,29JAN2027,13800000.000000,1,OPTFUT,MCX,50.000000,100,False
566566,SILVER27OCT26213000CE,SILVER,27OCT2026,21300000.000000,30,OPTFUT,MCX,50.000000,600,False
566579,SILVER28DEC26239000CE,SILVER,28DEC2026,23900000.000000,30,OPTFUT,MCX,50.000000,600,False
566598,SILVER28DEC26220000CE,SILVER,28DEC2026,22000000.000000,30,OPTFUT,MCX,50.000000,600,False
566608,SILVER25JAN27233000CE,SILVER,25JAN2027,23300000.000000,30,OPTFUT,MCX,50.000000,600,False
566614,SILVER25JAN27227000CE,SILVER,25JAN2027,22700000.000000,30,OPTFUT,MCX,50.000000,600,False
566616,SILVER25JAN27225000CE,SILVER,25JAN2027,22500000.000000,30,OPTFUT,MCX,50.000000,600,False
566633,SILVER26FEB27231000CE,SILVER,26FEB2027,23100000.000000,30,OPTFUT,MCX,50.000000,600,False
566642,SILVER26FEB27222000CE,SILVER,26FEB2027,22200000.000000,30,OPTFUT,MCX,50.000000,600,False
566675,SILVER24SEP26212000PE,SILVER,24SEP2026,21200000.000000,30,OPTFUT,MCX,50.000000,600,False
566680,SILVER27OCT26215000PE,SILVER,27OCT2026,21500000.000000,30,OPTFUT,MCX,50.000000,600,False
566690,SILVER27NOV26213000PE,SILVER,27NOV2026,21300000.000000,30,OPTFUT,MCX,50.000000,600,False
566707,SILVER28DEC26227000PE,SILVER,28DEC2026,22700000.000000,30,OPTFUT,MCX,50.000000,600,False
566709,SILVER28DEC26225000PE,SILVER,28DEC2026,22500000.000000,30,OPTFUT,MCX,50.000000,600,False
566715,SILVER28DEC26219000PE,SILVER,28DEC2026,21900000.000000,30,OPTFUT,MCX,50.000000,600,False
566729,SILVER25JAN27228000PE,SILVER,25JAN2027,22800000.000000,30,OPTFUT,MCX,50.000000,600,False
566731,SILVER25JAN27226000PE,SILVER,25JAN2027,22600000.000000,30,OPTFUT,MCX,50.000000,600,False
566732,SILVER25JAN27225000PE,SILVER,25JAN2027,22500000.000000,30,OPTFUT,MCX,50.000000,600,False
566750,SILVER26FEB27230000PE,SILVER,26FEB2027,23000000.000000,30,OPTFUT,MCX,50.000000,600,False
566753,SILVER26FEB27227000PE,SILVER,26FEB2027,22700000.000000,30,OPTFUT,MCX,50.000000,600,False
566777,SILVERM27OCT26221000CE,SILVERM,27OCT2026,22100000.000000,5,OPTFUT,MCX,50.000000,600,False
566789,SILVERM28DEC26240000CE,SILVERM,28DEC2026,24000000.000000,5,OPTFUT,MCX,50.000000,600,False
566835,SILVERM19FEB27238000CE,SILVERM,19FEB2027,23800000.000000,5,OPTFUT,MCX,50.000000,600,False
566838,SILVERM19FEB27235000CE,SILVERM,19FEB2027,23500000.000000,5,OPTFUT,MCX,50.000000,600,False
566840,SILVERM19FEB27233000CE,SILVERM,19FEB2027,23300000.000000,5,OPTFUT,MCX,50.000000,600,False
566857,SILVERM24SEP26223000PE,SILVERM,24SEP2026,22300000.000000,5,OPTFUT,MCX,50.000000,600,False
566867,SILVERM23NOV26223000PE,SILVERM,23NOV2026,22300000.000000,5,OPTFUT,MCX,50.000000,600,False
566877,SILVERM28DEC26239000PE,SILVERM,28DEC2026,23900000.000000,5,OPTFUT,MCX,50.000000,600,False
566882,SILVERM28DEC26234000PE,SILVERM,28DEC2026,23400000.000000,5,OPTFUT,MCX,50.000000,600,False
566885,SILVERM28DEC26231000PE,SILVERM,28DEC2026,23100000.000000,5,OPTFUT,MCX,50.000000,600,False
566891,SILVERM28DEC26225000PE,SILVERM,28DEC2026,22500000.000000,5,OPTFUT,MCX,50.000000,600,False
566898,SILVERM25JAN27240000PE,SILVERM,25JAN2027,24000000.000000,5,OPTFUT,MCX,50.000000,600,False
566904,SILVERM25JAN27234000PE,SILVERM,25JAN2027,23400000.000000,5,OPTFUT,MCX,50.000000,600,False
566905,SILVERM25JAN27233000PE,SILVERM,25JAN2027,23300000.000000,5,OPTFUT,MCX,50.000000,600,False
566910,SILVERM25JAN27228000PE,SILVERM,25JAN2027,22800000.000000,5,OPTFUT,MCX,50.000000,600,False
566911,SILVERM25JAN27227000PE,SILVERM,25JAN2027,22700000.000000,5,OPTFUT,MCX,50.000000,600,False
567,MCXCOMPDEXCOM,MCXCOMPDEX,,0.000000,1,COMDTY,MCX,1.000000,99999999,False
566924,SILVERM19FEB27236000PE,SILVERM,19FEB2027,23600000.000000,5,OPTFUT,MCX,50.000000,600,False
566927,SILVERM19FEB27233000PE,SILVERM,19FEB2027,23300000.000000,5,OPTFUT,MCX,50.000000,600,False
567356,SILVER28DEC26216000CE,SILVER,28DEC2026,21600000.000000,30,OPTFUT,MCX,50.000000,600,False
567378,SILVER28DEC26216000PE,SILVER,28DEC2026,21600000.000000,30,OPTFUT,MCX,50.000000,600,False
567380,SILVER25JAN27216000PE,SILVER,25JAN2027,21600000.000000,30,OPTFUT,MCX,50.000000,600,False
567405,SILVERM28DEC26222000CE,SILVERM,28DEC2026,22200000.000000,5,OPTFUT,MCX,50.000000,600,False
567427,SILVERM24SEP26217000PE,SILVERM,24SEP2026,21700000.000000,5,OPTFUT,MCX,50.000000,600,False
567583,GOLD27NOV26126000CE,GOLD,27NOV2026,12600000.000000,1,OPTFUT,MCX,50.000000,100,False
567433,SILVERM23NOV26217000PE,SILVERM,23NOV2026,21700000.000000,5,OPTFUT,MCX,50.000000,600,False
567435,SILVERM28DEC26222000PE,SILVERM,28DEC2026,22200000.000000,5,OPTFUT,MCX,50.000000,600,False
567550,GOLD25SEP26126000CE,GOLD,25SEP2026,12600000.000000,1,OPTFUT,MCX,50.000000,100,False
567587,GOLD31DEC26134500CE,GOLD,31DEC2026,13450000.000000,1,OPTFUT,MCX,50.000000,100,False
567599,GOLD31DEC26128500CE,GOLD,31DEC2026,12850000.000000,1,OPTFUT,MCX,50.000000,100,False
567604,GOLD29JAN27133500CE,GOLD,29JAN2027,13350000.000000,1,OPTFUT,MCX,50.000000,100,False
567610,GOLD29JAN27130500CE,GOLD,29JAN2027,13050000.000000,1,OPTFUT,MCX,50.000000,100,False
567656,GOLD25SEP26128000PE,GOLD,25SEP2026,12800000.000000,1,OPTFUT,MCX,50.000000,100,False
567664,GOLD25SEP26124000PE,GOLD,25SEP2026,12400000.000000,1,OPTFUT,MCX,50.000000,100,False
567674,GOLD30OCT26128500PE,GOLD,30OCT2026,12850000.000000,1,OPTFUT,MCX,50.000000,100,False
567675,GOLD30OCT26128000PE,GOLD,30OCT2026,12800000.000000,1,OPTFUT,MCX,50.000000,100,False
567691,GOLD27NOV26127000PE,GOLD,27NOV2026,12700000.000000,1,OPTFUT,MCX,50.000000,100,False
567694,GOLD27NOV26125500PE,GOLD,27NOV2026,12550000.000000,1,OPTFUT,MCX,50.000000,100,False
567697,GOLD31DEC26134500PE,GOLD,31DEC2026,13450000.000000,1,OPTFUT,MCX,50.000000,100,False
567698,GOLD31DEC26134000PE,GOLD,31DEC2026,13400000.000000,1,OPTFUT,MCX,50.000000,100,False
567699,GOLD31DEC26133500PE,GOLD,31DEC2026,13350000.000000,1,OPTFUT,MCX,50.000000,100,False
567713,GOLD29JAN27134000PE,GOLD,29JAN2027,13400000.000000,1,OPTFUT,MCX,50.000000,100,False
567716,GOLD29JAN27132500PE,GOLD,29JAN2027,13250000.000000,1,OPTFUT,MCX,50.000000,100,False
567799,SILVER24SEP26206000CE,SILVER,24SEP2026,20600000.000000,30,OPTFUT,MCX,50.000000,600,False
567802,SILVER24SEP26203000CE,SILVER,24SEP2026,20300000.000000,30,OPTFUT,MCX,50.000000,600,False
567805,SILVER27OCT26205000CE,SILVER,27OCT2026,20500000.000000,30,OPTFUT,MCX,50.000000,600,False
567816,SILVER28DEC26212000CE,SILVER,28DEC2026,21200000.000000,30,OPTFUT,MCX,50.000000,600,False
567820,SILVER25JAN27214000CE,SILVER,25JAN2027,21400000.000000,30,OPTFUT,MCX,50.000000,600,False
567866,SILVER25JAN27212000PE,SILVER,25JAN2027,21200000.000000,30,OPTFUT,MCX,50.000000,600,False
567868,SILVER25JAN27210000PE,SILVER,25JAN2027,21000000.000000,30,OPTFUT,MCX,50.000000,600,False
567871,SILVER26FEB27213000PE,SILVER,26FEB2027,21300000.000000,30,OPTFUT,MCX,50.000000,600,False
567885,SILVERM24SEP26214000CE,SILVERM,24SEP2026,21400000.000000,5,OPTFUT,MCX,50.000000,600,False
567906,SILVERM19FEB27217000CE,SILVERM,19FEB2027,21700000.000000,5,OPTFUT,MCX,50.000000,600,False
567920,SILVERM27OCT26215000PE,SILVERM,27OCT2026,21500000.000000,5,OPTFUT,MCX,50.000000,600,False
567932,SILVERM25JAN27219000PE,SILVERM,25JAN2027,21900000.000000,5,OPTFUT,MCX,50.000000,600,False
568048,SILVERM25JAN27216000CE,SILVERM,25JAN2027,21600000.000000,5,OPTFUT,MCX,50.000000,600,False
568069,SILVERM19FEB27216000PE,SILVERM,19FEB2027,21600000.000000,5,OPTFUT,MCX,50.000000,600,False
568425,SILVER24SEP26201000CE,SILVER,24SEP2026,20100000.000000,30,OPTFUT,MCX,50.000000,600,False
568426,SILVER24SEP26200000CE,SILVER,24SEP2026,20000000.000000,30,OPTFUT,MCX,50.000000,600,False
568429,SILVER27OCT26201000CE,SILVER,27OCT2026,20100000.000000,30,OPTFUT,MCX,50.000000,600,False
568430,SILVER27OCT26200000CE,SILVER,27OCT2026,20000000.000000,30,OPTFUT,MCX,50.000000,600,False
568438,SILVER28DEC26208000CE,SILVER,28DEC2026,20800000.000000,30,OPTFUT,MCX,50.000000,600,False
568465,SILVER24SEP26199000PE,SILVER,24SEP2026,19900000.000000,30,OPTFUT,MCX,50.000000,600,False
568469,SILVER27OCT26199000PE,SILVER,27OCT2026,19900000.000000,30,OPTFUT,MCX,50.000000,600,False
568478,SILVER28DEC26206000PE,SILVER,28DEC2026,20600000.000000,30,OPTFUT,MCX,50.000000,600,False
568484,SILVER26FEB27208000PE,SILVER,26FEB2027,20800000.000000,30,OPTFUT,MCX,50.000000,600,False
568511,SILVERM23NOV26207000CE,SILVERM,23NOV2026,20700000.000000,5,OPTFUT,MCX,50.000000,600,False
568516,SILVERM28DEC26211000CE,SILVERM,28DEC2026,21100000.000000,5,OPTFUT,MCX,50.000000,600,False
568519,SILVERM25JAN27212000CE,SILVERM,25JAN2027,21200000.000000,5,OPTFUT,MCX,50.000000,600,False
568540,SILVERM24SEP26206000PE,SILVERM,24SEP2026,20600000.000000,5,OPTFUT,MCX,50.000000,600,False
568549,SILVERM23NOV26207000PE,SILVERM,23NOV2026,20700000.000000,5,OPTFUT,MCX,50.000000,600,False
568557,SILVERM25JAN27212000PE,SILVERM,25JAN2027,21200000.000000,5,OPTFUT,MCX,50.000000,600,False
569,MCXMETLDEXCOM,MCXMETLDEX,,0.000000,50,COMDTY,MCX,100.000000,99999999,False
568561,SILVERM19FEB27212000PE,SILVERM,19FEB2027,21200000.000000,5,OPTFUT,MCX,50.000000,600,False
568839,GOLDPETAL30SEP26FUT,GOLDPETAL,30SEP2026,0.000000,1,FUTCOM,MCX,100.000000,10000,False
569424,GOLD05APR27FUT,GOLD,05APR2027,0.000000,1,FUTCOM,MCX,100.000000,10,False
569426,GOLD26FEB27164500PE,GOLD,26FEB2027,16450000.000000,1,OPTFUT,MCX,50.000000,100,False
569438,GOLD26FEB27161500CE,GOLD,26FEB2027,16150000.000000,1,OPTFUT,MCX,50.000000,100,False
569464,GOLD26FEB27148500CE,GOLD,26FEB2027,14850000.000000,1,OPTFUT,MCX,50.000000,100,False
569473,GOLD26FEB27144000CE,GOLD,26FEB2027,14400000.000000,1,OPTFUT,MCX,50.000000,100,False
569483,GOLD26FEB27165000CE,GOLD,26FEB2027,16500000.000000,1,OPTFUT,MCX,50.000000,100,False
569485,GOLD26FEB27166000CE,GOLD,26FEB2027,16600000.000000,1,OPTFUT,MCX,50.000000,100,False
569494,GOLD26FEB27170500CE,GOLD,26FEB2027,17050000.000000,1,OPTFUT,MCX,50.000000,100,False
569501,GOLD26FEB27174000CE,GOLD,26FEB2027,17400000.000000,1,OPTFUT,MCX,50.000000,100,False
569510,GOLD26FEB27178500CE,GOLD,26FEB2027,17850000.000000,1,OPTFUT,MCX,50.000000,100,False
569533,GOLD29MAR27164000CE,GOLD,29MAR2027,16400000.000000,1,OPTFUT,MCX,50.000000,100,False
569551,GOLD29MAR27155000CE,GOLD,29MAR2027,15500000.000000,1,OPTFUT,MCX,50.000000,100,False
569563,GOLD29MAR27149000CE,GOLD,29MAR2027,14900000.000000,1,OPTFUT,MCX,50.000000,100,False
569564,GOLD29MAR27148500CE,GOLD,29MAR2027,14850000.000000,1,OPTFUT,MCX,50.000000,100,False
569573,GOLD29MAR27144000CE,GOLD,29MAR2027,14400000.000000,1,OPTFUT,MCX,50.000000,100,False
569580,GOLD29MAR27140500CE,GOLD,29MAR2027,14050000.000000,1,OPTFUT,MCX,50.000000,100,False
569588,GOLD29MAR27167500CE,GOLD,29MAR2027,16750000.000000,1,OPTFUT,MCX,50.000000,100,False
569597,GOLD29MAR27172000CE,GOLD,29MAR2027,17200000.000000,1,OPTFUT,MCX,50.000000,100,False
569612,GOLD29MAR27179500CE,GOLD,29MAR2027,17950000.000000,1,OPTFUT,MCX,50.000000,100,False
569615,GOLD29MAR27181000CE,GOLD,29MAR2027,18100000.000000,1,OPTFUT,MCX,50.000000,100,False
569620,GOLD29MAR27183500CE,GOLD,29MAR2027,18350000.000000,1,OPTFUT,MCX,50.000000,100,False
569633,GOLD26FEB27164000PE,GOLD,26FEB2027,16400000.000000,1,OPTFUT,MCX,50.000000,100,False
569648,GOLD26FEB27156500PE,GOLD,26FEB2027,15650000.000000,1,OPTFUT,MCX,50.000000,100,False
569651,GOLD26FEB27155000PE,GOLD,26FEB2027,15500000.000000,1,OPTFUT,MCX,50.000000,100,False
569665,GOLD26FEB27148000PE,GOLD,26FEB2027,14800000.000000,1,OPTFUT,MCX,50.000000,100,False
569684,GOLD26FEB27165500PE,GOLD,26FEB2027,16550000.000000,1,OPTFUT,MCX,50.000000,100,False
569701,GOLD26FEB27174000PE,GOLD,26FEB2027,17400000.000000,1,OPTFUT,MCX,50.000000,100,False
569703,GOLD26FEB27175000PE,GOLD,26FEB2027,17500000.000000,1,OPTFUT,MCX,50.000000,100,False
569707,GOLD26FEB27177000PE,GOLD,26FEB2027,17700000.000000,1,OPTFUT,MCX,50.000000,100,False
569711,GOLD26FEB27179000PE,GOLD,26FEB2027,17900000.000000,1,OPTFUT,MCX,50.000000,100,False
569713,GOLD26FEB27180000PE,GOLD,26FEB2027,18000000.000000,1,OPTFUT,MCX,50.000000,100,False
569761,GOLD29MAR27150000PE,GOLD,29MAR2027,15000000.000000,1,OPTFUT,MCX,50.000000,100,False
569765,GOLD29MAR27148000PE,GOLD,29MAR2027,14800000.000000,1,OPTFUT,MCX,50.000000,100,False
569767,GOLD29MAR27147000PE,GOLD,29MAR2027,14700000.000000,1,OPTFUT,MCX,50.000000,100,False
569787,GOLD29MAR27167000PE,GOLD,29MAR2027,16700000.000000,1,OPTFUT,MCX,50.000000,100,False
569792,GOLD29MAR27169500PE,GOLD,29MAR2027,16950000.000000,1,OPTFUT,MCX,50.000000,100,False
569805,GOLD29MAR27176000PE,GOLD,29MAR2027,17600000.000000,1,OPTFUT,MCX,50.000000,100,False
569813,GOLD29MAR27180000PE,GOLD,29MAR2027,18000000.000000,1,OPTFUT,MCX,50.000000,100,False
569830,GOLD29MAR27188500PE,GOLD,29MAR2027,18850000.000000,1,OPTFUT,MCX,50.000000,100,False
569843,GOLD29MAR27190000CE,GOLD,29MAR2027,19000000.000000,1,OPTFUT,MCX,50.000000,100,False
569875,GOLD29MAR27192500CE,GOLD,29MAR2027,19250000.000000,1,OPTFUT,MCX,50.000000,100,False
571206,GOLD26FEB27139000CE,GOLD,26FEB2027,13900000.000000,1,OPTFUT,MCX,50.000000,100,False
571207,GOLD29MAR27139000CE,GOLD,29MAR2027,13900000.000000,1,OPTFUT,MCX,50.000000,100,False
571296,ALUMINI30SEP26FUT,ALUMINI,30SEP2026,0.000000,1,FUTCOM,MCX,5.000000,150,False
571298,COPPER30SEP26FUT,COPPER,30SEP2026,0.000000,2500,FUTCOM,MCX,5.000000,70000,False
571303,ZINC30SEP26FUT,ZINC,30SEP2026,0.000000,5,FUTCOM,MCX,5.000000,100,False
571304,NICKEL16SEP26FUT,NICKEL,16SEP2026,0.000000,250,FUTCOM,MCX,10.000000,24000,False
571404,CARDAMOM30SEP26FUT,CARDAMOM,30SEP2026,0.000000,100,FUTCOM,MCX,100.000000,5000,False
571883,GOLD26FEB27196000PE,GOLD,26FEB2027,19600000.000000,1,OPTFUT,MCX,50.000000,100,False
571891,SILVER28DEC26333000CE,SILVER,28DEC2026,33300000.000000,30,OPTFUT,MCX,50.000000,600,False
571894,SILVER28DEC26336000CE,SILVER,28DEC2026,33600000.000000,30,OPTFUT,MCX,50.000000,600,False
571901,SILVER25JAN27336000CE,SILVER,25JAN2027,33600000.000000,30,OPTFUT,MCX,50.000000,600,False
571903,SILVER25JAN27338000CE,SILVER,25JAN2027,33800000.000000,30,OPTFUT,MCX,50.000000,600,False
571909,SILVER26FEB27337000CE,SILVER,26FEB2027,33700000.000000,30,OPTFUT,MCX,50.000000,600,False
571918,SILVER28DEC26339000PE,SILVER,28DEC2026,33900000.000000,30,OPTFUT,MCX,50.000000,600,False
571923,SILVER25JAN27337000PE,SILVER,25JAN2027,33700000.000000,30,OPTFUT,MCX,50.000000,600,False
571927,SILVER26FEB27334000PE,SILVER,26FEB2027,33400000.000000,30,OPTFUT,MCX,50.000000,600,False
571929,SILVER26FEB27336000PE,SILVER,26FEB2027,33600000.000000,30,OPTFUT,MCX,50.000000,600,False
571999,SILVER26FEB27340000PE,SILVER,26FEB2027,34000000.000000,30,OPTFUT,MCX,50.000000,600,False
572015,SILVERM25JAN27340000PE,SILVERM,25JAN2027,34000000.000000,5,OPTFUT,MCX,50.000000,600,False
572017,SILVERM19FEB27339000PE,SILVERM,19FEB2027,33900000.000000,5,OPTFUT,MCX,50.000000,600,False
572036,GOLD26FEB27198000CE,GOLD,26FEB2027,19800000.000000,1,OPTFUT,MCX,50.000000,100,False
572061,GOLD29MAR27199000CE,GOLD,29MAR2027,19900000.000000,1,OPTFUT,MCX,50.000000,100,False
572074,GOLD29MAR27205500CE,GOLD,29MAR2027,20550000.000000,1,OPTFUT,MCX,50.000000,100,False
572075,GOLD29MAR27206000CE,GOLD,29MAR2027,20600000.000000,1,OPTFUT,MCX,50.000000,100,False
572093,GOLD26FEB27203500PE,GOLD,26FEB2027,20350000.000000,1,OPTFUT,MCX,50.000000,100,False
572113,GOLD29MAR27202000PE,GOLD,29MAR2027,20200000.000000,1,OPTFUT,MCX,50.000000,100,False
572224,SILVER24SEP26354000CE,SILVER,24SEP2026,35400000.000000,30,OPTFUT,MCX,50.000000,600,False
572228,SILVER27NOV26354000CE,SILVER,27NOV2026,35400000.000000,30,OPTFUT,MCX,50.000000,600,False
572243,SILVER28DEC26355000CE,SILVER,28DEC2026,35500000.000000,30,OPTFUT,MCX,50.000000,600,False
572245,SILVER28DEC26357000CE,SILVER,28DEC2026,35700000.000000,30,OPTFUT,MCX,50.000000,600,False
572258,SILVER25JAN27342000CE,SILVER,25JAN2027,34200000.000000,30,OPTFUT,MCX,50.000000,600,False
572278,SILVER25JAN27362000CE,SILVER,25JAN2027,36200000.000000,30,OPTFUT,MCX,50.000000,600,False
572280,SILVER25JAN27364000CE,SILVER,25JAN2027,36400000.000000,30,OPTFUT,MCX,50.000000,600,False
572289,SILVER26FEB27345000CE,SILVER,26FEB2027,34500000.000000,30,OPTFUT,MCX,50.000000,600,False
572294,SILVER26FEB27350000CE,SILVER,26FEB2027,35000000.000000,30,OPTFUT,MCX,50.000000,600,False
572351,SILVER28DEC26344000PE,SILVER,28DEC2026,34400000.000000,30,OPTFUT,MCX,50.000000,600,False
572368,SILVER28DEC26361000PE,SILVER,28DEC2026,36100000.000000,30,OPTFUT,MCX,50.000000,600,False
572385,SILVER25JAN27350000PE,SILVER,25JAN2027,35000000.000000,30,OPTFUT,MCX,50.000000,600,False
572390,SILVER25JAN27355000PE,SILVER,25JAN2027,35500000.000000,30,OPTFUT,MCX,50.000000,600,False
572405,SILVER26FEB27342000PE,SILVER,26FEB2027,34200000.000000,30,OPTFUT,MCX,50.000000,600,False
572408,SILVER26FEB27345000PE,SILVER,26FEB2027,34500000.000000,30,OPTFUT,MCX,50.000000,600,False
572412,SILVER26FEB27349000PE,SILVER,26FEB2027,34900000.000000,30,OPTFUT,MCX,50.000000,600,False
572416,SILVER26FEB27353000PE,SILVER,26FEB2027,35300000.000000,30,OPTFUT,MCX,50.000000,600,False
572460,SILVERM23NOV26356000CE,SILVERM,23NOV2026,35600000.000000,5,OPTFUT,MCX,50.000000,600,False
572469,SILVERM28DEC26347000CE,SILVERM,28DEC2026,34700000.000000,5,OPTFUT,MCX,50.000000,600,False
572473,SILVERM28DEC26351000CE,SILVERM,28DEC2026,35100000.000000,5,OPTFUT,MCX,50.000000,600,False
572480,SILVERM28DEC26358000CE,SILVERM,28DEC2026,35800000.000000,5,OPTFUT,MCX,50.000000,600,False
572484,SILVERM28DEC26362000CE,SILVERM,28DEC2026,36200000.000000,5,OPTFUT,MCX,50.000000,600,False
572488,SILVERM28DEC26366000CE,SILVERM,28DEC2026,36600000.000000,5,OPTFUT,MCX,50.000000,600,False
572489,SILVERM28DEC26367000CE,SILVERM,28DEC2026,36700000.000000,5,OPTFUT,MCX,50.000000,600,False
572494,SILVERM25JAN27343000CE,SILVERM,25JAN2027,34300000.000000,5,OPTFUT,MCX,50.000000,600,False
572503,SILVERM25JAN27352000CE,SILVERM,25JAN2027,35200000.000000,5,OPTFUT,MCX,50.000000,600,False
572507,SILVERM25JAN27356000CE,SILVERM,25JAN2027,35600000.000000,5,OPTFUT,MCX,50.000000,600,False
572516,SILVERM25JAN27365000CE,SILVERM,25JAN2027,36500000.000000,5,OPTFUT,MCX,50.000000,600,False
572541,SILVERM19FEB27361000CE,SILVERM,19FEB2027,36100000.000000,5,OPTFUT,MCX,50.000000,600,False
572546,SILVERM19FEB27366000CE,SILVERM,19FEB2027,36600000.000000,5,OPTFUT,MCX,50.000000,600,False
572549,SILVERM19FEB27369000CE,SILVERM,19FEB2027,36900000.000000,5,OPTFUT,MCX,50.000000,600,False
572583,SILVERM28DEC26344000PE,SILVERM,28DEC2026,34400000.000000,5,OPTFUT,MCX,50.000000,600,False
572616,SILVERM25JAN27348000PE,SILVERM,25JAN2027,34800000.000000,5,OPTFUT,MCX,50.000000,600,False
572620,SILVERM25JAN27352000PE,SILVERM,25JAN2027,35200000.000000,5,OPTFUT,MCX,50.000000,600,False
572629,SILVERM25JAN27361000PE,SILVERM,25JAN2027,36100000.000000,5,OPTFUT,MCX,50.000000,600,False
572630,SILVERM25JAN27362000PE,SILVERM,25JAN2027,36200000.000000,5,OPTFUT,MCX,50.000000,600,False
572632,SILVERM25JAN27364000PE,SILVERM,25JAN2027,36400000.000000,5,OPTFUT,MCX,50.000000,600,False
572635,SILVERM25JAN27367000PE,SILVERM,25JAN2027,36700000.000000,5,OPTFUT,MCX,50.000000,600,False
572636,SILVERM25JAN27368000PE,SILVERM,25JAN2027,36800000.000000,5,OPTFUT,MCX,50.000000,600,False
572637,SILVERM25JAN27369000PE,SILVERM,25JAN2027,36900000.000000,5,OPTFUT,MCX,50.000000,600,False
572654,SILVERM19FEB27357000PE,SILVERM,19FEB2027,35700000.000000,5,OPTFUT,MCX,50.000000,600,False
572768,GOLD26FEB27209000CE,GOLD,26FEB2027,20900000.000000,1,OPTFUT,MCX,50.000000,100,False
572787,SILVER25MAR27315000CE,SILVER,25MAR2027,31500000.000000,30,OPTFUT,MCX,50.000000,600,False
572799,SILVER25MAR27303000CE,SILVER,25MAR2027,30300000.000000,30,OPTFUT,MCX,50.000000,600,False
572802,SILVER25MAR27300000CE,SILVER,25MAR2027,30000000.000000,30,OPTFUT,MCX,50.000000,600,False
572812,SILVER25MAR27290000CE,SILVER,25MAR2027,29000000.000000,30,OPTFUT,MCX,50.000000,600,False
572820,SILVER25MAR27282000CE,SILVER,25MAR2027,28200000.000000,30,OPTFUT,MCX,50.000000,600,False
572821,SILVER25MAR27281000CE,SILVER,25MAR2027,28100000.000000,30,OPTFUT,MCX,50.000000,600,False
572822,SILVER25MAR27322000CE,SILVER,25MAR2027,32200000.000000,30,OPTFUT,MCX,50.000000,600,False
572828,SILVER25MAR27328000CE,SILVER,25MAR2027,32800000.000000,30,OPTFUT,MCX,50.000000,600,False
572836,SILVER25MAR27336000CE,SILVER,25MAR2027,33600000.000000,30,OPTFUT,MCX,50.000000,600,False
572849,SILVER25MAR27349000CE,SILVER,25MAR2027,34900000.000000,30,OPTFUT,MCX,50.000000,600,False
572858,SILVER25MAR27358000CE,SILVER,25MAR2027,35800000.000000,30,OPTFUT,MCX,50.000000,600,False
572864,SILVER28APR27318000CE,SILVER,28APR2027,31800000.000000,30,OPTFUT,MCX,50.000000,600,False
572885,SILVER28APR27297000CE,SILVER,28APR2027,29700000.000000,30,OPTFUT,MCX,50.000000,600,False
572893,SILVER28APR27289000CE,SILVER,28APR2027,28900000.000000,30,OPTFUT,MCX,50.000000,600,False
572898,SILVER28APR27284000CE,SILVER,28APR2027,28400000.000000,30,OPTFUT,MCX,50.000000,600,False
572902,SILVER28APR27322000CE,SILVER,28APR2027,32200000.000000,30,OPTFUT,MCX,50.000000,600,False
572915,SILVER28APR27335000CE,SILVER,28APR2027,33500000.000000,30,OPTFUT,MCX,50.000000,600,False
572943,SILVER25MAR27319000PE,SILVER,25MAR2027,31900000.000000,30,OPTFUT,MCX,50.000000,600,False
572946,SILVER25MAR27316000PE,SILVER,25MAR2027,31600000.000000,30,OPTFUT,MCX,50.000000,600,False
572949,SILVER25MAR27313000PE,SILVER,25MAR2027,31300000.000000,30,OPTFUT,MCX,50.000000,600,False
572966,SILVER25MAR27296000PE,SILVER,25MAR2027,29600000.000000,30,OPTFUT,MCX,50.000000,600,False
572972,SILVER25MAR27290000PE,SILVER,25MAR2027,29000000.000000,30,OPTFUT,MCX,50.000000,600,False
572975,SILVER25MAR27287000PE,SILVER,25MAR2027,28700000.000000,30,OPTFUT,MCX,50.000000,600,False
572989,SILVER25MAR27329000PE,SILVER,25MAR2027,32900000.000000,30,OPTFUT,MCX,50.000000,600,False
572990,SILVER25MAR27330000PE,SILVER,25MAR2027,33000000.000000,30,OPTFUT,MCX,50.000000,600,False
573000,SILVER25MAR27340000PE,SILVER,25MAR2027,34000000.000000,30,OPTFUT,MCX,50.000000,600,False
573002,SILVER25MAR27342000PE,SILVER,25MAR2027,34200000.000000,30,OPTFUT,MCX,50.000000,600,False
573005,SILVER25MAR27345000PE,SILVER,25MAR2027,34500000.000000,30,OPTFUT,MCX,50.000000,600,False
573038,SILVER28APR27304000PE,SILVER,28APR2027,30400000.000000,30,OPTFUT,MCX,50.000000,600,False
573052,SILVER28APR27290000PE,SILVER,28APR2027,29000000.000000,30,OPTFUT,MCX,50.000000,600,False
573061,SILVER28APR27281000PE,SILVER,28APR2027,28100000.000000,30,OPTFUT,MCX,50.000000,600,False
573063,SILVER28APR27323000PE,SILVER,28APR2027,32300000.000000,30,OPTFUT,MCX,50.000000,600,False
573071,SILVER28APR27331000PE,SILVER,28APR2027,33100000.000000,30,OPTFUT,MCX,50.000000,600,False
573073,SILVER28APR27333000PE,SILVER,28APR2027,33300000.000000,30,OPTFUT,MCX,50.000000,600,False
573079,SILVER28APR27339000PE,SILVER,28APR2027,33900000.000000,30,OPTFUT,MCX,50.000000,600,False
573081,SILVER28APR27341000PE,SILVER,28APR2027,34100000.000000,30,OPTFUT,MCX,50.000000,600,False
573090,SILVER28APR27350000PE,SILVER,28APR2027,35000000.000000,30,OPTFUT,MCX,50.000000,600,False
573093,SILVER28APR27353000PE,SILVER,28APR2027,35300000.000000,30,OPTFUT,MCX,50.000000,600,False
573096,SILVER28APR27356000PE,SILVER,28APR2027,35600000.000000,30,OPTFUT,MCX,50.000000,600,False
573105,SILVERM25MAR27306000CE,SILVERM,25MAR2027,30600000.000000,5,OPTFUT,MCX,50.000000,600,False
573106,SILVERM25MAR27305000CE,SILVERM,25MAR2027,30500000.000000,5,OPTFUT,MCX,50.000000,600,False
573109,SILVERM25MAR27302000CE,SILVERM,25MAR2027,30200000.000000,5,OPTFUT,MCX,50.000000,600,False
573113,SILVERM25MAR27298000CE,SILVERM,25MAR2027,29800000.000000,5,OPTFUT,MCX,50.000000,600,False
573127,SILVERM25MAR27284000CE,SILVERM,25MAR2027,28400000.000000,5,OPTFUT,MCX,50.000000,600,False
573131,SILVERM25MAR27280000CE,SILVERM,25MAR2027,28000000.000000,5,OPTFUT,MCX,50.000000,600,False
573135,SILVERM25MAR27276000CE,SILVERM,25MAR2027,27600000.000000,5,OPTFUT,MCX,50.000000,600,False
573145,SILVERM25MAR27314000CE,SILVERM,25MAR2027,31400000.000000,5,OPTFUT,MCX,50.000000,600,False
573162,SILVERM25MAR27331000CE,SILVERM,25MAR2027,33100000.000000,5,OPTFUT,MCX,50.000000,600,False
573165,SILVERM25MAR27334000CE,SILVERM,25MAR2027,33400000.000000,5,OPTFUT,MCX,50.000000,600,False
573203,SILVERM23APR27288000CE,SILVERM,23APR2027,28800000.000000,5,OPTFUT,MCX,50.000000,600,False
573215,SILVERM23APR27276000CE,SILVERM,23APR2027,27600000.000000,5,OPTFUT,MCX,50.000000,600,False
573220,SILVERM23APR27271000CE,SILVERM,23APR2027,27100000.000000,5,OPTFUT,MCX,50.000000,600,False
573231,SILVERM23APR27320000CE,SILVERM,23APR2027,32000000.000000,5,OPTFUT,MCX,50.000000,600,False
573234,SILVERM23APR27323000CE,SILVERM,23APR2027,32300000.000000,5,OPTFUT,MCX,50.000000,600,False
573244,SILVERM23APR27333000CE,SILVERM,23APR2027,33300000.000000,5,OPTFUT,MCX,50.000000,600,False
573250,SILVERM23APR27339000CE,SILVERM,23APR2027,33900000.000000,5,OPTFUT,MCX,50.000000,600,False
573257,SILVERM23APR27346000CE,SILVERM,23APR2027,34600000.000000,5,OPTFUT,MCX,50.000000,600,False
573264,SILVERM25MAR27307000PE,SILVERM,25MAR2027,30700000.000000,5,OPTFUT,MCX,50.000000,600,False
573272,SILVERM25MAR27299000PE,SILVERM,25MAR2027,29900000.000000,5,OPTFUT,MCX,50.000000,600,False
573282,SILVERM25MAR27289000PE,SILVERM,25MAR2027,28900000.000000,5,OPTFUT,MCX,50.000000,600,False
573284,SILVERM25MAR27287000PE,SILVERM,25MAR2027,28700000.000000,5,OPTFUT,MCX,50.000000,600,False
573288,SILVERM25MAR27283000PE,SILVERM,25MAR2027,28300000.000000,5,OPTFUT,MCX,50.000000,600,False
573307,SILVERM25MAR27316000PE,SILVERM,25MAR2027,31600000.000000,5,OPTFUT,MCX,50.000000,600,False
573310,SILVERM25MAR27319000PE,SILVERM,25MAR2027,31900000.000000,5,OPTFUT,MCX,50.000000,600,False
573315,SILVERM25MAR27324000PE,SILVERM,25MAR2027,32400000.000000,5,OPTFUT,MCX,50.000000,600,False
573326,SILVERM25MAR27335000PE,SILVERM,25MAR2027,33500000.000000,5,OPTFUT,MCX,50.000000,600,False
573337,SILVERM25MAR27346000PE,SILVERM,25MAR2027,34600000.000000,5,OPTFUT,MCX,50.000000,600,False
573339,SILVERM25MAR27348000PE,SILVERM,25MAR2027,34800000.000000,5,OPTFUT,MCX,50.000000,600,False
573346,SILVERM23APR27305000PE,SILVERM,23APR2027,30500000.000000,5,OPTFUT,MCX,50.000000,600,False
573353,SILVERM23APR27298000PE,SILVERM,23APR2027,29800000.000000,5,OPTFUT,MCX,50.000000,600,False
573355,SILVERM23APR27296000PE,SILVERM,23APR2027,29600000.000000,5,OPTFUT,MCX,50.000000,600,False
573356,SILVERM23APR27295000PE,SILVERM,23APR2027,29500000.000000,5,OPTFUT,MCX,50.000000,600,False
573363,SILVERM23APR27288000PE,SILVERM,23APR2027,28800000.000000,5,OPTFUT,MCX,50.000000,600,False
573377,SILVERM23APR27274000PE,SILVERM,23APR2027,27400000.000000,5,OPTFUT,MCX,50.000000,600,False
573396,SILVERM23APR27325000PE,SILVERM,23APR2027,32500000.000000,5,OPTFUT,MCX,50.000000,600,False
573402,SILVERM23APR27331000PE,SILVERM,23APR2027,33100000.000000,5,OPTFUT,MCX,50.000000,600,False
573405,SILVERM23APR27334000PE,SILVERM,23APR2027,33400000.000000,5,OPTFUT,MCX,50.000000,600,False
573748,SILVER25MAR27280000CE,SILVER,25MAR2027,28000000.000000,30,OPTFUT,MCX,50.000000,600,False
573753,SILVER25MAR27275000CE,SILVER,25MAR2027,27500000.000000,30,OPTFUT,MCX,50.000000,600,False
573755,SILVER25MAR27273000CE,SILVER,25MAR2027,27300000.000000,30,OPTFUT,MCX,50.000000,600,False
573757,SILVER25MAR27271000CE,SILVER,25MAR2027,27100000.000000,30,OPTFUT,MCX,50.000000,600,False
573763,SILVER25MAR27265000CE,SILVER,25MAR2027,26500000.000000,30,OPTFUT,MCX,50.000000,600,False
573769,SILVER25MAR27259000CE,SILVER,25MAR2027,25900000.000000,30,OPTFUT,MCX,50.000000,600,False
573776,SILVER28APR27274000CE,SILVER,28APR2027,27400000.000000,30,OPTFUT,MCX,50.000000,600,False
573785,SILVER28APR27265000CE,SILVER,28APR2027,26500000.000000,30,OPTFUT,MCX,50.000000,600,False
573798,SILVER25MAR27274000PE,SILVER,25MAR2027,27400000.000000,30,OPTFUT,MCX,50.000000,600,False
573807,SILVER25MAR27265000PE,SILVER,25MAR2027,26500000.000000,30,OPTFUT,MCX,50.000000,600,False
573813,SILVER25MAR27259000PE,SILVER,25MAR2027,25900000.000000,30,OPTFUT,MCX,50.000000,600,False
573830,SILVER28APR27264000PE,SILVER,28APR2027,26400000.000000,30,OPTFUT,MCX,50.000000,600,False
573831,SILVER28APR27263000PE,SILVER,28APR2027,26300000.000000,30,OPTFUT,MCX,50.000000,600,False
574192,SILVER28APR27258000CE,SILVER,28APR2027,25800000.000000,30,OPTFUT,MCX,50.000000,600,False
574194,SILVER28APR27256000CE,SILVER,28APR2027,25600000.000000,30,OPTFUT,MCX,50.000000,600,False
574196,SILVER25MAR27257000PE,SILVER,25MAR2027,25700000.000000,30,OPTFUT,MCX,50.000000,600,False
574830,LEAD30OCT26FUT,LEAD,30OCT2026,0.000000,5,FUTCOM,MCX,5.000000,100,False
574832,NICKEL21OCT26FUT,NICKEL,21OCT2026,0.000000,250,FUTCOM,MCX,10.000000,24000,False
574838,ZINC23SEP26355CE,ZINC,23SEP2026,35500.000000,5,OPTFUT,MCX,1.000000,100,False
574857,COPPER23SEP261310CE,COPPER,23SEP2026,131000.000000,2500,OPTFUT,MCX,1.000000,70000,False
574892,COPPER23SEP261260PE,COPPER,23SEP2026,126000.000000,2500,OPTFUT,MCX,1.000000,70000,False
574893,COPPER23SEP261250PE,COPPER,23SEP2026,125000.000000,2500,OPTFUT,MCX,1.000000,70000,False
574903,COPPER23SEP261500PE,COPPER,23SEP2026,150000.000000,2500,OPTFUT,MCX,1.000000,70000,False
574923,SILVERM23APR27352000CE,SILVERM,23APR2027,35200000.000000,5,OPTFUT,MCX,50.000000,600,False
574936,ZINC23SEP26325CE,ZINC,23SEP2026,32500.000000,5,OPTFUT,MCX,1.000000,100,False
574947,ZINC23SEP26390CE,ZINC,23SEP2026,39000.000000,5,OPTFUT,MCX,1.000000,100,False
574988,COPPER23SEP261580CE,COPPER,23SEP2026,158000.000000,2500,OPTFUT,MCX,1.000000,70000,False
575232,SILVER28APR27255000CE,SILVER,28APR2027,25500000.000000,30,OPTFUT,MCX,50.000000,600,False
575237,SILVER28APR27250000CE,SILVER,28APR2027,25000000.000000,30,OPTFUT,MCX,50.000000,600,False
575238,SILVER28APR27249000CE,SILVER,28APR2027,24900000.000000,30,OPTFUT,MCX,50.000000,600,False
575239,SILVER28APR27248000CE,SILVER,28APR2027,24800000.000000,30,OPTFUT,MCX,50.000000,600,False
575249,SILVER25MAR27252000PE,SILVER,25MAR2027,25200000.000000,30,OPTFUT,MCX,50.000000,600,False
575251,SILVER25MAR27250000PE,SILVER,25MAR2027,25000000.000000,30,OPTFUT,MCX,50.000000,600,False
575259,SILVER25MAR27242000PE,SILVER,25MAR2027,24200000.000000,30,OPTFUT,MCX,50.000000,600,False
575263,SILVER28APR27252000PE,SILVER,28APR2027,25200000.000000,30,OPTFUT,MCX,50.000000,600,False
575268,SILVER28APR27247000PE,SILVER,28APR2027,24700000.000000,30,OPTFUT,MCX,50.000000,600,False
575271,SILVER28APR27244000PE,SILVER,28APR2027,24400000.000000,30,OPTFUT,MCX,50.000000,600,False
575292,SILVERM23APR27260000CE,SILVERM,23APR2027,26000000.000000,5,OPTFUT,MCX,50.000000,600,False
575324,SILVERM23APR27260000PE,SILVERM,23APR2027,26000000.000000,5,OPTFUT,MCX,50.000000,600,False
575370,SILVER25MAR27241000PE,SILVER,25MAR2027,24100000.000000,30,OPTFUT,MCX,50.000000,600,False
575376,SILVER28APR27239000PE,SILVER,28APR2027,23900000.000000,30,OPTFUT,MCX,50.000000,600,False
575383,SILVERM23APR27246000CE,SILVERM,23APR2027,24600000.000000,5,OPTFUT,MCX,50.000000,600,False
575416,SILVER25MAR27235000CE,SILVER,25MAR2027,23500000.000000,30,OPTFUT,MCX,50.000000,600,False
575419,SILVER25MAR27232000CE,SILVER,25MAR2027,23200000.000000,30,OPTFUT,MCX,50.000000,600,False
575422,SILVER25MAR27229000CE,SILVER,25MAR2027,22900000.000000,30,OPTFUT,MCX,50.000000,600,False
575444,SILVER25MAR27231000PE,SILVER,25MAR2027,23100000.000000,30,OPTFUT,MCX,50.000000,600,False
575456,SILVER28APR27231000PE,SILVER,28APR2027,23100000.000000,30,OPTFUT,MCX,50.000000,600,False
575467,SILVERM25MAR27236000CE,SILVERM,25MAR2027,23600000.000000,5,OPTFUT,MCX,50.000000,600,False
575471,SILVERM25MAR27232000CE,SILVERM,25MAR2027,23200000.000000,5,OPTFUT,MCX,50.000000,600,False
575473,SILVERM23APR27240000CE,SILVERM,23APR2027,24000000.000000,5,OPTFUT,MCX,50.000000,600,False
575479,SILVERM23APR27234000CE,SILVERM,23APR2027,23400000.000000,5,OPTFUT,MCX,50.000000,600,False
575519,COPPER23SEP261220CE,COPPER,23SEP2026,122000.000000,2500,OPTFUT,MCX,1.000000,70000,False
575520,COPPER23SEP261210CE,COPPER,23SEP2026,121000.000000,2500,OPTFUT,MCX,1.000000,70000,False
575530,GOLD29MAR27138000CE,GOLD,29MAR2027,13800000.000000,1,OPTFUT,MCX,50.000000,100,False
575534,GOLD26FEB27138500PE,GOLD,26FEB2027,13850000.000000,1,OPTFUT,MCX,50.000000,100,False
575600,SILVER25MAR27221000CE,SILVER,25MAR2027,22100000.000000,30,OPTFUT,MCX,50.000000,600,False
575601,SILVER25MAR27220000CE,SILVER,25MAR2027,22000000.000000,30,OPTFUT,MCX,50.000000,600,False
575616,SILVER28APR27223000PE,SILVER,28APR2027,22300000.000000,30,OPTFUT,MCX,50.000000,600,False
575638,SILVERM23APR27228000PE,SILVERM,23APR2027,22800000.000000,5,OPTFUT,MCX,50.000000,600,False
575692,GOLD30APR27164000CE,GOLD,30APR2027,16400000.000000,1,OPTFUT,MCX,50.000000,100,False
575694,GOLD28MAY27164000CE,GOLD,28MAY2027,16400000.000000,1,OPTFUT,MCX,50.000000,100,False
575751,GOLD30APR27147000CE,GOLD,30APR2027,14700000.000000,1,OPTFUT,MCX,50.000000,100,False
575753,GOLD30APR27146000CE,GOLD,30APR2027,14600000.000000,1,OPTFUT,MCX,50.000000,100,False
575760,GOLD30APR27142500CE,GOLD,30APR2027,14250000.000000,1,OPTFUT,MCX,50.000000,100,False
575762,GOLD30APR27141500CE,GOLD,30APR2027,14150000.000000,1,OPTFUT,MCX,50.000000,100,False
575771,GOLD30APR27166000CE,GOLD,30APR2027,16600000.000000,1,OPTFUT,MCX,50.000000,100,False
575774,GOLD30APR27167500CE,GOLD,30APR2027,16750000.000000,1,OPTFUT,MCX,50.000000,100,False
575778,GOLD30APR27169500CE,GOLD,30APR2027,16950000.000000,1,OPTFUT,MCX,50.000000,100,False
575784,GOLD30APR27172500CE,GOLD,30APR2027,17250000.000000,1,OPTFUT,MCX,50.000000,100,False
575787,GOLD30APR27174000CE,GOLD,30APR2027,17400000.000000,1,OPTFUT,MCX,50.000000,100,False
575803,GOLD30APR27182000CE,GOLD,30APR2027,18200000.000000,1,OPTFUT,MCX,50.000000,100,False
575807,GOLD30APR27184000CE,GOLD,30APR2027,18400000.000000,1,OPTFUT,MCX,50.000000,100,False
575819,GOLD28MAY27163000CE,GOLD,28MAY2027,16300000.000000,1,OPTFUT,MCX,50.000000,100,False
575825,GOLD28MAY27160000CE,GOLD,28MAY2027,16000000.000000,1,OPTFUT,MCX,50.000000,100,False
575829,GOLD28MAY27158000CE,GOLD,28MAY2027,15800000.000000,1,OPTFUT,MCX,50.000000,100,False
575850,GOLD28MAY27147500CE,GOLD,28MAY2027,14750000.000000,1,OPTFUT,MCX,50.000000,100,False
575867,GOLD28MAY27139000CE,GOLD,28MAY2027,13900000.000000,1,OPTFUT,MCX,50.000000,100,False
575879,GOLD28MAY27170000CE,GOLD,28MAY2027,17000000.000000,1,OPTFUT,MCX,50.000000,100,False
575884,GOLD28MAY27172500CE,GOLD,28MAY2027,17250000.000000,1,OPTFUT,MCX,50.000000,100,False
575897,GOLD28MAY27179000CE,GOLD,28MAY2027,17900000.000000,1,OPTFUT,MCX,50.000000,100,False
575917,GOLD28MAY27189000CE,GOLD,28MAY2027,18900000.000000,1,OPTFUT,MCX,50.000000,100,False
575955,GOLD30APR27145000PE,GOLD,30APR2027,14500000.000000,1,OPTFUT,MCX,50.000000,100,False
575958,GOLD30APR27143500PE,GOLD,30APR2027,14350000.000000,1,OPTFUT,MCX,50.000000,100,False
575960,GOLD30APR27142500PE,GOLD,30APR2027,14250000.000000,1,OPTFUT,MCX,50.000000,100,False
575966,GOLD30APR27139500PE,GOLD,30APR2027,13950000.000000,1,OPTFUT,MCX,50.000000,100,False
575977,GOLD30APR27169000PE,GOLD,30APR2027,16900000.000000,1,OPTFUT,MCX,50.000000,100,False
575985,GOLD30APR27173000PE,GOLD,30APR2027,17300000.000000,1,OPTFUT,MCX,50.000000,100,False
575986,GOLD30APR27173500PE,GOLD,30APR2027,17350000.000000,1,OPTFUT,MCX,50.000000,100,False
575989,GOLD30APR27175000PE,GOLD,30APR2027,17500000.000000,1,OPTFUT,MCX,50.000000,100,False
575991,GOLD30APR27176000PE,GOLD,30APR2027,17600000.000000,1,OPTFUT,MCX,50.000000,100,False
575993,GOLD30APR27177000PE,GOLD,30APR2027,17700000.000000,1,OPTFUT,MCX,50.000000,100,False
575995,GOLD30APR27178000PE,GOLD,30APR2027,17800000.000000,1,OPTFUT,MCX,50.000000,100,False
575997,GOLD30APR27179000PE,GOLD,30APR2027,17900000.000000,1,OPTFUT,MCX,50.000000,100,False
576017,GOLD30APR27189000PE,GOLD,30APR2027,18900000.000000,1,OPTFUT,MCX,50.000000,100,False
576022,GOLD28MAY27161500PE,GOLD,28MAY2027,16150000.000000,1,OPTFUT,MCX,50.000000,100,False
576023,GOLD28MAY27161000PE,GOLD,28MAY2027,16100000.000000,1,OPTFUT,MCX,50.000000,100,False
576024,GOLD28MAY27160500PE,GOLD,28MAY2027,16050000.000000,1,OPTFUT,MCX,50.000000,100,False
576028,GOLD28MAY27158500PE,GOLD,28MAY2027,15850000.000000,1,OPTFUT,MCX,50.000000,100,False
576047,GOLD28MAY27149000PE,GOLD,28MAY2027,14900000.000000,1,OPTFUT,MCX,50.000000,100,False
576053,GOLD28MAY27146000PE,GOLD,28MAY2027,14600000.000000,1,OPTFUT,MCX,50.000000,100,False
576054,GOLD28MAY27145500PE,GOLD,28MAY2027,14550000.000000,1,OPTFUT,MCX,50.000000,100,False
576065,GOLD28MAY27140000PE,GOLD,28MAY2027,14000000.000000,1,OPTFUT,MCX,50.000000,100,False
576080,GOLD28MAY27170500PE,GOLD,28MAY2027,17050000.000000,1,OPTFUT,MCX,50.000000,100,False
576089,GOLD28MAY27175000PE,GOLD,28MAY2027,17500000.000000,1,OPTFUT,MCX,50.000000,100,False
576096,GOLD28MAY27178500PE,GOLD,28MAY2027,17850000.000000,1,OPTFUT,MCX,50.000000,100,False
576105,GOLD28MAY27183000PE,GOLD,28MAY2027,18300000.000000,1,OPTFUT,MCX,50.000000,100,False
576109,GOLD28MAY27185000PE,GOLD,28MAY2027,18500000.000000,1,OPTFUT,MCX,50.000000,100,False
576111,GOLD28MAY27186000PE,GOLD,28MAY2027,18600000.000000,1,OPTFUT,MCX,50.000000,100,False
576214,GOLD30APR27196500CE,GOLD,30APR2027,19650000.000000,1,OPTFUT,MCX,50.000000,100,False
576239,GOLD30APR27193000PE,GOLD,30APR2027,19300000.000000,1,OPTFUT,MCX,50.000000,100,False
576243,GOLD30APR27195000PE,GOLD,30APR2027,19500000.000000,1,OPTFUT,MCX,50.000000,100,False
576263,GOLD28MAY27197000PE,GOLD,28MAY2027,19700000.000000,1,OPTFUT,MCX,50.000000,100,False
576264,CRUDEOIL18DEC26FUT,CRUDEOIL,18DEC2026,0.000000,100,FUTCOM,MCX,100.000000,10000,False
576268,CRUDEOILM17SEP266950CE,CRUDEOILM,17SEP2026,695000.000000,10,OPTFUT,MCX,5.000000,10000,False
576275,CRUDEOIL17SEP266800CE,CRUDEOIL,17SEP2026,680000.000000,100,OPTFUT,MCX,10.000000,10000,False
576290,CRUDEOIL17SEP266050CE,CRUDEOIL,17SEP2026,605000.000000,100,OPTFUT,MCX,10.000000,10000,False
576298,CRUDEOIL17SEP265650CE,CRUDEOIL,17SEP2026,565000.000000,100,OPTFUT,MCX,10.000000,10000,False
576300,CRUDEOIL17SEP265550CE,CRUDEOIL,17SEP2026,555000.000000,100,OPTFUT,MCX,10.000000,10000,False
576310,CRUDEOIL17SEP265050CE,CRUDEOIL,17SEP2026,505000.000000,100,OPTFUT,MCX,10.000000,10000,False
576319,CRUDEOIL17SEP264600CE,CRUDEOIL,17SEP2026,460000.000000,100,OPTFUT,MCX,10.000000,10000,False
576330,CRUDEOIL17SEP264050CE,CRUDEOIL,17SEP2026,405000.000000,100,OPTFUT,MCX,10.000000,10000,False
576347,CRUDEOIL17SEP263200CE,CRUDEOIL,17SEP2026,320000.000000,100,OPTFUT,MCX,10.000000,10000,False
576356,CRUDEOIL17SEP267400CE,CRUDEOIL,17SEP2026,740000.000000,100,OPTFUT,MCX,10.000000,10000,False
576362,CRUDEOIL17SEP267700CE,CRUDEOIL,17SEP2026,770000.000000,100,OPTFUT,MCX,10.000000,10000,False
576395,CRUDEOIL17SEP269350CE,CRUDEOIL,17SEP2026,935000.000000,100,OPTFUT,MCX,10.000000,10000,False
576400,CRUDEOIL17SEP269600CE,CRUDEOIL,17SEP2026,960000.000000,100,OPTFUT,MCX,10.000000,10000,False
576414,CRUDEOIL17SEP2610300CE,CRUDEOIL,17SEP2026,1030000.000000,100,OPTFUT,MCX,10.000000,10000,False
576428,CRUDEOIL17SEP266800PE,CRUDEOIL,17SEP2026,680000.000000,100,OPTFUT,MCX,10.000000,10000,False
576459,CRUDEOIL17SEP265250PE,CRUDEOIL,17SEP2026,525000.000000,100,OPTFUT,MCX,10.000000,10000,False
576461,CRUDEOIL17SEP265150PE,CRUDEOIL,17SEP2026,515000.000000,100,OPTFUT,MCX,10.000000,10000,False
576474,CRUDEOIL17SEP264500PE,CRUDEOIL,17SEP2026,450000.000000,100,OPTFUT,MCX,10.000000,10000,False
576492,CRUDEOIL17SEP263600PE,CRUDEOIL,17SEP2026,360000.000000,100,OPTFUT,MCX,10.000000,10000,False
576502,CRUDEOIL17SEP267050PE,CRUDEOIL,17SEP2026,705000.000000,100,OPTFUT,MCX,10.000000,10000,False
576508,CRUDEOIL17SEP267350PE,CRUDEOIL,17SEP2026,735000.000000,100,OPTFUT,MCX,10.000000,10000,False
576520,CRUDEOIL17SEP267950PE,CRUDEOIL,17SEP2026,795000.000000,100,OPTFUT,MCX,10.000000,10000,False
576532,CRUDEOIL17SEP268550PE,CRUDEOIL,17SEP2026,855000.000000,100,OPTFUT,MCX,10.000000,10000,False
576552,CRUDEOIL17SEP269550PE,CRUDEOIL,17SEP2026,955000.000000,100,OPTFUT,MCX,10.000000,10000,False
576554,CRUDEOIL17SEP269650PE,CRUDEOIL,17SEP2026,965000.000000,100,OPTFUT,MCX,10.000000,10000,False
576566,CRUDEOIL17SEP2610250PE,CRUDEOIL,17SEP2026,1025000.000000,100,OPTFUT,MCX,10.000000,10000,False
576571,CRUDEOIL17SEP2610500PE,CRUDEOIL,17SEP2026,1050000.000000,100,OPTFUT,MCX,10.000000,10000,False
576592,CRUDEOILM17SEP266300CE,CRUDEOILM,17SEP2026,630000.000000,10,OPTFUT,MCX,5.000000,10000,False
576597,CRUDEOILM17SEP266050CE,CRUDEOILM,17SEP2026,605000.000000,10,OPTFUT,MCX,5.000000,10000,False
576605,CRUDEOILM17SEP265650CE,CRUDEOILM,17SEP2026,565000.000000,10,OPTFUT,MCX,5.000000,10000,False
576608,CRUDEOILM17SEP265500CE,CRUDEOILM,17SEP2026,550000.000000,10,OPTFUT,MCX,5.000000,10000,False
576613,CRUDEOILM17SEP265250CE,CRUDEOILM,17SEP2026,525000.000000,10,OPTFUT,MCX,5.000000,10000,False
576638,CRUDEOILM17SEP264000CE,CRUDEOILM,17SEP2026,400000.000000,10,OPTFUT,MCX,5.000000,10000,False
576642,CRUDEOILM17SEP263800CE,CRUDEOILM,17SEP2026,380000.000000,10,OPTFUT,MCX,5.000000,10000,False
576656,CRUDEOILM17SEP267050CE,CRUDEOILM,17SEP2026,705000.000000,10,OPTFUT,MCX,5.000000,10000,False
576664,CRUDEOILM17SEP267450CE,CRUDEOILM,17SEP2026,745000.000000,10,OPTFUT,MCX,5.000000,10000,False
576667,CRUDEOILM17SEP267600CE,CRUDEOILM,17SEP2026,760000.000000,10,OPTFUT,MCX,5.000000,10000,False
576669,CRUDEOILM17SEP267700CE,CRUDEOILM,17SEP2026,770000.000000,10,OPTFUT,MCX,5.000000,10000,False
576670,CRUDEOILM17SEP267750CE,CRUDEOILM,17SEP2026,775000.000000,10,OPTFUT,MCX,5.000000,10000,False
576681,CRUDEOILM17SEP268300CE,CRUDEOILM,17SEP2026,830000.000000,10,OPTFUT,MCX,5.000000,10000,False
576690,CRUDEOILM17SEP268750CE,CRUDEOILM,17SEP2026,875000.000000,10,OPTFUT,MCX,5.000000,10000,False
576702,CRUDEOILM17SEP269350CE,CRUDEOILM,17SEP2026,935000.000000,10,OPTFUT,MCX,5.000000,10000,False
576738,CRUDEOILM17SEP266700PE,CRUDEOILM,17SEP2026,670000.000000,10,OPTFUT,MCX,5.000000,10000,False
576772,CRUDEOILM17SEP265000PE,CRUDEOILM,17SEP2026,500000.000000,10,OPTFUT,MCX,5.000000,10000,False
576777,CRUDEOILM17SEP264750PE,CRUDEOILM,17SEP2026,475000.000000,10,OPTFUT,MCX,5.000000,10000,False
576781,CRUDEOILM17SEP264550PE,CRUDEOILM,17SEP2026,455000.000000,10,OPTFUT,MCX,5.000000,10000,False
576785,CRUDEOILM17SEP264350PE,CRUDEOILM,17SEP2026,435000.000000,10,OPTFUT,MCX,5.000000,10000,False
576790,CRUDEOILM17SEP264100PE,CRUDEOILM,17SEP2026,410000.000000,10,OPTFUT,MCX,5.000000,10000,False
576794,CRUDEOILM17SEP263900PE,CRUDEOILM,17SEP2026,390000.000000,10,OPTFUT,MCX,5.000000,10000,False
576796,CRUDEOILM17SEP263800PE,CRUDEOILM,17SEP2026,380000.000000,10,OPTFUT,MCX,5.000000,10000,False
576807,CRUDEOILM17SEP263250PE,CRUDEOILM,17SEP2026,325000.000000,10,OPTFUT,MCX,5.000000,10000,False
576809,CRUDEOILM17SEP267000PE,CRUDEOILM,17SEP2026,700000.000000,10,OPTFUT,MCX,5.000000,10000,False
576840,CRUDEOILM17SEP268550PE,CRUDEOILM,17SEP2026,855000.000000,10,OPTFUT,MCX,5.000000,10000,False
576857,CRUDEOILM17SEP269400PE,CRUDEOILM,17SEP2026,940000.000000,10,OPTFUT,MCX,5.000000,10000,False
576865,CRUDEOILM17SEP269800PE,CRUDEOILM,17SEP2026,980000.000000,10,OPTFUT,MCX,5.000000,10000,False
576870,CRUDEOILM17SEP2610050PE,CRUDEOILM,17SEP2026,1005000.000000,10,OPTFUT,MCX,5.000000,10000,False
576878,CRUDEOILM17SEP2610450PE,CRUDEOILM,17SEP2026,1045000.000000,10,OPTFUT,MCX,5.000000,10000,False
576880,CRUDEOILM17SEP2610550PE,CRUDEOILM,17SEP2026,1055000.000000,10,OPTFUT,MCX,5.000000,10000,False
576888,CRUDEOIL17SEP2610800CE,CRUDEOIL,17SEP2026,1080000.000000,100,OPTFUT,MCX,10.000000,10000,False
576909,SILVERM25MAR27226000CE,SILVERM,25MAR2027,22600000.000000,5,OPTFUT,MCX,50.000000,600,False
576943,COPPER23SEP261180CE,COPPER,23SEP2026,118000.000000,2500,OPTFUT,MCX,1.000000,70000,False
576987,SILVER25MAR27219000PE,SILVER,25MAR2027,21900000.000000,30,OPTFUT,MCX,50.000000,600,False
576988,SILVER25MAR27218000PE,SILVER,25MAR2027,21800000.000000,30,OPTFUT,MCX,50.000000,600,False
576996,SILVER25MAR27210000PE,SILVER,25MAR2027,21000000.000000,30,OPTFUT,MCX,50.000000,600,False
576998,SILVER28APR27218000PE,SILVER,28APR2027,21800000.000000,30,OPTFUT,MCX,50.000000,600,False
577013,SILVERM23NOV26205000CE,SILVERM,23NOV2026,20500000.000000,5,OPTFUT,MCX,50.000000,600,False
577016,SILVERM25MAR27224000CE,SILVERM,25MAR2027,22400000.000000,5,OPTFUT,MCX,50.000000,600,False
577046,SILVERM24SEP26204000PE,SILVERM,24SEP2026,20400000.000000,5,OPTFUT,MCX,50.000000,600,False
577049,SILVERM23NOV26205000PE,SILVERM,23NOV2026,20500000.000000,5,OPTFUT,MCX,50.000000,600,False
577050,SILVERM23NOV26204000PE,SILVERM,23NOV2026,20400000.000000,5,OPTFUT,MCX,50.000000,600,False
577066,SILVERM23APR27224000PE,SILVERM,23APR2027,22400000.000000,5,OPTFUT,MCX,50.000000,600,False
577072,SILVERM23APR27218000PE,SILVERM,23APR2027,21800000.000000,5,OPTFUT,MCX,50.000000,600,False
577074,SILVERM23APR27216000PE,SILVERM,23APR2027,21600000.000000,5,OPTFUT,MCX,50.000000,600,False
577075,SILVERM23APR27215000PE,SILVERM,23APR2027,21500000.000000,5,OPTFUT,MCX,50.000000,600,False
577082,CRUDEOILM17SEP263150PE,CRUDEOILM,17SEP2026,315000.000000,10,OPTFUT,MCX,5.000000,10000,False
577115,COPPER23SEP261130CE,COPPER,23SEP2026,113000.000000,2500,OPTFUT,MCX,1.000000,70000,False
577201,GOLD29JAN27128000CE,GOLD,29JAN2027,12800000.000000,1,OPTFUT,MCX,50.000000,100,False
577208,GOLD26FEB27134000CE,GOLD,26FEB2027,13400000.000000,1,OPTFUT,MCX,50.000000,100,False
577211,GOLD26FEB27132500CE,GOLD,26FEB2027,13250000.000000,1,OPTFUT,MCX,50.000000,100,False
577212,GOLD26FEB27132000CE,GOLD,26FEB2027,13200000.000000,1,OPTFUT,MCX,50.000000,100,False
577216,GOLD26FEB27130000CE,GOLD,26FEB2027,13000000.000000,1,OPTFUT,MCX,50.000000,100,False
577223,GOLD29MAR27133000CE,GOLD,29MAR2027,13300000.000000,1,OPTFUT,MCX,50.000000,100,False
577227,GOLD29MAR27131000CE,GOLD,29MAR2027,13100000.000000,1,OPTFUT,MCX,50.000000,100,False
577235,GOLD30APR27136500CE,GOLD,30APR2027,13650000.000000,1,OPTFUT,MCX,50.000000,100,False
577240,GOLD30APR27134000CE,GOLD,30APR2027,13400000.000000,1,OPTFUT,MCX,50.000000,100,False
577247,GOLD28MAY27137000CE,GOLD,28MAY2027,13700000.000000,1,OPTFUT,MCX,50.000000,100,False
577253,GOLD28MAY27134000CE,GOLD,28MAY2027,13400000.000000,1,OPTFUT,MCX,50.000000,100,False
577278,GOLD25SEP26122500PE,GOLD,25SEP2026,12250000.000000,1,OPTFUT,MCX,50.000000,100,False
577287,GOLD31DEC26128000PE,GOLD,31DEC2026,12800000.000000,1,OPTFUT,MCX,50.000000,100,False
577289,GOLD31DEC26127000PE,GOLD,31DEC2026,12700000.000000,1,OPTFUT,MCX,50.000000,100,False
577320,GOLD29MAR27129500PE,GOLD,29MAR2027,12950000.000000,1,OPTFUT,MCX,50.000000,100,False
577324,GOLD30APR27137000PE,GOLD,30APR2027,13700000.000000,1,OPTFUT,MCX,50.000000,100,False
577338,GOLD28MAY27136500PE,GOLD,28MAY2027,13650000.000000,1,OPTFUT,MCX,50.000000,100,False
577342,GOLD28MAY27134500PE,GOLD,28MAY2027,13450000.000000,1,OPTFUT,MCX,50.000000,100,False
577343,GOLD28MAY27134000PE,GOLD,28MAY2027,13400000.000000,1,OPTFUT,MCX,50.000000,100,False
577345,GOLD28MAY27133000PE,GOLD,28MAY2027,13300000.000000,1,OPTFUT,MCX,50.000000,100,False
577435,SILVER24SEP26197000CE,SILVER,24SEP2026,19700000.000000,30,OPTFUT,MCX,50.000000,600,False
577454,SILVER27OCT26193000CE,SILVER,27OCT2026,19300000.000000,30,OPTFUT,MCX,50.000000,600,False
577466,SILVER27NOV26196000CE,SILVER,27NOV2026,19600000.000000,30,OPTFUT,MCX,50.000000,600,False
577477,SILVER27NOV26185000CE,SILVER,27NOV2026,18500000.000000,30,OPTFUT,MCX,50.000000,600,False
577478,SILVER27NOV26184000CE,SILVER,27NOV2026,18400000.000000,30,OPTFUT,MCX,50.000000,600,False
577503,SILVER25JAN27199000CE,SILVER,25JAN2027,19900000.000000,30,OPTFUT,MCX,50.000000,600,False
577526,SILVER26FEB27194000CE,SILVER,26FEB2027,19400000.000000,30,OPTFUT,MCX,50.000000,600,False
577530,SILVER26FEB27190000CE,SILVER,26FEB2027,19000000.000000,30,OPTFUT,MCX,50.000000,600,False
577542,SILVER25MAR27201000CE,SILVER,25MAR2027,20100000.000000,30,OPTFUT,MCX,50.000000,600,False
577543,SILVER25MAR27200000CE,SILVER,25MAR2027,20000000.000000,30,OPTFUT,MCX,50.000000,600,False
577549,SILVER25MAR27194000CE,SILVER,25MAR2027,19400000.000000,30,OPTFUT,MCX,50.000000,600,False
577553,SILVER25MAR27190000CE,SILVER,25MAR2027,19000000.000000,30,OPTFUT,MCX,50.000000,600,False
577566,SILVER28APR27197000CE,SILVER,28APR2027,19700000.000000,30,OPTFUT,MCX,50.000000,600,False
577567,SILVER28APR27196000CE,SILVER,28APR2027,19600000.000000,30,OPTFUT,MCX,50.000000,600,False
577572,SILVER28APR27191000CE,SILVER,28APR2027,19100000.000000,30,OPTFUT,MCX,50.000000,600,False
577609,SILVER24SEP26188000PE,SILVER,24SEP2026,18800000.000000,30,OPTFUT,MCX,50.000000,600,False
577613,SILVER24SEP26184000PE,SILVER,24SEP2026,18400000.000000,30,OPTFUT,MCX,50.000000,600,False
577629,SILVER27OCT26183000PE,SILVER,27OCT2026,18300000.000000,30,OPTFUT,MCX,50.000000,600,False
577635,SILVER27NOV26192000PE,SILVER,27NOV2026,19200000.000000,30,OPTFUT,MCX,50.000000,600,False
577653,SILVER28DEC26196000PE,SILVER,28DEC2026,19600000.000000,30,OPTFUT,MCX,50.000000,600,False
577655,SILVER28DEC26194000PE,SILVER,28DEC2026,19400000.000000,30,OPTFUT,MCX,50.000000,600,False
577671,SILVER25JAN27196000PE,SILVER,25JAN2027,19600000.000000,30,OPTFUT,MCX,50.000000,600,False
577673,SILVER25JAN27194000PE,SILVER,25JAN2027,19400000.000000,30,OPTFUT,MCX,50.000000,600,False
577679,SILVER25JAN27188000PE,SILVER,25JAN2027,18800000.000000,30,OPTFUT,MCX,50.000000,600,False
577688,SILVER26FEB27197000PE,SILVER,26FEB2027,19700000.000000,30,OPTFUT,MCX,50.000000,600,False
577713,SILVER25MAR27195000PE,SILVER,25MAR2027,19500000.000000,30,OPTFUT,MCX,50.000000,600,False
577714,SILVER25MAR27194000PE,SILVER,25MAR2027,19400000.000000,30,OPTFUT,MCX,50.000000,600,False
577728,SILVER28APR27200000PE,SILVER,28APR2027,20000000.000000,30,OPTFUT,MCX,50.000000,600,False
577777,SILVERM24SEP26193000CE,SILVERM,24SEP2026,19300000.000000,5,OPTFUT,MCX,50.000000,600,False
577778,SILVERM24SEP26192000CE,SILVERM,24SEP2026,19200000.000000,5,OPTFUT,MCX,50.000000,600,False
577814,SILVERM23NOV26188000CE,SILVERM,23NOV2026,18800000.000000,5,OPTFUT,MCX,50.000000,600,False
577795,SILVERM27OCT26191000CE,SILVERM,27OCT2026,19100000.000000,5,OPTFUT,MCX,50.000000,600,False
577809,SILVERM23NOV26193000CE,SILVERM,23NOV2026,19300000.000000,5,OPTFUT,MCX,50.000000,600,False
577811,SILVERM23NOV26191000CE,SILVERM,23NOV2026,19100000.000000,5,OPTFUT,MCX,50.000000,600,False
577819,SILVERM28DEC26206000CE,SILVERM,28DEC2026,20600000.000000,5,OPTFUT,MCX,50.000000,600,False
577829,SILVERM28DEC26196000CE,SILVERM,28DEC2026,19600000.000000,5,OPTFUT,MCX,50.000000,600,False
577831,SILVERM25JAN27209000CE,SILVERM,25JAN2027,20900000.000000,5,OPTFUT,MCX,50.000000,600,False
577844,SILVERM25JAN27196000CE,SILVERM,25JAN2027,19600000.000000,5,OPTFUT,MCX,50.000000,600,False
577861,SILVERM25MAR27210000CE,SILVERM,25MAR2027,21000000.000000,5,OPTFUT,MCX,50.000000,600,False
577877,SILVERM23APR27203000CE,SILVERM,23APR2027,20300000.000000,5,OPTFUT,MCX,50.000000,600,False
577916,SILVERM24SEP26193000PE,SILVERM,24SEP2026,19300000.000000,5,OPTFUT,MCX,50.000000,600,False
577924,SILVERM27OCT26201000PE,SILVERM,27OCT2026,20100000.000000,5,OPTFUT,MCX,50.000000,600,False
577935,SILVERM27OCT26190000PE,SILVERM,27OCT2026,19000000.000000,5,OPTFUT,MCX,50.000000,600,False
577937,SILVERM27OCT26188000PE,SILVERM,27OCT2026,18800000.000000,5,OPTFUT,MCX,50.000000,600,False
577938,SILVERM23NOV26203000PE,SILVERM,23NOV2026,20300000.000000,5,OPTFUT,MCX,50.000000,600,False
577993,SILVERM19FEB27201000PE,SILVERM,19FEB2027,20100000.000000,5,OPTFUT,MCX,50.000000,600,False
577994,SILVERM19FEB27200000PE,SILVERM,19FEB2027,20000000.000000,5,OPTFUT,MCX,50.000000,600,False
578051,CRUDEOILM17SEP262950PE,CRUDEOILM,17SEP2026,295000.000000,10,OPTFUT,MCX,5.000000,10000,False
578090,MCXBULLDEX25SEP2631600CE,MCXBULLDEX,25SEP2026,3160000.000000,30,OPTIDX,MCX,5.000000,900,False
578095,MCXBULLDEX25SEP2631100CE,MCXBULLDEX,25SEP2026,3110000.000000,30,OPTIDX,MCX,5.000000,900,False
578099,MCXBULLDEX25SEP2630700CE,MCXBULLDEX,25SEP2026,3070000.000000,30,OPTIDX,MCX,5.000000,900,False
578114,MCXBULLDEX25SEP2629200CE,MCXBULLDEX,25SEP2026,2920000.000000,30,OPTIDX,MCX,5.000000,900,False
578127,MCXBULLDEX25SEP2633800CE,MCXBULLDEX,25SEP2026,3380000.000000,30,OPTIDX,MCX,5.000000,900,False
578132,MCXBULLDEX25SEP2634300CE,MCXBULLDEX,25SEP2026,3430000.000000,30,OPTIDX,MCX,5.000000,900,False
578137,MCXBULLDEX25SEP2634800CE,MCXBULLDEX,25SEP2026,3480000.000000,30,OPTIDX,MCX,5.000000,900,False
578143,MCXBULLDEX25SEP2635400CE,MCXBULLDEX,25SEP2026,3540000.000000,30,OPTIDX,MCX,5.000000,900,False
578148,MCXBULLDEX25SEP2635900CE,MCXBULLDEX,25SEP2026,3590000.000000,30,OPTIDX,MCX,5.000000,900,False
578183,MCXBULLDEX25SEP2632100PE,MCXBULLDEX,25SEP2026,3210000.000000,30,OPTIDX,MCX,5.000000,900,False
578185,MCXBULLDEX25SEP2631900PE,MCXBULLDEX,25SEP2026,3190000.000000,30,OPTIDX,MCX,5.000000,900,False
578191,MCXBULLDEX25SEP2631300PE,MCXBULLDEX,25SEP2026,3130000.000000,30,OPTIDX,MCX,5.000000,900,False
578217,MCXBULLDEX25SEP2633000PE,MCXBULLDEX,25SEP2026,3300000.000000,30,OPTIDX,MCX,5.000000,900,False
578229,MCXBULLDEX25SEP2634200PE,MCXBULLDEX,25SEP2026,3420000.000000,30,OPTIDX,MCX,5.000000,900,False
578234,MCXBULLDEX25SEP2634700PE,MCXBULLDEX,25SEP2026,3470000.000000,30,OPTIDX,MCX,5.000000,900,False
578235,MCXBULLDEX25SEP2634800PE,MCXBULLDEX,25SEP2026,3480000.000000,30,OPTIDX,MCX,5.000000,900,False
578245,MCXBULLDEX25SEP2635800PE,MCXBULLDEX,25SEP2026,3580000.000000,30,OPTIDX,MCX,5.000000,900,False
578251,NATURALGAS23SEP26310CE,NATURALGAS,23SEP2026,31000.000000,1250,OPTFUT,MCX,5.000000,60000,False
578253,NATGASMINI23SEP26310CE,NATGASMINI,23SEP2026,31000.000000,250,OPTFUT,MCX,5.000000,60000,False
578269,NATURALGAS23SEP26275CE,NATURALGAS,23SEP2026,27500.000000,1250,OPTFUT,MCX,5.000000,60000,False
578272,NATURALGAS23SEP26260CE,NATURALGAS,23SEP2026,26000.000000,1250,OPTFUT,MCX,5.000000,60000,False
578283,NATURALGAS23SEP26205CE,NATURALGAS,23SEP2026,20500.000000,1250,OPTFUT,MCX,5.000000,60000,False
578292,NATURALGAS23SEP26160CE,NATURALGAS,23SEP2026,16000.000000,1250,OPTFUT,MCX,5.000000,60000,False
578314,NATURALGAS23SEP26370CE,NATURALGAS,23SEP2026,37000.000000,1250,OPTFUT,MCX,5.000000,60000,False
578318,NATURALGAS23SEP26390CE,NATURALGAS,23SEP2026,39000.000000,1250,OPTFUT,MCX,5.000000,60000,False
578328,NATURALGAS23SEP26440CE,NATURALGAS,23SEP2026,44000.000000,1250,OPTFUT,MCX,5.000000,60000,False
578329,NATURALGAS23SEP26445CE,NATURALGAS,23SEP2026,44500.000000,1250,OPTFUT,MCX,5.000000,60000,False
578330,NATURALGAS23SEP26450CE,NATURALGAS,23SEP2026,45000.000000,1250,OPTFUT,MCX,5.000000,60000,False
578348,NATURALGAS23SEP26280PE,NATURALGAS,23SEP2026,28000.000000,1250,OPTFUT,MCX,5.000000,60000,False
578359,NATURALGAS23SEP26225PE,NATURALGAS,23SEP2026,22500.000000,1250,OPTFUT,MCX,5.000000,60000,False
578360,NATURALGAS23SEP26220PE,NATURALGAS,23SEP2026,22000.000000,1250,OPTFUT,MCX,5.000000,60000,False
578365,NATURALGAS23SEP26195PE,NATURALGAS,23SEP2026,19500.000000,1250,OPTFUT,MCX,5.000000,60000,False
578367,NATURALGAS23SEP26185PE,NATURALGAS,23SEP2026,18500.000000,1250,OPTFUT,MCX,5.000000,60000,False
578379,NATURALGAS23SEP26125PE,NATURALGAS,23SEP2026,12500.000000,1250,OPTFUT,MCX,5.000000,60000,False
578387,NATURALGAS23SEP26335PE,NATURALGAS,23SEP2026,33500.000000,1250,OPTFUT,MCX,5.000000,60000,False
578388,NATURALGAS23SEP26340PE,NATURALGAS,23SEP2026,34000.000000,1250,OPTFUT,MCX,5.000000,60000,False
578397,NATURALGAS23SEP26385PE,NATURALGAS,23SEP2026,38500.000000,1250,OPTFUT,MCX,5.000000,60000,False
578413,NATURALGAS23SEP26465PE,NATURALGAS,23SEP2026,46500.000000,1250,OPTFUT,MCX,5.000000,60000,False
578430,NATGASMINI23SEP26270CE,NATGASMINI,23SEP2026,27000.000000,250,OPTFUT,MCX,5.000000,60000,False
578434,NATGASMINI23SEP26250CE,NATGASMINI,23SEP2026,25000.000000,250,OPTFUT,MCX,5.000000,60000,False
578438,NATGASMINI23SEP26230CE,NATGASMINI,23SEP2026,23000.000000,250,OPTFUT,MCX,5.000000,60000,False
578439,NATGASMINI23SEP26225CE,NATGASMINI,23SEP2026,22500.000000,250,OPTFUT,MCX,5.000000,60000,False
578444,NATGASMINI23SEP26200CE,NATGASMINI,23SEP2026,20000.000000,250,OPTFUT,MCX,5.000000,60000,False
578451,NATGASMINI23SEP26165CE,NATGASMINI,23SEP2026,16500.000000,250,OPTFUT,MCX,5.000000,60000,False
578454,NATGASMINI23SEP26150CE,NATGASMINI,23SEP2026,15000.000000,250,OPTFUT,MCX,5.000000,60000,False
578459,NATGASMINI23SEP26125CE,NATGASMINI,23SEP2026,12500.000000,250,OPTFUT,MCX,5.000000,60000,False
578479,NATGASMINI23SEP26395CE,NATGASMINI,23SEP2026,39500.000000,250,OPTFUT,MCX,5.000000,60000,False
578486,NATGASMINI23SEP26430CE,NATGASMINI,23SEP2026,43000.000000,250,OPTFUT,MCX,5.000000,60000,False
578498,NATGASMINI23SEP26490CE,NATGASMINI,23SEP2026,49000.000000,250,OPTFUT,MCX,5.000000,60000,False
578507,NATGASMINI23SEP26285PE,NATGASMINI,23SEP2026,28500.000000,250,OPTFUT,MCX,5.000000,60000,False
578508,NATGASMINI23SEP26280PE,NATGASMINI,23SEP2026,28000.000000,250,OPTFUT,MCX,5.000000,60000,False
578511,NATGASMINI23SEP26265PE,NATGASMINI,23SEP2026,26500.000000,250,OPTFUT,MCX,5.000000,60000,False
578515,NATGASMINI23SEP26245PE,NATGASMINI,23SEP2026,24500.000000,250,OPTFUT,MCX,5.000000,60000,False
578527,NATGASMINI23SEP26185PE,NATGASMINI,23SEP2026,18500.000000,250,OPTFUT,MCX,5.000000,60000,False
578539,NATGASMINI23SEP26125PE,NATGASMINI,23SEP2026,12500.000000,250,OPTFUT,MCX,5.000000,60000,False
578541,NATGASMINI23SEP26115PE,NATGASMINI,23SEP2026,11500.000000,250,OPTFUT,MCX,5.000000,60000,False
578566,NATGASMINI23SEP26430PE,NATGASMINI,23SEP2026,43000.000000,250,OPTFUT,MCX,5.000000,60000,False
578570,NATGASMINI23SEP26450PE,NATGASMINI,23SEP2026,45000.000000,250,OPTFUT,MCX,5.000000,60000,False
578578,NATGASMINI23SEP26490PE,NATGASMINI,23SEP2026,49000.000000,250,OPTFUT,MCX,5.000000,60000,False
578587,MCXBULLDEX25SEP2636600CE,MCXBULLDEX,25SEP2026,3660000.000000,30,OPTIDX,MCX,5.000000,900,False
578600,CRUDEOIL17SEP262850PE,CRUDEOIL,17SEP2026,285000.000000,100,OPTFUT,MCX,10.000000,10000,False
578609,NATGASMINI23SEP26515CE,NATGASMINI,23SEP2026,51500.000000,250,OPTFUT,MCX,5.000000,60000,False
578627,NATGASMINI23SEP26105CE,NATGASMINI,23SEP2026,10500.000000,250,OPTFUT,MCX,5.000000,60000,False
578629,GOLDTEN31DEC26FUT,GOLDTEN,31DEC2026,0.000000,10,FUTCOM,MCX,100.000000,10000,False
578631,GOLDPETAL31DEC26FUT,GOLDPETAL,31DEC2026,0.000000,1,FUTCOM,MCX,100.000000,10000,False
578632,ALUMINI30NOV26FUT,ALUMINI,30NOV2026,0.000000,1,FUTCOM,MCX,5.000000,150,False
578635,LEAD30NOV26FUT,LEAD,30NOV2026,0.000000,5,FUTCOM,MCX,5.000000,100,False
578671,COPPER23OCT261370CE,COPPER,23OCT2026,137000.000000,2500,OPTFUT,MCX,1.000000,70000,False
578677,COPPER23OCT261430CE,COPPER,23OCT2026,143000.000000,2500,OPTFUT,MCX,1.000000,70000,False
578679,COPPER23OCT261450CE,COPPER,23OCT2026,145000.000000,2500,OPTFUT,MCX,1.000000,70000,False
578683,COPPER23OCT261280PE,COPPER,23OCT2026,128000.000000,2500,OPTFUT,MCX,1.000000,70000,False
578713,ZINC23OCT26340CE,ZINC,23OCT2026,34000.000000,5,OPTFUT,MCX,1.000000,100,False
578720,ZINC23OCT26305CE,ZINC,23OCT2026,30500.000000,5,OPTFUT,MCX,1.000000,100,False
578727,ZINC23OCT26390CE,ZINC,23OCT2026,39000.000000,5,OPTFUT,MCX,1.000000,100,False
578734,ZINC23OCT26335PE,ZINC,23OCT2026,33500.000000,5,OPTFUT,MCX,1.000000,100,False
578739,ZINC23OCT26310PE,ZINC,23OCT2026,31000.000000,5,OPTFUT,MCX,1.000000,100,False
578744,ZINC23OCT26375PE,ZINC,23OCT2026,37500.000000,5,OPTFUT,MCX,1.000000,100,False
578747,ZINC23OCT26390PE,ZINC,23OCT2026,39000.000000,5,OPTFUT,MCX,1.000000,100,False
578760,MCXBULLDEX25SEP2637100CE,MCXBULLDEX,25SEP2026,3710000.000000,30,OPTIDX,MCX,5.000000,900,False
578763,MCXBULLDEX25SEP2637100PE,MCXBULLDEX,25SEP2026,3710000.000000,30,OPTIDX,MCX,5.000000,900,False
578774,MCXBULLDEX25SEP2637400CE,MCXBULLDEX,25SEP2026,3740000.000000,30,OPTIDX,MCX,5.000000,900,False
578776,MCXBULLDEX25SEP2637300PE,MCXBULLDEX,25SEP2026,3730000.000000,30,OPTIDX,MCX,5.000000,900,False
578779,GOLDM05JAN27FUT,GOLDM,05JAN2027,0.000000,100,FUTCOM,MCX,100.000000,10000,False
578782,COPPER23OCT261480CE,COPPER,23OCT2026,148000.000000,2500,OPTFUT,MCX,1.000000,70000,False
578787,GOLDM25SEP26148500CE,GOLDM,25SEP2026,14850000.000000,100,OPTFUT,MCX,50.000000,10000,False
578793,GOLDM25SEP26145500CE,GOLDM,25SEP2026,14550000.000000,100,OPTFUT,MCX,50.000000,10000,False
578801,GOLDM25SEP26141500CE,GOLDM,25SEP2026,14150000.000000,100,OPTFUT,MCX,50.000000,10000,False
578804,GOLDM25SEP26140000CE,GOLDM,25SEP2026,14000000.000000,100,OPTFUT,MCX,50.000000,10000,False
578819,GOLDM25SEP26132500CE,GOLDM,25SEP2026,13250000.000000,100,OPTFUT,MCX,50.000000,10000,False
578822,GOLDM25SEP26131000CE,GOLDM,25SEP2026,13100000.000000,100,OPTFUT,MCX,50.000000,10000,False
578826,GOLDM25SEP26129000CE,GOLDM,25SEP2026,12900000.000000,100,OPTFUT,MCX,50.000000,10000,False
578827,GOLDM25SEP26128500CE,GOLDM,25SEP2026,12850000.000000,100,OPTFUT,MCX,50.000000,10000,False
578831,GOLDM25SEP26126500CE,GOLDM,25SEP2026,12650000.000000,100,OPTFUT,MCX,50.000000,10000,False
578843,GOLDM25SEP26155500CE,GOLDM,25SEP2026,15550000.000000,100,OPTFUT,MCX,50.000000,10000,False
578855,GOLDM25SEP26161500CE,GOLDM,25SEP2026,16150000.000000,100,OPTFUT,MCX,50.000000,10000,False
578866,GOLDM25SEP26167000CE,GOLDM,25SEP2026,16700000.000000,100,OPTFUT,MCX,50.000000,10000,False
578871,GOLDM25SEP26169500CE,GOLDM,25SEP2026,16950000.000000,100,OPTFUT,MCX,50.000000,10000,False
578875,GOLDM25SEP26171500CE,GOLDM,25SEP2026,17150000.000000,100,OPTFUT,MCX,50.000000,10000,False
578903,GOLDM25SEP26140500PE,GOLDM,25SEP2026,14050000.000000,100,OPTFUT,MCX,50.000000,10000,False
578930,GOLDM25SEP26127000PE,GOLDM,25SEP2026,12700000.000000,100,OPTFUT,MCX,50.000000,10000,False
578944,GOLDM25SEP26156000PE,GOLDM,25SEP2026,15600000.000000,100,OPTFUT,MCX,50.000000,10000,False
578958,GOLDM25SEP26163000PE,GOLDM,25SEP2026,16300000.000000,100,OPTFUT,MCX,50.000000,10000,False
578961,GOLDM25SEP26164500PE,GOLDM,25SEP2026,16450000.000000,100,OPTFUT,MCX,50.000000,10000,False
579018,GOLDM25SEP26122500CE,GOLDM,25SEP2026,12250000.000000,100,OPTFUT,MCX,50.000000,10000,False
579035,NATGASMINI23SEP2695CE,NATGASMINI,23SEP2026,9500.000000,250,OPTFUT,MCX,5.000000,60000,False
579036,NATGASMINI23SEP2690CE,NATGASMINI,23SEP2026,9000.000000,250,OPTFUT,MCX,5.000000,60000,False
579042,COPPER23OCT261490PE,COPPER,23OCT2026,149000.000000,2500,OPTFUT,MCX,1.000000,70000,False
579045,GOLD30APR27132000CE,GOLD,30APR2027,13200000.000000,1,OPTFUT,MCX,50.000000,100,False
579048,GOLD28MAY27131500CE,GOLD,28MAY2027,13150000.000000,1,OPTFUT,MCX,50.000000,100,False
579058,GOLDM25SEP26121000PE,GOLDM,25SEP2026,12100000.000000,100,OPTFUT,MCX,50.000000,10000,False
579092,CRUDEOIL17SEP2611100PE,CRUDEOIL,17SEP2026,1110000.000000,100,OPTFUT,MCX,10.000000,10000,False
579100,GOLD25SEP26118500CE,GOLD,25SEP2026,11850000.000000,1,OPTFUT,MCX,50.000000,100,False
579109,GOLD30OCT26120500CE,GOLD,30OCT2026,12050000.000000,1,OPTFUT,MCX,50.000000,100,False
579110,GOLD27NOV26123500CE,GOLD,27NOV2026,12350000.000000,1,OPTFUT,MCX,50.000000,100,False
579114,GOLD27NOV26121500CE,GOLD,27NOV2026,12150000.000000,1,OPTFUT,MCX,50.000000,100,False
579118,GOLD31DEC26125500CE,GOLD,31DEC2026,12550000.000000,1,OPTFUT,MCX,50.000000,100,False
579122,GOLD31DEC26123500CE,GOLD,31DEC2026,12350000.000000,1,OPTFUT,MCX,50.000000,100,False
579126,GOLD29JAN27125500CE,GOLD,29JAN2027,12550000.000000,1,OPTFUT,MCX,50.000000,100,False
579139,GOLD26FEB27125500CE,GOLD,26FEB2027,12550000.000000,1,OPTFUT,MCX,50.000000,100,False
579142,GOLD29MAR27128000CE,GOLD,29MAR2027,12800000.000000,1,OPTFUT,MCX,50.000000,100,False
579144,GOLD29MAR27127000CE,GOLD,29MAR2027,12700000.000000,1,OPTFUT,MCX,50.000000,100,False
579146,GOLD29MAR27126000CE,GOLD,29MAR2027,12600000.000000,1,OPTFUT,MCX,50.000000,100,False
579148,GOLD29MAR27125000CE,GOLD,29MAR2027,12500000.000000,1,OPTFUT,MCX,50.000000,100,False
579160,GOLD28MAY27129500CE,GOLD,28MAY2027,12950000.000000,1,OPTFUT,MCX,50.000000,100,False
579176,GOLD30OCT26123000PE,GOLD,30OCT2026,12300000.000000,1,OPTFUT,MCX,50.000000,100,False
579181,GOLD30OCT26120500PE,GOLD,30OCT2026,12050000.000000,1,OPTFUT,MCX,50.000000,100,False
579202,GOLD29JAN27123500PE,GOLD,29JAN2027,12350000.000000,1,OPTFUT,MCX,50.000000,100,False
579203,GOLD29JAN27123000PE,GOLD,29JAN2027,12300000.000000,1,OPTFUT,MCX,50.000000,100,False
579207,GOLD26FEB27127500PE,GOLD,26FEB2027,12750000.000000,1,OPTFUT,MCX,50.000000,100,False
579208,GOLD26FEB27127000PE,GOLD,26FEB2027,12700000.000000,1,OPTFUT,MCX,50.000000,100,False
579209,GOLD26FEB27126500PE,GOLD,26FEB2027,12650000.000000,1,OPTFUT,MCX,50.000000,100,False
579216,GOLD29MAR27127000PE,GOLD,29MAR2027,12700000.000000,1,OPTFUT,MCX,50.000000,100,False
579220,GOLD29MAR27125000PE,GOLD,29MAR2027,12500000.000000,1,OPTFUT,MCX,50.000000,100,False
579226,GOLD30APR27128500PE,GOLD,30APR2027,12850000.000000,1,OPTFUT,MCX,50.000000,100,False
579231,GOLD28MAY27130000PE,GOLD,28MAY2027,13000000.000000,1,OPTFUT,MCX,50.000000,100,False
579235,GOLD28MAY27128000PE,GOLD,28MAY2027,12800000.000000,1,OPTFUT,MCX,50.000000,100,False
579247,GOLDM25SEP26118000CE,GOLDM,25SEP2026,11800000.000000,100,OPTFUT,MCX,50.000000,10000,False
579256,GOLDM25SEP26119000PE,GOLDM,25SEP2026,11900000.000000,100,OPTFUT,MCX,50.000000,10000,False
579291,COPPER23OCT261510PE,COPPER,23OCT2026,151000.000000,2500,OPTFUT,MCX,1.000000,70000,False
579295,CRUDEOIL17SEP2611150PE,CRUDEOIL,17SEP2026,1115000.000000,100,OPTFUT,MCX,10.000000,10000,False
579318,GOLD26FEB27124500CE,GOLD,26FEB2027,12450000.000000,1,OPTFUT,MCX,50.000000,100,False
579333,GOLD27NOV26120000PE,GOLD,27NOV2026,12000000.000000,1,OPTFUT,MCX,50.000000,100,False
579356,SILVER26MAY27230000CE,SILVER,26MAY2027,23000000.000000,30,OPTFUT,MCX,50.000000,600,False
579334,GOLD26FEB27124500PE,GOLD,26FEB2027,12450000.000000,1,OPTFUT,MCX,50.000000,100,False
579339,GOLD29MAR27123500PE,GOLD,29MAR2027,12350000.000000,1,OPTFUT,MCX,50.000000,100,False
579350,SILVER26MAY27236000CE,SILVER,26MAY2027,23600000.000000,30,OPTFUT,MCX,50.000000,600,False
579363,SILVER26MAY27223000CE,SILVER,26MAY2027,22300000.000000,30,OPTFUT,MCX,50.000000,600,False
579382,SILVER26MAY27204000CE,SILVER,26MAY2027,20400000.000000,30,OPTFUT,MCX,50.000000,600,False
579389,SILVER26MAY27241000CE,SILVER,26MAY2027,24100000.000000,30,OPTFUT,MCX,50.000000,600,False
579391,SILVER26MAY27243000CE,SILVER,26MAY2027,24300000.000000,30,OPTFUT,MCX,50.000000,600,False
579407,SILVER26MAY27259000CE,SILVER,26MAY2027,25900000.000000,30,OPTFUT,MCX,50.000000,600,False
579411,SILVER26MAY27263000CE,SILVER,26MAY2027,26300000.000000,30,OPTFUT,MCX,50.000000,600,False
579416,SILVER26MAY27268000CE,SILVER,26MAY2027,26800000.000000,30,OPTFUT,MCX,50.000000,600,False
579418,SILVER26MAY27270000CE,SILVER,26MAY2027,27000000.000000,30,OPTFUT,MCX,50.000000,600,False
579422,SILVER26MAY27274000CE,SILVER,26MAY2027,27400000.000000,30,OPTFUT,MCX,50.000000,600,False
579424,SILVER26MAY27276000CE,SILVER,26MAY2027,27600000.000000,30,OPTFUT,MCX,50.000000,600,False
579432,SILVER28JUN27234000CE,SILVER,28JUN2027,23400000.000000,30,OPTFUT,MCX,50.000000,600,False
579433,SILVER28JUN27233000CE,SILVER,28JUN2027,23300000.000000,30,OPTFUT,MCX,50.000000,600,False
579441,SILVER28JUN27225000CE,SILVER,28JUN2027,22500000.000000,30,OPTFUT,MCX,50.000000,600,False
579460,SILVER28JUN27206000CE,SILVER,28JUN2027,20600000.000000,30,OPTFUT,MCX,50.000000,600,False
579479,SILVER28JUN27251000CE,SILVER,28JUN2027,25100000.000000,30,OPTFUT,MCX,50.000000,600,False
579486,SILVER28JUN27258000CE,SILVER,28JUN2027,25800000.000000,30,OPTFUT,MCX,50.000000,600,False
579487,SILVER28JUN27259000CE,SILVER,28JUN2027,25900000.000000,30,OPTFUT,MCX,50.000000,600,False
579489,SILVER28JUN27261000CE,SILVER,28JUN2027,26100000.000000,30,OPTFUT,MCX,50.000000,600,False
579507,SILVER28JUN27279000CE,SILVER,28JUN2027,27900000.000000,30,OPTFUT,MCX,50.000000,600,False
579519,SILVER26MAY27227000PE,SILVER,26MAY2027,22700000.000000,30,OPTFUT,MCX,50.000000,600,False
579524,SILVER26MAY27222000PE,SILVER,26MAY2027,22200000.000000,30,OPTFUT,MCX,50.000000,600,False
579538,SILVER26MAY27208000PE,SILVER,26MAY2027,20800000.000000,30,OPTFUT,MCX,50.000000,600,False
579540,SILVER26MAY27206000PE,SILVER,26MAY2027,20600000.000000,30,OPTFUT,MCX,50.000000,600,False
579544,SILVER26MAY27202000PE,SILVER,26MAY2027,20200000.000000,30,OPTFUT,MCX,50.000000,600,False
579571,SILVER26MAY27263000PE,SILVER,26MAY2027,26300000.000000,30,OPTFUT,MCX,50.000000,600,False
579575,SILVER26MAY27267000PE,SILVER,26MAY2027,26700000.000000,30,OPTFUT,MCX,50.000000,600,False
579586,SILVER26MAY27278000PE,SILVER,26MAY2027,27800000.000000,30,OPTFUT,MCX,50.000000,600,False
579592,SILVER28JUN27234000PE,SILVER,28JUN2027,23400000.000000,30,OPTFUT,MCX,50.000000,600,False
579607,SILVER28JUN27219000PE,SILVER,28JUN2027,21900000.000000,30,OPTFUT,MCX,50.000000,600,False
579614,SILVER28JUN27212000PE,SILVER,28JUN2027,21200000.000000,30,OPTFUT,MCX,50.000000,600,False
579616,SILVER28JUN27210000PE,SILVER,28JUN2027,21000000.000000,30,OPTFUT,MCX,50.000000,600,False
579625,SILVER28JUN27201000PE,SILVER,28JUN2027,20100000.000000,30,OPTFUT,MCX,50.000000,600,False
579646,SILVER28JUN27258000PE,SILVER,28JUN2027,25800000.000000,30,OPTFUT,MCX,50.000000,600,False
579668,SILVERM25MAR27200000CE,SILVERM,25MAR2027,20000000.000000,5,OPTFUT,MCX,50.000000,600,False
579691,SILVERM26MAY27221000CE,SILVERM,26MAY2027,22100000.000000,5,OPTFUT,MCX,50.000000,600,False
579699,SILVERM26MAY27213000CE,SILVERM,26MAY2027,21300000.000000,5,OPTFUT,MCX,50.000000,600,False
579700,SILVERM26MAY27212000CE,SILVERM,26MAY2027,21200000.000000,5,OPTFUT,MCX,50.000000,600,False
579725,SILVERM26MAY27259000CE,SILVERM,26MAY2027,25900000.000000,5,OPTFUT,MCX,50.000000,600,False
579749,SILVERM26MAY27283000CE,SILVERM,26MAY2027,28300000.000000,5,OPTFUT,MCX,50.000000,600,False
579766,SILVERM23JUN27226000CE,SILVERM,23JUN2027,22600000.000000,5,OPTFUT,MCX,50.000000,600,False
579769,SILVERM23JUN27223000CE,SILVERM,23JUN2027,22300000.000000,5,OPTFUT,MCX,50.000000,600,False
579781,SILVERM23JUN27211000CE,SILVERM,23JUN2027,21100000.000000,5,OPTFUT,MCX,50.000000,600,False
579788,SILVERM23JUN27204000CE,SILVERM,23JUN2027,20400000.000000,5,OPTFUT,MCX,50.000000,600,False
579790,SILVERM23JUN27244000CE,SILVERM,23JUN2027,24400000.000000,5,OPTFUT,MCX,50.000000,600,False
579801,SILVERM23JUN27255000CE,SILVERM,23JUN2027,25500000.000000,5,OPTFUT,MCX,50.000000,600,False
579812,SILVERM23JUN27266000CE,SILVERM,23JUN2027,26600000.000000,5,OPTFUT,MCX,50.000000,600,False
579821,SILVERM23JUN27275000CE,SILVERM,23JUN2027,27500000.000000,5,OPTFUT,MCX,50.000000,600,False
579827,SILVERM23JUN27281000CE,SILVERM,23JUN2027,28100000.000000,5,OPTFUT,MCX,50.000000,600,False
579829,SILVERM23JUN27283000CE,SILVERM,23JUN2027,28300000.000000,5,OPTFUT,MCX,50.000000,600,False
579836,SILVERM26MAY27238000PE,SILVERM,26MAY2027,23800000.000000,5,OPTFUT,MCX,50.000000,600,False
579851,SILVERM26MAY27223000PE,SILVERM,26MAY2027,22300000.000000,5,OPTFUT,MCX,50.000000,600,False
579884,SILVERM26MAY27256000PE,SILVERM,26MAY2027,25600000.000000,5,OPTFUT,MCX,50.000000,600,False
579896,SILVERM26MAY27268000PE,SILVERM,26MAY2027,26800000.000000,5,OPTFUT,MCX,50.000000,600,False
579901,SILVERM26MAY27273000PE,SILVERM,26MAY2027,27300000.000000,5,OPTFUT,MCX,50.000000,600,False
579913,SILVERM23JUN27241000PE,SILVERM,23JUN2027,24100000.000000,5,OPTFUT,MCX,50.000000,600,False
579916,SILVERM23JUN27238000PE,SILVERM,23JUN2027,23800000.000000,5,OPTFUT,MCX,50.000000,600,False
579924,SILVERM23JUN27230000PE,SILVERM,23JUN2027,23000000.000000,5,OPTFUT,MCX,50.000000,600,False
579928,SILVERM23JUN27226000PE,SILVERM,23JUN2027,22600000.000000,5,OPTFUT,MCX,50.000000,600,False
579946,SILVERM23JUN27208000PE,SILVERM,23JUN2027,20800000.000000,5,OPTFUT,MCX,50.000000,600,False
579949,SILVERM23JUN27205000PE,SILVERM,23JUN2027,20500000.000000,5,OPTFUT,MCX,50.000000,600,False
579955,SILVERM23JUN27247000PE,SILVERM,23JUN2027,24700000.000000,5,OPTFUT,MCX,50.000000,600,False
579956,SILVERM23JUN27248000PE,SILVERM,23JUN2027,24800000.000000,5,OPTFUT,MCX,50.000000,600,False
579965,SILVERM23JUN27257000PE,SILVERM,23JUN2027,25700000.000000,5,OPTFUT,MCX,50.000000,600,False
579974,SILVERM23JUN27266000PE,SILVERM,23JUN2027,26600000.000000,5,OPTFUT,MCX,50.000000,600,False
580021,GOLD31DEC26118500CE,GOLD,31DEC2026,11850000.000000,1,OPTFUT,MCX,50.000000,100,False
580038,GOLD26FEB27120000CE,GOLD,26FEB2027,12000000.000000,1,OPTFUT,MCX,50.000000,100,False
580061,GOLD30APR27120500CE,GOLD,30APR2027,12050000.000000,1,OPTFUT,MCX,50.000000,100,False
580069,GOLD28MAY27122500CE,GOLD,28MAY2027,12250000.000000,1,OPTFUT,MCX,50.000000,100,False
580083,GOLD30OCT26119000PE,GOLD,30OCT2026,11900000.000000,1,OPTFUT,MCX,50.000000,100,False
580096,GOLD31DEC26122000PE,GOLD,31DEC2026,12200000.000000,1,OPTFUT,MCX,50.000000,100,False
580112,GOLD29JAN27118500PE,GOLD,29JAN2027,11850000.000000,1,OPTFUT,MCX,50.000000,100,False
580120,GOLD26FEB27120000PE,GOLD,26FEB2027,12000000.000000,1,OPTFUT,MCX,50.000000,100,False
580123,GOLD26FEB27118500PE,GOLD,26FEB2027,11850000.000000,1,OPTFUT,MCX,50.000000,100,False
580127,GOLD29MAR27121500PE,GOLD,29MAR2027,12150000.000000,1,OPTFUT,MCX,50.000000,100,False
115,SILVERCOM,SILVER,,0.000000,30,COMDTY,MCX,100.000000,99999999,False
124,REFSOYOILCOM,REFSOYOIL,,0.000000,10,COMDTY,MCX,500.000000,99999999,False
135,NYSLVMAYCOM,NYSLVMAY,,0.000000,30,COMDTY,MCX,5.000000,99999999,False
145,COMXSLVMAYCOM,COMXSLVMAY,,0.000000,30,COMDTY,MCX,5.000000,99999999,False
170,TURBURLEMSCOM,TURBURLEMS,,0.000000,10000,COMDTY,MCX,5.000000,99999999,False
173,URADFAQIMPCOM,URADFAQIMP,,0.000000,10000,COMDTY,MCX,5.000000,99999999,False
174,COMXSLVSEPCOM,COMXSLVSEP,,0.000000,30,COMDTY,MCX,5.000000,99999999,False
185,PEPSPTKOCICOM,PEPSPTKOCI,,0.000000,1000,COMDTY,MCX,5.000000,99999999,False
186,RUBSPTKOTYCOM,RUBSPTKOTY,,0.000000,1000,COMDTY,MCX,5.000000,99999999,False
192,CASTRSDAHMCOM,CASTRSDAHM,,0.000000,1000,COMDTY,MCX,5.000000,99999999,False
198,COMXGLDDECCOM,COMXGLDDEC,,0.000000,1000,COMDTY,MCX,5.000000,99999999,False
208,GURCOM,GUR,,0.000000,4,COMDTY,MCX,10.000000,99999999,False
231,BSMATIRICECOM,BSMATIRICE,,0.000000,10,COMDTY,MCX,100.000000,99999999,False
234,SOYASDSPTCOM,SOYASDSPT,,0.000000,1000,COMDTY,MCX,10.000000,99999999,False
245,SMUSSDHPRCOM,SMUSSDHPR,,0.000000,10000,COMDTY,MCX,5.000000,99999999,False
263,SMAIZENZMCOM,SMAIZENZM,,0.000000,10000,COMDTY,MCX,5.000000,99999999,False
270,SGURMZNCOM,SGURMZN,,0.000000,4000,COMDTY,MCX,5.000000,99999999,False
276,SWHEATDLHCOM,SWHEATDLH,,0.000000,10000,COMDTY,MCX,5.000000,99999999,False
282,SJEERAUJHCOM,SJEERAUJH,,0.000000,2000,COMDTY,MCX,5.000000,99999999,False
300,SCOTSDAKLCOM,SCOTSDAKL,,0.000000,10000,COMDTY,MCX,100.000000,99999999,False
321,SMTHOLSBLCOM,SMTHOLSBL,,0.000000,360,COMDTY,MCX,10.000000,99999999,False
337,NYCRDOLOCTCOM,NYCRDOLOCT,,0.000000,100,COMDTY,MCX,5.000000,99999999,False
338,SBCRDOLINTCOM,SBCRDOLINT,,0.000000,100,COMDTY,MCX,5.000000,99999999,False
340,IPEBCRDOCTCOM,IPEBCRDOCT,,0.000000,100,COMDTY,MCX,5.000000,99999999,False
355,SPPTQMUMCOM,SPPTQMUM,,0.000000,2,COMDTY,MCX,5.000000,99999999,False
377,SPOTATOAGRCOM,SPOTATOAGR,,0.000000,3000,COMDTY,MCX,10.000000,99999999,False
388,SCRDSRMINTCOM,SCRDSRMINT,,0.000000,100,COMDTY,MCX,50.000000,99999999,False
400,MGGURCHAKUCOM,MGGURCHAKU,,0.000000,10,COMDTY,MCX,10.000000,99999999,False
401,NATURALGASCOM,NATURALGAS,,0.000000,1250,COMDTY,MCX,10.000000,99999999,False
404,RJKCASSEEDCOM,RJKCASSEED,,0.000000,5,COMDTY,MCX,50.000000,99999999,False
416,SOYABEANCOM,SOYABEAN,,0.000000,10,COMDTY,MCX,5000.000000,99999999,False
417,SMSTDSDJPRCOM,SMSTDSDJPR,,0.000000,10,COMDTY,MCX,5.000000,99999999,False
434,CORIANDERCOM,CORIANDER,,0.000000,5,COMDTY,MCX,10000.000000,99999999,False
439,CHANADELCOM,CHANADEL,,0.000000,10,COMDTY,MCX,10000.000000,99999999,False
449,SELECTMTHCOM,SELECTMTH,,0.000000,24,COMDTY,MCX,100.000000,99999999,False
469,SALMONDDELCOM,SALMONDDEL,,0.000000,500,COMDTY,MCX,25.000000,99999999,False
485,SMEDCOTSRGCOM,SMEDCOTSRG,,0.000000,199,COMDTY,MCX,50.000000,99999999,False
522,ALUMINICOM,ALUMINI,,0.000000,1,COMDTY,MCX,5.000000,99999999,False
495213,GOLD04DEC26FUT,GOLD,04DEC2026,0.000000,1,FUTCOM,MCX,100.000000,10,False
554894,SILVER27NOV26283000CE,SILVER,27NOV2026,28300000.000000,30,OPTFUT,MCX,50.000000,600,False
555278,SILVERM27OCT26285000CE,SILVERM,27OCT2026,28500000.000000,5,OPTFUT,MCX,50.000000,600,False
555359,SILVERM23NOV26285000CE,SILVERM,23NOV2026,28500000.000000,5,OPTFUT,MCX,50.000000,600,False
556425,GOLD25SEP26163000CE,GOLD,25SEP2026,16300000.000000,1,OPTFUT,MCX,50.000000,100,False
556428,GOLD25SEP26161500CE,GOLD,25SEP2026,16150000.000000,1,OPTFUT,MCX,50.000000,100,False
556432,GOLD25SEP26159500CE,GOLD,25SEP2026,15950000.000000,1,OPTFUT,MCX,50.000000,100,False
556436,GOLD25SEP26157500CE,GOLD,25SEP2026,15750000.000000,1,OPTFUT,MCX,50.000000,100,False
556442,GOLD25SEP26154500CE,GOLD,25SEP2026,15450000.000000,1,OPTFUT,MCX,50.000000,100,False
556443,GOLD25SEP26154000CE,GOLD,25SEP2026,15400000.000000,1,OPTFUT,MCX,50.000000,100,False
556451,GOLD25SEP26150000CE,GOLD,25SEP2026,15000000.000000,1,OPTFUT,MCX,50.000000,100,False
556452,GOLD25SEP26149500CE,GOLD,25SEP2026,14950000.000000,1,OPTFUT,MCX,50.000000,100,False
556465,GOLD25SEP26143000CE,GOLD,25SEP2026,14300000.000000,1,OPTFUT,MCX,50.000000,100,False
556492,GOLD25SEP26172500CE,GOLD,25SEP2026,17250000.000000,1,OPTFUT,MCX,50.000000,100,False
556498,GOLD25SEP26175500CE,GOLD,25SEP2026,17550000.000000,1,OPTFUT,MCX,50.000000,100,False
556513,GOLD25SEP26183000CE,GOLD,25SEP2026,18300000.000000,1,OPTFUT,MCX,50.000000,100,False
556530,GOLD30OCT26163000CE,GOLD,30OCT2026,16300000.000000,1,OPTFUT,MCX,50.000000,100,False
556534,GOLD30OCT26161000CE,GOLD,30OCT2026,16100000.000000,1,OPTFUT,MCX,50.000000,100,False
556539,GOLD30OCT26158500CE,GOLD,30OCT2026,15850000.000000,1,OPTFUT,MCX,50.000000,100,False
556558,GOLD30OCT26149000CE,GOLD,30OCT2026,14900000.000000,1,OPTFUT,MCX,50.000000,100,False
556564,GOLD30OCT26146000CE,GOLD,30OCT2026,14600000.000000,1,OPTFUT,MCX,50.000000,100,False
556593,GOLD30OCT26175500CE,GOLD,30OCT2026,17550000.000000,1,OPTFUT,MCX,50.000000,100,False
556595,GOLD30OCT26176500CE,GOLD,30OCT2026,17650000.000000,1,OPTFUT,MCX,50.000000,100,False
556596,GOLD30OCT26177000CE,GOLD,30OCT2026,17700000.000000,1,OPTFUT,MCX,50.000000,100,False
556597,GOLD30OCT26177500CE,GOLD,30OCT2026,17750000.000000,1,OPTFUT,MCX,50.000000,100,False
556619,GOLD30OCT26188500CE,GOLD,30OCT2026,18850000.000000,1,OPTFUT,MCX,50.000000,100,False
556620,GOLD30OCT26189000CE,GOLD,30OCT2026,18900000.000000,1,OPTFUT,MCX,50.000000,100,False
556624,GOLD30OCT26191000CE,GOLD,30OCT2026,19100000.000000,1,OPTFUT,MCX,50.000000,100,False
556638,GOLD27NOV26159000CE,GOLD,27NOV2026,15900000.000000,1,OPTFUT,MCX,50.000000,100,False
556640,GOLD27NOV26158000CE,GOLD,27NOV2026,15800000.000000,1,OPTFUT,MCX,50.000000,100,False
556643,GOLD27NOV26156500CE,GOLD,27NOV2026,15650000.000000,1,OPTFUT,MCX,50.000000,100,False
556653,GOLD27NOV26151500CE,GOLD,27NOV2026,15150000.000000,1,OPTFUT,MCX,50.000000,100,False
556661,GOLD27NOV26147500CE,GOLD,27NOV2026,14750000.000000,1,OPTFUT,MCX,50.000000,100,False
556677,GOLD27NOV26167500CE,GOLD,27NOV2026,16750000.000000,1,OPTFUT,MCX,50.000000,100,False
556678,GOLD27NOV26168000CE,GOLD,27NOV2026,16800000.000000,1,OPTFUT,MCX,50.000000,100,False
556685,GOLD27NOV26171500CE,GOLD,27NOV2026,17150000.000000,1,OPTFUT,MCX,50.000000,100,False
556692,GOLD27NOV26175000CE,GOLD,27NOV2026,17500000.000000,1,OPTFUT,MCX,50.000000,100,False
556693,GOLD27NOV26175500CE,GOLD,27NOV2026,17550000.000000,1,OPTFUT,MCX,50.000000,100,False
556697,GOLD27NOV26177500CE,GOLD,27NOV2026,17750000.000000,1,OPTFUT,MCX,50.000000,100,False
556713,GOLD27NOV26185500CE,GOLD,27NOV2026,18550000.000000,1,OPTFUT,MCX,50.000000,100,False
556718,GOLD27NOV26188000CE,GOLD,27NOV2026,18800000.000000,1,OPTFUT,MCX,50.000000,100,False
556719,GOLD27NOV26188500CE,GOLD,27NOV2026,18850000.000000,1,OPTFUT,MCX,50.000000,100,False
557031,GOLD25SEP26160000PE,GOLD,25SEP2026,16000000.000000,1,OPTFUT,MCX,50.000000,100,False
557035,GOLD25SEP26158000PE,GOLD,25SEP2026,15800000.000000,1,OPTFUT,MCX,50.000000,100,False
557047,GOLD25SEP26152000PE,GOLD,25SEP2026,15200000.000000,1,OPTFUT,MCX,50.000000,100,False
557053,GOLD25SEP26149000PE,GOLD,25SEP2026,14900000.000000,1,OPTFUT,MCX,50.000000,100,False
557062,GOLD25SEP26144500PE,GOLD,25SEP2026,14450000.000000,1,OPTFUT,MCX,50.000000,100,False
557065,GOLD25SEP26143000PE,GOLD,25SEP2026,14300000.000000,1,OPTFUT,MCX,50.000000,100,False
557070,GOLD25SEP26140500PE,GOLD,25SEP2026,14050000.000000,1,OPTFUT,MCX,50.000000,100,False
557108,GOLD25SEP26180500PE,GOLD,25SEP2026,18050000.000000,1,OPTFUT,MCX,50.000000,100,False
557118,GOLD25SEP26185500PE,GOLD,25SEP2026,18550000.000000,1,OPTFUT,MCX,50.000000,100,False
557120,GOLD25SEP26186500PE,GOLD,25SEP2026,18650000.000000,1,OPTFUT,MCX,50.000000,100,False
557169,GOLD30OCT26143500PE,GOLD,30OCT2026,14350000.000000,1,OPTFUT,MCX,50.000000,100,False
557173,GOLD30OCT26141500PE,GOLD,30OCT2026,14150000.000000,1,OPTFUT,MCX,50.000000,100,False
557182,GOLD30OCT26170000PE,GOLD,30OCT2026,17000000.000000,1,OPTFUT,MCX,50.000000,100,False
557200,GOLD30OCT26179000PE,GOLD,30OCT2026,17900000.000000,1,OPTFUT,MCX,50.000000,100,False
557209,GOLD30OCT26183500PE,GOLD,30OCT2026,18350000.000000,1,OPTFUT,MCX,50.000000,100,False
557210,GOLD30OCT26184000PE,GOLD,30OCT2026,18400000.000000,1,OPTFUT,MCX,50.000000,100,False
557212,GOLD30OCT26185000PE,GOLD,30OCT2026,18500000.000000,1,OPTFUT,MCX,50.000000,100,False
557240,GOLD27NOV26158000PE,GOLD,27NOV2026,15800000.000000,1,OPTFUT,MCX,50.000000,100,False
557247,GOLD27NOV26154500PE,GOLD,27NOV2026,15450000.000000,1,OPTFUT,MCX,50.000000,100,False
557260,GOLD27NOV26148000PE,GOLD,27NOV2026,14800000.000000,1,OPTFUT,MCX,50.000000,100,False
557262,GOLD27NOV26147000PE,GOLD,27NOV2026,14700000.000000,1,OPTFUT,MCX,50.000000,100,False
557274,GOLD27NOV26141000PE,GOLD,27NOV2026,14100000.000000,1,OPTFUT,MCX,50.000000,100,False
557276,GOLD27NOV26167000PE,GOLD,27NOV2026,16700000.000000,1,OPTFUT,MCX,50.000000,100,False
557281,GOLD27NOV26169500PE,GOLD,27NOV2026,16950000.000000,1,OPTFUT,MCX,50.000000,100,False
557287,GOLD27NOV26172500PE,GOLD,27NOV2026,17250000.000000,1,OPTFUT,MCX,50.000000,100,False
557300,GOLD27NOV26179000PE,GOLD,27NOV2026,17900000.000000,1,OPTFUT,MCX,50.000000,100,False
557316,GOLD27NOV26187000PE,GOLD,27NOV2026,18700000.000000,1,OPTFUT,MCX,50.000000,100,False
557590,SILVER24SEP26271000CE,SILVER,24SEP2026,27100000.000000,30,OPTFUT,MCX,50.000000,600,False
557598,SILVER24SEP26263000CE,SILVER,24SEP2026,26300000.000000,30,OPTFUT,MCX,50.000000,600,False
557599,SILVER24SEP26262000CE,SILVER,24SEP2026,26200000.000000,30,OPTFUT,MCX,50.000000,600,False
557601,SILVER24SEP26260000CE,SILVER,24SEP2026,26000000.000000,30,OPTFUT,MCX,50.000000,600,False
557631,SILVER24SEP26296000CE,SILVER,24SEP2026,29600000.000000,30,OPTFUT,MCX,50.000000,600,False
557642,SILVER24SEP26307000CE,SILVER,24SEP2026,30700000.000000,30,OPTFUT,MCX,50.000000,600,False
557643,SILVER24SEP26308000CE,SILVER,24SEP2026,30800000.000000,30,OPTFUT,MCX,50.000000,600,False
557657,SILVER24SEP26322000CE,SILVER,24SEP2026,32200000.000000,30,OPTFUT,MCX,50.000000,600,False
557662,SILVER27OCT26279000CE,SILVER,27OCT2026,27900000.000000,30,OPTFUT,MCX,50.000000,600,False
557668,SILVER27OCT26273000CE,SILVER,27OCT2026,27300000.000000,30,OPTFUT,MCX,50.000000,600,False
557670,SILVER27OCT26271000CE,SILVER,27OCT2026,27100000.000000,30,OPTFUT,MCX,50.000000,600,False
557677,SILVER27OCT26264000CE,SILVER,27OCT2026,26400000.000000,30,OPTFUT,MCX,50.000000,600,False
557680,SILVER27OCT26261000CE,SILVER,27OCT2026,26100000.000000,30,OPTFUT,MCX,50.000000,600,False
557683,SILVER27OCT26258000CE,SILVER,27OCT2026,25800000.000000,30,OPTFUT,MCX,50.000000,600,False
557685,SILVER27OCT26256000CE,SILVER,27OCT2026,25600000.000000,30,OPTFUT,MCX,50.000000,600,False
557692,SILVER27OCT26249000CE,SILVER,27OCT2026,24900000.000000,30,OPTFUT,MCX,50.000000,600,False
557702,SILVER27OCT26287000CE,SILVER,27OCT2026,28700000.000000,30,OPTFUT,MCX,50.000000,600,False
557714,SILVER27OCT26299000CE,SILVER,27OCT2026,29900000.000000,30,OPTFUT,MCX,50.000000,600,False
557717,SILVER27OCT26302000CE,SILVER,27OCT2026,30200000.000000,30,OPTFUT,MCX,50.000000,600,False
557727,SILVER27OCT26312000CE,SILVER,27OCT2026,31200000.000000,30,OPTFUT,MCX,50.000000,600,False
557734,SILVER27OCT26319000CE,SILVER,27OCT2026,31900000.000000,30,OPTFUT,MCX,50.000000,600,False
557748,SILVER27NOV26273000CE,SILVER,27NOV2026,27300000.000000,30,OPTFUT,MCX,50.000000,600,False
557755,SILVER27NOV26266000CE,SILVER,27NOV2026,26600000.000000,30,OPTFUT,MCX,50.000000,600,False
557757,SILVER27NOV26264000CE,SILVER,27NOV2026,26400000.000000,30,OPTFUT,MCX,50.000000,600,False
557762,SILVER27NOV26259000CE,SILVER,27NOV2026,25900000.000000,30,OPTFUT,MCX,50.000000,600,False
557774,SILVER27NOV26247000CE,SILVER,27NOV2026,24700000.000000,30,OPTFUT,MCX,50.000000,600,False
557782,SILVER27NOV26287000CE,SILVER,27NOV2026,28700000.000000,30,OPTFUT,MCX,50.000000,600,False
557789,SILVER27NOV26294000CE,SILVER,27NOV2026,29400000.000000,30,OPTFUT,MCX,50.000000,600,False
557796,SILVER27NOV26301000CE,SILVER,27NOV2026,30100000.000000,30,OPTFUT,MCX,50.000000,600,False
558067,SILVER24SEP26274000PE,SILVER,24SEP2026,27400000.000000,30,OPTFUT,MCX,50.000000,600,False
558068,SILVER24SEP26273000PE,SILVER,24SEP2026,27300000.000000,30,OPTFUT,MCX,50.000000,600,False
558070,SILVER24SEP26271000PE,SILVER,24SEP2026,27100000.000000,30,OPTFUT,MCX,50.000000,600,False
558078,SILVER24SEP26263000PE,SILVER,24SEP2026,26300000.000000,30,OPTFUT,MCX,50.000000,600,False
558088,SILVER24SEP26253000PE,SILVER,24SEP2026,25300000.000000,30,OPTFUT,MCX,50.000000,600,False
558096,SILVER24SEP26245000PE,SILVER,24SEP2026,24500000.000000,30,OPTFUT,MCX,50.000000,600,False
558106,SILVER24SEP26291000PE,SILVER,24SEP2026,29100000.000000,30,OPTFUT,MCX,50.000000,600,False
558116,SILVER24SEP26301000PE,SILVER,24SEP2026,30100000.000000,30,OPTFUT,MCX,50.000000,600,False
558141,SILVER27OCT26280000PE,SILVER,27OCT2026,28000000.000000,30,OPTFUT,MCX,50.000000,600,False
558153,SILVER27OCT26268000PE,SILVER,27OCT2026,26800000.000000,30,OPTFUT,MCX,50.000000,600,False
558162,SILVER27OCT26259000PE,SILVER,27OCT2026,25900000.000000,30,OPTFUT,MCX,50.000000,600,False
558163,SILVER27OCT26258000PE,SILVER,27OCT2026,25800000.000000,30,OPTFUT,MCX,50.000000,600,False
558166,SILVER27OCT26255000PE,SILVER,27OCT2026,25500000.000000,30,OPTFUT,MCX,50.000000,600,False
558168,SILVER27OCT26253000PE,SILVER,27OCT2026,25300000.000000,30,OPTFUT,MCX,50.000000,600,False
558179,SILVER27OCT26284000PE,SILVER,27OCT2026,28400000.000000,30,OPTFUT,MCX,50.000000,600,False
558188,SILVER27OCT26293000PE,SILVER,27OCT2026,29300000.000000,30,OPTFUT,MCX,50.000000,600,False
558195,SILVER27OCT26300000PE,SILVER,27OCT2026,30000000.000000,30,OPTFUT,MCX,50.000000,600,False
558200,SILVER27OCT26305000PE,SILVER,27OCT2026,30500000.000000,30,OPTFUT,MCX,50.000000,600,False
558207,SILVER27OCT26312000PE,SILVER,27OCT2026,31200000.000000,30,OPTFUT,MCX,50.000000,600,False
558213,SILVER27OCT26318000PE,SILVER,27OCT2026,31800000.000000,30,OPTFUT,MCX,50.000000,600,False
558226,SILVER27NOV26275000PE,SILVER,27NOV2026,27500000.000000,30,OPTFUT,MCX,50.000000,600,False
558229,SILVER27NOV26272000PE,SILVER,27NOV2026,27200000.000000,30,OPTFUT,MCX,50.000000,600,False
558234,SILVER27NOV26267000PE,SILVER,27NOV2026,26700000.000000,30,OPTFUT,MCX,50.000000,600,False
558242,SILVER27NOV26259000PE,SILVER,27NOV2026,25900000.000000,30,OPTFUT,MCX,50.000000,600,False
558253,SILVER27NOV26248000PE,SILVER,27NOV2026,24800000.000000,30,OPTFUT,MCX,50.000000,600,False
558275,SILVER27NOV26300000PE,SILVER,27NOV2026,30000000.000000,30,OPTFUT,MCX,50.000000,600,False
558288,SILVER27NOV26313000PE,SILVER,27NOV2026,31300000.000000,30,OPTFUT,MCX,50.000000,600,False
558289,SILVER27NOV26314000PE,SILVER,27NOV2026,31400000.000000,30,OPTFUT,MCX,50.000000,600,False
558290,SILVER27NOV26315000PE,SILVER,27NOV2026,31500000.000000,30,OPTFUT,MCX,50.000000,600,False
558293,SILVER27NOV26318000PE,SILVER,27NOV2026,31800000.000000,30,OPTFUT,MCX,50.000000,600,False
558541,SILVERM24SEP26282000CE,SILVERM,24SEP2026,28200000.000000,5,OPTFUT,MCX,50.000000,600,False
558559,SILVERM24SEP26264000CE,SILVERM,24SEP2026,26400000.000000,5,OPTFUT,MCX,50.000000,600,False
558565,SILVERM24SEP26258000CE,SILVERM,24SEP2026,25800000.000000,5,OPTFUT,MCX,50.000000,600,False
558573,SILVERM24SEP26250000CE,SILVERM,24SEP2026,25000000.000000,5,OPTFUT,MCX,50.000000,600,False
558575,SILVERM24SEP26248000CE,SILVERM,24SEP2026,24800000.000000,5,OPTFUT,MCX,50.000000,600,False
558580,SILVERM24SEP26287000CE,SILVERM,24SEP2026,28700000.000000,5,OPTFUT,MCX,50.000000,600,False
558584,SILVERM24SEP26291000CE,SILVERM,24SEP2026,29100000.000000,5,OPTFUT,MCX,50.000000,600,False
558613,SILVERM24SEP26320000CE,SILVERM,24SEP2026,32000000.000000,5,OPTFUT,MCX,50.000000,600,False
558631,SILVERM27OCT26272000CE,SILVERM,27OCT2026,27200000.000000,5,OPTFUT,MCX,50.000000,600,False
558649,SILVERM27OCT26254000CE,SILVERM,27OCT2026,25400000.000000,5,OPTFUT,MCX,50.000000,600,False
558654,SILVERM27OCT26249000CE,SILVERM,27OCT2026,24900000.000000,5,OPTFUT,MCX,50.000000,600,False
558660,SILVERM27OCT26287000CE,SILVERM,27OCT2026,28700000.000000,5,OPTFUT,MCX,50.000000,600,False
558681,SILVERM27OCT26308000CE,SILVERM,27OCT2026,30800000.000000,5,OPTFUT,MCX,50.000000,600,False
558696,SILVERM27OCT26323000CE,SILVERM,27OCT2026,32300000.000000,5,OPTFUT,MCX,50.000000,600,False
558706,SILVERM23NOV26277000CE,SILVERM,23NOV2026,27700000.000000,5,OPTFUT,MCX,50.000000,600,False
558708,SILVERM23NOV26275000CE,SILVERM,23NOV2026,27500000.000000,5,OPTFUT,MCX,50.000000,600,False
558719,SILVERM23NOV26264000CE,SILVERM,23NOV2026,26400000.000000,5,OPTFUT,MCX,50.000000,600,False
558743,SILVERM23NOV26290000CE,SILVERM,23NOV2026,29000000.000000,5,OPTFUT,MCX,50.000000,600,False
558748,SILVERM23NOV26295000CE,SILVERM,23NOV2026,29500000.000000,5,OPTFUT,MCX,50.000000,600,False
558751,SILVERM23NOV26298000CE,SILVERM,23NOV2026,29800000.000000,5,OPTFUT,MCX,50.000000,600,False
558760,SILVERM23NOV26307000CE,SILVERM,23NOV2026,30700000.000000,5,OPTFUT,MCX,50.000000,600,False
559,SCSTRSDDISCOM,SCSTRSDDIS,,0.000000,10,COMDTY,MCX,100.000000,99999999,False
558763,SILVERM23NOV26310000CE,SILVERM,23NOV2026,31000000.000000,5,OPTFUT,MCX,50.000000,600,False
558767,SILVERM23NOV26314000CE,SILVERM,23NOV2026,31400000.000000,5,OPTFUT,MCX,50.000000,600,False
559028,SILVERM24SEP26275000PE,SILVERM,24SEP2026,27500000.000000,5,OPTFUT,MCX,50.000000,600,False
559032,SILVERM24SEP26271000PE,SILVERM,24SEP2026,27100000.000000,5,OPTFUT,MCX,50.000000,600,False
559042,SILVERM24SEP26261000PE,SILVERM,24SEP2026,26100000.000000,5,OPTFUT,MCX,50.000000,600,False
559046,SILVERM24SEP26257000PE,SILVERM,24SEP2026,25700000.000000,5,OPTFUT,MCX,50.000000,600,False
559055,SILVERM24SEP26248000PE,SILVERM,24SEP2026,24800000.000000,5,OPTFUT,MCX,50.000000,600,False
559062,SILVERM24SEP26289000PE,SILVERM,24SEP2026,28900000.000000,5,OPTFUT,MCX,50.000000,600,False
559096,SILVERM24SEP26323000PE,SILVERM,24SEP2026,32300000.000000,5,OPTFUT,MCX,50.000000,600,False
559101,SILVERM27OCT26282000PE,SILVERM,27OCT2026,28200000.000000,5,OPTFUT,MCX,50.000000,600,False
559106,SILVERM27OCT26277000PE,SILVERM,27OCT2026,27700000.000000,5,OPTFUT,MCX,50.000000,600,False
559109,SILVERM27OCT26274000PE,SILVERM,27OCT2026,27400000.000000,5,OPTFUT,MCX,50.000000,600,False
559112,SILVERM27OCT26271000PE,SILVERM,27OCT2026,27100000.000000,5,OPTFUT,MCX,50.000000,600,False
559122,SILVERM27OCT26261000PE,SILVERM,27OCT2026,26100000.000000,5,OPTFUT,MCX,50.000000,600,False
559140,SILVERM27OCT26287000PE,SILVERM,27OCT2026,28700000.000000,5,OPTFUT,MCX,50.000000,600,False
559210,SILVERM23NOV26253000PE,SILVERM,23NOV2026,25300000.000000,5,OPTFUT,MCX,50.000000,600,False
559168,SILVERM27OCT26315000PE,SILVERM,27OCT2026,31500000.000000,5,OPTFUT,MCX,50.000000,600,False
559172,SILVERM27OCT26319000PE,SILVERM,27OCT2026,31900000.000000,5,OPTFUT,MCX,50.000000,600,False
559178,SILVERM27OCT26325000PE,SILVERM,27OCT2026,32500000.000000,5,OPTFUT,MCX,50.000000,600,False
559221,SILVERM23NOV26288000PE,SILVERM,23NOV2026,28800000.000000,5,OPTFUT,MCX,50.000000,600,False
559223,SILVERM23NOV26290000PE,SILVERM,23NOV2026,29000000.000000,5,OPTFUT,MCX,50.000000,600,False
559224,SILVERM23NOV26291000PE,SILVERM,23NOV2026,29100000.000000,5,OPTFUT,MCX,50.000000,600,False
559244,SILVERM23NOV26311000PE,SILVERM,23NOV2026,31100000.000000,5,OPTFUT,MCX,50.000000,600,False
559287,GOLD25SEP26191500CE,GOLD,25SEP2026,19150000.000000,1,OPTFUT,MCX,50.000000,100,False
559300,GOLD27NOV26193500CE,GOLD,27NOV2026,19350000.000000,1,OPTFUT,MCX,50.000000,100,False
559325,GOLD25SEP26189500PE,GOLD,25SEP2026,18950000.000000,1,OPTFUT,MCX,50.000000,100,False
559467,SILVER24SEP26335000CE,SILVER,24SEP2026,33500000.000000,30,OPTFUT,MCX,50.000000,600,False
559469,SILVER24SEP26337000CE,SILVER,24SEP2026,33700000.000000,30,OPTFUT,MCX,50.000000,600,False
559471,SILVER27OCT26325000CE,SILVER,27OCT2026,32500000.000000,30,OPTFUT,MCX,50.000000,600,False
559475,SILVER27OCT26329000CE,SILVER,27OCT2026,32900000.000000,30,OPTFUT,MCX,50.000000,600,False
559496,SILVER27NOV26336000CE,SILVER,27NOV2026,33600000.000000,30,OPTFUT,MCX,50.000000,600,False
559539,SILVER24SEP26324000PE,SILVER,24SEP2026,32400000.000000,30,OPTFUT,MCX,50.000000,600,False
559547,SILVER24SEP26332000PE,SILVER,24SEP2026,33200000.000000,30,OPTFUT,MCX,50.000000,600,False
559555,SILVER27OCT26326000PE,SILVER,27OCT2026,32600000.000000,30,OPTFUT,MCX,50.000000,600,False
559561,SILVER27OCT26332000PE,SILVER,27OCT2026,33200000.000000,30,OPTFUT,MCX,50.000000,600,False
559562,SILVER27OCT26333000PE,SILVER,27OCT2026,33300000.000000,30,OPTFUT,MCX,50.000000,600,False
559564,SILVER27OCT26335000PE,SILVER,27OCT2026,33500000.000000,30,OPTFUT,MCX,50.000000,600,False
559565,SILVER27OCT26336000PE,SILVER,27OCT2026,33600000.000000,30,OPTFUT,MCX,50.000000,600,False
559574,SILVER27NOV26331000PE,SILVER,27NOV2026,33100000.000000,30,OPTFUT,MCX,50.000000,600,False
559623,SILVERM24SEP26329000CE,SILVERM,24SEP2026,32900000.000000,5,OPTFUT,MCX,50.000000,600,False
559635,SILVERM27OCT26329000CE,SILVERM,27OCT2026,32900000.000000,5,OPTFUT,MCX,50.000000,600,False
559699,SILVERM24SEP26330000PE,SILVERM,24SEP2026,33000000.000000,5,OPTFUT,MCX,50.000000,600,False
559702,SILVERM24SEP26333000PE,SILVERM,24SEP2026,33300000.000000,5,OPTFUT,MCX,50.000000,600,False
559705,SILVERM24SEP26336000PE,SILVERM,24SEP2026,33600000.000000,5,OPTFUT,MCX,50.000000,600,False
559716,SILVERM27OCT26335000PE,SILVERM,27OCT2026,33500000.000000,5,OPTFUT,MCX,50.000000,600,False
559717,SILVERM27OCT26336000PE,SILVERM,27OCT2026,33600000.000000,5,OPTFUT,MCX,50.000000,600,False
559722,SILVERM23NOV26329000PE,SILVERM,23NOV2026,32900000.000000,5,OPTFUT,MCX,50.000000,600,False
559802,GOLD27NOV26195000CE,GOLD,27NOV2026,19500000.000000,1,OPTFUT,MCX,50.000000,100,False
559827,SILVERM23NOV26338000CE,SILVERM,23NOV2026,33800000.000000,5,OPTFUT,MCX,50.000000,600,False
559831,SILVERM24SEP26339000PE,SILVERM,24SEP2026,33900000.000000,5,OPTFUT,MCX,50.000000,600,False
559868,SILVER27OCT26240000CE,SILVER,27OCT2026,24000000.000000,30,OPTFUT,MCX,50.000000,600,False
559869,SILVER27OCT26239000CE,SILVER,27OCT2026,23900000.000000,30,OPTFUT,MCX,50.000000,600,False
559892,SILVER24SEP26242000PE,SILVER,24SEP2026,24200000.000000,30,OPTFUT,MCX,50.000000,600,False
559897,SILVER27OCT26242000PE,SILVER,27OCT2026,24200000.000000,30,OPTFUT,MCX,50.000000,600,False
559900,SILVER27OCT26239000PE,SILVER,27OCT2026,23900000.000000,30,OPTFUT,MCX,50.000000,600,False
559934,GOLD31DEC26169000CE,GOLD,31DEC2026,16900000.000000,1,OPTFUT,MCX,50.000000,100,False
559952,GOLD31DEC26168000CE,GOLD,31DEC2026,16800000.000000,1,OPTFUT,MCX,50.000000,100,False
559961,GOLD31DEC26163500CE,GOLD,31DEC2026,16350000.000000,1,OPTFUT,MCX,50.000000,100,False
559981,GOLD31DEC26153500CE,GOLD,31DEC2026,15350000.000000,1,OPTFUT,MCX,50.000000,100,False
560004,GOLD31DEC26171000CE,GOLD,31DEC2026,17100000.000000,1,OPTFUT,MCX,50.000000,100,False
560039,GOLD31DEC26188500CE,GOLD,31DEC2026,18850000.000000,1,OPTFUT,MCX,50.000000,100,False
560044,GOLD31DEC26191000CE,GOLD,31DEC2026,19100000.000000,1,OPTFUT,MCX,50.000000,100,False
560047,GOLD31DEC26192500CE,GOLD,31DEC2026,19250000.000000,1,OPTFUT,MCX,50.000000,100,False
560055,GOLD29JAN27166500CE,GOLD,29JAN2027,16650000.000000,1,OPTFUT,MCX,50.000000,100,False
560062,GOLD29JAN27163000CE,GOLD,29JAN2027,16300000.000000,1,OPTFUT,MCX,50.000000,100,False
560104,GOLD29JAN27171000CE,GOLD,29JAN2027,17100000.000000,1,OPTFUT,MCX,50.000000,100,False
560114,GOLD29JAN27176000CE,GOLD,29JAN2027,17600000.000000,1,OPTFUT,MCX,50.000000,100,False
560122,GOLD29JAN27180000CE,GOLD,29JAN2027,18000000.000000,1,OPTFUT,MCX,50.000000,100,False
560123,GOLD29JAN27180500CE,GOLD,29JAN2027,18050000.000000,1,OPTFUT,MCX,50.000000,100,False
560127,GOLD29JAN27182500CE,GOLD,29JAN2027,18250000.000000,1,OPTFUT,MCX,50.000000,100,False
560132,GOLD29JAN27185000CE,GOLD,29JAN2027,18500000.000000,1,OPTFUT,MCX,50.000000,100,False
560134,GOLD29JAN27186000CE,GOLD,29JAN2027,18600000.000000,1,OPTFUT,MCX,50.000000,100,False
560151,GOLD31DEC26168500PE,GOLD,31DEC2026,16850000.000000,1,OPTFUT,MCX,50.000000,100,False
560154,GOLD31DEC26167000PE,GOLD,31DEC2026,16700000.000000,1,OPTFUT,MCX,50.000000,100,False
560157,GOLD31DEC26165500PE,GOLD,31DEC2026,16550000.000000,1,OPTFUT,MCX,50.000000,100,False
560158,GOLD31DEC26165000PE,GOLD,31DEC2026,16500000.000000,1,OPTFUT,MCX,50.000000,100,False
560160,GOLD31DEC26164000PE,GOLD,31DEC2026,16400000.000000,1,OPTFUT,MCX,50.000000,100,False
560161,GOLD31DEC26163500PE,GOLD,31DEC2026,16350000.000000,1,OPTFUT,MCX,50.000000,100,False
560168,GOLD31DEC26160000PE,GOLD,31DEC2026,16000000.000000,1,OPTFUT,MCX,50.000000,100,False
560169,GOLD31DEC26159500PE,GOLD,31DEC2026,15950000.000000,1,OPTFUT,MCX,50.000000,100,False
560176,GOLD31DEC26156000PE,GOLD,31DEC2026,15600000.000000,1,OPTFUT,MCX,50.000000,100,False
560179,GOLD31DEC26154500PE,GOLD,31DEC2026,15450000.000000,1,OPTFUT,MCX,50.000000,100,False
560197,GOLD31DEC26145500PE,GOLD,31DEC2026,14550000.000000,1,OPTFUT,MCX,50.000000,100,False
560200,GOLD31DEC26144000PE,GOLD,31DEC2026,14400000.000000,1,OPTFUT,MCX,50.000000,100,False
560204,GOLD31DEC26171000PE,GOLD,31DEC2026,17100000.000000,1,OPTFUT,MCX,50.000000,100,False
560219,GOLD31DEC26178500PE,GOLD,31DEC2026,17850000.000000,1,OPTFUT,MCX,50.000000,100,False
560224,GOLD31DEC26181000PE,GOLD,31DEC2026,18100000.000000,1,OPTFUT,MCX,50.000000,100,False
560226,GOLD31DEC26182000PE,GOLD,31DEC2026,18200000.000000,1,OPTFUT,MCX,50.000000,100,False
560244,GOLD31DEC26191000PE,GOLD,31DEC2026,19100000.000000,1,OPTFUT,MCX,50.000000,100,False
560259,GOLD29JAN27164500PE,GOLD,29JAN2027,16450000.000000,1,OPTFUT,MCX,50.000000,100,False
560260,GOLD29JAN27164000PE,GOLD,29JAN2027,16400000.000000,1,OPTFUT,MCX,50.000000,100,False
560269,GOLD29JAN27159500PE,GOLD,29JAN2027,15950000.000000,1,OPTFUT,MCX,50.000000,100,False
560270,GOLD29JAN27159000PE,GOLD,29JAN2027,15900000.000000,1,OPTFUT,MCX,50.000000,100,False
560272,GOLD29JAN27158000PE,GOLD,29JAN2027,15800000.000000,1,OPTFUT,MCX,50.000000,100,False
560288,GOLD29JAN27150000PE,GOLD,29JAN2027,15000000.000000,1,OPTFUT,MCX,50.000000,100,False
560289,GOLD29JAN27149500PE,GOLD,29JAN2027,14950000.000000,1,OPTFUT,MCX,50.000000,100,False
560290,GOLD29JAN27149000PE,GOLD,29JAN2027,14900000.000000,1,OPTFUT,MCX,50.000000,100,False
560291,GOLD29JAN27148500PE,GOLD,29JAN2027,14850000.000000,1,OPTFUT,MCX,50.000000,100,False
560294,GOLD29JAN27147000PE,GOLD,29JAN2027,14700000.000000,1,OPTFUT,MCX,50.000000,100,False
560308,GOLD29JAN27173000PE,GOLD,29JAN2027,17300000.000000,1,OPTFUT,MCX,50.000000,100,False
560311,GOLD29JAN27174500PE,GOLD,29JAN2027,17450000.000000,1,OPTFUT,MCX,50.000000,100,False
560323,GOLD29JAN27180500PE,GOLD,29JAN2027,18050000.000000,1,OPTFUT,MCX,50.000000,100,False
560329,GOLD29JAN27183500PE,GOLD,29JAN2027,18350000.000000,1,OPTFUT,MCX,50.000000,100,False
560370,SILVERM24SEP26241000CE,SILVERM,24SEP2026,24100000.000000,5,OPTFUT,MCX,50.000000,600,False
560406,SILVERM23NOV26241000PE,SILVERM,23NOV2026,24100000.000000,5,OPTFUT,MCX,50.000000,600,False
560424,GOLD31DEC26196000CE,GOLD,31DEC2026,19600000.000000,1,OPTFUT,MCX,50.000000,100,False
560433,GOLD29JAN27194500PE,GOLD,29JAN2027,19450000.000000,1,OPTFUT,MCX,50.000000,100,False
560435,GOLD29JAN27195500PE,GOLD,29JAN2027,19550000.000000,1,OPTFUT,MCX,50.000000,100,False
560505,SILVER27OCT26237000PE,SILVER,27OCT2026,23700000.000000,30,OPTFUT,MCX,50.000000,600,False
560515,SILVER27NOV26233000PE,SILVER,27NOV2026,23300000.000000,30,OPTFUT,MCX,50.000000,600,False
560537,SILVERM24SEP26235000CE,SILVERM,24SEP2026,23500000.000000,5,OPTFUT,MCX,50.000000,600,False
560547,SILVERM27OCT26233000CE,SILVERM,27OCT2026,23300000.000000,5,OPTFUT,MCX,50.000000,600,False
560571,SILVERM24SEP26240000PE,SILVERM,24SEP2026,24000000.000000,5,OPTFUT,MCX,50.000000,600,False
560583,SILVERM27OCT26236000PE,SILVERM,27OCT2026,23600000.000000,5,OPTFUT,MCX,50.000000,600,False
560592,SILVERM23NOV26235000PE,SILVERM,23NOV2026,23500000.000000,5,OPTFUT,MCX,50.000000,600,False
560690,GOLD31DEC26143000PE,GOLD,31DEC2026,14300000.000000,1,OPTFUT,MCX,50.000000,100,False
560730,SILVER24SEP26229000CE,SILVER,24SEP2026,22900000.000000,30,OPTFUT,MCX,50.000000,600,False
560735,SILVER24SEP26224000CE,SILVER,24SEP2026,22400000.000000,30,OPTFUT,MCX,50.000000,600,False
560742,SILVER27OCT26231000CE,SILVER,27OCT2026,23100000.000000,30,OPTFUT,MCX,50.000000,600,False
560745,SILVER27OCT26228000CE,SILVER,27OCT2026,22800000.000000,30,OPTFUT,MCX,50.000000,600,False
560746,SILVER27OCT26227000CE,SILVER,27OCT2026,22700000.000000,30,OPTFUT,MCX,50.000000,600,False
560761,SILVER27NOV26226000CE,SILVER,27NOV2026,22600000.000000,30,OPTFUT,MCX,50.000000,600,False
560762,SILVER27NOV26225000CE,SILVER,27NOV2026,22500000.000000,30,OPTFUT,MCX,50.000000,600,False
560765,SILVER27NOV26222000CE,SILVER,27NOV2026,22200000.000000,30,OPTFUT,MCX,50.000000,600,False
560769,SILVER27NOV26218000CE,SILVER,27NOV2026,21800000.000000,30,OPTFUT,MCX,50.000000,600,False
560795,SILVER24SEP26231000PE,SILVER,24SEP2026,23100000.000000,30,OPTFUT,MCX,50.000000,600,False
560798,SILVER24SEP26228000PE,SILVER,24SEP2026,22800000.000000,30,OPTFUT,MCX,50.000000,600,False
560802,SILVER24SEP26224000PE,SILVER,24SEP2026,22400000.000000,30,OPTFUT,MCX,50.000000,600,False
560812,SILVER27OCT26228000PE,SILVER,27OCT2026,22800000.000000,30,OPTFUT,MCX,50.000000,600,False
560825,SILVER27NOV26229000PE,SILVER,27NOV2026,22900000.000000,30,OPTFUT,MCX,50.000000,600,False
560880,SILVERM24SEP26228000CE,SILVERM,24SEP2026,22800000.000000,5,OPTFUT,MCX,50.000000,600,False
560889,SILVERM27OCT26227000CE,SILVERM,27OCT2026,22700000.000000,5,OPTFUT,MCX,50.000000,600,False
560894,SILVERM23NOV26230000CE,SILVERM,23NOV2026,23000000.000000,5,OPTFUT,MCX,50.000000,600,False
560951,SILVERM27OCT26228000PE,SILVERM,27OCT2026,22800000.000000,5,OPTFUT,MCX,50.000000,600,False
561202,GOLD29JAN27197000CE,GOLD,29JAN2027,19700000.000000,1,OPTFUT,MCX,50.000000,100,False
561236,GOLD30OCT26196500CE,GOLD,30OCT2026,19650000.000000,1,OPTFUT,MCX,50.000000,100,False
561239,GOLD30OCT26198000CE,GOLD,30OCT2026,19800000.000000,1,OPTFUT,MCX,50.000000,100,False
561252,GOLD31DEC26199000CE,GOLD,31DEC2026,19900000.000000,1,OPTFUT,MCX,50.000000,100,False
561263,GOLD29JAN27200000CE,GOLD,29JAN2027,20000000.000000,1,OPTFUT,MCX,50.000000,100,False
561265,GOLD29JAN27201000CE,GOLD,29JAN2027,20100000.000000,1,OPTFUT,MCX,50.000000,100,False
561285,GOLD25SEP26194000PE,GOLD,25SEP2026,19400000.000000,1,OPTFUT,MCX,50.000000,100,False
561291,GOLD30OCT26196000PE,GOLD,30OCT2026,19600000.000000,1,OPTFUT,MCX,50.000000,100,False
561303,GOLD27NOV26198000PE,GOLD,27NOV2026,19800000.000000,1,OPTFUT,MCX,50.000000,100,False
561305,GOLD27NOV26199000PE,GOLD,27NOV2026,19900000.000000,1,OPTFUT,MCX,50.000000,100,False
561312,GOLD31DEC26201000PE,GOLD,31DEC2026,20100000.000000,1,OPTFUT,MCX,50.000000,100,False
561314,GOLD31DEC26202000PE,GOLD,31DEC2026,20200000.000000,1,OPTFUT,MCX,50.000000,100,False
561321,GOLD29JAN27201000PE,GOLD,29JAN2027,20100000.000000,1,OPTFUT,MCX,50.000000,100,False
561322,GOLD29JAN27201500PE,GOLD,29JAN2027,20150000.000000,1,OPTFUT,MCX,50.000000,100,False
561372,SILVER24SEP26348000CE,SILVER,24SEP2026,34800000.000000,30,OPTFUT,MCX,50.000000,600,False
561373,SILVER24SEP26349000CE,SILVER,24SEP2026,34900000.000000,30,OPTFUT,MCX,50.000000,600,False
561392,SILVER27NOV26344000CE,SILVER,27NOV2026,34400000.000000,30,OPTFUT,MCX,50.000000,600,False
561424,SILVER24SEP26338000PE,SILVER,24SEP2026,33800000.000000,30,OPTFUT,MCX,50.000000,600,False
561433,SILVER24SEP26347000PE,SILVER,24SEP2026,34700000.000000,30,OPTFUT,MCX,50.000000,600,False
561443,SILVER27OCT26345000PE,SILVER,27OCT2026,34500000.000000,30,OPTFUT,MCX,50.000000,600,False
561456,SILVER27NOV26346000PE,SILVER,27NOV2026,34600000.000000,30,OPTFUT,MCX,50.000000,600,False
561470,SILVERM24SEP26342000CE,SILVERM,24SEP2026,34200000.000000,5,OPTFUT,MCX,50.000000,600,False
561473,SILVERM27OCT26342000CE,SILVERM,27OCT2026,34200000.000000,5,OPTFUT,MCX,50.000000,600,False
561477,SILVERM23NOV26343000CE,SILVERM,23NOV2026,34300000.000000,5,OPTFUT,MCX,50.000000,600,False
561488,SILVERM24SEP26342000PE,SILVERM,24SEP2026,34200000.000000,5,OPTFUT,MCX,50.000000,600,False
561515,GOLD27NOV26200000CE,GOLD,27NOV2026,20000000.000000,1,OPTFUT,MCX,50.000000,100,False
561519,GOLD31DEC26204000CE,GOLD,31DEC2026,20400000.000000,1,OPTFUT,MCX,50.000000,100,False
561521,GOLD29JAN27203000CE,GOLD,29JAN2027,20300000.000000,1,OPTFUT,MCX,50.000000,100,False
561537,GOLD31DEC26203000PE,GOLD,31DEC2026,20300000.000000,1,OPTFUT,MCX,50.000000,100,False
561538,GOLD31DEC26203500PE,GOLD,31DEC2026,20350000.000000,1,OPTFUT,MCX,50.000000,100,False
561678,SILVER24SEP26351000PE,SILVER,24SEP2026,35100000.000000,30,OPTFUT,MCX,50.000000,600,False
561681,SILVER27OCT26351000PE,SILVER,27OCT2026,35100000.000000,30,OPTFUT,MCX,50.000000,600,False
561997,SILVERM27OCT26345000CE,SILVERM,27OCT2026,34500000.000000,5,OPTFUT,MCX,50.000000,600,False
562149,GOLD27NOV26201000PE,GOLD,27NOV2026,20100000.000000,1,OPTFUT,MCX,50.000000,100,False
562180,SILVERM27OCT26348000CE,SILVERM,27OCT2026,34800000.000000,5,OPTFUT,MCX,50.000000,600,False
562187,SILVERM23NOV26350000CE,SILVERM,23NOV2026,35000000.000000,5,OPTFUT,MCX,50.000000,600,False
562205,SILVERM24SEP26351000PE,SILVERM,24SEP2026,35100000.000000,5,OPTFUT,MCX,50.000000,600,False
562213,SILVERM23NOV26349000PE,SILVERM,23NOV2026,34900000.000000,5,OPTFUT,MCX,50.000000,600,False
563393,GOLD25SEP26199500CE,GOLD,25SEP2026,19950000.000000,1,OPTFUT,MCX,50.000000,100,False
563403,GOLD30OCT26203000CE,GOLD,30OCT2026,20300000.000000,1,OPTFUT,MCX,50.000000,100,False
563405,GOLD30OCT26204000CE,GOLD,30OCT2026,20400000.000000,1,OPTFUT,MCX,50.000000,100,False
563415,GOLD27NOV26203500CE,GOLD,27NOV2026,20350000.000000,1,OPTFUT,MCX,50.000000,100,False
563423,GOLD31DEC26205500CE,GOLD,31DEC2026,20550000.000000,1,OPTFUT,MCX,50.000000,100,False
563435,GOLD29JAN27205500CE,GOLD,29JAN2027,20550000.000000,1,OPTFUT,MCX,50.000000,100,False
563436,GOLD29JAN27206000CE,GOLD,29JAN2027,20600000.000000,1,OPTFUT,MCX,50.000000,100,False
563440,GOLD29JAN27208000CE,GOLD,29JAN2027,20800000.000000,1,OPTFUT,MCX,50.000000,100,False
563484,GOLD25SEP26201000PE,GOLD,25SEP2026,20100000.000000,1,OPTFUT,MCX,50.000000,100,False
563488,GOLD30OCT26201500PE,GOLD,30OCT2026,20150000.000000,1,OPTFUT,MCX,50.000000,100,False
563493,GOLD30OCT26204000PE,GOLD,30OCT2026,20400000.000000,1,OPTFUT,MCX,50.000000,100,False
563499,GOLD27NOV26201500PE,GOLD,27NOV2026,20150000.000000,1,OPTFUT,MCX,50.000000,100,False
563517,GOLD31DEC26208500PE,GOLD,31DEC2026,20850000.000000,1,OPTFUT,MCX,50.000000,100,False
563518,GOLD31DEC26209000PE,GOLD,31DEC2026,20900000.000000,1,OPTFUT,MCX,50.000000,100,False
563526,GOLD29JAN27207000PE,GOLD,29JAN2027,20700000.000000,1,OPTFUT,MCX,50.000000,100,False
563528,GOLD29JAN27208000PE,GOLD,29JAN2027,20800000.000000,1,OPTFUT,MCX,50.000000,100,False
563531,GOLD29JAN27209500PE,GOLD,29JAN2027,20950000.000000,1,OPTFUT,MCX,50.000000,100,False
563644,SILVERM23NOV26353000CE,SILVERM,23NOV2026,35300000.000000,5,OPTFUT,MCX,50.000000,600,False
564620,SILVERM26FEB27FUT,SILVERM,26FEB2027,0.000000,5,FUTCOM,MCX,100.000000,600,False
564622,SILVER28DEC26292000PE,SILVER,28DEC2026,29200000.000000,30,OPTFUT,MCX,50.000000,600,False
564624,SILVER25JAN27292000PE,SILVER,25JAN2027,29200000.000000,30,OPTFUT,MCX,50.000000,600,False
564627,SILVERM28DEC26297000CE,SILVERM,28DEC2026,29700000.000000,5,OPTFUT,MCX,50.000000,600,False
564631,SILVERM19FEB27297000CE,SILVERM,19FEB2027,29700000.000000,5,OPTFUT,MCX,50.000000,600,False
564661,SILVER28DEC26290000CE,SILVER,28DEC2026,29000000.000000,30,OPTFUT,MCX,50.000000,600,False
564662,SILVER28DEC26289000CE,SILVER,28DEC2026,28900000.000000,30,OPTFUT,MCX,50.000000,600,False
564664,SILVER28DEC26287000CE,SILVER,28DEC2026,28700000.000000,30,OPTFUT,MCX,50.000000,600,False
564666,SILVER28DEC26285000CE,SILVER,28DEC2026,28500000.000000,30,OPTFUT,MCX,50.000000,600,False
564675,SILVER28DEC26276000CE,SILVER,28DEC2026,27600000.000000,30,OPTFUT,MCX,50.000000,600,False
564682,SILVER28DEC26269000CE,SILVER,28DEC2026,26900000.000000,30,OPTFUT,MCX,50.000000,600,False
564684,SILVER28DEC26267000CE,SILVER,28DEC2026,26700000.000000,30,OPTFUT,MCX,50.000000,600,False
564691,SILVER28DEC26260000CE,SILVER,28DEC2026,26000000.000000,30,OPTFUT,MCX,50.000000,600,False
564699,SILVER28DEC26252000CE,SILVER,28DEC2026,25200000.000000,30,OPTFUT,MCX,50.000000,600,False
564703,SILVER28DEC26296000CE,SILVER,28DEC2026,29600000.000000,30,OPTFUT,MCX,50.000000,600,False
564708,SILVER28DEC26301000CE,SILVER,28DEC2026,30100000.000000,30,OPTFUT,MCX,50.000000,600,False
564717,SILVER28DEC26310000CE,SILVER,28DEC2026,31000000.000000,30,OPTFUT,MCX,50.000000,600,False
564732,SILVER28DEC26325000CE,SILVER,28DEC2026,32500000.000000,30,OPTFUT,MCX,50.000000,600,False
564733,SILVER28DEC26326000CE,SILVER,28DEC2026,32600000.000000,30,OPTFUT,MCX,50.000000,600,False
564741,SILVER25JAN27290000CE,SILVER,25JAN2027,29000000.000000,30,OPTFUT,MCX,50.000000,600,False
564751,SILVER25JAN27280000CE,SILVER,25JAN2027,28000000.000000,30,OPTFUT,MCX,50.000000,600,False
564753,SILVER25JAN27278000CE,SILVER,25JAN2027,27800000.000000,30,OPTFUT,MCX,50.000000,600,False
564760,SILVER25JAN27271000CE,SILVER,25JAN2027,27100000.000000,30,OPTFUT,MCX,50.000000,600,False
564765,SILVER25JAN27266000CE,SILVER,25JAN2027,26600000.000000,30,OPTFUT,MCX,50.000000,600,False
564768,SILVER25JAN27263000CE,SILVER,25JAN2027,26300000.000000,30,OPTFUT,MCX,50.000000,600,False
564770,SILVER25JAN27261000CE,SILVER,25JAN2027,26100000.000000,30,OPTFUT,MCX,50.000000,600,False
564776,SILVER25JAN27255000CE,SILVER,25JAN2027,25500000.000000,30,OPTFUT,MCX,50.000000,600,False
564809,SILVER25JAN27322000CE,SILVER,25JAN2027,32200000.000000,30,OPTFUT,MCX,50.000000,600,False
564836,SILVER26FEB27275000CE,SILVER,26FEB2027,27500000.000000,30,OPTFUT,MCX,50.000000,600,False
564845,SILVER26FEB27266000CE,SILVER,26FEB2027,26600000.000000,30,OPTFUT,MCX,50.000000,600,False
564853,SILVER26FEB27258000CE,SILVER,26FEB2027,25800000.000000,30,OPTFUT,MCX,50.000000,600,False
564859,SILVER26FEB27252000CE,SILVER,26FEB2027,25200000.000000,30,OPTFUT,MCX,50.000000,600,False
564862,SILVER26FEB27295000CE,SILVER,26FEB2027,29500000.000000,30,OPTFUT,MCX,50.000000,600,False
564877,SILVER26FEB27310000CE,SILVER,26FEB2027,31000000.000000,30,OPTFUT,MCX,50.000000,600,False
564879,SILVER26FEB27312000CE,SILVER,26FEB2027,31200000.000000,30,OPTFUT,MCX,50.000000,600,False
564887,SILVER26FEB27320000CE,SILVER,26FEB2027,32000000.000000,30,OPTFUT,MCX,50.000000,600,False
564904,SILVER28DEC26287000PE,SILVER,28DEC2026,28700000.000000,30,OPTFUT,MCX,50.000000,600,False
564930,SILVER28DEC26261000PE,SILVER,28DEC2026,26100000.000000,30,OPTFUT,MCX,50.000000,600,False
564936,SILVER28DEC26255000PE,SILVER,28DEC2026,25500000.000000,30,OPTFUT,MCX,50.000000,600,False
564945,SILVER28DEC26298000PE,SILVER,28DEC2026,29800000.000000,30,OPTFUT,MCX,50.000000,600,False
564954,SILVER28DEC26307000PE,SILVER,28DEC2026,30700000.000000,30,OPTFUT,MCX,50.000000,600,False
564957,SILVER28DEC26310000PE,SILVER,28DEC2026,31000000.000000,30,OPTFUT,MCX,50.000000,600,False
564960,SILVER28DEC26313000PE,SILVER,28DEC2026,31300000.000000,30,OPTFUT,MCX,50.000000,600,False
564962,SILVER28DEC26315000PE,SILVER,28DEC2026,31500000.000000,30,OPTFUT,MCX,50.000000,600,False
564966,SILVER28DEC26319000PE,SILVER,28DEC2026,31900000.000000,30,OPTFUT,MCX,50.000000,600,False
564971,SILVER28DEC26324000PE,SILVER,28DEC2026,32400000.000000,30,OPTFUT,MCX,50.000000,600,False
564976,SILVER28DEC26329000PE,SILVER,28DEC2026,32900000.000000,30,OPTFUT,MCX,50.000000,600,False
564987,SILVER25JAN27284000PE,SILVER,25JAN2027,28400000.000000,30,OPTFUT,MCX,50.000000,600,False
564991,SILVER25JAN27280000PE,SILVER,25JAN2027,28000000.000000,30,OPTFUT,MCX,50.000000,600,False
565004,SILVER25JAN27267000PE,SILVER,25JAN2027,26700000.000000,30,OPTFUT,MCX,50.000000,600,False
565014,SILVER25JAN27257000PE,SILVER,25JAN2027,25700000.000000,30,OPTFUT,MCX,50.000000,600,False
565017,SILVER25JAN27254000PE,SILVER,25JAN2027,25400000.000000,30,OPTFUT,MCX,50.000000,600,False
565020,SILVER25JAN27293000PE,SILVER,25JAN2027,29300000.000000,30,OPTFUT,MCX,50.000000,600,False
565049,SILVER25JAN27322000PE,SILVER,25JAN2027,32200000.000000,30,OPTFUT,MCX,50.000000,600,False
565056,SILVER25JAN27329000PE,SILVER,25JAN2027,32900000.000000,30,OPTFUT,MCX,50.000000,600,False
565080,SILVER26FEB27271000PE,SILVER,26FEB2027,27100000.000000,30,OPTFUT,MCX,50.000000,600,False
565089,SILVER26FEB27262000PE,SILVER,26FEB2027,26200000.000000,30,OPTFUT,MCX,50.000000,600,False
565092,SILVER26FEB27259000PE,SILVER,26FEB2027,25900000.000000,30,OPTFUT,MCX,50.000000,600,False
565098,SILVER26FEB27253000PE,SILVER,26FEB2027,25300000.000000,30,OPTFUT,MCX,50.000000,600,False
565133,SILVER26FEB27326000PE,SILVER,26FEB2027,32600000.000000,30,OPTFUT,MCX,50.000000,600,False
565144,SILVERM28DEC26292000CE,SILVERM,28DEC2026,29200000.000000,5,OPTFUT,MCX,50.000000,600,False
565163,SILVERM28DEC26273000CE,SILVERM,28DEC2026,27300000.000000,5,OPTFUT,MCX,50.000000,600,False
565167,SILVERM28DEC26269000CE,SILVERM,28DEC2026,26900000.000000,5,OPTFUT,MCX,50.000000,600,False
565176,SILVERM28DEC26260000CE,SILVERM,28DEC2026,26000000.000000,5,OPTFUT,MCX,50.000000,600,False
565178,SILVERM28DEC26258000CE,SILVERM,28DEC2026,25800000.000000,5,OPTFUT,MCX,50.000000,600,False
565205,SILVERM28DEC26323000CE,SILVERM,28DEC2026,32300000.000000,5,OPTFUT,MCX,50.000000,600,False
565206,SILVERM28DEC26324000CE,SILVERM,28DEC2026,32400000.000000,5,OPTFUT,MCX,50.000000,600,False
565212,SILVERM28DEC26330000CE,SILVERM,28DEC2026,33000000.000000,5,OPTFUT,MCX,50.000000,600,False
565220,SILVERM25JAN27296000CE,SILVERM,25JAN2027,29600000.000000,5,OPTFUT,MCX,50.000000,600,False
565223,SILVERM25JAN27293000CE,SILVERM,25JAN2027,29300000.000000,5,OPTFUT,MCX,50.000000,600,False
565229,SILVERM25JAN27287000CE,SILVERM,25JAN2027,28700000.000000,5,OPTFUT,MCX,50.000000,600,False
565243,SILVERM25JAN27273000CE,SILVERM,25JAN2027,27300000.000000,5,OPTFUT,MCX,50.000000,600,False
565248,SILVERM25JAN27268000CE,SILVERM,25JAN2027,26800000.000000,5,OPTFUT,MCX,50.000000,600,False
565270,SILVERM25JAN27308000CE,SILVERM,25JAN2027,30800000.000000,5,OPTFUT,MCX,50.000000,600,False
565285,SILVERM25JAN27323000CE,SILVERM,25JAN2027,32300000.000000,5,OPTFUT,MCX,50.000000,600,False
565287,SILVERM25JAN27325000CE,SILVERM,25JAN2027,32500000.000000,5,OPTFUT,MCX,50.000000,600,False
565288,SILVERM25JAN27326000CE,SILVERM,25JAN2027,32600000.000000,5,OPTFUT,MCX,50.000000,600,False
565290,SILVERM25JAN27328000CE,SILVERM,25JAN2027,32800000.000000,5,OPTFUT,MCX,50.000000,600,False
565301,SILVERM19FEB27295000CE,SILVERM,19FEB2027,29500000.000000,5,OPTFUT,MCX,50.000000,600,False
565308,SILVERM19FEB27288000CE,SILVERM,19FEB2027,28800000.000000,5,OPTFUT,MCX,50.000000,600,False
565315,SILVERM19FEB27281000CE,SILVERM,19FEB2027,28100000.000000,5,OPTFUT,MCX,50.000000,600,False
565336,SILVERM19FEB27260000CE,SILVERM,19FEB2027,26000000.000000,5,OPTFUT,MCX,50.000000,600,False
565344,SILVERM19FEB27302000CE,SILVERM,19FEB2027,30200000.000000,5,OPTFUT,MCX,50.000000,600,False
565349,SILVERM19FEB27307000CE,SILVERM,19FEB2027,30700000.000000,5,OPTFUT,MCX,50.000000,600,False
565367,SILVERM19FEB27325000CE,SILVERM,19FEB2027,32500000.000000,5,OPTFUT,MCX,50.000000,600,False
565377,SILVERM19FEB27335000CE,SILVERM,19FEB2027,33500000.000000,5,OPTFUT,MCX,50.000000,600,False
565380,SILVERM28DEC26296000PE,SILVERM,28DEC2026,29600000.000000,5,OPTFUT,MCX,50.000000,600,False
565414,SILVERM28DEC26262000PE,SILVERM,28DEC2026,26200000.000000,5,OPTFUT,MCX,50.000000,600,False
565444,SILVERM28DEC26322000PE,SILVERM,28DEC2026,32200000.000000,5,OPTFUT,MCX,50.000000,600,False
565445,SILVERM28DEC26323000PE,SILVERM,28DEC2026,32300000.000000,5,OPTFUT,MCX,50.000000,600,False
565461,SILVERM25JAN27295000PE,SILVERM,25JAN2027,29500000.000000,5,OPTFUT,MCX,50.000000,600,False
565467,SILVERM25JAN27289000PE,SILVERM,25JAN2027,28900000.000000,5,OPTFUT,MCX,50.000000,600,False
565474,SILVERM25JAN27282000PE,SILVERM,25JAN2027,28200000.000000,5,OPTFUT,MCX,50.000000,600,False
565481,SILVERM25JAN27275000PE,SILVERM,25JAN2027,27500000.000000,5,OPTFUT,MCX,50.000000,600,False
565487,SILVERM25JAN27269000PE,SILVERM,25JAN2027,26900000.000000,5,OPTFUT,MCX,50.000000,600,False
565512,SILVERM25JAN27310000PE,SILVERM,25JAN2027,31000000.000000,5,OPTFUT,MCX,50.000000,600,False
565547,SILVERM19FEB27289000PE,SILVERM,19FEB2027,28900000.000000,5,OPTFUT,MCX,50.000000,600,False
565549,SILVERM19FEB27287000PE,SILVERM,19FEB2027,28700000.000000,5,OPTFUT,MCX,50.000000,600,False
565551,SILVERM19FEB27285000PE,SILVERM,19FEB2027,28500000.000000,5,OPTFUT,MCX,50.000000,600,False
565554,SILVERM19FEB27282000PE,SILVERM,19FEB2027,28200000.000000,5,OPTFUT,MCX,50.000000,600,False
565557,SILVERM19FEB27279000PE,SILVERM,19FEB2027,27900000.000000,5,OPTFUT,MCX,50.000000,600,False
565565,SILVERM19FEB27271000PE,SILVERM,19FEB2027,27100000.000000,5,OPTFUT,MCX,50.000000,600,False
565576,SILVERM19FEB27260000PE,SILVERM,19FEB2027,26000000.000000,5,OPTFUT,MCX,50.000000,600,False
565594,SILVERM19FEB27312000PE,SILVERM,19FEB2027,31200000.000000,5,OPTFUT,MCX,50.000000,600,False
565605,SILVERM19FEB27323000PE,SILVERM,19FEB2027,32300000.000000,5,OPTFUT,MCX,50.000000,600,False
565610,SILVERM19FEB27328000PE,SILVERM,19FEB2027,32800000.000000,5,OPTFUT,MCX,50.000000,600,False
565615,SILVERM19FEB27333000PE,SILVERM,19FEB2027,33300000.000000,5,OPTFUT,MCX,50.000000,600,False
565619,SILVERM19FEB27337000PE,SILVERM,19FEB2027,33700000.000000,5,OPTFUT,MCX,50.000000,600,False
565668,SILVER25JAN27251000CE,SILVER,25JAN2027,25100000.000000,30,OPTFUT,MCX,50.000000,600,False
565693,SILVERM25JAN27254000CE,SILVERM,25JAN2027,25400000.000000,5,OPTFUT,MCX,50.000000,600,False
565695,SILVERM19FEB27255000CE,SILVERM,19FEB2027,25500000.000000,5,OPTFUT,MCX,50.000000,600,False
565700,SILVERM25JAN27256000PE,SILVERM,25JAN2027,25600000.000000,5,OPTFUT,MCX,50.000000,600,False
565729,SILVER25JAN27246000CE,SILVER,25JAN2027,24600000.000000,30,OPTFUT,MCX,50.000000,600,False
565744,SILVERM25JAN27251000CE,SILVERM,25JAN2027,25100000.000000,5,OPTFUT,MCX,50.000000,600,False
565752,SILVERM28DEC26251000PE,SILVERM,28DEC2026,25100000.000000,5,OPTFUT,MCX,50.000000,600,False
565826,SILVER26FEB27241000CE,SILVER,26FEB2027,24100000.000000,30,OPTFUT,MCX,50.000000,600,False
565836,SILVER25JAN27241000PE,SILVER,25JAN2027,24100000.000000,30,OPTFUT,MCX,50.000000,600,False
565841,SILVER26FEB27241000PE,SILVER,26FEB2027,24100000.000000,30,OPTFUT,MCX,50.000000,600,False
565843,SILVERM28DEC26248000CE,SILVERM,28DEC2026,24800000.000000,5,OPTFUT,MCX,50.000000,600,False
565851,SILVERM19FEB27248000CE,SILVERM,19FEB2027,24800000.000000,5,OPTFUT,MCX,50.000000,600,False
565862,SILVERM19FEB27249000PE,SILVERM,19FEB2027,24900000.000000,5,OPTFUT,MCX,50.000000,600,False
566341,GOLD27NOV26133000CE,GOLD,27NOV2026,13300000.000000,1,OPTFUT,MCX,50.000000,100,False
566345,GOLD31DEC26140500CE,GOLD,31DEC2026,14050000.000000,1,OPTFUT,MCX,50.000000,100,False
566354,GOLD31DEC26136000CE,GOLD,31DEC2026,13600000.000000,1,OPTFUT,MCX,50.000000,100,False
566359,GOLD29JAN27139500CE,GOLD,29JAN2027,13950000.000000,1,OPTFUT,MCX,50.000000,100,False
566408,GOLD25SEP26135500PE,GOLD,25SEP2026,13550000.000000,1,OPTFUT,MCX,50.000000,100,False
566412,GOLD25SEP26133500PE,GOLD,25SEP2026,13350000.000000,1,OPTFUT,MCX,50.000000,100,False
566416,GOLD25SEP26131500PE,GOLD,25SEP2026,13150000.000000,1,OPTFUT,MCX,50.000000,100,False
566419,GOLD25SEP26130000PE,GOLD,25SEP2026,13000000.000000,1,OPTFUT,MCX,50.000000,100,False
566441,GOLD27NOV26135000PE,GOLD,27NOV2026,13500000.000000,1,OPTFUT,MCX,50.000000,100,False
566463,GOLD29JAN27139500PE,GOLD,29JAN2027,13950000.000000,1,OPTFUT,MCX,50.000000,100,False
566465,GOLD29JAN27138500PE,GOLD,29JAN2027,13850000.000000,1,OPTFUT,MCX,50.000000,100,False
566562,SILVER27OCT26217000CE,SILVER,27OCT2026,21700000.000000,30,OPTFUT,MCX,50.000000,600,False
566568,SILVER27OCT26211000CE,SILVER,27OCT2026,21100000.000000,30,OPTFUT,MCX,50.000000,600,False
566573,SILVER27NOV26214000CE,SILVER,27NOV2026,21400000.000000,30,OPTFUT,MCX,50.000000,600,False
566576,SILVER27NOV26211000CE,SILVER,27NOV2026,21100000.000000,30,OPTFUT,MCX,50.000000,600,False
566582,SILVER28DEC26236000CE,SILVER,28DEC2026,23600000.000000,30,OPTFUT,MCX,50.000000,600,False
566591,SILVER28DEC26227000CE,SILVER,28DEC2026,22700000.000000,30,OPTFUT,MCX,50.000000,600,False
566595,SILVER28DEC26223000CE,SILVER,28DEC2026,22300000.000000,30,OPTFUT,MCX,50.000000,600,False
566601,SILVER25JAN27240000CE,SILVER,25JAN2027,24000000.000000,30,OPTFUT,MCX,50.000000,600,False
566602,SILVER25JAN27239000CE,SILVER,25JAN2027,23900000.000000,30,OPTFUT,MCX,50.000000,600,False
566606,SILVER25JAN27235000CE,SILVER,25JAN2027,23500000.000000,30,OPTFUT,MCX,50.000000,600,False
566625,SILVER26FEB27239000CE,SILVER,26FEB2027,23900000.000000,30,OPTFUT,MCX,50.000000,600,False
566630,SILVER26FEB27234000CE,SILVER,26FEB2027,23400000.000000,30,OPTFUT,MCX,50.000000,600,False
566634,SILVER26FEB27230000CE,SILVER,26FEB2027,23000000.000000,30,OPTFUT,MCX,50.000000,600,False
566636,SILVER26FEB27228000CE,SILVER,26FEB2027,22800000.000000,30,OPTFUT,MCX,50.000000,600,False
566644,SILVER26FEB27220000CE,SILVER,26FEB2027,22000000.000000,30,OPTFUT,MCX,50.000000,600,False
566676,SILVER24SEP26211000PE,SILVER,24SEP2026,21100000.000000,30,OPTFUT,MCX,50.000000,600,False
566683,SILVER27OCT26212000PE,SILVER,27OCT2026,21200000.000000,30,OPTFUT,MCX,50.000000,600,False
566686,SILVER27NOV26217000PE,SILVER,27NOV2026,21700000.000000,30,OPTFUT,MCX,50.000000,600,False
566687,SILVER27NOV26216000PE,SILVER,27NOV2026,21600000.000000,30,OPTFUT,MCX,50.000000,600,False
566691,SILVER27NOV26212000PE,SILVER,27NOV2026,21200000.000000,30,OPTFUT,MCX,50.000000,600,False
566710,SILVER28DEC26224000PE,SILVER,28DEC2026,22400000.000000,30,OPTFUT,MCX,50.000000,600,False
566714,SILVER28DEC26220000PE,SILVER,28DEC2026,22000000.000000,30,OPTFUT,MCX,50.000000,600,False
566717,SILVER25JAN27240000PE,SILVER,25JAN2027,24000000.000000,30,OPTFUT,MCX,50.000000,600,False
566718,SILVER25JAN27239000PE,SILVER,25JAN2027,23900000.000000,30,OPTFUT,MCX,50.000000,600,False
566720,SILVER25JAN27237000PE,SILVER,25JAN2027,23700000.000000,30,OPTFUT,MCX,50.000000,600,False
566721,SILVER25JAN27236000PE,SILVER,25JAN2027,23600000.000000,30,OPTFUT,MCX,50.000000,600,False
566724,SILVER25JAN27233000PE,SILVER,25JAN2027,23300000.000000,30,OPTFUT,MCX,50.000000,600,False
566725,SILVER25JAN27232000PE,SILVER,25JAN2027,23200000.000000,30,OPTFUT,MCX,50.000000,600,False
566733,SILVER25JAN27224000PE,SILVER,25JAN2027,22400000.000000,30,OPTFUT,MCX,50.000000,600,False
566737,SILVER25JAN27220000PE,SILVER,25JAN2027,22000000.000000,30,OPTFUT,MCX,50.000000,600,False
566738,SILVER25JAN27219000PE,SILVER,25JAN2027,21900000.000000,30,OPTFUT,MCX,50.000000,600,False
566757,SILVER26FEB27223000PE,SILVER,26FEB2027,22300000.000000,30,OPTFUT,MCX,50.000000,600,False
566760,SILVER26FEB27220000PE,SILVER,26FEB2027,22000000.000000,30,OPTFUT,MCX,50.000000,600,False
566781,SILVERM23NOV26222000CE,SILVERM,23NOV2026,22200000.000000,5,OPTFUT,MCX,50.000000,600,False
566785,SILVERM28DEC26244000CE,SILVERM,28DEC2026,24400000.000000,5,OPTFUT,MCX,50.000000,600,False
566791,SILVERM28DEC26238000CE,SILVERM,28DEC2026,23800000.000000,5,OPTFUT,MCX,50.000000,600,False
566794,SILVERM28DEC26235000CE,SILVERM,28DEC2026,23500000.000000,5,OPTFUT,MCX,50.000000,600,False
566797,SILVERM28DEC26232000CE,SILVERM,28DEC2026,23200000.000000,5,OPTFUT,MCX,50.000000,600,False
566803,SILVERM28DEC26226000CE,SILVERM,28DEC2026,22600000.000000,5,OPTFUT,MCX,50.000000,600,False
566806,SILVERM25JAN27245000CE,SILVERM,25JAN2027,24500000.000000,5,OPTFUT,MCX,50.000000,600,False
566818,SILVERM25JAN27233000CE,SILVERM,25JAN2027,23300000.000000,5,OPTFUT,MCX,50.000000,600,False
566820,SILVERM25JAN27231000CE,SILVERM,25JAN2027,23100000.000000,5,OPTFUT,MCX,50.000000,600,False
566827,SILVERM25JAN27224000CE,SILVERM,25JAN2027,22400000.000000,5,OPTFUT,MCX,50.000000,600,False
566833,SILVERM19FEB27240000CE,SILVERM,19FEB2027,24000000.000000,5,OPTFUT,MCX,50.000000,600,False
566860,SILVERM24SEP26220000PE,SILVERM,24SEP2026,22000000.000000,5,OPTFUT,MCX,50.000000,600,False
566896,SILVERM25JAN27242000PE,SILVERM,25JAN2027,24200000.000000,5,OPTFUT,MCX,50.000000,600,False
566925,SILVERM19FEB27235000PE,SILVERM,19FEB2027,23500000.000000,5,OPTFUT,MCX,50.000000,600,False
567379,SILVER25JAN27217000PE,SILVER,25JAN2027,21700000.000000,30,OPTFUT,MCX,50.000000,600,False
567399,SILVERM27OCT26218000CE,SILVERM,27OCT2026,21800000.000000,5,OPTFUT,MCX,50.000000,600,False
567430,SILVERM27OCT26217000PE,SILVERM,27OCT2026,21700000.000000,5,OPTFUT,MCX,50.000000,600,False
567557,GOLD30OCT26132000CE,GOLD,30OCT2026,13200000.000000,1,OPTFUT,MCX,50.000000,100,False
567559,GOLD30OCT26131000CE,GOLD,30OCT2026,13100000.000000,1,OPTFUT,MCX,50.000000,100,False
567561,GOLD30OCT26130000CE,GOLD,30OCT2026,13000000.000000,1,OPTFUT,MCX,50.000000,100,False
567564,GOLD30OCT26128500CE,GOLD,30OCT2026,12850000.000000,1,OPTFUT,MCX,50.000000,100,False
567577,GOLD27NOV26129000CE,GOLD,27NOV2026,12900000.000000,1,OPTFUT,MCX,50.000000,100,False
567582,GOLD27NOV26126500CE,GOLD,27NOV2026,12650000.000000,1,OPTFUT,MCX,50.000000,100,False
567584,GOLD27NOV26125500CE,GOLD,27NOV2026,12550000.000000,1,OPTFUT,MCX,50.000000,100,False
567593,GOLD31DEC26131500CE,GOLD,31DEC2026,13150000.000000,1,OPTFUT,MCX,50.000000,100,False
567662,GOLD25SEP26125000PE,GOLD,25SEP2026,12500000.000000,1,OPTFUT,MCX,50.000000,100,False
567672,GOLD30OCT26129500PE,GOLD,30OCT2026,12950000.000000,1,OPTFUT,MCX,50.000000,100,False
567714,GOLD29JAN27133500PE,GOLD,29JAN2027,13350000.000000,1,OPTFUT,MCX,50.000000,100,False
567715,GOLD29JAN27133000PE,GOLD,29JAN2027,13300000.000000,1,OPTFUT,MCX,50.000000,100,False
567717,GOLD29JAN27132000PE,GOLD,29JAN2027,13200000.000000,1,OPTFUT,MCX,50.000000,100,False
567721,GOLD29JAN27130000PE,GOLD,29JAN2027,13000000.000000,1,OPTFUT,MCX,50.000000,100,False
567798,SILVER24SEP26207000CE,SILVER,24SEP2026,20700000.000000,30,OPTFUT,MCX,50.000000,600,False
567821,SILVER25JAN27213000CE,SILVER,25JAN2027,21300000.000000,30,OPTFUT,MCX,50.000000,600,False
567826,SILVER26FEB27214000CE,SILVER,26FEB2027,21400000.000000,30,OPTFUT,MCX,50.000000,600,False
567844,SILVER24SEP26205000PE,SILVER,24SEP2026,20500000.000000,30,OPTFUT,MCX,50.000000,600,False
567845,SILVER24SEP26204000PE,SILVER,24SEP2026,20400000.000000,30,OPTFUT,MCX,50.000000,600,False
567847,SILVER27OCT26207000PE,SILVER,27OCT2026,20700000.000000,30,OPTFUT,MCX,50.000000,600,False
567854,SILVER27NOV26205000PE,SILVER,27NOV2026,20500000.000000,30,OPTFUT,MCX,50.000000,600,False
567855,SILVER27NOV26204000PE,SILVER,27NOV2026,20400000.000000,30,OPTFUT,MCX,50.000000,600,False
567869,SILVER26FEB27215000PE,SILVER,26FEB2027,21500000.000000,30,OPTFUT,MCX,50.000000,600,False
567870,SILVER26FEB27214000PE,SILVER,26FEB2027,21400000.000000,30,OPTFUT,MCX,50.000000,600,False
567886,SILVERM24SEP26213000CE,SILVERM,24SEP2026,21300000.000000,5,OPTFUT,MCX,50.000000,600,False
567893,SILVERM23NOV26214000CE,SILVERM,23NOV2026,21400000.000000,5,OPTFUT,MCX,50.000000,600,False
567904,SILVERM19FEB27219000CE,SILVERM,19FEB2027,21900000.000000,5,OPTFUT,MCX,50.000000,600,False
567916,SILVERM24SEP26215000PE,SILVERM,24SEP2026,21500000.000000,5,OPTFUT,MCX,50.000000,600,False
567929,SILVERM28DEC26218000PE,SILVERM,28DEC2026,21800000.000000,5,OPTFUT,MCX,50.000000,600,False
568028,SILVER27NOV26202000CE,SILVER,27NOV2026,20200000.000000,30,OPTFUT,MCX,50.000000,600,False
568040,SILVERM24SEP26212000CE,SILVERM,24SEP2026,21200000.000000,5,OPTFUT,MCX,50.000000,600,False
568042,SILVERM27OCT26212000CE,SILVERM,27OCT2026,21200000.000000,5,OPTFUT,MCX,50.000000,600,False
568435,SILVER27NOV26199000CE,SILVER,27NOV2026,19900000.000000,30,OPTFUT,MCX,50.000000,600,False
568470,SILVER27OCT26198000PE,SILVER,27OCT2026,19800000.000000,30,OPTFUT,MCX,50.000000,600,False
568498,SILVERM24SEP26210000CE,SILVERM,24SEP2026,21000000.000000,5,OPTFUT,MCX,50.000000,600,False
568508,SILVERM23NOV26210000CE,SILVERM,23NOV2026,21000000.000000,5,OPTFUT,MCX,50.000000,600,False
568517,SILVERM25JAN27214000CE,SILVERM,25JAN2027,21400000.000000,5,OPTFUT,MCX,50.000000,600,False
568538,SILVERM24SEP26208000PE,SILVERM,24SEP2026,20800000.000000,5,OPTFUT,MCX,50.000000,600,False
568562,SILVERM19FEB27211000PE,SILVERM,19FEB2027,21100000.000000,5,OPTFUT,MCX,50.000000,600,False
568845,MENTHAOIL30SEP26FUT,MENTHAOIL,30SEP2026,0.000000,360,FUTCOM,MCX,10.000000,18000,False
569427,GOLD29MAR27164500CE,GOLD,29MAR2027,16450000.000000,1,OPTFUT,MCX,50.000000,100,False
569433,GOLD26FEB27164000CE,GOLD,26FEB2027,16400000.000000,1,OPTFUT,MCX,50.000000,100,False
569481,GOLD26FEB27140000CE,GOLD,26FEB2027,14000000.000000,1,OPTFUT,MCX,50.000000,100,False
569505,GOLD26FEB27176000CE,GOLD,26FEB2027,17600000.000000,1,OPTFUT,MCX,50.000000,100,False
569535,GOLD29MAR27163000CE,GOLD,29MAR2027,16300000.000000,1,OPTFUT,MCX,50.000000,100,False
569542,GOLD29MAR27159500CE,GOLD,29MAR2027,15950000.000000,1,OPTFUT,MCX,50.000000,100,False
569556,GOLD29MAR27152500CE,GOLD,29MAR2027,15250000.000000,1,OPTFUT,MCX,50.000000,100,False
569579,GOLD29MAR27141000CE,GOLD,29MAR2027,14100000.000000,1,OPTFUT,MCX,50.000000,100,False
569581,GOLD29MAR27140000CE,GOLD,29MAR2027,14000000.000000,1,OPTFUT,MCX,50.000000,100,False
569583,GOLD29MAR27165000CE,GOLD,29MAR2027,16500000.000000,1,OPTFUT,MCX,50.000000,100,False
569593,GOLD29MAR27170000CE,GOLD,29MAR2027,17000000.000000,1,OPTFUT,MCX,50.000000,100,False
569599,GOLD29MAR27173000CE,GOLD,29MAR2027,17300000.000000,1,OPTFUT,MCX,50.000000,100,False
569600,GOLD29MAR27173500CE,GOLD,29MAR2027,17350000.000000,1,OPTFUT,MCX,50.000000,100,False
569607,GOLD29MAR27177000CE,GOLD,29MAR2027,17700000.000000,1,OPTFUT,MCX,50.000000,100,False
569609,GOLD29MAR27178000CE,GOLD,29MAR2027,17800000.000000,1,OPTFUT,MCX,50.000000,100,False
569611,GOLD29MAR27179000CE,GOLD,29MAR2027,17900000.000000,1,OPTFUT,MCX,50.000000,100,False
569622,GOLD29MAR27184500CE,GOLD,29MAR2027,18450000.000000,1,OPTFUT,MCX,50.000000,100,False
569631,GOLD29MAR27189000CE,GOLD,29MAR2027,18900000.000000,1,OPTFUT,MCX,50.000000,100,False
569636,GOLD26FEB27162500PE,GOLD,26FEB2027,16250000.000000,1,OPTFUT,MCX,50.000000,100,False
569637,GOLD26FEB27162000PE,GOLD,26FEB2027,16200000.000000,1,OPTFUT,MCX,50.000000,100,False
569645,GOLD26FEB27158000PE,GOLD,26FEB2027,15800000.000000,1,OPTFUT,MCX,50.000000,100,False
569656,GOLD26FEB27152500PE,GOLD,26FEB2027,15250000.000000,1,OPTFUT,MCX,50.000000,100,False
569661,GOLD26FEB27150000PE,GOLD,26FEB2027,15000000.000000,1,OPTFUT,MCX,50.000000,100,False
569667,GOLD26FEB27147000PE,GOLD,26FEB2027,14700000.000000,1,OPTFUT,MCX,50.000000,100,False
569671,GOLD26FEB27145000PE,GOLD,26FEB2027,14500000.000000,1,OPTFUT,MCX,50.000000,100,False
569676,GOLD26FEB27142500PE,GOLD,26FEB2027,14250000.000000,1,OPTFUT,MCX,50.000000,100,False
569685,GOLD26FEB27166000PE,GOLD,26FEB2027,16600000.000000,1,OPTFUT,MCX,50.000000,100,False
569686,GOLD26FEB27166500PE,GOLD,26FEB2027,16650000.000000,1,OPTFUT,MCX,50.000000,100,False
569688,GOLD26FEB27167500PE,GOLD,26FEB2027,16750000.000000,1,OPTFUT,MCX,50.000000,100,False
569708,GOLD26FEB27177500PE,GOLD,26FEB2027,17750000.000000,1,OPTFUT,MCX,50.000000,100,False
569743,GOLD29MAR27159000PE,GOLD,29MAR2027,15900000.000000,1,OPTFUT,MCX,50.000000,100,False
569750,GOLD29MAR27155500PE,GOLD,29MAR2027,15550000.000000,1,OPTFUT,MCX,50.000000,100,False
569751,GOLD29MAR27155000PE,GOLD,29MAR2027,15500000.000000,1,OPTFUT,MCX,50.000000,100,False
569754,GOLD29MAR27153500PE,GOLD,29MAR2027,15350000.000000,1,OPTFUT,MCX,50.000000,100,False
569758,GOLD29MAR27151500PE,GOLD,29MAR2027,15150000.000000,1,OPTFUT,MCX,50.000000,100,False
569764,GOLD29MAR27148500PE,GOLD,29MAR2027,14850000.000000,1,OPTFUT,MCX,50.000000,100,False
569769,GOLD29MAR27146000PE,GOLD,29MAR2027,14600000.000000,1,OPTFUT,MCX,50.000000,100,False
569777,GOLD29MAR27142000PE,GOLD,29MAR2027,14200000.000000,1,OPTFUT,MCX,50.000000,100,False
569784,GOLD29MAR27165500PE,GOLD,29MAR2027,16550000.000000,1,OPTFUT,MCX,50.000000,100,False
569786,GOLD29MAR27166500PE,GOLD,29MAR2027,16650000.000000,1,OPTFUT,MCX,50.000000,100,False
569789,GOLD29MAR27168000PE,GOLD,29MAR2027,16800000.000000,1,OPTFUT,MCX,50.000000,100,False
569795,GOLD29MAR27171000PE,GOLD,29MAR2027,17100000.000000,1,OPTFUT,MCX,50.000000,100,False
569796,GOLD29MAR27171500PE,GOLD,29MAR2027,17150000.000000,1,OPTFUT,MCX,50.000000,100,False
569798,GOLD29MAR27172500PE,GOLD,29MAR2027,17250000.000000,1,OPTFUT,MCX,50.000000,100,False
569802,GOLD29MAR27174500PE,GOLD,29MAR2027,17450000.000000,1,OPTFUT,MCX,50.000000,100,False
569808,GOLD29MAR27177500PE,GOLD,29MAR2027,17750000.000000,1,OPTFUT,MCX,50.000000,100,False
569823,GOLD29MAR27185000PE,GOLD,29MAR2027,18500000.000000,1,OPTFUT,MCX,50.000000,100,False
569877,GOLD26FEB27192500PE,GOLD,26FEB2027,19250000.000000,1,OPTFUT,MCX,50.000000,100,False
569879,GOLD29MAR27192500PE,GOLD,29MAR2027,19250000.000000,1,OPTFUT,MCX,50.000000,100,False
571209,GOLD29MAR27139000PE,GOLD,29MAR2027,13900000.000000,1,OPTFUT,MCX,50.000000,100,False
571300,LEAD30SEP26FUT,LEAD,30SEP2026,0.000000,5,FUTCOM,MCX,5.000000,100,False
571301,STEELREBAR30SEP26FUT,STEELREBAR,30SEP2026,0.000000,5,FUTCOM,MCX,1000.000000,200,False
571302,ZINCMINI30SEP26FUT,ZINCMINI,30SEP2026,0.000000,1,FUTCOM,MCX,5.000000,100,False
571306,GOLDPETAL30OCT26FUT,GOLDPETAL,30OCT2026,0.000000,1,FUTCOM,MCX,100.000000,10000,False
571882,GOLD26FEB27195500PE,GOLD,26FEB2027,19550000.000000,1,OPTFUT,MCX,50.000000,100,False
571899,SILVER25JAN27334000CE,SILVER,25JAN2027,33400000.000000,30,OPTFUT,MCX,50.000000,600,False
571900,SILVER25JAN27335000CE,SILVER,25JAN2027,33500000.000000,30,OPTFUT,MCX,50.000000,600,False
571902,SILVER25JAN27337000CE,SILVER,25JAN2027,33700000.000000,30,OPTFUT,MCX,50.000000,600,False
571908,SILVER26FEB27336000CE,SILVER,26FEB2027,33600000.000000,30,OPTFUT,MCX,50.000000,600,False
571910,SILVER26FEB27338000CE,SILVER,26FEB2027,33800000.000000,30,OPTFUT,MCX,50.000000,600,False
571991,SILVER25JAN27340000CE,SILVER,25JAN2027,34000000.000000,30,OPTFUT,MCX,50.000000,600,False
571995,SILVER28DEC26340000PE,SILVER,28DEC2026,34000000.000000,30,OPTFUT,MCX,50.000000,600,False
572000,SILVER26FEB27341000PE,SILVER,26FEB2027,34100000.000000,30,OPTFUT,MCX,50.000000,600,False
572003,SILVERM28DEC26340000CE,SILVERM,28DEC2026,34000000.000000,5,OPTFUT,MCX,50.000000,600,False
572018,SILVERM19FEB27340000PE,SILVERM,19FEB2027,34000000.000000,5,OPTFUT,MCX,50.000000,600,False
572045,GOLD26FEB27202500CE,GOLD,26FEB2027,20250000.000000,1,OPTFUT,MCX,50.000000,100,False
572046,GOLD26FEB27203000CE,GOLD,26FEB2027,20300000.000000,1,OPTFUT,MCX,50.000000,100,False
572051,GOLD26FEB27205500CE,GOLD,26FEB2027,20550000.000000,1,OPTFUT,MCX,50.000000,100,False
572055,GOLD26FEB27207500CE,GOLD,26FEB2027,20750000.000000,1,OPTFUT,MCX,50.000000,100,False
572065,GOLD29MAR27201000CE,GOLD,29MAR2027,20100000.000000,1,OPTFUT,MCX,50.000000,100,False
572080,GOLD29MAR27208500CE,GOLD,29MAR2027,20850000.000000,1,OPTFUT,MCX,50.000000,100,False
572083,GOLD26FEB27198500PE,GOLD,26FEB2027,19850000.000000,1,OPTFUT,MCX,50.000000,100,False
572086,GOLD26FEB27200000PE,GOLD,26FEB2027,20000000.000000,1,OPTFUT,MCX,50.000000,100,False
572236,SILVER28DEC26348000CE,SILVER,28DEC2026,34800000.000000,30,OPTFUT,MCX,50.000000,600,False
572249,SILVER28DEC26361000CE,SILVER,28DEC2026,36100000.000000,30,OPTFUT,MCX,50.000000,600,False
572253,SILVER28DEC26365000CE,SILVER,28DEC2026,36500000.000000,30,OPTFUT,MCX,50.000000,600,False
572254,SILVER28DEC26366000CE,SILVER,28DEC2026,36600000.000000,30,OPTFUT,MCX,50.000000,600,False
572261,SILVER25JAN27345000CE,SILVER,25JAN2027,34500000.000000,30,OPTFUT,MCX,50.000000,600,False
572270,SILVER25JAN27354000CE,SILVER,25JAN2027,35400000.000000,30,OPTFUT,MCX,50.000000,600,False
572276,SILVER25JAN27360000CE,SILVER,25JAN2027,36000000.000000,30,OPTFUT,MCX,50.000000,600,False
572277,SILVER25JAN27361000CE,SILVER,25JAN2027,36100000.000000,30,OPTFUT,MCX,50.000000,600,False
572279,SILVER25JAN27363000CE,SILVER,25JAN2027,36300000.000000,30,OPTFUT,MCX,50.000000,600,False
572283,SILVER25JAN27367000CE,SILVER,25JAN2027,36700000.000000,30,OPTFUT,MCX,50.000000,600,False
572290,SILVER26FEB27346000CE,SILVER,26FEB2027,34600000.000000,30,OPTFUT,MCX,50.000000,600,False
572295,SILVER26FEB27351000CE,SILVER,26FEB2027,35100000.000000,30,OPTFUT,MCX,50.000000,600,False
572300,SILVER26FEB27356000CE,SILVER,26FEB2027,35600000.000000,30,OPTFUT,MCX,50.000000,600,False
572288,SILVER26FEB27344000CE,SILVER,26FEB2027,34400000.000000,30,OPTFUT,MCX,50.000000,600,False
572344,SILVER24SEP26355000PE,SILVER,24SEP2026,35500000.000000,30,OPTFUT,MCX,50.000000,600,False
572358,SILVER28DEC26351000PE,SILVER,28DEC2026,35100000.000000,30,OPTFUT,MCX,50.000000,600,False
572359,SILVER28DEC26352000PE,SILVER,28DEC2026,35200000.000000,30,OPTFUT,MCX,50.000000,600,False
572360,SILVER28DEC26353000PE,SILVER,28DEC2026,35300000.000000,30,OPTFUT,MCX,50.000000,600,False
572363,SILVER28DEC26356000PE,SILVER,28DEC2026,35600000.000000,30,OPTFUT,MCX,50.000000,600,False
572386,SILVER25JAN27351000PE,SILVER,25JAN2027,35100000.000000,30,OPTFUT,MCX,50.000000,600,False
572402,SILVER25JAN27367000PE,SILVER,25JAN2027,36700000.000000,30,OPTFUT,MCX,50.000000,600,False
572414,SILVER26FEB27351000PE,SILVER,26FEB2027,35100000.000000,30,OPTFUT,MCX,50.000000,600,False
572428,SILVER26FEB27365000PE,SILVER,26FEB2027,36500000.000000,30,OPTFUT,MCX,50.000000,600,False
572456,SILVERM27OCT26357000CE,SILVERM,27OCT2026,35700000.000000,5,OPTFUT,MCX,50.000000,600,False
572457,SILVERM27OCT26358000CE,SILVERM,27OCT2026,35800000.000000,5,OPTFUT,MCX,50.000000,600,False
572491,SILVERM28DEC26369000CE,SILVERM,28DEC2026,36900000.000000,5,OPTFUT,MCX,50.000000,600,False
572510,SILVERM25JAN27359000CE,SILVERM,25JAN2027,35900000.000000,5,OPTFUT,MCX,50.000000,600,False
572512,SILVERM25JAN27361000CE,SILVERM,25JAN2027,36100000.000000,5,OPTFUT,MCX,50.000000,600,False
572513,SILVERM25JAN27362000CE,SILVERM,25JAN2027,36200000.000000,5,OPTFUT,MCX,50.000000,600,False
572515,SILVERM25JAN27364000CE,SILVERM,25JAN2027,36400000.000000,5,OPTFUT,MCX,50.000000,600,False
572517,SILVERM25JAN27366000CE,SILVERM,25JAN2027,36600000.000000,5,OPTFUT,MCX,50.000000,600,False
572545,SILVERM19FEB27365000CE,SILVERM,19FEB2027,36500000.000000,5,OPTFUT,MCX,50.000000,600,False
572565,SILVERM24SEP26354000PE,SILVERM,24SEP2026,35400000.000000,5,OPTFUT,MCX,50.000000,600,False
572576,SILVERM23NOV26355000PE,SILVERM,23NOV2026,35500000.000000,5,OPTFUT,MCX,50.000000,600,False
572577,SILVERM23NOV26356000PE,SILVERM,23NOV2026,35600000.000000,5,OPTFUT,MCX,50.000000,600,False
572592,SILVERM28DEC26353000PE,SILVERM,28DEC2026,35300000.000000,5,OPTFUT,MCX,50.000000,600,False
572579,SILVERM23NOV26358000PE,SILVERM,23NOV2026,35800000.000000,5,OPTFUT,MCX,50.000000,600,False
572580,SILVERM28DEC26341000PE,SILVERM,28DEC2026,34100000.000000,5,OPTFUT,MCX,50.000000,600,False
572598,SILVERM28DEC26359000PE,SILVERM,28DEC2026,35900000.000000,5,OPTFUT,MCX,50.000000,600,False
572608,SILVERM28DEC26369000PE,SILVERM,28DEC2026,36900000.000000,5,OPTFUT,MCX,50.000000,600,False
572623,SILVERM25JAN27355000PE,SILVERM,25JAN2027,35500000.000000,5,OPTFUT,MCX,50.000000,600,False
572642,SILVERM19FEB27345000PE,SILVERM,19FEB2027,34500000.000000,5,OPTFUT,MCX,50.000000,600,False
572643,SILVERM19FEB27346000PE,SILVERM,19FEB2027,34600000.000000,5,OPTFUT,MCX,50.000000,600,False
572644,SILVERM19FEB27347000PE,SILVERM,19FEB2027,34700000.000000,5,OPTFUT,MCX,50.000000,600,False
572782,SILVER25MAR27320000CE,SILVER,25MAR2027,32000000.000000,30,OPTFUT,MCX,50.000000,600,False
572793,SILVER25MAR27309000CE,SILVER,25MAR2027,30900000.000000,30,OPTFUT,MCX,50.000000,600,False
572795,SILVER25MAR27307000CE,SILVER,25MAR2027,30700000.000000,30,OPTFUT,MCX,50.000000,600,False
572807,SILVER25MAR27295000CE,SILVER,25MAR2027,29500000.000000,30,OPTFUT,MCX,50.000000,600,False
572819,SILVER25MAR27283000CE,SILVER,25MAR2027,28300000.000000,30,OPTFUT,MCX,50.000000,600,False
572838,SILVER25MAR27338000CE,SILVER,25MAR2027,33800000.000000,30,OPTFUT,MCX,50.000000,600,False
572843,SILVER25MAR27343000CE,SILVER,25MAR2027,34300000.000000,30,OPTFUT,MCX,50.000000,600,False
572867,SILVER28APR27315000CE,SILVER,28APR2027,31500000.000000,30,OPTFUT,MCX,50.000000,600,False
572850,SILVER25MAR27350000CE,SILVER,25MAR2027,35000000.000000,30,OPTFUT,MCX,50.000000,600,False
572856,SILVER25MAR27356000CE,SILVER,25MAR2027,35600000.000000,30,OPTFUT,MCX,50.000000,600,False
572878,SILVER28APR27304000CE,SILVER,28APR2027,30400000.000000,30,OPTFUT,MCX,50.000000,600,False
572880,SILVER28APR27302000CE,SILVER,28APR2027,30200000.000000,30,OPTFUT,MCX,50.000000,600,False
572882,SILVER28APR27300000CE,SILVER,28APR2027,30000000.000000,30,OPTFUT,MCX,50.000000,600,False
572914,SILVER28APR27334000CE,SILVER,28APR2027,33400000.000000,30,OPTFUT,MCX,50.000000,600,False
572917,SILVER28APR27337000CE,SILVER,28APR2027,33700000.000000,30,OPTFUT,MCX,50.000000,600,False
572920,SILVER28APR27340000CE,SILVER,28APR2027,34000000.000000,30,OPTFUT,MCX,50.000000,600,False
572931,SILVER28APR27351000CE,SILVER,28APR2027,35100000.000000,30,OPTFUT,MCX,50.000000,600,False
572932,SILVER28APR27352000CE,SILVER,28APR2027,35200000.000000,30,OPTFUT,MCX,50.000000,600,False
572937,SILVER28APR27357000CE,SILVER,28APR2027,35700000.000000,30,OPTFUT,MCX,50.000000,600,False
572942,SILVER25MAR27320000PE,SILVER,25MAR2027,32000000.000000,30,OPTFUT,MCX,50.000000,600,False
572951,SILVER25MAR27311000PE,SILVER,25MAR2027,31100000.000000,30,OPTFUT,MCX,50.000000,600,False
572956,SILVER25MAR27306000PE,SILVER,25MAR2027,30600000.000000,30,OPTFUT,MCX,50.000000,600,False
572968,SILVER25MAR27294000PE,SILVER,25MAR2027,29400000.000000,30,OPTFUT,MCX,50.000000,600,False
572974,SILVER25MAR27288000PE,SILVER,25MAR2027,28800000.000000,30,OPTFUT,MCX,50.000000,600,False
572980,SILVER25MAR27282000PE,SILVER,25MAR2027,28200000.000000,30,OPTFUT,MCX,50.000000,600,False
572976,SILVER25MAR27286000PE,SILVER,25MAR2027,28600000.000000,30,OPTFUT,MCX,50.000000,600,False
572981,SILVER25MAR27281000PE,SILVER,25MAR2027,28100000.000000,30,OPTFUT,MCX,50.000000,600,False
572999,SILVER25MAR27339000PE,SILVER,25MAR2027,33900000.000000,30,OPTFUT,MCX,50.000000,600,False
573017,SILVER25MAR27357000PE,SILVER,25MAR2027,35700000.000000,30,OPTFUT,MCX,50.000000,600,False
573019,SILVER25MAR27359000PE,SILVER,25MAR2027,35900000.000000,30,OPTFUT,MCX,50.000000,600,False
573027,SILVER28APR27315000PE,SILVER,28APR2027,31500000.000000,30,OPTFUT,MCX,50.000000,600,False
573028,SILVER28APR27314000PE,SILVER,28APR2027,31400000.000000,30,OPTFUT,MCX,50.000000,600,False
573034,SILVER28APR27308000PE,SILVER,28APR2027,30800000.000000,30,OPTFUT,MCX,50.000000,600,False
573043,SILVER28APR27299000PE,SILVER,28APR2027,29900000.000000,30,OPTFUT,MCX,50.000000,600,False
573044,SILVER28APR27298000PE,SILVER,28APR2027,29800000.000000,30,OPTFUT,MCX,50.000000,600,False
573054,SILVER28APR27288000PE,SILVER,28APR2027,28800000.000000,30,OPTFUT,MCX,50.000000,600,False
573056,SILVER28APR27286000PE,SILVER,28APR2027,28600000.000000,30,OPTFUT,MCX,50.000000,600,False
573060,SILVER28APR27282000PE,SILVER,28APR2027,28200000.000000,30,OPTFUT,MCX,50.000000,600,False
573065,SILVER28APR27325000PE,SILVER,28APR2027,32500000.000000,30,OPTFUT,MCX,50.000000,600,False
573103,SILVERM25MAR27308000CE,SILVERM,25MAR2027,30800000.000000,5,OPTFUT,MCX,50.000000,600,False
573107,SILVERM25MAR27304000CE,SILVERM,25MAR2027,30400000.000000,5,OPTFUT,MCX,50.000000,600,False
573116,SILVERM25MAR27295000CE,SILVERM,25MAR2027,29500000.000000,5,OPTFUT,MCX,50.000000,600,False
573126,SILVERM25MAR27285000CE,SILVERM,25MAR2027,28500000.000000,5,OPTFUT,MCX,50.000000,600,False
573142,SILVERM25MAR27311000CE,SILVERM,25MAR2027,31100000.000000,5,OPTFUT,MCX,50.000000,600,False
573159,SILVERM25MAR27328000CE,SILVERM,25MAR2027,32800000.000000,5,OPTFUT,MCX,50.000000,600,False
573164,SILVERM25MAR27333000CE,SILVERM,25MAR2027,33300000.000000,5,OPTFUT,MCX,50.000000,600,False
573169,SILVERM25MAR27338000CE,SILVERM,25MAR2027,33800000.000000,5,OPTFUT,MCX,50.000000,600,False
573170,SILVERM25MAR27339000CE,SILVERM,25MAR2027,33900000.000000,5,OPTFUT,MCX,50.000000,600,False
573171,SILVERM25MAR27340000CE,SILVERM,25MAR2027,34000000.000000,5,OPTFUT,MCX,50.000000,600,False
573189,SILVERM23APR27302000CE,SILVERM,23APR2027,30200000.000000,5,OPTFUT,MCX,50.000000,600,False
573208,SILVERM23APR27283000CE,SILVERM,23APR2027,28300000.000000,5,OPTFUT,MCX,50.000000,600,False
573248,SILVERM23APR27337000CE,SILVERM,23APR2027,33700000.000000,5,OPTFUT,MCX,50.000000,600,False
573253,SILVERM23APR27342000CE,SILVERM,23APR2027,34200000.000000,5,OPTFUT,MCX,50.000000,600,False
573262,SILVERM25MAR27309000PE,SILVERM,25MAR2027,30900000.000000,5,OPTFUT,MCX,50.000000,600,False
573263,SILVERM25MAR27308000PE,SILVERM,25MAR2027,30800000.000000,5,OPTFUT,MCX,50.000000,600,False
573276,SILVERM25MAR27295000PE,SILVERM,25MAR2027,29500000.000000,5,OPTFUT,MCX,50.000000,600,False
573294,SILVERM25MAR27277000PE,SILVERM,25MAR2027,27700000.000000,5,OPTFUT,MCX,50.000000,600,False
573296,SILVERM25MAR27275000PE,SILVERM,25MAR2027,27500000.000000,5,OPTFUT,MCX,50.000000,600,False
573301,SILVERM25MAR27270000PE,SILVERM,25MAR2027,27000000.000000,5,OPTFUT,MCX,50.000000,600,False
573325,SILVERM25MAR27334000PE,SILVERM,25MAR2027,33400000.000000,5,OPTFUT,MCX,50.000000,600,False
573344,SILVERM23APR27307000PE,SILVERM,23APR2027,30700000.000000,5,OPTFUT,MCX,50.000000,600,False
573345,SILVERM23APR27306000PE,SILVERM,23APR2027,30600000.000000,5,OPTFUT,MCX,50.000000,600,False
573362,SILVERM23APR27289000PE,SILVERM,23APR2027,28900000.000000,5,OPTFUT,MCX,50.000000,600,False
573365,SILVERM23APR27286000PE,SILVERM,23APR2027,28600000.000000,5,OPTFUT,MCX,50.000000,600,False
573373,SILVERM23APR27278000PE,SILVERM,23APR2027,27800000.000000,5,OPTFUT,MCX,50.000000,600,False
573378,SILVERM23APR27273000PE,SILVERM,23APR2027,27300000.000000,5,OPTFUT,MCX,50.000000,600,False
573386,SILVERM23APR27315000PE,SILVERM,23APR2027,31500000.000000,5,OPTFUT,MCX,50.000000,600,False
573391,SILVERM23APR27320000PE,SILVERM,23APR2027,32000000.000000,5,OPTFUT,MCX,50.000000,600,False
573394,SILVERM23APR27323000PE,SILVERM,23APR2027,32300000.000000,5,OPTFUT,MCX,50.000000,600,False
573397,SILVERM23APR27326000PE,SILVERM,23APR2027,32600000.000000,5,OPTFUT,MCX,50.000000,600,False
573401,SILVERM23APR27330000PE,SILVERM,23APR2027,33000000.000000,5,OPTFUT,MCX,50.000000,600,False
573407,SILVERM23APR27336000PE,SILVERM,23APR2027,33600000.000000,5,OPTFUT,MCX,50.000000,600,False
573414,SILVERM23APR27343000PE,SILVERM,23APR2027,34300000.000000,5,OPTFUT,MCX,50.000000,600,False
573415,SILVERM23APR27344000PE,SILVERM,23APR2027,34400000.000000,5,OPTFUT,MCX,50.000000,600,False
573416,SILVERM23APR27345000PE,SILVERM,23APR2027,34500000.000000,5,OPTFUT,MCX,50.000000,600,False
573422,CRUDEOIL19NOV26FUT,CRUDEOIL,19NOV2026,0.000000,100,FUTCOM,MCX,100.000000,10000,False
573423,CRUDEOILM19NOV26FUT,CRUDEOILM,19NOV2026,0.000000,10,FUTCOM,MCX,100.000000,10000,False
573777,SILVER28APR27273000CE,SILVER,28APR2027,27300000.000000,30,OPTFUT,MCX,50.000000,600,False
573780,SILVER28APR27270000CE,SILVER,28APR2027,27000000.000000,30,OPTFUT,MCX,50.000000,600,False
573788,SILVER28APR27262000CE,SILVER,28APR2027,26200000.000000,30,OPTFUT,MCX,50.000000,600,False
573795,SILVER25MAR27277000PE,SILVER,25MAR2027,27700000.000000,30,OPTFUT,MCX,50.000000,600,False
573801,SILVER25MAR27271000PE,SILVER,25MAR2027,27100000.000000,30,OPTFUT,MCX,50.000000,600,False
573815,SILVER28APR27279000PE,SILVER,28APR2027,27900000.000000,30,OPTFUT,MCX,50.000000,600,False
573832,SILVER28APR27262000PE,SILVER,28APR2027,26200000.000000,30,OPTFUT,MCX,50.000000,600,False
573840,SILVERM23APR27269000CE,SILVERM,23APR2027,26900000.000000,5,OPTFUT,MCX,50.000000,600,False
574193,SILVER28APR27257000CE,SILVER,28APR2027,25700000.000000,30,OPTFUT,MCX,50.000000,600,False
574200,SILVER28APR27256000PE,SILVER,28APR2027,25600000.000000,30,OPTFUT,MCX,50.000000,600,False
574831,LEADMINI30OCT26FUT,LEADMINI,30OCT2026,0.000000,1,FUTCOM,MCX,5.000000,100,False
574837,COPPER23SEP261400PE,COPPER,23SEP2026,140000.000000,2500,OPTFUT,MCX,1.000000,70000,False
574839,ZINC23SEP26355PE,ZINC,23SEP2026,35500.000000,5,OPTFUT,MCX,1.000000,100,False
574844,CARDAMOM30OCT26FUT,CARDAMOM,30OCT2026,0.000000,100,FUTCOM,MCX,100.000000,5000,False
574848,ELECDMBL29SEP26FUT,ELECDMBL,29SEP2026,0.000000,50,FUTCOM,MCX,100.000000,500,False
574860,COPPER23SEP261280CE,COPPER,23SEP2026,128000.000000,2500,OPTFUT,MCX,1.000000,70000,False
574867,COPPER23SEP261440CE,COPPER,23SEP2026,144000.000000,2500,OPTFUT,MCX,1.000000,70000,False
574871,COPPER23SEP261480CE,COPPER,23SEP2026,148000.000000,2500,OPTFUT,MCX,1.000000,70000,False
574877,COPPER23SEP261540CE,COPPER,23SEP2026,154000.000000,2500,OPTFUT,MCX,1.000000,70000,False
574878,COPPER23SEP261550CE,COPPER,23SEP2026,155000.000000,2500,OPTFUT,MCX,1.000000,70000,False
574880,COPPER23SEP261380PE,COPPER,23SEP2026,138000.000000,2500,OPTFUT,MCX,1.000000,70000,False
574898,COPPER23SEP261450PE,COPPER,23SEP2026,145000.000000,2500,OPTFUT,MCX,1.000000,70000,False
574919,SILVERM25MAR27351000CE,SILVERM,25MAR2027,35100000.000000,5,OPTFUT,MCX,50.000000,600,False
574927,SILVERM25MAR27353000PE,SILVERM,25MAR2027,35300000.000000,5,OPTFUT,MCX,50.000000,600,False
574937,ZINC23SEP26320CE,ZINC,23SEP2026,32000.000000,5,OPTFUT,MCX,1.000000,100,False
574948,ZINC23SEP26395CE,ZINC,23SEP2026,39500.000000,5,OPTFUT,MCX,1.000000,100,False
574958,ZINC23SEP26315PE,ZINC,23SEP2026,31500.000000,5,OPTFUT,MCX,1.000000,100,False
574960,ZINC23SEP26305PE,ZINC,23SEP2026,30500.000000,5,OPTFUT,MCX,1.000000,100,False
574965,ZINC23SEP26380PE,ZINC,23SEP2026,38000.000000,5,OPTFUT,MCX,1.000000,100,False
574983,ZINC23SEP26410CE,ZINC,23SEP2026,41000.000000,5,OPTFUT,MCX,1.000000,100,False
574987,COPPER23SEP261570CE,COPPER,23SEP2026,157000.000000,2500,OPTFUT,MCX,1.000000,70000,False
575220,SILVER25MAR27253000CE,SILVER,25MAR2027,25300000.000000,30,OPTFUT,MCX,50.000000,600,False
575230,SILVER25MAR27243000CE,SILVER,25MAR2027,24300000.000000,30,OPTFUT,MCX,50.000000,600,False
575248,SILVER25MAR27253000PE,SILVER,25MAR2027,25300000.000000,30,OPTFUT,MCX,50.000000,600,False
575264,SILVER28APR27251000PE,SILVER,28APR2027,25100000.000000,30,OPTFUT,MCX,50.000000,600,False
575266,SILVER28APR27249000PE,SILVER,28APR2027,24900000.000000,30,OPTFUT,MCX,50.000000,600,False
575286,SILVERM25MAR27250000CE,SILVERM,25MAR2027,25000000.000000,5,OPTFUT,MCX,50.000000,600,False
575288,SILVERM25MAR27248000CE,SILVERM,25MAR2027,24800000.000000,5,OPTFUT,MCX,50.000000,600,False
575305,SILVERM23APR27247000CE,SILVERM,23APR2027,24700000.000000,5,OPTFUT,MCX,50.000000,600,False
575371,SILVER25MAR27240000PE,SILVER,25MAR2027,24000000.000000,30,OPTFUT,MCX,50.000000,600,False
575384,SILVERM23APR27245000CE,SILVERM,23APR2027,24500000.000000,5,OPTFUT,MCX,50.000000,600,False
575430,SILVER28APR27233000CE,SILVER,28APR2027,23300000.000000,30,OPTFUT,MCX,50.000000,600,False
575390,SILVERM25MAR27244000PE,SILVERM,25MAR2027,24400000.000000,5,OPTFUT,MCX,50.000000,600,False
575392,SILVERM25MAR27242000PE,SILVERM,25MAR2027,24200000.000000,5,OPTFUT,MCX,50.000000,600,False
575418,SILVER25MAR27233000CE,SILVER,25MAR2027,23300000.000000,30,OPTFUT,MCX,50.000000,600,False
575437,SILVER28APR27226000CE,SILVER,28APR2027,22600000.000000,30,OPTFUT,MCX,50.000000,600,False
575449,SILVER25MAR27226000PE,SILVER,25MAR2027,22600000.000000,30,OPTFUT,MCX,50.000000,600,False
575450,SILVER28APR27237000PE,SILVER,28APR2027,23700000.000000,30,OPTFUT,MCX,50.000000,600,False
575455,SILVER28APR27232000PE,SILVER,28APR2027,23200000.000000,30,OPTFUT,MCX,50.000000,600,False
575457,SILVER28APR27230000PE,SILVER,28APR2027,23000000.000000,30,OPTFUT,MCX,50.000000,600,False
575458,SILVER28APR27229000PE,SILVER,28APR2027,22900000.000000,30,OPTFUT,MCX,50.000000,600,False
575480,SILVERM23APR27233000CE,SILVERM,23APR2027,23300000.000000,5,OPTFUT,MCX,50.000000,600,False
575481,SILVERM23APR27232000CE,SILVERM,23APR2027,23200000.000000,5,OPTFUT,MCX,50.000000,600,False
575535,GOLD26FEB27138000PE,GOLD,26FEB2027,13800000.000000,1,OPTFUT,MCX,50.000000,100,False
575540,GOLD29MAR27138000PE,GOLD,29MAR2027,13800000.000000,1,OPTFUT,MCX,50.000000,100,False
575596,SILVER25MAR27225000CE,SILVER,25MAR2027,22500000.000000,30,OPTFUT,MCX,50.000000,600,False
575607,SILVER28APR27220000CE,SILVER,28APR2027,22000000.000000,30,OPTFUT,MCX,50.000000,600,False
575608,SILVER25MAR27225000PE,SILVER,25MAR2027,22500000.000000,30,OPTFUT,MCX,50.000000,600,False
575617,SILVER28APR27222000PE,SILVER,28APR2027,22200000.000000,30,OPTFUT,MCX,50.000000,600,False
575627,SILVERM23APR27229000CE,SILVERM,23APR2027,22900000.000000,5,OPTFUT,MCX,50.000000,600,False
575637,SILVERM23APR27229000PE,SILVERM,23APR2027,22900000.000000,5,OPTFUT,MCX,50.000000,600,False
575720,GOLD30APR27162500CE,GOLD,30APR2027,16250000.000000,1,OPTFUT,MCX,50.000000,100,False
575723,GOLD30APR27161000CE,GOLD,30APR2027,16100000.000000,1,OPTFUT,MCX,50.000000,100,False
575728,GOLD30APR27158500CE,GOLD,30APR2027,15850000.000000,1,OPTFUT,MCX,50.000000,100,False
575740,GOLD30APR27152500CE,GOLD,30APR2027,15250000.000000,1,OPTFUT,MCX,50.000000,100,False
575743,GOLD30APR27151000CE,GOLD,30APR2027,15100000.000000,1,OPTFUT,MCX,50.000000,100,False
575764,GOLD30APR27140500CE,GOLD,30APR2027,14050000.000000,1,OPTFUT,MCX,50.000000,100,False
575777,GOLD30APR27169000CE,GOLD,30APR2027,16900000.000000,1,OPTFUT,MCX,50.000000,100,False
575798,GOLD30APR27179500CE,GOLD,30APR2027,17950000.000000,1,OPTFUT,MCX,50.000000,100,False
575800,GOLD30APR27180500CE,GOLD,30APR2027,18050000.000000,1,OPTFUT,MCX,50.000000,100,False
575804,GOLD30APR27182500CE,GOLD,30APR2027,18250000.000000,1,OPTFUT,MCX,50.000000,100,False
575805,GOLD30APR27183000CE,GOLD,30APR2027,18300000.000000,1,OPTFUT,MCX,50.000000,100,False
575812,GOLD30APR27186500CE,GOLD,30APR2027,18650000.000000,1,OPTFUT,MCX,50.000000,100,False
575816,GOLD30APR27188500CE,GOLD,30APR2027,18850000.000000,1,OPTFUT,MCX,50.000000,100,False
575836,GOLD28MAY27154500CE,GOLD,28MAY2027,15450000.000000,1,OPTFUT,MCX,50.000000,100,False
575854,GOLD28MAY27145500CE,GOLD,28MAY2027,14550000.000000,1,OPTFUT,MCX,50.000000,100,False
575855,GOLD28MAY27145000CE,GOLD,28MAY2027,14500000.000000,1,OPTFUT,MCX,50.000000,100,False
575857,GOLD28MAY27144000CE,GOLD,28MAY2027,14400000.000000,1,OPTFUT,MCX,50.000000,100,False
575862,GOLD28MAY27141500CE,GOLD,28MAY2027,14150000.000000,1,OPTFUT,MCX,50.000000,100,False
575876,GOLD28MAY27168500CE,GOLD,28MAY2027,16850000.000000,1,OPTFUT,MCX,50.000000,100,False
575883,GOLD28MAY27172000CE,GOLD,28MAY2027,17200000.000000,1,OPTFUT,MCX,50.000000,100,False
575887,GOLD28MAY27174000CE,GOLD,28MAY2027,17400000.000000,1,OPTFUT,MCX,50.000000,100,False
575889,GOLD28MAY27175000CE,GOLD,28MAY2027,17500000.000000,1,OPTFUT,MCX,50.000000,100,False
575911,GOLD28MAY27186000CE,GOLD,28MAY2027,18600000.000000,1,OPTFUT,MCX,50.000000,100,False
575925,GOLD30APR27160000PE,GOLD,30APR2027,16000000.000000,1,OPTFUT,MCX,50.000000,100,False
575927,GOLD30APR27159000PE,GOLD,30APR2027,15900000.000000,1,OPTFUT,MCX,50.000000,100,False
575929,GOLD30APR27158000PE,GOLD,30APR2027,15800000.000000,1,OPTFUT,MCX,50.000000,100,False
575962,GOLD30APR27141500PE,GOLD,30APR2027,14150000.000000,1,OPTFUT,MCX,50.000000,100,False
575963,GOLD30APR27141000PE,GOLD,30APR2027,14100000.000000,1,OPTFUT,MCX,50.000000,100,False
575973,GOLD30APR27167000PE,GOLD,30APR2027,16700000.000000,1,OPTFUT,MCX,50.000000,100,False
575984,GOLD30APR27172500PE,GOLD,30APR2027,17250000.000000,1,OPTFUT,MCX,50.000000,100,False
575987,GOLD30APR27174000PE,GOLD,30APR2027,17400000.000000,1,OPTFUT,MCX,50.000000,100,False
575998,GOLD30APR27179500PE,GOLD,30APR2027,17950000.000000,1,OPTFUT,MCX,50.000000,100,False
576009,GOLD30APR27185000PE,GOLD,30APR2027,18500000.000000,1,OPTFUT,MCX,50.000000,100,False
576019,GOLD28MAY27163000PE,GOLD,28MAY2027,16300000.000000,1,OPTFUT,MCX,50.000000,100,False
576041,GOLD28MAY27152000PE,GOLD,28MAY2027,15200000.000000,1,OPTFUT,MCX,50.000000,100,False
576055,GOLD28MAY27145000PE,GOLD,28MAY2027,14500000.000000,1,OPTFUT,MCX,50.000000,100,False
576064,GOLD28MAY27140500PE,GOLD,28MAY2027,14050000.000000,1,OPTFUT,MCX,50.000000,100,False
576072,GOLD28MAY27166500PE,GOLD,28MAY2027,16650000.000000,1,OPTFUT,MCX,50.000000,100,False
576073,GOLD28MAY27167000PE,GOLD,28MAY2027,16700000.000000,1,OPTFUT,MCX,50.000000,100,False
576083,GOLD28MAY27172000PE,GOLD,28MAY2027,17200000.000000,1,OPTFUT,MCX,50.000000,100,False
576092,GOLD28MAY27176500PE,GOLD,28MAY2027,17650000.000000,1,OPTFUT,MCX,50.000000,100,False
576093,GOLD28MAY27177000PE,GOLD,28MAY2027,17700000.000000,1,OPTFUT,MCX,50.000000,100,False
576099,GOLD28MAY27180000PE,GOLD,28MAY2027,18000000.000000,1,OPTFUT,MCX,50.000000,100,False
576106,GOLD28MAY27183500PE,GOLD,28MAY2027,18350000.000000,1,OPTFUT,MCX,50.000000,100,False
576207,GOLD30APR27193000CE,GOLD,30APR2027,19300000.000000,1,OPTFUT,MCX,50.000000,100,False
576216,GOLD28MAY27189500CE,GOLD,28MAY2027,18950000.000000,1,OPTFUT,MCX,50.000000,100,False
576225,GOLD28MAY27194000CE,GOLD,28MAY2027,19400000.000000,1,OPTFUT,MCX,50.000000,100,False
576231,GOLD28MAY27197000CE,GOLD,28MAY2027,19700000.000000,1,OPTFUT,MCX,50.000000,100,False
576242,GOLD30APR27194500PE,GOLD,30APR2027,19450000.000000,1,OPTFUT,MCX,50.000000,100,False
576265,CRUDEOILM18DEC26FUT,CRUDEOILM,18DEC2026,0.000000,10,FUTCOM,MCX,100.000000,10000,False
576277,CRUDEOIL17SEP266700CE,CRUDEOIL,17SEP2026,670000.000000,100,OPTFUT,MCX,10.000000,10000,False
576285,CRUDEOIL17SEP266300CE,CRUDEOIL,17SEP2026,630000.000000,100,OPTFUT,MCX,10.000000,10000,False
576286,CRUDEOIL17SEP266250CE,CRUDEOIL,17SEP2026,625000.000000,100,OPTFUT,MCX,10.000000,10000,False
576289,CRUDEOIL17SEP266100CE,CRUDEOIL,17SEP2026,610000.000000,100,OPTFUT,MCX,10.000000,10000,False
576292,CRUDEOIL17SEP265950CE,CRUDEOIL,17SEP2026,595000.000000,100,OPTFUT,MCX,10.000000,10000,False
576295,CRUDEOIL17SEP265800CE,CRUDEOIL,17SEP2026,580000.000000,100,OPTFUT,MCX,10.000000,10000,False
576301,CRUDEOIL17SEP265500CE,CRUDEOIL,17SEP2026,550000.000000,100,OPTFUT,MCX,10.000000,10000,False
576304,CRUDEOIL17SEP265350CE,CRUDEOIL,17SEP2026,535000.000000,100,OPTFUT,MCX,10.000000,10000,False
576306,CRUDEOIL17SEP265250CE,CRUDEOIL,17SEP2026,525000.000000,100,OPTFUT,MCX,10.000000,10000,False
576312,CRUDEOIL17SEP264950CE,CRUDEOIL,17SEP2026,495000.000000,100,OPTFUT,MCX,10.000000,10000,False
576324,CRUDEOIL17SEP264350CE,CRUDEOIL,17SEP2026,435000.000000,100,OPTFUT,MCX,10.000000,10000,False
576328,CRUDEOIL17SEP264150CE,CRUDEOIL,17SEP2026,415000.000000,100,OPTFUT,MCX,10.000000,10000,False
576346,CRUDEOIL17SEP263250CE,CRUDEOIL,17SEP2026,325000.000000,100,OPTFUT,MCX,10.000000,10000,False
576357,CRUDEOIL17SEP267450CE,CRUDEOIL,17SEP2026,745000.000000,100,OPTFUT,MCX,10.000000,10000,False
576374,CRUDEOIL17SEP268300CE,CRUDEOIL,17SEP2026,830000.000000,100,OPTFUT,MCX,10.000000,10000,False
576388,CRUDEOIL17SEP269000CE,CRUDEOIL,17SEP2026,900000.000000,100,OPTFUT,MCX,10.000000,10000,False
576391,CRUDEOIL17SEP269150CE,CRUDEOIL,17SEP2026,915000.000000,100,OPTFUT,MCX,10.000000,10000,False
576397,CRUDEOIL17SEP269450CE,CRUDEOIL,17SEP2026,945000.000000,100,OPTFUT,MCX,10.000000,10000,False
576406,CRUDEOIL17SEP269900CE,CRUDEOIL,17SEP2026,990000.000000,100,OPTFUT,MCX,10.000000,10000,False
576409,CRUDEOIL17SEP2610050CE,CRUDEOIL,17SEP2026,1005000.000000,100,OPTFUT,MCX,10.000000,10000,False
576411,CRUDEOIL17SEP2610150CE,CRUDEOIL,17SEP2026,1015000.000000,100,OPTFUT,MCX,10.000000,10000,False
576418,CRUDEOIL17SEP2610500CE,CRUDEOIL,17SEP2026,1050000.000000,100,OPTFUT,MCX,10.000000,10000,False
576422,CRUDEOIL17SEP2610700CE,CRUDEOIL,17SEP2026,1070000.000000,100,OPTFUT,MCX,10.000000,10000,False
576431,CRUDEOIL17SEP266650PE,CRUDEOIL,17SEP2026,665000.000000,100,OPTFUT,MCX,10.000000,10000,False
576433,CRUDEOIL17SEP266550PE,CRUDEOIL,17SEP2026,655000.000000,100,OPTFUT,MCX,10.000000,10000,False
576449,CRUDEOIL17SEP265750PE,CRUDEOIL,17SEP2026,575000.000000,100,OPTFUT,MCX,10.000000,10000,False
576450,CRUDEOIL17SEP265700PE,CRUDEOIL,17SEP2026,570000.000000,100,OPTFUT,MCX,10.000000,10000,False
576452,CRUDEOIL17SEP265600PE,CRUDEOIL,17SEP2026,560000.000000,100,OPTFUT,MCX,10.000000,10000,False
576462,CRUDEOIL17SEP265100PE,CRUDEOIL,17SEP2026,510000.000000,100,OPTFUT,MCX,10.000000,10000,False
576470,CRUDEOIL17SEP264700PE,CRUDEOIL,17SEP2026,470000.000000,100,OPTFUT,MCX,10.000000,10000,False
576485,CRUDEOIL17SEP263950PE,CRUDEOIL,17SEP2026,395000.000000,100,OPTFUT,MCX,10.000000,10000,False
576488,CRUDEOIL17SEP263800PE,CRUDEOIL,17SEP2026,380000.000000,100,OPTFUT,MCX,10.000000,10000,False
576517,CRUDEOIL17SEP267800PE,CRUDEOIL,17SEP2026,780000.000000,100,OPTFUT,MCX,10.000000,10000,False
576528,CRUDEOIL17SEP268350PE,CRUDEOIL,17SEP2026,835000.000000,100,OPTFUT,MCX,10.000000,10000,False
576540,CRUDEOIL17SEP268950PE,CRUDEOIL,17SEP2026,895000.000000,100,OPTFUT,MCX,10.000000,10000,False
576548,CRUDEOIL17SEP269350PE,CRUDEOIL,17SEP2026,935000.000000,100,OPTFUT,MCX,10.000000,10000,False
576550,CRUDEOIL17SEP269450PE,CRUDEOIL,17SEP2026,945000.000000,100,OPTFUT,MCX,10.000000,10000,False
576553,CRUDEOIL17SEP269600PE,CRUDEOIL,17SEP2026,960000.000000,100,OPTFUT,MCX,10.000000,10000,False
576556,CRUDEOIL17SEP269750PE,CRUDEOIL,17SEP2026,975000.000000,100,OPTFUT,MCX,10.000000,10000,False
576609,CRUDEOILM17SEP265450CE,CRUDEOILM,17SEP2026,545000.000000,10,OPTFUT,MCX,5.000000,10000,False
576610,CRUDEOILM17SEP265400CE,CRUDEOILM,17SEP2026,540000.000000,10,OPTFUT,MCX,5.000000,10000,False
576614,CRUDEOILM17SEP265200CE,CRUDEOILM,17SEP2026,520000.000000,10,OPTFUT,MCX,5.000000,10000,False
576616,CRUDEOILM17SEP265100CE,CRUDEOILM,17SEP2026,510000.000000,10,OPTFUT,MCX,5.000000,10000,False
576623,CRUDEOILM17SEP264750CE,CRUDEOILM,17SEP2026,475000.000000,10,OPTFUT,MCX,5.000000,10000,False
576626,CRUDEOILM17SEP264600CE,CRUDEOILM,17SEP2026,460000.000000,10,OPTFUT,MCX,5.000000,10000,False
576627,CRUDEOILM17SEP264550CE,CRUDEOILM,17SEP2026,455000.000000,10,OPTFUT,MCX,5.000000,10000,False
576628,CRUDEOILM17SEP264500CE,CRUDEOILM,17SEP2026,450000.000000,10,OPTFUT,MCX,5.000000,10000,False
576637,CRUDEOILM17SEP264050CE,CRUDEOILM,17SEP2026,405000.000000,10,OPTFUT,MCX,5.000000,10000,False
576652,CRUDEOILM17SEP263300CE,CRUDEOILM,17SEP2026,330000.000000,10,OPTFUT,MCX,5.000000,10000,False
576657,CRUDEOILM17SEP267100CE,CRUDEOILM,17SEP2026,710000.000000,10,OPTFUT,MCX,5.000000,10000,False
576674,CRUDEOILM17SEP267950CE,CRUDEOILM,17SEP2026,795000.000000,10,OPTFUT,MCX,5.000000,10000,False
576680,CRUDEOILM17SEP268250CE,CRUDEOILM,17SEP2026,825000.000000,10,OPTFUT,MCX,5.000000,10000,False
576685,CRUDEOILM17SEP268500CE,CRUDEOILM,17SEP2026,850000.000000,10,OPTFUT,MCX,5.000000,10000,False
576688,CRUDEOILM17SEP268650CE,CRUDEOILM,17SEP2026,865000.000000,10,OPTFUT,MCX,5.000000,10000,False
576698,CRUDEOILM17SEP269150CE,CRUDEOILM,17SEP2026,915000.000000,10,OPTFUT,MCX,5.000000,10000,False
576705,CRUDEOILM17SEP269500CE,CRUDEOILM,17SEP2026,950000.000000,10,OPTFUT,MCX,5.000000,10000,False
576711,CRUDEOILM17SEP269800CE,CRUDEOILM,17SEP2026,980000.000000,10,OPTFUT,MCX,5.000000,10000,False
576712,CRUDEOILM17SEP269850CE,CRUDEOILM,17SEP2026,985000.000000,10,OPTFUT,MCX,5.000000,10000,False
576713,CRUDEOILM17SEP269900CE,CRUDEOILM,17SEP2026,990000.000000,10,OPTFUT,MCX,5.000000,10000,False
576721,CRUDEOILM17SEP2610300CE,CRUDEOILM,17SEP2026,1030000.000000,10,OPTFUT,MCX,5.000000,10000,False
576727,CRUDEOILM17SEP2610600CE,CRUDEOILM,17SEP2026,1060000.000000,10,OPTFUT,MCX,5.000000,10000,False
576748,CRUDEOILM17SEP266200PE,CRUDEOILM,17SEP2026,620000.000000,10,OPTFUT,MCX,5.000000,10000,False
576751,CRUDEOILM17SEP266050PE,CRUDEOILM,17SEP2026,605000.000000,10,OPTFUT,MCX,5.000000,10000,False
576770,CRUDEOILM17SEP265100PE,CRUDEOILM,17SEP2026,510000.000000,10,OPTFUT,MCX,5.000000,10000,False
576776,CRUDEOILM17SEP264800PE,CRUDEOILM,17SEP2026,480000.000000,10,OPTFUT,MCX,5.000000,10000,False
576782,CRUDEOILM17SEP264500PE,CRUDEOILM,17SEP2026,450000.000000,10,OPTFUT,MCX,5.000000,10000,False
576795,CRUDEOILM17SEP263850PE,CRUDEOILM,17SEP2026,385000.000000,10,OPTFUT,MCX,5.000000,10000,False
576812,CRUDEOILM17SEP267150PE,CRUDEOILM,17SEP2026,715000.000000,10,OPTFUT,MCX,5.000000,10000,False
576802,CRUDEOILM17SEP263500PE,CRUDEOILM,17SEP2026,350000.000000,10,OPTFUT,MCX,5.000000,10000,False
576810,CRUDEOILM17SEP267050PE,CRUDEOILM,17SEP2026,705000.000000,10,OPTFUT,MCX,5.000000,10000,False
576817,CRUDEOILM17SEP267400PE,CRUDEOILM,17SEP2026,740000.000000,10,OPTFUT,MCX,5.000000,10000,False
576820,CRUDEOILM17SEP267550PE,CRUDEOILM,17SEP2026,755000.000000,10,OPTFUT,MCX,5.000000,10000,False
576822,CRUDEOILM17SEP267650PE,CRUDEOILM,17SEP2026,765000.000000,10,OPTFUT,MCX,5.000000,10000,False
576825,CRUDEOILM17SEP267800PE,CRUDEOILM,17SEP2026,780000.000000,10,OPTFUT,MCX,5.000000,10000,False
576831,CRUDEOILM17SEP268100PE,CRUDEOILM,17SEP2026,810000.000000,10,OPTFUT,MCX,5.000000,10000,False
576844,CRUDEOILM17SEP268750PE,CRUDEOILM,17SEP2026,875000.000000,10,OPTFUT,MCX,5.000000,10000,False
576845,CRUDEOILM17SEP268800PE,CRUDEOILM,17SEP2026,880000.000000,10,OPTFUT,MCX,5.000000,10000,False
576856,CRUDEOILM17SEP269350PE,CRUDEOILM,17SEP2026,935000.000000,10,OPTFUT,MCX,5.000000,10000,False
576864,CRUDEOILM17SEP269750PE,CRUDEOILM,17SEP2026,975000.000000,10,OPTFUT,MCX,5.000000,10000,False
576866,CRUDEOILM17SEP269850PE,CRUDEOILM,17SEP2026,985000.000000,10,OPTFUT,MCX,5.000000,10000,False
576873,CRUDEOILM17SEP2610200PE,CRUDEOILM,17SEP2026,1020000.000000,10,OPTFUT,MCX,5.000000,10000,False
576882,CRUDEOILM17SEP2610650PE,CRUDEOILM,17SEP2026,1065000.000000,10,OPTFUT,MCX,5.000000,10000,False
576916,CRUDEOILM17SEP2610900CE,CRUDEOILM,17SEP2026,1090000.000000,10,OPTFUT,MCX,5.000000,10000,False
576990,SILVER25MAR27216000PE,SILVER,25MAR2027,21600000.000000,30,OPTFUT,MCX,50.000000,600,False
576993,SILVER25MAR27213000PE,SILVER,25MAR2027,21300000.000000,30,OPTFUT,MCX,50.000000,600,False
577009,SILVERM24SEP26205000CE,SILVERM,24SEP2026,20500000.000000,5,OPTFUT,MCX,50.000000,600,False
577018,SILVERM25MAR27222000CE,SILVERM,25MAR2027,22200000.000000,5,OPTFUT,MCX,50.000000,600,False
577020,SILVERM25MAR27220000CE,SILVERM,25MAR2027,22000000.000000,5,OPTFUT,MCX,50.000000,600,False
577053,SILVERM25MAR27223000PE,SILVERM,25MAR2027,22300000.000000,5,OPTFUT,MCX,50.000000,600,False
577055,SILVERM25MAR27221000PE,SILVERM,25MAR2027,22100000.000000,5,OPTFUT,MCX,50.000000,600,False
577058,SILVERM25MAR27218000PE,SILVERM,25MAR2027,21800000.000000,5,OPTFUT,MCX,50.000000,600,False
577062,SILVERM25MAR27214000PE,SILVERM,25MAR2027,21400000.000000,5,OPTFUT,MCX,50.000000,600,False
577128,COPPER23SEP261160PE,COPPER,23SEP2026,116000.000000,2500,OPTFUT,MCX,1.000000,70000,False
577129,COPPER23SEP261150PE,COPPER,23SEP2026,115000.000000,2500,OPTFUT,MCX,1.000000,70000,False
577146,CRUDEOIL17SEP263050CE,CRUDEOIL,17SEP2026,305000.000000,100,OPTFUT,MCX,10.000000,10000,False
577202,GOLD29JAN27127500CE,GOLD,29JAN2027,12750000.000000,1,OPTFUT,MCX,50.000000,100,False
577204,GOLD29JAN27126500CE,GOLD,29JAN2027,12650000.000000,1,OPTFUT,MCX,50.000000,100,False
577206,GOLD26FEB27135000CE,GOLD,26FEB2027,13500000.000000,1,OPTFUT,MCX,50.000000,100,False
577213,GOLD26FEB27131500CE,GOLD,26FEB2027,13150000.000000,1,OPTFUT,MCX,50.000000,100,False
577219,GOLD29MAR27135000CE,GOLD,29MAR2027,13500000.000000,1,OPTFUT,MCX,50.000000,100,False
577221,GOLD29MAR27134000CE,GOLD,29MAR2027,13400000.000000,1,OPTFUT,MCX,50.000000,100,False
577250,GOLD28MAY27135500CE,GOLD,28MAY2027,13550000.000000,1,OPTFUT,MCX,50.000000,100,False
577282,GOLD25SEP26120500PE,GOLD,25SEP2026,12050000.000000,1,OPTFUT,MCX,50.000000,100,False
577290,GOLD31DEC26126500PE,GOLD,31DEC2026,12650000.000000,1,OPTFUT,MCX,50.000000,100,False
577303,GOLD26FEB27131500PE,GOLD,26FEB2027,13150000.000000,1,OPTFUT,MCX,50.000000,100,False
577306,GOLD26FEB27130000PE,GOLD,26FEB2027,13000000.000000,1,OPTFUT,MCX,50.000000,100,False
577315,GOLD29MAR27132000PE,GOLD,29MAR2027,13200000.000000,1,OPTFUT,MCX,50.000000,100,False
577323,GOLD30APR27137500PE,GOLD,30APR2027,13750000.000000,1,OPTFUT,MCX,50.000000,100,False
577326,GOLD30APR27136000PE,GOLD,30APR2027,13600000.000000,1,OPTFUT,MCX,50.000000,100,False
577334,GOLD28MAY27138500PE,GOLD,28MAY2027,13850000.000000,1,OPTFUT,MCX,50.000000,100,False
577346,GOLD28MAY27132500PE,GOLD,28MAY2027,13250000.000000,1,OPTFUT,MCX,50.000000,100,False
577476,SILVER27NOV26186000CE,SILVER,27NOV2026,18600000.000000,30,OPTFUT,MCX,50.000000,600,False
577484,SILVER28DEC26200000CE,SILVER,28DEC2026,20000000.000000,30,OPTFUT,MCX,50.000000,600,False
577485,SILVER28DEC26199000CE,SILVER,28DEC2026,19900000.000000,30,OPTFUT,MCX,50.000000,600,False
577511,SILVER25JAN27191000CE,SILVER,25JAN2027,19100000.000000,30,OPTFUT,MCX,50.000000,600,False
577516,SILVER26FEB27204000CE,SILVER,26FEB2027,20400000.000000,30,OPTFUT,MCX,50.000000,600,False
577521,SILVER26FEB27199000CE,SILVER,26FEB2027,19900000.000000,30,OPTFUT,MCX,50.000000,600,False
577536,SILVER25MAR27207000CE,SILVER,25MAR2027,20700000.000000,30,OPTFUT,MCX,50.000000,600,False
577617,SILVER27OCT26195000PE,SILVER,27OCT2026,19500000.000000,30,OPTFUT,MCX,50.000000,600,False
577621,SILVER27OCT26191000PE,SILVER,27OCT2026,19100000.000000,30,OPTFUT,MCX,50.000000,600,False
577643,SILVER27NOV26184000PE,SILVER,27NOV2026,18400000.000000,30,OPTFUT,MCX,50.000000,600,False
577658,SILVER28DEC26191000PE,SILVER,28DEC2026,19100000.000000,30,OPTFUT,MCX,50.000000,600,False
577661,SILVER28DEC26188000PE,SILVER,28DEC2026,18800000.000000,30,OPTFUT,MCX,50.000000,600,False
577663,SILVER25JAN27204000PE,SILVER,25JAN2027,20400000.000000,30,OPTFUT,MCX,50.000000,600,False
577699,SILVER25MAR27209000PE,SILVER,25MAR2027,20900000.000000,30,OPTFUT,MCX,50.000000,600,False
577726,SILVER28APR27202000PE,SILVER,28APR2027,20200000.000000,30,OPTFUT,MCX,50.000000,600,False
577736,SILVER28APR27192000PE,SILVER,28APR2027,19200000.000000,30,OPTFUT,MCX,50.000000,600,False
577738,SILVER28APR27190000PE,SILVER,28APR2027,19000000.000000,30,OPTFUT,MCX,50.000000,600,False
577768,SILVERM24SEP26202000CE,SILVERM,24SEP2026,20200000.000000,5,OPTFUT,MCX,50.000000,600,False
577769,SILVERM24SEP26201000CE,SILVERM,24SEP2026,20100000.000000,5,OPTFUT,MCX,50.000000,600,False
577775,SILVERM24SEP26195000CE,SILVERM,24SEP2026,19500000.000000,5,OPTFUT,MCX,50.000000,600,False
577783,SILVERM27OCT26203000CE,SILVERM,27OCT2026,20300000.000000,5,OPTFUT,MCX,50.000000,600,False
577802,SILVERM23NOV26200000CE,SILVERM,23NOV2026,20000000.000000,5,OPTFUT,MCX,50.000000,600,False
577805,SILVERM23NOV26197000CE,SILVERM,23NOV2026,19700000.000000,5,OPTFUT,MCX,50.000000,600,False
577807,SILVERM23NOV26195000CE,SILVERM,23NOV2026,19500000.000000,5,OPTFUT,MCX,50.000000,600,False
577808,SILVERM23NOV26194000CE,SILVERM,23NOV2026,19400000.000000,5,OPTFUT,MCX,50.000000,600,False
577827,SILVERM28DEC26198000CE,SILVERM,28DEC2026,19800000.000000,5,OPTFUT,MCX,50.000000,600,False
577828,SILVERM28DEC26197000CE,SILVERM,28DEC2026,19700000.000000,5,OPTFUT,MCX,50.000000,600,False
577837,SILVERM25JAN27203000CE,SILVERM,25JAN2027,20300000.000000,5,OPTFUT,MCX,50.000000,600,False
577839,SILVERM25JAN27201000CE,SILVERM,25JAN2027,20100000.000000,5,OPTFUT,MCX,50.000000,600,False
577845,SILVERM19FEB27210000CE,SILVERM,19FEB2027,21000000.000000,5,OPTFUT,MCX,50.000000,600,False
577851,SILVERM19FEB27204000CE,SILVERM,19FEB2027,20400000.000000,5,OPTFUT,MCX,50.000000,600,False
577872,SILVERM23APR27208000CE,SILVERM,23APR2027,20800000.000000,5,OPTFUT,MCX,50.000000,600,False
577873,SILVERM23APR27207000CE,SILVERM,23APR2027,20700000.000000,5,OPTFUT,MCX,50.000000,600,False
577908,SILVERM24SEP26201000PE,SILVERM,24SEP2026,20100000.000000,5,OPTFUT,MCX,50.000000,600,False
577912,SILVERM24SEP26197000PE,SILVERM,24SEP2026,19700000.000000,5,OPTFUT,MCX,50.000000,600,False
577915,SILVERM24SEP26194000PE,SILVERM,24SEP2026,19400000.000000,5,OPTFUT,MCX,50.000000,600,False
577918,SILVERM24SEP26191000PE,SILVERM,24SEP2026,19100000.000000,5,OPTFUT,MCX,50.000000,600,False
577925,SILVERM27OCT26200000PE,SILVERM,27OCT2026,20000000.000000,5,OPTFUT,MCX,50.000000,600,False
577946,SILVERM23NOV26195000PE,SILVERM,23NOV2026,19500000.000000,5,OPTFUT,MCX,50.000000,600,False
577948,SILVERM23NOV26193000PE,SILVERM,23NOV2026,19300000.000000,5,OPTFUT,MCX,50.000000,600,False
577955,SILVERM28DEC26209000PE,SILVERM,28DEC2026,20900000.000000,5,OPTFUT,MCX,50.000000,600,False
577959,SILVERM28DEC26205000PE,SILVERM,28DEC2026,20500000.000000,5,OPTFUT,MCX,50.000000,600,False
577961,SILVERM28DEC26203000PE,SILVERM,28DEC2026,20300000.000000,5,OPTFUT,MCX,50.000000,600,False
577983,SILVERM25JAN27196000PE,SILVERM,25JAN2027,19600000.000000,5,OPTFUT,MCX,50.000000,600,False
577985,SILVERM19FEB27209000PE,SILVERM,19FEB2027,20900000.000000,5,OPTFUT,MCX,50.000000,600,False
577990,SILVERM19FEB27204000PE,SILVERM,19FEB2027,20400000.000000,5,OPTFUT,MCX,50.000000,600,False
578002,SILVERM25MAR27208000PE,SILVERM,25MAR2027,20800000.000000,5,OPTFUT,MCX,50.000000,600,False
578017,ZINC23SEP26295CE,ZINC,23SEP2026,29500.000000,5,OPTFUT,MCX,1.000000,100,False
578018,ZINC23SEP26295PE,ZINC,23SEP2026,29500.000000,5,OPTFUT,MCX,1.000000,100,False
578031,CRUDEOILM17SEP263100CE,CRUDEOILM,17SEP2026,310000.000000,10,OPTFUT,MCX,5.000000,10000,False
578034,CRUDEOILM17SEP262950CE,CRUDEOILM,17SEP2026,295000.000000,10,OPTFUT,MCX,5.000000,10000,False
578082,MCXBULLDEX25SEP2632400CE,MCXBULLDEX,25SEP2026,3240000.000000,30,OPTIDX,MCX,5.000000,900,False
578086,MCXBULLDEX25SEP2632000CE,MCXBULLDEX,25SEP2026,3200000.000000,30,OPTIDX,MCX,5.000000,900,False
578091,MCXBULLDEX25SEP2631500CE,MCXBULLDEX,25SEP2026,3150000.000000,30,OPTIDX,MCX,5.000000,900,False
578100,MCXBULLDEX25SEP2630600CE,MCXBULLDEX,25SEP2026,3060000.000000,30,OPTIDX,MCX,5.000000,900,False
578113,MCXBULLDEX25SEP2629300CE,MCXBULLDEX,25SEP2026,2930000.000000,30,OPTIDX,MCX,5.000000,900,False
578115,MCXBULLDEX25SEP2629100CE,MCXBULLDEX,25SEP2026,2910000.000000,30,OPTIDX,MCX,5.000000,900,False
578149,MCXBULLDEX25SEP2636000CE,MCXBULLDEX,25SEP2026,3600000.000000,30,OPTIDX,MCX,5.000000,900,False
578181,MCXBULLDEX25SEP2632300PE,MCXBULLDEX,25SEP2026,3230000.000000,30,OPTIDX,MCX,5.000000,900,False
578188,MCXBULLDEX25SEP2631600PE,MCXBULLDEX,25SEP2026,3160000.000000,30,OPTIDX,MCX,5.000000,900,False
578189,MCXBULLDEX25SEP2631500PE,MCXBULLDEX,25SEP2026,3150000.000000,30,OPTIDX,MCX,5.000000,900,False
578192,MCXBULLDEX25SEP2631200PE,MCXBULLDEX,25SEP2026,3120000.000000,30,OPTIDX,MCX,5.000000,900,False
578193,MCXBULLDEX25SEP2631100PE,MCXBULLDEX,25SEP2026,3110000.000000,30,OPTIDX,MCX,5.000000,900,False
578206,MCXBULLDEX25SEP2629800PE,MCXBULLDEX,25SEP2026,2980000.000000,30,OPTIDX,MCX,5.000000,900,False
578225,MCXBULLDEX25SEP2633800PE,MCXBULLDEX,25SEP2026,3380000.000000,30,OPTIDX,MCX,5.000000,900,False
578261,GOLD27NOV26124500PE,GOLD,27NOV2026,12450000.000000,1,OPTFUT,MCX,50.000000,100,False
578265,NATURALGAS23SEP26295CE,NATURALGAS,23SEP2026,29500.000000,1250,OPTFUT,MCX,5.000000,60000,False
578271,NATURALGAS23SEP26265CE,NATURALGAS,23SEP2026,26500.000000,1250,OPTFUT,MCX,5.000000,60000,False
578281,NATURALGAS23SEP26215CE,NATURALGAS,23SEP2026,21500.000000,1250,OPTFUT,MCX,5.000000,60000,False
578287,NATURALGAS23SEP26185CE,NATURALGAS,23SEP2026,18500.000000,1250,OPTFUT,MCX,5.000000,60000,False
578295,NATURALGAS23SEP26145CE,NATURALGAS,23SEP2026,14500.000000,1250,OPTFUT,MCX,5.000000,60000,False
578296,NATURALGAS23SEP26140CE,NATURALGAS,23SEP2026,14000.000000,1250,OPTFUT,MCX,5.000000,60000,False
578304,NATURALGAS23SEP26320CE,NATURALGAS,23SEP2026,32000.000000,1250,OPTFUT,MCX,5.000000,60000,False
578320,NATURALGAS23SEP26400CE,NATURALGAS,23SEP2026,40000.000000,1250,OPTFUT,MCX,5.000000,60000,False
578331,NATURALGAS23SEP26455CE,NATURALGAS,23SEP2026,45500.000000,1250,OPTFUT,MCX,5.000000,60000,False
578334,NATURALGAS23SEP26470CE,NATURALGAS,23SEP2026,47000.000000,1250,OPTFUT,MCX,5.000000,60000,False
578345,NATURALGAS23SEP26295PE,NATURALGAS,23SEP2026,29500.000000,1250,OPTFUT,MCX,5.000000,60000,False
578346,NATURALGAS23SEP26290PE,NATURALGAS,23SEP2026,29000.000000,1250,OPTFUT,MCX,5.000000,60000,False
578349,NATURALGAS23SEP26275PE,NATURALGAS,23SEP2026,27500.000000,1250,OPTFUT,MCX,5.000000,60000,False
578356,NATURALGAS23SEP26240PE,NATURALGAS,23SEP2026,24000.000000,1250,OPTFUT,MCX,5.000000,60000,False
578358,NATURALGAS23SEP26230PE,NATURALGAS,23SEP2026,23000.000000,1250,OPTFUT,MCX,5.000000,60000,False
578362,NATURALGAS23SEP26210PE,NATURALGAS,23SEP2026,21000.000000,1250,OPTFUT,MCX,5.000000,60000,False
578380,NATURALGAS23SEP26120PE,NATURALGAS,23SEP2026,12000.000000,1250,OPTFUT,MCX,5.000000,60000,False
578383,NATURALGAS23SEP26315PE,NATURALGAS,23SEP2026,31500.000000,1250,OPTFUT,MCX,5.000000,60000,False
578403,NATURALGAS23SEP26415PE,NATURALGAS,23SEP2026,41500.000000,1250,OPTFUT,MCX,5.000000,60000,False
578410,NATURALGAS23SEP26450PE,NATURALGAS,23SEP2026,45000.000000,1250,OPTFUT,MCX,5.000000,60000,False
578419,NATURALGAS23SEP26495PE,NATURALGAS,23SEP2026,49500.000000,1250,OPTFUT,MCX,5.000000,60000,False
578423,NATGASMINI23SEP26305CE,NATGASMINI,23SEP2026,30500.000000,250,OPTFUT,MCX,5.000000,60000,False
578425,NATGASMINI23SEP26295CE,NATGASMINI,23SEP2026,29500.000000,250,OPTFUT,MCX,5.000000,60000,False
578426,NATGASMINI23SEP26290CE,NATGASMINI,23SEP2026,29000.000000,250,OPTFUT,MCX,5.000000,60000,False
578427,NATGASMINI23SEP26285CE,NATGASMINI,23SEP2026,28500.000000,250,OPTFUT,MCX,5.000000,60000,False
578448,NATGASMINI23SEP26180CE,NATGASMINI,23SEP2026,18000.000000,250,OPTFUT,MCX,5.000000,60000,False
578450,NATGASMINI23SEP26170CE,NATGASMINI,23SEP2026,17000.000000,250,OPTFUT,MCX,5.000000,60000,False
578458,NATGASMINI23SEP26130CE,NATGASMINI,23SEP2026,13000.000000,250,OPTFUT,MCX,5.000000,60000,False
578460,NATGASMINI23SEP26120CE,NATGASMINI,23SEP2026,12000.000000,250,OPTFUT,MCX,5.000000,60000,False
578461,NATGASMINI23SEP26115CE,NATGASMINI,23SEP2026,11500.000000,250,OPTFUT,MCX,5.000000,60000,False
578475,NATGASMINI23SEP26375CE,NATGASMINI,23SEP2026,37500.000000,250,OPTFUT,MCX,5.000000,60000,False
578478,NATGASMINI23SEP26390CE,NATGASMINI,23SEP2026,39000.000000,250,OPTFUT,MCX,5.000000,60000,False
578501,NATGASMINI23SEP26505CE,NATGASMINI,23SEP2026,50500.000000,250,OPTFUT,MCX,5.000000,60000,False
578502,NATGASMINI23SEP26510CE,NATGASMINI,23SEP2026,51000.000000,250,OPTFUT,MCX,5.000000,60000,False
578526,NATGASMINI23SEP26190PE,NATGASMINI,23SEP2026,19000.000000,250,OPTFUT,MCX,5.000000,60000,False
578529,NATGASMINI23SEP26175PE,NATGASMINI,23SEP2026,17500.000000,250,OPTFUT,MCX,5.000000,60000,False
578532,NATGASMINI23SEP26160PE,NATGASMINI,23SEP2026,16000.000000,250,OPTFUT,MCX,5.000000,60000,False
578535,NATGASMINI23SEP26145PE,NATGASMINI,23SEP2026,14500.000000,250,OPTFUT,MCX,5.000000,60000,False
578536,NATGASMINI23SEP26140PE,NATGASMINI,23SEP2026,14000.000000,250,OPTFUT,MCX,5.000000,60000,False
578543,NATGASMINI23SEP26315PE,NATGASMINI,23SEP2026,31500.000000,250,OPTFUT,MCX,5.000000,60000,False
578544,NATGASMINI23SEP26320PE,NATGASMINI,23SEP2026,32000.000000,250,OPTFUT,MCX,5.000000,60000,False
578549,NATGASMINI23SEP26345PE,NATGASMINI,23SEP2026,34500.000000,250,OPTFUT,MCX,5.000000,60000,False
578550,NATGASMINI23SEP26350PE,NATGASMINI,23SEP2026,35000.000000,250,OPTFUT,MCX,5.000000,60000,False
578558,NATGASMINI23SEP26390PE,NATGASMINI,23SEP2026,39000.000000,250,OPTFUT,MCX,5.000000,60000,False
578571,NATGASMINI23SEP26455PE,NATGASMINI,23SEP2026,45500.000000,250,OPTFUT,MCX,5.000000,60000,False
578579,NATGASMINI23SEP26495PE,NATGASMINI,23SEP2026,49500.000000,250,OPTFUT,MCX,5.000000,60000,False
578602,NATURALGAS23SEP26515PE,NATURALGAS,23SEP2026,51500.000000,1250,OPTFUT,MCX,5.000000,60000,False
578610,NATGASMINI23SEP26515PE,NATGASMINI,23SEP2026,51500.000000,250,OPTFUT,MCX,5.000000,60000,False
578613,MCXBULLDEX25SEP2636800PE,MCXBULLDEX,25SEP2026,3680000.000000,30,OPTIDX,MCX,5.000000,900,False
578633,ALUMINIUM30NOV26FUT,ALUMINIUM,30NOV2026,0.000000,5,FUTCOM,MCX,5.000000,150,False
578645,ZINC23OCT26355CE,ZINC,23OCT2026,35500.000000,5,OPTFUT,MCX,1.000000,100,False
578649,COTTON29JAN27FUT,COTTON,29JAN2027,0.000000,25,FUTCOM,MCX,1000.000000,1200,False
578652,COPPER23OCT261290CE,COPPER,23OCT2026,129000.000000,2500,OPTFUT,MCX,1.000000,70000,False
578686,COPPER23OCT261250PE,COPPER,23OCT2026,125000.000000,2500,OPTFUT,MCX,1.000000,70000,False
578688,COPPER23OCT261230PE,COPPER,23OCT2026,123000.000000,2500,OPTFUT,MCX,1.000000,70000,False
578689,COPPER23OCT261220PE,COPPER,23OCT2026,122000.000000,2500,OPTFUT,MCX,1.000000,70000,False
578714,ZINC23OCT26335CE,ZINC,23OCT2026,33500.000000,5,OPTFUT,MCX,1.000000,100,False
578716,ZINC23OCT26325CE,ZINC,23OCT2026,32500.000000,5,OPTFUT,MCX,1.000000,100,False
578724,ZINC23OCT26375CE,ZINC,23OCT2026,37500.000000,5,OPTFUT,MCX,1.000000,100,False
578730,ZINC23OCT26405CE,ZINC,23OCT2026,40500.000000,5,OPTFUT,MCX,1.000000,100,False
578732,ZINC23OCT26345PE,ZINC,23OCT2026,34500.000000,5,OPTFUT,MCX,1.000000,100,False
578737,ZINC23OCT26320PE,ZINC,23OCT2026,32000.000000,5,OPTFUT,MCX,1.000000,100,False
578772,NATGASMINI23SEP26100PE,NATGASMINI,23SEP2026,10000.000000,250,OPTFUT,MCX,5.000000,60000,False
578802,GOLDM25SEP26141000CE,GOLDM,25SEP2026,14100000.000000,100,OPTFUT,MCX,50.000000,10000,False
578807,GOLDM25SEP26138500CE,GOLDM,25SEP2026,13850000.000000,100,OPTFUT,MCX,50.000000,10000,False
578817,GOLDM25SEP26133500CE,GOLDM,25SEP2026,13350000.000000,100,OPTFUT,MCX,50.000000,10000,False
578821,GOLDM25SEP26131500CE,GOLDM,25SEP2026,13150000.000000,100,OPTFUT,MCX,50.000000,10000,False
578858,GOLDM25SEP26163000CE,GOLDM,25SEP2026,16300000.000000,100,OPTFUT,MCX,50.000000,10000,False
578863,GOLDM25SEP26165500CE,GOLDM,25SEP2026,16550000.000000,100,OPTFUT,MCX,50.000000,10000,False
578877,GOLDM25SEP26172500CE,GOLDM,25SEP2026,17250000.000000,100,OPTFUT,MCX,50.000000,10000,False
578886,GOLDM25SEP26149000PE,GOLDM,25SEP2026,14900000.000000,100,OPTFUT,MCX,50.000000,10000,False
578887,GOLDM25SEP26148500PE,GOLDM,25SEP2026,14850000.000000,100,OPTFUT,MCX,50.000000,10000,False
578913,GOLDM25SEP26135500PE,GOLDM,25SEP2026,13550000.000000,100,OPTFUT,MCX,50.000000,10000,False
578918,GOLDM25SEP26133000PE,GOLDM,25SEP2026,13300000.000000,100,OPTFUT,MCX,50.000000,10000,False
578922,GOLDM25SEP26131000PE,GOLDM,25SEP2026,13100000.000000,100,OPTFUT,MCX,50.000000,10000,False
578929,GOLDM25SEP26127500PE,GOLDM,25SEP2026,12750000.000000,100,OPTFUT,MCX,50.000000,10000,False
578940,GOLDM25SEP26154000PE,GOLDM,25SEP2026,15400000.000000,100,OPTFUT,MCX,50.000000,10000,False
578948,GOLDM25SEP26158000PE,GOLDM,25SEP2026,15800000.000000,100,OPTFUT,MCX,50.000000,10000,False
578952,GOLDM25SEP26160000PE,GOLDM,25SEP2026,16000000.000000,100,OPTFUT,MCX,50.000000,10000,False
578964,GOLDM25SEP26166000PE,GOLDM,25SEP2026,16600000.000000,100,OPTFUT,MCX,50.000000,10000,False
578967,GOLDM25SEP26167500PE,GOLDM,25SEP2026,16750000.000000,100,OPTFUT,MCX,50.000000,10000,False
578970,GOLDM25SEP26169000PE,GOLDM,25SEP2026,16900000.000000,100,OPTFUT,MCX,50.000000,10000,False
578975,GOLDM25SEP26171500PE,GOLDM,25SEP2026,17150000.000000,100,OPTFUT,MCX,50.000000,10000,False
578977,GOLDM25SEP26172500PE,GOLDM,25SEP2026,17250000.000000,100,OPTFUT,MCX,50.000000,10000,False
578983,GOLDM25SEP26175500PE,GOLDM,25SEP2026,17550000.000000,100,OPTFUT,MCX,50.000000,10000,False
578993,MCXBULLDEX25SEP2638000PE,MCXBULLDEX,25SEP2026,3800000.000000,30,OPTIDX,MCX,5.000000,900,False
579006,GOLDM25SEP26125000PE,GOLDM,25SEP2026,12500000.000000,100,OPTFUT,MCX,50.000000,10000,False
579013,GOLDM25SEP26123500CE,GOLDM,25SEP2026,12350000.000000,100,OPTFUT,MCX,50.000000,10000,False
579025,NATURALGAS23SEP2695CE,NATURALGAS,23SEP2026,9500.000000,1250,OPTFUT,MCX,5.000000,60000,False
579043,GOLD26FEB27129000CE,GOLD,26FEB2027,12900000.000000,1,OPTFUT,MCX,50.000000,100,False
579046,GOLD30APR27131500CE,GOLD,30APR2027,13150000.000000,1,OPTFUT,MCX,50.000000,100,False
579052,GOLD30APR27131500PE,GOLD,30APR2027,13150000.000000,1,OPTFUT,MCX,50.000000,100,False
579090,CRUDEOIL17SEP2611000PE,CRUDEOIL,17SEP2026,1100000.000000,100,OPTFUT,MCX,10.000000,10000,False
579099,GOLD25SEP26119000CE,GOLD,25SEP2026,11900000.000000,1,OPTFUT,MCX,50.000000,100,False
579113,GOLD27NOV26122000CE,GOLD,27NOV2026,12200000.000000,1,OPTFUT,MCX,50.000000,100,False
579117,GOLD31DEC26126000CE,GOLD,31DEC2026,12600000.000000,1,OPTFUT,MCX,50.000000,100,False
579133,GOLD26FEB27128500CE,GOLD,26FEB2027,12850000.000000,1,OPTFUT,MCX,50.000000,100,False
579141,GOLD29MAR27128500CE,GOLD,29MAR2027,12850000.000000,1,OPTFUT,MCX,50.000000,100,False
579150,GOLD30APR27130500CE,GOLD,30APR2027,13050000.000000,1,OPTFUT,MCX,50.000000,100,False
579157,GOLD28MAY27131000CE,GOLD,28MAY2027,13100000.000000,1,OPTFUT,MCX,50.000000,100,False
579164,GOLD28MAY27127500CE,GOLD,28MAY2027,12750000.000000,1,OPTFUT,MCX,50.000000,100,False
579184,GOLD27NOV26122500PE,GOLD,27NOV2026,12250000.000000,1,OPTFUT,MCX,50.000000,100,False
579186,GOLD27NOV26121500PE,GOLD,27NOV2026,12150000.000000,1,OPTFUT,MCX,50.000000,100,False
579199,GOLD29JAN27125000PE,GOLD,29JAN2027,12500000.000000,1,OPTFUT,MCX,50.000000,100,False
579205,GOLD26FEB27128500PE,GOLD,26FEB2027,12850000.000000,1,OPTFUT,MCX,50.000000,100,False
579211,GOLD26FEB27125500PE,GOLD,26FEB2027,12550000.000000,1,OPTFUT,MCX,50.000000,100,False
579223,GOLD30APR27130000PE,GOLD,30APR2027,13000000.000000,1,OPTFUT,MCX,50.000000,100,False
579232,GOLD28MAY27129500PE,GOLD,28MAY2027,12950000.000000,1,OPTFUT,MCX,50.000000,100,False
579236,GOLD28MAY27127500PE,GOLD,28MAY2027,12750000.000000,1,OPTFUT,MCX,50.000000,100,False
579277,CRUDEOILM17SEP2611100PE,CRUDEOILM,17SEP2026,1110000.000000,10,OPTFUT,MCX,5.000000,10000,False
579286,MCXBULLDEX25SEP2629000PE,MCXBULLDEX,25SEP2026,2900000.000000,30,OPTIDX,MCX,5.000000,900,False
579290,COPPER23OCT261500PE,COPPER,23OCT2026,150000.000000,2500,OPTFUT,MCX,1.000000,70000,False
579301,CRUDEOILM17SEP2611250CE,CRUDEOILM,17SEP2026,1125000.000000,10,OPTFUT,MCX,5.000000,10000,False
579309,SILVER28JUN27239000PE,SILVER,28JUN2027,23900000.000000,30,OPTFUT,MCX,50.000000,600,False
579341,GOLD30APR27126500PE,GOLD,30APR2027,12650000.000000,1,OPTFUT,MCX,50.000000,100,False
579354,SILVER26MAY27232000CE,SILVER,26MAY2027,23200000.000000,30,OPTFUT,MCX,50.000000,600,False
579379,SILVER26MAY27207000CE,SILVER,26MAY2027,20700000.000000,30,OPTFUT,MCX,50.000000,600,False
579388,SILVER26MAY27240000CE,SILVER,26MAY2027,24000000.000000,30,OPTFUT,MCX,50.000000,600,False
579403,SILVER26MAY27255000CE,SILVER,26MAY2027,25500000.000000,30,OPTFUT,MCX,50.000000,600,False
579404,SILVER26MAY27256000CE,SILVER,26MAY2027,25600000.000000,30,OPTFUT,MCX,50.000000,600,False
579415,SILVER26MAY27267000CE,SILVER,26MAY2027,26700000.000000,30,OPTFUT,MCX,50.000000,600,False
579421,SILVER26MAY27273000CE,SILVER,26MAY2027,27300000.000000,30,OPTFUT,MCX,50.000000,600,False
579426,SILVER26MAY27278000CE,SILVER,26MAY2027,27800000.000000,30,OPTFUT,MCX,50.000000,600,False
579435,SILVER28JUN27231000CE,SILVER,28JUN2027,23100000.000000,30,OPTFUT,MCX,50.000000,600,False
579447,SILVER28JUN27219000CE,SILVER,28JUN2027,21900000.000000,30,OPTFUT,MCX,50.000000,600,False
579471,SILVER28JUN27243000CE,SILVER,28JUN2027,24300000.000000,30,OPTFUT,MCX,50.000000,600,False
579477,SILVER28JUN27249000CE,SILVER,28JUN2027,24900000.000000,30,OPTFUT,MCX,50.000000,600,False
579484,SILVER28JUN27256000CE,SILVER,28JUN2027,25600000.000000,30,OPTFUT,MCX,50.000000,600,False
579488,SILVER28JUN27260000CE,SILVER,28JUN2027,26000000.000000,30,OPTFUT,MCX,50.000000,600,False
579497,SILVER28JUN27269000CE,SILVER,28JUN2027,26900000.000000,30,OPTFUT,MCX,50.000000,600,False
579513,SILVER26MAY27233000PE,SILVER,26MAY2027,23300000.000000,30,OPTFUT,MCX,50.000000,600,False
579516,SILVER26MAY27230000PE,SILVER,26MAY2027,23000000.000000,30,OPTFUT,MCX,50.000000,600,False
579517,SILVER26MAY27229000PE,SILVER,26MAY2027,22900000.000000,30,OPTFUT,MCX,50.000000,600,False
579551,SILVER26MAY27243000PE,SILVER,26MAY2027,24300000.000000,30,OPTFUT,MCX,50.000000,600,False
579557,SILVER26MAY27249000PE,SILVER,26MAY2027,24900000.000000,30,OPTFUT,MCX,50.000000,600,False
579578,SILVER26MAY27270000PE,SILVER,26MAY2027,27000000.000000,30,OPTFUT,MCX,50.000000,600,False
579580,SILVER26MAY27272000PE,SILVER,26MAY2027,27200000.000000,30,OPTFUT,MCX,50.000000,600,False
579581,SILVER26MAY27273000PE,SILVER,26MAY2027,27300000.000000,30,OPTFUT,MCX,50.000000,600,False
579582,SILVER26MAY27274000PE,SILVER,26MAY2027,27400000.000000,30,OPTFUT,MCX,50.000000,600,False
579583,SILVER26MAY27275000PE,SILVER,26MAY2027,27500000.000000,30,OPTFUT,MCX,50.000000,600,False
579594,SILVER28JUN27232000PE,SILVER,28JUN2027,23200000.000000,30,OPTFUT,MCX,50.000000,600,False
579596,SILVER28JUN27230000PE,SILVER,28JUN2027,23000000.000000,30,OPTFUT,MCX,50.000000,600,False
579628,SILVER28JUN27240000PE,SILVER,28JUN2027,24000000.000000,30,OPTFUT,MCX,50.000000,600,False
579649,SILVER28JUN27261000PE,SILVER,28JUN2027,26100000.000000,30,OPTFUT,MCX,50.000000,600,False
579655,SILVER28JUN27267000PE,SILVER,28JUN2027,26700000.000000,30,OPTFUT,MCX,50.000000,600,False
579671,SILVERM26MAY27241000CE,SILVERM,26MAY2027,24100000.000000,5,OPTFUT,MCX,50.000000,600,False
579676,SILVERM26MAY27236000CE,SILVERM,26MAY2027,23600000.000000,5,OPTFUT,MCX,50.000000,600,False
579683,SILVERM26MAY27229000CE,SILVERM,26MAY2027,22900000.000000,5,OPTFUT,MCX,50.000000,600,False
579695,SILVERM26MAY27217000CE,SILVERM,26MAY2027,21700000.000000,5,OPTFUT,MCX,50.000000,600,False
579712,SILVERM26MAY27246000CE,SILVERM,26MAY2027,24600000.000000,5,OPTFUT,MCX,50.000000,600,False
579723,SILVERM26MAY27257000CE,SILVERM,26MAY2027,25700000.000000,5,OPTFUT,MCX,50.000000,600,False
579740,SILVERM26MAY27274000CE,SILVERM,26MAY2027,27400000.000000,5,OPTFUT,MCX,50.000000,600,False
579741,SILVERM26MAY27275000CE,SILVERM,26MAY2027,27500000.000000,5,OPTFUT,MCX,50.000000,600,False
579752,SILVERM23JUN27240000CE,SILVERM,23JUN2027,24000000.000000,5,OPTFUT,MCX,50.000000,600,False
579754,SILVERM23JUN27238000CE,SILVERM,23JUN2027,23800000.000000,5,OPTFUT,MCX,50.000000,600,False
579758,SILVERM23JUN27234000CE,SILVERM,23JUN2027,23400000.000000,5,OPTFUT,MCX,50.000000,600,False
579761,SILVERM23JUN27231000CE,SILVERM,23JUN2027,23100000.000000,5,OPTFUT,MCX,50.000000,600,False
579764,SILVERM23JUN27228000CE,SILVERM,23JUN2027,22800000.000000,5,OPTFUT,MCX,50.000000,600,False
579771,SILVERM23JUN27221000CE,SILVERM,23JUN2027,22100000.000000,5,OPTFUT,MCX,50.000000,600,False
579773,SILVERM23JUN27219000CE,SILVERM,23JUN2027,21900000.000000,5,OPTFUT,MCX,50.000000,600,False
579774,SILVERM23JUN27218000CE,SILVERM,23JUN2027,21800000.000000,5,OPTFUT,MCX,50.000000,600,False
579780,SILVERM23JUN27212000CE,SILVERM,23JUN2027,21200000.000000,5,OPTFUT,MCX,50.000000,600,False
579782,SILVERM23JUN27210000CE,SILVERM,23JUN2027,21000000.000000,5,OPTFUT,MCX,50.000000,600,False
579785,SILVERM23JUN27207000CE,SILVERM,23JUN2027,20700000.000000,5,OPTFUT,MCX,50.000000,600,False
579804,SILVERM23JUN27258000CE,SILVERM,23JUN2027,25800000.000000,5,OPTFUT,MCX,50.000000,600,False
579825,SILVERM23JUN27279000CE,SILVERM,23JUN2027,27900000.000000,5,OPTFUT,MCX,50.000000,600,False
579837,SILVERM26MAY27237000PE,SILVERM,26MAY2027,23700000.000000,5,OPTFUT,MCX,50.000000,600,False
579845,SILVERM26MAY27229000PE,SILVERM,26MAY2027,22900000.000000,5,OPTFUT,MCX,50.000000,600,False
579856,SILVERM26MAY27218000PE,SILVERM,26MAY2027,21800000.000000,5,OPTFUT,MCX,50.000000,600,False
579877,SILVERM26MAY27249000PE,SILVERM,26MAY2027,24900000.000000,5,OPTFUT,MCX,50.000000,600,False
579892,SILVERM26MAY27264000PE,SILVERM,26MAY2027,26400000.000000,5,OPTFUT,MCX,50.000000,600,False
579895,SILVERM26MAY27267000PE,SILVERM,26MAY2027,26700000.000000,5,OPTFUT,MCX,50.000000,600,False
579905,SILVERM26MAY27277000PE,SILVERM,26MAY2027,27700000.000000,5,OPTFUT,MCX,50.000000,600,False
579907,SILVERM26MAY27279000PE,SILVERM,26MAY2027,27900000.000000,5,OPTFUT,MCX,50.000000,600,False
579908,SILVERM26MAY27280000PE,SILVERM,26MAY2027,28000000.000000,5,OPTFUT,MCX,50.000000,600,False
579920,SILVERM23JUN27234000PE,SILVERM,23JUN2027,23400000.000000,5,OPTFUT,MCX,50.000000,600,False
579927,SILVERM23JUN27227000PE,SILVERM,23JUN2027,22700000.000000,5,OPTFUT,MCX,50.000000,600,False
579931,SILVERM23JUN27223000PE,SILVERM,23JUN2027,22300000.000000,5,OPTFUT,MCX,50.000000,600,False
579932,SILVERM23JUN27222000PE,SILVERM,23JUN2027,22200000.000000,5,OPTFUT,MCX,50.000000,600,False
579941,SILVERM23JUN27213000PE,SILVERM,23JUN2027,21300000.000000,5,OPTFUT,MCX,50.000000,600,False
579948,SILVERM23JUN27206000PE,SILVERM,23JUN2027,20600000.000000,5,OPTFUT,MCX,50.000000,600,False
579957,SILVERM23JUN27249000PE,SILVERM,23JUN2027,24900000.000000,5,OPTFUT,MCX,50.000000,600,False
579959,SILVERM23JUN27251000PE,SILVERM,23JUN2027,25100000.000000,5,OPTFUT,MCX,50.000000,600,False
579962,SILVERM23JUN27254000PE,SILVERM,23JUN2027,25400000.000000,5,OPTFUT,MCX,50.000000,600,False
579966,SILVERM23JUN27258000PE,SILVERM,23JUN2027,25800000.000000,5,OPTFUT,MCX,50.000000,600,False
579967,SILVERM23JUN27259000PE,SILVERM,23JUN2027,25900000.000000,5,OPTFUT,MCX,50.000000,600,False
579969,SILVERM23JUN27261000PE,SILVERM,23JUN2027,26100000.000000,5,OPTFUT,MCX,50.000000,600,False
579986,SILVERM23JUN27278000PE,SILVERM,23JUN2027,27800000.000000,5,OPTFUT,MCX,50.000000,600,False
580002,GOLD30OCT26118500CE,GOLD,30OCT2026,11850000.000000,1,OPTFUT,MCX,50.000000,100,False
580011,GOLD27NOV26117500CE,GOLD,27NOV2026,11750000.000000,1,OPTFUT,MCX,50.000000,100,False
580018,GOLD31DEC26120000CE,GOLD,31DEC2026,12000000.000000,1,OPTFUT,MCX,50.000000,100,False
580026,GOLD29JAN27120500CE,GOLD,29JAN2027,12050000.000000,1,OPTFUT,MCX,50.000000,100,False
580029,GOLD29JAN27119000CE,GOLD,29JAN2027,11900000.000000,1,OPTFUT,MCX,50.000000,100,False
580041,GOLD26FEB27118500CE,GOLD,26FEB2027,11850000.000000,1,OPTFUT,MCX,50.000000,100,False
580049,GOLD29MAR27119500CE,GOLD,29MAR2027,11950000.000000,1,OPTFUT,MCX,50.000000,100,False
580087,GOLD30OCT26117000PE,GOLD,30OCT2026,11700000.000000,1,OPTFUT,MCX,50.000000,100,False
580097,GOLD31DEC26121500PE,GOLD,31DEC2026,12150000.000000,1,OPTFUT,MCX,50.000000,100,False
580098,GOLD31DEC26121000PE,GOLD,31DEC2026,12100000.000000,1,OPTFUT,MCX,50.000000,100,False
580101,GOLD31DEC26119500PE,GOLD,31DEC2026,11950000.000000,1,OPTFUT,MCX,50.000000,100,False
580117,GOLD26FEB27121500PE,GOLD,26FEB2027,12150000.000000,1,OPTFUT,MCX,50.000000,100,False
580119,GOLD26FEB27120500PE,GOLD,26FEB2027,12050000.000000,1,OPTFUT,MCX,50.000000,100,False
580,MCXNGASDEXCOM,MCXNGASDEX,,0.000000,1,COMDTY,MCX,1.000000,99999999,False
580003,GOLD30OCT26118000CE,GOLD,30OCT2026,11800000.000000,1,OPTFUT,MCX,50.000000,100,False
580004,GOLD30OCT26117500CE,GOLD,30OCT2026,11750000.000000,1,OPTFUT,MCX,50.000000,100,False
580010,GOLD27NOV26118000CE,GOLD,27NOV2026,11800000.000000,1,OPTFUT,MCX,50.000000,100,False
580016,GOLD31DEC26121000CE,GOLD,31DEC2026,12100000.000000,1,OPTFUT,MCX,50.000000,100,False
580019,GOLD31DEC26119500CE,GOLD,31DEC2026,11950000.000000,1,OPTFUT,MCX,50.000000,100,False
580027,GOLD29JAN27120000CE,GOLD,29JAN2027,12000000.000000,1,OPTFUT,MCX,50.000000,100,False
580030,GOLD29JAN27118500CE,GOLD,29JAN2027,11850000.000000,1,OPTFUT,MCX,50.000000,100,False
580033,GOLD26FEB27122500CE,GOLD,26FEB2027,12250000.000000,1,OPTFUT,MCX,50.000000,100,False
580037,GOLD26FEB27120500CE,GOLD,26FEB2027,12050000.000000,1,OPTFUT,MCX,50.000000,100,False
580046,GOLD29MAR27121000CE,GOLD,29MAR2027,12100000.000000,1,OPTFUT,MCX,50.000000,100,False
580048,GOLD29MAR27120000CE,GOLD,29MAR2027,12000000.000000,1,OPTFUT,MCX,50.000000,100,False
580055,GOLD30APR27123500CE,GOLD,30APR2027,12350000.000000,1,OPTFUT,MCX,50.000000,100,False
580056,GOLD30APR27123000CE,GOLD,30APR2027,12300000.000000,1,OPTFUT,MCX,50.000000,100,False
580058,GOLD30APR27122000CE,GOLD,30APR2027,12200000.000000,1,OPTFUT,MCX,50.000000,100,False
580059,GOLD30APR27121500CE,GOLD,30APR2027,12150000.000000,1,OPTFUT,MCX,50.000000,100,False
580063,GOLD30APR27119500CE,GOLD,30APR2027,11950000.000000,1,OPTFUT,MCX,50.000000,100,False
580071,GOLD28MAY27121500CE,GOLD,28MAY2027,12150000.000000,1,OPTFUT,MCX,50.000000,100,False
580091,GOLD27NOV26118500PE,GOLD,27NOV2026,11850000.000000,1,OPTFUT,MCX,50.000000,100,False
580092,GOLD27NOV26118000PE,GOLD,27NOV2026,11800000.000000,1,OPTFUT,MCX,50.000000,100,False
580130,GOLD29MAR27120000PE,GOLD,29MAR2027,12000000.000000,1,OPTFUT,MCX,50.000000,100,False
580135,GOLD30APR27124500PE,GOLD,30APR2027,12450000.000000,1,OPTFUT,MCX,50.000000,100,False
580139,GOLD30APR27122500PE,GOLD,30APR2027,12250000.000000,1,OPTFUT,MCX,50.000000,100,False
580143,GOLD30APR27120500PE,GOLD,30APR2027,12050000.000000,1,OPTFUT,MCX,50.000000,100,False
580145,GOLD30APR27119500PE,GOLD,30APR2027,11950000.000000,1,OPTFUT,MCX,50.000000,100,False
580152,GOLD28MAY27122000PE,GOLD,28MAY2027,12200000.000000,1,OPTFUT,MCX,50.000000,100,False
580153,GOLD28MAY27121500PE,GOLD,28MAY2027,12150000.000000,1,OPTFUT,MCX,50.000000,100,False
580161,GOLDM25SEP26116500CE,GOLDM,25SEP2026,11650000.000000,100,OPTFUT,MCX,50.000000,10000,False
580180,SILVER28JUN27195000CE,SILVER,28JUN2027,19500000.000000,30,OPTFUT,MCX,50.000000,600,False
580186,SILVER26MAY27198000PE,SILVER,26MAY2027,19800000.000000,30,OPTFUT,MCX,50.000000,600,False
580196,SILVERM24SEP26187000CE,SILVERM,24SEP2026,18700000.000000,5,OPTFUT,MCX,50.000000,600,False
580201,SILVERM23NOV26186000CE,SILVERM,23NOV2026,18600000.000000,5,OPTFUT,MCX,50.000000,600,False
580215,SILVERM26MAY27202000CE,SILVERM,26MAY2027,20200000.000000,5,OPTFUT,MCX,50.000000,600,False
580227,SILVERM28DEC26195000PE,SILVERM,28DEC2026,19500000.000000,5,OPTFUT,MCX,50.000000,600,False
580236,SILVERM25MAR27199000PE,SILVERM,25MAR2027,19900000.000000,5,OPTFUT,MCX,50.000000,600,False
580246,MCXBULLDEX28OCT26FUT,MCXBULLDEX,28OCT2026,0.000000,30,FUTIDX,MCX,100.000000,2400,False
580268,SILVER28APR27189000CE,SILVER,28APR2027,18900000.000000,30,OPTFUT,MCX,50.000000,600,False
580273,SILVER26MAY27191000CE,SILVER,26MAY2027,19100000.000000,30,OPTFUT,MCX,50.000000,600,False
580291,SILVER28APR27189000PE,SILVER,28APR2027,18900000.000000,30,OPTFUT,MCX,50.000000,600,False
580332,SILVERM23JUN27197000CE,SILVERM,23JUN2027,19700000.000000,5,OPTFUT,MCX,50.000000,600,False
580338,SILVERM28DEC26190000PE,SILVERM,28DEC2026,19000000.000000,5,OPTFUT,MCX,50.000000,600,False
580339,SILVERM25JAN27192000PE,SILVERM,25JAN2027,19200000.000000,5,OPTFUT,MCX,50.000000,600,False
580343,SILVERM19FEB27191000PE,SILVERM,19FEB2027,19100000.000000,5,OPTFUT,MCX,50.000000,600,False
580351,SILVERM23APR27196000PE,SILVERM,23APR2027,19600000.000000,5,OPTFUT,MCX,50.000000,600,False
580358,SILVERM26MAY27197000PE,SILVERM,26MAY2027,19700000.000000,5,OPTFUT,MCX,50.000000,600,False
580361,SILVERM23JUN27198000PE,SILVERM,23JUN2027,19800000.000000,5,OPTFUT,MCX,50.000000,600,False
580362,SILVERM23JUN27197000PE,SILVERM,23JUN2027,19700000.000000,5,OPTFUT,MCX,50.000000,600,False
580373,CRUDEOIL15OCT267750CE,CRUDEOIL,15OCT2026,775000.000000,100,OPTFUT,MCX,10.000000,10000,False
580380,CRUDEOIL15OCT267700CE,CRUDEOIL,15OCT2026,770000.000000,100,OPTFUT,MCX,10.000000,10000,False
580401,CRUDEOIL15OCT266650CE,CRUDEOIL,15OCT2026,665000.000000,100,OPTFUT,MCX,10.000000,10000,False
580414,CRUDEOIL15OCT266000CE,CRUDEOIL,15OCT2026,600000.000000,100,OPTFUT,MCX,10.000000,10000,False
580420,CRUDEOIL15OCT265700CE,CRUDEOIL,15OCT2026,570000.000000,100,OPTFUT,MCX,10.000000,10000,False
580421,CRUDEOIL15OCT265650CE,CRUDEOIL,15OCT2026,565000.000000,100,OPTFUT,MCX,10.000000,10000,False
580428,CRUDEOIL15OCT265300CE,CRUDEOIL,15OCT2026,530000.000000,100,OPTFUT,MCX,10.000000,10000,False
580441,CRUDEOIL15OCT264650CE,CRUDEOIL,15OCT2026,465000.000000,100,OPTFUT,MCX,10.000000,10000,False
580446,CRUDEOIL15OCT264400CE,CRUDEOIL,15OCT2026,440000.000000,100,OPTFUT,MCX,10.000000,10000,False
580449,CRUDEOIL15OCT264250CE,CRUDEOIL,15OCT2026,425000.000000,100,OPTFUT,MCX,10.000000,10000,False
580451,CRUDEOIL15OCT264150CE,CRUDEOIL,15OCT2026,415000.000000,100,OPTFUT,MCX,10.000000,10000,False
580465,CRUDEOIL15OCT268300CE,CRUDEOIL,15OCT2026,830000.000000,100,OPTFUT,MCX,10.000000,10000,False
580478,CRUDEOIL15OCT268950CE,CRUDEOIL,15OCT2026,895000.000000,100,OPTFUT,MCX,10.000000,10000,False
580479,CRUDEOIL15OCT269000CE,CRUDEOIL,15OCT2026,900000.000000,100,OPTFUT,MCX,10.000000,10000,False
580491,CRUDEOIL15OCT269600CE,CRUDEOIL,15OCT2026,960000.000000,100,OPTFUT,MCX,10.000000,10000,False
580494,CRUDEOIL15OCT269750CE,CRUDEOIL,15OCT2026,975000.000000,100,OPTFUT,MCX,10.000000,10000,False
580506,CRUDEOIL15OCT2610350CE,CRUDEOIL,15OCT2026,1035000.000000,100,OPTFUT,MCX,10.000000,10000,False
580507,CRUDEOIL15OCT2610400CE,CRUDEOIL,15OCT2026,1040000.000000,100,OPTFUT,MCX,10.000000,10000,False
580512,CRUDEOIL15OCT2610650CE,CRUDEOIL,15OCT2026,1065000.000000,100,OPTFUT,MCX,10.000000,10000,False
580522,CRUDEOIL15OCT2611150CE,CRUDEOIL,15OCT2026,1115000.000000,100,OPTFUT,MCX,10.000000,10000,False
580528,CRUDEOIL15OCT2611450CE,CRUDEOIL,15OCT2026,1145000.000000,100,OPTFUT,MCX,10.000000,10000,False
580537,CRUDEOIL15OCT267400PE,CRUDEOIL,15OCT2026,740000.000000,100,OPTFUT,MCX,10.000000,10000,False
580566,CRUDEOIL15OCT265950PE,CRUDEOIL,15OCT2026,595000.000000,100,OPTFUT,MCX,10.000000,10000,False
580576,CRUDEOIL15OCT265450PE,CRUDEOIL,15OCT2026,545000.000000,100,OPTFUT,MCX,10.000000,10000,False
580581,CRUDEOIL15OCT265200PE,CRUDEOIL,15OCT2026,520000.000000,100,OPTFUT,MCX,10.000000,10000,False
580583,CRUDEOIL15OCT265100PE,CRUDEOIL,15OCT2026,510000.000000,100,OPTFUT,MCX,10.000000,10000,False
580584,CRUDEOIL15OCT265050PE,CRUDEOIL,15OCT2026,505000.000000,100,OPTFUT,MCX,10.000000,10000,False
580585,CRUDEOIL15OCT265000PE,CRUDEOIL,15OCT2026,500000.000000,100,OPTFUT,MCX,10.000000,10000,False
580591,CRUDEOIL15OCT264700PE,CRUDEOIL,15OCT2026,470000.000000,100,OPTFUT,MCX,10.000000,10000,False
580627,CRUDEOIL15OCT268850PE,CRUDEOIL,15OCT2026,885000.000000,100,OPTFUT,MCX,10.000000,10000,False
580633,CRUDEOIL15OCT269150PE,CRUDEOIL,15OCT2026,915000.000000,100,OPTFUT,MCX,10.000000,10000,False
580661,CRUDEOIL15OCT2610550PE,CRUDEOIL,15OCT2026,1055000.000000,100,OPTFUT,MCX,10.000000,10000,False
580669,CRUDEOIL15OCT2610950PE,CRUDEOIL,15OCT2026,1095000.000000,100,OPTFUT,MCX,10.000000,10000,False
580685,CRUDEOILM15OCT267550CE,CRUDEOILM,15OCT2026,755000.000000,10,OPTFUT,MCX,5.000000,10000,False
580693,CRUDEOILM15OCT267150CE,CRUDEOILM,15OCT2026,715000.000000,10,OPTFUT,MCX,5.000000,10000,False
580702,CRUDEOILM15OCT266700CE,CRUDEOILM,15OCT2026,670000.000000,10,OPTFUT,MCX,5.000000,10000,False
580709,CRUDEOILM15OCT266350CE,CRUDEOILM,15OCT2026,635000.000000,10,OPTFUT,MCX,5.000000,10000,False
580710,CRUDEOILM15OCT266300CE,CRUDEOILM,15OCT2026,630000.000000,10,OPTFUT,MCX,5.000000,10000,False
580717,CRUDEOILM15OCT265950CE,CRUDEOILM,15OCT2026,595000.000000,10,OPTFUT,MCX,5.000000,10000,False
580728,CRUDEOILM15OCT265400CE,CRUDEOILM,15OCT2026,540000.000000,10,OPTFUT,MCX,5.000000,10000,False
580734,CRUDEOILM15OCT265100CE,CRUDEOILM,15OCT2026,510000.000000,10,OPTFUT,MCX,5.000000,10000,False
580740,CRUDEOILM15OCT264800CE,CRUDEOILM,15OCT2026,480000.000000,10,OPTFUT,MCX,5.000000,10000,False
580751,CRUDEOILM15OCT264250CE,CRUDEOILM,15OCT2026,425000.000000,10,OPTFUT,MCX,5.000000,10000,False
580754,CRUDEOILM15OCT264100CE,CRUDEOILM,15OCT2026,410000.000000,10,OPTFUT,MCX,5.000000,10000,False
580756,CRUDEOILM15OCT264000CE,CRUDEOILM,15OCT2026,400000.000000,10,OPTFUT,MCX,5.000000,10000,False
580757,CRUDEOILM15OCT267800CE,CRUDEOILM,15OCT2026,780000.000000,10,OPTFUT,MCX,5.000000,10000,False
580778,CRUDEOILM15OCT268850CE,CRUDEOILM,15OCT2026,885000.000000,10,OPTFUT,MCX,5.000000,10000,False
580780,CRUDEOILM15OCT268950CE,CRUDEOILM,15OCT2026,895000.000000,10,OPTFUT,MCX,5.000000,10000,False
580789,CRUDEOILM15OCT269400CE,CRUDEOILM,15OCT2026,940000.000000,10,OPTFUT,MCX,5.000000,10000,False
580794,CRUDEOILM15OCT269650CE,CRUDEOILM,15OCT2026,965000.000000,10,OPTFUT,MCX,5.000000,10000,False
580804,CRUDEOILM15OCT2610150CE,CRUDEOILM,15OCT2026,1015000.000000,10,OPTFUT,MCX,5.000000,10000,False
580811,CRUDEOILM15OCT2610500CE,CRUDEOILM,15OCT2026,1050000.000000,10,OPTFUT,MCX,5.000000,10000,False
580822,CRUDEOILM15OCT2611050CE,CRUDEOILM,15OCT2026,1105000.000000,10,OPTFUT,MCX,5.000000,10000,False
580824,CRUDEOILM15OCT2611150CE,CRUDEOILM,15OCT2026,1115000.000000,10,OPTFUT,MCX,5.000000,10000,False
580843,CRUDEOILM15OCT267200PE,CRUDEOILM,15OCT2026,720000.000000,10,OPTFUT,MCX,5.000000,10000,False
580847,CRUDEOILM15OCT267000PE,CRUDEOILM,15OCT2026,700000.000000,10,OPTFUT,MCX,5.000000,10000,False
580849,CRUDEOILM15OCT266900PE,CRUDEOILM,15OCT2026,690000.000000,10,OPTFUT,MCX,5.000000,10000,False
580859,CRUDEOILM15OCT266400PE,CRUDEOILM,15OCT2026,640000.000000,10,OPTFUT,MCX,5.000000,10000,False
580874,CRUDEOILM15OCT265650PE,CRUDEOILM,15OCT2026,565000.000000,10,OPTFUT,MCX,5.000000,10000,False
580885,CRUDEOILM15OCT265100PE,CRUDEOILM,15OCT2026,510000.000000,10,OPTFUT,MCX,5.000000,10000,False
580888,CRUDEOILM15OCT264950PE,CRUDEOILM,15OCT2026,495000.000000,10,OPTFUT,MCX,5.000000,10000,False
580905,CRUDEOILM15OCT264100PE,CRUDEOILM,15OCT2026,410000.000000,10,OPTFUT,MCX,5.000000,10000,False
580907,CRUDEOILM15OCT264000PE,CRUDEOILM,15OCT2026,400000.000000,10,OPTFUT,MCX,5.000000,10000,False
580908,CRUDEOILM15OCT267800PE,CRUDEOILM,15OCT2026,780000.000000,10,OPTFUT,MCX,5.000000,10000,False
580917,CRUDEOILM15OCT268250PE,CRUDEOILM,15OCT2026,825000.000000,10,OPTFUT,MCX,5.000000,10000,False
580921,CRUDEOILM15OCT268450PE,CRUDEOILM,15OCT2026,845000.000000,10,OPTFUT,MCX,5.000000,10000,False
580923,CRUDEOILM15OCT268550PE,CRUDEOILM,15OCT2026,855000.000000,10,OPTFUT,MCX,5.000000,10000,False
580931,CRUDEOILM15OCT268950PE,CRUDEOILM,15OCT2026,895000.000000,10,OPTFUT,MCX,5.000000,10000,False
580942,CRUDEOILM15OCT269500PE,CRUDEOILM,15OCT2026,950000.000000,10,OPTFUT,MCX,5.000000,10000,False
580951,CRUDEOILM15OCT269950PE,CRUDEOILM,15OCT2026,995000.000000,10,OPTFUT,MCX,5.000000,10000,False
580952,CRUDEOILM15OCT2610000PE,CRUDEOILM,15OCT2026,1000000.000000,10,OPTFUT,MCX,5.000000,10000,False
580953,CRUDEOILM15OCT2610050PE,CRUDEOILM,15OCT2026,1005000.000000,10,OPTFUT,MCX,5.000000,10000,False
580957,CRUDEOILM15OCT2610250PE,CRUDEOILM,15OCT2026,1025000.000000,10,OPTFUT,MCX,5.000000,10000,False
580960,CRUDEOILM15OCT2610400PE,CRUDEOILM,15OCT2026,1040000.000000,10,OPTFUT,MCX,5.000000,10000,False
580979,CRUDEOILM15OCT2611350PE,CRUDEOILM,15OCT2026,1135000.000000,10,OPTFUT,MCX,5.000000,10000,False
580988,CRUDEOIL17SEP2611700CE,CRUDEOIL,17SEP2026,1170000.000000,100,OPTFUT,MCX,10.000000,10000,False
580990,CRUDEOIL15OCT2611550CE,CRUDEOIL,15OCT2026,1155000.000000,100,OPTFUT,MCX,10.000000,10000,False
580993,CRUDEOIL17SEP2611700PE,CRUDEOIL,17SEP2026,1170000.000000,100,OPTFUT,MCX,10.000000,10000,False
581003,CRUDEOILM17SEP2611750PE,CRUDEOILM,17SEP2026,1175000.000000,10,OPTFUT,MCX,5.000000,10000,False
581006,CRUDEOIL17SEP2611850CE,CRUDEOIL,17SEP2026,1185000.000000,100,OPTFUT,MCX,10.000000,10000,False
581009,CRUDEOIL17SEP2611800PE,CRUDEOIL,17SEP2026,1180000.000000,100,OPTFUT,MCX,10.000000,10000,False
581017,SILVERM26MAY27284000CE,SILVERM,26MAY2027,28400000.000000,5,OPTFUT,MCX,50.000000,600,False
581051,CRUDEOIL15OCT2611750CE,CRUDEOIL,15OCT2026,1175000.000000,100,OPTFUT,MCX,10.000000,10000,False
581057,CRUDEOIL17SEP2611950PE,CRUDEOIL,17SEP2026,1195000.000000,100,OPTFUT,MCX,10.000000,10000,False
581062,CRUDEOIL17SEP2612200PE,CRUDEOIL,17SEP2026,1220000.000000,100,OPTFUT,MCX,10.000000,10000,False
581065,CRUDEOIL17SEP2612350PE,CRUDEOIL,17SEP2026,1235000.000000,100,OPTFUT,MCX,10.000000,10000,False
581076,CRUDEOILM17SEP2612000CE,CRUDEOILM,17SEP2026,1200000.000000,10,OPTFUT,MCX,5.000000,10000,False
581088,CRUDEOILM15OCT2611900CE,CRUDEOILM,15OCT2026,1190000.000000,10,OPTFUT,MCX,5.000000,10000,False
581110,CRUDEOIL15OCT263800CE,CRUDEOIL,15OCT2026,380000.000000,100,OPTFUT,MCX,10.000000,10000,False
581111,CRUDEOIL15OCT263950PE,CRUDEOIL,15OCT2026,395000.000000,100,OPTFUT,MCX,10.000000,10000,False
581120,CRUDEOILM15OCT263900CE,CRUDEOILM,15OCT2026,390000.000000,10,OPTFUT,MCX,5.000000,10000,False
581163,NATURALGAS23OCT26225CE,NATURALGAS,23OCT2026,22500.000000,1250,OPTFUT,MCX,5.000000,60000,False
581165,NATURALGAS23OCT26215CE,NATURALGAS,23OCT2026,21500.000000,1250,OPTFUT,MCX,5.000000,60000,False
581167,NATURALGAS23OCT26205CE,NATURALGAS,23OCT2026,20500.000000,1250,OPTFUT,MCX,5.000000,60000,False
581174,NATURALGAS23OCT26170CE,NATURALGAS,23OCT2026,17000.000000,1250,OPTFUT,MCX,5.000000,60000,False
581178,NATURALGAS23OCT26150CE,NATURALGAS,23OCT2026,15000.000000,1250,OPTFUT,MCX,5.000000,60000,False
581182,NATURALGAS23OCT26130CE,NATURALGAS,23OCT2026,13000.000000,1250,OPTFUT,MCX,5.000000,60000,False
581206,NATURALGAS23OCT26370CE,NATURALGAS,23OCT2026,37000.000000,1250,OPTFUT,MCX,5.000000,60000,False
581215,NATURALGAS23OCT26415CE,NATURALGAS,23OCT2026,41500.000000,1250,OPTFUT,MCX,5.000000,60000,False
581216,NATURALGAS23OCT26420CE,NATURALGAS,23OCT2026,42000.000000,1250,OPTFUT,MCX,5.000000,60000,False
581222,NATURALGAS23OCT26450CE,NATURALGAS,23OCT2026,45000.000000,1250,OPTFUT,MCX,5.000000,60000,False
581230,NATURALGAS23OCT26490CE,NATURALGAS,23OCT2026,49000.000000,1250,OPTFUT,MCX,5.000000,60000,False
581234,NATURALGAS23SEP2665PE,NATURALGAS,23SEP2026,6500.000000,1250,OPTFUT,MCX,5.000000,60000,False
581253,NATURALGAS23OCT26195PE,NATURALGAS,23OCT2026,19500.000000,1250,OPTFUT,MCX,5.000000,60000,False
581265,NATURALGAS23OCT26135PE,NATURALGAS,23OCT2026,13500.000000,1250,OPTFUT,MCX,5.000000,60000,False
581267,NATURALGAS23OCT26125PE,NATURALGAS,23OCT2026,12500.000000,1250,OPTFUT,MCX,5.000000,60000,False
581269,NATURALGAS23OCT26115PE,NATURALGAS,23OCT2026,11500.000000,1250,OPTFUT,MCX,5.000000,60000,False
581270,NATURALGAS23OCT26110PE,NATURALGAS,23OCT2026,11000.000000,1250,OPTFUT,MCX,5.000000,60000,False
581287,NATURALGAS23OCT26355PE,NATURALGAS,23OCT2026,35500.000000,1250,OPTFUT,MCX,5.000000,60000,False
581299,NATURALGAS23OCT26415PE,NATURALGAS,23OCT2026,41500.000000,1250,OPTFUT,MCX,5.000000,60000,False
581304,NATURALGAS23OCT26440PE,NATURALGAS,23OCT2026,44000.000000,1250,OPTFUT,MCX,5.000000,60000,False
581312,NATURALGAS23OCT26480PE,NATURALGAS,23OCT2026,48000.000000,1250,OPTFUT,MCX,5.000000,60000,False
581321,SILVER28APR27186000CE,SILVER,28APR2027,18600000.000000,30,OPTFUT,MCX,50.000000,600,False
581343,SILVERM23NOV26183000CE,SILVERM,23NOV2026,18300000.000000,5,OPTFUT,MCX,50.000000,600,False
581361,SILVERM25JAN27189000PE,SILVERM,25JAN2027,18900000.000000,5,OPTFUT,MCX,50.000000,600,False
581393,NATGASMINI23OCT26245CE,NATGASMINI,23OCT2026,24500.000000,250,OPTFUT,MCX,5.000000,60000,False
581394,NATGASMINI23OCT26240CE,NATGASMINI,23OCT2026,24000.000000,250,OPTFUT,MCX,5.000000,60000,False
581402,NATGASMINI23OCT26200CE,NATGASMINI,23OCT2026,20000.000000,250,OPTFUT,MCX,5.000000,60000,False
581405,NATGASMINI23OCT26185CE,NATGASMINI,23OCT2026,18500.000000,250,OPTFUT,MCX,5.000000,60000,False
581408,NATGASMINI23OCT26170CE,NATGASMINI,23OCT2026,17000.000000,250,OPTFUT,MCX,5.000000,60000,False
581410,NATGASMINI23OCT26160CE,NATGASMINI,23OCT2026,16000.000000,250,OPTFUT,MCX,5.000000,60000,False
581422,NATGASMINI23OCT26100CE,NATGASMINI,23OCT2026,10000.000000,250,OPTFUT,MCX,5.000000,60000,False
581425,NATGASMINI23OCT26295CE,NATGASMINI,23OCT2026,29500.000000,250,OPTFUT,MCX,5.000000,60000,False
581437,NATGASMINI23OCT26355CE,NATGASMINI,23OCT2026,35500.000000,250,OPTFUT,MCX,5.000000,60000,False
581440,NATGASMINI23OCT26370CE,NATGASMINI,23OCT2026,37000.000000,250,OPTFUT,MCX,5.000000,60000,False
581446,NATGASMINI23OCT26400CE,NATGASMINI,23OCT2026,40000.000000,250,OPTFUT,MCX,5.000000,60000,False
581457,NATGASMINI23OCT26455CE,NATGASMINI,23OCT2026,45500.000000,250,OPTFUT,MCX,5.000000,60000,False
581467,NATGASMINI23SEP2670PE,NATGASMINI,23SEP2026,7000.000000,250,OPTFUT,MCX,5.000000,60000,False
581489,NATGASMINI23OCT26185PE,NATGASMINI,23OCT2026,18500.000000,250,OPTFUT,MCX,5.000000,60000,False
581494,NATGASMINI23OCT26160PE,NATGASMINI,23OCT2026,16000.000000,250,OPTFUT,MCX,5.000000,60000,False
581501,NATGASMINI23OCT26125PE,NATGASMINI,23OCT2026,12500.000000,250,OPTFUT,MCX,5.000000,60000,False
581514,NATGASMINI23OCT26320PE,NATGASMINI,23OCT2026,32000.000000,250,OPTFUT,MCX,5.000000,60000,False
581531,NATGASMINI23OCT26405PE,NATGASMINI,23OCT2026,40500.000000,250,OPTFUT,MCX,5.000000,60000,False
581539,NATGASMINI23OCT26445PE,NATGASMINI,23OCT2026,44500.000000,250,OPTFUT,MCX,5.000000,60000,False
581546,NATGASMINI23OCT26480PE,NATGASMINI,23OCT2026,48000.000000,250,OPTFUT,MCX,5.000000,60000,False
581554,NATGASMINI23OCT26495PE,NATGASMINI,23OCT2026,49500.000000,250,OPTFUT,MCX,5.000000,60000,False
581564,MCXBULLDEX28OCT2631800CE,MCXBULLDEX,28OCT2026,3180000.000000,30,OPTIDX,MCX,5.000000,900,False
581571,MCXBULLDEX28OCT2631100CE,MCXBULLDEX,28OCT2026,3110000.000000,30,OPTIDX,MCX,5.000000,900,False
581572,MCXBULLDEX28OCT2631000CE,MCXBULLDEX,28OCT2026,3100000.000000,30,OPTIDX,MCX,5.000000,900,False
581581,MCXBULLDEX28OCT2630100CE,MCXBULLDEX,28OCT2026,3010000.000000,30,OPTIDX,MCX,5.000000,900,False
581583,MCXBULLDEX28OCT2629900CE,MCXBULLDEX,28OCT2026,2990000.000000,30,OPTIDX,MCX,5.000000,900,False
581591,MCXBULLDEX28OCT2633000CE,MCXBULLDEX,28OCT2026,3300000.000000,30,OPTIDX,MCX,5.000000,900,False
581595,MCXBULLDEX28OCT2633400CE,MCXBULLDEX,28OCT2026,3340000.000000,30,OPTIDX,MCX,5.000000,900,False
581597,MCXBULLDEX28OCT2633600CE,MCXBULLDEX,28OCT2026,3360000.000000,30,OPTIDX,MCX,5.000000,900,False
581598,MCXBULLDEX28OCT2633700CE,MCXBULLDEX,28OCT2026,3370000.000000,30,OPTIDX,MCX,5.000000,900,False
581602,MCXBULLDEX28OCT2634100CE,MCXBULLDEX,28OCT2026,3410000.000000,30,OPTIDX,MCX,5.000000,900,False
581612,MCXBULLDEX28OCT2635100CE,MCXBULLDEX,28OCT2026,3510000.000000,30,OPTIDX,MCX,5.000000,900,False
581620,MCXBULLDEX28OCT2635900CE,MCXBULLDEX,28OCT2026,3590000.000000,30,OPTIDX,MCX,5.000000,900,False
581631,MCXBULLDEX28OCT2632100PE,MCXBULLDEX,28OCT2026,3210000.000000,30,OPTIDX,MCX,5.000000,900,False
581643,MCXBULLDEX28OCT2630900PE,MCXBULLDEX,28OCT2026,3090000.000000,30,OPTIDX,MCX,5.000000,900,False
581657,MCXBULLDEX28OCT2629500PE,MCXBULLDEX,28OCT2026,2950000.000000,30,OPTIDX,MCX,5.000000,900,False
581684,MCXBULLDEX28OCT2635300PE,MCXBULLDEX,28OCT2026,3530000.000000,30,OPTIDX,MCX,5.000000,900,False
581685,MCXBULLDEX28OCT2635400PE,MCXBULLDEX,28OCT2026,3540000.000000,30,OPTIDX,MCX,5.000000,900,False
581688,MCXBULLDEX28OCT2635700PE,MCXBULLDEX,28OCT2026,3570000.000000,30,OPTIDX,MCX,5.000000,900,False
581703,ZINC23NOV26370CE,ZINC,23NOV2026,37000.000000,5,OPTFUT,MCX,1.000000,100,False
581713,COTTON26FEB27FUT,COTTON,26FEB2027,0.000000,25,FUTCOM,MCX,1000.000000,1200,False
581717,COTTONOIL30NOV26FUT,COTTONOIL,30NOV2026,0.000000,5,FUTCOM,MCX,10.000000,400,False
581729,COPPER23NOV261300CE,COPPER,23NOV2026,130000.000000,2500,OPTFUT,MCX,1.000000,70000,False
581741,COPPER23NOV261390CE,COPPER,23NOV2026,139000.000000,2500,OPTFUT,MCX,1.000000,70000,False
581744,COPPER23NOV261420CE,COPPER,23NOV2026,142000.000000,2500,OPTFUT,MCX,1.000000,70000,False
581760,COPPER23NOV261290PE,COPPER,23NOV2026,129000.000000,2500,OPTFUT,MCX,1.000000,70000,False
581765,COPPER23NOV261240PE,COPPER,23NOV2026,124000.000000,2500,OPTFUT,MCX,1.000000,70000,False
581767,COPPER23NOV261220PE,COPPER,23NOV2026,122000.000000,2500,OPTFUT,MCX,1.000000,70000,False
581790,ZINC23NOV26350CE,ZINC,23NOV2026,35000.000000,5,OPTFUT,MCX,1.000000,100,False
581792,ZINC23NOV26340CE,ZINC,23NOV2026,34000.000000,5,OPTFUT,MCX,1.000000,100,False
581799,ZINC23NOV26385CE,ZINC,23NOV2026,38500.000000,5,OPTFUT,MCX,1.000000,100,False
581803,ZINC23NOV26405CE,ZINC,23NOV2026,40500.000000,5,OPTFUT,MCX,1.000000,100,False
581808,ZINC23SEP26430PE,ZINC,23SEP2026,43000.000000,5,OPTFUT,MCX,1.000000,100,False
581809,ZINC23OCT26430PE,ZINC,23OCT2026,43000.000000,5,OPTFUT,MCX,1.000000,100,False
581811,ZINC23NOV26360PE,ZINC,23NOV2026,36000.000000,5,OPTFUT,MCX,1.000000,100,False
581816,ZINC23NOV26335PE,ZINC,23NOV2026,33500.000000,5,OPTFUT,MCX,1.000000,100,False
581817,ZINC23NOV26330PE,ZINC,23NOV2026,33000.000000,5,OPTFUT,MCX,1.000000,100,False
581827,ZINC23NOV26410PE,ZINC,23NOV2026,41000.000000,5,OPTFUT,MCX,1.000000,100,False
581831,COPPER23NOV261520PE,COPPER,23NOV2026,152000.000000,2500,OPTFUT,MCX,1.000000,70000,False
581836,COPPER23NOV261530CE,COPPER,23NOV2026,153000.000000,2500,OPTFUT,MCX,1.000000,70000,False
581837,COPPER23NOV261540CE,COPPER,23NOV2026,154000.000000,2500,OPTFUT,MCX,1.000000,70000,False
581839,COPPER23NOV261540PE,COPPER,23NOV2026,154000.000000,2500,OPTFUT,MCX,1.000000,70000,False
581848,CRUDEOIL15OCT263400PE,CRUDEOIL,15OCT2026,340000.000000,100,OPTFUT,MCX,10.000000,10000,False
581856,NATURALGAS23SEP2660PE,NATURALGAS,23SEP2026,6000.000000,1250,OPTFUT,MCX,5.000000,60000,False
581858,ZINC23SEP26435CE,ZINC,23SEP2026,43500.000000,5,OPTFUT,MCX,1.000000,100,False
581876,NATGASMINI23OCT2685CE,NATGASMINI,23OCT2026,8500.000000,250,OPTFUT,MCX,5.000000,60000,False
581884,COPPER23OCT261540PE,COPPER,23OCT2026,154000.000000,2500,OPTFUT,MCX,1.000000,70000,False
581890,GOLDM29OCT26147000CE,GOLDM,29OCT2026,14700000.000000,100,OPTFUT,MCX,50.000000,10000,False
581899,GOLDM29OCT26142500CE,GOLDM,29OCT2026,14250000.000000,100,OPTFUT,MCX,50.000000,10000,False
581903,GOLDM29OCT26140500CE,GOLDM,29OCT2026,14050000.000000,100,OPTFUT,MCX,50.000000,10000,False
581918,GOLDM29OCT26133000CE,GOLDM,29OCT2026,13300000.000000,100,OPTFUT,MCX,50.000000,10000,False
581920,GOLDM29OCT26132000CE,GOLDM,29OCT2026,13200000.000000,100,OPTFUT,MCX,50.000000,10000,False
581945,GOLDM29OCT26153500CE,GOLDM,29OCT2026,15350000.000000,100,OPTFUT,MCX,50.000000,10000,False
581946,GOLDM29OCT26154000CE,GOLDM,29OCT2026,15400000.000000,100,OPTFUT,MCX,50.000000,10000,False
581967,GOLDM29OCT26164500CE,GOLDM,29OCT2026,16450000.000000,100,OPTFUT,MCX,50.000000,10000,False
581971,GOLDM29OCT26166500CE,GOLDM,29OCT2026,16650000.000000,100,OPTFUT,MCX,50.000000,10000,False
581974,GOLDM29OCT26168000CE,GOLDM,29OCT2026,16800000.000000,100,OPTFUT,MCX,50.000000,10000,False
581992,GOLDM29OCT26146000PE,GOLDM,29OCT2026,14600000.000000,100,OPTFUT,MCX,50.000000,10000,False
581998,GOLDM29OCT26143000PE,GOLDM,29OCT2026,14300000.000000,100,OPTFUT,MCX,50.000000,10000,False
582020,GOLDM29OCT26132000PE,GOLDM,29OCT2026,13200000.000000,100,OPTFUT,MCX,50.000000,10000,False
582043,GOLDM29OCT26152500PE,GOLDM,29OCT2026,15250000.000000,100,OPTFUT,MCX,50.000000,10000,False
582054,GOLDM29OCT26158000PE,GOLDM,29OCT2026,15800000.000000,100,OPTFUT,MCX,50.000000,10000,False
582059,GOLDM29OCT26160500PE,GOLDM,29OCT2026,16050000.000000,100,OPTFUT,MCX,50.000000,10000,False
582066,GOLDM29OCT26164000PE,GOLDM,29OCT2026,16400000.000000,100,OPTFUT,MCX,50.000000,10000,False
582072,GOLDM29OCT26167000PE,GOLDM,29OCT2026,16700000.000000,100,OPTFUT,MCX,50.000000,10000,False
582079,GOLDM29OCT26170500PE,GOLDM,29OCT2026,17050000.000000,100,OPTFUT,MCX,50.000000,10000,False
582083,GOLDM29OCT26172500PE,GOLDM,29OCT2026,17250000.000000,100,OPTFUT,MCX,50.000000,10000,False
582084,GOLDM29OCT26173000PE,GOLDM,29OCT2026,17300000.000000,100,OPTFUT,MCX,50.000000,10000,False
582088,SILVER28JUN27281000CE,SILVER,28JUN2027,28100000.000000,30,OPTFUT,MCX,50.000000,600,False
582096,MCXBULLDEX28OCT2636800CE,MCXBULLDEX,28OCT2026,3680000.000000,30,OPTIDX,MCX,5.000000,900,False
582101,MCXBULLDEX28OCT2637300CE,MCXBULLDEX,28OCT2026,3730000.000000,30,OPTIDX,MCX,5.000000,900,False
582102,MCXBULLDEX28OCT2637400CE,MCXBULLDEX,28OCT2026,3740000.000000,30,OPTIDX,MCX,5.000000,900,False
582108,MCXBULLDEX28OCT2637100PE,MCXBULLDEX,28OCT2026,3710000.000000,30,OPTIDX,MCX,5.000000,900,False
582111,MCXBULLDEX28OCT2637400PE,MCXBULLDEX,28OCT2026,3740000.000000,30,OPTIDX,MCX,5.000000,900,False
582116,GOLDM29OCT26174500PE,GOLDM,29OCT2026,17450000.000000,100,OPTFUT,MCX,50.000000,10000,False
582118,NATURALGAS23OCT2680PE,NATURALGAS,23OCT2026,8000.000000,1250,OPTFUT,MCX,5.000000,60000,False
582139,GOLDM25SEP26176000CE,GOLDM,25SEP2026,17600000.000000,100,OPTFUT,MCX,50.000000,10000,False
582142,GOLDM29OCT26175500CE,GOLDM,29OCT2026,17550000.000000,100,OPTFUT,MCX,50.000000,10000,False
582155,SILVER26MAY27282000CE,SILVER,26MAY2027,28200000.000000,30,OPTFUT,MCX,50.000000,600,False
582159,SILVER26MAY27286000CE,SILVER,26MAY2027,28600000.000000,30,OPTFUT,MCX,50.000000,600,False
582180,SILVER28JUN27286000PE,SILVER,28JUN2027,28600000.000000,30,OPTFUT,MCX,50.000000,600,False
582186,SILVERM23JUN27291000CE,SILVERM,23JUN2027,29100000.000000,5,OPTFUT,MCX,50.000000,600,False
582198,MCXBULLDEX28OCT2638000CE,MCXBULLDEX,28OCT2026,3800000.000000,30,OPTIDX,MCX,5.000000,900,False
582199,MCXBULLDEX28OCT2638100CE,MCXBULLDEX,28OCT2026,3810000.000000,30,OPTIDX,MCX,5.000000,900,False
582232,GOLDM25SEP26177500PE,GOLDM,25SEP2026,17750000.000000,100,OPTFUT,MCX,50.000000,10000,False
582273,SILVERM23JUN27297000CE,SILVERM,23JUN2027,29700000.000000,5,OPTFUT,MCX,50.000000,600,False
582291,MCXBULLDEX25SEP2638600CE,MCXBULLDEX,25SEP2026,3860000.000000,30,OPTIDX,MCX,5.000000,900,False
582293,MCXBULLDEX28OCT2638400CE,MCXBULLDEX,28OCT2026,3840000.000000,30,OPTIDX,MCX,5.000000,900,False
582308,GOLDM29OCT26179500PE,GOLDM,29OCT2026,17950000.000000,100,OPTFUT,MCX,50.000000,10000,False
582315,SILVERM23JUN27299000PE,SILVERM,23JUN2027,29900000.000000,5,OPTFUT,MCX,50.000000,600,False
582319,GOLDM25SEP26180000CE,GOLDM,25SEP2026,18000000.000000,100,OPTFUT,MCX,50.000000,10000,False
582334,SILVER28JUN27295000CE,SILVER,28JUN2027,29500000.000000,30,OPTFUT,MCX,50.000000,600,False
582338,SILVER26MAY27296000PE,SILVER,26MAY2027,29600000.000000,30,OPTFUT,MCX,50.000000,600,False
582364,MCXBULLDEX28OCT2639000PE,MCXBULLDEX,28OCT2026,3900000.000000,30,OPTIDX,MCX,5.000000,900,False
582367,GOLD30JUN27160500PE,GOLD,30JUN2027,16050000.000000,1,OPTFUT,MCX,50.000000,100,False
582372,GOLD30JUN27159500CE,GOLD,30JUN2027,15950000.000000,1,OPTFUT,MCX,50.000000,100,False
582389,GOLD30JUN27151000CE,GOLD,30JUN2027,15100000.000000,1,OPTFUT,MCX,50.000000,100,False
582394,GOLD30JUN27148500CE,GOLD,30JUN2027,14850000.000000,1,OPTFUT,MCX,50.000000,100,False
582422,GOLD30JUN27161500CE,GOLD,30JUN2027,16150000.000000,1,OPTFUT,MCX,50.000000,100,False
582431,GOLD30JUN27166000CE,GOLD,30JUN2027,16600000.000000,1,OPTFUT,MCX,50.000000,100,False
582435,GOLD30JUN27168000CE,GOLD,30JUN2027,16800000.000000,1,OPTFUT,MCX,50.000000,100,False
582436,GOLD30JUN27168500CE,GOLD,30JUN2027,16850000.000000,1,OPTFUT,MCX,50.000000,100,False
582452,GOLD30JUN27176500CE,GOLD,30JUN2027,17650000.000000,1,OPTFUT,MCX,50.000000,100,False
582461,GOLD30JUN27181000CE,GOLD,30JUN2027,18100000.000000,1,OPTFUT,MCX,50.000000,100,False
582474,GOLD29JUL27158500CE,GOLD,29JUL2027,15850000.000000,1,OPTFUT,MCX,50.000000,100,False
582478,GOLD29JUL27156500CE,GOLD,29JUL2027,15650000.000000,1,OPTFUT,MCX,50.000000,100,False
582479,GOLD29JUL27156000CE,GOLD,29JUL2027,15600000.000000,1,OPTFUT,MCX,50.000000,100,False
582481,GOLD29JUL27155000CE,GOLD,29JUL2027,15500000.000000,1,OPTFUT,MCX,50.000000,100,False
582485,GOLD29JUL27153000CE,GOLD,29JUL2027,15300000.000000,1,OPTFUT,MCX,50.000000,100,False
582494,GOLD29JUL27148500CE,GOLD,29JUL2027,14850000.000000,1,OPTFUT,MCX,50.000000,100,False
582499,GOLD29JUL27146000CE,GOLD,29JUL2027,14600000.000000,1,OPTFUT,MCX,50.000000,100,False
582523,GOLD29JUL27162000CE,GOLD,29JUL2027,16200000.000000,1,OPTFUT,MCX,50.000000,100,False
582510,GOLD29JUL27140500CE,GOLD,29JUL2027,14050000.000000,1,OPTFUT,MCX,50.000000,100,False
582512,GOLD29JUL27139500CE,GOLD,29JUL2027,13950000.000000,1,OPTFUT,MCX,50.000000,100,False
582530,GOLD29JUL27165500CE,GOLD,29JUL2027,16550000.000000,1,OPTFUT,MCX,50.000000,100,False
582536,GOLD29JUL27168500CE,GOLD,29JUL2027,16850000.000000,1,OPTFUT,MCX,50.000000,100,False
582563,GOLD29JUL27182000CE,GOLD,29JUL2027,18200000.000000,1,OPTFUT,MCX,50.000000,100,False
582567,GOLD29JUL27184000CE,GOLD,29JUL2027,18400000.000000,1,OPTFUT,MCX,50.000000,100,False
582579,GOLD30JUN27156000PE,GOLD,30JUN2027,15600000.000000,1,OPTFUT,MCX,50.000000,100,False
582596,GOLD30JUN27147500PE,GOLD,30JUN2027,14750000.000000,1,OPTFUT,MCX,50.000000,100,False
582603,GOLD30JUN27144000PE,GOLD,30JUN2027,14400000.000000,1,OPTFUT,MCX,50.000000,100,False
582618,GOLD30JUN27136500PE,GOLD,30JUN2027,13650000.000000,1,OPTFUT,MCX,50.000000,100,False
582640,GOLD30JUN27170500PE,GOLD,30JUN2027,17050000.000000,1,OPTFUT,MCX,50.000000,100,False
582648,GOLD30JUN27174500PE,GOLD,30JUN2027,17450000.000000,1,OPTFUT,MCX,50.000000,100,False
582661,GOLD30JUN27181000PE,GOLD,30JUN2027,18100000.000000,1,OPTFUT,MCX,50.000000,100,False
582667,GOLD30JUN27184000PE,GOLD,30JUN2027,18400000.000000,1,OPTFUT,MCX,50.000000,100,False
582669,GOLD30JUN27185000PE,GOLD,30JUN2027,18500000.000000,1,OPTFUT,MCX,50.000000,100,False
582675,GOLD29JUL27158000PE,GOLD,29JUL2027,15800000.000000,1,OPTFUT,MCX,50.000000,100,False
582689,GOLD29JUL27151000PE,GOLD,29JUL2027,15100000.000000,1,OPTFUT,MCX,50.000000,100,False
582693,GOLD29JUL27149000PE,GOLD,29JUL2027,14900000.000000,1,OPTFUT,MCX,50.000000,100,False
582704,GOLD29JUL27143500PE,GOLD,29JUL2027,14350000.000000,1,OPTFUT,MCX,50.000000,100,False
582731,GOLD29JUL27166000PE,GOLD,29JUL2027,16600000.000000,1,OPTFUT,MCX,50.000000,100,False
582766,GOLD29JUL27183500PE,GOLD,29JUL2027,18350000.000000,1,OPTFUT,MCX,50.000000,100,False
582768,GOLD29JUL27184500PE,GOLD,29JUL2027,18450000.000000,1,OPTFUT,MCX,50.000000,100,False
582769,GOLD29JUL27185000PE,GOLD,29JUL2027,18500000.000000,1,OPTFUT,MCX,50.000000,100,False
582770,GOLD29JUL27185500PE,GOLD,29JUL2027,18550000.000000,1,OPTFUT,MCX,50.000000,100,False
582794,GOLD30JUN27186500PE,GOLD,30JUN2027,18650000.000000,1,OPTFUT,MCX,50.000000,100,False
582798,GOLD30JUN27188500PE,GOLD,30JUN2027,18850000.000000,1,OPTFUT,MCX,50.000000,100,False
582803,GOLD29JUL27187000PE,GOLD,29JUL2027,18700000.000000,1,OPTFUT,MCX,50.000000,100,False
582804,GOLD29JUL27187500PE,GOLD,29JUL2027,18750000.000000,1,OPTFUT,MCX,50.000000,100,False
582819,MCXBULLDEX25SEP2639100CE,MCXBULLDEX,25SEP2026,3910000.000000,30,OPTIDX,MCX,5.000000,900,False
582820,MCXBULLDEX25SEP2639200CE,MCXBULLDEX,25SEP2026,3920000.000000,30,OPTIDX,MCX,5.000000,900,False
582823,MCXBULLDEX25SEP2639100PE,MCXBULLDEX,25SEP2026,3910000.000000,30,OPTIDX,MCX,5.000000,900,False
582825,MCXBULLDEX28OCT2639100PE,MCXBULLDEX,28OCT2026,3910000.000000,30,OPTIDX,MCX,5.000000,900,False
582826,MCXBULLDEX28OCT2639200PE,MCXBULLDEX,28OCT2026,3920000.000000,30,OPTIDX,MCX,5.000000,900,False
582834,CRUDEOIL17NOV267850CE,CRUDEOIL,17NOV2026,785000.000000,100,OPTFUT,MCX,10.000000,10000,False
582842,CRUDEOIL17NOV267450CE,CRUDEOIL,17NOV2026,745000.000000,100,OPTFUT,MCX,10.000000,10000,False
582845,CRUDEOIL17NOV267300CE,CRUDEOIL,17NOV2026,730000.000000,100,OPTFUT,MCX,10.000000,10000,False
582846,CRUDEOIL17NOV267250CE,CRUDEOIL,17NOV2026,725000.000000,100,OPTFUT,MCX,10.000000,10000,False
582856,CRUDEOIL17NOV266750CE,CRUDEOIL,17NOV2026,675000.000000,100,OPTFUT,MCX,10.000000,10000,False
582863,CRUDEOIL17NOV266400CE,CRUDEOIL,17NOV2026,640000.000000,100,OPTFUT,MCX,10.000000,10000,False
582868,CRUDEOIL17NOV266150CE,CRUDEOIL,17NOV2026,615000.000000,100,OPTFUT,MCX,10.000000,10000,False
582870,CRUDEOIL17NOV266050CE,CRUDEOIL,17NOV2026,605000.000000,100,OPTFUT,MCX,10.000000,10000,False
582879,CRUDEOIL17NOV265600CE,CRUDEOIL,17NOV2026,560000.000000,100,OPTFUT,MCX,10.000000,10000,False
582882,CRUDEOIL17NOV265450CE,CRUDEOIL,17NOV2026,545000.000000,100,OPTFUT,MCX,10.000000,10000,False
582890,CRUDEOIL17NOV265050CE,CRUDEOIL,17NOV2026,505000.000000,100,OPTFUT,MCX,10.000000,10000,False
582901,CRUDEOIL17NOV264500CE,CRUDEOIL,17NOV2026,450000.000000,100,OPTFUT,MCX,10.000000,10000,False
582908,CRUDEOIL17NOV264150CE,CRUDEOIL,17NOV2026,415000.000000,100,OPTFUT,MCX,10.000000,10000,False
582918,CRUDEOIL17NOV268400CE,CRUDEOIL,17NOV2026,840000.000000,100,OPTFUT,MCX,10.000000,10000,False
582932,CRUDEOIL17NOV269100CE,CRUDEOIL,17NOV2026,910000.000000,100,OPTFUT,MCX,10.000000,10000,False
582946,CRUDEOIL17NOV269800CE,CRUDEOIL,17NOV2026,980000.000000,100,OPTFUT,MCX,10.000000,10000,False
582949,CRUDEOIL17NOV269950CE,CRUDEOIL,17NOV2026,995000.000000,100,OPTFUT,MCX,10.000000,10000,False
582954,CRUDEOIL17NOV2610200CE,CRUDEOIL,17NOV2026,1020000.000000,100,OPTFUT,MCX,10.000000,10000,False
582956,CRUDEOIL17NOV2610300CE,CRUDEOIL,17NOV2026,1030000.000000,100,OPTFUT,MCX,10.000000,10000,False
582963,CRUDEOIL17NOV2610650CE,CRUDEOIL,17NOV2026,1065000.000000,100,OPTFUT,MCX,10.000000,10000,False
582964,CRUDEOIL17NOV2610700CE,CRUDEOIL,17NOV2026,1070000.000000,100,OPTFUT,MCX,10.000000,10000,False
582968,CRUDEOIL17NOV2610900CE,CRUDEOIL,17NOV2026,1090000.000000,100,OPTFUT,MCX,10.000000,10000,False
582982,CRUDEOIL17NOV2611600CE,CRUDEOIL,17NOV2026,1160000.000000,100,OPTFUT,MCX,10.000000,10000,False
582986,CRUDEOIL17NOV267750PE,CRUDEOIL,17NOV2026,775000.000000,100,OPTFUT,MCX,10.000000,10000,False
582998,CRUDEOIL17NOV267150PE,CRUDEOIL,17NOV2026,715000.000000,100,OPTFUT,MCX,10.000000,10000,False
583008,CRUDEOIL17NOV266650PE,CRUDEOIL,17NOV2026,665000.000000,100,OPTFUT,MCX,10.000000,10000,False
583013,CRUDEOIL17NOV266400PE,CRUDEOIL,17NOV2026,640000.000000,100,OPTFUT,MCX,10.000000,10000,False
583018,CRUDEOIL17NOV266150PE,CRUDEOIL,17NOV2026,615000.000000,100,OPTFUT,MCX,10.000000,10000,False
583021,CRUDEOIL17NOV266000PE,CRUDEOIL,17NOV2026,600000.000000,100,OPTFUT,MCX,10.000000,10000,False
583027,CRUDEOIL17NOV265700PE,CRUDEOIL,17NOV2026,570000.000000,100,OPTFUT,MCX,10.000000,10000,False
583043,CRUDEOIL17NOV264900PE,CRUDEOIL,17NOV2026,490000.000000,100,OPTFUT,MCX,10.000000,10000,False
583054,CRUDEOIL17NOV264350PE,CRUDEOIL,17NOV2026,435000.000000,100,OPTFUT,MCX,10.000000,10000,False
583059,CRUDEOIL17NOV267950PE,CRUDEOIL,17NOV2026,795000.000000,100,OPTFUT,MCX,10.000000,10000,False
583061,CRUDEOIL17NOV268050PE,CRUDEOIL,17NOV2026,805000.000000,100,OPTFUT,MCX,10.000000,10000,False
583063,CRUDEOIL17NOV268150PE,CRUDEOIL,17NOV2026,815000.000000,100,OPTFUT,MCX,10.000000,10000,False
583085,CRUDEOIL17NOV269250PE,CRUDEOIL,17NOV2026,925000.000000,100,OPTFUT,MCX,10.000000,10000,False
583100,CRUDEOIL17NOV2610000PE,CRUDEOIL,17NOV2026,1000000.000000,100,OPTFUT,MCX,10.000000,10000,False
583105,CRUDEOIL17NOV2610250PE,CRUDEOIL,17NOV2026,1025000.000000,100,OPTFUT,MCX,10.000000,10000,False
583107,CRUDEOIL17NOV2610350PE,CRUDEOIL,17NOV2026,1035000.000000,100,OPTFUT,MCX,10.000000,10000,False
583120,CRUDEOIL17NOV2611000PE,CRUDEOIL,17NOV2026,1100000.000000,100,OPTFUT,MCX,10.000000,10000,False
583128,CRUDEOIL17NOV2611400PE,CRUDEOIL,17NOV2026,1140000.000000,100,OPTFUT,MCX,10.000000,10000,False
583131,CRUDEOIL17NOV2611550PE,CRUDEOIL,17NOV2026,1155000.000000,100,OPTFUT,MCX,10.000000,10000,False
583140,GOLD29JUL27191000CE,GOLD,29JUL2027,19100000.000000,1,OPTFUT,MCX,50.000000,100,False
583141,GOLD29JUL27191500CE,GOLD,29JUL2027,19150000.000000,1,OPTFUT,MCX,50.000000,100,False
583159,GOLDM25SEP26182000PE,GOLDM,25SEP2026,18200000.000000,100,OPTFUT,MCX,50.000000,10000,False
583165,GOLDM29OCT26184000PE,GOLDM,29OCT2026,18400000.000000,100,OPTFUT,MCX,50.000000,10000,False
583171,CRUDEOILM17NOV267800CE,CRUDEOILM,17NOV2026,780000.000000,10,OPTFUT,MCX,5.000000,10000,False
583172,CRUDEOILM17NOV267750CE,CRUDEOILM,17NOV2026,775000.000000,10,OPTFUT,MCX,5.000000,10000,False
583174,CRUDEOILM17NOV267650CE,CRUDEOILM,17NOV2026,765000.000000,10,OPTFUT,MCX,5.000000,10000,False
583179,CRUDEOILM17NOV267400CE,CRUDEOILM,17NOV2026,740000.000000,10,OPTFUT,MCX,5.000000,10000,False
583194,CRUDEOILM17NOV266650CE,CRUDEOILM,17NOV2026,665000.000000,10,OPTFUT,MCX,5.000000,10000,False
583199,CRUDEOILM17NOV266400CE,CRUDEOILM,17NOV2026,640000.000000,10,OPTFUT,MCX,5.000000,10000,False
583206,CRUDEOILM17NOV266050CE,CRUDEOILM,17NOV2026,605000.000000,10,OPTFUT,MCX,5.000000,10000,False
583239,CRUDEOILM17NOV264400CE,CRUDEOILM,17NOV2026,440000.000000,10,OPTFUT,MCX,5.000000,10000,False
583213,CRUDEOILM17NOV265700CE,CRUDEOILM,17NOV2026,570000.000000,10,OPTFUT,MCX,5.000000,10000,False
583216,CRUDEOILM17NOV265550CE,CRUDEOILM,17NOV2026,555000.000000,10,OPTFUT,MCX,5.000000,10000,False
583223,CRUDEOILM17NOV265200CE,CRUDEOILM,17NOV2026,520000.000000,10,OPTFUT,MCX,5.000000,10000,False
583240,CRUDEOILM17NOV264350CE,CRUDEOILM,17NOV2026,435000.000000,10,OPTFUT,MCX,5.000000,10000,False
583253,CRUDEOILM17NOV268350CE,CRUDEOILM,17NOV2026,835000.000000,10,OPTFUT,MCX,5.000000,10000,False
583268,CRUDEOILM17NOV269100CE,CRUDEOILM,17NOV2026,910000.000000,10,OPTFUT,MCX,5.000000,10000,False
583270,CRUDEOILM17NOV269200CE,CRUDEOILM,17NOV2026,920000.000000,10,OPTFUT,MCX,5.000000,10000,False
583278,CRUDEOILM17NOV269600CE,CRUDEOILM,17NOV2026,960000.000000,10,OPTFUT,MCX,5.000000,10000,False
583279,CRUDEOILM17NOV269650CE,CRUDEOILM,17NOV2026,965000.000000,10,OPTFUT,MCX,5.000000,10000,False
583282,CRUDEOILM17NOV269800CE,CRUDEOILM,17NOV2026,980000.000000,10,OPTFUT,MCX,5.000000,10000,False
583289,CRUDEOILM17NOV2610150CE,CRUDEOILM,17NOV2026,1015000.000000,10,OPTFUT,MCX,5.000000,10000,False
583315,CRUDEOILM17NOV2611450CE,CRUDEOILM,17NOV2026,1145000.000000,10,OPTFUT,MCX,5.000000,10000,False
583351,CRUDEOILM17NOV266300PE,CRUDEOILM,17NOV2026,630000.000000,10,OPTFUT,MCX,5.000000,10000,False
583356,CRUDEOILM17NOV266050PE,CRUDEOILM,17NOV2026,605000.000000,10,OPTFUT,MCX,5.000000,10000,False
583359,CRUDEOILM17NOV265900PE,CRUDEOILM,17NOV2026,590000.000000,10,OPTFUT,MCX,5.000000,10000,False
583364,CRUDEOILM17NOV265650PE,CRUDEOILM,17NOV2026,565000.000000,10,OPTFUT,MCX,5.000000,10000,False
583365,CRUDEOILM17NOV265600PE,CRUDEOILM,17NOV2026,560000.000000,10,OPTFUT,MCX,5.000000,10000,False
583370,CRUDEOILM17NOV265350PE,CRUDEOILM,17NOV2026,535000.000000,10,OPTFUT,MCX,5.000000,10000,False
583378,CRUDEOILM17NOV264950PE,CRUDEOILM,17NOV2026,495000.000000,10,OPTFUT,MCX,5.000000,10000,False
583379,CRUDEOILM17NOV264900PE,CRUDEOILM,17NOV2026,490000.000000,10,OPTFUT,MCX,5.000000,10000,False
583394,CRUDEOILM17NOV264150PE,CRUDEOILM,17NOV2026,415000.000000,10,OPTFUT,MCX,5.000000,10000,False
583395,CRUDEOILM17NOV267950PE,CRUDEOILM,17NOV2026,795000.000000,10,OPTFUT,MCX,5.000000,10000,False
583412,CRUDEOILM17NOV268800PE,CRUDEOILM,17NOV2026,880000.000000,10,OPTFUT,MCX,5.000000,10000,False
583420,CRUDEOILM17NOV269200PE,CRUDEOILM,17NOV2026,920000.000000,10,OPTFUT,MCX,5.000000,10000,False
583423,CRUDEOILM17NOV269350PE,CRUDEOILM,17NOV2026,935000.000000,10,OPTFUT,MCX,5.000000,10000,False
583425,CRUDEOILM17NOV269450PE,CRUDEOILM,17NOV2026,945000.000000,10,OPTFUT,MCX,5.000000,10000,False
583436,CRUDEOILM17NOV2610000PE,CRUDEOILM,17NOV2026,1000000.000000,10,OPTFUT,MCX,5.000000,10000,False
583438,CRUDEOILM17NOV2610100PE,CRUDEOILM,17NOV2026,1010000.000000,10,OPTFUT,MCX,5.000000,10000,False
583446,CRUDEOILM17NOV2610500PE,CRUDEOILM,17NOV2026,1050000.000000,10,OPTFUT,MCX,5.000000,10000,False
583454,CRUDEOILM17NOV2610900PE,CRUDEOILM,17NOV2026,1090000.000000,10,OPTFUT,MCX,5.000000,10000,False
583455,CRUDEOILM17NOV2610950PE,CRUDEOILM,17NOV2026,1095000.000000,10,OPTFUT,MCX,5.000000,10000,False
583465,CRUDEOILM17NOV2611450PE,CRUDEOILM,17NOV2026,1145000.000000,10,OPTFUT,MCX,5.000000,10000,False
583472,MCXBULLDEX25SEP2639500CE,MCXBULLDEX,25SEP2026,3950000.000000,30,OPTIDX,MCX,5.000000,900,False
583474,MCXBULLDEX28OCT2639400CE,MCXBULLDEX,28OCT2026,3940000.000000,30,OPTIDX,MCX,5.000000,900,False
583478,MCXBULLDEX25SEP2639500PE,MCXBULLDEX,25SEP2026,3950000.000000,30,OPTIDX,MCX,5.000000,900,False
583496,GOLD30JUN27193000PE,GOLD,30JUN2027,19300000.000000,1,OPTFUT,MCX,50.000000,100,False
583506,GOLDM25SEP26184500CE,GOLDM,25SEP2026,18450000.000000,100,OPTFUT,MCX,50.000000,10000,False
583507,GOLDM29OCT26184500CE,GOLDM,29OCT2026,18450000.000000,100,OPTFUT,MCX,50.000000,10000,False
583512,GOLDM25SEP26183500PE,GOLDM,25SEP2026,18350000.000000,100,OPTFUT,MCX,50.000000,10000,False
583525,SILVER26MAY27306000CE,SILVER,26MAY2027,30600000.000000,30,OPTFUT,MCX,50.000000,600,False
583532,SILVER28JUN27305000CE,SILVER,28JUN2027,30500000.000000,30,OPTFUT,MCX,50.000000,600,False
583539,SILVER26MAY27304000PE,SILVER,26MAY2027,30400000.000000,30,OPTFUT,MCX,50.000000,600,False
583546,SILVER28JUN27303000PE,SILVER,28JUN2027,30300000.000000,30,OPTFUT,MCX,50.000000,600,False
583552,SILVERM26MAY27305000CE,SILVERM,26MAY2027,30500000.000000,5,OPTFUT,MCX,50.000000,600,False
583564,SILVERM26MAY27307000PE,SILVERM,26MAY2027,30700000.000000,5,OPTFUT,MCX,50.000000,600,False
583578,MCXBULLDEX25SEP2640000CE,MCXBULLDEX,25SEP2026,4000000.000000,30,OPTIDX,MCX,5.000000,900,False
583582,MCXBULLDEX28OCT2639900CE,MCXBULLDEX,28OCT2026,3990000.000000,30,OPTIDX,MCX,5.000000,900,False
583585,MCXBULLDEX25SEP2639700PE,MCXBULLDEX,25SEP2026,3970000.000000,30,OPTIDX,MCX,5.000000,900,False
583595,COPPER23OCT261550PE,COPPER,23OCT2026,155000.000000,2500,OPTFUT,MCX,1.000000,70000,False
583603,GOLD29JUL27194500CE,GOLD,29JUL2027,19450000.000000,1,OPTFUT,MCX,50.000000,100,False
583605,GOLD29JUL27195500CE,GOLD,29JUL2027,19550000.000000,1,OPTFUT,MCX,50.000000,100,False
583613,GOLD30JUN27196500PE,GOLD,30JUN2027,19650000.000000,1,OPTFUT,MCX,50.000000,100,False
583619,GOLD29JUL27196500PE,GOLD,29JUL2027,19650000.000000,1,OPTFUT,MCX,50.000000,100,False
583646,GOLDM25SEP26186000PE,GOLDM,25SEP2026,18600000.000000,100,OPTFUT,MCX,50.000000,10000,False
583656,SILVER26MAY27307000CE,SILVER,26MAY2027,30700000.000000,30,OPTFUT,MCX,50.000000,600,False
583664,SILVER26MAY27307000PE,SILVER,26MAY2027,30700000.000000,30,OPTFUT,MCX,50.000000,600,False
583675,SILVERM26MAY27311000CE,SILVERM,26MAY2027,31100000.000000,5,OPTFUT,MCX,50.000000,600,False
583677,SILVERM23JUN27308000CE,SILVERM,23JUN2027,30800000.000000,5,OPTFUT,MCX,50.000000,600,False
583681,SILVERM23JUN27312000CE,SILVERM,23JUN2027,31200000.000000,5,OPTFUT,MCX,50.000000,600,False
583689,SILVERM23JUN27310000PE,SILVERM,23JUN2027,31000000.000000,5,OPTFUT,MCX,50.000000,600,False
583701,ZINC23NOV26435PE,ZINC,23NOV2026,43500.000000,5,OPTFUT,MCX,1.000000,100,False
583711,MCXBULLDEX28OCT2640300CE,MCXBULLDEX,28OCT2026,4030000.000000,30,OPTIDX,MCX,5.000000,900,False
583713,MCXBULLDEX28OCT2640500CE,MCXBULLDEX,28OCT2026,4050000.000000,30,OPTIDX,MCX,5.000000,900,False
583724,MCXBULLDEX28OCT2640200PE,MCXBULLDEX,28OCT2026,4020000.000000,30,OPTIDX,MCX,5.000000,900,False
583726,MCXBULLDEX28OCT2640400PE,MCXBULLDEX,28OCT2026,4040000.000000,30,OPTIDX,MCX,5.000000,900,False
583727,MCXBULLDEX28OCT2640500PE,MCXBULLDEX,28OCT2026,4050000.000000,30,OPTIDX,MCX,5.000000,900,False
583749,GOLD30JUN27197000CE,GOLD,30JUN2027,19700000.000000,1,OPTFUT,MCX,50.000000,100,False
583767,GOLD30JUN27198000PE,GOLD,30JUN2027,19800000.000000,1,OPTFUT,MCX,50.000000,100,False
583773,GOLD29JUL27197500PE,GOLD,29JUL2027,19750000.000000,1,OPTFUT,MCX,50.000000,100,False
583793,ZINC23SEP26455CE,ZINC,23SEP2026,45500.000000,5,OPTFUT,MCX,1.000000,100,False
583838,NATURALGAS20NOV26300CE,NATURALGAS,20NOV2026,30000.000000,1250,OPTFUT,MCX,5.000000,60000,False
583845,NATURALGAS20NOV26265CE,NATURALGAS,20NOV2026,26500.000000,1250,OPTFUT,MCX,5.000000,60000,False
583854,NATURALGAS20NOV26220CE,NATURALGAS,20NOV2026,22000.000000,1250,OPTFUT,MCX,5.000000,60000,False
583859,NATURALGAS20NOV26195CE,NATURALGAS,20NOV2026,19500.000000,1250,OPTFUT,MCX,5.000000,60000,False
583862,NATURALGAS20NOV26180CE,NATURALGAS,20NOV2026,18000.000000,1250,OPTFUT,MCX,5.000000,60000,False
583873,NATURALGAS20NOV26355CE,NATURALGAS,20NOV2026,35500.000000,1250,OPTFUT,MCX,5.000000,60000,False
583880,NATURALGAS20NOV26390CE,NATURALGAS,20NOV2026,39000.000000,1250,OPTFUT,MCX,5.000000,60000,False
583889,NATURALGAS20NOV26435CE,NATURALGAS,20NOV2026,43500.000000,1250,OPTFUT,MCX,5.000000,60000,False
583894,NATURALGAS20NOV26460CE,NATURALGAS,20NOV2026,46000.000000,1250,OPTFUT,MCX,5.000000,60000,False
583899,NATURALGAS20NOV26485CE,NATURALGAS,20NOV2026,48500.000000,1250,OPTFUT,MCX,5.000000,60000,False
583905,NATURALGAS20NOV26515CE,NATURALGAS,20NOV2026,51500.000000,1250,OPTFUT,MCX,5.000000,60000,False
583922,NATURALGAS20NOV26280PE,NATURALGAS,20NOV2026,28000.000000,1250,OPTFUT,MCX,5.000000,60000,False
583932,NATURALGAS20NOV26230PE,NATURALGAS,20NOV2026,23000.000000,1250,OPTFUT,MCX,5.000000,60000,False
583954,NATURALGAS20NOV26360PE,NATURALGAS,20NOV2026,36000.000000,1250,OPTFUT,MCX,5.000000,60000,False
583956,NATURALGAS20NOV26370PE,NATURALGAS,20NOV2026,37000.000000,1250,OPTFUT,MCX,5.000000,60000,False
583962,NATURALGAS20NOV26400PE,NATURALGAS,20NOV2026,40000.000000,1250,OPTFUT,MCX,5.000000,60000,False
583967,NATURALGAS20NOV26425PE,NATURALGAS,20NOV2026,42500.000000,1250,OPTFUT,MCX,5.000000,60000,False
583982,NATURALGAS20NOV26500PE,NATURALGAS,20NOV2026,50000.000000,1250,OPTFUT,MCX,5.000000,60000,False
583992,ZINC23NOV26315CE,ZINC,23NOV2026,31500.000000,5,OPTFUT,MCX,1.000000,100,False
584005,NATGASMINI20NOV26285CE,NATGASMINI,20NOV2026,28500.000000,250,OPTFUT,MCX,5.000000,60000,False
584025,NATGASMINI20NOV26185CE,NATGASMINI,20NOV2026,18500.000000,250,OPTFUT,MCX,5.000000,60000,False
584038,NATGASMINI20NOV26360CE,NATGASMINI,20NOV2026,36000.000000,250,OPTFUT,MCX,5.000000,60000,False
584047,NATGASMINI20NOV26405CE,NATGASMINI,20NOV2026,40500.000000,250,OPTFUT,MCX,5.000000,60000,False
584050,NATGASMINI20NOV26420CE,NATGASMINI,20NOV2026,42000.000000,250,OPTFUT,MCX,5.000000,60000,False
584066,NATGASMINI20NOV26500CE,NATGASMINI,20NOV2026,50000.000000,250,OPTFUT,MCX,5.000000,60000,False
584073,NATGASMINI20NOV26535CE,NATGASMINI,20NOV2026,53500.000000,250,OPTFUT,MCX,5.000000,60000,False
584080,NATGASMINI20NOV26310PE,NATGASMINI,20NOV2026,31000.000000,250,OPTFUT,MCX,5.000000,60000,False
584098,NATGASMINI20NOV26220PE,NATGASMINI,20NOV2026,22000.000000,250,OPTFUT,MCX,5.000000,60000,False
584104,NATGASMINI20NOV26190PE,NATGASMINI,20NOV2026,19000.000000,250,OPTFUT,MCX,5.000000,60000,False
584106,NATGASMINI20NOV26180PE,NATGASMINI,20NOV2026,18000.000000,250,OPTFUT,MCX,5.000000,60000,False
584115,NATGASMINI20NOV26345PE,NATGASMINI,20NOV2026,34500.000000,250,OPTFUT,MCX,5.000000,60000,False
584121,NATGASMINI20NOV26375PE,NATGASMINI,20NOV2026,37500.000000,250,OPTFUT,MCX,5.000000,60000,False
584127,NATGASMINI20NOV26405PE,NATGASMINI,20NOV2026,40500.000000,250,OPTFUT,MCX,5.000000,60000,False
584138,NATGASMINI20NOV26460PE,NATGASMINI,20NOV2026,46000.000000,250,OPTFUT,MCX,5.000000,60000,False
584139,NATGASMINI20NOV26465PE,NATGASMINI,20NOV2026,46500.000000,250,OPTFUT,MCX,5.000000,60000,False
584143,NATGASMINI20NOV26485PE,NATGASMINI,20NOV2026,48500.000000,250,OPTFUT,MCX,5.000000,60000,False
584149,NATGASMINI20NOV26515PE,NATGASMINI,20NOV2026,51500.000000,250,OPTFUT,MCX,5.000000,60000,False
584153,NATGASMINI20NOV26535PE,NATGASMINI,20NOV2026,53500.000000,250,OPTFUT,MCX,5.000000,60000,False
584155,NATURALGAS20NOV26545CE,NATURALGAS,20NOV2026,54500.000000,1250,OPTFUT,MCX,5.000000,60000,False
584158,NATGASMINI20NOV26545PE,NATGASMINI,20NOV2026,54500.000000,250,OPTFUT,MCX,5.000000,60000,False
584174,MCXBULLDEX27NOV2634300CE,MCXBULLDEX,27NOV2026,3430000.000000,15,OPTIDX,MCX,5.000000,450,False
584177,MCXBULLDEX27NOV2634000CE,MCXBULLDEX,27NOV2026,3400000.000000,15,OPTIDX,MCX,5.000000,450,False
584187,MCXBULLDEX27NOV2633000CE,MCXBULLDEX,27NOV2026,3300000.000000,15,OPTIDX,MCX,5.000000,450,False
584195,MCXBULLDEX27NOV2632200CE,MCXBULLDEX,27NOV2026,3220000.000000,15,OPTIDX,MCX,5.000000,450,False
584199,MCXBULLDEX27NOV2636000CE,MCXBULLDEX,27NOV2026,3600000.000000,15,OPTIDX,MCX,5.000000,450,False
584201,MCXBULLDEX27NOV2636200CE,MCXBULLDEX,27NOV2026,3620000.000000,15,OPTIDX,MCX,5.000000,450,False
584207,MCXBULLDEX27NOV2636900CE,MCXBULLDEX,27NOV2026,3690000.000000,15,OPTIDX,MCX,5.000000,450,False
584219,MCXBULLDEX27NOV2638100CE,MCXBULLDEX,27NOV2026,3810000.000000,15,OPTIDX,MCX,5.000000,450,False
584220,MCXBULLDEX27NOV2638200CE,MCXBULLDEX,27NOV2026,3820000.000000,15,OPTIDX,MCX,5.000000,450,False
584234,MCXBULLDEX27NOV2635300PE,MCXBULLDEX,27NOV2026,3530000.000000,15,OPTIDX,MCX,5.000000,450,False
584235,MCXBULLDEX27NOV2635200PE,MCXBULLDEX,27NOV2026,3520000.000000,15,OPTIDX,MCX,5.000000,450,False
584240,MCXBULLDEX27NOV2634700PE,MCXBULLDEX,27NOV2026,3470000.000000,15,OPTIDX,MCX,5.000000,450,False
584248,MCXBULLDEX27NOV2633900PE,MCXBULLDEX,27NOV2026,3390000.000000,15,OPTIDX,MCX,5.000000,450,False
584260,MCXBULLDEX27NOV2632700PE,MCXBULLDEX,27NOV2026,3270000.000000,15,OPTIDX,MCX,5.000000,450,False
584268,MCXBULLDEX27NOV2635900PE,MCXBULLDEX,27NOV2026,3590000.000000,15,OPTIDX,MCX,5.000000,450,False
584277,MCXBULLDEX27NOV2636900PE,MCXBULLDEX,27NOV2026,3690000.000000,15,OPTIDX,MCX,5.000000,450,False
584280,MCXBULLDEX27NOV2637200PE,MCXBULLDEX,27NOV2026,3720000.000000,15,OPTIDX,MCX,5.000000,450,False
584281,MCXBULLDEX27NOV2637300PE,MCXBULLDEX,27NOV2026,3730000.000000,15,OPTIDX,MCX,5.000000,450,False
584292,MCXBULLDEX27NOV2638400PE,MCXBULLDEX,27NOV2026,3840000.000000,15,OPTIDX,MCX,5.000000,450,False
584293,MCXBULLDEX27NOV2638500PE,MCXBULLDEX,27NOV2026,3850000.000000,15,OPTIDX,MCX,5.000000,450,False
584294,MCXBULLDEX27NOV2638600PE,MCXBULLDEX,27NOV2026,3860000.000000,15,OPTIDX,MCX,5.000000,450,False
584298,MCXBULLDEX27NOV2639000PE,MCXBULLDEX,27NOV2026,3900000.000000,15,OPTIDX,MCX,5.000000,450,False
584319,COPPER23DEC261410PE,COPPER,23DEC2026,141000.000000,2500,OPTFUT,MCX,1.000000,70000,False
584328,ZINCMINI31MAR27FUT,ZINCMINI,31MAR2027,0.000000,1,FUTCOM,MCX,5.000000,100,False
584331,ZINCMINI30JUN27FUT,ZINCMINI,30JUN2027,0.000000,1,FUTCOM,MCX,5.000000,100,False
584341,COPPER23DEC261310CE,COPPER,23DEC2026,131000.000000,2500,OPTFUT,MCX,1.000000,70000,False
584349,COPPER23DEC261440CE,COPPER,23DEC2026,144000.000000,2500,OPTFUT,MCX,1.000000,70000,False
584384,COPPER23DEC261490PE,COPPER,23DEC2026,149000.000000,2500,OPTFUT,MCX,1.000000,70000,False
584390,COPPER23DEC261550PE,COPPER,23DEC2026,155000.000000,2500,OPTFUT,MCX,1.000000,70000,False
584409,ZINC23DEC26350CE,ZINC,23DEC2026,35000.000000,5,OPTFUT,MCX,1.000000,100,False
584427,ZINC23DEC26375PE,ZINC,23DEC2026,37500.000000,5,OPTFUT,MCX,1.000000,100,False
584433,ZINC23DEC26345PE,ZINC,23DEC2026,34500.000000,5,OPTFUT,MCX,1.000000,100,False
584434,ZINC23DEC26340PE,ZINC,23DEC2026,34000.000000,5,OPTFUT,MCX,1.000000,100,False
584443,ZINC23DEC26425PE,ZINC,23DEC2026,42500.000000,5,OPTFUT,MCX,1.000000,100,False
584453,MCXBULLDEX27NOV2631800PE,MCXBULLDEX,27NOV2026,3180000.000000,15,OPTIDX,MCX,5.000000,450,False
584486,MCXBULLDEX27NOV2631700PE,MCXBULLDEX,27NOV2026,3170000.000000,15,OPTIDX,MCX,5.000000,450,False
584502,GOLDM27NOV26154500PE,GOLDM,27NOV2026,15450000.000000,100,OPTFUT,MCX,50.000000,10000,False
584503,GOLDM27NOV26154000CE,GOLDM,27NOV2026,15400000.000000,100,OPTFUT,MCX,50.000000,10000,False
584504,GOLDM27NOV26153500CE,GOLDM,27NOV2026,15350000.000000,100,OPTFUT,MCX,50.000000,10000,False
584513,GOLDM27NOV26149000CE,GOLDM,27NOV2026,14900000.000000,100,OPTFUT,MCX,50.000000,10000,False
584523,GOLDM27NOV26144000CE,GOLDM,27NOV2026,14400000.000000,100,OPTFUT,MCX,50.000000,10000,False
584524,GOLDM27NOV26143500CE,GOLDM,27NOV2026,14350000.000000,100,OPTFUT,MCX,50.000000,10000,False
584532,GOLDM27NOV26139500CE,GOLDM,27NOV2026,13950000.000000,100,OPTFUT,MCX,50.000000,10000,False
584546,GOLDM27NOV26132500CE,GOLDM,27NOV2026,13250000.000000,100,OPTFUT,MCX,50.000000,10000,False
584548,GOLDM27NOV26131500CE,GOLDM,27NOV2026,13150000.000000,100,OPTFUT,MCX,50.000000,10000,False
584549,GOLDM27NOV26131000CE,GOLDM,27NOV2026,13100000.000000,100,OPTFUT,MCX,50.000000,10000,False
584551,GOLDM27NOV26130000CE,GOLDM,27NOV2026,13000000.000000,100,OPTFUT,MCX,50.000000,10000,False
584552,GOLDM27NOV26129500CE,GOLDM,27NOV2026,12950000.000000,100,OPTFUT,MCX,50.000000,10000,False
584553,GOLDM27NOV26155000CE,GOLDM,27NOV2026,15500000.000000,100,OPTFUT,MCX,50.000000,10000,False
584554,GOLDM27NOV26155500CE,GOLDM,27NOV2026,15550000.000000,100,OPTFUT,MCX,50.000000,10000,False
584555,GOLDM27NOV26156000CE,GOLDM,27NOV2026,15600000.000000,100,OPTFUT,MCX,50.000000,10000,False
584575,GOLDM27NOV26166000CE,GOLDM,27NOV2026,16600000.000000,100,OPTFUT,MCX,50.000000,10000,False
584581,GOLDM27NOV26169000CE,GOLDM,27NOV2026,16900000.000000,100,OPTFUT,MCX,50.000000,10000,False
584601,GOLDM27NOV26179000CE,GOLDM,27NOV2026,17900000.000000,100,OPTFUT,MCX,50.000000,10000,False
584589,GOLDM27NOV26173000CE,GOLDM,27NOV2026,17300000.000000,100,OPTFUT,MCX,50.000000,10000,False
584594,GOLDM27NOV26175500CE,GOLDM,27NOV2026,17550000.000000,100,OPTFUT,MCX,50.000000,10000,False
584597,GOLDM27NOV26177000CE,GOLDM,27NOV2026,17700000.000000,100,OPTFUT,MCX,50.000000,10000,False
584606,GOLDM27NOV26152500PE,GOLDM,27NOV2026,15250000.000000,100,OPTFUT,MCX,50.000000,10000,False
584613,GOLDM27NOV26149000PE,GOLDM,27NOV2026,14900000.000000,100,OPTFUT,MCX,50.000000,10000,False
584620,GOLDM27NOV26145500PE,GOLDM,27NOV2026,14550000.000000,100,OPTFUT,MCX,50.000000,10000,False
584629,GOLDM27NOV26141000PE,GOLDM,27NOV2026,14100000.000000,100,OPTFUT,MCX,50.000000,10000,False
584630,GOLDM27NOV26140500PE,GOLDM,27NOV2026,14050000.000000,100,OPTFUT,MCX,50.000000,10000,False
584632,GOLDM27NOV26139500PE,GOLDM,27NOV2026,13950000.000000,100,OPTFUT,MCX,50.000000,10000,False
584653,GOLDM27NOV26155000PE,GOLDM,27NOV2026,15500000.000000,100,OPTFUT,MCX,50.000000,10000,False
584666,GOLDM27NOV26161500PE,GOLDM,27NOV2026,16150000.000000,100,OPTFUT,MCX,50.000000,10000,False
584674,GOLDM27NOV26165500PE,GOLDM,27NOV2026,16550000.000000,100,OPTFUT,MCX,50.000000,10000,False
584675,GOLDM27NOV26166000PE,GOLDM,27NOV2026,16600000.000000,100,OPTFUT,MCX,50.000000,10000,False
584703,ZINC23SEP26470CE,ZINC,23SEP2026,47000.000000,5,OPTFUT,MCX,1.000000,100,False
584705,ZINC23SEP26470PE,ZINC,23SEP2026,47000.000000,5,OPTFUT,MCX,1.000000,100,False
584706,ZINC23NOV26450PE,ZINC,23NOV2026,45000.000000,5,OPTFUT,MCX,1.000000,100,False
584730,CRUDEOIL17NOV2611950CE,CRUDEOIL,17NOV2026,1195000.000000,100,OPTFUT,MCX,10.000000,10000,False
584734,CRUDEOIL15OCT2612200PE,CRUDEOIL,15OCT2026,1220000.000000,100,OPTFUT,MCX,10.000000,10000,False
584740,ZINC23DEC26445PE,ZINC,23DEC2026,44500.000000,5,OPTFUT,MCX,1.000000,100,False
584762,COPPER23DEC261580PE,COPPER,23DEC2026,158000.000000,2500,OPTFUT,MCX,1.000000,70000,False
584744,CRUDEOILM15OCT2612200CE,CRUDEOILM,15OCT2026,1220000.000000,10,OPTFUT,MCX,5.000000,10000,False
584747,CRUDEOILM17SEP2612450PE,CRUDEOILM,17SEP2026,1245000.000000,10,OPTFUT,MCX,5.000000,10000,False
584754,COPPER23OCT261570CE,COPPER,23OCT2026,157000.000000,2500,OPTFUT,MCX,1.000000,70000,False
584775,CRUDEOIL20SEP27FUT,CRUDEOIL,20SEP2027,0.000000,100,FUTCOM,MCX,100.000000,10000,False
584792,CRUDEOIL17SEP2612800CE,CRUDEOIL,17SEP2026,1280000.000000,100,OPTFUT,MCX,10.000000,10000,False
584793,CRUDEOIL17SEP2612850CE,CRUDEOIL,17SEP2026,1285000.000000,100,OPTFUT,MCX,10.000000,10000,False
584795,CRUDEOIL15OCT2612350CE,CRUDEOIL,15OCT2026,1235000.000000,100,OPTFUT,MCX,10.000000,10000,False
584801,CRUDEOIL17NOV2612100CE,CRUDEOIL,17NOV2026,1210000.000000,100,OPTFUT,MCX,10.000000,10000,False
584810,CRUDEOIL17SEP2612800PE,CRUDEOIL,17SEP2026,1280000.000000,100,OPTFUT,MCX,10.000000,10000,False
584811,CRUDEOIL17SEP2612850PE,CRUDEOIL,17SEP2026,1285000.000000,100,OPTFUT,MCX,10.000000,10000,False
584844,CRUDEOILM15OCT2612400CE,CRUDEOILM,15OCT2026,1240000.000000,10,OPTFUT,MCX,5.000000,10000,False
584851,CRUDEOILM17NOV2612200CE,CRUDEOILM,17NOV2026,1220000.000000,10,OPTFUT,MCX,5.000000,10000,False
584867,CRUDEOILM17NOV2612100PE,CRUDEOILM,17NOV2026,1210000.000000,10,OPTFUT,MCX,5.000000,10000,False
584887,CRUDEOIL15OCT2612700CE,CRUDEOIL,15OCT2026,1270000.000000,100,OPTFUT,MCX,10.000000,10000,False
584918,CRUDEOIL15OCT2612650PE,CRUDEOIL,15OCT2026,1265000.000000,100,OPTFUT,MCX,10.000000,10000,False
584919,CRUDEOIL15OCT2612700PE,CRUDEOIL,15OCT2026,1270000.000000,100,OPTFUT,MCX,10.000000,10000,False
584924,CRUDEOIL15OCT2612950PE,CRUDEOIL,15OCT2026,1295000.000000,100,OPTFUT,MCX,10.000000,10000,False
584929,CRUDEOIL17NOV2612350PE,CRUDEOIL,17NOV2026,1235000.000000,100,OPTFUT,MCX,10.000000,10000,False
584936,CRUDEOIL17NOV2612700PE,CRUDEOIL,17NOV2026,1270000.000000,100,OPTFUT,MCX,10.000000,10000,False
584950,CRUDEOILM17SEP2613450CE,CRUDEOILM,17SEP2026,1345000.000000,10,OPTFUT,MCX,5.000000,10000,False
584955,CRUDEOILM15OCT2612800CE,CRUDEOILM,15OCT2026,1280000.000000,10,OPTFUT,MCX,5.000000,10000,False
584970,CRUDEOILM17NOV2612700CE,CRUDEOILM,17NOV2026,1270000.000000,10,OPTFUT,MCX,5.000000,10000,False
584978,CRUDEOILM17SEP2613250PE,CRUDEOILM,17SEP2026,1325000.000000,10,OPTFUT,MCX,5.000000,10000,False
580154,GOLD28MAY27121000PE,GOLD,28MAY2027,12100000.000000,1,OPTFUT,MCX,50.000000,100,False
580156,GOLD28MAY27120000PE,GOLD,28MAY2027,12000000.000000,1,OPTFUT,MCX,50.000000,100,False
580164,GOLDM25SEP26117000PE,GOLDM,25SEP2026,11700000.000000,100,OPTFUT,MCX,50.000000,10000,False
580176,SILVER26MAY27195000CE,SILVER,26MAY2027,19500000.000000,30,OPTFUT,MCX,50.000000,600,False
580203,SILVERM28DEC26194000CE,SILVERM,28DEC2026,19400000.000000,5,OPTFUT,MCX,50.000000,600,False
580207,SILVERM25JAN27193000CE,SILVERM,25JAN2027,19300000.000000,5,OPTFUT,MCX,50.000000,600,False
580224,SILVERM27OCT26186000PE,SILVERM,27OCT2026,18600000.000000,5,OPTFUT,MCX,50.000000,600,False
580225,SILVERM23NOV26187000PE,SILVERM,23NOV2026,18700000.000000,5,OPTFUT,MCX,50.000000,600,False
580230,SILVERM25JAN27195000PE,SILVERM,25JAN2027,19500000.000000,5,OPTFUT,MCX,50.000000,600,False
580231,SILVERM25JAN27194000PE,SILVERM,25JAN2027,19400000.000000,5,OPTFUT,MCX,50.000000,600,False
580234,SILVERM19FEB27194000PE,SILVERM,19FEB2027,19400000.000000,5,OPTFUT,MCX,50.000000,600,False
580248,CRUDEOIL17SEP2611400CE,CRUDEOIL,17SEP2026,1140000.000000,100,OPTFUT,MCX,10.000000,10000,False
580257,SILVER24SEP26181000CE,SILVER,24SEP2026,18100000.000000,30,OPTFUT,MCX,50.000000,600,False
580264,SILVER26FEB27186000CE,SILVER,26FEB2027,18600000.000000,30,OPTFUT,MCX,50.000000,600,False
580272,SILVER26MAY27192000CE,SILVER,26MAY2027,19200000.000000,30,OPTFUT,MCX,50.000000,600,False
580282,SILVER27NOV26181000PE,SILVER,27NOV2026,18100000.000000,30,OPTFUT,MCX,50.000000,600,False
580283,SILVER28DEC26186000PE,SILVER,28DEC2026,18600000.000000,30,OPTFUT,MCX,50.000000,600,False
580290,SILVER25MAR27188000PE,SILVER,25MAR2027,18800000.000000,30,OPTFUT,MCX,50.000000,600,False
580302,SILVER28JUN27190000PE,SILVER,28JUN2027,19000000.000000,30,OPTFUT,MCX,50.000000,600,False
580309,SILVERM25JAN27192000CE,SILVERM,25JAN2027,19200000.000000,5,OPTFUT,MCX,50.000000,600,False
580316,SILVERM25MAR27196000CE,SILVERM,25MAR2027,19600000.000000,5,OPTFUT,MCX,50.000000,600,False
580336,SILVERM28DEC26192000PE,SILVERM,28DEC2026,19200000.000000,5,OPTFUT,MCX,50.000000,600,False
580322,SILVERM23APR27195000CE,SILVERM,23APR2027,19500000.000000,5,OPTFUT,MCX,50.000000,600,False
580328,SILVERM26MAY27197000CE,SILVERM,26MAY2027,19700000.000000,5,OPTFUT,MCX,50.000000,600,False
580340,SILVERM25JAN27191000PE,SILVERM,25JAN2027,19100000.000000,5,OPTFUT,MCX,50.000000,600,False
580341,SILVERM25JAN27190000PE,SILVERM,25JAN2027,19000000.000000,5,OPTFUT,MCX,50.000000,600,False
580355,SILVERM26MAY27200000PE,SILVERM,26MAY2027,20000000.000000,5,OPTFUT,MCX,50.000000,600,False
580364,CRUDEOILM17SEP2611400CE,CRUDEOILM,17SEP2026,1140000.000000,10,OPTFUT,MCX,5.000000,10000,False
580366,CRUDEOILM17SEP2611500CE,CRUDEOILM,17SEP2026,1150000.000000,10,OPTFUT,MCX,5.000000,10000,False
580370,CRUDEOILM17SEP2611450PE,CRUDEOILM,17SEP2026,1145000.000000,10,OPTFUT,MCX,5.000000,10000,False
580381,CRUDEOIL15OCT267650CE,CRUDEOIL,15OCT2026,765000.000000,100,OPTFUT,MCX,10.000000,10000,False
580389,CRUDEOIL15OCT267250CE,CRUDEOIL,15OCT2026,725000.000000,100,OPTFUT,MCX,10.000000,10000,False
580392,CRUDEOIL15OCT267100CE,CRUDEOIL,15OCT2026,710000.000000,100,OPTFUT,MCX,10.000000,10000,False
580395,CRUDEOIL15OCT266950CE,CRUDEOIL,15OCT2026,695000.000000,100,OPTFUT,MCX,10.000000,10000,False
580403,CRUDEOIL15OCT266550CE,CRUDEOIL,15OCT2026,655000.000000,100,OPTFUT,MCX,10.000000,10000,False
580409,CRUDEOIL15OCT266250CE,CRUDEOIL,15OCT2026,625000.000000,100,OPTFUT,MCX,10.000000,10000,False
580417,CRUDEOIL15OCT265850CE,CRUDEOIL,15OCT2026,585000.000000,100,OPTFUT,MCX,10.000000,10000,False
580424,CRUDEOIL15OCT265500CE,CRUDEOIL,15OCT2026,550000.000000,100,OPTFUT,MCX,10.000000,10000,False
580437,CRUDEOIL15OCT264850CE,CRUDEOIL,15OCT2026,485000.000000,100,OPTFUT,MCX,10.000000,10000,False
580444,CRUDEOIL15OCT264500CE,CRUDEOIL,15OCT2026,450000.000000,100,OPTFUT,MCX,10.000000,10000,False
580456,CRUDEOIL15OCT267850CE,CRUDEOIL,15OCT2026,785000.000000,100,OPTFUT,MCX,10.000000,10000,False
580487,CRUDEOIL15OCT269400CE,CRUDEOIL,15OCT2026,940000.000000,100,OPTFUT,MCX,10.000000,10000,False
580468,CRUDEOIL15OCT268450CE,CRUDEOIL,15OCT2026,845000.000000,100,OPTFUT,MCX,10.000000,10000,False
580480,CRUDEOIL15OCT269050CE,CRUDEOIL,15OCT2026,905000.000000,100,OPTFUT,MCX,10.000000,10000,False
580490,CRUDEOIL15OCT269550CE,CRUDEOIL,15OCT2026,955000.000000,100,OPTFUT,MCX,10.000000,10000,False
580504,CRUDEOIL15OCT2610250CE,CRUDEOIL,15OCT2026,1025000.000000,100,OPTFUT,MCX,10.000000,10000,False
580521,CRUDEOIL15OCT2611100CE,CRUDEOIL,15OCT2026,1110000.000000,100,OPTFUT,MCX,10.000000,10000,False
580532,CRUDEOIL15OCT267650PE,CRUDEOIL,15OCT2026,765000.000000,100,OPTFUT,MCX,10.000000,10000,False
580538,CRUDEOIL15OCT267350PE,CRUDEOIL,15OCT2026,735000.000000,100,OPTFUT,MCX,10.000000,10000,False
580564,CRUDEOIL15OCT266050PE,CRUDEOIL,15OCT2026,605000.000000,100,OPTFUT,MCX,10.000000,10000,False
580574,CRUDEOIL15OCT265550PE,CRUDEOIL,15OCT2026,555000.000000,100,OPTFUT,MCX,10.000000,10000,False
580595,CRUDEOIL15OCT264500PE,CRUDEOIL,15OCT2026,450000.000000,100,OPTFUT,MCX,10.000000,10000,False
580605,CRUDEOIL15OCT264000PE,CRUDEOIL,15OCT2026,400000.000000,100,OPTFUT,MCX,10.000000,10000,False
580606,CRUDEOIL15OCT267800PE,CRUDEOIL,15OCT2026,780000.000000,100,OPTFUT,MCX,10.000000,10000,False
580617,CRUDEOIL15OCT268350PE,CRUDEOIL,15OCT2026,835000.000000,100,OPTFUT,MCX,10.000000,10000,False
580621,CRUDEOIL15OCT268550PE,CRUDEOIL,15OCT2026,855000.000000,100,OPTFUT,MCX,10.000000,10000,False
580622,CRUDEOIL15OCT268600PE,CRUDEOIL,15OCT2026,860000.000000,100,OPTFUT,MCX,10.000000,10000,False
580636,CRUDEOIL15OCT269300PE,CRUDEOIL,15OCT2026,930000.000000,100,OPTFUT,MCX,10.000000,10000,False
580650,CRUDEOIL15OCT2610000PE,CRUDEOIL,15OCT2026,1000000.000000,100,OPTFUT,MCX,10.000000,10000,False
580654,CRUDEOIL15OCT2610200PE,CRUDEOIL,15OCT2026,1020000.000000,100,OPTFUT,MCX,10.000000,10000,False
580658,CRUDEOIL15OCT2610400PE,CRUDEOIL,15OCT2026,1040000.000000,100,OPTFUT,MCX,10.000000,10000,False
580671,CRUDEOIL15OCT2611050PE,CRUDEOIL,15OCT2026,1105000.000000,100,OPTFUT,MCX,10.000000,10000,False
580673,CRUDEOIL15OCT2611150PE,CRUDEOIL,15OCT2026,1115000.000000,100,OPTFUT,MCX,10.000000,10000,False
580675,CRUDEOIL15OCT2611250PE,CRUDEOIL,15OCT2026,1125000.000000,100,OPTFUT,MCX,10.000000,10000,False
580677,CRUDEOIL15OCT2611350PE,CRUDEOIL,15OCT2026,1135000.000000,100,OPTFUT,MCX,10.000000,10000,False
580694,CRUDEOILM15OCT267100CE,CRUDEOILM,15OCT2026,710000.000000,10,OPTFUT,MCX,5.000000,10000,False
580730,CRUDEOILM15OCT265300CE,CRUDEOILM,15OCT2026,530000.000000,10,OPTFUT,MCX,5.000000,10000,False
580736,CRUDEOILM15OCT265000CE,CRUDEOILM,15OCT2026,500000.000000,10,OPTFUT,MCX,5.000000,10000,False
580737,CRUDEOILM15OCT264950CE,CRUDEOILM,15OCT2026,495000.000000,10,OPTFUT,MCX,5.000000,10000,False
580750,CRUDEOILM15OCT264300CE,CRUDEOILM,15OCT2026,430000.000000,10,OPTFUT,MCX,5.000000,10000,False
580760,CRUDEOILM15OCT267950CE,CRUDEOILM,15OCT2026,795000.000000,10,OPTFUT,MCX,5.000000,10000,False
580761,CRUDEOILM15OCT268000CE,CRUDEOILM,15OCT2026,800000.000000,10,OPTFUT,MCX,5.000000,10000,False
580765,CRUDEOILM15OCT268200CE,CRUDEOILM,15OCT2026,820000.000000,10,OPTFUT,MCX,5.000000,10000,False
580777,CRUDEOILM15OCT268800CE,CRUDEOILM,15OCT2026,880000.000000,10,OPTFUT,MCX,5.000000,10000,False
580779,CRUDEOILM15OCT268900CE,CRUDEOILM,15OCT2026,890000.000000,10,OPTFUT,MCX,5.000000,10000,False
580782,CRUDEOILM15OCT269050CE,CRUDEOILM,15OCT2026,905000.000000,10,OPTFUT,MCX,5.000000,10000,False
580801,CRUDEOILM15OCT2610000CE,CRUDEOILM,15OCT2026,1000000.000000,10,OPTFUT,MCX,5.000000,10000,False
580802,CRUDEOILM15OCT2610050CE,CRUDEOILM,15OCT2026,1005000.000000,10,OPTFUT,MCX,5.000000,10000,False
580807,CRUDEOILM15OCT2610300CE,CRUDEOILM,15OCT2026,1030000.000000,10,OPTFUT,MCX,5.000000,10000,False
580810,CRUDEOILM15OCT2610450CE,CRUDEOILM,15OCT2026,1045000.000000,10,OPTFUT,MCX,5.000000,10000,False
580812,CRUDEOILM15OCT2610550CE,CRUDEOILM,15OCT2026,1055000.000000,10,OPTFUT,MCX,5.000000,10000,False
580815,CRUDEOILM15OCT2610700CE,CRUDEOILM,15OCT2026,1070000.000000,10,OPTFUT,MCX,5.000000,10000,False
580817,CRUDEOILM15OCT2610800CE,CRUDEOILM,15OCT2026,1080000.000000,10,OPTFUT,MCX,5.000000,10000,False
580819,CRUDEOILM15OCT2610900CE,CRUDEOILM,15OCT2026,1090000.000000,10,OPTFUT,MCX,5.000000,10000,False
580826,CRUDEOILM15OCT2611250CE,CRUDEOILM,15OCT2026,1125000.000000,10,OPTFUT,MCX,5.000000,10000,False
580832,CRUDEOILM17SEP2611600PE,CRUDEOILM,17SEP2026,1160000.000000,10,OPTFUT,MCX,5.000000,10000,False
580835,CRUDEOILM15OCT267600PE,CRUDEOILM,15OCT2026,760000.000000,10,OPTFUT,MCX,5.000000,10000,False
580840,CRUDEOILM15OCT267350PE,CRUDEOILM,15OCT2026,735000.000000,10,OPTFUT,MCX,5.000000,10000,False
580853,CRUDEOILM15OCT266700PE,CRUDEOILM,15OCT2026,670000.000000,10,OPTFUT,MCX,5.000000,10000,False
580863,CRUDEOILM15OCT266200PE,CRUDEOILM,15OCT2026,620000.000000,10,OPTFUT,MCX,5.000000,10000,False
580864,CRUDEOILM15OCT266150PE,CRUDEOILM,15OCT2026,615000.000000,10,OPTFUT,MCX,5.000000,10000,False
580867,CRUDEOILM15OCT266000PE,CRUDEOILM,15OCT2026,600000.000000,10,OPTFUT,MCX,5.000000,10000,False
580872,CRUDEOILM15OCT265750PE,CRUDEOILM,15OCT2026,575000.000000,10,OPTFUT,MCX,5.000000,10000,False
580887,CRUDEOILM15OCT265000PE,CRUDEOILM,15OCT2026,500000.000000,10,OPTFUT,MCX,5.000000,10000,False
580890,CRUDEOILM15OCT264850PE,CRUDEOILM,15OCT2026,485000.000000,10,OPTFUT,MCX,5.000000,10000,False
580893,CRUDEOILM15OCT264700PE,CRUDEOILM,15OCT2026,470000.000000,10,OPTFUT,MCX,5.000000,10000,False
580914,CRUDEOILM15OCT268100PE,CRUDEOILM,15OCT2026,810000.000000,10,OPTFUT,MCX,5.000000,10000,False
580929,CRUDEOILM15OCT268850PE,CRUDEOILM,15OCT2026,885000.000000,10,OPTFUT,MCX,5.000000,10000,False
580935,CRUDEOILM15OCT269150PE,CRUDEOILM,15OCT2026,915000.000000,10,OPTFUT,MCX,5.000000,10000,False
580944,CRUDEOILM15OCT269600PE,CRUDEOILM,15OCT2026,960000.000000,10,OPTFUT,MCX,5.000000,10000,False
580959,CRUDEOILM15OCT2610350PE,CRUDEOILM,15OCT2026,1035000.000000,10,OPTFUT,MCX,5.000000,10000,False
580969,CRUDEOILM15OCT2610850PE,CRUDEOILM,15OCT2026,1085000.000000,10,OPTFUT,MCX,5.000000,10000,False
580971,CRUDEOILM15OCT2610950PE,CRUDEOILM,15OCT2026,1095000.000000,10,OPTFUT,MCX,5.000000,10000,False
580973,CRUDEOILM15OCT2611050PE,CRUDEOILM,15OCT2026,1105000.000000,10,OPTFUT,MCX,5.000000,10000,False
580975,CRUDEOILM15OCT2611150PE,CRUDEOILM,15OCT2026,1115000.000000,10,OPTFUT,MCX,5.000000,10000,False
580983,COPPER23OCT261520CE,COPPER,23OCT2026,152000.000000,2500,OPTFUT,MCX,1.000000,70000,False
580984,COPPER23OCT261530CE,COPPER,23OCT2026,153000.000000,2500,OPTFUT,MCX,1.000000,70000,False
581015,SILVER26MAY27280000PE,SILVER,26MAY2027,28000000.000000,30,OPTFUT,MCX,50.000000,600,False
581030,ZINC23SEP26425PE,ZINC,23SEP2026,42500.000000,5,OPTFUT,MCX,1.000000,100,False
581038,CRUDEOILM17SEP2611900PE,CRUDEOILM,17SEP2026,1190000.000000,10,OPTFUT,MCX,5.000000,10000,False
581041,CRUDEOIL17SEP2611950CE,CRUDEOIL,17SEP2026,1195000.000000,100,OPTFUT,MCX,10.000000,10000,False
581047,CRUDEOIL17SEP2612250CE,CRUDEOIL,17SEP2026,1225000.000000,100,OPTFUT,MCX,10.000000,10000,False
581053,CRUDEOIL15OCT2611850CE,CRUDEOIL,15OCT2026,1185000.000000,100,OPTFUT,MCX,10.000000,10000,False
581072,CRUDEOIL15OCT2612000PE,CRUDEOIL,15OCT2026,1200000.000000,100,OPTFUT,MCX,10.000000,10000,False
581078,CRUDEOILM17SEP2612100CE,CRUDEOILM,17SEP2026,1210000.000000,10,OPTFUT,MCX,5.000000,10000,False
581093,CRUDEOILM17SEP2612050PE,CRUDEOILM,17SEP2026,1205000.000000,10,OPTFUT,MCX,5.000000,10000,False
581112,CRUDEOIL15OCT263900PE,CRUDEOIL,15OCT2026,390000.000000,100,OPTFUT,MCX,10.000000,10000,False
581119,CRUDEOILM15OCT263950CE,CRUDEOILM,15OCT2026,395000.000000,10,OPTFUT,MCX,5.000000,10000,False
581145,CRUDEOIL15OCT263600PE,CRUDEOIL,15OCT2026,360000.000000,100,OPTFUT,MCX,10.000000,10000,False
581149,NATURALGAS23SEP2670CE,NATURALGAS,23SEP2026,7000.000000,1250,OPTFUT,MCX,5.000000,60000,False
581158,NATURALGAS23OCT26250CE,NATURALGAS,23OCT2026,25000.000000,1250,OPTFUT,MCX,5.000000,60000,False
581161,NATURALGAS23OCT26235CE,NATURALGAS,23OCT2026,23500.000000,1250,OPTFUT,MCX,5.000000,60000,False
581176,NATURALGAS23OCT26160CE,NATURALGAS,23OCT2026,16000.000000,1250,OPTFUT,MCX,5.000000,60000,False
581209,NATURALGAS23OCT26385CE,NATURALGAS,23OCT2026,38500.000000,1250,OPTFUT,MCX,5.000000,60000,False
581229,NATURALGAS23OCT26485CE,NATURALGAS,23OCT2026,48500.000000,1250,OPTFUT,MCX,5.000000,60000,False
581237,NATURALGAS23OCT26275PE,NATURALGAS,23OCT2026,27500.000000,1250,OPTFUT,MCX,5.000000,60000,False
581282,NATURALGAS23OCT26330PE,NATURALGAS,23OCT2026,33000.000000,1250,OPTFUT,MCX,5.000000,60000,False
581284,NATURALGAS23OCT26340PE,NATURALGAS,23OCT2026,34000.000000,1250,OPTFUT,MCX,5.000000,60000,False
581301,NATURALGAS23OCT26425PE,NATURALGAS,23OCT2026,42500.000000,1250,OPTFUT,MCX,5.000000,60000,False
581317,SILVER27NOV26180000CE,SILVER,27NOV2026,18000000.000000,30,OPTFUT,MCX,50.000000,600,False
581322,SILVER26MAY27189000CE,SILVER,26MAY2027,18900000.000000,30,OPTFUT,MCX,50.000000,600,False
581346,SILVERM19FEB27189000CE,SILVERM,19FEB2027,18900000.000000,5,OPTFUT,MCX,50.000000,600,False
581351,SILVERM23JUN27196000CE,SILVERM,23JUN2027,19600000.000000,5,OPTFUT,MCX,50.000000,600,False
581363,SILVERM25MAR27192000PE,SILVERM,25MAR2027,19200000.000000,5,OPTFUT,MCX,50.000000,600,False
581395,NATGASMINI23OCT26235CE,NATGASMINI,23OCT2026,23500.000000,250,OPTFUT,MCX,5.000000,60000,False
581401,NATGASMINI23OCT26205CE,NATGASMINI,23OCT2026,20500.000000,250,OPTFUT,MCX,5.000000,60000,False
581411,NATGASMINI23OCT26155CE,NATGASMINI,23OCT2026,15500.000000,250,OPTFUT,MCX,5.000000,60000,False
581433,NATGASMINI23OCT26335CE,NATGASMINI,23OCT2026,33500.000000,250,OPTFUT,MCX,5.000000,60000,False
581439,NATGASMINI23OCT26365CE,NATGASMINI,23OCT2026,36500.000000,250,OPTFUT,MCX,5.000000,60000,False
581447,NATGASMINI23OCT26405CE,NATGASMINI,23OCT2026,40500.000000,250,OPTFUT,MCX,5.000000,60000,False
581450,NATGASMINI23OCT26420CE,NATGASMINI,23OCT2026,42000.000000,250,OPTFUT,MCX,5.000000,60000,False
581452,NATGASMINI23OCT26430CE,NATGASMINI,23OCT2026,43000.000000,250,OPTFUT,MCX,5.000000,60000,False
581455,NATGASMINI23OCT26445CE,NATGASMINI,23OCT2026,44500.000000,250,OPTFUT,MCX,5.000000,60000,False
581473,NATGASMINI23OCT26265PE,NATGASMINI,23OCT2026,26500.000000,250,OPTFUT,MCX,5.000000,60000,False
581499,NATGASMINI23OCT26135PE,NATGASMINI,23OCT2026,13500.000000,250,OPTFUT,MCX,5.000000,60000,False
581511,NATGASMINI23OCT26305PE,NATGASMINI,23OCT2026,30500.000000,250,OPTFUT,MCX,5.000000,60000,False
581515,NATGASMINI23OCT26325PE,NATGASMINI,23OCT2026,32500.000000,250,OPTFUT,MCX,5.000000,60000,False
581519,NATGASMINI23OCT26345PE,NATGASMINI,23OCT2026,34500.000000,250,OPTFUT,MCX,5.000000,60000,False
581523,NATGASMINI23OCT26365PE,NATGASMINI,23OCT2026,36500.000000,250,OPTFUT,MCX,5.000000,60000,False
581529,NATGASMINI23OCT26395PE,NATGASMINI,23OCT2026,39500.000000,250,OPTFUT,MCX,5.000000,60000,False
581533,NATGASMINI23OCT26415PE,NATGASMINI,23OCT2026,41500.000000,250,OPTFUT,MCX,5.000000,60000,False
581534,NATGASMINI23OCT26420PE,NATGASMINI,23OCT2026,42000.000000,250,OPTFUT,MCX,5.000000,60000,False
581543,NATGASMINI23OCT26465PE,NATGASMINI,23OCT2026,46500.000000,250,OPTFUT,MCX,5.000000,60000,False
581551,NATURALGAS23OCT26495CE,NATURALGAS,23OCT2026,49500.000000,1250,OPTFUT,MCX,5.000000,60000,False
581563,MCXBULLDEX28OCT2631900CE,MCXBULLDEX,28OCT2026,3190000.000000,30,OPTIDX,MCX,5.000000,900,False
581578,MCXBULLDEX28OCT2630400CE,MCXBULLDEX,28OCT2026,3040000.000000,30,OPTIDX,MCX,5.000000,900,False
581594,MCXBULLDEX28OCT2633300CE,MCXBULLDEX,28OCT2026,3330000.000000,30,OPTIDX,MCX,5.000000,900,False
581605,MCXBULLDEX28OCT2634400CE,MCXBULLDEX,28OCT2026,3440000.000000,30,OPTIDX,MCX,5.000000,900,False
581609,MCXBULLDEX28OCT2634800CE,MCXBULLDEX,28OCT2026,3480000.000000,30,OPTIDX,MCX,5.000000,900,False
581617,MCXBULLDEX28OCT2635600CE,MCXBULLDEX,28OCT2026,3560000.000000,30,OPTIDX,MCX,5.000000,900,False
581677,MCXBULLDEX28OCT2634600PE,MCXBULLDEX,28OCT2026,3460000.000000,30,OPTIDX,MCX,5.000000,900,False
581691,MCXBULLDEX28OCT2636000PE,MCXBULLDEX,28OCT2026,3600000.000000,30,OPTIDX,MCX,5.000000,900,False
581700,MCXBULLDEX28OCT2636600PE,MCXBULLDEX,28OCT2026,3660000.000000,30,OPTIDX,MCX,5.000000,900,False
581705,GOLDGUINEA29JAN27FUT,GOLDGUINEA,29JAN2027,0.000000,8,FUTCOM,MCX,100.000000,10000,False
581706,GOLDPETAL29JAN27FUT,GOLDPETAL,29JAN2027,0.000000,1,FUTCOM,MCX,100.000000,10000,False
581707,GOLDTEN29JAN27FUT,GOLDTEN,29JAN2027,0.000000,10,FUTCOM,MCX,100.000000,10000,False
581711,CARDAMOM31DEC26FUT,CARDAMOM,31DEC2026,0.000000,100,FUTCOM,MCX,100.000000,5000,False
581726,COPPER23NOV261330CE,COPPER,23NOV2026,133000.000000,2500,OPTFUT,MCX,1.000000,70000,False
581733,COPPER23NOV261260CE,COPPER,23NOV2026,126000.000000,2500,OPTFUT,MCX,1.000000,70000,False
581735,COPPER23NOV261240CE,COPPER,23NOV2026,124000.000000,2500,OPTFUT,MCX,1.000000,70000,False
581746,COPPER23NOV261440CE,COPPER,23NOV2026,144000.000000,2500,OPTFUT,MCX,1.000000,70000,False
581749,COPPER23NOV261470CE,COPPER,23NOV2026,147000.000000,2500,OPTFUT,MCX,1.000000,70000,False
581752,COPPER23NOV261500CE,COPPER,23NOV2026,150000.000000,2500,OPTFUT,MCX,1.000000,70000,False
581762,COPPER23NOV261270PE,COPPER,23NOV2026,127000.000000,2500,OPTFUT,MCX,1.000000,70000,False
581768,COPPER23NOV261210PE,COPPER,23NOV2026,121000.000000,2500,OPTFUT,MCX,1.000000,70000,False
581771,COPPER23NOV261390PE,COPPER,23NOV2026,139000.000000,2500,OPTFUT,MCX,1.000000,70000,False
581774,COPPER23NOV261420PE,COPPER,23NOV2026,142000.000000,2500,OPTFUT,MCX,1.000000,70000,False
581776,COPPER23NOV261440PE,COPPER,23NOV2026,144000.000000,2500,OPTFUT,MCX,1.000000,70000,False
581781,COPPER23NOV261490PE,COPPER,23NOV2026,149000.000000,2500,OPTFUT,MCX,1.000000,70000,False
581797,ZINC23NOV26375CE,ZINC,23NOV2026,37500.000000,5,OPTFUT,MCX,1.000000,100,False
581812,ZINC23NOV26355PE,ZINC,23NOV2026,35500.000000,5,OPTFUT,MCX,1.000000,100,False
581829,ZINC23NOV26420PE,ZINC,23NOV2026,42000.000000,5,OPTFUT,MCX,1.000000,100,False
581840,CRUDEOIL15OCT263500CE,CRUDEOIL,15OCT2026,350000.000000,100,OPTFUT,MCX,10.000000,10000,False
581862,CRUDEOILM15OCT263500CE,CRUDEOILM,15OCT2026,350000.000000,10,OPTFUT,MCX,5.000000,10000,False
581873,CRUDEOILM15OCT263250PE,CRUDEOILM,15OCT2026,325000.000000,10,OPTFUT,MCX,5.000000,10000,False
581883,COPPER23OCT261540CE,COPPER,23OCT2026,154000.000000,2500,OPTFUT,MCX,1.000000,70000,False
581902,GOLDM29OCT26141000CE,GOLDM,29OCT2026,14100000.000000,100,OPTFUT,MCX,50.000000,10000,False
581906,GOLDM29OCT26139000CE,GOLDM,29OCT2026,13900000.000000,100,OPTFUT,MCX,50.000000,10000,False
581914,GOLDM29OCT26135000CE,GOLDM,29OCT2026,13500000.000000,100,OPTFUT,MCX,50.000000,10000,False
581916,GOLDM29OCT26134000CE,GOLDM,29OCT2026,13400000.000000,100,OPTFUT,MCX,50.000000,10000,False
581924,GOLDM29OCT26130000CE,GOLDM,29OCT2026,13000000.000000,100,OPTFUT,MCX,50.000000,10000,False
581939,GOLDM29OCT26150500CE,GOLDM,29OCT2026,15050000.000000,100,OPTFUT,MCX,50.000000,10000,False
581943,GOLDM29OCT26152500CE,GOLDM,29OCT2026,15250000.000000,100,OPTFUT,MCX,50.000000,10000,False
581952,GOLDM29OCT26157000CE,GOLDM,29OCT2026,15700000.000000,100,OPTFUT,MCX,50.000000,10000,False
581953,GOLDM29OCT26157500CE,GOLDM,29OCT2026,15750000.000000,100,OPTFUT,MCX,50.000000,10000,False
581957,GOLDM29OCT26159500CE,GOLDM,29OCT2026,15950000.000000,100,OPTFUT,MCX,50.000000,10000,False
581958,GOLDM29OCT26160000CE,GOLDM,29OCT2026,16000000.000000,100,OPTFUT,MCX,50.000000,10000,False
581962,GOLDM29OCT26162000CE,GOLDM,29OCT2026,16200000.000000,100,OPTFUT,MCX,50.000000,10000,False
581983,GOLDM29OCT26172500CE,GOLDM,29OCT2026,17250000.000000,100,OPTFUT,MCX,50.000000,10000,False
581990,GOLDM29OCT26147000PE,GOLDM,29OCT2026,14700000.000000,100,OPTFUT,MCX,50.000000,10000,False
582005,GOLDM29OCT26139500PE,GOLDM,29OCT2026,13950000.000000,100,OPTFUT,MCX,50.000000,10000,False
582007,GOLDM29OCT26138500PE,GOLDM,29OCT2026,13850000.000000,100,OPTFUT,MCX,50.000000,10000,False
582016,GOLDM29OCT26134000PE,GOLDM,29OCT2026,13400000.000000,100,OPTFUT,MCX,50.000000,10000,False
582026,GOLDM29OCT26129000PE,GOLDM,29OCT2026,12900000.000000,100,OPTFUT,MCX,50.000000,10000,False
582032,GOLDM29OCT26126000PE,GOLDM,29OCT2026,12600000.000000,100,OPTFUT,MCX,50.000000,10000,False
582042,GOLDM29OCT26152000PE,GOLDM,29OCT2026,15200000.000000,100,OPTFUT,MCX,50.000000,10000,False
582046,GOLDM29OCT26154000PE,GOLDM,29OCT2026,15400000.000000,100,OPTFUT,MCX,50.000000,10000,False
582051,GOLDM29OCT26156500PE,GOLDM,29OCT2026,15650000.000000,100,OPTFUT,MCX,50.000000,10000,False
582055,GOLDM29OCT26158500PE,GOLDM,29OCT2026,15850000.000000,100,OPTFUT,MCX,50.000000,10000,False
582056,GOLDM29OCT26159000PE,GOLDM,29OCT2026,15900000.000000,100,OPTFUT,MCX,50.000000,10000,False
582076,GOLDM29OCT26169000PE,GOLDM,29OCT2026,16900000.000000,100,OPTFUT,MCX,50.000000,10000,False
582071,GOLDM29OCT26166500PE,GOLDM,29OCT2026,16650000.000000,100,OPTFUT,MCX,50.000000,10000,False
582104,MCXBULLDEX28OCT2636700PE,MCXBULLDEX,28OCT2026,3670000.000000,30,OPTIDX,MCX,5.000000,900,False
582106,MCXBULLDEX28OCT2636900PE,MCXBULLDEX,28OCT2026,3690000.000000,30,OPTIDX,MCX,5.000000,900,False
582117,NATURALGAS23OCT2680CE,NATURALGAS,23OCT2026,8000.000000,1250,OPTFUT,MCX,5.000000,60000,False
582122,SILVERM26MAY27289000CE,SILVERM,26MAY2027,28900000.000000,5,OPTFUT,MCX,50.000000,600,False
582125,SILVERM23JUN27288000CE,SILVERM,23JUN2027,28800000.000000,5,OPTFUT,MCX,50.000000,600,False
582132,SILVERM23JUN27287000PE,SILVERM,23JUN2027,28700000.000000,5,OPTFUT,MCX,50.000000,600,False
582151,GOLDM29OCT26176000PE,GOLDM,29OCT2026,17600000.000000,100,OPTFUT,MCX,50.000000,10000,False
582163,SILVER28JUN27283000CE,SILVER,28JUN2027,28300000.000000,30,OPTFUT,MCX,50.000000,600,False
582164,SILVER28JUN27284000CE,SILVER,28JUN2027,28400000.000000,30,OPTFUT,MCX,50.000000,600,False
582175,SILVER26MAY27288000PE,SILVER,26MAY2027,28800000.000000,30,OPTFUT,MCX,50.000000,600,False
582185,SILVERM23JUN27290000CE,SILVERM,23JUN2027,29000000.000000,5,OPTFUT,MCX,50.000000,600,False
582189,SILVERM23JUN27290000PE,SILVERM,23JUN2027,29000000.000000,5,OPTFUT,MCX,50.000000,600,False
582194,MCXBULLDEX28OCT2637600CE,MCXBULLDEX,28OCT2026,3760000.000000,30,OPTIDX,MCX,5.000000,900,False
582201,MCXBULLDEX28OCT2638300CE,MCXBULLDEX,28OCT2026,3830000.000000,30,OPTIDX,MCX,5.000000,900,False
582202,MCXBULLDEX25SEP2638100PE,MCXBULLDEX,25SEP2026,3810000.000000,30,OPTIDX,MCX,5.000000,900,False
582209,MCXBULLDEX28OCT2638000PE,MCXBULLDEX,28OCT2026,3800000.000000,30,OPTIDX,MCX,5.000000,900,False
582233,GOLDM25SEP26178000PE,GOLDM,25SEP2026,17800000.000000,100,OPTFUT,MCX,50.000000,10000,False
582234,GOLDM29OCT26178000PE,GOLDM,29OCT2026,17800000.000000,100,OPTFUT,MCX,50.000000,10000,False
582242,SILVER26MAY27294000CE,SILVER,26MAY2027,29400000.000000,30,OPTFUT,MCX,50.000000,600,False
582245,SILVER28JUN27291000CE,SILVER,28JUN2027,29100000.000000,30,OPTFUT,MCX,50.000000,600,False
582286,SILVERM23JUN27296000PE,SILVERM,23JUN2027,29600000.000000,5,OPTFUT,MCX,50.000000,600,False
582250,SILVER26MAY27290000PE,SILVER,26MAY2027,29000000.000000,30,OPTFUT,MCX,50.000000,600,False
582258,SILVER28JUN27292000PE,SILVER,28JUN2027,29200000.000000,30,OPTFUT,MCX,50.000000,600,False
582285,SILVERM23JUN27295000PE,SILVERM,23JUN2027,29500000.000000,5,OPTFUT,MCX,50.000000,600,False
582289,MCXBULLDEX25SEP2638400CE,MCXBULLDEX,25SEP2026,3840000.000000,30,OPTIDX,MCX,5.000000,900,False
582290,MCXBULLDEX25SEP2638500CE,MCXBULLDEX,25SEP2026,3850000.000000,30,OPTIDX,MCX,5.000000,900,False
582297,MCXBULLDEX25SEP2638400PE,MCXBULLDEX,25SEP2026,3840000.000000,30,OPTIDX,MCX,5.000000,900,False
582303,MCXBULLDEX28OCT2638600PE,MCXBULLDEX,28OCT2026,3860000.000000,30,OPTIDX,MCX,5.000000,900,False
582327,GOLDM29OCT26180500PE,GOLDM,29OCT2026,18050000.000000,100,OPTFUT,MCX,50.000000,10000,False
582328,GOLDM29OCT26181000PE,GOLDM,29OCT2026,18100000.000000,100,OPTFUT,MCX,50.000000,10000,False
582337,SILVER26MAY27295000PE,SILVER,26MAY2027,29500000.000000,30,OPTFUT,MCX,50.000000,600,False
582340,SILVER28JUN27295000PE,SILVER,28JUN2027,29500000.000000,30,OPTFUT,MCX,50.000000,600,False
582346,SILVERM23JUN27302000CE,SILVERM,23JUN2027,30200000.000000,5,OPTFUT,MCX,50.000000,600,False
582351,NATGASMINI23OCT26500CE,NATGASMINI,23OCT2026,50000.000000,250,OPTFUT,MCX,5.000000,60000,False
582357,MCXBULLDEX28OCT2638900CE,MCXBULLDEX,28OCT2026,3890000.000000,30,OPTIDX,MCX,5.000000,900,False
582360,MCXBULLDEX25SEP2638900PE,MCXBULLDEX,25SEP2026,3890000.000000,30,OPTIDX,MCX,5.000000,900,False
582366,GOLD30JUN27160500CE,GOLD,30JUN2027,16050000.000000,1,OPTFUT,MCX,50.000000,100,False
582369,GOLD29JUL27160500PE,GOLD,29JUL2027,16050000.000000,1,OPTFUT,MCX,50.000000,100,False
582379,GOLD30JUN27156000CE,GOLD,30JUN2027,15600000.000000,1,OPTFUT,MCX,50.000000,100,False
582387,GOLD30JUN27152000CE,GOLD,30JUN2027,15200000.000000,1,OPTFUT,MCX,50.000000,100,False
582402,GOLD30JUN27144500CE,GOLD,30JUN2027,14450000.000000,1,OPTFUT,MCX,50.000000,100,False
582406,GOLD30JUN27142500CE,GOLD,30JUN2027,14250000.000000,1,OPTFUT,MCX,50.000000,100,False
582413,GOLD30JUN27139000CE,GOLD,30JUN2027,13900000.000000,1,OPTFUT,MCX,50.000000,100,False
582417,GOLD30JUN27137000CE,GOLD,30JUN2027,13700000.000000,1,OPTFUT,MCX,50.000000,100,False
582427,GOLD30JUN27164000CE,GOLD,30JUN2027,16400000.000000,1,OPTFUT,MCX,50.000000,100,False
582444,GOLD30JUN27172500CE,GOLD,30JUN2027,17250000.000000,1,OPTFUT,MCX,50.000000,100,False
582448,GOLD30JUN27174500CE,GOLD,30JUN2027,17450000.000000,1,OPTFUT,MCX,50.000000,100,False
582458,GOLD30JUN27179500CE,GOLD,30JUN2027,17950000.000000,1,OPTFUT,MCX,50.000000,100,False
582466,GOLD30JUN27183500CE,GOLD,30JUN2027,18350000.000000,1,OPTFUT,MCX,50.000000,100,False
582488,GOLD29JUL27151500CE,GOLD,29JUL2027,15150000.000000,1,OPTFUT,MCX,50.000000,100,False
582490,GOLD29JUL27150500CE,GOLD,29JUL2027,15050000.000000,1,OPTFUT,MCX,50.000000,100,False
582491,GOLD29JUL27150000CE,GOLD,29JUL2027,15000000.000000,1,OPTFUT,MCX,50.000000,100,False
582492,GOLD29JUL27149500CE,GOLD,29JUL2027,14950000.000000,1,OPTFUT,MCX,50.000000,100,False
582514,GOLD29JUL27138500CE,GOLD,29JUL2027,13850000.000000,1,OPTFUT,MCX,50.000000,100,False
582521,GOLD29JUL27161000CE,GOLD,29JUL2027,16100000.000000,1,OPTFUT,MCX,50.000000,100,False
582527,GOLD29JUL27164000CE,GOLD,29JUL2027,16400000.000000,1,OPTFUT,MCX,50.000000,100,False
582533,GOLD29JUL27167000CE,GOLD,29JUL2027,16700000.000000,1,OPTFUT,MCX,50.000000,100,False
582534,GOLD29JUL27167500CE,GOLD,29JUL2027,16750000.000000,1,OPTFUT,MCX,50.000000,100,False
582543,GOLD29JUL27172000CE,GOLD,29JUL2027,17200000.000000,1,OPTFUT,MCX,50.000000,100,False
582574,GOLD30JUN27158500PE,GOLD,30JUN2027,15850000.000000,1,OPTFUT,MCX,50.000000,100,False
582577,GOLD30JUN27157000PE,GOLD,30JUN2027,15700000.000000,1,OPTFUT,MCX,50.000000,100,False
582600,GOLD30JUN27145500PE,GOLD,30JUN2027,14550000.000000,1,OPTFUT,MCX,50.000000,100,False
582606,GOLD30JUN27142500PE,GOLD,30JUN2027,14250000.000000,1,OPTFUT,MCX,50.000000,100,False
582617,GOLD30JUN27137000PE,GOLD,30JUN2027,13700000.000000,1,OPTFUT,MCX,50.000000,100,False
582628,GOLD30JUN27164500PE,GOLD,30JUN2027,16450000.000000,1,OPTFUT,MCX,50.000000,100,False
582634,GOLD30JUN27167500PE,GOLD,30JUN2027,16750000.000000,1,OPTFUT,MCX,50.000000,100,False
582638,GOLD30JUN27169500PE,GOLD,30JUN2027,16950000.000000,1,OPTFUT,MCX,50.000000,100,False
582651,GOLD30JUN27176000PE,GOLD,30JUN2027,17600000.000000,1,OPTFUT,MCX,50.000000,100,False
582652,GOLD30JUN27176500PE,GOLD,30JUN2027,17650000.000000,1,OPTFUT,MCX,50.000000,100,False
582671,GOLD29JUL27160000PE,GOLD,29JUL2027,16000000.000000,1,OPTFUT,MCX,50.000000,100,False
582676,GOLD29JUL27157500PE,GOLD,29JUL2027,15750000.000000,1,OPTFUT,MCX,50.000000,100,False
582678,GOLD29JUL27156500PE,GOLD,29JUL2027,15650000.000000,1,OPTFUT,MCX,50.000000,100,False
582690,GOLD29JUL27150500PE,GOLD,29JUL2027,15050000.000000,1,OPTFUT,MCX,50.000000,100,False
582691,GOLD29JUL27150000PE,GOLD,29JUL2027,15000000.000000,1,OPTFUT,MCX,50.000000,100,False
582695,GOLD29JUL27148000PE,GOLD,29JUL2027,14800000.000000,1,OPTFUT,MCX,50.000000,100,False
582697,GOLD29JUL27147000PE,GOLD,29JUL2027,14700000.000000,1,OPTFUT,MCX,50.000000,100,False
582720,GOLD29JUL27135500PE,GOLD,29JUL2027,13550000.000000,1,OPTFUT,MCX,50.000000,100,False
582721,GOLD29JUL27161000PE,GOLD,29JUL2027,16100000.000000,1,OPTFUT,MCX,50.000000,100,False
582725,GOLD29JUL27163000PE,GOLD,29JUL2027,16300000.000000,1,OPTFUT,MCX,50.000000,100,False
582728,GOLD29JUL27164500PE,GOLD,29JUL2027,16450000.000000,1,OPTFUT,MCX,50.000000,100,False
582730,GOLD29JUL27165500PE,GOLD,29JUL2027,16550000.000000,1,OPTFUT,MCX,50.000000,100,False
582735,GOLD29JUL27168000PE,GOLD,29JUL2027,16800000.000000,1,OPTFUT,MCX,50.000000,100,False
582745,GOLD29JUL27173000PE,GOLD,29JUL2027,17300000.000000,1,OPTFUT,MCX,50.000000,100,False
582747,GOLD29JUL27174000PE,GOLD,29JUL2027,17400000.000000,1,OPTFUT,MCX,50.000000,100,False
582749,GOLD29JUL27175000PE,GOLD,29JUL2027,17500000.000000,1,OPTFUT,MCX,50.000000,100,False
582751,GOLD29JUL27176000PE,GOLD,29JUL2027,17600000.000000,1,OPTFUT,MCX,50.000000,100,False
582765,GOLD29JUL27183000PE,GOLD,29JUL2027,18300000.000000,1,OPTFUT,MCX,50.000000,100,False
582777,GOLD30JUN27186000CE,GOLD,30JUN2027,18600000.000000,1,OPTFUT,MCX,50.000000,100,False
582785,GOLD29JUL27186000CE,GOLD,29JUL2027,18600000.000000,1,OPTFUT,MCX,50.000000,100,False
582791,GOLD29JUL27189000CE,GOLD,29JUL2027,18900000.000000,1,OPTFUT,MCX,50.000000,100,False
582796,GOLD30JUN27187500PE,GOLD,30JUN2027,18750000.000000,1,OPTFUT,MCX,50.000000,100,False
582818,ZINC23SEP26445PE,ZINC,23SEP2026,44500.000000,5,OPTFUT,MCX,1.000000,100,False
582822,MCXBULLDEX28OCT2639200CE,MCXBULLDEX,28OCT2026,3920000.000000,30,OPTIDX,MCX,5.000000,900,False
582829,CRUDEOIL17NOV267900CE,CRUDEOIL,17NOV2026,790000.000000,100,OPTFUT,MCX,10.000000,10000,False
582830,CRUDEOIL17NOV267900PE,CRUDEOIL,17NOV2026,790000.000000,100,OPTFUT,MCX,10.000000,10000,False
582831,CRUDEOILM17NOV267900CE,CRUDEOILM,17NOV2026,790000.000000,10,OPTFUT,MCX,5.000000,10000,False
582849,CRUDEOIL17NOV267100CE,CRUDEOIL,17NOV2026,710000.000000,100,OPTFUT,MCX,10.000000,10000,False
582919,CRUDEOIL17NOV268450CE,CRUDEOIL,17NOV2026,845000.000000,100,OPTFUT,MCX,10.000000,10000,False
582927,CRUDEOIL17NOV268850CE,CRUDEOIL,17NOV2026,885000.000000,100,OPTFUT,MCX,10.000000,10000,False
582948,CRUDEOIL17NOV269900CE,CRUDEOIL,17NOV2026,990000.000000,100,OPTFUT,MCX,10.000000,10000,False
582955,CRUDEOIL17NOV2610250CE,CRUDEOIL,17NOV2026,1025000.000000,100,OPTFUT,MCX,10.000000,10000,False
582961,CRUDEOIL17NOV2610550CE,CRUDEOIL,17NOV2026,1055000.000000,100,OPTFUT,MCX,10.000000,10000,False
583034,CRUDEOIL17NOV265350PE,CRUDEOIL,17NOV2026,535000.000000,100,OPTFUT,MCX,10.000000,10000,False
583040,CRUDEOIL17NOV265050PE,CRUDEOIL,17NOV2026,505000.000000,100,OPTFUT,MCX,10.000000,10000,False
583055,CRUDEOIL17NOV264300PE,CRUDEOIL,17NOV2026,430000.000000,100,OPTFUT,MCX,10.000000,10000,False
583056,CRUDEOIL17NOV264250PE,CRUDEOIL,17NOV2026,425000.000000,100,OPTFUT,MCX,10.000000,10000,False
583066,CRUDEOIL17NOV268300PE,CRUDEOIL,17NOV2026,830000.000000,100,OPTFUT,MCX,10.000000,10000,False
583078,CRUDEOIL17NOV268900PE,CRUDEOIL,17NOV2026,890000.000000,100,OPTFUT,MCX,10.000000,10000,False
583093,CRUDEOIL17NOV269650PE,CRUDEOIL,17NOV2026,965000.000000,100,OPTFUT,MCX,10.000000,10000,False
583096,CRUDEOIL17NOV269800PE,CRUDEOIL,17NOV2026,980000.000000,100,OPTFUT,MCX,10.000000,10000,False
583098,CRUDEOIL17NOV269900PE,CRUDEOIL,17NOV2026,990000.000000,100,OPTFUT,MCX,10.000000,10000,False
583110,CRUDEOIL17NOV2610500PE,CRUDEOIL,17NOV2026,1050000.000000,100,OPTFUT,MCX,10.000000,10000,False
583111,CRUDEOIL17NOV2610550PE,CRUDEOIL,17NOV2026,1055000.000000,100,OPTFUT,MCX,10.000000,10000,False
583112,CRUDEOIL17NOV2610600PE,CRUDEOIL,17NOV2026,1060000.000000,100,OPTFUT,MCX,10.000000,10000,False
583115,CRUDEOIL17NOV2610750PE,CRUDEOIL,17NOV2026,1075000.000000,100,OPTFUT,MCX,10.000000,10000,False
583114,CRUDEOIL17NOV2610700PE,CRUDEOIL,17NOV2026,1070000.000000,100,OPTFUT,MCX,10.000000,10000,False
583117,CRUDEOIL17NOV2610850PE,CRUDEOIL,17NOV2026,1085000.000000,100,OPTFUT,MCX,10.000000,10000,False
583136,GOLD30JUN27191000CE,GOLD,30JUN2027,19100000.000000,1,OPTFUT,MCX,50.000000,100,False
583147,GOLD29JUL27190500PE,GOLD,29JUL2027,19050000.000000,1,OPTFUT,MCX,50.000000,100,False
583151,GOLDM25SEP26182000CE,GOLDM,25SEP2026,18200000.000000,100,OPTFUT,MCX,50.000000,10000,False
583162,GOLDM29OCT26182500PE,GOLDM,29OCT2026,18250000.000000,100,OPTFUT,MCX,50.000000,10000,False
583186,CRUDEOILM17NOV267050CE,CRUDEOILM,17NOV2026,705000.000000,10,OPTFUT,MCX,5.000000,10000,False
583188,CRUDEOILM17NOV266950CE,CRUDEOILM,17NOV2026,695000.000000,10,OPTFUT,MCX,5.000000,10000,False
583190,CRUDEOILM17NOV266850CE,CRUDEOILM,17NOV2026,685000.000000,10,OPTFUT,MCX,5.000000,10000,False
583200,CRUDEOILM17NOV266350CE,CRUDEOILM,17NOV2026,635000.000000,10,OPTFUT,MCX,5.000000,10000,False
583218,CRUDEOILM17NOV265450CE,CRUDEOILM,17NOV2026,545000.000000,10,OPTFUT,MCX,5.000000,10000,False
583220,CRUDEOILM17NOV265350CE,CRUDEOILM,17NOV2026,535000.000000,10,OPTFUT,MCX,5.000000,10000,False
583238,CRUDEOILM17NOV264450CE,CRUDEOILM,17NOV2026,445000.000000,10,OPTFUT,MCX,5.000000,10000,False
583247,CRUDEOILM17NOV268050CE,CRUDEOILM,17NOV2026,805000.000000,10,OPTFUT,MCX,5.000000,10000,False
583249,CRUDEOILM17NOV268150CE,CRUDEOILM,17NOV2026,815000.000000,10,OPTFUT,MCX,5.000000,10000,False
583269,CRUDEOILM17NOV269150CE,CRUDEOILM,17NOV2026,915000.000000,10,OPTFUT,MCX,5.000000,10000,False
583298,CRUDEOILM17NOV2610600CE,CRUDEOILM,17NOV2026,1060000.000000,10,OPTFUT,MCX,5.000000,10000,False
583305,CRUDEOILM17NOV2610950CE,CRUDEOILM,17NOV2026,1095000.000000,10,OPTFUT,MCX,5.000000,10000,False
583306,CRUDEOILM17NOV2611000CE,CRUDEOILM,17NOV2026,1100000.000000,10,OPTFUT,MCX,5.000000,10000,False
583312,CRUDEOILM17NOV2611300CE,CRUDEOILM,17NOV2026,1130000.000000,10,OPTFUT,MCX,5.000000,10000,False
583316,CRUDEOILM17NOV2611500CE,CRUDEOILM,17NOV2026,1150000.000000,10,OPTFUT,MCX,5.000000,10000,False
583323,CRUDEOILM17NOV267700PE,CRUDEOILM,17NOV2026,770000.000000,10,OPTFUT,MCX,5.000000,10000,False
583330,CRUDEOILM17NOV267350PE,CRUDEOILM,17NOV2026,735000.000000,10,OPTFUT,MCX,5.000000,10000,False
583344,CRUDEOILM17NOV266650PE,CRUDEOILM,17NOV2026,665000.000000,10,OPTFUT,MCX,5.000000,10000,False
583355,CRUDEOILM17NOV266100PE,CRUDEOILM,17NOV2026,610000.000000,10,OPTFUT,MCX,5.000000,10000,False
583357,CRUDEOILM17NOV266000PE,CRUDEOILM,17NOV2026,600000.000000,10,OPTFUT,MCX,5.000000,10000,False
583360,CRUDEOILM17NOV265850PE,CRUDEOILM,17NOV2026,585000.000000,10,OPTFUT,MCX,5.000000,10000,False
583363,CRUDEOILM17NOV265700PE,CRUDEOILM,17NOV2026,570000.000000,10,OPTFUT,MCX,5.000000,10000,False
583368,CRUDEOILM17NOV265450PE,CRUDEOILM,17NOV2026,545000.000000,10,OPTFUT,MCX,5.000000,10000,False
583371,CRUDEOILM17NOV265300PE,CRUDEOILM,17NOV2026,530000.000000,10,OPTFUT,MCX,5.000000,10000,False
583388,CRUDEOILM17NOV264450PE,CRUDEOILM,17NOV2026,445000.000000,10,OPTFUT,MCX,5.000000,10000,False
583396,CRUDEOILM17NOV268000PE,CRUDEOILM,17NOV2026,800000.000000,10,OPTFUT,MCX,5.000000,10000,False
583397,CRUDEOILM17NOV268050PE,CRUDEOILM,17NOV2026,805000.000000,10,OPTFUT,MCX,5.000000,10000,False
583458,CRUDEOILM17NOV2611100PE,CRUDEOILM,17NOV2026,1110000.000000,10,OPTFUT,MCX,5.000000,10000,False
583471,MCXBULLDEX25SEP2639400CE,MCXBULLDEX,25SEP2026,3940000.000000,30,OPTIDX,MCX,5.000000,900,False
583500,GOLD29JUL27193000PE,GOLD,29JUL2027,19300000.000000,1,OPTFUT,MCX,50.000000,100,False
583505,GOLDM25SEP26184000CE,GOLDM,25SEP2026,18400000.000000,100,OPTFUT,MCX,50.000000,10000,False
583529,SILVER28JUN27302000CE,SILVER,28JUN2027,30200000.000000,30,OPTFUT,MCX,50.000000,600,False
583508,GOLDM29OCT26185000CE,GOLDM,29OCT2026,18500000.000000,100,OPTFUT,MCX,50.000000,10000,False
583518,SILVER26MAY27299000CE,SILVER,26MAY2027,29900000.000000,30,OPTFUT,MCX,50.000000,600,False
583524,SILVER26MAY27305000CE,SILVER,26MAY2027,30500000.000000,30,OPTFUT,MCX,50.000000,600,False
583561,SILVERM26MAY27304000PE,SILVERM,26MAY2027,30400000.000000,5,OPTFUT,MCX,50.000000,600,False
583571,CRUDEOILM17NOV2611750CE,CRUDEOILM,17NOV2026,1175000.000000,10,OPTFUT,MCX,5.000000,10000,False
583588,MCXBULLDEX25SEP2640000PE,MCXBULLDEX,25SEP2026,4000000.000000,30,OPTIDX,MCX,5.000000,900,False
583594,COPPER23OCT261550CE,COPPER,23OCT2026,155000.000000,2500,OPTFUT,MCX,1.000000,70000,False
583597,GOLD30JUN27194500CE,GOLD,30JUN2027,19450000.000000,1,OPTFUT,MCX,50.000000,100,False
583599,GOLD30JUN27195500CE,GOLD,30JUN2027,19550000.000000,1,OPTFUT,MCX,50.000000,100,False
583610,GOLD30JUN27195000PE,GOLD,30JUN2027,19500000.000000,1,OPTFUT,MCX,50.000000,100,False
583633,GOLDM29OCT26186500CE,GOLDM,29OCT2026,18650000.000000,100,OPTFUT,MCX,50.000000,10000,False
583660,SILVER28JUN27307000CE,SILVER,28JUN2027,30700000.000000,30,OPTFUT,MCX,50.000000,600,False
583647,GOLDM25SEP26186500PE,GOLDM,25SEP2026,18650000.000000,100,OPTFUT,MCX,50.000000,10000,False
583650,GOLDM29OCT26186000PE,GOLDM,29OCT2026,18600000.000000,100,OPTFUT,MCX,50.000000,10000,False
583659,SILVER26MAY27310000CE,SILVER,26MAY2027,31000000.000000,30,OPTFUT,MCX,50.000000,600,False
583662,SILVER28JUN27309000CE,SILVER,28JUN2027,30900000.000000,30,OPTFUT,MCX,50.000000,600,False
583676,SILVERM26MAY27312000CE,SILVERM,26MAY2027,31200000.000000,5,OPTFUT,MCX,50.000000,600,False
583691,SILVERM23JUN27312000PE,SILVERM,23JUN2027,31200000.000000,5,OPTFUT,MCX,50.000000,600,False
583703,MCXBULLDEX25SEP2640200CE,MCXBULLDEX,25SEP2026,4020000.000000,30,OPTIDX,MCX,5.000000,900,False
583719,MCXBULLDEX25SEP2640400PE,MCXBULLDEX,25SEP2026,4040000.000000,30,OPTIDX,MCX,5.000000,900,False
583729,MCXBULLDEX28OCT2640700PE,MCXBULLDEX,28OCT2026,4070000.000000,30,OPTIDX,MCX,5.000000,900,False
583750,GOLD30JUN27197500CE,GOLD,30JUN2027,19750000.000000,1,OPTFUT,MCX,50.000000,100,False
583755,GOLD30JUN27200000CE,GOLD,30JUN2027,20000000.000000,1,OPTFUT,MCX,50.000000,100,False
583758,GOLD29JUL27198000CE,GOLD,29JUL2027,19800000.000000,1,OPTFUT,MCX,50.000000,100,False
583763,GOLD30APR27197500PE,GOLD,30APR2027,19750000.000000,1,OPTFUT,MCX,50.000000,100,False
583770,GOLD30JUN27199500PE,GOLD,30JUN2027,19950000.000000,1,OPTFUT,MCX,50.000000,100,False
583771,GOLD30JUN27200000PE,GOLD,30JUN2027,20000000.000000,1,OPTFUT,MCX,50.000000,100,False
583774,GOLD29JUL27198000PE,GOLD,29JUL2027,19800000.000000,1,OPTFUT,MCX,50.000000,100,False
583783,GOLDM29OCT26189500CE,GOLDM,29OCT2026,18950000.000000,100,OPTFUT,MCX,50.000000,10000,False
583797,CRUDEOILM17NOV264100CE,CRUDEOILM,17NOV2026,410000.000000,10,OPTFUT,MCX,5.000000,10000,False
583802,CRUDEOIL17NOV264000CE,CRUDEOIL,17NOV2026,400000.000000,100,OPTFUT,MCX,10.000000,10000,False
583807,CRUDEOIL17NOV264000PE,CRUDEOIL,17NOV2026,400000.000000,100,OPTFUT,MCX,10.000000,10000,False
583810,CRUDEOIL17NOV263850PE,CRUDEOIL,17NOV2026,385000.000000,100,OPTFUT,MCX,10.000000,10000,False
583818,CRUDEOILM17NOV263900CE,CRUDEOILM,17NOV2026,390000.000000,10,OPTFUT,MCX,5.000000,10000,False
583823,CRUDEOILM17NOV263900PE,CRUDEOILM,17NOV2026,390000.000000,10,OPTFUT,MCX,5.000000,10000,False
583831,NATURALGAS20NOV26335CE,NATURALGAS,20NOV2026,33500.000000,1250,OPTFUT,MCX,5.000000,60000,False
583833,NATURALGAS20NOV26325CE,NATURALGAS,20NOV2026,32500.000000,1250,OPTFUT,MCX,5.000000,60000,False
583850,NATURALGAS20NOV26240CE,NATURALGAS,20NOV2026,24000.000000,1250,OPTFUT,MCX,5.000000,60000,False
583851,NATURALGAS20NOV26235CE,NATURALGAS,20NOV2026,23500.000000,1250,OPTFUT,MCX,5.000000,60000,False
583853,NATURALGAS20NOV26225CE,NATURALGAS,20NOV2026,22500.000000,1250,OPTFUT,MCX,5.000000,60000,False
583861,NATURALGAS20NOV26185CE,NATURALGAS,20NOV2026,18500.000000,1250,OPTFUT,MCX,5.000000,60000,False
583865,NATURALGAS20NOV26165CE,NATURALGAS,20NOV2026,16500.000000,1250,OPTFUT,MCX,5.000000,60000,False
583869,NATURALGAS20NOV26145CE,NATURALGAS,20NOV2026,14500.000000,1250,OPTFUT,MCX,5.000000,60000,False
583887,NATURALGAS20NOV26425CE,NATURALGAS,20NOV2026,42500.000000,1250,OPTFUT,MCX,5.000000,60000,False
583908,NATURALGAS20NOV26530CE,NATURALGAS,20NOV2026,53000.000000,1250,OPTFUT,MCX,5.000000,60000,False
583917,NATURALGAS20NOV26305PE,NATURALGAS,20NOV2026,30500.000000,1250,OPTFUT,MCX,5.000000,60000,False
583921,NATURALGAS20NOV26285PE,NATURALGAS,20NOV2026,28500.000000,1250,OPTFUT,MCX,5.000000,60000,False
583938,NATURALGAS20NOV26200PE,NATURALGAS,20NOV2026,20000.000000,1250,OPTFUT,MCX,5.000000,60000,False
583949,NATURALGAS20NOV26145PE,NATURALGAS,20NOV2026,14500.000000,1250,OPTFUT,MCX,5.000000,60000,False
583960,NATURALGAS20NOV26390PE,NATURALGAS,20NOV2026,39000.000000,1250,OPTFUT,MCX,5.000000,60000,False
583971,NATURALGAS20NOV26445PE,NATURALGAS,20NOV2026,44500.000000,1250,OPTFUT,MCX,5.000000,60000,False
583975,NATURALGAS20NOV26465PE,NATURALGAS,20NOV2026,46500.000000,1250,OPTFUT,MCX,5.000000,60000,False
583981,NATURALGAS20NOV26495PE,NATURALGAS,20NOV2026,49500.000000,1250,OPTFUT,MCX,5.000000,60000,False
584002,NATGASMINI20NOV26300CE,NATGASMINI,20NOV2026,30000.000000,250,OPTFUT,MCX,5.000000,60000,False
584003,NATGASMINI20NOV26295CE,NATGASMINI,20NOV2026,29500.000000,250,OPTFUT,MCX,5.000000,60000,False
584017,NATGASMINI20NOV26225CE,NATGASMINI,20NOV2026,22500.000000,250,OPTFUT,MCX,5.000000,60000,False
584026,NATGASMINI20NOV26180CE,NATGASMINI,20NOV2026,18000.000000,250,OPTFUT,MCX,5.000000,60000,False
584031,NATGASMINI20NOV26155CE,NATGASMINI,20NOV2026,15500.000000,250,OPTFUT,MCX,5.000000,60000,False
584035,NATGASMINI20NOV26345CE,NATGASMINI,20NOV2026,34500.000000,250,OPTFUT,MCX,5.000000,60000,False
584045,NATGASMINI20NOV26395CE,NATGASMINI,20NOV2026,39500.000000,250,OPTFUT,MCX,5.000000,60000,False
584046,NATGASMINI20NOV26400CE,NATGASMINI,20NOV2026,40000.000000,250,OPTFUT,MCX,5.000000,60000,False
584049,NATGASMINI20NOV26415CE,NATGASMINI,20NOV2026,41500.000000,250,OPTFUT,MCX,5.000000,60000,False
584051,NATGASMINI20NOV26425CE,NATGASMINI,20NOV2026,42500.000000,250,OPTFUT,MCX,5.000000,60000,False
584056,NATGASMINI20NOV26450CE,NATGASMINI,20NOV2026,45000.000000,250,OPTFUT,MCX,5.000000,60000,False
584063,NATGASMINI20NOV26485CE,NATGASMINI,20NOV2026,48500.000000,250,OPTFUT,MCX,5.000000,60000,False
584075,NATGASMINI20NOV26335PE,NATGASMINI,20NOV2026,33500.000000,250,OPTFUT,MCX,5.000000,60000,False
584077,NATGASMINI20NOV26325PE,NATGASMINI,20NOV2026,32500.000000,250,OPTFUT,MCX,5.000000,60000,False
584083,NATGASMINI20NOV26295PE,NATGASMINI,20NOV2026,29500.000000,250,OPTFUT,MCX,5.000000,60000,False
584084,NATGASMINI20NOV26290PE,NATGASMINI,20NOV2026,29000.000000,250,OPTFUT,MCX,5.000000,60000,False
584091,NATGASMINI20NOV26255PE,NATGASMINI,20NOV2026,25500.000000,250,OPTFUT,MCX,5.000000,60000,False
584113,NATGASMINI20NOV26145PE,NATGASMINI,20NOV2026,14500.000000,250,OPTFUT,MCX,5.000000,60000,False
584118,NATGASMINI20NOV26360PE,NATGASMINI,20NOV2026,36000.000000,250,OPTFUT,MCX,5.000000,60000,False
584123,NATGASMINI20NOV26385PE,NATGASMINI,20NOV2026,38500.000000,250,OPTFUT,MCX,5.000000,60000,False
584132,NATGASMINI20NOV26430PE,NATGASMINI,20NOV2026,43000.000000,250,OPTFUT,MCX,5.000000,60000,False
584135,NATGASMINI20NOV26445PE,NATGASMINI,20NOV2026,44500.000000,250,OPTFUT,MCX,5.000000,60000,False
584144,NATGASMINI20NOV26490PE,NATGASMINI,20NOV2026,49000.000000,250,OPTFUT,MCX,5.000000,60000,False
584152,NATGASMINI20NOV26530PE,NATGASMINI,20NOV2026,53000.000000,250,OPTFUT,MCX,5.000000,60000,False
584161,MCXBULLDEX27NOV2635600CE,MCXBULLDEX,27NOV2026,3560000.000000,15,OPTIDX,MCX,5.000000,450,False
584166,MCXBULLDEX27NOV2635100CE,MCXBULLDEX,27NOV2026,3510000.000000,15,OPTIDX,MCX,5.000000,450,False
584171,MCXBULLDEX27NOV2634600CE,MCXBULLDEX,27NOV2026,3460000.000000,15,OPTIDX,MCX,5.000000,450,False
584172,MCXBULLDEX27NOV2634500CE,MCXBULLDEX,27NOV2026,3450000.000000,15,OPTIDX,MCX,5.000000,450,False
584178,MCXBULLDEX27NOV2633900CE,MCXBULLDEX,27NOV2026,3390000.000000,15,OPTIDX,MCX,5.000000,450,False
584185,MCXBULLDEX27NOV2633200CE,MCXBULLDEX,27NOV2026,3320000.000000,15,OPTIDX,MCX,5.000000,450,False
584191,MCXBULLDEX27NOV2632600CE,MCXBULLDEX,27NOV2026,3260000.000000,15,OPTIDX,MCX,5.000000,450,False
584197,MCXBULLDEX27NOV2635800CE,MCXBULLDEX,27NOV2026,3580000.000000,15,OPTIDX,MCX,5.000000,450,False
584210,MCXBULLDEX27NOV2637200CE,MCXBULLDEX,27NOV2026,3720000.000000,15,OPTIDX,MCX,5.000000,450,False
584217,MCXBULLDEX27NOV2637900CE,MCXBULLDEX,27NOV2026,3790000.000000,15,OPTIDX,MCX,5.000000,450,False
584224,MCXBULLDEX27NOV2638600CE,MCXBULLDEX,27NOV2026,3860000.000000,15,OPTIDX,MCX,5.000000,450,False
584238,MCXBULLDEX27NOV2634900PE,MCXBULLDEX,27NOV2026,3490000.000000,15,OPTIDX,MCX,5.000000,450,False
584265,MCXBULLDEX27NOV2632200PE,MCXBULLDEX,27NOV2026,3220000.000000,15,OPTIDX,MCX,5.000000,450,False
584272,MCXBULLDEX27NOV2636300PE,MCXBULLDEX,27NOV2026,3630000.000000,15,OPTIDX,MCX,5.000000,450,False
584273,MCXBULLDEX27NOV2636400PE,MCXBULLDEX,27NOV2026,3640000.000000,15,OPTIDX,MCX,5.000000,450,False
584290,MCXBULLDEX27NOV2638200PE,MCXBULLDEX,27NOV2026,3820000.000000,15,OPTIDX,MCX,5.000000,450,False
584310,CARDAMOM29JAN27FUT,CARDAMOM,29JAN2027,0.000000,100,FUTCOM,MCX,100.000000,5000,False
584322,ZINC23DEC26385CE,ZINC,23DEC2026,38500.000000,5,OPTFUT,MCX,1.000000,100,False
584326,COPPER31MAR27FUT,COPPER,31MAR2027,0.000000,2500,FUTCOM,MCX,5.000000,70000,False
584344,COPPER23DEC261280CE,COPPER,23DEC2026,128000.000000,2500,OPTFUT,MCX,1.000000,70000,False
584353,COPPER23DEC261480CE,COPPER,23DEC2026,148000.000000,2500,OPTFUT,MCX,1.000000,70000,False
584355,COPPER23DEC261500CE,COPPER,23DEC2026,150000.000000,2500,OPTFUT,MCX,1.000000,70000,False
584359,COPPER23DEC261540CE,COPPER,23DEC2026,154000.000000,2500,OPTFUT,MCX,1.000000,70000,False
584378,COPPER23DEC261430PE,COPPER,23DEC2026,143000.000000,2500,OPTFUT,MCX,1.000000,70000,False
584383,COPPER23DEC261480PE,COPPER,23DEC2026,148000.000000,2500,OPTFUT,MCX,1.000000,70000,False
584385,COPPER23DEC261500PE,COPPER,23DEC2026,150000.000000,2500,OPTFUT,MCX,1.000000,70000,False
584403,ZINC23DEC26380CE,ZINC,23DEC2026,38000.000000,5,OPTFUT,MCX,1.000000,100,False
584416,ZINC23DEC26405CE,ZINC,23DEC2026,40500.000000,5,OPTFUT,MCX,1.000000,100,False
584417,ZINC23DEC26410CE,ZINC,23DEC2026,41000.000000,5,OPTFUT,MCX,1.000000,100,False
584425,ZINC23NOV26445PE,ZINC,23NOV2026,44500.000000,5,OPTFUT,MCX,1.000000,100,False
584444,ZINC23DEC26430PE,ZINC,23DEC2026,43000.000000,5,OPTFUT,MCX,1.000000,100,False
584445,ZINC23DEC26435PE,ZINC,23DEC2026,43500.000000,5,OPTFUT,MCX,1.000000,100,False
584454,COPPER23DEC261250CE,COPPER,23DEC2026,125000.000000,2500,OPTFUT,MCX,1.000000,70000,False
584466,NATURALGAS20NOV26135CE,NATURALGAS,20NOV2026,13500.000000,1250,OPTFUT,MCX,5.000000,60000,False
584475,CRUDEOILM17NOV2611800PE,CRUDEOILM,17NOV2026,1180000.000000,10,OPTFUT,MCX,5.000000,10000,False
584478,NATGASMINI20NOV26135CE,NATGASMINI,20NOV2026,13500.000000,250,OPTFUT,MCX,5.000000,60000,False
584480,MCXBULLDEX27NOV2631700CE,MCXBULLDEX,27NOV2026,3170000.000000,15,OPTIDX,MCX,5.000000,450,False
584482,MCXBULLDEX27NOV2631500CE,MCXBULLDEX,27NOV2026,3150000.000000,15,OPTIDX,MCX,5.000000,450,False
584494,CRUDEOIL17SEP2612400CE,CRUDEOIL,17SEP2026,1240000.000000,100,OPTFUT,MCX,10.000000,10000,False
584499,CRUDEOILM17SEP2612400PE,CRUDEOILM,17SEP2026,1240000.000000,10,OPTFUT,MCX,5.000000,10000,False
584505,GOLDM27NOV26153000CE,GOLDM,27NOV2026,15300000.000000,100,OPTFUT,MCX,50.000000,10000,False
584531,GOLDM27NOV26140000CE,GOLDM,27NOV2026,14000000.000000,100,OPTFUT,MCX,50.000000,10000,False
584562,GOLDM27NOV26159500CE,GOLDM,27NOV2026,15950000.000000,100,OPTFUT,MCX,50.000000,10000,False
584569,GOLDM27NOV26163000CE,GOLDM,27NOV2026,16300000.000000,100,OPTFUT,MCX,50.000000,10000,False
584571,GOLDM27NOV26164000CE,GOLDM,27NOV2026,16400000.000000,100,OPTFUT,MCX,50.000000,10000,False
584583,GOLDM27NOV26170000CE,GOLDM,27NOV2026,17000000.000000,100,OPTFUT,MCX,50.000000,10000,False
584610,GOLDM27NOV26150500PE,GOLDM,27NOV2026,15050000.000000,100,OPTFUT,MCX,50.000000,10000,False
584618,GOLDM27NOV26146500PE,GOLDM,27NOV2026,14650000.000000,100,OPTFUT,MCX,50.000000,10000,False
584628,GOLDM27NOV26141500PE,GOLDM,27NOV2026,14150000.000000,100,OPTFUT,MCX,50.000000,10000,False
584631,GOLDM27NOV26140000PE,GOLDM,27NOV2026,14000000.000000,100,OPTFUT,MCX,50.000000,10000,False
584640,GOLDM27NOV26135500PE,GOLDM,27NOV2026,13550000.000000,100,OPTFUT,MCX,50.000000,10000,False
584648,GOLDM27NOV26131500PE,GOLDM,27NOV2026,13150000.000000,100,OPTFUT,MCX,50.000000,10000,False
584655,GOLDM27NOV26156000PE,GOLDM,27NOV2026,15600000.000000,100,OPTFUT,MCX,50.000000,10000,False
584659,GOLDM27NOV26158000PE,GOLDM,27NOV2026,15800000.000000,100,OPTFUT,MCX,50.000000,10000,False
584663,GOLDM27NOV26160000PE,GOLDM,27NOV2026,16000000.000000,100,OPTFUT,MCX,50.000000,10000,False
584671,GOLDM27NOV26164000PE,GOLDM,27NOV2026,16400000.000000,100,OPTFUT,MCX,50.000000,10000,False
584676,GOLDM27NOV26166500PE,GOLDM,27NOV2026,16650000.000000,100,OPTFUT,MCX,50.000000,10000,False
584693,GOLDM27NOV26175000PE,GOLDM,27NOV2026,17500000.000000,100,OPTFUT,MCX,50.000000,10000,False
584695,GOLDM27NOV26176000PE,GOLDM,27NOV2026,17600000.000000,100,OPTFUT,MCX,50.000000,10000,False
584731,CRUDEOIL17SEP2612450PE,CRUDEOIL,17SEP2026,1245000.000000,100,OPTFUT,MCX,10.000000,10000,False
584736,CRUDEOIL17NOV2611950PE,CRUDEOIL,17NOV2026,1195000.000000,100,OPTFUT,MCX,10.000000,10000,False
584768,ZINC23SEP26475PE,ZINC,23SEP2026,47500.000000,5,OPTFUT,MCX,1.000000,100,False
584769,ZINC23OCT26465PE,ZINC,23OCT2026,46500.000000,5,OPTFUT,MCX,1.000000,100,False
584802,CRUDEOIL17NOV2612150CE,CRUDEOIL,17NOV2026,1215000.000000,100,OPTFUT,MCX,10.000000,10000,False
584806,CRUDEOIL17SEP2612600PE,CRUDEOIL,17SEP2026,1260000.000000,100,OPTFUT,MCX,10.000000,10000,False
584817,CRUDEOIL15OCT2612550PE,CRUDEOIL,15OCT2026,1255000.000000,100,OPTFUT,MCX,10.000000,10000,False
584823,GOLDM27NOV26180000CE,GOLDM,27NOV2026,18000000.000000,100,OPTFUT,MCX,50.000000,10000,False
584831,ZINC23DEC26450CE,ZINC,23DEC2026,45000.000000,5,OPTFUT,MCX,1.000000,100,False
584847,CRUDEOILM15OCT2612550CE,CRUDEOILM,15OCT2026,1255000.000000,10,OPTFUT,MCX,5.000000,10000,False
584858,CRUDEOILM17SEP2612800PE,CRUDEOILM,17SEP2026,1280000.000000,10,OPTFUT,MCX,5.000000,10000,False
584860,CRUDEOILM15OCT2612300PE,CRUDEOILM,15OCT2026,1230000.000000,10,OPTFUT,MCX,5.000000,10000,False
584864,CRUDEOILM15OCT2612500PE,CRUDEOILM,15OCT2026,1250000.000000,10,OPTFUT,MCX,5.000000,10000,False
584902,CRUDEOIL17NOV2612600CE,CRUDEOIL,17NOV2026,1260000.000000,100,OPTFUT,MCX,10.000000,10000,False
584915,CRUDEOIL17SEP2613400PE,CRUDEOIL,17SEP2026,1340000.000000,100,OPTFUT,MCX,10.000000,10000,False
584935,CRUDEOIL17NOV2612650PE,CRUDEOIL,17NOV2026,1265000.000000,100,OPTFUT,MCX,10.000000,10000,False
584951,CRUDEOILM15OCT2612600CE,CRUDEOILM,15OCT2026,1260000.000000,10,OPTFUT,MCX,5.000000,10000,False
584953,CRUDEOILM15OCT2612700CE,CRUDEOILM,15OCT2026,1270000.000000,10,OPTFUT,MCX,5.000000,10000,False
584959,CRUDEOILM15OCT2613000CE,CRUDEOILM,15OCT2026,1300000.000000,10,OPTFUT,MCX,5.000000,10000,False
584960,CRUDEOILM15OCT2613050CE,CRUDEOILM,15OCT2026,1305000.000000,10,OPTFUT,MCX,5.000000,10000,False
584968,CRUDEOILM17NOV2612600CE,CRUDEOILM,17NOV2026,1260000.000000,10,OPTFUT,MCX,5.000000,10000,False
584974,CRUDEOILM17SEP2613050PE,CRUDEOILM,17SEP2026,1305000.000000,10,OPTFUT,MCX,5.000000,10000,False
585001,CRUDEOILM17NOV2612650PE,CRUDEOILM,17NOV2026,1265000.000000,10,OPTFUT,MCX,5.000000,10000,False
580140,GOLD30APR27122000PE,GOLD,30APR2027,12200000.000000,1,OPTFUT,MCX,50.000000,100,False
580163,GOLDM25SEP26117500PE,GOLDM,25SEP2026,11750000.000000,100,OPTFUT,MCX,50.000000,10000,False
580170,SILVER24SEP26182000CE,SILVER,24SEP2026,18200000.000000,30,OPTFUT,MCX,50.000000,600,False
580173,SILVER26MAY27198000CE,SILVER,26MAY2027,19800000.000000,30,OPTFUT,MCX,50.000000,600,False
580175,SILVER26MAY27196000CE,SILVER,26MAY2027,19600000.000000,30,OPTFUT,MCX,50.000000,600,False
580188,SILVER26MAY27196000PE,SILVER,26MAY2027,19600000.000000,30,OPTFUT,MCX,50.000000,600,False
580190,SILVER28JUN27198000PE,SILVER,28JUN2027,19800000.000000,30,OPTFUT,MCX,50.000000,600,False
580192,SILVER28JUN27196000PE,SILVER,28JUN2027,19600000.000000,30,OPTFUT,MCX,50.000000,600,False
580214,SILVERM23APR27198000CE,SILVERM,23APR2027,19800000.000000,5,OPTFUT,MCX,50.000000,600,False
580263,SILVER25JAN27185000CE,SILVER,25JAN2027,18500000.000000,30,OPTFUT,MCX,50.000000,600,False
580269,SILVER28APR27188000CE,SILVER,28APR2027,18800000.000000,30,OPTFUT,MCX,50.000000,600,False
580277,SILVER28JUN27192000CE,SILVER,28JUN2027,19200000.000000,30,OPTFUT,MCX,50.000000,600,False
580288,SILVER26FEB27185000PE,SILVER,26FEB2027,18500000.000000,30,OPTFUT,MCX,50.000000,600,False
580293,SILVER26MAY27194000PE,SILVER,26MAY2027,19400000.000000,30,OPTFUT,MCX,50.000000,600,False
580300,SILVER28JUN27192000PE,SILVER,28JUN2027,19200000.000000,30,OPTFUT,MCX,50.000000,600,False
580305,SILVERM23NOV26185000CE,SILVERM,23NOV2026,18500000.000000,5,OPTFUT,MCX,50.000000,600,False
580321,SILVERM23APR27196000CE,SILVERM,23APR2027,19600000.000000,5,OPTFUT,MCX,50.000000,600,False
580326,SILVERM26MAY27199000CE,SILVERM,26MAY2027,19900000.000000,5,OPTFUT,MCX,50.000000,600,False
580344,SILVERM19FEB27190000PE,SILVERM,19FEB2027,19000000.000000,5,OPTFUT,MCX,50.000000,600,False
580352,SILVERM23APR27195000PE,SILVERM,23APR2027,19500000.000000,5,OPTFUT,MCX,50.000000,600,False
580367,CRUDEOILM17SEP2611550CE,CRUDEOILM,17SEP2026,1155000.000000,10,OPTFUT,MCX,5.000000,10000,False
580393,CRUDEOIL15OCT267050CE,CRUDEOIL,15OCT2026,705000.000000,100,OPTFUT,MCX,10.000000,10000,False
580406,CRUDEOIL15OCT266400CE,CRUDEOIL,15OCT2026,640000.000000,100,OPTFUT,MCX,10.000000,10000,False
580413,CRUDEOIL15OCT266050CE,CRUDEOIL,15OCT2026,605000.000000,100,OPTFUT,MCX,10.000000,10000,False
580426,CRUDEOIL15OCT265400CE,CRUDEOIL,15OCT2026,540000.000000,100,OPTFUT,MCX,10.000000,10000,False
580432,CRUDEOIL15OCT265100CE,CRUDEOIL,15OCT2026,510000.000000,100,OPTFUT,MCX,10.000000,10000,False
580435,CRUDEOIL15OCT264950CE,CRUDEOIL,15OCT2026,495000.000000,100,OPTFUT,MCX,10.000000,10000,False
580442,CRUDEOIL15OCT264600CE,CRUDEOIL,15OCT2026,460000.000000,100,OPTFUT,MCX,10.000000,10000,False
580469,CRUDEOIL15OCT268500CE,CRUDEOIL,15OCT2026,850000.000000,100,OPTFUT,MCX,10.000000,10000,False
580475,CRUDEOIL15OCT268800CE,CRUDEOIL,15OCT2026,880000.000000,100,OPTFUT,MCX,10.000000,10000,False
580476,CRUDEOIL15OCT268850CE,CRUDEOIL,15OCT2026,885000.000000,100,OPTFUT,MCX,10.000000,10000,False
580513,CRUDEOIL15OCT2610700CE,CRUDEOIL,15OCT2026,1070000.000000,100,OPTFUT,MCX,10.000000,10000,False
580518,CRUDEOIL15OCT2610950CE,CRUDEOIL,15OCT2026,1095000.000000,100,OPTFUT,MCX,10.000000,10000,False
580525,CRUDEOIL15OCT2611300CE,CRUDEOIL,15OCT2026,1130000.000000,100,OPTFUT,MCX,10.000000,10000,False
580527,CRUDEOIL15OCT2611400CE,CRUDEOIL,15OCT2026,1140000.000000,100,OPTFUT,MCX,10.000000,10000,False
580531,CRUDEOIL15OCT267700PE,CRUDEOIL,15OCT2026,770000.000000,100,OPTFUT,MCX,10.000000,10000,False
580549,CRUDEOIL15OCT266800PE,CRUDEOIL,15OCT2026,680000.000000,100,OPTFUT,MCX,10.000000,10000,False
580573,CRUDEOIL15OCT265600PE,CRUDEOIL,15OCT2026,560000.000000,100,OPTFUT,MCX,10.000000,10000,False
580589,CRUDEOIL15OCT264800PE,CRUDEOIL,15OCT2026,480000.000000,100,OPTFUT,MCX,10.000000,10000,False
580593,CRUDEOIL15OCT264600PE,CRUDEOIL,15OCT2026,460000.000000,100,OPTFUT,MCX,10.000000,10000,False
580596,CRUDEOIL15OCT264450PE,CRUDEOIL,15OCT2026,445000.000000,100,OPTFUT,MCX,10.000000,10000,False
580601,CRUDEOIL15OCT264200PE,CRUDEOIL,15OCT2026,420000.000000,100,OPTFUT,MCX,10.000000,10000,False
580643,CRUDEOIL15OCT269650PE,CRUDEOIL,15OCT2026,965000.000000,100,OPTFUT,MCX,10.000000,10000,False
580645,CRUDEOIL15OCT269750PE,CRUDEOIL,15OCT2026,975000.000000,100,OPTFUT,MCX,10.000000,10000,False
580660,CRUDEOIL15OCT2610500PE,CRUDEOIL,15OCT2026,1050000.000000,100,OPTFUT,MCX,10.000000,10000,False
580663,CRUDEOIL15OCT2610650PE,CRUDEOIL,15OCT2026,1065000.000000,100,OPTFUT,MCX,10.000000,10000,False
580674,CRUDEOIL15OCT2611200PE,CRUDEOIL,15OCT2026,1120000.000000,100,OPTFUT,MCX,10.000000,10000,False
580681,CRUDEOILM17SEP2611600CE,CRUDEOILM,17SEP2026,1160000.000000,10,OPTFUT,MCX,5.000000,10000,False
580684,CRUDEOILM15OCT267600CE,CRUDEOILM,15OCT2026,760000.000000,10,OPTFUT,MCX,5.000000,10000,False
580690,CRUDEOILM15OCT267300CE,CRUDEOILM,15OCT2026,730000.000000,10,OPTFUT,MCX,5.000000,10000,False
580704,CRUDEOILM15OCT266600CE,CRUDEOILM,15OCT2026,660000.000000,10,OPTFUT,MCX,5.000000,10000,False
580708,CRUDEOILM15OCT266400CE,CRUDEOILM,15OCT2026,640000.000000,10,OPTFUT,MCX,5.000000,10000,False
580712,CRUDEOILM15OCT266200CE,CRUDEOILM,15OCT2026,620000.000000,10,OPTFUT,MCX,5.000000,10000,False
580729,CRUDEOILM15OCT265350CE,CRUDEOILM,15OCT2026,535000.000000,10,OPTFUT,MCX,5.000000,10000,False
580752,CRUDEOILM15OCT264200CE,CRUDEOILM,15OCT2026,420000.000000,10,OPTFUT,MCX,5.000000,10000,False
580758,CRUDEOILM15OCT267850CE,CRUDEOILM,15OCT2026,785000.000000,10,OPTFUT,MCX,5.000000,10000,False
580773,CRUDEOILM15OCT268600CE,CRUDEOILM,15OCT2026,860000.000000,10,OPTFUT,MCX,5.000000,10000,False
580781,CRUDEOILM15OCT269000CE,CRUDEOILM,15OCT2026,900000.000000,10,OPTFUT,MCX,5.000000,10000,False
580793,CRUDEOILM15OCT269600CE,CRUDEOILM,15OCT2026,960000.000000,10,OPTFUT,MCX,5.000000,10000,False
580795,CRUDEOILM15OCT269700CE,CRUDEOILM,15OCT2026,970000.000000,10,OPTFUT,MCX,5.000000,10000,False
580796,CRUDEOILM15OCT269750CE,CRUDEOILM,15OCT2026,975000.000000,10,OPTFUT,MCX,5.000000,10000,False
580798,CRUDEOILM15OCT269850CE,CRUDEOILM,15OCT2026,985000.000000,10,OPTFUT,MCX,5.000000,10000,False
580800,CRUDEOILM15OCT269950CE,CRUDEOILM,15OCT2026,995000.000000,10,OPTFUT,MCX,5.000000,10000,False
580829,CRUDEOILM15OCT2611400CE,CRUDEOILM,15OCT2026,1140000.000000,10,OPTFUT,MCX,5.000000,10000,False
580845,CRUDEOILM15OCT267100PE,CRUDEOILM,15OCT2026,710000.000000,10,OPTFUT,MCX,5.000000,10000,False
580856,CRUDEOILM15OCT266550PE,CRUDEOILM,15OCT2026,655000.000000,10,OPTFUT,MCX,5.000000,10000,False
580871,CRUDEOILM15OCT265800PE,CRUDEOILM,15OCT2026,580000.000000,10,OPTFUT,MCX,5.000000,10000,False
580877,CRUDEOILM15OCT265500PE,CRUDEOILM,15OCT2026,550000.000000,10,OPTFUT,MCX,5.000000,10000,False
580878,CRUDEOILM15OCT265450PE,CRUDEOILM,15OCT2026,545000.000000,10,OPTFUT,MCX,5.000000,10000,False
580880,CRUDEOILM15OCT265350PE,CRUDEOILM,15OCT2026,535000.000000,10,OPTFUT,MCX,5.000000,10000,False
580881,CRUDEOILM15OCT265300PE,CRUDEOILM,15OCT2026,530000.000000,10,OPTFUT,MCX,5.000000,10000,False
580882,CRUDEOILM15OCT265250PE,CRUDEOILM,15OCT2026,525000.000000,10,OPTFUT,MCX,5.000000,10000,False
580889,CRUDEOILM15OCT264900PE,CRUDEOILM,15OCT2026,490000.000000,10,OPTFUT,MCX,5.000000,10000,False
580896,CRUDEOILM15OCT264550PE,CRUDEOILM,15OCT2026,455000.000000,10,OPTFUT,MCX,5.000000,10000,False
580900,CRUDEOILM15OCT264350PE,CRUDEOILM,15OCT2026,435000.000000,10,OPTFUT,MCX,5.000000,10000,False
580916,CRUDEOILM15OCT268200PE,CRUDEOILM,15OCT2026,820000.000000,10,OPTFUT,MCX,5.000000,10000,False
580924,CRUDEOILM15OCT268600PE,CRUDEOILM,15OCT2026,860000.000000,10,OPTFUT,MCX,5.000000,10000,False
580932,CRUDEOILM15OCT269000PE,CRUDEOILM,15OCT2026,900000.000000,10,OPTFUT,MCX,5.000000,10000,False
580934,CRUDEOILM15OCT269100PE,CRUDEOILM,15OCT2026,910000.000000,10,OPTFUT,MCX,5.000000,10000,False
580948,CRUDEOILM15OCT269800PE,CRUDEOILM,15OCT2026,980000.000000,10,OPTFUT,MCX,5.000000,10000,False
580949,CRUDEOILM15OCT269850PE,CRUDEOILM,15OCT2026,985000.000000,10,OPTFUT,MCX,5.000000,10000,False
580950,CRUDEOILM15OCT269900PE,CRUDEOILM,15OCT2026,990000.000000,10,OPTFUT,MCX,5.000000,10000,False
580958,CRUDEOILM15OCT2610300PE,CRUDEOILM,15OCT2026,1030000.000000,10,OPTFUT,MCX,5.000000,10000,False
580963,CRUDEOILM15OCT2610550PE,CRUDEOILM,15OCT2026,1055000.000000,10,OPTFUT,MCX,5.000000,10000,False
580977,CRUDEOILM15OCT2611250PE,CRUDEOILM,15OCT2026,1125000.000000,10,OPTFUT,MCX,5.000000,10000,False
580981,CRUDEOILM15OCT2611450PE,CRUDEOILM,15OCT2026,1145000.000000,10,OPTFUT,MCX,5.000000,10000,False
580982,CRUDEOILM15OCT2611500PE,CRUDEOILM,15OCT2026,1150000.000000,10,OPTFUT,MCX,5.000000,10000,False
581000,CRUDEOILM15OCT2611550CE,CRUDEOILM,15OCT2026,1155000.000000,10,OPTFUT,MCX,5.000000,10000,False
581012,CRUDEOIL15OCT2611650PE,CRUDEOIL,15OCT2026,1165000.000000,100,OPTFUT,MCX,10.000000,10000,False
581023,SILVERM23JUN27284000PE,SILVERM,23JUN2027,28400000.000000,5,OPTFUT,MCX,50.000000,600,False
581036,CRUDEOILM17SEP2611800PE,CRUDEOILM,17SEP2026,1180000.000000,10,OPTFUT,MCX,5.000000,10000,False
581037,CRUDEOILM17SEP2611850PE,CRUDEOILM,17SEP2026,1185000.000000,10,OPTFUT,MCX,5.000000,10000,False
581080,CRUDEOILM17SEP2612200CE,CRUDEOILM,17SEP2026,1220000.000000,10,OPTFUT,MCX,5.000000,10000,False
581091,CRUDEOILM17SEP2611950PE,CRUDEOILM,17SEP2026,1195000.000000,10,OPTFUT,MCX,5.000000,10000,False
581096,CRUDEOILM17SEP2612200PE,CRUDEOILM,17SEP2026,1220000.000000,10,OPTFUT,MCX,5.000000,10000,False
581101,CRUDEOILM15OCT2611750PE,CRUDEOILM,15OCT2026,1175000.000000,10,OPTFUT,MCX,5.000000,10000,False
581105,CRUDEOILM15OCT2611950PE,CRUDEOILM,15OCT2026,1195000.000000,10,OPTFUT,MCX,5.000000,10000,False
581118,NATURALGAS23SEP2675PE,NATURALGAS,23SEP2026,7500.000000,1250,OPTFUT,MCX,5.000000,60000,False
581126,CRUDEOILM15OCT263800PE,CRUDEOILM,15OCT2026,380000.000000,10,OPTFUT,MCX,5.000000,10000,False
581132,NATURALGAS23OCT26290PE,NATURALGAS,23OCT2026,29000.000000,1250,OPTFUT,MCX,5.000000,60000,False
581140,CRUDEOIL15OCT263600CE,CRUDEOIL,15OCT2026,360000.000000,100,OPTFUT,MCX,10.000000,10000,False
581142,CRUDEOIL15OCT263750PE,CRUDEOIL,15OCT2026,375000.000000,100,OPTFUT,MCX,10.000000,10000,False
581150,NATURALGAS23SEP2665CE,NATURALGAS,23SEP2026,6500.000000,1250,OPTFUT,MCX,5.000000,60000,False
581152,NATURALGAS23OCT26280CE,NATURALGAS,23OCT2026,28000.000000,1250,OPTFUT,MCX,5.000000,60000,False
581153,NATURALGAS23OCT26275CE,NATURALGAS,23OCT2026,27500.000000,1250,OPTFUT,MCX,5.000000,60000,False
581157,NATURALGAS23OCT26255CE,NATURALGAS,23OCT2026,25500.000000,1250,OPTFUT,MCX,5.000000,60000,False
581162,NATURALGAS23OCT26230CE,NATURALGAS,23OCT2026,23000.000000,1250,OPTFUT,MCX,5.000000,60000,False
581170,NATURALGAS23OCT26190CE,NATURALGAS,23OCT2026,19000.000000,1250,OPTFUT,MCX,5.000000,60000,False
581172,NATURALGAS23OCT26180CE,NATURALGAS,23OCT2026,18000.000000,1250,OPTFUT,MCX,5.000000,60000,False
581214,NATURALGAS23OCT26410CE,NATURALGAS,23OCT2026,41000.000000,1250,OPTFUT,MCX,5.000000,60000,False
581225,NATURALGAS23OCT26465CE,NATURALGAS,23OCT2026,46500.000000,1250,OPTFUT,MCX,5.000000,60000,False
581235,NATURALGAS23OCT26285PE,NATURALGAS,23OCT2026,28500.000000,1250,OPTFUT,MCX,5.000000,60000,False
581246,NATURALGAS23OCT26230PE,NATURALGAS,23OCT2026,23000.000000,1250,OPTFUT,MCX,5.000000,60000,False
581251,NATURALGAS23OCT26205PE,NATURALGAS,23OCT2026,20500.000000,1250,OPTFUT,MCX,5.000000,60000,False
581258,NATURALGAS23OCT26170PE,NATURALGAS,23OCT2026,17000.000000,1250,OPTFUT,MCX,5.000000,60000,False
581264,NATURALGAS23OCT26140PE,NATURALGAS,23OCT2026,14000.000000,1250,OPTFUT,MCX,5.000000,60000,False
581268,NATURALGAS23OCT26120PE,NATURALGAS,23OCT2026,12000.000000,1250,OPTFUT,MCX,5.000000,60000,False
581286,NATURALGAS23OCT26350PE,NATURALGAS,23OCT2026,35000.000000,1250,OPTFUT,MCX,5.000000,60000,False
581291,NATURALGAS23OCT26375PE,NATURALGAS,23OCT2026,37500.000000,1250,OPTFUT,MCX,5.000000,60000,False
581336,SILVER28JUN27188000PE,SILVER,28JUN2027,18800000.000000,30,OPTFUT,MCX,50.000000,600,False
581338,SILVERM24SEP26184000CE,SILVERM,24SEP2026,18400000.000000,5,OPTFUT,MCX,50.000000,600,False
581354,SILVERM24SEP26184000PE,SILVERM,24SEP2026,18400000.000000,5,OPTFUT,MCX,50.000000,600,False
581364,SILVERM23APR27192000PE,SILVERM,23APR2027,19200000.000000,5,OPTFUT,MCX,50.000000,600,False
581365,SILVERM26MAY27196000PE,SILVERM,26MAY2027,19600000.000000,5,OPTFUT,MCX,50.000000,600,False
581369,ZINC23OCT26425CE,ZINC,23OCT2026,42500.000000,5,OPTFUT,MCX,1.000000,100,False
581373,CRUDEOILM15OCT263650CE,CRUDEOILM,15OCT2026,365000.000000,10,OPTFUT,MCX,5.000000,10000,False
581426,NATGASMINI23OCT26300CE,NATGASMINI,23OCT2026,30000.000000,250,OPTFUT,MCX,5.000000,60000,False
581428,NATGASMINI23OCT26310CE,NATGASMINI,23OCT2026,31000.000000,250,OPTFUT,MCX,5.000000,60000,False
581430,NATGASMINI23OCT26320CE,NATGASMINI,23OCT2026,32000.000000,250,OPTFUT,MCX,5.000000,60000,False
581441,NATGASMINI23OCT26375CE,NATGASMINI,23OCT2026,37500.000000,250,OPTFUT,MCX,5.000000,60000,False
581443,NATGASMINI23OCT26385CE,NATGASMINI,23OCT2026,38500.000000,250,OPTFUT,MCX,5.000000,60000,False
581456,NATGASMINI23OCT26450CE,NATGASMINI,23OCT2026,45000.000000,250,OPTFUT,MCX,5.000000,60000,False
581477,NATGASMINI23OCT26245PE,NATGASMINI,23OCT2026,24500.000000,250,OPTFUT,MCX,5.000000,60000,False
581492,NATGASMINI23OCT26170PE,NATGASMINI,23OCT2026,17000.000000,250,OPTFUT,MCX,5.000000,60000,False
581496,NATGASMINI23OCT26150PE,NATGASMINI,23OCT2026,15000.000000,250,OPTFUT,MCX,5.000000,60000,False
581504,NATGASMINI23OCT26110PE,NATGASMINI,23OCT2026,11000.000000,250,OPTFUT,MCX,5.000000,60000,False
581521,NATGASMINI23OCT26355PE,NATGASMINI,23OCT2026,35500.000000,250,OPTFUT,MCX,5.000000,60000,False
581550,MCXBULLDEX28OCT2632800PE,MCXBULLDEX,28OCT2026,3280000.000000,30,OPTIDX,MCX,5.000000,900,False
581559,MCXBULLDEX28OCT2632300CE,MCXBULLDEX,28OCT2026,3230000.000000,30,OPTIDX,MCX,5.000000,900,False
581566,MCXBULLDEX28OCT2631600CE,MCXBULLDEX,28OCT2026,3160000.000000,30,OPTIDX,MCX,5.000000,900,False
581568,MCXBULLDEX28OCT2631400CE,MCXBULLDEX,28OCT2026,3140000.000000,30,OPTIDX,MCX,5.000000,900,False
581588,MCXBULLDEX28OCT2629400CE,MCXBULLDEX,28OCT2026,2940000.000000,30,OPTIDX,MCX,5.000000,900,False
581593,MCXBULLDEX28OCT2633200CE,MCXBULLDEX,28OCT2026,3320000.000000,30,OPTIDX,MCX,5.000000,900,False
581606,MCXBULLDEX28OCT2634500CE,MCXBULLDEX,28OCT2026,3450000.000000,30,OPTIDX,MCX,5.000000,900,False
581615,MCXBULLDEX28OCT2635400CE,MCXBULLDEX,28OCT2026,3540000.000000,30,OPTIDX,MCX,5.000000,900,False
581619,MCXBULLDEX28OCT2635800CE,MCXBULLDEX,28OCT2026,3580000.000000,30,OPTIDX,MCX,5.000000,900,False
581621,MCXBULLDEX28OCT2636000CE,MCXBULLDEX,28OCT2026,3600000.000000,30,OPTIDX,MCX,5.000000,900,False
581627,MCXBULLDEX28OCT2632500PE,MCXBULLDEX,28OCT2026,3250000.000000,30,OPTIDX,MCX,5.000000,900,False
581632,MCXBULLDEX28OCT2632000PE,MCXBULLDEX,28OCT2026,3200000.000000,30,OPTIDX,MCX,5.000000,900,False
581633,MCXBULLDEX28OCT2631900PE,MCXBULLDEX,28OCT2026,3190000.000000,30,OPTIDX,MCX,5.000000,900,False
581638,MCXBULLDEX28OCT2631400PE,MCXBULLDEX,28OCT2026,3140000.000000,30,OPTIDX,MCX,5.000000,900,False
581640,MCXBULLDEX28OCT2631200PE,MCXBULLDEX,28OCT2026,3120000.000000,30,OPTIDX,MCX,5.000000,900,False
581652,MCXBULLDEX28OCT2630000PE,MCXBULLDEX,28OCT2026,3000000.000000,30,OPTIDX,MCX,5.000000,900,False
581654,MCXBULLDEX28OCT2629800PE,MCXBULLDEX,28OCT2026,2980000.000000,30,OPTIDX,MCX,5.000000,900,False
581660,MCXBULLDEX28OCT2632900PE,MCXBULLDEX,28OCT2026,3290000.000000,30,OPTIDX,MCX,5.000000,900,False
581666,MCXBULLDEX28OCT2633500PE,MCXBULLDEX,28OCT2026,3350000.000000,30,OPTIDX,MCX,5.000000,900,False
581667,MCXBULLDEX28OCT2633600PE,MCXBULLDEX,28OCT2026,3360000.000000,30,OPTIDX,MCX,5.000000,900,False
581671,MCXBULLDEX28OCT2634000PE,MCXBULLDEX,28OCT2026,3400000.000000,30,OPTIDX,MCX,5.000000,900,False
581673,MCXBULLDEX28OCT2634200PE,MCXBULLDEX,28OCT2026,3420000.000000,30,OPTIDX,MCX,5.000000,900,False
581680,MCXBULLDEX28OCT2634900PE,MCXBULLDEX,28OCT2026,3490000.000000,30,OPTIDX,MCX,5.000000,900,False
581686,MCXBULLDEX28OCT2635500PE,MCXBULLDEX,28OCT2026,3550000.000000,30,OPTIDX,MCX,5.000000,900,False
581708,SILVER10029JAN27FUT,SILVER100,29JAN2027,0.000000,100,FUTCOM,MCX,100.000000,600000,False
581745,COPPER23NOV261430CE,COPPER,23NOV2026,143000.000000,2500,OPTFUT,MCX,1.000000,70000,False
581751,COPPER23NOV261490CE,COPPER,23NOV2026,149000.000000,2500,OPTFUT,MCX,1.000000,70000,False
581766,COPPER23NOV261230PE,COPPER,23NOV2026,123000.000000,2500,OPTFUT,MCX,1.000000,70000,False
581770,COPPER23NOV261380PE,COPPER,23NOV2026,138000.000000,2500,OPTFUT,MCX,1.000000,70000,False
581777,COPPER23NOV261450PE,COPPER,23NOV2026,145000.000000,2500,OPTFUT,MCX,1.000000,70000,False
581779,COPPER23NOV261470PE,COPPER,23NOV2026,147000.000000,2500,OPTFUT,MCX,1.000000,70000,False
581794,ZINC23NOV26330CE,ZINC,23NOV2026,33000.000000,5,OPTFUT,MCX,1.000000,100,False
581804,ZINC23NOV26410CE,ZINC,23NOV2026,41000.000000,5,OPTFUT,MCX,1.000000,100,False
581806,ZINC23NOV26420CE,ZINC,23NOV2026,42000.000000,5,OPTFUT,MCX,1.000000,100,False
581813,ZINC23NOV26350PE,ZINC,23NOV2026,35000.000000,5,OPTFUT,MCX,1.000000,100,False
581823,ZINC23NOV26390PE,ZINC,23NOV2026,39000.000000,5,OPTFUT,MCX,1.000000,100,False
581830,COPPER23NOV261520CE,COPPER,23NOV2026,152000.000000,2500,OPTFUT,MCX,1.000000,70000,False
581833,ZINC23OCT26435PE,ZINC,23OCT2026,43500.000000,5,OPTFUT,MCX,1.000000,100,False
581835,MCXBULLDEX28OCT2629200PE,MCXBULLDEX,28OCT2026,2920000.000000,30,OPTIDX,MCX,5.000000,900,False
581854,NATURALGAS23OCT2685CE,NATURALGAS,23OCT2026,8500.000000,1250,OPTFUT,MCX,5.000000,60000,False
581857,NATURALGAS23OCT2685PE,NATURALGAS,23OCT2026,8500.000000,1250,OPTFUT,MCX,5.000000,60000,False
581859,ZINC23NOV26425CE,ZINC,23NOV2026,42500.000000,5,OPTFUT,MCX,1.000000,100,False
581860,ZINC23SEP26435PE,ZINC,23SEP2026,43500.000000,5,OPTFUT,MCX,1.000000,100,False
581866,CRUDEOILM15OCT263300CE,CRUDEOILM,15OCT2026,330000.000000,10,OPTFUT,MCX,5.000000,10000,False
581867,CRUDEOILM15OCT263250CE,CRUDEOILM,15OCT2026,325000.000000,10,OPTFUT,MCX,5.000000,10000,False
581898,GOLDM29OCT26143000CE,GOLDM,29OCT2026,14300000.000000,100,OPTFUT,MCX,50.000000,10000,False
581922,GOLDM29OCT26131000CE,GOLDM,29OCT2026,13100000.000000,100,OPTFUT,MCX,50.000000,10000,False
581930,GOLDM29OCT26127000CE,GOLDM,29OCT2026,12700000.000000,100,OPTFUT,MCX,50.000000,10000,False
581960,GOLDM29OCT26161000CE,GOLDM,29OCT2026,16100000.000000,100,OPTFUT,MCX,50.000000,10000,False
581964,GOLDM29OCT26163000CE,GOLDM,29OCT2026,16300000.000000,100,OPTFUT,MCX,50.000000,10000,False
581965,GOLDM29OCT26163500CE,GOLDM,29OCT2026,16350000.000000,100,OPTFUT,MCX,50.000000,10000,False
581972,GOLDM29OCT26167000CE,GOLDM,29OCT2026,16700000.000000,100,OPTFUT,MCX,50.000000,10000,False
581982,GOLDM29OCT26172000CE,GOLDM,29OCT2026,17200000.000000,100,OPTFUT,MCX,50.000000,10000,False
581986,GOLDM29OCT26174000CE,GOLDM,29OCT2026,17400000.000000,100,OPTFUT,MCX,50.000000,10000,False
581988,GOLDM29OCT26148000PE,GOLDM,29OCT2026,14800000.000000,100,OPTFUT,MCX,50.000000,10000,False
582009,GOLDM29OCT26137500PE,GOLDM,29OCT2026,13750000.000000,100,OPTFUT,MCX,50.000000,10000,False
582019,GOLDM29OCT26132500PE,GOLDM,29OCT2026,13250000.000000,100,OPTFUT,MCX,50.000000,10000,False
582022,GOLDM29OCT26131000PE,GOLDM,29OCT2026,13100000.000000,100,OPTFUT,MCX,50.000000,10000,False
582023,GOLDM29OCT26130500PE,GOLDM,29OCT2026,13050000.000000,100,OPTFUT,MCX,50.000000,10000,False
582033,GOLDM29OCT26125500PE,GOLDM,29OCT2026,12550000.000000,100,OPTFUT,MCX,50.000000,10000,False
582034,GOLDM29OCT26125000PE,GOLDM,29OCT2026,12500000.000000,100,OPTFUT,MCX,50.000000,10000,False
582036,GOLDM29OCT26124000PE,GOLDM,29OCT2026,12400000.000000,100,OPTFUT,MCX,50.000000,10000,False
582082,GOLDM29OCT26172000PE,GOLDM,29OCT2026,17200000.000000,100,OPTFUT,MCX,50.000000,10000,False
582090,SILVER28JUN27281000PE,SILVER,28JUN2027,28100000.000000,30,OPTFUT,MCX,50.000000,600,False
582105,MCXBULLDEX28OCT2636800PE,MCXBULLDEX,28OCT2026,3680000.000000,30,OPTIDX,MCX,5.000000,900,False
582114,COPPER23NOV261550PE,COPPER,23NOV2026,155000.000000,2500,OPTFUT,MCX,1.000000,70000,False
582120,SILVERM26MAY27287000CE,SILVERM,26MAY2027,28700000.000000,5,OPTFUT,MCX,50.000000,600,False
582126,SILVERM23JUN27289000CE,SILVERM,23JUN2027,28900000.000000,5,OPTFUT,MCX,50.000000,600,False
582140,GOLDM25SEP26176500CE,GOLDM,25SEP2026,17650000.000000,100,OPTFUT,MCX,50.000000,10000,False
582149,GOLDM29OCT26175000PE,GOLDM,29OCT2026,17500000.000000,100,OPTFUT,MCX,50.000000,10000,False
582158,SILVER26MAY27285000CE,SILVER,26MAY2027,28500000.000000,30,OPTFUT,MCX,50.000000,600,False
582165,SILVER28JUN27285000CE,SILVER,28JUN2027,28500000.000000,30,OPTFUT,MCX,50.000000,600,False
582168,SILVER28JUN27288000CE,SILVER,28JUN2027,28800000.000000,30,OPTFUT,MCX,50.000000,600,False
582190,SILVERM23JUN27291000PE,SILVERM,23JUN2027,29100000.000000,5,OPTFUT,MCX,50.000000,600,False
582191,MCXBULLDEX25SEP2638100CE,MCXBULLDEX,25SEP2026,3810000.000000,30,OPTIDX,MCX,5.000000,900,False
582196,MCXBULLDEX28OCT2637800CE,MCXBULLDEX,28OCT2026,3780000.000000,30,OPTIDX,MCX,5.000000,900,False
582200,MCXBULLDEX28OCT2638200CE,MCXBULLDEX,28OCT2026,3820000.000000,30,OPTIDX,MCX,5.000000,900,False
582207,MCXBULLDEX28OCT2637800PE,MCXBULLDEX,28OCT2026,3780000.000000,30,OPTIDX,MCX,5.000000,900,False
582208,MCXBULLDEX28OCT2637900PE,MCXBULLDEX,28OCT2026,3790000.000000,30,OPTIDX,MCX,5.000000,900,False
582226,GOLDM25SEP26177500CE,GOLDM,25SEP2026,17750000.000000,100,OPTFUT,MCX,50.000000,10000,False
582230,GOLDM29OCT26179000CE,GOLDM,29OCT2026,17900000.000000,100,OPTFUT,MCX,50.000000,10000,False
582231,GOLDM25SEP26177000PE,GOLDM,25SEP2026,17700000.000000,100,OPTFUT,MCX,50.000000,10000,False
582240,SILVER26MAY27292000CE,SILVER,26MAY2027,29200000.000000,30,OPTFUT,MCX,50.000000,600,False
582251,SILVER26MAY27291000PE,SILVER,26MAY2027,29100000.000000,30,OPTFUT,MCX,50.000000,600,False
582252,SILVER26MAY27292000PE,SILVER,26MAY2027,29200000.000000,30,OPTFUT,MCX,50.000000,600,False
582277,SILVERM26MAY27294000PE,SILVERM,26MAY2027,29400000.000000,5,OPTFUT,MCX,50.000000,600,False
582287,SILVERM23JUN27297000PE,SILVERM,23JUN2027,29700000.000000,5,OPTFUT,MCX,50.000000,600,False
582294,MCXBULLDEX28OCT2638500CE,MCXBULLDEX,28OCT2026,3850000.000000,30,OPTIDX,MCX,5.000000,900,False
582295,MCXBULLDEX28OCT2638600CE,MCXBULLDEX,28OCT2026,3860000.000000,30,OPTIDX,MCX,5.000000,900,False
582299,MCXBULLDEX25SEP2638600PE,MCXBULLDEX,25SEP2026,3860000.000000,30,OPTIDX,MCX,5.000000,900,False
582301,MCXBULLDEX28OCT2638400PE,MCXBULLDEX,28OCT2026,3840000.000000,30,OPTIDX,MCX,5.000000,900,False
582307,GOLDM25SEP26178500PE,GOLDM,25SEP2026,17850000.000000,100,OPTFUT,MCX,50.000000,10000,False
582317,GOLDM25SEP26179000CE,GOLDM,25SEP2026,17900000.000000,100,OPTFUT,MCX,50.000000,10000,False
582321,GOLDM29OCT26180500CE,GOLDM,29OCT2026,18050000.000000,100,OPTFUT,MCX,50.000000,10000,False
582323,GOLDM25SEP26179000PE,GOLDM,25SEP2026,17900000.000000,100,OPTFUT,MCX,50.000000,10000,False
582324,GOLDM25SEP26179500PE,GOLDM,25SEP2026,17950000.000000,100,OPTFUT,MCX,50.000000,10000,False
582325,GOLDM25SEP26180000PE,GOLDM,25SEP2026,18000000.000000,100,OPTFUT,MCX,50.000000,10000,False
582326,GOLDM29OCT26180000PE,GOLDM,29OCT2026,18000000.000000,100,OPTFUT,MCX,50.000000,10000,False
582363,MCXBULLDEX28OCT2638900PE,MCXBULLDEX,28OCT2026,3890000.000000,30,OPTIDX,MCX,5.000000,900,False
582368,GOLD29JUL27160500CE,GOLD,29JUL2027,16050000.000000,1,OPTFUT,MCX,50.000000,100,False
582375,GOLD30JUN27158000CE,GOLD,30JUN2027,15800000.000000,1,OPTFUT,MCX,50.000000,100,False
582381,GOLD30JUN27155000CE,GOLD,30JUN2027,15500000.000000,1,OPTFUT,MCX,50.000000,100,False
582383,GOLD30JUN27154000CE,GOLD,30JUN2027,15400000.000000,1,OPTFUT,MCX,50.000000,100,False
582442,GOLD30JUN27171500CE,GOLD,30JUN2027,17150000.000000,1,OPTFUT,MCX,50.000000,100,False
582392,GOLD30JUN27149500CE,GOLD,30JUN2027,14950000.000000,1,OPTFUT,MCX,50.000000,100,False
582412,GOLD30JUN27139500CE,GOLD,30JUN2027,13950000.000000,1,OPTFUT,MCX,50.000000,100,False
582424,GOLD30JUN27162500CE,GOLD,30JUN2027,16250000.000000,1,OPTFUT,MCX,50.000000,100,False
582449,GOLD30JUN27175000CE,GOLD,30JUN2027,17500000.000000,1,OPTFUT,MCX,50.000000,100,False
582455,GOLD30JUN27178000CE,GOLD,30JUN2027,17800000.000000,1,OPTFUT,MCX,50.000000,100,False
582470,GOLD30JUN27185500CE,GOLD,30JUN2027,18550000.000000,1,OPTFUT,MCX,50.000000,100,False
582471,GOLD29JUL27160000CE,GOLD,29JUL2027,16000000.000000,1,OPTFUT,MCX,50.000000,100,False
582472,GOLD29JUL27159500CE,GOLD,29JUL2027,15950000.000000,1,OPTFUT,MCX,50.000000,100,False
582498,GOLD29JUL27146500CE,GOLD,29JUL2027,14650000.000000,1,OPTFUT,MCX,50.000000,100,False
582501,GOLD29JUL27145000CE,GOLD,29JUL2027,14500000.000000,1,OPTFUT,MCX,50.000000,100,False
582513,GOLD29JUL27139000CE,GOLD,29JUL2027,13900000.000000,1,OPTFUT,MCX,50.000000,100,False
582516,GOLD29JUL27137500CE,GOLD,29JUL2027,13750000.000000,1,OPTFUT,MCX,50.000000,100,False
582525,GOLD29JUL27163000CE,GOLD,29JUL2027,16300000.000000,1,OPTFUT,MCX,50.000000,100,False
582526,GOLD29JUL27163500CE,GOLD,29JUL2027,16350000.000000,1,OPTFUT,MCX,50.000000,100,False
582558,GOLD29JUL27179500CE,GOLD,29JUL2027,17950000.000000,1,OPTFUT,MCX,50.000000,100,False
582560,GOLD29JUL27180500CE,GOLD,29JUL2027,18050000.000000,1,OPTFUT,MCX,50.000000,100,False
582566,GOLD29JUL27183500CE,GOLD,29JUL2027,18350000.000000,1,OPTFUT,MCX,50.000000,100,False
582570,GOLD29JUL27185500CE,GOLD,29JUL2027,18550000.000000,1,OPTFUT,MCX,50.000000,100,False
582580,GOLD30JUN27155500PE,GOLD,30JUN2027,15550000.000000,1,OPTFUT,MCX,50.000000,100,False
582584,GOLD30JUN27153500PE,GOLD,30JUN2027,15350000.000000,1,OPTFUT,MCX,50.000000,100,False
582590,GOLD30JUN27150500PE,GOLD,30JUN2027,15050000.000000,1,OPTFUT,MCX,50.000000,100,False
582591,GOLD30JUN27150000PE,GOLD,30JUN2027,15000000.000000,1,OPTFUT,MCX,50.000000,100,False
582594,GOLD30JUN27148500PE,GOLD,30JUN2027,14850000.000000,1,OPTFUT,MCX,50.000000,100,False
582599,GOLD30JUN27146000PE,GOLD,30JUN2027,14600000.000000,1,OPTFUT,MCX,50.000000,100,False
582601,GOLD30JUN27145000PE,GOLD,30JUN2027,14500000.000000,1,OPTFUT,MCX,50.000000,100,False
582631,GOLD30JUN27166000PE,GOLD,30JUN2027,16600000.000000,1,OPTFUT,MCX,50.000000,100,False
582635,GOLD30JUN27168000PE,GOLD,30JUN2027,16800000.000000,1,OPTFUT,MCX,50.000000,100,False
582637,GOLD30JUN27169000PE,GOLD,30JUN2027,16900000.000000,1,OPTFUT,MCX,50.000000,100,False
582641,GOLD30JUN27171000PE,GOLD,30JUN2027,17100000.000000,1,OPTFUT,MCX,50.000000,100,False
582655,GOLD30JUN27178000PE,GOLD,30JUN2027,17800000.000000,1,OPTFUT,MCX,50.000000,100,False
582660,GOLD30JUN27180500PE,GOLD,30JUN2027,18050000.000000,1,OPTFUT,MCX,50.000000,100,False
582663,GOLD30JUN27182000PE,GOLD,30JUN2027,18200000.000000,1,OPTFUT,MCX,50.000000,100,False
582665,GOLD30JUN27183000PE,GOLD,30JUN2027,18300000.000000,1,OPTFUT,MCX,50.000000,100,False
582672,GOLD29JUL27159500PE,GOLD,29JUL2027,15950000.000000,1,OPTFUT,MCX,50.000000,100,False
582679,GOLD29JUL27156000PE,GOLD,29JUL2027,15600000.000000,1,OPTFUT,MCX,50.000000,100,False
582685,GOLD29JUL27153000PE,GOLD,29JUL2027,15300000.000000,1,OPTFUT,MCX,50.000000,100,False
582702,GOLD29JUL27144500PE,GOLD,29JUL2027,14450000.000000,1,OPTFUT,MCX,50.000000,100,False
582711,GOLD29JUL27140000PE,GOLD,29JUL2027,14000000.000000,1,OPTFUT,MCX,50.000000,100,False
582712,GOLD29JUL27139500PE,GOLD,29JUL2027,13950000.000000,1,OPTFUT,MCX,50.000000,100,False
582716,GOLD29JUL27137500PE,GOLD,29JUL2027,13750000.000000,1,OPTFUT,MCX,50.000000,100,False
582723,GOLD29JUL27162000PE,GOLD,29JUL2027,16200000.000000,1,OPTFUT,MCX,50.000000,100,False
582727,GOLD29JUL27164000PE,GOLD,29JUL2027,16400000.000000,1,OPTFUT,MCX,50.000000,100,False
582738,GOLD29JUL27169500PE,GOLD,29JUL2027,16950000.000000,1,OPTFUT,MCX,50.000000,100,False
582753,GOLD29JUL27177000PE,GOLD,29JUL2027,17700000.000000,1,OPTFUT,MCX,50.000000,100,False
582755,GOLD29JUL27178000PE,GOLD,29JUL2027,17800000.000000,1,OPTFUT,MCX,50.000000,100,False
582772,ZINC23OCT26440CE,ZINC,23OCT2026,44000.000000,5,OPTFUT,MCX,1.000000,100,False
582773,ZINC23NOV26430CE,ZINC,23NOV2026,43000.000000,5,OPTFUT,MCX,1.000000,100,False
582788,GOLD29JUL27187500CE,GOLD,29JUL2027,18750000.000000,1,OPTFUT,MCX,50.000000,100,False
582789,GOLD29JUL27188000CE,GOLD,29JUL2027,18800000.000000,1,OPTFUT,MCX,50.000000,100,False
582790,GOLD29JUL27188500CE,GOLD,29JUL2027,18850000.000000,1,OPTFUT,MCX,50.000000,100,False
582795,GOLD30JUN27187000PE,GOLD,30JUN2027,18700000.000000,1,OPTFUT,MCX,50.000000,100,False
582799,GOLD30JUN27189000PE,GOLD,30JUN2027,18900000.000000,1,OPTFUT,MCX,50.000000,100,False
582802,GOLD29JUL27186500PE,GOLD,29JUL2027,18650000.000000,1,OPTFUT,MCX,50.000000,100,False
582808,GOLD29JUL27189500PE,GOLD,29JUL2027,18950000.000000,1,OPTFUT,MCX,50.000000,100,False
582812,GOLDM29OCT26182000CE,GOLDM,29OCT2026,18200000.000000,100,OPTFUT,MCX,50.000000,10000,False
582817,ZINC23SEP26445CE,ZINC,23SEP2026,44500.000000,5,OPTFUT,MCX,1.000000,100,False
582844,CRUDEOIL17NOV267350CE,CRUDEOIL,17NOV2026,735000.000000,100,OPTFUT,MCX,10.000000,10000,False
582850,CRUDEOIL17NOV267050CE,CRUDEOIL,17NOV2026,705000.000000,100,OPTFUT,MCX,10.000000,10000,False
582855,CRUDEOIL17NOV266800CE,CRUDEOIL,17NOV2026,680000.000000,100,OPTFUT,MCX,10.000000,10000,False
582857,CRUDEOIL17NOV266700CE,CRUDEOIL,17NOV2026,670000.000000,100,OPTFUT,MCX,10.000000,10000,False
582864,CRUDEOIL17NOV266350CE,CRUDEOIL,17NOV2026,635000.000000,100,OPTFUT,MCX,10.000000,10000,False
582869,CRUDEOIL17NOV266100CE,CRUDEOIL,17NOV2026,610000.000000,100,OPTFUT,MCX,10.000000,10000,False
582876,CRUDEOIL17NOV265750CE,CRUDEOIL,17NOV2026,575000.000000,100,OPTFUT,MCX,10.000000,10000,False
582880,CRUDEOIL17NOV265550CE,CRUDEOIL,17NOV2026,555000.000000,100,OPTFUT,MCX,10.000000,10000,False
582881,CRUDEOIL17NOV265500CE,CRUDEOIL,17NOV2026,550000.000000,100,OPTFUT,MCX,10.000000,10000,False
582884,CRUDEOIL17NOV265350CE,CRUDEOIL,17NOV2026,535000.000000,100,OPTFUT,MCX,10.000000,10000,False
582887,CRUDEOIL17NOV265200CE,CRUDEOIL,17NOV2026,520000.000000,100,OPTFUT,MCX,10.000000,10000,False
582889,CRUDEOIL17NOV265100CE,CRUDEOIL,17NOV2026,510000.000000,100,OPTFUT,MCX,10.000000,10000,False
582892,CRUDEOIL17NOV264950CE,CRUDEOIL,17NOV2026,495000.000000,100,OPTFUT,MCX,10.000000,10000,False
582900,CRUDEOIL17NOV264550CE,CRUDEOIL,17NOV2026,455000.000000,100,OPTFUT,MCX,10.000000,10000,False
582904,CRUDEOIL17NOV264350CE,CRUDEOIL,17NOV2026,435000.000000,100,OPTFUT,MCX,10.000000,10000,False
582905,CRUDEOIL17NOV264300CE,CRUDEOIL,17NOV2026,430000.000000,100,OPTFUT,MCX,10.000000,10000,False
582911,CRUDEOIL17NOV268050CE,CRUDEOIL,17NOV2026,805000.000000,100,OPTFUT,MCX,10.000000,10000,False
582922,CRUDEOIL17NOV268600CE,CRUDEOIL,17NOV2026,860000.000000,100,OPTFUT,MCX,10.000000,10000,False
582925,CRUDEOIL17NOV268750CE,CRUDEOIL,17NOV2026,875000.000000,100,OPTFUT,MCX,10.000000,10000,False
582934,CRUDEOIL17NOV269200CE,CRUDEOIL,17NOV2026,920000.000000,100,OPTFUT,MCX,10.000000,10000,False
582935,CRUDEOIL17NOV269250CE,CRUDEOIL,17NOV2026,925000.000000,100,OPTFUT,MCX,10.000000,10000,False
582936,CRUDEOIL17NOV269300CE,CRUDEOIL,17NOV2026,930000.000000,100,OPTFUT,MCX,10.000000,10000,False
582947,CRUDEOIL17NOV269850CE,CRUDEOIL,17NOV2026,985000.000000,100,OPTFUT,MCX,10.000000,10000,False
582969,CRUDEOIL17NOV2610950CE,CRUDEOIL,17NOV2026,1095000.000000,100,OPTFUT,MCX,10.000000,10000,False
582974,CRUDEOIL17NOV2611200CE,CRUDEOIL,17NOV2026,1120000.000000,100,OPTFUT,MCX,10.000000,10000,False
582976,CRUDEOIL17NOV2611300CE,CRUDEOIL,17NOV2026,1130000.000000,100,OPTFUT,MCX,10.000000,10000,False
582977,CRUDEOIL17NOV2611350CE,CRUDEOIL,17NOV2026,1135000.000000,100,OPTFUT,MCX,10.000000,10000,False
583002,CRUDEOIL17NOV266950PE,CRUDEOIL,17NOV2026,695000.000000,100,OPTFUT,MCX,10.000000,10000,False
583006,CRUDEOIL17NOV266750PE,CRUDEOIL,17NOV2026,675000.000000,100,OPTFUT,MCX,10.000000,10000,False
583011,CRUDEOIL17NOV266500PE,CRUDEOIL,17NOV2026,650000.000000,100,OPTFUT,MCX,10.000000,10000,False
583017,CRUDEOIL17NOV266200PE,CRUDEOIL,17NOV2026,620000.000000,100,OPTFUT,MCX,10.000000,10000,False
583022,CRUDEOIL17NOV265950PE,CRUDEOIL,17NOV2026,595000.000000,100,OPTFUT,MCX,10.000000,10000,False
583028,CRUDEOIL17NOV265650PE,CRUDEOIL,17NOV2026,565000.000000,100,OPTFUT,MCX,10.000000,10000,False
583038,CRUDEOIL17NOV265150PE,CRUDEOIL,17NOV2026,515000.000000,100,OPTFUT,MCX,10.000000,10000,False
583044,CRUDEOIL17NOV264850PE,CRUDEOIL,17NOV2026,485000.000000,100,OPTFUT,MCX,10.000000,10000,False
583089,CRUDEOIL17NOV269450PE,CRUDEOIL,17NOV2026,945000.000000,100,OPTFUT,MCX,10.000000,10000,False
583072,CRUDEOIL17NOV268600PE,CRUDEOIL,17NOV2026,860000.000000,100,OPTFUT,MCX,10.000000,10000,False
583081,CRUDEOIL17NOV269050PE,CRUDEOIL,17NOV2026,905000.000000,100,OPTFUT,MCX,10.000000,10000,False
583082,CRUDEOIL17NOV269100PE,CRUDEOIL,17NOV2026,910000.000000,100,OPTFUT,MCX,10.000000,10000,False
583104,CRUDEOIL17NOV2610200PE,CRUDEOIL,17NOV2026,1020000.000000,100,OPTFUT,MCX,10.000000,10000,False
583106,CRUDEOIL17NOV2610300PE,CRUDEOIL,17NOV2026,1030000.000000,100,OPTFUT,MCX,10.000000,10000,False
583108,CRUDEOIL17NOV2610400PE,CRUDEOIL,17NOV2026,1040000.000000,100,OPTFUT,MCX,10.000000,10000,False
583124,CRUDEOIL17NOV2611200PE,CRUDEOIL,17NOV2026,1120000.000000,100,OPTFUT,MCX,10.000000,10000,False
583142,GOLD30JUN27190000PE,GOLD,30JUN2027,19000000.000000,1,OPTFUT,MCX,50.000000,100,False
583146,GOLD29JUL27190000PE,GOLD,29JUL2027,19000000.000000,1,OPTFUT,MCX,50.000000,100,False
583156,GOLDM29OCT26183500CE,GOLDM,29OCT2026,18350000.000000,100,OPTFUT,MCX,50.000000,10000,False
583157,GOLDM29OCT26184000CE,GOLDM,29OCT2026,18400000.000000,100,OPTFUT,MCX,50.000000,10000,False
583173,CRUDEOILM17NOV267700CE,CRUDEOILM,17NOV2026,770000.000000,10,OPTFUT,MCX,5.000000,10000,False
583183,CRUDEOILM17NOV267200CE,CRUDEOILM,17NOV2026,720000.000000,10,OPTFUT,MCX,5.000000,10000,False
583202,CRUDEOILM17NOV266250CE,CRUDEOILM,17NOV2026,625000.000000,10,OPTFUT,MCX,5.000000,10000,False
583204,CRUDEOILM17NOV266150CE,CRUDEOILM,17NOV2026,615000.000000,10,OPTFUT,MCX,5.000000,10000,False
583207,CRUDEOILM17NOV266000CE,CRUDEOILM,17NOV2026,600000.000000,10,OPTFUT,MCX,5.000000,10000,False
583209,CRUDEOILM17NOV265900CE,CRUDEOILM,17NOV2026,590000.000000,10,OPTFUT,MCX,5.000000,10000,False
583211,CRUDEOILM17NOV265800CE,CRUDEOILM,17NOV2026,580000.000000,10,OPTFUT,MCX,5.000000,10000,False
583214,CRUDEOILM17NOV265650CE,CRUDEOILM,17NOV2026,565000.000000,10,OPTFUT,MCX,5.000000,10000,False
583215,CRUDEOILM17NOV265600CE,CRUDEOILM,17NOV2026,560000.000000,10,OPTFUT,MCX,5.000000,10000,False
583221,CRUDEOILM17NOV265300CE,CRUDEOILM,17NOV2026,530000.000000,10,OPTFUT,MCX,5.000000,10000,False
583222,CRUDEOILM17NOV265250CE,CRUDEOILM,17NOV2026,525000.000000,10,OPTFUT,MCX,5.000000,10000,False
583225,CRUDEOILM17NOV265100CE,CRUDEOILM,17NOV2026,510000.000000,10,OPTFUT,MCX,5.000000,10000,False
583227,CRUDEOILM17NOV265000CE,CRUDEOILM,17NOV2026,500000.000000,10,OPTFUT,MCX,5.000000,10000,False
583236,CRUDEOILM17NOV264550CE,CRUDEOILM,17NOV2026,455000.000000,10,OPTFUT,MCX,5.000000,10000,False
583243,CRUDEOILM17NOV264200CE,CRUDEOILM,17NOV2026,420000.000000,10,OPTFUT,MCX,5.000000,10000,False
583244,CRUDEOILM17NOV264150CE,CRUDEOILM,17NOV2026,415000.000000,10,OPTFUT,MCX,5.000000,10000,False
583245,CRUDEOILM17NOV267950CE,CRUDEOILM,17NOV2026,795000.000000,10,OPTFUT,MCX,5.000000,10000,False
583266,CRUDEOILM17NOV269000CE,CRUDEOILM,17NOV2026,900000.000000,10,OPTFUT,MCX,5.000000,10000,False
583274,CRUDEOILM17NOV269400CE,CRUDEOILM,17NOV2026,940000.000000,10,OPTFUT,MCX,5.000000,10000,False
583283,CRUDEOILM17NOV269850CE,CRUDEOILM,17NOV2026,985000.000000,10,OPTFUT,MCX,5.000000,10000,False
583288,CRUDEOILM17NOV2610100CE,CRUDEOILM,17NOV2026,1010000.000000,10,OPTFUT,MCX,5.000000,10000,False
583301,CRUDEOILM17NOV2610750CE,CRUDEOILM,17NOV2026,1075000.000000,10,OPTFUT,MCX,5.000000,10000,False
583304,CRUDEOILM17NOV2610900CE,CRUDEOILM,17NOV2026,1090000.000000,10,OPTFUT,MCX,5.000000,10000,False
583307,CRUDEOILM17NOV2611050CE,CRUDEOILM,17NOV2026,1105000.000000,10,OPTFUT,MCX,5.000000,10000,False
583338,CRUDEOILM17NOV266950PE,CRUDEOILM,17NOV2026,695000.000000,10,OPTFUT,MCX,5.000000,10000,False
583340,CRUDEOILM17NOV266850PE,CRUDEOILM,17NOV2026,685000.000000,10,OPTFUT,MCX,5.000000,10000,False
583345,CRUDEOILM17NOV266600PE,CRUDEOILM,17NOV2026,660000.000000,10,OPTFUT,MCX,5.000000,10000,False
583367,CRUDEOILM17NOV265500PE,CRUDEOILM,17NOV2026,550000.000000,10,OPTFUT,MCX,5.000000,10000,False
583373,CRUDEOILM17NOV265200PE,CRUDEOILM,17NOV2026,520000.000000,10,OPTFUT,MCX,5.000000,10000,False
583384,CRUDEOILM17NOV264650PE,CRUDEOILM,17NOV2026,465000.000000,10,OPTFUT,MCX,5.000000,10000,False
583391,CRUDEOILM17NOV264300PE,CRUDEOILM,17NOV2026,430000.000000,10,OPTFUT,MCX,5.000000,10000,False
583422,CRUDEOILM17NOV269300PE,CRUDEOILM,17NOV2026,930000.000000,10,OPTFUT,MCX,5.000000,10000,False
583434,CRUDEOILM17NOV269900PE,CRUDEOILM,17NOV2026,990000.000000,10,OPTFUT,MCX,5.000000,10000,False
583442,CRUDEOILM17NOV2610300PE,CRUDEOILM,17NOV2026,1030000.000000,10,OPTFUT,MCX,5.000000,10000,False
583447,CRUDEOILM17NOV2610550PE,CRUDEOILM,17NOV2026,1055000.000000,10,OPTFUT,MCX,5.000000,10000,False
583449,CRUDEOILM17NOV2610650PE,CRUDEOILM,17NOV2026,1065000.000000,10,OPTFUT,MCX,5.000000,10000,False
583451,CRUDEOILM17NOV2610750PE,CRUDEOILM,17NOV2026,1075000.000000,10,OPTFUT,MCX,5.000000,10000,False
583463,CRUDEOILM17NOV2611350PE,CRUDEOILM,17NOV2026,1135000.000000,10,OPTFUT,MCX,5.000000,10000,False
583466,CRUDEOILM17NOV2611500PE,CRUDEOILM,17NOV2026,1150000.000000,10,OPTFUT,MCX,5.000000,10000,False
583469,CRUDEOILM17NOV2611650PE,CRUDEOILM,17NOV2026,1165000.000000,10,OPTFUT,MCX,5.000000,10000,False
583476,MCXBULLDEX25SEP2639300PE,MCXBULLDEX,25SEP2026,3930000.000000,30,OPTIDX,MCX,5.000000,900,False
583480,MCXBULLDEX28OCT2639400PE,MCXBULLDEX,28OCT2026,3940000.000000,30,OPTIDX,MCX,5.000000,900,False
583486,GOLD30JUN27192000CE,GOLD,30JUN2027,19200000.000000,1,OPTFUT,MCX,50.000000,100,False
583490,GOLD29JUL27192000CE,GOLD,29JUL2027,19200000.000000,1,OPTFUT,MCX,50.000000,100,False
583495,GOLD30JUN27192500PE,GOLD,30JUN2027,19250000.000000,1,OPTFUT,MCX,50.000000,100,False
583498,GOLD29JUL27192000PE,GOLD,29JUL2027,19200000.000000,1,OPTFUT,MCX,50.000000,100,False
583501,GOLD29JUL27193500PE,GOLD,29JUL2027,19350000.000000,1,OPTFUT,MCX,50.000000,100,False
583531,SILVER28JUN27304000CE,SILVER,28JUN2027,30400000.000000,30,OPTFUT,MCX,50.000000,600,False
583544,SILVER28JUN27301000PE,SILVER,28JUN2027,30100000.000000,30,OPTFUT,MCX,50.000000,600,False
583549,SILVER28JUN27306000PE,SILVER,28JUN2027,30600000.000000,30,OPTFUT,MCX,50.000000,600,False
583555,SILVERM23JUN27303000CE,SILVERM,23JUN2027,30300000.000000,5,OPTFUT,MCX,50.000000,600,False
583556,SILVERM23JUN27304000CE,SILVERM,23JUN2027,30400000.000000,5,OPTFUT,MCX,50.000000,600,False
583557,SILVERM23JUN27305000CE,SILVERM,23JUN2027,30500000.000000,5,OPTFUT,MCX,50.000000,600,False
583558,SILVERM23JUN27306000CE,SILVERM,23JUN2027,30600000.000000,5,OPTFUT,MCX,50.000000,600,False
583581,MCXBULLDEX28OCT2639800CE,MCXBULLDEX,28OCT2026,3980000.000000,30,OPTIDX,MCX,5.000000,900,False
583591,MCXBULLDEX28OCT2639800PE,MCXBULLDEX,28OCT2026,3980000.000000,30,OPTIDX,MCX,5.000000,900,False
583598,GOLD30JUN27195000CE,GOLD,30JUN2027,19500000.000000,1,OPTFUT,MCX,50.000000,100,False
583606,GOLD29JUL27196000CE,GOLD,29JUL2027,19600000.000000,1,OPTFUT,MCX,50.000000,100,False
583618,GOLD29JUL27196000PE,GOLD,29JUL2027,19600000.000000,1,OPTFUT,MCX,50.000000,100,False
583636,GOLDM29OCT26188000CE,GOLDM,29OCT2026,18800000.000000,100,OPTFUT,MCX,50.000000,10000,False
583637,GOLDM29OCT26188500CE,GOLDM,29OCT2026,18850000.000000,100,OPTFUT,MCX,50.000000,10000,False
583665,SILVER26MAY27308000PE,SILVER,26MAY2027,30800000.000000,30,OPTFUT,MCX,50.000000,600,False
583666,SILVER26MAY27309000PE,SILVER,26MAY2027,30900000.000000,30,OPTFUT,MCX,50.000000,600,False
583669,SILVER28JUN27308000PE,SILVER,28JUN2027,30800000.000000,30,OPTFUT,MCX,50.000000,600,False
583670,SILVER28JUN27309000PE,SILVER,28JUN2027,30900000.000000,30,OPTFUT,MCX,50.000000,600,False
583673,SILVERM26MAY27309000CE,SILVERM,26MAY2027,30900000.000000,5,OPTFUT,MCX,50.000000,600,False
583699,ZINC23SEP26450PE,ZINC,23SEP2026,45000.000000,5,OPTFUT,MCX,1.000000,100,False
583704,MCXBULLDEX25SEP2640300CE,MCXBULLDEX,25SEP2026,4030000.000000,30,OPTIDX,MCX,5.000000,900,False
583709,MCXBULLDEX28OCT2640100CE,MCXBULLDEX,28OCT2026,4010000.000000,30,OPTIDX,MCX,5.000000,900,False
583752,GOLD30JUN27198500CE,GOLD,30JUN2027,19850000.000000,1,OPTFUT,MCX,50.000000,100,False
583765,GOLD30JUN27197000PE,GOLD,30JUN2027,19700000.000000,1,OPTFUT,MCX,50.000000,100,False
583766,GOLD30JUN27197500PE,GOLD,30JUN2027,19750000.000000,1,OPTFUT,MCX,50.000000,100,False
583772,GOLD29JUL27197000PE,GOLD,29JUL2027,19700000.000000,1,OPTFUT,MCX,50.000000,100,False
583778,GOLD29JUL27200000PE,GOLD,29JUL2027,20000000.000000,1,OPTFUT,MCX,50.000000,100,False
583787,GOLDM29OCT26189000PE,GOLDM,29OCT2026,18900000.000000,100,OPTFUT,MCX,50.000000,10000,False
583806,CRUDEOIL17NOV264050PE,CRUDEOIL,17NOV2026,405000.000000,100,OPTFUT,MCX,10.000000,10000,False
583825,NATURALGAS20NOV26340CE,NATURALGAS,20NOV2026,34000.000000,1250,OPTFUT,MCX,5.000000,60000,False
583830,NATGASMINI23FEB27FUT,NATGASMINI,23FEB2027,0.000000,250,FUTCOM,MCX,10.000000,60000,False
583832,NATURALGAS20NOV26330CE,NATURALGAS,20NOV2026,33000.000000,1250,OPTFUT,MCX,5.000000,60000,False
583836,NATURALGAS20NOV26310CE,NATURALGAS,20NOV2026,31000.000000,1250,OPTFUT,MCX,5.000000,60000,False
583837,NATURALGAS20NOV26305CE,NATURALGAS,20NOV2026,30500.000000,1250,OPTFUT,MCX,5.000000,60000,False
583840,NATURALGAS20NOV26290CE,NATURALGAS,20NOV2026,29000.000000,1250,OPTFUT,MCX,5.000000,60000,False
583843,NATURALGAS20NOV26275CE,NATURALGAS,20NOV2026,27500.000000,1250,OPTFUT,MCX,5.000000,60000,False
583844,NATURALGAS20NOV26270CE,NATURALGAS,20NOV2026,27000.000000,1250,OPTFUT,MCX,5.000000,60000,False
583848,NATURALGAS20NOV26250CE,NATURALGAS,20NOV2026,25000.000000,1250,OPTFUT,MCX,5.000000,60000,False
583898,NATURALGAS20NOV26480CE,NATURALGAS,20NOV2026,48000.000000,1250,OPTFUT,MCX,5.000000,60000,False
583913,NATURALGAS20NOV26325PE,NATURALGAS,20NOV2026,32500.000000,1250,OPTFUT,MCX,5.000000,60000,False
583914,NATURALGAS20NOV26320PE,NATURALGAS,20NOV2026,32000.000000,1250,OPTFUT,MCX,5.000000,60000,False
583918,NATURALGAS20NOV26300PE,NATURALGAS,20NOV2026,30000.000000,1250,OPTFUT,MCX,5.000000,60000,False
583924,NATURALGAS20NOV26270PE,NATURALGAS,20NOV2026,27000.000000,1250,OPTFUT,MCX,5.000000,60000,False
583935,NATURALGAS20NOV26215PE,NATURALGAS,20NOV2026,21500.000000,1250,OPTFUT,MCX,5.000000,60000,False
583948,NATURALGAS20NOV26150PE,NATURALGAS,20NOV2026,15000.000000,1250,OPTFUT,MCX,5.000000,60000,False
583952,NATURALGAS20NOV26350PE,NATURALGAS,20NOV2026,35000.000000,1250,OPTFUT,MCX,5.000000,60000,False
583953,NATURALGAS20NOV26355PE,NATURALGAS,20NOV2026,35500.000000,1250,OPTFUT,MCX,5.000000,60000,False
583965,NATURALGAS20NOV26415PE,NATURALGAS,20NOV2026,41500.000000,1250,OPTFUT,MCX,5.000000,60000,False
583973,NATURALGAS20NOV26455PE,NATURALGAS,20NOV2026,45500.000000,1250,OPTFUT,MCX,5.000000,60000,False
583978,NATURALGAS20NOV26480PE,NATURALGAS,20NOV2026,48000.000000,1250,OPTFUT,MCX,5.000000,60000,False
583991,ZINC23SEP26465CE,ZINC,23SEP2026,46500.000000,5,OPTFUT,MCX,1.000000,100,False
583997,NATGASMINI20NOV26325CE,NATGASMINI,20NOV2026,32500.000000,250,OPTFUT,MCX,5.000000,60000,False
584008,NATGASMINI20NOV26270CE,NATGASMINI,20NOV2026,27000.000000,250,OPTFUT,MCX,5.000000,60000,False
584014,NATGASMINI20NOV26240CE,NATGASMINI,20NOV2026,24000.000000,250,OPTFUT,MCX,5.000000,60000,False
584016,NATGASMINI20NOV26230CE,NATGASMINI,20NOV2026,23000.000000,250,OPTFUT,MCX,5.000000,60000,False
584030,NATGASMINI20NOV26160CE,NATGASMINI,20NOV2026,16000.000000,250,OPTFUT,MCX,5.000000,60000,False
584027,NATGASMINI20NOV26175CE,NATGASMINI,20NOV2026,17500.000000,250,OPTFUT,MCX,5.000000,60000,False
584032,NATGASMINI20NOV26150CE,NATGASMINI,20NOV2026,15000.000000,250,OPTFUT,MCX,5.000000,60000,False
584034,NATGASMINI20NOV26140CE,NATGASMINI,20NOV2026,14000.000000,250,OPTFUT,MCX,5.000000,60000,False
584040,NATGASMINI20NOV26370CE,NATGASMINI,20NOV2026,37000.000000,250,OPTFUT,MCX,5.000000,60000,False
584041,NATGASMINI20NOV26375CE,NATGASMINI,20NOV2026,37500.000000,250,OPTFUT,MCX,5.000000,60000,False
584042,NATGASMINI20NOV26380CE,NATGASMINI,20NOV2026,38000.000000,250,OPTFUT,MCX,5.000000,60000,False
584048,NATGASMINI20NOV26410CE,NATGASMINI,20NOV2026,41000.000000,250,OPTFUT,MCX,5.000000,60000,False
584059,NATGASMINI20NOV26465CE,NATGASMINI,20NOV2026,46500.000000,250,OPTFUT,MCX,5.000000,60000,False
584052,NATGASMINI20NOV26430CE,NATGASMINI,20NOV2026,43000.000000,250,OPTFUT,MCX,5.000000,60000,False
584076,NATGASMINI20NOV26330PE,NATGASMINI,20NOV2026,33000.000000,250,OPTFUT,MCX,5.000000,60000,False
584082,NATGASMINI20NOV26300PE,NATGASMINI,20NOV2026,30000.000000,250,OPTFUT,MCX,5.000000,60000,False
584089,NATGASMINI20NOV26265PE,NATGASMINI,20NOV2026,26500.000000,250,OPTFUT,MCX,5.000000,60000,False
584101,NATGASMINI20NOV26205PE,NATGASMINI,20NOV2026,20500.000000,250,OPTFUT,MCX,5.000000,60000,False
584119,NATGASMINI20NOV26365PE,NATGASMINI,20NOV2026,36500.000000,250,OPTFUT,MCX,5.000000,60000,False
584125,NATGASMINI20NOV26395PE,NATGASMINI,20NOV2026,39500.000000,250,OPTFUT,MCX,5.000000,60000,False
584128,NATGASMINI20NOV26410PE,NATGASMINI,20NOV2026,41000.000000,250,OPTFUT,MCX,5.000000,60000,False
584146,NATGASMINI20NOV26500PE,NATGASMINI,20NOV2026,50000.000000,250,OPTFUT,MCX,5.000000,60000,False
584148,NATGASMINI20NOV26510PE,NATGASMINI,20NOV2026,51000.000000,250,OPTFUT,MCX,5.000000,60000,False
584150,NATGASMINI20NOV26520PE,NATGASMINI,20NOV2026,52000.000000,250,OPTFUT,MCX,5.000000,60000,False
584159,MCXBULLDEX27NOV2636500CE,MCXBULLDEX,27NOV2026,3650000.000000,15,OPTIDX,MCX,5.000000,450,False
584165,MCXBULLDEX27NOV2635200CE,MCXBULLDEX,27NOV2026,3520000.000000,15,OPTIDX,MCX,5.000000,450,False
584170,MCXBULLDEX27NOV2634700CE,MCXBULLDEX,27NOV2026,3470000.000000,15,OPTIDX,MCX,5.000000,450,False
584182,MCXBULLDEX27NOV2633500CE,MCXBULLDEX,27NOV2026,3350000.000000,15,OPTIDX,MCX,5.000000,450,False
584193,MCXBULLDEX27NOV2632400CE,MCXBULLDEX,27NOV2026,3240000.000000,15,OPTIDX,MCX,5.000000,450,False
584205,MCXBULLDEX27NOV2636700CE,MCXBULLDEX,27NOV2026,3670000.000000,15,OPTIDX,MCX,5.000000,450,False
584209,MCXBULLDEX27NOV2637100CE,MCXBULLDEX,27NOV2026,3710000.000000,15,OPTIDX,MCX,5.000000,450,False
584226,MCXBULLDEX27NOV2638800CE,MCXBULLDEX,27NOV2026,3880000.000000,15,OPTIDX,MCX,5.000000,450,False
584228,MCXBULLDEX27NOV2639000CE,MCXBULLDEX,27NOV2026,3900000.000000,15,OPTIDX,MCX,5.000000,450,False
584229,MCXBULLDEX27NOV2639100CE,MCXBULLDEX,27NOV2026,3910000.000000,15,OPTIDX,MCX,5.000000,450,False
584249,MCXBULLDEX27NOV2633800PE,MCXBULLDEX,27NOV2026,3380000.000000,15,OPTIDX,MCX,5.000000,450,False
584250,MCXBULLDEX27NOV2633700PE,MCXBULLDEX,27NOV2026,3370000.000000,15,OPTIDX,MCX,5.000000,450,False
584253,MCXBULLDEX27NOV2633400PE,MCXBULLDEX,27NOV2026,3340000.000000,15,OPTIDX,MCX,5.000000,450,False
584261,MCXBULLDEX27NOV2632600PE,MCXBULLDEX,27NOV2026,3260000.000000,15,OPTIDX,MCX,5.000000,450,False
584269,MCXBULLDEX27NOV2636000PE,MCXBULLDEX,27NOV2026,3600000.000000,15,OPTIDX,MCX,5.000000,450,False
584270,MCXBULLDEX27NOV2636100PE,MCXBULLDEX,27NOV2026,3610000.000000,15,OPTIDX,MCX,5.000000,450,False
584276,MCXBULLDEX27NOV2636800PE,MCXBULLDEX,27NOV2026,3680000.000000,15,OPTIDX,MCX,5.000000,450,False
584299,MCXBULLDEX27NOV2639100PE,MCXBULLDEX,27NOV2026,3910000.000000,15,OPTIDX,MCX,5.000000,450,False
584317,ALUMINIUM30JUN27FUT,ALUMINIUM,30JUN2027,0.000000,5,FUTCOM,MCX,5.000000,150,False
584323,ZINC23DEC26385PE,ZINC,23DEC2026,38500.000000,5,OPTFUT,MCX,1.000000,100,False
584337,COPPER23DEC261350CE,COPPER,23DEC2026,135000.000000,2500,OPTFUT,MCX,1.000000,70000,False
584342,COPPER23DEC261300CE,COPPER,23DEC2026,130000.000000,2500,OPTFUT,MCX,1.000000,70000,False
584343,COPPER23DEC261290CE,COPPER,23DEC2026,129000.000000,2500,OPTFUT,MCX,1.000000,70000,False
584357,COPPER23DEC261520CE,COPPER,23DEC2026,152000.000000,2500,OPTFUT,MCX,1.000000,70000,False
584375,COPPER23DEC261270PE,COPPER,23DEC2026,127000.000000,2500,OPTFUT,MCX,1.000000,70000,False
584380,COPPER23DEC261450PE,COPPER,23DEC2026,145000.000000,2500,OPTFUT,MCX,1.000000,70000,False
584388,COPPER23DEC261530PE,COPPER,23DEC2026,153000.000000,2500,OPTFUT,MCX,1.000000,70000,False
584393,GOLD30JUN27134500CE,GOLD,30JUN2027,13450000.000000,1,OPTFUT,MCX,50.000000,100,False
584404,ZINC23DEC26375CE,ZINC,23DEC2026,37500.000000,5,OPTFUT,MCX,1.000000,100,False
584431,ZINC23DEC26355PE,ZINC,23DEC2026,35500.000000,5,OPTFUT,MCX,1.000000,100,False
584436,ZINC23DEC26390PE,ZINC,23DEC2026,39000.000000,5,OPTFUT,MCX,1.000000,100,False
584439,ZINC23DEC26405PE,ZINC,23DEC2026,40500.000000,5,OPTFUT,MCX,1.000000,100,False
584458,CRUDEOIL17NOV2611800CE,CRUDEOIL,17NOV2026,1180000.000000,100,OPTFUT,MCX,10.000000,10000,False
584474,CRUDEOILM15OCT2612100PE,CRUDEOILM,15OCT2026,1210000.000000,10,OPTFUT,MCX,5.000000,10000,False
584476,CRUDEOILM17NOV2611850PE,CRUDEOILM,17NOV2026,1185000.000000,10,OPTFUT,MCX,5.000000,10000,False
584481,MCXBULLDEX27NOV2631600CE,MCXBULLDEX,27NOV2026,3160000.000000,15,OPTIDX,MCX,5.000000,450,False
584484,MCXBULLDEX27NOV2631300CE,MCXBULLDEX,27NOV2026,3130000.000000,15,OPTIDX,MCX,5.000000,450,False
584490,MCXBULLDEX27NOV2631300PE,MCXBULLDEX,27NOV2026,3130000.000000,15,OPTIDX,MCX,5.000000,450,False
584521,GOLDM27NOV26145000CE,GOLDM,27NOV2026,14500000.000000,100,OPTFUT,MCX,50.000000,10000,False
584528,GOLDM27NOV26141500CE,GOLDM,27NOV2026,14150000.000000,100,OPTFUT,MCX,50.000000,10000,False
584535,GOLDM27NOV26138000CE,GOLDM,27NOV2026,13800000.000000,100,OPTFUT,MCX,50.000000,10000,False
584537,GOLDM27NOV26137000CE,GOLDM,27NOV2026,13700000.000000,100,OPTFUT,MCX,50.000000,10000,False
584538,GOLDM27NOV26136500CE,GOLDM,27NOV2026,13650000.000000,100,OPTFUT,MCX,50.000000,10000,False
584547,GOLDM27NOV26132000CE,GOLDM,27NOV2026,13200000.000000,100,OPTFUT,MCX,50.000000,10000,False
584550,GOLDM27NOV26130500CE,GOLDM,27NOV2026,13050000.000000,100,OPTFUT,MCX,50.000000,10000,False
584556,GOLDM27NOV26156500CE,GOLDM,27NOV2026,15650000.000000,100,OPTFUT,MCX,50.000000,10000,False
584560,GOLDM27NOV26158500CE,GOLDM,27NOV2026,15850000.000000,100,OPTFUT,MCX,50.000000,10000,False
584587,GOLDM27NOV26172000CE,GOLDM,27NOV2026,17200000.000000,100,OPTFUT,MCX,50.000000,10000,False
584603,GOLDM27NOV26154000PE,GOLDM,27NOV2026,15400000.000000,100,OPTFUT,MCX,50.000000,10000,False
584612,GOLDM27NOV26149500PE,GOLDM,27NOV2026,14950000.000000,100,OPTFUT,MCX,50.000000,10000,False
584627,GOLDM27NOV26142000PE,GOLDM,27NOV2026,14200000.000000,100,OPTFUT,MCX,50.000000,10000,False
584635,GOLDM27NOV26138000PE,GOLDM,27NOV2026,13800000.000000,100,OPTFUT,MCX,50.000000,10000,False
584638,GOLDM27NOV26136500PE,GOLDM,27NOV2026,13650000.000000,100,OPTFUT,MCX,50.000000,10000,False
584657,GOLDM27NOV26157000PE,GOLDM,27NOV2026,15700000.000000,100,OPTFUT,MCX,50.000000,10000,False
584665,GOLDM27NOV26161000PE,GOLDM,27NOV2026,16100000.000000,100,OPTFUT,MCX,50.000000,10000,False
584670,GOLDM27NOV26163500PE,GOLDM,27NOV2026,16350000.000000,100,OPTFUT,MCX,50.000000,10000,False
584673,GOLDM27NOV26165000PE,GOLDM,27NOV2026,16500000.000000,100,OPTFUT,MCX,50.000000,10000,False
584677,GOLDM27NOV26167000PE,GOLDM,27NOV2026,16700000.000000,100,OPTFUT,MCX,50.000000,10000,False
584679,GOLDM27NOV26168000PE,GOLDM,27NOV2026,16800000.000000,100,OPTFUT,MCX,50.000000,10000,False
584682,GOLDM27NOV26169500PE,GOLDM,27NOV2026,16950000.000000,100,OPTFUT,MCX,50.000000,10000,False
584683,GOLDM27NOV26170000PE,GOLDM,27NOV2026,17000000.000000,100,OPTFUT,MCX,50.000000,10000,False
584694,GOLDM27NOV26175500PE,GOLDM,27NOV2026,17550000.000000,100,OPTFUT,MCX,50.000000,10000,False
584699,GOLDM27NOV26178000PE,GOLDM,27NOV2026,17800000.000000,100,OPTFUT,MCX,50.000000,10000,False
584726,CRUDEOIL17SEP2612500CE,CRUDEOIL,17SEP2026,1250000.000000,100,OPTFUT,MCX,10.000000,10000,False
584727,CRUDEOIL15OCT2612150CE,CRUDEOIL,15OCT2026,1215000.000000,100,OPTFUT,MCX,10.000000,10000,False
584750,CRUDEOILM15OCT2612200PE,CRUDEOILM,15OCT2026,1220000.000000,10,OPTFUT,MCX,5.000000,10000,False
584759,COPPER23OCT261570PE,COPPER,23OCT2026,157000.000000,2500,OPTFUT,MCX,1.000000,70000,False
584778,CRUDEOILM21JUN27FUT,CRUDEOILM,21JUN2027,0.000000,10,FUTCOM,MCX,100.000000,10000,False
584787,CRUDEOIL17SEP2612550CE,CRUDEOIL,17SEP2026,1255000.000000,100,OPTFUT,MCX,10.000000,10000,False
584799,CRUDEOIL15OCT2612550CE,CRUDEOIL,15OCT2026,1255000.000000,100,OPTFUT,MCX,10.000000,10000,False
584803,CRUDEOIL17NOV2612200CE,CRUDEOIL,17NOV2026,1220000.000000,100,OPTFUT,MCX,10.000000,10000,False
584812,CRUDEOIL15OCT2612300PE,CRUDEOIL,15OCT2026,1230000.000000,100,OPTFUT,MCX,10.000000,10000,False
584816,CRUDEOIL15OCT2612500PE,CRUDEOIL,15OCT2026,1250000.000000,100,OPTFUT,MCX,10.000000,10000,False
584819,CRUDEOIL17NOV2612100PE,CRUDEOIL,17NOV2026,1210000.000000,100,OPTFUT,MCX,10.000000,10000,False
584820,CRUDEOIL17NOV2612150PE,CRUDEOIL,17NOV2026,1215000.000000,100,OPTFUT,MCX,10.000000,10000,False
584821,CRUDEOIL17NOV2612200PE,CRUDEOIL,17NOV2026,1220000.000000,100,OPTFUT,MCX,10.000000,10000,False
584827,NATURALGAS20NOV26130CE,NATURALGAS,20NOV2026,13000.000000,1250,OPTFUT,MCX,5.000000,60000,False
584835,CRUDEOILM17SEP2612550CE,CRUDEOILM,17SEP2026,1255000.000000,10,OPTFUT,MCX,5.000000,10000,False
584863,CRUDEOILM15OCT2612450PE,CRUDEOILM,15OCT2026,1245000.000000,10,OPTFUT,MCX,5.000000,10000,False
584869,CRUDEOILM17NOV2612200PE,CRUDEOILM,17NOV2026,1220000.000000,10,OPTFUT,MCX,5.000000,10000,False
584878,CRUDEOIL17SEP2613150CE,CRUDEOIL,17SEP2026,1315000.000000,100,OPTFUT,MCX,10.000000,10000,False
584885,CRUDEOIL15OCT2612600CE,CRUDEOIL,15OCT2026,1260000.000000,100,OPTFUT,MCX,10.000000,10000,False
584891,CRUDEOIL15OCT2612900CE,CRUDEOIL,15OCT2026,1290000.000000,100,OPTFUT,MCX,10.000000,10000,False
584892,CRUDEOIL15OCT2612950CE,CRUDEOIL,15OCT2026,1295000.000000,100,OPTFUT,MCX,10.000000,10000,False
584897,CRUDEOIL17NOV2612350CE,CRUDEOIL,17NOV2026,1235000.000000,100,OPTFUT,MCX,10.000000,10000,False
584904,CRUDEOIL17NOV2612700CE,CRUDEOIL,17NOV2026,1270000.000000,100,OPTFUT,MCX,10.000000,10000,False
584906,CRUDEOIL17SEP2612950PE,CRUDEOIL,17SEP2026,1295000.000000,100,OPTFUT,MCX,10.000000,10000,False
584907,CRUDEOIL17SEP2613000PE,CRUDEOIL,17SEP2026,1300000.000000,100,OPTFUT,MCX,10.000000,10000,False
584914,CRUDEOIL17SEP2613350PE,CRUDEOIL,17SEP2026,1335000.000000,100,OPTFUT,MCX,10.000000,10000,False
584921,CRUDEOIL15OCT2612800PE,CRUDEOIL,15OCT2026,1280000.000000,100,OPTFUT,MCX,10.000000,10000,False
584931,CRUDEOIL17NOV2612450PE,CRUDEOIL,17NOV2026,1245000.000000,100,OPTFUT,MCX,10.000000,10000,False
584933,CRUDEOIL17NOV2612550PE,CRUDEOIL,17NOV2026,1255000.000000,100,OPTFUT,MCX,10.000000,10000,False
584944,CRUDEOILM17SEP2613150CE,CRUDEOILM,17SEP2026,1315000.000000,10,OPTFUT,MCX,5.000000,10000,False
584946,CRUDEOILM17SEP2613250CE,CRUDEOILM,17SEP2026,1325000.000000,10,OPTFUT,MCX,5.000000,10000,False
594,NICKELAUCCOM,NICKELAUC,,0.000000,1500,COMDTY,MCX,1000.000000,99999999,False
584961,CRUDEOILM15OCT2613100CE,CRUDEOILM,15OCT2026,1310000.000000,10,OPTFUT,MCX,5.000000,10000,False
584966,CRUDEOILM17NOV2612500CE,CRUDEOILM,17NOV2026,1250000.000000,10,OPTFUT,MCX,5.000000,10000,False
584982,CRUDEOILM17SEP2613450PE,CRUDEOILM,17SEP2026,1345000.000000,10,OPTFUT,MCX,5.000000,10000,False
599,GOLDTENCOM,GOLDTEN,,0.000000,10,COMDTY,MCX,100.000000,99999999,False
99918001,AGRIDEX,AGRIDEX,,0.000000,1,AMXIDX,NCDEX,0.000000,0,False
99918002,NKRISHI,NKRISHI,,0.000000,1,AMXIDX,NCDEX,0.000000,0,False
99918003,FREIGHTEX,FREIGHTEX,,0.000000,1,AMXIDX,NCDEX,0.000000,0,False
99918004,NCDEXRAIN,NCDEXRAIN,,0.000000,1,AMXIDX,NCDEX,0.000000,0,False
99918005,NCDEXAGRI,NCDEXAGRI,,0.000000,1,AMXIDX,NCDEX,0.000000,0,False
99918006,FUTEXAGRI,FUTEXAGRI,,0.000000,1,AMXIDX,NCDEX,0.000000,0,False
BAJRA18DEC2026,BAJRA18DEC2026,BAJRA,18DEC2026,-1.000000,10,FUTCOM,NCDEX,100.000000,500,False
CASTOROIL19OCT2026,CASTOROIL19OCT2026,CASTOROIL,19OCT2026,-1.000000,2,FUTCOM,NCDEX,50.000000,200,False
COCUDAKL,COCUDAKL,COCUDAKL,,-1.000000,10,COMDTY,NCDEX,100.000000,500,False
COTTON19MAR2027,COTTON19MAR2027,COTTON,19MAR2027,-1.000000,1,FUTCOM,NCDEX,1000.000000,50,False
COTWASOIL19FEB2027,COTWASOIL19FEB2027,COTWASOIL,19FEB2027,-1.000000,1,FUTCOM,NCDEX,10.000000,500,False
DHANIYA,DHANIYA,DHANIYA,,-1.000000,5,COMDTY,NCDEX,200.000000,500,False
DHANIYA09OCT26CE11800FOCT26,DHANIYA09OCT26CE11800FOCT26,DHANIYA,09OCT2026,1180000.000000,5,OPTFUT,NCDEX,100.000000,500,False
DHANIYA09OCT26CE12200FOCT26,DHANIYA09OCT26CE12200FOCT26,DHANIYA,09OCT2026,1220000.000000,5,OPTFUT,NCDEX,100.000000,500,False
DHANIYA09OCT26CE12700FOCT26,DHANIYA09OCT26CE12700FOCT26,DHANIYA,09OCT2026,1270000.000000,5,OPTFUT,NCDEX,100.000000,500,False
DHANIYA09OCT26CE13000FOCT26,DHANIYA09OCT26CE13000FOCT26,DHANIYA,09OCT2026,1300000.000000,5,OPTFUT,NCDEX,100.000000,500,False
DHANIYA09OCT26CE13400FOCT26,DHANIYA09OCT26CE13400FOCT26,DHANIYA,09OCT2026,1340000.000000,5,OPTFUT,NCDEX,100.000000,500,False
DHANIYA09OCT26CE13500FOCT26,DHANIYA09OCT26CE13500FOCT26,DHANIYA,09OCT2026,1350000.000000,5,OPTFUT,NCDEX,100.000000,500,False
DHANIYA09OCT26CE13900FOCT26,DHANIYA09OCT26CE13900FOCT26,DHANIYA,09OCT2026,1390000.000000,5,OPTFUT,NCDEX,100.000000,500,False
DHANIYA09OCT26CE14900FOCT26,DHANIYA09OCT26CE14900FOCT26,DHANIYA,09OCT2026,1490000.000000,5,OPTFUT,NCDEX,100.000000,500,False
DHANIYA09OCT26CE15100FOCT26,DHANIYA09OCT26CE15100FOCT26,DHANIYA,09OCT2026,1510000.000000,5,OPTFUT,NCDEX,100.000000,500,False
DHANIYA09OCT26CE15500FOCT26,DHANIYA09OCT26CE15500FOCT26,DHANIYA,09OCT2026,1550000.000000,5,OPTFUT,NCDEX,100.000000,500,False
DHANIYA09OCT26CE15800FOCT26,DHANIYA09OCT26CE15800FOCT26,DHANIYA,09OCT2026,1580000.000000,5,OPTFUT,NCDEX,100.000000,500,False
DHANIYA09OCT26CE15900FOCT26,DHANIYA09OCT26CE15900FOCT26,DHANIYA,09OCT2026,1590000.000000,5,OPTFUT,NCDEX,100.000000,500,False
DHANIYA09OCT26CE16700FOCT26,DHANIYA09OCT26CE16700FOCT26,DHANIYA,09OCT2026,1670000.000000,5,OPTFUT,NCDEX,100.000000,500,False
DHANIYA09OCT26CE17500FOCT26,DHANIYA09OCT26CE17500FOCT26,DHANIYA,09OCT2026,1750000.000000,5,OPTFUT,NCDEX,100.000000,500,False
DHANIYA09OCT26CE17600FOCT26,DHANIYA09OCT26CE17600FOCT26,DHANIYA,09OCT2026,1760000.000000,5,OPTFUT,NCDEX,100.000000,500,False
DHANIYA09OCT26PE12000FOCT26,DHANIYA09OCT26PE12000FOCT26,DHANIYA,09OCT2026,1200000.000000,5,OPTFUT,NCDEX,100.000000,500,False
DHANIYA09OCT26PE12700FOCT26,DHANIYA09OCT26PE12700FOCT26,DHANIYA,09OCT2026,1270000.000000,5,OPTFUT,NCDEX,100.000000,500,False
DHANIYA09OCT26PE15000FOCT26,DHANIYA09OCT26PE15000FOCT26,DHANIYA,09OCT2026,1500000.000000,5,OPTFUT,NCDEX,100.000000,500,False
DHANIYA09OCT26PE15700FOCT26,DHANIYA09OCT26PE15700FOCT26,DHANIYA,09OCT2026,1570000.000000,5,OPTFUT,NCDEX,100.000000,500,False
DHANIYA09OCT26PE15800FOCT26,DHANIYA09OCT26PE15800FOCT26,DHANIYA,09OCT2026,1580000.000000,5,OPTFUT,NCDEX,100.000000,500,False
DHANIYA09OCT26PE16400FOCT26,DHANIYA09OCT26PE16400FOCT26,DHANIYA,09OCT2026,1640000.000000,5,OPTFUT,NCDEX,100.000000,500,False
DHANIYA09OCT26PE16900FOCT26,DHANIYA09OCT26PE16900FOCT26,DHANIYA,09OCT2026,1690000.000000,5,OPTFUT,NCDEX,100.000000,500,False
DHANIYA10DEC26CE12500FDEC26,DHANIYA10DEC26CE12500FDEC26,DHANIYA,10DEC2026,1250000.000000,5,OPTFUT,NCDEX,100.000000,500,False
DHANIYA10DEC26CE12700FDEC26,DHANIYA10DEC26CE12700FDEC26,DHANIYA,10DEC2026,1270000.000000,5,OPTFUT,NCDEX,100.000000,500,False
DHANIYA10DEC26CE13100FDEC26,DHANIYA10DEC26CE13100FDEC26,DHANIYA,10DEC2026,1310000.000000,5,OPTFUT,NCDEX,100.000000,500,False
DHANIYA10DEC26CE13900FDEC26,DHANIYA10DEC26CE13900FDEC26,DHANIYA,10DEC2026,1390000.000000,5,OPTFUT,NCDEX,100.000000,500,False
DHANIYA10DEC26CE14000FDEC26,DHANIYA10DEC26CE14000FDEC26,DHANIYA,10DEC2026,1400000.000000,5,OPTFUT,NCDEX,100.000000,500,False
DHANIYA10DEC26CE14200FDEC26,DHANIYA10DEC26CE14200FDEC26,DHANIYA,10DEC2026,1420000.000000,5,OPTFUT,NCDEX,100.000000,500,False
DHANIYA10DEC26CE15000FDEC26,DHANIYA10DEC26CE15000FDEC26,DHANIYA,10DEC2026,1500000.000000,5,OPTFUT,NCDEX,100.000000,500,False
DHANIYA10DEC26CE15200FDEC26,DHANIYA10DEC26CE15200FDEC26,DHANIYA,10DEC2026,1520000.000000,5,OPTFUT,NCDEX,100.000000,500,False
DHANIYA10DEC26CE17000FDEC26,DHANIYA10DEC26CE17000FDEC26,DHANIYA,10DEC2026,1700000.000000,5,OPTFUT,NCDEX,100.000000,500,False
DHANIYA10DEC26CE17200FDEC26,DHANIYA10DEC26CE17200FDEC26,DHANIYA,10DEC2026,1720000.000000,5,OPTFUT,NCDEX,100.000000,500,False
DHANIYA10DEC26CE18400FDEC26,DHANIYA10DEC26CE18400FDEC26,DHANIYA,10DEC2026,1840000.000000,5,OPTFUT,NCDEX,100.000000,500,False
DHANIYA10DEC26PE13900FDEC26,DHANIYA10DEC26PE13900FDEC26,DHANIYA,10DEC2026,1390000.000000,5,OPTFUT,NCDEX,100.000000,500,False
DHANIYA10DEC26PE14600FDEC26,DHANIYA10DEC26PE14600FDEC26,DHANIYA,10DEC2026,1460000.000000,5,OPTFUT,NCDEX,100.000000,500,False
DHANIYA10DEC26PE15800FDEC26,DHANIYA10DEC26PE15800FDEC26,DHANIYA,10DEC2026,1580000.000000,5,OPTFUT,NCDEX,100.000000,500,False
DHANIYA10DEC26PE17000FDEC26,DHANIYA10DEC26PE17000FDEC26,DHANIYA,10DEC2026,1700000.000000,5,OPTFUT,NCDEX,100.000000,500,False
DHANIYA10DEC26PE18100FDEC26,DHANIYA10DEC26PE18100FDEC26,DHANIYA,10DEC2026,1810000.000000,5,OPTFUT,NCDEX,100.000000,500,False
DHANIYA12JAN27CE15900FJAN27,DHANIYA12JAN27CE15900FJAN27,DHANIYA,12JAN2027,1590000.000000,5,OPTFUT,NCDEX,100.000000,500,False
DHANIYA12JAN27CE16400FJAN27,DHANIYA12JAN27CE16400FJAN27,DHANIYA,12JAN2027,1640000.000000,5,OPTFUT,NCDEX,100.000000,500,False
DHANIYA12JAN27CE16800FJAN27,DHANIYA12JAN27CE16800FJAN27,DHANIYA,12JAN2027,1680000.000000,5,OPTFUT,NCDEX,100.000000,500,False
DHANIYA12JAN27CE17100FJAN27,DHANIYA12JAN27CE17100FJAN27,DHANIYA,12JAN2027,1710000.000000,5,OPTFUT,NCDEX,100.000000,500,False
DHANIYA12JAN27CE17600FJAN27,DHANIYA12JAN27CE17600FJAN27,DHANIYA,12JAN2027,1760000.000000,5,OPTFUT,NCDEX,100.000000,500,False
DHANIYA12JAN27CE17700FJAN27,DHANIYA12JAN27CE17700FJAN27,DHANIYA,12JAN2027,1770000.000000,5,OPTFUT,NCDEX,100.000000,500,False
DHANIYA12JAN27CE18000FJAN27,DHANIYA12JAN27CE18000FJAN27,DHANIYA,12JAN2027,1800000.000000,5,OPTFUT,NCDEX,100.000000,500,False
DHANIYA12JAN27PE15200FJAN27,DHANIYA12JAN27PE15200FJAN27,DHANIYA,12JAN2027,1520000.000000,5,OPTFUT,NCDEX,100.000000,500,False
DHANIYA12JAN27PE17500FJAN27,DHANIYA12JAN27PE17500FJAN27,DHANIYA,12JAN2027,1750000.000000,5,OPTFUT,NCDEX,100.000000,500,False
GUARGUM518DEC2026,GUARGUM518DEC2026,GUARGUM5,18DEC2026,-1.000000,5,FUTCOM,NCDEX,100.000000,250,False
GUARGUM524DEC26CE10200FJAN27,GUARGUM524DEC26CE10200FJAN27,GUARGUM5,24DEC2026,1020000.000000,5,OPTFUT,NCDEX,50.000000,250,False
GUARGUM524DEC26CE11600FJAN27,GUARGUM524DEC26CE11600FJAN27,GUARGUM5,24DEC2026,1160000.000000,5,OPTFUT,NCDEX,50.000000,250,False
GUARGUM524DEC26CE12000FJAN27,GUARGUM524DEC26CE12000FJAN27,GUARGUM5,24DEC2026,1200000.000000,5,OPTFUT,NCDEX,50.000000,250,False
GUARGUM524DEC26CE12200FJAN27,GUARGUM524DEC26CE12200FJAN27,GUARGUM5,24DEC2026,1220000.000000,5,OPTFUT,NCDEX,50.000000,250,False
GUARGUM524DEC26CE12800FJAN27,GUARGUM524DEC26CE12800FJAN27,GUARGUM5,24DEC2026,1280000.000000,5,OPTFUT,NCDEX,50.000000,250,False
GUARGUM524DEC26CE13800FJAN27,GUARGUM524DEC26CE13800FJAN27,GUARGUM5,24DEC2026,1380000.000000,5,OPTFUT,NCDEX,50.000000,250,False
GUARGUM524DEC26CE15200FJAN27,GUARGUM524DEC26CE15200FJAN27,GUARGUM5,24DEC2026,1520000.000000,5,OPTFUT,NCDEX,50.000000,250,False
GUARGUM524DEC26PE13800FJAN27,GUARGUM524DEC26PE13800FJAN27,GUARGUM5,24DEC2026,1380000.000000,5,OPTFUT,NCDEX,50.000000,250,False
GUARGUM524DEC26PE14600FJAN27,GUARGUM524DEC26PE14600FJAN27,GUARGUM5,24DEC2026,1460000.000000,5,OPTFUT,NCDEX,50.000000,250,False
GUARGUM525SEP26CE10200FOCT26,GUARGUM525SEP26CE10200FOCT26,GUARGUM5,25SEP2026,1020000.000000,5,OPTFUT,NCDEX,50.000000,250,False
GUARGUM525SEP26CE10400FOCT26,GUARGUM525SEP26CE10400FOCT26,GUARGUM5,25SEP2026,1040000.000000,5,OPTFUT,NCDEX,50.000000,250,False
GUARGUM525SEP26CE12800FOCT26,GUARGUM525SEP26CE12800FOCT26,GUARGUM5,25SEP2026,1280000.000000,5,OPTFUT,NCDEX,50.000000,250,False
GUARGUM525SEP26CE15000FOCT26,GUARGUM525SEP26CE15000FOCT26,GUARGUM5,25SEP2026,1500000.000000,5,OPTFUT,NCDEX,50.000000,250,False
GUARGUM525SEP26CE15200FOCT26,GUARGUM525SEP26CE15200FOCT26,GUARGUM5,25SEP2026,1520000.000000,5,OPTFUT,NCDEX,50.000000,250,False
GUARGUM525SEP26CE9400FOCT26,GUARGUM525SEP26CE9400FOCT26,GUARGUM5,25SEP2026,940000.000000,5,OPTFUT,NCDEX,50.000000,250,False
GUARGUM525SEP26PE10800FOCT26,GUARGUM525SEP26PE10800FOCT26,GUARGUM5,25SEP2026,1080000.000000,5,OPTFUT,NCDEX,50.000000,250,False
GUARGUM526FEB27CE11400FMAR27,GUARGUM526FEB27CE11400FMAR27,GUARGUM5,26FEB2027,1140000.000000,5,OPTFUT,NCDEX,50.000000,250,False
GUARGUM526FEB27CE12600FMAR27,GUARGUM526FEB27CE12600FMAR27,GUARGUM5,26FEB2027,1260000.000000,5,OPTFUT,NCDEX,50.000000,250,False
GUARGUM526FEB27CE12800FMAR27,GUARGUM526FEB27CE12800FMAR27,GUARGUM5,26FEB2027,1280000.000000,5,OPTFUT,NCDEX,50.000000,250,False
GUARGUM526FEB27CE14600FMAR27,GUARGUM526FEB27CE14600FMAR27,GUARGUM5,26FEB2027,1460000.000000,5,OPTFUT,NCDEX,50.000000,250,False
GUARGUM526FEB27CE15200FMAR27,GUARGUM526FEB27CE15200FMAR27,GUARGUM5,26FEB2027,1520000.000000,5,OPTFUT,NCDEX,50.000000,250,False
GUARGUM526FEB27PE15000FMAR27,GUARGUM526FEB27PE15000FMAR27,GUARGUM5,26FEB2027,1500000.000000,5,OPTFUT,NCDEX,50.000000,250,False
GUARGUM527NOV26CE13200FDEC26,GUARGUM527NOV26CE13200FDEC26,GUARGUM5,27NOV2026,1320000.000000,5,OPTFUT,NCDEX,50.000000,250,False
GUARGUM526FEB27PE13200FMAR27,GUARGUM526FEB27PE13200FMAR27,GUARGUM5,26FEB2027,1320000.000000,5,OPTFUT,NCDEX,50.000000,250,False
GUARGUM527NOV26CE12800FDEC26,GUARGUM527NOV26CE12800FDEC26,GUARGUM5,27NOV2026,1280000.000000,5,OPTFUT,NCDEX,50.000000,250,False
GUARGUM527NOV26PE15200FDEC26,GUARGUM527NOV26PE15200FDEC26,GUARGUM5,27NOV2026,1520000.000000,5,OPTFUT,NCDEX,50.000000,250,False
GUARGUM527NOV26PE15400FDEC26,GUARGUM527NOV26PE15400FDEC26,GUARGUM5,27NOV2026,1540000.000000,5,OPTFUT,NCDEX,50.000000,250,False
GUARGUM527NOV26PE15600FDEC26,GUARGUM527NOV26PE15600FDEC26,GUARGUM5,27NOV2026,1560000.000000,5,OPTFUT,NCDEX,50.000000,250,False
GUARGUM529JAN27CE10800FFEB27,GUARGUM529JAN27CE10800FFEB27,GUARGUM5,29JAN2027,1080000.000000,5,OPTFUT,NCDEX,50.000000,250,False
GUARGUM529JAN27CE11000FFEB27,GUARGUM529JAN27CE11000FFEB27,GUARGUM5,29JAN2027,1100000.000000,5,OPTFUT,NCDEX,50.000000,250,False
GUARGUM529JAN27CE11200FFEB27,GUARGUM529JAN27CE11200FFEB27,GUARGUM5,29JAN2027,1120000.000000,5,OPTFUT,NCDEX,50.000000,250,False
GUARGUM529JAN27CE15000FFEB27,GUARGUM529JAN27CE15000FFEB27,GUARGUM5,29JAN2027,1500000.000000,5,OPTFUT,NCDEX,50.000000,250,False
GUARGUM529JAN27PE10400FFEB27,GUARGUM529JAN27PE10400FFEB27,GUARGUM5,29JAN2027,1040000.000000,5,OPTFUT,NCDEX,50.000000,250,False
GUARGUM529JAN27PE12400FFEB27,GUARGUM529JAN27PE12400FFEB27,GUARGUM5,29JAN2027,1240000.000000,5,OPTFUT,NCDEX,50.000000,250,False
GUARGUM529JAN27PE13800FFEB27,GUARGUM529JAN27PE13800FFEB27,GUARGUM5,29JAN2027,1380000.000000,5,OPTFUT,NCDEX,50.000000,250,False
GUARGUM529JAN27PE14400FFEB27,GUARGUM529JAN27PE14400FFEB27,GUARGUM5,29JAN2027,1440000.000000,5,OPTFUT,NCDEX,50.000000,250,False
GUARGUM529JAN27PE15200FFEB27,GUARGUM529JAN27PE15200FFEB27,GUARGUM5,29JAN2027,1520000.000000,5,OPTFUT,NCDEX,50.000000,250,False
GUARGUM530OCT26CE12000FNOV26,GUARGUM530OCT26CE12000FNOV26,GUARGUM5,30OCT2026,1200000.000000,5,OPTFUT,NCDEX,50.000000,250,False
GUARGUM530OCT26CE12400FNOV26,GUARGUM530OCT26CE12400FNOV26,GUARGUM5,30OCT2026,1240000.000000,5,OPTFUT,NCDEX,50.000000,250,False
GUARGUM530OCT26CE13000FNOV26,GUARGUM530OCT26CE13000FNOV26,GUARGUM5,30OCT2026,1300000.000000,5,OPTFUT,NCDEX,50.000000,250,False
GUARGUM530OCT26CE15600FNOV26,GUARGUM530OCT26CE15600FNOV26,GUARGUM5,30OCT2026,1560000.000000,5,OPTFUT,NCDEX,50.000000,250,False
GUARGUM530OCT26PE12400FNOV26,GUARGUM530OCT26PE12400FNOV26,GUARGUM5,30OCT2026,1240000.000000,5,OPTFUT,NCDEX,50.000000,250,False
GUARGUM530OCT26PE13200FNOV26,GUARGUM530OCT26PE13200FNOV26,GUARGUM5,30OCT2026,1320000.000000,5,OPTFUT,NCDEX,50.000000,250,False
GUARGUM530OCT26PE15400FNOV26,GUARGUM530OCT26PE15400FNOV26,GUARGUM5,30OCT2026,1540000.000000,5,OPTFUT,NCDEX,50.000000,250,False
GUARGUM530OCT26PE15800FNOV26,GUARGUM530OCT26PE15800FNOV26,GUARGUM5,30OCT2026,1580000.000000,5,OPTFUT,NCDEX,50.000000,250,False
GUARKORMA19MAR2027,GUARKORMA19MAR2027,GUARKORMA,19MAR2027,-1.000000,5,FUTCOM,NCDEX,100.000000,500,False
GUARSEED1018SEP2026,GUARSEED1018SEP2026,GUARSEED10,18SEP2026,-1.000000,5,FUTCOM,NCDEX,100.000000,500,False
GUARSEED1020JAN2027,GUARSEED1020JAN2027,GUARSEED10,20JAN2027,-1.000000,5,FUTCOM,NCDEX,100.000000,500,False
GUARSEED1024DEC26CE6300FJAN27,GUARSEED1024DEC26CE6300FJAN27,GUARSEED10,24DEC2026,630000.000000,5,OPTFUT,NCDEX,50.000000,500,False
GUARSEED1024DEC26CE6700FJAN27,GUARSEED1024DEC26CE6700FJAN27,GUARSEED10,24DEC2026,670000.000000,5,OPTFUT,NCDEX,50.000000,500,False
GUARSEED1024DEC26CE7000FJAN27,GUARSEED1024DEC26CE7000FJAN27,GUARSEED10,24DEC2026,700000.000000,5,OPTFUT,NCDEX,50.000000,500,False
GUARSEED1024DEC26CE7200FJAN27,GUARSEED1024DEC26CE7200FJAN27,GUARSEED10,24DEC2026,720000.000000,5,OPTFUT,NCDEX,50.000000,500,False
GUARSEED1024DEC26CE7400FJAN27,GUARSEED1024DEC26CE7400FJAN27,GUARSEED10,24DEC2026,740000.000000,5,OPTFUT,NCDEX,50.000000,500,False
GUARSEED1024DEC26PE5500FJAN27,GUARSEED1024DEC26PE5500FJAN27,GUARSEED10,24DEC2026,550000.000000,5,OPTFUT,NCDEX,50.000000,500,False
GUARSEED1024DEC26PE6300FJAN27,GUARSEED1024DEC26PE6300FJAN27,GUARSEED10,24DEC2026,630000.000000,5,OPTFUT,NCDEX,50.000000,500,False
GUARSEED1024DEC26PE7200FJAN27,GUARSEED1024DEC26PE7200FJAN27,GUARSEED10,24DEC2026,720000.000000,5,OPTFUT,NCDEX,50.000000,500,False
GUARSEED1025SEP26CE6500FOCT26,GUARSEED1025SEP26CE6500FOCT26,GUARSEED10,25SEP2026,650000.000000,5,OPTFUT,NCDEX,50.000000,500,False
GUARSEED1025SEP26PE5400FOCT26,GUARSEED1025SEP26PE5400FOCT26,GUARSEED10,25SEP2026,540000.000000,5,OPTFUT,NCDEX,50.000000,500,False
GUARSEED1025SEP26PE5700FOCT26,GUARSEED1025SEP26PE5700FOCT26,GUARSEED10,25SEP2026,570000.000000,5,OPTFUT,NCDEX,50.000000,500,False
GUARSEED1025SEP26PE5800FOCT26,GUARSEED1025SEP26PE5800FOCT26,GUARSEED10,25SEP2026,580000.000000,5,OPTFUT,NCDEX,50.000000,500,False
GUARSEED1026FEB27CE6300FMAR27,GUARSEED1026FEB27CE6300FMAR27,GUARSEED10,26FEB2027,630000.000000,5,OPTFUT,NCDEX,50.000000,500,False
GUARSEED1026FEB27PE6600FMAR27,GUARSEED1026FEB27PE6600FMAR27,GUARSEED10,26FEB2027,660000.000000,5,OPTFUT,NCDEX,50.000000,500,False
GUARSEED1027NOV26PE6800FDEC26,GUARSEED1027NOV26PE6800FDEC26,GUARSEED10,27NOV2026,680000.000000,5,OPTFUT,NCDEX,50.000000,500,False
GUARSEED1027NOV26PE7300FDEC26,GUARSEED1027NOV26PE7300FDEC26,GUARSEED10,27NOV2026,730000.000000,5,OPTFUT,NCDEX,50.000000,500,False
GUARSEED1029JAN27CE5800FFEB27,GUARSEED1029JAN27CE5800FFEB27,GUARSEED10,29JAN2027,580000.000000,5,OPTFUT,NCDEX,50.000000,500,False
GUARSEED1029JAN27CE6000FFEB27,GUARSEED1029JAN27CE6000FFEB27,GUARSEED10,29JAN2027,600000.000000,5,OPTFUT,NCDEX,50.000000,500,False
GUARSEED1029JAN27CE6300FFEB27,GUARSEED1029JAN27CE6300FFEB27,GUARSEED10,29JAN2027,630000.000000,5,OPTFUT,NCDEX,50.000000,500,False
GUARSEED1029JAN27CE6900FFEB27,GUARSEED1029JAN27CE6900FFEB27,GUARSEED10,29JAN2027,690000.000000,5,OPTFUT,NCDEX,50.000000,500,False
GUARSEED1029JAN27CE7400FFEB27,GUARSEED1029JAN27CE7400FFEB27,GUARSEED10,29JAN2027,740000.000000,5,OPTFUT,NCDEX,50.000000,500,False
GUARSEED1030OCT26CE5700FNOV26,GUARSEED1030OCT26CE5700FNOV26,GUARSEED10,30OCT2026,570000.000000,5,OPTFUT,NCDEX,50.000000,500,False
GUARSEED1030OCT26CE6600FNOV26,GUARSEED1030OCT26CE6600FNOV26,GUARSEED10,30OCT2026,660000.000000,5,OPTFUT,NCDEX,50.000000,500,False
GUARSEED1030OCT26CE6700FNOV26,GUARSEED1030OCT26CE6700FNOV26,GUARSEED10,30OCT2026,670000.000000,5,OPTFUT,NCDEX,50.000000,500,False
GUARSEED1030OCT26CE7500FNOV26,GUARSEED1030OCT26CE7500FNOV26,GUARSEED10,30OCT2026,750000.000000,5,OPTFUT,NCDEX,50.000000,500,False
JEERAUNJHA09OCT26CE23600FOCT26,JEERAUNJHA09OCT26CE23600FOCT26,JEERAUNJHA,09OCT2026,2360000.000000,3,OPTFUT,NCDEX,200.000000,150,False
JEERAUNJHA09OCT26PE18400FOCT26,JEERAUNJHA09OCT26PE18400FOCT26,JEERAUNJHA,09OCT2026,1840000.000000,3,OPTFUT,NCDEX,200.000000,150,False
JEERAUNJHA09OCT26PE24000FOCT26,JEERAUNJHA09OCT26PE24000FOCT26,JEERAUNJHA,09OCT2026,2400000.000000,3,OPTFUT,NCDEX,200.000000,150,False
JEERAUNJHA09OCT26PE25200FOCT26,JEERAUNJHA09OCT26PE25200FOCT26,JEERAUNJHA,09OCT2026,2520000.000000,3,OPTFUT,NCDEX,200.000000,150,False
JEERAUNJHA10DEC26CE22000FDEC26,JEERAUNJHA10DEC26CE22000FDEC26,JEERAUNJHA,10DEC2026,2200000.000000,3,OPTFUT,NCDEX,200.000000,150,False
JEERAUNJHA10DEC26CE23200FDEC26,JEERAUNJHA10DEC26CE23200FDEC26,JEERAUNJHA,10DEC2026,2320000.000000,3,OPTFUT,NCDEX,200.000000,150,False
JEERAUNJHA10DEC26PE17600FDEC26,JEERAUNJHA10DEC26PE17600FDEC26,JEERAUNJHA,10DEC2026,1760000.000000,3,OPTFUT,NCDEX,200.000000,150,False
JEERAUNJHA10DEC26PE20000FDEC26,JEERAUNJHA10DEC26PE20000FDEC26,JEERAUNJHA,10DEC2026,2000000.000000,3,OPTFUT,NCDEX,200.000000,150,False
JEERAUNJHA10DEC26PE22000FDEC26,JEERAUNJHA10DEC26PE22000FDEC26,JEERAUNJHA,10DEC2026,2200000.000000,3,OPTFUT,NCDEX,200.000000,150,False
JEERAUNJHA12JAN27CE18400FJAN27,JEERAUNJHA12JAN27CE18400FJAN27,JEERAUNJHA,12JAN2027,1840000.000000,3,OPTFUT,NCDEX,200.000000,150,False
JEERAUNJHA12JAN27CE20000FJAN27,JEERAUNJHA12JAN27CE20000FJAN27,JEERAUNJHA,12JAN2027,2000000.000000,3,OPTFUT,NCDEX,200.000000,150,False
JEERAUNJHA12JAN27CE26400FJAN27,JEERAUNJHA12JAN27CE26400FJAN27,JEERAUNJHA,12JAN2027,2640000.000000,3,OPTFUT,NCDEX,200.000000,150,False
JEERAUNJHA12JAN27PE18400FJAN27,JEERAUNJHA12JAN27PE18400FJAN27,JEERAUNJHA,12JAN2027,1840000.000000,3,OPTFUT,NCDEX,200.000000,150,False
JEERAUNJHA12JAN27PE21600FJAN27,JEERAUNJHA12JAN27PE21600FJAN27,JEERAUNJHA,12JAN2027,2160000.000000,3,OPTFUT,NCDEX,200.000000,150,False
JEERAUNJHA12JAN27PE22800FJAN27,JEERAUNJHA12JAN27PE22800FJAN27,JEERAUNJHA,12JAN2027,2280000.000000,3,OPTFUT,NCDEX,200.000000,150,False
JEERAUNJHA12JAN27PE26000FJAN27,JEERAUNJHA12JAN27PE26000FJAN27,JEERAUNJHA,12JAN2027,2600000.000000,3,OPTFUT,NCDEX,200.000000,150,False
JEERAUNJHA12NOV26CE18400FNOV26,JEERAUNJHA12NOV26CE18400FNOV26,JEERAUNJHA,12NOV2026,1840000.000000,3,OPTFUT,NCDEX,200.000000,150,False
JEERAUNJHA12NOV26CE20800FNOV26,JEERAUNJHA12NOV26CE20800FNOV26,JEERAUNJHA,12NOV2026,2080000.000000,3,OPTFUT,NCDEX,200.000000,150,False
JEERAUNJHA12NOV26CE23200FNOV26,JEERAUNJHA12NOV26CE23200FNOV26,JEERAUNJHA,12NOV2026,2320000.000000,3,OPTFUT,NCDEX,200.000000,150,False
JEERAUNJHA12NOV26CE24800FNOV26,JEERAUNJHA12NOV26CE24800FNOV26,JEERAUNJHA,12NOV2026,2480000.000000,3,OPTFUT,NCDEX,200.000000,150,False
JEERAUNJHA12NOV26CE26000FNOV26,JEERAUNJHA12NOV26CE26000FNOV26,JEERAUNJHA,12NOV2026,2600000.000000,3,OPTFUT,NCDEX,200.000000,150,False
JEERAUNJHA12NOV26PE19200FNOV26,JEERAUNJHA12NOV26PE19200FNOV26,JEERAUNJHA,12NOV2026,1920000.000000,3,OPTFUT,NCDEX,200.000000,150,False
JEERAUNJHA12NOV26PE20000FNOV26,JEERAUNJHA12NOV26PE20000FNOV26,JEERAUNJHA,12NOV2026,2000000.000000,3,OPTFUT,NCDEX,200.000000,150,False
KAPAS,KAPAS,KAPAS,,-1.000000,1,COMDTY,NCDEX,50.000000,50,False
KAPAS30NOV2026,KAPAS30NOV2026,KAPAS,30NOV2026,-1.000000,1,FUTCOM,NCDEX,50.000000,50,False
RAINCHNNAI,RAINCHNNAI,RAINCHNNAI,,-1.000000,1,COMDTY,NCDEX,100.000000,50,False
RAINCHNNAI30DEC2026,RAINCHNNAI30DEC2026,RAINCHNNAI,30DEC2026,-1.000000,1,FUTCOM,NCDEX,100.000000,50,False
SUNOIL30SEP2026,SUNOIL30SEP2026,SUNOIL,30SEP2026,-1.000000,5,FUTCOM,NCDEX,10.000000,500,False
TMCFGRNZM,TMCFGRNZM,TMCFGRNZM,,-1.000000,5,COMDTY,NCDEX,200.000000,250,False
TMCFGRNZM08OCT26CE14800FOCT26,TMCFGRNZM08OCT26CE14800FOCT26,TMCFGRNZM,08OCT2026,1480000.000000,5,OPTFUT,NCDEX,100.000000,250,False
TMCFGRNZM08OCT26CE18200FOCT26,TMCFGRNZM08OCT26CE18200FOCT26,TMCFGRNZM,08OCT2026,1820000.000000,5,OPTFUT,NCDEX,100.000000,250,False
TMCFGRNZM08OCT26CE19800FOCT26,TMCFGRNZM08OCT26CE19800FOCT26,TMCFGRNZM,08OCT2026,1980000.000000,5,OPTFUT,NCDEX,100.000000,250,False
TMCFGRNZM08OCT26CE20800FOCT26,TMCFGRNZM08OCT26CE20800FOCT26,TMCFGRNZM,08OCT2026,2080000.000000,5,OPTFUT,NCDEX,100.000000,250,False
TMCFGRNZM08OCT26PE19200FOCT26,TMCFGRNZM08OCT26PE19200FOCT26,TMCFGRNZM,08OCT2026,1920000.000000,5,OPTFUT,NCDEX,100.000000,250,False
TMCFGRNZM08OCT26PE21200FOCT26,TMCFGRNZM08OCT26PE21200FOCT26,TMCFGRNZM,08OCT2026,2120000.000000,5,OPTFUT,NCDEX,100.000000,250,False
TMCFGRNZM10DEC26CE15200FDEC26,TMCFGRNZM10DEC26CE15200FDEC26,TMCFGRNZM,10DEC2026,1520000.000000,5,OPTFUT,NCDEX,100.000000,250,False
TMCFGRNZM10DEC26CE16400FDEC26,TMCFGRNZM10DEC26CE16400FDEC26,TMCFGRNZM,10DEC2026,1640000.000000,5,OPTFUT,NCDEX,100.000000,250,False
TMCFGRNZM10DEC26CE19800FDEC26,TMCFGRNZM10DEC26CE19800FDEC26,TMCFGRNZM,10DEC2026,1980000.000000,5,OPTFUT,NCDEX,100.000000,250,False
TMCFGRNZM10DEC26CE21600FDEC26,TMCFGRNZM10DEC26CE21600FDEC26,TMCFGRNZM,10DEC2026,2160000.000000,5,OPTFUT,NCDEX,100.000000,250,False
TMCFGRNZM10DEC26PE18000FDEC26,TMCFGRNZM10DEC26PE18000FDEC26,TMCFGRNZM,10DEC2026,1800000.000000,5,OPTFUT,NCDEX,100.000000,250,False
TMCFGRNZM10DEC26CE24000FDEC26,TMCFGRNZM10DEC26CE24000FDEC26,TMCFGRNZM,10DEC2026,2400000.000000,5,OPTFUT,NCDEX,100.000000,250,False
TMCFGRNZM10DEC26PE16000FDEC26,TMCFGRNZM10DEC26PE16000FDEC26,TMCFGRNZM,10DEC2026,1600000.000000,5,OPTFUT,NCDEX,100.000000,250,False
TMCFGRNZM10DEC26PE16600FDEC26,TMCFGRNZM10DEC26PE16600FDEC26,TMCFGRNZM,10DEC2026,1660000.000000,5,OPTFUT,NCDEX,100.000000,250,False
TMCFGRNZM10DEC26PE18400FDEC26,TMCFGRNZM10DEC26PE18400FDEC26,TMCFGRNZM,10DEC2026,1840000.000000,5,OPTFUT,NCDEX,100.000000,250,False
TMCFGRNZM10DEC26PE22400FDEC26,TMCFGRNZM10DEC26PE22400FDEC26,TMCFGRNZM,10DEC2026,2240000.000000,5,OPTFUT,NCDEX,100.000000,250,False
YELLOWP19OCT2026,YELLOWP19OCT2026,YELLOWP,19OCT2026,-1.000000,5,FUTCOM,NCDEX,100.000000,500,False
BAJRA18SEP2026,BAJRA18SEP2026,BAJRA,18SEP2026,-1.000000,10,FUTCOM,NCDEX,100.000000,500,False
COCUDAKL19MAR2027,COCUDAKL19MAR2027,COCUDAKL,19MAR2027,-1.000000,10,FUTCOM,NCDEX,100.000000,500,False
DHANIYA09OCT26CE13200FOCT26,DHANIYA09OCT26CE13200FOCT26,DHANIYA,09OCT2026,1320000.000000,5,OPTFUT,NCDEX,100.000000,500,False
DHANIYA09OCT26CE14300FOCT26,DHANIYA09OCT26CE14300FOCT26,DHANIYA,09OCT2026,1430000.000000,5,OPTFUT,NCDEX,100.000000,500,False
DHANIYA09OCT26CE14500FOCT26,DHANIYA09OCT26CE14500FOCT26,DHANIYA,09OCT2026,1450000.000000,5,OPTFUT,NCDEX,100.000000,500,False
DHANIYA09OCT26CE15700FOCT26,DHANIYA09OCT26CE15700FOCT26,DHANIYA,09OCT2026,1570000.000000,5,OPTFUT,NCDEX,100.000000,500,False
DHANIYA09OCT26CE16600FOCT26,DHANIYA09OCT26CE16600FOCT26,DHANIYA,09OCT2026,1660000.000000,5,OPTFUT,NCDEX,100.000000,500,False
DHANIYA09OCT26CE17000FOCT26,DHANIYA09OCT26CE17000FOCT26,DHANIYA,09OCT2026,1700000.000000,5,OPTFUT,NCDEX,100.000000,500,False
DHANIYA09OCT26PE11500FOCT26,DHANIYA09OCT26PE11500FOCT26,DHANIYA,09OCT2026,1150000.000000,5,OPTFUT,NCDEX,100.000000,500,False
DHANIYA09OCT26PE11800FOCT26,DHANIYA09OCT26PE11800FOCT26,DHANIYA,09OCT2026,1180000.000000,5,OPTFUT,NCDEX,100.000000,500,False
DHANIYA09OCT26PE12300FOCT26,DHANIYA09OCT26PE12300FOCT26,DHANIYA,09OCT2026,1230000.000000,5,OPTFUT,NCDEX,100.000000,500,False
DHANIYA09OCT26PE12400FOCT26,DHANIYA09OCT26PE12400FOCT26,DHANIYA,09OCT2026,1240000.000000,5,OPTFUT,NCDEX,100.000000,500,False
DHANIYA09OCT26PE12600FOCT26,DHANIYA09OCT26PE12600FOCT26,DHANIYA,09OCT2026,1260000.000000,5,OPTFUT,NCDEX,100.000000,500,False
DHANIYA09OCT26PE13700FOCT26,DHANIYA09OCT26PE13700FOCT26,DHANIYA,09OCT2026,1370000.000000,5,OPTFUT,NCDEX,100.000000,500,False
DHANIYA09OCT26PE14800FOCT26,DHANIYA09OCT26PE14800FOCT26,DHANIYA,09OCT2026,1480000.000000,5,OPTFUT,NCDEX,100.000000,500,False
DHANIYA09OCT26PE17800FOCT26,DHANIYA09OCT26PE17800FOCT26,DHANIYA,09OCT2026,1780000.000000,5,OPTFUT,NCDEX,100.000000,500,False
DHANIYA10DEC26CE14800FDEC26,DHANIYA10DEC26CE14800FDEC26,DHANIYA,10DEC2026,1480000.000000,5,OPTFUT,NCDEX,100.000000,500,False
DHANIYA10DEC26CE15300FDEC26,DHANIYA10DEC26CE15300FDEC26,DHANIYA,10DEC2026,1530000.000000,5,OPTFUT,NCDEX,100.000000,500,False
DHANIYA10DEC26CE16400FDEC26,DHANIYA10DEC26CE16400FDEC26,DHANIYA,10DEC2026,1640000.000000,5,OPTFUT,NCDEX,100.000000,500,False
DHANIYA10DEC26CE17900FDEC26,DHANIYA10DEC26CE17900FDEC26,DHANIYA,10DEC2026,1790000.000000,5,OPTFUT,NCDEX,100.000000,500,False
DHANIYA10DEC26PE12600FDEC26,DHANIYA10DEC26PE12600FDEC26,DHANIYA,10DEC2026,1260000.000000,5,OPTFUT,NCDEX,100.000000,500,False
DHANIYA10DEC26PE13000FDEC26,DHANIYA10DEC26PE13000FDEC26,DHANIYA,10DEC2026,1300000.000000,5,OPTFUT,NCDEX,100.000000,500,False
DHANIYA10DEC26PE13300FDEC26,DHANIYA10DEC26PE13300FDEC26,DHANIYA,10DEC2026,1330000.000000,5,OPTFUT,NCDEX,100.000000,500,False
DHANIYA10DEC26PE13400FDEC26,DHANIYA10DEC26PE13400FDEC26,DHANIYA,10DEC2026,1340000.000000,5,OPTFUT,NCDEX,100.000000,500,False
DHANIYA10DEC26PE15300FDEC26,DHANIYA10DEC26PE15300FDEC26,DHANIYA,10DEC2026,1530000.000000,5,OPTFUT,NCDEX,100.000000,500,False
DHANIYA10DEC26PE17800FDEC26,DHANIYA10DEC26PE17800FDEC26,DHANIYA,10DEC2026,1780000.000000,5,OPTFUT,NCDEX,100.000000,500,False
DHANIYA12JAN27CE14900FJAN27,DHANIYA12JAN27CE14900FJAN27,DHANIYA,12JAN2027,1490000.000000,5,OPTFUT,NCDEX,100.000000,500,False
DHANIYA12JAN27CE15400FJAN27,DHANIYA12JAN27CE15400FJAN27,DHANIYA,12JAN2027,1540000.000000,5,OPTFUT,NCDEX,100.000000,500,False
DHANIYA12JAN27CE15700FJAN27,DHANIYA12JAN27CE15700FJAN27,DHANIYA,12JAN2027,1570000.000000,5,OPTFUT,NCDEX,100.000000,500,False
DHANIYA12JAN27CE16500FJAN27,DHANIYA12JAN27CE16500FJAN27,DHANIYA,12JAN2027,1650000.000000,5,OPTFUT,NCDEX,100.000000,500,False
DHANIYA12JAN27CE16900FJAN27,DHANIYA12JAN27CE16900FJAN27,DHANIYA,12JAN2027,1690000.000000,5,OPTFUT,NCDEX,100.000000,500,False
DHANIYA12JAN27PE15100FJAN27,DHANIYA12JAN27PE15100FJAN27,DHANIYA,12JAN2027,1510000.000000,5,OPTFUT,NCDEX,100.000000,500,False
DHANIYA12JAN27PE15700FJAN27,DHANIYA12JAN27PE15700FJAN27,DHANIYA,12JAN2027,1570000.000000,5,OPTFUT,NCDEX,100.000000,500,False
DHANIYA12JAN27PE17100FJAN27,DHANIYA12JAN27PE17100FJAN27,DHANIYA,12JAN2027,1710000.000000,5,OPTFUT,NCDEX,100.000000,500,False
GUARGUM524DEC26CE14000FJAN27,GUARGUM524DEC26CE14000FJAN27,GUARGUM5,24DEC2026,1400000.000000,5,OPTFUT,NCDEX,50.000000,250,False
GUARGUM524DEC26CE15000FJAN27,GUARGUM524DEC26CE15000FJAN27,GUARGUM5,24DEC2026,1500000.000000,5,OPTFUT,NCDEX,50.000000,250,False
GUARGUM524DEC26PE11800FJAN27,GUARGUM524DEC26PE11800FJAN27,GUARGUM5,24DEC2026,1180000.000000,5,OPTFUT,NCDEX,50.000000,250,False
GUARGUM524DEC26PE12600FJAN27,GUARGUM524DEC26PE12600FJAN27,GUARGUM5,24DEC2026,1260000.000000,5,OPTFUT,NCDEX,50.000000,250,False
GUARGUM524DEC26PE13000FJAN27,GUARGUM524DEC26PE13000FJAN27,GUARGUM5,24DEC2026,1300000.000000,5,OPTFUT,NCDEX,50.000000,250,False
GUARGUM524DEC26PE14200FJAN27,GUARGUM524DEC26PE14200FJAN27,GUARGUM5,24DEC2026,1420000.000000,5,OPTFUT,NCDEX,50.000000,250,False
GUARGUM524DEC26PE15000FJAN27,GUARGUM524DEC26PE15000FJAN27,GUARGUM5,24DEC2026,1500000.000000,5,OPTFUT,NCDEX,50.000000,250,False
GUARGUM524DEC26PE15600FJAN27,GUARGUM524DEC26PE15600FJAN27,GUARGUM5,24DEC2026,1560000.000000,5,OPTFUT,NCDEX,50.000000,250,False
GUARGUM524DEC26PE15800FJAN27,GUARGUM524DEC26PE15800FJAN27,GUARGUM5,24DEC2026,1580000.000000,5,OPTFUT,NCDEX,50.000000,250,False
GUARGUM525SEP26CE15400FOCT26,GUARGUM525SEP26CE15400FOCT26,GUARGUM5,25SEP2026,1540000.000000,5,OPTFUT,NCDEX,50.000000,250,False
GUARGUM525SEP26PE11800FOCT26,GUARGUM525SEP26PE11800FOCT26,GUARGUM5,25SEP2026,1180000.000000,5,OPTFUT,NCDEX,50.000000,250,False
GUARGUM525SEP26PE12200FOCT26,GUARGUM525SEP26PE12200FOCT26,GUARGUM5,25SEP2026,1220000.000000,5,OPTFUT,NCDEX,50.000000,250,False
GUARGUM525SEP26PE12400FOCT26,GUARGUM525SEP26PE12400FOCT26,GUARGUM5,25SEP2026,1240000.000000,5,OPTFUT,NCDEX,50.000000,250,False
GUARGUM525SEP26PE12800FOCT26,GUARGUM525SEP26PE12800FOCT26,GUARGUM5,25SEP2026,1280000.000000,5,OPTFUT,NCDEX,50.000000,250,False
GUARGUM525SEP26PE14000FOCT26,GUARGUM525SEP26PE14000FOCT26,GUARGUM5,25SEP2026,1400000.000000,5,OPTFUT,NCDEX,50.000000,250,False
GUARGUM525SEP26PE9600FOCT26,GUARGUM525SEP26PE9600FOCT26,GUARGUM5,25SEP2026,960000.000000,5,OPTFUT,NCDEX,50.000000,250,False
GUARGUM526FEB27CE11600FMAR27,GUARGUM526FEB27CE11600FMAR27,GUARGUM5,26FEB2027,1160000.000000,5,OPTFUT,NCDEX,50.000000,250,False
GUARGUM526FEB27CE14800FMAR27,GUARGUM526FEB27CE14800FMAR27,GUARGUM5,26FEB2027,1480000.000000,5,OPTFUT,NCDEX,50.000000,250,False
GUARGUM526FEB27PE15400FMAR27,GUARGUM526FEB27PE15400FMAR27,GUARGUM5,26FEB2027,1540000.000000,5,OPTFUT,NCDEX,50.000000,250,False
GUARGUM527NOV26CE10000FDEC26,GUARGUM527NOV26CE10000FDEC26,GUARGUM5,27NOV2026,1000000.000000,5,OPTFUT,NCDEX,50.000000,250,False
GUARGUM527NOV26CE10600FDEC26,GUARGUM527NOV26CE10600FDEC26,GUARGUM5,27NOV2026,1060000.000000,5,OPTFUT,NCDEX,50.000000,250,False
GUARGUM527NOV26CE11000FDEC26,GUARGUM527NOV26CE11000FDEC26,GUARGUM5,27NOV2026,1100000.000000,5,OPTFUT,NCDEX,50.000000,250,False
GUARGUM527NOV26CE15000FDEC26,GUARGUM527NOV26CE15000FDEC26,GUARGUM5,27NOV2026,1500000.000000,5,OPTFUT,NCDEX,50.000000,250,False
GUARGUM527NOV26CE15200FDEC26,GUARGUM527NOV26CE15200FDEC26,GUARGUM5,27NOV2026,1520000.000000,5,OPTFUT,NCDEX,50.000000,250,False
GUARGUM527NOV26PE12000FDEC26,GUARGUM527NOV26PE12000FDEC26,GUARGUM5,27NOV2026,1200000.000000,5,OPTFUT,NCDEX,50.000000,250,False
GUARGUM527NOV26PE12600FDEC26,GUARGUM527NOV26PE12600FDEC26,GUARGUM5,27NOV2026,1260000.000000,5,OPTFUT,NCDEX,50.000000,250,False
GUARGUM527NOV26PE13800FDEC26,GUARGUM527NOV26PE13800FDEC26,GUARGUM5,27NOV2026,1380000.000000,5,OPTFUT,NCDEX,50.000000,250,False
GUARGUM527NOV26PE14800FDEC26,GUARGUM527NOV26PE14800FDEC26,GUARGUM5,27NOV2026,1480000.000000,5,OPTFUT,NCDEX,50.000000,250,False
GUARGUM527NOV26PE15000FDEC26,GUARGUM527NOV26PE15000FDEC26,GUARGUM5,27NOV2026,1500000.000000,5,OPTFUT,NCDEX,50.000000,250,False
GUARGUM529JAN27CE11600FFEB27,GUARGUM529JAN27CE11600FFEB27,GUARGUM5,29JAN2027,1160000.000000,5,OPTFUT,NCDEX,50.000000,250,False
GUARGUM529JAN27CE12200FFEB27,GUARGUM529JAN27CE12200FFEB27,GUARGUM5,29JAN2027,1220000.000000,5,OPTFUT,NCDEX,50.000000,250,False
GUARGUM529JAN27CE13200FFEB27,GUARGUM529JAN27CE13200FFEB27,GUARGUM5,29JAN2027,1320000.000000,5,OPTFUT,NCDEX,50.000000,250,False
GUARGUM529JAN27CE13800FFEB27,GUARGUM529JAN27CE13800FFEB27,GUARGUM5,29JAN2027,1380000.000000,5,OPTFUT,NCDEX,50.000000,250,False
GUARGUM529JAN27CE14800FFEB27,GUARGUM529JAN27CE14800FFEB27,GUARGUM5,29JAN2027,1480000.000000,5,OPTFUT,NCDEX,50.000000,250,False
GUARGUM529JAN27PE11000FFEB27,GUARGUM529JAN27PE11000FFEB27,GUARGUM5,29JAN2027,1100000.000000,5,OPTFUT,NCDEX,50.000000,250,False
GUARGUM529JAN27PE11800FFEB27,GUARGUM529JAN27PE11800FFEB27,GUARGUM5,29JAN2027,1180000.000000,5,OPTFUT,NCDEX,50.000000,250,False
GUARGUM529JAN27PE13400FFEB27,GUARGUM529JAN27PE13400FFEB27,GUARGUM5,29JAN2027,1340000.000000,5,OPTFUT,NCDEX,50.000000,250,False
GUARGUM529JAN27PE14000FFEB27,GUARGUM529JAN27PE14000FFEB27,GUARGUM5,29JAN2027,1400000.000000,5,OPTFUT,NCDEX,50.000000,250,False
GUARGUM530OCT26CE11400FNOV26,GUARGUM530OCT26CE11400FNOV26,GUARGUM5,30OCT2026,1140000.000000,5,OPTFUT,NCDEX,50.000000,250,False
GUARGUM530OCT26CE13600FNOV26,GUARGUM530OCT26CE13600FNOV26,GUARGUM5,30OCT2026,1360000.000000,5,OPTFUT,NCDEX,50.000000,250,False
GUARGUM530OCT26CE13800FNOV26,GUARGUM530OCT26CE13800FNOV26,GUARGUM5,30OCT2026,1380000.000000,5,OPTFUT,NCDEX,50.000000,250,False
GUARGUM530OCT26CE15400FNOV26,GUARGUM530OCT26CE15400FNOV26,GUARGUM5,30OCT2026,1540000.000000,5,OPTFUT,NCDEX,50.000000,250,False
GUARGUM530OCT26PE10000FNOV26,GUARGUM530OCT26PE10000FNOV26,GUARGUM5,30OCT2026,1000000.000000,5,OPTFUT,NCDEX,50.000000,250,False
GUARGUM530OCT26PE10800FNOV26,GUARGUM530OCT26PE10800FNOV26,GUARGUM5,30OCT2026,1080000.000000,5,OPTFUT,NCDEX,50.000000,250,False
GUARGUM530OCT26PE12000FNOV26,GUARGUM530OCT26PE12000FNOV26,GUARGUM5,30OCT2026,1200000.000000,5,OPTFUT,NCDEX,50.000000,250,False
GUARGUM530OCT26PE12200FNOV26,GUARGUM530OCT26PE12200FNOV26,GUARGUM5,30OCT2026,1220000.000000,5,OPTFUT,NCDEX,50.000000,250,False
GUARGUM530OCT26PE12600FNOV26,GUARGUM530OCT26PE12600FNOV26,GUARGUM5,30OCT2026,1260000.000000,5,OPTFUT,NCDEX,50.000000,250,False
GUARGUM530OCT26PE13600FNOV26,GUARGUM530OCT26PE13600FNOV26,GUARGUM5,30OCT2026,1360000.000000,5,OPTFUT,NCDEX,50.000000,250,False
GUARGUM530OCT26PE14000FNOV26,GUARGUM530OCT26PE14000FNOV26,GUARGUM5,30OCT2026,1400000.000000,5,OPTFUT,NCDEX,50.000000,250,False
GUARSEED1024DEC26CE5900FJAN27,GUARSEED1024DEC26CE5900FJAN27,GUARSEED10,24DEC2026,590000.000000,5,OPTFUT,NCDEX,50.000000,500,False
GUARSEED1024DEC26CE6100FJAN27,GUARSEED1024DEC26CE6100FJAN27,GUARSEED10,24DEC2026,610000.000000,5,OPTFUT,NCDEX,50.000000,500,False
GUARSEED1024DEC26CE6800FJAN27,GUARSEED1024DEC26CE6800FJAN27,GUARSEED10,24DEC2026,680000.000000,5,OPTFUT,NCDEX,50.000000,500,False
GUARSEED1024DEC26CE7100FJAN27,GUARSEED1024DEC26CE7100FJAN27,GUARSEED10,24DEC2026,710000.000000,5,OPTFUT,NCDEX,50.000000,500,False
GUARSEED1024DEC26PE5700FJAN27,GUARSEED1024DEC26PE5700FJAN27,GUARSEED10,24DEC2026,570000.000000,5,OPTFUT,NCDEX,50.000000,500,False
GUARSEED1024DEC26PE6400FJAN27,GUARSEED1024DEC26PE6400FJAN27,GUARSEED10,24DEC2026,640000.000000,5,OPTFUT,NCDEX,50.000000,500,False
GUARSEED1025SEP26CE5000FOCT26,GUARSEED1025SEP26CE5000FOCT26,GUARSEED10,25SEP2026,500000.000000,5,OPTFUT,NCDEX,50.000000,500,False
GUARSEED1025SEP26CE6800FOCT26,GUARSEED1025SEP26CE6800FOCT26,GUARSEED10,25SEP2026,680000.000000,5,OPTFUT,NCDEX,50.000000,500,False
GUARSEED1025SEP26PE5000FOCT26,GUARSEED1025SEP26PE5000FOCT26,GUARSEED10,25SEP2026,500000.000000,5,OPTFUT,NCDEX,50.000000,500,False
GUARSEED1025SEP26PE7000FOCT26,GUARSEED1025SEP26PE7000FOCT26,GUARSEED10,25SEP2026,700000.000000,5,OPTFUT,NCDEX,50.000000,500,False
GUARSEED1025SEP26PE7200FOCT26,GUARSEED1025SEP26PE7200FOCT26,GUARSEED10,25SEP2026,720000.000000,5,OPTFUT,NCDEX,50.000000,500,False
GUARSEED1025SEP26PE7500FOCT26,GUARSEED1025SEP26PE7500FOCT26,GUARSEED10,25SEP2026,750000.000000,5,OPTFUT,NCDEX,50.000000,500,False
GUARSEED1026FEB27CE6700FMAR27,GUARSEED1026FEB27CE6700FMAR27,GUARSEED10,26FEB2027,670000.000000,5,OPTFUT,NCDEX,50.000000,500,False
GUARSEED1027NOV26PE5300FDEC26,GUARSEED1027NOV26PE5300FDEC26,GUARSEED10,27NOV2026,530000.000000,5,OPTFUT,NCDEX,50.000000,500,False
GUARSEED1029JAN27CE5600FFEB27,GUARSEED1029JAN27CE5600FFEB27,GUARSEED10,29JAN2027,560000.000000,5,OPTFUT,NCDEX,50.000000,500,False
GUARSEED1029JAN27PE7400FFEB27,GUARSEED1029JAN27PE7400FFEB27,GUARSEED10,29JAN2027,740000.000000,5,OPTFUT,NCDEX,50.000000,500,False
GUARSEED1030OCT26CE5200FNOV26,GUARSEED1030OCT26CE5200FNOV26,GUARSEED10,30OCT2026,520000.000000,5,OPTFUT,NCDEX,50.000000,500,False
GUARSEED1030OCT26CE6200FNOV26,GUARSEED1030OCT26CE6200FNOV26,GUARSEED10,30OCT2026,620000.000000,5,OPTFUT,NCDEX,50.000000,500,False
GUARSEED1030OCT26CE6800FNOV26,GUARSEED1030OCT26CE6800FNOV26,GUARSEED10,30OCT2026,680000.000000,5,OPTFUT,NCDEX,50.000000,500,False
GUARSEED1030OCT26PE5300FNOV26,GUARSEED1030OCT26PE5300FNOV26,GUARSEED10,30OCT2026,530000.000000,5,OPTFUT,NCDEX,50.000000,500,False
GUARSEED1030OCT26PE5600FNOV26,GUARSEED1030OCT26PE5600FNOV26,GUARSEED10,30OCT2026,560000.000000,5,OPTFUT,NCDEX,50.000000,500,False
GUARSEED1030OCT26PE5700FNOV26,GUARSEED1030OCT26PE5700FNOV26,GUARSEED10,30OCT2026,570000.000000,5,OPTFUT,NCDEX,50.000000,500,False
GUARSEED1030OCT26PE5900FNOV26,GUARSEED1030OCT26PE5900FNOV26,GUARSEED10,30OCT2026,590000.000000,5,OPTFUT,NCDEX,50.000000,500,False
GUARSEED1030OCT26PE6000FNOV26,GUARSEED1030OCT26PE6000FNOV26,GUARSEED10,30OCT2026,600000.000000,5,OPTFUT,NCDEX,50.000000,500,False
GUARSEED1030OCT26PE6900FNOV26,GUARSEED1030OCT26PE6900FNOV26,GUARSEED10,30OCT2026,690000.000000,5,OPTFUT,NCDEX,50.000000,500,False
GUARSEED1030OCT26PE7400FNOV26,GUARSEED1030OCT26PE7400FNOV26,GUARSEED10,30OCT2026,740000.000000,5,OPTFUT,NCDEX,50.000000,500,False
ISABGOL,ISABGOL,ISABGOL,,-1.000000,3,COMDTY,NCDEX,500.000000,150,False
ISABGOL20NOV2026,ISABGOL20NOV2026,ISABGOL,20NOV2026,-1.000000,3,FUTCOM,NCDEX,500.000000,150,False
JEERAMINI19OCT2026,JEERAMINI19OCT2026,JEERAMINI,19OCT2026,-1.000000,1,FUTCOM,NCDEX,500.000000,50,False
JEERAUNJHA09OCT26CE16400FOCT26,JEERAUNJHA09OCT26CE16400FOCT26,JEERAUNJHA,09OCT2026,1640000.000000,3,OPTFUT,NCDEX,200.000000,150,False
JEERAUNJHA09OCT26CE16800FOCT26,JEERAUNJHA09OCT26CE16800FOCT26,JEERAUNJHA,09OCT2026,1680000.000000,3,OPTFUT,NCDEX,200.000000,150,False
JEERAUNJHA09OCT26CE19200FOCT26,JEERAUNJHA09OCT26CE19200FOCT26,JEERAUNJHA,09OCT2026,1920000.000000,3,OPTFUT,NCDEX,200.000000,150,False
JEERAUNJHA09OCT26CE20800FOCT26,JEERAUNJHA09OCT26CE20800FOCT26,JEERAUNJHA,09OCT2026,2080000.000000,3,OPTFUT,NCDEX,200.000000,150,False
JEERAUNJHA09OCT26CE21600FOCT26,JEERAUNJHA09OCT26CE21600FOCT26,JEERAUNJHA,09OCT2026,2160000.000000,3,OPTFUT,NCDEX,200.000000,150,False
JEERAUNJHA09OCT26CE22400FOCT26,JEERAUNJHA09OCT26CE22400FOCT26,JEERAUNJHA,09OCT2026,2240000.000000,3,OPTFUT,NCDEX,200.000000,150,False
JEERAUNJHA09OCT26PE16800FOCT26,JEERAUNJHA09OCT26PE16800FOCT26,JEERAUNJHA,09OCT2026,1680000.000000,3,OPTFUT,NCDEX,200.000000,150,False
JEERAUNJHA09OCT26PE17200FOCT26,JEERAUNJHA09OCT26PE17200FOCT26,JEERAUNJHA,09OCT2026,1720000.000000,3,OPTFUT,NCDEX,200.000000,150,False
JEERAUNJHA09OCT26PE20000FOCT26,JEERAUNJHA09OCT26PE20000FOCT26,JEERAUNJHA,09OCT2026,2000000.000000,3,OPTFUT,NCDEX,200.000000,150,False
JEERAUNJHA09OCT26PE23600FOCT26,JEERAUNJHA09OCT26PE23600FOCT26,JEERAUNJHA,09OCT2026,2360000.000000,3,OPTFUT,NCDEX,200.000000,150,False
JEERAUNJHA09OCT26PE25600FOCT26,JEERAUNJHA09OCT26PE25600FOCT26,JEERAUNJHA,09OCT2026,2560000.000000,3,OPTFUT,NCDEX,200.000000,150,False
JEERAUNJHA10DEC26CE17600FDEC26,JEERAUNJHA10DEC26CE17600FDEC26,JEERAUNJHA,10DEC2026,1760000.000000,3,OPTFUT,NCDEX,200.000000,150,False
JEERAUNJHA10DEC26CE20400FDEC26,JEERAUNJHA10DEC26CE20400FDEC26,JEERAUNJHA,10DEC2026,2040000.000000,3,OPTFUT,NCDEX,200.000000,150,False
JEERAUNJHA10DEC26CE19600FDEC26,JEERAUNJHA10DEC26CE19600FDEC26,JEERAUNJHA,10DEC2026,1960000.000000,3,OPTFUT,NCDEX,200.000000,150,False
JEERAUNJHA10DEC26CE20000FDEC26,JEERAUNJHA10DEC26CE20000FDEC26,JEERAUNJHA,10DEC2026,2000000.000000,3,OPTFUT,NCDEX,200.000000,150,False
JEERAUNJHA10DEC26CE22400FDEC26,JEERAUNJHA10DEC26CE22400FDEC26,JEERAUNJHA,10DEC2026,2240000.000000,3,OPTFUT,NCDEX,200.000000,150,False
JEERAUNJHA10DEC26CE23600FDEC26,JEERAUNJHA10DEC26CE23600FDEC26,JEERAUNJHA,10DEC2026,2360000.000000,3,OPTFUT,NCDEX,200.000000,150,False
JEERAUNJHA10DEC26PE19600FDEC26,JEERAUNJHA10DEC26PE19600FDEC26,JEERAUNJHA,10DEC2026,1960000.000000,3,OPTFUT,NCDEX,200.000000,150,False
JEERAUNJHA10DEC26PE24000FDEC26,JEERAUNJHA10DEC26PE24000FDEC26,JEERAUNJHA,10DEC2026,2400000.000000,3,OPTFUT,NCDEX,200.000000,150,False
JEERAUNJHA10DEC26PE24400FDEC26,JEERAUNJHA10DEC26PE24400FDEC26,JEERAUNJHA,10DEC2026,2440000.000000,3,OPTFUT,NCDEX,200.000000,150,False
JEERAUNJHA10DEC26PE26000FDEC26,JEERAUNJHA10DEC26PE26000FDEC26,JEERAUNJHA,10DEC2026,2600000.000000,3,OPTFUT,NCDEX,200.000000,150,False
JEERAUNJHA12JAN27CE19600FJAN27,JEERAUNJHA12JAN27CE19600FJAN27,JEERAUNJHA,12JAN2027,1960000.000000,3,OPTFUT,NCDEX,200.000000,150,False
JEERAUNJHA12JAN27CE23600FJAN27,JEERAUNJHA12JAN27CE23600FJAN27,JEERAUNJHA,12JAN2027,2360000.000000,3,OPTFUT,NCDEX,200.000000,150,False
JEERAUNJHA12JAN27CE26000FJAN27,JEERAUNJHA12JAN27CE26000FJAN27,JEERAUNJHA,12JAN2027,2600000.000000,3,OPTFUT,NCDEX,200.000000,150,False
JEERAUNJHA12JAN27CE27600FJAN27,JEERAUNJHA12JAN27CE27600FJAN27,JEERAUNJHA,12JAN2027,2760000.000000,3,OPTFUT,NCDEX,200.000000,150,False
JEERAUNJHA12JAN27PE20400FJAN27,JEERAUNJHA12JAN27PE20400FJAN27,JEERAUNJHA,12JAN2027,2040000.000000,3,OPTFUT,NCDEX,200.000000,150,False
JEERAUNJHA12JAN27PE22000FJAN27,JEERAUNJHA12JAN27PE22000FJAN27,JEERAUNJHA,12JAN2027,2200000.000000,3,OPTFUT,NCDEX,200.000000,150,False
JEERAUNJHA12JAN27PE28000FJAN27,JEERAUNJHA12JAN27PE28000FJAN27,JEERAUNJHA,12JAN2027,2800000.000000,3,OPTFUT,NCDEX,200.000000,150,False
JEERAUNJHA12NOV26CE17200FNOV26,JEERAUNJHA12NOV26CE17200FNOV26,JEERAUNJHA,12NOV2026,1720000.000000,3,OPTFUT,NCDEX,200.000000,150,False
JEERAUNJHA12NOV26CE17600FNOV26,JEERAUNJHA12NOV26CE17600FNOV26,JEERAUNJHA,12NOV2026,1760000.000000,3,OPTFUT,NCDEX,200.000000,150,False
JEERAUNJHA12NOV26CE18000FNOV26,JEERAUNJHA12NOV26CE18000FNOV26,JEERAUNJHA,12NOV2026,1800000.000000,3,OPTFUT,NCDEX,200.000000,150,False
JEERAUNJHA12NOV26CE22800FNOV26,JEERAUNJHA12NOV26CE22800FNOV26,JEERAUNJHA,12NOV2026,2280000.000000,3,OPTFUT,NCDEX,200.000000,150,False
JEERAUNJHA12NOV26CE26800FNOV26,JEERAUNJHA12NOV26CE26800FNOV26,JEERAUNJHA,12NOV2026,2680000.000000,3,OPTFUT,NCDEX,200.000000,150,False
JEERAUNJHA12NOV26PE17200FNOV26,JEERAUNJHA12NOV26PE17200FNOV26,JEERAUNJHA,12NOV2026,1720000.000000,3,OPTFUT,NCDEX,200.000000,150,False
JEERAUNJHA12NOV26PE22000FNOV26,JEERAUNJHA12NOV26PE22000FNOV26,JEERAUNJHA,12NOV2026,2200000.000000,3,OPTFUT,NCDEX,200.000000,150,False
JEERAUNJHA12NOV26PE26400FNOV26,JEERAUNJHA12NOV26PE26400FNOV26,JEERAUNJHA,12NOV2026,2640000.000000,3,OPTFUT,NCDEX,200.000000,150,False
JEERAUNJHA12NOV26PE26800FNOV26,JEERAUNJHA12NOV26PE26800FNOV26,JEERAUNJHA,12NOV2026,2680000.000000,3,OPTFUT,NCDEX,200.000000,150,False
MAIZE19OCT2026,MAIZE19OCT2026,MAIZE,19OCT2026,-1.000000,10,FUTCOM,NCDEX,100.000000,500,False
SESAMESEED20NOV2026,SESAMESEED20NOV2026,SESAMESEED,20NOV2026,-1.000000,5,FUTCOM,NCDEX,500.000000,250,False
SUNOIL31DEC2026,SUNOIL31DEC2026,SUNOIL,31DEC2026,-1.000000,5,FUTCOM,NCDEX,10.000000,500,False
TMCFGRNZM08OCT26CE13600FOCT26,TMCFGRNZM08OCT26CE13600FOCT26,TMCFGRNZM,08OCT2026,1360000.000000,5,OPTFUT,NCDEX,100.000000,250,False
TMCFGRNZM08OCT26CE13800FOCT26,TMCFGRNZM08OCT26CE13800FOCT26,TMCFGRNZM,08OCT2026,1380000.000000,5,OPTFUT,NCDEX,100.000000,250,False
TMCFGRNZM08OCT26CE14200FOCT26,TMCFGRNZM08OCT26CE14200FOCT26,TMCFGRNZM,08OCT2026,1420000.000000,5,OPTFUT,NCDEX,100.000000,250,False
TMCFGRNZM08OCT26CE16000FOCT26,TMCFGRNZM08OCT26CE16000FOCT26,TMCFGRNZM,08OCT2026,1600000.000000,5,OPTFUT,NCDEX,100.000000,250,False
TMCFGRNZM08OCT26CE19600FOCT26,TMCFGRNZM08OCT26CE19600FOCT26,TMCFGRNZM,08OCT2026,1960000.000000,5,OPTFUT,NCDEX,100.000000,250,False
TMCFGRNZM08OCT26CE20000FOCT26,TMCFGRNZM08OCT26CE20000FOCT26,TMCFGRNZM,08OCT2026,2000000.000000,5,OPTFUT,NCDEX,100.000000,250,False
TMCFGRNZM08OCT26CE20200FOCT26,TMCFGRNZM08OCT26CE20200FOCT26,TMCFGRNZM,08OCT2026,2020000.000000,5,OPTFUT,NCDEX,100.000000,250,False
TMCFGRNZM08OCT26PE14000FOCT26,TMCFGRNZM08OCT26PE14000FOCT26,TMCFGRNZM,08OCT2026,1400000.000000,5,OPTFUT,NCDEX,100.000000,250,False
TMCFGRNZM08OCT26PE14600FOCT26,TMCFGRNZM08OCT26PE14600FOCT26,TMCFGRNZM,08OCT2026,1460000.000000,5,OPTFUT,NCDEX,100.000000,250,False
TMCFGRNZM08OCT26PE17800FOCT26,TMCFGRNZM08OCT26PE17800FOCT26,TMCFGRNZM,08OCT2026,1780000.000000,5,OPTFUT,NCDEX,100.000000,250,False
TMCFGRNZM10DEC26CE23400FDEC26,TMCFGRNZM10DEC26CE23400FDEC26,TMCFGRNZM,10DEC2026,2340000.000000,5,OPTFUT,NCDEX,100.000000,250,False
TMCFGRNZM10DEC26PE15200FDEC26,TMCFGRNZM10DEC26PE15200FDEC26,TMCFGRNZM,10DEC2026,1520000.000000,5,OPTFUT,NCDEX,100.000000,250,False
TMCFGRNZM10DEC26PE18200FDEC26,TMCFGRNZM10DEC26PE18200FDEC26,TMCFGRNZM,10DEC2026,1820000.000000,5,OPTFUT,NCDEX,100.000000,250,False
TMCFGRNZM10DEC26PE20200FDEC26,TMCFGRNZM10DEC26PE20200FDEC26,TMCFGRNZM,10DEC2026,2020000.000000,5,OPTFUT,NCDEX,100.000000,250,False
TMCFGRNZM10DEC26PE21400FDEC26,TMCFGRNZM10DEC26PE21400FDEC26,TMCFGRNZM,10DEC2026,2140000.000000,5,OPTFUT,NCDEX,100.000000,250,False
TMCFGRNZM10DEC26PE23800FDEC26,TMCFGRNZM10DEC26PE23800FDEC26,TMCFGRNZM,10DEC2026,2380000.000000,5,OPTFUT,NCDEX,100.000000,250,False
BAJRA19OCT2026,BAJRA19OCT2026,BAJRA,19OCT2026,-1.000000,10,FUTCOM,NCDEX,100.000000,500,False
CASTOROIL20JAN2027,CASTOROIL20JAN2027,CASTOROIL,20JAN2027,-1.000000,2,FUTCOM,NCDEX,50.000000,200,False
COCUDAKL18SEP2026,COCUDAKL18SEP2026,COCUDAKL,18SEP2026,-1.000000,10,FUTCOM,NCDEX,100.000000,500,False
COCUDAKL19FEB2027,COCUDAKL19FEB2027,COCUDAKL,19FEB2027,-1.000000,10,FUTCOM,NCDEX,100.000000,500,False
COTWASOIL20JAN2027,COTWASOIL20JAN2027,COTWASOIL,20JAN2027,-1.000000,1,FUTCOM,NCDEX,10.000000,500,False
DHANIYA09OCT26CE11500FOCT26,DHANIYA09OCT26CE11500FOCT26,DHANIYA,09OCT2026,1150000.000000,5,OPTFUT,NCDEX,100.000000,500,False
DHANIYA09OCT26CE12400FOCT26,DHANIYA09OCT26CE12400FOCT26,DHANIYA,09OCT2026,1240000.000000,5,OPTFUT,NCDEX,100.000000,500,False
DHANIYA09OCT26CE14400FOCT26,DHANIYA09OCT26CE14400FOCT26,DHANIYA,09OCT2026,1440000.000000,5,OPTFUT,NCDEX,100.000000,500,False
DHANIYA09OCT26CE14800FOCT26,DHANIYA09OCT26CE14800FOCT26,DHANIYA,09OCT2026,1480000.000000,5,OPTFUT,NCDEX,100.000000,500,False
DHANIYA09OCT26CE16800FOCT26,DHANIYA09OCT26CE16800FOCT26,DHANIYA,09OCT2026,1680000.000000,5,OPTFUT,NCDEX,100.000000,500,False
DHANIYA09OCT26PE11300FOCT26,DHANIYA09OCT26PE11300FOCT26,DHANIYA,09OCT2026,1130000.000000,5,OPTFUT,NCDEX,100.000000,500,False
DHANIYA09OCT26PE11900FOCT26,DHANIYA09OCT26PE11900FOCT26,DHANIYA,09OCT2026,1190000.000000,5,OPTFUT,NCDEX,100.000000,500,False
DHANIYA09OCT26PE12800FOCT26,DHANIYA09OCT26PE12800FOCT26,DHANIYA,09OCT2026,1280000.000000,5,OPTFUT,NCDEX,100.000000,500,False
DHANIYA09OCT26PE14000FOCT26,DHANIYA09OCT26PE14000FOCT26,DHANIYA,09OCT2026,1400000.000000,5,OPTFUT,NCDEX,100.000000,500,False
DHANIYA09OCT26PE14600FOCT26,DHANIYA09OCT26PE14600FOCT26,DHANIYA,09OCT2026,1460000.000000,5,OPTFUT,NCDEX,100.000000,500,False
DHANIYA09OCT26PE15100FOCT26,DHANIYA09OCT26PE15100FOCT26,DHANIYA,09OCT2026,1510000.000000,5,OPTFUT,NCDEX,100.000000,500,False
DHANIYA09OCT26PE16200FOCT26,DHANIYA09OCT26PE16200FOCT26,DHANIYA,09OCT2026,1620000.000000,5,OPTFUT,NCDEX,100.000000,500,False
DHANIYA09OCT26PE16300FOCT26,DHANIYA09OCT26PE16300FOCT26,DHANIYA,09OCT2026,1630000.000000,5,OPTFUT,NCDEX,100.000000,500,False
DHANIYA09OCT26PE16800FOCT26,DHANIYA09OCT26PE16800FOCT26,DHANIYA,09OCT2026,1680000.000000,5,OPTFUT,NCDEX,100.000000,500,False
DHANIYA09OCT26PE17200FOCT26,DHANIYA09OCT26PE17200FOCT26,DHANIYA,09OCT2026,1720000.000000,5,OPTFUT,NCDEX,100.000000,500,False
DHANIYA10DEC26CE12300FDEC26,DHANIYA10DEC26CE12300FDEC26,DHANIYA,10DEC2026,1230000.000000,5,OPTFUT,NCDEX,100.000000,500,False
DHANIYA10DEC26CE14600FDEC26,DHANIYA10DEC26CE14600FDEC26,DHANIYA,10DEC2026,1460000.000000,5,OPTFUT,NCDEX,100.000000,500,False
DHANIYA10DEC26CE15600FDEC26,DHANIYA10DEC26CE15600FDEC26,DHANIYA,10DEC2026,1560000.000000,5,OPTFUT,NCDEX,100.000000,500,False
DHANIYA10DEC26CE16100FDEC26,DHANIYA10DEC26CE16100FDEC26,DHANIYA,10DEC2026,1610000.000000,5,OPTFUT,NCDEX,100.000000,500,False
DHANIYA10DEC26CE16500FDEC26,DHANIYA10DEC26CE16500FDEC26,DHANIYA,10DEC2026,1650000.000000,5,OPTFUT,NCDEX,100.000000,500,False
DHANIYA10DEC26CE16700FDEC26,DHANIYA10DEC26CE16700FDEC26,DHANIYA,10DEC2026,1670000.000000,5,OPTFUT,NCDEX,100.000000,500,False
DHANIYA10DEC26CE17600FDEC26,DHANIYA10DEC26CE17600FDEC26,DHANIYA,10DEC2026,1760000.000000,5,OPTFUT,NCDEX,100.000000,500,False
DHANIYA10DEC26CE18300FDEC26,DHANIYA10DEC26CE18300FDEC26,DHANIYA,10DEC2026,1830000.000000,5,OPTFUT,NCDEX,100.000000,500,False
DHANIYA10DEC26PE13600FDEC26,DHANIYA10DEC26PE13600FDEC26,DHANIYA,10DEC2026,1360000.000000,5,OPTFUT,NCDEX,100.000000,500,False
DHANIYA10DEC26PE14000FDEC26,DHANIYA10DEC26PE14000FDEC26,DHANIYA,10DEC2026,1400000.000000,5,OPTFUT,NCDEX,100.000000,500,False
DHANIYA10DEC26PE16600FDEC26,DHANIYA10DEC26PE16600FDEC26,DHANIYA,10DEC2026,1660000.000000,5,OPTFUT,NCDEX,100.000000,500,False
DHANIYA10DEC26PE17400FDEC26,DHANIYA10DEC26PE17400FDEC26,DHANIYA,10DEC2026,1740000.000000,5,OPTFUT,NCDEX,100.000000,500,False
DHANIYA10DEC26PE17600FDEC26,DHANIYA10DEC26PE17600FDEC26,DHANIYA,10DEC2026,1760000.000000,5,OPTFUT,NCDEX,100.000000,500,False
DHANIYA12JAN27CE15200FJAN27,DHANIYA12JAN27CE15200FJAN27,DHANIYA,12JAN2027,1520000.000000,5,OPTFUT,NCDEX,100.000000,500,False
DHANIYA12JAN27CE15300FJAN27,DHANIYA12JAN27CE15300FJAN27,DHANIYA,12JAN2027,1530000.000000,5,OPTFUT,NCDEX,100.000000,500,False
DHANIYA12JAN27CE15800FJAN27,DHANIYA12JAN27CE15800FJAN27,DHANIYA,12JAN2027,1580000.000000,5,OPTFUT,NCDEX,100.000000,500,False
DHANIYA12JAN27CE17900FJAN27,DHANIYA12JAN27CE17900FJAN27,DHANIYA,12JAN2027,1790000.000000,5,OPTFUT,NCDEX,100.000000,500,False
DHANIYA12JAN27PE14800FJAN27,DHANIYA12JAN27PE14800FJAN27,DHANIYA,12JAN2027,1480000.000000,5,OPTFUT,NCDEX,100.000000,500,False
DHANIYA12JAN27PE14900FJAN27,DHANIYA12JAN27PE14900FJAN27,DHANIYA,12JAN2027,1490000.000000,5,OPTFUT,NCDEX,100.000000,500,False
DHANIYA12JAN27PE16600FJAN27,DHANIYA12JAN27PE16600FJAN27,DHANIYA,12JAN2027,1660000.000000,5,OPTFUT,NCDEX,100.000000,500,False
DHANIYA12JAN27PE16800FJAN27,DHANIYA12JAN27PE16800FJAN27,DHANIYA,12JAN2027,1680000.000000,5,OPTFUT,NCDEX,100.000000,500,False
GUARGUM518SEP2026,GUARGUM518SEP2026,GUARGUM5,18SEP2026,-1.000000,5,FUTCOM,NCDEX,100.000000,250,False
GUARGUM519FEB2027,GUARGUM519FEB2027,GUARGUM5,19FEB2027,-1.000000,5,FUTCOM,NCDEX,100.000000,250,False
GUARGUM520JAN2027,GUARGUM520JAN2027,GUARGUM5,20JAN2027,-1.000000,5,FUTCOM,NCDEX,100.000000,250,False
GUARGUM524DEC26CE13400FJAN27,GUARGUM524DEC26CE13400FJAN27,GUARGUM5,24DEC2026,1340000.000000,5,OPTFUT,NCDEX,50.000000,250,False
GUARGUM524DEC26PE12800FJAN27,GUARGUM524DEC26PE12800FJAN27,GUARGUM5,24DEC2026,1280000.000000,5,OPTFUT,NCDEX,50.000000,250,False
GUARGUM524DEC26PE14000FJAN27,GUARGUM524DEC26PE14000FJAN27,GUARGUM5,24DEC2026,1400000.000000,5,OPTFUT,NCDEX,50.000000,250,False
GUARGUM525SEP26CE11000FOCT26,GUARGUM525SEP26CE11000FOCT26,GUARGUM5,25SEP2026,1100000.000000,5,OPTFUT,NCDEX,50.000000,250,False
GUARGUM525SEP26CE11800FOCT26,GUARGUM525SEP26CE11800FOCT26,GUARGUM5,25SEP2026,1180000.000000,5,OPTFUT,NCDEX,50.000000,250,False
GUARGUM525SEP26CE13400FOCT26,GUARGUM525SEP26CE13400FOCT26,GUARGUM5,25SEP2026,1340000.000000,5,OPTFUT,NCDEX,50.000000,250,False
GUARGUM525SEP26PE10600FOCT26,GUARGUM525SEP26PE10600FOCT26,GUARGUM5,25SEP2026,1060000.000000,5,OPTFUT,NCDEX,50.000000,250,False
GUARGUM525SEP26PE11000FOCT26,GUARGUM525SEP26PE11000FOCT26,GUARGUM5,25SEP2026,1100000.000000,5,OPTFUT,NCDEX,50.000000,250,False
GUARGUM525SEP26PE13400FOCT26,GUARGUM525SEP26PE13400FOCT26,GUARGUM5,25SEP2026,1340000.000000,5,OPTFUT,NCDEX,50.000000,250,False
GUARGUM525SEP26PE15000FOCT26,GUARGUM525SEP26PE15000FOCT26,GUARGUM5,25SEP2026,1500000.000000,5,OPTFUT,NCDEX,50.000000,250,False
GUARGUM526FEB27CE12000FMAR27,GUARGUM526FEB27CE12000FMAR27,GUARGUM5,26FEB2027,1200000.000000,5,OPTFUT,NCDEX,50.000000,250,False
GUARGUM527NOV26CE10400FDEC26,GUARGUM527NOV26CE10400FDEC26,GUARGUM5,27NOV2026,1040000.000000,5,OPTFUT,NCDEX,50.000000,250,False
GUARGUM527NOV26CE10800FDEC26,GUARGUM527NOV26CE10800FDEC26,GUARGUM5,27NOV2026,1080000.000000,5,OPTFUT,NCDEX,50.000000,250,False
GUARGUM527NOV26PE10000FDEC26,GUARGUM527NOV26PE10000FDEC26,GUARGUM5,27NOV2026,1000000.000000,5,OPTFUT,NCDEX,50.000000,250,False
GUARGUM529JAN27CE10600FFEB27,GUARGUM529JAN27CE10600FFEB27,GUARGUM5,29JAN2027,1060000.000000,5,OPTFUT,NCDEX,50.000000,250,False
GUARGUM529JAN27CE14000FFEB27,GUARGUM529JAN27CE14000FFEB27,GUARGUM5,29JAN2027,1400000.000000,5,OPTFUT,NCDEX,50.000000,250,False
GUARGUM529JAN27CE15400FFEB27,GUARGUM529JAN27CE15400FFEB27,GUARGUM5,29JAN2027,1540000.000000,5,OPTFUT,NCDEX,50.000000,250,False
GUARGUM529JAN27PE13600FFEB27,GUARGUM529JAN27PE13600FFEB27,GUARGUM5,29JAN2027,1360000.000000,5,OPTFUT,NCDEX,50.000000,250,False
GUARGUM529JAN27PE14600FFEB27,GUARGUM529JAN27PE14600FFEB27,GUARGUM5,29JAN2027,1460000.000000,5,OPTFUT,NCDEX,50.000000,250,False
GUARGUM529JAN27PE14800FFEB27,GUARGUM529JAN27PE14800FFEB27,GUARGUM5,29JAN2027,1480000.000000,5,OPTFUT,NCDEX,50.000000,250,False
GUARGUM530OCT26CE13400FNOV26,GUARGUM530OCT26CE13400FNOV26,GUARGUM5,30OCT2026,1340000.000000,5,OPTFUT,NCDEX,50.000000,250,False
GUARGUM530OCT26CE14400FNOV26,GUARGUM530OCT26CE14400FNOV26,GUARGUM5,30OCT2026,1440000.000000,5,OPTFUT,NCDEX,50.000000,250,False
GUARGUM530OCT26CE14800FNOV26,GUARGUM530OCT26CE14800FNOV26,GUARGUM5,30OCT2026,1480000.000000,5,OPTFUT,NCDEX,50.000000,250,False
GUARGUM530OCT26CE15200FNOV26,GUARGUM530OCT26CE15200FNOV26,GUARGUM5,30OCT2026,1520000.000000,5,OPTFUT,NCDEX,50.000000,250,False
GUARGUM530OCT26CE9400FNOV26,GUARGUM530OCT26CE9400FNOV26,GUARGUM5,30OCT2026,940000.000000,5,OPTFUT,NCDEX,50.000000,250,False
GUARGUM530OCT26CE9600FNOV26,GUARGUM530OCT26CE9600FNOV26,GUARGUM5,30OCT2026,960000.000000,5,OPTFUT,NCDEX,50.000000,250,False
GUARGUM530OCT26PE12800FNOV26,GUARGUM530OCT26PE12800FNOV26,GUARGUM5,30OCT2026,1280000.000000,5,OPTFUT,NCDEX,50.000000,250,False
GUARGUM530OCT26PE14200FNOV26,GUARGUM530OCT26PE14200FNOV26,GUARGUM5,30OCT2026,1420000.000000,5,OPTFUT,NCDEX,50.000000,250,False
GUARGUM530OCT26PE14800FNOV26,GUARGUM530OCT26PE14800FNOV26,GUARGUM5,30OCT2026,1480000.000000,5,OPTFUT,NCDEX,50.000000,250,False
GUARKORMA,GUARKORMA,GUARKORMA,,-1.000000,5,COMDTY,NCDEX,100.000000,500,False
GUARKORMA20JAN2027,GUARKORMA20JAN2027,GUARKORMA,20JAN2027,-1.000000,5,FUTCOM,NCDEX,100.000000,500,False
GUARSEED1019MAR2027,GUARSEED1019MAR2027,GUARSEED10,19MAR2027,-1.000000,5,FUTCOM,NCDEX,100.000000,500,False
GUARSEED1024DEC26CE5400FJAN27,GUARSEED1024DEC26CE5400FJAN27,GUARSEED10,24DEC2026,540000.000000,5,OPTFUT,NCDEX,50.000000,500,False
GUARSEED1024DEC26CE6500FJAN27,GUARSEED1024DEC26CE6500FJAN27,GUARSEED10,24DEC2026,650000.000000,5,OPTFUT,NCDEX,50.000000,500,False
GUARSEED1024DEC26CE6900FJAN27,GUARSEED1024DEC26CE6900FJAN27,GUARSEED10,24DEC2026,690000.000000,5,OPTFUT,NCDEX,50.000000,500,False
GUARSEED1024DEC26PE5400FJAN27,GUARSEED1024DEC26PE5400FJAN27,GUARSEED10,24DEC2026,540000.000000,5,OPTFUT,NCDEX,50.000000,500,False
GUARSEED1024DEC26PE6000FJAN27,GUARSEED1024DEC26PE6000FJAN27,GUARSEED10,24DEC2026,600000.000000,5,OPTFUT,NCDEX,50.000000,500,False
GUARSEED1024DEC26PE6500FJAN27,GUARSEED1024DEC26PE6500FJAN27,GUARSEED10,24DEC2026,650000.000000,5,OPTFUT,NCDEX,50.000000,500,False
GUARSEED1024DEC26PE6800FJAN27,GUARSEED1024DEC26PE6800FJAN27,GUARSEED10,24DEC2026,680000.000000,5,OPTFUT,NCDEX,50.000000,500,False
GUARSEED1024DEC26PE6900FJAN27,GUARSEED1024DEC26PE6900FJAN27,GUARSEED10,24DEC2026,690000.000000,5,OPTFUT,NCDEX,50.000000,500,False
GUARSEED1024DEC26PE7000FJAN27,GUARSEED1024DEC26PE7000FJAN27,GUARSEED10,24DEC2026,700000.000000,5,OPTFUT,NCDEX,50.000000,500,False
GUARSEED1025SEP26CE6400FOCT26,GUARSEED1025SEP26CE6400FOCT26,GUARSEED10,25SEP2026,640000.000000,5,OPTFUT,NCDEX,50.000000,500,False
GUARSEED1025SEP26CE7100FOCT26,GUARSEED1025SEP26CE7100FOCT26,GUARSEED10,25SEP2026,710000.000000,5,OPTFUT,NCDEX,50.000000,500,False
GUARSEED1025SEP26PE5500FOCT26,GUARSEED1025SEP26PE5500FOCT26,GUARSEED10,25SEP2026,550000.000000,5,OPTFUT,NCDEX,50.000000,500,False
GUARSEED1025SEP26PE5600FOCT26,GUARSEED1025SEP26PE5600FOCT26,GUARSEED10,25SEP2026,560000.000000,5,OPTFUT,NCDEX,50.000000,500,False
GUARSEED1025SEP26PE5900FOCT26,GUARSEED1025SEP26PE5900FOCT26,GUARSEED10,25SEP2026,590000.000000,5,OPTFUT,NCDEX,50.000000,500,False
GUARSEED1025SEP26PE6400FOCT26,GUARSEED1025SEP26PE6400FOCT26,GUARSEED10,25SEP2026,640000.000000,5,OPTFUT,NCDEX,50.000000,500,False
GUARSEED1026FEB27CE6500FMAR27,GUARSEED1026FEB27CE6500FMAR27,GUARSEED10,26FEB2027,650000.000000,5,OPTFUT,NCDEX,50.000000,500,False
GUARSEED1026FEB27CE6800FMAR27,GUARSEED1026FEB27CE6800FMAR27,GUARSEED10,26FEB2027,680000.000000,5,OPTFUT,NCDEX,50.000000,500,False
GUARSEED1026FEB27PE6100FMAR27,GUARSEED1026FEB27PE6100FMAR27,GUARSEED10,26FEB2027,610000.000000,5,OPTFUT,NCDEX,50.000000,500,False
GUARSEED1026FEB27PE6200FMAR27,GUARSEED1026FEB27PE6200FMAR27,GUARSEED10,26FEB2027,620000.000000,5,OPTFUT,NCDEX,50.000000,500,False
GUARSEED1026FEB27PE6500FMAR27,GUARSEED1026FEB27PE6500FMAR27,GUARSEED10,26FEB2027,650000.000000,5,OPTFUT,NCDEX,50.000000,500,False
GUARSEED1026FEB27PE7200FMAR27,GUARSEED1026FEB27PE7200FMAR27,GUARSEED10,26FEB2027,720000.000000,5,OPTFUT,NCDEX,50.000000,500,False
GUARSEED1027NOV26CE5700FDEC26,GUARSEED1027NOV26CE5700FDEC26,GUARSEED10,27NOV2026,570000.000000,5,OPTFUT,NCDEX,50.000000,500,False
GUARSEED1027NOV26CE5800FDEC26,GUARSEED1027NOV26CE5800FDEC26,GUARSEED10,27NOV2026,580000.000000,5,OPTFUT,NCDEX,50.000000,500,False
GUARSEED1027NOV26PE5400FDEC26,GUARSEED1027NOV26PE5400FDEC26,GUARSEED10,27NOV2026,540000.000000,5,OPTFUT,NCDEX,50.000000,500,False
GUARSEED1027NOV26PE6000FDEC26,GUARSEED1027NOV26PE6000FDEC26,GUARSEED10,27NOV2026,600000.000000,5,OPTFUT,NCDEX,50.000000,500,False
GUARSEED1027NOV26PE6100FDEC26,GUARSEED1027NOV26PE6100FDEC26,GUARSEED10,27NOV2026,610000.000000,5,OPTFUT,NCDEX,50.000000,500,False
GUARSEED1027NOV26PE6200FDEC26,GUARSEED1027NOV26PE6200FDEC26,GUARSEED10,27NOV2026,620000.000000,5,OPTFUT,NCDEX,50.000000,500,False
GUARSEED1029JAN27CE5900FFEB27,GUARSEED1029JAN27CE5900FFEB27,GUARSEED10,29JAN2027,590000.000000,5,OPTFUT,NCDEX,50.000000,500,False
GUARSEED1029JAN27CE6500FFEB27,GUARSEED1029JAN27CE6500FFEB27,GUARSEED10,29JAN2027,650000.000000,5,OPTFUT,NCDEX,50.000000,500,False
GUARSEED1029JAN27CE7000FFEB27,GUARSEED1029JAN27CE7000FFEB27,GUARSEED10,29JAN2027,700000.000000,5,OPTFUT,NCDEX,50.000000,500,False
GUARSEED1029JAN27CE7100FFEB27,GUARSEED1029JAN27CE7100FFEB27,GUARSEED10,29JAN2027,710000.000000,5,OPTFUT,NCDEX,50.000000,500,False
GUARSEED1029JAN27PE6100FFEB27,GUARSEED1029JAN27PE6100FFEB27,GUARSEED10,29JAN2027,610000.000000,5,OPTFUT,NCDEX,50.000000,500,False
GUARSEED1029JAN27PE6400FFEB27,GUARSEED1029JAN27PE6400FFEB27,GUARSEED10,29JAN2027,640000.000000,5,OPTFUT,NCDEX,50.000000,500,False
GUARSEED1030OCT26CE5400FNOV26,GUARSEED1030OCT26CE5400FNOV26,GUARSEED10,30OCT2026,540000.000000,5,OPTFUT,NCDEX,50.000000,500,False
GUARSEED1030OCT26CE5600FNOV26,GUARSEED1030OCT26CE5600FNOV26,GUARSEED10,30OCT2026,560000.000000,5,OPTFUT,NCDEX,50.000000,500,False
GUARSEED1030OCT26CE5900FNOV26,GUARSEED1030OCT26CE5900FNOV26,GUARSEED10,30OCT2026,590000.000000,5,OPTFUT,NCDEX,50.000000,500,False
GUARSEED1030OCT26CE6300FNOV26,GUARSEED1030OCT26CE6300FNOV26,GUARSEED10,30OCT2026,630000.000000,5,OPTFUT,NCDEX,50.000000,500,False
GUARSEED1030OCT26PE6100FNOV26,GUARSEED1030OCT26PE6100FNOV26,GUARSEED10,30OCT2026,610000.000000,5,OPTFUT,NCDEX,50.000000,500,False
ISABGOL19OCT2026,ISABGOL19OCT2026,ISABGOL,19OCT2026,-1.000000,3,FUTCOM,NCDEX,500.000000,150,False
JEERAMINI18SEP2026,JEERAMINI18SEP2026,JEERAMINI,18SEP2026,-1.000000,1,FUTCOM,NCDEX,500.000000,50,False
JEERAMINI20NOV2026,JEERAMINI20NOV2026,JEERAMINI,20NOV2026,-1.000000,1,FUTCOM,NCDEX,500.000000,50,False
JEERAUNJHA09OCT26CE17200FOCT26,JEERAUNJHA09OCT26CE17200FOCT26,JEERAUNJHA,09OCT2026,1720000.000000,3,OPTFUT,NCDEX,200.000000,150,False
JEERAUNJHA09OCT26CE24800FOCT26,JEERAUNJHA09OCT26CE24800FOCT26,JEERAUNJHA,09OCT2026,2480000.000000,3,OPTFUT,NCDEX,200.000000,150,False
JEERAUNJHA09OCT26PE21600FOCT26,JEERAUNJHA09OCT26PE21600FOCT26,JEERAUNJHA,09OCT2026,2160000.000000,3,OPTFUT,NCDEX,200.000000,150,False
JEERAUNJHA09OCT26PE22800FOCT26,JEERAUNJHA09OCT26PE22800FOCT26,JEERAUNJHA,09OCT2026,2280000.000000,3,OPTFUT,NCDEX,200.000000,150,False
JEERAUNJHA10DEC26CE18000FDEC26,JEERAUNJHA10DEC26CE18000FDEC26,JEERAUNJHA,10DEC2026,1800000.000000,3,OPTFUT,NCDEX,200.000000,150,False
JEERAUNJHA10DEC26CE24800FDEC26,JEERAUNJHA10DEC26CE24800FDEC26,JEERAUNJHA,10DEC2026,2480000.000000,3,OPTFUT,NCDEX,200.000000,150,False
JEERAUNJHA10DEC26CE25200FDEC26,JEERAUNJHA10DEC26CE25200FDEC26,JEERAUNJHA,10DEC2026,2520000.000000,3,OPTFUT,NCDEX,200.000000,150,False
JEERAUNJHA10DEC26PE18000FDEC26,JEERAUNJHA10DEC26PE18000FDEC26,JEERAUNJHA,10DEC2026,1800000.000000,3,OPTFUT,NCDEX,200.000000,150,False
JEERAUNJHA10DEC26PE18800FDEC26,JEERAUNJHA10DEC26PE18800FDEC26,JEERAUNJHA,10DEC2026,1880000.000000,3,OPTFUT,NCDEX,200.000000,150,False
JEERAUNJHA10DEC26PE22800FDEC26,JEERAUNJHA10DEC26PE22800FDEC26,JEERAUNJHA,10DEC2026,2280000.000000,3,OPTFUT,NCDEX,200.000000,150,False
JEERAUNJHA10DEC26PE27200FDEC26,JEERAUNJHA10DEC26PE27200FDEC26,JEERAUNJHA,10DEC2026,2720000.000000,3,OPTFUT,NCDEX,200.000000,150,False
JEERAUNJHA12NOV26CE19600FNOV26,JEERAUNJHA12NOV26CE19600FNOV26,JEERAUNJHA,12NOV2026,1960000.000000,3,OPTFUT,NCDEX,200.000000,150,False
JEERAUNJHA12NOV26CE20400FNOV26,JEERAUNJHA12NOV26CE20400FNOV26,JEERAUNJHA,12NOV2026,2040000.000000,3,OPTFUT,NCDEX,200.000000,150,False
JEERAUNJHA12NOV26CE24400FNOV26,JEERAUNJHA12NOV26CE24400FNOV26,JEERAUNJHA,12NOV2026,2440000.000000,3,OPTFUT,NCDEX,200.000000,150,False
JEERAUNJHA12NOV26CE25600FNOV26,JEERAUNJHA12NOV26CE25600FNOV26,JEERAUNJHA,12NOV2026,2560000.000000,3,OPTFUT,NCDEX,200.000000,150,False
JEERAUNJHA12NOV26PE19600FNOV26,JEERAUNJHA12NOV26PE19600FNOV26,JEERAUNJHA,12NOV2026,1960000.000000,3,OPTFUT,NCDEX,200.000000,150,False
JEERAUNJHA12NOV26PE20400FNOV26,JEERAUNJHA12NOV26PE20400FNOV26,JEERAUNJHA,12NOV2026,2040000.000000,3,OPTFUT,NCDEX,200.000000,150,False
JEERAUNJHA12NOV26PE22400FNOV26,JEERAUNJHA12NOV26PE22400FNOV26,JEERAUNJHA,12NOV2026,2240000.000000,3,OPTFUT,NCDEX,200.000000,150,False
JEERAUNJHA12NOV26PE25200FNOV26,JEERAUNJHA12NOV26PE25200FNOV26,JEERAUNJHA,12NOV2026,2520000.000000,3,OPTFUT,NCDEX,200.000000,150,False
JEERAUNJHA20NOV2026,JEERAUNJHA20NOV2026,JEERAUNJHA,20NOV2026,-1.000000,3,FUTCOM,NCDEX,500.000000,150,False
PEPPER,PEPPER,PEPPER,,-1.000000,1,COMDTY,NCDEX,10.000000,50,False
PEPPER18DEC2026,PEPPER18DEC2026,PEPPER,18DEC2026,-1.000000,1,FUTCOM,NCDEX,10.000000,50,False
RAINCHNNAI30OCT2026,RAINCHNNAI30OCT2026,RAINCHNNAI,30OCT2026,-1.000000,1,FUTCOM,NCDEX,100.000000,50,False
SESAMESEED18DEC2026,SESAMESEED18DEC2026,SESAMESEED,18DEC2026,-1.000000,5,FUTCOM,NCDEX,500.000000,250,False
TMCFGRNZM08OCT26CE14000FOCT26,TMCFGRNZM08OCT26CE14000FOCT26,TMCFGRNZM,08OCT2026,1400000.000000,5,OPTFUT,NCDEX,100.000000,250,False
TMCFGRNZM08OCT26CE15000FOCT26,TMCFGRNZM08OCT26CE15000FOCT26,TMCFGRNZM,08OCT2026,1500000.000000,5,OPTFUT,NCDEX,100.000000,250,False
TMCFGRNZM08OCT26CE17800FOCT26,TMCFGRNZM08OCT26CE17800FOCT26,TMCFGRNZM,08OCT2026,1780000.000000,5,OPTFUT,NCDEX,100.000000,250,False
TMCFGRNZM08OCT26CE18600FOCT26,TMCFGRNZM08OCT26CE18600FOCT26,TMCFGRNZM,08OCT2026,1860000.000000,5,OPTFUT,NCDEX,100.000000,250,False
TMCFGRNZM08OCT26CE19200FOCT26,TMCFGRNZM08OCT26CE19200FOCT26,TMCFGRNZM,08OCT2026,1920000.000000,5,OPTFUT,NCDEX,100.000000,250,False
TMCFGRNZM08OCT26CE21600FOCT26,TMCFGRNZM08OCT26CE21600FOCT26,TMCFGRNZM,08OCT2026,2160000.000000,5,OPTFUT,NCDEX,100.000000,250,False
TMCFGRNZM08OCT26CE22000FOCT26,TMCFGRNZM08OCT26CE22000FOCT26,TMCFGRNZM,08OCT2026,2200000.000000,5,OPTFUT,NCDEX,100.000000,250,False
TMCFGRNZM08OCT26CE22400FOCT26,TMCFGRNZM08OCT26CE22400FOCT26,TMCFGRNZM,08OCT2026,2240000.000000,5,OPTFUT,NCDEX,100.000000,250,False
TMCFGRNZM08OCT26PE16400FOCT26,TMCFGRNZM08OCT26PE16400FOCT26,TMCFGRNZM,08OCT2026,1640000.000000,5,OPTFUT,NCDEX,100.000000,250,False
TMCFGRNZM08OCT26PE17400FOCT26,TMCFGRNZM08OCT26PE17400FOCT26,TMCFGRNZM,08OCT2026,1740000.000000,5,OPTFUT,NCDEX,100.000000,250,False
TMCFGRNZM08OCT26PE18600FOCT26,TMCFGRNZM08OCT26PE18600FOCT26,TMCFGRNZM,08OCT2026,1860000.000000,5,OPTFUT,NCDEX,100.000000,250,False
TMCFGRNZM10DEC26CE15800FDEC26,TMCFGRNZM10DEC26CE15800FDEC26,TMCFGRNZM,10DEC2026,1580000.000000,5,OPTFUT,NCDEX,100.000000,250,False
TMCFGRNZM10DEC26CE16000FDEC26,TMCFGRNZM10DEC26CE16000FDEC26,TMCFGRNZM,10DEC2026,1600000.000000,5,OPTFUT,NCDEX,100.000000,250,False
TMCFGRNZM10DEC26CE16800FDEC26,TMCFGRNZM10DEC26CE16800FDEC26,TMCFGRNZM,10DEC2026,1680000.000000,5,OPTFUT,NCDEX,100.000000,250,False
TMCFGRNZM10DEC26CE17400FDEC26,TMCFGRNZM10DEC26CE17400FDEC26,TMCFGRNZM,10DEC2026,1740000.000000,5,OPTFUT,NCDEX,100.000000,250,False
TMCFGRNZM10DEC26CE17800FDEC26,TMCFGRNZM10DEC26CE17800FDEC26,TMCFGRNZM,10DEC2026,1780000.000000,5,OPTFUT,NCDEX,100.000000,250,False
TMCFGRNZM10DEC26CE19000FDEC26,TMCFGRNZM10DEC26CE19000FDEC26,TMCFGRNZM,10DEC2026,1900000.000000,5,OPTFUT,NCDEX,100.000000,250,False
TMCFGRNZM10DEC26CE20800FDEC26,TMCFGRNZM10DEC26CE20800FDEC26,TMCFGRNZM,10DEC2026,2080000.000000,5,OPTFUT,NCDEX,100.000000,250,False
TMCFGRNZM10DEC26CE21000FDEC26,TMCFGRNZM10DEC26CE21000FDEC26,TMCFGRNZM,10DEC2026,2100000.000000,5,OPTFUT,NCDEX,100.000000,250,False
TMCFGRNZM10DEC26CE21200FDEC26,TMCFGRNZM10DEC26CE21200FDEC26,TMCFGRNZM,10DEC2026,2120000.000000,5,OPTFUT,NCDEX,100.000000,250,False
TMCFGRNZM10DEC26CE22000FDEC26,TMCFGRNZM10DEC26CE22000FDEC26,TMCFGRNZM,10DEC2026,2200000.000000,5,OPTFUT,NCDEX,100.000000,250,False
TMCFGRNZM10DEC26CE22200FDEC26,TMCFGRNZM10DEC26CE22200FDEC26,TMCFGRNZM,10DEC2026,2220000.000000,5,OPTFUT,NCDEX,100.000000,250,False
TMCFGRNZM10DEC26CE22600FDEC26,TMCFGRNZM10DEC26CE22600FDEC26,TMCFGRNZM,10DEC2026,2260000.000000,5,OPTFUT,NCDEX,100.000000,250,False
TMCFGRNZM10DEC26CE23000FDEC26,TMCFGRNZM10DEC26CE23000FDEC26,TMCFGRNZM,10DEC2026,2300000.000000,5,OPTFUT,NCDEX,100.000000,250,False
TMCFGRNZM10DEC26CE23200FDEC26,TMCFGRNZM10DEC26CE23200FDEC26,TMCFGRNZM,10DEC2026,2320000.000000,5,OPTFUT,NCDEX,100.000000,250,False
TMCFGRNZM10DEC26PE14800FDEC26,TMCFGRNZM10DEC26PE14800FDEC26,TMCFGRNZM,10DEC2026,1480000.000000,5,OPTFUT,NCDEX,100.000000,250,False
YELLOWP18DEC2026,YELLOWP18DEC2026,YELLOWP,18DEC2026,-1.000000,5,FUTCOM,NCDEX,100.000000,500,False
CASTOR16OCT2026,CASTOR16OCT2026,CASTOR,16OCT2026,-1.000000,5,FUTCOM,NCDEX,100.000000,500,False
CASTOR20JAN2027,CASTOR20JAN2027,CASTOR,20JAN2027,-1.000000,5,FUTCOM,NCDEX,100.000000,500,False
COTTON19FEB2027,COTTON19FEB2027,COTTON,19FEB2027,-1.000000,1,FUTCOM,NCDEX,1000.000000,50,False
COTWASOIL18SEP2026,COTWASOIL18SEP2026,COTWASOIL,18SEP2026,-1.000000,1,FUTCOM,NCDEX,10.000000,500,False
COTWASOIL19MAR2027,COTWASOIL19MAR2027,COTWASOIL,19MAR2027,-1.000000,1,FUTCOM,NCDEX,10.000000,500,False
DHANIYA09OCT26CE12300FOCT26,DHANIYA09OCT26CE12300FOCT26,DHANIYA,09OCT2026,1230000.000000,5,OPTFUT,NCDEX,100.000000,500,False
DHANIYA09OCT26CE12900FOCT26,DHANIYA09OCT26CE12900FOCT26,DHANIYA,09OCT2026,1290000.000000,5,OPTFUT,NCDEX,100.000000,500,False
DHANIYA09OCT26CE13600FOCT26,DHANIYA09OCT26CE13600FOCT26,DHANIYA,09OCT2026,1360000.000000,5,OPTFUT,NCDEX,100.000000,500,False
DHANIYA09OCT26CE14000FOCT26,DHANIYA09OCT26CE14000FOCT26,DHANIYA,09OCT2026,1400000.000000,5,OPTFUT,NCDEX,100.000000,500,False
DHANIYA09OCT26CE15300FOCT26,DHANIYA09OCT26CE15300FOCT26,DHANIYA,09OCT2026,1530000.000000,5,OPTFUT,NCDEX,100.000000,500,False
DHANIYA09OCT26CE16200FOCT26,DHANIYA09OCT26CE16200FOCT26,DHANIYA,09OCT2026,1620000.000000,5,OPTFUT,NCDEX,100.000000,500,False
DHANIYA09OCT26CE16400FOCT26,DHANIYA09OCT26CE16400FOCT26,DHANIYA,09OCT2026,1640000.000000,5,OPTFUT,NCDEX,100.000000,500,False
DHANIYA09OCT26PE13100FOCT26,DHANIYA09OCT26PE13100FOCT26,DHANIYA,09OCT2026,1310000.000000,5,OPTFUT,NCDEX,100.000000,500,False
DHANIYA09OCT26PE14300FOCT26,DHANIYA09OCT26PE14300FOCT26,DHANIYA,09OCT2026,1430000.000000,5,OPTFUT,NCDEX,100.000000,500,False
DHANIYA09OCT26PE16000FOCT26,DHANIYA09OCT26PE16000FOCT26,DHANIYA,09OCT2026,1600000.000000,5,OPTFUT,NCDEX,100.000000,500,False
DHANIYA10DEC26CE15500FDEC26,DHANIYA10DEC26CE15500FDEC26,DHANIYA,10DEC2026,1550000.000000,5,OPTFUT,NCDEX,100.000000,500,False
DHANIYA10DEC26CE17100FDEC26,DHANIYA10DEC26CE17100FDEC26,DHANIYA,10DEC2026,1710000.000000,5,OPTFUT,NCDEX,100.000000,500,False
DHANIYA10DEC26CE17400FDEC26,DHANIYA10DEC26CE17400FDEC26,DHANIYA,10DEC2026,1740000.000000,5,OPTFUT,NCDEX,100.000000,500,False
DHANIYA10DEC26CE17800FDEC26,DHANIYA10DEC26CE17800FDEC26,DHANIYA,10DEC2026,1780000.000000,5,OPTFUT,NCDEX,100.000000,500,False
DHANIYA10DEC26CE18100FDEC26,DHANIYA10DEC26CE18100FDEC26,DHANIYA,10DEC2026,1810000.000000,5,OPTFUT,NCDEX,100.000000,500,False
DHANIYA10DEC26PE13100FDEC26,DHANIYA10DEC26PE13100FDEC26,DHANIYA,10DEC2026,1310000.000000,5,OPTFUT,NCDEX,100.000000,500,False
DHANIYA10DEC26PE13800FDEC26,DHANIYA10DEC26PE13800FDEC26,DHANIYA,10DEC2026,1380000.000000,5,OPTFUT,NCDEX,100.000000,500,False
DHANIYA10DEC26PE14100FDEC26,DHANIYA10DEC26PE14100FDEC26,DHANIYA,10DEC2026,1410000.000000,5,OPTFUT,NCDEX,100.000000,500,False
DHANIYA10DEC26PE15400FDEC26,DHANIYA10DEC26PE15400FDEC26,DHANIYA,10DEC2026,1540000.000000,5,OPTFUT,NCDEX,100.000000,500,False
DHANIYA10DEC26PE15500FDEC26,DHANIYA10DEC26PE15500FDEC26,DHANIYA,10DEC2026,1550000.000000,5,OPTFUT,NCDEX,100.000000,500,False
DHANIYA12JAN27CE15100FJAN27,DHANIYA12JAN27CE15100FJAN27,DHANIYA,12JAN2027,1510000.000000,5,OPTFUT,NCDEX,100.000000,500,False
DHANIYA12JAN27CE16100FJAN27,DHANIYA12JAN27CE16100FJAN27,DHANIYA,12JAN2027,1610000.000000,5,OPTFUT,NCDEX,100.000000,500,False
DHANIYA12JAN27CE17300FJAN27,DHANIYA12JAN27CE17300FJAN27,DHANIYA,12JAN2027,1730000.000000,5,OPTFUT,NCDEX,100.000000,500,False
DHANIYA12JAN27PE15500FJAN27,DHANIYA12JAN27PE15500FJAN27,DHANIYA,12JAN2027,1550000.000000,5,OPTFUT,NCDEX,100.000000,500,False
DHANIYA12JAN27PE16300FJAN27,DHANIYA12JAN27PE16300FJAN27,DHANIYA,12JAN2027,1630000.000000,5,OPTFUT,NCDEX,100.000000,500,False
DHANIYA12JAN27PE16400FJAN27,DHANIYA12JAN27PE16400FJAN27,DHANIYA,12JAN2027,1640000.000000,5,OPTFUT,NCDEX,100.000000,500,False
GROUNDNUT18DEC2026,GROUNDNUT18DEC2026,GROUNDNUT,18DEC2026,-1.000000,5,FUTCOM,NCDEX,100.000000,500,False
GUARGUM519MAR2027,GUARGUM519MAR2027,GUARGUM5,19MAR2027,-1.000000,5,FUTCOM,NCDEX,100.000000,250,False
GUARGUM524DEC26CE11200FJAN27,GUARGUM524DEC26CE11200FJAN27,GUARGUM5,24DEC2026,1120000.000000,5,OPTFUT,NCDEX,50.000000,250,False
GUARGUM524DEC26CE12600FJAN27,GUARGUM524DEC26CE12600FJAN27,GUARGUM5,24DEC2026,1260000.000000,5,OPTFUT,NCDEX,50.000000,250,False
GUARGUM524DEC26PE14800FJAN27,GUARGUM524DEC26PE14800FJAN27,GUARGUM5,24DEC2026,1480000.000000,5,OPTFUT,NCDEX,50.000000,250,False
GUARGUM525SEP26CE13800FOCT26,GUARGUM525SEP26CE13800FOCT26,GUARGUM5,25SEP2026,1380000.000000,5,OPTFUT,NCDEX,50.000000,250,False
GUARGUM525SEP26CE9000FOCT26,GUARGUM525SEP26CE9000FOCT26,GUARGUM5,25SEP2026,900000.000000,5,OPTFUT,NCDEX,50.000000,250,False
GUARGUM525SEP26PE11400FOCT26,GUARGUM525SEP26PE11400FOCT26,GUARGUM5,25SEP2026,1140000.000000,5,OPTFUT,NCDEX,50.000000,250,False
GUARGUM525SEP26PE11600FOCT26,GUARGUM525SEP26PE11600FOCT26,GUARGUM5,25SEP2026,1160000.000000,5,OPTFUT,NCDEX,50.000000,250,False
GUARGUM525SEP26PE14400FOCT26,GUARGUM525SEP26PE14400FOCT26,GUARGUM5,25SEP2026,1440000.000000,5,OPTFUT,NCDEX,50.000000,250,False
GUARGUM526FEB27CE14200FMAR27,GUARGUM526FEB27CE14200FMAR27,GUARGUM5,26FEB2027,1420000.000000,5,OPTFUT,NCDEX,50.000000,250,False
GUARGUM526FEB27CE14400FMAR27,GUARGUM526FEB27CE14400FMAR27,GUARGUM5,26FEB2027,1440000.000000,5,OPTFUT,NCDEX,50.000000,250,False
GUARGUM526FEB27PE11600FMAR27,GUARGUM526FEB27PE11600FMAR27,GUARGUM5,26FEB2027,1160000.000000,5,OPTFUT,NCDEX,50.000000,250,False
GUARGUM526FEB27PE12000FMAR27,GUARGUM526FEB27PE12000FMAR27,GUARGUM5,26FEB2027,1200000.000000,5,OPTFUT,NCDEX,50.000000,250,False
GUARGUM526FEB27PE12200FMAR27,GUARGUM526FEB27PE12200FMAR27,GUARGUM5,26FEB2027,1220000.000000,5,OPTFUT,NCDEX,50.000000,250,False
GUARGUM526FEB27PE13600FMAR27,GUARGUM526FEB27PE13600FMAR27,GUARGUM5,26FEB2027,1360000.000000,5,OPTFUT,NCDEX,50.000000,250,False
GUARGUM526FEB27PE13800FMAR27,GUARGUM526FEB27PE13800FMAR27,GUARGUM5,26FEB2027,1380000.000000,5,OPTFUT,NCDEX,50.000000,250,False
GUARGUM526FEB27PE14000FMAR27,GUARGUM526FEB27PE14000FMAR27,GUARGUM5,26FEB2027,1400000.000000,5,OPTFUT,NCDEX,50.000000,250,False
GUARGUM526FEB27PE14800FMAR27,GUARGUM526FEB27PE14800FMAR27,GUARGUM5,26FEB2027,1480000.000000,5,OPTFUT,NCDEX,50.000000,250,False
GUARGUM527NOV26CE14400FDEC26,GUARGUM527NOV26CE14400FDEC26,GUARGUM5,27NOV2026,1440000.000000,5,OPTFUT,NCDEX,50.000000,250,False
GUARGUM527NOV26CE15400FDEC26,GUARGUM527NOV26CE15400FDEC26,GUARGUM5,27NOV2026,1540000.000000,5,OPTFUT,NCDEX,50.000000,250,False
GUARGUM527NOV26CE15800FDEC26,GUARGUM527NOV26CE15800FDEC26,GUARGUM5,27NOV2026,1580000.000000,5,OPTFUT,NCDEX,50.000000,250,False
GUARGUM527NOV26PE10400FDEC26,GUARGUM527NOV26PE10400FDEC26,GUARGUM5,27NOV2026,1040000.000000,5,OPTFUT,NCDEX,50.000000,250,False
GUARGUM527NOV26PE11000FDEC26,GUARGUM527NOV26PE11000FDEC26,GUARGUM5,27NOV2026,1100000.000000,5,OPTFUT,NCDEX,50.000000,250,False
GUARGUM527NOV26PE11600FDEC26,GUARGUM527NOV26PE11600FDEC26,GUARGUM5,27NOV2026,1160000.000000,5,OPTFUT,NCDEX,50.000000,250,False
GUARGUM527NOV26PE12800FDEC26,GUARGUM527NOV26PE12800FDEC26,GUARGUM5,27NOV2026,1280000.000000,5,OPTFUT,NCDEX,50.000000,250,False
GUARGUM527NOV26PE11800FDEC26,GUARGUM527NOV26PE11800FDEC26,GUARGUM5,27NOV2026,1180000.000000,5,OPTFUT,NCDEX,50.000000,250,False
GUARGUM527NOV26PE12200FDEC26,GUARGUM527NOV26PE12200FDEC26,GUARGUM5,27NOV2026,1220000.000000,5,OPTFUT,NCDEX,50.000000,250,False
GUARGUM527NOV26PE13000FDEC26,GUARGUM527NOV26PE13000FDEC26,GUARGUM5,27NOV2026,1300000.000000,5,OPTFUT,NCDEX,50.000000,250,False
GUARGUM527NOV26PE13400FDEC26,GUARGUM527NOV26PE13400FDEC26,GUARGUM5,27NOV2026,1340000.000000,5,OPTFUT,NCDEX,50.000000,250,False
GUARGUM527NOV26PE13600FDEC26,GUARGUM527NOV26PE13600FDEC26,GUARGUM5,27NOV2026,1360000.000000,5,OPTFUT,NCDEX,50.000000,250,False
GUARGUM527NOV26PE14200FDEC26,GUARGUM527NOV26PE14200FDEC26,GUARGUM5,27NOV2026,1420000.000000,5,OPTFUT,NCDEX,50.000000,250,False
GUARGUM529JAN27CE12000FFEB27,GUARGUM529JAN27CE12000FFEB27,GUARGUM5,29JAN2027,1200000.000000,5,OPTFUT,NCDEX,50.000000,250,False
GUARGUM529JAN27CE12600FFEB27,GUARGUM529JAN27CE12600FFEB27,GUARGUM5,29JAN2027,1260000.000000,5,OPTFUT,NCDEX,50.000000,250,False
GUARGUM529JAN27CE15800FFEB27,GUARGUM529JAN27CE15800FFEB27,GUARGUM5,29JAN2027,1580000.000000,5,OPTFUT,NCDEX,50.000000,250,False
GUARGUM529JAN27PE10600FFEB27,GUARGUM529JAN27PE10600FFEB27,GUARGUM5,29JAN2027,1060000.000000,5,OPTFUT,NCDEX,50.000000,250,False
GUARGUM529JAN27PE11200FFEB27,GUARGUM529JAN27PE11200FFEB27,GUARGUM5,29JAN2027,1120000.000000,5,OPTFUT,NCDEX,50.000000,250,False
GUARGUM529JAN27PE12000FFEB27,GUARGUM529JAN27PE12000FFEB27,GUARGUM5,29JAN2027,1200000.000000,5,OPTFUT,NCDEX,50.000000,250,False
GUARGUM529JAN27PE12800FFEB27,GUARGUM529JAN27PE12800FFEB27,GUARGUM5,29JAN2027,1280000.000000,5,OPTFUT,NCDEX,50.000000,250,False
GUARGUM529JAN27PE15000FFEB27,GUARGUM529JAN27PE15000FFEB27,GUARGUM5,29JAN2027,1500000.000000,5,OPTFUT,NCDEX,50.000000,250,False
GUARGUM530OCT26CE10600FNOV26,GUARGUM530OCT26CE10600FNOV26,GUARGUM5,30OCT2026,1060000.000000,5,OPTFUT,NCDEX,50.000000,250,False
GUARGUM530OCT26CE11800FNOV26,GUARGUM530OCT26CE11800FNOV26,GUARGUM5,30OCT2026,1180000.000000,5,OPTFUT,NCDEX,50.000000,250,False
GUARGUM530OCT26CE12200FNOV26,GUARGUM530OCT26CE12200FNOV26,GUARGUM5,30OCT2026,1220000.000000,5,OPTFUT,NCDEX,50.000000,250,False
GUARGUM530OCT26CE13200FNOV26,GUARGUM530OCT26CE13200FNOV26,GUARGUM5,30OCT2026,1320000.000000,5,OPTFUT,NCDEX,50.000000,250,False
GUARGUM530OCT26CE14000FNOV26,GUARGUM530OCT26CE14000FNOV26,GUARGUM5,30OCT2026,1400000.000000,5,OPTFUT,NCDEX,50.000000,250,False
GUARGUM530OCT26CE15000FNOV26,GUARGUM530OCT26CE15000FNOV26,GUARGUM5,30OCT2026,1500000.000000,5,OPTFUT,NCDEX,50.000000,250,False
GUARGUM530OCT26PE11600FNOV26,GUARGUM530OCT26PE11600FNOV26,GUARGUM5,30OCT2026,1160000.000000,5,OPTFUT,NCDEX,50.000000,250,False
GUARGUM530OCT26PE13400FNOV26,GUARGUM530OCT26PE13400FNOV26,GUARGUM5,30OCT2026,1340000.000000,5,OPTFUT,NCDEX,50.000000,250,False
GUARGUM530OCT26PE13800FNOV26,GUARGUM530OCT26PE13800FNOV26,GUARGUM5,30OCT2026,1380000.000000,5,OPTFUT,NCDEX,50.000000,250,False
GUARKORMA16OCT2026,GUARKORMA16OCT2026,GUARKORMA,16OCT2026,-1.000000,5,FUTCOM,NCDEX,100.000000,500,False
GUARSEED1024DEC26CE5600FJAN27,GUARSEED1024DEC26CE5600FJAN27,GUARSEED10,24DEC2026,560000.000000,5,OPTFUT,NCDEX,50.000000,500,False
GUARSEED1025SEP26CE6300FOCT26,GUARSEED1025SEP26CE6300FOCT26,GUARSEED10,25SEP2026,630000.000000,5,OPTFUT,NCDEX,50.000000,500,False
GUARSEED1025SEP26CE7500FOCT26,GUARSEED1025SEP26CE7500FOCT26,GUARSEED10,25SEP2026,750000.000000,5,OPTFUT,NCDEX,50.000000,500,False
GUARSEED1025SEP26PE5300FOCT26,GUARSEED1025SEP26PE5300FOCT26,GUARSEED10,25SEP2026,530000.000000,5,OPTFUT,NCDEX,50.000000,500,False
GUARSEED1025SEP26PE6000FOCT26,GUARSEED1025SEP26PE6000FOCT26,GUARSEED10,25SEP2026,600000.000000,5,OPTFUT,NCDEX,50.000000,500,False
GUARSEED1025SEP26PE6800FOCT26,GUARSEED1025SEP26PE6800FOCT26,GUARSEED10,25SEP2026,680000.000000,5,OPTFUT,NCDEX,50.000000,500,False
GUARSEED1025SEP26PE6900FOCT26,GUARSEED1025SEP26PE6900FOCT26,GUARSEED10,25SEP2026,690000.000000,5,OPTFUT,NCDEX,50.000000,500,False
GUARSEED1026FEB27CE7400FMAR27,GUARSEED1026FEB27CE7400FMAR27,GUARSEED10,26FEB2027,740000.000000,5,OPTFUT,NCDEX,50.000000,500,False
GUARSEED1026FEB27PE6400FMAR27,GUARSEED1026FEB27PE6400FMAR27,GUARSEED10,26FEB2027,640000.000000,5,OPTFUT,NCDEX,50.000000,500,False
GUARSEED1026FEB27PE6800FMAR27,GUARSEED1026FEB27PE6800FMAR27,GUARSEED10,26FEB2027,680000.000000,5,OPTFUT,NCDEX,50.000000,500,False
GUARSEED1026FEB27PE6900FMAR27,GUARSEED1026FEB27PE6900FMAR27,GUARSEED10,26FEB2027,690000.000000,5,OPTFUT,NCDEX,50.000000,500,False
GUARSEED1027NOV26CE6600FDEC26,GUARSEED1027NOV26CE6600FDEC26,GUARSEED10,27NOV2026,660000.000000,5,OPTFUT,NCDEX,50.000000,500,False
GUARSEED1027NOV26CE6800FDEC26,GUARSEED1027NOV26CE6800FDEC26,GUARSEED10,27NOV2026,680000.000000,5,OPTFUT,NCDEX,50.000000,500,False
GUARSEED1027NOV26CE7200FDEC26,GUARSEED1027NOV26CE7200FDEC26,GUARSEED10,27NOV2026,720000.000000,5,OPTFUT,NCDEX,50.000000,500,False
GUARSEED1027NOV26PE6900FDEC26,GUARSEED1027NOV26PE6900FDEC26,GUARSEED10,27NOV2026,690000.000000,5,OPTFUT,NCDEX,50.000000,500,False
GUARSEED1027NOV26PE7200FDEC26,GUARSEED1027NOV26PE7200FDEC26,GUARSEED10,27NOV2026,720000.000000,5,OPTFUT,NCDEX,50.000000,500,False
GUARSEED1029JAN27CE7300FFEB27,GUARSEED1029JAN27CE7300FFEB27,GUARSEED10,29JAN2027,730000.000000,5,OPTFUT,NCDEX,50.000000,500,False
GUARSEED1029JAN27PE6800FFEB27,GUARSEED1029JAN27PE6800FFEB27,GUARSEED10,29JAN2027,680000.000000,5,OPTFUT,NCDEX,50.000000,500,False
GUARSEED1030OCT26CE5300FNOV26,GUARSEED1030OCT26CE5300FNOV26,GUARSEED10,30OCT2026,530000.000000,5,OPTFUT,NCDEX,50.000000,500,False
GUARSEED1030OCT26CE6100FNOV26,GUARSEED1030OCT26CE6100FNOV26,GUARSEED10,30OCT2026,610000.000000,5,OPTFUT,NCDEX,50.000000,500,False
GUARSEED1030OCT26CE7200FNOV26,GUARSEED1030OCT26CE7200FNOV26,GUARSEED10,30OCT2026,720000.000000,5,OPTFUT,NCDEX,50.000000,500,False
GUARSEED1030OCT26PE6400FNOV26,GUARSEED1030OCT26PE6400FNOV26,GUARSEED10,30OCT2026,640000.000000,5,OPTFUT,NCDEX,50.000000,500,False
GUARSEED1030OCT26PE6600FNOV26,GUARSEED1030OCT26PE6600FNOV26,GUARSEED10,30OCT2026,660000.000000,5,OPTFUT,NCDEX,50.000000,500,False
GUARSEED1030OCT26PE7500FNOV26,GUARSEED1030OCT26PE7500FNOV26,GUARSEED10,30OCT2026,750000.000000,5,OPTFUT,NCDEX,50.000000,500,False
JEERAUNJHA09OCT26CE26000FOCT26,JEERAUNJHA09OCT26CE26000FOCT26,JEERAUNJHA,09OCT2026,2600000.000000,3,OPTFUT,NCDEX,200.000000,150,False
JEERAUNJHA09OCT26PE15600FOCT26,JEERAUNJHA09OCT26PE15600FOCT26,JEERAUNJHA,09OCT2026,1560000.000000,3,OPTFUT,NCDEX,200.000000,150,False
JEERAUNJHA09OCT26PE20800FOCT26,JEERAUNJHA09OCT26PE20800FOCT26,JEERAUNJHA,09OCT2026,2080000.000000,3,OPTFUT,NCDEX,200.000000,150,False
JEERAUNJHA09OCT26PE22000FOCT26,JEERAUNJHA09OCT26PE22000FOCT26,JEERAUNJHA,09OCT2026,2200000.000000,3,OPTFUT,NCDEX,200.000000,150,False
JEERAUNJHA09OCT26PE23200FOCT26,JEERAUNJHA09OCT26PE23200FOCT26,JEERAUNJHA,09OCT2026,2320000.000000,3,OPTFUT,NCDEX,200.000000,150,False
JEERAUNJHA09OCT26PE24400FOCT26,JEERAUNJHA09OCT26PE24400FOCT26,JEERAUNJHA,09OCT2026,2440000.000000,3,OPTFUT,NCDEX,200.000000,150,False
JEERAUNJHA09OCT26PE26000FOCT26,JEERAUNJHA09OCT26PE26000FOCT26,JEERAUNJHA,09OCT2026,2600000.000000,3,OPTFUT,NCDEX,200.000000,150,False
JEERAUNJHA10DEC26CE21600FDEC26,JEERAUNJHA10DEC26CE21600FDEC26,JEERAUNJHA,10DEC2026,2160000.000000,3,OPTFUT,NCDEX,200.000000,150,False
JEERAUNJHA10DEC26CE22800FDEC26,JEERAUNJHA10DEC26CE22800FDEC26,JEERAUNJHA,10DEC2026,2280000.000000,3,OPTFUT,NCDEX,200.000000,150,False
JEERAUNJHA10DEC26CE24400FDEC26,JEERAUNJHA10DEC26CE24400FDEC26,JEERAUNJHA,10DEC2026,2440000.000000,3,OPTFUT,NCDEX,200.000000,150,False
JEERAUNJHA10DEC26PE22400FDEC26,JEERAUNJHA10DEC26PE22400FDEC26,JEERAUNJHA,10DEC2026,2240000.000000,3,OPTFUT,NCDEX,200.000000,150,False
JEERAUNJHA12JAN27CE21600FJAN27,JEERAUNJHA12JAN27CE21600FJAN27,JEERAUNJHA,12JAN2027,2160000.000000,3,OPTFUT,NCDEX,200.000000,150,False
JEERAUNJHA12JAN27CE23200FJAN27,JEERAUNJHA12JAN27CE23200FJAN27,JEERAUNJHA,12JAN2027,2320000.000000,3,OPTFUT,NCDEX,200.000000,150,False
JEERAUNJHA12JAN27CE26800FJAN27,JEERAUNJHA12JAN27CE26800FJAN27,JEERAUNJHA,12JAN2027,2680000.000000,3,OPTFUT,NCDEX,200.000000,150,False
JEERAUNJHA12JAN27PE18800FJAN27,JEERAUNJHA12JAN27PE18800FJAN27,JEERAUNJHA,12JAN2027,1880000.000000,3,OPTFUT,NCDEX,200.000000,150,False
JEERAUNJHA12JAN27PE19600FJAN27,JEERAUNJHA12JAN27PE19600FJAN27,JEERAUNJHA,12JAN2027,1960000.000000,3,OPTFUT,NCDEX,200.000000,150,False
JEERAUNJHA12JAN27PE26400FJAN27,JEERAUNJHA12JAN27PE26400FJAN27,JEERAUNJHA,12JAN2027,2640000.000000,3,OPTFUT,NCDEX,200.000000,150,False
JEERAUNJHA12JAN27PE26800FJAN27,JEERAUNJHA12JAN27PE26800FJAN27,JEERAUNJHA,12JAN2027,2680000.000000,3,OPTFUT,NCDEX,200.000000,150,False
JEERAUNJHA12NOV26PE21600FNOV26,JEERAUNJHA12NOV26PE21600FNOV26,JEERAUNJHA,12NOV2026,2160000.000000,3,OPTFUT,NCDEX,200.000000,150,False
JEERAUNJHA18SEP2026,JEERAUNJHA18SEP2026,JEERAUNJHA,18SEP2026,-1.000000,3,FUTCOM,NCDEX,500.000000,150,False
JEERAUNJHA19OCT2026,JEERAUNJHA19OCT2026,JEERAUNJHA,19OCT2026,-1.000000,3,FUTCOM,NCDEX,500.000000,150,False
MAIZE,MAIZE,MAIZE,,-1.000000,10,COMDTY,NCDEX,100.000000,500,False
MAIZE20JAN2027,MAIZE20JAN2027,MAIZE,20JAN2027,-1.000000,10,FUTCOM,NCDEX,100.000000,500,False
MAIZE20NOV2026,MAIZE20NOV2026,MAIZE,20NOV2026,-1.000000,10,FUTCOM,NCDEX,100.000000,500,False
RAINCHNNAI29SEP2026,RAINCHNNAI29SEP2026,RAINCHNNAI,29SEP2026,-1.000000,1,FUTCOM,NCDEX,100.000000,50,False
RAINMUMBAI29SEP2026,RAINMUMBAI29SEP2026,RAINMUMBAI,29SEP2026,-1.000000,1,FUTCOM,NCDEX,100.000000,50,False
TMCFGRNZM08OCT26CE15200FOCT26,TMCFGRNZM08OCT26CE15200FOCT26,TMCFGRNZM,08OCT2026,1520000.000000,5,OPTFUT,NCDEX,100.000000,250,False
TMCFGRNZM08OCT26CE15800FOCT26,TMCFGRNZM08OCT26CE15800FOCT26,TMCFGRNZM,08OCT2026,1580000.000000,5,OPTFUT,NCDEX,100.000000,250,False
TMCFGRNZM08OCT26CE16400FOCT26,TMCFGRNZM08OCT26CE16400FOCT26,TMCFGRNZM,08OCT2026,1640000.000000,5,OPTFUT,NCDEX,100.000000,250,False
TMCFGRNZM08OCT26CE17600FOCT26,TMCFGRNZM08OCT26CE17600FOCT26,TMCFGRNZM,08OCT2026,1760000.000000,5,OPTFUT,NCDEX,100.000000,250,False
TMCFGRNZM08OCT26CE20400FOCT26,TMCFGRNZM08OCT26CE20400FOCT26,TMCFGRNZM,08OCT2026,2040000.000000,5,OPTFUT,NCDEX,100.000000,250,False
TMCFGRNZM08OCT26CE21000FOCT26,TMCFGRNZM08OCT26CE21000FOCT26,TMCFGRNZM,08OCT2026,2100000.000000,5,OPTFUT,NCDEX,100.000000,250,False
TMCFGRNZM08OCT26CE22600FOCT26,TMCFGRNZM08OCT26CE22600FOCT26,TMCFGRNZM,08OCT2026,2260000.000000,5,OPTFUT,NCDEX,100.000000,250,False
TMCFGRNZM08OCT26CE22800FOCT26,TMCFGRNZM08OCT26CE22800FOCT26,TMCFGRNZM,08OCT2026,2280000.000000,5,OPTFUT,NCDEX,100.000000,250,False
TMCFGRNZM08OCT26CE23000FOCT26,TMCFGRNZM08OCT26CE23000FOCT26,TMCFGRNZM,08OCT2026,2300000.000000,5,OPTFUT,NCDEX,100.000000,250,False
TMCFGRNZM08OCT26PE17600FOCT26,TMCFGRNZM08OCT26PE17600FOCT26,TMCFGRNZM,08OCT2026,1760000.000000,5,OPTFUT,NCDEX,100.000000,250,False
TMCFGRNZM08OCT26PE19000FOCT26,TMCFGRNZM08OCT26PE19000FOCT26,TMCFGRNZM,08OCT2026,1900000.000000,5,OPTFUT,NCDEX,100.000000,250,False
TMCFGRNZM08OCT26PE19400FOCT26,TMCFGRNZM08OCT26PE19400FOCT26,TMCFGRNZM,08OCT2026,1940000.000000,5,OPTFUT,NCDEX,100.000000,250,False
TMCFGRNZM08OCT26PE19800FOCT26,TMCFGRNZM08OCT26PE19800FOCT26,TMCFGRNZM,08OCT2026,1980000.000000,5,OPTFUT,NCDEX,100.000000,250,False
TMCFGRNZM08OCT26PE20000FOCT26,TMCFGRNZM08OCT26PE20000FOCT26,TMCFGRNZM,08OCT2026,2000000.000000,5,OPTFUT,NCDEX,100.000000,250,False
TMCFGRNZM08OCT26PE21000FOCT26,TMCFGRNZM08OCT26PE21000FOCT26,TMCFGRNZM,08OCT2026,2100000.000000,5,OPTFUT,NCDEX,100.000000,250,False
TMCFGRNZM08OCT26PE22400FOCT26,TMCFGRNZM08OCT26PE22400FOCT26,TMCFGRNZM,08OCT2026,2240000.000000,5,OPTFUT,NCDEX,100.000000,250,False
TMCFGRNZM10DEC26CE15000FDEC26,TMCFGRNZM10DEC26CE15000FDEC26,TMCFGRNZM,10DEC2026,1500000.000000,5,OPTFUT,NCDEX,100.000000,250,False
TMCFGRNZM10DEC26CE19600FDEC26,TMCFGRNZM10DEC26CE19600FDEC26,TMCFGRNZM,10DEC2026,1960000.000000,5,OPTFUT,NCDEX,100.000000,250,False
TMCFGRNZM10DEC26CE20400FDEC26,TMCFGRNZM10DEC26CE20400FDEC26,TMCFGRNZM,10DEC2026,2040000.000000,5,OPTFUT,NCDEX,100.000000,250,False
TMCFGRNZM10DEC26CE21800FDEC26,TMCFGRNZM10DEC26CE21800FDEC26,TMCFGRNZM,10DEC2026,2180000.000000,5,OPTFUT,NCDEX,100.000000,250,False
TMCFGRNZM10DEC26PE15000FDEC26,TMCFGRNZM10DEC26PE15000FDEC26,TMCFGRNZM,10DEC2026,1500000.000000,5,OPTFUT,NCDEX,100.000000,250,False
TMCFGRNZM10DEC26PE16200FDEC26,TMCFGRNZM10DEC26PE16200FDEC26,TMCFGRNZM,10DEC2026,1620000.000000,5,OPTFUT,NCDEX,100.000000,250,False
TMCFGRNZM10DEC26PE19400FDEC26,TMCFGRNZM10DEC26PE19400FDEC26,TMCFGRNZM,10DEC2026,1940000.000000,5,OPTFUT,NCDEX,100.000000,250,False
TMCFGRNZM10DEC26PE22000FDEC26,TMCFGRNZM10DEC26PE22000FDEC26,TMCFGRNZM,10DEC2026,2200000.000000,5,OPTFUT,NCDEX,100.000000,250,False
TMCFGRNZM10DEC26PE22200FDEC26,TMCFGRNZM10DEC26PE22200FDEC26,TMCFGRNZM,10DEC2026,2220000.000000,5,OPTFUT,NCDEX,100.000000,250,False
TMCFGRNZM10DEC26PE22600FDEC26,TMCFGRNZM10DEC26PE22600FDEC26,TMCFGRNZM,10DEC2026,2260000.000000,5,OPTFUT,NCDEX,100.000000,250,False
YELLOWP18SEP2026,YELLOWP18SEP2026,YELLOWP,18SEP2026,-1.000000,5,FUTCOM,NCDEX,100.000000,500,False
BARLEYJPR20NOV2026,BARLEYJPR20NOV2026,BARLEYJPR,20NOV2026,-1.000000,10,FUTCOM,NCDEX,50.000000,500,False
CASTOROIL20NOV2026,CASTOROIL20NOV2026,CASTOROIL,20NOV2026,-1.000000,2,FUTCOM,NCDEX,50.000000,200,False
COCUDAKL20JAN2027,COCUDAKL20JAN2027,COCUDAKL,20JAN2027,-1.000000,10,FUTCOM,NCDEX,100.000000,500,False
DHANIYA09OCT26CE11900FOCT26,DHANIYA09OCT26CE11900FOCT26,DHANIYA,09OCT2026,1190000.000000,5,OPTFUT,NCDEX,100.000000,500,False
DHANIYA09OCT26CE11300FOCT26,DHANIYA09OCT26CE11300FOCT26,DHANIYA,09OCT2026,1130000.000000,5,OPTFUT,NCDEX,100.000000,500,False
DHANIYA09OCT26CE11700FOCT26,DHANIYA09OCT26CE11700FOCT26,DHANIYA,09OCT2026,1170000.000000,5,OPTFUT,NCDEX,100.000000,500,False
DHANIYA09OCT26CE12000FOCT26,DHANIYA09OCT26CE12000FOCT26,DHANIYA,09OCT2026,1200000.000000,5,OPTFUT,NCDEX,100.000000,500,False
DHANIYA09OCT26CE15400FOCT26,DHANIYA09OCT26CE15400FOCT26,DHANIYA,09OCT2026,1540000.000000,5,OPTFUT,NCDEX,100.000000,500,False
DHANIYA09OCT26CE16100FOCT26,DHANIYA09OCT26CE16100FOCT26,DHANIYA,09OCT2026,1610000.000000,5,OPTFUT,NCDEX,100.000000,500,False
DHANIYA09OCT26CE17400FOCT26,DHANIYA09OCT26CE17400FOCT26,DHANIYA,09OCT2026,1740000.000000,5,OPTFUT,NCDEX,100.000000,500,False
DHANIYA09OCT26PE12100FOCT26,DHANIYA09OCT26PE12100FOCT26,DHANIYA,09OCT2026,1210000.000000,5,OPTFUT,NCDEX,100.000000,500,False
DHANIYA09OCT26PE12200FOCT26,DHANIYA09OCT26PE12200FOCT26,DHANIYA,09OCT2026,1220000.000000,5,OPTFUT,NCDEX,100.000000,500,False
DHANIYA09OCT26PE13300FOCT26,DHANIYA09OCT26PE13300FOCT26,DHANIYA,09OCT2026,1330000.000000,5,OPTFUT,NCDEX,100.000000,500,False
DHANIYA09OCT26PE13800FOCT26,DHANIYA09OCT26PE13800FOCT26,DHANIYA,09OCT2026,1380000.000000,5,OPTFUT,NCDEX,100.000000,500,False
DHANIYA09OCT26PE14100FOCT26,DHANIYA09OCT26PE14100FOCT26,DHANIYA,09OCT2026,1410000.000000,5,OPTFUT,NCDEX,100.000000,500,False
DHANIYA09OCT26PE15200FOCT26,DHANIYA09OCT26PE15200FOCT26,DHANIYA,09OCT2026,1520000.000000,5,OPTFUT,NCDEX,100.000000,500,False
DHANIYA09OCT26PE15300FOCT26,DHANIYA09OCT26PE15300FOCT26,DHANIYA,09OCT2026,1530000.000000,5,OPTFUT,NCDEX,100.000000,500,False
DHANIYA09OCT26PE15400FOCT26,DHANIYA09OCT26PE15400FOCT26,DHANIYA,09OCT2026,1540000.000000,5,OPTFUT,NCDEX,100.000000,500,False
DHANIYA09OCT26PE16100FOCT26,DHANIYA09OCT26PE16100FOCT26,DHANIYA,09OCT2026,1610000.000000,5,OPTFUT,NCDEX,100.000000,500,False
DHANIYA10DEC26CE12200FDEC26,DHANIYA10DEC26CE12200FDEC26,DHANIYA,10DEC2026,1220000.000000,5,OPTFUT,NCDEX,100.000000,500,False
DHANIYA10DEC26CE13800FDEC26,DHANIYA10DEC26CE13800FDEC26,DHANIYA,10DEC2026,1380000.000000,5,OPTFUT,NCDEX,100.000000,500,False
DHANIYA10DEC26CE14500FDEC26,DHANIYA10DEC26CE14500FDEC26,DHANIYA,10DEC2026,1450000.000000,5,OPTFUT,NCDEX,100.000000,500,False
DHANIYA10DEC26CE15800FDEC26,DHANIYA10DEC26CE15800FDEC26,DHANIYA,10DEC2026,1580000.000000,5,OPTFUT,NCDEX,100.000000,500,False
DHANIYA10DEC26CE16200FDEC26,DHANIYA10DEC26CE16200FDEC26,DHANIYA,10DEC2026,1620000.000000,5,OPTFUT,NCDEX,100.000000,500,False
DHANIYA10DEC26CE16600FDEC26,DHANIYA10DEC26CE16600FDEC26,DHANIYA,10DEC2026,1660000.000000,5,OPTFUT,NCDEX,100.000000,500,False
DHANIYA10DEC26CE18000FDEC26,DHANIYA10DEC26CE18000FDEC26,DHANIYA,10DEC2026,1800000.000000,5,OPTFUT,NCDEX,100.000000,500,False
DHANIYA10DEC26PE12200FDEC26,DHANIYA10DEC26PE12200FDEC26,DHANIYA,10DEC2026,1220000.000000,5,OPTFUT,NCDEX,100.000000,500,False
DHANIYA10DEC26PE12400FDEC26,DHANIYA10DEC26PE12400FDEC26,DHANIYA,10DEC2026,1240000.000000,5,OPTFUT,NCDEX,100.000000,500,False
DHANIYA10DEC26PE12800FDEC26,DHANIYA10DEC26PE12800FDEC26,DHANIYA,10DEC2026,1280000.000000,5,OPTFUT,NCDEX,100.000000,500,False
DHANIYA10DEC26PE12900FDEC26,DHANIYA10DEC26PE12900FDEC26,DHANIYA,10DEC2026,1290000.000000,5,OPTFUT,NCDEX,100.000000,500,False
DHANIYA10DEC26PE14300FDEC26,DHANIYA10DEC26PE14300FDEC26,DHANIYA,10DEC2026,1430000.000000,5,OPTFUT,NCDEX,100.000000,500,False
DHANIYA10DEC26PE15200FDEC26,DHANIYA10DEC26PE15200FDEC26,DHANIYA,10DEC2026,1520000.000000,5,OPTFUT,NCDEX,100.000000,500,False
DHANIYA10DEC26PE16300FDEC26,DHANIYA10DEC26PE16300FDEC26,DHANIYA,10DEC2026,1630000.000000,5,OPTFUT,NCDEX,100.000000,500,False
DHANIYA10DEC26PE15700FDEC26,DHANIYA10DEC26PE15700FDEC26,DHANIYA,10DEC2026,1570000.000000,5,OPTFUT,NCDEX,100.000000,500,False
DHANIYA10DEC26PE16900FDEC26,DHANIYA10DEC26PE16900FDEC26,DHANIYA,10DEC2026,1690000.000000,5,OPTFUT,NCDEX,100.000000,500,False
DHANIYA10DEC26PE17700FDEC26,DHANIYA10DEC26PE17700FDEC26,DHANIYA,10DEC2026,1770000.000000,5,OPTFUT,NCDEX,100.000000,500,False
DHANIYA10DEC26PE18400FDEC26,DHANIYA10DEC26PE18400FDEC26,DHANIYA,10DEC2026,1840000.000000,5,OPTFUT,NCDEX,100.000000,500,False
DHANIYA12JAN27CE15000FJAN27,DHANIYA12JAN27CE15000FJAN27,DHANIYA,12JAN2027,1500000.000000,5,OPTFUT,NCDEX,100.000000,500,False
DHANIYA12JAN27CE16600FJAN27,DHANIYA12JAN27CE16600FJAN27,DHANIYA,12JAN2027,1660000.000000,5,OPTFUT,NCDEX,100.000000,500,False
DHANIYA12JAN27CE17400FJAN27,DHANIYA12JAN27CE17400FJAN27,DHANIYA,12JAN2027,1740000.000000,5,OPTFUT,NCDEX,100.000000,500,False
DHANIYA12JAN27CE17500FJAN27,DHANIYA12JAN27CE17500FJAN27,DHANIYA,12JAN2027,1750000.000000,5,OPTFUT,NCDEX,100.000000,500,False
DHANIYA12JAN27CE17800FJAN27,DHANIYA12JAN27CE17800FJAN27,DHANIYA,12JAN2027,1780000.000000,5,OPTFUT,NCDEX,100.000000,500,False
DHANIYA12JAN27PE15300FJAN27,DHANIYA12JAN27PE15300FJAN27,DHANIYA,12JAN2027,1530000.000000,5,OPTFUT,NCDEX,100.000000,500,False
DHANIYA12JAN27PE16000FJAN27,DHANIYA12JAN27PE16000FJAN27,DHANIYA,12JAN2027,1600000.000000,5,OPTFUT,NCDEX,100.000000,500,False
DHANIYA12JAN27PE16700FJAN27,DHANIYA12JAN27PE16700FJAN27,DHANIYA,12JAN2027,1670000.000000,5,OPTFUT,NCDEX,100.000000,500,False
DHANIYA12JAN27PE17000FJAN27,DHANIYA12JAN27PE17000FJAN27,DHANIYA,12JAN2027,1700000.000000,5,OPTFUT,NCDEX,100.000000,500,False
DHANIYA12JAN27PE17200FJAN27,DHANIYA12JAN27PE17200FJAN27,DHANIYA,12JAN2027,1720000.000000,5,OPTFUT,NCDEX,100.000000,500,False
DHANIYA12JAN27PE17300FJAN27,DHANIYA12JAN27PE17300FJAN27,DHANIYA,12JAN2027,1730000.000000,5,OPTFUT,NCDEX,100.000000,500,False
DHANIYA12JAN27PE17400FJAN27,DHANIYA12JAN27PE17400FJAN27,DHANIYA,12JAN2027,1740000.000000,5,OPTFUT,NCDEX,100.000000,500,False
DHANIYA12JAN27PE17800FJAN27,DHANIYA12JAN27PE17800FJAN27,DHANIYA,12JAN2027,1780000.000000,5,OPTFUT,NCDEX,100.000000,500,False
GROUNDNUT18SEP2026,GROUNDNUT18SEP2026,GROUNDNUT,18SEP2026,-1.000000,5,FUTCOM,NCDEX,100.000000,500,False
GUARGUM520NOV2026,GUARGUM520NOV2026,GUARGUM5,20NOV2026,-1.000000,5,FUTCOM,NCDEX,100.000000,250,False
GUARGUM524DEC26PE11200FJAN27,GUARGUM524DEC26PE11200FJAN27,GUARGUM5,24DEC2026,1120000.000000,5,OPTFUT,NCDEX,50.000000,250,False
GUARGUM524DEC26PE12000FJAN27,GUARGUM524DEC26PE12000FJAN27,GUARGUM5,24DEC2026,1200000.000000,5,OPTFUT,NCDEX,50.000000,250,False
GUARGUM524DEC26PE13200FJAN27,GUARGUM524DEC26PE13200FJAN27,GUARGUM5,24DEC2026,1320000.000000,5,OPTFUT,NCDEX,50.000000,250,False
GUARGUM525SEP26CE10000FOCT26,GUARGUM525SEP26CE10000FOCT26,GUARGUM5,25SEP2026,1000000.000000,5,OPTFUT,NCDEX,50.000000,250,False
GUARGUM525SEP26CE10600FOCT26,GUARGUM525SEP26CE10600FOCT26,GUARGUM5,25SEP2026,1060000.000000,5,OPTFUT,NCDEX,50.000000,250,False
GUARGUM525SEP26CE11400FOCT26,GUARGUM525SEP26CE11400FOCT26,GUARGUM5,25SEP2026,1140000.000000,5,OPTFUT,NCDEX,50.000000,250,False
GUARGUM525SEP26CE13600FOCT26,GUARGUM525SEP26CE13600FOCT26,GUARGUM5,25SEP2026,1360000.000000,5,OPTFUT,NCDEX,50.000000,250,False
GUARGUM525SEP26CE14600FOCT26,GUARGUM525SEP26CE14600FOCT26,GUARGUM5,25SEP2026,1460000.000000,5,OPTFUT,NCDEX,50.000000,250,False
GUARGUM525SEP26PE12000FOCT26,GUARGUM525SEP26PE12000FOCT26,GUARGUM5,25SEP2026,1200000.000000,5,OPTFUT,NCDEX,50.000000,250,False
GUARGUM525SEP26PE14600FOCT26,GUARGUM525SEP26PE14600FOCT26,GUARGUM5,25SEP2026,1460000.000000,5,OPTFUT,NCDEX,50.000000,250,False
GUARGUM525SEP26PE14800FOCT26,GUARGUM525SEP26PE14800FOCT26,GUARGUM5,25SEP2026,1480000.000000,5,OPTFUT,NCDEX,50.000000,250,False
GUARGUM525SEP26PE15200FOCT26,GUARGUM525SEP26PE15200FOCT26,GUARGUM5,25SEP2026,1520000.000000,5,OPTFUT,NCDEX,50.000000,250,False
GUARGUM525SEP26PE9800FOCT26,GUARGUM525SEP26PE9800FOCT26,GUARGUM5,25SEP2026,980000.000000,5,OPTFUT,NCDEX,50.000000,250,False
GUARGUM526FEB27CE11800FMAR27,GUARGUM526FEB27CE11800FMAR27,GUARGUM5,26FEB2027,1180000.000000,5,OPTFUT,NCDEX,50.000000,250,False
GUARGUM526FEB27CE15400FMAR27,GUARGUM526FEB27CE15400FMAR27,GUARGUM5,26FEB2027,1540000.000000,5,OPTFUT,NCDEX,50.000000,250,False
GUARGUM526FEB27PE11400FMAR27,GUARGUM526FEB27PE11400FMAR27,GUARGUM5,26FEB2027,1140000.000000,5,OPTFUT,NCDEX,50.000000,250,False
GUARGUM526FEB27PE13400FMAR27,GUARGUM526FEB27PE13400FMAR27,GUARGUM5,26FEB2027,1340000.000000,5,OPTFUT,NCDEX,50.000000,250,False
GUARGUM526FEB27PE14400FMAR27,GUARGUM526FEB27PE14400FMAR27,GUARGUM5,26FEB2027,1440000.000000,5,OPTFUT,NCDEX,50.000000,250,False
GUARGUM526FEB27PE15200FMAR27,GUARGUM526FEB27PE15200FMAR27,GUARGUM5,26FEB2027,1520000.000000,5,OPTFUT,NCDEX,50.000000,250,False
GUARGUM527NOV26CE12000FDEC26,GUARGUM527NOV26CE12000FDEC26,GUARGUM5,27NOV2026,1200000.000000,5,OPTFUT,NCDEX,50.000000,250,False
GUARGUM527NOV26CE13000FDEC26,GUARGUM527NOV26CE13000FDEC26,GUARGUM5,27NOV2026,1300000.000000,5,OPTFUT,NCDEX,50.000000,250,False
GUARGUM527NOV26PE11400FDEC26,GUARGUM527NOV26PE11400FDEC26,GUARGUM5,27NOV2026,1140000.000000,5,OPTFUT,NCDEX,50.000000,250,False
GUARGUM527NOV26PE12400FDEC26,GUARGUM527NOV26PE12400FDEC26,GUARGUM5,27NOV2026,1240000.000000,5,OPTFUT,NCDEX,50.000000,250,False
GUARGUM527NOV26PE15800FDEC26,GUARGUM527NOV26PE15800FDEC26,GUARGUM5,27NOV2026,1580000.000000,5,OPTFUT,NCDEX,50.000000,250,False
GUARGUM529JAN27CE10400FFEB27,GUARGUM529JAN27CE10400FFEB27,GUARGUM5,29JAN2027,1040000.000000,5,OPTFUT,NCDEX,50.000000,250,False
GUARGUM529JAN27CE11800FFEB27,GUARGUM529JAN27CE11800FFEB27,GUARGUM5,29JAN2027,1180000.000000,5,OPTFUT,NCDEX,50.000000,250,False
GUARGUM529JAN27CE14200FFEB27,GUARGUM529JAN27CE14200FFEB27,GUARGUM5,29JAN2027,1420000.000000,5,OPTFUT,NCDEX,50.000000,250,False
GUARGUM529JAN27PE10800FFEB27,GUARGUM529JAN27PE10800FFEB27,GUARGUM5,29JAN2027,1080000.000000,5,OPTFUT,NCDEX,50.000000,250,False
GUARGUM529JAN27PE11600FFEB27,GUARGUM529JAN27PE11600FFEB27,GUARGUM5,29JAN2027,1160000.000000,5,OPTFUT,NCDEX,50.000000,250,False
GUARGUM529JAN27PE13000FFEB27,GUARGUM529JAN27PE13000FFEB27,GUARGUM5,29JAN2027,1300000.000000,5,OPTFUT,NCDEX,50.000000,250,False
GUARGUM530OCT26CE10000FNOV26,GUARGUM530OCT26CE10000FNOV26,GUARGUM5,30OCT2026,1000000.000000,5,OPTFUT,NCDEX,50.000000,250,False
GUARGUM530OCT26CE10800FNOV26,GUARGUM530OCT26CE10800FNOV26,GUARGUM5,30OCT2026,1080000.000000,5,OPTFUT,NCDEX,50.000000,250,False
GUARGUM530OCT26CE12600FNOV26,GUARGUM530OCT26CE12600FNOV26,GUARGUM5,30OCT2026,1260000.000000,5,OPTFUT,NCDEX,50.000000,250,False
GUARGUM530OCT26PE11400FNOV26,GUARGUM530OCT26PE11400FNOV26,GUARGUM5,30OCT2026,1140000.000000,5,OPTFUT,NCDEX,50.000000,250,False
GUARGUM530OCT26PE9400FNOV26,GUARGUM530OCT26PE9400FNOV26,GUARGUM5,30OCT2026,940000.000000,5,OPTFUT,NCDEX,50.000000,250,False
GUARKORMA20NOV2026,GUARKORMA20NOV2026,GUARKORMA,20NOV2026,-1.000000,5,FUTCOM,NCDEX,100.000000,500,False
GUARSEED1018DEC2026,GUARSEED1018DEC2026,GUARSEED10,18DEC2026,-1.000000,5,FUTCOM,NCDEX,100.000000,500,False
GUARSEED1019FEB2027,GUARSEED1019FEB2027,GUARSEED10,19FEB2027,-1.000000,5,FUTCOM,NCDEX,100.000000,500,False
GUARSEED1024DEC26CE6000FJAN27,GUARSEED1024DEC26CE6000FJAN27,GUARSEED10,24DEC2026,600000.000000,5,OPTFUT,NCDEX,50.000000,500,False
GUARSEED1024DEC26CE6200FJAN27,GUARSEED1024DEC26CE6200FJAN27,GUARSEED10,24DEC2026,620000.000000,5,OPTFUT,NCDEX,50.000000,500,False
GUARSEED1024DEC26PE5800FJAN27,GUARSEED1024DEC26PE5800FJAN27,GUARSEED10,24DEC2026,580000.000000,5,OPTFUT,NCDEX,50.000000,500,False
GUARSEED1024DEC26PE6200FJAN27,GUARSEED1024DEC26PE6200FJAN27,GUARSEED10,24DEC2026,620000.000000,5,OPTFUT,NCDEX,50.000000,500,False
GUARSEED1024DEC26PE6600FJAN27,GUARSEED1024DEC26PE6600FJAN27,GUARSEED10,24DEC2026,660000.000000,5,OPTFUT,NCDEX,50.000000,500,False
GUARSEED1024DEC26PE6700FJAN27,GUARSEED1024DEC26PE6700FJAN27,GUARSEED10,24DEC2026,670000.000000,5,OPTFUT,NCDEX,50.000000,500,False
GUARSEED1025SEP26CE5300FOCT26,GUARSEED1025SEP26CE5300FOCT26,GUARSEED10,25SEP2026,530000.000000,5,OPTFUT,NCDEX,50.000000,500,False
GUARSEED1025SEP26CE5500FOCT26,GUARSEED1025SEP26CE5500FOCT26,GUARSEED10,25SEP2026,550000.000000,5,OPTFUT,NCDEX,50.000000,500,False
GUARSEED1025SEP26CE6900FOCT26,GUARSEED1025SEP26CE6900FOCT26,GUARSEED10,25SEP2026,690000.000000,5,OPTFUT,NCDEX,50.000000,500,False
GUARSEED1025SEP26CE7300FOCT26,GUARSEED1025SEP26CE7300FOCT26,GUARSEED10,25SEP2026,730000.000000,5,OPTFUT,NCDEX,50.000000,500,False
GUARSEED1025SEP26CE7400FOCT26,GUARSEED1025SEP26CE7400FOCT26,GUARSEED10,25SEP2026,740000.000000,5,OPTFUT,NCDEX,50.000000,500,False
GUARSEED1025SEP26PE5100FOCT26,GUARSEED1025SEP26PE5100FOCT26,GUARSEED10,25SEP2026,510000.000000,5,OPTFUT,NCDEX,50.000000,500,False
GUARSEED1025SEP26PE7400FOCT26,GUARSEED1025SEP26PE7400FOCT26,GUARSEED10,25SEP2026,740000.000000,5,OPTFUT,NCDEX,50.000000,500,False
GUARSEED1026FEB27CE6400FMAR27,GUARSEED1026FEB27CE6400FMAR27,GUARSEED10,26FEB2027,640000.000000,5,OPTFUT,NCDEX,50.000000,500,False
GUARSEED1026FEB27CE6900FMAR27,GUARSEED1026FEB27CE6900FMAR27,GUARSEED10,26FEB2027,690000.000000,5,OPTFUT,NCDEX,50.000000,500,False
GUARSEED1026FEB27CE7300FMAR27,GUARSEED1026FEB27CE7300FMAR27,GUARSEED10,26FEB2027,730000.000000,5,OPTFUT,NCDEX,50.000000,500,False
GUARSEED1027NOV26CE5400FDEC26,GUARSEED1027NOV26CE5400FDEC26,GUARSEED10,27NOV2026,540000.000000,5,OPTFUT,NCDEX,50.000000,500,False
GUARSEED1027NOV26CE5500FDEC26,GUARSEED1027NOV26CE5500FDEC26,GUARSEED10,27NOV2026,550000.000000,5,OPTFUT,NCDEX,50.000000,500,False
GUARSEED1027NOV26CE7000FDEC26,GUARSEED1027NOV26CE7000FDEC26,GUARSEED10,27NOV2026,700000.000000,5,OPTFUT,NCDEX,50.000000,500,False
GUARSEED1027NOV26PE5700FDEC26,GUARSEED1027NOV26PE5700FDEC26,GUARSEED10,27NOV2026,570000.000000,5,OPTFUT,NCDEX,50.000000,500,False
GUARSEED1027NOV26PE5900FDEC26,GUARSEED1027NOV26PE5900FDEC26,GUARSEED10,27NOV2026,590000.000000,5,OPTFUT,NCDEX,50.000000,500,False
GUARSEED1027NOV26PE7100FDEC26,GUARSEED1027NOV26PE7100FDEC26,GUARSEED10,27NOV2026,710000.000000,5,OPTFUT,NCDEX,50.000000,500,False
GUARSEED1029JAN27CE6600FFEB27,GUARSEED1029JAN27CE6600FFEB27,GUARSEED10,29JAN2027,660000.000000,5,OPTFUT,NCDEX,50.000000,500,False
GUARSEED1029JAN27PE5600FFEB27,GUARSEED1029JAN27PE5600FFEB27,GUARSEED10,29JAN2027,560000.000000,5,OPTFUT,NCDEX,50.000000,500,False
GUARSEED1029JAN27PE6000FFEB27,GUARSEED1029JAN27PE6000FFEB27,GUARSEED10,29JAN2027,600000.000000,5,OPTFUT,NCDEX,50.000000,500,False
GUARSEED1029JAN27PE6500FFEB27,GUARSEED1029JAN27PE6500FFEB27,GUARSEED10,29JAN2027,650000.000000,5,OPTFUT,NCDEX,50.000000,500,False
GUARSEED1030OCT26CE6000FNOV26,GUARSEED1030OCT26CE6000FNOV26,GUARSEED10,30OCT2026,600000.000000,5,OPTFUT,NCDEX,50.000000,500,False
GUARSEED1030OCT26CE6500FNOV26,GUARSEED1030OCT26CE6500FNOV26,GUARSEED10,30OCT2026,650000.000000,5,OPTFUT,NCDEX,50.000000,500,False
GUARSEED1030OCT26CE6900FNOV26,GUARSEED1030OCT26CE6900FNOV26,GUARSEED10,30OCT2026,690000.000000,5,OPTFUT,NCDEX,50.000000,500,False
GUARSEED1030OCT26CE7700FNOV26,GUARSEED1030OCT26CE7700FNOV26,GUARSEED10,30OCT2026,770000.000000,5,OPTFUT,NCDEX,50.000000,500,False
GUARSEED1030OCT26PE6500FNOV26,GUARSEED1030OCT26PE6500FNOV26,GUARSEED10,30OCT2026,650000.000000,5,OPTFUT,NCDEX,50.000000,500,False
GUARSEED1030OCT26PE7000FNOV26,GUARSEED1030OCT26PE7000FNOV26,GUARSEED10,30OCT2026,700000.000000,5,OPTFUT,NCDEX,50.000000,500,False
GUARSEED1030OCT26PE7300FNOV26,GUARSEED1030OCT26PE7300FNOV26,GUARSEED10,30OCT2026,730000.000000,5,OPTFUT,NCDEX,50.000000,500,False
JEERAUNJHA,JEERAUNJHA,JEERAUNJHA,,-1.000000,3,COMDTY,NCDEX,500.000000,150,False
JEERAUNJHA09OCT26CE16000FOCT26,JEERAUNJHA09OCT26CE16000FOCT26,JEERAUNJHA,09OCT2026,1600000.000000,3,OPTFUT,NCDEX,200.000000,150,False
JEERAUNJHA09OCT26CE20400FOCT26,JEERAUNJHA09OCT26CE20400FOCT26,JEERAUNJHA,09OCT2026,2040000.000000,3,OPTFUT,NCDEX,200.000000,150,False
JEERAUNJHA09OCT26PE18800FOCT26,JEERAUNJHA09OCT26PE18800FOCT26,JEERAUNJHA,09OCT2026,1880000.000000,3,OPTFUT,NCDEX,200.000000,150,False
JEERAUNJHA10DEC26PE24800FDEC26,JEERAUNJHA10DEC26PE24800FDEC26,JEERAUNJHA,10DEC2026,2480000.000000,3,OPTFUT,NCDEX,200.000000,150,False
JEERAUNJHA10DEC26PE26800FDEC26,JEERAUNJHA10DEC26PE26800FDEC26,JEERAUNJHA,10DEC2026,2680000.000000,3,OPTFUT,NCDEX,200.000000,150,False
JEERAUNJHA12JAN27CE19200FJAN27,JEERAUNJHA12JAN27CE19200FJAN27,JEERAUNJHA,12JAN2027,1920000.000000,3,OPTFUT,NCDEX,200.000000,150,False
JEERAUNJHA12JAN27CE22000FJAN27,JEERAUNJHA12JAN27CE22000FJAN27,JEERAUNJHA,12JAN2027,2200000.000000,3,OPTFUT,NCDEX,200.000000,150,False
JEERAUNJHA12JAN27PE23200FJAN27,JEERAUNJHA12JAN27PE23200FJAN27,JEERAUNJHA,12JAN2027,2320000.000000,3,OPTFUT,NCDEX,200.000000,150,False
JEERAUNJHA12JAN27PE24000FJAN27,JEERAUNJHA12JAN27PE24000FJAN27,JEERAUNJHA,12JAN2027,2400000.000000,3,OPTFUT,NCDEX,200.000000,150,False
JEERAUNJHA12JAN27PE27600FJAN27,JEERAUNJHA12JAN27PE27600FJAN27,JEERAUNJHA,12JAN2027,2760000.000000,3,OPTFUT,NCDEX,200.000000,150,False
JEERAUNJHA12NOV26CE21200FNOV26,JEERAUNJHA12NOV26CE21200FNOV26,JEERAUNJHA,12NOV2026,2120000.000000,3,OPTFUT,NCDEX,200.000000,150,False
JEERAUNJHA12NOV26CE22000FNOV26,JEERAUNJHA12NOV26CE22000FNOV26,JEERAUNJHA,12NOV2026,2200000.000000,3,OPTFUT,NCDEX,200.000000,150,False
JEERAUNJHA12NOV26CE22400FNOV26,JEERAUNJHA12NOV26CE22400FNOV26,JEERAUNJHA,12NOV2026,2240000.000000,3,OPTFUT,NCDEX,200.000000,150,False
JEERAUNJHA12NOV26CE23600FNOV26,JEERAUNJHA12NOV26CE23600FNOV26,JEERAUNJHA,12NOV2026,2360000.000000,3,OPTFUT,NCDEX,200.000000,150,False
JEERAUNJHA12NOV26PE17600FNOV26,JEERAUNJHA12NOV26PE17600FNOV26,JEERAUNJHA,12NOV2026,1760000.000000,3,OPTFUT,NCDEX,200.000000,150,False
JEERAUNJHA12NOV26PE18800FNOV26,JEERAUNJHA12NOV26PE18800FNOV26,JEERAUNJHA,12NOV2026,1880000.000000,3,OPTFUT,NCDEX,200.000000,150,False
JEERAUNJHA12NOV26PE21200FNOV26,JEERAUNJHA12NOV26PE21200FNOV26,JEERAUNJHA,12NOV2026,2120000.000000,3,OPTFUT,NCDEX,200.000000,150,False
PEPPER18SEP2026,PEPPER18SEP2026,PEPPER,18SEP2026,-1.000000,1,FUTCOM,NCDEX,10.000000,50,False
SESAMESEED19OCT2026,SESAMESEED19OCT2026,SESAMESEED,19OCT2026,-1.000000,5,FUTCOM,NCDEX,500.000000,250,False
TMCFGRNZM08OCT26CE15400FOCT26,TMCFGRNZM08OCT26CE15400FOCT26,TMCFGRNZM,08OCT2026,1540000.000000,5,OPTFUT,NCDEX,100.000000,250,False
TMCFGRNZM08OCT26CE15600FOCT26,TMCFGRNZM08OCT26CE15600FOCT26,TMCFGRNZM,08OCT2026,1560000.000000,5,OPTFUT,NCDEX,100.000000,250,False
TMCFGRNZM08OCT26CE16200FOCT26,TMCFGRNZM08OCT26CE16200FOCT26,TMCFGRNZM,08OCT2026,1620000.000000,5,OPTFUT,NCDEX,100.000000,250,False
TMCFGRNZM08OCT26CE17200FOCT26,TMCFGRNZM08OCT26CE17200FOCT26,TMCFGRNZM,08OCT2026,1720000.000000,5,OPTFUT,NCDEX,100.000000,250,False
TMCFGRNZM08OCT26CE18000FOCT26,TMCFGRNZM08OCT26CE18000FOCT26,TMCFGRNZM,08OCT2026,1800000.000000,5,OPTFUT,NCDEX,100.000000,250,False
TMCFGRNZM08OCT26CE18800FOCT26,TMCFGRNZM08OCT26CE18800FOCT26,TMCFGRNZM,08OCT2026,1880000.000000,5,OPTFUT,NCDEX,100.000000,250,False
TMCFGRNZM08OCT26PE14800FOCT26,TMCFGRNZM08OCT26PE14800FOCT26,TMCFGRNZM,08OCT2026,1480000.000000,5,OPTFUT,NCDEX,100.000000,250,False
TMCFGRNZM08OCT26PE16000FOCT26,TMCFGRNZM08OCT26PE16000FOCT26,TMCFGRNZM,08OCT2026,1600000.000000,5,OPTFUT,NCDEX,100.000000,250,False
TMCFGRNZM08OCT26PE16600FOCT26,TMCFGRNZM08OCT26PE16600FOCT26,TMCFGRNZM,08OCT2026,1660000.000000,5,OPTFUT,NCDEX,100.000000,250,False
TMCFGRNZM08OCT26PE18800FOCT26,TMCFGRNZM08OCT26PE18800FOCT26,TMCFGRNZM,08OCT2026,1880000.000000,5,OPTFUT,NCDEX,100.000000,250,False
TMCFGRNZM08OCT26PE22000FOCT26,TMCFGRNZM08OCT26PE22000FOCT26,TMCFGRNZM,08OCT2026,2200000.000000,5,OPTFUT,NCDEX,100.000000,250,False
TMCFGRNZM10DEC26CE14800FDEC26,TMCFGRNZM10DEC26CE14800FDEC26,TMCFGRNZM,10DEC2026,1480000.000000,5,OPTFUT,NCDEX,100.000000,250,False
TMCFGRNZM10DEC26CE17200FDEC26,TMCFGRNZM10DEC26CE17200FDEC26,TMCFGRNZM,10DEC2026,1720000.000000,5,OPTFUT,NCDEX,100.000000,250,False
TMCFGRNZM10DEC26CE18000FDEC26,TMCFGRNZM10DEC26CE18000FDEC26,TMCFGRNZM,10DEC2026,1800000.000000,5,OPTFUT,NCDEX,100.000000,250,False
TMCFGRNZM10DEC26CE18200FDEC26,TMCFGRNZM10DEC26CE18200FDEC26,TMCFGRNZM,10DEC2026,1820000.000000,5,OPTFUT,NCDEX,100.000000,250,False
TMCFGRNZM10DEC26CE18800FDEC26,TMCFGRNZM10DEC26CE18800FDEC26,TMCFGRNZM,10DEC2026,1880000.000000,5,OPTFUT,NCDEX,100.000000,250,False
TMCFGRNZM10DEC26CE19200FDEC26,TMCFGRNZM10DEC26CE19200FDEC26,TMCFGRNZM,10DEC2026,1920000.000000,5,OPTFUT,NCDEX,100.000000,250,False
TMCFGRNZM10DEC26PE15400FDEC26,TMCFGRNZM10DEC26PE15400FDEC26,TMCFGRNZM,10DEC2026,1540000.000000,5,OPTFUT,NCDEX,100.000000,250,False
TMCFGRNZM10DEC26PE15800FDEC26,TMCFGRNZM10DEC26PE15800FDEC26,TMCFGRNZM,10DEC2026,1580000.000000,5,OPTFUT,NCDEX,100.000000,250,False
TMCFGRNZM10DEC26PE18600FDEC26,TMCFGRNZM10DEC26PE18600FDEC26,TMCFGRNZM,10DEC2026,1860000.000000,5,OPTFUT,NCDEX,100.000000,250,False
TMCFGRNZM10DEC26PE20400FDEC26,TMCFGRNZM10DEC26PE20400FDEC26,TMCFGRNZM,10DEC2026,2040000.000000,5,OPTFUT,NCDEX,100.000000,250,False
TMCFGRNZM10DEC26PE23000FDEC26,TMCFGRNZM10DEC26PE23000FDEC26,TMCFGRNZM,10DEC2026,2300000.000000,5,OPTFUT,NCDEX,100.000000,250,False
BAJRA20NOV2026,BAJRA20NOV2026,BAJRA,20NOV2026,-1.000000,10,FUTCOM,NCDEX,100.000000,500,False
BARLEYJPR18DEC2026,BARLEYJPR18DEC2026,BARLEYJPR,18DEC2026,-1.000000,10,FUTCOM,NCDEX,50.000000,500,False
BARLEYJPR20JAN2027,BARLEYJPR20JAN2027,BARLEYJPR,20JAN2027,-1.000000,10,FUTCOM,NCDEX,50.000000,500,False
COTTON19OCT2026,COTTON19OCT2026,COTTON,19OCT2026,-1.000000,1,FUTCOM,NCDEX,1000.000000,50,False
DHANIYA09OCT26CE12100FOCT26,DHANIYA09OCT26CE12100FOCT26,DHANIYA,09OCT2026,1210000.000000,5,OPTFUT,NCDEX,100.000000,500,False
DHANIYA09OCT26CE13100FOCT26,DHANIYA09OCT26CE13100FOCT26,DHANIYA,09OCT2026,1310000.000000,5,OPTFUT,NCDEX,100.000000,500,False
DHANIYA09OCT26CE16000FOCT26,DHANIYA09OCT26CE16000FOCT26,DHANIYA,09OCT2026,1600000.000000,5,OPTFUT,NCDEX,100.000000,500,False
DHANIYA09OCT26CE17700FOCT26,DHANIYA09OCT26CE17700FOCT26,DHANIYA,09OCT2026,1770000.000000,5,OPTFUT,NCDEX,100.000000,500,False
DHANIYA09OCT26PE11400FOCT26,DHANIYA09OCT26PE11400FOCT26,DHANIYA,09OCT2026,1140000.000000,5,OPTFUT,NCDEX,100.000000,500,False
DHANIYA09OCT26PE15600FOCT26,DHANIYA09OCT26PE15600FOCT26,DHANIYA,09OCT2026,1560000.000000,5,OPTFUT,NCDEX,100.000000,500,False
DHANIYA09OCT26PE16600FOCT26,DHANIYA09OCT26PE16600FOCT26,DHANIYA,09OCT2026,1660000.000000,5,OPTFUT,NCDEX,100.000000,500,False
DHANIYA09OCT26PE17400FOCT26,DHANIYA09OCT26PE17400FOCT26,DHANIYA,09OCT2026,1740000.000000,5,OPTFUT,NCDEX,100.000000,500,False
DHANIYA10DEC26CE12100FDEC26,DHANIYA10DEC26CE12100FDEC26,DHANIYA,10DEC2026,1210000.000000,5,OPTFUT,NCDEX,100.000000,500,False
DHANIYA10DEC26CE12600FDEC26,DHANIYA10DEC26CE12600FDEC26,DHANIYA,10DEC2026,1260000.000000,5,OPTFUT,NCDEX,100.000000,500,False
DHANIYA10DEC26CE12900FDEC26,DHANIYA10DEC26CE12900FDEC26,DHANIYA,10DEC2026,1290000.000000,5,OPTFUT,NCDEX,100.000000,500,False
DHANIYA10DEC26CE14400FDEC26,DHANIYA10DEC26CE14400FDEC26,DHANIYA,10DEC2026,1440000.000000,5,OPTFUT,NCDEX,100.000000,500,False
DHANIYA10DEC26CE15100FDEC26,DHANIYA10DEC26CE15100FDEC26,DHANIYA,10DEC2026,1510000.000000,5,OPTFUT,NCDEX,100.000000,500,False
DHANIYA10DEC26CE16000FDEC26,DHANIYA10DEC26CE16000FDEC26,DHANIYA,10DEC2026,1600000.000000,5,OPTFUT,NCDEX,100.000000,500,False
DHANIYA10DEC26CE17700FDEC26,DHANIYA10DEC26CE17700FDEC26,DHANIYA,10DEC2026,1770000.000000,5,OPTFUT,NCDEX,100.000000,500,False
DHANIYA10DEC26CE18200FDEC26,DHANIYA10DEC26CE18200FDEC26,DHANIYA,10DEC2026,1820000.000000,5,OPTFUT,NCDEX,100.000000,500,False
DHANIYA10DEC26PE12100FDEC26,DHANIYA10DEC26PE12100FDEC26,DHANIYA,10DEC2026,1210000.000000,5,OPTFUT,NCDEX,100.000000,500,False
DHANIYA10DEC26PE12300FDEC26,DHANIYA10DEC26PE12300FDEC26,DHANIYA,10DEC2026,1230000.000000,5,OPTFUT,NCDEX,100.000000,500,False
DHANIYA10DEC26PE12500FDEC26,DHANIYA10DEC26PE12500FDEC26,DHANIYA,10DEC2026,1250000.000000,5,OPTFUT,NCDEX,100.000000,500,False
DHANIYA10DEC26PE12700FDEC26,DHANIYA10DEC26PE12700FDEC26,DHANIYA,10DEC2026,1270000.000000,5,OPTFUT,NCDEX,100.000000,500,False
DHANIYA10DEC26PE13700FDEC26,DHANIYA10DEC26PE13700FDEC26,DHANIYA,10DEC2026,1370000.000000,5,OPTFUT,NCDEX,100.000000,500,False
DHANIYA10DEC26PE14900FDEC26,DHANIYA10DEC26PE14900FDEC26,DHANIYA,10DEC2026,1490000.000000,5,OPTFUT,NCDEX,100.000000,500,False
DHANIYA10DEC26PE14200FDEC26,DHANIYA10DEC26PE14200FDEC26,DHANIYA,10DEC2026,1420000.000000,5,OPTFUT,NCDEX,100.000000,500,False
DHANIYA10DEC26PE14700FDEC26,DHANIYA10DEC26PE14700FDEC26,DHANIYA,10DEC2026,1470000.000000,5,OPTFUT,NCDEX,100.000000,500,False
DHANIYA10DEC26PE16000FDEC26,DHANIYA10DEC26PE16000FDEC26,DHANIYA,10DEC2026,1600000.000000,5,OPTFUT,NCDEX,100.000000,500,False
DHANIYA10DEC26PE16700FDEC26,DHANIYA10DEC26PE16700FDEC26,DHANIYA,10DEC2026,1670000.000000,5,OPTFUT,NCDEX,100.000000,500,False
DHANIYA10DEC26PE17100FDEC26,DHANIYA10DEC26PE17100FDEC26,DHANIYA,10DEC2026,1710000.000000,5,OPTFUT,NCDEX,100.000000,500,False
DHANIYA10DEC26PE17200FDEC26,DHANIYA10DEC26PE17200FDEC26,DHANIYA,10DEC2026,1720000.000000,5,OPTFUT,NCDEX,100.000000,500,False
DHANIYA10DEC26PE18200FDEC26,DHANIYA10DEC26PE18200FDEC26,DHANIYA,10DEC2026,1820000.000000,5,OPTFUT,NCDEX,100.000000,500,False
DHANIYA12JAN27CE14800FJAN27,DHANIYA12JAN27CE14800FJAN27,DHANIYA,12JAN2027,1480000.000000,5,OPTFUT,NCDEX,100.000000,500,False
DHANIYA12JAN27PE15600FJAN27,DHANIYA12JAN27PE15600FJAN27,DHANIYA,12JAN2027,1560000.000000,5,OPTFUT,NCDEX,100.000000,500,False
DHANIYA12JAN27PE15900FJAN27,DHANIYA12JAN27PE15900FJAN27,DHANIYA,12JAN2027,1590000.000000,5,OPTFUT,NCDEX,100.000000,500,False
DHANIYA12JAN27PE17900FJAN27,DHANIYA12JAN27PE17900FJAN27,DHANIYA,12JAN2027,1790000.000000,5,OPTFUT,NCDEX,100.000000,500,False
DHANIYA12JAN27PE18100FJAN27,DHANIYA12JAN27PE18100FJAN27,DHANIYA,12JAN2027,1810000.000000,5,OPTFUT,NCDEX,100.000000,500,False
DHANIYA18DEC2026,DHANIYA18DEC2026,DHANIYA,18DEC2026,-1.000000,5,FUTCOM,NCDEX,200.000000,500,False
GROUNDNUT19OCT2026,GROUNDNUT19OCT2026,GROUNDNUT,19OCT2026,-1.000000,5,FUTCOM,NCDEX,100.000000,500,False
GROUNDNUT20NOV2026,GROUNDNUT20NOV2026,GROUNDNUT,20NOV2026,-1.000000,5,FUTCOM,NCDEX,100.000000,500,False
GUARGUM524DEC26CE13000FJAN27,GUARGUM524DEC26CE13000FJAN27,GUARGUM5,24DEC2026,1300000.000000,5,OPTFUT,NCDEX,50.000000,250,False
GUARGUM524DEC26CE13600FJAN27,GUARGUM524DEC26CE13600FJAN27,GUARGUM5,24DEC2026,1360000.000000,5,OPTFUT,NCDEX,50.000000,250,False
GUARGUM524DEC26PE10600FJAN27,GUARGUM524DEC26PE10600FJAN27,GUARGUM5,24DEC2026,1060000.000000,5,OPTFUT,NCDEX,50.000000,250,False
GUARGUM524DEC26PE11400FJAN27,GUARGUM524DEC26PE11400FJAN27,GUARGUM5,24DEC2026,1140000.000000,5,OPTFUT,NCDEX,50.000000,250,False
GUARGUM524DEC26PE12200FJAN27,GUARGUM524DEC26PE12200FJAN27,GUARGUM5,24DEC2026,1220000.000000,5,OPTFUT,NCDEX,50.000000,250,False
GUARGUM525SEP26CE11600FOCT26,GUARGUM525SEP26CE11600FOCT26,GUARGUM5,25SEP2026,1160000.000000,5,OPTFUT,NCDEX,50.000000,250,False
GUARGUM525SEP26CE13000FOCT26,GUARGUM525SEP26CE13000FOCT26,GUARGUM5,25SEP2026,1300000.000000,5,OPTFUT,NCDEX,50.000000,250,False
GUARGUM525SEP26CE13200FOCT26,GUARGUM525SEP26CE13200FOCT26,GUARGUM5,25SEP2026,1320000.000000,5,OPTFUT,NCDEX,50.000000,250,False
GUARGUM525SEP26CE14000FOCT26,GUARGUM525SEP26CE14000FOCT26,GUARGUM5,25SEP2026,1400000.000000,5,OPTFUT,NCDEX,50.000000,250,False
GUARGUM525SEP26CE14800FOCT26,GUARGUM525SEP26CE14800FOCT26,GUARGUM5,25SEP2026,1480000.000000,5,OPTFUT,NCDEX,50.000000,250,False
GUARGUM525SEP26PE13000FOCT26,GUARGUM525SEP26PE13000FOCT26,GUARGUM5,25SEP2026,1300000.000000,5,OPTFUT,NCDEX,50.000000,250,False
GUARGUM525SEP26PE14200FOCT26,GUARGUM525SEP26PE14200FOCT26,GUARGUM5,25SEP2026,1420000.000000,5,OPTFUT,NCDEX,50.000000,250,False
GUARGUM525SEP26PE9200FOCT26,GUARGUM525SEP26PE9200FOCT26,GUARGUM5,25SEP2026,920000.000000,5,OPTFUT,NCDEX,50.000000,250,False
GUARGUM526FEB27CE13800FMAR27,GUARGUM526FEB27CE13800FMAR27,GUARGUM5,26FEB2027,1380000.000000,5,OPTFUT,NCDEX,50.000000,250,False
GUARGUM526FEB27CE16000FMAR27,GUARGUM526FEB27CE16000FMAR27,GUARGUM5,26FEB2027,1600000.000000,5,OPTFUT,NCDEX,50.000000,250,False
GUARGUM526FEB27PE11800FMAR27,GUARGUM526FEB27PE11800FMAR27,GUARGUM5,26FEB2027,1180000.000000,5,OPTFUT,NCDEX,50.000000,250,False
GUARGUM526FEB27PE12400FMAR27,GUARGUM526FEB27PE12400FMAR27,GUARGUM5,26FEB2027,1240000.000000,5,OPTFUT,NCDEX,50.000000,250,False
GUARGUM526FEB27PE13000FMAR27,GUARGUM526FEB27PE13000FMAR27,GUARGUM5,26FEB2027,1300000.000000,5,OPTFUT,NCDEX,50.000000,250,False
GUARGUM526FEB27PE14600FMAR27,GUARGUM526FEB27PE14600FMAR27,GUARGUM5,26FEB2027,1460000.000000,5,OPTFUT,NCDEX,50.000000,250,False
GUARGUM527NOV26CE10200FDEC26,GUARGUM527NOV26CE10200FDEC26,GUARGUM5,27NOV2026,1020000.000000,5,OPTFUT,NCDEX,50.000000,250,False
GUARGUM527NOV26CE11600FDEC26,GUARGUM527NOV26CE11600FDEC26,GUARGUM5,27NOV2026,1160000.000000,5,OPTFUT,NCDEX,50.000000,250,False
GUARGUM527NOV26CE11800FDEC26,GUARGUM527NOV26CE11800FDEC26,GUARGUM5,27NOV2026,1180000.000000,5,OPTFUT,NCDEX,50.000000,250,False
GUARGUM527NOV26CE12400FDEC26,GUARGUM527NOV26CE12400FDEC26,GUARGUM5,27NOV2026,1240000.000000,5,OPTFUT,NCDEX,50.000000,250,False
GUARGUM527NOV26CE13400FDEC26,GUARGUM527NOV26CE13400FDEC26,GUARGUM5,27NOV2026,1340000.000000,5,OPTFUT,NCDEX,50.000000,250,False
GUARGUM527NOV26CE14000FDEC26,GUARGUM527NOV26CE14000FDEC26,GUARGUM5,27NOV2026,1400000.000000,5,OPTFUT,NCDEX,50.000000,250,False
GUARGUM527NOV26PE10200FDEC26,GUARGUM527NOV26PE10200FDEC26,GUARGUM5,27NOV2026,1020000.000000,5,OPTFUT,NCDEX,50.000000,250,False
GUARGUM527NOV26PE11200FDEC26,GUARGUM527NOV26PE11200FDEC26,GUARGUM5,27NOV2026,1120000.000000,5,OPTFUT,NCDEX,50.000000,250,False
GUARGUM529JAN27CE12400FFEB27,GUARGUM529JAN27CE12400FFEB27,GUARGUM5,29JAN2027,1240000.000000,5,OPTFUT,NCDEX,50.000000,250,False
GUARGUM529JAN27CE13600FFEB27,GUARGUM529JAN27CE13600FFEB27,GUARGUM5,29JAN2027,1360000.000000,5,OPTFUT,NCDEX,50.000000,250,False
GUARGUM529JAN27CE15200FFEB27,GUARGUM529JAN27CE15200FFEB27,GUARGUM5,29JAN2027,1520000.000000,5,OPTFUT,NCDEX,50.000000,250,False
GUARGUM529JAN27CE15600FFEB27,GUARGUM529JAN27CE15600FFEB27,GUARGUM5,29JAN2027,1560000.000000,5,OPTFUT,NCDEX,50.000000,250,False
GUARGUM529JAN27PE13200FFEB27,GUARGUM529JAN27PE13200FFEB27,GUARGUM5,29JAN2027,1320000.000000,5,OPTFUT,NCDEX,50.000000,250,False
GUARGUM530OCT26CE10400FNOV26,GUARGUM530OCT26CE10400FNOV26,GUARGUM5,30OCT2026,1040000.000000,5,OPTFUT,NCDEX,50.000000,250,False
GUARGUM530OCT26CE11000FNOV26,GUARGUM530OCT26CE11000FNOV26,GUARGUM5,30OCT2026,1100000.000000,5,OPTFUT,NCDEX,50.000000,250,False
GUARGUM530OCT26CE14200FNOV26,GUARGUM530OCT26CE14200FNOV26,GUARGUM5,30OCT2026,1420000.000000,5,OPTFUT,NCDEX,50.000000,250,False
GUARGUM530OCT26PE10600FNOV26,GUARGUM530OCT26PE10600FNOV26,GUARGUM5,30OCT2026,1060000.000000,5,OPTFUT,NCDEX,50.000000,250,False
GUARGUM530OCT26PE15000FNOV26,GUARGUM530OCT26PE15000FNOV26,GUARGUM5,30OCT2026,1500000.000000,5,OPTFUT,NCDEX,50.000000,250,False
GUARGUM530OCT26PE15600FNOV26,GUARGUM530OCT26PE15600FNOV26,GUARGUM5,30OCT2026,1560000.000000,5,OPTFUT,NCDEX,50.000000,250,False
GUARKORMA18SEP2026,GUARKORMA18SEP2026,GUARKORMA,18SEP2026,-1.000000,5,FUTCOM,NCDEX,100.000000,500,False
GUARSEED1024DEC26CE5500FJAN27,GUARSEED1024DEC26CE5500FJAN27,GUARSEED10,24DEC2026,550000.000000,5,OPTFUT,NCDEX,50.000000,500,False
GUARSEED1024DEC26CE7300FJAN27,GUARSEED1024DEC26CE7300FJAN27,GUARSEED10,24DEC2026,730000.000000,5,OPTFUT,NCDEX,50.000000,500,False
GUARSEED1024DEC26PE5300FJAN27,GUARSEED1024DEC26PE5300FJAN27,GUARSEED10,24DEC2026,530000.000000,5,OPTFUT,NCDEX,50.000000,500,False
GUARSEED1024DEC26PE6100FJAN27,GUARSEED1024DEC26PE6100FJAN27,GUARSEED10,24DEC2026,610000.000000,5,OPTFUT,NCDEX,50.000000,500,False
GUARSEED1025SEP26CE5100FOCT26,GUARSEED1025SEP26CE5100FOCT26,GUARSEED10,25SEP2026,510000.000000,5,OPTFUT,NCDEX,50.000000,500,False
GUARSEED1025SEP26CE5600FOCT26,GUARSEED1025SEP26CE5600FOCT26,GUARSEED10,25SEP2026,560000.000000,5,OPTFUT,NCDEX,50.000000,500,False
GUARSEED1025SEP26CE6200FOCT26,GUARSEED1025SEP26CE6200FOCT26,GUARSEED10,25SEP2026,620000.000000,5,OPTFUT,NCDEX,50.000000,500,False
GUARSEED1025SEP26CE7200FOCT26,GUARSEED1025SEP26CE7200FOCT26,GUARSEED10,25SEP2026,720000.000000,5,OPTFUT,NCDEX,50.000000,500,False
GUARSEED1025SEP26PE6300FOCT26,GUARSEED1025SEP26PE6300FOCT26,GUARSEED10,25SEP2026,630000.000000,5,OPTFUT,NCDEX,50.000000,500,False
GUARSEED1025SEP26PE6500FOCT26,GUARSEED1025SEP26PE6500FOCT26,GUARSEED10,25SEP2026,650000.000000,5,OPTFUT,NCDEX,50.000000,500,False
GUARSEED1025SEP26PE7100FOCT26,GUARSEED1025SEP26PE7100FOCT26,GUARSEED10,25SEP2026,710000.000000,5,OPTFUT,NCDEX,50.000000,500,False
GUARSEED1025SEP26PE7600FOCT26,GUARSEED1025SEP26PE7600FOCT26,GUARSEED10,25SEP2026,760000.000000,5,OPTFUT,NCDEX,50.000000,500,False
GUARSEED1026FEB27CE7100FMAR27,GUARSEED1026FEB27CE7100FMAR27,GUARSEED10,26FEB2027,710000.000000,5,OPTFUT,NCDEX,50.000000,500,False
GUARSEED1026FEB27PE6300FMAR27,GUARSEED1026FEB27PE6300FMAR27,GUARSEED10,26FEB2027,630000.000000,5,OPTFUT,NCDEX,50.000000,500,False
GUARSEED1026FEB27PE7300FMAR27,GUARSEED1026FEB27PE7300FMAR27,GUARSEED10,26FEB2027,730000.000000,5,OPTFUT,NCDEX,50.000000,500,False
GUARSEED1026FEB27PE7400FMAR27,GUARSEED1026FEB27PE7400FMAR27,GUARSEED10,26FEB2027,740000.000000,5,OPTFUT,NCDEX,50.000000,500,False
GUARSEED1027NOV26CE5900FDEC26,GUARSEED1027NOV26CE5900FDEC26,GUARSEED10,27NOV2026,590000.000000,5,OPTFUT,NCDEX,50.000000,500,False
GUARSEED1027NOV26CE6100FDEC26,GUARSEED1027NOV26CE6100FDEC26,GUARSEED10,27NOV2026,610000.000000,5,OPTFUT,NCDEX,50.000000,500,False
GUARSEED1027NOV26CE6300FDEC26,GUARSEED1027NOV26CE6300FDEC26,GUARSEED10,27NOV2026,630000.000000,5,OPTFUT,NCDEX,50.000000,500,False
GUARSEED1027NOV26CE6500FDEC26,GUARSEED1027NOV26CE6500FDEC26,GUARSEED10,27NOV2026,650000.000000,5,OPTFUT,NCDEX,50.000000,500,False
GUARSEED1027NOV26CE6700FDEC26,GUARSEED1027NOV26CE6700FDEC26,GUARSEED10,27NOV2026,670000.000000,5,OPTFUT,NCDEX,50.000000,500,False
GUARSEED1027NOV26CE7100FDEC26,GUARSEED1027NOV26CE7100FDEC26,GUARSEED10,27NOV2026,710000.000000,5,OPTFUT,NCDEX,50.000000,500,False
GUARSEED1027NOV26CE7300FDEC26,GUARSEED1027NOV26CE7300FDEC26,GUARSEED10,27NOV2026,730000.000000,5,OPTFUT,NCDEX,50.000000,500,False
GUARSEED1027NOV26PE5600FDEC26,GUARSEED1027NOV26PE5600FDEC26,GUARSEED10,27NOV2026,560000.000000,5,OPTFUT,NCDEX,50.000000,500,False
GUARSEED1027NOV26PE6300FDEC26,GUARSEED1027NOV26PE6300FDEC26,GUARSEED10,27NOV2026,630000.000000,5,OPTFUT,NCDEX,50.000000,500,False
GUARSEED1029JAN27CE5700FFEB27,GUARSEED1029JAN27CE5700FFEB27,GUARSEED10,29JAN2027,570000.000000,5,OPTFUT,NCDEX,50.000000,500,False
GUARSEED1030OCT26PE5100FNOV26,GUARSEED1030OCT26PE5100FNOV26,GUARSEED10,30OCT2026,510000.000000,5,OPTFUT,NCDEX,50.000000,500,False
GUARSEED1029JAN27PE5900FFEB27,GUARSEED1029JAN27PE5900FFEB27,GUARSEED10,29JAN2027,590000.000000,5,OPTFUT,NCDEX,50.000000,500,False
GUARSEED1029JAN27PE7300FFEB27,GUARSEED1029JAN27PE7300FFEB27,GUARSEED10,29JAN2027,730000.000000,5,OPTFUT,NCDEX,50.000000,500,False
GUARSEED1030OCT26CE5800FNOV26,GUARSEED1030OCT26CE5800FNOV26,GUARSEED10,30OCT2026,580000.000000,5,OPTFUT,NCDEX,50.000000,500,False
GUARSEED1030OCT26PE5200FNOV26,GUARSEED1030OCT26PE5200FNOV26,GUARSEED10,30OCT2026,520000.000000,5,OPTFUT,NCDEX,50.000000,500,False
GUARSEED1030OCT26PE5400FNOV26,GUARSEED1030OCT26PE5400FNOV26,GUARSEED10,30OCT2026,540000.000000,5,OPTFUT,NCDEX,50.000000,500,False
GUARSEED1030OCT26PE5500FNOV26,GUARSEED1030OCT26PE5500FNOV26,GUARSEED10,30OCT2026,550000.000000,5,OPTFUT,NCDEX,50.000000,500,False
GUARSEED1030OCT26PE6700FNOV26,GUARSEED1030OCT26PE6700FNOV26,GUARSEED10,30OCT2026,670000.000000,5,OPTFUT,NCDEX,50.000000,500,False
GUARSEED1030OCT26PE7100FNOV26,GUARSEED1030OCT26PE7100FNOV26,GUARSEED10,30OCT2026,710000.000000,5,OPTFUT,NCDEX,50.000000,500,False
GUARSEED1030OCT26PE7200FNOV26,GUARSEED1030OCT26PE7200FNOV26,GUARSEED10,30OCT2026,720000.000000,5,OPTFUT,NCDEX,50.000000,500,False
GUARSEED1030OCT26PE7700FNOV26,GUARSEED1030OCT26PE7700FNOV26,GUARSEED10,30OCT2026,770000.000000,5,OPTFUT,NCDEX,50.000000,500,False
ISABGOL18DEC2026,ISABGOL18DEC2026,ISABGOL,18DEC2026,-1.000000,3,FUTCOM,NCDEX,500.000000,150,False
ISABGOL18SEP2026,ISABGOL18SEP2026,ISABGOL,18SEP2026,-1.000000,3,FUTCOM,NCDEX,500.000000,150,False
JEERAUNJHA09OCT26CE18400FOCT26,JEERAUNJHA09OCT26CE18400FOCT26,JEERAUNJHA,09OCT2026,1840000.000000,3,OPTFUT,NCDEX,200.000000,150,False
JEERAUNJHA09OCT26CE19600FOCT26,JEERAUNJHA09OCT26CE19600FOCT26,JEERAUNJHA,09OCT2026,1960000.000000,3,OPTFUT,NCDEX,200.000000,150,False
JEERAUNJHA09OCT26CE22000FOCT26,JEERAUNJHA09OCT26CE22000FOCT26,JEERAUNJHA,09OCT2026,2200000.000000,3,OPTFUT,NCDEX,200.000000,150,False
JEERAUNJHA09OCT26CE22800FOCT26,JEERAUNJHA09OCT26CE22800FOCT26,JEERAUNJHA,09OCT2026,2280000.000000,3,OPTFUT,NCDEX,200.000000,150,False
JEERAUNJHA09OCT26PE16000FOCT26,JEERAUNJHA09OCT26PE16000FOCT26,JEERAUNJHA,09OCT2026,1600000.000000,3,OPTFUT,NCDEX,200.000000,150,False
JEERAUNJHA10DEC26PE18400FDEC26,JEERAUNJHA10DEC26PE18400FDEC26,JEERAUNJHA,10DEC2026,1840000.000000,3,OPTFUT,NCDEX,200.000000,150,False
JEERAUNJHA09OCT26PE16400FOCT26,JEERAUNJHA09OCT26PE16400FOCT26,JEERAUNJHA,09OCT2026,1640000.000000,3,OPTFUT,NCDEX,200.000000,150,False
JEERAUNJHA10DEC26CE25600FDEC26,JEERAUNJHA10DEC26CE25600FDEC26,JEERAUNJHA,10DEC2026,2560000.000000,3,OPTFUT,NCDEX,200.000000,150,False
JEERAUNJHA10DEC26CE26400FDEC26,JEERAUNJHA10DEC26CE26400FDEC26,JEERAUNJHA,10DEC2026,2640000.000000,3,OPTFUT,NCDEX,200.000000,150,False
JEERAUNJHA10DEC26PE23200FDEC26,JEERAUNJHA10DEC26PE23200FDEC26,JEERAUNJHA,10DEC2026,2320000.000000,3,OPTFUT,NCDEX,200.000000,150,False
JEERAUNJHA12JAN27CE20400FJAN27,JEERAUNJHA12JAN27CE20400FJAN27,JEERAUNJHA,12JAN2027,2040000.000000,3,OPTFUT,NCDEX,200.000000,150,False
JEERAUNJHA12JAN27CE20800FJAN27,JEERAUNJHA12JAN27CE20800FJAN27,JEERAUNJHA,12JAN2027,2080000.000000,3,OPTFUT,NCDEX,200.000000,150,False
JEERAUNJHA12JAN27CE21200FJAN27,JEERAUNJHA12JAN27CE21200FJAN27,JEERAUNJHA,12JAN2027,2120000.000000,3,OPTFUT,NCDEX,200.000000,150,False
JEERAUNJHA12JAN27CE22400FJAN27,JEERAUNJHA12JAN27CE22400FJAN27,JEERAUNJHA,12JAN2027,2240000.000000,3,OPTFUT,NCDEX,200.000000,150,False
JEERAUNJHA12JAN27CE24000FJAN27,JEERAUNJHA12JAN27CE24000FJAN27,JEERAUNJHA,12JAN2027,2400000.000000,3,OPTFUT,NCDEX,200.000000,150,False
JEERAUNJHA12JAN27CE25200FJAN27,JEERAUNJHA12JAN27CE25200FJAN27,JEERAUNJHA,12JAN2027,2520000.000000,3,OPTFUT,NCDEX,200.000000,150,False
JEERAUNJHA12JAN27PE19200FJAN27,JEERAUNJHA12JAN27PE19200FJAN27,JEERAUNJHA,12JAN2027,1920000.000000,3,OPTFUT,NCDEX,200.000000,150,False
JEERAUNJHA12NOV26CE18800FNOV26,JEERAUNJHA12NOV26CE18800FNOV26,JEERAUNJHA,12NOV2026,1880000.000000,3,OPTFUT,NCDEX,200.000000,150,False
JEERAUNJHA12NOV26CE26400FNOV26,JEERAUNJHA12NOV26CE26400FNOV26,JEERAUNJHA,12NOV2026,2640000.000000,3,OPTFUT,NCDEX,200.000000,150,False
JEERAUNJHA12NOV26PE18400FNOV26,JEERAUNJHA12NOV26PE18400FNOV26,JEERAUNJHA,12NOV2026,1840000.000000,3,OPTFUT,NCDEX,200.000000,150,False
JEERAUNJHA12NOV26PE23200FNOV26,JEERAUNJHA12NOV26PE23200FNOV26,JEERAUNJHA,12NOV2026,2320000.000000,3,OPTFUT,NCDEX,200.000000,150,False
JEERAUNJHA12NOV26PE24000FNOV26,JEERAUNJHA12NOV26PE24000FNOV26,JEERAUNJHA,12NOV2026,2400000.000000,3,OPTFUT,NCDEX,200.000000,150,False
JEERAUNJHA12NOV26PE25600FNOV26,JEERAUNJHA12NOV26PE25600FNOV26,JEERAUNJHA,12NOV2026,2560000.000000,3,OPTFUT,NCDEX,200.000000,150,False
JEERAUNJHA18DEC2026,JEERAUNJHA18DEC2026,JEERAUNJHA,18DEC2026,-1.000000,3,FUTCOM,NCDEX,500.000000,150,False
JEERAUNJHA20JAN2027,JEERAUNJHA20JAN2027,JEERAUNJHA,20JAN2027,-1.000000,3,FUTCOM,NCDEX,500.000000,150,False
KAPAS30APR2027,KAPAS30APR2027,KAPAS,30APR2027,-1.000000,1,FUTCOM,NCDEX,50.000000,50,False
STEEL,STEEL,STEEL,,-1.000000,10,COMDTY,NCDEX,1000.000000,500,False
SUNOIL,SUNOIL,SUNOIL,,-1.000000,5,COMDTY,NCDEX,10.000000,500,False
SUNOIL30NOV2026,SUNOIL30NOV2026,SUNOIL,30NOV2026,-1.000000,5,FUTCOM,NCDEX,10.000000,500,False
TMCFGRNZM08OCT26CE14400FOCT26,TMCFGRNZM08OCT26CE14400FOCT26,TMCFGRNZM,08OCT2026,1440000.000000,5,OPTFUT,NCDEX,100.000000,250,False
TMCFGRNZM08OCT26CE16600FOCT26,TMCFGRNZM08OCT26CE16600FOCT26,TMCFGRNZM,08OCT2026,1660000.000000,5,OPTFUT,NCDEX,100.000000,250,False
TMCFGRNZM08OCT26CE17000FOCT26,TMCFGRNZM08OCT26CE17000FOCT26,TMCFGRNZM,08OCT2026,1700000.000000,5,OPTFUT,NCDEX,100.000000,250,False
TMCFGRNZM08OCT26CE18400FOCT26,TMCFGRNZM08OCT26CE18400FOCT26,TMCFGRNZM,08OCT2026,1840000.000000,5,OPTFUT,NCDEX,100.000000,250,False
TMCFGRNZM08OCT26CE21200FOCT26,TMCFGRNZM08OCT26CE21200FOCT26,TMCFGRNZM,08OCT2026,2120000.000000,5,OPTFUT,NCDEX,100.000000,250,False
TMCFGRNZM08OCT26CE22200FOCT26,TMCFGRNZM08OCT26CE22200FOCT26,TMCFGRNZM,08OCT2026,2220000.000000,5,OPTFUT,NCDEX,100.000000,250,False
TMCFGRNZM08OCT26CE23200FOCT26,TMCFGRNZM08OCT26CE23200FOCT26,TMCFGRNZM,08OCT2026,2320000.000000,5,OPTFUT,NCDEX,100.000000,250,False
TMCFGRNZM08OCT26PE14200FOCT26,TMCFGRNZM08OCT26PE14200FOCT26,TMCFGRNZM,08OCT2026,1420000.000000,5,OPTFUT,NCDEX,100.000000,250,False
TMCFGRNZM08OCT26PE14400FOCT26,TMCFGRNZM08OCT26PE14400FOCT26,TMCFGRNZM,08OCT2026,1440000.000000,5,OPTFUT,NCDEX,100.000000,250,False
TMCFGRNZM08OCT26PE15600FOCT26,TMCFGRNZM08OCT26PE15600FOCT26,TMCFGRNZM,08OCT2026,1560000.000000,5,OPTFUT,NCDEX,100.000000,250,False
TMCFGRNZM08OCT26PE16200FOCT26,TMCFGRNZM08OCT26PE16200FOCT26,TMCFGRNZM,08OCT2026,1620000.000000,5,OPTFUT,NCDEX,100.000000,250,False
TMCFGRNZM08OCT26PE20200FOCT26,TMCFGRNZM08OCT26PE20200FOCT26,TMCFGRNZM,08OCT2026,2020000.000000,5,OPTFUT,NCDEX,100.000000,250,False
TMCFGRNZM08OCT26PE20800FOCT26,TMCFGRNZM08OCT26PE20800FOCT26,TMCFGRNZM,08OCT2026,2080000.000000,5,OPTFUT,NCDEX,100.000000,250,False
TMCFGRNZM08OCT26PE22800FOCT26,TMCFGRNZM08OCT26PE22800FOCT26,TMCFGRNZM,08OCT2026,2280000.000000,5,OPTFUT,NCDEX,100.000000,250,False
TMCFGRNZM08OCT26PE23000FOCT26,TMCFGRNZM08OCT26PE23000FOCT26,TMCFGRNZM,08OCT2026,2300000.000000,5,OPTFUT,NCDEX,100.000000,250,False
TMCFGRNZM10DEC26CE15400FDEC26,TMCFGRNZM10DEC26CE15400FDEC26,TMCFGRNZM,10DEC2026,1540000.000000,5,OPTFUT,NCDEX,100.000000,250,False
TMCFGRNZM10DEC26CE21400FDEC26,TMCFGRNZM10DEC26CE21400FDEC26,TMCFGRNZM,10DEC2026,2140000.000000,5,OPTFUT,NCDEX,100.000000,250,False
TMCFGRNZM10DEC26CE22400FDEC26,TMCFGRNZM10DEC26CE22400FDEC26,TMCFGRNZM,10DEC2026,2240000.000000,5,OPTFUT,NCDEX,100.000000,250,False
TMCFGRNZM10DEC26CE23800FDEC26,TMCFGRNZM10DEC26CE23800FDEC26,TMCFGRNZM,10DEC2026,2380000.000000,5,OPTFUT,NCDEX,100.000000,250,False
TMCFGRNZM10DEC26PE16400FDEC26,TMCFGRNZM10DEC26PE16400FDEC26,TMCFGRNZM,10DEC2026,1640000.000000,5,OPTFUT,NCDEX,100.000000,250,False
TMCFGRNZM10DEC26PE17400FDEC26,TMCFGRNZM10DEC26PE17400FDEC26,TMCFGRNZM,10DEC2026,1740000.000000,5,OPTFUT,NCDEX,100.000000,250,False
TMCFGRNZM10DEC26PE19000FDEC26,TMCFGRNZM10DEC26PE19000FDEC26,TMCFGRNZM,10DEC2026,1900000.000000,5,OPTFUT,NCDEX,100.000000,250,False
TMCFGRNZM10DEC26PE20000FDEC26,TMCFGRNZM10DEC26PE20000FDEC26,TMCFGRNZM,10DEC2026,2000000.000000,5,OPTFUT,NCDEX,100.000000,250,False
TMCFGRNZM10DEC26PE20600FDEC26,TMCFGRNZM10DEC26PE20600FDEC26,TMCFGRNZM,10DEC2026,2060000.000000,5,OPTFUT,NCDEX,100.000000,250,False
YELLOWP20JAN2027,YELLOWP20JAN2027,YELLOWP,20JAN2027,-1.000000,5,FUTCOM,NCDEX,100.000000,500,False
YELLOWP20NOV2026,YELLOWP20NOV2026,YELLOWP,20NOV2026,-1.000000,5,FUTCOM,NCDEX,100.000000,500,False
CASTOR18DEC2026,CASTOR18DEC2026,CASTOR,18DEC2026,-1.000000,5,FUTCOM,NCDEX,100.000000,500,False
COCUDAKL18DEC2026,COCUDAKL18DEC2026,COCUDAKL,18DEC2026,-1.000000,10,FUTCOM,NCDEX,100.000000,500,False
COTTON,COTTON,COTTON,,-1.000000,1,COMDTY,NCDEX,1000.000000,50,False
COTTON18DEC2026,COTTON18DEC2026,COTTON,18DEC2026,-1.000000,1,FUTCOM,NCDEX,1000.000000,50,False
COTTON20JAN2027,COTTON20JAN2027,COTTON,20JAN2027,-1.000000,1,FUTCOM,NCDEX,1000.000000,50,False
COTWASOIL18DEC2026,COTWASOIL18DEC2026,COTWASOIL,18DEC2026,-1.000000,1,FUTCOM,NCDEX,10.000000,500,False
DHANIYA09OCT26CE12800FOCT26,DHANIYA09OCT26CE12800FOCT26,DHANIYA,09OCT2026,1280000.000000,5,OPTFUT,NCDEX,100.000000,500,False
DHANIYA09OCT26CE13300FOCT26,DHANIYA09OCT26CE13300FOCT26,DHANIYA,09OCT2026,1330000.000000,5,OPTFUT,NCDEX,100.000000,500,False
DHANIYA09OCT26CE14100FOCT26,DHANIYA09OCT26CE14100FOCT26,DHANIYA,09OCT2026,1410000.000000,5,OPTFUT,NCDEX,100.000000,500,False
DHANIYA09OCT26CE16300FOCT26,DHANIYA09OCT26CE16300FOCT26,DHANIYA,09OCT2026,1630000.000000,5,OPTFUT,NCDEX,100.000000,500,False
DHANIYA09OCT26CE14700FOCT26,DHANIYA09OCT26CE14700FOCT26,DHANIYA,09OCT2026,1470000.000000,5,OPTFUT,NCDEX,100.000000,500,False
DHANIYA09OCT26CE15200FOCT26,DHANIYA09OCT26CE15200FOCT26,DHANIYA,09OCT2026,1520000.000000,5,OPTFUT,NCDEX,100.000000,500,False
DHANIYA09OCT26CE15600FOCT26,DHANIYA09OCT26CE15600FOCT26,DHANIYA,09OCT2026,1560000.000000,5,OPTFUT,NCDEX,100.000000,500,False
DHANIYA09OCT26CE16500FOCT26,DHANIYA09OCT26CE16500FOCT26,DHANIYA,09OCT2026,1650000.000000,5,OPTFUT,NCDEX,100.000000,500,False
DHANIYA09OCT26CE17100FOCT26,DHANIYA09OCT26CE17100FOCT26,DHANIYA,09OCT2026,1710000.000000,5,OPTFUT,NCDEX,100.000000,500,False
DHANIYA09OCT26CE17200FOCT26,DHANIYA09OCT26CE17200FOCT26,DHANIYA,09OCT2026,1720000.000000,5,OPTFUT,NCDEX,100.000000,500,False
DHANIYA09OCT26CE17300FOCT26,DHANIYA09OCT26CE17300FOCT26,DHANIYA,09OCT2026,1730000.000000,5,OPTFUT,NCDEX,100.000000,500,False
DHANIYA09OCT26PE12500FOCT26,DHANIYA09OCT26PE12500FOCT26,DHANIYA,09OCT2026,1250000.000000,5,OPTFUT,NCDEX,100.000000,500,False
DHANIYA09OCT26PE12900FOCT26,DHANIYA09OCT26PE12900FOCT26,DHANIYA,09OCT2026,1290000.000000,5,OPTFUT,NCDEX,100.000000,500,False
DHANIYA09OCT26PE13000FOCT26,DHANIYA09OCT26PE13000FOCT26,DHANIYA,09OCT2026,1300000.000000,5,OPTFUT,NCDEX,100.000000,500,False
DHANIYA09OCT26PE13200FOCT26,DHANIYA09OCT26PE13200FOCT26,DHANIYA,09OCT2026,1320000.000000,5,OPTFUT,NCDEX,100.000000,500,False
DHANIYA09OCT26PE13600FOCT26,DHANIYA09OCT26PE13600FOCT26,DHANIYA,09OCT2026,1360000.000000,5,OPTFUT,NCDEX,100.000000,500,False
DHANIYA09OCT26PE13900FOCT26,DHANIYA09OCT26PE13900FOCT26,DHANIYA,09OCT2026,1390000.000000,5,OPTFUT,NCDEX,100.000000,500,False
DHANIYA09OCT26PE16500FOCT26,DHANIYA09OCT26PE16500FOCT26,DHANIYA,09OCT2026,1650000.000000,5,OPTFUT,NCDEX,100.000000,500,False
DHANIYA09OCT26PE17100FOCT26,DHANIYA09OCT26PE17100FOCT26,DHANIYA,09OCT2026,1710000.000000,5,OPTFUT,NCDEX,100.000000,500,False
DHANIYA09OCT26PE17500FOCT26,DHANIYA09OCT26PE17500FOCT26,DHANIYA,09OCT2026,1750000.000000,5,OPTFUT,NCDEX,100.000000,500,False
DHANIYA09OCT26PE17600FOCT26,DHANIYA09OCT26PE17600FOCT26,DHANIYA,09OCT2026,1760000.000000,5,OPTFUT,NCDEX,100.000000,500,False
DHANIYA09OCT26PE17700FOCT26,DHANIYA09OCT26PE17700FOCT26,DHANIYA,09OCT2026,1770000.000000,5,OPTFUT,NCDEX,100.000000,500,False
DHANIYA10DEC26CE13300FDEC26,DHANIYA10DEC26CE13300FDEC26,DHANIYA,10DEC2026,1330000.000000,5,OPTFUT,NCDEX,100.000000,500,False
DHANIYA10DEC26CE13400FDEC26,DHANIYA10DEC26CE13400FDEC26,DHANIYA,10DEC2026,1340000.000000,5,OPTFUT,NCDEX,100.000000,500,False
DHANIYA10DEC26CE13500FDEC26,DHANIYA10DEC26CE13500FDEC26,DHANIYA,10DEC2026,1350000.000000,5,OPTFUT,NCDEX,100.000000,500,False
DHANIYA10DEC26CE13700FDEC26,DHANIYA10DEC26CE13700FDEC26,DHANIYA,10DEC2026,1370000.000000,5,OPTFUT,NCDEX,100.000000,500,False
DHANIYA10DEC26CE14300FDEC26,DHANIYA10DEC26CE14300FDEC26,DHANIYA,10DEC2026,1430000.000000,5,OPTFUT,NCDEX,100.000000,500,False
DHANIYA10DEC26CE15400FDEC26,DHANIYA10DEC26CE15400FDEC26,DHANIYA,10DEC2026,1540000.000000,5,OPTFUT,NCDEX,100.000000,500,False
DHANIYA10DEC26CE15900FDEC26,DHANIYA10DEC26CE15900FDEC26,DHANIYA,10DEC2026,1590000.000000,5,OPTFUT,NCDEX,100.000000,500,False
DHANIYA10DEC26CE17300FDEC26,DHANIYA10DEC26CE17300FDEC26,DHANIYA,10DEC2026,1730000.000000,5,OPTFUT,NCDEX,100.000000,500,False
DHANIYA10DEC26CE17500FDEC26,DHANIYA10DEC26CE17500FDEC26,DHANIYA,10DEC2026,1750000.000000,5,OPTFUT,NCDEX,100.000000,500,False
DHANIYA10DEC26PE13500FDEC26,DHANIYA10DEC26PE13500FDEC26,DHANIYA,10DEC2026,1350000.000000,5,OPTFUT,NCDEX,100.000000,500,False
DHANIYA10DEC26PE14500FDEC26,DHANIYA10DEC26PE14500FDEC26,DHANIYA,10DEC2026,1450000.000000,5,OPTFUT,NCDEX,100.000000,500,False
DHANIYA10DEC26PE14800FDEC26,DHANIYA10DEC26PE14800FDEC26,DHANIYA,10DEC2026,1480000.000000,5,OPTFUT,NCDEX,100.000000,500,False
DHANIYA10DEC26PE15600FDEC26,DHANIYA10DEC26PE15600FDEC26,DHANIYA,10DEC2026,1560000.000000,5,OPTFUT,NCDEX,100.000000,500,False
DHANIYA10DEC26PE15900FDEC26,DHANIYA10DEC26PE15900FDEC26,DHANIYA,10DEC2026,1590000.000000,5,OPTFUT,NCDEX,100.000000,500,False
DHANIYA10DEC26PE16100FDEC26,DHANIYA10DEC26PE16100FDEC26,DHANIYA,10DEC2026,1610000.000000,5,OPTFUT,NCDEX,100.000000,500,False
DHANIYA10DEC26PE16200FDEC26,DHANIYA10DEC26PE16200FDEC26,DHANIYA,10DEC2026,1620000.000000,5,OPTFUT,NCDEX,100.000000,500,False
DHANIYA10DEC26PE16400FDEC26,DHANIYA10DEC26PE16400FDEC26,DHANIYA,10DEC2026,1640000.000000,5,OPTFUT,NCDEX,100.000000,500,False
DHANIYA10DEC26PE16500FDEC26,DHANIYA10DEC26PE16500FDEC26,DHANIYA,10DEC2026,1650000.000000,5,OPTFUT,NCDEX,100.000000,500,False
DHANIYA10DEC26PE16800FDEC26,DHANIYA10DEC26PE16800FDEC26,DHANIYA,10DEC2026,1680000.000000,5,OPTFUT,NCDEX,100.000000,500,False
DHANIYA10DEC26PE18300FDEC26,DHANIYA10DEC26PE18300FDEC26,DHANIYA,10DEC2026,1830000.000000,5,OPTFUT,NCDEX,100.000000,500,False
DHANIYA12JAN27CE16200FJAN27,DHANIYA12JAN27CE16200FJAN27,DHANIYA,12JAN2027,1620000.000000,5,OPTFUT,NCDEX,100.000000,500,False
DHANIYA12JAN27CE16300FJAN27,DHANIYA12JAN27CE16300FJAN27,DHANIYA,12JAN2027,1630000.000000,5,OPTFUT,NCDEX,100.000000,500,False
DHANIYA12JAN27CE17000FJAN27,DHANIYA12JAN27CE17000FJAN27,DHANIYA,12JAN2027,1700000.000000,5,OPTFUT,NCDEX,100.000000,500,False
DHANIYA12JAN27CE17200FJAN27,DHANIYA12JAN27CE17200FJAN27,DHANIYA,12JAN2027,1720000.000000,5,OPTFUT,NCDEX,100.000000,500,False
DHANIYA12JAN27CE18100FJAN27,DHANIYA12JAN27CE18100FJAN27,DHANIYA,12JAN2027,1810000.000000,5,OPTFUT,NCDEX,100.000000,500,False
DHANIYA12JAN27PE15800FJAN27,DHANIYA12JAN27PE15800FJAN27,DHANIYA,12JAN2027,1580000.000000,5,OPTFUT,NCDEX,100.000000,500,False
DHANIYA12JAN27PE16200FJAN27,DHANIYA12JAN27PE16200FJAN27,DHANIYA,12JAN2027,1620000.000000,5,OPTFUT,NCDEX,100.000000,500,False
DHANIYA12JAN27PE16900FJAN27,DHANIYA12JAN27PE16900FJAN27,DHANIYA,12JAN2027,1690000.000000,5,OPTFUT,NCDEX,100.000000,500,False
DHANIYA12JAN27PE17700FJAN27,DHANIYA12JAN27PE17700FJAN27,DHANIYA,12JAN2027,1770000.000000,5,OPTFUT,NCDEX,100.000000,500,False
DHANIYA12JAN27PE18000FJAN27,DHANIYA12JAN27PE18000FJAN27,DHANIYA,12JAN2027,1800000.000000,5,OPTFUT,NCDEX,100.000000,500,False
DHANIYA20JAN2027,DHANIYA20JAN2027,DHANIYA,20JAN2027,-1.000000,5,FUTCOM,NCDEX,200.000000,500,False
GUARGUM5,GUARGUM5,GUARGUM5,,-1.000000,5,COMDTY,NCDEX,100.000000,250,False
GUARGUM524DEC26CE10600FJAN27,GUARGUM524DEC26CE10600FJAN27,GUARGUM5,24DEC2026,1060000.000000,5,OPTFUT,NCDEX,50.000000,250,False
GUARGUM524DEC26CE11400FJAN27,GUARGUM524DEC26CE11400FJAN27,GUARGUM5,24DEC2026,1140000.000000,5,OPTFUT,NCDEX,50.000000,250,False
GUARGUM524DEC26CE15400FJAN27,GUARGUM524DEC26CE15400FJAN27,GUARGUM5,24DEC2026,1540000.000000,5,OPTFUT,NCDEX,50.000000,250,False
GUARGUM524DEC26PE11000FJAN27,GUARGUM524DEC26PE11000FJAN27,GUARGUM5,24DEC2026,1100000.000000,5,OPTFUT,NCDEX,50.000000,250,False
GUARGUM524DEC26PE12400FJAN27,GUARGUM524DEC26PE12400FJAN27,GUARGUM5,24DEC2026,1240000.000000,5,OPTFUT,NCDEX,50.000000,250,False
GUARGUM524DEC26PE13400FJAN27,GUARGUM524DEC26PE13400FJAN27,GUARGUM5,24DEC2026,1340000.000000,5,OPTFUT,NCDEX,50.000000,250,False
GUARGUM524DEC26PE14400FJAN27,GUARGUM524DEC26PE14400FJAN27,GUARGUM5,24DEC2026,1440000.000000,5,OPTFUT,NCDEX,50.000000,250,False
GUARGUM525SEP26CE12000FOCT26,GUARGUM525SEP26CE12000FOCT26,GUARGUM5,25SEP2026,1200000.000000,5,OPTFUT,NCDEX,50.000000,250,False
GUARGUM525SEP26CE12600FOCT26,GUARGUM525SEP26CE12600FOCT26,GUARGUM5,25SEP2026,1260000.000000,5,OPTFUT,NCDEX,50.000000,250,False
GUARGUM525SEP26CE14200FOCT26,GUARGUM525SEP26CE14200FOCT26,GUARGUM5,25SEP2026,1420000.000000,5,OPTFUT,NCDEX,50.000000,250,False
GUARGUM525SEP26PE11200FOCT26,GUARGUM525SEP26PE11200FOCT26,GUARGUM5,25SEP2026,1120000.000000,5,OPTFUT,NCDEX,50.000000,250,False
GUARGUM525SEP26PE13800FOCT26,GUARGUM525SEP26PE13800FOCT26,GUARGUM5,25SEP2026,1380000.000000,5,OPTFUT,NCDEX,50.000000,250,False
GUARGUM525SEP26PE9000FOCT26,GUARGUM525SEP26PE9000FOCT26,GUARGUM5,25SEP2026,900000.000000,5,OPTFUT,NCDEX,50.000000,250,False
GUARGUM525SEP26PE9400FOCT26,GUARGUM525SEP26PE9400FOCT26,GUARGUM5,25SEP2026,940000.000000,5,OPTFUT,NCDEX,50.000000,250,False
GUARGUM526FEB27CE12200FMAR27,GUARGUM526FEB27CE12200FMAR27,GUARGUM5,26FEB2027,1220000.000000,5,OPTFUT,NCDEX,50.000000,250,False
GUARGUM526FEB27CE13400FMAR27,GUARGUM526FEB27CE13400FMAR27,GUARGUM5,26FEB2027,1340000.000000,5,OPTFUT,NCDEX,50.000000,250,False
GUARGUM526FEB27CE15600FMAR27,GUARGUM526FEB27CE15600FMAR27,GUARGUM5,26FEB2027,1560000.000000,5,OPTFUT,NCDEX,50.000000,250,False
GUARGUM526FEB27PE12600FMAR27,GUARGUM526FEB27PE12600FMAR27,GUARGUM5,26FEB2027,1260000.000000,5,OPTFUT,NCDEX,50.000000,250,False
GUARGUM527NOV26CE11400FDEC26,GUARGUM527NOV26CE11400FDEC26,GUARGUM5,27NOV2026,1140000.000000,5,OPTFUT,NCDEX,50.000000,250,False
GUARGUM527NOV26CE12200FDEC26,GUARGUM527NOV26CE12200FDEC26,GUARGUM5,27NOV2026,1220000.000000,5,OPTFUT,NCDEX,50.000000,250,False
GUARGUM527NOV26CE12600FDEC26,GUARGUM527NOV26CE12600FDEC26,GUARGUM5,27NOV2026,1260000.000000,5,OPTFUT,NCDEX,50.000000,250,False
GUARGUM527NOV26CE13600FDEC26,GUARGUM527NOV26CE13600FDEC26,GUARGUM5,27NOV2026,1360000.000000,5,OPTFUT,NCDEX,50.000000,250,False
GUARGUM527NOV26PE10600FDEC26,GUARGUM527NOV26PE10600FDEC26,GUARGUM5,27NOV2026,1060000.000000,5,OPTFUT,NCDEX,50.000000,250,False
GUARGUM527NOV26PE14600FDEC26,GUARGUM527NOV26PE14600FDEC26,GUARGUM5,27NOV2026,1460000.000000,5,OPTFUT,NCDEX,50.000000,250,False
GUARGUM529JAN27CE13000FFEB27,GUARGUM529JAN27CE13000FFEB27,GUARGUM5,29JAN2027,1300000.000000,5,OPTFUT,NCDEX,50.000000,250,False
GUARGUM529JAN27CE14400FFEB27,GUARGUM529JAN27CE14400FFEB27,GUARGUM5,29JAN2027,1440000.000000,5,OPTFUT,NCDEX,50.000000,250,False
GUARGUM529JAN27PE11400FFEB27,GUARGUM529JAN27PE11400FFEB27,GUARGUM5,29JAN2027,1140000.000000,5,OPTFUT,NCDEX,50.000000,250,False
GUARGUM529JAN27PE12600FFEB27,GUARGUM529JAN27PE12600FFEB27,GUARGUM5,29JAN2027,1260000.000000,5,OPTFUT,NCDEX,50.000000,250,False
GUARGUM529JAN27PE15600FFEB27,GUARGUM529JAN27PE15600FFEB27,GUARGUM5,29JAN2027,1560000.000000,5,OPTFUT,NCDEX,50.000000,250,False
GUARGUM529JAN27PE15800FFEB27,GUARGUM529JAN27PE15800FFEB27,GUARGUM5,29JAN2027,1580000.000000,5,OPTFUT,NCDEX,50.000000,250,False
GUARGUM530OCT26CE11600FNOV26,GUARGUM530OCT26CE11600FNOV26,GUARGUM5,30OCT2026,1160000.000000,5,OPTFUT,NCDEX,50.000000,250,False
GUARGUM530OCT26CE9200FNOV26,GUARGUM530OCT26CE9200FNOV26,GUARGUM5,30OCT2026,920000.000000,5,OPTFUT,NCDEX,50.000000,250,False
GUARGUM530OCT26PE10200FNOV26,GUARGUM530OCT26PE10200FNOV26,GUARGUM5,30OCT2026,1020000.000000,5,OPTFUT,NCDEX,50.000000,250,False
GUARGUM530OCT26PE13000FNOV26,GUARGUM530OCT26PE13000FNOV26,GUARGUM5,30OCT2026,1300000.000000,5,OPTFUT,NCDEX,50.000000,250,False
GUARGUM530OCT26PE14600FNOV26,GUARGUM530OCT26PE14600FNOV26,GUARGUM5,30OCT2026,1460000.000000,5,OPTFUT,NCDEX,50.000000,250,False
GUARGUM530OCT26PE9800FNOV26,GUARGUM530OCT26PE9800FNOV26,GUARGUM5,30OCT2026,980000.000000,5,OPTFUT,NCDEX,50.000000,250,False
GUARKORMA18DEC2026,GUARKORMA18DEC2026,GUARKORMA,18DEC2026,-1.000000,5,FUTCOM,NCDEX,100.000000,500,False
GUARSEED10,GUARSEED10,GUARSEED10,,-1.000000,5,COMDTY,NCDEX,100.000000,500,False
GUARSEED1024DEC26CE5300FJAN27,GUARSEED1024DEC26CE5300FJAN27,GUARSEED10,24DEC2026,530000.000000,5,OPTFUT,NCDEX,50.000000,500,False
GUARSEED1024DEC26CE5700FJAN27,GUARSEED1024DEC26CE5700FJAN27,GUARSEED10,24DEC2026,570000.000000,5,OPTFUT,NCDEX,50.000000,500,False
GUARSEED1024DEC26PE5600FJAN27,GUARSEED1024DEC26PE5600FJAN27,GUARSEED10,24DEC2026,560000.000000,5,OPTFUT,NCDEX,50.000000,500,False
GUARSEED1024DEC26PE7100FJAN27,GUARSEED1024DEC26PE7100FJAN27,GUARSEED10,24DEC2026,710000.000000,5,OPTFUT,NCDEX,50.000000,500,False
GUARSEED1024DEC26PE7300FJAN27,GUARSEED1024DEC26PE7300FJAN27,GUARSEED10,24DEC2026,730000.000000,5,OPTFUT,NCDEX,50.000000,500,False
GUARSEED1025SEP26CE5200FOCT26,GUARSEED1025SEP26CE5200FOCT26,GUARSEED10,25SEP2026,520000.000000,5,OPTFUT,NCDEX,50.000000,500,False
GUARSEED1025SEP26CE7000FOCT26,GUARSEED1025SEP26CE7000FOCT26,GUARSEED10,25SEP2026,700000.000000,5,OPTFUT,NCDEX,50.000000,500,False
GUARSEED1025SEP26CE7600FOCT26,GUARSEED1025SEP26CE7600FOCT26,GUARSEED10,25SEP2026,760000.000000,5,OPTFUT,NCDEX,50.000000,500,False
GUARSEED1025SEP26PE5200FOCT26,GUARSEED1025SEP26PE5200FOCT26,GUARSEED10,25SEP2026,520000.000000,5,OPTFUT,NCDEX,50.000000,500,False
GUARSEED1025SEP26PE7300FOCT26,GUARSEED1025SEP26PE7300FOCT26,GUARSEED10,25SEP2026,730000.000000,5,OPTFUT,NCDEX,50.000000,500,False
GUARSEED1026FEB27PE6000FMAR27,GUARSEED1026FEB27PE6000FMAR27,GUARSEED10,26FEB2027,600000.000000,5,OPTFUT,NCDEX,50.000000,500,False
GUARSEED1026FEB27PE7000FMAR27,GUARSEED1026FEB27PE7000FMAR27,GUARSEED10,26FEB2027,700000.000000,5,OPTFUT,NCDEX,50.000000,500,False
GUARSEED1027NOV26CE6200FDEC26,GUARSEED1027NOV26CE6200FDEC26,GUARSEED10,27NOV2026,620000.000000,5,OPTFUT,NCDEX,50.000000,500,False
GUARSEED1027NOV26PE6400FDEC26,GUARSEED1027NOV26PE6400FDEC26,GUARSEED10,27NOV2026,640000.000000,5,OPTFUT,NCDEX,50.000000,500,False
GUARSEED1027NOV26PE6600FDEC26,GUARSEED1027NOV26PE6600FDEC26,GUARSEED10,27NOV2026,660000.000000,5,OPTFUT,NCDEX,50.000000,500,False
GUARSEED1029JAN27CE6200FFEB27,GUARSEED1029JAN27CE6200FFEB27,GUARSEED10,29JAN2027,620000.000000,5,OPTFUT,NCDEX,50.000000,500,False
GUARSEED1029JAN27CE6400FFEB27,GUARSEED1029JAN27CE6400FFEB27,GUARSEED10,29JAN2027,640000.000000,5,OPTFUT,NCDEX,50.000000,500,False
GUARSEED1029JAN27CE6700FFEB27,GUARSEED1029JAN27CE6700FFEB27,GUARSEED10,29JAN2027,670000.000000,5,OPTFUT,NCDEX,50.000000,500,False
GUARSEED1029JAN27PE5700FFEB27,GUARSEED1029JAN27PE5700FFEB27,GUARSEED10,29JAN2027,570000.000000,5,OPTFUT,NCDEX,50.000000,500,False
GUARSEED1029JAN27PE6900FFEB27,GUARSEED1029JAN27PE6900FFEB27,GUARSEED10,29JAN2027,690000.000000,5,OPTFUT,NCDEX,50.000000,500,False
GUARSEED1029JAN27PE7000FFEB27,GUARSEED1029JAN27PE7000FFEB27,GUARSEED10,29JAN2027,700000.000000,5,OPTFUT,NCDEX,50.000000,500,False
GUARSEED1029JAN27PE7200FFEB27,GUARSEED1029JAN27PE7200FFEB27,GUARSEED10,29JAN2027,720000.000000,5,OPTFUT,NCDEX,50.000000,500,False
GUARSEED1030OCT26CE5500FNOV26,GUARSEED1030OCT26CE5500FNOV26,GUARSEED10,30OCT2026,550000.000000,5,OPTFUT,NCDEX,50.000000,500,False
GUARSEED1030OCT26CE7600FNOV26,GUARSEED1030OCT26CE7600FNOV26,GUARSEED10,30OCT2026,760000.000000,5,OPTFUT,NCDEX,50.000000,500,False
GUARSEED1030OCT26PE5800FNOV26,GUARSEED1030OCT26PE5800FNOV26,GUARSEED10,30OCT2026,580000.000000,5,OPTFUT,NCDEX,50.000000,500,False
JEERAMINI18DEC2026,JEERAMINI18DEC2026,JEERAMINI,18DEC2026,-1.000000,1,FUTCOM,NCDEX,500.000000,50,False
JEERAMINI20JAN2027,JEERAMINI20JAN2027,JEERAMINI,20JAN2027,-1.000000,1,FUTCOM,NCDEX,500.000000,50,False
JEERAUNJHA09OCT26CE15600FOCT26,JEERAUNJHA09OCT26CE15600FOCT26,JEERAUNJHA,09OCT2026,1560000.000000,3,OPTFUT,NCDEX,200.000000,150,False
JEERAUNJHA09OCT26CE17600FOCT26,JEERAUNJHA09OCT26CE17600FOCT26,JEERAUNJHA,09OCT2026,1760000.000000,3,OPTFUT,NCDEX,200.000000,150,False
JEERAUNJHA09OCT26CE18800FOCT26,JEERAUNJHA09OCT26CE18800FOCT26,JEERAUNJHA,09OCT2026,1880000.000000,3,OPTFUT,NCDEX,200.000000,150,False
JEERAUNJHA09OCT26CE25200FOCT26,JEERAUNJHA09OCT26CE25200FOCT26,JEERAUNJHA,09OCT2026,2520000.000000,3,OPTFUT,NCDEX,200.000000,150,False
JEERAUNJHA09OCT26CE25600FOCT26,JEERAUNJHA09OCT26CE25600FOCT26,JEERAUNJHA,09OCT2026,2560000.000000,3,OPTFUT,NCDEX,200.000000,150,False
JEERAUNJHA09OCT26PE19200FOCT26,JEERAUNJHA09OCT26PE19200FOCT26,JEERAUNJHA,09OCT2026,1920000.000000,3,OPTFUT,NCDEX,200.000000,150,False
JEERAUNJHA09OCT26PE20400FOCT26,JEERAUNJHA09OCT26PE20400FOCT26,JEERAUNJHA,09OCT2026,2040000.000000,3,OPTFUT,NCDEX,200.000000,150,False
JEERAUNJHA09OCT26PE22400FOCT26,JEERAUNJHA09OCT26PE22400FOCT26,JEERAUNJHA,09OCT2026,2240000.000000,3,OPTFUT,NCDEX,200.000000,150,False
JEERAUNJHA09OCT26PE24800FOCT26,JEERAUNJHA09OCT26PE24800FOCT26,JEERAUNJHA,09OCT2026,2480000.000000,3,OPTFUT,NCDEX,200.000000,150,False
JEERAUNJHA10DEC26CE18400FDEC26,JEERAUNJHA10DEC26CE18400FDEC26,JEERAUNJHA,10DEC2026,1840000.000000,3,OPTFUT,NCDEX,200.000000,150,False
JEERAUNJHA10DEC26CE18800FDEC26,JEERAUNJHA10DEC26CE18800FDEC26,JEERAUNJHA,10DEC2026,1880000.000000,3,OPTFUT,NCDEX,200.000000,150,False
JEERAUNJHA10DEC26CE21200FDEC26,JEERAUNJHA10DEC26CE21200FDEC26,JEERAUNJHA,10DEC2026,2120000.000000,3,OPTFUT,NCDEX,200.000000,150,False
JEERAUNJHA10DEC26PE19200FDEC26,JEERAUNJHA10DEC26PE19200FDEC26,JEERAUNJHA,10DEC2026,1920000.000000,3,OPTFUT,NCDEX,200.000000,150,False
JEERAUNJHA10DEC26PE21200FDEC26,JEERAUNJHA10DEC26PE21200FDEC26,JEERAUNJHA,10DEC2026,2120000.000000,3,OPTFUT,NCDEX,200.000000,150,False
JEERAUNJHA10DEC26PE23600FDEC26,JEERAUNJHA10DEC26PE23600FDEC26,JEERAUNJHA,10DEC2026,2360000.000000,3,OPTFUT,NCDEX,200.000000,150,False
JEERAUNJHA10DEC26PE25200FDEC26,JEERAUNJHA10DEC26PE25200FDEC26,JEERAUNJHA,10DEC2026,2520000.000000,3,OPTFUT,NCDEX,200.000000,150,False
JEERAUNJHA10DEC26PE25600FDEC26,JEERAUNJHA10DEC26PE25600FDEC26,JEERAUNJHA,10DEC2026,2560000.000000,3,OPTFUT,NCDEX,200.000000,150,False
JEERAUNJHA12JAN27CE22800FJAN27,JEERAUNJHA12JAN27CE22800FJAN27,JEERAUNJHA,12JAN2027,2280000.000000,3,OPTFUT,NCDEX,200.000000,150,False
JEERAUNJHA12JAN27CE27200FJAN27,JEERAUNJHA12JAN27CE27200FJAN27,JEERAUNJHA,12JAN2027,2720000.000000,3,OPTFUT,NCDEX,200.000000,150,False
JEERAUNJHA12JAN27PE23600FJAN27,JEERAUNJHA12JAN27PE23600FJAN27,JEERAUNJHA,12JAN2027,2360000.000000,3,OPTFUT,NCDEX,200.000000,150,False
JEERAUNJHA12JAN27PE25600FJAN27,JEERAUNJHA12JAN27PE25600FJAN27,JEERAUNJHA,12JAN2027,2560000.000000,3,OPTFUT,NCDEX,200.000000,150,False
JEERAUNJHA12NOV26CE19200FNOV26,JEERAUNJHA12NOV26CE19200FNOV26,JEERAUNJHA,12NOV2026,1920000.000000,3,OPTFUT,NCDEX,200.000000,150,False
JEERAUNJHA12NOV26CE24000FNOV26,JEERAUNJHA12NOV26CE24000FNOV26,JEERAUNJHA,12NOV2026,2400000.000000,3,OPTFUT,NCDEX,200.000000,150,False
JEERAUNJHA12NOV26CE25200FNOV26,JEERAUNJHA12NOV26CE25200FNOV26,JEERAUNJHA,12NOV2026,2520000.000000,3,OPTFUT,NCDEX,200.000000,150,False
JEERAUNJHA12NOV26PE24400FNOV26,JEERAUNJHA12NOV26PE24400FNOV26,JEERAUNJHA,12NOV2026,2440000.000000,3,OPTFUT,NCDEX,200.000000,150,False
JEERAUNJHA12NOV26PE24800FNOV26,JEERAUNJHA12NOV26PE24800FNOV26,JEERAUNJHA,12NOV2026,2480000.000000,3,OPTFUT,NCDEX,200.000000,150,False
JEERAUNJHA12NOV26PE26000FNOV26,JEERAUNJHA12NOV26PE26000FNOV26,JEERAUNJHA,12NOV2026,2600000.000000,3,OPTFUT,NCDEX,200.000000,150,False
KAPAS26FEB2027,KAPAS26FEB2027,KAPAS,26FEB2027,-1.000000,1,FUTCOM,NCDEX,50.000000,50,False
MAIZE18DEC2026,MAIZE18DEC2026,MAIZE,18DEC2026,-1.000000,10,FUTCOM,NCDEX,100.000000,500,False
STEEL18SEP2026,STEEL18SEP2026,STEEL,18SEP2026,-1.000000,10,FUTCOM,NCDEX,1000.000000,500,False
STEEL20NOV2026,STEEL20NOV2026,STEEL,20NOV2026,-1.000000,10,FUTCOM,NCDEX,1000.000000,500,False
TMCFGRNZM08OCT26CE17400FOCT26,TMCFGRNZM08OCT26CE17400FOCT26,TMCFGRNZM,08OCT2026,1740000.000000,5,OPTFUT,NCDEX,100.000000,250,False
SUNOIL30OCT2026,SUNOIL30OCT2026,SUNOIL,30OCT2026,-1.000000,5,FUTCOM,NCDEX,10.000000,500,False
TMCFGRNZM08OCT26CE16800FOCT26,TMCFGRNZM08OCT26CE16800FOCT26,TMCFGRNZM,08OCT2026,1680000.000000,5,OPTFUT,NCDEX,100.000000,250,False
TMCFGRNZM08OCT26PE15000FOCT26,TMCFGRNZM08OCT26PE15000FOCT26,TMCFGRNZM,08OCT2026,1500000.000000,5,OPTFUT,NCDEX,100.000000,250,False
TMCFGRNZM08OCT26PE15200FOCT26,TMCFGRNZM08OCT26PE15200FOCT26,TMCFGRNZM,08OCT2026,1520000.000000,5,OPTFUT,NCDEX,100.000000,250,False
TMCFGRNZM08OCT26PE15800FOCT26,TMCFGRNZM08OCT26PE15800FOCT26,TMCFGRNZM,08OCT2026,1580000.000000,5,OPTFUT,NCDEX,100.000000,250,False
TMCFGRNZM08OCT26PE21400FOCT26,TMCFGRNZM08OCT26PE21400FOCT26,TMCFGRNZM,08OCT2026,2140000.000000,5,OPTFUT,NCDEX,100.000000,250,False
TMCFGRNZM08OCT26PE21800FOCT26,TMCFGRNZM08OCT26PE21800FOCT26,TMCFGRNZM,08OCT2026,2180000.000000,5,OPTFUT,NCDEX,100.000000,250,False
TMCFGRNZM10DEC26CE17000FDEC26,TMCFGRNZM10DEC26CE17000FDEC26,TMCFGRNZM,10DEC2026,1700000.000000,5,OPTFUT,NCDEX,100.000000,250,False
TMCFGRNZM08OCT26PE23200FOCT26,TMCFGRNZM08OCT26PE23200FOCT26,TMCFGRNZM,08OCT2026,2320000.000000,5,OPTFUT,NCDEX,100.000000,250,False
TMCFGRNZM10DEC26CE16600FDEC26,TMCFGRNZM10DEC26CE16600FDEC26,TMCFGRNZM,10DEC2026,1660000.000000,5,OPTFUT,NCDEX,100.000000,250,False
TMCFGRNZM10DEC26CE18600FDEC26,TMCFGRNZM10DEC26CE18600FDEC26,TMCFGRNZM,10DEC2026,1860000.000000,5,OPTFUT,NCDEX,100.000000,250,False
TMCFGRNZM10DEC26CE20200FDEC26,TMCFGRNZM10DEC26CE20200FDEC26,TMCFGRNZM,10DEC2026,2020000.000000,5,OPTFUT,NCDEX,100.000000,250,False
TMCFGRNZM10DEC26CE22800FDEC26,TMCFGRNZM10DEC26CE22800FDEC26,TMCFGRNZM,10DEC2026,2280000.000000,5,OPTFUT,NCDEX,100.000000,250,False
TMCFGRNZM10DEC26PE17600FDEC26,TMCFGRNZM10DEC26PE17600FDEC26,TMCFGRNZM,10DEC2026,1760000.000000,5,OPTFUT,NCDEX,100.000000,250,False
TMCFGRNZM10DEC26PE18800FDEC26,TMCFGRNZM10DEC26PE18800FDEC26,TMCFGRNZM,10DEC2026,1880000.000000,5,OPTFUT,NCDEX,100.000000,250,False
TMCFGRNZM10DEC26PE19800FDEC26,TMCFGRNZM10DEC26PE19800FDEC26,TMCFGRNZM,10DEC2026,1980000.000000,5,OPTFUT,NCDEX,100.000000,250,False
TMCFGRNZM10DEC26PE21000FDEC26,TMCFGRNZM10DEC26PE21000FDEC26,TMCFGRNZM,10DEC2026,2100000.000000,5,OPTFUT,NCDEX,100.000000,250,False
TMCFGRNZM10DEC26PE21600FDEC26,TMCFGRNZM10DEC26PE21600FDEC26,TMCFGRNZM,10DEC2026,2160000.000000,5,OPTFUT,NCDEX,100.000000,250,False
TMCFGRNZM10DEC26PE21800FDEC26,TMCFGRNZM10DEC26PE21800FDEC26,TMCFGRNZM,10DEC2026,2180000.000000,5,OPTFUT,NCDEX,100.000000,250,False
TMCFGRNZM10DEC26PE23200FDEC26,TMCFGRNZM10DEC26PE23200FDEC26,TMCFGRNZM,10DEC2026,2320000.000000,5,OPTFUT,NCDEX,100.000000,250,False
TMCFGRNZM18DEC2026,TMCFGRNZM18DEC2026,TMCFGRNZM,18DEC2026,-1.000000,5,FUTCOM,NCDEX,200.000000,250,False
BAJRA,BAJRA,BAJRA,,-1.000000,10,COMDTY,NCDEX,100.000000,500,False
BAJRA20JAN2027,BAJRA20JAN2027,BAJRA,20JAN2027,-1.000000,10,FUTCOM,NCDEX,100.000000,500,False
BARLEYJPR19OCT2026,BARLEYJPR19OCT2026,BARLEYJPR,19OCT2026,-1.000000,10,FUTCOM,NCDEX,50.000000,500,False
CASTOR,CASTOR,CASTOR,,-1.000000,5,COMDTY,NCDEX,100.000000,500,False
CASTOR20NOV2026,CASTOR20NOV2026,CASTOR,20NOV2026,-1.000000,5,FUTCOM,NCDEX,100.000000,500,False
COTTON20APR2027,COTTON20APR2027,COTTON,20APR2027,-1.000000,1,FUTCOM,NCDEX,1000.000000,50,False
DHANIYA09OCT26CE11400FOCT26,DHANIYA09OCT26CE11400FOCT26,DHANIYA,09OCT2026,1140000.000000,5,OPTFUT,NCDEX,100.000000,500,False
DHANIYA09OCT26CE11600FOCT26,DHANIYA09OCT26CE11600FOCT26,DHANIYA,09OCT2026,1160000.000000,5,OPTFUT,NCDEX,100.000000,500,False
DHANIYA09OCT26CE13800FOCT26,DHANIYA09OCT26CE13800FOCT26,DHANIYA,09OCT2026,1380000.000000,5,OPTFUT,NCDEX,100.000000,500,False
DHANIYA09OCT26CE14600FOCT26,DHANIYA09OCT26CE14600FOCT26,DHANIYA,09OCT2026,1460000.000000,5,OPTFUT,NCDEX,100.000000,500,False
DHANIYA09OCT26CE15000FOCT26,DHANIYA09OCT26CE15000FOCT26,DHANIYA,09OCT2026,1500000.000000,5,OPTFUT,NCDEX,100.000000,500,False
DHANIYA09OCT26PE11600FOCT26,DHANIYA09OCT26PE11600FOCT26,DHANIYA,09OCT2026,1160000.000000,5,OPTFUT,NCDEX,100.000000,500,False
DHANIYA09OCT26PE13500FOCT26,DHANIYA09OCT26PE13500FOCT26,DHANIYA,09OCT2026,1350000.000000,5,OPTFUT,NCDEX,100.000000,500,False
DHANIYA09OCT26PE14400FOCT26,DHANIYA09OCT26PE14400FOCT26,DHANIYA,09OCT2026,1440000.000000,5,OPTFUT,NCDEX,100.000000,500,False
DHANIYA09OCT26PE14900FOCT26,DHANIYA09OCT26PE14900FOCT26,DHANIYA,09OCT2026,1490000.000000,5,OPTFUT,NCDEX,100.000000,500,False
DHANIYA09OCT26PE15500FOCT26,DHANIYA09OCT26PE15500FOCT26,DHANIYA,09OCT2026,1550000.000000,5,OPTFUT,NCDEX,100.000000,500,False
DHANIYA09OCT26PE15900FOCT26,DHANIYA09OCT26PE15900FOCT26,DHANIYA,09OCT2026,1590000.000000,5,OPTFUT,NCDEX,100.000000,500,False
DHANIYA10DEC26CE13000FDEC26,DHANIYA10DEC26CE13000FDEC26,DHANIYA,10DEC2026,1300000.000000,5,OPTFUT,NCDEX,100.000000,500,False
DHANIYA10DEC26CE13200FDEC26,DHANIYA10DEC26CE13200FDEC26,DHANIYA,10DEC2026,1320000.000000,5,OPTFUT,NCDEX,100.000000,500,False
DHANIYA10DEC26CE13600FDEC26,DHANIYA10DEC26CE13600FDEC26,DHANIYA,10DEC2026,1360000.000000,5,OPTFUT,NCDEX,100.000000,500,False
DHANIYA10DEC26CE14100FDEC26,DHANIYA10DEC26CE14100FDEC26,DHANIYA,10DEC2026,1410000.000000,5,OPTFUT,NCDEX,100.000000,500,False
DHANIYA10DEC26CE14700FDEC26,DHANIYA10DEC26CE14700FDEC26,DHANIYA,10DEC2026,1470000.000000,5,OPTFUT,NCDEX,100.000000,500,False
DHANIYA10DEC26PE13200FDEC26,DHANIYA10DEC26PE13200FDEC26,DHANIYA,10DEC2026,1320000.000000,5,OPTFUT,NCDEX,100.000000,500,False
DHANIYA10DEC26PE14400FDEC26,DHANIYA10DEC26PE14400FDEC26,DHANIYA,10DEC2026,1440000.000000,5,OPTFUT,NCDEX,100.000000,500,False
DHANIYA10DEC26PE17500FDEC26,DHANIYA10DEC26PE17500FDEC26,DHANIYA,10DEC2026,1750000.000000,5,OPTFUT,NCDEX,100.000000,500,False
DHANIYA12JAN27CE15500FJAN27,DHANIYA12JAN27CE15500FJAN27,DHANIYA,12JAN2027,1550000.000000,5,OPTFUT,NCDEX,100.000000,500,False
DHANIYA12JAN27CE15600FJAN27,DHANIYA12JAN27CE15600FJAN27,DHANIYA,12JAN2027,1560000.000000,5,OPTFUT,NCDEX,100.000000,500,False
DHANIYA12JAN27CE16000FJAN27,DHANIYA12JAN27CE16000FJAN27,DHANIYA,12JAN2027,1600000.000000,5,OPTFUT,NCDEX,100.000000,500,False
DHANIYA12JAN27CE16700FJAN27,DHANIYA12JAN27CE16700FJAN27,DHANIYA,12JAN2027,1670000.000000,5,OPTFUT,NCDEX,100.000000,500,False
DHANIYA12JAN27PE15400FJAN27,DHANIYA12JAN27PE15400FJAN27,DHANIYA,12JAN2027,1540000.000000,5,OPTFUT,NCDEX,100.000000,500,False
DHANIYA12JAN27PE16500FJAN27,DHANIYA12JAN27PE16500FJAN27,DHANIYA,12JAN2027,1650000.000000,5,OPTFUT,NCDEX,100.000000,500,False
DHANIYA12JAN27PE17600FJAN27,DHANIYA12JAN27PE17600FJAN27,DHANIYA,12JAN2027,1760000.000000,5,OPTFUT,NCDEX,100.000000,500,False
DHANIYA19OCT2026,DHANIYA19OCT2026,DHANIYA,19OCT2026,-1.000000,5,FUTCOM,NCDEX,200.000000,500,False
GUARGUM516OCT2026,GUARGUM516OCT2026,GUARGUM5,16OCT2026,-1.000000,5,FUTCOM,NCDEX,100.000000,250,False
GUARGUM524DEC26CE13200FJAN27,GUARGUM524DEC26CE13200FJAN27,GUARGUM5,24DEC2026,1320000.000000,5,OPTFUT,NCDEX,50.000000,250,False
GUARGUM524DEC26CE14200FJAN27,GUARGUM524DEC26CE14200FJAN27,GUARGUM5,24DEC2026,1420000.000000,5,OPTFUT,NCDEX,50.000000,250,False
GUARGUM524DEC26CE14400FJAN27,GUARGUM524DEC26CE14400FJAN27,GUARGUM5,24DEC2026,1440000.000000,5,OPTFUT,NCDEX,50.000000,250,False
GUARGUM524DEC26CE14800FJAN27,GUARGUM524DEC26CE14800FJAN27,GUARGUM5,24DEC2026,1480000.000000,5,OPTFUT,NCDEX,50.000000,250,False
GUARGUM524DEC26CE15600FJAN27,GUARGUM524DEC26CE15600FJAN27,GUARGUM5,24DEC2026,1560000.000000,5,OPTFUT,NCDEX,50.000000,250,False
GUARGUM524DEC26PE10200FJAN27,GUARGUM524DEC26PE10200FJAN27,GUARGUM5,24DEC2026,1020000.000000,5,OPTFUT,NCDEX,50.000000,250,False
GUARGUM524DEC26PE10800FJAN27,GUARGUM524DEC26PE10800FJAN27,GUARGUM5,24DEC2026,1080000.000000,5,OPTFUT,NCDEX,50.000000,250,False
GUARGUM524DEC26PE15200FJAN27,GUARGUM524DEC26PE15200FJAN27,GUARGUM5,24DEC2026,1520000.000000,5,OPTFUT,NCDEX,50.000000,250,False
GUARGUM524DEC26PE15400FJAN27,GUARGUM524DEC26PE15400FJAN27,GUARGUM5,24DEC2026,1540000.000000,5,OPTFUT,NCDEX,50.000000,250,False
GUARGUM525SEP26CE12400FOCT26,GUARGUM525SEP26CE12400FOCT26,GUARGUM5,25SEP2026,1240000.000000,5,OPTFUT,NCDEX,50.000000,250,False
GUARGUM525SEP26CE15600FOCT26,GUARGUM525SEP26CE15600FOCT26,GUARGUM5,25SEP2026,1560000.000000,5,OPTFUT,NCDEX,50.000000,250,False
GUARGUM525SEP26CE9200FOCT26,GUARGUM525SEP26CE9200FOCT26,GUARGUM5,25SEP2026,920000.000000,5,OPTFUT,NCDEX,50.000000,250,False
GUARGUM525SEP26CE9600FOCT26,GUARGUM525SEP26CE9600FOCT26,GUARGUM5,25SEP2026,960000.000000,5,OPTFUT,NCDEX,50.000000,250,False
GUARGUM525SEP26CE9800FOCT26,GUARGUM525SEP26CE9800FOCT26,GUARGUM5,25SEP2026,980000.000000,5,OPTFUT,NCDEX,50.000000,250,False
GUARGUM525SEP26PE10200FOCT26,GUARGUM525SEP26PE10200FOCT26,GUARGUM5,25SEP2026,1020000.000000,5,OPTFUT,NCDEX,50.000000,250,False
GUARGUM525SEP26PE10400FOCT26,GUARGUM525SEP26PE10400FOCT26,GUARGUM5,25SEP2026,1040000.000000,5,OPTFUT,NCDEX,50.000000,250,False
GUARGUM525SEP26PE12600FOCT26,GUARGUM525SEP26PE12600FOCT26,GUARGUM5,25SEP2026,1260000.000000,5,OPTFUT,NCDEX,50.000000,250,False
GUARGUM525SEP26PE13200FOCT26,GUARGUM525SEP26PE13200FOCT26,GUARGUM5,25SEP2026,1320000.000000,5,OPTFUT,NCDEX,50.000000,250,False
GUARGUM525SEP26PE13600FOCT26,GUARGUM525SEP26PE13600FOCT26,GUARGUM5,25SEP2026,1360000.000000,5,OPTFUT,NCDEX,50.000000,250,False
GUARGUM525SEP26PE15600FOCT26,GUARGUM525SEP26PE15600FOCT26,GUARGUM5,25SEP2026,1560000.000000,5,OPTFUT,NCDEX,50.000000,250,False
GUARGUM526FEB27CE13000FMAR27,GUARGUM526FEB27CE13000FMAR27,GUARGUM5,26FEB2027,1300000.000000,5,OPTFUT,NCDEX,50.000000,250,False
GUARGUM526FEB27CE13200FMAR27,GUARGUM526FEB27CE13200FMAR27,GUARGUM5,26FEB2027,1320000.000000,5,OPTFUT,NCDEX,50.000000,250,False
GUARGUM526FEB27CE15000FMAR27,GUARGUM526FEB27CE15000FMAR27,GUARGUM5,26FEB2027,1500000.000000,5,OPTFUT,NCDEX,50.000000,250,False
GUARGUM526FEB27CE15800FMAR27,GUARGUM526FEB27CE15800FMAR27,GUARGUM5,26FEB2027,1580000.000000,5,OPTFUT,NCDEX,50.000000,250,False
GUARGUM526FEB27PE12800FMAR27,GUARGUM526FEB27PE12800FMAR27,GUARGUM5,26FEB2027,1280000.000000,5,OPTFUT,NCDEX,50.000000,250,False
GUARGUM526FEB27PE14200FMAR27,GUARGUM526FEB27PE14200FMAR27,GUARGUM5,26FEB2027,1420000.000000,5,OPTFUT,NCDEX,50.000000,250,False
GUARGUM526FEB27PE15800FMAR27,GUARGUM526FEB27PE15800FMAR27,GUARGUM5,26FEB2027,1580000.000000,5,OPTFUT,NCDEX,50.000000,250,False
GUARGUM527NOV26CE13800FDEC26,GUARGUM527NOV26CE13800FDEC26,GUARGUM5,27NOV2026,1380000.000000,5,OPTFUT,NCDEX,50.000000,250,False
GUARGUM527NOV26CE14800FDEC26,GUARGUM527NOV26CE14800FDEC26,GUARGUM5,27NOV2026,1480000.000000,5,OPTFUT,NCDEX,50.000000,250,False
GUARGUM527NOV26CE15600FDEC26,GUARGUM527NOV26CE15600FDEC26,GUARGUM5,27NOV2026,1560000.000000,5,OPTFUT,NCDEX,50.000000,250,False
GUARGUM527NOV26PE14400FDEC26,GUARGUM527NOV26PE14400FDEC26,GUARGUM5,27NOV2026,1440000.000000,5,OPTFUT,NCDEX,50.000000,250,False
GUARGUM529JAN27CE13400FFEB27,GUARGUM529JAN27CE13400FFEB27,GUARGUM5,29JAN2027,1340000.000000,5,OPTFUT,NCDEX,50.000000,250,False
GUARGUM529JAN27CE14600FFEB27,GUARGUM529JAN27CE14600FFEB27,GUARGUM5,29JAN2027,1460000.000000,5,OPTFUT,NCDEX,50.000000,250,False
GUARGUM529JAN27PE12200FFEB27,GUARGUM529JAN27PE12200FFEB27,GUARGUM5,29JAN2027,1220000.000000,5,OPTFUT,NCDEX,50.000000,250,False
GUARGUM529JAN27PE14200FFEB27,GUARGUM529JAN27PE14200FFEB27,GUARGUM5,29JAN2027,1420000.000000,5,OPTFUT,NCDEX,50.000000,250,False
GUARGUM530OCT26CE10200FNOV26,GUARGUM530OCT26CE10200FNOV26,GUARGUM5,30OCT2026,1020000.000000,5,OPTFUT,NCDEX,50.000000,250,False
GUARGUM530OCT26CE12800FNOV26,GUARGUM530OCT26CE12800FNOV26,GUARGUM5,30OCT2026,1280000.000000,5,OPTFUT,NCDEX,50.000000,250,False
GUARGUM530OCT26CE14600FNOV26,GUARGUM530OCT26CE14600FNOV26,GUARGUM5,30OCT2026,1460000.000000,5,OPTFUT,NCDEX,50.000000,250,False
GUARGUM530OCT26PE10400FNOV26,GUARGUM530OCT26PE10400FNOV26,GUARGUM5,30OCT2026,1040000.000000,5,OPTFUT,NCDEX,50.000000,250,False
GUARGUM530OCT26PE11000FNOV26,GUARGUM530OCT26PE11000FNOV26,GUARGUM5,30OCT2026,1100000.000000,5,OPTFUT,NCDEX,50.000000,250,False
GUARGUM530OCT26PE11800FNOV26,GUARGUM530OCT26PE11800FNOV26,GUARGUM5,30OCT2026,1180000.000000,5,OPTFUT,NCDEX,50.000000,250,False
GUARGUM530OCT26PE14400FNOV26,GUARGUM530OCT26PE14400FNOV26,GUARGUM5,30OCT2026,1440000.000000,5,OPTFUT,NCDEX,50.000000,250,False
GUARGUM530OCT26PE15200FNOV26,GUARGUM530OCT26PE15200FNOV26,GUARGUM5,30OCT2026,1520000.000000,5,OPTFUT,NCDEX,50.000000,250,False
GUARSEED1016OCT2026,GUARSEED1016OCT2026,GUARSEED10,16OCT2026,-1.000000,5,FUTCOM,NCDEX,100.000000,500,False
GUARSEED1020NOV2026,GUARSEED1020NOV2026,GUARSEED10,20NOV2026,-1.000000,5,FUTCOM,NCDEX,100.000000,500,False
GUARSEED1024DEC26CE5800FJAN27,GUARSEED1024DEC26CE5800FJAN27,GUARSEED10,24DEC2026,580000.000000,5,OPTFUT,NCDEX,50.000000,500,False
GUARSEED1024DEC26CE6400FJAN27,GUARSEED1024DEC26CE6400FJAN27,GUARSEED10,24DEC2026,640000.000000,5,OPTFUT,NCDEX,50.000000,500,False
GUARSEED1024DEC26CE6600FJAN27,GUARSEED1024DEC26CE6600FJAN27,GUARSEED10,24DEC2026,660000.000000,5,OPTFUT,NCDEX,50.000000,500,False
GUARSEED1025SEP26CE5400FOCT26,GUARSEED1025SEP26CE5400FOCT26,GUARSEED10,25SEP2026,540000.000000,5,OPTFUT,NCDEX,50.000000,500,False
GUARSEED1025SEP26CE5700FOCT26,GUARSEED1025SEP26CE5700FOCT26,GUARSEED10,25SEP2026,570000.000000,5,OPTFUT,NCDEX,50.000000,500,False
GUARSEED1025SEP26CE6000FOCT26,GUARSEED1025SEP26CE6000FOCT26,GUARSEED10,25SEP2026,600000.000000,5,OPTFUT,NCDEX,50.000000,500,False
GUARSEED1025SEP26CE6100FOCT26,GUARSEED1025SEP26CE6100FOCT26,GUARSEED10,25SEP2026,610000.000000,5,OPTFUT,NCDEX,50.000000,500,False
GUARSEED1025SEP26CE6600FOCT26,GUARSEED1025SEP26CE6600FOCT26,GUARSEED10,25SEP2026,660000.000000,5,OPTFUT,NCDEX,50.000000,500,False
GUARSEED1025SEP26PE6200FOCT26,GUARSEED1025SEP26PE6200FOCT26,GUARSEED10,25SEP2026,620000.000000,5,OPTFUT,NCDEX,50.000000,500,False
GUARSEED1025SEP26PE6600FOCT26,GUARSEED1025SEP26PE6600FOCT26,GUARSEED10,25SEP2026,660000.000000,5,OPTFUT,NCDEX,50.000000,500,False
GUARSEED1026FEB27CE6600FMAR27,GUARSEED1026FEB27CE6600FMAR27,GUARSEED10,26FEB2027,660000.000000,5,OPTFUT,NCDEX,50.000000,500,False
GUARSEED1026FEB27CE7000FMAR27,GUARSEED1026FEB27CE7000FMAR27,GUARSEED10,26FEB2027,700000.000000,5,OPTFUT,NCDEX,50.000000,500,False
GUARSEED1026FEB27PE7100FMAR27,GUARSEED1026FEB27PE7100FMAR27,GUARSEED10,26FEB2027,710000.000000,5,OPTFUT,NCDEX,50.000000,500,False
GUARSEED1027NOV26CE5600FDEC26,GUARSEED1027NOV26CE5600FDEC26,GUARSEED10,27NOV2026,560000.000000,5,OPTFUT,NCDEX,50.000000,500,False
GUARSEED1027NOV26CE6400FDEC26,GUARSEED1027NOV26CE6400FDEC26,GUARSEED10,27NOV2026,640000.000000,5,OPTFUT,NCDEX,50.000000,500,False
GUARSEED1027NOV26CE6900FDEC26,GUARSEED1027NOV26CE6900FDEC26,GUARSEED10,27NOV2026,690000.000000,5,OPTFUT,NCDEX,50.000000,500,False
GUARSEED1027NOV26PE5500FDEC26,GUARSEED1027NOV26PE5500FDEC26,GUARSEED10,27NOV2026,550000.000000,5,OPTFUT,NCDEX,50.000000,500,False
GUARSEED1027NOV26PE6700FDEC26,GUARSEED1027NOV26PE6700FDEC26,GUARSEED10,27NOV2026,670000.000000,5,OPTFUT,NCDEX,50.000000,500,False
GUARSEED1029JAN27CE6100FFEB27,GUARSEED1029JAN27CE6100FFEB27,GUARSEED10,29JAN2027,610000.000000,5,OPTFUT,NCDEX,50.000000,500,False
GUARSEED1029JAN27CE7200FFEB27,GUARSEED1029JAN27CE7200FFEB27,GUARSEED10,29JAN2027,720000.000000,5,OPTFUT,NCDEX,50.000000,500,False
GUARSEED1029JAN27PE5800FFEB27,GUARSEED1029JAN27PE5800FFEB27,GUARSEED10,29JAN2027,580000.000000,5,OPTFUT,NCDEX,50.000000,500,False
GUARSEED1029JAN27PE6200FFEB27,GUARSEED1029JAN27PE6200FFEB27,GUARSEED10,29JAN2027,620000.000000,5,OPTFUT,NCDEX,50.000000,500,False
GUARSEED1029JAN27PE6300FFEB27,GUARSEED1029JAN27PE6300FFEB27,GUARSEED10,29JAN2027,630000.000000,5,OPTFUT,NCDEX,50.000000,500,False
GUARSEED1029JAN27PE6600FFEB27,GUARSEED1029JAN27PE6600FFEB27,GUARSEED10,29JAN2027,660000.000000,5,OPTFUT,NCDEX,50.000000,500,False
GUARSEED1029JAN27PE6700FFEB27,GUARSEED1029JAN27PE6700FFEB27,GUARSEED10,29JAN2027,670000.000000,5,OPTFUT,NCDEX,50.000000,500,False
GUARSEED1029JAN27PE7100FFEB27,GUARSEED1029JAN27PE7100FFEB27,GUARSEED10,29JAN2027,710000.000000,5,OPTFUT,NCDEX,50.000000,500,False
GUARSEED1030OCT26CE6400FNOV26,GUARSEED1030OCT26CE6400FNOV26,GUARSEED10,30OCT2026,640000.000000,5,OPTFUT,NCDEX,50.000000,500,False
GUARSEED1030OCT26CE7000FNOV26,GUARSEED1030OCT26CE7000FNOV26,GUARSEED10,30OCT2026,700000.000000,5,OPTFUT,NCDEX,50.000000,500,False
GUARSEED1030OCT26CE7300FNOV26,GUARSEED1030OCT26CE7300FNOV26,GUARSEED10,30OCT2026,730000.000000,5,OPTFUT,NCDEX,50.000000,500,False
GUARSEED1030OCT26PE6200FNOV26,GUARSEED1030OCT26PE6200FNOV26,GUARSEED10,30OCT2026,620000.000000,5,OPTFUT,NCDEX,50.000000,500,False
GUARSEED1030OCT26PE6300FNOV26,GUARSEED1030OCT26PE6300FNOV26,GUARSEED10,30OCT2026,630000.000000,5,OPTFUT,NCDEX,50.000000,500,False
GUARSEED1030OCT26PE7600FNOV26,GUARSEED1030OCT26PE7600FNOV26,GUARSEED10,30OCT2026,760000.000000,5,OPTFUT,NCDEX,50.000000,500,False
JEERAMINI,JEERAMINI,JEERAMINI,,-1.000000,1,COMDTY,NCDEX,500.000000,50,False
JEERAUNJHA09OCT26CE20000FOCT26,JEERAUNJHA09OCT26CE20000FOCT26,JEERAUNJHA,09OCT2026,2000000.000000,3,OPTFUT,NCDEX,200.000000,150,False
JEERAUNJHA09OCT26CE21200FOCT26,JEERAUNJHA09OCT26CE21200FOCT26,JEERAUNJHA,09OCT2026,2120000.000000,3,OPTFUT,NCDEX,200.000000,150,False
JEERAUNJHA09OCT26CE23200FOCT26,JEERAUNJHA09OCT26CE23200FOCT26,JEERAUNJHA,09OCT2026,2320000.000000,3,OPTFUT,NCDEX,200.000000,150,False
JEERAUNJHA09OCT26CE24000FOCT26,JEERAUNJHA09OCT26CE24000FOCT26,JEERAUNJHA,09OCT2026,2400000.000000,3,OPTFUT,NCDEX,200.000000,150,False
JEERAUNJHA09OCT26PE17600FOCT26,JEERAUNJHA09OCT26PE17600FOCT26,JEERAUNJHA,09OCT2026,1760000.000000,3,OPTFUT,NCDEX,200.000000,150,False
JEERAUNJHA09OCT26PE18000FOCT26,JEERAUNJHA09OCT26PE18000FOCT26,JEERAUNJHA,09OCT2026,1800000.000000,3,OPTFUT,NCDEX,200.000000,150,False
JEERAUNJHA09OCT26PE19600FOCT26,JEERAUNJHA09OCT26PE19600FOCT26,JEERAUNJHA,09OCT2026,1960000.000000,3,OPTFUT,NCDEX,200.000000,150,False
JEERAUNJHA10DEC26CE19200FDEC26,JEERAUNJHA10DEC26CE19200FDEC26,JEERAUNJHA,10DEC2026,1920000.000000,3,OPTFUT,NCDEX,200.000000,150,False
JEERAUNJHA10DEC26CE20800FDEC26,JEERAUNJHA10DEC26CE20800FDEC26,JEERAUNJHA,10DEC2026,2080000.000000,3,OPTFUT,NCDEX,200.000000,150,False
JEERAUNJHA10DEC26CE24000FDEC26,JEERAUNJHA10DEC26CE24000FDEC26,JEERAUNJHA,10DEC2026,2400000.000000,3,OPTFUT,NCDEX,200.000000,150,False
JEERAUNJHA10DEC26CE26000FDEC26,JEERAUNJHA10DEC26CE26000FDEC26,JEERAUNJHA,10DEC2026,2600000.000000,3,OPTFUT,NCDEX,200.000000,150,False
JEERAUNJHA10DEC26PE21600FDEC26,JEERAUNJHA10DEC26PE21600FDEC26,JEERAUNJHA,10DEC2026,2160000.000000,3,OPTFUT,NCDEX,200.000000,150,False
JEERAUNJHA10DEC26PE26400FDEC26,JEERAUNJHA10DEC26PE26400FDEC26,JEERAUNJHA,10DEC2026,2640000.000000,3,OPTFUT,NCDEX,200.000000,150,False
JEERAUNJHA12JAN27CE18800FJAN27,JEERAUNJHA12JAN27CE18800FJAN27,JEERAUNJHA,12JAN2027,1880000.000000,3,OPTFUT,NCDEX,200.000000,150,False
JEERAUNJHA12JAN27CE24400FJAN27,JEERAUNJHA12JAN27CE24400FJAN27,JEERAUNJHA,12JAN2027,2440000.000000,3,OPTFUT,NCDEX,200.000000,150,False
JEERAUNJHA12JAN27CE24800FJAN27,JEERAUNJHA12JAN27CE24800FJAN27,JEERAUNJHA,12JAN2027,2480000.000000,3,OPTFUT,NCDEX,200.000000,150,False
JEERAUNJHA12JAN27CE28000FJAN27,JEERAUNJHA12JAN27CE28000FJAN27,JEERAUNJHA,12JAN2027,2800000.000000,3,OPTFUT,NCDEX,200.000000,150,False
JEERAUNJHA12JAN27PE20000FJAN27,JEERAUNJHA12JAN27PE20000FJAN27,JEERAUNJHA,12JAN2027,2000000.000000,3,OPTFUT,NCDEX,200.000000,150,False
JEERAUNJHA12JAN27PE21200FJAN27,JEERAUNJHA12JAN27PE21200FJAN27,JEERAUNJHA,12JAN2027,2120000.000000,3,OPTFUT,NCDEX,200.000000,150,False
JEERAUNJHA12JAN27PE24400FJAN27,JEERAUNJHA12JAN27PE24400FJAN27,JEERAUNJHA,12JAN2027,2440000.000000,3,OPTFUT,NCDEX,200.000000,150,False
JEERAUNJHA12JAN27PE24800FJAN27,JEERAUNJHA12JAN27PE24800FJAN27,JEERAUNJHA,12JAN2027,2480000.000000,3,OPTFUT,NCDEX,200.000000,150,False
JEERAUNJHA12NOV26PE20800FNOV26,JEERAUNJHA12NOV26PE20800FNOV26,JEERAUNJHA,12NOV2026,2080000.000000,3,OPTFUT,NCDEX,200.000000,150,False
JEERAUNJHA12NOV26PE22800FNOV26,JEERAUNJHA12NOV26PE22800FNOV26,JEERAUNJHA,12NOV2026,2280000.000000,3,OPTFUT,NCDEX,200.000000,150,False
MAIZE18SEP2026,MAIZE18SEP2026,MAIZE,18SEP2026,-1.000000,10,FUTCOM,NCDEX,100.000000,500,False
PEPPER19OCT2026,PEPPER19OCT2026,PEPPER,19OCT2026,-1.000000,1,FUTCOM,NCDEX,10.000000,50,False
RAINCHNNAI27NOV2026,RAINCHNNAI27NOV2026,RAINCHNNAI,27NOV2026,-1.000000,1,FUTCOM,NCDEX,100.000000,50,False
RAINMUMBAI,RAINMUMBAI,RAINMUMBAI,,-1.000000,1,COMDTY,NCDEX,100.000000,50,False
STEEL19OCT2026,STEEL19OCT2026,STEEL,19OCT2026,-1.000000,10,FUTCOM,NCDEX,1000.000000,500,False
TMCFGRNZM08OCT26CE14600FOCT26,TMCFGRNZM08OCT26CE14600FOCT26,TMCFGRNZM,08OCT2026,1460000.000000,5,OPTFUT,NCDEX,100.000000,250,False
TMCFGRNZM08OCT26CE19000FOCT26,TMCFGRNZM08OCT26CE19000FOCT26,TMCFGRNZM,08OCT2026,1900000.000000,5,OPTFUT,NCDEX,100.000000,250,False
TMCFGRNZM08OCT26CE19400FOCT26,TMCFGRNZM08OCT26CE19400FOCT26,TMCFGRNZM,08OCT2026,1940000.000000,5,OPTFUT,NCDEX,100.000000,250,False
TMCFGRNZM08OCT26CE21400FOCT26,TMCFGRNZM08OCT26CE21400FOCT26,TMCFGRNZM,08OCT2026,2140000.000000,5,OPTFUT,NCDEX,100.000000,250,False
TMCFGRNZM08OCT26CE21800FOCT26,TMCFGRNZM08OCT26CE21800FOCT26,TMCFGRNZM,08OCT2026,2180000.000000,5,OPTFUT,NCDEX,100.000000,250,False
TMCFGRNZM08OCT26CE23400FOCT26,TMCFGRNZM08OCT26CE23400FOCT26,TMCFGRNZM,08OCT2026,2340000.000000,5,OPTFUT,NCDEX,100.000000,250,False
TMCFGRNZM08OCT26PE13600FOCT26,TMCFGRNZM08OCT26PE13600FOCT26,TMCFGRNZM,08OCT2026,1360000.000000,5,OPTFUT,NCDEX,100.000000,250,False
TMCFGRNZM08OCT26PE13800FOCT26,TMCFGRNZM08OCT26PE13800FOCT26,TMCFGRNZM,08OCT2026,1380000.000000,5,OPTFUT,NCDEX,100.000000,250,False
TMCFGRNZM08OCT26PE15400FOCT26,TMCFGRNZM08OCT26PE15400FOCT26,TMCFGRNZM,08OCT2026,1540000.000000,5,OPTFUT,NCDEX,100.000000,250,False
TMCFGRNZM08OCT26PE16800FOCT26,TMCFGRNZM08OCT26PE16800FOCT26,TMCFGRNZM,08OCT2026,1680000.000000,5,OPTFUT,NCDEX,100.000000,250,False
TMCFGRNZM08OCT26PE17000FOCT26,TMCFGRNZM08OCT26PE17000FOCT26,TMCFGRNZM,08OCT2026,1700000.000000,5,OPTFUT,NCDEX,100.000000,250,False
TMCFGRNZM08OCT26PE17200FOCT26,TMCFGRNZM08OCT26PE17200FOCT26,TMCFGRNZM,08OCT2026,1720000.000000,5,OPTFUT,NCDEX,100.000000,250,False
TMCFGRNZM08OCT26PE18200FOCT26,TMCFGRNZM08OCT26PE18200FOCT26,TMCFGRNZM,08OCT2026,1820000.000000,5,OPTFUT,NCDEX,100.000000,250,False
TMCFGRNZM08OCT26PE18400FOCT26,TMCFGRNZM08OCT26PE18400FOCT26,TMCFGRNZM,08OCT2026,1840000.000000,5,OPTFUT,NCDEX,100.000000,250,False
TMCFGRNZM08OCT26PE19600FOCT26,TMCFGRNZM08OCT26PE19600FOCT26,TMCFGRNZM,08OCT2026,1960000.000000,5,OPTFUT,NCDEX,100.000000,250,False
TMCFGRNZM08OCT26PE20600FOCT26,TMCFGRNZM08OCT26PE20600FOCT26,TMCFGRNZM,08OCT2026,2060000.000000,5,OPTFUT,NCDEX,100.000000,250,False
TMCFGRNZM08OCT26PE22600FOCT26,TMCFGRNZM08OCT26PE22600FOCT26,TMCFGRNZM,08OCT2026,2260000.000000,5,OPTFUT,NCDEX,100.000000,250,False
TMCFGRNZM10DEC26CE16200FDEC26,TMCFGRNZM10DEC26CE16200FDEC26,TMCFGRNZM,10DEC2026,1620000.000000,5,OPTFUT,NCDEX,100.000000,250,False
TMCFGRNZM10DEC26CE18400FDEC26,TMCFGRNZM10DEC26CE18400FDEC26,TMCFGRNZM,10DEC2026,1840000.000000,5,OPTFUT,NCDEX,100.000000,250,False
TMCFGRNZM10DEC26CE20600FDEC26,TMCFGRNZM10DEC26CE20600FDEC26,TMCFGRNZM,10DEC2026,2060000.000000,5,OPTFUT,NCDEX,100.000000,250,False
TMCFGRNZM10DEC26PE16800FDEC26,TMCFGRNZM10DEC26PE16800FDEC26,TMCFGRNZM,10DEC2026,1680000.000000,5,OPTFUT,NCDEX,100.000000,250,False
TMCFGRNZM10DEC26PE17800FDEC26,TMCFGRNZM10DEC26PE17800FDEC26,TMCFGRNZM,10DEC2026,1780000.000000,5,OPTFUT,NCDEX,100.000000,250,False
TMCFGRNZM16OCT2026,TMCFGRNZM16OCT2026,TMCFGRNZM,16OCT2026,-1.000000,5,FUTCOM,NCDEX,200.000000,250,False
YELLOWP,YELLOWP,YELLOWP,,-1.000000,5,COMDTY,NCDEX,100.000000,500,False
BARLEYJPR,BARLEYJPR,BARLEYJPR,,-1.000000,10,COMDTY,NCDEX,50.000000,500,False
BARLEYJPR18SEP2026,BARLEYJPR18SEP2026,BARLEYJPR,18SEP2026,-1.000000,10,FUTCOM,NCDEX,50.000000,500,False
CASTOR18SEP2026,CASTOR18SEP2026,CASTOR,18SEP2026,-1.000000,5,FUTCOM,NCDEX,100.000000,500,False
CASTOROIL,CASTOROIL,CASTOROIL,,-1.000000,2,COMDTY,NCDEX,50.000000,200,False
CASTOROIL18DEC2026,CASTOROIL18DEC2026,CASTOROIL,18DEC2026,-1.000000,2,FUTCOM,NCDEX,50.000000,200,False
CASTOROIL18SEP2026,CASTOROIL18SEP2026,CASTOROIL,18SEP2026,-1.000000,2,FUTCOM,NCDEX,50.000000,200,False
COTTON20NOV2026,COTTON20NOV2026,COTTON,20NOV2026,-1.000000,1,FUTCOM,NCDEX,1000.000000,50,False
COTWASOIL,COTWASOIL,COTWASOIL,,-1.000000,1,COMDTY,NCDEX,10.000000,500,False
DHANIYA09OCT26CE12500FOCT26,DHANIYA09OCT26CE12500FOCT26,DHANIYA,09OCT2026,1250000.000000,5,OPTFUT,NCDEX,100.000000,500,False
DHANIYA09OCT26CE12600FOCT26,DHANIYA09OCT26CE12600FOCT26,DHANIYA,09OCT2026,1260000.000000,5,OPTFUT,NCDEX,100.000000,500,False
DHANIYA09OCT26CE13700FOCT26,DHANIYA09OCT26CE13700FOCT26,DHANIYA,09OCT2026,1370000.000000,5,OPTFUT,NCDEX,100.000000,500,False
DHANIYA09OCT26CE14200FOCT26,DHANIYA09OCT26CE14200FOCT26,DHANIYA,09OCT2026,1420000.000000,5,OPTFUT,NCDEX,100.000000,500,False
DHANIYA09OCT26CE16900FOCT26,DHANIYA09OCT26CE16900FOCT26,DHANIYA,09OCT2026,1690000.000000,5,OPTFUT,NCDEX,100.000000,500,False
DHANIYA09OCT26CE17800FOCT26,DHANIYA09OCT26CE17800FOCT26,DHANIYA,09OCT2026,1780000.000000,5,OPTFUT,NCDEX,100.000000,500,False
DHANIYA09OCT26PE11700FOCT26,DHANIYA09OCT26PE11700FOCT26,DHANIYA,09OCT2026,1170000.000000,5,OPTFUT,NCDEX,100.000000,500,False
DHANIYA09OCT26PE13400FOCT26,DHANIYA09OCT26PE13400FOCT26,DHANIYA,09OCT2026,1340000.000000,5,OPTFUT,NCDEX,100.000000,500,False
DHANIYA09OCT26PE14200FOCT26,DHANIYA09OCT26PE14200FOCT26,DHANIYA,09OCT2026,1420000.000000,5,OPTFUT,NCDEX,100.000000,500,False
DHANIYA09OCT26PE14500FOCT26,DHANIYA09OCT26PE14500FOCT26,DHANIYA,09OCT2026,1450000.000000,5,OPTFUT,NCDEX,100.000000,500,False
DHANIYA09OCT26PE14700FOCT26,DHANIYA09OCT26PE14700FOCT26,DHANIYA,09OCT2026,1470000.000000,5,OPTFUT,NCDEX,100.000000,500,False
DHANIYA09OCT26PE16700FOCT26,DHANIYA09OCT26PE16700FOCT26,DHANIYA,09OCT2026,1670000.000000,5,OPTFUT,NCDEX,100.000000,500,False
DHANIYA09OCT26PE17000FOCT26,DHANIYA09OCT26PE17000FOCT26,DHANIYA,09OCT2026,1700000.000000,5,OPTFUT,NCDEX,100.000000,500,False
DHANIYA09OCT26PE17300FOCT26,DHANIYA09OCT26PE17300FOCT26,DHANIYA,09OCT2026,1730000.000000,5,OPTFUT,NCDEX,100.000000,500,False
DHANIYA10DEC26CE12400FDEC26,DHANIYA10DEC26CE12400FDEC26,DHANIYA,10DEC2026,1240000.000000,5,OPTFUT,NCDEX,100.000000,500,False
DHANIYA10DEC26CE12800FDEC26,DHANIYA10DEC26CE12800FDEC26,DHANIYA,10DEC2026,1280000.000000,5,OPTFUT,NCDEX,100.000000,500,False
DHANIYA10DEC26CE14900FDEC26,DHANIYA10DEC26CE14900FDEC26,DHANIYA,10DEC2026,1490000.000000,5,OPTFUT,NCDEX,100.000000,500,False
DHANIYA10DEC26CE15700FDEC26,DHANIYA10DEC26CE15700FDEC26,DHANIYA,10DEC2026,1570000.000000,5,OPTFUT,NCDEX,100.000000,500,False
DHANIYA10DEC26CE16300FDEC26,DHANIYA10DEC26CE16300FDEC26,DHANIYA,10DEC2026,1630000.000000,5,OPTFUT,NCDEX,100.000000,500,False
DHANIYA10DEC26CE16800FDEC26,DHANIYA10DEC26CE16800FDEC26,DHANIYA,10DEC2026,1680000.000000,5,OPTFUT,NCDEX,100.000000,500,False
DHANIYA10DEC26CE16900FDEC26,DHANIYA10DEC26CE16900FDEC26,DHANIYA,10DEC2026,1690000.000000,5,OPTFUT,NCDEX,100.000000,500,False
DHANIYA10DEC26PE15000FDEC26,DHANIYA10DEC26PE15000FDEC26,DHANIYA,10DEC2026,1500000.000000,5,OPTFUT,NCDEX,100.000000,500,False
DHANIYA10DEC26PE15100FDEC26,DHANIYA10DEC26PE15100FDEC26,DHANIYA,10DEC2026,1510000.000000,5,OPTFUT,NCDEX,100.000000,500,False
DHANIYA10DEC26PE17300FDEC26,DHANIYA10DEC26PE17300FDEC26,DHANIYA,10DEC2026,1730000.000000,5,OPTFUT,NCDEX,100.000000,500,False
DHANIYA10DEC26PE17900FDEC26,DHANIYA10DEC26PE17900FDEC26,DHANIYA,10DEC2026,1790000.000000,5,OPTFUT,NCDEX,100.000000,500,False
DHANIYA10DEC26PE18000FDEC26,DHANIYA10DEC26PE18000FDEC26,DHANIYA,10DEC2026,1800000.000000,5,OPTFUT,NCDEX,100.000000,500,False
DHANIYA12JAN27PE15000FJAN27,DHANIYA12JAN27PE15000FJAN27,DHANIYA,12JAN2027,1500000.000000,5,OPTFUT,NCDEX,100.000000,500,False
DHANIYA12JAN27PE16100FJAN27,DHANIYA12JAN27PE16100FJAN27,DHANIYA,12JAN2027,1610000.000000,5,OPTFUT,NCDEX,100.000000,500,False
GROUNDNUT,GROUNDNUT,GROUNDNUT,,-1.000000,5,COMDTY,NCDEX,100.000000,500,False
GUARGUM524DEC26CE10400FJAN27,GUARGUM524DEC26CE10400FJAN27,GUARGUM5,24DEC2026,1040000.000000,5,OPTFUT,NCDEX,50.000000,250,False
GUARGUM524DEC26CE10800FJAN27,GUARGUM524DEC26CE10800FJAN27,GUARGUM5,24DEC2026,1080000.000000,5,OPTFUT,NCDEX,50.000000,250,False
GUARGUM524DEC26CE11000FJAN27,GUARGUM524DEC26CE11000FJAN27,GUARGUM5,24DEC2026,1100000.000000,5,OPTFUT,NCDEX,50.000000,250,False
GUARGUM524DEC26CE11800FJAN27,GUARGUM524DEC26CE11800FJAN27,GUARGUM5,24DEC2026,1180000.000000,5,OPTFUT,NCDEX,50.000000,250,False
GUARGUM524DEC26CE12400FJAN27,GUARGUM524DEC26CE12400FJAN27,GUARGUM5,24DEC2026,1240000.000000,5,OPTFUT,NCDEX,50.000000,250,False
GUARGUM524DEC26CE14600FJAN27,GUARGUM524DEC26CE14600FJAN27,GUARGUM5,24DEC2026,1460000.000000,5,OPTFUT,NCDEX,50.000000,250,False
GUARGUM524DEC26CE15800FJAN27,GUARGUM524DEC26CE15800FJAN27,GUARGUM5,24DEC2026,1580000.000000,5,OPTFUT,NCDEX,50.000000,250,False
GUARGUM524DEC26PE10400FJAN27,GUARGUM524DEC26PE10400FJAN27,GUARGUM5,24DEC2026,1040000.000000,5,OPTFUT,NCDEX,50.000000,250,False
GUARGUM524DEC26PE11600FJAN27,GUARGUM524DEC26PE11600FJAN27,GUARGUM5,24DEC2026,1160000.000000,5,OPTFUT,NCDEX,50.000000,250,False
GUARGUM524DEC26PE13600FJAN27,GUARGUM524DEC26PE13600FJAN27,GUARGUM5,24DEC2026,1360000.000000,5,OPTFUT,NCDEX,50.000000,250,False
GUARGUM525SEP26CE10800FOCT26,GUARGUM525SEP26CE10800FOCT26,GUARGUM5,25SEP2026,1080000.000000,5,OPTFUT,NCDEX,50.000000,250,False
GUARGUM525SEP26CE11200FOCT26,GUARGUM525SEP26CE11200FOCT26,GUARGUM5,25SEP2026,1120000.000000,5,OPTFUT,NCDEX,50.000000,250,False
GUARGUM525SEP26CE12200FOCT26,GUARGUM525SEP26CE12200FOCT26,GUARGUM5,25SEP2026,1220000.000000,5,OPTFUT,NCDEX,50.000000,250,False
GUARGUM525SEP26CE14400FOCT26,GUARGUM525SEP26CE14400FOCT26,GUARGUM5,25SEP2026,1440000.000000,5,OPTFUT,NCDEX,50.000000,250,False
GUARGUM525SEP26PE10000FOCT26,GUARGUM525SEP26PE10000FOCT26,GUARGUM5,25SEP2026,1000000.000000,5,OPTFUT,NCDEX,50.000000,250,False
GUARGUM525SEP26PE15400FOCT26,GUARGUM525SEP26PE15400FOCT26,GUARGUM5,25SEP2026,1540000.000000,5,OPTFUT,NCDEX,50.000000,250,False
GUARGUM526FEB27CE12400FMAR27,GUARGUM526FEB27CE12400FMAR27,GUARGUM5,26FEB2027,1240000.000000,5,OPTFUT,NCDEX,50.000000,250,False
GUARGUM526FEB27CE13600FMAR27,GUARGUM526FEB27CE13600FMAR27,GUARGUM5,26FEB2027,1360000.000000,5,OPTFUT,NCDEX,50.000000,250,False
GUARGUM526FEB27CE14000FMAR27,GUARGUM526FEB27CE14000FMAR27,GUARGUM5,26FEB2027,1400000.000000,5,OPTFUT,NCDEX,50.000000,250,False
GUARGUM526FEB27PE15600FMAR27,GUARGUM526FEB27PE15600FMAR27,GUARGUM5,26FEB2027,1560000.000000,5,OPTFUT,NCDEX,50.000000,250,False
GUARGUM526FEB27PE16000FMAR27,GUARGUM526FEB27PE16000FMAR27,GUARGUM5,26FEB2027,1600000.000000,5,OPTFUT,NCDEX,50.000000,250,False
GUARGUM527NOV26CE11200FDEC26,GUARGUM527NOV26CE11200FDEC26,GUARGUM5,27NOV2026,1120000.000000,5,OPTFUT,NCDEX,50.000000,250,False
GUARGUM527NOV26CE14200FDEC26,GUARGUM527NOV26CE14200FDEC26,GUARGUM5,27NOV2026,1420000.000000,5,OPTFUT,NCDEX,50.000000,250,False
GUARGUM527NOV26CE14600FDEC26,GUARGUM527NOV26CE14600FDEC26,GUARGUM5,27NOV2026,1460000.000000,5,OPTFUT,NCDEX,50.000000,250,False
GUARGUM527NOV26PE10800FDEC26,GUARGUM527NOV26PE10800FDEC26,GUARGUM5,27NOV2026,1080000.000000,5,OPTFUT,NCDEX,50.000000,250,False
GUARGUM527NOV26PE13200FDEC26,GUARGUM527NOV26PE13200FDEC26,GUARGUM5,27NOV2026,1320000.000000,5,OPTFUT,NCDEX,50.000000,250,False
GUARGUM527NOV26PE14000FDEC26,GUARGUM527NOV26PE14000FDEC26,GUARGUM5,27NOV2026,1400000.000000,5,OPTFUT,NCDEX,50.000000,250,False
GUARGUM529JAN27CE11400FFEB27,GUARGUM529JAN27CE11400FFEB27,GUARGUM5,29JAN2027,1140000.000000,5,OPTFUT,NCDEX,50.000000,250,False
GUARGUM529JAN27CE12800FFEB27,GUARGUM529JAN27CE12800FFEB27,GUARGUM5,29JAN2027,1280000.000000,5,OPTFUT,NCDEX,50.000000,250,False
GUARGUM529JAN27PE15400FFEB27,GUARGUM529JAN27PE15400FFEB27,GUARGUM5,29JAN2027,1540000.000000,5,OPTFUT,NCDEX,50.000000,250,False
GUARGUM530OCT26CE11200FNOV26,GUARGUM530OCT26CE11200FNOV26,GUARGUM5,30OCT2026,1120000.000000,5,OPTFUT,NCDEX,50.000000,250,False
GUARGUM530OCT26CE15800FNOV26,GUARGUM530OCT26CE15800FNOV26,GUARGUM5,30OCT2026,1580000.000000,5,OPTFUT,NCDEX,50.000000,250,False
GUARGUM530OCT26CE9800FNOV26,GUARGUM530OCT26CE9800FNOV26,GUARGUM5,30OCT2026,980000.000000,5,OPTFUT,NCDEX,50.000000,250,False
GUARGUM530OCT26PE11200FNOV26,GUARGUM530OCT26PE11200FNOV26,GUARGUM5,30OCT2026,1120000.000000,5,OPTFUT,NCDEX,50.000000,250,False
GUARGUM530OCT26PE9200FNOV26,GUARGUM530OCT26PE9200FNOV26,GUARGUM5,30OCT2026,920000.000000,5,OPTFUT,NCDEX,50.000000,250,False
GUARGUM530OCT26PE9600FNOV26,GUARGUM530OCT26PE9600FNOV26,GUARGUM5,30OCT2026,960000.000000,5,OPTFUT,NCDEX,50.000000,250,False
GUARKORMA19FEB2027,GUARKORMA19FEB2027,GUARKORMA,19FEB2027,-1.000000,5,FUTCOM,NCDEX,100.000000,500,False
GUARSEED1024DEC26PE5900FJAN27,GUARSEED1024DEC26PE5900FJAN27,GUARSEED10,24DEC2026,590000.000000,5,OPTFUT,NCDEX,50.000000,500,False
GUARSEED1024DEC26PE7400FJAN27,GUARSEED1024DEC26PE7400FJAN27,GUARSEED10,24DEC2026,740000.000000,5,OPTFUT,NCDEX,50.000000,500,False
GUARSEED1025SEP26CE5800FOCT26,GUARSEED1025SEP26CE5800FOCT26,GUARSEED10,25SEP2026,580000.000000,5,OPTFUT,NCDEX,50.000000,500,False
GUARSEED1025SEP26CE5900FOCT26,GUARSEED1025SEP26CE5900FOCT26,GUARSEED10,25SEP2026,590000.000000,5,OPTFUT,NCDEX,50.000000,500,False
GUARSEED1025SEP26CE6700FOCT26,GUARSEED1025SEP26CE6700FOCT26,GUARSEED10,25SEP2026,670000.000000,5,OPTFUT,NCDEX,50.000000,500,False
GUARSEED1025SEP26PE6100FOCT26,GUARSEED1025SEP26PE6100FOCT26,GUARSEED10,25SEP2026,610000.000000,5,OPTFUT,NCDEX,50.000000,500,False
GUARSEED1025SEP26PE6700FOCT26,GUARSEED1025SEP26PE6700FOCT26,GUARSEED10,25SEP2026,670000.000000,5,OPTFUT,NCDEX,50.000000,500,False
GUARSEED1026FEB27CE6000FMAR27,GUARSEED1026FEB27CE6000FMAR27,GUARSEED10,26FEB2027,600000.000000,5,OPTFUT,NCDEX,50.000000,500,False
GUARSEED1026FEB27CE6100FMAR27,GUARSEED1026FEB27CE6100FMAR27,GUARSEED10,26FEB2027,610000.000000,5,OPTFUT,NCDEX,50.000000,500,False
GUARSEED1026FEB27CE6200FMAR27,GUARSEED1026FEB27CE6200FMAR27,GUARSEED10,26FEB2027,620000.000000,5,OPTFUT,NCDEX,50.000000,500,False
GUARSEED1026FEB27CE7200FMAR27,GUARSEED1026FEB27CE7200FMAR27,GUARSEED10,26FEB2027,720000.000000,5,OPTFUT,NCDEX,50.000000,500,False
GUARSEED1026FEB27PE6700FMAR27,GUARSEED1026FEB27PE6700FMAR27,GUARSEED10,26FEB2027,670000.000000,5,OPTFUT,NCDEX,50.000000,500,False
GUARSEED1027NOV26CE5300FDEC26,GUARSEED1027NOV26CE5300FDEC26,GUARSEED10,27NOV2026,530000.000000,5,OPTFUT,NCDEX,50.000000,500,False
GUARSEED1027NOV26CE6000FDEC26,GUARSEED1027NOV26CE6000FDEC26,GUARSEED10,27NOV2026,600000.000000,5,OPTFUT,NCDEX,50.000000,500,False
GUARSEED1027NOV26PE5800FDEC26,GUARSEED1027NOV26PE5800FDEC26,GUARSEED10,27NOV2026,580000.000000,5,OPTFUT,NCDEX,50.000000,500,False
GUARSEED1027NOV26PE6500FDEC26,GUARSEED1027NOV26PE6500FDEC26,GUARSEED10,27NOV2026,650000.000000,5,OPTFUT,NCDEX,50.000000,500,False
GUARSEED1027NOV26PE7000FDEC26,GUARSEED1027NOV26PE7000FDEC26,GUARSEED10,27NOV2026,700000.000000,5,OPTFUT,NCDEX,50.000000,500,False
GUARSEED1029JAN27CE6800FFEB27,GUARSEED1029JAN27CE6800FFEB27,GUARSEED10,29JAN2027,680000.000000,5,OPTFUT,NCDEX,50.000000,500,False
GUARSEED1030OCT26CE5100FNOV26,GUARSEED1030OCT26CE5100FNOV26,GUARSEED10,30OCT2026,510000.000000,5,OPTFUT,NCDEX,50.000000,500,False
GUARSEED1030OCT26CE7100FNOV26,GUARSEED1030OCT26CE7100FNOV26,GUARSEED10,30OCT2026,710000.000000,5,OPTFUT,NCDEX,50.000000,500,False
GUARSEED1030OCT26CE7400FNOV26,GUARSEED1030OCT26CE7400FNOV26,GUARSEED10,30OCT2026,740000.000000,5,OPTFUT,NCDEX,50.000000,500,False
GUARSEED1030OCT26PE6800FNOV26,GUARSEED1030OCT26PE6800FNOV26,GUARSEED10,30OCT2026,680000.000000,5,OPTFUT,NCDEX,50.000000,500,False
JEERAUNJHA09OCT26CE18000FOCT26,JEERAUNJHA09OCT26CE18000FOCT26,JEERAUNJHA,09OCT2026,1800000.000000,3,OPTFUT,NCDEX,200.000000,150,False
JEERAUNJHA09OCT26CE24400FOCT26,JEERAUNJHA09OCT26CE24400FOCT26,JEERAUNJHA,09OCT2026,2440000.000000,3,OPTFUT,NCDEX,200.000000,150,False
JEERAUNJHA09OCT26PE21200FOCT26,JEERAUNJHA09OCT26PE21200FOCT26,JEERAUNJHA,09OCT2026,2120000.000000,3,OPTFUT,NCDEX,200.000000,150,False
JEERAUNJHA10DEC26CE26800FDEC26,JEERAUNJHA10DEC26CE26800FDEC26,JEERAUNJHA,10DEC2026,2680000.000000,3,OPTFUT,NCDEX,200.000000,150,False
JEERAUNJHA10DEC26CE27200FDEC26,JEERAUNJHA10DEC26CE27200FDEC26,JEERAUNJHA,10DEC2026,2720000.000000,3,OPTFUT,NCDEX,200.000000,150,False
JEERAUNJHA10DEC26PE20400FDEC26,JEERAUNJHA10DEC26PE20400FDEC26,JEERAUNJHA,10DEC2026,2040000.000000,3,OPTFUT,NCDEX,200.000000,150,False
JEERAUNJHA10DEC26PE20800FDEC26,JEERAUNJHA10DEC26PE20800FDEC26,JEERAUNJHA,10DEC2026,2080000.000000,3,OPTFUT,NCDEX,200.000000,150,False
JEERAUNJHA12JAN27CE25600FJAN27,JEERAUNJHA12JAN27CE25600FJAN27,JEERAUNJHA,12JAN2027,2560000.000000,3,OPTFUT,NCDEX,200.000000,150,False
JEERAUNJHA12JAN27PE20800FJAN27,JEERAUNJHA12JAN27PE20800FJAN27,JEERAUNJHA,12JAN2027,2080000.000000,3,OPTFUT,NCDEX,200.000000,150,False
JEERAUNJHA12JAN27PE22400FJAN27,JEERAUNJHA12JAN27PE22400FJAN27,JEERAUNJHA,12JAN2027,2240000.000000,3,OPTFUT,NCDEX,200.000000,150,False
JEERAUNJHA12JAN27PE25200FJAN27,JEERAUNJHA12JAN27PE25200FJAN27,JEERAUNJHA,12JAN2027,2520000.000000,3,OPTFUT,NCDEX,200.000000,150,False
JEERAUNJHA12JAN27PE27200FJAN27,JEERAUNJHA12JAN27PE27200FJAN27,JEERAUNJHA,12JAN2027,2720000.000000,3,OPTFUT,NCDEX,200.000000,150,False
JEERAUNJHA12NOV26CE20000FNOV26,JEERAUNJHA12NOV26CE20000FNOV26,JEERAUNJHA,12NOV2026,2000000.000000,3,OPTFUT,NCDEX,200.000000,150,False
JEERAUNJHA12NOV26CE21600FNOV26,JEERAUNJHA12NOV26CE21600FNOV26,JEERAUNJHA,12NOV2026,2160000.000000,3,OPTFUT,NCDEX,200.000000,150,False
JEERAUNJHA12NOV26PE18000FNOV26,JEERAUNJHA12NOV26PE18000FNOV26,JEERAUNJHA,12NOV2026,1800000.000000,3,OPTFUT,NCDEX,200.000000,150,False
JEERAUNJHA12NOV26PE23600FNOV26,JEERAUNJHA12NOV26PE23600FNOV26,JEERAUNJHA,12NOV2026,2360000.000000,3,OPTFUT,NCDEX,200.000000,150,False
PEPPER20JAN2027,PEPPER20JAN2027,PEPPER,20JAN2027,-1.000000,1,FUTCOM,NCDEX,10.000000,50,False
PEPPER20NOV2026,PEPPER20NOV2026,PEPPER,20NOV2026,-1.000000,1,FUTCOM,NCDEX,10.000000,50,False
SESAMESEED,SESAMESEED,SESAMESEED,,-1.000000,5,COMDTY,NCDEX,500.000000,250,False
STEEL18DEC2026,STEEL18DEC2026,STEEL,18DEC2026,-1.000000,10,FUTCOM,NCDEX,1000.000000,500,False
TMCFGRNZM08OCT26CE20600FOCT26,TMCFGRNZM08OCT26CE20600FOCT26,TMCFGRNZM,08OCT2026,2060000.000000,5,OPTFUT,NCDEX,100.000000,250,False
TMCFGRNZM08OCT26PE18000FOCT26,TMCFGRNZM08OCT26PE18000FOCT26,TMCFGRNZM,08OCT2026,1800000.000000,5,OPTFUT,NCDEX,100.000000,250,False
TMCFGRNZM08OCT26PE20400FOCT26,TMCFGRNZM08OCT26PE20400FOCT26,TMCFGRNZM,08OCT2026,2040000.000000,5,OPTFUT,NCDEX,100.000000,250,False
TMCFGRNZM08OCT26PE21600FOCT26,TMCFGRNZM08OCT26PE21600FOCT26,TMCFGRNZM,08OCT2026,2160000.000000,5,OPTFUT,NCDEX,100.000000,250,False
TMCFGRNZM08OCT26PE22200FOCT26,TMCFGRNZM08OCT26PE22200FOCT26,TMCFGRNZM,08OCT2026,2220000.000000,5,OPTFUT,NCDEX,100.000000,250,False
TMCFGRNZM08OCT26PE23400FOCT26,TMCFGRNZM08OCT26PE23400FOCT26,TMCFGRNZM,08OCT2026,2340000.000000,5,OPTFUT,NCDEX,100.000000,250,False
TMCFGRNZM10DEC26CE15600FDEC26,TMCFGRNZM10DEC26CE15600FDEC26,TMCFGRNZM,10DEC2026,1560000.000000,5,OPTFUT,NCDEX,100.000000,250,False
TMCFGRNZM10DEC26CE17600FDEC26,TMCFGRNZM10DEC26CE17600FDEC26,TMCFGRNZM,10DEC2026,1760000.000000,5,OPTFUT,NCDEX,100.000000,250,False
TMCFGRNZM10DEC26CE19400FDEC26,TMCFGRNZM10DEC26CE19400FDEC26,TMCFGRNZM,10DEC2026,1940000.000000,5,OPTFUT,NCDEX,100.000000,250,False
TMCFGRNZM10DEC26CE20000FDEC26,TMCFGRNZM10DEC26CE20000FDEC26,TMCFGRNZM,10DEC2026,2000000.000000,5,OPTFUT,NCDEX,100.000000,250,False
TMCFGRNZM10DEC26CE23600FDEC26,TMCFGRNZM10DEC26CE23600FDEC26,TMCFGRNZM,10DEC2026,2360000.000000,5,OPTFUT,NCDEX,100.000000,250,False
TMCFGRNZM10DEC26PE15600FDEC26,TMCFGRNZM10DEC26PE15600FDEC26,TMCFGRNZM,10DEC2026,1560000.000000,5,OPTFUT,NCDEX,100.000000,250,False
TMCFGRNZM10DEC26PE17000FDEC26,TMCFGRNZM10DEC26PE17000FDEC26,TMCFGRNZM,10DEC2026,1700000.000000,5,OPTFUT,NCDEX,100.000000,250,False
TMCFGRNZM10DEC26PE17200FDEC26,TMCFGRNZM10DEC26PE17200FDEC26,TMCFGRNZM,10DEC2026,1720000.000000,5,OPTFUT,NCDEX,100.000000,250,False
TMCFGRNZM10DEC26PE19200FDEC26,TMCFGRNZM10DEC26PE19200FDEC26,TMCFGRNZM,10DEC2026,1920000.000000,5,OPTFUT,NCDEX,100.000000,250,False
TMCFGRNZM10DEC26PE19600FDEC26,TMCFGRNZM10DEC26PE19600FDEC26,TMCFGRNZM,10DEC2026,1960000.000000,5,OPTFUT,NCDEX,100.000000,250,False
TMCFGRNZM10DEC26PE20800FDEC26,TMCFGRNZM10DEC26PE20800FDEC26,TMCFGRNZM,10DEC2026,2080000.000000,5,OPTFUT,NCDEX,100.000000,250,False
TMCFGRNZM10DEC26PE21200FDEC26,TMCFGRNZM10DEC26PE21200FDEC26,TMCFGRNZM,10DEC2026,2120000.000000,5,OPTFUT,NCDEX,100.000000,250,False
TMCFGRNZM10DEC26PE22800FDEC26,TMCFGRNZM10DEC26PE22800FDEC26,TMCFGRNZM,10DEC2026,2280000.000000,5,OPTFUT,NCDEX,100.000000,250,False
TMCFGRNZM10DEC26PE23400FDEC26,TMCFGRNZM10DEC26PE23400FDEC26,TMCFGRNZM,10DEC2026,2340000.000000,5,OPTFUT,NCDEX,100.000000,250,False
TMCFGRNZM10DEC26PE23600FDEC26,TMCFGRNZM10DEC26PE23600FDEC26,TMCFGRNZM,10DEC2026,2360000.000000,5,OPTFUT,NCDEX,100.000000,250,False
TMCFGRNZM10DEC26PE24000FDEC26,TMCFGRNZM10DEC26PE24000FDEC26,TMCFGRNZM,10DEC2026,2400000.000000,5,OPTFUT,NCDEX,100.000000,250,False
1100032,MCX26SEP3650PE,MCX,24SEP2026,365000.000000,225,OPTSTK,BFO,5.000000,16000,False
1100060,MCX26OCT3650PE,MCX,29OCT2026,365000.000000,225,OPTSTK,BFO,5.000000,16000,False
1100067,PAYTM26OCT1820CE,PAYTM,29OCT2026,182000.000000,725,OPTSTK,BFO,5.000000,100000000,False
1100070,BSE26OCT2100CE,BSE,27OCT2026,210000.000000,200,OPTSTK,BFO,5.000000,3751,False
1100086,BSE26OCT2700CE,BSE,27OCT2026,270000.000000,200,OPTSTK,BFO,5.000000,3751,False
1100098,BSE26NOV800CE,BSE,23NOV2026,80000.000000,200,OPTSTK,BFO,5.000000,3751,False
1100121,BSE26NOV2600PE,BSE,23NOV2026,260000.000000,200,OPTSTK,BFO,5.000000,3751,False
1100122,BSE26NOV2800CE,BSE,23NOV2026,280000.000000,200,OPTSTK,BFO,5.000000,3751,False
1100135,BSE26NOV3400CE,BSE,23NOV2026,340000.000000,200,OPTSTK,BFO,5.000000,3751,False
1100145,BSE26NOV4000CE,BSE,23NOV2026,400000.000000,200,OPTSTK,BFO,5.000000,3751,False
1100148,BSE26NOV4200CE,BSE,23NOV2026,420000.000000,200,OPTSTK,BFO,5.000000,3751,False
1100155,BSE26NOV4600CE,BSE,23NOV2026,460000.000000,200,OPTSTK,BFO,5.000000,3751,False
1100168,CDSL26OCT840PE,CDSL,27OCT2026,84000.000000,475,OPTSTK,BFO,5.000000,14001,False
1100170,CDSL26OCT920CE,CDSL,27OCT2026,92000.000000,475,OPTSTK,BFO,5.000000,14001,False
1100171,CDSL26OCT920PE,CDSL,27OCT2026,92000.000000,475,OPTSTK,BFO,5.000000,14001,False
1100210,CDSL26OCT1660PE,CDSL,27OCT2026,166000.000000,475,OPTSTK,BFO,5.000000,14001,False
1100248,CDSL26NOV1080PE,CDSL,23NOV2026,108000.000000,475,OPTSTK,BFO,5.000000,14001,False
1100275,CDSL26NOV1440CE,CDSL,23NOV2026,144000.000000,475,OPTSTK,BFO,5.000000,14001,False
1100302,CDSL26NOV1640PE,CDSL,23NOV2026,164000.000000,475,OPTSTK,BFO,5.000000,14001,False
1100337,POLICYBZR26SEP1980PE,POLICYBZR,24SEP2026,198000.000000,350,OPTSTK,BFO,5.000000,100000000,False
1100350,HINDPETRO26OCT450PE,HINDPETRO,29OCT2026,45000.000000,2025,OPTSTK,BFO,5.000000,108000,False
1100398,DMART26OCT3500PE,DMART,29OCT2026,350000.000000,150,OPTSTK,BFO,5.000000,100000000,False
1100419,ASHOKLEY26SEP197.5PE,ASHOKLEY,24SEP2026,19750.000000,5000,OPTSTK,BFO,5.000000,150000,False
1100425,HINDZINC26OCT700CE,HINDZINC,29OCT2026,70000.000000,1225,OPTSTK,BFO,5.000000,100000000,False
1100471,JINDALSTEL26SEP1320CE,JINDALSTEL,24SEP2026,132000.000000,625,OPTSTK,BFO,5.000000,37500,False
1100490,KAYNES26OCT4350PE,KAYNES,29OCT2026,435000.000000,150,OPTSTK,BFO,5.000000,100000000,False
1100557,KAYNES26SEP4400PE,KAYNES,24SEP2026,440000.000000,150,OPTSTK,BFO,5.000000,100000000,False
1100578,COLPAL26SEP1720PE,COLPAL,24SEP2026,172000.000000,275,OPTSTK,BFO,5.000000,14000,False
1100582,BOSCHLTD26OCT52500PE,BOSCHLTD,29OCT2026,5250000.000000,25,OPTSTK,BFO,5.000000,1500,False
1100587,CIPLA26OCT1340CE,CIPLA,29OCT2026,134000.000000,425,OPTSTK,BFO,5.000000,26000,False
1100592,BHARATFORG26SEP1880CE,BHARATFORG,24SEP2026,188000.000000,500,OPTSTK,BFO,5.000000,30000,False
1100600,HINDPETRO26SEP450CE,HINDPETRO,24SEP2026,45000.000000,2025,OPTSTK,BFO,5.000000,108000,False
1100643,ONGC26OCT215CE,ONGC,29OCT2026,21500.000000,2250,OPTSTK,BFO,5.000000,154000,False
1100671,KOTAKBANK26SEP445CE,KOTAKBANK,24SEP2026,44500.000000,2000,OPTSTK,BFO,5.000000,12000,False
1100698,CDSL26SEP2040CE,CDSL,29SEP2026,204000.000000,475,OPTSTK,BFO,5.000000,14001,False
1100704,CDSL26OCT2040CE,CDSL,27OCT2026,204000.000000,475,OPTSTK,BFO,5.000000,14001,False
1100710,HCLTECH26NOV1310CE,HCLTECH,26NOV2026,131000.000000,400,OPTSTK,BFO,5.000000,21000,False
1100719,FORCEMOT26NOV17500PE,FORCEMOT,26NOV2026,1750000.000000,25,OPTSTK,BFO,5.000000,100000000,False
1100720,FOCIT26NOV35000PE,FOCIT,26NOV2026,3500000.000000,45,OPTIDX,BFO,5.000000,1350,False
1100723,FOCIT26NOV37300PE,FOCIT,26NOV2026,3730000.000000,45,OPTIDX,BFO,5.000000,1350,False
1100737,SENSEX26O1582200CE,SENSEX,15OCT2026,8220000.000000,20,OPTIDX,BFO,5.000000,1000,False
1100763,MARICO26NOV850CE,MARICO,26NOV2026,85000.000000,1200,OPTSTK,BFO,5.000000,48000,False
1100765,TATAPOWER26NOV380PE,TATAPOWER,26NOV2026,38000.000000,1450,OPTSTK,BFO,5.000000,101250,False
1100766,SENSEX26NOV79800CE,SENSEX,26NOV2026,7980000.000000,20,OPTIDX,BFO,5.000000,1000,False
1100771,UPL26NOV600PE,UPL,26NOV2026,60000.000000,1355,OPTSTK,BFO,5.000000,39000,False
1100781,CROMPTON26NOV240CE,CROMPTON,26NOV2026,24000.000000,2150,OPTSTK,BFO,5.000000,90000,False
1100783,SENSEX26NOV82200PE,SENSEX,26NOV2026,8220000.000000,20,OPTIDX,BFO,5.000000,1000,False
1100812,RECLTD26NOV355CE,RECLTD,26NOV2026,35500.000000,1575,OPTSTK,BFO,5.000000,160000,False
1100827,BANKEX26NOV63800PE,BANKEX,26NOV2026,6380000.000000,30,OPTIDX,BFO,5.000000,900,False
1100857,ADANIPOWER26NOV205PE,ADANIPOWER,26NOV2026,20500.000000,3550,OPTSTK,BFO,5.000000,100000000,False
1100881,MCX26NOV3300CE,MCX,26NOV2026,330000.000000,225,OPTSTK,BFO,5.000000,16000,False
1100886,HCLTECH26NOV1220CE,HCLTECH,26NOV2026,122000.000000,400,OPTSTK,BFO,5.000000,21000,False
1100894,ADANIPOWER26OCT250CE,ADANIPOWER,29OCT2026,25000.000000,3550,OPTSTK,BFO,5.000000,100000000,False
1100929,SENSEX26NOVFUT,SENSEX,26NOV2026,0.000000,20,FUTIDX,BFO,5.000000,500,False
1100943,DIVISLAB26NOV9400CE,DIVISLAB,26NOV2026,940000.000000,100,OPTSTK,BFO,5.000000,8000,False
1100999,LAURUSLABS26NOV1820PE,LAURUSLABS,26NOV2026,182000.000000,850,OPTSTK,BFO,5.000000,68000,False
1101004,MAHABANK26SEP87PE,MAHABANK,24SEP2026,8700.000000,6500,OPTSTK,BFO,5.000000,100000000,False
1101033,UNOMINDA26NOV1260CE,UNOMINDA,26NOV2026,126000.000000,550,OPTSTK,BFO,5.000000,100000000,False
1101042,POLYCAB26NOV8900PE,POLYCAB,26NOV2026,890000.000000,125,OPTSTK,BFO,5.000000,9000,False
1101044,SHRIRAMFIN26NOV1040PE,SHRIRAMFIN,26NOV2026,104000.000000,825,OPTSTK,BFO,5.000000,18000,False
1101075,BANKEX26NOV59700CE,BANKEX,26NOV2026,5970000.000000,30,OPTIDX,BFO,5.000000,900,False
1101077,BOSCHLTD26NOV48000CE,BOSCHLTD,26NOV2026,4800000.000000,25,OPTSTK,BFO,5.000000,1500,False
1101100,SENSEX26NOV72100CE,SENSEX,26NOV2026,7210000.000000,20,OPTIDX,BFO,5.000000,1000,False
1101108,ADANIGREEN26NOV1320PE,ADANIGREEN,26NOV2026,132000.000000,600,OPTSTK,BFO,5.000000,100000000,False
1101112,KEI26NOV6000PE,KEI,26NOV2026,600000.000000,175,OPTSTK,BFO,5.000000,100000000,False
1101122,TATAPOWER26NOV385PE,TATAPOWER,26NOV2026,38500.000000,1450,OPTSTK,BFO,5.000000,101250,False
1101204,FOCIT26NOV38300PE,FOCIT,26NOV2026,3830000.000000,45,OPTIDX,BFO,5.000000,1350,False
1101153,KOTAKBANK26SEP460PE,KOTAKBANK,24SEP2026,46000.000000,2000,OPTSTK,BFO,5.000000,12000,False
1101180,PATANJALI26NOV385PE,PATANJALI,26NOV2026,38500.000000,1075,OPTSTK,BFO,5.000000,100000000,False
1101199,BANKINDIA26NOV142.5PE,BANKINDIA,26NOV2026,14250.000000,5200,OPTSTK,BFO,5.000000,100000000,False
1101205,UNIONBANK26NOV172.5PE,UNIONBANK,26NOV2026,17250.000000,4425,OPTSTK,BFO,5.000000,100000000,False
1101223,DIXON26NOV16500PE,DIXON,26NOV2026,1650000.000000,50,OPTSTK,BFO,5.000000,6000,False
1101224,SAGILITY26SEP36CE,SAGILITY,24SEP2026,3600.000000,12000,OPTSTK,BFO,5.000000,100000000,False
1101250,MAHABANK26NOV92CE,MAHABANK,26NOV2026,9200.000000,6500,OPTSTK,BFO,5.000000,100000000,False
1101264,MOTILALOFS26NOV1120CE,MOTILALOFS,26NOV2026,112000.000000,775,OPTSTK,BFO,5.000000,100000000,False
1101270,LICI26NOV430PE,LICI,26NOV2026,43000.000000,1400,OPTSTK,BFO,5.000000,100000000,False
1101327,RELIANCE26NOV1250CE,RELIANCE,26NOV2026,125000.000000,500,OPTSTK,BFO,5.000000,10000,False
1101329,BHARTIARTL26NOV1800PE,BHARTIARTL,26NOV2026,180000.000000,475,OPTSTK,BFO,5.000000,28500,False
1101333,PGEL26NOV600PE,PGEL,26NOV2026,60000.000000,950,OPTSTK,BFO,5.000000,100000000,False
1101362,SRF26NOV2400PE,SRF,26NOV2026,240000.000000,200,OPTSTK,BFO,5.000000,11250,False
1101371,SENSEX26O1578400CE,SENSEX,15OCT2026,7840000.000000,20,OPTIDX,BFO,5.000000,1000,False
1101372,ADANIENT26NOV3000PE,ADANIENT,26NOV2026,300000.000000,309,OPTSTK,BFO,5.000000,9000,False
1101382,VBL26NOV420PE,VBL,26NOV2026,42000.000000,1275,OPTSTK,BFO,5.000000,100000000,False
1101388,RVNL26NOV230PE,RVNL,26NOV2026,23000.000000,1925,OPTSTK,BFO,5.000000,100000000,False
1101391,JIOFIN26NOV247.5CE,JIOFIN,26NOV2026,24750.000000,2350,OPTSTK,BFO,5.000000,100000000,False
1101397,INDIANB26NOV860CE,INDIANB,26NOV2026,86000.000000,1000,OPTSTK,BFO,5.000000,100000000,False
1101425,HAVELLS26NOV1240CE,HAVELLS,26NOV2026,124000.000000,500,OPTSTK,BFO,5.000000,20000,False
1101439,SENSEX26O1570100CE,SENSEX,15OCT2026,7010000.000000,20,OPTIDX,BFO,5.000000,1000,False
1101459,LUPIN26NOV2220PE,LUPIN,26NOV2026,222000.000000,425,OPTSTK,BFO,5.000000,34000,False
1101463,MFSL26NOV1600PE,MFSL,26NOV2026,160000.000000,400,OPTSTK,BFO,5.000000,32000,False
1101481,SENSEX26NOV70100PE,SENSEX,26NOV2026,7010000.000000,20,OPTIDX,BFO,5.000000,1000,False
1101501,SENSEX26NOV79100CE,SENSEX,26NOV2026,7910000.000000,20,OPTIDX,BFO,5.000000,1000,False
1101507,INDUSTOWER26NOV390CE,INDUSTOWER,26NOV2026,39000.000000,1700,OPTSTK,BFO,5.000000,170000,False
1101514,SOLARINDS26NOV20000PE,SOLARINDS,26NOV2026,2000000.000000,50,OPTSTK,BFO,5.000000,100000000,False
1101587,TORNTPHARM26NOV4750CE,TORNTPHARM,26NOV2026,475000.000000,125,OPTSTK,BFO,5.000000,15000,False
1101600,COCHINSHIP26NOV1400PE,COCHINSHIP,26NOV2026,140000.000000,400,OPTSTK,BFO,5.000000,100000000,False
1101601,VBL26NOV480CE,VBL,26NOV2026,48000.000000,1275,OPTSTK,BFO,5.000000,100000000,False
1101611,AXISBANK26NOV1340CE,AXISBANK,26NOV2026,134000.000000,625,OPTSTK,BFO,5.000000,25000,False
1101617,WIPRO26NOV172.5PE,WIPRO,26NOV2026,17250.000000,3000,OPTSTK,BFO,5.000000,60000,False
1101624,BOSCHLTD26NOV50000PE,BOSCHLTD,26NOV2026,5000000.000000,25,OPTSTK,BFO,5.000000,1500,False
1101640,BIOCON26NOV445CE,BIOCON,26NOV2026,44500.000000,2500,OPTSTK,BFO,5.000000,100000,False
1101645,SBICARD26NOV700CE,SBICARD,26NOV2026,70000.000000,800,OPTSTK,BFO,5.000000,32000,False
1101646,LODHA26NOV1180CE,LODHA,26NOV2026,118000.000000,625,OPTSTK,BFO,5.000000,100000000,False
1101681,NATIONALUM26NOV350PE,NATIONALUM,26NOV2026,35000.000000,1875,OPTSTK,BFO,5.000000,300000,False
1101691,INDIANB26NOV860PE,INDIANB,26NOV2026,86000.000000,1000,OPTSTK,BFO,5.000000,100000000,False
1101718,TATACONSUM26SEP970CE,TATACONSUM,24SEP2026,97000.000000,550,OPTSTK,BFO,5.000000,36000,False
1101730,PRESTIGE26NOV1620PE,PRESTIGE,26NOV2026,162000.000000,450,OPTSTK,BFO,5.000000,100000000,False
1101731,FOCIT26NOV30800CE,FOCIT,26NOV2026,3080000.000000,45,OPTIDX,BFO,5.000000,1350,False
1101741,OIL26NOV485PE,OIL,26NOV2026,48500.000000,1400,OPTSTK,BFO,5.000000,100000000,False
1101803,DABUR26NOV405CE,DABUR,26NOV2026,40500.000000,1250,OPTSTK,BFO,5.000000,50000,False
1101810,BANKEX26NOV62300PE,BANKEX,26NOV2026,6230000.000000,30,OPTIDX,BFO,5.000000,900,False
1101816,ADANIPORTS26NOV1820CE,ADANIPORTS,26NOV2026,182000.000000,475,OPTSTK,BFO,5.000000,32000,False
1101817,BAJAJFINSV26NOV2020CE,BAJAJFINSV,26NOV2026,202000.000000,300,OPTSTK,BFO,5.000000,20000,False
1101826,UPL26NOV620PE,UPL,26NOV2026,62000.000000,1355,OPTSTK,BFO,5.000000,39000,False
1101846,AXISBANK26NOV1160CE,AXISBANK,26NOV2026,116000.000000,625,OPTSTK,BFO,5.000000,25000,False
1101855,ADANIGREEN26NOVFUT,ADANIGREEN,26NOV2026,0.000000,600,FUTSTK,BFO,5.000000,100000000,False
1101857,HDFCLIFE26NOV530CE,HDFCLIFE,26NOV2026,53000.000000,1100,OPTSTK,BFO,5.000000,44000,False
1101859,NHPC26NOV72PE,NHPC,26NOV2026,7200.000000,6950,OPTSTK,BFO,5.000000,100000000,False
1101864,GODREJCP26NOV910CE,GODREJCP,26NOV2026,91000.000000,500,OPTSTK,BFO,5.000000,30000,False
1101882,CAMS26OCT670PE,CAMS,29OCT2026,67000.000000,825,OPTSTK,BFO,5.000000,100000000,False
1101916,ICICIPRULI26NOV515PE,ICICIPRULI,26NOV2026,51500.000000,925,OPTSTK,BFO,5.000000,60000,False
1101934,OFSS26NOV11700CE,OFSS,26NOV2026,1170000.000000,100,OPTSTK,BFO,5.000000,8000,False
1101957,SWIGGY26NOV295CE,SWIGGY,26NOV2026,29500.000000,1825,OPTSTK,BFO,5.000000,100000000,False
1101978,PGEL26NOV570PE,PGEL,26NOV2026,57000.000000,950,OPTSTK,BFO,5.000000,100000000,False
1102030,MOTILALOFS26NOV1160CE,MOTILALOFS,26NOV2026,116000.000000,775,OPTSTK,BFO,5.000000,100000000,False
1102035,BHARTIARTL26NOV1760CE,BHARTIARTL,26NOV2026,176000.000000,475,OPTSTK,BFO,5.000000,28500,False
1102082,ASIANPAINT26NOV2660PE,ASIANPAINT,26NOV2026,266000.000000,250,OPTSTK,BFO,5.000000,8000,False
1102089,ICICIBANK26NOV1490PE,ICICIBANK,26NOV2026,149000.000000,700,OPTSTK,BFO,5.000000,28000,False
1102101,IREDA26NOV127.5CE,IREDA,26NOV2026,12750.000000,4525,OPTSTK,BFO,5.000000,100000000,False
1102119,SENSEX26O1574000CE,SENSEX,15OCT2026,7400000.000000,20,OPTIDX,BFO,5.000000,1000,False
1102139,PGEL26NOV640PE,PGEL,26NOV2026,64000.000000,950,OPTSTK,BFO,5.000000,100000000,False
1102140,HEROMOTOCO26NOV6200CE,HEROMOTOCO,26NOV2026,620000.000000,150,OPTSTK,BFO,5.000000,9000,False
1102146,GODFRYPHLP26NOV2050CE,GODFRYPHLP,26NOV2026,205000.000000,275,OPTSTK,BFO,5.000000,100000000,False
1102148,PERSISTENT26NOV6000CE,PERSISTENT,26NOV2026,600000.000000,125,OPTSTK,BFO,5.000000,5250,False
1102179,IOC26NOV120CE,IOC,26NOV2026,12000.000000,4875,OPTSTK,BFO,5.000000,292500,False
1102192,SENSEX26O1570300CE,SENSEX,15OCT2026,7030000.000000,20,OPTIDX,BFO,5.000000,1000,False
1102203,HINDPETRO26NOV440PE,HINDPETRO,26NOV2026,44000.000000,2025,OPTSTK,BFO,5.000000,108000,False
1102209,FORCEMOT26NOV17000PE,FORCEMOT,26NOV2026,1700000.000000,25,OPTSTK,BFO,5.000000,100000000,False
1102210,BOSCHLTD26NOV48500PE,BOSCHLTD,26NOV2026,4850000.000000,25,OPTSTK,BFO,5.000000,1500,False
1102214,TECHM26NOV1480PE,TECHM,26NOV2026,148000.000000,600,OPTSTK,BFO,5.000000,24000,False
1102221,BANKEX26NOV67000PE,BANKEX,26NOV2026,6700000.000000,30,OPTIDX,BFO,5.000000,900,False
1102225,IRFC26NOV84PE,IRFC,26NOV2026,8400.000000,5425,OPTSTK,BFO,5.000000,100000000,False
1102261,ASHOKLEY26NOV162.5PE,ASHOKLEY,26NOV2026,16250.000000,5000,OPTSTK,BFO,5.000000,150000,False
1102263,SWIGGY26NOV270PE,SWIGGY,26NOV2026,27000.000000,1825,OPTSTK,BFO,5.000000,100000000,False
1102268,TATASTEEL26NOV205PE,TATASTEEL,26NOV2026,20500.000000,2750,OPTSTK,BFO,5.000000,220000,False
1102276,RADICO26NOV4400CE,RADICO,26NOV2026,440000.000000,150,OPTSTK,BFO,5.000000,100000000,False
1100000,BAJAJ-AUTO26SEP12600CE,BAJAJ-AUTO,24SEP2026,1260000.000000,75,OPTSTK,BFO,5.000000,5000,False
1100005,PAYTM26OCT1800PE,PAYTM,29OCT2026,180000.000000,725,OPTSTK,BFO,5.000000,100000000,False
1100006,COFORGE26OCT2040PE,COFORGE,29OCT2026,204000.000000,475,OPTSTK,BFO,5.000000,6000,False
1100017,MANKIND26OCT2220CE,MANKIND,29OCT2026,222000.000000,250,OPTSTK,BFO,5.000000,100000000,False
1102320,FOCIT26NOV33100PE,FOCIT,26NOV2026,3310000.000000,45,OPTIDX,BFO,5.000000,1350,False
1102322,ASIANPAINT26NOV2720CE,ASIANPAINT,26NOV2026,272000.000000,250,OPTSTK,BFO,5.000000,8000,False
1102329,BANKEX26NOV61000PE,BANKEX,26NOV2026,6100000.000000,30,OPTIDX,BFO,5.000000,900,False
1102333,SENSEX5026NOV25900PE,SENSEX50,26NOV2026,2590000.000000,75,OPTIDX,BFO,5.000000,1800,False
1100031,GLENMARK26OCT2540PE,GLENMARK,29OCT2026,254000.000000,375,OPTSTK,BFO,5.000000,43500,False
1100037,PAYTM26SEP1840CE,PAYTM,24SEP2026,184000.000000,725,OPTSTK,BFO,5.000000,100000000,False
1100056,LUPIN26OCT2040CE,LUPIN,29OCT2026,204000.000000,425,OPTSTK,BFO,5.000000,34000,False
1100076,BSE26OCT2300PE,BSE,27OCT2026,230000.000000,200,OPTSTK,BFO,5.000000,3751,False
1102341,HYUNDAI26NOV2240PE,HYUNDAI,26NOV2026,224000.000000,275,OPTSTK,BFO,5.000000,100000000,False
1102392,NAM-INDIA26NOV1200CE,NAM-INDIA,26NOV2026,120000.000000,625,OPTSTK,BFO,5.000000,100000000,False
1102419,LTM26NOV4600PE,LTM,26NOV2026,460000.000000,150,OPTSTK,BFO,5.000000,4500,False
1102425,BAJFINANCE26NOV1030PE,BAJFINANCE,26NOV2026,103000.000000,750,OPTSTK,BFO,5.000000,3750,False
1102436,BANKEX26NOV61900PE,BANKEX,26NOV2026,6190000.000000,30,OPTIDX,BFO,5.000000,900,False
1102448,ADANIENSOL26NOV1500CE,ADANIENSOL,26NOV2026,150000.000000,675,OPTSTK,BFO,5.000000,100000000,False
1102465,RBLBANK26NOV390CE,RBLBANK,26NOV2026,39000.000000,3175,OPTSTK,BFO,5.000000,150000,False
1102472,TATAELXSI26NOV3850PE,TATAELXSI,26NOV2026,385000.000000,125,OPTSTK,BFO,5.000000,100000000,False
1100097,BSE26OCT4500PE,BSE,27OCT2026,450000.000000,200,OPTSTK,BFO,5.000000,3751,False
1100099,BSE26NOV800PE,BSE,23NOV2026,80000.000000,200,OPTSTK,BFO,5.000000,3751,False
1100103,BSE26NOV1200PE,BSE,23NOV2026,120000.000000,200,OPTSTK,BFO,5.000000,3751,False
1100105,BSE26NOV1600PE,BSE,23NOV2026,160000.000000,200,OPTSTK,BFO,5.000000,3751,False
1100109,BSE26NOV2000CE,BSE,23NOV2026,200000.000000,200,OPTSTK,BFO,5.000000,3751,False
1100110,BSE26NOV2000PE,BSE,23NOV2026,200000.000000,200,OPTSTK,BFO,5.000000,3751,False
1100112,BSE26NOV2200CE,BSE,23NOV2026,220000.000000,200,OPTSTK,BFO,5.000000,3751,False
1100127,BSE26NOV3000CE,BSE,23NOV2026,300000.000000,200,OPTSTK,BFO,5.000000,3751,False
1102486,SUZLON26NOV43PE,SUZLON,26NOV2026,4300.000000,12700,OPTSTK,BFO,5.000000,100000000,False
1102561,SBICARD26NOV580CE,SBICARD,26NOV2026,58000.000000,800,OPTSTK,BFO,5.000000,32000,False
1102584,MUTHOOTFIN26NOV3400CE,MUTHOOTFIN,26NOV2026,340000.000000,275,OPTSTK,BFO,5.000000,22000,False
1102610,PREMIERENE26NOV1000PE,PREMIERENE,26NOV2026,100000.000000,650,OPTSTK,BFO,5.000000,100000000,False
1100180,CDSL26OCT1220CE,CDSL,27OCT2026,122000.000000,475,OPTSTK,BFO,5.000000,14001,False
1100186,CDSL26OCT1340CE,CDSL,27OCT2026,134000.000000,475,OPTSTK,BFO,5.000000,14001,False
1100187,CDSL26OCT1340PE,CDSL,27OCT2026,134000.000000,475,OPTSTK,BFO,5.000000,14001,False
1100194,CDSL26OCT1460CE,CDSL,27OCT2026,146000.000000,475,OPTSTK,BFO,5.000000,14001,False
1102613,GAIL26NOV155PE,GAIL,26NOV2026,15500.000000,3550,OPTSTK,BFO,5.000000,274500,False
1102618,HYUNDAI26NOV2140CE,HYUNDAI,26NOV2026,214000.000000,275,OPTSTK,BFO,5.000000,100000000,False
1102624,CROMPTON26NOV265PE,CROMPTON,26NOV2026,26500.000000,2150,OPTSTK,BFO,5.000000,90000,False
1102637,BANKEX26NOV59200CE,BANKEX,26NOV2026,5920000.000000,30,OPTIDX,BFO,5.000000,900,False
1100213,CDSL26OCT1740CE,CDSL,27OCT2026,174000.000000,475,OPTSTK,BFO,5.000000,14001,False
1100224,CDSL26OCT1920CE,CDSL,27OCT2026,192000.000000,475,OPTSTK,BFO,5.000000,14001,False
1100234,CDSL26OCT2000PE,CDSL,27OCT2026,200000.000000,475,OPTSTK,BFO,5.000000,14001,False
1100246,CDSL26NOV1040PE,CDSL,23NOV2026,104000.000000,475,OPTSTK,BFO,5.000000,14001,False
1102699,TATAPOWER26NOV355CE,TATAPOWER,26NOV2026,35500.000000,1450,OPTSTK,BFO,5.000000,101250,False
1102664,NAUKRI26NOV1380CE,NAUKRI,26NOV2026,138000.000000,550,OPTSTK,BFO,5.000000,6000,False
1102679,IRFC26NOV85CE,IRFC,26NOV2026,8500.000000,5425,OPTSTK,BFO,5.000000,100000000,False
1102687,BIOCON26NOV395CE,BIOCON,26NOV2026,39500.000000,2500,OPTSTK,BFO,5.000000,100000,False
1100252,CDSL26NOV1120PE,CDSL,23NOV2026,112000.000000,475,OPTSTK,BFO,5.000000,14001,False
1100264,CDSL26NOV1320CE,CDSL,23NOV2026,132000.000000,475,OPTSTK,BFO,5.000000,14001,False
1100291,CDSL26NOV1520CE,CDSL,23NOV2026,152000.000000,475,OPTSTK,BFO,5.000000,14001,False
1100292,CDSL26NOV1520PE,CDSL,23NOV2026,152000.000000,475,OPTSTK,BFO,5.000000,14001,False
1102704,MOTILALOFS26NOV900CE,MOTILALOFS,26NOV2026,90000.000000,775,OPTSTK,BFO,5.000000,100000000,False
1102705,KOTAKBANK26NOV390PE,KOTAKBANK,26NOV2026,39000.000000,2000,OPTSTK,BFO,5.000000,12000,False
1102728,SENSEX26NOV75000PE,SENSEX,26NOV2026,7500000.000000,20,OPTIDX,BFO,5.000000,1000,False
1102732,KOTAKBANK26NOV395CE,KOTAKBANK,26NOV2026,39500.000000,2000,OPTSTK,BFO,5.000000,12000,False
1100304,CDSL26NOV1680PE,CDSL,23NOV2026,168000.000000,475,OPTSTK,BFO,5.000000,14001,False
1100308,CDSL26NOV1720PE,CDSL,23NOV2026,172000.000000,475,OPTSTK,BFO,5.000000,14001,False
1100313,CDSL26NOV1840CE,CDSL,23NOV2026,184000.000000,475,OPTSTK,BFO,5.000000,14001,False
1100383,PAGEIND26SEP31500CE,PAGEIND,24SEP2026,3150000.000000,20,OPTSTK,BFO,5.000000,600,False
1102763,ABB26NOV7400CE,ABB,26NOV2026,740000.000000,125,OPTSTK,BFO,5.000000,7500,False
1102777,PNB26NOV117PE,PNB,26NOV2026,11700.000000,8000,OPTSTK,BFO,5.000000,480000,False
1102764,NAUKRI26NOV1460PE,NAUKRI,26NOV2026,146000.000000,550,OPTSTK,BFO,5.000000,6000,False
1102775,BANKEX26NOV69200CE,BANKEX,26NOV2026,6920000.000000,30,OPTIDX,BFO,5.000000,900,False
1100391,LAURUSLABS26SEP2020PE,LAURUSLABS,24SEP2026,202000.000000,850,OPTSTK,BFO,5.000000,68000,False
1100396,KAYNES26OCT4350CE,KAYNES,29OCT2026,435000.000000,150,OPTSTK,BFO,5.000000,100000000,False
1100402,SAIL26OCT210CE,SAIL,29OCT2026,21000.000000,4700,OPTSTK,BFO,5.000000,320000,False
1100418,COCHINSHIP26OCT1680PE,COCHINSHIP,29OCT2026,168000.000000,400,OPTSTK,BFO,5.000000,100000000,False
1102779,MUTHOOTFIN26NOV3150CE,MUTHOOTFIN,26NOV2026,315000.000000,275,OPTSTK,BFO,5.000000,22000,False
1102796,ADANIENT26NOV2800PE,ADANIENT,26NOV2026,280000.000000,309,OPTSTK,BFO,5.000000,9000,False
1102839,YESBANK26NOV24CE,YESBANK,26NOV2026,2400.000000,31100,OPTSTK,BFO,5.000000,100000000,False
1102847,RBLBANK26NOV390PE,RBLBANK,26NOV2026,39000.000000,3175,OPTSTK,BFO,5.000000,150000,False
1102863,POWERGRID26NOV265CE,POWERGRID,26NOV2026,26500.000000,1900,OPTSTK,BFO,5.000000,108000,False
1102867,GODFRYPHLP26NOV2350PE,GODFRYPHLP,26NOV2026,235000.000000,275,OPTSTK,BFO,5.000000,100000000,False
1102876,PERSISTENT26NOV6300PE,PERSISTENT,26NOV2026,630000.000000,125,OPTSTK,BFO,5.000000,5250,False
1102910,GLENMARK26NOV2600CE,GLENMARK,26NOV2026,260000.000000,375,OPTSTK,BFO,5.000000,43500,False
1100443,ICICIPRULI26OCT555PE,ICICIPRULI,29OCT2026,55500.000000,925,OPTSTK,BFO,5.000000,60000,False
1100448,KAYNES26OCT4400PE,KAYNES,29OCT2026,440000.000000,150,OPTSTK,BFO,5.000000,100000000,False
1100469,SAIL26SEP207.5PE,SAIL,24SEP2026,20750.000000,4700,OPTSTK,BFO,5.000000,320000,False
1100470,SENSEX26SEP68000CE,SENSEX,24SEP2026,6800000.000000,20,OPTIDX,BFO,5.000000,1000,False
1102912,NTPC26NOV365PE,NTPC,26NOV2026,36500.000000,1500,OPTSTK,BFO,5.000000,150000,False
1102950,PFC26NOV385PE,PFC,26NOV2026,38500.000000,1300,OPTSTK,BFO,5.000000,124000,False
1102957,PERSISTENT26NOV4900PE,PERSISTENT,26NOV2026,490000.000000,125,OPTSTK,BFO,5.000000,5250,False
1102961,OBEROIRLTY26NOV1960CE,OBEROIRLTY,26NOV2026,196000.000000,350,OPTSTK,BFO,5.000000,28000,False
1100479,BHARATFORG26OCT1880CE,BHARATFORG,29OCT2026,188000.000000,500,OPTSTK,BFO,5.000000,30000,False
1100504,SAIL26OCT205CE,SAIL,29OCT2026,20500.000000,4700,OPTSTK,BFO,5.000000,320000,False
1100512,APLAPOLLO26OCT2300CE,APLAPOLLO,29OCT2026,230000.000000,350,OPTSTK,BFO,5.000000,100000000,False
1100519,GLENMARK26SEP2560PE,GLENMARK,24SEP2026,256000.000000,375,OPTSTK,BFO,5.000000,43500,False
1102964,ULTRACEMCO26NOV11400CE,ULTRACEMCO,26NOV2026,1140000.000000,50,OPTSTK,BFO,5.000000,3000,False
1102969,ASHOKLEY26NOV170CE,ASHOKLEY,26NOV2026,17000.000000,5000,OPTSTK,BFO,5.000000,150000,False
1102992,CUMMINSIND26NOV4700CE,CUMMINSIND,26NOV2026,470000.000000,200,OPTSTK,BFO,5.000000,18000,False
1103006,PAYTM26NOV1660PE,PAYTM,26NOV2026,166000.000000,725,OPTSTK,BFO,5.000000,100000000,False
1100525,POLICYBZR26OCT1980CE,POLICYBZR,29OCT2026,198000.000000,350,OPTSTK,BFO,5.000000,100000000,False
1100547,KOTAKBANK26OCT450PE,KOTAKBANK,29OCT2026,45000.000000,2000,OPTSTK,BFO,5.000000,12000,False
1100554,ASHOKLEY26OCT197.5CE,ASHOKLEY,29OCT2026,19750.000000,5000,OPTSTK,BFO,5.000000,150000,False
1100603,MOTILALOFS26SEP1180PE,MOTILALOFS,24SEP2026,118000.000000,775,OPTSTK,BFO,5.000000,100000000,False
1103036,MAZDOCK26NOV2850CE,MAZDOCK,26NOV2026,285000.000000,225,OPTSTK,BFO,5.000000,100000000,False
1103066,SONACOMS26NOV850CE,SONACOMS,26NOV2026,85000.000000,1225,OPTSTK,BFO,5.000000,100000000,False
1103103,SIEMENS26NOV3950PE,SIEMENS,26NOV2026,395000.000000,175,OPTSTK,BFO,5.000000,8250,False
1103123,FEDERALBNK26NOV305PE,FEDERALBNK,26NOV2026,30500.000000,2500,OPTSTK,BFO,5.000000,200000,False
1100628,TATAPOWER26OCT330CE,TATAPOWER,29OCT2026,33000.000000,1450,OPTSTK,BFO,5.000000,101250,False
1100658,KOTAKBANK26OCT445PE,KOTAKBANK,29OCT2026,44500.000000,2000,OPTSTK,BFO,5.000000,12000,False
1100666,HINDZINC26OCT700PE,HINDZINC,29OCT2026,70000.000000,1225,OPTSTK,BFO,5.000000,100000000,False
1100699,CDSL26SEP2040PE,CDSL,29SEP2026,204000.000000,475,OPTSTK,BFO,5.000000,14001,False
1103154,IREDA26NOV135CE,IREDA,26NOV2026,13500.000000,4525,OPTSTK,BFO,5.000000,100000000,False
1103162,MAHABANK26SEP92CE,MAHABANK,24SEP2026,9200.000000,6500,OPTSTK,BFO,5.000000,100000000,False
1103166,BANKEX26NOV67200PE,BANKEX,26NOV2026,6720000.000000,30,OPTIDX,BFO,5.000000,900,False
1103187,POWERGRID26NOV265PE,POWERGRID,26NOV2026,26500.000000,1900,OPTSTK,BFO,5.000000,108000,False
1100718,DELHIVERY26NOV470CE,DELHIVERY,26NOV2026,47000.000000,2075,OPTSTK,BFO,5.000000,100000000,False
1100729,360ONE26NOV1340CE,,26NOV2026,134000.000000,500,OPTSTK,BFO,5.000000,100000000,False
1100780,CAMS26NOV710CE,CAMS,26NOV2026,71000.000000,825,OPTSTK,BFO,5.000000,100000000,False
1100786,RECLTD26NOV350PE,RECLTD,26NOV2026,35000.000000,1575,OPTSTK,BFO,5.000000,160000,False
1103196,PREMIERENE26NOV920CE,PREMIERENE,26NOV2026,92000.000000,650,OPTSTK,BFO,5.000000,100000000,False
1103201,RADICO26NOV4600CE,RADICO,26NOV2026,460000.000000,150,OPTSTK,BFO,5.000000,100000000,False
1103218,ANGELONE26NOV300CE,ANGELONE,26NOV2026,30000.000000,2500,OPTSTK,BFO,5.000000,100000000,False
1103249,LICHSGFIN26NOV550CE,LICHSGFIN,26NOV2026,55000.000000,1000,OPTSTK,BFO,5.000000,60000,False
1100813,LODHA26NOV1300CE,LODHA,26NOV2026,130000.000000,625,OPTSTK,BFO,5.000000,100000000,False
1100818,ATHERENERG26SEP1360PE,ATHERENERG,24SEP2026,136000.000000,375,OPTSTK,BFO,5.000000,100000000,False
1100833,SENSEX26O1580800CE,SENSEX,15OCT2026,8080000.000000,20,OPTIDX,BFO,5.000000,1000,False
1100837,SENSEX26NOV71500CE,SENSEX,26NOV2026,7150000.000000,20,OPTIDX,BFO,5.000000,1000,False
1103265,SENSEX26O1582800CE,SENSEX,15OCT2026,8280000.000000,20,OPTIDX,BFO,5.000000,1000,False
1103311,MANKIND26NOV2500PE,MANKIND,26NOV2026,250000.000000,250,OPTSTK,BFO,5.000000,100000000,False
1103331,ASHOKLEY26NOV175CE,ASHOKLEY,26NOV2026,17500.000000,5000,OPTSTK,BFO,5.000000,150000,False
1103345,LT26NOV4100CE,LT,26NOV2026,410000.000000,175,OPTSTK,BFO,5.000000,12000,False
1100840,TATAELXSI26NOV3450PE,TATAELXSI,26NOV2026,345000.000000,125,OPTSTK,BFO,5.000000,100000000,False
1100842,NBCC26NOV80PE,NBCC,26NOV2026,8000.000000,6500,OPTSTK,BFO,5.000000,100000000,False
1100845,SENSEX26NOV73800CE,SENSEX,26NOV2026,7380000.000000,20,OPTIDX,BFO,5.000000,1000,False
1100849,SWIGGY26NOV250CE,SWIGGY,26NOV2026,25000.000000,1825,OPTSTK,BFO,5.000000,100000000,False
1103351,FOCIT26NOV38600CE,FOCIT,26NOV2026,3860000.000000,45,OPTIDX,BFO,5.000000,1350,False
1103352,VEDL26NOV310CE,VEDL,26NOV2026,31000.000000,1150,OPTSTK,BFO,5.000000,80000,False
1103382,FOCIT26NOV43300PE,FOCIT,26NOV2026,4330000.000000,45,OPTIDX,BFO,5.000000,1350,False
1103422,ETERNAL26NOV300CE,ETERNAL,26NOV2026,30000.000000,2425,OPTSTK,BFO,5.000000,100000000,False
1100860,LT26NOV4250PE,LT,26NOV2026,425000.000000,175,OPTSTK,BFO,5.000000,12000,False
1100867,BANKINDIA26NOV142.5CE,BANKINDIA,26NOV2026,14250.000000,5200,OPTSTK,BFO,5.000000,100000000,False
1100873,DABUR26SEP350CE,DABUR,24SEP2026,35000.000000,1250,OPTSTK,BFO,5.000000,50000,False
1100915,HEROMOTOCO26NOV5000CE,HEROMOTOCO,26NOV2026,500000.000000,150,OPTSTK,BFO,5.000000,9000,False
1103428,BHEL26NOV410CE,BHEL,26NOV2026,41000.000000,2625,OPTSTK,BFO,5.000000,315000,False
1103449,NAM-INDIA26NOV1320PE,NAM-INDIA,26NOV2026,132000.000000,625,OPTSTK,BFO,5.000000,100000000,False
1103451,KALYANKJIL26NOV650PE,KALYANKJIL,26NOV2026,65000.000000,1350,OPTSTK,BFO,5.000000,100000000,False
1103452,MUTHOOTFIN26NOV3450PE,MUTHOOTFIN,26NOV2026,345000.000000,275,OPTSTK,BFO,5.000000,22000,False
1103461,BAJFINANCE26NOV1060CE,BAJFINANCE,26NOV2026,106000.000000,750,OPTSTK,BFO,5.000000,3750,False
1103464,BAJAJFINSV26NOV1900PE,BAJAJFINSV,26NOV2026,190000.000000,300,OPTSTK,BFO,5.000000,20000,False
1103467,HINDZINC26NOV650PE,HINDZINC,26NOV2026,65000.000000,1225,OPTSTK,BFO,5.000000,100000000,False
1103472,NAM-INDIA26NOV1160PE,NAM-INDIA,26NOV2026,116000.000000,625,OPTSTK,BFO,5.000000,100000000,False
1100930,FOCIT26NOV41300PE,FOCIT,26NOV2026,4130000.000000,45,OPTIDX,BFO,5.000000,1350,False
1100938,SAGILITY26SEP48CE,SAGILITY,24SEP2026,4800.000000,12000,OPTSTK,BFO,5.000000,100000000,False
1100942,BEL26NOV385CE,BEL,26NOV2026,38500.000000,1425,OPTSTK,BFO,5.000000,228000,False
1100948,MANAPPURAM26NOV320PE,MANAPPURAM,26NOV2026,32000.000000,3000,OPTSTK,BFO,5.000000,180000,False
1103473,ALKEM26NOV5300CE,ALKEM,26NOV2026,530000.000000,125,OPTSTK,BFO,5.000000,8000,False
1103479,SENSEX5026NOV25850PE,SENSEX50,26NOV2026,2585000.000000,75,OPTIDX,BFO,5.000000,1800,False
1103526,BPCL26NOV320PE,BPCL,26NOV2026,32000.000000,1975,OPTSTK,BFO,5.000000,72000,False
1103535,PREMIERENE26NOV1040PE,PREMIERENE,26NOV2026,104000.000000,650,OPTSTK,BFO,5.000000,100000000,False
1100958,NAUKRI26NOV1300CE,NAUKRI,26NOV2026,130000.000000,550,OPTSTK,BFO,5.000000,6000,False
1100962,INDIGO26NOV5100PE,INDIGO,26NOV2026,510000.000000,150,OPTSTK,BFO,5.000000,12000,False
1100963,FOCIT26NOV30600CE,FOCIT,26NOV2026,3060000.000000,45,OPTIDX,BFO,5.000000,1350,False
1100974,INOXWIND26NOV72.5CE,INOXWIND,26NOV2026,7250.000000,6400,OPTSTK,BFO,5.000000,100000000,False
1103539,GODREJCP26NOV930PE,GODREJCP,26NOV2026,93000.000000,500,OPTSTK,BFO,5.000000,30000,False
1103554,INDIANB26NOV900CE,INDIANB,26NOV2026,90000.000000,1000,OPTSTK,BFO,5.000000,100000000,False
1100975,FOCIT26NOV32900CE,FOCIT,26NOV2026,3290000.000000,45,OPTIDX,BFO,5.000000,1350,False
1100979,JSWENERGY26NOV590PE,JSWENERGY,26NOV2026,59000.000000,1075,OPTSTK,BFO,5.000000,100000000,False
1100985,AMBUJACEM26NOV445PE,AMBUJACEM,26NOV2026,44500.000000,1200,OPTSTK,BFO,5.000000,54000,False
1101037,OFSS26NOV12200PE,OFSS,26NOV2026,1220000.000000,100,OPTSTK,BFO,5.000000,8000,False
1101058,AUROPHARMA26NOVFUT,AUROPHARMA,26NOV2026,0.000000,550,FUTSTK,BFO,5.000000,44000,False
1101064,BANKEX26NOV57400CE,BANKEX,26NOV2026,5740000.000000,30,OPTIDX,BFO,5.000000,900,False
1101071,HDFCAMC26NOV2450PE,HDFCAMC,26NOV2026,245000.000000,300,OPTSTK,BFO,5.000000,12000,False
1101081,ABB26NOV7000CE,ABB,26NOV2026,700000.000000,125,OPTSTK,BFO,5.000000,7500,False
1101097,FOCIT26NOV42900CE,FOCIT,26NOV2026,4290000.000000,45,OPTIDX,BFO,5.000000,1350,False
1101101,SAGILITY26NOV44PE,SAGILITY,26NOV2026,4400.000000,12000,OPTSTK,BFO,5.000000,100000000,False
1101106,TMPV26NOV350CE,TMPV,26NOV2026,35000.000000,1600,OPTSTK,BFO,5.000000,42750,False
1101138,NESTLEIND26NOV1390CE,NESTLEIND,26NOV2026,139000.000000,500,OPTSTK,BFO,5.000000,1200,False
1101148,COCHINSHIP26NOV1680CE,COCHINSHIP,26NOV2026,168000.000000,400,OPTSTK,BFO,5.000000,100000000,False
1101166,ATHERENERG26OCT1480PE,ATHERENERG,29OCT2026,148000.000000,375,OPTSTK,BFO,5.000000,100000000,False
1101171,ITC26NOV275CE,ITC,26NOV2026,27500.000000,1725,OPTSTK,BFO,5.000000,64000,False
1101186,SENSEX5026NOV25400CE,SENSEX50,26NOV2026,2540000.000000,75,OPTIDX,BFO,5.000000,1800,False
1101200,SWIGGY26NOV255CE,SWIGGY,26NOV2026,25500.000000,1825,OPTSTK,BFO,5.000000,100000000,False
1101245,SBIN26NOV1010CE,SBIN,26NOV2026,101000.000000,750,OPTSTK,BFO,5.000000,45000,False
1101261,BHEL26NOV405PE,BHEL,26NOV2026,40500.000000,2625,OPTSTK,BFO,5.000000,315000,False
1101309,INOXWIND26NOV77.5CE,INOXWIND,26NOV2026,7750.000000,6400,OPTSTK,BFO,5.000000,100000000,False
1101330,DELHIVERY26NOV450PE,DELHIVERY,26NOV2026,45000.000000,2075,OPTSTK,BFO,5.000000,100000000,False
1101336,FOCIT26NOV30900PE,FOCIT,26NOV2026,3090000.000000,45,OPTIDX,BFO,5.000000,1350,False
1101354,ATHERENERG26OCT1380CE,ATHERENERG,29OCT2026,138000.000000,375,OPTSTK,BFO,5.000000,100000000,False
1101365,MOTHERSON26NOV165PE,MOTHERSON,26NOV2026,16500.000000,6150,OPTSTK,BFO,5.000000,284000,False
1101409,COALINDIA26NOV375CE,COALINDIA,26NOV2026,37500.000000,1350,OPTSTK,BFO,5.000000,126000,False
1101417,SENSEX26NOV78400PE,SENSEX,26NOV2026,7840000.000000,20,OPTIDX,BFO,5.000000,1000,False
1101422,CHOLAFIN26NOV1920PE,CHOLAFIN,26NOV2026,192000.000000,625,OPTSTK,BFO,5.000000,25000,False
1101443,PREMIERENE26NOV880PE,PREMIERENE,26NOV2026,88000.000000,650,OPTSTK,BFO,5.000000,100000000,False
1101445,SONACOMS26NOV880PE,SONACOMS,26NOV2026,88000.000000,1225,OPTSTK,BFO,5.000000,100000000,False
1101453,COFORGE26NOV1940PE,COFORGE,26NOV2026,194000.000000,475,OPTSTK,BFO,5.000000,6000,False
1101513,INDIGO26NOV4700PE,INDIGO,26NOV2026,470000.000000,150,OPTSTK,BFO,5.000000,12000,False
1101515,ICICIBANK26NOV1510CE,ICICIBANK,26NOV2026,151000.000000,700,OPTSTK,BFO,5.000000,28000,False
1101529,SHREECEM26NOV23750PE,SHREECEM,26NOV2026,2375000.000000,25,OPTSTK,BFO,5.000000,1000,False
1101531,SHREECEM26NOV26000PE,SHREECEM,26NOV2026,2600000.000000,25,OPTSTK,BFO,5.000000,1000,False
1101536,FOCIT26NOV35200PE,FOCIT,26NOV2026,3520000.000000,45,OPTIDX,BFO,5.000000,1350,False
1101541,UNIONBANK26NOV177.5PE,UNIONBANK,26NOV2026,17750.000000,4425,OPTSTK,BFO,5.000000,100000000,False
1101546,TRENT26NOV2900PE,TRENT,26NOV2026,290000.000000,225,OPTSTK,BFO,5.000000,16000,False
1101549,BANKEX26NOV65400PE,BANKEX,26NOV2026,6540000.000000,30,OPTIDX,BFO,5.000000,900,False
1101565,PGEL26NOV660CE,PGEL,26NOV2026,66000.000000,950,OPTSTK,BFO,5.000000,100000000,False
1101575,PIDILITIND26NOV1560CE,PIDILITIND,26NOV2026,156000.000000,500,OPTSTK,BFO,5.000000,10000,False
1101622,LICHSGFIN26NOV580PE,LICHSGFIN,26NOV2026,58000.000000,1000,OPTSTK,BFO,5.000000,60000,False
1101627,ULTRACEMCO26NOV11300PE,ULTRACEMCO,26NOV2026,1130000.000000,50,OPTSTK,BFO,5.000000,3000,False
1101630,CAMS26OCT670CE,CAMS,29OCT2026,67000.000000,825,OPTSTK,BFO,5.000000,100000000,False
1101635,TATAELXSI26NOV3650PE,TATAELXSI,26NOV2026,365000.000000,125,OPTSTK,BFO,5.000000,100000000,False
1101643,MAHABANK26SEP84CE,MAHABANK,24SEP2026,8400.000000,6500,OPTSTK,BFO,5.000000,100000000,False
1101644,INDUSINDBK26NOV950PE,INDUSINDBK,26NOV2026,95000.000000,700,OPTSTK,BFO,5.000000,20000,False
1101649,ABB26NOV7300PE,ABB,26NOV2026,730000.000000,125,OPTSTK,BFO,5.000000,7500,False
1101654,PETRONET26NOV320PE,PETRONET,26NOV2026,32000.000000,1900,OPTSTK,BFO,5.000000,120000,False
1101661,KOTAKBANK26NOV445CE,KOTAKBANK,26NOV2026,44500.000000,2000,OPTSTK,BFO,5.000000,12000,False
1101687,PGEL26NOV570CE,PGEL,26NOV2026,57000.000000,950,OPTSTK,BFO,5.000000,100000000,False
1101688,TMPV26NOV330PE,TMPV,26NOV2026,33000.000000,1600,OPTSTK,BFO,5.000000,42750,False
1101706,ETERNAL26NOV330PE,ETERNAL,26NOV2026,33000.000000,2425,OPTSTK,BFO,5.000000,100000000,False
1101746,NMDC26NOV83PE,NMDC,26NOV2026,8300.000000,6750,OPTSTK,BFO,5.000000,225000,False
1101747,ANGELONE26NOV265PE,ANGELONE,26NOV2026,26500.000000,2500,OPTSTK,BFO,5.000000,100000000,False
1101768,MARUTI26NOV13100CE,MARUTI,26NOV2026,1310000.000000,50,OPTSTK,BFO,5.000000,3000,False
1101773,SHRIRAMFIN26NOV1240PE,SHRIRAMFIN,26NOV2026,124000.000000,825,OPTSTK,BFO,5.000000,18000,False
1101788,DIVISLAB26NOV8900PE,DIVISLAB,26NOV2026,890000.000000,100,OPTSTK,BFO,5.000000,8000,False
1101806,FORCEMOT26NOV19000CE,FORCEMOT,26NOV2026,1900000.000000,25,OPTSTK,BFO,5.000000,100000000,False
1101824,SENSEX26NOV70000CE,SENSEX,26NOV2026,7000000.000000,20,OPTIDX,BFO,5.000000,1000,False
1101825,APOLLOHOSP26NOV9000PE,APOLLOHOSP,26NOV2026,900000.000000,125,OPTSTK,BFO,5.000000,5000,False
1100009,HDFCAMC26OCT3000PE,HDFCAMC,29OCT2026,300000.000000,300,OPTSTK,BFO,5.000000,12000,False
1100010,MCX26OCT3650CE,MCX,29OCT2026,365000.000000,225,OPTSTK,BFO,5.000000,16000,False
1100066,ICICIGI26OCT1460CE,ICICIGI,29OCT2026,146000.000000,325,OPTSTK,BFO,5.000000,20000,False
1100091,BSE26OCT2700PE,BSE,27OCT2026,270000.000000,200,OPTSTK,BFO,5.000000,3751,False
1101827,AUROPHARMA26NOV1580CE,AUROPHARMA,26NOV2026,158000.000000,550,OPTSTK,BFO,5.000000,44000,False
1101865,SBILIFE26NOV1680CE,SBILIFE,26NOV2026,168000.000000,375,OPTSTK,BFO,5.000000,22500,False
1101870,JIOFIN26NOV250CE,JIOFIN,26NOV2026,25000.000000,2350,OPTSTK,BFO,5.000000,100000000,False
1101876,WIPRO26NOV177.5PE,WIPRO,26NOV2026,17750.000000,3000,OPTSTK,BFO,5.000000,60000,False
1100115,BSE26NOV2400CE,BSE,23NOV2026,240000.000000,200,OPTSTK,BFO,5.000000,3751,False
1100118,BSE26NOV2600CE,BSE,23NOV2026,260000.000000,200,OPTSTK,BFO,5.000000,3751,False
1100126,BSE26NOV2800PE,BSE,23NOV2026,280000.000000,200,OPTSTK,BFO,5.000000,3751,False
1100133,BSE26NOV3200PE,BSE,23NOV2026,320000.000000,200,OPTSTK,BFO,5.000000,3751,False
1101881,GRASIM26NOV3360PE,GRASIM,26NOV2026,336000.000000,250,OPTSTK,BFO,5.000000,14250,False
1101890,BANKBARODA26NOV230CE,BANKBARODA,26NOV2026,23000.000000,2925,OPTSTK,BFO,5.000000,175500,False
1101915,EICHERMOT26NOV8200CE,EICHERMOT,26NOV2026,820000.000000,100,OPTSTK,BFO,5.000000,7000,False
1101919,PRESTIGE26NOV1520CE,PRESTIGE,26NOV2026,152000.000000,450,OPTSTK,BFO,5.000000,100000000,False
1100137,BSE26NOV3400PE,BSE,23NOV2026,340000.000000,200,OPTSTK,BFO,5.000000,3751,False
1100139,BSE26NOV3600CE,BSE,23NOV2026,360000.000000,200,OPTSTK,BFO,5.000000,3751,False
1100150,BSE26NOV4200PE,BSE,23NOV2026,420000.000000,200,OPTSTK,BFO,5.000000,3751,False
1100159,BSE26NOV4800PE,BSE,23NOV2026,480000.000000,200,OPTSTK,BFO,5.000000,3751,False
1101958,SUPREMEIND26NOV3200CE,SUPREMEIND,26NOV2026,320000.000000,175,OPTSTK,BFO,5.000000,100000000,False
1101964,JUBLFOOD26NOV530CE,JUBLFOOD,26NOV2026,53000.000000,1250,OPTSTK,BFO,5.000000,50000,False
1101970,HINDZINC26NOV540CE,HINDZINC,26NOV2026,54000.000000,1225,OPTSTK,BFO,5.000000,100000000,False
1101973,INDHOTEL26NOV740CE,INDHOTEL,26NOV2026,74000.000000,1000,OPTSTK,BFO,5.000000,60000,False
1100166,CDSL26NOVFUT,CDSL,23NOV2026,0.000000,475,FUTSTK,BFO,5.000000,14001,False
1100184,CDSL26OCT1260PE,CDSL,27OCT2026,126000.000000,475,OPTSTK,BFO,5.000000,14001,False
1100258,CDSL26NOV1200PE,CDSL,23NOV2026,120000.000000,475,OPTSTK,BFO,5.000000,14001,False
1100262,CDSL26NOV1280PE,CDSL,23NOV2026,128000.000000,475,OPTSTK,BFO,5.000000,14001,False
1102000,BHARTIARTL26NOV1920CE,BHARTIARTL,26NOV2026,192000.000000,475,OPTSTK,BFO,5.000000,28500,False
1102002,RBLBANK26NOV420PE,RBLBANK,26NOV2026,42000.000000,3175,OPTSTK,BFO,5.000000,150000,False
1102049,EICHERMOT26NOV7500PE,EICHERMOT,26NOV2026,750000.000000,100,OPTSTK,BFO,5.000000,7000,False
1102057,KAYNES26NOV4250PE,KAYNES,26NOV2026,425000.000000,150,OPTSTK,BFO,5.000000,100000000,False
1100317,LAURUSLABS26SEP2020CE,LAURUSLABS,24SEP2026,202000.000000,850,OPTSTK,BFO,5.000000,68000,False
1100318,MARUTI26OCT12800CE,MARUTI,29OCT2026,1280000.000000,50,OPTSTK,BFO,5.000000,3000,False
1100338,GLENMARK26OCT2560CE,GLENMARK,29OCT2026,256000.000000,375,OPTSTK,BFO,5.000000,43500,False
1100353,COCHINSHIP26SEP1680PE,COCHINSHIP,24SEP2026,168000.000000,400,OPTSTK,BFO,5.000000,100000000,False
1102058,NYKAA26NOV305CE,NYKAA,26NOV2026,30500.000000,3125,OPTSTK,BFO,5.000000,100000000,False
1102077,MAZDOCK26NOV2650CE,MAZDOCK,26NOV2026,265000.000000,225,OPTSTK,BFO,5.000000,100000000,False
1102094,GAIL26NOV182.5PE,GAIL,26NOV2026,18250.000000,3550,OPTSTK,BFO,5.000000,274500,False
1102100,ADANIGREEN26NOV1260CE,ADANIGREEN,26NOV2026,126000.000000,600,OPTSTK,BFO,5.000000,100000000,False
1100372,DIVISLAB26SEP9600PE,DIVISLAB,24SEP2026,960000.000000,100,OPTSTK,BFO,5.000000,8000,False
1100387,MARUTI26OCT12800PE,MARUTI,29OCT2026,1280000.000000,50,OPTSTK,BFO,5.000000,3000,False
1100408,HINDZINC26OCT680PE,HINDZINC,29OCT2026,68000.000000,1225,OPTSTK,BFO,5.000000,100000000,False
1100435,HINDZINC26SEP680PE,HINDZINC,24SEP2026,68000.000000,1225,OPTSTK,BFO,5.000000,100000000,False
1102104,KFINTECH26NOV900PE,KFINTECH,26NOV2026,90000.000000,575,OPTSTK,BFO,5.000000,100000000,False
1102123,TORNTPHARM26NOV5000PE,TORNTPHARM,26NOV2026,500000.000000,125,OPTSTK,BFO,5.000000,15000,False
1102156,ICICIBANK26NOV1480CE,ICICIBANK,26NOV2026,148000.000000,700,OPTSTK,BFO,5.000000,28000,False
1102186,NESTLEIND26NOV1400PE,NESTLEIND,26NOV2026,140000.000000,500,OPTSTK,BFO,5.000000,1200,False
1100450,TATAPOWER26OCT330PE,TATAPOWER,29OCT2026,33000.000000,1450,OPTSTK,BFO,5.000000,101250,False
1100457,CROMPTON26SEP205PE,CROMPTON,24SEP2026,20500.000000,2150,OPTSTK,BFO,5.000000,90000,False
1100462,PAGEIND26SEP31500PE,PAGEIND,24SEP2026,3150000.000000,20,OPTSTK,BFO,5.000000,600,False
1100476,MCX26SEP3700CE,MCX,24SEP2026,370000.000000,225,OPTSTK,BFO,5.000000,16000,False
1102212,HEROMOTOCO26NOV4800CE,HEROMOTOCO,26NOV2026,480000.000000,150,OPTSTK,BFO,5.000000,9000,False
1102191,INOXWIND26NOVFUT,INOXWIND,26NOV2026,0.000000,6400,FUTSTK,BFO,5.000000,100000000,False
1102196,BANKEX26NOV57900PE,BANKEX,26NOV2026,5790000.000000,30,OPTIDX,BFO,5.000000,900,False
1102200,HAVELLS26NOV1280CE,HAVELLS,26NOV2026,128000.000000,500,OPTSTK,BFO,5.000000,20000,False
1100502,MOTILALOFS26SEP1180CE,MOTILALOFS,24SEP2026,118000.000000,775,OPTSTK,BFO,5.000000,100000000,False
1100585,DIVISLAB26SEP9700CE,DIVISLAB,24SEP2026,970000.000000,100,OPTSTK,BFO,5.000000,8000,False
1100606,SAIL26SEP205PE,SAIL,24SEP2026,20500.000000,4700,OPTSTK,BFO,5.000000,320000,False
1100620,APLAPOLLO26SEP2300CE,APLAPOLLO,24SEP2026,230000.000000,350,OPTSTK,BFO,5.000000,100000000,False
1102223,UPL26NOV590CE,UPL,26NOV2026,59000.000000,1355,OPTSTK,BFO,5.000000,39000,False
1102227,COFORGE26NOV1980PE,COFORGE,26NOV2026,198000.000000,475,OPTSTK,BFO,5.000000,6000,False
1102236,HDFCLIFE26NOV535CE,HDFCLIFE,26NOV2026,53500.000000,1100,OPTSTK,BFO,5.000000,44000,False
1102250,SENSEX26NOV77000CE,SENSEX,26NOV2026,7700000.000000,20,OPTIDX,BFO,5.000000,1000,False
1100623,POLICYBZR26OCT1980PE,POLICYBZR,29OCT2026,198000.000000,350,OPTSTK,BFO,5.000000,100000000,False
1100630,HYUNDAI26SEP2380PE,HYUNDAI,24SEP2026,238000.000000,275,OPTSTK,BFO,5.000000,100000000,False
1100633,GLENMARK26OCT2580PE,GLENMARK,29OCT2026,258000.000000,375,OPTSTK,BFO,5.000000,43500,False
1100640,SAIL26OCT210PE,SAIL,29OCT2026,21000.000000,4700,OPTSTK,BFO,5.000000,320000,False
1102258,MFSL26NOV1640PE,MFSL,26NOV2026,164000.000000,400,OPTSTK,BFO,5.000000,32000,False
1102272,JSWENERGY26NOV500PE,JSWENERGY,26NOV2026,50000.000000,1075,OPTSTK,BFO,5.000000,100000000,False
1102321,KAYNES26NOV4150CE,KAYNES,26NOV2026,415000.000000,150,OPTSTK,BFO,5.000000,100000000,False
1102335,HINDALCO26NOV1160CE,HINDALCO,26NOV2026,116000.000000,700,OPTSTK,BFO,5.000000,56000,False
1100651,SAIL26SEP207.5CE,SAIL,24SEP2026,20750.000000,4700,OPTSTK,BFO,5.000000,320000,False
1100654,DIVISLAB26SEP9500PE,DIVISLAB,24SEP2026,950000.000000,100,OPTSTK,BFO,5.000000,8000,False
1100662,BOSCHLTD26SEP52500PE,BOSCHLTD,24SEP2026,5250000.000000,25,OPTSTK,BFO,5.000000,1500,False
1100668,MOTILALOFS26OCT1180PE,MOTILALOFS,29OCT2026,118000.000000,775,OPTSTK,BFO,5.000000,100000000,False
1102348,BANKEX26NOV65600PE,BANKEX,26NOV2026,6560000.000000,30,OPTIDX,BFO,5.000000,900,False
1102350,INDHOTEL26NOV740PE,INDHOTEL,26NOV2026,74000.000000,1000,OPTSTK,BFO,5.000000,60000,False
1102359,ASIANPAINT26NOV2560CE,ASIANPAINT,26NOV2026,256000.000000,250,OPTSTK,BFO,5.000000,8000,False
1102373,JUBLFOOD26NOV535CE,JUBLFOOD,26NOV2026,53500.000000,1250,OPTSTK,BFO,5.000000,50000,False
1100673,CIPLA26OCT1340PE,CIPLA,29OCT2026,134000.000000,425,OPTSTK,BFO,5.000000,26000,False
1100703,CDSL26OCT1780PE,CDSL,27OCT2026,178000.000000,475,OPTSTK,BFO,5.000000,14001,False
1100724,TRENT26NOV2700PE,TRENT,26NOV2026,270000.000000,225,OPTSTK,BFO,5.000000,16000,False
1100743,BANKEX26NOV69800PE,BANKEX,26NOV2026,6980000.000000,30,OPTIDX,BFO,5.000000,900,False
1102379,INFY26NOV1100PE,INFY,26NOV2026,110000.000000,400,OPTSTK,BFO,5.000000,16000,False
1102432,TCS26NOV2200CE,TCS,26NOV2026,220000.000000,225,OPTSTK,BFO,5.000000,7000,False
1102455,FORCEMOT26NOV21000PE,FORCEMOT,26NOV2026,2100000.000000,25,OPTSTK,BFO,5.000000,100000000,False
1102457,UNIONBANK26NOV185PE,UNIONBANK,26NOV2026,18500.000000,4425,OPTSTK,BFO,5.000000,100000000,False
1100785,HINDALCO26NOV1000PE,HINDALCO,26NOV2026,100000.000000,700,OPTSTK,BFO,5.000000,56000,False
1100787,TRENT26NOV3150CE,TRENT,26NOV2026,315000.000000,225,OPTSTK,BFO,5.000000,16000,False
1100798,HDFCBANK26NOV770PE,HDFCBANK,26NOV2026,77000.000000,650,OPTSTK,BFO,5.000000,16500,False
1100802,BANDHANBNK26NOV165PE,BANDHANBNK,26NOV2026,16500.000000,3600,OPTSTK,BFO,5.000000,100000,False
1102471,FOCIT26NOV43100PE,FOCIT,26NOV2026,4310000.000000,45,OPTIDX,BFO,5.000000,1350,False
1102490,BANDHANBNK26NOV205CE,BANDHANBNK,26NOV2026,20500.000000,3600,OPTSTK,BFO,5.000000,100000,False
1102510,UNITDSPR26NOV1620CE,UNITDSPR,26NOV2026,162000.000000,400,OPTSTK,BFO,5.000000,28000,False
1102520,HDFCBANK26NOV650CE,HDFCBANK,26NOV2026,65000.000000,650,OPTSTK,BFO,5.000000,16500,False
1100829,HCLTECH26NOV1230PE,HCLTECH,26NOV2026,123000.000000,400,OPTSTK,BFO,5.000000,21000,False
1100836,COFORGE26NOV1800CE,COFORGE,26NOV2026,180000.000000,475,OPTSTK,BFO,5.000000,6000,False
1100879,AXISBANK26NOV1220PE,AXISBANK,26NOV2026,122000.000000,625,OPTSTK,BFO,5.000000,25000,False
1100888,PGEL26NOV530CE,PGEL,26NOV2026,53000.000000,950,OPTSTK,BFO,5.000000,100000000,False
1102527,COFORGE26NOV1880CE,COFORGE,26NOV2026,188000.000000,475,OPTSTK,BFO,5.000000,6000,False
1102533,FOCIT26NOV30100CE,FOCIT,26NOV2026,3010000.000000,45,OPTIDX,BFO,5.000000,1350,False
1102591,SENSEX26O1572000PE,SENSEX,15OCT2026,7200000.000000,20,OPTIDX,BFO,5.000000,1000,False
1102594,KPITTECH26NOV660CE,KPITTECH,26NOV2026,66000.000000,775,OPTSTK,BFO,5.000000,100000000,False
1100898,MAHABANK26NOV91PE,MAHABANK,26NOV2026,9100.000000,6500,OPTSTK,BFO,5.000000,100000000,False
1100927,BHEL26NOV400PE,BHEL,26NOV2026,40000.000000,2625,OPTSTK,BFO,5.000000,315000,False
1100932,SBIN26NOV970PE,SBIN,26NOV2026,97000.000000,750,OPTSTK,BFO,5.000000,45000,False
1100959,RADICO26NOV4650CE,RADICO,26NOV2026,465000.000000,150,OPTSTK,BFO,5.000000,100000000,False
1102603,ICICIGI26NOV1480PE,ICICIGI,26NOV2026,148000.000000,325,OPTSTK,BFO,5.000000,20000,False
1102614,SENSEX26NOV81900CE,SENSEX,26NOV2026,8190000.000000,20,OPTIDX,BFO,5.000000,1000,False
1102623,IOC26NOV125CE,IOC,26NOV2026,12500.000000,4875,OPTSTK,BFO,5.000000,292500,False
1102627,BHARATFORG26NOV2020CE,BHARATFORG,26NOV2026,202000.000000,500,OPTSTK,BFO,5.000000,30000,False
1100967,PAGEIND26NOV35500PE,PAGEIND,26NOV2026,3550000.000000,20,OPTSTK,BFO,5.000000,600,False
1100976,NMDC26NOVFUT,NMDC,26NOV2026,0.000000,6750,FUTSTK,BFO,5.000000,225000,False
1100989,SENSEX5026NOV26100PE,SENSEX50,26NOV2026,2610000.000000,75,OPTIDX,BFO,5.000000,1800,False
1101014,ADANIPOWER26NOV240CE,ADANIPOWER,26NOV2026,24000.000000,3550,OPTSTK,BFO,5.000000,100000000,False
1102634,PAGEIND26NOV38000CE,PAGEIND,26NOV2026,3800000.000000,20,OPTSTK,BFO,5.000000,600,False
1102640,INFY26NOV1000CE,INFY,26NOV2026,100000.000000,400,OPTSTK,BFO,5.000000,16000,False
1102670,RECLTD26NOV300CE,RECLTD,26NOV2026,30000.000000,1575,OPTSTK,BFO,5.000000,160000,False
1102685,APLAPOLLO26NOV2300PE,APLAPOLLO,26NOV2026,230000.000000,350,OPTSTK,BFO,5.000000,100000000,False
1101027,JSWSTEEL26NOV1420PE,JSWSTEEL,26NOV2026,142000.000000,675,OPTSTK,BFO,5.000000,40500,False
1101041,INDUSINDBK26NOV970CE,INDUSINDBK,26NOV2026,97000.000000,700,OPTSTK,BFO,5.000000,20000,False
1101051,PHOENIXLTD26NOV2000CE,PHOENIXLTD,26NOV2026,200000.000000,350,OPTSTK,BFO,5.000000,100000000,False
1101078,DELHIVERY26NOV475CE,DELHIVERY,26NOV2026,47500.000000,2075,OPTSTK,BFO,5.000000,100000000,False
1102724,KFINTECH26NOV940CE,KFINTECH,26NOV2026,94000.000000,575,OPTSTK,BFO,5.000000,100000000,False
1102731,DRREDDY26NOV1200PE,DRREDDY,26NOV2026,120000.000000,625,OPTSTK,BFO,5.000000,5000,False
1102769,LAURUSLABS26NOV2000CE,LAURUSLABS,26NOV2026,200000.000000,850,OPTSTK,BFO,5.000000,68000,False
1102784,OBEROIRLTY26NOV2000CE,OBEROIRLTY,26NOV2026,200000.000000,350,OPTSTK,BFO,5.000000,28000,False
1101082,WIPRO26NOV160CE,WIPRO,26NOV2026,16000.000000,3000,OPTSTK,BFO,5.000000,60000,False
1101107,SUZLON26NOV48CE,SUZLON,26NOV2026,4800.000000,12700,OPTSTK,BFO,5.000000,100000000,False
1101123,SBILIFE26NOV1640CE,SBILIFE,26NOV2026,164000.000000,375,OPTSTK,BFO,5.000000,22500,False
1101135,BDL26NOV1380PE,BDL,26NOV2026,138000.000000,425,OPTSTK,BFO,5.000000,100000000,False
1102810,BHARTIARTL26NOV2000CE,BHARTIARTL,26NOV2026,200000.000000,475,OPTSTK,BFO,5.000000,28500,False
1102815,CONCOR26NOV535PE,CONCOR,26NOV2026,53500.000000,1250,OPTSTK,BFO,5.000000,40000,False
1102856,BANKEX26NOV63200CE,BANKEX,26NOV2026,6320000.000000,30,OPTIDX,BFO,5.000000,900,False
1102882,COLPAL26SEP1700PE,COLPAL,24SEP2026,170000.000000,275,OPTSTK,BFO,5.000000,14000,False
1101156,TATACONSUM26NOV1080PE,TATACONSUM,26NOV2026,108000.000000,550,OPTSTK,BFO,5.000000,36000,False
1101159,GRASIM26NOV3320PE,GRASIM,26NOV2026,332000.000000,250,OPTSTK,BFO,5.000000,14250,False
1101172,SENSEX26NOV77800PE,SENSEX,26NOV2026,7780000.000000,20,OPTIDX,BFO,5.000000,1000,False
1101178,GRASIM26NOV3160PE,GRASIM,26NOV2026,316000.000000,250,OPTSTK,BFO,5.000000,14250,False
1102893,UNITDSPR26NOV1440CE,UNITDSPR,26NOV2026,144000.000000,400,OPTSTK,BFO,5.000000,28000,False
1102903,JSWENERGY26NOV540CE,JSWENERGY,26NOV2026,54000.000000,1075,OPTSTK,BFO,5.000000,100000000,False
1102909,KALYANKJIL26NOV615PE,KALYANKJIL,26NOV2026,61500.000000,1350,OPTSTK,BFO,5.000000,100000000,False
1102915,PRESTIGE26NOV1560CE,PRESTIGE,26NOV2026,156000.000000,450,OPTSTK,BFO,5.000000,100000000,False
1101189,BANKEX26NOV65100CE,BANKEX,26NOV2026,6510000.000000,30,OPTIDX,BFO,5.000000,900,False
1101195,NBCC26NOV85PE,NBCC,26NOV2026,8500.000000,6500,OPTSTK,BFO,5.000000,100000000,False
1101220,SENSEX26NOV82100CE,SENSEX,26NOV2026,8210000.000000,20,OPTIDX,BFO,5.000000,1000,False
1101229,AMBER26NOV7100PE,AMBER,26NOV2026,710000.000000,100,OPTSTK,BFO,5.000000,100000000,False
1102920,SUPREMEIND26NOV3400CE,SUPREMEIND,26NOV2026,340000.000000,175,OPTSTK,BFO,5.000000,100000000,False
1102933,MPHASIS26NOV2600PE,MPHASIS,26NOV2026,260000.000000,275,OPTSTK,BFO,5.000000,11000,False
1102947,INDHOTEL26NOV780CE,INDHOTEL,26NOV2026,78000.000000,1000,OPTSTK,BFO,5.000000,60000,False
1102952,CANBK26NOV120PE,CANBK,26NOV2026,12000.000000,6750,OPTSTK,BFO,5.000000,81000,False
1101253,BANKEX26NOV63700CE,BANKEX,26NOV2026,6370000.000000,30,OPTIDX,BFO,5.000000,900,False
1101255,PIDILITIND26NOV1740CE,PIDILITIND,26NOV2026,174000.000000,500,OPTSTK,BFO,5.000000,10000,False
1101284,VEDL26NOV295CE,VEDL,26NOV2026,29500.000000,1150,OPTSTK,BFO,5.000000,80000,False
1101288,BIOCON26NOV440CE,BIOCON,26NOV2026,44000.000000,2500,OPTSTK,BFO,5.000000,100000,False
1102955,DABUR26NOV355CE,DABUR,26NOV2026,35500.000000,1250,OPTSTK,BFO,5.000000,50000,False
1102962,APLAPOLLO26NOV2040CE,APLAPOLLO,26NOV2026,204000.000000,350,OPTSTK,BFO,5.000000,100000000,False
1102977,PIIND26NOV2250CE,PIIND,26NOV2026,225000.000000,175,OPTSTK,BFO,5.000000,7500,False
1102985,KAYNES26NOV3750CE,KAYNES,26NOV2026,375000.000000,150,OPTSTK,BFO,5.000000,100000000,False
1101298,ICICIBANK26NOV1450PE,ICICIBANK,26NOV2026,145000.000000,700,OPTSTK,BFO,5.000000,28000,False
1101339,KAYNES26NOV4200CE,KAYNES,26NOV2026,420000.000000,150,OPTSTK,BFO,5.000000,100000000,False
1101396,GODREJCP26NOV890PE,GODREJCP,26NOV2026,89000.000000,500,OPTSTK,BFO,5.000000,30000,False
1101472,TVSMOTOR26NOV4250PE,TVSMOTOR,26NOV2026,425000.000000,175,OPTSTK,BFO,5.000000,21000,False
1101473,MCX26NOV3600PE,MCX,26NOV2026,360000.000000,225,OPTSTK,BFO,5.000000,16000,False
1101480,OFSS26NOV12100CE,OFSS,26NOV2026,1210000.000000,100,OPTSTK,BFO,5.000000,8000,False
1101488,POLICYBZR26NOV1900PE,POLICYBZR,26NOV2026,190000.000000,350,OPTSTK,BFO,5.000000,100000000,False
1101510,BLUESTARCO26NOV1560CE,BLUESTARCO,26NOV2026,156000.000000,325,OPTSTK,BFO,5.000000,100000000,False
1103017,NHPC26NOV74CE,NHPC,26NOV2026,7400.000000,6950,OPTSTK,BFO,5.000000,100000000,False
1103019,APOLLOHOSP26NOV9100CE,APOLLOHOSP,26NOV2026,910000.000000,125,OPTSTK,BFO,5.000000,5000,False
1103025,GLENMARK26NOV2360PE,GLENMARK,26NOV2026,236000.000000,375,OPTSTK,BFO,5.000000,43500,False
1103027,NBCC26NOV102.5PE,NBCC,26NOV2026,10250.000000,6500,OPTSTK,BFO,5.000000,100000000,False
1101569,SENSEX26NOV73100CE,SENSEX,26NOV2026,7310000.000000,20,OPTIDX,BFO,5.000000,1000,False
1101579,VEDL26NOV270PE,VEDL,26NOV2026,27000.000000,1150,OPTSTK,BFO,5.000000,80000,False
1101581,LTF26NOV335PE,LTF,26NOV2026,33500.000000,2250,OPTSTK,BFO,5.000000,267720,False
1101628,SENSEX26NOV71700CE,SENSEX,26NOV2026,7170000.000000,20,OPTIDX,BFO,5.000000,1000,False
1103038,HDFCBANK26NOV720PE,HDFCBANK,26NOV2026,72000.000000,650,OPTSTK,BFO,5.000000,16500,False
1103044,SENSEX5026NOV25550CE,SENSEX50,26NOV2026,2555000.000000,75,OPTIDX,BFO,5.000000,1800,False
1103073,PNBHOUSING26NOV1320CE,PNBHOUSING,26NOV2026,132000.000000,650,OPTSTK,BFO,5.000000,100000000,False
1103098,FOCIT26NOV42700PE,FOCIT,26NOV2026,4270000.000000,45,OPTIDX,BFO,5.000000,1350,False
1101670,CANBK26NOV137.5CE,CANBK,26NOV2026,13750.000000,6750,OPTSTK,BFO,5.000000,81000,False
1101671,SHREECEM26NOV23000CE,SHREECEM,26NOV2026,2300000.000000,25,OPTSTK,BFO,5.000000,1000,False
1101678,FOCIT26NOV34500CE,FOCIT,26NOV2026,3450000.000000,45,OPTIDX,BFO,5.000000,1350,False
1101686,HEROMOTOCO26NOV5200CE,HEROMOTOCO,26NOV2026,520000.000000,150,OPTSTK,BFO,5.000000,9000,False
1103101,PNBHOUSING26NOV1160CE,PNBHOUSING,26NOV2026,116000.000000,650,OPTSTK,BFO,5.000000,100000000,False
1103140,IREDA26NOV130PE,IREDA,26NOV2026,13000.000000,4525,OPTSTK,BFO,5.000000,100000000,False
1103148,GAIL26NOV190PE,GAIL,26NOV2026,19000.000000,3550,OPTSTK,BFO,5.000000,274500,False
1103150,SENSEX26O1572800CE,SENSEX,15OCT2026,7280000.000000,20,OPTIDX,BFO,5.000000,1000,False
1101703,LODHA26NOV1260PE,LODHA,26NOV2026,126000.000000,625,OPTSTK,BFO,5.000000,100000000,False
1101712,ANGELONE26NOVFUT,ANGELONE,26NOV2026,0.000000,2500,FUTSTK,BFO,5.000000,100000000,False
1101714,VBL26NOV390CE,VBL,26NOV2026,39000.000000,1275,OPTSTK,BFO,5.000000,100000000,False
1101733,JSWSTEEL26NOV1380CE,JSWSTEEL,26NOV2026,138000.000000,675,OPTSTK,BFO,5.000000,40500,False
1103160,CONCOR26NOV480CE,CONCOR,26NOV2026,48000.000000,1250,OPTSTK,BFO,5.000000,40000,False
1103169,PGEL26NOVFUT,PGEL,26NOV2026,0.000000,950,FUTSTK,BFO,5.000000,100000000,False
1103175,BPCL26NOV345CE,BPCL,26NOV2026,34500.000000,1975,OPTSTK,BFO,5.000000,72000,False
1103204,IOC26NOV137.5PE,IOC,26NOV2026,13750.000000,4875,OPTSTK,BFO,5.000000,292500,False
1101738,NAUKRI26NOV1340CE,NAUKRI,26NOV2026,134000.000000,550,OPTSTK,BFO,5.000000,6000,False
1101740,HINDPETRO26NOV370CE,HINDPETRO,26NOV2026,37000.000000,2025,OPTSTK,BFO,5.000000,108000,False
1101743,POLICYBZR26NOV1720PE,POLICYBZR,26NOV2026,172000.000000,350,OPTSTK,BFO,5.000000,100000000,False
1101751,BANKEX26NOV66000PE,BANKEX,26NOV2026,6600000.000000,30,OPTIDX,BFO,5.000000,900,False
1103209,NESTLEIND26NOV1430CE,NESTLEIND,26NOV2026,143000.000000,500,OPTSTK,BFO,5.000000,1200,False
1103231,LICI26NOV405CE,LICI,26NOV2026,40500.000000,1400,OPTSTK,BFO,5.000000,100000000,False
1103245,COLPAL26NOV1940CE,COLPAL,26NOV2026,194000.000000,275,OPTSTK,BFO,5.000000,14000,False
1103264,SENSEX26NOV71200CE,SENSEX,26NOV2026,7120000.000000,20,OPTIDX,BFO,5.000000,1000,False
1101759,BLUESTARCO26NOV1380CE,BLUESTARCO,26NOV2026,138000.000000,325,OPTSTK,BFO,5.000000,100000000,False
1101762,GAIL26NOV182.5CE,GAIL,26NOV2026,18250.000000,3550,OPTSTK,BFO,5.000000,274500,False
1101770,OFSS26NOV12400PE,OFSS,26NOV2026,1240000.000000,100,OPTSTK,BFO,5.000000,8000,False
1101774,PIIND26NOV2150PE,PIIND,26NOV2026,215000.000000,175,OPTSTK,BFO,5.000000,7500,False
1103267,SENSEX26NOV73500CE,SENSEX,26NOV2026,7350000.000000,20,OPTIDX,BFO,5.000000,1000,False
1103289,DABUR26NOV355PE,DABUR,26NOV2026,35500.000000,1250,OPTSTK,BFO,5.000000,50000,False
1103340,FOCIT26NOV34000CE,FOCIT,26NOV2026,3400000.000000,45,OPTIDX,BFO,5.000000,1350,False
1103341,PHOENIXLTD26NOV1840CE,PHOENIXLTD,26NOV2026,184000.000000,350,OPTSTK,BFO,5.000000,100000000,False
1101782,NAUKRI26NOV1420PE,NAUKRI,26NOV2026,142000.000000,550,OPTSTK,BFO,5.000000,6000,False
1101796,SHRIRAMFIN26NOV1080PE,SHRIRAMFIN,26NOV2026,108000.000000,825,OPTSTK,BFO,5.000000,18000,False
1101808,MAHABANK26NOV85CE,MAHABANK,26NOV2026,8500.000000,6500,OPTSTK,BFO,5.000000,100000000,False
1101784,HDFCAMC26NOV2650PE,HDFCAMC,26NOV2026,265000.000000,300,OPTSTK,BFO,5.000000,12000,False
1103346,FOCIT26NOV36300CE,FOCIT,26NOV2026,3630000.000000,45,OPTIDX,BFO,5.000000,1350,False
1103368,BEL26NOV425PE,BEL,26NOV2026,42500.000000,1425,OPTSTK,BFO,5.000000,228000,False
1103389,PREMIERENE26NOVFUT,PREMIERENE,26NOV2026,0.000000,650,FUTSTK,BFO,5.000000,100000000,False
1103399,ADANIENSOL26NOV1540CE,ADANIENSOL,26NOV2026,154000.000000,675,OPTSTK,BFO,5.000000,100000000,False
1101830,AMBER26NOV8000CE,AMBER,26NOV2026,800000.000000,100,OPTSTK,BFO,5.000000,100000000,False
1101831,BHARATFORG26NOV1940CE,BHARATFORG,26NOV2026,194000.000000,500,OPTSTK,BFO,5.000000,30000,False
1101854,SENSEX26O1582700PE,SENSEX,15OCT2026,8270000.000000,20,OPTIDX,BFO,5.000000,1000,False
1101856,ADANIGREEN26NOV1360PE,ADANIGREEN,26NOV2026,136000.000000,600,OPTSTK,BFO,5.000000,100000000,False
1103403,SAGILITY26SEP49PE,SAGILITY,24SEP2026,4900.000000,12000,OPTSTK,BFO,5.000000,100000000,False
1103407,NHPC26NOV79CE,NHPC,26NOV2026,7900.000000,6950,OPTSTK,BFO,5.000000,100000000,False
1103437,PREMIERENE26NOV1120CE,PREMIERENE,26NOV2026,112000.000000,650,OPTSTK,BFO,5.000000,100000000,False
1103454,FOCIT26NOV30300CE,FOCIT,26NOV2026,3030000.000000,45,OPTIDX,BFO,5.000000,1350,False
1101871,KOTAKBANK26NOV420PE,KOTAKBANK,26NOV2026,42000.000000,2000,OPTSTK,BFO,5.000000,12000,False
1101886,BANKEX26NOV63000CE,BANKEX,26NOV2026,6300000.000000,30,OPTIDX,BFO,5.000000,900,False
1101902,BANKEX26NOV67600CE,BANKEX,26NOV2026,6760000.000000,30,OPTIDX,BFO,5.000000,900,False
1101949,PETRONET26NOV325PE,PETRONET,26NOV2026,32500.000000,1900,OPTSTK,BFO,5.000000,120000,False
1103457,PHOENIXLTD26NOV1920PE,PHOENIXLTD,26NOV2026,192000.000000,350,OPTSTK,BFO,5.000000,100000000,False
1103487,MFSL26NOV1580CE,MFSL,26NOV2026,158000.000000,400,OPTSTK,BFO,5.000000,32000,False
1103495,PIDILITIND26NOV1700PE,PIDILITIND,26NOV2026,170000.000000,500,OPTSTK,BFO,5.000000,10000,False
1103497,TATACONSUM26NOV1020CE,TATACONSUM,26NOV2026,102000.000000,550,OPTSTK,BFO,5.000000,36000,False
1101975,PFC26NOV345PE,PFC,26NOV2026,34500.000000,1300,OPTSTK,BFO,5.000000,124000,False
1102006,CHOLAFIN26NOV2000PE,CHOLAFIN,26NOV2026,200000.000000,625,OPTSTK,BFO,5.000000,25000,False
1102042,MANAPPURAM26NOV365PE,MANAPPURAM,26NOV2026,36500.000000,3000,OPTSTK,BFO,5.000000,180000,False
1102066,ADANIGREEN26NOV1420CE,ADANIGREEN,26NOV2026,142000.000000,600,OPTSTK,BFO,5.000000,100000000,False
1103507,ATHERENERG26OCT1420CE,ATHERENERG,29OCT2026,142000.000000,375,OPTSTK,BFO,5.000000,100000000,False
1103509,TCS26NOV2160PE,TCS,26NOV2026,216000.000000,225,OPTSTK,BFO,5.000000,7000,False
1103584,TATASTEEL26NOV202.5CE,TATASTEEL,26NOV2026,20250.000000,2750,OPTSTK,BFO,5.000000,220000,False
1103606,DIXON26NOV14250CE,DIXON,26NOV2026,1425000.000000,50,OPTSTK,BFO,5.000000,6000,False
1102074,KEI26NOV6100CE,KEI,26NOV2026,610000.000000,175,OPTSTK,BFO,5.000000,100000000,False
1102116,ATHERENERG26OCT1580CE,ATHERENERG,29OCT2026,158000.000000,375,OPTSTK,BFO,5.000000,100000000,False
1102128,SENSEX26O1576300CE,SENSEX,15OCT2026,7630000.000000,20,OPTIDX,BFO,5.000000,1000,False
1102147,POWERGRID26NOV257.5PE,POWERGRID,26NOV2026,25750.000000,1900,OPTSTK,BFO,5.000000,108000,False
1103626,RECLTD26NOV340CE,RECLTD,26NOV2026,34000.000000,1575,OPTSTK,BFO,5.000000,160000,False
1103645,SONACOMS26NOV760PE,SONACOMS,26NOV2026,76000.000000,1225,OPTSTK,BFO,5.000000,100000000,False
1103648,HDFCBANK26NOV760CE,HDFCBANK,26NOV2026,76000.000000,650,OPTSTK,BFO,5.000000,16500,False
1103719,FEDERALBNK26NOV340PE,FEDERALBNK,26NOV2026,34000.000000,2500,OPTSTK,BFO,5.000000,200000,False
1102164,COLPAL26OCT1700CE,COLPAL,29OCT2026,170000.000000,275,OPTSTK,BFO,5.000000,14000,False
1102169,MARICO26NOV870PE,MARICO,26NOV2026,87000.000000,1200,OPTSTK,BFO,5.000000,48000,False
1102181,CROMPTON26NOV260PE,CROMPTON,26NOV2026,26000.000000,2150,OPTSTK,BFO,5.000000,90000,False
1102189,TECHM26NOV1640PE,TECHM,26NOV2026,164000.000000,600,OPTSTK,BFO,5.000000,24000,False
1102218,BPCL26NOV305CE,BPCL,26NOV2026,30500.000000,1975,OPTSTK,BFO,5.000000,72000,False
1102228,OFSS26NOV12300CE,OFSS,26NOV2026,1230000.000000,100,OPTSTK,BFO,5.000000,8000,False
1102247,WAAREEENER26NOV2450CE,WAAREEENER,26NOV2026,245000.000000,175,OPTSTK,BFO,5.000000,100000000,False
1102299,CROMPTON26NOVFUT,CROMPTON,26NOV2026,0.000000,2150,FUTSTK,BFO,5.000000,90000,False
1103743,SENSEX27MAR76000CE,SENSEX,25MAR2027,7600000.000000,20,OPTIDX,BFO,5.000000,1000,False
1103756,FOCIT26NOV38000PE,FOCIT,26NOV2026,3800000.000000,45,OPTIDX,BFO,5.000000,1350,False
1103865,INOXWIND26NOV80PE,INOXWIND,26NOV2026,8000.000000,6400,OPTSTK,BFO,5.000000,100000000,False
1103891,ATHERENERG26NOV1380PE,ATHERENERG,26NOV2026,138000.000000,375,OPTSTK,BFO,5.000000,100000000,False
1103906,FOCIT26NOV32000PE,FOCIT,26NOV2026,3200000.000000,45,OPTIDX,BFO,5.000000,1350,False
1104037,SENSEX26NOV81500PE,SENSEX,26NOV2026,8150000.000000,20,OPTIDX,BFO,5.000000,1000,False
1104063,SENSEX26NOV83800PE,SENSEX,26NOV2026,8380000.000000,20,OPTIDX,BFO,5.000000,1000,False
1104093,SAGILITY26OCT40PE,SAGILITY,29OCT2026,4000.000000,12000,OPTSTK,BFO,5.000000,100000000,False
1102355,NTPC26NOV295CE,NTPC,26NOV2026,29500.000000,1500,OPTSTK,BFO,5.000000,150000,False
1102361,BANKEX26NOV67900PE,BANKEX,26NOV2026,6790000.000000,30,OPTIDX,BFO,5.000000,900,False
1102372,PNB26NOV112PE,PNB,26NOV2026,11200.000000,8000,OPTSTK,BFO,5.000000,480000,False
1102378,ASTRAL26NOV1420CE,ASTRAL,26NOV2026,142000.000000,425,OPTSTK,BFO,5.000000,14680,False
1104117,POWERINDIA26NOV34500PE,POWERINDIA,26NOV2026,3450000.000000,25,OPTSTK,BFO,5.000000,100000000,False
1104175,APLAPOLLO26NOV2080CE,APLAPOLLO,26NOV2026,208000.000000,350,OPTSTK,BFO,5.000000,100000000,False
1104196,FOCIT26NOV42000PE,FOCIT,26NOV2026,4200000.000000,45,OPTIDX,BFO,5.000000,1350,False
1104220,RVNL26NOV240CE,RVNL,26NOV2026,24000.000000,1925,OPTSTK,BFO,5.000000,100000000,False
1102390,TORNTPHARM26NOV4950CE,TORNTPHARM,26NOV2026,495000.000000,125,OPTSTK,BFO,5.000000,15000,False
1102398,COCHINSHIP26NOV1600PE,COCHINSHIP,26NOV2026,160000.000000,400,OPTSTK,BFO,5.000000,100000000,False
1102405,SENSEX26NOV82600PE,SENSEX,26NOV2026,8260000.000000,20,OPTIDX,BFO,5.000000,1000,False
1102409,SAIL26NOV197.5CE,SAIL,26NOV2026,19750.000000,4700,OPTSTK,BFO,5.000000,320000,False
1102416,YESBANK26NOV15PE,YESBANK,26NOV2026,1500.000000,31100,OPTSTK,BFO,5.000000,100000000,False
1102467,SENSEX26NOV71900CE,SENSEX,26NOV2026,7190000.000000,20,OPTIDX,BFO,5.000000,1000,False
1102496,IREDA26NOV127.5PE,IREDA,26NOV2026,12750.000000,4525,OPTSTK,BFO,5.000000,100000000,False
1102543,SOLARINDS26NOV22250PE,SOLARINDS,26NOV2026,2225000.000000,50,OPTSTK,BFO,5.000000,100000000,False
1102550,PRESTIGE26NOV1740CE,PRESTIGE,26NOV2026,174000.000000,450,OPTSTK,BFO,5.000000,100000000,False
1102579,TCS26NOV2120PE,TCS,26NOV2026,212000.000000,225,OPTSTK,BFO,5.000000,7000,False
1102583,SENSEX5026NOV25650PE,SENSEX50,26NOV2026,2565000.000000,75,OPTIDX,BFO,5.000000,1800,False
1102590,FOCIT26NOV41700PE,FOCIT,26NOV2026,4170000.000000,45,OPTIDX,BFO,5.000000,1350,False
1102593,NATIONALUM26NOV390PE,NATIONALUM,26NOV2026,39000.000000,1875,OPTSTK,BFO,5.000000,300000,False
1102600,DIVISLAB26NOV9800CE,DIVISLAB,26NOV2026,980000.000000,100,OPTSTK,BFO,5.000000,8000,False
1102622,POLYCAB26NOV8400PE,POLYCAB,26NOV2026,840000.000000,125,OPTSTK,BFO,5.000000,9000,False
1102633,UNITDSPR26NOV1540PE,UNITDSPR,26NOV2026,154000.000000,400,OPTSTK,BFO,5.000000,28000,False
1102643,ONGC26NOV235CE,ONGC,26NOV2026,23500.000000,2250,OPTSTK,BFO,5.000000,154000,False
1102647,POLICYBZR26NOV1920PE,POLICYBZR,26NOV2026,192000.000000,350,OPTSTK,BFO,5.000000,100000000,False
1102660,FOCIT26NOV40100CE,FOCIT,26NOV2026,4010000.000000,45,OPTIDX,BFO,5.000000,1350,False
1102689,SWIGGY26NOV275PE,SWIGGY,26NOV2026,27500.000000,1825,OPTSTK,BFO,5.000000,100000000,False
1102695,PATANJALI26NOV330CE,PATANJALI,26NOV2026,33000.000000,1075,OPTSTK,BFO,5.000000,100000000,False
1102726,SENSEX26SEP83000CE,SENSEX,24SEP2026,8300000.000000,20,OPTIDX,BFO,5.000000,1000,False
1102757,NTPC26NOV295PE,NTPC,26NOV2026,29500.000000,1500,OPTSTK,BFO,5.000000,150000,False
1102783,AUROPHARMA26NOV1780CE,AUROPHARMA,26NOV2026,178000.000000,550,OPTSTK,BFO,5.000000,44000,False
1102802,BHARATFORG26NOV1980CE,BHARATFORG,26NOV2026,198000.000000,500,OPTSTK,BFO,5.000000,30000,False
1102808,SENSEX26O1582900PE,SENSEX,15OCT2026,8290000.000000,20,OPTIDX,BFO,5.000000,1000,False
1102832,SBILIFE26NOV1880CE,SBILIFE,26NOV2026,188000.000000,375,OPTSTK,BFO,5.000000,22500,False
1102860,360ONE26NOV1060CE,,26NOV2026,106000.000000,500,OPTSTK,BFO,5.000000,100000000,False
1102866,BANKEX26NOV65500CE,BANKEX,26NOV2026,6550000.000000,30,OPTIDX,BFO,5.000000,900,False
1102894,BANKBARODA26NOV270CE,BANKBARODA,26NOV2026,27000.000000,2925,OPTSTK,BFO,5.000000,175500,False
1102918,SENSEX26NOV80200CE,SENSEX,26NOV2026,8020000.000000,20,OPTIDX,BFO,5.000000,1000,False
1102936,DABUR26NOV350PE,DABUR,26NOV2026,35000.000000,1250,OPTSTK,BFO,5.000000,50000,False
1102941,APLAPOLLO26NOV2200CE,APLAPOLLO,26NOV2026,220000.000000,350,OPTSTK,BFO,5.000000,100000000,False
1102949,SENSEX26NOV83600PE,SENSEX,26NOV2026,8360000.000000,20,OPTIDX,BFO,5.000000,1000,False
1102988,ITC26NOV252.5CE,ITC,26NOV2026,25250.000000,1725,OPTSTK,BFO,5.000000,64000,False
1103016,TATAPOWER26NOV330PE,TATAPOWER,26NOV2026,33000.000000,1450,OPTSTK,BFO,5.000000,101250,False
1104274,APLAPOLLO26NOV2160PE,APLAPOLLO,26NOV2026,216000.000000,350,OPTSTK,BFO,5.000000,100000000,False
1104327,DIVISLAB26SEP9800PE,DIVISLAB,24SEP2026,980000.000000,100,OPTSTK,BFO,5.000000,8000,False
1104330,NBCC26NOV70PE,NBCC,26NOV2026,7000.000000,6500,OPTSTK,BFO,5.000000,100000000,False
1104345,IDFCFIRSTB26NOV77PE,IDFCFIRSTB,26NOV2026,7700.000000,9275,OPTSTK,BFO,5.000000,450000,False
1103046,SAGILITY26OCT38CE,SAGILITY,29OCT2026,3800.000000,12000,OPTSTK,BFO,5.000000,100000000,False
1103055,NESTLEIND26NOV1520CE,NESTLEIND,26NOV2026,152000.000000,500,OPTSTK,BFO,5.000000,1200,False
1103059,BANKEX26NOV59500PE,BANKEX,26NOV2026,5950000.000000,30,OPTIDX,BFO,5.000000,900,False
1103062,SBICARD26NOV650PE,SBICARD,26NOV2026,65000.000000,800,OPTSTK,BFO,5.000000,32000,False
1104366,HINDALCO26NOV880CE,HINDALCO,26NOV2026,88000.000000,700,OPTSTK,BFO,5.000000,56000,False
1104392,MPHASIS26NOV2700CE,MPHASIS,26NOV2026,270000.000000,275,OPTSTK,BFO,5.000000,11000,False
1104403,ASIANPAINT26NOVFUT,ASIANPAINT,26NOV2026,0.000000,250,FUTSTK,BFO,5.000000,8000,False
1104409,CIPLA26NOV1490CE,CIPLA,26NOV2026,149000.000000,425,OPTSTK,BFO,5.000000,26000,False
1103067,OBEROIRLTY26NOV1880PE,OBEROIRLTY,26NOV2026,188000.000000,350,OPTSTK,BFO,5.000000,28000,False
1103082,JUBLFOOD26NOV515PE,JUBLFOOD,26NOV2026,51500.000000,1250,OPTSTK,BFO,5.000000,50000,False
1103089,TATAELXSI26NOV3400PE,TATAELXSI,26NOV2026,340000.000000,125,OPTSTK,BFO,5.000000,100000000,False
1103092,KOTAKBANK26NOV395PE,KOTAKBANK,26NOV2026,39500.000000,2000,OPTSTK,BFO,5.000000,12000,False
1103120,SAIL26NOV177.5PE,SAIL,26NOV2026,17750.000000,4700,OPTSTK,BFO,5.000000,320000,False
1103138,AUBANK26NOV1060CE,AUBANK,26NOV2026,106000.000000,1000,OPTSTK,BFO,5.000000,30000,False
1103139,FORTIS26NOV860CE,FORTIS,26NOV2026,86000.000000,775,OPTSTK,BFO,5.000000,100000000,False
1103144,SENSEX26O1570500CE,SENSEX,15OCT2026,7050000.000000,20,OPTIDX,BFO,5.000000,1000,False
1104453,SAGILITY26SEP38CE,SAGILITY,24SEP2026,3800.000000,12000,OPTSTK,BFO,5.000000,100000000,False
1104461,RADICO26NOV4800CE,RADICO,26NOV2026,480000.000000,150,OPTSTK,BFO,5.000000,100000000,False
1104479,VEDL26NOV280CE,VEDL,26NOV2026,28000.000000,1150,OPTSTK,BFO,5.000000,80000,False
1104493,LODHA26NOV1200CE,LODHA,26NOV2026,120000.000000,625,OPTSTK,BFO,5.000000,100000000,False
1103147,CIPLA26NOV1450CE,CIPLA,26NOV2026,145000.000000,425,OPTSTK,BFO,5.000000,26000,False
1103192,AUBANK26NOV1140PE,AUBANK,26NOV2026,114000.000000,1000,OPTSTK,BFO,5.000000,30000,False
1103199,HDFCLIFE26NOV575CE,HDFCLIFE,26NOV2026,57500.000000,1100,OPTSTK,BFO,5.000000,44000,False
1103228,ONGC26NOV247.5PE,ONGC,26NOV2026,24750.000000,2250,OPTSTK,BFO,5.000000,154000,False
1104538,SENSEX26NOV71400CE,SENSEX,26NOV2026,7140000.000000,20,OPTIDX,BFO,5.000000,1000,False
1104550,WIPRO26NOV182.5CE,WIPRO,26NOV2026,18250.000000,3000,OPTSTK,BFO,5.000000,60000,False
1104552,COLPAL26NOV1980CE,COLPAL,26NOV2026,198000.000000,275,OPTSTK,BFO,5.000000,14000,False
1104555,NHPC26NOV81PE,NHPC,26NOV2026,8100.000000,6950,OPTSTK,BFO,5.000000,100000000,False
1103240,JIOFIN26NOVFUT,JIOFIN,26NOV2026,0.000000,2350,FUTSTK,BFO,5.000000,100000000,False
1103297,VMM26NOV112.5PE,VMM,26NOV2026,11250.000000,4850,OPTSTK,BFO,5.000000,100000000,False
1103310,ITC26NOV252.5PE,ITC,26NOV2026,25250.000000,1725,OPTSTK,BFO,5.000000,64000,False
1103366,RVNL26NOV200PE,RVNL,26NOV2026,20000.000000,1925,OPTSTK,BFO,5.000000,100000000,False
1104582,NTPC26NOV330CE,NTPC,26NOV2026,33000.000000,1500,OPTSTK,BFO,5.000000,150000,False
1104583,ASTRAL26NOV1660CE,ASTRAL,26NOV2026,166000.000000,425,OPTSTK,BFO,5.000000,14680,False
1104661,NATIONALUM26NOV360CE,NATIONALUM,26NOV2026,36000.000000,1875,OPTSTK,BFO,5.000000,300000,False
1104663,DIVISLAB26NOV9300CE,DIVISLAB,26NOV2026,930000.000000,100,OPTSTK,BFO,5.000000,8000,False
1103375,COLPAL26NOV1860PE,COLPAL,26NOV2026,186000.000000,275,OPTSTK,BFO,5.000000,14000,False
1103385,BANKEX26NOV71200PE,BANKEX,26NOV2026,7120000.000000,30,OPTIDX,BFO,5.000000,900,False
1103430,RECLTD26NOV305PE,RECLTD,26NOV2026,30500.000000,1575,OPTSTK,BFO,5.000000,160000,False
1103431,BLUESTARCO26NOVFUT,BLUESTARCO,26NOV2026,0.000000,325,FUTSTK,BFO,5.000000,100000000,False
1104708,MOTILALOFS26NOV920PE,MOTILALOFS,26NOV2026,92000.000000,775,OPTSTK,BFO,5.000000,100000000,False
1104791,UNOMINDA26NOV1320CE,UNOMINDA,26NOV2026,132000.000000,550,OPTSTK,BFO,5.000000,100000000,False
1104822,BDL26NOV1360CE,BDL,26NOV2026,136000.000000,425,OPTSTK,BFO,5.000000,100000000,False
1104833,ADANIENSOL26NOV1660PE,ADANIENSOL,26NOV2026,166000.000000,675,OPTSTK,BFO,5.000000,100000000,False
1104850,JINDALSTEL26NOV1140PE,JINDALSTEL,26NOV2026,114000.000000,625,OPTSTK,BFO,5.000000,37500,False
1104856,BANKINDIA26NOV137.5CE,BANKINDIA,26NOV2026,13750.000000,5200,OPTSTK,BFO,5.000000,100000000,False
1104890,GODREJCP26NOV970PE,GODREJCP,26NOV2026,97000.000000,500,OPTSTK,BFO,5.000000,30000,False
1104937,SENSEX26O1582400PE,SENSEX,15OCT2026,8240000.000000,20,OPTIDX,BFO,5.000000,1000,False
1103502,IDEA26NOV16CE,IDEA,26NOV2026,1600.000000,71475,OPTSTK,BFO,5.000000,2400000,False
1103505,SENSEX26O1574500PE,SENSEX,15OCT2026,7450000.000000,20,OPTIDX,BFO,5.000000,1000,False
1103512,DABUR26NOV390CE,DABUR,26NOV2026,39000.000000,1250,OPTSTK,BFO,5.000000,50000,False
1103519,MAHABANK26SEP84PE,MAHABANK,24SEP2026,8400.000000,6500,OPTSTK,BFO,5.000000,100000000,False
1104939,PERSISTENT26NOV5100CE,PERSISTENT,26NOV2026,510000.000000,125,OPTSTK,BFO,5.000000,5250,False
1104949,PIIND26NOV2750PE,PIIND,26NOV2026,275000.000000,175,OPTSTK,BFO,5.000000,7500,False
1104965,ICICIBANK26NOV1440PE,ICICIBANK,26NOV2026,144000.000000,700,OPTSTK,BFO,5.000000,28000,False
1104975,BHARATFORG26NOV2180PE,BHARATFORG,26NOV2026,218000.000000,500,OPTSTK,BFO,5.000000,30000,False
1103544,MAHABANK26OCT78CE,MAHABANK,29OCT2026,7800.000000,6500,OPTSTK,BFO,5.000000,100000000,False
1103570,BHARATFORG26NOV2060CE,BHARATFORG,26NOV2026,206000.000000,500,OPTSTK,BFO,5.000000,30000,False
1103575,UNITDSPR26NOV1580PE,UNITDSPR,26NOV2026,158000.000000,400,OPTSTK,BFO,5.000000,28000,False
1103599,CHOLAFIN26NOV1800PE,CHOLAFIN,26NOV2026,180000.000000,625,OPTSTK,BFO,5.000000,25000,False
1104985,BANKEX26NOV69600CE,BANKEX,26NOV2026,6960000.000000,30,OPTIDX,BFO,5.000000,900,False
1104992,WIPRO26NOV187.5CE,WIPRO,26NOV2026,18750.000000,3000,OPTSTK,BFO,5.000000,60000,False
1104996,INFY26NOV1160PE,INFY,26NOV2026,116000.000000,400,OPTSTK,BFO,5.000000,16000,False
1104997,FOCIT26NOV38200PE,FOCIT,26NOV2026,3820000.000000,45,OPTIDX,BFO,5.000000,1350,False
1103601,HDFCAMC26NOV2300CE,HDFCAMC,26NOV2026,230000.000000,300,OPTSTK,BFO,5.000000,12000,False
1103608,BANDHANBNK26NOV150PE,BANDHANBNK,26NOV2026,15000.000000,3600,OPTSTK,BFO,5.000000,100000,False
1103666,APOLLOHOSP26NOV8700CE,APOLLOHOSP,26NOV2026,870000.000000,125,OPTSTK,BFO,5.000000,5000,False
1103686,MAZDOCK26NOV2400CE,MAZDOCK,26NOV2026,240000.000000,225,OPTSTK,BFO,5.000000,100000000,False
1105012,ICICIPRULI26NOV525CE,ICICIPRULI,26NOV2026,52500.000000,925,OPTSTK,BFO,5.000000,60000,False
1105016,SOLARINDS26NOV20500CE,SOLARINDS,26NOV2026,2050000.000000,50,OPTSTK,BFO,5.000000,100000000,False
1105023,MARICO26NOV820PE,MARICO,26NOV2026,82000.000000,1200,OPTSTK,BFO,5.000000,48000,False
1105034,BAJFINANCE26NOV1090PE,BAJFINANCE,26NOV2026,109000.000000,750,OPTSTK,BFO,5.000000,3750,False
1103697,MAXHEALTH26NOV1000PE,MAXHEALTH,26NOV2026,100000.000000,525,OPTSTK,BFO,5.000000,100000000,False
1103714,DLF26NOV680CE,DLF,26NOV2026,68000.000000,950,OPTSTK,BFO,5.000000,49500,False
1103715,GLENMARK26OCT2600CE,GLENMARK,29OCT2026,260000.000000,375,OPTSTK,BFO,5.000000,43500,False
1103720,BANKEX26NOV67100CE,BANKEX,26NOV2026,6710000.000000,30,OPTIDX,BFO,5.000000,900,False
1105131,ULTRACEMCO26NOV11800CE,ULTRACEMCO,26NOV2026,1180000.000000,50,OPTSTK,BFO,5.000000,3000,False
1105057,MOTILALOFS26NOV1020CE,MOTILALOFS,26NOV2026,102000.000000,775,OPTSTK,BFO,5.000000,100000000,False
1105122,HCLTECH26NOV1350PE,HCLTECH,26NOV2026,135000.000000,400,OPTSTK,BFO,5.000000,21000,False
1105126,SENSEX5026NOV25050CE,SENSEX50,26NOV2026,2505000.000000,75,OPTIDX,BFO,5.000000,1800,False
1103783,SENSEX26O1580800PE,SENSEX,15OCT2026,8080000.000000,20,OPTIDX,BFO,5.000000,1000,False
1103823,BRITANNIA26NOV5650PE,BRITANNIA,26NOV2026,565000.000000,125,OPTSTK,BFO,5.000000,6000,False
1103834,UNIONBANK26NOV182.5CE,UNIONBANK,26NOV2026,18250.000000,4425,OPTSTK,BFO,5.000000,100000000,False
1103840,NATIONALUM26NOVFUT,NATIONALUM,26NOV2026,0.000000,1875,FUTSTK,BFO,5.000000,300000,False
1105148,TORNTPHARM26NOV4750PE,TORNTPHARM,26NOV2026,475000.000000,125,OPTSTK,BFO,5.000000,15000,False
1105158,COFORGE26NOV1760CE,COFORGE,26NOV2026,176000.000000,475,OPTSTK,BFO,5.000000,6000,False
1105200,VEDL26NOV260PE,VEDL,26NOV2026,26000.000000,1150,OPTSTK,BFO,5.000000,80000,False
1105206,HCLTECH26OCT1210CE,HCLTECH,29OCT2026,121000.000000,400,OPTSTK,BFO,5.000000,21000,False
1103856,ICICIGI26NOV1580CE,ICICIGI,26NOV2026,158000.000000,325,OPTSTK,BFO,5.000000,20000,False
1103859,ADANIENT26NOV3450CE,ADANIENT,26NOV2026,345000.000000,309,OPTSTK,BFO,5.000000,9000,False
1103899,TMPV26NOV305CE,TMPV,26NOV2026,30500.000000,1600,OPTSTK,BFO,5.000000,42750,False
1103900,FORCEMOT26NOV14500PE,FORCEMOT,26NOV2026,1450000.000000,25,OPTSTK,BFO,5.000000,100000000,False
1105216,MAHABANK26NOV87CE,MAHABANK,26NOV2026,8700.000000,6500,OPTSTK,BFO,5.000000,100000000,False
1105231,LODHA26NOV1180PE,LODHA,26NOV2026,118000.000000,625,OPTSTK,BFO,5.000000,100000000,False
1105258,MCX26NOV3500PE,MCX,26NOV2026,350000.000000,225,OPTSTK,BFO,5.000000,16000,False
1105266,IRFC26NOV81PE,IRFC,26NOV2026,8100.000000,5425,OPTSTK,BFO,5.000000,100000000,False
1103922,GODREJCP26NOV990CE,GODREJCP,26NOV2026,99000.000000,500,OPTSTK,BFO,5.000000,30000,False
1103976,AMBUJACEM26NOV430PE,AMBUJACEM,26NOV2026,43000.000000,1200,OPTSTK,BFO,5.000000,54000,False
1103977,UNITDSPR26NOV1480CE,UNITDSPR,26NOV2026,148000.000000,400,OPTSTK,BFO,5.000000,28000,False
1104011,MANAPPURAM26NOV335CE,MANAPPURAM,26NOV2026,33500.000000,3000,OPTSTK,BFO,5.000000,180000,False
1105281,HEROMOTOCO26NOV5200PE,HEROMOTOCO,26NOV2026,520000.000000,150,OPTSTK,BFO,5.000000,9000,False
1105307,ADANIPOWER26NOV235PE,ADANIPOWER,26NOV2026,23500.000000,3550,OPTSTK,BFO,5.000000,100000000,False
1105315,TATAPOWER26OCT315CE,TATAPOWER,29OCT2026,31500.000000,1450,OPTSTK,BFO,5.000000,101250,False
1105317,SENSEX5026NOV25600PE,SENSEX50,26NOV2026,2560000.000000,75,OPTIDX,BFO,5.000000,1800,False
1104075,IOC26NOV140PE,IOC,26NOV2026,14000.000000,4875,OPTSTK,BFO,5.000000,292500,False
1104119,ULTRACEMCO26NOV11600CE,ULTRACEMCO,26NOV2026,1160000.000000,50,OPTSTK,BFO,5.000000,3000,False
1104123,360ONE26NOV1180PE,,26NOV2026,118000.000000,500,OPTSTK,BFO,5.000000,100000000,False
1104126,ABCAPITAL26NOV400CE,ABCAPITAL,26NOV2026,40000.000000,3100,OPTSTK,BFO,5.000000,162000,False
1105319,BANKEX26NOV63000PE,BANKEX,26NOV2026,6300000.000000,30,OPTIDX,BFO,5.000000,900,False
1105335,BANKEX26NOV67600PE,BANKEX,26NOV2026,6760000.000000,30,OPTIDX,BFO,5.000000,900,False
1105341,BANKEX26NOV69900PE,BANKEX,26NOV2026,6990000.000000,30,OPTIDX,BFO,5.000000,900,False
1105354,BAJAJFINSV26NOV2100CE,BAJAJFINSV,26NOV2026,210000.000000,300,OPTSTK,BFO,5.000000,20000,False
1104146,FOCIT26NOV32900PE,FOCIT,26NOV2026,3290000.000000,45,OPTIDX,BFO,5.000000,1350,False
1104149,CUMMINSIND26NOV4900CE,CUMMINSIND,26NOV2026,490000.000000,200,OPTSTK,BFO,5.000000,18000,False
1104150,BANKEX26NOV71100CE,BANKEX,26NOV2026,7110000.000000,30,OPTIDX,BFO,5.000000,900,False
1104168,ONGC26NOV250PE,ONGC,26NOV2026,25000.000000,2250,OPTSTK,BFO,5.000000,154000,False
1105358,SENSEX26NOV79900CE,SENSEX,26NOV2026,7990000.000000,20,OPTIDX,BFO,5.000000,1000,False
1105370,VBL26NOV380CE,VBL,26NOV2026,38000.000000,1275,OPTSTK,BFO,5.000000,100000000,False
1105394,BOSCHLTD26NOV47500CE,BOSCHLTD,26NOV2026,4750000.000000,25,OPTSTK,BFO,5.000000,1500,False
1105409,SBILIFE26NOV1760CE,SBILIFE,26NOV2026,176000.000000,375,OPTSTK,BFO,5.000000,22500,False
1104226,LODHA26NOV1140PE,LODHA,26NOV2026,114000.000000,625,OPTSTK,BFO,5.000000,100000000,False
1104231,BANKBARODA26NOV255PE,BANKBARODA,26NOV2026,25500.000000,2925,OPTSTK,BFO,5.000000,175500,False
1104234,CROMPTON26NOV230CE,CROMPTON,26NOV2026,23000.000000,2150,OPTSTK,BFO,5.000000,90000,False
1104239,PAGEIND26NOV38500PE,PAGEIND,26NOV2026,3850000.000000,20,OPTSTK,BFO,5.000000,600,False
1105427,DIXON26NOV14000CE,DIXON,26NOV2026,1400000.000000,50,OPTSTK,BFO,5.000000,6000,False
1105436,SIEMENS26NOV4050PE,SIEMENS,26NOV2026,405000.000000,175,OPTSTK,BFO,5.000000,8250,False
1105440,PHOENIXLTD26NOV2040PE,PHOENIXLTD,26NOV2026,204000.000000,350,OPTSTK,BFO,5.000000,100000000,False
1105442,AUROPHARMA26NOV1740PE,AUROPHARMA,26NOV2026,174000.000000,550,OPTSTK,BFO,5.000000,44000,False
1104309,SIEMENS26NOV4100PE,SIEMENS,26NOV2026,410000.000000,175,OPTSTK,BFO,5.000000,8250,False
1104255,VMM26NOV120CE,VMM,26NOV2026,12000.000000,4850,OPTSTK,BFO,5.000000,100000000,False
1104267,TORNTPHARM26NOV5400PE,TORNTPHARM,26NOV2026,540000.000000,125,OPTSTK,BFO,5.000000,15000,False
1104281,SENSEX26O1576700CE,SENSEX,15OCT2026,7670000.000000,20,OPTIDX,BFO,5.000000,1000,False
1105446,GAIL26NOV172.5CE,GAIL,26NOV2026,17250.000000,3550,OPTSTK,BFO,5.000000,274500,False
1105484,FOCIT26NOV34400CE,FOCIT,26NOV2026,3440000.000000,45,OPTIDX,BFO,5.000000,1350,False
1105514,CGPOWER26NOV980PE,CGPOWER,26NOV2026,98000.000000,850,OPTSTK,BFO,5.000000,100000000,False
1105520,SBILIFE26NOV1680PE,SBILIFE,26NOV2026,168000.000000,375,OPTSTK,BFO,5.000000,22500,False
1104318,LTM26NOV4850CE,LTM,26NOV2026,485000.000000,150,OPTSTK,BFO,5.000000,4500,False
1104338,SUNPHARMA26NOV1960PE,SUNPHARMA,26NOV2026,196000.000000,350,OPTSTK,BFO,5.000000,28000,False
1104388,HCLTECH26NOV1210CE,HCLTECH,26NOV2026,121000.000000,400,OPTSTK,BFO,5.000000,21000,False
1104396,SHREECEM26NOV25750PE,SHREECEM,26NOV2026,2575000.000000,25,OPTSTK,BFO,5.000000,1000,False
1105522,LAURUSLABS26NOV1840CE,LAURUSLABS,26NOV2026,184000.000000,850,OPTSTK,BFO,5.000000,68000,False
1105527,DIVISLAB26NOV9500CE,DIVISLAB,26NOV2026,950000.000000,100,OPTSTK,BFO,5.000000,8000,False
1105534,CROMPTON26NOV250CE,CROMPTON,26NOV2026,25000.000000,2150,OPTSTK,BFO,5.000000,90000,False
1105580,GLENMARK26NOV2400PE,GLENMARK,26NOV2026,240000.000000,375,OPTSTK,BFO,5.000000,43500,False
1104451,SENSEX26NOV77400CE,SENSEX,26NOV2026,7740000.000000,20,OPTIDX,BFO,5.000000,1000,False
1104492,OIL26NOV435PE,OIL,26NOV2026,43500.000000,1400,OPTSTK,BFO,5.000000,100000000,False
1104527,SWIGGY26NOV310CE,SWIGGY,26NOV2026,31000.000000,1825,OPTSTK,BFO,5.000000,100000000,False
1104569,ABB26NOV7000PE,ABB,26NOV2026,700000.000000,125,OPTSTK,BFO,5.000000,7500,False
1105667,BHARTIARTL26NOV1760PE,BHARTIARTL,26NOV2026,176000.000000,475,OPTSTK,BFO,5.000000,28500,False
1105606,SENSEX26O1574900PE,SENSEX,15OCT2026,7490000.000000,20,OPTIDX,BFO,5.000000,1000,False
1105631,PAGEIND26NOV34000CE,PAGEIND,26NOV2026,3400000.000000,20,OPTSTK,BFO,5.000000,600,False
1105658,KEI26NOV5400CE,KEI,26NOV2026,540000.000000,175,OPTSTK,BFO,5.000000,100000000,False
1104616,SHREECEM26NOV25000CE,SHREECEM,26NOV2026,2500000.000000,25,OPTSTK,BFO,5.000000,1000,False
1104624,SBILIFE26NOV1640PE,SBILIFE,26NOV2026,164000.000000,375,OPTSTK,BFO,5.000000,22500,False
1104656,BPCL26NOV290PE,BPCL,26NOV2026,29000.000000,1975,OPTSTK,BFO,5.000000,72000,False
1104657,OBEROIRLTY26NOV1800CE,OBEROIRLTY,26NOV2026,180000.000000,350,OPTSTK,BFO,5.000000,28000,False
1105671,TVSMOTOR26NOV4450CE,TVSMOTOR,26NOV2026,445000.000000,175,OPTSTK,BFO,5.000000,21000,False
1105675,BIOCON26NOVFUT,BIOCON,26NOV2026,0.000000,2500,FUTSTK,BFO,5.000000,100000,False
1105689,SENSEX26O1575600CE,SENSEX,15OCT2026,7560000.000000,20,OPTIDX,BFO,5.000000,1000,False
1105691,ADANIGREEN26NOV1420PE,ADANIGREEN,26NOV2026,142000.000000,600,OPTSTK,BFO,5.000000,100000000,False
1104665,SENSEX26O1576100PE,SENSEX,15OCT2026,7610000.000000,20,OPTIDX,BFO,5.000000,1000,False
1104682,TMPV26NOV340CE,TMPV,26NOV2026,34000.000000,1600,OPTSTK,BFO,5.000000,42750,False
1104698,JSWSTEEL26NOV1240CE,JSWSTEEL,26NOV2026,124000.000000,675,OPTSTK,BFO,5.000000,40500,False
1104724,ETERNAL26NOV340CE,ETERNAL,26NOV2026,34000.000000,2425,OPTSTK,BFO,5.000000,100000000,False
1105717,MARUTI26NOV13900CE,MARUTI,26NOV2026,1390000.000000,50,OPTSTK,BFO,5.000000,3000,False
1105718,BHEL26NOV435PE,BHEL,26NOV2026,43500.000000,2625,OPTSTK,BFO,5.000000,315000,False
1105720,BDL26NOV1480PE,BDL,26NOV2026,148000.000000,425,OPTSTK,BFO,5.000000,100000000,False
1105735,SENSEX26NOV73300PE,SENSEX,26NOV2026,7330000.000000,20,OPTIDX,BFO,5.000000,1000,False
1104733,OIL26NOV470CE,OIL,26NOV2026,47000.000000,1400,OPTSTK,BFO,5.000000,100000000,False
1104747,JSWENERGY26NOV490PE,JSWENERGY,26NOV2026,49000.000000,1075,OPTSTK,BFO,5.000000,100000000,False
1104869,JIOFIN26OCT222.5CE,JIOFIN,29OCT2026,22250.000000,2350,OPTSTK,BFO,5.000000,100000000,False
1104873,HYUNDAI26NOV2380CE,HYUNDAI,26NOV2026,238000.000000,275,OPTSTK,BFO,5.000000,100000000,False
1104876,SENSEX26NOV79100PE,SENSEX,26NOV2026,7910000.000000,20,OPTIDX,BFO,5.000000,1000,False
1104901,FOCIT26NOV40500CE,FOCIT,26NOV2026,4050000.000000,45,OPTIDX,BFO,5.000000,1350,False
1104907,INFY26NOV1240CE,INFY,26NOV2026,124000.000000,400,OPTSTK,BFO,5.000000,16000,False
1104962,BIOCON26NOV430CE,BIOCON,26NOV2026,43000.000000,2500,OPTSTK,BFO,5.000000,100000,False
1105742,SENSEX26NOV75600PE,SENSEX,26NOV2026,7560000.000000,20,OPTIDX,BFO,5.000000,1000,False
1105771,INDUSTOWER26NOV360PE,INDUSTOWER,26NOV2026,36000.000000,1700,OPTSTK,BFO,5.000000,170000,False
1105780,RECLTD26NOV295PE,RECLTD,26NOV2026,29500.000000,1575,OPTSTK,BFO,5.000000,160000,False
1105800,SBICARD26NOV600PE,SBICARD,26NOV2026,60000.000000,800,OPTSTK,BFO,5.000000,32000,False
1104966,IEX26NOV137.5PE,IEX,26NOV2026,13750.000000,4350,OPTSTK,BFO,5.000000,150000,False
1104970,INOXWIND26NOV67.5CE,INOXWIND,26NOV2026,6750.000000,6400,OPTSTK,BFO,5.000000,100000000,False
1104982,ALKEM26NOV5250CE,ALKEM,26NOV2026,525000.000000,125,OPTSTK,BFO,5.000000,8000,False
1104995,CANBK26NOV122.5CE,CANBK,26NOV2026,12250.000000,6750,OPTSTK,BFO,5.000000,81000,False
1105816,ABCAPITAL26NOV420PE,ABCAPITAL,26NOV2026,42000.000000,3100,OPTSTK,BFO,5.000000,162000,False
1105832,FOCIT26NOV36100PE,FOCIT,26NOV2026,3610000.000000,45,OPTIDX,BFO,5.000000,1350,False
1105852,PGEL26NOV630PE,PGEL,26NOV2026,63000.000000,950,OPTSTK,BFO,5.000000,100000000,False
1105874,ICICIBANK26NOV1470CE,ICICIBANK,26NOV2026,147000.000000,700,OPTSTK,BFO,5.000000,28000,False
1105042,BANKEX26NOV61300CE,BANKEX,26NOV2026,6130000.000000,30,OPTIDX,BFO,5.000000,900,False
1105044,SENSEX26NOV83100PE,SENSEX,26NOV2026,8310000.000000,20,OPTIDX,BFO,5.000000,1000,False
1105047,BANKEX26NOV63600CE,BANKEX,26NOV2026,6360000.000000,30,OPTIDX,BFO,5.000000,900,False
1105056,RELIANCE26NOV1320PE,RELIANCE,26NOV2026,132000.000000,500,OPTSTK,BFO,5.000000,10000,False
1105934,CROMPTON26NOV255CE,CROMPTON,26NOV2026,25500.000000,2150,OPTSTK,BFO,5.000000,90000,False
1105977,PAGEIND26NOV38000PE,PAGEIND,26NOV2026,3800000.000000,20,OPTSTK,BFO,5.000000,600,False
1106005,COFORGE26NOV1960CE,COFORGE,26NOV2026,196000.000000,475,OPTSTK,BFO,5.000000,6000,False
1106009,FOCIT26NOV40100PE,FOCIT,26NOV2026,4010000.000000,45,OPTIDX,BFO,5.000000,1350,False
1105058,SHREECEM26NOV23000PE,SHREECEM,26NOV2026,2300000.000000,25,OPTSTK,BFO,5.000000,1000,False
1105065,FOCIT26NOV32200PE,FOCIT,26NOV2026,3220000.000000,45,OPTIDX,BFO,5.000000,1350,False
1105070,FOCIT26NOV36800PE,FOCIT,26NOV2026,3680000.000000,45,OPTIDX,BFO,5.000000,1350,False
1105076,UPL26NOV540CE,UPL,26NOV2026,54000.000000,1355,OPTSTK,BFO,5.000000,39000,False
1106019,INDHOTEL26NOV730PE,INDHOTEL,26NOV2026,73000.000000,1000,OPTSTK,BFO,5.000000,60000,False
1106029,TCS26NOV2200PE,TCS,26NOV2026,220000.000000,225,OPTSTK,BFO,5.000000,7000,False
1106035,JUBLFOOD26NOV525CE,JUBLFOOD,26NOV2026,52500.000000,1250,OPTSTK,BFO,5.000000,50000,False
1106036,GODREJPROP26NOV2040CE,GODREJPROP,26NOV2026,204000.000000,325,OPTSTK,BFO,5.000000,19000,False
1105079,TMPV26NOV345CE,TMPV,26NOV2026,34500.000000,1600,OPTSTK,BFO,5.000000,42750,False
1105096,APLAPOLLO26OCT2320PE,APLAPOLLO,29OCT2026,232000.000000,350,OPTSTK,BFO,5.000000,100000000,False
1105107,UNIONBANK26NOV190CE,UNIONBANK,26NOV2026,19000.000000,4425,OPTSTK,BFO,5.000000,100000000,False
1105103,RELIANCE26NOV1310CE,RELIANCE,26NOV2026,131000.000000,500,OPTSTK,BFO,5.000000,10000,False
1106100,UNITDSPR26NOV1620PE,UNITDSPR,26NOV2026,162000.000000,400,OPTSTK,BFO,5.000000,28000,False
1106149,ETERNAL26NOV295CE,ETERNAL,26NOV2026,29500.000000,2425,OPTSTK,BFO,5.000000,100000000,False
1106150,SENSEX26NOV79200CE,SENSEX,26NOV2026,7920000.000000,20,OPTIDX,BFO,5.000000,1000,False
1106195,BANKEX26NOV58500CE,BANKEX,26NOV2026,5850000.000000,30,OPTIDX,BFO,5.000000,900,False
1105112,SENSEX26NOV81700PE,SENSEX,26NOV2026,8170000.000000,20,OPTIDX,BFO,5.000000,1000,False
1105150,LAURUSLABS26SEP2060PE,LAURUSLABS,24SEP2026,206000.000000,850,OPTSTK,BFO,5.000000,68000,False
1105155,TIINDIA26NOV3150PE,TIINDIA,26NOV2026,315000.000000,200,OPTSTK,BFO,5.000000,100000000,False
1105178,FOCIT26NOV42200PE,FOCIT,26NOV2026,4220000.000000,45,OPTIDX,BFO,5.000000,1350,False
1106217,NMDC26NOV79CE,NMDC,26NOV2026,7900.000000,6750,OPTSTK,BFO,5.000000,225000,False
1106228,ATHERENERG26NOV1500CE,ATHERENERG,26NOV2026,150000.000000,375,OPTSTK,BFO,5.000000,100000000,False
1106239,HINDALCO26NOV1060CE,HINDALCO,26NOV2026,106000.000000,700,OPTSTK,BFO,5.000000,56000,False
1106278,KFINTECH26NOV1060PE,KFINTECH,26NOV2026,106000.000000,575,OPTSTK,BFO,5.000000,100000000,False
1105180,JIOFIN26OCT222.5PE,JIOFIN,29OCT2026,22250.000000,2350,OPTSTK,BFO,5.000000,100000000,False
1105192,PGEL26NOV650CE,PGEL,26NOV2026,65000.000000,950,OPTSTK,BFO,5.000000,100000000,False
1105194,RELIANCE26NOVFUT,RELIANCE,26NOV2026,0.000000,500,FUTSTK,BFO,5.000000,10000,False
1105195,LT26NOV3750PE,LT,26NOV2026,375000.000000,175,OPTSTK,BFO,5.000000,12000,False
1106343,ETERNAL26NOV360PE,ETERNAL,26NOV2026,36000.000000,2425,OPTSTK,BFO,5.000000,100000000,False
1106361,FOCIT26NOV36000CE,FOCIT,26NOV2026,3600000.000000,45,OPTIDX,BFO,5.000000,1350,False
1106387,TATASTEEL26NOV197.5CE,TATASTEEL,26NOV2026,19750.000000,2750,OPTSTK,BFO,5.000000,220000,False
1106393,ONGC26NOV225CE,ONGC,26NOV2026,22500.000000,2250,OPTSTK,BFO,5.000000,154000,False
1100011,SAIL26SEP200PE,SAIL,24SEP2026,20000.000000,4700,OPTSTK,BFO,5.000000,320000,False
1100016,PAYTM26SEP1800CE,PAYTM,24SEP2026,180000.000000,725,OPTSTK,BFO,5.000000,100000000,False
1100052,KAYNES26SEP4300PE,KAYNES,24SEP2026,430000.000000,150,OPTSTK,BFO,5.000000,100000000,False
1100128,BSE26NOV3000PE,BSE,23NOV2026,300000.000000,200,OPTSTK,BFO,5.000000,3751,False
1105198,MARUTI26NOV13100PE,MARUTI,26NOV2026,1310000.000000,50,OPTSTK,BFO,5.000000,3000,False
1105202,PREMIERENE26NOV940PE,PREMIERENE,26NOV2026,94000.000000,650,OPTSTK,BFO,5.000000,100000000,False
1105211,TITAN26NOV5250CE,TITAN,26NOV2026,525000.000000,175,OPTSTK,BFO,5.000000,11250,False
1105215,SENSEX26O1570000CE,SENSEX,15OCT2026,7000000.000000,20,OPTIDX,BFO,5.000000,1000,False
1106410,SENSEX26NOV71800CE,SENSEX,26NOV2026,7180000.000000,20,OPTIDX,BFO,5.000000,1000,False
1106446,PIIND26NOV2500PE,PIIND,26NOV2026,250000.000000,175,OPTSTK,BFO,5.000000,7500,False
1106486,MAXHEALTH26NOV980PE,MAXHEALTH,26NOV2026,98000.000000,525,OPTSTK,BFO,5.000000,100000000,False
1106500,MFSL26NOV1440CE,MFSL,26NOV2026,144000.000000,400,OPTSTK,BFO,5.000000,32000,False
1105227,LT26NOV3900CE,LT,26NOV2026,390000.000000,175,OPTSTK,BFO,5.000000,12000,False
1105249,FOCIT26NOV40800PE,FOCIT,26NOV2026,4080000.000000,45,OPTIDX,BFO,5.000000,1350,False
1105250,MFSL26NOV1500PE,MFSL,26NOV2026,150000.000000,400,OPTSTK,BFO,5.000000,32000,False
1105253,LICHSGFIN26NOV570PE,LICHSGFIN,26NOV2026,57000.000000,1000,OPTSTK,BFO,5.000000,60000,False
1106511,INOXWIND26NOV62.5PE,INOXWIND,26NOV2026,6250.000000,6400,OPTSTK,BFO,5.000000,100000000,False
1106527,GVT&D26NOV4000CE,GVT&D,26NOV2026,400000.000000,125,OPTSTK,BFO,5.000000,100000000,False
1106546,ICICIGI26NOV1540PE,ICICIGI,26NOV2026,154000.000000,325,OPTSTK,BFO,5.000000,20000,False
1106551,CUMMINSIND26NOV5400CE,CUMMINSIND,26NOV2026,540000.000000,200,OPTSTK,BFO,5.000000,18000,False
1100161,BSE26NOV5000PE,BSE,23NOV2026,500000.000000,200,OPTSTK,BFO,5.000000,3751,False
1100188,CDSL26OCT1380CE,CDSL,27OCT2026,138000.000000,475,OPTSTK,BFO,5.000000,14001,False
1100203,CDSL26OCT1540PE,CDSL,27OCT2026,154000.000000,475,OPTSTK,BFO,5.000000,14001,False
1100205,CDSL26OCT1580PE,CDSL,27OCT2026,158000.000000,475,OPTSTK,BFO,5.000000,14001,False
1105267,POLICYBZR26NOV1800PE,POLICYBZR,26NOV2026,180000.000000,350,OPTSTK,BFO,5.000000,100000000,False
1105283,BLUESTARCO26NOV1460CE,BLUESTARCO,26NOV2026,146000.000000,325,OPTSTK,BFO,5.000000,100000000,False
1105288,HINDALCO26NOV1020CE,HINDALCO,26NOV2026,102000.000000,700,OPTSTK,BFO,5.000000,56000,False
1105290,COCHINSHIP26NOVFUT,COCHINSHIP,26NOV2026,0.000000,400,FUTSTK,BFO,5.000000,100000000,False
1106586,LAURUSLABS26NOV1880CE,LAURUSLABS,26NOV2026,188000.000000,850,OPTSTK,BFO,5.000000,68000,False
1106589,DABUR26OCT350PE,DABUR,29OCT2026,35000.000000,1250,OPTSTK,BFO,5.000000,50000,False
1106609,UNITDSPR26NOV1440PE,UNITDSPR,26NOV2026,144000.000000,400,OPTSTK,BFO,5.000000,28000,False
1106649,FOCIT26NOV40000CE,FOCIT,26NOV2026,4000000.000000,45,OPTIDX,BFO,5.000000,1350,False
1100206,CDSL26OCT1620CE,CDSL,27OCT2026,162000.000000,475,OPTSTK,BFO,5.000000,14001,False
1100208,CDSL26OCT1620PE,CDSL,27OCT2026,162000.000000,475,OPTSTK,BFO,5.000000,14001,False
1100225,CDSL26OCT1920PE,CDSL,27OCT2026,192000.000000,475,OPTSTK,BFO,5.000000,14001,False
1100231,CDSL26OCT1960PE,CDSL,27OCT2026,196000.000000,475,OPTSTK,BFO,5.000000,14001,False
1105291,PETRONET26NOV310PE,PETRONET,26NOV2026,31000.000000,1900,OPTSTK,BFO,5.000000,120000,False
1105311,CANBK26NOV127.5CE,CANBK,26NOV2026,12750.000000,6750,OPTSTK,BFO,5.000000,81000,False
1105320,GODREJPROP26NOV1960CE,GODREJPROP,26NOV2026,196000.000000,325,OPTSTK,BFO,5.000000,19000,False
1105338,SENSEX26O1582300CE,SENSEX,15OCT2026,8230000.000000,20,OPTIDX,BFO,5.000000,1000,False
1106743,PAGEIND26NOV36500CE,PAGEIND,26NOV2026,3650000.000000,20,OPTSTK,BFO,5.000000,600,False
1106761,ABCAPITAL26NOV390PE,ABCAPITAL,26NOV2026,39000.000000,3100,OPTSTK,BFO,5.000000,162000,False
1106776,GRASIM26NOV3380CE,GRASIM,26NOV2026,338000.000000,250,OPTSTK,BFO,5.000000,14250,False
1106816,SENSEX26O1575800CE,SENSEX,15OCT2026,7580000.000000,20,OPTIDX,BFO,5.000000,1000,False
1105342,SENSEX26NOV73000CE,SENSEX,26NOV2026,7300000.000000,20,OPTIDX,BFO,5.000000,1000,False
1105347,JSWSTEEL26NOV1380PE,JSWSTEEL,26NOV2026,138000.000000,675,OPTSTK,BFO,5.000000,40500,False
1105355,SENSEX26NOV77600CE,SENSEX,26NOV2026,7760000.000000,20,OPTIDX,BFO,5.000000,1000,False
1105366,SENSEX26NOV80000PE,SENSEX,26NOV2026,8000000.000000,20,OPTIDX,BFO,5.000000,1000,False
1106829,SENSEX26NOV71200PE,SENSEX,26NOV2026,7120000.000000,20,OPTIDX,BFO,5.000000,1000,False
1106875,CAMS26NOV690PE,CAMS,26NOV2026,69000.000000,825,OPTSTK,BFO,5.000000,100000000,False
1106886,TATAPOWER26NOV320PE,TATAPOWER,26NOV2026,32000.000000,1450,OPTSTK,BFO,5.000000,101250,False
1100256,CDSL26NOV1160PE,CDSL,23NOV2026,116000.000000,475,OPTSTK,BFO,5.000000,14001,False
1100257,CDSL26NOV1200CE,CDSL,23NOV2026,120000.000000,475,OPTSTK,BFO,5.000000,14001,False
1100270,CDSL26NOV1400CE,CDSL,23NOV2026,140000.000000,475,OPTSTK,BFO,5.000000,14001,False
1100281,CDSL26NOV1480CE,CDSL,23NOV2026,148000.000000,475,OPTSTK,BFO,5.000000,14001,False
1106824,TRENT26NOV3100PE,TRENT,26NOV2026,310000.000000,225,OPTSTK,BFO,5.000000,16000,False
1105391,FORCEMOT26NOV16000CE,FORCEMOT,26NOV2026,1600000.000000,25,OPTSTK,BFO,5.000000,100000000,False
1105400,ATHERENERG26SEP1460PE,ATHERENERG,24SEP2026,146000.000000,375,OPTSTK,BFO,5.000000,100000000,False
1105420,SENSEX26O1580900CE,SENSEX,15OCT2026,8090000.000000,20,OPTIDX,BFO,5.000000,1000,False
1105433,ABCAPITAL26NOVFUT,ABCAPITAL,26NOV2026,0.000000,3100,FUTSTK,BFO,5.000000,162000,False
1106931,FOCIT26NOV36300PE,FOCIT,26NOV2026,3630000.000000,45,OPTIDX,BFO,5.000000,1350,False
1106997,COFORGE26NOV2040CE,COFORGE,26NOV2026,204000.000000,475,OPTSTK,BFO,5.000000,6000,False
1107002,SENSEX26NOV81200PE,SENSEX,26NOV2026,8120000.000000,20,OPTIDX,BFO,5.000000,1000,False
1107010,BANKEX26NOV61700CE,BANKEX,26NOV2026,6170000.000000,30,OPTIDX,BFO,5.000000,900,False
1100294,CDSL26NOV1560CE,CDSL,23NOV2026,156000.000000,475,OPTSTK,BFO,5.000000,14001,False
1100296,CDSL26NOV1600CE,CDSL,23NOV2026,160000.000000,475,OPTSTK,BFO,5.000000,14001,False
1100319,PAGEIND26OCT31500CE,PAGEIND,29OCT2026,3150000.000000,20,OPTSTK,BFO,5.000000,600,False
1100320,DMART26OCT3500CE,DMART,29OCT2026,350000.000000,150,OPTSTK,BFO,5.000000,100000000,False
1105450,GRASIM26NOV3280PE,GRASIM,26NOV2026,328000.000000,250,OPTSTK,BFO,5.000000,14250,False
1105459,PRESTIGE26NOV1600CE,PRESTIGE,26NOV2026,160000.000000,450,OPTSTK,BFO,5.000000,100000000,False
1105512,SENSEX5026NOV25350PE,SENSEX50,26NOV2026,2535000.000000,75,OPTIDX,BFO,5.000000,1800,False
1105515,POLYCAB26NOV9700CE,POLYCAB,26NOV2026,970000.000000,125,OPTSTK,BFO,5.000000,9000,False
1107017,PFC26SEP320PE,PFC,24SEP2026,32000.000000,1300,OPTSTK,BFO,5.000000,124000,False
1107028,KPITTECH26NOV560PE,KPITTECH,26NOV2026,56000.000000,775,OPTSTK,BFO,5.000000,100000000,False
1107034,FOCIT26NOV30300PE,FOCIT,26NOV2026,3030000.000000,45,OPTIDX,BFO,5.000000,1350,False
1107035,OBEROIRLTY26NOV1860CE,OBEROIRLTY,26NOV2026,186000.000000,350,OPTSTK,BFO,5.000000,28000,False
1105529,SENSEX26O1576300PE,SENSEX,15OCT2026,7630000.000000,20,OPTIDX,BFO,5.000000,1000,False
1105540,SENSEX26NOV81600CE,SENSEX,26NOV2026,8160000.000000,20,OPTIDX,BFO,5.000000,1000,False
1105544,PAYTM26NOV1700PE,PAYTM,26NOV2026,170000.000000,725,OPTSTK,BFO,5.000000,100000000,False
1105584,BOSCHLTD26NOV51500CE,BOSCHLTD,26NOV2026,5150000.000000,25,OPTSTK,BFO,5.000000,1500,False
1100349,SAIL26OCT205PE,SAIL,29OCT2026,20500.000000,4700,OPTSTK,BFO,5.000000,320000,False
1100367,SAIL26SEP205CE,SAIL,24SEP2026,20500.000000,4700,OPTSTK,BFO,5.000000,320000,False
1100375,SAIL26SEP212.5PE,SAIL,24SEP2026,21250.000000,4700,OPTSTK,BFO,5.000000,320000,False
1100380,MCX26OCT3700CE,MCX,29OCT2026,370000.000000,225,OPTSTK,BFO,5.000000,16000,False
1107038,VBL26NOV490PE,VBL,26NOV2026,49000.000000,1275,OPTSTK,BFO,5.000000,100000000,False
1107081,SUNPHARMA26NOV1900CE,SUNPHARMA,26NOV2026,190000.000000,350,OPTSTK,BFO,5.000000,28000,False
1107096,PHOENIXLTD26NOV1920CE,PHOENIXLTD,26NOV2026,192000.000000,350,OPTSTK,BFO,5.000000,100000000,False
1107118,TCS26NOV2320CE,TCS,26NOV2026,232000.000000,225,OPTSTK,BFO,5.000000,7000,False
1105608,LICI26NOV395CE,LICI,26NOV2026,39500.000000,1400,OPTSTK,BFO,5.000000,100000000,False
1105626,UNOMINDA26NOV1360CE,UNOMINDA,26NOV2026,136000.000000,550,OPTSTK,BFO,5.000000,100000000,False
1105670,SENSEX26SEP83000PE,SENSEX,24SEP2026,8300000.000000,20,OPTIDX,BFO,5.000000,1000,False
1105673,SENSEX5026NOV24650CE,SENSEX50,26NOV2026,2465000.000000,75,OPTIDX,BFO,5.000000,1800,False
1107170,JSWENERGY26NOV530PE,JSWENERGY,26NOV2026,53000.000000,1075,OPTSTK,BFO,5.000000,100000000,False
1107176,DLF26NOV700PE,DLF,26NOV2026,70000.000000,950,OPTSTK,BFO,5.000000,49500,False
1107194,TATAELXSI26NOV3300PE,TATAELXSI,26NOV2026,330000.000000,125,OPTSTK,BFO,5.000000,100000000,False
1107204,FOCIT26NOV42600PE,FOCIT,26NOV2026,4260000.000000,45,OPTIDX,BFO,5.000000,1350,False
1105685,SAIL26NOV182.5CE,SAIL,26NOV2026,18250.000000,4700,OPTSTK,BFO,5.000000,320000,False
1105726,SENSEX26O1582600PE,SENSEX,15OCT2026,8260000.000000,20,OPTIDX,BFO,5.000000,1000,False
1100385,SAIL26OCT207.5CE,SAIL,29OCT2026,20750.000000,4700,OPTSTK,BFO,5.000000,320000,False
1100394,VBL26OCT350CE,VBL,29OCT2026,35000.000000,1275,OPTSTK,BFO,5.000000,100000000,False
1100420,NESTLEIND26OCT1380CE,NESTLEIND,29OCT2026,138000.000000,500,OPTSTK,BFO,5.000000,1200,False
1100501,KAYNES26SEP4350CE,KAYNES,24SEP2026,435000.000000,150,OPTSTK,BFO,5.000000,100000000,False
1105694,SBIN26NOV1040CE,SBIN,26NOV2026,104000.000000,750,OPTSTK,BFO,5.000000,45000,False
1105698,KEI26NOV6100PE,KEI,26NOV2026,610000.000000,175,OPTSTK,BFO,5.000000,100000000,False
1107226,LTM26NOV4550CE,LTM,26NOV2026,455000.000000,150,OPTSTK,BFO,5.000000,4500,False
1107228,AUBANK26NOV1120CE,AUBANK,26NOV2026,112000.000000,1000,OPTSTK,BFO,5.000000,30000,False
1107243,SENSEX26O1579800PE,SENSEX,15OCT2026,7980000.000000,20,OPTIDX,BFO,5.000000,1000,False
1107248,MARUTI26NOV13500PE,MARUTI,26NOV2026,1350000.000000,50,OPTSTK,BFO,5.000000,3000,False
1105764,BANKINDIA26NOV145CE,BANKINDIA,26NOV2026,14500.000000,5200,OPTSTK,BFO,5.000000,100000000,False
1105766,MAHABANK26OCT86PE,MAHABANK,29OCT2026,8600.000000,6500,OPTSTK,BFO,5.000000,100000000,False
1105784,SENSEX5026NOV25500CE,SENSEX50,26NOV2026,2550000.000000,75,OPTIDX,BFO,5.000000,1800,False
1105788,BRITANNIA26NOV5300CE,BRITANNIA,26NOV2026,530000.000000,125,OPTSTK,BFO,5.000000,6000,False
1100517,NMDC26OCT95CE,NMDC,29OCT2026,9500.000000,6750,OPTSTK,BFO,5.000000,225000,False
1100549,JINDALSTEL26OCT1320CE,JINDALSTEL,29OCT2026,132000.000000,625,OPTSTK,BFO,5.000000,37500,False
1100553,DIVISLAB26SEP9500CE,DIVISLAB,24SEP2026,950000.000000,100,OPTSTK,BFO,5.000000,8000,False
1100572,NMDC26OCT95PE,NMDC,29OCT2026,9500.000000,6750,OPTSTK,BFO,5.000000,225000,False
1107271,UNOMINDA26NOV1200CE,UNOMINDA,26NOV2026,120000.000000,550,OPTSTK,BFO,5.000000,100000000,False
1107272,DMART26NOV4100CE,DMART,26NOV2026,410000.000000,150,OPTSTK,BFO,5.000000,100000000,False
1107277,POLYCAB26NOV9300PE,POLYCAB,26NOV2026,930000.000000,125,OPTSTK,BFO,5.000000,9000,False
1107294,GODREJPROP26NOV2080CE,GODREJPROP,26NOV2026,208000.000000,325,OPTSTK,BFO,5.000000,19000,False
1105799,SENSEX26SEP80000CE,SENSEX,24SEP2026,8000000.000000,20,OPTIDX,BFO,5.000000,1000,False
1105802,AUBANK26NOV1020PE,AUBANK,26NOV2026,102000.000000,1000,OPTSTK,BFO,5.000000,30000,False
1105812,EICHERMOT26NOV8100CE,EICHERMOT,26NOV2026,810000.000000,100,OPTSTK,BFO,5.000000,7000,False
1105821,COLPAL26OCT1700PE,COLPAL,29OCT2026,170000.000000,275,OPTSTK,BFO,5.000000,14000,False
1100613,HINDPETRO26SEP450PE,HINDPETRO,24SEP2026,45000.000000,2025,OPTSTK,BFO,5.000000,108000,False
1100616,HYUNDAI26SEP2400CE,HYUNDAI,24SEP2026,240000.000000,275,OPTSTK,BFO,5.000000,100000000,False
1100624,ICICIPRULI26OCT555CE,ICICIPRULI,29OCT2026,55500.000000,925,OPTSTK,BFO,5.000000,60000,False
1100659,VBL26SEP350CE,VBL,24SEP2026,35000.000000,1275,OPTSTK,BFO,5.000000,100000000,False
1105830,IREDA26NOV117.5CE,IREDA,26NOV2026,11750.000000,4525,OPTSTK,BFO,5.000000,100000000,False
1105835,CIPLA26NOV1410PE,CIPLA,26NOV2026,141000.000000,425,OPTSTK,BFO,5.000000,26000,False
1105851,GODFRYPHLP26NOV2200CE,GODFRYPHLP,26NOV2026,220000.000000,275,OPTSTK,BFO,5.000000,100000000,False
1105907,FOCIT26NOV32400PE,FOCIT,26NOV2026,3240000.000000,45,OPTIDX,BFO,5.000000,1350,False
1107310,M&M26NOV3400CE,M&M,26NOV2026,340000.000000,200,OPTSTK,BFO,5.000000,21000,False
1107326,ZYDUSLIFE26NOV1120PE,ZYDUSLIFE,26NOV2026,112000.000000,900,OPTSTK,BFO,5.000000,54000,False
1107356,SENSEX26NOV79400CE,SENSEX,26NOV2026,7940000.000000,20,OPTIDX,BFO,5.000000,1000,False
1107383,MFSL26NOV1580PE,MFSL,26NOV2026,158000.000000,400,OPTSTK,BFO,5.000000,32000,False
1105910,NTPC26OCT295CE,NTPC,29OCT2026,29500.000000,1500,OPTSTK,BFO,5.000000,150000,False
1105916,HAL26NOV4750CE,HAL,26NOV2026,475000.000000,150,OPTSTK,BFO,5.000000,9000,False
1105922,JINDALSTEL26NOV1080CE,JINDALSTEL,26NOV2026,108000.000000,625,OPTSTK,BFO,5.000000,37500,False
1105938,WAAREEENER26NOV2600CE,WAAREEENER,26NOV2026,260000.000000,175,OPTSTK,BFO,5.000000,100000000,False
1100664,SAIL26SEP210CE,SAIL,24SEP2026,21000.000000,4700,OPTSTK,BFO,5.000000,320000,False
1100675,BHARTIARTL26OCT1760PE,BHARTIARTL,29OCT2026,176000.000000,475,OPTSTK,BFO,5.000000,28500,False
1100734,HDFCLIFE26NOV565PE,HDFCLIFE,26NOV2026,56500.000000,1100,OPTSTK,BFO,5.000000,44000,False
1100747,SUZLON26NOV43CE,SUZLON,26NOV2026,4300.000000,12700,OPTSTK,BFO,5.000000,100000000,False
1107422,SAIL26NOV195CE,SAIL,26NOV2026,19500.000000,4700,OPTSTK,BFO,5.000000,320000,False
1107424,COCHINSHIP26NOV1460CE,COCHINSHIP,26NOV2026,146000.000000,400,OPTSTK,BFO,5.000000,100000000,False
1107432,BANKEX26NOV63400PE,BANKEX,26NOV2026,6340000.000000,30,OPTIDX,BFO,5.000000,900,False
1107456,SBIN26NOVFUT,SBIN,26NOV2026,0.000000,750,FUTSTK,BFO,5.000000,45000,False
1105960,JIOFIN26NOV245CE,JIOFIN,26NOV2026,24500.000000,2350,OPTSTK,BFO,5.000000,100000000,False
1105964,TECHM26NOV1620CE,TECHM,26NOV2026,162000.000000,600,OPTSTK,BFO,5.000000,24000,False
1105974,TATAPOWER26NOV340CE,TATAPOWER,26NOV2026,34000.000000,1450,OPTSTK,BFO,5.000000,101250,False
1105976,RELIANCE26NOV1350CE,RELIANCE,26NOV2026,135000.000000,500,OPTSTK,BFO,5.000000,10000,False
1100758,WAAREEENER26NOV2950CE,WAAREEENER,26NOV2026,295000.000000,175,OPTSTK,BFO,5.000000,100000000,False
1100759,ADANIPORTS26NOV1800CE,ADANIPORTS,26NOV2026,180000.000000,475,OPTSTK,BFO,5.000000,32000,False
1100794,SOLARINDS26NOV18750PE,SOLARINDS,26NOV2026,1875000.000000,50,OPTSTK,BFO,5.000000,100000000,False
1100805,ITC26NOV270CE,ITC,26NOV2026,27000.000000,1725,OPTSTK,BFO,5.000000,64000,False
1107466,JUBLFOOD26NOV470PE,JUBLFOOD,26NOV2026,47000.000000,1250,OPTSTK,BFO,5.000000,50000,False
1107496,INFY26NOV1040PE,INFY,26NOV2026,104000.000000,400,OPTSTK,BFO,5.000000,16000,False
1107540,GAIL26NOV185PE,GAIL,26NOV2026,18500.000000,3550,OPTSTK,BFO,5.000000,274500,False
1107548,BANKEX26NOV66400CE,BANKEX,26NOV2026,6640000.000000,30,OPTIDX,BFO,5.000000,900,False
1105989,CHOLAFIN26NOV1780CE,CHOLAFIN,26NOV2026,178000.000000,625,OPTSTK,BFO,5.000000,25000,False
1105995,INDHOTEL26NOVFUT,INDHOTEL,26NOV2026,0.000000,1000,FUTSTK,BFO,5.000000,60000,False
1106000,LICHSGFIN26NOV500CE,LICHSGFIN,26NOV2026,50000.000000,1000,OPTSTK,BFO,5.000000,60000,False
1106002,NAM-INDIA26NOV1200PE,NAM-INDIA,26NOV2026,120000.000000,625,OPTSTK,BFO,5.000000,100000000,False
1107551,POLYCAB26NOV9200CE,POLYCAB,26NOV2026,920000.000000,125,OPTSTK,BFO,5.000000,9000,False
1107593,ADANIPOWER26NOVFUT,ADANIPOWER,26NOV2026,0.000000,3550,FUTSTK,BFO,5.000000,100000000,False
1107680,PRESTIGE26NOV1680CE,PRESTIGE,26NOV2026,168000.000000,450,OPTSTK,BFO,5.000000,100000000,False
1107716,FOCIT26NOV35900PE,FOCIT,26NOV2026,3590000.000000,45,OPTIDX,BFO,5.000000,1350,False
1100811,FOCIT26NOV31300PE,FOCIT,26NOV2026,3130000.000000,45,OPTIDX,BFO,5.000000,1350,False
1100824,TORNTPHARM26NOV5250PE,TORNTPHARM,26NOV2026,525000.000000,125,OPTSTK,BFO,5.000000,15000,False
1100830,DMART26NOV3800PE,DMART,26NOV2026,380000.000000,150,OPTSTK,BFO,5.000000,100000000,False
1100834,LODHA26NOV1140CE,LODHA,26NOV2026,114000.000000,625,OPTSTK,BFO,5.000000,100000000,False
1106042,AXISBANK26NOV1380PE,AXISBANK,26NOV2026,138000.000000,625,OPTSTK,BFO,5.000000,25000,False
1106047,PNB26NOV107CE,PNB,26NOV2026,10700.000000,8000,OPTSTK,BFO,5.000000,480000,False
1106053,DABUR26OCT350CE,DABUR,29OCT2026,35000.000000,1250,OPTSTK,BFO,5.000000,50000,False
1106077,RBLBANK26NOV415PE,RBLBANK,26NOV2026,41500.000000,3175,OPTSTK,BFO,5.000000,150000,False
1107735,POLICYBZR26NOV1780CE,POLICYBZR,26NOV2026,178000.000000,350,OPTSTK,BFO,5.000000,100000000,False
1107818,SENSEX26O1575100CE,SENSEX,15OCT2026,7510000.000000,20,OPTIDX,BFO,5.000000,1000,False
1107862,SENSEX5026NOV25000CE,SENSEX50,26NOV2026,2500000.000000,75,OPTIDX,BFO,5.000000,1800,False
1107896,SUNPHARMA26NOV1880PE,SUNPHARMA,26NOV2026,188000.000000,350,OPTSTK,BFO,5.000000,28000,False
1100858,TORNTPHARM26NOV5400CE,TORNTPHARM,26NOV2026,540000.000000,125,OPTSTK,BFO,5.000000,15000,False
1100876,SBILIFE26NOV1900PE,SBILIFE,26NOV2026,190000.000000,375,OPTSTK,BFO,5.000000,22500,False
1100877,TATAELXSI26NOV3600CE,TATAELXSI,26NOV2026,360000.000000,125,OPTSTK,BFO,5.000000,100000000,False
1100908,MPHASIS26NOV2550CE,MPHASIS,26NOV2026,255000.000000,275,OPTSTK,BFO,5.000000,11000,False
1106083,BAJFINANCE26NOV1020PE,BAJFINANCE,26NOV2026,102000.000000,750,OPTSTK,BFO,5.000000,3750,False
1106090,RVNL26NOV195PE,RVNL,26NOV2026,19500.000000,1925,OPTSTK,BFO,5.000000,100000000,False
1106107,COFORGE26NOV1880PE,COFORGE,26NOV2026,188000.000000,475,OPTSTK,BFO,5.000000,6000,False
1106123,CAMS26NOV780CE,CAMS,26NOV2026,78000.000000,825,OPTSTK,BFO,5.000000,100000000,False
1107913,MAHABANK26SEP79PE,MAHABANK,24SEP2026,7900.000000,6500,OPTSTK,BFO,5.000000,100000000,False
1107927,BPCL26NOV315PE,BPCL,26NOV2026,31500.000000,1975,OPTSTK,BFO,5.000000,72000,False
1107939,SENSEX26NOV73700PE,SENSEX,26NOV2026,7370000.000000,20,OPTIDX,BFO,5.000000,1000,False
1107940,PGEL26NOV600CE,PGEL,26NOV2026,60000.000000,950,OPTSTK,BFO,5.000000,100000000,False
1100934,HINDUNILVR26NOVFUT,HINDUNILVR,26NOV2026,0.000000,300,FUTSTK,BFO,5.000000,9000,False
1100960,HINDPETRO26NOV330CE,HINDPETRO,26NOV2026,33000.000000,2025,OPTSTK,BFO,5.000000,108000,False
1100966,NESTLEIND26NOV1480CE,NESTLEIND,26NOV2026,148000.000000,500,OPTSTK,BFO,5.000000,1200,False
1100982,ZYDUSLIFE26NOV1260CE,ZYDUSLIFE,26NOV2026,126000.000000,900,OPTSTK,BFO,5.000000,54000,False
1106165,KALYANKJIL26NOV600PE,KALYANKJIL,26NOV2026,60000.000000,1350,OPTSTK,BFO,5.000000,100000000,False
1106216,GAIL26NOV177.5PE,GAIL,26NOV2026,17750.000000,3550,OPTSTK,BFO,5.000000,274500,False
1106225,ABB26NOV8100CE,ABB,26NOV2026,810000.000000,125,OPTSTK,BFO,5.000000,7500,False
1106229,SENSEX5026NOV25800PE,SENSEX50,26NOV2026,2580000.000000,75,OPTIDX,BFO,5.000000,1800,False
1107972,BANKEX26NOV63300CE,BANKEX,26NOV2026,6330000.000000,30,OPTIDX,BFO,5.000000,900,False
1107983,TATAPOWER26NOV360PE,TATAPOWER,26NOV2026,36000.000000,1450,OPTSTK,BFO,5.000000,101250,False
1107984,LTM26NOV4850PE,LTM,26NOV2026,485000.000000,150,OPTSTK,BFO,5.000000,4500,False
1107992,SUPREMEIND26NOV3350PE,SUPREMEIND,26NOV2026,335000.000000,175,OPTSTK,BFO,5.000000,100000000,False
1106272,SENSEX27MAR72000CE,SENSEX,25MAR2027,7200000.000000,20,OPTIDX,BFO,5.000000,1000,False
1106318,HCLTECH26NOV1290CE,HCLTECH,26NOV2026,129000.000000,400,OPTSTK,BFO,5.000000,21000,False
1106334,IDFCFIRSTB26NOV81PE,IDFCFIRSTB,26NOV2026,8100.000000,9275,OPTSTK,BFO,5.000000,450000,False
1106385,AXISBANK26NOV1280CE,AXISBANK,26NOV2026,128000.000000,625,OPTSTK,BFO,5.000000,25000,False
1100993,IDEA26NOV19CE,IDEA,26NOV2026,1900.000000,71475,OPTSTK,BFO,5.000000,2400000,False
1100997,WIPRO26NOV192.5CE,WIPRO,26NOV2026,19250.000000,3000,OPTSTK,BFO,5.000000,60000,False
1101001,SENSEX26O1570200PE,SENSEX,15OCT2026,7020000.000000,20,OPTIDX,BFO,5.000000,1000,False
1101013,SENSEX26O1574800PE,SENSEX,15OCT2026,7480000.000000,20,OPTIDX,BFO,5.000000,1000,False
1108010,NYKAA26NOV370PE,NYKAA,26NOV2026,37000.000000,3125,OPTSTK,BFO,5.000000,100000000,False
1108022,SENSEX5026NOV24700PE,SENSEX50,26NOV2026,2470000.000000,75,OPTIDX,BFO,5.000000,1800,False
1108023,FOCIT26NOV36500PE,FOCIT,26NOV2026,3650000.000000,45,OPTIDX,BFO,5.000000,1350,False
1108026,JUBLFOOD26NOVFUT,JUBLFOOD,26NOV2026,0.000000,1250,FUTSTK,BFO,5.000000,50000,False
1106416,ICICIGI26NOV1460CE,ICICIGI,26NOV2026,146000.000000,325,OPTSTK,BFO,5.000000,20000,False
1106426,LODHA26NOV1280CE,LODHA,26NOV2026,128000.000000,625,OPTSTK,BFO,5.000000,100000000,False
1106442,SWIGGY26NOV265PE,SWIGGY,26NOV2026,26500.000000,1825,OPTSTK,BFO,5.000000,100000000,False
1106456,PATANJALI26NOV320CE,PATANJALI,26NOV2026,32000.000000,1075,OPTSTK,BFO,5.000000,100000000,False
1108634,BANKEX26NOV66700PE,BANKEX,26NOV2026,6670000.000000,30,OPTIDX,BFO,5.000000,900,False
1109666,PATANJALI26NOV365CE,PATANJALI,26NOV2026,36500.000000,1075,OPTSTK,BFO,5.000000,100000000,False
1109849,SENSEX26NOV81400PE,SENSEX,26NOV2026,8140000.000000,20,OPTIDX,BFO,5.000000,1000,False
1109992,CIPLA26NOV1490PE,CIPLA,26NOV2026,149000.000000,425,OPTSTK,BFO,5.000000,26000,False
1106460,SOLARINDS26NOV19750CE,SOLARINDS,26NOV2026,1975000.000000,50,OPTSTK,BFO,5.000000,100000000,False
1106464,TATAPOWER26NOV345CE,TATAPOWER,26NOV2026,34500.000000,1450,OPTSTK,BFO,5.000000,101250,False
1106472,AUROPHARMA26NOV1780PE,AUROPHARMA,26NOV2026,178000.000000,550,OPTSTK,BFO,5.000000,44000,False
1106484,FOCIT26NOV32300CE,FOCIT,26NOV2026,3230000.000000,45,OPTIDX,BFO,5.000000,1350,False
1101019,MOTHERSON26NOV160PE,MOTHERSON,26NOV2026,16000.000000,6150,OPTSTK,BFO,5.000000,284000,False
1101020,BDL26NOV1460CE,BDL,26NOV2026,146000.000000,425,OPTSTK,BFO,5.000000,100000000,False
1101030,ICICIPRULI26NOV530CE,ICICIPRULI,26NOV2026,53000.000000,925,OPTSTK,BFO,5.000000,60000,False
1101045,ABCAPITAL26NOV415CE,ABCAPITAL,26NOV2026,41500.000000,3100,OPTSTK,BFO,5.000000,162000,False
1110248,NBCC26NOV100PE,NBCC,26NOV2026,10000.000000,6500,OPTSTK,BFO,5.000000,100000000,False
1110688,SAGILITY26NOV49CE,SAGILITY,26NOV2026,4900.000000,12000,OPTSTK,BFO,5.000000,100000000,False
1110713,NMDC26NOV82PE,NMDC,26NOV2026,8200.000000,6750,OPTSTK,BFO,5.000000,225000,False
1110714,FOCIT26NOV37200CE,FOCIT,26NOV2026,3720000.000000,45,OPTIDX,BFO,5.000000,1350,False
1106559,SENSEX26O1574200PE,SENSEX,15OCT2026,7420000.000000,20,OPTIDX,BFO,5.000000,1000,False
1106573,ADANIENT26NOV3250PE,ADANIENT,26NOV2026,325000.000000,309,OPTSTK,BFO,5.000000,9000,False
1106635,POWERGRID26NOV250PE,POWERGRID,26NOV2026,25000.000000,1900,OPTSTK,BFO,5.000000,108000,False
1106662,FOCIT26NOV42300CE,FOCIT,26NOV2026,4230000.000000,45,OPTIDX,BFO,5.000000,1350,False
1101059,TATAELXSI26NOV3350CE,TATAELXSI,26NOV2026,335000.000000,125,OPTSTK,BFO,5.000000,100000000,False
1101067,PAGEIND26NOV38500CE,PAGEIND,26NOV2026,3850000.000000,20,OPTSTK,BFO,5.000000,600,False
1101080,PFC26NOV360CE,PFC,26NOV2026,36000.000000,1300,OPTSTK,BFO,5.000000,124000,False
1101089,ADANIPORTS26NOV1620CE,ADANIPORTS,26NOV2026,162000.000000,475,OPTSTK,BFO,5.000000,32000,False
1110809,LAURUSLABS26NOV1800PE,LAURUSLABS,26NOV2026,180000.000000,850,OPTSTK,BFO,5.000000,68000,False
1110824,FORTIS26NOV960CE,FORTIS,26NOV2026,96000.000000,775,OPTSTK,BFO,5.000000,100000000,False
1110869,ONGC26NOV245PE,ONGC,26NOV2026,24500.000000,2250,OPTSTK,BFO,5.000000,154000,False
1110874,NESTLEIND26NOV1380PE,NESTLEIND,26NOV2026,138000.000000,500,OPTSTK,BFO,5.000000,1200,False
1106729,ICICIPRULI26NOV545PE,ICICIPRULI,26NOV2026,54500.000000,925,OPTSTK,BFO,5.000000,60000,False
1106687,SENSEX26O1579500CE,SENSEX,15OCT2026,7950000.000000,20,OPTIDX,BFO,5.000000,1000,False
1106698,BANKBARODA26NOV260CE,BANKBARODA,26NOV2026,26000.000000,2925,OPTSTK,BFO,5.000000,175500,False
1106709,MFSL26NOVFUT,MFSL,26NOV2026,0.000000,400,FUTSTK,BFO,5.000000,32000,False
1110897,OFSS26NOV11400PE,OFSS,26NOV2026,1140000.000000,100,OPTSTK,BFO,5.000000,8000,False
1110901,RADICO26NOV4700CE,RADICO,26NOV2026,470000.000000,150,OPTSTK,BFO,5.000000,100000000,False
1110905,ADANIGREEN26NOV1300PE,ADANIGREEN,26NOV2026,130000.000000,600,OPTSTK,BFO,5.000000,100000000,False
1110923,ETERNAL26NOV330CE,ETERNAL,26NOV2026,33000.000000,2425,OPTSTK,BFO,5.000000,100000000,False
1106740,ADANIGREEN26NOV1380CE,ADANIGREEN,26NOV2026,138000.000000,600,OPTSTK,BFO,5.000000,100000000,False
1106779,INFY26OCT960CE,INFY,29OCT2026,96000.000000,400,OPTSTK,BFO,5.000000,16000,False
1106787,SENSEX26O1571200CE,SENSEX,15OCT2026,7120000.000000,20,OPTIDX,BFO,5.000000,1000,False
1106815,AMBER26NOV8100CE,AMBER,26NOV2026,810000.000000,100,OPTSTK,BFO,5.000000,100000000,False
1101096,SBILIFE26NOV1800CE,SBILIFE,26NOV2026,180000.000000,375,OPTSTK,BFO,5.000000,22500,False
1101119,MANKIND26NOV2540CE,MANKIND,26NOV2026,254000.000000,250,OPTSTK,BFO,5.000000,100000000,False
1101137,OIL26NOV480CE,OIL,26NOV2026,48000.000000,1400,OPTSTK,BFO,5.000000,100000000,False
1101152,KAYNES26NOV4300PE,KAYNES,26NOV2026,430000.000000,150,OPTSTK,BFO,5.000000,100000000,False
1110927,GAIL26NOVFUT,GAIL,26NOV2026,0.000000,3550,FUTSTK,BFO,5.000000,274500,False
1110975,SENSEX26NOV73600CE,SENSEX,26NOV2026,7360000.000000,20,OPTIDX,BFO,5.000000,1000,False
1110997,AMBER26OCT8400PE,AMBER,29OCT2026,840000.000000,100,OPTSTK,BFO,5.000000,100000000,False
1111013,DMART26NOV4050CE,DMART,26NOV2026,405000.000000,150,OPTSTK,BFO,5.000000,100000000,False
1106828,MANKIND26NOVFUT,MANKIND,26NOV2026,0.000000,250,FUTSTK,BFO,5.000000,100000000,False
1106833,IDFCFIRSTB26NOV86PE,IDFCFIRSTB,26NOV2026,8600.000000,9275,OPTSTK,BFO,5.000000,450000,False
1106838,WAAREEENER26NOVFUT,WAAREEENER,26NOV2026,0.000000,175,FUTSTK,BFO,5.000000,100000000,False
1106848,BEL26NOV410PE,BEL,26NOV2026,41000.000000,1425,OPTSTK,BFO,5.000000,228000,False
1101182,SHREECEM26NOV25750CE,SHREECEM,26NOV2026,2575000.000000,25,OPTSTK,BFO,5.000000,1000,False
1101183,BANKEX26NOV60700PE,BANKEX,26NOV2026,6070000.000000,30,OPTIDX,BFO,5.000000,900,False
1101191,LAURUSLABS26OCT2060PE,LAURUSLABS,29OCT2026,206000.000000,850,OPTSTK,BFO,5.000000,68000,False
1101206,IDFCFIRSTB26NOV88CE,IDFCFIRSTB,26NOV2026,8800.000000,9275,OPTSTK,BFO,5.000000,450000,False
1111015,TATACONSUM26NOV1050CE,TATACONSUM,26NOV2026,105000.000000,550,OPTSTK,BFO,5.000000,36000,False
1111037,BANKEX26NOV62000CE,BANKEX,26NOV2026,6200000.000000,30,OPTIDX,BFO,5.000000,900,False
1111072,PHOENIXLTD26NOV1780CE,PHOENIXLTD,26NOV2026,178000.000000,350,OPTSTK,BFO,5.000000,100000000,False
1111093,BRITANNIA26NOV5100PE,BRITANNIA,26NOV2026,510000.000000,125,OPTSTK,BFO,5.000000,6000,False
1106884,BEL26NOV415CE,BEL,26NOV2026,41500.000000,1425,OPTSTK,BFO,5.000000,228000,False
1106908,HDFCBANK26NOV710PE,HDFCBANK,26NOV2026,71000.000000,650,OPTSTK,BFO,5.000000,16500,False
1106914,NYKAA26NOV335CE,NYKAA,26NOV2026,33500.000000,3125,OPTSTK,BFO,5.000000,100000000,False
1106928,SAIL26NOV190CE,SAIL,26NOV2026,19000.000000,4700,OPTSTK,BFO,5.000000,320000,False
1101209,INDHOTEL26NOV700CE,INDHOTEL,26NOV2026,70000.000000,1000,OPTSTK,BFO,5.000000,60000,False
1101210,BANKINDIA26NOV147.5CE,BANKINDIA,26NOV2026,14750.000000,5200,OPTSTK,BFO,5.000000,100000000,False
1101216,ZYDUSLIFE26NOV1250PE,ZYDUSLIFE,26NOV2026,125000.000000,900,OPTSTK,BFO,5.000000,54000,False
1101230,LTF26NOV330PE,LTF,26NOV2026,33000.000000,2250,OPTSTK,BFO,5.000000,267720,False
1111114,KALYANKJIL26NOV590PE,KALYANKJIL,26NOV2026,59000.000000,1350,OPTSTK,BFO,5.000000,100000000,False
1111136,CUMMINSIND26NOV5800CE,CUMMINSIND,26NOV2026,580000.000000,200,OPTSTK,BFO,5.000000,18000,False
1111192,SENSEX26NOV79000PE,SENSEX,26NOV2026,7900000.000000,20,OPTIDX,BFO,5.000000,1000,False
1111194,HAVELLS26OCT1100PE,HAVELLS,29OCT2026,110000.000000,500,OPTSTK,BFO,5.000000,20000,False
1106960,SAGILITY26SEP47CE,SAGILITY,24SEP2026,4700.000000,12000,OPTSTK,BFO,5.000000,100000000,False
1106961,SENSEX26O1583500CE,SENSEX,15OCT2026,8350000.000000,20,OPTIDX,BFO,5.000000,1000,False
1106979,CIPLA26NOV1450PE,CIPLA,26NOV2026,145000.000000,425,OPTSTK,BFO,5.000000,26000,False
1107029,ASIANPAINT26NOV2680CE,ASIANPAINT,26NOV2026,268000.000000,250,OPTSTK,BFO,5.000000,8000,False
1101238,GODREJCP26NOV980PE,GODREJCP,26NOV2026,98000.000000,500,OPTSTK,BFO,5.000000,30000,False
1101239,TCS26NOV2360CE,TCS,26NOV2026,236000.000000,225,OPTSTK,BFO,5.000000,7000,False
1101241,INDIANB26NOV950CE,INDIANB,26NOV2026,95000.000000,1000,OPTSTK,BFO,5.000000,100000000,False
1101243,BANKEX26NOV61400CE,BANKEX,26NOV2026,6140000.000000,30,OPTIDX,BFO,5.000000,900,False
1107120,TRENT26NOV3000CE,TRENT,26NOV2026,300000.000000,225,OPTSTK,BFO,5.000000,16000,False
1107152,NESTLEIND26NOV1420CE,NESTLEIND,26NOV2026,142000.000000,500,OPTSTK,BFO,5.000000,1200,False
1107169,CHOLAFIN26NOV1980CE,CHOLAFIN,26NOV2026,198000.000000,625,OPTSTK,BFO,5.000000,25000,False
1107188,KFINTECH26NOV840PE,KFINTECH,26NOV2026,84000.000000,575,OPTSTK,BFO,5.000000,100000000,False
1111202,JIOFIN26NOV227.5CE,JIOFIN,26NOV2026,22750.000000,2350,OPTSTK,BFO,5.000000,100000000,False
1111211,WAAREEENER26NOV2400PE,WAAREEENER,26NOV2026,240000.000000,175,OPTSTK,BFO,5.000000,100000000,False
1111214,FOCIT26NOV40400CE,FOCIT,26NOV2026,4040000.000000,45,OPTIDX,BFO,5.000000,1350,False
1111220,HAL26NOV4700CE,HAL,26NOV2026,470000.000000,150,OPTSTK,BFO,5.000000,9000,False
1107193,FOCIT26NOV40300PE,FOCIT,26NOV2026,4030000.000000,45,OPTIDX,BFO,5.000000,1350,False
1107200,INDIGO26NOV5700CE,INDIGO,26NOV2026,570000.000000,150,OPTSTK,BFO,5.000000,12000,False
1107215,KPITTECH26NOV630PE,KPITTECH,26NOV2026,63000.000000,775,OPTSTK,BFO,5.000000,100000000,False
1107237,TCS26NOV2400PE,TCS,26NOV2026,240000.000000,225,OPTSTK,BFO,5.000000,7000,False
1101254,BEL26NOV385PE,BEL,26NOV2026,38500.000000,1425,OPTSTK,BFO,5.000000,228000,False
1101262,POLYCAB26NOV8800CE,POLYCAB,26NOV2026,880000.000000,125,OPTSTK,BFO,5.000000,9000,False
1101276,MANAPPURAM26NOV325PE,MANAPPURAM,26NOV2026,32500.000000,3000,OPTSTK,BFO,5.000000,180000,False
1101285,SENSEX26NOV80700CE,SENSEX,26NOV2026,8070000.000000,20,OPTIDX,BFO,5.000000,1000,False
1111223,FOCIT26NOV42700CE,FOCIT,26NOV2026,4270000.000000,45,OPTIDX,BFO,5.000000,1350,False
1111232,HAVELLS26NOV1220CE,HAVELLS,26NOV2026,122000.000000,500,OPTSTK,BFO,5.000000,20000,False
1111236,INDUSINDBK26NOV1040CE,INDUSINDBK,26NOV2026,104000.000000,700,OPTSTK,BFO,5.000000,20000,False
1111283,ITC26NOV255PE,ITC,26NOV2026,25500.000000,1725,OPTSTK,BFO,5.000000,64000,False
1107250,MUTHOOTFIN26NOVFUT,MUTHOOTFIN,26NOV2026,0.000000,275,FUTSTK,BFO,5.000000,22000,False
1107262,INDHOTEL26NOV770PE,INDHOTEL,26NOV2026,77000.000000,1000,OPTSTK,BFO,5.000000,60000,False
1107328,RADICO26NOV4350PE,RADICO,26NOV2026,435000.000000,150,OPTSTK,BFO,5.000000,100000000,False
1107350,UNITDSPR26NOV1660PE,UNITDSPR,26NOV2026,166000.000000,400,OPTSTK,BFO,5.000000,28000,False
1111289,APLAPOLLO26NOV2280PE,APLAPOLLO,26NOV2026,228000.000000,350,OPTSTK,BFO,5.000000,100000000,False
1111321,BLUESTARCO26NOV1540CE,BLUESTARCO,26NOV2026,154000.000000,325,OPTSTK,BFO,5.000000,100000000,False
1111344,PERSISTENT26NOV5900CE,PERSISTENT,26NOV2026,590000.000000,125,OPTSTK,BFO,5.000000,5250,False
1111351,COALINDIA26NOV425CE,COALINDIA,26NOV2026,42500.000000,1350,OPTSTK,BFO,5.000000,126000,False
1101291,SWIGGY26NOV320PE,SWIGGY,26NOV2026,32000.000000,1825,OPTSTK,BFO,5.000000,100000000,False
1101295,ASIANPAINT26NOV2620PE,ASIANPAINT,26NOV2026,262000.000000,250,OPTSTK,BFO,5.000000,8000,False
1101316,CHOLAFIN26NOV1840CE,CHOLAFIN,26NOV2026,184000.000000,625,OPTSTK,BFO,5.000000,25000,False
1101322,MAXHEALTH26NOV1050PE,MAXHEALTH,26NOV2026,105000.000000,525,OPTSTK,BFO,5.000000,100000000,False
1107367,TATAPOWER26NOV325PE,TATAPOWER,26NOV2026,32500.000000,1450,OPTSTK,BFO,5.000000,101250,False
1107373,NYKAA26NOV335PE,NYKAA,26NOV2026,33500.000000,3125,OPTSTK,BFO,5.000000,100000000,False
1107379,GODREJPROP26NOVFUT,GODREJPROP,26NOV2026,0.000000,325,FUTSTK,BFO,5.000000,19000,False
1107434,HYUNDAI26NOV2340PE,HYUNDAI,26NOV2026,234000.000000,275,OPTSTK,BFO,5.000000,100000000,False
1111367,PGEL26NOV640CE,PGEL,26NOV2026,64000.000000,950,OPTSTK,BFO,5.000000,100000000,False
1111374,PIDILITIND26NOV1540CE,PIDILITIND,26NOV2026,154000.000000,500,OPTSTK,BFO,5.000000,10000,False
1111375,VEDL26NOV250PE,VEDL,26NOV2026,25000.000000,1150,OPTSTK,BFO,5.000000,80000,False
1111394,SENSEX5026NOV24900PE,SENSEX50,26NOV2026,2490000.000000,75,OPTIDX,BFO,5.000000,1800,False
1101334,GVT&D26NOV3800CE,GVT&D,26NOV2026,380000.000000,125,OPTSTK,BFO,5.000000,100000000,False
1101348,JINDALSTEL26NOV1060PE,JINDALSTEL,26NOV2026,106000.000000,625,OPTSTK,BFO,5.000000,37500,False
1101355,MOTILALOFS26NOV1040PE,MOTILALOFS,26NOV2026,104000.000000,775,OPTSTK,BFO,5.000000,100000000,False
1101367,TITAN26NOV4900PE,TITAN,26NOV2026,490000.000000,175,OPTSTK,BFO,5.000000,11250,False
1107445,BANKEX26NOV65700PE,BANKEX,26NOV2026,6570000.000000,30,OPTIDX,BFO,5.000000,900,False
1107454,SENSEX26NOV73400CE,SENSEX,26NOV2026,7340000.000000,20,OPTIDX,BFO,5.000000,1000,False
1107484,ATHERENERG26NOV1380CE,ATHERENERG,26NOV2026,138000.000000,375,OPTSTK,BFO,5.000000,100000000,False
1107527,SAGILITY26OCT42PE,SAGILITY,29OCT2026,4200.000000,12000,OPTSTK,BFO,5.000000,100000000,False
1111395,ANGELONE26NOV310PE,ANGELONE,26NOV2026,31000.000000,2500,OPTSTK,BFO,5.000000,100000000,False
1111399,VOLTAS26NOV1180CE,VOLTAS,26NOV2026,118000.000000,375,OPTSTK,BFO,5.000000,30000,False
1111423,WAAREEENER26NOV2300CE,WAAREEENER,26NOV2026,230000.000000,175,OPTSTK,BFO,5.000000,100000000,False
1111424,SENSEX26NOV74600CE,SENSEX,26NOV2026,7460000.000000,20,OPTIDX,BFO,5.000000,1000,False
1101369,NTPC26NOV345CE,NTPC,26NOV2026,34500.000000,1500,OPTSTK,BFO,5.000000,150000,False
1101384,GODREJPROP26NOV2100CE,GODREJPROP,26NOV2026,210000.000000,325,OPTSTK,BFO,5.000000,19000,False
1101406,SENSEX26NOV76100PE,SENSEX,26NOV2026,7610000.000000,20,OPTIDX,BFO,5.000000,1000,False
1101407,DIXON26NOV16250PE,DIXON,26NOV2026,1625000.000000,50,OPTSTK,BFO,5.000000,6000,False
1107532,M&M26NOV3150CE,M&M,26NOV2026,315000.000000,200,OPTSTK,BFO,5.000000,21000,False
1107546,IOC26NOV155CE,IOC,26NOV2026,15500.000000,4875,OPTSTK,BFO,5.000000,292500,False
1107556,APOLLOHOSP26NOV8700PE,APOLLOHOSP,26NOV2026,870000.000000,125,OPTSTK,BFO,5.000000,5000,False
1107571,AMBER26NOV7700CE,AMBER,26NOV2026,770000.000000,100,OPTSTK,BFO,5.000000,100000000,False
1111434,LODHA26NOV1320CE,LODHA,26NOV2026,132000.000000,625,OPTSTK,BFO,5.000000,100000000,False
1111463,LUPIN26NOV2100CE,LUPIN,26NOV2026,210000.000000,425,OPTSTK,BFO,5.000000,34000,False
1111467,FOCIT26NOV37400CE,FOCIT,26NOV2026,3740000.000000,45,OPTIDX,BFO,5.000000,1350,False
1111487,CANBK26NOV117.5CE,CANBK,26NOV2026,11750.000000,6750,OPTSTK,BFO,5.000000,81000,False
1107588,FOCIT26NOV39600PE,FOCIT,26NOV2026,3960000.000000,45,OPTIDX,BFO,5.000000,1350,False
1107611,BAJFINANCE26NOV1120CE,BAJFINANCE,26NOV2026,112000.000000,750,OPTSTK,BFO,5.000000,3750,False
1107632,WIPRO26NOVFUT,WIPRO,26NOV2026,0.000000,3000,FUTSTK,BFO,5.000000,60000,False
1107679,GVT&D26NOV4200CE,GVT&D,26NOV2026,420000.000000,125,OPTSTK,BFO,5.000000,100000000,False
1101423,PFC26NOV365CE,PFC,26NOV2026,36500.000000,1300,OPTSTK,BFO,5.000000,124000,False
1101429,MCX26NOV2900CE,MCX,26NOV2026,290000.000000,225,OPTSTK,BFO,5.000000,16000,False
1101435,GMRAIRPORT26NOV102PE,GMRAIRPORT,26NOV2026,10200.000000,6975,OPTSTK,BFO,5.000000,675000,False
1101447,SENSEX26O1572400CE,SENSEX,15OCT2026,7240000.000000,20,OPTIDX,BFO,5.000000,1000,False
1111519,INDIGO26NOVFUT,INDIGO,26NOV2026,0.000000,150,FUTSTK,BFO,5.000000,12000,False
1111525,HINDUNILVR26NOV1980CE,HINDUNILVR,26NOV2026,198000.000000,300,OPTSTK,BFO,5.000000,9000,False
1111544,FOCIT26NOV31400CE,FOCIT,26NOV2026,3140000.000000,45,OPTIDX,BFO,5.000000,1350,False
1111547,VBL26NOV370CE,VBL,26NOV2026,37000.000000,1275,OPTSTK,BFO,5.000000,100000000,False
1107683,BDL26NOV1220CE,BDL,26NOV2026,122000.000000,425,OPTSTK,BFO,5.000000,100000000,False
1107693,KOTAKBANK26SEP460CE,KOTAKBANK,24SEP2026,46000.000000,2000,OPTSTK,BFO,5.000000,12000,False
1107698,MFSL26NOV1480CE,MFSL,26NOV2026,148000.000000,400,OPTSTK,BFO,5.000000,32000,False
1107722,SENSEX26O1574400PE,SENSEX,15OCT2026,7440000.000000,20,OPTIDX,BFO,5.000000,1000,False
1111551,SBIN26NOV990PE,SBIN,26NOV2026,99000.000000,750,OPTSTK,BFO,5.000000,45000,False
1111581,MAHABANK26SEP90PE,MAHABANK,24SEP2026,9000.000000,6500,OPTSTK,BFO,5.000000,100000000,False
1111594,SWIGGY26NOVFUT,SWIGGY,26NOV2026,0.000000,1825,FUTSTK,BFO,5.000000,100000000,False
1111606,INDIGO26NOV4500PE,INDIGO,26NOV2026,450000.000000,150,OPTSTK,BFO,5.000000,12000,False
1107730,SRF26NOV2850PE,SRF,26NOV2026,285000.000000,200,OPTSTK,BFO,5.000000,11250,False
1107772,ASHOKLEY26NOV165PE,ASHOKLEY,26NOV2026,16500.000000,5000,OPTSTK,BFO,5.000000,150000,False
1107780,EICHERMOT26NOV8600PE,EICHERMOT,26NOV2026,860000.000000,100,OPTSTK,BFO,5.000000,7000,False
1107795,POWERINDIA26NOV31500PE,POWERINDIA,26NOV2026,3150000.000000,25,OPTSTK,BFO,5.000000,100000000,False
1101448,BOSCHLTD26NOV46000PE,BOSCHLTD,26NOV2026,4600000.000000,25,OPTSTK,BFO,5.000000,1500,False
1101451,SAGILITY26NOV49PE,SAGILITY,26NOV2026,4900.000000,12000,OPTSTK,BFO,5.000000,100000000,False
1101455,MANAPPURAM26NOV360CE,MANAPPURAM,26NOV2026,36000.000000,3000,OPTSTK,BFO,5.000000,180000,False
1101482,BHEL26NOV465CE,BHEL,26NOV2026,46500.000000,2625,OPTSTK,BFO,5.000000,315000,False
1111610,GAIL26NOV162.5CE,GAIL,26NOV2026,16250.000000,3550,OPTSTK,BFO,5.000000,274500,False
1111622,MOTHERSON26NOV180PE,MOTHERSON,26NOV2026,18000.000000,6150,OPTSTK,BFO,5.000000,284000,False
1111628,INDIANB26NOV910PE,INDIANB,26NOV2026,91000.000000,1000,OPTSTK,BFO,5.000000,100000000,False
1111660,ADANIENT26NOV3200PE,ADANIENT,26NOV2026,320000.000000,309,OPTSTK,BFO,5.000000,9000,False
1107810,PAYTM26NOV1780PE,PAYTM,26NOV2026,178000.000000,725,OPTSTK,BFO,5.000000,100000000,False
1107831,APLAPOLLO26NOV2240PE,APLAPOLLO,26NOV2026,224000.000000,350,OPTSTK,BFO,5.000000,100000000,False
1107832,BHEL26NOV405CE,BHEL,26NOV2026,40500.000000,2625,OPTSTK,BFO,5.000000,315000,False
1107835,APOLLOHOSP26NOV8600CE,APOLLOHOSP,26NOV2026,860000.000000,125,OPTSTK,BFO,5.000000,5000,False
1101483,BANKEX26NOV69100PE,BANKEX,26NOV2026,6910000.000000,30,OPTIDX,BFO,5.000000,900,False
1101493,GODREJPROP26NOV2020PE,GODREJPROP,26NOV2026,202000.000000,325,OPTSTK,BFO,5.000000,19000,False
1101502,HAVELLS26NOV1320PE,HAVELLS,26NOV2026,132000.000000,500,OPTSTK,BFO,5.000000,20000,False
1101519,HAVELLS26NOV1160PE,HAVELLS,26NOV2026,116000.000000,500,OPTSTK,BFO,5.000000,20000,False
1111674,RADICO26NOV4900CE,RADICO,26NOV2026,490000.000000,150,OPTSTK,BFO,5.000000,100000000,False
1111694,SENSEX26NOV78600PE,SENSEX,26NOV2026,7860000.000000,20,OPTIDX,BFO,5.000000,1000,False
1111701,ANGELONE26NOV315PE,ANGELONE,26NOV2026,31500.000000,2500,OPTSTK,BFO,5.000000,100000000,False
1111706,MANKIND26NOV2560CE,MANKIND,26NOV2026,256000.000000,250,OPTSTK,BFO,5.000000,100000000,False
1107837,AMBUJACEM26NOV420PE,AMBUJACEM,26NOV2026,42000.000000,1200,OPTSTK,BFO,5.000000,54000,False
1107841,CUMMINSIND26NOV4900PE,CUMMINSIND,26NOV2026,490000.000000,200,OPTSTK,BFO,5.000000,18000,False
1107846,SENSEX26NOV77400PE,SENSEX,26NOV2026,7740000.000000,20,OPTIDX,BFO,5.000000,1000,False
1107867,SENSEX26O1571400CE,SENSEX,15OCT2026,7140000.000000,20,OPTIDX,BFO,5.000000,1000,False
1111739,NHPC26NOV73CE,NHPC,26NOV2026,7300.000000,6950,OPTSTK,BFO,5.000000,100000000,False
1111748,SENSEX5026NOV24800CE,SENSEX50,26NOV2026,2480000.000000,75,OPTIDX,BFO,5.000000,1800,False
1111760,SAGILITY26OCT37CE,SAGILITY,29OCT2026,3700.000000,12000,OPTSTK,BFO,5.000000,100000000,False
1101522,INDHOTEL26NOV700PE,INDHOTEL,26NOV2026,70000.000000,1000,OPTSTK,BFO,5.000000,60000,False
1101542,SENSEX5026NOV25700PE,SENSEX50,26NOV2026,2570000.000000,75,OPTIDX,BFO,5.000000,1800,False
1101543,BANKEX26NOV63100PE,BANKEX,26NOV2026,6310000.000000,30,OPTIDX,BFO,5.000000,900,False
1101594,TITAN26NOV4800CE,TITAN,26NOV2026,480000.000000,175,OPTSTK,BFO,5.000000,11250,False
1111709,PNBHOUSING26NOV1200PE,PNBHOUSING,26NOV2026,120000.000000,650,OPTSTK,BFO,5.000000,100000000,False
1107880,MUTHOOTFIN26NOV3250CE,MUTHOOTFIN,26NOV2026,325000.000000,275,OPTSTK,BFO,5.000000,22000,False
1107884,TIINDIA26NOV3100PE,TIINDIA,26NOV2026,310000.000000,200,OPTSTK,BFO,5.000000,100000000,False
1107914,SENSEX26O1580700PE,SENSEX,15OCT2026,8070000.000000,20,OPTIDX,BFO,5.000000,1000,False
1107918,SENSEX26NOV71400PE,SENSEX,26NOV2026,7140000.000000,20,OPTIDX,BFO,5.000000,1000,False
1111776,PGEL26NOV550PE,PGEL,26NOV2026,55000.000000,950,OPTSTK,BFO,5.000000,100000000,False
1111779,MAXHEALTH26NOV990CE,MAXHEALTH,26NOV2026,99000.000000,525,OPTSTK,BFO,5.000000,100000000,False
1111790,ADANIPOWER26NOV195CE,ADANIPOWER,26NOV2026,19500.000000,3550,OPTSTK,BFO,5.000000,100000000,False
1111800,LTF26NOV350PE,LTF,26NOV2026,35000.000000,2250,OPTSTK,BFO,5.000000,267720,False
1101604,SENSEX26NOV82400PE,SENSEX,26NOV2026,8240000.000000,20,OPTIDX,BFO,5.000000,1000,False
1101615,HINDALCO26NOV1040PE,HINDALCO,26NOV2026,104000.000000,700,OPTSTK,BFO,5.000000,56000,False
1101625,IRFC26NOV91PE,IRFC,26NOV2026,9100.000000,5425,OPTSTK,BFO,5.000000,100000000,False
1101642,HCLTECH26NOV1270PE,HCLTECH,26NOV2026,127000.000000,400,OPTSTK,BFO,5.000000,21000,False
1107921,MARUTI26OCT12700PE,MARUTI,29OCT2026,1270000.000000,50,OPTSTK,BFO,5.000000,3000,False
1107942,BRITANNIA26NOV5550PE,BRITANNIA,26NOV2026,555000.000000,125,OPTSTK,BFO,5.000000,6000,False
1107951,TORNTPHARM26NOV5150CE,TORNTPHARM,26NOV2026,515000.000000,125,OPTSTK,BFO,5.000000,15000,False
1107964,VOLTAS26NOV1300CE,VOLTAS,26NOV2026,130000.000000,375,OPTSTK,BFO,5.000000,30000,False
1111811,RBLBANK26NOV400PE,RBLBANK,26NOV2026,40000.000000,3175,OPTSTK,BFO,5.000000,150000,False
1111825,SENSEX26NOV83800CE,SENSEX,26NOV2026,8380000.000000,20,OPTIDX,BFO,5.000000,1000,False
1111838,MOTILALOFS26NOV1140CE,MOTILALOFS,26NOV2026,114000.000000,775,OPTSTK,BFO,5.000000,100000000,False
1111860,BANKEX26NOV60800CE,BANKEX,26NOV2026,6080000.000000,30,OPTIDX,BFO,5.000000,900,False
1107997,GODREJCP26NOV890CE,GODREJCP,26NOV2026,89000.000000,500,OPTSTK,BFO,5.000000,30000,False
1108922,SENSEX26O1583700CE,SENSEX,15OCT2026,8370000.000000,20,OPTIDX,BFO,5.000000,1000,False
1109838,KPITTECH26NOVFUT,KPITTECH,26NOV2026,0.000000,775,FUTSTK,BFO,5.000000,100000000,False
1110024,GLENMARK26NOV2380CE,GLENMARK,26NOV2026,238000.000000,375,OPTSTK,BFO,5.000000,43500,False
1101663,TATAELXSI26NOV3800CE,TATAELXSI,26NOV2026,380000.000000,125,OPTSTK,BFO,5.000000,100000000,False
1101664,ADANIPOWER26NOV245PE,ADANIPOWER,26NOV2026,24500.000000,3550,OPTSTK,BFO,5.000000,100000000,False
1101679,ICICIGI26NOV1600PE,ICICIGI,26NOV2026,160000.000000,325,OPTSTK,BFO,5.000000,20000,False
1101707,SENSEX26O1576400PE,SENSEX,15OCT2026,7640000.000000,20,OPTIDX,BFO,5.000000,1000,False
1111895,SENSEX26O1579200CE,SENSEX,15OCT2026,7920000.000000,20,OPTIDX,BFO,5.000000,1000,False
1111914,MAHABANK26OCT89CE,MAHABANK,29OCT2026,8900.000000,6500,OPTSTK,BFO,5.000000,100000000,False
1111933,PIDILITIND26NOV1680PE,PIDILITIND,26NOV2026,168000.000000,500,OPTSTK,BFO,5.000000,10000,False
1111949,INFY26NOVFUT,INFY,26NOV2026,0.000000,400,FUTSTK,BFO,5.000000,16000,False
1110261,FOCIT26NOV30500PE,FOCIT,26NOV2026,3050000.000000,45,OPTIDX,BFO,5.000000,1350,False
1110700,FEDERALBNK26NOV335PE,FEDERALBNK,26NOV2026,33500.000000,2500,OPTSTK,BFO,5.000000,200000,False
1110711,BANKEX26NOV71000CE,BANKEX,26NOV2026,7100000.000000,30,OPTIDX,BFO,5.000000,900,False
1110712,GLENMARK26SEP2600CE,GLENMARK,24SEP2026,260000.000000,375,OPTSTK,BFO,5.000000,43500,False
1101727,LUPIN26NOV2040PE,LUPIN,26NOV2026,204000.000000,425,OPTSTK,BFO,5.000000,34000,False
1101754,IREDA26NOV122.5CE,IREDA,26NOV2026,12250.000000,4525,OPTSTK,BFO,5.000000,100000000,False
1101755,SENSEX26O1572700PE,SENSEX,15OCT2026,7270000.000000,20,OPTIDX,BFO,5.000000,1000,False
1101757,SBICARD26NOV610CE,SBICARD,26NOV2026,61000.000000,800,OPTSTK,BFO,5.000000,32000,False
1110716,RADICO26NOV4800PE,RADICO,26NOV2026,480000.000000,150,OPTSTK,BFO,5.000000,100000000,False
1110735,LODHA26NOV1200PE,LODHA,26NOV2026,120000.000000,625,OPTSTK,BFO,5.000000,100000000,False
1110738,SENSEX26O1579100PE,SENSEX,15OCT2026,7910000.000000,20,OPTIDX,BFO,5.000000,1000,False
1110749,FORCEMOT26NOVFUT,FORCEMOT,26NOV2026,0.000000,25,FUTSTK,BFO,5.000000,100000000,False
1111960,VBL26NOV440PE,VBL,26NOV2026,44000.000000,1275,OPTSTK,BFO,5.000000,100000000,False
1111994,TIINDIA26NOV2650PE,TIINDIA,26NOV2026,265000.000000,200,OPTSTK,BFO,5.000000,100000000,False
1112008,INFY26NOV1180CE,INFY,26NOV2026,118000.000000,400,OPTSTK,BFO,5.000000,16000,False
1112035,PERSISTENT26NOV5200CE,PERSISTENT,26NOV2026,520000.000000,125,OPTSTK,BFO,5.000000,5250,False
1101760,PIIND26NOVFUT,PIIND,26NOV2026,0.000000,175,FUTSTK,BFO,5.000000,7500,False
1101765,MAXHEALTH26NOV950PE,MAXHEALTH,26NOV2026,95000.000000,525,OPTSTK,BFO,5.000000,100000000,False
1101779,INDIANB26NOV930PE,INDIANB,26NOV2026,93000.000000,1000,OPTSTK,BFO,5.000000,100000000,False
1101791,SENSEX26NOV79400PE,SENSEX,26NOV2026,7940000.000000,20,OPTIDX,BFO,5.000000,1000,False
1103572,CONCOR26NOV485CE,CONCOR,26NOV2026,48500.000000,1250,OPTSTK,BFO,5.000000,40000,False
1103590,TATACONSUM26NOV1100PE,TATACONSUM,26NOV2026,110000.000000,550,OPTSTK,BFO,5.000000,36000,False
1110779,TATAELXSI26NOV3500PE,TATAELXSI,26NOV2026,350000.000000,125,OPTSTK,BFO,5.000000,100000000,False
1110780,INDIGO26NOV5900CE,INDIGO,26NOV2026,590000.000000,150,OPTSTK,BFO,5.000000,12000,False
1112039,TECHM26NOV1460PE,TECHM,26NOV2026,146000.000000,600,OPTSTK,BFO,5.000000,24000,False
1112051,GMRAIRPORT26NOVFUT,GMRAIRPORT,26NOV2026,0.000000,6975,FUTSTK,BFO,5.000000,675000,False
1112084,ALKEM26NOV5350CE,ALKEM,26NOV2026,535000.000000,125,OPTSTK,BFO,5.000000,8000,False
1112093,ANGELONE26NOV285CE,ANGELONE,26NOV2026,28500.000000,2500,OPTSTK,BFO,5.000000,100000000,False
1103605,BDL26NOV1240PE,BDL,26NOV2026,124000.000000,425,OPTSTK,BFO,5.000000,100000000,False
1103628,VEDL26NOV245CE,VEDL,26NOV2026,24500.000000,1150,OPTSTK,BFO,5.000000,80000,False
1103639,SUZLON26NOV45CE,SUZLON,26NOV2026,4500.000000,12700,OPTSTK,BFO,5.000000,100000000,False
1103652,KAYNES26NOV4000PE,KAYNES,26NOV2026,400000.000000,150,OPTSTK,BFO,5.000000,100000000,False
1112098,FORCEMOT26NOV18500PE,FORCEMOT,26NOV2026,1850000.000000,25,OPTSTK,BFO,5.000000,100000000,False
1112103,BANKBARODA26NOV215CE,BANKBARODA,26NOV2026,21500.000000,2925,OPTSTK,BFO,5.000000,175500,False
1112110,SIEMENS26NOV3800PE,SIEMENS,26NOV2026,380000.000000,175,OPTSTK,BFO,5.000000,8250,False
1112126,SENSEX26NOV71800PE,SENSEX,26NOV2026,7180000.000000,20,OPTIDX,BFO,5.000000,1000,False
1101839,DIXON26NOV14750CE,DIXON,26NOV2026,1475000.000000,50,OPTSTK,BFO,5.000000,6000,False
1101798,MAHABANK26NOV89PE,MAHABANK,26NOV2026,8900.000000,6500,OPTSTK,BFO,5.000000,100000000,False
1101804,AUROPHARMA26NOV1740CE,AUROPHARMA,26NOV2026,174000.000000,550,OPTSTK,BFO,5.000000,44000,False
1101835,VEDL26NOV275PE,VEDL,26NOV2026,27500.000000,1150,OPTSTK,BFO,5.000000,80000,False
1103671,ANGELONE26NOV305CE,ANGELONE,26NOV2026,30500.000000,2500,OPTSTK,BFO,5.000000,100000000,False
1103676,HINDZINC26NOV560PE,HINDZINC,26NOV2026,56000.000000,1225,OPTSTK,BFO,5.000000,100000000,False
1103680,SENSEX26NOV77500PE,SENSEX,26NOV2026,7750000.000000,20,OPTIDX,BFO,5.000000,1000,False
1103693,KFINTECH26NOV980CE,KFINTECH,26NOV2026,98000.000000,575,OPTSTK,BFO,5.000000,100000000,False
1112150,SENSEX26NOV78500CE,SENSEX,26NOV2026,7850000.000000,20,OPTIDX,BFO,5.000000,1000,False
1112167,FOCIT26NOV29900CE,FOCIT,26NOV2026,2990000.000000,45,OPTIDX,BFO,5.000000,1350,False
1112194,PETRONET26NOV275CE,PETRONET,26NOV2026,27500.000000,1900,OPTSTK,BFO,5.000000,120000,False
1112251,WAAREEENER26NOV2500CE,WAAREEENER,26NOV2026,250000.000000,175,OPTSTK,BFO,5.000000,100000000,False
1101840,KEI26NOV6200PE,KEI,26NOV2026,620000.000000,175,OPTSTK,BFO,5.000000,100000000,False
1101894,JSWENERGY26NOV500CE,JSWENERGY,26NOV2026,50000.000000,1075,OPTSTK,BFO,5.000000,100000000,False
1101896,SAGILITY26OCT40CE,SAGILITY,29OCT2026,4000.000000,12000,OPTSTK,BFO,5.000000,100000000,False
1101901,PAYTM26NOV1700CE,PAYTM,26NOV2026,170000.000000,725,OPTSTK,BFO,5.000000,100000000,False
1103727,BANKEX26NOV69400CE,BANKEX,26NOV2026,6940000.000000,30,OPTIDX,BFO,5.000000,900,False
1103738,MUTHOOTFIN26NOV3350CE,MUTHOOTFIN,26NOV2026,335000.000000,275,OPTSTK,BFO,5.000000,22000,False
1103752,LAURUSLABS26NOV2040CE,LAURUSLABS,26NOV2026,204000.000000,850,OPTSTK,BFO,5.000000,68000,False
1103813,ICICIGI26NOV1740CE,ICICIGI,26NOV2026,174000.000000,325,OPTSTK,BFO,5.000000,20000,False
1112254,MAHABANK26SEP83PE,MAHABANK,24SEP2026,8300.000000,6500,OPTSTK,BFO,5.000000,100000000,False
1112259,BANKINDIA26NOV135PE,BANKINDIA,26NOV2026,13500.000000,5200,OPTSTK,BFO,5.000000,100000000,False
1112271,ATHERENERG26NOV1500PE,ATHERENERG,26NOV2026,150000.000000,375,OPTSTK,BFO,5.000000,100000000,False
1112322,NTPC26NOV340PE,NTPC,26NOV2026,34000.000000,1500,OPTSTK,BFO,5.000000,150000,False
1103845,VEDL26NOV310PE,VEDL,26NOV2026,31000.000000,1150,OPTSTK,BFO,5.000000,80000,False
1103879,360ONE26NOV1260CE,,26NOV2026,126000.000000,500,OPTSTK,BFO,5.000000,100000000,False
1103897,BANKEX26NOV65700CE,BANKEX,26NOV2026,6570000.000000,30,OPTIDX,BFO,5.000000,900,False
1103903,BLUESTARCO26NOV1520PE,BLUESTARCO,26NOV2026,152000.000000,325,OPTSTK,BFO,5.000000,100000000,False
1101906,ALKEM26NOV5550CE,ALKEM,26NOV2026,555000.000000,125,OPTSTK,BFO,5.000000,8000,False
1101927,GLENMARK26NOV2400CE,GLENMARK,26NOV2026,240000.000000,375,OPTSTK,BFO,5.000000,43500,False
1101963,360ONE26NOV1100PE,,26NOV2026,110000.000000,500,OPTSTK,BFO,5.000000,100000000,False
1101965,LAURUSLABS26NOV1920CE,LAURUSLABS,26NOV2026,192000.000000,850,OPTSTK,BFO,5.000000,68000,False
1112329,LUPIN26NOV2300CE,LUPIN,26NOV2026,230000.000000,425,OPTSTK,BFO,5.000000,34000,False
1112343,FOCIT26NOV39900CE,FOCIT,26NOV2026,3990000.000000,45,OPTIDX,BFO,5.000000,1350,False
1112372,LTM26NOV4250CE,LTM,26NOV2026,425000.000000,150,OPTSTK,BFO,5.000000,4500,False
1112420,PGEL26NOV590CE,PGEL,26NOV2026,59000.000000,950,OPTSTK,BFO,5.000000,100000000,False
1101974,MPHASIS26NOV2400PE,MPHASIS,26NOV2026,240000.000000,275,OPTSTK,BFO,5.000000,11000,False
1101979,PNB26NOV112CE,PNB,26NOV2026,11200.000000,8000,OPTSTK,BFO,5.000000,480000,False
1101984,PETRONET26NOV290CE,PETRONET,26NOV2026,29000.000000,1900,OPTSTK,BFO,5.000000,120000,False
1101992,OBEROIRLTY26NOV1760CE,OBEROIRLTY,26NOV2026,176000.000000,350,OPTSTK,BFO,5.000000,28000,False
1103949,FOCIT26NOV36600PE,FOCIT,26NOV2026,3660000.000000,45,OPTIDX,BFO,5.000000,1350,False
1103958,ATHERENERG26SEP1600PE,ATHERENERG,24SEP2026,160000.000000,375,OPTSTK,BFO,5.000000,100000000,False
1104035,HINDUNILVR26NOV2000PE,HINDUNILVR,26NOV2026,200000.000000,300,OPTSTK,BFO,5.000000,9000,False
1104086,JUBLFOOD26NOV485PE,JUBLFOOD,26NOV2026,48500.000000,1250,OPTSTK,BFO,5.000000,50000,False
1112421,AMBER26NOV7500PE,AMBER,26NOV2026,750000.000000,100,OPTSTK,BFO,5.000000,100000000,False
1112428,INDIANB26NOV880PE,INDIANB,26NOV2026,88000.000000,1000,OPTSTK,BFO,5.000000,100000000,False
1112445,LODHA26NOV1280PE,LODHA,26NOV2026,128000.000000,625,OPTSTK,BFO,5.000000,100000000,False
1112461,FOCIT26NOV40900PE,FOCIT,26NOV2026,4090000.000000,45,OPTIDX,BFO,5.000000,1350,False
1104116,APLAPOLLO26NOV2240CE,APLAPOLLO,26NOV2026,224000.000000,350,OPTSTK,BFO,5.000000,100000000,False
1104173,SENSEX26O1578100CE,SENSEX,15OCT2026,7810000.000000,20,OPTIDX,BFO,5.000000,1000,False
1104190,DELHIVERY26NOV460CE,DELHIVERY,26NOV2026,46000.000000,2075,OPTSTK,BFO,5.000000,100000000,False
1104209,TIINDIA26NOV3100CE,TIINDIA,26NOV2026,310000.000000,200,OPTSTK,BFO,5.000000,100000000,False
1102011,PAYTM26NOV1620PE,PAYTM,26NOV2026,162000.000000,725,OPTSTK,BFO,5.000000,100000000,False
1102017,ETERNAL26NOV335PE,ETERNAL,26NOV2026,33500.000000,2425,OPTSTK,BFO,5.000000,100000000,False
1102040,BANKINDIA26NOV155CE,BANKINDIA,26NOV2026,15500.000000,5200,OPTSTK,BFO,5.000000,100000000,False
1102041,JSWENERGY26NOVFUT,JSWENERGY,26NOV2026,0.000000,1075,FUTSTK,BFO,5.000000,100000000,False
1112475,ONGC26NOV215CE,ONGC,26NOV2026,21500.000000,2250,OPTSTK,BFO,5.000000,154000,False
1112485,LUPIN26NOV2060PE,LUPIN,26NOV2026,206000.000000,425,OPTSTK,BFO,5.000000,34000,False
1112490,NYKAA26NOV320CE,NYKAA,26NOV2026,32000.000000,3125,OPTSTK,BFO,5.000000,100000000,False
1112508,MUTHOOTFIN26NOV3300PE,MUTHOOTFIN,26NOV2026,330000.000000,275,OPTSTK,BFO,5.000000,22000,False
1104214,VBL26NOV430CE,VBL,26NOV2026,43000.000000,1275,OPTSTK,BFO,5.000000,100000000,False
1104232,CAMS26NOV700CE,CAMS,26NOV2026,70000.000000,825,OPTSTK,BFO,5.000000,100000000,False
1104238,RECLTD26NOV340PE,RECLTD,26NOV2026,34000.000000,1575,OPTSTK,BFO,5.000000,160000,False
1104249,BRITANNIA26NOV5550CE,BRITANNIA,26NOV2026,555000.000000,125,OPTSTK,BFO,5.000000,6000,False
1104263,LICHSGFIN26NOV530PE,LICHSGFIN,26NOV2026,53000.000000,1000,OPTSTK,BFO,5.000000,60000,False
1104275,BOSCHLTD26NOV48000PE,BOSCHLTD,26NOV2026,4800000.000000,25,OPTSTK,BFO,5.000000,1500,False
1104302,SAGILITY26NOV42CE,SAGILITY,26NOV2026,4200.000000,12000,OPTSTK,BFO,5.000000,100000000,False
1104311,HCLTECH26NOV1220PE,HCLTECH,26NOV2026,122000.000000,400,OPTSTK,BFO,5.000000,21000,False
1112595,INDHOTEL26NOV690CE,INDHOTEL,26NOV2026,69000.000000,1000,OPTSTK,BFO,5.000000,60000,False
1102046,INDUSTOWER26NOV370PE,INDUSTOWER,26NOV2026,37000.000000,1700,OPTSTK,BFO,5.000000,170000,False
1102076,TECHM26NOV1720CE,TECHM,26NOV2026,172000.000000,600,OPTSTK,BFO,5.000000,24000,False
1102095,ABCAPITAL26NOV430PE,ABCAPITAL,26NOV2026,43000.000000,3100,OPTSTK,BFO,5.000000,162000,False
1102126,PNBHOUSING26NOV1120CE,PNBHOUSING,26NOV2026,112000.000000,650,OPTSTK,BFO,5.000000,100000000,False
1112515,SWIGGY26NOV255PE,SWIGGY,26NOV2026,25500.000000,1825,OPTSTK,BFO,5.000000,100000000,False
1112545,DLF26NOV620CE,DLF,26NOV2026,62000.000000,950,OPTSTK,BFO,5.000000,49500,False
1112558,JSWSTEEL26NOV1480PE,JSWSTEEL,26NOV2026,148000.000000,675,OPTSTK,BFO,5.000000,40500,False
1104320,SUPREMEIND26NOV3350CE,SUPREMEIND,26NOV2026,335000.000000,175,OPTSTK,BFO,5.000000,100000000,False
1104354,MARUTI26NOV13800PE,MARUTI,26NOV2026,1380000.000000,50,OPTSTK,BFO,5.000000,3000,False
1104362,PAGEIND26NOV32500PE,PAGEIND,26NOV2026,3250000.000000,20,OPTSTK,BFO,5.000000,600,False
1104378,NMDC26NOV92PE,NMDC,26NOV2026,9200.000000,6750,OPTSTK,BFO,5.000000,225000,False
1112598,GAIL26NOV170CE,GAIL,26NOV2026,17000.000000,3550,OPTSTK,BFO,5.000000,274500,False
1112603,UPL26NOV640PE,UPL,26NOV2026,64000.000000,1355,OPTSTK,BFO,5.000000,39000,False
1112642,ADANIGREEN26NOV1380PE,ADANIGREEN,26NOV2026,138000.000000,600,OPTSTK,BFO,5.000000,100000000,False
1112661,KEI26NOV5600PE,KEI,26NOV2026,560000.000000,175,OPTSTK,BFO,5.000000,100000000,False
1102127,SRF26NOV2600PE,SRF,26NOV2026,260000.000000,200,OPTSTK,BFO,5.000000,11250,False
1102130,RELIANCE26NOV1290CE,RELIANCE,26NOV2026,129000.000000,500,OPTSTK,BFO,5.000000,10000,False
1102161,LT26NOV4000PE,LT,26NOV2026,400000.000000,175,OPTSTK,BFO,5.000000,12000,False
1102171,MARUTI26NOV13400PE,MARUTI,26NOV2026,1340000.000000,50,OPTSTK,BFO,5.000000,3000,False
1104381,BRITANNIA26NOVFUT,BRITANNIA,26NOV2026,0.000000,125,FUTSTK,BFO,5.000000,6000,False
1104411,MAHABANK26NOV81PE,MAHABANK,26NOV2026,8100.000000,6500,OPTSTK,BFO,5.000000,100000000,False
1104419,BANKEX26NOV67400PE,BANKEX,26NOV2026,6740000.000000,30,OPTIDX,BFO,5.000000,900,False
1104426,VOLTAS26NOV1220CE,VOLTAS,26NOV2026,122000.000000,375,OPTSTK,BFO,5.000000,30000,False
1112669,SENSEX26NOV70500PE,SENSEX,26NOV2026,7050000.000000,20,OPTIDX,BFO,5.000000,1000,False
1112732,ALKEM26NOV4950CE,ALKEM,26NOV2026,495000.000000,125,OPTSTK,BFO,5.000000,8000,False
1112733,ABCAPITAL26NOV380PE,ABCAPITAL,26NOV2026,38000.000000,3100,OPTSTK,BFO,5.000000,162000,False
1112734,SBIN26NOV1080PE,SBIN,26NOV2026,108000.000000,750,OPTSTK,BFO,5.000000,45000,False
1104452,VEDL26NOV315PE,VEDL,26NOV2026,31500.000000,1150,OPTSTK,BFO,5.000000,80000,False
1104487,SBILIFE26NOV1720CE,SBILIFE,26NOV2026,172000.000000,375,OPTSTK,BFO,5.000000,22500,False
1104500,IEX26NOV132.5PE,IEX,26NOV2026,13250.000000,4350,OPTSTK,BFO,5.000000,150000,False
1104503,MANKIND26NOV2460CE,MANKIND,26NOV2026,246000.000000,250,OPTSTK,BFO,5.000000,100000000,False
1102180,SIEMENS26NOV3900CE,SIEMENS,26NOV2026,390000.000000,175,OPTSTK,BFO,5.000000,8250,False
1102206,ADANIGREEN26NOV1180PE,ADANIGREEN,26NOV2026,118000.000000,600,OPTSTK,BFO,5.000000,100000000,False
1102207,SENSEX26O1574900CE,SENSEX,15OCT2026,7490000.000000,20,OPTIDX,BFO,5.000000,1000,False
1102229,BANKEX26NOV69300PE,BANKEX,26NOV2026,6930000.000000,30,OPTIDX,BFO,5.000000,900,False
1112756,SAGILITY26NOV45PE,SAGILITY,26NOV2026,4500.000000,12000,OPTSTK,BFO,5.000000,100000000,False
1112759,ABCAPITAL26NOV385CE,ABCAPITAL,26NOV2026,38500.000000,3100,OPTSTK,BFO,5.000000,162000,False
1112762,SUZLON26NOV49CE,SUZLON,26NOV2026,4900.000000,12700,OPTSTK,BFO,5.000000,100000000,False
1112763,FOCIT26NOV37900PE,FOCIT,26NOV2026,3790000.000000,45,OPTIDX,BFO,5.000000,1350,False
1104507,JSWENERGY26NOV580PE,JSWENERGY,26NOV2026,58000.000000,1075,OPTSTK,BFO,5.000000,100000000,False
1104534,PHOENIXLTD26NOV2000PE,PHOENIXLTD,26NOV2026,200000.000000,350,OPTSTK,BFO,5.000000,100000000,False
1104540,MARUTI26OCT12700CE,MARUTI,29OCT2026,1270000.000000,50,OPTSTK,BFO,5.000000,3000,False
1104567,AUROPHARMA26NOV1540PE,AUROPHARMA,26NOV2026,154000.000000,550,OPTSTK,BFO,5.000000,44000,False
1112767,WIPRO26NOV165PE,WIPRO,26NOV2026,16500.000000,3000,OPTSTK,BFO,5.000000,60000,False
1112772,LUPIN26SEP2020CE,LUPIN,24SEP2026,202000.000000,425,OPTSTK,BFO,5.000000,34000,False
1112776,OBEROIRLTY26NOV1940CE,OBEROIRLTY,26NOV2026,194000.000000,350,OPTSTK,BFO,5.000000,28000,False
1112812,CHOLAFIN26NOV2020PE,CHOLAFIN,26NOV2026,202000.000000,625,OPTSTK,BFO,5.000000,25000,False
1102235,AUBANK26NOV1100PE,AUBANK,26NOV2026,110000.000000,1000,OPTSTK,BFO,5.000000,30000,False
1102249,SUPREMEIND26NOV3850CE,SUPREMEIND,26NOV2026,385000.000000,175,OPTSTK,BFO,5.000000,100000000,False
1102282,TATAPOWER26NOV350CE,TATAPOWER,26NOV2026,35000.000000,1450,OPTSTK,BFO,5.000000,101250,False
1102334,BANKEX26NOV63300PE,BANKEX,26NOV2026,6330000.000000,30,OPTIDX,BFO,5.000000,900,False
1104581,MOTHERSON26NOV150PE,MOTHERSON,26NOV2026,15000.000000,6150,OPTSTK,BFO,5.000000,284000,False
1104586,SBILIFE26NOV1800PE,SBILIFE,26NOV2026,180000.000000,375,OPTSTK,BFO,5.000000,22500,False
1104598,HDFCAMC26NOV2600PE,HDFCAMC,26NOV2026,260000.000000,300,OPTSTK,BFO,5.000000,12000,False
1104626,FOCIT26NOV36500CE,FOCIT,26NOV2026,3650000.000000,45,OPTIDX,BFO,5.000000,1350,False
1112822,BHEL26NOV465PE,BHEL,26NOV2026,46500.000000,2625,OPTSTK,BFO,5.000000,315000,False
1112879,SAIL26NOV180CE,SAIL,26NOV2026,18000.000000,4700,OPTSTK,BFO,5.000000,320000,False
1112880,NESTLEIND26NOV1500CE,NESTLEIND,26NOV2026,150000.000000,500,OPTSTK,BFO,5.000000,1200,False
1112881,SBICARD26NOV630PE,SBICARD,26NOV2026,63000.000000,800,OPTSTK,BFO,5.000000,32000,False
1102342,TATASTEEL26NOVFUT,TATASTEEL,26NOV2026,0.000000,2750,FUTSTK,BFO,5.000000,220000,False
1102349,FEDERALBNK26NOV300CE,FEDERALBNK,26NOV2026,30000.000000,2500,OPTSTK,BFO,5.000000,200000,False
1102363,SENSEX26NOV71000CE,SENSEX,26NOV2026,7100000.000000,20,OPTIDX,BFO,5.000000,1000,False
1102364,IDEA26NOV22PE,IDEA,26NOV2026,2200.000000,71475,OPTSTK,BFO,5.000000,2400000,False
1104634,FOCIT26NOV38800CE,FOCIT,26NOV2026,3880000.000000,45,OPTIDX,BFO,5.000000,1350,False
1104639,COCHINSHIP26NOV1680PE,COCHINSHIP,26NOV2026,168000.000000,400,OPTSTK,BFO,5.000000,100000000,False
1104652,ZYDUSLIFE26NOV1170PE,ZYDUSLIFE,26NOV2026,117000.000000,900,OPTSTK,BFO,5.000000,54000,False
1104660,JSWSTEEL26NOV1400CE,JSWSTEEL,26NOV2026,140000.000000,675,OPTSTK,BFO,5.000000,40500,False
1102369,SENSEX26O1582600CE,SENSEX,15OCT2026,8260000.000000,20,OPTIDX,BFO,5.000000,1000,False
1102391,PETRONET26NOV295CE,PETRONET,26NOV2026,29500.000000,1900,OPTSTK,BFO,5.000000,120000,False
1102403,PHOENIXLTD26NOV1800CE,PHOENIXLTD,26NOV2026,180000.000000,350,OPTSTK,BFO,5.000000,100000000,False
1102440,BANKINDIA26NOV155PE,BANKINDIA,26NOV2026,15500.000000,5200,OPTSTK,BFO,5.000000,100000000,False
1112893,HAL26NOV4950PE,HAL,26NOV2026,495000.000000,150,OPTSTK,BFO,5.000000,9000,False
1112915,JINDALSTEL26NOV1280PE,JINDALSTEL,26NOV2026,128000.000000,625,OPTSTK,BFO,5.000000,37500,False
1112921,HINDUNILVR26NOV1900PE,HINDUNILVR,26NOV2026,190000.000000,300,OPTSTK,BFO,5.000000,9000,False
1112987,HEROMOTOCO26NOV5600CE,HEROMOTOCO,26NOV2026,560000.000000,150,OPTSTK,BFO,5.000000,9000,False
1104662,ADANIENSOL26NOV1740CE,ADANIENSOL,26NOV2026,174000.000000,675,OPTSTK,BFO,5.000000,100000000,False
1104768,PHOENIXLTD26NOV1960PE,PHOENIXLTD,26NOV2026,196000.000000,350,OPTSTK,BFO,5.000000,100000000,False
1104780,POWERINDIA26NOV35500PE,POWERINDIA,26NOV2026,3550000.000000,25,OPTSTK,BFO,5.000000,100000000,False
1104844,COALINDIA26NOV430CE,COALINDIA,26NOV2026,43000.000000,1350,OPTSTK,BFO,5.000000,126000,False
1113031,TECHM26NOV1660PE,TECHM,26NOV2026,166000.000000,600,OPTSTK,BFO,5.000000,24000,False
1113040,MAHABANK26SEP80CE,MAHABANK,24SEP2026,8000.000000,6500,OPTSTK,BFO,5.000000,100000000,False
1113052,ONGC26NOV250CE,ONGC,26NOV2026,25000.000000,2250,OPTSTK,BFO,5.000000,154000,False
1113063,SOLARINDS26NOV21000PE,SOLARINDS,26NOV2026,2100000.000000,50,OPTSTK,BFO,5.000000,100000000,False
1102445,ICICIGI26NOV1720CE,ICICIGI,26NOV2026,172000.000000,325,OPTSTK,BFO,5.000000,20000,False
1102454,POWERGRID26NOV260CE,POWERGRID,26NOV2026,26000.000000,1900,OPTSTK,BFO,5.000000,108000,False
1102458,ATHERENERG26NOV1520PE,ATHERENERG,26NOV2026,152000.000000,375,OPTSTK,BFO,5.000000,100000000,False
1102478,MCX26NOV3550PE,MCX,26NOV2026,355000.000000,225,OPTSTK,BFO,5.000000,16000,False
1104857,AUROPHARMA26NOV1600CE,AUROPHARMA,26NOV2026,160000.000000,550,OPTSTK,BFO,5.000000,44000,False
1104877,NMDC26NOV93CE,NMDC,26NOV2026,9300.000000,6750,OPTSTK,BFO,5.000000,225000,False
1104878,KEI26NOV5200CE,KEI,26NOV2026,520000.000000,175,OPTSTK,BFO,5.000000,100000000,False
1104881,MARICO26NOV910PE,MARICO,26NOV2026,91000.000000,1200,OPTSTK,BFO,5.000000,48000,False
1113072,PNBHOUSING26NOV1060PE,PNBHOUSING,26NOV2026,106000.000000,650,OPTSTK,BFO,5.000000,100000000,False
1113152,ONGC26NOV227.5PE,ONGC,26NOV2026,22750.000000,2250,OPTSTK,BFO,5.000000,154000,False
1113155,TATAPOWER26OCT325PE,TATAPOWER,29OCT2026,32500.000000,1450,OPTSTK,BFO,5.000000,101250,False
1113158,LTM26NOV4700CE,LTM,26NOV2026,470000.000000,150,OPTSTK,BFO,5.000000,4500,False
1104934,BDL26NOV1280PE,BDL,26NOV2026,128000.000000,425,OPTSTK,BFO,5.000000,100000000,False
1104935,RELIANCE26NOV1250PE,RELIANCE,26NOV2026,125000.000000,500,OPTSTK,BFO,5.000000,10000,False
1104973,BANKEX26NOV65000CE,BANKEX,26NOV2026,6500000.000000,30,OPTIDX,BFO,5.000000,900,False
1104986,KOTAKBANK26NOV430CE,KOTAKBANK,26NOV2026,43000.000000,2000,OPTSTK,BFO,5.000000,12000,False
1102487,SENSEX26O1578000PE,SENSEX,15OCT2026,7800000.000000,20,OPTIDX,BFO,5.000000,1000,False
1102526,GAIL26NOV187.5PE,GAIL,26NOV2026,18750.000000,3550,OPTSTK,BFO,5.000000,274500,False
1102551,COALINDIA26NOV390PE,COALINDIA,26NOV2026,39000.000000,1350,OPTSTK,BFO,5.000000,126000,False
1102562,INDHOTEL26NOV650PE,INDHOTEL,26NOV2026,65000.000000,1000,OPTSTK,BFO,5.000000,60000,False
1113162,SENSEX26NOV74100CE,SENSEX,26NOV2026,7410000.000000,20,OPTIDX,BFO,5.000000,1000,False
1113174,TATASTEEL26NOV190CE,TATASTEEL,26NOV2026,19000.000000,2750,OPTSTK,BFO,5.000000,220000,False
1113179,LICHSGFIN26NOV530CE,LICHSGFIN,26NOV2026,53000.000000,1000,OPTSTK,BFO,5.000000,60000,False
1113180,HEROMOTOCO26NOV4900PE,HEROMOTOCO,26NOV2026,490000.000000,150,OPTSTK,BFO,5.000000,9000,False
1104987,MAXHEALTH26NOV1040PE,MAXHEALTH,26NOV2026,104000.000000,525,OPTSTK,BFO,5.000000,100000000,False
1104991,RELIANCE26NOV1240CE,RELIANCE,26NOV2026,124000.000000,500,OPTSTK,BFO,5.000000,10000,False
1104994,DELHIVERY26NOV440PE,DELHIVERY,26NOV2026,44000.000000,2075,OPTSTK,BFO,5.000000,100000000,False
1105005,MOTHERSON26NOV155PE,MOTHERSON,26NOV2026,15500.000000,6150,OPTSTK,BFO,5.000000,284000,False
1113193,SENSEX26NOV81100PE,SENSEX,26NOV2026,8110000.000000,20,OPTIDX,BFO,5.000000,1000,False
1113213,TATAELXSI26NOV3950CE,TATAELXSI,26NOV2026,395000.000000,125,OPTSTK,BFO,5.000000,100000000,False
1113221,FOCIT26NOV30200PE,FOCIT,26NOV2026,3020000.000000,45,OPTIDX,BFO,5.000000,1350,False
1113227,BANKEX26NOV60400PE,BANKEX,26NOV2026,6040000.000000,30,OPTIDX,BFO,5.000000,900,False
1105025,RVNL26NOV220PE,RVNL,26NOV2026,22000.000000,1925,OPTSTK,BFO,5.000000,100000000,False
1105028,IEX26NOV105PE,IEX,26NOV2026,10500.000000,4350,OPTSTK,BFO,5.000000,150000,False
1105068,EICHERMOT26NOV8800CE,EICHERMOT,26NOV2026,880000.000000,100,OPTSTK,BFO,5.000000,7000,False
1105069,FOCIT26NOV34500PE,FOCIT,26NOV2026,3450000.000000,45,OPTIDX,BFO,5.000000,1350,False
1102567,DELHIVERY26NOV495PE,DELHIVERY,26NOV2026,49500.000000,2075,OPTSTK,BFO,5.000000,100000000,False
1102609,SENSEX26O1578900PE,SENSEX,15OCT2026,7890000.000000,20,OPTIDX,BFO,5.000000,1000,False
1102612,LTF26NOV285PE,LTF,26NOV2026,28500.000000,2250,OPTSTK,BFO,5.000000,267720,False
1102636,DRREDDY26NOV1120CE,DRREDDY,26NOV2026,112000.000000,625,OPTSTK,BFO,5.000000,5000,False
1113236,BOSCHLTD26NOV51000PE,BOSCHLTD,26NOV2026,5100000.000000,25,OPTSTK,BFO,5.000000,1500,False
1113243,SENSEX26NOV72700CE,SENSEX,26NOV2026,7270000.000000,20,OPTIDX,BFO,5.000000,1000,False
1113246,WAAREEENER26NOV2700CE,WAAREEENER,26NOV2026,270000.000000,175,OPTSTK,BFO,5.000000,100000000,False
1113264,ATHERENERG26NOV1540PE,ATHERENERG,26NOV2026,154000.000000,375,OPTSTK,BFO,5.000000,100000000,False
1105099,ASIANPAINT26NOV2520PE,ASIANPAINT,26NOV2026,252000.000000,250,OPTSTK,BFO,5.000000,8000,False
1105108,SAIL26NOV205CE,SAIL,26NOV2026,20500.000000,4700,OPTSTK,BFO,5.000000,320000,False
1105129,FOCIT26NOV30800PE,FOCIT,26NOV2026,3080000.000000,45,OPTIDX,BFO,5.000000,1350,False
1105142,LUPIN26NOV2200CE,LUPIN,26NOV2026,220000.000000,425,OPTSTK,BFO,5.000000,34000,False
1102646,ULTRACEMCO26NOVFUT,ULTRACEMCO,26NOV2026,0.000000,50,FUTSTK,BFO,5.000000,3000,False
1102675,SENSEX26O1570600PE,SENSEX,15OCT2026,7060000.000000,20,OPTIDX,BFO,5.000000,1000,False
1102708,SENSEX26O1582000PE,SENSEX,15OCT2026,8200000.000000,20,OPTIDX,BFO,5.000000,1000,False
1102719,MAXHEALTH26NOV990PE,MAXHEALTH,26NOV2026,99000.000000,525,OPTSTK,BFO,5.000000,100000000,False
1113267,NMDC26NOV92CE,NMDC,26NOV2026,9200.000000,6750,OPTSTK,BFO,5.000000,225000,False
1113268,SHREECEM26NOV24000CE,SHREECEM,26NOV2026,2400000.000000,25,OPTSTK,BFO,5.000000,1000,False
1113304,HDFCBANK26NOV670CE,HDFCBANK,26NOV2026,67000.000000,650,OPTSTK,BFO,5.000000,16500,False
1113335,AMBER26NOV7700PE,AMBER,26NOV2026,770000.000000,100,OPTSTK,BFO,5.000000,100000000,False
1105162,APLAPOLLO26NOV2280CE,APLAPOLLO,26NOV2026,228000.000000,350,OPTSTK,BFO,5.000000,100000000,False
1105204,LTF26NOV325PE,LTF,26NOV2026,32500.000000,2250,OPTSTK,BFO,5.000000,267720,False
1105241,PRESTIGE26NOV1700PE,PRESTIGE,26NOV2026,170000.000000,450,OPTSTK,BFO,5.000000,100000000,False
1105270,BLUESTARCO26NOV1620CE,BLUESTARCO,26NOV2026,162000.000000,325,OPTSTK,BFO,5.000000,100000000,False
1113340,ICICIGI26NOV1660PE,ICICIGI,26NOV2026,166000.000000,325,OPTSTK,BFO,5.000000,20000,False
1113348,PREMIERENE26NOV1020PE,PREMIERENE,26NOV2026,102000.000000,650,OPTSTK,BFO,5.000000,100000000,False
1113353,RADICO26NOV4250PE,RADICO,26NOV2026,425000.000000,150,OPTSTK,BFO,5.000000,100000000,False
1113367,KFINTECH26NOV1080CE,KFINTECH,26NOV2026,108000.000000,575,OPTSTK,BFO,5.000000,100000000,False
1102730,CUMMINSIND26NOV4800PE,CUMMINSIND,26NOV2026,480000.000000,200,OPTSTK,BFO,5.000000,18000,False
1102737,JSWENERGY26NOV470CE,JSWENERGY,26NOV2026,47000.000000,1075,OPTSTK,BFO,5.000000,100000000,False
1102748,SENSEX26NOV79600PE,SENSEX,26NOV2026,7960000.000000,20,OPTIDX,BFO,5.000000,1000,False
1102759,PNB26NOV105CE,PNB,26NOV2026,10500.000000,8000,OPTSTK,BFO,5.000000,480000,False
1105272,NHPC26NOV74PE,NHPC,26NOV2026,7400.000000,6950,OPTSTK,BFO,5.000000,100000000,False
1105296,BANKEX26NOV58300CE,BANKEX,26NOV2026,5830000.000000,30,OPTIDX,BFO,5.000000,900,False
1105299,SENSEX26O1570900CE,SENSEX,15OCT2026,7090000.000000,20,OPTIDX,BFO,5.000000,1000,False
1105321,SHRIRAMFIN26NOV960CE,SHRIRAMFIN,26NOV2026,96000.000000,825,OPTSTK,BFO,5.000000,18000,False
1113377,ALKEM26NOV5200PE,ALKEM,26NOV2026,520000.000000,125,OPTSTK,BFO,5.000000,8000,False
1113396,BAJFINANCE26NOV1110CE,BAJFINANCE,26NOV2026,111000.000000,750,OPTSTK,BFO,5.000000,3750,False
1113418,TATAPOWER26NOV375CE,TATAPOWER,26NOV2026,37500.000000,1450,OPTSTK,BFO,5.000000,101250,False
1113435,TATASTEEL26NOV195CE,TATASTEEL,26NOV2026,19500.000000,2750,OPTSTK,BFO,5.000000,220000,False
1105343,SENSEX26SEP85000CE,SENSEX,24SEP2026,8500000.000000,20,OPTIDX,BFO,5.000000,1000,False
1105356,OBEROIRLTY26NOVFUT,OBEROIRLTY,26NOV2026,0.000000,350,FUTSTK,BFO,5.000000,28000,False
1105372,HINDUNILVR26OCT1860CE,HINDUNILVR,29OCT2026,186000.000000,300,OPTSTK,BFO,5.000000,9000,False
1105426,SENSEX26NOV71600CE,SENSEX,26NOV2026,7160000.000000,20,OPTIDX,BFO,5.000000,1000,False
1102776,APOLLOHOSP26NOV9200PE,APOLLOHOSP,26NOV2026,920000.000000,125,OPTSTK,BFO,5.000000,5000,False
1102790,IREDA26NOV130CE,IREDA,26NOV2026,13000.000000,4525,OPTSTK,BFO,5.000000,100000000,False
1102819,CIPLA26NOVFUT,CIPLA,26NOV2026,0.000000,425,FUTSTK,BFO,5.000000,26000,False
1102836,SENSEX26NOV75900PE,SENSEX,26NOV2026,7590000.000000,20,OPTIDX,BFO,5.000000,1000,False
1113436,JSWENERGY26NOV490CE,JSWENERGY,26NOV2026,49000.000000,1075,OPTSTK,BFO,5.000000,100000000,False
1113451,INDUSINDBK26NOV1000PE,INDUSINDBK,26NOV2026,100000.000000,700,OPTSTK,BFO,5.000000,20000,False
1113452,SENSEX26NOV74400PE,SENSEX,26NOV2026,7440000.000000,20,OPTIDX,BFO,5.000000,1000,False
1113463,BOSCHLTD26NOV45500CE,BOSCHLTD,26NOV2026,4550000.000000,25,OPTSTK,BFO,5.000000,1500,False
1105448,LT26NOV4350PE,LT,26NOV2026,435000.000000,175,OPTSTK,BFO,5.000000,12000,False
1105453,MAXHEALTH26NOV940PE,MAXHEALTH,26NOV2026,94000.000000,525,OPTSTK,BFO,5.000000,100000000,False
1105487,ICICIGI26NOV1500PE,ICICIGI,26NOV2026,150000.000000,325,OPTSTK,BFO,5.000000,20000,False
1105499,M&M26NOV3650CE,M&M,26NOV2026,365000.000000,200,OPTSTK,BFO,5.000000,21000,False
1102841,POWERGRID26NOV260PE,POWERGRID,26NOV2026,26000.000000,1900,OPTSTK,BFO,5.000000,108000,False
1102853,IOC26NOV132.5PE,IOC,26NOV2026,13250.000000,4875,OPTSTK,BFO,5.000000,292500,False
1102854,ADANIENT26NOV3250CE,ADANIENT,26NOV2026,325000.000000,309,OPTSTK,BFO,5.000000,9000,False
1102873,BRITANNIA26NOV5600CE,BRITANNIA,26NOV2026,560000.000000,125,OPTSTK,BFO,5.000000,6000,False
1105558,HINDPETRO26NOV430CE,HINDPETRO,26NOV2026,43000.000000,2025,OPTSTK,BFO,5.000000,108000,False
1105562,SHRIRAMFIN26NOV1060CE,SHRIRAMFIN,26NOV2026,106000.000000,825,OPTSTK,BFO,5.000000,18000,False
1105594,FOCIT26NOV42100CE,FOCIT,26NOV2026,4210000.000000,45,OPTIDX,BFO,5.000000,1350,False
1105624,MARUTI26NOV13000CE,MARUTI,26NOV2026,1300000.000000,50,OPTSTK,BFO,5.000000,3000,False
1113471,BANKEX26NOV64000CE,BANKEX,26NOV2026,6400000.000000,30,OPTIDX,BFO,5.000000,900,False
1113486,BANKEX26NOV71000PE,BANKEX,26NOV2026,7100000.000000,30,OPTIDX,BFO,5.000000,900,False
1113498,SONACOMS26NOV810PE,SONACOMS,26NOV2026,81000.000000,1225,OPTSTK,BFO,5.000000,100000000,False
1113533,KALYANKJIL26NOV635PE,KALYANKJIL,26NOV2026,63500.000000,1350,OPTSTK,BFO,5.000000,100000000,False
1105628,OBEROIRLTY26NOV1760PE,OBEROIRLTY,26NOV2026,176000.000000,350,OPTSTK,BFO,5.000000,28000,False
1105679,FOCIT26NOV40700CE,FOCIT,26NOV2026,4070000.000000,45,OPTIDX,BFO,5.000000,1350,False
1102885,FOCIT26NOV34100PE,FOCIT,26NOV2026,3410000.000000,45,OPTIDX,BFO,5.000000,1350,False
1102916,BANDHANBNK26NOV170CE,BANDHANBNK,26NOV2026,17000.000000,3600,OPTSTK,BFO,5.000000,100000,False
1102928,GLENMARK26NOV2440CE,GLENMARK,26NOV2026,244000.000000,375,OPTSTK,BFO,5.000000,43500,False
1102958,VMM26NOV112.5CE,VMM,26NOV2026,11250.000000,4850,OPTSTK,BFO,5.000000,100000000,False
1105648,SWIGGY26NOV285CE,SWIGGY,26NOV2026,28500.000000,1825,OPTSTK,BFO,5.000000,100000000,False
1105665,PFC26NOV335PE,PFC,26NOV2026,33500.000000,1300,OPTSTK,BFO,5.000000,124000,False
1113574,GODFRYPHLP26NOV1900CE,GODFRYPHLP,26NOV2026,190000.000000,275,OPTSTK,BFO,5.000000,100000000,False
1113578,GODFRYPHLP26NOVFUT,GODFRYPHLP,26NOV2026,0.000000,275,FUTSTK,BFO,5.000000,100000000,False
1113595,EICHERMOT26NOV8500PE,EICHERMOT,26NOV2026,850000.000000,100,OPTSTK,BFO,5.000000,7000,False
1113598,APLAPOLLO26NOV2060CE,APLAPOLLO,26NOV2026,206000.000000,350,OPTSTK,BFO,5.000000,100000000,False
1102993,PAYTM26NOV1820PE,PAYTM,26NOV2026,182000.000000,725,OPTSTK,BFO,5.000000,100000000,False
1103000,BEL26NOV420PE,BEL,26NOV2026,42000.000000,1425,OPTSTK,BFO,5.000000,228000,False
1103007,JIOFIN26NOV235PE,JIOFIN,26NOV2026,23500.000000,2350,OPTSTK,BFO,5.000000,100000000,False
1103012,RVNL26NOV200CE,RVNL,26NOV2026,20000.000000,1925,OPTSTK,BFO,5.000000,100000000,False
1105680,KAYNES26NOV3700CE,KAYNES,26NOV2026,370000.000000,150,OPTSTK,BFO,5.000000,100000000,False
1105707,MARICO26NOV790PE,MARICO,26NOV2026,79000.000000,1200,OPTSTK,BFO,5.000000,48000,False
1105725,TMPV26NOV290CE,TMPV,26NOV2026,29000.000000,1600,OPTSTK,BFO,5.000000,42750,False
1105774,SRF26NOV2350CE,SRF,26NOV2026,235000.000000,200,OPTSTK,BFO,5.000000,11250,False
1113604,BPCL26NOV305PE,BPCL,26NOV2026,30500.000000,1975,OPTSTK,BFO,5.000000,72000,False
1113624,PAYTM26NOV1680PE,PAYTM,26NOV2026,168000.000000,725,OPTSTK,BFO,5.000000,100000000,False
1113627,VBL26NOV410CE,VBL,26NOV2026,41000.000000,1275,OPTSTK,BFO,5.000000,100000000,False
1113647,NYKAA26NOV360PE,NYKAA,26NOV2026,36000.000000,3125,OPTSTK,BFO,5.000000,100000000,False
1105777,HEROMOTOCO26NOV6200PE,HEROMOTOCO,26NOV2026,620000.000000,150,OPTSTK,BFO,5.000000,9000,False
1105809,KALYANKJIL26NOV600CE,KALYANKJIL,26NOV2026,60000.000000,1350,OPTSTK,BFO,5.000000,100000000,False
1105818,GAIL26NOV172.5PE,GAIL,26NOV2026,17250.000000,3550,OPTSTK,BFO,5.000000,274500,False
1105820,GODREJPROP26NOV2140PE,GODREJPROP,26NOV2026,214000.000000,325,OPTSTK,BFO,5.000000,19000,False
1113653,FOCIT26NOV41200PE,FOCIT,26NOV2026,4120000.000000,45,OPTIDX,BFO,5.000000,1350,False
1113666,APLAPOLLO26NOV2140PE,APLAPOLLO,26NOV2026,214000.000000,350,OPTSTK,BFO,5.000000,100000000,False
1113667,BANDHANBNK26NOV135PE,BANDHANBNK,26NOV2026,13500.000000,3600,OPTSTK,BFO,5.000000,100000,False
1113688,CIPLA26NOV1480PE,CIPLA,26NOV2026,148000.000000,425,OPTSTK,BFO,5.000000,26000,False
1103014,SAGILITY26SEP44PE,SAGILITY,24SEP2026,4400.000000,12000,OPTSTK,BFO,5.000000,100000000,False
1103022,SAGILITY26SEP40CE,SAGILITY,24SEP2026,4000.000000,12000,OPTSTK,BFO,5.000000,100000000,False
1103051,ADANIGREEN26NOV1460CE,ADANIGREEN,26NOV2026,146000.000000,600,OPTSTK,BFO,5.000000,100000000,False
1103057,BRITANNIA26NOV5350CE,BRITANNIA,26NOV2026,535000.000000,125,OPTSTK,BFO,5.000000,6000,False
1105831,IOC26NOV142.5CE,IOC,26NOV2026,14250.000000,4875,OPTSTK,BFO,5.000000,292500,False
1105856,SENSEX26NOV71900PE,SENSEX,26NOV2026,7190000.000000,20,OPTIDX,BFO,5.000000,1000,False
1105862,HAVELLS26NOV1280PE,HAVELLS,26NOV2026,128000.000000,500,OPTSTK,BFO,5.000000,20000,False
1105866,BAJAJ-AUTO26NOV11800CE,BAJAJ-AUTO,26NOV2026,1180000.000000,75,OPTSTK,BFO,5.000000,5000,False
1113704,BOSCHLTD26NOV49500PE,BOSCHLTD,26NOV2026,4950000.000000,25,OPTSTK,BFO,5.000000,1500,False
1113715,SAGILITY26NOV39CE,SAGILITY,26NOV2026,3900.000000,12000,OPTSTK,BFO,5.000000,100000000,False
1113739,VOLTAS26NOV1200CE,VOLTAS,26NOV2026,120000.000000,375,OPTSTK,BFO,5.000000,30000,False
1113743,INDIGO26NOV5900PE,INDIGO,26NOV2026,590000.000000,150,OPTSTK,BFO,5.000000,12000,False
1103063,TORNTPHARM26NOV5200PE,TORNTPHARM,26NOV2026,520000.000000,125,OPTSTK,BFO,5.000000,15000,False
1103064,SENSEX26O1574200CE,SENSEX,15OCT2026,7420000.000000,20,OPTIDX,BFO,5.000000,1000,False
1103095,MCX26NOV3100PE,MCX,26NOV2026,310000.000000,225,OPTSTK,BFO,5.000000,16000,False
1103099,IDEA26NOV15PE,IDEA,26NOV2026,1500.000000,71475,OPTSTK,BFO,5.000000,2400000,False
1105921,PIDILITIND26NOV1680CE,PIDILITIND,26NOV2026,168000.000000,500,OPTSTK,BFO,5.000000,10000,False
1105939,IEX26NOVFUT,IEX,26NOV2026,0.000000,4350,FUTSTK,BFO,5.000000,150000,False
1105987,BANKEX26NOV59200PE,BANKEX,26NOV2026,5920000.000000,30,OPTIDX,BFO,5.000000,900,False
1106038,LT26NOV3950PE,LT,26NOV2026,395000.000000,175,OPTSTK,BFO,5.000000,12000,False
1113746,NMDC26NOV89PE,NMDC,26NOV2026,8900.000000,6750,OPTSTK,BFO,5.000000,225000,False
1113763,BANKEX26NOV64300PE,BANKEX,26NOV2026,6430000.000000,30,OPTIDX,BFO,5.000000,900,False
1113768,AUBANK26NOV1160PE,AUBANK,26NOV2026,116000.000000,1000,OPTSTK,BFO,5.000000,30000,False
1113773,SENSEX26O1581300CE,SENSEX,15OCT2026,8130000.000000,20,OPTIDX,BFO,5.000000,1000,False
1103112,PERSISTENT26NOV6200CE,PERSISTENT,26NOV2026,620000.000000,125,OPTSTK,BFO,5.000000,5250,False
1103137,MARUTI26NOV13600PE,MARUTI,26NOV2026,1360000.000000,50,OPTSTK,BFO,5.000000,3000,False
1103146,DIVISLAB26NOV9200PE,DIVISLAB,26NOV2026,920000.000000,100,OPTSTK,BFO,5.000000,8000,False
1103168,BANKEX26NOV69500PE,BANKEX,26NOV2026,6950000.000000,30,OPTIDX,BFO,5.000000,900,False
1106078,SENSEX5026NOV24950PE,SENSEX50,26NOV2026,2495000.000000,75,OPTIDX,BFO,5.000000,1800,False
1106121,POWERGRID26NOV250CE,POWERGRID,26NOV2026,25000.000000,1900,OPTSTK,BFO,5.000000,108000,False
1106130,PRESTIGE26NOV1740PE,PRESTIGE,26NOV2026,174000.000000,450,OPTSTK,BFO,5.000000,100000000,False
1106151,INDUSTOWER26NOV365PE,INDUSTOWER,26NOV2026,36500.000000,1700,OPTSTK,BFO,5.000000,170000,False
1113776,BANKEX26NOV68900PE,BANKEX,26NOV2026,6890000.000000,30,OPTIDX,BFO,5.000000,900,False
1113786,UNOMINDA26NOV1240PE,UNOMINDA,26NOV2026,124000.000000,550,OPTSTK,BFO,5.000000,100000000,False
1113796,MANKIND26NOV2440CE,MANKIND,26NOV2026,244000.000000,250,OPTSTK,BFO,5.000000,100000000,False
1113828,BANDHANBNK26NOV195CE,BANDHANBNK,26NOV2026,19500.000000,3600,OPTSTK,BFO,5.000000,100000,False
1103200,RBLBANK26NOV395PE,RBLBANK,26NOV2026,39500.000000,3175,OPTSTK,BFO,5.000000,150000,False
1103215,JSWENERGY26NOV540PE,JSWENERGY,26NOV2026,54000.000000,1075,OPTSTK,BFO,5.000000,100000000,False
1103224,BANKEX26NOV58800CE,BANKEX,26NOV2026,5880000.000000,30,OPTIDX,BFO,5.000000,900,False
1103235,CIPLA26NOV1370PE,CIPLA,26NOV2026,137000.000000,425,OPTSTK,BFO,5.000000,26000,False
1106154,MAHABANK26OCT87CE,MAHABANK,29OCT2026,8700.000000,6500,OPTSTK,BFO,5.000000,100000000,False
1106197,DIVISLAB26NOV9800PE,DIVISLAB,26NOV2026,980000.000000,100,OPTSTK,BFO,5.000000,8000,False
1106270,SAGILITY26NOV50PE,SAGILITY,26NOV2026,5000.000000,12000,OPTSTK,BFO,5.000000,100000000,False
1106277,SENSEX26O1582500CE,SENSEX,15OCT2026,8250000.000000,20,OPTIDX,BFO,5.000000,1000,False
1113833,FORCEMOT26NOV15000CE,FORCEMOT,26NOV2026,1500000.000000,25,OPTSTK,BFO,5.000000,100000000,False
1113835,AMBUJACEM26NOV380CE,AMBUJACEM,26NOV2026,38000.000000,1200,OPTSTK,BFO,5.000000,54000,False
1113840,INDUSTOWER26NOVFUT,INDUSTOWER,26NOV2026,0.000000,1700,FUTSTK,BFO,5.000000,170000,False
1113854,FOCIT26NOV39400CE,FOCIT,26NOV2026,3940000.000000,45,OPTIDX,BFO,5.000000,1350,False
1103243,DMART26NOV3500PE,DMART,26NOV2026,350000.000000,150,OPTSTK,BFO,5.000000,100000000,False
1103281,FEDERALBNK26NOV340CE,FEDERALBNK,26NOV2026,34000.000000,2500,OPTSTK,BFO,5.000000,200000,False
1103303,SENSEX26NOV80500PE,SENSEX,26NOV2026,8050000.000000,20,OPTIDX,BFO,5.000000,1000,False
1103316,CANBK26NOV125PE,CANBK,26NOV2026,12500.000000,6750,OPTSTK,BFO,5.000000,81000,False
1106286,AMBUJACEM26NOV405CE,AMBUJACEM,26NOV2026,40500.000000,1200,OPTSTK,BFO,5.000000,54000,False
1106309,INFY26NOV1000PE,INFY,26NOV2026,100000.000000,400,OPTSTK,BFO,5.000000,16000,False
1106312,SENSEX26O0870100CE,SENSEX,08OCT2026,7010000.000000,20,OPTIDX,BFO,5.000000,1000,False
1106316,SENSEX26NOV77800CE,SENSEX,26NOV2026,7780000.000000,20,OPTIDX,BFO,5.000000,1000,False
1113877,ASHOKLEY26NOV195CE,ASHOKLEY,26NOV2026,19500.000000,5000,OPTSTK,BFO,5.000000,150000,False
1113882,NAM-INDIA26NOV1260CE,NAM-INDIA,26NOV2026,126000.000000,625,OPTSTK,BFO,5.000000,100000000,False
1113890,SRF26NOVFUT,SRF,26NOV2026,0.000000,200,FUTSTK,BFO,5.000000,11250,False
1113908,TCS26NOV2260CE,TCS,26NOV2026,226000.000000,225,OPTSTK,BFO,5.000000,7000,False
1106340,JIOFIN26NOV220PE,JIOFIN,26NOV2026,22000.000000,2350,OPTSTK,BFO,5.000000,100000000,False
1106352,BHEL26NOV470PE,BHEL,26NOV2026,47000.000000,2625,OPTSTK,BFO,5.000000,315000,False
1106407,ULTRACEMCO26NOV11400PE,ULTRACEMCO,26NOV2026,1140000.000000,50,OPTSTK,BFO,5.000000,3000,False
1106438,LAURUSLABS26NOV2000PE,LAURUSLABS,26NOV2026,200000.000000,850,OPTSTK,BFO,5.000000,68000,False
1103324,ONGC26NOV215PE,ONGC,26NOV2026,21500.000000,2250,OPTSTK,BFO,5.000000,154000,False
1103330,SIEMENS26NOV3850CE,SIEMENS,26NOV2026,385000.000000,175,OPTSTK,BFO,5.000000,8250,False
1103333,ITC26NOV257.5CE,ITC,26NOV2026,25750.000000,1725,OPTSTK,BFO,5.000000,64000,False
1103342,ZYDUSLIFE26NOV1130PE,ZYDUSLIFE,26NOV2026,113000.000000,900,OPTSTK,BFO,5.000000,54000,False
1113924,JSWSTEEL26NOV1220CE,JSWSTEEL,26NOV2026,122000.000000,675,OPTSTK,BFO,5.000000,40500,False
1113951,INDIGO26NOV5800CE,INDIGO,26NOV2026,580000.000000,150,OPTSTK,BFO,5.000000,12000,False
1113956,CGPOWER26NOV1020CE,CGPOWER,26NOV2026,102000.000000,850,OPTSTK,BFO,5.000000,100000000,False
1113965,PNB26NOV113PE,PNB,26NOV2026,11300.000000,8000,OPTSTK,BFO,5.000000,480000,False
1103348,HINDPETRO26NOV390PE,HINDPETRO,26NOV2026,39000.000000,2025,OPTSTK,BFO,5.000000,108000,False
1103357,NATIONALUM26NOV320CE,NATIONALUM,26NOV2026,32000.000000,1875,OPTSTK,BFO,5.000000,300000,False
1103365,NAM-INDIA26NOV1080CE,NAM-INDIA,26NOV2026,108000.000000,625,OPTSTK,BFO,5.000000,100000000,False
1103374,TMPV26NOV300CE,TMPV,26NOV2026,30000.000000,1600,OPTSTK,BFO,5.000000,42750,False
1106453,JUBLFOOD26NOV500PE,JUBLFOOD,26NOV2026,50000.000000,1250,OPTSTK,BFO,5.000000,50000,False
1106483,BAJAJFINSV26NOV2060PE,BAJAJFINSV,26NOV2026,206000.000000,300,OPTSTK,BFO,5.000000,20000,False
1106491,PRESTIGE26NOV1640CE,PRESTIGE,26NOV2026,164000.000000,450,OPTSTK,BFO,5.000000,100000000,False
1106498,ICICIGI26NOV1700PE,ICICIGI,26NOV2026,170000.000000,325,OPTSTK,BFO,5.000000,20000,False
1113982,PATANJALI26NOV355PE,PATANJALI,26NOV2026,35500.000000,1075,OPTSTK,BFO,5.000000,100000000,False
1113991,COFORGE26NOVFUT,COFORGE,26NOV2026,0.000000,475,FUTSTK,BFO,5.000000,6000,False
1113994,NAM-INDIA26NOV1180PE,NAM-INDIA,26NOV2026,118000.000000,625,OPTSTK,BFO,5.000000,100000000,False
1113999,DMART26NOV4200CE,DMART,26NOV2026,420000.000000,150,OPTSTK,BFO,5.000000,100000000,False
1103378,DIXON26NOV14500CE,DIXON,26NOV2026,1450000.000000,50,OPTSTK,BFO,5.000000,6000,False
1103380,IRFC26NOV78CE,IRFC,26NOV2026,7800.000000,5425,OPTSTK,BFO,5.000000,100000000,False
1103402,DIVISLAB26NOV9100CE,DIVISLAB,26NOV2026,910000.000000,100,OPTSTK,BFO,5.000000,8000,False
1103445,CGPOWER26NOV1000CE,CGPOWER,26NOV2026,100000.000000,850,OPTSTK,BFO,5.000000,100000000,False
1106537,POWERGRID26NOV282.5PE,POWERGRID,26NOV2026,28250.000000,1900,OPTSTK,BFO,5.000000,108000,False
1106538,MUTHOOTFIN26NOV3300CE,MUTHOOTFIN,26NOV2026,330000.000000,275,OPTSTK,BFO,5.000000,22000,False
1106567,IDEA26NOV13CE,IDEA,26NOV2026,1300.000000,71475,OPTSTK,BFO,5.000000,2400000,False
1106568,PETRONET26NOV285PE,PETRONET,26NOV2026,28500.000000,1900,OPTSTK,BFO,5.000000,120000,False
1114023,PIDILITIND26NOV1720PE,PIDILITIND,26NOV2026,172000.000000,500,OPTSTK,BFO,5.000000,10000,False
1114045,FOCIT26NOV43400CE,FOCIT,26NOV2026,4340000.000000,45,OPTIDX,BFO,5.000000,1350,False
1114067,INDIANB26NOV920CE,INDIANB,26NOV2026,92000.000000,1000,OPTSTK,BFO,5.000000,100000000,False
1114098,DRREDDY26NOV1180CE,DRREDDY,26NOV2026,118000.000000,625,OPTSTK,BFO,5.000000,5000,False
1106595,BRITANNIA26NOV5600PE,BRITANNIA,26NOV2026,560000.000000,125,OPTSTK,BFO,5.000000,6000,False
1106625,GLENMARK26NOV2600PE,GLENMARK,26NOV2026,260000.000000,375,OPTSTK,BFO,5.000000,43500,False
1106636,MOTILALOFS26NOVFUT,MOTILALOFS,26NOV2026,0.000000,775,FUTSTK,BFO,5.000000,100000000,False
1106670,SENSEX26O1572800PE,SENSEX,15OCT2026,7280000.000000,20,OPTIDX,BFO,5.000000,1000,False
1103446,DLF26NOV620PE,DLF,26NOV2026,62000.000000,950,OPTSTK,BFO,5.000000,49500,False
1103458,FOCIT26NOV32600CE,FOCIT,26NOV2026,3260000.000000,45,OPTIDX,BFO,5.000000,1350,False
1103463,FOCIT26NOV34900CE,FOCIT,26NOV2026,3490000.000000,45,OPTIDX,BFO,5.000000,1350,False
1103469,KALYANKJIL26NOV655CE,KALYANKJIL,26NOV2026,65500.000000,1350,OPTSTK,BFO,5.000000,100000000,False
1114129,SHREECEM26NOV26250CE,SHREECEM,26NOV2026,2625000.000000,25,OPTSTK,BFO,5.000000,1000,False
1114137,BAJFINANCE26NOV1150CE,BAJFINANCE,26NOV2026,115000.000000,750,OPTSTK,BFO,5.000000,3750,False
1114176,OFSS26NOV12000CE,OFSS,26NOV2026,1200000.000000,100,OPTSTK,BFO,5.000000,8000,False
1114179,ATHERENERG26NOV1480CE,ATHERENERG,26NOV2026,148000.000000,375,OPTSTK,BFO,5.000000,100000000,False
1103470,LICHSGFIN26NOV460CE,LICHSGFIN,26NOV2026,46000.000000,1000,OPTSTK,BFO,5.000000,60000,False
1103484,INDUSINDBK26NOVFUT,INDUSINDBK,26NOV2026,0.000000,700,FUTSTK,BFO,5.000000,20000,False
1103488,ADANIENSOL26NOV1620PE,ADANIENSOL,26NOV2026,162000.000000,675,OPTSTK,BFO,5.000000,100000000,False
1103490,INDHOTEL26NOV690PE,INDHOTEL,26NOV2026,69000.000000,1000,OPTSTK,BFO,5.000000,60000,False
1106681,CANBK26NOV142.5PE,CANBK,26NOV2026,14250.000000,6750,OPTSTK,BFO,5.000000,81000,False
1106718,OBEROIRLTY26NOV1960PE,OBEROIRLTY,26NOV2026,196000.000000,350,OPTSTK,BFO,5.000000,28000,False
1106725,HAL26NOV5000PE,HAL,26NOV2026,500000.000000,150,OPTSTK,BFO,5.000000,9000,False
1106746,SENSEX26NOV77200PE,SENSEX,26NOV2026,7720000.000000,20,OPTIDX,BFO,5.000000,1000,False
1114182,AMBUJACEM26NOV380PE,AMBUJACEM,26NOV2026,38000.000000,1200,OPTSTK,BFO,5.000000,54000,False
1114187,SENSEX26NOV72300PE,SENSEX,26NOV2026,7230000.000000,20,OPTIDX,BFO,5.000000,1000,False
1114195,HAL26NOV4700PE,HAL,26NOV2026,470000.000000,150,OPTSTK,BFO,5.000000,9000,False
1114205,AMBUJACEM26NOV385CE,AMBUJACEM,26NOV2026,38500.000000,1200,OPTSTK,BFO,5.000000,54000,False
1103491,SENSEX26O1572200PE,SENSEX,15OCT2026,7220000.000000,20,OPTIDX,BFO,5.000000,1000,False
1103510,POLICYBZR26NOV1880CE,POLICYBZR,26NOV2026,188000.000000,350,OPTSTK,BFO,5.000000,100000000,False
1103515,JUBLFOOD26NOV485CE,JUBLFOOD,26NOV2026,48500.000000,1250,OPTSTK,BFO,5.000000,50000,False
1103528,POLYCAB26NOV8600PE,POLYCAB,26NOV2026,860000.000000,125,OPTSTK,BFO,5.000000,9000,False
1106783,KAYNES26NOV3900CE,KAYNES,26NOV2026,390000.000000,150,OPTSTK,BFO,5.000000,100000000,False
1106784,HINDALCO26NOV920CE,HINDALCO,26NOV2026,92000.000000,700,OPTSTK,BFO,5.000000,56000,False
1106795,BANKEX26NOV58800PE,BANKEX,26NOV2026,5880000.000000,30,OPTIDX,BFO,5.000000,900,False
1106799,PFC26NOV375PE,PFC,26NOV2026,37500.000000,1300,OPTSTK,BFO,5.000000,124000,False
1114211,TVSMOTOR26NOV4300CE,TVSMOTOR,26NOV2026,430000.000000,175,OPTSTK,BFO,5.000000,21000,False
1114214,SENSEX5026NOV24500CE,SENSEX50,26NOV2026,2450000.000000,75,OPTIDX,BFO,5.000000,1800,False
1114238,BANKEX26NOV68800CE,BANKEX,26NOV2026,6880000.000000,30,OPTIDX,BFO,5.000000,900,False
1114255,PETRONET26NOV315CE,PETRONET,26NOV2026,31500.000000,1900,OPTSTK,BFO,5.000000,120000,False
1106818,VMM26NOV102.5CE,VMM,26NOV2026,10250.000000,4850,OPTSTK,BFO,5.000000,100000000,False
1106845,SOLARINDS26NOV20000CE,SOLARINDS,26NOV2026,2000000.000000,50,OPTSTK,BFO,5.000000,100000000,False
1106890,GODREJCP26NOV850CE,GODREJCP,26NOV2026,85000.000000,500,OPTSTK,BFO,5.000000,30000,False
1106907,PERSISTENT26NOV6200PE,PERSISTENT,26NOV2026,620000.000000,125,OPTSTK,BFO,5.000000,5250,False
1114259,MAZDOCK26NOV2500PE,MAZDOCK,26NOV2026,250000.000000,225,OPTSTK,BFO,5.000000,100000000,False
1114261,TRENT26NOV2800PE,TRENT,26NOV2026,280000.000000,225,OPTSTK,BFO,5.000000,16000,False
1114270,MOTILALOFS26NOV1000CE,MOTILALOFS,26NOV2026,100000.000000,775,OPTSTK,BFO,5.000000,100000000,False
1114279,ALKEM26NOV5150PE,ALKEM,26NOV2026,515000.000000,125,OPTSTK,BFO,5.000000,8000,False
1103540,BAJFINANCE26NOV1140PE,BAJFINANCE,26NOV2026,114000.000000,750,OPTSTK,BFO,5.000000,3750,False
1103562,YESBANK26NOV17CE,YESBANK,26NOV2026,1700.000000,31100,OPTSTK,BFO,5.000000,100000000,False
1103564,BANKEX26NOV59400CE,BANKEX,26NOV2026,5940000.000000,30,OPTIDX,BFO,5.000000,900,False
1103574,IEX26NOV120CE,IEX,26NOV2026,12000.000000,4350,OPTSTK,BFO,5.000000,150000,False
1103576,MFSL26NOV1660PE,MFSL,26NOV2026,166000.000000,400,OPTSTK,BFO,5.000000,32000,False
1103603,POLICYBZR26NOV1960PE,POLICYBZR,26NOV2026,196000.000000,350,OPTSTK,BFO,5.000000,100000000,False
1103640,ATHERENERG26OCT1340PE,ATHERENERG,29OCT2026,134000.000000,375,OPTSTK,BFO,5.000000,100000000,False
1103659,ICICIBANK26NOV1400PE,ICICIBANK,26NOV2026,140000.000000,700,OPTSTK,BFO,5.000000,28000,False
1114281,SONACOMS26NOV850PE,SONACOMS,26NOV2026,85000.000000,1225,OPTSTK,BFO,5.000000,100000000,False
1114298,SENSEX26NOV82300PE,SENSEX,26NOV2026,8230000.000000,20,OPTIDX,BFO,5.000000,1000,False
1114313,ASIANPAINT26NOV2500PE,ASIANPAINT,26NOV2026,250000.000000,250,OPTSTK,BFO,5.000000,8000,False
1114336,HCLTECH26NOV1330PE,HCLTECH,26NOV2026,133000.000000,400,OPTSTK,BFO,5.000000,21000,False
1106943,PAYTM26NOV1640CE,PAYTM,26NOV2026,164000.000000,725,OPTSTK,BFO,5.000000,100000000,False
1106951,OFSS26NOV11800CE,OFSS,26NOV2026,1180000.000000,100,OPTSTK,BFO,5.000000,8000,False
1106955,BANKEX26NOV68800PE,BANKEX,26NOV2026,6880000.000000,30,OPTIDX,BFO,5.000000,900,False
1106964,GODFRYPHLP26NOV2400CE,GODFRYPHLP,26NOV2026,240000.000000,275,OPTSTK,BFO,5.000000,100000000,False
1114356,MCX26NOV3250PE,MCX,26NOV2026,325000.000000,225,OPTSTK,BFO,5.000000,16000,False
1114373,LUPIN26NOV2020CE,LUPIN,26NOV2026,202000.000000,425,OPTSTK,BFO,5.000000,34000,False
1114378,NATIONALUM26NOV410PE,NATIONALUM,26NOV2026,41000.000000,1875,OPTSTK,BFO,5.000000,300000,False
1114398,POWERINDIA26NOV36000CE,POWERINDIA,26NOV2026,3600000.000000,25,OPTSTK,BFO,5.000000,100000000,False
1103667,PIIND26NOV2550PE,PIIND,26NOV2026,255000.000000,175,OPTSTK,BFO,5.000000,7500,False
1103668,SENSEX26NOV75200PE,SENSEX,26NOV2026,7520000.000000,20,OPTIDX,BFO,5.000000,1000,False
1103687,KEI26NOV5900CE,KEI,26NOV2026,590000.000000,175,OPTSTK,BFO,5.000000,100000000,False
1103688,ATHERENERG26NOV1460CE,ATHERENERG,26NOV2026,146000.000000,375,OPTSTK,BFO,5.000000,100000000,False
1106965,LTM26NOV4800CE,LTM,26NOV2026,480000.000000,150,OPTSTK,BFO,5.000000,4500,False
1106968,JUBLFOOD26NOV505PE,JUBLFOOD,26NOV2026,50500.000000,1250,OPTSTK,BFO,5.000000,50000,False
1106972,DIXON26NOV14500PE,DIXON,26NOV2026,1450000.000000,50,OPTSTK,BFO,5.000000,6000,False
1107091,MANKIND26NOV2420PE,MANKIND,26NOV2026,242000.000000,250,OPTSTK,BFO,5.000000,100000000,False
1114422,GLENMARK26NOV2580PE,GLENMARK,26NOV2026,258000.000000,375,OPTSTK,BFO,5.000000,43500,False
1114426,INDIGO26NOV4500CE,INDIGO,26NOV2026,450000.000000,150,OPTSTK,BFO,5.000000,12000,False
1114443,LICI26NOV405PE,LICI,26NOV2026,40500.000000,1400,OPTSTK,BFO,5.000000,100000000,False
1114451,IDFCFIRSTB26NOV80PE,IDFCFIRSTB,26NOV2026,8000.000000,9275,OPTSTK,BFO,5.000000,450000,False
1107094,INDUSINDBK26OCT920CE,INDUSINDBK,29OCT2026,92000.000000,700,OPTSTK,BFO,5.000000,20000,False
1107124,YESBANK26NOV19CE,YESBANK,26NOV2026,1900.000000,31100,OPTSTK,BFO,5.000000,100000000,False
1107140,PHOENIXLTD26NOVFUT,PHOENIXLTD,26NOV2026,0.000000,350,FUTSTK,BFO,5.000000,100000000,False
1107150,COLPAL26NOV1780PE,COLPAL,26NOV2026,178000.000000,275,OPTSTK,BFO,5.000000,14000,False
1103716,PIIND26NOV2700CE,PIIND,26NOV2026,270000.000000,175,OPTSTK,BFO,5.000000,7500,False
1103753,FEDERALBNK26NOV345CE,FEDERALBNK,26NOV2026,34500.000000,2500,OPTSTK,BFO,5.000000,200000,False
1103778,OFSS26NOV11200CE,OFSS,26NOV2026,1120000.000000,100,OPTSTK,BFO,5.000000,8000,False
1103848,SRF26NOV2850CE,SRF,26NOV2026,285000.000000,200,OPTSTK,BFO,5.000000,11250,False
1114457,BIOCON26NOV410PE,BIOCON,26NOV2026,41000.000000,2500,OPTSTK,BFO,5.000000,100000,False
1114474,BLUESTARCO26NOV1440CE,BLUESTARCO,26NOV2026,144000.000000,325,OPTSTK,BFO,5.000000,100000000,False
1114492,BANKEX26NOV68200PE,BANKEX,26NOV2026,6820000.000000,30,OPTIDX,BFO,5.000000,900,False
1114521,HCLTECH26NOV1230CE,HCLTECH,26NOV2026,123000.000000,400,OPTSTK,BFO,5.000000,21000,False
1107153,ASTRAL26NOV1620PE,ASTRAL,26NOV2026,162000.000000,425,OPTSTK,BFO,5.000000,14680,False
1107184,ONGC26NOV237.5PE,ONGC,26NOV2026,23750.000000,2250,OPTSTK,BFO,5.000000,154000,False
1107206,SUZLON26NOV47CE,SUZLON,26NOV2026,4700.000000,12700,OPTSTK,BFO,5.000000,100000000,False
1107220,SENSEX26O1575200PE,SENSEX,15OCT2026,7520000.000000,20,OPTIDX,BFO,5.000000,1000,False
1114533,JSWSTEEL26NOV1360PE,JSWSTEEL,26NOV2026,136000.000000,675,OPTSTK,BFO,5.000000,40500,False
1114534,TATAELXSI26NOV3450CE,TATAELXSI,26NOV2026,345000.000000,125,OPTSTK,BFO,5.000000,100000000,False
1114547,LTF26NOV340CE,LTF,26NOV2026,34000.000000,2250,OPTSTK,BFO,5.000000,267720,False
1114572,SBILIFE26NOV1900CE,SBILIFE,26NOV2026,190000.000000,375,OPTSTK,BFO,5.000000,22500,False
1103855,SAIL26NOV180PE,SAIL,26NOV2026,18000.000000,4700,OPTSTK,BFO,5.000000,320000,False
1103867,BANKEX26NOV63400CE,BANKEX,26NOV2026,6340000.000000,30,OPTIDX,BFO,5.000000,900,False
1103868,VEDL26NOV315CE,VEDL,26NOV2026,31500.000000,1150,OPTSTK,BFO,5.000000,80000,False
1103881,SENSEX27MAR80000CE,SENSEX,25MAR2027,8000000.000000,20,OPTIDX,BFO,5.000000,1000,False
1107221,GODFRYPHLP26NOV2150CE,GODFRYPHLP,26NOV2026,215000.000000,275,OPTSTK,BFO,5.000000,100000000,False
1107230,FORTIS26NOV920CE,FORTIS,26NOV2026,92000.000000,775,OPTSTK,BFO,5.000000,100000000,False
1107245,DIVISLAB26OCT9800PE,DIVISLAB,29OCT2026,980000.000000,100,OPTSTK,BFO,5.000000,8000,False
1107254,FEDERALBNK26NOV330CE,FEDERALBNK,26NOV2026,33000.000000,2500,OPTSTK,BFO,5.000000,200000,False
1114574,BANKEX26NOV66800PE,BANKEX,26NOV2026,6680000.000000,30,OPTIDX,BFO,5.000000,900,False
1114584,SENSEX26O1583800CE,SENSEX,15OCT2026,8380000.000000,20,OPTIDX,BFO,5.000000,1000,False
1114608,RBLBANK26NOV415CE,RBLBANK,26NOV2026,41500.000000,3175,OPTSTK,BFO,5.000000,150000,False
1114623,BAJAJFINSV26NOV2000PE,BAJAJFINSV,26NOV2026,200000.000000,300,OPTSTK,BFO,5.000000,20000,False
1107275,ADANIENT26NOVFUT,ADANIENT,26NOV2026,0.000000,309,FUTSTK,BFO,5.000000,9000,False
1107297,ASHOKLEY26NOV160PE,ASHOKLEY,26NOV2026,16000.000000,5000,OPTSTK,BFO,5.000000,150000,False
1107293,PAGEIND26NOV34500PE,PAGEIND,26NOV2026,3450000.000000,20,OPTSTK,BFO,5.000000,600,False
1107295,POWERINDIA26NOV33500CE,POWERINDIA,26NOV2026,3350000.000000,25,OPTSTK,BFO,5.000000,100000000,False
1103970,FOCIT26NOV38900PE,FOCIT,26NOV2026,3890000.000000,45,OPTIDX,BFO,5.000000,1350,False
1104001,SENSEX27MAR74000PE,SENSEX,25MAR2027,7400000.000000,20,OPTIDX,BFO,5.000000,1000,False
1104010,HCLTECH26NOV1310PE,HCLTECH,26NOV2026,131000.000000,400,OPTSTK,BFO,5.000000,21000,False
1104056,GLENMARK26NOV2480CE,GLENMARK,26NOV2026,248000.000000,375,OPTSTK,BFO,5.000000,43500,False
1114629,FOCIT26NOV39600CE,FOCIT,26NOV2026,3960000.000000,45,OPTIDX,BFO,5.000000,1350,False
1114635,ADANIPOWER26NOV250CE,ADANIPOWER,26NOV2026,25000.000000,3550,OPTSTK,BFO,5.000000,100000000,False
1114636,ADANIPORTS26NOV1640PE,ADANIPORTS,26NOV2026,164000.000000,475,OPTSTK,BFO,5.000000,32000,False
1114674,TATASTEEL26NOV202.5PE,TATASTEEL,26NOV2026,20250.000000,2750,OPTSTK,BFO,5.000000,220000,False
1107299,SOLARINDS26NOV21750PE,SOLARINDS,26NOV2026,2175000.000000,50,OPTSTK,BFO,5.000000,100000000,False
1107314,VMM26NOV107.5CE,VMM,26NOV2026,10750.000000,4850,OPTSTK,BFO,5.000000,100000000,False
1107353,MAXHEALTH26NOV1000CE,MAXHEALTH,26NOV2026,100000.000000,525,OPTSTK,BFO,5.000000,100000000,False
1107369,RADICO26NOV4500CE,RADICO,26NOV2026,450000.000000,150,OPTSTK,BFO,5.000000,100000000,False
1114680,SOLARINDS26NOV18750CE,SOLARINDS,26NOV2026,1875000.000000,50,OPTSTK,BFO,5.000000,100000000,False
1114687,FOCIT26NOV31300CE,FOCIT,26NOV2026,3130000.000000,45,OPTIDX,BFO,5.000000,1350,False
1114695,FOCIT26NOV33600CE,FOCIT,26NOV2026,3360000.000000,45,OPTIDX,BFO,5.000000,1350,False
1114701,JSWSTEEL26NOV1420CE,JSWSTEEL,26NOV2026,142000.000000,675,OPTSTK,BFO,5.000000,40500,False
1104078,SUZLON26NOVFUT,SUZLON,26NOV2026,0.000000,12700,FUTSTK,BFO,5.000000,100000000,False
1104080,DABUR26NOV390PE,DABUR,26NOV2026,39000.000000,1250,OPTSTK,BFO,5.000000,50000,False
1104160,VOLTAS26NOV1160PE,VOLTAS,26NOV2026,116000.000000,375,OPTSTK,BFO,5.000000,30000,False
1104178,CGPOWER26NOV940CE,CGPOWER,26NOV2026,94000.000000,850,OPTSTK,BFO,5.000000,100000000,False
1107414,BOSCHLTD26NOV47000CE,BOSCHLTD,26NOV2026,4700000.000000,25,OPTSTK,BFO,5.000000,1500,False
1107426,BANKEX26NOV61100PE,BANKEX,26NOV2026,6110000.000000,30,OPTIDX,BFO,5.000000,900,False
1107428,PATANJALI26NOV325PE,PATANJALI,26NOV2026,32500.000000,1075,OPTSTK,BFO,5.000000,100000000,False
1107441,HDFCBANK26NOV680CE,HDFCBANK,26NOV2026,68000.000000,650,OPTSTK,BFO,5.000000,16500,False
1114702,NATIONALUM26NOV380CE,NATIONALUM,26NOV2026,38000.000000,1875,OPTSTK,BFO,5.000000,300000,False
1114720,SENSEX26O1573200PE,SENSEX,15OCT2026,7320000.000000,20,OPTIDX,BFO,5.000000,1000,False
1114724,DIVISLAB26NOV8700CE,DIVISLAB,26NOV2026,870000.000000,100,OPTSTK,BFO,5.000000,8000,False
1114758,IDFCFIRSTB26NOV81CE,IDFCFIRSTB,26NOV2026,8100.000000,9275,OPTSTK,BFO,5.000000,450000,False
1107458,HYUNDAI26NOV2180PE,HYUNDAI,26NOV2026,218000.000000,275,OPTSTK,BFO,5.000000,100000000,False
1107486,DABUR26NOV380CE,DABUR,26NOV2026,38000.000000,1250,OPTSTK,BFO,5.000000,50000,False
1107499,HDFCAMC26NOV2300PE,HDFCAMC,26NOV2026,230000.000000,300,OPTSTK,BFO,5.000000,12000,False
1107508,IREDA26NOV125PE,IREDA,26NOV2026,12500.000000,4525,OPTSTK,BFO,5.000000,100000000,False
1104179,BPCL26NOV325PE,BPCL,26NOV2026,32500.000000,1975,OPTSTK,BFO,5.000000,72000,False
1104198,HDFCLIFE26NOV555PE,HDFCLIFE,26NOV2026,55500.000000,1100,OPTSTK,BFO,5.000000,44000,False
1104223,TITAN26NOV5050CE,TITAN,26NOV2026,505000.000000,175,OPTSTK,BFO,5.000000,11250,False
1104262,HDFCBANK26NOV760PE,HDFCBANK,26NOV2026,76000.000000,650,OPTSTK,BFO,5.000000,16500,False
1114793,SBIN26NOV1030PE,SBIN,26NOV2026,103000.000000,750,OPTSTK,BFO,5.000000,45000,False
1114801,FOCIT26NOV41300CE,FOCIT,26NOV2026,4130000.000000,45,OPTIDX,BFO,5.000000,1350,False
1114806,PIIND26NOV2850CE,PIIND,26NOV2026,285000.000000,175,OPTSTK,BFO,5.000000,7500,False
1114821,IRFC26NOV79CE,IRFC,26NOV2026,7900.000000,5425,OPTSTK,BFO,5.000000,100000000,False
1107513,COCHINSHIP26NOV1540PE,COCHINSHIP,26NOV2026,154000.000000,400,OPTSTK,BFO,5.000000,100000000,False
1107518,TVSMOTOR26NOV4200CE,TVSMOTOR,26NOV2026,420000.000000,175,OPTSTK,BFO,5.000000,21000,False
1107539,FOCIT26NOV36200CE,FOCIT,26NOV2026,3620000.000000,45,OPTIDX,BFO,5.000000,1350,False
1107615,RECLTD26NOV330CE,RECLTD,26NOV2026,33000.000000,1575,OPTSTK,BFO,5.000000,160000,False
1114842,ADANIPOWER26NOV185CE,ADANIPOWER,26NOV2026,18500.000000,3550,OPTSTK,BFO,5.000000,100000000,False
1114864,LTF26NOV345CE,LTF,26NOV2026,34500.000000,2250,OPTSTK,BFO,5.000000,267720,False
1114870,ETERNAL26NOV305PE,ETERNAL,26NOV2026,30500.000000,2425,OPTSTK,BFO,5.000000,100000000,False
1114874,BDL26NOV1460PE,BDL,26NOV2026,146000.000000,425,OPTSTK,BFO,5.000000,100000000,False
1107623,RADICO26NOV4250CE,RADICO,26NOV2026,425000.000000,150,OPTSTK,BFO,5.000000,100000000,False
1107646,BPCL26NOVFUT,BPCL,26NOV2026,0.000000,1975,FUTSTK,BFO,5.000000,72000,False
1107657,HINDZINC26NOV550PE,HINDZINC,26NOV2026,55000.000000,1225,OPTSTK,BFO,5.000000,100000000,False
1107658,PATANJALI26NOV360CE,PATANJALI,26NOV2026,36000.000000,1075,OPTSTK,BFO,5.000000,100000000,False
1114881,ATHERENERG26OCT1560PE,ATHERENERG,29OCT2026,156000.000000,375,OPTSTK,BFO,5.000000,100000000,False
1114885,BANKEX26NOV57800PE,BANKEX,26NOV2026,5780000.000000,30,OPTIDX,BFO,5.000000,900,False
1114924,SBIN26NOV1100PE,SBIN,26NOV2026,110000.000000,750,OPTSTK,BFO,5.000000,45000,False
1114950,PGEL26NOV610PE,PGEL,26NOV2026,61000.000000,950,OPTSTK,BFO,5.000000,100000000,False
1107659,BANKEX26NOV62700CE,BANKEX,26NOV2026,6270000.000000,30,OPTIDX,BFO,5.000000,900,False
1107704,SENSEX26O1572100PE,SENSEX,15OCT2026,7210000.000000,20,OPTIDX,BFO,5.000000,1000,False
1107740,ICICIGI26NOV1580PE,ICICIGI,26NOV2026,158000.000000,325,OPTSTK,BFO,5.000000,20000,False
1107741,ADANIENT26NOV3450PE,ADANIENT,26NOV2026,345000.000000,309,OPTSTK,BFO,5.000000,9000,False
1114958,BANKEX26NOV62100CE,BANKEX,26NOV2026,6210000.000000,30,OPTIDX,BFO,5.000000,900,False
1114991,FOCIT26NOV37600PE,FOCIT,26NOV2026,3760000.000000,45,OPTIDX,BFO,5.000000,1350,False
1114994,MAZDOCK26NOV2700PE,MAZDOCK,26NOV2026,270000.000000,225,OPTSTK,BFO,5.000000,100000000,False
1115002,FOCIT26NOV39900PE,FOCIT,26NOV2026,3990000.000000,45,OPTIDX,BFO,5.000000,1350,False
1107748,INDUSINDBK26NOV1010PE,INDUSINDBK,26NOV2026,101000.000000,700,OPTSTK,BFO,5.000000,20000,False
1107755,360ONE26NOV1260PE,,26NOV2026,126000.000000,500,OPTSTK,BFO,5.000000,100000000,False
1107797,UNITDSPR26NOV1480PE,UNITDSPR,26NOV2026,148000.000000,400,OPTSTK,BFO,5.000000,28000,False
1107811,BANKEX26NOV58100PE,BANKEX,26NOV2026,5810000.000000,30,OPTIDX,BFO,5.000000,900,False
1115019,COALINDIA26NOV385CE,COALINDIA,26NOV2026,38500.000000,1350,OPTSTK,BFO,5.000000,126000,False
1115022,BHARTIARTL26NOV1800CE,BHARTIARTL,26NOV2026,180000.000000,475,OPTSTK,BFO,5.000000,28500,False
1115026,PIDILITIND26NOV1660CE,PIDILITIND,26NOV2026,166000.000000,500,OPTSTK,BFO,5.000000,10000,False
1115032,PFC26NOV375CE,PFC,26NOV2026,37500.000000,1300,OPTSTK,BFO,5.000000,124000,False
1107817,SONACOMS26NOV820PE,SONACOMS,26NOV2026,82000.000000,1225,OPTSTK,BFO,5.000000,100000000,False
1107847,JSWENERGY26NOV570CE,JSWENERGY,26NOV2026,57000.000000,1075,OPTSTK,BFO,5.000000,100000000,False
1107849,DLF26NOV740CE,DLF,26NOV2026,74000.000000,950,OPTSTK,BFO,5.000000,49500,False
1107850,KALYANKJIL26NOV645PE,KALYANKJIL,26NOV2026,64500.000000,1350,OPTSTK,BFO,5.000000,100000000,False
1115056,HDFCBANK26SEP640PE,HDFCBANK,24SEP2026,64000.000000,650,OPTSTK,BFO,5.000000,16500,False
1115058,HINDALCO26NOV1140PE,HINDALCO,26NOV2026,114000.000000,700,OPTSTK,BFO,5.000000,56000,False
1115069,SENSEX26O1579100CE,SENSEX,15OCT2026,7910000.000000,20,OPTIDX,BFO,5.000000,1000,False
1115071,TATAPOWER26NOV320CE,TATAPOWER,26NOV2026,32000.000000,1450,OPTSTK,BFO,5.000000,101250,False
1107853,MAZDOCK26NOV2300CE,MAZDOCK,26NOV2026,230000.000000,225,OPTSTK,BFO,5.000000,100000000,False
1107885,DABUR26NOV380PE,DABUR,26NOV2026,38000.000000,1250,OPTSTK,BFO,5.000000,50000,False
1107876,TORNTPHARM26NOV4700PE,TORNTPHARM,26NOV2026,470000.000000,125,OPTSTK,BFO,5.000000,15000,False
1107881,IOC26NOV130PE,IOC,26NOV2026,13000.000000,4875,OPTSTK,BFO,5.000000,292500,False
1115074,RELIANCE26NOV1330CE,RELIANCE,26NOV2026,133000.000000,500,OPTSTK,BFO,5.000000,10000,False
1115081,FOCIT26NOV43000PE,FOCIT,26NOV2026,4300000.000000,45,OPTIDX,BFO,5.000000,1350,False
1115116,DABUR26NOV410CE,DABUR,26NOV2026,41000.000000,1250,OPTSTK,BFO,5.000000,50000,False
1115118,UNIONBANK26NOV187.5PE,UNIONBANK,26NOV2026,18750.000000,4425,OPTSTK,BFO,5.000000,100000000,False
1107909,NHPC26NOV83PE,NHPC,26NOV2026,8300.000000,6950,OPTSTK,BFO,5.000000,100000000,False
1107920,GODFRYPHLP26NOV1750CE,GODFRYPHLP,26NOV2026,175000.000000,275,OPTSTK,BFO,5.000000,100000000,False
1107922,MAHABANK26SEP83CE,MAHABANK,24SEP2026,8300.000000,6500,OPTSTK,BFO,5.000000,100000000,False
1107954,SRF26NOV2750CE,SRF,26NOV2026,275000.000000,200,OPTSTK,BFO,5.000000,11250,False
1115142,PETRONET26NOV265CE,PETRONET,26NOV2026,26500.000000,1900,OPTSTK,BFO,5.000000,120000,False
1115158,HAVELLS26NOV1160CE,HAVELLS,26NOV2026,116000.000000,500,OPTSTK,BFO,5.000000,20000,False
1115168,SENSEX26O1578800PE,SENSEX,15OCT2026,7880000.000000,20,OPTIDX,BFO,5.000000,1000,False
1115170,TIINDIA26NOV2700CE,TIINDIA,26NOV2026,270000.000000,200,OPTSTK,BFO,5.000000,100000000,False
1107956,SAGILITY26OCT47PE,SAGILITY,29OCT2026,4700.000000,12000,OPTSTK,BFO,5.000000,100000000,False
1108020,CROMPTON26NOV220CE,CROMPTON,26NOV2026,22000.000000,2150,OPTSTK,BFO,5.000000,90000,False
1109021,SAGILITY26NOV36PE,SAGILITY,26NOV2026,3600.000000,12000,OPTSTK,BFO,5.000000,100000000,False
1109434,HCLTECH26NOV1210PE,HCLTECH,26NOV2026,121000.000000,400,OPTSTK,BFO,5.000000,21000,False
1115175,UNITDSPR26NOV1600PE,UNITDSPR,26NOV2026,160000.000000,400,OPTSTK,BFO,5.000000,28000,False
1115176,TATAPOWER26NOVFUT,TATAPOWER,26NOV2026,0.000000,1450,FUTSTK,BFO,5.000000,101250,False
1115194,SOLARINDS26NOV20750PE,SOLARINDS,26NOV2026,2075000.000000,50,OPTSTK,BFO,5.000000,100000000,False
1115207,SENSEX26O1571700CE,SENSEX,15OCT2026,7170000.000000,20,OPTIDX,BFO,5.000000,1000,False
1109700,VMM26NOVFUT,VMM,26NOV2026,0.000000,4850,FUTSTK,BFO,5.000000,100000000,False
1110732,SUNPHARMA26NOV1940CE,SUNPHARMA,26NOV2026,194000.000000,350,OPTSTK,BFO,5.000000,28000,False
1110746,SAIL26NOV175PE,SAIL,26NOV2026,17500.000000,4700,OPTSTK,BFO,5.000000,320000,False
1110748,INOXWIND26NOV75PE,INOXWIND,26NOV2026,7500.000000,6400,OPTSTK,BFO,5.000000,100000000,False
1115226,INDUSINDBK26NOV960PE,INDUSINDBK,26NOV2026,96000.000000,700,OPTSTK,BFO,5.000000,20000,False
1115254,BHARATFORG26NOV2000PE,BHARATFORG,26NOV2026,200000.000000,500,OPTSTK,BFO,5.000000,30000,False
1115259,OFSS26NOV12500PE,OFSS,26NOV2026,1250000.000000,100,OPTSTK,BFO,5.000000,8000,False
1115267,KFINTECH26NOV840CE,KFINTECH,26NOV2026,84000.000000,575,OPTSTK,BFO,5.000000,100000000,False
1110754,COLPAL26NOV1980PE,COLPAL,26NOV2026,198000.000000,275,OPTSTK,BFO,5.000000,14000,False
1110756,MOTHERSON26NOV172.5PE,MOTHERSON,26NOV2026,17250.000000,6150,OPTSTK,BFO,5.000000,284000,False
1110781,SBICARD26NOV590PE,SBICARD,26NOV2026,59000.000000,800,OPTSTK,BFO,5.000000,32000,False
1110784,SONACOMS26NOV790CE,SONACOMS,26NOV2026,79000.000000,1225,OPTSTK,BFO,5.000000,100000000,False
1115268,GODREJPROP26NOV1980CE,GODREJPROP,26NOV2026,198000.000000,325,OPTSTK,BFO,5.000000,19000,False
1115293,NAUKRI26NOV1360PE,NAUKRI,26NOV2026,136000.000000,550,OPTSTK,BFO,5.000000,6000,False
1115304,BLUESTARCO26NOV1560PE,BLUESTARCO,26NOV2026,156000.000000,325,OPTSTK,BFO,5.000000,100000000,False
1115340,ATHERENERG26NOV1400PE,ATHERENERG,26NOV2026,140000.000000,375,OPTSTK,BFO,5.000000,100000000,False
1110787,FOCIT26NOV42800PE,FOCIT,26NOV2026,4280000.000000,45,OPTIDX,BFO,5.000000,1350,False
1110791,DIVISLAB26NOV8600CE,DIVISLAB,26NOV2026,860000.000000,100,OPTSTK,BFO,5.000000,8000,False
1110793,SENSEX26O1575400PE,SENSEX,15OCT2026,7540000.000000,20,OPTIDX,BFO,5.000000,1000,False
1110805,HINDZINC26NOV590CE,HINDZINC,26NOV2026,59000.000000,1225,OPTSTK,BFO,5.000000,100000000,False
1115343,ATHERENERG26SEP1480PE,ATHERENERG,24SEP2026,148000.000000,375,OPTSTK,BFO,5.000000,100000000,False
1115345,IDFCFIRSTB26NOV74CE,IDFCFIRSTB,26NOV2026,7400.000000,9275,OPTSTK,BFO,5.000000,450000,False
1115375,FOCIT26NOV39800CE,FOCIT,26NOV2026,3980000.000000,45,OPTIDX,BFO,5.000000,1350,False
1115378,AUROPHARMA26NOV1760PE,AUROPHARMA,26NOV2026,176000.000000,550,OPTSTK,BFO,5.000000,44000,False
1110808,WIPRO26NOV172.5CE,WIPRO,26NOV2026,17250.000000,3000,OPTSTK,BFO,5.000000,60000,False
1110817,SOLARINDS26NOV19500CE,SOLARINDS,26NOV2026,1950000.000000,50,OPTSTK,BFO,5.000000,100000000,False
1110825,AMBUJACEM26NOV390CE,AMBUJACEM,26NOV2026,39000.000000,1200,OPTSTK,BFO,5.000000,54000,False
1110842,UNOMINDA26NOV1240CE,UNOMINDA,26NOV2026,124000.000000,550,OPTSTK,BFO,5.000000,100000000,False
1104301,PATANJALI26NOV370PE,PATANJALI,26NOV2026,37000.000000,1075,OPTSTK,BFO,5.000000,100000000,False
1104304,MCX26NOV3300PE,MCX,26NOV2026,330000.000000,225,OPTSTK,BFO,5.000000,16000,False
1104319,KFINTECH26NOV980PE,KFINTECH,26NOV2026,98000.000000,575,OPTSTK,BFO,5.000000,100000000,False
1104334,LT26NOV4400PE,LT,26NOV2026,440000.000000,175,OPTSTK,BFO,5.000000,12000,False
1110866,IRFC26NOV91CE,IRFC,26NOV2026,9100.000000,5425,OPTSTK,BFO,5.000000,100000000,False
1110877,AUROPHARMA26NOV1520CE,AUROPHARMA,26NOV2026,152000.000000,550,OPTSTK,BFO,5.000000,44000,False
1110881,CGPOWER26NOV1040PE,CGPOWER,26NOV2026,104000.000000,850,OPTSTK,BFO,5.000000,100000000,False
1110891,SENSEX26NOV77300CE,SENSEX,26NOV2026,7730000.000000,20,OPTIDX,BFO,5.000000,1000,False
1115383,BAJAJFINSV26NOV2040PE,BAJAJFINSV,26NOV2026,204000.000000,300,OPTSTK,BFO,5.000000,20000,False
1115389,PRESTIGE26NOV1620CE,PRESTIGE,26NOV2026,162000.000000,450,OPTSTK,BFO,5.000000,100000000,False
1115392,DLF26NOV610CE,DLF,26NOV2026,61000.000000,950,OPTSTK,BFO,5.000000,49500,False
1115430,PETRONET26NOV265PE,PETRONET,26NOV2026,26500.000000,1900,OPTSTK,BFO,5.000000,120000,False
1104365,POWERINDIA26NOV31500CE,POWERINDIA,26NOV2026,3150000.000000,25,OPTSTK,BFO,5.000000,100000000,False
1104374,BANKINDIA26NOV132.5CE,BANKINDIA,26NOV2026,13250.000000,5200,OPTSTK,BFO,5.000000,100000000,False
1104375,SOLARINDS26NOV22000PE,SOLARINDS,26NOV2026,2200000.000000,50,OPTSTK,BFO,5.000000,100000000,False
1104418,RADICO26NOV4650PE,RADICO,26NOV2026,465000.000000,150,OPTSTK,BFO,5.000000,100000000,False
1110912,RVNL26NOV235CE,RVNL,26NOV2026,23500.000000,1925,OPTSTK,BFO,5.000000,100000000,False
1110918,VMM26NOV110PE,VMM,26NOV2026,11000.000000,4850,OPTSTK,BFO,5.000000,100000000,False
1110919,ATHERENERG26OCT1620PE,ATHERENERG,29OCT2026,162000.000000,375,OPTSTK,BFO,5.000000,100000000,False
1110943,TATACONSUM26NOV1060PE,TATACONSUM,26NOV2026,106000.000000,550,OPTSTK,BFO,5.000000,36000,False
1115469,BIOCON26NOV430PE,BIOCON,26NOV2026,43000.000000,2500,OPTSTK,BFO,5.000000,100000,False
1115480,MAHABANK26SEP78PE,MAHABANK,24SEP2026,7800.000000,6500,OPTSTK,BFO,5.000000,100000000,False
1115493,MUTHOOTFIN26NOV3200PE,MUTHOOTFIN,26NOV2026,320000.000000,275,OPTSTK,BFO,5.000000,22000,False
1115504,CANBK26NOV122.5PE,CANBK,26NOV2026,12250.000000,6750,OPTSTK,BFO,5.000000,81000,False
1104421,MARICO26NOV910CE,MARICO,26NOV2026,91000.000000,1200,OPTSTK,BFO,5.000000,48000,False
1104422,SENSEX26O1582100CE,SENSEX,15OCT2026,8210000.000000,20,OPTIDX,BFO,5.000000,1000,False
1104428,NESTLEIND26NOV1480PE,NESTLEIND,26NOV2026,148000.000000,500,OPTSTK,BFO,5.000000,1200,False
1104455,OFSS26NOV11500PE,OFSS,26NOV2026,1150000.000000,100,OPTSTK,BFO,5.000000,8000,False
1110963,ATHERENERG26OCT1460PE,ATHERENERG,29OCT2026,146000.000000,375,OPTSTK,BFO,5.000000,100000000,False
1110981,HYUNDAI26NOV2380PE,HYUNDAI,26NOV2026,238000.000000,275,OPTSTK,BFO,5.000000,100000000,False
1111017,NBCC26NOV105PE,NBCC,26NOV2026,10500.000000,6500,OPTSTK,BFO,5.000000,100000000,False
1111018,NAM-INDIA26NOV1340CE,NAM-INDIA,26NOV2026,134000.000000,625,OPTSTK,BFO,5.000000,100000000,False
1115511,ASHOKLEY26NOV172.5CE,ASHOKLEY,26NOV2026,17250.000000,5000,OPTSTK,BFO,5.000000,150000,False
1115514,JSWENERGY26NOV510CE,JSWENERGY,26NOV2026,51000.000000,1075,OPTSTK,BFO,5.000000,100000000,False
1115518,SBICARD26NOV710PE,SBICARD,26NOV2026,71000.000000,800,OPTSTK,BFO,5.000000,32000,False
1115519,OBEROIRLTY26NOV1940PE,OBEROIRLTY,26NOV2026,194000.000000,350,OPTSTK,BFO,5.000000,28000,False
1104490,HINDPETRO26NOV320CE,HINDPETRO,26NOV2026,32000.000000,2025,OPTSTK,BFO,5.000000,108000,False
1104509,ZYDUSLIFE26NOV1250CE,ZYDUSLIFE,26NOV2026,125000.000000,900,OPTSTK,BFO,5.000000,54000,False
1104536,ULTRACEMCO26NOV11000PE,ULTRACEMCO,26NOV2026,1100000.000000,50,OPTSTK,BFO,5.000000,3000,False
1104537,AUROPHARMA26NOV1700PE,AUROPHARMA,26NOV2026,170000.000000,550,OPTSTK,BFO,5.000000,44000,False
1111021,CGPOWER26NOV840PE,CGPOWER,26NOV2026,84000.000000,850,OPTSTK,BFO,5.000000,100000000,False
1111032,SENSEX5026NOV24600CE,SENSEX50,26NOV2026,2460000.000000,75,OPTIDX,BFO,5.000000,1800,False
1111056,BANKEX26NOV66600CE,BANKEX,26NOV2026,6660000.000000,30,OPTIDX,BFO,5.000000,900,False
1111067,MANKIND26NOV2280PE,MANKIND,26NOV2026,228000.000000,250,OPTSTK,BFO,5.000000,100000000,False
1115522,POWERINDIA26NOV30500PE,POWERINDIA,26NOV2026,3050000.000000,25,OPTSTK,BFO,5.000000,100000000,False
1115530,ADANIGREEN26NOV1360CE,ADANIGREEN,26NOV2026,136000.000000,600,OPTSTK,BFO,5.000000,100000000,False
1115535,RECLTD26SEP285CE,RECLTD,24SEP2026,28500.000000,1575,OPTSTK,BFO,5.000000,160000,False
1115538,FOCIT26NOV43800CE,FOCIT,26NOV2026,4380000.000000,45,OPTIDX,BFO,5.000000,1350,False
1111069,BANKEX26NOV68900CE,BANKEX,26NOV2026,6890000.000000,30,OPTIDX,BFO,5.000000,900,False
1111071,GODREJCP26NOV960PE,GODREJCP,26NOV2026,96000.000000,500,OPTSTK,BFO,5.000000,30000,False
1111073,MUTHOOTFIN26NOV2850CE,MUTHOOTFIN,26NOV2026,285000.000000,275,OPTSTK,BFO,5.000000,22000,False
1111078,FOCIT26NOV37500PE,FOCIT,26NOV2026,3750000.000000,45,OPTIDX,BFO,5.000000,1350,False
1115553,BHARTIARTL26NOV1940PE,BHARTIARTL,26NOV2026,194000.000000,475,OPTSTK,BFO,5.000000,28500,False
1115554,SENSEX26SEP81000CE,SENSEX,24SEP2026,8100000.000000,20,OPTIDX,BFO,5.000000,1000,False
1115556,COALINDIA26NOV365PE,COALINDIA,26NOV2026,36500.000000,1350,OPTSTK,BFO,5.000000,126000,False
1115558,SENSEX26O1578700CE,SENSEX,15OCT2026,7870000.000000,20,OPTIDX,BFO,5.000000,1000,False
1104572,JINDALSTEL26NOVFUT,JINDALSTEL,26NOV2026,0.000000,625,FUTSTK,BFO,5.000000,37500,False
1104603,INDUSINDBK26NOV960CE,INDUSINDBK,26NOV2026,96000.000000,700,OPTSTK,BFO,5.000000,20000,False
1104611,JIOFIN26NOV232.5CE,JIOFIN,26NOV2026,23250.000000,2350,OPTSTK,BFO,5.000000,100000000,False
1104627,HINDUNILVR26NOV1860CE,HINDUNILVR,26NOV2026,186000.000000,300,OPTSTK,BFO,5.000000,9000,False
1111081,LTF26NOV315CE,LTF,26NOV2026,31500.000000,2250,OPTSTK,BFO,5.000000,267720,False
1111085,TCS26NOV2180CE,TCS,26NOV2026,218000.000000,225,OPTSTK,BFO,5.000000,7000,False
1111104,SHREECEM26NOV23500CE,SHREECEM,26NOV2026,2350000.000000,25,OPTSTK,BFO,5.000000,1000,False
1111106,MOTHERSON26NOV177.5PE,MOTHERSON,26NOV2026,17750.000000,6150,OPTSTK,BFO,5.000000,284000,False
1111107,PREMIERENE26NOV1060CE,PREMIERENE,26NOV2026,106000.000000,650,OPTSTK,BFO,5.000000,100000000,False
1111112,SONACOMS26NOV790PE,SONACOMS,26NOV2026,79000.000000,1225,OPTSTK,BFO,5.000000,100000000,False
1111118,SWIGGY26NOV300PE,SWIGGY,26NOV2026,30000.000000,1825,OPTSTK,BFO,5.000000,100000000,False
1111119,ALKEM26NOV5400CE,ALKEM,26NOV2026,540000.000000,125,OPTSTK,BFO,5.000000,8000,False
1104648,PHOENIXLTD26NOV1880CE,PHOENIXLTD,26NOV2026,188000.000000,350,OPTSTK,BFO,5.000000,100000000,False
1104653,ULTRACEMCO26NOV11900PE,ULTRACEMCO,26NOV2026,1190000.000000,50,OPTSTK,BFO,5.000000,3000,False
1104659,IDFCFIRSTB26NOVFUT,IDFCFIRSTB,26NOV2026,0.000000,9275,FUTSTK,BFO,5.000000,450000,False
1104674,OIL26NOV505PE,OIL,26NOV2026,50500.000000,1400,OPTSTK,BFO,5.000000,100000000,False
1115561,SHRIRAMFIN26NOV980PE,SHRIRAMFIN,26NOV2026,98000.000000,825,OPTSTK,BFO,5.000000,18000,False
1115566,HINDALCO26NOV900CE,HINDALCO,26NOV2026,90000.000000,700,OPTSTK,BFO,5.000000,56000,False
1115604,CONCOR26NOV540CE,CONCOR,26NOV2026,54000.000000,1250,OPTSTK,BFO,5.000000,40000,False
1115613,BHEL26NOV455PE,BHEL,26NOV2026,45500.000000,2625,OPTSTK,BFO,5.000000,315000,False
1111143,CHOLAFIN26NOV1820CE,CHOLAFIN,26NOV2026,182000.000000,625,OPTSTK,BFO,5.000000,25000,False
1111154,BDL26NOV1260CE,BDL,26NOV2026,126000.000000,425,OPTSTK,BFO,5.000000,100000000,False
1111155,ADANIPOWER26NOV220PE,ADANIPOWER,26NOV2026,22000.000000,3550,OPTSTK,BFO,5.000000,100000000,False
1111182,PAGEIND26NOV36000CE,PAGEIND,26NOV2026,3600000.000000,20,OPTSTK,BFO,5.000000,600,False
1104675,SENSEX26O1578400PE,SENSEX,15OCT2026,7840000.000000,20,OPTIDX,BFO,5.000000,1000,False
1104679,SHRIRAMFIN26NOV1020CE,SHRIRAMFIN,26NOV2026,102000.000000,825,OPTSTK,BFO,5.000000,18000,False
1104690,RVNL26NOV245CE,RVNL,26NOV2026,24500.000000,1925,OPTSTK,BFO,5.000000,100000000,False
1104703,ADANIENSOL26NOV1580CE,ADANIENSOL,26NOV2026,158000.000000,675,OPTSTK,BFO,5.000000,100000000,False
1115623,MPHASIS26NOV2400CE,MPHASIS,26NOV2026,240000.000000,275,OPTSTK,BFO,5.000000,11000,False
1115631,SAIL26NOV205PE,SAIL,26NOV2026,20500.000000,4700,OPTSTK,BFO,5.000000,320000,False
1115642,OFSS26NOV12400CE,OFSS,26NOV2026,1240000.000000,100,OPTSTK,BFO,5.000000,8000,False
1115646,AUBANK26NOV1200PE,AUBANK,26NOV2026,120000.000000,1000,OPTSTK,BFO,5.000000,30000,False
1111189,VBL26NOV400PE,VBL,26NOV2026,40000.000000,1275,OPTSTK,BFO,5.000000,100000000,False
1111199,BHARATFORG26NOV2160CE,BHARATFORG,26NOV2026,216000.000000,500,OPTSTK,BFO,5.000000,30000,False
1111227,BANKEX26NOV70600CE,BANKEX,26NOV2026,7060000.000000,30,OPTIDX,BFO,5.000000,900,False
1111244,IDEA26NOV21PE,IDEA,26NOV2026,2100.000000,71475,OPTSTK,BFO,5.000000,2400000,False
1104715,SENSEX26NOV83700CE,SENSEX,26NOV2026,8370000.000000,20,OPTIDX,BFO,5.000000,1000,False
1104722,RADICO26NOV4550CE,RADICO,26NOV2026,455000.000000,150,OPTSTK,BFO,5.000000,100000000,False
1104735,FOCIT26NOV30500CE,FOCIT,26NOV2026,3050000.000000,45,OPTIDX,BFO,5.000000,1350,False
1104761,SOLARINDS26NOV19000PE,SOLARINDS,26NOV2026,1900000.000000,50,OPTSTK,BFO,5.000000,100000000,False
1111249,PREMIERENE26NOV860PE,PREMIERENE,26NOV2026,86000.000000,650,OPTSTK,BFO,5.000000,100000000,False
1111256,PNB26NOV111PE,PNB,26NOV2026,11100.000000,8000,OPTSTK,BFO,5.000000,480000,False
1111266,OIL26NOV460PE,OIL,26NOV2026,46000.000000,1400,OPTSTK,BFO,5.000000,100000000,False
1111277,VMM26NOV115PE,VMM,26NOV2026,11500.000000,4850,OPTSTK,BFO,5.000000,100000000,False
1115652,KAYNES26NOV3800PE,KAYNES,26NOV2026,380000.000000,150,OPTSTK,BFO,5.000000,100000000,False
1115656,PAYTM26NOV1620CE,PAYTM,26NOV2026,162000.000000,725,OPTSTK,BFO,5.000000,100000000,False
1115659,SONACOMS26NOV820CE,SONACOMS,26NOV2026,82000.000000,1225,OPTSTK,BFO,5.000000,100000000,False
1115665,BANKEX26NOV60000CE,BANKEX,26NOV2026,6000000.000000,30,OPTIDX,BFO,5.000000,900,False
1111287,INDUSTOWER26NOV405PE,INDUSTOWER,26NOV2026,40500.000000,1700,OPTSTK,BFO,5.000000,170000,False
1111293,BHEL26NOV445CE,BHEL,26NOV2026,44500.000000,2625,OPTSTK,BFO,5.000000,315000,False
1111315,INDUSTOWER26NOV370CE,INDUSTOWER,26NOV2026,37000.000000,1700,OPTSTK,BFO,5.000000,170000,False
1111316,TORNTPHARM26NOV4900PE,TORNTPHARM,26NOV2026,490000.000000,125,OPTSTK,BFO,5.000000,15000,False
1104767,INDUSTOWER26NOV415CE,INDUSTOWER,26NOV2026,41500.000000,1700,OPTSTK,BFO,5.000000,170000,False
1104784,NMDC26NOV80PE,NMDC,26NOV2026,8000.000000,6750,OPTSTK,BFO,5.000000,225000,False
1104800,JINDALSTEL26NOV1300PE,JINDALSTEL,26NOV2026,130000.000000,625,OPTSTK,BFO,5.000000,37500,False
1104802,SENSEX26O1574700PE,SENSEX,15OCT2026,7470000.000000,20,OPTIDX,BFO,5.000000,1000,False
1115668,BANKEX26NOV62300CE,BANKEX,26NOV2026,6230000.000000,30,OPTIDX,BFO,5.000000,900,False
1115690,FOCIT26NOV35500PE,FOCIT,26NOV2026,3550000.000000,45,OPTIDX,BFO,5.000000,1350,False
1115709,MARICO26NOV880PE,MARICO,26NOV2026,88000.000000,1200,OPTSTK,BFO,5.000000,48000,False
1115714,CIPLA26NOV1420CE,CIPLA,26NOV2026,142000.000000,425,OPTSTK,BFO,5.000000,26000,False
1111325,HINDALCO26NOV1100CE,HINDALCO,26NOV2026,110000.000000,700,OPTSTK,BFO,5.000000,56000,False
1111341,ASIANPAINT26NOV2500CE,ASIANPAINT,26NOV2026,250000.000000,250,OPTSTK,BFO,5.000000,8000,False
1111343,ABCAPITAL26NOV430CE,ABCAPITAL,26NOV2026,43000.000000,3100,OPTSTK,BFO,5.000000,162000,False
1111358,ATHERENERG26SEP1460CE,ATHERENERG,24SEP2026,146000.000000,375,OPTSTK,BFO,5.000000,100000000,False
1115755,MPHASIS26NOV2150CE,MPHASIS,26NOV2026,215000.000000,275,OPTSTK,BFO,5.000000,11000,False
1115760,ASIANPAINT26NOV2740PE,ASIANPAINT,26NOV2026,274000.000000,250,OPTSTK,BFO,5.000000,8000,False
1115770,FOCIT26NOV43200PE,FOCIT,26NOV2026,4320000.000000,45,OPTIDX,BFO,5.000000,1350,False
1115781,JSWENERGY26NOV510PE,JSWENERGY,26NOV2026,51000.000000,1075,OPTSTK,BFO,5.000000,100000000,False
1104808,NBCC26NOV75PE,NBCC,26NOV2026,7500.000000,6500,OPTSTK,BFO,5.000000,100000000,False
1104831,BANKINDIA26NOV132.5PE,BANKINDIA,26NOV2026,13250.000000,5200,OPTSTK,BFO,5.000000,100000000,False
1104863,GRASIM26NOV3140CE,GRASIM,26NOV2026,314000.000000,250,OPTSTK,BFO,5.000000,14250,False
1104870,HDFCAMC26NOV2350PE,HDFCAMC,26NOV2026,235000.000000,300,OPTSTK,BFO,5.000000,12000,False
1111368,NMDC26NOV88CE,NMDC,26NOV2026,8800.000000,6750,OPTSTK,BFO,5.000000,225000,False
1111413,LICI26NOV415PE,LICI,26NOV2026,41500.000000,1400,OPTSTK,BFO,5.000000,100000000,False
1111449,BIOCON26NOV425CE,BIOCON,26NOV2026,42500.000000,2500,OPTSTK,BFO,5.000000,100000,False
1111451,SENSEX26NOV83900PE,SENSEX,26NOV2026,8390000.000000,20,OPTIDX,BFO,5.000000,1000,False
1115801,TECHM26NOV1480CE,TECHM,26NOV2026,148000.000000,600,OPTSTK,BFO,5.000000,24000,False
1115802,MARUTI26NOV14100PE,MARUTI,26NOV2026,1410000.000000,50,OPTSTK,BFO,5.000000,3000,False
1115820,GODREJPROP26NOV2220CE,GODREJPROP,26NOV2026,222000.000000,325,OPTSTK,BFO,5.000000,19000,False
1115803,PNBHOUSING26NOV1040CE,PNBHOUSING,26NOV2026,104000.000000,650,OPTSTK,BFO,5.000000,100000000,False
1111452,HCLTECH26NOV1250PE,HCLTECH,26NOV2026,125000.000000,400,OPTSTK,BFO,5.000000,21000,False
1111472,AMBUJACEM26NOV395PE,AMBUJACEM,26NOV2026,39500.000000,1200,OPTSTK,BFO,5.000000,54000,False
1111512,LODHA26NOV1400PE,LODHA,26NOV2026,140000.000000,625,OPTSTK,BFO,5.000000,100000000,False
1111518,INDIANB26NOV840PE,INDIANB,26NOV2026,84000.000000,1000,OPTSTK,BFO,5.000000,100000000,False
1104883,AMBER26OCT8400CE,AMBER,29OCT2026,840000.000000,100,OPTSTK,BFO,5.000000,100000000,False
1104887,PREMIERENE26NOV1080PE,PREMIERENE,26NOV2026,108000.000000,650,OPTSTK,BFO,5.000000,100000000,False
1104900,SUPREMEIND26NOV3900PE,SUPREMEIND,26NOV2026,390000.000000,175,OPTSTK,BFO,5.000000,100000000,False
1104904,SBIN26NOV1000CE,SBIN,26NOV2026,100000.000000,750,OPTSTK,BFO,5.000000,45000,False
1115836,TIINDIA26NOV2750PE,TIINDIA,26NOV2026,275000.000000,200,OPTSTK,BFO,5.000000,100000000,False
1115870,BHARATFORG26NOV2120CE,BHARATFORG,26NOV2026,212000.000000,500,OPTSTK,BFO,5.000000,30000,False
1115872,TITAN26NOV4850CE,TITAN,26NOV2026,485000.000000,175,OPTSTK,BFO,5.000000,11250,False
1115883,NMDC26NOV86PE,NMDC,26NOV2026,8600.000000,6750,OPTSTK,BFO,5.000000,225000,False
1111553,MARICO26NOV780CE,MARICO,26NOV2026,78000.000000,1200,OPTSTK,BFO,5.000000,48000,False
1111565,SHRIRAMFIN26NOV1140CE,SHRIRAMFIN,26NOV2026,114000.000000,825,OPTSTK,BFO,5.000000,18000,False
1111571,SENSEX26O1571000PE,SENSEX,15OCT2026,7100000.000000,20,OPTIDX,BFO,5.000000,1000,False
1111575,JSWSTEEL26NOV1360CE,JSWSTEEL,26NOV2026,136000.000000,675,OPTSTK,BFO,5.000000,40500,False
1115890,NMDC26NOV82CE,NMDC,26NOV2026,8200.000000,6750,OPTSTK,BFO,5.000000,225000,False
1115893,BDL26NOV1300PE,BDL,26NOV2026,130000.000000,425,OPTSTK,BFO,5.000000,100000000,False
1115895,BANKEX26NOV64000PE,BANKEX,26NOV2026,6400000.000000,30,OPTIDX,BFO,5.000000,900,False
1115901,TATACONSUM26NOV1000PE,TATACONSUM,26NOV2026,100000.000000,550,OPTSTK,BFO,5.000000,36000,False
1104912,LTF26NOV325CE,LTF,26NOV2026,32500.000000,2250,OPTSTK,BFO,5.000000,267720,False
1104916,SENSEX26O1577700CE,SENSEX,15OCT2026,7770000.000000,20,OPTIDX,BFO,5.000000,1000,False
1104921,TATAPOWER26SEP320PE,TATAPOWER,24SEP2026,32000.000000,1450,OPTSTK,BFO,5.000000,101250,False
1104929,SENSEX26O1580100PE,SENSEX,15OCT2026,8010000.000000,20,OPTIDX,BFO,5.000000,1000,False
1111583,OIL26NOV465PE,OIL,26NOV2026,46500.000000,1400,OPTSTK,BFO,5.000000,100000000,False
1111592,M&M26NOV3650PE,M&M,26NOV2026,365000.000000,200,OPTSTK,BFO,5.000000,21000,False
1111598,IREDA26NOV102.5CE,IREDA,26NOV2026,10250.000000,4525,OPTSTK,BFO,5.000000,100000000,False
1111603,MUTHOOTFIN26NOV3100PE,MUTHOOTFIN,26NOV2026,310000.000000,275,OPTSTK,BFO,5.000000,22000,False
1115909,POLICYBZR26NOV1860PE,POLICYBZR,26NOV2026,186000.000000,350,OPTSTK,BFO,5.000000,100000000,False
1115914,POLICYBZR26NOVFUT,POLICYBZR,26NOV2026,0.000000,350,FUTSTK,BFO,5.000000,100000000,False
1115926,MOTHERSON26NOV172.5CE,MOTHERSON,26NOV2026,17250.000000,6150,OPTSTK,BFO,5.000000,284000,False
1115931,HDFCBANK26NOV660CE,HDFCBANK,26NOV2026,66000.000000,650,OPTSTK,BFO,5.000000,16500,False
1111623,BDL26NOV1480CE,BDL,26NOV2026,148000.000000,425,OPTSTK,BFO,5.000000,100000000,False
1111624,NTPC26NOV360CE,NTPC,26NOV2026,36000.000000,1500,OPTSTK,BFO,5.000000,150000,False
1111633,UNOMINDA26NOV1280CE,UNOMINDA,26NOV2026,128000.000000,550,OPTSTK,BFO,5.000000,100000000,False
1111636,RADICO26NOV4750PE,RADICO,26NOV2026,475000.000000,150,OPTSTK,BFO,5.000000,100000000,False
1104936,UPL26NOV630CE,UPL,26NOV2026,63000.000000,1355,OPTSTK,BFO,5.000000,39000,False
1104943,SENSEX26NOV73100PE,SENSEX,26NOV2026,7310000.000000,20,OPTIDX,BFO,5.000000,1000,False
1104944,KAYNES26NOV4200PE,KAYNES,26NOV2026,420000.000000,150,OPTSTK,BFO,5.000000,100000000,False
1104963,SWIGGY26NOV310PE,SWIGGY,26NOV2026,31000.000000,1825,OPTSTK,BFO,5.000000,100000000,False
1115978,BANKEX26NOV64900PE,BANKEX,26NOV2026,6490000.000000,30,OPTIDX,BFO,5.000000,900,False
1115985,IREDA26NOV105PE,IREDA,26NOV2026,10500.000000,4525,OPTSTK,BFO,5.000000,100000000,False
1115986,COCHINSHIP26NOV1520PE,COCHINSHIP,26NOV2026,152000.000000,400,OPTSTK,BFO,5.000000,100000000,False
1115988,HDFCLIFE26NOV520PE,HDFCLIFE,26NOV2026,52000.000000,1100,OPTSTK,BFO,5.000000,44000,False
1111649,IEX26NOV130PE,IEX,26NOV2026,13000.000000,4350,OPTSTK,BFO,5.000000,150000,False
1111684,GVT&D26NOV4700PE,GVT&D,26NOV2026,470000.000000,125,OPTSTK,BFO,5.000000,100000000,False
1111696,HINDPETRO26NOV420CE,HINDPETRO,26NOV2026,42000.000000,2025,OPTSTK,BFO,5.000000,108000,False
1111704,UNOMINDA26NOV1360PE,UNOMINDA,26NOV2026,136000.000000,550,OPTSTK,BFO,5.000000,100000000,False
1104972,GODREJPROP26NOV2100PE,GODREJPROP,26NOV2026,210000.000000,325,OPTSTK,BFO,5.000000,19000,False
1104976,SWIGGY26NOV315CE,SWIGGY,26NOV2026,31500.000000,1825,OPTSTK,BFO,5.000000,100000000,False
1104978,BRITANNIA26NOV5100CE,BRITANNIA,26NOV2026,510000.000000,125,OPTSTK,BFO,5.000000,6000,False
1104988,ADANIPOWER26NOV230PE,ADANIPOWER,26NOV2026,23000.000000,3550,OPTSTK,BFO,5.000000,100000000,False
1115990,AMBER26NOV8300CE,AMBER,26NOV2026,830000.000000,100,OPTSTK,BFO,5.000000,100000000,False
1115996,LTF26NOV295PE,LTF,26NOV2026,29500.000000,2250,OPTSTK,BFO,5.000000,267720,False
1116000,GMRAIRPORT26NOV93CE,GMRAIRPORT,26NOV2026,9300.000000,6975,OPTSTK,BFO,5.000000,675000,False
1116012,ATHERENERG26NOV1600PE,ATHERENERG,26NOV2026,160000.000000,375,OPTSTK,BFO,5.000000,100000000,False
1111730,LICI26NOV385CE,LICI,26NOV2026,38500.000000,1400,OPTSTK,BFO,5.000000,100000000,False
1111772,CGPOWER26NOV880PE,CGPOWER,26NOV2026,88000.000000,850,OPTSTK,BFO,5.000000,100000000,False
1111775,MUTHOOTFIN26NOV3000CE,MUTHOOTFIN,26NOV2026,300000.000000,275,OPTSTK,BFO,5.000000,22000,False
1111794,NATIONALUM26NOV460CE,NATIONALUM,26NOV2026,46000.000000,1875,OPTSTK,BFO,5.000000,300000,False
1104999,MAHABANK26SEP86CE,MAHABANK,24SEP2026,8600.000000,6500,OPTSTK,BFO,5.000000,100000000,False
1105002,TITAN26NOV5350PE,TITAN,26NOV2026,535000.000000,175,OPTSTK,BFO,5.000000,11250,False
1105043,COALINDIA26NOV365CE,COALINDIA,26NOV2026,36500.000000,1350,OPTSTK,BFO,5.000000,126000,False
1105050,FOCIT26NOV29800CE,FOCIT,26NOV2026,2980000.000000,45,OPTIDX,BFO,5.000000,1350,False
1116013,TVSMOTOR26NOVFUT,TVSMOTOR,26NOV2026,0.000000,175,FUTSTK,BFO,5.000000,21000,False
1116025,NYKAA26NOV350CE,NYKAA,26NOV2026,35000.000000,3125,OPTSTK,BFO,5.000000,100000000,False
1116053,SENSEX26O1575000PE,SENSEX,15OCT2026,7500000.000000,20,OPTIDX,BFO,5.000000,1000,False
1116060,IDFCFIRSTB26OCT74CE,IDFCFIRSTB,29OCT2026,7400.000000,9275,OPTSTK,BFO,5.000000,450000,False
1111797,SRF26NOV2350PE,SRF,26NOV2026,235000.000000,200,OPTSTK,BFO,5.000000,11250,False
1111805,IDEA26NOV14PE,IDEA,26NOV2026,1400.000000,71475,OPTSTK,BFO,5.000000,2400000,False
1111808,SBIN26NOV1030CE,SBIN,26NOV2026,103000.000000,750,OPTSTK,BFO,5.000000,45000,False
1111809,SENSEX26NOV81500CE,SENSEX,26NOV2026,8150000.000000,20,OPTIDX,BFO,5.000000,1000,False
1116062,IDEA26NOV20PE,IDEA,26NOV2026,2000.000000,71475,OPTSTK,BFO,5.000000,2400000,False
1116118,HAL26NOV5100CE,HAL,26NOV2026,510000.000000,150,OPTSTK,BFO,5.000000,9000,False
1116124,SENSEX26O1573600PE,SENSEX,15OCT2026,7360000.000000,20,OPTIDX,BFO,5.000000,1000,False
1116126,NBCC26NOV105CE,NBCC,26NOV2026,10500.000000,6500,OPTSTK,BFO,5.000000,100000000,False
1105071,SONACOMS26NOV870PE,SONACOMS,26NOV2026,87000.000000,1225,OPTSTK,BFO,5.000000,100000000,False
1105074,HAVELLS26OCT1100CE,HAVELLS,29OCT2026,110000.000000,500,OPTSTK,BFO,5.000000,20000,False
1105095,ITC26NOV265PE,ITC,26NOV2026,26500.000000,1725,OPTSTK,BFO,5.000000,64000,False
1105113,MAZDOCK26NOV2350CE,MAZDOCK,26NOV2026,235000.000000,225,OPTSTK,BFO,5.000000,100000000,False
1111810,BHARTIARTL26NOV1900CE,BHARTIARTL,26NOV2026,190000.000000,475,OPTSTK,BFO,5.000000,28500,False
1111817,BRITANNIA26NOV5300PE,BRITANNIA,26NOV2026,530000.000000,125,OPTSTK,BFO,5.000000,6000,False
1111818,LTF26NOV355CE,LTF,26NOV2026,35500.000000,2250,OPTSTK,BFO,5.000000,267720,False
1111840,TMPV26NOV280CE,TMPV,26NOV2026,28000.000000,1600,OPTSTK,BFO,5.000000,42750,False
1116132,BPCL26NOV350CE,BPCL,26NOV2026,35000.000000,1975,OPTSTK,BFO,5.000000,72000,False
1116140,SUZLON26NOV41PE,SUZLON,26NOV2026,4100.000000,12700,OPTSTK,BFO,5.000000,100000000,False
1116153,SOLARINDS26NOV22250CE,SOLARINDS,26NOV2026,2225000.000000,50,OPTSTK,BFO,5.000000,100000000,False
1116161,POWERGRID26NOV275CE,POWERGRID,26NOV2026,27500.000000,1900,OPTSTK,BFO,5.000000,108000,False
1105117,CHOLAFIN26NOV1740CE,CHOLAFIN,26NOV2026,174000.000000,625,OPTSTK,BFO,5.000000,25000,False
1105123,BOSCHLTD26NOV50500CE,BOSCHLTD,26NOV2026,5050000.000000,25,OPTSTK,BFO,5.000000,1500,False
1105130,NMDC26NOV85PE,NMDC,26NOV2026,8500.000000,6750,OPTSTK,BFO,5.000000,225000,False
1105134,PIDILITIND26NOV1560PE,PIDILITIND,26NOV2026,156000.000000,500,OPTSTK,BFO,5.000000,10000,False
1111892,ASIANPAINT26NOV2640PE,ASIANPAINT,26NOV2026,264000.000000,250,OPTSTK,BFO,5.000000,8000,False
1111877,GODFRYPHLP26NOV2200PE,GODFRYPHLP,26NOV2026,220000.000000,275,OPTSTK,BFO,5.000000,100000000,False
1111884,JIOFIN26OCT220CE,JIOFIN,29OCT2026,22000.000000,2350,OPTSTK,BFO,5.000000,100000000,False
1111886,FOCIT26NOV31700PE,FOCIT,26NOV2026,3170000.000000,45,OPTIDX,BFO,5.000000,1350,False
1116166,MAZDOCK26NOV2950CE,MAZDOCK,26NOV2026,295000.000000,225,OPTSTK,BFO,5.000000,100000000,False
1116170,AMBUJACEM26NOV400PE,AMBUJACEM,26NOV2026,40000.000000,1200,OPTSTK,BFO,5.000000,54000,False
1116181,JSWENERGY26NOV550CE,JSWENERGY,26NOV2026,55000.000000,1075,OPTSTK,BFO,5.000000,100000000,False
1116196,BANDHANBNK26NOV180CE,BANDHANBNK,26NOV2026,18000.000000,3600,OPTSTK,BFO,5.000000,100000,False
1105139,HCLTECH26OCT1220PE,HCLTECH,29OCT2026,122000.000000,400,OPTSTK,BFO,5.000000,21000,False
1105144,BANKEX26NOV71300CE,BANKEX,26NOV2026,7130000.000000,30,OPTIDX,BFO,5.000000,900,False
1105154,SENSEX26O1576000CE,SENSEX,15OCT2026,7600000.000000,20,OPTIDX,BFO,5.000000,1000,False
1105157,TITAN26NOV4800PE,TITAN,26NOV2026,480000.000000,175,OPTSTK,BFO,5.000000,11250,False
1111903,IREDA26NOV107.5CE,IREDA,26NOV2026,10750.000000,4525,OPTSTK,BFO,5.000000,100000000,False
1111906,JINDALSTEL26NOV1240PE,JINDALSTEL,26NOV2026,124000.000000,625,OPTSTK,BFO,5.000000,37500,False
1111908,ATHERENERG26OCT1560CE,ATHERENERG,29OCT2026,156000.000000,375,OPTSTK,BFO,5.000000,100000000,False
1111912,CHOLAFIN26NOV1860CE,CHOLAFIN,26NOV2026,186000.000000,625,OPTSTK,BFO,5.000000,25000,False
1116224,IEX26NOV127.5CE,IEX,26NOV2026,12750.000000,4350,OPTSTK,BFO,5.000000,150000,False
1116264,IRFC26NOV87PE,IRFC,26NOV2026,8700.000000,5425,OPTSTK,BFO,5.000000,100000000,False
1116274,IRFC26NOV83CE,IRFC,26NOV2026,8300.000000,5425,OPTSTK,BFO,5.000000,100000000,False
1116328,JUBLFOOD26NOV525PE,JUBLFOOD,26NOV2026,52500.000000,1250,OPTSTK,BFO,5.000000,50000,False
1105161,BANKINDIA26NOV137.5PE,BANKINDIA,26NOV2026,13750.000000,5200,OPTSTK,BFO,5.000000,100000000,False
1105168,SUZLON26NOV52PE,SUZLON,26NOV2026,5200.000000,12700,OPTSTK,BFO,5.000000,100000000,False
1105186,HCLTECH26NOV1340CE,HCLTECH,26NOV2026,134000.000000,400,OPTSTK,BFO,5.000000,21000,False
1105187,CGPOWER26NOV980CE,CGPOWER,26NOV2026,98000.000000,850,OPTSTK,BFO,5.000000,100000000,False
1111917,KOTAKBANK26NOV460CE,KOTAKBANK,26NOV2026,46000.000000,2000,OPTSTK,BFO,5.000000,12000,False
1111921,YESBANK26NOV28CE,YESBANK,26NOV2026,2800.000000,31100,OPTSTK,BFO,5.000000,100000000,False
1111978,IEX26NOV135PE,IEX,26NOV2026,13500.000000,4350,OPTSTK,BFO,5.000000,150000,False
1112003,CROMPTON26NOV240PE,CROMPTON,26NOV2026,24000.000000,2150,OPTSTK,BFO,5.000000,90000,False
1116352,PNB26NOV115PE,PNB,26NOV2026,11500.000000,8000,OPTSTK,BFO,5.000000,480000,False
1116356,SENSEX26O1582900CE,SENSEX,15OCT2026,8290000.000000,20,OPTIDX,BFO,5.000000,1000,False
1116376,SENSEX26NOV80600PE,SENSEX,26NOV2026,8060000.000000,20,OPTIDX,BFO,5.000000,1000,False
1116396,PAYTM26NOV1580PE,PAYTM,26NOV2026,158000.000000,725,OPTSTK,BFO,5.000000,100000000,False
1112022,WIPRO26NOV185CE,WIPRO,26NOV2026,18500.000000,3000,OPTSTK,BFO,5.000000,60000,False
1112056,HEROMOTOCO26NOV6100PE,HEROMOTOCO,26NOV2026,610000.000000,150,OPTSTK,BFO,5.000000,9000,False
1112064,MAHABANK26SEPFUT,MAHABANK,24SEP2026,0.000000,6500,FUTSTK,BFO,5.000000,100000000,False
1112072,ANGELONE26NOV280PE,ANGELONE,26NOV2026,28000.000000,2500,OPTSTK,BFO,5.000000,100000000,False
1105210,HINDPETRO26NOV300PE,HINDPETRO,26NOV2026,30000.000000,2025,OPTSTK,BFO,5.000000,108000,False
1105217,KFINTECH26NOV1100CE,KFINTECH,26NOV2026,110000.000000,575,OPTSTK,BFO,5.000000,100000000,False
1105229,BANKEX26NOV59900PE,BANKEX,26NOV2026,5990000.000000,30,OPTIDX,BFO,5.000000,900,False
1105238,TATAPOWER26SEP325PE,TATAPOWER,24SEP2026,32500.000000,1450,OPTSTK,BFO,5.000000,101250,False
1116422,COLPAL26NOV1960PE,COLPAL,26NOV2026,196000.000000,275,OPTSTK,BFO,5.000000,14000,False
1116620,SUZLON26NOV50CE,SUZLON,26NOV2026,5000.000000,12700,OPTSTK,BFO,5.000000,100000000,False
1117007,NHPC26NOV72CE,NHPC,26NOV2026,7200.000000,6950,OPTSTK,BFO,5.000000,100000000,False
1117022,ZYDUSLIFE26NOV1140PE,ZYDUSLIFE,26NOV2026,114000.000000,900,OPTSTK,BFO,5.000000,54000,False
1112080,BRITANNIA26NOV5200CE,BRITANNIA,26NOV2026,520000.000000,125,OPTSTK,BFO,5.000000,6000,False
1112085,KOTAKBANK26NOV405PE,KOTAKBANK,26NOV2026,40500.000000,2000,OPTSTK,BFO,5.000000,12000,False
1112089,LICI26NOV385PE,LICI,26NOV2026,38500.000000,1400,OPTSTK,BFO,5.000000,100000000,False
1112109,TITAN26NOV5450PE,TITAN,26NOV2026,545000.000000,175,OPTSTK,BFO,5.000000,11250,False
1117043,BANKEX26NOV64200PE,BANKEX,26NOV2026,6420000.000000,30,OPTIDX,BFO,5.000000,900,False
1117046,UNOMINDA26NOV1300PE,UNOMINDA,26NOV2026,130000.000000,550,OPTSTK,BFO,5.000000,100000000,False
1117059,ATHERENERG26OCT1600PE,ATHERENERG,29OCT2026,160000.000000,375,OPTSTK,BFO,5.000000,100000000,False
1117063,PFC26NOVFUT,PFC,26NOV2026,0.000000,1300,FUTSTK,BFO,5.000000,124000,False
1105259,SIEMENS26NOV4300PE,SIEMENS,26NOV2026,430000.000000,175,OPTSTK,BFO,5.000000,8250,False
1105265,GMRAIRPORT26NOV92CE,GMRAIRPORT,26NOV2026,9200.000000,6975,OPTSTK,BFO,5.000000,675000,False
1105269,SUPREMEIND26NOV3550CE,SUPREMEIND,26NOV2026,355000.000000,175,OPTSTK,BFO,5.000000,100000000,False
1105274,ICICIPRULI26NOV500PE,ICICIPRULI,26NOV2026,50000.000000,925,OPTSTK,BFO,5.000000,60000,False
1112118,GODFRYPHLP26NOV2100CE,GODFRYPHLP,26NOV2026,210000.000000,275,OPTSTK,BFO,5.000000,100000000,False
1112123,SAGILITY26SEP48PE,SAGILITY,24SEP2026,4800.000000,12000,OPTSTK,BFO,5.000000,100000000,False
1112127,ASIANPAINT26NOV2700CE,ASIANPAINT,26NOV2026,270000.000000,250,OPTSTK,BFO,5.000000,8000,False
1112142,HINDALCO26NOV1140CE,HINDALCO,26NOV2026,114000.000000,700,OPTSTK,BFO,5.000000,56000,False
1117079,MANKIND26NOV2340CE,MANKIND,26NOV2026,234000.000000,250,OPTSTK,BFO,5.000000,100000000,False
1117088,ATHERENERG26OCT1440PE,ATHERENERG,29OCT2026,144000.000000,375,OPTSTK,BFO,5.000000,100000000,False
1117090,KALYANKJIL26NOV660PE,KALYANKJIL,26NOV2026,66000.000000,1350,OPTSTK,BFO,5.000000,100000000,False
1117095,GRASIM26NOV3120PE,GRASIM,26NOV2026,312000.000000,250,OPTSTK,BFO,5.000000,14250,False
1112145,BAJAJ-AUTO26NOV11700CE,BAJAJ-AUTO,26NOV2026,1170000.000000,75,OPTSTK,BFO,5.000000,5000,False
1112161,JUBLFOOD26NOV515CE,JUBLFOOD,26NOV2026,51500.000000,1250,OPTSTK,BFO,5.000000,50000,False
1112166,SENSEX26NOV83200PE,SENSEX,26NOV2026,8320000.000000,20,OPTIDX,BFO,5.000000,1000,False
1112173,ASTRAL26NOV1400CE,ASTRAL,26NOV2026,140000.000000,425,OPTSTK,BFO,5.000000,14680,False
1117101,COLPAL26NOV1860CE,COLPAL,26NOV2026,186000.000000,275,OPTSTK,BFO,5.000000,14000,False
1117106,ATHERENERG26NOV1560CE,ATHERENERG,26NOV2026,156000.000000,375,OPTSTK,BFO,5.000000,100000000,False
1117107,BANKEX26NOV60500PE,BANKEX,26NOV2026,6050000.000000,30,OPTIDX,BFO,5.000000,900,False
1117111,SENSEX5026NOV25200CE,SENSEX50,26NOV2026,2520000.000000,75,OPTIDX,BFO,5.000000,1800,False
1105278,SWIGGY26NOV315PE,SWIGGY,26NOV2026,31500.000000,1825,OPTSTK,BFO,5.000000,100000000,False
1105295,SAGILITY26OCT38PE,SAGILITY,29OCT2026,3800.000000,12000,OPTSTK,BFO,5.000000,100000000,False
1105306,KOTAKBANK26NOV435CE,KOTAKBANK,26NOV2026,43500.000000,2000,OPTSTK,BFO,5.000000,12000,False
1105313,PFC26NOV330PE,PFC,26NOV2026,33000.000000,1300,OPTSTK,BFO,5.000000,124000,False
1112175,TATAELXSI26NOV3750CE,TATAELXSI,26NOV2026,375000.000000,125,OPTSTK,BFO,5.000000,100000000,False
1112193,FOCIT26NOV32300PE,FOCIT,26NOV2026,3230000.000000,45,OPTIDX,BFO,5.000000,1350,False
1112208,VEDL26NOV290PE,VEDL,26NOV2026,29000.000000,1150,OPTSTK,BFO,5.000000,80000,False
1112225,IDEA26NOV19PE,IDEA,26NOV2026,1900.000000,71475,OPTSTK,BFO,5.000000,2400000,False
1117137,APOLLOHOSP26NOV9500PE,APOLLOHOSP,26NOV2026,950000.000000,125,OPTSTK,BFO,5.000000,5000,False
1117165,MAHABANK26OCT88CE,MAHABANK,29OCT2026,8800.000000,6500,OPTSTK,BFO,5.000000,100000000,False
1117184,CONCOR26NOV495CE,CONCOR,26NOV2026,49500.000000,1250,OPTSTK,BFO,5.000000,40000,False
1117196,BANKBARODA26NOV260PE,BANKBARODA,26NOV2026,26000.000000,2925,OPTSTK,BFO,5.000000,175500,False
1105334,SENSEX26O1580000CE,SENSEX,15OCT2026,8000000.000000,20,OPTIDX,BFO,5.000000,1000,False
1105351,SENSEX26NOV75300CE,SENSEX,26NOV2026,7530000.000000,20,OPTIDX,BFO,5.000000,1000,False
1105376,TRENT26NOV3250CE,TRENT,26NOV2026,325000.000000,225,OPTSTK,BFO,5.000000,16000,False
1105381,BLUESTARCO26NOV1380PE,BLUESTARCO,26NOV2026,138000.000000,325,OPTSTK,BFO,5.000000,100000000,False
1112238,SENSEX26NOV72500CE,SENSEX,26NOV2026,7250000.000000,20,OPTIDX,BFO,5.000000,1000,False
1112246,RVNL26NOV185PE,RVNL,26NOV2026,18500.000000,1925,OPTSTK,BFO,5.000000,100000000,False
1112284,ATHERENERG26SEP1580PE,ATHERENERG,24SEP2026,158000.000000,375,OPTSTK,BFO,5.000000,100000000,False
1112325,IREDA26NOV107.5PE,IREDA,26NOV2026,10750.000000,4525,OPTSTK,BFO,5.000000,100000000,False
1117253,TATACONSUM26NOV1100CE,TATACONSUM,26NOV2026,110000.000000,550,OPTSTK,BFO,5.000000,36000,False
1117306,ICICIBANK26NOV1400CE,ICICIBANK,26NOV2026,140000.000000,700,OPTSTK,BFO,5.000000,28000,False
1117308,FOCIT26NOV43300CE,FOCIT,26NOV2026,4330000.000000,45,OPTIDX,BFO,5.000000,1350,False
1117317,GODREJCP26NOVFUT,GODREJCP,26NOV2026,0.000000,500,FUTSTK,BFO,5.000000,30000,False
1105410,BANKEX26NOV63900PE,BANKEX,26NOV2026,6390000.000000,30,OPTIDX,BFO,5.000000,900,False
1105430,TATAELXSI26NOV3550PE,TATAELXSI,26NOV2026,355000.000000,125,OPTSTK,BFO,5.000000,100000000,False
1105470,AMBER26NOV8000PE,AMBER,26NOV2026,800000.000000,100,OPTSTK,BFO,5.000000,100000000,False
1112330,HCLTECH26NOV1290PE,HCLTECH,26NOV2026,129000.000000,400,OPTSTK,BFO,5.000000,21000,False
1112338,NAM-INDIA26NOV1100PE,NAM-INDIA,26NOV2026,110000.000000,625,OPTSTK,BFO,5.000000,100000000,False
1112339,GAIL26NOV167.5PE,GAIL,26NOV2026,16750.000000,3550,OPTSTK,BFO,5.000000,274500,False
1112342,SENSEX27MAR77000PE,SENSEX,25MAR2027,7700000.000000,20,OPTIDX,BFO,5.000000,1000,False
1105451,ADANIPORTS26NOV1820PE,ADANIPORTS,26NOV2026,182000.000000,475,OPTSTK,BFO,5.000000,32000,False
1112365,LUPIN26NOV2140CE,LUPIN,26NOV2026,214000.000000,425,OPTSTK,BFO,5.000000,34000,False
1112374,SAGILITY26NOV40PE,SAGILITY,26NOV2026,4000.000000,12000,OPTSTK,BFO,5.000000,100000000,False
1112378,ABCAPITAL26NOV380CE,ABCAPITAL,26NOV2026,38000.000000,3100,OPTSTK,BFO,5.000000,162000,False
1112385,MAXHEALTH26NOVFUT,MAXHEALTH,26NOV2026,0.000000,525,FUTSTK,BFO,5.000000,100000000,False
1117348,CUMMINSIND26NOV5700PE,CUMMINSIND,26NOV2026,570000.000000,200,OPTSTK,BFO,5.000000,18000,False
1117381,ETERNAL26NOV315CE,ETERNAL,26NOV2026,31500.000000,2425,OPTSTK,BFO,5.000000,100000000,False
1117382,BANKEX26NOV59800PE,BANKEX,26NOV2026,5980000.000000,30,OPTIDX,BFO,5.000000,900,False
1117400,TATAELXSI26NOV3700PE,TATAELXSI,26NOV2026,370000.000000,125,OPTSTK,BFO,5.000000,100000000,False
1105471,BHARATFORG26NOV1940PE,BHARATFORG,26NOV2026,194000.000000,500,OPTSTK,BFO,5.000000,30000,False
1105496,SENSEX5026NOV24900CE,SENSEX50,26NOV2026,2490000.000000,75,OPTIDX,BFO,5.000000,1800,False
1105509,POWERGRID26NOV247.5CE,POWERGRID,26NOV2026,24750.000000,1900,OPTSTK,BFO,5.000000,108000,False
1105528,MAZDOCK26NOV2900PE,MAZDOCK,26NOV2026,290000.000000,225,OPTSTK,BFO,5.000000,100000000,False
1112396,DRREDDY26NOV1110PE,DRREDDY,26NOV2026,111000.000000,625,OPTSTK,BFO,5.000000,5000,False
1112414,HCLTECH26NOV1280CE,HCLTECH,26NOV2026,128000.000000,400,OPTSTK,BFO,5.000000,21000,False
1112430,FOCIT26NOV31600CE,FOCIT,26NOV2026,3160000.000000,45,OPTIDX,BFO,5.000000,1350,False
1112442,M&M26NOV3100CE,M&M,26NOV2026,310000.000000,200,OPTSTK,BFO,5.000000,21000,False
1117442,MARUTI26NOV13900PE,MARUTI,26NOV2026,1390000.000000,50,OPTSTK,BFO,5.000000,3000,False
1117443,IOC26NOV150PE,IOC,26NOV2026,15000.000000,4875,OPTSTK,BFO,5.000000,292500,False
1117458,ATHERENERG26SEP1440CE,ATHERENERG,24SEP2026,144000.000000,375,OPTSTK,BFO,5.000000,100000000,False
1105530,PFC26NOV390CE,PFC,26NOV2026,39000.000000,1300,OPTSTK,BFO,5.000000,124000,False
1105532,WIPRO26NOV190CE,WIPRO,26NOV2026,19000.000000,3000,OPTSTK,BFO,5.000000,60000,False
1105537,VEDL26NOV265PE,VEDL,26NOV2026,26500.000000,1150,OPTSTK,BFO,5.000000,80000,False
1105546,SENSEX26NOV83900CE,SENSEX,26NOV2026,8390000.000000,20,OPTIDX,BFO,5.000000,1000,False
1105560,EICHERMOT26NOV8200PE,EICHERMOT,26NOV2026,820000.000000,100,OPTSTK,BFO,5.000000,7000,False
1105576,ADANIENT26NOV3200CE,ADANIENT,26NOV2026,320000.000000,309,OPTSTK,BFO,5.000000,9000,False
1105587,WIPRO26NOV167.5PE,WIPRO,26NOV2026,16750.000000,3000,OPTSTK,BFO,5.000000,60000,False
1105593,GVT&D26NOV4700CE,GVT&D,26NOV2026,470000.000000,125,OPTSTK,BFO,5.000000,100000000,False
1112446,ETERNAL26NOV350PE,ETERNAL,26NOV2026,35000.000000,2425,OPTSTK,BFO,5.000000,100000000,False
1112462,FOCIT26NOV43000CE,FOCIT,26NOV2026,4300000.000000,45,OPTIDX,BFO,5.000000,1350,False
1112466,SAIL26NOV210PE,SAIL,26NOV2026,21000.000000,4700,OPTSTK,BFO,5.000000,320000,False
1112494,MFSL26NOV1440PE,MFSL,26NOV2026,144000.000000,400,OPTSTK,BFO,5.000000,32000,False
1118140,TATASTEEL26NOV167.5CE,TATASTEEL,26NOV2026,16750.000000,2750,OPTSTK,BFO,5.000000,220000,False
1118168,BANKEX26NOV71500PE,BANKEX,26NOV2026,7150000.000000,30,OPTIDX,BFO,5.000000,900,False
1118192,COFORGE26OCT2080PE,COFORGE,29OCT2026,208000.000000,475,OPTSTK,BFO,5.000000,6000,False
1118197,OFSS26NOV12700CE,OFSS,26NOV2026,1270000.000000,100,OPTSTK,BFO,5.000000,8000,False
1112499,ALKEM26NOV5000PE,ALKEM,26NOV2026,500000.000000,125,OPTSTK,BFO,5.000000,8000,False
1112500,HINDPETRO26NOV390CE,HINDPETRO,26NOV2026,39000.000000,2025,OPTSTK,BFO,5.000000,108000,False
1112512,ANGELONE26NOV285PE,ANGELONE,26NOV2026,28500.000000,2500,OPTSTK,BFO,5.000000,100000000,False
1112530,BOSCHLTD26NOV49000CE,BOSCHLTD,26NOV2026,4900000.000000,25,OPTSTK,BFO,5.000000,1500,False
1105640,CUMMINSIND26NOV4500PE,CUMMINSIND,26NOV2026,450000.000000,200,OPTSTK,BFO,5.000000,18000,False
1105657,SAGILITY26OCT47CE,SAGILITY,29OCT2026,4700.000000,12000,OPTSTK,BFO,5.000000,100000000,False
1105684,BANKEX26NOV58600PE,BANKEX,26NOV2026,5860000.000000,30,OPTIDX,BFO,5.000000,900,False
1105688,TMPV26NOV325PE,TMPV,26NOV2026,32500.000000,1600,OPTSTK,BFO,5.000000,42750,False
1118203,ADANIENSOL26NOV1440PE,ADANIENSOL,26NOV2026,144000.000000,675,OPTSTK,BFO,5.000000,100000000,False
1118219,ATHERENERG26SEP1740PE,ATHERENERG,24SEP2026,174000.000000,375,OPTSTK,BFO,5.000000,100000000,False
1118228,GLENMARK26SEP2640PE,GLENMARK,24SEP2026,264000.000000,375,OPTSTK,BFO,5.000000,43500,False
1118241,APLAPOLLO26NOV2380PE,APLAPOLLO,26NOV2026,238000.000000,350,OPTSTK,BFO,5.000000,100000000,False
1112556,INDIANB26NOV950PE,INDIANB,26NOV2026,95000.000000,1000,OPTSTK,BFO,5.000000,100000000,False
1112562,ADANIENT26NOV3400PE,ADANIENT,26NOV2026,340000.000000,309,OPTSTK,BFO,5.000000,9000,False
1112567,KPITTECH26NOV550CE,KPITTECH,26NOV2026,55000.000000,775,OPTSTK,BFO,5.000000,100000000,False
1112588,NAUKRI26NOV1280PE,NAUKRI,26NOV2026,128000.000000,550,OPTSTK,BFO,5.000000,6000,False
1118242,ATHERENERG26NOV1720PE,ATHERENERG,26NOV2026,172000.000000,375,OPTSTK,BFO,5.000000,100000000,False
1118250,TATAELXSI26NOV4050CE,TATAELXSI,26NOV2026,405000.000000,125,OPTSTK,BFO,5.000000,100000000,False
1118329,APLAPOLLO26OCT2360CE,APLAPOLLO,29OCT2026,236000.000000,350,OPTSTK,BFO,5.000000,100000000,False
1105699,RBLBANK26NOV410PE,RBLBANK,26NOV2026,41000.000000,3175,OPTSTK,BFO,5.000000,150000,False
1105710,RVNL26NOV190PE,RVNL,26NOV2026,19000.000000,1925,OPTSTK,BFO,5.000000,100000000,False
1105728,PNB26NOV119CE,PNB,26NOV2026,11900.000000,8000,OPTSTK,BFO,5.000000,480000,False
1105732,PERSISTENT26NOV5300CE,PERSISTENT,26NOV2026,530000.000000,125,OPTSTK,BFO,5.000000,5250,False
1118267,APLAPOLLO26OCT2340CE,APLAPOLLO,29OCT2026,234000.000000,350,OPTSTK,BFO,5.000000,100000000,False
1112593,SOLARINDS26NOV20750CE,SOLARINDS,26NOV2026,2075000.000000,50,OPTSTK,BFO,5.000000,100000000,False
1112594,SENSEX26NOV76500PE,SENSEX,26NOV2026,7650000.000000,20,OPTIDX,BFO,5.000000,1000,False
1112633,TMPV26NOV285PE,TMPV,26NOV2026,28500.000000,1600,OPTSTK,BFO,5.000000,42750,False
1112636,BANKEX26NOV68400CE,BANKEX,26NOV2026,6840000.000000,30,OPTIDX,BFO,5.000000,900,False
1118332,SONACOMS26NOV740CE,SONACOMS,26NOV2026,74000.000000,1225,OPTSTK,BFO,5.000000,100000000,False
1118333,PERSISTENT26SEP6500CE,PERSISTENT,24SEP2026,650000.000000,125,OPTSTK,BFO,5.000000,5250,False
1118347,OIL26SEP520PE,OIL,24SEP2026,52000.000000,1400,OPTSTK,BFO,5.000000,100000000,False
1118350,COFORGE26SEP2140PE,COFORGE,24SEP2026,214000.000000,475,OPTSTK,BFO,5.000000,6000,False
1105768,ETERNAL26NOV290CE,ETERNAL,26NOV2026,29000.000000,2425,OPTSTK,BFO,5.000000,100000000,False
1105837,GAIL26NOV177.5CE,GAIL,26NOV2026,17750.000000,3550,OPTSTK,BFO,5.000000,274500,False
1105841,OFSS26NOV11600CE,OFSS,26NOV2026,1160000.000000,100,OPTSTK,BFO,5.000000,8000,False
1105878,VBL26NOV450PE,VBL,26NOV2026,45000.000000,1275,OPTSTK,BFO,5.000000,100000000,False
1112652,RBLBANK26NOV370PE,RBLBANK,26NOV2026,37000.000000,3175,OPTSTK,BFO,5.000000,150000,False
1112665,TVSMOTOR26NOV4650PE,TVSMOTOR,26NOV2026,465000.000000,175,OPTSTK,BFO,5.000000,21000,False
1112670,CANBK26NOV132.5PE,CANBK,26NOV2026,13250.000000,6750,OPTSTK,BFO,5.000000,81000,False
1112681,ASHOKLEY26NOV182.5CE,ASHOKLEY,26NOV2026,18250.000000,5000,OPTSTK,BFO,5.000000,150000,False
1105881,SBIN26NOV1110CE,SBIN,26NOV2026,111000.000000,750,OPTSTK,BFO,5.000000,45000,False
1105886,BANKEX26NOV63800CE,BANKEX,26NOV2026,6380000.000000,30,OPTIDX,BFO,5.000000,900,False
1105902,INDIANB26NOV890CE,INDIANB,26NOV2026,89000.000000,1000,OPTSTK,BFO,5.000000,100000000,False
1105923,WIPRO26NOV195CE,WIPRO,26NOV2026,19500.000000,3000,OPTSTK,BFO,5.000000,60000,False
1118377,UNIONBANK26NOV200PE,UNIONBANK,26NOV2026,20000.000000,4425,OPTSTK,BFO,5.000000,100000000,False
1118381,FORTIS26NOV1000CE,FORTIS,26NOV2026,100000.000000,775,OPTSTK,BFO,5.000000,100000000,False
1118382,OFSS26SEP12700PE,OFSS,24SEP2026,1270000.000000,100,OPTSTK,BFO,5.000000,8000,False
1118383,UPL26NOV500PE,UPL,26NOV2026,50000.000000,1355,OPTSTK,BFO,5.000000,39000,False
1112694,PAYTM26NOV1720CE,PAYTM,26NOV2026,172000.000000,725,OPTSTK,BFO,5.000000,100000000,False
1112701,ICICIPRULI26NOV535PE,ICICIPRULI,26NOV2026,53500.000000,925,OPTSTK,BFO,5.000000,60000,False
1112731,PERSISTENT26NOV5500PE,PERSISTENT,26NOV2026,550000.000000,125,OPTSTK,BFO,5.000000,5250,False
1112804,OBEROIRLTY26NOV1780CE,OBEROIRLTY,26NOV2026,178000.000000,350,OPTSTK,BFO,5.000000,28000,False
1112808,SBIN26NOV1070CE,SBIN,26NOV2026,107000.000000,750,OPTSTK,BFO,5.000000,45000,False
1112846,POWERINDIA26NOV33500PE,POWERINDIA,26NOV2026,3350000.000000,25,OPTSTK,BFO,5.000000,100000000,False
1112860,NAUKRI26NOV1180CE,NAUKRI,26NOV2026,118000.000000,550,OPTSTK,BFO,5.000000,6000,False
1112897,ADANIGREEN26NOV1280CE,ADANIGREEN,26NOV2026,128000.000000,600,OPTSTK,BFO,5.000000,100000000,False
1105925,RELIANCE26NOV1360PE,RELIANCE,26NOV2026,136000.000000,500,OPTSTK,BFO,5.000000,10000,False
1105937,SENSEX26O1581900CE,SENSEX,15OCT2026,8190000.000000,20,OPTIDX,BFO,5.000000,1000,False
1105949,HDFCLIFE26NOV525CE,HDFCLIFE,26NOV2026,52500.000000,1100,OPTSTK,BFO,5.000000,44000,False
1105955,ANGELONE26NOV290PE,ANGELONE,26NOV2026,29000.000000,2500,OPTSTK,BFO,5.000000,100000000,False
1118386,GLENMARK26NOV2620CE,GLENMARK,26NOV2026,262000.000000,375,OPTSTK,BFO,5.000000,43500,False
1118422,ICICIPRULI26NOV470PE,ICICIPRULI,26NOV2026,47000.000000,925,OPTSTK,BFO,5.000000,60000,False
1118438,FOCIT26NOV44500PE,FOCIT,26NOV2026,4450000.000000,45,OPTIDX,BFO,5.000000,1350,False
1118449,KEI26NOV6300CE,KEI,26NOV2026,630000.000000,175,OPTSTK,BFO,5.000000,100000000,False
1105959,COLPAL26NOV1740PE,COLPAL,26NOV2026,174000.000000,275,OPTSTK,BFO,5.000000,14000,False
1105966,MAZDOCK26NOV2550CE,MAZDOCK,26NOV2026,255000.000000,225,OPTSTK,BFO,5.000000,100000000,False
1105978,POWERINDIA26NOV37000CE,POWERINDIA,26NOV2026,3700000.000000,25,OPTSTK,BFO,5.000000,100000000,False
1105991,TORNTPHARM26NOV4950PE,TORNTPHARM,26NOV2026,495000.000000,125,OPTSTK,BFO,5.000000,15000,False
1112900,KFINTECH26NOV920PE,KFINTECH,26NOV2026,92000.000000,575,OPTSTK,BFO,5.000000,100000000,False
1112928,HINDZINC26NOV630CE,HINDZINC,26NOV2026,63000.000000,1225,OPTSTK,BFO,5.000000,100000000,False
1112932,PNBHOUSING26NOV1140CE,PNBHOUSING,26NOV2026,114000.000000,650,OPTSTK,BFO,5.000000,100000000,False
1112935,KOTAKBANK26OCT455PE,KOTAKBANK,29OCT2026,45500.000000,2000,OPTSTK,BFO,5.000000,12000,False
1118473,KPITTECH26NOV680PE,KPITTECH,26NOV2026,68000.000000,775,OPTSTK,BFO,5.000000,100000000,False
1118479,ATHERENERG26SEP1680PE,ATHERENERG,24SEP2026,168000.000000,375,OPTSTK,BFO,5.000000,100000000,False
1118480,LTM26NOV4900CE,LTM,26NOV2026,490000.000000,150,OPTSTK,BFO,5.000000,4500,False
1118513,APLAPOLLO26OCT2400CE,APLAPOLLO,29OCT2026,240000.000000,350,OPTSTK,BFO,5.000000,100000000,False
1106003,HINDUNILVR26SEP1860PE,HINDUNILVR,24SEP2026,186000.000000,300,OPTSTK,BFO,5.000000,9000,False
1106011,INDIGO26NOV5500CE,INDIGO,26NOV2026,550000.000000,150,OPTSTK,BFO,5.000000,12000,False
1106034,SENSEX26O1579600PE,SENSEX,15OCT2026,7960000.000000,20,OPTIDX,BFO,5.000000,1000,False
1106037,PETRONET26NOV280PE,PETRONET,26NOV2026,28000.000000,1900,OPTSTK,BFO,5.000000,120000,False
1112956,KAYNES26NOV3800CE,KAYNES,26NOV2026,380000.000000,150,OPTSTK,BFO,5.000000,100000000,False
1112982,TIINDIA26NOV2850PE,TIINDIA,26NOV2026,285000.000000,200,OPTSTK,BFO,5.000000,100000000,False
1112988,SENSEX26SEP84000CE,SENSEX,24SEP2026,8400000.000000,20,OPTIDX,BFO,5.000000,1000,False
1113005,CIPLA26NOV1430CE,CIPLA,26NOV2026,143000.000000,425,OPTSTK,BFO,5.000000,26000,False
1118517,POLICYBZR26NOV1680PE,POLICYBZR,26NOV2026,168000.000000,350,OPTSTK,BFO,5.000000,100000000,False
1118519,SAGILITY26SEP53PE,SAGILITY,24SEP2026,5300.000000,12000,OPTSTK,BFO,5.000000,100000000,False
1118550,HCLTECH26NOV1390PE,HCLTECH,26NOV2026,139000.000000,400,OPTSTK,BFO,5.000000,21000,False
1118584,DIVISLAB26OCT9900PE,DIVISLAB,29OCT2026,990000.000000,100,OPTSTK,BFO,5.000000,8000,False
1106048,SIEMENS26NOV3800CE,SIEMENS,26NOV2026,380000.000000,175,OPTSTK,BFO,5.000000,8250,False
1106059,PREMIERENE26NOV980PE,PREMIERENE,26NOV2026,98000.000000,650,OPTSTK,BFO,5.000000,100000000,False
1106063,HYUNDAI26NOV2220CE,HYUNDAI,26NOV2026,222000.000000,275,OPTSTK,BFO,5.000000,100000000,False
1106072,SHREECEM26NOV25250PE,SHREECEM,26NOV2026,2525000.000000,25,OPTSTK,BFO,5.000000,1000,False
1113024,PERSISTENT26NOV5400CE,PERSISTENT,26NOV2026,540000.000000,125,OPTSTK,BFO,5.000000,5250,False
1113034,BAJAJ-AUTO26NOV11000CE,BAJAJ-AUTO,26NOV2026,1100000.000000,75,OPTSTK,BFO,5.000000,5000,False
1113047,MARUTI26NOV12800PE,MARUTI,26NOV2026,1280000.000000,50,OPTSTK,BFO,5.000000,3000,False
1113068,SAGILITY26OCT44PE,SAGILITY,29OCT2026,4400.000000,12000,OPTSTK,BFO,5.000000,100000000,False
1118608,FOCIT26NOV43900PE,FOCIT,26NOV2026,4390000.000000,45,OPTIDX,BFO,5.000000,1350,False
1118637,UPL26NOV500CE,UPL,26NOV2026,50000.000000,1355,OPTSTK,BFO,5.000000,39000,False
1118687,UNITDSPR26NOV1360CE,UNITDSPR,26NOV2026,136000.000000,400,OPTSTK,BFO,5.000000,28000,False
1118759,ATHERENERG26OCT1660CE,ATHERENERG,29OCT2026,166000.000000,375,OPTSTK,BFO,5.000000,100000000,False
1113074,GODFRYPHLP26NOV2150PE,GODFRYPHLP,26NOV2026,215000.000000,275,OPTSTK,BFO,5.000000,100000000,False
1113094,SENSEX5026NOV24400PE,SENSEX50,26NOV2026,2440000.000000,75,OPTIDX,BFO,5.000000,1800,False
1113113,DMART26NOV4100PE,DMART,26NOV2026,410000.000000,150,OPTSTK,BFO,5.000000,100000000,False
1113132,SENSEX26O1581100CE,SENSEX,15OCT2026,8110000.000000,20,OPTIDX,BFO,5.000000,1000,False
1106164,POLICYBZR26NOV1840PE,POLICYBZR,26NOV2026,184000.000000,350,OPTSTK,BFO,5.000000,100000000,False
1106207,HINDZINC26NOV600PE,HINDZINC,26NOV2026,60000.000000,1225,OPTSTK,BFO,5.000000,100000000,False
1106246,BANKEX26NOV65500PE,BANKEX,26NOV2026,6550000.000000,30,OPTIDX,BFO,5.000000,900,False
1106273,SUZLON26NOV54CE,SUZLON,26NOV2026,5400.000000,12700,OPTSTK,BFO,5.000000,100000000,False
1118826,ATHERENERG26NOV1680CE,ATHERENERG,26NOV2026,168000.000000,375,OPTSTK,BFO,5.000000,100000000,False
1118872,BANKINDIA26NOV125CE,BANKINDIA,26NOV2026,12500.000000,5200,OPTSTK,BFO,5.000000,100000000,False
1118906,OFSS26SEP12800PE,OFSS,24SEP2026,1280000.000000,100,OPTSTK,BFO,5.000000,8000,False
1118914,SAIL26OCT217.5CE,SAIL,29OCT2026,21750.000000,4700,OPTSTK,BFO,5.000000,320000,False
1113151,GODREJPROP26NOV2080PE,GODREJPROP,26NOV2026,208000.000000,325,OPTSTK,BFO,5.000000,19000,False
1113177,KPITTECH26NOV620PE,KPITTECH,26NOV2026,62000.000000,775,OPTSTK,BFO,5.000000,100000000,False
1113186,ASIANPAINT26NOV2740CE,ASIANPAINT,26NOV2026,274000.000000,250,OPTSTK,BFO,5.000000,8000,False
1113212,INDHOTEL26NOV760PE,INDHOTEL,26NOV2026,76000.000000,1000,OPTSTK,BFO,5.000000,60000,False
1118953,BANKEX26NOV71800PE,BANKEX,26NOV2026,7180000.000000,30,OPTIDX,BFO,5.000000,900,False
1118971,SAGILITY26OCT53PE,SAGILITY,29OCT2026,5300.000000,12000,OPTSTK,BFO,5.000000,100000000,False
1118987,ATHERENERG26SEP1720CE,ATHERENERG,24SEP2026,172000.000000,375,OPTSTK,BFO,5.000000,100000000,False
1119010,TITAN26SEP5500PE,TITAN,24SEP2026,550000.000000,175,OPTSTK,BFO,5.000000,11250,False
1113229,ASTRAL26NOV1440CE,ASTRAL,26NOV2026,144000.000000,425,OPTSTK,BFO,5.000000,14680,False
1113274,INDUSTOWER26NOV395PE,INDUSTOWER,26NOV2026,39500.000000,1700,OPTSTK,BFO,5.000000,170000,False
1106283,WIPRO26NOV170PE,WIPRO,26NOV2026,17000.000000,3000,OPTSTK,BFO,5.000000,60000,False
1106344,BLUESTARCO26NOV1580PE,BLUESTARCO,26NOV2026,158000.000000,325,OPTSTK,BFO,5.000000,100000000,False
1106348,FEDERALBNK26OCT305CE,FEDERALBNK,29OCT2026,30500.000000,2500,OPTSTK,BFO,5.000000,200000,False
1106357,ADANIPORTS26NOV1780CE,ADANIPORTS,26NOV2026,178000.000000,475,OPTSTK,BFO,5.000000,32000,False
1113232,TATACONSUM26SEP970PE,TATACONSUM,24SEP2026,97000.000000,550,OPTSTK,BFO,5.000000,36000,False
1113239,SENSEX26NOV70400CE,SENSEX,26NOV2026,7040000.000000,20,OPTIDX,BFO,5.000000,1000,False
1119063,COFORGE26NOV2080CE,COFORGE,26NOV2026,208000.000000,475,OPTSTK,BFO,5.000000,6000,False
1119115,RELIANCE26NOV1210CE,RELIANCE,26NOV2026,121000.000000,500,OPTSTK,BFO,5.000000,10000,False
1119188,SENSEX5026NOV26300CE,SENSEX50,26NOV2026,2630000.000000,75,OPTIDX,BFO,5.000000,1800,False
1119218,ADANIGREEN26NOV1160CE,ADANIGREEN,26NOV2026,116000.000000,600,OPTSTK,BFO,5.000000,100000000,False
1113281,KALYANKJIL26NOV630PE,KALYANKJIL,26NOV2026,63000.000000,1350,OPTSTK,BFO,5.000000,100000000,False
1113291,INDIGO26NOV5600CE,INDIGO,26NOV2026,560000.000000,150,OPTSTK,BFO,5.000000,12000,False
1113296,BANKEX26NOV70400PE,BANKEX,26NOV2026,7040000.000000,30,OPTIDX,BFO,5.000000,900,False
1113309,LTM26NOV4450CE,LTM,26NOV2026,445000.000000,150,OPTSTK,BFO,5.000000,4500,False
1106431,SAGILITY26SEP46PE,SAGILITY,24SEP2026,4600.000000,12000,OPTSTK,BFO,5.000000,100000000,False
1106473,OBEROIRLTY26NOV2000PE,OBEROIRLTY,26NOV2026,200000.000000,350,OPTSTK,BFO,5.000000,28000,False
1106496,FOCIT26NOV34600CE,FOCIT,26NOV2026,3460000.000000,45,OPTIDX,BFO,5.000000,1350,False
1106517,BHARTIARTL26NOV2000PE,BHARTIARTL,26NOV2026,200000.000000,475,OPTSTK,BFO,5.000000,28500,False
1119246,JUBLFOOD26NOV455CE,JUBLFOOD,26NOV2026,45500.000000,1250,OPTSTK,BFO,5.000000,50000,False
1119254,ICICIGI26NOV1420PE,ICICIGI,26NOV2026,142000.000000,325,OPTSTK,BFO,5.000000,20000,False
1119263,POLYCAB26NOV9800CE,POLYCAB,26NOV2026,980000.000000,125,OPTSTK,BFO,5.000000,9000,False
1119291,OFSS26OCT12700PE,OFSS,29OCT2026,1270000.000000,100,OPTSTK,BFO,5.000000,8000,False
1113312,SENSEX26O1577400PE,SENSEX,15OCT2026,7740000.000000,20,OPTIDX,BFO,5.000000,1000,False
1113326,INDHOTEL26NOV670PE,INDHOTEL,26NOV2026,67000.000000,1000,OPTSTK,BFO,5.000000,60000,False
1113327,SENSEX26NOV82700CE,SENSEX,26NOV2026,8270000.000000,20,OPTIDX,BFO,5.000000,1000,False
1113347,HDFCLIFE26NOV530PE,HDFCLIFE,26NOV2026,53000.000000,1100,OPTSTK,BFO,5.000000,44000,False
1106547,SBILIFE26NOV1880PE,SBILIFE,26NOV2026,188000.000000,375,OPTSTK,BFO,5.000000,22500,False
1106548,EICHERMOT26NOV7700CE,EICHERMOT,26NOV2026,770000.000000,100,OPTSTK,BFO,5.000000,7000,False
1106560,IDEA26NOV17PE,IDEA,26NOV2026,1700.000000,71475,OPTSTK,BFO,5.000000,2400000,False
1106564,SENSEX26O1576500PE,SENSEX,15OCT2026,7650000.000000,20,OPTIDX,BFO,5.000000,1000,False
1119301,SAIL26NOV215CE,SAIL,26NOV2026,21500.000000,4700,OPTSTK,BFO,5.000000,320000,False
1119323,COFORGE26SEP2140CE,COFORGE,24SEP2026,214000.000000,475,OPTSTK,BFO,5.000000,6000,False
1119343,ATHERENERG26SEP1640CE,ATHERENERG,24SEP2026,164000.000000,375,OPTSTK,BFO,5.000000,100000000,False
1119363,APLAPOLLO26OCT2400PE,APLAPOLLO,29OCT2026,240000.000000,350,OPTSTK,BFO,5.000000,100000000,False
1113373,BANKBARODA26NOV230PE,BANKBARODA,26NOV2026,23000.000000,2925,OPTSTK,BFO,5.000000,175500,False
1113388,APOLLOHOSP26NOV9300CE,APOLLOHOSP,26NOV2026,930000.000000,125,OPTSTK,BFO,5.000000,5000,False
1113403,HDFCBANK26NOV740CE,HDFCBANK,26NOV2026,74000.000000,650,OPTSTK,BFO,5.000000,16500,False
1113405,APLAPOLLO26NOV2320PE,APLAPOLLO,26NOV2026,232000.000000,350,OPTSTK,BFO,5.000000,100000000,False
1106565,PNB26NOV107PE,PNB,26NOV2026,10700.000000,8000,OPTSTK,BFO,5.000000,480000,False
1106590,SENSEX27MAR76000PE,SENSEX,25MAR2027,7600000.000000,20,OPTIDX,BFO,5.000000,1000,False
1106610,CGPOWER26NOV820CE,CGPOWER,26NOV2026,82000.000000,850,OPTSTK,BFO,5.000000,100000000,False
1106622,BPCL26NOV330CE,BPCL,26NOV2026,33000.000000,1975,OPTSTK,BFO,5.000000,72000,False
1113427,KFINTECH26NOV960CE,KFINTECH,26NOV2026,96000.000000,575,OPTSTK,BFO,5.000000,100000000,False
1113439,DLF26NOV660CE,DLF,26NOV2026,66000.000000,950,OPTSTK,BFO,5.000000,49500,False
1113446,SENSEX26O1581400PE,SENSEX,15OCT2026,8140000.000000,20,OPTIDX,BFO,5.000000,1000,False
1113447,SENSEX26NOV72100PE,SENSEX,26NOV2026,7210000.000000,20,OPTIDX,BFO,5.000000,1000,False
1119369,SENSEX26NOV84200CE,SENSEX,26NOV2026,8420000.000000,20,OPTIDX,BFO,5.000000,1000,False
1119382,GRASIM26NOV3420CE,GRASIM,26NOV2026,342000.000000,250,OPTSTK,BFO,5.000000,14250,False
1119399,ALKEM26NOV5700PE,ALKEM,26NOV2026,570000.000000,125,OPTSTK,BFO,5.000000,8000,False
1119410,SENSEX5026NOV26350PE,SENSEX50,26NOV2026,2635000.000000,75,OPTIDX,BFO,5.000000,1800,False
1113448,SENSEX26O1583700PE,SENSEX,15OCT2026,8370000.000000,20,OPTIDX,BFO,5.000000,1000,False
1113457,MAHABANK26OCT92PE,MAHABANK,29OCT2026,9200.000000,6500,OPTSTK,BFO,5.000000,100000000,False
1113472,DRREDDY26NOV1210CE,DRREDDY,26NOV2026,121000.000000,625,OPTSTK,BFO,5.000000,5000,False
1113480,APOLLOHOSP26NOV8600PE,APOLLOHOSP,26NOV2026,860000.000000,125,OPTSTK,BFO,5.000000,5000,False
1119413,RECLTD26NOV280PE,RECLTD,26NOV2026,28000.000000,1575,OPTSTK,BFO,5.000000,160000,False
1119433,SAGILITY26OCT52CE,SAGILITY,29OCT2026,5200.000000,12000,OPTSTK,BFO,5.000000,100000000,False
1119439,MANKIND26NOV2240PE,MANKIND,26NOV2026,224000.000000,250,OPTSTK,BFO,5.000000,100000000,False
1119480,FOCIT26NOV44800CE,FOCIT,26NOV2026,4480000.000000,45,OPTIDX,BFO,5.000000,1350,False
1106643,SENSEX5026NOV26250CE,SENSEX50,26NOV2026,2625000.000000,75,OPTIDX,BFO,5.000000,1800,False
1106651,GODREJCP26NOV940CE,GODREJCP,26NOV2026,94000.000000,500,OPTSTK,BFO,5.000000,30000,False
1106659,ETERNAL26NOV295PE,ETERNAL,26NOV2026,29500.000000,2425,OPTSTK,BFO,5.000000,100000000,False
1106668,BANKBARODA26NOVFUT,BANKBARODA,26NOV2026,0.000000,2925,FUTSTK,BFO,5.000000,175500,False
1113497,FOCIT26NOV39500PE,FOCIT,26NOV2026,3950000.000000,45,OPTIDX,BFO,5.000000,1350,False
1113514,LICHSGFIN26NOV600PE,LICHSGFIN,26NOV2026,60000.000000,1000,OPTSTK,BFO,5.000000,60000,False
1113518,BANKEX26NOV60300CE,BANKEX,26NOV2026,6030000.000000,30,OPTIDX,BFO,5.000000,900,False
1113522,LICI26NOV420CE,LICI,26NOV2026,42000.000000,1400,OPTSTK,BFO,5.000000,100000000,False
1119532,CHOLAFIN26NOV1720PE,CHOLAFIN,26NOV2026,172000.000000,625,OPTSTK,BFO,5.000000,25000,False
1119536,VEDL26NOV320CE,VEDL,26NOV2026,32000.000000,1150,OPTSTK,BFO,5.000000,80000,False
1119547,PIDILITIND26NOV1500CE,PIDILITIND,26NOV2026,150000.000000,500,OPTSTK,BFO,5.000000,10000,False
1119663,OIL26NOV515PE,OIL,26NOV2026,51500.000000,1400,OPTSTK,BFO,5.000000,100000000,False
1106676,LUPIN26NOVFUT,LUPIN,26NOV2026,0.000000,425,FUTSTK,BFO,5.000000,34000,False
1106678,SENSEX26O1577200CE,SENSEX,15OCT2026,7720000.000000,20,OPTIDX,BFO,5.000000,1000,False
1106686,SENSEX27MAR79000CE,SENSEX,25MAR2027,7900000.000000,20,OPTIDX,BFO,5.000000,1000,False
1106697,ASHOKLEY26NOV192.5CE,ASHOKLEY,26NOV2026,19250.000000,5000,OPTSTK,BFO,5.000000,150000,False
1113560,TORNTPHARM26NOV5150PE,TORNTPHARM,26NOV2026,515000.000000,125,OPTSTK,BFO,5.000000,15000,False
1113584,CANBK26NOV140PE,CANBK,26NOV2026,14000.000000,6750,OPTSTK,BFO,5.000000,81000,False
1113590,NHPC26NOV73PE,NHPC,26NOV2026,7300.000000,6950,OPTSTK,BFO,5.000000,100000000,False
1113592,ONGC26NOV230PE,ONGC,26NOV2026,23000.000000,2250,OPTSTK,BFO,5.000000,154000,False
1119685,BSE26NOV6000PE,BSE,23NOV2026,600000.000000,200,OPTSTK,BFO,5.000000,3751,False
1119954,HYUNDAI26NOV2100CE,HYUNDAI,26NOV2026,210000.000000,275,OPTSTK,BFO,5.000000,100000000,False
1119989,ADANIENSOL26NOV1420PE,ADANIENSOL,26NOV2026,142000.000000,675,OPTSTK,BFO,5.000000,100000000,False
1119995,ADANIGREEN26OCT1120PE,ADANIGREEN,29OCT2026,112000.000000,600,OPTSTK,BFO,5.000000,100000000,False
1113608,ADANIENT26NOV3500CE,ADANIENT,26NOV2026,350000.000000,309,OPTSTK,BFO,5.000000,9000,False
1113640,BEL26NOV445CE,BEL,26NOV2026,44500.000000,1425,OPTSTK,BFO,5.000000,228000,False
1113649,SENSEX26O1579600CE,SENSEX,15OCT2026,7960000.000000,20,OPTIDX,BFO,5.000000,1000,False
1113656,RECLTD26NOV320PE,RECLTD,26NOV2026,32000.000000,1575,OPTSTK,BFO,5.000000,160000,False
1106748,ZYDUSLIFE26NOVFUT,ZYDUSLIFE,26NOV2026,0.000000,900,FUTSTK,BFO,5.000000,54000,False
1106758,KEI26NOV5600CE,KEI,26NOV2026,560000.000000,175,OPTSTK,BFO,5.000000,100000000,False
1106763,BHARTIARTL26NOV1960PE,BHARTIARTL,26NOV2026,196000.000000,475,OPTSTK,BFO,5.000000,28500,False
1106777,WAAREEENER26NOV2900PE,WAAREEENER,26NOV2026,290000.000000,175,OPTSTK,BFO,5.000000,100000000,False
1113663,NYKAA26NOV365CE,NYKAA,26NOV2026,36500.000000,3125,OPTSTK,BFO,5.000000,100000000,False
1113672,GLENMARK26SEP2600PE,GLENMARK,24SEP2026,260000.000000,375,OPTSTK,BFO,5.000000,43500,False
1113677,PNB26NOV113CE,PNB,26NOV2026,11300.000000,8000,OPTSTK,BFO,5.000000,480000,False
1113683,SENSEX5026NOV24950CE,SENSEX50,26NOV2026,2495000.000000,75,OPTIDX,BFO,5.000000,1800,False
1120021,POLYCAB26NOV9900PE,POLYCAB,26NOV2026,990000.000000,125,OPTSTK,BFO,5.000000,9000,False
1120022,ADANIGREEN26NOV1120CE,ADANIGREEN,26NOV2026,112000.000000,600,OPTSTK,BFO,5.000000,100000000,False
1120034,TATAELXSI26NOV3250CE,TATAELXSI,26NOV2026,325000.000000,125,OPTSTK,BFO,5.000000,100000000,False
1120035,OFSS26SEP13000CE,OFSS,24SEP2026,1300000.000000,100,OPTSTK,BFO,5.000000,8000,False
1106786,HINDZINC26NOV570CE,HINDZINC,26NOV2026,57000.000000,1225,OPTSTK,BFO,5.000000,100000000,False
1106807,SENSEX26O1573500CE,SENSEX,15OCT2026,7350000.000000,20,OPTIDX,BFO,5.000000,1000,False
1106820,ASHOKLEY26NOV160CE,ASHOKLEY,26NOV2026,16000.000000,5000,OPTSTK,BFO,5.000000,150000,False
1106918,EICHERMOT26NOV8300CE,EICHERMOT,26NOV2026,830000.000000,100,OPTSTK,BFO,5.000000,7000,False
1113687,MAHABANK26OCT80PE,MAHABANK,29OCT2026,8000.000000,6500,OPTSTK,BFO,5.000000,100000000,False
1113689,TATASTEEL26NOV195PE,TATASTEEL,26NOV2026,19500.000000,2750,OPTSTK,BFO,5.000000,220000,False
1113705,KOTAKBANK26SEP455CE,KOTAKBANK,24SEP2026,45500.000000,2000,OPTSTK,BFO,5.000000,12000,False
1113725,DIXON26NOV13750PE,DIXON,26NOV2026,1375000.000000,50,OPTSTK,BFO,5.000000,6000,False
1120041,ADANIPOWER26NOV175PE,ADANIPOWER,26NOV2026,17500.000000,3550,OPTSTK,BFO,5.000000,100000000,False
1120057,ADANIPORTS26NOV1520CE,ADANIPORTS,26NOV2026,152000.000000,475,OPTSTK,BFO,5.000000,32000,False
1120062,PNBHOUSING26NOV1000PE,PNBHOUSING,26NOV2026,100000.000000,650,OPTSTK,BFO,5.000000,100000000,False
1120072,PNBHOUSING26NOV1000CE,PNBHOUSING,26NOV2026,100000.000000,650,OPTSTK,BFO,5.000000,100000000,False
1113748,UNIONBANK26NOV167.5CE,UNIONBANK,26NOV2026,16750.000000,4425,OPTSTK,BFO,5.000000,100000000,False
1113750,NMDC26NOV85CE,NMDC,26NOV2026,8500.000000,6750,OPTSTK,BFO,5.000000,225000,False
1113761,CAMS26SEP670CE,CAMS,24SEP2026,67000.000000,825,OPTSTK,BFO,5.000000,100000000,False
1113775,HDFCAMC26NOV2500CE,HDFCAMC,26NOV2026,250000.000000,300,OPTSTK,BFO,5.000000,12000,False
1106921,FORCEMOT26NOV16500PE,FORCEMOT,26NOV2026,1650000.000000,25,OPTSTK,BFO,5.000000,100000000,False
1106923,BIOCON26NOV385PE,BIOCON,26NOV2026,38500.000000,2500,OPTSTK,BFO,5.000000,100000,False
1106932,NESTLEIND26NOV1510CE,NESTLEIND,26NOV2026,151000.000000,500,OPTSTK,BFO,5.000000,1200,False
1106938,CHOLAFIN26NOV2020CE,CHOLAFIN,26NOV2026,202000.000000,625,OPTSTK,BFO,5.000000,25000,False
1120091,IOC26NOV117.5PE,IOC,26NOV2026,11750.000000,4875,OPTSTK,BFO,5.000000,292500,False
1120100,GMRAIRPORT26NOV87CE,GMRAIRPORT,26NOV2026,8700.000000,6975,OPTSTK,BFO,5.000000,675000,False
1120132,SHREECEM26OCT22000PE,SHREECEM,29OCT2026,2200000.000000,25,OPTSTK,BFO,5.000000,1000,False
1120148,ADANIPORTS26NOV1540CE,ADANIPORTS,26NOV2026,154000.000000,475,OPTSTK,BFO,5.000000,32000,False
1107043,KAYNES26NOV3650CE,KAYNES,26NOV2026,365000.000000,150,OPTSTK,BFO,5.000000,100000000,False
1107076,CAMS26NOV760PE,CAMS,26NOV2026,76000.000000,825,OPTSTK,BFO,5.000000,100000000,False
1107086,MAHABANK26SEP86PE,MAHABANK,24SEP2026,8600.000000,6500,OPTSTK,BFO,5.000000,100000000,False
1107105,RVNL26SEP180CE,RVNL,24SEP2026,18000.000000,1925,OPTSTK,BFO,5.000000,100000000,False
1113782,BDL26NOV1440PE,BDL,26NOV2026,144000.000000,425,OPTSTK,BFO,5.000000,100000000,False
1113793,M&M26NOV3600PE,M&M,26NOV2026,360000.000000,200,OPTSTK,BFO,5.000000,21000,False
1113806,DLF26NOV730PE,DLF,26NOV2026,73000.000000,950,OPTSTK,BFO,5.000000,49500,False
1113812,LICI26NOV425CE,LICI,26NOV2026,42500.000000,1400,OPTSTK,BFO,5.000000,100000000,False
1120221,COLPAL26NOV2000CE,COLPAL,26NOV2026,200000.000000,275,OPTSTK,BFO,5.000000,14000,False
1120287,KAYNES26NOV3550PE,KAYNES,26NOV2026,355000.000000,150,OPTSTK,BFO,5.000000,100000000,False
1120315,BRITANNIA26OCT4900PE,BRITANNIA,29OCT2026,490000.000000,125,OPTSTK,BFO,5.000000,6000,False
1120328,360ONE26NOV1040PE,,26NOV2026,104000.000000,500,OPTSTK,BFO,5.000000,100000000,False
1113866,MANKIND26NOV2520PE,MANKIND,26NOV2026,252000.000000,250,OPTSTK,BFO,5.000000,100000000,False
1113867,ASTRAL26NOV1480CE,ASTRAL,26NOV2026,148000.000000,425,OPTSTK,BFO,5.000000,14680,False
1113891,COCHINSHIP26NOV1660PE,COCHINSHIP,26NOV2026,166000.000000,400,OPTSTK,BFO,5.000000,100000000,False
1113902,ADANIENSOL26NOV1720CE,ADANIENSOL,26NOV2026,172000.000000,675,OPTSTK,BFO,5.000000,100000000,False
1120330,MANAPPURAM26NOV310PE,MANAPPURAM,26NOV2026,31000.000000,3000,OPTSTK,BFO,5.000000,180000,False
1120332,KAYNES26NOV3400PE,KAYNES,26NOV2026,340000.000000,150,OPTSTK,BFO,5.000000,100000000,False
1120349,COCHINSHIP26NOV1380CE,COCHINSHIP,26NOV2026,138000.000000,400,OPTSTK,BFO,5.000000,100000000,False
1120350,BAJAJ-AUTO26NOV12700CE,BAJAJ-AUTO,26NOV2026,1270000.000000,75,OPTSTK,BFO,5.000000,5000,False
1107107,TIINDIA26NOV2850CE,TIINDIA,26NOV2026,285000.000000,200,OPTSTK,BFO,5.000000,100000000,False
1107161,ASHOKLEY26NOV192.5PE,ASHOKLEY,26NOV2026,19250.000000,5000,OPTSTK,BFO,5.000000,150000,False
1107167,FOCIT26NOV35600CE,FOCIT,26NOV2026,3560000.000000,45,OPTIDX,BFO,5.000000,1350,False
1107189,ASTRAL26NOV1460PE,ASTRAL,26NOV2026,146000.000000,425,OPTSTK,BFO,5.000000,14680,False
1107244,LUPIN26NOV2280CE,LUPIN,26NOV2026,228000.000000,425,OPTSTK,BFO,5.000000,34000,False
1107302,DIVISLAB26NOV9100PE,DIVISLAB,26NOV2026,910000.000000,100,OPTSTK,BFO,5.000000,8000,False
1107339,SENSEX26O1573800PE,SENSEX,15OCT2026,7380000.000000,20,OPTIDX,BFO,5.000000,1000,False
1107364,SAGILITY26SEP39PE,SAGILITY,24SEP2026,3900.000000,12000,OPTSTK,BFO,5.000000,100000000,False
1113923,RVNL26NOV225CE,RVNL,26NOV2026,22500.000000,1925,OPTSTK,BFO,5.000000,100000000,False
1113925,ADANIENSOL26NOV1560CE,ADANIENSOL,26NOV2026,156000.000000,675,OPTSTK,BFO,5.000000,100000000,False
1113945,FOCIT26NOV40400PE,FOCIT,26NOV2026,4040000.000000,45,OPTIDX,BFO,5.000000,1350,False
1113955,ZYDUSLIFE26NOV1140CE,ZYDUSLIFE,26NOV2026,114000.000000,900,OPTSTK,BFO,5.000000,54000,False
1120383,MCX26SEP3750CE,MCX,24SEP2026,375000.000000,225,OPTSTK,BFO,5.000000,16000,False
1120404,GRASIM26NOV3460PE,GRASIM,26NOV2026,346000.000000,250,OPTSTK,BFO,5.000000,14250,False
1120425,RVNL26NOV175PE,RVNL,26NOV2026,17500.000000,1925,OPTSTK,BFO,5.000000,100000000,False
1120445,ANGELONE26NOV250CE,ANGELONE,26NOV2026,25000.000000,2500,OPTSTK,BFO,5.000000,100000000,False
1107394,TATACONSUM26NOV1020PE,TATACONSUM,26NOV2026,102000.000000,550,OPTSTK,BFO,5.000000,36000,False
1107404,SBIN26NOV970CE,SBIN,26NOV2026,97000.000000,750,OPTSTK,BFO,5.000000,45000,False
1107413,POLICYBZR26NOV1880PE,POLICYBZR,26NOV2026,188000.000000,350,OPTSTK,BFO,5.000000,100000000,False
1107437,HINDZINC26NOV640PE,HINDZINC,26NOV2026,64000.000000,1225,OPTSTK,BFO,5.000000,100000000,False
1113969,SENSEX26O1575300PE,SENSEX,15OCT2026,7530000.000000,20,OPTIDX,BFO,5.000000,1000,False
1113973,SENSEX26O1577600PE,SENSEX,15OCT2026,7760000.000000,20,OPTIDX,BFO,5.000000,1000,False
1113992,HINDZINC26NOV670PE,HINDZINC,26NOV2026,67000.000000,1225,OPTSTK,BFO,5.000000,100000000,False
1113996,SENSEX26NOV82900CE,SENSEX,26NOV2026,8290000.000000,20,OPTIDX,BFO,5.000000,1000,False
1120478,JSWENERGY26NOV460CE,JSWENERGY,26NOV2026,46000.000000,1075,OPTSTK,BFO,5.000000,100000000,False
1120482,PFC26NOV310PE,PFC,26NOV2026,31000.000000,1300,OPTSTK,BFO,5.000000,124000,False
1120485,FEDERALBNK26NOV385CE,FEDERALBNK,26NOV2026,38500.000000,2500,OPTSTK,BFO,5.000000,200000,False
1120571,M&M26NOV2950PE,M&M,26NOV2026,295000.000000,200,OPTSTK,BFO,5.000000,21000,False
1113997,UNOMINDA26NOV1300CE,UNOMINDA,26NOV2026,130000.000000,550,OPTSTK,BFO,5.000000,100000000,False
1113998,BAJAJ-AUTO26NOVFUT,BAJAJ-AUTO,26NOV2026,0.000000,75,FUTSTK,BFO,5.000000,5000,False
1114013,BDL26NOV1340CE,BDL,26NOV2026,134000.000000,425,OPTSTK,BFO,5.000000,100000000,False
1114019,UNOMINDA26NOV1140CE,UNOMINDA,26NOV2026,114000.000000,550,OPTSTK,BFO,5.000000,100000000,False
1107472,SENSEX26O0870300CE,SENSEX,08OCT2026,7030000.000000,20,OPTIDX,BFO,5.000000,1000,False
1107479,MARUTI26NOV12800CE,MARUTI,26NOV2026,1280000.000000,50,OPTSTK,BFO,5.000000,3000,False
1107507,MARICO26NOVFUT,MARICO,26NOV2026,0.000000,1200,FUTSTK,BFO,5.000000,48000,False
1107522,GODREJCP26NOV920PE,GODREJCP,26NOV2026,92000.000000,500,OPTSTK,BFO,5.000000,30000,False
1120605,ADANIENT26SEP2550PE,ADANIENT,24SEP2026,255000.000000,309,OPTSTK,BFO,5.000000,9000,False
1120613,GMRAIRPORT26SEP87PE,GMRAIRPORT,24SEP2026,8700.000000,6975,OPTSTK,BFO,5.000000,675000,False
1120614,GMRAIRPORT26NOV89CE,GMRAIRPORT,26NOV2026,8900.000000,6975,OPTSTK,BFO,5.000000,675000,False
1120622,JSWSTEEL26NOV1180PE,JSWSTEEL,26NOV2026,118000.000000,675,OPTSTK,BFO,5.000000,40500,False
1107535,CONCOR26NOV470PE,CONCOR,26NOV2026,47000.000000,1250,OPTSTK,BFO,5.000000,40000,False
1107541,BANKEX26NOV64100CE,BANKEX,26NOV2026,6410000.000000,30,OPTIDX,BFO,5.000000,900,False
1107565,RVNL26SEP180PE,RVNL,24SEP2026,18000.000000,1925,OPTSTK,BFO,5.000000,100000000,False
1107568,TCS26NOV2140CE,TCS,26NOV2026,214000.000000,225,OPTSTK,BFO,5.000000,7000,False
1120760,KOTAKBANK26NOV385CE,KOTAKBANK,26NOV2026,38500.000000,2000,OPTSTK,BFO,5.000000,12000,False
1120807,YESBANK26NOV30CE,YESBANK,26NOV2026,3000.000000,31100,OPTSTK,BFO,5.000000,100000000,False
1120812,INOXWIND26NOV52.5CE,INOXWIND,26NOV2026,5250.000000,6400,OPTSTK,BFO,5.000000,100000000,False
1120889,PGEL26NOV510PE,PGEL,26NOV2026,51000.000000,950,OPTSTK,BFO,5.000000,100000000,False
1107575,ICICIGI26NOV1660CE,ICICIGI,26NOV2026,166000.000000,325,OPTSTK,BFO,5.000000,20000,False
1107592,SENSEX26O1578100PE,SENSEX,15OCT2026,7810000.000000,20,OPTIDX,BFO,5.000000,1000,False
1107600,SENSEX26NOV81100CE,SENSEX,26NOV2026,8110000.000000,20,OPTIDX,BFO,5.000000,1000,False
1107625,SONACOMS26NOV750PE,SONACOMS,26NOV2026,75000.000000,1225,OPTSTK,BFO,5.000000,100000000,False
1120943,BHARTIARTL26OCT1720CE,BHARTIARTL,29OCT2026,172000.000000,475,OPTSTK,BFO,5.000000,28500,False
1120973,SRF26NOV2200PE,SRF,26NOV2026,220000.000000,200,OPTSTK,BFO,5.000000,11250,False
1120979,GMRAIRPORT26SEP91PE,GMRAIRPORT,24SEP2026,9100.000000,6975,OPTSTK,BFO,5.000000,675000,False
1121031,JSWENERGY26OCT460CE,JSWENERGY,29OCT2026,46000.000000,1075,OPTSTK,BFO,5.000000,100000000,False
1107631,MUTHOOTFIN26NOV3350PE,MUTHOOTFIN,26NOV2026,335000.000000,275,OPTSTK,BFO,5.000000,22000,False
1107644,BANKEX26NOV60400CE,BANKEX,26NOV2026,6040000.000000,30,OPTIDX,BFO,5.000000,900,False
1107647,JUBLFOOD26NOV540PE,JUBLFOOD,26NOV2026,54000.000000,1250,OPTSTK,BFO,5.000000,50000,False
1107676,PERSISTENT26NOV5800PE,PERSISTENT,26NOV2026,580000.000000,125,OPTSTK,BFO,5.000000,5250,False
1121046,BAJFINANCE26NOV1000CE,BAJFINANCE,26NOV2026,100000.000000,750,OPTSTK,BFO,5.000000,3750,False
1121060,KAYNES26NOV3400CE,KAYNES,26NOV2026,340000.000000,150,OPTSTK,BFO,5.000000,100000000,False
1121062,GRASIM26NOV3440CE,GRASIM,26NOV2026,344000.000000,250,OPTSTK,BFO,5.000000,14250,False
1121105,IRFC26NOV76CE,IRFC,26NOV2026,7600.000000,5425,OPTSTK,BFO,5.000000,100000000,False
1107691,ICICIGI26NOV1740PE,ICICIGI,26NOV2026,174000.000000,325,OPTSTK,BFO,5.000000,20000,False
1107712,SAGILITY26NOV44CE,SAGILITY,26NOV2026,4400.000000,12000,OPTSTK,BFO,5.000000,100000000,False
1107737,TITAN26NOV5300PE,TITAN,26NOV2026,530000.000000,175,OPTSTK,BFO,5.000000,11250,False
1107809,INOXWIND26NOV70PE,INOXWIND,26NOV2026,7000.000000,6400,OPTSTK,BFO,5.000000,100000000,False
1121117,MANAPPURAM26NOV310CE,MANAPPURAM,26NOV2026,31000.000000,3000,OPTSTK,BFO,5.000000,180000,False
1121121,AMBER26NOV6900PE,AMBER,26NOV2026,690000.000000,100,OPTSTK,BFO,5.000000,100000000,False
1121165,ATHERENERG26NOV1800PE,ATHERENERG,26NOV2026,180000.000000,375,OPTSTK,BFO,5.000000,100000000,False
1121178,FORTIS26NOV840CE,FORTIS,26NOV2026,84000.000000,775,OPTSTK,BFO,5.000000,100000000,False
1107812,FOCIT26NOV42500CE,FOCIT,26NOV2026,4250000.000000,45,OPTIDX,BFO,5.000000,1350,False
1107834,HAL26NOV5200PE,HAL,26NOV2026,520000.000000,150,OPTSTK,BFO,5.000000,9000,False
1107852,SENSEX26NOV79700PE,SENSEX,26NOV2026,7970000.000000,20,OPTIDX,BFO,5.000000,1000,False
1107859,HCLTECH26NOV1300PE,HCLTECH,26NOV2026,130000.000000,400,OPTSTK,BFO,5.000000,21000,False
1121201,ADANIPORTS26SEP1500CE,ADANIPORTS,24SEP2026,150000.000000,475,OPTSTK,BFO,5.000000,32000,False
1121313,ICICIPRULI26NOV465CE,ICICIPRULI,26NOV2026,46500.000000,925,OPTSTK,BFO,5.000000,60000,False
1121322,NTPC26NOV290CE,NTPC,26NOV2026,29000.000000,1500,OPTSTK,BFO,5.000000,150000,False
1121344,ATHERENERG26NOV1840PE,ATHERENERG,26NOV2026,184000.000000,375,OPTSTK,BFO,5.000000,100000000,False
1107864,BLUESTARCO26NOV1500CE,BLUESTARCO,26NOV2026,150000.000000,325,OPTSTK,BFO,5.000000,100000000,False
1107871,PNBHOUSING26NOV1280CE,PNBHOUSING,26NOV2026,128000.000000,650,OPTSTK,BFO,5.000000,100000000,False
1107889,JUBLFOOD26NOV475PE,JUBLFOOD,26NOV2026,47500.000000,1250,OPTSTK,BFO,5.000000,50000,False
1107897,TITAN26NOV5050PE,TITAN,26NOV2026,505000.000000,175,OPTSTK,BFO,5.000000,11250,False
1121351,GODREJPROP26NOV1840PE,GODREJPROP,26NOV2026,184000.000000,325,OPTSTK,BFO,5.000000,19000,False
1121365,ATHERENERG26OCT1840PE,ATHERENERG,29OCT2026,184000.000000,375,OPTSTK,BFO,5.000000,100000000,False
1121380,ASIANPAINT26SEP2420CE,ASIANPAINT,24SEP2026,242000.000000,250,OPTSTK,BFO,5.000000,8000,False
1121399,ADANIENT26OCT2500CE,ADANIENT,29OCT2026,250000.000000,309,OPTSTK,BFO,5.000000,9000,False
1114052,SENSEX26O1573900PE,SENSEX,15OCT2026,7390000.000000,20,OPTIDX,BFO,5.000000,1000,False
1114070,INFY26NOV1220CE,INFY,26NOV2026,122000.000000,400,OPTSTK,BFO,5.000000,16000,False
1114040,GRASIM26NOV3120CE,GRASIM,26NOV2026,312000.000000,250,OPTSTK,BFO,5.000000,14250,False
1114053,SRF26NOV2300PE,SRF,26NOV2026,230000.000000,200,OPTSTK,BFO,5.000000,11250,False
1107970,ADANIENT26NOV3350CE,ADANIENT,26NOV2026,335000.000000,309,OPTSTK,BFO,5.000000,9000,False
1108584,LICHSGFIN26NOV520PE,LICHSGFIN,26NOV2026,52000.000000,1000,OPTSTK,BFO,5.000000,60000,False
1108734,SENSEX27MAR79000PE,SENSEX,25MAR2027,7900000.000000,20,OPTIDX,BFO,5.000000,1000,False
1109200,PAYTM26NOV1680CE,PAYTM,26NOV2026,168000.000000,725,OPTSTK,BFO,5.000000,100000000,False
1114077,ALKEM26NOV5400PE,ALKEM,26NOV2026,540000.000000,125,OPTSTK,BFO,5.000000,8000,False
1114082,PAGEIND26NOV33000CE,PAGEIND,26NOV2026,3300000.000000,20,OPTSTK,BFO,5.000000,600,False
1114090,MFSL26NOV1680PE,MFSL,26NOV2026,168000.000000,400,OPTSTK,BFO,5.000000,32000,False
1114095,CUMMINSIND26NOV5800PE,CUMMINSIND,26NOV2026,580000.000000,200,OPTSTK,BFO,5.000000,18000,False
1121414,SBIN26NOV960CE,SBIN,26NOV2026,96000.000000,750,OPTSTK,BFO,5.000000,45000,False
1121459,COCHINSHIP26NOV1340CE,COCHINSHIP,26NOV2026,134000.000000,400,OPTSTK,BFO,5.000000,100000000,False
1121462,SHRIRAMFIN26NOV920PE,SHRIRAMFIN,26NOV2026,92000.000000,825,OPTSTK,BFO,5.000000,18000,False
1121483,TRENT26NOV2500CE,TRENT,26NOV2026,250000.000000,225,OPTSTK,BFO,5.000000,16000,False
1110173,YESBANK26NOV21PE,YESBANK,26NOV2026,2100.000000,31100,OPTSTK,BFO,5.000000,100000000,False
1110206,VOLTAS26NOV1220PE,VOLTAS,26NOV2026,122000.000000,375,OPTSTK,BFO,5.000000,30000,False
1110715,AXISBANK26NOV1200PE,AXISBANK,26NOV2026,120000.000000,625,OPTSTK,BFO,5.000000,25000,False
1110727,SBILIFE26NOV1720PE,SBILIFE,26NOV2026,172000.000000,375,OPTSTK,BFO,5.000000,22500,False
1114203,SENSEX26NOV76900PE,SENSEX,26NOV2026,7690000.000000,20,OPTIDX,BFO,5.000000,1000,False
1114206,SAGILITY26SEP40PE,SAGILITY,24SEP2026,4000.000000,12000,OPTSTK,BFO,5.000000,100000000,False
1114218,LAURUSLABS26NOV2060CE,LAURUSLABS,26NOV2026,206000.000000,850,OPTSTK,BFO,5.000000,68000,False
1114230,BANKEX26NOV64200CE,BANKEX,26NOV2026,6420000.000000,30,OPTIDX,BFO,5.000000,900,False
1121562,NATIONALUM26NOV300PE,NATIONALUM,26NOV2026,30000.000000,1875,OPTSTK,BFO,5.000000,300000,False
1121572,ONGC26NOV252.5CE,ONGC,26NOV2026,25250.000000,2250,OPTSTK,BFO,5.000000,154000,False
1121646,LT26NOV3650CE,LT,26NOV2026,365000.000000,175,OPTSTK,BFO,5.000000,12000,False
1121709,KALYANKJIL26NOV575CE,KALYANKJIL,26NOV2026,57500.000000,1350,OPTSTK,BFO,5.000000,100000000,False
1110786,ZYDUSLIFE26NOV1240CE,ZYDUSLIFE,26NOV2026,124000.000000,900,OPTSTK,BFO,5.000000,54000,False
1110798,KFINTECH26NOV880PE,KFINTECH,26NOV2026,88000.000000,575,OPTSTK,BFO,5.000000,100000000,False
1114258,FOCIT26NOV37400PE,FOCIT,26NOV2026,3740000.000000,45,OPTIDX,BFO,5.000000,1350,False
1114264,FOCIT26NOV39700PE,FOCIT,26NOV2026,3970000.000000,45,OPTIDX,BFO,5.000000,1350,False
1110740,MANKIND26NOV2460PE,MANKIND,26NOV2026,246000.000000,250,OPTSTK,BFO,5.000000,100000000,False
1110764,JSWSTEEL26NOV1320CE,JSWSTEEL,26NOV2026,132000.000000,675,OPTSTK,BFO,5.000000,40500,False
1110778,DMART26NOV4150PE,DMART,26NOV2026,415000.000000,150,OPTSTK,BFO,5.000000,100000000,False
1110818,POLYCAB26NOV9500PE,POLYCAB,26NOV2026,950000.000000,125,OPTSTK,BFO,5.000000,9000,False
1121720,SHREECEM26OCT21750CE,SHREECEM,29OCT2026,2175000.000000,25,OPTSTK,BFO,5.000000,1000,False
1121747,JIOFIN26OCT217.5CE,JIOFIN,29OCT2026,21750.000000,2350,OPTSTK,BFO,5.000000,100000000,False
1121770,BAJAJFINSV26NOV1840CE,BAJAJFINSV,26NOV2026,184000.000000,300,OPTSTK,BFO,5.000000,20000,False
1121773,OIL26OCT525CE,OIL,29OCT2026,52500.000000,1400,OPTSTK,BFO,5.000000,100000000,False
1110812,NAM-INDIA26NOV1280PE,NAM-INDIA,26NOV2026,128000.000000,625,OPTSTK,BFO,5.000000,100000000,False
1110816,UNOMINDA26NOV1400CE,UNOMINDA,26NOV2026,140000.000000,550,OPTSTK,BFO,5.000000,100000000,False
1110861,CIPLA26NOV1390CE,CIPLA,26NOV2026,139000.000000,425,OPTSTK,BFO,5.000000,26000,False
1110878,PFC26NOV340CE,PFC,26NOV2026,34000.000000,1300,OPTSTK,BFO,5.000000,124000,False
1121784,DIXON26NOV12750CE,DIXON,26NOV2026,1275000.000000,50,OPTSTK,BFO,5.000000,6000,False
1121817,ADANIENSOL26SEP1300CE,ADANIENSOL,24SEP2026,130000.000000,675,OPTSTK,BFO,5.000000,100000000,False
1110839,ICICIPRULI26NOV510CE,ICICIPRULI,26NOV2026,51000.000000,925,OPTSTK,BFO,5.000000,60000,False
1110847,ATHERENERG26OCT1540CE,ATHERENERG,29OCT2026,154000.000000,375,OPTSTK,BFO,5.000000,100000000,False
1110868,PETRONET26NOV320CE,PETRONET,26NOV2026,32000.000000,1900,OPTSTK,BFO,5.000000,120000,False
1110916,TATAPOWER26NOV365PE,TATAPOWER,26NOV2026,36500.000000,1450,OPTSTK,BFO,5.000000,101250,False
1121802,HCLTECH26NOV1420PE,HCLTECH,26NOV2026,142000.000000,400,OPTSTK,BFO,5.000000,21000,False
1121812,NTPC26SEP290PE,NTPC,24SEP2026,29000.000000,1500,OPTSTK,BFO,5.000000,150000,False
1110880,ZYDUSLIFE26NOV1160PE,ZYDUSLIFE,26NOV2026,116000.000000,900,OPTSTK,BFO,5.000000,54000,False
1110907,UNOMINDA26NOV1320PE,UNOMINDA,26NOV2026,132000.000000,550,OPTSTK,BFO,5.000000,100000000,False
1110914,AUBANK26NOV1080PE,AUBANK,26NOV2026,108000.000000,1000,OPTSTK,BFO,5.000000,30000,False
1110922,BANKEX26OCT57300PE,BANKEX,29OCT2026,5730000.000000,30,OPTIDX,BFO,5.000000,900,False
1110949,VMM26NOV115CE,VMM,26NOV2026,11500.000000,4850,OPTSTK,BFO,5.000000,100000000,False
1121845,TITAN26NOV4700PE,TITAN,26NOV2026,470000.000000,175,OPTSTK,BFO,5.000000,11250,False
1121851,HDFCLIFE26NOV505PE,HDFCLIFE,26NOV2026,50500.000000,1100,OPTSTK,BFO,5.000000,44000,False
1121872,BIOCON26NOV365CE,BIOCON,26NOV2026,36500.000000,2500,OPTSTK,BFO,5.000000,100000,False
1121877,ADANIENSOL26OCT1300PE,ADANIENSOL,29OCT2026,130000.000000,675,OPTSTK,BFO,5.000000,100000000,False
1110917,PNB26NOV111CE,PNB,26NOV2026,11100.000000,8000,OPTSTK,BFO,5.000000,480000,False
1110926,CROMPTON26NOV225CE,CROMPTON,26NOV2026,22500.000000,2150,OPTSTK,BFO,5.000000,90000,False
1110948,JSWENERGY26NOV480PE,JSWENERGY,26NOV2026,48000.000000,1075,OPTSTK,BFO,5.000000,100000000,False
1110924,ITC26NOV250PE,ITC,26NOV2026,25000.000000,1725,OPTSTK,BFO,5.000000,64000,False
1110930,FORCEMOT26NOV18000CE,FORCEMOT,26NOV2026,1800000.000000,25,OPTSTK,BFO,5.000000,100000000,False
1110936,BDL26NOVFUT,BDL,26NOV2026,0.000000,425,FUTSTK,BFO,5.000000,100000000,False
1110942,SENSEX5026NOV26000CE,SENSEX50,26NOV2026,2600000.000000,75,OPTIDX,BFO,5.000000,1800,False
1121890,JUBLFOOD26NOV450CE,JUBLFOOD,26NOV2026,45000.000000,1250,OPTSTK,BFO,5.000000,50000,False
1121928,PRESTIGE26NOV1420PE,PRESTIGE,26NOV2026,142000.000000,450,OPTSTK,BFO,5.000000,100000000,False
1121947,BAJAJ-AUTO26SEP13000CE,BAJAJ-AUTO,24SEP2026,1300000.000000,75,OPTSTK,BFO,5.000000,5000,False
1121966,KALYANKJIL26NOV555PE,KALYANKJIL,26NOV2026,55500.000000,1350,OPTSTK,BFO,5.000000,100000000,False
1111016,COALINDIA26NOV420CE,COALINDIA,26NOV2026,42000.000000,1350,OPTSTK,BFO,5.000000,126000,False
1111036,MAXHEALTH26NOV950CE,MAXHEALTH,26NOV2026,95000.000000,525,OPTSTK,BFO,5.000000,100000000,False
1111046,NMDC26NOV83CE,NMDC,26NOV2026,8300.000000,6750,OPTSTK,BFO,5.000000,225000,False
1111064,LTF26NOV310PE,LTF,26NOV2026,31000.000000,2250,OPTSTK,BFO,5.000000,267720,False
1110951,ZYDUSLIFE26NOV1150CE,ZYDUSLIFE,26NOV2026,115000.000000,900,OPTSTK,BFO,5.000000,54000,False
1110972,AMBER26NOV7000CE,AMBER,26NOV2026,700000.000000,100,OPTSTK,BFO,5.000000,100000000,False
1111005,SBIN26NOV1000PE,SBIN,26NOV2026,100000.000000,750,OPTSTK,BFO,5.000000,45000,False
1111009,MAHABANK26OCT91CE,MAHABANK,29OCT2026,9100.000000,6500,OPTSTK,BFO,5.000000,100000000,False
1121973,KALYANKJIL26NOV570PE,KALYANKJIL,26NOV2026,57000.000000,1350,OPTSTK,BFO,5.000000,100000000,False
1121974,INDIGO26NOV4400CE,INDIGO,26NOV2026,440000.000000,150,OPTSTK,BFO,5.000000,12000,False
1121998,MANKIND26NOV2220CE,MANKIND,26NOV2026,222000.000000,250,OPTSTK,BFO,5.000000,100000000,False
1122000,ICICIPRULI26NOV465PE,ICICIPRULI,26NOV2026,46500.000000,925,OPTSTK,BFO,5.000000,60000,False
1111080,MAZDOCK26NOV2600PE,MAZDOCK,26NOV2026,260000.000000,225,OPTSTK,BFO,5.000000,100000000,False
1111084,JINDALSTEL26NOV1120CE,JINDALSTEL,26NOV2026,112000.000000,625,OPTSTK,BFO,5.000000,37500,False
1111108,VEDL26NOV275CE,VEDL,26NOV2026,27500.000000,1150,OPTSTK,BFO,5.000000,80000,False
1111122,ICICIBANK26NOV1430PE,ICICIBANK,26NOV2026,143000.000000,700,OPTSTK,BFO,5.000000,28000,False
1111010,INFY26NOV1240PE,INFY,26NOV2026,124000.000000,400,OPTSTK,BFO,5.000000,16000,False
1111042,BANKEX26NOV64300CE,BANKEX,26NOV2026,6430000.000000,30,OPTIDX,BFO,5.000000,900,False
1111063,COCHINSHIP26NOV1580PE,COCHINSHIP,26NOV2026,158000.000000,400,OPTSTK,BFO,5.000000,100000000,False
1111066,HDFCLIFE26NOV580PE,HDFCLIFE,26NOV2026,58000.000000,1100,OPTSTK,BFO,5.000000,44000,False
1122012,PGEL26OCT500CE,PGEL,29OCT2026,50000.000000,950,OPTSTK,BFO,5.000000,100000000,False
1122016,KALYANKJIL26NOV540CE,KALYANKJIL,26NOV2026,54000.000000,1350,OPTSTK,BFO,5.000000,100000000,False
1122029,HYUNDAI26NOV2060CE,HYUNDAI,26NOV2026,206000.000000,275,OPTSTK,BFO,5.000000,100000000,False
1122041,MARUTI26NOV12600CE,MARUTI,26NOV2026,1260000.000000,50,OPTSTK,BFO,5.000000,3000,False
1111138,PIDILITIND26NOV1800PE,PIDILITIND,26NOV2026,180000.000000,500,OPTSTK,BFO,5.000000,10000,False
1111150,KOTAKBANK26NOV420CE,KOTAKBANK,26NOV2026,42000.000000,2000,OPTSTK,BFO,5.000000,12000,False
1111170,JINDALSTEL26NOV1040PE,JINDALSTEL,26NOV2026,104000.000000,625,OPTSTK,BFO,5.000000,37500,False
1111173,SAGILITY26SEP50PE,SAGILITY,24SEP2026,5000.000000,12000,OPTSTK,BFO,5.000000,100000000,False
1111082,PIDILITIND26NOV1720CE,PIDILITIND,26NOV2026,172000.000000,500,OPTSTK,BFO,5.000000,10000,False
1111123,IEX26NOV127.5PE,IEX,26NOV2026,12750.000000,4350,OPTSTK,BFO,5.000000,150000,False
1111125,ATHERENERG26OCTFUT,ATHERENERG,29OCT2026,0.000000,375,FUTSTK,BFO,5.000000,100000000,False
1111148,AMBUJACEM26NOV390PE,AMBUJACEM,26NOV2026,39000.000000,1200,OPTSTK,BFO,5.000000,54000,False
1122051,MPHASIS26NOV2850PE,MPHASIS,26NOV2026,285000.000000,275,OPTSTK,BFO,5.000000,11000,False
1122062,M&M26NOV2900PE,M&M,26NOV2026,290000.000000,200,OPTSTK,BFO,5.000000,21000,False
1122068,KALYANKJIL26NOV545CE,KALYANKJIL,26NOV2026,54500.000000,1350,OPTSTK,BFO,5.000000,100000000,False
1122100,ANGELONE26NOV245CE,ANGELONE,26NOV2026,24500.000000,2500,OPTSTK,BFO,5.000000,100000000,False
1111165,ADANIENSOL26NOV1560PE,ADANIENSOL,26NOV2026,156000.000000,675,OPTSTK,BFO,5.000000,100000000,False
1111166,PIDILITIND26NOV1640PE,PIDILITIND,26NOV2026,164000.000000,500,OPTSTK,BFO,5.000000,10000,False
1111172,AMBUJACEM26NOV395CE,AMBUJACEM,26NOV2026,39500.000000,1200,OPTSTK,BFO,5.000000,54000,False
1111175,NHPC26NOV80CE,NHPC,26NOV2026,8000.000000,6950,OPTSTK,BFO,5.000000,100000000,False
1122161,MARUTI26OCT12600PE,MARUTI,29OCT2026,1260000.000000,50,OPTSTK,BFO,5.000000,3000,False
1122231,SENSEX26O0869600CE,SENSEX,08OCT2026,6960000.000000,20,OPTIDX,BFO,5.000000,1000,False
1122260,COALINDIA26NOV445CE,COALINDIA,26NOV2026,44500.000000,1350,OPTSTK,BFO,5.000000,126000,False
1122287,ALKEM26OCT4850PE,ALKEM,29OCT2026,485000.000000,125,OPTSTK,BFO,5.000000,8000,False
1111178,ADANIPOWER26NOV225CE,ADANIPOWER,26NOV2026,22500.000000,3550,OPTSTK,BFO,5.000000,100000000,False
1111188,ICICIBANK26NOV1420CE,ICICIBANK,26NOV2026,142000.000000,700,OPTSTK,BFO,5.000000,28000,False
1111190,SENSEX26SEP86000PE,SENSEX,24SEP2026,8600000.000000,20,OPTIDX,BFO,5.000000,1000,False
1111204,SAGILITY26OCT44CE,SAGILITY,29OCT2026,4400.000000,12000,OPTSTK,BFO,5.000000,100000000,False
1111226,SENSEX26O1573000CE,SENSEX,15OCT2026,7300000.000000,20,OPTIDX,BFO,5.000000,1000,False
1111255,SONACOMS26NOV860PE,SONACOMS,26NOV2026,86000.000000,1225,OPTSTK,BFO,5.000000,100000000,False
1111272,VMM26NOV92.5CE,VMM,26NOV2026,9250.000000,4850,OPTSTK,BFO,5.000000,100000000,False
1111278,RBLBANK26NOV420CE,RBLBANK,26NOV2026,42000.000000,3175,OPTSTK,BFO,5.000000,150000,False
1122289,MARUTI26NOV12100PE,MARUTI,26NOV2026,1210000.000000,50,OPTSTK,BFO,5.000000,3000,False
1122336,SENSEX26O0169600PE,SENSEX,01OCT2026,6960000.000000,20,OPTIDX,BFO,5.000000,1000,False
1122447,VOLTAS26NOV1020CE,VOLTAS,26NOV2026,102000.000000,375,OPTSTK,BFO,5.000000,30000,False
1122457,TATAPOWER26NOV400CE,TATAPOWER,26NOV2026,40000.000000,1450,OPTSTK,BFO,5.000000,101250,False
1111215,MAXHEALTH26NOV1020CE,MAXHEALTH,26NOV2026,102000.000000,525,OPTSTK,BFO,5.000000,100000000,False
1111231,RELIANCE26NOV1310PE,RELIANCE,26NOV2026,131000.000000,500,OPTSTK,BFO,5.000000,10000,False
1111233,BPCL26NOV285PE,BPCL,26NOV2026,28500.000000,1975,OPTSTK,BFO,5.000000,72000,False
1111241,SENSEX26SEP80000PE,SENSEX,24SEP2026,8000000.000000,20,OPTIDX,BFO,5.000000,1000,False
1111281,ETERNAL26NOV335CE,ETERNAL,26NOV2026,33500.000000,2425,OPTSTK,BFO,5.000000,100000000,False
1111286,TRENT26NOV2800CE,TRENT,26NOV2026,280000.000000,225,OPTSTK,BFO,5.000000,16000,False
1111319,BOSCHLTD26NOV47500PE,BOSCHLTD,26NOV2026,4750000.000000,25,OPTSTK,BFO,5.000000,1500,False
1111324,HAVELLS26NOV1140PE,HAVELLS,26NOV2026,114000.000000,500,OPTSTK,BFO,5.000000,20000,False
1122489,SENSEX26OCT69600PE,SENSEX,29OCT2026,6960000.000000,20,OPTIDX,BFO,5.000000,1000,False
1122503,VOLTAS26NOV1040CE,VOLTAS,26NOV2026,104000.000000,375,OPTSTK,BFO,5.000000,30000,False
1122556,SENSEX5026OCT24150PE,SENSEX50,29OCT2026,2415000.000000,75,OPTIDX,BFO,5.000000,1800,False
1122589,RVNL26SEP170CE,RVNL,24SEP2026,17000.000000,1925,OPTSTK,BFO,5.000000,100000000,False
1111260,TMPV26NOV335CE,TMPV,26NOV2026,33500.000000,1600,OPTSTK,BFO,5.000000,42750,False
1111273,TIINDIA26NOV2600CE,TIINDIA,26NOV2026,260000.000000,200,OPTSTK,BFO,5.000000,100000000,False
1111294,MAHABANK26OCT83PE,MAHABANK,29OCT2026,8300.000000,6500,OPTSTK,BFO,5.000000,100000000,False
1111303,UNIONBANK26NOV180CE,UNIONBANK,26NOV2026,18000.000000,4425,OPTSTK,BFO,5.000000,100000000,False
1111354,BAJAJ-AUTO26NOV11500CE,BAJAJ-AUTO,26NOV2026,1150000.000000,75,OPTSTK,BFO,5.000000,5000,False
1111404,SENSEX26O1581600CE,SENSEX,15OCT2026,8160000.000000,20,OPTIDX,BFO,5.000000,1000,False
1111425,ATHERENERG26SEP1540PE,ATHERENERG,24SEP2026,154000.000000,375,OPTSTK,BFO,5.000000,100000000,False
1111432,BANDHANBNK26NOV185PE,BANDHANBNK,26NOV2026,18500.000000,3600,OPTSTK,BFO,5.000000,100000,False
1122598,HINDUNILVR26OCT1840CE,HINDUNILVR,29OCT2026,184000.000000,300,OPTSTK,BFO,5.000000,9000,False
1122702,BRITANNIA26NOV4800PE,BRITANNIA,26NOV2026,480000.000000,125,OPTSTK,BFO,5.000000,6000,False
1122707,GVT&D26NOV3500PE,GVT&D,26NOV2026,350000.000000,125,OPTSTK,BFO,5.000000,100000000,False
1122727,EICHERMOT26OCT7000PE,EICHERMOT,29OCT2026,700000.000000,100,OPTSTK,BFO,5.000000,7000,False
1111314,FORTIS26NOV870PE,FORTIS,26NOV2026,87000.000000,775,OPTSTK,BFO,5.000000,100000000,False
1111318,FORCEMOT26NOV16000PE,FORCEMOT,26NOV2026,1600000.000000,25,OPTSTK,BFO,5.000000,100000000,False
1111322,FOCIT26NOV38100PE,FOCIT,26NOV2026,3810000.000000,45,OPTIDX,BFO,5.000000,1350,False
1111329,TITAN26NOV5250PE,TITAN,26NOV2026,525000.000000,175,OPTSTK,BFO,5.000000,11250,False
1111448,TRENT26NOV2550CE,TRENT,26NOV2026,255000.000000,225,OPTSTK,BFO,5.000000,16000,False
1111488,APLAPOLLO26NOV2180CE,APLAPOLLO,26NOV2026,218000.000000,350,OPTSTK,BFO,5.000000,100000000,False
1111495,BANKINDIA26NOV162.5CE,BANKINDIA,26NOV2026,16250.000000,5200,OPTSTK,BFO,5.000000,100000000,False
1111503,SBILIFE26NOV1920PE,SBILIFE,26NOV2026,192000.000000,375,OPTSTK,BFO,5.000000,22500,False
1122731,ASIANPAINT26NOV2380PE,ASIANPAINT,26NOV2026,238000.000000,250,OPTSTK,BFO,5.000000,8000,False
1122764,SENSEX26OCT69800PE,SENSEX,29OCT2026,6980000.000000,20,OPTIDX,BFO,5.000000,1000,False
1122801,NESTLEIND26OCT1360CE,NESTLEIND,29OCT2026,136000.000000,500,OPTSTK,BFO,5.000000,1200,False
1122808,INDIGO26NOV4300CE,INDIGO,26NOV2026,430000.000000,150,OPTSTK,BFO,5.000000,12000,False
1111511,ADANIPORTS26NOV1580PE,ADANIPORTS,26NOV2026,158000.000000,475,OPTSTK,BFO,5.000000,32000,False
1111515,TMPV26NOV310PE,TMPV,26NOV2026,31000.000000,1600,OPTSTK,BFO,5.000000,42750,False
1111528,SUNPHARMA26NOV1980CE,SUNPHARMA,26NOV2026,198000.000000,350,OPTSTK,BFO,5.000000,28000,False
1111535,PAGEIND26NOV34000PE,PAGEIND,26NOV2026,3400000.000000,20,OPTSTK,BFO,5.000000,600,False
1111334,ATHERENERG26SEP1620CE,ATHERENERG,24SEP2026,162000.000000,375,OPTSTK,BFO,5.000000,100000000,False
1111377,SUNPHARMA26NOV2020CE,SUNPHARMA,26NOV2026,202000.000000,350,OPTSTK,BFO,5.000000,28000,False
1111378,LTF26NOV315PE,LTF,26NOV2026,31500.000000,2250,OPTSTK,BFO,5.000000,267720,False
1111379,VOLTAS26NOV1340CE,VOLTAS,26NOV2026,134000.000000,375,OPTSTK,BFO,5.000000,30000,False
1122826,SONACOMS26NOV730PE,SONACOMS,26NOV2026,73000.000000,1225,OPTSTK,BFO,5.000000,100000000,False
1122910,AMBUJACEM26OCT365PE,AMBUJACEM,29OCT2026,36500.000000,1200,OPTSTK,BFO,5.000000,54000,False
1122925,BANDHANBNK26SEP125PE,BANDHANBNK,24SEP2026,12500.000000,3600,OPTSTK,BFO,5.000000,100000,False
1123010,VOLTAS26NOV1020PE,VOLTAS,26NOV2026,102000.000000,375,OPTSTK,BFO,5.000000,30000,False
1111558,UPL26NOV530PE,UPL,26NOV2026,53000.000000,1355,OPTSTK,BFO,5.000000,39000,False
1111579,HINDPETRO26NOV350CE,HINDPETRO,26NOV2026,35000.000000,2025,OPTSTK,BFO,5.000000,108000,False
1111612,PAGEIND26NOV37000CE,PAGEIND,26NOV2026,3700000.000000,20,OPTSTK,BFO,5.000000,600,False
1111637,FOCIT26NOV43700CE,FOCIT,26NOV2026,4370000.000000,45,OPTIDX,BFO,5.000000,1350,False
1123060,SENSEX26O0869800CE,SENSEX,08OCT2026,6980000.000000,20,OPTIDX,BFO,5.000000,1000,False
1123116,TATACONSUM26SEP950CE,TATACONSUM,24SEP2026,95000.000000,550,OPTSTK,BFO,5.000000,36000,False
1123161,HINDUNILVR26NOV1840PE,HINDUNILVR,26NOV2026,184000.000000,300,OPTSTK,BFO,5.000000,9000,False
1123229,SENSEX2691769600CE,SENSEX,17SEP2026,6960000.000000,20,OPTIDX,BFO,5.000000,1000,False
1111393,VBL26NOV460CE,VBL,26NOV2026,46000.000000,1275,OPTSTK,BFO,5.000000,100000000,False
1111436,LICI26NOV380CE,LICI,26NOV2026,38000.000000,1400,OPTSTK,BFO,5.000000,100000000,False
1111443,ATHERENERG26SEP1380PE,ATHERENERG,24SEP2026,138000.000000,375,OPTSTK,BFO,5.000000,100000000,False
1111450,SWIGGY26NOV305PE,SWIGGY,26NOV2026,30500.000000,1825,OPTSTK,BFO,5.000000,100000000,False
1111663,NAUKRI26NOV1240PE,NAUKRI,26NOV2026,124000.000000,550,OPTSTK,BFO,5.000000,6000,False
1111672,DELHIVERY26NOV495CE,DELHIVERY,26NOV2026,49500.000000,2075,OPTSTK,BFO,5.000000,100000000,False
1111685,BHARATFORG26NOV1920CE,BHARATFORG,26NOV2026,192000.000000,500,OPTSTK,BFO,5.000000,30000,False
1111689,VEDL26NOV255PE,VEDL,26NOV2026,25500.000000,1150,OPTSTK,BFO,5.000000,80000,False
1123242,IRFC26OCT75PE,IRFC,29OCT2026,7500.000000,5425,OPTSTK,BFO,5.000000,100000000,False
1123280,BANDHANBNK26OCT125CE,BANDHANBNK,29OCT2026,12500.000000,3600,OPTSTK,BFO,5.000000,100000,False
1123293,NESTLEIND26NOV1360PE,NESTLEIND,26NOV2026,136000.000000,500,OPTSTK,BFO,5.000000,1200,False
1123330,BLUESTARCO26OCT1300CE,BLUESTARCO,29OCT2026,130000.000000,325,OPTSTK,BFO,5.000000,100000000,False
1111692,SBILIFE26NOV1820CE,SBILIFE,26NOV2026,182000.000000,375,OPTSTK,BFO,5.000000,22500,False
1111703,BANKEX26NOV61500PE,BANKEX,26NOV2026,6150000.000000,30,OPTIDX,BFO,5.000000,900,False
1111716,GRASIM26NOV3340PE,GRASIM,26NOV2026,334000.000000,250,OPTSTK,BFO,5.000000,14250,False
1111722,KEI26NOV5400PE,KEI,26NOV2026,540000.000000,175,OPTSTK,BFO,5.000000,100000000,False
1111456,LODHA26NOV1160CE,LODHA,26NOV2026,116000.000000,625,OPTSTK,BFO,5.000000,100000000,False
1111457,COFORGE26NOV1820CE,COFORGE,26NOV2026,182000.000000,475,OPTSTK,BFO,5.000000,6000,False
1111461,BAJAJFINSV26NOV2100PE,BAJAJFINSV,26NOV2026,210000.000000,300,OPTSTK,BFO,5.000000,20000,False
1111470,SWIGGY26NOV270CE,SWIGGY,26NOV2026,27000.000000,1825,OPTSTK,BFO,5.000000,100000000,False
1123376,HDFCBANK26SEP630PE,HDFCBANK,24SEP2026,63000.000000,650,OPTSTK,BFO,5.000000,16500,False
1123379,ASHOKLEY26NOV150PE,ASHOKLEY,26NOV2026,15000.000000,5000,OPTSTK,BFO,5.000000,150000,False
1123492,CDSL26SEP1020CE,CDSL,29SEP2026,102000.000000,475,OPTSTK,BFO,5.000000,14001,False
1123507,CDSL26OCT1020PE,CDSL,27OCT2026,102000.000000,475,OPTSTK,BFO,5.000000,14001,False
1111723,BIOCON26NOV425PE,BIOCON,26NOV2026,42500.000000,2500,OPTSTK,BFO,5.000000,100000,False
1111731,SENSEX26O1581900PE,SENSEX,15OCT2026,8190000.000000,20,OPTIDX,BFO,5.000000,1000,False
1111732,GRASIM26NOV3180PE,GRASIM,26NOV2026,318000.000000,250,OPTSTK,BFO,5.000000,14250,False
1111756,JUBLFOOD26NOV510CE,JUBLFOOD,26NOV2026,51000.000000,1250,OPTSTK,BFO,5.000000,50000,False
1111479,FORCEMOT26NOV20000PE,FORCEMOT,26NOV2026,2000000.000000,25,OPTSTK,BFO,5.000000,100000000,False
1111504,AXISBANK26NOV1240PE,AXISBANK,26NOV2026,124000.000000,625,OPTSTK,BFO,5.000000,25000,False
1111508,ADANIPOWER26NOV190CE,ADANIPOWER,26NOV2026,19000.000000,3550,OPTSTK,BFO,5.000000,100000000,False
1111514,SENSEX26O1579300PE,SENSEX,15OCT2026,7930000.000000,20,OPTIDX,BFO,5.000000,1000,False
1111781,CUMMINSIND26NOV5100CE,CUMMINSIND,26NOV2026,510000.000000,200,OPTSTK,BFO,5.000000,18000,False
1111802,TMPV26NOV315PE,TMPV,26NOV2026,31500.000000,1600,OPTSTK,BFO,5.000000,42750,False
1111820,PAYTM26NOV1600PE,PAYTM,26NOV2026,160000.000000,725,OPTSTK,BFO,5.000000,100000000,False
1111831,JINDALSTEL26NOV1160CE,JINDALSTEL,26NOV2026,116000.000000,625,OPTSTK,BFO,5.000000,37500,False
1123549,SENSEX26O2271400CE,SENSEX,22OCT2026,7140000.000000,20,OPTIDX,BFO,5.000000,1000,False
1123608,LUPIN26OCT2000PE,LUPIN,29OCT2026,200000.000000,425,OPTSTK,BFO,5.000000,34000,False
1123621,LUPIN26NOV2000CE,LUPIN,26NOV2026,200000.000000,425,OPTSTK,BFO,5.000000,34000,False
1123738,SENSEX26O2282500CE,SENSEX,22OCT2026,8250000.000000,20,OPTIDX,BFO,5.000000,1000,False
1111833,EICHERMOT26NOV8100PE,EICHERMOT,26NOV2026,810000.000000,100,OPTSTK,BFO,5.000000,7000,False
1111846,HINDUNILVR26SEP1860CE,HINDUNILVR,24SEP2026,186000.000000,300,OPTSTK,BFO,5.000000,9000,False
1111871,RELIANCE26NOV1280PE,RELIANCE,26NOV2026,128000.000000,500,OPTSTK,BFO,5.000000,10000,False
1111879,RECLTD26NOV285PE,RECLTD,26NOV2026,28500.000000,1575,OPTSTK,BFO,5.000000,160000,False
1123798,SENSEX26O2270500PE,SENSEX,22OCT2026,7050000.000000,20,OPTIDX,BFO,5.000000,1000,False
1123847,SENSEX26O2278500PE,SENSEX,22OCT2026,7850000.000000,20,OPTIDX,BFO,5.000000,1000,False
1123875,SENSEX26O2269700CE,SENSEX,22OCT2026,6970000.000000,20,OPTIDX,BFO,5.000000,1000,False
1123884,SENSEX26O2274800PE,SENSEX,22OCT2026,7480000.000000,20,OPTIDX,BFO,5.000000,1000,False
1111520,SBILIFE26NOV1760PE,SBILIFE,26NOV2026,176000.000000,375,OPTSTK,BFO,5.000000,22500,False
1111532,LODHA26NOV1240PE,LODHA,26NOV2026,124000.000000,625,OPTSTK,BFO,5.000000,100000000,False
1111570,PNB26NOV116PE,PNB,26NOV2026,11600.000000,8000,OPTSTK,BFO,5.000000,480000,False
1111600,MAHABANK26OCT88PE,MAHABANK,29OCT2026,8800.000000,6500,OPTSTK,BFO,5.000000,100000000,False
1111899,BAJAJFINSV26NOV1880PE,BAJAJFINSV,26NOV2026,188000.000000,300,OPTSTK,BFO,5.000000,20000,False
1111928,DELHIVERY26NOV470PE,DELHIVERY,26NOV2026,47000.000000,2075,OPTSTK,BFO,5.000000,100000000,False
1111902,ADANIGREEN26NOV1240CE,ADANIGREEN,26NOV2026,124000.000000,600,OPTSTK,BFO,5.000000,100000000,False
1111922,MAXHEALTH26NOV1070PE,MAXHEALTH,26NOV2026,107000.000000,525,OPTSTK,BFO,5.000000,100000000,False
1123940,SENSEX26O2275000PE,SENSEX,22OCT2026,7500000.000000,20,OPTIDX,BFO,5.000000,1000,False
1123974,SOLARINDS26SEP23000PE,SOLARINDS,24SEP2026,2300000.000000,50,OPTSTK,BFO,5.000000,100000000,False
1124001,SENSEX26O2270100CE,SENSEX,22OCT2026,7010000.000000,20,OPTIDX,BFO,5.000000,1000,False
1124004,SENSEX26O0169500PE,SENSEX,01OCT2026,6950000.000000,20,OPTIDX,BFO,5.000000,1000,False
1111605,BLUESTARCO26NOV1360CE,BLUESTARCO,26NOV2026,136000.000000,325,OPTSTK,BFO,5.000000,100000000,False
1111629,JSWSTEEL26NOV1440PE,JSWSTEEL,26NOV2026,144000.000000,675,OPTSTK,BFO,5.000000,40500,False
1111634,BANKEX26NOV65200PE,BANKEX,26NOV2026,6520000.000000,30,OPTIDX,BFO,5.000000,900,False
1111635,NAUKRI26NOV1400PE,NAUKRI,26NOV2026,140000.000000,550,OPTSTK,BFO,5.000000,6000,False
1111934,ONGC26NOV242.5CE,ONGC,26NOV2026,24250.000000,2250,OPTSTK,BFO,5.000000,154000,False
1111935,JINDALSTEL26NOV1080PE,JINDALSTEL,26NOV2026,108000.000000,625,OPTSTK,BFO,5.000000,37500,False
1111957,ICICIBANK26NOV1460CE,ICICIBANK,26NOV2026,146000.000000,700,OPTSTK,BFO,5.000000,28000,False
1111963,GODREJPROP26NOV2120CE,GODREJPROP,26NOV2026,212000.000000,325,OPTSTK,BFO,5.000000,19000,False
1124123,MAHABANK26OCT93CE,MAHABANK,29OCT2026,9300.000000,6500,OPTSTK,BFO,5.000000,100000000,False
1124129,SENSEX5026NOV24050CE,SENSEX50,26NOV2026,2405000.000000,75,OPTIDX,BFO,5.000000,1800,False
1124157,PGEL26NOV490CE,PGEL,26NOV2026,49000.000000,950,OPTSTK,BFO,5.000000,100000000,False
1124226,SENSEX26O2277900PE,SENSEX,22OCT2026,7790000.000000,20,OPTIDX,BFO,5.000000,1000,False
1111639,SENSEX26O1571900PE,SENSEX,15OCT2026,7190000.000000,20,OPTIDX,BFO,5.000000,1000,False
1111646,SUZLON26NOV47PE,SUZLON,26NOV2026,4700.000000,12700,OPTSTK,BFO,5.000000,100000000,False
1111656,TATACONSUM26NOV980PE,TATACONSUM,26NOV2026,98000.000000,550,OPTSTK,BFO,5.000000,36000,False
1111659,JSWSTEEL26NOV1280PE,JSWSTEEL,26NOV2026,128000.000000,675,OPTSTK,BFO,5.000000,40500,False
1112002,SENSEX26O1577800CE,SENSEX,15OCT2026,7780000.000000,20,OPTIDX,BFO,5.000000,1000,False
1112007,TECHM26NOV1620PE,TECHM,26NOV2026,162000.000000,600,OPTSTK,BFO,5.000000,24000,False
1112012,TRENT26NOV2850PE,TRENT,26NOV2026,285000.000000,225,OPTSTK,BFO,5.000000,16000,False
1112014,SENSEX26O1580200PE,SENSEX,15OCT2026,8020000.000000,20,OPTIDX,BFO,5.000000,1000,False
1124247,LICHSGFIN26NOV620CE,LICHSGFIN,26NOV2026,62000.000000,1000,OPTSTK,BFO,5.000000,60000,False
1124254,SENSEX26OCT69200CE,SENSEX,29OCT2026,6920000.000000,20,OPTIDX,BFO,5.000000,1000,False
1124371,SENSEX26O2280300CE,SENSEX,22OCT2026,8030000.000000,20,OPTIDX,BFO,5.000000,1000,False
1124387,SENSEX26O2277500CE,SENSEX,22OCT2026,7750000.000000,20,OPTIDX,BFO,5.000000,1000,False
1111671,KOTAKBANK26NOVFUT,KOTAKBANK,26NOV2026,0.000000,2000,FUTSTK,BFO,5.000000,12000,False
1111712,APOLLOHOSP26NOV8200PE,APOLLOHOSP,26NOV2026,820000.000000,125,OPTSTK,BFO,5.000000,5000,False
1111669,COALINDIA26NOV390CE,COALINDIA,26NOV2026,39000.000000,1350,OPTSTK,BFO,5.000000,126000,False
1111675,SENSEX26O1583300PE,SENSEX,15OCT2026,8330000.000000,20,OPTIDX,BFO,5.000000,1000,False
1112019,PFC26NOV385CE,PFC,26NOV2026,38500.000000,1300,OPTSTK,BFO,5.000000,124000,False
1112047,IDFCFIRSTB26NOV83PE,IDFCFIRSTB,26NOV2026,8300.000000,9275,OPTSTK,BFO,5.000000,450000,False
1112065,INDIGO26NOV5500PE,INDIGO,26NOV2026,550000.000000,150,OPTSTK,BFO,5.000000,12000,False
1112086,ICICIBANK26NOV1380PE,ICICIBANK,26NOV2026,138000.000000,700,OPTSTK,BFO,5.000000,28000,False
1124519,SENSEX26O2282600CE,SENSEX,22OCT2026,8260000.000000,20,OPTIDX,BFO,5.000000,1000,False
1124555,SENSEX26O2279800CE,SENSEX,22OCT2026,7980000.000000,20,OPTIDX,BFO,5.000000,1000,False
1124573,MCX26NOV2850PE,MCX,26NOV2026,285000.000000,225,OPTSTK,BFO,5.000000,16000,False
1124649,SENSEX26O0169300CE,SENSEX,01OCT2026,6930000.000000,20,OPTIDX,BFO,5.000000,1000,False
1111720,ZYDUSLIFE26NOV1190CE,ZYDUSLIFE,26NOV2026,119000.000000,900,OPTSTK,BFO,5.000000,54000,False
1111721,DLF26NOV690PE,DLF,26NOV2026,69000.000000,950,OPTSTK,BFO,5.000000,49500,False
1111726,BANKBARODA26NOV210CE,BANKBARODA,26NOV2026,21000.000000,2925,OPTSTK,BFO,5.000000,175500,False
1111728,AUROPHARMA26NOV1640PE,AUROPHARMA,26NOV2026,164000.000000,550,OPTSTK,BFO,5.000000,44000,False
1112094,RELIANCE26NOV1340CE,RELIANCE,26NOV2026,134000.000000,500,OPTSTK,BFO,5.000000,10000,False
1112154,INDHOTEL26NOV720PE,INDHOTEL,26NOV2026,72000.000000,1000,OPTSTK,BFO,5.000000,60000,False
1112156,ASIANPAINT26NOV2540CE,ASIANPAINT,26NOV2026,254000.000000,250,OPTSTK,BFO,5.000000,8000,False
1112158,ICICIBANK26NOV1370CE,ICICIBANK,26NOV2026,137000.000000,700,OPTSTK,BFO,5.000000,28000,False
1124667,SENSEX26O2279100CE,SENSEX,22OCT2026,7910000.000000,20,OPTIDX,BFO,5.000000,1000,False
1124723,SOLARINDS26SEP23250CE,SOLARINDS,24SEP2026,2325000.000000,50,OPTSTK,BFO,5.000000,100000000,False
1124742,SENSEX26O2273400CE,SENSEX,22OCT2026,7340000.000000,20,OPTIDX,BFO,5.000000,1000,False
1124817,ICICIGI26NOV1380PE,ICICIGI,26NOV2026,138000.000000,325,OPTSTK,BFO,5.000000,20000,False
1112189,WAAREEENER26NOV2350PE,WAAREEENER,26NOV2026,235000.000000,175,OPTSTK,BFO,5.000000,100000000,False
1112207,BANKEX26NOV62500PE,BANKEX,26NOV2026,6250000.000000,30,OPTIDX,BFO,5.000000,900,False
1112253,SENSEX26NOV74800CE,SENSEX,26NOV2026,7480000.000000,20,OPTIDX,BFO,5.000000,1000,False
1112296,TECHM26NOV1520CE,TECHM,26NOV2026,152000.000000,600,OPTSTK,BFO,5.000000,24000,False
1111743,SBIN26NOV1040PE,SBIN,26NOV2026,104000.000000,750,OPTSTK,BFO,5.000000,45000,False
1111768,PERSISTENT26NOV5300PE,PERSISTENT,26NOV2026,530000.000000,125,OPTSTK,BFO,5.000000,5250,False
1111782,OBEROIRLTY26NOV1900CE,OBEROIRLTY,26NOV2026,190000.000000,350,OPTSTK,BFO,5.000000,28000,False
1111798,MAZDOCK26NOV2800PE,MAZDOCK,26NOV2026,280000.000000,225,OPTSTK,BFO,5.000000,100000000,False
1124847,SENSEX26O2273700PE,SENSEX,22OCT2026,7370000.000000,20,OPTIDX,BFO,5.000000,1000,False
1124878,SENSEX26O0869200CE,SENSEX,08OCT2026,6920000.000000,20,OPTIDX,BFO,5.000000,1000,False
1124888,SENSEX26O2271000CE,SENSEX,22OCT2026,7100000.000000,20,OPTIDX,BFO,5.000000,1000,False
1124920,GODREJCP26SEP820PE,GODREJCP,24SEP2026,82000.000000,500,OPTSTK,BFO,5.000000,30000,False
1112305,LUPIN26OCT2020PE,LUPIN,29OCT2026,202000.000000,425,OPTSTK,BFO,5.000000,34000,False
1112310,BAJFINANCE26NOVFUT,BAJFINANCE,26NOV2026,0.000000,750,FUTSTK,BFO,5.000000,3750,False
1112314,LODHA26NOV1360CE,LODHA,26NOV2026,136000.000000,625,OPTSTK,BFO,5.000000,100000000,False
1112355,IOC26NOV137.5CE,IOC,26NOV2026,13750.000000,4875,OPTSTK,BFO,5.000000,292500,False
1111812,IDEA26NOV10CE,IDEA,26NOV2026,1000.000000,71475,OPTSTK,BFO,5.000000,2400000,False
1111828,ALKEM26NOV5450PE,ALKEM,26NOV2026,545000.000000,125,OPTSTK,BFO,5.000000,8000,False
1111830,ETERNAL26NOV315PE,ETERNAL,26NOV2026,31500.000000,2425,OPTSTK,BFO,5.000000,100000000,False
1111832,BHEL26NOV425PE,BHEL,26NOV2026,42500.000000,2625,OPTSTK,BFO,5.000000,315000,False
1124925,IDFCFIRSTB26NOV94CE,IDFCFIRSTB,26NOV2026,9400.000000,9275,OPTSTK,BFO,5.000000,450000,False
1125013,CIPLA26OCT1320PE,CIPLA,29OCT2026,132000.000000,425,OPTSTK,BFO,5.000000,26000,False
1125097,SENSEX26O2275000CE,SENSEX,22OCT2026,7500000.000000,20,OPTIDX,BFO,5.000000,1000,False
1125101,SOLARINDS26OCT22500CE,SOLARINDS,29OCT2026,2250000.000000,50,OPTSTK,BFO,5.000000,100000000,False
1112364,DIXON26NOV13500CE,DIXON,26NOV2026,1350000.000000,50,OPTSTK,BFO,5.000000,6000,False
1112366,FOCIT26NOV42300PE,FOCIT,26NOV2026,4230000.000000,45,OPTIDX,BFO,5.000000,1350,False
1112381,ADANIPORTS26NOV1780PE,ADANIPORTS,26NOV2026,178000.000000,475,OPTSTK,BFO,5.000000,32000,False
1112382,WIPRO26NOV160PE,WIPRO,26NOV2026,16000.000000,3000,OPTSTK,BFO,5.000000,60000,False
1111837,FOCIT26NOVFUT,FOCIT,26NOV2026,0.000000,45,FUTIDX,BFO,100.000000,900,False
1111874,POWERINDIA26NOV31000PE,POWERINDIA,26NOV2026,3100000.000000,25,OPTSTK,BFO,5.000000,100000000,False
1111876,INDUSTOWER26NOV350PE,INDUSTOWER,26NOV2026,35000.000000,1700,OPTSTK,BFO,5.000000,170000,False
1111896,GAIL26NOV162.5PE,GAIL,26NOV2026,16250.000000,3550,OPTSTK,BFO,5.000000,274500,False
1125113,BHARATFORG26NOV1860CE,BHARATFORG,26NOV2026,186000.000000,500,OPTSTK,BFO,5.000000,30000,False
1125117,SENSEX26O2271300CE,SENSEX,22OCT2026,7130000.000000,20,OPTIDX,BFO,5.000000,1000,False
1125118,MANKIND26SEP2200CE,MANKIND,24SEP2026,220000.000000,250,OPTSTK,BFO,5.000000,100000000,False
1125128,SENSEX26NOV69200CE,SENSEX,26NOV2026,6920000.000000,20,OPTIDX,BFO,5.000000,1000,False
1112418,KPITTECH26NOV640CE,KPITTECH,26NOV2026,64000.000000,775,OPTSTK,BFO,5.000000,100000000,False
1112479,CAMS26NOV680CE,CAMS,26NOV2026,68000.000000,825,OPTSTK,BFO,5.000000,100000000,False
1112488,IDFCFIRSTB26NOV88PE,IDFCFIRSTB,26NOV2026,8800.000000,9275,OPTSTK,BFO,5.000000,450000,False
1112486,SHRIRAMFIN26NOV1180CE,SHRIRAMFIN,26NOV2026,118000.000000,825,OPTSTK,BFO,5.000000,18000,False
1111898,SBIN26NOV1110PE,SBIN,26NOV2026,111000.000000,750,OPTSTK,BFO,5.000000,45000,False
1111905,ASTRAL26NOV1500PE,ASTRAL,26NOV2026,150000.000000,425,OPTSTK,BFO,5.000000,14680,False
1111924,BHARTIARTL26NOV1820PE,BHARTIARTL,26NOV2026,182000.000000,475,OPTSTK,BFO,5.000000,28500,False
1111964,HAL26NOV4900CE,HAL,26NOV2026,490000.000000,150,OPTSTK,BFO,5.000000,9000,False
1125150,TORNTPHARM26NOV4550CE,TORNTPHARM,26NOV2026,455000.000000,125,OPTSTK,BFO,5.000000,15000,False
1125193,SENSEX26NOV69500PE,SENSEX,26NOV2026,6950000.000000,20,OPTIDX,BFO,5.000000,1000,False
1125201,SENSEX26O2275600CE,SENSEX,22OCT2026,7560000.000000,20,OPTIDX,BFO,5.000000,1000,False
1125254,SENSEX26O2273600CE,SENSEX,22OCT2026,7360000.000000,20,OPTIDX,BFO,5.000000,1000,False
1112504,POLICYBZR26NOV1740PE,POLICYBZR,26NOV2026,174000.000000,350,OPTSTK,BFO,5.000000,100000000,False
1112518,BANKEX26NOV58400CE,BANKEX,26NOV2026,5840000.000000,30,OPTIDX,BFO,5.000000,900,False
1112524,SBICARD26NOV630CE,SBICARD,26NOV2026,63000.000000,800,OPTSTK,BFO,5.000000,32000,False
1112537,LAURUSLABS26NOV1880PE,LAURUSLABS,26NOV2026,188000.000000,850,OPTSTK,BFO,5.000000,68000,False
1111969,MARICO26NOV850PE,MARICO,26NOV2026,85000.000000,1200,OPTSTK,BFO,5.000000,48000,False
1111977,BANKEX26NOV70800CE,BANKEX,26NOV2026,7080000.000000,30,OPTIDX,BFO,5.000000,900,False
1111998,HEROMOTOCO26NOV5400CE,HEROMOTOCO,26NOV2026,540000.000000,150,OPTSTK,BFO,5.000000,9000,False
1112009,MAZDOCK26NOV2550PE,MAZDOCK,26NOV2026,255000.000000,225,OPTSTK,BFO,5.000000,100000000,False
1125263,SENSEX26O2272100CE,SENSEX,22OCT2026,7210000.000000,20,OPTIDX,BFO,5.000000,1000,False
1125292,SENSEX2691769300PE,SENSEX,17SEP2026,6930000.000000,20,OPTIDX,BFO,5.000000,1000,False
1125368,SENSEX26O2276400CE,SENSEX,22OCT2026,7640000.000000,20,OPTIDX,BFO,5.000000,1000,False
1125382,SENSEX26O2283200PE,SENSEX,22OCT2026,8320000.000000,20,OPTIDX,BFO,5.000000,1000,False
1112546,SRF26NOV2800PE,SRF,26NOV2026,280000.000000,200,OPTSTK,BFO,5.000000,11250,False
1112554,SAGILITY26SEP49CE,SAGILITY,24SEP2026,4900.000000,12000,OPTSTK,BFO,5.000000,100000000,False
1112565,NAUKRI26NOV1440PE,NAUKRI,26NOV2026,144000.000000,550,OPTSTK,BFO,5.000000,6000,False
1112576,AUROPHARMA26NOV1760CE,AUROPHARMA,26NOV2026,176000.000000,550,OPTSTK,BFO,5.000000,44000,False
1112579,PAGEIND26NOV33500CE,PAGEIND,26NOV2026,3350000.000000,20,OPTSTK,BFO,5.000000,600,False
1112591,BAJAJFINSV26NOV2040CE,BAJAJFINSV,26NOV2026,204000.000000,300,OPTSTK,BFO,5.000000,20000,False
1112606,BHARATFORG26NOV1960CE,BHARATFORG,26NOV2026,196000.000000,500,OPTSTK,BFO,5.000000,30000,False
1112609,ADANIPORTS26NOV1680CE,ADANIPORTS,26NOV2026,168000.000000,475,OPTSTK,BFO,5.000000,32000,False
1112023,HAVELLS26NOV1260CE,HAVELLS,26NOV2026,126000.000000,500,OPTSTK,BFO,5.000000,20000,False
1112034,CROMPTON26NOV245CE,CROMPTON,26NOV2026,24500.000000,2150,OPTSTK,BFO,5.000000,90000,False
1112040,BRITANNIA26NOV5050PE,BRITANNIA,26NOV2026,505000.000000,125,OPTSTK,BFO,5.000000,6000,False
1112042,SENSEX26NOV75500PE,SENSEX,26NOV2026,7550000.000000,20,OPTIDX,BFO,5.000000,1000,False
1125412,GODREJCP26OCT820PE,GODREJCP,29OCT2026,82000.000000,500,OPTSTK,BFO,5.000000,30000,False
1125445,SENSEX26O2275200PE,SENSEX,22OCT2026,7520000.000000,20,OPTIDX,BFO,5.000000,1000,False
1125509,SENSEX26O2273500CE,SENSEX,22OCT2026,7350000.000000,20,OPTIDX,BFO,5.000000,1000,False
1125510,SENSEX26O2272000CE,SENSEX,22OCT2026,7200000.000000,20,OPTIDX,BFO,5.000000,1000,False
1112726,JIOFIN26NOV247.5PE,JIOFIN,26NOV2026,24750.000000,2350,OPTSTK,BFO,5.000000,100000000,False
1112655,GODREJCP26NOV930CE,GODREJCP,26NOV2026,93000.000000,500,OPTSTK,BFO,5.000000,30000,False
1112657,FORCEMOT26NOV19500PE,FORCEMOT,26NOV2026,1950000.000000,25,OPTSTK,BFO,5.000000,100000000,False
1112664,KOTAKBANK26NOV440PE,KOTAKBANK,26NOV2026,44000.000000,2000,OPTSTK,BFO,5.000000,12000,False
1125539,TITAN26NOV4600CE,TITAN,26NOV2026,460000.000000,175,OPTSTK,BFO,5.000000,11250,False
1125581,SBICARD26NOV730PE,SBICARD,26NOV2026,73000.000000,800,OPTSTK,BFO,5.000000,32000,False
1125613,BAJAJFINSV26NOV1820PE,BAJAJFINSV,26NOV2026,182000.000000,300,OPTSTK,BFO,5.000000,20000,False
1125714,LUPIN26SEP2000CE,LUPIN,24SEP2026,200000.000000,425,OPTSTK,BFO,5.000000,34000,False
1112043,TIINDIA26NOV2800CE,TIINDIA,26NOV2026,280000.000000,200,OPTSTK,BFO,5.000000,100000000,False
1112061,HDFCLIFE26NOV515CE,HDFCLIFE,26NOV2026,51500.000000,1100,OPTSTK,BFO,5.000000,44000,False
1112076,SWIGGY26NOV250PE,SWIGGY,26NOV2026,25000.000000,1825,OPTSTK,BFO,5.000000,100000000,False
1112095,GODREJPROP26NOV2040PE,GODREJPROP,26NOV2026,204000.000000,325,OPTSTK,BFO,5.000000,19000,False
1112807,SRF26NOV2700CE,SRF,26NOV2026,270000.000000,200,OPTSTK,BFO,5.000000,11250,False
1112811,NESTLEIND26NOV1510PE,NESTLEIND,26NOV2026,151000.000000,500,OPTSTK,BFO,5.000000,1200,False
1112814,ADANIENT26NOV3300CE,ADANIENT,26NOV2026,330000.000000,309,OPTSTK,BFO,5.000000,9000,False
1112824,TATASTEEL26NOV187.5PE,TATASTEEL,26NOV2026,18750.000000,2750,OPTSTK,BFO,5.000000,220000,False
1125799,HAVELLS26NOV1020PE,HAVELLS,26NOV2026,102000.000000,500,OPTSTK,BFO,5.000000,20000,False
1125897,TATASTEEL26NOV207.5CE,TATASTEEL,26NOV2026,20750.000000,2750,OPTSTK,BFO,5.000000,220000,False
1125908,HDFCAMC26NOV2100CE,HDFCAMC,26NOV2026,210000.000000,300,OPTSTK,BFO,5.000000,12000,False
1125923,TATAPOWER26NOV405CE,TATAPOWER,26NOV2026,40500.000000,1450,OPTSTK,BFO,5.000000,101250,False
1112939,PGEL26NOV660PE,PGEL,26NOV2026,66000.000000,950,OPTSTK,BFO,5.000000,100000000,False
1112946,TVSMOTOR26NOV4550CE,TVSMOTOR,26NOV2026,455000.000000,175,OPTSTK,BFO,5.000000,21000,False
1112952,AMBUJACEM26NOV430CE,AMBUJACEM,26NOV2026,43000.000000,1200,OPTSTK,BFO,5.000000,54000,False
1112960,SENSEX26O1571100CE,SENSEX,15OCT2026,7110000.000000,20,OPTIDX,BFO,5.000000,1000,False
1112106,NBCC26NOV102.5CE,NBCC,26NOV2026,10250.000000,6500,OPTSTK,BFO,5.000000,100000000,False
1112111,OFSS26NOV11500CE,OFSS,26NOV2026,1150000.000000,100,OPTSTK,BFO,5.000000,8000,False
1112120,LTM26NOV4500CE,LTM,26NOV2026,450000.000000,150,OPTSTK,BFO,5.000000,4500,False
1112122,BLUESTARCO26NOV1580CE,BLUESTARCO,26NOV2026,158000.000000,325,OPTSTK,BFO,5.000000,100000000,False
1125926,POLYCAB26SEP7700PE,POLYCAB,24SEP2026,770000.000000,125,OPTSTK,BFO,5.000000,9000,False
1125960,MOTHERSON26NOV142.5PE,MOTHERSON,26NOV2026,14250.000000,6150,OPTSTK,BFO,5.000000,284000,False
1125983,ICICIBANK26NOV1350PE,ICICIBANK,26NOV2026,135000.000000,700,OPTSTK,BFO,5.000000,28000,False
1126007,TATAELXSI26OCT3200PE,TATAELXSI,29OCT2026,320000.000000,125,OPTSTK,BFO,5.000000,100000000,False
1112135,SENSEX26NOV76200CE,SENSEX,26NOV2026,7620000.000000,20,OPTIDX,BFO,5.000000,1000,False
1112143,HAVELLS26NOV1180PE,HAVELLS,26NOV2026,118000.000000,500,OPTSTK,BFO,5.000000,20000,False
1112144,HYUNDAI26NOV2220PE,HYUNDAI,26NOV2026,222000.000000,275,OPTSTK,BFO,5.000000,100000000,False
1112148,MPHASIS26NOV2200PE,MPHASIS,26NOV2026,220000.000000,275,OPTSTK,BFO,5.000000,11000,False
1112999,MAZDOCK26NOV2750PE,MAZDOCK,26NOV2026,275000.000000,225,OPTSTK,BFO,5.000000,100000000,False
1113025,SENSEX26NOV73400PE,SENSEX,26NOV2026,7340000.000000,20,OPTIDX,BFO,5.000000,1000,False
1113075,LTM26NOV4550PE,LTM,26NOV2026,455000.000000,150,OPTSTK,BFO,5.000000,4500,False
1113091,SHREECEM26NOV24750PE,SHREECEM,26NOV2026,2475000.000000,25,OPTSTK,BFO,5.000000,1000,False
1126035,SUPREMEIND26NOV3100CE,SUPREMEIND,26NOV2026,310000.000000,175,OPTSTK,BFO,5.000000,100000000,False
1126100,SENSEX26O2283300CE,SENSEX,22OCT2026,8330000.000000,20,OPTIDX,BFO,5.000000,1000,False
1126129,LICHSGFIN26NOV630PE,LICHSGFIN,26NOV2026,63000.000000,1000,OPTSTK,BFO,5.000000,60000,False
1126145,HAVELLS26NOV1040CE,HAVELLS,26NOV2026,104000.000000,500,OPTSTK,BFO,5.000000,20000,False
1112196,HAL26NOV4650CE,HAL,26NOV2026,465000.000000,150,OPTSTK,BFO,5.000000,9000,False
1112213,RADICO26NOV4300PE,RADICO,26NOV2026,430000.000000,150,OPTSTK,BFO,5.000000,100000000,False
1112214,FOCIT26NOV39000CE,FOCIT,26NOV2026,3900000.000000,45,OPTIDX,BFO,5.000000,1350,False
1112217,CONCOR26NOV510PE,CONCOR,26NOV2026,51000.000000,1250,OPTSTK,BFO,5.000000,40000,False
1113099,BANKEX26NOV64100PE,BANKEX,26NOV2026,6410000.000000,30,OPTIDX,BFO,5.000000,900,False
1113126,BANKEX26NOV66400PE,BANKEX,26NOV2026,6640000.000000,30,OPTIDX,BFO,5.000000,900,False
1113166,CIPLA26NOV1350PE,CIPLA,26NOV2026,135000.000000,425,OPTSTK,BFO,5.000000,26000,False
1113201,SENSEX26NOV83400PE,SENSEX,26NOV2026,8340000.000000,20,OPTIDX,BFO,5.000000,1000,False
1126146,NTPC26NOV370PE,NTPC,26NOV2026,37000.000000,1500,OPTSTK,BFO,5.000000,150000,False
1126168,LUPIN26OCT1980CE,LUPIN,29OCT2026,198000.000000,425,OPTSTK,BFO,5.000000,34000,False
1126173,BRITANNIA26NOV4750PE,BRITANNIA,26NOV2026,475000.000000,125,OPTSTK,BFO,5.000000,6000,False
1126182,CUMMINSIND26SEP4300CE,CUMMINSIND,24SEP2026,430000.000000,200,OPTSTK,BFO,5.000000,18000,False
1112247,SUPREMEIND26NOVFUT,SUPREMEIND,26NOV2026,0.000000,175,FUTSTK,BFO,5.000000,100000000,False
1112255,COLPAL26NOV1800PE,COLPAL,26NOV2026,180000.000000,275,OPTSTK,BFO,5.000000,14000,False
1112313,BANKBARODA26OCT200PE,BANKBARODA,29OCT2026,20000.000000,2925,OPTSTK,BFO,5.000000,175500,False
1112326,ICICIPRULI26NOV530PE,ICICIPRULI,26NOV2026,53000.000000,925,OPTSTK,BFO,5.000000,60000,False
1113211,FEDERALBNK26NOV320CE,FEDERALBNK,26NOV2026,32000.000000,2500,OPTSTK,BFO,5.000000,200000,False
1113216,ABCAPITAL26NOV385PE,ABCAPITAL,26NOV2026,38500.000000,3100,OPTSTK,BFO,5.000000,162000,False
1113220,ASIANPAINT26NOV2580CE,ASIANPAINT,26NOV2026,258000.000000,250,OPTSTK,BFO,5.000000,8000,False
1113222,INDUSINDBK26NOV900CE,INDUSINDBK,26NOV2026,90000.000000,700,OPTSTK,BFO,5.000000,20000,False
1126203,360ONE26NOV1000CE,,26NOV2026,100000.000000,500,OPTSTK,BFO,5.000000,100000000,False
1126254,BIOCON26OCT360PE,BIOCON,29OCT2026,36000.000000,2500,OPTSTK,BFO,5.000000,100000,False
1126286,KEI26NOV4200PE,KEI,26NOV2026,420000.000000,175,OPTSTK,BFO,5.000000,100000000,False
1126325,ZYDUSLIFE26NOV1060CE,ZYDUSLIFE,26NOV2026,106000.000000,900,OPTSTK,BFO,5.000000,54000,False
1112331,FOCIT26NOV37600CE,FOCIT,26NOV2026,3760000.000000,45,OPTIDX,BFO,5.000000,1350,False
1112335,INDUSINDBK26NOV970PE,INDUSINDBK,26NOV2026,97000.000000,700,OPTSTK,BFO,5.000000,20000,False
1112340,ABCAPITAL26NOV415PE,ABCAPITAL,26NOV2026,41500.000000,3100,OPTSTK,BFO,5.000000,162000,False
1112367,PRESTIGE26NOV1720CE,PRESTIGE,26NOV2026,172000.000000,450,OPTSTK,BFO,5.000000,100000000,False
1113234,FOCIT26NOV39200CE,FOCIT,26NOV2026,3920000.000000,45,OPTIDX,BFO,5.000000,1350,False
1113259,COLPAL26NOV1840PE,COLPAL,26NOV2026,184000.000000,275,OPTSTK,BFO,5.000000,14000,False
1113305,MFSL26NOV1720CE,MFSL,26NOV2026,172000.000000,400,OPTSTK,BFO,5.000000,32000,False
1113307,NAM-INDIA26NOV1140PE,NAM-INDIA,26NOV2026,114000.000000,625,OPTSTK,BFO,5.000000,100000000,False
1126330,POLYCAB26NOV7600PE,POLYCAB,26NOV2026,760000.000000,125,OPTSTK,BFO,5.000000,9000,False
1126357,WIPRO26OCT155PE,WIPRO,29OCT2026,15500.000000,3000,OPTSTK,BFO,5.000000,60000,False
1126369,WIPRO26OCT157.5CE,WIPRO,29OCT2026,15750.000000,3000,OPTSTK,BFO,5.000000,60000,False
1126404,SBICARD26NOV740CE,SBICARD,26NOV2026,74000.000000,800,OPTSTK,BFO,5.000000,32000,False
1113314,M&M26NOV3150PE,M&M,26NOV2026,315000.000000,200,OPTSTK,BFO,5.000000,21000,False
1113316,ABB26NOV6900PE,ABB,26NOV2026,690000.000000,125,OPTSTK,BFO,5.000000,7500,False
1113319,LUPIN26NOV2180CE,LUPIN,26NOV2026,218000.000000,425,OPTSTK,BFO,5.000000,34000,False
1113321,SENSEX26NOV80400CE,SENSEX,26NOV2026,8040000.000000,20,OPTIDX,BFO,5.000000,1000,False
1112370,MFSL26NOV1520CE,MFSL,26NOV2026,152000.000000,400,OPTSTK,BFO,5.000000,32000,False
1112379,SUZLON26NOV44CE,SUZLON,26NOV2026,4400.000000,12700,OPTSTK,BFO,5.000000,100000000,False
1112380,PFC26NOV360PE,PFC,26NOV2026,36000.000000,1300,OPTSTK,BFO,5.000000,124000,False
1112388,POLICYBZR26NOV1820CE,POLICYBZR,26NOV2026,182000.000000,350,OPTSTK,BFO,5.000000,100000000,False
1126420,ICICIGI26NOV1360CE,ICICIGI,26NOV2026,136000.000000,325,OPTSTK,BFO,5.000000,20000,False
1126452,COLPAL26SEP1680CE,COLPAL,24SEP2026,168000.000000,275,OPTSTK,BFO,5.000000,14000,False
1126464,IDEA26OCT23CE,IDEA,29OCT2026,2300.000000,71475,OPTSTK,BFO,5.000000,2400000,False
1126474,DMART26NOV3350CE,DMART,26NOV2026,335000.000000,150,OPTSTK,BFO,5.000000,100000000,False
1113343,M&M26NOV3300CE,M&M,26NOV2026,330000.000000,200,OPTSTK,BFO,5.000000,21000,False
1113351,MUTHOOTFIN26NOV2800CE,MUTHOOTFIN,26NOV2026,280000.000000,275,OPTSTK,BFO,5.000000,22000,False
1113359,FOCIT26NOV43200CE,FOCIT,26NOV2026,4320000.000000,45,OPTIDX,BFO,5.000000,1350,False
1113378,POLICYBZR26NOV1940PE,POLICYBZR,26NOV2026,194000.000000,350,OPTSTK,BFO,5.000000,100000000,False
1112390,SENSEX26O1579500PE,SENSEX,15OCT2026,7950000.000000,20,OPTIDX,BFO,5.000000,1000,False
1112406,AXISBANK26NOV1280PE,AXISBANK,26NOV2026,128000.000000,625,OPTSTK,BFO,5.000000,25000,False
1112438,ICICIGI26NOV1460PE,ICICIGI,26NOV2026,146000.000000,325,OPTSTK,BFO,5.000000,20000,False
1112447,CROMPTON26NOV245PE,CROMPTON,26NOV2026,24500.000000,2150,OPTSTK,BFO,5.000000,90000,False
1113384,SAGILITY26OCT49PE,SAGILITY,29OCT2026,4900.000000,12000,OPTSTK,BFO,5.000000,100000000,False
1113385,NYKAA26NOV360CE,NYKAA,26NOV2026,36000.000000,3125,OPTSTK,BFO,5.000000,100000000,False
1113400,SENSEX26SEP82000PE,SENSEX,24SEP2026,8200000.000000,20,OPTIDX,BFO,5.000000,1000,False
1113404,OIL26NOV505CE,OIL,26NOV2026,50500.000000,1400,OPTSTK,BFO,5.000000,100000000,False
1126488,DMART26OCT3350CE,DMART,29OCT2026,335000.000000,150,OPTSTK,BFO,5.000000,100000000,False
1126518,PIDILITIND26OCT1460PE,PIDILITIND,29OCT2026,146000.000000,500,OPTSTK,BFO,5.000000,10000,False
1126563,DABUR26SEP340PE,DABUR,24SEP2026,34000.000000,1250,OPTSTK,BFO,5.000000,50000,False
1126652,NESTLEIND26NOV1330PE,NESTLEIND,26NOV2026,133000.000000,500,OPTSTK,BFO,5.000000,1200,False
1112452,TATASTEEL26NOV182.5PE,TATASTEEL,26NOV2026,18250.000000,2750,OPTSTK,BFO,5.000000,220000,False
1112487,PRESTIGE26NOV1640PE,PRESTIGE,26NOV2026,164000.000000,450,OPTSTK,BFO,5.000000,100000000,False
1112514,CUMMINSIND26NOV5400PE,CUMMINSIND,26NOV2026,540000.000000,200,OPTSTK,BFO,5.000000,18000,False
1112519,PAGEIND26NOV39500CE,PAGEIND,26NOV2026,3950000.000000,20,OPTSTK,BFO,5.000000,600,False
1113421,BHARATFORG26NOV2120PE,BHARATFORG,26NOV2026,212000.000000,500,OPTSTK,BFO,5.000000,30000,False
1113455,LAURUSLABS26NOV2020CE,LAURUSLABS,26NOV2026,202000.000000,850,OPTSTK,BFO,5.000000,68000,False
1113470,ABB26NOV6800CE,ABB,26NOV2026,680000.000000,125,OPTSTK,BFO,5.000000,7500,False
1113474,BANKEX26NOV66300CE,BANKEX,26NOV2026,6630000.000000,30,OPTIDX,BFO,5.000000,900,False
1126656,UNITDSPR26NOV1300CE,UNITDSPR,26NOV2026,130000.000000,400,OPTSTK,BFO,5.000000,28000,False
1126763,BRITANNIA26SEP4700PE,BRITANNIA,24SEP2026,470000.000000,125,OPTSTK,BFO,5.000000,6000,False
1126821,SENSEX26OCT69100PE,SENSEX,29OCT2026,6910000.000000,20,OPTIDX,BFO,5.000000,1000,False
1126822,FOCIT26NOV29600PE,FOCIT,26NOV2026,2960000.000000,45,OPTIDX,BFO,5.000000,1350,False
1112527,JSWENERGY26NOV610CE,JSWENERGY,26NOV2026,61000.000000,1075,OPTSTK,BFO,5.000000,100000000,False
1112535,ATHERENERG26NOV1400CE,ATHERENERG,26NOV2026,140000.000000,375,OPTSTK,BFO,5.000000,100000000,False
1112539,FOCIT26NOV41600CE,FOCIT,26NOV2026,4160000.000000,45,OPTIDX,BFO,5.000000,1350,False
1112564,SENSEX27MAR74000CE,SENSEX,25MAR2027,7400000.000000,20,OPTIDX,BFO,5.000000,1000,False
1113509,IOC26NOV152.5PE,IOC,26NOV2026,15250.000000,4875,OPTSTK,BFO,5.000000,292500,False
1113510,360ONE26NOV1080CE,,26NOV2026,108000.000000,500,OPTSTK,BFO,5.000000,100000000,False
1113516,BANKBARODA26SEP200PE,BANKBARODA,24SEP2026,20000.000000,2925,OPTSTK,BFO,5.000000,175500,False
1113521,SOLARINDS26SEP22250CE,SOLARINDS,24SEP2026,2225000.000000,50,OPTSTK,BFO,5.000000,100000000,False
1126847,TMPV26NOV270CE,TMPV,26NOV2026,27000.000000,1600,OPTSTK,BFO,5.000000,42750,False
1126905,COLPAL26SEP1680PE,COLPAL,24SEP2026,168000.000000,275,OPTSTK,BFO,5.000000,14000,False
1126918,PREMIERENE26NOV840PE,PREMIERENE,26NOV2026,84000.000000,650,OPTSTK,BFO,5.000000,100000000,False
1126925,DMART26NOV3350PE,DMART,26NOV2026,335000.000000,150,OPTSTK,BFO,5.000000,100000000,False
1112583,IREDA26NOV110CE,IREDA,26NOV2026,11000.000000,4525,OPTSTK,BFO,5.000000,100000000,False
1112602,KEI26NOV4900CE,KEI,26NOV2026,490000.000000,175,OPTSTK,BFO,5.000000,100000000,False
1112620,BANKEX26NOV66100CE,BANKEX,26NOV2026,6610000.000000,30,OPTIDX,BFO,5.000000,900,False
1112635,360ONE26NOV1200CE,,26NOV2026,120000.000000,500,OPTSTK,BFO,5.000000,100000000,False
1113530,PAYTM26NOV1760CE,PAYTM,26NOV2026,176000.000000,725,OPTSTK,BFO,5.000000,100000000,False
1113536,ALKEM26NOV5100CE,ALKEM,26NOV2026,510000.000000,125,OPTSTK,BFO,5.000000,8000,False
1113542,GVT&D26NOV4100CE,GVT&D,26NOV2026,410000.000000,125,OPTSTK,BFO,5.000000,100000000,False
1113572,IEX26NOV137.5CE,IEX,26NOV2026,13750.000000,4350,OPTSTK,BFO,5.000000,150000,False
1126933,GODREJCP26OCT790PE,GODREJCP,29OCT2026,79000.000000,500,OPTSTK,BFO,5.000000,30000,False
1126952,MANAPPURAM26OCT295PE,MANAPPURAM,29OCT2026,29500.000000,3000,OPTSTK,BFO,5.000000,180000,False
1126956,GODFRYPHLP26SEP1650CE,GODFRYPHLP,24SEP2026,165000.000000,275,OPTSTK,BFO,5.000000,100000000,False
1126970,ICICIPRULI26SEP440CE,ICICIPRULI,24SEP2026,44000.000000,925,OPTSTK,BFO,5.000000,60000,False
1113588,DABUR26NOV375CE,DABUR,26NOV2026,37500.000000,1250,OPTSTK,BFO,5.000000,50000,False
1113596,TORNTPHARM26NOV5300CE,TORNTPHARM,26NOV2026,530000.000000,125,OPTSTK,BFO,5.000000,15000,False
1113599,ASHOKLEY26NOV190CE,ASHOKLEY,26NOV2026,19000.000000,5000,OPTSTK,BFO,5.000000,150000,False
1113610,SOLARINDS26NOV19500PE,SOLARINDS,26NOV2026,1950000.000000,50,OPTSTK,BFO,5.000000,100000000,False
1126999,GODFRYPHLP26NOV1650PE,GODFRYPHLP,26NOV2026,165000.000000,275,OPTSTK,BFO,5.000000,100000000,False
1127050,FORCEMOT26NOV21500PE,FORCEMOT,26NOV2026,2150000.000000,25,OPTSTK,BFO,5.000000,100000000,False
1127169,BAJAJFINSV26NOV1800PE,BAJAJFINSV,26NOV2026,180000.000000,300,OPTSTK,BFO,5.000000,20000,False
1127212,BHARATFORG26SEP1820CE,BHARATFORG,24SEP2026,182000.000000,500,OPTSTK,BFO,5.000000,30000,False
1112639,APOLLOHOSP26NOV8400PE,APOLLOHOSP,26NOV2026,840000.000000,125,OPTSTK,BFO,5.000000,5000,False
1112663,FOCIT26NOV39300PE,FOCIT,26NOV2026,3930000.000000,45,OPTIDX,BFO,5.000000,1350,False
1112671,GRASIM26NOV3380PE,GRASIM,26NOV2026,338000.000000,250,OPTSTK,BFO,5.000000,14250,False
1112673,SENSEX26NOV72800PE,SENSEX,26NOV2026,7280000.000000,20,OPTIDX,BFO,5.000000,1000,False
1113612,TATAELXSI26NOV3500CE,TATAELXSI,26NOV2026,350000.000000,125,OPTSTK,BFO,5.000000,100000000,False
1113628,BANKEX26NOV70300CE,BANKEX,26NOV2026,7030000.000000,30,OPTIDX,BFO,5.000000,900,False
1113639,RVNL26NOV220CE,RVNL,26NOV2026,22000.000000,1925,OPTSTK,BFO,5.000000,100000000,False
1113643,LODHA26NOV1120PE,LODHA,26NOV2026,112000.000000,625,OPTSTK,BFO,5.000000,100000000,False
1112678,TATAPOWER26OCT320PE,TATAPOWER,29OCT2026,32000.000000,1450,OPTSTK,BFO,5.000000,101250,False
1112711,BANDHANBNK26NOV150CE,BANDHANBNK,26NOV2026,15000.000000,3600,OPTSTK,BFO,5.000000,100000,False
1112769,VOLTAS26NOV1100PE,VOLTAS,26NOV2026,110000.000000,375,OPTSTK,BFO,5.000000,30000,False
1112773,ADANIENT26NOV3150PE,ADANIENT,26NOV2026,315000.000000,309,OPTSTK,BFO,5.000000,9000,False
1113655,BEL26NOVFUT,BEL,26NOV2026,0.000000,1425,FUTSTK,BFO,5.000000,228000,False
1113662,LICHSGFIN26NOV510PE,LICHSGFIN,26NOV2026,51000.000000,1000,OPTSTK,BFO,5.000000,60000,False
1113696,SUNPHARMA26NOV1940PE,SUNPHARMA,26NOV2026,194000.000000,350,OPTSTK,BFO,5.000000,28000,False
1113698,PNBHOUSING26NOV1180CE,PNBHOUSING,26NOV2026,118000.000000,650,OPTSTK,BFO,5.000000,100000000,False
1113699,BANKEX26NOV58900PE,BANKEX,26NOV2026,5890000.000000,30,OPTIDX,BFO,5.000000,900,False
1113729,SENSEX26NOV78000CE,SENSEX,26NOV2026,7800000.000000,20,OPTIDX,BFO,5.000000,1000,False
1113752,LTM26NOV4750PE,LTM,26NOV2026,475000.000000,150,OPTSTK,BFO,5.000000,4500,False
1113764,MOTHERSON26NOV162.5PE,MOTHERSON,26NOV2026,16250.000000,6150,OPTSTK,BFO,5.000000,284000,False
1112781,LAURUSLABS26NOV1780CE,LAURUSLABS,26NOV2026,178000.000000,850,OPTSTK,BFO,5.000000,68000,False
1112805,IDFCFIRSTB26NOV76PE,IDFCFIRSTB,26NOV2026,7600.000000,9275,OPTSTK,BFO,5.000000,450000,False
1112834,BEL26NOV405CE,BEL,26NOV2026,40500.000000,1425,OPTSTK,BFO,5.000000,228000,False
1112845,SUPREMEIND26NOV3300PE,SUPREMEIND,26NOV2026,330000.000000,175,OPTSTK,BFO,5.000000,100000000,False
1113798,SBICARD26NOV580PE,SBICARD,26NOV2026,58000.000000,800,OPTSTK,BFO,5.000000,32000,False
1113822,HINDZINC26NOV580CE,HINDZINC,26NOV2026,58000.000000,1225,OPTSTK,BFO,5.000000,100000000,False
1113838,WAAREEENER26NOV2750PE,WAAREEENER,26NOV2026,275000.000000,175,OPTSTK,BFO,5.000000,100000000,False
1113841,BANKEX26NOV60600PE,BANKEX,26NOV2026,6060000.000000,30,OPTIDX,BFO,5.000000,900,False
1112851,FOCIT26NOV31900PE,FOCIT,26NOV2026,3190000.000000,45,OPTIDX,BFO,5.000000,1350,False
1112862,MANAPPURAM26NOV385PE,MANAPPURAM,26NOV2026,38500.000000,3000,OPTSTK,BFO,5.000000,180000,False
1112871,APLAPOLLO26NOV2100PE,APLAPOLLO,26NOV2026,210000.000000,350,OPTSTK,BFO,5.000000,100000000,False
1112874,ADANIGREEN26NOV1440CE,ADANIGREEN,26NOV2026,144000.000000,600,OPTSTK,BFO,5.000000,100000000,False
1113873,PETRONET26NOV310CE,PETRONET,26NOV2026,31000.000000,1900,OPTSTK,BFO,5.000000,120000,False
1113903,AMBER26NOV7000PE,AMBER,26NOV2026,700000.000000,100,OPTSTK,BFO,5.000000,100000000,False
1113905,FOCIT26NOV31100CE,FOCIT,26NOV2026,3110000.000000,45,OPTIDX,BFO,5.000000,1350,False
1113907,SAGILITY26OCT46CE,SAGILITY,29OCT2026,4600.000000,12000,OPTSTK,BFO,5.000000,100000000,False
1112905,ASTRAL26NOV1540PE,ASTRAL,26NOV2026,154000.000000,425,OPTSTK,BFO,5.000000,14680,False
1112926,KEI26NOV5500CE,KEI,26NOV2026,550000.000000,175,OPTSTK,BFO,5.000000,100000000,False
1112947,SENSEX5026NOV24750CE,SENSEX50,26NOV2026,2475000.000000,75,OPTIDX,BFO,5.000000,1800,False
1112954,WAAREEENER26NOV2800PE,WAAREEENER,26NOV2026,280000.000000,175,OPTSTK,BFO,5.000000,100000000,False
1113918,FOCIT26NOV35700CE,FOCIT,26NOV2026,3570000.000000,45,OPTIDX,BFO,5.000000,1350,False
1113928,MOTILALOFS26NOV900PE,MOTILALOFS,26NOV2026,90000.000000,775,OPTSTK,BFO,5.000000,100000000,False
1113958,DLF26NOV640PE,DLF,26NOV2026,64000.000000,950,OPTSTK,BFO,5.000000,49500,False
1113960,BANKEX26NOV70600PE,BANKEX,26NOV2026,7060000.000000,30,OPTIDX,BFO,5.000000,900,False
1113970,LTM26NOV4650CE,LTM,26NOV2026,465000.000000,150,OPTSTK,BFO,5.000000,4500,False
1114020,M&M26NOV3500CE,M&M,26NOV2026,350000.000000,200,OPTSTK,BFO,5.000000,21000,False
1112955,PAGEIND26NOV37500PE,PAGEIND,26NOV2026,3750000.000000,20,OPTSTK,BFO,5.000000,600,False
1113020,IOC26NOV140CE,IOC,26NOV2026,14000.000000,4875,OPTSTK,BFO,5.000000,292500,False
1113044,ZYDUSLIFE26NOV1200PE,ZYDUSLIFE,26NOV2026,120000.000000,900,OPTSTK,BFO,5.000000,54000,False
1113055,TITAN26NOV4950CE,TITAN,26NOV2026,495000.000000,175,OPTSTK,BFO,5.000000,11250,False
1113989,PNB26NOV118CE,PNB,26NOV2026,11800.000000,8000,OPTSTK,BFO,5.000000,480000,False
1113990,ADANIENSOL26NOVFUT,ADANIENSOL,26NOV2026,0.000000,675,FUTSTK,BFO,5.000000,100000000,False
1114026,JINDALSTEL26NOV1120PE,JINDALSTEL,26NOV2026,112000.000000,625,OPTSTK,BFO,5.000000,37500,False
1114035,FOCIT26NOV41100CE,FOCIT,26NOV2026,4110000.000000,45,OPTIDX,BFO,5.000000,1350,False
1114037,MAXHEALTH26NOV940CE,MAXHEALTH,26NOV2026,94000.000000,525,OPTSTK,BFO,5.000000,100000000,False
1114104,BAJAJ-AUTO26NOV11500PE,BAJAJ-AUTO,26NOV2026,1150000.000000,75,OPTSTK,BFO,5.000000,5000,False
1113069,BIOCON26NOV445PE,BIOCON,26NOV2026,44500.000000,2500,OPTSTK,BFO,5.000000,100000,False
1113100,ASHOKLEY26NOV182.5PE,ASHOKLEY,26NOV2026,18250.000000,5000,OPTSTK,BFO,5.000000,150000,False
1113102,UNOMINDA26NOV1200PE,UNOMINDA,26NOV2026,120000.000000,550,OPTSTK,BFO,5.000000,100000000,False
1113124,JSWENERGY26NOV520PE,JSWENERGY,26NOV2026,52000.000000,1075,OPTSTK,BFO,5.000000,100000000,False
1114136,SENSEX5026NOV25950CE,SENSEX50,26NOV2026,2595000.000000,75,OPTIDX,BFO,5.000000,1800,False
1114138,VEDL26NOV265CE,VEDL,26NOV2026,26500.000000,1150,OPTSTK,BFO,5.000000,80000,False
1114180,FORTIS26NOV950PE,FORTIS,26NOV2026,95000.000000,775,OPTSTK,BFO,5.000000,100000000,False
1114200,SENSEX26NOV74600PE,SENSEX,26NOV2026,7460000.000000,20,OPTIDX,BFO,5.000000,1000,False
1113127,ATHERENERG26OCT1500PE,ATHERENERG,29OCT2026,150000.000000,375,OPTSTK,BFO,5.000000,100000000,False
1113153,SENSEX26O1583400CE,SENSEX,15OCT2026,8340000.000000,20,OPTIDX,BFO,5.000000,1000,False
1113160,ASHOKLEY26NOV187.5CE,ASHOKLEY,26NOV2026,18750.000000,5000,OPTSTK,BFO,5.000000,150000,False
1113163,BANKBARODA26NOV255CE,BANKBARODA,26NOV2026,25500.000000,2925,OPTSTK,BFO,5.000000,175500,False
1114225,ICICIPRULI26NOV505CE,ICICIPRULI,26NOV2026,50500.000000,925,OPTSTK,BFO,5.000000,60000,False
1114249,AMBER26NOV7800CE,AMBER,26NOV2026,780000.000000,100,OPTSTK,BFO,5.000000,100000000,False
1114252,INDIANB26NOV830CE,INDIANB,26NOV2026,83000.000000,1000,OPTSTK,BFO,5.000000,100000000,False
1114254,FOCIT26NOV35100PE,FOCIT,26NOV2026,3510000.000000,45,OPTIDX,BFO,5.000000,1350,False
1114283,UPL26NOV520CE,UPL,26NOV2026,52000.000000,1355,OPTSTK,BFO,5.000000,39000,False
1114323,SHREECEM26NOV24500PE,SHREECEM,26NOV2026,2450000.000000,25,OPTSTK,BFO,5.000000,1000,False
1114337,MANAPPURAM26NOV355CE,MANAPPURAM,26NOV2026,35500.000000,3000,OPTSTK,BFO,5.000000,180000,False
1114375,VOLTAS26NOV1180PE,VOLTAS,26NOV2026,118000.000000,375,OPTSTK,BFO,5.000000,30000,False
1113176,COLPAL26NOV1920CE,COLPAL,26NOV2026,192000.000000,275,OPTSTK,BFO,5.000000,14000,False
1113230,BANKEX26NOV62700PE,BANKEX,26NOV2026,6270000.000000,30,OPTIDX,BFO,5.000000,900,False
1113241,COCHINSHIP26NOV1620PE,COCHINSHIP,26NOV2026,162000.000000,400,OPTSTK,BFO,5.000000,100000000,False
1113244,MANKIND26NOV2320PE,MANKIND,26NOV2026,232000.000000,250,OPTSTK,BFO,5.000000,100000000,False
1113252,COCHINSHIP26NOV1460PE,COCHINSHIP,26NOV2026,146000.000000,400,OPTSTK,BFO,5.000000,100000000,False
1113273,FOCIT26NOV35500CE,FOCIT,26NOV2026,3550000.000000,45,OPTIDX,BFO,5.000000,1350,False
1113275,TATACONSUM26NOV1010PE,TATACONSUM,26NOV2026,101000.000000,550,OPTSTK,BFO,5.000000,36000,False
1113280,NAM-INDIA26NOV1300PE,NAM-INDIA,26NOV2026,130000.000000,625,OPTSTK,BFO,5.000000,100000000,False
1114377,AXISBANK26NOV1320PE,AXISBANK,26NOV2026,132000.000000,625,OPTSTK,BFO,5.000000,25000,False
1114386,HCLTECH26NOV1320CE,HCLTECH,26NOV2026,132000.000000,400,OPTSTK,BFO,5.000000,21000,False
1114396,SUPREMEIND26NOV3700PE,SUPREMEIND,26NOV2026,370000.000000,175,OPTSTK,BFO,5.000000,100000000,False
1114408,LTF26NOV305PE,LTF,26NOV2026,30500.000000,2250,OPTSTK,BFO,5.000000,267720,False
1113317,SENSEX26O1579700PE,SENSEX,15OCT2026,7970000.000000,20,OPTIDX,BFO,5.000000,1000,False
1114410,SENSEX26O1575200CE,SENSEX,15OCT2026,7520000.000000,20,OPTIDX,BFO,5.000000,1000,False
1114416,LODHA26NOV1320PE,LODHA,26NOV2026,132000.000000,625,OPTSTK,BFO,5.000000,100000000,False
1114418,SENSEX26O1577500CE,SENSEX,15OCT2026,7750000.000000,20,OPTIDX,BFO,5.000000,1000,False
1114429,VBL26NOV450CE,VBL,26NOV2026,45000.000000,1275,OPTSTK,BFO,5.000000,100000000,False
1113288,PHOENIXLTD26NOV1900PE,PHOENIXLTD,26NOV2026,190000.000000,350,OPTSTK,BFO,5.000000,100000000,False
1113290,FOCIT26NOV40200PE,FOCIT,26NOV2026,4020000.000000,45,OPTIDX,BFO,5.000000,1350,False
1113297,MOTHERSON26NOV182.5CE,MOTHERSON,26NOV2026,18250.000000,6150,OPTSTK,BFO,5.000000,284000,False
1113328,DMART26NOV4000CE,DMART,26NOV2026,400000.000000,150,OPTSTK,BFO,5.000000,100000000,False
1113329,TATACONSUM26NOV1000CE,TATACONSUM,26NOV2026,100000.000000,550,OPTSTK,BFO,5.000000,36000,False
1113331,POLYCAB26NOV9200PE,POLYCAB,26NOV2026,920000.000000,125,OPTSTK,BFO,5.000000,9000,False
1113334,TCS26NOV2140PE,TCS,26NOV2026,214000.000000,225,OPTSTK,BFO,5.000000,7000,False
1114437,LODHA26NOV1160PE,LODHA,26NOV2026,116000.000000,625,OPTSTK,BFO,5.000000,100000000,False
1114475,SENSEX5026NOV26200PE,SENSEX50,26NOV2026,2620000.000000,75,OPTIDX,BFO,5.000000,1800,False
1114494,KOTAKBANK26NOV415CE,KOTAKBANK,26NOV2026,41500.000000,2000,OPTSTK,BFO,5.000000,12000,False
1114500,GODFRYPHLP26NOV1850CE,GODFRYPHLP,26NOV2026,185000.000000,275,OPTSTK,BFO,5.000000,100000000,False
1113336,POLICYBZR26NOV1860CE,POLICYBZR,26NOV2026,186000.000000,350,OPTSTK,BFO,5.000000,100000000,False
1113337,DABUR26NOV370CE,DABUR,26NOV2026,37000.000000,1250,OPTSTK,BFO,5.000000,50000,False
1113362,JIOFIN26NOV250PE,JIOFIN,26NOV2026,25000.000000,2350,OPTSTK,BFO,5.000000,100000000,False
1113366,HDFCAMC26NOV2950CE,HDFCAMC,26NOV2026,295000.000000,300,OPTSTK,BFO,5.000000,12000,False
1114503,BANKINDIA26NOV152.5CE,BANKINDIA,26NOV2026,15250.000000,5200,OPTSTK,BFO,5.000000,100000000,False
1114507,BAJAJ-AUTO26NOV11400CE,BAJAJ-AUTO,26NOV2026,1140000.000000,75,OPTSTK,BFO,5.000000,5000,False
1114535,NAUKRI26NOV1320PE,NAUKRI,26NOV2026,132000.000000,550,OPTSTK,BFO,5.000000,6000,False
1114545,SAGILITY26OCT39CE,SAGILITY,29OCT2026,3900.000000,12000,OPTSTK,BFO,5.000000,100000000,False
1114557,BANKEX26NOV62200PE,BANKEX,26NOV2026,6220000.000000,30,OPTIDX,BFO,5.000000,900,False
1114581,SENSEX26NOV72200CE,SENSEX,26NOV2026,7220000.000000,20,OPTIDX,BFO,5.000000,1000,False
1114626,INDUSTOWER26NOV365CE,INDUSTOWER,26NOV2026,36500.000000,1700,OPTSTK,BFO,5.000000,170000,False
1114632,BHARATFORG26NOV1920PE,BHARATFORG,26NOV2026,192000.000000,500,OPTSTK,BFO,5.000000,30000,False
1100003,KAYNES26SEP4300CE,KAYNES,24SEP2026,430000.000000,150,OPTSTK,BFO,5.000000,100000000,False
1100079,BSE26OCT2500CE,BSE,27OCT2026,250000.000000,200,OPTSTK,BFO,5.000000,3751,False
1100084,BSE26OCT2500PE,BSE,27OCT2026,250000.000000,200,OPTSTK,BFO,5.000000,3751,False
1100096,BSE26OCT4500CE,BSE,27OCT2026,450000.000000,200,OPTSTK,BFO,5.000000,3751,False
1113368,BEL26NOV440CE,BEL,26NOV2026,44000.000000,1425,OPTSTK,BFO,5.000000,228000,False
1113370,UNITDSPR26NOV1560PE,UNITDSPR,26NOV2026,156000.000000,400,OPTSTK,BFO,5.000000,28000,False
1113371,DRREDDY26NOV1140CE,DRREDDY,26NOV2026,114000.000000,625,OPTSTK,BFO,5.000000,5000,False
1113390,MFSL26NOV1480PE,MFSL,26NOV2026,148000.000000,400,OPTSTK,BFO,5.000000,32000,False
1114645,INDIANB26NOV900PE,INDIANB,26NOV2026,90000.000000,1000,OPTSTK,BFO,5.000000,100000000,False
1114659,ABCAPITAL26NOV425CE,ABCAPITAL,26NOV2026,42500.000000,3100,OPTSTK,BFO,5.000000,162000,False
1114685,DELHIVERY26NOV485CE,DELHIVERY,26NOV2026,48500.000000,2075,OPTSTK,BFO,5.000000,100000000,False
1114691,PFC26OCT325PE,PFC,29OCT2026,32500.000000,1300,OPTSTK,BFO,5.000000,124000,False
1100114,BSE26NOV2200PE,BSE,23NOV2026,220000.000000,200,OPTSTK,BFO,5.000000,3751,False
1100144,BSE26NOV3800PE,BSE,23NOV2026,380000.000000,200,OPTSTK,BFO,5.000000,3751,False
1100160,BSE26NOV5000CE,BSE,23NOV2026,500000.000000,200,OPTSTK,BFO,5.000000,3751,False
1100167,CDSL26OCT840CE,CDSL,27OCT2026,84000.000000,475,OPTSTK,BFO,5.000000,14001,False
1113391,CUMMINSIND26NOV5600PE,CUMMINSIND,26NOV2026,560000.000000,200,OPTSTK,BFO,5.000000,18000,False
1113401,ADANIENT26NOV2900CE,ADANIENT,26NOV2026,290000.000000,309,OPTSTK,BFO,5.000000,9000,False
1113416,FOCIT26NOV41800CE,FOCIT,26NOV2026,4180000.000000,45,OPTIDX,BFO,5.000000,1350,False
1113430,DRREDDY26NOV1220PE,DRREDDY,26NOV2026,122000.000000,625,OPTSTK,BFO,5.000000,5000,False
1114751,DLF26NOV680PE,DLF,26NOV2026,68000.000000,950,OPTSTK,BFO,5.000000,49500,False
1114763,PHOENIXLTD26NOV1980PE,PHOENIXLTD,26NOV2026,198000.000000,350,OPTSTK,BFO,5.000000,100000000,False
1114780,UNOMINDA26NOV1340CE,UNOMINDA,26NOV2026,134000.000000,550,OPTSTK,BFO,5.000000,100000000,False
1114789,NBCC26NOV95PE,NBCC,26NOV2026,9500.000000,6500,OPTSTK,BFO,5.000000,100000000,False
1114798,ADANIENSOL26NOV1680PE,ADANIENSOL,26NOV2026,168000.000000,675,OPTSTK,BFO,5.000000,100000000,False
1114813,SENSEX26O1571800PE,SENSEX,15OCT2026,7180000.000000,20,OPTIDX,BFO,5.000000,1000,False
1114819,SENSEX26O1576200CE,SENSEX,15OCT2026,7620000.000000,20,OPTIDX,BFO,5.000000,1000,False
1114820,BANKINDIA26NOV157.5CE,BANKINDIA,26NOV2026,15750.000000,5200,OPTSTK,BFO,5.000000,100000000,False
1100179,CDSL26OCT1180PE,CDSL,27OCT2026,118000.000000,475,OPTSTK,BFO,5.000000,14001,False
1100182,CDSL26OCT1220PE,CDSL,27OCT2026,122000.000000,475,OPTSTK,BFO,5.000000,14001,False
1100191,CDSL26OCT1420PE,CDSL,27OCT2026,142000.000000,475,OPTSTK,BFO,5.000000,14001,False
1100199,CDSL26OCT1460PE,CDSL,27OCT2026,146000.000000,475,OPTSTK,BFO,5.000000,14001,False
1113432,SAGILITY26NOV38PE,SAGILITY,26NOV2026,3800.000000,12000,OPTSTK,BFO,5.000000,100000000,False
1113473,NMDC26NOV84PE,NMDC,26NOV2026,8400.000000,6750,OPTSTK,BFO,5.000000,225000,False
1113483,BHARTIARTL26NOV2020CE,BHARTIARTL,26NOV2026,202000.000000,475,OPTSTK,BFO,5.000000,28500,False
1113489,MAZDOCK26NOV2300PE,MAZDOCK,26NOV2026,230000.000000,225,OPTSTK,BFO,5.000000,100000000,False
1100201,CDSL26OCT1540CE,CDSL,27OCT2026,154000.000000,475,OPTSTK,BFO,5.000000,14001,False
1100209,CDSL26OCT1660CE,CDSL,27OCT2026,166000.000000,475,OPTSTK,BFO,5.000000,14001,False
1100219,CDSL26OCT1880CE,CDSL,27OCT2026,188000.000000,475,OPTSTK,BFO,5.000000,14001,False
1100260,CDSL26NOV1240PE,CDSL,23NOV2026,124000.000000,475,OPTSTK,BFO,5.000000,14001,False
1113507,SENSEX26NOV81000CE,SENSEX,26NOV2026,8100000.000000,20,OPTIDX,BFO,5.000000,1000,False
1113519,UNITDSPR26NOV1460CE,UNITDSPR,26NOV2026,146000.000000,400,OPTSTK,BFO,5.000000,28000,False
1113523,BANKEX26NOV62600CE,BANKEX,26NOV2026,6260000.000000,30,OPTIDX,BFO,5.000000,900,False
1113524,TATAPOWER26SEP320CE,TATAPOWER,24SEP2026,32000.000000,1450,OPTSTK,BFO,5.000000,101250,False
1114830,ZYDUSLIFE26NOV1260PE,ZYDUSLIFE,26NOV2026,126000.000000,900,OPTSTK,BFO,5.000000,54000,False
1114849,LTF26NOV340PE,LTF,26NOV2026,34000.000000,2250,OPTSTK,BFO,5.000000,267720,False
1114884,CHOLAFIN26NOV1860PE,CHOLAFIN,26NOV2026,186000.000000,625,OPTSTK,BFO,5.000000,25000,False
1114894,RELIANCE26NOV1270PE,RELIANCE,26NOV2026,127000.000000,500,OPTSTK,BFO,5.000000,10000,False
1100266,CDSL26NOV1360CE,CDSL,23NOV2026,136000.000000,475,OPTSTK,BFO,5.000000,14001,False
1100307,CDSL26NOV1720CE,CDSL,23NOV2026,172000.000000,475,OPTSTK,BFO,5.000000,14001,False
1100321,APLAPOLLO26SEP2300PE,APLAPOLLO,24SEP2026,230000.000000,350,OPTSTK,BFO,5.000000,100000000,False
1100322,NMDC26SEP94CE,NMDC,24SEP2026,9400.000000,6750,OPTSTK,BFO,5.000000,225000,False
1113525,JSWENERGY26NOV560CE,JSWENERGY,26NOV2026,56000.000000,1075,OPTSTK,BFO,5.000000,100000000,False
1113535,MAHABANK26NOV86CE,MAHABANK,26NOV2026,8600.000000,6500,OPTSTK,BFO,5.000000,100000000,False
1113545,BANDHANBNK26NOV190CE,BANDHANBNK,26NOV2026,19000.000000,3600,OPTSTK,BFO,5.000000,100000,False
1113562,TITAN26NOV5200PE,TITAN,26NOV2026,520000.000000,175,OPTSTK,BFO,5.000000,11250,False
1114923,ABCAPITAL26NOV400PE,ABCAPITAL,26NOV2026,40000.000000,3100,OPTSTK,BFO,5.000000,162000,False
1114931,IOC26NOV122.5CE,IOC,26NOV2026,12250.000000,4875,OPTSTK,BFO,5.000000,292500,False
1114938,HEROMOTOCO26NOV5400PE,HEROMOTOCO,26NOV2026,540000.000000,150,OPTSTK,BFO,5.000000,9000,False
1114944,MAXHEALTH26NOV1060PE,MAXHEALTH,26NOV2026,106000.000000,525,OPTSTK,BFO,5.000000,100000000,False
1114957,SENSEX5026NOV24700CE,SENSEX50,26NOV2026,2470000.000000,75,OPTIDX,BFO,5.000000,1800,False
1114966,BANKEX26NOV66700CE,BANKEX,26NOV2026,6670000.000000,30,OPTIDX,BFO,5.000000,900,False
1114971,NTPC26NOV355CE,NTPC,26NOV2026,35500.000000,1500,OPTSTK,BFO,5.000000,150000,False
1114979,ASIANPAINT26NOV2620CE,ASIANPAINT,26NOV2026,262000.000000,250,OPTSTK,BFO,5.000000,8000,False
1100327,DABUR26SEP355CE,DABUR,24SEP2026,35500.000000,1250,OPTSTK,BFO,5.000000,50000,False
1100339,DABUR26SEP355PE,DABUR,24SEP2026,35500.000000,1250,OPTSTK,BFO,5.000000,50000,False
1100347,DMART26OCT3450CE,DMART,29OCT2026,345000.000000,150,OPTSTK,BFO,5.000000,100000000,False
1100388,PAGEIND26OCT31500PE,PAGEIND,29OCT2026,3150000.000000,20,OPTSTK,BFO,5.000000,600,False
1113609,PAYTM26NOV1840PE,PAYTM,26NOV2026,184000.000000,725,OPTSTK,BFO,5.000000,100000000,False
1113615,SIEMENS26NOV4000CE,SIEMENS,26NOV2026,400000.000000,175,OPTSTK,BFO,5.000000,8250,False
1113622,SUPREMEIND26NOV3500PE,SUPREMEIND,26NOV2026,350000.000000,175,OPTSTK,BFO,5.000000,100000000,False
1113641,TATAPOWER26NOV350PE,TATAPOWER,26NOV2026,35000.000000,1450,OPTSTK,BFO,5.000000,101250,False
1115001,IEX26NOV125PE,IEX,26NOV2026,12500.000000,4350,OPTSTK,BFO,5.000000,150000,False
1115005,TITAN26NOV4750PE,TITAN,26NOV2026,475000.000000,175,OPTSTK,BFO,5.000000,11250,False
1115017,MAXHEALTH26NOV1050CE,MAXHEALTH,26NOV2026,105000.000000,525,OPTSTK,BFO,5.000000,100000000,False
1115025,ALKEM26NOV5350PE,ALKEM,26NOV2026,535000.000000,125,OPTSTK,BFO,5.000000,8000,False
1100430,DMART26SEP3450CE,DMART,24SEP2026,345000.000000,150,OPTSTK,BFO,5.000000,100000000,False
1100445,MOTILALOFS26OCT1160PE,MOTILALOFS,29OCT2026,116000.000000,775,OPTSTK,BFO,5.000000,100000000,False
1100456,DABUR26OCT355PE,DABUR,29OCT2026,35500.000000,1250,OPTSTK,BFO,5.000000,50000,False
1100509,POLICYBZR26SEP1960PE,POLICYBZR,24SEP2026,196000.000000,350,OPTSTK,BFO,5.000000,100000000,False
1113644,SENSEX26O1577300CE,SENSEX,15OCT2026,7730000.000000,20,OPTIDX,BFO,5.000000,1000,False
1113659,VMM26NOV100CE,VMM,26NOV2026,10000.000000,4850,OPTSTK,BFO,5.000000,100000000,False
1113675,SONACOMS26NOV870CE,SONACOMS,26NOV2026,87000.000000,1225,OPTSTK,BFO,5.000000,100000000,False
1113678,INDIGO26NOV5000PE,INDIGO,26NOV2026,500000.000000,150,OPTSTK,BFO,5.000000,12000,False
1115033,WIPRO26NOV175CE,WIPRO,26NOV2026,17500.000000,3000,OPTSTK,BFO,5.000000,60000,False
1115040,SRF26NOV2400CE,SRF,26NOV2026,240000.000000,200,OPTSTK,BFO,5.000000,11250,False
1115059,ANGELONE26NOV270PE,ANGELONE,26NOV2026,27000.000000,2500,OPTSTK,BFO,5.000000,100000000,False
1115060,FOCIT26NOV33900PE,FOCIT,26NOV2026,3390000.000000,45,OPTIDX,BFO,5.000000,1350,False
1100548,NMDC26SEP95CE,NMDC,24SEP2026,9500.000000,6750,OPTSTK,BFO,5.000000,225000,False
1100591,BHARTIARTL26OCT1760CE,BHARTIARTL,29OCT2026,176000.000000,475,OPTSTK,BFO,5.000000,28500,False
1100604,LAURUSLABS26OCT2020CE,LAURUSLABS,29OCT2026,202000.000000,850,OPTSTK,BFO,5.000000,68000,False
1100609,CROMPTON26OCT205CE,CROMPTON,29OCT2026,20500.000000,2150,OPTSTK,BFO,5.000000,90000,False
1115077,ASTRAL26NOV1400PE,ASTRAL,26NOV2026,140000.000000,425,OPTSTK,BFO,5.000000,14680,False
1115091,SIEMENS26NOV4250PE,SIEMENS,26NOV2026,425000.000000,175,OPTSTK,BFO,5.000000,8250,False
1115094,HAL26NOV4650PE,HAL,26NOV2026,465000.000000,150,OPTSTK,BFO,5.000000,9000,False
1115103,TATAELXSI26NOV3900CE,TATAELXSI,26NOV2026,390000.000000,125,OPTSTK,BFO,5.000000,100000000,False
1100617,CROMPTON26OCT205PE,CROMPTON,29OCT2026,20500.000000,2150,OPTSTK,BFO,5.000000,90000,False
1100645,GLENMARK26SEP2580CE,GLENMARK,24SEP2026,258000.000000,375,OPTSTK,BFO,5.000000,43500,False
1100655,COLPAL26OCT1720PE,COLPAL,29OCT2026,172000.000000,275,OPTSTK,BFO,5.000000,14000,False
1100670,DIVISLAB26SEP9700PE,DIVISLAB,24SEP2026,970000.000000,100,OPTSTK,BFO,5.000000,8000,False
1113680,TVSMOTOR26NOV4750CE,TVSMOTOR,26NOV2026,475000.000000,175,OPTSTK,BFO,5.000000,21000,False
1113701,TIINDIA26NOV3000PE,TIINDIA,26NOV2026,300000.000000,200,OPTSTK,BFO,5.000000,100000000,False
1113709,SENSEX5026NOV26000PE,SENSEX50,26NOV2026,2600000.000000,75,OPTIDX,BFO,5.000000,1800,False
1113718,SUNPHARMA26NOV1780PE,SUNPHARMA,26NOV2026,178000.000000,350,OPTSTK,BFO,5.000000,28000,False
1115114,WAAREEENER26NOV2500PE,WAAREEENER,26NOV2026,250000.000000,175,OPTSTK,BFO,5.000000,100000000,False
1115125,SENSEX26O1573100CE,SENSEX,15OCT2026,7310000.000000,20,OPTIDX,BFO,5.000000,1000,False
1115133,FOCIT26NOV36900CE,FOCIT,26NOV2026,3690000.000000,45,OPTIDX,BFO,5.000000,1350,False
1115147,INDIGO26NOV4700CE,INDIGO,26NOV2026,470000.000000,150,OPTSTK,BFO,5.000000,12000,False
1100684,LAURUSLABS26OCT2020PE,LAURUSLABS,29OCT2026,202000.000000,850,OPTSTK,BFO,5.000000,68000,False
1100687,MOTILALOFS26SEP1160CE,MOTILALOFS,24SEP2026,116000.000000,775,OPTSTK,BFO,5.000000,100000000,False
1100689,ADANIENT26OCT3500PE,ADANIENT,29OCT2026,350000.000000,309,OPTSTK,BFO,5.000000,9000,False
1100693,HYUNDAI26SEP2400PE,HYUNDAI,24SEP2026,240000.000000,275,OPTSTK,BFO,5.000000,100000000,False
1113734,CAMS26NOV790PE,CAMS,26NOV2026,79000.000000,825,OPTSTK,BFO,5.000000,100000000,False
1113760,LT26NOV4050CE,LT,26NOV2026,405000.000000,175,OPTSTK,BFO,5.000000,12000,False
1113770,SBILIFE26NOV1700CE,SBILIFE,26NOV2026,170000.000000,375,OPTSTK,BFO,5.000000,22500,False
1113772,BANKEX26NOV66600PE,BANKEX,26NOV2026,6660000.000000,30,OPTIDX,BFO,5.000000,900,False
1115154,PREMIERENE26NOV960PE,PREMIERENE,26NOV2026,96000.000000,650,OPTSTK,BFO,5.000000,100000000,False
1115171,LUPIN26NOV2300PE,LUPIN,26NOV2026,230000.000000,425,OPTSTK,BFO,5.000000,34000,False
1115179,TRENT26NOV2900CE,TRENT,26NOV2026,290000.000000,225,OPTSTK,BFO,5.000000,16000,False
1115184,INDIGO26NOV5400PE,INDIGO,26NOV2026,540000.000000,150,OPTSTK,BFO,5.000000,12000,False
1100715,BPCL26NOV335PE,BPCL,26NOV2026,33500.000000,1975,OPTSTK,BFO,5.000000,72000,False
1100725,HINDUNILVR26NOV2000CE,HINDUNILVR,26NOV2026,200000.000000,300,OPTSTK,BFO,5.000000,9000,False
1100727,PIDILITIND26NOV1520CE,PIDILITIND,26NOV2026,152000.000000,500,OPTSTK,BFO,5.000000,10000,False
1100757,BRITANNIA26NOV4950PE,BRITANNIA,26NOV2026,495000.000000,125,OPTSTK,BFO,5.000000,6000,False
1115212,BLUESTARCO26NOV1640CE,BLUESTARCO,26NOV2026,164000.000000,325,OPTSTK,BFO,5.000000,100000000,False
1115215,COCHINSHIP26NOV1400CE,COCHINSHIP,26NOV2026,140000.000000,400,OPTSTK,BFO,5.000000,100000000,False
1115223,DMART26NOV3850PE,DMART,26NOV2026,385000.000000,150,OPTSTK,BFO,5.000000,100000000,False
1115243,DIXON26NOV16250CE,DIXON,26NOV2026,1625000.000000,50,OPTSTK,BFO,5.000000,6000,False
1100760,SENSEX26NOV77500CE,SENSEX,26NOV2026,7750000.000000,20,OPTIDX,BFO,5.000000,1000,False
1100768,VOLTAS26NOV1160CE,VOLTAS,26NOV2026,116000.000000,375,OPTSTK,BFO,5.000000,30000,False
1100773,BANKBARODA26NOV265PE,BANKBARODA,26NOV2026,26500.000000,2925,OPTSTK,BFO,5.000000,175500,False
1100803,GODFRYPHLP26NOV1850PE,GODFRYPHLP,26NOV2026,185000.000000,275,OPTSTK,BFO,5.000000,100000000,False
1113778,SENSEX26O1583600CE,SENSEX,15OCT2026,8360000.000000,20,OPTIDX,BFO,5.000000,1000,False
1113783,NESTLEIND26NOV1450CE,NESTLEIND,26NOV2026,145000.000000,500,OPTSTK,BFO,5.000000,1200,False
1113802,ANGELONE26NOV320CE,ANGELONE,26NOV2026,32000.000000,2500,OPTSTK,BFO,5.000000,100000000,False
1113814,SENSEX26NOV81300PE,SENSEX,26NOV2026,8130000.000000,20,OPTIDX,BFO,5.000000,1000,False
1115251,ATHERENERG26SEP1560CE,ATHERENERG,24SEP2026,156000.000000,375,OPTSTK,BFO,5.000000,100000000,False
1115258,BANKEX26OCT57300CE,BANKEX,29OCT2026,5730000.000000,30,OPTIDX,BFO,5.000000,900,False
1115266,ONGC26NOV237.5CE,ONGC,26NOV2026,23750.000000,2250,OPTSTK,BFO,5.000000,154000,False
1115274,NATIONALUM26NOV360PE,NATIONALUM,26NOV2026,36000.000000,1875,OPTSTK,BFO,5.000000,300000,False
1100823,FOCIT26NOV38000CE,FOCIT,26NOV2026,3800000.000000,45,OPTIDX,BFO,5.000000,1350,False
1100835,ULTRACEMCO26NOV11100PE,ULTRACEMCO,26NOV2026,1110000.000000,50,OPTSTK,BFO,5.000000,3000,False
1100851,VOLTAS26NOV1240PE,VOLTAS,26NOV2026,124000.000000,375,OPTSTK,BFO,5.000000,30000,False
1100911,FOCIT26NOV38900CE,FOCIT,26NOV2026,3890000.000000,45,OPTIDX,BFO,5.000000,1350,False
1113842,ABB26NOV7800CE,ABB,26NOV2026,780000.000000,125,OPTSTK,BFO,5.000000,7500,False
1113862,IRFC26NOV85PE,IRFC,26NOV2026,8500.000000,5425,OPTSTK,BFO,5.000000,100000000,False
1115278,HDFCAMC26NOV2750PE,HDFCAMC,26NOV2026,275000.000000,300,OPTSTK,BFO,5.000000,12000,False
1115292,BANKEX26NOV62400PE,BANKEX,26NOV2026,6240000.000000,30,OPTIDX,BFO,5.000000,900,False
1115296,PIIND26NOV2400CE,PIIND,26NOV2026,240000.000000,175,OPTSTK,BFO,5.000000,7500,False
1115298,IREDA26NOVFUT,IREDA,26NOV2026,0.000000,4525,FUTSTK,BFO,5.000000,100000000,False
1113823,WIPRO26NOV162.5CE,WIPRO,26NOV2026,16250.000000,3000,OPTSTK,BFO,5.000000,60000,False
1113852,BANKEX26NOV62900PE,BANKEX,26NOV2026,6290000.000000,30,OPTIDX,BFO,5.000000,900,False
1100936,TATACONSUM26OCT970PE,TATACONSUM,29OCT2026,97000.000000,550,OPTSTK,BFO,5.000000,36000,False
1100950,SHRIRAMFIN26NOV1120CE,SHRIRAMFIN,26NOV2026,112000.000000,825,OPTSTK,BFO,5.000000,18000,False
1100968,ASTRAL26NOV1680PE,ASTRAL,26NOV2026,168000.000000,425,OPTSTK,BFO,5.000000,14680,False
1100971,RBLBANK26NOV405CE,RBLBANK,26NOV2026,40500.000000,3175,OPTSTK,BFO,5.000000,150000,False
1115299,SAGILITY26NOV47PE,SAGILITY,26NOV2026,4700.000000,12000,OPTSTK,BFO,5.000000,100000000,False
1115300,VOLTAS26NOV1280CE,VOLTAS,26NOV2026,128000.000000,375,OPTSTK,BFO,5.000000,30000,False
1115314,HDFCAMC26NOV2900CE,HDFCAMC,26NOV2026,290000.000000,300,OPTSTK,BFO,5.000000,12000,False
1115333,BANKINDIA26NOV160CE,BANKINDIA,26NOV2026,16000.000000,5200,OPTSTK,BFO,5.000000,100000000,False
1100990,NESTLEIND26NOVFUT,NESTLEIND,26NOV2026,0.000000,500,FUTSTK,BFO,5.000000,1200,False
1101000,DMART26NOV3550PE,DMART,26NOV2026,355000.000000,150,OPTSTK,BFO,5.000000,100000000,False
1101002,IDEA26NOV8CE,IDEA,26NOV2026,800.000000,71475,OPTSTK,BFO,5.000000,2400000,False
1101022,NTPC26NOV340CE,NTPC,26NOV2026,34000.000000,1500,OPTSTK,BFO,5.000000,150000,False
1113864,ITC26NOV272.5PE,ITC,26NOV2026,27250.000000,1725,OPTSTK,BFO,5.000000,64000,False
1113865,SENSEX26NOV72900CE,SENSEX,26NOV2026,7290000.000000,20,OPTIDX,BFO,5.000000,1000,False
1113872,NHPC26NOV78PE,NHPC,26NOV2026,7800.000000,6950,OPTSTK,BFO,5.000000,100000000,False
1113879,MAHABANK26SEP78CE,MAHABANK,24SEP2026,7800.000000,6500,OPTSTK,BFO,5.000000,100000000,False
1115335,CAMS26NOV670CE,CAMS,26NOV2026,67000.000000,825,OPTSTK,BFO,5.000000,100000000,False
1115341,IDFCFIRSTB26NOV78PE,IDFCFIRSTB,26NOV2026,7800.000000,9275,OPTSTK,BFO,5.000000,450000,False
1115349,HINDPETRO26NOV380CE,HINDPETRO,26NOV2026,38000.000000,2025,OPTSTK,BFO,5.000000,108000,False
1115358,SHREECEM26NOV23750CE,SHREECEM,26NOV2026,2375000.000000,25,OPTSTK,BFO,5.000000,1000,False
1101061,GRASIM26NOV3240CE,GRASIM,26NOV2026,324000.000000,250,OPTSTK,BFO,5.000000,14250,False
1101074,DIVISLAB26NOV8700PE,DIVISLAB,26NOV2026,870000.000000,100,OPTSTK,BFO,5.000000,8000,False
1101083,ZYDUSLIFE26NOV1180PE,ZYDUSLIFE,26NOV2026,118000.000000,900,OPTSTK,BFO,5.000000,54000,False
1101113,M&M26NOV3700PE,M&M,26NOV2026,370000.000000,200,OPTSTK,BFO,5.000000,21000,False
1115376,TATAPOWER26NOV325CE,TATAPOWER,26NOV2026,32500.000000,1450,OPTSTK,BFO,5.000000,101250,False
1115380,SENSEX5026NOV26150PE,SENSEX50,26NOV2026,2615000.000000,75,OPTIDX,BFO,5.000000,1800,False
1115394,BHARATFORG26NOV1960PE,BHARATFORG,26NOV2026,196000.000000,500,OPTSTK,BFO,5.000000,30000,False
1115411,POWERGRID26NOVFUT,POWERGRID,26NOV2026,0.000000,1900,FUTSTK,BFO,5.000000,108000,False
1113900,SENSEX26NOV82000CE,SENSEX,26NOV2026,8200000.000000,20,OPTIDX,BFO,5.000000,1000,False
1113901,NATIONALUM26NOV340CE,NATIONALUM,26NOV2026,34000.000000,1875,OPTSTK,BFO,5.000000,300000,False
1113904,BEL26NOV445PE,BEL,26NOV2026,44500.000000,1425,OPTSTK,BFO,5.000000,228000,False
1113930,VMM26NOV100PE,VMM,26NOV2026,10000.000000,4850,OPTSTK,BFO,5.000000,100000000,False
1101118,SAGILITY26NOV40CE,SAGILITY,26NOV2026,4000.000000,12000,OPTSTK,BFO,5.000000,100000000,False
1101140,PAGEIND26NOV32500CE,PAGEIND,26NOV2026,3250000.000000,20,OPTSTK,BFO,5.000000,600,False
1101211,CGPOWER26NOV860PE,CGPOWER,26NOV2026,86000.000000,850,OPTSTK,BFO,5.000000,100000000,False
1101226,NATIONALUM26NOV440CE,NATIONALUM,26NOV2026,44000.000000,1875,OPTSTK,BFO,5.000000,300000,False
1115417,360ONE26NOV1200PE,,26NOV2026,120000.000000,500,OPTSTK,BFO,5.000000,100000000,False
1115418,VMM26NOV95CE,VMM,26NOV2026,9500.000000,4850,OPTSTK,BFO,5.000000,100000000,False
1115422,AMBER26NOV7400PE,AMBER,26NOV2026,740000.000000,100,OPTSTK,BFO,5.000000,100000000,False
1115435,M&M26NOV3000CE,M&M,26NOV2026,300000.000000,200,OPTSTK,BFO,5.000000,21000,False
1101233,MARUTI26NOVFUT,MARUTI,26NOV2026,0.000000,50,FUTSTK,BFO,5.000000,3000,False
1101236,JINDALSTEL26NOV1300CE,JINDALSTEL,26NOV2026,130000.000000,625,OPTSTK,BFO,5.000000,37500,False
1101246,ADANIENSOL26NOV1660CE,ADANIENSOL,26NOV2026,166000.000000,675,OPTSTK,BFO,5.000000,100000000,False
1101251,LTF26NOV335CE,LTF,26NOV2026,33500.000000,2250,OPTSTK,BFO,5.000000,267720,False
1113934,ETERNAL26NOV320CE,ETERNAL,26NOV2026,32000.000000,2425,OPTSTK,BFO,5.000000,100000000,False
1113937,CROMPTON26NOV215CE,CROMPTON,26NOV2026,21500.000000,2150,OPTSTK,BFO,5.000000,90000,False
1113939,BHEL26NOV430CE,BHEL,26NOV2026,43000.000000,2625,OPTSTK,BFO,5.000000,315000,False
1114014,YESBANK26NOV16PE,YESBANK,26NOV2026,1600.000000,31100,OPTSTK,BFO,5.000000,100000000,False
1115449,PIIND26NOV2150CE,PIIND,26NOV2026,215000.000000,175,OPTSTK,BFO,5.000000,7500,False
1115453,CUMMINSIND26NOV4600CE,CUMMINSIND,26NOV2026,460000.000000,200,OPTSTK,BFO,5.000000,18000,False
1115457,POWERINDIA26NOV36500PE,POWERINDIA,26NOV2026,3650000.000000,25,OPTSTK,BFO,5.000000,100000000,False
1115509,LAURUSLABS26NOV1940PE,LAURUSLABS,26NOV2026,194000.000000,850,OPTSTK,BFO,5.000000,68000,False
1101258,BOSCHLTD26NOV52000CE,BOSCHLTD,26NOV2026,5200000.000000,25,OPTSTK,BFO,5.000000,1500,False
1101271,FOCIT26NOV34600PE,FOCIT,26NOV2026,3460000.000000,45,OPTIDX,BFO,5.000000,1350,False
1101283,PREMIERENE26NOV1080CE,PREMIERENE,26NOV2026,108000.000000,650,OPTSTK,BFO,5.000000,100000000,False
1101296,CUMMINSIND26NOV5000PE,CUMMINSIND,26NOV2026,500000.000000,200,OPTSTK,BFO,5.000000,18000,False
1114042,PIIND26NOV2650CE,PIIND,26NOV2026,265000.000000,175,OPTSTK,BFO,5.000000,7500,False
1114079,SENSEX26O1583000PE,SENSEX,15OCT2026,8300000.000000,20,OPTIDX,BFO,5.000000,1000,False
1114117,BDL26NOV1260PE,BDL,26NOV2026,126000.000000,425,OPTSTK,BFO,5.000000,100000000,False
1114122,UPL26NOV610CE,UPL,26NOV2026,61000.000000,1355,OPTSTK,BFO,5.000000,39000,False
1115536,BANKEX26NOV59400PE,BANKEX,26NOV2026,5940000.000000,30,OPTIDX,BFO,5.000000,900,False
1115570,ABCAPITAL26NOV375CE,ABCAPITAL,26NOV2026,37500.000000,3100,OPTSTK,BFO,5.000000,162000,False
1115574,PFC26NOV355PE,PFC,26NOV2026,35500.000000,1300,OPTSTK,BFO,5.000000,124000,False
1115590,SENSEX26NOV76400PE,SENSEX,26NOV2026,7640000.000000,20,OPTIDX,BFO,5.000000,1000,False
1115605,BANKEX26NOV66000CE,BANKEX,26NOV2026,6600000.000000,30,OPTIDX,BFO,5.000000,900,False
1115618,TATASTEEL26NOV177.5PE,TATASTEEL,26NOV2026,17750.000000,2750,OPTSTK,BFO,5.000000,220000,False
1115632,KEI26NOV5500PE,KEI,26NOV2026,550000.000000,175,OPTSTK,BFO,5.000000,100000000,False
1115641,TVSMOTOR26NOV4550PE,TVSMOTOR,26NOV2026,455000.000000,175,OPTSTK,BFO,5.000000,21000,False
1101299,SENSEX26O0869900PE,SENSEX,08OCT2026,6990000.000000,20,OPTIDX,BFO,5.000000,1000,False
1101321,SENSEX5026NOV25150CE,SENSEX50,26NOV2026,2515000.000000,75,OPTIDX,BFO,5.000000,1800,False
1101346,PIIND26NOV2750CE,PIIND,26NOV2026,275000.000000,175,OPTSTK,BFO,5.000000,7500,False
1101352,FOCIT26NOV43500CE,FOCIT,26NOV2026,4350000.000000,45,OPTIDX,BFO,5.000000,1350,False
1114132,COCHINSHIP26NOV1560CE,COCHINSHIP,26NOV2026,156000.000000,400,OPTSTK,BFO,5.000000,100000000,False
1114140,MAHABANK26NOV79CE,MAHABANK,26NOV2026,7900.000000,6500,OPTSTK,BFO,5.000000,100000000,False
1114164,BHARATFORG26NOV2160PE,BHARATFORG,26NOV2026,216000.000000,500,OPTSTK,BFO,5.000000,30000,False
1114169,TATACONSUM26NOV1110CE,TATACONSUM,26NOV2026,111000.000000,550,OPTSTK,BFO,5.000000,36000,False
1101353,MANAPPURAM26NOVFUT,MANAPPURAM,26NOV2026,0.000000,3000,FUTSTK,BFO,5.000000,180000,False
1101377,ICICIPRULI26NOV535CE,ICICIPRULI,26NOV2026,53500.000000,925,OPTSTK,BFO,5.000000,60000,False
1101386,MARICO26NOV830PE,MARICO,26NOV2026,83000.000000,1200,OPTSTK,BFO,5.000000,48000,False
1101405,MAXHEALTH26NOV1040CE,MAXHEALTH,26NOV2026,104000.000000,525,OPTSTK,BFO,5.000000,100000000,False
1114184,KOTAKBANK26NOV410CE,KOTAKBANK,26NOV2026,41000.000000,2000,OPTSTK,BFO,5.000000,12000,False
1114193,SENSEX26O1583900PE,SENSEX,15OCT2026,8390000.000000,20,OPTIDX,BFO,5.000000,1000,False
1114212,NTPC26NOV315CE,NTPC,26NOV2026,31500.000000,1500,OPTSTK,BFO,5.000000,150000,False
1114228,ICICIBANK26NOV1410CE,ICICIBANK,26NOV2026,141000.000000,700,OPTSTK,BFO,5.000000,28000,False
1115658,AUBANK26NOV1040PE,AUBANK,26NOV2026,104000.000000,1000,OPTSTK,BFO,5.000000,30000,False
1115684,KAYNES26NOV4250CE,KAYNES,26NOV2026,425000.000000,150,OPTSTK,BFO,5.000000,100000000,False
1115705,VBL26NOV470PE,VBL,26NOV2026,47000.000000,1275,OPTSTK,BFO,5.000000,100000000,False
1115707,IREDA26NOV100PE,IREDA,26NOV2026,10000.000000,4525,OPTSTK,BFO,5.000000,100000000,False
1101424,WIPRO26NOV165CE,WIPRO,26NOV2026,16500.000000,3000,OPTSTK,BFO,5.000000,60000,False
1101430,TITAN26NOV5350CE,TITAN,26NOV2026,535000.000000,175,OPTSTK,BFO,5.000000,11250,False
1101440,CHOLAFIN26NOV1760PE,CHOLAFIN,26NOV2026,176000.000000,625,OPTSTK,BFO,5.000000,25000,False
1101477,OIL26NOV485CE,OIL,26NOV2026,48500.000000,1400,OPTSTK,BFO,5.000000,100000000,False
1114239,APOLLOHOSP26NOV8800PE,APOLLOHOSP,26NOV2026,880000.000000,125,OPTSTK,BFO,5.000000,5000,False
1114241,GODREJCP26NOV860PE,GODREJCP,26NOV2026,86000.000000,500,OPTSTK,BFO,5.000000,30000,False
1114247,TIINDIA26NOV2600PE,TIINDIA,26NOV2026,260000.000000,200,OPTSTK,BFO,5.000000,100000000,False
1114257,DRREDDY26NOV1250CE,DRREDDY,26NOV2026,125000.000000,625,OPTSTK,BFO,5.000000,5000,False
1115710,ASTRAL26NOV1520CE,ASTRAL,26NOV2026,152000.000000,425,OPTSTK,BFO,5.000000,14680,False
1115739,SENSEX26NOV82700PE,SENSEX,26NOV2026,8270000.000000,20,OPTIDX,BFO,5.000000,1000,False
1115742,CROMPTON26NOV275CE,CROMPTON,26NOV2026,27500.000000,2150,OPTSTK,BFO,5.000000,90000,False
1115745,LTM26NOV4700PE,LTM,26NOV2026,470000.000000,150,OPTSTK,BFO,5.000000,4500,False
1115746,ONGC26NOV240CE,ONGC,26NOV2026,24000.000000,2250,OPTSTK,BFO,5.000000,154000,False
1115747,FOCIT26NOV31800PE,FOCIT,26NOV2026,3180000.000000,45,OPTIDX,BFO,5.000000,1350,False
1115777,SIEMENS26NOV4450PE,SIEMENS,26NOV2026,445000.000000,175,OPTSTK,BFO,5.000000,8250,False
1115785,CANBK26NOV127.5PE,CANBK,26NOV2026,12750.000000,6750,OPTSTK,BFO,5.000000,81000,False
1101509,HEROMOTOCO26NOV5300PE,HEROMOTOCO,26NOV2026,530000.000000,150,OPTSTK,BFO,5.000000,9000,False
1101523,APLAPOLLO26OCT2320CE,APLAPOLLO,29OCT2026,232000.000000,350,OPTSTK,BFO,5.000000,100000000,False
1101530,TIINDIA26NOV2700PE,TIINDIA,26NOV2026,270000.000000,200,OPTSTK,BFO,5.000000,100000000,False
1101578,DELHIVERY26NOVFUT,DELHIVERY,26NOV2026,0.000000,2075,FUTSTK,BFO,5.000000,100000000,False
1114262,PIDILITIND26NOV1620CE,PIDILITIND,26NOV2026,162000.000000,500,OPTSTK,BFO,5.000000,10000,False
1114266,BEL26NOV390CE,BEL,26NOV2026,39000.000000,1425,OPTSTK,BFO,5.000000,228000,False
1114275,BRITANNIA26NOV5000PE,BRITANNIA,26NOV2026,500000.000000,125,OPTSTK,BFO,5.000000,6000,False
1114291,BANKEX26NOV60500CE,BANKEX,26NOV2026,6050000.000000,30,OPTIDX,BFO,5.000000,900,False
1101588,VOLTAS26NOV1360CE,VOLTAS,26NOV2026,136000.000000,375,OPTSTK,BFO,5.000000,30000,False
1101606,MARICO26NOV890CE,MARICO,26NOV2026,89000.000000,1200,OPTSTK,BFO,5.000000,48000,False
1101608,BLUESTARCO26NOV1480PE,BLUESTARCO,26NOV2026,148000.000000,325,OPTSTK,BFO,5.000000,100000000,False
1101619,BANKEX26NOV61700PE,BANKEX,26NOV2026,6170000.000000,30,OPTIDX,BFO,5.000000,900,False
1115796,ASHOKLEY26NOV177.5CE,ASHOKLEY,26NOV2026,17750.000000,5000,OPTSTK,BFO,5.000000,150000,False
1115806,LICHSGFIN26NOV520CE,LICHSGFIN,26NOV2026,52000.000000,1000,OPTSTK,BFO,5.000000,60000,False
1115837,HEROMOTOCO26NOV5500CE,HEROMOTOCO,26NOV2026,550000.000000,150,OPTSTK,BFO,5.000000,9000,False
1115854,SENSEX26O1576700PE,SENSEX,15OCT2026,7670000.000000,20,OPTIDX,BFO,5.000000,1000,False
1114297,PNB26NOV106CE,PNB,26NOV2026,10600.000000,8000,OPTSTK,BFO,5.000000,480000,False
1114304,RBLBANK26NOV410CE,RBLBANK,26NOV2026,41000.000000,3175,OPTSTK,BFO,5.000000,150000,False
1114311,GODFRYPHLP26NOV1950PE,GODFRYPHLP,26NOV2026,195000.000000,275,OPTSTK,BFO,5.000000,100000000,False
1114325,FOCIT26NOV33700PE,FOCIT,26NOV2026,3370000.000000,45,OPTIDX,BFO,5.000000,1350,False
1115862,MARUTI26NOV12700PE,MARUTI,26NOV2026,1270000.000000,50,OPTSTK,BFO,5.000000,3000,False
1115866,HINDPETRO26NOV360PE,HINDPETRO,26NOV2026,36000.000000,2025,OPTSTK,BFO,5.000000,108000,False
1115877,UNITDSPR26NOV1640PE,UNITDSPR,26NOV2026,164000.000000,400,OPTSTK,BFO,5.000000,28000,False
1115887,UNIONBANK26NOV195PE,UNIONBANK,26NOV2026,19500.000000,4425,OPTSTK,BFO,5.000000,100000000,False
1101623,FOCIT26NOV38200CE,FOCIT,26NOV2026,3820000.000000,45,OPTIDX,BFO,5.000000,1350,False
1101632,NTPC26NOV320PE,NTPC,26NOV2026,32000.000000,1500,OPTSTK,BFO,5.000000,150000,False
1101651,PIIND26NOV2400PE,PIIND,26NOV2026,240000.000000,175,OPTSTK,BFO,5.000000,7500,False
1101674,ONGC26NOV227.5CE,ONGC,26NOV2026,22750.000000,2250,OPTSTK,BFO,5.000000,154000,False
1115888,NYKAA26NOV315PE,NYKAA,26NOV2026,31500.000000,3125,OPTSTK,BFO,5.000000,100000000,False
1115934,PIIND26NOV2450PE,PIIND,26NOV2026,245000.000000,175,OPTSTK,BFO,5.000000,7500,False
1115943,IEX26NOV122.5CE,IEX,26NOV2026,12250.000000,4350,OPTSTK,BFO,5.000000,150000,False
1115949,MCX26NOV3550CE,MCX,26NOV2026,355000.000000,225,OPTSTK,BFO,5.000000,16000,False
1101682,FOCIT26NOV36800CE,FOCIT,26NOV2026,3680000.000000,45,OPTIDX,BFO,5.000000,1350,False
1101684,MPHASIS26NOV2750CE,MPHASIS,26NOV2026,275000.000000,275,OPTSTK,BFO,5.000000,11000,False
1101698,RVNL26NOV235PE,RVNL,26NOV2026,23500.000000,1925,OPTSTK,BFO,5.000000,100000000,False
1101704,DIVISLAB26NOV9600CE,DIVISLAB,26NOV2026,960000.000000,100,OPTSTK,BFO,5.000000,8000,False
1114355,PIDILITIND26NOV1540PE,PIDILITIND,26NOV2026,154000.000000,500,OPTSTK,BFO,5.000000,10000,False
1114360,LAURUSLABS26SEP2040PE,LAURUSLABS,24SEP2026,204000.000000,850,OPTSTK,BFO,5.000000,68000,False
1114381,SIEMENS26NOV4200CE,SIEMENS,26NOV2026,420000.000000,175,OPTSTK,BFO,5.000000,8250,False
1114382,SENSEX5026NOV24250CE,SENSEX50,26NOV2026,2425000.000000,75,OPTIDX,BFO,5.000000,1800,False
1115953,SIEMENS26NOV4350CE,SIEMENS,26NOV2026,435000.000000,175,OPTSTK,BFO,5.000000,8250,False
1115969,DRREDDY26NOV1140PE,DRREDDY,26NOV2026,114000.000000,625,OPTSTK,BFO,5.000000,5000,False
1115980,SENSEX26NOV70300CE,SENSEX,26NOV2026,7030000.000000,20,OPTIDX,BFO,5.000000,1000,False
1115991,GMRAIRPORT26NOV97PE,GMRAIRPORT,26NOV2026,9700.000000,6975,OPTSTK,BFO,5.000000,675000,False
1101713,SENSEX26O1578700PE,SENSEX,15OCT2026,7870000.000000,20,OPTIDX,BFO,5.000000,1000,False
1101725,INDIGO26NOV5300PE,INDIGO,26NOV2026,530000.000000,150,OPTSTK,BFO,5.000000,12000,False
1101752,DMART26NOV3750PE,DMART,26NOV2026,375000.000000,150,OPTSTK,BFO,5.000000,100000000,False
1101758,TATAPOWER26NOV315CE,TATAPOWER,26NOV2026,31500.000000,1450,OPTSTK,BFO,5.000000,101250,False
1114392,TATACONSUM26NOV970CE,TATACONSUM,26NOV2026,97000.000000,550,OPTSTK,BFO,5.000000,36000,False
1114397,PAGEIND26NOV37000PE,PAGEIND,26NOV2026,3700000.000000,20,OPTSTK,BFO,5.000000,600,False
1114399,HAL26NOV4600CE,HAL,26NOV2026,460000.000000,150,OPTSTK,BFO,5.000000,9000,False
1114403,PFC26OCT320PE,PFC,29OCT2026,32000.000000,1300,OPTSTK,BFO,5.000000,124000,False
1115993,GODREJCP26NOV900PE,GODREJCP,26NOV2026,90000.000000,500,OPTSTK,BFO,5.000000,30000,False
1116020,ONGC26NOV245CE,ONGC,26NOV2026,24500.000000,2250,OPTSTK,BFO,5.000000,154000,False
1116029,SAGILITY26OCT43CE,SAGILITY,29OCT2026,4300.000000,12000,OPTSTK,BFO,5.000000,100000000,False
1116044,EICHERMOT26NOV8500CE,EICHERMOT,26NOV2026,850000.000000,100,OPTSTK,BFO,5.000000,7000,False
1101769,INDUSTOWER26NOV395CE,INDUSTOWER,26NOV2026,39500.000000,1700,OPTSTK,BFO,5.000000,170000,False
1101771,DMART26NOV3900CE,DMART,26NOV2026,390000.000000,150,OPTSTK,BFO,5.000000,100000000,False
1101785,SIEMENS26NOV4050CE,SIEMENS,26NOV2026,405000.000000,175,OPTSTK,BFO,5.000000,8250,False
1101794,BANKEX26NOV59900CE,BANKEX,26NOV2026,5990000.000000,30,OPTIDX,BFO,5.000000,900,False
1114419,SUZLON26NOV49PE,SUZLON,26NOV2026,4900.000000,12700,OPTSTK,BFO,5.000000,100000000,False
1114450,TRENT26NOV2700CE,TRENT,26NOV2026,270000.000000,225,OPTSTK,BFO,5.000000,16000,False
1114456,BANDHANBNK26NOV175PE,BANDHANBNK,26NOV2026,17500.000000,3600,OPTSTK,BFO,5.000000,100000,False
1114463,BIOCON26NOV415CE,BIOCON,26NOV2026,41500.000000,2500,OPTSTK,BFO,5.000000,100000,False
1116049,BANKEX26NOV70300PE,BANKEX,26NOV2026,7030000.000000,30,OPTIDX,BFO,5.000000,900,False
1116051,PATANJALI26NOV340CE,PATANJALI,26NOV2026,34000.000000,1075,OPTSTK,BFO,5.000000,100000000,False
1116057,TATASTEEL26NOV180PE,TATASTEEL,26NOV2026,18000.000000,2750,OPTSTK,BFO,5.000000,220000,False
1116078,JSWENERGY26NOV480CE,JSWENERGY,26NOV2026,48000.000000,1075,OPTSTK,BFO,5.000000,100000000,False
1116097,POLICYBZR26NOV1760CE,POLICYBZR,26NOV2026,176000.000000,350,OPTSTK,BFO,5.000000,100000000,False
1116100,360ONE26NOVFUT,,26NOV2026,0.000000,500,FUTSTK,BFO,5.000000,100000000,False
1116103,FEDERALBNK26NOV315CE,FEDERALBNK,26NOV2026,31500.000000,2500,OPTSTK,BFO,5.000000,200000,False
1116104,360ONE26NOV1240PE,,26NOV2026,124000.000000,500,OPTSTK,BFO,5.000000,100000000,False
1101805,ABB26NOV7200CE,ABB,26NOV2026,720000.000000,125,OPTSTK,BFO,5.000000,7500,False
1101815,GRASIM26NOV3280CE,GRASIM,26NOV2026,328000.000000,250,OPTSTK,BFO,5.000000,14250,False
1101823,BANKEX26NOV69000CE,BANKEX,26NOV2026,6900000.000000,30,OPTIDX,BFO,5.000000,900,False
1101845,GMRAIRPORT26NOV94PE,GMRAIRPORT,26NOV2026,9400.000000,6975,OPTSTK,BFO,5.000000,675000,False
1114473,SHREECEM26NOV24250PE,SHREECEM,26NOV2026,2425000.000000,25,OPTSTK,BFO,5.000000,1000,False
1114480,RECLTD26OCT285CE,RECLTD,29OCT2026,28500.000000,1575,OPTSTK,BFO,5.000000,160000,False
1114485,DMART26NOV3650PE,DMART,26NOV2026,365000.000000,150,OPTSTK,BFO,5.000000,100000000,False
1114495,ADANIPOWER26NOV215PE,ADANIPOWER,26NOV2026,21500.000000,3550,OPTSTK,BFO,5.000000,100000000,False
1116110,KPITTECH26NOV580CE,KPITTECH,26NOV2026,58000.000000,775,OPTSTK,BFO,5.000000,100000000,False
1116123,DRREDDY26NOV1200CE,DRREDDY,26NOV2026,120000.000000,625,OPTSTK,BFO,5.000000,5000,False
1116127,SENSEX26O1578000CE,SENSEX,15OCT2026,7800000.000000,20,OPTIDX,BFO,5.000000,1000,False
1116141,SONACOMS26NOV800PE,SONACOMS,26NOV2026,80000.000000,1225,OPTSTK,BFO,5.000000,100000000,False
1101858,UNOMINDA26NOV1380PE,UNOMINDA,26NOV2026,138000.000000,550,OPTSTK,BFO,5.000000,100000000,False
1101868,SENSEX26NOV75700PE,SENSEX,26NOV2026,7570000.000000,20,OPTIDX,BFO,5.000000,1000,False
1101872,TATASTEEL26NOV200PE,TATASTEEL,26NOV2026,20000.000000,2750,OPTSTK,BFO,5.000000,220000,False
1101873,MAZDOCK26NOV2900CE,MAZDOCK,26NOV2026,290000.000000,225,OPTSTK,BFO,5.000000,100000000,False
1114496,IRFC26NOV78PE,IRFC,26NOV2026,7800.000000,5425,OPTSTK,BFO,5.000000,100000000,False
1114499,CANBK26NOV107.5CE,CANBK,26NOV2026,10750.000000,6750,OPTSTK,BFO,5.000000,81000,False
1114518,NATIONALUM26NOV320PE,NATIONALUM,26NOV2026,32000.000000,1875,OPTSTK,BFO,5.000000,300000,False
1114520,SAGILITY26SEP41CE,SAGILITY,24SEP2026,4100.000000,12000,OPTSTK,BFO,5.000000,100000000,False
1116144,PRESTIGE26NOV1580PE,PRESTIGE,26NOV2026,158000.000000,450,OPTSTK,BFO,5.000000,100000000,False
1116160,SENSEX26NOV78000PE,SENSEX,26NOV2026,7800000.000000,20,OPTIDX,BFO,5.000000,1000,False
1116163,TRENT26NOV3200CE,TRENT,26NOV2026,320000.000000,225,OPTSTK,BFO,5.000000,16000,False
1116171,SENSEX5026NOV25650CE,SENSEX50,26NOV2026,2565000.000000,75,OPTIDX,BFO,5.000000,1800,False
1101908,SBICARD26NOV700PE,SBICARD,26NOV2026,70000.000000,800,OPTSTK,BFO,5.000000,32000,False
1101921,MAHABANK26SEP89CE,MAHABANK,24SEP2026,8900.000000,6500,OPTSTK,BFO,5.000000,100000000,False
1101926,FOCIT26NOV38500PE,FOCIT,26NOV2026,3850000.000000,45,OPTIDX,BFO,5.000000,1350,False
1101951,ICICIPRULI26NOV480CE,ICICIPRULI,26NOV2026,48000.000000,925,OPTSTK,BFO,5.000000,60000,False
1114525,ADANIPOWER26NOV180CE,ADANIPOWER,26NOV2026,18000.000000,3550,OPTSTK,BFO,5.000000,100000000,False
1114541,DIVISLAB26NOV8800PE,DIVISLAB,26NOV2026,880000.000000,100,OPTSTK,BFO,5.000000,8000,False
1114562,SBIN26NOV980PE,SBIN,26NOV2026,98000.000000,750,OPTSTK,BFO,5.000000,45000,False
1114590,PNB26NOV106PE,PNB,26NOV2026,10600.000000,8000,OPTSTK,BFO,5.000000,480000,False
1116177,LICI26NOV410CE,LICI,26NOV2026,41000.000000,1400,OPTSTK,BFO,5.000000,100000000,False
1116187,KALYANKJIL26NOV625PE,KALYANKJIL,26NOV2026,62500.000000,1350,OPTSTK,BFO,5.000000,100000000,False
1116198,SENSEX26O1578900CE,SENSEX,15OCT2026,7890000.000000,20,OPTIDX,BFO,5.000000,1000,False
1116204,SENSEX26O1581300PE,SENSEX,15OCT2026,8130000.000000,20,OPTIDX,BFO,5.000000,1000,False
1101980,OBEROIRLTY26NOV1920CE,OBEROIRLTY,26NOV2026,192000.000000,350,OPTSTK,BFO,5.000000,28000,False
1101988,BANKEX26NOV63900CE,BANKEX,26NOV2026,6390000.000000,30,OPTIDX,BFO,5.000000,900,False
1101990,BANKINDIA26NOVFUT,BANKINDIA,26NOV2026,0.000000,5200,FUTSTK,BFO,5.000000,100000000,False
1101995,VBL26NOV390PE,VBL,26NOV2026,39000.000000,1275,OPTSTK,BFO,5.000000,100000000,False
1114599,PREMIERENE26NOV980CE,PREMIERENE,26NOV2026,98000.000000,650,OPTSTK,BFO,5.000000,100000000,False
1114610,UNOMINDA26NOV1280PE,UNOMINDA,26NOV2026,128000.000000,550,OPTSTK,BFO,5.000000,100000000,False
1114612,MANKIND26NOV2480CE,MANKIND,26NOV2026,248000.000000,250,OPTSTK,BFO,5.000000,100000000,False
1114613,MAHABANK26OCT78PE,MAHABANK,29OCT2026,7800.000000,6500,OPTSTK,BFO,5.000000,100000000,False
1116223,SENSEX26NOV74300PE,SENSEX,26NOV2026,7430000.000000,20,OPTIDX,BFO,5.000000,1000,False
1116230,INDHOTEL26NOV790CE,INDHOTEL,26NOV2026,79000.000000,1000,OPTSTK,BFO,5.000000,60000,False
1116244,ASHOKLEY26NOV180CE,ASHOKLEY,26NOV2026,18000.000000,5000,OPTSTK,BFO,5.000000,150000,False
1116259,BOSCHLTD26NOV46500PE,BOSCHLTD,26NOV2026,4650000.000000,25,OPTSTK,BFO,5.000000,1500,False
1102005,ICICIBANK26NOVFUT,ICICIBANK,26NOV2026,0.000000,700,FUTSTK,BFO,5.000000,28000,False
1102037,UNIONBANK26NOV180PE,UNIONBANK,26NOV2026,18000.000000,4425,OPTSTK,BFO,5.000000,100000000,False
1102048,YESBANK26NOV27PE,YESBANK,26NOV2026,2700.000000,31100,OPTSTK,BFO,5.000000,100000000,False
1102084,NMDC26NOV88PE,NMDC,26NOV2026,8800.000000,6750,OPTSTK,BFO,5.000000,225000,False
1116260,MPHASIS26NOV2600CE,MPHASIS,26NOV2026,260000.000000,275,OPTSTK,BFO,5.000000,11000,False
1116272,360ONE26NOV1140CE,,26NOV2026,114000.000000,500,OPTSTK,BFO,5.000000,100000000,False
1116275,NBCC26NOV72.5PE,NBCC,26NOV2026,7250.000000,6500,OPTSTK,BFO,5.000000,100000000,False
1116311,NYKAA26NOV355CE,NYKAA,26NOV2026,35500.000000,3125,OPTSTK,BFO,5.000000,100000000,False
1114620,ADANIPORTS26NOV1800PE,ADANIPORTS,26NOV2026,180000.000000,475,OPTSTK,BFO,5.000000,32000,False
1114647,ASTRAL26NOV1680CE,ASTRAL,26NOV2026,168000.000000,425,OPTSTK,BFO,5.000000,14680,False
1114675,SBILIFE26NOV1660PE,SBILIFE,26NOV2026,166000.000000,375,OPTSTK,BFO,5.000000,22500,False
1114690,ZYDUSLIFE26NOV1190PE,ZYDUSLIFE,26NOV2026,119000.000000,900,OPTSTK,BFO,5.000000,54000,False
1102092,KALYANKJIL26NOV610CE,KALYANKJIL,26NOV2026,61000.000000,1350,OPTSTK,BFO,5.000000,100000000,False
1102096,SENSEX5026NOV25350CE,SENSEX50,26NOV2026,2535000.000000,75,OPTIDX,BFO,5.000000,1800,False
1102105,FOCIT26NOV41400CE,FOCIT,26NOV2026,4140000.000000,45,OPTIDX,BFO,5.000000,1350,False
1102124,HINDZINC26NOV610CE,HINDZINC,26NOV2026,61000.000000,1225,OPTSTK,BFO,5.000000,100000000,False
1116312,HEROMOTOCO26NOV5800PE,HEROMOTOCO,26NOV2026,580000.000000,150,OPTSTK,BFO,5.000000,9000,False
1116316,RECLTD26NOV315CE,RECLTD,26NOV2026,31500.000000,1575,OPTSTK,BFO,5.000000,160000,False
1116326,PERSISTENT26NOV5600PE,PERSISTENT,26NOV2026,560000.000000,125,OPTSTK,BFO,5.000000,5250,False
1116337,TATASTEEL26NOV185PE,TATASTEEL,26NOV2026,18500.000000,2750,OPTSTK,BFO,5.000000,220000,False
1102135,BHARTIARTL26NOV1840PE,BHARTIARTL,26NOV2026,184000.000000,475,OPTSTK,BFO,5.000000,28500,False
1102182,MAXHEALTH26NOV1080CE,MAXHEALTH,26NOV2026,108000.000000,525,OPTSTK,BFO,5.000000,100000000,False
1102195,GAIL26NOV155CE,GAIL,26NOV2026,15500.000000,3550,OPTSTK,BFO,5.000000,274500,False
1102204,CROMPTON26NOV265CE,CROMPTON,26NOV2026,26500.000000,2150,OPTSTK,BFO,5.000000,90000,False
1114708,POWERINDIA26NOV34000PE,POWERINDIA,26NOV2026,3400000.000000,25,OPTSTK,BFO,5.000000,100000000,False
1114712,ANGELONE26NOV305PE,ANGELONE,26NOV2026,30500.000000,2500,OPTSTK,BFO,5.000000,100000000,False
1114726,SENSEX26O1575500PE,SENSEX,15OCT2026,7550000.000000,20,OPTIDX,BFO,5.000000,1000,False
1114727,ETERNAL26NOV360CE,ETERNAL,26NOV2026,36000.000000,2425,OPTSTK,BFO,5.000000,100000000,False
1116340,TORNTPHARM26NOV5050PE,TORNTPHARM,26NOV2026,505000.000000,125,OPTSTK,BFO,5.000000,15000,False
1116359,360ONE26NOV1060PE,,26NOV2026,106000.000000,500,OPTSTK,BFO,5.000000,100000000,False
1116361,DELHIVERY26NOV500CE,DELHIVERY,26NOV2026,50000.000000,2075,OPTSTK,BFO,5.000000,100000000,False
1116387,HDFCAMC26NOV2500PE,HDFCAMC,26NOV2026,250000.000000,300,OPTSTK,BFO,5.000000,12000,False
1116390,CAMS26NOV780PE,CAMS,26NOV2026,78000.000000,825,OPTSTK,BFO,5.000000,100000000,False
1116402,ZYDUSLIFE26NOV1230PE,ZYDUSLIFE,26NOV2026,123000.000000,900,OPTSTK,BFO,5.000000,54000,False
1116408,SUNPHARMA26NOV1760CE,SUNPHARMA,26NOV2026,176000.000000,350,OPTSTK,BFO,5.000000,28000,False
1116412,SENSEX5026NOV25050PE,SENSEX50,26NOV2026,2505000.000000,75,OPTIDX,BFO,5.000000,1800,False
1102216,SENSEX5026NOV25000PE,SENSEX50,26NOV2026,2500000.000000,75,OPTIDX,BFO,5.000000,1800,False
1102219,GMRAIRPORT26NOV99PE,GMRAIRPORT,26NOV2026,9900.000000,6975,OPTSTK,BFO,5.000000,675000,False
1102237,IRFC26NOV80CE,IRFC,26NOV2026,8000.000000,5425,OPTSTK,BFO,5.000000,100000000,False
1102240,SENSEX26NOV72600PE,SENSEX,26NOV2026,7260000.000000,20,OPTIDX,BFO,5.000000,1000,False
1114761,POLYCAB26NOV9600PE,POLYCAB,26NOV2026,960000.000000,125,OPTSTK,BFO,5.000000,9000,False
1114770,M&M26NOVFUT,M&M,26NOV2026,0.000000,200,FUTSTK,BFO,5.000000,21000,False
1114772,BAJAJFINSV26NOV1960PE,BAJAJFINSV,26NOV2026,196000.000000,300,OPTSTK,BFO,5.000000,20000,False
1114785,CHOLAFIN26NOV1940CE,CHOLAFIN,26NOV2026,194000.000000,625,OPTSTK,BFO,5.000000,25000,False
1116426,POWERGRID26NOV275PE,POWERGRID,26NOV2026,27500.000000,1900,OPTSTK,BFO,5.000000,108000,False
1116561,HDFCBANK26NOV640PE,HDFCBANK,26NOV2026,64000.000000,650,OPTSTK,BFO,5.000000,16500,False
1116877,JSWENERGY26NOV550PE,JSWENERGY,26NOV2026,55000.000000,1075,OPTSTK,BFO,5.000000,100000000,False
1116902,ANGELONE26NOV310CE,ANGELONE,26NOV2026,31000.000000,2500,OPTSTK,BFO,5.000000,100000000,False
1102278,HEROMOTOCO26NOV5500PE,HEROMOTOCO,26NOV2026,550000.000000,150,OPTSTK,BFO,5.000000,9000,False
1102293,COCHINSHIP26NOV1520CE,COCHINSHIP,26NOV2026,152000.000000,400,OPTSTK,BFO,5.000000,100000000,False
1102304,HAVELLS26NOV1360PE,HAVELLS,26NOV2026,136000.000000,500,OPTSTK,BFO,5.000000,20000,False
1102307,KOTAKBANK26NOV390CE,KOTAKBANK,26NOV2026,39000.000000,2000,OPTSTK,BFO,5.000000,12000,False
1114788,OBEROIRLTY26NOV1740PE,OBEROIRLTY,26NOV2026,174000.000000,350,OPTSTK,BFO,5.000000,28000,False
1114795,BANKINDIA26NOV152.5PE,BANKINDIA,26NOV2026,15250.000000,5200,OPTSTK,BFO,5.000000,100000000,False
1114815,MOTILALOFS26NOV1140PE,MOTILALOFS,26NOV2026,114000.000000,775,OPTSTK,BFO,5.000000,100000000,False
1114817,INDHOTEL26NOV710CE,INDHOTEL,26NOV2026,71000.000000,1000,OPTSTK,BFO,5.000000,60000,False
1116915,POWERINDIA26NOV32000CE,POWERINDIA,26NOV2026,3200000.000000,25,OPTSTK,BFO,5.000000,100000000,False
1116959,ADANIPOWER26NOV200CE,ADANIPOWER,26NOV2026,20000.000000,3550,OPTSTK,BFO,5.000000,100000000,False
1116963,KALYANKJIL26NOV595CE,KALYANKJIL,26NOV2026,59500.000000,1350,OPTSTK,BFO,5.000000,100000000,False
1116969,UNOMINDA26NOV1220CE,UNOMINDA,26NOV2026,122000.000000,550,OPTSTK,BFO,5.000000,100000000,False
1102314,ADANIPOWER26NOV190PE,ADANIPOWER,26NOV2026,19000.000000,3550,OPTSTK,BFO,5.000000,100000000,False
1102360,IDFCFIRSTB26OCT76CE,IDFCFIRSTB,29OCT2026,7600.000000,9275,OPTSTK,BFO,5.000000,450000,False
1102374,PETRONET26NOV290PE,PETRONET,26NOV2026,29000.000000,1900,OPTSTK,BFO,5.000000,120000,False
1102394,SENSEX26NOV80300PE,SENSEX,26NOV2026,8030000.000000,20,OPTIDX,BFO,5.000000,1000,False
1116971,DABUR26NOV365PE,DABUR,26NOV2026,36500.000000,1250,OPTSTK,BFO,5.000000,50000,False
1116975,TCS26NOV2260PE,TCS,26NOV2026,226000.000000,225,OPTSTK,BFO,5.000000,7000,False
1116977,VMM26NOV122.5PE,VMM,26NOV2026,12250.000000,4850,OPTSTK,BFO,5.000000,100000000,False
1116980,SENSEX26O1576900PE,SENSEX,15OCT2026,7690000.000000,20,OPTIDX,BFO,5.000000,1000,False
1114818,SRF26NOV2500PE,SRF,26NOV2026,250000.000000,200,OPTSTK,BFO,5.000000,11250,False
1114836,PETRONET26NOV260CE,PETRONET,26NOV2026,26000.000000,1900,OPTSTK,BFO,5.000000,120000,False
1114840,GODREJPROP26NOV2200CE,GODREJPROP,26NOV2026,220000.000000,325,OPTSTK,BFO,5.000000,19000,False
1114851,SENSEX26O1583200PE,SENSEX,15OCT2026,8320000.000000,20,OPTIDX,BFO,5.000000,1000,False
1116991,MARUTI26NOV12900PE,MARUTI,26NOV2026,1290000.000000,50,OPTSTK,BFO,5.000000,3000,False
1116992,ONGC26NOV225PE,ONGC,26NOV2026,22500.000000,2250,OPTSTK,BFO,5.000000,154000,False
1117004,POLYCAB26NOV8700PE,POLYCAB,26NOV2026,870000.000000,125,OPTSTK,BFO,5.000000,9000,False
1117023,VMM26NOV90PE,VMM,26NOV2026,9000.000000,4850,OPTSTK,BFO,5.000000,100000000,False
1102400,MANKIND26NOV2300PE,MANKIND,26NOV2026,230000.000000,250,OPTSTK,BFO,5.000000,100000000,False
1102427,CONCOR26NOV535CE,CONCOR,26NOV2026,53500.000000,1250,OPTSTK,BFO,5.000000,40000,False
1102447,SBILIFE26NOVFUT,SBILIFE,26NOV2026,0.000000,375,FUTSTK,BFO,5.000000,22500,False
1102480,INDUSTOWER26NOV375PE,INDUSTOWER,26NOV2026,37500.000000,1700,OPTSTK,BFO,5.000000,170000,False
1117035,NATIONALUM26NOV330CE,NATIONALUM,26NOV2026,33000.000000,1875,OPTSTK,BFO,5.000000,300000,False
1117056,BANKEX26NOV66500PE,BANKEX,26NOV2026,6650000.000000,30,OPTIDX,BFO,5.000000,900,False
1117069,CROMPTON26NOV205CE,CROMPTON,26NOV2026,20500.000000,2150,OPTSTK,BFO,5.000000,90000,False
1117074,RECLTD26NOV315PE,RECLTD,26NOV2026,31500.000000,1575,OPTSTK,BFO,5.000000,160000,False
1102489,KALYANKJIL26NOV610PE,KALYANKJIL,26NOV2026,61000.000000,1350,OPTSTK,BFO,5.000000,100000000,False
1102513,INDUSINDBK26NOV990PE,INDUSINDBK,26NOV2026,99000.000000,700,OPTSTK,BFO,5.000000,20000,False
1102547,LUPIN26NOV2160CE,LUPIN,26NOV2026,216000.000000,425,OPTSTK,BFO,5.000000,34000,False
1102554,FOCIT26NOV34700CE,FOCIT,26NOV2026,3470000.000000,45,OPTIDX,BFO,5.000000,1350,False
1114857,ADANIGREEN26NOV1400PE,ADANIGREEN,26NOV2026,140000.000000,600,OPTSTK,BFO,5.000000,100000000,False
1114893,MANAPPURAM26NOV335PE,MANAPPURAM,26NOV2026,33500.000000,3000,OPTSTK,BFO,5.000000,180000,False
1114909,BIOCON26NOV450CE,BIOCON,26NOV2026,45000.000000,2500,OPTSTK,BFO,5.000000,100000,False
1114912,OFSS26NOV12200CE,OFSS,26NOV2026,1220000.000000,100,OPTSTK,BFO,5.000000,8000,False
1102578,AMBUJACEM26NOV415CE,AMBUJACEM,26NOV2026,41500.000000,1200,OPTSTK,BFO,5.000000,54000,False
1102582,DABUR26NOV350CE,DABUR,26NOV2026,35000.000000,1250,OPTSTK,BFO,5.000000,50000,False
1102602,SENSEX26O1576600PE,SENSEX,15OCT2026,7660000.000000,20,OPTIDX,BFO,5.000000,1000,False
1102632,BEL26NOV420CE,BEL,26NOV2026,42000.000000,1425,OPTSTK,BFO,5.000000,228000,False
1114926,GODREJPROP26NOV2120PE,GODREJPROP,26NOV2026,212000.000000,325,OPTSTK,BFO,5.000000,19000,False
1114948,DELHIVERY26NOV460PE,DELHIVERY,26NOV2026,46000.000000,2075,OPTSTK,BFO,5.000000,100000000,False
1114949,CANBK26NOV142.5CE,CANBK,26NOV2026,14250.000000,6750,OPTSTK,BFO,5.000000,81000,False
1114965,HAVELLS26NOV1260PE,HAVELLS,26NOV2026,126000.000000,500,OPTSTK,BFO,5.000000,20000,False
1117094,COCHINSHIP26NOV1480CE,COCHINSHIP,26NOV2026,148000.000000,400,OPTSTK,BFO,5.000000,100000000,False
1117102,HINDZINC26NOV660PE,HINDZINC,26NOV2026,66000.000000,1225,OPTSTK,BFO,5.000000,100000000,False
1117104,SENSEX26NOV79900PE,SENSEX,26NOV2026,7990000.000000,20,OPTIDX,BFO,5.000000,1000,False
1117105,SHREECEM26NOV23250CE,SHREECEM,26NOV2026,2325000.000000,25,OPTSTK,BFO,5.000000,1000,False
1102638,BANKBARODA26NOV210PE,BANKBARODA,26NOV2026,21000.000000,2925,OPTSTK,BFO,5.000000,175500,False
1102659,MFSL26NOV1460PE,MFSL,26NOV2026,146000.000000,400,OPTSTK,BFO,5.000000,32000,False
1102661,IRFC26NOV89PE,IRFC,26NOV2026,8900.000000,5425,OPTSTK,BFO,5.000000,100000000,False
1102696,MARUTI26NOV13300CE,MARUTI,26NOV2026,1330000.000000,50,OPTSTK,BFO,5.000000,3000,False
1114988,FOCIT26NOV35300PE,FOCIT,26NOV2026,3530000.000000,45,OPTIDX,BFO,5.000000,1350,False
1114989,VBL26NOV430PE,VBL,26NOV2026,43000.000000,1275,OPTSTK,BFO,5.000000,100000000,False
1115008,SAGILITY26NOV42PE,SAGILITY,26NOV2026,4200.000000,12000,OPTSTK,BFO,5.000000,100000000,False
1115014,CROMPTON26NOV230PE,CROMPTON,26NOV2026,23000.000000,2150,OPTSTK,BFO,5.000000,90000,False
1117112,ABB26NOV7700CE,ABB,26NOV2026,770000.000000,125,OPTSTK,BFO,5.000000,7500,False
1117114,DELHIVERY26NOV500PE,DELHIVERY,26NOV2026,50000.000000,2075,OPTSTK,BFO,5.000000,100000000,False
1117122,TATACONSUM26NOV1030CE,TATACONSUM,26NOV2026,103000.000000,550,OPTSTK,BFO,5.000000,36000,False
1117124,COALINDIA26NOV400CE,COALINDIA,26NOV2026,40000.000000,1350,OPTSTK,BFO,5.000000,126000,False
1102707,TATASTEEL26NOV170PE,TATASTEEL,26NOV2026,17000.000000,2750,OPTSTK,BFO,5.000000,220000,False
1102739,ADANIPOWER26NOV195PE,ADANIPOWER,26NOV2026,19500.000000,3550,OPTSTK,BFO,5.000000,100000000,False
1102740,BANKEX26NOV57800CE,BANKEX,26NOV2026,5780000.000000,30,OPTIDX,BFO,5.000000,900,False
1102742,HDFCAMC26NOV2850PE,HDFCAMC,26NOV2026,285000.000000,300,OPTSTK,BFO,5.000000,12000,False
1115052,LTM26NOV4500PE,LTM,26NOV2026,450000.000000,150,OPTSTK,BFO,5.000000,4500,False
1115067,ASIANPAINT26NOV2540PE,ASIANPAINT,26NOV2026,254000.000000,250,OPTSTK,BFO,5.000000,8000,False
1115078,PERSISTENT26NOVFUT,PERSISTENT,26NOV2026,0.000000,125,FUTSTK,BFO,5.000000,5250,False
1115092,DIXON26NOV16500CE,DIXON,26NOV2026,1650000.000000,50,OPTSTK,BFO,5.000000,6000,False
1117125,BANKEX26NOV67200CE,BANKEX,26NOV2026,6720000.000000,30,OPTIDX,BFO,5.000000,900,False
1117140,ULTRACEMCO26NOV12400PE,ULTRACEMCO,26NOV2026,1240000.000000,50,OPTSTK,BFO,5.000000,3000,False
1117204,RELIANCE26NOV1220PE,RELIANCE,26NOV2026,122000.000000,500,OPTSTK,BFO,5.000000,10000,False
1117205,UPL26NOV600CE,UPL,26NOV2026,60000.000000,1355,OPTSTK,BFO,5.000000,39000,False
1102744,DLF26NOV640CE,DLF,26NOV2026,64000.000000,950,OPTSTK,BFO,5.000000,49500,False
1102754,INOXWIND26NOV72.5PE,INOXWIND,26NOV2026,7250.000000,6400,OPTSTK,BFO,5.000000,100000000,False
1102773,PIIND26NOV2500CE,PIIND,26NOV2026,250000.000000,175,OPTSTK,BFO,5.000000,7500,False
1102798,MAZDOCK26NOV2950PE,MAZDOCK,26NOV2026,295000.000000,225,OPTSTK,BFO,5.000000,100000000,False
1115096,SAGILITY26SEP38PE,SAGILITY,24SEP2026,3800.000000,12000,OPTSTK,BFO,5.000000,100000000,False
1115111,SIEMENS26NOV4400CE,SIEMENS,26NOV2026,440000.000000,175,OPTSTK,BFO,5.000000,8250,False
1115115,POLICYBZR26NOV1900CE,POLICYBZR,26NOV2026,190000.000000,350,OPTSTK,BFO,5.000000,100000000,False
1115152,FOCIT26NOV41600PE,FOCIT,26NOV2026,4160000.000000,45,OPTIDX,BFO,5.000000,1350,False
1117221,RECLTD26NOV350CE,RECLTD,26NOV2026,35000.000000,1575,OPTSTK,BFO,5.000000,160000,False
1117231,TVSMOTOR26NOV4300PE,TVSMOTOR,26NOV2026,430000.000000,175,OPTSTK,BFO,5.000000,21000,False
1117235,ICICIBANK26NOV1410PE,ICICIBANK,26NOV2026,141000.000000,700,OPTSTK,BFO,5.000000,28000,False
1117238,SENSEX26NOV80500CE,SENSEX,26NOV2026,8050000.000000,20,OPTIDX,BFO,5.000000,1000,False
1102816,MAHABANK26OCT89PE,MAHABANK,29OCT2026,8900.000000,6500,OPTSTK,BFO,5.000000,100000000,False
1102868,KOTAKBANK26NOV460PE,KOTAKBANK,26NOV2026,46000.000000,2000,OPTSTK,BFO,5.000000,12000,False
1102900,LICI26NOV400CE,LICI,26NOV2026,40000.000000,1400,OPTSTK,BFO,5.000000,100000000,False
1102939,IEX26NOV117.5CE,IEX,26NOV2026,11750.000000,4350,OPTSTK,BFO,5.000000,150000,False
1115165,SENSEX26O0869900CE,SENSEX,08OCT2026,6990000.000000,20,OPTIDX,BFO,5.000000,1000,False
1115174,SENSEX26O0870000PE,SENSEX,08OCT2026,7000000.000000,20,OPTIDX,BFO,5.000000,1000,False
1115178,HEROMOTOCO26NOV6000PE,HEROMOTOCO,26NOV2026,600000.000000,150,OPTSTK,BFO,5.000000,9000,False
1115188,BHARTIARTL26NOVFUT,BHARTIARTL,26NOV2026,0.000000,475,FUTSTK,BFO,5.000000,28500,False
1117241,INFY26OCT960PE,INFY,29OCT2026,96000.000000,400,OPTSTK,BFO,5.000000,16000,False
1117244,UNITDSPR26NOV1580CE,UNITDSPR,26NOV2026,158000.000000,400,OPTSTK,BFO,5.000000,28000,False
1117259,CHOLAFIN26NOV1800CE,CHOLAFIN,26NOV2026,180000.000000,625,OPTSTK,BFO,5.000000,25000,False
1117263,AMBER26NOV7800PE,AMBER,26NOV2026,780000.000000,100,OPTSTK,BFO,5.000000,100000000,False
1117266,KOTAKBANK26NOV400CE,KOTAKBANK,26NOV2026,40000.000000,2000,OPTSTK,BFO,5.000000,12000,False
1117281,MAZDOCK26NOV2250CE,MAZDOCK,26NOV2026,225000.000000,225,OPTSTK,BFO,5.000000,100000000,False
1117305,360ONE26NOV1280PE,,26NOV2026,128000.000000,500,OPTSTK,BFO,5.000000,100000000,False
1117316,SENSEX26O1578200CE,SENSEX,15OCT2026,7820000.000000,20,OPTIDX,BFO,5.000000,1000,False
1102943,360ONE26NOV1140PE,,26NOV2026,114000.000000,500,OPTSTK,BFO,5.000000,100000000,False
1102956,POWERINDIA26NOV32000PE,POWERINDIA,26NOV2026,3200000.000000,25,OPTSTK,BFO,5.000000,100000000,False
1102960,FOCIT26NOV30400PE,FOCIT,26NOV2026,3040000.000000,45,OPTIDX,BFO,5.000000,1350,False
1103032,TRENT26NOV3100CE,TRENT,26NOV2026,310000.000000,225,OPTSTK,BFO,5.000000,16000,False
1115201,LTM26NOV4250PE,LTM,26NOV2026,425000.000000,150,OPTSTK,BFO,5.000000,4500,False
1115222,BANKEX26NOV66100PE,BANKEX,26NOV2026,6610000.000000,30,OPTIDX,BFO,5.000000,900,False
1115233,ABCAPITAL26NOV405PE,ABCAPITAL,26NOV2026,40500.000000,3100,OPTSTK,BFO,5.000000,162000,False
1115236,BLUESTARCO26NOV1480CE,BLUESTARCO,26NOV2026,148000.000000,325,OPTSTK,BFO,5.000000,100000000,False
1117334,SAGILITY26SEP43CE,SAGILITY,24SEP2026,4300.000000,12000,OPTSTK,BFO,5.000000,100000000,False
1117346,TORNTPHARM26NOV4800CE,TORNTPHARM,26NOV2026,480000.000000,125,OPTSTK,BFO,5.000000,15000,False
1117355,INOXWIND26NOV90PE,INOXWIND,26NOV2026,9000.000000,6400,OPTSTK,BFO,5.000000,100000000,False
1117360,SONACOMS26NOV840PE,SONACOMS,26NOV2026,84000.000000,1225,OPTSTK,BFO,5.000000,100000000,False
1103091,CIPLA26NOV1460PE,CIPLA,26NOV2026,146000.000000,425,OPTSTK,BFO,5.000000,26000,False
1103045,PAGEIND26NOV36000PE,PAGEIND,26NOV2026,3600000.000000,20,OPTSTK,BFO,5.000000,600,False
1103076,HDFCBANK26OCT640PE,HDFCBANK,29OCT2026,64000.000000,650,OPTSTK,BFO,5.000000,16500,False
1103080,DABUR26NOV420PE,DABUR,26NOV2026,42000.000000,1250,OPTSTK,BFO,5.000000,50000,False
1115246,SONACOMS26NOVFUT,SONACOMS,26NOV2026,0.000000,1225,FUTSTK,BFO,5.000000,100000000,False
1115248,HINDALCO26NOV1040CE,HINDALCO,26NOV2026,104000.000000,700,OPTSTK,BFO,5.000000,56000,False
1115256,DELHIVERY26NOV465PE,DELHIVERY,26NOV2026,46500.000000,2075,OPTSTK,BFO,5.000000,100000000,False
1115276,BANKEX26NOV57700CE,BANKEX,26NOV2026,5770000.000000,30,OPTIDX,BFO,5.000000,900,False
1117383,SENSEX26O1574500CE,SENSEX,15OCT2026,7450000.000000,20,OPTIDX,BFO,5.000000,1000,False
1117386,APLAPOLLO26NOV2260PE,APLAPOLLO,26NOV2026,226000.000000,350,OPTSTK,BFO,5.000000,100000000,False
1117411,MANAPPURAM26NOV345CE,MANAPPURAM,26NOV2026,34500.000000,3000,OPTSTK,BFO,5.000000,180000,False
1117421,DRREDDY26NOV1160PE,DRREDDY,26NOV2026,116000.000000,625,OPTSTK,BFO,5.000000,5000,False
1103117,AMBUJACEM26NOV450CE,AMBUJACEM,26NOV2026,45000.000000,1200,OPTSTK,BFO,5.000000,54000,False
1103128,INOXWIND26NOV77.5PE,INOXWIND,26NOV2026,7750.000000,6400,OPTSTK,BFO,5.000000,100000000,False
1103143,JSWSTEEL26NOV1300PE,JSWSTEEL,26NOV2026,130000.000000,675,OPTSTK,BFO,5.000000,40500,False
1103149,GVT&D26NOVFUT,GVT&D,26NOV2026,0.000000,125,FUTSTK,BFO,5.000000,100000000,False
1115320,SENSEX26NOV72400CE,SENSEX,26NOV2026,7240000.000000,20,OPTIDX,BFO,5.000000,1000,False
1115324,CANBK26NOV115CE,CANBK,26NOV2026,11500.000000,6750,OPTSTK,BFO,5.000000,81000,False
1115359,SHREECEM26NOV26000CE,SHREECEM,26NOV2026,2600000.000000,25,OPTSTK,BFO,5.000000,1000,False
1115371,JSWENERGY26NOV600CE,JSWENERGY,26NOV2026,60000.000000,1075,OPTSTK,BFO,5.000000,100000000,False
1117422,SENSEX26O1583800PE,SENSEX,15OCT2026,8380000.000000,20,OPTIDX,BFO,5.000000,1000,False
1117433,SENSEX26NOV76800PE,SENSEX,26NOV2026,7680000.000000,20,OPTIDX,BFO,5.000000,1000,False
1117444,ATHERENERG26SEP1600CE,ATHERENERG,24SEP2026,160000.000000,375,OPTSTK,BFO,5.000000,100000000,False
1117464,CDSL26OCT1060PE,CDSL,27OCT2026,106000.000000,475,OPTSTK,BFO,5.000000,14001,False
1103158,TECHM26NOV1680PE,TECHM,26NOV2026,168000.000000,600,OPTSTK,BFO,5.000000,24000,False
1103184,YESBANK26NOV29CE,YESBANK,26NOV2026,2900.000000,31100,OPTSTK,BFO,5.000000,100000000,False
1103190,SENSEX26NOV79500CE,SENSEX,26NOV2026,7950000.000000,20,OPTIDX,BFO,5.000000,1000,False
1103191,SUZLON26NOV40CE,SUZLON,26NOV2026,4000.000000,12700,OPTSTK,BFO,5.000000,100000000,False
1118146,APLAPOLLO26NOV2340PE,APLAPOLLO,26NOV2026,234000.000000,350,OPTSTK,BFO,5.000000,100000000,False
1118157,BANKEX26NOV72000PE,BANKEX,26NOV2026,7200000.000000,30,OPTIDX,BFO,5.000000,900,False
1103211,PAYTM26NOV1560CE,PAYTM,26NOV2026,156000.000000,725,OPTSTK,BFO,5.000000,100000000,False
1103216,SONACOMS26NOV760CE,SONACOMS,26NOV2026,76000.000000,1225,OPTSTK,BFO,5.000000,100000000,False
1103220,ZYDUSLIFE26NOV1210CE,ZYDUSLIFE,26NOV2026,121000.000000,900,OPTSTK,BFO,5.000000,54000,False
1103223,DLF26NOV710PE,DLF,26NOV2026,71000.000000,950,OPTSTK,BFO,5.000000,49500,False
1115395,GLENMARK26NOV2500CE,GLENMARK,26NOV2026,250000.000000,375,OPTSTK,BFO,5.000000,43500,False
1115405,POWERGRID26NOV262.5PE,POWERGRID,26NOV2026,26250.000000,1900,OPTSTK,BFO,5.000000,108000,False
1115406,SENSEX26NOV80100CE,SENSEX,26NOV2026,8010000.000000,20,OPTIDX,BFO,5.000000,1000,False
1115415,SENSEX26NOV82400CE,SENSEX,26NOV2026,8240000.000000,20,OPTIDX,BFO,5.000000,1000,False
1118161,SAGILITY26OCT53CE,SAGILITY,29OCT2026,5300.000000,12000,OPTSTK,BFO,5.000000,100000000,False
1118164,FOCIT26NOV44000CE,FOCIT,26NOV2026,4400000.000000,45,OPTIDX,BFO,5.000000,1350,False
1118166,KAYNES26NOV3600CE,KAYNES,26NOV2026,360000.000000,150,OPTSTK,BFO,5.000000,100000000,False
1118174,PNB26NOV120PE,PNB,26NOV2026,12000.000000,8000,OPTSTK,BFO,5.000000,480000,False
1103233,BANKEX26NOV61200PE,BANKEX,26NOV2026,6120000.000000,30,OPTIDX,BFO,5.000000,900,False
1103319,TATAELXSI26NOV3300CE,TATAELXSI,26NOV2026,330000.000000,125,OPTSTK,BFO,5.000000,100000000,False
1103322,HDFCAMC26NOV2400PE,HDFCAMC,26NOV2026,240000.000000,300,OPTSTK,BFO,5.000000,12000,False
1103337,FORCEMOT26NOV16500CE,FORCEMOT,26NOV2026,1650000.000000,25,OPTSTK,BFO,5.000000,100000000,False
1115423,PNB26NOVFUT,PNB,26NOV2026,0.000000,8000,FUTSTK,BFO,5.000000,480000,False
1115431,IREDA26NOV100CE,IREDA,26NOV2026,10000.000000,4525,OPTSTK,BFO,5.000000,100000000,False
1115433,FOCIT26NOV33800CE,FOCIT,26NOV2026,3380000.000000,45,OPTIDX,BFO,5.000000,1350,False
1115440,GAIL26NOV160CE,GAIL,26NOV2026,16000.000000,3550,OPTSTK,BFO,5.000000,274500,False
1118177,AUROPHARMA26NOV1800PE,AUROPHARMA,26NOV2026,180000.000000,550,OPTSTK,BFO,5.000000,44000,False
1118184,ATHERENERG26OCT1700PE,ATHERENERG,29OCT2026,170000.000000,375,OPTSTK,BFO,5.000000,100000000,False
1118196,PERSISTENT26SEP6600CE,PERSISTENT,24SEP2026,660000.000000,125,OPTSTK,BFO,5.000000,5250,False
1118207,FOCIT26NOV44300PE,FOCIT,26NOV2026,4430000.000000,45,OPTIDX,BFO,5.000000,1350,False
1103344,TCS26NOV2400CE,TCS,26NOV2026,240000.000000,225,OPTSTK,BFO,5.000000,7000,False
1103355,NBCC26NOV90CE,NBCC,26NOV2026,9000.000000,6500,OPTSTK,BFO,5.000000,100000000,False
1103367,COCHINSHIP26NOV1480PE,COCHINSHIP,26NOV2026,148000.000000,400,OPTSTK,BFO,5.000000,100000000,False
1103371,FOCIT26NOV41000PE,FOCIT,26NOV2026,4100000.000000,45,OPTIDX,BFO,5.000000,1350,False
1118208,LTM26NOV5050CE,LTM,26NOV2026,505000.000000,150,OPTSTK,BFO,5.000000,4500,False
1118218,MFSL26NOV1420PE,MFSL,26NOV2026,142000.000000,400,OPTSTK,BFO,5.000000,32000,False
1118249,ATHERENERG26OCT1720PE,ATHERENERG,29OCT2026,172000.000000,375,OPTSTK,BFO,5.000000,100000000,False
1118258,IDFCFIRSTB26NOV89PE,IDFCFIRSTB,26NOV2026,8900.000000,9275,OPTSTK,BFO,5.000000,450000,False
1115445,SENSEX5026NOV24750PE,SENSEX50,26NOV2026,2475000.000000,75,OPTIDX,BFO,5.000000,1800,False
1115476,HDFCLIFE26NOV540CE,HDFCLIFE,26NOV2026,54000.000000,1100,OPTSTK,BFO,5.000000,44000,False
1115540,SENSEX26O1574100CE,SENSEX,15OCT2026,7410000.000000,20,OPTIDX,BFO,5.000000,1000,False
1115542,JIOFIN26NOV237.5PE,JIOFIN,26NOV2026,23750.000000,2350,OPTSTK,BFO,5.000000,100000000,False
1103384,MAXHEALTH26NOV1010CE,MAXHEALTH,26NOV2026,101000.000000,525,OPTSTK,BFO,5.000000,100000000,False
1103413,ATHERENERG26NOV1560PE,ATHERENERG,26NOV2026,156000.000000,375,OPTSTK,BFO,5.000000,100000000,False
1103440,ZYDUSLIFE26NOV1120CE,ZYDUSLIFE,26NOV2026,112000.000000,900,OPTSTK,BFO,5.000000,54000,False
1103442,SENSEX26NOV83500CE,SENSEX,26NOV2026,8350000.000000,20,OPTIDX,BFO,5.000000,1000,False
1118282,SAGILITY26SEP52PE,SAGILITY,24SEP2026,5200.000000,12000,OPTSTK,BFO,5.000000,100000000,False
1118299,POLYCAB26NOV9800PE,POLYCAB,26NOV2026,980000.000000,125,OPTSTK,BFO,5.000000,9000,False
1118316,BANKEX26NOV71400PE,BANKEX,26NOV2026,7140000.000000,30,OPTIDX,BFO,5.000000,900,False
1118320,BIOCON26NOV375CE,BIOCON,26NOV2026,37500.000000,2500,OPTSTK,BFO,5.000000,100000,False
1103448,RADICO26NOV4350CE,RADICO,26NOV2026,435000.000000,150,OPTSTK,BFO,5.000000,100000000,False
1103466,UNITDSPR26NOV1660CE,UNITDSPR,26NOV2026,166000.000000,400,OPTSTK,BFO,5.000000,28000,False
1103482,BDL26NOV1320CE,BDL,26NOV2026,132000.000000,425,OPTSTK,BFO,5.000000,100000000,False
1103504,JINDALSTEL26NOV1100PE,JINDALSTEL,26NOV2026,110000.000000,625,OPTSTK,BFO,5.000000,37500,False
1115562,JUBLFOOD26NOV540CE,JUBLFOOD,26NOV2026,54000.000000,1250,OPTSTK,BFO,5.000000,50000,False
1115603,NESTLEIND26NOV1500PE,NESTLEIND,26NOV2026,150000.000000,500,OPTSTK,BFO,5.000000,1200,False
1115612,BANKEX26NOV68300CE,BANKEX,26NOV2026,6830000.000000,30,OPTIDX,BFO,5.000000,900,False
1115617,SAGILITY26NOV48CE,SAGILITY,26NOV2026,4800.000000,12000,OPTSTK,BFO,5.000000,100000000,False
1118326,NAUKRI26NOV1480PE,NAUKRI,26NOV2026,148000.000000,550,OPTSTK,BFO,5.000000,6000,False
1118341,CGPOWER26NOV740CE,CGPOWER,26NOV2026,74000.000000,850,OPTSTK,BFO,5.000000,100000000,False
1118342,TMPV26NOV355PE,TMPV,26NOV2026,35500.000000,1600,OPTSTK,BFO,5.000000,42750,False
1118367,MPHASIS26NOV2800PE,MPHASIS,26NOV2026,280000.000000,275,OPTSTK,BFO,5.000000,11000,False
1103518,SENSEX26O1576800PE,SENSEX,15OCT2026,7680000.000000,20,OPTIDX,BFO,5.000000,1000,False
1103524,ICICIGI26NOV1680PE,ICICIGI,26NOV2026,168000.000000,325,OPTSTK,BFO,5.000000,20000,False
1103533,GVT&D26NOV5000PE,GVT&D,26NOV2026,500000.000000,125,OPTSTK,BFO,5.000000,100000000,False
1103545,CONCOR26NOV480PE,CONCOR,26NOV2026,48000.000000,1250,OPTSTK,BFO,5.000000,40000,False
1115619,BANKINDIA26NOV160PE,BANKINDIA,26NOV2026,16000.000000,5200,OPTSTK,BFO,5.000000,100000000,False
1115622,CAMS26NOV670PE,CAMS,26NOV2026,67000.000000,825,OPTSTK,BFO,5.000000,100000000,False
1115625,NMDC26NOV81PE,NMDC,26NOV2026,8100.000000,6750,OPTSTK,BFO,5.000000,225000,False
1115627,UNIONBANK26NOV190PE,UNIONBANK,26NOV2026,19000.000000,4425,OPTSTK,BFO,5.000000,100000000,False
1118396,GLENMARK26OCT2620CE,GLENMARK,29OCT2026,262000.000000,375,OPTSTK,BFO,5.000000,43500,False
1118401,JUBLFOOD26NOV465CE,JUBLFOOD,26NOV2026,46500.000000,1250,OPTSTK,BFO,5.000000,50000,False
1118429,VOLTAS26NOV1060CE,VOLTAS,26NOV2026,106000.000000,375,OPTSTK,BFO,5.000000,30000,False
1118432,HINDZINC26NOV690CE,HINDZINC,26NOV2026,69000.000000,1225,OPTSTK,BFO,5.000000,100000000,False
1103547,BAJAJ-AUTO26NOV12100PE,BAJAJ-AUTO,26NOV2026,1210000.000000,75,OPTSTK,BFO,5.000000,5000,False
1103582,DRREDDY26NOV1160CE,DRREDDY,26NOV2026,116000.000000,625,OPTSTK,BFO,5.000000,5000,False
1103592,INFY26NOV1040CE,INFY,26NOV2026,104000.000000,400,OPTSTK,BFO,5.000000,16000,False
1103618,MOTHERSON26NOV147.5PE,MOTHERSON,26NOV2026,14750.000000,6150,OPTSTK,BFO,5.000000,284000,False
1115634,FOCIT26NOV39200PE,FOCIT,26NOV2026,3920000.000000,45,OPTIDX,BFO,5.000000,1350,False
1115635,MANAPPURAM26NOV375PE,MANAPPURAM,26NOV2026,37500.000000,3000,OPTSTK,BFO,5.000000,180000,False
1115663,ABCAPITAL26NOV440PE,ABCAPITAL,26NOV2026,44000.000000,3100,OPTSTK,BFO,5.000000,162000,False
1115687,CUMMINSIND26NOV5200CE,CUMMINSIND,26NOV2026,520000.000000,200,OPTSTK,BFO,5.000000,18000,False
1118445,COFORGE26NOV2100CE,COFORGE,26NOV2026,210000.000000,475,OPTSTK,BFO,5.000000,6000,False
1118447,POWERGRID26NOV285CE,POWERGRID,26NOV2026,28500.000000,1900,OPTSTK,BFO,5.000000,108000,False
1118451,SENSEX26NOV84200PE,SENSEX,26NOV2026,8420000.000000,20,OPTIDX,BFO,5.000000,1000,False
1118455,COFORGE26OCT2100CE,COFORGE,29OCT2026,210000.000000,475,OPTSTK,BFO,5.000000,6000,False
1115697,KPITTECH26NOV540PE,KPITTECH,26NOV2026,54000.000000,775,OPTSTK,BFO,5.000000,100000000,False
1115713,JINDALSTEL26NOV1260CE,JINDALSTEL,26NOV2026,126000.000000,625,OPTSTK,BFO,5.000000,37500,False
1115731,SENSEX26NOV80400PE,SENSEX,26NOV2026,8040000.000000,20,OPTIDX,BFO,5.000000,1000,False
1115749,BIOCON26NOV435PE,BIOCON,26NOV2026,43500.000000,2500,OPTSTK,BFO,5.000000,100000,False
1118465,HAVELLS26OCT1080CE,HAVELLS,29OCT2026,108000.000000,500,OPTSTK,BFO,5.000000,20000,False
1118514,VBL26NOV340CE,VBL,26NOV2026,34000.000000,1275,OPTSTK,BFO,5.000000,100000000,False
1118532,FEDERALBNK26NOV380CE,FEDERALBNK,26NOV2026,38000.000000,2500,OPTSTK,BFO,5.000000,200000,False
1118551,LTM26NOV4950PE,LTM,26NOV2026,495000.000000,150,OPTSTK,BFO,5.000000,4500,False
1103621,SENSEX26O1579800CE,SENSEX,15OCT2026,7980000.000000,20,OPTIDX,BFO,5.000000,1000,False
1103647,MARUTI26NOV13500CE,MARUTI,26NOV2026,1350000.000000,50,OPTSTK,BFO,5.000000,3000,False
1103692,FORTIS26NOV930PE,FORTIS,26NOV2026,93000.000000,775,OPTSTK,BFO,5.000000,100000000,False
1103721,ALKEM26NOV5050CE,ALKEM,26NOV2026,505000.000000,125,OPTSTK,BFO,5.000000,8000,False
1118568,ATHERENERG26NOV1640CE,ATHERENERG,26NOV2026,164000.000000,375,OPTSTK,BFO,5.000000,100000000,False
1118595,BLUESTARCO26NOV1340PE,BLUESTARCO,26NOV2026,134000.000000,325,OPTSTK,BFO,5.000000,100000000,False
1118605,SENSEX26NOV84100PE,SENSEX,26NOV2026,8410000.000000,20,OPTIDX,BFO,5.000000,1000,False
1118638,RECLTD26OCT280CE,RECLTD,29OCT2026,28000.000000,1575,OPTSTK,BFO,5.000000,160000,False
1103724,HAVELLS26NOV1200PE,HAVELLS,26NOV2026,120000.000000,500,OPTSTK,BFO,5.000000,20000,False
1103735,TORNTPHARM26NOV4800PE,TORNTPHARM,26NOV2026,480000.000000,125,OPTSTK,BFO,5.000000,15000,False
1103751,SAGILITY26NOVFUT,SAGILITY,26NOV2026,0.000000,12000,FUTSTK,BFO,5.000000,100000000,False
1103771,HINDALCO26NOV1000CE,HINDALCO,26NOV2026,100000.000000,700,OPTSTK,BFO,5.000000,56000,False
1115778,KOTAKBANK26NOV435PE,KOTAKBANK,26NOV2026,43500.000000,2000,OPTSTK,BFO,5.000000,12000,False
1115779,CHOLAFIN26NOV1960CE,CHOLAFIN,26NOV2026,196000.000000,625,OPTSTK,BFO,5.000000,25000,False
1115798,ASTRAL26NOV1440PE,ASTRAL,26NOV2026,144000.000000,425,OPTSTK,BFO,5.000000,14680,False
1115804,TATASTEEL26NOV180CE,TATASTEEL,26NOV2026,18000.000000,2750,OPTSTK,BFO,5.000000,220000,False
1118678,NHPC26NOV69CE,NHPC,26NOV2026,6900.000000,6950,OPTSTK,BFO,5.000000,100000000,False
1118699,SHRIRAMFIN26NOV940CE,SHRIRAMFIN,26NOV2026,94000.000000,825,OPTSTK,BFO,5.000000,18000,False
1118765,PFC26NOV315PE,PFC,26NOV2026,31500.000000,1300,OPTSTK,BFO,5.000000,124000,False
1118769,PNB26NOV122PE,PNB,26NOV2026,12200.000000,8000,OPTSTK,BFO,5.000000,480000,False
1103773,VMM26NOV117.5PE,VMM,26NOV2026,11750.000000,4850,OPTSTK,BFO,5.000000,100000000,False
1103784,IDFCFIRSTB26NOV85CE,IDFCFIRSTB,26NOV2026,8500.000000,9275,OPTSTK,BFO,5.000000,450000,False
1103789,SENSEX26NOV71500PE,SENSEX,26NOV2026,7150000.000000,20,OPTIDX,BFO,5.000000,1000,False
1103792,INDIANB26NOV810CE,INDIANB,26NOV2026,81000.000000,1000,OPTSTK,BFO,5.000000,100000000,False
1118808,HINDPETRO26NOV290CE,HINDPETRO,26NOV2026,29000.000000,2025,OPTSTK,BFO,5.000000,108000,False
1115812,FORTIS26NOV900CE,FORTIS,26NOV2026,90000.000000,775,OPTSTK,BFO,5.000000,100000000,False
1115823,SENSEX26O1571000CE,SENSEX,15OCT2026,7100000.000000,20,OPTIDX,BFO,5.000000,1000,False
1115831,NAM-INDIA26NOV1060PE,NAM-INDIA,26NOV2026,106000.000000,625,OPTSTK,BFO,5.000000,100000000,False
1115834,ABCAPITAL26NOV375PE,ABCAPITAL,26NOV2026,37500.000000,3100,OPTSTK,BFO,5.000000,162000,False
1118774,OIL26OCT520CE,OIL,29OCT2026,52000.000000,1400,OPTSTK,BFO,5.000000,100000000,False
1118801,NESTLEIND26NOV1530CE,NESTLEIND,26NOV2026,153000.000000,500,OPTSTK,BFO,5.000000,1200,False
1118805,SAGILITY26NOV51PE,SAGILITY,26NOV2026,5100.000000,12000,OPTSTK,BFO,5.000000,100000000,False
1103849,TITAN26NOV5300CE,TITAN,26NOV2026,530000.000000,175,OPTSTK,BFO,5.000000,11250,False
1103889,RVNL26NOV205PE,RVNL,26NOV2026,20500.000000,1925,OPTSTK,BFO,5.000000,100000000,False
1103896,SONACOMS26NOV830PE,SONACOMS,26NOV2026,83000.000000,1225,OPTSTK,BFO,5.000000,100000000,False
1103901,SUPREMEIND26NOV3450PE,SUPREMEIND,26NOV2026,345000.000000,175,OPTSTK,BFO,5.000000,100000000,False
1118839,LTM26NOV5050PE,LTM,26NOV2026,505000.000000,150,OPTSTK,BFO,5.000000,4500,False
1118848,RBLBANK26NOV345CE,RBLBANK,26NOV2026,34500.000000,3175,OPTSTK,BFO,5.000000,150000,False
1118967,INDUSINDBK26NOV1050PE,INDUSINDBK,26NOV2026,105000.000000,700,OPTSTK,BFO,5.000000,20000,False
1118990,PAYTM26NOV1500PE,PAYTM,26NOV2026,150000.000000,725,OPTSTK,BFO,5.000000,100000000,False
1115838,TCS26NOV2220PE,TCS,26NOV2026,222000.000000,225,OPTSTK,BFO,5.000000,7000,False
1115852,HAVELLS26NOV1360CE,HAVELLS,26NOV2026,136000.000000,500,OPTSTK,BFO,5.000000,20000,False
1115861,CONCOR26NOV540PE,CONCOR,26NOV2026,54000.000000,1250,OPTSTK,BFO,5.000000,40000,False
1115865,HYUNDAI26NOV2240CE,HYUNDAI,26NOV2026,224000.000000,275,OPTSTK,BFO,5.000000,100000000,False
1103973,OIL26NOV435CE,OIL,26NOV2026,43500.000000,1400,OPTSTK,BFO,5.000000,100000000,False
1103986,ATHERENERG26SEP1440PE,ATHERENERG,24SEP2026,144000.000000,375,OPTSTK,BFO,5.000000,100000000,False
1103990,PAYTM26NOV1780CE,PAYTM,26NOV2026,178000.000000,725,OPTSTK,BFO,5.000000,100000000,False
1103997,KALYANKJIL26NOV655PE,KALYANKJIL,26NOV2026,65500.000000,1350,OPTSTK,BFO,5.000000,100000000,False
1119054,CONCOR26NOV545CE,CONCOR,26NOV2026,54500.000000,1250,OPTSTK,BFO,5.000000,40000,False
1119065,SENSEX5026NOV26300PE,SENSEX50,26NOV2026,2630000.000000,75,OPTIDX,BFO,5.000000,1800,False
1119125,NHPC26SEP68CE,NHPC,24SEP2026,6800.000000,6950,OPTSTK,BFO,5.000000,100000000,False
1119131,ATHERENERG26SEP1740CE,ATHERENERG,24SEP2026,174000.000000,375,OPTSTK,BFO,5.000000,100000000,False
1104071,VOLTAS26NOV1320PE,VOLTAS,26NOV2026,132000.000000,375,OPTSTK,BFO,5.000000,30000,False
1104222,TATAPOWER26NOV370PE,TATAPOWER,26NOV2026,37000.000000,1450,OPTSTK,BFO,5.000000,101250,False
1115869,MAHABANK26OCT90CE,MAHABANK,29OCT2026,9000.000000,6500,OPTSTK,BFO,5.000000,100000000,False
1115876,BAJFINANCE26NOV1040PE,BAJFINANCE,26NOV2026,104000.000000,750,OPTSTK,BFO,5.000000,3750,False
1115881,BANKEX26NOV59300CE,BANKEX,26NOV2026,5930000.000000,30,OPTIDX,BFO,5.000000,900,False
1119163,FORTIS26NOV1000PE,FORTIS,26NOV2026,100000.000000,775,OPTSTK,BFO,5.000000,100000000,False
1119200,INDUSINDBK26NOV1060CE,INDUSINDBK,26NOV2026,106000.000000,700,OPTSTK,BFO,5.000000,20000,False
1119226,PNBHOUSING26NOV1020CE,PNBHOUSING,26NOV2026,102000.000000,650,OPTSTK,BFO,5.000000,100000000,False
1119241,APLAPOLLO26SEP2400CE,APLAPOLLO,24SEP2026,240000.000000,350,OPTSTK,BFO,5.000000,100000000,False
1104148,KAYNES26NOV3950CE,KAYNES,26NOV2026,395000.000000,150,OPTSTK,BFO,5.000000,100000000,False
1104171,AXISBANK26NOV1300PE,AXISBANK,26NOV2026,130000.000000,625,OPTSTK,BFO,5.000000,25000,False
1115879,SHRIRAMFIN26NOVFUT,SHRIRAMFIN,26NOV2026,0.000000,825,FUTSTK,BFO,5.000000,18000,False
1104228,COFORGE26NOV1800PE,COFORGE,26NOV2026,180000.000000,475,OPTSTK,BFO,5.000000,6000,False
1104245,SENSEX26O1572100CE,SENSEX,15OCT2026,7210000.000000,20,OPTIDX,BFO,5.000000,1000,False
1104260,BANKEX26NOV59700PE,BANKEX,26NOV2026,5970000.000000,30,OPTIDX,BFO,5.000000,900,False
1104305,SONACOMS26NOV890CE,SONACOMS,26NOV2026,89000.000000,1225,OPTSTK,BFO,5.000000,100000000,False
1119247,COFORGE26SEP2120CE,COFORGE,24SEP2026,212000.000000,475,OPTSTK,BFO,5.000000,6000,False
1119258,WIPRO26NOV197.5CE,WIPRO,26NOV2026,19750.000000,3000,OPTSTK,BFO,5.000000,60000,False
1119262,COFORGE26NOV2100PE,COFORGE,26NOV2026,210000.000000,475,OPTSTK,BFO,5.000000,6000,False
1119279,ATHERENERG26OCT1740CE,ATHERENERG,29OCT2026,174000.000000,375,OPTSTK,BFO,5.000000,100000000,False
1115886,POWERGRID26NOV270CE,POWERGRID,26NOV2026,27000.000000,1900,OPTSTK,BFO,5.000000,108000,False
1115892,SENSEX5026NOV24300PE,SENSEX50,26NOV2026,2430000.000000,75,OPTIDX,BFO,5.000000,1800,False
1115908,BANKEX26NOV68600PE,BANKEX,26NOV2026,6860000.000000,30,OPTIDX,BFO,5.000000,900,False
1115922,HYUNDAI26NOV2320PE,HYUNDAI,26NOV2026,232000.000000,275,OPTSTK,BFO,5.000000,100000000,False
1119285,HAVELLS26NOV1080CE,HAVELLS,26NOV2026,108000.000000,500,OPTSTK,BFO,5.000000,20000,False
1119340,SHREECEM26NOV22250PE,SHREECEM,26NOV2026,2225000.000000,25,OPTSTK,BFO,5.000000,1000,False
1119350,ATHERENERG26NOV1760CE,ATHERENERG,26NOV2026,176000.000000,375,OPTSTK,BFO,5.000000,100000000,False
1119423,SHREECEM26NOV22250CE,SHREECEM,26NOV2026,2225000.000000,25,OPTSTK,BFO,5.000000,1000,False
1104310,FOCIT26NOV42900PE,FOCIT,26NOV2026,4290000.000000,45,OPTIDX,BFO,5.000000,1350,False
1104350,HEROMOTOCO26NOV5000PE,HEROMOTOCO,26NOV2026,500000.000000,150,OPTSTK,BFO,5.000000,9000,False
1104414,NAUKRI26NOV1300PE,NAUKRI,26NOV2026,130000.000000,550,OPTSTK,BFO,5.000000,6000,False
1104435,SENSEX26NOV75100CE,SENSEX,26NOV2026,7510000.000000,20,OPTIDX,BFO,5.000000,1000,False
1115954,KFINTECH26NOV1080PE,KFINTECH,26NOV2026,108000.000000,575,OPTSTK,BFO,5.000000,100000000,False
1115966,BOSCHLTD26NOV48500CE,BOSCHLTD,26NOV2026,4850000.000000,25,OPTSTK,BFO,5.000000,1500,False
1115971,SOLARINDS26SEP22250PE,SOLARINDS,24SEP2026,2225000.000000,50,OPTSTK,BFO,5.000000,100000000,False
1115975,FOCIT26NOV39100CE,FOCIT,26NOV2026,3910000.000000,45,OPTIDX,BFO,5.000000,1350,False
1119463,DIVISLAB26NOV9900PE,DIVISLAB,26NOV2026,990000.000000,100,OPTSTK,BFO,5.000000,8000,False
1119481,HCLTECH26NOV1380PE,HCLTECH,26NOV2026,138000.000000,400,OPTSTK,BFO,5.000000,21000,False
1119575,NYKAA26NOV300PE,NYKAA,26NOV2026,30000.000000,3125,OPTSTK,BFO,5.000000,100000000,False
1119578,PERSISTENT26NOV6400PE,PERSISTENT,26NOV2026,640000.000000,125,OPTSTK,BFO,5.000000,5250,False
1104465,INOXWIND26NOV85PE,INOXWIND,26NOV2026,8500.000000,6400,OPTSTK,BFO,5.000000,100000000,False
1104570,BHARATFORG26NOV1900PE,BHARATFORG,26NOV2026,190000.000000,500,OPTSTK,BFO,5.000000,30000,False
1104571,MAHABANK26SEP81CE,MAHABANK,24SEP2026,8100.000000,6500,OPTSTK,BFO,5.000000,100000000,False
1104585,ICICIPRULI26NOV520CE,ICICIPRULI,26NOV2026,52000.000000,925,OPTSTK,BFO,5.000000,60000,False
1119629,BAJAJ-AUTO26NOV12600PE,BAJAJ-AUTO,26NOV2026,1260000.000000,75,OPTSTK,BFO,5.000000,5000,False
1119631,COFORGE26SEP2060PE,COFORGE,24SEP2026,206000.000000,475,OPTSTK,BFO,5.000000,6000,False
1119637,ATHERENERG26NOV1680PE,ATHERENERG,26NOV2026,168000.000000,375,OPTSTK,BFO,5.000000,100000000,False
1119644,OFSS26NOV12800CE,OFSS,26NOV2026,1280000.000000,100,OPTSTK,BFO,5.000000,8000,False
1115987,ULTRACEMCO26NOV12200PE,ULTRACEMCO,26NOV2026,1220000.000000,50,OPTSTK,BFO,5.000000,3000,False
1116002,IRFC26NOV82PE,IRFC,26NOV2026,8200.000000,5425,OPTSTK,BFO,5.000000,100000000,False
1116032,RECLTD26NOV310CE,RECLTD,26NOV2026,31000.000000,1575,OPTSTK,BFO,5.000000,160000,False
1116040,LAURUSLABS26NOV2020PE,LAURUSLABS,26NOV2026,202000.000000,850,OPTSTK,BFO,5.000000,68000,False
1104595,IOC26NOV145PE,IOC,26NOV2026,14500.000000,4875,OPTSTK,BFO,5.000000,292500,False
1104620,MANKIND26NOV2540PE,MANKIND,26NOV2026,254000.000000,250,OPTSTK,BFO,5.000000,100000000,False
1104623,FOCIT26NOV34200CE,FOCIT,26NOV2026,3420000.000000,45,OPTIDX,BFO,5.000000,1350,False
1104635,NESTLEIND26NOV1390PE,NESTLEIND,26NOV2026,139000.000000,500,OPTSTK,BFO,5.000000,1200,False
1119666,OFSS26OCT12900PE,OFSS,29OCT2026,1290000.000000,100,OPTSTK,BFO,5.000000,8000,False
1104642,CGPOWER26NOV780PE,CGPOWER,26NOV2026,78000.000000,850,OPTSTK,BFO,5.000000,100000000,False
1104677,TCS26NOV2280CE,TCS,26NOV2026,228000.000000,225,OPTSTK,BFO,5.000000,7000,False
1104729,EICHERMOT26NOV8000PE,EICHERMOT,26NOV2026,800000.000000,100,OPTSTK,BFO,5.000000,7000,False
1104739,BHEL26NOV450CE,BHEL,26NOV2026,45000.000000,2625,OPTSTK,BFO,5.000000,315000,False
1116041,ASHOKLEY26NOV177.5PE,ASHOKLEY,26NOV2026,17750.000000,5000,OPTSTK,BFO,5.000000,150000,False
1116052,SBICARD26NOV660CE,SBICARD,26NOV2026,66000.000000,800,OPTSTK,BFO,5.000000,32000,False
1116065,BAJAJFINSV26NOV2080PE,BAJAJFINSV,26NOV2026,208000.000000,300,OPTSTK,BFO,5.000000,20000,False
1116068,PNB26NOV110PE,PNB,26NOV2026,11000.000000,8000,OPTSTK,BFO,5.000000,480000,False
1119990,ADANIPORTS26NOV1500CE,ADANIPORTS,26NOV2026,150000.000000,475,OPTSTK,BFO,5.000000,32000,False
1119991,ADANIGREEN26NOV1120PE,ADANIGREEN,26NOV2026,112000.000000,600,OPTSTK,BFO,5.000000,100000000,False
1119992,NESTLEIND26NOV1540CE,NESTLEIND,26NOV2026,154000.000000,500,OPTSTK,BFO,5.000000,1200,False
1120013,ADANIENT26NOV2650CE,ADANIENT,26NOV2026,265000.000000,309,OPTSTK,BFO,5.000000,9000,False
1104740,RECLTD26NOV345PE,RECLTD,26NOV2026,34500.000000,1575,OPTSTK,BFO,5.000000,160000,False
1104753,ZYDUSLIFE26NOV1160CE,ZYDUSLIFE,26NOV2026,116000.000000,900,OPTSTK,BFO,5.000000,54000,False
1104754,CGPOWER26NOV1040CE,CGPOWER,26NOV2026,104000.000000,850,OPTSTK,BFO,5.000000,100000000,False
1104765,SAIL26NOV200CE,SAIL,26NOV2026,20000.000000,4700,OPTSTK,BFO,5.000000,320000,False
1116083,GLENMARK26NOV2540CE,GLENMARK,26NOV2026,254000.000000,375,OPTSTK,BFO,5.000000,43500,False
1116087,FEDERALBNK26NOV310PE,FEDERALBNK,26NOV2026,31000.000000,2500,OPTSTK,BFO,5.000000,200000,False
1116098,FOCIT26NOV31700CE,FOCIT,26NOV2026,3170000.000000,45,OPTIDX,BFO,5.000000,1350,False
1116102,M&M26NOV3200CE,M&M,26NOV2026,320000.000000,200,OPTSTK,BFO,5.000000,21000,False
1120078,GMRAIRPORT26NOV87PE,GMRAIRPORT,26NOV2026,8700.000000,6975,OPTSTK,BFO,5.000000,675000,False
1120109,SUNPHARMA26NOV2080CE,SUNPHARMA,26NOV2026,208000.000000,350,OPTSTK,BFO,5.000000,28000,False
1120118,ITC26SEP240CE,ITC,24SEP2026,24000.000000,1725,OPTSTK,BFO,5.000000,64000,False
1120130,NBCC26SEP67.5CE,NBCC,24SEP2026,6750.000000,6500,OPTSTK,BFO,5.000000,100000000,False
1104770,PATANJALI26NOV375PE,PATANJALI,26NOV2026,37500.000000,1075,OPTSTK,BFO,5.000000,100000000,False
1104787,ADANIGREEN26NOV1300CE,ADANIGREEN,26NOV2026,130000.000000,600,OPTSTK,BFO,5.000000,100000000,False
1104806,TCS26NOV2360PE,TCS,26NOV2026,236000.000000,225,OPTSTK,BFO,5.000000,7000,False
1104836,UNOMINDA26NOV1160CE,UNOMINDA,26NOV2026,116000.000000,550,OPTSTK,BFO,5.000000,100000000,False
1120146,MAHABANK26SEP76PE,MAHABANK,24SEP2026,7600.000000,6500,OPTSTK,BFO,5.000000,100000000,False
1120166,PGEL26OCT510PE,PGEL,29OCT2026,51000.000000,950,OPTSTK,BFO,5.000000,100000000,False
1120229,IDFCFIRSTB26NOV92CE,IDFCFIRSTB,26NOV2026,9200.000000,9275,OPTSTK,BFO,5.000000,450000,False
1120238,ITC26NOV245PE,ITC,26NOV2026,24500.000000,1725,OPTSTK,BFO,5.000000,64000,False
1116128,UNITDSPR26NOV1460PE,UNITDSPR,26NOV2026,146000.000000,400,OPTSTK,BFO,5.000000,28000,False
1116134,PAYTM26NOV1760PE,PAYTM,26NOV2026,176000.000000,725,OPTSTK,BFO,5.000000,100000000,False
1116146,EICHERMOT26NOV7800PE,EICHERMOT,26NOV2026,780000.000000,100,OPTSTK,BFO,5.000000,7000,False
1116152,IOC26NOV142.5PE,IOC,26NOV2026,14250.000000,4875,OPTSTK,BFO,5.000000,292500,False
1104841,GRASIM26NOV3300CE,GRASIM,26NOV2026,330000.000000,250,OPTSTK,BFO,5.000000,14250,False
1104848,IDFCFIRSTB26NOV78CE,IDFCFIRSTB,26NOV2026,7800.000000,9275,OPTSTK,BFO,5.000000,450000,False
1104898,MAHABANK26NOV86PE,MAHABANK,26NOV2026,8600.000000,6500,OPTSTK,BFO,5.000000,100000000,False
1104922,INFY26NOV1080CE,INFY,26NOV2026,108000.000000,400,OPTSTK,BFO,5.000000,16000,False
1120292,ANGELONE26NOV255PE,ANGELONE,26NOV2026,25500.000000,2500,OPTSTK,BFO,5.000000,100000000,False
1120297,HINDZINC26NOV530CE,HINDZINC,26NOV2026,53000.000000,1225,OPTSTK,BFO,5.000000,100000000,False
1120308,BANDHANBNK26NOV130PE,BANDHANBNK,26NOV2026,13000.000000,3600,OPTSTK,BFO,5.000000,100000,False
1120346,ULTRACEMCO26NOV10800CE,ULTRACEMCO,26NOV2026,1080000.000000,50,OPTSTK,BFO,5.000000,3000,False
1120385,ADANIENSOL26NOV1340CE,ADANIENSOL,26NOV2026,134000.000000,675,OPTSTK,BFO,5.000000,100000000,False
1120413,BAJAJFINSV26NOV2160PE,BAJAJFINSV,26NOV2026,216000.000000,300,OPTSTK,BFO,5.000000,20000,False
1120422,NBCC26OCT67.5CE,NBCC,29OCT2026,6750.000000,6500,OPTSTK,BFO,5.000000,100000000,False
1120472,BAJAJ-AUTO26SEP12700CE,BAJAJ-AUTO,24SEP2026,1270000.000000,75,OPTSTK,BFO,5.000000,5000,False
1104924,ATHERENERG26OCT1540PE,ATHERENERG,29OCT2026,154000.000000,375,OPTSTK,BFO,5.000000,100000000,False
1104930,MARUTI26NOV13700CE,MARUTI,26NOV2026,1370000.000000,50,OPTSTK,BFO,5.000000,3000,False
1104938,BANDHANBNK26NOV190PE,BANDHANBNK,26NOV2026,19000.000000,3600,OPTSTK,BFO,5.000000,100000,False
1104941,COCHINSHIP26NOV1580CE,COCHINSHIP,26NOV2026,158000.000000,400,OPTSTK,BFO,5.000000,100000000,False
1116159,GLENMARK26NOV2460PE,GLENMARK,26NOV2026,246000.000000,375,OPTSTK,BFO,5.000000,43500,False
1116194,SRF26NOV2900PE,SRF,26NOV2026,290000.000000,200,OPTSTK,BFO,5.000000,11250,False
1116202,SIEMENS26NOV4000PE,SIEMENS,26NOV2026,400000.000000,175,OPTSTK,BFO,5.000000,8250,False
1116240,ATHERENERG26SEP1400CE,ATHERENERG,24SEP2026,140000.000000,375,OPTSTK,BFO,5.000000,100000000,False
1104947,APOLLOHOSP26NOV8900CE,APOLLOHOSP,26NOV2026,890000.000000,125,OPTSTK,BFO,5.000000,5000,False
1104964,MAZDOCK26NOV2600CE,MAZDOCK,26NOV2026,260000.000000,225,OPTSTK,BFO,5.000000,100000000,False
1105008,NTPC26NOV335CE,NTPC,26NOV2026,33500.000000,1500,OPTSTK,BFO,5.000000,150000,False
1105015,ICICIBANK26NOV1430CE,ICICIBANK,26NOV2026,143000.000000,700,OPTSTK,BFO,5.000000,28000,False
1120504,BAJAJ-AUTO26OCT12700PE,BAJAJ-AUTO,29OCT2026,1270000.000000,75,OPTSTK,BFO,5.000000,5000,False
1120519,APOLLOHOSP26NOV9600PE,APOLLOHOSP,26NOV2026,960000.000000,125,OPTSTK,BFO,5.000000,5000,False
1120523,LAURUSLABS26NOV1760PE,LAURUSLABS,26NOV2026,176000.000000,850,OPTSTK,BFO,5.000000,68000,False
1120560,GMRAIRPORT26OCT91CE,GMRAIRPORT,29OCT2026,9100.000000,6975,OPTSTK,BFO,5.000000,675000,False
1116255,SENSEX26O1572900CE,SENSEX,15OCT2026,7290000.000000,20,OPTIDX,BFO,5.000000,1000,False
1116267,FOCIT26NOV37100PE,FOCIT,26NOV2026,3710000.000000,45,OPTIDX,BFO,5.000000,1350,False
1116269,JIOFIN26NOV245PE,JIOFIN,26NOV2026,24500.000000,2350,OPTSTK,BFO,5.000000,100000000,False
1116299,SENSEX26NOV72900PE,SENSEX,26NOV2026,7290000.000000,20,OPTIDX,BFO,5.000000,1000,False
1120566,TATAELXSI26NOV3250PE,TATAELXSI,26NOV2026,325000.000000,125,OPTSTK,BFO,5.000000,100000000,False
1120599,BEL26NOV450PE,BEL,26NOV2026,45000.000000,1425,OPTSTK,BFO,5.000000,228000,False
1120616,ITC26NOV242.5PE,ITC,26NOV2026,24250.000000,1725,OPTSTK,BFO,5.000000,64000,False
1120664,TORNTPHARM26NOV4650CE,TORNTPHARM,26NOV2026,465000.000000,125,OPTSTK,BFO,5.000000,15000,False
1105060,SHREECEM26NOVFUT,SHREECEM,26NOV2026,0.000000,25,FUTSTK,BFO,5.000000,1000,False
1105082,INFY26NOV980PE,INFY,26NOV2026,98000.000000,400,OPTSTK,BFO,5.000000,16000,False
1105086,RECLTD26NOV290CE,RECLTD,26NOV2026,29000.000000,1575,OPTSTK,BFO,5.000000,160000,False
1105097,INDUSTOWER26NOV415PE,INDUSTOWER,26NOV2026,41500.000000,1700,OPTSTK,BFO,5.000000,170000,False
1120670,OFSS26SEP13000PE,OFSS,24SEP2026,1300000.000000,100,OPTSTK,BFO,5.000000,8000,False
1120683,RADICO26NOV4200PE,RADICO,26NOV2026,420000.000000,150,OPTSTK,BFO,5.000000,100000000,False
1120759,GMRAIRPORT26OCT89CE,GMRAIRPORT,29OCT2026,8900.000000,6975,OPTSTK,BFO,5.000000,675000,False
1116301,BANKBARODA26NOV225PE,BANKBARODA,26NOV2026,22500.000000,2925,OPTSTK,BFO,5.000000,175500,False
1116305,PAYTM26NOV1820CE,PAYTM,26NOV2026,182000.000000,725,OPTSTK,BFO,5.000000,100000000,False
1116314,SAGILITY26OCT48CE,SAGILITY,29OCT2026,4800.000000,12000,OPTSTK,BFO,5.000000,100000000,False
1116325,KALYANKJIL26NOV660CE,KALYANKJIL,26NOV2026,66000.000000,1350,OPTSTK,BFO,5.000000,100000000,False
1120709,HINDZINC26NOV530PE,HINDZINC,26NOV2026,53000.000000,1225,OPTSTK,BFO,5.000000,100000000,False
1105116,TRENT26NOV2650CE,TRENT,26NOV2026,265000.000000,225,OPTSTK,BFO,5.000000,16000,False
1105124,FORTIS26NOV880PE,FORTIS,26NOV2026,88000.000000,775,OPTSTK,BFO,5.000000,100000000,False
1105147,COALINDIA26NOV430PE,COALINDIA,26NOV2026,43000.000000,1350,OPTSTK,BFO,5.000000,126000,False
1105159,SENSEX26O1578300CE,SENSEX,15OCT2026,7830000.000000,20,OPTIDX,BFO,5.000000,1000,False
1120805,BANDHANBNK26OCT130PE,BANDHANBNK,29OCT2026,13000.000000,3600,OPTSTK,BFO,5.000000,100000,False
1120808,TIINDIA26NOV2450CE,TIINDIA,26NOV2026,245000.000000,200,OPTSTK,BFO,5.000000,100000000,False
1120817,CAMS26NOV840CE,CAMS,26NOV2026,84000.000000,825,OPTSTK,BFO,5.000000,100000000,False
1120925,ASIANPAINT26OCT2440CE,ASIANPAINT,29OCT2026,244000.000000,250,OPTSTK,BFO,5.000000,8000,False
1105185,AUBANK26NOV960PE,AUBANK,26NOV2026,96000.000000,1000,OPTSTK,BFO,5.000000,30000,False
1105226,MARICO26NOV880CE,MARICO,26NOV2026,88000.000000,1200,OPTSTK,BFO,5.000000,48000,False
1105233,COFORGE26NOV1840PE,COFORGE,26NOV2026,184000.000000,475,OPTSTK,BFO,5.000000,6000,False
1105246,WIPRO26NOV162.5PE,WIPRO,26NOV2026,16250.000000,3000,OPTSTK,BFO,5.000000,60000,False
1116339,GLENMARK26NOV2360CE,GLENMARK,26NOV2026,236000.000000,375,OPTSTK,BFO,5.000000,43500,False
1116358,GODFRYPHLP26NOV1800CE,GODFRYPHLP,26NOV2026,180000.000000,275,OPTSTK,BFO,5.000000,100000000,False
1116365,FEDERALBNK26NOV315PE,FEDERALBNK,26NOV2026,31500.000000,2500,OPTSTK,BFO,5.000000,200000,False
1116380,SBILIFE26NOV1700PE,SBILIFE,26NOV2026,170000.000000,375,OPTSTK,BFO,5.000000,22500,False
1120960,ATHERENERG26SEP1780CE,ATHERENERG,24SEP2026,178000.000000,375,OPTSTK,BFO,5.000000,100000000,False
1120975,INOXWIND26OCT52.5CE,INOXWIND,29OCT2026,5250.000000,6400,OPTSTK,BFO,5.000000,100000000,False
1121001,BAJAJ-AUTO26OCT12800CE,BAJAJ-AUTO,29OCT2026,1280000.000000,75,OPTSTK,BFO,5.000000,5000,False
1121004,ITC26OCT245CE,ITC,29OCT2026,24500.000000,1725,OPTSTK,BFO,5.000000,64000,False
1105273,BAJAJ-AUTO26NOV12200CE,BAJAJ-AUTO,26NOV2026,1220000.000000,75,OPTSTK,BFO,5.000000,5000,False
1105326,ATHERENERG26SEP1380CE,ATHERENERG,24SEP2026,138000.000000,375,OPTSTK,BFO,5.000000,100000000,False
1105333,NATIONALUM26NOV340PE,NATIONALUM,26NOV2026,34000.000000,1875,OPTSTK,BFO,5.000000,300000,False
1105337,KPITTECH26NOV610CE,KPITTECH,26NOV2026,61000.000000,775,OPTSTK,BFO,5.000000,100000000,False
1116406,LT26NOV4200CE,LT,26NOV2026,420000.000000,175,OPTSTK,BFO,5.000000,12000,False
1116410,FOCIT26NOV38700CE,FOCIT,26NOV2026,3870000.000000,45,OPTIDX,BFO,5.000000,1350,False
1116425,FOCIT26NOV43400PE,FOCIT,26NOV2026,4340000.000000,45,OPTIDX,BFO,5.000000,1350,False
1116609,ASIANPAINT26NOV2780PE,ASIANPAINT,26NOV2026,278000.000000,250,OPTSTK,BFO,5.000000,8000,False
1121033,BAJFINANCE26NOV990CE,BAJFINANCE,26NOV2026,99000.000000,750,OPTSTK,BFO,5.000000,3750,False
1121038,PFC26SEP310CE,PFC,24SEP2026,31000.000000,1300,OPTSTK,BFO,5.000000,124000,False
1121053,ATHERENERG26NOV1780CE,ATHERENERG,26NOV2026,178000.000000,375,OPTSTK,BFO,5.000000,100000000,False
1121100,ABB26NOV6700PE,ABB,26NOV2026,670000.000000,125,OPTSTK,BFO,5.000000,7500,False
1105340,PGEL26NOV560CE,PGEL,26NOV2026,56000.000000,950,OPTSTK,BFO,5.000000,100000000,False
1105359,VOLTAS26NOV1260CE,VOLTAS,26NOV2026,126000.000000,375,OPTSTK,BFO,5.000000,30000,False
1105360,ETERNAL26NOV320PE,ETERNAL,26NOV2026,32000.000000,2425,OPTSTK,BFO,5.000000,100000000,False
1105363,CROMPTON26NOV215PE,CROMPTON,26NOV2026,21500.000000,2150,OPTSTK,BFO,5.000000,90000,False
1116715,IOC26NOV147.5PE,IOC,26NOV2026,14750.000000,4875,OPTSTK,BFO,5.000000,292500,False
1116914,AMBUJACEM26NOV405PE,AMBUJACEM,26NOV2026,40500.000000,1200,OPTSTK,BFO,5.000000,54000,False
1116932,SOLARINDS26NOV20250PE,SOLARINDS,26NOV2026,2025000.000000,50,OPTSTK,BFO,5.000000,100000000,False
1116955,SHREECEM26NOV26250PE,SHREECEM,26NOV2026,2625000.000000,25,OPTSTK,BFO,5.000000,1000,False
1121103,IRFC26NOV76PE,IRFC,26NOV2026,7600.000000,5425,OPTSTK,BFO,5.000000,100000000,False
1121112,GRASIM26NOV3460CE,GRASIM,26NOV2026,346000.000000,250,OPTSTK,BFO,5.000000,14250,False
1121126,BAJAJFINSV26NOV2160CE,BAJAJFINSV,26NOV2026,216000.000000,300,OPTSTK,BFO,5.000000,20000,False
1121137,ADANIGREEN26SEP1100CE,ADANIGREEN,24SEP2026,110000.000000,600,OPTSTK,BFO,5.000000,100000000,False
1121198,MCX26OCT3750CE,MCX,29OCT2026,375000.000000,225,OPTSTK,BFO,5.000000,16000,False
1121247,BSE26NOV1400CE,BSE,23NOV2026,140000.000000,200,OPTSTK,BFO,5.000000,3751,False
1121382,ULTRACEMCO26SEP10700CE,ULTRACEMCO,24SEP2026,1070000.000000,50,OPTSTK,BFO,5.000000,3000,False
1121388,BIOCON26OCT365CE,BIOCON,29OCT2026,36500.000000,2500,OPTSTK,BFO,5.000000,100000,False
1105368,BHEL26NOV430PE,BHEL,26NOV2026,43000.000000,2625,OPTSTK,BFO,5.000000,315000,False
1105377,MARICO26NOV790CE,MARICO,26NOV2026,79000.000000,1200,OPTSTK,BFO,5.000000,48000,False
1105395,ADANIPORTS26NOV1580CE,ADANIPORTS,26NOV2026,158000.000000,475,OPTSTK,BFO,5.000000,32000,False
1105413,HINDPETRO26NOV360CE,HINDPETRO,26NOV2026,36000.000000,2025,OPTSTK,BFO,5.000000,108000,False
1116962,NTPC26NOV300CE,NTPC,26NOV2026,30000.000000,1500,OPTSTK,BFO,5.000000,150000,False
1117008,ITC26NOV267.5CE,ITC,26NOV2026,26750.000000,1725,OPTSTK,BFO,5.000000,64000,False
1117017,SAIL26NOV202.5CE,SAIL,26NOV2026,20250.000000,4700,OPTSTK,BFO,5.000000,320000,False
1117019,AUROPHARMA26NOV1500CE,AUROPHARMA,26NOV2026,150000.000000,550,OPTSTK,BFO,5.000000,44000,False
1121431,ASIANPAINT26OCT2420PE,ASIANPAINT,29OCT2026,242000.000000,250,OPTSTK,BFO,5.000000,8000,False
1121441,BAJAJ-AUTO26OCT12900CE,BAJAJ-AUTO,29OCT2026,1290000.000000,75,OPTSTK,BFO,5.000000,5000,False
1121442,RELIANCE26NOV1370PE,RELIANCE,26NOV2026,137000.000000,500,OPTSTK,BFO,5.000000,10000,False
1121479,RELIANCE26NOV1380CE,RELIANCE,26NOV2026,138000.000000,500,OPTSTK,BFO,5.000000,10000,False
1105447,SUZLON26NOV40PE,SUZLON,26NOV2026,4000.000000,12700,OPTSTK,BFO,5.000000,100000000,False
1105462,SOLARINDS26NOV21500CE,SOLARINDS,26NOV2026,2150000.000000,50,OPTSTK,BFO,5.000000,100000000,False
1105465,INDUSTOWER26NOV385CE,INDUSTOWER,26NOV2026,38500.000000,1700,OPTSTK,BFO,5.000000,170000,False
1105506,APLAPOLLO26SEP2320CE,APLAPOLLO,24SEP2026,232000.000000,350,OPTSTK,BFO,5.000000,100000000,False
1117025,HDFCAMC26NOV2250PE,HDFCAMC,26NOV2026,225000.000000,300,OPTSTK,BFO,5.000000,12000,False
1117030,BANKEX26NOV59500CE,BANKEX,26NOV2026,5950000.000000,30,OPTIDX,BFO,5.000000,900,False
1117036,BEL26NOV435PE,BEL,26NOV2026,43500.000000,1425,OPTSTK,BFO,5.000000,228000,False
1117042,IRFC26NOV88CE,IRFC,26NOV2026,8800.000000,5425,OPTSTK,BFO,5.000000,100000000,False
1121513,MARUTI26NOV12300PE,MARUTI,26NOV2026,1230000.000000,50,OPTSTK,BFO,5.000000,3000,False
1121546,KALYANKJIL26NOV565PE,KALYANKJIL,26NOV2026,56500.000000,1350,OPTSTK,BFO,5.000000,100000000,False
1121547,JSWENERGY26OCT450CE,JSWENERGY,29OCT2026,45000.000000,1075,OPTSTK,BFO,5.000000,100000000,False
1121551,CROMPTON26OCT195CE,CROMPTON,29OCT2026,19500.000000,2150,OPTSTK,BFO,5.000000,90000,False
1105533,SENSEX26O1578600PE,SENSEX,15OCT2026,7860000.000000,20,OPTIDX,BFO,5.000000,1000,False
1105535,OBEROIRLTY26NOV1840CE,OBEROIRLTY,26NOV2026,184000.000000,350,OPTSTK,BFO,5.000000,28000,False
1105536,SHRIRAMFIN26NOV1220CE,SHRIRAMFIN,26NOV2026,122000.000000,825,OPTSTK,BFO,5.000000,18000,False
1105539,UNITDSPR26NOV1400PE,UNITDSPR,26NOV2026,140000.000000,400,OPTSTK,BFO,5.000000,28000,False
1117057,SENSEX26O1570900PE,SENSEX,15OCT2026,7090000.000000,20,OPTIDX,BFO,5.000000,1000,False
1117065,TCS26OCT2120CE,TCS,29OCT2026,212000.000000,225,OPTSTK,BFO,5.000000,7000,False
1117066,ETERNAL26NOV310CE,ETERNAL,26NOV2026,31000.000000,2425,OPTSTK,BFO,5.000000,100000000,False
1117072,SENSEX26NOV74200CE,SENSEX,26NOV2026,7420000.000000,20,OPTIDX,BFO,5.000000,1000,False
1105563,PRESTIGE26NOV1520PE,PRESTIGE,26NOV2026,152000.000000,450,OPTSTK,BFO,5.000000,100000000,False
1105573,GODREJCP26NOV900CE,GODREJCP,26NOV2026,90000.000000,500,OPTSTK,BFO,5.000000,30000,False
1105579,MOTILALOFS26NOV960PE,MOTILALOFS,26NOV2026,96000.000000,775,OPTSTK,BFO,5.000000,100000000,False
1105591,LICI26NOV390PE,LICI,26NOV2026,39000.000000,1400,OPTSTK,BFO,5.000000,100000000,False
1121595,LAURUSLABS26NOV1740PE,LAURUSLABS,26NOV2026,174000.000000,850,OPTSTK,BFO,5.000000,68000,False
1121619,NESTLEIND26OCT1370PE,NESTLEIND,29OCT2026,137000.000000,500,OPTSTK,BFO,5.000000,1200,False
1121629,ASTRAL26NOV1380CE,ASTRAL,26NOV2026,138000.000000,425,OPTSTK,BFO,5.000000,14680,False
1121643,ATHERENERG26SEP1840PE,ATHERENERG,24SEP2026,184000.000000,375,OPTSTK,BFO,5.000000,100000000,False
1105612,IRFC26NOV82CE,IRFC,26NOV2026,8200.000000,5425,OPTSTK,BFO,5.000000,100000000,False
1105615,SENSEX26O1579300CE,SENSEX,15OCT2026,7930000.000000,20,OPTIDX,BFO,5.000000,1000,False
1105617,BAJAJFINSV26NOV1980PE,BAJAJFINSV,26NOV2026,198000.000000,300,OPTSTK,BFO,5.000000,20000,False
1105647,SENSEX26NOV77000PE,SENSEX,26NOV2026,7700000.000000,20,OPTIDX,BFO,5.000000,1000,False
1117082,SENSEX26NOV76500CE,SENSEX,26NOV2026,7650000.000000,20,OPTIDX,BFO,5.000000,1000,False
1117099,HYUNDAI26NOV2360PE,HYUNDAI,26NOV2026,236000.000000,275,OPTSTK,BFO,5.000000,100000000,False
1117118,BANKEX26NOV62800PE,BANKEX,26NOV2026,6280000.000000,30,OPTIDX,BFO,5.000000,900,False
1117134,BANKEX26NOV69500CE,BANKEX,26NOV2026,6950000.000000,30,OPTIDX,BFO,5.000000,900,False
1121651,ADANIENSOL26SEP1260CE,ADANIENSOL,24SEP2026,126000.000000,675,OPTSTK,BFO,5.000000,100000000,False
1121684,MARUTI26SEP12600PE,MARUTI,24SEP2026,1260000.000000,50,OPTSTK,BFO,5.000000,3000,False
1121716,SBIN26NOV960PE,SBIN,26NOV2026,96000.000000,750,OPTSTK,BFO,5.000000,45000,False
1121734,OIL26NOV525PE,OIL,26NOV2026,52500.000000,1400,OPTSTK,BFO,5.000000,100000000,False
1105663,SUNPHARMA26NOV1800PE,SUNPHARMA,26NOV2026,180000.000000,350,OPTSTK,BFO,5.000000,28000,False
1105669,PGEL26NOV560PE,PGEL,26NOV2026,56000.000000,950,OPTSTK,BFO,5.000000,100000000,False
1105672,AUROPHARMA26NOV1640CE,AUROPHARMA,26NOV2026,164000.000000,550,OPTSTK,BFO,5.000000,44000,False
1105696,PNB26NOV114PE,PNB,26NOV2026,11400.000000,8000,OPTSTK,BFO,5.000000,480000,False
1121741,ADANIENSOL26OCT1260PE,ADANIENSOL,29OCT2026,126000.000000,675,OPTSTK,BFO,5.000000,100000000,False
1121742,IDEA26NOV7CE,IDEA,26NOV2026,700.000000,71475,OPTSTK,BFO,5.000000,2400000,False
1121778,ADANIENSOL26NOV1280CE,ADANIENSOL,26NOV2026,128000.000000,675,OPTSTK,BFO,5.000000,100000000,False
1121801,INFY26NOV1300CE,INFY,26NOV2026,130000.000000,400,OPTSTK,BFO,5.000000,16000,False
1117152,NATIONALUM26NOV400CE,NATIONALUM,26NOV2026,40000.000000,1875,OPTSTK,BFO,5.000000,300000,False
1117154,NAM-INDIA26NOV1160CE,NAM-INDIA,26NOV2026,116000.000000,625,OPTSTK,BFO,5.000000,100000000,False
1117155,COCHINSHIP26NOV1560PE,COCHINSHIP,26NOV2026,156000.000000,400,OPTSTK,BFO,5.000000,100000000,False
1117156,SENSEX26O1580900PE,SENSEX,15OCT2026,8090000.000000,20,OPTIDX,BFO,5.000000,1000,False
1121803,MUTHOOTFIN26NOV2550PE,MUTHOOTFIN,26NOV2026,255000.000000,275,OPTSTK,BFO,5.000000,22000,False
1121820,KEI26NOV4700PE,KEI,26NOV2026,470000.000000,175,OPTSTK,BFO,5.000000,100000000,False
1121862,MARUTI26NOV12400CE,MARUTI,26NOV2026,1240000.000000,50,OPTSTK,BFO,5.000000,3000,False
1121886,GODREJPROP26NOV1860CE,GODREJPROP,26NOV2026,186000.000000,325,OPTSTK,BFO,5.000000,19000,False
1105700,IDEA26NOV20CE,IDEA,26NOV2026,2000.000000,71475,OPTSTK,BFO,5.000000,2400000,False
1105709,CONCOR26NOV520CE,CONCOR,26NOV2026,52000.000000,1250,OPTSTK,BFO,5.000000,40000,False
1105713,SENSEX26O1580300PE,SENSEX,15OCT2026,8030000.000000,20,OPTIDX,BFO,5.000000,1000,False
1105721,SENSEX26NOV71000PE,SENSEX,26NOV2026,7100000.000000,20,OPTIDX,BFO,5.000000,1000,False
1117158,HDFCLIFE26NOV560PE,HDFCLIFE,26NOV2026,56000.000000,1100,OPTSTK,BFO,5.000000,44000,False
1117159,GODREJCP26NOV940PE,GODREJCP,26NOV2026,94000.000000,500,OPTSTK,BFO,5.000000,30000,False
1117188,IEX26NOV130CE,IEX,26NOV2026,13000.000000,4350,OPTSTK,BFO,5.000000,150000,False
1117191,BANKEX26NOV61200CE,BANKEX,26NOV2026,6120000.000000,30,OPTIDX,BFO,5.000000,900,False
1121887,TRENT26NOV2500PE,TRENT,26NOV2026,250000.000000,225,OPTSTK,BFO,5.000000,16000,False
1121906,CROMPTON26SEP195CE,CROMPTON,24SEP2026,19500.000000,2150,OPTSTK,BFO,5.000000,90000,False
1121907,CROMPTON26OCT195PE,CROMPTON,29OCT2026,19500.000000,2150,OPTSTK,BFO,5.000000,90000,False
1121908,RELIANCE26NOV1370CE,RELIANCE,26NOV2026,137000.000000,500,OPTSTK,BFO,5.000000,10000,False
1105730,ADANIGREEN26NOV1260PE,ADANIGREEN,26NOV2026,126000.000000,600,OPTSTK,BFO,5.000000,100000000,False
1105736,UNIONBANK26NOV170PE,UNIONBANK,26NOV2026,17000.000000,4425,OPTSTK,BFO,5.000000,100000000,False
1105740,RVNL26NOV195CE,RVNL,26NOV2026,19500.000000,1925,OPTSTK,BFO,5.000000,100000000,False
1105748,DIXON26NOV15750PE,DIXON,26NOV2026,1575000.000000,50,OPTSTK,BFO,5.000000,6000,False
1117200,BANKEX26NOV63500CE,BANKEX,26NOV2026,6350000.000000,30,OPTIDX,BFO,5.000000,900,False
1117215,PREMIERENE26NOV1040CE,PREMIERENE,26NOV2026,104000.000000,650,OPTSTK,BFO,5.000000,100000000,False
1117222,VEDL26NOV255CE,VEDL,26NOV2026,25500.000000,1150,OPTSTK,BFO,5.000000,80000,False
1117249,PATANJALI26NOV380CE,PATANJALI,26NOV2026,38000.000000,1075,OPTSTK,BFO,5.000000,100000000,False
1121993,NTPC26OCT290PE,NTPC,29OCT2026,29000.000000,1500,OPTSTK,BFO,5.000000,150000,False
1122011,NTPC26NOV290PE,NTPC,26NOV2026,29000.000000,1500,OPTSTK,BFO,5.000000,150000,False
1122039,ASTRAL26NOV1380PE,ASTRAL,26NOV2026,138000.000000,425,OPTSTK,BFO,5.000000,14680,False
1122065,M&M26OCT2900PE,M&M,29OCT2026,290000.000000,200,OPTSTK,BFO,5.000000,21000,False
1105765,PNBHOUSING26NOV1120PE,PNBHOUSING,26NOV2026,112000.000000,650,OPTSTK,BFO,5.000000,100000000,False
1105785,BANKEX26NOV65200CE,BANKEX,26NOV2026,6520000.000000,30,OPTIDX,BFO,5.000000,900,False
1105790,BANKEX26NOV67500CE,BANKEX,26NOV2026,6750000.000000,30,OPTIDX,BFO,5.000000,900,False
1105797,ALKEM26NOV5450CE,ALKEM,26NOV2026,545000.000000,125,OPTSTK,BFO,5.000000,8000,False
1117269,BDL26NOV1240CE,BDL,26NOV2026,124000.000000,425,OPTSTK,BFO,5.000000,100000000,False
1117272,ADANIPOWER26NOV200PE,ADANIPOWER,26NOV2026,20000.000000,3550,OPTSTK,BFO,5.000000,100000000,False
1117278,GLENMARK26NOV2580CE,GLENMARK,26NOV2026,258000.000000,375,OPTSTK,BFO,5.000000,43500,False
1117285,FEDERALBNK26NOV350PE,FEDERALBNK,26NOV2026,35000.000000,2500,OPTSTK,BFO,5.000000,200000,False
1122102,LAURUSLABS26NOV1720CE,LAURUSLABS,26NOV2026,172000.000000,850,OPTSTK,BFO,5.000000,68000,False
1122121,KALYANKJIL26NOV565CE,KALYANKJIL,26NOV2026,56500.000000,1350,OPTSTK,BFO,5.000000,100000000,False
1122137,ICICIPRULI26NOV460CE,ICICIPRULI,26NOV2026,46000.000000,925,OPTSTK,BFO,5.000000,60000,False
1122151,LAURUSLABS26NOV1740CE,LAURUSLABS,26NOV2026,174000.000000,850,OPTSTK,BFO,5.000000,68000,False
1122189,ATHERENERG26SEP1840CE,ATHERENERG,24SEP2026,184000.000000,375,OPTSTK,BFO,5.000000,100000000,False
1122237,ASIANPAINT26SEP2400CE,ASIANPAINT,24SEP2026,240000.000000,250,OPTSTK,BFO,5.000000,8000,False
1122252,HEROMOTOCO26NOV4700PE,HEROMOTOCO,26NOV2026,470000.000000,150,OPTSTK,BFO,5.000000,9000,False
1122327,POLYCAB26NOV8100CE,POLYCAB,26NOV2026,810000.000000,125,OPTSTK,BFO,5.000000,9000,False
1105849,MOTHERSON26NOVFUT,MOTHERSON,26NOV2026,0.000000,6150,FUTSTK,BFO,5.000000,284000,False
1105850,DELHIVERY26NOV480PE,DELHIVERY,26NOV2026,48000.000000,2075,OPTSTK,BFO,5.000000,100000000,False
1105855,LTM26NOV4600CE,LTM,26NOV2026,460000.000000,150,OPTSTK,BFO,5.000000,4500,False
1105860,AMBUJACEM26NOV400CE,AMBUJACEM,26NOV2026,40000.000000,1200,OPTSTK,BFO,5.000000,54000,False
1117301,FOCIT26NOV41000CE,FOCIT,26NOV2026,4100000.000000,45,OPTIDX,BFO,5.000000,1350,False
1117322,INDIANB26NOV820CE,INDIANB,26NOV2026,82000.000000,1000,OPTSTK,BFO,5.000000,100000000,False
1117336,PFC26NOV325CE,PFC,26NOV2026,32500.000000,1300,OPTSTK,BFO,5.000000,124000,False
1117340,HAVELLS26NOV1200CE,HAVELLS,26NOV2026,120000.000000,500,OPTSTK,BFO,5.000000,20000,False
1122328,SBILIFE26OCT1580PE,SBILIFE,29OCT2026,158000.000000,375,OPTSTK,BFO,5.000000,22500,False
1122366,HINDALCO26NOV860PE,HINDALCO,26NOV2026,86000.000000,700,OPTSTK,BFO,5.000000,56000,False
1122385,SONACOMS26NOV720CE,SONACOMS,26NOV2026,72000.000000,1225,OPTSTK,BFO,5.000000,100000000,False
1122386,HEROMOTOCO26NOV4600PE,HEROMOTOCO,26NOV2026,460000.000000,150,OPTSTK,BFO,5.000000,9000,False
1105882,BAJAJFINSV26NOV1880CE,BAJAJFINSV,26NOV2026,188000.000000,300,OPTSTK,BFO,5.000000,20000,False
1105904,WAAREEENER26NOV2450PE,WAAREEENER,26NOV2026,245000.000000,175,OPTSTK,BFO,5.000000,100000000,False
1105909,MAXHEALTH26NOV1070CE,MAXHEALTH,26NOV2026,107000.000000,525,OPTSTK,BFO,5.000000,100000000,False
1105931,CANBK26NOV130CE,CANBK,26NOV2026,13000.000000,6750,OPTSTK,BFO,5.000000,81000,False
1117369,SENSEX5026NOV25850CE,SENSEX50,26NOV2026,2585000.000000,75,OPTIDX,BFO,5.000000,1800,False
1122433,TATACONSUM26SEP940CE,TATACONSUM,24SEP2026,94000.000000,550,OPTSTK,BFO,5.000000,36000,False
1122483,BANDHANBNK26SEP125CE,BANDHANBNK,24SEP2026,12500.000000,3600,OPTSTK,BFO,5.000000,100000,False
1122506,PHOENIXLTD26NOV2080CE,PHOENIXLTD,26NOV2026,208000.000000,350,OPTSTK,BFO,5.000000,100000000,False
1122541,IREDA26NOV95CE,IREDA,26NOV2026,9500.000000,4525,OPTSTK,BFO,5.000000,100000000,False
1117343,CGPOWER26NOV880CE,CGPOWER,26NOV2026,88000.000000,850,OPTSTK,BFO,5.000000,100000000,False
1117362,GLENMARK26NOVFUT,GLENMARK,26NOV2026,0.000000,375,FUTSTK,BFO,5.000000,43500,False
1117368,OIL26NOV440PE,OIL,26NOV2026,44000.000000,1400,OPTSTK,BFO,5.000000,100000000,False
1105933,HINDPETRO26NOV430PE,HINDPETRO,26NOV2026,43000.000000,2025,OPTSTK,BFO,5.000000,108000,False
1105944,UPL26NOV580CE,UPL,26NOV2026,58000.000000,1355,OPTSTK,BFO,5.000000,39000,False
1105965,SWIGGY26NOV260PE,SWIGGY,26NOV2026,26000.000000,1825,OPTSTK,BFO,5.000000,100000000,False
1105982,BANKBARODA26NOV225CE,BANKBARODA,26NOV2026,22500.000000,2925,OPTSTK,BFO,5.000000,175500,False
1122563,HINDUNILVR26NOV1840CE,HINDUNILVR,26NOV2026,184000.000000,300,OPTSTK,BFO,5.000000,9000,False
1122618,RVNL26NOV170PE,RVNL,26NOV2026,17000.000000,1925,OPTSTK,BFO,5.000000,100000000,False
1122623,BOSCHLTD26NOV44000PE,BOSCHLTD,26NOV2026,4400000.000000,25,OPTSTK,BFO,5.000000,1500,False
1122665,SHRIRAMFIN26NOV900CE,SHRIRAMFIN,26NOV2026,90000.000000,825,OPTSTK,BFO,5.000000,18000,False
1117378,SENSEX26O1572200CE,SENSEX,15OCT2026,7220000.000000,20,OPTIDX,BFO,5.000000,1000,False
1117385,OIL26NOV445CE,OIL,26NOV2026,44500.000000,1400,OPTSTK,BFO,5.000000,100000000,False
1117387,BHEL26NOV425CE,BHEL,26NOV2026,42500.000000,2625,OPTSTK,BFO,5.000000,315000,False
1117447,JUBLFOOD26NOV495PE,JUBLFOOD,26NOV2026,49500.000000,1250,OPTSTK,BFO,5.000000,50000,False
1106006,HEROMOTOCO26NOV6100CE,HEROMOTOCO,26NOV2026,610000.000000,150,OPTSTK,BFO,5.000000,9000,False
1106014,FOCIT26NOV42400PE,FOCIT,26NOV2026,4240000.000000,45,OPTIDX,BFO,5.000000,1350,False
1106025,IDEA26NOV12PE,IDEA,26NOV2026,1200.000000,71475,OPTSTK,BFO,5.000000,2400000,False
1106032,POLICYBZR26NOV1920CE,POLICYBZR,26NOV2026,192000.000000,350,OPTSTK,BFO,5.000000,100000000,False
1122675,IREDA26OCT95CE,IREDA,29OCT2026,9500.000000,4525,OPTSTK,BFO,5.000000,100000000,False
1122689,TATACONSUM26OCT940CE,TATACONSUM,29OCT2026,94000.000000,550,OPTSTK,BFO,5.000000,36000,False
1122703,EICHERMOT26NOV7000PE,EICHERMOT,26NOV2026,700000.000000,100,OPTSTK,BFO,5.000000,7000,False
1122791,NESTLEIND26NOV1360CE,NESTLEIND,26NOV2026,136000.000000,500,OPTSTK,BFO,5.000000,1200,False
1118187,GODREJCP26NOV840CE,GODREJCP,26NOV2026,84000.000000,500,OPTSTK,BFO,5.000000,30000,False
1106039,MPHASIS26NOV2050PE,MPHASIS,26NOV2026,205000.000000,275,OPTSTK,BFO,5.000000,11000,False
1106040,MARUTI26NOV13300PE,MARUTI,26NOV2026,1330000.000000,50,OPTSTK,BFO,5.000000,3000,False
1106120,BANKEX26NOV69200PE,BANKEX,26NOV2026,6920000.000000,30,OPTIDX,BFO,5.000000,900,False
1106126,LUPIN26NOV2160PE,LUPIN,26NOV2026,216000.000000,425,OPTSTK,BFO,5.000000,34000,False
1118216,HINDUNILVR26NOV2160PE,HINDUNILVR,26NOV2026,216000.000000,300,OPTSTK,BFO,5.000000,9000,False
1118223,IRFC26NOV77PE,IRFC,26NOV2026,7700.000000,5425,OPTSTK,BFO,5.000000,100000000,False
1118231,CONCOR26NOV550CE,CONCOR,26NOV2026,55000.000000,1250,OPTSTK,BFO,5.000000,40000,False
1118255,SBIN26NOV1120CE,SBIN,26NOV2026,112000.000000,750,OPTSTK,BFO,5.000000,45000,False
1122832,DABUR26SEP345CE,DABUR,24SEP2026,34500.000000,1250,OPTSTK,BFO,5.000000,50000,False
1122890,SENSEX26NOV69600CE,SENSEX,26NOV2026,6960000.000000,20,OPTIDX,BFO,5.000000,1000,False
1122907,VOLTAS26SEP1020CE,VOLTAS,24SEP2026,102000.000000,375,OPTSTK,BFO,5.000000,30000,False
1122955,SENSEX26O1569800PE,SENSEX,15OCT2026,6980000.000000,20,OPTIDX,BFO,5.000000,1000,False
1106144,SUPREMEIND26NOV3750CE,SUPREMEIND,26NOV2026,375000.000000,175,OPTSTK,BFO,5.000000,100000000,False
1106160,YESBANK26NOV26CE,YESBANK,26NOV2026,2600.000000,31100,OPTSTK,BFO,5.000000,100000000,False
1106169,INDIGO26NOV4800PE,INDIGO,26NOV2026,480000.000000,150,OPTSTK,BFO,5.000000,12000,False
1106172,KALYANKJIL26NOVFUT,KALYANKJIL,26NOV2026,0.000000,1350,FUTSTK,BFO,5.000000,100000000,False
1122972,SENSEX26OCT69700CE,SENSEX,29OCT2026,6970000.000000,20,OPTIDX,BFO,5.000000,1000,False
1123054,HINDUNILVR26SEP1840PE,HINDUNILVR,24SEP2026,184000.000000,300,OPTSTK,BFO,5.000000,9000,False
1123055,ASIANPAINT26OCT2400CE,ASIANPAINT,29OCT2026,240000.000000,250,OPTSTK,BFO,5.000000,8000,False
1123058,SENSEX2691769700CE,SENSEX,17SEP2026,6970000.000000,20,OPTIDX,BFO,5.000000,1000,False
1106210,HDFCBANK26NOV640CE,HDFCBANK,26NOV2026,64000.000000,650,OPTSTK,BFO,5.000000,16500,False
1106214,ABCAPITAL26NOV425PE,ABCAPITAL,26NOV2026,42500.000000,3100,OPTSTK,BFO,5.000000,162000,False
1106220,JIOFIN26NOV252.5PE,JIOFIN,26NOV2026,25250.000000,2350,OPTSTK,BFO,5.000000,100000000,False
1106224,SENSEX27MAR78000CE,SENSEX,25MAR2027,7800000.000000,20,OPTIDX,BFO,5.000000,1000,False
1118281,HEROMOTOCO26NOV6300PE,HEROMOTOCO,26NOV2026,630000.000000,150,OPTSTK,BFO,5.000000,9000,False
1118297,SAGILITY26SEP52CE,SAGILITY,24SEP2026,5200.000000,12000,OPTSTK,BFO,5.000000,100000000,False
1118313,FEDERALBNK26NOV380PE,FEDERALBNK,26NOV2026,38000.000000,2500,OPTSTK,BFO,5.000000,200000,False
1118360,CROMPTON26OCT200PE,CROMPTON,29OCT2026,20000.000000,2150,OPTSTK,BFO,5.000000,90000,False
1123063,HINDUNILVR26SEP1840CE,HINDUNILVR,24SEP2026,184000.000000,300,OPTSTK,BFO,5.000000,9000,False
1123073,VOLTAS26NOV1040PE,VOLTAS,26NOV2026,104000.000000,375,OPTSTK,BFO,5.000000,30000,False
1123178,HINDUNILVR26OCT1840PE,HINDUNILVR,29OCT2026,184000.000000,300,OPTSTK,BFO,5.000000,9000,False
1123193,BHARATFORG26NOV1880CE,BHARATFORG,26NOV2026,188000.000000,500,OPTSTK,BFO,5.000000,30000,False
1118376,RECLTD26SEP280CE,RECLTD,24SEP2026,28000.000000,1575,OPTSTK,BFO,5.000000,160000,False
1118395,OFSS26OCT12700CE,OFSS,29OCT2026,1270000.000000,100,OPTSTK,BFO,5.000000,8000,False
1118399,PERSISTENT26NOV6500PE,PERSISTENT,26NOV2026,650000.000000,125,OPTSTK,BFO,5.000000,5250,False
1118405,TITAN26NOV5500CE,TITAN,26NOV2026,550000.000000,175,OPTSTK,BFO,5.000000,11250,False
1106261,BHARATFORG26NOV2020PE,BHARATFORG,26NOV2026,202000.000000,500,OPTSTK,BFO,5.000000,30000,False
1106297,KFINTECH26NOV860CE,KFINTECH,26NOV2026,86000.000000,575,OPTSTK,BFO,5.000000,100000000,False
1106321,NAM-INDIA26NOV1100CE,NAM-INDIA,26NOV2026,110000.000000,625,OPTSTK,BFO,5.000000,100000000,False
1106329,FEDERALBNK26OCT300PE,FEDERALBNK,29OCT2026,30000.000000,2500,OPTSTK,BFO,5.000000,200000,False
1123220,ALKEM26OCT4900PE,ALKEM,29OCT2026,490000.000000,125,OPTSTK,BFO,5.000000,8000,False
1123230,COALINDIA26OCT455PE,COALINDIA,29OCT2026,45500.000000,1350,OPTSTK,BFO,5.000000,126000,False
1123271,HDFCAMC26NOV2150CE,HDFCAMC,26NOV2026,215000.000000,300,OPTSTK,BFO,5.000000,12000,False
1123285,SENSEX26O1569600CE,SENSEX,15OCT2026,6960000.000000,20,OPTIDX,BFO,5.000000,1000,False
1106331,COCHINSHIP26NOV1500PE,COCHINSHIP,26NOV2026,150000.000000,400,OPTSTK,BFO,5.000000,100000000,False
1106336,NAUKRI26NOV1380PE,NAUKRI,26NOV2026,138000.000000,550,OPTSTK,BFO,5.000000,6000,False
1106337,BAJAJFINSV26NOV2140CE,BAJAJFINSV,26NOV2026,214000.000000,300,OPTSTK,BFO,5.000000,20000,False
1106351,CROMPTON26NOV255PE,CROMPTON,26NOV2026,25500.000000,2150,OPTSTK,BFO,5.000000,90000,False
1123334,POLYCAB26SEP8100PE,POLYCAB,24SEP2026,810000.000000,125,OPTSTK,BFO,5.000000,9000,False
1123345,PNB26NOV124PE,PNB,26NOV2026,12400.000000,8000,OPTSTK,BFO,5.000000,480000,False
1123420,SENSEX26O0869600PE,SENSEX,08OCT2026,6960000.000000,20,OPTIDX,BFO,5.000000,1000,False
1123441,ASIANPAINT26NOV2380CE,ASIANPAINT,26NOV2026,238000.000000,250,OPTSTK,BFO,5.000000,8000,False
1118407,BANKEX26NOV71700PE,BANKEX,26NOV2026,7170000.000000,30,OPTIDX,BFO,5.000000,900,False
1118427,TCS26NOV2420CE,TCS,26NOV2026,242000.000000,225,OPTSTK,BFO,5.000000,7000,False
1118448,NAUKRI26NOV1500PE,NAUKRI,26NOV2026,150000.000000,550,OPTSTK,BFO,5.000000,6000,False
1118483,MAZDOCK26NOV2200PE,MAZDOCK,26NOV2026,220000.000000,225,OPTSTK,BFO,5.000000,100000000,False
1106399,POLYCAB26NOV9000CE,POLYCAB,26NOV2026,900000.000000,125,OPTSTK,BFO,5.000000,9000,False
1106400,ATHERENERG26NOV1420PE,ATHERENERG,26NOV2026,142000.000000,375,OPTSTK,BFO,5.000000,100000000,False
1106421,KEI26NOV5700PE,KEI,26NOV2026,570000.000000,175,OPTSTK,BFO,5.000000,100000000,False
1106450,SENSEX26NOV83200CE,SENSEX,26NOV2026,8320000.000000,20,OPTIDX,BFO,5.000000,1000,False
1123444,GODFRYPHLP26OCT1700CE,GODFRYPHLP,29OCT2026,170000.000000,275,OPTSTK,BFO,5.000000,100000000,False
1123562,SENSEX26O2273100CE,SENSEX,22OCT2026,7310000.000000,20,OPTIDX,BFO,5.000000,1000,False
1123583,SOLARINDS26OCT22750PE,SOLARINDS,29OCT2026,2275000.000000,50,OPTSTK,BFO,5.000000,100000000,False
1123594,LUPIN26NOV2000PE,LUPIN,26NOV2026,200000.000000,425,OPTSTK,BFO,5.000000,34000,False
1106525,ICICIPRULI26NOV475PE,ICICIPRULI,26NOV2026,47500.000000,925,OPTSTK,BFO,5.000000,60000,False
1106526,POLICYBZR26NOV1740CE,POLICYBZR,26NOV2026,174000.000000,350,OPTSTK,BFO,5.000000,100000000,False
1106627,NAUKRI26NOV1440CE,NAUKRI,26NOV2026,144000.000000,550,OPTSTK,BFO,5.000000,6000,False
1106641,HDFCLIFE26NOV560CE,HDFCLIFE,26NOV2026,56000.000000,1100,OPTSTK,BFO,5.000000,44000,False
1118493,GLENMARK26NOV2660CE,GLENMARK,26NOV2026,266000.000000,375,OPTSTK,BFO,5.000000,43500,False
1118494,ICICIGI26OCT1440PE,ICICIGI,29OCT2026,144000.000000,325,OPTSTK,BFO,5.000000,20000,False
1118563,COFORGE26NOV2140CE,COFORGE,26NOV2026,214000.000000,475,OPTSTK,BFO,5.000000,6000,False
1118574,LAURUSLABS26OCT2080CE,LAURUSLABS,29OCT2026,208000.000000,850,OPTSTK,BFO,5.000000,68000,False
1123613,SENSEX26O2280200CE,SENSEX,22OCT2026,8020000.000000,20,OPTIDX,BFO,5.000000,1000,False
1123617,SOLARINDS26NOV23000CE,SOLARINDS,26NOV2026,2300000.000000,50,OPTSTK,BFO,5.000000,100000000,False
1123622,SENSEX26O2271700PE,SENSEX,22OCT2026,7170000.000000,20,OPTIDX,BFO,5.000000,1000,False
1123632,SENSEX26O2270200PE,SENSEX,22OCT2026,7020000.000000,20,OPTIDX,BFO,5.000000,1000,False
1106645,SUPREMEIND26NOV3400PE,SUPREMEIND,26NOV2026,340000.000000,175,OPTSTK,BFO,5.000000,100000000,False
1106689,ONGC26NOV232.5PE,ONGC,26NOV2026,23250.000000,2250,OPTSTK,BFO,5.000000,154000,False
1106702,MARUTI26NOV13200CE,MARUTI,26NOV2026,1320000.000000,50,OPTSTK,BFO,5.000000,3000,False
1106707,DLF26NOV700CE,DLF,26NOV2026,70000.000000,950,OPTSTK,BFO,5.000000,49500,False
1118627,SENSEX26O1584000PE,SENSEX,15OCT2026,8400000.000000,20,OPTIDX,BFO,5.000000,1000,False
1118653,CONCOR26NOV545PE,CONCOR,26NOV2026,54500.000000,1250,OPTSTK,BFO,5.000000,40000,False
1118667,GODREJPROP26NOV1920CE,GODREJPROP,26NOV2026,192000.000000,325,OPTSTK,BFO,5.000000,19000,False
1118768,KAYNES26NOV3600PE,KAYNES,26NOV2026,360000.000000,150,OPTSTK,BFO,5.000000,100000000,False
1123636,SOLARINDS26OCT23250CE,SOLARINDS,29OCT2026,2325000.000000,50,OPTSTK,BFO,5.000000,100000000,False
1123666,HDFCLIFE26NOV495PE,HDFCLIFE,26NOV2026,49500.000000,1100,OPTSTK,BFO,5.000000,44000,False
1123681,BHARATFORG26NOV1840PE,BHARATFORG,26NOV2026,184000.000000,500,OPTSTK,BFO,5.000000,30000,False
1123732,SENSEX26O2280800CE,SENSEX,22OCT2026,8080000.000000,20,OPTIDX,BFO,5.000000,1000,False
1106735,CUMMINSIND26NOV4700PE,CUMMINSIND,26NOV2026,470000.000000,200,OPTSTK,BFO,5.000000,18000,False
1106755,SENSEX26NOV79500PE,SENSEX,26NOV2026,7950000.000000,20,OPTIDX,BFO,5.000000,1000,False
1106769,SENSEX5026NOV24850CE,SENSEX50,26NOV2026,2485000.000000,75,OPTIDX,BFO,5.000000,1800,False
1106826,SENSEX26O1580500PE,SENSEX,15OCT2026,8050000.000000,20,OPTIDX,BFO,5.000000,1000,False
1118863,JUBLFOOD26NOV455PE,JUBLFOOD,26NOV2026,45500.000000,1250,OPTSTK,BFO,5.000000,50000,False
1118918,ASHOKLEY26NOV157.5CE,ASHOKLEY,26NOV2026,15750.000000,5000,OPTSTK,BFO,5.000000,150000,False
1118952,OFSS26NOV12700PE,OFSS,26NOV2026,1270000.000000,100,OPTSTK,BFO,5.000000,8000,False
1118960,CROMPTON26SEP200PE,CROMPTON,24SEP2026,20000.000000,2150,OPTSTK,BFO,5.000000,90000,False
1123745,RBLBANK26SEP435CE,RBLBANK,24SEP2026,43500.000000,3175,OPTSTK,BFO,5.000000,150000,False
1123758,SENSEX26O2272500PE,SENSEX,22OCT2026,7250000.000000,20,OPTIDX,BFO,5.000000,1000,False
1123814,SENSEX26O2274500CE,SENSEX,22OCT2026,7450000.000000,20,OPTIDX,BFO,5.000000,1000,False
1123833,MAHABANK26NOV93CE,MAHABANK,26NOV2026,9300.000000,6500,OPTSTK,BFO,5.000000,100000000,False
1106827,FEDERALBNK26OCT305PE,FEDERALBNK,29OCT2026,30500.000000,2500,OPTSTK,BFO,5.000000,200000,False
1106840,PERSISTENT26NOV5500CE,PERSISTENT,26NOV2026,550000.000000,125,OPTSTK,BFO,5.000000,5250,False
1106842,SBIN26NOV1080CE,SBIN,26NOV2026,108000.000000,750,OPTSTK,BFO,5.000000,45000,False
1106849,NESTLEIND26NOV1520PE,NESTLEIND,26NOV2026,152000.000000,500,OPTSTK,BFO,5.000000,1200,False
1118972,ASIANPAINT26SEP2460PE,ASIANPAINT,24SEP2026,246000.000000,250,OPTSTK,BFO,5.000000,8000,False
1118977,LUPIN26NOV2320PE,LUPIN,26NOV2026,232000.000000,425,OPTSTK,BFO,5.000000,34000,False
1118992,GLENMARK26SEP2620CE,GLENMARK,24SEP2026,262000.000000,375,OPTSTK,BFO,5.000000,43500,False
1119038,UNIONBANK26NOV202.5PE,UNIONBANK,26NOV2026,20250.000000,4425,OPTSTK,BFO,5.000000,100000000,False
1123840,MARICO26SEP750CE,MARICO,24SEP2026,75000.000000,1200,OPTSTK,BFO,5.000000,48000,False
1123856,SOLARINDS26SEP22500CE,SOLARINDS,24SEP2026,2250000.000000,50,OPTSTK,BFO,5.000000,100000000,False
1124045,RBLBANK26OCT440CE,RBLBANK,29OCT2026,44000.000000,3175,OPTSTK,BFO,5.000000,150000,False
1124060,SENSEX26O2282400CE,SENSEX,22OCT2026,8240000.000000,20,OPTIDX,BFO,5.000000,1000,False
1106865,JIOFIN26NOV225PE,JIOFIN,26NOV2026,22500.000000,2350,OPTSTK,BFO,5.000000,100000000,False
1106866,360ONE26NOV1120CE,,26NOV2026,112000.000000,500,OPTSTK,BFO,5.000000,100000000,False
1106892,ADANIENT26NOV3150CE,ADANIENT,26NOV2026,315000.000000,309,OPTSTK,BFO,5.000000,9000,False
1106881,SRF26NOV2550CE,SRF,26NOV2026,255000.000000,200,OPTSTK,BFO,5.000000,11250,False
1124137,SENSEX26O2277600CE,SENSEX,22OCT2026,7760000.000000,20,OPTIDX,BFO,5.000000,1000,False
1124143,SENSEX26O2276100CE,SENSEX,22OCT2026,7610000.000000,20,OPTIDX,BFO,5.000000,1000,False
1124179,SENSEX26O2272400CE,SENSEX,22OCT2026,7240000.000000,20,OPTIDX,BFO,5.000000,1000,False
1124202,SENSEX26O2280700PE,SENSEX,22OCT2026,8070000.000000,20,OPTIDX,BFO,5.000000,1000,False
1106901,PNBHOUSING26NOV1160PE,PNBHOUSING,26NOV2026,116000.000000,650,OPTSTK,BFO,5.000000,100000000,False
1106949,SONACOMS26NOV840CE,SONACOMS,26NOV2026,84000.000000,1225,OPTSTK,BFO,5.000000,100000000,False
1106971,SUPREMEIND26NOV3300CE,SUPREMEIND,26NOV2026,330000.000000,175,OPTSTK,BFO,5.000000,100000000,False
1106987,MPHASIS26NOV2500PE,MPHASIS,26NOV2026,250000.000000,275,OPTSTK,BFO,5.000000,11000,False
1119074,AUROPHARMA26NOV1800CE,AUROPHARMA,26NOV2026,180000.000000,550,OPTSTK,BFO,5.000000,44000,False
1119080,COFORGE26OCT2080CE,COFORGE,29OCT2026,208000.000000,475,OPTSTK,BFO,5.000000,6000,False
1119087,ADANIENSOL26NOV1440CE,ADANIENSOL,26NOV2026,144000.000000,675,OPTSTK,BFO,5.000000,100000000,False
1119107,FOCIT26NOV44600CE,FOCIT,26NOV2026,4460000.000000,45,OPTIDX,BFO,5.000000,1350,False
1124260,SENSEX26O0869400PE,SENSEX,08OCT2026,6940000.000000,20,OPTIDX,BFO,5.000000,1000,False
1124340,SENSEX26O2281500PE,SENSEX,22OCT2026,8150000.000000,20,OPTIDX,BFO,5.000000,1000,False
1124443,KAYNES26OCT3150PE,KAYNES,29OCT2026,315000.000000,150,OPTSTK,BFO,5.000000,100000000,False
1124488,MARUTI26OCT12000CE,MARUTI,29OCT2026,1200000.000000,50,OPTSTK,BFO,5.000000,3000,False
1106994,SENSEX26NOV78800CE,SENSEX,26NOV2026,7880000.000000,20,OPTIDX,BFO,5.000000,1000,False
1107009,JUBLFOOD26NOV470CE,JUBLFOOD,26NOV2026,47000.000000,1250,OPTSTK,BFO,5.000000,50000,False
1107049,HAL26NOV4950CE,HAL,26NOV2026,495000.000000,150,OPTSTK,BFO,5.000000,9000,False
1107059,JINDALSTEL26NOV1280CE,JINDALSTEL,26NOV2026,128000.000000,625,OPTSTK,BFO,5.000000,37500,False
1119151,GLENMARK26SEP2640CE,GLENMARK,24SEP2026,264000.000000,375,OPTSTK,BFO,5.000000,43500,False
1119201,DELHIVERY26NOV505PE,DELHIVERY,26NOV2026,50500.000000,2075,OPTSTK,BFO,5.000000,100000000,False
1119207,MARICO26NOV760PE,MARICO,26NOV2026,76000.000000,1200,OPTSTK,BFO,5.000000,48000,False
1119270,COFORGE26OCT2100PE,COFORGE,29OCT2026,210000.000000,475,OPTSTK,BFO,5.000000,6000,False
1124528,SENSEX26O0869300PE,SENSEX,08OCT2026,6930000.000000,20,OPTIDX,BFO,5.000000,1000,False
1124554,GODREJCP26OCT820CE,GODREJCP,29OCT2026,82000.000000,500,OPTSTK,BFO,5.000000,30000,False
1124574,SENSEX2691769500CE,SENSEX,17SEP2026,6950000.000000,20,OPTIDX,BFO,5.000000,1000,False
1124593,SENSEX26O2276300CE,SENSEX,22OCT2026,7630000.000000,20,OPTIDX,BFO,5.000000,1000,False
1107069,GAIL26NOV180PE,GAIL,26NOV2026,18000.000000,3550,OPTSTK,BFO,5.000000,274500,False
1107074,IDEA26NOV18CE,IDEA,26NOV2026,1800.000000,71475,OPTSTK,BFO,5.000000,2400000,False
1107115,BIOCON26NOV455PE,BIOCON,26NOV2026,45500.000000,2500,OPTSTK,BFO,5.000000,100000,False
1107158,TECHM26NOV1660CE,TECHM,26NOV2026,166000.000000,600,OPTSTK,BFO,5.000000,24000,False
1124636,BAJAJFINSV26NOV1820CE,BAJAJFINSV,26NOV2026,182000.000000,300,OPTSTK,BFO,5.000000,20000,False
1124652,SENSEX26O2276600PE,SENSEX,22OCT2026,7660000.000000,20,OPTIDX,BFO,5.000000,1000,False
1124662,SOLARINDS26SEP22750PE,SOLARINDS,24SEP2026,2275000.000000,50,OPTSTK,BFO,5.000000,100000000,False
1124699,SENSEX26O2275400CE,SENSEX,22OCT2026,7540000.000000,20,OPTIDX,BFO,5.000000,1000,False
1119280,HAVELLS26OCT1080PE,HAVELLS,29OCT2026,108000.000000,500,OPTSTK,BFO,5.000000,20000,False
1119281,TVSMOTOR26NOV3950PE,TVSMOTOR,26NOV2026,395000.000000,175,OPTSTK,BFO,5.000000,21000,False
1119295,IDFCFIRSTB26NOV90PE,IDFCFIRSTB,26NOV2026,9000.000000,9275,OPTSTK,BFO,5.000000,450000,False
1119354,OFSS26NOV12900PE,OFSS,26NOV2026,1290000.000000,100,OPTSTK,BFO,5.000000,8000,False
1107185,SENSEX5026NOV24250PE,SENSEX50,26NOV2026,2425000.000000,75,OPTIDX,BFO,5.000000,1800,False
1107195,CIPLA26NOV1360PE,CIPLA,26NOV2026,136000.000000,425,OPTSTK,BFO,5.000000,26000,False
1107208,PNBHOUSING26NOV1060CE,PNBHOUSING,26NOV2026,106000.000000,650,OPTSTK,BFO,5.000000,100000000,False
1107236,PHOENIXLTD26NOV1840PE,PHOENIXLTD,26NOV2026,184000.000000,350,OPTSTK,BFO,5.000000,100000000,False
1124972,SENSEX26O2281300CE,SENSEX,22OCT2026,8130000.000000,20,OPTIDX,BFO,5.000000,1000,False
1125045,CROMPTON26OCT190PE,CROMPTON,29OCT2026,19000.000000,2150,OPTSTK,BFO,5.000000,90000,False
1125084,SENSEX26O2273300CE,SENSEX,22OCT2026,7330000.000000,20,OPTIDX,BFO,5.000000,1000,False
1125122,PGEL26OCT490CE,PGEL,29OCT2026,49000.000000,950,OPTSTK,BFO,5.000000,100000000,False
1119370,ATHERENERG26OCT1760CE,ATHERENERG,29OCT2026,176000.000000,375,OPTSTK,BFO,5.000000,100000000,False
1119378,MAHABANK26SEP77CE,MAHABANK,24SEP2026,7700.000000,6500,OPTSTK,BFO,5.000000,100000000,False
1119386,TVSMOTOR26NOV4000CE,TVSMOTOR,26NOV2026,400000.000000,175,OPTSTK,BFO,5.000000,21000,False
1119419,HDFCBANK26NOV790CE,HDFCBANK,26NOV2026,79000.000000,650,OPTSTK,BFO,5.000000,16500,False
1125134,SENSEX27MAR81000CE,SENSEX,25MAR2027,8100000.000000,20,OPTIDX,BFO,5.000000,1000,False
1125171,SENSEX26O2275300PE,SENSEX,22OCT2026,7530000.000000,20,OPTIDX,BFO,5.000000,1000,False
1107246,BDL26NOV1400CE,BDL,26NOV2026,140000.000000,425,OPTSTK,BFO,5.000000,100000000,False
1107249,MFSL26NOV1660CE,MFSL,26NOV2026,166000.000000,400,OPTSTK,BFO,5.000000,32000,False
1107257,ADANIENSOL26NOV1700PE,ADANIENSOL,26NOV2026,170000.000000,675,OPTSTK,BFO,5.000000,100000000,False
1107281,INDUSINDBK26NOV910CE,INDUSINDBK,26NOV2026,91000.000000,700,OPTSTK,BFO,5.000000,20000,False
1125136,SENSEX26O2279000PE,SENSEX,22OCT2026,7900000.000000,20,OPTIDX,BFO,5.000000,1000,False
1125161,SENSEX26O0169500CE,SENSEX,01OCT2026,6950000.000000,20,OPTIDX,BFO,5.000000,1000,False
1119442,ATHERENERG26NOV1640PE,ATHERENERG,26NOV2026,164000.000000,375,OPTSTK,BFO,5.000000,100000000,False
1119460,OIL26OCT520PE,OIL,29OCT2026,52000.000000,1400,OPTSTK,BFO,5.000000,100000000,False
1119471,ATHERENERG26OCT1640PE,ATHERENERG,29OCT2026,164000.000000,375,OPTSTK,BFO,5.000000,100000000,False
1119486,BANKEX26NOV71600CE,BANKEX,26NOV2026,7160000.000000,30,OPTIDX,BFO,5.000000,900,False
1107283,TCS26NOV2240PE,TCS,26NOV2026,224000.000000,225,OPTSTK,BFO,5.000000,7000,False
1107306,CANBK26NOV115PE,CANBK,26NOV2026,11500.000000,6750,OPTSTK,BFO,5.000000,81000,False
1107318,HEROMOTOCO26NOV4900CE,HEROMOTOCO,26NOV2026,490000.000000,150,OPTSTK,BFO,5.000000,9000,False
1107322,TECHM26NOV1580PE,TECHM,26NOV2026,158000.000000,600,OPTSTK,BFO,5.000000,24000,False
1125192,SENSEX26O2270100PE,SENSEX,22OCT2026,7010000.000000,20,OPTIDX,BFO,5.000000,1000,False
1125279,SENSEX5026OCT24000PE,SENSEX50,29OCT2026,2400000.000000,75,OPTIDX,BFO,5.000000,1800,False
1125366,SENSEX26O2272400PE,SENSEX,22OCT2026,7240000.000000,20,OPTIDX,BFO,5.000000,1000,False
1125390,GODREJCP26SEP820CE,GODREJCP,24SEP2026,82000.000000,500,OPTSTK,BFO,5.000000,30000,False
1107336,SENSEX26O1571500PE,SENSEX,15OCT2026,7150000.000000,20,OPTIDX,BFO,5.000000,1000,False
1107378,BDL26NOV1320PE,BDL,26NOV2026,132000.000000,425,OPTSTK,BFO,5.000000,100000000,False
1107392,TATAELXSI26NOVFUT,TATAELXSI,26NOV2026,0.000000,125,FUTSTK,BFO,5.000000,100000000,False
1107395,MANKIND26NOV2320CE,MANKIND,26NOV2026,232000.000000,250,OPTSTK,BFO,5.000000,100000000,False
1119507,NHPC26OCT68PE,NHPC,29OCT2026,6800.000000,6950,OPTSTK,BFO,5.000000,100000000,False
1119535,MARICO26NOV760CE,MARICO,26NOV2026,76000.000000,1200,OPTSTK,BFO,5.000000,48000,False
1119537,MANKIND26NOV2260PE,MANKIND,26NOV2026,226000.000000,250,OPTSTK,BFO,5.000000,100000000,False
1119541,SAIL26SEP215PE,SAIL,24SEP2026,21500.000000,4700,OPTSTK,BFO,5.000000,320000,False
1125462,SENSEX26O2281500CE,SENSEX,22OCT2026,8150000.000000,20,OPTIDX,BFO,5.000000,1000,False
1125512,ULTRACEMCO26SEP10500CE,ULTRACEMCO,24SEP2026,1050000.000000,50,OPTSTK,BFO,5.000000,3000,False
1125536,SENSEX26O2280300PE,SENSEX,22OCT2026,8030000.000000,20,OPTIDX,BFO,5.000000,1000,False
1125546,SENSEX26O0169400PE,SENSEX,01OCT2026,6940000.000000,20,OPTIDX,BFO,5.000000,1000,False
1119548,ATHERENERG26OCT1660PE,ATHERENERG,29OCT2026,166000.000000,375,OPTSTK,BFO,5.000000,100000000,False
1119611,VBL26SEP340PE,VBL,24SEP2026,34000.000000,1275,OPTSTK,BFO,5.000000,100000000,False
1119640,SAGILITY26SEP51CE,SAGILITY,24SEP2026,5100.000000,12000,OPTSTK,BFO,5.000000,100000000,False
1119657,KPITTECH26NOV680CE,KPITTECH,26NOV2026,68000.000000,775,OPTSTK,BFO,5.000000,100000000,False
1125550,SENSEX26O2280600CE,SENSEX,22OCT2026,8060000.000000,20,OPTIDX,BFO,5.000000,1000,False
1125558,SENSEX26OCT69500PE,SENSEX,29OCT2026,6950000.000000,20,OPTIDX,BFO,5.000000,1000,False
1125636,SENSEX26O2282600PE,SENSEX,22OCT2026,8260000.000000,20,OPTIDX,BFO,5.000000,1000,False
1125745,SENSEX26O2281700PE,SENSEX,22OCT2026,8170000.000000,20,OPTIDX,BFO,5.000000,1000,False
1107420,MAHABANK26NOV91CE,MAHABANK,26NOV2026,9100.000000,6500,OPTSTK,BFO,5.000000,100000000,False
1107448,SENSEX26NOV71100CE,SENSEX,26NOV2026,7110000.000000,20,OPTIDX,BFO,5.000000,1000,False
1107449,DABUR26NOV415PE,DABUR,26NOV2026,41500.000000,1250,OPTSTK,BFO,5.000000,50000,False
1107467,SENSEX26NOV75700CE,SENSEX,26NOV2026,7570000.000000,20,OPTIDX,BFO,5.000000,1000,False
1125774,GLENMARK26NOV2280CE,GLENMARK,26NOV2026,228000.000000,375,OPTSTK,BFO,5.000000,43500,False
1125804,AUBANK26NOV920CE,AUBANK,26NOV2026,92000.000000,1000,OPTSTK,BFO,5.000000,30000,False
1125817,LUPIN26SEP1980CE,LUPIN,24SEP2026,198000.000000,425,OPTSTK,BFO,5.000000,34000,False
1125849,GLENMARK26NOV2300PE,GLENMARK,26NOV2026,230000.000000,375,OPTSTK,BFO,5.000000,43500,False
1107480,AMBUJACEM26NOV445CE,AMBUJACEM,26NOV2026,44500.000000,1200,OPTSTK,BFO,5.000000,54000,False
1107552,ATHERENERG26NOV1620PE,ATHERENERG,26NOV2026,162000.000000,375,OPTSTK,BFO,5.000000,100000000,False
1107567,ULTRACEMCO26NOV11600PE,ULTRACEMCO,26NOV2026,1160000.000000,50,OPTSTK,BFO,5.000000,3000,False
1107572,DRREDDY26NOV1150CE,DRREDDY,26NOV2026,115000.000000,625,OPTSTK,BFO,5.000000,5000,False
1119668,FOCIT26NOV44400PE,FOCIT,26NOV2026,4440000.000000,45,OPTIDX,BFO,5.000000,1350,False
1119672,GAIL26OCT152.5CE,GAIL,29OCT2026,15250.000000,3550,OPTSTK,BFO,5.000000,274500,False
1119682,NHPC26NOV69PE,NHPC,26NOV2026,6900.000000,6950,OPTSTK,BFO,5.000000,100000000,False
1119953,IRFC26OCT76PE,IRFC,29OCT2026,7600.000000,5425,OPTSTK,BFO,5.000000,100000000,False
1125870,LICHSGFIN26SEP640CE,LICHSGFIN,24SEP2026,64000.000000,1000,OPTSTK,BFO,5.000000,60000,False
1125874,POLYCAB26SEP7800CE,POLYCAB,24SEP2026,780000.000000,125,OPTSTK,BFO,5.000000,9000,False
1125889,CUMMINSIND26SEP4300PE,CUMMINSIND,24SEP2026,430000.000000,200,OPTSTK,BFO,5.000000,18000,False
1125898,360ONE26NOV1000PE,,26NOV2026,100000.000000,500,OPTSTK,BFO,5.000000,100000000,False
1107577,BANKBARODA26NOV240PE,BANKBARODA,26NOV2026,24000.000000,2925,OPTSTK,BFO,5.000000,175500,False
1107584,MAZDOCK26NOV2400PE,MAZDOCK,26NOV2026,240000.000000,225,OPTSTK,BFO,5.000000,100000000,False
1107599,BANDHANBNK26NOV140PE,BANDHANBNK,26NOV2026,14000.000000,3600,OPTSTK,BFO,5.000000,100000,False
1107619,SENSEX26NOV83400CE,SENSEX,26NOV2026,8340000.000000,20,OPTIDX,BFO,5.000000,1000,False
1125905,POLYCAB26OCT7800PE,POLYCAB,29OCT2026,780000.000000,125,OPTSTK,BFO,5.000000,9000,False
1125922,CUMMINSIND26OCT4300PE,CUMMINSIND,29OCT2026,430000.000000,200,OPTSTK,BFO,5.000000,18000,False
1125924,TVSMOTOR26NOV3800PE,TVSMOTOR,26NOV2026,380000.000000,175,OPTSTK,BFO,5.000000,21000,False
1125937,POWERINDIA26NOV28000PE,POWERINDIA,26NOV2026,2800000.000000,25,OPTSTK,BFO,5.000000,100000000,False
1119956,ICICIBANK26NOV1520PE,ICICIBANK,26NOV2026,152000.000000,700,OPTSTK,BFO,5.000000,28000,False
1119964,SBICARD26NOV720CE,SBICARD,26NOV2026,72000.000000,800,OPTSTK,BFO,5.000000,32000,False
1119982,ADANIPORTS26OCT1500PE,ADANIPORTS,29OCT2026,150000.000000,475,OPTSTK,BFO,5.000000,32000,False
1120128,AUROPHARMA26NOV1820PE,AUROPHARMA,26NOV2026,182000.000000,550,OPTSTK,BFO,5.000000,44000,False
1107630,HDFCBANK26NOV750CE,HDFCBANK,26NOV2026,75000.000000,650,OPTSTK,BFO,5.000000,16500,False
1107640,LAURUSLABS26NOV2040PE,LAURUSLABS,26NOV2026,204000.000000,850,OPTSTK,BFO,5.000000,68000,False
1107641,FOCIT26NOV32500CE,FOCIT,26NOV2026,3250000.000000,45,OPTIDX,BFO,5.000000,1350,False
1107670,BOSCHLTD26NOV51000CE,BOSCHLTD,26NOV2026,5100000.000000,25,OPTSTK,BFO,5.000000,1500,False
1120141,BIOCON26NOV370CE,BIOCON,26NOV2026,37000.000000,2500,OPTSTK,BFO,5.000000,100000,False
1120157,RADICO26NOV4200CE,RADICO,26NOV2026,420000.000000,150,OPTSTK,BFO,5.000000,100000000,False
1120172,GODREJPROP26NOV1880PE,GODREJPROP,26NOV2026,188000.000000,325,OPTSTK,BFO,5.000000,19000,False
1120182,GMRAIRPORT26NOV90PE,GMRAIRPORT,26NOV2026,9000.000000,6975,OPTSTK,BFO,5.000000,675000,False
1125946,EICHERMOT26NOV6900CE,EICHERMOT,26NOV2026,690000.000000,100,OPTSTK,BFO,5.000000,7000,False
1125990,ZYDUSLIFE26NOV1060PE,ZYDUSLIFE,26NOV2026,106000.000000,900,OPTSTK,BFO,5.000000,54000,False
1126036,POLYCAB26SEP7600CE,POLYCAB,24SEP2026,760000.000000,125,OPTSTK,BFO,5.000000,9000,False
1126044,SENSEX26O2283400CE,SENSEX,22OCT2026,8340000.000000,20,OPTIDX,BFO,5.000000,1000,False
1107672,ALKEM26NOV5200CE,ALKEM,26NOV2026,520000.000000,125,OPTSTK,BFO,5.000000,8000,False
1107689,SAGILITY26NOV48PE,SAGILITY,26NOV2026,4800.000000,12000,OPTSTK,BFO,5.000000,100000000,False
1107699,CUMMINSIND26NOV5600CE,CUMMINSIND,26NOV2026,560000.000000,200,OPTSTK,BFO,5.000000,18000,False
1107703,POWERINDIA26NOV37500PE,POWERINDIA,26NOV2026,3750000.000000,25,OPTSTK,BFO,5.000000,100000000,False
1126108,SUZLON26SEP38PE,SUZLON,24SEP2026,3800.000000,12700,OPTSTK,BFO,5.000000,100000000,False
1126131,HDFCAMC26NOV2100PE,HDFCAMC,26NOV2026,210000.000000,300,OPTSTK,BFO,5.000000,12000,False
1126160,MARICO26NOV740PE,MARICO,26NOV2026,74000.000000,1200,OPTSTK,BFO,5.000000,48000,False
1126275,TATAELXSI26NOV3200PE,TATAELXSI,26NOV2026,320000.000000,125,OPTSTK,BFO,5.000000,100000000,False
1107720,GLENMARK26NOV2560CE,GLENMARK,26NOV2026,256000.000000,375,OPTSTK,BFO,5.000000,43500,False
1107721,FEDERALBNK26NOV330PE,FEDERALBNK,26NOV2026,33000.000000,2500,OPTSTK,BFO,5.000000,200000,False
1107723,MAZDOCK26NOVFUT,MAZDOCK,26NOV2026,0.000000,225,FUTSTK,BFO,5.000000,100000000,False
1107750,APLAPOLLO26NOV2320CE,APLAPOLLO,26NOV2026,232000.000000,350,OPTSTK,BFO,5.000000,100000000,False
1120213,AUROPHARMA26OCT1840PE,AUROPHARMA,29OCT2026,184000.000000,550,OPTSTK,BFO,5.000000,44000,False
1120247,SIEMENS26NOV3700CE,SIEMENS,26NOV2026,370000.000000,175,OPTSTK,BFO,5.000000,8250,False
1120266,PHOENIXLTD26NOV1740PE,PHOENIXLTD,26NOV2026,174000.000000,350,OPTSTK,BFO,5.000000,100000000,False
1120305,BRITANNIA26NOV4900PE,BRITANNIA,26NOV2026,490000.000000,125,OPTSTK,BFO,5.000000,6000,False
1126298,POLICYBZR26NOV2000CE,POLICYBZR,26NOV2026,200000.000000,350,OPTSTK,BFO,5.000000,100000000,False
1126370,FOCIT26OCT29700CE,FOCIT,29OCT2026,2970000.000000,45,OPTIDX,BFO,5.000000,1350,False
1126383,IEX26NOV100CE,IEX,26NOV2026,10000.000000,4350,OPTSTK,BFO,5.000000,150000,False
1126418,GODFRYPHLP26SEP1650PE,GODFRYPHLP,24SEP2026,165000.000000,275,OPTSTK,BFO,5.000000,100000000,False
1107767,VMM26NOV107.5PE,VMM,26NOV2026,10750.000000,4850,OPTSTK,BFO,5.000000,100000000,False
1107774,IDFCFIRSTB26NOV75CE,IDFCFIRSTB,26NOV2026,7500.000000,9275,OPTSTK,BFO,5.000000,450000,False
1107793,NMDC26NOV90CE,NMDC,26NOV2026,9000.000000,6750,OPTSTK,BFO,5.000000,225000,False
1107798,CGPOWER26NOV860CE,CGPOWER,26NOV2026,86000.000000,850,OPTSTK,BFO,5.000000,100000000,False
1120316,BAJFINANCE26NOV1000PE,BAJFINANCE,26NOV2026,100000.000000,750,OPTSTK,BFO,5.000000,3750,False
1120325,ADANIENSOL26NOV1320CE,ADANIENSOL,26NOV2026,132000.000000,675,OPTSTK,BFO,5.000000,100000000,False
1120335,ATHERENERG26OCT1780PE,ATHERENERG,29OCT2026,178000.000000,375,OPTSTK,BFO,5.000000,100000000,False
1120351,ADANIGREEN26NOV1080PE,ADANIGREEN,26NOV2026,108000.000000,600,OPTSTK,BFO,5.000000,100000000,False
1126436,MOTILALOFS26OCT1200PE,MOTILALOFS,29OCT2026,120000.000000,775,OPTSTK,BFO,5.000000,100000000,False
1126530,GODREJCP26NOV790PE,GODREJCP,26NOV2026,79000.000000,500,OPTSTK,BFO,5.000000,30000,False
1126557,ICICIPRULI26NOV450PE,ICICIPRULI,26NOV2026,45000.000000,925,OPTSTK,BFO,5.000000,60000,False
1126570,KEI26NOV4000CE,KEI,26NOV2026,400000.000000,175,OPTSTK,BFO,5.000000,100000000,False
1107814,SENSEX26O1570700PE,SENSEX,15OCT2026,7070000.000000,20,OPTIDX,BFO,5.000000,1000,False
1107838,KAYNES26NOV3950PE,KAYNES,26NOV2026,395000.000000,150,OPTSTK,BFO,5.000000,100000000,False
1107856,TRENT26NOV2600CE,TRENT,26NOV2026,260000.000000,225,OPTSTK,BFO,5.000000,16000,False
1107865,BANKEX26NOV67000CE,BANKEX,26NOV2026,6700000.000000,30,OPTIDX,BFO,5.000000,900,False
1120376,IRFC26SEP76PE,IRFC,24SEP2026,7600.000000,5425,OPTSTK,BFO,5.000000,100000000,False
1120392,RADICO26NOV4150PE,RADICO,26NOV2026,415000.000000,150,OPTSTK,BFO,5.000000,100000000,False
1120394,HAL26NOV4450PE,HAL,26NOV2026,445000.000000,150,OPTSTK,BFO,5.000000,9000,False
1120398,ITC26NOV240CE,ITC,26NOV2026,24000.000000,1725,OPTSTK,BFO,5.000000,64000,False
1126623,GODFRYPHLP26NOV1650CE,GODFRYPHLP,26NOV2026,165000.000000,275,OPTSTK,BFO,5.000000,100000000,False
1126629,MANAPPURAM26OCT295CE,MANAPPURAM,29OCT2026,29500.000000,3000,OPTSTK,BFO,5.000000,180000,False
1126633,RADICO26NOV4100CE,RADICO,26NOV2026,410000.000000,150,OPTSTK,BFO,5.000000,100000000,False
1126659,SAIL26NOV172.5PE,SAIL,26NOV2026,17250.000000,4700,OPTSTK,BFO,5.000000,320000,False
1107873,HAVELLS26NOV1100PE,HAVELLS,26NOV2026,110000.000000,500,OPTSTK,BFO,5.000000,20000,False
1107874,APOLLOHOSP26NOV9300PE,APOLLOHOSP,26NOV2026,930000.000000,125,OPTSTK,BFO,5.000000,5000,False
1107905,PATANJALI26NOVFUT,PATANJALI,26NOV2026,0.000000,1075,FUTSTK,BFO,5.000000,100000000,False
1107910,ATHERENERG26SEP1420CE,ATHERENERG,24SEP2026,142000.000000,375,OPTSTK,BFO,5.000000,100000000,False
1120477,ADANIENT26NOV2600CE,ADANIENT,26NOV2026,260000.000000,309,OPTSTK,BFO,5.000000,9000,False
1120480,MARUTI26NOV14200CE,MARUTI,26NOV2026,1420000.000000,50,OPTSTK,BFO,5.000000,3000,False
1120525,ABB26NOV6700CE,ABB,26NOV2026,670000.000000,125,OPTSTK,BFO,5.000000,7500,False
1120559,BAJAJ-AUTO26OCT12700CE,BAJAJ-AUTO,29OCT2026,1270000.000000,75,OPTSTK,BFO,5.000000,5000,False
1126700,ASIANPAINT26OCT2360PE,ASIANPAINT,29OCT2026,236000.000000,250,OPTSTK,BFO,5.000000,8000,False
1126707,BHEL26NOV385PE,BHEL,26NOV2026,38500.000000,2625,OPTSTK,BFO,5.000000,315000,False
1126723,BHARATFORG26SEP1820PE,BHARATFORG,24SEP2026,182000.000000,500,OPTSTK,BFO,5.000000,30000,False
1126785,DABUR26NOV340PE,DABUR,26NOV2026,34000.000000,1250,OPTSTK,BFO,5.000000,50000,False
1126852,FOCIT26SEP29700CE,FOCIT,24SEP2026,2970000.000000,45,OPTIDX,BFO,5.000000,1350,False
1126926,DMART26OCT3350PE,DMART,29OCT2026,335000.000000,150,OPTSTK,BFO,5.000000,100000000,False
1126928,WIPRO26NOV155PE,WIPRO,26NOV2026,15500.000000,3000,OPTSTK,BFO,5.000000,60000,False
1126974,KEI26NOV4000PE,KEI,26NOV2026,400000.000000,175,OPTSTK,BFO,5.000000,100000000,False
1107926,PERSISTENT26NOV5700CE,PERSISTENT,26NOV2026,570000.000000,125,OPTSTK,BFO,5.000000,5250,False
1107945,LT26NOV3700PE,LT,26NOV2026,370000.000000,175,OPTSTK,BFO,5.000000,12000,False
1107958,TITAN26NOV5200CE,TITAN,26NOV2026,520000.000000,175,OPTSTK,BFO,5.000000,11250,False
1107975,360ONE26NOV1160CE,,26NOV2026,116000.000000,500,OPTSTK,BFO,5.000000,100000000,False
1120580,BOSCHLTD26NOV52500CE,BOSCHLTD,26NOV2026,5250000.000000,25,OPTSTK,BFO,5.000000,1500,False
1120581,ITC26SEP242.5CE,ITC,24SEP2026,24250.000000,1725,OPTSTK,BFO,5.000000,64000,False
1120588,MAHABANK26NOV75CE,MAHABANK,26NOV2026,7500.000000,6500,OPTSTK,BFO,5.000000,100000000,False
1120630,GODREJCP26NOV830CE,GODREJCP,26NOV2026,83000.000000,500,OPTSTK,BFO,5.000000,30000,False
1108014,BANKBARODA26NOV245PE,BANKBARODA,26NOV2026,24500.000000,2925,OPTSTK,BFO,5.000000,175500,False
1108286,VMM26NOV110CE,VMM,26NOV2026,11000.000000,4850,OPTSTK,BFO,5.000000,100000000,False
1108446,PAYTM26NOV1840CE,PAYTM,26NOV2026,184000.000000,725,OPTSTK,BFO,5.000000,100000000,False
1108689,BANDHANBNK26NOV145PE,BANDHANBNK,26NOV2026,14500.000000,3600,OPTSTK,BFO,5.000000,100000,False
1127042,MARICO26OCT730CE,MARICO,29OCT2026,73000.000000,1200,OPTSTK,BFO,5.000000,48000,False
1127118,INDIANB26NOV800CE,INDIANB,26NOV2026,80000.000000,1000,OPTSTK,BFO,5.000000,100000000,False
1127126,GODREJCP26OCT790CE,GODREJCP,29OCT2026,79000.000000,500,OPTSTK,BFO,5.000000,30000,False
1127140,PERSISTENT26NOV4800CE,PERSISTENT,26NOV2026,480000.000000,125,OPTSTK,BFO,5.000000,5250,False
1120654,ITC26OCT240PE,ITC,29OCT2026,24000.000000,1725,OPTSTK,BFO,5.000000,64000,False
1120659,LODHA26NOV1100CE,LODHA,26NOV2026,110000.000000,625,OPTSTK,BFO,5.000000,100000000,False
1120671,CAMS26NOV850PE,CAMS,26NOV2026,85000.000000,825,OPTSTK,BFO,5.000000,100000000,False
1120679,AXISBANK26NOV1420CE,AXISBANK,26NOV2026,142000.000000,625,OPTSTK,BFO,5.000000,25000,False
1108793,ITC26NOV250CE,ITC,26NOV2026,25000.000000,1725,OPTSTK,BFO,5.000000,64000,False
1108989,RECLTD26NOV335CE,RECLTD,26NOV2026,33500.000000,1575,OPTSTK,BFO,5.000000,160000,False
1109071,SUPREMEIND26NOV3500CE,SUPREMEIND,26NOV2026,350000.000000,175,OPTSTK,BFO,5.000000,100000000,False
1109471,MPHASIS26NOV2700PE,MPHASIS,26NOV2026,270000.000000,275,OPTSTK,BFO,5.000000,11000,False
1127166,MANAPPURAM26NOV295CE,MANAPPURAM,26NOV2026,29500.000000,3000,OPTSTK,BFO,5.000000,180000,False
1127184,ICICIPRULI26NOV440CE,ICICIPRULI,26NOV2026,44000.000000,925,OPTSTK,BFO,5.000000,60000,False
1127227,SENSEX26OCT69100CE,SENSEX,29OCT2026,6910000.000000,20,OPTIDX,BFO,5.000000,1000,False
1127244,SENSEX5026NOV23850PE,SENSEX50,26NOV2026,2385000.000000,75,OPTIDX,BFO,5.000000,1800,False
1114294,ADANIENT26NOV2850CE,ADANIENT,26NOV2026,285000.000000,309,OPTSTK,BFO,5.000000,9000,False
1114308,ETERNAL26NOV325CE,ETERNAL,26NOV2026,32500.000000,2425,OPTSTK,BFO,5.000000,100000000,False
1114319,AMBUJACEM26NOV450PE,AMBUJACEM,26NOV2026,45000.000000,1200,OPTSTK,BFO,5.000000,54000,False
1114322,ULTRACEMCO26NOV12400CE,ULTRACEMCO,26NOV2026,1240000.000000,50,OPTSTK,BFO,5.000000,3000,False
1120708,SHREECEM26SEP22000PE,SHREECEM,24SEP2026,2200000.000000,25,OPTSTK,BFO,5.000000,1000,False
1120716,AMBUJACEM26NOV370PE,AMBUJACEM,26NOV2026,37000.000000,1200,OPTSTK,BFO,5.000000,54000,False
1120726,MAHABANK26OCT75CE,MAHABANK,29OCT2026,7500.000000,6500,OPTSTK,BFO,5.000000,100000000,False
1120733,IREDA26NOV97.5PE,IREDA,26NOV2026,9750.000000,4525,OPTSTK,BFO,5.000000,100000000,False
1109978,MAHABANK26OCT90PE,MAHABANK,29OCT2026,9000.000000,6500,OPTSTK,BFO,5.000000,100000000,False
1110731,MARICO26NOV900CE,MARICO,26NOV2026,90000.000000,1200,OPTSTK,BFO,5.000000,48000,False
1110736,NESTLEIND26NOV1470PE,NESTLEIND,26NOV2026,147000.000000,500,OPTSTK,BFO,5.000000,1200,False
1110744,VEDL26NOV305PE,VEDL,26NOV2026,30500.000000,1150,OPTSTK,BFO,5.000000,80000,False
1114330,CUMMINSIND26NOV5700CE,CUMMINSIND,26NOV2026,570000.000000,200,OPTSTK,BFO,5.000000,18000,False
1114347,MAHABANK26SEP92PE,MAHABANK,24SEP2026,9200.000000,6500,OPTSTK,BFO,5.000000,100000000,False
1114357,SUNPHARMA26NOV2020PE,SUNPHARMA,26NOV2026,202000.000000,350,OPTSTK,BFO,5.000000,28000,False
1114364,APLAPOLLO26NOV2260CE,APLAPOLLO,26NOV2026,226000.000000,350,OPTSTK,BFO,5.000000,100000000,False
1110751,SHRIRAMFIN26NOV1100CE,SHRIRAMFIN,26NOV2026,110000.000000,825,OPTSTK,BFO,5.000000,18000,False
1110758,VEDL26NOV270CE,VEDL,26NOV2026,27000.000000,1150,OPTSTK,BFO,5.000000,80000,False
1110775,ASTRAL26NOV1660PE,ASTRAL,26NOV2026,166000.000000,425,OPTSTK,BFO,5.000000,14680,False
1110783,JSWENERGY26NOV570PE,JSWENERGY,26NOV2026,57000.000000,1075,OPTSTK,BFO,5.000000,100000000,False
1120736,PATANJALI26OCT310CE,PATANJALI,29OCT2026,31000.000000,1075,OPTSTK,BFO,5.000000,100000000,False
1120737,BAJAJ-AUTO26NOV12800CE,BAJAJ-AUTO,26NOV2026,1280000.000000,75,OPTSTK,BFO,5.000000,5000,False
1120747,INDIANB26NOV960PE,INDIANB,26NOV2026,96000.000000,1000,OPTSTK,BFO,5.000000,100000000,False
1120775,ADANIPOWER26NOV170CE,ADANIPOWER,26NOV2026,17000.000000,3550,OPTSTK,BFO,5.000000,100000000,False
1114379,TVSMOTOR26NOV4050CE,TVSMOTOR,26NOV2026,405000.000000,175,OPTSTK,BFO,5.000000,21000,False
1114400,ITC26NOVFUT,ITC,26NOV2026,0.000000,1725,FUTSTK,BFO,5.000000,64000,False
1114434,FOCIT26NOV43700PE,FOCIT,26NOV2026,4370000.000000,45,OPTIDX,BFO,5.000000,1350,False
1114458,ITC26NOV280CE,ITC,26NOV2026,28000.000000,1725,OPTSTK,BFO,5.000000,64000,False
1110794,AMBUJACEM26NOV425PE,AMBUJACEM,26NOV2026,42500.000000,1200,OPTSTK,BFO,5.000000,54000,False
1110813,NHPC26NOV71PE,NHPC,26NOV2026,7100.000000,6950,OPTSTK,BFO,5.000000,100000000,False
1110819,AUBANK26NOV1160CE,AUBANK,26NOV2026,116000.000000,1000,OPTSTK,BFO,5.000000,30000,False
1110829,BDL26NOV1440CE,BDL,26NOV2026,144000.000000,425,OPTSTK,BFO,5.000000,100000000,False
1114460,INDIGO26NOV5200PE,INDIGO,26NOV2026,520000.000000,150,OPTSTK,BFO,5.000000,12000,False
1114461,BLUESTARCO26NOV1600CE,BLUESTARCO,26NOV2026,160000.000000,325,OPTSTK,BFO,5.000000,100000000,False
1114497,LTM26NOV4200CE,LTM,26NOV2026,420000.000000,150,OPTSTK,BFO,5.000000,4500,False
1114502,KFINTECH26NOV1000PE,KFINTECH,26NOV2026,100000.000000,575,OPTSTK,BFO,5.000000,100000000,False
1120820,COCHINSHIP26NOV1360PE,COCHINSHIP,26NOV2026,136000.000000,400,OPTSTK,BFO,5.000000,100000000,False
1120846,MOTHERSON26NOV185CE,MOTHERSON,26NOV2026,18500.000000,6150,OPTSTK,BFO,5.000000,284000,False
1120871,MAXHEALTH26NOV1090CE,MAXHEALTH,26NOV2026,109000.000000,525,OPTSTK,BFO,5.000000,100000000,False
1120884,ITC26NOV242.5CE,ITC,26NOV2026,24250.000000,1725,OPTSTK,BFO,5.000000,64000,False
1110843,M&M26NOV3600CE,M&M,26NOV2026,360000.000000,200,OPTSTK,BFO,5.000000,21000,False
1110845,DABUR26NOV385PE,DABUR,26NOV2026,38500.000000,1250,OPTSTK,BFO,5.000000,50000,False
1110855,SENSEX5026NOV25300PE,SENSEX50,26NOV2026,2530000.000000,75,OPTIDX,BFO,5.000000,1800,False
1110856,ITC26NOV282.5PE,ITC,26NOV2026,28250.000000,1725,OPTSTK,BFO,5.000000,64000,False
1114523,DMART26NOV3800CE,DMART,26NOV2026,380000.000000,150,OPTSTK,BFO,5.000000,100000000,False
1114528,SHRIRAMFIN26NOV1140PE,SHRIRAMFIN,26NOV2026,114000.000000,825,OPTSTK,BFO,5.000000,18000,False
1114537,BANKEX26NOV57500CE,BANKEX,26NOV2026,5750000.000000,30,OPTIDX,BFO,5.000000,900,False
1114552,ABB26NOV7100CE,ABB,26NOV2026,710000.000000,125,OPTSTK,BFO,5.000000,7500,False
1120913,AUROPHARMA26NOV1840CE,AUROPHARMA,26NOV2026,184000.000000,550,OPTSTK,BFO,5.000000,44000,False
1120946,SBILIFE26NOV1600CE,SBILIFE,26NOV2026,160000.000000,375,OPTSTK,BFO,5.000000,22500,False
1120951,MCX26SEP3750PE,MCX,24SEP2026,375000.000000,225,OPTSTK,BFO,5.000000,16000,False
1121006,ADANIGREEN26SEP1080CE,ADANIGREEN,24SEP2026,108000.000000,600,OPTSTK,BFO,5.000000,100000000,False
1110867,GRASIM26NOV3220CE,GRASIM,26NOV2026,322000.000000,250,OPTSTK,BFO,5.000000,14250,False
1110873,MAHABANK26SEP88CE,MAHABANK,24SEP2026,8800.000000,6500,OPTSTK,BFO,5.000000,100000000,False
1110879,SENSEX26NOV75000CE,SENSEX,26NOV2026,7500000.000000,20,OPTIDX,BFO,5.000000,1000,False
1110890,ADANIPORTS26NOV1600CE,ADANIPORTS,26NOV2026,160000.000000,475,OPTSTK,BFO,5.000000,32000,False
1114567,MARICO26NOV770CE,MARICO,26NOV2026,77000.000000,1200,OPTSTK,BFO,5.000000,48000,False
1114575,UPL26NOV520PE,UPL,26NOV2026,52000.000000,1355,OPTSTK,BFO,5.000000,39000,False
1114587,IDEA26NOV16PE,IDEA,26NOV2026,1600.000000,71475,OPTSTK,BFO,5.000000,2400000,False
1114605,OIL26NOV455PE,OIL,26NOV2026,45500.000000,1400,OPTSTK,BFO,5.000000,100000000,False
1114607,NESTLEIND26NOV1490CE,NESTLEIND,26NOV2026,149000.000000,500,OPTSTK,BFO,5.000000,1200,False
1114624,BANKEX26NOV60800PE,BANKEX,26NOV2026,6080000.000000,30,OPTIDX,BFO,5.000000,900,False
1114628,RADICO26NOV4900PE,RADICO,26NOV2026,490000.000000,150,OPTSTK,BFO,5.000000,100000000,False
1114630,FORTIS26NOV990CE,FORTIS,26NOV2026,99000.000000,775,OPTSTK,BFO,5.000000,100000000,False
1121015,ADANIENSOL26OCT1360PE,ADANIENSOL,29OCT2026,136000.000000,675,OPTSTK,BFO,5.000000,100000000,False
1121055,ADANIENT26NOV2600PE,ADANIENT,26NOV2026,260000.000000,309,OPTSTK,BFO,5.000000,9000,False
1121071,INDUSTOWER26NOV420CE,INDUSTOWER,26NOV2026,42000.000000,1700,OPTSTK,BFO,5.000000,170000,False
1121077,ADANIENSOL26OCT1380PE,ADANIENSOL,29OCT2026,138000.000000,675,OPTSTK,BFO,5.000000,100000000,False
1110894,NATIONALUM26NOV350CE,NATIONALUM,26NOV2026,35000.000000,1875,OPTSTK,BFO,5.000000,300000,False
1110900,KAYNES26NOVFUT,KAYNES,26NOV2026,0.000000,150,FUTSTK,BFO,5.000000,100000000,False
1110904,TMPV26NOV330CE,TMPV,26NOV2026,33000.000000,1600,OPTSTK,BFO,5.000000,42750,False
1110911,BAJAJ-AUTO26NOV11600PE,BAJAJ-AUTO,26NOV2026,1160000.000000,75,OPTSTK,BFO,5.000000,5000,False
1114638,SENSEX26NOV70800CE,SENSEX,26NOV2026,7080000.000000,20,OPTIDX,BFO,5.000000,1000,False
1114650,DIXON26NOV15500CE,DIXON,26NOV2026,1550000.000000,50,OPTSTK,BFO,5.000000,6000,False
1114658,INDUSINDBK26NOV980CE,INDUSINDBK,26NOV2026,98000.000000,700,OPTSTK,BFO,5.000000,20000,False
1114673,MANKIND26NOV2560PE,MANKIND,26NOV2026,256000.000000,250,OPTSTK,BFO,5.000000,100000000,False
1110932,BHEL26NOV440CE,BHEL,26NOV2026,44000.000000,2625,OPTSTK,BFO,5.000000,315000,False
1110970,AUROPHARMA26NOV1600PE,AUROPHARMA,26NOV2026,160000.000000,550,OPTSTK,BFO,5.000000,44000,False
1110991,COLPAL26NOV1880CE,COLPAL,26NOV2026,188000.000000,275,OPTSTK,BFO,5.000000,14000,False
1110995,KPITTECH26NOV580PE,KPITTECH,26NOV2026,58000.000000,775,OPTSTK,BFO,5.000000,100000000,False
1121092,HYUNDAI26NOV2080CE,HYUNDAI,26NOV2026,208000.000000,275,OPTSTK,BFO,5.000000,100000000,False
1121096,NATIONALUM26NOV310PE,NATIONALUM,26NOV2026,31000.000000,1875,OPTSTK,BFO,5.000000,300000,False
1121110,HAL26NOV4450CE,HAL,26NOV2026,445000.000000,150,OPTSTK,BFO,5.000000,9000,False
1121131,PIIND26SEP2050PE,PIIND,24SEP2026,205000.000000,175,OPTSTK,BFO,5.000000,7500,False
1114676,SUZLON26NOV41CE,SUZLON,26NOV2026,4100.000000,12700,OPTSTK,BFO,5.000000,100000000,False
1114678,HINDUNILVR26NOV1880CE,HINDUNILVR,26NOV2026,188000.000000,300,OPTSTK,BFO,5.000000,9000,False
1114693,OBEROIRLTY26NOV1820CE,OBEROIRLTY,26NOV2026,182000.000000,350,OPTSTK,BFO,5.000000,28000,False
1114725,JIOFIN26NOV220CE,JIOFIN,26NOV2026,22000.000000,2350,OPTSTK,BFO,5.000000,100000000,False
1111001,LAURUSLABS26OCT2040PE,LAURUSLABS,29OCT2026,204000.000000,850,OPTSTK,BFO,5.000000,68000,False
1111007,HAL26NOV4800PE,HAL,26NOV2026,480000.000000,150,OPTSTK,BFO,5.000000,9000,False
1111011,SOLARINDS26NOV19250CE,SOLARINDS,26NOV2026,1925000.000000,50,OPTSTK,BFO,5.000000,100000000,False
1111029,NMDC26NOV87PE,NMDC,26NOV2026,8700.000000,6750,OPTSTK,BFO,5.000000,225000,False
1114756,ITC26NOV285CE,ITC,26NOV2026,28500.000000,1725,OPTSTK,BFO,5.000000,64000,False
1114757,BANKBARODA26NOV200CE,BANKBARODA,26NOV2026,20000.000000,2925,OPTSTK,BFO,5.000000,175500,False
1114762,MUTHOOTFIN26NOV3000PE,MUTHOOTFIN,26NOV2026,300000.000000,275,OPTSTK,BFO,5.000000,22000,False
1114794,BHARTIARTL26NOV1900PE,BHARTIARTL,26NOV2026,190000.000000,475,OPTSTK,BFO,5.000000,28500,False
1121152,PGEL26NOV510CE,PGEL,26NOV2026,51000.000000,950,OPTSTK,BFO,5.000000,100000000,False
1121164,ATHERENERG26SEP1820CE,ATHERENERG,24SEP2026,182000.000000,375,OPTSTK,BFO,5.000000,100000000,False
1121213,ITC26SEP245PE,ITC,24SEP2026,24500.000000,1725,OPTSTK,BFO,5.000000,64000,False
1121220,ADANIGREEN26SEP1120CE,ADANIGREEN,24SEP2026,112000.000000,600,OPTSTK,BFO,5.000000,100000000,False
1111030,PHOENIXLTD26NOV1940CE,PHOENIXLTD,26NOV2026,194000.000000,350,OPTSTK,BFO,5.000000,100000000,False
1111068,SUNPHARMA26NOVFUT,SUNPHARMA,26NOV2026,0.000000,350,FUTSTK,BFO,5.000000,28000,False
1111070,APOLLOHOSP26NOV8900PE,APOLLOHOSP,26NOV2026,890000.000000,125,OPTSTK,BFO,5.000000,5000,False
1111083,FOCIT26NOV39800PE,FOCIT,26NOV2026,3980000.000000,45,OPTIDX,BFO,5.000000,1350,False
1114803,SWIGGY26NOV265CE,SWIGGY,26NOV2026,26500.000000,1825,OPTSTK,BFO,5.000000,100000000,False
1114810,JINDALSTEL26NOV1160PE,JINDALSTEL,26NOV2026,116000.000000,625,OPTSTK,BFO,5.000000,37500,False
1114814,ATHERENERG26OCT1480CE,ATHERENERG,29OCT2026,148000.000000,375,OPTSTK,BFO,5.000000,100000000,False
1114832,KOTAKBANK26OCT460CE,KOTAKBANK,29OCT2026,46000.000000,2000,OPTSTK,BFO,5.000000,12000,False
1111090,ADANIENSOL26NOV1480CE,ADANIENSOL,26NOV2026,148000.000000,675,OPTSTK,BFO,5.000000,100000000,False
1111094,SENSEX26NOV83600CE,SENSEX,26NOV2026,8360000.000000,20,OPTIDX,BFO,5.000000,1000,False
1111102,BANDHANBNK26NOV180PE,BANDHANBNK,26NOV2026,18000.000000,3600,OPTSTK,BFO,5.000000,100000,False
1111103,SRF26NOV2300CE,SRF,26NOV2026,230000.000000,200,OPTSTK,BFO,5.000000,11250,False
1121240,BSE26SEP1400PE,BSE,29SEP2026,140000.000000,200,OPTSTK,BFO,5.000000,3751,False
1121335,ONGC26NOV255CE,ONGC,26NOV2026,25500.000000,2250,OPTSTK,BFO,5.000000,154000,False
1121381,ATHERENERG26NOV1840CE,ATHERENERG,26NOV2026,184000.000000,375,OPTSTK,BFO,5.000000,100000000,False
1121384,VEDL26NOV240CE,VEDL,26NOV2026,24000.000000,1150,OPTSTK,BFO,5.000000,80000,False
1114858,VBL26NOV360PE,VBL,26NOV2026,36000.000000,1275,OPTSTK,BFO,5.000000,100000000,False
1114865,SENSEX26NOV78500PE,SENSEX,26NOV2026,7850000.000000,20,OPTIDX,BFO,5.000000,1000,False
1114867,MARICO26NOV770PE,MARICO,26NOV2026,77000.000000,1200,OPTSTK,BFO,5.000000,48000,False
1114869,BEL26NOV395PE,BEL,26NOV2026,39500.000000,1425,OPTSTK,BFO,5.000000,228000,False
1111113,BANKEX26NOV62900CE,BANKEX,26NOV2026,6290000.000000,30,OPTIDX,BFO,5.000000,900,False
1111116,BIOCON26NOV420CE,BIOCON,26NOV2026,42000.000000,2500,OPTSTK,BFO,5.000000,100000,False
1111117,GODFRYPHLP26NOV2000PE,GODFRYPHLP,26NOV2026,200000.000000,275,OPTSTK,BFO,5.000000,100000000,False
1111120,ASIANPAINT26NOV2600PE,ASIANPAINT,26NOV2026,260000.000000,250,OPTSTK,BFO,5.000000,8000,False
1121396,BOSCHLTD26NOV44500CE,BOSCHLTD,26NOV2026,4450000.000000,25,OPTSTK,BFO,5.000000,1500,False
1121403,ATHERENERG26NOV1860PE,ATHERENERG,26NOV2026,186000.000000,375,OPTSTK,BFO,5.000000,100000000,False
1121453,CHOLAFIN26NOV1680PE,CHOLAFIN,26NOV2026,168000.000000,625,OPTSTK,BFO,5.000000,25000,False
1121476,360ONE26NOV1020PE,,26NOV2026,102000.000000,500,OPTSTK,BFO,5.000000,100000000,False
1114876,ADANIGREEN26NOV1240PE,ADANIGREEN,26NOV2026,124000.000000,600,OPTSTK,BFO,5.000000,100000000,False
1114882,FOCIT26NOV29900PE,FOCIT,26NOV2026,2990000.000000,45,OPTIDX,BFO,5.000000,1350,False
1114888,PNBHOUSING26NOV1100PE,PNBHOUSING,26NOV2026,110000.000000,650,OPTSTK,BFO,5.000000,100000000,False
1114892,SENSEX26O1572500CE,SENSEX,15OCT2026,7250000.000000,20,OPTIDX,BFO,5.000000,1000,False
1111140,JINDALSTEL26NOV1200PE,JINDALSTEL,26NOV2026,120000.000000,625,OPTSTK,BFO,5.000000,37500,False
1111141,GMRAIRPORT26NOV98PE,GMRAIRPORT,26NOV2026,9800.000000,6975,OPTSTK,BFO,5.000000,675000,False
1111152,SENSEX26O1579000CE,SENSEX,15OCT2026,7900000.000000,20,OPTIDX,BFO,5.000000,1000,False
1111160,IRFC26NOV83PE,IRFC,26NOV2026,8300.000000,5425,OPTSTK,BFO,5.000000,100000000,False
1114896,MPHASIS26NOV2200CE,MPHASIS,26NOV2026,220000.000000,275,OPTSTK,BFO,5.000000,11000,False
1114905,FOCIT26NOV39000PE,FOCIT,26NOV2026,3900000.000000,45,OPTIDX,BFO,5.000000,1350,False
1114914,AUBANK26NOV1000PE,AUBANK,26NOV2026,100000.000000,1000,OPTSTK,BFO,5.000000,30000,False
1114935,MAHABANK26OCT79CE,MAHABANK,29OCT2026,7900.000000,6500,OPTSTK,BFO,5.000000,100000000,False
1121478,HYUNDAI26NOV2040CE,HYUNDAI,26NOV2026,204000.000000,275,OPTSTK,BFO,5.000000,100000000,False
1121515,MUTHOOTFIN26NOV2600PE,MUTHOOTFIN,26NOV2026,260000.000000,275,OPTSTK,BFO,5.000000,22000,False
1121524,KAYNES26NOV3250CE,KAYNES,26NOV2026,325000.000000,150,OPTSTK,BFO,5.000000,100000000,False
1121528,CROMPTON26NOV195PE,CROMPTON,26NOV2026,19500.000000,2150,OPTSTK,BFO,5.000000,90000,False
1111163,DELHIVERY26NOV430PE,DELHIVERY,26NOV2026,43000.000000,2075,OPTSTK,BFO,5.000000,100000000,False
1111180,HAL26NOV4550PE,HAL,26NOV2026,455000.000000,150,OPTSTK,BFO,5.000000,9000,False
1111186,NTPC26NOV325CE,NTPC,26NOV2026,32500.000000,1500,OPTSTK,BFO,5.000000,150000,False
1111234,JSWSTEEL26NOVFUT,JSWSTEEL,26NOV2026,0.000000,675,FUTSTK,BFO,5.000000,40500,False
1114940,SHREECEM26NOV22750CE,SHREECEM,26NOV2026,2275000.000000,25,OPTSTK,BFO,5.000000,1000,False
1114969,COLPAL26NOV1800CE,COLPAL,26NOV2026,180000.000000,275,OPTSTK,BFO,5.000000,14000,False
1114993,SRF26NOV2250PE,SRF,26NOV2026,225000.000000,200,OPTSTK,BFO,5.000000,11250,False
1114998,RVNL26NOV240PE,RVNL,26NOV2026,24000.000000,1925,OPTSTK,BFO,5.000000,100000000,False
1121560,UNITDSPR26OCT1320CE,UNITDSPR,29OCT2026,132000.000000,400,OPTSTK,BFO,5.000000,28000,False
1121563,TORNTPHARM26NOV4600PE,TORNTPHARM,26NOV2026,460000.000000,125,OPTSTK,BFO,5.000000,15000,False
1121589,ADANIENSOL26SEP1240CE,ADANIENSOL,24SEP2026,124000.000000,675,OPTSTK,BFO,5.000000,100000000,False
1121615,SHRIRAMFIN26NOV920CE,SHRIRAMFIN,26NOV2026,92000.000000,825,OPTSTK,BFO,5.000000,18000,False
1115006,JINDALSTEL26NOV1220CE,JINDALSTEL,26NOV2026,122000.000000,625,OPTSTK,BFO,5.000000,37500,False
1115011,CAMS26NOV700PE,CAMS,26NOV2026,70000.000000,825,OPTSTK,BFO,5.000000,100000000,False
1115037,CANBK26NOV110CE,CANBK,26NOV2026,11000.000000,6750,OPTSTK,BFO,5.000000,81000,False
1115044,TITAN26NOV4900CE,TITAN,26NOV2026,490000.000000,175,OPTSTK,BFO,5.000000,11250,False
1111264,SENSEX26NOV73000PE,SENSEX,26NOV2026,7300000.000000,20,OPTIDX,BFO,5.000000,1000,False
1111265,KAYNES26NOV4100PE,KAYNES,26NOV2026,410000.000000,150,OPTSTK,BFO,5.000000,100000000,False
1111267,ICICIBANK26NOV1500PE,ICICIBANK,26NOV2026,150000.000000,700,OPTSTK,BFO,5.000000,28000,False
1111285,COFORGE26NOV1760PE,COFORGE,26NOV2026,176000.000000,475,OPTSTK,BFO,5.000000,6000,False
1121648,VEDL26NOV240PE,VEDL,26NOV2026,24000.000000,1150,OPTSTK,BFO,5.000000,80000,False
1121654,TVSMOTOR26NOV3850CE,TVSMOTOR,26NOV2026,385000.000000,175,OPTSTK,BFO,5.000000,21000,False
1121655,M&M26NOV2900CE,M&M,26NOV2026,290000.000000,200,OPTSTK,BFO,5.000000,21000,False
1121682,PAGEIND26NOV32000PE,PAGEIND,26NOV2026,3200000.000000,20,OPTSTK,BFO,5.000000,600,False
1115047,BANKEX26NOV60700CE,BANKEX,26NOV2026,6070000.000000,30,OPTIDX,BFO,5.000000,900,False
1115119,GODREJPROP26NOV2020CE,GODREJPROP,26NOV2026,202000.000000,325,OPTSTK,BFO,5.000000,19000,False
1115108,MCX26NOV3600CE,MCX,26NOV2026,360000.000000,225,OPTSTK,BFO,5.000000,16000,False
1115112,BANKINDIA26NOV157.5PE,BANKINDIA,26NOV2026,15750.000000,5200,OPTSTK,BFO,5.000000,100000000,False
1111288,OIL26NOV465CE,OIL,26NOV2026,46500.000000,1400,OPTSTK,BFO,5.000000,100000000,False
1111300,GODREJPROP26NOV2000PE,GODREJPROP,26NOV2026,200000.000000,325,OPTSTK,BFO,5.000000,19000,False
1111313,HCLTECH26NOV1340PE,HCLTECH,26NOV2026,134000.000000,400,OPTSTK,BFO,5.000000,21000,False
1111320,DRREDDY26NOV1180PE,DRREDDY,26NOV2026,118000.000000,625,OPTSTK,BFO,5.000000,5000,False
1121687,BIOCON26NOV365PE,BIOCON,26NOV2026,36500.000000,2500,OPTSTK,BFO,5.000000,100000,False
1121698,ADANIENT26SEP2500CE,ADANIENT,24SEP2026,250000.000000,309,OPTSTK,BFO,5.000000,9000,False
1121726,TIINDIA26NOV2400PE,TIINDIA,26NOV2026,240000.000000,200,OPTSTK,BFO,5.000000,100000000,False
1121751,ADANIENSOL26OCT1260CE,ADANIENSOL,29OCT2026,126000.000000,675,OPTSTK,BFO,5.000000,100000000,False
1115123,MAHABANK26NOV90CE,MAHABANK,26NOV2026,9000.000000,6500,OPTSTK,BFO,5.000000,100000000,False
1115138,TIINDIA26NOV2550PE,TIINDIA,26NOV2026,255000.000000,200,OPTSTK,BFO,5.000000,100000000,False
1115144,TECHM26NOV1520PE,TECHM,26NOV2026,152000.000000,600,OPTSTK,BFO,5.000000,24000,False
1115155,LTF26NOV345PE,LTF,26NOV2026,34500.000000,2250,OPTSTK,BFO,5.000000,267720,False
1111337,LTM26NOV4300CE,LTM,26NOV2026,430000.000000,150,OPTSTK,BFO,5.000000,4500,False
1111339,SENSEX26NOV71600PE,SENSEX,26NOV2026,7160000.000000,20,OPTIDX,BFO,5.000000,1000,False
1111342,DIXON26NOV14000PE,DIXON,26NOV2026,1400000.000000,50,OPTSTK,BFO,5.000000,6000,False
1111361,HCLTECH26NOV1330CE,HCLTECH,26NOV2026,133000.000000,400,OPTSTK,BFO,5.000000,21000,False
1115183,PAGEIND26NOV33500PE,PAGEIND,26NOV2026,3350000.000000,20,OPTSTK,BFO,5.000000,600,False
1115162,LODHA26NOV1360PE,LODHA,26NOV2026,136000.000000,625,OPTSTK,BFO,5.000000,100000000,False
1115163,DIVISLAB26NOV9700CE,DIVISLAB,26NOV2026,970000.000000,100,OPTSTK,BFO,5.000000,8000,False
1115164,DIXON26NOV13250PE,DIXON,26NOV2026,1325000.000000,50,OPTSTK,BFO,5.000000,6000,False
1121755,ADANIENT26NOV2500PE,ADANIENT,26NOV2026,250000.000000,309,OPTSTK,BFO,5.000000,9000,False
1121762,ADANIENT26OCT2500PE,ADANIENT,29OCT2026,250000.000000,309,OPTSTK,BFO,5.000000,9000,False
1121769,HCLTECH26NOV1400PE,HCLTECH,26NOV2026,140000.000000,400,OPTSTK,BFO,5.000000,21000,False
1121777,ADANIENSOL26OCT1280PE,ADANIENSOL,29OCT2026,128000.000000,675,OPTSTK,BFO,5.000000,100000000,False
1111366,TATACONSUM26NOV980CE,TATACONSUM,26NOV2026,98000.000000,550,OPTSTK,BFO,5.000000,36000,False
1111376,MCX26NOV3250CE,MCX,26NOV2026,325000.000000,225,OPTSTK,BFO,5.000000,16000,False
1111412,CAMS26NOV730CE,CAMS,26NOV2026,73000.000000,825,OPTSTK,BFO,5.000000,100000000,False
1111440,COLPAL26NOVFUT,COLPAL,26NOV2026,0.000000,275,FUTSTK,BFO,5.000000,14000,False
1115190,PRESTIGE26NOV1720PE,PRESTIGE,26NOV2026,172000.000000,450,OPTSTK,BFO,5.000000,100000000,False
1115195,MOTILALOFS26NOV980CE,MOTILALOFS,26NOV2026,98000.000000,775,OPTSTK,BFO,5.000000,100000000,False
1115197,MFSL26NOV1520PE,MFSL,26NOV2026,152000.000000,400,OPTSTK,BFO,5.000000,32000,False
1115210,SAGILITY26OCT41PE,SAGILITY,29OCT2026,4100.000000,12000,OPTSTK,BFO,5.000000,100000000,False
1121790,ULTRACEMCO26SEP10700PE,ULTRACEMCO,24SEP2026,1070000.000000,50,OPTSTK,BFO,5.000000,3000,False
1121810,AMBER26NOV6800PE,AMBER,26NOV2026,680000.000000,100,OPTSTK,BFO,5.000000,100000000,False
1121815,BAJAJ-AUTO26NOV13000PE,BAJAJ-AUTO,26NOV2026,1300000.000000,75,OPTSTK,BFO,5.000000,5000,False
1121842,PGEL26OCT500PE,PGEL,29OCT2026,50000.000000,950,OPTSTK,BFO,5.000000,100000000,False
1111445,SENSEX26NOV81600PE,SENSEX,26NOV2026,8160000.000000,20,OPTIDX,BFO,5.000000,1000,False
1111459,FOCIT26NOV35100CE,FOCIT,26NOV2026,3510000.000000,45,OPTIDX,BFO,5.000000,1350,False
1111475,TIINDIA26NOV3050PE,TIINDIA,26NOV2026,305000.000000,200,OPTSTK,BFO,5.000000,100000000,False
1111476,AXISBANK26NOV1400PE,AXISBANK,26NOV2026,140000.000000,625,OPTSTK,BFO,5.000000,25000,False
1115220,HCLTECH26NOV1280PE,HCLTECH,26NOV2026,128000.000000,400,OPTSTK,BFO,5.000000,21000,False
1115235,LTM26NOV4400CE,LTM,26NOV2026,440000.000000,150,OPTSTK,BFO,5.000000,4500,False
1115239,IOC26NOV127.5CE,IOC,26NOV2026,12750.000000,4875,OPTSTK,BFO,5.000000,292500,False
1115280,HCLTECH26NOV1270CE,HCLTECH,26NOV2026,127000.000000,400,OPTSTK,BFO,5.000000,21000,False
1121859,BAJAJ-AUTO26OCT12900PE,BAJAJ-AUTO,29OCT2026,1290000.000000,75,OPTSTK,BFO,5.000000,5000,False
1121895,TRENT26OCT2500PE,TRENT,29OCT2026,250000.000000,225,OPTSTK,BFO,5.000000,16000,False
1121899,TVSMOTOR26NOV3900CE,TVSMOTOR,26NOV2026,390000.000000,175,OPTSTK,BFO,5.000000,21000,False
1121924,KALYANKJIL26NOV550PE,KALYANKJIL,26NOV2026,55000.000000,1350,OPTSTK,BFO,5.000000,100000000,False
1111481,GMRAIRPORT26NOV99CE,GMRAIRPORT,26NOV2026,9900.000000,6975,OPTSTK,BFO,5.000000,675000,False
1111490,SENSEX5026NOV26050PE,SENSEX50,26NOV2026,2605000.000000,75,OPTIDX,BFO,5.000000,1800,False
1111498,SENSEX26NOV70900CE,SENSEX,26NOV2026,7090000.000000,20,OPTIDX,BFO,5.000000,1000,False
1111500,TRENT26NOV3250PE,TRENT,26NOV2026,325000.000000,225,OPTSTK,BFO,5.000000,16000,False
1115281,BOSCHLTD26NOV46000CE,BOSCHLTD,26NOV2026,4600000.000000,25,OPTSTK,BFO,5.000000,1500,False
1115284,GMRAIRPORT26NOV100PE,GMRAIRPORT,26NOV2026,10000.000000,6975,OPTSTK,BFO,5.000000,675000,False
1115308,CROMPTON26NOV235PE,CROMPTON,26NOV2026,23500.000000,2150,OPTSTK,BFO,5.000000,90000,False
1115309,SENSEX26O1581700CE,SENSEX,15OCT2026,8170000.000000,20,OPTIDX,BFO,5.000000,1000,False
1121942,CHOLAFIN26NOV1680CE,CHOLAFIN,26NOV2026,168000.000000,625,OPTSTK,BFO,5.000000,25000,False
1121953,ICICIPRULI26NOV460PE,ICICIPRULI,26NOV2026,46000.000000,925,OPTSTK,BFO,5.000000,60000,False
1122046,ABCAPITAL26NOV360PE,ABCAPITAL,26NOV2026,36000.000000,3100,OPTSTK,BFO,5.000000,162000,False
1122053,ADANIENSOL26SEP1260PE,ADANIENSOL,24SEP2026,126000.000000,675,OPTSTK,BFO,5.000000,100000000,False
1111545,SOLARINDS26NOV21250PE,SOLARINDS,26NOV2026,2125000.000000,50,OPTSTK,BFO,5.000000,100000000,False
1111560,MANAPPURAM26NOV340PE,MANAPPURAM,26NOV2026,34000.000000,3000,OPTSTK,BFO,5.000000,180000,False
1111562,SENSEX5026NOV24650PE,SENSEX50,26NOV2026,2465000.000000,75,OPTIDX,BFO,5.000000,1800,False
1111564,LUPIN26NOV2020PE,LUPIN,26NOV2026,202000.000000,425,OPTSTK,BFO,5.000000,34000,False
1115313,BHEL26NOV450PE,BHEL,26NOV2026,45000.000000,2625,OPTSTK,BFO,5.000000,315000,False
1115317,SAGILITY26NOV43CE,SAGILITY,26NOV2026,4300.000000,12000,OPTSTK,BFO,5.000000,100000000,False
1115356,NMDC26NOV93PE,NMDC,26NOV2026,9300.000000,6750,OPTSTK,BFO,5.000000,225000,False
1115363,IREDA26NOV132.5CE,IREDA,26NOV2026,13250.000000,4525,OPTSTK,BFO,5.000000,100000000,False
1122063,BIOCON26OCT365PE,BIOCON,29OCT2026,36500.000000,2500,OPTSTK,BFO,5.000000,100000,False
1122069,KALYANKJIL26NOV560CE,KALYANKJIL,26NOV2026,56000.000000,1350,OPTSTK,BFO,5.000000,100000000,False
1122073,LODHA26NOV1080PE,LODHA,26NOV2026,108000.000000,625,OPTSTK,BFO,5.000000,100000000,False
1122129,TORNTPHARM26NOV4600CE,TORNTPHARM,26NOV2026,460000.000000,125,OPTSTK,BFO,5.000000,15000,False
1111578,NAUKRI26NOV1320CE,NAUKRI,26NOV2026,132000.000000,550,OPTSTK,BFO,5.000000,6000,False
1111601,POLYCAB26NOV9700PE,POLYCAB,26NOV2026,970000.000000,125,OPTSTK,BFO,5.000000,9000,False
1111604,YESBANK26NOV19PE,YESBANK,26NOV2026,1900.000000,31100,OPTSTK,BFO,5.000000,100000000,False
1111607,MAHABANK26OCT84CE,MAHABANK,29OCT2026,8400.000000,6500,OPTSTK,BFO,5.000000,100000000,False
1115365,UNITDSPR26NOV1500CE,UNITDSPR,26NOV2026,150000.000000,400,OPTSTK,BFO,5.000000,28000,False
1115367,CAMS26NOVFUT,CAMS,26NOV2026,0.000000,825,FUTSTK,BFO,5.000000,100000000,False
1115379,BANKEX26NOV67700CE,BANKEX,26NOV2026,6770000.000000,30,OPTIDX,BFO,5.000000,900,False
1115381,ADANIPORTS26NOV1840PE,ADANIPORTS,26NOV2026,184000.000000,475,OPTSTK,BFO,5.000000,32000,False
1122139,MARUTI26NOV12200PE,MARUTI,26NOV2026,1220000.000000,50,OPTSTK,BFO,5.000000,3000,False
1122179,ASHOKLEY26NOV155PE,ASHOKLEY,26NOV2026,15500.000000,5000,OPTSTK,BFO,5.000000,150000,False
1122229,POWERINDIA26NOV28500PE,POWERINDIA,26NOV2026,2850000.000000,25,OPTSTK,BFO,5.000000,100000000,False
1122352,PNB26NOV124CE,PNB,26NOV2026,12400.000000,8000,OPTSTK,BFO,5.000000,480000,False
1111608,UNIONBANK26NOV185CE,UNIONBANK,26NOV2026,18500.000000,4425,OPTSTK,BFO,5.000000,100000000,False
1111676,AUROPHARMA26NOV1560CE,AUROPHARMA,26NOV2026,156000.000000,550,OPTSTK,BFO,5.000000,44000,False
1111695,AXISBANK26NOV1140CE,AXISBANK,26NOV2026,114000.000000,625,OPTSTK,BFO,5.000000,25000,False
1111698,BANKEX26OCT57500PE,BANKEX,29OCT2026,5750000.000000,30,OPTIDX,BFO,5.000000,900,False
1115386,LUPIN26NOV2040CE,LUPIN,26NOV2026,204000.000000,425,OPTSTK,BFO,5.000000,34000,False
1115412,SBILIFE26NOV1860PE,SBILIFE,26NOV2026,186000.000000,375,OPTSTK,BFO,5.000000,22500,False
1115438,INDHOTEL26NOV680CE,INDHOTEL,26NOV2026,68000.000000,1000,OPTSTK,BFO,5.000000,60000,False
1115454,PFC26SEP325CE,PFC,24SEP2026,32500.000000,1300,OPTSTK,BFO,5.000000,124000,False
1122370,IREDA26SEP95CE,IREDA,24SEP2026,9500.000000,4525,OPTSTK,BFO,5.000000,100000000,False
1122418,VOLTAS26SEP1040CE,VOLTAS,24SEP2026,104000.000000,375,OPTSTK,BFO,5.000000,30000,False
1122444,HYUNDAI26NOV2020CE,HYUNDAI,26NOV2026,202000.000000,275,OPTSTK,BFO,5.000000,100000000,False
1122452,KFINTECH26NOV780CE,KFINTECH,26NOV2026,78000.000000,575,OPTSTK,BFO,5.000000,100000000,False
1111702,HDFCLIFE26NOV510CE,HDFCLIFE,26NOV2026,51000.000000,1100,OPTSTK,BFO,5.000000,44000,False
1111724,FOCIT26NOV39100PE,FOCIT,26NOV2026,3910000.000000,45,OPTIDX,BFO,5.000000,1350,False
1111729,ABB26NOV7100PE,ABB,26NOV2026,710000.000000,125,OPTSTK,BFO,5.000000,7500,False
1111735,KAYNES26NOV3700PE,KAYNES,26NOV2026,370000.000000,150,OPTSTK,BFO,5.000000,100000000,False
1115473,SHRIRAMFIN26NOV1080CE,SHRIRAMFIN,26NOV2026,108000.000000,825,OPTSTK,BFO,5.000000,18000,False
1115478,NHPC26NOV82PE,NHPC,26NOV2026,8200.000000,6950,OPTSTK,BFO,5.000000,100000000,False
1115485,GLENMARK26NOV2420PE,GLENMARK,26NOV2026,242000.000000,375,OPTSTK,BFO,5.000000,43500,False
1115487,NAUKRI26NOV1260CE,NAUKRI,26NOV2026,126000.000000,550,OPTSTK,BFO,5.000000,6000,False
1122527,SENSEX26NOV69800PE,SENSEX,26NOV2026,6980000.000000,20,OPTIDX,BFO,5.000000,1000,False
1122561,BLUESTARCO26SEP1300CE,BLUESTARCO,24SEP2026,130000.000000,325,OPTSTK,BFO,5.000000,100000000,False
1122615,COALINDIA26NOV450PE,COALINDIA,26NOV2026,45000.000000,1350,OPTSTK,BFO,5.000000,126000,False
1122624,BLUESTARCO26NOV1300PE,BLUESTARCO,26NOV2026,130000.000000,325,OPTSTK,BFO,5.000000,100000000,False
1115501,APOLLOHOSP26NOV9000CE,APOLLOHOSP,26NOV2026,900000.000000,125,OPTSTK,BFO,5.000000,5000,False
1115517,LUPIN26SEP2020PE,LUPIN,24SEP2026,202000.000000,425,OPTSTK,BFO,5.000000,34000,False
1115523,NTPC26NOV335PE,NTPC,26NOV2026,33500.000000,1500,OPTSTK,BFO,5.000000,150000,False
1115532,FOCIT26NOV41500CE,FOCIT,26NOV2026,4150000.000000,45,OPTIDX,BFO,5.000000,1350,False
1111737,PRESTIGE26NOV1500CE,PRESTIGE,26NOV2026,150000.000000,450,OPTSTK,BFO,5.000000,100000000,False
1111740,SENSEX26NOV74900PE,SENSEX,26NOV2026,7490000.000000,20,OPTIDX,BFO,5.000000,1000,False
1111764,LAURUSLABS26NOV1900CE,LAURUSLABS,26NOV2026,190000.000000,850,OPTSTK,BFO,5.000000,68000,False
1111771,IRFC26NOV89CE,IRFC,26NOV2026,8900.000000,5425,OPTSTK,BFO,5.000000,100000000,False
1122650,BOSCHLTD26NOV43500PE,BOSCHLTD,26NOV2026,4350000.000000,25,OPTSTK,BFO,5.000000,1500,False
1122694,BOSCHLTD26NOV44000CE,BOSCHLTD,26NOV2026,4400000.000000,25,OPTSTK,BFO,5.000000,1500,False
1122698,SENSEX26O1569600PE,SENSEX,15OCT2026,6960000.000000,20,OPTIDX,BFO,5.000000,1000,False
1122807,SENSEX5026NOV24100PE,SENSEX50,26NOV2026,2410000.000000,75,OPTIDX,BFO,5.000000,1800,False
1111774,POLYCAB26NOV9600CE,POLYCAB,26NOV2026,960000.000000,125,OPTSTK,BFO,5.000000,9000,False
1111778,PHOENIXLTD26NOV1980CE,PHOENIXLTD,26NOV2026,198000.000000,350,OPTSTK,BFO,5.000000,100000000,False
1111783,POWERINDIA26NOV37000PE,POWERINDIA,26NOV2026,3700000.000000,25,OPTSTK,BFO,5.000000,100000000,False
1111789,BAJAJFINSV26NOV1960CE,BAJAJFINSV,26NOV2026,196000.000000,300,OPTSTK,BFO,5.000000,20000,False
1115568,MOTILALOFS26NOV1180PE,MOTILALOFS,26NOV2026,118000.000000,775,OPTSTK,BFO,5.000000,100000000,False
1115582,PERSISTENT26NOV6100CE,PERSISTENT,26NOV2026,610000.000000,125,OPTSTK,BFO,5.000000,5250,False
1115596,TMPV26NOV345PE,TMPV,26NOV2026,34500.000000,1600,OPTSTK,BFO,5.000000,42750,False
1115599,ADANIGREEN26NOV1440PE,ADANIGREEN,26NOV2026,144000.000000,600,OPTSTK,BFO,5.000000,100000000,False
1122810,SBILIFE26SEP1580PE,SBILIFE,24SEP2026,158000.000000,375,OPTSTK,BFO,5.000000,22500,False
1122811,TATAPOWER26NOV395PE,TATAPOWER,26NOV2026,39500.000000,1450,OPTSTK,BFO,5.000000,101250,False
1122894,MAXHEALTH26NOV930PE,MAXHEALTH,26NOV2026,93000.000000,525,OPTSTK,BFO,5.000000,100000000,False
1122896,COALINDIA26NOV455CE,COALINDIA,26NOV2026,45500.000000,1350,OPTSTK,BFO,5.000000,126000,False
1115611,PNBHOUSING26NOV1300PE,PNBHOUSING,26NOV2026,130000.000000,650,OPTSTK,BFO,5.000000,100000000,False
1115672,BANKEX26NOV64600CE,BANKEX,26NOV2026,6460000.000000,30,OPTIDX,BFO,5.000000,900,False
1115675,HINDZINC26NOV620CE,HINDZINC,26NOV2026,62000.000000,1225,OPTSTK,BFO,5.000000,100000000,False
1115689,AMBUJACEM26NOV420CE,AMBUJACEM,26NOV2026,42000.000000,1200,OPTSTK,BFO,5.000000,54000,False
1111803,TCS26NOV2380CE,TCS,26NOV2026,238000.000000,225,OPTSTK,BFO,5.000000,7000,False
1111819,MARICO26NOV780PE,MARICO,26NOV2026,78000.000000,1200,OPTSTK,BFO,5.000000,48000,False
1111823,CONCOR26NOV510CE,CONCOR,26NOV2026,51000.000000,1250,OPTSTK,BFO,5.000000,40000,False
1111842,PNB26NOV109CE,PNB,26NOV2026,10900.000000,8000,OPTSTK,BFO,5.000000,480000,False
1122924,IRFC26SEP75CE,IRFC,24SEP2026,7500.000000,5425,OPTSTK,BFO,5.000000,100000000,False
1122948,MAZDOCK26NOV2100CE,MAZDOCK,26NOV2026,210000.000000,225,OPTSTK,BFO,5.000000,100000000,False
1122990,VOLTAS26SEP1040PE,VOLTAS,24SEP2026,104000.000000,375,OPTSTK,BFO,5.000000,30000,False
1122995,SENSEX2691769700PE,SENSEX,17SEP2026,6970000.000000,20,OPTIDX,BFO,5.000000,1000,False
1115691,ETERNAL26NOVFUT,ETERNAL,26NOV2026,0.000000,2425,FUTSTK,BFO,5.000000,100000000,False
1115721,IREDA26NOV105CE,IREDA,26NOV2026,10500.000000,4525,OPTSTK,BFO,5.000000,100000000,False
1115733,LTF26NOV295CE,LTF,26NOV2026,29500.000000,2250,OPTSTK,BFO,5.000000,267720,False
1115741,MOTILALOFS26NOV1080CE,MOTILALOFS,26NOV2026,108000.000000,775,OPTSTK,BFO,5.000000,100000000,False
1111843,SRF26NOV2500CE,SRF,26NOV2026,250000.000000,200,OPTSTK,BFO,5.000000,11250,False
1111844,BHARTIARTL26NOV1740CE,BHARTIARTL,26NOV2026,174000.000000,475,OPTSTK,BFO,5.000000,28500,False
1111868,MANAPPURAM26NOV345PE,MANAPPURAM,26NOV2026,34500.000000,3000,OPTSTK,BFO,5.000000,180000,False
1111885,GVT&D26NOV4600CE,GVT&D,26NOV2026,460000.000000,125,OPTSTK,BFO,5.000000,100000000,False
1115759,FOCIT26NOV38500CE,FOCIT,26NOV2026,3850000.000000,45,OPTIDX,BFO,5.000000,1350,False
1115763,RBLBANK26NOV365PE,RBLBANK,26NOV2026,36500.000000,3175,OPTSTK,BFO,5.000000,150000,False
1115788,HAL26NOV4850PE,HAL,26NOV2026,485000.000000,150,OPTSTK,BFO,5.000000,9000,False
1115799,PIDILITIND26NOV1780PE,PIDILITIND,26NOV2026,178000.000000,500,OPTSTK,BFO,5.000000,10000,False
1123007,EICHERMOT26NOV7200CE,EICHERMOT,26NOV2026,720000.000000,100,OPTSTK,BFO,5.000000,7000,False
1123012,PHOENIXLTD26NOV2060PE,PHOENIXLTD,26NOV2026,206000.000000,350,OPTSTK,BFO,5.000000,100000000,False
1123029,VOLTAS26OCT1020PE,VOLTAS,29OCT2026,102000.000000,375,OPTSTK,BFO,5.000000,30000,False
1123069,SBILIFE26OCT1580CE,SBILIFE,29OCT2026,158000.000000,375,OPTSTK,BFO,5.000000,22500,False
1111887,FOCIT26NOV42000CE,FOCIT,26NOV2026,4200000.000000,45,OPTIDX,BFO,5.000000,1350,False
1111891,MAHABANK26SEP91CE,MAHABANK,24SEP2026,9100.000000,6500,OPTSTK,BFO,5.000000,100000000,False
1111901,HINDALCO26NOV980PE,HINDALCO,26NOV2026,98000.000000,700,OPTSTK,BFO,5.000000,56000,False
1111947,MARUTI26NOV14000PE,MARUTI,26NOV2026,1400000.000000,50,OPTSTK,BFO,5.000000,3000,False
1115800,BANKBARODA26NOV245CE,BANKBARODA,26NOV2026,24500.000000,2925,OPTSTK,BFO,5.000000,175500,False
1115808,NAM-INDIA26NOV1220PE,NAM-INDIA,26NOV2026,122000.000000,625,OPTSTK,BFO,5.000000,100000000,False
1115814,NBCC26NOV92.5CE,NBCC,26NOV2026,9250.000000,6500,OPTSTK,BFO,5.000000,100000000,False
1115816,PHOENIXLTD26NOV1820PE,PHOENIXLTD,26NOV2026,182000.000000,350,OPTSTK,BFO,5.000000,100000000,False
1123081,INDHOTEL26NOV800PE,INDHOTEL,26NOV2026,80000.000000,1000,OPTSTK,BFO,5.000000,60000,False
1123094,VOLTAS26OCT1040PE,VOLTAS,29OCT2026,104000.000000,375,OPTSTK,BFO,5.000000,30000,False
1123103,IRFC26NOV75PE,IRFC,26NOV2026,7500.000000,5425,OPTSTK,BFO,5.000000,100000000,False
1123104,UNOMINDA26NOV1100PE,UNOMINDA,26NOV2026,110000.000000,550,OPTSTK,BFO,5.000000,100000000,False
1111951,NTPC26NOV365CE,NTPC,26NOV2026,36500.000000,1500,OPTSTK,BFO,5.000000,150000,False
1111953,SENSEX5026NOV24550CE,SENSEX50,26NOV2026,2455000.000000,75,OPTIDX,BFO,5.000000,1800,False
1111955,AUBANK26NOV1000CE,AUBANK,26NOV2026,100000.000000,1000,OPTSTK,BFO,5.000000,30000,False
1112001,INDIANB26NOV880CE,INDIANB,26NOV2026,88000.000000,1000,OPTSTK,BFO,5.000000,100000000,False
1115835,ICICIPRULI26NOV495CE,ICICIPRULI,26NOV2026,49500.000000,925,OPTSTK,BFO,5.000000,60000,False
1115844,INDIGO26NOV4900CE,INDIGO,26NOV2026,490000.000000,150,OPTSTK,BFO,5.000000,12000,False
1115845,TRENT26NOV2950PE,TRENT,26NOV2026,295000.000000,225,OPTSTK,BFO,5.000000,16000,False
1115858,TIINDIA26NOV2900CE,TIINDIA,26NOV2026,290000.000000,200,OPTSTK,BFO,5.000000,100000000,False
1123110,CIPLA26NOV1340PE,CIPLA,26NOV2026,134000.000000,425,OPTSTK,BFO,5.000000,26000,False
1123117,BLUESTARCO26SEP1300PE,BLUESTARCO,24SEP2026,130000.000000,325,OPTSTK,BFO,5.000000,100000000,False
1123154,SENSEX26OCT69600CE,SENSEX,29OCT2026,6960000.000000,20,OPTIDX,BFO,5.000000,1000,False
1123205,SENSEX26O1569700CE,SENSEX,15OCT2026,6970000.000000,20,OPTIDX,BFO,5.000000,1000,False
1112017,SENSEX27MAR73000CE,SENSEX,25MAR2027,7300000.000000,20,OPTIDX,BFO,5.000000,1000,False
1112029,RELIANCE26NOV1350PE,RELIANCE,26NOV2026,135000.000000,500,OPTSTK,BFO,5.000000,10000,False
1112090,TATAPOWER26NOV330CE,TATAPOWER,26NOV2026,33000.000000,1450,OPTSTK,BFO,5.000000,101250,False
1112160,DABUR26NOV420CE,DABUR,26NOV2026,42000.000000,1250,OPTSTK,BFO,5.000000,50000,False
1115889,LUPIN26NOV2180PE,LUPIN,26NOV2026,218000.000000,425,OPTSTK,BFO,5.000000,34000,False
1115898,DMART26NOV4000PE,DMART,26NOV2026,400000.000000,150,OPTSTK,BFO,5.000000,100000000,False
1115900,INDUSTOWER26NOV385PE,INDUSTOWER,26NOV2026,38500.000000,1700,OPTSTK,BFO,5.000000,170000,False
1115916,COCHINSHIP26NOV1440CE,COCHINSHIP,26NOV2026,144000.000000,400,OPTSTK,BFO,5.000000,100000000,False
1123207,AMBUJACEM26OCT365CE,AMBUJACEM,29OCT2026,36500.000000,1200,OPTSTK,BFO,5.000000,54000,False
1123301,NESTLEIND26OCT1360PE,NESTLEIND,29OCT2026,136000.000000,500,OPTSTK,BFO,5.000000,1200,False
1123350,SENSEX26OCT69800CE,SENSEX,29OCT2026,6980000.000000,20,OPTIDX,BFO,5.000000,1000,False
1123368,TATACONSUM26NOV950CE,TATACONSUM,26NOV2026,95000.000000,550,OPTSTK,BFO,5.000000,36000,False
1112192,SUPREMEIND26NOV3750PE,SUPREMEIND,26NOV2026,375000.000000,175,OPTSTK,BFO,5.000000,100000000,False
1112242,BAJFINANCE26NOV1010PE,BAJFINANCE,26NOV2026,101000.000000,750,OPTSTK,BFO,5.000000,3750,False
1112265,AXISBANK26NOV1360CE,AXISBANK,26NOV2026,136000.000000,625,OPTSTK,BFO,5.000000,25000,False
1112278,RBLBANK26NOV370CE,RBLBANK,26NOV2026,37000.000000,3175,OPTSTK,BFO,5.000000,150000,False
1115927,COLPAL26NOV1820CE,COLPAL,26NOV2026,182000.000000,275,OPTSTK,BFO,5.000000,14000,False
1115933,ATHERENERG26NOV1520CE,ATHERENERG,26NOV2026,152000.000000,375,OPTSTK,BFO,5.000000,100000000,False
1115957,MAHABANK26NOV88CE,MAHABANK,26NOV2026,8800.000000,6500,OPTSTK,BFO,5.000000,100000000,False
1115959,WIPRO26NOV190PE,WIPRO,26NOV2026,19000.000000,3000,OPTSTK,BFO,5.000000,60000,False
1123384,SENSEX5026NOV24100CE,SENSEX50,26NOV2026,2410000.000000,75,OPTIDX,BFO,5.000000,1800,False
1123413,SENSEX5026OCT24200PE,SENSEX50,29OCT2026,2420000.000000,75,OPTIDX,BFO,5.000000,1800,False
1123430,GODFRYPHLP26NOV1700CE,GODFRYPHLP,26NOV2026,170000.000000,275,OPTSTK,BFO,5.000000,100000000,False
1123460,ASIANPAINT26OCT2380CE,ASIANPAINT,29OCT2026,238000.000000,250,OPTSTK,BFO,5.000000,8000,False
1112283,WIPRO26NOV192.5PE,WIPRO,26NOV2026,19250.000000,3000,OPTSTK,BFO,5.000000,60000,False
1112291,SENSEX26NOV81800PE,SENSEX,26NOV2026,8180000.000000,20,OPTIDX,BFO,5.000000,1000,False
1112344,COFORGE26NOV1860CE,COFORGE,26NOV2026,186000.000000,475,OPTSTK,BFO,5.000000,6000,False
1112373,DELHIVERY26NOV475PE,DELHIVERY,26NOV2026,47500.000000,2075,OPTSTK,BFO,5.000000,100000000,False
1115972,INFY26NOV1020PE,INFY,26NOV2026,102000.000000,400,OPTSTK,BFO,5.000000,16000,False
1116010,ABB26NOV8200PE,ABB,26NOV2026,820000.000000,125,OPTSTK,BFO,5.000000,7500,False
1116027,FOCIT26NOV35400CE,FOCIT,26NOV2026,3540000.000000,45,OPTIDX,BFO,5.000000,1350,False
1116054,TATAPOWER26NOV365CE,TATAPOWER,26NOV2026,36500.000000,1450,OPTSTK,BFO,5.000000,101250,False
1123553,CROMPTON26SEP190PE,CROMPTON,24SEP2026,19000.000000,2150,OPTSTK,BFO,5.000000,90000,False
1123582,SENSEX26O2282200CE,SENSEX,22OCT2026,8220000.000000,20,OPTIDX,BFO,5.000000,1000,False
1123645,SENSEX26O2278900CE,SENSEX,22OCT2026,7890000.000000,20,OPTIDX,BFO,5.000000,1000,False
1123650,SENSEX26O2277400CE,SENSEX,22OCT2026,7740000.000000,20,OPTIDX,BFO,5.000000,1000,False
1116074,UNITDSPR26NOV1380CE,UNITDSPR,26NOV2026,138000.000000,400,OPTSTK,BFO,5.000000,28000,False
1116091,PNB26NOV115CE,PNB,26NOV2026,11500.000000,8000,OPTSTK,BFO,5.000000,480000,False
1116107,MAHABANK26OCT82PE,MAHABANK,29OCT2026,8200.000000,6500,OPTSTK,BFO,5.000000,100000000,False
1116114,ULTRACEMCO26NOV11500CE,ULTRACEMCO,26NOV2026,1150000.000000,50,OPTSTK,BFO,5.000000,3000,False
1112448,BHARATFORG26NOV2000CE,BHARATFORG,26NOV2026,200000.000000,500,OPTSTK,BFO,5.000000,30000,False
1112459,BEL26NOV400CE,BEL,26NOV2026,40000.000000,1425,OPTSTK,BFO,5.000000,228000,False
1112467,UPL26NOV570PE,UPL,26NOV2026,57000.000000,1355,OPTSTK,BFO,5.000000,39000,False
1112497,NAUKRI26NOV1360CE,NAUKRI,26NOV2026,136000.000000,550,OPTSTK,BFO,5.000000,6000,False
1123715,KAYNES26OCT3200PE,KAYNES,29OCT2026,320000.000000,150,OPTSTK,BFO,5.000000,100000000,False
1123719,SENSEX26O2277700PE,SENSEX,22OCT2026,7770000.000000,20,OPTIDX,BFO,5.000000,1000,False
1123749,RBLBANK26OCT435PE,RBLBANK,29OCT2026,43500.000000,3175,OPTSTK,BFO,5.000000,150000,False
1123753,SENSEX26O0869200PE,SENSEX,08OCT2026,6920000.000000,20,OPTIDX,BFO,5.000000,1000,False
1112511,SAGILITY26SEP36PE,SAGILITY,24SEP2026,3600.000000,12000,OPTSTK,BFO,5.000000,100000000,False
1112520,DIVISLAB26NOV9700PE,DIVISLAB,26NOV2026,970000.000000,100,OPTSTK,BFO,5.000000,8000,False
1112532,MAHABANK26NOV92PE,MAHABANK,26NOV2026,9200.000000,6500,OPTSTK,BFO,5.000000,100000000,False
1112582,GVT&D26NOV4900PE,GVT&D,26NOV2026,490000.000000,125,OPTSTK,BFO,5.000000,100000000,False
1116121,FOCIT26NOV43100CE,FOCIT,26NOV2026,4310000.000000,45,OPTIDX,BFO,5.000000,1350,False
1116125,HDFCAMC26NOV2850CE,HDFCAMC,26NOV2026,285000.000000,300,OPTSTK,BFO,5.000000,12000,False
1116138,NAUKRI26NOV1460CE,NAUKRI,26NOV2026,146000.000000,550,OPTSTK,BFO,5.000000,6000,False
1116139,ALKEM26NOV5100PE,ALKEM,26NOV2026,510000.000000,125,OPTSTK,BFO,5.000000,8000,False
1123785,SENSEX26O2278200CE,SENSEX,22OCT2026,7820000.000000,20,OPTIDX,BFO,5.000000,1000,False
1123800,M&M26OCT2800CE,M&M,29OCT2026,280000.000000,200,OPTSTK,BFO,5.000000,21000,False
1123861,SENSEX26O2280100CE,SENSEX,22OCT2026,8010000.000000,20,OPTIDX,BFO,5.000000,1000,False
1123863,RBLBANK26NOV440PE,RBLBANK,26NOV2026,44000.000000,3175,OPTSTK,BFO,5.000000,150000,False
1116142,POWERGRID26NOV270PE,POWERGRID,26NOV2026,27000.000000,1900,OPTSTK,BFO,5.000000,108000,False
1116148,HDFCLIFE26NOV580CE,HDFCLIFE,26NOV2026,58000.000000,1100,OPTSTK,BFO,5.000000,44000,False
1116167,APLAPOLLO26NOV2220PE,APLAPOLLO,26NOV2026,222000.000000,350,OPTSTK,BFO,5.000000,100000000,False
1116188,TORNTPHARM26NOV5300PE,TORNTPHARM,26NOV2026,530000.000000,125,OPTSTK,BFO,5.000000,15000,False
1112612,VEDL26NOV295PE,VEDL,26NOV2026,29500.000000,1150,OPTSTK,BFO,5.000000,80000,False
1112658,FOCIT26NOV37000PE,FOCIT,26NOV2026,3700000.000000,45,OPTIDX,BFO,5.000000,1350,False
1112689,BANKBARODA26NOV250CE,BANKBARODA,26NOV2026,25000.000000,2925,OPTSTK,BFO,5.000000,175500,False
1112691,JSWENERGY26NOV520CE,JSWENERGY,26NOV2026,52000.000000,1075,OPTSTK,BFO,5.000000,100000000,False
1116200,PETRONET26NOVFUT,PETRONET,26NOV2026,0.000000,1900,FUTSTK,BFO,5.000000,120000,False
1116220,NTPC26OCT295PE,NTPC,29OCT2026,29500.000000,1500,OPTSTK,BFO,5.000000,150000,False
1116227,SENSEX26NOV76600PE,SENSEX,26NOV2026,7660000.000000,20,OPTIDX,BFO,5.000000,1000,False
1116234,WIPRO26NOV195PE,WIPRO,26NOV2026,19500.000000,3000,OPTSTK,BFO,5.000000,60000,False
1112692,MUTHOOTFIN26NOV3050PE,MUTHOOTFIN,26NOV2026,305000.000000,275,OPTSTK,BFO,5.000000,22000,False
1112697,AMBER26NOV8100PE,AMBER,26NOV2026,810000.000000,100,OPTSTK,BFO,5.000000,100000000,False
1112703,BANKEX26NOV60100CE,BANKEX,26NOV2026,6010000.000000,30,OPTIDX,BFO,5.000000,900,False
1112788,PAYTM26NOV1800PE,PAYTM,26NOV2026,180000.000000,725,OPTSTK,BFO,5.000000,100000000,False
1116235,SENSEX26NOV78900PE,SENSEX,26NOV2026,7890000.000000,20,OPTIDX,BFO,5.000000,1000,False
1116257,FORCEMOT26NOV15000PE,FORCEMOT,26NOV2026,1500000.000000,25,OPTSTK,BFO,5.000000,100000000,False
1116273,FOCIT26NOV39400PE,FOCIT,26NOV2026,3940000.000000,45,OPTIDX,BFO,5.000000,1350,False
1116289,BLUESTARCO26NOV1400PE,BLUESTARCO,26NOV2026,140000.000000,325,OPTSTK,BFO,5.000000,100000000,False
1112825,MOTILALOFS26NOV1180CE,MOTILALOFS,26NOV2026,118000.000000,775,OPTSTK,BFO,5.000000,100000000,False
1112831,NMDC26NOV91PE,NMDC,26NOV2026,9100.000000,6750,OPTSTK,BFO,5.000000,225000,False
1112844,SENSEX5026NOV26150CE,SENSEX50,26NOV2026,2615000.000000,75,OPTIDX,BFO,5.000000,1800,False
1112857,GLENMARK26NOV2340PE,GLENMARK,26NOV2026,234000.000000,375,OPTSTK,BFO,5.000000,43500,False
1116309,LICHSGFIN26NOV500PE,LICHSGFIN,26NOV2026,50000.000000,1000,OPTSTK,BFO,5.000000,60000,False
1116313,BANKEX26NOV60200CE,BANKEX,26NOV2026,6020000.000000,30,OPTIDX,BFO,5.000000,900,False
1116320,SOLARINDS26NOV20500PE,SOLARINDS,26NOV2026,2050000.000000,50,OPTSTK,BFO,5.000000,100000000,False
1116323,SBICARD26NOV660PE,SBICARD,26NOV2026,66000.000000,800,OPTSTK,BFO,5.000000,32000,False
1112886,KALYANKJIL26NOV630CE,KALYANKJIL,26NOV2026,63000.000000,1350,OPTSTK,BFO,5.000000,100000000,False
1112888,PNBHOUSING26NOV1300CE,PNBHOUSING,26NOV2026,130000.000000,650,OPTSTK,BFO,5.000000,100000000,False
1112889,APOLLOHOSP26NOV8300CE,APOLLOHOSP,26NOV2026,830000.000000,125,OPTSTK,BFO,5.000000,5000,False
1112896,SAGILITY26SEP37CE,SAGILITY,24SEP2026,3700.000000,12000,OPTSTK,BFO,5.000000,100000000,False
1116324,SONACOMS26NOV860CE,SONACOMS,26NOV2026,86000.000000,1225,OPTSTK,BFO,5.000000,100000000,False
1116348,TITAN26NOV5100PE,TITAN,26NOV2026,510000.000000,175,OPTSTK,BFO,5.000000,11250,False
1116355,APLAPOLLO26NOV2120CE,APLAPOLLO,26NOV2026,212000.000000,350,OPTSTK,BFO,5.000000,100000000,False
1116371,OBEROIRLTY26NOV1880CE,OBEROIRLTY,26NOV2026,188000.000000,350,OPTSTK,BFO,5.000000,28000,False
1112898,DABUR26NOV400PE,DABUR,26NOV2026,40000.000000,1250,OPTSTK,BFO,5.000000,50000,False
1112902,SENSEX26NOV77100PE,SENSEX,26NOV2026,7710000.000000,20,OPTIDX,BFO,5.000000,1000,False
1112930,SUNPHARMA26NOV1900PE,SUNPHARMA,26NOV2026,190000.000000,350,OPTSTK,BFO,5.000000,28000,False
1112958,POWERINDIA26NOV36500CE,POWERINDIA,26NOV2026,3650000.000000,25,OPTSTK,BFO,5.000000,100000000,False
1112964,BANKEX26NOV58700PE,BANKEX,26NOV2026,5870000.000000,30,OPTIDX,BFO,5.000000,900,False
1112968,BOSCHLTD26NOV47000PE,BOSCHLTD,26NOV2026,4700000.000000,25,OPTSTK,BFO,5.000000,1500,False
1112977,SENSEX26O1575700CE,SENSEX,15OCT2026,7570000.000000,20,OPTIDX,BFO,5.000000,1000,False
1112979,AUBANK26NOV1040CE,AUBANK,26NOV2026,104000.000000,1000,OPTSTK,BFO,5.000000,30000,False
1112997,GODREJPROP26NOV2160CE,GODREJPROP,26NOV2026,216000.000000,325,OPTSTK,BFO,5.000000,19000,False
1113045,SENSEX26O0870300PE,SENSEX,08OCT2026,7030000.000000,20,OPTIDX,BFO,5.000000,1000,False
1113061,INDIGO26NOV5700PE,INDIGO,26NOV2026,570000.000000,150,OPTSTK,BFO,5.000000,12000,False
1113083,PREMIERENE26NOV900CE,PREMIERENE,26NOV2026,90000.000000,650,OPTSTK,BFO,5.000000,100000000,False
1113090,RBLBANK26NOV375PE,RBLBANK,26NOV2026,37500.000000,3175,OPTSTK,BFO,5.000000,150000,False
1113168,HAVELLS26NOV1380PE,HAVELLS,26NOV2026,138000.000000,500,OPTSTK,BFO,5.000000,20000,False
1113173,VMM26NOV92.5PE,VMM,26NOV2026,9250.000000,4850,OPTSTK,BFO,5.000000,100000000,False
1113198,HYUNDAI26NOV2260PE,HYUNDAI,26NOV2026,226000.000000,275,OPTSTK,BFO,5.000000,100000000,False
1113219,SIEMENS26NOV4450CE,SIEMENS,26NOV2026,445000.000000,175,OPTSTK,BFO,5.000000,8250,False
1113225,HAL26NOV4850CE,HAL,26NOV2026,485000.000000,150,OPTSTK,BFO,5.000000,9000,False
1113245,PHOENIXLTD26NOV1820CE,PHOENIXLTD,26NOV2026,182000.000000,350,OPTSTK,BFO,5.000000,100000000,False
1113255,TIINDIA26NOV2750CE,TIINDIA,26NOV2026,275000.000000,200,OPTSTK,BFO,5.000000,100000000,False
1123945,SENSEX26O2279000CE,SENSEX,22OCT2026,7900000.000000,20,OPTIDX,BFO,5.000000,1000,False
1123951,SENSEX26O2271300PE,SENSEX,22OCT2026,7130000.000000,20,OPTIDX,BFO,5.000000,1000,False
1123964,SENSEX26O2275300CE,SENSEX,22OCT2026,7530000.000000,20,OPTIDX,BFO,5.000000,1000,False
1123995,SENSEX26O2271600CE,SENSEX,22OCT2026,7160000.000000,20,OPTIDX,BFO,5.000000,1000,False
1113258,TCS26NOV2220CE,TCS,26NOV2026,222000.000000,225,OPTSTK,BFO,5.000000,7000,False
1113270,TECHM26NOV1560CE,TECHM,26NOV2026,156000.000000,600,OPTSTK,BFO,5.000000,24000,False
1113277,FOCIT26NOV37800CE,FOCIT,26NOV2026,3780000.000000,45,OPTIDX,BFO,5.000000,1350,False
1113278,MAHABANK26NOV85PE,MAHABANK,26NOV2026,8500.000000,6500,OPTSTK,BFO,5.000000,100000000,False
1124007,SENSEX26NOV69500CE,SENSEX,26NOV2026,6950000.000000,20,OPTIDX,BFO,5.000000,1000,False
1124149,ULTRACEMCO26OCT10600CE,ULTRACEMCO,29OCT2026,1060000.000000,50,OPTSTK,BFO,5.000000,3000,False
1124162,SENSEX26O2273900CE,SENSEX,22OCT2026,7390000.000000,20,OPTIDX,BFO,5.000000,1000,False
1124169,GODREJCP26SEP810CE,GODREJCP,24SEP2026,81000.000000,500,OPTSTK,BFO,5.000000,30000,False
1116383,CIPLA26NOV1460CE,CIPLA,26NOV2026,146000.000000,425,OPTSTK,BFO,5.000000,26000,False
1116386,HINDUNILVR26NOV1920CE,HINDUNILVR,26NOV2026,192000.000000,300,OPTSTK,BFO,5.000000,9000,False
1116391,SUNPHARMA26NOV1920CE,SUNPHARMA,26NOV2026,192000.000000,350,OPTSTK,BFO,5.000000,28000,False
1116394,BHARTIARTL26NOV1880CE,BHARTIARTL,26NOV2026,188000.000000,475,OPTSTK,BFO,5.000000,28500,False
1113279,LICHSGFIN26NOV600CE,LICHSGFIN,26NOV2026,60000.000000,1000,OPTSTK,BFO,5.000000,60000,False
1113284,MAHABANK26NOV81CE,MAHABANK,26NOV2026,8100.000000,6500,OPTSTK,BFO,5.000000,100000000,False
1113294,FOCIT26NOV42500PE,FOCIT,26NOV2026,4250000.000000,45,OPTIDX,BFO,5.000000,1350,False
1113298,UNITDSPR26NOV1640CE,UNITDSPR,26NOV2026,164000.000000,400,OPTSTK,BFO,5.000000,28000,False
1116395,NESTLEIND26NOV1450PE,NESTLEIND,26NOV2026,145000.000000,500,OPTSTK,BFO,5.000000,1200,False
1116405,BANKEX26NOV70200CE,BANKEX,26NOV2026,7020000.000000,30,OPTIDX,BFO,5.000000,900,False
1116424,SUZLON26NOV46PE,SUZLON,26NOV2026,4600.000000,12700,OPTSTK,BFO,5.000000,100000000,False
1116859,NESTLEIND26NOV1440CE,NESTLEIND,26NOV2026,144000.000000,500,OPTSTK,BFO,5.000000,1200,False
1124175,RBLBANK26NOV430CE,RBLBANK,26NOV2026,43000.000000,3175,OPTSTK,BFO,5.000000,150000,False
1124243,SENSEX26O2276400PE,SENSEX,22OCT2026,7640000.000000,20,OPTIDX,BFO,5.000000,1000,False
1124303,RBLBANK26NOV435CE,RBLBANK,26NOV2026,43500.000000,3175,OPTSTK,BFO,5.000000,150000,False
1124312,SENSEX26NOV69400CE,SENSEX,26NOV2026,6940000.000000,20,OPTIDX,BFO,5.000000,1000,False
1113300,SIEMENS26NOV3750PE,SIEMENS,26NOV2026,375000.000000,175,OPTSTK,BFO,5.000000,8250,False
1113333,AMBUJACEM26NOV435CE,AMBUJACEM,26NOV2026,43500.000000,1200,OPTSTK,BFO,5.000000,54000,False
1113350,BAJFINANCE26NOV1120PE,BAJFINANCE,26NOV2026,112000.000000,750,OPTSTK,BFO,5.000000,3750,False
1113363,IOC26NOV145CE,IOC,26NOV2026,14500.000000,4875,OPTSTK,BFO,5.000000,292500,False
1116953,FORTIS26NOV940CE,FORTIS,26NOV2026,94000.000000,775,OPTSTK,BFO,5.000000,100000000,False
1116958,HEROMOTOCO26NOV5700CE,HEROMOTOCO,26NOV2026,570000.000000,150,OPTSTK,BFO,5.000000,9000,False
1116961,BDL26NOV1420CE,BDL,26NOV2026,142000.000000,425,OPTSTK,BFO,5.000000,100000000,False
1116966,ADANIENSOL26NOV1720PE,ADANIENSOL,26NOV2026,172000.000000,675,OPTSTK,BFO,5.000000,100000000,False
1124335,SOLARINDS26NOV22750CE,SOLARINDS,26NOV2026,2275000.000000,50,OPTSTK,BFO,5.000000,100000000,False
1124378,SENSEX26O2273500PE,SENSEX,22OCT2026,7350000.000000,20,OPTIDX,BFO,5.000000,1000,False
1124380,SENSEX26O2272000PE,SENSEX,22OCT2026,7200000.000000,20,OPTIDX,BFO,5.000000,1000,False
1124415,SOLARINDS26NOV23250PE,SOLARINDS,26NOV2026,2325000.000000,50,OPTSTK,BFO,5.000000,100000000,False
1116984,CANBK26NOV135PE,CANBK,26NOV2026,13500.000000,6750,OPTSTK,BFO,5.000000,81000,False
1117016,DELHIVERY26NOV435CE,DELHIVERY,26NOV2026,43500.000000,2075,OPTSTK,BFO,5.000000,100000000,False
1117024,CGPOWER26NOV1020PE,CGPOWER,26NOV2026,102000.000000,850,OPTSTK,BFO,5.000000,100000000,False
1117041,TMPV26NOV310CE,TMPV,26NOV2026,31000.000000,1600,OPTSTK,BFO,5.000000,42750,False
1124416,ULTRACEMCO26OCT10500CE,ULTRACEMCO,29OCT2026,1050000.000000,50,OPTSTK,BFO,5.000000,3000,False
1124419,SENSEX26O2269200PE,SENSEX,22OCT2026,6920000.000000,20,OPTIDX,BFO,5.000000,1000,False
1124440,IDFCFIRSTB26NOV93PE,IDFCFIRSTB,26NOV2026,9300.000000,9275,OPTSTK,BFO,5.000000,450000,False
1124447,SENSEX26O2275500CE,SENSEX,22OCT2026,7550000.000000,20,OPTIDX,BFO,5.000000,1000,False
1113383,BDL26NOV1220PE,BDL,26NOV2026,122000.000000,425,OPTSTK,BFO,5.000000,100000000,False
1113398,RECLTD26NOV320CE,RECLTD,26NOV2026,32000.000000,1575,OPTSTK,BFO,5.000000,160000,False
1113399,BANKEX26NOV58600CE,BANKEX,26NOV2026,5860000.000000,30,OPTIDX,BFO,5.000000,900,False
1113423,ATHERENERG26NOV1440CE,ATHERENERG,26NOV2026,144000.000000,375,OPTSTK,BFO,5.000000,100000000,False
1117047,DMART26NOV4200PE,DMART,26NOV2026,420000.000000,150,OPTSTK,BFO,5.000000,100000000,False
1117049,RVNL26NOV215CE,RVNL,26NOV2026,21500.000000,1925,OPTSTK,BFO,5.000000,100000000,False
1117051,AUBANK26NOV1060PE,AUBANK,26NOV2026,106000.000000,1000,OPTSTK,BFO,5.000000,30000,False
1117078,TATACONSUM26NOV1040PE,TATACONSUM,26NOV2026,104000.000000,550,OPTSTK,BFO,5.000000,36000,False
1124517,SENSEX26O2278000PE,SENSEX,22OCT2026,7800000.000000,20,OPTIDX,BFO,5.000000,1000,False
1124565,SENSEX26O2278300CE,SENSEX,22OCT2026,7830000.000000,20,OPTIDX,BFO,5.000000,1000,False
1124637,ZYDUSLIFE26NOV1070CE,ZYDUSLIFE,26NOV2026,107000.000000,900,OPTSTK,BFO,5.000000,54000,False
1124656,ICICIGI26SEP1380PE,ICICIGI,24SEP2026,138000.000000,325,OPTSTK,BFO,5.000000,20000,False
1113425,FORTIS26NOV910PE,FORTIS,26NOV2026,91000.000000,775,OPTSTK,BFO,5.000000,100000000,False
1113440,SAIL26NOV192.5PE,SAIL,26NOV2026,19250.000000,4700,OPTSTK,BFO,5.000000,320000,False
1113466,SENSEX5026NOV24300CE,SENSEX50,26NOV2026,2430000.000000,75,OPTIDX,BFO,5.000000,1800,False
1113468,BAJAJFINSV26NOV2080CE,BAJAJFINSV,26NOV2026,208000.000000,300,OPTSTK,BFO,5.000000,20000,False
1117087,DLF26NOV630PE,DLF,26NOV2026,63000.000000,950,OPTSTK,BFO,5.000000,49500,False
1117098,BAJFINANCE26NOV1070CE,BAJFINANCE,26NOV2026,107000.000000,750,OPTSTK,BFO,5.000000,3750,False
1117113,FORCEMOT26NOV19500CE,FORCEMOT,26NOV2026,1950000.000000,25,OPTSTK,BFO,5.000000,100000000,False
1117142,CGPOWER26NOV820PE,CGPOWER,26NOV2026,82000.000000,850,OPTSTK,BFO,5.000000,100000000,False
1124684,SENSEX26O2272900PE,SENSEX,22OCT2026,7290000.000000,20,OPTIDX,BFO,5.000000,1000,False
1124719,SENSEX26O2282200PE,SENSEX,22OCT2026,8220000.000000,20,OPTIDX,BFO,5.000000,1000,False
1124733,SENSEX26O2270200CE,SENSEX,22OCT2026,7020000.000000,20,OPTIDX,BFO,5.000000,1000,False
1124743,SBICARD26NOV730CE,SBICARD,26NOV2026,73000.000000,800,OPTSTK,BFO,5.000000,32000,False
1113478,POLYCAB26NOV9100CE,POLYCAB,26NOV2026,910000.000000,125,OPTSTK,BFO,5.000000,9000,False
1113484,AMBER26NOV7600CE,AMBER,26NOV2026,760000.000000,100,OPTSTK,BFO,5.000000,100000000,False
1113488,FOCIT26NOV37200PE,FOCIT,26NOV2026,3720000.000000,45,OPTIDX,BFO,5.000000,1350,False
1113493,360ONE26NOV1240CE,,26NOV2026,124000.000000,500,OPTSTK,BFO,5.000000,100000000,False
1117143,SENSEX26NOV72800CE,SENSEX,26NOV2026,7280000.000000,20,OPTIDX,BFO,5.000000,1000,False
1117163,BAJFINANCE26NOV1150PE,BAJFINANCE,26NOV2026,115000.000000,750,OPTSTK,BFO,5.000000,3750,False
1117170,INDIANB26NOV910CE,INDIANB,26NOV2026,91000.000000,1000,OPTSTK,BFO,5.000000,100000000,False
1117178,PIDILITIND26NOV1700CE,PIDILITIND,26NOV2026,170000.000000,500,OPTSTK,BFO,5.000000,10000,False
1113495,ATHERENERG26NOV1360PE,ATHERENERG,26NOV2026,136000.000000,375,OPTSTK,BFO,5.000000,100000000,False
1113504,GODREJCP26NOV970CE,GODREJCP,26NOV2026,97000.000000,500,OPTSTK,BFO,5.000000,30000,False
1113529,DLF26NOV730CE,DLF,26NOV2026,73000.000000,950,OPTSTK,BFO,5.000000,49500,False
1113548,EICHERMOT26NOV7800CE,EICHERMOT,26NOV2026,780000.000000,100,OPTSTK,BFO,5.000000,7000,False
1124749,SENSEX26O1569500CE,SENSEX,15OCT2026,6950000.000000,20,OPTIDX,BFO,5.000000,1000,False
1124815,SENSEX26O2280500CE,SENSEX,22OCT2026,8050000.000000,20,OPTIDX,BFO,5.000000,1000,False
1124849,ICICIGI26OCT1380PE,ICICIGI,29OCT2026,138000.000000,325,OPTSTK,BFO,5.000000,20000,False
1124874,MARICO26OCT750PE,MARICO,29OCT2026,75000.000000,1200,OPTSTK,BFO,5.000000,48000,False
1117192,DRREDDY26NOV1170CE,DRREDDY,26NOV2026,117000.000000,625,OPTSTK,BFO,5.000000,5000,False
1117203,POLYCAB26NOV8600CE,POLYCAB,26NOV2026,860000.000000,125,OPTSTK,BFO,5.000000,9000,False
1117206,BANDHANBNK26NOV160PE,BANDHANBNK,26NOV2026,16000.000000,3600,OPTSTK,BFO,5.000000,100000,False
1117209,POWERINDIA26NOV36000PE,POWERINDIA,26NOV2026,3600000.000000,25,OPTSTK,BFO,5.000000,100000000,False
1113573,APLAPOLLO26NOV2220CE,APLAPOLLO,26NOV2026,222000.000000,350,OPTSTK,BFO,5.000000,100000000,False
1113600,SRF26NOV2900CE,SRF,26NOV2026,290000.000000,200,OPTSTK,BFO,5.000000,11250,False
1113614,MCX26NOV3200CE,MCX,26NOV2026,320000.000000,225,OPTSTK,BFO,5.000000,16000,False
1113618,CGPOWER26NOV760CE,CGPOWER,26NOV2026,76000.000000,850,OPTSTK,BFO,5.000000,100000000,False
1117234,M&M26NOV3250PE,M&M,26NOV2026,325000.000000,200,OPTSTK,BFO,5.000000,21000,False
1117236,IEX26NOV107.5PE,IEX,26NOV2026,10750.000000,4350,OPTSTK,BFO,5.000000,150000,False
1117248,HINDZINC26NOV570PE,HINDZINC,26NOV2026,57000.000000,1225,OPTSTK,BFO,5.000000,100000000,False
1117250,SUPREMEIND26NOV3700CE,SUPREMEIND,26NOV2026,370000.000000,175,OPTSTK,BFO,5.000000,100000000,False
1124916,SENSEX26O2280800PE,SENSEX,22OCT2026,8080000.000000,20,OPTIDX,BFO,5.000000,1000,False
1124917,SENSEX26O2274200CE,SENSEX,22OCT2026,7420000.000000,20,OPTIDX,BFO,5.000000,1000,False
1124954,SENSEX26O2278200PE,SENSEX,22OCT2026,7820000.000000,20,OPTIDX,BFO,5.000000,1000,False
1124969,RBLBANK26OCT445PE,RBLBANK,29OCT2026,44500.000000,3175,OPTSTK,BFO,5.000000,150000,False
1117252,SENSEX26NOV82800CE,SENSEX,26NOV2026,8280000.000000,20,OPTIDX,BFO,5.000000,1000,False
1117312,BHARATFORG26NOV2140CE,BHARATFORG,26NOV2026,214000.000000,500,OPTSTK,BFO,5.000000,30000,False
1117332,ALKEM26NOV5300PE,ALKEM,26NOV2026,530000.000000,125,OPTSTK,BFO,5.000000,8000,False
1117392,KEI26NOV5000PE,KEI,26NOV2026,500000.000000,175,OPTSTK,BFO,5.000000,100000000,False
1113620,BHARTIARTL26NOV1980CE,BHARTIARTL,26NOV2026,198000.000000,475,OPTSTK,BFO,5.000000,28500,False
1113621,BEL26NOV440PE,BEL,26NOV2026,44000.000000,1425,OPTSTK,BFO,5.000000,228000,False
1113632,SENSEX26O1575000CE,SENSEX,15OCT2026,7500000.000000,20,OPTIDX,BFO,5.000000,1000,False
1113645,GODREJCP26NOV880CE,GODREJCP,26NOV2026,88000.000000,500,OPTSTK,BFO,5.000000,30000,False
1124988,RBLBANK26NOV430PE,RBLBANK,26NOV2026,43000.000000,3175,OPTSTK,BFO,5.000000,150000,False
1125001,BHARATFORG26OCT1840CE,BHARATFORG,29OCT2026,184000.000000,500,OPTSTK,BFO,5.000000,30000,False
1125019,SENSEX26O2277000CE,SENSEX,22OCT2026,7700000.000000,20,OPTIDX,BFO,5.000000,1000,False
1125078,HINDUNILVR26NOV1820PE,HINDUNILVR,26NOV2026,182000.000000,300,OPTSTK,BFO,5.000000,9000,False
1117394,IDEA26NOV18PE,IDEA,26NOV2026,1800.000000,71475,OPTSTK,BFO,5.000000,2400000,False
1117395,LICI26NOV450CE,LICI,26NOV2026,45000.000000,1400,OPTSTK,BFO,5.000000,100000000,False
1117434,MPHASIS26NOV2650PE,MPHASIS,26NOV2026,265000.000000,275,OPTSTK,BFO,5.000000,11000,False
1117449,SAGILITY26OCT50PE,SAGILITY,29OCT2026,5000.000000,12000,OPTSTK,BFO,5.000000,100000000,False
1113717,FEDERALBNK26NOV325PE,FEDERALBNK,26NOV2026,32500.000000,2500,OPTSTK,BFO,5.000000,200000,False
1113723,FORTIS26NOV880CE,FORTIS,26NOV2026,88000.000000,775,OPTSTK,BFO,5.000000,100000000,False
1113727,YESBANK26NOV28PE,YESBANK,26NOV2026,2800.000000,31100,OPTSTK,BFO,5.000000,100000000,False
1113730,JSWSTEEL26NOV1320PE,JSWSTEEL,26NOV2026,132000.000000,675,OPTSTK,BFO,5.000000,40500,False
1125103,GAIL26NOV192.5CE,GAIL,26NOV2026,19250.000000,3550,OPTSTK,BFO,5.000000,274500,False
1125129,SENSEX26O2281900CE,SENSEX,22OCT2026,8190000.000000,20,OPTIDX,BFO,5.000000,1000,False
1125350,DMART26SEP3400CE,DMART,24SEP2026,340000.000000,150,OPTSTK,BFO,5.000000,100000000,False
1125375,INOXWIND26NOV92.5CE,INOXWIND,26NOV2026,9250.000000,6400,OPTSTK,BFO,5.000000,100000000,False
1117457,SENSEX26O1570800CE,SENSEX,15OCT2026,7080000.000000,20,OPTIDX,BFO,5.000000,1000,False
1117460,NATIONALUM26NOV400PE,NATIONALUM,26NOV2026,40000.000000,1875,OPTSTK,BFO,5.000000,300000,False
1113751,BANKEX26NOV59600CE,BANKEX,26NOV2026,5960000.000000,30,OPTIDX,BFO,5.000000,900,False
1113759,BANKEX26NOV62000PE,BANKEX,26NOV2026,6200000.000000,30,OPTIDX,BFO,5.000000,900,False
1113825,KPITTECH26NOV660PE,KPITTECH,26NOV2026,66000.000000,775,OPTSTK,BFO,5.000000,100000000,False
1113826,LICHSGFIN26NOV570CE,LICHSGFIN,26NOV2026,57000.000000,1000,OPTSTK,BFO,5.000000,60000,False
1118137,COFORGE26SEP2080PE,COFORGE,24SEP2026,208000.000000,475,OPTSTK,BFO,5.000000,6000,False
1125493,SENSEX26O2278700CE,SENSEX,22OCT2026,7870000.000000,20,OPTIDX,BFO,5.000000,1000,False
1125495,SENSEX26O1569300PE,SENSEX,15OCT2026,6930000.000000,20,OPTIDX,BFO,5.000000,1000,False
1125504,SOLARINDS26NOV22750PE,SOLARINDS,26NOV2026,2275000.000000,50,OPTSTK,BFO,5.000000,100000000,False
1125541,SENSEX26O2271500CE,SENSEX,22OCT2026,7150000.000000,20,OPTIDX,BFO,5.000000,1000,False
1113834,AUROPHARMA26NOV1520PE,AUROPHARMA,26NOV2026,152000.000000,550,OPTSTK,BFO,5.000000,44000,False
1113850,FEDERALBNK26NOV360CE,FEDERALBNK,26NOV2026,36000.000000,2500,OPTSTK,BFO,5.000000,200000,False
1113851,ICICIPRULI26NOV500CE,ICICIPRULI,26NOV2026,50000.000000,925,OPTSTK,BFO,5.000000,60000,False
1113856,DABUR26NOV375PE,DABUR,26NOV2026,37500.000000,1250,OPTSTK,BFO,5.000000,50000,False
1118142,SONACOMS26NOV740PE,SONACOMS,26NOV2026,74000.000000,1225,OPTSTK,BFO,5.000000,100000000,False
1118147,COFORGE26NOV2060PE,COFORGE,26NOV2026,206000.000000,475,OPTSTK,BFO,5.000000,6000,False
1118167,OFSS26SEP12800CE,OFSS,24SEP2026,1280000.000000,100,OPTSTK,BFO,5.000000,8000,False
1118172,SUNPHARMA26NOV2060CE,SUNPHARMA,26NOV2026,206000.000000,350,OPTSTK,BFO,5.000000,28000,False
1125585,SENSEX26O2272300PE,SENSEX,22OCT2026,7230000.000000,20,OPTIDX,BFO,5.000000,1000,False
1125619,SENSEX26O2275800CE,SENSEX,22OCT2026,7580000.000000,20,OPTIDX,BFO,5.000000,1000,False
1125627,SENSEX26O2280900PE,SENSEX,22OCT2026,8090000.000000,20,OPTIDX,BFO,5.000000,1000,False
1125638,SENSEX26O2281100PE,SENSEX,22OCT2026,8110000.000000,20,OPTIDX,BFO,5.000000,1000,False
1118183,MCX26NOV3650CE,MCX,26NOV2026,365000.000000,225,OPTSTK,BFO,5.000000,16000,False
1118199,BHEL26NOV395CE,BHEL,26NOV2026,39500.000000,2625,OPTSTK,BFO,5.000000,315000,False
1118225,SENSEX26NOV84000PE,SENSEX,26NOV2026,8400000.000000,20,OPTIDX,BFO,5.000000,1000,False
1118247,SENSEX26NOV84300CE,SENSEX,26NOV2026,8430000.000000,20,OPTIDX,BFO,5.000000,1000,False
1113857,INDUSINDBK26NOV940CE,INDUSINDBK,26NOV2026,94000.000000,700,OPTSTK,BFO,5.000000,20000,False
1113860,DIXON26NOV13000CE,DIXON,26NOV2026,1300000.000000,50,OPTSTK,BFO,5.000000,6000,False
1113888,SENSEX26O1579000PE,SENSEX,15OCT2026,7900000.000000,20,OPTIDX,BFO,5.000000,1000,False
1113896,PFC26NOV330CE,PFC,26NOV2026,33000.000000,1300,OPTSTK,BFO,5.000000,124000,False
1125640,SENSEX5026OCT24050PE,SENSEX50,29OCT2026,2405000.000000,75,OPTIDX,BFO,5.000000,1800,False
1125691,SENSEX26O2281400CE,SENSEX,22OCT2026,8140000.000000,20,OPTIDX,BFO,5.000000,1000,False
1125739,SENSEX26O2271100PE,SENSEX,22OCT2026,7110000.000000,20,OPTIDX,BFO,5.000000,1000,False
1125751,SENSEX26O2275100CE,SENSEX,22OCT2026,7510000.000000,20,OPTIDX,BFO,5.000000,1000,False
1100033,SAIL26OCT202.5PE,SAIL,29OCT2026,20250.000000,4700,OPTSTK,BFO,5.000000,320000,False
1100034,DABUR26SEP360CE,DABUR,24SEP2026,36000.000000,1250,OPTSTK,BFO,5.000000,50000,False
1100062,PAYTM26SEP1800PE,PAYTM,24SEP2026,180000.000000,725,OPTSTK,BFO,5.000000,100000000,False
1113942,GVT&D26NOV5100CE,GVT&D,26NOV2026,510000.000000,125,OPTSTK,BFO,5.000000,100000000,False
1113947,DMART26NOV4050PE,DMART,26NOV2026,405000.000000,150,OPTSTK,BFO,5.000000,100000000,False
1113954,VMM26NOV105CE,VMM,26NOV2026,10500.000000,4850,OPTSTK,BFO,5.000000,100000000,False
1113957,LODHA26NOVFUT,LODHA,26NOV2026,0.000000,625,FUTSTK,BFO,5.000000,100000000,False
1118253,ULTRACEMCO26NOV10900PE,ULTRACEMCO,26NOV2026,1090000.000000,50,OPTSTK,BFO,5.000000,3000,False
1118259,LODHA26NOV1420PE,LODHA,26NOV2026,142000.000000,625,OPTSTK,BFO,5.000000,100000000,False
1118276,PNBHOUSING26NOV1020PE,PNBHOUSING,26NOV2026,102000.000000,650,OPTSTK,BFO,5.000000,100000000,False
1118283,ATHERENERG26SEP1760PE,ATHERENERG,24SEP2026,176000.000000,375,OPTSTK,BFO,5.000000,100000000,False
1125777,MANKIND26SEP2180PE,MANKIND,24SEP2026,218000.000000,250,OPTSTK,BFO,5.000000,100000000,False
1125794,BIOCON26OCT360CE,BIOCON,29OCT2026,36000.000000,2500,OPTSTK,BFO,5.000000,100000,False
1125852,RBLBANK26SEP450CE,RBLBANK,24SEP2026,45000.000000,3175,OPTSTK,BFO,5.000000,150000,False
1125892,LICHSGFIN26NOV640PE,LICHSGFIN,26NOV2026,64000.000000,1000,OPTSTK,BFO,5.000000,60000,False
1113968,NAM-INDIA26NOV1340PE,NAM-INDIA,26NOV2026,134000.000000,625,OPTSTK,BFO,5.000000,100000000,False
1113971,TVSMOTOR26NOV4400PE,TVSMOTOR,26NOV2026,440000.000000,175,OPTSTK,BFO,5.000000,21000,False
1113980,M&M26NOV3350PE,M&M,26NOV2026,335000.000000,200,OPTSTK,BFO,5.000000,21000,False
1113985,BAJFINANCE26NOV1080CE,BAJFINANCE,26NOV2026,108000.000000,750,OPTSTK,BFO,5.000000,3750,False
1118288,LTF26NOV280CE,LTF,26NOV2026,28000.000000,2250,OPTSTK,BFO,5.000000,267720,False
1118298,VBL26NOV340PE,VBL,26NOV2026,34000.000000,1275,OPTSTK,BFO,5.000000,100000000,False
1118310,LUPIN26NOV2320CE,LUPIN,26NOV2026,232000.000000,425,OPTSTK,BFO,5.000000,34000,False
1118324,PERSISTENT26SEP6500PE,PERSISTENT,24SEP2026,650000.000000,125,OPTSTK,BFO,5.000000,5250,False
1125913,JUBLFOOD26NOV445CE,JUBLFOOD,26NOV2026,44500.000000,1250,OPTSTK,BFO,5.000000,50000,False
1125914,POLYCAB26OCT8000PE,POLYCAB,29OCT2026,800000.000000,125,OPTSTK,BFO,5.000000,9000,False
1125933,MARICO26OCT740CE,MARICO,29OCT2026,74000.000000,1200,OPTSTK,BFO,5.000000,48000,False
1125934,EICHERMOT26NOV6900PE,EICHERMOT,26NOV2026,690000.000000,100,OPTSTK,BFO,5.000000,7000,False
1100071,BSE26OCT2100PE,BSE,27OCT2026,210000.000000,200,OPTSTK,BFO,5.000000,3751,False
1100092,BSE26OCT4300CE,BSE,27OCT2026,430000.000000,200,OPTSTK,BFO,5.000000,3751,False
1100093,BSE26OCT4300PE,BSE,27OCT2026,430000.000000,200,OPTSTK,BFO,5.000000,3751,False
1100141,BSE26NOV3600PE,BSE,23NOV2026,360000.000000,200,OPTSTK,BFO,5.000000,3751,False
1118327,MCX26NOV3700PE,MCX,26NOV2026,370000.000000,225,OPTSTK,BFO,5.000000,16000,False
1118356,CROMPTON26SEP200CE,CROMPTON,24SEP2026,20000.000000,2150,OPTSTK,BFO,5.000000,90000,False
1118363,ASIANPAINT26OCT2460PE,ASIANPAINT,29OCT2026,246000.000000,250,OPTSTK,BFO,5.000000,8000,False
1118411,UNIONBANK26NOV202.5CE,UNIONBANK,26NOV2026,20250.000000,4425,OPTSTK,BFO,5.000000,100000000,False
1113988,BAJAJFINSV26NOV1920PE,BAJAJFINSV,26NOV2026,192000.000000,300,OPTSTK,BFO,5.000000,20000,False
1113993,LICHSGFIN26NOV480CE,LICHSGFIN,26NOV2026,48000.000000,1000,OPTSTK,BFO,5.000000,60000,False
1114007,ATHERENERG26OCT1600CE,ATHERENERG,29OCT2026,160000.000000,375,OPTSTK,BFO,5.000000,100000000,False
1114051,NATIONALUM26NOV410CE,NATIONALUM,26NOV2026,41000.000000,1875,OPTSTK,BFO,5.000000,300000,False
1100147,BSE26NOV4000PE,BSE,23NOV2026,400000.000000,200,OPTSTK,BFO,5.000000,3751,False
1100163,BSE26NOV5200PE,BSE,23NOV2026,520000.000000,200,OPTSTK,BFO,5.000000,3751,False
1100233,CDSL26OCT2000CE,CDSL,27OCT2026,200000.000000,475,OPTSTK,BFO,5.000000,14001,False
1100251,CDSL26NOV1120CE,CDSL,23NOV2026,112000.000000,475,OPTSTK,BFO,5.000000,14001,False
1125963,SENSEX26O2283500PE,SENSEX,22OCT2026,8350000.000000,20,OPTIDX,BFO,5.000000,1000,False
1125981,POLICYBZR26NOV2000PE,POLICYBZR,26NOV2026,200000.000000,350,OPTSTK,BFO,5.000000,100000000,False
1125989,AUBANK26NOV920PE,AUBANK,26NOV2026,92000.000000,1000,OPTSTK,BFO,5.000000,30000,False
1126009,GLENMARK26NOV2280PE,GLENMARK,26NOV2026,228000.000000,375,OPTSTK,BFO,5.000000,43500,False
1118435,PAYTM26NOV1540CE,PAYTM,26NOV2026,154000.000000,725,OPTSTK,BFO,5.000000,100000000,False
1118472,FOCIT26NOV45000CE,FOCIT,26NOV2026,4500000.000000,45,OPTIDX,BFO,5.000000,1350,False
1118481,RBLBANK26NOV345PE,RBLBANK,26NOV2026,34500.000000,3175,OPTSTK,BFO,5.000000,150000,False
1118497,APLAPOLLO26NOV2400CE,APLAPOLLO,26NOV2026,240000.000000,350,OPTSTK,BFO,5.000000,100000000,False
1100259,CDSL26NOV1240CE,CDSL,23NOV2026,124000.000000,475,OPTSTK,BFO,5.000000,14001,False
1100265,CDSL26NOV1320PE,CDSL,23NOV2026,132000.000000,475,OPTSTK,BFO,5.000000,14001,False
1100269,CDSL26NOV1360PE,CDSL,23NOV2026,136000.000000,475,OPTSTK,BFO,5.000000,14001,False
1100274,CDSL26NOV1400PE,CDSL,23NOV2026,140000.000000,475,OPTSTK,BFO,5.000000,14001,False
1114074,BHARATFORG26NOV2080CE,BHARATFORG,26NOV2026,208000.000000,500,OPTSTK,BFO,5.000000,30000,False
1114101,BANKBARODA26NOV270PE,BANKBARODA,26NOV2026,27000.000000,2925,OPTSTK,BFO,5.000000,175500,False
1114113,POLICYBZR26NOV1980PE,POLICYBZR,26NOV2026,198000.000000,350,OPTSTK,BFO,5.000000,100000000,False
1114126,BANDHANBNK26NOV170PE,BANDHANBNK,26NOV2026,17000.000000,3600,OPTSTK,BFO,5.000000,100000,False
1118539,HCLTECH26NOV1360CE,HCLTECH,26NOV2026,136000.000000,400,OPTSTK,BFO,5.000000,21000,False
1118585,DIVISLAB26NOV9900CE,DIVISLAB,26NOV2026,990000.000000,100,OPTSTK,BFO,5.000000,8000,False
1118592,INFY26NOV1260CE,INFY,26NOV2026,126000.000000,400,OPTSTK,BFO,5.000000,16000,False
1118722,MANKIND26NOV2260CE,MANKIND,26NOV2026,226000.000000,250,OPTSTK,BFO,5.000000,100000000,False
1126014,TATAELXSI26NOV3200CE,TATAELXSI,26NOV2026,320000.000000,125,OPTSTK,BFO,5.000000,100000000,False
1126018,TATAELXSI26OCT3200CE,TATAELXSI,29OCT2026,320000.000000,125,OPTSTK,BFO,5.000000,100000000,False
1126049,TORNTPHARM26NOV4500PE,TORNTPHARM,26NOV2026,450000.000000,125,OPTSTK,BFO,5.000000,15000,False
1126080,LICHSGFIN26OCT640PE,LICHSGFIN,29OCT2026,64000.000000,1000,OPTSTK,BFO,5.000000,60000,False
1100297,CDSL26NOV1600PE,CDSL,23NOV2026,160000.000000,475,OPTSTK,BFO,5.000000,14001,False
1100303,CDSL26NOV1680CE,CDSL,23NOV2026,168000.000000,475,OPTSTK,BFO,5.000000,14001,False
1100310,CDSL26NOV1760CE,CDSL,23NOV2026,176000.000000,475,OPTSTK,BFO,5.000000,14001,False
1100315,CDSL26NOV1840PE,CDSL,23NOV2026,184000.000000,475,OPTSTK,BFO,5.000000,14001,False
1114134,MOTHERSON26NOV167.5PE,MOTHERSON,26NOV2026,16750.000000,6150,OPTSTK,BFO,5.000000,284000,False
1114202,FEDERALBNK26NOV360PE,FEDERALBNK,26NOV2026,36000.000000,2500,OPTSTK,BFO,5.000000,200000,False
1114271,SENSEX26NOV70900PE,SENSEX,26NOV2026,7090000.000000,20,OPTIDX,BFO,5.000000,1000,False
1114280,360ONE26NOV1280CE,,26NOV2026,128000.000000,500,OPTSTK,BFO,5.000000,100000000,False
1118766,INFY26NOV1280CE,INFY,26NOV2026,128000.000000,400,OPTSTK,BFO,5.000000,16000,False
1118776,FOCIT26NOV44700PE,FOCIT,26NOV2026,4470000.000000,45,OPTIDX,BFO,5.000000,1350,False
1118779,SUNPHARMA26NOV2060PE,SUNPHARMA,26NOV2026,206000.000000,350,OPTSTK,BFO,5.000000,28000,False
1118792,PERSISTENT26SEP6600PE,PERSISTENT,24SEP2026,660000.000000,125,OPTSTK,BFO,5.000000,5250,False
1126093,HAVELLS26NOV1020CE,HAVELLS,26NOV2026,102000.000000,500,OPTSTK,BFO,5.000000,20000,False
1126174,BRITANNIA26OCT4750PE,BRITANNIA,29OCT2026,475000.000000,125,OPTSTK,BFO,5.000000,6000,False
1126232,KEI26NOV4300CE,KEI,26NOV2026,430000.000000,175,OPTSTK,BFO,5.000000,100000000,False
1126247,SENSEX26O2283500CE,SENSEX,22OCT2026,8350000.000000,20,OPTIDX,BFO,5.000000,1000,False
1118807,HINDALCO26NOV1180PE,HINDALCO,26NOV2026,118000.000000,700,OPTSTK,BFO,5.000000,56000,False
1118821,SAIL26NOV217.5PE,SAIL,26NOV2026,21750.000000,4700,OPTSTK,BFO,5.000000,320000,False
1118836,CAMS26NOV830PE,CAMS,26NOV2026,83000.000000,825,OPTSTK,BFO,5.000000,100000000,False
1118904,COFORGE26SEP2080CE,COFORGE,24SEP2026,208000.000000,475,OPTSTK,BFO,5.000000,6000,False
1100333,HINDZINC26OCT690PE,HINDZINC,29OCT2026,69000.000000,1225,OPTSTK,BFO,5.000000,100000000,False
1100342,NMDC26OCT94PE,NMDC,29OCT2026,9400.000000,6750,OPTSTK,BFO,5.000000,225000,False
1100345,HINDPETRO26OCT450CE,HINDPETRO,29OCT2026,45000.000000,2025,OPTSTK,BFO,5.000000,108000,False
1100351,HINDZINC26SEP690CE,HINDZINC,24SEP2026,69000.000000,1225,OPTSTK,BFO,5.000000,100000000,False
1114299,HINDALCO26NOV1100PE,HINDALCO,26NOV2026,110000.000000,700,OPTSTK,BFO,5.000000,56000,False
1114314,BHEL26NOV435CE,BHEL,26NOV2026,43500.000000,2625,OPTSTK,BFO,5.000000,315000,False
1114316,PERSISTENT26NOV5900PE,PERSISTENT,26NOV2026,590000.000000,125,OPTSTK,BFO,5.000000,5250,False
1114361,SBICARD26NOV600CE,SBICARD,26NOV2026,60000.000000,800,OPTSTK,BFO,5.000000,32000,False
1126313,MOTHERSON26NOV142.5CE,MOTHERSON,26NOV2026,14250.000000,6150,OPTSTK,BFO,5.000000,284000,False
1126394,BRITANNIA26OCT4700PE,BRITANNIA,29OCT2026,470000.000000,125,OPTSTK,BFO,5.000000,6000,False
1126428,ICICIGI26OCT1360CE,ICICIGI,29OCT2026,136000.000000,325,OPTSTK,BFO,5.000000,20000,False
1126483,PATANJALI26OCT305CE,PATANJALI,29OCT2026,30500.000000,1075,OPTSTK,BFO,5.000000,100000000,False
1118907,INDHOTEL26NOV640PE,INDHOTEL,26NOV2026,64000.000000,1000,OPTSTK,BFO,5.000000,60000,False
1118928,LICHSGFIN26NOV610PE,LICHSGFIN,26NOV2026,61000.000000,1000,OPTSTK,BFO,5.000000,60000,False
1118929,APLAPOLLO26NOV2340CE,APLAPOLLO,26NOV2026,234000.000000,350,OPTSTK,BFO,5.000000,100000000,False
1118933,PERSISTENT26NOV6600PE,PERSISTENT,26NOV2026,660000.000000,125,OPTSTK,BFO,5.000000,5250,False
1114374,SENSEX26NOV80900PE,SENSEX,26NOV2026,8090000.000000,20,OPTIDX,BFO,5.000000,1000,False
1114390,DELHIVERY26NOV480CE,DELHIVERY,26NOV2026,48000.000000,2075,OPTSTK,BFO,5.000000,100000000,False
1114430,FOCIT26NOV41400PE,FOCIT,26NOV2026,4140000.000000,45,OPTIDX,BFO,5.000000,1350,False
1114435,MARICO26NOV860CE,MARICO,26NOV2026,86000.000000,1200,OPTSTK,BFO,5.000000,48000,False
1100357,DIVISLAB26OCT9600CE,DIVISLAB,29OCT2026,960000.000000,100,OPTSTK,BFO,5.000000,8000,False
1100406,POLICYBZR26OCT1960PE,POLICYBZR,29OCT2026,196000.000000,350,OPTSTK,BFO,5.000000,100000000,False
1100424,GLENMARK26SEP2560CE,GLENMARK,24SEP2026,256000.000000,375,OPTSTK,BFO,5.000000,43500,False
1100493,SAIL26SEP210PE,SAIL,24SEP2026,21000.000000,4700,OPTSTK,BFO,5.000000,320000,False
1126493,FOCIT26OCT29600CE,FOCIT,29OCT2026,2960000.000000,45,OPTIDX,BFO,5.000000,1350,False
1126501,FOCIT26NOV29500PE,FOCIT,26NOV2026,2950000.000000,45,OPTIDX,BFO,5.000000,1350,False
1126512,NAUKRI26NOV1160CE,NAUKRI,26NOV2026,116000.000000,550,OPTSTK,BFO,5.000000,6000,False
1126538,PIDILITIND26OCT1460CE,PIDILITIND,29OCT2026,146000.000000,500,OPTSTK,BFO,5.000000,10000,False
1118969,SENSEX26NOV84000CE,SENSEX,26NOV2026,8400000.000000,20,OPTIDX,BFO,5.000000,1000,False
1118996,ULTRACEMCO26NOV10900CE,ULTRACEMCO,26NOV2026,1090000.000000,50,OPTSTK,BFO,5.000000,3000,False
1119002,INDHOTEL26OCT640CE,INDHOTEL,29OCT2026,64000.000000,1000,OPTSTK,BFO,5.000000,60000,False
1119019,PAYTM26NOV1500CE,PAYTM,26NOV2026,150000.000000,725,OPTSTK,BFO,5.000000,100000000,False
1114448,LICHSGFIN26NOV550PE,LICHSGFIN,26NOV2026,55000.000000,1000,OPTSTK,BFO,5.000000,60000,False
1114459,RVNL26OCT180CE,RVNL,29OCT2026,18000.000000,1925,OPTSTK,BFO,5.000000,100000000,False
1114467,SENSEX26O1573800CE,SENSEX,15OCT2026,7380000.000000,20,OPTIDX,BFO,5.000000,1000,False
1114476,NBCC26NOV90PE,NBCC,26NOV2026,9000.000000,6500,OPTSTK,BFO,5.000000,100000000,False
1119084,VOLTAS26SEP1060PE,VOLTAS,24SEP2026,106000.000000,375,OPTSTK,BFO,5.000000,30000,False
1119189,PNB26NOV122CE,PNB,26NOV2026,12200.000000,8000,OPTSTK,BFO,5.000000,480000,False
1119196,ATHERENERG26NOV1720CE,ATHERENERG,26NOV2026,172000.000000,375,OPTSTK,BFO,5.000000,100000000,False
1119202,ATHERENERG26OCT1720CE,ATHERENERG,29OCT2026,172000.000000,375,OPTSTK,BFO,5.000000,100000000,False
1126552,MANAPPURAM26NOV295PE,MANAPPURAM,26NOV2026,29500.000000,3000,OPTSTK,BFO,5.000000,180000,False
1126585,KEI26OCT4000CE,KEI,29OCT2026,400000.000000,175,OPTSTK,BFO,5.000000,100000000,False
1126599,KPITTECH26OCT490CE,KPITTECH,29OCT2026,49000.000000,775,OPTSTK,BFO,5.000000,100000000,False
1126691,TMPV26NOV270PE,TMPV,26NOV2026,27000.000000,1600,OPTSTK,BFO,5.000000,42750,False
1100531,HYUNDAI26SEP2380CE,HYUNDAI,24SEP2026,238000.000000,275,OPTSTK,BFO,5.000000,100000000,False
1100543,SAIL26SEP212.5CE,SAIL,24SEP2026,21250.000000,4700,OPTSTK,BFO,5.000000,320000,False
1100574,BOSCHLTD26SEP52500CE,BOSCHLTD,24SEP2026,5250000.000000,25,OPTSTK,BFO,5.000000,1500,False
1100615,APLAPOLLO26OCT2300PE,APLAPOLLO,29OCT2026,230000.000000,350,OPTSTK,BFO,5.000000,100000000,False
1119227,TCS26NOV2420PE,TCS,26NOV2026,242000.000000,225,OPTSTK,BFO,5.000000,7000,False
1119240,GLENMARK26SEP2660CE,GLENMARK,24SEP2026,266000.000000,375,OPTSTK,BFO,5.000000,43500,False
1119244,GLENMARK26NOV2640PE,GLENMARK,26NOV2026,264000.000000,375,OPTSTK,BFO,5.000000,43500,False
1119248,SHREECEM26NOV22500CE,SHREECEM,26NOV2026,2250000.000000,25,OPTSTK,BFO,5.000000,1000,False
1100646,JINDALSTEL26OCT1320PE,JINDALSTEL,29OCT2026,132000.000000,625,OPTSTK,BFO,5.000000,37500,False
1100722,SENSEX5026NOV25500PE,SENSEX50,26NOV2026,2550000.000000,75,OPTIDX,BFO,5.000000,1800,False
1100736,BANKEX26NOV67500PE,BANKEX,26NOV2026,6750000.000000,30,OPTIDX,BFO,5.000000,900,False
1100744,BLUESTARCO26NOV1600PE,BLUESTARCO,26NOV2026,160000.000000,325,OPTSTK,BFO,5.000000,100000000,False
1114493,ATHERENERG26SEP1520CE,ATHERENERG,24SEP2026,152000.000000,375,OPTSTK,BFO,5.000000,100000000,False
1114506,POLYCAB26NOVFUT,POLYCAB,26NOV2026,0.000000,125,FUTSTK,BFO,5.000000,9000,False
1114513,SENSEX26NOV78200CE,SENSEX,26NOV2026,7820000.000000,20,OPTIDX,BFO,5.000000,1000,False
1114515,GODREJPROP26NOV1940CE,GODREJPROP,26NOV2026,194000.000000,325,OPTSTK,BFO,5.000000,19000,False
1126720,FOCIT26NOV29700PE,FOCIT,26NOV2026,2970000.000000,45,OPTIDX,BFO,5.000000,1350,False
1126724,GODREJCP26NOV790CE,GODREJCP,26NOV2026,79000.000000,500,OPTSTK,BFO,5.000000,30000,False
1126729,NESTLEIND26NOV1340CE,NESTLEIND,26NOV2026,134000.000000,500,OPTSTK,BFO,5.000000,1200,False
1126742,GODREJPROP26OCT1780CE,GODREJPROP,29OCT2026,178000.000000,325,OPTSTK,BFO,5.000000,19000,False
1114546,BANKEX26NOV59800CE,BANKEX,26NOV2026,5980000.000000,30,OPTIDX,BFO,5.000000,900,False
1114564,PIIND26NOV2200CE,PIIND,26NOV2026,220000.000000,175,OPTSTK,BFO,5.000000,7500,False
1114593,IDEA26NOV12CE,IDEA,26NOV2026,1200.000000,71475,OPTSTK,BFO,5.000000,2400000,False
1114602,SBILIFE26NOV1740CE,SBILIFE,26NOV2026,174000.000000,375,OPTSTK,BFO,5.000000,22500,False
1119267,ATHERENERG26NOV1740CE,ATHERENERG,26NOV2026,174000.000000,375,OPTSTK,BFO,5.000000,100000000,False
1119287,BANKEX26NOV71700CE,BANKEX,26NOV2026,7170000.000000,30,OPTIDX,BFO,5.000000,900,False
1119293,MCX26NOV3700CE,MCX,26NOV2026,370000.000000,225,OPTSTK,BFO,5.000000,16000,False
1119318,NHPC26NOV68PE,NHPC,26NOV2026,6800.000000,6950,OPTSTK,BFO,5.000000,100000000,False
1126746,IEX26NOV100PE,IEX,26NOV2026,10000.000000,4350,OPTSTK,BFO,5.000000,150000,False
1126748,ICICIPRULI26NOV435CE,ICICIPRULI,26NOV2026,43500.000000,925,OPTSTK,BFO,5.000000,60000,False
1126762,BAJAJFINSV26NOV1800CE,BAJAJFINSV,26NOV2026,180000.000000,300,OPTSTK,BFO,5.000000,20000,False
1126809,ICICIPRULI26NOV455CE,ICICIPRULI,26NOV2026,45500.000000,925,OPTSTK,BFO,5.000000,60000,False
1100749,VBL26NOV440CE,VBL,26NOV2026,44000.000000,1275,OPTSTK,BFO,5.000000,100000000,False
1100769,BLUESTARCO26NOV1440PE,BLUESTARCO,26NOV2026,144000.000000,325,OPTSTK,BFO,5.000000,100000000,False
1100800,LTM26NOV4200PE,LTM,26NOV2026,420000.000000,150,OPTSTK,BFO,5.000000,4500,False
1100804,BIOCON26NOV400PE,BIOCON,26NOV2026,40000.000000,2500,OPTSTK,BFO,5.000000,100000,False
1119334,DIVISLAB26SEP9900PE,DIVISLAB,24SEP2026,990000.000000,100,OPTSTK,BFO,5.000000,8000,False
1119337,SUPREMEIND26NOV3950PE,SUPREMEIND,26NOV2026,395000.000000,175,OPTSTK,BFO,5.000000,100000000,False
1119355,GAIL26OCT152.5PE,GAIL,29OCT2026,15250.000000,3550,OPTSTK,BFO,5.000000,274500,False
1119367,KPITTECH26NOV670PE,KPITTECH,26NOV2026,67000.000000,775,OPTSTK,BFO,5.000000,100000000,False
1100825,BIOCON26NOV405CE,BIOCON,26NOV2026,40500.000000,2500,OPTSTK,BFO,5.000000,100000,False
1100832,INDUSINDBK26NOV910PE,INDUSINDBK,26NOV2026,91000.000000,700,OPTSTK,BFO,5.000000,20000,False
1100838,PATANJALI26NOV385CE,PATANJALI,26NOV2026,38500.000000,1075,OPTSTK,BFO,5.000000,100000000,False
1100868,FEDERALBNK26NOV355PE,FEDERALBNK,26NOV2026,35500.000000,2500,OPTSTK,BFO,5.000000,200000,False
1114604,MAHABANK26SEP80PE,MAHABANK,24SEP2026,8000.000000,6500,OPTSTK,BFO,5.000000,100000000,False
1114606,LODHA26NOV1220CE,LODHA,26NOV2026,122000.000000,625,OPTSTK,BFO,5.000000,100000000,False
1114617,AUROPHARMA26NOV1720PE,AUROPHARMA,26NOV2026,172000.000000,550,OPTSTK,BFO,5.000000,44000,False
1114644,NTPC26NOV350CE,NTPC,26NOV2026,35000.000000,1500,OPTSTK,BFO,5.000000,150000,False
1126830,GODREJPROP26NOV1800CE,GODREJPROP,26NOV2026,180000.000000,325,OPTSTK,BFO,5.000000,19000,False
1126837,DMART26SEP3350PE,DMART,24SEP2026,335000.000000,150,OPTSTK,BFO,5.000000,100000000,False
1126873,MPHASIS26NOV2000CE,MPHASIS,26NOV2026,200000.000000,275,OPTSTK,BFO,5.000000,11000,False
1126877,FOCIT26NOV29600CE,FOCIT,26NOV2026,2960000.000000,45,OPTIDX,BFO,5.000000,1350,False
1119377,MPHASIS26NOV2800CE,MPHASIS,26NOV2026,280000.000000,275,OPTSTK,BFO,5.000000,11000,False
1119402,TCS26NOV2460PE,TCS,26NOV2026,246000.000000,225,OPTSTK,BFO,5.000000,7000,False
1119455,SUPREMEIND26NOV4000CE,SUPREMEIND,26NOV2026,400000.000000,175,OPTSTK,BFO,5.000000,100000000,False
1119474,INFY26NOV1260PE,INFY,26NOV2026,126000.000000,400,OPTSTK,BFO,5.000000,16000,False
1114668,CGPOWER26NOV960PE,CGPOWER,26NOV2026,96000.000000,850,OPTSTK,BFO,5.000000,100000000,False
1114697,VEDL26NOV245PE,VEDL,26NOV2026,24500.000000,1150,OPTSTK,BFO,5.000000,80000,False
1114699,FOCIT26NOV35900CE,FOCIT,26NOV2026,3590000.000000,45,OPTIDX,BFO,5.000000,1350,False
1114704,HINDPETRO26NOV410CE,HINDPETRO,26NOV2026,41000.000000,2025,OPTSTK,BFO,5.000000,108000,False
1100883,SIEMENS26NOV4100CE,SIEMENS,26NOV2026,410000.000000,175,OPTSTK,BFO,5.000000,8250,False
1100892,FOCIT26NOV34300CE,FOCIT,26NOV2026,3430000.000000,45,OPTIDX,BFO,5.000000,1350,False
1100899,LT26NOV4400CE,LT,26NOV2026,440000.000000,175,OPTSTK,BFO,5.000000,12000,False
1100920,LODHA26NOV1220PE,LODHA,26NOV2026,122000.000000,625,OPTSTK,BFO,5.000000,100000000,False
1119484,TCS26NOV2480PE,TCS,26NOV2026,248000.000000,225,OPTSTK,BFO,5.000000,7000,False
1119496,HINDPETRO26NOV290PE,HINDPETRO,26NOV2026,29000.000000,2025,OPTSTK,BFO,5.000000,108000,False
1119508,CANBK26NOV145CE,CANBK,26NOV2026,14500.000000,6750,OPTSTK,BFO,5.000000,81000,False
1119557,OFSS26NOV12800PE,OFSS,26NOV2026,1280000.000000,100,OPTSTK,BFO,5.000000,8000,False
1126932,INDIANB26NOV800PE,INDIANB,26NOV2026,80000.000000,1000,OPTSTK,BFO,5.000000,100000000,False
1126964,SBICARD26SEP740PE,SBICARD,24SEP2026,74000.000000,800,OPTSTK,BFO,5.000000,32000,False
1127076,TMPV26OCT270PE,TMPV,29OCT2026,27000.000000,1600,OPTSTK,BFO,5.000000,42750,False
1127105,COLPAL26OCT1680CE,COLPAL,29OCT2026,168000.000000,275,OPTSTK,BFO,5.000000,14000,False
1114713,FORTIS26NOVFUT,FORTIS,26NOV2026,0.000000,775,FUTSTK,BFO,5.000000,100000000,False
1114717,JSWSTEEL26NOV1260CE,JSWSTEEL,26NOV2026,126000.000000,675,OPTSTK,BFO,5.000000,40500,False
1114732,TVSMOTOR26NOV4600PE,TVSMOTOR,26NOV2026,460000.000000,175,OPTSTK,BFO,5.000000,21000,False
1114735,BHEL26NOV470CE,BHEL,26NOV2026,47000.000000,2625,OPTSTK,BFO,5.000000,315000,False
1119560,CONCOR26NOV550PE,CONCOR,26NOV2026,55000.000000,1250,OPTSTK,BFO,5.000000,40000,False
1119565,MAHABANK26NOV77PE,MAHABANK,26NOV2026,7700.000000,6500,OPTSTK,BFO,5.000000,100000000,False
1119581,SAIL26SEP217.5CE,SAIL,24SEP2026,21750.000000,4700,OPTSTK,BFO,5.000000,320000,False
1119603,OFSS26SEP12900CE,OFSS,24SEP2026,1290000.000000,100,OPTSTK,BFO,5.000000,8000,False
1100947,SAIL26NOV195PE,SAIL,26NOV2026,19500.000000,4700,OPTSTK,BFO,5.000000,320000,False
1100956,JSWSTEEL26NOV1340CE,JSWSTEEL,26NOV2026,134000.000000,675,OPTSTK,BFO,5.000000,40500,False
1100987,UNIONBANK26NOV165CE,UNIONBANK,26NOV2026,16500.000000,4425,OPTSTK,BFO,5.000000,100000000,False
1101011,AUBANK26NOV1180CE,AUBANK,26NOV2026,118000.000000,1000,OPTSTK,BFO,5.000000,30000,False
1114745,UNIONBANK26NOVFUT,UNIONBANK,26NOV2026,0.000000,4425,FUTSTK,BFO,5.000000,100000000,False
1114747,ANGELONE26NOV270CE,ANGELONE,26NOV2026,27000.000000,2500,OPTSTK,BFO,5.000000,100000000,False
1114749,SENSEX26NOV80800CE,SENSEX,26NOV2026,8080000.000000,20,OPTIDX,BFO,5.000000,1000,False
1114812,FOCIT26NOV43600CE,FOCIT,26NOV2026,4360000.000000,45,OPTIDX,BFO,5.000000,1350,False
1127188,SAIL26NOV170PE,SAIL,26NOV2026,17000.000000,4700,OPTSTK,BFO,5.000000,320000,False
1127208,ICICIPRULI26NOV445CE,ICICIPRULI,26NOV2026,44500.000000,925,OPTSTK,BFO,5.000000,60000,False
1127222,PATANJALI26OCT305PE,PATANJALI,29OCT2026,30500.000000,1075,OPTSTK,BFO,5.000000,100000000,False
1127224,GODREJCP26NOV800CE,GODREJCP,26NOV2026,80000.000000,500,OPTSTK,BFO,5.000000,30000,False
1119613,NESTLEIND26NOV1530PE,NESTLEIND,26NOV2026,153000.000000,500,OPTSTK,BFO,5.000000,1200,False
1119623,SAGILITY26NOV53CE,SAGILITY,26NOV2026,5300.000000,12000,OPTSTK,BFO,5.000000,100000000,False
1119633,TECHM26NOV1760CE,TECHM,26NOV2026,176000.000000,600,OPTSTK,BFO,5.000000,24000,False
1119671,INDHOTEL26OCT640PE,INDHOTEL,29OCT2026,64000.000000,1000,OPTSTK,BFO,5.000000,60000,False
1101015,BANKBARODA26OCT200CE,BANKBARODA,29OCT2026,20000.000000,2925,OPTSTK,BFO,5.000000,175500,False
1101021,NTPC26SEP295PE,NTPC,24SEP2026,29500.000000,1500,OPTSTK,BFO,5.000000,150000,False
1101036,GRASIM26NOV3400CE,GRASIM,26NOV2026,340000.000000,250,OPTSTK,BFO,5.000000,14250,False
1101062,MCX26NOV3050CE,MCX,26NOV2026,305000.000000,225,OPTSTK,BFO,5.000000,16000,False
1114823,PGEL26NOV540PE,PGEL,26NOV2026,54000.000000,950,OPTSTK,BFO,5.000000,100000000,False
1114852,TMPV26NOV305PE,TMPV,26NOV2026,30500.000000,1600,OPTSTK,BFO,5.000000,42750,False
1114868,CONCOR26NOV500CE,CONCOR,26NOV2026,50000.000000,1250,OPTSTK,BFO,5.000000,40000,False
1114913,SENSEX26NOV70200PE,SENSEX,26NOV2026,7020000.000000,20,OPTIDX,BFO,5.000000,1000,False
1119673,DIVISLAB26OCT9900CE,DIVISLAB,29OCT2026,990000.000000,100,OPTSTK,BFO,5.000000,8000,False
1119970,APOLLOHOSP26NOV9600CE,APOLLOHOSP,26NOV2026,960000.000000,125,OPTSTK,BFO,5.000000,5000,False
1127253,GVT&D26NOV5300PE,GVT&D,26NOV2026,530000.000000,125,OPTSTK,BFO,5.000000,100000000,False
1127260,HAVELLS26SEP1000PE,HAVELLS,24SEP2026,100000.000000,500,OPTSTK,BFO,5.000000,20000,False
1127325,ICICIGI26NOV1340CE,ICICIGI,26NOV2026,134000.000000,325,OPTSTK,BFO,5.000000,20000,False
1127361,SHRIRAMFIN26NOV880PE,SHRIRAMFIN,26NOV2026,88000.000000,825,OPTSTK,BFO,5.000000,18000,False
1101073,BAJAJ-AUTO26NOV12400PE,BAJAJ-AUTO,26NOV2026,1240000.000000,75,OPTSTK,BFO,5.000000,5000,False
1101110,SENSEX26NOV74400CE,SENSEX,26NOV2026,7440000.000000,20,OPTIDX,BFO,5.000000,1000,False
1101120,PREMIERENE26NOV880CE,PREMIERENE,26NOV2026,88000.000000,650,OPTSTK,BFO,5.000000,100000000,False
1101132,ETERNAL26NOV350CE,ETERNAL,26NOV2026,35000.000000,2425,OPTSTK,BFO,5.000000,100000000,False
1114917,SENSEX26O1581800PE,SENSEX,15OCT2026,8180000.000000,20,OPTIDX,BFO,5.000000,1000,False
1114974,MUTHOOTFIN26NOV2950CE,MUTHOOTFIN,26NOV2026,295000.000000,275,OPTSTK,BFO,5.000000,22000,False
1114996,MARICO26NOV840PE,MARICO,26NOV2026,84000.000000,1200,OPTSTK,BFO,5.000000,48000,False
1115036,MOTILALOFS26NOV1040CE,MOTILALOFS,26NOV2026,104000.000000,775,OPTSTK,BFO,5.000000,100000000,False
1120004,GMRAIRPORT26SEP90CE,GMRAIRPORT,24SEP2026,9000.000000,6975,OPTSTK,BFO,5.000000,675000,False
1120045,M&M26NOV2950CE,M&M,26NOV2026,295000.000000,200,OPTSTK,BFO,5.000000,21000,False
1120058,ADANIGREEN26NOV1140PE,ADANIGREEN,26NOV2026,114000.000000,600,OPTSTK,BFO,5.000000,100000000,False
1120099,TIINDIA26NOV2450PE,TIINDIA,26NOV2026,245000.000000,200,OPTSTK,BFO,5.000000,100000000,False
1127374,SENSEX26OCT68600PE,SENSEX,29OCT2026,6860000.000000,20,OPTIDX,BFO,5.000000,1000,False
1101133,ITC26NOV270PE,ITC,26NOV2026,27000.000000,1725,OPTSTK,BFO,5.000000,64000,False
1101143,GVT&D26NOV3900PE,GVT&D,26NOV2026,390000.000000,125,OPTSTK,BFO,5.000000,100000000,False
1101187,ABB26NOV7900CE,ABB,26NOV2026,790000.000000,125,OPTSTK,BFO,5.000000,7500,False
1101196,EICHERMOT26NOV8000CE,EICHERMOT,26NOV2026,800000.000000,100,OPTSTK,BFO,5.000000,7000,False
1120123,PIIND26OCT2050CE,PIIND,29OCT2026,205000.000000,175,OPTSTK,BFO,5.000000,7500,False
1120143,BHARTIARTL26OCT1700PE,BHARTIARTL,29OCT2026,170000.000000,475,OPTSTK,BFO,5.000000,28500,False
1120158,MAXHEALTH26NOV1090PE,MAXHEALTH,26NOV2026,109000.000000,525,OPTSTK,BFO,5.000000,100000000,False
1120186,INDIANB26NOV970PE,INDIANB,26NOV2026,97000.000000,1000,OPTSTK,BFO,5.000000,100000000,False
1115038,HINDPETRO26NOV410PE,HINDPETRO,26NOV2026,41000.000000,2025,OPTSTK,BFO,5.000000,108000,False
1115051,GODFRYPHLP26NOV2100PE,GODFRYPHLP,26NOV2026,210000.000000,275,OPTSTK,BFO,5.000000,100000000,False
1115053,MANAPPURAM26NOV370CE,MANAPPURAM,26NOV2026,37000.000000,3000,OPTSTK,BFO,5.000000,180000,False
1115063,JIOFIN26NOV225CE,JIOFIN,26NOV2026,22500.000000,2350,OPTSTK,BFO,5.000000,100000000,False
1101212,PGEL26NOV530PE,PGEL,26NOV2026,53000.000000,950,OPTSTK,BFO,5.000000,100000000,False
1101225,BAJAJFINSV26NOV1940CE,BAJAJFINSV,26NOV2026,194000.000000,300,OPTSTK,BFO,5.000000,20000,False
1101242,VBL26NOV350PE,VBL,26NOV2026,35000.000000,1275,OPTSTK,BFO,5.000000,100000000,False
1101259,JINDALSTEL26NOV1140CE,JINDALSTEL,26NOV2026,114000.000000,625,OPTSTK,BFO,5.000000,37500,False
1120296,ADANIGREEN26SEP1080PE,ADANIGREEN,24SEP2026,108000.000000,600,OPTSTK,BFO,5.000000,100000000,False
1120322,OBEROIRLTY26NOV1720PE,OBEROIRLTY,26NOV2026,172000.000000,350,OPTSTK,BFO,5.000000,28000,False
1120323,ATHERENERG26NOV1780PE,ATHERENERG,26NOV2026,178000.000000,375,OPTSTK,BFO,5.000000,100000000,False
1120338,BAJAJ-AUTO26SEP12800CE,BAJAJ-AUTO,24SEP2026,1280000.000000,75,OPTSTK,BFO,5.000000,5000,False
1115087,TECHM26NOV1440CE,TECHM,26NOV2026,144000.000000,600,OPTSTK,BFO,5.000000,24000,False
1115095,COFORGE26NOV1940CE,COFORGE,26NOV2026,194000.000000,475,OPTSTK,BFO,5.000000,6000,False
1115102,INDHOTEL26NOV710PE,INDHOTEL,26NOV2026,71000.000000,1000,OPTSTK,BFO,5.000000,60000,False
1115130,AXISBANK26NOV1360PE,AXISBANK,26NOV2026,136000.000000,625,OPTSTK,BFO,5.000000,25000,False
1120358,GMRAIRPORT26NOV88PE,GMRAIRPORT,26NOV2026,8800.000000,6975,OPTSTK,BFO,5.000000,675000,False
1120366,BANDHANBNK26OCT130CE,BANDHANBNK,29OCT2026,13000.000000,3600,OPTSTK,BFO,5.000000,100000,False
1120380,GODREJCP26SEP830CE,GODREJCP,24SEP2026,83000.000000,500,OPTSTK,BFO,5.000000,30000,False
1120420,ADANIGREEN26SEP1100PE,ADANIGREEN,24SEP2026,110000.000000,600,OPTSTK,BFO,5.000000,100000000,False
1101273,HDFCAMC26NOV2350CE,HDFCAMC,26NOV2026,235000.000000,300,OPTSTK,BFO,5.000000,12000,False
1101279,UPL26NOV640CE,UPL,26NOV2026,64000.000000,1355,OPTSTK,BFO,5.000000,39000,False
1101311,HINDALCO26NOV960PE,HINDALCO,26NOV2026,96000.000000,700,OPTSTK,BFO,5.000000,56000,False
1101312,ADANIGREEN26NOV1220CE,ADANIGREEN,26NOV2026,122000.000000,600,OPTSTK,BFO,5.000000,100000000,False
1115135,AUBANK26NOV980PE,AUBANK,26NOV2026,98000.000000,1000,OPTSTK,BFO,5.000000,30000,False
1115137,BOSCHLTD26NOV49000PE,BOSCHLTD,26NOV2026,4900000.000000,25,OPTSTK,BFO,5.000000,1500,False
1115156,CONCOR26NOV500PE,CONCOR,26NOV2026,50000.000000,1250,OPTSTK,BFO,5.000000,40000,False
1115192,WIPRO26NOV182.5PE,WIPRO,26NOV2026,18250.000000,3000,OPTSTK,BFO,5.000000,60000,False
1120436,MAHABANK26SEP75CE,MAHABANK,24SEP2026,7500.000000,6500,OPTSTK,BFO,5.000000,100000000,False
1120511,MANAPPURAM26NOV305CE,MANAPPURAM,26NOV2026,30500.000000,3000,OPTSTK,BFO,5.000000,180000,False
1120515,ADANIENSOL26OCT1380CE,ADANIENSOL,29OCT2026,138000.000000,675,OPTSTK,BFO,5.000000,100000000,False
1120538,BDL26NOV1140PE,BDL,26NOV2026,114000.000000,425,OPTSTK,BFO,5.000000,100000000,False
1101318,SAGILITY26OCT43PE,SAGILITY,29OCT2026,4300.000000,12000,OPTSTK,BFO,5.000000,100000000,False
1101319,FORTIS26NOV980PE,FORTIS,26NOV2026,98000.000000,775,OPTSTK,BFO,5.000000,100000000,False
1101326,ADANIPOWER26NOV240PE,ADANIPOWER,26NOV2026,24000.000000,3550,OPTSTK,BFO,5.000000,100000000,False
1101345,TATAPOWER26OCT320CE,TATAPOWER,29OCT2026,32000.000000,1450,OPTSTK,BFO,5.000000,101250,False
1115211,POLICYBZR26NOV1820PE,POLICYBZR,26NOV2026,182000.000000,350,OPTSTK,BFO,5.000000,100000000,False
1115214,NTPC26NOV330PE,NTPC,26NOV2026,33000.000000,1500,OPTSTK,BFO,5.000000,150000,False
1115218,BIOCON26NOV455CE,BIOCON,26NOV2026,45500.000000,2500,OPTSTK,BFO,5.000000,100000,False
1115231,SENSEX26O1583100CE,SENSEX,15OCT2026,8310000.000000,20,OPTIDX,BFO,5.000000,1000,False
1120563,LTF26NOV275PE,LTF,26NOV2026,27500.000000,2250,OPTSTK,BFO,5.000000,267720,False
1120594,ATHERENERG26OCT1800CE,ATHERENERG,29OCT2026,180000.000000,375,OPTSTK,BFO,5.000000,100000000,False
1120607,ZYDUSLIFE26NOV1090CE,ZYDUSLIFE,26NOV2026,109000.000000,900,OPTSTK,BFO,5.000000,54000,False
1120642,PIIND26OCT2050PE,PIIND,29OCT2026,205000.000000,175,OPTSTK,BFO,5.000000,7500,False
1101381,ICICIBANK26NOV1440CE,ICICIBANK,26NOV2026,144000.000000,700,OPTSTK,BFO,5.000000,28000,False
1101394,SENSEX26O1583100PE,SENSEX,15OCT2026,8310000.000000,20,OPTIDX,BFO,5.000000,1000,False
1101449,UPL26NOV550CE,UPL,26NOV2026,55000.000000,1355,OPTSTK,BFO,5.000000,39000,False
1101454,SENSEX26O1574700CE,SENSEX,15OCT2026,7470000.000000,20,OPTIDX,BFO,5.000000,1000,False
1115242,SENSEX26NOV76100CE,SENSEX,26NOV2026,7610000.000000,20,OPTIDX,BFO,5.000000,1000,False
1115261,AXISBANK26NOVFUT,AXISBANK,26NOV2026,0.000000,625,FUTSTK,BFO,5.000000,25000,False
1115285,WAAREEENER26NOV2250PE,WAAREEENER,26NOV2026,225000.000000,175,OPTSTK,BFO,5.000000,100000000,False
1115328,ICICIGI26NOV1600CE,ICICIGI,26NOV2026,160000.000000,325,OPTSTK,BFO,5.000000,20000,False
1120758,MAZDOCK26NOV2150PE,MAZDOCK,26NOV2026,215000.000000,225,OPTSTK,BFO,5.000000,100000000,False
1120770,UPL26NOV490PE,UPL,26NOV2026,49000.000000,1355,OPTSTK,BFO,5.000000,39000,False
1120823,AUROPHARMA26NOV1820CE,AUROPHARMA,26NOV2026,182000.000000,550,OPTSTK,BFO,5.000000,44000,False
1120851,POWERINDIA26NOV29500PE,POWERINDIA,26NOV2026,2950000.000000,25,OPTSTK,BFO,5.000000,100000000,False
1101460,ANGELONE26NOV260PE,ANGELONE,26NOV2026,26000.000000,2500,OPTSTK,BFO,5.000000,100000000,False
1101504,FORTIS26NOV890PE,FORTIS,26NOV2026,89000.000000,775,OPTSTK,BFO,5.000000,100000000,False
1101518,HINDALCO26NOV1120CE,HINDALCO,26NOV2026,112000.000000,700,OPTSTK,BFO,5.000000,56000,False
1101547,ATHERENERG26SEP1480CE,ATHERENERG,24SEP2026,148000.000000,375,OPTSTK,BFO,5.000000,100000000,False
1115331,TATASTEEL26NOV177.5CE,TATASTEEL,26NOV2026,17750.000000,2750,OPTSTK,BFO,5.000000,220000,False
1115337,MANAPPURAM26NOV370PE,MANAPPURAM,26NOV2026,37000.000000,3000,OPTSTK,BFO,5.000000,180000,False
1115338,ABB26NOV8000PE,ABB,26NOV2026,800000.000000,125,OPTSTK,BFO,5.000000,7500,False
1115351,LODHA26NOV1260CE,LODHA,26NOV2026,126000.000000,625,OPTSTK,BFO,5.000000,100000000,False
1120878,GODREJPROP26NOV1880CE,GODREJPROP,26NOV2026,188000.000000,325,OPTSTK,BFO,5.000000,19000,False
1120883,ADANIENT26OCT2550CE,ADANIENT,29OCT2026,255000.000000,309,OPTSTK,BFO,5.000000,9000,False
1120887,BANKEX26NOV72200CE,BANKEX,26NOV2026,7220000.000000,30,OPTIDX,BFO,5.000000,900,False
1120892,COCHINSHIP26NOV1380PE,COCHINSHIP,26NOV2026,138000.000000,400,OPTSTK,BFO,5.000000,100000000,False
1101550,NATIONALUM26NOV440PE,NATIONALUM,26NOV2026,44000.000000,1875,OPTSTK,BFO,5.000000,300000,False
1101551,SENSEX26O1580100CE,SENSEX,15OCT2026,8010000.000000,20,OPTIDX,BFO,5.000000,1000,False
1101559,BANKEX26NOV67700PE,BANKEX,26NOV2026,6770000.000000,30,OPTIDX,BFO,5.000000,900,False
1101560,HCLTECH26NOV1350CE,HCLTECH,26NOV2026,135000.000000,400,OPTSTK,BFO,5.000000,21000,False
1115384,MAXHEALTH26NOV960PE,MAXHEALTH,26NOV2026,96000.000000,525,OPTSTK,BFO,5.000000,100000000,False
1115398,ADANIPORTS26NOV1680PE,ADANIPORTS,26NOV2026,168000.000000,475,OPTSTK,BFO,5.000000,32000,False
1115450,UNITDSPR26NOV1420PE,UNITDSPR,26NOV2026,142000.000000,400,OPTSTK,BFO,5.000000,28000,False
1115452,CONCOR26NOV505PE,CONCOR,26NOV2026,50500.000000,1250,OPTSTK,BFO,5.000000,40000,False
1120918,BLUESTARCO26SEP1320PE,BLUESTARCO,24SEP2026,132000.000000,325,OPTSTK,BFO,5.000000,100000000,False
1120930,BHARTIARTL26NOV1720CE,BHARTIARTL,26NOV2026,172000.000000,475,OPTSTK,BFO,5.000000,28500,False
1120942,POWERINDIA26NOV29500CE,POWERINDIA,26NOV2026,2950000.000000,25,OPTSTK,BFO,5.000000,100000000,False
1120953,ADANIENSOL26NOV1340PE,ADANIENSOL,26NOV2026,134000.000000,675,OPTSTK,BFO,5.000000,100000000,False
1120985,INDIANB26NOV970CE,INDIANB,26NOV2026,97000.000000,1000,OPTSTK,BFO,5.000000,100000000,False
1120991,AMBUJACEM26NOV370CE,AMBUJACEM,26NOV2026,37000.000000,1200,OPTSTK,BFO,5.000000,54000,False
1121179,ATHERENERG26OCT1800PE,ATHERENERG,29OCT2026,180000.000000,375,OPTSTK,BFO,5.000000,100000000,False
1121188,ATHERENERG26NOV1800CE,ATHERENERG,26NOV2026,180000.000000,375,OPTSTK,BFO,5.000000,100000000,False
1101570,TMPV26NOVFUT,TMPV,26NOV2026,0.000000,1600,FUTSTK,BFO,5.000000,42750,False
1101580,SUNPHARMA26NOV2040CE,SUNPHARMA,26NOV2026,204000.000000,350,OPTSTK,BFO,5.000000,28000,False
1101583,SENSEX26NOV77700CE,SENSEX,26NOV2026,7770000.000000,20,OPTIDX,BFO,5.000000,1000,False
1101586,HINDPETRO26NOV310PE,HINDPETRO,26NOV2026,31000.000000,2025,OPTSTK,BFO,5.000000,108000,False
1115464,PAYTM26NOV1720PE,PAYTM,26NOV2026,172000.000000,725,OPTSTK,BFO,5.000000,100000000,False
1115484,CONCOR26NOV470CE,CONCOR,26NOV2026,47000.000000,1250,OPTSTK,BFO,5.000000,40000,False
1115489,MAHABANK26SEP82CE,MAHABANK,24SEP2026,8200.000000,6500,OPTSTK,BFO,5.000000,100000000,False
1115503,KAYNES26NOV4350PE,KAYNES,26NOV2026,435000.000000,150,OPTSTK,BFO,5.000000,100000000,False
1121194,ADANIPOWER26SEP165CE,ADANIPOWER,24SEP2026,16500.000000,3550,OPTSTK,BFO,5.000000,100000000,False
1121211,IDFCFIRSTB26NOV91PE,IDFCFIRSTB,26NOV2026,9100.000000,9275,OPTSTK,BFO,5.000000,450000,False
1121223,ADANIENSOL26NOV1400PE,ADANIENSOL,26NOV2026,140000.000000,675,OPTSTK,BFO,5.000000,100000000,False
1121242,BSE26OCT1400CE,BSE,27OCT2026,140000.000000,200,OPTSTK,BFO,5.000000,3751,False
1101591,TIINDIA26NOV3150CE,TIINDIA,26NOV2026,315000.000000,200,OPTSTK,BFO,5.000000,100000000,False
1101613,LICI26NOV435PE,LICI,26NOV2026,43500.000000,1400,OPTSTK,BFO,5.000000,100000000,False
1101614,FOCIT26NOV31500PE,FOCIT,26NOV2026,3150000.000000,45,OPTIDX,BFO,5.000000,1350,False
1101629,GODREJPROP26NOV1980PE,GODREJPROP,26NOV2026,198000.000000,325,OPTSTK,BFO,5.000000,19000,False
1115524,ICICIPRULI26NOV525PE,ICICIPRULI,26NOV2026,52500.000000,925,OPTSTK,BFO,5.000000,60000,False
1115550,SENSEX26O1576400CE,SENSEX,15OCT2026,7640000.000000,20,OPTIDX,BFO,5.000000,1000,False
1115557,ADANIENT26NOV3300PE,ADANIENT,26NOV2026,330000.000000,309,OPTSTK,BFO,5.000000,9000,False
1115569,INDHOTEL26NOV750CE,INDHOTEL,26NOV2026,75000.000000,1000,OPTSTK,BFO,5.000000,60000,False
1121326,INFY26NOV1300PE,INFY,26NOV2026,130000.000000,400,OPTSTK,BFO,5.000000,16000,False
1121330,BHEL26NOV390CE,BHEL,26NOV2026,39000.000000,2625,OPTSTK,BFO,5.000000,315000,False
1121389,DIXON26NOV12750PE,DIXON,26NOV2026,1275000.000000,50,OPTSTK,BFO,5.000000,6000,False
1121400,ULTRACEMCO26OCT10700PE,ULTRACEMCO,29OCT2026,1070000.000000,50,OPTSTK,BFO,5.000000,3000,False
1100008,DIXON26SEP16750PE,DIXON,24SEP2026,1675000.000000,50,OPTSTK,BFO,5.000000,6000,False
1100040,SAIL26SEP202.5CE,SAIL,24SEP2026,20250.000000,4700,OPTSTK,BFO,5.000000,320000,False
1100044,BAJAJ-AUTO26SEP12600PE,BAJAJ-AUTO,24SEP2026,1260000.000000,75,OPTSTK,BFO,5.000000,5000,False
1121416,MOTILALOFS26NOV880PE,MOTILALOFS,26NOV2026,88000.000000,775,OPTSTK,BFO,5.000000,100000000,False
1121425,MARUTI26OCT12200PE,MARUTI,29OCT2026,1220000.000000,50,OPTSTK,BFO,5.000000,3000,False
1121432,OIL26NOV525CE,OIL,26NOV2026,52500.000000,1400,OPTSTK,BFO,5.000000,100000000,False
1121450,AMBER26NOV6800CE,AMBER,26NOV2026,680000.000000,100,OPTSTK,BFO,5.000000,100000000,False
1115579,AUROPHARMA26NOV1660CE,AUROPHARMA,26NOV2026,166000.000000,550,OPTSTK,BFO,5.000000,44000,False
1115584,SENSEX26NOV74100PE,SENSEX,26NOV2026,7410000.000000,20,OPTIDX,BFO,5.000000,1000,False
1115585,DIXON26NOV14250PE,DIXON,26NOV2026,1425000.000000,50,OPTSTK,BFO,5.000000,6000,False
1115608,SENSEX26O1570400CE,SENSEX,15OCT2026,7040000.000000,20,OPTIDX,BFO,5.000000,1000,False
1100059,JINDALSTEL26SEP1300CE,JINDALSTEL,24SEP2026,130000.000000,625,OPTSTK,BFO,5.000000,37500,False
1100064,MANKIND26OCT2220PE,MANKIND,29OCT2026,222000.000000,250,OPTSTK,BFO,5.000000,100000000,False
1100074,BSE26OCT2300CE,BSE,27OCT2026,230000.000000,200,OPTSTK,BFO,5.000000,3751,False
1100104,BSE26NOV1600CE,BSE,23NOV2026,160000.000000,200,OPTSTK,BFO,5.000000,3751,False
1101656,SWIGGY26NOV290CE,SWIGGY,26NOV2026,29000.000000,1825,OPTSTK,BFO,5.000000,100000000,False
1101658,MFSL26NOV1500CE,MFSL,26NOV2026,150000.000000,400,OPTSTK,BFO,5.000000,32000,False
1101668,SIEMENS26NOV4300CE,SIEMENS,26NOV2026,430000.000000,175,OPTSTK,BFO,5.000000,8250,False
1101676,TATAPOWER26OCT325CE,TATAPOWER,29OCT2026,32500.000000,1450,OPTSTK,BFO,5.000000,101250,False
1121510,OIL26SEP525PE,OIL,24SEP2026,52500.000000,1400,OPTSTK,BFO,5.000000,100000000,False
1121529,PRESTIGE26NOV1420CE,PRESTIGE,26NOV2026,142000.000000,450,OPTSTK,BFO,5.000000,100000000,False
1121552,NAM-INDIA26NOV1040PE,NAM-INDIA,26NOV2026,104000.000000,625,OPTSTK,BFO,5.000000,100000000,False
1121556,TMPV26SEP275CE,TMPV,24SEP2026,27500.000000,1600,OPTSTK,BFO,5.000000,42750,False
1100107,BSE26NOV1800PE,BSE,23NOV2026,180000.000000,200,OPTSTK,BFO,5.000000,3751,False
1100116,BSE26NOV2400PE,BSE,23NOV2026,240000.000000,200,OPTSTK,BFO,5.000000,3751,False
1100143,BSE26NOV3800CE,BSE,23NOV2026,380000.000000,200,OPTSTK,BFO,5.000000,3751,False
1100154,BSE26NOV4400PE,BSE,23NOV2026,440000.000000,200,OPTSTK,BFO,5.000000,3751,False
1101680,AXISBANK26NOV1260PE,AXISBANK,26NOV2026,126000.000000,625,OPTSTK,BFO,5.000000,25000,False
1101685,KPITTECH26NOV620CE,KPITTECH,26NOV2026,62000.000000,775,OPTSTK,BFO,5.000000,100000000,False
1101692,HDFCBANK26NOVFUT,HDFCBANK,26NOV2026,0.000000,650,FUTSTK,BFO,5.000000,16500,False
1101699,FOCIT26NOV43800PE,FOCIT,26NOV2026,4380000.000000,45,OPTIDX,BFO,5.000000,1350,False
1115624,ADANIGREEN26NOV1280PE,ADANIGREEN,26NOV2026,128000.000000,600,OPTSTK,BFO,5.000000,100000000,False
1115645,SENSEX26NOV70400PE,SENSEX,26NOV2026,7040000.000000,20,OPTIDX,BFO,5.000000,1000,False
1115654,IREDA26NOV132.5PE,IREDA,26NOV2026,13250.000000,4525,OPTSTK,BFO,5.000000,100000000,False
1115667,TVSMOTOR26NOV4700CE,TVSMOTOR,26NOV2026,470000.000000,175,OPTSTK,BFO,5.000000,21000,False
1121587,TMPV26NOV275PE,TMPV,26NOV2026,27500.000000,1600,OPTSTK,BFO,5.000000,42750,False
1121591,SIEMENS26NOV3650PE,SIEMENS,26NOV2026,365000.000000,175,OPTSTK,BFO,5.000000,8250,False
1121612,PGEL26NOV500CE,PGEL,26NOV2026,50000.000000,950,OPTSTK,BFO,5.000000,100000000,False
1121617,CHOLAFIN26NOV1700CE,CHOLAFIN,26NOV2026,170000.000000,625,OPTSTK,BFO,5.000000,25000,False
1100157,BSE26NOV4600PE,BSE,23NOV2026,460000.000000,200,OPTSTK,BFO,5.000000,3751,False
1100189,CDSL26OCT1380PE,CDSL,27OCT2026,138000.000000,475,OPTSTK,BFO,5.000000,14001,False
1100204,CDSL26OCT1580CE,CDSL,27OCT2026,158000.000000,475,OPTSTK,BFO,5.000000,14001,False
1100217,CDSL26OCT1740PE,CDSL,27OCT2026,174000.000000,475,OPTSTK,BFO,5.000000,14001,False
1101716,UNITDSPR26NOV1500PE,UNITDSPR,26NOV2026,150000.000000,400,OPTSTK,BFO,5.000000,28000,False
1101717,SENSEX26NOV81700CE,SENSEX,26NOV2026,8170000.000000,20,OPTIDX,BFO,5.000000,1000,False
1101726,YESBANK26NOV22PE,YESBANK,26NOV2026,2200.000000,31100,OPTSTK,BFO,5.000000,100000000,False
1101732,LICHSGFIN26NOV490PE,LICHSGFIN,26NOV2026,49000.000000,1000,OPTSTK,BFO,5.000000,60000,False
1115678,COFORGE26NOV2020CE,COFORGE,26NOV2026,202000.000000,475,OPTSTK,BFO,5.000000,6000,False
1115683,FOCIT26NOV33200PE,FOCIT,26NOV2026,3320000.000000,45,OPTIDX,BFO,5.000000,1350,False
1115701,ADANIENT26NOV3050PE,ADANIENT,26NOV2026,305000.000000,309,OPTSTK,BFO,5.000000,9000,False
1115719,TORNTPHARM26NOV5000CE,TORNTPHARM,26NOV2026,500000.000000,125,OPTSTK,BFO,5.000000,15000,False
1121640,BDL26NOV1120PE,BDL,26NOV2026,112000.000000,425,OPTSTK,BFO,5.000000,100000000,False
1121658,MARUTI26NOV12200CE,MARUTI,26NOV2026,1220000.000000,50,OPTSTK,BFO,5.000000,3000,False
1121686,LICI26NOV375CE,LICI,26NOV2026,37500.000000,1400,OPTSTK,BFO,5.000000,100000000,False
1121707,DMART26NOV3450PE,DMART,26NOV2026,345000.000000,150,OPTSTK,BFO,5.000000,100000000,False
1100229,CDSL26OCT1960CE,CDSL,27OCT2026,196000.000000,475,OPTSTK,BFO,5.000000,14001,False
1100242,CDSL26NOV960PE,CDSL,23NOV2026,96000.000000,475,OPTSTK,BFO,5.000000,14001,False
1100245,CDSL26NOV1040CE,CDSL,23NOV2026,104000.000000,475,OPTSTK,BFO,5.000000,14001,False
1100276,CDSL26NOV1440PE,CDSL,23NOV2026,144000.000000,475,OPTSTK,BFO,5.000000,14001,False
1101737,GLENMARK26NOV2500PE,GLENMARK,26NOV2026,250000.000000,375,OPTSTK,BFO,5.000000,43500,False
1101750,FOCIT26NOV42200CE,FOCIT,26NOV2026,4220000.000000,45,OPTIDX,BFO,5.000000,1350,False
1101797,POWERGRID26NOV257.5CE,POWERGRID,26NOV2026,25750.000000,1900,OPTSTK,BFO,5.000000,108000,False
1101799,INOXWIND26NOV80CE,INOXWIND,26NOV2026,8000.000000,6400,OPTSTK,BFO,5.000000,100000000,False
1121722,MARUTI26NOV12500PE,MARUTI,26NOV2026,1250000.000000,50,OPTSTK,BFO,5.000000,3000,False
1121735,ANGELONE26SEP245PE,ANGELONE,24SEP2026,24500.000000,2500,OPTSTK,BFO,5.000000,100000000,False
1121796,TATACONSUM26SEP960PE,TATACONSUM,24SEP2026,96000.000000,550,OPTSTK,BFO,5.000000,36000,False
1121923,ANGELONE26NOV245PE,ANGELONE,26NOV2026,24500.000000,2500,OPTSTK,BFO,5.000000,100000000,False
1115724,CROMPTON26NOV270PE,CROMPTON,26NOV2026,27000.000000,2150,OPTSTK,BFO,5.000000,90000,False
1115750,BANKEX26NOV70000CE,BANKEX,26NOV2026,7000000.000000,30,OPTIDX,BFO,5.000000,900,False
1115754,COLPAL26NOV1920PE,COLPAL,26NOV2026,192000.000000,275,OPTSTK,BFO,5.000000,14000,False
1115769,ASTRAL26NOV1600PE,ASTRAL,26NOV2026,160000.000000,425,OPTSTK,BFO,5.000000,14680,False
1121981,NTPC26SEP290CE,NTPC,24SEP2026,29000.000000,1500,OPTSTK,BFO,5.000000,150000,False
1122004,ADANIENSOL26SEP1240PE,ADANIENSOL,24SEP2026,124000.000000,675,OPTSTK,BFO,5.000000,100000000,False
1122075,JSWENERGY26NOV450CE,JSWENERGY,26NOV2026,45000.000000,1075,OPTSTK,BFO,5.000000,100000000,False
1122080,OIL26SEP525CE,OIL,24SEP2026,52500.000000,1400,OPTSTK,BFO,5.000000,100000000,False
1100300,CDSL26NOV1640CE,CDSL,23NOV2026,164000.000000,475,OPTSTK,BFO,5.000000,14001,False
1100328,KOTAKBANK26OCT450CE,KOTAKBANK,29OCT2026,45000.000000,2000,OPTSTK,BFO,5.000000,12000,False
1100368,KAYNES26OCT4400CE,KAYNES,29OCT2026,440000.000000,150,OPTSTK,BFO,5.000000,100000000,False
1100411,ASHOKLEY26SEP197.5CE,ASHOKLEY,24SEP2026,19750.000000,5000,OPTSTK,BFO,5.000000,150000,False
1101801,BANKEX26NOV60000PE,BANKEX,26NOV2026,6000000.000000,30,OPTIDX,BFO,5.000000,900,False
1101807,PETRONET26NOV255PE,PETRONET,26NOV2026,25500.000000,1900,OPTSTK,BFO,5.000000,120000,False
1101814,LT26NOV4350CE,LT,26NOV2026,435000.000000,175,OPTSTK,BFO,5.000000,12000,False
1101832,CROMPTON26NOV260CE,CROMPTON,26NOV2026,26000.000000,2150,OPTSTK,BFO,5.000000,90000,False
1115780,ASIANPAINT26NOV2580PE,ASIANPAINT,26NOV2026,258000.000000,250,OPTSTK,BFO,5.000000,8000,False
1115786,TATAPOWER26NOV360CE,TATAPOWER,26NOV2026,36000.000000,1450,OPTSTK,BFO,5.000000,101250,False
1115809,COFORGE26NOV1980CE,COFORGE,26NOV2026,198000.000000,475,OPTSTK,BFO,5.000000,6000,False
1115828,INDHOTEL26NOV750PE,INDHOTEL,26NOV2026,75000.000000,1000,OPTSTK,BFO,5.000000,60000,False
1122099,NAM-INDIA26NOV1040CE,NAM-INDIA,26NOV2026,104000.000000,625,OPTSTK,BFO,5.000000,100000000,False
1122127,MARUTI26OCT12300CE,MARUTI,29OCT2026,1230000.000000,50,OPTSTK,BFO,5.000000,3000,False
1122132,SUZLON26NOV39PE,SUZLON,26NOV2026,3900.000000,12700,OPTSTK,BFO,5.000000,100000000,False
1122152,NESTLEIND26NOV1370CE,NESTLEIND,26NOV2026,137000.000000,500,OPTSTK,BFO,5.000000,1200,False
1100415,KOTAKBANK26OCT445CE,KOTAKBANK,29OCT2026,44500.000000,2000,OPTSTK,BFO,5.000000,12000,False
1100429,HINDZINC26SEP680CE,HINDZINC,24SEP2026,68000.000000,1225,OPTSTK,BFO,5.000000,100000000,False
1100447,DABUR26OCT355CE,DABUR,29OCT2026,35500.000000,1250,OPTSTK,BFO,5.000000,50000,False
1100458,ONGC26OCT215PE,ONGC,29OCT2026,21500.000000,2250,OPTSTK,BFO,5.000000,154000,False
1101834,ADANIPORTS26NOV1660CE,ADANIPORTS,26NOV2026,166000.000000,475,OPTSTK,BFO,5.000000,32000,False
1101862,RBLBANK26NOV350PE,RBLBANK,26NOV2026,35000.000000,3175,OPTSTK,BFO,5.000000,150000,False
1101874,RBLBANK26NOV355CE,RBLBANK,26NOV2026,35500.000000,3175,OPTSTK,BFO,5.000000,150000,False
1101888,ASHOKLEY26NOV162.5CE,ASHOKLEY,26NOV2026,16250.000000,5000,OPTSTK,BFO,5.000000,150000,False
1115839,POLICYBZR26NOV1940CE,POLICYBZR,26NOV2026,194000.000000,350,OPTSTK,BFO,5.000000,100000000,False
1115841,SENSEX5026NOV25750PE,SENSEX50,26NOV2026,2575000.000000,75,OPTIDX,BFO,5.000000,1800,False
1115859,SENSEX26O0870200PE,SENSEX,08OCT2026,7020000.000000,20,OPTIDX,BFO,5.000000,1000,False
1115868,POLYCAB26NOV8500PE,POLYCAB,26NOV2026,850000.000000,125,OPTSTK,BFO,5.000000,9000,False
1122154,MARUTI26NOV12500CE,MARUTI,26NOV2026,1250000.000000,50,OPTSTK,BFO,5.000000,3000,False
1122232,DELHIVERY26NOV420CE,DELHIVERY,26NOV2026,42000.000000,2075,OPTSTK,BFO,5.000000,100000000,False
1122235,ALKEM26SEP4850CE,ALKEM,24SEP2026,485000.000000,125,OPTSTK,BFO,5.000000,8000,False
1122236,GODREJPROP26OCT1820PE,GODREJPROP,29OCT2026,182000.000000,325,OPTSTK,BFO,5.000000,19000,False
1101893,BANKEX26NOV65300CE,BANKEX,26NOV2026,6530000.000000,30,OPTIDX,BFO,5.000000,900,False
1101898,BRITANNIA26NOV5400CE,BRITANNIA,26NOV2026,540000.000000,125,OPTSTK,BFO,5.000000,6000,False
1101925,KEI26NOV4800PE,KEI,26NOV2026,480000.000000,175,OPTSTK,BFO,5.000000,100000000,False
1101976,AMBER26NOV7300PE,AMBER,26NOV2026,730000.000000,100,OPTSTK,BFO,5.000000,100000000,False
1115885,INFY26NOV1100CE,INFY,26NOV2026,110000.000000,400,OPTSTK,BFO,5.000000,16000,False
1115897,COCHINSHIP26NOV1600CE,COCHINSHIP,26NOV2026,160000.000000,400,OPTSTK,BFO,5.000000,100000000,False
1115903,BANKEX26NOV66300PE,BANKEX,26NOV2026,6630000.000000,30,OPTIDX,BFO,5.000000,900,False
1115905,SENSEX26O1581000CE,SENSEX,15OCT2026,8100000.000000,20,OPTIDX,BFO,5.000000,1000,False
1122310,SENSEX5026NOV24150PE,SENSEX50,26NOV2026,2415000.000000,75,OPTIDX,BFO,5.000000,1800,False
1122337,TATAPOWER26NOV395CE,TATAPOWER,26NOV2026,39500.000000,1450,OPTSTK,BFO,5.000000,101250,False
1122378,ASHOKLEY26NOV150CE,ASHOKLEY,26NOV2026,15000.000000,5000,OPTSTK,BFO,5.000000,150000,False
1122407,HDFCBANK26NOV630PE,HDFCBANK,26NOV2026,63000.000000,650,OPTSTK,BFO,5.000000,16500,False
1100463,MCX26OCT3700PE,MCX,29OCT2026,370000.000000,225,OPTSTK,BFO,5.000000,16000,False
1100489,HINDZINC26OCT690CE,HINDZINC,29OCT2026,69000.000000,1225,OPTSTK,BFO,5.000000,100000000,False
1100529,DMART26SEP3450PE,DMART,24SEP2026,345000.000000,150,OPTSTK,BFO,5.000000,100000000,False
1100535,GLENMARK26OCT2580CE,GLENMARK,29OCT2026,258000.000000,375,OPTSTK,BFO,5.000000,43500,False
1122547,CIPLA26NOV1340CE,CIPLA,26NOV2026,134000.000000,425,OPTSTK,BFO,5.000000,26000,False
1122562,HDFCAMC26NOV2150PE,HDFCAMC,26NOV2026,215000.000000,300,OPTSTK,BFO,5.000000,12000,False
1122609,UNOMINDA26NOV1120CE,UNOMINDA,26NOV2026,112000.000000,550,OPTSTK,BFO,5.000000,100000000,False
1122638,SENSEX26O0869700CE,SENSEX,08OCT2026,6970000.000000,20,OPTIDX,BFO,5.000000,1000,False
1101987,BAJAJFINSV26NOV1980CE,BAJAJFINSV,26NOV2026,198000.000000,300,OPTSTK,BFO,5.000000,20000,False
1102015,PIDILITIND26NOV1780CE,PIDILITIND,26NOV2026,178000.000000,500,OPTSTK,BFO,5.000000,10000,False
1102021,JINDALSTEL26NOV1180CE,JINDALSTEL,26NOV2026,118000.000000,625,OPTSTK,BFO,5.000000,37500,False
1102022,BHEL26NOV445PE,BHEL,26NOV2026,44500.000000,2625,OPTSTK,BFO,5.000000,315000,False
1115918,M&M26NOV3300PE,M&M,26NOV2026,330000.000000,200,OPTSTK,BFO,5.000000,21000,False
1115932,MUTHOOTFIN26NOV2800PE,MUTHOOTFIN,26NOV2026,280000.000000,275,OPTSTK,BFO,5.000000,22000,False
1115947,TATAELXSI26NOV3850CE,TATAELXSI,26NOV2026,385000.000000,125,OPTSTK,BFO,5.000000,100000000,False
1115948,BHARATFORG26NOV2040PE,BHARATFORG,26NOV2026,204000.000000,500,OPTSTK,BFO,5.000000,30000,False
1100544,DIVISLAB26OCT9500PE,DIVISLAB,29OCT2026,950000.000000,100,OPTSTK,BFO,5.000000,8000,False
1100573,BHARATFORG26OCT1880PE,BHARATFORG,29OCT2026,188000.000000,500,OPTSTK,BFO,5.000000,30000,False
1100576,MOTILALOFS26OCT1180CE,MOTILALOFS,29OCT2026,118000.000000,775,OPTSTK,BFO,5.000000,100000000,False
1100601,KAYNES26SEP4350PE,KAYNES,24SEP2026,435000.000000,150,OPTSTK,BFO,5.000000,100000000,False
1122695,DELHIVERY26NOV420PE,DELHIVERY,26NOV2026,42000.000000,2075,OPTSTK,BFO,5.000000,100000000,False
1122739,KEI26NOV4500PE,KEI,26NOV2026,450000.000000,175,OPTSTK,BFO,5.000000,100000000,False
1122797,ZYDUSLIFE26NOV1080PE,ZYDUSLIFE,26NOV2026,108000.000000,900,OPTSTK,BFO,5.000000,54000,False
1122850,COALINDIA26NOV450CE,COALINDIA,26NOV2026,45000.000000,1350,OPTSTK,BFO,5.000000,126000,False
1102039,GLENMARK26NOV2320PE,GLENMARK,26NOV2026,232000.000000,375,OPTSTK,BFO,5.000000,43500,False
1102043,COFORGE26NOV2020PE,COFORGE,26NOV2026,202000.000000,475,OPTSTK,BFO,5.000000,6000,False
1102098,NMDC26NOV84CE,NMDC,26NOV2026,8400.000000,6750,OPTSTK,BFO,5.000000,225000,False
1102107,BRITANNIA26NOV5150CE,BRITANNIA,26NOV2026,515000.000000,125,OPTSTK,BFO,5.000000,6000,False
1115968,BANKEX26NOV60300PE,BANKEX,26NOV2026,6030000.000000,30,OPTIDX,BFO,5.000000,900,False
1115973,BANKEX26NOV62600PE,BANKEX,26NOV2026,6260000.000000,30,OPTIDX,BFO,5.000000,900,False
1115977,PIIND26NOV2600CE,PIIND,26NOV2026,260000.000000,175,OPTSTK,BFO,5.000000,7500,False
1116005,JIOFIN26NOV240PE,JIOFIN,26NOV2026,24000.000000,2350,OPTSTK,BFO,5.000000,100000000,False
1100611,ADANIENT26OCT3500CE,ADANIENT,29OCT2026,350000.000000,309,OPTSTK,BFO,5.000000,9000,False
1100695,CDSL26SEP1780CE,CDSL,29SEP2026,178000.000000,475,OPTSTK,BFO,5.000000,14001,False
1100705,CDSL26OCT2040PE,CDSL,27OCT2026,204000.000000,475,OPTSTK,BFO,5.000000,14001,False
1100712,TIINDIA26NOV2500PE,TIINDIA,26NOV2026,250000.000000,200,OPTSTK,BFO,5.000000,100000000,False
1122855,ASIANPAINT26NOV2400PE,ASIANPAINT,26NOV2026,240000.000000,250,OPTSTK,BFO,5.000000,8000,False
1122862,DABUR26NOV345PE,DABUR,26NOV2026,34500.000000,1250,OPTSTK,BFO,5.000000,50000,False
1122874,POLYCAB26NOV8100PE,POLYCAB,26NOV2026,810000.000000,125,OPTSTK,BFO,5.000000,9000,False
1122926,HDFCBANK26SEP630CE,HDFCBANK,24SEP2026,63000.000000,650,OPTSTK,BFO,5.000000,16500,False
1116006,IOC26NOV135CE,IOC,26NOV2026,13500.000000,4875,OPTSTK,BFO,5.000000,292500,False
1116015,TCS26NOV2120CE,TCS,26NOV2026,212000.000000,225,OPTSTK,BFO,5.000000,7000,False
1116017,ICICIGI26NOV1640CE,ICICIGI,26NOV2026,164000.000000,325,OPTSTK,BFO,5.000000,20000,False
1116030,SENSEX5026NOV25900CE,SENSEX50,26NOV2026,2590000.000000,75,OPTIDX,BFO,5.000000,1800,False
1102145,KPITTECH26NOV530PE,KPITTECH,26NOV2026,53000.000000,775,OPTSTK,BFO,5.000000,100000000,False
1102173,INOXWIND26NOV85CE,INOXWIND,26NOV2026,8500.000000,6400,OPTSTK,BFO,5.000000,100000000,False
1102194,CHOLAFIN26NOV1960PE,CHOLAFIN,26NOV2026,196000.000000,625,OPTSTK,BFO,5.000000,25000,False
1102245,GODREJPROP26NOV2220PE,GODREJPROP,26NOV2026,222000.000000,325,OPTSTK,BFO,5.000000,19000,False
1122956,SBIN26NOV950CE,SBIN,26NOV2026,95000.000000,750,OPTSTK,BFO,5.000000,45000,False
1123099,DRREDDY26NOV1090PE,DRREDDY,26NOV2026,109000.000000,625,OPTSTK,BFO,5.000000,5000,False
1123124,HAVELLS26OCT1060PE,HAVELLS,29OCT2026,106000.000000,500,OPTSTK,BFO,5.000000,20000,False
1123150,HAVELLS26OCT1060CE,HAVELLS,29OCT2026,106000.000000,500,OPTSTK,BFO,5.000000,20000,False
1100713,HAL26NOV5050CE,HAL,26NOV2026,505000.000000,150,OPTSTK,BFO,5.000000,9000,False
1100721,PGEL26NOV620CE,PGEL,26NOV2026,62000.000000,950,OPTSTK,BFO,5.000000,100000000,False
1100731,SUNPHARMA26NOV2000CE,SUNPHARMA,26NOV2026,200000.000000,350,OPTSTK,BFO,5.000000,28000,False
1100844,MCX26NOV3150PE,MCX,26NOV2026,315000.000000,225,OPTSTK,BFO,5.000000,16000,False
1116034,BANKEX26NOV65600CE,BANKEX,26NOV2026,6560000.000000,30,OPTIDX,BFO,5.000000,900,False
1116037,POLYCAB26NOV8400CE,POLYCAB,26NOV2026,840000.000000,125,OPTSTK,BFO,5.000000,9000,False
1116038,BANKEX26NOV67900CE,BANKEX,26NOV2026,6790000.000000,30,OPTIDX,BFO,5.000000,900,False
1116042,SWIGGY26NOV285PE,SWIGGY,26NOV2026,28500.000000,1825,OPTSTK,BFO,5.000000,100000000,False
1123194,MARUTI26OCT12100CE,MARUTI,29OCT2026,1210000.000000,50,OPTSTK,BFO,5.000000,3000,False
1123228,HDFCBANK26OCT630CE,HDFCBANK,29OCT2026,63000.000000,650,OPTSTK,BFO,5.000000,16500,False
1123245,BANDHANBNK26NOV125PE,BANDHANBNK,26NOV2026,12500.000000,3600,OPTSTK,BFO,5.000000,100000,False
1123246,HDFCBANK26NOV630CE,HDFCBANK,26NOV2026,63000.000000,650,OPTSTK,BFO,5.000000,16500,False
1102248,NHPC26NOV81CE,NHPC,26NOV2026,8100.000000,6950,OPTSTK,BFO,5.000000,100000000,False
1102260,BIOCON26NOV390CE,BIOCON,26NOV2026,39000.000000,2500,OPTSTK,BFO,5.000000,100000,False
1102283,RELIANCE26NOV1360CE,RELIANCE,26NOV2026,136000.000000,500,OPTSTK,BFO,5.000000,10000,False
1102288,INDIGO26NOV4900PE,INDIGO,26NOV2026,490000.000000,150,OPTSTK,BFO,5.000000,12000,False
1100875,VOLTAS26NOV1080PE,VOLTAS,26NOV2026,108000.000000,375,OPTSTK,BFO,5.000000,30000,False
1100896,SBILIFE26NOV1740PE,SBILIFE,26NOV2026,174000.000000,375,OPTSTK,BFO,5.000000,22500,False
1100904,HINDUNILVR26NOV1960CE,HINDUNILVR,26NOV2026,196000.000000,300,OPTSTK,BFO,5.000000,9000,False
1100926,MANKIND26NOV2480PE,MANKIND,26NOV2026,248000.000000,250,OPTSTK,BFO,5.000000,100000000,False
1116067,FORTIS26NOV900PE,FORTIS,26NOV2026,90000.000000,775,OPTSTK,BFO,5.000000,100000000,False
1116071,SENSEX26NOV80300CE,SENSEX,26NOV2026,8030000.000000,20,OPTIDX,BFO,5.000000,1000,False
1116080,DLF26NOV650CE,DLF,26NOV2026,65000.000000,950,OPTSTK,BFO,5.000000,49500,False
1116120,CUMMINSIND26NOV4800CE,CUMMINSIND,26NOV2026,480000.000000,200,OPTSTK,BFO,5.000000,18000,False
1123258,TIINDIA26NOV2350CE,TIINDIA,26NOV2026,235000.000000,200,OPTSTK,BFO,5.000000,100000000,False
1123305,BLUESTARCO26NOV1300CE,BLUESTARCO,26NOV2026,130000.000000,325,OPTSTK,BFO,5.000000,100000000,False
1123318,INDIGO26NOV4300PE,INDIGO,26NOV2026,430000.000000,150,OPTSTK,BFO,5.000000,12000,False
1123336,ASIANPAINT26SEP2380CE,ASIANPAINT,24SEP2026,238000.000000,250,OPTSTK,BFO,5.000000,8000,False
1102295,SAGILITY26OCT45CE,SAGILITY,29OCT2026,4500.000000,12000,OPTSTK,BFO,5.000000,100000000,False
1102306,HYUNDAI26NOV2400PE,HYUNDAI,26NOV2026,240000.000000,275,OPTSTK,BFO,5.000000,100000000,False
1102310,TATASTEEL26NOV170CE,TATASTEEL,26NOV2026,17000.000000,2750,OPTSTK,BFO,5.000000,220000,False
1102315,KPITTECH26NOV600PE,KPITTECH,26NOV2026,60000.000000,775,OPTSTK,BFO,5.000000,100000000,False
1100928,VBL26NOV350CE,VBL,26NOV2026,35000.000000,1275,OPTSTK,BFO,5.000000,100000000,False
1100944,SENSEX26O1576200PE,SENSEX,15OCT2026,7620000.000000,20,OPTIDX,BFO,5.000000,1000,False
1100954,HDFCBANK26NOV680PE,HDFCBANK,26NOV2026,68000.000000,650,OPTSTK,BFO,5.000000,16500,False
1100951,VEDL26NOV290CE,VEDL,26NOV2026,29000.000000,1150,OPTSTK,BFO,5.000000,80000,False
1116130,CGPOWER26NOV840CE,CGPOWER,26NOV2026,84000.000000,850,OPTSTK,BFO,5.000000,100000000,False
1116147,APOLLOHOSP26NOV9200CE,APOLLOHOSP,26NOV2026,920000.000000,125,OPTSTK,BFO,5.000000,5000,False
1116183,SENSEX26O1572000CE,SENSEX,15OCT2026,7200000.000000,20,OPTIDX,BFO,5.000000,1000,False
1116203,KALYANKJIL26NOV590CE,KALYANKJIL,26NOV2026,59000.000000,1350,OPTSTK,BFO,5.000000,100000000,False
1102317,LICHSGFIN26NOV510CE,LICHSGFIN,26NOV2026,51000.000000,1000,OPTSTK,BFO,5.000000,60000,False
1102318,BANDHANBNK26NOV135CE,BANDHANBNK,26NOV2026,13500.000000,3600,OPTSTK,BFO,5.000000,100000,False
1102370,SENSEX26NOV73300CE,SENSEX,26NOV2026,7330000.000000,20,OPTIDX,BFO,5.000000,1000,False
1102376,SENSEX26NOV75600CE,SENSEX,26NOV2026,7560000.000000,20,OPTIDX,BFO,5.000000,1000,False
1123443,MOTHERSON26NOV145PE,MOTHERSON,26NOV2026,14500.000000,6150,OPTSTK,BFO,5.000000,284000,False
1123473,TATAPOWER26NOV400PE,TATAPOWER,26NOV2026,40000.000000,1450,OPTSTK,BFO,5.000000,101250,False
1123527,APLAPOLLO26NOV2020CE,APLAPOLLO,26NOV2026,202000.000000,350,OPTSTK,BFO,5.000000,100000000,False
1123530,SENSEX26O2269800PE,SENSEX,22OCT2026,6980000.000000,20,OPTIDX,BFO,5.000000,1000,False
1116232,SUNPHARMA26NOV1860PE,SUNPHARMA,26NOV2026,186000.000000,350,OPTSTK,BFO,5.000000,28000,False
1116242,VMM26NOV122.5CE,VMM,26NOV2026,12250.000000,4850,OPTSTK,BFO,5.000000,100000000,False
1116270,VBL26NOV400CE,VBL,26NOV2026,40000.000000,1275,OPTSTK,BFO,5.000000,100000000,False
1116287,BANKEX26NOV69600PE,BANKEX,26NOV2026,6960000.000000,30,OPTIDX,BFO,5.000000,900,False
1100983,SWIGGY26NOV320CE,SWIGGY,26NOV2026,32000.000000,1825,OPTSTK,BFO,5.000000,100000000,False
1101003,BANKEX26NOV68100PE,BANKEX,26NOV2026,6810000.000000,30,OPTIDX,BFO,5.000000,900,False
1101006,INDUSTOWER26NOV355CE,INDUSTOWER,26NOV2026,35500.000000,1700,OPTSTK,BFO,5.000000,170000,False
1101010,SENSEX26O1572500PE,SENSEX,15OCT2026,7250000.000000,20,OPTIDX,BFO,5.000000,1000,False
1123539,BHARATFORG26SEP1840CE,BHARATFORG,24SEP2026,184000.000000,500,OPTSTK,BFO,5.000000,30000,False
1123590,GODREJCP26NOV820CE,GODREJCP,26NOV2026,82000.000000,500,OPTSTK,BFO,5.000000,30000,False
1123673,BHARATFORG26SEP1860CE,BHARATFORG,24SEP2026,186000.000000,500,OPTSTK,BFO,5.000000,30000,False
1123700,SENSEX2691769400PE,SENSEX,17SEP2026,6940000.000000,20,OPTIDX,BFO,5.000000,1000,False
1102384,PNB26NOV117CE,PNB,26NOV2026,11700.000000,8000,OPTSTK,BFO,5.000000,480000,False
1102422,MAHABANK26OCT80CE,MAHABANK,29OCT2026,8000.000000,6500,OPTSTK,BFO,5.000000,100000000,False
1102434,COLPAL26NOV1820PE,COLPAL,26NOV2026,182000.000000,275,OPTSTK,BFO,5.000000,14000,False
1102444,FOCIT26NOV38400CE,FOCIT,26NOV2026,3840000.000000,45,OPTIDX,BFO,5.000000,1350,False
1116291,GODREJCP26NOV870CE,GODREJCP,26NOV2026,87000.000000,500,OPTSTK,BFO,5.000000,30000,False
1116295,PERSISTENT26NOV4900CE,PERSISTENT,26NOV2026,490000.000000,125,OPTSTK,BFO,5.000000,5250,False
1116317,SENSEX26NOV82000PE,SENSEX,26NOV2026,8200000.000000,20,OPTIDX,BFO,5.000000,1000,False
1116334,CIPLA26NOV1470PE,CIPLA,26NOV2026,147000.000000,425,OPTSTK,BFO,5.000000,26000,False
1123704,GODREJCP26SEP810PE,GODREJCP,24SEP2026,81000.000000,500,OPTSTK,BFO,5.000000,30000,False
1123708,NMDC26NOV77CE,NMDC,26NOV2026,7700.000000,6750,OPTSTK,BFO,5.000000,225000,False
1123723,SENSEX26O2276200PE,SENSEX,22OCT2026,7620000.000000,20,OPTIDX,BFO,5.000000,1000,False
1123748,LICHSGFIN26NOV620PE,LICHSGFIN,26NOV2026,62000.000000,1000,OPTSTK,BFO,5.000000,60000,False
1101012,FORTIS26NOV980CE,FORTIS,26NOV2026,98000.000000,775,OPTSTK,BFO,5.000000,100000000,False
1101032,COALINDIA26NOV405PE,COALINDIA,26NOV2026,40500.000000,1350,OPTSTK,BFO,5.000000,126000,False
1101047,JIOFIN26NOV242.5CE,JIOFIN,26NOV2026,24250.000000,2350,OPTSTK,BFO,5.000000,100000000,False
1101056,AUROPHARMA26NOV1700CE,AUROPHARMA,26NOV2026,170000.000000,550,OPTSTK,BFO,5.000000,44000,False
1102466,ULTRACEMCO26NOV11500PE,ULTRACEMCO,26NOV2026,1150000.000000,50,OPTSTK,BFO,5.000000,3000,False
1102482,SIEMENS26NOV4350PE,SIEMENS,26NOV2026,435000.000000,175,OPTSTK,BFO,5.000000,8250,False
1102484,NBCC26NOV75CE,NBCC,26NOV2026,7500.000000,6500,OPTSTK,BFO,5.000000,100000000,False
1102488,LODHA26NOV1380CE,LODHA,26NOV2026,138000.000000,625,OPTSTK,BFO,5.000000,100000000,False
1116344,HINDZINC26NOV660CE,HINDZINC,26NOV2026,66000.000000,1225,OPTSTK,BFO,5.000000,100000000,False
1116346,DMART26NOV3600PE,DMART,26NOV2026,360000.000000,150,OPTSTK,BFO,5.000000,100000000,False
1116354,IDEA26NOV21CE,IDEA,26NOV2026,2100.000000,71475,OPTSTK,BFO,5.000000,2400000,False
1116364,DIXON26NOV16000CE,DIXON,26NOV2026,1600000.000000,50,OPTSTK,BFO,5.000000,6000,False
1123764,HDFCLIFE26OCT495CE,HDFCLIFE,29OCT2026,49500.000000,1100,OPTSTK,BFO,5.000000,44000,False
1123768,SENSEX26O2274200PE,SENSEX,22OCT2026,7420000.000000,20,OPTIDX,BFO,5.000000,1000,False
1123849,SENSEX26O2281600CE,SENSEX,22OCT2026,8160000.000000,20,OPTIDX,BFO,5.000000,1000,False
1123966,SENSEX26O2280400PE,SENSEX,22OCT2026,8040000.000000,20,OPTIDX,BFO,5.000000,1000,False
1101060,NAUKRI26NOV1220PE,NAUKRI,26NOV2026,122000.000000,550,OPTSTK,BFO,5.000000,6000,False
1101084,BHARATFORG26NOV1900CE,BHARATFORG,26NOV2026,190000.000000,500,OPTSTK,BFO,5.000000,30000,False
1101092,NATIONALUM26NOV370CE,NATIONALUM,26NOV2026,37000.000000,1875,OPTSTK,BFO,5.000000,300000,False
1101111,UNOMINDA26NOV1340PE,UNOMINDA,26NOV2026,134000.000000,550,OPTSTK,BFO,5.000000,100000000,False
1116368,FORTIS26NOV870CE,FORTIS,26NOV2026,87000.000000,775,OPTSTK,BFO,5.000000,100000000,False
1116374,MAHABANK26OCT87PE,MAHABANK,29OCT2026,8700.000000,6500,OPTSTK,BFO,5.000000,100000000,False
1116381,SENSEX26NOV82900PE,SENSEX,26NOV2026,8290000.000000,20,OPTIDX,BFO,5.000000,1000,False
1116385,MCX26NOV3100CE,MCX,26NOV2026,310000.000000,225,OPTSTK,BFO,5.000000,16000,False
1124043,RBLBANK26NOV445PE,RBLBANK,26NOV2026,44500.000000,3175,OPTSTK,BFO,5.000000,150000,False
1124068,OBEROIRLTY26NOV2040CE,OBEROIRLTY,26NOV2026,204000.000000,350,OPTSTK,BFO,5.000000,28000,False
1124076,HINDUNILVR26NOV1820CE,HINDUNILVR,26NOV2026,182000.000000,300,OPTSTK,BFO,5.000000,9000,False
1124091,CROMPTON26NOV190PE,CROMPTON,26NOV2026,19000.000000,2150,OPTSTK,BFO,5.000000,90000,False
1102497,PIIND26NOV2600PE,PIIND,26NOV2026,260000.000000,175,OPTSTK,BFO,5.000000,7500,False
1102499,BAJFINANCE26NOV1020CE,BAJFINANCE,26NOV2026,102000.000000,750,OPTSTK,BFO,5.000000,3750,False
1102515,HINDZINC26NOV610PE,HINDZINC,26NOV2026,61000.000000,1225,OPTSTK,BFO,5.000000,100000000,False
1102538,POWERINDIA26NOV34000CE,POWERINDIA,26NOV2026,3400000.000000,25,OPTSTK,BFO,5.000000,100000000,False
1101125,LTF26NOVFUT,LTF,26NOV2026,0.000000,2250,FUTSTK,BFO,5.000000,267720,False
1101147,RECLTD26NOV355PE,RECLTD,26NOV2026,35500.000000,1575,OPTSTK,BFO,5.000000,160000,False
1101170,BIOCON26NOV405PE,BIOCON,26NOV2026,40500.000000,2500,OPTSTK,BFO,5.000000,100000,False
1101176,MAZDOCK26NOV2700CE,MAZDOCK,26NOV2026,270000.000000,225,OPTSTK,BFO,5.000000,100000000,False
1124159,RBLBANK26OCT445CE,RBLBANK,29OCT2026,44500.000000,3175,OPTSTK,BFO,5.000000,150000,False
1124211,SENSEX26O2283200CE,SENSEX,22OCT2026,8320000.000000,20,OPTIDX,BFO,5.000000,1000,False
1124217,NAM-INDIA26NOV1020PE,NAM-INDIA,26NOV2026,102000.000000,625,OPTSTK,BFO,5.000000,100000000,False
1124299,SENSEX26O2278400CE,SENSEX,22OCT2026,7840000.000000,20,OPTIDX,BFO,5.000000,1000,False
1102559,MFSL26NOV1540CE,MFSL,26NOV2026,154000.000000,400,OPTSTK,BFO,5.000000,32000,False
1102569,BANKEX26NOVFUT,BANKEX,26NOV2026,0.000000,30,FUTIDX,BFO,5.000000,600,False
1102575,PFC26NOV380PE,PFC,26NOV2026,38000.000000,1300,OPTSTK,BFO,5.000000,124000,False
1102586,INDIGO26NOV4800CE,INDIGO,26NOV2026,480000.000000,150,OPTSTK,BFO,5.000000,12000,False
1116397,CONCOR26NOV490CE,CONCOR,26NOV2026,49000.000000,1250,OPTSTK,BFO,5.000000,40000,False
1116398,MANKIND26NOV2440PE,MANKIND,26NOV2026,244000.000000,250,OPTSTK,BFO,5.000000,100000000,False
1116681,SENSEX26O1576000PE,SENSEX,15OCT2026,7600000.000000,20,OPTIDX,BFO,5.000000,1000,False
1116834,SENSEX26O1578300PE,SENSEX,15OCT2026,7830000.000000,20,OPTIDX,BFO,5.000000,1000,False
1101177,AUROPHARMA26NOV1620PE,AUROPHARMA,26NOV2026,162000.000000,550,OPTSTK,BFO,5.000000,44000,False
1101188,NMDC26NOV90PE,NMDC,26NOV2026,9000.000000,6750,OPTSTK,BFO,5.000000,225000,False
1101192,BANKEX26NOV67400CE,BANKEX,26NOV2026,6740000.000000,30,OPTIDX,BFO,5.000000,900,False
1101207,SBICARD26NOVFUT,SBICARD,26NOV2026,0.000000,800,FUTSTK,BFO,5.000000,32000,False
1124330,SENSEX26O1569300CE,SENSEX,15OCT2026,6930000.000000,20,OPTIDX,BFO,5.000000,1000,False
1124357,SENSEX26O2280000PE,SENSEX,22OCT2026,8000000.000000,20,OPTIDX,BFO,5.000000,1000,False
1124391,SENSEX26O0169400CE,SENSEX,01OCT2026,6940000.000000,20,OPTIDX,BFO,5.000000,1000,False
1124417,KAYNES26NOV3150PE,KAYNES,26NOV2026,315000.000000,150,OPTSTK,BFO,5.000000,100000000,False
1116965,FEDERALBNK26NOV350CE,FEDERALBNK,26NOV2026,35000.000000,2500,OPTSTK,BFO,5.000000,200000,False
1116972,SENSEX26O1574600PE,SENSEX,15OCT2026,7460000.000000,20,OPTIDX,BFO,5.000000,1000,False
1116981,ASHOKLEY26NOV180PE,ASHOKLEY,26NOV2026,18000.000000,5000,OPTSTK,BFO,5.000000,150000,False
1116986,SENSEX26NOV69900PE,SENSEX,26NOV2026,6990000.000000,20,OPTIDX,BFO,5.000000,1000,False
1102628,ALKEM26NOVFUT,ALKEM,26NOV2026,0.000000,125,FUTSTK,BFO,5.000000,8000,False
1102658,NYKAA26NOV340CE,NYKAA,26NOV2026,34000.000000,3125,OPTSTK,BFO,5.000000,100000000,False
1102683,HDFCBANK26NOV720CE,HDFCBANK,26NOV2026,72000.000000,650,OPTSTK,BFO,5.000000,16500,False
1102688,ASHOKLEY26NOV167.5PE,ASHOKLEY,26NOV2026,16750.000000,5000,OPTSTK,BFO,5.000000,150000,False
1124421,MANAPPURAM26NOV300CE,MANAPPURAM,26NOV2026,30000.000000,3000,OPTSTK,BFO,5.000000,180000,False
1124465,SENSEX26O2280600PE,SENSEX,22OCT2026,8060000.000000,20,OPTIDX,BFO,5.000000,1000,False
1124511,SENSEX26O2270300CE,SENSEX,22OCT2026,7030000.000000,20,OPTIDX,BFO,5.000000,1000,False
1124531,APLAPOLLO26NOV2020PE,APLAPOLLO,26NOV2026,202000.000000,350,OPTSTK,BFO,5.000000,100000000,False
1101234,FOCIT26NOV31200CE,FOCIT,26NOV2026,3120000.000000,45,OPTIDX,BFO,5.000000,1350,False
1101292,MUTHOOTFIN26NOV2950PE,MUTHOOTFIN,26NOV2026,295000.000000,275,OPTSTK,BFO,5.000000,22000,False
1101314,JINDALSTEL26NOV1220PE,JINDALSTEL,26NOV2026,122000.000000,625,OPTSTK,BFO,5.000000,37500,False
1101331,CANBK26NOV132.5CE,CANBK,26NOV2026,13250.000000,6750,OPTSTK,BFO,5.000000,81000,False
1117010,GVT&D26NOV5100PE,GVT&D,26NOV2026,510000.000000,125,OPTSTK,BFO,5.000000,100000000,False
1117039,BAJFINANCE26NOV1080PE,BAJFINANCE,26NOV2026,108000.000000,750,OPTSTK,BFO,5.000000,3750,False
1117064,NYKAA26NOV355PE,NYKAA,26NOV2026,35500.000000,3125,OPTSTK,BFO,5.000000,100000000,False
1117086,IDEA26NOV13PE,IDEA,26NOV2026,1300.000000,71475,OPTSTK,BFO,5.000000,2400000,False
1124547,BHARATFORG26SEP1840PE,BHARATFORG,24SEP2026,184000.000000,500,OPTSTK,BFO,5.000000,30000,False
1124548,SENSEX26O2274300PE,SENSEX,22OCT2026,7430000.000000,20,OPTIDX,BFO,5.000000,1000,False
1124580,SENSEX26O2270600PE,SENSEX,22OCT2026,7060000.000000,20,OPTIDX,BFO,5.000000,1000,False
1124609,SENSEX26O2270900CE,SENSEX,22OCT2026,7090000.000000,20,OPTIDX,BFO,5.000000,1000,False
1101338,ADANIENSOL26NOV1580PE,ADANIENSOL,26NOV2026,158000.000000,675,OPTSTK,BFO,5.000000,100000000,False
1101344,ONGC26NOV222.5CE,ONGC,26NOV2026,22250.000000,2250,OPTSTK,BFO,5.000000,154000,False
1101349,BANKEX26NOV59100PE,BANKEX,26NOV2026,5910000.000000,30,OPTIDX,BFO,5.000000,900,False
1101389,IEX26NOV115PE,IEX,26NOV2026,11500.000000,4350,OPTSTK,BFO,5.000000,150000,False
1102698,SBICARD26NOV650CE,SBICARD,26NOV2026,65000.000000,800,OPTSTK,BFO,5.000000,32000,False
1102700,BHARATFORG26NOV2100PE,BHARATFORG,26NOV2026,210000.000000,500,OPTSTK,BFO,5.000000,30000,False
1102710,OFSS26NOV12600PE,OFSS,26NOV2026,1260000.000000,100,OPTSTK,BFO,5.000000,8000,False
1102734,TATASTEEL26NOV175CE,TATASTEEL,26NOV2026,17500.000000,2750,OPTSTK,BFO,5.000000,220000,False
1117109,JUBLFOOD26NOV490PE,JUBLFOOD,26NOV2026,49000.000000,1250,OPTSTK,BFO,5.000000,50000,False
1117147,MAHABANK26SEP90CE,MAHABANK,24SEP2026,9000.000000,6500,OPTSTK,BFO,5.000000,100000000,False
1117176,YESBANK26NOV27CE,YESBANK,26NOV2026,2700.000000,31100,OPTSTK,BFO,5.000000,100000000,False
1117202,BANKEX26NOV65800CE,BANKEX,26NOV2026,6580000.000000,30,OPTIDX,BFO,5.000000,900,False
1124610,HDFCLIFE26SEP495CE,HDFCLIFE,24SEP2026,49500.000000,1100,OPTSTK,BFO,5.000000,44000,False
1124625,SENSEX26O2272600CE,SENSEX,22OCT2026,7260000.000000,20,OPTIDX,BFO,5.000000,1000,False
1124632,GAIL26NOV192.5PE,GAIL,26NOV2026,19250.000000,3550,OPTSTK,BFO,5.000000,274500,False
1124647,GODREJCP26NOV810CE,GODREJCP,26NOV2026,81000.000000,500,OPTSTK,BFO,5.000000,30000,False
1101400,CROMPTON26NOV220PE,CROMPTON,26NOV2026,22000.000000,2150,OPTSTK,BFO,5.000000,90000,False
1101426,RELIANCE26NOV1330PE,RELIANCE,26NOV2026,133000.000000,500,OPTSTK,BFO,5.000000,10000,False
1101427,HINDPETRO26NOV400PE,HINDPETRO,26NOV2026,40000.000000,2025,OPTSTK,BFO,5.000000,108000,False
1101485,SENSEX26NOV72400PE,SENSEX,26NOV2026,7240000.000000,20,OPTIDX,BFO,5.000000,1000,False
1102770,FEDERALBNK26NOV305CE,FEDERALBNK,26NOV2026,30500.000000,2500,OPTSTK,BFO,5.000000,200000,False
1102786,PETRONET26NOV295PE,PETRONET,26NOV2026,29500.000000,1900,OPTSTK,BFO,5.000000,120000,False
1102789,AMBER26NOV8200CE,AMBER,26NOV2026,820000.000000,100,OPTSTK,BFO,5.000000,100000000,False
1102797,MAHABANK26SEP91PE,MAHABANK,24SEP2026,9100.000000,6500,OPTSTK,BFO,5.000000,100000000,False
1117208,GVT&D26NOV5000CE,GVT&D,26NOV2026,500000.000000,125,OPTSTK,BFO,5.000000,100000000,False
1117242,ANGELONE26NOV315CE,ANGELONE,26NOV2026,31500.000000,2500,OPTSTK,BFO,5.000000,100000000,False
1117267,IDEA26NOV8PE,IDEA,26NOV2026,800.000000,71475,OPTSTK,BFO,5.000000,2400000,False
1117274,DLF26NOV690CE,DLF,26NOV2026,69000.000000,950,OPTSTK,BFO,5.000000,49500,False
1124669,SENSEX26OCT69400CE,SENSEX,29OCT2026,6940000.000000,20,OPTIDX,BFO,5.000000,1000,False
1124680,SOLARINDS26OCT22750CE,SOLARINDS,29OCT2026,2275000.000000,50,OPTSTK,BFO,5.000000,100000000,False
1124694,LICHSGFIN26OCT620PE,LICHSGFIN,29OCT2026,62000.000000,1000,OPTSTK,BFO,5.000000,60000,False
1124724,SUPREMEIND26NOV3150PE,SUPREMEIND,26NOV2026,315000.000000,175,OPTSTK,BFO,5.000000,100000000,False
1101487,ANGELONE26NOV265CE,ANGELONE,26NOV2026,26500.000000,2500,OPTSTK,BFO,5.000000,100000000,False
1101517,NMDC26NOV91CE,NMDC,26NOV2026,9100.000000,6750,OPTSTK,BFO,5.000000,225000,False
1101520,HYUNDAI26NOV2200PE,HYUNDAI,26NOV2026,220000.000000,275,OPTSTK,BFO,5.000000,100000000,False
1101525,BANKINDIA26NOV147.5PE,BANKINDIA,26NOV2026,14750.000000,5200,OPTSTK,BFO,5.000000,100000000,False
1102827,BRITANNIA26NOV5450PE,BRITANNIA,26NOV2026,545000.000000,125,OPTSTK,BFO,5.000000,6000,False
1102833,BPCL26NOV340CE,BPCL,26NOV2026,34000.000000,1975,OPTSTK,BFO,5.000000,72000,False
1102846,HDFCLIFE26NOV570CE,HDFCLIFE,26NOV2026,57000.000000,1100,OPTSTK,BFO,5.000000,44000,False
1102874,RBLBANK26NOV395CE,RBLBANK,26NOV2026,39500.000000,3175,OPTSTK,BFO,5.000000,150000,False
1117290,ADANIPOWER26NOV205CE,ADANIPOWER,26NOV2026,20500.000000,3550,OPTSTK,BFO,5.000000,100000000,False
1117304,FEDERALBNK26NOV355CE,FEDERALBNK,26NOV2026,35500.000000,2500,OPTSTK,BFO,5.000000,200000,False
1117315,ITC26NOV267.5PE,ITC,26NOV2026,26750.000000,1725,OPTSTK,BFO,5.000000,64000,False
1117320,ADANIENT26NOV2850PE,ADANIENT,26NOV2026,285000.000000,309,OPTSTK,BFO,5.000000,9000,False
1124751,SOLARINDS26NOV23000PE,SOLARINDS,26NOV2026,2300000.000000,50,OPTSTK,BFO,5.000000,100000000,False
1124862,SENSEX26O2277700CE,SENSEX,22OCT2026,7770000.000000,20,OPTIDX,BFO,5.000000,1000,False
1124876,SENSEX26O2269400PE,SENSEX,22OCT2026,6940000.000000,20,OPTIDX,BFO,5.000000,1000,False
1124949,SENSEX26O2279700PE,SENSEX,22OCT2026,7970000.000000,20,OPTIDX,BFO,5.000000,1000,False
1101526,SIEMENS26NOVFUT,SIEMENS,26NOV2026,0.000000,175,FUTSTK,BFO,5.000000,8250,False
1101533,MAHABANK26NOV84PE,MAHABANK,26NOV2026,8400.000000,6500,OPTSTK,BFO,5.000000,100000000,False
1101584,HCLTECH26OCT1220CE,HCLTECH,29OCT2026,122000.000000,400,OPTSTK,BFO,5.000000,21000,False
1101596,SENSEX26NOV80100PE,SENSEX,26NOV2026,8010000.000000,20,OPTIDX,BFO,5.000000,1000,False
1102879,BAJAJFINSV26NOV2140PE,BAJAJFINSV,26NOV2026,214000.000000,300,OPTSTK,BFO,5.000000,20000,False
1102906,DLF26NOV710CE,DLF,26NOV2026,71000.000000,950,OPTSTK,BFO,5.000000,49500,False
1117327,SAGILITY26SEP47PE,SAGILITY,24SEP2026,4700.000000,12000,OPTSTK,BFO,5.000000,100000000,False
1117398,PNB26NOV108PE,PNB,26NOV2026,10800.000000,8000,OPTSTK,BFO,5.000000,480000,False
1117404,IDEA26NOV14CE,IDEA,26NOV2026,1400.000000,71475,OPTSTK,BFO,5.000000,2400000,False
1117410,HCLTECH26NOV1320PE,HCLTECH,26NOV2026,132000.000000,400,OPTSTK,BFO,5.000000,21000,False
1124965,PGEL26NOV490PE,PGEL,26NOV2026,49000.000000,950,OPTSTK,BFO,5.000000,100000000,False
1125054,SENSEX26O2270800PE,SENSEX,22OCT2026,7080000.000000,20,OPTIDX,BFO,5.000000,1000,False
1125083,SENSEX26O2274800CE,SENSEX,22OCT2026,7480000.000000,20,OPTIDX,BFO,5.000000,1000,False
1125095,SOLARINDS26SEP22500PE,SOLARINDS,24SEP2026,2250000.000000,50,OPTSTK,BFO,5.000000,100000000,False
1102901,SUZLON26NOV48PE,SUZLON,26NOV2026,4800.000000,12700,OPTSTK,BFO,5.000000,100000000,False
1102904,ATHERENERG26SEP1400PE,ATHERENERG,24SEP2026,140000.000000,375,OPTSTK,BFO,5.000000,100000000,False
1101605,ANGELONE26NOV330PE,ANGELONE,26NOV2026,33000.000000,2500,OPTSTK,BFO,5.000000,100000000,False
1101620,ATHERENERG26SEP1560PE,ATHERENERG,24SEP2026,156000.000000,375,OPTSTK,BFO,5.000000,100000000,False
1101621,LT26NOV3750CE,LT,26NOV2026,375000.000000,175,OPTSTK,BFO,5.000000,12000,False
1101626,LODHA26NOV1340CE,LODHA,26NOV2026,134000.000000,625,OPTSTK,BFO,5.000000,100000000,False
1101631,HINDUNILVR26NOV2120PE,HINDUNILVR,26NOV2026,212000.000000,300,OPTSTK,BFO,5.000000,9000,False
1101648,COFORGE26NOV1840CE,COFORGE,26NOV2026,184000.000000,475,OPTSTK,BFO,5.000000,6000,False
1101657,VOLTAS26NOV1280PE,VOLTAS,26NOV2026,128000.000000,375,OPTSTK,BFO,5.000000,30000,False
1101667,HDFCAMC26NOV2900PE,HDFCAMC,26NOV2026,290000.000000,300,OPTSTK,BFO,5.000000,12000,False
1102914,OFSS26NOV11900CE,OFSS,26NOV2026,1190000.000000,100,OPTSTK,BFO,5.000000,8000,False
1102945,BANKEX26NOV61800CE,BANKEX,26NOV2026,6180000.000000,30,OPTIDX,BFO,5.000000,900,False
1102951,WIPRO26NOV185PE,WIPRO,26NOV2026,18500.000000,3000,OPTSTK,BFO,5.000000,60000,False
1103009,MARICO26NOV800CE,MARICO,26NOV2026,80000.000000,1200,OPTSTK,BFO,5.000000,48000,False
1117415,FORTIS26NOV850PE,FORTIS,26NOV2026,85000.000000,775,OPTSTK,BFO,5.000000,100000000,False
1117426,SUPREMEIND26NOV3450CE,SUPREMEIND,26NOV2026,345000.000000,175,OPTSTK,BFO,5.000000,100000000,False
1117432,BAJAJ-AUTO26NOV12100CE,BAJAJ-AUTO,26NOV2026,1210000.000000,75,OPTSTK,BFO,5.000000,5000,False
1117438,COALINDIA26NOV400PE,COALINDIA,26NOV2026,40000.000000,1350,OPTSTK,BFO,5.000000,126000,False
1125130,SENSEX26O2280400CE,SENSEX,22OCT2026,8040000.000000,20,OPTIDX,BFO,5.000000,1000,False
1125182,LICHSGFIN26OCT620CE,LICHSGFIN,29OCT2026,62000.000000,1000,OPTSTK,BFO,5.000000,60000,False
1125213,CIPLA26NOV1330CE,CIPLA,26NOV2026,133000.000000,425,OPTSTK,BFO,5.000000,26000,False
1125243,MANKIND26NOV2200PE,MANKIND,26NOV2026,220000.000000,250,OPTSTK,BFO,5.000000,100000000,False
1101675,FOCIT26NOV32200CE,FOCIT,26NOV2026,3220000.000000,45,OPTIDX,BFO,5.000000,1350,False
1101683,HCLTECH26NOV1260CE,HCLTECH,26NOV2026,126000.000000,400,OPTSTK,BFO,5.000000,21000,False
1101702,SAGILITY26NOV37PE,SAGILITY,26NOV2026,3700.000000,12000,OPTSTK,BFO,5.000000,100000000,False
1101715,KFINTECH26NOV1020CE,KFINTECH,26NOV2026,102000.000000,575,OPTSTK,BFO,5.000000,100000000,False
1103018,EICHERMOT26NOV7700PE,EICHERMOT,26NOV2026,770000.000000,100,OPTSTK,BFO,5.000000,7000,False
1103037,TITAN26NOVFUT,TITAN,26NOV2026,0.000000,175,FUTSTK,BFO,5.000000,11250,False
1103043,GODFRYPHLP26NOV1800PE,GODFRYPHLP,26NOV2026,180000.000000,275,OPTSTK,BFO,5.000000,100000000,False
1103060,PATANJALI26NOV330PE,PATANJALI,26NOV2026,33000.000000,1075,OPTSTK,BFO,5.000000,100000000,False
1117441,HEROMOTOCO26NOV5100PE,HEROMOTOCO,26NOV2026,510000.000000,150,OPTSTK,BFO,5.000000,9000,False
1117462,CDSL26SEP1060PE,CDSL,29SEP2026,106000.000000,475,OPTSTK,BFO,5.000000,14001,False
1125283,MARUTI26NOV12000PE,MARUTI,26NOV2026,1200000.000000,50,OPTSTK,BFO,5.000000,3000,False
1125373,MARICO26OCT750CE,MARICO,29OCT2026,75000.000000,1200,OPTSTK,BFO,5.000000,48000,False
1125469,SENSEX26O2271500PE,SENSEX,22OCT2026,7150000.000000,20,OPTIDX,BFO,5.000000,1000,False
1125470,SENSEX26O2270000PE,SENSEX,22OCT2026,7000000.000000,20,OPTIDX,BFO,5.000000,1000,False
1125481,SENSEX26O2273200PE,SENSEX,22OCT2026,7320000.000000,20,OPTIDX,BFO,5.000000,1000,False
1125514,CROMPTON26NOV190CE,CROMPTON,26NOV2026,19000.000000,2150,OPTSTK,BFO,5.000000,90000,False
1125524,SENSEX26O2275200CE,SENSEX,22OCT2026,7520000.000000,20,OPTIDX,BFO,5.000000,1000,False
1125532,SENSEX2691769200PE,SENSEX,17SEP2026,6920000.000000,20,OPTIDX,BFO,5.000000,1000,False
1101719,UPL26NOV550PE,UPL,26NOV2026,55000.000000,1355,OPTSTK,BFO,5.000000,39000,False
1101724,MANAPPURAM26NOV360PE,MANAPPURAM,26NOV2026,36000.000000,3000,OPTSTK,BFO,5.000000,180000,False
1101735,LTM26NOV4150PE,LTM,26NOV2026,415000.000000,150,OPTSTK,BFO,5.000000,4500,False
1101744,UPL26NOVFUT,UPL,26NOV2026,0.000000,1355,FUTSTK,BFO,5.000000,39000,False
1118134,APLAPOLLO26SEP2360PE,APLAPOLLO,24SEP2026,236000.000000,350,OPTSTK,BFO,5.000000,100000000,False
1118148,CGPOWER26NOV740PE,CGPOWER,26NOV2026,74000.000000,850,OPTSTK,BFO,5.000000,100000000,False
1118222,SAIL26NOV212.5CE,SAIL,26NOV2026,21250.000000,4700,OPTSTK,BFO,5.000000,320000,False
1118232,POWERGRID26NOV285PE,POWERGRID,26NOV2026,28500.000000,1900,OPTSTK,BFO,5.000000,108000,False
1103069,KALYANKJIL26NOV650CE,KALYANKJIL,26NOV2026,65000.000000,1350,OPTSTK,BFO,5.000000,100000000,False
1103081,SENSEX26SEP81000PE,SENSEX,24SEP2026,8100000.000000,20,OPTIDX,BFO,5.000000,1000,False
1103086,KFINTECH26NOV940PE,KFINTECH,26NOV2026,94000.000000,575,OPTSTK,BFO,5.000000,100000000,False
1103093,TATASTEEL26NOV175PE,TATASTEEL,26NOV2026,17500.000000,2750,OPTSTK,BFO,5.000000,220000,False
1125537,SOLARINDS26NOV23250CE,SOLARINDS,26NOV2026,2325000.000000,50,OPTSTK,BFO,5.000000,100000000,False
1125544,SENSEX26O2270000CE,SENSEX,22OCT2026,7000000.000000,20,OPTIDX,BFO,5.000000,1000,False
1125603,SENSEX26O2279500CE,SENSEX,22OCT2026,7950000.000000,20,OPTIDX,BFO,5.000000,1000,False
1125635,UNIONBANK26NOV205CE,UNIONBANK,26NOV2026,20500.000000,4425,OPTSTK,BFO,5.000000,100000000,False
1118236,COFORGE26SEP2100PE,COFORGE,24SEP2026,210000.000000,475,OPTSTK,BFO,5.000000,6000,False
1118248,POWERINDIA26NOV30000CE,POWERINDIA,26NOV2026,3000000.000000,25,OPTSTK,BFO,5.000000,100000000,False
1118261,VBL26SEP340CE,VBL,24SEP2026,34000.000000,1275,OPTSTK,BFO,5.000000,100000000,False
1118266,ADANIGREEN26NOV1160PE,ADANIGREEN,26NOV2026,116000.000000,600,OPTSTK,BFO,5.000000,100000000,False
1101748,GVT&D26NOV4800CE,GVT&D,26NOV2026,480000.000000,125,OPTSTK,BFO,5.000000,100000000,False
1101766,LAURUSLABS26NOV1860PE,LAURUSLABS,26NOV2026,186000.000000,850,OPTSTK,BFO,5.000000,68000,False
1101776,CUMMINSIND26NOV4600PE,CUMMINSIND,26NOV2026,460000.000000,200,OPTSTK,BFO,5.000000,18000,False
1101792,KPITTECH26NOV530CE,KPITTECH,26NOV2026,53000.000000,775,OPTSTK,BFO,5.000000,100000000,False
1103104,BHARTIARTL26NOV1880PE,BHARTIARTL,26NOV2026,188000.000000,475,OPTSTK,BFO,5.000000,28500,False
1103113,AUBANK26NOV1220CE,AUBANK,26NOV2026,122000.000000,1000,OPTSTK,BFO,5.000000,30000,False
1103118,JUBLFOOD26NOV480CE,JUBLFOOD,26NOV2026,48000.000000,1250,OPTSTK,BFO,5.000000,50000,False
1103157,NESTLEIND26NOV1440PE,NESTLEIND,26NOV2026,144000.000000,500,OPTSTK,BFO,5.000000,1200,False
1125639,RBLBANK26SEP440PE,RBLBANK,24SEP2026,44000.000000,3175,OPTSTK,BFO,5.000000,150000,False
1125655,SENSEX26O2272300CE,SENSEX,22OCT2026,7230000.000000,20,OPTIDX,BFO,5.000000,1000,False
1125689,KPITTECH26NOV510CE,KPITTECH,26NOV2026,51000.000000,775,OPTSTK,BFO,5.000000,100000000,False
1125704,SENSEX26O2274600PE,SENSEX,22OCT2026,7460000.000000,20,OPTIDX,BFO,5.000000,1000,False
1118268,IDFCFIRSTB26NOV89CE,IDFCFIRSTB,26NOV2026,8900.000000,9275,OPTSTK,BFO,5.000000,450000,False
1118312,ATHERENERG26OCT1740PE,ATHERENERG,29OCT2026,174000.000000,375,OPTSTK,BFO,5.000000,100000000,False
1118338,ITC26OCT247.5CE,ITC,29OCT2026,24750.000000,1725,OPTSTK,BFO,5.000000,64000,False
1118339,JUBLFOOD26NOV460CE,JUBLFOOD,26NOV2026,46000.000000,1250,OPTSTK,BFO,5.000000,50000,False
1101821,FOCIT26NOV40800CE,FOCIT,26NOV2026,4080000.000000,45,OPTIDX,BFO,5.000000,1350,False
1101829,HDFCAMC26NOV2800CE,HDFCAMC,26NOV2026,280000.000000,300,OPTSTK,BFO,5.000000,12000,False
1101844,SBILIFE26NOV1840CE,SBILIFE,26NOV2026,184000.000000,375,OPTSTK,BFO,5.000000,22500,False
1101847,HINDPETRO26NOV440CE,HINDPETRO,26NOV2026,44000.000000,2025,OPTSTK,BFO,5.000000,108000,False
1103182,SENSEX26NOV77200CE,SENSEX,26NOV2026,7720000.000000,20,OPTIDX,BFO,5.000000,1000,False
1103189,PFC26OCT320CE,PFC,29OCT2026,32000.000000,1300,OPTSTK,BFO,5.000000,124000,False
1103203,HEROMOTOCO26NOV5700PE,HEROMOTOCO,26NOV2026,570000.000000,150,OPTSTK,BFO,5.000000,9000,False
1103254,SENSEX26O1580500CE,SENSEX,15OCT2026,8050000.000000,20,OPTIDX,BFO,5.000000,1000,False
1125732,SENSEX26O2272600PE,SENSEX,22OCT2026,7260000.000000,20,OPTIDX,BFO,5.000000,1000,False
1125768,M&M26NOV2800PE,M&M,26NOV2026,280000.000000,200,OPTSTK,BFO,5.000000,21000,False
1125775,SENSEX26O2283400PE,SENSEX,22OCT2026,8340000.000000,20,OPTIDX,BFO,5.000000,1000,False
1125834,POLYCAB26OCT7900PE,POLYCAB,29OCT2026,790000.000000,125,OPTSTK,BFO,5.000000,9000,False
1118344,INDHOTEL26NOV640CE,INDHOTEL,26NOV2026,64000.000000,1000,OPTSTK,BFO,5.000000,60000,False
1118370,NHPC26NOV68CE,NHPC,26NOV2026,6800.000000,6950,OPTSTK,BFO,5.000000,100000000,False
1118371,PIDILITIND26NOV1480CE,PIDILITIND,26NOV2026,148000.000000,500,OPTSTK,BFO,5.000000,10000,False
1118384,RECLTD26OCT280PE,RECLTD,29OCT2026,28000.000000,1575,OPTSTK,BFO,5.000000,160000,False
1125900,POLYCAB26NOV7800PE,POLYCAB,26NOV2026,780000.000000,125,OPTSTK,BFO,5.000000,9000,False
1125920,CUMMINSIND26NOV4300PE,CUMMINSIND,26NOV2026,430000.000000,200,OPTSTK,BFO,5.000000,18000,False
1125929,DIXON26NOV12500PE,DIXON,26NOV2026,1250000.000000,50,OPTSTK,BFO,5.000000,6000,False
1125936,BRITANNIA26OCT4750CE,BRITANNIA,29OCT2026,475000.000000,125,OPTSTK,BFO,5.000000,6000,False
1101885,SENSEX5026NOV25600CE,SENSEX50,26NOV2026,2560000.000000,75,OPTIDX,BFO,5.000000,1800,False
1101887,SAGILITY26OCT36PE,SAGILITY,29OCT2026,3600.000000,12000,OPTSTK,BFO,5.000000,100000000,False
1101912,BANKEX26NOV69900CE,BANKEX,26NOV2026,6990000.000000,30,OPTIDX,BFO,5.000000,900,False
1101989,SAIL26NOV192.5CE,SAIL,26NOV2026,19250.000000,4700,OPTSTK,BFO,5.000000,320000,False
1103268,HYUNDAI26NOV2280PE,HYUNDAI,26NOV2026,228000.000000,275,OPTSTK,BFO,5.000000,100000000,False
1103269,SENSEX26NOV75800CE,SENSEX,26NOV2026,7580000.000000,20,OPTIDX,BFO,5.000000,1000,False
1103283,INDHOTEL26NOV780PE,INDHOTEL,26NOV2026,78000.000000,1000,OPTSTK,BFO,5.000000,60000,False
1103294,IDFCFIRSTB26NOV84PE,IDFCFIRSTB,26NOV2026,8400.000000,9275,OPTSTK,BFO,5.000000,450000,False
1118402,FOCIT26NOV44200CE,FOCIT,26NOV2026,4420000.000000,45,OPTIDX,BFO,5.000000,1350,False
1118409,SHRIRAMFIN26NOV940PE,SHRIRAMFIN,26NOV2026,94000.000000,825,OPTSTK,BFO,5.000000,18000,False
1118442,ICICIGI26OCT1420PE,ICICIGI,29OCT2026,142000.000000,325,OPTSTK,BFO,5.000000,20000,False
1118443,ICICIGI26NOV1420CE,ICICIGI,26NOV2026,142000.000000,325,OPTSTK,BFO,5.000000,20000,False
1125955,SUZLON26OCT38CE,SUZLON,29OCT2026,3800.000000,12700,OPTSTK,BFO,5.000000,100000000,False
1126191,INDUSINDBK26NOV1080PE,INDUSINDBK,26NOV2026,108000.000000,700,OPTSTK,BFO,5.000000,20000,False
1126196,DIXON26NOV12500CE,DIXON,26NOV2026,1250000.000000,50,OPTSTK,BFO,5.000000,6000,False
1126199,POLICYBZR26SEP2000PE,POLICYBZR,24SEP2026,200000.000000,350,OPTSTK,BFO,5.000000,100000000,False
1118453,ICICIGI26OCT1420CE,ICICIGI,29OCT2026,142000.000000,325,OPTSTK,BFO,5.000000,20000,False
1118457,SENSEX5026NOV26350CE,SENSEX50,26NOV2026,2635000.000000,75,OPTIDX,BFO,5.000000,1800,False
1118500,BANKINDIA26NOV125PE,BANKINDIA,26NOV2026,12500.000000,5200,OPTSTK,BFO,5.000000,100000000,False
1118529,SAGILITY26SEP53CE,SAGILITY,24SEP2026,5300.000000,12000,OPTSTK,BFO,5.000000,100000000,False
1126244,POLYCAB26SEP7700CE,POLYCAB,24SEP2026,770000.000000,125,OPTSTK,BFO,5.000000,9000,False
1126251,TVSMOTOR26OCT3800CE,TVSMOTOR,29OCT2026,380000.000000,175,OPTSTK,BFO,5.000000,21000,False
1126255,EICHERMOT26OCT6900CE,EICHERMOT,29OCT2026,690000.000000,100,OPTSTK,BFO,5.000000,7000,False
1126295,PAGEIND26NOV40000CE,PAGEIND,26NOV2026,4000000.000000,20,OPTSTK,BFO,5.000000,600,False
1102010,FOCIT26NOV34800PE,FOCIT,26NOV2026,3480000.000000,45,OPTIDX,BFO,5.000000,1350,False
1102013,CONCOR26NOV530CE,CONCOR,26NOV2026,53000.000000,1250,OPTSTK,BFO,5.000000,40000,False
1102053,NBCC26NOV70CE,NBCC,26NOV2026,7000.000000,6500,OPTSTK,BFO,5.000000,100000000,False
1102062,CUMMINSIND26NOV5200PE,CUMMINSIND,26NOV2026,520000.000000,200,OPTSTK,BFO,5.000000,18000,False
1103296,INDUSINDBK26NOV920CE,INDUSINDBK,26NOV2026,92000.000000,700,OPTSTK,BFO,5.000000,20000,False
1103313,ASTRAL26NOV1460CE,ASTRAL,26NOV2026,146000.000000,425,OPTSTK,BFO,5.000000,14680,False
1103390,RVNL26NOV205CE,RVNL,26NOV2026,20500.000000,1925,OPTSTK,BFO,5.000000,100000000,False
1103418,SAGILITY26SEP45CE,SAGILITY,24SEP2026,4500.000000,12000,OPTSTK,BFO,5.000000,100000000,False
1126297,POLYCAB26SEP7600PE,POLYCAB,24SEP2026,760000.000000,125,OPTSTK,BFO,5.000000,9000,False
1126348,BRITANNIA26SEP4700CE,BRITANNIA,24SEP2026,470000.000000,125,OPTSTK,BFO,5.000000,6000,False
1126368,SENSEX2691769100CE,SENSEX,17SEP2026,6910000.000000,20,OPTIDX,BFO,5.000000,1000,False
1126430,MARICO26SEP730CE,MARICO,24SEP2026,73000.000000,1200,OPTSTK,BFO,5.000000,48000,False
1118537,ASHOKLEY26NOV157.5PE,ASHOKLEY,26NOV2026,15750.000000,5000,OPTSTK,BFO,5.000000,150000,False
1118540,ALKEM26NOV5700CE,ALKEM,26NOV2026,570000.000000,125,OPTSTK,BFO,5.000000,8000,False
1118544,TCS26NOV2460CE,TCS,26NOV2026,246000.000000,225,OPTSTK,BFO,5.000000,7000,False
1118553,PRESTIGE26NOV1460CE,PRESTIGE,26NOV2026,146000.000000,450,OPTSTK,BFO,5.000000,100000000,False
1102106,ASTRAL26NOV1520PE,ASTRAL,26NOV2026,152000.000000,425,OPTSTK,BFO,5.000000,14680,False
1102117,CHOLAFIN26NOV1880CE,CHOLAFIN,26NOV2026,188000.000000,625,OPTSTK,BFO,5.000000,25000,False
1102142,AMBUJACEM26NOV410CE,AMBUJACEM,26NOV2026,41000.000000,1200,OPTSTK,BFO,5.000000,54000,False
1102144,SENSEX26O1581000PE,SENSEX,15OCT2026,8100000.000000,20,OPTIDX,BFO,5.000000,1000,False
1103424,TRENT26NOVFUT,TRENT,26NOV2026,0.000000,225,FUTSTK,BFO,5.000000,16000,False
1103439,SBIN26NOV980CE,SBIN,26NOV2026,98000.000000,750,OPTSTK,BFO,5.000000,45000,False
1103455,MANAPPURAM26NOV330CE,MANAPPURAM,26NOV2026,33000.000000,3000,OPTSTK,BFO,5.000000,180000,False
1103475,PHOENIXLTD26NOV1760PE,PHOENIXLTD,26NOV2026,176000.000000,350,OPTSTK,BFO,5.000000,100000000,False
1118684,GODFRYPHLP26NOV2500PE,GODFRYPHLP,26NOV2026,250000.000000,275,OPTSTK,BFO,5.000000,100000000,False
1118696,PGEL26NOV520CE,PGEL,26NOV2026,52000.000000,950,OPTSTK,BFO,5.000000,100000000,False
1118783,NMDC26NOV94CE,NMDC,26NOV2026,9400.000000,6750,OPTSTK,BFO,5.000000,225000,False
1118858,PFC26OCT315CE,PFC,29OCT2026,31500.000000,1300,OPTSTK,BFO,5.000000,124000,False
1126443,MOTILALOFS26NOV1200CE,MOTILALOFS,26NOV2026,120000.000000,775,OPTSTK,BFO,5.000000,100000000,False
1126520,COLPAL26NOV1680PE,COLPAL,26NOV2026,168000.000000,275,OPTSTK,BFO,5.000000,14000,False
1126551,SOLARINDS26SEP23750PE,SOLARINDS,24SEP2026,2375000.000000,50,OPTSTK,BFO,5.000000,100000000,False
1126555,SENSEX26O0869100PE,SENSEX,08OCT2026,6910000.000000,20,OPTIDX,BFO,5.000000,1000,False
1102152,AUBANK26NOV1020CE,AUBANK,26NOV2026,102000.000000,1000,OPTSTK,BFO,5.000000,30000,False
1102159,VBL26NOV460PE,VBL,26NOV2026,46000.000000,1275,OPTSTK,BFO,5.000000,100000000,False
1102167,MPHASIS26NOV2150PE,MPHASIS,26NOV2026,215000.000000,275,OPTSTK,BFO,5.000000,11000,False
1102175,CIPLA26NOV1410CE,CIPLA,26NOV2026,141000.000000,425,OPTSTK,BFO,5.000000,26000,False
1103478,GVT&D26NOV4300CE,GVT&D,26NOV2026,430000.000000,125,OPTSTK,BFO,5.000000,100000000,False
1103536,EICHERMOT26NOV8700PE,EICHERMOT,26NOV2026,870000.000000,100,OPTSTK,BFO,5.000000,7000,False
1103542,MOTHERSON26NOV170CE,MOTHERSON,26NOV2026,17000.000000,6150,OPTSTK,BFO,5.000000,284000,False
1103586,BANKBARODA26NOV250PE,BANKBARODA,26NOV2026,25000.000000,2925,OPTSTK,BFO,5.000000,175500,False
1126658,TMPV26SEP270CE,TMPV,24SEP2026,27000.000000,1600,OPTSTK,BFO,5.000000,42750,False
1126688,SIEMENS26NOV3600CE,SIEMENS,26NOV2026,360000.000000,175,OPTSTK,BFO,5.000000,8250,False
1126701,BPCL26NOV275CE,BPCL,26NOV2026,27500.000000,1975,OPTSTK,BFO,5.000000,72000,False
1126709,ICICIPRULI26OCT445CE,ICICIPRULI,29OCT2026,44500.000000,925,OPTSTK,BFO,5.000000,60000,False
1102176,CAMS26NOV730PE,CAMS,26NOV2026,73000.000000,825,OPTSTK,BFO,5.000000,100000000,False
1102197,SENSEX26O1572600CE,SENSEX,15OCT2026,7260000.000000,20,OPTIDX,BFO,5.000000,1000,False
1102202,CANBK26NOV140CE,CANBK,26NOV2026,14000.000000,6750,OPTSTK,BFO,5.000000,81000,False
1102224,GMRAIRPORT26NOV95CE,GMRAIRPORT,26NOV2026,9500.000000,6975,OPTSTK,BFO,5.000000,675000,False
1103651,MUTHOOTFIN26NOV2900PE,MUTHOOTFIN,26NOV2026,290000.000000,275,OPTSTK,BFO,5.000000,22000,False
1103675,SOLARINDS26NOV21750CE,SOLARINDS,26NOV2026,2175000.000000,50,OPTSTK,BFO,5.000000,100000000,False
1103683,BHARATFORG26NOV2140PE,BHARATFORG,26NOV2026,214000.000000,500,OPTSTK,BFO,5.000000,30000,False
1103742,INDUSINDBK26NOV1020PE,INDUSINDBK,26NOV2026,102000.000000,700,OPTSTK,BFO,5.000000,20000,False
1126728,GODREJCP26OCT800CE,GODREJCP,29OCT2026,80000.000000,500,OPTSTK,BFO,5.000000,30000,False
1126761,DABUR26SEP340CE,DABUR,24SEP2026,34000.000000,1250,OPTSTK,BFO,5.000000,50000,False
1126767,ICICIGI26SEP1360PE,ICICIGI,24SEP2026,136000.000000,325,OPTSTK,BFO,5.000000,20000,False
1126815,FOCIT26SEP29700PE,FOCIT,24SEP2026,2970000.000000,45,OPTIDX,BFO,5.000000,1350,False
1102267,KOTAKBANK26NOV425PE,KOTAKBANK,26NOV2026,42500.000000,2000,OPTSTK,BFO,5.000000,12000,False
1103788,ITC26NOV257.5PE,ITC,26NOV2026,25750.000000,1725,OPTSTK,BFO,5.000000,64000,False
1103790,PERSISTENT26NOV5800CE,PERSISTENT,26NOV2026,580000.000000,125,OPTSTK,BFO,5.000000,5250,False
1103795,SENSEX26NOV73800PE,SENSEX,26NOV2026,7380000.000000,20,OPTIDX,BFO,5.000000,1000,False
1103964,ETERNAL26NOV305CE,ETERNAL,26NOV2026,30500.000000,2425,OPTSTK,BFO,5.000000,100000000,False
1126818,MOTILALOFS26SEP1200PE,MOTILALOFS,24SEP2026,120000.000000,775,OPTSTK,BFO,5.000000,100000000,False
1126838,GODREJPROP26OCT1800CE,GODREJPROP,29OCT2026,180000.000000,325,OPTSTK,BFO,5.000000,19000,False
1126901,SENSEX26O2269100CE,SENSEX,22OCT2026,6910000.000000,20,OPTIDX,BFO,5.000000,1000,False
1126934,SOLARINDS26NOV23750CE,SOLARINDS,26NOV2026,2375000.000000,50,OPTSTK,BFO,5.000000,100000000,False
1102238,NHPC26NOV77PE,NHPC,26NOV2026,7700.000000,6950,OPTSTK,BFO,5.000000,100000000,False
1102239,RBLBANK26NOV355PE,RBLBANK,26NOV2026,35500.000000,3175,OPTSTK,BFO,5.000000,150000,False
1102241,LUPIN26NOV2260PE,LUPIN,26NOV2026,226000.000000,425,OPTSTK,BFO,5.000000,34000,False
1102273,ADANIPORTS26NOVFUT,ADANIPORTS,26NOV2026,0.000000,475,FUTSTK,BFO,5.000000,32000,False
1102279,CANBK26NOV117.5PE,CANBK,26NOV2026,11750.000000,6750,OPTSTK,BFO,5.000000,81000,False
1102313,COLPAL26NOV1900CE,COLPAL,26NOV2026,190000.000000,275,OPTSTK,BFO,5.000000,14000,False
1102351,SENSEX26O1580300CE,SENSEX,15OCT2026,8030000.000000,20,OPTIDX,BFO,5.000000,1000,False
1103978,LICI26NOV440CE,LICI,26NOV2026,44000.000000,1400,OPTSTK,BFO,5.000000,100000000,False
1103987,DLF26NOV750CE,DLF,26NOV2026,75000.000000,950,OPTSTK,BFO,5.000000,49500,False
1104054,UNITDSPR26NOVFUT,UNITDSPR,26NOV2026,0.000000,400,FUTSTK,BFO,5.000000,28000,False
1104204,MOTHERSON26NOV175CE,MOTHERSON,26NOV2026,17500.000000,6150,OPTSTK,BFO,5.000000,284000,False
1126947,WIPRO26NOV157.5CE,WIPRO,26NOV2026,15750.000000,3000,OPTSTK,BFO,5.000000,60000,False
1126959,KPITTECH26NOV490PE,KPITTECH,26NOV2026,49000.000000,775,OPTSTK,BFO,5.000000,100000000,False
1126968,DABUR26NOV340CE,DABUR,26NOV2026,34000.000000,1250,OPTSTK,BFO,5.000000,50000,False
1127024,GODFRYPHLP26OCT1650PE,GODFRYPHLP,29OCT2026,165000.000000,275,OPTSTK,BFO,5.000000,100000000,False
1127111,PREMIERENE26NOV840CE,PREMIERENE,26NOV2026,84000.000000,650,OPTSTK,BFO,5.000000,100000000,False
1127143,NESTLEIND26OCT1340PE,NESTLEIND,29OCT2026,134000.000000,500,OPTSTK,BFO,5.000000,1200,False
1127147,IEX26OCT100PE,IEX,29OCT2026,10000.000000,4350,OPTSTK,BFO,5.000000,150000,False
1127154,FOCIT26OCT29500CE,FOCIT,29OCT2026,2950000.000000,45,OPTIDX,BFO,5.000000,1350,False
1102413,HINDPETRO26NOV350PE,HINDPETRO,26NOV2026,35000.000000,2025,OPTSTK,BFO,5.000000,108000,False
1102423,COCHINSHIP26NOV1440PE,COCHINSHIP,26NOV2026,144000.000000,400,OPTSTK,BFO,5.000000,100000000,False
1102433,FOCIT26NOV36100CE,FOCIT,26NOV2026,3610000.000000,45,OPTIDX,BFO,5.000000,1350,False
1102439,MPHASIS26NOV2050CE,MPHASIS,26NOV2026,205000.000000,275,OPTSTK,BFO,5.000000,11000,False
1104211,OIL26NOV500PE,OIL,26NOV2026,50000.000000,1400,OPTSTK,BFO,5.000000,100000000,False
1104216,MARICO26NOV840CE,MARICO,26NOV2026,84000.000000,1200,OPTSTK,BFO,5.000000,48000,False
1104235,BANKEX26NOV57400PE,BANKEX,26NOV2026,5740000.000000,30,OPTIDX,BFO,5.000000,900,False
1104241,POWERINDIA26NOV37500CE,POWERINDIA,26NOV2026,3750000.000000,25,OPTSTK,BFO,5.000000,100000000,False
1102456,CAMS26NOV790CE,CAMS,26NOV2026,79000.000000,825,OPTSTK,BFO,5.000000,100000000,False
1102460,ICICIGI26NOVFUT,ICICIGI,26NOV2026,0.000000,325,FUTSTK,BFO,5.000000,20000,False
1102474,TECHM26NOV1540CE,TECHM,26NOV2026,154000.000000,600,OPTSTK,BFO,5.000000,24000,False
1102491,ABB26NOV7500PE,ABB,26NOV2026,750000.000000,125,OPTSTK,BFO,5.000000,7500,False
1104258,LT26NOV3700CE,LT,26NOV2026,370000.000000,175,OPTSTK,BFO,5.000000,12000,False
1104276,BANDHANBNK26NOV155PE,BANDHANBNK,26NOV2026,15500.000000,3600,OPTSTK,BFO,5.000000,100000,False
1104283,INDUSTOWER26NOV410CE,INDUSTOWER,26NOV2026,41000.000000,1700,OPTSTK,BFO,5.000000,170000,False
1104316,INDUSINDBK26NOV900PE,INDUSINDBK,26NOV2026,90000.000000,700,OPTSTK,BFO,5.000000,20000,False
1127199,SAIL26NOV172.5CE,SAIL,26NOV2026,17250.000000,4700,OPTSTK,BFO,5.000000,320000,False
1127202,SOLARINDS26OCT23500CE,SOLARINDS,29OCT2026,2350000.000000,50,OPTSTK,BFO,5.000000,100000000,False
1127210,LTM26NOV4100PE,LTM,26NOV2026,410000.000000,150,OPTSTK,BFO,5.000000,4500,False
1127241,DELHIVERY26NOV415PE,DELHIVERY,26NOV2026,41500.000000,2075,OPTSTK,BFO,5.000000,100000000,False
1102577,WIPRO26NOV180PE,WIPRO,26NOV2026,18000.000000,3000,OPTSTK,BFO,5.000000,60000,False
1102589,ICICIGI26NOV1640PE,ICICIGI,26NOV2026,164000.000000,325,OPTSTK,BFO,5.000000,20000,False
1102595,HYUNDAI26NOV2300CE,HYUNDAI,26NOV2026,230000.000000,275,OPTSTK,BFO,5.000000,100000000,False
1102596,SENSEX26O1574300PE,SENSEX,15OCT2026,7430000.000000,20,OPTIDX,BFO,5.000000,1000,False
1104382,SENSEX26O1570700CE,SENSEX,15OCT2026,7070000.000000,20,OPTIDX,BFO,5.000000,1000,False
1104384,DIVISLAB26NOV9400PE,DIVISLAB,26NOV2026,940000.000000,100,OPTSTK,BFO,5.000000,8000,False
1104387,ATHERENERG26SEP1340CE,ATHERENERG,24SEP2026,134000.000000,375,OPTSTK,BFO,5.000000,100000000,False
1104402,JSWSTEEL26NOV1340PE,JSWSTEEL,26NOV2026,134000.000000,675,OPTSTK,BFO,5.000000,40500,False
1127268,SBILIFE26NOV1560PE,SBILIFE,26NOV2026,156000.000000,375,OPTSTK,BFO,5.000000,22500,False
1127285,HAL26NOV5350PE,HAL,26NOV2026,535000.000000,150,OPTSTK,BFO,5.000000,9000,False
1127339,SHREECEM26SEP21500CE,SHREECEM,24SEP2026,2150000.000000,25,OPTSTK,BFO,5.000000,1000,False
1127355,SENSEX26SEP68600CE,SENSEX,24SEP2026,6860000.000000,20,OPTIDX,BFO,5.000000,1000,False
1118880,SBIN26NOV1120PE,SBIN,26NOV2026,112000.000000,750,OPTSTK,BFO,5.000000,45000,False
1118894,APLAPOLLO26SEP2360CE,APLAPOLLO,24SEP2026,236000.000000,350,OPTSTK,BFO,5.000000,100000000,False
1118912,GAIL26NOV152.5CE,GAIL,26NOV2026,15250.000000,3550,OPTSTK,BFO,5.000000,274500,False
1118942,COFORGE26NOV2060CE,COFORGE,26NOV2026,206000.000000,475,OPTSTK,BFO,5.000000,6000,False
1127456,SENSEX26O0868700CE,SENSEX,08OCT2026,6870000.000000,20,OPTIDX,BFO,5.000000,1000,False
1127497,HAVELLS26OCT1000PE,HAVELLS,29OCT2026,100000.000000,500,OPTSTK,BFO,5.000000,20000,False
1127520,360ONE26NOV980PE,,26NOV2026,98000.000000,500,OPTSTK,BFO,5.000000,100000000,False
1127528,DIVISLAB26OCT10300CE,DIVISLAB,29OCT2026,1030000.000000,100,OPTSTK,BFO,5.000000,8000,False
1102611,BAJFINANCE26NOV1100PE,BAJFINANCE,26NOV2026,110000.000000,750,OPTSTK,BFO,5.000000,3750,False
1102641,UPL26NOV590PE,UPL,26NOV2026,59000.000000,1355,OPTSTK,BFO,5.000000,39000,False
1102653,PRESTIGE26NOV1660PE,PRESTIGE,26NOV2026,166000.000000,450,OPTSTK,BFO,5.000000,100000000,False
1102656,BDL26NOV1200PE,BDL,26NOV2026,120000.000000,425,OPTSTK,BFO,5.000000,100000000,False
1104405,BANKEX26NOV65100PE,BANKEX,26NOV2026,6510000.000000,30,OPTIDX,BFO,5.000000,900,False
1104456,AUBANK26NOV980CE,AUBANK,26NOV2026,98000.000000,1000,OPTSTK,BFO,5.000000,30000,False
1104471,SENSEX26NOV82100PE,SENSEX,26NOV2026,8210000.000000,20,OPTIDX,BFO,5.000000,1000,False
1104476,MOTHERSON26NOV182.5PE,MOTHERSON,26NOV2026,18250.000000,6150,OPTSTK,BFO,5.000000,284000,False
1118982,APLAPOLLO26SEP2380CE,APLAPOLLO,24SEP2026,238000.000000,350,OPTSTK,BFO,5.000000,100000000,False
1119020,APLAPOLLO26NOV2360CE,APLAPOLLO,26NOV2026,236000.000000,350,OPTSTK,BFO,5.000000,100000000,False
1119140,PAYTM26NOV1520PE,PAYTM,26NOV2026,152000.000000,725,OPTSTK,BFO,5.000000,100000000,False
1119210,TITAN26OCT5500PE,TITAN,29OCT2026,550000.000000,175,OPTSTK,BFO,5.000000,11250,False
1127537,SENSEX5026NOV23900CE,SENSEX50,26NOV2026,2390000.000000,75,OPTIDX,BFO,5.000000,1800,False
1127555,RBLBANK26SEP455PE,RBLBANK,24SEP2026,45500.000000,3175,OPTSTK,BFO,5.000000,150000,False
1127565,SOLARINDS26SEP24250CE,SOLARINDS,24SEP2026,2425000.000000,50,OPTSTK,BFO,5.000000,100000000,False
1127585,GVT&D26NOV5400PE,GVT&D,26NOV2026,540000.000000,125,OPTSTK,BFO,5.000000,100000000,False
1102657,UNITDSPR26NOV1380PE,UNITDSPR,26NOV2026,138000.000000,400,OPTSTK,BFO,5.000000,28000,False
1102668,FOCIT26NOV42400CE,FOCIT,26NOV2026,4240000.000000,45,OPTIDX,BFO,5.000000,1350,False
1102686,M&M26NOV3200PE,M&M,26NOV2026,320000.000000,200,OPTSTK,BFO,5.000000,21000,False
1102709,IDEA26NOV10PE,IDEA,26NOV2026,1000.000000,71475,OPTSTK,BFO,5.000000,2400000,False
1104478,UNOMINDA26NOV1420PE,UNOMINDA,26NOV2026,142000.000000,550,OPTSTK,BFO,5.000000,100000000,False
1104480,HDFCBANK26NOV670PE,HDFCBANK,26NOV2026,67000.000000,650,OPTSTK,BFO,5.000000,16500,False
1104489,BOSCHLTD26NOV45000CE,BOSCHLTD,26NOV2026,4500000.000000,25,OPTSTK,BFO,5.000000,1500,False
1104498,BANKEX26NOV61400PE,BANKEX,26NOV2026,6140000.000000,30,OPTIDX,BFO,5.000000,900,False
1119229,VOLTAS26NOV1060PE,VOLTAS,26NOV2026,106000.000000,375,OPTSTK,BFO,5.000000,30000,False
1119259,OFSS26SEP12700CE,OFSS,24SEP2026,1270000.000000,100,OPTSTK,BFO,5.000000,8000,False
1119261,SAGILITY26NOV52CE,SAGILITY,26NOV2026,5200.000000,12000,OPTSTK,BFO,5.000000,100000000,False
1119264,KEI26NOV6300PE,KEI,26NOV2026,630000.000000,175,OPTSTK,BFO,5.000000,100000000,False
1127590,SENSEX26NOV68600CE,SENSEX,26NOV2026,6860000.000000,20,OPTIDX,BFO,5.000000,1000,False
1127591,ULTRACEMCO26SEP10400CE,ULTRACEMCO,24SEP2026,1040000.000000,50,OPTSTK,BFO,5.000000,3000,False
1127597,KOTAKBANK26NOV380CE,KOTAKBANK,26NOV2026,38000.000000,2000,OPTSTK,BFO,5.000000,12000,False
1127613,SENSEX26NOV68900PE,SENSEX,26NOV2026,6890000.000000,20,OPTIDX,BFO,5.000000,1000,False
1102711,HDFCBANK26OCT640CE,HDFCBANK,29OCT2026,64000.000000,650,OPTSTK,BFO,5.000000,16500,False
1102756,KEI26NOV5700CE,KEI,26NOV2026,570000.000000,175,OPTSTK,BFO,5.000000,100000000,False
1102799,GAIL26NOV190CE,GAIL,26NOV2026,19000.000000,3550,OPTSTK,BFO,5.000000,274500,False
1102801,SENSEX26O1580600PE,SENSEX,15OCT2026,8060000.000000,20,OPTIDX,BFO,5.000000,1000,False
1104506,GRASIM26NOV3400PE,GRASIM,26NOV2026,340000.000000,250,OPTSTK,BFO,5.000000,14250,False
1104524,BOSCHLTD26NOV52000PE,BOSCHLTD,26NOV2026,5200000.000000,25,OPTSTK,BFO,5.000000,1500,False
1104532,SENSEX26O1580700CE,SENSEX,15OCT2026,8070000.000000,20,OPTIDX,BFO,5.000000,1000,False
1104549,SENSEX26NOV73700CE,SENSEX,26NOV2026,7370000.000000,20,OPTIDX,BFO,5.000000,1000,False
1119310,LICHSGFIN26NOV610CE,LICHSGFIN,26NOV2026,61000.000000,1000,OPTSTK,BFO,5.000000,60000,False
1119315,VBL26OCT340CE,VBL,29OCT2026,34000.000000,1275,OPTSTK,BFO,5.000000,100000000,False
1119327,ICICIGI26NOV1440PE,ICICIGI,26NOV2026,144000.000000,325,OPTSTK,BFO,5.000000,20000,False
1119379,SENSEX26O1584100CE,SENSEX,15OCT2026,8410000.000000,20,OPTIDX,BFO,5.000000,1000,False
1127628,SENSEX2691769000CE,SENSEX,17SEP2026,6900000.000000,20,OPTIDX,BFO,5.000000,1000,False
1127645,GVT&D26OCT5400PE,GVT&D,29OCT2026,540000.000000,125,OPTSTK,BFO,5.000000,100000000,False
1127655,ASIANPAINT26SEP2340CE,ASIANPAINT,24SEP2026,234000.000000,250,OPTSTK,BFO,5.000000,8000,False
1127730,GODREJPROP26NOV1760PE,GODREJPROP,26NOV2026,176000.000000,325,OPTSTK,BFO,5.000000,19000,False
1127772,BANKEX26OCT57200CE,BANKEX,29OCT2026,5720000.000000,30,OPTIDX,BFO,5.000000,900,False
1127797,SHREECEM26NOV21500PE,SHREECEM,26NOV2026,2150000.000000,25,OPTSTK,BFO,5.000000,1000,False
1127819,SENSEX5026SEP23850CE,SENSEX50,24SEP2026,2385000.000000,75,OPTIDX,BFO,5.000000,1800,False
1127828,ASIANPAINT26OCT2340CE,ASIANPAINT,29OCT2026,234000.000000,250,OPTSTK,BFO,5.000000,8000,False
1102870,POLYCAB26NOV8300CE,POLYCAB,26NOV2026,830000.000000,125,OPTSTK,BFO,5.000000,9000,False
1102875,BANKEX26NOV67800CE,BANKEX,26NOV2026,6780000.000000,30,OPTIDX,BFO,5.000000,900,False
1102877,BANDHANBNK26NOV205PE,BANDHANBNK,26NOV2026,20500.000000,3600,OPTSTK,BFO,5.000000,100000,False
1102896,FOCIT26NOV36400PE,FOCIT,26NOV2026,3640000.000000,45,OPTIDX,BFO,5.000000,1350,False
1119384,SBILIFE26NOV1620CE,SBILIFE,26NOV2026,162000.000000,375,OPTSTK,BFO,5.000000,22500,False
1119393,CROMPTON26NOV200PE,CROMPTON,26NOV2026,20000.000000,2150,OPTSTK,BFO,5.000000,90000,False
1119417,PERSISTENT26OCT6500CE,PERSISTENT,29OCT2026,650000.000000,125,OPTSTK,BFO,5.000000,5250,False
1119427,COFORGE26SEP2160CE,COFORGE,24SEP2026,216000.000000,475,OPTSTK,BFO,5.000000,6000,False
1104565,FORTIS26NOV970CE,FORTIS,26NOV2026,97000.000000,775,OPTSTK,BFO,5.000000,100000000,False
1104593,AXISBANK26NOV1120PE,AXISBANK,26NOV2026,112000.000000,625,OPTSTK,BFO,5.000000,25000,False
1104600,DABUR26NOV395PE,DABUR,26NOV2026,39500.000000,1250,OPTSTK,BFO,5.000000,50000,False
1104617,CGPOWER26NOV940PE,CGPOWER,26NOV2026,94000.000000,850,OPTSTK,BFO,5.000000,100000000,False
1127914,RBLBANK26OCT455PE,RBLBANK,29OCT2026,45500.000000,3175,OPTSTK,BFO,5.000000,150000,False
1127921,MANKIND26NOV2160PE,MANKIND,26NOV2026,216000.000000,250,OPTSTK,BFO,5.000000,100000000,False
1127938,SOLARINDS26OCT24250CE,SOLARINDS,29OCT2026,2425000.000000,50,OPTSTK,BFO,5.000000,100000000,False
1128063,TIINDIA26OCT2300CE,TIINDIA,29OCT2026,230000.000000,200,OPTSTK,BFO,5.000000,100000000,False
1102907,PAYTM26NOV1740CE,PAYTM,26NOV2026,174000.000000,725,OPTSTK,BFO,5.000000,100000000,False
1102908,FOCIT26NOV38700PE,FOCIT,26NOV2026,3870000.000000,45,OPTIDX,BFO,5.000000,1350,False
1102953,VOLTAS26NOV1120PE,VOLTAS,26NOV2026,112000.000000,375,OPTSTK,BFO,5.000000,30000,False
1102983,FOCIT26NOV32700PE,FOCIT,26NOV2026,3270000.000000,45,OPTIDX,BFO,5.000000,1350,False
1104637,DELHIVERY26NOV465CE,DELHIVERY,26NOV2026,46500.000000,2075,OPTSTK,BFO,5.000000,100000000,False
1104645,MANKIND26NOV2380PE,MANKIND,26NOV2026,238000.000000,250,OPTSTK,BFO,5.000000,100000000,False
1104646,ASTRAL26NOVFUT,ASTRAL,26NOV2026,0.000000,425,FUTSTK,BFO,5.000000,14680,False
1104667,GMRAIRPORT26NOV100CE,GMRAIRPORT,26NOV2026,10000.000000,6975,OPTSTK,BFO,5.000000,675000,False
1119428,LAURUSLABS26NOV2080PE,LAURUSLABS,26NOV2026,208000.000000,850,OPTSTK,BFO,5.000000,68000,False
1119462,DIVISLAB26SEP10000CE,DIVISLAB,24SEP2026,1000000.000000,100,OPTSTK,BFO,5.000000,8000,False
1119491,GODREJPROP26NOV1920PE,GODREJPROP,26NOV2026,192000.000000,325,OPTSTK,BFO,5.000000,19000,False
1119514,PFC26SEP315CE,PFC,24SEP2026,31500.000000,1300,OPTSTK,BFO,5.000000,124000,False
1128127,HAL26NOV5350CE,HAL,26NOV2026,535000.000000,150,OPTSTK,BFO,5.000000,9000,False
1128182,HINDPETRO26OCT280PE,HINDPETRO,29OCT2026,28000.000000,2025,OPTSTK,BFO,5.000000,108000,False
1128183,DIVISLAB26NOV10300PE,DIVISLAB,26NOV2026,1030000.000000,100,OPTSTK,BFO,5.000000,8000,False
1128266,DIVISLAB26OCT10200CE,DIVISLAB,29OCT2026,1020000.000000,100,OPTSTK,BFO,5.000000,8000,False
1119525,COFORGE26NOV2160PE,COFORGE,26NOV2026,216000.000000,475,OPTSTK,BFO,5.000000,6000,False
1119545,ICICIBANK26NOV1360PE,ICICIBANK,26NOV2026,136000.000000,700,OPTSTK,BFO,5.000000,28000,False
1119550,INFY26NOV1280PE,INFY,26NOV2026,128000.000000,400,OPTSTK,BFO,5.000000,16000,False
1119579,POLICYBZR26NOV1680CE,POLICYBZR,26NOV2026,168000.000000,350,OPTSTK,BFO,5.000000,100000000,False
1103013,BEL26NOV425CE,BEL,26NOV2026,42500.000000,1425,OPTSTK,BFO,5.000000,228000,False
1103021,NYKAA26NOV340PE,NYKAA,26NOV2026,34000.000000,3125,OPTSTK,BFO,5.000000,100000000,False
1103039,NYKAA26NOV345CE,NYKAA,26NOV2026,34500.000000,3125,OPTSTK,BFO,5.000000,100000000,False
1103078,INFY26NOV960CE,INFY,26NOV2026,96000.000000,400,OPTSTK,BFO,5.000000,16000,False
1104718,VMM26NOV120PE,VMM,26NOV2026,12000.000000,4850,OPTSTK,BFO,5.000000,100000000,False
1104775,GVT&D26NOV4500CE,GVT&D,26NOV2026,450000.000000,125,OPTSTK,BFO,5.000000,100000000,False
1104789,KPITTECH26NOV590PE,KPITTECH,26NOV2026,59000.000000,775,OPTSTK,BFO,5.000000,100000000,False
1104799,SENSEX26O1572400PE,SENSEX,15OCT2026,7240000.000000,20,OPTIDX,BFO,5.000000,1000,False
1128332,SOLARINDS26OCT24000PE,SOLARINDS,29OCT2026,2400000.000000,50,OPTSTK,BFO,5.000000,100000000,False
1128366,SENSEX26O2267900CE,SENSEX,22OCT2026,6790000.000000,20,OPTIDX,BFO,5.000000,1000,False
1128400,SENSEX26NOV67800PE,SENSEX,26NOV2026,6780000.000000,20,OPTIDX,BFO,5.000000,1000,False
1128414,CGPOWER26NOV1060PE,CGPOWER,26NOV2026,106000.000000,850,OPTSTK,BFO,5.000000,100000000,False
1119655,BANKEX26NOV71900CE,BANKEX,26NOV2026,7190000.000000,30,OPTIDX,BFO,5.000000,900,False
1119667,LTF26NOV280PE,LTF,26NOV2026,28000.000000,2250,OPTSTK,BFO,5.000000,267720,False
1119946,ATHERENERG26NOV1820PE,ATHERENERG,26NOV2026,182000.000000,375,OPTSTK,BFO,5.000000,100000000,False
1119959,ATHERENERG26OCT1820PE,ATHERENERG,29OCT2026,182000.000000,375,OPTSTK,BFO,5.000000,100000000,False
1128468,HDFCLIFE26SEP480CE,HDFCLIFE,24SEP2026,48000.000000,1100,OPTSTK,BFO,5.000000,44000,False
1128498,SENSEX5026NOV23750CE,SENSEX50,26NOV2026,2375000.000000,75,OPTIDX,BFO,5.000000,1800,False
1128500,AMBUJACEM26SEP360CE,AMBUJACEM,24SEP2026,36000.000000,1200,OPTSTK,BFO,5.000000,54000,False
1128529,HDFCLIFE26SEP485CE,HDFCLIFE,24SEP2026,48500.000000,1100,OPTSTK,BFO,5.000000,44000,False
1103131,SUNPHARMA26NOV1760PE,SUNPHARMA,26NOV2026,176000.000000,350,OPTSTK,BFO,5.000000,28000,False
1103156,MPHASIS26NOV2500CE,MPHASIS,26NOV2026,250000.000000,275,OPTSTK,BFO,5.000000,11000,False
1103172,AUBANK26NOV940CE,AUBANK,26NOV2026,94000.000000,1000,OPTSTK,BFO,5.000000,30000,False
1103176,WAAREEENER26NOV2650CE,WAAREEENER,26NOV2026,265000.000000,175,OPTSTK,BFO,5.000000,100000000,False
1104839,TATACONSUM26NOV1060CE,TATACONSUM,26NOV2026,106000.000000,550,OPTSTK,BFO,5.000000,36000,False
1104853,POLYCAB26NOV8800PE,POLYCAB,26NOV2026,880000.000000,125,OPTSTK,BFO,5.000000,9000,False
1104861,MAXHEALTH26NOV960CE,MAXHEALTH,26NOV2026,96000.000000,525,OPTSTK,BFO,5.000000,100000000,False
1104895,SENSEX5026NOV24450CE,SENSEX50,26NOV2026,2445000.000000,75,OPTIDX,BFO,5.000000,1800,False
1119971,AXISBANK26NOV1420PE,AXISBANK,26NOV2026,142000.000000,625,OPTSTK,BFO,5.000000,25000,False
1119974,ADANIPOWER26NOV170PE,ADANIPOWER,26NOV2026,17000.000000,3550,OPTSTK,BFO,5.000000,100000000,False
1120024,CAMS26NOV840PE,CAMS,26NOV2026,84000.000000,825,OPTSTK,BFO,5.000000,100000000,False
1120040,MOTHERSON26NOV185PE,MOTHERSON,26NOV2026,18500.000000,6150,OPTSTK,BFO,5.000000,284000,False
1128570,MUTHOOTFIN26NOV2500PE,MUTHOOTFIN,26NOV2026,250000.000000,275,OPTSTK,BFO,5.000000,22000,False
1128616,SENSEX26O0867800PE,SENSEX,08OCT2026,6780000.000000,20,OPTIDX,BFO,5.000000,1000,False
1128703,ADANIPORTS26OCT1920PE,ADANIPORTS,29OCT2026,192000.000000,475,OPTSTK,BFO,5.000000,32000,False
1128704,BANKEX26OCT56800CE,BANKEX,29OCT2026,5680000.000000,30,OPTIDX,BFO,5.000000,900,False
1103210,UNOMINDA26NOV1220PE,UNOMINDA,26NOV2026,122000.000000,550,OPTSTK,BFO,5.000000,100000000,False
1103226,FOCIT26NOV31000PE,FOCIT,26NOV2026,3100000.000000,45,OPTIDX,BFO,5.000000,1350,False
1103256,BANDHANBNK26NOV175CE,BANDHANBNK,26NOV2026,17500.000000,3600,OPTSTK,BFO,5.000000,100000,False
1103258,ASIANPAINT26NOV2760CE,ASIANPAINT,26NOV2026,276000.000000,250,OPTSTK,BFO,5.000000,8000,False
1104910,FOCIT26NOV42800CE,FOCIT,26NOV2026,4280000.000000,45,OPTIDX,BFO,5.000000,1350,False
1104914,HAVELLS26NOV1320CE,HAVELLS,26NOV2026,132000.000000,500,OPTSTK,BFO,5.000000,20000,False
1104926,CHOLAFIN26NOV1840PE,CHOLAFIN,26NOV2026,184000.000000,625,OPTSTK,BFO,5.000000,25000,False
1104933,MANAPPURAM26NOV315PE,MANAPPURAM,26NOV2026,31500.000000,3000,OPTSTK,BFO,5.000000,180000,False
1120096,PIIND26NOV2050CE,PIIND,26NOV2026,205000.000000,175,OPTSTK,BFO,5.000000,7500,False
1120181,KAYNES26NOV3350CE,KAYNES,26NOV2026,335000.000000,150,OPTSTK,BFO,5.000000,100000000,False
1120233,JIOFIN26NOV257.5CE,JIOFIN,26NOV2026,25750.000000,2350,OPTSTK,BFO,5.000000,100000000,False
1120235,PFC26SEP310PE,PFC,24SEP2026,31000.000000,1300,OPTSTK,BFO,5.000000,124000,False
1128705,MFSL26OCT1340CE,MFSL,29OCT2026,134000.000000,400,OPTSTK,BFO,5.000000,32000,False
1128724,DIXON26NOV12000CE,DIXON,26NOV2026,1200000.000000,50,OPTSTK,BFO,5.000000,6000,False
1128729,TECHM26NOV1380CE,TECHM,26NOV2026,138000.000000,600,OPTSTK,BFO,5.000000,24000,False
1128740,JUBLFOOD26NOV440PE,JUBLFOOD,26NOV2026,44000.000000,1250,OPTSTK,BFO,5.000000,50000,False
1103270,COLPAL26NOV1780CE,COLPAL,26NOV2026,178000.000000,275,OPTSTK,BFO,5.000000,14000,False
1103273,ASTRAL26NOV1620CE,ASTRAL,26NOV2026,162000.000000,425,OPTSTK,BFO,5.000000,14680,False
1103314,SENSEX26NOV82800PE,SENSEX,26NOV2026,8280000.000000,20,OPTIDX,BFO,5.000000,1000,False
1103320,CIPLA26NOV1360CE,CIPLA,26NOV2026,136000.000000,425,OPTSTK,BFO,5.000000,26000,False
1104946,MANKIND26NOV2280CE,MANKIND,26NOV2026,228000.000000,250,OPTSTK,BFO,5.000000,100000000,False
1104951,VEDL26NOV285CE,VEDL,26NOV2026,28500.000000,1150,OPTSTK,BFO,5.000000,80000,False
1104971,SENSEX5026NOV25300CE,SENSEX50,26NOV2026,2530000.000000,75,OPTIDX,BFO,5.000000,1800,False
1105009,SENSEX26NOV71700PE,SENSEX,26NOV2026,7170000.000000,20,OPTIDX,BFO,5.000000,1000,False
1120241,GMRAIRPORT26SEP88CE,GMRAIRPORT,24SEP2026,8800.000000,6975,OPTSTK,BFO,5.000000,675000,False
1120264,GMRAIRPORT26OCT87CE,GMRAIRPORT,29OCT2026,8700.000000,6975,OPTSTK,BFO,5.000000,675000,False
1120282,FEDERALBNK26NOV385PE,FEDERALBNK,26NOV2026,38500.000000,2500,OPTSTK,BFO,5.000000,200000,False
1120284,WIPRO26NOV200PE,WIPRO,26NOV2026,20000.000000,3000,OPTSTK,BFO,5.000000,60000,False
1128815,MUTHOOTFIN26NOV2450PE,MUTHOOTFIN,26NOV2026,245000.000000,275,OPTSTK,BFO,5.000000,22000,False
1128821,BHARTIARTL26OCT1680PE,BHARTIARTL,29OCT2026,168000.000000,475,OPTSTK,BFO,5.000000,28500,False
1128827,FOCIT26SEP29300CE,FOCIT,24SEP2026,2930000.000000,45,OPTIDX,BFO,5.000000,1350,False
1128840,CAMS26SEP650CE,CAMS,24SEP2026,65000.000000,825,OPTSTK,BFO,5.000000,100000000,False
1103339,MANKIND26NOV2340PE,MANKIND,26NOV2026,234000.000000,250,OPTSTK,BFO,5.000000,100000000,False
1105019,VBL26NOV410PE,VBL,26NOV2026,41000.000000,1275,OPTSTK,BFO,5.000000,100000000,False
1105053,JINDALSTEL26NOV1040CE,JINDALSTEL,26NOV2026,104000.000000,625,OPTSTK,BFO,5.000000,37500,False
1105084,ICICIBANK26NOV1510PE,ICICIBANK,26NOV2026,151000.000000,700,OPTSTK,BFO,5.000000,28000,False
1105088,VMM26NOV125PE,VMM,26NOV2026,12500.000000,4850,OPTSTK,BFO,5.000000,100000000,False
1120295,BANKEX26NOV72200PE,BANKEX,26NOV2026,7220000.000000,30,OPTIDX,BFO,5.000000,900,False
1120345,ADANIENT26NOV2700CE,ADANIENT,26NOV2026,270000.000000,309,OPTSTK,BFO,5.000000,9000,False
1128848,TECHM26OCT1380CE,TECHM,29OCT2026,138000.000000,600,OPTSTK,BFO,5.000000,24000,False
1128859,HDFCLIFE26NOV485CE,HDFCLIFE,26NOV2026,48500.000000,1100,OPTSTK,BFO,5.000000,44000,False
1128863,SENSEX26O0868100PE,SENSEX,08OCT2026,6810000.000000,20,OPTIDX,BFO,5.000000,1000,False
1128868,OIL26OCT535CE,OIL,29OCT2026,53500.000000,1400,OPTSTK,BFO,5.000000,100000000,False
1103327,TCS26OCT2120PE,TCS,29OCT2026,212000.000000,225,OPTSTK,BFO,5.000000,7000,False
1103328,VMM26NOV117.5CE,VMM,26NOV2026,11750.000000,4850,OPTSTK,BFO,5.000000,100000000,False
1103332,NAM-INDIA26NOV1240CE,NAM-INDIA,26NOV2026,124000.000000,625,OPTSTK,BFO,5.000000,100000000,False
1120304,SAGILITY26OCT54CE,SAGILITY,29OCT2026,5400.000000,12000,OPTSTK,BFO,5.000000,100000000,False
1120341,GRASIM26NOV3440PE,GRASIM,26NOV2026,344000.000000,250,OPTSTK,BFO,5.000000,14250,False
1105098,OIL26NOV475CE,OIL,26NOV2026,47500.000000,1400,OPTSTK,BFO,5.000000,100000000,False
1105106,YESBANK26NOV24PE,YESBANK,26NOV2026,2400.000000,31100,OPTSTK,BFO,5.000000,100000000,False
1105132,HINDUNILVR26NOV2040PE,HINDUNILVR,26NOV2026,204000.000000,300,OPTSTK,BFO,5.000000,9000,False
1105135,ICICIBANK26NOV1500CE,ICICIBANK,26NOV2026,150000.000000,700,OPTSTK,BFO,5.000000,28000,False
1120393,ADANIENSOL26OCT1340CE,ADANIENSOL,29OCT2026,134000.000000,675,OPTSTK,BFO,5.000000,100000000,False
1120423,ADANIENT26NOV2750PE,ADANIENT,26NOV2026,275000.000000,309,OPTSTK,BFO,5.000000,9000,False
1120435,BLUESTARCO26OCT1320PE,BLUESTARCO,29OCT2026,132000.000000,325,OPTSTK,BFO,5.000000,100000000,False
1120450,MCX26OCT3750PE,MCX,29OCT2026,375000.000000,225,OPTSTK,BFO,5.000000,16000,False
1128895,SENSEX26O0167800CE,SENSEX,01OCT2026,6780000.000000,20,OPTIDX,BFO,5.000000,1000,False
1128898,FOCIT26NOV28900PE,FOCIT,26NOV2026,2890000.000000,45,OPTIDX,BFO,5.000000,1350,False
1128936,SENSEX26O0868000CE,SENSEX,08OCT2026,6800000.000000,20,OPTIDX,BFO,5.000000,1000,False
1128961,LODHA26NOV1040CE,LODHA,26NOV2026,104000.000000,625,OPTSTK,BFO,5.000000,100000000,False
1103349,DIVISLAB26OCT9800CE,DIVISLAB,29OCT2026,980000.000000,100,OPTSTK,BFO,5.000000,8000,False
1103350,MPHASIS26NOV2250CE,MPHASIS,26NOV2026,225000.000000,275,OPTSTK,BFO,5.000000,11000,False
1103364,ADANIENSOL26NOV1700CE,ADANIENSOL,26NOV2026,170000.000000,675,OPTSTK,BFO,5.000000,100000000,False
1103370,BAJFINANCE26NOV1070PE,BAJFINANCE,26NOV2026,107000.000000,750,OPTSTK,BFO,5.000000,3750,False
1120451,ADANIENSOL26OCT1360CE,ADANIENSOL,29OCT2026,136000.000000,675,OPTSTK,BFO,5.000000,100000000,False
1120455,MCX26NOV3750CE,MCX,26NOV2026,375000.000000,225,OPTSTK,BFO,5.000000,16000,False
1120474,GMRAIRPORT26SEP89CE,GMRAIRPORT,24SEP2026,8900.000000,6975,OPTSTK,BFO,5.000000,675000,False
1120495,WIPRO26NOV200CE,WIPRO,26NOV2026,20000.000000,3000,OPTSTK,BFO,5.000000,60000,False
1128963,DLF26NOV590PE,DLF,26NOV2026,59000.000000,950,OPTSTK,BFO,5.000000,49500,False
1128967,WIPRO26NOV150CE,WIPRO,26NOV2026,15000.000000,3000,OPTSTK,BFO,5.000000,60000,False
1128969,PAYTM26SEP1900PE,PAYTM,24SEP2026,190000.000000,725,OPTSTK,BFO,5.000000,100000000,False
1128981,BDL26OCT1080PE,BDL,29OCT2026,108000.000000,425,OPTSTK,BFO,5.000000,100000000,False
1103372,ULTRACEMCO26NOV11700PE,ULTRACEMCO,26NOV2026,1170000.000000,50,OPTSTK,BFO,5.000000,3000,False
1103415,NYKAA26NOV345PE,NYKAA,26NOV2026,34500.000000,3125,OPTSTK,BFO,5.000000,100000000,False
1103421,SENSEX26O1578200PE,SENSEX,15OCT2026,7820000.000000,20,OPTIDX,BFO,5.000000,1000,False
1103425,ABB26NOV7700PE,ABB,26NOV2026,770000.000000,125,OPTSTK,BFO,5.000000,7500,False
1105149,VOLTAS26NOV1360PE,VOLTAS,26NOV2026,136000.000000,375,OPTSTK,BFO,5.000000,30000,False
1105175,COALINDIA26NOV435CE,COALINDIA,26NOV2026,43500.000000,1350,OPTSTK,BFO,5.000000,126000,False
1105176,UNIONBANK26NOV167.5PE,UNIONBANK,26NOV2026,16750.000000,4425,OPTSTK,BFO,5.000000,100000000,False
1105189,TORNTPHARM26NOV4900CE,TORNTPHARM,26NOV2026,490000.000000,125,OPTSTK,BFO,5.000000,15000,False
1128989,SBILIFE26NOV1540CE,SBILIFE,26NOV2026,154000.000000,375,OPTSTK,BFO,5.000000,22500,False
1129001,HDFCBANK26SEP620PE,HDFCBANK,24SEP2026,62000.000000,650,OPTSTK,BFO,5.000000,16500,False
1129006,BANKEX26SEP56900PE,BANKEX,24SEP2026,5690000.000000,30,OPTIDX,BFO,5.000000,900,False
1129028,LODHA26OCT1040CE,LODHA,29OCT2026,104000.000000,625,OPTSTK,BFO,5.000000,100000000,False
1103433,TECHM26NOV1580CE,TECHM,26NOV2026,158000.000000,600,OPTSTK,BFO,5.000000,24000,False
1103434,SENSEX26NOV81200CE,SENSEX,26NOV2026,8120000.000000,20,OPTIDX,BFO,5.000000,1000,False
1103481,JUBLFOOD26NOV480PE,JUBLFOOD,26NOV2026,48000.000000,1250,OPTSTK,BFO,5.000000,50000,False
1103530,POWERINDIA26NOV30500CE,POWERINDIA,26NOV2026,3050000.000000,25,OPTSTK,BFO,5.000000,100000000,False
1120498,HYUNDAI26NOV2100PE,HYUNDAI,26NOV2026,210000.000000,275,OPTSTK,BFO,5.000000,100000000,False
1120526,ADANIGREEN26SEP1140PE,ADANIGREEN,24SEP2026,114000.000000,600,OPTSTK,BFO,5.000000,100000000,False
1120541,PFC26OCT310CE,PFC,29OCT2026,31000.000000,1300,OPTSTK,BFO,5.000000,124000,False
1120547,KAYNES26NOV3450CE,KAYNES,26NOV2026,345000.000000,150,OPTSTK,BFO,5.000000,100000000,False
1105208,HAVELLS26NOV1140CE,HAVELLS,26NOV2026,114000.000000,500,OPTSTK,BFO,5.000000,20000,False
1105213,LODHA26NOV1340PE,LODHA,26NOV2026,134000.000000,625,OPTSTK,BFO,5.000000,100000000,False
1105225,SENSEX26O1572300CE,SENSEX,15OCT2026,7230000.000000,20,OPTIDX,BFO,5.000000,1000,False
1105235,SENSEX26O1574600CE,SENSEX,15OCT2026,7460000.000000,20,OPTIDX,BFO,5.000000,1000,False
1129057,BANKEX26SEP56800CE,BANKEX,24SEP2026,5680000.000000,30,OPTIDX,BFO,5.000000,900,False
1129076,SHREECEM26NOV21250CE,SHREECEM,26NOV2026,2125000.000000,25,OPTSTK,BFO,5.000000,1000,False
1129109,SENSEX29JUN70000CE,SENSEX,28JUN2029,7000000.000000,20,OPTIDX,BFO,5.000000,1000,False
1129116,FOCIT26OCT29000PE,FOCIT,29OCT2026,2900000.000000,45,OPTIDX,BFO,5.000000,1350,False
1120568,AUROPHARMA26SEP1820PE,AUROPHARMA,24SEP2026,182000.000000,550,OPTSTK,BFO,5.000000,44000,False
1120606,NATIONALUM26NOV310CE,NATIONALUM,26NOV2026,31000.000000,1875,OPTSTK,BFO,5.000000,300000,False
1120640,ZYDUSLIFE26NOV1100PE,ZYDUSLIFE,26NOV2026,110000.000000,900,OPTSTK,BFO,5.000000,54000,False
1120653,JIOFIN26NOV257.5PE,JIOFIN,26NOV2026,25750.000000,2350,OPTSTK,BFO,5.000000,100000000,False
1129127,TCS26NOV2100CE,TCS,26NOV2026,210000.000000,225,OPTSTK,BFO,5.000000,7000,False
1129148,ULTRACEMCO26OCT10300CE,ULTRACEMCO,29OCT2026,1030000.000000,50,OPTSTK,BFO,5.000000,3000,False
1129157,FOCIT26NOV28600PE,FOCIT,26NOV2026,2860000.000000,45,OPTIDX,BFO,5.000000,1350,False
1129159,ICICIPRULI26SEP425CE,ICICIPRULI,24SEP2026,42500.000000,925,OPTSTK,BFO,5.000000,60000,False
1103566,INFY26NOV1200CE,INFY,26NOV2026,120000.000000,400,OPTSTK,BFO,5.000000,16000,False
1103593,FOCIT26NOV42600CE,FOCIT,26NOV2026,4260000.000000,45,OPTIDX,BFO,5.000000,1350,False
1103598,SENSEX26O1570800PE,SENSEX,15OCT2026,7080000.000000,20,OPTIDX,BFO,5.000000,1000,False
1103609,COCHINSHIP26NOV1540CE,COCHINSHIP,26NOV2026,154000.000000,400,OPTSTK,BFO,5.000000,100000000,False
1105236,CAMS26NOV740CE,CAMS,26NOV2026,74000.000000,825,OPTSTK,BFO,5.000000,100000000,False
1105239,LUPIN26NOV2120PE,LUPIN,26NOV2026,212000.000000,425,OPTSTK,BFO,5.000000,34000,False
1105251,TATAELXSI26NOV3800PE,TATAELXSI,26NOV2026,380000.000000,125,OPTSTK,BFO,5.000000,100000000,False
1105275,SENSEX26NOV79000CE,SENSEX,26NOV2026,7900000.000000,20,OPTIDX,BFO,5.000000,1000,False
1120711,BHARATFORG26NOV2200PE,BHARATFORG,26NOV2026,220000.000000,500,OPTSTK,BFO,5.000000,30000,False
1120717,POLYCAB26NOV9900CE,POLYCAB,26NOV2026,990000.000000,125,OPTSTK,BFO,5.000000,9000,False
1120749,IREDA26NOV97.5CE,IREDA,26NOV2026,9750.000000,4525,OPTSTK,BFO,5.000000,100000000,False
1120754,BAJFINANCE26NOV990PE,BAJFINANCE,26NOV2026,99000.000000,750,OPTSTK,BFO,5.000000,3750,False
1105302,DIVISLAB26NOV9600PE,DIVISLAB,26NOV2026,960000.000000,100,OPTSTK,BFO,5.000000,8000,False
1105303,ATHERENERG26SEP1540CE,ATHERENERG,24SEP2026,154000.000000,375,OPTSTK,BFO,5.000000,100000000,False
1105309,DELHIVERY26NOV445PE,DELHIVERY,26NOV2026,44500.000000,2075,OPTSTK,BFO,5.000000,100000000,False
1105324,HINDUNILVR26NOV2100CE,HINDUNILVR,26NOV2026,210000.000000,300,OPTSTK,BFO,5.000000,9000,False
1129193,ICICIPRULI26SEP425PE,ICICIPRULI,24SEP2026,42500.000000,925,OPTSTK,BFO,5.000000,60000,False
1129214,BANKEX26OCT57100PE,BANKEX,29OCT2026,5710000.000000,30,OPTIDX,BFO,5.000000,900,False
1129227,BAJFINANCE26NOV970CE,BAJFINANCE,26NOV2026,97000.000000,750,OPTSTK,BFO,5.000000,3750,False
1129236,FOCIT26OCT28500CE,FOCIT,29OCT2026,2850000.000000,45,OPTIDX,BFO,5.000000,1350,False
1103611,M&M26NOV3400PE,M&M,26NOV2026,340000.000000,200,OPTSTK,BFO,5.000000,21000,False
1103633,SAGILITY26NOV41PE,SAGILITY,26NOV2026,4100.000000,12000,OPTSTK,BFO,5.000000,100000000,False
1103656,PAGEIND26NOV34500CE,PAGEIND,26NOV2026,3450000.000000,20,OPTSTK,BFO,5.000000,600,False
1103682,SBICARD26NOV690CE,SBICARD,26NOV2026,69000.000000,800,OPTSTK,BFO,5.000000,32000,False
1120782,ADANIGREEN26OCT1140CE,ADANIGREEN,29OCT2026,114000.000000,600,OPTSTK,BFO,5.000000,100000000,False
1120785,AMBUJACEM26NOV375PE,AMBUJACEM,26NOV2026,37500.000000,1200,OPTSTK,BFO,5.000000,54000,False
1120815,LTF26NOV275CE,LTF,26NOV2026,27500.000000,2250,OPTSTK,BFO,5.000000,267720,False
1120827,NBCC26NOV67.5CE,NBCC,26NOV2026,6750.000000,6500,OPTSTK,BFO,5.000000,100000000,False
1129243,BANKEX26NOV56700PE,BANKEX,26NOV2026,5670000.000000,30,OPTIDX,BFO,5.000000,900,False
1129250,SENSEX31JUN70000PE,SENSEX,26JUN2031,7000000.000000,20,OPTIDX,BFO,5.000000,1000,False
1129267,MUTHOOTFIN26SEP2450PE,MUTHOOTFIN,24SEP2026,245000.000000,275,OPTSTK,BFO,5.000000,22000,False
1129284,COCHINSHIP26OCT1700PE,COCHINSHIP,29OCT2026,170000.000000,400,OPTSTK,BFO,5.000000,100000000,False
1105339,SHRIRAMFIN26NOV1160PE,SHRIRAMFIN,26NOV2026,116000.000000,825,OPTSTK,BFO,5.000000,18000,False
1105345,INDIANB26NOV850PE,INDIANB,26NOV2026,85000.000000,1000,OPTSTK,BFO,5.000000,100000000,False
1105362,TIINDIA26NOV3050CE,TIINDIA,26NOV2026,305000.000000,200,OPTSTK,BFO,5.000000,100000000,False
1105369,GVT&D26NOV4800PE,GVT&D,26NOV2026,480000.000000,125,OPTSTK,BFO,5.000000,100000000,False
1103701,ABB26NOV7600CE,ABB,26NOV2026,760000.000000,125,OPTSTK,BFO,5.000000,7500,False
1103740,TIINDIA26NOV3200PE,TIINDIA,26NOV2026,320000.000000,200,OPTSTK,BFO,5.000000,100000000,False
1103746,AMBER26NOV8400CE,AMBER,26NOV2026,840000.000000,100,OPTSTK,BFO,5.000000,100000000,False
1103832,SAGILITY26SEP37PE,SAGILITY,24SEP2026,3700.000000,12000,OPTSTK,BFO,5.000000,100000000,False
1120832,AUROPHARMA26OCT1820CE,AUROPHARMA,29OCT2026,182000.000000,550,OPTSTK,BFO,5.000000,44000,False
1120873,ADANIENT26NOV2550CE,ADANIENT,26NOV2026,255000.000000,309,OPTSTK,BFO,5.000000,9000,False
1120914,BHARTIARTL26OCT1720PE,BHARTIARTL,29OCT2026,172000.000000,475,OPTSTK,BFO,5.000000,28500,False
1120958,ADANIENSOL26OCT1340PE,ADANIENSOL,29OCT2026,134000.000000,675,OPTSTK,BFO,5.000000,100000000,False
1129299,MAXHEALTH26NOV1110CE,MAXHEALTH,26NOV2026,111000.000000,525,OPTSTK,BFO,5.000000,100000000,False
1129314,BANKEX26NOV56900PE,BANKEX,26NOV2026,5690000.000000,30,OPTIDX,BFO,5.000000,900,False
1129330,JIOFIN26OCT212.5PE,JIOFIN,29OCT2026,21250.000000,2350,OPTSTK,BFO,5.000000,100000000,False
1129333,HEROMOTOCO26NOV4500PE,HEROMOTOCO,26NOV2026,450000.000000,150,OPTSTK,BFO,5.000000,9000,False
1105384,UPL26NOV540PE,UPL,26NOV2026,54000.000000,1355,OPTSTK,BFO,5.000000,39000,False
1105387,BANKINDIA26NOV140CE,BANKINDIA,26NOV2026,14000.000000,5200,OPTSTK,BFO,5.000000,100000000,False
1105389,MAHABANK26OCT81PE,MAHABANK,29OCT2026,8100.000000,6500,OPTSTK,BFO,5.000000,100000000,False
1105458,SENSEX26NOV83000CE,SENSEX,26NOV2026,8300000.000000,20,OPTIDX,BFO,5.000000,1000,False
1120978,PHOENIXLTD26NOV1740CE,PHOENIXLTD,26NOV2026,174000.000000,350,OPTSTK,BFO,5.000000,100000000,False
1120981,BAJAJ-AUTO26SEP12800PE,BAJAJ-AUTO,24SEP2026,1280000.000000,75,OPTSTK,BFO,5.000000,5000,False
1120997,IEX26NOV102.5PE,IEX,26NOV2026,10250.000000,4350,OPTSTK,BFO,5.000000,150000,False
1121013,SBICARD26NOV720PE,SBICARD,26NOV2026,72000.000000,800,OPTSTK,BFO,5.000000,32000,False
1129343,SENSEX26DEC70000PE,SENSEX,31DEC2026,7000000.000000,20,OPTIDX,BFO,5.000000,1000,False
1129358,ADANIPORTS26NOV1900PE,ADANIPORTS,26NOV2026,190000.000000,475,OPTSTK,BFO,5.000000,32000,False
1129359,SENSEX26O1567900PE,SENSEX,15OCT2026,6790000.000000,20,OPTIDX,BFO,5.000000,1000,False
1129366,SENSEX2691768100CE,SENSEX,17SEP2026,6810000.000000,20,OPTIDX,BFO,5.000000,1000,False
1103839,PIDILITIND26NOV1600CE,PIDILITIND,26NOV2026,160000.000000,500,OPTSTK,BFO,5.000000,10000,False
1103861,INDUSINDBK26NOV1010CE,INDUSINDBK,26NOV2026,101000.000000,700,OPTSTK,BFO,5.000000,20000,False
1103873,NBCC26NOV95CE,NBCC,26NOV2026,9500.000000,6500,OPTSTK,BFO,5.000000,100000000,False
1104193,TRENT26NOV3150PE,TRENT,26NOV2026,315000.000000,225,OPTSTK,BFO,5.000000,16000,False
1129394,SENSEX26O2268100PE,SENSEX,22OCT2026,6810000.000000,20,OPTIDX,BFO,5.000000,1000,False
1129395,OIL26NOV535PE,OIL,26NOV2026,53500.000000,1400,OPTSTK,BFO,5.000000,100000000,False
1129401,NBCC26OCT65PE,NBCC,29OCT2026,6500.000000,6500,OPTSTK,BFO,5.000000,100000000,False
1129414,OFSS26NOV10900CE,OFSS,26NOV2026,1090000.000000,100,OPTSTK,BFO,5.000000,8000,False
1105475,FOCIT26NOV32100CE,FOCIT,26NOV2026,3210000.000000,45,OPTIDX,BFO,5.000000,1350,False
1105476,POLICYBZR26NOV1700CE,POLICYBZR,26NOV2026,170000.000000,350,OPTSTK,BFO,5.000000,100000000,False
1105479,NMDC26NOV86CE,NMDC,26NOV2026,8600.000000,6750,OPTSTK,BFO,5.000000,225000,False
1105480,INDIANB26NOV920PE,INDIANB,26NOV2026,92000.000000,1000,OPTSTK,BFO,5.000000,100000000,False
1121026,BPCL26NOV280CE,BPCL,26NOV2026,28000.000000,1975,OPTSTK,BFO,5.000000,72000,False
1121065,AMBUJACEM26NOV375CE,AMBUJACEM,26NOV2026,37500.000000,1200,OPTSTK,BFO,5.000000,54000,False
1121142,ADANIENT26NOV2750CE,ADANIENT,26NOV2026,275000.000000,309,OPTSTK,BFO,5.000000,9000,False
1121146,MAHABANK26SEP75PE,MAHABANK,24SEP2026,7500.000000,6500,OPTSTK,BFO,5.000000,100000000,False
1104229,SENSEX5026NOV25750CE,SENSEX50,26NOV2026,2575000.000000,75,OPTIDX,BFO,5.000000,1800,False
1104273,SENSEX26O1574400CE,SENSEX,15OCT2026,7440000.000000,20,OPTIDX,BFO,5.000000,1000,False
1104298,TATAELXSI26NOV3600PE,TATAELXSI,26NOV2026,360000.000000,125,OPTSTK,BFO,5.000000,100000000,False
1104317,GODFRYPHLP26NOV2450CE,GODFRYPHLP,26NOV2026,245000.000000,275,OPTSTK,BFO,5.000000,100000000,False
1129443,FOCIT26SEP28300CE,FOCIT,24SEP2026,2830000.000000,45,OPTIDX,BFO,5.000000,1350,False
1129453,ALKEM26SEP4800PE,ALKEM,24SEP2026,480000.000000,125,OPTSTK,BFO,5.000000,8000,False
1129503,NBCC26SEP65PE,NBCC,24SEP2026,6500.000000,6500,OPTSTK,BFO,5.000000,100000000,False
1129509,SENSEX5026SEP23700PE,SENSEX50,24SEP2026,2370000.000000,75,OPTIDX,BFO,5.000000,1800,False
1121183,SHREECEM26NOV22000PE,SHREECEM,26NOV2026,2200000.000000,25,OPTSTK,BFO,5.000000,1000,False
1121332,ADANIENSOL26SEP1300PE,ADANIENSOL,24SEP2026,130000.000000,675,OPTSTK,BFO,5.000000,100000000,False
1121378,GODREJPROP26OCT1840PE,GODREJPROP,29OCT2026,184000.000000,325,OPTSTK,BFO,5.000000,19000,False
1121387,HCLTECH26NOV1410CE,HCLTECH,26NOV2026,141000.000000,400,OPTSTK,BFO,5.000000,21000,False
1105488,COALINDIA26NOV435PE,COALINDIA,26NOV2026,43500.000000,1350,OPTSTK,BFO,5.000000,126000,False
1105510,MAHABANK26NOV79PE,MAHABANK,26NOV2026,7900.000000,6500,OPTSTK,BFO,5.000000,100000000,False
1105513,INOXWIND26NOV70CE,INOXWIND,26NOV2026,7000.000000,6400,OPTSTK,BFO,5.000000,100000000,False
1105526,INDHOTEL26NOV660CE,INDHOTEL,26NOV2026,66000.000000,1000,OPTSTK,BFO,5.000000,60000,False
1129530,BANKEX26SEP57000CE,BANKEX,24SEP2026,5700000.000000,30,OPTIDX,BFO,5.000000,900,False
1129539,SENSEX2691768500CE,SENSEX,17SEP2026,6850000.000000,20,OPTIDX,BFO,5.000000,1000,False
1129581,WIPRO26SEP150PE,WIPRO,24SEP2026,15000.000000,3000,OPTSTK,BFO,5.000000,60000,False
1129607,SENSEX26NOV68300PE,SENSEX,26NOV2026,6830000.000000,20,OPTIDX,BFO,5.000000,1000,False
1104325,HDFCBANK26SEP640CE,HDFCBANK,24SEP2026,64000.000000,650,OPTSTK,BFO,5.000000,16500,False
1104377,FEDERALBNK26NOV345PE,FEDERALBNK,26NOV2026,34500.000000,2500,OPTSTK,BFO,5.000000,200000,False
1104401,INDIANB26NOV810PE,INDIANB,26NOV2026,81000.000000,1000,OPTSTK,BFO,5.000000,100000000,False
1104424,LTF26NOV320CE,LTF,26NOV2026,32000.000000,2250,OPTSTK,BFO,5.000000,267720,False
1129650,BANKEX26NOV56800PE,BANKEX,26NOV2026,5680000.000000,30,OPTIDX,BFO,5.000000,900,False
1129665,HDFCLIFE26NOV485PE,HDFCLIFE,26NOV2026,48500.000000,1100,OPTSTK,BFO,5.000000,44000,False
1129666,OFSS26NOV10900PE,OFSS,26NOV2026,1090000.000000,100,OPTSTK,BFO,5.000000,8000,False
1129675,SENSEX5026OCT23700CE,SENSEX50,29OCT2026,2370000.000000,75,OPTIDX,BFO,5.000000,1800,False
1121395,JIOFIN26NOV217.5CE,JIOFIN,26NOV2026,21750.000000,2350,OPTSTK,BFO,5.000000,100000000,False
1121397,MARUTI26SEP12200CE,MARUTI,24SEP2026,1220000.000000,50,OPTSTK,BFO,5.000000,3000,False
1121438,ANGELONE26OCT245PE,ANGELONE,29OCT2026,24500.000000,2500,OPTSTK,BFO,5.000000,100000000,False
1121439,MARUTI26SEP12500PE,MARUTI,24SEP2026,1250000.000000,50,OPTSTK,BFO,5.000000,3000,False
1104446,WAAREEENER26NOV2850CE,WAAREEENER,26NOV2026,285000.000000,175,OPTSTK,BFO,5.000000,100000000,False
1104448,UNIONBANK26NOV187.5CE,UNIONBANK,26NOV2026,18750.000000,4425,OPTSTK,BFO,5.000000,100000000,False
1104463,SAIL26NOV185PE,SAIL,26NOV2026,18500.000000,4700,OPTSTK,BFO,5.000000,320000,False
1104482,AUBANK26NOV1180PE,AUBANK,26NOV2026,118000.000000,1000,OPTSTK,BFO,5.000000,30000,False
1105543,BRITANNIA26NOV5400PE,BRITANNIA,26NOV2026,540000.000000,125,OPTSTK,BFO,5.000000,6000,False
1105555,NAUKRI26NOV1400CE,NAUKRI,26NOV2026,140000.000000,550,OPTSTK,BFO,5.000000,6000,False
1105569,ANGELONE26NOV325PE,ANGELONE,26NOV2026,32500.000000,2500,OPTSTK,BFO,5.000000,100000000,False
1105575,JSWSTEEL26NOV1280CE,JSWSTEEL,26NOV2026,128000.000000,675,OPTSTK,BFO,5.000000,40500,False
1129683,SENSEX26NOV68500PE,SENSEX,26NOV2026,6850000.000000,20,OPTIDX,BFO,5.000000,1000,False
1129747,WIPRO26NOV150PE,WIPRO,26NOV2026,15000.000000,3000,OPTSTK,BFO,5.000000,60000,False
1121443,MARUTI26OCT12500CE,MARUTI,29OCT2026,1250000.000000,50,OPTSTK,BFO,5.000000,3000,False
1121447,MUTHOOTFIN26NOV2550CE,MUTHOOTFIN,26NOV2026,255000.000000,275,OPTSTK,BFO,5.000000,22000,False
1121452,SWIGGY26NOV240CE,SWIGGY,26NOV2026,24000.000000,1825,OPTSTK,BFO,5.000000,100000000,False
1121490,TRENT26OCT2500CE,TRENT,29OCT2026,250000.000000,225,OPTSTK,BFO,5.000000,16000,False
1129692,INFY26OCT900CE,INFY,29OCT2026,90000.000000,400,OPTSTK,BFO,5.000000,16000,False
1129697,HDFCLIFE26SEP490CE,HDFCLIFE,24SEP2026,49000.000000,1100,OPTSTK,BFO,5.000000,44000,False
1105599,PRESTIGE26NOVFUT,PRESTIGE,26NOV2026,0.000000,450,FUTSTK,BFO,5.000000,100000000,False
1105610,OBEROIRLTY26NOV1920PE,OBEROIRLTY,26NOV2026,192000.000000,350,OPTSTK,BFO,5.000000,28000,False
1105616,ICICIPRULI26NOV505PE,ICICIPRULI,26NOV2026,50500.000000,925,OPTSTK,BFO,5.000000,60000,False
1105627,ASHOKLEY26NOVFUT,ASHOKLEY,26NOV2026,0.000000,5000,FUTSTK,BFO,5.000000,150000,False
1129808,SUNPHARMA26NOV1720CE,SUNPHARMA,26NOV2026,172000.000000,350,OPTSTK,BFO,5.000000,28000,False
1129815,MANAPPURAM26NOV285PE,MANAPPURAM,26NOV2026,28500.000000,3000,OPTSTK,BFO,5.000000,180000,False
1129828,NESTLEIND26NOV1320PE,NESTLEIND,26NOV2026,132000.000000,500,OPTSTK,BFO,5.000000,1200,False
1129841,ADANIPORTS26OCT1920CE,ADANIPORTS,29OCT2026,192000.000000,475,OPTSTK,BFO,5.000000,32000,False
1104485,PREMIERENE26NOV960CE,PREMIERENE,26NOV2026,96000.000000,650,OPTSTK,BFO,5.000000,100000000,False
1104514,BANKEX26NOV63700PE,BANKEX,26NOV2026,6370000.000000,30,OPTIDX,BFO,5.000000,900,False
1104519,DLF26NOV750PE,DLF,26NOV2026,75000.000000,950,OPTSTK,BFO,5.000000,49500,False
1104522,DMART26NOV3700PE,DMART,26NOV2026,370000.000000,150,OPTSTK,BFO,5.000000,100000000,False
1121501,JSWENERGY26NOV450PE,JSWENERGY,26NOV2026,45000.000000,1075,OPTSTK,BFO,5.000000,100000000,False
1121511,LICI26NOV375PE,LICI,26NOV2026,37500.000000,1400,OPTSTK,BFO,5.000000,100000000,False
1121526,HDFCLIFE26NOV505CE,HDFCLIFE,26NOV2026,50500.000000,1100,OPTSTK,BFO,5.000000,44000,False
1121557,KALYANKJIL26NOV550CE,KALYANKJIL,26NOV2026,55000.000000,1350,OPTSTK,BFO,5.000000,100000000,False
1105630,PNBHOUSING26NOV1200CE,PNBHOUSING,26NOV2026,120000.000000,650,OPTSTK,BFO,5.000000,100000000,False
1105635,SBIN26NOV1050PE,SBIN,26NOV2026,105000.000000,750,OPTSTK,BFO,5.000000,45000,False
1105642,BHARTIARTL26NOV1920PE,BHARTIARTL,26NOV2026,192000.000000,475,OPTSTK,BFO,5.000000,28500,False
1105660,MOTILALOFS26NOV1160PE,MOTILALOFS,26NOV2026,116000.000000,775,OPTSTK,BFO,5.000000,100000000,False
1129876,SENSEX26O1568000CE,SENSEX,15OCT2026,6800000.000000,20,OPTIDX,BFO,5.000000,1000,False
1129908,TATACONSUM26OCT930PE,TATACONSUM,29OCT2026,93000.000000,550,OPTSTK,BFO,5.000000,36000,False
1129919,SENSEX26O0167900CE,SENSEX,01OCT2026,6790000.000000,20,OPTIDX,BFO,5.000000,1000,False
1129920,MAXHEALTH26NOV1100PE,MAXHEALTH,26NOV2026,110000.000000,525,OPTSTK,BFO,5.000000,100000000,False
1104541,LICI26NOV445CE,LICI,26NOV2026,44500.000000,1400,OPTSTK,BFO,5.000000,100000000,False
1104544,GRASIM26NOV3240PE,GRASIM,26NOV2026,324000.000000,250,OPTSTK,BFO,5.000000,14250,False
1104553,LICHSGFIN26NOV590CE,LICHSGFIN,26NOV2026,59000.000000,1000,OPTSTK,BFO,5.000000,60000,False
1104560,INDUSTOWER26NOV345CE,INDUSTOWER,26NOV2026,34500.000000,1700,OPTSTK,BFO,5.000000,170000,False
1105662,INDHOTEL26NOV730CE,INDHOTEL,26NOV2026,73000.000000,1000,OPTSTK,BFO,5.000000,60000,False
1105678,PETRONET26NOV280CE,PETRONET,26NOV2026,28000.000000,1900,OPTSTK,BFO,5.000000,120000,False
1105693,VBL26NOV380PE,VBL,26NOV2026,38000.000000,1275,OPTSTK,BFO,5.000000,100000000,False
1105702,TECHM26NOV1720PE,TECHM,26NOV2026,172000.000000,600,OPTSTK,BFO,5.000000,24000,False
1121561,ASTRAL26NOV1360CE,ASTRAL,26NOV2026,136000.000000,425,OPTSTK,BFO,5.000000,14680,False
1121596,NESTLEIND26NOV1370PE,NESTLEIND,26NOV2026,137000.000000,500,OPTSTK,BFO,5.000000,1200,False
1121610,ONGC26NOV255PE,ONGC,26NOV2026,25500.000000,2250,OPTSTK,BFO,5.000000,154000,False
1121621,KALYANKJIL26NOV555CE,KALYANKJIL,26NOV2026,55500.000000,1350,OPTSTK,BFO,5.000000,100000000,False
1129930,BANKEX26SEP57100CE,BANKEX,24SEP2026,5710000.000000,30,OPTIDX,BFO,5.000000,900,False
1129944,PGEL26OCT470CE,PGEL,29OCT2026,47000.000000,950,OPTSTK,BFO,5.000000,100000000,False
1129945,COFORGE26NOV1740PE,COFORGE,26NOV2026,174000.000000,475,OPTSTK,BFO,5.000000,6000,False
1129946,NBCC26OCT65CE,NBCC,29OCT2026,6500.000000,6500,OPTSTK,BFO,5.000000,100000000,False
1121633,TATACONSUM26OCT960CE,TATACONSUM,29OCT2026,96000.000000,550,OPTSTK,BFO,5.000000,36000,False
1121638,MARUTI26SEP12300CE,MARUTI,24SEP2026,1230000.000000,50,OPTSTK,BFO,5.000000,3000,False
1121647,NTPC26OCT290CE,NTPC,29OCT2026,29000.000000,1500,OPTSTK,BFO,5.000000,150000,False
1121723,BAJAJ-AUTO26NOV13100PE,BAJAJ-AUTO,26NOV2026,1310000.000000,75,OPTSTK,BFO,5.000000,5000,False
1129958,HCLTECH26NOV1160PE,HCLTECH,26NOV2026,116000.000000,400,OPTSTK,BFO,5.000000,21000,False
1129959,GODREJPROP26OCT1740PE,GODREJPROP,29OCT2026,174000.000000,325,OPTSTK,BFO,5.000000,19000,False
1130004,FOCIT26NOV28200CE,FOCIT,26NOV2026,2820000.000000,45,OPTIDX,BFO,5.000000,1350,False
1130024,TVSMOTOR26NOV3750CE,TVSMOTOR,26NOV2026,375000.000000,175,OPTSTK,BFO,5.000000,21000,False
1104607,ABCAPITAL26NOV405CE,ABCAPITAL,26NOV2026,40500.000000,3100,OPTSTK,BFO,5.000000,162000,False
1104647,PFC26NOV350CE,PFC,26NOV2026,35000.000000,1300,OPTSTK,BFO,5.000000,124000,False
1104730,ITC26NOV260PE,ITC,26NOV2026,26000.000000,1725,OPTSTK,BFO,5.000000,64000,False
1104731,CROMPTON26NOV235CE,CROMPTON,26NOV2026,23500.000000,2150,OPTSTK,BFO,5.000000,90000,False
1105741,BRITANNIA26NOV5150PE,BRITANNIA,26NOV2026,515000.000000,125,OPTSTK,BFO,5.000000,6000,False
1105781,MAHABANK26OCT82CE,MAHABANK,29OCT2026,8200.000000,6500,OPTSTK,BFO,5.000000,100000000,False
1105789,PAYTM26NOV1600CE,PAYTM,26NOV2026,160000.000000,725,OPTSTK,BFO,5.000000,100000000,False
1105792,PERSISTENT26NOV6000PE,PERSISTENT,26NOV2026,600000.000000,125,OPTSTK,BFO,5.000000,5250,False
1104737,NESTLEIND26NOV1380CE,NESTLEIND,26NOV2026,138000.000000,500,OPTSTK,BFO,5.000000,1200,False
1104738,GMRAIRPORT26NOV104PE,GMRAIRPORT,26NOV2026,10400.000000,6975,OPTSTK,BFO,5.000000,675000,False
1104743,FOCIT26NOV32800CE,FOCIT,26NOV2026,3280000.000000,45,OPTIDX,BFO,5.000000,1350,False
1104749,VMM26NOV125CE,VMM,26NOV2026,12500.000000,4850,OPTSTK,BFO,5.000000,100000000,False
1121749,SUZLON26OCT39CE,SUZLON,29OCT2026,3900.000000,12700,OPTSTK,BFO,5.000000,100000000,False
1121761,KAYNES26NOV3300CE,KAYNES,26NOV2026,330000.000000,150,OPTSTK,BFO,5.000000,100000000,False
1121776,HCLTECH26NOV1400CE,HCLTECH,26NOV2026,140000.000000,400,OPTSTK,BFO,5.000000,21000,False
1121782,ADANIENSOL26OCT1280CE,ADANIENSOL,29OCT2026,128000.000000,675,OPTSTK,BFO,5.000000,100000000,False
1130027,DMART26NOV3300PE,DMART,26NOV2026,330000.000000,150,OPTSTK,BFO,5.000000,100000000,False
1130032,ALKEM26OCT4750CE,ALKEM,29OCT2026,475000.000000,125,OPTSTK,BFO,5.000000,8000,False
1130038,GODFRYPHLP26SEP1600CE,GODFRYPHLP,24SEP2026,160000.000000,275,OPTSTK,BFO,5.000000,100000000,False
1130042,WIPRO26NOV147.5CE,WIPRO,26NOV2026,14750.000000,3000,OPTSTK,BFO,5.000000,60000,False
1105836,HINDZINC26NOV600CE,HINDZINC,26NOV2026,60000.000000,1225,OPTSTK,BFO,5.000000,100000000,False
1105838,SUZLON26NOV45PE,SUZLON,26NOV2026,4500.000000,12700,OPTSTK,BFO,5.000000,100000000,False
1105839,SIEMENS26NOV3900PE,SIEMENS,26NOV2026,390000.000000,175,OPTSTK,BFO,5.000000,8250,False
1105883,SENSEX26NOV83300PE,SENSEX,26NOV2026,8330000.000000,20,OPTIDX,BFO,5.000000,1000,False
1121819,BOSCHLTD26NOV44500PE,BOSCHLTD,26NOV2026,4450000.000000,25,OPTSTK,BFO,5.000000,1500,False
1121823,MARUTI26OCT12200CE,MARUTI,29OCT2026,1220000.000000,50,OPTSTK,BFO,5.000000,3000,False
1121839,ATHERENERG26OCT1840CE,ATHERENERG,29OCT2026,184000.000000,375,OPTSTK,BFO,5.000000,100000000,False
1121869,MARUTI26OCT12500PE,MARUTI,29OCT2026,1250000.000000,50,OPTSTK,BFO,5.000000,3000,False
1130051,HCLTECH26NOV1140CE,HCLTECH,26NOV2026,114000.000000,400,OPTSTK,BFO,5.000000,21000,False
1130093,GODFRYPHLP26SEP1600PE,GODFRYPHLP,24SEP2026,160000.000000,275,OPTSTK,BFO,5.000000,100000000,False
1130109,HCLTECH26NOV1140PE,HCLTECH,26NOV2026,114000.000000,400,OPTSTK,BFO,5.000000,21000,False
1130120,BRITANNIA26SEP4650PE,BRITANNIA,24SEP2026,465000.000000,125,OPTSTK,BFO,5.000000,6000,False
1104764,ITC26NOV265CE,ITC,26NOV2026,26500.000000,1725,OPTSTK,BFO,5.000000,64000,False
1104790,CUMMINSIND26NOV5900CE,CUMMINSIND,26NOV2026,590000.000000,200,OPTSTK,BFO,5.000000,18000,False
1104804,CHOLAFIN26NOV1920CE,CHOLAFIN,26NOV2026,192000.000000,625,OPTSTK,BFO,5.000000,25000,False
1104823,SBIN26NOV1010PE,SBIN,26NOV2026,101000.000000,750,OPTSTK,BFO,5.000000,45000,False
1105906,SUPREMEIND26NOV3850PE,SUPREMEIND,26NOV2026,385000.000000,175,OPTSTK,BFO,5.000000,100000000,False
1105920,FOCIT26NOV34700PE,FOCIT,26NOV2026,3470000.000000,45,OPTIDX,BFO,5.000000,1350,False
1105936,ONGC26NOV220CE,ONGC,26NOV2026,22000.000000,2250,OPTSTK,BFO,5.000000,154000,False
1105950,YESBANK26NOVFUT,YESBANK,26NOV2026,0.000000,31100,FUTSTK,BFO,5.000000,100000000,False
1130134,ALKEM26NOV4750CE,ALKEM,26NOV2026,475000.000000,125,OPTSTK,BFO,5.000000,8000,False
1130139,LUPIN26SEP1940CE,LUPIN,24SEP2026,194000.000000,425,OPTSTK,BFO,5.000000,34000,False
1130140,COALINDIA26OCT470PE,COALINDIA,29OCT2026,47000.000000,1350,OPTSTK,BFO,5.000000,126000,False
1130159,SUZLON26NOV37CE,SUZLON,26NOV2026,3700.000000,12700,OPTSTK,BFO,5.000000,100000000,False
1104852,OFSS26NOV12100PE,OFSS,26NOV2026,1210000.000000,100,OPTSTK,BFO,5.000000,8000,False
1104854,MOTILALOFS26NOV1120PE,MOTILALOFS,26NOV2026,112000.000000,775,OPTSTK,BFO,5.000000,100000000,False
1104871,BAJAJ-AUTO26NOV12300PE,BAJAJ-AUTO,26NOV2026,1230000.000000,75,OPTSTK,BFO,5.000000,5000,False
1104880,NATIONALUM26NOV430CE,NATIONALUM,26NOV2026,43000.000000,1875,OPTSTK,BFO,5.000000,300000,False
1121878,JSWENERGY26SEP450CE,JSWENERGY,24SEP2026,45000.000000,1075,OPTSTK,BFO,5.000000,100000000,False
1121984,MANKIND26NOV2220PE,MANKIND,26NOV2026,222000.000000,250,OPTSTK,BFO,5.000000,100000000,False
1121995,TMPV26OCT275PE,TMPV,29OCT2026,27500.000000,1600,OPTSTK,BFO,5.000000,42750,False
1121996,MARUTI26NOV12600PE,MARUTI,26NOV2026,1260000.000000,50,OPTSTK,BFO,5.000000,3000,False
1105951,TIINDIA26NOV2650CE,TIINDIA,26NOV2026,265000.000000,200,OPTSTK,BFO,5.000000,100000000,False
1105954,SAGILITY26SEP41PE,SAGILITY,24SEP2026,4100.000000,12000,OPTSTK,BFO,5.000000,100000000,False
1105962,SENSEX26NOV81900PE,SENSEX,26NOV2026,8190000.000000,20,OPTIDX,BFO,5.000000,1000,False
1105967,TRENT26NOV2850CE,TRENT,26NOV2026,285000.000000,225,OPTSTK,BFO,5.000000,16000,False
1130166,SHREECEM26NOV21000PE,SHREECEM,26NOV2026,2100000.000000,25,OPTSTK,BFO,5.000000,1000,False
1130189,BDL26SEP1060CE,BDL,24SEP2026,106000.000000,425,OPTSTK,BFO,5.000000,100000000,False
1130191,CAMS26OCT640CE,CAMS,29OCT2026,64000.000000,825,OPTSTK,BFO,5.000000,100000000,False
1130202,PIIND26SEP2000PE,PIIND,24SEP2026,200000.000000,175,OPTSTK,BFO,5.000000,7500,False
1104886,LTF26NOV320PE,LTF,26NOV2026,32000.000000,2250,OPTSTK,BFO,5.000000,267720,False
1104919,LICI26NOV420PE,LICI,26NOV2026,42000.000000,1400,OPTSTK,BFO,5.000000,100000000,False
1104960,SENSEX26NOV77700PE,SENSEX,26NOV2026,7770000.000000,20,OPTIDX,BFO,5.000000,1000,False
1104984,FORTIS26NOV970PE,FORTIS,26NOV2026,97000.000000,775,OPTSTK,BFO,5.000000,100000000,False
1121999,TATACONSUM26NOV960PE,TATACONSUM,26NOV2026,96000.000000,550,OPTSTK,BFO,5.000000,36000,False
1122003,SHREECEM26NOV21750PE,SHREECEM,26NOV2026,2175000.000000,25,OPTSTK,BFO,5.000000,1000,False
1122025,LODHA26NOV1060PE,LODHA,26NOV2026,106000.000000,625,OPTSTK,BFO,5.000000,100000000,False
1122095,SHREECEM26SEP21750PE,SHREECEM,24SEP2026,2175000.000000,25,OPTSTK,BFO,5.000000,1000,False
1130247,DMART26NOV3300CE,DMART,26NOV2026,330000.000000,150,OPTSTK,BFO,5.000000,100000000,False
1130258,LTM26NOV4000PE,LTM,26NOV2026,400000.000000,150,OPTSTK,BFO,5.000000,4500,False
1130293,M&M26NOV2750CE,M&M,26NOV2026,275000.000000,200,OPTSTK,BFO,5.000000,21000,False
1130295,PIIND26SEP1950PE,PIIND,24SEP2026,195000.000000,175,OPTSTK,BFO,5.000000,7500,False
1105968,KOTAKBANK26NOV415PE,KOTAKBANK,26NOV2026,41500.000000,2000,OPTSTK,BFO,5.000000,12000,False
1105973,LICI26NOV395PE,LICI,26NOV2026,39500.000000,1400,OPTSTK,BFO,5.000000,100000000,False
1105975,ANGELONE26NOV295CE,ANGELONE,26NOV2026,29500.000000,2500,OPTSTK,BFO,5.000000,100000000,False
1105983,TECHM26NOV1460CE,TECHM,26NOV2026,146000.000000,600,OPTSTK,BFO,5.000000,24000,False
1105000,MCX26NOV2900PE,MCX,26NOV2026,290000.000000,225,OPTSTK,BFO,5.000000,16000,False
1105003,ADANIPOWER26NOV235CE,ADANIPOWER,26NOV2026,23500.000000,3550,OPTSTK,BFO,5.000000,100000000,False
1105011,ASIANPAINT26NOV2600CE,ASIANPAINT,26NOV2026,260000.000000,250,OPTSTK,BFO,5.000000,8000,False
1105031,GODREJCP26NOV880PE,GODREJCP,26NOV2026,88000.000000,500,OPTSTK,BFO,5.000000,30000,False
1130302,NMDC26SEP75CE,NMDC,24SEP2026,7500.000000,6750,OPTSTK,BFO,5.000000,225000,False
1130314,PRESTIGE26NOV1360CE,PRESTIGE,26NOV2026,136000.000000,450,OPTSTK,BFO,5.000000,100000000,False
1130335,NESTLEIND26NOV1310PE,NESTLEIND,26NOV2026,131000.000000,500,OPTSTK,BFO,5.000000,1200,False
1130358,GODREJPROP26NOV1660PE,GODREJPROP,26NOV2026,166000.000000,325,OPTSTK,BFO,5.000000,19000,False
1105988,PREMIERENE26NOV1000CE,PREMIERENE,26NOV2026,100000.000000,650,OPTSTK,BFO,5.000000,100000000,False
1105999,ADANIPOWER26NOV180PE,ADANIPOWER,26NOV2026,18000.000000,3550,OPTSTK,BFO,5.000000,100000000,False
1106012,LUPIN26NOV2240CE,LUPIN,26NOV2026,224000.000000,425,OPTSTK,BFO,5.000000,34000,False
1106045,TITAN26NOV5450CE,TITAN,26NOV2026,545000.000000,175,OPTSTK,BFO,5.000000,11250,False
1122101,ABCAPITAL26NOV365PE,ABCAPITAL,26NOV2026,36500.000000,3100,OPTSTK,BFO,5.000000,162000,False
1122103,SBICARD26NOV560CE,SBICARD,26NOV2026,56000.000000,800,OPTSTK,BFO,5.000000,32000,False
1122146,KAYNES26NOV3300PE,KAYNES,26NOV2026,330000.000000,150,OPTSTK,BFO,5.000000,100000000,False
1122197,CDSL26NOV880CE,CDSL,23NOV2026,88000.000000,475,OPTSTK,BFO,5.000000,14001,False
1130366,BRITANNIA26OCT4600CE,BRITANNIA,29OCT2026,460000.000000,125,OPTSTK,BFO,5.000000,6000,False
1130369,NESTLEIND26OCT1310PE,NESTLEIND,29OCT2026,131000.000000,500,OPTSTK,BFO,5.000000,1200,False
1130375,LAURUSLABS26OCT2100PE,LAURUSLABS,29OCT2026,210000.000000,850,OPTSTK,BFO,5.000000,68000,False
1130395,TATACONSUM26SEP920CE,TATACONSUM,24SEP2026,92000.000000,550,OPTSTK,BFO,5.000000,36000,False
1105054,PFC26NOV355CE,PFC,26NOV2026,35500.000000,1300,OPTSTK,BFO,5.000000,124000,False
1105075,GMRAIRPORT26NOV105CE,GMRAIRPORT,26NOV2026,10500.000000,6975,OPTSTK,BFO,5.000000,675000,False
1105077,SAGILITY26NOV39PE,SAGILITY,26NOV2026,3900.000000,12000,OPTSTK,BFO,5.000000,100000000,False
1105083,OIL26NOV470PE,OIL,26NOV2026,47000.000000,1400,OPTSTK,BFO,5.000000,100000000,False
1122198,CDSL26NOV880PE,CDSL,23NOV2026,88000.000000,475,OPTSTK,BFO,5.000000,14001,False
1122225,SENSEX5026OCT24200CE,SENSEX50,29OCT2026,2420000.000000,75,OPTIDX,BFO,5.000000,1800,False
1122282,ALKEM26NOV4850PE,ALKEM,26NOV2026,485000.000000,125,OPTSTK,BFO,5.000000,8000,False
1122348,POLYCAB26OCT8100CE,POLYCAB,29OCT2026,810000.000000,125,OPTSTK,BFO,5.000000,9000,False
1130443,RELIANCE26NOV1190CE,RELIANCE,26NOV2026,119000.000000,500,OPTSTK,BFO,5.000000,10000,False
1130461,PRESTIGE26OCT1360PE,PRESTIGE,29OCT2026,136000.000000,450,OPTSTK,BFO,5.000000,100000000,False
1130541,DELHIVERY26SEP405CE,DELHIVERY,24SEP2026,40500.000000,2075,OPTSTK,BFO,5.000000,100000000,False
1130561,OBEROIRLTY26OCT1620PE,OBEROIRLTY,29OCT2026,162000.000000,350,OPTSTK,BFO,5.000000,28000,False
1106068,HINDPETRO26NOV340PE,HINDPETRO,26NOV2026,34000.000000,2025,OPTSTK,BFO,5.000000,108000,False
1106152,HCLTECH26NOVFUT,HCLTECH,26NOV2026,0.000000,400,FUTSTK,BFO,5.000000,21000,False
1106155,RADICO26NOV4300CE,RADICO,26NOV2026,430000.000000,150,OPTSTK,BFO,5.000000,100000000,False
1106187,BAJFINANCE26NOV1010CE,BAJFINANCE,26NOV2026,101000.000000,750,OPTSTK,BFO,5.000000,3750,False
1122365,SENSEX5026OCT24100CE,SENSEX50,29OCT2026,2410000.000000,75,OPTIDX,BFO,5.000000,1800,False
1122367,DABUR26OCT345CE,DABUR,29OCT2026,34500.000000,1250,OPTSTK,BFO,5.000000,50000,False
1122383,APOLLOHOSP26NOV8000CE,APOLLOHOSP,26NOV2026,800000.000000,125,OPTSTK,BFO,5.000000,5000,False
1122384,AMBUJACEM26NOV365PE,AMBUJACEM,26NOV2026,36500.000000,1200,OPTSTK,BFO,5.000000,54000,False
1130573,UNIONBANK26NOV160PE,UNIONBANK,26NOV2026,16000.000000,4425,OPTSTK,BFO,5.000000,100000000,False
1130576,RELIANCE26NOV1190PE,RELIANCE,26NOV2026,119000.000000,500,OPTSTK,BFO,5.000000,10000,False
1130583,SUPREMEIND26NOV3000CE,SUPREMEIND,26NOV2026,300000.000000,175,OPTSTK,BFO,5.000000,100000000,False
1130595,SHREECEM26NOV20750CE,SHREECEM,26NOV2026,2075000.000000,25,OPTSTK,BFO,5.000000,1000,False
1105089,WAAREEENER26NOV2400CE,WAAREEENER,26NOV2026,240000.000000,175,OPTSTK,BFO,5.000000,100000000,False
1105100,BHEL26NOV455CE,BHEL,26NOV2026,45500.000000,2625,OPTSTK,BFO,5.000000,315000,False
1105137,SUNPHARMA26NOV2040PE,SUNPHARMA,26NOV2026,204000.000000,350,OPTSTK,BFO,5.000000,28000,False
1105138,BANKEX26NOV59000PE,BANKEX,26NOV2026,5900000.000000,30,OPTIDX,BFO,5.000000,900,False
1106196,MOTHERSON26NOV152.5CE,MOTHERSON,26NOV2026,15250.000000,6150,OPTSTK,BFO,5.000000,284000,False
1106222,IOC26NOV147.5CE,IOC,26NOV2026,14750.000000,4875,OPTSTK,BFO,5.000000,292500,False
1106262,DELHIVERY26NOV485PE,DELHIVERY,26NOV2026,48500.000000,2075,OPTSTK,BFO,5.000000,100000000,False
1106269,BANKEX26NOV67800PE,BANKEX,26NOV2026,6780000.000000,30,OPTIDX,BFO,5.000000,900,False
1122404,COCHINSHIP26NOV1320CE,COCHINSHIP,26NOV2026,132000.000000,400,OPTSTK,BFO,5.000000,100000000,False
1122417,HYUNDAI26NOV2020PE,HYUNDAI,26NOV2026,202000.000000,275,OPTSTK,BFO,5.000000,100000000,False
1122473,M&M26OCT2850PE,M&M,29OCT2026,285000.000000,200,OPTSTK,BFO,5.000000,21000,False
1122518,MARUTI26OCT12100PE,MARUTI,29OCT2026,1210000.000000,50,OPTSTK,BFO,5.000000,3000,False
1105163,ABCAPITAL26NOV440CE,ABCAPITAL,26NOV2026,44000.000000,3100,OPTSTK,BFO,5.000000,162000,False
1105177,GODREJPROP26NOV2000CE,GODREJPROP,26NOV2026,200000.000000,325,OPTSTK,BFO,5.000000,19000,False
1105181,AXISBANK26NOV1340PE,AXISBANK,26NOV2026,134000.000000,625,OPTSTK,BFO,5.000000,25000,False
1105184,LTM26NOV4150CE,LTM,26NOV2026,415000.000000,150,OPTSTK,BFO,5.000000,4500,False
1130623,RELIANCE26SEP1190CE,RELIANCE,24SEP2026,119000.000000,500,OPTSTK,BFO,5.000000,10000,False
1130645,AMBUJACEM26OCT355PE,AMBUJACEM,29OCT2026,35500.000000,1200,OPTSTK,BFO,5.000000,54000,False
1130647,GODREJPROP26OCT1700CE,GODREJPROP,29OCT2026,170000.000000,325,OPTSTK,BFO,5.000000,19000,False
1130678,LAURUSLABS26SEP2100CE,LAURUSLABS,24SEP2026,210000.000000,850,OPTSTK,BFO,5.000000,68000,False
1106363,BANKEX26NOV61800PE,BANKEX,26NOV2026,6180000.000000,30,OPTIDX,BFO,5.000000,900,False
1106370,CGPOWER26NOVFUT,CGPOWER,26NOV2026,0.000000,850,FUTSTK,BFO,5.000000,100000000,False
1106375,CANBK26NOV135CE,CANBK,26NOV2026,13500.000000,6750,OPTSTK,BFO,5.000000,81000,False
1106380,ICICIGI26NOV1620CE,ICICIGI,26NOV2026,162000.000000,325,OPTSTK,BFO,5.000000,20000,False
1122580,TATACONSUM26NOV950PE,TATACONSUM,26NOV2026,95000.000000,550,OPTSTK,BFO,5.000000,36000,False
1122621,HINDALCO26NOV860CE,HINDALCO,26NOV2026,86000.000000,700,OPTSTK,BFO,5.000000,56000,False
1122628,ALKEM26NOV4900CE,ALKEM,26NOV2026,490000.000000,125,OPTSTK,BFO,5.000000,8000,False
1122661,NESTLEIND26NOV1350PE,NESTLEIND,26NOV2026,135000.000000,500,OPTSTK,BFO,5.000000,1200,False
1130721,TATACONSUM26SEP920PE,TATACONSUM,24SEP2026,92000.000000,550,OPTSTK,BFO,5.000000,36000,False
1130747,MARUTI26OCT11700PE,MARUTI,29OCT2026,1170000.000000,50,OPTSTK,BFO,5.000000,3000,False
1130772,BAJFINANCE26OCT960CE,BAJFINANCE,29OCT2026,96000.000000,750,OPTSTK,BFO,5.000000,3750,False
1130787,PRESTIGE26OCT1380PE,PRESTIGE,29OCT2026,138000.000000,450,OPTSTK,BFO,5.000000,100000000,False
1105207,TECHM26NOVFUT,TECHM,26NOV2026,0.000000,600,FUTSTK,BFO,5.000000,24000,False
1105237,LICI26NOV425PE,LICI,26NOV2026,42500.000000,1400,OPTSTK,BFO,5.000000,100000000,False
1105262,BANDHANBNK26NOV195PE,BANDHANBNK,26NOV2026,19500.000000,3600,OPTSTK,BFO,5.000000,100000,False
1105276,BIOCON26NOV435CE,BIOCON,26NOV2026,43500.000000,2500,OPTSTK,BFO,5.000000,100000,False
1106382,BANKBARODA26NOV200PE,BANKBARODA,26NOV2026,20000.000000,2925,OPTSTK,BFO,5.000000,175500,False
1106411,AMBER26NOV7500CE,AMBER,26NOV2026,750000.000000,100,OPTSTK,BFO,5.000000,100000000,False
1106435,NHPC26NOV76CE,NHPC,26NOV2026,7600.000000,6950,OPTSTK,BFO,5.000000,100000000,False
1106445,SAGILITY26SEP42CE,SAGILITY,24SEP2026,4200.000000,12000,OPTSTK,BFO,5.000000,100000000,False
1122676,SBIN26OCT950PE,SBIN,29OCT2026,95000.000000,750,OPTSTK,BFO,5.000000,45000,False
1122697,SENSEX26NOV69700PE,SENSEX,26NOV2026,6970000.000000,20,OPTIDX,BFO,5.000000,1000,False
1122704,BRITANNIA26OCT4800PE,BRITANNIA,29OCT2026,480000.000000,125,OPTSTK,BFO,5.000000,6000,False
1122735,GODFRYPHLP26OCT1700PE,GODFRYPHLP,29OCT2026,170000.000000,275,OPTSTK,BFO,5.000000,100000000,False
1130792,INDUSTOWER26SEP425PE,INDUSTOWER,24SEP2026,42500.000000,1700,OPTSTK,BFO,5.000000,170000,False
1130800,NMDC26NOV75CE,NMDC,26NOV2026,7500.000000,6750,OPTSTK,BFO,5.000000,225000,False
1130802,LTM26NOV3950CE,LTM,26NOV2026,395000.000000,150,OPTSTK,BFO,5.000000,4500,False
1130813,DELHIVERY26NOV410PE,DELHIVERY,26NOV2026,41000.000000,2075,OPTSTK,BFO,5.000000,100000000,False
1106489,LUPIN26NOV2060CE,LUPIN,26NOV2026,206000.000000,425,OPTSTK,BFO,5.000000,34000,False
1106507,DLF26NOV630CE,DLF,26NOV2026,63000.000000,950,OPTSTK,BFO,5.000000,49500,False
1106508,BANKEX26NOV64800CE,BANKEX,26NOV2026,6480000.000000,30,OPTIDX,BFO,5.000000,900,False
1106510,GLENMARK26NOV2520CE,GLENMARK,26NOV2026,252000.000000,375,OPTSTK,BFO,5.000000,43500,False
1105279,HCLTECH26NOV1260PE,HCLTECH,26NOV2026,126000.000000,400,OPTSTK,BFO,5.000000,21000,False
1105282,INDUSINDBK26NOV940PE,INDUSINDBK,26NOV2026,94000.000000,700,OPTSTK,BFO,5.000000,20000,False
1105286,INDIGO26NOV4600PE,INDIGO,26NOV2026,460000.000000,150,OPTSTK,BFO,5.000000,12000,False
1105312,KFINTECH26NOV1020PE,KFINTECH,26NOV2026,102000.000000,575,OPTSTK,BFO,5.000000,100000000,False
1122767,SONACOMS26NOV710PE,SONACOMS,26NOV2026,71000.000000,1225,OPTSTK,BFO,5.000000,100000000,False
1122770,BANDHANBNK26NOV125CE,BANDHANBNK,26NOV2026,12500.000000,3600,OPTSTK,BFO,5.000000,100000,False
1122853,RVNL26NOV170CE,RVNL,26NOV2026,17000.000000,1925,OPTSTK,BFO,5.000000,100000000,False
1122873,PAYTM26NOV1480CE,PAYTM,26NOV2026,148000.000000,725,OPTSTK,BFO,5.000000,100000000,False
1106533,PRESTIGE26NOV1480CE,PRESTIGE,26NOV2026,148000.000000,450,OPTSTK,BFO,5.000000,100000000,False
1106553,KPITTECH26NOV560CE,KPITTECH,26NOV2026,56000.000000,775,OPTSTK,BFO,5.000000,100000000,False
1106576,IREDA26NOV120CE,IREDA,26NOV2026,12000.000000,4525,OPTSTK,BFO,5.000000,100000000,False
1106588,SENSEX26NOV81800CE,SENSEX,26NOV2026,8180000.000000,20,OPTIDX,BFO,5.000000,1000,False
1134546,SENSEX26SEP90000PE,SENSEX,24SEP2026,9000000.000000,20,OPTIDX,BFO,5.000000,1000,False
1134766,SENSEX26SEP90000CE,SENSEX,24SEP2026,9000000.000000,20,OPTIDX,BFO,5.000000,1000,False
2052544,BSE26SEP4100PE,BSE,29SEP2026,410000.000000,200,OPTSTK,BFO,5.000000,3751,False
2074491,BSE26SEP3100PE,BSE,29SEP2026,310000.000000,200,OPTSTK,BFO,5.000000,3751,False
1122959,SENSEX26O0169600CE,SENSEX,01OCT2026,6960000.000000,20,OPTIDX,BFO,5.000000,1000,False
1123028,SONACOMS26NOV710CE,SONACOMS,26NOV2026,71000.000000,1225,OPTSTK,BFO,5.000000,100000000,False
1123040,M&M26NOV2850PE,M&M,26NOV2026,285000.000000,200,OPTSTK,BFO,5.000000,21000,False
1123059,SBILIFE26NOV1580CE,SBILIFE,26NOV2026,158000.000000,375,OPTSTK,BFO,5.000000,22500,False
1105332,RADICO26NOV4850PE,RADICO,26NOV2026,485000.000000,150,OPTSTK,BFO,5.000000,100000000,False
1105336,HCLTECH26NOV1250CE,HCLTECH,26NOV2026,125000.000000,400,OPTSTK,BFO,5.000000,21000,False
1105352,NAUKRI26NOV1340PE,NAUKRI,26NOV2026,134000.000000,550,OPTSTK,BFO,5.000000,6000,False
1105353,RVNL26NOV225PE,RVNL,26NOV2026,22500.000000,1925,OPTSTK,BFO,5.000000,100000000,False
1106604,RADICO26NOV4950CE,RADICO,26NOV2026,495000.000000,150,OPTSTK,BFO,5.000000,100000000,False
1106607,FOCIT26NOV30900CE,FOCIT,26NOV2026,3090000.000000,45,OPTIDX,BFO,5.000000,1350,False
1106619,JSWSTEEL26NOV1480CE,JSWSTEEL,26NOV2026,148000.000000,675,OPTSTK,BFO,5.000000,40500,False
1106640,PRESTIGE26NOV1560PE,PRESTIGE,26NOV2026,156000.000000,450,OPTSTK,BFO,5.000000,100000000,False
2210988,CDSL26OCT1100PE,CDSL,27OCT2026,110000.000000,475,OPTSTK,BFO,5.000000,14001,False
2211418,BSE26OCT3900CE,BSE,27OCT2026,390000.000000,200,OPTSTK,BFO,5.000000,3751,False
2220386,CDSL26OCT800PE,CDSL,27OCT2026,80000.000000,475,OPTSTK,BFO,5.000000,14001,False
2228371,BSE26OCT2900CE,BSE,27OCT2026,290000.000000,200,OPTSTK,BFO,5.000000,3751,False
1123136,SWIGGY26NOV235CE,SWIGGY,26NOV2026,23500.000000,1825,OPTSTK,BFO,5.000000,100000000,False
1123160,FEDERALBNK26NOV390PE,FEDERALBNK,26NOV2026,39000.000000,2500,OPTSTK,BFO,5.000000,200000,False
1123174,AMBER26NOV6700PE,AMBER,26NOV2026,670000.000000,100,OPTSTK,BFO,5.000000,100000000,False
1123211,ALKEM26NOV4900PE,ALKEM,26NOV2026,490000.000000,125,OPTSTK,BFO,5.000000,8000,False
824904,SENSEX30DEC80000CE,SENSEX,26DEC2030,8000000.000000,20,OPTIDX,BFO,5.000000,1000,False
839143,SENSEX26SEP73700CE,SENSEX,24SEP2026,7370000.000000,20,OPTIDX,BFO,5.000000,1000,False
839154,SENSEX26SEP75400PE,SENSEX,24SEP2026,7540000.000000,20,OPTIDX,BFO,5.000000,1000,False
839185,SENSEX26SEP75600PE,SENSEX,24SEP2026,7560000.000000,20,OPTIDX,BFO,5.000000,1000,False
1105380,BAJAJ-AUTO26NOV11900PE,BAJAJ-AUTO,26NOV2026,1190000.000000,75,OPTSTK,BFO,5.000000,5000,False
1105385,AXISBANK26NOV1240CE,AXISBANK,26NOV2026,124000.000000,625,OPTSTK,BFO,5.000000,25000,False
1105399,BANKEX26NOV61600PE,BANKEX,26NOV2026,6160000.000000,30,OPTIDX,BFO,5.000000,900,False
1105421,LODHA26NOV1240CE,LODHA,26NOV2026,124000.000000,625,OPTSTK,BFO,5.000000,100000000,False
1106648,RBLBANK26NOV380PE,RBLBANK,26NOV2026,38000.000000,3175,OPTSTK,BFO,5.000000,150000,False
1106672,RBLBANK26NOV385CE,RBLBANK,26NOV2026,38500.000000,3175,OPTSTK,BFO,5.000000,150000,False
1106713,KALYANKJIL26NOV605PE,KALYANKJIL,26NOV2026,60500.000000,1350,OPTSTK,BFO,5.000000,100000000,False
1106719,APLAPOLLO26NOV2040PE,APLAPOLLO,26NOV2026,204000.000000,350,OPTSTK,BFO,5.000000,100000000,False
1123214,TATACONSUM26NOV940PE,TATACONSUM,26NOV2026,94000.000000,550,OPTSTK,BFO,5.000000,36000,False
1123272,SENSEX26O0869700PE,SENSEX,08OCT2026,6970000.000000,20,OPTIDX,BFO,5.000000,1000,False
1123320,BEL26NOV370CE,BEL,26NOV2026,37000.000000,1425,OPTSTK,BFO,5.000000,228000,False
1123322,TATACONSUM26OCT950CE,TATACONSUM,29OCT2026,95000.000000,550,OPTSTK,BFO,5.000000,36000,False
839192,SENSEX26SEP72600CE,SENSEX,24SEP2026,7260000.000000,20,OPTIDX,BFO,5.000000,1000,False
839209,SENSEX26SEP76600PE,SENSEX,24SEP2026,7660000.000000,20,OPTIDX,BFO,5.000000,1000,False
839212,SENSEX26SEP72900PE,SENSEX,24SEP2026,7290000.000000,20,OPTIDX,BFO,5.000000,1000,False
839286,SENSEX26SEP74600CE,SENSEX,24SEP2026,7460000.000000,20,OPTIDX,BFO,5.000000,1000,False
1105435,SENSEX26NOV73900CE,SENSEX,26NOV2026,7390000.000000,20,OPTIDX,BFO,5.000000,1000,False
1105439,IREDA26NOV112.5CE,IREDA,26NOV2026,11250.000000,4525,OPTSTK,BFO,5.000000,100000000,False
1105452,BAJAJFINSV26NOV2020PE,BAJAJFINSV,26NOV2026,202000.000000,300,OPTSTK,BFO,5.000000,20000,False
1105454,PIIND26NOV2300PE,PIIND,26NOV2026,230000.000000,175,OPTSTK,BFO,5.000000,7500,False
1123388,MFSL26NOV1380CE,MFSL,26NOV2026,138000.000000,400,OPTSTK,BFO,5.000000,32000,False
1123401,SONACOMS26NOV720PE,SONACOMS,26NOV2026,72000.000000,1225,OPTSTK,BFO,5.000000,100000000,False
1123414,EICHERMOT26NOV7000CE,EICHERMOT,26NOV2026,700000.000000,100,OPTSTK,BFO,5.000000,7000,False
1123449,COALINDIA26OCT455CE,COALINDIA,29OCT2026,45500.000000,1350,OPTSTK,BFO,5.000000,126000,False
839289,SENSEX26SEP70900CE,SENSEX,24SEP2026,7090000.000000,20,OPTIDX,BFO,5.000000,1000,False
839297,SENSEX26SEP78600PE,SENSEX,24SEP2026,7860000.000000,20,OPTIDX,BFO,5.000000,1000,False
839322,SENSEX26SEP80200CE,SENSEX,24SEP2026,8020000.000000,20,OPTIDX,BFO,5.000000,1000,False
839354,SENSEX26SEP80400CE,SENSEX,24SEP2026,8040000.000000,20,OPTIDX,BFO,5.000000,1000,False
1105491,SBILIFE26NOV1840PE,SBILIFE,26NOV2026,184000.000000,375,OPTSTK,BFO,5.000000,22500,False
1105500,AXISBANK26NOV1160PE,AXISBANK,26NOV2026,116000.000000,625,OPTSTK,BFO,5.000000,25000,False
1105502,FOCIT26NOV36700CE,FOCIT,26NOV2026,3670000.000000,45,OPTIDX,BFO,5.000000,1350,False
1105507,VBL26NOVFUT,VBL,26NOV2026,0.000000,1275,FUTSTK,BFO,5.000000,100000000,False
1106734,KAYNES26NOV3750PE,KAYNES,26NOV2026,375000.000000,150,OPTSTK,BFO,5.000000,100000000,False
1106762,SBIN26NOV1090PE,SBIN,26NOV2026,109000.000000,750,OPTSTK,BFO,5.000000,45000,False
1106774,IEX26NOV107.5CE,IEX,26NOV2026,10750.000000,4350,OPTSTK,BFO,5.000000,150000,False
1106805,CANBK26NOV110PE,CANBK,26NOV2026,11000.000000,6750,OPTSTK,BFO,5.000000,81000,False
1123457,SENSEX2691769800CE,SENSEX,17SEP2026,6980000.000000,20,OPTIDX,BFO,5.000000,1000,False
1123458,KEI26NOV4500CE,KEI,26NOV2026,450000.000000,175,OPTSTK,BFO,5.000000,100000000,False
1123488,CDSL26SEP760PE,CDSL,29SEP2026,76000.000000,475,OPTSTK,BFO,5.000000,14001,False
1123560,MCX26NOV2850CE,MCX,26NOV2026,285000.000000,225,OPTSTK,BFO,5.000000,16000,False
839357,SENSEX26SEP78100PE,SENSEX,24SEP2026,7810000.000000,20,OPTIDX,BFO,5.000000,1000,False
839381,SENSEX26SEP70600CE,SENSEX,24SEP2026,7060000.000000,20,OPTIDX,BFO,5.000000,1000,False
839393,SENSEX26SEP69900CE,SENSEX,24SEP2026,6990000.000000,20,OPTIDX,BFO,5.000000,1000,False
839422,SENSEX26SEP76200PE,SENSEX,24SEP2026,7620000.000000,20,OPTIDX,BFO,5.000000,1000,False
1105541,JSWSTEEL26NOV1440CE,JSWSTEEL,26NOV2026,144000.000000,675,OPTSTK,BFO,5.000000,40500,False
1105557,RADICO26NOV4750CE,RADICO,26NOV2026,475000.000000,150,OPTSTK,BFO,5.000000,100000000,False
1105582,JIOFIN26NOV240CE,JIOFIN,26NOV2026,24000.000000,2350,OPTSTK,BFO,5.000000,100000000,False
1105583,FORCEMOT26NOV20000CE,FORCEMOT,26NOV2026,2000000.000000,25,OPTSTK,BFO,5.000000,100000000,False
1106806,APOLLOHOSP26NOV9100PE,APOLLOHOSP,26NOV2026,910000.000000,125,OPTSTK,BFO,5.000000,5000,False
1106856,BAJAJ-AUTO26NOV11100CE,BAJAJ-AUTO,26NOV2026,1110000.000000,75,OPTSTK,BFO,5.000000,5000,False
1106873,PNBHOUSING26NOV1320PE,PNBHOUSING,26NOV2026,132000.000000,650,OPTSTK,BFO,5.000000,100000000,False
1106893,NYKAA26NOV330PE,NYKAA,26NOV2026,33000.000000,3125,OPTSTK,BFO,5.000000,100000000,False
1123575,SENSEX26OCT69400PE,SENSEX,29OCT2026,6940000.000000,20,OPTIDX,BFO,5.000000,1000,False
1123599,NYKAA26NOV295CE,NYKAA,26NOV2026,29500.000000,3125,OPTSTK,BFO,5.000000,100000000,False
1123609,SENSEX26O2281700CE,SENSEX,22OCT2026,8170000.000000,20,OPTIDX,BFO,5.000000,1000,False
1123727,ULTRACEMCO26NOV10600CE,ULTRACEMCO,26NOV2026,1060000.000000,50,OPTSTK,BFO,5.000000,3000,False
839480,SENSEX26SEP80300CE,SENSEX,24SEP2026,8030000.000000,20,OPTIDX,BFO,5.000000,1000,False
839514,SENSEX26SEP80500CE,SENSEX,24SEP2026,8050000.000000,20,OPTIDX,BFO,5.000000,1000,False
839524,SENSEX26SEP82200PE,SENSEX,24SEP2026,8220000.000000,20,OPTIDX,BFO,5.000000,1000,False
839525,SENSEX26SEP71500CE,SENSEX,24SEP2026,7150000.000000,20,OPTIDX,BFO,5.000000,1000,False
1105604,GMRAIRPORT26NOV97CE,GMRAIRPORT,26NOV2026,9700.000000,6975,OPTSTK,BFO,5.000000,675000,False
1105618,ADANIGREEN26NOV1340CE,ADANIGREEN,26NOV2026,134000.000000,600,OPTSTK,BFO,5.000000,100000000,False
1105619,NHPC26NOV83CE,NHPC,26NOV2026,8300.000000,6950,OPTSTK,BFO,5.000000,100000000,False
1105646,PETRONET26NOV315PE,PETRONET,26NOV2026,31500.000000,1900,OPTSTK,BFO,5.000000,120000,False
1106899,BANKEX26NOV63100CE,BANKEX,26NOV2026,6310000.000000,30,OPTIDX,BFO,5.000000,900,False
1106909,ALKEM26NOV5650CE,ALKEM,26NOV2026,565000.000000,125,OPTSTK,BFO,5.000000,8000,False
1106945,PATANJALI26NOV320PE,PATANJALI,26NOV2026,32000.000000,1075,OPTSTK,BFO,5.000000,100000000,False
1106948,SBICARD26NOV640PE,SBICARD,26NOV2026,64000.000000,800,OPTSTK,BFO,5.000000,32000,False
1123759,SENSEX26O2271000PE,SENSEX,22OCT2026,7100000.000000,20,OPTIDX,BFO,5.000000,1000,False
1123933,SENSEX26O0169200CE,SENSEX,01OCT2026,6920000.000000,20,OPTIDX,BFO,5.000000,1000,False
1124077,LT26NOV3600PE,LT,26NOV2026,360000.000000,175,OPTSTK,BFO,5.000000,12000,False
1124101,MAHABANK26OCT93PE,MAHABANK,29OCT2026,9300.000000,6500,OPTSTK,BFO,5.000000,100000000,False
839535,SENSEX26SEP79200PE,SENSEX,24SEP2026,7920000.000000,20,OPTIDX,BFO,5.000000,1000,False
839585,SENSEX26SEP75600CE,SENSEX,24SEP2026,7560000.000000,20,OPTIDX,BFO,5.000000,1000,False
839602,SENSEX26SEP71300PE,SENSEX,24SEP2026,7130000.000000,20,OPTIDX,BFO,5.000000,1000,False
839617,SENSEX26SEP71200CE,SENSEX,24SEP2026,7120000.000000,20,OPTIDX,BFO,5.000000,1000,False
1105652,CUMMINSIND26NOVFUT,CUMMINSIND,26NOV2026,0.000000,200,FUTSTK,BFO,5.000000,18000,False
1105653,JUBLFOOD26NOV520CE,JUBLFOOD,26NOV2026,52000.000000,1250,OPTSTK,BFO,5.000000,50000,False
1105655,SENSEX26NOV79300PE,SENSEX,26NOV2026,7930000.000000,20,OPTIDX,BFO,5.000000,1000,False
1105674,GRASIM26NOV3180CE,GRASIM,26NOV2026,318000.000000,250,OPTSTK,BFO,5.000000,14250,False
839930,SENSEX26SEP84100PE,SENSEX,24SEP2026,8410000.000000,20,OPTIDX,BFO,5.000000,1000,False
839968,SENSEX26SEP84200CE,SENSEX,24SEP2026,8420000.000000,20,OPTIDX,BFO,5.000000,1000,False
840526,SENSEX26SEP84300PE,SENSEX,24SEP2026,8430000.000000,20,OPTIDX,BFO,5.000000,1000,False
840742,SENSEX27DEC79000CE,SENSEX,30DEC2027,7900000.000000,20,OPTIDX,BFO,5.000000,1000,False
1105686,SENSEX26O1573300CE,SENSEX,15OCT2026,7330000.000000,20,OPTIDX,BFO,5.000000,1000,False
1105690,CAMS26NOV810PE,CAMS,26NOV2026,81000.000000,825,OPTSTK,BFO,5.000000,100000000,False
1105706,MAZDOCK26NOV2650PE,MAZDOCK,26NOV2026,265000.000000,225,OPTSTK,BFO,5.000000,100000000,False
1105724,BANKINDIA26NOV140PE,BANKINDIA,26NOV2026,14000.000000,5200,OPTSTK,BFO,5.000000,100000000,False
1106959,GODREJPROP26NOV2180PE,GODREJPROP,26NOV2026,218000.000000,325,OPTSTK,BFO,5.000000,19000,False
1106967,DABUR26NOV410PE,DABUR,26NOV2026,41000.000000,1250,OPTSTK,BFO,5.000000,50000,False
1106984,HINDZINC26NOV640CE,HINDZINC,26NOV2026,64000.000000,1225,OPTSTK,BFO,5.000000,100000000,False
1107042,FOCIT26NOV32600PE,FOCIT,26NOV2026,3260000.000000,45,OPTIDX,BFO,5.000000,1350,False
1124104,SENSEX2691769300CE,SENSEX,17SEP2026,6930000.000000,20,OPTIDX,BFO,5.000000,1000,False
1124134,SENSEX26O2272100PE,SENSEX,22OCT2026,7210000.000000,20,OPTIDX,BFO,5.000000,1000,False
1124160,SENSEX26O2269300PE,SENSEX,22OCT2026,6930000.000000,20,OPTIDX,BFO,5.000000,1000,False
1124188,GODREJCP26OCT810PE,GODREJCP,29OCT2026,81000.000000,500,OPTSTK,BFO,5.000000,30000,False
840822,SENSEX28DEC79000CE,SENSEX,28DEC2028,7900000.000000,20,OPTIDX,BFO,5.000000,1000,False
841189,SENSEX26SEP69300PE,SENSEX,24SEP2026,6930000.000000,20,OPTIDX,BFO,5.000000,1000,False
841296,SENSEX26SEP69700PE,SENSEX,24SEP2026,6970000.000000,20,OPTIDX,BFO,5.000000,1000,False
841623,HINDUNILVR26SEP2240CE,HINDUNILVR,24SEP2026,224000.000000,300,OPTSTK,BFO,5.000000,9000,False
1105745,SENSEX26SEP86000CE,SENSEX,24SEP2026,8600000.000000,20,OPTIDX,BFO,5.000000,1000,False
1105754,ATHERENERG26OCT1580PE,ATHERENERG,29OCT2026,158000.000000,375,OPTSTK,BFO,5.000000,100000000,False
1105776,MAZDOCK26NOV2800CE,MAZDOCK,26NOV2026,280000.000000,225,OPTSTK,BFO,5.000000,100000000,False
1105787,GODFRYPHLP26NOV2050PE,GODFRYPHLP,26NOV2026,205000.000000,275,OPTSTK,BFO,5.000000,100000000,False
1107054,FOCIT26NOV34900PE,FOCIT,26NOV2026,3490000.000000,45,OPTIDX,BFO,5.000000,1350,False
1107056,ASTRAL26NOV1540CE,ASTRAL,26NOV2026,154000.000000,425,OPTSTK,BFO,5.000000,14680,False
1107072,HINDUNILVR26NOV1900CE,HINDUNILVR,26NOV2026,190000.000000,300,OPTSTK,BFO,5.000000,9000,False
1107101,WAAREEENER26NOV2800CE,WAAREEENER,26NOV2026,280000.000000,175,OPTSTK,BFO,5.000000,100000000,False
1124200,HDFCLIFE26SEP495PE,HDFCLIFE,24SEP2026,49500.000000,1100,OPTSTK,BFO,5.000000,44000,False
1124220,NMDC26NOV78CE,NMDC,26NOV2026,7800.000000,6750,OPTSTK,BFO,5.000000,225000,False
1124271,ASTRAL26NOV1340CE,ASTRAL,26NOV2026,134000.000000,425,OPTSTK,BFO,5.000000,14680,False
1124297,SENSEX26O2279900CE,SENSEX,22OCT2026,7990000.000000,20,OPTIDX,BFO,5.000000,1000,False
841627,PETRONET26SEP295CE,PETRONET,24SEP2026,29500.000000,1900,OPTSTK,BFO,5.000000,120000,False
841645,ONGC26SEPFUT,ONGC,24SEP2026,0.000000,2250,FUTSTK,BFO,5.000000,154000,False
841652,BANKINDIA26SEP155PE,BANKINDIA,24SEP2026,15500.000000,5200,OPTSTK,BFO,5.000000,100000000,False
841654,BAJAJFINSV26SEP1620CE,BAJAJFINSV,24SEP2026,162000.000000,300,OPTSTK,BFO,5.000000,20000,False
1105793,SENSEX26O1571900CE,SENSEX,15OCT2026,7190000.000000,20,OPTIDX,BFO,5.000000,1000,False
1105805,SONACOMS26NOV800CE,SONACOMS,26NOV2026,80000.000000,1225,OPTSTK,BFO,5.000000,100000000,False
1105834,FOCIT26NOV38400PE,FOCIT,26NOV2026,3840000.000000,45,OPTIDX,BFO,5.000000,1350,False
1105848,RELIANCE26NOV1280CE,RELIANCE,26NOV2026,128000.000000,500,OPTSTK,BFO,5.000000,10000,False
1107134,HDFCLIFE26NOV565CE,HDFCLIFE,26NOV2026,56500.000000,1100,OPTSTK,BFO,5.000000,44000,False
1107138,RBLBANK26NOV385PE,RBLBANK,26NOV2026,38500.000000,3175,OPTSTK,BFO,5.000000,150000,False
1107146,IOC26NOV127.5PE,IOC,26NOV2026,12750.000000,4875,OPTSTK,BFO,5.000000,292500,False
1107165,BRITANNIA26NOV5250CE,BRITANNIA,26NOV2026,525000.000000,125,OPTSTK,BFO,5.000000,6000,False
1124316,SENSEX26O2274700CE,SENSEX,22OCT2026,7470000.000000,20,OPTIDX,BFO,5.000000,1000,False
1124354,PHOENIXLTD26NOV2100CE,PHOENIXLTD,26NOV2026,210000.000000,350,OPTSTK,BFO,5.000000,100000000,False
1124358,JINDALSTEL26NOV1000CE,JINDALSTEL,26NOV2026,100000.000000,625,OPTSTK,BFO,5.000000,37500,False
1124367,SENSEX26O2281800CE,SENSEX,22OCT2026,8180000.000000,20,OPTIDX,BFO,5.000000,1000,False
841657,ADANIENSOL26SEP1500CE,ADANIENSOL,24SEP2026,150000.000000,675,OPTSTK,BFO,5.000000,100000000,False
841664,POLYCAB26SEP9100CE,POLYCAB,24SEP2026,910000.000000,125,OPTSTK,BFO,5.000000,9000,False
841680,PIIND26SEP2600PE,PIIND,24SEP2026,260000.000000,175,OPTSTK,BFO,5.000000,7500,False
841681,BAJFINANCE26SEP1020CE,BAJFINANCE,24SEP2026,102000.000000,750,OPTSTK,BFO,5.000000,3750,False
1105870,HEROMOTOCO26NOV4800PE,HEROMOTOCO,26NOV2026,480000.000000,150,OPTSTK,BFO,5.000000,9000,False
1105873,ASIANPAINT26NOV2640CE,ASIANPAINT,26NOV2026,264000.000000,250,OPTSTK,BFO,5.000000,8000,False
1107172,SONACOMS26NOV750CE,SONACOMS,26NOV2026,75000.000000,1225,OPTSTK,BFO,5.000000,100000000,False
1107173,ZYDUSLIFE26NOV1200CE,ZYDUSLIFE,26NOV2026,120000.000000,900,OPTSTK,BFO,5.000000,54000,False
1107209,SIEMENS26NOV3850PE,SIEMENS,26NOV2026,385000.000000,175,OPTSTK,BFO,5.000000,8250,False
1107214,DIVISLAB26NOV8400CE,DIVISLAB,26NOV2026,840000.000000,100,OPTSTK,BFO,5.000000,8000,False
1105871,POWERGRID26NOV247.5PE,POWERGRID,26NOV2026,24750.000000,1900,OPTSTK,BFO,5.000000,108000,False
1105872,BANKEX26OCT57500CE,BANKEX,29OCT2026,5750000.000000,30,OPTIDX,BFO,5.000000,900,False
1124468,SENSEX26O2274000CE,SENSEX,22OCT2026,7400000.000000,20,OPTIDX,BFO,5.000000,1000,False
1124478,MARUTI26SEP12000PE,MARUTI,24SEP2026,1200000.000000,50,OPTSTK,BFO,5.000000,3000,False
1124483,DMART26OCT3400CE,DMART,29OCT2026,340000.000000,150,OPTSTK,BFO,5.000000,100000000,False
1124512,SENSEX26O2279500PE,SENSEX,22OCT2026,7950000.000000,20,OPTIDX,BFO,5.000000,1000,False
841684,PATANJALI26SEP420CE,PATANJALI,24SEP2026,42000.000000,1075,OPTSTK,BFO,5.000000,100000000,False
841689,AMBER26SEP8300PE,AMBER,24SEP2026,830000.000000,100,OPTSTK,BFO,5.000000,100000000,False
841695,DELHIVERY26SEP495PE,DELHIVERY,24SEP2026,49500.000000,2075,OPTSTK,BFO,5.000000,100000000,False
841703,PRESTIGE26SEP1580CE,PRESTIGE,24SEP2026,158000.000000,450,OPTSTK,BFO,5.000000,100000000,False
1105890,JINDALSTEL26NOV1240CE,JINDALSTEL,26NOV2026,124000.000000,625,OPTSTK,BFO,5.000000,37500,False
1105905,CROMPTON26NOV250PE,CROMPTON,26NOV2026,25000.000000,2150,OPTSTK,BFO,5.000000,90000,False
1105912,BHARTIARTL26NOV1820CE,BHARTIARTL,26NOV2026,182000.000000,475,OPTSTK,BFO,5.000000,28500,False
1105928,MOTILALOFS26NOV1060CE,MOTILALOFS,26NOV2026,106000.000000,775,OPTSTK,BFO,5.000000,100000000,False
1107234,SENSEX26O1577500PE,SENSEX,15OCT2026,7750000.000000,20,OPTIDX,BFO,5.000000,1000,False
1107247,MPHASIS26NOV2250PE,MPHASIS,26NOV2026,225000.000000,275,OPTSTK,BFO,5.000000,11000,False
1107298,FOCIT26NOV31900CE,FOCIT,26NOV2026,3190000.000000,45,OPTIDX,BFO,5.000000,1350,False
1107301,ADANIENSOL26NOV1540PE,ADANIENSOL,26NOV2026,154000.000000,675,OPTSTK,BFO,5.000000,100000000,False
1124535,SENSEX26O2275800PE,SENSEX,22OCT2026,7580000.000000,20,OPTIDX,BFO,5.000000,1000,False
1124585,SENSEX26O2274600CE,SENSEX,22OCT2026,7460000.000000,20,OPTIDX,BFO,5.000000,1000,False
1124597,RBLBANK26SEP435PE,RBLBANK,24SEP2026,43500.000000,3175,OPTSTK,BFO,5.000000,150000,False
1124628,SENSEX26O2278600PE,SENSEX,22OCT2026,7860000.000000,20,OPTIDX,BFO,5.000000,1000,False
841707,EICHERMOT26SEP7800CE,EICHERMOT,24SEP2026,780000.000000,100,OPTSTK,BFO,5.000000,7000,False
841715,POWERINDIA26SEP31500CE,POWERINDIA,24SEP2026,3150000.000000,25,OPTSTK,BFO,5.000000,100000000,False
841724,M&M26SEP3120CE,M&M,24SEP2026,312000.000000,200,OPTSTK,BFO,5.000000,21000,False
841726,JIOFIN26SEP230PE,JIOFIN,24SEP2026,23000.000000,2350,OPTSTK,BFO,5.000000,100000000,False
841727,CANBK26SEP132PE,CANBK,24SEP2026,13200.000000,6750,OPTSTK,BFO,5.000000,81000,False
841732,BEL26SEP420CE,BEL,24SEP2026,42000.000000,1425,OPTSTK,BFO,5.000000,228000,False
841734,GAIL26SEP168CE,GAIL,24SEP2026,16800.000000,3550,OPTSTK,BFO,5.000000,274500,False
841743,INFY26SEP1000CE,INFY,24SEP2026,100000.000000,400,OPTSTK,BFO,5.000000,16000,False
1105958,NHPC26NOV71CE,NHPC,26NOV2026,7100.000000,6950,OPTSTK,BFO,5.000000,100000000,False
1105972,CANBK26NOV107.5PE,CANBK,26NOV2026,10750.000000,6750,OPTSTK,BFO,5.000000,81000,False
1105994,IRFC26NOV87CE,IRFC,26NOV2026,8700.000000,5425,OPTSTK,BFO,5.000000,100000000,False
1106008,PHOENIXLTD26NOV1800PE,PHOENIXLTD,26NOV2026,180000.000000,350,OPTSTK,BFO,5.000000,100000000,False
1107342,BEL26NOV415PE,BEL,26NOV2026,41500.000000,1425,OPTSTK,BFO,5.000000,228000,False
1107344,IDFCFIRSTB26NOV87CE,IDFCFIRSTB,26NOV2026,8700.000000,9275,OPTSTK,BFO,5.000000,450000,False
1107345,BAJFINANCE26NOV1060PE,BAJFINANCE,26NOV2026,106000.000000,750,OPTSTK,BFO,5.000000,3750,False
1107382,BHEL26NOV400CE,BHEL,26NOV2026,40000.000000,2625,OPTSTK,BFO,5.000000,315000,False
1124679,ICICIGI26SEP1380CE,ICICIGI,24SEP2026,138000.000000,325,OPTSTK,BFO,5.000000,20000,False
1124688,SENSEX26O2271400PE,SENSEX,22OCT2026,7140000.000000,20,OPTIDX,BFO,5.000000,1000,False
1124690,SENSEX26O2276900CE,SENSEX,22OCT2026,7690000.000000,20,OPTIDX,BFO,5.000000,1000,False
1124691,SENSEX26NOV69300PE,SENSEX,26NOV2026,6930000.000000,20,OPTIDX,BFO,5.000000,1000,False
841758,FEDERALBNK26SEP337.5CE,FEDERALBNK,24SEP2026,33750.000000,2500,OPTSTK,BFO,5.000000,200000,False
841766,HINDZINC26SEP520PE,HINDZINC,24SEP2026,52000.000000,1225,OPTSTK,BFO,5.000000,100000000,False
841774,ABB26SEP7250PE,ABB,24SEP2026,725000.000000,125,OPTSTK,BFO,5.000000,7500,False
841775,INOXWIND26SEP82PE,INOXWIND,24SEP2026,8200.000000,6400,OPTSTK,BFO,5.000000,100000000,False
1106015,MFSL26NOV1620CE,MFSL,26NOV2026,162000.000000,400,OPTSTK,BFO,5.000000,32000,False
1106023,LTM26NOV4350CE,LTM,26NOV2026,435000.000000,150,OPTSTK,BFO,5.000000,4500,False
1106026,ICICIBANK26NOV1380CE,ICICIBANK,26NOV2026,138000.000000,700,OPTSTK,BFO,5.000000,28000,False
1106027,POWERGRID26NOV282.5CE,POWERGRID,26NOV2026,28250.000000,1900,OPTSTK,BFO,5.000000,108000,False
1107385,COCHINSHIP26NOV1620CE,COCHINSHIP,26NOV2026,162000.000000,400,OPTSTK,BFO,5.000000,100000000,False
1107396,PAGEIND26NOV37500CE,PAGEIND,26NOV2026,3750000.000000,20,OPTSTK,BFO,5.000000,600,False
1107405,DLF26NOV610PE,DLF,26NOV2026,61000.000000,950,OPTSTK,BFO,5.000000,49500,False
1107406,ATHERENERG26OCT1420PE,ATHERENERG,29OCT2026,142000.000000,375,OPTSTK,BFO,5.000000,100000000,False
1124731,SENSEX26O2271700CE,SENSEX,22OCT2026,7170000.000000,20,OPTIDX,BFO,5.000000,1000,False
1124775,SENSEX26O2278900PE,SENSEX,22OCT2026,7890000.000000,20,OPTIDX,BFO,5.000000,1000,False
1124838,RBLBANK26OCT440PE,RBLBANK,29OCT2026,44000.000000,3175,OPTSTK,BFO,5.000000,150000,False
1124922,LUPIN26OCT2000CE,LUPIN,29OCT2026,200000.000000,425,OPTSTK,BFO,5.000000,34000,False
841790,PNB26SEP105CE,PNB,24SEP2026,10500.000000,8000,OPTSTK,BFO,5.000000,480000,False
841794,INDHOTEL26SEP745PE,INDHOTEL,24SEP2026,74500.000000,1000,OPTSTK,BFO,5.000000,60000,False
841810,AMBER26SEP8200CE,AMBER,24SEP2026,820000.000000,100,OPTSTK,BFO,5.000000,100000000,False
841811,BHEL26SEP407.5CE,BHEL,24SEP2026,40750.000000,2625,OPTSTK,BFO,5.000000,315000,False
1106044,POWERINDIA26NOV31000CE,POWERINDIA,26NOV2026,3100000.000000,25,OPTSTK,BFO,5.000000,100000000,False
1106051,TECHM26NOV1540PE,TECHM,26NOV2026,154000.000000,600,OPTSTK,BFO,5.000000,24000,False
1106052,SENSEX26O1570200CE,SENSEX,15OCT2026,7020000.000000,20,OPTIDX,BFO,5.000000,1000,False
1106060,CONCOR26NOV520PE,CONCOR,26NOV2026,52000.000000,1250,OPTSTK,BFO,5.000000,40000,False
1107411,BANKEX26NOV58700CE,BANKEX,26NOV2026,5870000.000000,30,OPTIDX,BFO,5.000000,900,False
1107415,KALYANKJIL26NOV640PE,KALYANKJIL,26NOV2026,64000.000000,1350,OPTSTK,BFO,5.000000,100000000,False
1107430,GRASIM26NOVFUT,GRASIM,26NOV2026,0.000000,250,FUTSTK,BFO,5.000000,14250,False
1107470,INFY26NOV1200PE,INFY,26NOV2026,120000.000000,400,OPTSTK,BFO,5.000000,16000,False
1124947,SENSEX5026NOV24000CE,SENSEX50,26NOV2026,2400000.000000,75,OPTIDX,BFO,5.000000,1800,False
1124956,RBLBANK26SEP445CE,RBLBANK,24SEP2026,44500.000000,3175,OPTSTK,BFO,5.000000,150000,False
1124959,SENSEX26O2282800CE,SENSEX,22OCT2026,8280000.000000,20,OPTIDX,BFO,5.000000,1000,False
1124979,SENSEX26O2272800PE,SENSEX,22OCT2026,7280000.000000,20,OPTIDX,BFO,5.000000,1000,False
841813,NHPC26SEPFUT,NHPC,24SEP2026,0.000000,6950,FUTSTK,BFO,5.000000,100000000,False
841816,SHREECEM26SEP25000CE,SHREECEM,24SEP2026,2500000.000000,25,OPTSTK,BFO,5.000000,1000,False
841818,SIEMENS26SEP3300PE,SIEMENS,24SEP2026,330000.000000,175,OPTSTK,BFO,5.000000,8250,False
841819,HDFCLIFE26SEP605PE,HDFCLIFE,24SEP2026,60500.000000,1100,OPTSTK,BFO,5.000000,44000,False
1125058,KAYNES26OCT3200CE,KAYNES,29OCT2026,320000.000000,150,OPTSTK,BFO,5.000000,100000000,False
1125100,SENSEX26O2280100PE,SENSEX,22OCT2026,8010000.000000,20,OPTIDX,BFO,5.000000,1000,False
1125109,SENSEX26O2278800PE,SENSEX,22OCT2026,7880000.000000,20,OPTIDX,BFO,5.000000,1000,False
1125145,SENSEX26O2282100CE,SENSEX,22OCT2026,8210000.000000,20,OPTIDX,BFO,5.000000,1000,False
841826,PGEL26SEP500CE,PGEL,24SEP2026,50000.000000,950,OPTSTK,BFO,5.000000,100000000,False
841830,BRITANNIA26SEP5450PE,BRITANNIA,24SEP2026,545000.000000,125,OPTSTK,BFO,5.000000,6000,False
841840,RBLBANK26SEP390PE,RBLBANK,24SEP2026,39000.000000,3175,OPTSTK,BFO,5.000000,150000,False
841841,VOLTAS26SEP1200CE,VOLTAS,24SEP2026,120000.000000,375,OPTSTK,BFO,5.000000,30000,False
1106062,HAVELLS26NOV1180CE,HAVELLS,26NOV2026,118000.000000,500,OPTSTK,BFO,5.000000,20000,False
1106069,LODHA26NOV1380PE,LODHA,26NOV2026,138000.000000,625,OPTSTK,BFO,5.000000,100000000,False
1106081,CONCOR26NOV525CE,CONCOR,26NOV2026,52500.000000,1250,OPTSTK,BFO,5.000000,40000,False
1106124,UNIONBANK26NOV175PE,UNIONBANK,26NOV2026,17500.000000,4425,OPTSTK,BFO,5.000000,100000000,False
1107488,JUBLFOOD26NOV475CE,JUBLFOOD,26NOV2026,47500.000000,1250,OPTSTK,BFO,5.000000,50000,False
1107495,PFC26SEP325PE,PFC,24SEP2026,32500.000000,1300,OPTSTK,BFO,5.000000,124000,False
1107506,NAM-INDIA26NOV1140CE,NAM-INDIA,26NOV2026,114000.000000,625,OPTSTK,BFO,5.000000,100000000,False
1107525,BAJFINANCE26NOV1130PE,BAJFINANCE,26NOV2026,113000.000000,750,OPTSTK,BFO,5.000000,3750,False
1125216,SENSEX26O2282400PE,SENSEX,22OCT2026,8240000.000000,20,OPTIDX,BFO,5.000000,1000,False
1125261,SENSEX26O2279600PE,SENSEX,22OCT2026,7960000.000000,20,OPTIDX,BFO,5.000000,1000,False
1125268,SENSEX26O2278100PE,SENSEX,22OCT2026,7810000.000000,20,OPTIDX,BFO,5.000000,1000,False
1125281,SENSEX26O2282700CE,SENSEX,22OCT2026,8270000.000000,20,OPTIDX,BFO,5.000000,1000,False
841846,360ONE26SEP1060CE,,24SEP2026,106000.000000,500,OPTSTK,BFO,5.000000,100000000,False
841847,RBLBANK26SEP395CE,RBLBANK,24SEP2026,39500.000000,3175,OPTSTK,BFO,5.000000,150000,False
841848,BRITANNIA26SEP5600CE,BRITANNIA,24SEP2026,560000.000000,125,OPTSTK,BFO,5.000000,6000,False
841855,ONGC26SEP242.5PE,ONGC,24SEP2026,24250.000000,2250,OPTSTK,BFO,5.000000,154000,False
1106131,RBLBANK26NOV380CE,RBLBANK,26NOV2026,38000.000000,3175,OPTSTK,BFO,5.000000,150000,False
1106171,NTPC26NOV350PE,NTPC,26NOV2026,35000.000000,1500,OPTSTK,BFO,5.000000,150000,False
1106180,IREDA26NOV117.5PE,IREDA,26NOV2026,11750.000000,4525,OPTSTK,BFO,5.000000,100000000,False
1106199,INDUSINDBK26NOV980PE,INDUSINDBK,26NOV2026,98000.000000,700,OPTSTK,BFO,5.000000,20000,False
1107547,ADANIENSOL26NOV1600CE,ADANIENSOL,26NOV2026,160000.000000,675,OPTSTK,BFO,5.000000,100000000,False
1107580,DIVISLAB26NOV9000CE,DIVISLAB,26NOV2026,900000.000000,100,OPTSTK,BFO,5.000000,8000,False
1107605,PIIND26NOV2700PE,PIIND,26NOV2026,270000.000000,175,OPTSTK,BFO,5.000000,7500,False
1107609,RECLTD26SEP285PE,RECLTD,24SEP2026,28500.000000,1575,OPTSTK,BFO,5.000000,160000,False
1125316,SENSEX26O2274400PE,SENSEX,22OCT2026,7440000.000000,20,OPTIDX,BFO,5.000000,1000,False
1125333,SENSEX26O2277600PE,SENSEX,22OCT2026,7760000.000000,20,OPTIDX,BFO,5.000000,1000,False
1125337,SENSEX26O2280700CE,SENSEX,22OCT2026,8070000.000000,20,OPTIDX,BFO,5.000000,1000,False
1125354,SENSEX26O2273900PE,SENSEX,22OCT2026,7390000.000000,20,OPTIDX,BFO,5.000000,1000,False
841856,HAL26SEP4150CE,HAL,24SEP2026,415000.000000,150,OPTSTK,BFO,5.000000,9000,False
841871,SUPREMEIND26SEP3400CE,SUPREMEIND,24SEP2026,340000.000000,175,OPTSTK,BFO,5.000000,100000000,False
1127317,CAMS26NOV660CE,CAMS,26NOV2026,66000.000000,825,OPTSTK,BFO,5.000000,100000000,False
1127322,SBILIFE26OCT1560PE,SBILIFE,29OCT2026,156000.000000,375,OPTSTK,BFO,5.000000,22500,False
1106238,BANKEX26NOV63200PE,BANKEX,26NOV2026,6320000.000000,30,OPTIDX,BFO,5.000000,900,False
1106258,SENSEX26O1580200CE,SENSEX,15OCT2026,8020000.000000,20,OPTIDX,BFO,5.000000,1000,False
1106271,ABCAPITAL26NOV390CE,ABCAPITAL,26NOV2026,39000.000000,3100,OPTSTK,BFO,5.000000,162000,False
1106289,ATHERENERG26NOV1340CE,ATHERENERG,26NOV2026,134000.000000,375,OPTSTK,BFO,5.000000,100000000,False
1107635,FOCIT26NOV30200CE,FOCIT,26NOV2026,3020000.000000,45,OPTIDX,BFO,5.000000,1350,False
1107642,OFSS26NOVFUT,OFSS,26NOV2026,0.000000,100,FUTSTK,BFO,5.000000,8000,False
1107649,UNITDSPR26NOV1560CE,UNITDSPR,26NOV2026,156000.000000,400,OPTSTK,BFO,5.000000,28000,False
1107760,IDFCFIRSTB26NOV79PE,IDFCFIRSTB,26NOV2026,7900.000000,9275,OPTSTK,BFO,5.000000,450000,False
1125385,LT26NOV3600CE,LT,26NOV2026,360000.000000,175,OPTSTK,BFO,5.000000,12000,False
1125388,SENSEX26O2269600PE,SENSEX,22OCT2026,6960000.000000,20,OPTIDX,BFO,5.000000,1000,False
1125411,RBLBANK26NOV440CE,RBLBANK,26NOV2026,44000.000000,3175,OPTSTK,BFO,5.000000,150000,False
1125420,MANAPPURAM26OCT300CE,MANAPPURAM,29OCT2026,30000.000000,3000,OPTSTK,BFO,5.000000,180000,False
1127347,GVT&D26NOV5400CE,GVT&D,26NOV2026,540000.000000,125,OPTSTK,BFO,5.000000,100000000,False
1127360,SOLARINDS26NOV24250CE,SOLARINDS,26NOV2026,2425000.000000,50,OPTSTK,BFO,5.000000,100000000,False
1127368,DIVISLAB26SEP10300PE,DIVISLAB,24SEP2026,1030000.000000,100,OPTSTK,BFO,5.000000,8000,False
1127404,SENSEX26O0868800PE,SENSEX,08OCT2026,6880000.000000,20,OPTIDX,BFO,5.000000,1000,False
1106292,SENSEX26NOV73200CE,SENSEX,26NOV2026,7320000.000000,20,OPTIDX,BFO,5.000000,1000,False
1106298,DRREDDY26NOV1120PE,DRREDDY,26NOV2026,112000.000000,625,OPTSTK,BFO,5.000000,5000,False
1106319,KPITTECH26NOV650CE,KPITTECH,26NOV2026,65000.000000,775,OPTSTK,BFO,5.000000,100000000,False
1106353,TATASTEEL26NOV192.5PE,TATASTEEL,26NOV2026,19250.000000,2750,OPTSTK,BFO,5.000000,220000,False
1125446,GODREJCP26NOV820PE,GODREJCP,26NOV2026,82000.000000,500,OPTSTK,BFO,5.000000,30000,False
1127485,SENSEX5026NOV23800PE,SENSEX50,26NOV2026,2380000.000000,75,OPTIDX,BFO,5.000000,1800,False
1127550,GODREJPROP26OCT1760CE,GODREJPROP,29OCT2026,176000.000000,325,OPTSTK,BFO,5.000000,19000,False
1127562,SENSEX26SEP68600PE,SENSEX,24SEP2026,6860000.000000,20,OPTIDX,BFO,5.000000,1000,False
1127571,AMBER26NOV6600PE,AMBER,26NOV2026,660000.000000,100,OPTSTK,BFO,5.000000,100000000,False
1125427,SENSEX26O2274400CE,SENSEX,22OCT2026,7440000.000000,20,OPTIDX,BFO,5.000000,1000,False
1125432,SENSEX26O2270700CE,SENSEX,22OCT2026,7070000.000000,20,OPTIDX,BFO,5.000000,1000,False
1125442,SENSEX26O2276700PE,SENSEX,22OCT2026,7670000.000000,20,OPTIDX,BFO,5.000000,1000,False
1107799,SUPREMEIND26NOV3600PE,SUPREMEIND,26NOV2026,360000.000000,175,OPTSTK,BFO,5.000000,100000000,False
1107820,SENSEX26O1577400CE,SENSEX,15OCT2026,7740000.000000,20,OPTIDX,BFO,5.000000,1000,False
1107826,GLENMARK26NOV2480PE,GLENMARK,26NOV2026,248000.000000,375,OPTSTK,BFO,5.000000,43500,False
1107890,HEROMOTOCO26NOV5900CE,HEROMOTOCO,26NOV2026,590000.000000,150,OPTSTK,BFO,5.000000,9000,False
1127587,PGEL26OCT480PE,PGEL,29OCT2026,48000.000000,950,OPTSTK,BFO,5.000000,100000000,False
1127619,ICICIGI26OCT1340PE,ICICIGI,29OCT2026,134000.000000,325,OPTSTK,BFO,5.000000,20000,False
1127675,CIPLA26OCT1310CE,CIPLA,29OCT2026,131000.000000,425,OPTSTK,BFO,5.000000,26000,False
1127685,SENSEX26O0868600CE,SENSEX,08OCT2026,6860000.000000,20,OPTIDX,BFO,5.000000,1000,False
1106358,FORCEMOT26NOV18500CE,FORCEMOT,26NOV2026,1850000.000000,25,OPTSTK,BFO,5.000000,100000000,False
1106378,FOCIT26NOV38300CE,FOCIT,26NOV2026,3830000.000000,45,OPTIDX,BFO,5.000000,1350,False
1106404,BANKEX26NOV68500CE,BANKEX,26NOV2026,6850000.000000,30,OPTIDX,BFO,5.000000,900,False
1106414,NYKAA26NOV330CE,NYKAA,26NOV2026,33000.000000,3125,OPTSTK,BFO,5.000000,100000000,False
1107892,HINDALCO26NOV960CE,HINDALCO,26NOV2026,96000.000000,700,OPTSTK,BFO,5.000000,56000,False
1107907,DABUR26NOV385CE,DABUR,26NOV2026,38500.000000,1250,OPTSTK,BFO,5.000000,50000,False
1107934,ITC26NOV282.5CE,ITC,26NOV2026,28250.000000,1725,OPTSTK,BFO,5.000000,64000,False
1107948,360ONE26NOV1320CE,,26NOV2026,132000.000000,500,OPTSTK,BFO,5.000000,100000000,False
1125457,DMART26NOV3400PE,DMART,26NOV2026,340000.000000,150,OPTSTK,BFO,5.000000,100000000,False
1125513,SENSEX26O2281800PE,SENSEX,22OCT2026,8180000.000000,20,OPTIDX,BFO,5.000000,1000,False
1125526,SENSEX27MAR81000PE,SENSEX,25MAR2027,8100000.000000,20,OPTIDX,BFO,5.000000,1000,False
1125577,SENSEX26O2282300CE,SENSEX,22OCT2026,8230000.000000,20,OPTIDX,BFO,5.000000,1000,False
1127716,SENSEX26O0868900PE,SENSEX,08OCT2026,6890000.000000,20,OPTIDX,BFO,5.000000,1000,False
1127737,SENSEX26O0868800CE,SENSEX,08OCT2026,6880000.000000,20,OPTIDX,BFO,5.000000,1000,False
1127748,SENSEX26O1569000CE,SENSEX,15OCT2026,6900000.000000,20,OPTIDX,BFO,5.000000,1000,False
1127767,GODREJPROP26OCT1760PE,GODREJPROP,29OCT2026,176000.000000,325,OPTSTK,BFO,5.000000,19000,False
1125579,SENSEX26O2273800PE,SENSEX,22OCT2026,7380000.000000,20,OPTIDX,BFO,5.000000,1000,False
1125614,ZYDUSLIFE26NOV1070PE,ZYDUSLIFE,26NOV2026,107000.000000,900,OPTSTK,BFO,5.000000,54000,False
1125615,SENSEX26O0869300CE,SENSEX,08OCT2026,6930000.000000,20,OPTIDX,BFO,5.000000,1000,False
1125641,SENSEX26O2270600CE,SENSEX,22OCT2026,7060000.000000,20,OPTIDX,BFO,5.000000,1000,False
1106418,IRFC26NOV79PE,IRFC,26NOV2026,7900.000000,5425,OPTSTK,BFO,5.000000,100000000,False
1106429,ABB26NOV7400PE,ABB,26NOV2026,740000.000000,125,OPTSTK,BFO,5.000000,7500,False
1106439,BIOCON26NOV385CE,BIOCON,26NOV2026,38500.000000,2500,OPTSTK,BFO,5.000000,100000,False
1106454,UNITDSPR26NOV1520CE,UNITDSPR,26NOV2026,152000.000000,400,OPTSTK,BFO,5.000000,28000,False
1107952,HDFCLIFE26NOV545PE,HDFCLIFE,26NOV2026,54500.000000,1100,OPTSTK,BFO,5.000000,44000,False
1107966,BANKEX26NOV61000CE,BANKEX,26NOV2026,6100000.000000,30,OPTIDX,BFO,5.000000,900,False
1127768,ICICIBANK26NOV1330CE,ICICIBANK,26NOV2026,133000.000000,700,OPTSTK,BFO,5.000000,28000,False
1127876,SENSEX2691768600PE,SENSEX,17SEP2026,6860000.000000,20,OPTIDX,BFO,5.000000,1000,False
1127894,SOLARINDS26SEP24000PE,SOLARINDS,24SEP2026,2400000.000000,50,OPTSTK,BFO,5.000000,100000000,False
1127895,CIPLA26OCT1310PE,CIPLA,29OCT2026,131000.000000,425,OPTSTK,BFO,5.000000,26000,False
1107957,MOTHERSON26NOV165CE,MOTHERSON,26NOV2026,16500.000000,6150,OPTSTK,BFO,5.000000,284000,False
1107960,CONCOR26NOV475PE,CONCOR,26NOV2026,47500.000000,1250,OPTSTK,BFO,5.000000,40000,False
1125651,SENSEX26O2279800PE,SENSEX,22OCT2026,7980000.000000,20,OPTIDX,BFO,5.000000,1000,False
1125740,RBLBANK26SEP445PE,RBLBANK,24SEP2026,44500.000000,3175,OPTSTK,BFO,5.000000,150000,False
1125824,MARICO26OCT740PE,MARICO,29OCT2026,74000.000000,1200,OPTSTK,BFO,5.000000,48000,False
1125825,ANGELONE26NOV335PE,ANGELONE,26NOV2026,33500.000000,2500,OPTSTK,BFO,5.000000,100000000,False
1106487,LT26NOVFUT,LT,26NOV2026,0.000000,175,FUTSTK,BFO,5.000000,12000,False
1106488,KOTAKBANK26OCT460PE,KOTAKBANK,29OCT2026,46000.000000,2000,OPTSTK,BFO,5.000000,12000,False
1106502,ADANIPOWER26NOV185PE,ADANIPOWER,26NOV2026,18500.000000,3550,OPTSTK,BFO,5.000000,100000000,False
1106509,BHARATFORG26NOV1980PE,BHARATFORG,26NOV2026,198000.000000,500,OPTSTK,BFO,5.000000,30000,False
1127932,360ONE26NOV980CE,,26NOV2026,98000.000000,500,OPTSTK,BFO,5.000000,100000000,False
1127943,SENSEX2691768800PE,SENSEX,17SEP2026,6880000.000000,20,OPTIDX,BFO,5.000000,1000,False
1128003,SENSEX2691768700CE,SENSEX,17SEP2026,6870000.000000,20,OPTIDX,BFO,5.000000,1000,False
1128027,SHREECEM26SEP21500PE,SHREECEM,24SEP2026,2150000.000000,25,OPTSTK,BFO,5.000000,1000,False
1107981,RVNL26NOV230CE,RVNL,26NOV2026,23000.000000,1925,OPTSTK,BFO,5.000000,100000000,False
1107990,VOLTAS26NOV1140CE,VOLTAS,26NOV2026,114000.000000,375,OPTSTK,BFO,5.000000,30000,False
1108703,SENSEX26O1581400CE,SENSEX,15OCT2026,8140000.000000,20,OPTIDX,BFO,5.000000,1000,False
1108861,INDUSTOWER26NOV400CE,INDUSTOWER,26NOV2026,40000.000000,1700,OPTSTK,BFO,5.000000,170000,False
1125832,MANKIND26NOV2180PE,MANKIND,26NOV2026,218000.000000,250,OPTSTK,BFO,5.000000,100000000,False
1125845,POLYCAB26OCT7900CE,POLYCAB,29OCT2026,790000.000000,125,OPTSTK,BFO,5.000000,9000,False
1125855,LUPIN26NOV1980PE,LUPIN,26NOV2026,198000.000000,425,OPTSTK,BFO,5.000000,34000,False
1125867,LUPIN26NOV1980CE,LUPIN,26NOV2026,198000.000000,425,OPTSTK,BFO,5.000000,34000,False
1128035,PGEL26OCT480CE,PGEL,29OCT2026,48000.000000,950,OPTSTK,BFO,5.000000,100000000,False
1128101,SBILIFE26NOV1560CE,SBILIFE,26NOV2026,156000.000000,375,OPTSTK,BFO,5.000000,22500,False
1128164,SENSEX26OCT69000CE,SENSEX,29OCT2026,6900000.000000,20,OPTIDX,BFO,5.000000,1000,False
1128185,CIPLA26SEP1310PE,CIPLA,24SEP2026,131000.000000,425,OPTSTK,BFO,5.000000,26000,False
1106543,ULTRACEMCO26NOV12100CE,ULTRACEMCO,26NOV2026,1210000.000000,50,OPTSTK,BFO,5.000000,3000,False
1106552,360ONE26NOV1220PE,,26NOV2026,122000.000000,500,OPTSTK,BFO,5.000000,100000000,False
1106581,MAHABANK26SEP81PE,MAHABANK,24SEP2026,8100.000000,6500,OPTSTK,BFO,5.000000,100000000,False
1106592,POLYCAB26NOV8300PE,POLYCAB,26NOV2026,830000.000000,125,OPTSTK,BFO,5.000000,9000,False
1109370,SBICARD26NOV680PE,SBICARD,26NOV2026,68000.000000,800,OPTSTK,BFO,5.000000,32000,False
1109401,SONACOMS26NOV880CE,SONACOMS,26NOV2026,88000.000000,1225,OPTSTK,BFO,5.000000,100000000,False
1109552,ICICIPRULI26NOV495PE,ICICIPRULI,26NOV2026,49500.000000,925,OPTSTK,BFO,5.000000,60000,False
1110087,HINDZINC26NOV680CE,HINDZINC,26NOV2026,68000.000000,1225,OPTSTK,BFO,5.000000,100000000,False
1125895,DRREDDY26NOV1080PE,DRREDDY,26NOV2026,108000.000000,625,OPTSTK,BFO,5.000000,5000,False
1125916,POLYCAB26NOV8000CE,POLYCAB,26NOV2026,800000.000000,125,OPTSTK,BFO,5.000000,9000,False
1125931,BRITANNIA26NOV4750CE,BRITANNIA,26NOV2026,475000.000000,125,OPTSTK,BFO,5.000000,6000,False
1125951,LAURUSLABS26NOV1700PE,LAURUSLABS,26NOV2026,170000.000000,850,OPTSTK,BFO,5.000000,68000,False
1128209,SENSEX26O1568900CE,SENSEX,15OCT2026,6890000.000000,20,OPTIDX,BFO,5.000000,1000,False
1128230,BPCL26OCT270CE,BPCL,29OCT2026,27000.000000,1975,OPTSTK,BFO,5.000000,72000,False
1128303,SENSEX26OCT68800CE,SENSEX,29OCT2026,6880000.000000,20,OPTIDX,BFO,5.000000,1000,False
1128343,MANKIND26SEP2140PE,MANKIND,24SEP2026,214000.000000,250,OPTSTK,BFO,5.000000,100000000,False
1128476,NAUKRI26NOV1120CE,NAUKRI,26NOV2026,112000.000000,550,OPTSTK,BFO,5.000000,6000,False
1128481,SENSEX26SEP68400CE,SENSEX,24SEP2026,6840000.000000,20,OPTIDX,BFO,5.000000,1000,False
1128554,ULTRACEMCO26OCT10200CE,ULTRACEMCO,29OCT2026,1020000.000000,50,OPTSTK,BFO,5.000000,3000,False
1106600,GAIL26NOV180CE,GAIL,26NOV2026,18000.000000,3550,OPTSTK,BFO,5.000000,274500,False
1106603,UPL26NOV650PE,UPL,26NOV2026,65000.000000,1355,OPTSTK,BFO,5.000000,39000,False
1106608,SRF26NOV2800CE,SRF,26NOV2026,280000.000000,200,OPTSTK,BFO,5.000000,11250,False
1106615,CONCOR26NOV525PE,CONCOR,26NOV2026,52500.000000,1250,OPTSTK,BFO,5.000000,40000,False
1128526,WAAREEENER26OCT2200PE,WAAREEENER,29OCT2026,220000.000000,175,OPTSTK,BFO,5.000000,100000000,False
1110351,360ONE26NOV1080PE,,26NOV2026,108000.000000,500,OPTSTK,BFO,5.000000,100000000,False
1110475,FOCIT26NOV32800PE,FOCIT,26NOV2026,3280000.000000,45,OPTIDX,BFO,5.000000,1350,False
1110719,RVNL26NOVFUT,RVNL,26NOV2026,0.000000,1925,FUTSTK,BFO,5.000000,100000000,False
1110722,INDIGO26NOV5000CE,INDIGO,26NOV2026,500000.000000,150,OPTSTK,BFO,5.000000,12000,False
1125961,POLICYBZR26SEP2000CE,POLICYBZR,24SEP2026,200000.000000,350,OPTSTK,BFO,5.000000,100000000,False
1125962,POLYCAB26NOV7700PE,POLYCAB,26NOV2026,770000.000000,125,OPTSTK,BFO,5.000000,9000,False
1125978,LICHSGFIN26NOV640CE,LICHSGFIN,26NOV2026,64000.000000,1000,OPTSTK,BFO,5.000000,60000,False
1125992,BIOCON26NOV360PE,BIOCON,26NOV2026,36000.000000,2500,OPTSTK,BFO,5.000000,100000,False
1106630,TMPV26NOV295PE,TMPV,26NOV2026,29500.000000,1600,OPTSTK,BFO,5.000000,42750,False
1106655,GVT&D26NOV4900CE,GVT&D,26NOV2026,490000.000000,125,OPTSTK,BFO,5.000000,100000000,False
1106656,GLENMARK26NOV2440PE,GLENMARK,26NOV2026,244000.000000,375,OPTSTK,BFO,5.000000,43500,False
1106667,POWERGRID26NOV255CE,POWERGRID,26NOV2026,25500.000000,1900,OPTSTK,BFO,5.000000,108000,False
1128643,SENSEX2691767800PE,SENSEX,17SEP2026,6780000.000000,20,OPTIDX,BFO,5.000000,1000,False
1128698,SENSEX26O1568000PE,SENSEX,15OCT2026,6800000.000000,20,OPTIDX,BFO,5.000000,1000,False
1128790,ADANIPORTS26NOV1860CE,ADANIPORTS,26NOV2026,186000.000000,475,OPTSTK,BFO,5.000000,32000,False
1128797,OFSS26NOV11000CE,OFSS,26NOV2026,1100000.000000,100,OPTSTK,BFO,5.000000,8000,False
1110723,TRENT26NOV3050PE,TRENT,26NOV2026,305000.000000,225,OPTSTK,BFO,5.000000,16000,False
1110724,CONCOR26NOVFUT,CONCOR,26NOV2026,0.000000,1250,FUTSTK,BFO,5.000000,40000,False
1110733,LTF26NOV310CE,LTF,26NOV2026,31000.000000,2250,OPTSTK,BFO,5.000000,267720,False
1110745,SUNPHARMA26NOV1780CE,SUNPHARMA,26NOV2026,178000.000000,350,OPTSTK,BFO,5.000000,28000,False
1126109,MARICO26SEP740CE,MARICO,24SEP2026,74000.000000,1200,OPTSTK,BFO,5.000000,48000,False
1126071,POLYCAB26SEP7800PE,POLYCAB,24SEP2026,780000.000000,125,OPTSTK,BFO,5.000000,9000,False
1126085,MANKIND26SEP2180CE,MANKIND,24SEP2026,218000.000000,250,OPTSTK,BFO,5.000000,100000000,False
1126089,HDFCAMC26SEP2100CE,HDFCAMC,24SEP2026,210000.000000,300,OPTSTK,BFO,5.000000,12000,False
1128834,SENSEX26O0167900PE,SENSEX,01OCT2026,6790000.000000,20,OPTIDX,BFO,5.000000,1000,False
1128844,FOCIT26OCT29300PE,FOCIT,29OCT2026,2930000.000000,45,OPTIDX,BFO,5.000000,1350,False
1128846,SENSEX26O1568200PE,SENSEX,15OCT2026,6820000.000000,20,OPTIDX,BFO,5.000000,1000,False
1128860,TCS26NOV2080CE,TCS,26NOV2026,208000.000000,225,OPTSTK,BFO,5.000000,7000,False
1106693,LAURUSLABS26NOV1960PE,LAURUSLABS,26NOV2026,196000.000000,850,OPTSTK,BFO,5.000000,68000,False
1106705,JSWENERGY26NOV530CE,JSWENERGY,26NOV2026,53000.000000,1075,OPTSTK,BFO,5.000000,100000000,False
1106724,NTPC26NOV355PE,NTPC,26NOV2026,35500.000000,1500,OPTSTK,BFO,5.000000,150000,False
1106744,CHOLAFIN26NOVFUT,CHOLAFIN,26NOV2026,0.000000,625,FUTSTK,BFO,5.000000,25000,False
1110755,MAHABANK26NOV88PE,MAHABANK,26NOV2026,8800.000000,6500,OPTSTK,BFO,5.000000,100000000,False
1110772,HINDPETRO26NOV310CE,HINDPETRO,26NOV2026,31000.000000,2025,OPTSTK,BFO,5.000000,108000,False
1110788,DLF26NOV740PE,DLF,26NOV2026,74000.000000,950,OPTSTK,BFO,5.000000,49500,False
1110789,SENSEX26O1573100PE,SENSEX,15OCT2026,7310000.000000,20,OPTIDX,BFO,5.000000,1000,False
1126142,HAVELLS26OCT1040PE,HAVELLS,29OCT2026,104000.000000,500,OPTSTK,BFO,5.000000,20000,False
1126154,MANKIND26OCT2180CE,MANKIND,29OCT2026,218000.000000,250,OPTSTK,BFO,5.000000,100000000,False
1126206,RBLBANK26OCT450CE,RBLBANK,29OCT2026,45000.000000,3175,OPTSTK,BFO,5.000000,150000,False
1126208,INDUSINDBK26NOV1080CE,INDUSINDBK,26NOV2026,108000.000000,700,OPTSTK,BFO,5.000000,20000,False
1128861,BHARTIARTL26SEP1680CE,BHARTIARTL,24SEP2026,168000.000000,475,OPTSTK,BFO,5.000000,28500,False
1128884,CAMS26SEP650PE,CAMS,24SEP2026,65000.000000,825,OPTSTK,BFO,5.000000,100000000,False
1128912,FOCIT26OCT29200CE,FOCIT,29OCT2026,2920000.000000,45,OPTIDX,BFO,5.000000,1350,False
1128921,SENSEX26O1568100CE,SENSEX,15OCT2026,6810000.000000,20,OPTIDX,BFO,5.000000,1000,False
1106790,ABCAPITAL26NOV395CE,ABCAPITAL,26NOV2026,39500.000000,3100,OPTSTK,BFO,5.000000,162000,False
1106803,BANKEX26NOV69100CE,BANKEX,26NOV2026,6910000.000000,30,OPTIDX,BFO,5.000000,900,False
1106813,MUTHOOTFIN26NOV3050CE,MUTHOOTFIN,26NOV2026,305000.000000,275,OPTSTK,BFO,5.000000,22000,False
1106832,SENSEX26O1582800PE,SENSEX,15OCT2026,8280000.000000,20,OPTIDX,BFO,5.000000,1000,False
1126227,POWERINDIA26NOV28000CE,POWERINDIA,26NOV2026,2800000.000000,25,OPTSTK,BFO,5.000000,100000000,False
1126253,LICHSGFIN26NOV630CE,LICHSGFIN,26NOV2026,63000.000000,1000,OPTSTK,BFO,5.000000,60000,False
1126281,POLYCAB26OCT7700PE,POLYCAB,29OCT2026,770000.000000,125,OPTSTK,BFO,5.000000,9000,False
1126284,POLYCAB26NOV7700CE,POLYCAB,26NOV2026,770000.000000,125,OPTSTK,BFO,5.000000,9000,False
1128933,SENSEX26O1567800PE,SENSEX,15OCT2026,6780000.000000,20,OPTIDX,BFO,5.000000,1000,False
1128938,NYKAA26NOV380PE,NYKAA,26NOV2026,38000.000000,3125,OPTSTK,BFO,5.000000,100000000,False
1128952,ULTRACEMCO26SEP10300PE,ULTRACEMCO,24SEP2026,1030000.000000,50,OPTSTK,BFO,5.000000,3000,False
1128958,MUTHOOTFIN26SEP2450CE,MUTHOOTFIN,24SEP2026,245000.000000,275,OPTSTK,BFO,5.000000,22000,False
1106852,BRITANNIA26NOV5350PE,BRITANNIA,26NOV2026,535000.000000,125,OPTSTK,BFO,5.000000,6000,False
1106904,BRITANNIA26NOV5500CE,BRITANNIA,26NOV2026,550000.000000,125,OPTSTK,BFO,5.000000,6000,False
1106916,MAHABANK26NOV90PE,MAHABANK,26NOV2026,9000.000000,6500,OPTSTK,BFO,5.000000,100000000,False
1106922,FOCIT26NOV34000PE,FOCIT,26NOV2026,3400000.000000,45,OPTIDX,BFO,5.000000,1350,False
1110803,LT26NOV4300PE,LT,26NOV2026,430000.000000,175,OPTSTK,BFO,5.000000,12000,False
1110811,MARUTI26NOV13700PE,MARUTI,26NOV2026,1370000.000000,50,OPTSTK,BFO,5.000000,3000,False
1110826,PHOENIXLTD26NOV1880PE,PHOENIXLTD,26NOV2026,188000.000000,350,OPTSTK,BFO,5.000000,100000000,False
1110830,NTPC26NOV320CE,NTPC,26NOV2026,32000.000000,1500,OPTSTK,BFO,5.000000,150000,False
1126355,BHARATFORG26NOV1820PE,BHARATFORG,26NOV2026,182000.000000,500,OPTSTK,BFO,5.000000,30000,False
1126358,BHARATFORG26OCT1820PE,BHARATFORG,29OCT2026,182000.000000,500,OPTSTK,BFO,5.000000,30000,False
1126363,IDEA26NOV23CE,IDEA,26NOV2026,2300.000000,71475,OPTSTK,BFO,5.000000,2400000,False
1126433,TMPV26SEP270PE,TMPV,24SEP2026,27000.000000,1600,OPTSTK,BFO,5.000000,42750,False
1128959,SENSEX26O1568400PE,SENSEX,15OCT2026,6840000.000000,20,OPTIDX,BFO,5.000000,1000,False
1128978,SBIN26SEP930PE,SBIN,24SEP2026,93000.000000,750,OPTSTK,BFO,5.000000,45000,False
1129014,HCLTECH26NOV1180CE,HCLTECH,26NOV2026,118000.000000,400,OPTSTK,BFO,5.000000,21000,False
1129031,PRESTIGE26OCT1400CE,PRESTIGE,29OCT2026,140000.000000,450,OPTSTK,BFO,5.000000,100000000,False
1107015,BOSCHLTD26NOV50000CE,BOSCHLTD,26NOV2026,5000000.000000,25,OPTSTK,BFO,5.000000,1500,False
1106983,GLENMARK26NOV2340CE,GLENMARK,26NOV2026,234000.000000,375,OPTSTK,BFO,5.000000,43500,False
1106999,BANKEX26OCT57700CE,BANKEX,29OCT2026,5770000.000000,30,OPTIDX,BFO,5.000000,900,False
1107012,SENSEX26NOV83500PE,SENSEX,26NOV2026,8350000.000000,20,OPTIDX,BFO,5.000000,1000,False
1110835,FEDERALBNK26NOV370CE,FEDERALBNK,26NOV2026,37000.000000,2500,OPTSTK,BFO,5.000000,200000,False
1110840,DIVISLAB26NOV9300PE,DIVISLAB,26NOV2026,930000.000000,100,OPTSTK,BFO,5.000000,8000,False
1110844,IOC26NOV135PE,IOC,26NOV2026,13500.000000,4875,OPTSTK,BFO,5.000000,292500,False
1110849,TCS26NOV2280PE,TCS,26NOV2026,228000.000000,225,OPTSTK,BFO,5.000000,7000,False
1126453,PIDILITIND26NOV1440CE,PIDILITIND,26NOV2026,144000.000000,500,OPTSTK,BFO,5.000000,10000,False
1126478,GODREJCP26SEP790CE,GODREJCP,24SEP2026,79000.000000,500,OPTSTK,BFO,5.000000,30000,False
1126489,BPCL26NOV275PE,BPCL,26NOV2026,27500.000000,1975,OPTSTK,BFO,5.000000,72000,False
1126537,COLPAL26OCT1680PE,COLPAL,29OCT2026,168000.000000,275,OPTSTK,BFO,5.000000,14000,False
1129038,SENSEX5026OCT23650CE,SENSEX50,29OCT2026,2365000.000000,75,OPTIDX,BFO,5.000000,1800,False
1129040,BANKEX26NOV56900CE,BANKEX,26NOV2026,5690000.000000,30,OPTIDX,BFO,5.000000,900,False
1129079,FOCIT26NOV29100CE,FOCIT,26NOV2026,2910000.000000,45,OPTIDX,BFO,5.000000,1350,False
1129093,IRFC26NOV74PE,IRFC,26NOV2026,7400.000000,5425,OPTSTK,BFO,5.000000,100000000,False
1110852,SHRIRAMFIN26NOV1020PE,SHRIRAMFIN,26NOV2026,102000.000000,825,OPTSTK,BFO,5.000000,18000,False
1110865,RADICO26NOV4550PE,RADICO,26NOV2026,455000.000000,150,OPTSTK,BFO,5.000000,100000000,False
1110920,BANKEX26NOV58900CE,BANKEX,26NOV2026,5890000.000000,30,OPTIDX,BFO,5.000000,900,False
1110929,OIL26NOV460CE,OIL,26NOV2026,46000.000000,1400,OPTSTK,BFO,5.000000,100000000,False
1107019,TATAELXSI26NOV4000CE,TATAELXSI,26NOV2026,400000.000000,125,OPTSTK,BFO,5.000000,100000000,False
1107024,BHARTIARTL26OCT1740PE,BHARTIARTL,29OCT2026,174000.000000,475,OPTSTK,BFO,5.000000,28500,False
1107032,FORTIS26NOV850CE,FORTIS,26NOV2026,85000.000000,775,OPTSTK,BFO,5.000000,100000000,False
1107062,RADICO26NOV4600PE,RADICO,26NOV2026,460000.000000,150,OPTSTK,BFO,5.000000,100000000,False
1126560,FORCEMOT26NOV21500CE,FORCEMOT,26NOV2026,2150000.000000,25,OPTSTK,BFO,5.000000,100000000,False
1126562,WIPRO26NOV155CE,WIPRO,26NOV2026,15500.000000,3000,OPTSTK,BFO,5.000000,60000,False
1126647,ICICIPRULI26NOV455PE,ICICIPRULI,26NOV2026,45500.000000,925,OPTSTK,BFO,5.000000,60000,False
1126655,FOCIT26NOV29400PE,FOCIT,26NOV2026,2940000.000000,45,OPTIDX,BFO,5.000000,1350,False
1129094,HEROMOTOCO26OCT4500CE,HEROMOTOCO,29OCT2026,450000.000000,150,OPTSTK,BFO,5.000000,9000,False
1129102,IRFC26SEP74CE,IRFC,24SEP2026,7400.000000,5425,OPTSTK,BFO,5.000000,100000000,False
1129182,HDFCBANK26NOV620PE,HDFCBANK,26NOV2026,62000.000000,650,OPTSTK,BFO,5.000000,16500,False
1129189,HDFCLIFE26OCT485CE,HDFCLIFE,29OCT2026,48500.000000,1100,OPTSTK,BFO,5.000000,44000,False
1110931,BOSCHLTD26NOV49500CE,BOSCHLTD,26NOV2026,4950000.000000,25,OPTSTK,BFO,5.000000,1500,False
1110933,RECLTD26NOV335PE,RECLTD,26NOV2026,33500.000000,1575,OPTSTK,BFO,5.000000,160000,False
1110955,BANKEX26NOV63600PE,BANKEX,26NOV2026,6360000.000000,30,OPTIDX,BFO,5.000000,900,False
1110968,INDUSTOWER26NOV405CE,INDUSTOWER,26NOV2026,40500.000000,1700,OPTSTK,BFO,5.000000,170000,False
1129215,SENSEX26O0168500CE,SENSEX,01OCT2026,6850000.000000,20,OPTIDX,BFO,5.000000,1000,False
1129229,SENSEX26O0868000PE,SENSEX,08OCT2026,6800000.000000,20,OPTIDX,BFO,5.000000,1000,False
1129255,MANKIND26SEP2120PE,MANKIND,24SEP2026,212000.000000,250,OPTSTK,BFO,5.000000,100000000,False
1129264,SENSEX5026SEP23750PE,SENSEX50,24SEP2026,2375000.000000,75,OPTIDX,BFO,5.000000,1800,False
1126667,NESTLEIND26OCT1330PE,NESTLEIND,29OCT2026,133000.000000,500,OPTSTK,BFO,5.000000,1200,False
1126678,SENSEX26NOV69100PE,SENSEX,26NOV2026,6910000.000000,20,OPTIDX,BFO,5.000000,1000,False
1126697,ASIANPAINT26NOV2360PE,ASIANPAINT,26NOV2026,236000.000000,250,OPTSTK,BFO,5.000000,8000,False
1126752,ICICIPRULI26NOV450CE,ICICIPRULI,26NOV2026,45000.000000,925,OPTSTK,BFO,5.000000,60000,False
1107082,IOC26NOV150CE,IOC,26NOV2026,15000.000000,4875,OPTSTK,BFO,5.000000,292500,False
1107106,HAL26NOVFUT,HAL,26NOV2026,0.000000,150,FUTSTK,BFO,5.000000,9000,False
1107119,COLPAL26NOV1940PE,COLPAL,26NOV2026,194000.000000,275,OPTSTK,BFO,5.000000,14000,False
1107168,KOTAKBANK26NOV455PE,KOTAKBANK,26NOV2026,45500.000000,2000,OPTSTK,BFO,5.000000,12000,False
1110974,GRASIM26NOV3140PE,GRASIM,26NOV2026,314000.000000,250,OPTSTK,BFO,5.000000,14250,False
1110982,KEI26NOV5200PE,KEI,26NOV2026,520000.000000,175,OPTSTK,BFO,5.000000,100000000,False
1110996,LICHSGFIN26NOV490CE,LICHSGFIN,26NOV2026,49000.000000,1000,OPTSTK,BFO,5.000000,60000,False
1111002,SENSEX26O1581700PE,SENSEX,15OCT2026,8170000.000000,20,OPTIDX,BFO,5.000000,1000,False
1129292,SENSEX26SEP68300PE,SENSEX,24SEP2026,6830000.000000,20,OPTIDX,BFO,5.000000,1000,False
1129301,FOCIT26OCT28700CE,FOCIT,29OCT2026,2870000.000000,45,OPTIDX,BFO,5.000000,1350,False
1129344,SENSEX26SEP68200CE,SENSEX,24SEP2026,6820000.000000,20,OPTIDX,BFO,5.000000,1000,False
1129351,CAMS26OCT650CE,CAMS,29OCT2026,65000.000000,825,OPTSTK,BFO,5.000000,100000000,False
1107192,BANKBARODA26NOV265CE,BANKBARODA,26NOV2026,26500.000000,2925,OPTSTK,BFO,5.000000,175500,False
1107203,MCX26NOV3000PE,MCX,26NOV2026,300000.000000,225,OPTSTK,BFO,5.000000,16000,False
1107218,LICHSGFIN26NOV540CE,LICHSGFIN,26NOV2026,54000.000000,1000,OPTSTK,BFO,5.000000,60000,False
1107219,NAM-INDIA26NOV1240PE,NAM-INDIA,26NOV2026,124000.000000,625,OPTSTK,BFO,5.000000,100000000,False
1126831,ICICIGI26NOV1360PE,ICICIGI,26NOV2026,136000.000000,325,OPTSTK,BFO,5.000000,20000,False
1126876,SENSEX2691769100PE,SENSEX,17SEP2026,6910000.000000,20,OPTIDX,BFO,5.000000,1000,False
1126891,GODREJCP26SEP800PE,GODREJCP,24SEP2026,80000.000000,500,OPTSTK,BFO,5.000000,30000,False
1126923,MANAPPURAM26OCT290PE,MANAPPURAM,29OCT2026,29000.000000,3000,OPTSTK,BFO,5.000000,180000,False
1129364,SENSEX26O0868100CE,SENSEX,08OCT2026,6810000.000000,20,OPTIDX,BFO,5.000000,1000,False
1129450,FOCIT26NOV29000CE,FOCIT,26NOV2026,2900000.000000,45,OPTIDX,BFO,5.000000,1350,False
1129478,MPHASIS26OCT1950CE,MPHASIS,29OCT2026,195000.000000,275,OPTSTK,BFO,5.000000,11000,False
1129483,TCS26NOV2100PE,TCS,26NOV2026,210000.000000,225,OPTSTK,BFO,5.000000,7000,False
1111012,ALKEM26SEP4950CE,ALKEM,24SEP2026,495000.000000,125,OPTSTK,BFO,5.000000,8000,False
1111039,M&M26NOV3350CE,M&M,26NOV2026,335000.000000,200,OPTSTK,BFO,5.000000,21000,False
1111052,NATIONALUM26NOV420CE,NATIONALUM,26NOV2026,42000.000000,1875,OPTSTK,BFO,5.000000,300000,False
1111057,PERSISTENT26NOV5100PE,PERSISTENT,26NOV2026,510000.000000,125,OPTSTK,BFO,5.000000,5250,False
1126944,KEI26SEP4000CE,KEI,24SEP2026,400000.000000,175,OPTSTK,BFO,5.000000,100000000,False
1126976,MOTILALOFS26OCT1200CE,MOTILALOFS,29OCT2026,120000.000000,775,OPTSTK,BFO,5.000000,100000000,False
1126993,IDEA26OCT23PE,IDEA,29OCT2026,2300.000000,71475,OPTSTK,BFO,5.000000,2400000,False
1127026,SENSEX26O0869100CE,SENSEX,08OCT2026,6910000.000000,20,OPTIDX,BFO,5.000000,1000,False
1129511,CIPLA26OCT1300CE,CIPLA,29OCT2026,130000.000000,425,OPTSTK,BFO,5.000000,26000,False
1129525,DABUR26NOV335PE,DABUR,26NOV2026,33500.000000,1250,OPTSTK,BFO,5.000000,50000,False
1129534,SENSEX26NOV68100PE,SENSEX,26NOV2026,6810000.000000,20,OPTIDX,BFO,5.000000,1000,False
1129545,SENSEX5026SEP23600CE,SENSEX50,24SEP2026,2360000.000000,75,OPTIDX,BFO,5.000000,1800,False
1107222,BANDHANBNK26NOV165CE,BANDHANBNK,26NOV2026,16500.000000,3600,OPTSTK,BFO,5.000000,100000,False
1107238,LT26NOV4100PE,LT,26NOV2026,410000.000000,175,OPTSTK,BFO,5.000000,12000,False
1107266,NAM-INDIA26NOV1080PE,NAM-INDIA,26NOV2026,108000.000000,625,OPTSTK,BFO,5.000000,100000000,False
1107317,ASHOKLEY26NOV165CE,ASHOKLEY,26NOV2026,16500.000000,5000,OPTSTK,BFO,5.000000,150000,False
1111074,AMBER26NOV7900CE,AMBER,26NOV2026,790000.000000,100,OPTSTK,BFO,5.000000,100000000,False
1111075,SUZLON26NOV54PE,SUZLON,26NOV2026,5400.000000,12700,OPTSTK,BFO,5.000000,100000000,False
1111076,INDIANB26NOV930CE,INDIANB,26NOV2026,93000.000000,1000,OPTSTK,BFO,5.000000,100000000,False
1111086,MOTILALOFS26NOV1100CE,MOTILALOFS,26NOV2026,110000.000000,775,OPTSTK,BFO,5.000000,100000000,False
1129547,UNITDSPR26OCT1260CE,UNITDSPR,29OCT2026,126000.000000,400,OPTSTK,BFO,5.000000,28000,False
1129548,SENSEX26O2268500PE,SENSEX,22OCT2026,6850000.000000,20,OPTIDX,BFO,5.000000,1000,False
1129568,SENSEX27DEC70000PE,SENSEX,30DEC2027,7000000.000000,20,OPTIDX,BFO,5.000000,1000,False
1129573,MAZDOCK26NOV2050PE,MAZDOCK,26NOV2026,205000.000000,225,OPTSTK,BFO,5.000000,100000000,False
1127046,UNITDSPR26OCT1300PE,UNITDSPR,29OCT2026,130000.000000,400,OPTSTK,BFO,5.000000,28000,False
1127062,GODREJCP26SEP800CE,GODREJCP,24SEP2026,80000.000000,500,OPTSTK,BFO,5.000000,30000,False
1127089,TATAELXSI26OCT3150CE,TATAELXSI,29OCT2026,315000.000000,125,OPTSTK,BFO,5.000000,100000000,False
1127131,SENSEX26O0169100PE,SENSEX,01OCT2026,6910000.000000,20,OPTIDX,BFO,5.000000,1000,False
1107325,PREMIERENE26NOV1120PE,PREMIERENE,26NOV2026,112000.000000,650,OPTSTK,BFO,5.000000,100000000,False
1107327,CGPOWER26NOV1000PE,CGPOWER,26NOV2026,100000.000000,850,OPTSTK,BFO,5.000000,100000000,False
1107334,HINDPETRO26NOV380PE,HINDPETRO,26NOV2026,38000.000000,2025,OPTSTK,BFO,5.000000,108000,False
1107335,BANKEX26NOV67100PE,BANKEX,26NOV2026,6710000.000000,30,OPTIDX,BFO,5.000000,900,False
1111087,DRREDDY26NOV1190CE,DRREDDY,26NOV2026,119000.000000,625,OPTSTK,BFO,5.000000,5000,False
1111095,ALKEM26NOV5250PE,ALKEM,26NOV2026,525000.000000,125,OPTSTK,BFO,5.000000,8000,False
1111099,UPL26NOV620CE,UPL,26NOV2026,62000.000000,1355,OPTSTK,BFO,5.000000,39000,False
1111109,BANKEX26NOV60600CE,BANKEX,26NOV2026,6060000.000000,30,OPTIDX,BFO,5.000000,900,False
1129602,TATACONSUM26NOV930PE,TATACONSUM,26NOV2026,93000.000000,550,OPTSTK,BFO,5.000000,36000,False
1129626,SENSEX2691768100PE,SENSEX,17SEP2026,6810000.000000,20,OPTIDX,BFO,5.000000,1000,False
1129631,HCLTECH26NOV1170PE,HCLTECH,26NOV2026,117000.000000,400,OPTSTK,BFO,5.000000,21000,False
1129633,COFORGE26NOV1740CE,COFORGE,26NOV2026,174000.000000,475,OPTSTK,BFO,5.000000,6000,False
1127132,SENSEX26NOV69100CE,SENSEX,26NOV2026,6910000.000000,20,OPTIDX,BFO,5.000000,1000,False
1127150,ICICIPRULI26OCT450CE,ICICIPRULI,29OCT2026,45000.000000,925,OPTSTK,BFO,5.000000,60000,False
1127157,SBICARD26SEP740CE,SBICARD,24SEP2026,74000.000000,800,OPTSTK,BFO,5.000000,32000,False
1127161,SBICARD26OCT740PE,SBICARD,29OCT2026,74000.000000,800,OPTSTK,BFO,5.000000,32000,False
1107347,WAAREEENER26NOV2550CE,WAAREEENER,26NOV2026,255000.000000,175,OPTSTK,BFO,5.000000,100000000,False
1107362,JSWENERGY26NOV600PE,JSWENERGY,26NOV2026,60000.000000,1075,OPTSTK,BFO,5.000000,100000000,False
1107374,GVT&D26NOV4300PE,GVT&D,26NOV2026,430000.000000,125,OPTSTK,BFO,5.000000,100000000,False
1107429,BAJFINANCE26NOV1050CE,BAJFINANCE,26NOV2026,105000.000000,750,OPTSTK,BFO,5.000000,3750,False
1111110,MAHABANK26NOV89CE,MAHABANK,26NOV2026,8900.000000,6500,OPTSTK,BFO,5.000000,100000000,False
1111126,INOXWIND26NOV57.5CE,INOXWIND,26NOV2026,5750.000000,6400,OPTSTK,BFO,5.000000,100000000,False
1111146,FORTIS26NOV960PE,FORTIS,26NOV2026,96000.000000,775,OPTSTK,BFO,5.000000,100000000,False
1111151,TATASTEEL26NOV200CE,TATASTEEL,26NOV2026,20000.000000,2750,OPTSTK,BFO,5.000000,220000,False
1129680,FOCIT26SEP28300PE,FOCIT,24SEP2026,2830000.000000,45,OPTIDX,BFO,5.000000,1350,False
1129707,FOCIT26NOV28300CE,FOCIT,26NOV2026,2830000.000000,45,OPTIDX,BFO,5.000000,1350,False
1129709,COALINDIA26OCT460PE,COALINDIA,29OCT2026,46000.000000,1350,OPTSTK,BFO,5.000000,126000,False
1129755,OIL26SEP535CE,OIL,24SEP2026,53500.000000,1400,OPTSTK,BFO,5.000000,100000000,False
1127192,ASIANPAINT26OCT2360CE,ASIANPAINT,29OCT2026,236000.000000,250,OPTSTK,BFO,5.000000,8000,False
1127213,FOCIT26SEP29400PE,FOCIT,24SEP2026,2940000.000000,45,OPTIDX,BFO,5.000000,1350,False
1127228,WIPRO26NOV157.5PE,WIPRO,26NOV2026,15750.000000,3000,OPTSTK,BFO,5.000000,60000,False
1127273,INDIANB26NOV790CE,INDIANB,26NOV2026,79000.000000,1000,OPTSTK,BFO,5.000000,100000000,False
1107450,ATHERENERG26NOV1540CE,ATHERENERG,26NOV2026,154000.000000,375,OPTSTK,BFO,5.000000,100000000,False
1107473,BHARATFORG26NOV2060PE,BHARATFORG,26NOV2026,206000.000000,500,OPTSTK,BFO,5.000000,30000,False
1107500,SIEMENS26NOV3750CE,SIEMENS,26NOV2026,375000.000000,175,OPTSTK,BFO,5.000000,8250,False
1107530,MOTHERSON26NOV160CE,MOTHERSON,26NOV2026,16000.000000,6150,OPTSTK,BFO,5.000000,284000,False
1111157,GMRAIRPORT26NOV94CE,GMRAIRPORT,26NOV2026,9400.000000,6975,OPTSTK,BFO,5.000000,675000,False
1111164,CANBK26NOV112.5CE,CANBK,26NOV2026,11250.000000,6750,OPTSTK,BFO,5.000000,81000,False
1111171,ATHERENERG26OCT1360CE,ATHERENERG,29OCT2026,136000.000000,375,OPTSTK,BFO,5.000000,100000000,False
1111201,AMBER26OCT8300CE,AMBER,29OCT2026,830000.000000,100,OPTSTK,BFO,5.000000,100000000,False
1129757,PAYTM26SEP1880CE,PAYTM,24SEP2026,188000.000000,725,OPTSTK,BFO,5.000000,100000000,False
1129759,SENSEX2691768200CE,SENSEX,17SEP2026,6820000.000000,20,OPTIDX,BFO,5.000000,1000,False
1129786,SENSEX26SEP87000CE,SENSEX,24SEP2026,8700000.000000,20,OPTIDX,BFO,5.000000,1000,False
1129789,PERSISTENT26NOV4700CE,PERSISTENT,26NOV2026,470000.000000,125,OPTSTK,BFO,5.000000,5250,False
1127310,SENSEX26O1568700PE,SENSEX,15OCT2026,6870000.000000,20,OPTIDX,BFO,5.000000,1000,False
1127311,RBLBANK26OCT455CE,RBLBANK,29OCT2026,45500.000000,3175,OPTSTK,BFO,5.000000,150000,False
1127356,SHREECEM26OCT21500PE,SHREECEM,29OCT2026,2150000.000000,25,OPTSTK,BFO,5.000000,1000,False
1127386,360ONE26NOV960CE,,26NOV2026,96000.000000,500,OPTSTK,BFO,5.000000,100000000,False
1129826,TCS26NOV2060PE,TCS,26NOV2026,206000.000000,225,OPTSTK,BFO,5.000000,7000,False
1129852,HAVELLS26NOV980PE,HAVELLS,26NOV2026,98000.000000,500,OPTSTK,BFO,5.000000,20000,False
1129855,HCLTECH26OCT1190PE,HCLTECH,29OCT2026,119000.000000,400,OPTSTK,BFO,5.000000,21000,False
1129882,FOCIT26SEP28700PE,FOCIT,24SEP2026,2870000.000000,45,OPTIDX,BFO,5.000000,1350,False
1107534,ABB26NOV6900CE,ABB,26NOV2026,690000.000000,125,OPTSTK,BFO,5.000000,7500,False
1107569,IEX26NOV110CE,IEX,26NOV2026,11000.000000,4350,OPTSTK,BFO,5.000000,150000,False
1107598,NYKAA26NOV370CE,NYKAA,26NOV2026,37000.000000,3125,OPTSTK,BFO,5.000000,100000000,False
1107601,GLENMARK26OCT2600PE,GLENMARK,29OCT2026,260000.000000,375,OPTSTK,BFO,5.000000,43500,False
1111205,GODREJCP26NOV870PE,GODREJCP,26NOV2026,87000.000000,500,OPTSTK,BFO,5.000000,30000,False
1111243,TRENT26NOV2650PE,TRENT,26NOV2026,265000.000000,225,OPTSTK,BFO,5.000000,16000,False
1111258,SENSEX26O1582300PE,SENSEX,15OCT2026,8230000.000000,20,OPTIDX,BFO,5.000000,1000,False
1111323,HCLTECH26OCT1210PE,HCLTECH,29OCT2026,121000.000000,400,OPTSTK,BFO,5.000000,21000,False
1127269,SENSEX26O0869000PE,SENSEX,08OCT2026,6900000.000000,20,OPTIDX,BFO,5.000000,1000,False
1127283,SENSEX2691769000PE,SENSEX,17SEP2026,6900000.000000,20,OPTIDX,BFO,5.000000,1000,False
1127348,CAMS26NOV660PE,CAMS,26NOV2026,66000.000000,825,OPTSTK,BFO,5.000000,100000000,False
1127433,MARUTI26NOV11900CE,MARUTI,26NOV2026,1190000.000000,50,OPTSTK,BFO,5.000000,3000,False
1129888,MUTHOOTFIN26NOV2450CE,MUTHOOTFIN,26NOV2026,245000.000000,275,OPTSTK,BFO,5.000000,22000,False
1129933,OIL26NOV535CE,OIL,26NOV2026,53500.000000,1400,OPTSTK,BFO,5.000000,100000000,False
1130022,BIOCON26NOV355PE,BIOCON,26NOV2026,35500.000000,2500,OPTSTK,BFO,5.000000,100000,False
1130044,POWERINDIA26NOV27500CE,POWERINDIA,26NOV2026,2750000.000000,25,OPTSTK,BFO,5.000000,100000000,False
1107604,PREMIERENE26NOV1020CE,PREMIERENE,26NOV2026,102000.000000,650,OPTSTK,BFO,5.000000,100000000,False
1107621,ALKEM26NOV5050PE,ALKEM,26NOV2026,505000.000000,125,OPTSTK,BFO,5.000000,8000,False
1107685,DRREDDY26NOV1230PE,DRREDDY,26NOV2026,123000.000000,625,OPTSTK,BFO,5.000000,5000,False
1107692,EICHERMOT26NOV7900CE,EICHERMOT,26NOV2026,790000.000000,100,OPTSTK,BFO,5.000000,7000,False
1127441,DIVISLAB26OCT10200PE,DIVISLAB,29OCT2026,1020000.000000,100,OPTSTK,BFO,5.000000,8000,False
1127442,SENSEX26SEP68800CE,SENSEX,24SEP2026,6880000.000000,20,OPTIDX,BFO,5.000000,1000,False
1127455,OIL26OCT530CE,OIL,29OCT2026,53000.000000,1400,OPTSTK,BFO,5.000000,100000000,False
1127487,DIVISLAB26OCT10100CE,DIVISLAB,29OCT2026,1010000.000000,100,OPTSTK,BFO,5.000000,8000,False
1111331,BANKEX26NOV68300PE,BANKEX,26NOV2026,6830000.000000,30,OPTIDX,BFO,5.000000,900,False
1111340,GODFRYPHLP26NOV1950CE,GODFRYPHLP,26NOV2026,195000.000000,275,OPTSTK,BFO,5.000000,100000000,False
1111345,KFINTECH26NOV1100PE,KFINTECH,26NOV2026,110000.000000,575,OPTSTK,BFO,5.000000,100000000,False
1111349,SENSEX26NOV76000CE,SENSEX,26NOV2026,7600000.000000,20,OPTIDX,BFO,5.000000,1000,False
1130055,FOCIT26NOV28200PE,FOCIT,26NOV2026,2820000.000000,45,OPTIDX,BFO,5.000000,1350,False
1130096,ALKEM26SEP4750CE,ALKEM,24SEP2026,475000.000000,125,OPTSTK,BFO,5.000000,8000,False
1130146,HCLTECH26OCT1150CE,HCLTECH,29OCT2026,115000.000000,400,OPTSTK,BFO,5.000000,21000,False
1130152,ABB26NOV6600CE,ABB,26NOV2026,660000.000000,125,OPTSTK,BFO,5.000000,7500,False
1107790,VEDL26NOV300PE,VEDL,26NOV2026,30000.000000,1150,OPTSTK,BFO,5.000000,80000,False
1107708,PIDILITIND26NOV1600PE,PIDILITIND,26NOV2026,160000.000000,500,OPTSTK,BFO,5.000000,10000,False
1107710,DLF26NOV670CE,DLF,26NOV2026,67000.000000,950,OPTSTK,BFO,5.000000,49500,False
1107788,UNIONBANK26NOV172.5CE,UNIONBANK,26NOV2026,17250.000000,4425,OPTSTK,BFO,5.000000,100000000,False
1111364,TITAN26NOV5400CE,TITAN,26NOV2026,540000.000000,175,OPTSTK,BFO,5.000000,11250,False
1111365,DELHIVERY26NOV490CE,DELHIVERY,26NOV2026,49000.000000,2075,OPTSTK,BFO,5.000000,100000000,False
1111386,SUPREMEIND26NOV3550PE,SUPREMEIND,26NOV2026,355000.000000,175,OPTSTK,BFO,5.000000,100000000,False
1111387,BLUESTARCO26NOV1620PE,BLUESTARCO,26NOV2026,162000.000000,325,OPTSTK,BFO,5.000000,100000000,False
1127546,ICICIBANK26NOV1340CE,ICICIBANK,26NOV2026,134000.000000,700,OPTSTK,BFO,5.000000,28000,False
1127594,SBILIFE26SEP1560PE,SBILIFE,24SEP2026,156000.000000,375,OPTSTK,BFO,5.000000,22500,False
1127652,SENSEX26O2269000PE,SENSEX,22OCT2026,6900000.000000,20,OPTIDX,BFO,5.000000,1000,False
1127684,SUNPHARMA26NOV1740CE,SUNPHARMA,26NOV2026,174000.000000,350,OPTSTK,BFO,5.000000,28000,False
1130153,MARUTI26OCT11800PE,MARUTI,29OCT2026,1180000.000000,50,OPTSTK,BFO,5.000000,3000,False
1130172,ALKEM26SEP4750PE,ALKEM,24SEP2026,475000.000000,125,OPTSTK,BFO,5.000000,8000,False
1130175,BDL26NOV1060PE,BDL,26NOV2026,106000.000000,425,OPTSTK,BFO,5.000000,100000000,False
1130180,LUPIN26NOV1940CE,LUPIN,26NOV2026,194000.000000,425,OPTSTK,BFO,5.000000,34000,False
1107825,SENSEX26O1579700CE,SENSEX,15OCT2026,7970000.000000,20,OPTIDX,BFO,5.000000,1000,False
1107855,KEI26NOV5800CE,KEI,26NOV2026,580000.000000,175,OPTSTK,BFO,5.000000,100000000,False
1107858,APLAPOLLO26NOV2080PE,APLAPOLLO,26NOV2026,208000.000000,350,OPTSTK,BFO,5.000000,100000000,False
1107861,MANAPPURAM26NOV325CE,MANAPPURAM,26NOV2026,32500.000000,3000,OPTSTK,BFO,5.000000,180000,False
1127704,SENSEX26OCT68700PE,SENSEX,29OCT2026,6870000.000000,20,OPTIDX,BFO,5.000000,1000,False
1127707,MANKIND26NOV2160CE,MANKIND,26NOV2026,216000.000000,250,OPTSTK,BFO,5.000000,100000000,False
1127729,360ONE26OCT980PE,,29OCT2026,98000.000000,500,OPTSTK,BFO,5.000000,100000000,False
1127743,BANKINDIA26NOV122.5PE,BANKINDIA,26NOV2026,12250.000000,5200,OPTSTK,BFO,5.000000,100000000,False
1130184,UNOMINDA26NOV1080PE,UNOMINDA,26NOV2026,108000.000000,550,OPTSTK,BFO,5.000000,100000000,False
1130249,KEI26SEP3900CE,KEI,24SEP2026,390000.000000,175,OPTSTK,BFO,5.000000,100000000,False
1130263,PIDILITIND26OCT1420PE,PIDILITIND,29OCT2026,142000.000000,500,OPTSTK,BFO,5.000000,10000,False
1130278,LAURUSLABS26SEP2100PE,LAURUSLABS,24SEP2026,210000.000000,850,OPTSTK,BFO,5.000000,68000,False
1111388,FOCIT26NOV32100PE,FOCIT,26NOV2026,3210000.000000,45,OPTIDX,BFO,5.000000,1350,False
1111417,SENSEX26NOV72300CE,SENSEX,26NOV2026,7230000.000000,20,OPTIDX,BFO,5.000000,1000,False
1111418,TATAPOWER26SEP315PE,TATAPOWER,24SEP2026,31500.000000,1450,OPTSTK,BFO,5.000000,101250,False
1111437,GODREJPROP26NOV1960PE,GODREJPROP,26NOV2026,196000.000000,325,OPTSTK,BFO,5.000000,19000,False
1107870,BOSCHLTD26NOV45000PE,BOSCHLTD,26NOV2026,4500000.000000,25,OPTSTK,BFO,5.000000,1500,False
1107944,BAJAJ-AUTO26NOV11300CE,BAJAJ-AUTO,26NOV2026,1130000.000000,75,OPTSTK,BFO,5.000000,5000,False
1108025,RECLTD26NOV330PE,RECLTD,26NOV2026,33000.000000,1575,OPTSTK,BFO,5.000000,160000,False
1108514,SENSEX27MAR72000PE,SENSEX,25MAR2027,7200000.000000,20,OPTIDX,BFO,5.000000,1000,False
1127765,ICICIBANK26NOV1340PE,ICICIBANK,26NOV2026,134000.000000,700,OPTSTK,BFO,5.000000,28000,False
1127800,SENSEX5026OCT23800CE,SENSEX50,29OCT2026,2380000.000000,75,OPTIDX,BFO,5.000000,1800,False
1127813,SENSEX26O0168900CE,SENSEX,01OCT2026,6890000.000000,20,OPTIDX,BFO,5.000000,1000,False
1127852,DIVISLAB26NOV10100CE,DIVISLAB,26NOV2026,1010000.000000,100,OPTSTK,BFO,5.000000,8000,False
1130301,COCHINSHIP26NOV1300CE,COCHINSHIP,26NOV2026,130000.000000,400,OPTSTK,BFO,5.000000,100000000,False
1130304,M&M26OCT2750CE,M&M,29OCT2026,275000.000000,200,OPTSTK,BFO,5.000000,21000,False
1130316,EICHERMOT26NOV6800CE,EICHERMOT,26NOV2026,680000.000000,100,OPTSTK,BFO,5.000000,7000,False
1130319,DELHIVERY26SEP405PE,DELHIVERY,24SEP2026,40500.000000,2075,OPTSTK,BFO,5.000000,100000000,False
1111494,ADANIPORTS26NOV1740PE,ADANIPORTS,26NOV2026,174000.000000,475,OPTSTK,BFO,5.000000,32000,False
1111444,NTPC26NOV300PE,NTPC,26NOV2026,30000.000000,1500,OPTSTK,BFO,5.000000,150000,False
1111447,KALYANKJIL26NOV595PE,KALYANKJIL,26NOV2026,59500.000000,1350,OPTSTK,BFO,5.000000,100000000,False
1111453,INDUSINDBK26NOV930PE,INDUSINDBK,26NOV2026,93000.000000,700,OPTSTK,BFO,5.000000,20000,False
1127952,SENSEX26NOV68900CE,SENSEX,26NOV2026,6890000.000000,20,OPTIDX,BFO,5.000000,1000,False
1127973,RBLBANK26SEP455CE,RBLBANK,24SEP2026,45500.000000,3175,OPTSTK,BFO,5.000000,150000,False
1128008,SENSEX26O0168600CE,SENSEX,01OCT2026,6860000.000000,20,OPTIDX,BFO,5.000000,1000,False
1128026,VOLTAS26SEP1000PE,VOLTAS,24SEP2026,100000.000000,375,OPTSTK,BFO,5.000000,30000,False
1130367,TATACONSUM26OCT920PE,TATACONSUM,29OCT2026,92000.000000,550,OPTSTK,BFO,5.000000,36000,False
1130374,UNOMINDA26NOV1060PE,UNOMINDA,26NOV2026,106000.000000,550,OPTSTK,BFO,5.000000,100000000,False
1130390,LODHA26OCT1000CE,LODHA,29OCT2026,100000.000000,625,OPTSTK,BFO,5.000000,100000000,False
1130402,GODREJPROP26SEP1640CE,GODREJPROP,24SEP2026,164000.000000,325,OPTSTK,BFO,5.000000,19000,False
1108571,SENSEX27MAR75000CE,SENSEX,25MAR2027,7500000.000000,20,OPTIDX,BFO,5.000000,1000,False
1108619,NYKAA26NOV375CE,NYKAA,26NOV2026,37500.000000,3125,OPTSTK,BFO,5.000000,100000000,False
1108885,GMRAIRPORT26NOV102CE,GMRAIRPORT,26NOV2026,10200.000000,6975,OPTSTK,BFO,5.000000,675000,False
1109102,ATHERENERG26SEP1340PE,ATHERENERG,24SEP2026,134000.000000,375,OPTSTK,BFO,5.000000,100000000,False
1111505,NATIONALUM26NOV330PE,NATIONALUM,26NOV2026,33000.000000,1875,OPTSTK,BFO,5.000000,300000,False
1111552,FOCIT26NOV33700CE,FOCIT,26NOV2026,3370000.000000,45,OPTIDX,BFO,5.000000,1350,False
1111554,RVNL26NOV180CE,RVNL,26NOV2026,18000.000000,1925,OPTSTK,BFO,5.000000,100000000,False
1111559,BANKINDIA26NOV130CE,BANKINDIA,26NOV2026,13000.000000,5200,OPTSTK,BFO,5.000000,100000000,False
1128148,GVT&D26OCT5300CE,GVT&D,29OCT2026,530000.000000,125,OPTSTK,BFO,5.000000,100000000,False
1128157,SENSEX26O1568700CE,SENSEX,15OCT2026,6870000.000000,20,OPTIDX,BFO,5.000000,1000,False
1128160,SENSEX26NOV68700PE,SENSEX,26NOV2026,6870000.000000,20,OPTIDX,BFO,5.000000,1000,False
1128200,GVT&D26OCT5500CE,GVT&D,29OCT2026,550000.000000,125,OPTSTK,BFO,5.000000,100000000,False
1130431,GODREJPROP26NOV1600CE,GODREJPROP,26NOV2026,160000.000000,325,OPTSTK,BFO,5.000000,19000,False
1130489,NESTLEIND26SEP1310PE,NESTLEIND,24SEP2026,131000.000000,500,OPTSTK,BFO,5.000000,1200,False
1130523,HDFCAMC26OCT2050PE,HDFCAMC,29OCT2026,205000.000000,300,OPTSTK,BFO,5.000000,12000,False
1130527,JSWSTEEL26NOV1140CE,JSWSTEEL,26NOV2026,114000.000000,675,OPTSTK,BFO,5.000000,40500,False
1110027,SENSEX27MAR75000PE,SENSEX,25MAR2027,7500000.000000,20,OPTIDX,BFO,5.000000,1000,False
1110370,WAAREEENER26NOV2850PE,WAAREEENER,26NOV2026,285000.000000,175,OPTSTK,BFO,5.000000,100000000,False
1110630,ADANIPORTS26NOV1700PE,ADANIPORTS,26NOV2026,170000.000000,475,OPTSTK,BFO,5.000000,32000,False
1110720,SENSEX26NOV70700CE,SENSEX,26NOV2026,7070000.000000,20,OPTIDX,BFO,5.000000,1000,False
1111574,LICHSGFIN26NOV470PE,LICHSGFIN,26NOV2026,47000.000000,1000,OPTSTK,BFO,5.000000,60000,False
1111582,DIVISLAB26NOV8800CE,DIVISLAB,26NOV2026,880000.000000,100,OPTSTK,BFO,5.000000,8000,False
1111596,SENSEX26NOV80900CE,SENSEX,26NOV2026,8090000.000000,20,OPTIDX,BFO,5.000000,1000,False
1111616,DIVISLAB26NOV9500PE,DIVISLAB,26NOV2026,950000.000000,100,OPTSTK,BFO,5.000000,8000,False
1128211,SENSEX26SEP68900CE,SENSEX,24SEP2026,6890000.000000,20,OPTIDX,BFO,5.000000,1000,False
1128222,MARUTI26SEP11900CE,MARUTI,24SEP2026,1190000.000000,50,OPTSTK,BFO,5.000000,3000,False
1128227,HAVELLS26NOV1000CE,HAVELLS,26NOV2026,100000.000000,500,OPTSTK,BFO,5.000000,20000,False
1128235,SENSEX26OCT68900PE,SENSEX,29OCT2026,6890000.000000,20,OPTIDX,BFO,5.000000,1000,False
1130530,PIIND26NOV1950CE,PIIND,26NOV2026,195000.000000,175,OPTSTK,BFO,5.000000,7500,False
1130547,GODREJPROP26OCT1660CE,GODREJPROP,29OCT2026,166000.000000,325,OPTSTK,BFO,5.000000,19000,False
1130558,ICICIGI26NOV1320CE,ICICIGI,26NOV2026,132000.000000,325,OPTSTK,BFO,5.000000,20000,False
1130584,NMDC26OCT75PE,NMDC,29OCT2026,7500.000000,6750,OPTSTK,BFO,5.000000,225000,False
1110729,HINDUNILVR26NOV1940CE,HINDUNILVR,26NOV2026,194000.000000,300,OPTSTK,BFO,5.000000,9000,False
1110739,TIINDIA26NOV3000CE,TIINDIA,26NOV2026,300000.000000,200,OPTSTK,BFO,5.000000,100000000,False
1110742,UNIONBANK26NOV177.5CE,UNIONBANK,26NOV2026,17750.000000,4425,OPTSTK,BFO,5.000000,100000000,False
1110763,HDFCBANK26NOV660PE,HDFCBANK,26NOV2026,66000.000000,650,OPTSTK,BFO,5.000000,16500,False
1130651,GODREJPROP26OCT1620PE,GODREJPROP,29OCT2026,162000.000000,325,OPTSTK,BFO,5.000000,19000,False
1130693,PAYTM26SEP1920PE,PAYTM,24SEP2026,192000.000000,725,OPTSTK,BFO,5.000000,100000000,False
1130739,MARUTI26SEP11700CE,MARUTI,24SEP2026,1170000.000000,50,OPTSTK,BFO,5.000000,3000,False
1130785,COCHINSHIP26NOV1280CE,COCHINSHIP,26NOV2026,128000.000000,400,OPTSTK,BFO,5.000000,100000000,False
1110776,FOCIT26NOV40500PE,FOCIT,26NOV2026,4050000.000000,45,OPTIDX,BFO,5.000000,1350,False
1110799,GMRAIRPORT26NOV93PE,GMRAIRPORT,26NOV2026,9300.000000,6975,OPTSTK,BFO,5.000000,675000,False
1110801,SENSEX26O1577700PE,SENSEX,15OCT2026,7770000.000000,20,OPTIDX,BFO,5.000000,1000,False
1110827,ADANIPOWER26NOV220CE,ADANIPOWER,26NOV2026,22000.000000,3550,OPTSTK,BFO,5.000000,100000000,False
1111644,SHRIRAMFIN26NOV1060PE,SHRIRAMFIN,26NOV2026,106000.000000,825,OPTSTK,BFO,5.000000,18000,False
1111645,ABCAPITAL26NOV435CE,ABCAPITAL,26NOV2026,43500.000000,3100,OPTSTK,BFO,5.000000,162000,False
1111658,AUROPHARMA26NOV1720CE,AUROPHARMA,26NOV2026,172000.000000,550,OPTSTK,BFO,5.000000,44000,False
1111664,GRASIM26NOV3260CE,GRASIM,26NOV2026,326000.000000,250,OPTSTK,BFO,5.000000,14250,False
1128243,360ONE26OCT960PE,,29OCT2026,96000.000000,500,OPTSTK,BFO,5.000000,100000000,False
1128253,CAMS26SEP660CE,CAMS,24SEP2026,66000.000000,825,OPTSTK,BFO,5.000000,100000000,False
1128270,BPCL26OCT270PE,BPCL,29OCT2026,27000.000000,1975,OPTSTK,BFO,5.000000,72000,False
1128320,SOLARINDS26SEP24000CE,SOLARINDS,24SEP2026,2400000.000000,50,OPTSTK,BFO,5.000000,100000000,False
1130786,LAURUSLABS26NOV2100CE,LAURUSLABS,26NOV2026,210000.000000,850,OPTSTK,BFO,5.000000,68000,False
1130796,GODREJPROP26NOV1660CE,GODREJPROP,26NOV2026,166000.000000,325,OPTSTK,BFO,5.000000,19000,False
2053428,BSE26SEP3500CE,BSE,29SEP2026,350000.000000,200,OPTSTK,BFO,5.000000,3751,False
2210403,CDSL26OCT1800PE,CDSL,27OCT2026,180000.000000,475,OPTSTK,BFO,5.000000,14001,False
1110833,BANKEX26NOV58000CE,BANKEX,26NOV2026,5800000.000000,30,OPTIDX,BFO,5.000000,900,False
1110834,JSWSTEEL26NOV1400PE,JSWSTEEL,26NOV2026,140000.000000,675,OPTSTK,BFO,5.000000,40500,False
1110846,LAURUSLABS26NOVFUT,LAURUSLABS,26NOV2026,0.000000,850,FUTSTK,BFO,5.000000,68000,False
1110848,INDUSINDBK26NOV950CE,INDUSINDBK,26NOV2026,95000.000000,700,OPTSTK,BFO,5.000000,20000,False
1111677,PFC26NOV380CE,PFC,26NOV2026,38000.000000,1300,OPTSTK,BFO,5.000000,124000,False
1111691,NATIONALUM26NOV390CE,NATIONALUM,26NOV2026,39000.000000,1875,OPTSTK,BFO,5.000000,300000,False
1111714,AMBER26NOV7200CE,AMBER,26NOV2026,720000.000000,100,OPTSTK,BFO,5.000000,100000000,False
1111715,LICI26NOV380PE,LICI,26NOV2026,38000.000000,1400,OPTSTK,BFO,5.000000,100000000,False
1128327,TIINDIA26OCT2300PE,TIINDIA,29OCT2026,230000.000000,200,OPTSTK,BFO,5.000000,100000000,False
1128351,LODHA26OCT1020PE,LODHA,29OCT2026,102000.000000,625,OPTSTK,BFO,5.000000,100000000,False
1128364,SENSEX26O1568500PE,SENSEX,15OCT2026,6850000.000000,20,OPTIDX,BFO,5.000000,1000,False
1128381,INOXWIND26NOV95PE,INOXWIND,26NOV2026,9500.000000,6400,OPTSTK,BFO,5.000000,100000000,False
839155,SENSEX26SEP77700PE,SENSEX,24SEP2026,7770000.000000,20,OPTIDX,BFO,5.000000,1000,False
2210569,CDSL26OCT1800CE,CDSL,27OCT2026,180000.000000,475,OPTSTK,BFO,5.000000,14001,False
2211299,BSE26OCT3300PE,BSE,27OCT2026,330000.000000,200,OPTSTK,BFO,5.000000,3751,False
2228333,BSE26OCT2900PE,BSE,27OCT2026,290000.000000,200,OPTSTK,BFO,5.000000,3751,False
1128438,SENSEX29DEC70000PE,SENSEX,27DEC2029,7000000.000000,20,OPTIDX,BFO,5.000000,1000,False
1128486,ALKEM26NOV4800CE,ALKEM,26NOV2026,480000.000000,125,OPTSTK,BFO,5.000000,8000,False
1128511,PETRONET26NOV250PE,PETRONET,26NOV2026,25000.000000,1900,OPTSTK,BFO,5.000000,120000,False
1128518,HCLTECH26NOV1190CE,HCLTECH,26NOV2026,119000.000000,400,OPTSTK,BFO,5.000000,21000,False
1110859,BANKEX26NOV65000PE,BANKEX,26NOV2026,6500000.000000,30,OPTIDX,BFO,5.000000,900,False
1110863,NAUKRI26NOV1200PE,NAUKRI,26NOV2026,120000.000000,550,OPTSTK,BFO,5.000000,6000,False
1110871,SENSEX26O1571700PE,SENSEX,15OCT2026,7170000.000000,20,OPTIDX,BFO,5.000000,1000,False
1110882,WAAREEENER26NOV2750CE,WAAREEENER,26NOV2026,275000.000000,175,OPTSTK,BFO,5.000000,100000000,False
1111746,TVSMOTOR26NOV4600CE,TVSMOTOR,26NOV2026,460000.000000,175,OPTSTK,BFO,5.000000,21000,False
1111750,BANKEX26NOV62200CE,BANKEX,26NOV2026,6220000.000000,30,OPTIDX,BFO,5.000000,900,False
1111754,TATACONSUM26NOV1090CE,TATACONSUM,26NOV2026,109000.000000,550,OPTSTK,BFO,5.000000,36000,False
1111787,FOCIT26NOV35400PE,FOCIT,26NOV2026,3540000.000000,45,OPTIDX,BFO,5.000000,1350,False
839160,SENSEX26SEP83100PE,SENSEX,24SEP2026,8310000.000000,20,OPTIDX,BFO,5.000000,1000,False
839161,SENSEX26SEP74700CE,SENSEX,24SEP2026,7470000.000000,20,OPTIDX,BFO,5.000000,1000,False
839183,SENSEX26SEP73300PE,SENSEX,24SEP2026,7330000.000000,20,OPTIDX,BFO,5.000000,1000,False
839213,SENSEX26SEP83200CE,SENSEX,24SEP2026,8320000.000000,20,OPTIDX,BFO,5.000000,1000,False
1128585,HDFCLIFE26SEP485PE,HDFCLIFE,24SEP2026,48500.000000,1100,OPTSTK,BFO,5.000000,44000,False
1128632,INFY26NOV920CE,INFY,26NOV2026,92000.000000,400,OPTSTK,BFO,5.000000,16000,False
1128638,NESTLEIND26NOV1320CE,NESTLEIND,26NOV2026,132000.000000,500,OPTSTK,BFO,5.000000,1200,False
1128661,BHARTIARTL26NOV1680PE,BHARTIARTL,26NOV2026,168000.000000,475,OPTSTK,BFO,5.000000,28500,False
1110888,IDFCFIRSTB26OCT74PE,IDFCFIRSTB,29OCT2026,7400.000000,9275,OPTSTK,BFO,5.000000,450000,False
1110898,ALKEM26NOV5500PE,ALKEM,26NOV2026,550000.000000,125,OPTSTK,BFO,5.000000,8000,False
1110939,UNOMINDA26NOV1160PE,UNOMINDA,26NOV2026,116000.000000,550,OPTSTK,BFO,5.000000,100000000,False
1110956,DLF26NOV650PE,DLF,26NOV2026,65000.000000,950,OPTSTK,BFO,5.000000,49500,False
839244,SENSEX26SEP74500PE,SENSEX,24SEP2026,7450000.000000,20,OPTIDX,BFO,5.000000,1000,False
839223,SENSEX26SEP73500PE,SENSEX,24SEP2026,7350000.000000,20,OPTIDX,BFO,5.000000,1000,False
839231,SENSEX26SEP83500PE,SENSEX,24SEP2026,8350000.000000,20,OPTIDX,BFO,5.000000,1000,False
839235,SENSEX26SEP70500CE,SENSEX,24SEP2026,7050000.000000,20,OPTIDX,BFO,5.000000,1000,False
1111804,OBEROIRLTY26NOV1740CE,OBEROIRLTY,26NOV2026,174000.000000,350,OPTSTK,BFO,5.000000,28000,False
1111853,LICI26NOV450PE,LICI,26NOV2026,45000.000000,1400,OPTSTK,BFO,5.000000,100000000,False
1111866,BANKINDIA26NOV135CE,BANKINDIA,26NOV2026,13500.000000,5200,OPTSTK,BFO,5.000000,100000000,False
1111890,TECHM26NOV1700CE,TECHM,26NOV2026,170000.000000,600,OPTSTK,BFO,5.000000,24000,False
1128665,SRF26OCT2150PE,SRF,29OCT2026,215000.000000,200,OPTSTK,BFO,5.000000,11250,False
1128735,HCLTECH26OCT1180PE,HCLTECH,29OCT2026,118000.000000,400,OPTSTK,BFO,5.000000,21000,False
1128741,ICICIPRULI26SEP430CE,ICICIPRULI,24SEP2026,43000.000000,925,OPTSTK,BFO,5.000000,60000,False
1128742,CIPLA26SEP1300PE,CIPLA,24SEP2026,130000.000000,425,OPTSTK,BFO,5.000000,26000,False
1110967,BANKEX26NOV68000CE,BANKEX,26NOV2026,6800000.000000,30,OPTIDX,BFO,5.000000,900,False
1110976,DIXON26NOV13750CE,DIXON,26NOV2026,1375000.000000,50,OPTSTK,BFO,5.000000,6000,False
1110977,PATANJALI26NOV365PE,PATANJALI,26NOV2026,36500.000000,1075,OPTSTK,BFO,5.000000,100000000,False
1111006,YESBANK26NOV26PE,YESBANK,26NOV2026,2600.000000,31100,OPTSTK,BFO,5.000000,100000000,False
839249,SENSEX26SEP70800PE,SENSEX,24SEP2026,7080000.000000,20,OPTIDX,BFO,5.000000,1000,False
839276,SENSEX26SEP78400PE,SENSEX,24SEP2026,7840000.000000,20,OPTIDX,BFO,5.000000,1000,False
839313,SENSEX26SEP76200CE,SENSEX,24SEP2026,7620000.000000,20,OPTIDX,BFO,5.000000,1000,False
839330,SENSEX26SEP78800PE,SENSEX,24SEP2026,7880000.000000,20,OPTIDX,BFO,5.000000,1000,False
1111893,OBEROIRLTY26NOV1820PE,OBEROIRLTY,26NOV2026,182000.000000,350,OPTSTK,BFO,5.000000,28000,False
1111907,CIPLA26NOV1400PE,CIPLA,26NOV2026,140000.000000,425,OPTSTK,BFO,5.000000,26000,False
1111915,GAIL26NOV167.5CE,GAIL,26NOV2026,16750.000000,3550,OPTSTK,BFO,5.000000,274500,False
1111919,APOLLOHOSP26NOV8100CE,APOLLOHOSP,26NOV2026,810000.000000,125,OPTSTK,BFO,5.000000,5000,False
1128798,FOCIT26OCT29000CE,FOCIT,29OCT2026,2900000.000000,45,OPTIDX,BFO,5.000000,1350,False
1128799,INFY26NOV900PE,INFY,26NOV2026,90000.000000,400,OPTSTK,BFO,5.000000,16000,False
1128833,GODREJPROP26NOV1720CE,GODREJPROP,26NOV2026,172000.000000,325,OPTSTK,BFO,5.000000,19000,False
1128852,HAVELLS26SEP980CE,HAVELLS,24SEP2026,98000.000000,500,OPTSTK,BFO,5.000000,20000,False
839333,SENSEX26SEP72800PE,SENSEX,24SEP2026,7280000.000000,20,OPTIDX,BFO,5.000000,1000,False
839344,SENSEX26SEP74100CE,SENSEX,24SEP2026,7410000.000000,20,OPTIDX,BFO,5.000000,1000,False
839350,SENSEX26SEP72700CE,SENSEX,24SEP2026,7270000.000000,20,OPTIDX,BFO,5.000000,1000,False
839416,SENSEX26SEP82200CE,SENSEX,24SEP2026,8220000.000000,20,OPTIDX,BFO,5.000000,1000,False
1111019,BANKINDIA26NOV127.5CE,BANKINDIA,26NOV2026,12750.000000,5200,OPTSTK,BFO,5.000000,100000000,False
1111023,FOCIT26NOV34100CE,FOCIT,26NOV2026,3410000.000000,45,OPTIDX,BFO,5.000000,1350,False
1111028,INFY26NOV1080PE,INFY,26NOV2026,108000.000000,400,OPTSTK,BFO,5.000000,16000,False
1111038,BPCL26NOV350PE,BPCL,26NOV2026,35000.000000,1975,OPTSTK,BFO,5.000000,72000,False
1111923,RELIANCE26NOV1270CE,RELIANCE,26NOV2026,127000.000000,500,OPTSTK,BFO,5.000000,10000,False
1111950,TVSMOTOR26NOV4350CE,TVSMOTOR,26NOV2026,435000.000000,175,OPTSTK,BFO,5.000000,21000,False
1111962,SBIN26NOV1100CE,SBIN,26NOV2026,110000.000000,750,OPTSTK,BFO,5.000000,45000,False
1111968,BANKEX26NOV58500PE,BANKEX,26NOV2026,5850000.000000,30,OPTIDX,BFO,5.000000,900,False
1128894,PAYTM26OCT1900CE,PAYTM,29OCT2026,190000.000000,725,OPTSTK,BFO,5.000000,100000000,False
1128916,VMM26NOV85PE,VMM,26NOV2026,8500.000000,4850,OPTSTK,BFO,5.000000,100000000,False
1128929,BANKEX26SEP56700PE,BANKEX,24SEP2026,5670000.000000,30,OPTIDX,BFO,5.000000,900,False
1128949,SENSEX26OCT68100PE,SENSEX,29OCT2026,6810000.000000,20,OPTIDX,BFO,5.000000,1000,False
839436,SENSEX26SEP71800CE,SENSEX,24SEP2026,7180000.000000,20,OPTIDX,BFO,5.000000,1000,False
839446,SENSEX26SEP80100CE,SENSEX,24SEP2026,8010000.000000,20,OPTIDX,BFO,5.000000,1000,False
839447,SENSEX26SEP82400CE,SENSEX,24SEP2026,8240000.000000,20,OPTIDX,BFO,5.000000,1000,False
839450,SENSEX26SEP76400PE,SENSEX,24SEP2026,7640000.000000,20,OPTIDX,BFO,5.000000,1000,False
1111053,IRFC26NOVFUT,IRFC,26NOV2026,0.000000,5425,FUTSTK,BFO,5.000000,100000000,False
1111060,MARICO26NOV900PE,MARICO,26NOV2026,90000.000000,1200,OPTSTK,BFO,5.000000,48000,False
1111077,BANKEX26NOV71300PE,BANKEX,26NOV2026,7130000.000000,30,OPTIDX,BFO,5.000000,900,False
1111088,SENSEX26NOV81300CE,SENSEX,26NOV2026,8130000.000000,20,OPTIDX,BFO,5.000000,1000,False
839453,SENSEX26SEP72700PE,SENSEX,24SEP2026,7270000.000000,20,OPTIDX,BFO,5.000000,1000,False
839464,SENSEX26SEP82700PE,SENSEX,24SEP2026,8270000.000000,20,OPTIDX,BFO,5.000000,1000,False
839472,SENSEX26SEP77400PE,SENSEX,24SEP2026,7740000.000000,20,OPTIDX,BFO,5.000000,1000,False
839487,SENSEX26SEP70600PE,SENSEX,24SEP2026,7060000.000000,20,OPTIDX,BFO,5.000000,1000,False
1111972,SENSEX26O1573200CE,SENSEX,15OCT2026,7320000.000000,20,OPTIDX,BFO,5.000000,1000,False
1111982,INOXWIND26NOV65CE,INOXWIND,26NOV2026,6500.000000,6400,OPTSTK,BFO,5.000000,100000000,False
1112032,HINDPETRO26NOV420PE,HINDPETRO,26NOV2026,42000.000000,2025,OPTSTK,BFO,5.000000,108000,False
1112038,SENSEX26NOV73200PE,SENSEX,26NOV2026,7320000.000000,20,OPTIDX,BFO,5.000000,1000,False
1128953,FOCIT26NOV28800CE,FOCIT,26NOV2026,2880000.000000,45,OPTIDX,BFO,5.000000,1350,False
1128977,COCHINSHIP26OCT1700CE,COCHINSHIP,29OCT2026,170000.000000,400,OPTSTK,BFO,5.000000,100000000,False
1128983,BAJAJFINSV26NOV1780PE,BAJAJFINSV,26NOV2026,178000.000000,300,OPTSTK,BFO,5.000000,20000,False
1128991,TCS26OCT2060CE,TCS,29OCT2026,206000.000000,225,OPTSTK,BFO,5.000000,7000,False
1111129,HINDALCO26NOV940PE,HINDALCO,26NOV2026,94000.000000,700,OPTSTK,BFO,5.000000,56000,False
1111098,RELIANCE26NOV1240PE,RELIANCE,26NOV2026,124000.000000,500,OPTSTK,BFO,5.000000,10000,False
1111121,SENSEX26O1569900CE,SENSEX,15OCT2026,6990000.000000,20,OPTIDX,BFO,5.000000,1000,False
1111127,GVT&D26NOV4400CE,GVT&D,26NOV2026,440000.000000,125,OPTSTK,BFO,5.000000,100000000,False
839491,SENSEX26SEP71300CE,SENSEX,24SEP2026,7130000.000000,20,OPTIDX,BFO,5.000000,1000,False
839498,SENSEX26SEP83600CE,SENSEX,24SEP2026,8360000.000000,20,OPTIDX,BFO,5.000000,1000,False
839553,SENSEX26SEP79100CE,SENSEX,24SEP2026,7910000.000000,20,OPTIDX,BFO,5.000000,1000,False
839555,SENSEX26SEP73100CE,SENSEX,24SEP2026,7310000.000000,20,OPTIDX,BFO,5.000000,1000,False
1111133,ADANIGREEN26NOV1200CE,ADANIGREEN,26NOV2026,120000.000000,600,OPTSTK,BFO,5.000000,100000000,False
1111139,TECHM26NOV1500CE,TECHM,26NOV2026,150000.000000,600,OPTSTK,BFO,5.000000,24000,False
1111158,RELIANCE26NOV1230CE,RELIANCE,26NOV2026,123000.000000,500,OPTSTK,BFO,5.000000,10000,False
1111168,FEDERALBNK26NOV370PE,FEDERALBNK,26NOV2026,37000.000000,2500,OPTSTK,BFO,5.000000,200000,False
1112052,UPL26NOV570CE,UPL,26NOV2026,57000.000000,1355,OPTSTK,BFO,5.000000,39000,False
1112062,TITAN26NOV4750CE,TITAN,26NOV2026,475000.000000,175,OPTSTK,BFO,5.000000,11250,False
1112067,LUPIN26NOV2240PE,LUPIN,26NOV2026,224000.000000,425,OPTSTK,BFO,5.000000,34000,False
1112068,GODREJPROP26NOV2200PE,GODREJPROP,26NOV2026,220000.000000,325,OPTSTK,BFO,5.000000,19000,False
1129002,SENSEX26SEP68300CE,SENSEX,24SEP2026,6830000.000000,20,OPTIDX,BFO,5.000000,1000,False
1129007,SENSEX26O0868200CE,SENSEX,08OCT2026,6820000.000000,20,OPTIDX,BFO,5.000000,1000,False
1129044,FOCIT26SEP29100PE,FOCIT,24SEP2026,2910000.000000,45,OPTIDX,BFO,5.000000,1350,False
1129056,SENSEX26O0868500PE,SENSEX,08OCT2026,6850000.000000,20,OPTIDX,BFO,5.000000,1000,False
839557,SENSEX26SEP77700CE,SENSEX,24SEP2026,7770000.000000,20,OPTIDX,BFO,5.000000,1000,False
839568,SENSEX26SEP79400PE,SENSEX,24SEP2026,7940000.000000,20,OPTIDX,BFO,5.000000,1000,False
839571,SENSEX26SEP73400PE,SENSEX,24SEP2026,7340000.000000,20,OPTIDX,BFO,5.000000,1000,False
839572,SENSEX26SEP75700PE,SENSEX,24SEP2026,7570000.000000,20,OPTIDX,BFO,5.000000,1000,False
1112073,JIOFIN26NOV235CE,JIOFIN,26NOV2026,23500.000000,2350,OPTSTK,BFO,5.000000,100000000,False
1112083,SENSEX26O1571800CE,SENSEX,15OCT2026,7180000.000000,20,OPTIDX,BFO,5.000000,1000,False
1112101,FOCIT26NOV36000PE,FOCIT,26NOV2026,3600000.000000,45,OPTIDX,BFO,5.000000,1350,False
1112115,BANKEX26NOV68500PE,BANKEX,26NOV2026,6850000.000000,30,OPTIDX,BFO,5.000000,900,False
839575,SENSEX26SEP83400PE,SENSEX,24SEP2026,8340000.000000,20,OPTIDX,BFO,5.000000,1000,False
839584,SENSEX26SEP73300CE,SENSEX,24SEP2026,7330000.000000,20,OPTIDX,BFO,5.000000,1000,False
839606,SENSEX26SEP81300PE,SENSEX,24SEP2026,8130000.000000,20,OPTIDX,BFO,5.000000,1000,False
839630,SENSEX26SEP69800PE,SENSEX,24SEP2026,6980000.000000,20,OPTIDX,BFO,5.000000,1000,False
1111187,ICICIPRULI26NOV515CE,ICICIPRULI,26NOV2026,51500.000000,925,OPTSTK,BFO,5.000000,60000,False
1111200,RVNL26NOV210PE,RVNL,26NOV2026,21000.000000,1925,OPTSTK,BFO,5.000000,100000000,False
1111206,SENSEX5026NOV24350CE,SENSEX50,26NOV2026,2435000.000000,75,OPTIDX,BFO,5.000000,1800,False
1111212,SUPREMEIND26NOV3800PE,SUPREMEIND,26NOV2026,380000.000000,175,OPTSTK,BFO,5.000000,100000000,False
1129073,SENSEX26OCT68200CE,SENSEX,29OCT2026,6820000.000000,20,OPTIDX,BFO,5.000000,1000,False
1129080,AMBER26NOV6500CE,AMBER,26NOV2026,650000.000000,100,OPTSTK,BFO,5.000000,100000000,False
1129084,SENSEX27MAR70000PE,SENSEX,25MAR2027,7000000.000000,20,OPTIDX,BFO,5.000000,1000,False
1129089,SENSEX26O2268100CE,SENSEX,22OCT2026,6810000.000000,20,OPTIDX,BFO,5.000000,1000,False
1112134,NHPC26NOV78CE,NHPC,26NOV2026,7800.000000,6950,OPTSTK,BFO,5.000000,100000000,False
1112153,COLPAL26NOV1720CE,COLPAL,26NOV2026,172000.000000,275,OPTSTK,BFO,5.000000,14000,False
1112155,BANKEX26OCT57400CE,BANKEX,29OCT2026,5740000.000000,30,OPTIDX,BFO,5.000000,900,False
1112159,POWERGRID26NOV272.5CE,POWERGRID,26NOV2026,27250.000000,1900,OPTSTK,BFO,5.000000,108000,False
1129097,MFSL26OCT1340PE,MFSL,29OCT2026,134000.000000,400,OPTSTK,BFO,5.000000,32000,False
1129103,SENSEX2691768400CE,SENSEX,17SEP2026,6840000.000000,20,OPTIDX,BFO,5.000000,1000,False
1129128,SENSEX26OCT67800CE,SENSEX,29OCT2026,6780000.000000,20,OPTIDX,BFO,5.000000,1000,False
1129164,GODREJPROP26NOV1720PE,GODREJPROP,26NOV2026,172000.000000,325,OPTSTK,BFO,5.000000,19000,False
839636,SENSEX26SEP73800PE,SENSEX,24SEP2026,7380000.000000,20,OPTIDX,BFO,5.000000,1000,False
839681,SENSEX26SEP83900CE,SENSEX,24SEP2026,8390000.000000,20,OPTIDX,BFO,5.000000,1000,False
839971,SENSEX26SEP83900PE,SENSEX,24SEP2026,8390000.000000,20,OPTIDX,BFO,5.000000,1000,False
840549,SENSEX30JUN79000PE,SENSEX,27JUN2030,7900000.000000,20,OPTIDX,BFO,5.000000,1000,False
1111230,PFC26NOV345CE,PFC,26NOV2026,34500.000000,1300,OPTSTK,BFO,5.000000,124000,False
1111242,IDFCFIRSTB26OCT75CE,IDFCFIRSTB,29OCT2026,7500.000000,9275,OPTSTK,BFO,5.000000,450000,False
1111248,CHOLAFIN26NOV1740PE,CHOLAFIN,26NOV2026,174000.000000,625,OPTSTK,BFO,5.000000,25000,False
1111259,PERSISTENT26NOV5000CE,PERSISTENT,26NOV2026,500000.000000,125,OPTSTK,BFO,5.000000,5250,False
1112190,NBCC26NOV87.5CE,NBCC,26NOV2026,8750.000000,6500,OPTSTK,BFO,5.000000,100000000,False
1112199,BANKEX26NOV60200PE,BANKEX,26NOV2026,6020000.000000,30,OPTIDX,BFO,5.000000,900,False
1112201,HINDUNILVR26NOV2060CE,HINDUNILVR,26NOV2026,206000.000000,300,OPTSTK,BFO,5.000000,9000,False
1112209,SAIL26NOV177.5CE,SAIL,26NOV2026,17750.000000,4700,OPTSTK,BFO,5.000000,320000,False
1129240,SENSEX26NOV68100CE,SENSEX,26NOV2026,6810000.000000,20,OPTIDX,BFO,5.000000,1000,False
1129245,FOCIT26SEP28800CE,FOCIT,24SEP2026,2880000.000000,45,OPTIDX,BFO,5.000000,1350,False
1129288,NBCC26NOV65PE,NBCC,26NOV2026,6500.000000,6500,OPTSTK,BFO,5.000000,100000000,False
1129312,COCHINSHIP26SEP1700CE,COCHINSHIP,24SEP2026,170000.000000,400,OPTSTK,BFO,5.000000,100000000,False
840840,SENSEX27DEC79000PE,SENSEX,30DEC2027,7900000.000000,20,OPTIDX,BFO,5.000000,1000,False
841251,SENSEX26SEP69700CE,SENSEX,24SEP2026,6970000.000000,20,OPTIDX,BFO,5.000000,1000,False
841323,SENSEX26SEP69200PE,SENSEX,24SEP2026,6920000.000000,20,OPTIDX,BFO,5.000000,1000,False
841336,SENSEX26SEP69400PE,SENSEX,24SEP2026,6940000.000000,20,OPTIDX,BFO,5.000000,1000,False
1111271,SENSEX26NOV75300PE,SENSEX,26NOV2026,7530000.000000,20,OPTIDX,BFO,5.000000,1000,False
1111280,SENSEX26NOV77600PE,SENSEX,26NOV2026,7760000.000000,20,OPTIDX,BFO,5.000000,1000,False
1111296,RELIANCE26NOV1300CE,RELIANCE,26NOV2026,130000.000000,500,OPTSTK,BFO,5.000000,10000,False
1111310,ALKEM26NOV5150CE,ALKEM,26NOV2026,515000.000000,125,OPTSTK,BFO,5.000000,8000,False
1112211,LTF26NOV355PE,LTF,26NOV2026,35500.000000,2250,OPTSTK,BFO,5.000000,267720,False
1112219,BANKEX26NOV64800PE,BANKEX,26NOV2026,6480000.000000,30,OPTIDX,BFO,5.000000,900,False
1112231,PNB26NOV109PE,PNB,26NOV2026,10900.000000,8000,OPTSTK,BFO,5.000000,480000,False
1112232,COCHINSHIP26NOV1420PE,COCHINSHIP,26NOV2026,142000.000000,400,OPTSTK,BFO,5.000000,100000000,False
1129319,HCLTECH26NOV1180PE,HCLTECH,26NOV2026,118000.000000,400,OPTSTK,BFO,5.000000,21000,False
1129350,PAYTM26NOV1880CE,PAYTM,26NOV2026,188000.000000,725,OPTSTK,BFO,5.000000,100000000,False
1129378,SENSEX26O0168000CE,SENSEX,01OCT2026,6800000.000000,20,OPTIDX,BFO,5.000000,1000,False
1129397,SENSEX26SEP68500PE,SENSEX,24SEP2026,6850000.000000,20,OPTIDX,BFO,5.000000,1000,False
841644,COCHINSHIP26SEP1440PE,COCHINSHIP,24SEP2026,144000.000000,400,OPTSTK,BFO,5.000000,100000000,False
841659,NBCC26SEP107CE,NBCC,24SEP2026,10700.000000,6500,OPTSTK,BFO,5.000000,100000000,False
841668,AMBER26SEP7600CE,AMBER,24SEP2026,760000.000000,100,OPTSTK,BFO,5.000000,100000000,False
841669,BOSCHLTD26SEP38750CE,BOSCHLTD,24SEP2026,3875000.000000,25,OPTSTK,BFO,5.000000,1500,False
1111317,SENSEX26O1573900CE,SENSEX,15OCT2026,7390000.000000,20,OPTIDX,BFO,5.000000,1000,False
1111326,COALINDIA26NOV420PE,COALINDIA,26NOV2026,42000.000000,1350,OPTSTK,BFO,5.000000,126000,False
1111330,OFSS26NOV11300CE,OFSS,26NOV2026,1130000.000000,100,OPTSTK,BFO,5.000000,8000,False
1111338,BANKINDIA26NOV127.5PE,BANKINDIA,26NOV2026,12750.000000,5200,OPTSTK,BFO,5.000000,100000000,False
1112299,TRENT26NOV2750CE,TRENT,26NOV2026,275000.000000,225,OPTSTK,BFO,5.000000,16000,False
1112312,YESBANK26NOV16CE,YESBANK,26NOV2026,1600.000000,31100,OPTSTK,BFO,5.000000,100000000,False
1112319,FOCIT26NOV33000CE,FOCIT,26NOV2026,3300000.000000,45,OPTIDX,BFO,5.000000,1350,False
1112346,HEROMOTOCO26NOV6000CE,HEROMOTOCO,26NOV2026,600000.000000,150,OPTSTK,BFO,5.000000,9000,False
1129411,SENSEX26SEP87000PE,SENSEX,24SEP2026,8700000.000000,20,OPTIDX,BFO,5.000000,1000,False
1129430,FOCIT26OCT28900CE,FOCIT,29OCT2026,2890000.000000,45,OPTIDX,BFO,5.000000,1350,False
1129433,SENSEX26O1567800CE,SENSEX,15OCT2026,6780000.000000,20,OPTIDX,BFO,5.000000,1000,False
1129438,SENSEX26SEP67800CE,SENSEX,24SEP2026,6780000.000000,20,OPTIDX,BFO,5.000000,1000,False
841691,SONACOMS26SEP655CE,SONACOMS,24SEP2026,65500.000000,1225,OPTSTK,BFO,5.000000,100000000,False
841694,MFSL26SEP1540CE,MFSL,24SEP2026,154000.000000,400,OPTSTK,BFO,5.000000,32000,False
841696,WIPRO26SEP180PE,WIPRO,24SEP2026,18000.000000,3000,OPTSTK,BFO,5.000000,60000,False
841705,MARUTI26SEP13800PE,MARUTI,24SEP2026,1380000.000000,50,OPTSTK,BFO,5.000000,3000,False
1111355,LT26NOV3900PE,LT,26NOV2026,390000.000000,175,OPTSTK,BFO,5.000000,12000,False
1111360,TORNTPHARM26NOV5350CE,TORNTPHARM,26NOV2026,535000.000000,125,OPTSTK,BFO,5.000000,15000,False
1111370,SOLARINDS26NOV21500PE,SOLARINDS,26NOV2026,2150000.000000,50,OPTSTK,BFO,5.000000,100000000,False
1111383,LAURUSLABS26SEP2040CE,LAURUSLABS,24SEP2026,204000.000000,850,OPTSTK,BFO,5.000000,68000,False
1129451,SBILIFE26SEP1540CE,SBILIFE,24SEP2026,154000.000000,375,OPTSTK,BFO,5.000000,22500,False
1129473,MFSL26OCT1320CE,MFSL,29OCT2026,132000.000000,400,OPTSTK,BFO,5.000000,32000,False
1129481,HCLTECH26OCT1160PE,HCLTECH,29OCT2026,116000.000000,400,OPTSTK,BFO,5.000000,21000,False
1129500,MFSL26SEP1320PE,MFSL,24SEP2026,132000.000000,400,OPTSTK,BFO,5.000000,32000,False
841713,HDFCAMC26SEP2780PE,HDFCAMC,24SEP2026,278000.000000,300,OPTSTK,BFO,5.000000,12000,False
841716,TMPV26SEP370PE,TMPV,24SEP2026,37000.000000,1600,OPTSTK,BFO,5.000000,42750,False
841725,360ONE26SEP1160PE,,24SEP2026,116000.000000,500,OPTSTK,BFO,5.000000,100000000,False
841728,CROMPTON26SEP265PE,CROMPTON,24SEP2026,26500.000000,2150,OPTSTK,BFO,5.000000,90000,False
1112362,SENSEX5026NOVFUT,SENSEX50,26NOV2026,0.000000,75,FUTIDX,BFO,5.000000,1800,False
1112387,ONGC26NOV247.5CE,ONGC,26NOV2026,24750.000000,2250,OPTSTK,BFO,5.000000,154000,False
1112409,NATIONALUM26NOV370PE,NATIONALUM,26NOV2026,37000.000000,1875,OPTSTK,BFO,5.000000,300000,False
1112413,POLYCAB26NOV9000PE,POLYCAB,26NOV2026,900000.000000,125,OPTSTK,BFO,5.000000,9000,False
841730,SENSEX5026SEP25400PE,SENSEX50,24SEP2026,2540000.000000,75,OPTIDX,BFO,5.000000,1800,False
841754,HAL26SEP4400CE,HAL,24SEP2026,440000.000000,150,OPTSTK,BFO,5.000000,9000,False
841769,TATAPOWER26SEP355CE,TATAPOWER,24SEP2026,35500.000000,1450,OPTSTK,BFO,5.000000,101250,False
841776,BANKEX26SEP61400PE,BANKEX,24SEP2026,6140000.000000,30,OPTIDX,BFO,5.000000,900,False
1111389,FOCIT26NOV34400PE,FOCIT,26NOV2026,3440000.000000,45,OPTIDX,BFO,5.000000,1350,False
1111411,AXISBANK26NOV1320CE,AXISBANK,26NOV2026,132000.000000,625,OPTSTK,BFO,5.000000,25000,False
1111430,LICHSGFIN26NOV560PE,LICHSGFIN,26NOV2026,56000.000000,1000,OPTSTK,BFO,5.000000,60000,False
1111431,SENSEX26NOV76900CE,SENSEX,26NOV2026,7690000.000000,20,OPTIDX,BFO,5.000000,1000,False
1112416,DMART26NOV3850CE,DMART,26NOV2026,385000.000000,150,OPTSTK,BFO,5.000000,100000000,False
1112439,POWERINDIA26NOV35500CE,POWERINDIA,26NOV2026,3550000.000000,25,OPTSTK,BFO,5.000000,100000000,False
1112449,MPHASIS26NOVFUT,MPHASIS,26NOV2026,0.000000,275,FUTSTK,BFO,5.000000,11000,False
1112460,UNITDSPR26NOV1520PE,UNITDSPR,26NOV2026,152000.000000,400,OPTSTK,BFO,5.000000,28000,False
1129506,SENSEX28JUN70000CE,SENSEX,29JUN2028,7000000.000000,20,OPTIDX,BFO,5.000000,1000,False
1129516,TATAELXSI26NOV3050CE,TATAELXSI,26NOV2026,305000.000000,125,OPTSTK,BFO,5.000000,100000000,False
1129577,HDFCBANK26SEP620CE,HDFCBANK,24SEP2026,62000.000000,650,OPTSTK,BFO,5.000000,16500,False
1129580,FOCIT26SEP28700CE,FOCIT,24SEP2026,2870000.000000,45,OPTIDX,BFO,5.000000,1350,False
841777,PAGEIND26SEP42500PE,PAGEIND,24SEP2026,4250000.000000,20,OPTSTK,BFO,5.000000,600,False
841778,COFORGE26SEP1620PE,COFORGE,24SEP2026,162000.000000,475,OPTSTK,BFO,5.000000,6000,False
841782,KOTAKBANK26SEP395CE,KOTAKBANK,24SEP2026,39500.000000,2000,OPTSTK,BFO,5.000000,12000,False
841792,POWERGRID26SEP292.5PE,POWERGRID,24SEP2026,29250.000000,1900,OPTSTK,BFO,5.000000,108000,False
1111458,FOCIT26NOV30700PE,FOCIT,26NOV2026,3070000.000000,45,OPTIDX,BFO,5.000000,1350,False
1111465,PETRONET26NOV300PE,PETRONET,26NOV2026,30000.000000,1900,OPTSTK,BFO,5.000000,120000,False
1111473,KOTAKBANK26NOV425CE,KOTAKBANK,26NOV2026,42500.000000,2000,OPTSTK,BFO,5.000000,12000,False
1111474,TATASTEEL26NOV205CE,TATASTEEL,26NOV2026,20500.000000,2750,OPTSTK,BFO,5.000000,220000,False
1129595,NESTLEIND26OCT1320CE,NESTLEIND,29OCT2026,132000.000000,500,OPTSTK,BFO,5.000000,1200,False
1129615,SENSEX5026NOV23650CE,SENSEX50,26NOV2026,2365000.000000,75,OPTIDX,BFO,5.000000,1800,False
1129639,SENSEX26O0168000PE,SENSEX,01OCT2026,6800000.000000,20,OPTIDX,BFO,5.000000,1000,False
1129645,GODREJPROP26OCT1740CE,GODREJPROP,29OCT2026,174000.000000,325,OPTSTK,BFO,5.000000,19000,False
1112468,SENSEX26O1573500PE,SENSEX,15OCT2026,7350000.000000,20,OPTIDX,BFO,5.000000,1000,False
1112476,HDFCAMC26NOV2750CE,HDFCAMC,26NOV2026,275000.000000,300,OPTSTK,BFO,5.000000,12000,False
1112495,IDFCFIRSTB26NOV84CE,IDFCFIRSTB,26NOV2026,8400.000000,9275,OPTSTK,BFO,5.000000,450000,False
1112498,MANAPPURAM26NOV385CE,MANAPPURAM,26NOV2026,38500.000000,3000,OPTSTK,BFO,5.000000,180000,False
841807,IREDA26SEP130CE,IREDA,24SEP2026,13000.000000,4525,OPTSTK,BFO,5.000000,100000000,False
841834,ULTRACEMCO26SEP11660PE,ULTRACEMCO,24SEP2026,1166000.000000,50,OPTSTK,BFO,5.000000,3000,False
841838,HCLTECH26SEP1030CE,HCLTECH,24SEP2026,103000.000000,400,OPTSTK,BFO,5.000000,21000,False
841849,SENSEX31JUN73000CE,SENSEX,26JUN2031,7300000.000000,20,OPTIDX,BFO,5.000000,1000,False
1129682,LICI26NOV370PE,LICI,26NOV2026,37000.000000,1400,OPTSTK,BFO,5.000000,100000000,False
1129693,NAUKRI26NOV1140PE,NAUKRI,26NOV2026,114000.000000,550,OPTSTK,BFO,5.000000,6000,False
1129695,APOLLOHOSP26NOV9700CE,APOLLOHOSP,26NOV2026,970000.000000,125,OPTSTK,BFO,5.000000,5000,False
1129706,TECHM26OCT1400CE,TECHM,29OCT2026,140000.000000,600,OPTSTK,BFO,5.000000,24000,False
1111492,PFC26NOV320PE,PFC,26NOV2026,32000.000000,1300,OPTSTK,BFO,5.000000,124000,False
1111531,TITAN26NOV5150CE,TITAN,26NOV2026,515000.000000,175,OPTSTK,BFO,5.000000,11250,False
1111536,POWERINDIA26NOV33000CE,POWERINDIA,26NOV2026,3300000.000000,25,OPTSTK,BFO,5.000000,100000000,False
1111537,CROMPTON26NOV205PE,CROMPTON,26NOV2026,20500.000000,2150,OPTSTK,BFO,5.000000,90000,False
841880,GODFRYPHLP26SEP2340CE,GODFRYPHLP,24SEP2026,234000.000000,275,OPTSTK,BFO,5.000000,100000000,False
841894,ASHOKLEY26SEP170CE,ASHOKLEY,24SEP2026,17000.000000,5000,OPTSTK,BFO,5.000000,150000,False
841901,SENSEX29DEC80000CE,SENSEX,27DEC2029,8000000.000000,20,OPTIDX,BFO,5.000000,1000,False
841908,CAMS26SEP860PE,CAMS,24SEP2026,86000.000000,825,OPTSTK,BFO,5.000000,100000000,False
1112505,HDFCBANK26NOV700CE,HDFCBANK,26NOV2026,70000.000000,650,OPTSTK,BFO,5.000000,16500,False
1112506,GVT&D26NOV4000PE,GVT&D,26NOV2026,400000.000000,125,OPTSTK,BFO,5.000000,100000000,False
1112507,PRESTIGE26NOV1480PE,PRESTIGE,26NOV2026,148000.000000,450,OPTSTK,BFO,5.000000,100000000,False
1112517,BAJAJ-AUTO26NOV11100PE,BAJAJ-AUTO,26NOV2026,1110000.000000,75,OPTSTK,BFO,5.000000,5000,False
1111555,LT26NOV3800CE,LT,26NOV2026,380000.000000,175,OPTSTK,BFO,5.000000,12000,False
1111573,IDEA26NOV22CE,IDEA,26NOV2026,2200.000000,71475,OPTSTK,BFO,5.000000,2400000,False
1111577,SENSEX26O1573300PE,SENSEX,15OCT2026,7330000.000000,20,OPTIDX,BFO,5.000000,1000,False
1111611,YESBANK26NOV23CE,YESBANK,26NOV2026,2300.000000,31100,OPTSTK,BFO,5.000000,100000000,False
1129728,SENSEX26O0168200PE,SENSEX,01OCT2026,6820000.000000,20,OPTIDX,BFO,5.000000,1000,False
1129738,SRF26NOV2150CE,SRF,26NOV2026,215000.000000,200,OPTSTK,BFO,5.000000,11250,False
1129843,BANKEX26NOV57000CE,BANKEX,26NOV2026,5700000.000000,30,OPTIDX,BFO,5.000000,900,False
1129874,SENSEX5026NOV23600CE,SENSEX50,26NOV2026,2360000.000000,75,OPTIDX,BFO,5.000000,1800,False
841946,SUZLON26SEP61PE,SUZLON,24SEP2026,6100.000000,12700,OPTSTK,BFO,5.000000,100000000,False
841954,SBICARD26SEP650PE,SBICARD,24SEP2026,65000.000000,800,OPTSTK,BFO,5.000000,32000,False
841966,TATASTEEL26SEP175PE,TATASTEEL,24SEP2026,17500.000000,2750,OPTSTK,BFO,5.000000,220000,False
841970,INDIGO26SEP5800CE,INDIGO,24SEP2026,580000.000000,150,OPTSTK,BFO,5.000000,12000,False
1112528,TATAPOWER26NOV335CE,TATAPOWER,26NOV2026,33500.000000,1450,OPTSTK,BFO,5.000000,101250,False
1112538,KFINTECH26NOV920CE,KFINTECH,26NOV2026,92000.000000,575,OPTSTK,BFO,5.000000,100000000,False
1112569,SENSEX26O1581200PE,SENSEX,15OCT2026,8120000.000000,20,OPTIDX,BFO,5.000000,1000,False
1112571,POWERGRID26NOV277.5CE,POWERGRID,26NOV2026,27750.000000,1900,OPTSTK,BFO,5.000000,108000,False
841977,INOXWIND26SEP83CE,INOXWIND,24SEP2026,8300.000000,6400,OPTSTK,BFO,5.000000,100000000,False
841994,HEROMOTOCO26SEP4850PE,HEROMOTOCO,24SEP2026,485000.000000,150,OPTSTK,BFO,5.000000,9000,False
841998,AUBANK26SEP1060CE,AUBANK,24SEP2026,106000.000000,1000,OPTSTK,BFO,5.000000,30000,False
842003,JSWSTEEL26SEP1300PE,JSWSTEEL,24SEP2026,130000.000000,675,OPTSTK,BFO,5.000000,40500,False
1111642,INDUSINDBK26NOV990CE,INDUSINDBK,26NOV2026,99000.000000,700,OPTSTK,BFO,5.000000,20000,False
1111652,PHOENIXLTD26NOV2020CE,PHOENIXLTD,26NOV2026,202000.000000,350,OPTSTK,BFO,5.000000,100000000,False
1111661,SUZLON26NOV51CE,SUZLON,26NOV2026,5100.000000,12700,OPTSTK,BFO,5.000000,100000000,False
1111670,INDHOTEL26NOV650CE,INDHOTEL,26NOV2026,65000.000000,1000,OPTSTK,BFO,5.000000,60000,False
1112617,SBILIFE26NOV1860CE,SBILIFE,26NOV2026,186000.000000,375,OPTSTK,BFO,5.000000,22500,False
1112662,PNBHOUSING26NOV1240PE,PNBHOUSING,26NOV2026,124000.000000,650,OPTSTK,BFO,5.000000,100000000,False
1112667,RBLBANK26NOV375CE,RBLBANK,26NOV2026,37500.000000,3175,OPTSTK,BFO,5.000000,150000,False
1112688,UNITDSPR26NOV1420CE,UNITDSPR,26NOV2026,142000.000000,400,OPTSTK,BFO,5.000000,28000,False
1129879,ADANIPORTS26NOV1880PE,ADANIPORTS,26NOV2026,188000.000000,475,OPTSTK,BFO,5.000000,32000,False
1129926,HDFCLIFE26OCT480PE,HDFCLIFE,29OCT2026,48000.000000,1100,OPTSTK,BFO,5.000000,44000,False
1129941,TECHM26NOV1400PE,TECHM,26NOV2026,140000.000000,600,OPTSTK,BFO,5.000000,24000,False
1130058,ICICIBANK26OCT1310PE,ICICIBANK,29OCT2026,131000.000000,700,OPTSTK,BFO,5.000000,28000,False
842008,IREDA26SEP135CE,IREDA,24SEP2026,13500.000000,4525,OPTSTK,BFO,5.000000,100000000,False
842017,HYUNDAI26SEP1900CE,HYUNDAI,24SEP2026,190000.000000,275,OPTSTK,BFO,5.000000,100000000,False
842026,MAXHEALTH26SEP1100CE,MAXHEALTH,24SEP2026,110000.000000,525,OPTSTK,BFO,5.000000,100000000,False
842043,UNOMINDA26SEP1220PE,UNOMINDA,24SEP2026,122000.000000,550,OPTSTK,BFO,5.000000,100000000,False
1111727,TVSMOTOR26NOV4450PE,TVSMOTOR,26NOV2026,445000.000000,175,OPTSTK,BFO,5.000000,21000,False
1111734,PIIND26NOV2200PE,PIIND,26NOV2026,220000.000000,175,OPTSTK,BFO,5.000000,7500,False
1111736,DIXON26NOV15000PE,DIXON,26NOV2026,1500000.000000,50,OPTSTK,BFO,5.000000,6000,False
1111738,SAGILITY26SEP43PE,SAGILITY,24SEP2026,4300.000000,12000,OPTSTK,BFO,5.000000,100000000,False
1112705,PRESTIGE26NOV1540CE,PRESTIGE,26NOV2026,154000.000000,450,OPTSTK,BFO,5.000000,100000000,False
1112722,BANKEX26NOV64700CE,BANKEX,26NOV2026,6470000.000000,30,OPTIDX,BFO,5.000000,900,False
1112736,MUTHOOTFIN26NOV3200CE,MUTHOOTFIN,26NOV2026,320000.000000,275,OPTSTK,BFO,5.000000,22000,False
1112743,KAYNES26NOV4350CE,KAYNES,26NOV2026,435000.000000,150,OPTSTK,BFO,5.000000,100000000,False
1130089,MARUTI26OCT11800CE,MARUTI,29OCT2026,1180000.000000,50,OPTSTK,BFO,5.000000,3000,False
1130092,CAMS26SEP640CE,CAMS,24SEP2026,64000.000000,825,OPTSTK,BFO,5.000000,100000000,False
1130095,POWERGRID26NOV290CE,POWERGRID,26NOV2026,29000.000000,1900,OPTSTK,BFO,5.000000,108000,False
1130121,PIIND26NOV2000PE,PIIND,26NOV2026,200000.000000,175,OPTSTK,BFO,5.000000,7500,False
842046,TATACONSUM26SEP1120PE,TATACONSUM,24SEP2026,112000.000000,550,OPTSTK,BFO,5.000000,36000,False
842047,MANKIND26SEP2420CE,MANKIND,24SEP2026,242000.000000,250,OPTSTK,BFO,5.000000,100000000,False
842059,IDEA26SEP20PE,IDEA,24SEP2026,2000.000000,71475,OPTSTK,BFO,5.000000,2400000,False
842063,PATANJALI26SEP425PE,PATANJALI,24SEP2026,42500.000000,1075,OPTSTK,BFO,5.000000,100000000,False
1111741,FORCEMOT26NOV14500CE,FORCEMOT,26NOV2026,1450000.000000,25,OPTSTK,BFO,5.000000,100000000,False
1111747,PETRONET26NOV305PE,PETRONET,26NOV2026,30500.000000,1900,OPTSTK,BFO,5.000000,120000,False
1111757,UNIONBANK26NOV192.5PE,UNIONBANK,26NOV2026,19250.000000,4425,OPTSTK,BFO,5.000000,100000000,False
1111759,BANKEX26NOV64500CE,BANKEX,26NOV2026,6450000.000000,30,OPTIDX,BFO,5.000000,900,False
1112747,CUMMINSIND26NOV5300CE,CUMMINSIND,26NOV2026,530000.000000,200,OPTSTK,BFO,5.000000,18000,False
1112755,INDHOTEL26NOV760CE,INDHOTEL,26NOV2026,76000.000000,1000,OPTSTK,BFO,5.000000,60000,False
1112765,PFC26NOV365PE,PFC,26NOV2026,36500.000000,1300,OPTSTK,BFO,5.000000,124000,False
1112770,PGEL26NOV590PE,PGEL,26NOV2026,59000.000000,950,OPTSTK,BFO,5.000000,100000000,False
1130170,WIPRO26SEP147.5PE,WIPRO,24SEP2026,14750.000000,3000,OPTSTK,BFO,5.000000,60000,False
1130179,MANKIND26SEP2100CE,MANKIND,24SEP2026,210000.000000,250,OPTSTK,BFO,5.000000,100000000,False
1130186,BDL26OCT1060PE,BDL,29OCT2026,106000.000000,425,OPTSTK,BFO,5.000000,100000000,False
1130190,DMART26SEP3300CE,DMART,24SEP2026,330000.000000,150,OPTSTK,BFO,5.000000,100000000,False
842067,LICHSGFIN26SEP550CE,LICHSGFIN,24SEP2026,55000.000000,1000,OPTSTK,BFO,5.000000,60000,False
842077,HYUNDAI26SEP1820PE,HYUNDAI,24SEP2026,182000.000000,275,OPTSTK,BFO,5.000000,100000000,False
842080,TATACONSUM26SEP1110CE,TATACONSUM,24SEP2026,111000.000000,550,OPTSTK,BFO,5.000000,36000,False
842083,BANKEX26SEP59000PE,BANKEX,24SEP2026,5900000.000000,30,OPTIDX,BFO,5.000000,900,False
1111765,SAIL26NOV207.5PE,SAIL,26NOV2026,20750.000000,4700,OPTSTK,BFO,5.000000,320000,False
1111769,PFC26NOV325PE,PFC,26NOV2026,32500.000000,1300,OPTSTK,BFO,5.000000,124000,False
1111795,FOCIT26NOV37700PE,FOCIT,26NOV2026,3770000.000000,45,OPTIDX,BFO,5.000000,1350,False
1111815,ADANIENSOL26NOV1680CE,ADANIENSOL,26NOV2026,168000.000000,675,OPTSTK,BFO,5.000000,100000000,False
1112771,SAGILITY26NOV41CE,SAGILITY,26NOV2026,4100.000000,12000,OPTSTK,BFO,5.000000,100000000,False
1112798,TORNTPHARM26NOV5100CE,TORNTPHARM,26NOV2026,510000.000000,125,OPTSTK,BFO,5.000000,15000,False
1112800,EICHERMOT26NOV8300PE,EICHERMOT,26NOV2026,830000.000000,100,OPTSTK,BFO,5.000000,7000,False
1112809,BHARTIARTL26NOV1940CE,BHARTIARTL,26NOV2026,194000.000000,475,OPTSTK,BFO,5.000000,28500,False
1130198,LUPIN26SEP1940PE,LUPIN,24SEP2026,194000.000000,425,OPTSTK,BFO,5.000000,34000,False
1130212,MANKIND26NOV2100CE,MANKIND,26NOV2026,210000.000000,250,OPTSTK,BFO,5.000000,100000000,False
1130220,SAIL26NOV167.5PE,SAIL,26NOV2026,16750.000000,4700,OPTSTK,BFO,5.000000,320000,False
1130255,TMPV26SEP265CE,TMPV,24SEP2026,26500.000000,1600,OPTSTK,BFO,5.000000,42750,False
842086,BANKEX26SEP71300CE,BANKEX,24SEP2026,7130000.000000,30,OPTIDX,BFO,5.000000,900,False
842104,ZYDUSLIFE26SEP1130PE,ZYDUSLIFE,24SEP2026,113000.000000,900,OPTSTK,BFO,5.000000,54000,False
842106,NAUKRI26SEP1010PE,NAUKRI,24SEP2026,101000.000000,550,OPTSTK,BFO,5.000000,6000,False
842107,HINDPETRO26SEP370.75PE,HINDPETRO,24SEP2026,37075.000000,2025,OPTSTK,BFO,5.000000,108000,False
1112828,CAMS26NOV680PE,CAMS,26NOV2026,68000.000000,825,OPTSTK,BFO,5.000000,100000000,False
1112838,LTM26NOV4800PE,LTM,26NOV2026,480000.000000,150,OPTSTK,BFO,5.000000,4500,False
1112849,NYKAA26NOV320PE,NYKAA,26NOV2026,32000.000000,3125,OPTSTK,BFO,5.000000,100000000,False
1112867,SENSEX26O1577100CE,SENSEX,15OCT2026,7710000.000000,20,OPTIDX,BFO,5.000000,1000,False
842112,ICICIGI26SEP1920CE,ICICIGI,24SEP2026,192000.000000,325,OPTSTK,BFO,5.000000,20000,False
842126,LAURUSLABS26SEP1440CE,LAURUSLABS,24SEP2026,144000.000000,850,OPTSTK,BFO,5.000000,68000,False
842128,BAJAJFINSV26SEP1660CE,BAJAJFINSV,24SEP2026,166000.000000,300,OPTSTK,BFO,5.000000,20000,False
842136,BEL26SEPFUT,BEL,24SEP2026,0.000000,1425,FUTSTK,BFO,5.000000,228000,False
1111827,RVNL26NOV180PE,RVNL,26NOV2026,18000.000000,1925,OPTSTK,BFO,5.000000,100000000,False
1111836,BANKINDIA26NOV130PE,BANKINDIA,26NOV2026,13000.000000,5200,OPTSTK,BFO,5.000000,100000000,False
1111862,ATHERENERG26SEPFUT,ATHERENERG,24SEP2026,0.000000,375,FUTSTK,BFO,5.000000,100000000,False
1111870,COFORGE26NOV2000PE,COFORGE,26NOV2026,200000.000000,475,OPTSTK,BFO,5.000000,6000,False
1130277,PIIND26SEP1900CE,PIIND,24SEP2026,190000.000000,175,OPTSTK,BFO,5.000000,7500,False
1130300,GODREJPROP26OCT1680CE,GODREJPROP,29OCT2026,168000.000000,325,OPTSTK,BFO,5.000000,19000,False
1130303,MARUTI26NOV11700CE,MARUTI,26NOV2026,1170000.000000,50,OPTSTK,BFO,5.000000,3000,False
1130323,FORTIS26NOV820CE,FORTIS,26NOV2026,82000.000000,775,OPTSTK,BFO,5.000000,100000000,False
1112875,TATAELXSI26NOV4000PE,TATAELXSI,26NOV2026,400000.000000,125,OPTSTK,BFO,5.000000,100000000,False
1112883,ASIANPAINT26NOV2680PE,ASIANPAINT,26NOV2026,268000.000000,250,OPTSTK,BFO,5.000000,8000,False
1112920,CIPLA26NOV1440PE,CIPLA,26NOV2026,144000.000000,425,OPTSTK,BFO,5.000000,26000,False
1112965,KPITTECH26NOV550PE,KPITTECH,26NOV2026,55000.000000,775,OPTSTK,BFO,5.000000,100000000,False
842147,MOTILALOFS26SEP1000CE,MOTILALOFS,24SEP2026,100000.000000,775,OPTSTK,BFO,5.000000,100000000,False
842150,SBIN26SEP980CE,SBIN,24SEP2026,98000.000000,750,OPTSTK,BFO,5.000000,45000,False
842155,ADANIENSOL26SEP1380CE,ADANIENSOL,24SEP2026,138000.000000,675,OPTSTK,BFO,5.000000,100000000,False
842178,DRREDDY26SEP1330PE,DRREDDY,24SEP2026,133000.000000,625,OPTSTK,BFO,5.000000,5000,False
1111889,IREDA26NOV102.5PE,IREDA,26NOV2026,10250.000000,4525,OPTSTK,BFO,5.000000,100000000,False
1111894,ICICIBANK26NOV1470PE,ICICIBANK,26NOV2026,147000.000000,700,OPTSTK,BFO,5.000000,28000,False
1111939,SENSEX26NOV79200PE,SENSEX,26NOV2026,7920000.000000,20,OPTIDX,BFO,5.000000,1000,False
1111961,FOCIT26NOV40600CE,FOCIT,26NOV2026,4060000.000000,45,OPTIDX,BFO,5.000000,1350,False
1112966,SENSEX26O1573400CE,SENSEX,15OCT2026,7340000.000000,20,OPTIDX,BFO,5.000000,1000,False
1112974,POWERGRID26NOV277.5PE,POWERGRID,26NOV2026,27750.000000,1900,OPTSTK,BFO,5.000000,108000,False
1113003,MARICO26NOV890PE,MARICO,26NOV2026,89000.000000,1200,OPTSTK,BFO,5.000000,48000,False
1113006,GAIL26NOV170PE,GAIL,26NOV2026,17000.000000,3550,OPTSTK,BFO,5.000000,274500,False
1130337,BLUESTARCO26NOV1680PE,BLUESTARCO,26NOV2026,168000.000000,325,OPTSTK,BFO,5.000000,100000000,False
1130354,EICHERMOT26OCT6800CE,EICHERMOT,29OCT2026,680000.000000,100,OPTSTK,BFO,5.000000,7000,False
1130361,GODREJPROP26OCT1600PE,GODREJPROP,29OCT2026,160000.000000,325,OPTSTK,BFO,5.000000,19000,False
1130362,HINDALCO26NOV840CE,HINDALCO,26NOV2026,84000.000000,700,OPTSTK,BFO,5.000000,56000,False
842188,INOXWIND26SEP88CE,INOXWIND,24SEP2026,8800.000000,6400,OPTSTK,BFO,5.000000,100000000,False
842193,JINDALSTEL26SEP1100PE,JINDALSTEL,24SEP2026,110000.000000,625,OPTSTK,BFO,5.000000,37500,False
842209,IREDA26SEP135PE,IREDA,24SEP2026,13500.000000,4525,OPTSTK,BFO,5.000000,100000000,False
842223,INDIANB26SEP900CE,INDIANB,24SEP2026,90000.000000,1000,OPTSTK,BFO,5.000000,100000000,False
841872,GODREJPROP26SEP1820PE,GODREJPROP,24SEP2026,182000.000000,325,OPTSTK,BFO,5.000000,19000,False
841886,CIPLA26SEP1390PE,CIPLA,24SEP2026,139000.000000,425,OPTSTK,BFO,5.000000,26000,False
841891,TATAELXSI26SEP4100CE,TATAELXSI,24SEP2026,410000.000000,125,OPTSTK,BFO,5.000000,100000000,False
841896,COFORGE26SEP1520CE,COFORGE,24SEP2026,152000.000000,475,OPTSTK,BFO,5.000000,6000,False
1111990,SENSEX26O1575500CE,SENSEX,15OCT2026,7550000.000000,20,OPTIDX,BFO,5.000000,1000,False
1112048,SENSEX26O0870100PE,SENSEX,08OCT2026,7010000.000000,20,OPTIDX,BFO,5.000000,1000,False
1112049,IDEA26NOV9PE,IDEA,26NOV2026,900.000000,71475,OPTSTK,BFO,5.000000,2400000,False
1112054,COFORGE26NOV1960PE,COFORGE,26NOV2026,196000.000000,475,OPTSTK,BFO,5.000000,6000,False
1113013,CAMS26NOV750PE,CAMS,26NOV2026,75000.000000,825,OPTSTK,BFO,5.000000,100000000,False
1113030,NESTLEIND26NOV1420PE,NESTLEIND,26NOV2026,142000.000000,500,OPTSTK,BFO,5.000000,1200,False
1113042,GAIL26NOV175CE,GAIL,26NOV2026,17500.000000,3550,OPTSTK,BFO,5.000000,274500,False
1113062,BPCL26NOV325CE,BPCL,26NOV2026,32500.000000,1975,OPTSTK,BFO,5.000000,72000,False
1130373,LODHA26NOV1000CE,LODHA,26NOV2026,100000.000000,625,OPTSTK,BFO,5.000000,100000000,False
1130376,SHREECEM26OCT20750CE,SHREECEM,29OCT2026,2075000.000000,25,OPTSTK,BFO,5.000000,1000,False
1130387,PIIND26SEP1900PE,PIIND,24SEP2026,190000.000000,175,OPTSTK,BFO,5.000000,7500,False
1130403,INDIANB26NOV780CE,INDIANB,26NOV2026,78000.000000,1000,OPTSTK,BFO,5.000000,100000000,False
841935,NMDC26SEP86PE,NMDC,24SEP2026,8600.000000,6750,OPTSTK,BFO,5.000000,225000,False
841939,UPL26SEP595PE,UPL,24SEP2026,59500.000000,1355,OPTSTK,BFO,5.000000,39000,False
841941,LT26SEP4120CE,LT,24SEP2026,412000.000000,175,OPTSTK,BFO,5.000000,12000,False
841961,KFINTECH26SEP940PE,KFINTECH,24SEP2026,94000.000000,575,OPTSTK,BFO,5.000000,100000000,False
1112074,MFSL26NOV1620PE,MFSL,26NOV2026,162000.000000,400,OPTSTK,BFO,5.000000,32000,False
1112082,LTM26NOV4350PE,LTM,26NOV2026,435000.000000,150,OPTSTK,BFO,5.000000,4500,False
1112165,PETRONET26NOV270PE,PETRONET,26NOV2026,27000.000000,1900,OPTSTK,BFO,5.000000,120000,False
1112183,MCX26NOV3450CE,MCX,26NOV2026,345000.000000,225,OPTSTK,BFO,5.000000,16000,False
1113096,OIL26NOV500CE,OIL,26NOV2026,50000.000000,1400,OPTSTK,BFO,5.000000,100000000,False
1113210,ASTRAL26NOV1600CE,ASTRAL,26NOV2026,160000.000000,425,OPTSTK,BFO,5.000000,14680,False
1113223,WAAREEENER26NOV2550PE,WAAREEENER,26NOV2026,255000.000000,175,OPTSTK,BFO,5.000000,100000000,False
1113240,NAM-INDIA26NOV1220CE,NAM-INDIA,26NOV2026,122000.000000,625,OPTSTK,BFO,5.000000,100000000,False
1130416,LAURUSLABS26SEP2120CE,LAURUSLABS,24SEP2026,212000.000000,850,OPTSTK,BFO,5.000000,68000,False
1130417,COCHINSHIP26NOV1300PE,COCHINSHIP,26NOV2026,130000.000000,400,OPTSTK,BFO,5.000000,100000000,False
1130429,EICHERMOT26NOV6800PE,EICHERMOT,26NOV2026,680000.000000,100,OPTSTK,BFO,5.000000,7000,False
1130440,AMBUJACEM26SEP355PE,AMBUJACEM,24SEP2026,35500.000000,1200,OPTSTK,BFO,5.000000,54000,False
841962,NESTLEIND26SEP1360CE,NESTLEIND,24SEP2026,136000.000000,500,OPTSTK,BFO,5.000000,1200,False
841978,AMBUJACEM26SEP450CE,AMBUJACEM,24SEP2026,45000.000000,1200,OPTSTK,BFO,5.000000,54000,False
841993,NAM-INDIA26SEP1180PE,NAM-INDIA,24SEP2026,118000.000000,625,OPTSTK,BFO,5.000000,100000000,False
842016,FOCIT26SEP27500CE,FOCIT,24SEP2026,2750000.000000,45,OPTIDX,BFO,5.000000,1350,False
1112203,PIDILITIND26NOV1580CE,PIDILITIND,26NOV2026,158000.000000,500,OPTSTK,BFO,5.000000,10000,False
1112261,TMPV26NOV285CE,TMPV,26NOV2026,28500.000000,1600,OPTSTK,BFO,5.000000,42750,False
1112266,CAMS26NOV770CE,CAMS,26NOV2026,77000.000000,825,OPTSTK,BFO,5.000000,100000000,False
1112306,ATHERENERG26NOV1340PE,ATHERENERG,26NOV2026,134000.000000,375,OPTSTK,BFO,5.000000,100000000,False
1130448,COCHINSHIP26NOV1260CE,COCHINSHIP,26NOV2026,126000.000000,400,OPTSTK,BFO,5.000000,100000000,False
1130451,JUBLFOOD26NOV435CE,JUBLFOOD,26NOV2026,43500.000000,1250,OPTSTK,BFO,5.000000,50000,False
1130465,SHREECEM26SEP20750CE,SHREECEM,24SEP2026,2075000.000000,25,OPTSTK,BFO,5.000000,1000,False
1130481,SUPREMEIND26NOV3050CE,SUPREMEIND,26NOV2026,305000.000000,175,OPTSTK,BFO,5.000000,100000000,False
1113247,BHEL26NOVFUT,BHEL,26NOV2026,0.000000,2625,FUTSTK,BFO,5.000000,315000,False
1113251,NAM-INDIA26NOV1060CE,NAM-INDIA,26NOV2026,106000.000000,625,OPTSTK,BFO,5.000000,100000000,False
1113254,IDFCFIRSTB26NOV77CE,IDFCFIRSTB,26NOV2026,7700.000000,9275,OPTSTK,BFO,5.000000,450000,False
1113287,SAIL26NOV185CE,SAIL,26NOV2026,18500.000000,4700,OPTSTK,BFO,5.000000,320000,False
842021,LUPIN26SEP2460PE,LUPIN,24SEP2026,246000.000000,425,OPTSTK,BFO,5.000000,34000,False
842028,IRFC26SEP99PE,IRFC,24SEP2026,9900.000000,5425,OPTSTK,BFO,5.000000,100000000,False
842032,TORNTPHARM26SEP4250CE,TORNTPHARM,24SEP2026,425000.000000,125,OPTSTK,BFO,5.000000,15000,False
842045,ANGELONE26SEP300CE,ANGELONE,24SEP2026,30000.000000,2500,OPTSTK,BFO,5.000000,100000000,False
1112320,HINDUNILVR26NOV2140PE,HINDUNILVR,26NOV2026,214000.000000,300,OPTSTK,BFO,5.000000,9000,False
1112358,FOCIT26NOV40000PE,FOCIT,26NOV2026,4000000.000000,45,OPTIDX,BFO,5.000000,1350,False
1112368,COALINDIA26NOV370PE,COALINDIA,26NOV2026,37000.000000,1350,OPTSTK,BFO,5.000000,126000,False
1112377,SENSEX26O1577200PE,SENSEX,15OCT2026,7720000.000000,20,OPTIDX,BFO,5.000000,1000,False
1113342,BPCL26NOV300PE,BPCL,26NOV2026,30000.000000,1975,OPTSTK,BFO,5.000000,72000,False
1113365,BHARATFORG26NOV2040CE,BHARATFORG,26NOV2026,204000.000000,500,OPTSTK,BFO,5.000000,30000,False
1113369,MAHABANK26SEP85CE,MAHABANK,24SEP2026,8500.000000,6500,OPTSTK,BFO,5.000000,100000000,False
1113380,GVT&D26NOV4200PE,GVT&D,26NOV2026,420000.000000,125,OPTSTK,BFO,5.000000,100000000,False
1130490,RELIANCE26NOV1200PE,RELIANCE,26NOV2026,120000.000000,500,OPTSTK,BFO,5.000000,10000,False
1130495,PAYTM26NOV1940PE,PAYTM,26NOV2026,194000.000000,725,OPTSTK,BFO,5.000000,100000000,False
1130513,DLF26NOV580PE,DLF,26NOV2026,58000.000000,950,OPTSTK,BFO,5.000000,49500,False
1130516,LAURUSLABS26OCT2120CE,LAURUSLABS,29OCT2026,212000.000000,850,OPTSTK,BFO,5.000000,68000,False
842053,DIXON26SEP12700PE,DIXON,24SEP2026,1270000.000000,50,OPTSTK,BFO,5.000000,6000,False
842060,JSWENERGY26SEP545CE,JSWENERGY,24SEP2026,54500.000000,1075,OPTSTK,BFO,5.000000,100000000,False
842065,GRASIM26SEP3200PE,GRASIM,24SEP2026,320000.000000,250,OPTSTK,BFO,5.000000,14250,False
842069,FORTIS26SEP930CE,FORTIS,24SEP2026,93000.000000,775,OPTSTK,BFO,5.000000,100000000,False
1112398,ICICIGI26NOV1620PE,ICICIGI,26NOV2026,162000.000000,325,OPTSTK,BFO,5.000000,20000,False
1112453,SENSEX5026NOV24850PE,SENSEX50,26NOV2026,2485000.000000,75,OPTIDX,BFO,5.000000,1800,False
1112455,TORNTPHARM26NOVFUT,TORNTPHARM,26NOV2026,0.000000,125,FUTSTK,BFO,5.000000,15000,False
1112457,KFINTECH26NOV1040CE,KFINTECH,26NOV2026,104000.000000,575,OPTSTK,BFO,5.000000,100000000,False
1113386,EICHERMOT26NOV7900PE,EICHERMOT,26NOV2026,790000.000000,100,OPTSTK,BFO,5.000000,7000,False
1113433,VMM26NOV97.5PE,VMM,26NOV2026,9750.000000,4850,OPTSTK,BFO,5.000000,100000000,False
1113438,SENSEX26O0870200CE,SENSEX,08OCT2026,7020000.000000,20,OPTIDX,BFO,5.000000,1000,False
1113459,KPITTECH26NOV590CE,KPITTECH,26NOV2026,59000.000000,775,OPTSTK,BFO,5.000000,100000000,False
1130528,OBEROIRLTY26NOV1620PE,OBEROIRLTY,26NOV2026,162000.000000,350,OPTSTK,BFO,5.000000,28000,False
1130569,BRITANNIA26NOV4600CE,BRITANNIA,26NOV2026,460000.000000,125,OPTSTK,BFO,5.000000,6000,False
1130572,PIIND26OCT1950CE,PIIND,29OCT2026,195000.000000,175,OPTSTK,BFO,5.000000,7500,False
1130587,COCHINSHIP26NOV1260PE,COCHINSHIP,26NOV2026,126000.000000,400,OPTSTK,BFO,5.000000,100000000,False
842072,M&M26SEP3260PE,M&M,24SEP2026,326000.000000,200,OPTSTK,BFO,5.000000,21000,False
842078,BHARATFORG26SEP2160PE,BHARATFORG,24SEP2026,216000.000000,500,OPTSTK,BFO,5.000000,30000,False
842101,NAM-INDIA26SEP1240CE,NAM-INDIA,24SEP2026,124000.000000,625,OPTSTK,BFO,5.000000,100000000,False
842108,PIIND26SEP2560CE,PIIND,24SEP2026,256000.000000,175,OPTSTK,BFO,5.000000,7500,False
842121,TCS26SEP2240CE,TCS,24SEP2026,224000.000000,225,OPTSTK,BFO,5.000000,7000,False
842176,SOLARINDS26SEP17500CE,SOLARINDS,24SEP2026,1750000.000000,50,OPTSTK,BFO,5.000000,100000000,False
1130604,SUPREMEIND26OCT3000CE,SUPREMEIND,29OCT2026,300000.000000,175,OPTSTK,BFO,5.000000,100000000,False
1130627,COCHINSHIP26OCT1240PE,COCHINSHIP,29OCT2026,124000.000000,400,OPTSTK,BFO,5.000000,100000000,False
1130636,PAYTM26NOV1920CE,PAYTM,26NOV2026,192000.000000,725,OPTSTK,BFO,5.000000,100000000,False
1130640,IEX26NOV97.5PE,IEX,26NOV2026,9750.000000,4350,OPTSTK,BFO,5.000000,150000,False
842135,MAZDOCK26SEP2500PE,MAZDOCK,24SEP2026,250000.000000,225,OPTSTK,BFO,5.000000,100000000,False
842165,SENSEX5026SEP24750PE,SENSEX50,24SEP2026,2475000.000000,75,OPTIDX,BFO,5.000000,1800,False
1112472,TATASTEEL26NOV187.5CE,TATASTEEL,26NOV2026,18750.000000,2750,OPTSTK,BFO,5.000000,220000,False
1112481,SENSEX26O1575800PE,SENSEX,15OCT2026,7580000.000000,20,OPTIDX,BFO,5.000000,1000,False
1112496,GLENMARK26NOV2520PE,GLENMARK,26NOV2026,252000.000000,375,OPTSTK,BFO,5.000000,43500,False
1112534,ABB26NOV8000CE,ABB,26NOV2026,800000.000000,125,OPTSTK,BFO,5.000000,7500,False
1113460,YESBANK26NOV23PE,YESBANK,26NOV2026,2300.000000,31100,OPTSTK,BFO,5.000000,100000000,False
1113503,BLUESTARCO26NOV1500PE,BLUESTARCO,26NOV2026,150000.000000,325,OPTSTK,BFO,5.000000,100000000,False
1113515,HEROMOTOCO26NOV5900PE,HEROMOTOCO,26NOV2026,590000.000000,150,OPTSTK,BFO,5.000000,9000,False
1113554,360ONE26NOV1320PE,,26NOV2026,132000.000000,500,OPTSTK,BFO,5.000000,100000000,False
842185,MFSL26SEP1580CE,MFSL,24SEP2026,158000.000000,400,OPTSTK,BFO,5.000000,32000,False
842196,NYKAA26SEP287.5PE,NYKAA,24SEP2026,28750.000000,3125,OPTSTK,BFO,5.000000,100000000,False
842199,ETERNAL26SEP242.5CE,ETERNAL,24SEP2026,24250.000000,2425,OPTSTK,BFO,5.000000,100000000,False
842214,HDFCLIFE26SEP550PE,HDFCLIFE,24SEP2026,55000.000000,1100,OPTSTK,BFO,5.000000,44000,False
1112548,POWERGRID26NOV272.5PE,POWERGRID,26NOV2026,27250.000000,1900,OPTSTK,BFO,5.000000,108000,False
1112560,PIDILITIND26NOVFUT,PIDILITIND,26NOV2026,0.000000,500,FUTSTK,BFO,5.000000,10000,False
1112566,SENSEX26O0870000CE,SENSEX,08OCT2026,7000000.000000,20,OPTIDX,BFO,5.000000,1000,False
1112575,SENSEX26O1583500PE,SENSEX,15OCT2026,8350000.000000,20,OPTIDX,BFO,5.000000,1000,False
1113587,VOLTAS26NOV1140PE,VOLTAS,26NOV2026,114000.000000,375,OPTSTK,BFO,5.000000,30000,False
1113606,DELHIVERY26NOV440CE,DELHIVERY,26NOV2026,44000.000000,2075,OPTSTK,BFO,5.000000,100000000,False
1113616,HDFCLIFE26NOV535PE,HDFCLIFE,26NOV2026,53500.000000,1100,OPTSTK,BFO,5.000000,44000,False
1113626,BANKEX26NOV58000PE,BANKEX,26NOV2026,5800000.000000,30,OPTIDX,BFO,5.000000,900,False
1130646,CONCOR26NOV465PE,CONCOR,26NOV2026,46500.000000,1250,OPTSTK,BFO,5.000000,40000,False
1130657,GODREJPROP26SEP1620CE,GODREJPROP,24SEP2026,162000.000000,325,OPTSTK,BFO,5.000000,19000,False
1130661,PIIND26NOV1950PE,PIIND,26NOV2026,195000.000000,175,OPTSTK,BFO,5.000000,7500,False
1130671,IEX26OCT97.5PE,IEX,29OCT2026,9750.000000,4350,OPTSTK,BFO,5.000000,150000,False
842215,GVT&D26SEP5000PE,GVT&D,24SEP2026,500000.000000,125,OPTSTK,BFO,5.000000,100000000,False
842224,ICICIBANK26SEP1320CE,ICICIBANK,24SEP2026,132000.000000,700,OPTSTK,BFO,5.000000,28000,False
842276,BANKEX26SEP68300CE,BANKEX,24SEP2026,6830000.000000,30,OPTIDX,BFO,5.000000,900,False
842284,JUBLFOOD26SEP390PE,JUBLFOOD,24SEP2026,39000.000000,1250,OPTSTK,BFO,5.000000,50000,False
1112577,PETRONET26NOV275PE,PETRONET,26NOV2026,27500.000000,1900,OPTSTK,BFO,5.000000,120000,False
1112586,HAVELLS26NOVFUT,HAVELLS,26NOV2026,0.000000,500,FUTSTK,BFO,5.000000,20000,False
1112613,CONCOR26NOV515PE,CONCOR,26NOV2026,51500.000000,1250,OPTSTK,BFO,5.000000,40000,False
1112644,AMBER26NOV7400CE,AMBER,26NOV2026,740000.000000,100,OPTSTK,BFO,5.000000,100000000,False
1113631,NBCC26NOV82.5PE,NBCC,26NOV2026,8250.000000,6500,OPTSTK,BFO,5.000000,100000000,False
1113634,SUNPHARMA26NOV1860CE,SUNPHARMA,26NOV2026,186000.000000,350,OPTSTK,BFO,5.000000,28000,False
1113635,MPHASIS26NOV2450CE,MPHASIS,26NOV2026,245000.000000,275,OPTSTK,BFO,5.000000,11000,False
1113642,IEX26NOV105CE,IEX,26NOV2026,10500.000000,4350,OPTSTK,BFO,5.000000,150000,False
1130685,LT26NOV3550PE,LT,26NOV2026,355000.000000,175,OPTSTK,BFO,5.000000,12000,False
1130697,HINDZINC26NOV510CE,HINDZINC,26NOV2026,51000.000000,1225,OPTSTK,BFO,5.000000,100000000,False
1130728,PIIND26SEP1950CE,PIIND,24SEP2026,195000.000000,175,OPTSTK,BFO,5.000000,7500,False
1130732,SHREECEM26NOV20750PE,SHREECEM,26NOV2026,2075000.000000,25,OPTSTK,BFO,5.000000,1000,False
842286,APLAPOLLO26SEP1720PE,APLAPOLLO,24SEP2026,172000.000000,350,OPTSTK,BFO,5.000000,100000000,False
842323,BANKEX26SEP64600CE,BANKEX,24SEP2026,6460000.000000,30,OPTIDX,BFO,5.000000,900,False
842324,SRF26SEPFUT,SRF,24SEP2026,0.000000,200,FUTSTK,BFO,5.000000,11250,False
842328,VEDL26SEP310PE,VEDL,24SEP2026,31000.000000,1150,OPTSTK,BFO,5.000000,80000,False
1112672,BAJAJFINSV26NOV2120PE,BAJAJFINSV,26NOV2026,212000.000000,300,OPTSTK,BFO,5.000000,20000,False
1112675,ONGC26NOV222.5PE,ONGC,26NOV2026,22250.000000,2250,OPTSTK,BFO,5.000000,154000,False
1112677,KAYNES26NOV3900PE,KAYNES,26NOV2026,390000.000000,150,OPTSTK,BFO,5.000000,100000000,False
1112680,SENSEX26NOV83100CE,SENSEX,26NOV2026,8310000.000000,20,OPTIDX,BFO,5.000000,1000,False
1113652,CROMPTON26NOV210CE,CROMPTON,26NOV2026,21000.000000,2150,OPTSTK,BFO,5.000000,90000,False
1113670,KAYNES26NOV3850PE,KAYNES,26NOV2026,385000.000000,150,OPTSTK,BFO,5.000000,100000000,False
1113682,KFINTECH26NOV960PE,KFINTECH,26NOV2026,96000.000000,575,OPTSTK,BFO,5.000000,100000000,False
1113684,BLUESTARCO26NOV1400CE,BLUESTARCO,26NOV2026,140000.000000,325,OPTSTK,BFO,5.000000,100000000,False
1130733,LT26OCT3550PE,LT,29OCT2026,355000.000000,175,OPTSTK,BFO,5.000000,12000,False
1130758,GODREJPROP26NOV1700PE,GODREJPROP,26NOV2026,170000.000000,325,OPTSTK,BFO,5.000000,19000,False
1130768,HDFCAMC26NOV2050PE,HDFCAMC,26NOV2026,205000.000000,300,OPTSTK,BFO,5.000000,12000,False
1130782,INDUSTOWER26SEP425CE,INDUSTOWER,24SEP2026,42500.000000,1700,OPTSTK,BFO,5.000000,170000,False
842336,GODREJPROP26SEP1780CE,GODREJPROP,24SEP2026,178000.000000,325,OPTSTK,BFO,5.000000,19000,False
842341,GODREJCP26SEP990CE,GODREJCP,24SEP2026,99000.000000,500,OPTSTK,BFO,5.000000,30000,False
842349,COLPAL26SEP2120PE,COLPAL,24SEP2026,212000.000000,275,OPTSTK,BFO,5.000000,14000,False
842350,RADICO26SEP4000PE,RADICO,24SEP2026,400000.000000,150,OPTSTK,BFO,5.000000,100000000,False
1112725,GLENMARK26NOV2420CE,GLENMARK,26NOV2026,242000.000000,375,OPTSTK,BFO,5.000000,43500,False
1112754,HINDZINC26NOV560CE,HINDZINC,26NOV2026,56000.000000,1225,OPTSTK,BFO,5.000000,100000000,False
1112764,SRF26NOV2550PE,SRF,26NOV2026,255000.000000,200,OPTSTK,BFO,5.000000,11250,False
1112768,TITAN26NOV5000PE,TITAN,26NOV2026,500000.000000,175,OPTSTK,BFO,5.000000,11250,False
1130795,GODREJPROP26OCT1700PE,GODREJPROP,29OCT2026,170000.000000,325,OPTSTK,BFO,5.000000,19000,False
1130804,UNOMINDA26NOV1060CE,UNOMINDA,26NOV2026,106000.000000,550,OPTSTK,BFO,5.000000,100000000,False
1130811,JSWSTEEL26NOV1120CE,JSWSTEEL,26NOV2026,112000.000000,675,OPTSTK,BFO,5.000000,40500,False
2211612,CDSL26OCT1700CE,CDSL,27OCT2026,170000.000000,475,OPTSTK,BFO,5.000000,14001,False
1113685,ASTRAL26NOV1580PE,ASTRAL,26NOV2026,158000.000000,425,OPTSTK,BFO,5.000000,14680,False
1113690,HINDUNILVR26NOV1940PE,HINDUNILVR,26NOV2026,194000.000000,300,OPTSTK,BFO,5.000000,9000,False
1113719,BANKEX26NOV68000PE,BANKEX,26NOV2026,6800000.000000,30,OPTIDX,BFO,5.000000,900,False
1113728,BAJAJ-AUTO26NOV11200CE,BAJAJ-AUTO,26NOV2026,1120000.000000,75,OPTSTK,BFO,5.000000,5000,False
831185,SENSEX30DEC81000PE,SENSEX,26DEC2030,8100000.000000,20,OPTIDX,BFO,5.000000,1000,False
839142,SENSEX26SEP71400CE,SENSEX,24SEP2026,7140000.000000,20,OPTIDX,BFO,5.000000,1000,False
839148,SENSEX26SEP83700CE,SENSEX,24SEP2026,8370000.000000,20,OPTIDX,BFO,5.000000,1000,False
842360,BANKEX26SEP60900CE,BANKEX,24SEP2026,6090000.000000,30,OPTIDX,BFO,5.000000,900,False
842361,DLF26SEP625PE,DLF,24SEP2026,62500.000000,950,OPTSTK,BFO,5.000000,49500,False
842377,SENSEX26SEP78000CE,SENSEX,24SEP2026,7800000.000000,20,OPTIDX,BFO,5.000000,1000,False
842384,HCLTECH26SEP1150PE,HCLTECH,24SEP2026,115000.000000,400,OPTSTK,BFO,5.000000,21000,False
2220445,CDSL26OCT800CE,CDSL,27OCT2026,80000.000000,475,OPTSTK,BFO,5.000000,14001,False
1112816,PAYTM26NOV1640PE,PAYTM,26NOV2026,164000.000000,725,OPTSTK,BFO,5.000000,100000000,False
1112829,SUNPHARMA26NOV1820CE,SUNPHARMA,26NOV2026,182000.000000,350,OPTSTK,BFO,5.000000,28000,False
1112861,BANKEX26NOV70100CE,BANKEX,26NOV2026,7010000.000000,30,OPTIDX,BFO,5.000000,900,False
1112865,INDUSTOWER26NOV390PE,INDUSTOWER,26NOV2026,39000.000000,1700,OPTSTK,BFO,5.000000,170000,False
1113731,CIPLA26NOV1470CE,CIPLA,26NOV2026,147000.000000,425,OPTSTK,BFO,5.000000,26000,False
1113735,DMART26NOV3600CE,DMART,26NOV2026,360000.000000,150,OPTSTK,BFO,5.000000,100000000,False
1113736,SRF26NOV2650CE,SRF,26NOV2026,265000.000000,200,OPTSTK,BFO,5.000000,11250,False
1113745,ZYDUSLIFE26NOV1240PE,ZYDUSLIFE,26NOV2026,124000.000000,900,OPTSTK,BFO,5.000000,54000,False
842396,INDHOTEL26SEP695PE,INDHOTEL,24SEP2026,69500.000000,1000,OPTSTK,BFO,5.000000,60000,False
842401,BANKBARODA26SEP287.5PE,BANKBARODA,24SEP2026,28750.000000,2925,OPTSTK,BFO,5.000000,175500,False
842415,BANDHANBNK26SEP187.5PE,BANDHANBNK,24SEP2026,18750.000000,3600,OPTSTK,BFO,5.000000,100000,False
842432,SRF26SEP2760CE,SRF,24SEP2026,276000.000000,200,OPTSTK,BFO,5.000000,11250,False
839230,SENSEX26SEP81200PE,SENSEX,24SEP2026,8120000.000000,20,OPTIDX,BFO,5.000000,1000,False
839236,SENSEX26SEP72800CE,SENSEX,24SEP2026,7280000.000000,20,OPTIDX,BFO,5.000000,1000,False
839272,SENSEX26SEP80700CE,SENSEX,24SEP2026,8070000.000000,20,OPTIDX,BFO,5.000000,1000,False
839315,SENSEX26SEP83200PE,SENSEX,24SEP2026,8320000.000000,20,OPTIDX,BFO,5.000000,1000,False
1112866,HDFCBANK26NOV700PE,HDFCBANK,26NOV2026,70000.000000,650,OPTSTK,BFO,5.000000,16500,False
1112885,OBEROIRLTY26NOV1860PE,OBEROIRLTY,26NOV2026,186000.000000,350,OPTSTK,BFO,5.000000,28000,False
1112895,SENSEX27MAR78000PE,SENSEX,25MAR2027,7800000.000000,20,OPTIDX,BFO,5.000000,1000,False
1112933,BHARTIARTL26NOV1860PE,BHARTIARTL,26NOV2026,186000.000000,475,OPTSTK,BFO,5.000000,28500,False
839371,SENSEX26SEP80700PE,SENSEX,24SEP2026,8070000.000000,20,OPTIDX,BFO,5.000000,1000,False
839380,SENSEX26SEP78900CE,SENSEX,24SEP2026,7890000.000000,20,OPTIDX,BFO,5.000000,1000,False
839415,SENSEX26SEP70800CE,SENSEX,24SEP2026,7080000.000000,20,OPTIDX,BFO,5.000000,1000,False
842434,SHRIRAMFIN26SEP1050PE,SHRIRAMFIN,24SEP2026,105000.000000,825,OPTSTK,BFO,5.000000,18000,False
842440,BANKEX26SEP58600PE,BANKEX,24SEP2026,5860000.000000,30,OPTIDX,BFO,5.000000,900,False
842447,RVNL26SEP240CE,RVNL,24SEP2026,24000.000000,1925,OPTSTK,BFO,5.000000,100000000,False
842450,SUNPHARMA26SEP1880CE,SUNPHARMA,24SEP2026,188000.000000,350,OPTSTK,BFO,5.000000,28000,False
1113756,INOXWIND26NOV65PE,INOXWIND,26NOV2026,6500.000000,6400,OPTSTK,BFO,5.000000,100000000,False
1113757,SENSEX5026NOV24600PE,SENSEX50,26NOV2026,2460000.000000,75,OPTIDX,BFO,5.000000,1800,False
1113765,UNOMINDA26NOV1400PE,UNOMINDA,26NOV2026,140000.000000,550,OPTSTK,BFO,5.000000,100000000,False
1113767,HDFCBANK26NOV650PE,HDFCBANK,26NOV2026,65000.000000,650,OPTSTK,BFO,5.000000,16500,False
839397,SENSEX26SEP76900PE,SENSEX,24SEP2026,7690000.000000,20,OPTIDX,BFO,5.000000,1000,False
1112951,AUBANK26NOV1200CE,AUBANK,26NOV2026,120000.000000,1000,OPTSTK,BFO,5.000000,30000,False
1112995,VBL26NOV480PE,VBL,26NOV2026,48000.000000,1275,OPTSTK,BFO,5.000000,100000000,False
1113018,IREDA26NOV115CE,IREDA,26NOV2026,11500.000000,4525,OPTSTK,BFO,5.000000,100000000,False
1113033,BRITANNIA26NOV5250PE,BRITANNIA,26NOV2026,525000.000000,125,OPTSTK,BFO,5.000000,6000,False
842474,SBICARD26SEP690PE,SBICARD,24SEP2026,69000.000000,800,OPTSTK,BFO,5.000000,32000,False
842475,DMART26SEP4250PE,DMART,24SEP2026,425000.000000,150,OPTSTK,BFO,5.000000,100000000,False
842478,SENSEX30JUN78000PE,SENSEX,27JUN2030,7800000.000000,20,OPTIDX,BFO,5.000000,1000,False
842490,SWIGGY26SEP240CE,SWIGGY,24SEP2026,24000.000000,1825,OPTSTK,BFO,5.000000,100000000,False
839434,SENSEX26SEP82500PE,SENSEX,24SEP2026,8250000.000000,20,OPTIDX,BFO,5.000000,1000,False
839508,SENSEX26SEP77600PE,SENSEX,24SEP2026,7760000.000000,20,OPTIDX,BFO,5.000000,1000,False
839526,SENSEX26SEP73800CE,SENSEX,24SEP2026,7380000.000000,20,OPTIDX,BFO,5.000000,1000,False
839527,SENSEX26SEP80800PE,SENSEX,24SEP2026,8080000.000000,20,OPTIDX,BFO,5.000000,1000,False
1113082,AUBANK26NOV1120PE,AUBANK,26NOV2026,112000.000000,1000,OPTSTK,BFO,5.000000,30000,False
1113097,NESTLEIND26NOV1410CE,NESTLEIND,26NOV2026,141000.000000,500,OPTSTK,BFO,5.000000,1200,False
1113133,CANBK26NOV137.5PE,CANBK,26NOV2026,13750.000000,6750,OPTSTK,BFO,5.000000,81000,False
1113146,TATAPOWER26NOV370CE,TATAPOWER,26NOV2026,37000.000000,1450,OPTSTK,BFO,5.000000,101250,False
1113785,SENSEX26NOV74300CE,SENSEX,26NOV2026,7430000.000000,20,OPTIDX,BFO,5.000000,1000,False
1113809,AMBUJACEM26NOV415PE,AMBUJACEM,26NOV2026,41500.000000,1200,OPTSTK,BFO,5.000000,54000,False
1113819,GRASIM26NOV3220PE,GRASIM,26NOV2026,322000.000000,250,OPTSTK,BFO,5.000000,14250,False
1113824,COLPAL26NOV1960CE,COLPAL,26NOV2026,196000.000000,275,OPTSTK,BFO,5.000000,14000,False
842499,BANKINDIA26SEP132.5CE,BANKINDIA,24SEP2026,13250.000000,5200,OPTSTK,BFO,5.000000,100000000,False
842502,TATAELXSI26SEP4050CE,TATAELXSI,24SEP2026,405000.000000,125,OPTSTK,BFO,5.000000,100000000,False
842503,NAUKRI26SEP980PE,NAUKRI,24SEP2026,98000.000000,550,OPTSTK,BFO,5.000000,6000,False
842511,UNOMINDA26SEP1180CE,UNOMINDA,24SEP2026,118000.000000,550,OPTSTK,BFO,5.000000,100000000,False
839541,SENSEX26SEP71800PE,SENSEX,24SEP2026,7180000.000000,20,OPTIDX,BFO,5.000000,1000,False
839556,SENSEX26SEP75400CE,SENSEX,24SEP2026,7540000.000000,20,OPTIDX,BFO,5.000000,1000,False
839560,SENSEX26SEP71700CE,SENSEX,24SEP2026,7170000.000000,20,OPTIDX,BFO,5.000000,1000,False
839562,SENSEX26SEP83100CE,SENSEX,24SEP2026,8310000.000000,20,OPTIDX,BFO,5.000000,1000,False
1113832,FORTIS26NOV950CE,FORTIS,26NOV2026,95000.000000,775,OPTSTK,BFO,5.000000,100000000,False
1113836,BOSCHLTD26NOV46500CE,BOSCHLTD,26NOV2026,4650000.000000,25,OPTSTK,BFO,5.000000,1500,False
1113837,ADANIPOWER26NOV210CE,ADANIPOWER,26NOV2026,21000.000000,3550,OPTSTK,BFO,5.000000,100000000,False
1113844,NTPC26NOV310CE,NTPC,26NOV2026,31000.000000,1500,OPTSTK,BFO,5.000000,150000,False
842522,WAAREEENER26SEP2850CE,WAAREEENER,24SEP2026,285000.000000,175,OPTSTK,BFO,5.000000,100000000,False
842532,ALKEM26SEP5600PE,ALKEM,24SEP2026,560000.000000,125,OPTSTK,BFO,5.000000,8000,False
842534,BANKEX26SEP62600PE,BANKEX,24SEP2026,6260000.000000,30,OPTIDX,BFO,5.000000,900,False
842536,BANKEX26SEP64900PE,BANKEX,24SEP2026,6490000.000000,30,OPTIDX,BFO,5.000000,900,False
1113172,BAJAJ-AUTO26NOV11900CE,BAJAJ-AUTO,26NOV2026,1190000.000000,75,OPTSTK,BFO,5.000000,5000,False
1113181,BANDHANBNK26NOV155CE,BANDHANBNK,26NOV2026,15500.000000,3600,OPTSTK,BFO,5.000000,100000,False
1113188,FORTIS26NOV910CE,FORTIS,26NOV2026,91000.000000,775,OPTSTK,BFO,5.000000,100000000,False
1113208,COLPAL26NOV1760CE,COLPAL,26NOV2026,176000.000000,275,OPTSTK,BFO,5.000000,14000,False
839586,SENSEX26SEP77900CE,SENSEX,24SEP2026,7790000.000000,20,OPTIDX,BFO,5.000000,1000,False
839592,SENSEX26SEP71900CE,SENSEX,24SEP2026,7190000.000000,20,OPTIDX,BFO,5.000000,1000,False
839597,SENSEX26SEP81900CE,SENSEX,24SEP2026,8190000.000000,20,OPTIDX,BFO,5.000000,1000,False
839604,SENSEX26SEP75900PE,SENSEX,24SEP2026,7590000.000000,20,OPTIDX,BFO,5.000000,1000,False
1113858,SENSEX26NOV70600CE,SENSEX,26NOV2026,7060000.000000,20,OPTIDX,BFO,5.000000,1000,False
1113859,ASHOKLEY26NOV190PE,ASHOKLEY,26NOV2026,19000.000000,5000,OPTSTK,BFO,5.000000,150000,False
1113883,ITC26NOV277.5CE,ITC,26NOV2026,27750.000000,1725,OPTSTK,BFO,5.000000,64000,False
1113892,CGPOWER26NOV760PE,CGPOWER,26NOV2026,76000.000000,850,OPTSTK,BFO,5.000000,100000000,False
842547,BAJAJ-AUTO26SEP9800CE,BAJAJ-AUTO,24SEP2026,980000.000000,75,OPTSTK,BFO,5.000000,5000,False
842565,INDIGO26SEP5750CE,INDIGO,24SEP2026,575000.000000,150,OPTSTK,BFO,5.000000,12000,False
842577,POWERINDIA26SEP37000CE,POWERINDIA,24SEP2026,3700000.000000,25,OPTSTK,BFO,5.000000,100000000,False
842579,ADANIPOWER26SEP230CE,ADANIPOWER,24SEP2026,23000.000000,3550,OPTSTK,BFO,5.000000,100000000,False
1113265,NYKAA26NOV325PE,NYKAA,26NOV2026,32500.000000,3125,OPTSTK,BFO,5.000000,100000000,False
1113269,FOCIT26NOV33200CE,FOCIT,26NOV2026,3320000.000000,45,OPTIDX,BFO,5.000000,1350,False
1113276,PREMIERENE26NOV1100CE,PREMIERENE,26NOV2026,110000.000000,650,OPTSTK,BFO,5.000000,100000000,False
1113285,BANKBARODA26SEP200CE,BANKBARODA,24SEP2026,20000.000000,2925,OPTSTK,BFO,5.000000,175500,False
839626,SENSEX26SEP81200CE,SENSEX,24SEP2026,8120000.000000,20,OPTIDX,BFO,5.000000,1000,False
839632,SENSEX26SEP77500PE,SENSEX,24SEP2026,7750000.000000,20,OPTIDX,BFO,5.000000,1000,False
839635,SENSEX26SEP71500PE,SENSEX,24SEP2026,7150000.000000,20,OPTIDX,BFO,5.000000,1000,False
839814,SENSEX26SEP84200PE,SENSEX,24SEP2026,8420000.000000,20,OPTIDX,BFO,5.000000,1000,False
842589,HYUNDAI26SEP1860PE,HYUNDAI,24SEP2026,186000.000000,275,OPTSTK,BFO,5.000000,100000000,False
842606,LAURUSLABS26SEP1490PE,LAURUSLABS,24SEP2026,149000.000000,850,OPTSTK,BFO,5.000000,68000,False
842618,DELHIVERY26SEP465CE,DELHIVERY,24SEP2026,46500.000000,2075,OPTSTK,BFO,5.000000,100000000,False
842620,NAM-INDIA26SEP1280CE,NAM-INDIA,24SEP2026,128000.000000,625,OPTSTK,BFO,5.000000,100000000,False
1113899,ZYDUSLIFE26NOV1150PE,ZYDUSLIFE,26NOV2026,115000.000000,900,OPTSTK,BFO,5.000000,54000,False
1113909,SHRIRAMFIN26NOV1000CE,SHRIRAMFIN,26NOV2026,100000.000000,825,OPTSTK,BFO,5.000000,18000,False
1113911,FOCIT26NOV33400CE,FOCIT,26NOV2026,3340000.000000,45,OPTIDX,BFO,5.000000,1350,False
1113913,COLPAL26NOV1880PE,COLPAL,26NOV2026,188000.000000,275,OPTSTK,BFO,5.000000,14000,False
1113322,BDL26NOV1300CE,BDL,26NOV2026,130000.000000,425,OPTSTK,BFO,5.000000,100000000,False
1113339,FOCIT26NOV31800CE,FOCIT,26NOV2026,3180000.000000,45,OPTIDX,BFO,5.000000,1350,False
1113345,IREDA26NOV115PE,IREDA,26NOV2026,11500.000000,4525,OPTSTK,BFO,5.000000,100000000,False
1113358,HYUNDAI26NOV2160CE,HYUNDAI,26NOV2026,216000.000000,275,OPTSTK,BFO,5.000000,100000000,False
840370,SENSEX26SEP84400PE,SENSEX,24SEP2026,8440000.000000,20,OPTIDX,BFO,5.000000,1000,False
840560,SENSEX27JUN79000PE,SENSEX,24JUN2027,7900000.000000,20,OPTIDX,BFO,5.000000,1000,False
840567,SENSEX29DEC79000PE,SENSEX,27DEC2029,7900000.000000,20,OPTIDX,BFO,5.000000,1000,False
840581,SENSEX30DEC79000CE,SENSEX,26DEC2030,7900000.000000,20,OPTIDX,BFO,5.000000,1000,False
842629,PHOENIXLTD26SEP1880CE,PHOENIXLTD,24SEP2026,188000.000000,350,OPTSTK,BFO,5.000000,100000000,False
842655,RVNL26SEP245CE,RVNL,24SEP2026,24500.000000,1925,OPTSTK,BFO,5.000000,100000000,False
842681,NAUKRI26SEP1040CE,NAUKRI,24SEP2026,104000.000000,550,OPTSTK,BFO,5.000000,6000,False
842688,GODFRYPHLP26SEP2100PE,GODFRYPHLP,24SEP2026,210000.000000,275,OPTSTK,BFO,5.000000,100000000,False
1113360,IRFC26NOV92PE,IRFC,26NOV2026,9200.000000,5425,OPTSTK,BFO,5.000000,100000000,False
1113409,ASHOKLEY26NOV187.5PE,ASHOKLEY,26NOV2026,18750.000000,5000,OPTSTK,BFO,5.000000,150000,False
1113412,JUBLFOOD26NOV530PE,JUBLFOOD,26NOV2026,53000.000000,1250,OPTSTK,BFO,5.000000,50000,False
1113417,SBICARD26NOV670CE,SBICARD,26NOV2026,67000.000000,800,OPTSTK,BFO,5.000000,32000,False
1113933,NYKAA26NOV365PE,NYKAA,26NOV2026,36500.000000,3125,OPTSTK,BFO,5.000000,100000000,False
1113936,POLYCAB26NOV8700CE,POLYCAB,26NOV2026,870000.000000,125,OPTSTK,BFO,5.000000,9000,False
1113938,OIL26NOV450CE,OIL,26NOV2026,45000.000000,1400,OPTSTK,BFO,5.000000,100000000,False
1113943,RECLTD26NOV325PE,RECLTD,26NOV2026,32500.000000,1575,OPTSTK,BFO,5.000000,160000,False
842692,PIIND26SEP2680PE,PIIND,24SEP2026,268000.000000,175,OPTSTK,BFO,5.000000,7500,False
842699,CUMMINSIND26SEP5900CE,CUMMINSIND,24SEP2026,590000.000000,200,OPTSTK,BFO,5.000000,18000,False
842707,MAXHEALTH26SEP1130PE,MAXHEALTH,24SEP2026,113000.000000,525,OPTSTK,BFO,5.000000,100000000,False
842708,BDL26SEP1360CE,BDL,24SEP2026,136000.000000,425,OPTSTK,BFO,5.000000,100000000,False
840655,SENSEX30DEC79000PE,SENSEX,26DEC2030,7900000.000000,20,OPTIDX,BFO,5.000000,1000,False
840671,SENSEX29DEC79000CE,SENSEX,27DEC2029,7900000.000000,20,OPTIDX,BFO,5.000000,1000,False
841310,SENSEX26SEP69600CE,SENSEX,24SEP2026,6960000.000000,20,OPTIDX,BFO,5.000000,1000,False
841617,HYUNDAI26SEP2080PE,HYUNDAI,24SEP2026,208000.000000,275,OPTSTK,BFO,5.000000,100000000,False
1113952,PREMIERENE26NOV1140CE,PREMIERENE,26NOV2026,114000.000000,650,OPTSTK,BFO,5.000000,100000000,False
842718,ASTRAL26SEP1400PE,ASTRAL,24SEP2026,140000.000000,425,OPTSTK,BFO,5.000000,14680,False
842726,POLYCAB26SEPFUT,POLYCAB,24SEP2026,0.000000,125,FUTSTK,BFO,5.000000,9000,False
842747,PAYTM26SEP1170CE,PAYTM,24SEP2026,117000.000000,725,OPTSTK,BFO,5.000000,100000000,False
842749,HAVELLS26SEP1170PE,HAVELLS,24SEP2026,117000.000000,500,OPTSTK,BFO,5.000000,20000,False
1113428,GMRAIRPORT26NOV104CE,GMRAIRPORT,26NOV2026,10400.000000,6975,OPTSTK,BFO,5.000000,675000,False
1113442,MARUTI26NOV12700CE,MARUTI,26NOV2026,1270000.000000,50,OPTSTK,BFO,5.000000,3000,False
1113456,FEDERALBNK26NOV325CE,FEDERALBNK,26NOV2026,32500.000000,2500,OPTSTK,BFO,5.000000,200000,False
1113458,SENSEX26NOV76700PE,SENSEX,26NOV2026,7670000.000000,20,OPTIDX,BFO,5.000000,1000,False
841685,SENSEX5026SEP24550PE,SENSEX50,24SEP2026,2455000.000000,75,OPTIDX,BFO,5.000000,1800,False
841723,CONCOR26SEP440PE,CONCOR,24SEP2026,44000.000000,1250,OPTSTK,BFO,5.000000,40000,False
841753,KAYNES26SEP3100CE,KAYNES,24SEP2026,310000.000000,150,OPTSTK,BFO,5.000000,100000000,False
841759,APOLLOHOSP26SEP8350PE,APOLLOHOSP,24SEP2026,835000.000000,125,OPTSTK,BFO,5.000000,5000,False
1113467,M&M26NOV3050CE,M&M,26NOV2026,305000.000000,200,OPTSTK,BFO,5.000000,21000,False
1113475,UNIONBANK26NOV162.5CE,UNIONBANK,26NOV2026,16250.000000,4425,OPTSTK,BFO,5.000000,100000000,False
1113482,NMDC26NOV80CE,NMDC,26NOV2026,8000.000000,6750,OPTSTK,BFO,5.000000,225000,False
1113487,INOXWIND26NOV60PE,INOXWIND,26NOV2026,6000.000000,6400,OPTSTK,BFO,5.000000,100000000,False
841762,BIOCON26SEP395CE,BIOCON,24SEP2026,39500.000000,2500,OPTSTK,BFO,5.000000,100000,False
841764,SWIGGY26SEP275PE,SWIGGY,24SEP2026,27500.000000,1825,OPTSTK,BFO,5.000000,100000000,False
841772,TATASTEEL26SEP170PE,TATASTEEL,24SEP2026,17000.000000,2750,OPTSTK,BFO,5.000000,220000,False
841780,APOLLOHOSP26SEP8500CE,APOLLOHOSP,24SEP2026,850000.000000,125,OPTSTK,BFO,5.000000,5000,False
1113492,TRENT26NOV2600PE,TRENT,26NOV2026,260000.000000,225,OPTSTK,BFO,5.000000,16000,False
1113494,SUZLON26NOV51PE,SUZLON,26NOV2026,5100.000000,12700,OPTSTK,BFO,5.000000,100000000,False
1113511,PNBHOUSING26NOV1280PE,PNBHOUSING,26NOV2026,128000.000000,650,OPTSTK,BFO,5.000000,100000000,False
1113543,FOCIT26NOV31200PE,FOCIT,26NOV2026,3120000.000000,45,OPTIDX,BFO,5.000000,1350,False
841783,TATASTEEL26SEP175CE,TATASTEEL,24SEP2026,17500.000000,2750,OPTSTK,BFO,5.000000,220000,False
841799,HCLTECH26SEP1040PE,HCLTECH,24SEP2026,104000.000000,400,OPTSTK,BFO,5.000000,21000,False
841802,DABUR26SEP445CE,DABUR,24SEP2026,44500.000000,1250,OPTSTK,BFO,5.000000,50000,False
841815,MCX26SEP2500PE,MCX,24SEP2026,250000.000000,225,OPTSTK,BFO,5.000000,16000,False
1113551,FOCIT26NOV33500PE,FOCIT,26NOV2026,3350000.000000,45,OPTIDX,BFO,5.000000,1350,False
1113556,FOCIT26NOV35800PE,FOCIT,26NOV2026,3580000.000000,45,OPTIDX,BFO,5.000000,1350,False
1113558,GLENMARK26NOV2460CE,GLENMARK,26NOV2026,246000.000000,375,OPTSTK,BFO,5.000000,43500,False
1113561,SRF26NOV2750PE,SRF,26NOV2026,275000.000000,200,OPTSTK,BFO,5.000000,11250,False
841837,TATAPOWER26SEP420PE,TATAPOWER,24SEP2026,42000.000000,1450,OPTSTK,BFO,5.000000,101250,False
841850,ALKEM26SEP5750CE,ALKEM,24SEP2026,575000.000000,125,OPTSTK,BFO,5.000000,8000,False
841866,NTPC26SEP365PE,NTPC,24SEP2026,36500.000000,1500,OPTSTK,BFO,5.000000,150000,False
841885,HINDZINC26SEP580CE,HINDZINC,24SEP2026,58000.000000,1225,OPTSTK,BFO,5.000000,100000000,False
1113569,ADANIENT26NOV3350PE,ADANIENT,26NOV2026,335000.000000,309,OPTSTK,BFO,5.000000,9000,False
1113571,GMRAIRPORT26NOV95PE,GMRAIRPORT,26NOV2026,9500.000000,6975,OPTSTK,BFO,5.000000,675000,False
1113581,LAURUSLABS26NOV1980CE,LAURUSLABS,26NOV2026,198000.000000,850,OPTSTK,BFO,5.000000,68000,False
1113603,CGPOWER26NOV920CE,CGPOWER,26NOV2026,92000.000000,850,OPTSTK,BFO,5.000000,100000000,False
841892,GODFRYPHLP26SEP2180CE,GODFRYPHLP,24SEP2026,218000.000000,275,OPTSTK,BFO,5.000000,100000000,False
841895,ASIANPAINT26SEP2780CE,ASIANPAINT,24SEP2026,278000.000000,250,OPTSTK,BFO,5.000000,8000,False
841903,TMPV26SEP375PE,TMPV,24SEP2026,37500.000000,1600,OPTSTK,BFO,5.000000,42750,False
841909,COFORGE26SEP1360CE,COFORGE,24SEP2026,136000.000000,475,OPTSTK,BFO,5.000000,6000,False
1113605,ITC26NOV272.5CE,ITC,26NOV2026,27250.000000,1725,OPTSTK,BFO,5.000000,64000,False
1113607,SENSEX26NOV80700PE,SENSEX,26NOV2026,8070000.000000,20,OPTIDX,BFO,5.000000,1000,False
1113619,MOTHERSON26NOV155CE,MOTHERSON,26NOV2026,15500.000000,6150,OPTSTK,BFO,5.000000,284000,False
1113629,LT26NOV4300CE,LT,26NOV2026,430000.000000,175,OPTSTK,BFO,5.000000,12000,False
841915,SHRIRAMFIN26SEP1010PE,SHRIRAMFIN,24SEP2026,101000.000000,825,OPTSTK,BFO,5.000000,18000,False
841930,BEL26SEP425CE,BEL,24SEP2026,42500.000000,1425,OPTSTK,BFO,5.000000,228000,False
841937,NESTLEIND26SEP1370PE,NESTLEIND,24SEP2026,137000.000000,500,OPTSTK,BFO,5.000000,1200,False
841943,TRENT26SEP3100CE,TRENT,24SEP2026,310000.000000,225,OPTSTK,BFO,5.000000,16000,False
1113679,INFY26NOV980CE,INFY,26NOV2026,98000.000000,400,OPTSTK,BFO,5.000000,16000,False
1113703,FORCEMOT26NOV18000PE,FORCEMOT,26NOV2026,1800000.000000,25,OPTSTK,BFO,5.000000,100000000,False
1113707,HEROMOTOCO26NOV5800CE,HEROMOTOCO,26NOV2026,580000.000000,150,OPTSTK,BFO,5.000000,9000,False
1113724,SHRIRAMFIN26NOV1100PE,SHRIRAMFIN,26NOV2026,110000.000000,825,OPTSTK,BFO,5.000000,18000,False
841949,BIOCON26SEP395PE,BIOCON,24SEP2026,39500.000000,2500,OPTSTK,BFO,5.000000,100000,False
841957,JSWSTEEL26SEP1220CE,JSWSTEEL,24SEP2026,122000.000000,675,OPTSTK,BFO,5.000000,40500,False
841958,COFORGE26SEP1440PE,COFORGE,24SEP2026,144000.000000,475,OPTSTK,BFO,5.000000,6000,False
841969,CIPLA26SEP1460PE,CIPLA,24SEP2026,146000.000000,425,OPTSTK,BFO,5.000000,26000,False
1113738,TITAN26NOV5100CE,TITAN,26NOV2026,510000.000000,175,OPTSTK,BFO,5.000000,11250,False
1113754,SUPREMEIND26NOV3250PE,SUPREMEIND,26NOV2026,325000.000000,175,OPTSTK,BFO,5.000000,100000000,False
1113762,MAHABANK26NOV78PE,MAHABANK,26NOV2026,7800.000000,6500,OPTSTK,BFO,5.000000,100000000,False
1113769,PREMIERENE26NOV940CE,PREMIERENE,26NOV2026,94000.000000,650,OPTSTK,BFO,5.000000,100000000,False
842773,INDIANB26SEP780CE,INDIANB,24SEP2026,78000.000000,1000,OPTSTK,BFO,5.000000,100000000,False
842834,BLUESTARCO26SEP1640CE,BLUESTARCO,24SEP2026,164000.000000,325,OPTSTK,BFO,5.000000,100000000,False
842838,ADANIPOWER26SEP235CE,ADANIPOWER,24SEP2026,23500.000000,3550,OPTSTK,BFO,5.000000,100000000,False
842848,BANKEX26SEP62500CE,BANKEX,24SEP2026,6250000.000000,30,OPTIDX,BFO,5.000000,900,False
841972,INOXWIND26SEP87PE,INOXWIND,24SEP2026,8700.000000,6400,OPTSTK,BFO,5.000000,100000000,False
841988,BDL26SEP1500CE,BDL,24SEP2026,150000.000000,425,OPTSTK,BFO,5.000000,100000000,False
841989,SUNPHARMA26SEP1760PE,SUNPHARMA,24SEP2026,176000.000000,350,OPTSTK,BFO,5.000000,28000,False
842007,CAMS26SEP770PE,CAMS,24SEP2026,77000.000000,825,OPTSTK,BFO,5.000000,100000000,False
842851,ICICIBANK26SEP1430CE,ICICIBANK,24SEP2026,143000.000000,700,OPTSTK,BFO,5.000000,28000,False
842857,ULTRACEMCO26SEP11860CE,ULTRACEMCO,24SEP2026,1186000.000000,50,OPTSTK,BFO,5.000000,3000,False
842882,KAYNES26SEP3250CE,KAYNES,24SEP2026,325000.000000,150,OPTSTK,BFO,5.000000,100000000,False
842916,ICICIBANK26SEP1350PE,ICICIBANK,24SEP2026,135000.000000,700,OPTSTK,BFO,5.000000,28000,False
1100042,SENSEX26O0884600PE,SENSEX,08OCT2026,8460000.000000,20,OPTIDX,BFO,5.000000,1000,False
1100106,BSE26NOV1800CE,BSE,23NOV2026,180000.000000,200,OPTSTK,BFO,5.000000,3751,False
1100165,BSE26NOV5600PE,BSE,23NOV2026,560000.000000,200,OPTSTK,BFO,5.000000,3751,False
1113787,IEX26NOV112.5PE,IEX,26NOV2026,11250.000000,4350,OPTSTK,BFO,5.000000,150000,False
1113813,TATAPOWER26SEP325CE,TATAPOWER,24SEP2026,32500.000000,1450,OPTSTK,BFO,5.000000,101250,False
1113815,CIPLA26NOV1390PE,CIPLA,26NOV2026,139000.000000,425,OPTSTK,BFO,5.000000,26000,False
1113849,ASTRAL26NOV1640CE,ASTRAL,26NOV2026,164000.000000,425,OPTSTK,BFO,5.000000,14680,False
842022,ZYDUSLIFE26SEP1060PE,ZYDUSLIFE,24SEP2026,106000.000000,900,OPTSTK,BFO,5.000000,54000,False
842023,ADANIPOWER26SEP222.5CE,ADANIPOWER,24SEP2026,22250.000000,3550,OPTSTK,BFO,5.000000,100000000,False
842033,RBLBANK26SEP395PE,RBLBANK,24SEP2026,39500.000000,3175,OPTSTK,BFO,5.000000,150000,False
842040,SONACOMS26SEP635PE,SONACOMS,24SEP2026,63500.000000,1225,OPTSTK,BFO,5.000000,100000000,False
842921,BANKEX26SEP72500CE,BANKEX,24SEP2026,7250000.000000,30,OPTIDX,BFO,5.000000,900,False
842925,M&M26SEPFUT,M&M,24SEP2026,0.000000,200,FUTSTK,BFO,5.000000,21000,False
842935,SENSEX27JUN82000PE,SENSEX,24JUN2027,8200000.000000,20,OPTIDX,BFO,5.000000,1000,False
842936,TORNTPHARM26SEP4750PE,TORNTPHARM,24SEP2026,475000.000000,125,OPTSTK,BFO,5.000000,15000,False
1100175,CDSL26OCT1140CE,CDSL,27OCT2026,114000.000000,475,OPTSTK,BFO,5.000000,14001,False
1100177,CDSL26OCT1140PE,CDSL,27OCT2026,114000.000000,475,OPTSTK,BFO,5.000000,14001,False
1100178,CDSL26OCT1180CE,CDSL,27OCT2026,118000.000000,475,OPTSTK,BFO,5.000000,14001,False
1100190,CDSL26OCT1420CE,CDSL,27OCT2026,142000.000000,475,OPTSTK,BFO,5.000000,14001,False
1113855,IOC26NOV125PE,IOC,26NOV2026,12500.000000,4875,OPTSTK,BFO,5.000000,292500,False
1113871,IRFC26NOV81CE,IRFC,26NOV2026,8100.000000,5425,OPTSTK,BFO,5.000000,100000000,False
1113897,TIINDIA26NOV2950CE,TIINDIA,26NOV2026,295000.000000,200,OPTSTK,BFO,5.000000,100000000,False
1113914,NBCC26NOV87.5PE,NBCC,26NOV2026,8750.000000,6500,OPTSTK,BFO,5.000000,100000000,False
842948,INDIGO26SEP5300CE,INDIGO,24SEP2026,530000.000000,150,OPTSTK,BFO,5.000000,12000,False
842966,TCS26SEP2000PE,TCS,24SEP2026,200000.000000,225,OPTSTK,BFO,5.000000,7000,False
842977,NAUKRI26SEP910CE,NAUKRI,24SEP2026,91000.000000,550,OPTSTK,BFO,5.000000,6000,False
842983,SIEMENS26SEP3600CE,SIEMENS,24SEP2026,360000.000000,175,OPTSTK,BFO,5.000000,8250,False
842041,MFSL26SEP1680PE,MFSL,24SEP2026,168000.000000,400,OPTSTK,BFO,5.000000,32000,False
842064,PREMIERENE26SEP1050CE,PREMIERENE,24SEP2026,105000.000000,650,OPTSTK,BFO,5.000000,100000000,False
842084,ABB26SEP6850PE,ABB,24SEP2026,685000.000000,125,OPTSTK,BFO,5.000000,7500,False
842087,CGPOWER26SEP900PE,CGPOWER,24SEP2026,90000.000000,850,OPTSTK,BFO,5.000000,100000000,False
1100237,CDSL26NOV960CE,CDSL,23NOV2026,96000.000000,475,OPTSTK,BFO,5.000000,14001,False
1100254,CDSL26NOV1160CE,CDSL,23NOV2026,116000.000000,475,OPTSTK,BFO,5.000000,14001,False
1100261,CDSL26NOV1280CE,CDSL,23NOV2026,128000.000000,475,OPTSTK,BFO,5.000000,14001,False
1100324,POLICYBZR26OCT1960CE,POLICYBZR,29OCT2026,196000.000000,350,OPTSTK,BFO,5.000000,100000000,False
1113935,SENSEX5026NOV24350PE,SENSEX50,26NOV2026,2435000.000000,75,OPTIDX,BFO,5.000000,1800,False
1113977,NAUKRI26NOVFUT,NAUKRI,26NOV2026,0.000000,550,FUTSTK,BFO,5.000000,6000,False
1113979,PHOENIXLTD26NOV1940PE,PHOENIXLTD,26NOV2026,194000.000000,350,OPTSTK,BFO,5.000000,100000000,False
1114025,COALINDIA26NOV410CE,COALINDIA,26NOV2026,41000.000000,1350,OPTSTK,BFO,5.000000,126000,False
842989,LTF26SEP290CE,LTF,24SEP2026,29000.000000,2250,OPTSTK,BFO,5.000000,267720,False
843002,PRESTIGE26SEP1700PE,PRESTIGE,24SEP2026,170000.000000,450,OPTSTK,BFO,5.000000,100000000,False
843047,SONACOMS26SEP605CE,SONACOMS,24SEP2026,60500.000000,1225,OPTSTK,BFO,5.000000,100000000,False
843049,TATAELXSI26SEP4250CE,TATAELXSI,24SEP2026,425000.000000,125,OPTSTK,BFO,5.000000,100000000,False
842088,FOCIT26SEP37500CE,FOCIT,24SEP2026,3750000.000000,45,OPTIDX,BFO,5.000000,1350,False
842093,SBILIFE26SEP1600PE,SBILIFE,24SEP2026,160000.000000,375,OPTSTK,BFO,5.000000,22500,False
842098,ASHOKLEY26SEP175CE,ASHOKLEY,24SEP2026,17500.000000,5000,OPTSTK,BFO,5.000000,150000,False
842116,COCHINSHIP26SEP1480PE,COCHINSHIP,24SEP2026,148000.000000,400,OPTSTK,BFO,5.000000,100000000,False
1100329,TATAPOWER26SEP330PE,TATAPOWER,24SEP2026,33000.000000,1450,OPTSTK,BFO,5.000000,101250,False
1100343,GLENMARK26SEP2580PE,GLENMARK,24SEP2026,258000.000000,375,OPTSTK,BFO,5.000000,43500,False
1100366,MOTILALOFS26OCT1160CE,MOTILALOFS,29OCT2026,116000.000000,775,OPTSTK,BFO,5.000000,100000000,False
1100381,NMDC26SEP95PE,NMDC,24SEP2026,9500.000000,6750,OPTSTK,BFO,5.000000,225000,False
843056,POLICYBZR26SEP1480PE,POLICYBZR,24SEP2026,148000.000000,350,OPTSTK,BFO,5.000000,100000000,False
843059,ONGC26SEP217.5CE,ONGC,24SEP2026,21750.000000,2250,OPTSTK,BFO,5.000000,154000,False
843085,MARICO26SEP790CE,MARICO,24SEP2026,79000.000000,1200,OPTSTK,BFO,5.000000,48000,False
843125,PRESTIGE26SEP1440CE,PRESTIGE,24SEP2026,144000.000000,450,OPTSTK,BFO,5.000000,100000000,False
1114027,ATHERENERG26OCT1440CE,ATHERENERG,29OCT2026,144000.000000,375,OPTSTK,BFO,5.000000,100000000,False
1114032,GVT&D26NOV3700CE,GVT&D,26NOV2026,370000.000000,125,OPTSTK,BFO,5.000000,100000000,False
1114034,ADANIENSOL26NOV1480PE,ADANIENSOL,26NOV2026,148000.000000,675,OPTSTK,BFO,5.000000,100000000,False
1114038,BPCL26NOV340PE,BPCL,26NOV2026,34000.000000,1975,OPTSTK,BFO,5.000000,72000,False
842129,JSWENERGY26SEP610PE,JSWENERGY,24SEP2026,61000.000000,1075,OPTSTK,BFO,5.000000,100000000,False
842146,RELIANCE26SEP1300PE,RELIANCE,24SEP2026,130000.000000,500,OPTSTK,BFO,5.000000,10000,False
842151,SENSEX29JUN78000PE,SENSEX,28JUN2029,7800000.000000,20,OPTIDX,BFO,5.000000,1000,False
842153,SENSEX29DEC78000PE,SENSEX,27DEC2029,7800000.000000,20,OPTIDX,BFO,5.000000,1000,False
843134,SOLARINDS26SEP17000CE,SOLARINDS,24SEP2026,1700000.000000,50,OPTSTK,BFO,5.000000,100000000,False
843139,EICHERMOT26SEP7500CE,EICHERMOT,24SEP2026,750000.000000,100,OPTSTK,BFO,5.000000,7000,False
843151,ADANIGREEN26SEP1510PE,ADANIGREEN,24SEP2026,151000.000000,600,OPTSTK,BFO,5.000000,100000000,False
843170,CONCOR26SEP450CE,CONCOR,24SEP2026,45000.000000,1250,OPTSTK,BFO,5.000000,40000,False
1100382,MOTILALOFS26SEP1160PE,MOTILALOFS,24SEP2026,116000.000000,775,OPTSTK,BFO,5.000000,100000000,False
1100395,MARICO26OCT760CE,MARICO,29OCT2026,76000.000000,1200,OPTSTK,BFO,5.000000,48000,False
1100403,VBL26OCT350PE,VBL,29OCT2026,35000.000000,1275,OPTSTK,BFO,5.000000,100000000,False
1100404,MARICO26OCT760PE,MARICO,29OCT2026,76000.000000,1200,OPTSTK,BFO,5.000000,48000,False
1114043,HYUNDAI26NOV2360CE,HYUNDAI,26NOV2026,236000.000000,275,OPTSTK,BFO,5.000000,100000000,False
1114046,SENSEX26O1571600PE,SENSEX,15OCT2026,7160000.000000,20,OPTIDX,BFO,5.000000,1000,False
1114071,LTF26NOV305CE,LTF,26NOV2026,30500.000000,2250,OPTSTK,BFO,5.000000,267720,False
1114076,OFSS26NOV11300PE,OFSS,26NOV2026,1130000.000000,100,OPTSTK,BFO,5.000000,8000,False
842164,NAUKRI26SEP1000CE,NAUKRI,24SEP2026,100000.000000,550,OPTSTK,BFO,5.000000,6000,False
842166,MANAPPURAM26SEP330CE,MANAPPURAM,24SEP2026,33000.000000,3000,OPTSTK,BFO,5.000000,180000,False
842168,CUMMINSIND26SEP5550PE,CUMMINSIND,24SEP2026,555000.000000,200,OPTSTK,BFO,5.000000,18000,False
842180,BAJAJFINSV26SEP1740PE,BAJAJFINSV,24SEP2026,174000.000000,300,OPTSTK,BFO,5.000000,20000,False
843175,OIL26SEP385PE,OIL,24SEP2026,38500.000000,1400,OPTSTK,BFO,5.000000,100000000,False
843181,RECLTD26SEP385PE,RECLTD,24SEP2026,38500.000000,1575,OPTSTK,BFO,5.000000,160000,False
843185,WIPRO26SEP167.5PE,WIPRO,24SEP2026,16750.000000,3000,OPTSTK,BFO,5.000000,60000,False
843190,LICHSGFIN26SEP575PE,LICHSGFIN,24SEP2026,57500.000000,1000,OPTSTK,BFO,5.000000,60000,False
842200,ICICIGI26SEP1680PE,ICICIGI,24SEP2026,168000.000000,325,OPTSTK,BFO,5.000000,20000,False
842205,PIDILITIND26SEP1540PE,PIDILITIND,24SEP2026,154000.000000,500,OPTSTK,BFO,5.000000,10000,False
842212,SENSEX5026SEP25600PE,SENSEX50,24SEP2026,2560000.000000,75,OPTIDX,BFO,5.000000,1800,False
842219,BANKEX26SEP65300PE,BANKEX,24SEP2026,6530000.000000,30,OPTIDX,BFO,5.000000,900,False
1100405,KOTAKBANK26SEP450PE,KOTAKBANK,24SEP2026,45000.000000,2000,OPTSTK,BFO,5.000000,12000,False
1100412,POLICYBZR26SEP1960CE,POLICYBZR,24SEP2026,196000.000000,350,OPTSTK,BFO,5.000000,100000000,False
1100441,DIVISLAB26OCT9500CE,DIVISLAB,29OCT2026,950000.000000,100,OPTSTK,BFO,5.000000,8000,False
1100465,KAYNES26SEP4400CE,KAYNES,24SEP2026,440000.000000,150,OPTSTK,BFO,5.000000,100000000,False
1114091,SENSEX26NOV76000PE,SENSEX,26NOV2026,7600000.000000,20,OPTIDX,BFO,5.000000,1000,False
1114121,RELIANCE26NOV1230PE,RELIANCE,26NOV2026,123000.000000,500,OPTSTK,BFO,5.000000,10000,False
1114139,ATHERENERG26OCT1360PE,ATHERENERG,29OCT2026,136000.000000,375,OPTSTK,BFO,5.000000,100000000,False
1114141,SONACOMS26NOV780PE,SONACOMS,26NOV2026,78000.000000,1225,OPTSTK,BFO,5.000000,100000000,False
843192,MARUTI26SEP14200CE,MARUTI,24SEP2026,1420000.000000,50,OPTSTK,BFO,5.000000,3000,False
843194,ADANIENT26SEP3040CE,ADANIENT,24SEP2026,304000.000000,309,OPTSTK,BFO,5.000000,9000,False
843199,ASHOKLEY26SEP152.5CE,ASHOKLEY,24SEP2026,15250.000000,5000,OPTSTK,BFO,5.000000,150000,False
843206,LICI26SEP395CE,LICI,24SEP2026,39500.000000,1400,OPTSTK,BFO,5.000000,100000000,False
842228,DRREDDY26SEP1320CE,DRREDDY,24SEP2026,132000.000000,625,OPTSTK,BFO,5.000000,5000,False
842229,LAURUSLABS26SEP1510CE,LAURUSLABS,24SEP2026,151000.000000,850,OPTSTK,BFO,5.000000,68000,False
842232,BHARATFORG26SEP2060CE,BHARATFORG,24SEP2026,206000.000000,500,OPTSTK,BFO,5.000000,30000,False
842234,IEX26SEP120CE,IEX,24SEP2026,12000.000000,4350,OPTSTK,BFO,5.000000,150000,False
843211,NYKAA26SEPFUT,NYKAA,24SEP2026,0.000000,3125,FUTSTK,BFO,5.000000,100000000,False
843214,ICICIPRULI26SEP505PE,ICICIPRULI,24SEP2026,50500.000000,925,OPTSTK,BFO,5.000000,60000,False
843220,SENSEX28JUN82000CE,SENSEX,29JUN2028,8200000.000000,20,OPTIDX,BFO,5.000000,1000,False
843238,ICICIPRULI26SEP470CE,ICICIPRULI,24SEP2026,47000.000000,925,OPTSTK,BFO,5.000000,60000,False
1100472,DIVISLAB26OCT9700CE,DIVISLAB,29OCT2026,970000.000000,100,OPTSTK,BFO,5.000000,8000,False
1100486,COLPAL26SEP1720CE,COLPAL,24SEP2026,172000.000000,275,OPTSTK,BFO,5.000000,14000,False
1100508,KOTAKBANK26SEP445PE,KOTAKBANK,24SEP2026,44500.000000,2000,OPTSTK,BFO,5.000000,12000,False
1100516,NESTLEIND26OCT1380PE,NESTLEIND,29OCT2026,138000.000000,500,OPTSTK,BFO,5.000000,1200,False
1114189,MAXHEALTH26NOV1020PE,MAXHEALTH,26NOV2026,102000.000000,525,OPTSTK,BFO,5.000000,100000000,False
1114235,PERSISTENT26NOV5000PE,PERSISTENT,26NOV2026,500000.000000,125,OPTSTK,BFO,5.000000,5250,False
1114151,SENSEX26O1576900CE,SENSEX,15OCT2026,7690000.000000,20,OPTIDX,BFO,5.000000,1000,False
1114208,NHPC26NOV70CE,NHPC,26NOV2026,7000.000000,6950,OPTSTK,BFO,5.000000,100000000,False
842238,TATASTEEL26SEP202.5CE,TATASTEEL,24SEP2026,20250.000000,2750,OPTSTK,BFO,5.000000,220000,False
842240,SUPREMEIND26SEP3700PE,SUPREMEIND,24SEP2026,370000.000000,175,OPTSTK,BFO,5.000000,100000000,False
842249,SENSEX27DEC78000PE,SENSEX,30DEC2027,7800000.000000,20,OPTIDX,BFO,5.000000,1000,False
842273,HINDALCO26SEP910PE,HINDALCO,24SEP2026,91000.000000,700,OPTSTK,BFO,5.000000,56000,False
843242,ASTRAL26SEP1440PE,ASTRAL,24SEP2026,144000.000000,425,OPTSTK,BFO,5.000000,14680,False
843251,PNBHOUSING26SEP1040CE,PNBHOUSING,24SEP2026,104000.000000,650,OPTSTK,BFO,5.000000,100000000,False
843260,NATIONALUM26SEP345PE,NATIONALUM,24SEP2026,34500.000000,1875,OPTSTK,BFO,5.000000,300000,False
843267,PERSISTENT26SEP5150PE,PERSISTENT,24SEP2026,515000.000000,125,OPTSTK,BFO,5.000000,5250,False
1100540,NMDC26SEP94PE,NMDC,24SEP2026,9400.000000,6750,OPTSTK,BFO,5.000000,225000,False
1100564,MCX26SEP3700PE,MCX,24SEP2026,370000.000000,225,OPTSTK,BFO,5.000000,16000,False
1100565,KOTAKBANK26SEP450CE,KOTAKBANK,24SEP2026,45000.000000,2000,OPTSTK,BFO,5.000000,12000,False
1100636,POLICYBZR26SEP1980CE,POLICYBZR,24SEP2026,198000.000000,350,OPTSTK,BFO,5.000000,100000000,False
1114237,ASHOKLEY26NOV195PE,ASHOKLEY,26NOV2026,19500.000000,5000,OPTSTK,BFO,5.000000,150000,False
1114268,PFC26NOV335CE,PFC,26NOV2026,33500.000000,1300,OPTSTK,BFO,5.000000,124000,False
1114269,RELIANCE26NOV1300PE,RELIANCE,26NOV2026,130000.000000,500,OPTSTK,BFO,5.000000,10000,False
1114284,TMPV26NOV325CE,TMPV,26NOV2026,32500.000000,1600,OPTSTK,BFO,5.000000,42750,False
843270,AUROPHARMA26SEP1480CE,AUROPHARMA,24SEP2026,148000.000000,550,OPTSTK,BFO,5.000000,44000,False
843273,BOSCHLTD26SEP41000CE,BOSCHLTD,24SEP2026,4100000.000000,25,OPTSTK,BFO,5.000000,1500,False
843302,BANKINDIA26SEP145CE,BANKINDIA,24SEP2026,14500.000000,5200,OPTSTK,BFO,5.000000,100000000,False
843305,INDUSTOWER26SEP346PE,INDUSTOWER,24SEP2026,34600.000000,1700,OPTSTK,BFO,5.000000,170000,False
842294,ALKEM26SEP5050CE,ALKEM,24SEP2026,505000.000000,125,OPTSTK,BFO,5.000000,8000,False
842299,DABUR26SEPFUT,DABUR,24SEP2026,0.000000,1250,FUTSTK,BFO,5.000000,50000,False
842301,SOLARINDS26SEP17250CE,SOLARINDS,24SEP2026,1725000.000000,50,OPTSTK,BFO,5.000000,100000000,False
842330,PIDILITIND26SEP1600CE,PIDILITIND,24SEP2026,160000.000000,500,OPTSTK,BFO,5.000000,10000,False
1100639,CROMPTON26SEP205CE,CROMPTON,24SEP2026,20500.000000,2150,OPTSTK,BFO,5.000000,90000,False
1100661,COCHINSHIP26SEP1680CE,COCHINSHIP,24SEP2026,168000.000000,400,OPTSTK,BFO,5.000000,100000000,False
1100676,BHARATFORG26SEP1880PE,BHARATFORG,24SEP2026,188000.000000,500,OPTSTK,BFO,5.000000,30000,False
1100677,DIVISLAB26SEP9600CE,DIVISLAB,24SEP2026,960000.000000,100,OPTSTK,BFO,5.000000,8000,False
1114285,INFY26NOV960PE,INFY,26NOV2026,96000.000000,400,OPTSTK,BFO,5.000000,16000,False
1114287,OIL26NOV450PE,OIL,26NOV2026,45000.000000,1400,OPTSTK,BFO,5.000000,100000000,False
1114306,BANKEX26NOV62800CE,BANKEX,26NOV2026,6280000.000000,30,OPTIDX,BFO,5.000000,900,False
1114309,LTM26NOV4300PE,LTM,26NOV2026,430000.000000,150,OPTSTK,BFO,5.000000,4500,False
843306,RELIANCE26SEP1290PE,RELIANCE,24SEP2026,129000.000000,500,OPTSTK,BFO,5.000000,10000,False
843308,IDEA26SEP7CE,IDEA,24SEP2026,700.000000,71475,OPTSTK,BFO,5.000000,2400000,False
843310,FOCIT26SEP35000PE,FOCIT,24SEP2026,3500000.000000,45,OPTIDX,BFO,5.000000,1350,False
843324,ALKEM26SEP5450CE,ALKEM,24SEP2026,545000.000000,125,OPTSTK,BFO,5.000000,8000,False
842344,SUPREMEIND26SEP3450PE,SUPREMEIND,24SEP2026,345000.000000,175,OPTSTK,BFO,5.000000,100000000,False
842345,BLUESTARCO26SEP1520PE,BLUESTARCO,24SEP2026,152000.000000,325,OPTSTK,BFO,5.000000,100000000,False
842348,HAL26SEP4350CE,HAL,24SEP2026,435000.000000,150,OPTSTK,BFO,5.000000,9000,False
842364,ADANIGREEN26SEP1590CE,ADANIGREEN,24SEP2026,159000.000000,600,OPTSTK,BFO,5.000000,100000000,False
843329,HINDALCO26SEP990PE,HINDALCO,24SEP2026,99000.000000,700,OPTSTK,BFO,5.000000,56000,False
843334,MAZDOCK26SEP2480CE,MAZDOCK,24SEP2026,248000.000000,225,OPTSTK,BFO,5.000000,100000000,False
843351,SUPREMEIND26SEP3100CE,SUPREMEIND,24SEP2026,310000.000000,175,OPTSTK,BFO,5.000000,100000000,False
843352,JUBLFOOD26SEP430CE,JUBLFOOD,24SEP2026,43000.000000,1250,OPTSTK,BFO,5.000000,50000,False
1100686,HINDZINC26SEP700CE,HINDZINC,24SEP2026,70000.000000,1225,OPTSTK,BFO,5.000000,100000000,False
1100708,CDSL26NOV1920CE,CDSL,23NOV2026,192000.000000,475,OPTSTK,BFO,5.000000,14001,False
1100709,CDSL26NOV1920PE,CDSL,23NOV2026,192000.000000,475,OPTSTK,BFO,5.000000,14001,False
1100742,SENSEX26NOV70800PE,SENSEX,26NOV2026,7080000.000000,20,OPTIDX,BFO,5.000000,1000,False
1114315,POWERINDIA26NOV33000PE,POWERINDIA,26NOV2026,3300000.000000,25,OPTSTK,BFO,5.000000,100000000,False
1114326,UNIONBANK26NOV170CE,UNIONBANK,26NOV2026,17000.000000,4425,OPTSTK,BFO,5.000000,100000000,False
1114340,SRF26NOV2950PE,SRF,26NOV2026,295000.000000,200,OPTSTK,BFO,5.000000,11250,False
1114358,COALINDIA26NOV410PE,COALINDIA,26NOV2026,41000.000000,1350,OPTSTK,BFO,5.000000,126000,False
842366,TATAELXSI26SEP4150PE,TATAELXSI,24SEP2026,415000.000000,125,OPTSTK,BFO,5.000000,100000000,False
842370,NAUKRI26SEPFUT,NAUKRI,24SEP2026,0.000000,550,FUTSTK,BFO,5.000000,6000,False
842371,SENSEX5026SEP26050CE,SENSEX50,24SEP2026,2605000.000000,75,OPTIDX,BFO,5.000000,1800,False
842381,DLF26SEP590CE,DLF,24SEP2026,59000.000000,950,OPTSTK,BFO,5.000000,49500,False
1100745,SENSEX26NOV75200CE,SENSEX,26NOV2026,7520000.000000,20,OPTIDX,BFO,5.000000,1000,False
1100764,RVNL26NOV250CE,RVNL,26NOV2026,25000.000000,1925,OPTSTK,BFO,5.000000,100000000,False
1100772,AXISBANK26NOV1300CE,AXISBANK,26NOV2026,130000.000000,625,OPTSTK,BFO,5.000000,25000,False
1100789,INDIANB26NOVFUT,INDIANB,26NOV2026,0.000000,1000,FUTSTK,BFO,5.000000,100000000,False
843364,KEI26SEP5150CE,KEI,24SEP2026,515000.000000,175,OPTSTK,BFO,5.000000,100000000,False
843369,ASTRAL26SEP1500CE,ASTRAL,24SEP2026,150000.000000,425,OPTSTK,BFO,5.000000,14680,False
843372,DIXON26SEP11800PE,DIXON,24SEP2026,1180000.000000,50,OPTSTK,BFO,5.000000,6000,False
843381,TVSMOTOR26SEP3580CE,TVSMOTOR,24SEP2026,358000.000000,175,OPTSTK,BFO,5.000000,21000,False
1114359,VOLTAS26NOV1340PE,VOLTAS,26NOV2026,134000.000000,375,OPTSTK,BFO,5.000000,30000,False
1114367,IOC26NOVFUT,IOC,26NOV2026,0.000000,4875,FUTSTK,BFO,5.000000,292500,False
1114380,MCX26NOV3400CE,MCX,26NOV2026,340000.000000,225,OPTSTK,BFO,5.000000,16000,False
1114388,CGPOWER26NOV960CE,CGPOWER,26NOV2026,96000.000000,850,OPTSTK,BFO,5.000000,100000000,False
842386,TATAELXSI26SEP4300CE,TATAELXSI,24SEP2026,430000.000000,125,OPTSTK,BFO,5.000000,100000000,False
842399,360ONE26SEP1180PE,,24SEP2026,118000.000000,500,OPTSTK,BFO,5.000000,100000000,False
842412,NHPC26SEP76PE,NHPC,24SEP2026,7600.000000,6950,OPTSTK,BFO,5.000000,100000000,False
842416,CGPOWER26SEP940CE,CGPOWER,24SEP2026,94000.000000,850,OPTSTK,BFO,5.000000,100000000,False
843390,HINDPETRO26SEP415.75CE,HINDPETRO,24SEP2026,41575.000000,2025,OPTSTK,BFO,5.000000,108000,False
843407,COCHINSHIP26SEP1360PE,COCHINSHIP,24SEP2026,136000.000000,400,OPTSTK,BFO,5.000000,100000000,False
843418,KOTAKBANK26SEP415PE,KOTAKBANK,24SEP2026,41500.000000,2000,OPTSTK,BFO,5.000000,12000,False
843420,LICI26SEP395PE,LICI,24SEP2026,39500.000000,1400,OPTSTK,BFO,5.000000,100000000,False
1100799,LICHSGFIN26NOV540PE,LICHSGFIN,26NOV2026,54000.000000,1000,OPTSTK,BFO,5.000000,60000,False
1100814,FOCIT26NOV33600PE,FOCIT,26NOV2026,3360000.000000,45,OPTIDX,BFO,5.000000,1350,False
1100816,GODREJPROP26NOV1940PE,GODREJPROP,26NOV2026,194000.000000,325,OPTSTK,BFO,5.000000,19000,False
1100819,VOLTAS26NOVFUT,VOLTAS,26NOV2026,0.000000,375,FUTSTK,BFO,5.000000,30000,False
1114391,VEDL26NOVFUT,VEDL,26NOV2026,0.000000,1150,FUTSTK,BFO,5.000000,80000,False
1114394,WAAREEENER26NOV2300PE,WAAREEENER,26NOV2026,230000.000000,175,OPTSTK,BFO,5.000000,100000000,False
1114395,PGEL26NOV630CE,PGEL,26NOV2026,63000.000000,950,OPTSTK,BFO,5.000000,100000000,False
1114427,TRENT26NOV2550PE,TRENT,26NOV2026,255000.000000,225,OPTSTK,BFO,5.000000,16000,False
842429,NAM-INDIA26SEPFUT,NAM-INDIA,24SEP2026,0.000000,625,FUTSTK,BFO,5.000000,100000000,False
842453,MCX26SEP2600CE,MCX,24SEP2026,260000.000000,225,OPTSTK,BFO,5.000000,16000,False
842466,INDUSTOWER26SEP396CE,INDUSTOWER,24SEP2026,39600.000000,1700,OPTSTK,BFO,5.000000,170000,False
842467,GMRAIRPORT26SEP112CE,GMRAIRPORT,24SEP2026,11200.000000,6975,OPTSTK,BFO,5.000000,675000,False
843438,COALINDIA26SEP470PE,COALINDIA,24SEP2026,47000.000000,1350,OPTSTK,BFO,5.000000,126000,False
843454,POWERINDIA26SEP34500CE,POWERINDIA,24SEP2026,3450000.000000,25,OPTSTK,BFO,5.000000,100000000,False
843466,PETRONET26SEP280PE,PETRONET,24SEP2026,28000.000000,1900,OPTSTK,BFO,5.000000,120000,False
843469,LAURUSLABS26SEP1400PE,LAURUSLABS,24SEP2026,140000.000000,850,OPTSTK,BFO,5.000000,68000,False
1100848,IDFCFIRSTB26NOV87PE,IDFCFIRSTB,26NOV2026,8700.000000,9275,OPTSTK,BFO,5.000000,450000,False
1100856,IDFCFIRSTB26NOV83CE,IDFCFIRSTB,26NOV2026,8300.000000,9275,OPTSTK,BFO,5.000000,450000,False
1100859,APLAPOLLO26NOV2160CE,APLAPOLLO,26NOV2026,216000.000000,350,OPTSTK,BFO,5.000000,100000000,False
1100865,ADANIPORTS26NOV1720PE,ADANIPORTS,26NOV2026,172000.000000,475,OPTSTK,BFO,5.000000,32000,False
1114464,SENSEX26O1571500CE,SENSEX,15OCT2026,7150000.000000,20,OPTIDX,BFO,5.000000,1000,False
1114481,HINDUNILVR26NOV1980PE,HINDUNILVR,26NOV2026,198000.000000,300,OPTSTK,BFO,5.000000,9000,False
1114516,NHPC26NOV75CE,NHPC,26NOV2026,7500.000000,6950,OPTSTK,BFO,5.000000,100000000,False
1114517,ATHERENERG26SEP1360CE,ATHERENERG,24SEP2026,136000.000000,375,OPTSTK,BFO,5.000000,100000000,False
843470,BAJAJFINSV26SEP1620PE,BAJAJFINSV,24SEP2026,162000.000000,300,OPTSTK,BFO,5.000000,20000,False
843482,DMART26SEP3950CE,DMART,24SEP2026,395000.000000,150,OPTSTK,BFO,5.000000,100000000,False
843491,BANKEX26SEP68100PE,BANKEX,24SEP2026,6810000.000000,30,OPTIDX,BFO,5.000000,900,False
843493,DIVISLAB26SEP6650PE,DIVISLAB,24SEP2026,665000.000000,100,OPTSTK,BFO,5.000000,8000,False
842472,HDFCBANK26SEP765CE,HDFCBANK,24SEP2026,76500.000000,650,OPTSTK,BFO,5.000000,16500,False
842497,GVT&D26SEP6000PE,GVT&D,24SEP2026,600000.000000,125,OPTSTK,BFO,5.000000,100000000,False
842528,AUBANK26SEP980CE,AUBANK,24SEP2026,98000.000000,1000,OPTSTK,BFO,5.000000,30000,False
842555,AMBUJACEM26SEP435PE,AMBUJACEM,24SEP2026,43500.000000,1200,OPTSTK,BFO,5.000000,54000,False
842559,AUROPHARMA26SEP1700PE,AUROPHARMA,24SEP2026,170000.000000,550,OPTSTK,BFO,5.000000,44000,False
842563,GAIL26SEP171PE,GAIL,24SEP2026,17100.000000,3550,OPTSTK,BFO,5.000000,274500,False
842576,FORTIS26SEP970CE,FORTIS,24SEP2026,97000.000000,775,OPTSTK,BFO,5.000000,100000000,False
842591,DMART26SEP4150CE,DMART,24SEP2026,415000.000000,150,OPTSTK,BFO,5.000000,100000000,False
1100871,SENSEX26NOV80800PE,SENSEX,26NOV2026,8080000.000000,20,OPTIDX,BFO,5.000000,1000,False
1100887,ADANIPORTS26NOV1560PE,ADANIPORTS,26NOV2026,156000.000000,475,OPTSTK,BFO,5.000000,32000,False
1100889,INDIANB26NOV820PE,INDIANB,26NOV2026,82000.000000,1000,OPTSTK,BFO,5.000000,100000000,False
1100902,FOCIT26NOV36600CE,FOCIT,26NOV2026,3660000.000000,45,OPTIDX,BFO,5.000000,1350,False
843524,HDFCBANK26SEP800CE,HDFCBANK,24SEP2026,80000.000000,650,OPTSTK,BFO,5.000000,16500,False
843532,BANKEX26SEP64400PE,BANKEX,24SEP2026,6440000.000000,30,OPTIDX,BFO,5.000000,900,False
843537,BAJFINANCE26SEP1010CE,BAJFINANCE,24SEP2026,101000.000000,750,OPTSTK,BFO,5.000000,3750,False
843538,INDUSINDBK26SEP980PE,INDUSINDBK,24SEP2026,98000.000000,700,OPTSTK,BFO,5.000000,20000,False
1114519,TORNTPHARM26NOV5250CE,TORNTPHARM,26NOV2026,525000.000000,125,OPTSTK,BFO,5.000000,15000,False
1114536,MCX26NOV3150CE,MCX,26NOV2026,315000.000000,225,OPTSTK,BFO,5.000000,16000,False
1114550,ETERNAL26NOV300PE,ETERNAL,26NOV2026,30000.000000,2425,OPTSTK,BFO,5.000000,100000000,False
1114551,BHEL26NOV410PE,BHEL,26NOV2026,41000.000000,2625,OPTSTK,BFO,5.000000,315000,False
842595,INDUSINDBK26SEP960CE,INDUSINDBK,24SEP2026,96000.000000,700,OPTSTK,BFO,5.000000,20000,False
842600,JIOFIN26SEP232.5CE,JIOFIN,24SEP2026,23250.000000,2350,OPTSTK,BFO,5.000000,100000000,False
842627,BPCL26SEP290PE,BPCL,24SEP2026,29000.000000,1975,OPTSTK,BFO,5.000000,72000,False
842645,BPCL26SEP295CE,BPCL,24SEP2026,29500.000000,1975,OPTSTK,BFO,5.000000,72000,False
843543,OIL26SEPFUT,OIL,24SEP2026,0.000000,1400,FUTSTK,BFO,5.000000,100000000,False
843559,WIPRO26SEP170PE,WIPRO,24SEP2026,17000.000000,3000,OPTSTK,BFO,5.000000,60000,False
843562,RECLTD26SEPFUT,RECLTD,24SEP2026,0.000000,1575,FUTSTK,BFO,5.000000,160000,False
843578,FOCIT26SEP39500CE,FOCIT,24SEP2026,3950000.000000,45,OPTIDX,BFO,5.000000,1350,False
1100905,SUNPHARMA26NOV1960CE,SUNPHARMA,26NOV2026,196000.000000,350,OPTSTK,BFO,5.000000,28000,False
1100913,LTF26NOV330CE,LTF,26NOV2026,33000.000000,2250,OPTSTK,BFO,5.000000,267720,False
1100931,UNIONBANK26NOV197.5CE,UNIONBANK,26NOV2026,19750.000000,4425,OPTSTK,BFO,5.000000,100000000,False
1100946,UPL26NOV510PE,UPL,26NOV2026,51000.000000,1355,OPTSTK,BFO,5.000000,39000,False
1114570,VOLTAS26NOV1080CE,VOLTAS,26NOV2026,108000.000000,375,OPTSTK,BFO,5.000000,30000,False
1114571,BLUESTARCO26NOV1360PE,BLUESTARCO,26NOV2026,136000.000000,325,OPTSTK,BFO,5.000000,100000000,False
1114598,SENSEX26NOV76800CE,SENSEX,26NOV2026,7680000.000000,20,OPTIDX,BFO,5.000000,1000,False
1114615,PHOENIXLTD26NOV2020PE,PHOENIXLTD,26NOV2026,202000.000000,350,OPTSTK,BFO,5.000000,100000000,False
842659,JSWSTEEL26SEP1240CE,JSWSTEEL,24SEP2026,124000.000000,675,OPTSTK,BFO,5.000000,40500,False
842691,MARUTI26SEP14000CE,MARUTI,24SEP2026,1400000.000000,50,OPTSTK,BFO,5.000000,3000,False
842705,HINDALCO26SEP880PE,HINDALCO,24SEP2026,88000.000000,700,OPTSTK,BFO,5.000000,56000,False
842714,ICICIGI26SEP1880PE,ICICIGI,24SEP2026,188000.000000,325,OPTSTK,BFO,5.000000,20000,False
843589,HINDPETRO26SEP415.75PE,HINDPETRO,24SEP2026,41575.000000,2025,OPTSTK,BFO,5.000000,108000,False
843590,UPL26SEP580PE,UPL,24SEP2026,58000.000000,1355,OPTSTK,BFO,5.000000,39000,False
843591,BAJFINANCE26SEP930CE,BAJFINANCE,24SEP2026,93000.000000,750,OPTSTK,BFO,5.000000,3750,False
843602,AMBER26SEP7500CE,AMBER,24SEP2026,750000.000000,100,OPTSTK,BFO,5.000000,100000000,False
1100961,OIL26NOV445PE,OIL,26NOV2026,44500.000000,1400,OPTSTK,BFO,5.000000,100000000,False
1100973,POWERINDIA26NOV34500CE,POWERINDIA,26NOV2026,3450000.000000,25,OPTSTK,BFO,5.000000,100000000,False
1100991,HINDUNILVR26NOV1880PE,HINDUNILVR,26NOV2026,188000.000000,300,OPTSTK,BFO,5.000000,9000,False
1101018,SHRIRAMFIN26NOV1200PE,SHRIRAMFIN,26NOV2026,120000.000000,825,OPTSTK,BFO,5.000000,18000,False
1114618,UNIONBANK26NOV175CE,UNIONBANK,26NOV2026,17500.000000,4425,OPTSTK,BFO,5.000000,100000000,False
1114622,FOCIT26NOV35000CE,FOCIT,26NOV2026,3500000.000000,45,OPTIDX,BFO,5.000000,1350,False
1114625,FOCIT26NOV37300CE,FOCIT,26NOV2026,3730000.000000,45,OPTIDX,BFO,5.000000,1350,False
1114649,ICICIPRULI26NOV540CE,ICICIPRULI,26NOV2026,54000.000000,925,OPTSTK,BFO,5.000000,60000,False
843617,SWIGGY26SEP265PE,SWIGGY,24SEP2026,26500.000000,1825,OPTSTK,BFO,5.000000,100000000,False
843628,FOCIT26SEP40500PE,FOCIT,24SEP2026,4050000.000000,45,OPTIDX,BFO,5.000000,1350,False
843636,DLF26SEP630CE,DLF,24SEP2026,63000.000000,950,OPTSTK,BFO,5.000000,49500,False
843637,GODREJPROP26SEP1900PE,GODREJPROP,24SEP2026,190000.000000,325,OPTSTK,BFO,5.000000,19000,False
842723,INDUSINDBK26SEP870CE,INDUSINDBK,24SEP2026,87000.000000,700,OPTSTK,BFO,5.000000,20000,False
842740,INFY26SEP1090PE,INFY,24SEP2026,109000.000000,400,OPTSTK,BFO,5.000000,16000,False
842777,LAURUSLABS26SEP1390CE,LAURUSLABS,24SEP2026,139000.000000,850,OPTSTK,BFO,5.000000,68000,False
1101072,COALINDIA26NOV370CE,COALINDIA,26NOV2026,37000.000000,1350,OPTSTK,BFO,5.000000,126000,False
1101085,BANKEX26NOV62100PE,BANKEX,26NOV2026,6210000.000000,30,OPTIDX,BFO,5.000000,900,False
1101086,LT26NOV4150CE,LT,26NOV2026,415000.000000,175,OPTSTK,BFO,5.000000,12000,False
1101098,HINDPETRO26NOV400CE,HINDPETRO,26NOV2026,40000.000000,2025,OPTSTK,BFO,5.000000,108000,False
842758,ICICIBANK26SEP1360CE,ICICIBANK,24SEP2026,136000.000000,700,OPTSTK,BFO,5.000000,28000,False
843653,HDFCAMC26SEP2680PE,HDFCAMC,24SEP2026,268000.000000,300,OPTSTK,BFO,5.000000,12000,False
843654,360ONE26SEP1220PE,,24SEP2026,122000.000000,500,OPTSTK,BFO,5.000000,100000000,False
843657,PFC26SEP465PE,PFC,24SEP2026,46500.000000,1300,OPTSTK,BFO,5.000000,124000,False
843661,PNB26SEP107PE,PNB,24SEP2026,10700.000000,8000,OPTSTK,BFO,5.000000,480000,False
1114663,IEX26NOV120PE,IEX,26NOV2026,12000.000000,4350,OPTSTK,BFO,5.000000,150000,False
1114672,TATACONSUM26NOV970PE,TATACONSUM,26NOV2026,97000.000000,550,OPTSTK,BFO,5.000000,36000,False
1114677,SENSEX26NOV82200CE,SENSEX,26NOV2026,8220000.000000,20,OPTIDX,BFO,5.000000,1000,False
1114686,PFC26NOV370CE,PFC,26NOV2026,37000.000000,1300,OPTSTK,BFO,5.000000,124000,False
842780,INFY26SEP1080CE,INFY,24SEP2026,108000.000000,400,OPTSTK,BFO,5.000000,16000,False
842798,APOLLOHOSP26SEP8900CE,APOLLOHOSP,24SEP2026,890000.000000,125,OPTSTK,BFO,5.000000,5000,False
842811,ICICIBANK26SEP1440PE,ICICIBANK,24SEP2026,144000.000000,700,OPTSTK,BFO,5.000000,28000,False
842818,MAZDOCK26SEP2440CE,MAZDOCK,24SEP2026,244000.000000,225,OPTSTK,BFO,5.000000,100000000,False
843671,BANKBARODA26SEP292.5CE,BANKBARODA,24SEP2026,29250.000000,2925,OPTSTK,BFO,5.000000,175500,False
843683,BANDHANBNK26SEP192.5CE,BANDHANBNK,24SEP2026,19250.000000,3600,OPTSTK,BFO,5.000000,100000,False
843698,MARUTI26SEP14400CE,MARUTI,24SEP2026,1440000.000000,50,OPTSTK,BFO,5.000000,3000,False
843707,SUNPHARMA26SEP1760CE,SUNPHARMA,24SEP2026,176000.000000,350,OPTSTK,BFO,5.000000,28000,False
1101128,MARUTI26NOV13800CE,MARUTI,26NOV2026,1380000.000000,50,OPTSTK,BFO,5.000000,3000,False
1101136,SENSEX26O1582500PE,SENSEX,15OCT2026,8250000.000000,20,OPTIDX,BFO,5.000000,1000,False
1101141,BHEL26NOV460CE,BHEL,26NOV2026,46000.000000,2625,OPTSTK,BFO,5.000000,315000,False
1101150,UNOMINDA26NOV1180PE,UNOMINDA,26NOV2026,118000.000000,550,OPTSTK,BFO,5.000000,100000000,False
1114748,ZYDUSLIFE26NOV1180CE,ZYDUSLIFE,26NOV2026,118000.000000,900,OPTSTK,BFO,5.000000,54000,False
842864,AXISBANK26SEP1430PE,AXISBANK,24SEP2026,143000.000000,625,OPTSTK,BFO,5.000000,25000,False
842867,KOTAKBANK26SEP407.5PE,KOTAKBANK,24SEP2026,40750.000000,2000,OPTSTK,BFO,5.000000,12000,False
842874,HINDUNILVR26SEP2120CE,HINDUNILVR,24SEP2026,212000.000000,300,OPTSTK,BFO,5.000000,9000,False
842902,COCHINSHIP26SEP1320PE,COCHINSHIP,24SEP2026,132000.000000,400,OPTSTK,BFO,5.000000,100000000,False
1114689,WIPRO26NOV170CE,WIPRO,26NOV2026,17000.000000,3000,OPTSTK,BFO,5.000000,60000,False
1114730,OIL26NOV490CE,OIL,26NOV2026,49000.000000,1400,OPTSTK,BFO,5.000000,100000000,False
1114737,SENSEX26O1577800PE,SENSEX,15OCT2026,7780000.000000,20,OPTIDX,BFO,5.000000,1000,False
843712,ITC26SEP300CE,ITC,24SEP2026,30000.000000,1725,OPTSTK,BFO,5.000000,64000,False
843754,SENSEX27DEC77000CE,SENSEX,30DEC2027,7700000.000000,20,OPTIDX,BFO,5.000000,1000,False
843756,SBIN26SEP1090PE,SBIN,24SEP2026,109000.000000,750,OPTSTK,BFO,5.000000,45000,False
843762,ASTRAL26SEP1480PE,ASTRAL,24SEP2026,148000.000000,425,OPTSTK,BFO,5.000000,14680,False
842927,FORTIS26SEP880PE,FORTIS,24SEP2026,88000.000000,775,OPTSTK,BFO,5.000000,100000000,False
842931,HINDUNILVR26SEP2040PE,HINDUNILVR,24SEP2026,204000.000000,300,OPTSTK,BFO,5.000000,9000,False
842934,INDUSINDBK26SEP870PE,INDUSINDBK,24SEP2026,87000.000000,700,OPTSTK,BFO,5.000000,20000,False
842961,BHEL26SEP397.5CE,BHEL,24SEP2026,39750.000000,2625,OPTSTK,BFO,5.000000,315000,False
1101160,PIIND26NOV2850PE,PIIND,26NOV2026,285000.000000,175,OPTSTK,BFO,5.000000,7500,False
1101161,ANGELONE26NOV260CE,ANGELONE,26NOV2026,26000.000000,2500,OPTSTK,BFO,5.000000,100000000,False
1101163,ZYDUSLIFE26NOV1170CE,ZYDUSLIFE,26NOV2026,117000.000000,900,OPTSTK,BFO,5.000000,54000,False
1101168,IDFCFIRSTB26NOV75PE,IDFCFIRSTB,26NOV2026,7500.000000,9275,OPTSTK,BFO,5.000000,450000,False
1114753,IDFCFIRSTB26NOV85PE,IDFCFIRSTB,26NOV2026,8500.000000,9275,OPTSTK,BFO,5.000000,450000,False
1114779,ADANIGREEN26NOV1320CE,ADANIGREEN,26NOV2026,132000.000000,600,OPTSTK,BFO,5.000000,100000000,False
1114822,BHARTIARTL26NOV1740PE,BHARTIARTL,26NOV2026,174000.000000,475,OPTSTK,BFO,5.000000,28500,False
1114853,GODREJCP26NOV990PE,GODREJCP,26NOV2026,99000.000000,500,OPTSTK,BFO,5.000000,30000,False
843766,CIPLA26SEP1380PE,CIPLA,24SEP2026,138000.000000,425,OPTSTK,BFO,5.000000,26000,False
843778,TRENT26SEP3100PE,TRENT,24SEP2026,310000.000000,225,OPTSTK,BFO,5.000000,16000,False
843780,GODREJPROP26SEP1800CE,GODREJPROP,24SEP2026,180000.000000,325,OPTSTK,BFO,5.000000,19000,False
843792,AMBER26SEPFUT,AMBER,24SEP2026,0.000000,100,FUTSTK,BFO,5.000000,100000000,False
1101197,SBIN26NOV1020PE,SBIN,26NOV2026,102000.000000,750,OPTSTK,BFO,5.000000,45000,False
1101201,TATACONSUM26NOV1070CE,TATACONSUM,26NOV2026,107000.000000,550,OPTSTK,BFO,5.000000,36000,False
1101202,DABUR26SEP350PE,DABUR,24SEP2026,35000.000000,1250,OPTSTK,BFO,5.000000,50000,False
1101214,PHOENIXLTD26NOV1960CE,PHOENIXLTD,26NOV2026,196000.000000,350,OPTSTK,BFO,5.000000,100000000,False
843811,TIINDIA26SEP2940CE,TIINDIA,24SEP2026,294000.000000,200,OPTSTK,BFO,5.000000,100000000,False
843820,BIOCON26SEP385PE,BIOCON,24SEP2026,38500.000000,2500,OPTSTK,BFO,5.000000,100000,False
843874,CAMS26SEP760PE,CAMS,24SEP2026,76000.000000,825,OPTSTK,BFO,5.000000,100000000,False
843879,SOLARINDS26SEP17500PE,SOLARINDS,24SEP2026,1750000.000000,50,OPTSTK,BFO,5.000000,100000000,False
1114918,ICICIBANK26NOV1460PE,ICICIBANK,26NOV2026,146000.000000,700,OPTSTK,BFO,5.000000,28000,False
842971,SBILIFE26SEP1860PE,SBILIFE,24SEP2026,186000.000000,375,OPTSTK,BFO,5.000000,22500,False
842972,NTPC26SEP342.5PE,NTPC,24SEP2026,34250.000000,1500,OPTSTK,BFO,5.000000,150000,False
842974,HDFCLIFE26SEP595PE,HDFCLIFE,24SEP2026,59500.000000,1100,OPTSTK,BFO,5.000000,44000,False
842979,PGEL26SEP490CE,PGEL,24SEP2026,49000.000000,950,OPTSTK,BFO,5.000000,100000000,False
1114856,PAGEIND26NOV35500CE,PAGEIND,26NOV2026,3550000.000000,20,OPTSTK,BFO,5.000000,600,False
1114871,BHEL26NOV415PE,BHEL,26NOV2026,41500.000000,2625,OPTSTK,BFO,5.000000,315000,False
1114911,TVSMOTOR26NOV4350PE,TVSMOTOR,26NOV2026,435000.000000,175,OPTSTK,BFO,5.000000,21000,False
1101222,ADANIPOWER26OCT250PE,ADANIPOWER,29OCT2026,25000.000000,3550,OPTSTK,BFO,5.000000,100000000,False
1101257,SOLARINDS26NOV19750PE,SOLARINDS,26NOV2026,1975000.000000,50,OPTSTK,BFO,5.000000,100000000,False
1101269,ULTRACEMCO26NOV11000CE,ULTRACEMCO,26NOV2026,1100000.000000,50,OPTSTK,BFO,5.000000,3000,False
1101274,FOCIT26NOV36900PE,FOCIT,26NOV2026,3690000.000000,45,OPTIDX,BFO,5.000000,1350,False
843888,BAJAJFINSV26SEP1900CE,BAJAJFINSV,24SEP2026,190000.000000,300,OPTSTK,BFO,5.000000,20000,False
843893,COCHINSHIP26SEP1560PE,COCHINSHIP,24SEP2026,156000.000000,400,OPTSTK,BFO,5.000000,100000000,False
843895,PREMIERENE26SEP1050PE,PREMIERENE,24SEP2026,105000.000000,650,OPTSTK,BFO,5.000000,100000000,False
843921,ITC26SEP305CE,ITC,24SEP2026,30500.000000,1725,OPTSTK,BFO,5.000000,64000,False
843006,IDEA26SEP7PE,IDEA,24SEP2026,700.000000,71475,OPTSTK,BFO,5.000000,2400000,False
843018,PRESTIGE26SEP1540PE,PRESTIGE,24SEP2026,154000.000000,450,OPTSTK,BFO,5.000000,100000000,False
843024,GAIL26SEP177CE,GAIL,24SEP2026,17700.000000,3550,OPTSTK,BFO,5.000000,274500,False
843030,RADICO26SEP4100CE,RADICO,24SEP2026,410000.000000,150,OPTSTK,BFO,5.000000,100000000,False
1114921,INOXWIND26NOV87.5CE,INOXWIND,26NOV2026,8750.000000,6400,OPTSTK,BFO,5.000000,100000000,False
1114927,HAL26NOV4900PE,HAL,26NOV2026,490000.000000,150,OPTSTK,BFO,5.000000,9000,False
1114930,SENSEX26NOV74800PE,SENSEX,26NOV2026,7480000.000000,20,OPTIDX,BFO,5.000000,1000,False
1114956,INFY26NOV1180PE,INFY,26NOV2026,118000.000000,400,OPTSTK,BFO,5.000000,16000,False
843935,PREMIERENE26SEP1040CE,PREMIERENE,24SEP2026,104000.000000,650,OPTSTK,BFO,5.000000,100000000,False
843936,PIIND26SEP2720PE,PIIND,24SEP2026,272000.000000,175,OPTSTK,BFO,5.000000,7500,False
843953,BAJAJFINSV26SEP1820PE,BAJAJFINSV,24SEP2026,182000.000000,300,OPTSTK,BFO,5.000000,20000,False
843958,MFSL26SEP1660CE,MFSL,24SEP2026,166000.000000,400,OPTSTK,BFO,5.000000,32000,False
843044,BANKEX26SEP66500PE,BANKEX,24SEP2026,6650000.000000,30,OPTIDX,BFO,5.000000,900,False
843055,ADANIPOWER26SEP235PE,ADANIPOWER,24SEP2026,23500.000000,3550,OPTSTK,BFO,5.000000,100000000,False
843084,ADANIPORTS26SEP1740CE,ADANIPORTS,24SEP2026,174000.000000,475,OPTSTK,BFO,5.000000,32000,False
843090,BANKINDIA26SEP140CE,BANKINDIA,24SEP2026,14000.000000,5200,OPTSTK,BFO,5.000000,100000000,False
1101277,RELIANCE26NOV1260PE,RELIANCE,26NOV2026,126000.000000,500,OPTSTK,BFO,5.000000,10000,False
1101281,TVSMOTOR26NOV4500PE,TVSMOTOR,26NOV2026,450000.000000,175,OPTSTK,BFO,5.000000,21000,False
1101282,M&M26NOV3450PE,M&M,26NOV2026,345000.000000,200,OPTSTK,BFO,5.000000,21000,False
1101287,SUPREMEIND26NOV3900CE,SUPREMEIND,26NOV2026,390000.000000,175,OPTSTK,BFO,5.000000,100000000,False
1114982,CUMMINSIND26NOV5000CE,CUMMINSIND,26NOV2026,500000.000000,200,OPTSTK,BFO,5.000000,18000,False
1114984,TIINDIA26NOV2800PE,TIINDIA,26NOV2026,280000.000000,200,OPTSTK,BFO,5.000000,100000000,False
1114990,BAJAJFINSV26NOV1860CE,BAJAJFINSV,26NOV2026,186000.000000,300,OPTSTK,BFO,5.000000,20000,False
1115003,INOXWIND26NOV55CE,INOXWIND,26NOV2026,5500.000000,6400,OPTSTK,BFO,5.000000,100000000,False
843963,TATACONSUM26SEP1100CE,TATACONSUM,24SEP2026,110000.000000,550,OPTSTK,BFO,5.000000,36000,False
843978,ICICIGI26SEP1760PE,ICICIGI,24SEP2026,176000.000000,325,OPTSTK,BFO,5.000000,20000,False
843982,SENSEX28DEC77000CE,SENSEX,28DEC2028,7700000.000000,20,OPTIDX,BFO,5.000000,1000,False
843987,JINDALSTEL26SEP1020PE,JINDALSTEL,24SEP2026,102000.000000,625,OPTSTK,BFO,5.000000,37500,False
843091,MANAPPURAM26SEP350PE,MANAPPURAM,24SEP2026,35000.000000,3000,OPTSTK,BFO,5.000000,180000,False
843100,AMBER26SEP7300CE,AMBER,24SEP2026,730000.000000,100,OPTSTK,BFO,5.000000,100000000,False
843104,DIVISLAB26SEP6350CE,DIVISLAB,24SEP2026,635000.000000,100,OPTSTK,BFO,5.000000,8000,False
843114,PRESTIGE26SEP1600CE,PRESTIGE,24SEP2026,160000.000000,450,OPTSTK,BFO,5.000000,100000000,False
1101294,KAYNES26NOV4050PE,KAYNES,26NOV2026,405000.000000,150,OPTSTK,BFO,5.000000,100000000,False
1101310,BAJAJFINSV26NOV1860PE,BAJAJFINSV,26NOV2026,186000.000000,300,OPTSTK,BFO,5.000000,20000,False
1101313,MAZDOCK26NOV2450CE,MAZDOCK,26NOV2026,245000.000000,225,OPTSTK,BFO,5.000000,100000000,False
1101320,KOTAKBANK26NOV440CE,KOTAKBANK,26NOV2026,44000.000000,2000,OPTSTK,BFO,5.000000,12000,False
1115012,INDIANB26NOV870CE,INDIANB,26NOV2026,87000.000000,1000,OPTSTK,BFO,5.000000,100000000,False
1115020,DIXON26NOV13500PE,DIXON,26NOV2026,1350000.000000,50,OPTSTK,BFO,5.000000,6000,False
1115029,JINDALSTEL26NOV1060CE,JINDALSTEL,26NOV2026,106000.000000,625,OPTSTK,BFO,5.000000,37500,False
1115043,TATASTEEL26NOV172.5CE,TATASTEEL,26NOV2026,17250.000000,2750,OPTSTK,BFO,5.000000,220000,False
843995,ADANIENSOL26SEP1380PE,ADANIENSOL,24SEP2026,138000.000000,675,OPTSTK,BFO,5.000000,100000000,False
844026,BANKEX26SEP62300PE,BANKEX,24SEP2026,6230000.000000,30,OPTIDX,BFO,5.000000,900,False
844035,DLF26SEP610PE,DLF,24SEP2026,61000.000000,950,OPTSTK,BFO,5.000000,49500,False
844041,COCHINSHIP26SEP1460CE,COCHINSHIP,24SEP2026,146000.000000,400,OPTSTK,BFO,5.000000,100000000,False
843117,SENSEX5026SEP24250PE,SENSEX50,24SEP2026,2425000.000000,75,OPTIDX,BFO,5.000000,1800,False
843118,FORCEMOT26SEP20500PE,FORCEMOT,24SEP2026,2050000.000000,25,OPTSTK,BFO,5.000000,100000000,False
843119,DMART26SEP4350CE,DMART,24SEP2026,435000.000000,150,OPTSTK,BFO,5.000000,100000000,False
843130,PFC26SEP425PE,PFC,24SEP2026,42500.000000,1300,OPTSTK,BFO,5.000000,124000,False
844052,SENSEX27DEC77000PE,SENSEX,30DEC2027,7700000.000000,20,OPTIDX,BFO,5.000000,1000,False
844059,BANKBARODA26SEP272.5PE,BANKBARODA,24SEP2026,27250.000000,2925,OPTSTK,BFO,5.000000,175500,False
844070,PIDILITIND26SEP1530PE,PIDILITIND,24SEP2026,153000.000000,500,OPTSTK,BFO,5.000000,10000,False
844078,IOC26SEP142PE,IOC,24SEP2026,14200.000000,4875,OPTSTK,BFO,5.000000,292500,False
1101328,POWERINDIA26NOV32500PE,POWERINDIA,26NOV2026,3250000.000000,25,OPTSTK,BFO,5.000000,100000000,False
1101340,FOCIT26NOV41200CE,FOCIT,26NOV2026,4120000.000000,45,OPTIDX,BFO,5.000000,1350,False
1101342,ULTRACEMCO26NOV11900CE,ULTRACEMCO,26NOV2026,1190000.000000,50,OPTSTK,BFO,5.000000,3000,False
1101357,ADANIPOWER26NOV245CE,ADANIPOWER,26NOV2026,24500.000000,3550,OPTSTK,BFO,5.000000,100000000,False
1115046,ADANIENT26NOV3000CE,ADANIENT,26NOV2026,300000.000000,309,OPTSTK,BFO,5.000000,9000,False
1115086,TATAELXSI26NOV3750PE,TATAELXSI,26NOV2026,375000.000000,125,OPTSTK,BFO,5.000000,100000000,False
1115099,PIDILITIND26NOV1580PE,PIDILITIND,26NOV2026,158000.000000,500,OPTSTK,BFO,5.000000,10000,False
1115100,LUPIN26NOV2220CE,LUPIN,26NOV2026,222000.000000,425,OPTSTK,BFO,5.000000,34000,False
843161,OBEROIRLTY26SEP1680CE,OBEROIRLTY,24SEP2026,168000.000000,350,OPTSTK,BFO,5.000000,28000,False
843169,MOTILALOFS26SEP960PE,MOTILALOFS,24SEP2026,96000.000000,775,OPTSTK,BFO,5.000000,100000000,False
843183,GODFRYPHLP26SEP2300PE,GODFRYPHLP,24SEP2026,230000.000000,275,OPTSTK,BFO,5.000000,100000000,False
843196,OFSS26SEP11200PE,OFSS,24SEP2026,1120000.000000,100,OPTSTK,BFO,5.000000,8000,False
844088,POLYCAB26SEP9200CE,POLYCAB,24SEP2026,920000.000000,125,OPTSTK,BFO,5.000000,9000,False
844093,ADANIPOWER26SEP212.5PE,ADANIPOWER,24SEP2026,21250.000000,3550,OPTSTK,BFO,5.000000,100000000,False
844110,BRITANNIA26SEP4950PE,BRITANNIA,24SEP2026,495000.000000,125,OPTSTK,BFO,5.000000,6000,False
844124,BANKEX26SEP70900PE,BANKEX,24SEP2026,7090000.000000,30,OPTIDX,BFO,5.000000,900,False
1101363,SENSEX26O1576100CE,SENSEX,15OCT2026,7610000.000000,20,OPTIDX,BFO,5.000000,1000,False
1101415,TECHM26NOV1600PE,TECHM,26NOV2026,160000.000000,600,OPTSTK,BFO,5.000000,24000,False
1101416,INFY26NOV1160CE,INFY,26NOV2026,116000.000000,400,OPTSTK,BFO,5.000000,16000,False
1101436,TECHM26NOV1440PE,TECHM,26NOV2026,144000.000000,600,OPTSTK,BFO,5.000000,24000,False
843207,GODFRYPHLP26SEP2140PE,GODFRYPHLP,24SEP2026,214000.000000,275,OPTSTK,BFO,5.000000,100000000,False
843218,BANKEX26SEP58700CE,BANKEX,24SEP2026,5870000.000000,30,OPTIDX,BFO,5.000000,900,False
843222,SENSEX28DEC82000CE,SENSEX,28DEC2028,8200000.000000,20,OPTIDX,BFO,5.000000,1000,False
843224,ASTRAL26SEP1600PE,ASTRAL,24SEP2026,160000.000000,425,OPTSTK,BFO,5.000000,14680,False
1115101,MFSL26NOV1600CE,MFSL,26NOV2026,160000.000000,400,OPTSTK,BFO,5.000000,32000,False
1115109,COFORGE26NOV1780CE,COFORGE,26NOV2026,178000.000000,475,OPTSTK,BFO,5.000000,6000,False
1115117,JUBLFOOD26NOV505CE,JUBLFOOD,26NOV2026,50500.000000,1250,OPTSTK,BFO,5.000000,50000,False
1115124,PAGEIND26NOV39500PE,PAGEIND,26NOV2026,3950000.000000,20,OPTSTK,BFO,5.000000,600,False
844138,GMRAIRPORT26SEP114CE,GMRAIRPORT,24SEP2026,11400.000000,6975,OPTSTK,BFO,5.000000,675000,False
844142,PRESTIGE26SEP1680CE,PRESTIGE,24SEP2026,168000.000000,450,OPTSTK,BFO,5.000000,100000000,False
844145,LICHSGFIN26SEP545CE,LICHSGFIN,24SEP2026,54500.000000,1000,OPTSTK,BFO,5.000000,60000,False
844163,PAGEIND26SEP41750PE,PAGEIND,24SEP2026,4175000.000000,20,OPTSTK,BFO,5.000000,600,False
1101438,PAGEIND26NOV36500PE,PAGEIND,26NOV2026,3650000.000000,20,OPTSTK,BFO,5.000000,600,False
1101450,MPHASIS26NOV2100CE,MPHASIS,26NOV2026,210000.000000,275,OPTSTK,BFO,5.000000,11000,False
1101457,SAGILITY26NOV45CE,SAGILITY,26NOV2026,4500.000000,12000,OPTSTK,BFO,5.000000,100000000,False
1101467,TATAELXSI26NOV3900PE,TATAELXSI,26NOV2026,390000.000000,125,OPTSTK,BFO,5.000000,100000000,False
843263,WAAREEENER26SEP2700PE,WAAREEENER,24SEP2026,270000.000000,175,OPTSTK,BFO,5.000000,100000000,False
843265,SAIL26SEP182.5CE,SAIL,24SEP2026,18250.000000,4700,OPTSTK,BFO,5.000000,320000,False
843268,TMPV26SEP325PE,TMPV,24SEP2026,32500.000000,1600,OPTSTK,BFO,5.000000,42750,False
843275,INOXWIND26SEP96PE,INOXWIND,24SEP2026,9600.000000,6400,OPTSTK,BFO,5.000000,100000000,False
844165,VOLTAS26SEP1240PE,VOLTAS,24SEP2026,124000.000000,375,OPTSTK,BFO,5.000000,30000,False
844169,HAL26SEP4350PE,HAL,24SEP2026,435000.000000,150,OPTSTK,BFO,5.000000,9000,False
844178,ADANIGREEN26SEP1590PE,ADANIGREEN,24SEP2026,159000.000000,600,OPTSTK,BFO,5.000000,100000000,False
844228,SUZLON26SEP57CE,SUZLON,24SEP2026,5700.000000,12700,OPTSTK,BFO,5.000000,100000000,False
1101479,SIEMENS26NOV4400PE,SIEMENS,26NOV2026,440000.000000,175,OPTSTK,BFO,5.000000,8250,False
1101494,SUPREMEIND26NOV3650CE,SUPREMEIND,26NOV2026,365000.000000,175,OPTSTK,BFO,5.000000,100000000,False
1101498,BAJAJ-AUTO26NOV12300CE,BAJAJ-AUTO,26NOV2026,1230000.000000,75,OPTSTK,BFO,5.000000,5000,False
1101500,IDFCFIRSTB26NOV76CE,IDFCFIRSTB,26NOV2026,7600.000000,9275,OPTSTK,BFO,5.000000,450000,False
1115132,NATIONALUM26NOV450PE,NATIONALUM,26NOV2026,45000.000000,1875,OPTSTK,BFO,5.000000,300000,False
1115140,NBCC26NOV77.5CE,NBCC,26NOV2026,7750.000000,6500,OPTSTK,BFO,5.000000,100000000,False
1115159,HYUNDAI26NOV2200CE,HYUNDAI,26NOV2026,220000.000000,275,OPTSTK,BFO,5.000000,100000000,False
1115160,HINDPETRO26NOV320PE,HINDPETRO,26NOV2026,32000.000000,2025,OPTSTK,BFO,5.000000,108000,False
844245,GAIL26SEP173PE,GAIL,24SEP2026,17300.000000,3550,OPTSTK,BFO,5.000000,274500,False
844248,LT26SEP4320PE,LT,24SEP2026,432000.000000,175,OPTSTK,BFO,5.000000,12000,False
844254,SUNPHARMA26SEP1880PE,SUNPHARMA,24SEP2026,188000.000000,350,OPTSTK,BFO,5.000000,28000,False
844256,PAGEIND26SEP41000CE,PAGEIND,24SEP2026,4100000.000000,20,OPTSTK,BFO,5.000000,600,False
843276,CAMS26SEP810PE,CAMS,24SEP2026,81000.000000,825,OPTSTK,BFO,5.000000,100000000,False
843291,VMM26SEP118PE,VMM,24SEP2026,11800.000000,4850,OPTSTK,BFO,5.000000,100000000,False
843295,UNIONBANK26SEP165PE,UNIONBANK,24SEP2026,16500.000000,4425,OPTSTK,BFO,5.000000,100000000,False
843298,BANKEX26SEP66400CE,BANKEX,24SEP2026,6640000.000000,30,OPTIDX,BFO,5.000000,900,False
1101527,ASIANPAINT26NOV2520CE,ASIANPAINT,26NOV2026,252000.000000,250,OPTSTK,BFO,5.000000,8000,False
1101540,DABUR26NOV400CE,DABUR,26NOV2026,40000.000000,1250,OPTSTK,BFO,5.000000,50000,False
1101544,MAHABANK26NOV80CE,MAHABANK,26NOV2026,8000.000000,6500,OPTSTK,BFO,5.000000,100000000,False
1101561,SENSEX26O1582400CE,SENSEX,15OCT2026,8240000.000000,20,OPTIDX,BFO,5.000000,1000,False
1115177,COFORGE26NOV1860PE,COFORGE,26NOV2026,186000.000000,475,OPTSTK,BFO,5.000000,6000,False
1115219,NYKAA26NOVFUT,NYKAA,26NOV2026,0.000000,3125,FUTSTK,BFO,5.000000,100000000,False
1115230,SBICARD26NOV710CE,SBICARD,26NOV2026,71000.000000,800,OPTSTK,BFO,5.000000,32000,False
1115234,GAIL26NOV157.5PE,GAIL,26NOV2026,15750.000000,3550,OPTSTK,BFO,5.000000,274500,False
843299,WAAREEENER26SEP3150CE,WAAREEENER,24SEP2026,315000.000000,175,OPTSTK,BFO,5.000000,100000000,False
843317,LUPIN26SEP2340PE,LUPIN,24SEP2026,234000.000000,425,OPTSTK,BFO,5.000000,34000,False
843320,MFSL26SEP1720PE,MFSL,24SEP2026,172000.000000,400,OPTSTK,BFO,5.000000,32000,False
843341,SIEMENS26SEP3900PE,SIEMENS,24SEP2026,390000.000000,175,OPTSTK,BFO,5.000000,8250,False
844283,VEDL26SEP210PE,VEDL,24SEP2026,21000.000000,1150,OPTSTK,BFO,5.000000,80000,False
844300,RVNL26SEP230CE,RVNL,24SEP2026,23000.000000,1925,OPTSTK,BFO,5.000000,100000000,False
844307,KOTAKBANK26SEP417.5CE,KOTAKBANK,24SEP2026,41750.000000,2000,OPTSTK,BFO,5.000000,12000,False
844320,GMRAIRPORT26SEP102CE,GMRAIRPORT,24SEP2026,10200.000000,6975,OPTSTK,BFO,5.000000,675000,False
1101563,KOTAKBANK26OCT455CE,KOTAKBANK,29OCT2026,45500.000000,2000,OPTSTK,BFO,5.000000,12000,False
1101568,PETRONET26NOV255CE,PETRONET,26NOV2026,25500.000000,1900,OPTSTK,BFO,5.000000,120000,False
1101573,SENSEX26NOV75400CE,SENSEX,26NOV2026,7540000.000000,20,OPTIDX,BFO,5.000000,1000,False
1101590,BLUESTARCO26NOV1640PE,BLUESTARCO,26NOV2026,164000.000000,325,OPTSTK,BFO,5.000000,100000000,False
1115272,TATAELXSI26NOV3650CE,TATAELXSI,26NOV2026,365000.000000,125,OPTSTK,BFO,5.000000,100000000,False
1115286,PGEL26NOV580CE,PGEL,26NOV2026,58000.000000,950,OPTSTK,BFO,5.000000,100000000,False
1115287,TMPV26NOV340PE,TMPV,26NOV2026,34000.000000,1600,OPTSTK,BFO,5.000000,42750,False
1115290,ABB26NOV7300CE,ABB,26NOV2026,730000.000000,125,OPTSTK,BFO,5.000000,7500,False
843349,AMBUJACEM26SEP400CE,AMBUJACEM,24SEP2026,40000.000000,1200,OPTSTK,BFO,5.000000,54000,False
843353,BOSCHLTD26SEP38750PE,BOSCHLTD,24SEP2026,3875000.000000,25,OPTSTK,BFO,5.000000,1500,False
843358,HEROMOTOCO26SEP4800PE,HEROMOTOCO,24SEP2026,480000.000000,150,OPTSTK,BFO,5.000000,9000,False
843362,PNB26SEPFUT,PNB,24SEP2026,0.000000,8000,FUTSTK,BFO,5.000000,480000,False
844323,RECLTD26SEP335CE,RECLTD,24SEP2026,33500.000000,1575,OPTSTK,BFO,5.000000,160000,False
844344,SWIGGY26SEP230CE,SWIGGY,24SEP2026,23000.000000,1825,OPTSTK,BFO,5.000000,100000000,False
844347,GODFRYPHLP26SEP2280CE,GODFRYPHLP,24SEP2026,228000.000000,275,OPTSTK,BFO,5.000000,100000000,False
844354,ADANIPORTS26SEP1700PE,ADANIPORTS,24SEP2026,170000.000000,475,OPTSTK,BFO,5.000000,32000,False
1101602,ADANIENT26NOV2950CE,ADANIENT,26NOV2026,295000.000000,309,OPTSTK,BFO,5.000000,9000,False
1101612,CAMS26NOV750CE,CAMS,26NOV2026,75000.000000,825,OPTSTK,BFO,5.000000,100000000,False
1101616,RBLBANK26NOV350CE,RBLBANK,26NOV2026,35000.000000,3175,OPTSTK,BFO,5.000000,150000,False
1101638,MCX26NOV3350PE,MCX,26NOV2026,335000.000000,225,OPTSTK,BFO,5.000000,16000,False
1115305,SENSEX26NOV70100CE,SENSEX,26NOV2026,7010000.000000,20,OPTIDX,BFO,5.000000,1000,False
1115318,TATASTEEL26NOV172.5PE,TATASTEEL,26NOV2026,17250.000000,2750,OPTSTK,BFO,5.000000,220000,False
1115322,SENSEX26NOV74700CE,SENSEX,26NOV2026,7470000.000000,20,OPTIDX,BFO,5.000000,1000,False
1115348,MANAPPURAM26NOV375CE,MANAPPURAM,26NOV2026,37500.000000,3000,OPTSTK,BFO,5.000000,180000,False
844361,AUBANK26SEP1090CE,AUBANK,24SEP2026,109000.000000,1000,OPTSTK,BFO,5.000000,30000,False
844377,BOSCHLTD26SEP42250PE,BOSCHLTD,24SEP2026,4225000.000000,25,OPTSTK,BFO,5.000000,1500,False
844401,COLPAL26SEP1980PE,COLPAL,24SEP2026,198000.000000,275,OPTSTK,BFO,5.000000,14000,False
844406,NESTLEIND26SEP1460CE,NESTLEIND,24SEP2026,146000.000000,500,OPTSTK,BFO,5.000000,1200,False
843370,TATAELXSI26SEP3850CE,TATAELXSI,24SEP2026,385000.000000,125,OPTSTK,BFO,5.000000,100000000,False
843371,CIPLA26SEP1400CE,CIPLA,24SEP2026,140000.000000,425,OPTSTK,BFO,5.000000,26000,False
843376,HINDUNILVR26SEP2160CE,HINDUNILVR,24SEP2026,216000.000000,300,OPTSTK,BFO,5.000000,9000,False
843378,RADICO26SEP4400PE,RADICO,24SEP2026,440000.000000,150,OPTSTK,BFO,5.000000,100000000,False
1101641,SIEMENS26NOV4150PE,SIEMENS,26NOV2026,415000.000000,175,OPTSTK,BFO,5.000000,8250,False
1101666,MCX26NOV3500CE,MCX,26NOV2026,350000.000000,225,OPTSTK,BFO,5.000000,16000,False
1101669,DELHIVERY26NOV455PE,DELHIVERY,26NOV2026,45500.000000,2075,OPTSTK,BFO,5.000000,100000000,False
1101672,PFC26NOV340PE,PFC,26NOV2026,34000.000000,1300,OPTSTK,BFO,5.000000,124000,False
1115350,OIL26NOV495PE,OIL,26NOV2026,49500.000000,1400,OPTSTK,BFO,5.000000,100000000,False
1115399,POLICYBZR26NOV1720CE,POLICYBZR,26NOV2026,172000.000000,350,OPTSTK,BFO,5.000000,100000000,False
1115407,SAGILITY26SEP39CE,SAGILITY,24SEP2026,3900.000000,12000,OPTSTK,BFO,5.000000,100000000,False
1115416,AXISBANK26NOV1180PE,AXISBANK,26NOV2026,118000.000000,625,OPTSTK,BFO,5.000000,25000,False
843397,IDFCFIRSTB26SEP72CE,IDFCFIRSTB,24SEP2026,7200.000000,9275,OPTSTK,BFO,5.000000,450000,False
843399,CANBK26SEP134PE,CANBK,24SEP2026,13400.000000,6750,OPTSTK,BFO,5.000000,81000,False
843402,ULTRACEMCO26SEP10660CE,ULTRACEMCO,24SEP2026,1066000.000000,50,OPTSTK,BFO,5.000000,3000,False
843426,ASHOKLEY26SEP157.5CE,ASHOKLEY,24SEP2026,15750.000000,5000,OPTSTK,BFO,5.000000,150000,False
844413,ANGELONE26SEP330CE,ANGELONE,24SEP2026,33000.000000,2500,OPTSTK,BFO,5.000000,100000000,False
844429,IDFCFIRSTB26SEP72PE,IDFCFIRSTB,24SEP2026,7200.000000,9275,OPTSTK,BFO,5.000000,450000,False
844433,PIIND26SEP2760PE,PIIND,24SEP2026,276000.000000,175,OPTSTK,BFO,5.000000,7500,False
844451,OBEROIRLTY26SEP1800PE,OBEROIRLTY,24SEP2026,180000.000000,350,OPTSTK,BFO,5.000000,28000,False
1115421,POWERGRID26NOV267.5CE,POWERGRID,26NOV2026,26750.000000,1900,OPTSTK,BFO,5.000000,108000,False
1115424,INOXWIND26NOV90CE,INOXWIND,26NOV2026,9000.000000,6400,OPTSTK,BFO,5.000000,100000000,False
1115426,FOCIT26NOV31500CE,FOCIT,26NOV2026,3150000.000000,45,OPTIDX,BFO,5.000000,1350,False
1115436,LAURUSLABS26NOV1860CE,LAURUSLABS,26NOV2026,186000.000000,850,OPTSTK,BFO,5.000000,68000,False
1101689,SENSEX5026NOV25450PE,SENSEX50,26NOV2026,2545000.000000,75,OPTIDX,BFO,5.000000,1800,False
1101694,INDIGO26NOV4600CE,INDIGO,26NOV2026,460000.000000,150,OPTSTK,BFO,5.000000,12000,False
1101696,SBILIFE26NOV1780PE,SBILIFE,26NOV2026,178000.000000,375,OPTSTK,BFO,5.000000,22500,False
1101700,GMRAIRPORT26NOV103CE,GMRAIRPORT,26NOV2026,10300.000000,6975,OPTSTK,BFO,5.000000,675000,False
844459,ICICIGI26SEP1960PE,ICICIGI,24SEP2026,196000.000000,325,OPTSTK,BFO,5.000000,20000,False
844483,ADANIENSOL26SEP1580PE,ADANIENSOL,24SEP2026,158000.000000,675,OPTSTK,BFO,5.000000,100000000,False
844491,DELHIVERY26SEP455CE,DELHIVERY,24SEP2026,45500.000000,2075,OPTSTK,BFO,5.000000,100000000,False
844530,VMM26SEP110PE,VMM,24SEP2026,11000.000000,4850,OPTSTK,BFO,5.000000,100000000,False
843452,ICICIPRULI26SEP475CE,ICICIPRULI,24SEP2026,47500.000000,925,OPTSTK,BFO,5.000000,60000,False
843472,ADANIENSOL26SEP1500PE,ADANIENSOL,24SEP2026,150000.000000,675,OPTSTK,BFO,5.000000,100000000,False
843474,SAIL26SEP182.5PE,SAIL,24SEP2026,18250.000000,4700,OPTSTK,BFO,5.000000,320000,False
843476,PFC26SEP465CE,PFC,24SEP2026,46500.000000,1300,OPTSTK,BFO,5.000000,124000,False
1115451,CGPOWER26NOV800CE,CGPOWER,26NOV2026,80000.000000,850,OPTSTK,BFO,5.000000,100000000,False
1115472,SENSEX26O1575700PE,SENSEX,15OCT2026,7570000.000000,20,OPTIDX,BFO,5.000000,1000,False
1115482,GODREJCP26NOV920CE,GODREJCP,26NOV2026,92000.000000,500,OPTSTK,BFO,5.000000,30000,False
1115483,MOTILALOFS26NOV980PE,MOTILALOFS,26NOV2026,98000.000000,775,OPTSTK,BFO,5.000000,100000000,False
844533,ULTRACEMCO26SEP11860PE,ULTRACEMCO,24SEP2026,1186000.000000,50,OPTSTK,BFO,5.000000,3000,False
844535,INDIANB26SEPFUT,INDIANB,24SEP2026,0.000000,1000,FUTSTK,BFO,5.000000,100000000,False
844549,INDUSTOWER26SEP391CE,INDUSTOWER,24SEP2026,39100.000000,1700,OPTSTK,BFO,5.000000,170000,False
844560,FOCIT26SEP33000CE,FOCIT,24SEP2026,3300000.000000,45,OPTIDX,BFO,5.000000,1350,False
843496,NAUKRI26SEP950CE,NAUKRI,24SEP2026,95000.000000,550,OPTSTK,BFO,5.000000,6000,False
843519,MFSL26SEP1540PE,MFSL,24SEP2026,154000.000000,400,OPTSTK,BFO,5.000000,32000,False
843527,IRFC26SEP96PE,IRFC,24SEP2026,9600.000000,5425,OPTSTK,BFO,5.000000,100000000,False
843531,SAIL26SEP155CE,SAIL,24SEP2026,15500.000000,4700,OPTSTK,BFO,5.000000,320000,False
844573,NBCC26SEP105PE,NBCC,24SEP2026,10500.000000,6500,OPTSTK,BFO,5.000000,100000000,False
844574,PIIND26SEP2820CE,PIIND,24SEP2026,282000.000000,175,OPTSTK,BFO,5.000000,7500,False
844575,MAZDOCK26SEP2360CE,MAZDOCK,24SEP2026,236000.000000,225,OPTSTK,BFO,5.000000,100000000,False
844578,FOCIT26SEP40000PE,FOCIT,24SEP2026,4000000.000000,45,OPTIDX,BFO,5.000000,1350,False
1115497,RBLBANK26NOV365CE,RBLBANK,26NOV2026,36500.000000,3175,OPTSTK,BFO,5.000000,150000,False
1115510,SAGILITY26OCT46PE,SAGILITY,29OCT2026,4600.000000,12000,OPTSTK,BFO,5.000000,100000000,False
1115512,BANKBARODA26NOV240CE,BANKBARODA,26NOV2026,24000.000000,2925,OPTSTK,BFO,5.000000,175500,False
1115526,LAURUSLABS26NOV1780PE,LAURUSLABS,26NOV2026,178000.000000,850,OPTSTK,BFO,5.000000,68000,False
843541,ABCAPITAL26SEP425PE,ABCAPITAL,24SEP2026,42500.000000,3100,OPTSTK,BFO,5.000000,162000,False
843549,JUBLFOOD26SEP430PE,JUBLFOOD,24SEP2026,43000.000000,1250,OPTSTK,BFO,5.000000,50000,False
843557,KPITTECH26SEP810CE,KPITTECH,24SEP2026,81000.000000,775,OPTSTK,BFO,5.000000,100000000,False
843567,INFY26SEP1000PE,INFY,24SEP2026,100000.000000,400,OPTSTK,BFO,5.000000,16000,False
844582,APLAPOLLO26SEP1680PE,APLAPOLLO,24SEP2026,168000.000000,350,OPTSTK,BFO,5.000000,100000000,False
844591,PAYTM26SEP1160CE,PAYTM,24SEP2026,116000.000000,725,OPTSTK,BFO,5.000000,100000000,False
844598,APOLLOHOSP26SEP8900PE,APOLLOHOSP,24SEP2026,890000.000000,125,OPTSTK,BFO,5.000000,5000,False
844626,ADANIENSOL26SEP1480CE,ADANIENSOL,24SEP2026,148000.000000,675,OPTSTK,BFO,5.000000,100000000,False
1115528,BANDHANBNK26NOV140CE,BANDHANBNK,26NOV2026,14000.000000,3600,OPTSTK,BFO,5.000000,100000,False
1115549,ABCAPITAL26NOV370PE,ABCAPITAL,26NOV2026,37000.000000,3100,OPTSTK,BFO,5.000000,162000,False
1115551,SBIN26NOV1070PE,SBIN,26NOV2026,107000.000000,750,OPTSTK,BFO,5.000000,45000,False
1115572,SENSEX26O1581100PE,SENSEX,15OCT2026,8110000.000000,20,OPTIDX,BFO,5.000000,1000,False
843584,BEL26SEP410CE,BEL,24SEP2026,41000.000000,1425,OPTSTK,BFO,5.000000,228000,False
843588,CANBK26SEP135CE,CANBK,24SEP2026,13500.000000,6750,OPTSTK,BFO,5.000000,81000,False
843605,BIOCON26SEP380PE,BIOCON,24SEP2026,38000.000000,2500,OPTSTK,BFO,5.000000,100000,False
843614,NMDC26SEP88PE,NMDC,24SEP2026,8800.000000,6750,OPTSTK,BFO,5.000000,225000,False
844634,ETERNAL26SEP240CE,ETERNAL,24SEP2026,24000.000000,2425,OPTSTK,BFO,5.000000,100000000,False
844635,SENSEX5026SEP24850PE,SENSEX50,24SEP2026,2485000.000000,75,OPTIDX,BFO,5.000000,1800,False
844648,NMDC26SEPFUT,NMDC,24SEP2026,0.000000,6750,FUTSTK,BFO,5.000000,225000,False
844653,PAYTM26SEP1080PE,PAYTM,24SEP2026,108000.000000,725,OPTSTK,BFO,5.000000,100000000,False
1115593,GMRAIRPORT26NOV105PE,GMRAIRPORT,26NOV2026,10500.000000,6975,OPTSTK,BFO,5.000000,675000,False
1115626,AMBER26NOV7300CE,AMBER,26NOV2026,730000.000000,100,OPTSTK,BFO,5.000000,100000000,False
1115628,NYKAA26NOV310PE,NYKAA,26NOV2026,31000.000000,3125,OPTSTK,BFO,5.000000,100000000,False
1115643,NBCC26NOV80CE,NBCC,26NOV2026,8000.000000,6500,OPTSTK,BFO,5.000000,100000000,False
843618,PERSISTENT26SEP4900CE,PERSISTENT,24SEP2026,490000.000000,125,OPTSTK,BFO,5.000000,5250,False
843638,KPITTECH26SEP720CE,KPITTECH,24SEP2026,72000.000000,775,OPTSTK,BFO,5.000000,100000000,False
843659,HCLTECH26SEP1030PE,HCLTECH,24SEP2026,103000.000000,400,OPTSTK,BFO,5.000000,21000,False
843675,HAL26SEP4150PE,HAL,24SEP2026,415000.000000,150,OPTSTK,BFO,5.000000,9000,False
844657,CUMMINSIND26SEP5800CE,CUMMINSIND,24SEP2026,580000.000000,200,OPTSTK,BFO,5.000000,18000,False
844663,FORTIS26SEP960PE,FORTIS,24SEP2026,96000.000000,775,OPTSTK,BFO,5.000000,100000000,False
844667,KOTAKBANK26SEP420CE,KOTAKBANK,24SEP2026,42000.000000,2000,OPTSTK,BFO,5.000000,12000,False
844680,HINDUNILVR26SEP2120PE,HINDUNILVR,24SEP2026,212000.000000,300,OPTSTK,BFO,5.000000,9000,False
843678,OBEROIRLTY26SEP1880CE,OBEROIRLTY,24SEP2026,188000.000000,350,OPTSTK,BFO,5.000000,28000,False
843690,SHRIRAMFIN26SEPFUT,SHRIRAMFIN,24SEP2026,0.000000,825,FUTSTK,BFO,5.000000,18000,False
843692,RBLBANK26SEP380PE,RBLBANK,24SEP2026,38000.000000,3175,OPTSTK,BFO,5.000000,150000,False
843723,PNBHOUSING26SEP1090PE,PNBHOUSING,24SEP2026,109000.000000,650,OPTSTK,BFO,5.000000,100000000,False
844690,NMDC26SEP92PE,NMDC,24SEP2026,9200.000000,6750,OPTSTK,BFO,5.000000,225000,False
844693,MOTHERSON26SEP145PE,MOTHERSON,24SEP2026,14500.000000,6150,OPTSTK,BFO,5.000000,284000,False
844706,AUROPHARMA26SEPFUT,AUROPHARMA,24SEP2026,0.000000,550,FUTSTK,BFO,5.000000,44000,False
844730,INOXWIND26SEP93PE,INOXWIND,24SEP2026,9300.000000,6400,OPTSTK,BFO,5.000000,100000000,False
1115657,SBICARD26NOV620PE,SBICARD,26NOV2026,62000.000000,800,OPTSTK,BFO,5.000000,32000,False
1115682,EICHERMOT26NOV7500CE,EICHERMOT,26NOV2026,750000.000000,100,OPTSTK,BFO,5.000000,7000,False
1115686,MAHABANK26NOV83CE,MAHABANK,26NOV2026,8300.000000,6500,OPTSTK,BFO,5.000000,100000000,False
1115696,SRF26NOV2450PE,SRF,26NOV2026,245000.000000,200,OPTSTK,BFO,5.000000,11250,False
843726,HDFCBANK26SEP805CE,HDFCBANK,24SEP2026,80500.000000,650,OPTSTK,BFO,5.000000,16500,False
843730,PATANJALI26SEP410PE,PATANJALI,24SEP2026,41000.000000,1075,OPTSTK,BFO,5.000000,100000000,False
843741,APOLLOHOSP26SEP8400CE,APOLLOHOSP,24SEP2026,840000.000000,125,OPTSTK,BFO,5.000000,5000,False
843750,HCLTECH26SEP1100PE,HCLTECH,24SEP2026,110000.000000,400,OPTSTK,BFO,5.000000,21000,False
844734,INFY26SEP970PE,INFY,24SEP2026,97000.000000,400,OPTSTK,BFO,5.000000,16000,False
844747,BANKEX26SEP68400CE,BANKEX,24SEP2026,6840000.000000,30,OPTIDX,BFO,5.000000,900,False
844751,FORCEMOT26SEP19500PE,FORCEMOT,24SEP2026,1950000.000000,25,OPTSTK,BFO,5.000000,100000000,False
844754,FOCIT26SEP37000PE,FOCIT,24SEP2026,3700000.000000,45,OPTIDX,BFO,5.000000,1350,False
1115699,TITAN26NOV4950PE,TITAN,26NOV2026,495000.000000,175,OPTSTK,BFO,5.000000,11250,False
1115703,ICICIBANK26NOV1490CE,ICICIBANK,26NOV2026,149000.000000,700,OPTSTK,BFO,5.000000,28000,False
1115704,SENSEX26O1582700CE,SENSEX,15OCT2026,8270000.000000,20,OPTIDX,BFO,5.000000,1000,False
1115761,HDFCLIFE26NOV545CE,HDFCLIFE,26NOV2026,54500.000000,1100,OPTSTK,BFO,5.000000,44000,False
1101710,BHEL26NOV440PE,BHEL,26NOV2026,44000.000000,2625,OPTSTK,BFO,5.000000,315000,False
1101720,RADICO26NOV4850CE,RADICO,26NOV2026,485000.000000,150,OPTSTK,BFO,5.000000,100000000,False
1101734,BANKEX26NOV59000CE,BANKEX,26NOV2026,5900000.000000,30,OPTIDX,BFO,5.000000,900,False
1101739,MANAPPURAM26NOV365CE,MANAPPURAM,26NOV2026,36500.000000,3000,OPTSTK,BFO,5.000000,180000,False
843758,JUBLFOOD26SEP435PE,JUBLFOOD,24SEP2026,43500.000000,1250,OPTSTK,BFO,5.000000,50000,False
843776,LT26SEP4120PE,LT,24SEP2026,412000.000000,175,OPTSTK,BFO,5.000000,12000,False
843777,CANBK26SEP123CE,CANBK,24SEP2026,12300.000000,6750,OPTSTK,BFO,5.000000,81000,False
843785,CAMS26SEP850PE,CAMS,24SEP2026,85000.000000,825,OPTSTK,BFO,5.000000,100000000,False
844768,NBCC26SEP106CE,NBCC,24SEP2026,10600.000000,6500,OPTSTK,BFO,5.000000,100000000,False
844769,COLPAL26SEP2140CE,COLPAL,24SEP2026,214000.000000,275,OPTSTK,BFO,5.000000,14000,False
844787,LT26SEP4360PE,LT,24SEP2026,436000.000000,175,OPTSTK,BFO,5.000000,12000,False
844794,ULTRACEMCO26SEP11760CE,ULTRACEMCO,24SEP2026,1176000.000000,50,OPTSTK,BFO,5.000000,3000,False
1115765,CONCOR26NOV475CE,CONCOR,26NOV2026,47500.000000,1250,OPTSTK,BFO,5.000000,40000,False
1115771,TATAELXSI26NOV3950PE,TATAELXSI,26NOV2026,395000.000000,125,OPTSTK,BFO,5.000000,100000000,False
1115772,SENSEX26SEP85000PE,SENSEX,24SEP2026,8500000.000000,20,OPTIDX,BFO,5.000000,1000,False
1115805,KPITTECH26NOV610PE,KPITTECH,26NOV2026,61000.000000,775,OPTSTK,BFO,5.000000,100000000,False
1101753,SENSEX26O1570400PE,SENSEX,15OCT2026,7040000.000000,20,OPTIDX,BFO,5.000000,1000,False
1101764,M&M26NOV3000PE,M&M,26NOV2026,300000.000000,200,OPTSTK,BFO,5.000000,21000,False
1101778,POWERGRID26NOV252.5PE,POWERGRID,26NOV2026,25250.000000,1900,OPTSTK,BFO,5.000000,108000,False
1101780,JSWSTEEL26NOV1460PE,JSWSTEEL,26NOV2026,146000.000000,675,OPTSTK,BFO,5.000000,40500,False
843788,BEL26SEP410PE,BEL,24SEP2026,41000.000000,1425,OPTSTK,BFO,5.000000,228000,False
843790,SHRIRAMFIN26SEP1000PE,SHRIRAMFIN,24SEP2026,100000.000000,825,OPTSTK,BFO,5.000000,18000,False
843797,SENSEX26SEP77000PE,SENSEX,24SEP2026,7700000.000000,20,OPTIDX,BFO,5.000000,1000,False
843805,SHREECEM26SEP26000PE,SHREECEM,24SEP2026,2600000.000000,25,OPTSTK,BFO,5.000000,1000,False
844795,AXISBANK26SEP1330PE,AXISBANK,24SEP2026,133000.000000,625,OPTSTK,BFO,5.000000,25000,False
844803,VEDL26SEP250PE,VEDL,24SEP2026,25000.000000,1150,OPTSTK,BFO,5.000000,80000,False
844809,PGEL26SEP480CE,PGEL,24SEP2026,48000.000000,950,OPTSTK,BFO,5.000000,100000000,False
844817,RVNL26SEP270CE,RVNL,24SEP2026,27000.000000,1925,OPTSTK,BFO,5.000000,100000000,False
1115855,NBCC26NOV100CE,NBCC,26NOV2026,10000.000000,6500,OPTSTK,BFO,5.000000,100000000,False
1115827,FEDERALBNK26NOV310CE,FEDERALBNK,26NOV2026,31000.000000,2500,OPTSTK,BFO,5.000000,200000,False
1115832,BANKEX26NOV70900CE,BANKEX,26NOV2026,7090000.000000,30,OPTIDX,BFO,5.000000,900,False
1115853,HYUNDAI26NOV2400CE,HYUNDAI,26NOV2026,240000.000000,275,OPTSTK,BFO,5.000000,100000000,False
843809,UPL26SEP585PE,UPL,24SEP2026,58500.000000,1355,OPTSTK,BFO,5.000000,39000,False
843822,BDL26SEP1500PE,BDL,24SEP2026,150000.000000,425,OPTSTK,BFO,5.000000,100000000,False
843835,KFINTECH26SEP930PE,KFINTECH,24SEP2026,93000.000000,575,OPTSTK,BFO,5.000000,100000000,False
843844,KPITTECH26SEP720PE,KPITTECH,24SEP2026,72000.000000,775,OPTSTK,BFO,5.000000,100000000,False
844821,DMART26SEP4600PE,DMART,24SEP2026,460000.000000,150,OPTSTK,BFO,5.000000,100000000,False
844826,CAMS26SEP730CE,CAMS,24SEP2026,73000.000000,825,OPTSTK,BFO,5.000000,100000000,False
844835,TATAELXSI26SEP4250PE,TATAELXSI,24SEP2026,425000.000000,125,OPTSTK,BFO,5.000000,100000000,False
844839,LICHSGFIN26SEP560PE,LICHSGFIN,24SEP2026,56000.000000,1000,OPTSTK,BFO,5.000000,60000,False
1101781,TATAELXSI26NOV3550CE,TATAELXSI,26NOV2026,355000.000000,125,OPTSTK,BFO,5.000000,100000000,False
1101800,PHOENIXLTD26NOV2040CE,PHOENIXLTD,26NOV2026,204000.000000,350,OPTSTK,BFO,5.000000,100000000,False
1101812,NAUKRI26NOV1260PE,NAUKRI,26NOV2026,126000.000000,550,OPTSTK,BFO,5.000000,6000,False
1101819,PIIND26NOV2300CE,PIIND,26NOV2026,230000.000000,175,OPTSTK,BFO,5.000000,7500,False
1115894,MFSL26NOV1560PE,MFSL,26NOV2026,156000.000000,400,OPTSTK,BFO,5.000000,32000,False
1115904,NBCC26NOV85CE,NBCC,26NOV2026,8500.000000,6500,OPTSTK,BFO,5.000000,100000000,False
1115912,KALYANKJIL26NOV620PE,KALYANKJIL,26NOV2026,62000.000000,1350,OPTSTK,BFO,5.000000,100000000,False
1115915,SAIL26NOV175CE,SAIL,26NOV2026,17500.000000,4700,OPTSTK,BFO,5.000000,320000,False
844840,UPL26SEP625CE,UPL,24SEP2026,62500.000000,1355,OPTSTK,BFO,5.000000,39000,False
844844,BIOCON26SEP420PE,BIOCON,24SEP2026,42000.000000,2500,OPTSTK,BFO,5.000000,100000,False
844845,SBILIFE26SEP1840CE,SBILIFE,24SEP2026,184000.000000,375,OPTSTK,BFO,5.000000,22500,False
844846,ITC26SEP290CE,ITC,24SEP2026,29000.000000,1725,OPTSTK,BFO,5.000000,64000,False
843848,AMBUJACEM26SEP440CE,AMBUJACEM,24SEP2026,44000.000000,1200,OPTSTK,BFO,5.000000,54000,False
843853,HINDZINC26SEP480CE,HINDZINC,24SEP2026,48000.000000,1225,OPTSTK,BFO,5.000000,100000000,False
843864,AUBANK26SEP1050CE,AUBANK,24SEP2026,105000.000000,1000,OPTSTK,BFO,5.000000,30000,False
843870,TORNTPHARM26SEP4250PE,TORNTPHARM,24SEP2026,425000.000000,125,OPTSTK,BFO,5.000000,15000,False
1101842,BPCL26NOV300CE,BPCL,26NOV2026,30000.000000,1975,OPTSTK,BFO,5.000000,72000,False
1101877,CANBK26NOV112.5PE,CANBK,26NOV2026,11250.000000,6750,OPTSTK,BFO,5.000000,81000,False
1101900,AUROPHARMA26NOV1660PE,AUROPHARMA,26NOV2026,166000.000000,550,OPTSTK,BFO,5.000000,44000,False
1101905,PERSISTENT26NOV6100PE,PERSISTENT,26NOV2026,610000.000000,125,OPTSTK,BFO,5.000000,5250,False
1115921,BAJFINANCE26NOV1030CE,BAJFINANCE,26NOV2026,103000.000000,750,OPTSTK,BFO,5.000000,3750,False
1115938,HINDALCO26NOV1080CE,HINDALCO,26NOV2026,108000.000000,700,OPTSTK,BFO,5.000000,56000,False
1115958,PFC26NOV390PE,PFC,26NOV2026,39000.000000,1300,OPTSTK,BFO,5.000000,124000,False
1115965,DABUR26NOV360CE,DABUR,26NOV2026,36000.000000,1250,OPTSTK,BFO,5.000000,50000,False
844863,GODREJCP26SEP1060CE,GODREJCP,24SEP2026,106000.000000,500,OPTSTK,BFO,5.000000,30000,False
844865,ADANIPORTS26SEP1900PE,ADANIPORTS,24SEP2026,190000.000000,475,OPTSTK,BFO,5.000000,32000,False
844871,AMBUJACEM26SEP395PE,AMBUJACEM,24SEP2026,39500.000000,1200,OPTSTK,BFO,5.000000,54000,False
844880,BANKINDIA26SEP162.5CE,BANKINDIA,24SEP2026,16250.000000,5200,OPTSTK,BFO,5.000000,100000000,False
843896,BANKEX26SEP70600CE,BANKEX,24SEP2026,7060000.000000,30,OPTIDX,BFO,5.000000,900,False
843901,VEDL26SEP230CE,VEDL,24SEP2026,23000.000000,1150,OPTSTK,BFO,5.000000,80000,False
843902,IRFC26SEP89PE,IRFC,24SEP2026,8900.000000,5425,OPTSTK,BFO,5.000000,100000000,False
843903,TATAPOWER26SEP415PE,TATAPOWER,24SEP2026,41500.000000,1450,OPTSTK,BFO,5.000000,101250,False
844882,MARUTI26SEP14200PE,MARUTI,24SEP2026,1420000.000000,50,OPTSTK,BFO,5.000000,3000,False
844885,PRESTIGE26SEP1520CE,PRESTIGE,24SEP2026,152000.000000,450,OPTSTK,BFO,5.000000,100000000,False
844906,SENSEX5026SEP25850PE,SENSEX50,24SEP2026,2585000.000000,75,OPTIDX,BFO,5.000000,1800,False
844911,SBIN26SEP990PE,SBIN,24SEP2026,99000.000000,750,OPTSTK,BFO,5.000000,45000,False
1101909,NTPC26NOV325PE,NTPC,26NOV2026,32500.000000,1500,OPTSTK,BFO,5.000000,150000,False
1101911,IRFC26NOV92CE,IRFC,26NOV2026,9200.000000,5425,OPTSTK,BFO,5.000000,100000000,False
1101922,FOCIT26NOV36200PE,FOCIT,26NOV2026,3620000.000000,45,OPTIDX,BFO,5.000000,1350,False
1101931,IDFCFIRSTB26OCT75PE,IDFCFIRSTB,29OCT2026,7500.000000,9275,OPTSTK,BFO,5.000000,450000,False
1115967,KFINTECH26NOV880CE,KFINTECH,26NOV2026,88000.000000,575,OPTSTK,BFO,5.000000,100000000,False
1115974,RADICO26NOV4400PE,RADICO,26NOV2026,440000.000000,150,OPTSTK,BFO,5.000000,100000000,False
1115994,BAJFINANCE26NOV1110PE,BAJFINANCE,26NOV2026,111000.000000,750,OPTSTK,BFO,5.000000,3750,False
1115995,COALINDIA26NOVFUT,COALINDIA,26NOV2026,0.000000,1350,FUTSTK,BFO,5.000000,126000,False
843913,ITC26SEP300PE,ITC,24SEP2026,30000.000000,1725,OPTSTK,BFO,5.000000,64000,False
843916,SONACOMS26SEP625PE,SONACOMS,24SEP2026,62500.000000,1225,OPTSTK,BFO,5.000000,100000000,False
843943,NAM-INDIA26SEP1240PE,NAM-INDIA,24SEP2026,124000.000000,625,OPTSTK,BFO,5.000000,100000000,False
843966,MUTHOOTFIN26SEP2750PE,MUTHOOTFIN,24SEP2026,275000.000000,275,OPTSTK,BFO,5.000000,22000,False
844924,DIVISLAB26SEP6500CE,DIVISLAB,24SEP2026,650000.000000,100,OPTSTK,BFO,5.000000,8000,False
844935,POLYCAB26SEP9700PE,POLYCAB,24SEP2026,970000.000000,125,OPTSTK,BFO,5.000000,9000,False
844945,INDUSTOWER26SEP361CE,INDUSTOWER,24SEP2026,36100.000000,1700,OPTSTK,BFO,5.000000,170000,False
844950,OBEROIRLTY26SEP1840PE,OBEROIRLTY,24SEP2026,184000.000000,350,OPTSTK,BFO,5.000000,28000,False
1101942,GODFRYPHLP26NOV2300CE,GODFRYPHLP,26NOV2026,230000.000000,275,OPTSTK,BFO,5.000000,100000000,False
1101961,SENSEX26NOV82300CE,SENSEX,26NOV2026,8230000.000000,20,OPTIDX,BFO,5.000000,1000,False
1101985,BANKEX26NOV61600CE,BANKEX,26NOV2026,6160000.000000,30,OPTIDX,BFO,5.000000,900,False
1101991,TMPV26NOV335PE,TMPV,26NOV2026,33500.000000,1600,OPTSTK,BFO,5.000000,42750,False
1115999,GAIL26NOV165PE,GAIL,26NOV2026,16500.000000,3550,OPTSTK,BFO,5.000000,274500,False
1116022,LICI26NOVFUT,LICI,26NOV2026,0.000000,1400,FUTSTK,BFO,5.000000,100000000,False
1116024,FOCIT26NOV33100CE,FOCIT,26NOV2026,3310000.000000,45,OPTIDX,BFO,5.000000,1350,False
1116031,BAJFINANCE26NOV1100CE,BAJFINANCE,26NOV2026,110000.000000,750,OPTSTK,BFO,5.000000,3750,False
844955,OFSS26SEP10500PE,OFSS,24SEP2026,1050000.000000,100,OPTSTK,BFO,5.000000,8000,False
844958,INDUSINDBK26SEP990CE,INDUSINDBK,24SEP2026,99000.000000,700,OPTSTK,BFO,5.000000,20000,False
844964,SRF26SEP2600PE,SRF,24SEP2026,260000.000000,200,OPTSTK,BFO,5.000000,11250,False
844967,JSWSTEEL26SEP1280PE,JSWSTEEL,24SEP2026,128000.000000,675,OPTSTK,BFO,5.000000,40500,False
843974,SENSEX28JUN77000CE,SENSEX,29JUN2028,7700000.000000,20,OPTIDX,BFO,5.000000,1000,False
843977,BAJAJFINSV26SEP1660PE,BAJAJFINSV,24SEP2026,166000.000000,300,OPTSTK,BFO,5.000000,20000,False
843979,SENSEX30JUN82000PE,SENSEX,27JUN2030,8200000.000000,20,OPTIDX,BFO,5.000000,1000,False
843988,ASHOKLEY26SEP165CE,ASHOKLEY,24SEP2026,16500.000000,5000,OPTSTK,BFO,5.000000,150000,False
1102018,BANKEX26NOV70900PE,BANKEX,26NOV2026,7090000.000000,30,OPTIDX,BFO,5.000000,900,False
1102024,SAGILITY26NOV38CE,SAGILITY,26NOV2026,3800.000000,12000,OPTSTK,BFO,5.000000,100000000,False
1102031,SUNPHARMA26NOV1800CE,SUNPHARMA,26NOV2026,180000.000000,350,OPTSTK,BFO,5.000000,28000,False
1102051,MAHABANK26OCT92CE,MAHABANK,29OCT2026,9200.000000,6500,OPTSTK,BFO,5.000000,100000000,False
1116039,HINDUNILVR26NOV2080PE,HINDUNILVR,26NOV2026,208000.000000,300,OPTSTK,BFO,5.000000,9000,False
1116050,UNITDSPR26NOV1540CE,UNITDSPR,26NOV2026,154000.000000,400,OPTSTK,BFO,5.000000,28000,False
1116063,SENSEX26O1577300PE,SENSEX,15OCT2026,7730000.000000,20,OPTIDX,BFO,5.000000,1000,False
1116064,M&M26NOV3050PE,M&M,26NOV2026,305000.000000,200,OPTSTK,BFO,5.000000,21000,False
844996,CONCOR26SEP440CE,CONCOR,24SEP2026,44000.000000,1250,OPTSTK,BFO,5.000000,40000,False
844998,ETERNAL26SEP245PE,ETERNAL,24SEP2026,24500.000000,2425,OPTSTK,BFO,5.000000,100000000,False
845009,RELIANCE26SEP1370PE,RELIANCE,24SEP2026,137000.000000,500,OPTSTK,BFO,5.000000,10000,False
845038,DIXON26SEP11400CE,DIXON,24SEP2026,1140000.000000,50,OPTSTK,BFO,5.000000,6000,False
843994,GVT&D26SEP3600CE,GVT&D,24SEP2026,360000.000000,125,OPTSTK,BFO,5.000000,100000000,False
844000,M&M26SEP3240CE,M&M,24SEP2026,324000.000000,200,OPTSTK,BFO,5.000000,21000,False
844001,NAUKRI26SEP1000PE,NAUKRI,24SEP2026,100000.000000,550,OPTSTK,BFO,5.000000,6000,False
844015,M&M26SEP3080CE,M&M,24SEP2026,308000.000000,200,OPTSTK,BFO,5.000000,21000,False
845041,EICHERMOT26SEP7250PE,EICHERMOT,24SEP2026,725000.000000,100,OPTSTK,BFO,5.000000,7000,False
845048,BANKEX26SEP70400PE,BANKEX,24SEP2026,7040000.000000,30,OPTIDX,BFO,5.000000,900,False
845063,COLPAL26SEP1900CE,COLPAL,24SEP2026,190000.000000,275,OPTSTK,BFO,5.000000,14000,False
845067,EICHERMOT26SEP7400CE,EICHERMOT,24SEP2026,740000.000000,100,OPTSTK,BFO,5.000000,7000,False
1102070,IREDA26NOV122.5PE,IREDA,26NOV2026,12250.000000,4525,OPTSTK,BFO,5.000000,100000000,False
1102078,SBICARD26NOV610PE,SBICARD,26NOV2026,61000.000000,800,OPTSTK,BFO,5.000000,32000,False
1102088,OBEROIRLTY26NOV1840PE,OBEROIRLTY,26NOV2026,184000.000000,350,OPTSTK,BFO,5.000000,28000,False
1102103,IOC26NOV152.5CE,IOC,26NOV2026,15250.000000,4875,OPTSTK,BFO,5.000000,292500,False
1116066,ABB26NOV6800PE,ABB,26NOV2026,680000.000000,125,OPTSTK,BFO,5.000000,7500,False
1116070,PRESTIGE26NOV1660CE,PRESTIGE,26NOV2026,166000.000000,450,OPTSTK,BFO,5.000000,100000000,False
1116072,BDL26NOV1200CE,BDL,26NOV2026,120000.000000,425,OPTSTK,BFO,5.000000,100000000,False
1116079,SENSEX26NOV82600CE,SENSEX,26NOV2026,8260000.000000,20,OPTIDX,BFO,5.000000,1000,False
844022,ALKEM26SEP5300PE,ALKEM,24SEP2026,530000.000000,125,OPTSTK,BFO,5.000000,8000,False
844025,SENSEX5026SEP24900PE,SENSEX50,24SEP2026,2490000.000000,75,OPTIDX,BFO,5.000000,1800,False
844031,BANKEX26SEP64600PE,BANKEX,24SEP2026,6460000.000000,30,OPTIDX,BFO,5.000000,900,False
844038,SUZLON26SEP56PE,SUZLON,24SEP2026,5600.000000,12700,OPTSTK,BFO,5.000000,100000000,False
845079,CAMS26SEP800PE,CAMS,24SEP2026,80000.000000,825,OPTSTK,BFO,5.000000,100000000,False
845104,UNIONBANK26SEP155PE,UNIONBANK,24SEP2026,15500.000000,4425,OPTSTK,BFO,5.000000,100000000,False
845105,BHARTIARTL26SEP1740CE,BHARTIARTL,24SEP2026,174000.000000,475,OPTSTK,BFO,5.000000,28500,False
845111,TRENT26SEP3550CE,TRENT,24SEP2026,355000.000000,225,OPTSTK,BFO,5.000000,16000,False
844040,SUZLON26SEP52CE,SUZLON,24SEP2026,5200.000000,12700,OPTSTK,BFO,5.000000,100000000,False
844044,BAJFINANCE26SEP1050CE,BAJFINANCE,24SEP2026,105000.000000,750,OPTSTK,BFO,5.000000,3750,False
844053,ICICIBANK26SEP1320PE,ICICIBANK,24SEP2026,132000.000000,700,OPTSTK,BFO,5.000000,28000,False
844065,HAL26SEP4600PE,HAL,24SEP2026,460000.000000,150,OPTSTK,BFO,5.000000,9000,False
1102125,GAIL26NOV187.5CE,GAIL,26NOV2026,18750.000000,3550,OPTSTK,BFO,5.000000,274500,False
1102163,GODREJPROP26NOV2140CE,GODREJPROP,26NOV2026,214000.000000,325,OPTSTK,BFO,5.000000,19000,False
1102208,ONGC26NOV230CE,ONGC,26NOV2026,23000.000000,2250,OPTSTK,BFO,5.000000,154000,False
1102231,SENSEX26NOV70300PE,SENSEX,26NOV2026,7030000.000000,20,OPTIDX,BFO,5.000000,1000,False
1116089,DMART26NOV3950CE,DMART,26NOV2026,395000.000000,150,OPTSTK,BFO,5.000000,100000000,False
1116111,FORCEMOT26NOV21000CE,FORCEMOT,26NOV2026,2100000.000000,25,OPTSTK,BFO,5.000000,100000000,False
1116155,BAJAJ-AUTO26NOV11200PE,BAJAJ-AUTO,26NOV2026,1120000.000000,75,OPTSTK,BFO,5.000000,5000,False
1116185,DLF26NOV720CE,DLF,26NOV2026,72000.000000,950,OPTSTK,BFO,5.000000,49500,False
845120,UPL26SEPFUT,UPL,24SEP2026,0.000000,1355,FUTSTK,BFO,5.000000,39000,False
845127,TATAPOWER26SEP420CE,TATAPOWER,24SEP2026,42000.000000,1450,OPTSTK,BFO,5.000000,101250,False
845130,KEI26SEP5150PE,KEI,24SEP2026,515000.000000,175,OPTSTK,BFO,5.000000,100000000,False
845144,KAYNES26SEP3450PE,KAYNES,24SEP2026,345000.000000,150,OPTSTK,BFO,5.000000,100000000,False
844071,KPITTECH26SEP690CE,KPITTECH,24SEP2026,69000.000000,775,OPTSTK,BFO,5.000000,100000000,False
844079,CONCOR26SEP470PE,CONCOR,24SEP2026,47000.000000,1250,OPTSTK,BFO,5.000000,40000,False
844083,GRASIM26SEP2980CE,GRASIM,24SEP2026,298000.000000,250,OPTSTK,BFO,5.000000,14250,False
844097,ADANIENSOL26SEP1440CE,ADANIENSOL,24SEP2026,144000.000000,675,OPTSTK,BFO,5.000000,100000000,False
845165,APLAPOLLO26SEP1940CE,APLAPOLLO,24SEP2026,194000.000000,350,OPTSTK,BFO,5.000000,100000000,False
845175,TRENT26SEP2850PE,TRENT,24SEP2026,285000.000000,225,OPTSTK,BFO,5.000000,16000,False
845179,SENSEX5026SEP24300CE,SENSEX50,24SEP2026,2430000.000000,75,OPTIDX,BFO,5.000000,1800,False
845180,TATASTEEL26SEP182.5CE,TATASTEEL,24SEP2026,18250.000000,2750,OPTSTK,BFO,5.000000,220000,False
1102290,ASHOKLEY26NOV167.5CE,ASHOKLEY,26NOV2026,16750.000000,5000,OPTSTK,BFO,5.000000,150000,False
1102326,TIINDIA26NOV2900PE,TIINDIA,26NOV2026,290000.000000,200,OPTSTK,BFO,5.000000,100000000,False
1102330,ICICIPRULI26NOV480PE,ICICIPRULI,26NOV2026,48000.000000,925,OPTSTK,BFO,5.000000,60000,False
1102362,ICICIPRULI26NOV485CE,ICICIPRULI,26NOV2026,48500.000000,925,OPTSTK,BFO,5.000000,60000,False
1116254,APOLLOHOSP26NOV8500PE,APOLLOHOSP,26NOV2026,850000.000000,125,OPTSTK,BFO,5.000000,5000,False
1116190,SENSEX26O1574300CE,SENSEX,15OCT2026,7430000.000000,20,OPTIDX,BFO,5.000000,1000,False
1116210,GODFRYPHLP26NOV2350CE,GODFRYPHLP,26NOV2026,235000.000000,275,OPTSTK,BFO,5.000000,100000000,False
1116251,SENSEX26O1570600CE,SENSEX,15OCT2026,7060000.000000,20,OPTIDX,BFO,5.000000,1000,False
844103,HAVELLS26SEP1110CE,HAVELLS,24SEP2026,111000.000000,500,OPTSTK,BFO,5.000000,20000,False
844108,ALKEM26SEP5050PE,ALKEM,24SEP2026,505000.000000,125,OPTSTK,BFO,5.000000,8000,False
844113,MUTHOOTFIN26SEP3350PE,MUTHOOTFIN,24SEP2026,335000.000000,275,OPTSTK,BFO,5.000000,22000,False
844114,ITC26SEP305PE,ITC,24SEP2026,30500.000000,1725,OPTSTK,BFO,5.000000,64000,False
845186,YESBANK26SEP20PE,YESBANK,24SEP2026,2000.000000,31100,OPTSTK,BFO,5.000000,100000000,False
845195,CANBK26SEP124PE,CANBK,24SEP2026,12400.000000,6750,OPTSTK,BFO,5.000000,81000,False
845210,SWIGGY26SEP250PE,SWIGGY,24SEP2026,25000.000000,1825,OPTSTK,BFO,5.000000,100000000,False
845216,ASHOKLEY26SEP147.5CE,ASHOKLEY,24SEP2026,14750.000000,5000,OPTSTK,BFO,5.000000,150000,False
844134,VMM26SEP122CE,VMM,24SEP2026,12200.000000,4850,OPTSTK,BFO,5.000000,100000000,False
844150,PIDILITIND26SEP1600PE,PIDILITIND,24SEP2026,160000.000000,500,OPTSTK,BFO,5.000000,10000,False
844151,KPITTECH26SEP760CE,KPITTECH,24SEP2026,76000.000000,775,OPTSTK,BFO,5.000000,100000000,False
844171,INDIANB26SEP800CE,INDIANB,24SEP2026,80000.000000,1000,OPTSTK,BFO,5.000000,100000000,False
1102377,DIXON26NOV15750CE,DIXON,26NOV2026,1575000.000000,50,OPTSTK,BFO,5.000000,6000,False
1102383,SENSEX26NOV77900CE,SENSEX,26NOV2026,7790000.000000,20,OPTIDX,BFO,5.000000,1000,False
1102402,HINDUNILVR26NOV2080CE,HINDUNILVR,26NOV2026,208000.000000,300,OPTSTK,BFO,5.000000,9000,False
1102412,MAHABANK26OCT84PE,MAHABANK,29OCT2026,8400.000000,6500,OPTSTK,BFO,5.000000,100000000,False
845280,VOLTAS26SEP1380CE,VOLTAS,24SEP2026,138000.000000,375,OPTSTK,BFO,5.000000,30000,False
845282,RBLBANK26SEP405PE,RBLBANK,24SEP2026,40500.000000,3175,OPTSTK,BFO,5.000000,150000,False
845291,BANKINDIA26SEP135PE,BANKINDIA,24SEP2026,13500.000000,5200,OPTSTK,BFO,5.000000,100000000,False
845293,ICICIGI26SEP1700CE,ICICIGI,24SEP2026,170000.000000,325,OPTSTK,BFO,5.000000,20000,False
844179,SRF26SEP2840CE,SRF,24SEP2026,284000.000000,200,OPTSTK,BFO,5.000000,11250,False
844180,HINDPETRO26SEP365.75PE,HINDPETRO,24SEP2026,36575.000000,2025,OPTSTK,BFO,5.000000,108000,False
844187,NATIONALUM26SEP315CE,NATIONALUM,24SEP2026,31500.000000,1875,OPTSTK,BFO,5.000000,300000,False
844204,JSWENERGY26SEP605PE,JSWENERGY,24SEP2026,60500.000000,1075,OPTSTK,BFO,5.000000,100000000,False
845300,JSWENERGY26SEPFUT,JSWENERGY,24SEP2026,0.000000,1075,FUTSTK,BFO,5.000000,100000000,False
845314,DIXON26SEP12400CE,DIXON,24SEP2026,1240000.000000,50,OPTSTK,BFO,5.000000,6000,False
845323,NHPC26SEP83CE,NHPC,24SEP2026,8300.000000,6950,OPTSTK,BFO,5.000000,100000000,False
845325,ABCAPITAL26SEP415PE,ABCAPITAL,24SEP2026,41500.000000,3100,OPTSTK,BFO,5.000000,162000,False
1102438,LT26NOV3950CE,LT,26NOV2026,395000.000000,175,OPTSTK,BFO,5.000000,12000,False
1102461,NYKAA26NOV305PE,NYKAA,26NOV2026,30500.000000,3125,OPTSTK,BFO,5.000000,100000000,False
1102492,NTPC26NOV360PE,NTPC,26NOV2026,36000.000000,1500,OPTSTK,BFO,5.000000,150000,False
1102506,SENSEX26NOV83300CE,SENSEX,26NOV2026,8330000.000000,20,OPTIDX,BFO,5.000000,1000,False
844207,TATAELXSI26SEP4300PE,TATAELXSI,24SEP2026,430000.000000,125,OPTSTK,BFO,5.000000,100000000,False
844229,TITAN26SEP4350CE,TITAN,24SEP2026,435000.000000,175,OPTSTK,BFO,5.000000,11250,False
844233,COLPAL26SEP2100CE,COLPAL,24SEP2026,210000.000000,275,OPTSTK,BFO,5.000000,14000,False
844235,SRF26SEP2760PE,SRF,24SEP2026,276000.000000,200,OPTSTK,BFO,5.000000,11250,False
845343,KPITTECH26SEP800CE,KPITTECH,24SEP2026,80000.000000,775,OPTSTK,BFO,5.000000,100000000,False
845350,KFINTECH26SEP850CE,KFINTECH,24SEP2026,85000.000000,575,OPTSTK,BFO,5.000000,100000000,False
845360,SENSEX5026SEP26000PE,SENSEX50,24SEP2026,2600000.000000,75,OPTIDX,BFO,5.000000,1800,False
845366,MARICO26SEP855PE,MARICO,24SEP2026,85500.000000,1200,OPTSTK,BFO,5.000000,48000,False
1102521,MFSL26NOV1700CE,MFSL,26NOV2026,170000.000000,400,OPTSTK,BFO,5.000000,32000,False
1102530,NMDC26NOV89CE,NMDC,26NOV2026,8900.000000,6750,OPTSTK,BFO,5.000000,225000,False
1102555,IEX26NOV112.5CE,IEX,26NOV2026,11250.000000,4350,OPTSTK,BFO,5.000000,150000,False
1102585,DRREDDY26NOV1130PE,DRREDDY,26NOV2026,113000.000000,625,OPTSTK,BFO,5.000000,5000,False
844255,MCX26SEP2600PE,MCX,24SEP2026,260000.000000,225,OPTSTK,BFO,5.000000,16000,False
844275,PGEL26SEP600CE,PGEL,24SEP2026,60000.000000,950,OPTSTK,BFO,5.000000,100000000,False
844285,RADICO26SEP3200CE,RADICO,24SEP2026,320000.000000,150,OPTSTK,BFO,5.000000,100000000,False
844287,SENSEX28DEC77000PE,SENSEX,28DEC2028,7700000.000000,20,OPTIDX,BFO,5.000000,1000,False
845371,360ONE26SEP1140PE,,24SEP2026,114000.000000,500,OPTSTK,BFO,5.000000,100000000,False
845376,ABB26SEP7150CE,ABB,24SEP2026,715000.000000,125,OPTSTK,BFO,5.000000,7500,False
845379,CGPOWER26SEP900CE,CGPOWER,24SEP2026,90000.000000,850,OPTSTK,BFO,5.000000,100000000,False
845387,DIVISLAB26SEP6700CE,DIVISLAB,24SEP2026,670000.000000,100,OPTSTK,BFO,5.000000,8000,False
1102607,HDFCLIFE26NOV510PE,HDFCLIFE,26NOV2026,51000.000000,1100,OPTSTK,BFO,5.000000,44000,False
1102619,JIOFIN26NOV230PE,JIOFIN,26NOV2026,23000.000000,2350,OPTSTK,BFO,5.000000,100000000,False
1102662,GLENMARK26NOV2540PE,GLENMARK,26NOV2026,254000.000000,375,OPTSTK,BFO,5.000000,43500,False
1102669,BIOCON26NOV390PE,BIOCON,26NOV2026,39000.000000,2500,OPTSTK,BFO,5.000000,100000,False
844292,BPCL26SEP280CE,BPCL,24SEP2026,28000.000000,1975,OPTSTK,BFO,5.000000,72000,False
844303,GODREJCP26SEP1030PE,GODREJCP,24SEP2026,103000.000000,500,OPTSTK,BFO,5.000000,30000,False
844310,TIINDIA26SEP2980CE,TIINDIA,24SEP2026,298000.000000,200,OPTSTK,BFO,5.000000,100000000,False
844315,DMART26SEP4400PE,DMART,24SEP2026,440000.000000,150,OPTSTK,BFO,5.000000,100000000,False
845391,PRESTIGE26SEP1640PE,PRESTIGE,24SEP2026,164000.000000,450,OPTSTK,BFO,5.000000,100000000,False
845400,HINDPETRO26SEP370.75CE,HINDPETRO,24SEP2026,37075.000000,2025,OPTSTK,BFO,5.000000,108000,False
845424,CROMPTON26SEPFUT,CROMPTON,24SEP2026,0.000000,2150,FUTSTK,BFO,5.000000,90000,False
845449,DABUR26SEP425CE,DABUR,24SEP2026,42500.000000,1250,OPTSTK,BFO,5.000000,50000,False
844327,SBICARD26SEP680PE,SBICARD,24SEP2026,68000.000000,800,OPTSTK,BFO,5.000000,32000,False
844345,TATAELXSI26SEP4200CE,TATAELXSI,24SEP2026,420000.000000,125,OPTSTK,BFO,5.000000,100000000,False
844349,APOLLOHOSP26SEPFUT,APOLLOHOSP,24SEP2026,0.000000,125,FUTSTK,BFO,5.000000,5000,False
844379,MANKIND26SEP2460PE,MANKIND,24SEP2026,246000.000000,250,OPTSTK,BFO,5.000000,100000000,False
1102672,DMART26NOV3950PE,DMART,26NOV2026,395000.000000,150,OPTSTK,BFO,5.000000,100000000,False
1102751,FEDERALBNK26NOV300PE,FEDERALBNK,26NOV2026,30000.000000,2500,OPTSTK,BFO,5.000000,200000,False
1102812,SENSEX26NOV73600PE,SENSEX,26NOV2026,7360000.000000,20,OPTIDX,BFO,5.000000,1000,False
1102821,DIXON26NOV16000PE,DIXON,26NOV2026,1600000.000000,50,OPTSTK,BFO,5.000000,6000,False
845459,INDHOTEL26SEP690CE,INDHOTEL,24SEP2026,69000.000000,1000,OPTSTK,BFO,5.000000,60000,False
845468,NYKAA26SEP287.5CE,NYKAA,24SEP2026,28750.000000,3125,OPTSTK,BFO,5.000000,100000000,False
845475,360ONE26SEP1200CE,,24SEP2026,120000.000000,500,OPTSTK,BFO,5.000000,100000000,False
845483,SBILIFE26SEPFUT,SBILIFE,24SEP2026,0.000000,375,FUTSTK,BFO,5.000000,22500,False
844381,BANKEX26SEP70800CE,BANKEX,24SEP2026,7080000.000000,30,OPTIDX,BFO,5.000000,900,False
844382,UNIONBANK26SEP172.5CE,UNIONBANK,24SEP2026,17250.000000,4425,OPTSTK,BFO,5.000000,100000000,False
844385,RECLTD26SEP400PE,RECLTD,24SEP2026,40000.000000,1575,OPTSTK,BFO,5.000000,160000,False
844386,LT26SEP4220CE,LT,24SEP2026,422000.000000,175,OPTSTK,BFO,5.000000,12000,False
845492,KEI26SEP5600PE,KEI,24SEP2026,560000.000000,175,OPTSTK,BFO,5.000000,100000000,False
845494,SONACOMS26SEP610PE,SONACOMS,24SEP2026,61000.000000,1225,OPTSTK,BFO,5.000000,100000000,False
845497,RBLBANK26SEP375CE,RBLBANK,24SEP2026,37500.000000,3175,OPTSTK,BFO,5.000000,150000,False
845498,MPHASIS26SEP2278CE,MPHASIS,24SEP2026,227800.000000,275,OPTSTK,BFO,5.000000,11000,False
1102855,SENSEX5026NOV25800CE,SENSEX50,26NOV2026,2580000.000000,75,OPTIDX,BFO,5.000000,1800,False
1102823,ICICIGI26NOV1540CE,ICICIGI,26NOV2026,154000.000000,325,OPTSTK,BFO,5.000000,20000,False
1102838,360ONE26NOV1220CE,,26NOV2026,122000.000000,500,OPTSTK,BFO,5.000000,100000000,False
1102852,GODREJCP26NOV950CE,GODREJCP,26NOV2026,95000.000000,500,OPTSTK,BFO,5.000000,30000,False
844389,AMBER26SEP7100PE,AMBER,24SEP2026,710000.000000,100,OPTSTK,BFO,5.000000,100000000,False
844391,MANAPPURAM26SEP300PE,MANAPPURAM,24SEP2026,30000.000000,3000,OPTSTK,BFO,5.000000,180000,False
844402,VEDL26SEP270CE,VEDL,24SEP2026,27000.000000,1150,OPTSTK,BFO,5.000000,80000,False
844423,FOCIT26SEP29000CE,FOCIT,24SEP2026,2900000.000000,45,OPTIDX,BFO,5.000000,1350,False
845504,BANKEX26SEP63600CE,BANKEX,24SEP2026,6360000.000000,30,OPTIDX,BFO,5.000000,900,False
845509,LODHA26SEP950PE,LODHA,24SEP2026,95000.000000,625,OPTSTK,BFO,5.000000,100000000,False
845540,WIPRO26SEP165PE,WIPRO,24SEP2026,16500.000000,3000,OPTSTK,BFO,5.000000,60000,False
845545,ASHOKLEY26SEP150CE,ASHOKLEY,24SEP2026,15000.000000,5000,OPTSTK,BFO,5.000000,150000,False
844432,PREMIERENE26SEP1080CE,PREMIERENE,24SEP2026,108000.000000,650,OPTSTK,BFO,5.000000,100000000,False
844439,NAM-INDIA26SEP1280PE,NAM-INDIA,24SEP2026,128000.000000,625,OPTSTK,BFO,5.000000,100000000,False
844461,BANKEX26SEP68500PE,BANKEX,24SEP2026,6850000.000000,30,OPTIDX,BFO,5.000000,900,False
844463,TATACONSUM26SEP1140CE,TATACONSUM,24SEP2026,114000.000000,550,OPTSTK,BFO,5.000000,36000,False
1102865,PNBHOUSING26NOV1260PE,PNBHOUSING,26NOV2026,126000.000000,650,OPTSTK,BFO,5.000000,100000000,False
1102889,BANKEX26NOV70200PE,BANKEX,26NOV2026,7020000.000000,30,OPTIDX,BFO,5.000000,900,False
1102911,SUZLON26NOV52CE,SUZLON,26NOV2026,5200.000000,12700,OPTSTK,BFO,5.000000,100000000,False
1102923,360ONE26NOV1300PE,,26NOV2026,130000.000000,500,OPTSTK,BFO,5.000000,100000000,False
845546,ASIANPAINT26SEP2760CE,ASIANPAINT,24SEP2026,276000.000000,250,OPTSTK,BFO,5.000000,8000,False
845554,ASTRAL26SEP1620CE,ASTRAL,24SEP2026,162000.000000,425,OPTSTK,BFO,5.000000,14680,False
845563,MAXHEALTH26SEP1190CE,MAXHEALTH,24SEP2026,119000.000000,525,OPTSTK,BFO,5.000000,100000000,False
845565,BHARTIARTL26SEP1940CE,BHARTIARTL,24SEP2026,194000.000000,475,OPTSTK,BFO,5.000000,28500,False
844464,INDUSINDBK26SEP950CE,INDUSINDBK,24SEP2026,95000.000000,700,OPTSTK,BFO,5.000000,20000,False
844473,MAXHEALTH26SEP1050PE,MAXHEALTH,24SEP2026,105000.000000,525,OPTSTK,BFO,5.000000,100000000,False
844487,GRASIM26SEP3220CE,GRASIM,24SEP2026,322000.000000,250,OPTSTK,BFO,5.000000,14250,False
844494,BPCL26SEP280PE,BPCL,24SEP2026,28000.000000,1975,OPTSTK,BFO,5.000000,72000,False
845588,VEDL26SEP310CE,VEDL,24SEP2026,31000.000000,1150,OPTSTK,BFO,5.000000,80000,False
845605,AUBANK26SEP1050PE,AUBANK,24SEP2026,105000.000000,1000,OPTSTK,BFO,5.000000,30000,False
845610,NMDC26SEP79CE,NMDC,24SEP2026,7900.000000,6750,OPTSTK,BFO,5.000000,225000,False
845616,TECHM26SEP1544CE,TECHM,24SEP2026,154400.000000,600,OPTSTK,BFO,5.000000,24000,False
1102935,COALINDIA26NOV395PE,COALINDIA,26NOV2026,39500.000000,1350,OPTSTK,BFO,5.000000,126000,False
1102979,CGPOWER26NOV900CE,CGPOWER,26NOV2026,90000.000000,850,OPTSTK,BFO,5.000000,100000000,False
1102994,HDFCLIFE26NOV515PE,HDFCLIFE,26NOV2026,51500.000000,1100,OPTSTK,BFO,5.000000,44000,False
1102995,SENSEX26O1569900PE,SENSEX,15OCT2026,6990000.000000,20,OPTIDX,BFO,5.000000,1000,False
1116286,SENSEX26NOV70600PE,SENSEX,26NOV2026,7060000.000000,20,OPTIDX,BFO,5.000000,1000,False
1116298,SAGILITY26SEP50CE,SAGILITY,24SEP2026,5000.000000,12000,OPTSTK,BFO,5.000000,100000000,False
1116321,PAYTM26NOV1660CE,PAYTM,26NOV2026,166000.000000,725,OPTSTK,BFO,5.000000,100000000,False
1116330,FOCIT26NOV33400PE,FOCIT,26NOV2026,3340000.000000,45,OPTIDX,BFO,5.000000,1350,False
844496,ZYDUSLIFE26SEP1160PE,ZYDUSLIFE,24SEP2026,116000.000000,900,OPTSTK,BFO,5.000000,54000,False
844497,M&M26SEP3280CE,M&M,24SEP2026,328000.000000,200,OPTSTK,BFO,5.000000,21000,False
844512,ALKEM26SEP5500PE,ALKEM,24SEP2026,550000.000000,125,OPTSTK,BFO,5.000000,8000,False
844513,BPCL26SEP285CE,BPCL,24SEP2026,28500.000000,1975,OPTSTK,BFO,5.000000,72000,False
845622,AMBUJACEM26SEP430CE,AMBUJACEM,24SEP2026,43000.000000,1200,OPTSTK,BFO,5.000000,54000,False
845631,LUPIN26SEP2360CE,LUPIN,24SEP2026,236000.000000,425,OPTSTK,BFO,5.000000,34000,False
845641,GAIL26SEP170PE,GAIL,24SEP2026,17000.000000,3550,OPTSTK,BFO,5.000000,274500,False
845643,UNOMINDA26SEP1120CE,UNOMINDA,24SEP2026,112000.000000,550,OPTSTK,BFO,5.000000,100000000,False
1103020,GODREJCP26NOV860CE,GODREJCP,26NOV2026,86000.000000,500,OPTSTK,BFO,5.000000,30000,False
1103026,BANKBARODA26NOV215PE,BANKBARODA,26NOV2026,21500.000000,2925,OPTSTK,BFO,5.000000,175500,False
1103030,RECLTD26NOV300PE,RECLTD,26NOV2026,30000.000000,1575,OPTSTK,BFO,5.000000,160000,False
1103049,POWERINDIA26NOV35000CE,POWERINDIA,26NOV2026,3500000.000000,25,OPTSTK,BFO,5.000000,100000000,False
1116333,EICHERMOT26NOVFUT,EICHERMOT,26NOV2026,0.000000,100,FUTSTK,BFO,5.000000,7000,False
1116347,SRF26NOV2650PE,SRF,26NOV2026,265000.000000,200,OPTSTK,BFO,5.000000,11250,False
1116372,PAYTM26NOVFUT,PAYTM,26NOV2026,0.000000,725,FUTSTK,BFO,5.000000,100000000,False
1116407,FOCIT26NOV36400CE,FOCIT,26NOV2026,3640000.000000,45,OPTIDX,BFO,5.000000,1350,False
845645,SENSEX5026SEP24500CE,SENSEX50,24SEP2026,2450000.000000,75,OPTIDX,BFO,5.000000,1800,False
845652,NESTLEIND26SEP1420PE,NESTLEIND,24SEP2026,142000.000000,500,OPTSTK,BFO,5.000000,1200,False
845658,CIPLA26SEPFUT,CIPLA,24SEP2026,0.000000,425,FUTSTK,BFO,5.000000,26000,False
845664,BPCL26SEP325CE,BPCL,24SEP2026,32500.000000,1975,OPTSTK,BFO,5.000000,72000,False
844542,TATACONSUM26SEP1060PE,TATACONSUM,24SEP2026,106000.000000,550,OPTSTK,BFO,5.000000,36000,False
844527,TATAPOWER26SEP365PE,TATAPOWER,24SEP2026,36500.000000,1450,OPTSTK,BFO,5.000000,101250,False
844538,BDL26SEP1360PE,BDL,24SEP2026,136000.000000,425,OPTSTK,BFO,5.000000,100000000,False
844539,RELIANCE26SEP1330PE,RELIANCE,24SEP2026,133000.000000,500,OPTSTK,BFO,5.000000,10000,False
1103074,SENSEX26O1576500CE,SENSEX,15OCT2026,7650000.000000,20,OPTIDX,BFO,5.000000,1000,False
1103079,SENSEX26O1578800CE,SENSEX,15OCT2026,7880000.000000,20,OPTIDX,BFO,5.000000,1000,False
1103087,ASTRAL26NOV1560PE,ASTRAL,26NOV2026,156000.000000,425,OPTSTK,BFO,5.000000,14680,False
1103096,HINDUNILVR26NOV1920PE,HINDUNILVR,26NOV2026,192000.000000,300,OPTSTK,BFO,5.000000,9000,False
1116418,ULTRACEMCO26NOV11800PE,ULTRACEMCO,26NOV2026,1180000.000000,50,OPTSTK,BFO,5.000000,3000,False
1116420,TCS26NOV2340CE,TCS,26NOV2026,234000.000000,225,OPTSTK,BFO,5.000000,7000,False
1116584,JSWSTEEL26NOV1300CE,JSWSTEEL,26NOV2026,130000.000000,675,OPTSTK,BFO,5.000000,40500,False
1116852,ABB26NOV7800PE,ABB,26NOV2026,780000.000000,125,OPTSTK,BFO,5.000000,7500,False
845665,INDIGO26SEP5700PE,INDIGO,24SEP2026,570000.000000,150,OPTSTK,BFO,5.000000,12000,False
845666,PREMIERENE26SEP1040PE,PREMIERENE,24SEP2026,104000.000000,650,OPTSTK,BFO,5.000000,100000000,False
845670,OFSS26SEP10600CE,OFSS,24SEP2026,1060000.000000,100,OPTSTK,BFO,5.000000,8000,False
845698,PATANJALI26SEP405PE,PATANJALI,24SEP2026,40500.000000,1075,OPTSTK,BFO,5.000000,100000000,False
844543,LICHSGFIN26SEP525PE,LICHSGFIN,24SEP2026,52500.000000,1000,OPTSTK,BFO,5.000000,60000,False
844547,NAUKRI26SEP1030CE,NAUKRI,24SEP2026,103000.000000,550,OPTSTK,BFO,5.000000,6000,False
844548,CHOLAFIN26SEP1760PE,CHOLAFIN,24SEP2026,176000.000000,625,OPTSTK,BFO,5.000000,25000,False
844551,PNBHOUSING26SEP1000PE,PNBHOUSING,24SEP2026,100000.000000,650,OPTSTK,BFO,5.000000,100000000,False
845699,PREMIERENE26SEP1030CE,PREMIERENE,24SEP2026,103000.000000,650,OPTSTK,BFO,5.000000,100000000,False
845706,SHREECEM26SEP24500PE,SHREECEM,24SEP2026,2450000.000000,25,OPTSTK,BFO,5.000000,1000,False
845713,M&M26SEP3240PE,M&M,24SEP2026,324000.000000,200,OPTSTK,BFO,5.000000,21000,False
845725,DABUR26SEP460CE,DABUR,24SEP2026,46000.000000,1250,OPTSTK,BFO,5.000000,50000,False
1103097,HINDZINC26NOV650CE,HINDZINC,26NOV2026,65000.000000,1225,OPTSTK,BFO,5.000000,100000000,False
1103109,IDEA26NOV11CE,IDEA,26NOV2026,1100.000000,71475,OPTSTK,BFO,5.000000,2400000,False
1103141,GODREJPROP26NOV2180CE,GODREJPROP,26NOV2026,218000.000000,325,OPTSTK,BFO,5.000000,19000,False
1103152,SHREECEM26NOV23250PE,SHREECEM,26NOV2026,2325000.000000,25,OPTSTK,BFO,5.000000,1000,False
1116872,ASTRAL26NOV1640PE,ASTRAL,26NOV2026,164000.000000,425,OPTSTK,BFO,5.000000,14680,False
1116931,KFINTECH26NOV860PE,KFINTECH,26NOV2026,86000.000000,575,OPTSTK,BFO,5.000000,100000000,False
1116947,KPITTECH26NOV650PE,KPITTECH,26NOV2026,65000.000000,775,OPTSTK,BFO,5.000000,100000000,False
1116973,ATHERENERG26OCT1520CE,ATHERENERG,29OCT2026,152000.000000,375,OPTSTK,BFO,5.000000,100000000,False
845742,PREMIERENE26SEP1110PE,PREMIERENE,24SEP2026,111000.000000,650,OPTSTK,BFO,5.000000,100000000,False
845743,PHOENIXLTD26SEP1820CE,PHOENIXLTD,24SEP2026,182000.000000,350,OPTSTK,BFO,5.000000,100000000,False
845748,BAJAJFINSV26SEP1800CE,BAJAJFINSV,24SEP2026,180000.000000,300,OPTSTK,BFO,5.000000,20000,False
845751,ICICIGI26SEP1900CE,ICICIGI,24SEP2026,190000.000000,325,OPTSTK,BFO,5.000000,20000,False
1103159,SENSEX5026NOV25200PE,SENSEX50,26NOV2026,2520000.000000,75,OPTIDX,BFO,5.000000,1800,False
1103165,ZYDUSLIFE26NOV1220PE,ZYDUSLIFE,26NOV2026,122000.000000,900,OPTSTK,BFO,5.000000,54000,False
1103181,PNBHOUSING26NOV1080PE,PNBHOUSING,26NOV2026,108000.000000,650,OPTSTK,BFO,5.000000,100000000,False
1103214,MANKIND26NOV2420CE,MANKIND,26NOV2026,242000.000000,250,OPTSTK,BFO,5.000000,100000000,False
844553,AMBER26SEP7000CE,AMBER,24SEP2026,700000.000000,100,OPTSTK,BFO,5.000000,100000000,False
844555,KEI26SEP5200PE,KEI,24SEP2026,520000.000000,175,OPTSTK,BFO,5.000000,100000000,False
844562,AUROPHARMA26SEP1440PE,AUROPHARMA,24SEP2026,144000.000000,550,OPTSTK,BFO,5.000000,44000,False
844564,BHEL26SEP417.5PE,BHEL,24SEP2026,41750.000000,2625,OPTSTK,BFO,5.000000,315000,False
1116976,AMBUJACEM26NOVFUT,AMBUJACEM,26NOV2026,0.000000,1200,FUTSTK,BFO,5.000000,54000,False
1116979,SHRIRAMFIN26NOV1000PE,SHRIRAMFIN,26NOV2026,100000.000000,825,OPTSTK,BFO,5.000000,18000,False
1116983,JSWSTEEL26NOV1220PE,JSWSTEEL,26NOV2026,122000.000000,675,OPTSTK,BFO,5.000000,40500,False
1117018,INDIGO26NOV5800PE,INDIGO,26NOV2026,580000.000000,150,OPTSTK,BFO,5.000000,12000,False
845754,BEL26SEP405PE,BEL,24SEP2026,40500.000000,1425,OPTSTK,BFO,5.000000,228000,False
845759,BAJFINANCE26SEP1050PE,BAJFINANCE,24SEP2026,105000.000000,750,OPTSTK,BFO,5.000000,3750,False
845775,TITAN26SEPFUT,TITAN,24SEP2026,0.000000,175,FUTSTK,BFO,5.000000,11250,False
845805,LAURUSLABS26SEP1500PE,LAURUSLABS,24SEP2026,150000.000000,850,OPTSTK,BFO,5.000000,68000,False
844566,KAYNES26SEP3500PE,KAYNES,24SEP2026,350000.000000,150,OPTSTK,BFO,5.000000,100000000,False
844568,DRREDDY26SEP1360PE,DRREDDY,24SEP2026,136000.000000,625,OPTSTK,BFO,5.000000,5000,False
844570,RELIANCE26SEP1320CE,RELIANCE,24SEP2026,132000.000000,500,OPTSTK,BFO,5.000000,10000,False
844603,ADANIENT26SEP2960PE,ADANIENT,24SEP2026,296000.000000,309,OPTSTK,BFO,5.000000,9000,False
1103241,BANKEX26NOV63500PE,BANKEX,26NOV2026,6350000.000000,30,OPTIDX,BFO,5.000000,900,False
1103246,KPITTECH26NOV640PE,KPITTECH,26NOV2026,64000.000000,775,OPTSTK,BFO,5.000000,100000000,False
1103263,AUROPHARMA26NOV1500PE,AUROPHARMA,26NOV2026,150000.000000,550,OPTSTK,BFO,5.000000,44000,False
1103299,ASHOKLEY26NOV170PE,ASHOKLEY,26NOV2026,17000.000000,5000,OPTSTK,BFO,5.000000,150000,False
845825,M&M26SEP3300CE,M&M,24SEP2026,330000.000000,200,OPTSTK,BFO,5.000000,21000,False
845838,BAJAJHLDNG26SEP9900CE,BAJAJHLDNG,24SEP2026,990000.000000,75,OPTSTK,BFO,5.000000,100000000,False
845845,IOC26SEP145CE,IOC,24SEP2026,14500.000000,4875,OPTSTK,BFO,5.000000,292500,False
845846,CROMPTON26SEP285PE,CROMPTON,24SEP2026,28500.000000,2150,OPTSTK,BFO,5.000000,90000,False
1117021,PFC26NOV320CE,PFC,26NOV2026,32000.000000,1300,OPTSTK,BFO,5.000000,124000,False
1117028,HYUNDAI26NOV2280CE,HYUNDAI,26NOV2026,228000.000000,275,OPTSTK,BFO,5.000000,100000000,False
1117048,MANKIND26NOV2500CE,MANKIND,26NOV2026,250000.000000,250,OPTSTK,BFO,5.000000,100000000,False
1117050,INFY26NOV1140CE,INFY,26NOV2026,114000.000000,400,OPTSTK,BFO,5.000000,16000,False
844609,ICICIGI26SEP1860CE,ICICIGI,24SEP2026,186000.000000,325,OPTSTK,BFO,5.000000,20000,False
844620,BAJAJHLDNG26SEP11100CE,BAJAJHLDNG,24SEP2026,1110000.000000,75,OPTSTK,BFO,5.000000,100000000,False
844623,LICI26SEP410PE,LICI,24SEP2026,41000.000000,1400,OPTSTK,BFO,5.000000,100000000,False
844631,ALKEM26SEP5250PE,ALKEM,24SEP2026,525000.000000,125,OPTSTK,BFO,5.000000,8000,False
845855,BANKEX26SEP59800CE,BANKEX,24SEP2026,5980000.000000,30,OPTIDX,BFO,5.000000,900,False
845859,PAGEIND26SEP41000PE,PAGEIND,24SEP2026,4100000.000000,20,OPTSTK,BFO,5.000000,600,False
845866,GVT&D26SEP4200PE,GVT&D,24SEP2026,420000.000000,125,OPTSTK,BFO,5.000000,100000000,False
845892,GMRAIRPORT26SEP104CE,GMRAIRPORT,24SEP2026,10400.000000,6975,OPTSTK,BFO,5.000000,675000,False
1103307,IDFCFIRSTB26NOV80CE,IDFCFIRSTB,26NOV2026,8000.000000,9275,OPTSTK,BFO,5.000000,450000,False
1103308,CGPOWER26NOV900PE,CGPOWER,26NOV2026,90000.000000,850,OPTSTK,BFO,5.000000,100000000,False
1103321,MCX26NOV3000CE,MCX,26NOV2026,300000.000000,225,OPTSTK,BFO,5.000000,16000,False
1113953,JSWENERGY26NOV470PE,JSWENERGY,26NOV2026,47000.000000,1075,OPTSTK,BFO,5.000000,100000000,False
1117071,OIL26NOV440CE,OIL,26NOV2026,44000.000000,1400,OPTSTK,BFO,5.000000,100000000,False
1117076,UNOMINDA26NOV1140PE,UNOMINDA,26NOV2026,114000.000000,550,OPTSTK,BFO,5.000000,100000000,False
1117077,M&M26NOV3500PE,M&M,26NOV2026,350000.000000,200,OPTSTK,BFO,5.000000,21000,False
1117115,FOCIT26NOV37000CE,FOCIT,26NOV2026,3700000.000000,45,OPTIDX,BFO,5.000000,1350,False
844643,CUMMINSIND26SEP5650PE,CUMMINSIND,24SEP2026,565000.000000,200,OPTSTK,BFO,5.000000,18000,False
844646,HDFCBANK26SEP790CE,HDFCBANK,24SEP2026,79000.000000,650,OPTSTK,BFO,5.000000,16500,False
844666,IDFCFIRSTB26SEP77PE,IDFCFIRSTB,24SEP2026,7700.000000,9275,OPTSTK,BFO,5.000000,450000,False
844671,ADANIPOWER26SEP220PE,ADANIPOWER,24SEP2026,22000.000000,3550,OPTSTK,BFO,5.000000,100000000,False
845896,TATASTEEL26SEP195CE,TATASTEEL,24SEP2026,19500.000000,2750,OPTSTK,BFO,5.000000,220000,False
845897,UNITDSPR26SEP1390CE,UNITDSPR,24SEP2026,139000.000000,400,OPTSTK,BFO,5.000000,28000,False
845915,BANKEX26SEP67500CE,BANKEX,24SEP2026,6750000.000000,30,OPTIDX,BFO,5.000000,900,False
845922,NBCC26SEP102PE,NBCC,24SEP2026,10200.000000,6500,OPTSTK,BFO,5.000000,100000000,False
844692,TVSMOTOR26SEP3540PE,TVSMOTOR,24SEP2026,354000.000000,175,OPTSTK,BFO,5.000000,21000,False
844708,JIOFIN26SEP227.5CE,JIOFIN,24SEP2026,22750.000000,2350,OPTSTK,BFO,5.000000,100000000,False
844718,VEDL26SEP340PE,VEDL,24SEP2026,34000.000000,1150,OPTSTK,BFO,5.000000,80000,False
844722,BPCL26SEP285PE,BPCL,24SEP2026,28500.000000,1975,OPTSTK,BFO,5.000000,72000,False
1113978,MANAPPURAM26NOV350CE,MANAPPURAM,26NOV2026,35000.000000,3000,OPTSTK,BFO,5.000000,180000,False
1114003,PHOENIXLTD26NOV1780PE,PHOENIXLTD,26NOV2026,178000.000000,350,OPTSTK,BFO,5.000000,100000000,False
1114004,MUTHOOTFIN26NOV2850PE,MUTHOOTFIN,26NOV2026,285000.000000,275,OPTSTK,BFO,5.000000,22000,False
1114008,CHOLAFIN26NOV1900CE,CHOLAFIN,26NOV2026,190000.000000,625,OPTSTK,BFO,5.000000,25000,False
1117123,PIIND26NOV2800CE,PIIND,26NOV2026,280000.000000,175,OPTSTK,BFO,5.000000,7500,False
1117138,NAM-INDIA26NOV1320CE,NAM-INDIA,26NOV2026,132000.000000,625,OPTSTK,BFO,5.000000,100000000,False
1117139,MUTHOOTFIN26NOV3450CE,MUTHOOTFIN,26NOV2026,345000.000000,275,OPTSTK,BFO,5.000000,22000,False
1117150,BAJAJFINSV26NOV1900CE,BAJAJFINSV,26NOV2026,190000.000000,300,OPTSTK,BFO,5.000000,20000,False
845926,UNIONBANK26SEP157.5CE,UNIONBANK,24SEP2026,15750.000000,4425,OPTSTK,BFO,5.000000,100000000,False
845935,VBL26SEP500CE,VBL,24SEP2026,50000.000000,1275,OPTSTK,BFO,5.000000,100000000,False
845948,OIL26SEP410PE,OIL,24SEP2026,41000.000000,1400,OPTSTK,BFO,5.000000,100000000,False
845951,POWERGRID26SEP285CE,POWERGRID,24SEP2026,28500.000000,1900,OPTSTK,BFO,5.000000,108000,False
844740,CAMS26SEP820CE,CAMS,24SEP2026,82000.000000,825,OPTSTK,BFO,5.000000,100000000,False
844750,AMBUJACEM26SEP460PE,AMBUJACEM,24SEP2026,46000.000000,1200,OPTSTK,BFO,5.000000,54000,False
844759,PETRONET26SEP267.5CE,PETRONET,24SEP2026,26750.000000,1900,OPTSTK,BFO,5.000000,120000,False
844763,NHPC26SEP81PE,NHPC,24SEP2026,8100.000000,6950,OPTSTK,BFO,5.000000,100000000,False
1114009,TCS26NOV2340PE,TCS,26NOV2026,234000.000000,225,OPTSTK,BFO,5.000000,7000,False
1114024,YESBANK26NOV20CE,YESBANK,26NOV2026,2000.000000,31100,OPTSTK,BFO,5.000000,100000000,False
1114028,TCS26NOV2180PE,TCS,26NOV2026,218000.000000,225,OPTSTK,BFO,5.000000,7000,False
1114031,MOTILALOFS26NOV1100PE,MOTILALOFS,26NOV2026,110000.000000,775,OPTSTK,BFO,5.000000,100000000,False
845961,TORNTPHARM26SEP4450CE,TORNTPHARM,24SEP2026,445000.000000,125,OPTSTK,BFO,5.000000,15000,False
845967,BANKEX26SEP70800PE,BANKEX,24SEP2026,7080000.000000,30,OPTIDX,BFO,5.000000,900,False
845973,JSWENERGY26SEP560CE,JSWENERGY,24SEP2026,56000.000000,1075,OPTSTK,BFO,5.000000,100000000,False
845985,HCLTECH26SEP1130PE,HCLTECH,24SEP2026,113000.000000,400,OPTSTK,BFO,5.000000,21000,False
1117151,HINDPETRO26NOVFUT,HINDPETRO,26NOV2026,0.000000,2025,FUTSTK,BFO,5.000000,108000,False
1117164,MOTHERSON26NOV180CE,MOTHERSON,26NOV2026,18000.000000,6150,OPTSTK,BFO,5.000000,284000,False
1117210,MOTHERSON26NOV157.5PE,MOTHERSON,26NOV2026,15750.000000,6150,OPTSTK,BFO,5.000000,284000,False
1117219,EICHERMOT26NOV8700CE,EICHERMOT,26NOV2026,870000.000000,100,OPTSTK,BFO,5.000000,7000,False
844766,EICHERMOT26SEP7850CE,EICHERMOT,24SEP2026,785000.000000,100,OPTSTK,BFO,5.000000,7000,False
844767,BLUESTARCO26SEP1540CE,BLUESTARCO,24SEP2026,154000.000000,325,OPTSTK,BFO,5.000000,100000000,False
844772,INDUSINDBK26SEP860PE,INDUSINDBK,24SEP2026,86000.000000,700,OPTSTK,BFO,5.000000,20000,False
844773,MCX26SEP2800PE,MCX,24SEP2026,280000.000000,225,OPTSTK,BFO,5.000000,16000,False
845996,SENSEX5026SEP25250CE,SENSEX50,24SEP2026,2525000.000000,75,OPTIDX,BFO,5.000000,1800,False
845999,ONGC26SEP230PE,ONGC,24SEP2026,23000.000000,2250,OPTSTK,BFO,5.000000,154000,False
846033,MARICO26SEP820CE,MARICO,24SEP2026,82000.000000,1200,OPTSTK,BFO,5.000000,48000,False
846036,GODREJCP26SEP1020PE,GODREJCP,24SEP2026,102000.000000,500,OPTSTK,BFO,5.000000,30000,False
1114055,LTF26NOV300PE,LTF,26NOV2026,30000.000000,2250,OPTSTK,BFO,5.000000,267720,False
1114083,GVT&D26NOV4400PE,GVT&D,26NOV2026,440000.000000,125,OPTSTK,BFO,5.000000,100000000,False
1114086,APOLLOHOSP26NOV9500CE,APOLLOHOSP,26NOV2026,950000.000000,125,OPTSTK,BFO,5.000000,5000,False
1114089,ADANIGREEN26NOV1200PE,ADANIGREEN,26NOV2026,120000.000000,600,OPTSTK,BFO,5.000000,100000000,False
844781,BANKINDIA26SEP127.5PE,BANKINDIA,24SEP2026,12750.000000,5200,OPTSTK,BFO,5.000000,100000000,False
844804,DIVISLAB26SEP6600PE,DIVISLAB,24SEP2026,660000.000000,100,OPTSTK,BFO,5.000000,8000,False
844819,GODREJCP26SEP1070PE,GODREJCP,24SEP2026,107000.000000,500,OPTSTK,BFO,5.000000,30000,False
844859,GAIL26SEP167CE,GAIL,24SEP2026,16700.000000,3550,OPTSTK,BFO,5.000000,274500,False
1117223,BANKEX26NOV70500PE,BANKEX,26NOV2026,7050000.000000,30,OPTIDX,BFO,5.000000,900,False
1117224,FOCIT26NOV36700PE,FOCIT,26NOV2026,3670000.000000,45,OPTIDX,BFO,5.000000,1350,False
1117264,POLICYBZR26NOV1960CE,POLICYBZR,26NOV2026,196000.000000,350,OPTSTK,BFO,5.000000,100000000,False
1117291,INDUSINDBK26NOV1030PE,INDUSINDBK,26NOV2026,103000.000000,700,OPTSTK,BFO,5.000000,20000,False
846040,HEROMOTOCO26SEP4950CE,HEROMOTOCO,24SEP2026,495000.000000,150,OPTSTK,BFO,5.000000,9000,False
846059,GODREJCP26SEP1010CE,GODREJCP,24SEP2026,101000.000000,500,OPTSTK,BFO,5.000000,30000,False
846070,COLPAL26SEP2000CE,COLPAL,24SEP2026,200000.000000,275,OPTSTK,BFO,5.000000,14000,False
846120,ADANIPOWER26SEP242.5CE,ADANIPOWER,24SEP2026,24250.000000,3550,OPTSTK,BFO,5.000000,100000000,False
844867,HCLTECH26SEP1090PE,HCLTECH,24SEP2026,109000.000000,400,OPTSTK,BFO,5.000000,21000,False
844870,SWIGGY26SEP270CE,SWIGGY,24SEP2026,27000.000000,1825,OPTSTK,BFO,5.000000,100000000,False
844874,UNITDSPR26SEP1400CE,UNITDSPR,24SEP2026,140000.000000,400,OPTSTK,BFO,5.000000,28000,False
844883,KFINTECH26SEP810CE,KFINTECH,24SEP2026,81000.000000,575,OPTSTK,BFO,5.000000,100000000,False
1114106,INFY26NOV1060CE,INFY,26NOV2026,106000.000000,400,OPTSTK,BFO,5.000000,16000,False
1114107,SENSEX26NOV78300PE,SENSEX,26NOV2026,7830000.000000,20,OPTIDX,BFO,5.000000,1000,False
1114143,HDFCBANK26NOV780CE,HDFCBANK,26NOV2026,78000.000000,650,OPTSTK,BFO,5.000000,16500,False
1114147,BIOCON26NOV410CE,BIOCON,26NOV2026,41000.000000,2500,OPTSTK,BFO,5.000000,100000,False
1117302,KAYNES26NOV4000CE,KAYNES,26NOV2026,400000.000000,150,OPTSTK,BFO,5.000000,100000000,False
1117303,ULTRACEMCO26NOV11700CE,ULTRACEMCO,26NOV2026,1170000.000000,50,OPTSTK,BFO,5.000000,3000,False
1117313,ASHOKLEY26NOV185PE,ASHOKLEY,26NOV2026,18500.000000,5000,OPTSTK,BFO,5.000000,150000,False
1117335,BEL26NOV380CE,BEL,26NOV2026,38000.000000,1425,OPTSTK,BFO,5.000000,228000,False
846128,MANKIND26SEP2600CE,MANKIND,24SEP2026,260000.000000,250,OPTSTK,BFO,5.000000,100000000,False
846131,OIL26SEP415PE,OIL,24SEP2026,41500.000000,1400,OPTSTK,BFO,5.000000,100000000,False
846133,HDFCAMC26SEP2500CE,HDFCAMC,24SEP2026,250000.000000,300,OPTSTK,BFO,5.000000,12000,False
846141,ANGELONE26SEP320CE,ANGELONE,24SEP2026,32000.000000,2500,OPTSTK,BFO,5.000000,100000000,False
844884,INDIGO26SEP5200CE,INDIGO,24SEP2026,520000.000000,150,OPTSTK,BFO,5.000000,12000,False
844897,POWERINDIA26SEP36500CE,POWERINDIA,24SEP2026,3650000.000000,25,OPTSTK,BFO,5.000000,100000000,False
844929,BAJAJHLDNG26SEP10700CE,BAJAJHLDNG,24SEP2026,1070000.000000,75,OPTSTK,BFO,5.000000,100000000,False
844930,TATACONSUM26SEP1190PE,TATACONSUM,24SEP2026,119000.000000,550,OPTSTK,BFO,5.000000,36000,False
846143,MANKIND26SEP2440CE,MANKIND,24SEP2026,244000.000000,250,OPTSTK,BFO,5.000000,100000000,False
846164,LICHSGFIN26SEP570CE,LICHSGFIN,24SEP2026,57000.000000,1000,OPTSTK,BFO,5.000000,60000,False
846173,SUZLON26SEPFUT,SUZLON,24SEP2026,0.000000,12700,FUTSTK,BFO,5.000000,100000000,False
846177,TATACONSUM26SEP1130CE,TATACONSUM,24SEP2026,113000.000000,550,OPTSTK,BFO,5.000000,36000,False
1114154,ANGELONE26NOV325CE,ANGELONE,26NOV2026,32500.000000,2500,OPTSTK,BFO,5.000000,100000000,False
1114167,AMBER26OCT8300PE,AMBER,29OCT2026,830000.000000,100,OPTSTK,BFO,5.000000,100000000,False
1114173,TVSMOTOR26NOV4150PE,TVSMOTOR,26NOV2026,415000.000000,175,OPTSTK,BFO,5.000000,21000,False
1114197,WIPRO26NOV167.5CE,WIPRO,26NOV2026,16750.000000,3000,OPTSTK,BFO,5.000000,60000,False
1117349,TIINDIA26NOV3200CE,TIINDIA,26NOV2026,320000.000000,200,OPTSTK,BFO,5.000000,100000000,False
1117350,SAIL26NOV190PE,SAIL,26NOV2026,19000.000000,4700,OPTSTK,BFO,5.000000,320000,False
1117361,UPL26NOV510CE,UPL,26NOV2026,51000.000000,1355,OPTSTK,BFO,5.000000,39000,False
1117370,CAMS26NOV800CE,CAMS,26NOV2026,80000.000000,825,OPTSTK,BFO,5.000000,100000000,False
844932,PETRONET26SEP267.5PE,PETRONET,24SEP2026,26750.000000,1900,OPTSTK,BFO,5.000000,120000,False
844937,UNIONBANK26SEP180CE,UNIONBANK,24SEP2026,18000.000000,4425,OPTSTK,BFO,5.000000,100000000,False
844951,NTPC26SEP360CE,NTPC,24SEP2026,36000.000000,1500,OPTSTK,BFO,5.000000,150000,False
844971,DELHIVERY26SEP495CE,DELHIVERY,24SEP2026,49500.000000,2075,OPTSTK,BFO,5.000000,100000000,False
846185,LAURUSLABS26SEP1470PE,LAURUSLABS,24SEP2026,147000.000000,850,OPTSTK,BFO,5.000000,68000,False
846192,PIIND26SEP2740CE,PIIND,24SEP2026,274000.000000,175,OPTSTK,BFO,5.000000,7500,False
846198,DELHIVERY26SEP445CE,DELHIVERY,24SEP2026,44500.000000,2075,OPTSTK,BFO,5.000000,100000000,False
846201,MOTHERSON26SEP147PE,MOTHERSON,24SEP2026,14700.000000,6150,OPTSTK,BFO,5.000000,284000,False
845000,UPL26SEP625PE,UPL,24SEP2026,62500.000000,1355,OPTSTK,BFO,5.000000,39000,False
845012,MPHASIS26SEP2238CE,MPHASIS,24SEP2026,223800.000000,275,OPTSTK,BFO,5.000000,11000,False
845014,AMBER26SEP7200CE,AMBER,24SEP2026,720000.000000,100,OPTSTK,BFO,5.000000,100000000,False
845015,HDFCBANK26SEP795PE,HDFCBANK,24SEP2026,79500.000000,650,OPTSTK,BFO,5.000000,16500,False
1114207,HAVELLS26NOV1220PE,HAVELLS,26NOV2026,122000.000000,500,OPTSTK,BFO,5.000000,20000,False
1114209,ADANIPOWER26NOV215CE,ADANIPOWER,26NOV2026,21500.000000,3550,OPTSTK,BFO,5.000000,100000000,False
1114210,INDUSINDBK26NOV1040PE,INDUSINDBK,26NOV2026,104000.000000,700,OPTSTK,BFO,5.000000,20000,False
1114219,M&M26NOV3250CE,M&M,26NOV2026,325000.000000,200,OPTSTK,BFO,5.000000,21000,False
1117375,RBLBANK26NOV400CE,RBLBANK,26NOV2026,40000.000000,3175,OPTSTK,BFO,5.000000,150000,False
1117388,AMBUJACEM26NOV440PE,AMBUJACEM,26NOV2026,44000.000000,1200,OPTSTK,BFO,5.000000,54000,False
1117416,MAHABANK26SEP82PE,MAHABANK,24SEP2026,8200.000000,6500,OPTSTK,BFO,5.000000,100000000,False
1117418,INDUSTOWER26NOV350CE,INDUSTOWER,26NOV2026,35000.000000,1700,OPTSTK,BFO,5.000000,170000,False
846203,MANKIND26SEP2360PE,MANKIND,24SEP2026,236000.000000,250,OPTSTK,BFO,5.000000,100000000,False
846209,PIIND26SEP2580CE,PIIND,24SEP2026,258000.000000,175,OPTSTK,BFO,5.000000,7500,False
846283,JINDALSTEL26SEP1120PE,JINDALSTEL,24SEP2026,112000.000000,625,OPTSTK,BFO,5.000000,37500,False
846284,CHOLAFIN26SEP1740CE,CHOLAFIN,24SEP2026,174000.000000,625,OPTSTK,BFO,5.000000,25000,False
845018,YESBANK26SEP32PE,YESBANK,24SEP2026,3200.000000,31100,OPTSTK,BFO,5.000000,100000000,False
845028,IDFCFIRSTB26SEP74CE,IDFCFIRSTB,24SEP2026,7400.000000,9275,OPTSTK,BFO,5.000000,450000,False
845047,RELIANCE26SEP1360CE,RELIANCE,24SEP2026,136000.000000,500,OPTSTK,BFO,5.000000,10000,False
845050,SWIGGY26SEP275CE,SWIGGY,24SEP2026,27500.000000,1825,OPTSTK,BFO,5.000000,100000000,False
846341,PIDILITIND26SEP1550CE,PIDILITIND,24SEP2026,155000.000000,500,OPTSTK,BFO,5.000000,10000,False
846365,HINDZINC26SEP580PE,HINDZINC,24SEP2026,58000.000000,1225,OPTSTK,BFO,5.000000,100000000,False
846367,KEI26SEP5100PE,KEI,24SEP2026,510000.000000,175,OPTSTK,BFO,5.000000,100000000,False
846371,MAZDOCK26SEP2420CE,MAZDOCK,24SEP2026,242000.000000,225,OPTSTK,BFO,5.000000,100000000,False
1114276,IDEA26NOV11PE,IDEA,26NOV2026,1100.000000,71475,OPTSTK,BFO,5.000000,2400000,False
1114286,BLUESTARCO26NOV1540PE,BLUESTARCO,26NOV2026,154000.000000,325,OPTSTK,BFO,5.000000,100000000,False
1114300,VMM26NOV105PE,VMM,26NOV2026,10500.000000,4850,OPTSTK,BFO,5.000000,100000000,False
1114331,PNB26NOV118PE,PNB,26NOV2026,11800.000000,8000,OPTSTK,BFO,5.000000,480000,False
1117437,HAVELLS26NOV1120PE,HAVELLS,26NOV2026,112000.000000,500,OPTSTK,BFO,5.000000,20000,False
1117446,BANDHANBNK26NOVFUT,BANDHANBNK,26NOV2026,0.000000,3600,FUTSTK,BFO,5.000000,100000,False
1117452,NTPC26SEP295CE,NTPC,24SEP2026,29500.000000,1500,OPTSTK,BFO,5.000000,150000,False
845053,TATACONSUM26SEP1090CE,TATACONSUM,24SEP2026,109000.000000,550,OPTSTK,BFO,5.000000,36000,False
845054,SUZLON26SEP60PE,SUZLON,24SEP2026,6000.000000,12700,OPTSTK,BFO,5.000000,100000000,False
845062,CGPOWER26SEP880PE,CGPOWER,24SEP2026,88000.000000,850,OPTSTK,BFO,5.000000,100000000,False
845066,GODFRYPHLP26SEP2120CE,GODFRYPHLP,24SEP2026,212000.000000,275,OPTSTK,BFO,5.000000,100000000,False
846373,FORTIS26SEP950PE,FORTIS,24SEP2026,95000.000000,775,OPTSTK,BFO,5.000000,100000000,False
846393,ADANIPOWER26SEP215CE,ADANIPOWER,24SEP2026,21500.000000,3550,OPTSTK,BFO,5.000000,100000000,False
846406,PAYTM26SEP1060CE,PAYTM,24SEP2026,106000.000000,725,OPTSTK,BFO,5.000000,100000000,False
846408,MOTHERSON26SEP148CE,MOTHERSON,24SEP2026,14800.000000,6150,OPTSTK,BFO,5.000000,284000,False
1114350,INDUSTOWER26NOV360CE,INDUSTOWER,26NOV2026,36000.000000,1700,OPTSTK,BFO,5.000000,170000,False
1114353,COFORGE26NOV1900CE,COFORGE,26NOV2026,190000.000000,475,OPTSTK,BFO,5.000000,6000,False
1114354,HINDUNILVR26NOV2020PE,HINDUNILVR,26NOV2026,202000.000000,300,OPTSTK,BFO,5.000000,9000,False
1114366,ABCAPITAL26NOV420CE,ABCAPITAL,26NOV2026,42000.000000,3100,OPTSTK,BFO,5.000000,162000,False
1118169,JUBLFOOD26NOV465PE,JUBLFOOD,26NOV2026,46500.000000,1250,OPTSTK,BFO,5.000000,50000,False
1118173,COFORGE26NOV2080PE,COFORGE,26NOV2026,208000.000000,475,OPTSTK,BFO,5.000000,6000,False
846445,POWERINDIA26SEP36500PE,POWERINDIA,24SEP2026,3650000.000000,25,OPTSTK,BFO,5.000000,100000000,False
846448,CAMS26SEP810CE,CAMS,24SEP2026,81000.000000,825,OPTSTK,BFO,5.000000,100000000,False
846481,ETERNAL26SEP262.5PE,ETERNAL,24SEP2026,26250.000000,2425,OPTSTK,BFO,5.000000,100000000,False
846488,ADANIPORTS26SEP1820PE,ADANIPORTS,24SEP2026,182000.000000,475,OPTSTK,BFO,5.000000,32000,False
845069,ASIANPAINT26SEP2720CE,ASIANPAINT,24SEP2026,272000.000000,250,OPTSTK,BFO,5.000000,8000,False
845091,ANGELONE26SEPFUT,ANGELONE,24SEP2026,0.000000,2500,FUTSTK,BFO,5.000000,100000000,False
845093,WAAREEENER26SEP3300CE,WAAREEENER,24SEP2026,330000.000000,175,OPTSTK,BFO,5.000000,100000000,False
845095,ALKEM26SEP5450PE,ALKEM,24SEP2026,545000.000000,125,OPTSTK,BFO,5.000000,8000,False
1114385,AUBANK26NOV940PE,AUBANK,26NOV2026,94000.000000,1000,OPTSTK,BFO,5.000000,30000,False
1114405,PREMIERENE26NOV920PE,PREMIERENE,26NOV2026,92000.000000,650,OPTSTK,BFO,5.000000,100000000,False
1114439,UPL26NOV610PE,UPL,26NOV2026,61000.000000,1355,OPTSTK,BFO,5.000000,39000,False
1114446,MOTILALOFS26NOV940CE,MOTILALOFS,26NOV2026,94000.000000,775,OPTSTK,BFO,5.000000,100000000,False
1118194,OIL26NOV520CE,OIL,26NOV2026,52000.000000,1400,OPTSTK,BFO,5.000000,100000000,False
1118198,BANKEX26NOV71800CE,BANKEX,26NOV2026,7180000.000000,30,OPTIDX,BFO,5.000000,900,False
1118205,BANKEX26NOV72000CE,BANKEX,26NOV2026,7200000.000000,30,OPTIDX,BFO,5.000000,900,False
1118211,LICI26NOV455PE,LICI,26NOV2026,45500.000000,1400,OPTSTK,BFO,5.000000,100000000,False
846519,TIINDIA26SEP3120CE,TIINDIA,24SEP2026,312000.000000,200,OPTSTK,BFO,5.000000,100000000,False
846520,MANKIND26SEP2580PE,MANKIND,24SEP2026,258000.000000,250,OPTSTK,BFO,5.000000,100000000,False
846529,TATAPOWER26SEP390PE,TATAPOWER,24SEP2026,39000.000000,1450,OPTSTK,BFO,5.000000,101250,False
846554,INDIGO26SEP5200PE,INDIGO,24SEP2026,520000.000000,150,OPTSTK,BFO,5.000000,12000,False
1118238,BANKBARODA26NOV275CE,BANKBARODA,26NOV2026,27500.000000,2925,OPTSTK,BFO,5.000000,175500,False
1118243,INDUSINDBK26NOV1060PE,INDUSINDBK,26NOV2026,106000.000000,700,OPTSTK,BFO,5.000000,20000,False
1118257,OFSS26OCT12800CE,OFSS,29OCT2026,1280000.000000,100,OPTSTK,BFO,5.000000,8000,False
1118272,PERSISTENT26OCT6600PE,PERSISTENT,29OCT2026,660000.000000,125,OPTSTK,BFO,5.000000,5250,False
845113,RELIANCE26SEP1280PE,RELIANCE,24SEP2026,128000.000000,500,OPTSTK,BFO,5.000000,10000,False
845118,MARUTI26SEP14100CE,MARUTI,24SEP2026,1410000.000000,50,OPTSTK,BFO,5.000000,3000,False
845129,SENSEX31JUN82000CE,SENSEX,26JUN2031,8200000.000000,20,OPTIDX,BFO,5.000000,1000,False
845143,FOCIT26SEP29500PE,FOCIT,24SEP2026,2950000.000000,45,OPTIDX,BFO,5.000000,1350,False
1114453,APLAPOLLO26NOV2180PE,APLAPOLLO,26NOV2026,218000.000000,350,OPTSTK,BFO,5.000000,100000000,False
1114465,BRITANNIA26NOV4950CE,BRITANNIA,26NOV2026,495000.000000,125,OPTSTK,BFO,5.000000,6000,False
1114471,INDUSINDBK26NOV920PE,INDUSINDBK,26NOV2026,92000.000000,700,OPTSTK,BFO,5.000000,20000,False
1114489,SWIGGY26NOV260CE,SWIGGY,26NOV2026,26000.000000,1825,OPTSTK,BFO,5.000000,100000000,False
846556,PRESTIGE26SEP1520PE,PRESTIGE,24SEP2026,152000.000000,450,OPTSTK,BFO,5.000000,100000000,False
846572,COLPAL26SEP2040CE,COLPAL,24SEP2026,204000.000000,275,OPTSTK,BFO,5.000000,14000,False
846574,KPITTECH26SEP790PE,KPITTECH,24SEP2026,79000.000000,775,OPTSTK,BFO,5.000000,100000000,False
846581,YESBANK26SEP30CE,YESBANK,24SEP2026,3000.000000,31100,OPTSTK,BFO,5.000000,100000000,False
1118279,BDL26NOV1180CE,BDL,26NOV2026,118000.000000,425,OPTSTK,BFO,5.000000,100000000,False
1118286,APLAPOLLO26SEP2400PE,APLAPOLLO,24SEP2026,240000.000000,350,OPTSTK,BFO,5.000000,100000000,False
1118302,ATHERENERG26NOV1740PE,ATHERENERG,26NOV2026,174000.000000,375,OPTSTK,BFO,5.000000,100000000,False
1118314,SAIL26OCT215CE,SAIL,29OCT2026,21500.000000,4700,OPTSTK,BFO,5.000000,320000,False
845147,IRFC26SEP98PE,IRFC,24SEP2026,9800.000000,5425,OPTSTK,BFO,5.000000,100000000,False
845169,ICICIGI26SEP1800PE,ICICIGI,24SEP2026,180000.000000,325,OPTSTK,BFO,5.000000,20000,False
845172,INDIANB26SEP880CE,INDIANB,24SEP2026,88000.000000,1000,OPTSTK,BFO,5.000000,100000000,False
845181,LTM26SEP3650CE,LTM,24SEP2026,365000.000000,150,OPTSTK,BFO,5.000000,4500,False
1114491,AMBUJACEM26NOV385PE,AMBUJACEM,26NOV2026,38500.000000,1200,OPTSTK,BFO,5.000000,54000,False
1114508,LT26NOV3800PE,LT,26NOV2026,380000.000000,175,OPTSTK,BFO,5.000000,12000,False
1114529,PGEL26NOV540CE,PGEL,26NOV2026,54000.000000,950,OPTSTK,BFO,5.000000,100000000,False
1114548,BEL26NOV390PE,BEL,26NOV2026,39000.000000,1425,OPTSTK,BFO,5.000000,228000,False
846586,SENSEX31JUN78000PE,SENSEX,26JUN2031,7800000.000000,20,OPTIDX,BFO,5.000000,1000,False
846595,PGEL26SEP540CE,PGEL,24SEP2026,54000.000000,950,OPTSTK,BFO,5.000000,100000000,False
846598,INDIANB26SEP830PE,INDIANB,24SEP2026,83000.000000,1000,OPTSTK,BFO,5.000000,100000000,False
846599,GVT&D26SEP5400PE,GVT&D,24SEP2026,540000.000000,125,OPTSTK,BFO,5.000000,100000000,False
1118349,VOLTAS26SEP1060CE,VOLTAS,24SEP2026,106000.000000,375,OPTSTK,BFO,5.000000,30000,False
1118351,IRFC26OCT77CE,IRFC,29OCT2026,7700.000000,5425,OPTSTK,BFO,5.000000,100000000,False
1118355,SWIGGY26NOV245CE,SWIGGY,26NOV2026,24500.000000,1825,OPTSTK,BFO,5.000000,100000000,False
1118375,SHREECEM26NOV22500PE,SHREECEM,26NOV2026,2250000.000000,25,OPTSTK,BFO,5.000000,1000,False
845188,LUPIN26SEP2400PE,LUPIN,24SEP2026,240000.000000,425,OPTSTK,BFO,5.000000,34000,False
845193,TMPV26SEP375CE,TMPV,24SEP2026,37500.000000,1600,OPTSTK,BFO,5.000000,42750,False
845200,PAYTM26SEP1190PE,PAYTM,24SEP2026,119000.000000,725,OPTSTK,BFO,5.000000,100000000,False
845211,MFSL26SEP1620PE,MFSL,24SEP2026,162000.000000,400,OPTSTK,BFO,5.000000,32000,False
846600,VBL26SEP520CE,VBL,24SEP2026,52000.000000,1275,OPTSTK,BFO,5.000000,100000000,False
846602,MARICO26SEP805PE,MARICO,24SEP2026,80500.000000,1200,OPTSTK,BFO,5.000000,48000,False
846604,SUZLON26SEP62PE,SUZLON,24SEP2026,6200.000000,12700,OPTSTK,BFO,5.000000,100000000,False
846606,BEL26SEP390PE,BEL,24SEP2026,39000.000000,1425,OPTSTK,BFO,5.000000,228000,False
1114549,VOLTAS26NOV1240CE,VOLTAS,26NOV2026,124000.000000,375,OPTSTK,BFO,5.000000,30000,False
1114556,SENSEX5026NOV24800PE,SENSEX50,26NOV2026,2480000.000000,75,OPTIDX,BFO,5.000000,1800,False
1114558,LT26NOV4250CE,LT,26NOV2026,425000.000000,175,OPTSTK,BFO,5.000000,12000,False
1114559,ADANIPORTS26NOV1720CE,ADANIPORTS,26NOV2026,172000.000000,475,OPTSTK,BFO,5.000000,32000,False
1118412,TITAN26OCT5500CE,TITAN,29OCT2026,550000.000000,175,OPTSTK,BFO,5.000000,11250,False
1118413,GVT&D26NOV3600PE,GVT&D,26NOV2026,360000.000000,125,OPTSTK,BFO,5.000000,100000000,False
1118420,ATHERENERG26SEP1660PE,ATHERENERG,24SEP2026,166000.000000,375,OPTSTK,BFO,5.000000,100000000,False
1118430,SUPREMEIND26NOV4000PE,SUPREMEIND,26NOV2026,400000.000000,175,OPTSTK,BFO,5.000000,100000000,False
845217,BLUESTARCO26SEP1740CE,BLUESTARCO,24SEP2026,174000.000000,325,OPTSTK,BFO,5.000000,100000000,False
845223,BANKEX26SEP60300CE,BANKEX,24SEP2026,6030000.000000,30,OPTIDX,BFO,5.000000,900,False
845230,BLUESTARCO26SEP1580CE,BLUESTARCO,24SEP2026,158000.000000,325,OPTSTK,BFO,5.000000,100000000,False
845250,MUTHOOTFIN26SEP2700PE,MUTHOOTFIN,24SEP2026,270000.000000,275,OPTSTK,BFO,5.000000,22000,False
846620,UNITDSPR26SEP1310PE,UNITDSPR,24SEP2026,131000.000000,400,OPTSTK,BFO,5.000000,28000,False
846631,ANGELONE26SEP360CE,ANGELONE,24SEP2026,36000.000000,2500,OPTSTK,BFO,5.000000,100000000,False
846636,IREDA26SEP131PE,IREDA,24SEP2026,13100.000000,4525,OPTSTK,BFO,5.000000,100000000,False
846643,FORTIS26SEP990CE,FORTIS,24SEP2026,99000.000000,775,OPTSTK,BFO,5.000000,100000000,False
1114565,BANKEX26NOV64500PE,BANKEX,26NOV2026,6450000.000000,30,OPTIDX,BFO,5.000000,900,False
1114576,SENSEX26O1581500CE,SENSEX,15OCT2026,8150000.000000,20,OPTIDX,BFO,5.000000,1000,False
1114578,HDFCAMC26NOV2700CE,HDFCAMC,26NOV2026,270000.000000,300,OPTSTK,BFO,5.000000,12000,False
1114595,HDFCBANK26NOV690PE,HDFCBANK,26NOV2026,69000.000000,650,OPTSTK,BFO,5.000000,16500,False
1118456,PREMIERENE26NOV1160CE,PREMIERENE,26NOV2026,116000.000000,650,OPTSTK,BFO,5.000000,100000000,False
1118469,TVSMOTOR26NOV3950CE,TVSMOTOR,26NOV2026,395000.000000,175,OPTSTK,BFO,5.000000,21000,False
1118525,ITC26SEP247.5PE,ITC,24SEP2026,24750.000000,1725,OPTSTK,BFO,5.000000,64000,False
1118533,GAIL26NOV152.5PE,GAIL,26NOV2026,15250.000000,3550,OPTSTK,BFO,5.000000,274500,False
845263,HINDUNILVR26SEP2220CE,HINDUNILVR,24SEP2026,222000.000000,300,OPTSTK,BFO,5.000000,9000,False
845273,VEDL26SEP290PE,VEDL,24SEP2026,29000.000000,1150,OPTSTK,BFO,5.000000,80000,False
845278,HEROMOTOCO26SEP5150CE,HEROMOTOCO,24SEP2026,515000.000000,150,OPTSTK,BFO,5.000000,9000,False
845281,PNB26SEP109PE,PNB,24SEP2026,10900.000000,8000,OPTSTK,BFO,5.000000,480000,False
846689,TECHM26SEPFUT,TECHM,24SEP2026,0.000000,600,FUTSTK,BFO,5.000000,24000,False
846693,RVNL26SEP260PE,RVNL,24SEP2026,26000.000000,1925,OPTSTK,BFO,5.000000,100000000,False
846707,LTF26SEP275CE,LTF,24SEP2026,27500.000000,2250,OPTSTK,BFO,5.000000,267720,False
846709,JSWSTEEL26SEP1260CE,JSWSTEEL,24SEP2026,126000.000000,675,OPTSTK,BFO,5.000000,40500,False
845306,MOTILALOFS26SEP990CE,MOTILALOFS,24SEP2026,99000.000000,775,OPTSTK,BFO,5.000000,100000000,False
845317,IRFC26SEP86PE,IRFC,24SEP2026,8600.000000,5425,OPTSTK,BFO,5.000000,100000000,False
845330,MARUTI26SEP14400PE,MARUTI,24SEP2026,1440000.000000,50,OPTSTK,BFO,5.000000,3000,False
845331,JUBLFOOD26SEP420PE,JUBLFOOD,24SEP2026,42000.000000,1250,OPTSTK,BFO,5.000000,50000,False
1114611,INOXWIND26NOV82.5CE,INOXWIND,26NOV2026,8250.000000,6400,OPTSTK,BFO,5.000000,100000000,False
1114640,BANKEX26NOV69800CE,BANKEX,26NOV2026,6980000.000000,30,OPTIDX,BFO,5.000000,900,False
1114642,INDIGO26NOV5100CE,INDIGO,26NOV2026,510000.000000,150,OPTSTK,BFO,5.000000,12000,False
1114653,COALINDIA26NOV415PE,COALINDIA,26NOV2026,41500.000000,1350,OPTSTK,BFO,5.000000,126000,False
1118542,SAGILITY26OCT52PE,SAGILITY,29OCT2026,5200.000000,12000,OPTSTK,BFO,5.000000,100000000,False
1118566,MANKIND26NOV2240CE,MANKIND,26NOV2026,224000.000000,250,OPTSTK,BFO,5.000000,100000000,False
1118607,TECHM26NOV1780PE,TECHM,26NOV2026,178000.000000,600,OPTSTK,BFO,5.000000,24000,False
1118613,KPITTECH26NOV670CE,KPITTECH,26NOV2026,67000.000000,775,OPTSTK,BFO,5.000000,100000000,False
846711,MAZDOCK26SEP2560PE,MAZDOCK,24SEP2026,256000.000000,225,OPTSTK,BFO,5.000000,100000000,False
846721,RECLTD26SEP365PE,RECLTD,24SEP2026,36500.000000,1575,OPTSTK,BFO,5.000000,160000,False
846730,GLENMARK26SEP2220PE,GLENMARK,24SEP2026,222000.000000,375,OPTSTK,BFO,5.000000,43500,False
846741,TORNTPHARM26SEP4200CE,TORNTPHARM,24SEP2026,420000.000000,125,OPTSTK,BFO,5.000000,15000,False
845334,SBICARD26SEP560CE,SBICARD,24SEP2026,56000.000000,800,OPTSTK,BFO,5.000000,32000,False
845353,SHRIRAMFIN26SEP990CE,SHRIRAMFIN,24SEP2026,99000.000000,825,OPTSTK,BFO,5.000000,18000,False
845354,ADANIENSOL26SEP1400PE,ADANIENSOL,24SEP2026,140000.000000,675,OPTSTK,BFO,5.000000,100000000,False
845392,NYKAA26SEP320CE,NYKAA,24SEP2026,32000.000000,3125,OPTSTK,BFO,5.000000,100000000,False
846747,GLENMARK26SEP2060PE,GLENMARK,24SEP2026,206000.000000,375,OPTSTK,BFO,5.000000,43500,False
846755,BDL26SEP1380CE,BDL,24SEP2026,138000.000000,425,OPTSTK,BFO,5.000000,100000000,False
846761,SWIGGY26SEP265CE,SWIGGY,24SEP2026,26500.000000,1825,OPTSTK,BFO,5.000000,100000000,False
846767,UNIONBANK26SEP177.5PE,UNIONBANK,24SEP2026,17750.000000,4425,OPTSTK,BFO,5.000000,100000000,False
1114655,SBILIFE26NOV1820PE,SBILIFE,26NOV2026,182000.000000,375,OPTSTK,BFO,5.000000,22500,False
1114656,AXISBANK26NOV1140PE,AXISBANK,26NOV2026,114000.000000,625,OPTSTK,BFO,5.000000,25000,False
1114679,COALINDIA26NOV380CE,COALINDIA,26NOV2026,38000.000000,1350,OPTSTK,BFO,5.000000,126000,False
1114681,LAURUSLABS26NOV1820CE,LAURUSLABS,26NOV2026,182000.000000,850,OPTSTK,BFO,5.000000,68000,False
1118680,SENSEX26O1584300CE,SENSEX,15OCT2026,8430000.000000,20,OPTIDX,BFO,5.000000,1000,False
1118681,CROMPTON26NOV200CE,CROMPTON,26NOV2026,20000.000000,2150,OPTSTK,BFO,5.000000,90000,False
1118693,LTM26NOV5000CE,LTM,26NOV2026,500000.000000,150,OPTSTK,BFO,5.000000,4500,False
1118698,FOCIT26NOV44400CE,FOCIT,26NOV2026,4440000.000000,45,OPTIDX,BFO,5.000000,1350,False
845405,SENSEX5026SEP24600PE,SENSEX50,24SEP2026,2460000.000000,75,OPTIDX,BFO,5.000000,1800,False
845414,EICHERMOT26SEP7700PE,EICHERMOT,24SEP2026,770000.000000,100,OPTSTK,BFO,5.000000,7000,False
845429,UNITDSPR26SEP1350CE,UNITDSPR,24SEP2026,135000.000000,400,OPTSTK,BFO,5.000000,28000,False
845437,POWERGRID26SEP272.5PE,POWERGRID,24SEP2026,27250.000000,1900,OPTSTK,BFO,5.000000,108000,False
846771,BRITANNIA26SEP5050CE,BRITANNIA,24SEP2026,505000.000000,125,OPTSTK,BFO,5.000000,6000,False
846781,TVSMOTOR26SEP3660PE,TVSMOTOR,24SEP2026,366000.000000,175,OPTSTK,BFO,5.000000,21000,False
846784,PGEL26SEP540PE,PGEL,24SEP2026,54000.000000,950,OPTSTK,BFO,5.000000,100000000,False
846785,PFC26SEP440CE,PFC,24SEP2026,44000.000000,1300,OPTSTK,BFO,5.000000,124000,False
1114682,DMART26NOV3550CE,DMART,26NOV2026,355000.000000,150,OPTSTK,BFO,5.000000,100000000,False
1114683,AMBER26NOV7200PE,AMBER,26NOV2026,720000.000000,100,OPTSTK,BFO,5.000000,100000000,False
1114694,SHRIRAMFIN26NOV1200CE,SHRIRAMFIN,26NOV2026,120000.000000,825,OPTSTK,BFO,5.000000,18000,False
1114703,ADANIENSOL26NOV1760CE,ADANIENSOL,26NOV2026,176000.000000,675,OPTSTK,BFO,5.000000,100000000,False
1118721,BIOCON26NOV380PE,BIOCON,26NOV2026,38000.000000,2500,OPTSTK,BFO,5.000000,100000,False
1118724,ATHERENERG26NOV1660CE,ATHERENERG,26NOV2026,166000.000000,375,OPTSTK,BFO,5.000000,100000000,False
1118773,NMDC26NOV94PE,NMDC,26NOV2026,9400.000000,6750,OPTSTK,BFO,5.000000,225000,False
1118803,COFORGE26SEP2060CE,COFORGE,24SEP2026,206000.000000,475,OPTSTK,BFO,5.000000,6000,False
845446,SRF26SEP2640PE,SRF,24SEP2026,264000.000000,200,OPTSTK,BFO,5.000000,11250,False
845447,BANKEX26SEP60600PE,BANKEX,24SEP2026,6060000.000000,30,OPTIDX,BFO,5.000000,900,False
845451,PETRONET26SEP275PE,PETRONET,24SEP2026,27500.000000,1900,OPTSTK,BFO,5.000000,120000,False
845467,ADANIENT26SEP3080PE,ADANIENT,24SEP2026,308000.000000,309,OPTSTK,BFO,5.000000,9000,False
846790,VBL26SEP520PE,VBL,24SEP2026,52000.000000,1275,OPTSTK,BFO,5.000000,100000000,False
846818,SUZLON26SEP63CE,SUZLON,24SEP2026,6300.000000,12700,OPTSTK,BFO,5.000000,100000000,False
846826,CHOLAFIN26SEP1860PE,CHOLAFIN,24SEP2026,186000.000000,625,OPTSTK,BFO,5.000000,25000,False
846830,RELIANCE26SEP1270PE,RELIANCE,24SEP2026,127000.000000,500,OPTSTK,BFO,5.000000,10000,False
1114706,POLYCAB26NOV8900CE,POLYCAB,26NOV2026,890000.000000,125,OPTSTK,BFO,5.000000,9000,False
1114709,PRESTIGE26NOV1500PE,PRESTIGE,26NOV2026,150000.000000,450,OPTSTK,BFO,5.000000,100000000,False
1114715,LTM26NOVFUT,LTM,26NOV2026,0.000000,150,FUTSTK,BFO,5.000000,4500,False
1114729,RVNL26OCT180PE,RVNL,29OCT2026,18000.000000,1925,OPTSTK,BFO,5.000000,100000000,False
1118841,HDFCAMC26NOV2200CE,HDFCAMC,26NOV2026,220000.000000,300,OPTSTK,BFO,5.000000,12000,False
1118874,BANKEX26NOV71500CE,BANKEX,26NOV2026,7150000.000000,30,OPTIDX,BFO,5.000000,900,False
1118974,OIL26NOV515CE,OIL,26NOV2026,51500.000000,1400,OPTSTK,BFO,5.000000,100000000,False
1119056,POWERINDIA26NOV30000PE,POWERINDIA,26NOV2026,3000000.000000,25,OPTSTK,BFO,5.000000,100000000,False
845485,AMBER26SEP7400CE,AMBER,24SEP2026,740000.000000,100,OPTSTK,BFO,5.000000,100000000,False
845496,TITAN26SEP4150PE,TITAN,24SEP2026,415000.000000,175,OPTSTK,BFO,5.000000,11250,False
845503,PERSISTENT26SEP4800CE,PERSISTENT,24SEP2026,480000.000000,125,OPTSTK,BFO,5.000000,5250,False
845506,ADANIGREEN26SEP1530CE,ADANIGREEN,24SEP2026,153000.000000,600,OPTSTK,BFO,5.000000,100000000,False
846834,INOXWIND26SEP89CE,INOXWIND,24SEP2026,8900.000000,6400,OPTSTK,BFO,5.000000,100000000,False
846858,CROMPTON26SEP262.5PE,CROMPTON,24SEP2026,26250.000000,2150,OPTSTK,BFO,5.000000,90000,False
846860,SUPREMEIND26SEP3750CE,SUPREMEIND,24SEP2026,375000.000000,175,OPTSTK,BFO,5.000000,100000000,False
846870,RELIANCE26SEP1260CE,RELIANCE,24SEP2026,126000.000000,500,OPTSTK,BFO,5.000000,10000,False
1114738,M&M26NOV3550PE,M&M,26NOV2026,355000.000000,200,OPTSTK,BFO,5.000000,21000,False
1114768,CUMMINSIND26NOV5100PE,CUMMINSIND,26NOV2026,510000.000000,200,OPTSTK,BFO,5.000000,18000,False
1114769,OBEROIRLTY26NOV1900PE,OBEROIRLTY,26NOV2026,190000.000000,350,OPTSTK,BFO,5.000000,28000,False
1114786,TCS26NOV2380PE,TCS,26NOV2026,238000.000000,225,OPTSTK,BFO,5.000000,7000,False
1119064,CAMS26NOV820CE,CAMS,26NOV2026,82000.000000,825,OPTSTK,BFO,5.000000,100000000,False
1119071,SENSEX26O1584200PE,SENSEX,15OCT2026,8420000.000000,20,OPTIDX,BFO,5.000000,1000,False
1119127,ASIANPAINT26NOV2460PE,ASIANPAINT,26NOV2026,246000.000000,250,OPTSTK,BFO,5.000000,8000,False
1119203,TITAN26NOV5500PE,TITAN,26NOV2026,550000.000000,175,OPTSTK,BFO,5.000000,11250,False
846873,IRFC26SEP88PE,IRFC,24SEP2026,8800.000000,5425,OPTSTK,BFO,5.000000,100000000,False
846879,IRFC26SEP92CE,IRFC,24SEP2026,9200.000000,5425,OPTSTK,BFO,5.000000,100000000,False
846891,MPHASIS26SEP2058PE,MPHASIS,24SEP2026,205800.000000,275,OPTSTK,BFO,5.000000,11000,False
846893,JIOFIN26SEP257.5CE,JIOFIN,24SEP2026,25750.000000,2350,OPTSTK,BFO,5.000000,100000000,False
845522,SBIN26SEP1080PE,SBIN,24SEP2026,108000.000000,750,OPTSTK,BFO,5.000000,45000,False
845526,WAAREEENER26SEP3350PE,WAAREEENER,24SEP2026,335000.000000,175,OPTSTK,BFO,5.000000,100000000,False
845533,CUMMINSIND26SEP5300CE,CUMMINSIND,24SEP2026,530000.000000,200,OPTSTK,BFO,5.000000,18000,False
845560,HDFCLIFE26SEP620CE,HDFCLIFE,24SEP2026,62000.000000,1100,OPTSTK,BFO,5.000000,44000,False
1114790,SENSEX5026NOV25250CE,SENSEX50,26NOV2026,2525000.000000,75,OPTIDX,BFO,5.000000,1800,False
1114802,KAYNES26NOV4300CE,KAYNES,26NOV2026,430000.000000,150,OPTSTK,BFO,5.000000,100000000,False
1114828,ADANIENT26NOV3100PE,ADANIENT,26NOV2026,310000.000000,309,OPTSTK,BFO,5.000000,9000,False
1114829,SENSEX26O1578500CE,SENSEX,15OCT2026,7850000.000000,20,OPTIDX,BFO,5.000000,1000,False
1119205,FOCIT26NOV44900PE,FOCIT,26NOV2026,4490000.000000,45,OPTIDX,BFO,5.000000,1350,False
1119209,ETERNAL26NOV365PE,ETERNAL,26NOV2026,36500.000000,2425,OPTSTK,BFO,5.000000,100000000,False
1119213,FEDERALBNK26NOV375PE,FEDERALBNK,26NOV2026,37500.000000,2500,OPTSTK,BFO,5.000000,200000,False
1119219,DIVISLAB26NOV10000PE,DIVISLAB,26NOV2026,1000000.000000,100,OPTSTK,BFO,5.000000,8000,False
846925,TMPV26SEP365CE,TMPV,24SEP2026,36500.000000,1600,OPTSTK,BFO,5.000000,42750,False
846942,CANBK26SEP127CE,CANBK,24SEP2026,12700.000000,6750,OPTSTK,BFO,5.000000,81000,False
846946,BOSCHLTD26SEP42250CE,BOSCHLTD,24SEP2026,4225000.000000,25,OPTSTK,BFO,5.000000,1500,False
846947,SOLARINDS26SEP16500PE,SOLARINDS,24SEP2026,1650000.000000,50,OPTSTK,BFO,5.000000,100000000,False
845572,BEL26SEP405CE,BEL,24SEP2026,40500.000000,1425,OPTSTK,BFO,5.000000,228000,False
845591,RADICO26SEP3900PE,RADICO,24SEP2026,390000.000000,150,OPTSTK,BFO,5.000000,100000000,False
845600,SBICARD26SEP630PE,SBICARD,24SEP2026,63000.000000,800,OPTSTK,BFO,5.000000,32000,False
845603,ASIANPAINT26SEP2680PE,ASIANPAINT,24SEP2026,268000.000000,250,OPTSTK,BFO,5.000000,8000,False
842236,NHPC26SEP84CE,NHPC,24SEP2026,8400.000000,6950,OPTSTK,BFO,5.000000,100000000,False
842237,KOTAKBANK26SEP422.5CE,KOTAKBANK,24SEP2026,42250.000000,2000,OPTSTK,BFO,5.000000,12000,False
842250,APOLLOHOSP26SEP8550PE,APOLLOHOSP,24SEP2026,855000.000000,125,OPTSTK,BFO,5.000000,5000,False
842254,RECLTD26SEP340CE,RECLTD,24SEP2026,34000.000000,1575,OPTSTK,BFO,5.000000,160000,False
1114835,GRASIM26NOV3160CE,GRASIM,26NOV2026,316000.000000,250,OPTSTK,BFO,5.000000,14250,False
1114847,NATIONALUM26NOV450CE,NATIONALUM,26NOV2026,45000.000000,1875,OPTSTK,BFO,5.000000,300000,False
1114848,ALKEM26NOV5600PE,ALKEM,26NOV2026,560000.000000,125,OPTSTK,BFO,5.000000,8000,False
1114860,SBIN26NOV1020CE,SBIN,26NOV2026,102000.000000,750,OPTSTK,BFO,5.000000,45000,False
1119232,ATHERENERG26SEP1760CE,ATHERENERG,24SEP2026,176000.000000,375,OPTSTK,BFO,5.000000,100000000,False
1119273,PREMIERENE26NOV1160PE,PREMIERENE,26NOV2026,116000.000000,650,OPTSTK,BFO,5.000000,100000000,False
1119292,LTM26NOV4900PE,LTM,26NOV2026,490000.000000,150,OPTSTK,BFO,5.000000,4500,False
1119324,APLAPOLLO26NOV2400PE,APLAPOLLO,26NOV2026,240000.000000,350,OPTSTK,BFO,5.000000,100000000,False
845614,KALYANKJIL26SEP345PE,KALYANKJIL,24SEP2026,34500.000000,1350,OPTSTK,BFO,5.000000,100000000,False
845634,MFSL26SEP1740CE,MFSL,24SEP2026,174000.000000,400,OPTSTK,BFO,5.000000,32000,False
845635,NAM-INDIA26SEP1160PE,NAM-INDIA,24SEP2026,116000.000000,625,OPTSTK,BFO,5.000000,100000000,False
845640,ADANIENSOL26SEP1620PE,ADANIENSOL,24SEP2026,162000.000000,675,OPTSTK,BFO,5.000000,100000000,False
842266,JSWENERGY26SEP545PE,JSWENERGY,24SEP2026,54500.000000,1075,OPTSTK,BFO,5.000000,100000000,False
842267,ICICIBANK26SEP1400PE,ICICIBANK,24SEP2026,140000.000000,700,OPTSTK,BFO,5.000000,28000,False
842278,TATAPOWER26SEP395CE,TATAPOWER,24SEP2026,39500.000000,1450,OPTSTK,BFO,5.000000,101250,False
842279,MOTILALOFS26SEP940CE,MOTILALOFS,24SEP2026,94000.000000,775,OPTSTK,BFO,5.000000,100000000,False
845646,CAMS26SEP750PE,CAMS,24SEP2026,75000.000000,825,OPTSTK,BFO,5.000000,100000000,False
845650,TCS26SEP2160PE,TCS,24SEP2026,216000.000000,225,OPTSTK,BFO,5.000000,7000,False
845678,LUPIN26SEP2280PE,LUPIN,24SEP2026,228000.000000,425,OPTSTK,BFO,5.000000,34000,False
845689,BANKEX26SEP60500CE,BANKEX,24SEP2026,6050000.000000,30,OPTIDX,BFO,5.000000,900,False
1114863,TECHM26NOV1700PE,TECHM,26NOV2026,170000.000000,600,OPTSTK,BFO,5.000000,24000,False
1114872,BANKEX26OCT57400PE,BANKEX,29OCT2026,5740000.000000,30,OPTIDX,BFO,5.000000,900,False
1114891,APOLLOHOSP26NOV8100PE,APOLLOHOSP,26NOV2026,810000.000000,125,OPTSTK,BFO,5.000000,5000,False
1114898,AMBER26NOV7100CE,AMBER,26NOV2026,710000.000000,100,OPTSTK,BFO,5.000000,100000000,False
1119330,ITC26NOV247.5CE,ITC,26NOV2026,24750.000000,1725,OPTSTK,BFO,5.000000,64000,False
1119383,TATASTEEL26NOV167.5PE,TATASTEEL,26NOV2026,16750.000000,2750,OPTSTK,BFO,5.000000,220000,False
1119401,FOCIT26NOV44800PE,FOCIT,26NOV2026,4480000.000000,45,OPTIDX,BFO,5.000000,1350,False
1119407,GODREJPROP26NOV1900PE,GODREJPROP,26NOV2026,190000.000000,325,OPTSTK,BFO,5.000000,19000,False
842287,IDEA26SEP21CE,IDEA,24SEP2026,2100.000000,71475,OPTSTK,BFO,5.000000,2400000,False
842309,YESBANK26SEP26PE,YESBANK,24SEP2026,2600.000000,31100,OPTSTK,BFO,5.000000,100000000,False
842313,MCX26SEP2700PE,MCX,24SEP2026,270000.000000,225,OPTSTK,BFO,5.000000,16000,False
842322,INDIANB26SEP810CE,INDIANB,24SEP2026,81000.000000,1000,OPTSTK,BFO,5.000000,100000000,False
842352,BEL26SEP395CE,BEL,24SEP2026,39500.000000,1425,OPTSTK,BFO,5.000000,228000,False
842355,OIL26SEP435CE,OIL,24SEP2026,43500.000000,1400,OPTSTK,BFO,5.000000,100000000,False
842363,LICI26SEP440CE,LICI,24SEP2026,44000.000000,1400,OPTSTK,BFO,5.000000,100000000,False
842375,APOLLOHOSP26SEP8450CE,APOLLOHOSP,24SEP2026,845000.000000,125,OPTSTK,BFO,5.000000,5000,False
845696,COCHINSHIP26SEP1540CE,COCHINSHIP,24SEP2026,154000.000000,400,OPTSTK,BFO,5.000000,100000000,False
845711,COCHINSHIP26SEP1380CE,COCHINSHIP,24SEP2026,138000.000000,400,OPTSTK,BFO,5.000000,100000000,False
845731,RADICO26SEP4500PE,RADICO,24SEP2026,450000.000000,150,OPTSTK,BFO,5.000000,100000000,False
845733,JINDALSTEL26SEP1010PE,JINDALSTEL,24SEP2026,101000.000000,625,OPTSTK,BFO,5.000000,37500,False
1114902,SENSEX26O1574800CE,SENSEX,15OCT2026,7480000.000000,20,OPTIDX,BFO,5.000000,1000,False
1114903,IDEA26NOV17CE,IDEA,26NOV2026,1700.000000,71475,OPTSTK,BFO,5.000000,2400000,False
1114907,MAHABANK26SEP85PE,MAHABANK,24SEP2026,8500.000000,6500,OPTSTK,BFO,5.000000,100000000,False
1114922,SENSEX26NOV72500PE,SENSEX,26NOV2026,7250000.000000,20,OPTIDX,BFO,5.000000,1000,False
1119444,TMPV26NOV355CE,TMPV,26NOV2026,35500.000000,1600,OPTSTK,BFO,5.000000,42750,False
1119449,COFORGE26OCT2140PE,COFORGE,29OCT2026,214000.000000,475,OPTSTK,BFO,5.000000,6000,False
1119506,BHEL26NOV395PE,BHEL,26NOV2026,39500.000000,2625,OPTSTK,BFO,5.000000,315000,False
1119512,UNITDSPR26NOV1360PE,UNITDSPR,26NOV2026,136000.000000,400,OPTSTK,BFO,5.000000,28000,False
842378,BAJAJHLDNG26SEP11300PE,BAJAJHLDNG,24SEP2026,1130000.000000,75,OPTSTK,BFO,5.000000,100000000,False
842380,SENSEX28DEC78000PE,SENSEX,28DEC2028,7800000.000000,20,OPTIDX,BFO,5.000000,1000,False
842385,IREDA26SEP123PE,IREDA,24SEP2026,12300.000000,4525,OPTSTK,BFO,5.000000,100000000,False
842388,LTM26SEP3500PE,LTM,24SEP2026,350000.000000,150,OPTSTK,BFO,5.000000,4500,False
845737,NAM-INDIA26SEP1220CE,NAM-INDIA,24SEP2026,122000.000000,625,OPTSTK,BFO,5.000000,100000000,False
845739,HDFCLIFE26SEP620PE,HDFCLIFE,24SEP2026,62000.000000,1100,OPTSTK,BFO,5.000000,44000,False
845744,ZYDUSLIFE26SEP1110PE,ZYDUSLIFE,24SEP2026,111000.000000,900,OPTSTK,BFO,5.000000,54000,False
845753,POWERINDIA26SEP36000CE,POWERINDIA,24SEP2026,3600000.000000,25,OPTSTK,BFO,5.000000,100000000,False
1114933,BAJAJ-AUTO26NOV12400CE,BAJAJ-AUTO,26NOV2026,1240000.000000,75,OPTSTK,BFO,5.000000,5000,False
1114934,FORTIS26NOV990PE,FORTIS,26NOV2026,99000.000000,775,OPTSTK,BFO,5.000000,100000000,False
1114939,KOTAKBANK26NOV450CE,KOTAKBANK,26NOV2026,45000.000000,2000,OPTSTK,BFO,5.000000,12000,False
1114943,YESBANK26NOV18CE,YESBANK,26NOV2026,1800.000000,31100,OPTSTK,BFO,5.000000,100000000,False
1119517,LTM26NOV5000PE,LTM,26NOV2026,500000.000000,150,OPTSTK,BFO,5.000000,4500,False
1119553,HCLTECH26NOV1370CE,HCLTECH,26NOV2026,137000.000000,400,OPTSTK,BFO,5.000000,21000,False
1119568,FOCIT26NOV43900CE,FOCIT,26NOV2026,4390000.000000,45,OPTIDX,BFO,5.000000,1350,False
1119587,SAIL26OCT217.5PE,SAIL,29OCT2026,21750.000000,4700,OPTSTK,BFO,5.000000,320000,False
842395,ETERNAL26SEP242.5PE,ETERNAL,24SEP2026,24250.000000,2425,OPTSTK,BFO,5.000000,100000000,False
842409,VOLTAS26SEP1160PE,VOLTAS,24SEP2026,116000.000000,375,OPTSTK,BFO,5.000000,30000,False
842430,HCLTECH26SEP1140CE,HCLTECH,24SEP2026,114000.000000,400,OPTSTK,BFO,5.000000,21000,False
842438,POLICYBZR26SEP1520CE,POLICYBZR,24SEP2026,152000.000000,350,OPTSTK,BFO,5.000000,100000000,False
1119659,LTM26NOV4950CE,LTM,26NOV2026,495000.000000,150,OPTSTK,BFO,5.000000,4500,False
1119679,BLUESTARCO26NOV1340CE,BLUESTARCO,26NOV2026,134000.000000,325,OPTSTK,BFO,5.000000,100000000,False
1119950,LODHA26NOV1100PE,LODHA,26NOV2026,110000.000000,625,OPTSTK,BFO,5.000000,100000000,False
1119952,SHREECEM26NOV22000CE,SHREECEM,26NOV2026,2200000.000000,25,OPTSTK,BFO,5.000000,1000,False
845765,SENSEX5026SEP25350PE,SENSEX50,24SEP2026,2535000.000000,75,OPTIDX,BFO,5.000000,1800,False
845769,BEL26SEP370CE,BEL,24SEP2026,37000.000000,1425,OPTSTK,BFO,5.000000,228000,False
845778,INDUSTOWER26SEP381PE,INDUSTOWER,24SEP2026,38100.000000,1700,OPTSTK,BFO,5.000000,170000,False
845789,PIIND26SEP2620PE,PIIND,24SEP2026,262000.000000,175,OPTSTK,BFO,5.000000,7500,False
1114946,ADANIPOWER26NOV250PE,ADANIPOWER,26NOV2026,25000.000000,3550,OPTSTK,BFO,5.000000,100000000,False
1114970,MOTHERSON26NOV175PE,MOTHERSON,26NOV2026,17500.000000,6150,OPTSTK,BFO,5.000000,284000,False
1114973,FORCEMOT26NOV15500PE,FORCEMOT,26NOV2026,1550000.000000,25,OPTSTK,BFO,5.000000,100000000,False
1114978,KAYNES26NOV4050CE,KAYNES,26NOV2026,405000.000000,150,OPTSTK,BFO,5.000000,100000000,False
842442,BANKEX26SEP70900CE,BANKEX,24SEP2026,7090000.000000,30,OPTIDX,BFO,5.000000,900,False
842454,SIEMENS26SEP3400CE,SIEMENS,24SEP2026,340000.000000,175,OPTSTK,BFO,5.000000,8250,False
842458,RECLTD26SEP340PE,RECLTD,24SEP2026,34000.000000,1575,OPTSTK,BFO,5.000000,160000,False
842477,DIVISLAB26SEP6400CE,DIVISLAB,24SEP2026,640000.000000,100,OPTSTK,BFO,5.000000,8000,False
845792,BAJFINANCE26SEP1040CE,BAJFINANCE,24SEP2026,104000.000000,750,OPTSTK,BFO,5.000000,3750,False
845794,PATANJALI26SEP440CE,PATANJALI,24SEP2026,44000.000000,1075,OPTSTK,BFO,5.000000,100000000,False
845800,ABB26SEP6900PE,ABB,24SEP2026,690000.000000,125,OPTSTK,BFO,5.000000,7500,False
845803,BDL26SEP1300CE,BDL,24SEP2026,130000.000000,425,OPTSTK,BFO,5.000000,100000000,False
1119958,TORNTPHARM26NOV4650PE,TORNTPHARM,26NOV2026,465000.000000,125,OPTSTK,BFO,5.000000,15000,False
1119981,AXISBANK26OCT1420PE,AXISBANK,29OCT2026,142000.000000,625,OPTSTK,BFO,5.000000,25000,False
1119987,ADANIGREEN26SEP1140CE,ADANIGREEN,24SEP2026,114000.000000,600,OPTSTK,BFO,5.000000,100000000,False
1120025,DELHIVERY26NOV425CE,DELHIVERY,26NOV2026,42500.000000,2075,OPTSTK,BFO,5.000000,100000000,False
842486,GMRAIRPORT26SEP116PE,GMRAIRPORT,24SEP2026,11600.000000,6975,OPTSTK,BFO,5.000000,675000,False
842501,BANKEX26SEP66300PE,BANKEX,24SEP2026,6630000.000000,30,OPTIDX,BFO,5.000000,900,False
842506,DIXON26SEP12000PE,DIXON,24SEP2026,1200000.000000,50,OPTSTK,BFO,5.000000,6000,False
842507,NATIONALUM26SEP300PE,NATIONALUM,24SEP2026,30000.000000,1875,OPTSTK,BFO,5.000000,300000,False
1114981,ICICIPRULI26NOV545CE,ICICIPRULI,26NOV2026,54500.000000,925,OPTSTK,BFO,5.000000,60000,False
1115024,BRITANNIA26NOV5200PE,BRITANNIA,26NOV2026,520000.000000,125,OPTSTK,BFO,5.000000,6000,False
1115035,RELIANCE26NOV1340PE,RELIANCE,26NOV2026,134000.000000,500,OPTSTK,BFO,5.000000,10000,False
1115045,SENSEX26NOV80200PE,SENSEX,26NOV2026,8020000.000000,20,OPTIDX,BFO,5.000000,1000,False
842518,AUROPHARMA26SEP1620CE,AUROPHARMA,24SEP2026,162000.000000,550,OPTSTK,BFO,5.000000,44000,False
842519,JSWSTEEL26SEP1180PE,JSWSTEEL,24SEP2026,118000.000000,675,OPTSTK,BFO,5.000000,40500,False
842524,HDFCBANK26SEP830PE,HDFCBANK,24SEP2026,83000.000000,650,OPTSTK,BFO,5.000000,16500,False
842527,MPHASIS26SEP2318CE,MPHASIS,24SEP2026,231800.000000,275,OPTSTK,BFO,5.000000,11000,False
845804,DRREDDY26SEP1310PE,DRREDDY,24SEP2026,131000.000000,625,OPTSTK,BFO,5.000000,5000,False
845806,BAJAJFINSV26SEP1720PE,BAJAJFINSV,24SEP2026,172000.000000,300,OPTSTK,BFO,5.000000,20000,False
845811,POLYCAB26SEP9200PE,POLYCAB,24SEP2026,920000.000000,125,OPTSTK,BFO,5.000000,9000,False
845821,DIVISLAB26SEP6750PE,DIVISLAB,24SEP2026,675000.000000,100,OPTSTK,BFO,5.000000,8000,False
1115050,UPL26NOV560CE,UPL,26NOV2026,56000.000000,1355,OPTSTK,BFO,5.000000,39000,False
1115054,ASIANPAINT26NOV2700PE,ASIANPAINT,26NOV2026,270000.000000,250,OPTSTK,BFO,5.000000,8000,False
1115055,OIL26NOV490PE,OIL,26NOV2026,49000.000000,1400,OPTSTK,BFO,5.000000,100000000,False
1115057,FOCIT26NOV31600PE,FOCIT,26NOV2026,3160000.000000,45,OPTIDX,BFO,5.000000,1350,False
1120054,ADANIENSOL26SEP1320PE,ADANIENSOL,24SEP2026,132000.000000,675,OPTSTK,BFO,5.000000,100000000,False
1120070,ADANIGREEN26NOV1140CE,ADANIGREEN,26NOV2026,114000.000000,600,OPTSTK,BFO,5.000000,100000000,False
1120071,CUMMINSIND26NOV4400PE,CUMMINSIND,26NOV2026,440000.000000,200,OPTSTK,BFO,5.000000,18000,False
1120087,ASIANPAINT26SEP2440CE,ASIANPAINT,24SEP2026,244000.000000,250,OPTSTK,BFO,5.000000,8000,False
842545,HDFCAMC26SEP2520CE,HDFCAMC,24SEP2026,252000.000000,300,OPTSTK,BFO,5.000000,12000,False
842552,TATACONSUM26SEP1160PE,TATACONSUM,24SEP2026,116000.000000,550,OPTSTK,BFO,5.000000,36000,False
842558,JSWENERGY26SEP585CE,JSWENERGY,24SEP2026,58500.000000,1075,OPTSTK,BFO,5.000000,100000000,False
842560,AMBER26SEP7100CE,AMBER,24SEP2026,710000.000000,100,OPTSTK,BFO,5.000000,100000000,False
845834,MOTHERSON26SEP150CE,MOTHERSON,24SEP2026,15000.000000,6150,OPTSTK,BFO,5.000000,284000,False
845852,MOTHERSON26SEP154PE,MOTHERSON,24SEP2026,15400.000000,6150,OPTSTK,BFO,5.000000,284000,False
845854,PGEL26SEPFUT,PGEL,24SEP2026,0.000000,950,FUTSTK,BFO,5.000000,100000000,False
845884,TATASTEEL26SEP190PE,TATASTEEL,24SEP2026,19000.000000,2750,OPTSTK,BFO,5.000000,220000,False
1120094,INOXWIND26SEP52.5CE,INOXWIND,24SEP2026,5250.000000,6400,OPTSTK,BFO,5.000000,100000000,False
1120122,AUROPHARMA26SEP1840CE,AUROPHARMA,24SEP2026,184000.000000,550,OPTSTK,BFO,5.000000,44000,False
1120134,GODREJCP26SEP830PE,GODREJCP,24SEP2026,83000.000000,500,OPTSTK,BFO,5.000000,30000,False
1120142,AUROPHARMA26OCT1820PE,AUROPHARMA,29OCT2026,182000.000000,550,OPTSTK,BFO,5.000000,44000,False
1115064,TECHM26NOV1600CE,TECHM,26NOV2026,160000.000000,600,OPTSTK,BFO,5.000000,24000,False
1115065,ITC26NOV285PE,ITC,26NOV2026,28500.000000,1725,OPTSTK,BFO,5.000000,64000,False
1115079,PIDILITIND26NOV1740PE,PIDILITIND,26NOV2026,174000.000000,500,OPTSTK,BFO,5.000000,10000,False
1115080,BANKBARODA26NOV205CE,BANKBARODA,26NOV2026,20500.000000,2925,OPTSTK,BFO,5.000000,175500,False
842592,DABUR26SEP395PE,DABUR,24SEP2026,39500.000000,1250,OPTSTK,BFO,5.000000,50000,False
842562,SOLARINDS26SEP18250CE,SOLARINDS,24SEP2026,1825000.000000,50,OPTSTK,BFO,5.000000,100000000,False
842583,GRASIM26SEP3080PE,GRASIM,24SEP2026,308000.000000,250,OPTSTK,BFO,5.000000,14250,False
842584,BANKEX26SEP71500CE,BANKEX,24SEP2026,7150000.000000,30,OPTIDX,BFO,5.000000,900,False
845890,FORTIS26SEP910PE,FORTIS,24SEP2026,91000.000000,775,OPTSTK,BFO,5.000000,100000000,False
845914,SUPREMEIND26SEP3350CE,SUPREMEIND,24SEP2026,335000.000000,175,OPTSTK,BFO,5.000000,100000000,False
845923,TIINDIA26SEP3020PE,TIINDIA,24SEP2026,302000.000000,200,OPTSTK,BFO,5.000000,100000000,False
845929,APOLLOHOSP26SEP8600PE,APOLLOHOSP,24SEP2026,860000.000000,125,OPTSTK,BFO,5.000000,5000,False
1115090,IDFCFIRSTB26NOV86CE,IDFCFIRSTB,26NOV2026,8600.000000,9275,OPTSTK,BFO,5.000000,450000,False
1115128,BANKEX26NOV70700CE,BANKEX,26NOV2026,7070000.000000,30,OPTIDX,BFO,5.000000,900,False
1115149,TRENT26NOV2750PE,TRENT,26NOV2026,275000.000000,225,OPTSTK,BFO,5.000000,16000,False
1115153,VEDL26NOV280PE,VEDL,26NOV2026,28000.000000,1150,OPTSTK,BFO,5.000000,80000,False
1120153,ITC26OCT242.5CE,ITC,29OCT2026,24250.000000,1725,OPTSTK,BFO,5.000000,64000,False
1120189,ITC26SEP245CE,ITC,24SEP2026,24500.000000,1725,OPTSTK,BFO,5.000000,64000,False
1120200,AUROPHARMA26NOV1840PE,AUROPHARMA,26NOV2026,184000.000000,550,OPTSTK,BFO,5.000000,44000,False
1120212,IDFCFIRSTB26NOV92PE,IDFCFIRSTB,26NOV2026,9200.000000,9275,OPTSTK,BFO,5.000000,450000,False
842598,ULTRACEMCO26SEP10560PE,ULTRACEMCO,24SEP2026,1056000.000000,50,OPTSTK,BFO,5.000000,3000,False
842609,JSWSTEEL26SEP1250PE,JSWSTEEL,24SEP2026,125000.000000,675,OPTSTK,BFO,5.000000,40500,False
842614,GLENMARK26SEP2120CE,GLENMARK,24SEP2026,212000.000000,375,OPTSTK,BFO,5.000000,43500,False
842615,ITC26SEPFUT,ITC,24SEP2026,0.000000,1725,FUTSTK,BFO,5.000000,64000,False
845941,HDFCLIFE26SEP590CE,HDFCLIFE,24SEP2026,59000.000000,1100,OPTSTK,BFO,5.000000,44000,False
845946,VOLTAS26SEP1220CE,VOLTAS,24SEP2026,122000.000000,375,OPTSTK,BFO,5.000000,30000,False
845970,HINDZINC26SEP450PE,HINDZINC,24SEP2026,45000.000000,1225,OPTSTK,BFO,5.000000,100000000,False
845977,NYKAA26SEP295CE,NYKAA,24SEP2026,29500.000000,3125,OPTSTK,BFO,5.000000,100000000,False
842628,EICHERMOT26SEP7300CE,EICHERMOT,24SEP2026,730000.000000,100,OPTSTK,BFO,5.000000,7000,False
842635,NAUKRI26SEP1050PE,NAUKRI,24SEP2026,105000.000000,550,OPTSTK,BFO,5.000000,6000,False
842640,BAJAJFINSV26SEP1860CE,BAJAJFINSV,24SEP2026,186000.000000,300,OPTSTK,BFO,5.000000,20000,False
842642,ICICIGI26SEP1960CE,ICICIGI,24SEP2026,196000.000000,325,OPTSTK,BFO,5.000000,20000,False
846004,TIINDIA26SEP2980PE,TIINDIA,24SEP2026,298000.000000,200,OPTSTK,BFO,5.000000,100000000,False
846008,DELHIVERY26SEP440CE,DELHIVERY,24SEP2026,44000.000000,2075,OPTSTK,BFO,5.000000,100000000,False
846015,COFORGE26SEP1380CE,COFORGE,24SEP2026,138000.000000,475,OPTSTK,BFO,5.000000,6000,False
846039,KOTAKBANK26SEP407.5CE,KOTAKBANK,24SEP2026,40750.000000,2000,OPTSTK,BFO,5.000000,12000,False
1115172,CONCOR26NOV505CE,CONCOR,26NOV2026,50500.000000,1250,OPTSTK,BFO,5.000000,40000,False
1115189,LUPIN26NOV2140PE,LUPIN,26NOV2026,214000.000000,425,OPTSTK,BFO,5.000000,34000,False
1115216,ICICIPRULI26NOV520PE,ICICIPRULI,26NOV2026,52000.000000,925,OPTSTK,BFO,5.000000,60000,False
1115228,BANKEX26NOV68400PE,BANKEX,26NOV2026,6840000.000000,30,OPTIDX,BFO,5.000000,900,False
1120218,ANGELONE26NOV250PE,ANGELONE,26NOV2026,25000.000000,2500,OPTSTK,BFO,5.000000,100000000,False
1120219,SBILIFE26NOV1600PE,SBILIFE,26NOV2026,160000.000000,375,OPTSTK,BFO,5.000000,22500,False
1120261,PATANJALI26NOV310CE,PATANJALI,26NOV2026,31000.000000,1075,OPTSTK,BFO,5.000000,100000000,False
1120274,YESBANK26NOV30PE,YESBANK,26NOV2026,3000.000000,31100,OPTSTK,BFO,5.000000,100000000,False
842652,MAXHEALTH26SEP1050CE,MAXHEALTH,24SEP2026,105000.000000,525,OPTSTK,BFO,5.000000,100000000,False
842661,ADANIENSOL26SEP1580CE,ADANIENSOL,24SEP2026,158000.000000,675,OPTSTK,BFO,5.000000,100000000,False
842667,JINDALSTEL26SEP1060CE,JINDALSTEL,24SEP2026,106000.000000,625,OPTSTK,BFO,5.000000,37500,False
842716,SWIGGY26SEP245CE,SWIGGY,24SEP2026,24500.000000,1825,OPTSTK,BFO,5.000000,100000000,False
846053,VMM26SEP112PE,VMM,24SEP2026,11200.000000,4850,OPTSTK,BFO,5.000000,100000000,False
846060,FOCIT26SEP39000PE,FOCIT,24SEP2026,3900000.000000,45,OPTIDX,BFO,5.000000,1350,False
846062,NESTLEIND26SEP1380CE,NESTLEIND,24SEP2026,138000.000000,500,OPTSTK,BFO,5.000000,1200,False
846073,GMRAIRPORT26SEP109CE,GMRAIRPORT,24SEP2026,10900.000000,6975,OPTSTK,BFO,5.000000,675000,False
1115238,JIOFIN26NOV232.5PE,JIOFIN,26NOV2026,23250.000000,2350,OPTSTK,BFO,5.000000,100000000,False
1115240,M&M26NOV3100PE,M&M,26NOV2026,310000.000000,200,OPTSTK,BFO,5.000000,21000,False
1115253,KOTAKBANK26NOV455CE,KOTAKBANK,26NOV2026,45500.000000,2000,OPTSTK,BFO,5.000000,12000,False
1115275,MCX26NOV3350CE,MCX,26NOV2026,335000.000000,225,OPTSTK,BFO,5.000000,16000,False
1120275,SUNPHARMA26NOV2100CE,SUNPHARMA,26NOV2026,210000.000000,350,OPTSTK,BFO,5.000000,28000,False
1120280,INOXWIND26NOV52.5PE,INOXWIND,26NOV2026,5250.000000,6400,OPTSTK,BFO,5.000000,100000000,False
1120298,GMRAIRPORT26SEP91CE,GMRAIRPORT,24SEP2026,9100.000000,6975,OPTSTK,BFO,5.000000,675000,False
1120348,FORTIS26NOV840PE,FORTIS,26NOV2026,84000.000000,775,OPTSTK,BFO,5.000000,100000000,False
842719,SENSEX30DEC78000PE,SENSEX,26DEC2030,7800000.000000,20,OPTIDX,BFO,5.000000,1000,False
842748,KEI26SEP5200CE,KEI,24SEP2026,520000.000000,175,OPTSTK,BFO,5.000000,100000000,False
842750,TVSMOTOR26SEP3480PE,TVSMOTOR,24SEP2026,348000.000000,175,OPTSTK,BFO,5.000000,21000,False
842763,DRREDDY26SEP1360CE,DRREDDY,24SEP2026,136000.000000,625,OPTSTK,BFO,5.000000,5000,False
846078,PHOENIXLTD26SEP1960PE,PHOENIXLTD,24SEP2026,196000.000000,350,OPTSTK,BFO,5.000000,100000000,False
846082,NAUKRI26SEP960PE,NAUKRI,24SEP2026,96000.000000,550,OPTSTK,BFO,5.000000,6000,False
846083,NBCC26SEP103CE,NBCC,24SEP2026,10300.000000,6500,OPTSTK,BFO,5.000000,100000000,False
846103,NESTLEIND26SEP1460PE,NESTLEIND,24SEP2026,146000.000000,500,OPTSTK,BFO,5.000000,1200,False
1115279,SIEMENS26NOV4150CE,SIEMENS,26NOV2026,415000.000000,175,OPTSTK,BFO,5.000000,8250,False
1115289,INDIANB26NOV870PE,INDIANB,26NOV2026,87000.000000,1000,OPTSTK,BFO,5.000000,100000000,False
1115294,RVNL26NOV245PE,RVNL,26NOV2026,24500.000000,1925,OPTSTK,BFO,5.000000,100000000,False
1115297,BANKEX26NOV64700PE,BANKEX,26NOV2026,6470000.000000,30,OPTIDX,BFO,5.000000,900,False
1120355,ITC26SEP242.5PE,ITC,24SEP2026,24250.000000,1725,OPTSTK,BFO,5.000000,64000,False
1120357,BLUESTARCO26SEP1320CE,BLUESTARCO,24SEP2026,132000.000000,325,OPTSTK,BFO,5.000000,100000000,False
1120379,ADANIGREEN26OCT1080PE,ADANIGREEN,29OCT2026,108000.000000,600,OPTSTK,BFO,5.000000,100000000,False
1120408,PGEL26OCT510CE,PGEL,29OCT2026,51000.000000,950,OPTSTK,BFO,5.000000,100000000,False
842791,BANDHANBNK26SEP190PE,BANDHANBNK,24SEP2026,19000.000000,3600,OPTSTK,BFO,5.000000,100000,False
842801,LUPIN26SEP2300PE,LUPIN,24SEP2026,230000.000000,425,OPTSTK,BFO,5.000000,34000,False
842819,SONACOMS26SEP600CE,SONACOMS,24SEP2026,60000.000000,1225,OPTSTK,BFO,5.000000,100000000,False
842814,HINDALCO26SEP950PE,HINDALCO,24SEP2026,95000.000000,700,OPTSTK,BFO,5.000000,56000,False
846104,GVT&D26SEP5200PE,GVT&D,24SEP2026,520000.000000,125,OPTSTK,BFO,5.000000,100000000,False
846106,AUROPHARMA26SEP1600CE,AUROPHARMA,24SEP2026,160000.000000,550,OPTSTK,BFO,5.000000,44000,False
846110,BANKEX26SEP67800PE,BANKEX,24SEP2026,6780000.000000,30,OPTIDX,BFO,5.000000,900,False
846113,MPHASIS26SEP2298CE,MPHASIS,24SEP2026,229800.000000,275,OPTSTK,BFO,5.000000,11000,False
1115312,ULTRACEMCO26NOV12000PE,ULTRACEMCO,26NOV2026,1200000.000000,50,OPTSTK,BFO,5.000000,3000,False
1115330,AXISBANK26NOV1260CE,AXISBANK,26NOV2026,126000.000000,625,OPTSTK,BFO,5.000000,25000,False
1115347,SBILIFE26NOV1780CE,SBILIFE,26NOV2026,178000.000000,375,OPTSTK,BFO,5.000000,22500,False
1115369,SBICARD26NOV620CE,SBICARD,26NOV2026,62000.000000,800,OPTSTK,BFO,5.000000,32000,False
1120409,SRF26NOV2200CE,SRF,26NOV2026,220000.000000,200,OPTSTK,BFO,5.000000,11250,False
1120416,GODREJCP26NOV830PE,GODREJCP,26NOV2026,83000.000000,500,OPTSTK,BFO,5.000000,30000,False
1120437,MCX26NOV3750PE,MCX,26NOV2026,375000.000000,225,OPTSTK,BFO,5.000000,16000,False
1120468,BANKEX26NOV72100CE,BANKEX,26NOV2026,7210000.000000,30,OPTIDX,BFO,5.000000,900,False
842820,MOTHERSON26SEP151CE,MOTHERSON,24SEP2026,15100.000000,6150,OPTSTK,BFO,5.000000,284000,False
842822,FORTIS26SEP970PE,FORTIS,24SEP2026,97000.000000,775,OPTSTK,BFO,5.000000,100000000,False
842831,FORTIS26SEP1020CE,FORTIS,24SEP2026,102000.000000,775,OPTSTK,BFO,5.000000,100000000,False
842841,MCX26SEP2900PE,MCX,24SEP2026,290000.000000,225,OPTSTK,BFO,5.000000,16000,False
846116,PREMIERENE26SEP1080PE,PREMIERENE,24SEP2026,108000.000000,650,OPTSTK,BFO,5.000000,100000000,False
846130,SBILIFE26SEP1700CE,SBILIFE,24SEP2026,170000.000000,375,OPTSTK,BFO,5.000000,22500,False
846153,JSWENERGY26SEP565CE,JSWENERGY,24SEP2026,56500.000000,1075,OPTSTK,BFO,5.000000,100000000,False
846172,GRASIM26SEP3060PE,GRASIM,24SEP2026,306000.000000,250,OPTSTK,BFO,5.000000,14250,False
842844,SIEMENS26SEP3700PE,SIEMENS,24SEP2026,370000.000000,175,OPTSTK,BFO,5.000000,8250,False
842849,ICICIPRULI26SEP525CE,ICICIPRULI,24SEP2026,52500.000000,925,OPTSTK,BFO,5.000000,60000,False
842863,SENSEX26DEC82000PE,SENSEX,31DEC2026,8200000.000000,20,OPTIDX,BFO,5.000000,1000,False
842877,BPCL26SEP295PE,BPCL,24SEP2026,29500.000000,1975,OPTSTK,BFO,5.000000,72000,False
1115382,MAHABANK26NOV82PE,MAHABANK,26NOV2026,8200.000000,6500,OPTSTK,BFO,5.000000,100000000,False
1115408,INDIANB26NOV940PE,INDIANB,26NOV2026,94000.000000,1000,OPTSTK,BFO,5.000000,100000000,False
1115409,TATACONSUM26NOVFUT,TATACONSUM,26NOV2026,0.000000,550,FUTSTK,BFO,5.000000,36000,False
1115419,DMART26NOV3750CE,DMART,26NOV2026,375000.000000,150,OPTSTK,BFO,5.000000,100000000,False
1120483,GMRAIRPORT26OCT88PE,GMRAIRPORT,29OCT2026,8800.000000,6975,OPTSTK,BFO,5.000000,675000,False
1120484,ADANIGREEN26NOV1100PE,ADANIGREEN,26NOV2026,110000.000000,600,OPTSTK,BFO,5.000000,100000000,False
1120501,ADANIENSOL26NOV1380CE,ADANIENSOL,26NOV2026,138000.000000,675,OPTSTK,BFO,5.000000,100000000,False
1120537,NESTLEIND26NOV1540PE,NESTLEIND,26NOV2026,154000.000000,500,OPTSTK,BFO,5.000000,1200,False
846175,HYUNDAI26SEP1840PE,HYUNDAI,24SEP2026,184000.000000,275,OPTSTK,BFO,5.000000,100000000,False
846188,JSWSTEEL26SEP1230PE,JSWSTEEL,24SEP2026,123000.000000,675,OPTSTK,BFO,5.000000,40500,False
846234,JINDALSTEL26SEP1040CE,JINDALSTEL,24SEP2026,104000.000000,625,OPTSTK,BFO,5.000000,37500,False
846235,SOLARINDS26SEP16000CE,SOLARINDS,24SEP2026,1600000.000000,50,OPTSTK,BFO,5.000000,100000000,False
842879,VOLTAS26SEP1440CE,VOLTAS,24SEP2026,144000.000000,375,OPTSTK,BFO,5.000000,30000,False
842886,MAZDOCK26SEP2360PE,MAZDOCK,24SEP2026,236000.000000,225,OPTSTK,BFO,5.000000,100000000,False
842888,SENSEX27DEC81000CE,SENSEX,30DEC2027,8100000.000000,20,OPTIDX,BFO,5.000000,1000,False
842893,INFY26SEP980PE,INFY,24SEP2026,98000.000000,400,OPTSTK,BFO,5.000000,16000,False
1115442,UPL26NOV630PE,UPL,26NOV2026,63000.000000,1355,OPTSTK,BFO,5.000000,39000,False
1115446,SHRIRAMFIN26NOV1240CE,SHRIRAMFIN,26NOV2026,124000.000000,825,OPTSTK,BFO,5.000000,18000,False
1115447,ULTRACEMCO26NOV11300CE,ULTRACEMCO,26NOV2026,1130000.000000,50,OPTSTK,BFO,5.000000,3000,False
1115481,RBLBANK26NOV360PE,RBLBANK,26NOV2026,36000.000000,3175,OPTSTK,BFO,5.000000,150000,False
1120548,EICHERMOT26NOV7300CE,EICHERMOT,26NOV2026,730000.000000,100,OPTSTK,BFO,5.000000,7000,False
1120550,AMBER26NOV6900CE,AMBER,26NOV2026,690000.000000,100,OPTSTK,BFO,5.000000,100000000,False
1120602,GMRAIRPORT26NOV89PE,GMRAIRPORT,26NOV2026,8900.000000,6975,OPTSTK,BFO,5.000000,675000,False
1120625,ASIANPAINT26SEP2440PE,ASIANPAINT,24SEP2026,244000.000000,250,OPTSTK,BFO,5.000000,8000,False
842901,AXISBANK26SEP1420CE,AXISBANK,24SEP2026,142000.000000,625,OPTSTK,BFO,5.000000,25000,False
842909,INDUSTOWER26SEP401PE,INDUSTOWER,24SEP2026,40100.000000,1700,OPTSTK,BFO,5.000000,170000,False
842910,GMRAIRPORT26SEP109PE,GMRAIRPORT,24SEP2026,10900.000000,6975,OPTSTK,BFO,5.000000,675000,False
842917,APOLLOHOSP26SEP8650CE,APOLLOHOSP,24SEP2026,865000.000000,125,OPTSTK,BFO,5.000000,5000,False
846241,PIIND26SEP2820PE,PIIND,24SEP2026,282000.000000,175,OPTSTK,BFO,5.000000,7500,False
846245,NAUKRI26SEP1020CE,NAUKRI,24SEP2026,102000.000000,550,OPTSTK,BFO,5.000000,6000,False
846255,BAJAJHLDNG26SEP10400CE,BAJAJHLDNG,24SEP2026,1040000.000000,75,OPTSTK,BFO,5.000000,100000000,False
846260,TATACONSUM26SEP1200CE,TATACONSUM,24SEP2026,120000.000000,550,OPTSTK,BFO,5.000000,36000,False
842940,BANKINDIA26SEP137.5PE,BANKINDIA,24SEP2026,13750.000000,5200,OPTSTK,BFO,5.000000,100000000,False
842952,SENSEX26DEC81000CE,SENSEX,31DEC2026,8100000.000000,20,OPTIDX,BFO,5.000000,1000,False
842970,VEDL26SEP260PE,VEDL,24SEP2026,26000.000000,1150,OPTSTK,BFO,5.000000,80000,False
842995,CAMS26SEP740CE,CAMS,24SEP2026,74000.000000,825,OPTSTK,BFO,5.000000,100000000,False
1115495,KOTAKBANK26NOV430PE,KOTAKBANK,26NOV2026,43000.000000,2000,OPTSTK,BFO,5.000000,12000,False
1115516,SAGILITY26OCT50CE,SAGILITY,29OCT2026,5000.000000,12000,OPTSTK,BFO,5.000000,100000000,False
1115525,SENSEX5026NOV25450CE,SENSEX50,26NOV2026,2545000.000000,75,OPTIDX,BFO,5.000000,1800,False
1115543,OBEROIRLTY26NOV1780PE,OBEROIRLTY,26NOV2026,178000.000000,350,OPTSTK,BFO,5.000000,28000,False
1120638,SUNPHARMA26NOV2080PE,SUNPHARMA,26NOV2026,208000.000000,350,OPTSTK,BFO,5.000000,28000,False
1120639,TCS26NOV2500CE,TCS,26NOV2026,250000.000000,225,OPTSTK,BFO,5.000000,7000,False
1120643,ADANIGREEN26OCT1100CE,ADANIGREEN,29OCT2026,110000.000000,600,OPTSTK,BFO,5.000000,100000000,False
1120693,ADANIPOWER26OCT165CE,ADANIPOWER,29OCT2026,16500.000000,3550,OPTSTK,BFO,5.000000,100000000,False
846300,NBCC26SEP108CE,NBCC,24SEP2026,10800.000000,6500,OPTSTK,BFO,5.000000,100000000,False
846310,LTF26SEP300PE,LTF,24SEP2026,30000.000000,2250,OPTSTK,BFO,5.000000,267720,False
846316,M&M26SEP3180CE,M&M,24SEP2026,318000.000000,200,OPTSTK,BFO,5.000000,21000,False
846317,ICICIBANK26SEP1340CE,ICICIBANK,24SEP2026,134000.000000,700,OPTSTK,BFO,5.000000,28000,False
842998,CROMPTON26SEP270CE,CROMPTON,24SEP2026,27000.000000,2150,OPTSTK,BFO,5.000000,90000,False
843001,WIPRO26SEP162.5PE,WIPRO,24SEP2026,16250.000000,3000,OPTSTK,BFO,5.000000,60000,False
843011,BIOCON26SEP430PE,BIOCON,24SEP2026,43000.000000,2500,OPTSTK,BFO,5.000000,100000,False
843013,FOCIT26SEP27000CE,FOCIT,24SEP2026,2700000.000000,45,OPTIDX,BFO,5.000000,1350,False
846326,ALKEM26SEP5400PE,ALKEM,24SEP2026,540000.000000,125,OPTSTK,BFO,5.000000,8000,False
846328,JINDALSTEL26SEP1110CE,JINDALSTEL,24SEP2026,111000.000000,625,OPTSTK,BFO,5.000000,37500,False
846331,BANKBARODA26SEP270PE,BANKBARODA,24SEP2026,27000.000000,2925,OPTSTK,BFO,5.000000,175500,False
846333,APLAPOLLO26SEP1660CE,APLAPOLLO,24SEP2026,166000.000000,350,OPTSTK,BFO,5.000000,100000000,False
1115547,RADICO26NOVFUT,RADICO,26NOV2026,0.000000,150,FUTSTK,BFO,5.000000,100000000,False
1115555,ICICIPRULI26NOV490CE,ICICIPRULI,26NOV2026,49000.000000,925,OPTSTK,BFO,5.000000,60000,False
1115560,GRASIM26NOV3360CE,GRASIM,26NOV2026,336000.000000,250,OPTSTK,BFO,5.000000,14250,False
1115563,GMRAIRPORT26NOV101CE,GMRAIRPORT,26NOV2026,10100.000000,6975,OPTSTK,BFO,5.000000,675000,False
1120700,SOLARINDS26NOV18500CE,SOLARINDS,26NOV2026,1850000.000000,50,OPTSTK,BFO,5.000000,100000000,False
1120728,ITC26OCT245PE,ITC,29OCT2026,24500.000000,1725,OPTSTK,BFO,5.000000,64000,False
1120743,BPCL26NOV280PE,BPCL,26NOV2026,28000.000000,1975,OPTSTK,BFO,5.000000,72000,False
1120789,NBCC26SEP67.5PE,NBCC,24SEP2026,6750.000000,6500,OPTSTK,BFO,5.000000,100000000,False
843017,SHRIRAMFIN26SEP1080CE,SHRIRAMFIN,24SEP2026,108000.000000,825,OPTSTK,BFO,5.000000,18000,False
843026,NMDC26SEP90PE,NMDC,24SEP2026,9000.000000,6750,OPTSTK,BFO,5.000000,225000,False
843038,BANKEX26SEP64200PE,BANKEX,24SEP2026,6420000.000000,30,OPTIDX,BFO,5.000000,900,False
843053,LTM26SEP3450PE,LTM,24SEP2026,345000.000000,150,OPTSTK,BFO,5.000000,4500,False
846349,NTPC26SEP347.5CE,NTPC,24SEP2026,34750.000000,1500,OPTSTK,BFO,5.000000,150000,False
846358,BOSCHLTD26SEP40000CE,BOSCHLTD,24SEP2026,4000000.000000,25,OPTSTK,BFO,5.000000,1500,False
846363,HINDALCO26SEP930PE,HINDALCO,24SEP2026,93000.000000,700,OPTSTK,BFO,5.000000,56000,False
846375,SENSEX5026SEP25700CE,SENSEX50,24SEP2026,2570000.000000,75,OPTIDX,BFO,5.000000,1800,False
843054,UNITDSPR26SEP1410CE,UNITDSPR,24SEP2026,141000.000000,400,OPTSTK,BFO,5.000000,28000,False
843066,PAGEIND26SEP40500CE,PAGEIND,24SEP2026,4050000.000000,20,OPTSTK,BFO,5.000000,600,False
843069,TMPV26SEP320PE,TMPV,24SEP2026,32000.000000,1600,OPTSTK,BFO,5.000000,42750,False
843076,BANKEX26SEP60500PE,BANKEX,24SEP2026,6050000.000000,30,OPTIDX,BFO,5.000000,900,False
1115575,BHARTIARTL26NOV1780PE,BHARTIARTL,26NOV2026,178000.000000,475,OPTSTK,BFO,5.000000,28500,False
1115576,SENSEX26O1583400PE,SENSEX,15OCT2026,8340000.000000,20,OPTIDX,BFO,5.000000,1000,False
1115578,PGEL26NOV580PE,PGEL,26NOV2026,58000.000000,950,OPTSTK,BFO,5.000000,100000000,False
1115592,SENSEX26NOV78700PE,SENSEX,26NOV2026,7870000.000000,20,OPTIDX,BFO,5.000000,1000,False
1120880,MUTHOOTFIN26NOV2700CE,MUTHOOTFIN,26NOV2026,270000.000000,275,OPTSTK,BFO,5.000000,22000,False
1120954,SBILIFE26OCT1600CE,SBILIFE,29OCT2026,160000.000000,375,OPTSTK,BFO,5.000000,22500,False
1120972,RVNL26OCT175PE,RVNL,29OCT2026,17500.000000,1925,OPTSTK,BFO,5.000000,100000000,False
1120988,ULTRACEMCO26NOV10800PE,ULTRACEMCO,26NOV2026,1080000.000000,50,OPTSTK,BFO,5.000000,3000,False
843081,PNB26SEP114CE,PNB,24SEP2026,11400.000000,8000,OPTSTK,BFO,5.000000,480000,False
843089,HYUNDAI26SEP1980CE,HYUNDAI,24SEP2026,198000.000000,275,OPTSTK,BFO,5.000000,100000000,False
843093,HDFCAMC26SEP2720CE,HDFCAMC,24SEP2026,272000.000000,300,OPTSTK,BFO,5.000000,12000,False
843098,360ONE26SEP1100CE,,24SEP2026,110000.000000,500,OPTSTK,BFO,5.000000,100000000,False
1115598,YESBANK26NOV20PE,YESBANK,26NOV2026,2000.000000,31100,OPTSTK,BFO,5.000000,100000000,False
1115610,360ONE26NOV1100CE,,26NOV2026,110000.000000,500,OPTSTK,BFO,5.000000,100000000,False
1115638,INDUSTOWER26NOV380PE,INDUSTOWER,26NOV2026,38000.000000,1700,OPTSTK,BFO,5.000000,170000,False
1115650,SENSEX26NOV72700PE,SENSEX,26NOV2026,7270000.000000,20,OPTIDX,BFO,5.000000,1000,False
1120989,SAGILITY26OCT54PE,SAGILITY,29OCT2026,5400.000000,12000,OPTSTK,BFO,5.000000,100000000,False
1121012,MAHABANK26OCT76PE,MAHABANK,29OCT2026,7600.000000,6500,OPTSTK,BFO,5.000000,100000000,False
1121016,MAHABANK26OCT76CE,MAHABANK,29OCT2026,7600.000000,6500,OPTSTK,BFO,5.000000,100000000,False
1121021,BRITANNIA26NOV4900CE,BRITANNIA,26NOV2026,490000.000000,125,OPTSTK,BFO,5.000000,6000,False
843111,SENSEX27JUN81000PE,SENSEX,24JUN2027,8100000.000000,20,OPTIDX,BFO,5.000000,1000,False
843116,UNITDSPR26SEP1320CE,UNITDSPR,24SEP2026,132000.000000,400,OPTSTK,BFO,5.000000,28000,False
843128,GODREJPROP26SEP1700PE,GODREJPROP,24SEP2026,170000.000000,325,OPTSTK,BFO,5.000000,19000,False
843146,NAUKRI26SEP910PE,NAUKRI,24SEP2026,91000.000000,550,OPTSTK,BFO,5.000000,6000,False
1115666,GODREJPROP26NOV2160PE,GODREJPROP,26NOV2026,216000.000000,325,OPTSTK,BFO,5.000000,19000,False
1115669,OIL26NOVFUT,OIL,26NOV2026,0.000000,1400,FUTSTK,BFO,5.000000,100000000,False
1115677,MAHABANK26NOV87PE,MAHABANK,26NOV2026,8700.000000,6500,OPTSTK,BFO,5.000000,100000000,False
1115680,SHREECEM26NOV24000PE,SHREECEM,26NOV2026,2400000.000000,25,OPTSTK,BFO,5.000000,1000,False
843150,NTPC26SEP347.5PE,NTPC,24SEP2026,34750.000000,1500,OPTSTK,BFO,5.000000,150000,False
843153,BRITANNIA26SEP5400PE,BRITANNIA,24SEP2026,540000.000000,125,OPTSTK,BFO,5.000000,6000,False
843178,KOTAKBANK26SEP410PE,KOTAKBANK,24SEP2026,41000.000000,2000,OPTSTK,BFO,5.000000,12000,False
843180,RBLBANK26SEP345CE,RBLBANK,24SEP2026,34500.000000,3175,OPTSTK,BFO,5.000000,150000,False
1121073,ADANIENSOL26NOV1380PE,ADANIENSOL,26NOV2026,138000.000000,675,OPTSTK,BFO,5.000000,100000000,False
1121108,RADICO26NOV4150CE,RADICO,26NOV2026,415000.000000,150,OPTSTK,BFO,5.000000,100000000,False
1121124,OFSS26NOV13000PE,OFSS,26NOV2026,1300000.000000,100,OPTSTK,BFO,5.000000,8000,False
1121125,BANKEX26NOV72100PE,BANKEX,26NOV2026,7210000.000000,30,OPTIDX,BFO,5.000000,900,False
1115694,FOCIT26NOV37800PE,FOCIT,26NOV2026,3780000.000000,45,OPTIDX,BFO,5.000000,1350,False
1115711,LTF26NOV290PE,LTF,26NOV2026,29000.000000,2250,OPTSTK,BFO,5.000000,267720,False
1115736,INDUSINDBK26OCT900CE,INDUSINDBK,29OCT2026,90000.000000,700,OPTSTK,BFO,5.000000,20000,False
1115738,GAIL26NOV165CE,GAIL,26NOV2026,16500.000000,3550,OPTSTK,BFO,5.000000,274500,False
843197,GLENMARK26SEP2240PE,GLENMARK,24SEP2026,224000.000000,375,OPTSTK,BFO,5.000000,43500,False
843202,PNBHOUSING26SEP1050PE,PNBHOUSING,24SEP2026,105000.000000,650,OPTSTK,BFO,5.000000,100000000,False
843217,GLENMARK26SEP2080PE,GLENMARK,24SEP2026,208000.000000,375,OPTSTK,BFO,5.000000,43500,False
843231,ASIANPAINT26SEP2580PE,ASIANPAINT,24SEP2026,258000.000000,250,OPTSTK,BFO,5.000000,8000,False
1121162,BLUESTARCO26NOV1320CE,BLUESTARCO,26NOV2026,132000.000000,325,OPTSTK,BFO,5.000000,100000000,False
1121192,ITC26OCT242.5PE,ITC,29OCT2026,24250.000000,1725,OPTSTK,BFO,5.000000,64000,False
1121193,GMRAIRPORT26SEP89PE,GMRAIRPORT,24SEP2026,8900.000000,6975,OPTSTK,BFO,5.000000,675000,False
1121210,RVNL26OCT175CE,RVNL,29OCT2026,17500.000000,1925,OPTSTK,BFO,5.000000,100000000,False
1115743,MCX26NOV2950CE,MCX,26NOV2026,295000.000000,225,OPTSTK,BFO,5.000000,16000,False
1115766,MAHABANK26SEP87CE,MAHABANK,24SEP2026,8700.000000,6500,OPTSTK,BFO,5.000000,100000000,False
1115774,ASHOKLEY26NOV172.5PE,ASHOKLEY,26NOV2026,17250.000000,5000,OPTSTK,BFO,5.000000,150000,False
1115787,NTPC26NOVFUT,NTPC,26NOV2026,0.000000,1500,FUTSTK,BFO,5.000000,150000,False
843249,SUNPHARMA26SEP1800PE,SUNPHARMA,24SEP2026,180000.000000,350,OPTSTK,BFO,5.000000,28000,False
843253,PGEL26SEP560PE,PGEL,24SEP2026,56000.000000,950,OPTSTK,BFO,5.000000,100000000,False
843261,VBL26SEP540PE,VBL,24SEP2026,54000.000000,1275,OPTSTK,BFO,5.000000,100000000,False
843262,GRASIM26SEP3180CE,GRASIM,24SEP2026,318000.000000,250,OPTSTK,BFO,5.000000,14250,False
1115792,TATAPOWER26OCT315PE,TATAPOWER,29OCT2026,31500.000000,1450,OPTSTK,BFO,5.000000,101250,False
1115810,BANDHANBNK26NOV145CE,BANDHANBNK,26NOV2026,14500.000000,3600,OPTSTK,BFO,5.000000,100000,False
1115819,LUPIN26NOV2260CE,LUPIN,26NOV2026,226000.000000,425,OPTSTK,BFO,5.000000,34000,False
1115824,FOCIT26NOV34800CE,FOCIT,26NOV2026,3480000.000000,45,OPTIDX,BFO,5.000000,1350,False
1121339,MFSL26NOV1400PE,MFSL,26NOV2026,140000.000000,400,OPTSTK,BFO,5.000000,32000,False
1121347,MARUTI26SEP12200PE,MARUTI,24SEP2026,1220000.000000,50,OPTSTK,BFO,5.000000,3000,False
1121393,ADANIENT26NOV2500CE,ADANIENT,26NOV2026,250000.000000,309,OPTSTK,BFO,5.000000,9000,False
1121446,MARUTI26NOV12400PE,MARUTI,26NOV2026,1240000.000000,50,OPTSTK,BFO,5.000000,3000,False
843274,VBL26SEP545CE,VBL,24SEP2026,54500.000000,1275,OPTSTK,BFO,5.000000,100000000,False
843277,IREDA26SEPFUT,IREDA,24SEP2026,0.000000,4525,FUTSTK,BFO,5.000000,100000000,False
843287,SHREECEM26SEP24750CE,SHREECEM,24SEP2026,2475000.000000,25,OPTSTK,BFO,5.000000,1000,False
843292,BANKEX26SEP64100CE,BANKEX,24SEP2026,6410000.000000,30,OPTIDX,BFO,5.000000,900,False
1115826,MFSL26NOV1640CE,MFSL,26NOV2026,164000.000000,400,OPTSTK,BFO,5.000000,32000,False
1115842,GMRAIRPORT26NOV106CE,GMRAIRPORT,26NOV2026,10600.000000,6975,OPTSTK,BFO,5.000000,675000,False
1115850,SAGILITY26NOV36CE,SAGILITY,26NOV2026,3600.000000,12000,OPTSTK,BFO,5.000000,100000000,False
1115857,PREMIERENE26NOV1100PE,PREMIERENE,26NOV2026,110000.000000,650,OPTSTK,BFO,5.000000,100000000,False
843294,LICI26SEP460PE,LICI,24SEP2026,46000.000000,1400,OPTSTK,BFO,5.000000,100000000,False
843314,INDIGO26SEP5600PE,INDIGO,24SEP2026,560000.000000,150,OPTSTK,BFO,5.000000,12000,False
843316,IRFC26SEP91PE,IRFC,24SEP2026,9100.000000,5425,OPTSTK,BFO,5.000000,100000000,False
843339,BANKEX26SEP60400CE,BANKEX,24SEP2026,6040000.000000,30,OPTIDX,BFO,5.000000,900,False
1121448,TMPV26SEP275PE,TMPV,24SEP2026,27500.000000,1600,OPTSTK,BFO,5.000000,42750,False
1121468,ADANIENSOL26NOV1300CE,ADANIENSOL,26NOV2026,130000.000000,675,OPTSTK,BFO,5.000000,100000000,False
1121487,KALYANKJIL26NOV545PE,KALYANKJIL,26NOV2026,54500.000000,1350,OPTSTK,BFO,5.000000,100000000,False
1121507,BAJAJ-AUTO26SEP13000PE,BAJAJ-AUTO,24SEP2026,1300000.000000,75,OPTSTK,BFO,5.000000,5000,False
846377,WIPRO26SEP167.5CE,WIPRO,24SEP2026,16750.000000,3000,OPTSTK,BFO,5.000000,60000,False
846386,BLUESTARCO26SEP1620CE,BLUESTARCO,24SEP2026,162000.000000,325,OPTSTK,BFO,5.000000,100000000,False
846405,ICICIBANK26SEP1410CE,ICICIBANK,24SEP2026,141000.000000,700,OPTSTK,BFO,5.000000,28000,False
846410,HYUNDAI26SEP2100PE,HYUNDAI,24SEP2026,210000.000000,275,OPTSTK,BFO,5.000000,100000000,False
1115878,MFSL26NOV1720PE,MFSL,26NOV2026,172000.000000,400,OPTSTK,BFO,5.000000,32000,False
1115882,LTM26NOV4450PE,LTM,26NOV2026,445000.000000,150,OPTSTK,BFO,5.000000,4500,False
1115907,SUZLON26NOV53PE,SUZLON,26NOV2026,5300.000000,12700,OPTSTK,BFO,5.000000,100000000,False
1115923,SENSEX26NOV78600CE,SENSEX,26NOV2026,7860000.000000,20,OPTIDX,BFO,5.000000,1000,False
843350,SOLARINDS26SEP18750PE,SOLARINDS,24SEP2026,1875000.000000,50,OPTSTK,BFO,5.000000,100000000,False
843359,POWERINDIA26SEP37500PE,POWERINDIA,24SEP2026,3750000.000000,25,OPTSTK,BFO,5.000000,100000000,False
843401,ICICIGI26SEP1800CE,ICICIGI,24SEP2026,180000.000000,325,OPTSTK,BFO,5.000000,20000,False
843404,FEDERALBNK26SEP322.5CE,FEDERALBNK,24SEP2026,32250.000000,2500,OPTSTK,BFO,5.000000,200000,False
1121509,BAJAJ-AUTO26OCT13000CE,BAJAJ-AUTO,29OCT2026,1300000.000000,75,OPTSTK,BFO,5.000000,5000,False
1121548,BAJFINANCE26NOV980CE,BAJFINANCE,26NOV2026,98000.000000,750,OPTSTK,BFO,5.000000,3750,False
1121611,INDUSTOWER26NOV340PE,INDUSTOWER,26NOV2026,34000.000000,1700,OPTSTK,BFO,5.000000,170000,False
1121787,TMPV26NOV275CE,TMPV,26NOV2026,27500.000000,1600,OPTSTK,BFO,5.000000,42750,False
843416,ASHOKLEY26SEP152.5PE,ASHOKLEY,24SEP2026,15250.000000,5000,OPTSTK,BFO,5.000000,150000,False
843419,TRENT26SEP2850CE,TRENT,24SEP2026,285000.000000,225,OPTSTK,BFO,5.000000,16000,False
843422,LTM26SEP3900PE,LTM,24SEP2026,390000.000000,150,OPTSTK,BFO,5.000000,4500,False
843423,INDIGO26SEP5350PE,INDIGO,24SEP2026,535000.000000,150,OPTSTK,BFO,5.000000,12000,False
846414,TIINDIA26SEP3060PE,TIINDIA,24SEP2026,306000.000000,200,OPTSTK,BFO,5.000000,100000000,False
846421,VEDL26SEP330PE,VEDL,24SEP2026,33000.000000,1150,OPTSTK,BFO,5.000000,80000,False
846447,BLUESTARCO26SEP1540PE,BLUESTARCO,24SEP2026,154000.000000,325,OPTSTK,BFO,5.000000,100000000,False
846451,PAYTM26SEP1140PE,PAYTM,24SEP2026,114000.000000,725,OPTSTK,BFO,5.000000,100000000,False
1115928,HINDZINC26NOV620PE,HINDZINC,26NOV2026,62000.000000,1225,OPTSTK,BFO,5.000000,100000000,False
1115930,KALYANKJIL26NOV625CE,KALYANKJIL,26NOV2026,62500.000000,1350,OPTSTK,BFO,5.000000,100000000,False
1115950,BANKEX26NOV57900CE,BANKEX,26NOV2026,5790000.000000,30,OPTIDX,BFO,5.000000,900,False
1115961,AMBUJACEM26NOV425CE,AMBUJACEM,26NOV2026,42500.000000,1200,OPTSTK,BFO,5.000000,54000,False
1121794,BRITANNIA26NOV4850CE,BRITANNIA,26NOV2026,485000.000000,125,OPTSTK,BFO,5.000000,6000,False
1121809,BRITANNIA26OCT4850CE,BRITANNIA,29OCT2026,485000.000000,125,OPTSTK,BFO,5.000000,6000,False
1121822,MFSL26NOV1400CE,MFSL,26NOV2026,140000.000000,400,OPTSTK,BFO,5.000000,32000,False
1121829,BAJAJ-AUTO26SEP12900CE,BAJAJ-AUTO,24SEP2026,1290000.000000,75,OPTSTK,BFO,5.000000,5000,False
843437,INDIGO26SEP5500CE,INDIGO,24SEP2026,550000.000000,150,OPTSTK,BFO,5.000000,12000,False
843457,POWERGRID26SEP282.5CE,POWERGRID,24SEP2026,28250.000000,1900,OPTSTK,BFO,5.000000,108000,False
843458,PFC26SEP460PE,PFC,24SEP2026,46000.000000,1300,OPTSTK,BFO,5.000000,124000,False
843477,HEROMOTOCO26SEP4550PE,HEROMOTOCO,24SEP2026,455000.000000,150,OPTSTK,BFO,5.000000,9000,False
846454,MCX26SEP2550CE,MCX,24SEP2026,255000.000000,225,OPTSTK,BFO,5.000000,16000,False
846486,BAJAJHLDNG26SEP10700PE,BAJAJHLDNG,24SEP2026,1070000.000000,75,OPTSTK,BFO,5.000000,100000000,False
846494,TATAELXSI26SEP3700CE,TATAELXSI,24SEP2026,370000.000000,125,OPTSTK,BFO,5.000000,100000000,False
846501,ADANIPORTS26SEP1660PE,ADANIPORTS,24SEP2026,166000.000000,475,OPTSTK,BFO,5.000000,32000,False
1115964,FORCEMOT26NOV17000CE,FORCEMOT,26NOV2026,1700000.000000,25,OPTSTK,BFO,5.000000,100000000,False
1115970,ABB26NOV7500CE,ABB,26NOV2026,750000.000000,125,OPTSTK,BFO,5.000000,7500,False
1115984,NAM-INDIA26NOV1120CE,NAM-INDIA,26NOV2026,112000.000000,625,OPTSTK,BFO,5.000000,100000000,False
1115997,SENSEX26NOV74900CE,SENSEX,26NOV2026,7490000.000000,20,OPTIDX,BFO,5.000000,1000,False
1121875,RELIANCE26NOV1380PE,RELIANCE,26NOV2026,138000.000000,500,OPTSTK,BFO,5.000000,10000,False
1121894,ATHERENERG26OCT1860CE,ATHERENERG,29OCT2026,186000.000000,375,OPTSTK,BFO,5.000000,100000000,False
1121900,ANGELONE26SEP245CE,ANGELONE,24SEP2026,24500.000000,2500,OPTSTK,BFO,5.000000,100000000,False
1121931,ONGC26NOV252.5PE,ONGC,26NOV2026,25250.000000,2250,OPTSTK,BFO,5.000000,154000,False
843483,PETRONET26SEP285CE,PETRONET,24SEP2026,28500.000000,1900,OPTSTK,BFO,5.000000,120000,False
843497,TIINDIA26SEP3180CE,TIINDIA,24SEP2026,318000.000000,200,OPTSTK,BFO,5.000000,100000000,False
843498,BHARATFORG26SEP2100CE,BHARATFORG,24SEP2026,210000.000000,500,OPTSTK,BFO,5.000000,30000,False
843500,MARICO26SEP795PE,MARICO,24SEP2026,79500.000000,1200,OPTSTK,BFO,5.000000,48000,False
846512,HCLTECH26SEP1160CE,HCLTECH,24SEP2026,116000.000000,400,OPTSTK,BFO,5.000000,21000,False
846522,ANGELONE26SEP300PE,ANGELONE,24SEP2026,30000.000000,2500,OPTSTK,BFO,5.000000,100000000,False
846526,PAGEIND26SEP40250CE,PAGEIND,24SEP2026,4025000.000000,20,OPTSTK,BFO,5.000000,600,False
846530,LTF26SEP270CE,LTF,24SEP2026,27000.000000,2250,OPTSTK,BFO,5.000000,267720,False
843502,BAJFINANCE26SEP1020PE,BAJFINANCE,24SEP2026,102000.000000,750,OPTSTK,BFO,5.000000,3750,False
843510,DMART26SEP4650PE,DMART,24SEP2026,465000.000000,150,OPTSTK,BFO,5.000000,100000000,False
843515,AXISBANK26SEP1370CE,AXISBANK,24SEP2026,137000.000000,625,OPTSTK,BFO,5.000000,25000,False
843518,RBLBANK26SEP380CE,RBLBANK,24SEP2026,38000.000000,3175,OPTSTK,BFO,5.000000,150000,False
1116007,CROMPTON26NOV275PE,CROMPTON,26NOV2026,27500.000000,2150,OPTSTK,BFO,5.000000,90000,False
1116008,NHPC26NOV75PE,NHPC,26NOV2026,7500.000000,6950,OPTSTK,BFO,5.000000,100000000,False
1116009,AMBER26NOVFUT,AMBER,26NOV2026,0.000000,100,FUTSTK,BFO,5.000000,100000000,False
1116018,BANKBARODA26NOV220PE,BANKBARODA,26NOV2026,22000.000000,2925,OPTSTK,BFO,5.000000,175500,False
1121961,MARUTI26OCT12400PE,MARUTI,29OCT2026,1240000.000000,50,OPTSTK,BFO,5.000000,3000,False
1121987,UNITDSPR26OCT1320PE,UNITDSPR,29OCT2026,132000.000000,400,OPTSTK,BFO,5.000000,28000,False
1122006,MARUTI26OCT12400CE,MARUTI,29OCT2026,1240000.000000,50,OPTSTK,BFO,5.000000,3000,False
1122038,MUTHOOTFIN26NOV2600CE,MUTHOOTFIN,26NOV2026,260000.000000,275,OPTSTK,BFO,5.000000,22000,False
846532,HYUNDAI26SEP2000CE,HYUNDAI,24SEP2026,200000.000000,275,OPTSTK,BFO,5.000000,100000000,False
846539,AXISBANK26SEP1310CE,AXISBANK,24SEP2026,131000.000000,625,OPTSTK,BFO,5.000000,25000,False
846545,HDFCBANK26SEP780PE,HDFCBANK,24SEP2026,78000.000000,650,OPTSTK,BFO,5.000000,16500,False
846558,BANKEX26SEP67100PE,BANKEX,24SEP2026,6710000.000000,30,OPTIDX,BFO,5.000000,900,False
843555,ABCAPITAL26SEP390CE,ABCAPITAL,24SEP2026,39000.000000,3100,OPTSTK,BFO,5.000000,162000,False
843568,FOCIT26SEP30500PE,FOCIT,24SEP2026,3050000.000000,45,OPTIDX,BFO,5.000000,1350,False
843579,ADANIPORTS26SEP1940CE,ADANIPORTS,24SEP2026,194000.000000,475,OPTSTK,BFO,5.000000,32000,False
843587,ABB26SEP6700CE,ABB,24SEP2026,670000.000000,125,OPTSTK,BFO,5.000000,7500,False
846601,BANKEX26SEP65700PE,BANKEX,24SEP2026,6570000.000000,30,OPTIDX,BFO,5.000000,900,False
846637,AMBUJACEM26SEP455PE,AMBUJACEM,24SEP2026,45500.000000,1200,OPTSTK,BFO,5.000000,54000,False
1116026,ICICIGI26NOV1480CE,ICICIGI,26NOV2026,148000.000000,325,OPTSTK,BFO,5.000000,20000,False
1116046,JUBLFOOD26NOV520PE,JUBLFOOD,26NOV2026,52000.000000,1250,OPTSTK,BFO,5.000000,50000,False
1116047,ALKEM26OCT4950PE,ALKEM,29OCT2026,495000.000000,125,OPTSTK,BFO,5.000000,8000,False
1116059,FOCIT26NOV38800PE,FOCIT,26NOV2026,3880000.000000,45,OPTIDX,BFO,5.000000,1350,False
846629,UNOMINDA26SEP1280PE,UNOMINDA,24SEP2026,128000.000000,550,OPTSTK,BFO,5.000000,100000000,False
846634,MANKIND26SEP2480CE,MANKIND,24SEP2026,248000.000000,250,OPTSTK,BFO,5.000000,100000000,False
1122066,ADANIENSOL26NOV1240PE,ADANIENSOL,26NOV2026,124000.000000,675,OPTSTK,BFO,5.000000,100000000,False
1122106,ADANIENSOL26SEP1280PE,ADANIENSOL,24SEP2026,128000.000000,675,OPTSTK,BFO,5.000000,100000000,False
1122134,MARUTI26SEP12600CE,MARUTI,24SEP2026,1260000.000000,50,OPTSTK,BFO,5.000000,3000,False
1122167,SHREECEM26OCT21750PE,SHREECEM,29OCT2026,2175000.000000,25,OPTSTK,BFO,5.000000,1000,False
843621,DIXON26SEPFUT,DIXON,24SEP2026,0.000000,50,FUTSTK,BFO,5.000000,6000,False
843623,SENSEX5026SEP24450PE,SENSEX50,24SEP2026,2445000.000000,75,OPTIDX,BFO,5.000000,1800,False
843640,BRITANNIA26SEP4900CE,BRITANNIA,24SEP2026,490000.000000,125,OPTSTK,BFO,5.000000,6000,False
843649,INDHOTEL26SEP735PE,INDHOTEL,24SEP2026,73500.000000,1000,OPTSTK,BFO,5.000000,60000,False
846642,INDUSTOWER26SEP351CE,INDUSTOWER,24SEP2026,35100.000000,1700,OPTSTK,BFO,5.000000,170000,False
846645,NHPC26SEP80CE,NHPC,24SEP2026,8000.000000,6950,OPTSTK,BFO,5.000000,100000000,False
846664,GLENMARK26SEP2300CE,GLENMARK,24SEP2026,230000.000000,375,OPTSTK,BFO,5.000000,43500,False
846687,AMBER26SEP7200PE,AMBER,24SEP2026,720000.000000,100,OPTSTK,BFO,5.000000,100000000,False
1116073,DRREDDY26NOV1210PE,DRREDDY,26NOV2026,121000.000000,625,OPTSTK,BFO,5.000000,5000,False
1116099,ICICIGI26NOV1560PE,ICICIGI,26NOV2026,156000.000000,325,OPTSTK,BFO,5.000000,20000,False
1116108,BANKEX26NOV61900CE,BANKEX,26NOV2026,6190000.000000,30,OPTIDX,BFO,5.000000,900,False
1116119,PIIND26NOV2350CE,PIIND,26NOV2026,235000.000000,175,OPTSTK,BFO,5.000000,7500,False
1122242,ZYDUSLIFE26NOV1080CE,ZYDUSLIFE,26NOV2026,108000.000000,900,OPTSTK,BFO,5.000000,54000,False
1122268,SENSEX26NOV69600PE,SENSEX,26NOV2026,6960000.000000,20,OPTIDX,BFO,5.000000,1000,False
1122309,HINDZINC26NOV520PE,HINDZINC,26NOV2026,52000.000000,1225,OPTSTK,BFO,5.000000,100000000,False
1122360,IRFC26SEP75PE,IRFC,24SEP2026,7500.000000,5425,OPTSTK,BFO,5.000000,100000000,False
843655,INOXWIND26SEP89PE,INOXWIND,24SEP2026,8900.000000,6400,OPTSTK,BFO,5.000000,100000000,False
843682,SRF26SEP2800CE,SRF,24SEP2026,280000.000000,200,OPTSTK,BFO,5.000000,11250,False
843685,MCX26SEP3100CE,MCX,24SEP2026,310000.000000,225,OPTSTK,BFO,5.000000,16000,False
843699,OFSS26SEP11400PE,OFSS,24SEP2026,1140000.000000,100,OPTSTK,BFO,5.000000,8000,False
846703,MAXHEALTH26SEP1070CE,MAXHEALTH,24SEP2026,107000.000000,525,OPTSTK,BFO,5.000000,100000000,False
846724,HDFCBANK26SEP785PE,HDFCBANK,24SEP2026,78500.000000,650,OPTSTK,BFO,5.000000,16500,False
846725,TATACONSUM26SEP1090PE,TATACONSUM,24SEP2026,109000.000000,550,OPTSTK,BFO,5.000000,36000,False
846733,PETRONET26SEP292.5CE,PETRONET,24SEP2026,29250.000000,1900,OPTSTK,BFO,5.000000,120000,False
1116145,PAGEIND26NOV35000CE,PAGEIND,26NOV2026,3500000.000000,20,OPTSTK,BFO,5.000000,600,False
1116149,CUMMINSIND26NOV5500PE,CUMMINSIND,26NOV2026,550000.000000,200,OPTSTK,BFO,5.000000,18000,False
1116150,GODREJCP26NOV960CE,GODREJCP,26NOV2026,96000.000000,500,OPTSTK,BFO,5.000000,30000,False
1116162,ADANIENT26NOV2800CE,ADANIENT,26NOV2026,280000.000000,309,OPTSTK,BFO,5.000000,9000,False
843704,APOLLOHOSP26SEP8250PE,APOLLOHOSP,24SEP2026,825000.000000,125,OPTSTK,BFO,5.000000,5000,False
843725,POLICYBZR26SEPFUT,POLICYBZR,24SEP2026,0.000000,350,FUTSTK,BFO,5.000000,100000000,False
843734,NTPC26SEP355PE,NTPC,24SEP2026,35500.000000,1500,OPTSTK,BFO,5.000000,150000,False
843739,FOCIT26SEP27500PE,FOCIT,24SEP2026,2750000.000000,45,OPTIDX,BFO,5.000000,1350,False
1122495,HDFCLIFE26NOV500CE,HDFCLIFE,26NOV2026,50000.000000,1100,OPTSTK,BFO,5.000000,44000,False
1122412,RBLBANK26NOV425PE,RBLBANK,26NOV2026,42500.000000,3175,OPTSTK,BFO,5.000000,150000,False
1122416,SHRIRAMFIN26NOV900PE,SHRIRAMFIN,26NOV2026,90000.000000,825,OPTSTK,BFO,5.000000,18000,False
1122442,TATACONSUM26OCT940PE,TATACONSUM,29OCT2026,94000.000000,550,OPTSTK,BFO,5.000000,36000,False
846753,BANKINDIA26SEP152.5PE,BANKINDIA,24SEP2026,15250.000000,5200,OPTSTK,BFO,5.000000,100000000,False
846754,MAXHEALTH26SEP1150PE,MAXHEALTH,24SEP2026,115000.000000,525,OPTSTK,BFO,5.000000,100000000,False
846756,DRREDDY26SEP1390PE,DRREDDY,24SEP2026,139000.000000,625,OPTSTK,BFO,5.000000,5000,False
846773,HINDZINC26SEP510CE,HINDZINC,24SEP2026,51000.000000,1225,OPTSTK,BFO,5.000000,100000000,False
843760,LODHA26SEP1010CE,LODHA,24SEP2026,101000.000000,625,OPTSTK,BFO,5.000000,100000000,False
843763,HINDALCO26SEP920CE,HINDALCO,24SEP2026,92000.000000,700,OPTSTK,BFO,5.000000,56000,False
843769,WIPRO26SEP175PE,WIPRO,24SEP2026,17500.000000,3000,OPTSTK,BFO,5.000000,60000,False
843772,TORNTPHARM26SEP4500PE,TORNTPHARM,24SEP2026,450000.000000,125,OPTSTK,BFO,5.000000,15000,False
1116168,GODFRYPHLP26NOV1900PE,GODFRYPHLP,26NOV2026,190000.000000,275,OPTSTK,BFO,5.000000,100000000,False
1116173,LAURUSLABS26NOV1980PE,LAURUSLABS,26NOV2026,198000.000000,850,OPTSTK,BFO,5.000000,68000,False
1116197,ADANIENT26NOV3500PE,ADANIENT,26NOV2026,350000.000000,309,OPTSTK,BFO,5.000000,9000,False
1116205,PNBHOUSING26NOV1260CE,PNBHOUSING,26NOV2026,126000.000000,650,OPTSTK,BFO,5.000000,100000000,False
1122515,IREDA26NOV95PE,IREDA,26NOV2026,9500.000000,4525,OPTSTK,BFO,5.000000,100000000,False
1122545,ALKEM26SEP4900CE,ALKEM,24SEP2026,490000.000000,125,OPTSTK,BFO,5.000000,8000,False
1122579,EICHERMOT26NOV7100CE,EICHERMOT,26NOV2026,710000.000000,100,OPTSTK,BFO,5.000000,7000,False
1122668,NESTLEIND26OCT1350PE,NESTLEIND,29OCT2026,135000.000000,500,OPTSTK,BFO,5.000000,1200,False
846776,INDHOTEL26SEP710CE,INDHOTEL,24SEP2026,71000.000000,1000,OPTSTK,BFO,5.000000,60000,False
846777,CHOLAFIN26SEP1780CE,CHOLAFIN,24SEP2026,178000.000000,625,OPTSTK,BFO,5.000000,25000,False
846791,GRASIM26SEP3160CE,GRASIM,24SEP2026,316000.000000,250,OPTSTK,BFO,5.000000,14250,False
846799,BANKEX26SEP60300PE,BANKEX,24SEP2026,6030000.000000,30,OPTIDX,BFO,5.000000,900,False
843781,COALINDIA26SEPFUT,COALINDIA,24SEP2026,0.000000,1350,FUTSTK,BFO,5.000000,126000,False
843784,BANKEX26SEP62000CE,BANKEX,24SEP2026,6200000.000000,30,OPTIDX,BFO,5.000000,900,False
843794,BANKEX26SEP66600CE,BANKEX,24SEP2026,6660000.000000,30,OPTIDX,BFO,5.000000,900,False
843802,TATASTEEL26SEP197.5PE,TATASTEEL,24SEP2026,19750.000000,2750,OPTSTK,BFO,5.000000,220000,False
846824,KAYNES26SEP2900CE,KAYNES,24SEP2026,290000.000000,150,OPTSTK,BFO,5.000000,100000000,False
846833,HEROMOTOCO26SEP4700CE,HEROMOTOCO,24SEP2026,470000.000000,150,OPTSTK,BFO,5.000000,9000,False
846836,IREDA26SEP124CE,IREDA,24SEP2026,12400.000000,4525,OPTSTK,BFO,5.000000,100000000,False
846846,BANKEX26SEP61000CE,BANKEX,24SEP2026,6100000.000000,30,OPTIDX,BFO,5.000000,900,False
1116214,SENSEX26O1583600PE,SENSEX,15OCT2026,8360000.000000,20,OPTIDX,BFO,5.000000,1000,False
1116218,DABUR26NOV360PE,DABUR,26NOV2026,36000.000000,1250,OPTSTK,BFO,5.000000,50000,False
1116233,MPHASIS26NOV2450PE,MPHASIS,26NOV2026,245000.000000,275,OPTSTK,BFO,5.000000,11000,False
1116237,CANBK26NOV130PE,CANBK,26NOV2026,13000.000000,6750,OPTSTK,BFO,5.000000,81000,False
1122706,TATACONSUM26NOV940CE,TATACONSUM,26NOV2026,94000.000000,550,OPTSTK,BFO,5.000000,36000,False
1122741,ASIANPAINT26OCT2380PE,ASIANPAINT,29OCT2026,238000.000000,250,OPTSTK,BFO,5.000000,8000,False
1122750,TATASTEEL26NOV165PE,TATASTEEL,26NOV2026,16500.000000,2750,OPTSTK,BFO,5.000000,220000,False
1122831,SENSEX2691769800PE,SENSEX,17SEP2026,6980000.000000,20,OPTIDX,BFO,5.000000,1000,False
843824,DMART26SEP4200PE,DMART,24SEP2026,420000.000000,150,OPTSTK,BFO,5.000000,100000000,False
843856,COLPAL26SEP1860CE,COLPAL,24SEP2026,186000.000000,275,OPTSTK,BFO,5.000000,14000,False
843858,POWERGRID26SEP287.5PE,POWERGRID,24SEP2026,28750.000000,1900,OPTSTK,BFO,5.000000,108000,False
843862,ASIANPAINT26SEP2680CE,ASIANPAINT,24SEP2026,268000.000000,250,OPTSTK,BFO,5.000000,8000,False
846852,SENSEX5026SEP25900CE,SENSEX50,24SEP2026,2590000.000000,75,OPTIDX,BFO,5.000000,1800,False
846859,SENSEX31JUN79000PE,SENSEX,26JUN2031,7900000.000000,20,OPTIDX,BFO,5.000000,1000,False
846861,BANKEX26SEP67900CE,BANKEX,24SEP2026,6790000.000000,30,OPTIDX,BFO,5.000000,900,False
846862,MAZDOCK26SEP2460CE,MAZDOCK,24SEP2026,246000.000000,225,OPTSTK,BFO,5.000000,100000000,False
1122921,GODREJPROP26NOV1820CE,GODREJPROP,26NOV2026,182000.000000,325,OPTSTK,BFO,5.000000,19000,False
1122945,SENSEX5026NOV24150CE,SENSEX50,26NOV2026,2415000.000000,75,OPTIDX,BFO,5.000000,1800,False
1122971,COCHINSHIP26NOV1320PE,COCHINSHIP,26NOV2026,132000.000000,400,OPTSTK,BFO,5.000000,100000000,False
1122980,HDFCLIFE26NOV500PE,HDFCLIFE,26NOV2026,50000.000000,1100,OPTSTK,BFO,5.000000,44000,False
843867,WAAREEENER26SEP2650PE,WAAREEENER,24SEP2026,265000.000000,175,OPTSTK,BFO,5.000000,100000000,False
843869,MPHASIS26SEP2118PE,MPHASIS,24SEP2026,211800.000000,275,OPTSTK,BFO,5.000000,11000,False
843873,CIPLA26SEP1440CE,CIPLA,24SEP2026,144000.000000,425,OPTSTK,BFO,5.000000,26000,False
843877,CROMPTON26SEP290PE,CROMPTON,24SEP2026,29000.000000,2150,OPTSTK,BFO,5.000000,90000,False
1116258,HDFCLIFE26NOV525PE,HDFCLIFE,26NOV2026,52500.000000,1100,OPTSTK,BFO,5.000000,44000,False
1116276,MARICO26NOV810CE,MARICO,26NOV2026,81000.000000,1200,OPTSTK,BFO,5.000000,48000,False
1116304,RECLTD26NOV310PE,RECLTD,26NOV2026,31000.000000,1575,OPTSTK,BFO,5.000000,160000,False
1116306,SENSEX26NOV79600CE,SENSEX,26NOV2026,7960000.000000,20,OPTIDX,BFO,5.000000,1000,False
846867,TITAN26SEP4000CE,TITAN,24SEP2026,400000.000000,175,OPTSTK,BFO,5.000000,11250,False
846878,PIDILITIND26SEP1670PE,PIDILITIND,24SEP2026,167000.000000,500,OPTSTK,BFO,5.000000,10000,False
846887,ASIANPAINT26SEP2620CE,ASIANPAINT,24SEP2026,262000.000000,250,OPTSTK,BFO,5.000000,8000,False
846892,IEX26SEP125PE,IEX,24SEP2026,12500.000000,4350,OPTSTK,BFO,5.000000,150000,False
843878,NESTLEIND26SEP1430PE,NESTLEIND,24SEP2026,143000.000000,500,OPTSTK,BFO,5.000000,1200,False
843900,COLPAL26SEP1940PE,COLPAL,24SEP2026,194000.000000,275,OPTSTK,BFO,5.000000,14000,False
843928,IEX26SEP126PE,IEX,24SEP2026,12600.000000,4350,OPTSTK,BFO,5.000000,150000,False
843931,GVT&D26SEP5000CE,GVT&D,24SEP2026,500000.000000,125,OPTSTK,BFO,5.000000,100000000,False
1123022,TATASTEEL26NOV165CE,TATASTEEL,26NOV2026,16500.000000,2750,OPTSTK,BFO,5.000000,220000,False
1123076,PHOENIXLTD26NOV2080PE,PHOENIXLTD,26NOV2026,208000.000000,350,OPTSTK,BFO,5.000000,100000000,False
1123146,DABUR26NOV345CE,DABUR,26NOV2026,34500.000000,1250,OPTSTK,BFO,5.000000,50000,False
1123180,HINDZINC26NOV520CE,HINDZINC,26NOV2026,52000.000000,1225,OPTSTK,BFO,5.000000,100000000,False
846895,HINDUNILVR26SEP2300CE,HINDUNILVR,24SEP2026,230000.000000,300,OPTSTK,BFO,5.000000,9000,False
846913,KOTAKBANK26SEP392.5CE,KOTAKBANK,24SEP2026,39250.000000,2000,OPTSTK,BFO,5.000000,12000,False
846917,BLUESTARCO26SEP1740PE,BLUESTARCO,24SEP2026,174000.000000,325,OPTSTK,BFO,5.000000,100000000,False
846932,COCHINSHIP26SEP1340PE,COCHINSHIP,24SEP2026,134000.000000,400,OPTSTK,BFO,5.000000,100000000,False
1116318,BANKEX26NOV62500CE,BANKEX,26NOV2026,6250000.000000,30,OPTIDX,BFO,5.000000,900,False
1116327,FOCIT26NOV31100PE,FOCIT,26NOV2026,3110000.000000,45,OPTIDX,BFO,5.000000,1350,False
1116331,PATANJALI26NOV345CE,PATANJALI,26NOV2026,34500.000000,1075,OPTSTK,BFO,5.000000,100000000,False
1116360,JUBLFOOD26NOV490CE,JUBLFOOD,26NOV2026,49000.000000,1250,OPTSTK,BFO,5.000000,50000,False
843956,ICICIGI26SEP1920PE,ICICIGI,24SEP2026,192000.000000,325,OPTSTK,BFO,5.000000,20000,False
843964,POLYCAB26SEP9300PE,POLYCAB,24SEP2026,930000.000000,125,OPTSTK,BFO,5.000000,9000,False
843967,TCS26SEP2240PE,TCS,24SEP2026,224000.000000,225,OPTSTK,BFO,5.000000,7000,False
843968,ASHOKLEY26SEP160PE,ASHOKLEY,24SEP2026,16000.000000,5000,OPTSTK,BFO,5.000000,150000,False
1123202,MAXHEALTH26NOV930CE,MAXHEALTH,26NOV2026,93000.000000,525,OPTSTK,BFO,5.000000,100000000,False
1123219,M&M26OCT2850CE,M&M,29OCT2026,285000.000000,200,OPTSTK,BFO,5.000000,21000,False
1123234,SENSEX5026NOV24200PE,SENSEX50,26NOV2026,2420000.000000,75,OPTIDX,BFO,5.000000,1800,False
1123239,SENSEX26O0169800CE,SENSEX,01OCT2026,6980000.000000,20,OPTIDX,BFO,5.000000,1000,False
846955,SENSEX5026SEP25650CE,SENSEX50,24SEP2026,2565000.000000,75,OPTIDX,BFO,5.000000,1800,False
846970,MFSL26SEP1600CE,MFSL,24SEP2026,160000.000000,400,OPTSTK,BFO,5.000000,32000,False
846972,NAM-INDIA26SEP1020PE,NAM-INDIA,24SEP2026,102000.000000,625,OPTSTK,BFO,5.000000,100000000,False
846973,TATAELXSI26SEP3900CE,TATAELXSI,24SEP2026,390000.000000,125,OPTSTK,BFO,5.000000,100000000,False
843969,OBEROIRLTY26SEP1600PE,OBEROIRLTY,24SEP2026,160000.000000,350,OPTSTK,BFO,5.000000,28000,False
843971,BANKEX26SEP66000PE,BANKEX,24SEP2026,6600000.000000,30,OPTIDX,BFO,5.000000,900,False
843998,MUTHOOTFIN26SEP2900CE,MUTHOOTFIN,24SEP2026,290000.000000,275,OPTSTK,BFO,5.000000,22000,False
844019,POWERGRID26SEP290CE,POWERGRID,24SEP2026,29000.000000,1900,OPTSTK,BFO,5.000000,108000,False
1116362,SAIL26NOV187.5PE,SAIL,26NOV2026,18750.000000,4700,OPTSTK,BFO,5.000000,320000,False
1116369,TORNTPHARM26NOV5200CE,TORNTPHARM,26NOV2026,520000.000000,125,OPTSTK,BFO,5.000000,15000,False
1116377,YESBANK26NOV18PE,YESBANK,26NOV2026,1800.000000,31100,OPTSTK,BFO,5.000000,100000000,False
1116379,MAHABANK26OCT83CE,MAHABANK,29OCT2026,8300.000000,6500,OPTSTK,BFO,5.000000,100000000,False
847007,SAIL26SEP167.5CE,SAIL,24SEP2026,16750.000000,4700,OPTSTK,BFO,5.000000,320000,False
847013,LTM26SEP3550CE,LTM,24SEP2026,355000.000000,150,OPTSTK,BFO,5.000000,4500,False
847025,ETERNAL26SEP270PE,ETERNAL,24SEP2026,27000.000000,2425,OPTSTK,BFO,5.000000,100000000,False
847027,SENSEX5026SEP25300PE,SENSEX50,24SEP2026,2530000.000000,75,OPTIDX,BFO,5.000000,1800,False
1123259,SENSEX5026NOV24200CE,SENSEX50,26NOV2026,2420000.000000,75,OPTIDX,BFO,5.000000,1800,False
1123260,BOSCHLTD26NOV43500CE,BOSCHLTD,26NOV2026,4350000.000000,25,OPTSTK,BFO,5.000000,1500,False
1123351,NESTLEIND26NOV1350CE,NESTLEIND,26NOV2026,135000.000000,500,OPTSTK,BFO,5.000000,1200,False
1123373,NESTLEIND26OCT1350CE,NESTLEIND,29OCT2026,135000.000000,500,OPTSTK,BFO,5.000000,1200,False
844122,TITAN26SEP4600CE,TITAN,24SEP2026,460000.000000,175,OPTSTK,BFO,5.000000,11250,False
844037,CHOLAFIN26SEP1720PE,CHOLAFIN,24SEP2026,172000.000000,625,OPTSTK,BFO,5.000000,25000,False
844085,LAURUSLABS26SEP1500CE,LAURUSLABS,24SEP2026,150000.000000,850,OPTSTK,BFO,5.000000,68000,False
844121,CUMMINSIND26SEP5450PE,CUMMINSIND,24SEP2026,545000.000000,200,OPTSTK,BFO,5.000000,18000,False
1116401,PAGEIND26NOV39000PE,PAGEIND,26NOV2026,3900000.000000,20,OPTSTK,BFO,5.000000,600,False
1116409,MPHASIS26NOV2350CE,MPHASIS,26NOV2026,235000.000000,275,OPTSTK,BFO,5.000000,11000,False
1116414,BPCL26NOV355CE,BPCL,26NOV2026,35500.000000,1975,OPTSTK,BFO,5.000000,72000,False
1116476,VEDL26NOV250CE,VEDL,26NOV2026,25000.000000,1150,OPTSTK,BFO,5.000000,80000,False
844128,SBICARD26SEP680CE,SBICARD,24SEP2026,68000.000000,800,OPTSTK,BFO,5.000000,32000,False
844131,KALYANKJIL26SEP390PE,KALYANKJIL,24SEP2026,39000.000000,1350,OPTSTK,BFO,5.000000,100000000,False
844137,FORTIS26SEP920PE,FORTIS,24SEP2026,92000.000000,775,OPTSTK,BFO,5.000000,100000000,False
844147,CUMMINSIND26SEP5600CE,CUMMINSIND,24SEP2026,560000.000000,200,OPTSTK,BFO,5.000000,18000,False
847056,INDUSINDBK26SEP960PE,INDUSINDBK,24SEP2026,96000.000000,700,OPTSTK,BFO,5.000000,20000,False
847061,POLICYBZR26SEP1660PE,POLICYBZR,24SEP2026,166000.000000,350,OPTSTK,BFO,5.000000,100000000,False
847063,JIOFIN26SEP232.5PE,JIOFIN,24SEP2026,23250.000000,2350,OPTSTK,BFO,5.000000,100000000,False
847083,BANKEX26SEP63600PE,BANKEX,24SEP2026,6360000.000000,30,OPTIDX,BFO,5.000000,900,False
1123429,BRITANNIA26OCT4800CE,BRITANNIA,29OCT2026,480000.000000,125,OPTSTK,BFO,5.000000,6000,False
1123571,SENSEX26O2279100PE,SENSEX,22OCT2026,7910000.000000,20,OPTIDX,BFO,5.000000,1000,False
1123591,SENSEX26O2276900PE,SENSEX,22OCT2026,7690000.000000,20,OPTIDX,BFO,5.000000,1000,False
1123597,HINDUNILVR26SEP1820PE,HINDUNILVR,24SEP2026,182000.000000,300,OPTSTK,BFO,5.000000,9000,False
1116873,TECHM26NOV1680CE,TECHM,26NOV2026,168000.000000,600,OPTSTK,BFO,5.000000,24000,False
1116892,SONACOMS26NOV770CE,SONACOMS,26NOV2026,77000.000000,1225,OPTSTK,BFO,5.000000,100000000,False
1116906,DLF26NOV720PE,DLF,26NOV2026,72000.000000,950,OPTSTK,BFO,5.000000,49500,False
1116907,SOLARINDS26NOVFUT,SOLARINDS,26NOV2026,0.000000,50,FUTSTK,BFO,5.000000,100000000,False
844149,FEDERALBNK26SEP330PE,FEDERALBNK,24SEP2026,33000.000000,2500,OPTSTK,BFO,5.000000,200000,False
844164,ASHOKLEY26SEP165PE,ASHOKLEY,24SEP2026,16500.000000,5000,OPTSTK,BFO,5.000000,150000,False
844166,FEDERALBNK26SEPFUT,FEDERALBNK,24SEP2026,0.000000,2500,FUTSTK,BFO,5.000000,200000,False
844177,VEDL26SEP300PE,VEDL,24SEP2026,30000.000000,1150,OPTSTK,BFO,5.000000,80000,False
847087,SHRIRAMFIN26SEP980CE,SHRIRAMFIN,24SEP2026,98000.000000,825,OPTSTK,BFO,5.000000,18000,False
847113,BAJFINANCE26SEP910CE,BAJFINANCE,24SEP2026,91000.000000,750,OPTSTK,BFO,5.000000,3750,False
847132,360ONE26SEP1120CE,,24SEP2026,112000.000000,500,OPTSTK,BFO,5.000000,100000000,False
847138,BRITANNIA26SEP5500CE,BRITANNIA,24SEP2026,550000.000000,125,OPTSTK,BFO,5.000000,6000,False
1123602,SENSEX26O2277100PE,SENSEX,22OCT2026,7710000.000000,20,OPTIDX,BFO,5.000000,1000,False
1123633,PGEL26OCT490PE,PGEL,29OCT2026,49000.000000,950,OPTSTK,BFO,5.000000,100000000,False
1123644,SENSEX26O2273400PE,SENSEX,22OCT2026,7340000.000000,20,OPTIDX,BFO,5.000000,1000,False
1123648,SENSEX26O1569500PE,SENSEX,15OCT2026,6950000.000000,20,OPTIDX,BFO,5.000000,1000,False
1116934,LICI26NOV415CE,LICI,26NOV2026,41500.000000,1400,OPTSTK,BFO,5.000000,100000000,False
1116943,CIPLA26NOV1380PE,CIPLA,26NOV2026,138000.000000,425,OPTSTK,BFO,5.000000,26000,False
1116949,LICHSGFIN26NOV560CE,LICHSGFIN,26NOV2026,56000.000000,1000,OPTSTK,BFO,5.000000,60000,False
1116950,NAM-INDIA26NOV1260PE,NAM-INDIA,26NOV2026,126000.000000,625,OPTSTK,BFO,5.000000,100000000,False
844183,KAYNES26SEP3200CE,KAYNES,24SEP2026,320000.000000,150,OPTSTK,BFO,5.000000,100000000,False
844186,SENSEX27JUN77000CE,SENSEX,24JUN2027,7700000.000000,20,OPTIDX,BFO,5.000000,1000,False
844198,HEROMOTOCO26SEP5000CE,HEROMOTOCO,24SEP2026,500000.000000,150,OPTSTK,BFO,5.000000,9000,False
844217,PERSISTENT26SEP4850CE,PERSISTENT,24SEP2026,485000.000000,125,OPTSTK,BFO,5.000000,5250,False
847144,CUMMINSIND26SEP6000CE,CUMMINSIND,24SEP2026,600000.000000,200,OPTSTK,BFO,5.000000,18000,False
847153,ICICIPRULI26SEP455PE,ICICIPRULI,24SEP2026,45500.000000,925,OPTSTK,BFO,5.000000,60000,False
847162,SENSEX5026SEP25950PE,SENSEX50,24SEP2026,2595000.000000,75,OPTIDX,BFO,5.000000,1800,False
847166,PETRONET26SEP265PE,PETRONET,24SEP2026,26500.000000,1900,OPTSTK,BFO,5.000000,120000,False
1123682,SENSEX26O2273700CE,SENSEX,22OCT2026,7370000.000000,20,OPTIDX,BFO,5.000000,1000,False
1123713,SENSEX26O2269400CE,SENSEX,22OCT2026,6940000.000000,20,OPTIDX,BFO,5.000000,1000,False
1123735,SUPREMEIND26NOV3150CE,SUPREMEIND,26NOV2026,315000.000000,175,OPTSTK,BFO,5.000000,100000000,False
1123782,SENSEX26O2279700CE,SENSEX,22OCT2026,7970000.000000,20,OPTIDX,BFO,5.000000,1000,False
844220,HINDZINC26SEP460PE,HINDZINC,24SEP2026,46000.000000,1225,OPTSTK,BFO,5.000000,100000000,False
844222,ADANIGREEN26SEP1580CE,ADANIGREEN,24SEP2026,158000.000000,600,OPTSTK,BFO,5.000000,100000000,False
844249,TRENT26SEP3300PE,TRENT,24SEP2026,330000.000000,225,OPTSTK,BFO,5.000000,16000,False
844263,LTM26SEP4100CE,LTM,24SEP2026,410000.000000,150,OPTSTK,BFO,5.000000,4500,False
847168,SUZLON26SEP56CE,SUZLON,24SEP2026,5600.000000,12700,OPTSTK,BFO,5.000000,100000000,False
847239,ASTRAL26SEP1620PE,ASTRAL,24SEP2026,162000.000000,425,OPTSTK,BFO,5.000000,14680,False
847252,JUBLFOOD26SEP415PE,JUBLFOOD,24SEP2026,41500.000000,1250,OPTSTK,BFO,5.000000,50000,False
847255,ASTRAL26SEP1460PE,ASTRAL,24SEP2026,146000.000000,425,OPTSTK,BFO,5.000000,14680,False
1116951,BANDHANBNK26NOV185CE,BANDHANBNK,26NOV2026,18500.000000,3600,OPTSTK,BFO,5.000000,100000,False
1116952,AUBANK26NOV1140CE,AUBANK,26NOV2026,114000.000000,1000,OPTSTK,BFO,5.000000,30000,False
1116957,PHOENIXLTD26NOV1860PE,PHOENIXLTD,26NOV2026,186000.000000,350,OPTSTK,BFO,5.000000,100000000,False
1116960,SENSEX5026NOV25950PE,SENSEX50,26NOV2026,2595000.000000,75,OPTIDX,BFO,5.000000,1800,False
1123791,BHARATFORG26OCT1860PE,BHARATFORG,29OCT2026,186000.000000,500,OPTSTK,BFO,5.000000,30000,False
1123815,MAHABANK26NOV93PE,MAHABANK,26NOV2026,9300.000000,6500,OPTSTK,BFO,5.000000,100000000,False
1123834,ICICIGI26OCT1380CE,ICICIGI,29OCT2026,138000.000000,325,OPTSTK,BFO,5.000000,20000,False
1123848,SENSEX26O2277000PE,SENSEX,22OCT2026,7700000.000000,20,OPTIDX,BFO,5.000000,1000,False
844264,SOLARINDS26SEP18250PE,SOLARINDS,24SEP2026,1825000.000000,50,OPTSTK,BFO,5.000000,100000000,False
844265,CGPOWER26SEP930CE,CGPOWER,24SEP2026,93000.000000,850,OPTSTK,BFO,5.000000,100000000,False
844288,HCLTECH26SEP1130CE,HCLTECH,24SEP2026,113000.000000,400,OPTSTK,BFO,5.000000,21000,False
844298,MARICO26SEP830CE,MARICO,24SEP2026,83000.000000,1200,OPTSTK,BFO,5.000000,48000,False
847299,MPHASIS26SEP2338CE,MPHASIS,24SEP2026,233800.000000,275,OPTSTK,BFO,5.000000,11000,False
847301,UNIONBANK26SEP185PE,UNIONBANK,24SEP2026,18500.000000,4425,OPTSTK,BFO,5.000000,100000000,False
847305,HEROMOTOCO26SEP4900CE,HEROMOTOCO,24SEP2026,490000.000000,150,OPTSTK,BFO,5.000000,9000,False
847311,FEDERALBNK26SEP307.5PE,FEDERALBNK,24SEP2026,30750.000000,2500,OPTSTK,BFO,5.000000,200000,False
1116988,CIPLA26NOV1370CE,CIPLA,26NOV2026,137000.000000,425,OPTSTK,BFO,5.000000,26000,False
1116990,PETRONET26NOV300CE,PETRONET,26NOV2026,30000.000000,1900,OPTSTK,BFO,5.000000,120000,False
1116995,DMART26NOV3500CE,DMART,26NOV2026,350000.000000,150,OPTSTK,BFO,5.000000,100000000,False
1117020,PREMIERENE26NOV1140PE,PREMIERENE,26NOV2026,114000.000000,650,OPTSTK,BFO,5.000000,100000000,False
1123962,SENSEX26O2281900PE,SENSEX,22OCT2026,8190000.000000,20,OPTIDX,BFO,5.000000,1000,False
1123987,CIPLA26NOV1320CE,CIPLA,26NOV2026,132000.000000,425,OPTSTK,BFO,5.000000,26000,False
1124017,CIPLA26OCT1320CE,CIPLA,29OCT2026,132000.000000,425,OPTSTK,BFO,5.000000,26000,False
1124094,SENSEX26O2274100PE,SENSEX,22OCT2026,7410000.000000,20,OPTIDX,BFO,5.000000,1000,False
844309,ADANIPOWER26SEP217.5PE,ADANIPOWER,24SEP2026,21750.000000,3550,OPTSTK,BFO,5.000000,100000000,False
844333,GODREJCP26SEP1020CE,GODREJCP,24SEP2026,102000.000000,500,OPTSTK,BFO,5.000000,30000,False
844335,SONACOMS26SEP595PE,SONACOMS,24SEP2026,59500.000000,1225,OPTSTK,BFO,5.000000,100000000,False
844337,NESTLEIND26SEP1390CE,NESTLEIND,24SEP2026,139000.000000,500,OPTSTK,BFO,5.000000,1200,False
847323,SAIL26SEP170CE,SAIL,24SEP2026,17000.000000,4700,OPTSTK,BFO,5.000000,320000,False
847329,TORNTPHARM26SEP4150CE,TORNTPHARM,24SEP2026,415000.000000,125,OPTSTK,BFO,5.000000,15000,False
847335,BANKEX26SEP70500PE,BANKEX,24SEP2026,7050000.000000,30,OPTIDX,BFO,5.000000,900,False
847344,KPITTECH26SEP700PE,KPITTECH,24SEP2026,70000.000000,775,OPTSTK,BFO,5.000000,100000000,False
1117037,SAGILITY26OCT36CE,SAGILITY,29OCT2026,3600.000000,12000,OPTSTK,BFO,5.000000,100000000,False
1117085,ZYDUSLIFE26NOV1130CE,ZYDUSLIFE,26NOV2026,113000.000000,900,OPTSTK,BFO,5.000000,54000,False
1117093,MANAPPURAM26NOV340CE,MANAPPURAM,26NOV2026,34000.000000,3000,OPTSTK,BFO,5.000000,180000,False
1117096,PIIND26NOV2650PE,PIIND,26NOV2026,265000.000000,175,OPTSTK,BFO,5.000000,7500,False
844340,UNOMINDA26SEP1180PE,UNOMINDA,24SEP2026,118000.000000,550,OPTSTK,BFO,5.000000,100000000,False
844348,NBCC26SEP100PE,NBCC,24SEP2026,10000.000000,6500,OPTSTK,BFO,5.000000,100000000,False
844359,FORTIS26SEP890CE,FORTIS,24SEP2026,89000.000000,775,OPTSTK,BFO,5.000000,100000000,False
844365,ASTRAL26SEP1580CE,ASTRAL,24SEP2026,158000.000000,425,OPTSTK,BFO,5.000000,14680,False
847366,CIPLA26SEP1420CE,CIPLA,24SEP2026,142000.000000,425,OPTSTK,BFO,5.000000,26000,False
847381,ASTRAL26SEP1360CE,ASTRAL,24SEP2026,136000.000000,425,OPTSTK,BFO,5.000000,14680,False
847385,SIEMENS26SEP3750CE,SIEMENS,24SEP2026,375000.000000,175,OPTSTK,BFO,5.000000,8250,False
847390,PREMIERENE26SEP1030PE,PREMIERENE,24SEP2026,103000.000000,650,OPTSTK,BFO,5.000000,100000000,False
1124103,MARUTI26NOV12000CE,MARUTI,26NOV2026,1200000.000000,50,OPTSTK,BFO,5.000000,3000,False
1124128,SENSEX26O2275900CE,SENSEX,22OCT2026,7590000.000000,20,OPTIDX,BFO,5.000000,1000,False
1124145,SENSEX26O2281200PE,SENSEX,22OCT2026,8120000.000000,20,OPTIDX,BFO,5.000000,1000,False
1124174,SENSEX26O2279900PE,SENSEX,22OCT2026,7990000.000000,20,OPTIDX,BFO,5.000000,1000,False
1117097,PATANJALI26NOV345PE,PATANJALI,26NOV2026,34500.000000,1075,OPTSTK,BFO,5.000000,100000000,False
1117103,LICHSGFIN26NOV470CE,LICHSGFIN,26NOV2026,47000.000000,1000,OPTSTK,BFO,5.000000,60000,False
1117166,CONCOR26NOV490PE,CONCOR,26NOV2026,49000.000000,1250,OPTSTK,BFO,5.000000,40000,False
1117185,TCS26NOV2160CE,TCS,26NOV2026,216000.000000,225,OPTSTK,BFO,5.000000,7000,False
844374,LTF26SEP310CE,LTF,24SEP2026,31000.000000,2250,OPTSTK,BFO,5.000000,267720,False
844378,NESTLEIND26SEP1470PE,NESTLEIND,24SEP2026,147000.000000,500,OPTSTK,BFO,5.000000,1200,False
844397,SHRIRAMFIN26SEP1100CE,SHRIRAMFIN,24SEP2026,110000.000000,825,OPTSTK,BFO,5.000000,18000,False
844400,SENSEX30JUN80000CE,SENSEX,27JUN2030,8000000.000000,20,OPTIDX,BFO,5.000000,1000,False
847402,ADANIENSOL26SEP1600CE,ADANIENSOL,24SEP2026,160000.000000,675,OPTSTK,BFO,5.000000,100000000,False
847412,ASHOKLEY26SEP172.5PE,ASHOKLEY,24SEP2026,17250.000000,5000,OPTSTK,BFO,5.000000,150000,False
847436,NAM-INDIA26SEP1220PE,NAM-INDIA,24SEP2026,122000.000000,625,OPTSTK,BFO,5.000000,100000000,False
847449,ICICIGI26SEP1900PE,ICICIGI,24SEP2026,190000.000000,325,OPTSTK,BFO,5.000000,20000,False
1117189,FOCIT26NOV33300CE,FOCIT,26NOV2026,3330000.000000,45,OPTIDX,BFO,5.000000,1350,False
1117226,SONACOMS26NOV770PE,SONACOMS,26NOV2026,77000.000000,1225,OPTSTK,BFO,5.000000,100000000,False
1117268,MAXHEALTH26NOV1010PE,MAXHEALTH,26NOV2026,101000.000000,525,OPTSTK,BFO,5.000000,100000000,False
1117276,APOLLOHOSP26NOVFUT,APOLLOHOSP,26NOV2026,0.000000,125,FUTSTK,BFO,5.000000,5000,False
1124206,NMDC26NOV78PE,NMDC,26NOV2026,7800.000000,6750,OPTSTK,BFO,5.000000,225000,False
1124216,SENSEX26O2269600CE,SENSEX,22OCT2026,6960000.000000,20,OPTIDX,BFO,5.000000,1000,False
1124282,SENSEX26O2276700CE,SENSEX,22OCT2026,7670000.000000,20,OPTIDX,BFO,5.000000,1000,False
1124284,MANKIND26OCT2200CE,MANKIND,29OCT2026,220000.000000,250,OPTSTK,BFO,5.000000,100000000,False
844409,SBICARD26SEP590PE,SBICARD,24SEP2026,59000.000000,800,OPTSTK,BFO,5.000000,32000,False
844430,BAJAJHLDNG26SEP10500CE,BAJAJHLDNG,24SEP2026,1050000.000000,75,OPTSTK,BFO,5.000000,100000000,False
844436,GLENMARK26SEP2120PE,GLENMARK,24SEP2026,212000.000000,375,OPTSTK,BFO,5.000000,43500,False
844449,MUTHOOTFIN26SEP2950PE,MUTHOOTFIN,24SEP2026,295000.000000,275,OPTSTK,BFO,5.000000,22000,False
847461,BDL26SEP1220CE,BDL,24SEP2026,122000.000000,425,OPTSTK,BFO,5.000000,100000000,False
847464,BAJAJFINSV26SEP1640PE,BAJAJFINSV,24SEP2026,164000.000000,300,OPTSTK,BFO,5.000000,20000,False
847465,ICICIGI26SEP1740PE,ICICIGI,24SEP2026,174000.000000,325,OPTSTK,BFO,5.000000,20000,False
847470,INFY26SEP1110PE,INFY,24SEP2026,111000.000000,400,OPTSTK,BFO,5.000000,16000,False
1124327,INOXWIND26NOV92.5PE,INOXWIND,26NOV2026,9250.000000,6400,OPTSTK,BFO,5.000000,100000000,False
1124373,MARICO26NOV750CE,MARICO,26NOV2026,75000.000000,1200,OPTSTK,BFO,5.000000,48000,False
1124444,SENSEX27MAR82000CE,SENSEX,25MAR2027,8200000.000000,20,OPTIDX,BFO,5.000000,1000,False
1124470,DMART26NOV3400CE,DMART,26NOV2026,340000.000000,150,OPTSTK,BFO,5.000000,100000000,False
844460,SENSEX30JUN77000PE,SENSEX,27JUN2030,7700000.000000,20,OPTIDX,BFO,5.000000,1000,False
844462,UNOMINDA26SEP1240CE,UNOMINDA,24SEP2026,124000.000000,550,OPTSTK,BFO,5.000000,100000000,False
844475,PGEL26SEP600PE,PGEL,24SEP2026,60000.000000,950,OPTSTK,BFO,5.000000,100000000,False
844495,ADANIENT26SEP3000PE,ADANIENT,24SEP2026,300000.000000,309,OPTSTK,BFO,5.000000,9000,False
1117287,ATHERENERG26OCT1340CE,ATHERENERG,29OCT2026,134000.000000,375,OPTSTK,BFO,5.000000,100000000,False
1117288,MOTILALOFS26NOV1000PE,MOTILALOFS,26NOV2026,100000.000000,775,OPTSTK,BFO,5.000000,100000000,False
1117300,MUTHOOTFIN26NOV2900CE,MUTHOOTFIN,26NOV2026,290000.000000,275,OPTSTK,BFO,5.000000,22000,False
1117314,GODREJCP26NOV850PE,GODREJCP,26NOV2026,85000.000000,500,OPTSTK,BFO,5.000000,30000,False
844505,RVNL26SEP230PE,RVNL,24SEP2026,23000.000000,1925,OPTSTK,BFO,5.000000,100000000,False
844506,SENSEX27JUN77000PE,SENSEX,24JUN2027,7700000.000000,20,OPTIDX,BFO,5.000000,1000,False
844507,HYUNDAI26SEP1840CE,HYUNDAI,24SEP2026,184000.000000,275,OPTSTK,BFO,5.000000,100000000,False
844515,BANKEX26SEP62500PE,BANKEX,24SEP2026,6250000.000000,30,OPTIDX,BFO,5.000000,900,False
847477,TCS26SEP2060PE,TCS,24SEP2026,206000.000000,225,OPTSTK,BFO,5.000000,7000,False
847496,BANKEX26SEP65200PE,BANKEX,24SEP2026,6520000.000000,30,OPTIDX,BFO,5.000000,900,False
847498,BAJFINANCE26SEP1040PE,BAJFINANCE,24SEP2026,104000.000000,750,OPTSTK,BFO,5.000000,3750,False
847502,LAURUSLABS26SEP1410CE,LAURUSLABS,24SEP2026,141000.000000,850,OPTSTK,BFO,5.000000,68000,False
1117326,DRREDDY26NOV1240CE,DRREDDY,26NOV2026,124000.000000,625,OPTSTK,BFO,5.000000,5000,False
1117331,UNIONBANK26NOV192.5CE,UNIONBANK,26NOV2026,19250.000000,4425,OPTSTK,BFO,5.000000,100000000,False
1117397,JSWENERGY26NOV590CE,JSWENERGY,26NOV2026,59000.000000,1075,OPTSTK,BFO,5.000000,100000000,False
1117406,MCX26NOV3400PE,MCX,26NOV2026,340000.000000,225,OPTSTK,BFO,5.000000,16000,False
1124492,SENSEX26O2271800CE,SENSEX,22OCT2026,7180000.000000,20,OPTIDX,BFO,5.000000,1000,False
1124577,AUROPHARMA26NOV1480CE,AUROPHARMA,26NOV2026,148000.000000,550,OPTSTK,BFO,5.000000,44000,False
1124590,SENSEX26O2282900PE,SENSEX,22OCT2026,8290000.000000,20,OPTIDX,BFO,5.000000,1000,False
1124598,SENSEX26O2281400PE,SENSEX,22OCT2026,8140000.000000,20,OPTIDX,BFO,5.000000,1000,False
844516,TMPV26SEP330CE,TMPV,24SEP2026,33000.000000,1600,OPTSTK,BFO,5.000000,42750,False
844518,FOCIT26SEP39000CE,FOCIT,24SEP2026,3900000.000000,45,OPTIDX,BFO,5.000000,1350,False
844520,MARICO26SEP835CE,MARICO,24SEP2026,83500.000000,1200,OPTSTK,BFO,5.000000,48000,False
844529,PNB26SEP111CE,PNB,24SEP2026,11100.000000,8000,OPTSTK,BFO,5.000000,480000,False
847509,OIL26SEP400CE,OIL,24SEP2026,40000.000000,1400,OPTSTK,BFO,5.000000,100000000,False
847521,NTPC26SEP370PE,NTPC,24SEP2026,37000.000000,1500,OPTSTK,BFO,5.000000,150000,False
847542,DRREDDY26SEP1300PE,DRREDDY,24SEP2026,130000.000000,625,OPTSTK,BFO,5.000000,5000,False
847545,DIVISLAB26SEP6900PE,DIVISLAB,24SEP2026,690000.000000,100,OPTSTK,BFO,5.000000,8000,False
1117427,BLUESTARCO26NOV1520CE,BLUESTARCO,26NOV2026,152000.000000,325,OPTSTK,BFO,5.000000,100000000,False
1117453,HINDALCO26NOV980CE,HINDALCO,26NOV2026,98000.000000,700,OPTSTK,BFO,5.000000,56000,False
1124646,SENSEX26O2274900PE,SENSEX,22OCT2026,7490000.000000,20,OPTIDX,BFO,5.000000,1000,False
1124661,SENSEX26O2275100PE,SENSEX,22OCT2026,7510000.000000,20,OPTIDX,BFO,5.000000,1000,False
1124712,SENSEX26O1569200PE,SENSEX,15OCT2026,6920000.000000,20,OPTIDX,BFO,5.000000,1000,False
1124714,SENSEX26O2277100CE,SENSEX,22OCT2026,7710000.000000,20,OPTIDX,BFO,5.000000,1000,False
844586,BANKEX26SEP70200PE,BANKEX,24SEP2026,7020000.000000,30,OPTIDX,BFO,5.000000,900,False
844592,GLENMARK26SEP2020CE,GLENMARK,24SEP2026,202000.000000,375,OPTSTK,BFO,5.000000,43500,False
844594,PERSISTENT26SEP5100PE,PERSISTENT,24SEP2026,510000.000000,125,OPTSTK,BFO,5.000000,5250,False
844596,HDFCLIFE26SEP580PE,HDFCLIFE,24SEP2026,58000.000000,1100,OPTSTK,BFO,5.000000,44000,False
847571,GAIL26SEP178CE,GAIL,24SEP2026,17800.000000,3550,OPTSTK,BFO,5.000000,274500,False
847598,KALYANKJIL26SEP370PE,KALYANKJIL,24SEP2026,37000.000000,1350,OPTSTK,BFO,5.000000,100000000,False
847600,TATASTEEL26SEP180PE,TATASTEEL,24SEP2026,18000.000000,2750,OPTSTK,BFO,5.000000,220000,False
847609,LICHSGFIN26SEP525CE,LICHSGFIN,24SEP2026,52500.000000,1000,OPTSTK,BFO,5.000000,60000,False
1118135,ATHERENERG26SEP1700PE,ATHERENERG,24SEP2026,170000.000000,375,OPTSTK,BFO,5.000000,100000000,False
1118139,TECHM26NOV1780CE,TECHM,26NOV2026,178000.000000,600,OPTSTK,BFO,5.000000,24000,False
1118143,ITC26OCT247.5PE,ITC,29OCT2026,24750.000000,1725,OPTSTK,BFO,5.000000,64000,False
1124739,SENSEX26O2274900CE,SENSEX,22OCT2026,7490000.000000,20,OPTIDX,BFO,5.000000,1000,False
1124780,SENSEX26O2277400PE,SENSEX,22OCT2026,7740000.000000,20,OPTIDX,BFO,5.000000,1000,False
1124857,SENSEX26O2272200PE,SENSEX,22OCT2026,7220000.000000,20,OPTIDX,BFO,5.000000,1000,False
1124871,SENSEX26O2279400CE,SENSEX,22OCT2026,7940000.000000,20,OPTIDX,BFO,5.000000,1000,False
844610,LTF26SEP315CE,LTF,24SEP2026,31500.000000,2250,OPTSTK,BFO,5.000000,267720,False
844629,WAAREEENER26SEP3100CE,WAAREEENER,24SEP2026,310000.000000,175,OPTSTK,BFO,5.000000,100000000,False
844637,UPL26SEP620CE,UPL,24SEP2026,62000.000000,1355,OPTSTK,BFO,5.000000,39000,False
844654,HINDALCO26SEP940PE,HINDALCO,24SEP2026,94000.000000,700,OPTSTK,BFO,5.000000,56000,False
847632,ABB26SEP7250CE,ABB,24SEP2026,725000.000000,125,OPTSTK,BFO,5.000000,7500,False
847647,SRF26SEP2820CE,SRF,24SEP2026,282000.000000,200,OPTSTK,BFO,5.000000,11250,False
847649,TRENT26SEP3050PE,TRENT,24SEP2026,305000.000000,225,OPTSTK,BFO,5.000000,16000,False
847652,POWERGRID26SEP270PE,POWERGRID,24SEP2026,27000.000000,1900,OPTSTK,BFO,5.000000,108000,False
1118144,JUBLFOOD26NOV460PE,JUBLFOOD,26NOV2026,46000.000000,1250,OPTSTK,BFO,5.000000,50000,False
1118150,RECLTD26NOV280CE,RECLTD,26NOV2026,28000.000000,1575,OPTSTK,BFO,5.000000,160000,False
1118159,ATHERENERG26SEP1720PE,ATHERENERG,24SEP2026,172000.000000,375,OPTSTK,BFO,5.000000,100000000,False
1118170,APLAPOLLO26NOV2360PE,APLAPOLLO,26NOV2026,236000.000000,350,OPTSTK,BFO,5.000000,100000000,False
1124899,HINDUNILVR26SEP1820CE,HINDUNILVR,24SEP2026,182000.000000,300,OPTSTK,BFO,5.000000,9000,False
1124999,CIPLA26NOV1320PE,CIPLA,26NOV2026,132000.000000,425,OPTSTK,BFO,5.000000,26000,False
1125026,KAYNES26NOV3200CE,KAYNES,26NOV2026,320000.000000,150,OPTSTK,BFO,5.000000,100000000,False
1125086,SENSEX26O2276500CE,SENSEX,22OCT2026,7650000.000000,20,OPTIDX,BFO,5.000000,1000,False
844668,TATASTEEL26SEP200CE,TATASTEEL,24SEP2026,20000.000000,2750,OPTSTK,BFO,5.000000,220000,False
844705,HEROMOTOCO26SEP5050PE,HEROMOTOCO,24SEP2026,505000.000000,150,OPTSTK,BFO,5.000000,9000,False
844725,BOSCHLTD26SEP40750CE,BOSCHLTD,24SEP2026,4075000.000000,25,OPTSTK,BFO,5.000000,1500,False
844743,BANKEX26SEP66100CE,BANKEX,24SEP2026,6610000.000000,30,OPTIDX,BFO,5.000000,900,False
847656,SUNPHARMA26SEP1940CE,SUNPHARMA,24SEP2026,194000.000000,350,OPTSTK,BFO,5.000000,28000,False
847675,SIEMENS26SEP3300CE,SIEMENS,24SEP2026,330000.000000,175,OPTSTK,BFO,5.000000,8250,False
847693,GRASIM26SEPFUT,GRASIM,24SEP2026,0.000000,250,FUTSTK,BFO,5.000000,14250,False
847698,MCX26SEP3200PE,MCX,24SEP2026,320000.000000,225,OPTSTK,BFO,5.000000,16000,False
1118204,WAAREEENER26NOV3000CE,WAAREEENER,26NOV2026,300000.000000,175,OPTSTK,BFO,5.000000,100000000,False
1118210,HINDZINC26NOV690PE,HINDZINC,26NOV2026,69000.000000,1225,OPTSTK,BFO,5.000000,100000000,False
1118212,BDL26NOV1160CE,BDL,26NOV2026,116000.000000,425,OPTSTK,BFO,5.000000,100000000,False
1118245,NYKAA26NOV300CE,NYKAA,26NOV2026,30000.000000,3125,OPTSTK,BFO,5.000000,100000000,False
1125121,SENSEX26O2277300PE,SENSEX,22OCT2026,7730000.000000,20,OPTIDX,BFO,5.000000,1000,False
1125137,SENSEX26OCT69300PE,SENSEX,29OCT2026,6930000.000000,20,OPTIDX,BFO,5.000000,1000,False
1125178,SENSEX26O2279300CE,SENSEX,22OCT2026,7930000.000000,20,OPTIDX,BFO,5.000000,1000,False
1125231,SENSEX26O2271900CE,SENSEX,22OCT2026,7190000.000000,20,OPTIDX,BFO,5.000000,1000,False
844748,SWIGGY26SEP210PE,SWIGGY,24SEP2026,21000.000000,1825,OPTSTK,BFO,5.000000,100000000,False
844757,UNIONBANK26SEP175CE,UNIONBANK,24SEP2026,17500.000000,4425,OPTSTK,BFO,5.000000,100000000,False
844780,TIINDIA26SEP3140PE,TIINDIA,24SEP2026,314000.000000,200,OPTSTK,BFO,5.000000,100000000,False
844786,BANKEX26SEP64700CE,BANKEX,24SEP2026,6470000.000000,30,OPTIDX,BFO,5.000000,900,False
847725,FOCIT26SEP36000PE,FOCIT,24SEP2026,3600000.000000,45,OPTIDX,BFO,5.000000,1350,False
847727,BANKEX26SEP72100PE,BANKEX,24SEP2026,7210000.000000,30,OPTIDX,BFO,5.000000,900,False
847779,JSWSTEEL26SEP1230CE,JSWSTEEL,24SEP2026,123000.000000,675,OPTSTK,BFO,5.000000,40500,False
847793,RADICO26SEP3100PE,RADICO,24SEP2026,310000.000000,150,OPTSTK,BFO,5.000000,100000000,False
1118256,SENSEX26O1584200CE,SENSEX,15OCT2026,8420000.000000,20,OPTIDX,BFO,5.000000,1000,False
1118260,FOCIT26NOV44300CE,FOCIT,26NOV2026,4430000.000000,45,OPTIDX,BFO,5.000000,1350,False
1118280,LODHA26NOV1420CE,LODHA,26NOV2026,142000.000000,625,OPTSTK,BFO,5.000000,100000000,False
1118301,ASIANPAINT26SEP2460CE,ASIANPAINT,24SEP2026,246000.000000,250,OPTSTK,BFO,5.000000,8000,False
1125234,CIPLA26OCT1330CE,CIPLA,29OCT2026,133000.000000,425,OPTSTK,BFO,5.000000,26000,False
1125251,ASTRAL26NOV1340PE,ASTRAL,26NOV2026,134000.000000,425,OPTSTK,BFO,5.000000,14680,False
1125305,KPITTECH26NOV510PE,KPITTECH,26NOV2026,51000.000000,775,OPTSTK,BFO,5.000000,100000000,False
1125330,SENSEX5026NOV24050PE,SENSEX50,26NOV2026,2405000.000000,75,OPTIDX,BFO,5.000000,1800,False
844792,HYUNDAI26SEP2020PE,HYUNDAI,24SEP2026,202000.000000,275,OPTSTK,BFO,5.000000,100000000,False
844793,FOCIT26SEP31000PE,FOCIT,24SEP2026,3100000.000000,45,OPTIDX,BFO,5.000000,1350,False
844812,PHOENIXLTD26SEP2040CE,PHOENIXLTD,24SEP2026,204000.000000,350,OPTSTK,BFO,5.000000,100000000,False
844854,BANKEX26SEP72400CE,BANKEX,24SEP2026,7240000.000000,30,OPTIDX,BFO,5.000000,900,False
847796,PNB26SEP115PE,PNB,24SEP2026,11500.000000,8000,OPTSTK,BFO,5.000000,480000,False
847807,FEDERALBNK26SEP315PE,FEDERALBNK,24SEP2026,31500.000000,2500,OPTSTK,BFO,5.000000,200000,False
847813,HYUNDAI26SEP1920PE,HYUNDAI,24SEP2026,192000.000000,275,OPTSTK,BFO,5.000000,100000000,False
847818,BANKEX26SEP59100PE,BANKEX,24SEP2026,5910000.000000,30,OPTIDX,BFO,5.000000,900,False
1118306,SAGILITY26OCT51PE,SAGILITY,29OCT2026,5100.000000,12000,OPTSTK,BFO,5.000000,100000000,False
1118325,FOCIT26NOV44900CE,FOCIT,26NOV2026,4490000.000000,45,OPTIDX,BFO,5.000000,1350,False
1118331,TITAN26SEP5500CE,TITAN,24SEP2026,550000.000000,175,OPTSTK,BFO,5.000000,11250,False
1118352,ATHERENERG26SEP1640PE,ATHERENERG,24SEP2026,164000.000000,375,OPTSTK,BFO,5.000000,100000000,False
1125358,JINDALSTEL26NOV1000PE,JINDALSTEL,26NOV2026,100000.000000,625,OPTSTK,BFO,5.000000,37500,False
1125367,SENSEX26O2277900CE,SENSEX,22OCT2026,7790000.000000,20,OPTIDX,BFO,5.000000,1000,False
1125419,SENSEX26O2271200CE,SENSEX,22OCT2026,7120000.000000,20,OPTIDX,BFO,5.000000,1000,False
1125428,SENSEX26OCT69200PE,SENSEX,29OCT2026,6920000.000000,20,OPTIDX,BFO,5.000000,1000,False
844876,DELHIVERY26SEP435PE,DELHIVERY,24SEP2026,43500.000000,2075,OPTSTK,BFO,5.000000,100000000,False
844886,NYKAA26SEP312.5CE,NYKAA,24SEP2026,31250.000000,3125,OPTSTK,BFO,5.000000,100000000,False
844888,HYUNDAI26SEP1980PE,HYUNDAI,24SEP2026,198000.000000,275,OPTSTK,BFO,5.000000,100000000,False
844868,MOTHERSON26SEP146CE,MOTHERSON,24SEP2026,14600.000000,6150,OPTSTK,BFO,5.000000,284000,False
844892,LTM26SEP4050CE,LTM,24SEP2026,405000.000000,150,OPTSTK,BFO,5.000000,4500,False
844907,AMBER26SEP7300PE,AMBER,24SEP2026,730000.000000,100,OPTSTK,BFO,5.000000,100000000,False
844918,GVT&D26SEP5400CE,GVT&D,24SEP2026,540000.000000,125,OPTSTK,BFO,5.000000,100000000,False
844919,INOXWIND26SEP94CE,INOXWIND,24SEP2026,9400.000000,6400,OPTSTK,BFO,5.000000,100000000,False
847820,BANKEX26SEP71400CE,BANKEX,24SEP2026,7140000.000000,30,OPTIDX,BFO,5.000000,900,False
847823,MANKIND26SEP2600PE,MANKIND,24SEP2026,260000.000000,250,OPTSTK,BFO,5.000000,100000000,False
847825,SBILIFE26SEP1700PE,SBILIFE,24SEP2026,170000.000000,375,OPTSTK,BFO,5.000000,22500,False
847826,DMART26SEP4050CE,DMART,24SEP2026,405000.000000,150,OPTSTK,BFO,5.000000,100000000,False
1118357,ICICIGI26SEP1420CE,ICICIGI,24SEP2026,142000.000000,325,OPTSTK,BFO,5.000000,20000,False
1118362,ATHERENERG26OCT1760PE,ATHERENERG,29OCT2026,176000.000000,375,OPTSTK,BFO,5.000000,100000000,False
1118373,PIIND26NOV2100PE,PIIND,26NOV2026,210000.000000,175,OPTSTK,BFO,5.000000,7500,False
1118387,SBILIFE26NOV1620PE,SBILIFE,26NOV2026,162000.000000,375,OPTSTK,BFO,5.000000,22500,False
1125429,SENSEX26O2282000CE,SENSEX,22OCT2026,8200000.000000,20,OPTIDX,BFO,5.000000,1000,False
1125478,SENSEX26O2274700PE,SENSEX,22OCT2026,7470000.000000,20,OPTIDX,BFO,5.000000,1000,False
1125501,SENSEX26O2277200CE,SENSEX,22OCT2026,7720000.000000,20,OPTIDX,BFO,5.000000,1000,False
1125542,SENSEX26O2277500PE,SENSEX,22OCT2026,7750000.000000,20,OPTIDX,BFO,5.000000,1000,False
844944,GLENMARK26SEP2160PE,GLENMARK,24SEP2026,216000.000000,375,OPTSTK,BFO,5.000000,43500,False
844949,NHPC26SEP86PE,NHPC,24SEP2026,8600.000000,6950,OPTSTK,BFO,5.000000,100000000,False
844954,SIEMENS26SEPFUT,SIEMENS,24SEP2026,0.000000,175,FUTSTK,BFO,5.000000,8250,False
844960,PFC26SEP415PE,PFC,24SEP2026,41500.000000,1300,OPTSTK,BFO,5.000000,124000,False
847829,HDFCAMC26SEP2500PE,HDFCAMC,24SEP2026,250000.000000,300,OPTSTK,BFO,5.000000,12000,False
847856,PAGEIND26SEP42250CE,PAGEIND,24SEP2026,4225000.000000,20,OPTSTK,BFO,5.000000,600,False
1118389,APLAPOLLO26OCT2380CE,APLAPOLLO,29OCT2026,238000.000000,350,OPTSTK,BFO,5.000000,100000000,False
1118391,PFC26SEP315PE,PFC,24SEP2026,31500.000000,1300,OPTSTK,BFO,5.000000,124000,False
1118408,PGEL26NOV520PE,PGEL,26NOV2026,52000.000000,950,OPTSTK,BFO,5.000000,100000000,False
1118425,OFSS26NOV12900CE,OFSS,26NOV2026,1290000.000000,100,OPTSTK,BFO,5.000000,8000,False
1125554,SENSEX26O2279200PE,SENSEX,22OCT2026,7920000.000000,20,OPTIDX,BFO,5.000000,1000,False
1125591,SENSEX26O2275500PE,SENSEX,22OCT2026,7550000.000000,20,OPTIDX,BFO,5.000000,1000,False
1125616,MARUTI26OCT12000PE,MARUTI,29OCT2026,1200000.000000,50,OPTSTK,BFO,5.000000,3000,False
1125617,SENSEX26O2271800PE,SENSEX,22OCT2026,7180000.000000,20,OPTIDX,BFO,5.000000,1000,False
847832,NESTLEIND26SEP1450PE,NESTLEIND,24SEP2026,145000.000000,500,OPTSTK,BFO,5.000000,1200,False
847837,LT26SEP4200CE,LT,24SEP2026,420000.000000,175,OPTSTK,BFO,5.000000,12000,False
844972,SUNPHARMA26SEP1720PE,SUNPHARMA,24SEP2026,172000.000000,350,OPTSTK,BFO,5.000000,28000,False
844973,BANKEX26SEP60400PE,BANKEX,24SEP2026,6040000.000000,30,OPTIDX,BFO,5.000000,900,False
844980,HAL26SEP4100PE,HAL,24SEP2026,410000.000000,150,OPTSTK,BFO,5.000000,9000,False
844997,JSWSTEEL26SEP1270CE,JSWSTEEL,24SEP2026,127000.000000,675,OPTSTK,BFO,5.000000,40500,False
847864,TCS26SEP2180CE,TCS,24SEP2026,218000.000000,225,OPTSTK,BFO,5.000000,7000,False
847886,NAM-INDIA26SEP1260PE,NAM-INDIA,24SEP2026,126000.000000,625,OPTSTK,BFO,5.000000,100000000,False
847889,PHOENIXLTD26SEP1860PE,PHOENIXLTD,24SEP2026,186000.000000,350,OPTSTK,BFO,5.000000,100000000,False
847895,GVT&D26SEP4400CE,GVT&D,24SEP2026,440000.000000,125,OPTSTK,BFO,5.000000,100000000,False
1118484,TCS26NOV2440CE,TCS,26NOV2026,244000.000000,225,OPTSTK,BFO,5.000000,7000,False
1118491,PRESTIGE26NOV1440CE,PRESTIGE,26NOV2026,144000.000000,450,OPTSTK,BFO,5.000000,100000000,False
1118509,COFORGE26NOV2120CE,COFORGE,26NOV2026,212000.000000,475,OPTSTK,BFO,5.000000,6000,False
1118524,DIVISLAB26SEP10000PE,DIVISLAB,24SEP2026,1000000.000000,100,OPTSTK,BFO,5.000000,8000,False
1125618,SENSEX26O2270300PE,SENSEX,22OCT2026,7030000.000000,20,OPTIDX,BFO,5.000000,1000,False
1125662,SENSEX26O2278300PE,SENSEX,22OCT2026,7830000.000000,20,OPTIDX,BFO,5.000000,1000,False
1125703,SENSEX26O2269500CE,SENSEX,22OCT2026,6950000.000000,20,OPTIDX,BFO,5.000000,1000,False
1125706,SENSEX26O2273100PE,SENSEX,22OCT2026,7310000.000000,20,OPTIDX,BFO,5.000000,1000,False
845029,CANBK26SEP136PE,CANBK,24SEP2026,13600.000000,6750,OPTSTK,BFO,5.000000,81000,False
845049,ICICIPRULI26SEP460CE,ICICIPRULI,24SEP2026,46000.000000,925,OPTSTK,BFO,5.000000,60000,False
845058,GLENMARK26SEP2220CE,GLENMARK,24SEP2026,222000.000000,375,OPTSTK,BFO,5.000000,43500,False
845075,SAIL26SEP172.5CE,SAIL,24SEP2026,17250.000000,4700,OPTSTK,BFO,5.000000,320000,False
847903,INDUSINDBK26SEP930CE,INDUSINDBK,24SEP2026,93000.000000,700,OPTSTK,BFO,5.000000,20000,False
847912,BDL26SEP1260CE,BDL,24SEP2026,126000.000000,425,OPTSTK,BFO,5.000000,100000000,False
847923,GRASIM26SEP3200CE,GRASIM,24SEP2026,320000.000000,250,OPTSTK,BFO,5.000000,14250,False
847929,NMDC26SEP80CE,NMDC,24SEP2026,8000.000000,6750,OPTSTK,BFO,5.000000,225000,False
1118555,LAURUSLABS26NOV2080CE,LAURUSLABS,26NOV2026,208000.000000,850,OPTSTK,BFO,5.000000,68000,False
1118624,HCLTECH26NOV1380CE,HCLTECH,26NOV2026,138000.000000,400,OPTSTK,BFO,5.000000,21000,False
1118677,OFSS26SEP12900PE,OFSS,24SEP2026,1290000.000000,100,OPTSTK,BFO,5.000000,8000,False
1118686,OFSS26OCT12900CE,OFSS,29OCT2026,1290000.000000,100,OPTSTK,BFO,5.000000,8000,False
1125864,SENSEX26O2283300PE,SENSEX,22OCT2026,8330000.000000,20,OPTIDX,BFO,5.000000,1000,False
1125903,RELIANCE26NOV1390PE,RELIANCE,26NOV2026,139000.000000,500,OPTSTK,BFO,5.000000,10000,False
1125910,KEI26NOV4300PE,KEI,26NOV2026,430000.000000,175,OPTSTK,BFO,5.000000,100000000,False
1125919,HDFCAMC26OCT2100CE,HDFCAMC,29OCT2026,210000.000000,300,OPTSTK,BFO,5.000000,12000,False
845081,OBEROIRLTY26SEP1740CE,OBEROIRLTY,24SEP2026,174000.000000,350,OPTSTK,BFO,5.000000,28000,False
845084,LTM26SEP3900CE,LTM,24SEP2026,390000.000000,150,OPTSTK,BFO,5.000000,4500,False
845099,ULTRACEMCO26SEP11360CE,ULTRACEMCO,24SEP2026,1136000.000000,50,OPTSTK,BFO,5.000000,3000,False
845101,TVSMOTOR26SEP3660CE,TVSMOTOR,24SEP2026,366000.000000,175,OPTSTK,BFO,5.000000,21000,False
847947,LAURUSLABS26SEP1450CE,LAURUSLABS,24SEP2026,145000.000000,850,OPTSTK,BFO,5.000000,68000,False
847948,RVNL26SEP215CE,RVNL,24SEP2026,21500.000000,1925,OPTSTK,BFO,5.000000,100000000,False
847956,BHEL26SEP420CE,BHEL,24SEP2026,42000.000000,2625,OPTSTK,BFO,5.000000,315000,False
847973,COCHINSHIP26SEP1480CE,COCHINSHIP,24SEP2026,148000.000000,400,OPTSTK,BFO,5.000000,100000000,False
1118714,CHOLAFIN26NOV1720CE,CHOLAFIN,26NOV2026,172000.000000,625,OPTSTK,BFO,5.000000,25000,False
1118716,SAIL26NOV212.5PE,SAIL,26NOV2026,21250.000000,4700,OPTSTK,BFO,5.000000,320000,False
1118728,ICICIBANK26NOV1360CE,ICICIBANK,26NOV2026,136000.000000,700,OPTSTK,BFO,5.000000,28000,False
1118868,SAIL26OCT215PE,SAIL,29OCT2026,21500.000000,4700,OPTSTK,BFO,5.000000,320000,False
1125944,EICHERMOT26OCT6900PE,EICHERMOT,29OCT2026,690000.000000,100,OPTSTK,BFO,5.000000,7000,False
1125950,NTPC26NOV370CE,NTPC,26NOV2026,37000.000000,1500,OPTSTK,BFO,5.000000,150000,False
1125976,RBLBANK26NOV450CE,RBLBANK,26NOV2026,45000.000000,3175,OPTSTK,BFO,5.000000,150000,False
1126028,KEI26NOV4200CE,KEI,26NOV2026,420000.000000,175,OPTSTK,BFO,5.000000,100000000,False
845107,MAZDOCK26SEP2480PE,MAZDOCK,24SEP2026,248000.000000,225,OPTSTK,BFO,5.000000,100000000,False
845126,ABCAPITAL26SEP410PE,ABCAPITAL,24SEP2026,41000.000000,3100,OPTSTK,BFO,5.000000,162000,False
845128,HINDALCO26SEP980PE,HINDALCO,24SEP2026,98000.000000,700,OPTSTK,BFO,5.000000,56000,False
845132,PIIND26SEPFUT,PIIND,24SEP2026,0.000000,175,FUTSTK,BFO,5.000000,7500,False
847977,VMM26SEPFUT,VMM,24SEP2026,0.000000,4850,FUTSTK,BFO,5.000000,100000000,False
847980,BHARATFORG26SEP2240PE,BHARATFORG,24SEP2026,224000.000000,500,OPTSTK,BFO,5.000000,30000,False
847988,DRREDDY26SEP1340PE,DRREDDY,24SEP2026,134000.000000,625,OPTSTK,BFO,5.000000,5000,False
847993,COALINDIA26SEP400CE,COALINDIA,24SEP2026,40000.000000,1350,OPTSTK,BFO,5.000000,126000,False
1118873,OIL26NOV510CE,OIL,26NOV2026,51000.000000,1400,OPTSTK,BFO,5.000000,100000000,False
1118890,FOCIT26NOV44000PE,FOCIT,26NOV2026,4400000.000000,45,OPTIDX,BFO,5.000000,1350,False
1118934,BDL26NOV1180PE,BDL,26NOV2026,118000.000000,425,OPTSTK,BFO,5.000000,100000000,False
1118963,ITC26NOV247.5PE,ITC,26NOV2026,24750.000000,1725,OPTSTK,BFO,5.000000,64000,False
845141,SENSEX5026SEP25750CE,SENSEX50,24SEP2026,2575000.000000,75,OPTIDX,BFO,5.000000,1800,False
845156,LODHA26SEP970CE,LODHA,24SEP2026,97000.000000,625,OPTSTK,BFO,5.000000,100000000,False
845171,TORNTPHARM26SEP4200PE,TORNTPHARM,24SEP2026,420000.000000,125,OPTSTK,BFO,5.000000,15000,False
845182,BANKEX26SEP64000CE,BANKEX,24SEP2026,6400000.000000,30,OPTIDX,BFO,5.000000,900,False
1126098,BIOCON26NOV360CE,BIOCON,26NOV2026,36000.000000,2500,OPTSTK,BFO,5.000000,100000,False
1126133,MANKIND26NOV2180CE,MANKIND,26NOV2026,218000.000000,250,OPTSTK,BFO,5.000000,100000000,False
1126165,HAVELLS26OCT1040CE,HAVELLS,29OCT2026,104000.000000,500,OPTSTK,BFO,5.000000,20000,False
1126167,RBLBANK26NOV450PE,RBLBANK,26NOV2026,45000.000000,3175,OPTSTK,BFO,5.000000,150000,False
848005,BANDHANBNK26SEP192.5PE,BANDHANBNK,24SEP2026,19250.000000,3600,OPTSTK,BFO,5.000000,100000,False
848007,INFY26SEP1060PE,INFY,24SEP2026,106000.000000,400,OPTSTK,BFO,5.000000,16000,False
848008,CUMMINSIND26SEP5550CE,CUMMINSIND,24SEP2026,555000.000000,200,OPTSTK,BFO,5.000000,18000,False
848025,BAJAJFINSV26SEP1740CE,BAJAJFINSV,24SEP2026,174000.000000,300,OPTSTK,BFO,5.000000,20000,False
1119007,APLAPOLLO26OCT2360PE,APLAPOLLO,29OCT2026,236000.000000,350,OPTSTK,BFO,5.000000,100000000,False
1119032,ATHERENERG26NOV1700CE,ATHERENERG,26NOV2026,170000.000000,375,OPTSTK,BFO,5.000000,100000000,False
1119052,SENSEX26NOV84300PE,SENSEX,26NOV2026,8430000.000000,20,OPTIDX,BFO,5.000000,1000,False
1119088,KFINTECH26NOV800PE,KFINTECH,26NOV2026,80000.000000,575,OPTSTK,BFO,5.000000,100000000,False
845189,HINDPETRO26SEP405.75CE,HINDPETRO,24SEP2026,40575.000000,2025,OPTSTK,BFO,5.000000,108000,False
845197,RBLBANK26SEP335PE,RBLBANK,24SEP2026,33500.000000,3175,OPTSTK,BFO,5.000000,150000,False
845199,AXISBANK26SEP1450CE,AXISBANK,24SEP2026,145000.000000,625,OPTSTK,BFO,5.000000,25000,False
845219,UNOMINDA26SEP1000PE,UNOMINDA,24SEP2026,100000.000000,550,OPTSTK,BFO,5.000000,100000000,False
848044,ADANIPOWER26SEP237.5CE,ADANIPOWER,24SEP2026,23750.000000,3550,OPTSTK,BFO,5.000000,100000000,False
848066,PATANJALI26SEP380CE,PATANJALI,24SEP2026,38000.000000,1075,OPTSTK,BFO,5.000000,100000000,False
848070,SUPREMEIND26SEP3700CE,SUPREMEIND,24SEP2026,370000.000000,175,OPTSTK,BFO,5.000000,100000000,False
848079,LICHSGFIN26SEP565CE,LICHSGFIN,24SEP2026,56500.000000,1000,OPTSTK,BFO,5.000000,60000,False
1126243,TVSMOTOR26NOV3800CE,TVSMOTOR,26NOV2026,380000.000000,175,OPTSTK,BFO,5.000000,21000,False
1126300,LICHSGFIN26SEP640PE,LICHSGFIN,24SEP2026,64000.000000,1000,OPTSTK,BFO,5.000000,60000,False
1126390,SENSEX26O2269100PE,SENSEX,22OCT2026,6910000.000000,20,OPTIDX,BFO,5.000000,1000,False
1126407,LUPIN26NOV1960CE,LUPIN,26NOV2026,196000.000000,425,OPTSTK,BFO,5.000000,34000,False
845228,BANKEX26SEP62600CE,BANKEX,24SEP2026,6260000.000000,30,OPTIDX,BFO,5.000000,900,False
845234,BANKEX26SEP64900CE,BANKEX,24SEP2026,6490000.000000,30,OPTIDX,BFO,5.000000,900,False
845236,M&M26SEP3200PE,M&M,24SEP2026,320000.000000,200,OPTSTK,BFO,5.000000,21000,False
845241,INDHOTEL26SEP720PE,INDHOTEL,24SEP2026,72000.000000,1000,OPTSTK,BFO,5.000000,60000,False
1119112,ICICIGI26SEP1420PE,ICICIGI,24SEP2026,142000.000000,325,OPTSTK,BFO,5.000000,20000,False
1119135,PIDILITIND26NOV1480PE,PIDILITIND,26NOV2026,148000.000000,500,OPTSTK,BFO,5.000000,10000,False
1119159,BANKEX26NOV71400CE,BANKEX,26NOV2026,7140000.000000,30,OPTIDX,BFO,5.000000,900,False
1119192,APLAPOLLO26NOV2380CE,APLAPOLLO,26NOV2026,238000.000000,350,OPTSTK,BFO,5.000000,100000000,False
848084,TECHM26SEP1284CE,TECHM,24SEP2026,128400.000000,600,OPTSTK,BFO,5.000000,24000,False
848094,WAAREEENER26SEP3000PE,WAAREEENER,24SEP2026,300000.000000,175,OPTSTK,BFO,5.000000,100000000,False
848102,HINDALCO26SEP1010CE,HINDALCO,24SEP2026,101000.000000,700,OPTSTK,BFO,5.000000,56000,False
848111,SENSEX31JUN81000CE,SENSEX,26JUN2031,8100000.000000,20,OPTIDX,BFO,5.000000,1000,False
845243,TIINDIA26SEP3180PE,TIINDIA,24SEP2026,318000.000000,200,OPTSTK,BFO,5.000000,100000000,False
845247,ICICIPRULI26SEP465CE,ICICIPRULI,24SEP2026,46500.000000,925,OPTSTK,BFO,5.000000,60000,False
845272,BANKINDIA26SEPFUT,BANKINDIA,24SEP2026,0.000000,5200,FUTSTK,BFO,5.000000,100000000,False
845284,INOXWIND26SEP87CE,INOXWIND,24SEP2026,8700.000000,6400,OPTSTK,BFO,5.000000,100000000,False
1119208,VEDL26NOV320PE,VEDL,26NOV2026,32000.000000,1150,OPTSTK,BFO,5.000000,80000,False
1119214,ADANIENSOL26NOV1460CE,ADANIENSOL,26NOV2026,146000.000000,675,OPTSTK,BFO,5.000000,100000000,False
1119223,PERSISTENT26OCT6600CE,PERSISTENT,29OCT2026,660000.000000,125,OPTSTK,BFO,5.000000,5250,False
1119230,HEROMOTOCO26NOV6300CE,HEROMOTOCO,26NOV2026,630000.000000,150,OPTSTK,BFO,5.000000,9000,False
1126448,MARICO26NOV730PE,MARICO,26NOV2026,73000.000000,1200,OPTSTK,BFO,5.000000,48000,False
1126496,MANAPPURAM26NOV290PE,MANAPPURAM,26NOV2026,29000.000000,3000,OPTSTK,BFO,5.000000,180000,False
1126500,TATAELXSI26NOV3150PE,TATAELXSI,26NOV2026,315000.000000,125,OPTSTK,BFO,5.000000,100000000,False
1126524,PIDILITIND26NOV1460CE,PIDILITIND,26NOV2026,146000.000000,500,OPTSTK,BFO,5.000000,10000,False
845285,COCHINSHIP26SEP1420PE,COCHINSHIP,24SEP2026,142000.000000,400,OPTSTK,BFO,5.000000,100000000,False
845288,ANGELONE26SEP350PE,ANGELONE,24SEP2026,35000.000000,2500,OPTSTK,BFO,5.000000,100000000,False
845345,ONGC26SEP247.5CE,ONGC,24SEP2026,24750.000000,2250,OPTSTK,BFO,5.000000,154000,False
845347,ADANIPORTS26SEP1780PE,ADANIPORTS,24SEP2026,178000.000000,475,OPTSTK,BFO,5.000000,32000,False
848120,NMDC26SEP89PE,NMDC,24SEP2026,8900.000000,6750,OPTSTK,BFO,5.000000,225000,False
848128,SRF26SEP2860CE,SRF,24SEP2026,286000.000000,200,OPTSTK,BFO,5.000000,11250,False
848141,SUZLON26SEP60CE,SUZLON,24SEP2026,6000.000000,12700,OPTSTK,BFO,5.000000,100000000,False
848143,OIL26SEP440PE,OIL,24SEP2026,44000.000000,1400,OPTSTK,BFO,5.000000,100000000,False
1119239,VOLTAS26OCT1060PE,VOLTAS,29OCT2026,106000.000000,375,OPTSTK,BFO,5.000000,30000,False
1119250,LICI26NOV455CE,LICI,26NOV2026,45500.000000,1400,OPTSTK,BFO,5.000000,100000000,False
1119303,TCS26NOV2440PE,TCS,26NOV2026,244000.000000,225,OPTSTK,BFO,5.000000,7000,False
1119316,PRESTIGE26NOV1440PE,PRESTIGE,26NOV2026,144000.000000,450,OPTSTK,BFO,5.000000,100000000,False
1126587,SENSEX5026OCT23950PE,SENSEX50,29OCT2026,2395000.000000,75,OPTIDX,BFO,5.000000,1800,False
1126607,VMM26NOV87.5CE,VMM,26NOV2026,8750.000000,4850,OPTSTK,BFO,5.000000,100000000,False
1126639,GODFRYPHLP26OCT1650CE,GODFRYPHLP,29OCT2026,165000.000000,275,OPTSTK,BFO,5.000000,100000000,False
1126681,TECHM26NOV1420CE,TECHM,26NOV2026,142000.000000,600,OPTSTK,BFO,5.000000,24000,False
845358,POLYCAB26SEP9000PE,POLYCAB,24SEP2026,900000.000000,125,OPTSTK,BFO,5.000000,9000,False
845364,AMBER26SEP7500PE,AMBER,24SEP2026,750000.000000,100,OPTSTK,BFO,5.000000,100000000,False
845370,M&M26SEP3100CE,M&M,24SEP2026,310000.000000,200,OPTSTK,BFO,5.000000,21000,False
845373,INOXWIND26SEPFUT,INOXWIND,24SEP2026,0.000000,6400,FUTSTK,BFO,5.000000,100000000,False
848150,BDL26SEPFUT,BDL,24SEP2026,0.000000,425,FUTSTK,BFO,5.000000,100000000,False
848151,OIL26SEP445CE,OIL,24SEP2026,44500.000000,1400,OPTSTK,BFO,5.000000,100000000,False
848173,BLUESTARCO26SEP1520CE,BLUESTARCO,24SEP2026,152000.000000,325,OPTSTK,BFO,5.000000,100000000,False
848184,SHREECEM26SEP27000PE,SHREECEM,24SEP2026,2700000.000000,25,OPTSTK,BFO,5.000000,1000,False
1119336,COFORGE26NOV2120PE,COFORGE,26NOV2026,212000.000000,475,OPTSTK,BFO,5.000000,6000,False
1119344,GLENMARK26OCT2660PE,GLENMARK,29OCT2026,266000.000000,375,OPTSTK,BFO,5.000000,43500,False
1119381,PIIND26NOV2100CE,PIIND,26NOV2026,210000.000000,175,OPTSTK,BFO,5.000000,7500,False
1119404,PERSISTENT26NOV6500CE,PERSISTENT,26NOV2026,650000.000000,125,OPTSTK,BFO,5.000000,5250,False
845375,BHARATFORG26SEP2000CE,BHARATFORG,24SEP2026,200000.000000,500,OPTSTK,BFO,5.000000,30000,False
845377,BEL26SEP400CE,BEL,24SEP2026,40000.000000,1425,OPTSTK,BFO,5.000000,228000,False
845378,SOLARINDS26SEP16500CE,SOLARINDS,24SEP2026,1650000.000000,50,OPTSTK,BFO,5.000000,100000000,False
845381,GVT&D26SEP5600CE,GVT&D,24SEP2026,560000.000000,125,OPTSTK,BFO,5.000000,100000000,False
1126682,MARICO26NOV730CE,MARICO,26NOV2026,73000.000000,1200,OPTSTK,BFO,5.000000,48000,False
1126696,FOCIT26NOV29400CE,FOCIT,26NOV2026,2940000.000000,45,OPTIDX,BFO,5.000000,1350,False
1126716,BDL26NOV1100PE,BDL,26NOV2026,110000.000000,425,OPTSTK,BFO,5.000000,100000000,False
1126730,NESTLEIND26OCT1340CE,NESTLEIND,29OCT2026,134000.000000,500,OPTSTK,BFO,5.000000,1200,False
848193,BANKBARODA26SEP297.5PE,BANKBARODA,24SEP2026,29750.000000,2925,OPTSTK,BFO,5.000000,175500,False
848194,LT26SEP4340PE,LT,24SEP2026,434000.000000,175,OPTSTK,BFO,5.000000,12000,False
848212,IRFC26SEPFUT,IRFC,24SEP2026,0.000000,5425,FUTSTK,BFO,5.000000,100000000,False
848220,HCLTECH26SEP1150CE,HCLTECH,24SEP2026,115000.000000,400,OPTSTK,BFO,5.000000,21000,False
1119429,COFORGE26NOV2140PE,COFORGE,26NOV2026,214000.000000,475,OPTSTK,BFO,5.000000,6000,False
1119501,DELHIVERY26NOV505CE,DELHIVERY,26NOV2026,50500.000000,2075,OPTSTK,BFO,5.000000,100000000,False
1119502,DIVISLAB26OCT10000PE,DIVISLAB,29OCT2026,1000000.000000,100,OPTSTK,BFO,5.000000,8000,False
1119529,TECHM26NOV1740CE,TECHM,26NOV2026,174000.000000,600,OPTSTK,BFO,5.000000,24000,False
845390,YESBANK26SEP25PE,YESBANK,24SEP2026,2500.000000,31100,OPTSTK,BFO,5.000000,100000000,False
845406,BANKEX26SEP62000PE,BANKEX,24SEP2026,6200000.000000,30,OPTIDX,BFO,5.000000,900,False
845416,ASHOKLEY26SEP147.5PE,ASHOKLEY,24SEP2026,14750.000000,5000,OPTSTK,BFO,5.000000,150000,False
845420,HINDZINC26SEP500PE,HINDZINC,24SEP2026,50000.000000,1225,OPTSTK,BFO,5.000000,100000000,False
1126731,GODREJPROP26NOV1780CE,GODREJPROP,26NOV2026,178000.000000,325,OPTSTK,BFO,5.000000,19000,False
1126757,KPITTECH26NOV500CE,KPITTECH,26NOV2026,50000.000000,775,OPTSTK,BFO,5.000000,100000000,False
1126759,SBICARD26NOV740PE,SBICARD,26NOV2026,74000.000000,800,OPTSTK,BFO,5.000000,32000,False
1126781,IDEA26SEP23PE,IDEA,24SEP2026,2300.000000,71475,OPTSTK,BFO,5.000000,2400000,False
845426,SUZLON26SEP53PE,SUZLON,24SEP2026,5300.000000,12700,OPTSTK,BFO,5.000000,100000000,False
845439,COALINDIA26SEP465PE,COALINDIA,24SEP2026,46500.000000,1350,OPTSTK,BFO,5.000000,126000,False
845455,BANDHANBNK26SEP217.5PE,BANDHANBNK,24SEP2026,21750.000000,3600,OPTSTK,BFO,5.000000,100000,False
845456,BANKEX26SEP67300CE,BANKEX,24SEP2026,6730000.000000,30,OPTIDX,BFO,5.000000,900,False
848269,YESBANK26SEP24PE,YESBANK,24SEP2026,2400.000000,31100,OPTSTK,BFO,5.000000,100000000,False
848272,SWIGGY26SEP250CE,SWIGGY,24SEP2026,25000.000000,1825,OPTSTK,BFO,5.000000,100000000,False
848279,CANBK26SEP128PE,CANBK,24SEP2026,12800.000000,6750,OPTSTK,BFO,5.000000,81000,False
848283,BAJAJHLDNG26SEP10600PE,BAJAJHLDNG,24SEP2026,1060000.000000,75,OPTSTK,BFO,5.000000,100000000,False
1119539,FEDERALBNK26NOV375CE,FEDERALBNK,26NOV2026,37500.000000,2500,OPTSTK,BFO,5.000000,200000,False
1119540,COFORGE26OCT2160PE,COFORGE,29OCT2026,216000.000000,475,OPTSTK,BFO,5.000000,6000,False
1119562,SENSEX26NOV84100CE,SENSEX,26NOV2026,8410000.000000,20,OPTIDX,BFO,5.000000,1000,False
1119573,SENSEX26O1584000CE,SENSEX,15OCT2026,8400000.000000,20,OPTIDX,BFO,5.000000,1000,False
1126788,IDEA26SEP23CE,IDEA,24SEP2026,2300.000000,71475,OPTSTK,BFO,5.000000,2400000,False
1126823,LUPIN26NOV1960PE,LUPIN,26NOV2026,196000.000000,425,OPTSTK,BFO,5.000000,34000,False
1126834,FOCIT26OCT29400CE,FOCIT,29OCT2026,2940000.000000,45,OPTIDX,BFO,5.000000,1350,False
1126890,MOTILALOFS26NOV1200PE,MOTILALOFS,26NOV2026,120000.000000,775,OPTSTK,BFO,5.000000,100000000,False
845462,BANKEX26SEP69600CE,BANKEX,24SEP2026,6960000.000000,30,OPTIDX,BFO,5.000000,900,False
845471,ADANIGREEN26SEP1540PE,ADANIGREEN,24SEP2026,154000.000000,600,OPTSTK,BFO,5.000000,100000000,False
845511,EICHERMOT26SEP7450PE,EICHERMOT,24SEP2026,745000.000000,100,OPTSTK,BFO,5.000000,7000,False
845520,JIOFIN26SEP247.5PE,JIOFIN,24SEP2026,24750.000000,2350,OPTSTK,BFO,5.000000,100000000,False
848284,ADANIPORTS26SEP1720PE,ADANIPORTS,24SEP2026,172000.000000,475,OPTSTK,BFO,5.000000,32000,False
848286,POWERGRID26SEP302.5PE,POWERGRID,24SEP2026,30250.000000,1900,OPTSTK,BFO,5.000000,108000,False
848297,INDIANB26SEP820PE,INDIANB,24SEP2026,82000.000000,1000,OPTSTK,BFO,5.000000,100000000,False
848306,POLYCAB26SEP9600CE,POLYCAB,24SEP2026,960000.000000,125,OPTSTK,BFO,5.000000,9000,False
1119576,JINDALSTEL26NOV1320CE,JINDALSTEL,26NOV2026,132000.000000,625,OPTSTK,BFO,5.000000,37500,False
1119605,KALYANKJIL26NOV580CE,KALYANKJIL,26NOV2026,58000.000000,1350,OPTSTK,BFO,5.000000,100000000,False
1119610,APLAPOLLO26SEP2340PE,APLAPOLLO,24SEP2026,234000.000000,350,OPTSTK,BFO,5.000000,100000000,False
1119622,SAGILITY26SEP51PE,SAGILITY,24SEP2026,5100.000000,12000,OPTSTK,BFO,5.000000,100000000,False
1126892,PATANJALI26NOV305PE,PATANJALI,26NOV2026,30500.000000,1075,OPTSTK,BFO,5.000000,100000000,False
1126920,BHARATFORG26NOV1820CE,BHARATFORG,26NOV2026,182000.000000,500,OPTSTK,BFO,5.000000,30000,False
1126950,SENSEX5026NOV23950PE,SENSEX50,26NOV2026,2395000.000000,75,OPTIDX,BFO,5.000000,1800,False
1126954,ICICIPRULI26OCT435PE,ICICIPRULI,29OCT2026,43500.000000,925,OPTSTK,BFO,5.000000,60000,False
845528,LODHA26SEP1000CE,LODHA,24SEP2026,100000.000000,625,OPTSTK,BFO,5.000000,100000000,False
845532,SHRIRAMFIN26SEP990PE,SHRIRAMFIN,24SEP2026,99000.000000,825,OPTSTK,BFO,5.000000,18000,False
845548,JUBLFOOD26SEP390CE,JUBLFOOD,24SEP2026,39000.000000,1250,OPTSTK,BFO,5.000000,50000,False
845543,PGEL26SEP590PE,PGEL,24SEP2026,59000.000000,950,OPTSTK,BFO,5.000000,100000000,False
848309,MARUTI26SEP13400PE,MARUTI,24SEP2026,1340000.000000,50,OPTSTK,BFO,5.000000,3000,False
848321,LT26SEP4080CE,LT,24SEP2026,408000.000000,175,OPTSTK,BFO,5.000000,12000,False
848343,UNIONBANK26SEP160CE,UNIONBANK,24SEP2026,16000.000000,4425,OPTSTK,BFO,5.000000,100000000,False
848350,GVT&D26SEP4600CE,GVT&D,24SEP2026,460000.000000,125,OPTSTK,BFO,5.000000,100000000,False
1119658,HCLTECH26NOV1390CE,HCLTECH,26NOV2026,139000.000000,400,OPTSTK,BFO,5.000000,21000,False
1119661,SENSEX26O1584300PE,SENSEX,15OCT2026,8430000.000000,20,OPTIDX,BFO,5.000000,1000,False
1119677,BIOCON26NOV375PE,BIOCON,26NOV2026,37500.000000,2500,OPTSTK,BFO,5.000000,100000,False
1119678,KALYANKJIL26NOV585CE,KALYANKJIL,26NOV2026,58500.000000,1350,OPTSTK,BFO,5.000000,100000000,False
1126957,SENSEX26O1569100PE,SENSEX,15OCT2026,6910000.000000,20,OPTIDX,BFO,5.000000,1000,False
1126960,FOCIT26SEP29600CE,FOCIT,24SEP2026,2960000.000000,45,OPTIDX,BFO,5.000000,1350,False
1126963,KPITTECH26OCT500PE,KPITTECH,29OCT2026,50000.000000,775,OPTSTK,BFO,5.000000,100000000,False
1126969,FOCIT26NOV29500CE,FOCIT,26NOV2026,2950000.000000,45,OPTIDX,BFO,5.000000,1350,False
845558,OBEROIRLTY26SEP1780CE,OBEROIRLTY,24SEP2026,178000.000000,350,OPTSTK,BFO,5.000000,28000,False
845567,ALKEM26SEPFUT,ALKEM,24SEP2026,0.000000,125,FUTSTK,BFO,5.000000,8000,False
845580,ADANIENT26SEP3140CE,ADANIENT,24SEP2026,314000.000000,309,OPTSTK,BFO,5.000000,9000,False
845619,FORCEMOT26SEP19000PE,FORCEMOT,24SEP2026,1900000.000000,25,OPTSTK,BFO,5.000000,100000000,False
848353,GLENMARK26SEP2140PE,GLENMARK,24SEP2026,214000.000000,375,OPTSTK,BFO,5.000000,43500,False
848360,BANKEX26SEP58600CE,BANKEX,24SEP2026,5860000.000000,30,OPTIDX,BFO,5.000000,900,False
848368,INDUSINDBK26SEP970CE,INDUSINDBK,24SEP2026,97000.000000,700,OPTSTK,BFO,5.000000,20000,False
848372,OBEROIRLTY26SEP1660PE,OBEROIRLTY,24SEP2026,166000.000000,350,OPTSTK,BFO,5.000000,28000,False
1119962,IRFC26OCT76CE,IRFC,29OCT2026,7600.000000,5425,OPTSTK,BFO,5.000000,100000000,False
1119980,PATANJALI26NOV310PE,PATANJALI,26NOV2026,31000.000000,1075,OPTSTK,BFO,5.000000,100000000,False
1120084,JSWSTEEL26NOV1180CE,JSWSTEEL,26NOV2026,118000.000000,675,OPTSTK,BFO,5.000000,40500,False
1120152,ITC26NOV240PE,ITC,26NOV2026,24000.000000,1725,OPTSTK,BFO,5.000000,64000,False
845620,TITAN26SEP4050CE,TITAN,24SEP2026,405000.000000,175,OPTSTK,BFO,5.000000,11250,False
845637,VBL26SEP480PE,VBL,24SEP2026,48000.000000,1275,OPTSTK,BFO,5.000000,100000000,False
845651,BANKEX26SEP64200CE,BANKEX,24SEP2026,6420000.000000,30,OPTIDX,BFO,5.000000,900,False
845669,MANAPPURAM26SEP295PE,MANAPPURAM,24SEP2026,29500.000000,3000,OPTSTK,BFO,5.000000,180000,False
1126994,INFY26OCT940PE,INFY,29OCT2026,94000.000000,400,OPTSTK,BFO,5.000000,16000,False
1127038,UNITDSPR26NOV1300PE,UNITDSPR,26NOV2026,130000.000000,400,OPTSTK,BFO,5.000000,28000,False
1127049,TATAELXSI26NOV3150CE,TATAELXSI,26NOV2026,315000.000000,125,OPTSTK,BFO,5.000000,100000000,False
1127066,TECHM26NOV1420PE,TECHM,26NOV2026,142000.000000,600,OPTSTK,BFO,5.000000,24000,False
848374,JIOFIN26SEP242.5CE,JIOFIN,24SEP2026,24250.000000,2350,OPTSTK,BFO,5.000000,100000000,False
848375,SENSEX5026SEP25900PE,SENSEX50,24SEP2026,2590000.000000,75,OPTIDX,BFO,5.000000,1800,False
848379,MAXHEALTH26SEP1070PE,MAXHEALTH,24SEP2026,107000.000000,525,OPTSTK,BFO,5.000000,100000000,False
848388,BANKEX26SEP67900PE,BANKEX,24SEP2026,6790000.000000,30,OPTIDX,BFO,5.000000,900,False
845672,MPHASIS26SEP2098CE,MPHASIS,24SEP2026,209800.000000,275,OPTSTK,BFO,5.000000,11000,False
845730,HINDUNILVR26SEP2260CE,HINDUNILVR,24SEP2026,226000.000000,300,OPTSTK,BFO,5.000000,9000,False
845757,NBCC26SEP114PE,NBCC,24SEP2026,11400.000000,6500,OPTSTK,BFO,5.000000,100000000,False
845763,ICICIGI26SEP1740CE,ICICIGI,24SEP2026,174000.000000,325,OPTSTK,BFO,5.000000,20000,False
1120198,BHARATFORG26NOV2200CE,BHARATFORG,26NOV2026,220000.000000,500,OPTSTK,BFO,5.000000,30000,False
1120202,ASIANPAINT26OCT2440PE,ASIANPAINT,29OCT2026,244000.000000,250,OPTSTK,BFO,5.000000,8000,False
1120203,BHARTIARTL26NOV1720PE,BHARTIARTL,26NOV2026,172000.000000,475,OPTSTK,BFO,5.000000,28500,False
1120228,JSWENERGY26OCT460PE,JSWENERGY,29OCT2026,46000.000000,1075,OPTSTK,BFO,5.000000,100000000,False
848398,ADANIENT26SEP3020PE,ADANIENT,24SEP2026,302000.000000,309,OPTSTK,BFO,5.000000,9000,False
848404,HYUNDAI26SEP1860CE,HYUNDAI,24SEP2026,186000.000000,275,OPTSTK,BFO,5.000000,100000000,False
848419,JSWSTEEL26SEP1250CE,JSWSTEEL,24SEP2026,125000.000000,675,OPTSTK,BFO,5.000000,40500,False
848433,TATACONSUM26SEP1080PE,TATACONSUM,24SEP2026,108000.000000,550,OPTSTK,BFO,5.000000,36000,False
1127096,TECHM26OCT1420PE,TECHM,29OCT2026,142000.000000,600,OPTSTK,BFO,5.000000,24000,False
1127116,SOLARINDS26OCT23750CE,SOLARINDS,29OCT2026,2375000.000000,50,OPTSTK,BFO,5.000000,100000000,False
1127136,VMM26NOV87.5PE,VMM,26NOV2026,8750.000000,4850,OPTSTK,BFO,5.000000,100000000,False
1127160,ASIANPAINT26SEP2360CE,ASIANPAINT,24SEP2026,236000.000000,250,OPTSTK,BFO,5.000000,8000,False
845820,BANKEX26SEP68200PE,BANKEX,24SEP2026,6820000.000000,30,OPTIDX,BFO,5.000000,900,False
845781,ZYDUSLIFE26SEP1100CE,ZYDUSLIFE,24SEP2026,110000.000000,900,OPTSTK,BFO,5.000000,54000,False
845785,NYKAA26SEP290CE,NYKAA,24SEP2026,29000.000000,3125,OPTSTK,BFO,5.000000,100000000,False
845787,MANAPPURAM26SEP310CE,MANAPPURAM,24SEP2026,31000.000000,3000,OPTSTK,BFO,5.000000,180000,False
848439,FORCEMOT26SEP21000PE,FORCEMOT,24SEP2026,2100000.000000,25,OPTSTK,BFO,5.000000,100000000,False
848442,CHOLAFIN26SEP1780PE,CHOLAFIN,24SEP2026,178000.000000,625,OPTSTK,BFO,5.000000,25000,False
848449,COLPAL26SEPFUT,COLPAL,24SEP2026,0.000000,275,FUTSTK,BFO,5.000000,14000,False
848458,AUROPHARMA26SEP1460PE,AUROPHARMA,24SEP2026,146000.000000,550,OPTSTK,BFO,5.000000,44000,False
1120243,ATHERENERG26SEP1780PE,ATHERENERG,24SEP2026,178000.000000,375,OPTSTK,BFO,5.000000,100000000,False
1120250,MAZDOCK26NOV2150CE,MAZDOCK,26NOV2026,215000.000000,225,OPTSTK,BFO,5.000000,100000000,False
1120254,INDUSINDBK26NOV1070CE,INDUSINDBK,26NOV2026,107000.000000,700,OPTSTK,BFO,5.000000,20000,False
1120256,CAMS26NOV850CE,CAMS,26NOV2026,85000.000000,825,OPTSTK,BFO,5.000000,100000000,False
845822,BPCL26SEP300PE,BPCL,24SEP2026,30000.000000,1975,OPTSTK,BFO,5.000000,72000,False
845827,SUNPHARMA26SEP2000PE,SUNPHARMA,24SEP2026,200000.000000,350,OPTSTK,BFO,5.000000,28000,False
845850,BEL26SEP440CE,BEL,24SEP2026,44000.000000,1425,OPTSTK,BFO,5.000000,228000,False
845851,TITAN26SEP4600PE,TITAN,24SEP2026,460000.000000,175,OPTSTK,BFO,5.000000,11250,False
1127165,SENSEX26O0169100CE,SENSEX,01OCT2026,6910000.000000,20,OPTIDX,BFO,5.000000,1000,False
1127168,NESTLEIND26NOV1330CE,NESTLEIND,26NOV2026,133000.000000,500,OPTSTK,BFO,5.000000,1200,False
1127181,ICICIPRULI26OCT455CE,ICICIPRULI,29OCT2026,45500.000000,925,OPTSTK,BFO,5.000000,60000,False
1127194,SOLARINDS26SEP23500PE,SOLARINDS,24SEP2026,2350000.000000,50,OPTSTK,BFO,5.000000,100000000,False
845862,ALKEM26SEP5200PE,ALKEM,24SEP2026,520000.000000,125,OPTSTK,BFO,5.000000,8000,False
845864,SENSEX5026SEP24800PE,SENSEX50,24SEP2026,2480000.000000,75,OPTIDX,BFO,5.000000,1800,False
845876,TRENT26SEP3300CE,TRENT,24SEP2026,330000.000000,225,OPTSTK,BFO,5.000000,16000,False
845882,KALYANKJIL26SEP380PE,KALYANKJIL,24SEP2026,38000.000000,1350,OPTSTK,BFO,5.000000,100000000,False
848461,BANKINDIA26SEP142.5PE,BANKINDIA,24SEP2026,14250.000000,5200,OPTSTK,BFO,5.000000,100000000,False
848468,YESBANK26SEP29PE,YESBANK,24SEP2026,2900.000000,31100,OPTSTK,BFO,5.000000,100000000,False
848477,HINDZINC26SEP500CE,HINDZINC,24SEP2026,50000.000000,1225,OPTSTK,BFO,5.000000,100000000,False
848485,GODFRYPHLP26SEP2100CE,GODFRYPHLP,24SEP2026,210000.000000,275,OPTSTK,BFO,5.000000,100000000,False
1120303,COCHINSHIP26NOV1360CE,COCHINSHIP,26NOV2026,136000.000000,400,OPTSTK,BFO,5.000000,100000000,False
1120324,GMRAIRPORT26OCT90CE,GMRAIRPORT,29OCT2026,9000.000000,6975,OPTSTK,BFO,5.000000,675000,False
1120326,INDIANB26NOV960CE,INDIANB,26NOV2026,96000.000000,1000,OPTSTK,BFO,5.000000,100000000,False
1120347,UPL26NOV490CE,UPL,26NOV2026,49000.000000,1355,OPTSTK,BFO,5.000000,39000,False
1127198,BDL26NOV1100CE,BDL,26NOV2026,110000.000000,425,OPTSTK,BFO,5.000000,100000000,False
1127203,GODREJPROP26NOV1800PE,GODREJPROP,26NOV2026,180000.000000,325,OPTSTK,BFO,5.000000,19000,False
1127292,DIVISLAB26SEP10100PE,DIVISLAB,24SEP2026,1010000.000000,100,OPTSTK,BFO,5.000000,8000,False
1127305,HAL26NOV5250CE,HAL,26NOV2026,525000.000000,150,OPTSTK,BFO,5.000000,9000,False
845898,LICHSGFIN26SEP535CE,LICHSGFIN,24SEP2026,53500.000000,1000,OPTSTK,BFO,5.000000,60000,False
845904,FORCEMOT26SEP17500CE,FORCEMOT,24SEP2026,1750000.000000,25,OPTSTK,BFO,5.000000,100000000,False
845930,ADANIGREEN26SEP1580PE,ADANIGREEN,24SEP2026,158000.000000,600,OPTSTK,BFO,5.000000,100000000,False
845932,SOLARINDS26SEP18750CE,SOLARINDS,24SEP2026,1875000.000000,50,OPTSTK,BFO,5.000000,100000000,False
848504,VBL26SEP515CE,VBL,24SEP2026,51500.000000,1275,OPTSTK,BFO,5.000000,100000000,False
848520,MAZDOCK26SEP2620PE,MAZDOCK,24SEP2026,262000.000000,225,OPTSTK,BFO,5.000000,100000000,False
848524,PERSISTENT26SEP4500PE,PERSISTENT,24SEP2026,450000.000000,125,OPTSTK,BFO,5.000000,5250,False
848526,TVSMOTOR26SEP3640CE,TVSMOTOR,24SEP2026,364000.000000,175,OPTSTK,BFO,5.000000,21000,False
1120368,BAJAJ-AUTO26OCT12800PE,BAJAJ-AUTO,29OCT2026,1280000.000000,75,OPTSTK,BFO,5.000000,5000,False
1120381,GODREJCP26OCT830PE,GODREJCP,29OCT2026,83000.000000,500,OPTSTK,BFO,5.000000,30000,False
1120382,GMRAIRPORT26NOV88CE,GMRAIRPORT,26NOV2026,8800.000000,6975,OPTSTK,BFO,5.000000,675000,False
1120417,BIOCON26OCT370PE,BIOCON,29OCT2026,37000.000000,2500,OPTSTK,BFO,5.000000,100000,False
1127342,AMBER26NOV6600CE,AMBER,26NOV2026,660000.000000,100,OPTSTK,BFO,5.000000,100000000,False
1127369,HINDPETRO26NOV280PE,HINDPETRO,26NOV2026,28000.000000,2025,OPTSTK,BFO,5.000000,108000,False
1127385,SENSEX26O1568900PE,SENSEX,15OCT2026,6890000.000000,20,OPTIDX,BFO,5.000000,1000,False
1127541,HAL26NOV5250PE,HAL,26NOV2026,525000.000000,150,OPTSTK,BFO,5.000000,9000,False
845933,HINDPETRO26SEP355.75PE,HINDPETRO,24SEP2026,35575.000000,2025,OPTSTK,BFO,5.000000,108000,False
845939,YESBANK26SEP19CE,YESBANK,24SEP2026,1900.000000,31100,OPTSTK,BFO,5.000000,100000000,False
845945,LTM26SEP3400CE,LTM,24SEP2026,340000.000000,150,OPTSTK,BFO,5.000000,4500,False
845947,BLUESTARCO26SEP1500PE,BLUESTARCO,24SEP2026,150000.000000,325,OPTSTK,BFO,5.000000,100000000,False
848533,BANDHANBNK26SEP217.5CE,BANDHANBNK,24SEP2026,21750.000000,3600,OPTSTK,BFO,5.000000,100000,False
848551,BIOCON26SEP440CE,BIOCON,24SEP2026,44000.000000,2500,OPTSTK,BFO,5.000000,100000,False
848553,PAGEIND26SEP42750PE,PAGEIND,24SEP2026,4275000.000000,20,OPTSTK,BFO,5.000000,600,False
848554,SWIGGY26SEPFUT,SWIGGY,24SEP2026,0.000000,1825,FUTSTK,BFO,5.000000,100000000,False
845955,TRENT26SEPFUT,TRENT,24SEP2026,0.000000,225,FUTSTK,BFO,5.000000,16000,False
845956,BEL26SEP375CE,BEL,24SEP2026,37500.000000,1425,OPTSTK,BFO,5.000000,228000,False
845959,BLUESTARCO26SEPFUT,BLUESTARCO,24SEP2026,0.000000,325,FUTSTK,BFO,5.000000,100000000,False
845976,PATANJALI26SEP440PE,PATANJALI,24SEP2026,44000.000000,1075,OPTSTK,BFO,5.000000,100000000,False
1120438,ADANIENSOL26NOV1360CE,ADANIENSOL,26NOV2026,136000.000000,675,OPTSTK,BFO,5.000000,100000000,False
1120459,UNITDSPR26NOV1340CE,UNITDSPR,26NOV2026,134000.000000,400,OPTSTK,BFO,5.000000,28000,False
1120465,OFSS26NOV13000CE,OFSS,26NOV2026,1300000.000000,100,OPTSTK,BFO,5.000000,8000,False
1120499,GMRAIRPORT26OCT88CE,GMRAIRPORT,29OCT2026,8800.000000,6975,OPTSTK,BFO,5.000000,675000,False
1127557,CAMS26OCT660CE,CAMS,29OCT2026,66000.000000,825,OPTSTK,BFO,5.000000,100000000,False
1127596,ULTRACEMCO26OCT10400PE,ULTRACEMCO,29OCT2026,1040000.000000,50,OPTSTK,BFO,5.000000,3000,False
1127711,SENSEX26O2268600PE,SENSEX,22OCT2026,6860000.000000,20,OPTIDX,BFO,5.000000,1000,False
1127749,OBEROIRLTY26NOV1700CE,OBEROIRLTY,26NOV2026,170000.000000,350,OPTSTK,BFO,5.000000,28000,False
848576,MARUTI26SEP13300CE,MARUTI,24SEP2026,1330000.000000,50,OPTSTK,BFO,5.000000,3000,False
848577,ONGC26SEP222.5CE,ONGC,24SEP2026,22250.000000,2250,OPTSTK,BFO,5.000000,154000,False
848598,BAJAJ-AUTO26SEP10500PE,BAJAJ-AUTO,24SEP2026,1050000.000000,75,OPTSTK,BFO,5.000000,5000,False
848602,INDIGO26SEP5400CE,INDIGO,24SEP2026,540000.000000,150,OPTSTK,BFO,5.000000,12000,False
845980,BANDHANBNK26SEP190CE,BANDHANBNK,24SEP2026,19000.000000,3600,OPTSTK,BFO,5.000000,100000,False
845989,GODFRYPHLP26SEP2360CE,GODFRYPHLP,24SEP2026,236000.000000,275,OPTSTK,BFO,5.000000,100000000,False
845990,PHOENIXLTD26SEP2000PE,PHOENIXLTD,24SEP2026,200000.000000,350,OPTSTK,BFO,5.000000,100000000,False
845991,IDFCFIRSTB26SEP74PE,IDFCFIRSTB,24SEP2026,7400.000000,9275,OPTSTK,BFO,5.000000,450000,False
848615,KOTAKBANK26SEPFUT,KOTAKBANK,24SEP2026,0.000000,2000,FUTSTK,BFO,5.000000,12000,False
848621,BANKEX26SEP69200CE,BANKEX,24SEP2026,6920000.000000,30,OPTIDX,BFO,5.000000,900,False
848625,HINDPETRO26SEP380.75PE,HINDPETRO,24SEP2026,38075.000000,2025,OPTSTK,BFO,5.000000,108000,False
848644,AXISBANK26SEP1430CE,AXISBANK,24SEP2026,143000.000000,625,OPTSTK,BFO,5.000000,25000,False
1120531,ADANIPORTS26NOV1500PE,ADANIPORTS,26NOV2026,150000.000000,475,OPTSTK,BFO,5.000000,32000,False
1120544,MUTHOOTFIN26NOV2650CE,MUTHOOTFIN,26NOV2026,265000.000000,275,OPTSTK,BFO,5.000000,22000,False
1120562,PIIND26SEP2050CE,PIIND,24SEP2026,205000.000000,175,OPTSTK,BFO,5.000000,7500,False
1120591,ADANIPORTS26NOV1520PE,ADANIPORTS,26NOV2026,152000.000000,475,OPTSTK,BFO,5.000000,32000,False
1127789,SOLARINDS26SEP24250PE,SOLARINDS,24SEP2026,2425000.000000,50,OPTSTK,BFO,5.000000,100000000,False
1127803,SENSEX26NOV68600PE,SENSEX,26NOV2026,6860000.000000,20,OPTIDX,BFO,5.000000,1000,False
1127806,ULTRACEMCO26SEP10400PE,ULTRACEMCO,24SEP2026,1040000.000000,50,OPTSTK,BFO,5.000000,3000,False
1127821,MARUTI26SEP11900PE,MARUTI,24SEP2026,1190000.000000,50,OPTSTK,BFO,5.000000,3000,False
845992,HINDALCO26SEP950CE,HINDALCO,24SEP2026,95000.000000,700,OPTSTK,BFO,5.000000,56000,False
845995,MCX26SEP3050PE,MCX,24SEP2026,305000.000000,225,OPTSTK,BFO,5.000000,16000,False
846012,SBILIFE26SEP1800PE,SBILIFE,24SEP2026,180000.000000,375,OPTSTK,BFO,5.000000,22500,False
846019,HCLTECH26SEP1120CE,HCLTECH,24SEP2026,112000.000000,400,OPTSTK,BFO,5.000000,21000,False
848647,PAYTM26SEP1170PE,PAYTM,24SEP2026,117000.000000,725,OPTSTK,BFO,5.000000,100000000,False
848655,MFSL26SEP1600PE,MFSL,24SEP2026,160000.000000,400,OPTSTK,BFO,5.000000,32000,False
848678,POLYCAB26SEP9900PE,POLYCAB,24SEP2026,990000.000000,125,OPTSTK,BFO,5.000000,9000,False
848694,DABUR26SEP400CE,DABUR,24SEP2026,40000.000000,1250,OPTSTK,BFO,5.000000,50000,False
1120632,ADANIENSOL26NOV1400CE,ADANIENSOL,26NOV2026,140000.000000,675,OPTSTK,BFO,5.000000,100000000,False
1120641,AUROPHARMA26SEP1840PE,AUROPHARMA,24SEP2026,184000.000000,550,OPTSTK,BFO,5.000000,44000,False
1120665,ADANIPORTS26NOV1540PE,ADANIPORTS,26NOV2026,154000.000000,475,OPTSTK,BFO,5.000000,32000,False
1120668,ATHERENERG26OCT1820CE,ATHERENERG,29OCT2026,182000.000000,375,OPTSTK,BFO,5.000000,100000000,False
846020,CONCOR26SEP465PE,CONCOR,24SEP2026,46500.000000,1250,OPTSTK,BFO,5.000000,40000,False
846023,SHRIRAMFIN26SEP1030PE,SHRIRAMFIN,24SEP2026,103000.000000,825,OPTSTK,BFO,5.000000,18000,False
846030,BAJFINANCE26SEP960PE,BAJFINANCE,24SEP2026,96000.000000,750,OPTSTK,BFO,5.000000,3750,False
846038,MOTHERSON26SEP159PE,MOTHERSON,24SEP2026,15900.000000,6150,OPTSTK,BFO,5.000000,284000,False
1127846,SENSEX26O1568800CE,SENSEX,15OCT2026,6880000.000000,20,OPTIDX,BFO,5.000000,1000,False
1127871,JIOFIN26NOV215PE,JIOFIN,26NOV2026,21500.000000,2350,OPTSTK,BFO,5.000000,100000000,False
1128001,OBEROIRLTY26NOV1700PE,OBEROIRLTY,26NOV2026,170000.000000,350,OPTSTK,BFO,5.000000,28000,False
1128038,SENSEX5026OCT23800PE,SENSEX50,29OCT2026,2380000.000000,75,OPTIDX,BFO,5.000000,1800,False
846043,TATAELXSI26SEP4200PE,TATAELXSI,24SEP2026,420000.000000,125,OPTSTK,BFO,5.000000,100000000,False
846052,COFORGE26SEP1460PE,COFORGE,24SEP2026,146000.000000,475,OPTSTK,BFO,5.000000,6000,False
846063,ASTRAL26SEP1580PE,ASTRAL,24SEP2026,158000.000000,425,OPTSTK,BFO,5.000000,14680,False
846067,BHEL26SEP402.5PE,BHEL,24SEP2026,40250.000000,2625,OPTSTK,BFO,5.000000,315000,False
848703,SAIL26SEP152.5PE,SAIL,24SEP2026,15250.000000,4700,OPTSTK,BFO,5.000000,320000,False
848717,LTF26SEP335PE,LTF,24SEP2026,33500.000000,2250,OPTSTK,BFO,5.000000,267720,False
848737,SIEMENS26SEP3450CE,SIEMENS,24SEP2026,345000.000000,175,OPTSTK,BFO,5.000000,8250,False
848760,IOC26SEP144CE,IOC,24SEP2026,14400.000000,4875,OPTSTK,BFO,5.000000,292500,False
1120669,SAGILITY26SEP54PE,SAGILITY,24SEP2026,5400.000000,12000,OPTSTK,BFO,5.000000,100000000,False
1120678,SAGILITY26SEP54CE,SAGILITY,24SEP2026,5400.000000,12000,OPTSTK,BFO,5.000000,100000000,False
1120712,ADANIGREEN26OCT1120CE,ADANIGREEN,29OCT2026,112000.000000,600,OPTSTK,BFO,5.000000,100000000,False
1120780,SUNPHARMA26NOV2100PE,SUNPHARMA,26NOV2026,210000.000000,350,OPTSTK,BFO,5.000000,28000,False
1128041,ICICIBANK26NOV1330PE,ICICIBANK,26NOV2026,133000.000000,700,OPTSTK,BFO,5.000000,28000,False
1128089,GVT&D26NOV5300CE,GVT&D,26NOV2026,530000.000000,125,OPTSTK,BFO,5.000000,100000000,False
1128093,SENSEX2691768900CE,SENSEX,17SEP2026,6890000.000000,20,OPTIDX,BFO,5.000000,1000,False
1128099,SENSEX26O0168800CE,SENSEX,01OCT2026,6880000.000000,20,OPTIDX,BFO,5.000000,1000,False
848765,DIVISLAB26SEP6450CE,DIVISLAB,24SEP2026,645000.000000,100,OPTSTK,BFO,5.000000,8000,False
848771,TATAPOWER26SEP405CE,TATAPOWER,24SEP2026,40500.000000,1450,OPTSTK,BFO,5.000000,101250,False
848780,BANKEX26SEP71800CE,BANKEX,24SEP2026,7180000.000000,30,OPTIDX,BFO,5.000000,900,False
848786,ADANIPOWER26SEP245PE,ADANIPOWER,24SEP2026,24500.000000,3550,OPTSTK,BFO,5.000000,100000000,False
846072,SWIGGY26SEP220CE,SWIGGY,24SEP2026,22000.000000,1825,OPTSTK,BFO,5.000000,100000000,False
846090,SHRIRAMFIN26SEP1100PE,SHRIRAMFIN,24SEP2026,110000.000000,825,OPTSTK,BFO,5.000000,18000,False
846108,UNIONBANK26SEP162.5CE,UNIONBANK,24SEP2026,16250.000000,4425,OPTSTK,BFO,5.000000,100000000,False
846112,360ONE26SEP960PE,,24SEP2026,96000.000000,500,OPTSTK,BFO,5.000000,100000000,False
1120830,BHARTIARTL26NOV1700CE,BHARTIARTL,26NOV2026,170000.000000,475,OPTSTK,BFO,5.000000,28500,False
1120865,ADANIENSOL26OCT1320PE,ADANIENSOL,29OCT2026,132000.000000,675,OPTSTK,BFO,5.000000,100000000,False
1120875,ADANIENT26NOV2700PE,ADANIENT,26NOV2026,270000.000000,309,OPTSTK,BFO,5.000000,9000,False
1120926,GMRAIRPORT26SEP88PE,GMRAIRPORT,24SEP2026,8800.000000,6975,OPTSTK,BFO,5.000000,675000,False
1128100,SENSEX5026NOV23850CE,SENSEX50,26NOV2026,2385000.000000,75,OPTIDX,BFO,5.000000,1800,False
1128271,OIL26NOV530CE,OIL,26NOV2026,53000.000000,1400,OPTSTK,BFO,5.000000,100000000,False
1128293,HINDPETRO26SEP280CE,HINDPETRO,24SEP2026,28000.000000,2025,OPTSTK,BFO,5.000000,108000,False
1128302,VOLTAS26SEP1000CE,VOLTAS,24SEP2026,100000.000000,375,OPTSTK,BFO,5.000000,30000,False
846114,AUBANK26SEP960CE,AUBANK,24SEP2026,96000.000000,1000,OPTSTK,BFO,5.000000,30000,False
846123,MAXHEALTH26SEP1120CE,MAXHEALTH,24SEP2026,112000.000000,525,OPTSTK,BFO,5.000000,100000000,False
846137,NESTLEIND26SEP1450CE,NESTLEIND,24SEP2026,145000.000000,500,OPTSTK,BFO,5.000000,1200,False
846147,BDL26SEP1280PE,BDL,24SEP2026,128000.000000,425,OPTSTK,BFO,5.000000,100000000,False
848795,ONGC26SEP227.5CE,ONGC,24SEP2026,22750.000000,2250,OPTSTK,BFO,5.000000,154000,False
848800,INFY26SEPFUT,INFY,24SEP2026,0.000000,400,FUTSTK,BFO,5.000000,16000,False
848803,NATIONALUM26SEP350PE,NATIONALUM,24SEP2026,35000.000000,1875,OPTSTK,BFO,5.000000,300000,False
848805,HDFCAMC26SEP2740PE,HDFCAMC,24SEP2026,274000.000000,300,OPTSTK,BFO,5.000000,12000,False
1120936,IOC26NOV117.5CE,IOC,26NOV2026,11750.000000,4875,OPTSTK,BFO,5.000000,292500,False
1120945,ITC26OCT240CE,ITC,29OCT2026,24000.000000,1725,OPTSTK,BFO,5.000000,64000,False
1120990,KAYNES26NOV3550CE,KAYNES,26NOV2026,355000.000000,150,OPTSTK,BFO,5.000000,100000000,False
1121008,ADANIENSOL26NOV1360PE,ADANIENSOL,26NOV2026,136000.000000,675,OPTSTK,BFO,5.000000,100000000,False
1128306,CAMS26SEP660PE,CAMS,24SEP2026,66000.000000,825,OPTSTK,BFO,5.000000,100000000,False
1128357,PAYTM26NOV1860CE,PAYTM,26NOV2026,186000.000000,725,OPTSTK,BFO,5.000000,100000000,False
1128376,SENSEX27JUN70000PE,SENSEX,24JUN2027,7000000.000000,20,OPTIDX,BFO,5.000000,1000,False
1128444,APOLLOHOSP26NOV9700PE,APOLLOHOSP,26NOV2026,970000.000000,125,OPTSTK,BFO,5.000000,5000,False
846160,WIPRO26SEP162.5CE,WIPRO,24SEP2026,16250.000000,3000,OPTSTK,BFO,5.000000,60000,False
846170,AUROPHARMA26SEP1520PE,AUROPHARMA,24SEP2026,152000.000000,550,OPTSTK,BFO,5.000000,44000,False
846174,ICICIPRULI26SEP500CE,ICICIPRULI,24SEP2026,50000.000000,925,OPTSTK,BFO,5.000000,60000,False
846186,IDFCFIRSTB26SEP83CE,IDFCFIRSTB,24SEP2026,8300.000000,9275,OPTSTK,BFO,5.000000,450000,False
848808,TMPV26SEP330PE,TMPV,24SEP2026,33000.000000,1600,OPTSTK,BFO,5.000000,42750,False
848810,POLICYBZR26SEP1640CE,POLICYBZR,24SEP2026,164000.000000,350,OPTSTK,BFO,5.000000,100000000,False
848812,POLYCAB26SEP9800CE,POLYCAB,24SEP2026,980000.000000,125,OPTSTK,BFO,5.000000,9000,False
848816,SBILIFE26SEP1780PE,SBILIFE,24SEP2026,178000.000000,375,OPTSTK,BFO,5.000000,22500,False
846190,SBILIFE26SEP1620PE,SBILIFE,24SEP2026,162000.000000,375,OPTSTK,BFO,5.000000,22500,False
846215,RVNL26SEP220PE,RVNL,24SEP2026,22000.000000,1925,OPTSTK,BFO,5.000000,100000000,False
846224,MARICO26SEP825CE,MARICO,24SEP2026,82500.000000,1200,OPTSTK,BFO,5.000000,48000,False
846228,ICICIGI26SEP1780CE,ICICIGI,24SEP2026,178000.000000,325,OPTSTK,BFO,5.000000,20000,False
1128572,VMM26NOV85CE,VMM,26NOV2026,8500.000000,4850,OPTSTK,BFO,5.000000,100000000,False
848829,GMRAIRPORT26SEP107PE,GMRAIRPORT,24SEP2026,10700.000000,6975,OPTSTK,BFO,5.000000,675000,False
848837,NYKAA26SEP300CE,NYKAA,24SEP2026,30000.000000,3125,OPTSTK,BFO,5.000000,100000000,False
848865,UNITDSPR26SEP1330CE,UNITDSPR,24SEP2026,133000.000000,400,OPTSTK,BFO,5.000000,28000,False
848867,DLF26SEP600CE,DLF,24SEP2026,60000.000000,950,OPTSTK,BFO,5.000000,49500,False
1121028,DRREDDY26NOV1100CE,DRREDDY,26NOV2026,110000.000000,625,OPTSTK,BFO,5.000000,5000,False
1121047,OBEROIRLTY26NOV1720CE,OBEROIRLTY,26NOV2026,172000.000000,350,OPTSTK,BFO,5.000000,28000,False
1121061,ATHERENERG26OCT1780CE,ATHERENERG,29OCT2026,178000.000000,375,OPTSTK,BFO,5.000000,100000000,False
1121161,BIOCON26NOV370PE,BIOCON,26NOV2026,37000.000000,2500,OPTSTK,BFO,5.000000,100000,False
1128465,SENSEX26O1568400CE,SENSEX,15OCT2026,6840000.000000,20,OPTIDX,BFO,5.000000,1000,False
1128488,ULTRACEMCO26OCT10300PE,ULTRACEMCO,29OCT2026,1030000.000000,50,OPTSTK,BFO,5.000000,3000,False
1128532,ADANIPORTS26NOV1920PE,ADANIPORTS,26NOV2026,192000.000000,475,OPTSTK,BFO,5.000000,32000,False
846230,MOTILALOFS26SEP900PE,MOTILALOFS,24SEP2026,90000.000000,775,OPTSTK,BFO,5.000000,100000000,False
846240,DLF26SEP640PE,DLF,24SEP2026,64000.000000,950,OPTSTK,BFO,5.000000,49500,False
846246,PNB26SEP113PE,PNB,24SEP2026,11300.000000,8000,OPTSTK,BFO,5.000000,480000,False
846253,BOSCHLTD26SEP40750PE,BOSCHLTD,24SEP2026,4075000.000000,25,OPTSTK,BFO,5.000000,1500,False
848870,BANKEX26SEP61200PE,BANKEX,24SEP2026,6120000.000000,30,OPTIDX,BFO,5.000000,900,False
848872,BANKEX26SEP63500PE,BANKEX,24SEP2026,6350000.000000,30,OPTIDX,BFO,5.000000,900,False
848875,COALINDIA26SEP445PE,COALINDIA,24SEP2026,44500.000000,1350,OPTSTK,BFO,5.000000,126000,False
848880,SUNPHARMA26SEP1900PE,SUNPHARMA,24SEP2026,190000.000000,350,OPTSTK,BFO,5.000000,28000,False
1121239,BSE26SEP1400CE,BSE,29SEP2026,140000.000000,200,OPTSTK,BFO,5.000000,3751,False
1121246,BSE26OCT1400PE,BSE,27OCT2026,140000.000000,200,OPTSTK,BFO,5.000000,3751,False
1121248,BSE26NOV1400PE,BSE,23NOV2026,140000.000000,200,OPTSTK,BFO,5.000000,3751,False
1121328,JSWENERGY26SEP450PE,JSWENERGY,24SEP2026,45000.000000,1075,OPTSTK,BFO,5.000000,100000000,False
1128595,BANKEX26OCT56900PE,BANKEX,29OCT2026,5690000.000000,30,OPTIDX,BFO,5.000000,900,False
1128645,OBEROIRLTY26NOV1680PE,OBEROIRLTY,26NOV2026,168000.000000,350,OPTSTK,BFO,5.000000,28000,False
1128761,TATACONSUM26NOV930CE,TATACONSUM,26NOV2026,93000.000000,550,OPTSTK,BFO,5.000000,36000,False
1128857,SENSEX26SEP68200PE,SENSEX,24SEP2026,6820000.000000,20,OPTIDX,BFO,5.000000,1000,False
846259,DABUR26SEP445PE,DABUR,24SEP2026,44500.000000,1250,OPTSTK,BFO,5.000000,50000,False
846262,CHOLAFIN26SEP1900CE,CHOLAFIN,24SEP2026,190000.000000,625,OPTSTK,BFO,5.000000,25000,False
846266,BANKEX26SEP66100PE,BANKEX,24SEP2026,6610000.000000,30,OPTIDX,BFO,5.000000,900,False
846276,BANKEX26SEP68400PE,BANKEX,24SEP2026,6840000.000000,30,OPTIDX,BFO,5.000000,900,False
848903,HINDPETRO26SEP420.75CE,HINDPETRO,24SEP2026,42075.000000,2025,OPTSTK,BFO,5.000000,108000,False
848909,FOCIT26SEP34000CE,FOCIT,24SEP2026,3400000.000000,45,OPTIDX,BFO,5.000000,1350,False
848916,CONCOR26SEP460CE,CONCOR,24SEP2026,46000.000000,1250,OPTSTK,BFO,5.000000,40000,False
848927,CROMPTON26SEP285CE,CROMPTON,24SEP2026,28500.000000,2150,OPTSTK,BFO,5.000000,90000,False
1121333,DMART26NOV3450CE,DMART,26NOV2026,345000.000000,150,OPTSTK,BFO,5.000000,100000000,False
1121341,ATHERENERG26SEP1860CE,ATHERENERG,24SEP2026,186000.000000,375,OPTSTK,BFO,5.000000,100000000,False
1121372,CROMPTON26SEP195PE,CROMPTON,24SEP2026,19500.000000,2150,OPTSTK,BFO,5.000000,90000,False
1121379,HCLTECH26NOV1410PE,HCLTECH,26NOV2026,141000.000000,400,OPTSTK,BFO,5.000000,21000,False
846285,BRITANNIA26SEPFUT,BRITANNIA,24SEP2026,0.000000,125,FUTSTK,BFO,5.000000,6000,False
846308,TVSMOTOR26SEP3460PE,TVSMOTOR,24SEP2026,346000.000000,175,OPTSTK,BFO,5.000000,21000,False
846312,BHARATFORG26SEP2240CE,BHARATFORG,24SEP2026,224000.000000,500,OPTSTK,BFO,5.000000,30000,False
846322,LTF26SEP305CE,LTF,24SEP2026,30500.000000,2250,OPTSTK,BFO,5.000000,267720,False
1128901,MUTHOOTFIN26OCT2450PE,MUTHOOTFIN,29OCT2026,245000.000000,275,OPTSTK,BFO,5.000000,22000,False
1128925,WAAREEENER26NOV2200CE,WAAREEENER,26NOV2026,220000.000000,175,OPTSTK,BFO,5.000000,100000000,False
1128926,DLF26NOV590CE,DLF,26NOV2026,59000.000000,950,OPTSTK,BFO,5.000000,49500,False
1128965,PRESTIGE26NOV1400CE,PRESTIGE,26NOV2026,140000.000000,450,OPTSTK,BFO,5.000000,100000000,False
848959,SENSEX5026SEPFUT,SENSEX50,24SEP2026,0.000000,75,FUTIDX,BFO,5.000000,1800,False
848968,BANKEX26SEP62800CE,BANKEX,24SEP2026,6280000.000000,30,OPTIDX,BFO,5.000000,900,False
848976,POWERINDIA26SEP33000PE,POWERINDIA,24SEP2026,3300000.000000,25,OPTSTK,BFO,5.000000,100000000,False
848979,MPHASIS26SEP2338PE,MPHASIS,24SEP2026,233800.000000,275,OPTSTK,BFO,5.000000,11000,False
846324,BHARATFORG26SEP2080CE,BHARATFORG,24SEP2026,208000.000000,500,OPTSTK,BFO,5.000000,30000,False
846336,HDFCBANK26SEP815PE,HDFCBANK,24SEP2026,81500.000000,650,OPTSTK,BFO,5.000000,16500,False
846357,BIOCON26SEP410CE,BIOCON,24SEP2026,41000.000000,2500,OPTSTK,BFO,5.000000,100000,False
846359,JSWENERGY26SEP565PE,JSWENERGY,24SEP2026,56500.000000,1075,OPTSTK,BFO,5.000000,100000000,False
1121404,GODREJPROP26NOV1860PE,GODREJPROP,26NOV2026,186000.000000,325,OPTSTK,BFO,5.000000,19000,False
1121417,ATHERENERG26OCT1860PE,ATHERENERG,29OCT2026,186000.000000,375,OPTSTK,BFO,5.000000,100000000,False
1121444,BAJAJ-AUTO26OCT13100CE,BAJAJ-AUTO,29OCT2026,1310000.000000,75,OPTSTK,BFO,5.000000,5000,False
1121454,KEI26NOV4700CE,KEI,26NOV2026,470000.000000,175,OPTSTK,BFO,5.000000,100000000,False
848984,HEROMOTOCO26SEP4900PE,HEROMOTOCO,24SEP2026,490000.000000,150,OPTSTK,BFO,5.000000,9000,False
849007,SBIN26SEP1050CE,SBIN,24SEP2026,105000.000000,750,OPTSTK,BFO,5.000000,45000,False
849015,TITAN26SEP4200PE,TITAN,24SEP2026,420000.000000,175,OPTSTK,BFO,5.000000,11250,False
849025,UPL26SEP555PE,UPL,24SEP2026,55500.000000,1355,OPTSTK,BFO,5.000000,39000,False
1128994,ALKEM26NOV4800PE,ALKEM,26NOV2026,480000.000000,125,OPTSTK,BFO,5.000000,8000,False
1129025,MFSL26NOV1340PE,MFSL,26NOV2026,134000.000000,400,OPTSTK,BFO,5.000000,32000,False
1129041,CAMS26NOV650CE,CAMS,26NOV2026,65000.000000,825,OPTSTK,BFO,5.000000,100000000,False
1129043,SENSEX26DEC70000CE,SENSEX,31DEC2026,7000000.000000,20,OPTIDX,BFO,5.000000,1000,False
846366,PATANJALI26SEP390CE,PATANJALI,24SEP2026,39000.000000,1075,OPTSTK,BFO,5.000000,100000000,False
846376,BANKEX26SEP63100CE,BANKEX,24SEP2026,6310000.000000,30,OPTIDX,BFO,5.000000,900,False
846382,CANBK26SEP133PE,CANBK,24SEP2026,13300.000000,6750,OPTSTK,BFO,5.000000,81000,False
846383,BANKEX26SEP65400CE,BANKEX,24SEP2026,6540000.000000,30,OPTIDX,BFO,5.000000,900,False
1121463,HYUNDAI26NOV2040PE,HYUNDAI,26NOV2026,204000.000000,275,OPTSTK,BFO,5.000000,100000000,False
1121465,SOLARINDS26NOV18250PE,SOLARINDS,26NOV2026,1825000.000000,50,OPTSTK,BFO,5.000000,100000000,False
1121488,KALYANKJIL26NOV560PE,KALYANKJIL,26NOV2026,56000.000000,1350,OPTSTK,BFO,5.000000,100000000,False
1121512,HYUNDAI26NOV2060PE,HYUNDAI,26NOV2026,206000.000000,275,OPTSTK,BFO,5.000000,100000000,False
1129062,SENSEX26O1567900CE,SENSEX,15OCT2026,6790000.000000,20,OPTIDX,BFO,5.000000,1000,False
1129068,INFY26OCT920CE,INFY,29OCT2026,92000.000000,400,OPTSTK,BFO,5.000000,16000,False
1129121,HCLTECH26OCT1160CE,HCLTECH,29OCT2026,116000.000000,400,OPTSTK,BFO,5.000000,21000,False
1129131,FOCIT26OCT28300CE,FOCIT,29OCT2026,2830000.000000,45,OPTIDX,BFO,5.000000,1350,False
846392,GAIL26SEP169CE,GAIL,24SEP2026,16900.000000,3550,OPTSTK,BFO,5.000000,274500,False
846397,SRF26SEP2880PE,SRF,24SEP2026,288000.000000,200,OPTSTK,BFO,5.000000,11250,False
846423,PIDILITIND26SEP1620CE,PIDILITIND,24SEP2026,162000.000000,500,OPTSTK,BFO,5.000000,10000,False
846433,BLUESTARCO26SEP1700PE,BLUESTARCO,24SEP2026,170000.000000,325,OPTSTK,BFO,5.000000,100000000,False
849050,ASTRAL26SEP1520PE,ASTRAL,24SEP2026,152000.000000,425,OPTSTK,BFO,5.000000,14680,False
849051,TECHM26SEP1524CE,TECHM,24SEP2026,152400.000000,600,OPTSTK,BFO,5.000000,24000,False
849058,CHOLAFIN26SEP1880CE,CHOLAFIN,24SEP2026,188000.000000,625,OPTSTK,BFO,5.000000,25000,False
849062,DELHIVERY26SEP490PE,DELHIVERY,24SEP2026,49000.000000,2075,OPTSTK,BFO,5.000000,100000000,False
1121514,SBICARD26NOV560PE,SBICARD,26NOV2026,56000.000000,800,OPTSTK,BFO,5.000000,32000,False
1121554,IDEA26NOV7PE,IDEA,26NOV2026,700.000000,71475,OPTSTK,BFO,5.000000,2400000,False
1121630,ULTRACEMCO26NOV10700CE,ULTRACEMCO,26NOV2026,1070000.000000,50,OPTSTK,BFO,5.000000,3000,False
1121661,TATACONSUM26NOV960CE,TATACONSUM,26NOV2026,96000.000000,550,OPTSTK,BFO,5.000000,36000,False
1129141,FOCIT26SEP29300PE,FOCIT,24SEP2026,2930000.000000,45,OPTIDX,BFO,5.000000,1350,False
1129147,KPITTECH26OCT480CE,KPITTECH,29OCT2026,48000.000000,775,OPTSTK,BFO,5.000000,100000000,False
1129172,FOCIT26OCT28600PE,FOCIT,29OCT2026,2860000.000000,45,OPTIDX,BFO,5.000000,1350,False
1129188,IRFC26OCT74PE,IRFC,29OCT2026,7400.000000,5425,OPTSTK,BFO,5.000000,100000000,False
846440,ULTRACEMCO26SEP11060CE,ULTRACEMCO,24SEP2026,1106000.000000,50,OPTSTK,BFO,5.000000,3000,False
846441,HCLTECH26SEP1090CE,HCLTECH,24SEP2026,109000.000000,400,OPTSTK,BFO,5.000000,21000,False
846463,IREDA26SEP131CE,IREDA,24SEP2026,13100.000000,4525,OPTSTK,BFO,5.000000,100000000,False
846470,POWERINDIA26SEP30500PE,POWERINDIA,24SEP2026,3050000.000000,25,OPTSTK,BFO,5.000000,100000000,False
849089,HAVELLS26SEPFUT,HAVELLS,24SEP2026,0.000000,500,FUTSTK,BFO,5.000000,20000,False
849091,UNOMINDA26SEP1100CE,UNOMINDA,24SEP2026,110000.000000,550,OPTSTK,BFO,5.000000,100000000,False
849102,NESTLEIND26SEP1400PE,NESTLEIND,24SEP2026,140000.000000,500,OPTSTK,BFO,5.000000,1200,False
849129,BANKEX26SEP63400CE,BANKEX,24SEP2026,6340000.000000,30,OPTIDX,BFO,5.000000,900,False
1121673,ADANIENSOL26NOV1240CE,ADANIENSOL,26NOV2026,124000.000000,675,OPTSTK,BFO,5.000000,100000000,False
1121675,JIOFIN26NOV217.5PE,JIOFIN,26NOV2026,21750.000000,2350,OPTSTK,BFO,5.000000,100000000,False
1121719,BAJAJ-AUTO26NOV12900PE,BAJAJ-AUTO,26NOV2026,1290000.000000,75,OPTSTK,BFO,5.000000,5000,False
1121721,ATHERENERG26SEP1860PE,ATHERENERG,24SEP2026,186000.000000,375,OPTSTK,BFO,5.000000,100000000,False
1129191,MANKIND26OCT2120CE,MANKIND,29OCT2026,212000.000000,250,OPTSTK,BFO,5.000000,100000000,False
1129198,TCS26NOV2080PE,TCS,26NOV2026,208000.000000,225,OPTSTK,BFO,5.000000,7000,False
1129237,COLPAL26SEP1660PE,COLPAL,24SEP2026,166000.000000,275,OPTSTK,BFO,5.000000,14000,False
1129241,COFORGE26NOV1720PE,COFORGE,26NOV2026,172000.000000,475,OPTSTK,BFO,5.000000,6000,False
846483,PFC26SEP400PE,PFC,24SEP2026,40000.000000,1300,OPTSTK,BFO,5.000000,124000,False
846485,BANKEX26SEP59400PE,BANKEX,24SEP2026,5940000.000000,30,OPTIDX,BFO,5.000000,900,False
846487,COALINDIA26SEP415CE,COALINDIA,24SEP2026,41500.000000,1350,OPTSTK,BFO,5.000000,126000,False
846499,BPCL26SEP345PE,BPCL,24SEP2026,34500.000000,1975,OPTSTK,BFO,5.000000,72000,False
849144,MOTHERSON26SEP159CE,MOTHERSON,24SEP2026,15900.000000,6150,OPTSTK,BFO,5.000000,284000,False
849151,PREMIERENE26SEP1010CE,PREMIERENE,24SEP2026,101000.000000,650,OPTSTK,BFO,5.000000,100000000,False
849152,TATASTEEL26SEP170CE,TATASTEEL,24SEP2026,17000.000000,2750,OPTSTK,BFO,5.000000,220000,False
849153,LTM26SEP3750PE,LTM,24SEP2026,375000.000000,150,OPTSTK,BFO,5.000000,4500,False
1121740,TIINDIA26NOV2400CE,TIINDIA,26NOV2026,240000.000000,200,OPTSTK,BFO,5.000000,100000000,False
1121744,ADANIENSOL26NOV1260CE,ADANIENSOL,26NOV2026,126000.000000,675,OPTSTK,BFO,5.000000,100000000,False
1121779,ASIANPAINT26NOV2420PE,ASIANPAINT,26NOV2026,242000.000000,250,OPTSTK,BFO,5.000000,8000,False
1121805,ULTRACEMCO26OCT10700CE,ULTRACEMCO,29OCT2026,1070000.000000,50,OPTSTK,BFO,5.000000,3000,False
846510,HDFCAMC26SEP2640PE,HDFCAMC,24SEP2026,264000.000000,300,OPTSTK,BFO,5.000000,12000,False
846517,IEX26SEP132PE,IEX,24SEP2026,13200.000000,4350,OPTSTK,BFO,5.000000,150000,False
846555,SHRIRAMFIN26SEP1060CE,SHRIRAMFIN,24SEP2026,106000.000000,825,OPTSTK,BFO,5.000000,18000,False
846565,INDUSINDBK26SEP920PE,INDUSINDBK,24SEP2026,92000.000000,700,OPTSTK,BFO,5.000000,20000,False
849158,COCHINSHIP26SEP1360CE,COCHINSHIP,24SEP2026,136000.000000,400,OPTSTK,BFO,5.000000,100000000,False
849160,GRASIM26SEP3000PE,GRASIM,24SEP2026,300000.000000,250,OPTSTK,BFO,5.000000,14250,False
849170,ICICIBANK26SEP1390CE,ICICIBANK,24SEP2026,139000.000000,700,OPTSTK,BFO,5.000000,28000,False
849764,POWERGRID26SEP305PE,POWERGRID,24SEP2026,30500.000000,1900,OPTSTK,BFO,5.000000,108000,False
1129248,BANKEX26OCT57000CE,BANKEX,29OCT2026,5700000.000000,30,OPTIDX,BFO,5.000000,900,False
1129261,HCLTECH26NOV1200CE,HCLTECH,26NOV2026,120000.000000,400,OPTSTK,BFO,5.000000,21000,False
1129278,SENSEX27DEC70000CE,SENSEX,30DEC2027,7000000.000000,20,OPTIDX,BFO,5.000000,1000,False
1129285,ULTRACEMCO26SEP10200PE,ULTRACEMCO,24SEP2026,1020000.000000,50,OPTSTK,BFO,5.000000,3000,False
1121866,BAJAJ-AUTO26NOV13000CE,BAJAJ-AUTO,26NOV2026,1300000.000000,75,OPTSTK,BFO,5.000000,5000,False
1121870,BAJAJ-AUTO26OCT13100PE,BAJAJ-AUTO,29OCT2026,1310000.000000,75,OPTSTK,BFO,5.000000,5000,False
1121901,ASIANPAINT26OCT2420CE,ASIANPAINT,29OCT2026,242000.000000,250,OPTSTK,BFO,5.000000,8000,False
1121922,KAYNES26NOV3250PE,KAYNES,26NOV2026,325000.000000,150,OPTSTK,BFO,5.000000,100000000,False
846590,NATIONALUM26SEP320PE,NATIONALUM,24SEP2026,32000.000000,1875,OPTSTK,BFO,5.000000,300000,False
846592,SHREECEM26SEP24000PE,SHREECEM,24SEP2026,2400000.000000,25,OPTSTK,BFO,5.000000,1000,False
846596,FOCIT26SEP35500PE,FOCIT,24SEP2026,3550000.000000,45,OPTIDX,BFO,5.000000,1350,False
846609,ABB26SEP7100CE,ABB,24SEP2026,710000.000000,125,OPTSTK,BFO,5.000000,7500,False
849781,AXISBANK26SEP1300PE,AXISBANK,24SEP2026,130000.000000,625,OPTSTK,BFO,5.000000,25000,False
849789,TATACONSUM26SEP1050PE,TATACONSUM,24SEP2026,105000.000000,550,OPTSTK,BFO,5.000000,36000,False
849800,HINDPETRO26SEP340.75CE,HINDPETRO,24SEP2026,34075.000000,2025,OPTSTK,BFO,5.000000,108000,False
849802,VBL26SEP470CE,VBL,24SEP2026,47000.000000,1275,OPTSTK,BFO,5.000000,100000000,False
1121929,KEI26NOV4600PE,KEI,26NOV2026,460000.000000,175,OPTSTK,BFO,5.000000,100000000,False
1121948,MOTILALOFS26NOV880CE,MOTILALOFS,26NOV2026,88000.000000,775,OPTSTK,BFO,5.000000,100000000,False
1121959,MARUTI26NOV12300CE,MARUTI,26NOV2026,1230000.000000,50,OPTSTK,BFO,5.000000,3000,False
1121978,COALINDIA26NOV440PE,COALINDIA,26NOV2026,44000.000000,1350,OPTSTK,BFO,5.000000,126000,False
1129303,ULTRACEMCO26NOV10200CE,ULTRACEMCO,26NOV2026,1020000.000000,50,OPTSTK,BFO,5.000000,3000,False
1129308,ICICIPRULI26OCT430PE,ICICIPRULI,29OCT2026,43000.000000,925,OPTSTK,BFO,5.000000,60000,False
1129340,HCLTECH26NOV1170CE,HCLTECH,26NOV2026,117000.000000,400,OPTSTK,BFO,5.000000,21000,False
1129354,PRESTIGE26OCT1400PE,PRESTIGE,29OCT2026,140000.000000,450,OPTSTK,BFO,5.000000,100000000,False
846622,PREMIERENE26SEP980CE,PREMIERENE,24SEP2026,98000.000000,650,OPTSTK,BFO,5.000000,100000000,False
846624,HDFCAMC26SEP2540CE,HDFCAMC,24SEP2026,254000.000000,300,OPTSTK,BFO,5.000000,12000,False
846639,ULTRACEMCO26SEP11360PE,ULTRACEMCO,24SEP2026,1136000.000000,50,OPTSTK,BFO,5.000000,3000,False
846641,GRASIM26SEP3260PE,GRASIM,24SEP2026,326000.000000,250,OPTSTK,BFO,5.000000,14250,False
849818,NHPC26SEP87PE,NHPC,24SEP2026,8700.000000,6950,OPTSTK,BFO,5.000000,100000000,False
849846,ADANIGREEN26SEP1450CE,ADANIGREEN,24SEP2026,145000.000000,600,OPTSTK,BFO,5.000000,100000000,False
849865,ABCAPITAL26SEP350PE,ABCAPITAL,24SEP2026,35000.000000,3100,OPTSTK,BFO,5.000000,162000,False
849876,PERSISTENT26SEP4050CE,PERSISTENT,24SEP2026,405000.000000,125,OPTSTK,BFO,5.000000,5250,False
846646,SENSEX31JUN75000CE,SENSEX,26JUN2031,7500000.000000,20,OPTIDX,BFO,5.000000,1000,False
846647,MARUTI26SEP14100PE,MARUTI,24SEP2026,1410000.000000,50,OPTSTK,BFO,5.000000,3000,False
846651,SBIN26SEP1120PE,SBIN,24SEP2026,112000.000000,750,OPTSTK,BFO,5.000000,45000,False
846663,ETERNAL26SEP267.5PE,ETERNAL,24SEP2026,26750.000000,2425,OPTSTK,BFO,5.000000,100000000,False
1121980,UNITDSPR26NOV1320PE,UNITDSPR,26NOV2026,132000.000000,400,OPTSTK,BFO,5.000000,28000,False
1122009,SUZLON26SEP39PE,SUZLON,24SEP2026,3900.000000,12700,OPTSTK,BFO,5.000000,100000000,False
1122014,KALYANKJIL26NOV575PE,KALYANKJIL,26NOV2026,57500.000000,1350,OPTSTK,BFO,5.000000,100000000,False
1122033,CHOLAFIN26NOV1700PE,CHOLAFIN,26NOV2026,170000.000000,625,OPTSTK,BFO,5.000000,25000,False
1129375,FOCIT26SEP28400PE,FOCIT,24SEP2026,2840000.000000,45,OPTIDX,BFO,5.000000,1350,False
1129434,SENSEX2691768400PE,SENSEX,17SEP2026,6840000.000000,20,OPTIDX,BFO,5.000000,1000,False
1129448,SENSEX26NOV68500CE,SENSEX,26NOV2026,6850000.000000,20,OPTIDX,BFO,5.000000,1000,False
1129458,SBIN26OCT930CE,SBIN,29OCT2026,93000.000000,750,OPTSTK,BFO,5.000000,45000,False
849910,ADANIPOWER26SEP210CE,ADANIPOWER,24SEP2026,21000.000000,3550,OPTSTK,BFO,5.000000,100000000,False
849918,TVSMOTOR26SEP3360CE,TVSMOTOR,24SEP2026,336000.000000,175,OPTSTK,BFO,5.000000,21000,False
849919,IREDA26SEP120PE,IREDA,24SEP2026,12000.000000,4525,OPTSTK,BFO,5.000000,100000000,False
849923,PRESTIGE26SEP1400CE,PRESTIGE,24SEP2026,140000.000000,450,OPTSTK,BFO,5.000000,100000000,False
846789,NATIONALUM26SEP325PE,NATIONALUM,24SEP2026,32500.000000,1875,OPTSTK,BFO,5.000000,300000,False
846673,MAXHEALTH26SEP1080PE,MAXHEALTH,24SEP2026,108000.000000,525,OPTSTK,BFO,5.000000,100000000,False
846732,ITC26SEP285CE,ITC,24SEP2026,28500.000000,1725,OPTSTK,BFO,5.000000,64000,False
846742,EICHERMOT26SEP7400PE,EICHERMOT,24SEP2026,740000.000000,100,OPTSTK,BFO,5.000000,7000,False
1122035,POLYCAB26NOV8200PE,POLYCAB,26NOV2026,820000.000000,125,OPTSTK,BFO,5.000000,9000,False
1122059,TVSMOTOR26NOV3850PE,TVSMOTOR,26NOV2026,385000.000000,175,OPTSTK,BFO,5.000000,21000,False
1122109,ULTRACEMCO26NOV10700PE,ULTRACEMCO,26NOV2026,1070000.000000,50,OPTSTK,BFO,5.000000,3000,False
1122130,PAGEIND26NOV32000CE,PAGEIND,26NOV2026,3200000.000000,20,OPTSTK,BFO,5.000000,600,False
849938,ASHOKLEY26SEP140PE,ASHOKLEY,24SEP2026,14000.000000,5000,OPTSTK,BFO,5.000000,150000,False
850010,CROMPTON26SEP255PE,CROMPTON,24SEP2026,25500.000000,2150,OPTSTK,BFO,5.000000,90000,False
850019,CANBK26SEP119PE,CANBK,24SEP2026,11900.000000,6750,OPTSTK,BFO,5.000000,81000,False
850023,SRF26SEP2520PE,SRF,24SEP2026,252000.000000,200,OPTSTK,BFO,5.000000,11250,False
1129463,ADANIPORTS26OCT1900PE,ADANIPORTS,29OCT2026,190000.000000,475,OPTSTK,BFO,5.000000,32000,False
1129464,COALINDIA26NOV465CE,COALINDIA,26NOV2026,46500.000000,1350,OPTSTK,BFO,5.000000,126000,False
1129477,MANKIND26NOV2120PE,MANKIND,26NOV2026,212000.000000,250,OPTSTK,BFO,5.000000,100000000,False
1129488,SENSEX26O0168200CE,SENSEX,01OCT2026,6820000.000000,20,OPTIDX,BFO,5.000000,1000,False
846798,SAIL26SEP162.5CE,SAIL,24SEP2026,16250.000000,4700,OPTSTK,BFO,5.000000,320000,False
846800,SENSEX5026SEP25000CE,SENSEX50,24SEP2026,2500000.000000,75,OPTIDX,BFO,5.000000,1800,False
846832,MPHASIS26SEP2138CE,MPHASIS,24SEP2026,213800.000000,275,OPTSTK,BFO,5.000000,11000,False
846848,ICICIBANK26SEP1460PE,ICICIBANK,24SEP2026,146000.000000,700,OPTSTK,BFO,5.000000,28000,False
1122163,NESTLEIND26OCT1370CE,NESTLEIND,29OCT2026,137000.000000,500,OPTSTK,BFO,5.000000,1200,False
1122171,BDL26NOV1120CE,BDL,26NOV2026,112000.000000,425,OPTSTK,BFO,5.000000,100000000,False
1122224,SBIN26OCT950CE,SBIN,29OCT2026,95000.000000,750,OPTSTK,BFO,5.000000,45000,False
1122266,TATAPOWER26NOV390CE,TATAPOWER,26NOV2026,39000.000000,1450,OPTSTK,BFO,5.000000,101250,False
846853,ANGELONE26SEP365CE,ANGELONE,24SEP2026,36500.000000,2500,OPTSTK,BFO,5.000000,100000000,False
846863,SONACOMS26SEP620CE,SONACOMS,24SEP2026,62000.000000,1225,OPTSTK,BFO,5.000000,100000000,False
846884,DIXON26SEP12400PE,DIXON,24SEP2026,1240000.000000,50,OPTSTK,BFO,5.000000,6000,False
846901,LTM26SEP3800CE,LTM,24SEP2026,380000.000000,150,OPTSTK,BFO,5.000000,4500,False
850028,TATASTEEL26SEP207.5PE,TATASTEEL,24SEP2026,20750.000000,2750,OPTSTK,BFO,5.000000,220000,False
850030,DRREDDY26SEP1430PE,DRREDDY,24SEP2026,143000.000000,625,OPTSTK,BFO,5.000000,5000,False
850045,ETERNAL26SEP275CE,ETERNAL,24SEP2026,27500.000000,2425,OPTSTK,BFO,5.000000,100000000,False
850047,HINDZINC26SEP600CE,HINDZINC,24SEP2026,60000.000000,1225,OPTSTK,BFO,5.000000,100000000,False
1129490,FOCIT26NOV29300PE,FOCIT,26NOV2026,2930000.000000,45,OPTIDX,BFO,5.000000,1350,False
1129496,SENSEX26O2268300PE,SENSEX,22OCT2026,6830000.000000,20,OPTIDX,BFO,5.000000,1000,False
1129505,KFINTECH26NOV760PE,KFINTECH,26NOV2026,76000.000000,575,OPTSTK,BFO,5.000000,100000000,False
1129528,TCS26NOV2060CE,TCS,26NOV2026,206000.000000,225,OPTSTK,BFO,5.000000,7000,False
1122283,SENSEX26O1569800CE,SENSEX,15OCT2026,6980000.000000,20,OPTIDX,BFO,5.000000,1000,False
1122377,HAVELLS26NOV1060PE,HAVELLS,26NOV2026,106000.000000,500,OPTSTK,BFO,5.000000,20000,False
1122408,SENSEX26O0869800PE,SENSEX,08OCT2026,6980000.000000,20,OPTIDX,BFO,5.000000,1000,False
1122430,BHARATFORG26NOV1880PE,BHARATFORG,26NOV2026,188000.000000,500,OPTSTK,BFO,5.000000,30000,False
846909,ULTRACEMCO26SEP11260CE,ULTRACEMCO,24SEP2026,1126000.000000,50,OPTSTK,BFO,5.000000,3000,False
846912,TVSMOTOR26SEP3560CE,TVSMOTOR,24SEP2026,356000.000000,175,OPTSTK,BFO,5.000000,21000,False
846921,RVNL26SEP265PE,RVNL,24SEP2026,26500.000000,1925,OPTSTK,BFO,5.000000,100000000,False
846929,CAMS26SEP850CE,CAMS,24SEP2026,85000.000000,825,OPTSTK,BFO,5.000000,100000000,False
850050,PERSISTENT26SEP4250CE,PERSISTENT,24SEP2026,425000.000000,125,OPTSTK,BFO,5.000000,5250,False
850055,BHEL26SEP430PE,BHEL,24SEP2026,43000.000000,2625,OPTSTK,BFO,5.000000,315000,False
850072,DRREDDY26SEP1450PE,DRREDDY,24SEP2026,145000.000000,625,OPTSTK,BFO,5.000000,5000,False
850073,POWERINDIA26SEP38000CE,POWERINDIA,24SEP2026,3800000.000000,25,OPTSTK,BFO,5.000000,100000000,False
1129542,FOCIT26SEP28800PE,FOCIT,24SEP2026,2880000.000000,45,OPTIDX,BFO,5.000000,1350,False
1129608,MAXHEALTH26NOV1110PE,MAXHEALTH,26NOV2026,111000.000000,525,OPTSTK,BFO,5.000000,100000000,False
1129629,WIPRO26OCT152.5PE,WIPRO,29OCT2026,15250.000000,3000,OPTSTK,BFO,5.000000,60000,False
1129644,SENSEX26NOV68200CE,SENSEX,26NOV2026,6820000.000000,20,OPTIDX,BFO,5.000000,1000,False
846933,PAYTM26SEP1180PE,PAYTM,24SEP2026,118000.000000,725,OPTSTK,BFO,5.000000,100000000,False
846935,PNBHOUSING26SEP990PE,PNBHOUSING,24SEP2026,99000.000000,650,OPTSTK,BFO,5.000000,100000000,False
846968,INDHOTEL26SEP710PE,INDHOTEL,24SEP2026,71000.000000,1000,OPTSTK,BFO,5.000000,60000,False
846976,CUMMINSIND26SEPFUT,CUMMINSIND,24SEP2026,0.000000,200,FUTSTK,BFO,5.000000,18000,False
1122470,VOLTAS26OCT1020CE,VOLTAS,29OCT2026,102000.000000,375,OPTSTK,BFO,5.000000,30000,False
1122539,UNOMINDA26NOV1100CE,UNOMINDA,26NOV2026,110000.000000,550,OPTSTK,BFO,5.000000,100000000,False
1122647,AMBUJACEM26NOV365CE,AMBUJACEM,26NOV2026,36500.000000,1200,OPTSTK,BFO,5.000000,54000,False
1122662,IREDA26OCT95PE,IREDA,29OCT2026,9500.000000,4525,OPTSTK,BFO,5.000000,100000000,False
850088,BANKEX26SEP58300PE,BANKEX,24SEP2026,5830000.000000,30,OPTIDX,BFO,5.000000,900,False
850103,HINDPETRO26SEP340.75PE,HINDPETRO,24SEP2026,34075.000000,2025,OPTSTK,BFO,5.000000,108000,False
850104,DRREDDY26SEP1440CE,DRREDDY,24SEP2026,144000.000000,625,OPTSTK,BFO,5.000000,5000,False
850108,ASTRAL26SEP1260PE,ASTRAL,24SEP2026,126000.000000,425,OPTSTK,BFO,5.000000,14680,False
846979,COALINDIA26SEP455CE,COALINDIA,24SEP2026,45500.000000,1350,OPTSTK,BFO,5.000000,126000,False
846987,KALYANKJIL26SEP355CE,KALYANKJIL,24SEP2026,35500.000000,1350,OPTSTK,BFO,5.000000,100000000,False
847019,CONCOR26SEP505CE,CONCOR,24SEP2026,50500.000000,1250,OPTSTK,BFO,5.000000,40000,False
847026,GAIL26SEP180CE,GAIL,24SEP2026,18000.000000,3550,OPTSTK,BFO,5.000000,274500,False
1129649,MFSL26NOV1320PE,MFSL,26NOV2026,132000.000000,400,OPTSTK,BFO,5.000000,32000,False
1129677,SENSEX2691768000CE,SENSEX,17SEP2026,6800000.000000,20,OPTIDX,BFO,5.000000,1000,False
1129749,KFINTECH26OCT760CE,KFINTECH,29OCT2026,76000.000000,575,OPTSTK,BFO,5.000000,100000000,False
1129762,DABUR26OCT335CE,DABUR,29OCT2026,33500.000000,1250,OPTSTK,BFO,5.000000,50000,False
850109,TATAELXSI26SEP3650CE,TATAELXSI,24SEP2026,365000.000000,125,OPTSTK,BFO,5.000000,100000000,False
850137,BHARATFORG26SEP2300CE,BHARATFORG,24SEP2026,230000.000000,500,OPTSTK,BFO,5.000000,30000,False
850198,MPHASIS26SEP1998PE,MPHASIS,24SEP2026,199800.000000,275,OPTSTK,BFO,5.000000,11000,False
850210,KPITTECH26SEP650PE,KPITTECH,24SEP2026,65000.000000,775,OPTSTK,BFO,5.000000,100000000,False
1122699,MFSL26NOV1380PE,MFSL,26NOV2026,138000.000000,400,OPTSTK,BFO,5.000000,32000,False
1122747,SENSEX26NOV69700CE,SENSEX,26NOV2026,6970000.000000,20,OPTIDX,BFO,5.000000,1000,False
1122838,POWERINDIA26NOV28500CE,POWERINDIA,26NOV2026,2850000.000000,25,OPTSTK,BFO,5.000000,100000000,False
1122891,SENSEX26OCT69700PE,SENSEX,29OCT2026,6970000.000000,20,OPTIDX,BFO,5.000000,1000,False
847028,CAMS26SEP760CE,CAMS,24SEP2026,76000.000000,825,OPTSTK,BFO,5.000000,100000000,False
847037,OFSS26SEP10300CE,OFSS,24SEP2026,1030000.000000,100,OPTSTK,BFO,5.000000,8000,False
847053,NHPC26SEP77PE,NHPC,24SEP2026,7700.000000,6950,OPTSTK,BFO,5.000000,100000000,False
847059,TATAPOWER26SEP415CE,TATAPOWER,24SEP2026,41500.000000,1450,OPTSTK,BFO,5.000000,101250,False
850215,RBLBANK26SEP330PE,RBLBANK,24SEP2026,33000.000000,3175,OPTSTK,BFO,5.000000,150000,False
850232,PERSISTENT26SEP4050PE,PERSISTENT,24SEP2026,405000.000000,125,OPTSTK,BFO,5.000000,5250,False
850235,ADANIGREEN26SEP1440CE,ADANIGREEN,24SEP2026,144000.000000,600,OPTSTK,BFO,5.000000,100000000,False
850236,CANBK26SEP120CE,CANBK,24SEP2026,12000.000000,6750,OPTSTK,BFO,5.000000,81000,False
1129785,KFINTECH26OCT760PE,KFINTECH,29OCT2026,76000.000000,575,OPTSTK,BFO,5.000000,100000000,False
1129790,HAVELLS26NOV980CE,HAVELLS,26NOV2026,98000.000000,500,OPTSTK,BFO,5.000000,20000,False
1129793,CIPLA26OCT1300PE,CIPLA,29OCT2026,130000.000000,425,OPTSTK,BFO,5.000000,26000,False
1129800,INOXWIND26NOV95CE,INOXWIND,26NOV2026,9500.000000,6400,OPTSTK,BFO,5.000000,100000000,False
1122912,MARUTI26NOV12100CE,MARUTI,26NOV2026,1210000.000000,50,OPTSTK,BFO,5.000000,3000,False
1122932,HDFCBANK26OCT630PE,HDFCBANK,29OCT2026,63000.000000,650,OPTSTK,BFO,5.000000,16500,False
1123009,MOTHERSON26NOV145CE,MOTHERSON,26NOV2026,14500.000000,6150,OPTSTK,BFO,5.000000,284000,False
1123013,ICICIGI26SEP1400PE,ICICIGI,24SEP2026,140000.000000,325,OPTSTK,BFO,5.000000,20000,False
847064,BOSCHLTD26SEP40500PE,BOSCHLTD,24SEP2026,4050000.000000,25,OPTSTK,BFO,5.000000,1500,False
847068,JUBLFOOD26SEP410PE,JUBLFOOD,24SEP2026,41000.000000,1250,OPTSTK,BFO,5.000000,50000,False
847086,IEX26SEP126CE,IEX,24SEP2026,12600.000000,4350,OPTSTK,BFO,5.000000,150000,False
847098,MARICO26SEP845PE,MARICO,24SEP2026,84500.000000,1200,OPTSTK,BFO,5.000000,48000,False
850285,LAURUSLABS26SEP1530PE,LAURUSLABS,24SEP2026,153000.000000,850,OPTSTK,BFO,5.000000,68000,False
850290,BPCL26SEP265CE,BPCL,24SEP2026,26500.000000,1975,OPTSTK,BFO,5.000000,72000,False
850293,HINDUNILVR26SEP2020CE,HINDUNILVR,24SEP2026,202000.000000,300,OPTSTK,BFO,5.000000,9000,False
850296,MAXHEALTH26SEP1220CE,MAXHEALTH,24SEP2026,122000.000000,525,OPTSTK,BFO,5.000000,100000000,False
1123033,SENSEX5026OCT24100PE,SENSEX50,29OCT2026,2410000.000000,75,OPTIDX,BFO,5.000000,1800,False
1123047,ALKEM26OCT4850CE,ALKEM,29OCT2026,485000.000000,125,OPTSTK,BFO,5.000000,8000,False
1123105,ALKEM26SEP4900PE,ALKEM,24SEP2026,490000.000000,125,OPTSTK,BFO,5.000000,8000,False
1123115,IRFC26NOV75CE,IRFC,26NOV2026,7500.000000,5425,OPTSTK,BFO,5.000000,100000000,False
1129805,COCHINSHIP26NOV1700PE,COCHINSHIP,26NOV2026,170000.000000,400,OPTSTK,BFO,5.000000,100000000,False
1129813,SENSEX2691768500PE,SENSEX,17SEP2026,6850000.000000,20,OPTIDX,BFO,5.000000,1000,False
1129885,SENSEX26O0168300CE,SENSEX,01OCT2026,6830000.000000,20,OPTIDX,BFO,5.000000,1000,False
1129893,BHARTIARTL26OCT1680CE,BHARTIARTL,29OCT2026,168000.000000,475,OPTSTK,BFO,5.000000,28500,False
847119,IEX26SEPFUT,IEX,24SEP2026,0.000000,4350,FUTSTK,BFO,5.000000,150000,False
847121,NYKAA26SEP310CE,NYKAA,24SEP2026,31000.000000,3125,OPTSTK,BFO,5.000000,100000000,False
847123,UNITDSPR26SEP1350PE,UNITDSPR,24SEP2026,135000.000000,400,OPTSTK,BFO,5.000000,28000,False
847136,PETRONET26SEP297.5PE,PETRONET,24SEP2026,29750.000000,1900,OPTSTK,BFO,5.000000,120000,False
850320,EICHERMOT26SEP7100PE,EICHERMOT,24SEP2026,710000.000000,100,OPTSTK,BFO,5.000000,7000,False
850353,GRASIM26SEP2940PE,GRASIM,24SEP2026,294000.000000,250,OPTSTK,BFO,5.000000,14250,False
850366,NBCC26SEP99PE,NBCC,24SEP2026,9900.000000,6500,OPTSTK,BFO,5.000000,100000000,False
850377,TATAPOWER26SEP350CE,TATAPOWER,24SEP2026,35000.000000,1450,OPTSTK,BFO,5.000000,101250,False
847149,KEI26SEP4900PE,KEI,24SEP2026,490000.000000,175,OPTSTK,BFO,5.000000,100000000,False
847160,POWERGRID26SEP267.5CE,POWERGRID,24SEP2026,26750.000000,1900,OPTSTK,BFO,5.000000,108000,False
847165,DABUR26SEP415CE,DABUR,24SEP2026,41500.000000,1250,OPTSTK,BFO,5.000000,50000,False
847201,CONCOR26SEP470CE,CONCOR,24SEP2026,47000.000000,1250,OPTSTK,BFO,5.000000,40000,False
850395,SENSEX5026SEP24150PE,SENSEX50,24SEP2026,2415000.000000,75,OPTIDX,BFO,5.000000,1800,False
850414,IOC26SEP136PE,IOC,24SEP2026,13600.000000,4875,OPTSTK,BFO,5.000000,292500,False
1123142,HAVELLS26NOV1060CE,HAVELLS,26NOV2026,106000.000000,500,OPTSTK,BFO,5.000000,20000,False
1123145,PNB26NOV123PE,PNB,26NOV2026,12300.000000,8000,OPTSTK,BFO,5.000000,480000,False
1123169,EICHERMOT26NOV7100PE,EICHERMOT,26NOV2026,710000.000000,100,OPTSTK,BFO,5.000000,7000,False
1123192,RVNL26OCT170PE,RVNL,29OCT2026,17000.000000,1925,OPTSTK,BFO,5.000000,100000000,False
1129903,MFSL26SEP1340CE,MFSL,24SEP2026,134000.000000,400,OPTSTK,BFO,5.000000,32000,False
1129928,HINDUNILVR26SEP1800CE,HINDUNILVR,24SEP2026,180000.000000,300,OPTSTK,BFO,5.000000,9000,False
850396,GRASIM26SEP2960PE,GRASIM,24SEP2026,296000.000000,250,OPTSTK,BFO,5.000000,14250,False
850405,LUPIN26SEP2520CE,LUPIN,24SEP2026,252000.000000,425,OPTSTK,BFO,5.000000,34000,False
1129905,JIOFIN26OCT212.5CE,JIOFIN,29OCT2026,21250.000000,2350,OPTSTK,BFO,5.000000,100000000,False
1129913,LODHA26NOV1020PE,LODHA,26NOV2026,102000.000000,625,OPTSTK,BFO,5.000000,100000000,False
847204,SONACOMS26SEP600PE,SONACOMS,24SEP2026,60000.000000,1225,OPTSTK,BFO,5.000000,100000000,False
847213,IREDA26SEP129PE,IREDA,24SEP2026,12900.000000,4525,OPTSTK,BFO,5.000000,100000000,False
847220,GLENMARK26SEP2260PE,GLENMARK,24SEP2026,226000.000000,375,OPTSTK,BFO,5.000000,43500,False
847232,ICICIPRULI26SEP525PE,ICICIPRULI,24SEP2026,52500.000000,925,OPTSTK,BFO,5.000000,60000,False
850427,CIPLA26SEP1520CE,CIPLA,24SEP2026,152000.000000,425,OPTSTK,BFO,5.000000,26000,False
850434,PNB26SEP100PE,PNB,24SEP2026,10000.000000,8000,OPTSTK,BFO,5.000000,480000,False
850437,WAAREEENER26SEP2600PE,WAAREEENER,24SEP2026,260000.000000,175,OPTSTK,BFO,5.000000,100000000,False
850440,KAYNES26SEP2800PE,KAYNES,24SEP2026,280000.000000,150,OPTSTK,BFO,5.000000,100000000,False
1123208,SENSEX5026OCT24150CE,SENSEX50,29OCT2026,2415000.000000,75,OPTIDX,BFO,5.000000,1800,False
1123256,IRFC26OCT75CE,IRFC,29OCT2026,7500.000000,5425,OPTSTK,BFO,5.000000,100000000,False
1123261,COALINDIA26NOV445PE,COALINDIA,26NOV2026,44500.000000,1350,OPTSTK,BFO,5.000000,126000,False
1123324,MFSL26NOV1360CE,MFSL,26NOV2026,136000.000000,400,OPTSTK,BFO,5.000000,32000,False
1130000,OBEROIRLTY26NOV1640PE,OBEROIRLTY,26NOV2026,164000.000000,350,OPTSTK,BFO,5.000000,28000,False
1130002,ICICIBANK26OCT1310CE,ICICIBANK,29OCT2026,131000.000000,700,OPTSTK,BFO,5.000000,28000,False
1130003,MARUTI26NOV11800PE,MARUTI,26NOV2026,1180000.000000,50,OPTSTK,BFO,5.000000,3000,False
1130062,BIOCON26OCT355CE,BIOCON,29OCT2026,35500.000000,2500,OPTSTK,BFO,5.000000,100000,False
847250,BHARTIARTL26SEP1940PE,BHARTIARTL,24SEP2026,194000.000000,475,OPTSTK,BFO,5.000000,28500,False
847279,BANKEX26SEP69500CE,BANKEX,24SEP2026,6950000.000000,30,OPTIDX,BFO,5.000000,900,False
847290,IDEA26SEP15CE,IDEA,24SEP2026,1500.000000,71475,OPTSTK,BFO,5.000000,2400000,False
847294,KOTAKBANK26SEP397.5PE,KOTAKBANK,24SEP2026,39750.000000,2000,OPTSTK,BFO,5.000000,12000,False
850448,IDFCFIRSTB26SEP71CE,IDFCFIRSTB,24SEP2026,7100.000000,9275,OPTSTK,BFO,5.000000,450000,False
850463,HDFCAMC26SEP2460CE,HDFCAMC,24SEP2026,246000.000000,300,OPTSTK,BFO,5.000000,12000,False
850470,NATIONALUM26SEP370PE,NATIONALUM,24SEP2026,37000.000000,1875,OPTSTK,BFO,5.000000,300000,False
850474,ICICIPRULI26SEP530PE,ICICIPRULI,24SEP2026,53000.000000,925,OPTSTK,BFO,5.000000,60000,False
847298,CGPOWER26SEPFUT,CGPOWER,24SEP2026,0.000000,850,FUTSTK,BFO,5.000000,100000000,False
847300,NBCC26SEP112CE,NBCC,24SEP2026,11200.000000,6500,OPTSTK,BFO,5.000000,100000000,False
847302,NESTLEIND26SEP1340PE,NESTLEIND,24SEP2026,134000.000000,500,OPTSTK,BFO,5.000000,1200,False
847308,TIINDIA26SEP2920CE,TIINDIA,24SEP2026,292000.000000,200,OPTSTK,BFO,5.000000,100000000,False
1123331,INDIGO26OCT4300PE,INDIGO,29OCT2026,430000.000000,150,OPTSTK,BFO,5.000000,12000,False
1123342,SENSEX26O0169700CE,SENSEX,01OCT2026,6970000.000000,20,OPTIDX,BFO,5.000000,1000,False
1123396,BRITANNIA26NOV4800CE,BRITANNIA,26NOV2026,480000.000000,125,OPTSTK,BFO,5.000000,6000,False
1123498,CDSL26SEP1020PE,CDSL,29SEP2026,102000.000000,475,OPTSTK,BFO,5.000000,14001,False
1130063,DIXON26NOV11750CE,DIXON,26NOV2026,1175000.000000,50,OPTSTK,BFO,5.000000,6000,False
1130066,PIIND26OCT2000CE,PIIND,29OCT2026,200000.000000,175,OPTSTK,BFO,5.000000,7500,False
1130067,BIOCON26OCT355PE,BIOCON,29OCT2026,35500.000000,2500,OPTSTK,BFO,5.000000,100000,False
1130123,HCLTECH26OCT1130CE,HCLTECH,29OCT2026,113000.000000,400,OPTSTK,BFO,5.000000,21000,False
850478,BANKBARODA26SEP255CE,BANKBARODA,24SEP2026,25500.000000,2925,OPTSTK,BFO,5.000000,175500,False
850490,SIEMENS26SEP3200CE,SIEMENS,24SEP2026,320000.000000,175,OPTSTK,BFO,5.000000,8250,False
850491,COALINDIA26SEP480CE,COALINDIA,24SEP2026,48000.000000,1350,OPTSTK,BFO,5.000000,126000,False
850505,ICICIGI26SEP1620PE,ICICIGI,24SEP2026,162000.000000,325,OPTSTK,BFO,5.000000,20000,False
847314,MPHASIS26SEP2178CE,MPHASIS,24SEP2026,217800.000000,275,OPTSTK,BFO,5.000000,11000,False
847318,SOLARINDS26SEP17250PE,SOLARINDS,24SEP2026,1725000.000000,50,OPTSTK,BFO,5.000000,100000000,False
847321,BANKEX26SEP63500CE,BANKEX,24SEP2026,6350000.000000,30,OPTIDX,BFO,5.000000,900,False
847324,HINDPETRO26SEP365.75CE,HINDPETRO,24SEP2026,36575.000000,2025,OPTSTK,BFO,5.000000,108000,False
1123533,SENSEX26O2272900CE,SENSEX,22OCT2026,7290000.000000,20,OPTIDX,BFO,5.000000,1000,False
1123661,SENSEX26O2282500PE,SENSEX,22OCT2026,8250000.000000,20,OPTIDX,BFO,5.000000,1000,False
1123693,NMDC26NOV77PE,NMDC,26NOV2026,7700.000000,6750,OPTSTK,BFO,5.000000,225000,False
1123697,BHARATFORG26OCT1840PE,BHARATFORG,29OCT2026,184000.000000,500,OPTSTK,BFO,5.000000,30000,False
850522,BHEL26SEP427.5CE,BHEL,24SEP2026,42750.000000,2625,OPTSTK,BFO,5.000000,315000,False
850553,LT26SEP4040PE,LT,24SEP2026,404000.000000,175,OPTSTK,BFO,5.000000,12000,False
850590,SRF26SEP2560CE,SRF,24SEP2026,256000.000000,200,OPTSTK,BFO,5.000000,11250,False
850592,AMBER26SEP6800PE,AMBER,24SEP2026,680000.000000,100,OPTSTK,BFO,5.000000,100000000,False
1130128,PIIND26OCT2000PE,PIIND,29OCT2026,200000.000000,175,OPTSTK,BFO,5.000000,7500,False
1130143,PIIND26SEP2000CE,PIIND,24SEP2026,200000.000000,175,OPTSTK,BFO,5.000000,7500,False
1130145,BLUESTARCO26NOV1660PE,BLUESTARCO,26NOV2026,166000.000000,325,OPTSTK,BFO,5.000000,100000000,False
1130187,PIDILITIND26OCT1420CE,PIDILITIND,29OCT2026,142000.000000,500,OPTSTK,BFO,5.000000,10000,False
847337,NESTLEIND26SEP1330CE,NESTLEIND,24SEP2026,133000.000000,500,OPTSTK,BFO,5.000000,1200,False
847373,BAJAJHLDNG26SEP10200PE,BAJAJHLDNG,24SEP2026,1020000.000000,75,OPTSTK,BFO,5.000000,100000000,False
847376,INDHOTEL26SEP685CE,INDHOTEL,24SEP2026,68500.000000,1000,OPTSTK,BFO,5.000000,60000,False
847377,GAIL26SEP173CE,GAIL,24SEP2026,17300.000000,3550,OPTSTK,BFO,5.000000,274500,False
1123707,KAYNES26NOV3200PE,KAYNES,26NOV2026,320000.000000,150,OPTSTK,BFO,5.000000,100000000,False
1123747,SENSEX26O2281000CE,SENSEX,22OCT2026,8100000.000000,20,OPTIDX,BFO,5.000000,1000,False
1123773,BHARATFORG26NOV1860PE,BHARATFORG,26NOV2026,186000.000000,500,OPTSTK,BFO,5.000000,30000,False
1123787,SENSEX26O0869500CE,SENSEX,08OCT2026,6950000.000000,20,OPTIDX,BFO,5.000000,1000,False
850602,M&M26SEP2960CE,M&M,24SEP2026,296000.000000,200,OPTSTK,BFO,5.000000,21000,False
850603,INDHOTEL26SEP675PE,INDHOTEL,24SEP2026,67500.000000,1000,OPTSTK,BFO,5.000000,60000,False
850641,LT26SEP3950CE,LT,24SEP2026,395000.000000,175,OPTSTK,BFO,5.000000,12000,False
850656,ADANIPORTS26SEP1960PE,ADANIPORTS,24SEP2026,196000.000000,475,OPTSTK,BFO,5.000000,32000,False
846961,BAJAJHLDNG26SEP10900PE,BAJAJHLDNG,24SEP2026,1090000.000000,75,OPTSTK,BFO,5.000000,100000000,False
846962,BANKEX26SEP71900CE,BANKEX,24SEP2026,7190000.000000,30,OPTIDX,BFO,5.000000,900,False
846967,SBICARD26SEP640CE,SBICARD,24SEP2026,64000.000000,800,OPTSTK,BFO,5.000000,32000,False
846971,DMART26SEP4550CE,DMART,24SEP2026,455000.000000,150,OPTSTK,BFO,5.000000,100000000,False
1123820,SENSEX26O2273000CE,SENSEX,22OCT2026,7300000.000000,20,OPTIDX,BFO,5.000000,1000,False
1123866,CIPLA26NOV1330PE,CIPLA,26NOV2026,133000.000000,425,OPTSTK,BFO,5.000000,26000,False
1123929,SENSEX26O1569400PE,SENSEX,15OCT2026,6940000.000000,20,OPTIDX,BFO,5.000000,1000,False
1123939,MARICO26NOV750PE,MARICO,26NOV2026,75000.000000,1200,OPTSTK,BFO,5.000000,48000,False
1130219,ABB26NOV6600PE,ABB,26NOV2026,660000.000000,125,OPTSTK,BFO,5.000000,7500,False
1130235,SHREECEM26SEP21000PE,SHREECEM,24SEP2026,2100000.000000,25,OPTSTK,BFO,5.000000,1000,False
1130240,GODFRYPHLP26NOV1600CE,GODFRYPHLP,26NOV2026,160000.000000,275,OPTSTK,BFO,5.000000,100000000,False
1130265,BDL26SEP1060PE,BDL,24SEP2026,106000.000000,425,OPTSTK,BFO,5.000000,100000000,False
850658,IEX26SEP112.5CE,IEX,24SEP2026,11250.000000,4350,OPTSTK,BFO,5.000000,150000,False
850661,DIXON26SEP12250PE,DIXON,24SEP2026,1225000.000000,50,OPTSTK,BFO,5.000000,6000,False
850720,INFY26SEP900PE,INFY,24SEP2026,90000.000000,400,OPTSTK,BFO,5.000000,16000,False
850737,DLF26SEP550CE,DLF,24SEP2026,55000.000000,950,OPTSTK,BFO,5.000000,49500,False
846980,ADANIPORTS26SEP1860PE,ADANIPORTS,24SEP2026,186000.000000,475,OPTSTK,BFO,5.000000,32000,False
846984,KFINTECH26SEP930CE,KFINTECH,24SEP2026,93000.000000,575,OPTSTK,BFO,5.000000,100000000,False
846994,PFC26SEP445CE,PFC,24SEP2026,44500.000000,1300,OPTSTK,BFO,5.000000,124000,False
847001,POLYCAB26SEP9900CE,POLYCAB,24SEP2026,990000.000000,125,OPTSTK,BFO,5.000000,9000,False
850742,VMM26SEP112.5CE,VMM,24SEP2026,11250.000000,4850,OPTSTK,BFO,5.000000,100000000,False
850751,NBCC26SEP102.5PE,NBCC,24SEP2026,10250.000000,6500,OPTSTK,BFO,5.000000,100000000,False
850772,KFINTECH26SEP780PE,KFINTECH,24SEP2026,78000.000000,575,OPTSTK,BFO,5.000000,100000000,False
850790,JSWSTEEL26SEP1140PE,JSWSTEEL,24SEP2026,114000.000000,675,OPTSTK,BFO,5.000000,40500,False
1123988,DMART26SEP3400PE,DMART,24SEP2026,340000.000000,150,OPTSTK,BFO,5.000000,100000000,False
1124036,ULTRACEMCO26NOV10500CE,ULTRACEMCO,26NOV2026,1050000.000000,50,OPTSTK,BFO,5.000000,3000,False
1124106,SENSEX26O2271900PE,SENSEX,22OCT2026,7190000.000000,20,OPTIDX,BFO,5.000000,1000,False
1124110,SENSEX26O2270400PE,SENSEX,22OCT2026,7040000.000000,20,OPTIDX,BFO,5.000000,1000,False
1130268,ICICIBANK26NOV1310CE,ICICIBANK,26NOV2026,131000.000000,700,OPTSTK,BFO,5.000000,28000,False
1130276,VEDL26NOV230PE,VEDL,26NOV2026,23000.000000,1150,OPTSTK,BFO,5.000000,80000,False
1130306,PAYTM26SEP1940CE,PAYTM,24SEP2026,194000.000000,725,OPTSTK,BFO,5.000000,100000000,False
1130331,LODHA26OCT980CE,LODHA,29OCT2026,98000.000000,625,OPTSTK,BFO,5.000000,100000000,False
847015,TIINDIA26SEP3160CE,TIINDIA,24SEP2026,316000.000000,200,OPTSTK,BFO,5.000000,100000000,False
847005,SBILIFE26SEP1880PE,SBILIFE,24SEP2026,188000.000000,375,OPTSTK,BFO,5.000000,22500,False
847011,NAUKRI26SEP930CE,NAUKRI,24SEP2026,93000.000000,550,OPTSTK,BFO,5.000000,6000,False
847014,POLICYBZR26SEP1580CE,POLICYBZR,24SEP2026,158000.000000,350,OPTSTK,BFO,5.000000,100000000,False
847062,SOLARINDS26SEP16250PE,SOLARINDS,24SEP2026,1625000.000000,50,OPTSTK,BFO,5.000000,100000000,False
847043,APLAPOLLO26SEPFUT,APLAPOLLO,24SEP2026,0.000000,350,FUTSTK,BFO,5.000000,100000000,False
847049,BAJAJ-AUTO26SEP10500CE,BAJAJ-AUTO,24SEP2026,1050000.000000,75,OPTSTK,BFO,5.000000,5000,False
847050,PRESTIGE26SEP1560PE,PRESTIGE,24SEP2026,156000.000000,450,OPTSTK,BFO,5.000000,100000000,False
850806,DLF26SEP550PE,DLF,24SEP2026,55000.000000,950,OPTSTK,BFO,5.000000,49500,False
850817,VMM26SEP112.5PE,VMM,24SEP2026,11250.000000,4850,OPTSTK,BFO,5.000000,100000000,False
850834,BANDHANBNK26SEP240PE,BANDHANBNK,24SEP2026,24000.000000,3600,OPTSTK,BFO,5.000000,100000,False
850839,HDFCBANK26SEP850CE,HDFCBANK,24SEP2026,85000.000000,650,OPTSTK,BFO,5.000000,16500,False
1124140,SENSEX26O2282700PE,SENSEX,22OCT2026,8270000.000000,20,OPTIDX,BFO,5.000000,1000,False
1124257,GODREJCP26NOV810PE,GODREJCP,26NOV2026,81000.000000,500,OPTSTK,BFO,5.000000,30000,False
1124326,SENSEX26O2273200CE,SENSEX,22OCT2026,7320000.000000,20,OPTIDX,BFO,5.000000,1000,False
1124359,SENSEX26O2278700PE,SENSEX,22OCT2026,7870000.000000,20,OPTIDX,BFO,5.000000,1000,False
1130353,TATACONSUM26OCT920CE,TATACONSUM,29OCT2026,92000.000000,550,OPTSTK,BFO,5.000000,36000,False
1130360,PRESTIGE26SEP1380PE,PRESTIGE,24SEP2026,138000.000000,450,OPTSTK,BFO,5.000000,100000000,False
1130379,HINDALCO26NOV840PE,HINDALCO,26NOV2026,84000.000000,700,OPTSTK,BFO,5.000000,56000,False
1130391,GODREJPROP26OCT1640PE,GODREJPROP,29OCT2026,164000.000000,325,OPTSTK,BFO,5.000000,19000,False
847069,SONACOMS26SEP625CE,SONACOMS,24SEP2026,62500.000000,1225,OPTSTK,BFO,5.000000,100000000,False
847076,ABCAPITAL26SEP370CE,ABCAPITAL,24SEP2026,37000.000000,3100,OPTSTK,BFO,5.000000,162000,False
847079,BANKEX26SEP61300PE,BANKEX,24SEP2026,6130000.000000,30,OPTIDX,BFO,5.000000,900,False
847096,TCS26SEP1980PE,TCS,24SEP2026,198000.000000,225,OPTSTK,BFO,5.000000,7000,False
850851,BOSCHLTD26SEP37500CE,BOSCHLTD,24SEP2026,3750000.000000,25,OPTSTK,BFO,5.000000,1500,False
850856,SRF26SEP2950PE,SRF,24SEP2026,295000.000000,200,OPTSTK,BFO,5.000000,11250,False
850891,KFINTECH26SEP980CE,KFINTECH,24SEP2026,98000.000000,575,OPTSTK,BFO,5.000000,100000000,False
850910,TVSMOTOR26SEP3350PE,TVSMOTOR,24SEP2026,335000.000000,175,OPTSTK,BFO,5.000000,21000,False
1124360,SENSEX26O2277200PE,SENSEX,22OCT2026,7720000.000000,20,OPTIDX,BFO,5.000000,1000,False
1124396,SENSEX26O2279200CE,SENSEX,22OCT2026,7920000.000000,20,OPTIDX,BFO,5.000000,1000,False
1124480,LUPIN26SEP2000PE,LUPIN,24SEP2026,200000.000000,425,OPTSTK,BFO,5.000000,34000,False
1124536,SENSEX26O2269200CE,SENSEX,22OCT2026,6920000.000000,20,OPTIDX,BFO,5.000000,1000,False
1130399,M&M26NOV2750PE,M&M,26NOV2026,275000.000000,200,OPTSTK,BFO,5.000000,21000,False
1130400,RELIANCE26OCT1200CE,RELIANCE,29OCT2026,120000.000000,500,OPTSTK,BFO,5.000000,10000,False
1130407,PAYTM26OCT1940CE,PAYTM,29OCT2026,194000.000000,725,OPTSTK,BFO,5.000000,100000000,False
1130422,PAYTM26SEP1940PE,PAYTM,24SEP2026,194000.000000,725,OPTSTK,BFO,5.000000,100000000,False
847110,ADANIPORTS26SEP1760CE,ADANIPORTS,24SEP2026,176000.000000,475,OPTSTK,BFO,5.000000,32000,False
847111,HINDPETRO26SEP395.75PE,HINDPETRO,24SEP2026,39575.000000,2025,OPTSTK,BFO,5.000000,108000,False
847118,HDFCAMC26SEP2740CE,HDFCAMC,24SEP2026,274000.000000,300,OPTSTK,BFO,5.000000,12000,False
847145,UNITDSPR26SEP1340CE,UNITDSPR,24SEP2026,134000.000000,400,OPTSTK,BFO,5.000000,28000,False
850913,GODFRYPHLP26SEP1850CE,GODFRYPHLP,24SEP2026,185000.000000,275,OPTSTK,BFO,5.000000,100000000,False
850937,HINDUNILVR26SEP2000PE,HINDUNILVR,24SEP2026,200000.000000,300,OPTSTK,BFO,5.000000,9000,False
850979,RADICO26SEP3950CE,RADICO,24SEP2026,395000.000000,150,OPTSTK,BFO,5.000000,100000000,False
850984,DIVISLAB26SEP7100PE,DIVISLAB,24SEP2026,710000.000000,100,OPTSTK,BFO,5.000000,8000,False
1124612,SENSEX26O2269500PE,SENSEX,22OCT2026,6950000.000000,20,OPTIDX,BFO,5.000000,1000,False
1124629,SENSEX26O2271100CE,SENSEX,22OCT2026,7110000.000000,20,OPTIDX,BFO,5.000000,1000,False
1124634,SOLARINDS26SEP23250PE,SOLARINDS,24SEP2026,2325000.000000,50,OPTSTK,BFO,5.000000,100000000,False
1124640,BHARATFORG26SEP1860PE,BHARATFORG,24SEP2026,186000.000000,500,OPTSTK,BFO,5.000000,30000,False
1130425,BHARATFORG26OCT1800CE,BHARATFORG,29OCT2026,180000.000000,500,OPTSTK,BFO,5.000000,30000,False
1130436,NESTLEIND26NOV1310CE,NESTLEIND,26NOV2026,131000.000000,500,OPTSTK,BFO,5.000000,1200,False
1130473,SUNPHARMA26OCT1700CE,SUNPHARMA,29OCT2026,170000.000000,350,OPTSTK,BFO,5.000000,28000,False
1130478,PRESTIGE26SEP1360CE,PRESTIGE,24SEP2026,136000.000000,450,OPTSTK,BFO,5.000000,100000000,False
847147,POWERINDIA26SEP32000CE,POWERINDIA,24SEP2026,3200000.000000,25,OPTSTK,BFO,5.000000,100000000,False
847156,INDHOTEL26SEP715PE,INDHOTEL,24SEP2026,71500.000000,1000,OPTSTK,BFO,5.000000,60000,False
847175,NAUKRI26SEP930PE,NAUKRI,24SEP2026,93000.000000,550,OPTSTK,BFO,5.000000,6000,False
847178,OBEROIRLTY26SEP1860CE,OBEROIRLTY,24SEP2026,186000.000000,350,OPTSTK,BFO,5.000000,28000,False
851002,CROMPTON26SEP300CE,CROMPTON,24SEP2026,30000.000000,2150,OPTSTK,BFO,5.000000,90000,False
851050,SRF26SEP2400CE,SRF,24SEP2026,240000.000000,200,OPTSTK,BFO,5.000000,11250,False
851061,PERSISTENT26SEP3800PE,PERSISTENT,24SEP2026,380000.000000,125,OPTSTK,BFO,5.000000,5250,False
851065,SRF26SEP3100PE,SRF,24SEP2026,310000.000000,200,OPTSTK,BFO,5.000000,11250,False
1124645,SENSEX26O2269800CE,SENSEX,22OCT2026,6980000.000000,20,OPTIDX,BFO,5.000000,1000,False
1124666,SOLARINDS26NOV22500CE,SOLARINDS,26NOV2026,2250000.000000,50,OPTSTK,BFO,5.000000,100000000,False
1124760,SENSEX26O2275700PE,SENSEX,22OCT2026,7570000.000000,20,OPTIDX,BFO,5.000000,1000,False
1124771,M&M26OCT2800PE,M&M,29OCT2026,280000.000000,200,OPTSTK,BFO,5.000000,21000,False
1130483,GODREJPROP26SEP1600PE,GODREJPROP,24SEP2026,160000.000000,325,OPTSTK,BFO,5.000000,19000,False
1130486,LAURUSLABS26NOV2120CE,LAURUSLABS,26NOV2026,212000.000000,850,OPTSTK,BFO,5.000000,68000,False
1130494,AMBUJACEM26NOV355CE,AMBUJACEM,26NOV2026,35500.000000,1200,OPTSTK,BFO,5.000000,54000,False
1130521,GODREJPROP26SEP1640PE,GODREJPROP,24SEP2026,164000.000000,325,OPTSTK,BFO,5.000000,19000,False
847186,IDFCFIRSTB26SEP83PE,IDFCFIRSTB,24SEP2026,8300.000000,9275,OPTSTK,BFO,5.000000,450000,False
847212,HCLTECH26SEPFUT,HCLTECH,24SEP2026,0.000000,400,FUTSTK,BFO,5.000000,21000,False
847216,LODHA26SEP1000PE,LODHA,24SEP2026,100000.000000,625,OPTSTK,BFO,5.000000,100000000,False
847244,ABCAPITAL26SEP370PE,ABCAPITAL,24SEP2026,37000.000000,3100,OPTSTK,BFO,5.000000,162000,False
1124805,SENSEX27MAR82000PE,SENSEX,25MAR2027,8200000.000000,20,OPTIDX,BFO,5.000000,1000,False
1124882,SENSEX26O2272500CE,SENSEX,22OCT2026,7250000.000000,20,OPTIDX,BFO,5.000000,1000,False
1124909,ULTRACEMCO26NOV10600PE,ULTRACEMCO,26NOV2026,1060000.000000,50,OPTSTK,BFO,5.000000,3000,False
1124905,SENSEX26O2275700CE,SENSEX,22OCT2026,7570000.000000,20,OPTIDX,BFO,5.000000,1000,False
847253,IEX26SEP118PE,IEX,24SEP2026,11800.000000,4350,OPTSTK,BFO,5.000000,150000,False
847282,HEROMOTOCO26SEP4750PE,HEROMOTOCO,24SEP2026,475000.000000,150,OPTSTK,BFO,5.000000,9000,False
847283,CIPLA26SEP1510CE,CIPLA,24SEP2026,151000.000000,425,OPTSTK,BFO,5.000000,26000,False
847293,BAJFINANCE26SEP910PE,BAJFINANCE,24SEP2026,91000.000000,750,OPTSTK,BFO,5.000000,3750,False
851078,APOLLOHOSP26SEP8000CE,APOLLOHOSP,24SEP2026,800000.000000,125,OPTSTK,BFO,5.000000,5000,False
851095,MAZDOCK26SEP2450PE,MAZDOCK,24SEP2026,245000.000000,225,OPTSTK,BFO,5.000000,100000000,False
851097,FORTIS26SEP1030PE,FORTIS,24SEP2026,103000.000000,775,OPTSTK,BFO,5.000000,100000000,False
851113,IDFCFIRSTB26SEP87PE,IDFCFIRSTB,24SEP2026,8700.000000,9275,OPTSTK,BFO,5.000000,450000,False
1130581,ASHOKLEY26NOV147.5CE,ASHOKLEY,26NOV2026,14750.000000,5000,OPTSTK,BFO,5.000000,150000,False
1130590,SHREECEM26SEP20750PE,SHREECEM,24SEP2026,2075000.000000,25,OPTSTK,BFO,5.000000,1000,False
1130593,ICICIGI26OCT1320CE,ICICIGI,29OCT2026,132000.000000,325,OPTSTK,BFO,5.000000,20000,False
1130594,ASHOKLEY26NOV147.5PE,ASHOKLEY,26NOV2026,14750.000000,5000,OPTSTK,BFO,5.000000,150000,False
851123,PERSISTENT26SEP3700CE,PERSISTENT,24SEP2026,370000.000000,125,OPTSTK,BFO,5.000000,5250,False
851141,VMM26SEP125PE,VMM,24SEP2026,12500.000000,4850,OPTSTK,BFO,5.000000,100000000,False
851151,TECHM26SEP1224CE,TECHM,24SEP2026,122400.000000,600,OPTSTK,BFO,5.000000,24000,False
851168,PREMIERENE26SEP940PE,PREMIERENE,24SEP2026,94000.000000,650,OPTSTK,BFO,5.000000,100000000,False
1124944,SENSEX26O2276500PE,SENSEX,22OCT2026,7650000.000000,20,OPTIDX,BFO,5.000000,1000,False
1125006,SENSEX26O2274500PE,SENSEX,22OCT2026,7450000.000000,20,OPTIDX,BFO,5.000000,1000,False
1125014,SENSEX26O2278500CE,SENSEX,22OCT2026,7850000.000000,20,OPTIDX,BFO,5.000000,1000,False
1125024,CROMPTON26SEP190CE,CROMPTON,24SEP2026,19000.000000,2150,OPTSTK,BFO,5.000000,90000,False
847315,NYKAA26SEP315CE,NYKAA,24SEP2026,31500.000000,3125,OPTSTK,BFO,5.000000,100000000,False
847347,GODFRYPHLP26SEP2220CE,GODFRYPHLP,24SEP2026,222000.000000,275,OPTSTK,BFO,5.000000,100000000,False
847354,DLF26SEP615CE,DLF,24SEP2026,61500.000000,950,OPTSTK,BFO,5.000000,49500,False
847356,MPHASIS26SEP2258PE,MPHASIS,24SEP2026,225800.000000,275,OPTSTK,BFO,5.000000,11000,False
1130598,PRESTIGE26NOV1380CE,PRESTIGE,26NOV2026,138000.000000,450,OPTSTK,BFO,5.000000,100000000,False
1130600,SUNPHARMA26OCT1700PE,SUNPHARMA,29OCT2026,170000.000000,350,OPTSTK,BFO,5.000000,28000,False
1130603,PRESTIGE26SEP1360PE,PRESTIGE,24SEP2026,136000.000000,450,OPTSTK,BFO,5.000000,100000000,False
1130638,FORTIS26NOV820PE,FORTIS,26NOV2026,82000.000000,775,OPTSTK,BFO,5.000000,100000000,False
847357,PGEL26SEP490PE,PGEL,24SEP2026,49000.000000,950,OPTSTK,BFO,5.000000,100000000,False
847364,LTF26SEP290PE,LTF,24SEP2026,29000.000000,2250,OPTSTK,BFO,5.000000,267720,False
847375,BANKEX26SEP71200CE,BANKEX,24SEP2026,7120000.000000,30,OPTIDX,BFO,5.000000,900,False
847387,NAM-INDIA26SEP1140CE,NAM-INDIA,24SEP2026,114000.000000,625,OPTSTK,BFO,5.000000,100000000,False
851174,INDIGO26SEP6000PE,INDIGO,24SEP2026,600000.000000,150,OPTSTK,BFO,5.000000,12000,False
851177,LT26SEP3900CE,LT,24SEP2026,390000.000000,175,OPTSTK,BFO,5.000000,12000,False
851201,JINDALSTEL26SEP940CE,JINDALSTEL,24SEP2026,94000.000000,625,OPTSTK,BFO,5.000000,37500,False
851206,SHRIRAMFIN26SEP1160PE,SHRIRAMFIN,24SEP2026,116000.000000,825,OPTSTK,BFO,5.000000,18000,False
1125088,HINDUNILVR26OCT1820PE,HINDUNILVR,29OCT2026,182000.000000,300,OPTSTK,BFO,5.000000,9000,False
1125167,SENSEX26O2276800PE,SENSEX,22OCT2026,7680000.000000,20,OPTIDX,BFO,5.000000,1000,False
1125185,SENSEX26O2271600PE,SENSEX,22OCT2026,7160000.000000,20,OPTIDX,BFO,5.000000,1000,False
1125271,ULTRACEMCO26SEP10600CE,ULTRACEMCO,24SEP2026,1060000.000000,50,OPTSTK,BFO,5.000000,3000,False
1130673,SENSEX5026OCT23550PE,SENSEX50,29OCT2026,2355000.000000,75,OPTIDX,BFO,5.000000,1800,False
1130695,SENSEX26SEP88000CE,SENSEX,24SEP2026,8800000.000000,20,OPTIDX,BFO,5.000000,1000,False
1130755,SENSEX26SEP88000PE,SENSEX,24SEP2026,8800000.000000,20,OPTIDX,BFO,5.000000,1000,False
1130783,RELIANCE26SEP1190PE,RELIANCE,24SEP2026,119000.000000,500,OPTSTK,BFO,5.000000,10000,False
847404,HEROMOTOCO26SEP4650CE,HEROMOTOCO,24SEP2026,465000.000000,150,OPTSTK,BFO,5.000000,9000,False
847431,TATASTEEL26SEP180CE,TATASTEEL,24SEP2026,18000.000000,2750,OPTSTK,BFO,5.000000,220000,False
847437,FORTIS26SEP900CE,FORTIS,24SEP2026,90000.000000,775,OPTSTK,BFO,5.000000,100000000,False
847445,LUPIN26SEP2260CE,LUPIN,24SEP2026,226000.000000,425,OPTSTK,BFO,5.000000,34000,False
851246,INDHOTEL26SEP660CE,INDHOTEL,24SEP2026,66000.000000,1000,OPTSTK,BFO,5.000000,60000,False
851256,ADANIENT26SEP3200CE,ADANIENT,24SEP2026,320000.000000,309,OPTSTK,BFO,5.000000,9000,False
851284,TIINDIA26SEP2750PE,TIINDIA,24SEP2026,275000.000000,200,OPTSTK,BFO,5.000000,100000000,False
851289,MAZDOCK26SEP2650PE,MAZDOCK,24SEP2026,265000.000000,225,OPTSTK,BFO,5.000000,100000000,False
1125280,MANKIND26OCT2200PE,MANKIND,29OCT2026,220000.000000,250,OPTSTK,BFO,5.000000,100000000,False
1125294,MANAPPURAM26NOV300PE,MANAPPURAM,26NOV2026,30000.000000,3000,OPTSTK,BFO,5.000000,180000,False
1125308,SENSEX26O2275900PE,SENSEX,22OCT2026,7590000.000000,20,OPTIDX,BFO,5.000000,1000,False
1125311,SENSEX26O2269300CE,SENSEX,22OCT2026,6930000.000000,20,OPTIDX,BFO,5.000000,1000,False
1130789,PAYTM26NOV1920PE,PAYTM,26NOV2026,192000.000000,725,OPTSTK,BFO,5.000000,100000000,False
1130794,LODHA26NOV980PE,LODHA,26NOV2026,98000.000000,625,OPTSTK,BFO,5.000000,100000000,False
1130803,TATACONSUM26NOV920PE,TATACONSUM,26NOV2026,92000.000000,550,OPTSTK,BFO,5.000000,36000,False
2053036,CDSL26SEP1700PE,CDSL,29SEP2026,170000.000000,475,OPTSTK,BFO,5.000000,14001,False
847495,NBCC26SEP104PE,NBCC,24SEP2026,10400.000000,6500,OPTSTK,BFO,5.000000,100000000,False
847515,INDUSTOWER26SEP371PE,INDUSTOWER,24SEP2026,37100.000000,1700,OPTSTK,BFO,5.000000,170000,False
847525,COCHINSHIP26SEP1440CE,COCHINSHIP,24SEP2026,144000.000000,400,OPTSTK,BFO,5.000000,100000000,False
847535,FOCIT26SEP38000CE,FOCIT,24SEP2026,3800000.000000,45,OPTIDX,BFO,5.000000,1350,False
851304,IOC26SEP142.5CE,IOC,24SEP2026,14250.000000,4875,OPTSTK,BFO,5.000000,292500,False
851306,SRF26SEP3050PE,SRF,24SEP2026,305000.000000,200,OPTSTK,BFO,5.000000,11250,False
851315,HAVELLS26SEP1280PE,HAVELLS,24SEP2026,128000.000000,500,OPTSTK,BFO,5.000000,20000,False
851317,NTPC26SEP375CE,NTPC,24SEP2026,37500.000000,1500,OPTSTK,BFO,5.000000,150000,False
1125335,SENSEX26O2276100PE,SENSEX,22OCT2026,7610000.000000,20,OPTIDX,BFO,5.000000,1000,False
1125339,ULTRACEMCO26OCT10600PE,ULTRACEMCO,29OCT2026,1060000.000000,50,OPTSTK,BFO,5.000000,3000,False
1125379,SENSEX26O2278100CE,SENSEX,22OCT2026,7810000.000000,20,OPTIDX,BFO,5.000000,1000,False
1125464,SENSEX26O2280000CE,SENSEX,22OCT2026,8000000.000000,20,OPTIDX,BFO,5.000000,1000,False
826436,SENSEX30DEC80000PE,SENSEX,26DEC2030,8000000.000000,20,OPTIDX,BFO,5.000000,1000,False
847540,JUBLFOOD26SEP450PE,JUBLFOOD,24SEP2026,45000.000000,1250,OPTSTK,BFO,5.000000,50000,False
847548,WIPRO26SEP190PE,WIPRO,24SEP2026,19000.000000,3000,OPTSTK,BFO,5.000000,60000,False
847549,AMBUJACEM26SEP425CE,AMBUJACEM,24SEP2026,42500.000000,1200,OPTSTK,BFO,5.000000,54000,False
847557,VBL26SEP475PE,VBL,24SEP2026,47500.000000,1275,OPTSTK,BFO,5.000000,100000000,False
2053795,BSE26SEP4300CE,BSE,29SEP2026,430000.000000,200,OPTSTK,BFO,5.000000,3751,False
2054572,BSE26SEP3700PE,BSE,29SEP2026,370000.000000,200,OPTSTK,BFO,5.000000,3751,False
2055096,CDSL26SEP1800CE,CDSL,29SEP2026,180000.000000,475,OPTSTK,BFO,5.000000,14001,False
851335,BANKEX26SEP58100PE,BANKEX,24SEP2026,5810000.000000,30,OPTIDX,BFO,5.000000,900,False
851348,LICHSGFIN26SEP500CE,LICHSGFIN,24SEP2026,50000.000000,1000,OPTSTK,BFO,5.000000,60000,False
851399,ADANIGREEN26SEP1640PE,ADANIGREEN,24SEP2026,164000.000000,600,OPTSTK,BFO,5.000000,100000000,False
851453,MOTHERSON26SEP157.5CE,MOTHERSON,24SEP2026,15750.000000,6150,OPTSTK,BFO,5.000000,284000,False
1125476,DMART26OCT3400PE,DMART,29OCT2026,340000.000000,150,OPTSTK,BFO,5.000000,100000000,False
1125540,AUROPHARMA26NOV1480PE,AUROPHARMA,26NOV2026,148000.000000,550,OPTSTK,BFO,5.000000,44000,False
1125555,MARUTI26SEP12000CE,MARUTI,24SEP2026,1200000.000000,50,OPTSTK,BFO,5.000000,3000,False
1125566,ULTRACEMCO26OCT10500PE,ULTRACEMCO,29OCT2026,1050000.000000,50,OPTSTK,BFO,5.000000,3000,False
847558,IDEA26SEP8PE,IDEA,24SEP2026,800.000000,71475,OPTSTK,BFO,5.000000,2400000,False
847570,BEL26SEP430CE,BEL,24SEP2026,43000.000000,1425,OPTSTK,BFO,5.000000,228000,False
847574,BAJFINANCE26SEP950CE,BAJFINANCE,24SEP2026,95000.000000,750,OPTSTK,BFO,5.000000,3750,False
847597,TATAPOWER26SEP365CE,TATAPOWER,24SEP2026,36500.000000,1450,OPTSTK,BFO,5.000000,101250,False
829143,SENSEX30DEC81000CE,SENSEX,26DEC2030,8100000.000000,20,OPTIDX,BFO,5.000000,1000,False
839153,SENSEX26SEP73100PE,SENSEX,24SEP2026,7310000.000000,20,OPTIDX,BFO,5.000000,1000,False
839186,SENSEX26SEP77900PE,SENSEX,24SEP2026,7790000.000000,20,OPTIDX,BFO,5.000000,1000,False
839195,SENSEX26SEP81900PE,SENSEX,24SEP2026,8190000.000000,20,OPTIDX,BFO,5.000000,1000,False
851454,CIPLA26SEP1540PE,CIPLA,24SEP2026,154000.000000,425,OPTSTK,BFO,5.000000,26000,False
851479,HEROMOTOCO26SEP4100PE,HEROMOTOCO,24SEP2026,410000.000000,150,OPTSTK,BFO,5.000000,9000,False
851535,KPITTECH26SEP630PE,KPITTECH,24SEP2026,63000.000000,775,OPTSTK,BFO,5.000000,100000000,False
851538,M&M26SEP3250PE,M&M,24SEP2026,325000.000000,200,OPTSTK,BFO,5.000000,21000,False
847599,MOTILALOFS26SEP910CE,MOTILALOFS,24SEP2026,91000.000000,775,OPTSTK,BFO,5.000000,100000000,False
847621,FEDERALBNK26SEP315CE,FEDERALBNK,24SEP2026,31500.000000,2500,OPTSTK,BFO,5.000000,200000,False
847622,INDHOTEL26SEP755PE,INDHOTEL,24SEP2026,75500.000000,1000,OPTSTK,BFO,5.000000,60000,False
847623,GODREJPROP26SEP1760PE,GODREJPROP,24SEP2026,176000.000000,325,OPTSTK,BFO,5.000000,19000,False
1125612,SENSEX26O2283100PE,SENSEX,22OCT2026,8310000.000000,20,OPTIDX,BFO,5.000000,1000,False
1125634,SENSEX26O2274300CE,SENSEX,22OCT2026,7430000.000000,20,OPTIDX,BFO,5.000000,1000,False
1125637,SENSEX26O2276000CE,SENSEX,22OCT2026,7600000.000000,20,OPTIDX,BFO,5.000000,1000,False
1125719,SENSEX26O2270900PE,SENSEX,22OCT2026,7090000.000000,20,OPTIDX,BFO,5.000000,1000,False
851570,PNBHOUSING26SEP920CE,PNBHOUSING,24SEP2026,92000.000000,650,OPTSTK,BFO,5.000000,100000000,False
851597,M&M26SEP3150CE,M&M,24SEP2026,315000.000000,200,OPTSTK,BFO,5.000000,21000,False
851637,PAGEIND26SEP44000PE,PAGEIND,24SEP2026,4400000.000000,20,OPTSTK,BFO,5.000000,600,False
851677,HEROMOTOCO26SEP4300PE,HEROMOTOCO,24SEP2026,430000.000000,150,OPTSTK,BFO,5.000000,9000,False
839206,SENSEX26SEP73200CE,SENSEX,24SEP2026,7320000.000000,20,OPTIDX,BFO,5.000000,1000,False
839240,SENSEX26SEP82800CE,SENSEX,24SEP2026,8280000.000000,20,OPTIDX,BFO,5.000000,1000,False
839257,SENSEX26SEP78100CE,SENSEX,24SEP2026,7810000.000000,20,OPTIDX,BFO,5.000000,1000,False
839262,SENSEX26SEP74400CE,SENSEX,24SEP2026,7440000.000000,20,OPTIDX,BFO,5.000000,1000,False
847638,TORNTPHARM26SEP4450PE,TORNTPHARM,24SEP2026,445000.000000,125,OPTSTK,BFO,5.000000,15000,False
847640,BAJAJ-AUTO26SEP10100PE,BAJAJ-AUTO,24SEP2026,1010000.000000,75,OPTSTK,BFO,5.000000,5000,False
847684,OFSS26SEP10800PE,OFSS,24SEP2026,1080000.000000,100,OPTSTK,BFO,5.000000,8000,False
847682,ADANIGREEN26SEP1560CE,ADANIGREEN,24SEP2026,156000.000000,600,OPTSTK,BFO,5.000000,100000000,False
851678,MOTHERSON26SEP165CE,MOTHERSON,24SEP2026,16500.000000,6150,OPTSTK,BFO,5.000000,284000,False
851686,VOLTAS26SEP1140CE,VOLTAS,24SEP2026,114000.000000,375,OPTSTK,BFO,5.000000,30000,False
851714,YESBANK26SEP17CE,YESBANK,24SEP2026,1700.000000,31100,OPTSTK,BFO,5.000000,100000000,False
851727,IEX26SEP122.5PE,IEX,24SEP2026,12250.000000,4350,OPTSTK,BFO,5.000000,150000,False
1125755,SENSEX26O2280200PE,SENSEX,22OCT2026,8020000.000000,20,OPTIDX,BFO,5.000000,1000,False
1125818,TORNTPHARM26NOV4500CE,TORNTPHARM,26NOV2026,450000.000000,125,OPTSTK,BFO,5.000000,15000,False
1125843,MANKIND26OCT2180PE,MANKIND,29OCT2026,218000.000000,250,OPTSTK,BFO,5.000000,100000000,False
1125866,LUPIN26OCT1980PE,LUPIN,29OCT2026,198000.000000,425,OPTSTK,BFO,5.000000,34000,False
847694,MANAPPURAM26SEP305CE,MANAPPURAM,24SEP2026,30500.000000,3000,OPTSTK,BFO,5.000000,180000,False
847703,HCLTECH26SEP1120PE,HCLTECH,24SEP2026,112000.000000,400,OPTSTK,BFO,5.000000,21000,False
847710,BANKEX26SEP65100CE,BANKEX,24SEP2026,6510000.000000,30,OPTIDX,BFO,5.000000,900,False
847726,GAIL26SEP166CE,GAIL,24SEP2026,16600.000000,3550,OPTSTK,BFO,5.000000,274500,False
839264,SENSEX26SEP81400PE,SENSEX,24SEP2026,8140000.000000,20,OPTIDX,BFO,5.000000,1000,False
839280,SENSEX26SEP74700PE,SENSEX,24SEP2026,7470000.000000,20,OPTIDX,BFO,5.000000,1000,False
839283,SENSEX26SEP78300CE,SENSEX,24SEP2026,7830000.000000,20,OPTIDX,BFO,5.000000,1000,False
839296,SENSEX26SEP76300PE,SENSEX,24SEP2026,7630000.000000,20,OPTIDX,BFO,5.000000,1000,False
851742,RADICO26SEP3850CE,RADICO,24SEP2026,385000.000000,150,OPTSTK,BFO,5.000000,100000000,False
851749,LAURUSLABS26SEP1640PE,LAURUSLABS,24SEP2026,164000.000000,850,OPTSTK,BFO,5.000000,68000,False
851773,PNBHOUSING26SEP960CE,PNBHOUSING,24SEP2026,96000.000000,650,OPTSTK,BFO,5.000000,100000000,False
851778,MANAPPURAM26SEP360CE,MANAPPURAM,24SEP2026,36000.000000,3000,OPTSTK,BFO,5.000000,180000,False
1125876,POLYCAB26SEP8000CE,POLYCAB,24SEP2026,800000.000000,125,OPTSTK,BFO,5.000000,9000,False
1125904,SUZLON26NOV38CE,SUZLON,26NOV2026,3800.000000,12700,OPTSTK,BFO,5.000000,100000000,False
1125925,LICHSGFIN26OCT630CE,LICHSGFIN,29OCT2026,63000.000000,1000,OPTSTK,BFO,5.000000,60000,False
1125982,POLICYBZR26OCT2000PE,POLICYBZR,29OCT2026,200000.000000,350,OPTSTK,BFO,5.000000,100000000,False
839299,SENSEX26SEP72600PE,SENSEX,24SEP2026,7260000.000000,20,OPTIDX,BFO,5.000000,1000,False
839359,SENSEX26SEP72100PE,SENSEX,24SEP2026,7210000.000000,20,OPTIDX,BFO,5.000000,1000,False
839388,SENSEX26SEP82900CE,SENSEX,24SEP2026,8290000.000000,20,OPTIDX,BFO,5.000000,1000,False
839412,SENSEX26SEP74500CE,SENSEX,24SEP2026,7450000.000000,20,OPTIDX,BFO,5.000000,1000,False
851781,LICHSGFIN26SEP490CE,LICHSGFIN,24SEP2026,49000.000000,1000,OPTSTK,BFO,5.000000,60000,False
851810,MOTILALOFS26SEP1100CE,MOTILALOFS,24SEP2026,110000.000000,775,OPTSTK,BFO,5.000000,100000000,False
851836,NTPC26SEP325CE,NTPC,24SEP2026,32500.000000,1500,OPTSTK,BFO,5.000000,150000,False
851857,PNBHOUSING26SEP960PE,PNBHOUSING,24SEP2026,96000.000000,650,OPTSTK,BFO,5.000000,100000000,False
1126060,TATASTEEL26NOV207.5PE,TATASTEEL,26NOV2026,20750.000000,2750,OPTSTK,BFO,5.000000,220000,False
1126027,POLYCAB26SEP7900PE,POLYCAB,24SEP2026,790000.000000,125,OPTSTK,BFO,5.000000,9000,False
1126052,POLYCAB26NOV7900PE,POLYCAB,26NOV2026,790000.000000,125,OPTSTK,BFO,5.000000,9000,False
1126054,KEI26NOV4400PE,KEI,26NOV2026,440000.000000,175,OPTSTK,BFO,5.000000,100000000,False
839432,SENSEX26SEP77800CE,SENSEX,24SEP2026,7780000.000000,20,OPTIDX,BFO,5.000000,1000,False
839473,SENSEX26SEP79700PE,SENSEX,24SEP2026,7970000.000000,20,OPTIDX,BFO,5.000000,1000,False
839503,SENSEX26SEP69900PE,SENSEX,24SEP2026,6990000.000000,20,OPTIDX,BFO,5.000000,1000,False
839512,SENSEX26SEP71600PE,SENSEX,24SEP2026,7160000.000000,20,OPTIDX,BFO,5.000000,1000,False
851906,SENSEX29DEC71000CE,SENSEX,27DEC2029,7100000.000000,20,OPTIDX,BFO,5.000000,1000,False
851919,UNITDSPR26SEP1240CE,UNITDSPR,24SEP2026,124000.000000,400,OPTSTK,BFO,5.000000,28000,False
851921,AXISBANK26SEP1240PE,AXISBANK,24SEP2026,124000.000000,625,OPTSTK,BFO,5.000000,25000,False
851922,ADANIPOWER26SEP190CE,ADANIPOWER,24SEP2026,19000.000000,3550,OPTSTK,BFO,5.000000,100000000,False
839513,SENSEX26SEP73900PE,SENSEX,24SEP2026,7390000.000000,20,OPTIDX,BFO,5.000000,1000,False
839521,SENSEX26SEP75200CE,SENSEX,24SEP2026,7520000.000000,20,OPTIDX,BFO,5.000000,1000,False
839544,SENSEX26SEP81800PE,SENSEX,24SEP2026,8180000.000000,20,OPTIDX,BFO,5.000000,1000,False
839567,SENSEX26SEP77100PE,SENSEX,24SEP2026,7710000.000000,20,OPTIDX,BFO,5.000000,1000,False
851933,HDFCBANK26SEP860PE,HDFCBANK,24SEP2026,86000.000000,650,OPTSTK,BFO,5.000000,16500,False
851962,GAIL26SEP187.5CE,GAIL,24SEP2026,18750.000000,3550,OPTSTK,BFO,5.000000,274500,False
851971,NAUKRI26SEP900PE,NAUKRI,24SEP2026,90000.000000,550,OPTSTK,BFO,5.000000,6000,False
851976,VEDL26SEP255PE,VEDL,24SEP2026,25500.000000,1150,OPTSTK,BFO,5.000000,80000,False
1126069,POLYCAB26OCT7600CE,POLYCAB,29OCT2026,760000.000000,125,OPTSTK,BFO,5.000000,9000,False
1126086,POLYCAB26SEP8000PE,POLYCAB,24SEP2026,800000.000000,125,OPTSTK,BFO,5.000000,9000,False
1126120,SUZLON26SEP38CE,SUZLON,24SEP2026,3800.000000,12700,OPTSTK,BFO,5.000000,100000000,False
1126140,POLYCAB26NOV8000PE,POLYCAB,26NOV2026,800000.000000,125,OPTSTK,BFO,5.000000,9000,False
839611,SENSEX26SEP77200CE,SENSEX,24SEP2026,7720000.000000,20,OPTIDX,BFO,5.000000,1000,False
839831,SENSEX26SEP84100CE,SENSEX,24SEP2026,8410000.000000,20,OPTIDX,BFO,5.000000,1000,False
840665,SENSEX27JUN79000CE,SENSEX,24JUN2027,7900000.000000,20,OPTIDX,BFO,5.000000,1000,False
841275,SENSEX26SEP69200CE,SENSEX,24SEP2026,6920000.000000,20,OPTIDX,BFO,5.000000,1000,False
1126166,GLENMARK26NOV2300CE,GLENMARK,26NOV2026,230000.000000,375,OPTSTK,BFO,5.000000,43500,False
1126197,SUZLON26NOV38PE,SUZLON,26NOV2026,3800.000000,12700,OPTSTK,BFO,5.000000,100000000,False
1126217,POLYCAB26NOV7800CE,POLYCAB,26NOV2026,780000.000000,125,OPTSTK,BFO,5.000000,9000,False
1126230,POLYCAB26OCT7800CE,POLYCAB,29OCT2026,780000.000000,125,OPTSTK,BFO,5.000000,9000,False
851990,DLF26SEP690PE,DLF,24SEP2026,69000.000000,950,OPTSTK,BFO,5.000000,49500,False
852007,ADANIPOWER26SEP195CE,ADANIPOWER,24SEP2026,19500.000000,3550,OPTSTK,BFO,5.000000,100000000,False
852011,BOSCHLTD26SEP38000PE,BOSCHLTD,24SEP2026,3800000.000000,25,OPTSTK,BFO,5.000000,1500,False
852021,ETERNAL26SEP280CE,ETERNAL,24SEP2026,28000.000000,2425,OPTSTK,BFO,5.000000,100000000,False
841620,LAURUSLABS26SEP1410PE,LAURUSLABS,24SEP2026,141000.000000,850,OPTSTK,BFO,5.000000,68000,False
841624,INFY26SEP1100PE,INFY,24SEP2026,110000.000000,400,OPTSTK,BFO,5.000000,16000,False
841625,AXISBANK26SEP1390PE,AXISBANK,24SEP2026,139000.000000,625,OPTSTK,BFO,5.000000,25000,False
841649,TCS26SEP2200CE,TCS,24SEP2026,220000.000000,225,OPTSTK,BFO,5.000000,7000,False
852035,SENSEX28JUN71000PE,SENSEX,29JUN2028,7100000.000000,20,OPTIDX,BFO,5.000000,1000,False
852046,VBL26SEP440PE,VBL,24SEP2026,44000.000000,1275,OPTSTK,BFO,5.000000,100000000,False
852049,IEX26SEP135PE,IEX,24SEP2026,13500.000000,4350,OPTSTK,BFO,5.000000,150000,False
852052,CROMPTON26SEP240PE,CROMPTON,24SEP2026,24000.000000,2150,OPTSTK,BFO,5.000000,90000,False
1126240,CUMMINSIND26OCT4300CE,CUMMINSIND,29OCT2026,430000.000000,200,OPTSTK,BFO,5.000000,18000,False
1126352,ICICIPRULI26SEP435PE,ICICIPRULI,24SEP2026,43500.000000,925,OPTSTK,BFO,5.000000,60000,False
1126361,IDEA26NOV23PE,IDEA,26NOV2026,2300.000000,71475,OPTSTK,BFO,5.000000,2400000,False
1126375,KEI26SEP4000PE,KEI,24SEP2026,400000.000000,175,OPTSTK,BFO,5.000000,100000000,False
841653,LAURUSLABS26SEP1400CE,LAURUSLABS,24SEP2026,140000.000000,850,OPTSTK,BFO,5.000000,68000,False
841658,CAMS26SEP790CE,CAMS,24SEP2026,79000.000000,825,OPTSTK,BFO,5.000000,100000000,False
841660,AXISBANK26SEP1380CE,AXISBANK,24SEP2026,138000.000000,625,OPTSTK,BFO,5.000000,25000,False
841665,RBLBANK26SEP390CE,RBLBANK,24SEP2026,39000.000000,3175,OPTSTK,BFO,5.000000,150000,False
852070,KOTAKBANK26SEP370CE,KOTAKBANK,24SEP2026,37000.000000,2000,OPTSTK,BFO,5.000000,12000,False
852095,MOTHERSON26SEP142.5CE,MOTHERSON,24SEP2026,14250.000000,6150,OPTSTK,BFO,5.000000,284000,False
852102,NBCC26SEP92.5CE,NBCC,24SEP2026,9250.000000,6500,OPTSTK,BFO,5.000000,100000000,False
852129,KOTAKBANK26SEP370PE,KOTAKBANK,24SEP2026,37000.000000,2000,OPTSTK,BFO,5.000000,12000,False
1126381,SBIN26NOV940CE,SBIN,26NOV2026,94000.000000,750,OPTSTK,BFO,5.000000,45000,False
1126385,BRITANNIA26NOV4700PE,BRITANNIA,26NOV2026,470000.000000,125,OPTSTK,BFO,5.000000,6000,False
1126389,KPITTECH26OCT490PE,KPITTECH,29OCT2026,49000.000000,775,OPTSTK,BFO,5.000000,100000000,False
1126408,DABUR26OCT340CE,DABUR,29OCT2026,34000.000000,1250,OPTSTK,BFO,5.000000,50000,False
847734,GODREJPROP26SEP1820CE,GODREJPROP,24SEP2026,182000.000000,325,OPTSTK,BFO,5.000000,19000,False
847736,CAMS26SEP870PE,CAMS,24SEP2026,87000.000000,825,OPTSTK,BFO,5.000000,100000000,False
847762,ADANIPOWER26SEPFUT,ADANIPOWER,24SEP2026,0.000000,3550,FUTSTK,BFO,5.000000,100000000,False
847808,VMM26SEP119PE,VMM,24SEP2026,11900.000000,4850,OPTSTK,BFO,5.000000,100000000,False
841667,BANDHANBNK26SEP200PE,BANDHANBNK,24SEP2026,20000.000000,3600,OPTSTK,BFO,5.000000,100000,False
841671,INDUSTOWER26SEP361PE,INDUSTOWER,24SEP2026,36100.000000,1700,OPTSTK,BFO,5.000000,170000,False
841677,NTPC26SEP360PE,NTPC,24SEP2026,36000.000000,1500,OPTSTK,BFO,5.000000,150000,False
841683,INDUSINDBK26SEP990PE,INDUSINDBK,24SEP2026,99000.000000,700,OPTSTK,BFO,5.000000,20000,False
852136,ALKEM26SEP5900PE,ALKEM,24SEP2026,590000.000000,125,OPTSTK,BFO,5.000000,8000,False
852152,SOLARINDS26SEP20500CE,SOLARINDS,24SEP2026,2050000.000000,50,OPTSTK,BFO,5.000000,100000000,False
852178,NBCC26SEP97.5CE,NBCC,24SEP2026,9750.000000,6500,OPTSTK,BFO,5.000000,100000000,False
852233,DIXON26SEP11000PE,DIXON,24SEP2026,1100000.000000,50,OPTSTK,BFO,5.000000,6000,False
1126441,SOLARINDS26NOV23750PE,SOLARINDS,26NOV2026,2375000.000000,50,OPTSTK,BFO,5.000000,100000000,False
1126455,SENSEX26O1569100CE,SENSEX,15OCT2026,6910000.000000,20,OPTIDX,BFO,5.000000,1000,False
1126461,PIDILITIND26OCT1440CE,PIDILITIND,29OCT2026,144000.000000,500,OPTSTK,BFO,5.000000,10000,False
1126556,ICICIPRULI26NOV435PE,ICICIPRULI,26NOV2026,43500.000000,925,OPTSTK,BFO,5.000000,60000,False
847809,MPHASIS26SEP2298PE,MPHASIS,24SEP2026,229800.000000,275,OPTSTK,BFO,5.000000,11000,False
847833,NHPC26SEP85PE,NHPC,24SEP2026,8500.000000,6950,OPTSTK,BFO,5.000000,100000000,False
847834,MANKIND26SEP2440PE,MANKIND,24SEP2026,244000.000000,250,OPTSTK,BFO,5.000000,100000000,False
847839,SENSEX31JUN80000CE,SENSEX,26JUN2031,8000000.000000,20,OPTIDX,BFO,5.000000,1000,False
852251,KPITTECH26SEP620PE,KPITTECH,24SEP2026,62000.000000,775,OPTSTK,BFO,5.000000,100000000,False
852262,APOLLOHOSP26SEP9400PE,APOLLOHOSP,24SEP2026,940000.000000,125,OPTSTK,BFO,5.000000,5000,False
852273,SBIN26SEP960CE,SBIN,24SEP2026,96000.000000,750,OPTSTK,BFO,5.000000,45000,False
852277,UPL26SEP500CE,UPL,24SEP2026,50000.000000,1355,OPTSTK,BFO,5.000000,39000,False
1126558,KPITTECH26NOV500PE,KPITTECH,26NOV2026,50000.000000,775,OPTSTK,BFO,5.000000,100000000,False
1126641,INFY26NOV940PE,INFY,26NOV2026,94000.000000,400,OPTSTK,BFO,5.000000,16000,False
1126644,SOLARINDS26NOV23500PE,SOLARINDS,26NOV2026,2350000.000000,50,OPTSTK,BFO,5.000000,100000000,False
1126670,UNITDSPR26OCT1300CE,UNITDSPR,29OCT2026,130000.000000,400,OPTSTK,BFO,5.000000,28000,False
847850,BOSCHLTD26SEP39000CE,BOSCHLTD,24SEP2026,3900000.000000,25,OPTSTK,BFO,5.000000,1500,False
847859,JSWSTEEL26SEP1300CE,JSWSTEEL,24SEP2026,130000.000000,675,OPTSTK,BFO,5.000000,40500,False
847885,BANDHANBNK26SEP185CE,BANDHANBNK,24SEP2026,18500.000000,3600,OPTSTK,BFO,5.000000,100000,False
847897,BAJAJFINSV26SEP1840PE,BAJAJFINSV,24SEP2026,184000.000000,300,OPTSTK,BFO,5.000000,20000,False
841698,ALKEM26SEP5100CE,ALKEM,24SEP2026,510000.000000,125,OPTSTK,BFO,5.000000,8000,False
841699,JINDALSTEL26SEP990CE,JINDALSTEL,24SEP2026,99000.000000,625,OPTSTK,BFO,5.000000,37500,False
841722,LTF26SEP285PE,LTF,24SEP2026,28500.000000,2250,OPTSTK,BFO,5.000000,267720,False
841756,OFSS26SEP11500PE,OFSS,24SEP2026,1150000.000000,100,OPTSTK,BFO,5.000000,8000,False
841787,DLF26SEP640CE,DLF,24SEP2026,64000.000000,950,OPTSTK,BFO,5.000000,49500,False
841797,POWERGRID26SEP297.5CE,POWERGRID,24SEP2026,29750.000000,1900,OPTSTK,BFO,5.000000,108000,False
841839,HDFCLIFE26SEP570CE,HDFCLIFE,24SEP2026,57000.000000,1100,OPTSTK,BFO,5.000000,44000,False
841842,BANKEX26SEP71400PE,BANKEX,24SEP2026,7140000.000000,30,OPTIDX,BFO,5.000000,900,False
847898,ICICIGI26SEP1940PE,ICICIGI,24SEP2026,194000.000000,325,OPTSTK,BFO,5.000000,20000,False
847909,TVSMOTOR26SEP3700PE,TVSMOTOR,24SEP2026,370000.000000,175,OPTSTK,BFO,5.000000,21000,False
847919,ADANIENSOL26SEP1560PE,ADANIENSOL,24SEP2026,156000.000000,675,OPTSTK,BFO,5.000000,100000000,False
847925,NMDC26SEP84PE,NMDC,24SEP2026,8400.000000,6750,OPTSTK,BFO,5.000000,225000,False
852281,MARUTI26SEP14600PE,MARUTI,24SEP2026,1460000.000000,50,OPTSTK,BFO,5.000000,3000,False
852284,CUMMINSIND26SEP6300CE,CUMMINSIND,24SEP2026,630000.000000,200,OPTSTK,BFO,5.000000,18000,False
852302,PIIND26SEP2450CE,PIIND,24SEP2026,245000.000000,175,OPTSTK,BFO,5.000000,7500,False
852318,HDFCBANK26SEP740CE,HDFCBANK,24SEP2026,74000.000000,650,OPTSTK,BFO,5.000000,16500,False
1126674,ICICIPRULI26OCT440CE,ICICIPRULI,29OCT2026,44000.000000,925,OPTSTK,BFO,5.000000,60000,False
1126698,FOCIT26OCT29500PE,FOCIT,29OCT2026,2950000.000000,45,OPTIDX,BFO,5.000000,1350,False
1126734,WIPRO26OCT157.5PE,WIPRO,29OCT2026,15750.000000,3000,OPTSTK,BFO,5.000000,60000,False
1126766,FOCIT26SEP29400CE,FOCIT,24SEP2026,2940000.000000,45,OPTIDX,BFO,5.000000,1350,False
841857,BANKBARODA26SEP270CE,BANKBARODA,24SEP2026,27000.000000,2925,OPTSTK,BFO,5.000000,175500,False
841863,LODHA26SEP970PE,LODHA,24SEP2026,97000.000000,625,OPTSTK,BFO,5.000000,100000000,False
841869,BOSCHLTD26SEP39000PE,BOSCHLTD,24SEP2026,3900000.000000,25,OPTSTK,BFO,5.000000,1500,False
841873,PAGEIND26SEP42250PE,PAGEIND,24SEP2026,4225000.000000,20,OPTSTK,BFO,5.000000,600,False
847931,AUROPHARMA26SEP1500CE,AUROPHARMA,24SEP2026,150000.000000,550,OPTSTK,BFO,5.000000,44000,False
847962,INOXWIND26SEP85PE,INOXWIND,24SEP2026,8500.000000,6400,OPTSTK,BFO,5.000000,100000000,False
847963,ZYDUSLIFE26SEP1130CE,ZYDUSLIFE,24SEP2026,113000.000000,900,OPTSTK,BFO,5.000000,54000,False
847972,BANKEX26SEP61700PE,BANKEX,24SEP2026,6170000.000000,30,OPTIDX,BFO,5.000000,900,False
852336,PAYTM26SEP1020CE,PAYTM,24SEP2026,102000.000000,725,OPTSTK,BFO,5.000000,100000000,False
852352,SBIN26SEP960PE,SBIN,24SEP2026,96000.000000,750,OPTSTK,BFO,5.000000,45000,False
852354,BANDHANBNK26SEP225PE,BANDHANBNK,24SEP2026,22500.000000,3600,OPTSTK,BFO,5.000000,100000,False
852370,CANBK26SEP140PE,CANBK,24SEP2026,14000.000000,6750,OPTSTK,BFO,5.000000,81000,False
1126795,SBIN26OCT940CE,SBIN,29OCT2026,94000.000000,750,OPTSTK,BFO,5.000000,45000,False
1126853,MARICO26OCT730PE,MARICO,29OCT2026,73000.000000,1200,OPTSTK,BFO,5.000000,48000,False
1126875,ANGELONE26NOV340PE,ANGELONE,26NOV2026,34000.000000,2500,OPTSTK,BFO,5.000000,100000000,False
1126931,ANGELONE26OCT340CE,ANGELONE,29OCT2026,34000.000000,2500,OPTSTK,BFO,5.000000,100000000,False
841882,BAJAJHLDNG26SEP11100PE,BAJAJHLDNG,24SEP2026,1110000.000000,75,OPTSTK,BFO,5.000000,100000000,False
841889,WIPRO26SEP185PE,WIPRO,24SEP2026,18500.000000,3000,OPTSTK,BFO,5.000000,60000,False
841890,PNBHOUSING26SEP1090CE,PNBHOUSING,24SEP2026,109000.000000,650,OPTSTK,BFO,5.000000,100000000,False
841911,CONCOR26SEP445PE,CONCOR,24SEP2026,44500.000000,1250,OPTSTK,BFO,5.000000,40000,False
847991,BANKBARODA26SEP292.5PE,BANKBARODA,24SEP2026,29250.000000,2925,OPTSTK,BFO,5.000000,175500,False
848021,ADANIENT26SEP2940PE,ADANIENT,24SEP2026,294000.000000,309,OPTSTK,BFO,5.000000,9000,False
848023,DRREDDY26SEP1330CE,DRREDDY,24SEP2026,133000.000000,625,OPTSTK,BFO,5.000000,5000,False
848030,JINDALSTEL26SEP1100CE,JINDALSTEL,24SEP2026,110000.000000,625,OPTSTK,BFO,5.000000,37500,False
1126939,PIDILITIND26NOV1460PE,PIDILITIND,26NOV2026,146000.000000,500,OPTSTK,BFO,5.000000,10000,False
1126945,BRITANNIA26NOV4700CE,BRITANNIA,26NOV2026,470000.000000,125,OPTSTK,BFO,5.000000,6000,False
1126948,BRITANNIA26OCT4700CE,BRITANNIA,29OCT2026,470000.000000,125,OPTSTK,BFO,5.000000,6000,False
1126989,KEI26OCT4000PE,KEI,29OCT2026,400000.000000,175,OPTSTK,BFO,5.000000,100000000,False
852375,AUBANK26SEP900PE,AUBANK,24SEP2026,90000.000000,1000,OPTSTK,BFO,5.000000,30000,False
852428,HDFCAMC26SEP2350PE,HDFCAMC,24SEP2026,235000.000000,300,OPTSTK,BFO,5.000000,12000,False
852495,HINDALCO26SEP860PE,HINDALCO,24SEP2026,86000.000000,700,OPTSTK,BFO,5.000000,56000,False
852507,PIIND26SEP2650CE,PIIND,24SEP2026,265000.000000,175,OPTSTK,BFO,5.000000,7500,False
848036,HDFCBANK26SEP805PE,HDFCBANK,24SEP2026,80500.000000,650,OPTSTK,BFO,5.000000,16500,False
848056,BIOCON26SEP400CE,BIOCON,24SEP2026,40000.000000,2500,OPTSTK,BFO,5.000000,100000,False
848058,BANKEX26SEP59000CE,BANKEX,24SEP2026,5900000.000000,30,OPTIDX,BFO,5.000000,900,False
848062,ANGELONE26SEP315CE,ANGELONE,24SEP2026,31500.000000,2500,OPTSTK,BFO,5.000000,100000000,False
841921,IDFCFIRSTB26SEP75CE,IDFCFIRSTB,24SEP2026,7500.000000,9275,OPTSTK,BFO,5.000000,450000,False
841925,WAAREEENER26SEP2900CE,WAAREEENER,24SEP2026,290000.000000,175,OPTSTK,BFO,5.000000,100000000,False
841926,CIPLA26SEP1380CE,CIPLA,24SEP2026,138000.000000,425,OPTSTK,BFO,5.000000,26000,False
841934,FOCIT26SEP40500CE,FOCIT,24SEP2026,4050000.000000,45,OPTIDX,BFO,5.000000,1350,False
1127098,OFSS26NOV11100CE,OFSS,26NOV2026,1110000.000000,100,OPTSTK,BFO,5.000000,8000,False
1127113,GODREJCP26NOV800PE,GODREJCP,26NOV2026,80000.000000,500,OPTSTK,BFO,5.000000,30000,False
1127146,GODREJPROP26NOV1780PE,GODREJPROP,26NOV2026,178000.000000,325,OPTSTK,BFO,5.000000,19000,False
1127151,KPITTECH26NOV490CE,KPITTECH,26NOV2026,49000.000000,775,OPTSTK,BFO,5.000000,100000000,False
852512,FEDERALBNK26SEP295CE,FEDERALBNK,24SEP2026,29500.000000,2500,OPTSTK,BFO,5.000000,200000,False
852531,TVSMOTOR26SEP3450CE,TVSMOTOR,24SEP2026,345000.000000,175,OPTSTK,BFO,5.000000,21000,False
852639,JINDALSTEL26SEP920CE,JINDALSTEL,24SEP2026,92000.000000,625,OPTSTK,BFO,5.000000,37500,False
852681,TVSMOTOR26SEP3750PE,TVSMOTOR,24SEP2026,375000.000000,175,OPTSTK,BFO,5.000000,21000,False
848071,OIL26SEP375CE,OIL,24SEP2026,37500.000000,1400,OPTSTK,BFO,5.000000,100000000,False
848072,POWERINDIA26SEP33500PE,POWERINDIA,24SEP2026,3350000.000000,25,OPTSTK,BFO,5.000000,100000000,False
848095,POWERGRID26SEP302.5CE,POWERGRID,24SEP2026,30250.000000,1900,OPTSTK,BFO,5.000000,108000,False
848096,ICICIBANK26SEP1400CE,ICICIBANK,24SEP2026,140000.000000,700,OPTSTK,BFO,5.000000,28000,False
1127174,NESTLEIND26OCT1330CE,NESTLEIND,29OCT2026,133000.000000,500,OPTSTK,BFO,5.000000,1200,False
1127187,MARICO26SEP730PE,MARICO,24SEP2026,73000.000000,1200,OPTSTK,BFO,5.000000,48000,False
1127190,ASIANPAINT26NOV2360CE,ASIANPAINT,26NOV2026,236000.000000,250,OPTSTK,BFO,5.000000,8000,False
1127201,TMPV26OCT270CE,TMPV,29OCT2026,27000.000000,1600,OPTSTK,BFO,5.000000,42750,False
841942,FEDERALBNK26SEP337.5PE,FEDERALBNK,24SEP2026,33750.000000,2500,OPTSTK,BFO,5.000000,200000,False
841955,BRITANNIA26SEP5350CE,BRITANNIA,24SEP2026,535000.000000,125,OPTSTK,BFO,5.000000,6000,False
841973,KPITTECH26SEP730PE,KPITTECH,24SEP2026,73000.000000,775,OPTSTK,BFO,5.000000,100000000,False
841980,BANKEX26SEP65000CE,BANKEX,24SEP2026,6500000.000000,30,OPTIDX,BFO,5.000000,900,False
848123,SENSEX5026SEP24750CE,SENSEX50,24SEP2026,2475000.000000,75,OPTIDX,BFO,5.000000,1800,False
848132,BANKEX26SEP69000CE,BANKEX,24SEP2026,6900000.000000,30,OPTIDX,BFO,5.000000,900,False
848144,TIINDIA26SEP3040CE,TIINDIA,24SEP2026,304000.000000,200,OPTSTK,BFO,5.000000,100000000,False
848147,RBLBANK26SEP400CE,RBLBANK,24SEP2026,40000.000000,3175,OPTSTK,BFO,5.000000,150000,False
852716,MAZDOCK26SEP2550CE,MAZDOCK,24SEP2026,255000.000000,225,OPTSTK,BFO,5.000000,100000000,False
852753,BOSCHLTD26SEP42500CE,BOSCHLTD,24SEP2026,4250000.000000,25,OPTSTK,BFO,5.000000,1500,False
852784,LT26SEP3850CE,LT,24SEP2026,385000.000000,175,OPTSTK,BFO,5.000000,12000,False
852795,TECHM26SEP1244CE,TECHM,24SEP2026,124400.000000,600,OPTSTK,BFO,5.000000,24000,False
848154,HINDZINC26SEP480PE,HINDZINC,24SEP2026,48000.000000,1225,OPTSTK,BFO,5.000000,100000000,False
848158,PNB26SEP108PE,PNB,24SEP2026,10800.000000,8000,OPTSTK,BFO,5.000000,480000,False
848163,COFORGE26SEP1580PE,COFORGE,24SEP2026,158000.000000,475,OPTSTK,BFO,5.000000,6000,False
848164,MANAPPURAM26SEP345CE,MANAPPURAM,24SEP2026,34500.000000,3000,OPTSTK,BFO,5.000000,180000,False
852802,PETRONET26SEP260PE,PETRONET,24SEP2026,26000.000000,1900,OPTSTK,BFO,5.000000,120000,False
852807,HEROMOTOCO26SEP5300CE,HEROMOTOCO,24SEP2026,530000.000000,150,OPTSTK,BFO,5.000000,9000,False
852811,LTF26SEP345PE,LTF,24SEP2026,34500.000000,2250,OPTSTK,BFO,5.000000,267720,False
852816,BHEL26SEP380PE,BHEL,24SEP2026,38000.000000,2625,OPTSTK,BFO,5.000000,315000,False
1103334,COCHINSHIP26NOV1640PE,COCHINSHIP,26NOV2026,164000.000000,400,OPTSTK,BFO,5.000000,100000000,False
1103396,JSWSTEEL26NOV1200CE,JSWSTEEL,26NOV2026,120000.000000,675,OPTSTK,BFO,5.000000,40500,False
1103398,JSWENERGY26NOV610PE,JSWENERGY,26NOV2026,61000.000000,1075,OPTSTK,BFO,5.000000,100000000,False
1103438,PIIND26NOV2800PE,PIIND,26NOV2026,280000.000000,175,OPTSTK,BFO,5.000000,7500,False
841981,SUPREMEIND26SEP3150CE,SUPREMEIND,24SEP2026,315000.000000,175,OPTSTK,BFO,5.000000,100000000,False
841982,PHOENIXLTD26SEP1940PE,PHOENIXLTD,24SEP2026,194000.000000,350,OPTSTK,BFO,5.000000,100000000,False
842001,SENSEX29DEC81000PE,SENSEX,27DEC2029,8100000.000000,20,OPTIDX,BFO,5.000000,1000,False
842006,CIPLA26SEP1450CE,CIPLA,24SEP2026,145000.000000,425,OPTSTK,BFO,5.000000,26000,False
848181,IOC26SEP150PE,IOC,24SEP2026,15000.000000,4875,OPTSTK,BFO,5.000000,292500,False
848191,HINDALCO26SEP980CE,HINDALCO,24SEP2026,98000.000000,700,OPTSTK,BFO,5.000000,56000,False
848207,BPCL26SEP335PE,BPCL,24SEP2026,33500.000000,1975,OPTSTK,BFO,5.000000,72000,False
848215,VEDL26SEP230PE,VEDL,24SEP2026,23000.000000,1150,OPTSTK,BFO,5.000000,80000,False
1103460,PATANJALI26NOV335PE,PATANJALI,26NOV2026,33500.000000,1075,OPTSTK,BFO,5.000000,100000000,False
1103527,HYUNDAI26NOV2340CE,HYUNDAI,26NOV2026,234000.000000,275,OPTSTK,BFO,5.000000,100000000,False
1103534,HDFCLIFE26NOV550PE,HDFCLIFE,26NOV2026,55000.000000,1100,OPTSTK,BFO,5.000000,44000,False
1103561,HYUNDAI26NOV2180CE,HYUNDAI,26NOV2026,218000.000000,275,OPTSTK,BFO,5.000000,100000000,False
842029,TATAPOWER26SEP425PE,TATAPOWER,24SEP2026,42500.000000,1450,OPTSTK,BFO,5.000000,101250,False
842034,PAGEIND26SEP39250PE,PAGEIND,24SEP2026,3925000.000000,20,OPTSTK,BFO,5.000000,600,False
842037,IEX26SEP132CE,IEX,24SEP2026,13200.000000,4350,OPTSTK,BFO,5.000000,150000,False
842056,BAJAJ-AUTO26SEP9600CE,BAJAJ-AUTO,24SEP2026,960000.000000,75,OPTSTK,BFO,5.000000,5000,False
852823,GVT&D26SEP4900CE,GVT&D,24SEP2026,490000.000000,125,OPTSTK,BFO,5.000000,100000000,False
852832,SOLARINDS26SEP20500PE,SOLARINDS,24SEP2026,2050000.000000,50,OPTSTK,BFO,5.000000,100000000,False
852847,VBL26SEP560CE,VBL,24SEP2026,56000.000000,1275,OPTSTK,BFO,5.000000,100000000,False
852834,IOC26SEP127.5CE,IOC,24SEP2026,12750.000000,4875,OPTSTK,BFO,5.000000,292500,False
848217,HDFCLIFE26SEP565PE,HDFCLIFE,24SEP2026,56500.000000,1100,OPTSTK,BFO,5.000000,44000,False
848226,LTM26SEP3500CE,LTM,24SEP2026,350000.000000,150,OPTSTK,BFO,5.000000,4500,False
848234,MARICO26SEP850CE,MARICO,24SEP2026,85000.000000,1200,OPTSTK,BFO,5.000000,48000,False
848249,HDFCBANK26SEP770PE,HDFCBANK,24SEP2026,77000.000000,650,OPTSTK,BFO,5.000000,16500,False
1103571,HINDZINC26NOVFUT,HINDZINC,26NOV2026,0.000000,1225,FUTSTK,BFO,5.000000,100000000,False
1103580,FOCIT26NOV40300CE,FOCIT,26NOV2026,4030000.000000,45,OPTIDX,BFO,5.000000,1350,False
1103591,ATHERENERG26NOVFUT,ATHERENERG,26NOV2026,0.000000,375,FUTSTK,BFO,5.000000,100000000,False
1103650,SENSEX26O1582200PE,SENSEX,15OCT2026,8220000.000000,20,OPTIDX,BFO,5.000000,1000,False
852858,ADANIENT26SEP2700PE,ADANIENT,24SEP2026,270000.000000,309,OPTSTK,BFO,5.000000,9000,False
852876,BANDHANBNK26SEP230CE,BANDHANBNK,24SEP2026,23000.000000,3600,OPTSTK,BFO,5.000000,100000,False
852910,CANBK26SEP122.5PE,CANBK,24SEP2026,12250.000000,6750,OPTSTK,BFO,5.000000,81000,False
852930,WIPRO26SEP155PE,WIPRO,24SEP2026,15500.000000,3000,OPTSTK,BFO,5.000000,60000,False
842057,BANKBARODA26SEP275CE,BANKBARODA,24SEP2026,27500.000000,2925,OPTSTK,BFO,5.000000,175500,False
842075,DRREDDY26SEP1420PE,DRREDDY,24SEP2026,142000.000000,625,OPTSTK,BFO,5.000000,5000,False
842085,ASHOKLEY26SEP170PE,ASHOKLEY,24SEP2026,17000.000000,5000,OPTSTK,BFO,5.000000,150000,False
842100,MOTILALOFS26SEP1010PE,MOTILALOFS,24SEP2026,101000.000000,775,OPTSTK,BFO,5.000000,100000000,False
848255,HDFCAMC26SEP2620CE,HDFCAMC,24SEP2026,262000.000000,300,OPTSTK,BFO,5.000000,12000,False
848264,INDUSINDBK26SEP910PE,INDUSINDBK,24SEP2026,91000.000000,700,OPTSTK,BFO,5.000000,20000,False
848285,BANKEX26SEP71600CE,BANKEX,24SEP2026,7160000.000000,30,OPTIDX,BFO,5.000000,900,False
848313,GVT&D26SEP6000CE,GVT&D,24SEP2026,600000.000000,125,OPTSTK,BFO,5.000000,100000000,False
1103733,APOLLOHOSP26NOV9400PE,APOLLOHOSP,26NOV2026,940000.000000,125,OPTSTK,BFO,5.000000,5000,False
1103780,ASHOKLEY26NOV175PE,ASHOKLEY,26NOV2026,17500.000000,5000,OPTSTK,BFO,5.000000,150000,False
1103812,DRREDDY26NOV1230CE,DRREDDY,26NOV2026,123000.000000,625,OPTSTK,BFO,5.000000,5000,False
852931,GODFRYPHLP26SEP2150CE,GODFRYPHLP,24SEP2026,215000.000000,275,OPTSTK,BFO,5.000000,100000000,False
852934,VBL26SEP560PE,VBL,24SEP2026,56000.000000,1275,OPTSTK,BFO,5.000000,100000000,False
852949,GAIL26SEP192.5PE,GAIL,24SEP2026,19250.000000,3550,OPTSTK,BFO,5.000000,274500,False
852951,KOTAKBANK26SEP365PE,KOTAKBANK,24SEP2026,36500.000000,2000,OPTSTK,BFO,5.000000,12000,False
1103785,KEI26NOVFUT,KEI,26NOV2026,0.000000,175,FUTSTK,BFO,5.000000,100000000,False
842103,PHOENIXLTD26SEP1840CE,PHOENIXLTD,24SEP2026,184000.000000,350,OPTSTK,BFO,5.000000,100000000,False
842113,BEL26SEP425PE,BEL,24SEP2026,42500.000000,1425,OPTSTK,BFO,5.000000,228000,False
842120,MUTHOOTFIN26SEP2750CE,MUTHOOTFIN,24SEP2026,275000.000000,275,OPTSTK,BFO,5.000000,22000,False
842131,DIVISLAB26SEP6850CE,DIVISLAB,24SEP2026,685000.000000,100,OPTSTK,BFO,5.000000,8000,False
848333,JSWENERGY26SEP590PE,JSWENERGY,24SEP2026,59000.000000,1075,OPTSTK,BFO,5.000000,100000000,False
848336,JSWSTEEL26SEP1180CE,JSWSTEEL,24SEP2026,118000.000000,675,OPTSTK,BFO,5.000000,40500,False
848341,BAJAJ-AUTO26SEP10200CE,BAJAJ-AUTO,24SEP2026,1020000.000000,75,OPTSTK,BFO,5.000000,5000,False
848363,BAJAJFINSV26SEP1880PE,BAJAJFINSV,24SEP2026,188000.000000,300,OPTSTK,BFO,5.000000,20000,False
848365,UNOMINDA26SEP1260CE,UNOMINDA,24SEP2026,126000.000000,550,OPTSTK,BFO,5.000000,100000000,False
848376,PNBHOUSING26SEP1100CE,PNBHOUSING,24SEP2026,110000.000000,650,OPTSTK,BFO,5.000000,100000000,False
848377,BANKEX26SEP63300PE,BANKEX,24SEP2026,6330000.000000,30,OPTIDX,BFO,5.000000,900,False
848380,PGEL26SEP620PE,PGEL,24SEP2026,62000.000000,950,OPTSTK,BFO,5.000000,100000000,False
852963,IOC26SEP130CE,IOC,24SEP2026,13000.000000,4875,OPTSTK,BFO,5.000000,292500,False
852992,JSWSTEEL26SEP1100CE,JSWSTEEL,24SEP2026,110000.000000,675,OPTSTK,BFO,5.000000,40500,False
853042,APOLLOHOSP26SEP9300PE,APOLLOHOSP,24SEP2026,930000.000000,125,OPTSTK,BFO,5.000000,5000,False
853128,AUBANK26SEP1160CE,AUBANK,24SEP2026,116000.000000,1000,OPTSTK,BFO,5.000000,30000,False
1103852,BANKEX26NOV61100CE,BANKEX,26NOV2026,6110000.000000,30,OPTIDX,BFO,5.000000,900,False
1103948,FOCIT26NOV34300PE,FOCIT,26NOV2026,3430000.000000,45,OPTIDX,BFO,5.000000,1350,False
1103975,BHEL26NOV415CE,BHEL,26NOV2026,41500.000000,2625,OPTSTK,BFO,5.000000,315000,False
1103980,SUPREMEIND26NOV3600CE,SUPREMEIND,26NOV2026,360000.000000,175,OPTSTK,BFO,5.000000,100000000,False
842140,SENSEX27JUN78000PE,SENSEX,24JUN2027,7800000.000000,20,OPTIDX,BFO,5.000000,1000,False
842156,PIIND26SEP2800PE,PIIND,24SEP2026,280000.000000,175,OPTSTK,BFO,5.000000,7500,False
842158,MAZDOCK26SEP2340PE,MAZDOCK,24SEP2026,234000.000000,225,OPTSTK,BFO,5.000000,100000000,False
842162,ALKEM26SEP5150PE,ALKEM,24SEP2026,515000.000000,125,OPTSTK,BFO,5.000000,8000,False
853145,NBCC26SEP95CE,NBCC,24SEP2026,9500.000000,6500,OPTSTK,BFO,5.000000,100000000,False
853196,LAURUSLABS26SEP1620PE,LAURUSLABS,24SEP2026,162000.000000,850,OPTSTK,BFO,5.000000,68000,False
853207,EICHERMOT26SEP6500PE,EICHERMOT,24SEP2026,650000.000000,100,OPTSTK,BFO,5.000000,7000,False
853209,PREMIERENE26SEP1140PE,PREMIERENE,24SEP2026,114000.000000,650,OPTSTK,BFO,5.000000,100000000,False
848381,CROMPTON26SEP277.5CE,CROMPTON,24SEP2026,27750.000000,2150,OPTSTK,BFO,5.000000,90000,False
848386,JSWSTEEL26SEP1260PE,JSWSTEEL,24SEP2026,126000.000000,675,OPTSTK,BFO,5.000000,40500,False
848387,GRASIM26SEP3240CE,GRASIM,24SEP2026,324000.000000,250,OPTSTK,BFO,5.000000,14250,False
848395,WIPRO26SEP160CE,WIPRO,24SEP2026,16000.000000,3000,OPTSTK,BFO,5.000000,60000,False
842167,SUZLON26SEP62CE,SUZLON,24SEP2026,6200.000000,12700,OPTSTK,BFO,5.000000,100000000,False
842174,ASIANPAINT26SEP2500PE,ASIANPAINT,24SEP2026,250000.000000,250,OPTSTK,BFO,5.000000,8000,False
842203,INFY26SEP1050PE,INFY,24SEP2026,105000.000000,400,OPTSTK,BFO,5.000000,16000,False
842218,HAL26SEP4450PE,HAL,24SEP2026,445000.000000,150,OPTSTK,BFO,5.000000,9000,False
1103991,KFINTECH26NOVFUT,KFINTECH,26NOV2026,0.000000,575,FUTSTK,BFO,5.000000,100000000,False
1104050,360ONE26NOV1340PE,,26NOV2026,134000.000000,500,OPTSTK,BFO,5.000000,100000000,False
1104087,FOCIT26NOV30600PE,FOCIT,26NOV2026,3060000.000000,45,OPTIDX,BFO,5.000000,1350,False
1104127,HAL26NOV5200CE,HAL,26NOV2026,520000.000000,150,OPTSTK,BFO,5.000000,9000,False
853218,RADICO26SEP3750PE,RADICO,24SEP2026,375000.000000,150,OPTSTK,BFO,5.000000,100000000,False
853248,TATACONSUM26SEP1030CE,TATACONSUM,24SEP2026,103000.000000,550,OPTSTK,BFO,5.000000,36000,False
853272,RELIANCE26SEP1220PE,RELIANCE,24SEP2026,122000.000000,500,OPTSTK,BFO,5.000000,10000,False
853332,MOTILALOFS26SEP860CE,MOTILALOFS,24SEP2026,86000.000000,775,OPTSTK,BFO,5.000000,100000000,False
848396,AUROPHARMA26SEP1540CE,AUROPHARMA,24SEP2026,154000.000000,550,OPTSTK,BFO,5.000000,44000,False
848408,GMRAIRPORT26SEP110CE,GMRAIRPORT,24SEP2026,11000.000000,6975,OPTSTK,BFO,5.000000,675000,False
848409,APOLLOHOSP26SEP8850PE,APOLLOHOSP,24SEP2026,885000.000000,125,OPTSTK,BFO,5.000000,5000,False
848412,MARICO26SEP855CE,MARICO,24SEP2026,85500.000000,1200,OPTSTK,BFO,5.000000,48000,False
1104163,DABUR26NOV395CE,DABUR,26NOV2026,39500.000000,1250,OPTSTK,BFO,5.000000,50000,False
1104177,HCLTECH26NOV1300CE,HCLTECH,26NOV2026,130000.000000,400,OPTSTK,BFO,5.000000,21000,False
1104191,PGEL26NOV610CE,PGEL,26NOV2026,61000.000000,950,OPTSTK,BFO,5.000000,100000000,False
1104199,HAVELLS26NOV1100CE,HAVELLS,26NOV2026,110000.000000,500,OPTSTK,BFO,5.000000,20000,False
842231,IRFC26SEP87PE,IRFC,24SEP2026,8700.000000,5425,OPTSTK,BFO,5.000000,100000000,False
842233,IRFC26SEP91CE,IRFC,24SEP2026,9100.000000,5425,OPTSTK,BFO,5.000000,100000000,False
842241,KAYNES26SEP3300CE,KAYNES,24SEP2026,330000.000000,150,OPTSTK,BFO,5.000000,100000000,False
842251,HAVELLS26SEP1120CE,HAVELLS,24SEP2026,112000.000000,500,OPTSTK,BFO,5.000000,20000,False
853402,LODHA26SEP1060PE,LODHA,24SEP2026,106000.000000,625,OPTSTK,BFO,5.000000,100000000,False
853423,INDUSTOWER26SEP341CE,INDUSTOWER,24SEP2026,34100.000000,1700,OPTSTK,BFO,5.000000,170000,False
853445,PREMIERENE26SEP1180PE,PREMIERENE,24SEP2026,118000.000000,650,OPTSTK,BFO,5.000000,100000000,False
853455,VMM26SEP130PE,VMM,24SEP2026,13000.000000,4850,OPTSTK,BFO,5.000000,100000000,False
848413,MAXHEALTH26SEP1060CE,MAXHEALTH,24SEP2026,106000.000000,525,OPTSTK,BFO,5.000000,100000000,False
848418,MOTILALOFS26SEP930PE,MOTILALOFS,24SEP2026,93000.000000,775,OPTSTK,BFO,5.000000,100000000,False
848430,BANKEX26SEP61900PE,BANKEX,24SEP2026,6190000.000000,30,OPTIDX,BFO,5.000000,900,False
848431,PERSISTENT26SEP5200CE,PERSISTENT,24SEP2026,520000.000000,125,OPTSTK,BFO,5.000000,5250,False
1104205,TORNTPHARM26NOV4700CE,TORNTPHARM,26NOV2026,470000.000000,125,OPTSTK,BFO,5.000000,15000,False
1104206,LODHA26NOV1300PE,LODHA,26NOV2026,130000.000000,625,OPTSTK,BFO,5.000000,100000000,False
1104207,CONCOR26NOV485PE,CONCOR,26NOV2026,48500.000000,1250,OPTSTK,BFO,5.000000,40000,False
1104210,BPCL26NOV290CE,BPCL,26NOV2026,29000.000000,1975,OPTSTK,BFO,5.000000,72000,False
842281,MAZDOCK26SEP2400CE,MAZDOCK,24SEP2026,240000.000000,225,OPTSTK,BFO,5.000000,100000000,False
842288,LICHSGFIN26SEP555CE,LICHSGFIN,24SEP2026,55500.000000,1000,OPTSTK,BFO,5.000000,60000,False
842293,INDUSTOWER26SEPFUT,INDUSTOWER,24SEP2026,0.000000,1700,FUTSTK,BFO,5.000000,170000,False
842296,LODHA26SEP900CE,LODHA,24SEP2026,90000.000000,625,OPTSTK,BFO,5.000000,100000000,False
848437,BRITANNIA26SEP5050PE,BRITANNIA,24SEP2026,505000.000000,125,OPTSTK,BFO,5.000000,6000,False
848448,PNBHOUSING26SEP1020PE,PNBHOUSING,24SEP2026,102000.000000,650,OPTSTK,BFO,5.000000,100000000,False
848450,ULTRACEMCO26SEP11260PE,ULTRACEMCO,24SEP2026,1126000.000000,50,OPTSTK,BFO,5.000000,3000,False
848462,APLAPOLLO26SEP1860PE,APLAPOLLO,24SEP2026,186000.000000,350,OPTSTK,BFO,5.000000,100000000,False
853459,CROMPTON26SEP245CE,CROMPTON,24SEP2026,24500.000000,2150,OPTSTK,BFO,5.000000,90000,False
853464,SENSEX30DEC71000PE,SENSEX,26DEC2030,7100000.000000,20,OPTIDX,BFO,5.000000,1000,False
853473,MAZDOCK26SEP2700CE,MAZDOCK,24SEP2026,270000.000000,225,OPTSTK,BFO,5.000000,100000000,False
853496,MOTILALOFS26SEP840PE,MOTILALOFS,24SEP2026,84000.000000,775,OPTSTK,BFO,5.000000,100000000,False
1104217,SUNPHARMA26NOV1880CE,SUNPHARMA,26NOV2026,188000.000000,350,OPTSTK,BFO,5.000000,28000,False
1104248,MOTILALOFS26NOV920CE,MOTILALOFS,26NOV2026,92000.000000,775,OPTSTK,BFO,5.000000,100000000,False
1104279,ITC26NOV260CE,ITC,26NOV2026,26000.000000,1725,OPTSTK,BFO,5.000000,64000,False
1104286,RECLTD26NOV345CE,RECLTD,26NOV2026,34500.000000,1575,OPTSTK,BFO,5.000000,160000,False
848474,YESBANK26SEP25CE,YESBANK,24SEP2026,2500.000000,31100,OPTSTK,BFO,5.000000,100000000,False
848480,BANKINDIA26SEP147.5CE,BANKINDIA,24SEP2026,14750.000000,5200,OPTSTK,BFO,5.000000,100000000,False
848484,PFC26SEP430CE,PFC,24SEP2026,43000.000000,1300,OPTSTK,BFO,5.000000,124000,False
848493,NMDC26SEP78CE,NMDC,24SEP2026,7800.000000,6750,OPTSTK,BFO,5.000000,225000,False
853498,PAGEIND26SEP38000CE,PAGEIND,24SEP2026,3800000.000000,20,OPTSTK,BFO,5.000000,600,False
853507,HINDALCO26SEP1060PE,HINDALCO,24SEP2026,106000.000000,700,OPTSTK,BFO,5.000000,56000,False
853511,CANBK26SEP132.5CE,CANBK,24SEP2026,13250.000000,6750,OPTSTK,BFO,5.000000,81000,False
853512,FORTIS26SEP1030CE,FORTIS,24SEP2026,103000.000000,775,OPTSTK,BFO,5.000000,100000000,False
842303,MUTHOOTFIN26SEP3350CE,MUTHOOTFIN,24SEP2026,335000.000000,275,OPTSTK,BFO,5.000000,22000,False
842306,BOSCHLTD26SEP41500CE,BOSCHLTD,24SEP2026,4150000.000000,25,OPTSTK,BFO,5.000000,1500,False
842317,YESBANK26SEP22CE,YESBANK,24SEP2026,2200.000000,31100,OPTSTK,BFO,5.000000,100000000,False
842320,BANKEX26SEP62300CE,BANKEX,24SEP2026,6230000.000000,30,OPTIDX,BFO,5.000000,900,False
1104293,FOCIT26NOV40600PE,FOCIT,26NOV2026,4060000.000000,45,OPTIDX,BFO,5.000000,1350,False
1104326,PATANJALI26NOV375CE,PATANJALI,26NOV2026,37500.000000,1075,OPTSTK,BFO,5.000000,100000000,False
1104332,BAJAJ-AUTO26NOV12000CE,BAJAJ-AUTO,26NOV2026,1200000.000000,75,OPTSTK,BFO,5.000000,5000,False
1104337,HINDUNILVR26NOV1960PE,HINDUNILVR,26NOV2026,196000.000000,300,OPTSTK,BFO,5.000000,9000,False
848497,SENSEX5026SEP25650PE,SENSEX50,24SEP2026,2565000.000000,75,OPTIDX,BFO,5.000000,1800,False
848507,ADANIENT26SEP2980PE,ADANIENT,24SEP2026,298000.000000,309,OPTSTK,BFO,5.000000,9000,False
848519,BEL26SEP385PE,BEL,24SEP2026,38500.000000,1425,OPTSTK,BFO,5.000000,228000,False
848521,SUZLON26SEP53CE,SUZLON,24SEP2026,5300.000000,12700,OPTSTK,BFO,5.000000,100000000,False
853522,IEX26SEP115PE,IEX,24SEP2026,11500.000000,4350,OPTSTK,BFO,5.000000,150000,False
853537,TECHM26SEP1244PE,TECHM,24SEP2026,124400.000000,600,OPTSTK,BFO,5.000000,24000,False
853550,LODHA26SEP860CE,LODHA,24SEP2026,86000.000000,625,OPTSTK,BFO,5.000000,100000000,False
853617,INOXWIND26SEP87.5CE,INOXWIND,24SEP2026,8750.000000,6400,OPTSTK,BFO,5.000000,100000000,False
842347,OIL26SEP430PE,OIL,24SEP2026,43000.000000,1400,OPTSTK,BFO,5.000000,100000000,False
842325,BANKEX26SEP66900CE,BANKEX,24SEP2026,6690000.000000,30,OPTIDX,BFO,5.000000,900,False
842331,CGPOWER26SEP870CE,CGPOWER,24SEP2026,87000.000000,850,OPTSTK,BFO,5.000000,100000000,False
842335,NATIONALUM26SEP325CE,NATIONALUM,24SEP2026,32500.000000,1875,OPTSTK,BFO,5.000000,300000,False
848523,BHEL26SEP405PE,BHEL,24SEP2026,40500.000000,2625,OPTSTK,BFO,5.000000,315000,False
848529,KAYNES26SEP3350CE,KAYNES,24SEP2026,335000.000000,150,OPTSTK,BFO,5.000000,100000000,False
848547,BLUESTARCO26SEP1660PE,BLUESTARCO,24SEP2026,166000.000000,325,OPTSTK,BFO,5.000000,100000000,False
848596,NTPC26SEP345CE,NTPC,24SEP2026,34500.000000,1500,OPTSTK,BFO,5.000000,150000,False
1104341,MPHASIS26NOV2550PE,MPHASIS,26NOV2026,255000.000000,275,OPTSTK,BFO,5.000000,11000,False
1104433,BANKEX26NOV69700PE,BANKEX,26NOV2026,6970000.000000,30,OPTIDX,BFO,5.000000,900,False
1104445,DIXON26NOV15250CE,DIXON,26NOV2026,1525000.000000,50,OPTSTK,BFO,5.000000,6000,False
1104454,SENSEX26NOV79700CE,SENSEX,26NOV2026,7970000.000000,20,OPTIDX,BFO,5.000000,1000,False
853622,DIVISLAB26SEP5900CE,DIVISLAB,24SEP2026,590000.000000,100,OPTSTK,BFO,5.000000,8000,False
853641,VEDL26SEP275PE,VEDL,24SEP2026,27500.000000,1150,OPTSTK,BFO,5.000000,80000,False
853645,MAZDOCK26SEP2750PE,MAZDOCK,24SEP2026,275000.000000,225,OPTSTK,BFO,5.000000,100000000,False
853647,ADANIGREEN26SEP1360PE,ADANIGREEN,24SEP2026,136000.000000,600,OPTSTK,BFO,5.000000,100000000,False
842362,HINDZINC26SEP470PE,HINDZINC,24SEP2026,47000.000000,1225,OPTSTK,BFO,5.000000,100000000,False
842379,POWERINDIA26SEPFUT,POWERINDIA,24SEP2026,0.000000,25,FUTSTK,BFO,5.000000,100000000,False
842391,DABUR26SEP390PE,DABUR,24SEP2026,39000.000000,1250,OPTSTK,BFO,5.000000,50000,False
842394,MARUTI26SEP13000CE,MARUTI,24SEP2026,1300000.000000,50,OPTSTK,BFO,5.000000,3000,False
848603,APLAPOLLO26SEP1920CE,APLAPOLLO,24SEP2026,192000.000000,350,OPTSTK,BFO,5.000000,100000000,False
848607,SHREECEM26SEP25250CE,SHREECEM,24SEP2026,2525000.000000,25,OPTSTK,BFO,5.000000,1000,False
848622,PIDILITIND26SEP1650CE,PIDILITIND,24SEP2026,165000.000000,500,OPTSTK,BFO,5.000000,10000,False
848629,SIEMENS26SEP3700CE,SIEMENS,24SEP2026,370000.000000,175,OPTSTK,BFO,5.000000,8250,False
853660,AUBANK26SEP1120PE,AUBANK,24SEP2026,112000.000000,1000,OPTSTK,BFO,5.000000,30000,False
853678,LODHA26SEP840PE,LODHA,24SEP2026,84000.000000,625,OPTSTK,BFO,5.000000,100000000,False
853714,AUBANK26SEP900CE,AUBANK,24SEP2026,90000.000000,1000,OPTSTK,BFO,5.000000,30000,False
853729,NBCC26SEP122.5CE,NBCC,24SEP2026,12250.000000,6500,OPTSTK,BFO,5.000000,100000000,False
1104459,AXISBANK26NOV1200CE,AXISBANK,26NOV2026,120000.000000,625,OPTSTK,BFO,5.000000,25000,False
1104529,AMBUJACEM26NOV435PE,AMBUJACEM,26NOV2026,43500.000000,1200,OPTSTK,BFO,5.000000,54000,False
1104547,MCX26NOV3050PE,MCX,26NOV2026,305000.000000,225,OPTSTK,BFO,5.000000,16000,False
1104578,ADANIPORTS26NOV1620PE,ADANIPORTS,26NOV2026,162000.000000,475,OPTSTK,BFO,5.000000,32000,False
842398,HINDALCO26SEP970CE,HINDALCO,24SEP2026,97000.000000,700,OPTSTK,BFO,5.000000,56000,False
842411,ETERNAL26SEP247.5CE,ETERNAL,24SEP2026,24750.000000,2425,OPTSTK,BFO,5.000000,100000000,False
842419,DELHIVERY26SEP460CE,DELHIVERY,24SEP2026,46000.000000,2075,OPTSTK,BFO,5.000000,100000000,False
842446,IRFC26SEP96CE,IRFC,24SEP2026,9600.000000,5425,OPTSTK,BFO,5.000000,100000000,False
848630,VMM26SEP123CE,VMM,24SEP2026,12300.000000,4850,OPTSTK,BFO,5.000000,100000000,False
848634,RVNL26SEP255PE,RVNL,24SEP2026,25500.000000,1925,OPTSTK,BFO,5.000000,100000000,False
848635,IDEA26SEP16PE,IDEA,24SEP2026,1600.000000,71475,OPTSTK,BFO,5.000000,2400000,False
848642,TIINDIA26SEP3080CE,TIINDIA,24SEP2026,308000.000000,200,OPTSTK,BFO,5.000000,100000000,False
853734,LICHSGFIN26SEP510CE,LICHSGFIN,24SEP2026,51000.000000,1000,OPTSTK,BFO,5.000000,60000,False
853740,BSE26SEPFUT,BSE,29SEP2026,0.000000,200,FUTSTK,BFO,5.000000,3751,False
853772,BSE26SEP2600PE,BSE,29SEP2026,260000.000000,200,OPTSTK,BFO,5.000000,3751,False
853776,BSE26SEP3000PE,BSE,29SEP2026,300000.000000,200,OPTSTK,BFO,5.000000,3751,False
1104590,DMART26NOV4150CE,DMART,26NOV2026,415000.000000,150,OPTSTK,BFO,5.000000,100000000,False
1104632,LAURUSLABS26NOV1800CE,LAURUSLABS,26NOV2026,180000.000000,850,OPTSTK,BFO,5.000000,68000,False
1104636,NAM-INDIA26NOV1280CE,NAM-INDIA,26NOV2026,128000.000000,625,OPTSTK,BFO,5.000000,100000000,False
1104643,POLYCAB26NOV9500CE,POLYCAB,26NOV2026,950000.000000,125,OPTSTK,BFO,5.000000,9000,False
842451,GODREJCP26SEP1040PE,GODREJCP,24SEP2026,104000.000000,500,OPTSTK,BFO,5.000000,30000,False
842455,KOTAKBANK26SEP427.5CE,KOTAKBANK,24SEP2026,42750.000000,2000,OPTSTK,BFO,5.000000,12000,False
842459,LT26SEP4160CE,LT,24SEP2026,416000.000000,175,OPTSTK,BFO,5.000000,12000,False
842463,LICHSGFIN26SEP530PE,LICHSGFIN,24SEP2026,53000.000000,1000,OPTSTK,BFO,5.000000,60000,False
848658,TATAELXSI26SEP3900PE,TATAELXSI,24SEP2026,390000.000000,125,OPTSTK,BFO,5.000000,100000000,False
848667,PETRONET26SEP287.5CE,PETRONET,24SEP2026,28750.000000,1900,OPTSTK,BFO,5.000000,120000,False
848696,KFINTECH26SEP920CE,KFINTECH,24SEP2026,92000.000000,575,OPTSTK,BFO,5.000000,100000000,False
848719,NAUKRI26SEP920CE,NAUKRI,24SEP2026,92000.000000,550,OPTSTK,BFO,5.000000,6000,False
853779,BSE26SEP3400CE,BSE,29SEP2026,340000.000000,200,OPTSTK,BFO,5.000000,3751,False
853784,BSE26SEP3800PE,BSE,29SEP2026,380000.000000,200,OPTSTK,BFO,5.000000,3751,False
853785,BSE26SEP4000CE,BSE,29SEP2026,400000.000000,200,OPTSTK,BFO,5.000000,3751,False
853796,BSE26SEP5000PE,BSE,29SEP2026,500000.000000,200,OPTSTK,BFO,5.000000,3751,False
842468,RECLTD26SEP345CE,RECLTD,24SEP2026,34500.000000,1575,OPTSTK,BFO,5.000000,160000,False
842471,PRESTIGE26SEP1500PE,PRESTIGE,24SEP2026,150000.000000,450,OPTSTK,BFO,5.000000,100000000,False
842483,DABUR26SEP460PE,DABUR,24SEP2026,46000.000000,1250,OPTSTK,BFO,5.000000,50000,False
842485,POLICYBZR26SEP1600PE,POLICYBZR,24SEP2026,160000.000000,350,OPTSTK,BFO,5.000000,100000000,False
848726,COCHINSHIP26SEP1400PE,COCHINSHIP,24SEP2026,140000.000000,400,OPTSTK,BFO,5.000000,100000000,False
848733,GODREJCP26SEP1090PE,GODREJCP,24SEP2026,109000.000000,500,OPTSTK,BFO,5.000000,30000,False
848757,GAIL26SEP174PE,GAIL,24SEP2026,17400.000000,3550,OPTSTK,BFO,5.000000,274500,False
848758,HDFCAMC26SEP2660CE,HDFCAMC,24SEP2026,266000.000000,300,OPTSTK,BFO,5.000000,12000,False
1104666,BPCL26NOV295CE,BPCL,26NOV2026,29500.000000,1975,OPTSTK,BFO,5.000000,72000,False
1104684,ABB26NOV7900PE,ABB,26NOV2026,790000.000000,125,OPTSTK,BFO,5.000000,7500,False
1104756,DLF26NOV660PE,DLF,26NOV2026,66000.000000,950,OPTSTK,BFO,5.000000,49500,False
1104771,SAGILITY26NOV47CE,SAGILITY,26NOV2026,4700.000000,12000,OPTSTK,BFO,5.000000,100000000,False
853797,BSE26SEP5200CE,BSE,29SEP2026,520000.000000,200,OPTSTK,BFO,5.000000,3751,False
853807,CDSL26SEPFUT,CDSL,29SEP2026,0.000000,475,FUTSTK,BFO,5.000000,14001,False
853866,CDSL26SEP1200CE,CDSL,29SEP2026,120000.000000,475,OPTSTK,BFO,5.000000,14001,False
853950,DLF26SEP710CE,DLF,24SEP2026,71000.000000,950,OPTSTK,BFO,5.000000,49500,False
848764,MANAPPURAM26SEP295CE,MANAPPURAM,24SEP2026,29500.000000,3000,OPTSTK,BFO,5.000000,180000,False
848774,JIOFIN26SEP222.5PE,JIOFIN,24SEP2026,22250.000000,2350,OPTSTK,BFO,5.000000,100000000,False
848777,IOC26SEP148PE,IOC,24SEP2026,14800.000000,4875,OPTSTK,BFO,5.000000,292500,False
848782,SONACOMS26SEP615CE,SONACOMS,24SEP2026,61500.000000,1225,OPTSTK,BFO,5.000000,100000000,False
842491,JUBLFOOD26SEP395PE,JUBLFOOD,24SEP2026,39500.000000,1250,OPTSTK,BFO,5.000000,50000,False
842495,MUTHOOTFIN26SEP3000PE,MUTHOOTFIN,24SEP2026,300000.000000,275,OPTSTK,BFO,5.000000,22000,False
842531,HYUNDAI26SEP1940CE,HYUNDAI,24SEP2026,194000.000000,275,OPTSTK,BFO,5.000000,100000000,False
842542,SENSEX26SEP78000PE,SENSEX,24SEP2026,7800000.000000,20,OPTIDX,BFO,5.000000,1000,False
854014,LODHA26SEP1140PE,LODHA,24SEP2026,114000.000000,625,OPTSTK,BFO,5.000000,100000000,False
1104803,ATHERENERG26OCT1620CE,ATHERENERG,29OCT2026,162000.000000,375,OPTSTK,BFO,5.000000,100000000,False
1104847,UNIONBANK26NOV162.5PE,UNIONBANK,26NOV2026,16250.000000,4425,OPTSTK,BFO,5.000000,100000000,False
1104851,ATHERENERG26OCT1460CE,ATHERENERG,29OCT2026,146000.000000,375,OPTSTK,BFO,5.000000,100000000,False
1104894,LAURUSLABS26OCT2040CE,LAURUSLABS,29OCT2026,204000.000000,850,OPTSTK,BFO,5.000000,68000,False
853959,NESTLEIND26SEP1520CE,NESTLEIND,24SEP2026,152000.000000,500,OPTSTK,BFO,5.000000,1200,False
853964,FOCIT26SEP24500PE,FOCIT,24SEP2026,2450000.000000,45,OPTIDX,BFO,5.000000,1350,False
853985,PAYTM26SEP1300PE,PAYTM,24SEP2026,130000.000000,725,OPTSTK,BFO,5.000000,100000000,False
848792,AUROPHARMA26SEP1680PE,AUROPHARMA,24SEP2026,168000.000000,550,OPTSTK,BFO,5.000000,44000,False
848799,IRFC26SEP87CE,IRFC,24SEP2026,8700.000000,5425,OPTSTK,BFO,5.000000,100000000,False
848807,PGEL26SEP570CE,PGEL,24SEP2026,57000.000000,950,OPTSTK,BFO,5.000000,100000000,False
848827,LT26SEP4280CE,LT,24SEP2026,428000.000000,175,OPTSTK,BFO,5.000000,12000,False
842561,IDFCFIRSTB26SEP82PE,IDFCFIRSTB,24SEP2026,8200.000000,9275,OPTSTK,BFO,5.000000,450000,False
842564,WIPRO26SEP182.5CE,WIPRO,24SEP2026,18250.000000,3000,OPTSTK,BFO,5.000000,60000,False
842566,PREMIERENE26SEP1090CE,PREMIERENE,24SEP2026,109000.000000,650,OPTSTK,BFO,5.000000,100000000,False
842603,ITC26SEP292.5PE,ITC,24SEP2026,29250.000000,1725,OPTSTK,BFO,5.000000,64000,False
848835,GMRAIRPORT26SEPFUT,GMRAIRPORT,24SEP2026,0.000000,6975,FUTSTK,BFO,5.000000,675000,False
848840,BANKEX26SEP67200PE,BANKEX,24SEP2026,6720000.000000,30,OPTIDX,BFO,5.000000,900,False
848859,YESBANK26SEP18CE,YESBANK,24SEP2026,1800.000000,31100,OPTSTK,BFO,5.000000,100000000,False
848864,INDUSTOWER26SEP381CE,INDUSTOWER,24SEP2026,38100.000000,1700,OPTSTK,BFO,5.000000,170000,False
854024,NAUKRI26SEP1140PE,NAUKRI,24SEP2026,114000.000000,550,OPTSTK,BFO,5.000000,6000,False
854042,JINDALSTEL26SEP900PE,JINDALSTEL,24SEP2026,90000.000000,625,OPTSTK,BFO,5.000000,37500,False
854052,HAVELLS26SEP1320CE,HAVELLS,24SEP2026,132000.000000,500,OPTSTK,BFO,5.000000,20000,False
854078,KOTAKBANK26SEP435CE,KOTAKBANK,24SEP2026,43500.000000,2000,OPTSTK,BFO,5.000000,12000,False
1104906,HAL26NOV4800CE,HAL,26NOV2026,480000.000000,150,OPTSTK,BFO,5.000000,9000,False
1104909,MAHABANK26NOV82CE,MAHABANK,26NOV2026,8200.000000,6500,OPTSTK,BFO,5.000000,100000000,False
1104953,SENSEX26NOV75400PE,SENSEX,26NOV2026,7540000.000000,20,OPTIDX,BFO,5.000000,1000,False
1104956,ATHERENERG26OCT1380PE,ATHERENERG,29OCT2026,138000.000000,375,OPTSTK,BFO,5.000000,100000000,False
842604,MAXHEALTH26SEP1060PE,MAXHEALTH,24SEP2026,106000.000000,525,OPTSTK,BFO,5.000000,100000000,False
842622,POLYCAB26SEP9500CE,POLYCAB,24SEP2026,950000.000000,125,OPTSTK,BFO,5.000000,9000,False
842626,MARUTI26SEP13300PE,MARUTI,24SEP2026,1330000.000000,50,OPTSTK,BFO,5.000000,3000,False
842650,TVSMOTOR26SEP3720CE,TVSMOTOR,24SEP2026,372000.000000,175,OPTSTK,BFO,5.000000,21000,False
848866,PAGEIND26SEP40000PE,PAGEIND,24SEP2026,4000000.000000,20,OPTSTK,BFO,5.000000,600,False
848887,ITC26SEP302.5CE,ITC,24SEP2026,30250.000000,1725,OPTSTK,BFO,5.000000,64000,False
848892,NAUKRI26SEP920PE,NAUKRI,24SEP2026,92000.000000,550,OPTSTK,BFO,5.000000,6000,False
848902,TRENT26SEP3000PE,TRENT,24SEP2026,300000.000000,225,OPTSTK,BFO,5.000000,16000,False
854151,NAM-INDIA26SEP1320CE,NAM-INDIA,24SEP2026,132000.000000,625,OPTSTK,BFO,5.000000,100000000,False
854157,DABUR26SEP470CE,DABUR,24SEP2026,47000.000000,1250,OPTSTK,BFO,5.000000,50000,False
854333,NESTLEIND26SEP1500CE,NESTLEIND,24SEP2026,150000.000000,500,OPTSTK,BFO,5.000000,1200,False
854335,COFORGE26SEP1260PE,COFORGE,24SEP2026,126000.000000,475,OPTSTK,BFO,5.000000,6000,False
1104979,BANKEX26NOV67300CE,BANKEX,26NOV2026,6730000.000000,30,OPTIDX,BFO,5.000000,900,False
1105026,PIDILITIND26NOV1800CE,PIDILITIND,26NOV2026,180000.000000,500,OPTSTK,BFO,5.000000,10000,False
1105029,JIOFIN26NOV237.5CE,JIOFIN,26NOV2026,23750.000000,2350,OPTSTK,BFO,5.000000,100000000,False
1105030,JINDALSTEL26NOV1200CE,JINDALSTEL,26NOV2026,120000.000000,625,OPTSTK,BFO,5.000000,37500,False
842675,LICHSGFIN26SEP535PE,LICHSGFIN,24SEP2026,53500.000000,1000,OPTSTK,BFO,5.000000,60000,False
842683,PETRONET26SEP272.5CE,PETRONET,24SEP2026,27250.000000,1900,OPTSTK,BFO,5.000000,120000,False
842690,ASIANPAINT26SEP2700PE,ASIANPAINT,24SEP2026,270000.000000,250,OPTSTK,BFO,5.000000,8000,False
842695,GLENMARK26SEP2040PE,GLENMARK,24SEP2026,204000.000000,375,OPTSTK,BFO,5.000000,43500,False
848930,TATASTEEL26SEP200PE,TATASTEEL,24SEP2026,20000.000000,2750,OPTSTK,BFO,5.000000,220000,False
848939,BIOCON26SEP445PE,BIOCON,24SEP2026,44500.000000,2500,OPTSTK,BFO,5.000000,100000,False
848942,ADANIGREEN26SEP1510CE,ADANIGREEN,24SEP2026,151000.000000,600,OPTSTK,BFO,5.000000,100000000,False
848969,SUPREMEIND26SEP3200CE,SUPREMEIND,24SEP2026,320000.000000,175,OPTSTK,BFO,5.000000,100000000,False
854339,KPITTECH26SEP550PE,KPITTECH,24SEP2026,55000.000000,775,OPTSTK,BFO,5.000000,100000000,False
854370,DABUR26SEP465CE,DABUR,24SEP2026,46500.000000,1250,OPTSTK,BFO,5.000000,50000,False
854392,TATAELXSI26SEP3250CE,TATAELXSI,24SEP2026,325000.000000,125,OPTSTK,BFO,5.000000,100000000,False
854405,PAYTM26SEP1320PE,PAYTM,24SEP2026,132000.000000,725,OPTSTK,BFO,5.000000,100000000,False
1105036,INDIANB26NOV850CE,INDIANB,26NOV2026,85000.000000,1000,OPTSTK,BFO,5.000000,100000000,False
1105040,MAXHEALTH26NOV1030CE,MAXHEALTH,26NOV2026,103000.000000,525,OPTSTK,BFO,5.000000,100000000,False
1105052,BANKEX26NOV65900CE,BANKEX,26NOV2026,6590000.000000,30,OPTIDX,BFO,5.000000,900,False
1105051,PIDILITIND26NOV1640CE,PIDILITIND,26NOV2026,164000.000000,500,OPTSTK,BFO,5.000000,10000,False
842730,BANKEX26SEP63200PE,BANKEX,24SEP2026,6320000.000000,30,OPTIDX,BFO,5.000000,900,False
842754,BHARATFORG26SEP2260CE,BHARATFORG,24SEP2026,226000.000000,500,OPTSTK,BFO,5.000000,30000,False
842756,AUROPHARMA26SEP1440CE,AUROPHARMA,24SEP2026,144000.000000,550,OPTSTK,BFO,5.000000,44000,False
842760,SENSEX27JUN78000CE,SENSEX,24JUN2027,7800000.000000,20,OPTIDX,BFO,5.000000,1000,False
848999,CIPLA26SEP1500CE,CIPLA,24SEP2026,150000.000000,425,OPTSTK,BFO,5.000000,26000,False
849001,ASIANPAINT26SEP2580CE,ASIANPAINT,24SEP2026,258000.000000,250,OPTSTK,BFO,5.000000,8000,False
849004,GMRAIRPORT26SEP108CE,GMRAIRPORT,24SEP2026,10800.000000,6975,OPTSTK,BFO,5.000000,675000,False
849006,MAXHEALTH26SEP1170CE,MAXHEALTH,24SEP2026,117000.000000,525,OPTSTK,BFO,5.000000,100000000,False
854407,BAJFINANCE26SEP1080CE,BAJFINANCE,24SEP2026,108000.000000,750,OPTSTK,BFO,5.000000,3750,False
854419,OIL26SEP455CE,OIL,24SEP2026,45500.000000,1400,OPTSTK,BFO,5.000000,100000000,False
854426,TECHM26SEP1204CE,TECHM,24SEP2026,120400.000000,600,OPTSTK,BFO,5.000000,24000,False
854427,DELHIVERY26SEP515PE,DELHIVERY,24SEP2026,51500.000000,2075,OPTSTK,BFO,5.000000,100000000,False
842764,SBIN26SEP1000CE,SBIN,24SEP2026,100000.000000,750,OPTSTK,BFO,5.000000,45000,False
842779,TECHM26SEP1484PE,TECHM,24SEP2026,148400.000000,600,OPTSTK,BFO,5.000000,24000,False
842790,FORCEMOT26SEP18500CE,FORCEMOT,24SEP2026,1850000.000000,25,OPTSTK,BFO,5.000000,100000000,False
842793,RELIANCE26SEP1250PE,RELIANCE,24SEP2026,125000.000000,500,OPTSTK,BFO,5.000000,10000,False
1105059,BPCL26NOV295PE,BPCL,26NOV2026,29500.000000,1975,OPTSTK,BFO,5.000000,72000,False
1105067,HAL26NOV4550CE,HAL,26NOV2026,455000.000000,150,OPTSTK,BFO,5.000000,9000,False
1105087,HINDALCO26NOV1120PE,HINDALCO,26NOV2026,112000.000000,700,OPTSTK,BFO,5.000000,56000,False
1105091,SUPREMEIND26NOV3800CE,SUPREMEIND,26NOV2026,380000.000000,175,OPTSTK,BFO,5.000000,100000000,False
849026,BANKINDIA26SEP155CE,BANKINDIA,24SEP2026,15500.000000,5200,OPTSTK,BFO,5.000000,100000000,False
849030,INDUSTOWER26SEP356PE,INDUSTOWER,24SEP2026,35600.000000,1700,OPTSTK,BFO,5.000000,170000,False
849043,ASIANPAINT26SEP2660PE,ASIANPAINT,24SEP2026,266000.000000,250,OPTSTK,BFO,5.000000,8000,False
849064,BOSCHLTD26SEP41750CE,BOSCHLTD,24SEP2026,4175000.000000,25,OPTSTK,BFO,5.000000,1500,False
854442,PHOENIXLTD26SEP2100CE,PHOENIXLTD,24SEP2026,210000.000000,350,OPTSTK,BFO,5.000000,100000000,False
854471,IDEA26SEP22CE,IDEA,24SEP2026,2200.000000,71475,OPTSTK,BFO,5.000000,2400000,False
854504,TATAELXSI26SEP3300PE,TATAELXSI,24SEP2026,330000.000000,125,OPTSTK,BFO,5.000000,100000000,False
854508,TVSMOTOR26SEP3850CE,TVSMOTOR,24SEP2026,385000.000000,175,OPTSTK,BFO,5.000000,21000,False
842800,CHOLAFIN26SEP1680PE,CHOLAFIN,24SEP2026,168000.000000,625,OPTSTK,BFO,5.000000,25000,False
842825,ADANIPOWER26SEP230PE,ADANIPOWER,24SEP2026,23000.000000,3550,OPTSTK,BFO,5.000000,100000000,False
842833,EICHERMOT26SEP7950CE,EICHERMOT,24SEP2026,795000.000000,100,OPTSTK,BFO,5.000000,7000,False
842843,MOTHERSON26SEP155PE,MOTHERSON,24SEP2026,15500.000000,6150,OPTSTK,BFO,5.000000,284000,False
849065,AMBUJACEM26SEP410CE,AMBUJACEM,24SEP2026,41000.000000,1200,OPTSTK,BFO,5.000000,54000,False
849069,PHOENIXLTD26SEP1900PE,PHOENIXLTD,24SEP2026,190000.000000,350,OPTSTK,BFO,5.000000,100000000,False
849070,DLF26SEP605CE,DLF,24SEP2026,60500.000000,950,OPTSTK,BFO,5.000000,49500,False
849075,MCX26SEP2950PE,MCX,24SEP2026,295000.000000,225,OPTSTK,BFO,5.000000,16000,False
1105093,ETERNAL26NOV345CE,ETERNAL,26NOV2026,34500.000000,2425,OPTSTK,BFO,5.000000,100000000,False
1105102,KOTAKBANK26SEP455PE,KOTAKBANK,24SEP2026,45500.000000,2000,OPTSTK,BFO,5.000000,12000,False
1105127,DRREDDY26NOV1190PE,DRREDDY,26NOV2026,119000.000000,625,OPTSTK,BFO,5.000000,5000,False
1105128,COFORGE26NOV1920CE,COFORGE,26NOV2026,192000.000000,475,OPTSTK,BFO,5.000000,6000,False
854510,NESTLEIND26SEP1500PE,NESTLEIND,24SEP2026,150000.000000,500,OPTSTK,BFO,5.000000,1200,False
854513,AUBANK26SEP1200PE,AUBANK,24SEP2026,120000.000000,1000,OPTSTK,BFO,5.000000,30000,False
854540,APOLLOHOSP26SEP7900PE,APOLLOHOSP,24SEP2026,790000.000000,125,OPTSTK,BFO,5.000000,5000,False
854543,MUTHOOTFIN26SEP2550PE,MUTHOOTFIN,24SEP2026,255000.000000,275,OPTSTK,BFO,5.000000,22000,False
849077,SIEMENS26SEP3750PE,SIEMENS,24SEP2026,375000.000000,175,OPTSTK,BFO,5.000000,8250,False
849081,NAM-INDIA26SEP1140PE,NAM-INDIA,24SEP2026,114000.000000,625,OPTSTK,BFO,5.000000,100000000,False
849082,AUBANK26SEP1020CE,AUBANK,24SEP2026,102000.000000,1000,OPTSTK,BFO,5.000000,30000,False
849085,ITC26SEP302.5PE,ITC,24SEP2026,30250.000000,1725,OPTSTK,BFO,5.000000,64000,False
842853,PAYTM26SEP1080CE,PAYTM,24SEP2026,108000.000000,725,OPTSTK,BFO,5.000000,100000000,False
842858,JIOFIN26SEP237.5CE,JIOFIN,24SEP2026,23750.000000,2350,OPTSTK,BFO,5.000000,100000000,False
842873,GODREJPROP26SEP1980CE,GODREJPROP,24SEP2026,198000.000000,325,OPTSTK,BFO,5.000000,19000,False
842891,FORTIS26SEPFUT,FORTIS,24SEP2026,0.000000,775,FUTSTK,BFO,5.000000,100000000,False
854552,INDHOTEL26SEP790CE,INDHOTEL,24SEP2026,79000.000000,1000,OPTSTK,BFO,5.000000,60000,False
854565,TATAELXSI26SEP3400CE,TATAELXSI,24SEP2026,340000.000000,125,OPTSTK,BFO,5.000000,100000000,False
854576,ASHOKLEY26SEP180PE,ASHOKLEY,24SEP2026,18000.000000,5000,OPTSTK,BFO,5.000000,150000,False
854629,HCLTECH26SEP970PE,HCLTECH,24SEP2026,97000.000000,400,OPTSTK,BFO,5.000000,21000,False
1105141,NMDC26NOV81CE,NMDC,26NOV2026,8100.000000,6750,OPTSTK,BFO,5.000000,225000,False
1105174,INDIGO26NOV5300CE,INDIGO,26NOV2026,530000.000000,150,OPTSTK,BFO,5.000000,12000,False
1105183,NATIONALUM26NOV430PE,NATIONALUM,26NOV2026,43000.000000,1875,OPTSTK,BFO,5.000000,300000,False
1105196,TECHM26NOV1500PE,TECHM,26NOV2026,150000.000000,600,OPTSTK,BFO,5.000000,24000,False
849098,FOCIT26SEP38000PE,FOCIT,24SEP2026,3800000.000000,45,OPTIDX,BFO,5.000000,1350,False
849106,HINDPETRO26SEP420.75PE,HINDPETRO,24SEP2026,42075.000000,2025,OPTSTK,BFO,5.000000,108000,False
849114,LUPIN26SEP2420PE,LUPIN,24SEP2026,242000.000000,425,OPTSTK,BFO,5.000000,34000,False
849128,RBLBANK26SEP355PE,RBLBANK,24SEP2026,35500.000000,3175,OPTSTK,BFO,5.000000,150000,False
842894,LTM26SEPFUT,LTM,24SEP2026,0.000000,150,FUTSTK,BFO,5.000000,4500,False
842920,PETRONET26SEP277.5CE,PETRONET,24SEP2026,27750.000000,1900,OPTSTK,BFO,5.000000,120000,False
842928,INDUSTOWER26SEP366CE,INDUSTOWER,24SEP2026,36600.000000,1700,OPTSTK,BFO,5.000000,170000,False
842938,VOLTAS26SEP1360PE,VOLTAS,24SEP2026,136000.000000,375,OPTSTK,BFO,5.000000,30000,False
854697,GRASIM26SEP3280CE,GRASIM,24SEP2026,328000.000000,250,OPTSTK,BFO,5.000000,14250,False
854705,GODREJPROP26SEP2080PE,GODREJPROP,24SEP2026,208000.000000,325,OPTSTK,BFO,5.000000,19000,False
854810,GODREJCP26SEP1130PE,GODREJCP,24SEP2026,113000.000000,500,OPTSTK,BFO,5.000000,30000,False
854839,EICHERMOT26SEP8000PE,EICHERMOT,24SEP2026,800000.000000,100,OPTSTK,BFO,5.000000,7000,False
849130,CONCOR26SEP465CE,CONCOR,24SEP2026,46500.000000,1250,OPTSTK,BFO,5.000000,40000,False
849140,TATASTEEL26SEP205PE,TATASTEEL,24SEP2026,20500.000000,2750,OPTSTK,BFO,5.000000,220000,False
849807,HYUNDAI26SEP1800CE,HYUNDAI,24SEP2026,180000.000000,275,OPTSTK,BFO,5.000000,100000000,False
849826,POLYCAB26SEP10300PE,POLYCAB,24SEP2026,1030000.000000,125,OPTSTK,BFO,5.000000,9000,False
1105214,VBL26NOV470CE,VBL,26NOV2026,47000.000000,1275,OPTSTK,BFO,5.000000,100000000,False
1105218,ANGELONE26NOV320PE,ANGELONE,26NOV2026,32000.000000,2500,OPTSTK,BFO,5.000000,100000000,False
1105221,BANKEX26NOV57600PE,BANKEX,26NOV2026,5760000.000000,30,OPTIDX,BFO,5.000000,900,False
1105248,MOTILALOFS26NOV960CE,MOTILALOFS,26NOV2026,96000.000000,775,OPTSTK,BFO,5.000000,100000000,False
854845,TECHM26SEP1520PE,TECHM,24SEP2026,152000.000000,600,OPTSTK,BFO,5.000000,24000,False
854872,BHEL26SEP365CE,BHEL,24SEP2026,36500.000000,2625,OPTSTK,BFO,5.000000,315000,False
854876,NBCC26SEP85PE,NBCC,24SEP2026,8500.000000,6500,OPTSTK,BFO,5.000000,100000000,False
854890,BHEL26SEP365PE,BHEL,24SEP2026,36500.000000,2625,OPTSTK,BFO,5.000000,315000,False
849851,UNITDSPR26SEP1290CE,UNITDSPR,24SEP2026,129000.000000,400,OPTSTK,BFO,5.000000,28000,False
849858,POWERINDIA26SEP38500CE,POWERINDIA,24SEP2026,3850000.000000,25,OPTSTK,BFO,5.000000,100000000,False
849864,CUMMINSIND26SEP5200CE,CUMMINSIND,24SEP2026,520000.000000,200,OPTSTK,BFO,5.000000,18000,False
849870,SBICARD26SEP530CE,SBICARD,24SEP2026,53000.000000,800,OPTSTK,BFO,5.000000,32000,False
842943,COALINDIA26SEP435CE,COALINDIA,24SEP2026,43500.000000,1350,OPTSTK,BFO,5.000000,126000,False
842944,ADANIPORTS26SEP1840PE,ADANIPORTS,24SEP2026,184000.000000,475,OPTSTK,BFO,5.000000,32000,False
842945,UNIONBANK26SEP162.5PE,UNIONBANK,24SEP2026,16250.000000,4425,OPTSTK,BFO,5.000000,100000000,False
842946,MARUTI26SEP14300PE,MARUTI,24SEP2026,1430000.000000,50,OPTSTK,BFO,5.000000,3000,False
854955,OBEROIRLTY26SEP1960PE,OBEROIRLTY,24SEP2026,196000.000000,350,OPTSTK,BFO,5.000000,28000,False
855113,SENSEX29JUN82000PE,SENSEX,28JUN2029,8200000.000000,20,OPTIDX,BFO,5.000000,1000,False
855123,OBEROIRLTY26SEP2000CE,OBEROIRLTY,24SEP2026,200000.000000,350,OPTSTK,BFO,5.000000,28000,False
855124,UPL26SEP660PE,UPL,24SEP2026,66000.000000,1355,OPTSTK,BFO,5.000000,39000,False
1105264,BANKEX26NOV69000PE,BANKEX,26NOV2026,6900000.000000,30,OPTIDX,BFO,5.000000,900,False
1105271,NTPC26NOV310PE,NTPC,26NOV2026,31000.000000,1500,OPTSTK,BFO,5.000000,150000,False
1105280,MPHASIS26NOV2750PE,MPHASIS,26NOV2026,275000.000000,275,OPTSTK,BFO,5.000000,11000,False
1105308,SAGILITY26OCT42CE,SAGILITY,29OCT2026,4200.000000,12000,OPTSTK,BFO,5.000000,100000000,False
849874,WAAREEENER26SEP2550CE,WAAREEENER,24SEP2026,255000.000000,175,OPTSTK,BFO,5.000000,100000000,False
849895,ADANIENSOL26SEP1340PE,ADANIENSOL,24SEP2026,134000.000000,675,OPTSTK,BFO,5.000000,100000000,False
842953,SIEMENS26SEP3450PE,SIEMENS,24SEP2026,345000.000000,175,OPTSTK,BFO,5.000000,8250,False
842967,VBL26SEP505PE,VBL,24SEP2026,50500.000000,1275,OPTSTK,BFO,5.000000,100000000,False
842969,BANKEX26SEP58800PE,BANKEX,24SEP2026,5880000.000000,30,OPTIDX,BFO,5.000000,900,False
842975,HDFCAMC26SEP2660PE,HDFCAMC,24SEP2026,266000.000000,300,OPTSTK,BFO,5.000000,12000,False
849877,PERSISTENT26SEP4200PE,PERSISTENT,24SEP2026,420000.000000,125,OPTSTK,BFO,5.000000,5250,False
849886,CANBK26SEP121PE,CANBK,24SEP2026,12100.000000,6750,OPTSTK,BFO,5.000000,81000,False
1105316,KFINTECH26NOV820CE,KFINTECH,26NOV2026,82000.000000,575,OPTSTK,BFO,5.000000,100000000,False
1105361,OFSS26NOV11700PE,OFSS,26NOV2026,1170000.000000,100,OPTSTK,BFO,5.000000,8000,False
1105373,PNB26NOV114CE,PNB,26NOV2026,11400.000000,8000,OPTSTK,BFO,5.000000,480000,False
1105379,RVNL26NOV190CE,RVNL,26NOV2026,19000.000000,1925,OPTSTK,BFO,5.000000,100000000,False
849915,TIINDIA26SEP2900CE,TIINDIA,24SEP2026,290000.000000,200,OPTSTK,BFO,5.000000,100000000,False
849924,LODHA26SEP870CE,LODHA,24SEP2026,87000.000000,625,OPTSTK,BFO,5.000000,100000000,False
849929,KOTAKBANK26SEP380PE,KOTAKBANK,24SEP2026,38000.000000,2000,OPTSTK,BFO,5.000000,12000,False
849934,CGPOWER26SEP1020CE,CGPOWER,24SEP2026,102000.000000,850,OPTSTK,BFO,5.000000,100000000,False
855201,JUBLFOOD26SEP465PE,JUBLFOOD,24SEP2026,46500.000000,1250,OPTSTK,BFO,5.000000,50000,False
855218,SENSEX27JUN83000CE,SENSEX,24JUN2027,8300000.000000,20,OPTIDX,BFO,5.000000,1000,False
855225,SENSEX29JUN83000CE,SENSEX,28JUN2029,8300000.000000,20,OPTIDX,BFO,5.000000,1000,False
855275,DIXON26SEP14250PE,DIXON,24SEP2026,1425000.000000,50,OPTSTK,BFO,5.000000,6000,False
842981,SENSEX27DEC81000PE,SENSEX,30DEC2027,8100000.000000,20,OPTIDX,BFO,5.000000,1000,False
842984,POLICYBZR26SEP1560CE,POLICYBZR,24SEP2026,156000.000000,350,OPTSTK,BFO,5.000000,100000000,False
842988,LT26SEP4360CE,LT,24SEP2026,436000.000000,175,OPTSTK,BFO,5.000000,12000,False
842999,RBLBANK26SEP340CE,RBLBANK,24SEP2026,34000.000000,3175,OPTSTK,BFO,5.000000,150000,False
1105390,MANAPPURAM26NOV350PE,MANAPPURAM,26NOV2026,35000.000000,3000,OPTSTK,BFO,5.000000,180000,False
1105402,LICHSGFIN26NOV480PE,LICHSGFIN,26NOV2026,48000.000000,1000,OPTSTK,BFO,5.000000,60000,False
1105411,DMART26NOV3900PE,DMART,26NOV2026,390000.000000,150,OPTSTK,BFO,5.000000,100000000,False
1105414,OIL26NOV475PE,OIL,26NOV2026,47500.000000,1400,OPTSTK,BFO,5.000000,100000000,False
843000,RECLTD26SEP380PE,RECLTD,24SEP2026,38000.000000,1575,OPTSTK,BFO,5.000000,160000,False
843009,BANDHANBNK26SEP195PE,BANDHANBNK,24SEP2026,19500.000000,3600,OPTSTK,BFO,5.000000,100000,False
843022,SENSEX27JUN81000CE,SENSEX,24JUN2027,8100000.000000,20,OPTIDX,BFO,5.000000,1000,False
843032,KALYANKJIL26SEP400PE,KALYANKJIL,24SEP2026,40000.000000,1350,OPTSTK,BFO,5.000000,100000000,False
849939,HDFCBANK26SEP835PE,HDFCBANK,24SEP2026,83500.000000,650,OPTSTK,BFO,5.000000,16500,False
849941,COALINDIA26SEP475PE,COALINDIA,24SEP2026,47500.000000,1350,OPTSTK,BFO,5.000000,126000,False
849947,ADANIENT26SEP2880PE,ADANIENT,24SEP2026,288000.000000,309,OPTSTK,BFO,5.000000,9000,False
849948,BHEL26SEP422.5PE,BHEL,24SEP2026,42250.000000,2625,OPTSTK,BFO,5.000000,315000,False
855287,SENSEX28DEC83000PE,SENSEX,28DEC2028,8300000.000000,20,OPTIDX,BFO,5.000000,1000,False
855308,VMM26SEP140PE,VMM,24SEP2026,14000.000000,4850,OPTSTK,BFO,5.000000,100000000,False
855355,DMART26SEP3850PE,DMART,24SEP2026,385000.000000,150,OPTSTK,BFO,5.000000,100000000,False
855365,TVSMOTOR26SEP3950PE,TVSMOTOR,24SEP2026,395000.000000,175,OPTSTK,BFO,5.000000,21000,False
1105423,ULTRACEMCO26NOV11200PE,ULTRACEMCO,26NOV2026,1120000.000000,50,OPTSTK,BFO,5.000000,3000,False
1105441,YESBANK26NOV29PE,YESBANK,26NOV2026,2900.000000,31100,OPTSTK,BFO,5.000000,100000000,False
1105445,UNIONBANK26NOV195CE,UNIONBANK,26NOV2026,19500.000000,4425,OPTSTK,BFO,5.000000,100000000,False
1105467,HDFCAMC26NOV2800PE,HDFCAMC,26NOV2026,280000.000000,300,OPTSTK,BFO,5.000000,12000,False
843039,GVT&D26SEP6200PE,GVT&D,24SEP2026,620000.000000,125,OPTSTK,BFO,5.000000,100000000,False
843043,SENSEX26DEC81000PE,SENSEX,31DEC2026,8100000.000000,20,OPTIDX,BFO,5.000000,1000,False
843050,SENSEX28DEC81000PE,SENSEX,28DEC2028,8100000.000000,20,OPTIDX,BFO,5.000000,1000,False
843060,LT26SEP4280PE,LT,24SEP2026,428000.000000,175,OPTSTK,BFO,5.000000,12000,False
849967,DIXON26SEP11100PE,DIXON,24SEP2026,1110000.000000,50,OPTSTK,BFO,5.000000,6000,False
849971,BANKBARODA26SEP257.5CE,BANKBARODA,24SEP2026,25750.000000,2925,OPTSTK,BFO,5.000000,175500,False
850004,BOSCHLTD26SEP38500PE,BOSCHLTD,24SEP2026,3850000.000000,25,OPTSTK,BFO,5.000000,1500,False
850018,UPL26SEP535CE,UPL,24SEP2026,53500.000000,1355,OPTSTK,BFO,5.000000,39000,False
1105474,ADANIPORTS26NOV1660PE,ADANIPORTS,26NOV2026,166000.000000,475,OPTSTK,BFO,5.000000,32000,False
1105504,KPITTECH26NOV520CE,KPITTECH,26NOV2026,52000.000000,775,OPTSTK,BFO,5.000000,100000000,False
1105508,BANKEX26NOV66900CE,BANKEX,26NOV2026,6690000.000000,30,OPTIDX,BFO,5.000000,900,False
1105517,MUTHOOTFIN26NOV3100CE,MUTHOOTFIN,26NOV2026,310000.000000,275,OPTSTK,BFO,5.000000,22000,False
855413,SWIGGY26SEP285PE,SWIGGY,24SEP2026,28500.000000,1825,OPTSTK,BFO,5.000000,100000000,False
855509,INFY26SEP1180CE,INFY,24SEP2026,118000.000000,400,OPTSTK,BFO,5.000000,16000,False
855517,BHEL26SEP370CE,BHEL,24SEP2026,37000.000000,2625,OPTSTK,BFO,5.000000,315000,False
855518,FORTIS26SEP1040PE,FORTIS,24SEP2026,104000.000000,775,OPTSTK,BFO,5.000000,100000000,False
850026,ABCAPITAL26SEP350CE,ABCAPITAL,24SEP2026,35000.000000,3100,OPTSTK,BFO,5.000000,162000,False
850033,GRASIM26SEP2960CE,GRASIM,24SEP2026,296000.000000,250,OPTSTK,BFO,5.000000,14250,False
850064,ASTRAL26SEP1240PE,ASTRAL,24SEP2026,124000.000000,425,OPTSTK,BFO,5.000000,14680,False
850080,KAYNES26SEP2800CE,KAYNES,24SEP2026,280000.000000,150,OPTSTK,BFO,5.000000,100000000,False
843068,PGEL26SEP560CE,PGEL,24SEP2026,56000.000000,950,OPTSTK,BFO,5.000000,100000000,False
843077,FORCEMOT26SEP19500CE,FORCEMOT,24SEP2026,1950000.000000,25,OPTSTK,BFO,5.000000,100000000,False
843086,ADANIGREEN26SEP1600PE,ADANIGREEN,24SEP2026,160000.000000,600,OPTSTK,BFO,5.000000,100000000,False
843095,UNITDSPR26SEP1330PE,UNITDSPR,24SEP2026,133000.000000,400,OPTSTK,BFO,5.000000,28000,False
855536,DIVISLAB26SEP7400PE,DIVISLAB,24SEP2026,740000.000000,100,OPTSTK,BFO,5.000000,8000,False
855551,BAJAJHLDNG26SEP11500CE,BAJAJHLDNG,24SEP2026,1150000.000000,75,OPTSTK,BFO,5.000000,100000000,False
855561,BANKBARODA26SEP230CE,BANKBARODA,24SEP2026,23000.000000,2925,OPTSTK,BFO,5.000000,175500,False
855632,HCLTECH26SEP1200PE,HCLTECH,24SEP2026,120000.000000,400,OPTSTK,BFO,5.000000,21000,False
1105519,TATACONSUM26NOV990PE,TATACONSUM,26NOV2026,99000.000000,550,OPTSTK,BFO,5.000000,36000,False
1105525,SENSEX26O1574000PE,SENSEX,15OCT2026,7400000.000000,20,OPTIDX,BFO,5.000000,1000,False
1105547,ALKEM26NOV5550PE,ALKEM,26NOV2026,555000.000000,125,OPTSTK,BFO,5.000000,8000,False
1105566,FOCIT26NOV30700CE,FOCIT,26NOV2026,3070000.000000,45,OPTIDX,BFO,5.000000,1350,False
850085,PIIND26SEP2440CE,PIIND,24SEP2026,244000.000000,175,OPTSTK,BFO,5.000000,7500,False
850093,ASHOKLEY26SEP140CE,ASHOKLEY,24SEP2026,14000.000000,5000,OPTSTK,BFO,5.000000,150000,False
850095,GODFRYPHLP26SEP2060CE,GODFRYPHLP,24SEP2026,206000.000000,275,OPTSTK,BFO,5.000000,100000000,False
850107,SRF26SEP2560PE,SRF,24SEP2026,256000.000000,200,OPTSTK,BFO,5.000000,11250,False
855676,PNB26SEP99PE,PNB,24SEP2026,9900.000000,8000,OPTSTK,BFO,5.000000,480000,False
855683,ONGC26SEP255PE,ONGC,24SEP2026,25500.000000,2250,OPTSTK,BFO,5.000000,154000,False
855690,SHREECEM26SEP28250CE,SHREECEM,24SEP2026,2825000.000000,25,OPTSTK,BFO,5.000000,1000,False
855722,LTF26SEP360CE,LTF,24SEP2026,36000.000000,2250,OPTSTK,BFO,5.000000,267720,False
843126,COALINDIA26SEP435PE,COALINDIA,24SEP2026,43500.000000,1350,OPTSTK,BFO,5.000000,126000,False
843154,HINDPETRO26SEP410.75CE,HINDPETRO,24SEP2026,41075.000000,2025,OPTSTK,BFO,5.000000,108000,False
843158,TMPV26SEP380CE,TMPV,24SEP2026,38000.000000,1600,OPTSTK,BFO,5.000000,42750,False
843174,BHARTIARTL26SEPFUT,BHARTIARTL,24SEP2026,0.000000,475,FUTSTK,BFO,5.000000,28500,False
850121,MANAPPURAM26SEP280PE,MANAPPURAM,24SEP2026,28000.000000,3000,OPTSTK,BFO,5.000000,180000,False
850142,SHREECEM26SEP23750PE,SHREECEM,24SEP2026,2375000.000000,25,OPTSTK,BFO,5.000000,1000,False
850151,NTPC26SEP372.5CE,NTPC,24SEP2026,37250.000000,1500,OPTSTK,BFO,5.000000,150000,False
850153,SUPREMEIND26SEP2950PE,SUPREMEIND,24SEP2026,295000.000000,175,OPTSTK,BFO,5.000000,100000000,False
1105581,NAUKRI26NOV1240CE,NAUKRI,26NOV2026,124000.000000,550,OPTSTK,BFO,5.000000,6000,False
1105585,GODFRYPHLP26NOV2300PE,GODFRYPHLP,26NOV2026,230000.000000,275,OPTSTK,BFO,5.000000,100000000,False
1105586,KOTAKBANK26NOV410PE,KOTAKBANK,26NOV2026,41000.000000,2000,OPTSTK,BFO,5.000000,12000,False
1105588,SENSEX5026NOV26050CE,SENSEX50,26NOV2026,2605000.000000,75,OPTIDX,BFO,5.000000,1800,False
855743,UPL26SEP670CE,UPL,24SEP2026,67000.000000,1355,OPTSTK,BFO,5.000000,39000,False
855761,CONCOR26SEP525CE,CONCOR,24SEP2026,52500.000000,1250,OPTSTK,BFO,5.000000,40000,False
855786,ZYDUSLIFE26SEP1210PE,ZYDUSLIFE,24SEP2026,121000.000000,900,OPTSTK,BFO,5.000000,54000,False
855791,ZYDUSLIFE26SEP1200CE,ZYDUSLIFE,24SEP2026,120000.000000,900,OPTSTK,BFO,5.000000,54000,False
850161,ADANIGREEN26SEP1430PE,ADANIGREEN,24SEP2026,143000.000000,600,OPTSTK,BFO,5.000000,100000000,False
850175,TORNTPHARM26SEP4950CE,TORNTPHARM,24SEP2026,495000.000000,125,OPTSTK,BFO,5.000000,15000,False
850188,NBCC26SEP98PE,NBCC,24SEP2026,9800.000000,6500,OPTSTK,BFO,5.000000,100000000,False
850203,TMPV26SEP315CE,TMPV,24SEP2026,31500.000000,1600,OPTSTK,BFO,5.000000,42750,False
843187,ALKEM26SEP5700CE,ALKEM,24SEP2026,570000.000000,125,OPTSTK,BFO,5.000000,8000,False
843228,CIPLA26SEP1500PE,CIPLA,24SEP2026,150000.000000,425,OPTSTK,BFO,5.000000,26000,False
843230,SONACOMS26SEPFUT,SONACOMS,24SEP2026,0.000000,1225,FUTSTK,BFO,5.000000,100000000,False
843236,RELIANCE26SEP1370CE,RELIANCE,24SEP2026,137000.000000,500,OPTSTK,BFO,5.000000,10000,False
855811,DMART26SEP3700CE,DMART,24SEP2026,370000.000000,150,OPTSTK,BFO,5.000000,100000000,False
855819,GRASIM26SEP3320PE,GRASIM,24SEP2026,332000.000000,250,OPTSTK,BFO,5.000000,14250,False
855821,AMBUJACEM26SEP480CE,AMBUJACEM,24SEP2026,48000.000000,1200,OPTSTK,BFO,5.000000,54000,False
855842,OBEROIRLTY26SEP2080PE,OBEROIRLTY,24SEP2026,208000.000000,350,OPTSTK,BFO,5.000000,28000,False
1105592,ANGELONE26NOV290CE,ANGELONE,26NOV2026,29000.000000,2500,OPTSTK,BFO,5.000000,100000000,False
1105597,LAURUSLABS26NOV1920PE,LAURUSLABS,26NOV2026,192000.000000,850,OPTSTK,BFO,5.000000,68000,False
1105600,SENSEX26O1570300PE,SENSEX,15OCT2026,7030000.000000,20,OPTIDX,BFO,5.000000,1000,False
1105601,BANKBARODA26NOV220CE,BANKBARODA,26NOV2026,22000.000000,2925,OPTSTK,BFO,5.000000,175500,False
850222,BANKEX26SEP58200CE,BANKEX,24SEP2026,5820000.000000,30,OPTIDX,BFO,5.000000,900,False
850231,IOC26SEP135PE,IOC,24SEP2026,13500.000000,4875,OPTSTK,BFO,5.000000,292500,False
850244,INDHOTEL26SEP670CE,INDHOTEL,24SEP2026,67000.000000,1000,OPTSTK,BFO,5.000000,60000,False
850271,PIIND26SEP2500CE,PIIND,24SEP2026,250000.000000,175,OPTSTK,BFO,5.000000,7500,False
850273,MAZDOCK26SEP2300PE,MAZDOCK,24SEP2026,230000.000000,225,OPTSTK,BFO,5.000000,100000000,False
850300,KOTAKBANK26SEP387.5PE,KOTAKBANK,24SEP2026,38750.000000,2000,OPTSTK,BFO,5.000000,12000,False
850317,ABB26SEP7450PE,ABB,24SEP2026,745000.000000,125,OPTSTK,BFO,5.000000,7500,False
850324,PERSISTENT26SEP4350CE,PERSISTENT,24SEP2026,435000.000000,125,OPTSTK,BFO,5.000000,5250,False
855847,INDUSINDBK26SEP1040CE,INDUSINDBK,24SEP2026,104000.000000,700,OPTSTK,BFO,5.000000,20000,False
855848,SENSEX5026SEP26400CE,SENSEX50,24SEP2026,2640000.000000,75,OPTIDX,BFO,5.000000,1800,False
855849,MANAPPURAM26SEP365CE,MANAPPURAM,24SEP2026,36500.000000,3000,OPTSTK,BFO,5.000000,180000,False
855859,BHEL26SEP350PE,BHEL,24SEP2026,35000.000000,2625,OPTSTK,BFO,5.000000,315000,False
843244,INDHOTEL26SEP730CE,INDHOTEL,24SEP2026,73000.000000,1000,OPTSTK,BFO,5.000000,60000,False
843258,PETRONET26SEP280CE,PETRONET,24SEP2026,28000.000000,1900,OPTSTK,BFO,5.000000,120000,False
843279,APLAPOLLO26SEP1880CE,APLAPOLLO,24SEP2026,188000.000000,350,OPTSTK,BFO,5.000000,100000000,False
843281,SBIN26SEP1040CE,SBIN,24SEP2026,104000.000000,750,OPTSTK,BFO,5.000000,45000,False
1105609,SENSEX26O1577000CE,SENSEX,15OCT2026,7700000.000000,20,OPTIDX,BFO,5.000000,1000,False
1105613,NHPC26NOV79PE,NHPC,26NOV2026,7900.000000,6950,OPTSTK,BFO,5.000000,100000000,False
1105620,MAHABANK26SEP79CE,MAHABANK,24SEP2026,7900.000000,6500,OPTSTK,BFO,5.000000,100000000,False
1105632,APOLLOHOSP26NOV8200CE,APOLLOHOSP,26NOV2026,820000.000000,125,OPTSTK,BFO,5.000000,5000,False
843288,BANKINDIA26SEP140PE,BANKINDIA,24SEP2026,14000.000000,5200,OPTSTK,BFO,5.000000,100000000,False
843300,BRITANNIA26SEP5150PE,BRITANNIA,24SEP2026,515000.000000,125,OPTSTK,BFO,5.000000,6000,False
843304,MANAPPURAM26SEP355PE,MANAPPURAM,24SEP2026,35500.000000,3000,OPTSTK,BFO,5.000000,180000,False
843319,NHPC26SEP84PE,NHPC,24SEP2026,8400.000000,6950,OPTSTK,BFO,5.000000,100000000,False
855957,TORNTPHARM26SEP5050CE,TORNTPHARM,24SEP2026,505000.000000,125,OPTSTK,BFO,5.000000,15000,False
855991,DMART26SEP3650PE,DMART,24SEP2026,365000.000000,150,OPTSTK,BFO,5.000000,100000000,False
856072,360ONE26SEP1240PE,,24SEP2026,124000.000000,500,OPTSTK,BFO,5.000000,100000000,False
856076,CUMMINSIND26SEP4800CE,CUMMINSIND,24SEP2026,480000.000000,200,OPTSTK,BFO,5.000000,18000,False
1105644,SOLARINDS26NOV21250CE,SOLARINDS,26NOV2026,2125000.000000,50,OPTSTK,BFO,5.000000,100000000,False
1105649,SENSEX5026OCT24250CE,SENSEX50,29OCT2026,2425000.000000,75,OPTIDX,BFO,5.000000,1800,False
1105651,SHRIRAMFIN26NOV960PE,SHRIRAMFIN,26NOV2026,96000.000000,825,OPTSTK,BFO,5.000000,18000,False
1105712,ETERNAL26NOV325PE,ETERNAL,26NOV2026,32500.000000,2425,OPTSTK,BFO,5.000000,100000000,False
850334,LAURUSLABS26SEP1550PE,LAURUSLABS,24SEP2026,155000.000000,850,OPTSTK,BFO,5.000000,68000,False
850337,COALINDIA26SEP480PE,COALINDIA,24SEP2026,48000.000000,1350,OPTSTK,BFO,5.000000,126000,False
850341,NAUKRI26SEP1060PE,NAUKRI,24SEP2026,106000.000000,550,OPTSTK,BFO,5.000000,6000,False
850350,KPITTECH26SEP660CE,KPITTECH,24SEP2026,66000.000000,775,OPTSTK,BFO,5.000000,100000000,False
856097,POWERINDIA26SEP29500PE,POWERINDIA,24SEP2026,2950000.000000,25,OPTSTK,BFO,5.000000,100000000,False
856140,SENSEX5026SEP26350CE,SENSEX50,24SEP2026,2635000.000000,75,OPTIDX,BFO,5.000000,1800,False
856160,LODHA26SEP1180CE,LODHA,24SEP2026,118000.000000,625,OPTSTK,BFO,5.000000,100000000,False
856191,PNB26SEP99CE,PNB,24SEP2026,9900.000000,8000,OPTSTK,BFO,5.000000,480000,False
850359,SUPREMEIND26SEP2850CE,SUPREMEIND,24SEP2026,285000.000000,175,OPTSTK,BFO,5.000000,100000000,False
850360,ZYDUSLIFE26SEP1180PE,ZYDUSLIFE,24SEP2026,118000.000000,900,OPTSTK,BFO,5.000000,54000,False
850361,BANKEX26SEP58400PE,BANKEX,24SEP2026,5840000.000000,30,OPTIDX,BFO,5.000000,900,False
850372,POLYCAB26SEP10500PE,POLYCAB,24SEP2026,1050000.000000,125,OPTSTK,BFO,5.000000,9000,False
843321,HYUNDAI26SEPFUT,HYUNDAI,24SEP2026,0.000000,275,FUTSTK,BFO,5.000000,100000000,False
843322,SBICARD26SEP600PE,SBICARD,24SEP2026,60000.000000,800,OPTSTK,BFO,5.000000,32000,False
843323,BRITANNIA26SEP5300CE,BRITANNIA,24SEP2026,530000.000000,125,OPTSTK,BFO,5.000000,6000,False
843326,NBCC26SEP109CE,NBCC,24SEP2026,10900.000000,6500,OPTSTK,BFO,5.000000,100000000,False
1105773,YESBANK26NOV17PE,YESBANK,26NOV2026,1700.000000,31100,OPTSTK,BFO,5.000000,100000000,False
1105782,APLAPOLLO26NOVFUT,APLAPOLLO,26NOV2026,0.000000,350,FUTSTK,BFO,5.000000,100000000,False
1105783,YESBANK26NOV21CE,YESBANK,26NOV2026,2100.000000,31100,OPTSTK,BFO,5.000000,100000000,False
1105801,FORCEMOT26NOV14000PE,FORCEMOT,26NOV2026,1400000.000000,25,OPTSTK,BFO,5.000000,100000000,False
856231,MCX26SEP2400CE,MCX,24SEP2026,240000.000000,225,OPTSTK,BFO,5.000000,16000,False
856265,BRITANNIA26SEP5800CE,BRITANNIA,24SEP2026,580000.000000,125,OPTSTK,BFO,5.000000,6000,False
856274,POLICYBZR26SEP1440PE,POLICYBZR,24SEP2026,144000.000000,350,OPTSTK,BFO,5.000000,100000000,False
856282,DIXON26SEP15000CE,DIXON,24SEP2026,1500000.000000,50,OPTSTK,BFO,5.000000,6000,False
850373,CGPOWER26SEP1030CE,CGPOWER,24SEP2026,103000.000000,850,OPTSTK,BFO,5.000000,100000000,False
850402,PIIND26SEP2420PE,PIIND,24SEP2026,242000.000000,175,OPTSTK,BFO,5.000000,7500,False
850404,HEROMOTOCO26SEP4500PE,HEROMOTOCO,24SEP2026,450000.000000,150,OPTSTK,BFO,5.000000,9000,False
850417,SUNPHARMA26SEP2020PE,SUNPHARMA,24SEP2026,202000.000000,350,OPTSTK,BFO,5.000000,28000,False
843406,CAMS26SEP870CE,CAMS,24SEP2026,87000.000000,825,OPTSTK,BFO,5.000000,100000000,False
856290,ADANIENSOL26SEP1740CE,ADANIENSOL,24SEP2026,174000.000000,675,OPTSTK,BFO,5.000000,100000000,False
856318,ABCAPITAL26SEP440CE,ABCAPITAL,24SEP2026,44000.000000,3100,OPTSTK,BFO,5.000000,162000,False
856325,GRASIM26SEP3360CE,GRASIM,24SEP2026,336000.000000,250,OPTSTK,BFO,5.000000,14250,False
856334,BANKEX26SEP72800PE,BANKEX,24SEP2026,7280000.000000,30,OPTIDX,BFO,5.000000,900,False
1105868,MPHASIS26NOV2300PE,MPHASIS,26NOV2026,230000.000000,275,OPTSTK,BFO,5.000000,11000,False
1105887,MARICO26NOV860PE,MARICO,26NOV2026,86000.000000,1200,OPTSTK,BFO,5.000000,48000,False
1105888,ASTRAL26NOV1500CE,ASTRAL,26NOV2026,150000.000000,425,OPTSTK,BFO,5.000000,14680,False
1105889,INOXWIND26NOV75CE,INOXWIND,26NOV2026,7500.000000,6400,OPTSTK,BFO,5.000000,100000000,False
843330,CROMPTON26SEP282.5PE,CROMPTON,24SEP2026,28250.000000,2150,OPTSTK,BFO,5.000000,90000,False
843345,BANDHANBNK26SEP215CE,BANDHANBNK,24SEP2026,21500.000000,3600,OPTSTK,BFO,5.000000,100000,False
843356,POWERGRID26SEPFUT,POWERGRID,24SEP2026,0.000000,1900,FUTSTK,BFO,5.000000,108000,False
850425,KEI26SEP5850CE,KEI,24SEP2026,585000.000000,175,OPTSTK,BFO,5.000000,100000000,False
850455,PERSISTENT26SEP4100CE,PERSISTENT,24SEP2026,410000.000000,125,OPTSTK,BFO,5.000000,5250,False
850469,TMPV26SEP310PE,TMPV,24SEP2026,31000.000000,1600,OPTSTK,BFO,5.000000,42750,False
850503,BANKEX26SEP58300CE,BANKEX,24SEP2026,5830000.000000,30,OPTIDX,BFO,5.000000,900,False
856348,LTF26SEP365CE,LTF,24SEP2026,36500.000000,2250,OPTSTK,BFO,5.000000,267720,False
856390,BANKEX26SEP72900CE,BANKEX,24SEP2026,7290000.000000,30,OPTIDX,BFO,5.000000,900,False
856398,RADICO26SEP4350PE,RADICO,24SEP2026,435000.000000,150,OPTSTK,BFO,5.000000,100000000,False
856420,BRITANNIA26SEP5800PE,BRITANNIA,24SEP2026,580000.000000,125,OPTSTK,BFO,5.000000,6000,False
850512,LICHSGFIN26SEP590CE,LICHSGFIN,24SEP2026,59000.000000,1000,OPTSTK,BFO,5.000000,60000,False
850521,KEI26SEP5750PE,KEI,24SEP2026,575000.000000,175,OPTSTK,BFO,5.000000,100000000,False
850559,DRREDDY26SEP1450CE,DRREDDY,24SEP2026,145000.000000,625,OPTSTK,BFO,5.000000,5000,False
850570,TATASTEEL26SEP207.5CE,TATASTEEL,24SEP2026,20750.000000,2750,OPTSTK,BFO,5.000000,220000,False
843424,KFINTECH26SEP800PE,KFINTECH,24SEP2026,80000.000000,575,OPTSTK,BFO,5.000000,100000000,False
843450,MFSL26SEP1620CE,MFSL,24SEP2026,162000.000000,400,OPTSTK,BFO,5.000000,32000,False
843463,DABUR26SEP430CE,DABUR,24SEP2026,43000.000000,1250,OPTSTK,BFO,5.000000,50000,False
843465,ABB26SEP6800PE,ABB,24SEP2026,680000.000000,125,OPTSTK,BFO,5.000000,7500,False
1105893,FOCIT26NOV30100PE,FOCIT,26NOV2026,3010000.000000,45,OPTIDX,BFO,5.000000,1350,False
1105900,ULTRACEMCO26NOV11100CE,ULTRACEMCO,26NOV2026,1110000.000000,50,OPTSTK,BFO,5.000000,3000,False
1105901,CAMS26NOV720PE,CAMS,26NOV2026,72000.000000,825,OPTSTK,BFO,5.000000,100000000,False
1105903,FEDERALBNK26OCT300CE,FEDERALBNK,29OCT2026,30000.000000,2500,OPTSTK,BFO,5.000000,200000,False
856423,LODHA26SEP1220PE,LODHA,24SEP2026,122000.000000,625,OPTSTK,BFO,5.000000,100000000,False
856465,GRASIM26SEP3360PE,GRASIM,24SEP2026,336000.000000,250,OPTSTK,BFO,5.000000,14250,False
856475,INDHOTEL26SEP810CE,INDHOTEL,24SEP2026,81000.000000,1000,OPTSTK,BFO,5.000000,60000,False
856492,PFC26SEP385CE,PFC,24SEP2026,38500.000000,1300,OPTSTK,BFO,5.000000,124000,False
850580,JIOFIN26SEP220CE,JIOFIN,24SEP2026,22000.000000,2350,OPTSTK,BFO,5.000000,100000000,False
850605,IOC26SEP134CE,IOC,24SEP2026,13400.000000,4875,OPTSTK,BFO,5.000000,292500,False
850672,IOC26SEP125CE,IOC,24SEP2026,12500.000000,4875,OPTSTK,BFO,5.000000,292500,False
850677,SRF26SEP2900CE,SRF,24SEP2026,290000.000000,200,OPTSTK,BFO,5.000000,11250,False
843467,INDHOTEL26SEP735CE,INDHOTEL,24SEP2026,73500.000000,1000,OPTSTK,BFO,5.000000,60000,False
843479,POLYCAB26SEP9100PE,POLYCAB,24SEP2026,910000.000000,125,OPTSTK,BFO,5.000000,9000,False
843480,PNB26SEP107CE,PNB,24SEP2026,10700.000000,8000,OPTSTK,BFO,5.000000,480000,False
843485,VBL26SEP545PE,VBL,24SEP2026,54500.000000,1275,OPTSTK,BFO,5.000000,100000000,False
856495,INDUSINDBK26SEP1080CE,INDUSINDBK,24SEP2026,108000.000000,700,OPTSTK,BFO,5.000000,20000,False
856518,DIXON26SEP14750PE,DIXON,24SEP2026,1475000.000000,50,OPTSTK,BFO,5.000000,6000,False
856539,UNITDSPR26SEP1560PE,UNITDSPR,24SEP2026,156000.000000,400,OPTSTK,BFO,5.000000,28000,False
856545,MOTHERSON26SEP127.5PE,MOTHERSON,24SEP2026,12750.000000,6150,OPTSTK,BFO,5.000000,284000,False
1105919,SHREECEM26NOV25500PE,SHREECEM,26NOV2026,2550000.000000,25,OPTSTK,BFO,5.000000,1000,False
1105935,TATASTEEL26NOV192.5CE,TATASTEEL,26NOV2026,19250.000000,2750,OPTSTK,BFO,5.000000,220000,False
1105948,ASIANPAINT26NOV2720PE,ASIANPAINT,26NOV2026,272000.000000,250,OPTSTK,BFO,5.000000,8000,False
1105969,ASIANPAINT26NOV2560PE,ASIANPAINT,26NOV2026,256000.000000,250,OPTSTK,BFO,5.000000,8000,False
850695,ADANIPOWER26SEP195PE,ADANIPOWER,24SEP2026,19500.000000,3550,OPTSTK,BFO,5.000000,100000000,False
850727,MPHASIS26SEP1838CE,MPHASIS,24SEP2026,183800.000000,275,OPTSTK,BFO,5.000000,11000,False
850728,CUMMINSIND26SEP6100CE,CUMMINSIND,24SEP2026,610000.000000,200,OPTSTK,BFO,5.000000,18000,False
850770,PNBHOUSING26SEP1160CE,PNBHOUSING,24SEP2026,116000.000000,650,OPTSTK,BFO,5.000000,100000000,False
856581,ICICIBANK26SEP1500CE,ICICIBANK,24SEP2026,150000.000000,700,OPTSTK,BFO,5.000000,28000,False
856590,DIXON26SEP14500PE,DIXON,24SEP2026,1450000.000000,50,OPTSTK,BFO,5.000000,6000,False
856591,360ONE26SEP1280CE,,24SEP2026,128000.000000,500,OPTSTK,BFO,5.000000,100000000,False
856595,PHOENIXLTD26SEP2200PE,PHOENIXLTD,24SEP2026,220000.000000,350,OPTSTK,BFO,5.000000,100000000,False
843489,NYKAA26SEP292.5CE,NYKAA,24SEP2026,29250.000000,3125,OPTSTK,BFO,5.000000,100000000,False
843504,M&M26SEP3040CE,M&M,24SEP2026,304000.000000,200,OPTSTK,BFO,5.000000,21000,False
843517,FOCIT26SEP29500CE,FOCIT,24SEP2026,2950000.000000,45,OPTIDX,BFO,5.000000,1350,False
843536,BANKEX26SEP66700PE,BANKEX,24SEP2026,6670000.000000,30,OPTIDX,BFO,5.000000,900,False
850784,GAIL26SEP190PE,GAIL,24SEP2026,19000.000000,3550,OPTSTK,BFO,5.000000,274500,False
850801,PREMIERENE26SEP920CE,PREMIERENE,24SEP2026,92000.000000,650,OPTSTK,BFO,5.000000,100000000,False
850831,NYKAA26SEP345PE,NYKAA,24SEP2026,34500.000000,3125,OPTSTK,BFO,5.000000,100000000,False
850841,SUZLON26SEP66PE,SUZLON,24SEP2026,6600.000000,12700,OPTSTK,BFO,5.000000,100000000,False
1105979,ASTRAL26NOV1420PE,ASTRAL,26NOV2026,142000.000000,425,OPTSTK,BFO,5.000000,14680,False
1105980,PIDILITIND26NOV1760PE,PIDILITIND,26NOV2026,176000.000000,500,OPTSTK,BFO,5.000000,10000,False
1105984,BRITANNIA26NOV5050CE,BRITANNIA,26NOV2026,505000.000000,125,OPTSTK,BFO,5.000000,6000,False
1106007,HINDALCO26NOVFUT,HINDALCO,26NOV2026,0.000000,700,FUTSTK,BFO,5.000000,56000,False
856614,ADANIENSOL26SEP1760CE,ADANIENSOL,24SEP2026,176000.000000,675,OPTSTK,BFO,5.000000,100000000,False
856643,NBCC26SEP82.5CE,NBCC,24SEP2026,8250.000000,6500,OPTSTK,BFO,5.000000,100000000,False
856674,PRESTIGE26SEP1840CE,PRESTIGE,24SEP2026,184000.000000,450,OPTSTK,BFO,5.000000,100000000,False
856690,PNB26SEP97CE,PNB,24SEP2026,9700.000000,8000,OPTSTK,BFO,5.000000,480000,False
850850,HINDALCO26SEP840PE,HINDALCO,24SEP2026,84000.000000,700,OPTSTK,BFO,5.000000,56000,False
850969,TATAELXSI26SEP3600PE,TATAELXSI,24SEP2026,360000.000000,125,OPTSTK,BFO,5.000000,100000000,False
851009,UPL26SEP500PE,UPL,24SEP2026,50000.000000,1355,OPTSTK,BFO,5.000000,39000,False
851027,NTPC26SEP330CE,NTPC,24SEP2026,33000.000000,1500,OPTSTK,BFO,5.000000,150000,False
843542,POLICYBZR26SEP1680PE,POLICYBZR,24SEP2026,168000.000000,350,OPTSTK,BFO,5.000000,100000000,False
843544,JIOFIN26SEP252.5PE,JIOFIN,24SEP2026,25250.000000,2350,OPTSTK,BFO,5.000000,100000000,False
843545,BAJAJ-AUTO26SEP9300CE,BAJAJ-AUTO,24SEP2026,930000.000000,75,OPTSTK,BFO,5.000000,5000,False
843550,SONACOMS26SEP645CE,SONACOMS,24SEP2026,64500.000000,1225,OPTSTK,BFO,5.000000,100000000,False
856695,OBEROIRLTY26SEP2100CE,OBEROIRLTY,24SEP2026,210000.000000,350,OPTSTK,BFO,5.000000,28000,False
1106041,ADANIENSOL26NOV1500PE,ADANIENSOL,26NOV2026,150000.000000,675,OPTSTK,BFO,5.000000,100000000,False
1106054,SAIL26NOV187.5CE,SAIL,26NOV2026,18750.000000,4700,OPTSTK,BFO,5.000000,320000,False
1106071,TMPV26NOV290PE,TMPV,26NOV2026,29000.000000,1600,OPTSTK,BFO,5.000000,42750,False
1106101,MFSL26NOV1700PE,MFSL,26NOV2026,170000.000000,400,OPTSTK,BFO,5.000000,32000,False
1127500,SOLARINDS26NOV24000CE,SOLARINDS,26NOV2026,2400000.000000,50,OPTSTK,BFO,5.000000,100000000,False
1127511,DIXON26NOV12250PE,DIXON,26NOV2026,1225000.000000,50,OPTSTK,BFO,5.000000,6000,False
1127532,SENSEX26OCT68900CE,SENSEX,29OCT2026,6890000.000000,20,OPTIDX,BFO,5.000000,1000,False
851030,POLYCAB26SEP10700PE,POLYCAB,24SEP2026,1070000.000000,125,OPTSTK,BFO,5.000000,9000,False
851054,PREMIERENE26SEP1160CE,PREMIERENE,24SEP2026,116000.000000,650,OPTSTK,BFO,5.000000,100000000,False
851066,TVSMOTOR26SEP3800PE,TVSMOTOR,24SEP2026,380000.000000,175,OPTSTK,BFO,5.000000,21000,False
851072,SHRIRAMFIN26SEP920PE,SHRIRAMFIN,24SEP2026,92000.000000,825,OPTSTK,BFO,5.000000,18000,False
843573,BANKEX26SEP71000CE,BANKEX,24SEP2026,7100000.000000,30,OPTIDX,BFO,5.000000,900,False
843574,KAYNES26SEP3100PE,KAYNES,24SEP2026,310000.000000,150,OPTSTK,BFO,5.000000,100000000,False
843595,HDFCAMC26SEP2760CE,HDFCAMC,24SEP2026,276000.000000,300,OPTSTK,BFO,5.000000,12000,False
843600,ADANIGREEN26SEP1480PE,ADANIGREEN,24SEP2026,148000.000000,600,OPTSTK,BFO,5.000000,100000000,False
1106102,BANKINDIA26NOV145PE,BANKINDIA,26NOV2026,14500.000000,5200,OPTSTK,BFO,5.000000,100000000,False
1106105,TMPV26NOV295CE,TMPV,26NOV2026,29500.000000,1600,OPTSTK,BFO,5.000000,42750,False
1106125,SENSEX26O1575900PE,SENSEX,15OCT2026,7590000.000000,20,OPTIDX,BFO,5.000000,1000,False
1106138,WAAREEENER26NOV2350CE,WAAREEENER,26NOV2026,235000.000000,175,OPTSTK,BFO,5.000000,100000000,False
851090,NATIONALUM26SEP270CE,NATIONALUM,24SEP2026,27000.000000,1875,OPTSTK,BFO,5.000000,300000,False
851092,CROMPTON26SEP305CE,CROMPTON,24SEP2026,30500.000000,2150,OPTSTK,BFO,5.000000,90000,False
851142,INOXWIND26SEP72.5CE,INOXWIND,24SEP2026,7250.000000,6400,OPTSTK,BFO,5.000000,100000000,False
851212,ALKEM26SEP5800PE,ALKEM,24SEP2026,580000.000000,125,OPTSTK,BFO,5.000000,8000,False
1127599,SENSEX26O0169000PE,SENSEX,01OCT2026,6900000.000000,20,OPTIDX,BFO,5.000000,1000,False
1127607,CIPLA26NOV1310CE,CIPLA,26NOV2026,131000.000000,425,OPTSTK,BFO,5.000000,26000,False
1127614,MARUTI26NOV11900PE,MARUTI,26NOV2026,1190000.000000,50,OPTSTK,BFO,5.000000,3000,False
1127621,DIVISLAB26NOV10200CE,DIVISLAB,26NOV2026,1020000.000000,100,OPTSTK,BFO,5.000000,8000,False
843613,FOCIT26SEP33500CE,FOCIT,24SEP2026,3350000.000000,45,OPTIDX,BFO,5.000000,1350,False
843627,DIXON26SEP11700CE,DIXON,24SEP2026,1170000.000000,50,OPTSTK,BFO,5.000000,6000,False
843635,UNITDSPR26SEP1360CE,UNITDSPR,24SEP2026,136000.000000,400,OPTSTK,BFO,5.000000,28000,False
843639,ICICIPRULI26SEP475PE,ICICIPRULI,24SEP2026,47500.000000,925,OPTSTK,BFO,5.000000,60000,False
851270,EICHERMOT26SEP6800PE,EICHERMOT,24SEP2026,680000.000000,100,OPTSTK,BFO,5.000000,7000,False
851215,HDFCBANK26SEP870PE,HDFCBANK,24SEP2026,87000.000000,650,OPTSTK,BFO,5.000000,16500,False
851221,INOXWIND26SEP77.5CE,INOXWIND,24SEP2026,7750.000000,6400,OPTSTK,BFO,5.000000,100000000,False
851227,PIIND26SEP2300PE,PIIND,24SEP2026,230000.000000,175,OPTSTK,BFO,5.000000,7500,False
1106168,MUTHOOTFIN26NOV3400PE,MUTHOOTFIN,26NOV2026,340000.000000,275,OPTSTK,BFO,5.000000,22000,False
1106179,COCHINSHIP26NOV1420CE,COCHINSHIP,26NOV2026,142000.000000,400,OPTSTK,BFO,5.000000,100000000,False
1106181,ICICIPRULI26NOV540PE,ICICIPRULI,26NOV2026,54000.000000,925,OPTSTK,BFO,5.000000,60000,False
1106192,HYUNDAI26NOV2300PE,HYUNDAI,26NOV2026,230000.000000,275,OPTSTK,BFO,5.000000,100000000,False
1127648,SENSEX26O0868700PE,SENSEX,08OCT2026,6870000.000000,20,OPTIDX,BFO,5.000000,1000,False
1127649,DIVISLAB26SEP10100CE,DIVISLAB,24SEP2026,1010000.000000,100,OPTSTK,BFO,5.000000,8000,False
1127735,BANKINDIA26NOV122.5CE,BANKINDIA,26NOV2026,12250.000000,5200,OPTSTK,BFO,5.000000,100000000,False
1127777,SHRIRAMFIN26NOV880CE,SHRIRAMFIN,26NOV2026,88000.000000,825,OPTSTK,BFO,5.000000,18000,False
851301,GODFRYPHLP26SEP2050PE,GODFRYPHLP,24SEP2026,205000.000000,275,OPTSTK,BFO,5.000000,100000000,False
851310,PERSISTENT26SEP3900CE,PERSISTENT,24SEP2026,390000.000000,125,OPTSTK,BFO,5.000000,5250,False
851320,HINDALCO26SEP1080CE,HINDALCO,24SEP2026,108000.000000,700,OPTSTK,BFO,5.000000,56000,False
851350,TIINDIA26SEP3350PE,TIINDIA,24SEP2026,335000.000000,200,OPTSTK,BFO,5.000000,100000000,False
843646,EICHERMOT26SEP7700CE,EICHERMOT,24SEP2026,770000.000000,100,OPTSTK,BFO,5.000000,7000,False
843662,DABUR26SEP435CE,DABUR,24SEP2026,43500.000000,1250,OPTSTK,BFO,5.000000,50000,False
843663,PETRONET26SEP285PE,PETRONET,24SEP2026,28500.000000,1900,OPTSTK,BFO,5.000000,120000,False
843665,INOXWIND26SEP85CE,INOXWIND,24SEP2026,8500.000000,6400,OPTSTK,BFO,5.000000,100000000,False
1106208,KALYANKJIL26NOV605CE,KALYANKJIL,26NOV2026,60500.000000,1350,OPTSTK,BFO,5.000000,100000000,False
1106241,COALINDIA26NOV380PE,COALINDIA,26NOV2026,38000.000000,1350,OPTSTK,BFO,5.000000,126000,False
1106244,ATHERENERG26SEP1580CE,ATHERENERG,24SEP2026,158000.000000,375,OPTSTK,BFO,5.000000,100000000,False
1106248,SBICARD26NOV570CE,SBICARD,26NOV2026,57000.000000,800,OPTSTK,BFO,5.000000,32000,False
1127782,OIL26NOV530PE,OIL,26NOV2026,53000.000000,1400,OPTSTK,BFO,5.000000,100000000,False
1127897,SUNPHARMA26NOV1740PE,SUNPHARMA,26NOV2026,174000.000000,350,OPTSTK,BFO,5.000000,28000,False
1127937,CIPLA26SEP1310CE,CIPLA,24SEP2026,131000.000000,425,OPTSTK,BFO,5.000000,26000,False
1127998,BPCL26NOV270PE,BPCL,26NOV2026,27000.000000,1975,OPTSTK,BFO,5.000000,72000,False
843668,360ONE26SEP1060PE,,24SEP2026,106000.000000,500,OPTSTK,BFO,5.000000,100000000,False
843669,SAIL26SEP187.5PE,SAIL,24SEP2026,18750.000000,4700,OPTSTK,BFO,5.000000,320000,False
843673,NAUKRI26SEP950PE,NAUKRI,24SEP2026,95000.000000,550,OPTSTK,BFO,5.000000,6000,False
843674,ALKEM26SEP5750PE,ALKEM,24SEP2026,575000.000000,125,OPTSTK,BFO,5.000000,8000,False
851392,VBL26SEP580CE,VBL,24SEP2026,58000.000000,1275,OPTSTK,BFO,5.000000,100000000,False
851424,SRF26SEP2650PE,SRF,24SEP2026,265000.000000,200,OPTSTK,BFO,5.000000,11250,False
851425,TVSMOTOR26SEP3300PE,TVSMOTOR,24SEP2026,330000.000000,175,OPTSTK,BFO,5.000000,21000,False
851431,CGPOWER26SEP820CE,CGPOWER,24SEP2026,82000.000000,850,OPTSTK,BFO,5.000000,100000000,False
851455,DIXON26SEP13750CE,DIXON,24SEP2026,1375000.000000,50,OPTSTK,BFO,5.000000,6000,False
851456,JINDALSTEL26SEP980PE,JINDALSTEL,24SEP2026,98000.000000,625,OPTSTK,BFO,5.000000,37500,False
851516,MOTHERSON26SEP132.5PE,MOTHERSON,24SEP2026,13250.000000,6150,OPTSTK,BFO,5.000000,284000,False
851520,IOC26SEP127.5PE,IOC,24SEP2026,12750.000000,4875,OPTSTK,BFO,5.000000,292500,False
1128201,360ONE26OCT960CE,,29OCT2026,96000.000000,500,OPTSTK,BFO,5.000000,100000000,False
1106280,PFC26NOV370PE,PFC,26NOV2026,37000.000000,1300,OPTSTK,BFO,5.000000,124000,False
1106287,LUPIN26OCT2020CE,LUPIN,29OCT2026,202000.000000,425,OPTSTK,BFO,5.000000,34000,False
1106301,SENSEX26NOV75500CE,SENSEX,26NOV2026,7550000.000000,20,OPTIDX,BFO,5.000000,1000,False
1106308,HINDUNILVR26NOV2140CE,HINDUNILVR,26NOV2026,214000.000000,300,OPTSTK,BFO,5.000000,9000,False
1128037,OIL26OCT530PE,OIL,29OCT2026,53000.000000,1400,OPTSTK,BFO,5.000000,100000000,False
1128091,HAVELLS26SEP1000CE,HAVELLS,24SEP2026,100000.000000,500,OPTSTK,BFO,5.000000,20000,False
1128113,SENSEX26O2268900PE,SENSEX,22OCT2026,6890000.000000,20,OPTIDX,BFO,5.000000,1000,False
843676,NYKAA26SEP297.5CE,NYKAA,24SEP2026,29750.000000,3125,OPTSTK,BFO,5.000000,100000000,False
843691,SRF26SEP2640CE,SRF,24SEP2026,264000.000000,200,OPTSTK,BFO,5.000000,11250,False
843702,NHPC26SEP81CE,NHPC,24SEP2026,8100.000000,6950,OPTSTK,BFO,5.000000,100000000,False
843713,SAIL26SEP155PE,SAIL,24SEP2026,15500.000000,4700,OPTSTK,BFO,5.000000,320000,False
1128275,SENSEX26O0168600PE,SENSEX,01OCT2026,6860000.000000,20,OPTIDX,BFO,5.000000,1000,False
1128326,HAL26NOV5300CE,HAL,26NOV2026,530000.000000,150,OPTSTK,BFO,5.000000,9000,False
1128384,BANKEX26SEP56700CE,BANKEX,24SEP2026,5670000.000000,30,OPTIDX,BFO,5.000000,900,False
1128410,SENSEX29JUN70000PE,SENSEX,28JUN2029,7000000.000000,20,OPTIDX,BFO,5.000000,1000,False
843775,ASHOKLEY26SEP160CE,ASHOKLEY,24SEP2026,16000.000000,5000,OPTSTK,BFO,5.000000,150000,False
843791,SBIN26SEP1080CE,SBIN,24SEP2026,108000.000000,750,OPTSTK,BFO,5.000000,45000,False
843800,BANKEX26SEP68900CE,BANKEX,24SEP2026,6890000.000000,30,OPTIDX,BFO,5.000000,900,False
843807,BANKEX26SEP71300PE,BANKEX,24SEP2026,7130000.000000,30,OPTIDX,BFO,5.000000,900,False
851531,MARUTI26SEP14700PE,MARUTI,24SEP2026,1470000.000000,50,OPTSTK,BFO,5.000000,3000,False
851543,RADICO26SEP3650CE,RADICO,24SEP2026,365000.000000,150,OPTSTK,BFO,5.000000,100000000,False
851564,GVT&D26SEP4300PE,GVT&D,24SEP2026,430000.000000,125,OPTSTK,BFO,5.000000,100000000,False
851575,LICHSGFIN26SEP610CE,LICHSGFIN,24SEP2026,61000.000000,1000,OPTSTK,BFO,5.000000,60000,False
1106320,OFSS26NOV11900PE,OFSS,26NOV2026,1190000.000000,100,OPTSTK,BFO,5.000000,8000,False
1106322,INDIANB26NOV890PE,INDIANB,26NOV2026,89000.000000,1000,OPTSTK,BFO,5.000000,100000000,False
1106395,CAMS26NOV690CE,CAMS,26NOV2026,69000.000000,825,OPTSTK,BFO,5.000000,100000000,False
1106432,ANGELONE26NOV295PE,ANGELONE,26NOV2026,29500.000000,2500,OPTSTK,BFO,5.000000,100000000,False
1128439,PAYTM26SEP1900CE,PAYTM,24SEP2026,190000.000000,725,OPTSTK,BFO,5.000000,100000000,False
1128442,BANKEX26OCT56700PE,BANKEX,29OCT2026,5670000.000000,30,OPTIDX,BFO,5.000000,900,False
1128445,ULTRACEMCO26SEP10300CE,ULTRACEMCO,24SEP2026,1030000.000000,50,OPTSTK,BFO,5.000000,3000,False
1128541,FOCIT26SEP29200PE,FOCIT,24SEP2026,2920000.000000,45,OPTIDX,BFO,5.000000,1350,False
851584,TATACONSUM26SEP1010CE,TATACONSUM,24SEP2026,101000.000000,550,OPTSTK,BFO,5.000000,36000,False
851600,ICICIBANK26SEP1310CE,ICICIBANK,24SEP2026,131000.000000,700,OPTSTK,BFO,5.000000,28000,False
851605,IEX26SEP110CE,IEX,24SEP2026,11000.000000,4350,OPTSTK,BFO,5.000000,150000,False
851633,GMRAIRPORT26SEP118PE,GMRAIRPORT,24SEP2026,11800.000000,6975,OPTSTK,BFO,5.000000,675000,False
843815,VEDL26SEP320CE,VEDL,24SEP2026,32000.000000,1150,OPTSTK,BFO,5.000000,80000,False
843823,SBICARD26SEP640PE,SBICARD,24SEP2026,64000.000000,800,OPTSTK,BFO,5.000000,32000,False
843829,SBILIFE26SEP1600CE,SBILIFE,24SEP2026,160000.000000,375,OPTSTK,BFO,5.000000,22500,False
843834,NMDC26SEP89CE,NMDC,24SEP2026,8900.000000,6750,OPTSTK,BFO,5.000000,225000,False
1106461,SBICARD26NOV640CE,SBICARD,26NOV2026,64000.000000,800,OPTSTK,BFO,5.000000,32000,False
1106468,MUTHOOTFIN26NOV3150PE,MUTHOOTFIN,26NOV2026,315000.000000,275,OPTSTK,BFO,5.000000,22000,False
1106621,ADANIENT26NOV3400CE,ADANIENT,26NOV2026,340000.000000,309,OPTSTK,BFO,5.000000,9000,False
1106624,PAYTM26NOV1740PE,PAYTM,26NOV2026,174000.000000,725,OPTSTK,BFO,5.000000,100000000,False
851642,CGPOWER26SEP860CE,CGPOWER,24SEP2026,86000.000000,850,OPTSTK,BFO,5.000000,100000000,False
851669,DABUR26SEP385CE,DABUR,24SEP2026,38500.000000,1250,OPTSTK,BFO,5.000000,50000,False
851729,INDIGO26SEP5900CE,INDIGO,24SEP2026,590000.000000,150,OPTSTK,BFO,5.000000,12000,False
851733,HDFCAMC26SEP2350CE,HDFCAMC,24SEP2026,235000.000000,300,OPTSTK,BFO,5.000000,12000,False
1128550,PAYTM26SEP1880PE,PAYTM,24SEP2026,188000.000000,725,OPTSTK,BFO,5.000000,100000000,False
1128555,BANKEX26SEP56900CE,BANKEX,24SEP2026,5690000.000000,30,OPTIDX,BFO,5.000000,900,False
1128573,FOCIT26NOV28500PE,FOCIT,26NOV2026,2850000.000000,45,OPTIDX,BFO,5.000000,1350,False
1128584,SENSEX26OCT68300CE,SENSEX,29OCT2026,6830000.000000,20,OPTIDX,BFO,5.000000,1000,False
1106629,BIOCON26NOV450PE,BIOCON,26NOV2026,45000.000000,2500,OPTSTK,BFO,5.000000,100000,False
1106657,NAUKRI26NOV1280CE,NAUKRI,26NOV2026,128000.000000,550,OPTSTK,BFO,5.000000,6000,False
1106685,APLAPOLLO26NOV2200PE,APLAPOLLO,26NOV2026,220000.000000,350,OPTSTK,BFO,5.000000,100000000,False
1106715,SUZLON26NOV42CE,SUZLON,26NOV2026,4200.000000,12700,OPTSTK,BFO,5.000000,100000000,False
851744,CUMMINSIND26SEP5000PE,CUMMINSIND,24SEP2026,500000.000000,200,OPTSTK,BFO,5.000000,18000,False
851771,BHEL26SEP440CE,BHEL,24SEP2026,44000.000000,2625,OPTSTK,BFO,5.000000,315000,False
851777,APOLLOHOSP26SEP8000PE,APOLLOHOSP,24SEP2026,800000.000000,125,OPTSTK,BFO,5.000000,5000,False
851790,DIXON26SEP13500CE,DIXON,24SEP2026,1350000.000000,50,OPTSTK,BFO,5.000000,6000,False
843840,CIPLA26SEP1450PE,CIPLA,24SEP2026,145000.000000,425,OPTSTK,BFO,5.000000,26000,False
843841,FORCEMOT26SEP22000CE,FORCEMOT,24SEP2026,2200000.000000,25,OPTSTK,BFO,5.000000,100000000,False
843850,SUZLON26SEP64CE,SUZLON,24SEP2026,6400.000000,12700,OPTSTK,BFO,5.000000,100000000,False
843860,HYUNDAI26SEP1900PE,HYUNDAI,24SEP2026,190000.000000,275,OPTSTK,BFO,5.000000,100000000,False
1128628,MANAPPURAM26OCT285PE,MANAPPURAM,29OCT2026,28500.000000,3000,OPTSTK,BFO,5.000000,180000,False
1128639,FOCIT26SEP29100CE,FOCIT,24SEP2026,2910000.000000,45,OPTIDX,BFO,5.000000,1350,False
1128687,SENSEX5026NOV23600PE,SENSEX50,26NOV2026,2360000.000000,75,OPTIDX,BFO,5.000000,1800,False
1128765,SRF26SEP2150CE,SRF,24SEP2026,215000.000000,200,OPTSTK,BFO,5.000000,11250,False
1106727,PIIND26NOV2250PE,PIIND,26NOV2026,225000.000000,175,OPTSTK,BFO,5.000000,7500,False
1106750,MOTHERSON26NOV157.5CE,MOTHERSON,26NOV2026,15750.000000,6150,OPTSTK,BFO,5.000000,284000,False
1106768,COALINDIA26NOV385PE,COALINDIA,26NOV2026,38500.000000,1350,OPTSTK,BFO,5.000000,126000,False
1106780,FOCIT26NOV40900CE,FOCIT,26NOV2026,4090000.000000,45,OPTIDX,BFO,5.000000,1350,False
851801,MARICO26SEP900PE,MARICO,24SEP2026,90000.000000,1200,OPTSTK,BFO,5.000000,48000,False
851805,TIINDIA26SEP2700PE,TIINDIA,24SEP2026,270000.000000,200,OPTSTK,BFO,5.000000,100000000,False
851818,PAYTM26SEP1240PE,PAYTM,24SEP2026,124000.000000,725,OPTSTK,BFO,5.000000,100000000,False
851844,MARUTI26SEP14800CE,MARUTI,24SEP2026,1480000.000000,50,OPTSTK,BFO,5.000000,3000,False
843886,SENSEX5026SEP24350CE,SENSEX50,24SEP2026,2435000.000000,75,OPTIDX,BFO,5.000000,1800,False
843899,ADANIPOWER26SEP212.5CE,ADANIPOWER,24SEP2026,21250.000000,3550,OPTSTK,BFO,5.000000,100000000,False
843933,PATANJALI26SEP415PE,PATANJALI,24SEP2026,41500.000000,1075,OPTSTK,BFO,5.000000,100000000,False
843944,PETRONET26SEPFUT,PETRONET,24SEP2026,0.000000,1900,FUTSTK,BFO,5.000000,120000,False
1128817,ICICIPRULI26SEP430PE,ICICIPRULI,24SEP2026,43000.000000,925,OPTSTK,BFO,5.000000,60000,False
1128819,KPITTECH26NOV480CE,KPITTECH,26NOV2026,48000.000000,775,OPTSTK,BFO,5.000000,100000000,False
1128832,WIPRO26OCT152.5CE,WIPRO,29OCT2026,15250.000000,3000,OPTSTK,BFO,5.000000,60000,False
1128842,FOCIT26NOV28600CE,FOCIT,26NOV2026,2860000.000000,45,OPTIDX,BFO,5.000000,1350,False
851855,TECHM26SEP1224PE,TECHM,24SEP2026,122400.000000,600,OPTSTK,BFO,5.000000,24000,False
851865,LICHSGFIN26SEP490PE,LICHSGFIN,24SEP2026,49000.000000,1000,OPTSTK,BFO,5.000000,60000,False
851974,GVT&D26SEP4700PE,GVT&D,24SEP2026,470000.000000,125,OPTSTK,BFO,5.000000,100000000,False
852039,PIDILITIND26SEP1680PE,PIDILITIND,24SEP2026,168000.000000,500,OPTSTK,BFO,5.000000,10000,False
1106798,SENSEX27MAR80000PE,SENSEX,25MAR2027,8000000.000000,20,OPTIDX,BFO,5.000000,1000,False
1106825,MAZDOCK26NOV2850PE,MAZDOCK,26NOV2026,285000.000000,225,OPTSTK,BFO,5.000000,100000000,False
1106851,IDFCFIRSTB26NOV82CE,IDFCFIRSTB,26NOV2026,8200.000000,9275,OPTSTK,BFO,5.000000,450000,False
1106863,SENSEX26NOV75800PE,SENSEX,26NOV2026,7580000.000000,20,OPTIDX,BFO,5.000000,1000,False
852125,IREDA26SEP142.5CE,IREDA,24SEP2026,14250.000000,4525,OPTSTK,BFO,5.000000,100000000,False
843945,FORTIS26SEP920CE,FORTIS,24SEP2026,92000.000000,775,OPTSTK,BFO,5.000000,100000000,False
843948,LUPIN26SEP2280CE,LUPIN,24SEP2026,228000.000000,425,OPTSTK,BFO,5.000000,34000,False
843949,GMRAIRPORT26SEP113PE,GMRAIRPORT,24SEP2026,11300.000000,6975,OPTSTK,BFO,5.000000,675000,False
843951,DRREDDY26SEP1410PE,DRREDDY,24SEP2026,141000.000000,625,OPTSTK,BFO,5.000000,5000,False
852048,INOXWIND26SEP105CE,INOXWIND,24SEP2026,10500.000000,6400,OPTSTK,BFO,5.000000,100000000,False
852091,BANKEX26SEP58000PE,BANKEX,24SEP2026,5800000.000000,30,OPTIDX,BFO,5.000000,900,False
852121,SHRIRAMFIN26SEP1180CE,SHRIRAMFIN,24SEP2026,118000.000000,825,OPTSTK,BFO,5.000000,18000,False
1106874,TATASTEEL26NOV197.5PE,TATASTEEL,26NOV2026,19750.000000,2750,OPTSTK,BFO,5.000000,220000,False
1106902,BANKEX26NOV65400CE,BANKEX,26NOV2026,6540000.000000,30,OPTIDX,BFO,5.000000,900,False
1106912,AUBANK26NOV1220PE,AUBANK,26NOV2026,122000.000000,1000,OPTSTK,BFO,5.000000,30000,False
1106940,FOCIT26NOV38600PE,FOCIT,26NOV2026,3860000.000000,45,OPTIDX,BFO,5.000000,1350,False
1128896,AMBUJACEM26NOV360PE,AMBUJACEM,26NOV2026,36000.000000,1200,OPTSTK,BFO,5.000000,54000,False
1128911,SENSEX26O2267900PE,SENSEX,22OCT2026,6790000.000000,20,OPTIDX,BFO,5.000000,1000,False
1128922,SENSEX26SEP68100CE,SENSEX,24SEP2026,6810000.000000,20,OPTIDX,BFO,5.000000,1000,False
1128956,BANKEX26NOV56700CE,BANKEX,26NOV2026,5670000.000000,30,OPTIDX,BFO,5.000000,900,False
843962,DMART26SEP4100CE,DMART,24SEP2026,410000.000000,150,OPTSTK,BFO,5.000000,100000000,False
843990,TCS26SEP2080PE,TCS,24SEP2026,208000.000000,225,OPTSTK,BFO,5.000000,7000,False
843992,CANBK26SEP128CE,CANBK,24SEP2026,12800.000000,6750,OPTSTK,BFO,5.000000,81000,False
843993,PREMIERENE26SEP1120PE,PREMIERENE,24SEP2026,112000.000000,650,OPTSTK,BFO,5.000000,100000000,False
852134,ADANIENT26SEP3400PE,ADANIENT,24SEP2026,340000.000000,309,OPTSTK,BFO,5.000000,9000,False
852161,BANKBARODA26SEP250CE,BANKBARODA,24SEP2026,25000.000000,2925,OPTSTK,BFO,5.000000,175500,False
852162,JSWENERGY26SEP520CE,JSWENERGY,24SEP2026,52000.000000,1075,OPTSTK,BFO,5.000000,100000000,False
852172,SRF26SEP2550PE,SRF,24SEP2026,255000.000000,200,OPTSTK,BFO,5.000000,11250,False
1128984,ICICIPRULI26NOV430CE,ICICIPRULI,26NOV2026,43000.000000,925,OPTSTK,BFO,5.000000,60000,False
1128987,SENSEX26OCT68000CE,SENSEX,29OCT2026,6800000.000000,20,OPTIDX,BFO,5.000000,1000,False
1129004,ULTRACEMCO26OCT10200PE,ULTRACEMCO,29OCT2026,1020000.000000,50,OPTSTK,BFO,5.000000,3000,False
1129090,PGEL26NOV470PE,PGEL,26NOV2026,47000.000000,950,OPTSTK,BFO,5.000000,100000000,False
1106946,DMART26NOVFUT,DMART,26NOV2026,0.000000,150,FUTSTK,BFO,5.000000,100000000,False
1106976,PATANJALI26NOV325CE,PATANJALI,26NOV2026,32500.000000,1075,OPTSTK,BFO,5.000000,100000000,False
1107001,AMBUJACEM26NOV440CE,AMBUJACEM,26NOV2026,44000.000000,1200,OPTSTK,BFO,5.000000,54000,False
1107040,IREDA26NOV120PE,IREDA,26NOV2026,12000.000000,4525,OPTSTK,BFO,5.000000,100000000,False
852201,SONACOMS26SEP670CE,SONACOMS,24SEP2026,67000.000000,1225,OPTSTK,BFO,5.000000,100000000,False
852208,TIINDIA26SEP2850PE,TIINDIA,24SEP2026,285000.000000,200,OPTSTK,BFO,5.000000,100000000,False
852220,PREMIERENE26SEP1200PE,PREMIERENE,24SEP2026,120000.000000,650,OPTSTK,BFO,5.000000,100000000,False
852230,DIVISLAB26SEP6100PE,DIVISLAB,24SEP2026,610000.000000,100,OPTSTK,BFO,5.000000,8000,False
1129113,OFSS26NOV11000PE,OFSS,26NOV2026,1100000.000000,100,OPTSTK,BFO,5.000000,8000,False
1129122,SENSEX26O2268400PE,SENSEX,22OCT2026,6840000.000000,20,OPTIDX,BFO,5.000000,1000,False
1129132,ADANIPORTS26NOV1860PE,ADANIPORTS,26NOV2026,186000.000000,475,OPTSTK,BFO,5.000000,32000,False
1129173,TATAELXSI26OCT3100PE,TATAELXSI,29OCT2026,310000.000000,125,OPTSTK,BFO,5.000000,100000000,False
844012,BHARATFORG26SEP2140CE,BHARATFORG,24SEP2026,214000.000000,500,OPTSTK,BFO,5.000000,30000,False
844013,YESBANK26SEP24CE,YESBANK,24SEP2026,2400.000000,31100,OPTSTK,BFO,5.000000,100000000,False
844014,BOSCHLTD26SEP41500PE,BOSCHLTD,24SEP2026,4150000.000000,25,OPTSTK,BFO,5.000000,1500,False
844016,BANKEX26SEP59900CE,BANKEX,24SEP2026,5990000.000000,30,OPTIDX,BFO,5.000000,900,False
1107063,FOCIT26NOV39300CE,FOCIT,26NOV2026,3930000.000000,45,OPTIDX,BFO,5.000000,1350,False
1107083,BHARTIARTL26NOV1860CE,BHARTIARTL,26NOV2026,186000.000000,475,OPTSTK,BFO,5.000000,28500,False
1107085,NESTLEIND26NOV1430PE,NESTLEIND,26NOV2026,143000.000000,500,OPTSTK,BFO,5.000000,1200,False
1107099,GAIL26NOV185CE,GAIL,26NOV2026,18500.000000,3550,OPTSTK,BFO,5.000000,274500,False
852261,INOXWIND26SEP87.5PE,INOXWIND,24SEP2026,8750.000000,6400,OPTSTK,BFO,5.000000,100000000,False
852290,IEX26SEP132.5CE,IEX,24SEP2026,13250.000000,4350,OPTSTK,BFO,5.000000,150000,False
852332,GODFRYPHLP26SEP2450CE,GODFRYPHLP,24SEP2026,245000.000000,275,OPTSTK,BFO,5.000000,100000000,False
852395,VMM26SEP100CE,VMM,24SEP2026,10000.000000,4850,OPTSTK,BFO,5.000000,100000000,False
1129175,AMBUJACEM26OCT360CE,AMBUJACEM,29OCT2026,36000.000000,1200,OPTSTK,BFO,5.000000,54000,False
1129184,BANKEX26NOV57100PE,BANKEX,26NOV2026,5710000.000000,30,OPTIDX,BFO,5.000000,900,False
1129195,SENSEX26O0167800PE,SENSEX,01OCT2026,6780000.000000,20,OPTIDX,BFO,5.000000,1000,False
1129221,SENSEX26SEP68100PE,SENSEX,24SEP2026,6810000.000000,20,OPTIDX,BFO,5.000000,1000,False
844020,BANKEX26SEP60000PE,BANKEX,24SEP2026,6000000.000000,30,OPTIDX,BFO,5.000000,900,False
844023,FORCEMOT26SEP19000CE,FORCEMOT,24SEP2026,1900000.000000,25,OPTSTK,BFO,5.000000,100000000,False
844024,BEL26SEP380CE,BEL,24SEP2026,38000.000000,1425,OPTSTK,BFO,5.000000,228000,False
844030,BHEL26SEP400CE,BHEL,24SEP2026,40000.000000,2625,OPTSTK,BFO,5.000000,315000,False
852414,SHRIRAMFIN26SEP900CE,SHRIRAMFIN,24SEP2026,90000.000000,825,OPTSTK,BFO,5.000000,18000,False
852463,SOLARINDS26SEP19750CE,SOLARINDS,24SEP2026,1975000.000000,50,OPTSTK,BFO,5.000000,100000000,False
852481,GVT&D26SEP5100CE,GVT&D,24SEP2026,510000.000000,125,OPTSTK,BFO,5.000000,100000000,False
852491,SENSEX27JUN71000PE,SENSEX,24JUN2027,7100000.000000,20,OPTIDX,BFO,5.000000,1000,False
1107100,ZYDUSLIFE26NOV1210PE,ZYDUSLIFE,26NOV2026,121000.000000,900,OPTSTK,BFO,5.000000,54000,False
1107125,POWERGRID26NOV255PE,POWERGRID,26NOV2026,25500.000000,1900,OPTSTK,BFO,5.000000,108000,False
1107130,MAZDOCK26NOV2750CE,MAZDOCK,26NOV2026,275000.000000,225,OPTSTK,BFO,5.000000,100000000,False
1107132,ASIANPAINT26NOV2760PE,ASIANPAINT,26NOV2026,276000.000000,250,OPTSTK,BFO,5.000000,8000,False
1129259,MAZDOCK26NOV2050CE,MAZDOCK,26NOV2026,205000.000000,225,OPTSTK,BFO,5.000000,100000000,False
1129268,SENSEX5026OCT23600CE,SENSEX50,29OCT2026,2360000.000000,75,OPTIDX,BFO,5.000000,1800,False
1129272,LODHA26NOV1040PE,LODHA,26NOV2026,104000.000000,625,OPTSTK,BFO,5.000000,100000000,False
1129287,IRFC26SEP74PE,IRFC,24SEP2026,7400.000000,5425,OPTSTK,BFO,5.000000,100000000,False
852529,BANDHANBNK26SEP170PE,BANDHANBNK,24SEP2026,17000.000000,3600,OPTSTK,BFO,5.000000,100000,False
852578,SONACOMS26SEP690PE,SONACOMS,24SEP2026,69000.000000,1225,OPTSTK,BFO,5.000000,100000000,False
852579,ADANIENT26SEP2850CE,ADANIENT,24SEP2026,285000.000000,309,OPTSTK,BFO,5.000000,9000,False
852588,TATAELXSI26SEP3550PE,TATAELXSI,24SEP2026,355000.000000,125,OPTSTK,BFO,5.000000,100000000,False
844032,MFSL26SEP1580PE,MFSL,24SEP2026,158000.000000,400,OPTSTK,BFO,5.000000,32000,False
844045,PAYTM26SEP1130PE,PAYTM,24SEP2026,113000.000000,725,OPTSTK,BFO,5.000000,100000000,False
844060,BHARATFORG26SEP2060PE,BHARATFORG,24SEP2026,206000.000000,500,OPTSTK,BFO,5.000000,30000,False
844061,AMBUJACEM26SEP445CE,AMBUJACEM,24SEP2026,44500.000000,1200,OPTSTK,BFO,5.000000,54000,False
1107177,FOCIT26NOV37900CE,FOCIT,26NOV2026,3790000.000000,45,OPTIDX,BFO,5.000000,1350,False
1107179,TATAPOWER26NOV380CE,TATAPOWER,26NOV2026,38000.000000,1450,OPTSTK,BFO,5.000000,101250,False
1107186,FORCEMOT26NOV20500PE,FORCEMOT,26NOV2026,2050000.000000,25,OPTSTK,BFO,5.000000,100000000,False
1107278,IDFCFIRSTB26NOV74PE,IDFCFIRSTB,26NOV2026,7400.000000,9275,OPTSTK,BFO,5.000000,450000,False
1129297,DABUR26SEP335CE,DABUR,24SEP2026,33500.000000,1250,OPTSTK,BFO,5.000000,50000,False
1129362,MFSL26NOV1320CE,MFSL,26NOV2026,132000.000000,400,OPTSTK,BFO,5.000000,32000,False
1129305,SENSEX2691768200PE,SENSEX,17SEP2026,6820000.000000,20,OPTIDX,BFO,5.000000,1000,False
1129345,WIPRO26NOV152.5PE,WIPRO,26NOV2026,15250.000000,3000,OPTSTK,BFO,5.000000,60000,False
852618,NBCC26SEP97.5PE,NBCC,24SEP2026,9750.000000,6500,OPTSTK,BFO,5.000000,100000000,False
852619,DIVISLAB26SEP7200CE,DIVISLAB,24SEP2026,720000.000000,100,OPTSTK,BFO,5.000000,8000,False
852636,CANBK26SEP107.5CE,CANBK,24SEP2026,10750.000000,6750,OPTSTK,BFO,5.000000,81000,False
852664,HDFCBANK26SEP850PE,HDFCBANK,24SEP2026,85000.000000,650,OPTSTK,BFO,5.000000,16500,False
844084,DRREDDY26SEP1310CE,DRREDDY,24SEP2026,131000.000000,625,OPTSTK,BFO,5.000000,5000,False
852674,MAZDOCK26SEP2800CE,MAZDOCK,24SEP2026,280000.000000,225,OPTSTK,BFO,5.000000,100000000,False
852682,ABB26SEP6400PE,ABB,24SEP2026,640000.000000,125,OPTSTK,BFO,5.000000,7500,False
852688,INDHOTEL26SEP640CE,INDHOTEL,24SEP2026,64000.000000,1000,OPTSTK,BFO,5.000000,60000,False
852692,LAURUSLABS26SEP1660CE,LAURUSLABS,24SEP2026,166000.000000,850,OPTSTK,BFO,5.000000,68000,False
1129389,SBILIFE26OCT1540PE,SBILIFE,29OCT2026,154000.000000,375,OPTSTK,BFO,5.000000,22500,False
1129400,COALINDIA26NOV460CE,COALINDIA,26NOV2026,46000.000000,1350,OPTSTK,BFO,5.000000,126000,False
1129432,NAUKRI26NOV1140CE,NAUKRI,26NOV2026,114000.000000,550,OPTSTK,BFO,5.000000,6000,False
1129436,INFY26NOV900CE,INFY,26NOV2026,90000.000000,400,OPTSTK,BFO,5.000000,16000,False
844062,ABB26SEP6750PE,ABB,24SEP2026,675000.000000,125,OPTSTK,BFO,5.000000,7500,False
844069,PAYTM26SEPFUT,PAYTM,24SEP2026,0.000000,725,FUTSTK,BFO,5.000000,100000000,False
844076,IREDA26SEP125PE,IREDA,24SEP2026,12500.000000,4525,OPTSTK,BFO,5.000000,100000000,False
1107280,ATHERENERG26OCT1500CE,ATHERENERG,29OCT2026,150000.000000,375,OPTSTK,BFO,5.000000,100000000,False
1107291,VMM26NOV102.5PE,VMM,26NOV2026,10250.000000,4850,OPTSTK,BFO,5.000000,100000000,False
1107312,HAVELLS26NOV1380CE,HAVELLS,26NOV2026,138000.000000,500,OPTSTK,BFO,5.000000,20000,False
1107330,HYUNDAI26NOV2260CE,HYUNDAI,26NOV2026,226000.000000,275,OPTSTK,BFO,5.000000,100000000,False
844095,DIVISLAB26SEP6750CE,DIVISLAB,24SEP2026,675000.000000,100,OPTSTK,BFO,5.000000,8000,False
844096,POWERINDIA26SEP33000CE,POWERINDIA,24SEP2026,3300000.000000,25,OPTSTK,BFO,5.000000,100000000,False
844099,MAZDOCK26SEP2400PE,MAZDOCK,24SEP2026,240000.000000,225,OPTSTK,BFO,5.000000,100000000,False
844102,SUNPHARMA26SEP2000CE,SUNPHARMA,24SEP2026,200000.000000,350,OPTSTK,BFO,5.000000,28000,False
852693,M&M26SEP2850CE,M&M,24SEP2026,285000.000000,200,OPTSTK,BFO,5.000000,21000,False
852758,KALYANKJIL26SEP420CE,KALYANKJIL,24SEP2026,42000.000000,1350,OPTSTK,BFO,5.000000,100000000,False
852773,SENSEX30DEC71000CE,SENSEX,26DEC2030,7100000.000000,20,OPTIDX,BFO,5.000000,1000,False
852817,UNIONBANK26SEP150PE,UNIONBANK,24SEP2026,15000.000000,4425,OPTSTK,BFO,5.000000,100000000,False
1107337,VEDL26NOV300CE,VEDL,26NOV2026,30000.000000,1150,OPTSTK,BFO,5.000000,80000,False
1107352,SENSEX26NOV77100CE,SENSEX,26NOV2026,7710000.000000,20,OPTIDX,BFO,5.000000,1000,False
1107363,INFY26NOV1120CE,INFY,26NOV2026,112000.000000,400,OPTSTK,BFO,5.000000,16000,False
1107471,INDHOTEL26NOV680PE,INDHOTEL,26NOV2026,68000.000000,1000,OPTSTK,BFO,5.000000,60000,False
1129471,FOCIT26OCT28300PE,FOCIT,29OCT2026,2830000.000000,45,OPTIDX,BFO,5.000000,1350,False
1129507,SENSEX26O0168500PE,SENSEX,01OCT2026,6850000.000000,20,OPTIDX,BFO,5.000000,1000,False
1129510,SENSEX26O0867900CE,SENSEX,08OCT2026,6790000.000000,20,OPTIDX,BFO,5.000000,1000,False
1129514,SENSEX28DEC70000CE,SENSEX,28DEC2028,7000000.000000,20,OPTIDX,BFO,5.000000,1000,False
852819,DIXON26SEP10750PE,DIXON,24SEP2026,1075000.000000,50,OPTSTK,BFO,5.000000,6000,False
852861,ICICIGI26SEP1600CE,ICICIGI,24SEP2026,160000.000000,325,OPTSTK,BFO,5.000000,20000,False
852878,KOTAKBANK26SEP365CE,KOTAKBANK,24SEP2026,36500.000000,2000,OPTSTK,BFO,5.000000,12000,False
852883,SOLARINDS26SEP20250PE,SOLARINDS,24SEP2026,2025000.000000,50,OPTSTK,BFO,5.000000,100000000,False
844106,BLUESTARCO26SEP1600PE,BLUESTARCO,24SEP2026,160000.000000,325,OPTSTK,BFO,5.000000,100000000,False
844107,RECLTD26SEP330CE,RECLTD,24SEP2026,33000.000000,1575,OPTSTK,BFO,5.000000,160000,False
844109,360ONE26SEP1180CE,,24SEP2026,118000.000000,500,OPTSTK,BFO,5.000000,100000000,False
844112,IRFC26SEP98CE,IRFC,24SEP2026,9800.000000,5425,OPTSTK,BFO,5.000000,100000000,False
1107477,TATACONSUM26NOV1010CE,TATACONSUM,26NOV2026,101000.000000,550,OPTSTK,BFO,5.000000,36000,False
1107497,SOLARINDS26NOV21000CE,SOLARINDS,26NOV2026,2100000.000000,50,OPTSTK,BFO,5.000000,100000000,False
1107498,BPCL26NOV310PE,BPCL,26NOV2026,31000.000000,1975,OPTSTK,BFO,5.000000,72000,False
1107520,SHREECEM26NOV24750CE,SHREECEM,26NOV2026,2475000.000000,25,OPTSTK,BFO,5.000000,1000,False
1129522,FOCIT26OCT28500PE,FOCIT,29OCT2026,2850000.000000,45,OPTIDX,BFO,5.000000,1350,False
1129543,BANKEX26OCT57000PE,BANKEX,29OCT2026,5700000.000000,30,OPTIDX,BFO,5.000000,900,False
1129558,BAJFINANCE26OCT970PE,BAJFINANCE,29OCT2026,97000.000000,750,OPTSTK,BFO,5.000000,3750,False
1129576,HCLTECH26NOV1200PE,HCLTECH,26NOV2026,120000.000000,400,OPTSTK,BFO,5.000000,21000,False
852884,NTPC26SEP390CE,NTPC,24SEP2026,39000.000000,1500,OPTSTK,BFO,5.000000,150000,False
852900,HINDPETRO26SEP430.75CE,HINDPETRO,24SEP2026,43075.000000,2025,OPTSTK,BFO,5.000000,108000,False
852922,MOTHERSON26SEP137.5CE,MOTHERSON,24SEP2026,13750.000000,6150,OPTSTK,BFO,5.000000,284000,False
852995,BANKBARODA26SEP245CE,BANKBARODA,24SEP2026,24500.000000,2925,OPTSTK,BFO,5.000000,175500,False
844115,IEX26SEP127CE,IEX,24SEP2026,12700.000000,4350,OPTSTK,BFO,5.000000,150000,False
844117,DIXON26SEP11900CE,DIXON,24SEP2026,1190000.000000,50,OPTSTK,BFO,5.000000,6000,False
844152,TECHM26SEP1264CE,TECHM,24SEP2026,126400.000000,600,OPTSTK,BFO,5.000000,24000,False
844158,GODREJPROP26SEP1780PE,GODREJPROP,24SEP2026,178000.000000,325,OPTSTK,BFO,5.000000,19000,False
852997,SONACOMS26SEP570CE,SONACOMS,24SEP2026,57000.000000,1225,OPTSTK,BFO,5.000000,100000000,False
852999,KPITTECH26SEP610PE,KPITTECH,24SEP2026,61000.000000,775,OPTSTK,BFO,5.000000,100000000,False
853015,CUMMINSIND26SEP6300PE,CUMMINSIND,24SEP2026,630000.000000,200,OPTSTK,BFO,5.000000,18000,False
853025,IREDA26SEP137.5PE,IREDA,24SEP2026,13750.000000,4525,OPTSTK,BFO,5.000000,100000000,False
1107587,ATHERENERG26NOV1460PE,ATHERENERG,26NOV2026,146000.000000,375,OPTSTK,BFO,5.000000,100000000,False
1107595,ABB26NOV7600PE,ABB,26NOV2026,760000.000000,125,OPTSTK,BFO,5.000000,7500,False
1107637,ICICIPRULI26NOV490PE,ICICIPRULI,26NOV2026,49000.000000,925,OPTSTK,BFO,5.000000,60000,False
1107653,GMRAIRPORT26NOV101PE,GMRAIRPORT,26NOV2026,10100.000000,6975,OPTSTK,BFO,5.000000,675000,False
1129588,HINDUNILVR26OCT1800CE,HINDUNILVR,29OCT2026,180000.000000,300,OPTSTK,BFO,5.000000,9000,False
1129598,ULTRACEMCO26NOV10200PE,ULTRACEMCO,26NOV2026,1020000.000000,50,OPTSTK,BFO,5.000000,3000,False
1129599,SENSEX5026SEP23650PE,SENSEX50,24SEP2026,2365000.000000,75,OPTIDX,BFO,5.000000,1800,False
1129605,SENSEX26O1568300CE,SENSEX,15OCT2026,6830000.000000,20,OPTIDX,BFO,5.000000,1000,False
853034,INDHOTEL26SEP660PE,INDHOTEL,24SEP2026,66000.000000,1000,OPTSTK,BFO,5.000000,60000,False
853064,HDFCBANK26SEP730CE,HDFCBANK,24SEP2026,73000.000000,650,OPTSTK,BFO,5.000000,16500,False
853067,ALKEM26SEP5850CE,ALKEM,24SEP2026,585000.000000,125,OPTSTK,BFO,5.000000,8000,False
853069,CUMMINSIND26SEP6200CE,CUMMINSIND,24SEP2026,620000.000000,200,OPTSTK,BFO,5.000000,18000,False
844184,HAL26SEP4500CE,HAL,24SEP2026,450000.000000,150,OPTSTK,BFO,5.000000,9000,False
844202,SENSEX29JUN77000CE,SENSEX,28JUN2029,7700000.000000,20,OPTIDX,BFO,5.000000,1000,False
844226,COFORGE26SEP1560PE,COFORGE,24SEP2026,156000.000000,475,OPTSTK,BFO,5.000000,6000,False
844234,HCLTECH26SEP1140PE,HCLTECH,24SEP2026,114000.000000,400,OPTSTK,BFO,5.000000,21000,False
1107663,SBICARD26NOV680CE,SBICARD,26NOV2026,68000.000000,800,OPTSTK,BFO,5.000000,32000,False
1107665,TATAPOWER26NOV385CE,TATAPOWER,26NOV2026,38500.000000,1450,OPTSTK,BFO,5.000000,101250,False
1107678,FORTIS26NOV920PE,FORTIS,26NOV2026,92000.000000,775,OPTSTK,BFO,5.000000,100000000,False
1107753,FEDERALBNK26NOV335CE,FEDERALBNK,26NOV2026,33500.000000,2500,OPTSTK,BFO,5.000000,200000,False
1129609,MAXHEALTH26NOV1100CE,MAXHEALTH,26NOV2026,110000.000000,525,OPTSTK,BFO,5.000000,100000000,False
1129614,HDFCLIFE26OCT490PE,HDFCLIFE,29OCT2026,49000.000000,1100,OPTSTK,BFO,5.000000,44000,False
1129621,ICICIPRULI26OCT425CE,ICICIPRULI,29OCT2026,42500.000000,925,OPTSTK,BFO,5.000000,60000,False
1129624,FOCIT26OCT28600CE,FOCIT,29OCT2026,2860000.000000,45,OPTIDX,BFO,5.000000,1350,False
853086,PIIND26SEP2350CE,PIIND,24SEP2026,235000.000000,175,OPTSTK,BFO,5.000000,7500,False
853105,ONGC26SEP252.5PE,ONGC,24SEP2026,25250.000000,2250,OPTSTK,BFO,5.000000,154000,False
853117,DLF26SEP560CE,DLF,24SEP2026,56000.000000,950,OPTSTK,BFO,5.000000,49500,False
853127,VMM26SEP122.5CE,VMM,24SEP2026,12250.000000,4850,OPTSTK,BFO,5.000000,100000000,False
844257,SIEMENS26SEP3400PE,SIEMENS,24SEP2026,340000.000000,175,OPTSTK,BFO,5.000000,8250,False
844261,SENSEX5026SEP24800CE,SENSEX50,24SEP2026,2480000.000000,75,OPTIDX,BFO,5.000000,1800,False
844277,BANKEX26SEP64500CE,BANKEX,24SEP2026,6450000.000000,30,OPTIDX,BFO,5.000000,900,False
844284,IOC26SEP147PE,IOC,24SEP2026,14700.000000,4875,OPTSTK,BFO,5.000000,292500,False
1129659,IRFC26NOV74CE,IRFC,26NOV2026,7400.000000,5425,OPTSTK,BFO,5.000000,100000000,False
1129687,CGPOWER26NOV1060CE,CGPOWER,26NOV2026,106000.000000,850,OPTSTK,BFO,5.000000,100000000,False
1129688,SENSEX27JUN70000CE,SENSEX,24JUN2027,7000000.000000,20,OPTIDX,BFO,5.000000,1000,False
1129708,SENSEX29DEC70000CE,SENSEX,27DEC2029,7000000.000000,20,OPTIDX,BFO,5.000000,1000,False
853147,LODHA26SEP1100CE,LODHA,24SEP2026,110000.000000,625,OPTSTK,BFO,5.000000,100000000,False
853201,SRF26SEP3000PE,SRF,24SEP2026,300000.000000,200,OPTSTK,BFO,5.000000,11250,False
853229,LICHSGFIN26SEP630CE,LICHSGFIN,24SEP2026,63000.000000,1000,OPTSTK,BFO,5.000000,60000,False
853245,GODREJPROP26SEP2000PE,GODREJPROP,24SEP2026,200000.000000,325,OPTSTK,BFO,5.000000,19000,False
1107806,FOCIT26NOV40200CE,FOCIT,26NOV2026,4020000.000000,45,OPTIDX,BFO,5.000000,1350,False
1107815,DIVISLAB26SEP9800CE,DIVISLAB,24SEP2026,980000.000000,100,OPTSTK,BFO,5.000000,8000,False
1107816,MAHABANK26NOV83PE,MAHABANK,26NOV2026,8300.000000,6500,OPTSTK,BFO,5.000000,100000000,False
1107840,SENSEX26NOV75100PE,SENSEX,26NOV2026,7510000.000000,20,OPTIDX,BFO,5.000000,1000,False
844289,CONCOR26SEP475PE,CONCOR,24SEP2026,47500.000000,1250,OPTSTK,BFO,5.000000,40000,False
844290,SHRIRAMFIN26SEP1040PE,SHRIRAMFIN,24SEP2026,104000.000000,825,OPTSTK,BFO,5.000000,18000,False
844293,PHOENIXLTD26SEP2000CE,PHOENIXLTD,24SEP2026,200000.000000,350,OPTSTK,BFO,5.000000,100000000,False
844328,MANKIND26SEP2540CE,MANKIND,24SEP2026,254000.000000,250,OPTSTK,BFO,5.000000,100000000,False
853264,PERSISTENT26SEP3600CE,PERSISTENT,24SEP2026,360000.000000,125,OPTSTK,BFO,5.000000,5250,False
853292,FEDERALBNK26SEP350PE,FEDERALBNK,24SEP2026,35000.000000,2500,OPTSTK,BFO,5.000000,200000,False
853307,TITAN26SEP4700PE,TITAN,24SEP2026,470000.000000,175,OPTSTK,BFO,5.000000,11250,False
853320,SONACOMS26SEP680PE,SONACOMS,24SEP2026,68000.000000,1225,OPTSTK,BFO,5.000000,100000000,False
1129711,COALINDIA26OCT465CE,COALINDIA,29OCT2026,46500.000000,1350,OPTSTK,BFO,5.000000,126000,False
1129719,SENSEX5026SEP23750CE,SENSEX50,24SEP2026,2375000.000000,75,OPTIDX,BFO,5.000000,1800,False
1129721,CIPLA26NOV1300PE,CIPLA,26NOV2026,130000.000000,425,OPTSTK,BFO,5.000000,26000,False
1129748,ADANIPORTS26NOV1920CE,ADANIPORTS,26NOV2026,192000.000000,475,OPTSTK,BFO,5.000000,32000,False
1107844,LICI26NOV430CE,LICI,26NOV2026,43000.000000,1400,OPTSTK,BFO,5.000000,100000000,False
1107868,BAJAJFINSV26NOVFUT,BAJAJFINSV,26NOV2026,0.000000,300,FUTSTK,BFO,5.000000,20000,False
1107877,SENSEX26O1573700CE,SENSEX,15OCT2026,7370000.000000,20,OPTIDX,BFO,5.000000,1000,False
1107891,INDUSINDBK26OCT900PE,INDUSINDBK,29OCT2026,90000.000000,700,OPTSTK,BFO,5.000000,20000,False
844339,BANKEX26SEP72200CE,BANKEX,24SEP2026,7220000.000000,30,OPTIDX,BFO,5.000000,900,False
844343,KPITTECH26SEP760PE,KPITTECH,24SEP2026,76000.000000,775,OPTSTK,BFO,5.000000,100000000,False
844364,INDIANB26SEP800PE,INDIANB,24SEP2026,80000.000000,1000,OPTSTK,BFO,5.000000,100000000,False
844368,SBILIFE26SEP1720PE,SBILIFE,24SEP2026,172000.000000,375,OPTSTK,BFO,5.000000,22500,False
853341,LT26SEP4500PE,LT,24SEP2026,450000.000000,175,OPTSTK,BFO,5.000000,12000,False
853380,LT26SEP4250PE,LT,24SEP2026,425000.000000,175,OPTSTK,BFO,5.000000,12000,False
853384,UNITDSPR26SEP1220CE,UNITDSPR,24SEP2026,122000.000000,400,OPTSTK,BFO,5.000000,28000,False
853400,HDFCBANK26SEP840PE,HDFCBANK,24SEP2026,84000.000000,650,OPTSTK,BFO,5.000000,16500,False
844404,OIL26SEP425PE,OIL,24SEP2026,42500.000000,1400,OPTSTK,BFO,5.000000,100000000,False
844417,JSWSTEEL26SEP1160CE,JSWSTEEL,24SEP2026,116000.000000,675,OPTSTK,BFO,5.000000,40500,False
844419,AMBUJACEM26SEP425PE,AMBUJACEM,24SEP2026,42500.000000,1200,OPTSTK,BFO,5.000000,54000,False
844424,KFINTECH26SEP880PE,KFINTECH,24SEP2026,88000.000000,575,OPTSTK,BFO,5.000000,100000000,False
1107977,MARICO26NOV830CE,MARICO,26NOV2026,83000.000000,1200,OPTSTK,BFO,5.000000,48000,False
1107978,GODFRYPHLP26NOV2450PE,GODFRYPHLP,26NOV2026,245000.000000,275,OPTSTK,BFO,5.000000,100000000,False
1107986,IEX26NOV115CE,IEX,26NOV2026,11500.000000,4350,OPTSTK,BFO,5.000000,150000,False
1107996,BLUESTARCO26NOV1420PE,BLUESTARCO,26NOV2026,142000.000000,325,OPTSTK,BFO,5.000000,100000000,False
1129751,IRFC26OCT74CE,IRFC,29OCT2026,7400.000000,5425,OPTSTK,BFO,5.000000,100000000,False
1129761,MUTHOOTFIN26NOV2500CE,MUTHOOTFIN,26NOV2026,250000.000000,275,OPTSTK,BFO,5.000000,22000,False
1129787,SENSEX26O2268200PE,SENSEX,22OCT2026,6820000.000000,20,OPTIDX,BFO,5.000000,1000,False
1129791,FOCIT26NOV28500CE,FOCIT,26NOV2026,2850000.000000,45,OPTIDX,BFO,5.000000,1350,False
853407,TCS26SEP1920CE,TCS,24SEP2026,192000.000000,225,OPTSTK,BFO,5.000000,7000,False
853411,HINDPETRO26SEP310.75CE,HINDPETRO,24SEP2026,31075.000000,2025,OPTSTK,BFO,5.000000,108000,False
853467,DLF26SEP670PE,DLF,24SEP2026,67000.000000,950,OPTSTK,BFO,5.000000,49500,False
853480,TVSMOTOR26SEP3650PE,TVSMOTOR,24SEP2026,365000.000000,175,OPTSTK,BFO,5.000000,21000,False
844447,PHOENIXLTD26SEP1880PE,PHOENIXLTD,24SEP2026,188000.000000,350,OPTSTK,BFO,5.000000,100000000,False
844492,MOTHERSON26SEP157PE,MOTHERSON,24SEP2026,15700.000000,6150,OPTSTK,BFO,5.000000,284000,False
844508,BANKEX26SEP60200PE,BANKEX,24SEP2026,6020000.000000,30,OPTIDX,BFO,5.000000,900,False
844509,BHARATFORG26SEP2180CE,BHARATFORG,24SEP2026,218000.000000,500,OPTSTK,BFO,5.000000,30000,False
1108009,SHREECEM26NOV25000PE,SHREECEM,26NOV2026,2500000.000000,25,OPTSTK,BFO,5.000000,1000,False
1108783,SENSEX27MAR73000PE,SENSEX,25MAR2027,7300000.000000,20,OPTIDX,BFO,5.000000,1000,False
1109225,PATANJALI26NOV360PE,PATANJALI,26NOV2026,36000.000000,1075,OPTSTK,BFO,5.000000,100000000,False
1109319,SENSEX26NOV76700CE,SENSEX,26NOV2026,7670000.000000,20,OPTIDX,BFO,5.000000,1000,False
1129795,BANKEX26SEP57000PE,BANKEX,24SEP2026,5700000.000000,30,OPTIDX,BFO,5.000000,900,False
1129818,SENSEX26SEP67900CE,SENSEX,24SEP2026,6790000.000000,20,OPTIDX,BFO,5.000000,1000,False
1129853,MANKIND26NOV2140CE,MANKIND,26NOV2026,214000.000000,250,OPTSTK,BFO,5.000000,100000000,False
1129864,SHREECEM26OCT21250CE,SHREECEM,29OCT2026,2125000.000000,25,OPTSTK,BFO,5.000000,1000,False
853487,SRF26SEP3100CE,SRF,24SEP2026,310000.000000,200,OPTSTK,BFO,5.000000,11250,False
853490,TVSMOTOR26SEP3800CE,TVSMOTOR,24SEP2026,380000.000000,175,OPTSTK,BFO,5.000000,21000,False
853510,MAZDOCK26SEP2450CE,MAZDOCK,24SEP2026,245000.000000,225,OPTSTK,BFO,5.000000,100000000,False
853531,INDIGO26SEP6100PE,INDIGO,24SEP2026,610000.000000,150,OPTSTK,BFO,5.000000,12000,False
844514,TIINDIA26SEPFUT,TIINDIA,24SEP2026,0.000000,200,FUTSTK,BFO,5.000000,100000000,False
844531,SENSEX29DEC77000PE,SENSEX,27DEC2029,7700000.000000,20,OPTIDX,BFO,5.000000,1000,False
844537,INDUSTOWER26SEP386PE,INDUSTOWER,24SEP2026,38600.000000,1700,OPTSTK,BFO,5.000000,170000,False
844541,VMM26SEP115CE,VMM,24SEP2026,11500.000000,4850,OPTSTK,BFO,5.000000,100000000,False
853538,VMM26SEP135PE,VMM,24SEP2026,13500.000000,4850,OPTSTK,BFO,5.000000,100000000,False
853564,TIINDIA26SEP3150CE,TIINDIA,24SEP2026,315000.000000,200,OPTSTK,BFO,5.000000,100000000,False
853566,GVT&D26SEP4900PE,GVT&D,24SEP2026,490000.000000,125,OPTSTK,BFO,5.000000,100000000,False
853592,UNITDSPR26SEP1260CE,UNITDSPR,24SEP2026,126000.000000,400,OPTSTK,BFO,5.000000,28000,False
1109618,LODHA26NOV1120CE,LODHA,26NOV2026,112000.000000,625,OPTSTK,BFO,5.000000,100000000,False
1109658,GMRAIRPORT26NOV106PE,GMRAIRPORT,26NOV2026,10600.000000,6975,OPTSTK,BFO,5.000000,675000,False
1110717,FOCIT26NOV39500CE,FOCIT,26NOV2026,3950000.000000,45,OPTIDX,BFO,5.000000,1350,False
1110718,FORTIS26NOV890CE,FORTIS,26NOV2026,89000.000000,775,OPTSTK,BFO,5.000000,100000000,False
1129878,INFY26OCT920PE,INFY,29OCT2026,92000.000000,400,OPTSTK,BFO,5.000000,16000,False
1129880,SENSEX26NOV68000PE,SENSEX,26NOV2026,6800000.000000,20,OPTIDX,BFO,5.000000,1000,False
1129904,SBIN26NOV930PE,SBIN,26NOV2026,93000.000000,750,OPTSTK,BFO,5.000000,45000,False
1129924,FOCIT26OCT29300CE,FOCIT,29OCT2026,2930000.000000,45,OPTIDX,BFO,5.000000,1350,False
844569,SBIN26SEP1000PE,SBIN,24SEP2026,100000.000000,750,OPTSTK,BFO,5.000000,45000,False
844579,BANKINDIA26SEP127.5CE,BANKINDIA,24SEP2026,12750.000000,5200,OPTSTK,BFO,5.000000,100000000,False
844587,INFY26SEP1080PE,INFY,24SEP2026,108000.000000,400,OPTSTK,BFO,5.000000,16000,False
844593,HAVELLS26SEP1160PE,HAVELLS,24SEP2026,116000.000000,500,OPTSTK,BFO,5.000000,20000,False
853614,GODFRYPHLP26SEP2400PE,GODFRYPHLP,24SEP2026,240000.000000,275,OPTSTK,BFO,5.000000,100000000,False
853634,PETRONET26SEP255PE,PETRONET,24SEP2026,25500.000000,1900,OPTSTK,BFO,5.000000,120000,False
853654,TVSMOTOR26SEP3100CE,TVSMOTOR,24SEP2026,310000.000000,175,OPTSTK,BFO,5.000000,21000,False
853676,IREDA26SEP122.5PE,IREDA,24SEP2026,12250.000000,4525,OPTSTK,BFO,5.000000,100000000,False
1110726,ASTRAL26NOV1580CE,ASTRAL,26NOV2026,158000.000000,425,OPTSTK,BFO,5.000000,14680,False
1110728,CIPLA26NOV1480CE,CIPLA,26NOV2026,148000.000000,425,OPTSTK,BFO,5.000000,26000,False
1110752,FOCIT26NOV33500CE,FOCIT,26NOV2026,3350000.000000,45,OPTIDX,BFO,5.000000,1350,False
1110757,FOCIT26NOV35800CE,FOCIT,26NOV2026,3580000.000000,45,OPTIDX,BFO,5.000000,1350,False
1129996,WIPRO26OCT147.5PE,WIPRO,29OCT2026,14750.000000,3000,OPTSTK,BFO,5.000000,60000,False
1130012,HCLTECH26OCT1140PE,HCLTECH,29OCT2026,114000.000000,400,OPTSTK,BFO,5.000000,21000,False
1130015,WIPRO26SEP147.5CE,WIPRO,24SEP2026,14750.000000,3000,OPTSTK,BFO,5.000000,60000,False
1130034,DMART26OCT3300PE,DMART,29OCT2026,330000.000000,150,OPTSTK,BFO,5.000000,100000000,False
844614,SENSEX30DEC77000CE,SENSEX,26DEC2030,7700000.000000,20,OPTIDX,BFO,5.000000,1000,False
844619,INDIANB26SEP770CE,INDIANB,24SEP2026,77000.000000,1000,OPTSTK,BFO,5.000000,100000000,False
844622,BANKBARODA26SEP280PE,BANKBARODA,24SEP2026,28000.000000,2925,OPTSTK,BFO,5.000000,175500,False
844632,NYKAA26SEP285PE,NYKAA,24SEP2026,28500.000000,3125,OPTSTK,BFO,5.000000,100000000,False
853687,BANDHANBNK26SEP225CE,BANDHANBNK,24SEP2026,22500.000000,3600,OPTSTK,BFO,5.000000,100000,False
853693,NTPC26SEP385CE,NTPC,24SEP2026,38500.000000,1500,OPTSTK,BFO,5.000000,150000,False
853768,BSE26SEP2200PE,BSE,29SEP2026,220000.000000,200,OPTSTK,BFO,5.000000,3751,False
853775,BSE26SEP3000CE,BSE,29SEP2026,300000.000000,200,OPTSTK,BFO,5.000000,3751,False
1110777,IEX26NOV122.5PE,IEX,26NOV2026,12250.000000,4350,OPTSTK,BFO,5.000000,150000,False
1110792,SWIGGY26NOV300CE,SWIGGY,26NOV2026,30000.000000,1825,OPTSTK,BFO,5.000000,100000000,False
1110796,LTM26NOV4750CE,LTM,26NOV2026,475000.000000,150,OPTSTK,BFO,5.000000,4500,False
1110802,LICI26NOV435CE,LICI,26NOV2026,43500.000000,1400,OPTSTK,BFO,5.000000,100000000,False
1130035,BRITANNIA26NOV4650PE,BRITANNIA,26NOV2026,465000.000000,125,OPTSTK,BFO,5.000000,6000,False
1130060,TMPV26OCT265CE,TMPV,29OCT2026,26500.000000,1600,OPTSTK,BFO,5.000000,42750,False
1130075,POWERGRID26NOV287.5CE,POWERGRID,26NOV2026,28750.000000,1900,OPTSTK,BFO,5.000000,108000,False
1130077,BIOCON26SEP355CE,BIOCON,24SEP2026,35500.000000,2500,OPTSTK,BFO,5.000000,100000,False
853852,CDSL26SEP880CE,CDSL,29SEP2026,88000.000000,475,OPTSTK,BFO,5.000000,14001,False
853871,CDSL26SEP1280PE,CDSL,29SEP2026,128000.000000,475,OPTSTK,BFO,5.000000,14001,False
853872,CDSL26SEP1320CE,CDSL,29SEP2026,132000.000000,475,OPTSTK,BFO,5.000000,14001,False
853878,CDSL26SEP1440CE,CDSL,29SEP2026,144000.000000,475,OPTSTK,BFO,5.000000,14001,False
844640,TVSMOTOR26SEP3460CE,TVSMOTOR,24SEP2026,346000.000000,175,OPTSTK,BFO,5.000000,21000,False
844659,NESTLEIND26SEPFUT,NESTLEIND,24SEP2026,0.000000,500,FUTSTK,BFO,5.000000,1200,False
844660,OIL26SEP395CE,OIL,24SEP2026,39500.000000,1400,OPTSTK,BFO,5.000000,100000000,False
844676,IDFCFIRSTB26SEP81CE,IDFCFIRSTB,24SEP2026,8100.000000,9275,OPTSTK,BFO,5.000000,450000,False
1110804,HINDUNILVR26NOV1860PE,HINDUNILVR,26NOV2026,186000.000000,300,OPTSTK,BFO,5.000000,9000,False
1110828,OBEROIRLTY26NOV1800PE,OBEROIRLTY,26NOV2026,180000.000000,350,OPTSTK,BFO,5.000000,28000,False
1110853,JIOFIN26NOV222.5CE,JIOFIN,26NOV2026,22250.000000,2350,OPTSTK,BFO,5.000000,100000000,False
1110858,JSWSTEEL26NOV1240PE,JSWSTEEL,26NOV2026,124000.000000,675,OPTSTK,BFO,5.000000,40500,False
1130100,CAMS26SEP640PE,CAMS,24SEP2026,64000.000000,825,OPTSTK,BFO,5.000000,100000000,False
1130103,BDL26NOV1060CE,BDL,26NOV2026,106000.000000,425,OPTSTK,BFO,5.000000,100000000,False
1130125,CAMS26NOV640CE,CAMS,26NOV2026,64000.000000,825,OPTSTK,BFO,5.000000,100000000,False
1130126,LUPIN26OCT1940PE,LUPIN,29OCT2026,194000.000000,425,OPTSTK,BFO,5.000000,34000,False
853884,CDSL26SEP1560CE,CDSL,29SEP2026,156000.000000,475,OPTSTK,BFO,5.000000,14001,False
853889,CDSL26SEP1640PE,CDSL,29SEP2026,164000.000000,475,OPTSTK,BFO,5.000000,14001,False
853994,ADANIGREEN26SEP1680CE,ADANIGREEN,24SEP2026,168000.000000,600,OPTSTK,BFO,5.000000,100000000,False
854001,INDUSINDBK26SEP1010CE,INDUSINDBK,24SEP2026,101000.000000,700,OPTSTK,BFO,5.000000,20000,False
844694,VOLTAS26SEP1440PE,VOLTAS,24SEP2026,144000.000000,375,OPTSTK,BFO,5.000000,30000,False
844700,PAYTM26SEP1070CE,PAYTM,24SEP2026,107000.000000,725,OPTSTK,BFO,5.000000,100000000,False
844703,MOTHERSON26SEP158CE,MOTHERSON,24SEP2026,15800.000000,6150,OPTSTK,BFO,5.000000,284000,False
844712,INDIANB26SEP840CE,INDIANB,24SEP2026,84000.000000,1000,OPTSTK,BFO,5.000000,100000000,False
1110875,DELHIVERY26NOV455CE,DELHIVERY,26NOV2026,45500.000000,2075,OPTSTK,BFO,5.000000,100000000,False
1110896,SOLARINDS26OCT22250CE,SOLARINDS,29OCT2026,2225000.000000,50,OPTSTK,BFO,5.000000,100000000,False
1110928,INDUSTOWER26NOV400PE,INDUSTOWER,26NOV2026,40000.000000,1700,OPTSTK,BFO,5.000000,170000,False
1110934,COCHINSHIP26NOV1660CE,COCHINSHIP,26NOV2026,166000.000000,400,OPTSTK,BFO,5.000000,100000000,False
1130135,CAMS26NOV640PE,CAMS,26NOV2026,64000.000000,825,OPTSTK,BFO,5.000000,100000000,False
1130150,MARUTI26SEP11800CE,MARUTI,24SEP2026,1180000.000000,50,OPTSTK,BFO,5.000000,3000,False
1130154,FOCIT26OCT28200CE,FOCIT,29OCT2026,2820000.000000,45,OPTIDX,BFO,5.000000,1350,False
1130177,HCLTECH26NOV1130PE,HCLTECH,26NOV2026,113000.000000,400,OPTSTK,BFO,5.000000,21000,False
854010,TECHM26SEP1184CE,TECHM,24SEP2026,118400.000000,600,OPTSTK,BFO,5.000000,24000,False
854031,HDFCAMC26SEP3050CE,HDFCAMC,24SEP2026,305000.000000,300,OPTSTK,BFO,5.000000,12000,False
854035,PAYTM26SEP1340PE,PAYTM,24SEP2026,134000.000000,725,OPTSTK,BFO,5.000000,100000000,False
854041,DELHIVERY26SEP530PE,DELHIVERY,24SEP2026,53000.000000,2075,OPTSTK,BFO,5.000000,100000000,False
1110935,BANKEX26NOV61300PE,BANKEX,26NOV2026,6130000.000000,30,OPTIDX,BFO,5.000000,900,False
1110944,MANKIND26NOV2360CE,MANKIND,26NOV2026,236000.000000,250,OPTSTK,BFO,5.000000,100000000,False
1110947,GRASIM26NOV3300PE,GRASIM,26NOV2026,330000.000000,250,OPTSTK,BFO,5.000000,14250,False
1130192,SUZLON26NOV37PE,SUZLON,26NOV2026,3700.000000,12700,OPTSTK,BFO,5.000000,100000000,False
1130204,ASTRAL26NOV1320CE,ASTRAL,26NOV2026,132000.000000,425,OPTSTK,BFO,5.000000,14680,False
1130209,SAIL26NOV167.5CE,SAIL,26NOV2026,16750.000000,4700,OPTSTK,BFO,5.000000,320000,False
1110946,SENSEX26SEP82000CE,SENSEX,24SEP2026,8200000.000000,20,OPTIDX,BFO,5.000000,1000,False
1130208,FOCIT26SEP28200CE,FOCIT,24SEP2026,2820000.000000,45,OPTIDX,BFO,5.000000,1350,False
844721,APOLLOHOSP26SEP8650PE,APOLLOHOSP,24SEP2026,865000.000000,125,OPTSTK,BFO,5.000000,5000,False
844723,HAVELLS26SEP1220CE,HAVELLS,24SEP2026,122000.000000,500,OPTSTK,BFO,5.000000,20000,False
844724,SRF26SEP2880CE,SRF,24SEP2026,288000.000000,200,OPTSTK,BFO,5.000000,11250,False
844736,SHREECEM26SEP26750CE,SHREECEM,24SEP2026,2675000.000000,25,OPTSTK,BFO,5.000000,1000,False
854060,COLPAL26SEP2160PE,COLPAL,24SEP2026,216000.000000,275,OPTSTK,BFO,5.000000,14000,False
854076,BLUESTARCO26SEP1460CE,BLUESTARCO,24SEP2026,146000.000000,325,OPTSTK,BFO,5.000000,100000000,False
854099,GODREJPROP26SEP2060CE,GODREJPROP,24SEP2026,206000.000000,325,OPTSTK,BFO,5.000000,19000,False
854166,NMDC26SEP77CE,NMDC,24SEP2026,7700.000000,6750,OPTSTK,BFO,5.000000,225000,False
844744,PAYTM26SEP1150PE,PAYTM,24SEP2026,115000.000000,725,OPTSTK,BFO,5.000000,100000000,False
844749,INDUSTOWER26SEP391PE,INDUSTOWER,24SEP2026,39100.000000,1700,OPTSTK,BFO,5.000000,170000,False
844753,ICICIBANK26SEP1340PE,ICICIBANK,24SEP2026,134000.000000,700,OPTSTK,BFO,5.000000,28000,False
844761,INDUSTOWER26SEP356CE,INDUSTOWER,24SEP2026,35600.000000,1700,OPTSTK,BFO,5.000000,170000,False
1130221,SUZLON26OCT37PE,SUZLON,29OCT2026,3700.000000,12700,OPTSTK,BFO,5.000000,100000000,False
1130237,BANDHANBNK26NOV210CE,BANDHANBNK,26NOV2026,21000.000000,3600,OPTSTK,BFO,5.000000,100000,False
1130246,MANKIND26OCT2100CE,MANKIND,29OCT2026,210000.000000,250,OPTSTK,BFO,5.000000,100000000,False
1130252,GODFRYPHLP26OCT1600CE,GODFRYPHLP,29OCT2026,160000.000000,275,OPTSTK,BFO,5.000000,100000000,False
854178,ADANIGREEN26SEP1680PE,ADANIGREEN,24SEP2026,168000.000000,600,OPTSTK,BFO,5.000000,100000000,False
854189,INDUSINDBK26SEP1000CE,INDUSINDBK,24SEP2026,100000.000000,700,OPTSTK,BFO,5.000000,20000,False
854217,CGPOWER26SEP1120CE,CGPOWER,24SEP2026,112000.000000,850,OPTSTK,BFO,5.000000,100000000,False
854246,LICI26SEP470CE,LICI,24SEP2026,47000.000000,1400,OPTSTK,BFO,5.000000,100000000,False
1130266,DMART26SEP3300PE,DMART,24SEP2026,330000.000000,150,OPTSTK,BFO,5.000000,100000000,False
1130285,NMDC26OCT75CE,NMDC,29OCT2026,7500.000000,6750,OPTSTK,BFO,5.000000,225000,False
1130289,INDUSTOWER26NOV425CE,INDUSTOWER,26NOV2026,42500.000000,1700,OPTSTK,BFO,5.000000,170000,False
1130290,OBEROIRLTY26OCT1600PE,OBEROIRLTY,29OCT2026,160000.000000,350,OPTSTK,BFO,5.000000,28000,False
844764,POLICYBZR26SEP1720PE,POLICYBZR,24SEP2026,172000.000000,350,OPTSTK,BFO,5.000000,100000000,False
844784,PFC26SEP410PE,PFC,24SEP2026,41000.000000,1300,OPTSTK,BFO,5.000000,124000,False
844805,LTF26SEP315PE,LTF,24SEP2026,31500.000000,2250,OPTSTK,BFO,5.000000,267720,False
844813,ABB26SEP7200CE,ABB,24SEP2026,720000.000000,125,OPTSTK,BFO,5.000000,7500,False
854273,KPITTECH26SEP510CE,KPITTECH,24SEP2026,51000.000000,775,OPTSTK,BFO,5.000000,100000000,False
854313,MUTHOOTFIN26SEP2600CE,MUTHOOTFIN,24SEP2026,260000.000000,275,OPTSTK,BFO,5.000000,22000,False
854319,KPITTECH26SEP550CE,KPITTECH,24SEP2026,55000.000000,775,OPTSTK,BFO,5.000000,100000000,False
854320,BHARATFORG26SEP1960CE,BHARATFORG,24SEP2026,196000.000000,500,OPTSTK,BFO,5.000000,30000,False
1130381,JSWSTEEL26NOV1120PE,JSWSTEEL,26NOV2026,112000.000000,675,OPTSTK,BFO,5.000000,40500,False
1130389,LTM26OCT3950PE,LTM,29OCT2026,395000.000000,150,OPTSTK,BFO,5.000000,4500,False
1130397,INDUSTOWER26OCT425CE,INDUSTOWER,29OCT2026,42500.000000,1700,OPTSTK,BFO,5.000000,170000,False
1130449,JINDALSTEL26NOV980CE,JINDALSTEL,26NOV2026,98000.000000,625,OPTSTK,BFO,5.000000,37500,False
854322,CONCOR26SEP515PE,CONCOR,24SEP2026,51500.000000,1250,OPTSTK,BFO,5.000000,40000,False
854338,AUBANK26SEP1200CE,AUBANK,24SEP2026,120000.000000,1000,OPTSTK,BFO,5.000000,30000,False
854345,360ONE26SEP920PE,,24SEP2026,92000.000000,500,OPTSTK,BFO,5.000000,100000000,False
854373,BHARTIARTL26SEP2020CE,BHARTIARTL,24SEP2026,202000.000000,475,OPTSTK,BFO,5.000000,28500,False
844815,ADANIPORTS26SEP1820CE,ADANIPORTS,24SEP2026,182000.000000,475,OPTSTK,BFO,5.000000,32000,False
844823,VOLTAS26SEP1180CE,VOLTAS,24SEP2026,118000.000000,375,OPTSTK,BFO,5.000000,30000,False
844841,BANDHANBNK26SEP185PE,BANDHANBNK,24SEP2026,18500.000000,3600,OPTSTK,BFO,5.000000,100000,False
844848,SENSEX26SEP77000CE,SENSEX,24SEP2026,7700000.000000,20,OPTIDX,BFO,5.000000,1000,False
1130458,HINDZINC26NOV510PE,HINDZINC,26NOV2026,51000.000000,1225,OPTSTK,BFO,5.000000,100000000,False
1130466,JINDALSTEL26NOV980PE,JINDALSTEL,26NOV2026,98000.000000,625,OPTSTK,BFO,5.000000,37500,False
1130467,JUBLFOOD26NOV435PE,JUBLFOOD,26NOV2026,43500.000000,1250,OPTSTK,BFO,5.000000,50000,False
1130476,SHREECEM26OCT20750PE,SHREECEM,29OCT2026,2075000.000000,25,OPTSTK,BFO,5.000000,1000,False
854387,BDL26SEP1520CE,BDL,24SEP2026,152000.000000,425,OPTSTK,BFO,5.000000,100000000,False
854391,CGPOWER26SEP1120PE,CGPOWER,24SEP2026,112000.000000,850,OPTSTK,BFO,5.000000,100000000,False
854438,DIVISLAB26SEP5800CE,DIVISLAB,24SEP2026,580000.000000,100,OPTSTK,BFO,5.000000,8000,False
854440,OBEROIRLTY26SEP1920PE,OBEROIRLTY,24SEP2026,192000.000000,350,OPTSTK,BFO,5.000000,28000,False
1130493,COCHINSHIP26OCT1240CE,COCHINSHIP,29OCT2026,124000.000000,400,OPTSTK,BFO,5.000000,100000000,False
1130510,GODREJPROP26OCT1620CE,GODREJPROP,29OCT2026,162000.000000,325,OPTSTK,BFO,5.000000,19000,False
1130549,NMDC26NOV76CE,NMDC,26NOV2026,7600.000000,6750,OPTSTK,BFO,5.000000,225000,False
1130555,SENSEX5026OCT23550CE,SENSEX50,29OCT2026,2355000.000000,75,OPTIDX,BFO,5.000000,1800,False
844855,SENSEX30DEC77000PE,SENSEX,26DEC2030,7700000.000000,20,OPTIDX,BFO,5.000000,1000,False
844856,BIOCON26SEP425CE,BIOCON,24SEP2026,42500.000000,2500,OPTSTK,BFO,5.000000,100000,False
844877,IDFCFIRSTB26SEP86CE,IDFCFIRSTB,24SEP2026,8600.000000,9275,OPTSTK,BFO,5.000000,450000,False
844895,PGEL26SEP550CE,PGEL,24SEP2026,55000.000000,950,OPTSTK,BFO,5.000000,100000000,False
854441,HCLTECH26SEP980PE,HCLTECH,24SEP2026,98000.000000,400,OPTSTK,BFO,5.000000,21000,False
854449,OIL26SEP455PE,OIL,24SEP2026,45500.000000,1400,OPTSTK,BFO,5.000000,100000000,False
854473,COLPAL26SEP2180PE,COLPAL,24SEP2026,218000.000000,275,OPTSTK,BFO,5.000000,14000,False
854488,PHOENIXLTD26SEP2140CE,PHOENIXLTD,24SEP2026,214000.000000,350,OPTSTK,BFO,5.000000,100000000,False
1130560,GODREJPROP26NOV1600PE,GODREJPROP,26NOV2026,160000.000000,325,OPTSTK,BFO,5.000000,19000,False
1130575,SUNPHARMA26NOV1700PE,SUNPHARMA,26NOV2026,170000.000000,350,OPTSTK,BFO,5.000000,28000,False
1130592,LT26OCT3550CE,LT,29OCT2026,355000.000000,175,OPTSTK,BFO,5.000000,12000,False
1130611,DELHIVERY26NOV405CE,DELHIVERY,26NOV2026,40500.000000,2075,OPTSTK,BFO,5.000000,100000000,False
854494,KPITTECH26SEP540CE,KPITTECH,24SEP2026,54000.000000,775,OPTSTK,BFO,5.000000,100000000,False
854519,TIINDIA26SEP3450CE,TIINDIA,24SEP2026,345000.000000,200,OPTSTK,BFO,5.000000,100000000,False
854523,KOTAKBANK26SEP435PE,KOTAKBANK,24SEP2026,43500.000000,2000,OPTSTK,BFO,5.000000,12000,False
854550,RECLTD26SEP405CE,RECLTD,24SEP2026,40500.000000,1575,OPTSTK,BFO,5.000000,160000,False
844901,VBL26SEP530CE,VBL,24SEP2026,53000.000000,1275,OPTSTK,BFO,5.000000,100000000,False
844902,MARICO26SEP815PE,MARICO,24SEP2026,81500.000000,1200,OPTSTK,BFO,5.000000,48000,False
844923,POWERINDIA26SEP30500CE,POWERINDIA,24SEP2026,3050000.000000,25,OPTSTK,BFO,5.000000,100000000,False
844925,BOSCHLTD26SEP41000PE,BOSCHLTD,24SEP2026,4100000.000000,25,OPTSTK,BFO,5.000000,1500,False
1130624,AMBUJACEM26OCT355CE,AMBUJACEM,29OCT2026,35500.000000,1200,OPTSTK,BFO,5.000000,54000,False
1130628,BAJFINANCE26NOV960CE,BAJFINANCE,26NOV2026,96000.000000,750,OPTSTK,BFO,5.000000,3750,False
1130650,SUPREMEIND26OCT3050PE,SUPREMEIND,29OCT2026,305000.000000,175,OPTSTK,BFO,5.000000,100000000,False
1130658,PIIND26OCT1900CE,PIIND,29OCT2026,190000.000000,175,OPTSTK,BFO,5.000000,7500,False
854566,COFORGE26SEP1280CE,COFORGE,24SEP2026,128000.000000,475,OPTSTK,BFO,5.000000,6000,False
854572,DLF26SEP720PE,DLF,24SEP2026,72000.000000,950,OPTSTK,BFO,5.000000,49500,False
854574,KPITTECH26SEP490PE,KPITTECH,24SEP2026,49000.000000,775,OPTSTK,BFO,5.000000,100000000,False
854575,INDHOTEL26SEP790PE,INDHOTEL,24SEP2026,79000.000000,1000,OPTSTK,BFO,5.000000,60000,False
1110965,ITC26NOV255CE,ITC,26NOV2026,25500.000000,1725,OPTSTK,BFO,5.000000,64000,False
1110980,SAGILITY26NOV37CE,SAGILITY,26NOV2026,3700.000000,12000,OPTSTK,BFO,5.000000,100000000,False
1110992,HINDZINC26NOV680PE,HINDZINC,26NOV2026,68000.000000,1225,OPTSTK,BFO,5.000000,100000000,False
1111049,BAJAJFINSV26NOV1920CE,BAJAJFINSV,26NOV2026,192000.000000,300,OPTSTK,BFO,5.000000,20000,False
1130672,HDFCAMC26SEP2050PE,HDFCAMC,24SEP2026,205000.000000,300,OPTSTK,BFO,5.000000,12000,False
1130683,TIINDIA26NOV2250CE,TIINDIA,26NOV2026,225000.000000,200,OPTSTK,BFO,5.000000,100000000,False
1130704,SAIL26NOV162.5CE,SAIL,26NOV2026,16250.000000,4700,OPTSTK,BFO,5.000000,320000,False
1130717,SUPREMEIND26NOV3000PE,SUPREMEIND,26NOV2026,300000.000000,175,OPTSTK,BFO,5.000000,100000000,False
854605,TECHM26SEP1204PE,TECHM,24SEP2026,120400.000000,600,OPTSTK,BFO,5.000000,24000,False
854616,DIVISLAB26SEP5800PE,DIVISLAB,24SEP2026,580000.000000,100,OPTSTK,BFO,5.000000,8000,False
854647,GODREJPROP26SEP2040PE,GODREJPROP,24SEP2026,204000.000000,325,OPTSTK,BFO,5.000000,19000,False
854649,PAYTM26SEP1340CE,PAYTM,24SEP2026,134000.000000,725,OPTSTK,BFO,5.000000,100000000,False
844928,ANGELONE26SEP370CE,ANGELONE,24SEP2026,37000.000000,2500,OPTSTK,BFO,5.000000,100000000,False
844933,SHREECEM26SEP24750PE,SHREECEM,24SEP2026,2475000.000000,25,OPTSTK,BFO,5.000000,1000,False
844939,BANKEX26SEP64100PE,BANKEX,24SEP2026,6410000.000000,30,OPTIDX,BFO,5.000000,900,False
844941,BANKEX26SEP66400PE,BANKEX,24SEP2026,6640000.000000,30,OPTIDX,BFO,5.000000,900,False
1130759,DELHIVERY26OCT405CE,DELHIVERY,29OCT2026,40500.000000,2075,OPTSTK,BFO,5.000000,100000000,False
1130762,ASTRAL26NOV1280PE,ASTRAL,26NOV2026,128000.000000,425,OPTSTK,BFO,5.000000,14680,False
1130763,SUNPHARMA26SEP1700PE,SUNPHARMA,24SEP2026,170000.000000,350,OPTSTK,BFO,5.000000,28000,False
1130798,PRESTIGE26SEP1380CE,PRESTIGE,24SEP2026,138000.000000,450,OPTSTK,BFO,5.000000,100000000,False
844946,BANKEX26SEP68700PE,BANKEX,24SEP2026,6870000.000000,30,OPTIDX,BFO,5.000000,900,False
844959,OBEROIRLTY26SEP1680PE,OBEROIRLTY,24SEP2026,168000.000000,350,OPTSTK,BFO,5.000000,28000,False
844961,IEX26SEP130PE,IEX,24SEP2026,13000.000000,4350,OPTSTK,BFO,5.000000,150000,False
844962,BHEL26SEP387.5PE,BHEL,24SEP2026,38750.000000,2625,OPTSTK,BFO,5.000000,315000,False
854671,COLPAL26SEP2160CE,COLPAL,24SEP2026,216000.000000,275,OPTSTK,BFO,5.000000,14000,False
854677,AXISBANK26SEP1500CE,AXISBANK,24SEP2026,150000.000000,625,OPTSTK,BFO,5.000000,25000,False
854679,LT26SEP3750CE,LT,24SEP2026,375000.000000,175,OPTSTK,BFO,5.000000,12000,False
854684,MARUTI26SEP15000PE,MARUTI,24SEP2026,1500000.000000,50,OPTSTK,BFO,5.000000,3000,False
1111054,NAM-INDIA26NOV1180CE,NAM-INDIA,26NOV2026,118000.000000,625,OPTSTK,BFO,5.000000,100000000,False
1111065,POLYCAB26NOV9400CE,POLYCAB,26NOV2026,940000.000000,125,OPTSTK,BFO,5.000000,9000,False
1111089,LICI26NOV410PE,LICI,26NOV2026,41000.000000,1400,OPTSTK,BFO,5.000000,100000000,False
1111101,FOCIT26NOV30400CE,FOCIT,26NOV2026,3040000.000000,45,OPTIDX,BFO,5.000000,1350,False
827722,SENSEX30DEC82000PE,SENSEX,26DEC2030,8200000.000000,20,OPTIDX,BFO,5.000000,1000,False
1130809,PIIND26OCT1900PE,PIIND,29OCT2026,190000.000000,175,OPTSTK,BFO,5.000000,7500,False
2053379,BSE26SEP3500PE,BSE,29SEP2026,350000.000000,200,OPTSTK,BFO,5.000000,3751,False
2055035,CDSL26SEP1800PE,CDSL,29SEP2026,180000.000000,475,OPTSTK,BFO,5.000000,14001,False
854696,KPITTECH26SEP530CE,KPITTECH,24SEP2026,53000.000000,775,OPTSTK,BFO,5.000000,100000000,False
854724,POLICYBZR26SEP1780PE,POLICYBZR,24SEP2026,178000.000000,350,OPTSTK,BFO,5.000000,100000000,False
854800,ADANIENT26SEP3550PE,ADANIENT,24SEP2026,355000.000000,309,OPTSTK,BFO,5.000000,9000,False
854848,TECHM26SEP1360PE,TECHM,24SEP2026,136000.000000,600,OPTSTK,BFO,5.000000,24000,False
839168,SENSEX26SEP75300CE,SENSEX,24SEP2026,7530000.000000,20,OPTIDX,BFO,5.000000,1000,False
839217,SENSEX26SEP81800CE,SENSEX,24SEP2026,8180000.000000,20,OPTIDX,BFO,5.000000,1000,False
839222,SENSEX26SEP71200PE,SENSEX,24SEP2026,7120000.000000,20,OPTIDX,BFO,5.000000,1000,False
839227,SENSEX26SEP78800CE,SENSEX,24SEP2026,7880000.000000,20,OPTIDX,BFO,5.000000,1000,False
844976,ALKEM26SEP5700PE,ALKEM,24SEP2026,570000.000000,125,OPTSTK,BFO,5.000000,8000,False
844979,AUROPHARMA26SEP1560CE,AUROPHARMA,24SEP2026,156000.000000,550,OPTSTK,BFO,5.000000,44000,False
845003,360ONE26SEP1000CE,,24SEP2026,100000.000000,500,OPTSTK,BFO,5.000000,100000000,False
845007,CROMPTON26SEP265CE,CROMPTON,24SEP2026,26500.000000,2150,OPTSTK,BFO,5.000000,90000,False
1111132,HINDZINC26NOV590PE,HINDZINC,26NOV2026,59000.000000,1225,OPTSTK,BFO,5.000000,100000000,False
1111137,SWIGGY26NOV305CE,SWIGGY,26NOV2026,30500.000000,1825,OPTSTK,BFO,5.000000,100000000,False
1111162,WIPRO26NOV177.5CE,WIPRO,26NOV2026,17750.000000,3000,OPTSTK,BFO,5.000000,60000,False
1111196,KEI26NOV5100CE,KEI,26NOV2026,510000.000000,175,OPTSTK,BFO,5.000000,100000000,False
854857,FORCEMOT26SEP22500CE,FORCEMOT,24SEP2026,2250000.000000,25,OPTSTK,BFO,5.000000,100000000,False
854980,SENSEX5026SEP26300PE,SENSEX50,24SEP2026,2630000.000000,75,OPTIDX,BFO,5.000000,1800,False
855035,SENSEX5026SEP26250PE,SENSEX50,24SEP2026,2625000.000000,75,OPTIDX,BFO,5.000000,1800,False
855084,PIIND26SEP2950CE,PIIND,24SEP2026,295000.000000,175,OPTSTK,BFO,5.000000,7500,False
839263,SENSEX26SEP76700CE,SENSEX,24SEP2026,7670000.000000,20,OPTIDX,BFO,5.000000,1000,False
839265,SENSEX26SEP83700PE,SENSEX,24SEP2026,8370000.000000,20,OPTIDX,BFO,5.000000,1000,False
839275,SENSEX26SEP76100PE,SENSEX,24SEP2026,7610000.000000,20,OPTIDX,BFO,5.000000,1000,False
839291,SENSEX26SEP82300CE,SENSEX,24SEP2026,8230000.000000,20,OPTIDX,BFO,5.000000,1000,False
845022,KEI26SEP5400PE,KEI,24SEP2026,540000.000000,175,OPTSTK,BFO,5.000000,100000000,False
845033,PERSISTENT26SEP4600CE,PERSISTENT,24SEP2026,460000.000000,125,OPTSTK,BFO,5.000000,5250,False
845051,COALINDIA26SEP460CE,COALINDIA,24SEP2026,46000.000000,1350,OPTSTK,BFO,5.000000,126000,False
845061,PNBHOUSING26SEP1030CE,PNBHOUSING,24SEP2026,103000.000000,650,OPTSTK,BFO,5.000000,100000000,False
855116,SHREECEM26SEP28000PE,SHREECEM,24SEP2026,2800000.000000,25,OPTSTK,BFO,5.000000,1000,False
855137,UNITDSPR26SEP1520PE,UNITDSPR,24SEP2026,152000.000000,400,OPTSTK,BFO,5.000000,28000,False
855159,HINDUNILVR26SEP2360PE,HINDUNILVR,24SEP2026,236000.000000,300,OPTSTK,BFO,5.000000,9000,False
855191,SENSEX30JUN83000CE,SENSEX,27JUN2030,8300000.000000,20,OPTIDX,BFO,5.000000,1000,False
1111203,TVSMOTOR26NOV4150CE,TVSMOTOR,26NOV2026,415000.000000,175,OPTSTK,BFO,5.000000,21000,False
1111210,INDIANB26NOV840CE,INDIANB,26NOV2026,84000.000000,1000,OPTSTK,BFO,5.000000,100000000,False
1111219,PETRONET26NOV325CE,PETRONET,26NOV2026,32500.000000,1900,OPTSTK,BFO,5.000000,120000,False
1111228,SAGILITY26OCTFUT,SAGILITY,29OCT2026,0.000000,12000,FUTSTK,BFO,5.000000,100000000,False
839298,SENSEX26SEP70300PE,SENSEX,24SEP2026,7030000.000000,20,OPTIDX,BFO,5.000000,1000,False
839332,SENSEX26SEP70500PE,SENSEX,24SEP2026,7050000.000000,20,OPTIDX,BFO,5.000000,1000,False
839337,SENSEX26SEP80500PE,SENSEX,24SEP2026,8050000.000000,20,OPTIDX,BFO,5.000000,1000,False
839348,SENSEX26SEP81100PE,SENSEX,24SEP2026,8110000.000000,20,OPTIDX,BFO,5.000000,1000,False
855203,OBEROIRLTY26SEP1980CE,OBEROIRLTY,24SEP2026,198000.000000,350,OPTSTK,BFO,5.000000,28000,False
855255,GODREJCP26SEP1150PE,GODREJCP,24SEP2026,115000.000000,500,OPTSTK,BFO,5.000000,30000,False
855277,VMM26SEP140CE,VMM,24SEP2026,14000.000000,4850,OPTSTK,BFO,5.000000,100000000,False
855296,PIIND26SEP2950PE,PIIND,24SEP2026,295000.000000,175,OPTSTK,BFO,5.000000,7500,False
845077,VBL26SEP535CE,VBL,24SEP2026,53500.000000,1275,OPTSTK,BFO,5.000000,100000000,False
845080,ASIANPAINT26SEP2560CE,ASIANPAINT,24SEP2026,256000.000000,250,OPTSTK,BFO,5.000000,8000,False
845092,BRITANNIA26SEP5300PE,BRITANNIA,24SEP2026,530000.000000,125,OPTSTK,BFO,5.000000,6000,False
845100,PNB26SEP109CE,PNB,24SEP2026,10900.000000,8000,OPTSTK,BFO,5.000000,480000,False
1111229,SENSEX26O1575300CE,SENSEX,15OCT2026,7530000.000000,20,OPTIDX,BFO,5.000000,1000,False
1111237,SENSEX26O1579900CE,SENSEX,15OCT2026,7990000.000000,20,OPTIDX,BFO,5.000000,1000,False
1111250,SENSEX26O1580000PE,SENSEX,15OCT2026,8000000.000000,20,OPTIDX,BFO,5.000000,1000,False
1111257,UPL26NOV530CE,UPL,26NOV2026,53000.000000,1355,OPTSTK,BFO,5.000000,39000,False
839391,SENSEX26SEP78300PE,SENSEX,24SEP2026,7830000.000000,20,OPTIDX,BFO,5.000000,1000,False
839425,SENSEX26SEP70200PE,SENSEX,24SEP2026,7020000.000000,20,OPTIDX,BFO,5.000000,1000,False
839451,SENSEX26SEP78700PE,SENSEX,24SEP2026,7870000.000000,20,OPTIDX,BFO,5.000000,1000,False
839452,SENSEX26SEP70400PE,SENSEX,24SEP2026,7040000.000000,20,OPTIDX,BFO,5.000000,1000,False
855321,MARICO26SEP930PE,MARICO,24SEP2026,93000.000000,1200,OPTSTK,BFO,5.000000,48000,False
855349,DIVISLAB26SEP7400CE,DIVISLAB,24SEP2026,740000.000000,100,OPTSTK,BFO,5.000000,8000,False
855356,ADANIGREEN26SEP1700CE,ADANIGREEN,24SEP2026,170000.000000,600,OPTSTK,BFO,5.000000,100000000,False
855373,KALYANKJIL26SEP425PE,KALYANKJIL,24SEP2026,42500.000000,1350,OPTSTK,BFO,5.000000,100000000,False
845102,LICI26SEP450PE,LICI,24SEP2026,45000.000000,1400,OPTSTK,BFO,5.000000,100000000,False
845103,CUMMINSIND26SEP5850PE,CUMMINSIND,24SEP2026,585000.000000,200,OPTSTK,BFO,5.000000,18000,False
845108,BANKINDIA26SEP135CE,BANKINDIA,24SEP2026,13500.000000,5200,OPTSTK,BFO,5.000000,100000000,False
845110,PNBHOUSING26SEP1110PE,PNBHOUSING,24SEP2026,111000.000000,650,OPTSTK,BFO,5.000000,100000000,False
1111268,APOLLOHOSP26NOV8800CE,APOLLOHOSP,26NOV2026,880000.000000,125,OPTSTK,BFO,5.000000,5000,False
1111276,PNB26NOV116CE,PNB,26NOV2026,11600.000000,8000,OPTSTK,BFO,5.000000,480000,False
1111284,MAZDOCK26NOV2500CE,MAZDOCK,26NOV2026,250000.000000,225,OPTSTK,BFO,5.000000,100000000,False
1111312,MAHABANK26OCTFUT,MAHABANK,29OCT2026,0.000000,6500,FUTSTK,BFO,5.000000,100000000,False
839454,SENSEX26SEP77100CE,SENSEX,24SEP2026,7710000.000000,20,OPTIDX,BFO,5.000000,1000,False
839455,SENSEX26SEP79400CE,SENSEX,24SEP2026,7940000.000000,20,OPTIDX,BFO,5.000000,1000,False
839461,SENSEX26SEP75700CE,SENSEX,24SEP2026,7570000.000000,20,OPTIDX,BFO,5.000000,1000,False
839463,SENSEX26SEP80400PE,SENSEX,24SEP2026,8040000.000000,20,OPTIDX,BFO,5.000000,1000,False
839494,SENSEX26SEP75900CE,SENSEX,24SEP2026,7590000.000000,20,OPTIDX,BFO,5.000000,1000,False
839510,SENSEX26SEP79900PE,SENSEX,24SEP2026,7990000.000000,20,OPTIDX,BFO,5.000000,1000,False
839517,SENSEX26SEP69800CE,SENSEX,24SEP2026,6980000.000000,20,OPTIDX,BFO,5.000000,1000,False
839522,SENSEX26SEP77500CE,SENSEX,24SEP2026,7750000.000000,20,OPTIDX,BFO,5.000000,1000,False
845115,GODFRYPHLP26SEP2200PE,GODFRYPHLP,24SEP2026,220000.000000,275,OPTSTK,BFO,5.000000,100000000,False
845124,AUBANK26SEP1010PE,AUBANK,24SEP2026,101000.000000,1000,OPTSTK,BFO,5.000000,30000,False
845131,CROMPTON26SEP272.5PE,CROMPTON,24SEP2026,27250.000000,2150,OPTSTK,BFO,5.000000,90000,False
845136,TECHM26SEP1504CE,TECHM,24SEP2026,150400.000000,600,OPTSTK,BFO,5.000000,24000,False
1111352,KFINTECH26NOV900CE,KFINTECH,26NOV2026,90000.000000,575,OPTSTK,BFO,5.000000,100000000,False
1111396,BANKEX26NOV64600PE,BANKEX,26NOV2026,6460000.000000,30,OPTIDX,BFO,5.000000,900,False
1111397,MARICO26NOV870CE,MARICO,26NOV2026,87000.000000,1200,OPTSTK,BFO,5.000000,48000,False
1111400,BLUESTARCO26NOV1460PE,BLUESTARCO,26NOV2026,146000.000000,325,OPTSTK,BFO,5.000000,100000000,False
839523,SENSEX26SEP79800CE,SENSEX,24SEP2026,7980000.000000,20,OPTIDX,BFO,5.000000,1000,False
839529,SENSEX26SEP81500CE,SENSEX,24SEP2026,8150000.000000,20,OPTIDX,BFO,5.000000,1000,False
839538,SENSEX26SEP73200PE,SENSEX,24SEP2026,7320000.000000,20,OPTIDX,BFO,5.000000,1000,False
839539,SENSEX26SEP75500PE,SENSEX,24SEP2026,7550000.000000,20,OPTIDX,BFO,5.000000,1000,False
845150,JUBLFOOD26SEP420CE,JUBLFOOD,24SEP2026,42000.000000,1250,OPTSTK,BFO,5.000000,50000,False
845151,ASTRAL26SEP1340PE,ASTRAL,24SEP2026,134000.000000,425,OPTSTK,BFO,5.000000,14680,False
845152,BANKEX26SEP59700PE,BANKEX,24SEP2026,5970000.000000,30,OPTIDX,BFO,5.000000,900,False
845154,IEX26SEP131CE,IEX,24SEP2026,13100.000000,4350,OPTSTK,BFO,5.000000,150000,False
1111402,BANKEX26NOV66900PE,BANKEX,26NOV2026,6690000.000000,30,OPTIDX,BFO,5.000000,900,False
1111462,BANKEX26NOV60900PE,BANKEX,26NOV2026,6090000.000000,30,OPTIDX,BFO,5.000000,900,False
1111464,BANKEX26NOV71200CE,BANKEX,26NOV2026,7120000.000000,30,OPTIDX,BFO,5.000000,900,False
1111478,FOCIT26NOV39700CE,FOCIT,26NOV2026,3970000.000000,45,OPTIDX,BFO,5.000000,1350,False
855391,TECHM26SEP1480CE,TECHM,24SEP2026,148000.000000,600,OPTSTK,BFO,5.000000,24000,False
855402,SENSEX26SEP84500PE,SENSEX,24SEP2026,8450000.000000,20,OPTIDX,BFO,5.000000,1000,False
855408,NYKAA26SEP350CE,NYKAA,24SEP2026,35000.000000,3125,OPTSTK,BFO,5.000000,100000000,False
855411,BRITANNIA26SEP5700CE,BRITANNIA,24SEP2026,570000.000000,125,OPTSTK,BFO,5.000000,6000,False
839558,SENSEX26SEP80100PE,SENSEX,24SEP2026,8010000.000000,20,OPTIDX,BFO,5.000000,1000,False
839559,SENSEX26SEP82400PE,SENSEX,24SEP2026,8240000.000000,20,OPTIDX,BFO,5.000000,1000,False
839565,SENSEX26SEP81700CE,SENSEX,24SEP2026,8170000.000000,20,OPTIDX,BFO,5.000000,1000,False
839570,SENSEX26SEP71100PE,SENSEX,24SEP2026,7110000.000000,20,OPTIDX,BFO,5.000000,1000,False
845155,LUPIN26SEP2320CE,LUPIN,24SEP2026,232000.000000,425,OPTSTK,BFO,5.000000,34000,False
845158,HEROMOTOCO26SEP5250PE,HEROMOTOCO,24SEP2026,525000.000000,150,OPTSTK,BFO,5.000000,9000,False
845176,PIDILITIND26SEP1670CE,PIDILITIND,24SEP2026,167000.000000,500,OPTSTK,BFO,5.000000,10000,False
845178,HINDPETRO26SEP400.75PE,HINDPETRO,24SEP2026,40075.000000,2025,OPTSTK,BFO,5.000000,108000,False
855429,SENSEX29JUN83000PE,SENSEX,28JUN2029,8300000.000000,20,OPTIDX,BFO,5.000000,1000,False
855437,GRASIM26SEP3300PE,GRASIM,24SEP2026,330000.000000,250,OPTSTK,BFO,5.000000,14250,False
855460,ADANIENT26SEP3550CE,ADANIENT,24SEP2026,355000.000000,309,OPTSTK,BFO,5.000000,9000,False
855523,TECHM26SEP1520CE,TECHM,24SEP2026,152000.000000,600,OPTSTK,BFO,5.000000,24000,False
1111480,ADANIPOWER26NOV225PE,ADANIPOWER,26NOV2026,22500.000000,3550,OPTSTK,BFO,5.000000,100000000,False
1111485,IRFC26NOV88PE,IRFC,26NOV2026,8800.000000,5425,OPTSTK,BFO,5.000000,100000000,False
1111489,SAIL26NOV202.5PE,SAIL,26NOV2026,20250.000000,4700,OPTSTK,BFO,5.000000,320000,False
1111491,HINDUNILVR26OCT1860PE,HINDUNILVR,29OCT2026,186000.000000,300,OPTSTK,BFO,5.000000,9000,False
845237,COALINDIA26SEP460PE,COALINDIA,24SEP2026,46000.000000,1350,OPTSTK,BFO,5.000000,126000,False
845183,TECHM26SEP1424PE,TECHM,24SEP2026,142400.000000,600,OPTSTK,BFO,5.000000,24000,False
845185,WAAREEENER26SEP3050CE,WAAREEENER,24SEP2026,305000.000000,175,OPTSTK,BFO,5.000000,100000000,False
845198,CAMS26SEP860CE,CAMS,24SEP2026,86000.000000,825,OPTSTK,BFO,5.000000,100000000,False
839603,SENSEX26SEP73600PE,SENSEX,24SEP2026,7360000.000000,20,OPTIDX,BFO,5.000000,1000,False
840256,SENSEX26SEP84400CE,SENSEX,24SEP2026,8440000.000000,20,OPTIDX,BFO,5.000000,1000,False
840491,SENSEX26SEP79000CE,SENSEX,24SEP2026,7900000.000000,20,OPTIDX,BFO,5.000000,1000,False
840659,SENSEX26DEC79000CE,SENSEX,31DEC2026,7900000.000000,20,OPTIDX,BFO,5.000000,1000,False
855527,TECHM26SEP1440PE,TECHM,24SEP2026,144000.000000,600,OPTSTK,BFO,5.000000,24000,False
855657,OBEROIRLTY26SEP2040CE,OBEROIRLTY,24SEP2026,204000.000000,350,OPTSTK,BFO,5.000000,28000,False
855663,MCX26SEP2450PE,MCX,24SEP2026,245000.000000,225,OPTSTK,BFO,5.000000,16000,False
855673,HDFCAMC26SEP3150PE,HDFCAMC,24SEP2026,315000.000000,300,OPTSTK,BFO,5.000000,12000,False
1111501,FOCIT26NOV42100PE,FOCIT,26NOV2026,4210000.000000,45,OPTIDX,BFO,5.000000,1350,False
1111506,HCLTECH26NOV1240CE,HCLTECH,26NOV2026,124000.000000,400,OPTSTK,BFO,5.000000,21000,False
1111507,SENSEX26O1577000PE,SENSEX,15OCT2026,7700000.000000,20,OPTIDX,BFO,5.000000,1000,False
1111533,ETERNAL26NOV310PE,ETERNAL,26NOV2026,31000.000000,2425,OPTSTK,BFO,5.000000,100000000,False
841281,SENSEX26SEP69500PE,SENSEX,24SEP2026,6950000.000000,20,OPTIDX,BFO,5.000000,1000,False
841626,VMM26SEP116PE,VMM,24SEP2026,11600.000000,4850,OPTSTK,BFO,5.000000,100000000,False
841630,BANKEX26SEP71100CE,BANKEX,24SEP2026,7110000.000000,30,OPTIDX,BFO,5.000000,900,False
841631,NAM-INDIA26SEP1200CE,NAM-INDIA,24SEP2026,120000.000000,625,OPTSTK,BFO,5.000000,100000000,False
845260,SUZLON26SEP61CE,SUZLON,24SEP2026,6100.000000,12700,OPTSTK,BFO,5.000000,100000000,False
845261,BANDHANBNK26SEP212.5PE,BANDHANBNK,24SEP2026,21250.000000,3600,OPTSTK,BFO,5.000000,100000,False
845286,IREDA26SEP122CE,IREDA,24SEP2026,12200.000000,4525,OPTSTK,BFO,5.000000,100000000,False
845301,RBLBANK26SEP370CE,RBLBANK,24SEP2026,37000.000000,3175,OPTSTK,BFO,5.000000,150000,False
855699,OBEROIRLTY26SEP2080CE,OBEROIRLTY,24SEP2026,208000.000000,350,OPTSTK,BFO,5.000000,28000,False
855706,HCLTECH26SEP1190PE,HCLTECH,24SEP2026,119000.000000,400,OPTSTK,BFO,5.000000,21000,False
855728,AUROPHARMA26SEP1740PE,AUROPHARMA,24SEP2026,174000.000000,550,OPTSTK,BFO,5.000000,44000,False
855730,PERSISTENT26SEP5400PE,PERSISTENT,24SEP2026,540000.000000,125,OPTSTK,BFO,5.000000,5250,False
1111543,BHEL26NOV420PE,BHEL,26NOV2026,42000.000000,2625,OPTSTK,BFO,5.000000,315000,False
1111550,KFINTECH26NOV1000CE,KFINTECH,26NOV2026,100000.000000,575,OPTSTK,BFO,5.000000,100000000,False
1111566,PRESTIGE26NOV1600PE,PRESTIGE,26NOV2026,160000.000000,450,OPTSTK,BFO,5.000000,100000000,False
1111580,HDFCAMC26NOV2550CE,HDFCAMC,26NOV2026,255000.000000,300,OPTSTK,BFO,5.000000,12000,False
855801,OBEROIRLTY26SEP2040PE,OBEROIRLTY,24SEP2026,204000.000000,350,OPTSTK,BFO,5.000000,28000,False
855812,SHREECEM26SEP28500PE,SHREECEM,24SEP2026,2850000.000000,25,OPTSTK,BFO,5.000000,1000,False
855831,BEL26SEP455PE,BEL,24SEP2026,45500.000000,1425,OPTSTK,BFO,5.000000,228000,False
855838,SUNPHARMA26SEP2040CE,SUNPHARMA,24SEP2026,204000.000000,350,OPTSTK,BFO,5.000000,28000,False
841637,PHOENIXLTD26SEP1800CE,PHOENIXLTD,24SEP2026,180000.000000,350,OPTSTK,BFO,5.000000,100000000,False
841662,HEROMOTOCO26SEP4550CE,HEROMOTOCO,24SEP2026,455000.000000,150,OPTSTK,BFO,5.000000,9000,False
841663,NYKAA26SEP305PE,NYKAA,24SEP2026,30500.000000,3125,OPTSTK,BFO,5.000000,100000000,False
841692,BAJAJFINSV26SEP1700PE,BAJAJFINSV,24SEP2026,170000.000000,300,OPTSTK,BFO,5.000000,20000,False
845339,MFSL26SEP1520CE,MFSL,24SEP2026,152000.000000,400,OPTSTK,BFO,5.000000,32000,False
845349,BAJAJHLDNG26SEP10000CE,BAJAJHLDNG,24SEP2026,1000000.000000,75,OPTSTK,BFO,5.000000,100000000,False
845394,UNITDSPR26SEP1360PE,UNITDSPR,24SEP2026,136000.000000,400,OPTSTK,BFO,5.000000,28000,False
845411,CANBK26SEPFUT,CANBK,24SEP2026,0.000000,6750,FUTSTK,BFO,5.000000,81000,False
1111585,SENSEX26O1575600PE,SENSEX,15OCT2026,7560000.000000,20,OPTIDX,BFO,5.000000,1000,False
1111586,RECLTD26NOV285CE,RECLTD,26NOV2026,28500.000000,1575,OPTSTK,BFO,5.000000,160000,False
1111620,SHRIRAMFIN26NOV1220PE,SHRIRAMFIN,26NOV2026,122000.000000,825,OPTSTK,BFO,5.000000,18000,False
1111651,INOXWIND26NOV60CE,INOXWIND,26NOV2026,6000.000000,6400,OPTSTK,BFO,5.000000,100000000,False
841701,KFINTECH26SEP870CE,KFINTECH,24SEP2026,87000.000000,575,OPTSTK,BFO,5.000000,100000000,False
841709,GVT&D26SEP6400CE,GVT&D,24SEP2026,640000.000000,125,OPTSTK,BFO,5.000000,100000000,False
841718,POLICYBZR26SEP1680CE,POLICYBZR,24SEP2026,168000.000000,350,OPTSTK,BFO,5.000000,100000000,False
841721,RVNL26SEP275PE,RVNL,24SEP2026,27500.000000,1925,OPTSTK,BFO,5.000000,100000000,False
845413,NMDC26SEP78PE,NMDC,24SEP2026,7800.000000,6750,OPTSTK,BFO,5.000000,225000,False
845417,SWIGGY26SEP255PE,SWIGGY,24SEP2026,25500.000000,1825,OPTSTK,BFO,5.000000,100000000,False
845421,BANKEX26SEP68900PE,BANKEX,24SEP2026,6890000.000000,30,OPTIDX,BFO,5.000000,900,False
845445,SUNPHARMA26SEP1920PE,SUNPHARMA,24SEP2026,192000.000000,350,OPTSTK,BFO,5.000000,28000,False
855841,PNB26SEP98CE,PNB,24SEP2026,9800.000000,8000,OPTSTK,BFO,5.000000,480000,False
855892,BANKBARODA26SEP215CE,BANKBARODA,24SEP2026,21500.000000,2925,OPTSTK,BFO,5.000000,175500,False
855897,BIOCON26SEP460PE,BIOCON,24SEP2026,46000.000000,2500,OPTSTK,BFO,5.000000,100000,False
855907,AUROPHARMA26SEP1760CE,AUROPHARMA,24SEP2026,176000.000000,550,OPTSTK,BFO,5.000000,44000,False
1111700,ADANIGREEN26NOV1340PE,ADANIGREEN,26NOV2026,134000.000000,600,OPTSTK,BFO,5.000000,100000000,False
1111708,SBILIFE26NOV1660CE,SBILIFE,26NOV2026,166000.000000,375,OPTSTK,BFO,5.000000,22500,False
1111711,BANKEX26NOV68200CE,BANKEX,26NOV2026,6820000.000000,30,OPTIDX,BFO,5.000000,900,False
1111713,KOTAKBANK26NOV400PE,KOTAKBANK,26NOV2026,40000.000000,2000,OPTSTK,BFO,5.000000,12000,False
841729,SHREECEM26SEP25750PE,SHREECEM,24SEP2026,2575000.000000,25,OPTSTK,BFO,5.000000,1000,False
841741,BAJFINANCE26SEP940CE,BAJFINANCE,24SEP2026,94000.000000,750,OPTSTK,BFO,5.000000,3750,False
841742,ONGC26SEP235CE,ONGC,24SEP2026,23500.000000,2250,OPTSTK,BFO,5.000000,154000,False
841751,SENSEX29DEC82000CE,SENSEX,27DEC2029,8200000.000000,20,OPTIDX,BFO,5.000000,1000,False
845463,BANKBARODA26SEP282.5CE,BANKBARODA,24SEP2026,28250.000000,2925,OPTSTK,BFO,5.000000,175500,False
845464,NAUKRI26SEP940PE,NAUKRI,24SEP2026,94000.000000,550,OPTSTK,BFO,5.000000,6000,False
845493,BHEL26SEP395PE,BHEL,24SEP2026,39500.000000,2625,OPTSTK,BFO,5.000000,315000,False
845502,ONGC26SEP222.5PE,ONGC,24SEP2026,22250.000000,2250,OPTSTK,BFO,5.000000,154000,False
855944,HCLTECH26SEP1210CE,HCLTECH,24SEP2026,121000.000000,400,OPTSTK,BFO,5.000000,21000,False
855956,FEDERALBNK26SEP290CE,FEDERALBNK,24SEP2026,29000.000000,2500,OPTSTK,BFO,5.000000,200000,False
855964,CGPOWER26SEP760PE,CGPOWER,24SEP2026,76000.000000,850,OPTSTK,BFO,5.000000,100000000,False
855969,SUNPHARMA26SEP2040PE,SUNPHARMA,24SEP2026,204000.000000,350,OPTSTK,BFO,5.000000,28000,False
1111718,ANGELONE26NOV280CE,ANGELONE,26NOV2026,28000.000000,2500,OPTSTK,BFO,5.000000,100000000,False
1111733,NTPC26NOV305PE,NTPC,26NOV2026,30500.000000,1500,OPTSTK,BFO,5.000000,150000,False
1111742,FOCIT26NOV32000CE,FOCIT,26NOV2026,3200000.000000,45,OPTIDX,BFO,5.000000,1350,False
1111749,SWIGGY26NOV275CE,SWIGGY,26NOV2026,27500.000000,1825,OPTSTK,BFO,5.000000,100000000,False
841752,SUPREMEIND26SEP3500PE,SUPREMEIND,24SEP2026,350000.000000,175,OPTSTK,BFO,5.000000,100000000,False
841781,ADANIGREEN26SEP1480CE,ADANIGREEN,24SEP2026,148000.000000,600,OPTSTK,BFO,5.000000,100000000,False
841784,UNITDSPR26SEP1370CE,UNITDSPR,24SEP2026,137000.000000,400,OPTSTK,BFO,5.000000,28000,False
841786,LICHSGFIN26SEP515CE,LICHSGFIN,24SEP2026,51500.000000,1000,OPTSTK,BFO,5.000000,60000,False
845516,IEX26SEP124CE,IEX,24SEP2026,12400.000000,4350,OPTSTK,BFO,5.000000,150000,False
845519,GODREJPROP26SEP1800PE,GODREJPROP,24SEP2026,180000.000000,325,OPTSTK,BFO,5.000000,19000,False
845523,JUBLFOOD26SEP425PE,JUBLFOOD,24SEP2026,42500.000000,1250,OPTSTK,BFO,5.000000,50000,False
845535,HINDALCO26SEP910CE,HINDALCO,24SEP2026,91000.000000,700,OPTSTK,BFO,5.000000,56000,False
855977,POWERINDIA26SEP29500CE,POWERINDIA,24SEP2026,2950000.000000,25,OPTSTK,BFO,5.000000,100000000,False
855988,LODHA26SEP1160PE,LODHA,24SEP2026,116000.000000,625,OPTSTK,BFO,5.000000,100000000,False
856028,BAJAJFINSV26SEP2040PE,BAJAJFINSV,24SEP2026,204000.000000,300,OPTSTK,BFO,5.000000,20000,False
856044,POWERINDIA26SEP29000CE,POWERINDIA,24SEP2026,2900000.000000,25,OPTSTK,BFO,5.000000,100000000,False
1111766,INDHOTEL26NOV720CE,INDHOTEL,26NOV2026,72000.000000,1000,OPTSTK,BFO,5.000000,60000,False
1111784,NBCC26NOV82.5CE,NBCC,26NOV2026,8250.000000,6500,OPTSTK,BFO,5.000000,100000000,False
1111785,PETRONET26NOV270CE,PETRONET,26NOV2026,27000.000000,1900,OPTSTK,BFO,5.000000,120000,False
1111806,CAMS26NOV800PE,CAMS,26NOV2026,80000.000000,825,OPTSTK,BFO,5.000000,100000000,False
841796,VMM26SEP109CE,VMM,24SEP2026,10900.000000,4850,OPTSTK,BFO,5.000000,100000000,False
841798,PNBHOUSING26SEPFUT,PNBHOUSING,24SEP2026,0.000000,650,FUTSTK,BFO,5.000000,100000000,False
841801,SRF26SEP2660PE,SRF,24SEP2026,266000.000000,200,OPTSTK,BFO,5.000000,11250,False
841806,INOXWIND26SEP95CE,INOXWIND,24SEP2026,9500.000000,6400,OPTSTK,BFO,5.000000,100000000,False
856118,BANDHANBNK26SEP165PE,BANDHANBNK,24SEP2026,16500.000000,3600,OPTSTK,BFO,5.000000,100000,False
856119,DMART26SEP3800PE,DMART,24SEP2026,380000.000000,150,OPTSTK,BFO,5.000000,100000000,False
856131,GVT&D26SEP3900PE,GVT&D,24SEP2026,390000.000000,125,OPTSTK,BFO,5.000000,100000000,False
856155,HCLTECH26SEP1190CE,HCLTECH,24SEP2026,119000.000000,400,OPTSTK,BFO,5.000000,21000,False
1111859,ADANIENT26NOV3100CE,ADANIENT,26NOV2026,310000.000000,309,OPTSTK,BFO,5.000000,9000,False
1111888,ADANIGREEN26NOV1400CE,ADANIGREEN,26NOV2026,140000.000000,600,OPTSTK,BFO,5.000000,100000000,False
1111897,ABCAPITAL26NOV410PE,ABCAPITAL,26NOV2026,41000.000000,3100,OPTSTK,BFO,5.000000,162000,False
1111916,PNBHOUSING26NOV1100CE,PNBHOUSING,26NOV2026,110000.000000,650,OPTSTK,BFO,5.000000,100000000,False
856173,AUROPHARMA26SEP1740CE,AUROPHARMA,24SEP2026,174000.000000,550,OPTSTK,BFO,5.000000,44000,False
856261,DABUR26SEP485CE,DABUR,24SEP2026,48500.000000,1250,OPTSTK,BFO,5.000000,50000,False
856264,360ONE26SEP1260CE,,24SEP2026,126000.000000,500,OPTSTK,BFO,5.000000,100000000,False
856269,LODHA26SEP1220CE,LODHA,24SEP2026,122000.000000,625,OPTSTK,BFO,5.000000,100000000,False
841822,SENSEX5026SEP24700CE,SENSEX50,24SEP2026,2470000.000000,75,OPTIDX,BFO,5.000000,1800,False
841833,360ONE26SEP1220CE,,24SEP2026,122000.000000,500,OPTSTK,BFO,5.000000,100000000,False
841861,JSWENERGY26SEP540CE,JSWENERGY,24SEP2026,54000.000000,1075,OPTSTK,BFO,5.000000,100000000,False
841874,POLYCAB26SEP10200CE,POLYCAB,24SEP2026,1020000.000000,125,OPTSTK,BFO,5.000000,9000,False
1111925,HAL26NOV4750PE,HAL,26NOV2026,475000.000000,150,OPTSTK,BFO,5.000000,9000,False
1111944,KEI26NOV5300CE,KEI,26NOV2026,530000.000000,175,OPTSTK,BFO,5.000000,100000000,False
1111956,SAGILITY26SEPFUT,SAGILITY,24SEP2026,0.000000,12000,FUTSTK,BFO,5.000000,100000000,False
1111958,WAAREEENER26NOV2600PE,WAAREEENER,26NOV2026,260000.000000,175,OPTSTK,BFO,5.000000,100000000,False
856302,SENSEX5026SEP26500CE,SENSEX50,24SEP2026,2650000.000000,75,OPTIDX,BFO,5.000000,1800,False
856309,INDUSINDBK26SEP1060PE,INDUSINDBK,24SEP2026,106000.000000,700,OPTSTK,BFO,5.000000,20000,False
856312,GODREJCP26SEP1170PE,GODREJCP,24SEP2026,117000.000000,500,OPTSTK,BFO,5.000000,30000,False
856315,MANAPPURAM26SEP375CE,MANAPPURAM,24SEP2026,37500.000000,3000,OPTSTK,BFO,5.000000,180000,False
841875,HCLTECH26SEP1110PE,HCLTECH,24SEP2026,111000.000000,400,OPTSTK,BFO,5.000000,21000,False
841877,POWERINDIA26SEP35500PE,POWERINDIA,24SEP2026,3550000.000000,25,OPTSTK,BFO,5.000000,100000000,False
841881,LODHA26SEP1020CE,LODHA,24SEP2026,102000.000000,625,OPTSTK,BFO,5.000000,100000000,False
841914,SRF26SEP2720CE,SRF,24SEP2026,272000.000000,200,OPTSTK,BFO,5.000000,11250,False
1111970,RVNL26NOV250PE,RVNL,26NOV2026,25000.000000,1925,OPTSTK,BFO,5.000000,100000000,False
1111997,CAMS26NOV710PE,CAMS,26NOV2026,71000.000000,825,OPTSTK,BFO,5.000000,100000000,False
1112005,COALINDIA26NOV395CE,COALINDIA,26NOV2026,39500.000000,1350,OPTSTK,BFO,5.000000,126000,False
1112013,CHOLAFIN26NOV1940PE,CHOLAFIN,26NOV2026,194000.000000,625,OPTSTK,BFO,5.000000,25000,False
856317,PHOENIXLTD26SEP2220PE,PHOENIXLTD,24SEP2026,222000.000000,350,OPTSTK,BFO,5.000000,100000000,False
856358,BANKEX26SEP72700CE,BANKEX,24SEP2026,7270000.000000,30,OPTIDX,BFO,5.000000,900,False
856387,JUBLFOOD26SEP470CE,JUBLFOOD,24SEP2026,47000.000000,1250,OPTSTK,BFO,5.000000,50000,False
856388,ONGC26SEP260CE,ONGC,24SEP2026,26000.000000,2250,OPTSTK,BFO,5.000000,154000,False
841931,SUNPHARMA26SEP1840CE,SUNPHARMA,24SEP2026,184000.000000,350,OPTSTK,BFO,5.000000,28000,False
841953,LODHA26SEP880PE,LODHA,24SEP2026,88000.000000,625,OPTSTK,BFO,5.000000,100000000,False
841963,ASTRAL26SEP1560PE,ASTRAL,24SEP2026,156000.000000,425,OPTSTK,BFO,5.000000,14680,False
841964,KALYANKJIL26SEP365PE,KALYANKJIL,24SEP2026,36500.000000,1350,OPTSTK,BFO,5.000000,100000000,False
1112030,CANBK26NOV120CE,CANBK,26NOV2026,12000.000000,6750,OPTSTK,BFO,5.000000,81000,False
1112060,MANAPPURAM26NOV380CE,MANAPPURAM,26NOV2026,38000.000000,3000,OPTSTK,BFO,5.000000,180000,False
1112107,BANKEX26NOV66200PE,BANKEX,26NOV2026,6620000.000000,30,OPTIDX,BFO,5.000000,900,False
1112108,HAVELLS26NOV1340PE,HAVELLS,26NOV2026,134000.000000,500,OPTSTK,BFO,5.000000,20000,False
856419,360ONE26SEP1260PE,,24SEP2026,126000.000000,500,OPTSTK,BFO,5.000000,100000000,False
856434,SENSEX26SEP84900PE,SENSEX,24SEP2026,8490000.000000,20,OPTIDX,BFO,5.000000,1000,False
856447,ADANIENSOL26SEP1740PE,ADANIENSOL,24SEP2026,174000.000000,675,OPTSTK,BFO,5.000000,100000000,False
856482,M&M26SEP3550CE,M&M,24SEP2026,355000.000000,200,OPTSTK,BFO,5.000000,21000,False
1112136,SAGILITY26SEP44CE,SAGILITY,24SEP2026,4400.000000,12000,OPTSTK,BFO,5.000000,100000000,False
1112163,UNIONBANK26NOV197.5PE,UNIONBANK,26NOV2026,19750.000000,4425,OPTSTK,BFO,5.000000,100000000,False
1112178,NATIONALUM26NOV460PE,NATIONALUM,26NOV2026,46000.000000,1875,OPTSTK,BFO,5.000000,300000,False
1112195,ABB26NOVFUT,ABB,26NOV2026,0.000000,125,FUTSTK,BFO,5.000000,7500,False
845549,TIINDIA26SEP2940PE,TIINDIA,24SEP2026,294000.000000,200,OPTSTK,BFO,5.000000,100000000,False
845557,CAMS26SEP840PE,CAMS,24SEP2026,84000.000000,825,OPTSTK,BFO,5.000000,100000000,False
845570,TATASTEEL26SEP187.5PE,TATASTEEL,24SEP2026,18750.000000,2750,OPTSTK,BFO,5.000000,220000,False
845575,NESTLEIND26SEP1350PE,NESTLEIND,24SEP2026,135000.000000,500,OPTSTK,BFO,5.000000,1200,False
856485,PIDILITIND26SEP1760CE,PIDILITIND,24SEP2026,176000.000000,500,OPTSTK,BFO,5.000000,10000,False
856487,FORTIS26SEP1050CE,FORTIS,24SEP2026,105000.000000,775,OPTSTK,BFO,5.000000,100000000,False
856494,SENSEX5026SEP26600CE,SENSEX50,24SEP2026,2660000.000000,75,OPTIDX,BFO,5.000000,1800,False
856506,MANAPPURAM26SEP380PE,MANAPPURAM,24SEP2026,38000.000000,3000,OPTSTK,BFO,5.000000,180000,False
841968,DMART26SEP4050PE,DMART,24SEP2026,405000.000000,150,OPTSTK,BFO,5.000000,100000000,False
841971,MCX26SEP3100PE,MCX,24SEP2026,310000.000000,225,OPTSTK,BFO,5.000000,16000,False
841974,PNB26SEP105PE,PNB,24SEP2026,10500.000000,8000,OPTSTK,BFO,5.000000,480000,False
841976,SENSEX5026SEP25300CE,SENSEX50,24SEP2026,2530000.000000,75,OPTIDX,BFO,5.000000,1800,False
1112228,SENSEX26NOV70200CE,SENSEX,26NOV2026,7020000.000000,20,OPTIDX,BFO,5.000000,1000,False
1112229,TMPV26NOV280PE,TMPV,26NOV2026,28000.000000,1600,OPTSTK,BFO,5.000000,42750,False
1112230,SENSEX26O1581800CE,SENSEX,15OCT2026,8180000.000000,20,OPTIDX,BFO,5.000000,1000,False
1112237,IDEA26NOV15CE,IDEA,26NOV2026,1500.000000,71475,OPTSTK,BFO,5.000000,2400000,False
845576,NYKAA26SEP320PE,NYKAA,24SEP2026,32000.000000,3125,OPTSTK,BFO,5.000000,100000000,False
845594,HEROMOTOCO26SEP4750CE,HEROMOTOCO,24SEP2026,475000.000000,150,OPTSTK,BFO,5.000000,9000,False
845611,KFINTECH26SEP920PE,KFINTECH,24SEP2026,92000.000000,575,OPTSTK,BFO,5.000000,100000000,False
845621,SUZLON26SEP58PE,SUZLON,24SEP2026,5800.000000,12700,OPTSTK,BFO,5.000000,100000000,False
856519,GODREJPROP26SEP2160CE,GODREJPROP,24SEP2026,216000.000000,325,OPTSTK,BFO,5.000000,19000,False
856600,DELHIVERY26SEP550CE,DELHIVERY,24SEP2026,55000.000000,2075,OPTSTK,BFO,5.000000,100000000,False
856604,GRASIM26SEP3340CE,GRASIM,24SEP2026,334000.000000,250,OPTSTK,BFO,5.000000,14250,False
856613,SRF26SEP3200CE,SRF,24SEP2026,320000.000000,200,OPTSTK,BFO,5.000000,11250,False
841991,POWERGRID26SEP297.5PE,POWERGRID,24SEP2026,29750.000000,1900,OPTSTK,BFO,5.000000,108000,False
842004,ADANIENSOL26SEP1640PE,ADANIENSOL,24SEP2026,164000.000000,675,OPTSTK,BFO,5.000000,100000000,False
842015,BANKEX26SEP61300CE,BANKEX,24SEP2026,6130000.000000,30,OPTIDX,BFO,5.000000,900,False
842024,WAAREEENER26SEP2650CE,WAAREEENER,24SEP2026,265000.000000,175,OPTSTK,BFO,5.000000,100000000,False
1112264,ICICIGI26NOV1700CE,ICICIGI,26NOV2026,170000.000000,325,OPTSTK,BFO,5.000000,20000,False
1112269,UNIONBANK26NOV165PE,UNIONBANK,26NOV2026,16500.000000,4425,OPTSTK,BFO,5.000000,100000000,False
1112274,JIOFIN26OCT220PE,JIOFIN,29OCT2026,22000.000000,2350,OPTSTK,BFO,5.000000,100000000,False
1112275,TIINDIA26NOV2550CE,TIINDIA,26NOV2026,255000.000000,200,OPTSTK,BFO,5.000000,100000000,False
856624,FORTIS26SEP1050PE,FORTIS,24SEP2026,105000.000000,775,OPTSTK,BFO,5.000000,100000000,False
856638,DELHIVERY26SEP555PE,DELHIVERY,24SEP2026,55500.000000,2075,OPTSTK,BFO,5.000000,100000000,False
856689,SUZLON26SEP49CE,SUZLON,24SEP2026,4900.000000,12700,OPTSTK,BFO,5.000000,100000000,False
856696,SENSEX26SEP85200CE,SENSEX,24SEP2026,8520000.000000,20,OPTIDX,BFO,5.000000,1000,False
845653,INDHOTEL26SEP695CE,INDHOTEL,24SEP2026,69500.000000,1000,OPTSTK,BFO,5.000000,60000,False
845679,BDL26SEP1400PE,BDL,24SEP2026,140000.000000,425,OPTSTK,BFO,5.000000,100000000,False
845688,TATAPOWER26SEP370CE,TATAPOWER,24SEP2026,37000.000000,1450,OPTSTK,BFO,5.000000,101250,False
845693,KFINTECH26SEP830PE,KFINTECH,24SEP2026,83000.000000,575,OPTSTK,BFO,5.000000,100000000,False
842031,HDFCLIFE26SEP575CE,HDFCLIFE,24SEP2026,57500.000000,1100,OPTSTK,BFO,5.000000,44000,False
842039,BDL26SEP1420PE,BDL,24SEP2026,142000.000000,425,OPTSTK,BFO,5.000000,100000000,False
842042,SBICARD26SEP560PE,SBICARD,24SEP2026,56000.000000,800,OPTSTK,BFO,5.000000,32000,False
842049,TATAPOWER26SEP390CE,TATAPOWER,24SEP2026,39000.000000,1450,OPTSTK,BFO,5.000000,101250,False
845704,LICHSGFIN26SEP530CE,LICHSGFIN,24SEP2026,53000.000000,1000,OPTSTK,BFO,5.000000,60000,False
845724,IDEA26SEP17PE,IDEA,24SEP2026,1700.000000,71475,OPTSTK,BFO,5.000000,2400000,False
845732,PIIND26SEP2700CE,PIIND,24SEP2026,270000.000000,175,OPTSTK,BFO,5.000000,7500,False
845736,NBCC26SEP110CE,NBCC,24SEP2026,11000.000000,6500,OPTSTK,BFO,5.000000,100000000,False
856739,360ONE26SEP1280PE,,24SEP2026,128000.000000,500,OPTSTK,BFO,5.000000,100000000,False
856745,ONGC26SEP260PE,ONGC,24SEP2026,26000.000000,2250,OPTSTK,BFO,5.000000,154000,False
856753,POLICYBZR26SEP1440CE,POLICYBZR,24SEP2026,144000.000000,350,OPTSTK,BFO,5.000000,100000000,False
856771,PNB26SEP97PE,PNB,24SEP2026,9700.000000,8000,OPTSTK,BFO,5.000000,480000,False
1112316,FORCEMOT26NOV15500CE,FORCEMOT,26NOV2026,1550000.000000,25,OPTSTK,BFO,5.000000,100000000,False
1112328,FOCIT26NOV35300CE,FOCIT,26NOV2026,3530000.000000,45,OPTIDX,BFO,5.000000,1350,False
1112361,INDIGO26NOV5400CE,INDIGO,26NOV2026,540000.000000,150,OPTSTK,BFO,5.000000,12000,False
1112392,LT26NOV3850PE,LT,26NOV2026,385000.000000,175,OPTSTK,BFO,5.000000,12000,False
842058,LICI26SEP405CE,LICI,24SEP2026,40500.000000,1400,OPTSTK,BFO,5.000000,100000000,False
842081,INDUSINDBK26SEP920CE,INDUSINDBK,24SEP2026,92000.000000,700,OPTSTK,BFO,5.000000,20000,False
842091,HINDUNILVR26SEP2280CE,HINDUNILVR,24SEP2026,228000.000000,300,OPTSTK,BFO,5.000000,9000,False
842111,NATIONALUM26SEP320CE,NATIONALUM,24SEP2026,32000.000000,1875,OPTSTK,BFO,5.000000,300000,False
847383,MCX26SEP2950CE,MCX,24SEP2026,295000.000000,225,OPTSTK,BFO,5.000000,16000,False
847410,SONACOMS26SEP605PE,SONACOMS,24SEP2026,60500.000000,1225,OPTSTK,BFO,5.000000,100000000,False
847411,LUPIN26SEPFUT,LUPIN,24SEP2026,0.000000,425,FUTSTK,BFO,5.000000,34000,False
847428,PREMIERENE26SEP1020CE,PREMIERENE,24SEP2026,102000.000000,650,OPTSTK,BFO,5.000000,100000000,False
845740,AMBER26SEP8400CE,AMBER,24SEP2026,840000.000000,100,OPTSTK,BFO,5.000000,100000000,False
845762,BAJAJFINSV26SEP1640CE,BAJAJFINSV,24SEP2026,164000.000000,300,OPTSTK,BFO,5.000000,20000,False
845767,INFY26SEP1110CE,INFY,24SEP2026,111000.000000,400,OPTSTK,BFO,5.000000,16000,False
845772,OIL26SEP410CE,OIL,24SEP2026,41000.000000,1400,OPTSTK,BFO,5.000000,100000000,False
1112404,SENSEX26NOV82500CE,SENSEX,26NOV2026,8250000.000000,20,OPTIDX,BFO,5.000000,1000,False
1112410,SOLARINDS26NOV19000CE,SOLARINDS,26NOV2026,1900000.000000,50,OPTSTK,BFO,5.000000,100000000,False
1112444,HYUNDAI26NOV2120CE,HYUNDAI,26NOV2026,212000.000000,275,OPTSTK,BFO,5.000000,100000000,False
1112463,SENSEX26O1571200PE,SENSEX,15OCT2026,7120000.000000,20,OPTIDX,BFO,5.000000,1000,False
847429,PIIND26SEP2700PE,PIIND,24SEP2026,270000.000000,175,OPTSTK,BFO,5.000000,7500,False
847438,IEX26SEP119CE,IEX,24SEP2026,11900.000000,4350,OPTSTK,BFO,5.000000,150000,False
847440,AMBER26SEP8400PE,AMBER,24SEP2026,840000.000000,100,OPTSTK,BFO,5.000000,100000000,False
847443,PHOENIXLTD26SEP1820PE,PHOENIXLTD,24SEP2026,182000.000000,350,OPTSTK,BFO,5.000000,100000000,False
842114,SENSEX26DEC78000PE,SENSEX,31DEC2026,7800000.000000,20,OPTIDX,BFO,5.000000,1000,False
842122,OBEROIRLTY26SEP1600CE,OBEROIRLTY,24SEP2026,160000.000000,350,OPTSTK,BFO,5.000000,28000,False
842127,RVNL26SEP205CE,RVNL,24SEP2026,20500.000000,1925,OPTSTK,BFO,5.000000,100000000,False
842141,SENSEX31JUN81000PE,SENSEX,26JUN2031,8100000.000000,20,OPTIDX,BFO,5.000000,1000,False
845780,ADANIENSOL26SEP1360CE,ADANIENSOL,24SEP2026,136000.000000,675,OPTSTK,BFO,5.000000,100000000,False
845782,HDFCBANK26SEP830CE,HDFCBANK,24SEP2026,83000.000000,650,OPTSTK,BFO,5.000000,16500,False
845796,DABUR26SEP405PE,DABUR,24SEP2026,40500.000000,1250,OPTSTK,BFO,5.000000,50000,False
845810,BANKBARODA26SEP262.5PE,BANKBARODA,24SEP2026,26250.000000,2925,OPTSTK,BFO,5.000000,175500,False
847459,INDHOTEL26SEP755CE,INDHOTEL,24SEP2026,75500.000000,1000,OPTSTK,BFO,5.000000,60000,False
847463,MARUTI26SEP13900PE,MARUTI,24SEP2026,1390000.000000,50,OPTSTK,BFO,5.000000,3000,False
847468,MFSL26SEP1480CE,MFSL,24SEP2026,148000.000000,400,OPTSTK,BFO,5.000000,32000,False
847486,M&M26SEP3220CE,M&M,24SEP2026,322000.000000,200,OPTSTK,BFO,5.000000,21000,False
1112465,CANBK26NOV125CE,CANBK,26NOV2026,12500.000000,6750,OPTSTK,BFO,5.000000,81000,False
1112489,WAAREEENER26NOV2250CE,WAAREEENER,26NOV2026,225000.000000,175,OPTSTK,BFO,5.000000,100000000,False
1112536,MAXHEALTH26NOV970PE,MAXHEALTH,26NOV2026,97000.000000,525,OPTSTK,BFO,5.000000,100000000,False
1112541,RADICO26NOV4950PE,RADICO,26NOV2026,495000.000000,150,OPTSTK,BFO,5.000000,100000000,False
845814,SUZLON26SEP59CE,SUZLON,24SEP2026,5900.000000,12700,OPTSTK,BFO,5.000000,100000000,False
845815,CHOLAFIN26SEP1700CE,CHOLAFIN,24SEP2026,170000.000000,625,OPTSTK,BFO,5.000000,25000,False
845819,GAIL26SEP171CE,GAIL,24SEP2026,17100.000000,3550,OPTSTK,BFO,5.000000,274500,False
845842,GVT&D26SEP5800CE,GVT&D,24SEP2026,580000.000000,125,OPTSTK,BFO,5.000000,100000000,False
842161,CGPOWER26SEP1000CE,CGPOWER,24SEP2026,100000.000000,850,OPTSTK,BFO,5.000000,100000000,False
842173,ALKEM26SEP5300CE,ALKEM,24SEP2026,530000.000000,125,OPTSTK,BFO,5.000000,8000,False
842177,BDL26SEP1320CE,BDL,24SEP2026,132000.000000,425,OPTSTK,BFO,5.000000,100000000,False
842179,LAURUSLABS26SEP1520PE,LAURUSLABS,24SEP2026,152000.000000,850,OPTSTK,BFO,5.000000,68000,False
847492,HDFCLIFE26SEP615CE,HDFCLIFE,24SEP2026,61500.000000,1100,OPTSTK,BFO,5.000000,44000,False
847499,M&M26SEP3060CE,M&M,24SEP2026,306000.000000,200,OPTSTK,BFO,5.000000,21000,False
847505,POWERGRID26SEP270CE,POWERGRID,24SEP2026,27000.000000,1900,OPTSTK,BFO,5.000000,108000,False
847514,MFSL26SEP1560PE,MFSL,24SEP2026,156000.000000,400,OPTSTK,BFO,5.000000,32000,False
1112587,SENSEX26NOV74200PE,SENSEX,26NOV2026,7420000.000000,20,OPTIDX,BFO,5.000000,1000,False
1112590,ADANIPORTS26NOV1840CE,ADANIPORTS,26NOV2026,184000.000000,475,OPTSTK,BFO,5.000000,32000,False
1112614,ICICIGI26NOV1520CE,ICICIGI,26NOV2026,152000.000000,325,OPTSTK,BFO,5.000000,20000,False
1112626,AXISBANK26NOV1180CE,AXISBANK,26NOV2026,118000.000000,625,OPTSTK,BFO,5.000000,25000,False
842189,PAGEIND26SEP40750CE,PAGEIND,24SEP2026,4075000.000000,20,OPTSTK,BFO,5.000000,600,False
842190,IREDA26SEP123CE,IREDA,24SEP2026,12300.000000,4525,OPTSTK,BFO,5.000000,100000000,False
842221,CONCOR26SEP480PE,CONCOR,24SEP2026,48000.000000,1250,OPTSTK,BFO,5.000000,40000,False
842235,ABB26SEP6750CE,ABB,24SEP2026,675000.000000,125,OPTSTK,BFO,5.000000,7500,False
845843,JIOFIN26SEP250PE,JIOFIN,24SEP2026,25000.000000,2350,OPTSTK,BFO,5.000000,100000000,False
845865,BANKEX26SEP62200PE,BANKEX,24SEP2026,6220000.000000,30,OPTIDX,BFO,5.000000,900,False
845867,PRESTIGE26SEP1680PE,PRESTIGE,24SEP2026,168000.000000,450,OPTSTK,BFO,5.000000,100000000,False
845868,BANKEX26SEP64500PE,BANKEX,24SEP2026,6450000.000000,30,OPTIDX,BFO,5.000000,900,False
847541,GVT&D26SEP5800PE,GVT&D,24SEP2026,580000.000000,125,OPTSTK,BFO,5.000000,100000000,False
847546,ULTRACEMCO26SEP10860PE,ULTRACEMCO,24SEP2026,1086000.000000,50,OPTSTK,BFO,5.000000,3000,False
847556,TMPV26SEP380PE,TMPV,24SEP2026,38000.000000,1600,OPTSTK,BFO,5.000000,42750,False
847565,JIOFIN26SEP240PE,JIOFIN,24SEP2026,24000.000000,2350,OPTSTK,BFO,5.000000,100000000,False
1112643,IDEA26NOV9CE,IDEA,26NOV2026,900.000000,71475,OPTSTK,BFO,5.000000,2400000,False
1112649,HDFCLIFE26NOV550CE,HDFCLIFE,26NOV2026,55000.000000,1100,OPTSTK,BFO,5.000000,44000,False
1112651,MAHABANK26SEP88PE,MAHABANK,24SEP2026,8800.000000,6500,OPTSTK,BFO,5.000000,100000000,False
1112659,BOSCHLTD26NOVFUT,BOSCHLTD,26NOV2026,0.000000,25,FUTSTK,BFO,5.000000,1500,False
842263,BANKEX26SEP61600PE,BANKEX,24SEP2026,6160000.000000,30,OPTIDX,BFO,5.000000,900,False
842274,HINDZINC26SEP560PE,HINDZINC,24SEP2026,56000.000000,1225,OPTSTK,BFO,5.000000,100000000,False
842291,PIDILITIND26SEP1610PE,PIDILITIND,24SEP2026,161000.000000,500,OPTSTK,BFO,5.000000,10000,False
842298,SRF26SEP2860PE,SRF,24SEP2026,286000.000000,200,OPTSTK,BFO,5.000000,11250,False
845871,CUMMINSIND26SEP5600PE,CUMMINSIND,24SEP2026,560000.000000,200,OPTSTK,BFO,5.000000,18000,False
845879,SBICARD26SEP670CE,SBICARD,24SEP2026,67000.000000,800,OPTSTK,BFO,5.000000,32000,False
845883,MOTILALOFS26SEP920CE,MOTILALOFS,24SEP2026,92000.000000,775,OPTSTK,BFO,5.000000,100000000,False
845888,JIOFIN26SEPFUT,JIOFIN,24SEP2026,0.000000,2350,FUTSTK,BFO,5.000000,100000000,False
847566,IDFCFIRSTB26SEP80CE,IDFCFIRSTB,24SEP2026,8000.000000,9275,OPTSTK,BFO,5.000000,450000,False
847585,MOTHERSON26SEP157CE,MOTHERSON,24SEP2026,15700.000000,6150,OPTSTK,BFO,5.000000,284000,False
847587,BANKEX26SEP71500PE,BANKEX,24SEP2026,7150000.000000,30,OPTIDX,BFO,5.000000,900,False
847603,PNB26SEP110PE,PNB,24SEP2026,11000.000000,8000,OPTSTK,BFO,5.000000,480000,False
1112693,AUROPHARMA26NOV1680PE,AUROPHARMA,26NOV2026,168000.000000,550,OPTSTK,BFO,5.000000,44000,False
1112718,MOTHERSON26NOV147.5CE,MOTHERSON,26NOV2026,14750.000000,6150,OPTSTK,BFO,5.000000,284000,False
1112741,FOCIT26NOV33300PE,FOCIT,26NOV2026,3330000.000000,45,OPTIDX,BFO,5.000000,1350,False
1112751,FOCIT26NOV35600PE,FOCIT,26NOV2026,3560000.000000,45,OPTIDX,BFO,5.000000,1350,False
842307,CUMMINSIND26SEP5450CE,CUMMINSIND,24SEP2026,545000.000000,200,OPTSTK,BFO,5.000000,18000,False
842318,SHREECEM26SEP27500CE,SHREECEM,24SEP2026,2750000.000000,25,OPTSTK,BFO,5.000000,1000,False
842340,HCLTECH26SEP1070CE,HCLTECH,24SEP2026,107000.000000,400,OPTSTK,BFO,5.000000,21000,False
842342,SUZLON26SEP50CE,SUZLON,24SEP2026,5000.000000,12700,OPTSTK,BFO,5.000000,100000000,False
847605,PRESTIGE26SEP1660CE,PRESTIGE,24SEP2026,166000.000000,450,OPTSTK,BFO,5.000000,100000000,False
847606,ADANIGREEN26SEP1490CE,ADANIGREEN,24SEP2026,149000.000000,600,OPTSTK,BFO,5.000000,100000000,False
847608,UNITDSPR26SEP1380CE,UNITDSPR,24SEP2026,138000.000000,400,OPTSTK,BFO,5.000000,28000,False
847610,SUPREMEIND26SEP3500CE,SUPREMEIND,24SEP2026,350000.000000,175,OPTSTK,BFO,5.000000,100000000,False
845909,KAYNES26SEP3200PE,KAYNES,24SEP2026,320000.000000,150,OPTSTK,BFO,5.000000,100000000,False
845924,IDEA26SEP18CE,IDEA,24SEP2026,1800.000000,71475,OPTSTK,BFO,5.000000,2400000,False
845943,PREMIERENE26SEPFUT,PREMIERENE,24SEP2026,0.000000,650,FUTSTK,BFO,5.000000,100000000,False
845952,COLPAL26SEP2100PE,COLPAL,24SEP2026,210000.000000,275,OPTSTK,BFO,5.000000,14000,False
1112753,LAURUSLABS26NOV1940CE,LAURUSLABS,26NOV2026,194000.000000,850,OPTSTK,BFO,5.000000,68000,False
1112787,BRITANNIA26NOV5500PE,BRITANNIA,26NOV2026,550000.000000,125,OPTSTK,BFO,5.000000,6000,False
1112797,ALKEM26NOV5650PE,ALKEM,26NOV2026,565000.000000,125,OPTSTK,BFO,5.000000,8000,False
1112810,BEL26NOV400PE,BEL,26NOV2026,40000.000000,1425,OPTSTK,BFO,5.000000,228000,False
847624,VMM26SEP119CE,VMM,24SEP2026,11900.000000,4850,OPTSTK,BFO,5.000000,100000000,False
847646,PGEL26SEP510CE,PGEL,24SEP2026,51000.000000,950,OPTSTK,BFO,5.000000,100000000,False
842354,DMART26SEP4500PE,DMART,24SEP2026,450000.000000,150,OPTSTK,BFO,5.000000,100000000,False
842367,SUPREMEIND26SEP3600CE,SUPREMEIND,24SEP2026,360000.000000,175,OPTSTK,BFO,5.000000,100000000,False
842372,MANAPPURAM26SEP335CE,MANAPPURAM,24SEP2026,33500.000000,3000,OPTSTK,BFO,5.000000,180000,False
842374,COFORGE26SEPFUT,COFORGE,24SEP2026,0.000000,475,FUTSTK,BFO,5.000000,6000,False
847636,NHPC26SEP80PE,NHPC,24SEP2026,8000.000000,6950,OPTSTK,BFO,5.000000,100000000,False
847639,NBCC26SEP105CE,NBCC,24SEP2026,10500.000000,6500,OPTSTK,BFO,5.000000,100000000,False
1112817,ETERNAL26NOV355PE,ETERNAL,26NOV2026,35500.000000,2425,OPTSTK,BFO,5.000000,100000000,False
1112842,BHARTIARTL26NOV1780CE,BHARTIARTL,26NOV2026,178000.000000,475,OPTSTK,BFO,5.000000,28500,False
1112872,MAHABANK26NOV80PE,MAHABANK,26NOV2026,8000.000000,6500,OPTSTK,BFO,5.000000,100000000,False
1112891,KAYNES26NOV3650PE,KAYNES,26NOV2026,365000.000000,150,OPTSTK,BFO,5.000000,100000000,False
847662,OIL26SEP400PE,OIL,24SEP2026,40000.000000,1400,OPTSTK,BFO,5.000000,100000000,False
847686,HDFCBANK26SEP825CE,HDFCBANK,24SEP2026,82500.000000,650,OPTSTK,BFO,5.000000,16500,False
847709,POLICYBZR26SEP1500PE,POLICYBZR,24SEP2026,150000.000000,350,OPTSTK,BFO,5.000000,100000000,False
847733,TMPV26SEP385PE,TMPV,24SEP2026,38500.000000,1600,OPTSTK,BFO,5.000000,42750,False
845969,BANKBARODA26SEP290CE,BANKBARODA,24SEP2026,29000.000000,2925,OPTSTK,BFO,5.000000,175500,False
845971,LICI26SEP420CE,LICI,24SEP2026,42000.000000,1400,OPTSTK,BFO,5.000000,100000000,False
845972,ADANIGREEN26SEP1570CE,ADANIGREEN,24SEP2026,157000.000000,600,OPTSTK,BFO,5.000000,100000000,False
846003,GAIL26SEP176CE,GAIL,24SEP2026,17600.000000,3550,OPTSTK,BFO,5.000000,274500,False
842393,PHOENIXLTD26SEP2020PE,PHOENIXLTD,24SEP2026,202000.000000,350,OPTSTK,BFO,5.000000,100000000,False
842405,IREDA26SEP128CE,IREDA,24SEP2026,12800.000000,4525,OPTSTK,BFO,5.000000,100000000,False
842408,TORNTPHARM26SEP4550PE,TORNTPHARM,24SEP2026,455000.000000,125,OPTSTK,BFO,5.000000,15000,False
842423,TRENT26SEP3150PE,TRENT,24SEP2026,315000.000000,225,OPTSTK,BFO,5.000000,16000,False
1112962,INOXWIND26NOV57.5PE,INOXWIND,26NOV2026,5750.000000,6400,OPTSTK,BFO,5.000000,100000000,False
1112996,IREDA26NOV110PE,IREDA,26NOV2026,11000.000000,4525,OPTSTK,BFO,5.000000,100000000,False
1113004,FOCIT26NOV41900PE,FOCIT,26NOV2026,4190000.000000,45,OPTIDX,BFO,5.000000,1350,False
1113008,SENSEX26NOV71100PE,SENSEX,26NOV2026,7110000.000000,20,OPTIDX,BFO,5.000000,1000,False
847761,TIINDIA26SEP2960CE,TIINDIA,24SEP2026,296000.000000,200,OPTSTK,BFO,5.000000,100000000,False
847751,BEL26SEP435CE,BEL,24SEP2026,43500.000000,1425,OPTSTK,BFO,5.000000,228000,False
847757,MOTHERSON26SEP149PE,MOTHERSON,24SEP2026,14900.000000,6150,OPTSTK,BFO,5.000000,284000,False
847759,BANKEX26SEP63700CE,BANKEX,24SEP2026,6370000.000000,30,OPTIDX,BFO,5.000000,900,False
846005,CGPOWER26SEP920CE,CGPOWER,24SEP2026,92000.000000,850,OPTSTK,BFO,5.000000,100000000,False
846016,HDFCAMC26SEP2600PE,HDFCAMC,24SEP2026,260000.000000,300,OPTSTK,BFO,5.000000,12000,False
846017,SIEMENS26SEP4000CE,SIEMENS,24SEP2026,400000.000000,175,OPTSTK,BFO,5.000000,8250,False
846022,SRF26SEP2740CE,SRF,24SEP2026,274000.000000,200,OPTSTK,BFO,5.000000,11250,False
842427,SENSEX5026SEP24650CE,SENSEX50,24SEP2026,2465000.000000,75,OPTIDX,BFO,5.000000,1800,False
842431,CONCOR26SEP485PE,CONCOR,24SEP2026,48500.000000,1250,OPTSTK,BFO,5.000000,40000,False
842433,BAJAJ-AUTO26SEP9900PE,BAJAJ-AUTO,24SEP2026,990000.000000,75,OPTSTK,BFO,5.000000,5000,False
842437,BPCL26SEP290CE,BPCL,24SEP2026,29000.000000,1975,OPTSTK,BFO,5.000000,72000,False
847772,SHRIRAMFIN26SEP1010CE,SHRIRAMFIN,24SEP2026,101000.000000,825,OPTSTK,BFO,5.000000,18000,False
847778,PNB26SEP103CE,PNB,24SEP2026,10300.000000,8000,OPTSTK,BFO,5.000000,480000,False
847780,AUBANK26SEP1080PE,AUBANK,24SEP2026,108000.000000,1000,OPTSTK,BFO,5.000000,30000,False
847787,BAJAJ-AUTO26SEP9700CE,BAJAJ-AUTO,24SEP2026,970000.000000,75,OPTSTK,BFO,5.000000,5000,False
1113028,NHPC26NOV80PE,NHPC,26NOV2026,8000.000000,6950,OPTSTK,BFO,5.000000,100000000,False
1113051,SRF26NOV2450CE,SRF,26NOV2026,245000.000000,200,OPTSTK,BFO,5.000000,11250,False
1113087,HDFCLIFE26NOV555CE,HDFCLIFE,26NOV2026,55500.000000,1100,OPTSTK,BFO,5.000000,44000,False
1113093,LUPIN26NOV2280PE,LUPIN,26NOV2026,228000.000000,425,OPTSTK,BFO,5.000000,34000,False
842441,MANKIND26SEP2560PE,MANKIND,24SEP2026,256000.000000,250,OPTSTK,BFO,5.000000,100000000,False
842445,MARICO26SEP840CE,MARICO,24SEP2026,84000.000000,1200,OPTSTK,BFO,5.000000,48000,False
842456,ADANIPOWER26SEP227.5PE,ADANIPOWER,24SEP2026,22750.000000,3550,OPTSTK,BFO,5.000000,100000000,False
842461,VMM26SEP120CE,VMM,24SEP2026,12000.000000,4850,OPTSTK,BFO,5.000000,100000000,False
846031,LT26SEP4300CE,LT,24SEP2026,430000.000000,175,OPTSTK,BFO,5.000000,12000,False
846054,AUBANK26SEP1090PE,AUBANK,24SEP2026,109000.000000,1000,OPTSTK,BFO,5.000000,30000,False
846055,TITAN26SEP4250CE,TITAN,24SEP2026,425000.000000,175,OPTSTK,BFO,5.000000,11250,False
846071,KPITTECH26SEP750PE,KPITTECH,24SEP2026,75000.000000,775,OPTSTK,BFO,5.000000,100000000,False
847805,DELHIVERY26SEP500CE,DELHIVERY,24SEP2026,50000.000000,2075,OPTSTK,BFO,5.000000,100000000,False
847828,CAMS26SEP780PE,CAMS,24SEP2026,78000.000000,825,OPTSTK,BFO,5.000000,100000000,False
847831,SIEMENS26SEP3950CE,SIEMENS,24SEP2026,395000.000000,175,OPTSTK,BFO,5.000000,8250,False
847878,PREMIERENE26SEP1060CE,PREMIERENE,24SEP2026,106000.000000,650,OPTSTK,BFO,5.000000,100000000,False
1113095,BDL26NOV1400PE,BDL,26NOV2026,140000.000000,425,OPTSTK,BFO,5.000000,100000000,False
1113101,SWIGGY26NOV290PE,SWIGGY,26NOV2026,29000.000000,1825,OPTSTK,BFO,5.000000,100000000,False
1113115,MANKIND26NOV2400CE,MANKIND,26NOV2026,240000.000000,250,OPTSTK,BFO,5.000000,100000000,False
1113120,KOTAKBANK26NOV445PE,KOTAKBANK,26NOV2026,44500.000000,2000,OPTSTK,BFO,5.000000,12000,False
846089,LTM26SEP4000CE,LTM,24SEP2026,400000.000000,150,OPTSTK,BFO,5.000000,4500,False
846096,FOCIT26SEP33000PE,FOCIT,24SEP2026,3300000.000000,45,OPTIDX,BFO,5.000000,1350,False
846121,POWERGRID26SEP285PE,POWERGRID,24SEP2026,28500.000000,1900,OPTSTK,BFO,5.000000,108000,False
846142,TATACONSUM26SEP1140PE,TATACONSUM,24SEP2026,114000.000000,550,OPTSTK,BFO,5.000000,36000,False
847891,BAJAJFINSV26SEPFUT,BAJAJFINSV,24SEP2026,0.000000,300,FUTSTK,BFO,5.000000,20000,False
847892,PIIND26SEP2580PE,PIIND,24SEP2026,258000.000000,175,OPTSTK,BFO,5.000000,7500,False
847906,LTM26SEP3950CE,LTM,24SEP2026,395000.000000,150,OPTSTK,BFO,5.000000,4500,False
847926,DELHIVERY26SEP435CE,DELHIVERY,24SEP2026,43500.000000,2075,OPTSTK,BFO,5.000000,100000000,False
842476,COFORGE26SEP1480PE,COFORGE,24SEP2026,148000.000000,475,OPTSTK,BFO,5.000000,6000,False
842489,HCLTECH26SEP1060PE,HCLTECH,24SEP2026,106000.000000,400,OPTSTK,BFO,5.000000,21000,False
842493,DMART26SEP4400CE,DMART,24SEP2026,440000.000000,150,OPTSTK,BFO,5.000000,100000000,False
842494,POLYCAB26SEP9600PE,POLYCAB,24SEP2026,960000.000000,125,OPTSTK,BFO,5.000000,9000,False
1113149,BANKEX26NOV68700PE,BANKEX,26NOV2026,6870000.000000,30,OPTIDX,BFO,5.000000,900,False
1113175,SENSEX26NOV78700CE,SENSEX,26NOV2026,7870000.000000,20,OPTIDX,BFO,5.000000,1000,False
1113185,BANKEX26OCT57600CE,BANKEX,29OCT2026,5760000.000000,30,OPTIDX,BFO,5.000000,900,False
1113228,PNBHOUSING26NOVFUT,PNBHOUSING,26NOV2026,0.000000,650,FUTSTK,BFO,5.000000,100000000,False
847951,JINDALSTEL26SEP1030CE,JINDALSTEL,24SEP2026,103000.000000,625,OPTSTK,BFO,5.000000,37500,False
847955,BDL26SEP1340PE,BDL,24SEP2026,134000.000000,425,OPTSTK,BFO,5.000000,100000000,False
847957,RELIANCE26SEP1310PE,RELIANCE,24SEP2026,131000.000000,500,OPTSTK,BFO,5.000000,10000,False
847964,CGPOWER26SEP1010CE,CGPOWER,24SEP2026,101000.000000,850,OPTSTK,BFO,5.000000,100000000,False
846149,KFINTECH26SEPFUT,KFINTECH,24SEP2026,0.000000,575,FUTSTK,BFO,5.000000,100000000,False
846161,PREMIERENE26SEP1070CE,PREMIERENE,24SEP2026,107000.000000,650,OPTSTK,BFO,5.000000,100000000,False
846167,ULTRACEMCO26SEP11160PE,ULTRACEMCO,24SEP2026,1116000.000000,50,OPTSTK,BFO,5.000000,3000,False
846168,FORTIS26SEP950CE,FORTIS,24SEP2026,95000.000000,775,OPTSTK,BFO,5.000000,100000000,False
842504,OFSS26SEP11600CE,OFSS,24SEP2026,1160000.000000,100,OPTSTK,BFO,5.000000,8000,False
842505,BANKEX26SEP68600PE,BANKEX,24SEP2026,6860000.000000,30,OPTIDX,BFO,5.000000,900,False
842509,INDIANB26SEP810PE,INDIANB,24SEP2026,81000.000000,1000,OPTSTK,BFO,5.000000,100000000,False
842513,CIPLA26SEP1490CE,CIPLA,24SEP2026,149000.000000,425,OPTSTK,BFO,5.000000,26000,False
847975,APOLLOHOSP26SEP8800CE,APOLLOHOSP,24SEP2026,880000.000000,125,OPTSTK,BFO,5.000000,5000,False
847976,PNB26SEP108CE,PNB,24SEP2026,10800.000000,8000,OPTSTK,BFO,5.000000,480000,False
847979,KPITTECH26SEPFUT,KPITTECH,24SEP2026,0.000000,775,FUTSTK,BFO,5.000000,100000000,False
847985,DELHIVERY26SEP500PE,DELHIVERY,24SEP2026,50000.000000,2075,OPTSTK,BFO,5.000000,100000000,False
1113237,SAGILITY26NOV46CE,SAGILITY,26NOV2026,4600.000000,12000,OPTSTK,BFO,5.000000,100000000,False
1113256,BAJFINANCE26NOV1050PE,BAJFINANCE,26NOV2026,105000.000000,750,OPTSTK,BFO,5.000000,3750,False
1113242,ULTRACEMCO26NOV12300PE,ULTRACEMCO,26NOV2026,1230000.000000,50,OPTSTK,BFO,5.000000,3000,False
1113249,HINDPETRO26NOV370PE,HINDPETRO,26NOV2026,37000.000000,2025,OPTSTK,BFO,5.000000,108000,False
846180,LICHSGFIN26SEPFUT,LICHSGFIN,24SEP2026,0.000000,1000,FUTSTK,BFO,5.000000,60000,False
846182,CGPOWER26SEP920PE,CGPOWER,24SEP2026,92000.000000,850,OPTSTK,BFO,5.000000,100000000,False
846204,NMDC26SEP90CE,NMDC,24SEP2026,9000.000000,6750,OPTSTK,BFO,5.000000,225000,False
846219,BPCL26SEP275CE,BPCL,24SEP2026,27500.000000,1975,OPTSTK,BFO,5.000000,72000,False
842514,YESBANK26SEP27CE,YESBANK,24SEP2026,2700.000000,31100,OPTSTK,BFO,5.000000,100000000,False
842521,SENSEX27DEC78000CE,SENSEX,30DEC2027,7800000.000000,20,OPTIDX,BFO,5.000000,1000,False
842526,BANDHANBNK26SEP202.5CE,BANDHANBNK,24SEP2026,20250.000000,3600,OPTSTK,BFO,5.000000,100000,False
842530,NYKAA26SEP290PE,NYKAA,24SEP2026,29000.000000,3125,OPTSTK,BFO,5.000000,100000000,False
847995,PIIND26SEP2800CE,PIIND,24SEP2026,280000.000000,175,OPTSTK,BFO,5.000000,7500,False
848003,APLAPOLLO26SEP1660PE,APLAPOLLO,24SEP2026,166000.000000,350,OPTSTK,BFO,5.000000,100000000,False
848024,LAURUSLABS26SEP1520CE,LAURUSLABS,24SEP2026,152000.000000,850,OPTSTK,BFO,5.000000,68000,False
848043,HAVELLS26SEP1130CE,HAVELLS,24SEP2026,113000.000000,500,OPTSTK,BFO,5.000000,20000,False
1113260,TRENT26NOV2950CE,TRENT,26NOV2026,295000.000000,225,OPTSTK,BFO,5.000000,16000,False
1113263,POWERGRID26NOV280CE,POWERGRID,26NOV2026,28000.000000,1900,OPTSTK,BFO,5.000000,108000,False
1113283,POLYCAB26NOV8500CE,POLYCAB,26NOV2026,850000.000000,125,OPTSTK,BFO,5.000000,9000,False
1113293,PATANJALI26NOV315PE,PATANJALI,26NOV2026,31500.000000,1075,OPTSTK,BFO,5.000000,100000000,False
846220,TMPV26SEP320CE,TMPV,24SEP2026,32000.000000,1600,OPTSTK,BFO,5.000000,42750,False
846237,TVSMOTOR26SEP3540CE,TVSMOTOR,24SEP2026,354000.000000,175,OPTSTK,BFO,5.000000,21000,False
846239,LICHSGFIN26SEP515PE,LICHSGFIN,24SEP2026,51500.000000,1000,OPTSTK,BFO,5.000000,60000,False
846252,MANAPPURAM26SEP350CE,MANAPPURAM,24SEP2026,35000.000000,3000,OPTSTK,BFO,5.000000,180000,False
848068,MOTILALOFS26SEP950CE,MOTILALOFS,24SEP2026,95000.000000,775,OPTSTK,BFO,5.000000,100000000,False
848083,KPITTECH26SEP780CE,KPITTECH,24SEP2026,78000.000000,775,OPTSTK,BFO,5.000000,100000000,False
848107,BAJAJ-AUTO26SEP10300PE,BAJAJ-AUTO,24SEP2026,1030000.000000,75,OPTSTK,BFO,5.000000,5000,False
848118,MCX26SEP2550PE,MCX,24SEP2026,255000.000000,225,OPTSTK,BFO,5.000000,16000,False
842535,GVT&D26SEP4600PE,GVT&D,24SEP2026,460000.000000,125,OPTSTK,BFO,5.000000,100000000,False
842538,VEDL26SEP280CE,VEDL,24SEP2026,28000.000000,1150,OPTSTK,BFO,5.000000,80000,False
842548,NESTLEIND26SEP1470CE,NESTLEIND,24SEP2026,147000.000000,500,OPTSTK,BFO,5.000000,1200,False
842549,UNOMINDA26SEP1260PE,UNOMINDA,24SEP2026,126000.000000,550,OPTSTK,BFO,5.000000,100000000,False
846256,PIIND26SEP2660PE,PIIND,24SEP2026,266000.000000,175,OPTSTK,BFO,5.000000,7500,False
846261,MUTHOOTFIN26SEP2850PE,MUTHOOTFIN,24SEP2026,285000.000000,275,OPTSTK,BFO,5.000000,22000,False
846280,COALINDIA26SEP410CE,COALINDIA,24SEP2026,41000.000000,1350,OPTSTK,BFO,5.000000,126000,False
846281,INDUSINDBK26SEP850CE,INDUSINDBK,24SEP2026,85000.000000,700,OPTSTK,BFO,5.000000,20000,False
1113301,HINDZINC26NOV630PE,HINDZINC,26NOV2026,63000.000000,1225,OPTSTK,BFO,5.000000,100000000,False
1113308,SENSEX26O1575100PE,SENSEX,15OCT2026,7510000.000000,20,OPTIDX,BFO,5.000000,1000,False
1113311,TVSMOTOR26NOV4200PE,TVSMOTOR,26NOV2026,420000.000000,175,OPTSTK,BFO,5.000000,21000,False
1113320,PRESTIGE26NOV1760CE,PRESTIGE,26NOV2026,176000.000000,450,OPTSTK,BFO,5.000000,100000000,False
848124,FOCIT26SEP28500PE,FOCIT,24SEP2026,2850000.000000,45,OPTIDX,BFO,5.000000,1350,False
848126,CGPOWER26SEP880CE,CGPOWER,24SEP2026,88000.000000,850,OPTSTK,BFO,5.000000,100000000,False
848137,TRENT26SEP3400CE,TRENT,24SEP2026,340000.000000,225,OPTSTK,BFO,5.000000,16000,False
848148,GAIL26SEPFUT,GAIL,24SEP2026,0.000000,3550,FUTSTK,BFO,5.000000,274500,False
842554,JSWSTEEL26SEP1170CE,JSWSTEEL,24SEP2026,117000.000000,675,OPTSTK,BFO,5.000000,40500,False
842571,IOC26SEP141CE,IOC,24SEP2026,14100.000000,4875,OPTSTK,BFO,5.000000,292500,False
842573,KEI26SEP5300PE,KEI,24SEP2026,530000.000000,175,OPTSTK,BFO,5.000000,100000000,False
842574,COLPAL26SEP1980CE,COLPAL,24SEP2026,198000.000000,275,OPTSTK,BFO,5.000000,14000,False
846290,PGEL26SEP500PE,PGEL,24SEP2026,50000.000000,950,OPTSTK,BFO,5.000000,100000000,False
846293,PFC26SEP400CE,PFC,24SEP2026,40000.000000,1300,OPTSTK,BFO,5.000000,124000,False
846323,BANKEX26SEP60100PE,BANKEX,24SEP2026,6010000.000000,30,OPTIDX,BFO,5.000000,900,False
846329,INDIANB26SEP760CE,INDIANB,24SEP2026,76000.000000,1000,OPTSTK,BFO,5.000000,100000000,False
848174,BANKEX26SEP67600CE,BANKEX,24SEP2026,6760000.000000,30,OPTIDX,BFO,5.000000,900,False
848176,COALINDIA26SEP400PE,COALINDIA,24SEP2026,40000.000000,1350,OPTSTK,BFO,5.000000,126000,False
848190,ABCAPITAL26SEP410CE,ABCAPITAL,24SEP2026,41000.000000,3100,OPTSTK,BFO,5.000000,162000,False
848197,IRFC26SEP85PE,IRFC,24SEP2026,8500.000000,5425,OPTSTK,BFO,5.000000,100000000,False
1113344,HYUNDAI26NOV2320CE,HYUNDAI,26NOV2026,232000.000000,275,OPTSTK,BFO,5.000000,100000000,False
1113354,PIIND26NOV2450CE,PIIND,26NOV2026,245000.000000,175,OPTSTK,BFO,5.000000,7500,False
1113357,GAIL26NOV175PE,GAIL,26NOV2026,17500.000000,3550,OPTSTK,BFO,5.000000,274500,False
1113364,SENSEX26O1573700PE,SENSEX,15OCT2026,7370000.000000,20,OPTIDX,BFO,5.000000,1000,False
842588,IREDA26SEP128PE,IREDA,24SEP2026,12800.000000,4525,OPTSTK,BFO,5.000000,100000000,False
842611,PIIND26SEP2760CE,PIIND,24SEP2026,276000.000000,175,OPTSTK,BFO,5.000000,7500,False
842623,TCS26SEPFUT,TCS,24SEP2026,0.000000,225,FUTSTK,BFO,5.000000,7000,False
842624,MANKIND26SEP2380PE,MANKIND,24SEP2026,238000.000000,250,OPTSTK,BFO,5.000000,100000000,False
848205,BANDHANBNK26SEP197.5PE,BANDHANBNK,24SEP2026,19750.000000,3600,OPTSTK,BFO,5.000000,100000,False
848211,LT26SEP4180PE,LT,24SEP2026,418000.000000,175,OPTSTK,BFO,5.000000,12000,False
848222,SHRIRAMFIN26SEP1060PE,SHRIRAMFIN,24SEP2026,106000.000000,825,OPTSTK,BFO,5.000000,18000,False
848231,BAJFINANCE26SEP990PE,BAJFINANCE,24SEP2026,99000.000000,750,OPTSTK,BFO,5.000000,3750,False
842630,SENSEX28JUN78000CE,SENSEX,29JUN2028,7800000.000000,20,OPTIDX,BFO,5.000000,1000,False
842631,ZYDUSLIFE26SEP1170PE,ZYDUSLIFE,24SEP2026,117000.000000,900,OPTSTK,BFO,5.000000,54000,False
842636,OBEROIRLTY26SEP1800CE,OBEROIRLTY,24SEP2026,180000.000000,350,OPTSTK,BFO,5.000000,28000,False
842639,DIVISLAB26SEP7000CE,DIVISLAB,24SEP2026,700000.000000,100,OPTSTK,BFO,5.000000,8000,False
846334,LICI26SEP400PE,LICI,24SEP2026,40000.000000,1400,OPTSTK,BFO,5.000000,100000000,False
846337,BANKEX26SEP69100CE,BANKEX,24SEP2026,6910000.000000,30,OPTIDX,BFO,5.000000,900,False
846339,INFY26SEP1060CE,INFY,24SEP2026,106000.000000,400,OPTSTK,BFO,5.000000,16000,False
846340,ULTRACEMCO26SEP11760PE,ULTRACEMCO,24SEP2026,1176000.000000,50,OPTSTK,BFO,5.000000,3000,False
1113374,INFY26NOV1020CE,INFY,26NOV2026,102000.000000,400,OPTSTK,BFO,5.000000,16000,False
1113375,MARUTI26NOV14100CE,MARUTI,26NOV2026,1410000.000000,50,OPTSTK,BFO,5.000000,3000,False
1113410,SWIGGY26NOV295PE,SWIGGY,26NOV2026,29500.000000,1825,OPTSTK,BFO,5.000000,100000000,False
1113414,HINDZINC26NOV540PE,HINDZINC,26NOV2026,54000.000000,1225,OPTSTK,BFO,5.000000,100000000,False
848254,INDUSTOWER26SEP406CE,INDUSTOWER,24SEP2026,40600.000000,1700,OPTSTK,BFO,5.000000,170000,False
848261,BIOCON26SEP405CE,BIOCON,24SEP2026,40500.000000,2500,OPTSTK,BFO,5.000000,100000,False
848265,CANBK26SEP124CE,CANBK,24SEP2026,12400.000000,6750,OPTSTK,BFO,5.000000,81000,False
848271,KPITTECH26SEP780PE,KPITTECH,24SEP2026,78000.000000,775,OPTSTK,BFO,5.000000,100000000,False
1113415,PATANJALI26NOV350CE,PATANJALI,26NOV2026,35000.000000,1075,OPTSTK,BFO,5.000000,100000000,False
1113422,TATASTEEL26NOV190PE,TATASTEEL,26NOV2026,19000.000000,2750,OPTSTK,BFO,5.000000,220000,False
1113462,FORCEMOT26NOV14000CE,FORCEMOT,26NOV2026,1400000.000000,25,OPTSTK,BFO,5.000000,100000000,False
1113465,TVSMOTOR26NOV4100CE,TVSMOTOR,26NOV2026,410000.000000,175,OPTSTK,BFO,5.000000,21000,False
842643,RVNL26SEP240PE,RVNL,24SEP2026,24000.000000,1925,OPTSTK,BFO,5.000000,100000000,False
842649,BAJAJHLDNG26SEP11200CE,BAJAJHLDNG,24SEP2026,1120000.000000,75,OPTSTK,BFO,5.000000,100000000,False
842653,DRREDDY26SEP1290CE,DRREDDY,24SEP2026,129000.000000,625,OPTSTK,BFO,5.000000,5000,False
842676,PNBHOUSING26SEP970CE,PNBHOUSING,24SEP2026,97000.000000,650,OPTSTK,BFO,5.000000,100000000,False
846354,CHOLAFIN26SEP1660PE,CHOLAFIN,24SEP2026,166000.000000,625,OPTSTK,BFO,5.000000,25000,False
846355,ADANIENT26SEP2940CE,ADANIENT,24SEP2026,294000.000000,309,OPTSTK,BFO,5.000000,9000,False
846360,ICICIBANK26SEP1420PE,ICICIBANK,24SEP2026,142000.000000,700,OPTSTK,BFO,5.000000,28000,False
846364,APLAPOLLO26SEP1900PE,APLAPOLLO,24SEP2026,190000.000000,350,OPTSTK,BFO,5.000000,100000000,False
848298,POLICYBZR26SEP1600CE,POLICYBZR,24SEP2026,160000.000000,350,OPTSTK,BFO,5.000000,100000000,False
848305,BHEL26SEP400PE,BHEL,24SEP2026,40000.000000,2625,OPTSTK,BFO,5.000000,315000,False
848315,JSWSTEEL26SEPFUT,JSWSTEEL,24SEP2026,0.000000,675,FUTSTK,BFO,5.000000,40500,False
848319,AUBANK26SEP990CE,AUBANK,24SEP2026,99000.000000,1000,OPTSTK,BFO,5.000000,30000,False
1113512,MUTHOOTFIN26NOV3250PE,MUTHOOTFIN,26NOV2026,325000.000000,275,OPTSTK,BFO,5.000000,22000,False
1113513,BEL26NOV375CE,BEL,26NOV2026,37500.000000,1425,OPTSTK,BFO,5.000000,228000,False
1113517,AMBUJACEM26NOV410PE,AMBUJACEM,26NOV2026,41000.000000,1200,OPTSTK,BFO,5.000000,54000,False
1113526,ATHERENERG26SEP1420PE,ATHERENERG,24SEP2026,142000.000000,375,OPTSTK,BFO,5.000000,100000000,False
848320,MANAPPURAM26SEP320PE,MANAPPURAM,24SEP2026,32000.000000,3000,OPTSTK,BFO,5.000000,180000,False
848325,FORCEMOT26SEP17000PE,FORCEMOT,24SEP2026,1700000.000000,25,OPTSTK,BFO,5.000000,100000000,False
848328,OIL26SEP445PE,OIL,24SEP2026,44500.000000,1400,OPTSTK,BFO,5.000000,100000000,False
848330,PRESTIGE26SEP1420PE,PRESTIGE,24SEP2026,142000.000000,450,OPTSTK,BFO,5.000000,100000000,False
842677,BANKEX26SEP69200PE,BANKEX,24SEP2026,6920000.000000,30,OPTIDX,BFO,5.000000,900,False
842682,IDEA26SEP18PE,IDEA,24SEP2026,1800.000000,71475,OPTSTK,BFO,5.000000,2400000,False
842685,RBLBANK26SEPFUT,RBLBANK,24SEP2026,0.000000,3175,FUTSTK,BFO,5.000000,150000,False
842710,KEI26SEP5050PE,KEI,24SEP2026,505000.000000,175,OPTSTK,BFO,5.000000,100000000,False
846372,SHREECEM26SEP26000CE,SHREECEM,24SEP2026,2600000.000000,25,OPTSTK,BFO,5.000000,1000,False
846388,JINDALSTEL26SEPFUT,JINDALSTEL,24SEP2026,0.000000,625,FUTSTK,BFO,5.000000,37500,False
846394,LODHA26SEP920CE,LODHA,24SEP2026,92000.000000,625,OPTSTK,BFO,5.000000,100000000,False
846426,IDFCFIRSTB26SEPFUT,IDFCFIRSTB,24SEP2026,0.000000,9275,FUTSTK,BFO,5.000000,450000,False
1113537,GODFRYPHLP26NOV1750PE,GODFRYPHLP,26NOV2026,175000.000000,275,OPTSTK,BFO,5.000000,100000000,False
1113544,PRESTIGE26NOV1580CE,PRESTIGE,26NOV2026,158000.000000,450,OPTSTK,BFO,5.000000,100000000,False
1113568,IOC26NOV120PE,IOC,26NOV2026,12000.000000,4875,OPTSTK,BFO,5.000000,292500,False
1113617,SAGILITY26OCT37PE,SAGILITY,29OCT2026,3700.000000,12000,OPTSTK,BFO,5.000000,100000000,False
848337,BANKEX26SEP69300PE,BANKEX,24SEP2026,6930000.000000,30,OPTIDX,BFO,5.000000,900,False
848338,GLENMARK26SEP2300PE,GLENMARK,24SEP2026,230000.000000,375,OPTSTK,BFO,5.000000,43500,False
848339,IREDA26SEP121PE,IREDA,24SEP2026,12100.000000,4525,OPTSTK,BFO,5.000000,100000000,False
848340,AMBUJACEM26SEP445PE,AMBUJACEM,24SEP2026,44500.000000,1200,OPTSTK,BFO,5.000000,54000,False
842711,SBIN26SEP1010PE,SBIN,24SEP2026,101000.000000,750,OPTSTK,BFO,5.000000,45000,False
842713,BAJAJFINSV26SEP1780PE,BAJAJFINSV,24SEP2026,178000.000000,300,OPTSTK,BFO,5.000000,20000,False
842724,PAGEIND26SEP42000PE,PAGEIND,24SEP2026,4200000.000000,20,OPTSTK,BFO,5.000000,600,False
842725,CHOLAFIN26SEP1760CE,CHOLAFIN,24SEP2026,176000.000000,625,OPTSTK,BFO,5.000000,25000,False
848346,WIPRO26SEP192.5CE,WIPRO,24SEP2026,19250.000000,3000,OPTSTK,BFO,5.000000,60000,False
848364,COALINDIA26SEP405PE,COALINDIA,24SEP2026,40500.000000,1350,OPTSTK,BFO,5.000000,126000,False
848415,RVNL26SEP255CE,RVNL,24SEP2026,25500.000000,1925,OPTSTK,BFO,5.000000,100000000,False
848423,CHOLAFIN26SEP1940PE,CHOLAFIN,24SEP2026,194000.000000,625,OPTSTK,BFO,5.000000,25000,False
846429,HAVELLS26SEP1210CE,HAVELLS,24SEP2026,121000.000000,500,OPTSTK,BFO,5.000000,20000,False
846439,ADANIPORTS26SEP1900CE,ADANIPORTS,24SEP2026,190000.000000,475,OPTSTK,BFO,5.000000,32000,False
846449,AXISBANK26SEP1400CE,AXISBANK,24SEP2026,140000.000000,625,OPTSTK,BFO,5.000000,25000,False
846450,PNB26SEP106CE,PNB,24SEP2026,10600.000000,8000,OPTSTK,BFO,5.000000,480000,False
1113650,GLENMARK26NOV2380PE,GLENMARK,26NOV2026,238000.000000,375,OPTSTK,BFO,5.000000,43500,False
1113651,BANKBARODA26NOV235PE,BANKBARODA,26NOV2026,23500.000000,2925,OPTSTK,BFO,5.000000,175500,False
1113654,IDFCFIRSTB26OCT76PE,IDFCFIRSTB,29OCT2026,7600.000000,9275,OPTSTK,BFO,5.000000,450000,False
1113676,SOLARINDS26OCT22250PE,SOLARINDS,29OCT2026,2225000.000000,50,OPTSTK,BFO,5.000000,100000000,False
842739,BANKEX26SEP65500PE,BANKEX,24SEP2026,6550000.000000,30,OPTIDX,BFO,5.000000,900,False
842745,VBL26SEP500PE,VBL,24SEP2026,50000.000000,1275,OPTSTK,BFO,5.000000,100000000,False
842752,LTF26SEP320PE,LTF,24SEP2026,32000.000000,2250,OPTSTK,BFO,5.000000,267720,False
842753,HDFCLIFE26SEP590PE,HDFCLIFE,24SEP2026,59000.000000,1100,OPTSTK,BFO,5.000000,44000,False
846455,AMBUJACEM26SEP450PE,AMBUJACEM,24SEP2026,45000.000000,1200,OPTSTK,BFO,5.000000,54000,False
846458,HINDZINC26SEP490PE,HINDZINC,24SEP2026,49000.000000,1225,OPTSTK,BFO,5.000000,100000000,False
846461,MOTILALOFS26SEP870CE,MOTILALOFS,24SEP2026,87000.000000,775,OPTSTK,BFO,5.000000,100000000,False
846467,MANAPPURAM26SEP355CE,MANAPPURAM,24SEP2026,35500.000000,3000,OPTSTK,BFO,5.000000,180000,False
848425,INDUSTOWER26SEP406PE,INDUSTOWER,24SEP2026,40600.000000,1700,OPTSTK,BFO,5.000000,170000,False
848429,RECLTD26SEP355PE,RECLTD,24SEP2026,35500.000000,1575,OPTSTK,BFO,5.000000,160000,False
848465,SBIN26SEP1020PE,SBIN,24SEP2026,102000.000000,750,OPTSTK,BFO,5.000000,45000,False
848467,HDFCLIFE26SEPFUT,HDFCLIFE,24SEP2026,0.000000,1100,FUTSTK,BFO,5.000000,44000,False
1113681,JUBLFOOD26NOV535PE,JUBLFOOD,26NOV2026,53500.000000,1250,OPTSTK,BFO,5.000000,50000,False
1113686,PATANJALI26NOV355CE,PATANJALI,26NOV2026,35500.000000,1075,OPTSTK,BFO,5.000000,100000000,False
1113691,HINDZINC26NOV670CE,HINDZINC,26NOV2026,67000.000000,1225,OPTSTK,BFO,5.000000,100000000,False
1113695,SENSEX26O1571300CE,SENSEX,15OCT2026,7130000.000000,20,OPTIDX,BFO,5.000000,1000,False
842757,ABB26SEP6950CE,ABB,24SEP2026,695000.000000,125,OPTSTK,BFO,5.000000,7500,False
842772,SENSEX29DEC78000CE,SENSEX,27DEC2029,7800000.000000,20,OPTIDX,BFO,5.000000,1000,False
842806,GAIL26SEP172CE,GAIL,24SEP2026,17200.000000,3550,OPTSTK,BFO,5.000000,274500,False
842809,TITAN26SEP4650CE,TITAN,24SEP2026,465000.000000,175,OPTSTK,BFO,5.000000,11250,False
848488,PIDILITIND26SEP1590PE,PIDILITIND,24SEP2026,159000.000000,500,OPTSTK,BFO,5.000000,10000,False
848490,VBL26SEP510PE,VBL,24SEP2026,51000.000000,1275,OPTSTK,BFO,5.000000,100000000,False
848494,HAVELLS26SEP1180PE,HAVELLS,24SEP2026,118000.000000,500,OPTSTK,BFO,5.000000,20000,False
848505,ASIANPAINT26SEP2540CE,ASIANPAINT,24SEP2026,254000.000000,250,OPTSTK,BFO,5.000000,8000,False
846475,INDUSINDBK26SEP850PE,INDUSINDBK,24SEP2026,85000.000000,700,OPTSTK,BFO,5.000000,20000,False
846490,BANKEX26SEP71700CE,BANKEX,24SEP2026,7170000.000000,30,OPTIDX,BFO,5.000000,900,False
846492,VOLTAS26SEP1180PE,VOLTAS,24SEP2026,118000.000000,375,OPTSTK,BFO,5.000000,30000,False
846500,DELHIVERY26SEP480CE,DELHIVERY,24SEP2026,48000.000000,2075,OPTSTK,BFO,5.000000,100000000,False
1113700,SENSEX26O1573600CE,SENSEX,15OCT2026,7360000.000000,20,OPTIDX,BFO,5.000000,1000,False
1113711,SAIL26NOV197.5PE,SAIL,26NOV2026,19750.000000,4700,OPTSTK,BFO,5.000000,320000,False
1113716,TRENT26NOV3200PE,TRENT,26NOV2026,320000.000000,225,OPTSTK,BFO,5.000000,16000,False
1113721,AUBANK26NOV1080CE,AUBANK,26NOV2026,108000.000000,1000,OPTSTK,BFO,5.000000,30000,False
842812,ANGELONE26SEP345CE,ANGELONE,24SEP2026,34500.000000,2500,OPTSTK,BFO,5.000000,100000000,False
842823,KALYANKJIL26SEP400CE,KALYANKJIL,24SEP2026,40000.000000,1350,OPTSTK,BFO,5.000000,100000000,False
842830,DRREDDY26SEP1280PE,DRREDDY,24SEP2026,128000.000000,625,OPTSTK,BFO,5.000000,5000,False
842842,BANKEX26SEP60200CE,BANKEX,24SEP2026,6020000.000000,30,OPTIDX,BFO,5.000000,900,False
848506,OBEROIRLTY26SEP1720CE,OBEROIRLTY,24SEP2026,172000.000000,350,OPTSTK,BFO,5.000000,28000,False
848512,DRREDDY26SEP1370CE,DRREDDY,24SEP2026,137000.000000,625,OPTSTK,BFO,5.000000,5000,False
848574,DRREDDY26SEP1290PE,DRREDDY,24SEP2026,129000.000000,625,OPTSTK,BFO,5.000000,5000,False
848581,JUBLFOOD26SEP400CE,JUBLFOOD,24SEP2026,40000.000000,1250,OPTSTK,BFO,5.000000,50000,False
846504,POLICYBZR26SEP1700CE,POLICYBZR,24SEP2026,170000.000000,350,OPTSTK,BFO,5.000000,100000000,False
846542,RECLTD26SEP360PE,RECLTD,24SEP2026,36000.000000,1575,OPTSTK,BFO,5.000000,160000,False
846543,LT26SEP4180CE,LT,24SEP2026,418000.000000,175,OPTSTK,BFO,5.000000,12000,False
846550,ITC26SEP280CE,ITC,24SEP2026,28000.000000,1725,OPTSTK,BFO,5.000000,64000,False
1113733,TORNTPHARM26NOV5050CE,TORNTPHARM,26NOV2026,505000.000000,125,OPTSTK,BFO,5.000000,15000,False
1113737,LTF26NOV300CE,LTF,26NOV2026,30000.000000,2250,OPTSTK,BFO,5.000000,267720,False
1113740,NESTLEIND26NOV1460PE,NESTLEIND,26NOV2026,146000.000000,500,OPTSTK,BFO,5.000000,1200,False
1113766,VEDL26NOV260CE,VEDL,26NOV2026,26000.000000,1150,OPTSTK,BFO,5.000000,80000,False
848590,LODHA26SEP950CE,LODHA,24SEP2026,95000.000000,625,OPTSTK,BFO,5.000000,100000000,False
848618,IRFC26SEP99CE,IRFC,24SEP2026,9900.000000,5425,OPTSTK,BFO,5.000000,100000000,False
848620,IEX26SEP128CE,IEX,24SEP2026,12800.000000,4350,OPTSTK,BFO,5.000000,150000,False
848631,TECHM26SEP1404PE,TECHM,24SEP2026,140400.000000,600,OPTSTK,BFO,5.000000,24000,False
842862,ITC26SEP297.5PE,ITC,24SEP2026,29750.000000,1725,OPTSTK,BFO,5.000000,64000,False
842868,INDIANB26SEP850CE,INDIANB,24SEP2026,85000.000000,1000,OPTSTK,BFO,5.000000,100000000,False
842878,HAVELLS26SEP1230CE,HAVELLS,24SEP2026,123000.000000,500,OPTSTK,BFO,5.000000,20000,False
842883,VMM26SEP113CE,VMM,24SEP2026,11300.000000,4850,OPTSTK,BFO,5.000000,100000000,False
848649,PNBHOUSING26SEP980PE,PNBHOUSING,24SEP2026,98000.000000,650,OPTSTK,BFO,5.000000,100000000,False
848650,ITC26SEP275PE,ITC,24SEP2026,27500.000000,1725,OPTSTK,BFO,5.000000,64000,False
848666,BANKEX26SEP65500CE,BANKEX,24SEP2026,6550000.000000,30,OPTIDX,BFO,5.000000,900,False
848669,BLUESTARCO26SEP1720CE,BLUESTARCO,24SEP2026,172000.000000,325,OPTSTK,BFO,5.000000,100000000,False
1113803,ZYDUSLIFE26NOV1230CE,ZYDUSLIFE,26NOV2026,123000.000000,900,OPTSTK,BFO,5.000000,54000,False
842892,TMPV26SEP345CE,TMPV,24SEP2026,34500.000000,1600,OPTSTK,BFO,5.000000,42750,False
842897,VOLTAS26SEP1280CE,VOLTAS,24SEP2026,128000.000000,375,OPTSTK,BFO,5.000000,30000,False
842898,POWERGRID26SEP300CE,POWERGRID,24SEP2026,30000.000000,1900,OPTSTK,BFO,5.000000,108000,False
842912,UNIONBANK26SEPFUT,UNIONBANK,24SEP2026,0.000000,4425,FUTSTK,BFO,5.000000,100000000,False
846576,SWIGGY26SEP260CE,SWIGGY,24SEP2026,26000.000000,1825,OPTSTK,BFO,5.000000,100000000,False
846583,FOCIT26SEP28500CE,FOCIT,24SEP2026,2850000.000000,45,OPTIDX,BFO,5.000000,1350,False
846587,KFINTECH26SEP800CE,KFINTECH,24SEP2026,80000.000000,575,OPTSTK,BFO,5.000000,100000000,False
846588,NYKAA26SEP302.5CE,NYKAA,24SEP2026,30250.000000,3125,OPTSTK,BFO,5.000000,100000000,False
1113797,SENSEX26NOV76600CE,SENSEX,26NOV2026,7660000.000000,20,OPTIDX,BFO,5.000000,1000,False
1113799,JSWENERGY26NOV560PE,JSWENERGY,26NOV2026,56000.000000,1075,OPTSTK,BFO,5.000000,100000000,False
1113801,SONACOMS26NOV780CE,SONACOMS,26NOV2026,78000.000000,1225,OPTSTK,BFO,5.000000,100000000,False
842913,BAJAJ-AUTO26SEP9200PE,BAJAJ-AUTO,24SEP2026,920000.000000,75,OPTSTK,BFO,5.000000,5000,False
842914,FOCIT26SEP40000CE,FOCIT,24SEP2026,4000000.000000,45,OPTIDX,BFO,5.000000,1350,False
842923,NBCC26SEP103PE,NBCC,24SEP2026,10300.000000,6500,OPTSTK,BFO,5.000000,100000000,False
842942,BHEL26SEP392.5PE,BHEL,24SEP2026,39250.000000,2625,OPTSTK,BFO,5.000000,315000,False
848672,FORTIS26SEP890PE,FORTIS,24SEP2026,89000.000000,775,OPTSTK,BFO,5.000000,100000000,False
848673,INDUSTOWER26SEP376CE,INDUSTOWER,24SEP2026,37600.000000,1700,OPTSTK,BFO,5.000000,170000,False
848677,TITAN26SEP3950CE,TITAN,24SEP2026,395000.000000,175,OPTSTK,BFO,5.000000,11250,False
848679,BLUESTARCO26SEP1560CE,BLUESTARCO,24SEP2026,156000.000000,325,OPTSTK,BFO,5.000000,100000000,False
1113807,SENSEX26NOV78900CE,SENSEX,26NOV2026,7890000.000000,20,OPTIDX,BFO,5.000000,1000,False
1113830,ASIANPAINT26NOV2780CE,ASIANPAINT,26NOV2026,278000.000000,250,OPTSTK,BFO,5.000000,8000,False
1113839,ADANIPORTS26NOV1600PE,ADANIPORTS,26NOV2026,160000.000000,475,OPTSTK,BFO,5.000000,32000,False
1113846,FOCIT26NOV37100CE,FOCIT,26NOV2026,3710000.000000,45,OPTIDX,BFO,5.000000,1350,False
846614,SENSEX31JUN72000PE,SENSEX,26JUN2031,7200000.000000,20,OPTIDX,BFO,5.000000,1000,False
846618,INOXWIND26SEP88PE,INOXWIND,24SEP2026,8800.000000,6400,OPTSTK,BFO,5.000000,100000000,False
846630,FOCIT26SEP38500CE,FOCIT,24SEP2026,3850000.000000,45,OPTIDX,BFO,5.000000,1350,False
846656,TATACONSUM26SEP1170CE,TATACONSUM,24SEP2026,117000.000000,550,OPTSTK,BFO,5.000000,36000,False
848697,HYUNDAI26SEP2040PE,HYUNDAI,24SEP2026,204000.000000,275,OPTSTK,BFO,5.000000,100000000,False
848702,AXISBANK26SEP1350PE,AXISBANK,24SEP2026,135000.000000,625,OPTSTK,BFO,5.000000,25000,False
848712,VEDL26SEP270PE,VEDL,24SEP2026,27000.000000,1150,OPTSTK,BFO,5.000000,80000,False
848715,POWERINDIA26SEP32000PE,POWERINDIA,24SEP2026,3200000.000000,25,OPTSTK,BFO,5.000000,100000000,False
842950,TRENT26SEP3350PE,TRENT,24SEP2026,335000.000000,225,OPTSTK,BFO,5.000000,16000,False
842951,MCX26SEP2650PE,MCX,24SEP2026,265000.000000,225,OPTSTK,BFO,5.000000,16000,False
842963,ADANIPORTS26SEP1680PE,ADANIPORTS,24SEP2026,168000.000000,475,OPTSTK,BFO,5.000000,32000,False
842968,POLICYBZR26SEP1720CE,POLICYBZR,24SEP2026,172000.000000,350,OPTSTK,BFO,5.000000,100000000,False
846665,ABCAPITAL26SEP425CE,ABCAPITAL,24SEP2026,42500.000000,3100,OPTSTK,BFO,5.000000,162000,False
846670,PNBHOUSING26SEP1110CE,PNBHOUSING,24SEP2026,111000.000000,650,OPTSTK,BFO,5.000000,100000000,False
846671,CGPOWER26SEP960PE,CGPOWER,24SEP2026,96000.000000,850,OPTSTK,BFO,5.000000,100000000,False
846674,CROMPTON26SEP287.5CE,CROMPTON,24SEP2026,28750.000000,2150,OPTSTK,BFO,5.000000,90000,False
1113847,DABUR26NOVFUT,DABUR,26NOV2026,0.000000,1250,FUTSTK,BFO,5.000000,50000,False
1113853,RADICO26NOV4700PE,RADICO,26NOV2026,470000.000000,150,OPTSTK,BFO,5.000000,100000000,False
1113878,NHPC26NOV82CE,NHPC,26NOV2026,8200.000000,6950,OPTSTK,BFO,5.000000,100000000,False
1113889,DELHIVERY26NOV445CE,DELHIVERY,26NOV2026,44500.000000,2075,OPTSTK,BFO,5.000000,100000000,False
848732,TRENT26SEP3350CE,TRENT,24SEP2026,335000.000000,225,OPTSTK,BFO,5.000000,16000,False
848734,ETERNAL26SEP260PE,ETERNAL,24SEP2026,26000.000000,2425,OPTSTK,BFO,5.000000,100000000,False
848742,CROMPTON26SEP280CE,CROMPTON,24SEP2026,28000.000000,2150,OPTSTK,BFO,5.000000,90000,False
848761,SHRIRAMFIN26SEP1090CE,SHRIRAMFIN,24SEP2026,109000.000000,825,OPTSTK,BFO,5.000000,18000,False
842976,SHREECEM26SEP26250PE,SHREECEM,24SEP2026,2625000.000000,25,OPTSTK,BFO,5.000000,1000,False
842987,ANGELONE26SEP320PE,ANGELONE,24SEP2026,32000.000000,2500,OPTSTK,BFO,5.000000,100000000,False
842993,OIL26SEP380PE,OIL,24SEP2026,38000.000000,1400,OPTSTK,BFO,5.000000,100000000,False
842994,BANKBARODA26SEP295PE,BANKBARODA,24SEP2026,29500.000000,2925,OPTSTK,BFO,5.000000,175500,False
846678,SBILIFE26SEP1660PE,SBILIFE,24SEP2026,166000.000000,375,OPTSTK,BFO,5.000000,22500,False
846681,RELIANCE26SEPFUT,RELIANCE,24SEP2026,0.000000,500,FUTSTK,BFO,5.000000,10000,False
846686,MPHASIS26SEP2238PE,MPHASIS,24SEP2026,223800.000000,275,OPTSTK,BFO,5.000000,11000,False
846692,BAJAJFINSV26SEP1880CE,BAJAJFINSV,24SEP2026,188000.000000,300,OPTSTK,BFO,5.000000,20000,False
848783,PRESTIGE26SEP1700CE,PRESTIGE,24SEP2026,170000.000000,450,OPTSTK,BFO,5.000000,100000000,False
848785,UNITDSPR26SEP1420CE,UNITDSPR,24SEP2026,142000.000000,400,OPTSTK,BFO,5.000000,28000,False
848789,DELHIVERY26SEP455PE,DELHIVERY,24SEP2026,45500.000000,2075,OPTSTK,BFO,5.000000,100000000,False
848814,MARUTI26SEP13600PE,MARUTI,24SEP2026,1360000.000000,50,OPTSTK,BFO,5.000000,3000,False
1113898,PHOENIXLTD26NOV1860CE,PHOENIXLTD,26NOV2026,186000.000000,350,OPTSTK,BFO,5.000000,100000000,False
1113949,TATACONSUM26NOV1050PE,TATACONSUM,26NOV2026,105000.000000,550,OPTSTK,BFO,5.000000,36000,False
1113959,SENSEX26O1573000PE,SENSEX,15OCT2026,7300000.000000,20,OPTIDX,BFO,5.000000,1000,False
1113963,DIVISLAB26NOV8500CE,DIVISLAB,26NOV2026,850000.000000,100,OPTSTK,BFO,5.000000,8000,False
848819,GMRAIRPORT26SEP103CE,GMRAIRPORT,24SEP2026,10300.000000,6975,OPTSTK,BFO,5.000000,675000,False
848831,BANKINDIA26SEP150CE,BANKINDIA,24SEP2026,15000.000000,5200,OPTSTK,BFO,5.000000,100000000,False
848844,NBCC26SEP101PE,NBCC,24SEP2026,10100.000000,6500,OPTSTK,BFO,5.000000,100000000,False
846698,OBEROIRLTY26SEP1660CE,OBEROIRLTY,24SEP2026,166000.000000,350,OPTSTK,BFO,5.000000,28000,False
846700,ANGELONE26SEP305PE,ANGELONE,24SEP2026,30500.000000,2500,OPTSTK,BFO,5.000000,100000000,False
846702,SOLARINDS26SEP18500CE,SOLARINDS,24SEP2026,1850000.000000,50,OPTSTK,BFO,5.000000,100000000,False
846706,TATAPOWER26SEP395PE,TATAPOWER,24SEP2026,39500.000000,1450,OPTSTK,BFO,5.000000,101250,False
848815,MARICO26SEP835PE,MARICO,24SEP2026,83500.000000,1200,OPTSTK,BFO,5.000000,48000,False
1113981,SENSEX26O1579900PE,SENSEX,15OCT2026,7990000.000000,20,OPTIDX,BFO,5.000000,1000,False
1114000,POLYCAB26NOV9400PE,POLYCAB,26NOV2026,940000.000000,125,OPTSTK,BFO,5.000000,9000,False
1114001,POWERINDIA26NOVFUT,POWERINDIA,26NOV2026,0.000000,25,FUTSTK,BFO,5.000000,100000000,False
1114011,AMBER26NOV7900PE,AMBER,26NOV2026,790000.000000,100,OPTSTK,BFO,5.000000,100000000,False
848848,PRESTIGE26SEP1460PE,PRESTIGE,24SEP2026,146000.000000,450,OPTSTK,BFO,5.000000,100000000,False
848884,INDIANB26SEP770PE,INDIANB,24SEP2026,77000.000000,1000,OPTSTK,BFO,5.000000,100000000,False
848888,SAIL26SEP157.5PE,SAIL,24SEP2026,15750.000000,4700,OPTSTK,BFO,5.000000,320000,False
848893,TORNTPHARM26SEP4400PE,TORNTPHARM,24SEP2026,440000.000000,125,OPTSTK,BFO,5.000000,15000,False
1114012,MAHABANK26OCT85PE,MAHABANK,29OCT2026,8500.000000,6500,OPTSTK,BFO,5.000000,100000000,False
1114018,ADANIENSOL26NOV1640PE,ADANIENSOL,26NOV2026,164000.000000,675,OPTSTK,BFO,5.000000,100000000,False
1114039,RADICO26NOV4450PE,RADICO,26NOV2026,445000.000000,150,OPTSTK,BFO,5.000000,100000000,False
846720,RELIANCE26SEP1360PE,RELIANCE,24SEP2026,136000.000000,500,OPTSTK,BFO,5.000000,10000,False
846731,BIOCON26SEP415PE,BIOCON,24SEP2026,41500.000000,2500,OPTSTK,BFO,5.000000,100000,False
846735,PNBHOUSING26SEP1030PE,PNBHOUSING,24SEP2026,103000.000000,650,OPTSTK,BFO,5.000000,100000000,False
846750,CHOLAFIN26SEP1940CE,CHOLAFIN,24SEP2026,194000.000000,625,OPTSTK,BFO,5.000000,25000,False
1114021,TATACONSUM26NOV1040CE,TATACONSUM,26NOV2026,104000.000000,550,OPTSTK,BFO,5.000000,36000,False
846765,COALINDIA26SEP450CE,COALINDIA,24SEP2026,45000.000000,1350,OPTSTK,BFO,5.000000,126000,False
846778,KALYANKJIL26SEP350CE,KALYANKJIL,24SEP2026,35000.000000,1350,OPTSTK,BFO,5.000000,100000000,False
846792,TRENT26SEP3550PE,TRENT,24SEP2026,355000.000000,225,OPTSTK,BFO,5.000000,16000,False
846803,FOCIT26SEP26500PE,FOCIT,24SEP2026,2650000.000000,45,OPTIDX,BFO,5.000000,1350,False
848908,FORCEMOT26SEP16500CE,FORCEMOT,24SEP2026,1650000.000000,25,OPTSTK,BFO,5.000000,100000000,False
848917,JSWSTEEL26SEP1290CE,JSWSTEEL,24SEP2026,129000.000000,675,OPTSTK,BFO,5.000000,40500,False
848929,KOTAKBANK26SEP420PE,KOTAKBANK,24SEP2026,42000.000000,2000,OPTSTK,BFO,5.000000,12000,False
848936,BANKEX26SEP71200PE,BANKEX,24SEP2026,7120000.000000,30,OPTIDX,BFO,5.000000,900,False
1114061,GODREJCP26NOV950PE,GODREJCP,26NOV2026,95000.000000,500,OPTSTK,BFO,5.000000,30000,False
1114065,SUZLON26NOV44PE,SUZLON,26NOV2026,4400.000000,12700,OPTSTK,BFO,5.000000,100000000,False
1114085,HAVELLS26NOV1300CE,HAVELLS,26NOV2026,130000.000000,500,OPTSTK,BFO,5.000000,20000,False
1114087,SOLARINDS26NOV20250CE,SOLARINDS,26NOV2026,2025000.000000,50,OPTSTK,BFO,5.000000,100000000,False
846807,VBL26SEP525CE,VBL,24SEP2026,52500.000000,1275,OPTSTK,BFO,5.000000,100000000,False
846811,MAXHEALTH26SEP1140CE,MAXHEALTH,24SEP2026,114000.000000,525,OPTSTK,BFO,5.000000,100000000,False
846812,DRREDDY26SEP1380CE,DRREDDY,24SEP2026,138000.000000,625,OPTSTK,BFO,5.000000,5000,False
846825,PIDILITIND26SEP1590CE,PIDILITIND,24SEP2026,159000.000000,500,OPTSTK,BFO,5.000000,10000,False
848941,ASHOKLEY26SEP162.5CE,ASHOKLEY,24SEP2026,16250.000000,5000,OPTSTK,BFO,5.000000,150000,False
848949,ALKEM26SEP5550CE,ALKEM,24SEP2026,555000.000000,125,OPTSTK,BFO,5.000000,8000,False
848955,NESTLEIND26SEP1410CE,NESTLEIND,24SEP2026,141000.000000,500,OPTSTK,BFO,5.000000,1200,False
848961,ABCAPITAL26SEP360PE,ABCAPITAL,24SEP2026,36000.000000,3100,OPTSTK,BFO,5.000000,162000,False
1114099,CAMS26SEP670PE,CAMS,24SEP2026,67000.000000,825,OPTSTK,BFO,5.000000,100000000,False
1114103,LICI26NOV400PE,LICI,26NOV2026,40000.000000,1400,OPTSTK,BFO,5.000000,100000000,False
1114109,ATHERENERG26OCT1520PE,ATHERENERG,29OCT2026,152000.000000,375,OPTSTK,BFO,5.000000,100000000,False
1114110,CHOLAFIN26NOV1820PE,CHOLAFIN,26NOV2026,182000.000000,625,OPTSTK,BFO,5.000000,25000,False
848973,INDHOTEL26SEP740CE,INDHOTEL,24SEP2026,74000.000000,1000,OPTSTK,BFO,5.000000,60000,False
848981,PGEL26SEP570PE,PGEL,24SEP2026,57000.000000,950,OPTSTK,BFO,5.000000,100000000,False
848987,ASIANPAINT26SEP2740CE,ASIANPAINT,24SEP2026,274000.000000,250,OPTSTK,BFO,5.000000,8000,False
846829,PNBHOUSING26SEP1100PE,PNBHOUSING,24SEP2026,110000.000000,650,OPTSTK,BFO,5.000000,100000000,False
846857,BANKEX26SEP65600CE,BANKEX,24SEP2026,6560000.000000,30,OPTIDX,BFO,5.000000,900,False
846866,PAGEIND26SEPFUT,PAGEIND,24SEP2026,0.000000,20,FUTSTK,BFO,5.000000,600,False
846876,BANKEX26SEP72600PE,BANKEX,24SEP2026,7260000.000000,30,OPTIDX,BFO,5.000000,900,False
848985,PNB26SEP112CE,PNB,24SEP2026,11200.000000,8000,OPTSTK,BFO,5.000000,480000,False
1114144,DLF26NOVFUT,DLF,26NOV2026,0.000000,950,FUTSTK,BFO,5.000000,49500,False
1114148,ICICIBANK26NOV1420PE,ICICIBANK,26NOV2026,142000.000000,700,OPTSTK,BFO,5.000000,28000,False
1114152,FORCEMOT26NOV19000PE,FORCEMOT,26NOV2026,1900000.000000,25,OPTSTK,BFO,5.000000,100000000,False
1114160,KEI26NOV5100PE,KEI,26NOV2026,510000.000000,175,OPTSTK,BFO,5.000000,100000000,False
846883,LTM26SEP3650PE,LTM,24SEP2026,365000.000000,150,OPTSTK,BFO,5.000000,4500,False
846886,WAAREEENER26SEP3050PE,WAAREEENER,24SEP2026,305000.000000,175,OPTSTK,BFO,5.000000,100000000,False
846903,FORCEMOT26SEP21000CE,FORCEMOT,24SEP2026,2100000.000000,25,OPTSTK,BFO,5.000000,100000000,False
846954,YESBANK26SEP23CE,YESBANK,24SEP2026,2300.000000,31100,OPTSTK,BFO,5.000000,100000000,False
849005,KAYNES26SEP3550CE,KAYNES,24SEP2026,355000.000000,150,OPTSTK,BFO,5.000000,100000000,False
849008,BHARTIARTL26SEP1920CE,BHARTIARTL,24SEP2026,192000.000000,475,OPTSTK,BFO,5.000000,28500,False
849009,MPHASIS26SEPFUT,MPHASIS,24SEP2026,0.000000,275,FUTSTK,BFO,5.000000,11000,False
849024,ADANIENT26SEP3120CE,ADANIENT,24SEP2026,312000.000000,309,OPTSTK,BFO,5.000000,9000,False
1114165,SENSEX26NOV69900CE,SENSEX,26NOV2026,6990000.000000,20,OPTIDX,BFO,5.000000,1000,False
1114172,MARUTI26NOV12900CE,MARUTI,26NOV2026,1290000.000000,50,OPTSTK,BFO,5.000000,3000,False
1114177,SENSEX26NOV70000PE,SENSEX,26NOV2026,7000000.000000,20,OPTIDX,BFO,5.000000,1000,False
1114178,SENSEX26O1581600PE,SENSEX,15OCT2026,8160000.000000,20,OPTIDX,BFO,5.000000,1000,False
842997,LICI26SEP425PE,LICI,24SEP2026,42500.000000,1400,OPTSTK,BFO,5.000000,100000000,False
843005,LICHSGFIN26SEP570PE,LICHSGFIN,24SEP2026,57000.000000,1000,OPTSTK,BFO,5.000000,60000,False
843015,RECLTD26SEP385CE,RECLTD,24SEP2026,38500.000000,1575,OPTSTK,BFO,5.000000,160000,False
843051,KALYANKJIL26SEP405CE,KALYANKJIL,24SEP2026,40500.000000,1350,OPTSTK,BFO,5.000000,100000000,False
846958,ASHOKLEY26SEPFUT,ASHOKLEY,24SEP2026,0.000000,5000,FUTSTK,BFO,5.000000,150000,False
846963,COALINDIA26SEP450PE,COALINDIA,24SEP2026,45000.000000,1350,OPTSTK,BFO,5.000000,126000,False
846978,PFC26SEP440PE,PFC,24SEP2026,44000.000000,1300,OPTSTK,BFO,5.000000,124000,False
846982,UNIONBANK26SEP182.5PE,UNIONBANK,24SEP2026,18250.000000,4425,OPTSTK,BFO,5.000000,100000000,False
849027,WAAREEENER26SEP2700CE,WAAREEENER,24SEP2026,270000.000000,175,OPTSTK,BFO,5.000000,100000000,False
849028,SENSEX5026SEP24250CE,SENSEX50,24SEP2026,2425000.000000,75,OPTIDX,BFO,5.000000,1800,False
849029,FORCEMOT26SEP20500CE,FORCEMOT,24SEP2026,2050000.000000,25,OPTSTK,BFO,5.000000,100000000,False
849041,SBICARD26SEP610PE,SBICARD,24SEP2026,61000.000000,800,OPTSTK,BFO,5.000000,32000,False
1114194,RELIANCE26NOV1220CE,RELIANCE,26NOV2026,122000.000000,500,OPTSTK,BFO,5.000000,10000,False
1114236,MARICO26NOV800PE,MARICO,26NOV2026,80000.000000,1200,OPTSTK,BFO,5.000000,48000,False
1114245,ITC26NOV277.5PE,ITC,26NOV2026,27750.000000,1725,OPTSTK,BFO,5.000000,64000,False
1114248,HAL26NOV5150CE,HAL,26NOV2026,515000.000000,150,OPTSTK,BFO,5.000000,9000,False
843058,BAJAJ-AUTO26SEP9100CE,BAJAJ-AUTO,24SEP2026,910000.000000,75,OPTSTK,BFO,5.000000,5000,False
843070,SOLARINDS26SEP17750PE,SOLARINDS,24SEP2026,1775000.000000,50,OPTSTK,BFO,5.000000,100000000,False
843071,INDIANB26SEP850PE,INDIANB,24SEP2026,85000.000000,1000,OPTSTK,BFO,5.000000,100000000,False
843073,VBL26SEP540CE,VBL,24SEP2026,54000.000000,1275,OPTSTK,BFO,5.000000,100000000,False
846999,VBL26SEP525PE,VBL,24SEP2026,52500.000000,1275,OPTSTK,BFO,5.000000,100000000,False
847006,NTPC26SEP362.5PE,NTPC,24SEP2026,36250.000000,1500,OPTSTK,BFO,5.000000,150000,False
847009,CONCOR26SEP500PE,CONCOR,24SEP2026,50000.000000,1250,OPTSTK,BFO,5.000000,40000,False
847021,BAJFINANCE26SEP1000PE,BAJFINANCE,24SEP2026,100000.000000,750,OPTSTK,BFO,5.000000,3750,False
849042,TRENT26SEP2950CE,TRENT,24SEP2026,295000.000000,225,OPTSTK,BFO,5.000000,16000,False
849044,COFORGE26SEP1400PE,COFORGE,24SEP2026,140000.000000,475,OPTSTK,BFO,5.000000,6000,False
849057,PREMIERENE26SEP1100CE,PREMIERENE,24SEP2026,110000.000000,650,OPTSTK,BFO,5.000000,100000000,False
849066,HINDUNILVR26SEP2180PE,HINDUNILVR,24SEP2026,218000.000000,300,OPTSTK,BFO,5.000000,9000,False
1114253,IRFC26NOV86CE,IRFC,26NOV2026,8600.000000,5425,OPTSTK,BFO,5.000000,100000000,False
1114265,JINDALSTEL26NOV1020CE,JINDALSTEL,26NOV2026,102000.000000,625,OPTSTK,BFO,5.000000,37500,False
1114288,CAMS26NOV810CE,CAMS,26NOV2026,81000.000000,825,OPTSTK,BFO,5.000000,100000000,False
1114305,HDFCBANK26NOV690CE,HDFCBANK,26NOV2026,69000.000000,650,OPTSTK,BFO,5.000000,16500,False
843080,BANKEX26SEP62800PE,BANKEX,24SEP2026,6280000.000000,30,OPTIDX,BFO,5.000000,900,False
843092,VMM26SEP118CE,VMM,24SEP2026,11800.000000,4850,OPTSTK,BFO,5.000000,100000000,False
843096,SBILIFE26SEP1760CE,SBILIFE,24SEP2026,176000.000000,375,OPTSTK,BFO,5.000000,22500,False
843101,NBCC26SEP104CE,NBCC,24SEP2026,10400.000000,6500,OPTSTK,BFO,5.000000,100000000,False
847030,LICI26SEP445PE,LICI,24SEP2026,44500.000000,1400,OPTSTK,BFO,5.000000,100000000,False
847033,RBLBANK26SEP360CE,RBLBANK,24SEP2026,36000.000000,3175,OPTSTK,BFO,5.000000,150000,False
847035,IREDA26SEP124PE,IREDA,24SEP2026,12400.000000,4525,OPTSTK,BFO,5.000000,100000000,False
847038,IOC26SEP141PE,IOC,24SEP2026,14100.000000,4875,OPTSTK,BFO,5.000000,292500,False
849071,HINDZINC26SEP450CE,HINDZINC,24SEP2026,45000.000000,1225,OPTSTK,BFO,5.000000,100000000,False
849078,SENSEX5026SEP25100CE,SENSEX50,24SEP2026,2510000.000000,75,OPTIDX,BFO,5.000000,1800,False
849087,BANKEX26SEP69400CE,BANKEX,24SEP2026,6940000.000000,30,OPTIDX,BFO,5.000000,900,False
849088,LTF26SEP280PE,LTF,24SEP2026,28000.000000,2250,OPTSTK,BFO,5.000000,267720,False
1114310,OIL26NOV455CE,OIL,26NOV2026,45500.000000,1400,OPTSTK,BFO,5.000000,100000000,False
1114320,FOCIT26NOV31400PE,FOCIT,26NOV2026,3140000.000000,45,OPTIDX,BFO,5.000000,1350,False
1114324,LODHA26NOV1400CE,LODHA,26NOV2026,140000.000000,625,OPTSTK,BFO,5.000000,100000000,False
1114333,TORNTPHARM26NOV5350PE,TORNTPHARM,26NOV2026,535000.000000,125,OPTSTK,BFO,5.000000,15000,False
843115,INDUSTOWER26SEP371CE,INDUSTOWER,24SEP2026,37100.000000,1700,OPTSTK,BFO,5.000000,170000,False
843123,NTPC26SEP370CE,NTPC,24SEP2026,37000.000000,1500,OPTSTK,BFO,5.000000,150000,False
843133,INDIANB26SEP760PE,INDIANB,24SEP2026,76000.000000,1000,OPTSTK,BFO,5.000000,100000000,False
843135,POLYCAB26SEP9700CE,POLYCAB,24SEP2026,970000.000000,125,OPTSTK,BFO,5.000000,9000,False
847039,BANKEX26SEP67300PE,BANKEX,24SEP2026,6730000.000000,30,OPTIDX,BFO,5.000000,900,False
847040,UNITDSPR26SEP1440PE,UNITDSPR,24SEP2026,144000.000000,400,OPTSTK,BFO,5.000000,28000,False
847052,COCHINSHIP26SEP1400CE,COCHINSHIP,24SEP2026,140000.000000,400,OPTSTK,BFO,5.000000,100000000,False
847057,NHPC26SEP73CE,NHPC,24SEP2026,7300.000000,6950,OPTSTK,BFO,5.000000,100000000,False
849110,HEROMOTOCO26SEP4800CE,HEROMOTOCO,24SEP2026,480000.000000,150,OPTSTK,BFO,5.000000,9000,False
849113,PREMIERENE26SEP1020PE,PREMIERENE,24SEP2026,102000.000000,650,OPTSTK,BFO,5.000000,100000000,False
849117,GAIL26SEP167PE,GAIL,24SEP2026,16700.000000,3550,OPTSTK,BFO,5.000000,274500,False
849121,IDFCFIRSTB26SEP82CE,IDFCFIRSTB,24SEP2026,8200.000000,9275,OPTSTK,BFO,5.000000,450000,False
1114351,DRREDDY26NOV1170PE,DRREDDY,26NOV2026,117000.000000,625,OPTSTK,BFO,5.000000,5000,False
1114407,TCS26NOVFUT,TCS,26NOV2026,0.000000,225,FUTSTK,BFO,5.000000,7000,False
1114438,COFORGE26NOV1820PE,COFORGE,26NOV2026,182000.000000,475,OPTSTK,BFO,5.000000,6000,False
1114444,TIINDIA26NOV2500CE,TIINDIA,26NOV2026,250000.000000,200,OPTSTK,BFO,5.000000,100000000,False
849127,BOSCHLTD26SEPFUT,BOSCHLTD,24SEP2026,0.000000,25,FUTSTK,BFO,5.000000,1500,False
849138,MFSL26SEP1640PE,MFSL,24SEP2026,164000.000000,400,OPTSTK,BFO,5.000000,32000,False
849139,KOTAKBANK26SEP425PE,KOTAKBANK,24SEP2026,42500.000000,2000,OPTSTK,BFO,5.000000,12000,False
849145,ASHOKLEY26SEP167.5CE,ASHOKLEY,24SEP2026,16750.000000,5000,OPTSTK,BFO,5.000000,150000,False
843137,JSWSTEEL26SEP1290PE,JSWSTEEL,24SEP2026,129000.000000,675,OPTSTK,BFO,5.000000,40500,False
843164,RBLBANK26SEP340PE,RBLBANK,24SEP2026,34000.000000,3175,OPTSTK,BFO,5.000000,150000,False
843173,MAZDOCK26SEP2580PE,MAZDOCK,24SEP2026,258000.000000,225,OPTSTK,BFO,5.000000,100000000,False
843176,JIOFIN26SEP240CE,JIOFIN,24SEP2026,24000.000000,2350,OPTSTK,BFO,5.000000,100000000,False
847060,GODREJCP26SEP1090CE,GODREJCP,24SEP2026,109000.000000,500,OPTSTK,BFO,5.000000,30000,False
847070,MOTHERSON26SEPFUT,MOTHERSON,24SEP2026,0.000000,6150,FUTSTK,BFO,5.000000,284000,False
847092,PGEL26SEP580CE,PGEL,24SEP2026,58000.000000,950,OPTSTK,BFO,5.000000,100000000,False
847097,ABB26SEP7300CE,ABB,24SEP2026,730000.000000,125,OPTSTK,BFO,5.000000,7500,False
1114445,LUPIN26NOV2100PE,LUPIN,26NOV2026,210000.000000,425,OPTSTK,BFO,5.000000,34000,False
1114466,HCLTECH26NOV1240PE,HCLTECH,26NOV2026,124000.000000,400,OPTSTK,BFO,5.000000,21000,False
1114484,SUNPHARMA26NOV1980PE,SUNPHARMA,26NOV2026,198000.000000,350,OPTSTK,BFO,5.000000,28000,False
1114488,TITAN26NOV5150PE,TITAN,26NOV2026,515000.000000,175,OPTSTK,BFO,5.000000,11250,False
849147,BLUESTARCO26SEP1760CE,BLUESTARCO,24SEP2026,176000.000000,325,OPTSTK,BFO,5.000000,100000000,False
849167,POWERGRID26SEP292.5CE,POWERGRID,24SEP2026,29250.000000,1900,OPTSTK,BFO,5.000000,108000,False
849169,SOLARINDS26SEP15750PE,SOLARINDS,24SEP2026,1575000.000000,50,OPTSTK,BFO,5.000000,100000000,False
849175,INOXWIND26SEP90CE,INOXWIND,24SEP2026,9000.000000,6400,OPTSTK,BFO,5.000000,100000000,False
1114589,SENSEX26NOV74500CE,SENSEX,26NOV2026,7450000.000000,20,OPTIDX,BFO,5.000000,1000,False
843189,SUPREMEIND26SEP3200PE,SUPREMEIND,24SEP2026,320000.000000,175,OPTSTK,BFO,5.000000,100000000,False
843200,ADANIGREEN26SEP1500CE,ADANIGREEN,24SEP2026,150000.000000,600,OPTSTK,BFO,5.000000,100000000,False
843215,SENSEX26DEC82000CE,SENSEX,31DEC2026,8200000.000000,20,OPTIDX,BFO,5.000000,1000,False
843226,KALYANKJIL26SEP405PE,KALYANKJIL,24SEP2026,40500.000000,1350,OPTSTK,BFO,5.000000,100000000,False
1114522,OFSS26NOV12300PE,OFSS,26NOV2026,1230000.000000,100,OPTSTK,BFO,5.000000,8000,False
1114530,TMPV26NOV300PE,TMPV,26NOV2026,30000.000000,1600,OPTSTK,BFO,5.000000,42750,False
1114580,MANAPPURAM26NOV330PE,MANAPPURAM,26NOV2026,33000.000000,3000,OPTSTK,BFO,5.000000,180000,False
847102,IDEA26SEP10CE,IDEA,24SEP2026,1000.000000,71475,OPTSTK,BFO,5.000000,2400000,False
847106,AUROPHARMA26SEP1680CE,AUROPHARMA,24SEP2026,168000.000000,550,OPTSTK,BFO,5.000000,44000,False
847126,SBILIFE26SEP1780CE,SBILIFE,24SEP2026,178000.000000,375,OPTSTK,BFO,5.000000,22500,False
847152,BOSCHLTD26SEP40250PE,BOSCHLTD,24SEP2026,4025000.000000,25,OPTSTK,BFO,5.000000,1500,False
849766,CHOLAFIN26SEP1640PE,CHOLAFIN,24SEP2026,164000.000000,625,OPTSTK,BFO,5.000000,25000,False
849795,PAYTM26SEP1200CE,PAYTM,24SEP2026,120000.000000,725,OPTSTK,BFO,5.000000,100000000,False
849837,HEROMOTOCO26SEP4450CE,HEROMOTOCO,24SEP2026,445000.000000,150,OPTSTK,BFO,5.000000,9000,False
849849,MAXHEALTH26SEP1210CE,MAXHEALTH,24SEP2026,121000.000000,525,OPTSTK,BFO,5.000000,100000000,False
1114603,HINDPETRO26NOV340CE,HINDPETRO,26NOV2026,34000.000000,2025,OPTSTK,BFO,5.000000,108000,False
1114631,AUROPHARMA26NOV1560PE,AUROPHARMA,26NOV2026,156000.000000,550,OPTSTK,BFO,5.000000,44000,False
1114660,SENSEX26O1579200PE,SENSEX,15OCT2026,7920000.000000,20,OPTIDX,BFO,5.000000,1000,False
1114705,SENSEX5026NOV24550PE,SENSEX50,26NOV2026,2455000.000000,75,OPTIDX,BFO,5.000000,1800,False
843237,BHARTIARTL26SEP1920PE,BHARTIARTL,24SEP2026,192000.000000,475,OPTSTK,BFO,5.000000,28500,False
843239,COALINDIA26SEP470CE,COALINDIA,24SEP2026,47000.000000,1350,OPTSTK,BFO,5.000000,126000,False
843241,SHRIRAMFIN26SEP960PE,SHRIRAMFIN,24SEP2026,96000.000000,825,OPTSTK,BFO,5.000000,18000,False
843243,HINDZINC26SEP530CE,HINDZINC,24SEP2026,53000.000000,1225,OPTSTK,BFO,5.000000,100000000,False
847164,AMBER26SEP7400PE,AMBER,24SEP2026,740000.000000,100,OPTSTK,BFO,5.000000,100000000,False
847169,BANDHANBNK26SEP207.5PE,BANDHANBNK,24SEP2026,20750.000000,3600,OPTSTK,BFO,5.000000,100000,False
847181,CONCOR26SEP505PE,CONCOR,24SEP2026,50500.000000,1250,OPTSTK,BFO,5.000000,40000,False
847198,BANKEX26SEP59500CE,BANKEX,24SEP2026,5950000.000000,30,OPTIDX,BFO,5.000000,900,False
849862,DIXON26SEP11200PE,DIXON,24SEP2026,1120000.000000,50,OPTSTK,BFO,5.000000,6000,False
849881,ETERNAL26SEP275PE,ETERNAL,24SEP2026,27500.000000,2425,OPTSTK,BFO,5.000000,100000000,False
849885,SUPREMEIND26SEP2850PE,SUPREMEIND,24SEP2026,285000.000000,175,OPTSTK,BFO,5.000000,100000000,False
849899,MANKIND26SEP2620CE,MANKIND,24SEP2026,262000.000000,250,OPTSTK,BFO,5.000000,100000000,False
1114722,BANKEX26NOV70800PE,BANKEX,26NOV2026,7080000.000000,30,OPTIDX,BFO,5.000000,900,False
1114723,HDFCAMC26NOV2450CE,HDFCAMC,26NOV2026,245000.000000,300,OPTSTK,BFO,5.000000,12000,False
1114728,ITC26NOV280PE,ITC,26NOV2026,28000.000000,1725,OPTSTK,BFO,5.000000,64000,False
1114741,TATACONSUM26NOV1090PE,TATACONSUM,26NOV2026,109000.000000,550,OPTSTK,BFO,5.000000,36000,False
849903,KEI26SEP5800CE,KEI,24SEP2026,580000.000000,175,OPTSTK,BFO,5.000000,100000000,False
849912,NBCC26SEP99CE,NBCC,24SEP2026,9900.000000,6500,OPTSTK,BFO,5.000000,100000000,False
849940,LUPIN26SEP2520PE,LUPIN,24SEP2026,252000.000000,425,OPTSTK,BFO,5.000000,34000,False
849942,ASTRAL26SEP1320CE,ASTRAL,24SEP2026,132000.000000,425,OPTSTK,BFO,5.000000,14680,False
843284,MARICO26SEP790PE,MARICO,24SEP2026,79000.000000,1200,OPTSTK,BFO,5.000000,48000,False
843290,SENSEX5026SEP24400CE,SENSEX50,24SEP2026,2440000.000000,75,OPTIDX,BFO,5.000000,1800,False
843311,BANKEX26SEP71100PE,BANKEX,24SEP2026,7110000.000000,30,OPTIDX,BFO,5.000000,900,False
843332,COCHINSHIP26SEP1600CE,COCHINSHIP,24SEP2026,160000.000000,400,OPTSTK,BFO,5.000000,100000000,False
847203,BHEL26SEP385PE,BHEL,24SEP2026,38500.000000,2625,OPTSTK,BFO,5.000000,315000,False
847215,TORNTPHARM26SEP4400CE,TORNTPHARM,24SEP2026,440000.000000,125,OPTSTK,BFO,5.000000,15000,False
847217,IOC26SEP146PE,IOC,24SEP2026,14600.000000,4875,OPTSTK,BFO,5.000000,292500,False
847218,CUMMINSIND26SEP5300PE,CUMMINSIND,24SEP2026,530000.000000,200,OPTSTK,BFO,5.000000,18000,False
1114755,BIOCON26NOV415PE,BIOCON,26NOV2026,41500.000000,2500,OPTSTK,BFO,5.000000,100000,False
1114766,EICHERMOT26NOV7400PE,EICHERMOT,26NOV2026,740000.000000,100,OPTSTK,BFO,5.000000,7000,False
1114782,KEI26NOV6000CE,KEI,26NOV2026,600000.000000,175,OPTSTK,BFO,5.000000,100000000,False
1114783,M&M26NOV3700CE,M&M,26NOV2026,370000.000000,200,OPTSTK,BFO,5.000000,21000,False
849949,BANKBARODA26SEP255PE,BANKBARODA,24SEP2026,25500.000000,2925,OPTSTK,BFO,5.000000,175500,False
849957,HAVELLS26SEP1090CE,HAVELLS,24SEP2026,109000.000000,500,OPTSTK,BFO,5.000000,20000,False
849962,PAGEIND26SEP38750CE,PAGEIND,24SEP2026,3875000.000000,20,OPTSTK,BFO,5.000000,600,False
849977,NAUKRI26SEP1060CE,NAUKRI,24SEP2026,106000.000000,550,OPTSTK,BFO,5.000000,6000,False
843336,DMART26SEP4000PE,DMART,24SEP2026,400000.000000,150,OPTSTK,BFO,5.000000,100000000,False
843337,CIPLA26SEP1410PE,CIPLA,24SEP2026,141000.000000,425,OPTSTK,BFO,5.000000,26000,False
843342,DELHIVERY26SEP480PE,DELHIVERY,24SEP2026,48000.000000,2075,OPTSTK,BFO,5.000000,100000000,False
843344,RELIANCE26SEP1280CE,RELIANCE,24SEP2026,128000.000000,500,OPTSTK,BFO,5.000000,10000,False
847226,KALYANKJIL26SEPFUT,KALYANKJIL,24SEP2026,0.000000,1350,FUTSTK,BFO,5.000000,100000000,False
847238,NESTLEIND26SEP1420CE,NESTLEIND,24SEP2026,142000.000000,500,OPTSTK,BFO,5.000000,1200,False
847251,ICICIPRULI26SEP490CE,ICICIPRULI,24SEP2026,49000.000000,925,OPTSTK,BFO,5.000000,60000,False
847257,HINDZINC26SEP550CE,HINDZINC,24SEP2026,55000.000000,1225,OPTSTK,BFO,5.000000,100000000,False
849990,HDFCAMC26SEP2460PE,HDFCAMC,24SEP2026,246000.000000,300,OPTSTK,BFO,5.000000,12000,False
849992,VEDL26SEP350CE,VEDL,24SEP2026,35000.000000,1150,OPTSTK,BFO,5.000000,80000,False
850032,BANKBARODA26SEP260CE,BANKBARODA,24SEP2026,26000.000000,2925,OPTSTK,BFO,5.000000,175500,False
850059,GAIL26SEP165PE,GAIL,24SEP2026,16500.000000,3550,OPTSTK,BFO,5.000000,274500,False
1114791,BDL26NOV1380CE,BDL,26NOV2026,138000.000000,425,OPTSTK,BFO,5.000000,100000000,False
1114797,GVT&D26NOV3900CE,GVT&D,26NOV2026,390000.000000,125,OPTSTK,BFO,5.000000,100000000,False
1114799,UNOMINDA26NOV1180CE,UNOMINDA,26NOV2026,118000.000000,550,OPTSTK,BFO,5.000000,100000000,False
1114804,TATACONSUM26NOV1080CE,TATACONSUM,26NOV2026,108000.000000,550,OPTSTK,BFO,5.000000,36000,False
843347,BANKEX26SEP62700CE,BANKEX,24SEP2026,6270000.000000,30,OPTIDX,BFO,5.000000,900,False
843357,RADICO26SEP3700CE,RADICO,24SEP2026,370000.000000,150,OPTSTK,BFO,5.000000,100000000,False
843367,LTF26SEP270PE,LTF,24SEP2026,27000.000000,2250,OPTSTK,BFO,5.000000,267720,False
843374,INDIANB26SEP890CE,INDIANB,24SEP2026,89000.000000,1000,OPTSTK,BFO,5.000000,100000000,False
850066,IDFCFIRSTB26SEP71PE,IDFCFIRSTB,24SEP2026,7100.000000,9275,OPTSTK,BFO,5.000000,450000,False
850082,KOTAKBANK26SEP380CE,KOTAKBANK,24SEP2026,38000.000000,2000,OPTSTK,BFO,5.000000,12000,False
850083,RADICO26SEP4600PE,RADICO,24SEP2026,460000.000000,150,OPTSTK,BFO,5.000000,100000000,False
850087,BOSCHLTD26SEP38250PE,BOSCHLTD,24SEP2026,3825000.000000,25,OPTSTK,BFO,5.000000,1500,False
847260,ABCAPITAL26SEP375CE,ABCAPITAL,24SEP2026,37500.000000,3100,OPTSTK,BFO,5.000000,162000,False
847261,KALYANKJIL26SEP390CE,KALYANKJIL,24SEP2026,39000.000000,1350,OPTSTK,BFO,5.000000,100000000,False
847263,SUNPHARMA26SEP1820PE,SUNPHARMA,24SEP2026,182000.000000,350,OPTSTK,BFO,5.000000,28000,False
847264,PNBHOUSING26SEP1060CE,PNBHOUSING,24SEP2026,106000.000000,650,OPTSTK,BFO,5.000000,100000000,False
1114805,GRASIM26NOV3320CE,GRASIM,26NOV2026,332000.000000,250,OPTSTK,BFO,5.000000,14250,False
1114809,UNIONBANK26NOV182.5PE,UNIONBANK,26NOV2026,18250.000000,4425,OPTSTK,BFO,5.000000,100000000,False
1114833,NBCC26NOV72.5CE,NBCC,26NOV2026,7250.000000,6500,OPTSTK,BFO,5.000000,100000000,False
1114839,SAGILITY26SEP46CE,SAGILITY,24SEP2026,4600.000000,12000,OPTSTK,BFO,5.000000,100000000,False
843375,KAYNES26SEP3450CE,KAYNES,24SEP2026,345000.000000,150,OPTSTK,BFO,5.000000,100000000,False
843384,HEROMOTOCO26SEP5250CE,HEROMOTOCO,24SEP2026,525000.000000,150,OPTSTK,BFO,5.000000,9000,False
843394,POWERINDIA26SEP31500PE,POWERINDIA,24SEP2026,3150000.000000,25,OPTSTK,BFO,5.000000,100000000,False
843395,COLPAL26SEP1900PE,COLPAL,24SEP2026,190000.000000,275,OPTSTK,BFO,5.000000,14000,False
850112,SBIN26SEP970CE,SBIN,24SEP2026,97000.000000,750,OPTSTK,BFO,5.000000,45000,False
850125,KOTAKBANK26SEP385CE,KOTAKBANK,24SEP2026,38500.000000,2000,OPTSTK,BFO,5.000000,12000,False
850177,PIIND26SEP2480CE,PIIND,24SEP2026,248000.000000,175,OPTSTK,BFO,5.000000,7500,False
850180,SIEMENS26SEP3250CE,SIEMENS,24SEP2026,325000.000000,175,OPTSTK,BFO,5.000000,8250,False
1114859,SENSEX26NOV76200PE,SENSEX,26NOV2026,7620000.000000,20,OPTIDX,BFO,5.000000,1000,False
1114875,HAVELLS26NOV1340CE,HAVELLS,26NOV2026,134000.000000,500,OPTSTK,BFO,5.000000,20000,False
1114947,RELIANCE26NOV1260CE,RELIANCE,26NOV2026,126000.000000,500,OPTSTK,BFO,5.000000,10000,False
1114962,ONGC26NOV232.5CE,ONGC,26NOV2026,23250.000000,2250,OPTSTK,BFO,5.000000,154000,False
843398,PERSISTENT26SEP5050CE,PERSISTENT,24SEP2026,505000.000000,125,OPTSTK,BFO,5.000000,5250,False
843410,CONCOR26SEP455CE,CONCOR,24SEP2026,45500.000000,1250,OPTSTK,BFO,5.000000,40000,False
843411,BANKEX26SEP70400CE,BANKEX,24SEP2026,7040000.000000,30,OPTIDX,BFO,5.000000,900,False
843417,SWIGGY26SEP260PE,SWIGGY,24SEP2026,26000.000000,1825,OPTSTK,BFO,5.000000,100000000,False
850184,ICICIGI26SEP1640CE,ICICIGI,24SEP2026,164000.000000,325,OPTSTK,BFO,5.000000,20000,False
850186,LT26SEP4040CE,LT,24SEP2026,404000.000000,175,OPTSTK,BFO,5.000000,12000,False
850187,TVSMOTOR26SEP3320PE,TVSMOTOR,24SEP2026,332000.000000,175,OPTSTK,BFO,5.000000,21000,False
850190,DIVISLAB26SEP6300CE,DIVISLAB,24SEP2026,630000.000000,100,OPTSTK,BFO,5.000000,8000,False
847287,HDFCLIFE26SEP610CE,HDFCLIFE,24SEP2026,61000.000000,1100,OPTSTK,BFO,5.000000,44000,False
847289,SBIN26SEP1060CE,SBIN,24SEP2026,106000.000000,750,OPTSTK,BFO,5.000000,45000,False
847322,LUPIN26SEP2360PE,LUPIN,24SEP2026,236000.000000,425,OPTSTK,BFO,5.000000,34000,False
847328,EICHERMOT26SEP7350PE,EICHERMOT,24SEP2026,735000.000000,100,OPTSTK,BFO,5.000000,7000,False
850192,HINDALCO26SEP1030CE,HINDALCO,24SEP2026,103000.000000,700,OPTSTK,BFO,5.000000,56000,False
850194,INDIGO26SEP4950PE,INDIGO,24SEP2026,495000.000000,150,OPTSTK,BFO,5.000000,12000,False
850208,ETERNAL26SEP277.5PE,ETERNAL,24SEP2026,27750.000000,2425,OPTSTK,BFO,5.000000,100000000,False
850233,PHOENIXLTD26SEP2060CE,PHOENIXLTD,24SEP2026,206000.000000,350,OPTSTK,BFO,5.000000,100000000,False
1114967,PERSISTENT26NOV5200PE,PERSISTENT,26NOV2026,520000.000000,125,OPTSTK,BFO,5.000000,5250,False
1114976,FOCIT26NOV33000PE,FOCIT,26NOV2026,3300000.000000,45,OPTIDX,BFO,5.000000,1350,False
1114987,ICICIBANK26NOV1450CE,ICICIBANK,26NOV2026,145000.000000,700,OPTSTK,BFO,5.000000,28000,False
1115010,SUZLON26NOV46CE,SUZLON,26NOV2026,4600.000000,12700,OPTSTK,BFO,5.000000,100000000,False
843425,MOTHERSON26SEP149CE,MOTHERSON,24SEP2026,14900.000000,6150,OPTSTK,BFO,5.000000,284000,False
843436,RADICO26SEPFUT,RADICO,24SEP2026,0.000000,150,FUTSTK,BFO,5.000000,100000000,False
843445,PAGEIND26SEP41250CE,PAGEIND,24SEP2026,4125000.000000,20,OPTSTK,BFO,5.000000,600,False
843461,PNB26SEP102PE,PNB,24SEP2026,10200.000000,8000,OPTSTK,BFO,5.000000,480000,False
847330,POWERINDIA26SEP36000PE,POWERINDIA,24SEP2026,3600000.000000,25,OPTSTK,BFO,5.000000,100000000,False
847331,AUBANK26SEP1040PE,AUBANK,24SEP2026,104000.000000,1000,OPTSTK,BFO,5.000000,30000,False
847332,RADICO26SEP4500CE,RADICO,24SEP2026,450000.000000,150,OPTSTK,BFO,5.000000,100000000,False
847334,SHREECEM26SEP27500PE,SHREECEM,24SEP2026,2750000.000000,25,OPTSTK,BFO,5.000000,1000,False
850240,MAXHEALTH26SEP1200CE,MAXHEALTH,24SEP2026,120000.000000,525,OPTSTK,BFO,5.000000,100000000,False
850247,JUBLFOOD26SEP385PE,JUBLFOOD,24SEP2026,38500.000000,1250,OPTSTK,BFO,5.000000,50000,False
850257,MARICO26SEP875CE,MARICO,24SEP2026,87500.000000,1200,OPTSTK,BFO,5.000000,48000,False
850260,KEI26SEP5800PE,KEI,24SEP2026,580000.000000,175,OPTSTK,BFO,5.000000,100000000,False
1115039,TORNTPHARM26NOV4850CE,TORNTPHARM,26NOV2026,485000.000000,125,OPTSTK,BFO,5.000000,15000,False
1115048,SENSEX26NOV82500PE,SENSEX,26NOV2026,8250000.000000,20,OPTIDX,BFO,5.000000,1000,False
1115066,OIL26NOV495CE,OIL,26NOV2026,49500.000000,1400,OPTSTK,BFO,5.000000,100000000,False
1115068,ICICIBANK26NOV1370PE,ICICIBANK,26NOV2026,137000.000000,700,OPTSTK,BFO,5.000000,28000,False
843473,AXISBANK26SEP1380PE,AXISBANK,24SEP2026,138000.000000,625,OPTSTK,BFO,5.000000,25000,False
843488,POLICYBZR26SEP1760CE,POLICYBZR,24SEP2026,176000.000000,350,OPTSTK,BFO,5.000000,100000000,False
843509,HYUNDAI26SEP2060CE,HYUNDAI,24SEP2026,206000.000000,275,OPTSTK,BFO,5.000000,100000000,False
843522,ALKEM26SEP5100PE,ALKEM,24SEP2026,510000.000000,125,OPTSTK,BFO,5.000000,8000,False
850262,BANKEX26SEP58500PE,BANKEX,24SEP2026,5850000.000000,30,OPTIDX,BFO,5.000000,900,False
850264,MFSL26SEP1460PE,MFSL,24SEP2026,146000.000000,400,OPTSTK,BFO,5.000000,32000,False
850268,BANKBARODA26SEP257.5PE,BANKBARODA,24SEP2026,25750.000000,2925,OPTSTK,BFO,5.000000,175500,False
850278,MCX26SEP3250CE,MCX,24SEP2026,325000.000000,225,OPTSTK,BFO,5.000000,16000,False
1115113,POWERGRID26NOV262.5CE,POWERGRID,26NOV2026,26250.000000,1900,OPTSTK,BFO,5.000000,108000,False
847338,JSWENERGY26SEP605CE,JSWENERGY,24SEP2026,60500.000000,1075,OPTSTK,BFO,5.000000,100000000,False
847341,CIPLA26SEP1430PE,CIPLA,24SEP2026,143000.000000,425,OPTSTK,BFO,5.000000,26000,False
847379,HINDUNILVR26SEP2180CE,HINDUNILVR,24SEP2026,218000.000000,300,OPTSTK,BFO,5.000000,9000,False
847380,BANKBARODA26SEP277.5CE,BANKBARODA,24SEP2026,27750.000000,2925,OPTSTK,BFO,5.000000,175500,False
1115073,ANGELONE26NOV275CE,ANGELONE,26NOV2026,27500.000000,2500,OPTSTK,BFO,5.000000,100000000,False
1115093,CHOLAFIN26NOV1760CE,CHOLAFIN,26NOV2026,176000.000000,625,OPTSTK,BFO,5.000000,25000,False
1115106,BHARATFORG26NOVFUT,BHARATFORG,26NOV2026,0.000000,500,FUTSTK,BFO,5.000000,30000,False
843539,PATANJALI26SEP410CE,PATANJALI,24SEP2026,41000.000000,1075,OPTSTK,BFO,5.000000,100000000,False
843586,CGPOWER26SEP910CE,CGPOWER,24SEP2026,91000.000000,850,OPTSTK,BFO,5.000000,100000000,False
843598,APOLLOHOSP26SEP8500PE,APOLLOHOSP,24SEP2026,850000.000000,125,OPTSTK,BFO,5.000000,5000,False
843599,SENSEX31JUN76000CE,SENSEX,26JUN2031,7600000.000000,20,OPTIDX,BFO,5.000000,1000,False
850287,SHREECEM26SEP23500PE,SHREECEM,24SEP2026,2350000.000000,25,OPTSTK,BFO,5.000000,1000,False
850291,RELIANCE26SEP1240PE,RELIANCE,24SEP2026,124000.000000,500,OPTSTK,BFO,5.000000,10000,False
850309,BHARTIARTL26SEP1700CE,BHARTIARTL,24SEP2026,170000.000000,475,OPTSTK,BFO,5.000000,28500,False
850321,PIIND26SEP2520CE,PIIND,24SEP2026,252000.000000,175,OPTSTK,BFO,5.000000,7500,False
847391,MOTHERSON26SEP152CE,MOTHERSON,24SEP2026,15200.000000,6150,OPTSTK,BFO,5.000000,284000,False
847403,RBLBANK26SEP365PE,RBLBANK,24SEP2026,36500.000000,3175,OPTSTK,BFO,5.000000,150000,False
847408,MARUTI26SEP13000PE,MARUTI,24SEP2026,1300000.000000,50,OPTSTK,BFO,5.000000,3000,False
847409,TCS26SEP2140CE,TCS,24SEP2026,214000.000000,225,OPTSTK,BFO,5.000000,7000,False
1115120,PETRONET26NOV260PE,PETRONET,26NOV2026,26000.000000,1900,OPTSTK,BFO,5.000000,120000,False
1115122,BANKEX26NOV58400PE,BANKEX,26NOV2026,5840000.000000,30,OPTIDX,BFO,5.000000,900,False
1115134,SENSEX26O1575400CE,SENSEX,15OCT2026,7540000.000000,20,OPTIDX,BFO,5.000000,1000,False
1115139,HEROMOTOCO26NOV5300CE,HEROMOTOCO,26NOV2026,530000.000000,150,OPTSTK,BFO,5.000000,9000,False
843601,UNITDSPR26SEP1370PE,UNITDSPR,24SEP2026,137000.000000,400,OPTSTK,BFO,5.000000,28000,False
843630,AMBER26SEP8200PE,AMBER,24SEP2026,820000.000000,100,OPTSTK,BFO,5.000000,100000000,False
843631,SUZLON26SEP63PE,SUZLON,24SEP2026,6300.000000,12700,OPTSTK,BFO,5.000000,100000000,False
843632,BANKEX26SEP70700PE,BANKEX,24SEP2026,7070000.000000,30,OPTIDX,BFO,5.000000,900,False
850327,SBILIFE26SEP1900PE,SBILIFE,24SEP2026,190000.000000,375,OPTSTK,BFO,5.000000,22500,False
850355,PERSISTENT26SEP4200CE,PERSISTENT,24SEP2026,420000.000000,125,OPTSTK,BFO,5.000000,5250,False
850406,POLYCAB26SEP10500CE,POLYCAB,24SEP2026,1050000.000000,125,OPTSTK,BFO,5.000000,9000,False
850418,SAIL26SEP192.5CE,SAIL,24SEP2026,19250.000000,4700,OPTSTK,BFO,5.000000,320000,False
847413,MOTHERSON26SEP156PE,MOTHERSON,24SEP2026,15600.000000,6150,OPTSTK,BFO,5.000000,284000,False
847426,BANKEX26SEP59800PE,BANKEX,24SEP2026,5980000.000000,30,OPTIDX,BFO,5.000000,900,False
847427,TECHM26SEP1444CE,TECHM,24SEP2026,144400.000000,600,OPTSTK,BFO,5.000000,24000,False
847439,PNB26SEP110CE,PNB,24SEP2026,11000.000000,8000,OPTSTK,BFO,5.000000,480000,False
1115191,RBLBANK26NOV360CE,RBLBANK,26NOV2026,36000.000000,3175,OPTSTK,BFO,5.000000,150000,False
1115198,LICHSGFIN26NOV590PE,LICHSGFIN,26NOV2026,59000.000000,1000,OPTSTK,BFO,5.000000,60000,False
1115260,ABCAPITAL26NOV370CE,ABCAPITAL,26NOV2026,37000.000000,3100,OPTSTK,BFO,5.000000,162000,False
1115283,SHRIRAMFIN26NOV1180PE,SHRIRAMFIN,26NOV2026,118000.000000,825,OPTSTK,BFO,5.000000,18000,False
843644,GVT&D26SEP4000CE,GVT&D,24SEP2026,400000.000000,125,OPTSTK,BFO,5.000000,100000000,False
843672,BRITANNIA26SEP5600PE,BRITANNIA,24SEP2026,560000.000000,125,OPTSTK,BFO,5.000000,6000,False
843684,BPCL26SEP330CE,BPCL,24SEP2026,33000.000000,1975,OPTSTK,BFO,5.000000,72000,False
843715,ADANIENT26SEP3080CE,ADANIENT,24SEP2026,308000.000000,309,OPTSTK,BFO,5.000000,9000,False
850445,PIIND26SEP2440PE,PIIND,24SEP2026,244000.000000,175,OPTSTK,BFO,5.000000,7500,False
850449,DIVISLAB26SEP6250CE,DIVISLAB,24SEP2026,625000.000000,100,OPTSTK,BFO,5.000000,8000,False
850468,HDFCBANK26SEP835CE,HDFCBANK,24SEP2026,83500.000000,650,OPTSTK,BFO,5.000000,16500,False
850484,UPL26SEP550CE,UPL,24SEP2026,55000.000000,1355,OPTSTK,BFO,5.000000,39000,False
1115288,BANKEX26NOV60100PE,BANKEX,26NOV2026,6010000.000000,30,OPTIDX,BFO,5.000000,900,False
1115329,UPL26NOV560PE,UPL,26NOV2026,56000.000000,1355,OPTSTK,BFO,5.000000,39000,False
1115361,FOCIT26NOV35200CE,FOCIT,26NOV2026,3520000.000000,45,OPTIDX,BFO,5.000000,1350,False
1115362,SENSEX5026NOV25700CE,SENSEX50,26NOV2026,2570000.000000,75,OPTIDX,BFO,5.000000,1800,False
847448,INDHOTEL26SEP750PE,INDHOTEL,24SEP2026,75000.000000,1000,OPTSTK,BFO,5.000000,60000,False
847455,DABUR26SEP450CE,DABUR,24SEP2026,45000.000000,1250,OPTSTK,BFO,5.000000,50000,False
847474,JINDALSTEL26SEP1000PE,JINDALSTEL,24SEP2026,100000.000000,625,OPTSTK,BFO,5.000000,37500,False
847480,HDFCLIFE26SEP610PE,HDFCLIFE,24SEP2026,61000.000000,1100,OPTSTK,BFO,5.000000,44000,False
843727,LODHA26SEP960PE,LODHA,24SEP2026,96000.000000,625,OPTSTK,BFO,5.000000,100000000,False
843742,BANKEX26SEP68000CE,BANKEX,24SEP2026,6800000.000000,30,OPTIDX,BFO,5.000000,900,False
843746,COFORGE26SEP1360PE,COFORGE,24SEP2026,136000.000000,475,OPTSTK,BFO,5.000000,6000,False
843787,CONCOR26SEP435PE,CONCOR,24SEP2026,43500.000000,1250,OPTSTK,BFO,5.000000,40000,False
850501,BOSCHLTD26SEP38250CE,BOSCHLTD,24SEP2026,3825000.000000,25,OPTSTK,BFO,5.000000,1500,False
850511,PERSISTENT26SEP4150PE,PERSISTENT,24SEP2026,415000.000000,125,OPTSTK,BFO,5.000000,5250,False
850527,KOTAKBANK26SEP390CE,KOTAKBANK,24SEP2026,39000.000000,2000,OPTSTK,BFO,5.000000,12000,False
850538,PAGEIND26SEP39000CE,PAGEIND,24SEP2026,3900000.000000,20,OPTSTK,BFO,5.000000,600,False
847493,SENSEX5026SEP25500PE,SENSEX50,24SEP2026,2550000.000000,75,OPTIDX,BFO,5.000000,1800,False
847501,HYUNDAI26SEP2080CE,HYUNDAI,24SEP2026,208000.000000,275,OPTSTK,BFO,5.000000,100000000,False
847504,BANKEX26SEP69800PE,BANKEX,24SEP2026,6980000.000000,30,OPTIDX,BFO,5.000000,900,False
847508,NYKAA26SEP315PE,NYKAA,24SEP2026,31500.000000,3125,OPTSTK,BFO,5.000000,100000000,False
1115364,FOCIT26NOV37500CE,FOCIT,26NOV2026,3750000.000000,45,OPTIDX,BFO,5.000000,1350,False
1115397,SENSEX26O1577100PE,SENSEX,15OCT2026,7710000.000000,20,OPTIDX,BFO,5.000000,1000,False
1115403,SENSEX26O1579400PE,SENSEX,15OCT2026,7940000.000000,20,OPTIDX,BFO,5.000000,1000,False
1115420,KPITTECH26NOV540CE,KPITTECH,26NOV2026,54000.000000,775,OPTSTK,BFO,5.000000,100000000,False
843804,BEL26SEP415CE,BEL,24SEP2026,41500.000000,1425,OPTSTK,BFO,5.000000,228000,False
843808,FOCIT26SEP37500PE,FOCIT,24SEP2026,3750000.000000,45,OPTIDX,BFO,5.000000,1350,False
843812,LICI26SEPFUT,LICI,24SEP2026,0.000000,1400,FUTSTK,BFO,5.000000,100000000,False
843813,OFSS26SEP10700CE,OFSS,24SEP2026,1070000.000000,100,OPTSTK,BFO,5.000000,8000,False
850539,OIL26SEP450PE,OIL,24SEP2026,45000.000000,1400,OPTSTK,BFO,5.000000,100000000,False
850544,SIEMENS26SEP3250PE,SIEMENS,24SEP2026,325000.000000,175,OPTSTK,BFO,5.000000,8250,False
850548,PERSISTENT26SEP4000PE,PERSISTENT,24SEP2026,400000.000000,125,OPTSTK,BFO,5.000000,5250,False
850550,ICICIGI26SEP1640PE,ICICIGI,24SEP2026,164000.000000,325,OPTSTK,BFO,5.000000,20000,False
847536,BAJAJHLDNG26SEP9900PE,BAJAJHLDNG,24SEP2026,990000.000000,75,OPTSTK,BFO,5.000000,100000000,False
847544,SBICARD26SEP590CE,SBICARD,24SEP2026,59000.000000,800,OPTSTK,BFO,5.000000,32000,False
847576,ONGC26SEP245CE,ONGC,24SEP2026,24500.000000,2250,OPTSTK,BFO,5.000000,154000,False
847581,IOC26SEP139PE,IOC,24SEP2026,13900.000000,4875,OPTSTK,BFO,5.000000,292500,False
850552,IOC26SEP132PE,IOC,24SEP2026,13200.000000,4875,OPTSTK,BFO,5.000000,292500,False
850566,HINDALCO26SEP1030PE,HINDALCO,24SEP2026,103000.000000,700,OPTSTK,BFO,5.000000,56000,False
850579,SUPREMEIND26SEP3000PE,SUPREMEIND,24SEP2026,300000.000000,175,OPTSTK,BFO,5.000000,100000000,False
850610,PHOENIXLTD26SEP2060PE,PHOENIXLTD,24SEP2026,206000.000000,350,OPTSTK,BFO,5.000000,100000000,False
1115425,DABUR26NOV415CE,DABUR,26NOV2026,41500.000000,1250,OPTSTK,BFO,5.000000,50000,False
1115443,CROMPTON26NOV270CE,CROMPTON,26NOV2026,27000.000000,2150,OPTSTK,BFO,5.000000,90000,False
1115461,JSWSTEEL26NOV1460CE,JSWSTEEL,26NOV2026,146000.000000,675,OPTSTK,BFO,5.000000,40500,False
1115466,SENSEX26O1573400PE,SENSEX,15OCT2026,7340000.000000,20,OPTIDX,BFO,5.000000,1000,False
843827,AUBANK26SEP1060PE,AUBANK,24SEP2026,106000.000000,1000,OPTSTK,BFO,5.000000,30000,False
843836,BANKEX26SEP62900CE,BANKEX,24SEP2026,6290000.000000,30,OPTIDX,BFO,5.000000,900,False
843838,KALYANKJIL26SEP355PE,KALYANKJIL,24SEP2026,35500.000000,1350,OPTSTK,BFO,5.000000,100000000,False
843842,POLYCAB26SEP10100CE,POLYCAB,24SEP2026,1010000.000000,125,OPTSTK,BFO,5.000000,9000,False
850651,MOTHERSON26SEP162.5CE,MOTHERSON,24SEP2026,16250.000000,6150,OPTSTK,BFO,5.000000,284000,False
850696,FEDERALBNK26SEP300PE,FEDERALBNK,24SEP2026,30000.000000,2500,OPTSTK,BFO,5.000000,200000,False
850708,ADANIENT26SEP2800PE,ADANIENT,24SEP2026,280000.000000,309,OPTSTK,BFO,5.000000,9000,False
850736,GODFRYPHLP26SEP2500CE,GODFRYPHLP,24SEP2026,250000.000000,275,OPTSTK,BFO,5.000000,100000000,False
843846,GODFRYPHLP26SEP2240CE,GODFRYPHLP,24SEP2026,224000.000000,275,OPTSTK,BFO,5.000000,100000000,False
843851,BANKEX26SEP72000CE,BANKEX,24SEP2026,7200000.000000,30,OPTIDX,BFO,5.000000,900,False
843852,DLF26SEP635CE,DLF,24SEP2026,63500.000000,950,OPTSTK,BFO,5.000000,49500,False
843866,VBL26SEP490PE,VBL,24SEP2026,49000.000000,1275,OPTSTK,BFO,5.000000,100000000,False
847592,SOLARINDS26SEP15750CE,SOLARINDS,24SEP2026,1575000.000000,50,OPTSTK,BFO,5.000000,100000000,False
847593,SOLARINDS26SEP18000CE,SOLARINDS,24SEP2026,1800000.000000,50,OPTSTK,BFO,5.000000,100000000,False
847594,ASHOKLEY26SEP177.5PE,ASHOKLEY,24SEP2026,17750.000000,5000,OPTSTK,BFO,5.000000,150000,False
847607,TATASTEEL26SEP185CE,TATASTEEL,24SEP2026,18500.000000,2750,OPTSTK,BFO,5.000000,220000,False
1115470,HDFCAMC26NOV2650CE,HDFCAMC,26NOV2026,265000.000000,300,OPTSTK,BFO,5.000000,12000,False
1115490,HDFCAMC26NOVFUT,HDFCAMC,26NOV2026,0.000000,300,FUTSTK,BFO,5.000000,12000,False
1115492,ALKEM26NOV4950PE,ALKEM,26NOV2026,495000.000000,125,OPTSTK,BFO,5.000000,8000,False
1115506,CUMMINSIND26NOV5300PE,CUMMINSIND,26NOV2026,530000.000000,200,OPTSTK,BFO,5.000000,18000,False
850745,MOTHERSON26SEP135CE,MOTHERSON,24SEP2026,13500.000000,6150,OPTSTK,BFO,5.000000,284000,False
850757,MAZDOCK26SEP2850CE,MAZDOCK,24SEP2026,285000.000000,225,OPTSTK,BFO,5.000000,100000000,False
850761,DIXON26SEP13250PE,DIXON,24SEP2026,1325000.000000,50,OPTSTK,BFO,5.000000,6000,False
850764,INFY26SEP960CE,INFY,24SEP2026,96000.000000,400,OPTSTK,BFO,5.000000,16000,False
850827,LAURUSLABS26SEP1600CE,LAURUSLABS,24SEP2026,160000.000000,850,OPTSTK,BFO,5.000000,68000,False
843883,ASTRAL26SEP1380CE,ASTRAL,24SEP2026,138000.000000,425,OPTSTK,BFO,5.000000,14680,False
843885,WAAREEENER26SEP2800CE,WAAREEENER,24SEP2026,280000.000000,175,OPTSTK,BFO,5.000000,100000000,False
843897,PHOENIXLTD26SEP1760CE,PHOENIXLTD,24SEP2026,176000.000000,350,OPTSTK,BFO,5.000000,100000000,False
843905,HDFCLIFE26SEP565CE,HDFCLIFE,24SEP2026,56500.000000,1100,OPTSTK,BFO,5.000000,44000,False
847613,FEDERALBNK26SEP310PE,FEDERALBNK,24SEP2026,31000.000000,2500,OPTSTK,BFO,5.000000,200000,False
847633,COFORGE26SEP1620CE,COFORGE,24SEP2026,162000.000000,475,OPTSTK,BFO,5.000000,6000,False
847634,BHEL26SEP417.5CE,BHEL,24SEP2026,41750.000000,2625,OPTSTK,BFO,5.000000,315000,False
847635,360ONE26SEP1080PE,,24SEP2026,108000.000000,500,OPTSTK,BFO,5.000000,100000000,False
850775,HINDALCO26SEP840CE,HINDALCO,24SEP2026,84000.000000,700,OPTSTK,BFO,5.000000,56000,False
850776,FEDERALBNK26SEP305PE,FEDERALBNK,24SEP2026,30500.000000,2500,OPTSTK,BFO,5.000000,200000,False
850821,INFY26SEP1140PE,INFY,24SEP2026,114000.000000,400,OPTSTK,BFO,5.000000,16000,False
1115508,BAJAJ-AUTO26NOV11000PE,BAJAJ-AUTO,26NOV2026,1100000.000000,75,OPTSTK,BFO,5.000000,5000,False
1115513,KEI26NOV6200CE,KEI,26NOV2026,620000.000000,175,OPTSTK,BFO,5.000000,100000000,False
1115531,UNOMINDA26NOV1380CE,UNOMINDA,26NOV2026,138000.000000,550,OPTSTK,BFO,5.000000,100000000,False
1115539,TORNTPHARM26NOV5100PE,TORNTPHARM,26NOV2026,510000.000000,125,OPTSTK,BFO,5.000000,15000,False
850881,MAZDOCK26SEP2250PE,MAZDOCK,24SEP2026,225000.000000,225,OPTSTK,BFO,5.000000,100000000,False
850922,SRF26SEP2850CE,SRF,24SEP2026,285000.000000,200,OPTSTK,BFO,5.000000,11250,False
850925,GODFRYPHLP26SEP2550PE,GODFRYPHLP,24SEP2026,255000.000000,275,OPTSTK,BFO,5.000000,100000000,False
850986,LTM26SEP3250PE,LTM,24SEP2026,325000.000000,150,OPTSTK,BFO,5.000000,4500,False
843920,TATAPOWER26SEP380CE,TATAPOWER,24SEP2026,38000.000000,1450,OPTSTK,BFO,5.000000,101250,False
843940,LICHSGFIN26SEP540CE,LICHSGFIN,24SEP2026,54000.000000,1000,OPTSTK,BFO,5.000000,60000,False
843947,PIIND26SEP2560PE,PIIND,24SEP2026,256000.000000,175,OPTSTK,BFO,5.000000,7500,False
843960,UNOMINDA26SEP1200CE,UNOMINDA,24SEP2026,120000.000000,550,OPTSTK,BFO,5.000000,100000000,False
847657,GODREJCP26SEP1100PE,GODREJCP,24SEP2026,110000.000000,500,OPTSTK,BFO,5.000000,30000,False
847659,GODREJCP26SEP960CE,GODREJCP,24SEP2026,96000.000000,500,OPTSTK,BFO,5.000000,30000,False
847691,NYKAA26SEP285CE,NYKAA,24SEP2026,28500.000000,3125,OPTSTK,BFO,5.000000,100000000,False
847699,COFORGE26SEP1380PE,COFORGE,24SEP2026,138000.000000,475,OPTSTK,BFO,5.000000,6000,False
1115544,PNBHOUSING26NOV1220CE,PNBHOUSING,26NOV2026,122000.000000,650,OPTSTK,BFO,5.000000,100000000,False
1115595,KEI26NOV4800CE,KEI,26NOV2026,480000.000000,175,OPTSTK,BFO,5.000000,100000000,False
1115597,BANKEX26OCT57600PE,BANKEX,29OCT2026,5760000.000000,30,OPTIDX,BFO,5.000000,900,False
1115601,SBIN26NOV1060CE,SBIN,26NOV2026,106000.000000,750,OPTSTK,BFO,5.000000,45000,False
843965,INDUSINDBK26SEP910CE,INDUSINDBK,24SEP2026,91000.000000,700,OPTSTK,BFO,5.000000,20000,False
843970,AMBER26SEP7800PE,AMBER,24SEP2026,780000.000000,100,OPTSTK,BFO,5.000000,100000000,False
844010,BEL26SEP415PE,BEL,24SEP2026,41500.000000,1425,OPTSTK,BFO,5.000000,228000,False
844042,M&M26SEP3320PE,M&M,24SEP2026,332000.000000,200,OPTSTK,BFO,5.000000,21000,False
851100,INOXWIND26SEP102.5PE,INOXWIND,24SEP2026,10250.000000,6400,OPTSTK,BFO,5.000000,100000000,False
851128,HINDALCO26SEP1040CE,HINDALCO,24SEP2026,104000.000000,700,OPTSTK,BFO,5.000000,56000,False
851178,GAIL26SEP160CE,GAIL,24SEP2026,16000.000000,3550,OPTSTK,BFO,5.000000,274500,False
851185,INOXWIND26SEP107.5PE,INOXWIND,24SEP2026,10750.000000,6400,OPTSTK,BFO,5.000000,100000000,False
1115615,APOLLOHOSP26NOV8300PE,APOLLOHOSP,26NOV2026,830000.000000,125,OPTSTK,BFO,5.000000,5000,False
1115616,SENSEX26O1572700CE,SENSEX,15OCT2026,7270000.000000,20,OPTIDX,BFO,5.000000,1000,False
1115651,IDFCFIRSTB26NOV79CE,IDFCFIRSTB,26NOV2026,7900.000000,9275,OPTSTK,BFO,5.000000,450000,False
1115655,CHOLAFIN26NOV2000CE,CHOLAFIN,26NOV2026,200000.000000,625,OPTSTK,BFO,5.000000,25000,False
847700,SBIN26SEPFUT,SBIN,24SEP2026,0.000000,750,FUTSTK,BFO,5.000000,45000,False
847707,BHARTIARTL26SEP1980PE,BHARTIARTL,24SEP2026,198000.000000,475,OPTSTK,BFO,5.000000,28500,False
847708,JUBLFOOD26SEP455PE,JUBLFOOD,24SEP2026,45500.000000,1250,OPTSTK,BFO,5.000000,50000,False
847714,HINDZINC26SEP590CE,HINDZINC,24SEP2026,59000.000000,1225,OPTSTK,BFO,5.000000,100000000,False
851214,DIVISLAB26SEP5900PE,DIVISLAB,24SEP2026,590000.000000,100,OPTSTK,BFO,5.000000,8000,False
851259,MOTILALOFS26SEP1080CE,MOTILALOFS,24SEP2026,108000.000000,775,OPTSTK,BFO,5.000000,100000000,False
851274,JINDALSTEL26SEP940PE,JINDALSTEL,24SEP2026,94000.000000,625,OPTSTK,BFO,5.000000,37500,False
851300,IREDA26SEP112.5PE,IREDA,24SEP2026,11250.000000,4525,OPTSTK,BFO,5.000000,100000000,False
844055,APLAPOLLO26SEP1800PE,APLAPOLLO,24SEP2026,180000.000000,350,OPTSTK,BFO,5.000000,100000000,False
844072,PIIND26SEP2620CE,PIIND,24SEP2026,262000.000000,175,OPTSTK,BFO,5.000000,7500,False
844075,VBL26SEP495PE,VBL,24SEP2026,49500.000000,1275,OPTSTK,BFO,5.000000,100000000,False
844081,ABB26SEP6900CE,ABB,24SEP2026,690000.000000,125,OPTSTK,BFO,5.000000,7500,False
847722,FORCEMOT26SEP18500PE,FORCEMOT,24SEP2026,1850000.000000,25,OPTSTK,BFO,5.000000,100000000,False
847723,DMART26SEP4300CE,DMART,24SEP2026,430000.000000,150,OPTSTK,BFO,5.000000,100000000,False
847737,MOTHERSON26SEP145CE,MOTHERSON,24SEP2026,14500.000000,6150,OPTSTK,BFO,5.000000,284000,False
847739,HCLTECH26SEP1110CE,HCLTECH,24SEP2026,111000.000000,400,OPTSTK,BFO,5.000000,21000,False
1115660,KALYANKJIL26NOV620CE,KALYANKJIL,26NOV2026,62000.000000,1350,OPTSTK,BFO,5.000000,100000000,False
1115662,HEROMOTOCO26NOV5600PE,HEROMOTOCO,26NOV2026,560000.000000,150,OPTSTK,BFO,5.000000,9000,False
1115671,CIPLA26NOV1430PE,CIPLA,26NOV2026,143000.000000,425,OPTSTK,BFO,5.000000,26000,False
1115673,GLENMARK26NOV2320CE,GLENMARK,26NOV2026,232000.000000,375,OPTSTK,BFO,5.000000,43500,False
851358,LT26SEP3950PE,LT,24SEP2026,395000.000000,175,OPTSTK,BFO,5.000000,12000,False
851372,ETERNAL26SEP295CE,ETERNAL,24SEP2026,29500.000000,2425,OPTSTK,BFO,5.000000,100000000,False
851387,JINDALSTEL26SEP980CE,JINDALSTEL,24SEP2026,98000.000000,625,OPTSTK,BFO,5.000000,37500,False
851388,SRF26SEP2900PE,SRF,24SEP2026,290000.000000,200,OPTSTK,BFO,5.000000,11250,False
844082,ADANIENT26SEP2920PE,ADANIENT,24SEP2026,292000.000000,309,OPTSTK,BFO,5.000000,9000,False
844094,BAJFINANCE26SEP970CE,BAJFINANCE,24SEP2026,97000.000000,750,OPTSTK,BFO,5.000000,3750,False
844125,HINDALCO26SEP900PE,HINDALCO,24SEP2026,90000.000000,700,OPTSTK,BFO,5.000000,56000,False
844130,TATAPOWER26SEP385CE,TATAPOWER,24SEP2026,38500.000000,1450,OPTSTK,BFO,5.000000,101250,False
851413,SONACOMS26SEP550PE,SONACOMS,24SEP2026,55000.000000,1225,OPTSTK,BFO,5.000000,100000000,False
851432,CUMMINSIND26SEP6100PE,CUMMINSIND,24SEP2026,610000.000000,200,OPTSTK,BFO,5.000000,18000,False
851445,CANBK26SEP142.5PE,CANBK,24SEP2026,14250.000000,6750,OPTSTK,BFO,5.000000,81000,False
851449,JSWENERGY26SEP530CE,JSWENERGY,24SEP2026,53000.000000,1075,OPTSTK,BFO,5.000000,100000000,False
1115676,PERSISTENT26NOV5400PE,PERSISTENT,26NOV2026,540000.000000,125,OPTSTK,BFO,5.000000,5250,False
1115681,PGEL26NOV650PE,PGEL,26NOV2026,65000.000000,950,OPTSTK,BFO,5.000000,100000000,False
1115702,ASIANPAINT26NOV2660CE,ASIANPAINT,26NOV2026,266000.000000,250,OPTSTK,BFO,5.000000,8000,False
847742,SHRIRAMFIN26SEP1020PE,SHRIRAMFIN,24SEP2026,102000.000000,825,OPTSTK,BFO,5.000000,18000,False
847743,JIOFIN26SEP245PE,JIOFIN,24SEP2026,24500.000000,2350,OPTSTK,BFO,5.000000,100000000,False
847746,BAJFINANCE26SEP950PE,BAJFINANCE,24SEP2026,95000.000000,750,OPTSTK,BFO,5.000000,3750,False
847767,FOCIT26SEP30000PE,FOCIT,24SEP2026,3000000.000000,45,OPTIDX,BFO,5.000000,1350,False
1115700,POWERGRID26NOV267.5PE,POWERGRID,26NOV2026,26750.000000,1900,OPTSTK,BFO,5.000000,108000,False
844133,MOTILALOFS26SEP930CE,MOTILALOFS,24SEP2026,93000.000000,775,OPTSTK,BFO,5.000000,100000000,False
844136,IDEA26SEP15PE,IDEA,24SEP2026,1500.000000,71475,OPTSTK,BFO,5.000000,2400000,False
844139,SENSEX30JUN77000CE,SENSEX,27JUN2030,7700000.000000,20,OPTIDX,BFO,5.000000,1000,False
844157,FEDERALBNK26SEP335CE,FEDERALBNK,24SEP2026,33500.000000,2500,OPTSTK,BFO,5.000000,200000,False
844159,SOLARINDS26SEP18500PE,SOLARINDS,24SEP2026,1850000.000000,50,OPTSTK,BFO,5.000000,100000000,False
844168,NBCC26SEP112PE,NBCC,24SEP2026,11200.000000,6500,OPTSTK,BFO,5.000000,100000000,False
844185,OFSS26SEP11600PE,OFSS,24SEP2026,1160000.000000,100,OPTSTK,BFO,5.000000,8000,False
844197,GODREJCP26SEP980CE,GODREJCP,24SEP2026,98000.000000,500,OPTSTK,BFO,5.000000,30000,False
847770,TORNTPHARM26SEP4350CE,TORNTPHARM,24SEP2026,435000.000000,125,OPTSTK,BFO,5.000000,15000,False
847773,WIPRO26SEPFUT,WIPRO,24SEP2026,0.000000,3000,FUTSTK,BFO,5.000000,60000,False
847786,GODREJCP26SEP1000CE,GODREJCP,24SEP2026,100000.000000,500,OPTSTK,BFO,5.000000,30000,False
847789,KALYANKJIL26SEP375PE,KALYANKJIL,24SEP2026,37500.000000,1350,OPTSTK,BFO,5.000000,100000000,False
851483,NYKAA26SEP330PE,NYKAA,24SEP2026,33000.000000,3125,OPTSTK,BFO,5.000000,100000000,False
851502,LTM26SEP3200PE,LTM,24SEP2026,320000.000000,150,OPTSTK,BFO,5.000000,4500,False
851524,PREMIERENE26SEP1200CE,PREMIERENE,24SEP2026,120000.000000,650,OPTSTK,BFO,5.000000,100000000,False
851603,CROMPTON26SEP295PE,CROMPTON,24SEP2026,29500.000000,2150,OPTSTK,BFO,5.000000,90000,False
1115708,GMRAIRPORT26NOV92PE,GMRAIRPORT,26NOV2026,9200.000000,6975,OPTSTK,BFO,5.000000,675000,False
1115722,IOC26NOV130CE,IOC,26NOV2026,13000.000000,4875,OPTSTK,BFO,5.000000,292500,False
1115727,NHPC26NOV70PE,NHPC,26NOV2026,7000.000000,6950,OPTSTK,BFO,5.000000,100000000,False
1115728,NESTLEIND26NOV1410PE,NESTLEIND,26NOV2026,141000.000000,500,OPTSTK,BFO,5.000000,1200,False
851653,LICHSGFIN26SEP610PE,LICHSGFIN,24SEP2026,61000.000000,1000,OPTSTK,BFO,5.000000,60000,False
851671,AUBANK26SEP1180CE,AUBANK,24SEP2026,118000.000000,1000,OPTSTK,BFO,5.000000,30000,False
851710,AXISBANK26SEP1200PE,AXISBANK,24SEP2026,120000.000000,625,OPTSTK,BFO,5.000000,25000,False
851745,MOTHERSON26SEP140PE,MOTHERSON,24SEP2026,14000.000000,6150,OPTSTK,BFO,5.000000,284000,False
844203,PFC26SEPFUT,PFC,24SEP2026,0.000000,1300,FUTSTK,BFO,5.000000,124000,False
844211,OIL26SEP425CE,OIL,24SEP2026,42500.000000,1400,OPTSTK,BFO,5.000000,100000000,False
844224,BANKEX26SEP68200CE,BANKEX,24SEP2026,6820000.000000,30,OPTIDX,BFO,5.000000,900,False
844238,TIINDIA26SEP3100PE,TIINDIA,24SEP2026,310000.000000,200,OPTSTK,BFO,5.000000,100000000,False
847798,GODFRYPHLP26SEP2260CE,GODFRYPHLP,24SEP2026,226000.000000,275,OPTSTK,BFO,5.000000,100000000,False
847801,AUROPHARMA26SEP1600PE,AUROPHARMA,24SEP2026,160000.000000,550,OPTSTK,BFO,5.000000,44000,False
847847,ZYDUSLIFE26SEP1070PE,ZYDUSLIFE,24SEP2026,107000.000000,900,OPTSTK,BFO,5.000000,54000,False
847872,AMBUJACEM26SEP405PE,AMBUJACEM,24SEP2026,40500.000000,1200,OPTSTK,BFO,5.000000,54000,False
1115729,NAM-INDIA26NOV1300CE,NAM-INDIA,26NOV2026,130000.000000,625,OPTSTK,BFO,5.000000,100000000,False
1115734,BANKEX26NOV60900CE,BANKEX,26NOV2026,6090000.000000,30,OPTIDX,BFO,5.000000,900,False
1115748,BPCL26NOV315CE,BPCL,26NOV2026,31500.000000,1975,OPTSTK,BFO,5.000000,72000,False
1115751,TCS26NOV2300CE,TCS,26NOV2026,230000.000000,225,OPTSTK,BFO,5.000000,7000,False
851762,MOTILALOFS26SEP1040PE,MOTILALOFS,24SEP2026,104000.000000,775,OPTSTK,BFO,5.000000,100000000,False
851768,JSWENERGY26SEP640PE,JSWENERGY,24SEP2026,64000.000000,1075,OPTSTK,BFO,5.000000,100000000,False
851808,PIDILITIND26SEP1720CE,PIDILITIND,24SEP2026,172000.000000,500,OPTSTK,BFO,5.000000,10000,False
851819,ADANIENT26SEP2950CE,ADANIENT,24SEP2026,295000.000000,309,OPTSTK,BFO,5.000000,9000,False
844244,HINDALCO26SEP960CE,HINDALCO,24SEP2026,96000.000000,700,OPTSTK,BFO,5.000000,56000,False
844262,BANKEX26SEP62200CE,BANKEX,24SEP2026,6220000.000000,30,OPTIDX,BFO,5.000000,900,False
844272,SENSEX30JUN81000PE,SENSEX,27JUN2030,8100000.000000,20,OPTIDX,BFO,5.000000,1000,False
844286,POWERINDIA26SEP37000PE,POWERINDIA,24SEP2026,3700000.000000,25,OPTSTK,BFO,5.000000,100000000,False
847890,ALKEM26SEP5400CE,ALKEM,24SEP2026,540000.000000,125,OPTSTK,BFO,5.000000,8000,False
847896,BDL26SEP1420CE,BDL,24SEP2026,142000.000000,425,OPTSTK,BFO,5.000000,100000000,False
847905,BOSCHLTD26SEP40000PE,BOSCHLTD,24SEP2026,4000000.000000,25,OPTSTK,BFO,5.000000,1500,False
847907,OBEROIRLTY26SEP1620PE,OBEROIRLTY,24SEP2026,162000.000000,350,OPTSTK,BFO,5.000000,28000,False
1115767,COLPAL26NOV1760PE,COLPAL,26NOV2026,176000.000000,275,OPTSTK,BFO,5.000000,14000,False
1115768,NESTLEIND26NOV1400CE,NESTLEIND,26NOV2026,140000.000000,500,OPTSTK,BFO,5.000000,1200,False
1115789,DIXON26NOVFUT,DIXON,26NOV2026,0.000000,50,FUTSTK,BFO,5.000000,6000,False
1115818,WAAREEENER26NOV2700PE,WAAREEENER,26NOV2026,270000.000000,175,OPTSTK,BFO,5.000000,100000000,False
851852,HAVELLS26SEP1060CE,HAVELLS,24SEP2026,106000.000000,500,OPTSTK,BFO,5.000000,20000,False
851860,BHEL26SEP445CE,BHEL,24SEP2026,44500.000000,2625,OPTSTK,BFO,5.000000,315000,False
851873,LODHA26SEP840CE,LODHA,24SEP2026,84000.000000,625,OPTSTK,BFO,5.000000,100000000,False
851875,PAGEIND26SEP43500CE,PAGEIND,24SEP2026,4350000.000000,20,OPTSTK,BFO,5.000000,600,False
844296,OFSS26SEP10900CE,OFSS,24SEP2026,1090000.000000,100,OPTSTK,BFO,5.000000,8000,False
844299,IRFC26SEP86CE,IRFC,24SEP2026,8600.000000,5425,OPTSTK,BFO,5.000000,100000000,False
844301,DIXON26SEP11300PE,DIXON,24SEP2026,1130000.000000,50,OPTSTK,BFO,5.000000,6000,False
844305,NHPC26SEP79CE,NHPC,24SEP2026,7900.000000,6950,OPTSTK,BFO,5.000000,100000000,False
847915,IDFCFIRSTB26SEP73CE,IDFCFIRSTB,24SEP2026,7300.000000,9275,OPTSTK,BFO,5.000000,450000,False
847916,ICICIGI26SEP1780PE,ICICIGI,24SEP2026,178000.000000,325,OPTSTK,BFO,5.000000,20000,False
847921,PETRONET26SEP300CE,PETRONET,24SEP2026,30000.000000,1900,OPTSTK,BFO,5.000000,120000,False
847942,BHARATFORG26SEP2160CE,BHARATFORG,24SEP2026,216000.000000,500,OPTSTK,BFO,5.000000,30000,False
851914,SBICARD26SEP520CE,SBICARD,24SEP2026,52000.000000,800,OPTSTK,BFO,5.000000,32000,False
851915,CANBK26SEP117.5CE,CANBK,24SEP2026,11750.000000,6750,OPTSTK,BFO,5.000000,81000,False
851929,MARICO26SEP780CE,MARICO,24SEP2026,78000.000000,1200,OPTSTK,BFO,5.000000,48000,False
851945,HINDPETRO26SEP330.75CE,HINDPETRO,24SEP2026,33075.000000,2025,OPTSTK,BFO,5.000000,108000,False
1115849,ADANIENSOL26NOV1520PE,ADANIENSOL,26NOV2026,152000.000000,675,OPTSTK,BFO,5.000000,100000000,False
1115856,TECHM26NOV1560PE,TECHM,26NOV2026,156000.000000,600,OPTSTK,BFO,5.000000,24000,False
1115902,MANKIND26NOV2300CE,MANKIND,26NOV2026,230000.000000,250,OPTSTK,BFO,5.000000,100000000,False
1115913,SENSEX26NOV74000CE,SENSEX,26NOV2026,7400000.000000,20,OPTIDX,BFO,5.000000,1000,False
844306,SUPREMEIND26SEP3350PE,SUPREMEIND,24SEP2026,335000.000000,175,OPTSTK,BFO,5.000000,100000000,False
844321,BANKEX26SEP60800CE,BANKEX,24SEP2026,6080000.000000,30,OPTIDX,BFO,5.000000,900,False
844322,HDFCAMC26SEP2600CE,HDFCAMC,24SEP2026,260000.000000,300,OPTSTK,BFO,5.000000,12000,False
844324,SHRIRAMFIN26SEP1030CE,SHRIRAMFIN,24SEP2026,103000.000000,825,OPTSTK,BFO,5.000000,18000,False
851957,ADANIGREEN26SEP1420CE,ADANIGREEN,24SEP2026,142000.000000,600,OPTSTK,BFO,5.000000,100000000,False
851965,AUROPHARMA26SEP1720CE,AUROPHARMA,24SEP2026,172000.000000,550,OPTSTK,BFO,5.000000,44000,False
851970,MOTILALOFS26SEP1080PE,MOTILALOFS,24SEP2026,108000.000000,775,OPTSTK,BFO,5.000000,100000000,False
851977,NAUKRI26SEP1080PE,NAUKRI,24SEP2026,108000.000000,550,OPTSTK,BFO,5.000000,6000,False
847944,MFSL26SEP1760PE,MFSL,24SEP2026,176000.000000,400,OPTSTK,BFO,5.000000,32000,False
848000,NYKAA26SEP297.5PE,NYKAA,24SEP2026,29750.000000,3125,OPTSTK,BFO,5.000000,100000000,False
1115945,INDHOTEL26NOV660PE,INDHOTEL,26NOV2026,66000.000000,1000,OPTSTK,BFO,5.000000,60000,False
1115989,SENSEX26NOV72600CE,SENSEX,26NOV2026,7260000.000000,20,OPTIDX,BFO,5.000000,1000,False
1116014,BEL26NOV430CE,BEL,26NOV2026,43000.000000,1425,OPTSTK,BFO,5.000000,228000,False
1116021,ATHERENERG26NOV1440PE,ATHERENERG,26NOV2026,144000.000000,375,OPTSTK,BFO,5.000000,100000000,False
844338,KALYANKJIL26SEP395PE,KALYANKJIL,24SEP2026,39500.000000,1350,OPTSTK,BFO,5.000000,100000000,False
844352,WAAREEENER26SEP2850PE,WAAREEENER,24SEP2026,285000.000000,175,OPTSTK,BFO,5.000000,100000000,False
844356,NAUKRI26SEP970PE,NAUKRI,24SEP2026,97000.000000,550,OPTSTK,BFO,5.000000,6000,False
844362,MARUTI26SEP14000PE,MARUTI,24SEP2026,1400000.000000,50,OPTSTK,BFO,5.000000,3000,False
847969,PAGEIND26SEP40500PE,PAGEIND,24SEP2026,4050000.000000,20,OPTSTK,BFO,5.000000,600,False
847987,MAXHEALTH26SEP1100PE,MAXHEALTH,24SEP2026,110000.000000,525,OPTSTK,BFO,5.000000,100000000,False
851979,KEI26SEP4700CE,KEI,24SEP2026,470000.000000,175,OPTSTK,BFO,5.000000,100000000,False
851982,TVSMOTOR26SEP3750CE,TVSMOTOR,24SEP2026,375000.000000,175,OPTSTK,BFO,5.000000,21000,False
852038,HAL26SEP4750PE,HAL,24SEP2026,475000.000000,150,OPTSTK,BFO,5.000000,9000,False
852086,PHOENIXLTD26SEP2080CE,PHOENIXLTD,24SEP2026,208000.000000,350,OPTSTK,BFO,5.000000,100000000,False
1116036,HDFCBANK26NOV730CE,HDFCBANK,26NOV2026,73000.000000,650,OPTSTK,BFO,5.000000,16500,False
1116058,OBEROIRLTY26NOV2020PE,OBEROIRLTY,26NOV2026,202000.000000,350,OPTSTK,BFO,5.000000,28000,False
1116061,TVSMOTOR26NOV4100PE,TVSMOTOR,26NOV2026,410000.000000,175,OPTSTK,BFO,5.000000,21000,False
1116076,MFSL26NOV1460CE,MFSL,26NOV2026,146000.000000,400,OPTSTK,BFO,5.000000,32000,False
844370,SENSEX5026SEP24550CE,SENSEX50,24SEP2026,2455000.000000,75,OPTIDX,BFO,5.000000,1800,False
844375,BAJAJ-AUTO26SEP9800PE,BAJAJ-AUTO,24SEP2026,980000.000000,75,OPTSTK,BFO,5.000000,5000,False
844384,PHOENIXLTD26SEP1960CE,PHOENIXLTD,24SEP2026,196000.000000,350,OPTSTK,BFO,5.000000,100000000,False
844393,INDIGO26SEP5750PE,INDIGO,24SEP2026,575000.000000,150,OPTSTK,BFO,5.000000,12000,False
848013,TRENT26SEP3500PE,TRENT,24SEP2026,350000.000000,225,OPTSTK,BFO,5.000000,16000,False
848016,HAVELLS26SEP1140PE,HAVELLS,24SEP2026,114000.000000,500,OPTSTK,BFO,5.000000,20000,False
848022,ICICIBANK26SEP1330CE,ICICIBANK,24SEP2026,133000.000000,700,OPTSTK,BFO,5.000000,28000,False
848029,IEX26SEP130CE,IEX,24SEP2026,13000.000000,4350,OPTSTK,BFO,5.000000,150000,False
852092,ETERNAL26SEP285CE,ETERNAL,24SEP2026,28500.000000,2425,OPTSTK,BFO,5.000000,100000000,False
852093,INDUSTOWER26SEP341PE,INDUSTOWER,24SEP2026,34100.000000,1700,OPTSTK,BFO,5.000000,170000,False
852109,CROMPTON26SEP245PE,CROMPTON,24SEP2026,24500.000000,2150,OPTSTK,BFO,5.000000,90000,False
852115,BOSCHLTD26SEP36500CE,BOSCHLTD,24SEP2026,3650000.000000,25,OPTSTK,BFO,5.000000,1500,False
1116081,POLYCAB26NOV9100PE,POLYCAB,26NOV2026,910000.000000,125,OPTSTK,BFO,5.000000,9000,False
1116088,INOXWIND26NOV82.5PE,INOXWIND,26NOV2026,8250.000000,6400,OPTSTK,BFO,5.000000,100000000,False
1116092,NBCC26NOV97.5CE,NBCC,26NOV2026,9750.000000,6500,OPTSTK,BFO,5.000000,100000000,False
1116122,SENSEX26O1571300PE,SENSEX,15OCT2026,7130000.000000,20,OPTIDX,BFO,5.000000,1000,False
844398,GLENMARK26SEPFUT,GLENMARK,24SEP2026,0.000000,375,FUTSTK,BFO,5.000000,43500,False
844403,NTPC26SEP352.5CE,NTPC,24SEP2026,35250.000000,1500,OPTSTK,BFO,5.000000,150000,False
844428,JSWENERGY26SEP575CE,JSWENERGY,24SEP2026,57500.000000,1075,OPTSTK,BFO,5.000000,100000000,False
844431,WIPRO26SEP172.5CE,WIPRO,24SEP2026,17250.000000,3000,OPTSTK,BFO,5.000000,60000,False
848033,BANKEX26SEP71700PE,BANKEX,24SEP2026,7170000.000000,30,OPTIDX,BFO,5.000000,900,False
848061,JSWENERGY26SEP555PE,JSWENERGY,24SEP2026,55500.000000,1075,OPTSTK,BFO,5.000000,100000000,False
848063,PAYTM26SEP1060PE,PAYTM,24SEP2026,106000.000000,725,OPTSTK,BFO,5.000000,100000000,False
848080,GODREJPROP26SEP1960PE,GODREJPROP,24SEP2026,196000.000000,325,OPTSTK,BFO,5.000000,19000,False
852124,APOLLOHOSP26SEP9100CE,APOLLOHOSP,24SEP2026,910000.000000,125,OPTSTK,BFO,5.000000,5000,False
852132,KOTAKBANK26SEP375CE,KOTAKBANK,24SEP2026,37500.000000,2000,OPTSTK,BFO,5.000000,12000,False
852145,VEDL26SEP295PE,VEDL,24SEP2026,29500.000000,1150,OPTSTK,BFO,5.000000,80000,False
852151,HCLTECH26SEP1010CE,HCLTECH,24SEP2026,101000.000000,400,OPTSTK,BFO,5.000000,21000,False
844457,BAJAJFINSV26SEP1860PE,BAJAJFINSV,24SEP2026,186000.000000,300,OPTSTK,BFO,5.000000,20000,False
844465,MOTHERSON26SEP153CE,MOTHERSON,24SEP2026,15300.000000,6150,OPTSTK,BFO,5.000000,284000,False
844467,OBEROIRLTY26SEP1640PE,OBEROIRLTY,24SEP2026,164000.000000,350,OPTSTK,BFO,5.000000,28000,False
844471,CGPOWER26SEP930PE,CGPOWER,24SEP2026,93000.000000,850,OPTSTK,BFO,5.000000,100000000,False
848086,TATAELXSI26SEP4400CE,TATAELXSI,24SEP2026,440000.000000,125,OPTSTK,BFO,5.000000,100000000,False
848091,CANBK26SEP136CE,CANBK,24SEP2026,13600.000000,6750,OPTSTK,BFO,5.000000,81000,False
848115,TRENT26SEP3250PE,TRENT,24SEP2026,325000.000000,225,OPTSTK,BFO,5.000000,16000,False
848131,TIINDIA26SEP3200CE,TIINDIA,24SEP2026,320000.000000,200,OPTSTK,BFO,5.000000,100000000,False
852200,KOTAKBANK26SEP375PE,KOTAKBANK,24SEP2026,37500.000000,2000,OPTSTK,BFO,5.000000,12000,False
852221,JSWSTEEL26SEP1120PE,JSWSTEEL,24SEP2026,112000.000000,675,OPTSTK,BFO,5.000000,40500,False
852222,HINDPETRO26SEP440.75PE,HINDPETRO,24SEP2026,44075.000000,2025,OPTSTK,BFO,5.000000,108000,False
852238,JSWENERGY26SEP520PE,JSWENERGY,24SEP2026,52000.000000,1075,OPTSTK,BFO,5.000000,100000000,False
1116175,BANKEX26NOV57300PE,BANKEX,26NOV2026,5730000.000000,30,OPTIDX,BFO,5.000000,900,False
1116178,FOCIT26NOV41700CE,FOCIT,26NOV2026,4170000.000000,45,OPTIDX,BFO,5.000000,1350,False
1116192,APLAPOLLO26NOV2060PE,APLAPOLLO,26NOV2026,206000.000000,350,OPTSTK,BFO,5.000000,100000000,False
1116195,SENSEX26O1576600CE,SENSEX,15OCT2026,7660000.000000,20,OPTIDX,BFO,5.000000,1000,False
852256,PIIND26SEP2550PE,PIIND,24SEP2026,255000.000000,175,OPTSTK,BFO,5.000000,7500,False
852260,INFY26SEP1120PE,INFY,24SEP2026,112000.000000,400,OPTSTK,BFO,5.000000,16000,False
852306,HDFCAMC26SEP2950CE,HDFCAMC,24SEP2026,295000.000000,300,OPTSTK,BFO,5.000000,12000,False
852316,APOLLOHOSP26SEP9300CE,APOLLOHOSP,24SEP2026,930000.000000,125,OPTSTK,BFO,5.000000,5000,False
844482,GVT&D26SEP3800CE,GVT&D,24SEP2026,380000.000000,125,OPTSTK,BFO,5.000000,100000000,False
844488,JINDALSTEL26SEP1060PE,JINDALSTEL,24SEP2026,106000.000000,625,OPTSTK,BFO,5.000000,37500,False
844493,AUROPHARMA26SEP1520CE,AUROPHARMA,24SEP2026,152000.000000,550,OPTSTK,BFO,5.000000,44000,False
844502,NATIONALUM26SEP350CE,NATIONALUM,24SEP2026,35000.000000,1875,OPTSTK,BFO,5.000000,300000,False
848142,SIEMENS26SEP3500CE,SIEMENS,24SEP2026,350000.000000,175,OPTSTK,BFO,5.000000,8250,False
848157,JSWENERGY26SEP590CE,JSWENERGY,24SEP2026,59000.000000,1075,OPTSTK,BFO,5.000000,100000000,False
848167,BANKEX26SEP63000CE,BANKEX,24SEP2026,6300000.000000,30,OPTIDX,BFO,5.000000,900,False
848169,POLICYBZR26SEP1700PE,POLICYBZR,24SEP2026,170000.000000,350,OPTSTK,BFO,5.000000,100000000,False
1116207,BHARTIARTL26NOV1980PE,BHARTIARTL,26NOV2026,198000.000000,475,OPTSTK,BFO,5.000000,28500,False
1116221,SUPREMEIND26NOV3250CE,SUPREMEIND,26NOV2026,325000.000000,175,OPTSTK,BFO,5.000000,100000000,False
1116225,COLPAL26SEP1700CE,COLPAL,24SEP2026,170000.000000,275,OPTSTK,BFO,5.000000,14000,False
1116229,HINDALCO26NOV940CE,HINDALCO,26NOV2026,94000.000000,700,OPTSTK,BFO,5.000000,56000,False
844519,BANKEX26SEP64800PE,BANKEX,24SEP2026,6480000.000000,30,OPTIDX,BFO,5.000000,900,False
844528,MOTILALOFS26SEP910PE,MOTILALOFS,24SEP2026,91000.000000,775,OPTSTK,BFO,5.000000,100000000,False
844536,JINDALSTEL26SEP1050CE,JINDALSTEL,24SEP2026,105000.000000,625,OPTSTK,BFO,5.000000,37500,False
844546,ZYDUSLIFE26SEP1150CE,ZYDUSLIFE,24SEP2026,115000.000000,900,OPTSTK,BFO,5.000000,54000,False
852321,SONACOMS26SEP580PE,SONACOMS,24SEP2026,58000.000000,1225,OPTSTK,BFO,5.000000,100000000,False
852342,NBCC26SEP115CE,NBCC,24SEP2026,11500.000000,6500,OPTSTK,BFO,5.000000,100000000,False
852362,SRF26SEP2750PE,SRF,24SEP2026,275000.000000,200,OPTSTK,BFO,5.000000,11250,False
852405,LUPIN26SEP2560CE,LUPIN,24SEP2026,256000.000000,425,OPTSTK,BFO,5.000000,34000,False
848171,BANKEX26SEP65300CE,BANKEX,24SEP2026,6530000.000000,30,OPTIDX,BFO,5.000000,900,False
848175,COLPAL26SEP2120CE,COLPAL,24SEP2026,212000.000000,275,OPTSTK,BFO,5.000000,14000,False
848188,TIINDIA26SEP3120PE,TIINDIA,24SEP2026,312000.000000,200,OPTSTK,BFO,5.000000,100000000,False
848199,HYUNDAI26SEP2000PE,HYUNDAI,24SEP2026,200000.000000,275,OPTSTK,BFO,5.000000,100000000,False
1116238,DABUR26NOV365CE,DABUR,26NOV2026,36500.000000,1250,OPTSTK,BFO,5.000000,50000,False
1116353,SENSEX26O1580600CE,SENSEX,15OCT2026,8060000.000000,20,OPTIDX,BFO,5.000000,1000,False
1116308,HDFCBANK26NOV730PE,HDFCBANK,26NOV2026,73000.000000,650,OPTSTK,BFO,5.000000,16500,False
1116335,FOCIT26NOV35700PE,FOCIT,26NOV2026,3570000.000000,45,OPTIDX,BFO,5.000000,1350,False
844550,GMRAIRPORT26SEP107CE,GMRAIRPORT,24SEP2026,10700.000000,6975,OPTSTK,BFO,5.000000,675000,False
844554,GRASIM26SEP3140PE,GRASIM,24SEP2026,314000.000000,250,OPTSTK,BFO,5.000000,14250,False
844567,MAXHEALTH26SEP1120PE,MAXHEALTH,24SEP2026,112000.000000,525,OPTSTK,BFO,5.000000,100000000,False
844589,PIDILITIND26SEP1570PE,PIDILITIND,24SEP2026,157000.000000,500,OPTSTK,BFO,5.000000,10000,False
852426,NAUKRI26SEP1120PE,NAUKRI,24SEP2026,112000.000000,550,OPTSTK,BFO,5.000000,6000,False
852429,M&M26SEP2900CE,M&M,24SEP2026,290000.000000,200,OPTSTK,BFO,5.000000,21000,False
852430,DIXON26SEP13500PE,DIXON,24SEP2026,1350000.000000,50,OPTSTK,BFO,5.000000,6000,False
852448,IEX26SEP112.5PE,IEX,24SEP2026,11250.000000,4350,OPTSTK,BFO,5.000000,150000,False
844597,GODREJCP26SEP960PE,GODREJCP,24SEP2026,96000.000000,500,OPTSTK,BFO,5.000000,30000,False
844604,ICICIBANK26SEP1350CE,ICICIBANK,24SEP2026,135000.000000,700,OPTSTK,BFO,5.000000,28000,False
844605,AMBER26SEP7900CE,AMBER,24SEP2026,790000.000000,100,OPTSTK,BFO,5.000000,100000000,False
844613,TRENT26SEP2900PE,TRENT,24SEP2026,290000.000000,225,OPTSTK,BFO,5.000000,16000,False
848203,PERSISTENT26SEP4950PE,PERSISTENT,24SEP2026,495000.000000,125,OPTSTK,BFO,5.000000,5250,False
848209,PGEL26SEP620CE,PGEL,24SEP2026,62000.000000,950,OPTSTK,BFO,5.000000,100000000,False
848214,GODREJPROP26SEP1860CE,GODREJPROP,24SEP2026,186000.000000,325,OPTSTK,BFO,5.000000,19000,False
848218,TITAN26SEP4450PE,TITAN,24SEP2026,445000.000000,175,OPTSTK,BFO,5.000000,11250,False
852458,FEDERALBNK26SEP360CE,FEDERALBNK,24SEP2026,36000.000000,2500,OPTSTK,BFO,5.000000,200000,False
852470,LAURUSLABS26SEP1620CE,LAURUSLABS,24SEP2026,162000.000000,850,OPTSTK,BFO,5.000000,68000,False
852480,EICHERMOT26SEP6500CE,EICHERMOT,24SEP2026,650000.000000,100,OPTSTK,BFO,5.000000,7000,False
852485,HDFCBANK26SEP870CE,HDFCBANK,24SEP2026,87000.000000,650,OPTSTK,BFO,5.000000,16500,False
1116367,SENSEX26NOV75900CE,SENSEX,26NOV2026,7590000.000000,20,OPTIDX,BFO,5.000000,1000,False
1116373,LT26NOV4050PE,LT,26NOV2026,405000.000000,175,OPTSTK,BFO,5.000000,12000,False
1116378,ASTRAL26NOV1560CE,ASTRAL,26NOV2026,156000.000000,425,OPTSTK,BFO,5.000000,14680,False
1116382,TATAELXSI26NOV3400CE,TATAELXSI,26NOV2026,340000.000000,125,OPTSTK,BFO,5.000000,100000000,False
852515,GODREJPROP26SEP2000CE,GODREJPROP,24SEP2026,200000.000000,325,OPTSTK,BFO,5.000000,19000,False
852528,ETERNAL26SEP230CE,ETERNAL,24SEP2026,23000.000000,2425,OPTSTK,BFO,5.000000,100000000,False
844628,BRITANNIA26SEP5100PE,BRITANNIA,24SEP2026,510000.000000,125,OPTSTK,BFO,5.000000,6000,False
844636,MANAPPURAM26SEP305PE,MANAPPURAM,24SEP2026,30500.000000,3000,OPTSTK,BFO,5.000000,180000,False
844647,BIOCON26SEP420CE,BIOCON,24SEP2026,42000.000000,2500,OPTSTK,BFO,5.000000,100000,False
844652,ANGELONE26SEP335CE,ANGELONE,24SEP2026,33500.000000,2500,OPTSTK,BFO,5.000000,100000000,False
852517,NBCC26SEP92.5PE,NBCC,24SEP2026,9250.000000,6500,OPTSTK,BFO,5.000000,100000000,False
852519,PAGEIND26SEP43500PE,PAGEIND,24SEP2026,4350000.000000,20,OPTSTK,BFO,5.000000,600,False
848237,ULTRACEMCO26SEP10960CE,ULTRACEMCO,24SEP2026,1096000.000000,50,OPTSTK,BFO,5.000000,3000,False
848240,FOCIT26SEP32500PE,FOCIT,24SEP2026,3250000.000000,45,OPTIDX,BFO,5.000000,1350,False
848244,BANKBARODA26SEP265PE,BANKBARODA,24SEP2026,26500.000000,2925,OPTSTK,BFO,5.000000,175500,False
848252,BIOCON26SEP400PE,BIOCON,24SEP2026,40000.000000,2500,OPTSTK,BFO,5.000000,100000,False
1116392,SIEMENS26NOV3950CE,SIEMENS,26NOV2026,395000.000000,175,OPTSTK,BFO,5.000000,8250,False
1116415,INOXWIND26NOV55PE,INOXWIND,26NOV2026,5500.000000,6400,OPTSTK,BFO,5.000000,100000000,False
1116417,FOCIT26NOV41100PE,FOCIT,26NOV2026,4110000.000000,45,OPTIDX,BFO,5.000000,1350,False
1116427,MOTHERSON26NOV152.5PE,MOTHERSON,26NOV2026,15250.000000,6150,OPTSTK,BFO,5.000000,284000,False
852535,SOLARINDS26SEP20000CE,SOLARINDS,24SEP2026,2000000.000000,50,OPTSTK,BFO,5.000000,100000000,False
852539,IEX26SEP117.5PE,IEX,24SEP2026,11750.000000,4350,OPTSTK,BFO,5.000000,150000,False
852553,FEDERALBNK26SEP365CE,FEDERALBNK,24SEP2026,36500.000000,2500,OPTSTK,BFO,5.000000,200000,False
852577,VMM26SEP105PE,VMM,24SEP2026,10500.000000,4850,OPTSTK,BFO,5.000000,100000000,False
844675,PAGEIND26SEP39500CE,PAGEIND,24SEP2026,3950000.000000,20,OPTSTK,BFO,5.000000,600,False
844677,FORTIS26SEP1010CE,FORTIS,24SEP2026,101000.000000,775,OPTSTK,BFO,5.000000,100000000,False
844685,CHOLAFIN26SEP1660CE,CHOLAFIN,24SEP2026,166000.000000,625,OPTSTK,BFO,5.000000,25000,False
844687,ADANIPOWER26SEP225CE,ADANIPOWER,24SEP2026,22500.000000,3550,OPTSTK,BFO,5.000000,100000000,False
852657,ETERNAL26SEP300PE,ETERNAL,24SEP2026,30000.000000,2425,OPTSTK,BFO,5.000000,100000000,False
852667,ADANIGREEN26SEP1420PE,ADANIGREEN,24SEP2026,142000.000000,600,OPTSTK,BFO,5.000000,100000000,False
852695,GVT&D26SEP5300CE,GVT&D,24SEP2026,530000.000000,125,OPTSTK,BFO,5.000000,100000000,False
852697,HDFCAMC26SEP2450CE,HDFCAMC,24SEP2026,245000.000000,300,OPTSTK,BFO,5.000000,12000,False
848260,PATANJALI26SEP380PE,PATANJALI,24SEP2026,38000.000000,1075,OPTSTK,BFO,5.000000,100000000,False
848263,RADICO26SEP3300PE,RADICO,24SEP2026,330000.000000,150,OPTSTK,BFO,5.000000,100000000,False
848282,BANKEX26SEP59300PE,BANKEX,24SEP2026,5930000.000000,30,OPTIDX,BFO,5.000000,900,False
848291,NATIONALUM26SEP310PE,NATIONALUM,24SEP2026,31000.000000,1875,OPTSTK,BFO,5.000000,300000,False
1116643,DIVISLAB26NOV9200CE,DIVISLAB,26NOV2026,920000.000000,100,OPTSTK,BFO,5.000000,8000,False
1116647,HEROMOTOCO26NOVFUT,HEROMOTOCO,26NOV2026,0.000000,150,FUTSTK,BFO,5.000000,9000,False
1116903,ZYDUSLIFE26NOV1220CE,ZYDUSLIFE,26NOV2026,122000.000000,900,OPTSTK,BFO,5.000000,54000,False
1116908,PAGEIND26NOV33000PE,PAGEIND,26NOV2026,3300000.000000,20,OPTSTK,BFO,5.000000,600,False
844689,HAVELLS26SEP1230PE,HAVELLS,24SEP2026,123000.000000,500,OPTSTK,BFO,5.000000,20000,False
844696,HAL26SEP4550PE,HAL,24SEP2026,455000.000000,150,OPTSTK,BFO,5.000000,9000,False
844704,MARICO26SEP810PE,MARICO,24SEP2026,81000.000000,1200,OPTSTK,BFO,5.000000,48000,False
844726,HEROMOTOCO26SEP5200CE,HEROMOTOCO,24SEP2026,520000.000000,150,OPTSTK,BFO,5.000000,9000,False
852698,MOTILALOFS26SEP1060CE,MOTILALOFS,24SEP2026,106000.000000,775,OPTSTK,BFO,5.000000,100000000,False
852703,DLF26SEP680PE,DLF,24SEP2026,68000.000000,950,OPTSTK,BFO,5.000000,49500,False
852723,PIIND26SEP2850CE,PIIND,24SEP2026,285000.000000,175,OPTSTK,BFO,5.000000,7500,False
852744,NATIONALUM26SEP290CE,NATIONALUM,24SEP2026,29000.000000,1875,OPTSTK,BFO,5.000000,300000,False
844732,PNB26SEP111PE,PNB,24SEP2026,11100.000000,8000,OPTSTK,BFO,5.000000,480000,False
844755,DLF26SEP655PE,DLF,24SEP2026,65500.000000,950,OPTSTK,BFO,5.000000,49500,False
844760,BLUESTARCO26SEP1700CE,BLUESTARCO,24SEP2026,170000.000000,325,OPTSTK,BFO,5.000000,100000000,False
844776,SIEMENS26SEP3600PE,SIEMENS,24SEP2026,360000.000000,175,OPTSTK,BFO,5.000000,8250,False
848304,BEL26SEP380PE,BEL,24SEP2026,38000.000000,1425,OPTSTK,BFO,5.000000,228000,False
848323,VEDL26SEP290CE,VEDL,24SEP2026,29000.000000,1150,OPTSTK,BFO,5.000000,80000,False
848329,RBLBANK26SEP405CE,RBLBANK,24SEP2026,40500.000000,3175,OPTSTK,BFO,5.000000,150000,False
848334,ANGELONE26SEP350CE,ANGELONE,24SEP2026,35000.000000,2500,OPTSTK,BFO,5.000000,100000000,False
1116942,TATAPOWER26SEP315CE,TATAPOWER,24SEP2026,31500.000000,1450,OPTSTK,BFO,5.000000,101250,False
1116944,FOCIT26NOV32700CE,FOCIT,26NOV2026,3270000.000000,45,OPTIDX,BFO,5.000000,1350,False
1116946,PNBHOUSING26NOV1080CE,PNBHOUSING,26NOV2026,108000.000000,650,OPTSTK,BFO,5.000000,100000000,False
1116954,TIINDIA26NOV2950PE,TIINDIA,26NOV2026,295000.000000,200,OPTSTK,BFO,5.000000,100000000,False
852759,ADANIPOWER26SEP250PE,ADANIPOWER,24SEP2026,25000.000000,3550,OPTSTK,BFO,5.000000,100000000,False
852762,CANBK26SEP142.5CE,CANBK,24SEP2026,14250.000000,6750,OPTSTK,BFO,5.000000,81000,False
852765,PAYTM26SEP1260CE,PAYTM,24SEP2026,126000.000000,725,OPTSTK,BFO,5.000000,100000000,False
852778,TIINDIA26SEP3250CE,TIINDIA,24SEP2026,325000.000000,200,OPTSTK,BFO,5.000000,100000000,False
848344,JSWENERGY26SEP595CE,JSWENERGY,24SEP2026,59500.000000,1075,OPTSTK,BFO,5.000000,100000000,False
848366,TATACONSUM26SEP1160CE,TATACONSUM,24SEP2026,116000.000000,550,OPTSTK,BFO,5.000000,36000,False
848369,ETERNAL26SEP257.5PE,ETERNAL,24SEP2026,25750.000000,2425,OPTSTK,BFO,5.000000,100000000,False
848383,KOTAKBANK26SEP412.5PE,KOTAKBANK,24SEP2026,41250.000000,2000,OPTSTK,BFO,5.000000,12000,False
844785,SBICARD26SEPFUT,SBICARD,24SEP2026,0.000000,800,FUTSTK,BFO,5.000000,32000,False
844816,RADICO26SEP4100PE,RADICO,24SEP2026,410000.000000,150,OPTSTK,BFO,5.000000,100000000,False
844834,ADANIPORTS26SEP1660CE,ADANIPORTS,24SEP2026,166000.000000,475,OPTSTK,BFO,5.000000,32000,False
844853,HDFCBANK26SEP795CE,HDFCBANK,24SEP2026,79500.000000,650,OPTSTK,BFO,5.000000,16500,False
852810,NATIONALUM26SEP290PE,NATIONALUM,24SEP2026,29000.000000,1875,OPTSTK,BFO,5.000000,300000,False
852833,BLUESTARCO26SEP1480CE,BLUESTARCO,24SEP2026,148000.000000,325,OPTSTK,BFO,5.000000,100000000,False
852854,APOLLOHOSP26SEP9100PE,APOLLOHOSP,24SEP2026,910000.000000,125,OPTSTK,BFO,5.000000,5000,False
852895,VEDL26SEP285PE,VEDL,24SEP2026,28500.000000,1150,OPTSTK,BFO,5.000000,80000,False
1116989,GRASIM26NOV3200CE,GRASIM,26NOV2026,320000.000000,250,OPTSTK,BFO,5.000000,14250,False
1116996,SAGILITY26SEP42PE,SAGILITY,24SEP2026,4200.000000,12000,OPTSTK,BFO,5.000000,100000000,False
1117003,ASHOKLEY26NOV185CE,ASHOKLEY,26NOV2026,18500.000000,5000,OPTSTK,BFO,5.000000,150000,False
1117026,BAJAJ-AUTO26NOV12200PE,BAJAJ-AUTO,26NOV2026,1220000.000000,75,OPTSTK,BFO,5.000000,5000,False
848402,SBIN26SEP1100CE,SBIN,24SEP2026,110000.000000,750,OPTSTK,BFO,5.000000,45000,False
848420,SBILIFE26SEP1640CE,SBILIFE,24SEP2026,164000.000000,375,OPTSTK,BFO,5.000000,22500,False
848441,BIOCON26SEP405PE,BIOCON,24SEP2026,40500.000000,2500,OPTSTK,BFO,5.000000,100000,False
848459,ALKEM26SEP5350CE,ALKEM,24SEP2026,535000.000000,125,OPTSTK,BFO,5.000000,8000,False
852906,CROMPTON26SEP295CE,CROMPTON,24SEP2026,29500.000000,2150,OPTSTK,BFO,5.000000,90000,False
852912,BIOCON26SEP455PE,BIOCON,24SEP2026,45500.000000,2500,OPTSTK,BFO,5.000000,100000,False
852914,JSWENERGY26SEP510CE,JSWENERGY,24SEP2026,51000.000000,1075,OPTSTK,BFO,5.000000,100000000,False
852926,JINDALSTEL26SEP960PE,JINDALSTEL,24SEP2026,96000.000000,625,OPTSTK,BFO,5.000000,37500,False
844862,FOCIT26SEP41000PE,FOCIT,24SEP2026,4100000.000000,45,OPTIDX,BFO,5.000000,1350,False
844872,KOTAKBANK26SEP425CE,KOTAKBANK,24SEP2026,42500.000000,2000,OPTSTK,BFO,5.000000,12000,False
844879,MANAPPURAM26SEPFUT,MANAPPURAM,24SEP2026,0.000000,3000,FUTSTK,BFO,5.000000,180000,False
844893,HDFCAMC26SEP2720PE,HDFCAMC,24SEP2026,272000.000000,300,OPTSTK,BFO,5.000000,12000,False
1117027,DIVISLAB26NOV8500PE,DIVISLAB,26NOV2026,850000.000000,100,OPTSTK,BFO,5.000000,8000,False
1117031,LTM26NOV4650PE,LTM,26NOV2026,465000.000000,150,OPTSTK,BFO,5.000000,4500,False
1117040,SENSEX5026NOV24500PE,SENSEX50,26NOV2026,2450000.000000,75,OPTIDX,BFO,5.000000,1800,False
1117045,NBCC26NOV77.5PE,NBCC,26NOV2026,7750.000000,6500,OPTSTK,BFO,5.000000,100000000,False
848460,HINDALCO26SEP890PE,HINDALCO,24SEP2026,89000.000000,700,OPTSTK,BFO,5.000000,56000,False
848463,MAXHEALTH26SEP1140PE,MAXHEALTH,24SEP2026,114000.000000,525,OPTSTK,BFO,5.000000,100000000,False
848466,RELIANCE26SEP1340CE,RELIANCE,24SEP2026,134000.000000,500,OPTSTK,BFO,5.000000,10000,False
848470,CUMMINSIND26SEP5750CE,CUMMINSIND,24SEP2026,575000.000000,200,OPTSTK,BFO,5.000000,18000,False
852939,KEI26SEP4800CE,KEI,24SEP2026,480000.000000,175,OPTSTK,BFO,5.000000,100000000,False
853007,INDIGO26SEP4900CE,INDIGO,24SEP2026,490000.000000,150,OPTSTK,BFO,5.000000,12000,False
853046,ADANIPORTS26SEP1960CE,ADANIPORTS,24SEP2026,196000.000000,475,OPTSTK,BFO,5.000000,32000,False
853060,PIDILITIND26SEP1500CE,PIDILITIND,24SEP2026,150000.000000,500,OPTSTK,BFO,5.000000,10000,False
844908,BHEL26SEP420PE,BHEL,24SEP2026,42000.000000,2625,OPTSTK,BFO,5.000000,315000,False
844914,MANAPPURAM26SEP340PE,MANAPPURAM,24SEP2026,34000.000000,3000,OPTSTK,BFO,5.000000,180000,False
844915,PRESTIGE26SEP1600PE,PRESTIGE,24SEP2026,160000.000000,450,OPTSTK,BFO,5.000000,100000000,False
844921,DMART26SEP4350PE,DMART,24SEP2026,435000.000000,150,OPTSTK,BFO,5.000000,100000000,False
848473,TATACONSUM26SEP1070CE,TATACONSUM,24SEP2026,107000.000000,550,OPTSTK,BFO,5.000000,36000,False
848475,MAZDOCK26SEP2380CE,MAZDOCK,24SEP2026,238000.000000,225,OPTSTK,BFO,5.000000,100000000,False
848487,ASIANPAINT26SEP2700CE,ASIANPAINT,24SEP2026,270000.000000,250,OPTSTK,BFO,5.000000,8000,False
848489,NATIONALUM26SEP315PE,NATIONALUM,24SEP2026,31500.000000,1875,OPTSTK,BFO,5.000000,300000,False
853066,GODFRYPHLP26SEP2450PE,GODFRYPHLP,24SEP2026,245000.000000,275,OPTSTK,BFO,5.000000,100000000,False
853070,SONACOMS26SEP570PE,SONACOMS,24SEP2026,57000.000000,1225,OPTSTK,BFO,5.000000,100000000,False
853088,CGPOWER26SEP840CE,CGPOWER,24SEP2026,84000.000000,850,OPTSTK,BFO,5.000000,100000000,False
853109,MOTILALOFS26SEP820CE,MOTILALOFS,24SEP2026,82000.000000,775,OPTSTK,BFO,5.000000,100000000,False
1117061,CHOLAFIN26NOV1900PE,CHOLAFIN,26NOV2026,190000.000000,625,OPTSTK,BFO,5.000000,25000,False
1117062,HDFCAMC26NOV2400CE,HDFCAMC,26NOV2026,240000.000000,300,OPTSTK,BFO,5.000000,12000,False
1117067,BDL26NOV1340PE,BDL,26NOV2026,134000.000000,425,OPTSTK,BFO,5.000000,100000000,False
1117089,MARUTI26NOV13600CE,MARUTI,26NOV2026,1360000.000000,50,OPTSTK,BFO,5.000000,3000,False
844927,BANKEX26SEP59400CE,BANKEX,24SEP2026,5940000.000000,30,OPTIDX,BFO,5.000000,900,False
844940,EICHERMOT26SEP7500PE,EICHERMOT,24SEP2026,750000.000000,100,OPTSTK,BFO,5.000000,7000,False
844947,UNITDSPR26SEP1310CE,UNITDSPR,24SEP2026,131000.000000,400,OPTSTK,BFO,5.000000,28000,False
844963,CGPOWER26SEP970PE,CGPOWER,24SEP2026,97000.000000,850,OPTSTK,BFO,5.000000,100000000,False
853115,HEROMOTOCO26SEP4200CE,HEROMOTOCO,24SEP2026,420000.000000,150,OPTSTK,BFO,5.000000,9000,False
853126,MPHASIS26SEP2388PE,MPHASIS,24SEP2026,238800.000000,275,OPTSTK,BFO,5.000000,11000,False
853129,NAUKRI26SEP880PE,NAUKRI,24SEP2026,88000.000000,550,OPTSTK,BFO,5.000000,6000,False
853143,LICHSGFIN26SEP500PE,LICHSGFIN,24SEP2026,50000.000000,1000,OPTSTK,BFO,5.000000,60000,False
1117116,INFY26NOV1220PE,INFY,26NOV2026,122000.000000,400,OPTSTK,BFO,5.000000,16000,False
1117121,BHARATFORG26NOV2080PE,BHARATFORG,26NOV2026,208000.000000,500,OPTSTK,BFO,5.000000,30000,False
1117127,HAVELLS26NOV1300PE,HAVELLS,26NOV2026,130000.000000,500,OPTSTK,BFO,5.000000,20000,False
1117129,JUBLFOOD26NOV495CE,JUBLFOOD,26NOV2026,49500.000000,1250,OPTSTK,BFO,5.000000,50000,False
844977,DELHIVERY26SEPFUT,DELHIVERY,24SEP2026,0.000000,2075,FUTSTK,BFO,5.000000,100000000,False
844978,WIPRO26SEP180CE,WIPRO,24SEP2026,18000.000000,3000,OPTSTK,BFO,5.000000,60000,False
844981,BANKEX26SEP62700PE,BANKEX,24SEP2026,6270000.000000,30,OPTIDX,BFO,5.000000,900,False
844982,ADANIENT26SEP3040PE,ADANIENT,24SEP2026,304000.000000,309,OPTSTK,BFO,5.000000,9000,False
848492,GLENMARK26SEP2040CE,GLENMARK,24SEP2026,204000.000000,375,OPTSTK,BFO,5.000000,43500,False
848495,INDIGO26SEPFUT,INDIGO,24SEP2026,0.000000,150,FUTSTK,BFO,5.000000,12000,False
848496,SAIL26SEP152.5CE,SAIL,24SEP2026,15250.000000,4700,OPTSTK,BFO,5.000000,320000,False
848508,ICICIBANK26SEP1370CE,ICICIBANK,24SEP2026,137000.000000,700,OPTSTK,BFO,5.000000,28000,False
853168,IREDA26SEP145CE,IREDA,24SEP2026,14500.000000,4525,OPTSTK,BFO,5.000000,100000000,False
853177,MOTHERSON26SEP152.5PE,MOTHERSON,24SEP2026,15250.000000,6150,OPTSTK,BFO,5.000000,284000,False
853190,DIXON26SEP10250PE,DIXON,24SEP2026,1025000.000000,50,OPTSTK,BFO,5.000000,6000,False
853237,BAJFINANCE26SEP1070CE,BAJFINANCE,24SEP2026,107000.000000,750,OPTSTK,BFO,5.000000,3750,False
1117131,SENSEX26NOV70500CE,SENSEX,26NOV2026,7050000.000000,20,OPTIDX,BFO,5.000000,1000,False
1117148,BPCL26NOV330PE,BPCL,26NOV2026,33000.000000,1975,OPTSTK,BFO,5.000000,72000,False
1117181,JINDALSTEL26NOV1100CE,JINDALSTEL,26NOV2026,110000.000000,625,OPTSTK,BFO,5.000000,37500,False
1117201,ATHERENERG26NOV1480PE,ATHERENERG,26NOV2026,148000.000000,375,OPTSTK,BFO,5.000000,100000000,False
844987,HYUNDAI26SEP1880CE,HYUNDAI,24SEP2026,188000.000000,275,OPTSTK,BFO,5.000000,100000000,False
844990,CAMS26SEP730PE,CAMS,24SEP2026,73000.000000,825,OPTSTK,BFO,5.000000,100000000,False
844991,ANGELONE26SEP315PE,ANGELONE,24SEP2026,31500.000000,2500,OPTSTK,BFO,5.000000,100000000,False
844995,MOTILALOFS26SEP950PE,MOTILALOFS,24SEP2026,95000.000000,775,OPTSTK,BFO,5.000000,100000000,False
848539,MANAPPURAM26SEP325PE,MANAPPURAM,24SEP2026,32500.000000,3000,OPTSTK,BFO,5.000000,180000,False
848542,TITAN26SEP4000PE,TITAN,24SEP2026,400000.000000,175,OPTSTK,BFO,5.000000,11250,False
848552,MANAPPURAM26SEP290CE,MANAPPURAM,24SEP2026,29000.000000,3000,OPTSTK,BFO,5.000000,180000,False
848561,ANGELONE26SEP355CE,ANGELONE,24SEP2026,35500.000000,2500,OPTSTK,BFO,5.000000,100000000,False
853251,DELHIVERY26SEP505CE,DELHIVERY,24SEP2026,50500.000000,2075,OPTSTK,BFO,5.000000,100000000,False
853273,EICHERMOT26SEP6400CE,EICHERMOT,24SEP2026,640000.000000,100,OPTSTK,BFO,5.000000,7000,False
853298,OFSS26SEP10100PE,OFSS,24SEP2026,1010000.000000,100,OPTSTK,BFO,5.000000,8000,False
853305,TIINDIA26SEP3050PE,TIINDIA,24SEP2026,305000.000000,200,OPTSTK,BFO,5.000000,100000000,False
1117220,BAJFINANCE26NOV1140CE,BAJFINANCE,26NOV2026,114000.000000,750,OPTSTK,BFO,5.000000,3750,False
1117227,HDFCBANK26NOV770CE,HDFCBANK,26NOV2026,77000.000000,650,OPTSTK,BFO,5.000000,16500,False
1117246,HINDALCO26NOV920PE,HINDALCO,26NOV2026,92000.000000,700,OPTSTK,BFO,5.000000,56000,False
1117257,IDFCFIRSTB26NOV82PE,IDFCFIRSTB,26NOV2026,8200.000000,9275,OPTSTK,BFO,5.000000,450000,False
845001,OIL26SEP375PE,OIL,24SEP2026,37500.000000,1400,OPTSTK,BFO,5.000000,100000000,False
845011,RECLTD26SEP375PE,RECLTD,24SEP2026,37500.000000,1575,OPTSTK,BFO,5.000000,160000,False
845030,AUBANK26SEP1100PE,AUBANK,24SEP2026,110000.000000,1000,OPTSTK,BFO,5.000000,30000,False
845031,FOCIT26SEP35500CE,FOCIT,24SEP2026,3550000.000000,45,OPTIDX,BFO,5.000000,1350,False
848562,HINDALCO26SEP960PE,HINDALCO,24SEP2026,96000.000000,700,OPTSTK,BFO,5.000000,56000,False
848564,IOC26SEP143PE,IOC,24SEP2026,14300.000000,4875,OPTSTK,BFO,5.000000,292500,False
848570,KALYANKJIL26SEP410CE,KALYANKJIL,24SEP2026,41000.000000,1350,OPTSTK,BFO,5.000000,100000000,False
848578,WAAREEENER26SEP3200PE,WAAREEENER,24SEP2026,320000.000000,175,OPTSTK,BFO,5.000000,100000000,False
853342,LODHA26SEP820CE,LODHA,24SEP2026,82000.000000,625,OPTSTK,BFO,5.000000,100000000,False
853349,NATIONALUM26SEP400PE,NATIONALUM,24SEP2026,40000.000000,1875,OPTSTK,BFO,5.000000,300000,False
853361,IEX26SEP135CE,IEX,24SEP2026,13500.000000,4350,OPTSTK,BFO,5.000000,150000,False
853382,PIIND26SEP2200PE,PIIND,24SEP2026,220000.000000,175,OPTSTK,BFO,5.000000,7500,False
1117261,HAL26NOV5150PE,HAL,26NOV2026,515000.000000,150,OPTSTK,BFO,5.000000,9000,False
1117307,PIIND26NOV2550CE,PIIND,26NOV2026,255000.000000,175,OPTSTK,BFO,5.000000,7500,False
1117329,NHPC26NOV77CE,NHPC,26NOV2026,7700.000000,6950,OPTSTK,BFO,5.000000,100000000,False
1117344,APOLLOHOSP26NOV9400CE,APOLLOHOSP,26NOV2026,940000.000000,125,OPTSTK,BFO,5.000000,5000,False
845042,TITAN26SEP4100CE,TITAN,24SEP2026,410000.000000,175,OPTSTK,BFO,5.000000,11250,False
845057,INDHOTEL26SEP720CE,INDHOTEL,24SEP2026,72000.000000,1000,OPTSTK,BFO,5.000000,60000,False
845071,NATIONALUM26SEP335PE,NATIONALUM,24SEP2026,33500.000000,1875,OPTSTK,BFO,5.000000,300000,False
845076,MPHASIS26SEP2158PE,MPHASIS,24SEP2026,215800.000000,275,OPTSTK,BFO,5.000000,11000,False
848583,TECHM26SEP1324CE,TECHM,24SEP2026,132400.000000,600,OPTSTK,BFO,5.000000,24000,False
848587,CHOLAFIN26SEP1680CE,CHOLAFIN,24SEP2026,168000.000000,625,OPTSTK,BFO,5.000000,25000,False
848593,TVSMOTOR26SEP3560PE,TVSMOTOR,24SEP2026,356000.000000,175,OPTSTK,BFO,5.000000,21000,False
848600,ICICIBANK26SEP1440CE,ICICIBANK,24SEP2026,144000.000000,700,OPTSTK,BFO,5.000000,28000,False
853394,CROMPTON26SEP310CE,CROMPTON,24SEP2026,31000.000000,2150,OPTSTK,BFO,5.000000,90000,False
853424,ADANIGREEN26SEP1400CE,ADANIGREEN,24SEP2026,140000.000000,600,OPTSTK,BFO,5.000000,100000000,False
853425,LODHA26SEP820PE,LODHA,24SEP2026,82000.000000,625,OPTSTK,BFO,5.000000,100000000,False
853481,CGPOWER26SEP860PE,CGPOWER,24SEP2026,86000.000000,850,OPTSTK,BFO,5.000000,100000000,False
845083,PNB26SEP104PE,PNB,24SEP2026,10400.000000,8000,OPTSTK,BFO,5.000000,480000,False
845085,RBLBANK26SEP400PE,RBLBANK,24SEP2026,40000.000000,3175,OPTSTK,BFO,5.000000,150000,False
845097,BANKINDIA26SEP130PE,BANKINDIA,24SEP2026,13000.000000,5200,OPTSTK,BFO,5.000000,100000000,False
845119,IREDA26SEP134CE,IREDA,24SEP2026,13400.000000,4525,OPTSTK,BFO,5.000000,100000000,False
853482,PERSISTENT26SEP3800CE,PERSISTENT,24SEP2026,380000.000000,125,OPTSTK,BFO,5.000000,5250,False
853535,HAVELLS26SEP1080CE,HAVELLS,24SEP2026,108000.000000,500,OPTSTK,BFO,5.000000,20000,False
853536,DIXON26SEP13750PE,DIXON,24SEP2026,1375000.000000,50,OPTSTK,BFO,5.000000,6000,False
853559,PETRONET26SEP255CE,PETRONET,24SEP2026,25500.000000,1900,OPTSTK,BFO,5.000000,120000,False
1117357,SENSEX26NOV78200PE,SENSEX,26NOV2026,7820000.000000,20,OPTIDX,BFO,5.000000,1000,False
1117377,FOCIT26NOV41900CE,FOCIT,26NOV2026,4190000.000000,45,OPTIDX,BFO,5.000000,1350,False
1117408,SIEMENS26NOV4200PE,SIEMENS,26NOV2026,420000.000000,175,OPTSTK,BFO,5.000000,8250,False
1117454,YESBANK26NOV15CE,YESBANK,26NOV2026,1500.000000,31100,OPTSTK,BFO,5.000000,100000000,False
848610,AXISBANK26SEP1440PE,AXISBANK,24SEP2026,144000.000000,625,OPTSTK,BFO,5.000000,25000,False
848612,KOTAKBANK26SEP417.5PE,KOTAKBANK,24SEP2026,41750.000000,2000,OPTSTK,BFO,5.000000,12000,False
848648,LUPIN26SEP2220PE,LUPIN,24SEP2026,222000.000000,425,OPTSTK,BFO,5.000000,34000,False
848660,PAGEIND26SEP42000CE,PAGEIND,24SEP2026,4200000.000000,20,OPTSTK,BFO,5.000000,600,False
845137,SONACOMS26SEP630CE,SONACOMS,24SEP2026,63000.000000,1225,OPTSTK,BFO,5.000000,100000000,False
845139,CHOLAFIN26SEP1860CE,CHOLAFIN,24SEP2026,186000.000000,625,OPTSTK,BFO,5.000000,25000,False
845145,RELIANCE26SEP1270CE,RELIANCE,24SEP2026,127000.000000,500,OPTSTK,BFO,5.000000,10000,False
845159,MFSL26SEP1700CE,MFSL,24SEP2026,170000.000000,400,OPTSTK,BFO,5.000000,32000,False
853574,ABB26SEP6600CE,ABB,24SEP2026,660000.000000,125,OPTSTK,BFO,5.000000,7500,False
853577,NTPC26SEP320PE,NTPC,24SEP2026,32000.000000,1500,OPTSTK,BFO,5.000000,150000,False
853612,ADANIENT26SEP3300CE,ADANIENT,24SEP2026,330000.000000,309,OPTSTK,BFO,5.000000,9000,False
853653,CANBK26SEP112.5PE,CANBK,24SEP2026,11250.000000,6750,OPTSTK,BFO,5.000000,81000,False
848661,ICICIBANK26SEP1360PE,ICICIBANK,24SEP2026,136000.000000,700,OPTSTK,BFO,5.000000,28000,False
848662,SENSEX5026SEP25800CE,SENSEX50,24SEP2026,2580000.000000,75,OPTIDX,BFO,5.000000,1800,False
848671,NBCC26SEP113PE,NBCC,24SEP2026,11300.000000,6500,OPTSTK,BFO,5.000000,100000000,False
848674,RADICO26SEP4200CE,RADICO,24SEP2026,420000.000000,150,OPTSTK,BFO,5.000000,100000000,False
1117455,COALINDIA26NOV405CE,COALINDIA,26NOV2026,40500.000000,1350,OPTSTK,BFO,5.000000,126000,False
1117461,CDSL26SEP1060CE,CDSL,29SEP2026,106000.000000,475,OPTSTK,BFO,5.000000,14001,False
1117463,CDSL26OCT1060CE,CDSL,27OCT2026,106000.000000,475,OPTSTK,BFO,5.000000,14001,False
853657,GODFRYPHLP26SEP2150PE,GODFRYPHLP,24SEP2026,215000.000000,275,OPTSTK,BFO,5.000000,100000000,False
853659,NTPC26SEP325PE,NTPC,24SEP2026,32500.000000,1500,OPTSTK,BFO,5.000000,150000,False
853661,KEI26SEP4800PE,KEI,24SEP2026,480000.000000,175,OPTSTK,BFO,5.000000,100000000,False
853683,IREDA26SEP127.5CE,IREDA,24SEP2026,12750.000000,4525,OPTSTK,BFO,5.000000,100000000,False
845162,AUBANK26SEP1000CE,AUBANK,24SEP2026,100000.000000,1000,OPTSTK,BFO,5.000000,30000,False
845166,MARICO26SEP850PE,MARICO,24SEP2026,85000.000000,1200,OPTSTK,BFO,5.000000,48000,False
845173,TCS26SEP2120PE,TCS,24SEP2026,212000.000000,225,OPTSTK,BFO,5.000000,7000,False
845184,BANKEX26SEP66300CE,BANKEX,24SEP2026,6630000.000000,30,OPTIDX,BFO,5.000000,900,False
848676,POLICYBZR26SEP1740PE,POLICYBZR,24SEP2026,174000.000000,350,OPTSTK,BFO,5.000000,100000000,False
848708,BANKEX26SEP61800CE,BANKEX,24SEP2026,6180000.000000,30,OPTIDX,BFO,5.000000,900,False
848711,INDIGO26SEP5150CE,INDIGO,24SEP2026,515000.000000,150,OPTSTK,BFO,5.000000,12000,False
848713,NTPC26SEP352.5PE,NTPC,24SEP2026,35250.000000,1500,OPTSTK,BFO,5.000000,150000,False
853708,JSWSTEEL26SEP1100PE,JSWSTEEL,24SEP2026,110000.000000,675,OPTSTK,BFO,5.000000,40500,False
853728,INDIGO26SEP4900PE,INDIGO,24SEP2026,490000.000000,150,OPTSTK,BFO,5.000000,12000,False
853765,BSE26SEP2000CE,BSE,29SEP2026,200000.000000,200,OPTSTK,BFO,5.000000,3751,False
853773,BSE26SEP2800CE,BSE,29SEP2026,280000.000000,200,OPTSTK,BFO,5.000000,3751,False
1118136,CAMS26NOV820PE,CAMS,26NOV2026,82000.000000,825,OPTSTK,BFO,5.000000,100000000,False
1118152,COFORGE26OCT2060PE,COFORGE,29OCT2026,206000.000000,475,OPTSTK,BFO,5.000000,6000,False
1118153,GODFRYPHLP26NOV2500CE,GODFRYPHLP,26NOV2026,250000.000000,275,OPTSTK,BFO,5.000000,100000000,False
1118162,GLENMARK26SEP2620PE,GLENMARK,24SEP2026,262000.000000,375,OPTSTK,BFO,5.000000,43500,False
845203,LUPIN26SEP2240PE,LUPIN,24SEP2026,224000.000000,425,OPTSTK,BFO,5.000000,34000,False
845220,IDFCFIRSTB26SEP79CE,IDFCFIRSTB,24SEP2026,7900.000000,9275,OPTSTK,BFO,5.000000,450000,False
845222,DMART26SEP3950PE,DMART,24SEP2026,395000.000000,150,OPTSTK,BFO,5.000000,100000000,False
845231,ICICIPRULI26SEP460PE,ICICIPRULI,24SEP2026,46000.000000,925,OPTSTK,BFO,5.000000,60000,False
853789,BSE26SEP4400CE,BSE,29SEP2026,440000.000000,200,OPTSTK,BFO,5.000000,3751,False
853792,BSE26SEP4600PE,BSE,29SEP2026,460000.000000,200,OPTSTK,BFO,5.000000,3751,False
853853,CDSL26SEP880PE,CDSL,29SEP2026,88000.000000,475,OPTSTK,BFO,5.000000,14001,False
853856,CDSL26SEP1000CE,CDSL,29SEP2026,100000.000000,475,OPTSTK,BFO,5.000000,14001,False
848745,RECLTD26SEP390PE,RECLTD,24SEP2026,39000.000000,1575,OPTSTK,BFO,5.000000,160000,False
848746,WIPRO26SEP172.5PE,WIPRO,24SEP2026,17250.000000,3000,OPTSTK,BFO,5.000000,60000,False
848748,TCS26SEP2000CE,TCS,24SEP2026,200000.000000,225,OPTSTK,BFO,5.000000,7000,False
848753,RADICO26SEP3500PE,RADICO,24SEP2026,350000.000000,150,OPTSTK,BFO,5.000000,100000000,False
1118190,WAAREEENER26NOV3000PE,WAAREEENER,26NOV2026,300000.000000,175,OPTSTK,BFO,5.000000,100000000,False
1118200,HINDALCO26NOV1180CE,HINDALCO,26NOV2026,118000.000000,700,OPTSTK,BFO,5.000000,56000,False
1118202,OFSS26OCT12800PE,OFSS,29OCT2026,1280000.000000,100,OPTSTK,BFO,5.000000,8000,False
1118213,WIPRO26NOV197.5PE,WIPRO,26NOV2026,19750.000000,3000,OPTSTK,BFO,5.000000,60000,False
845240,SBICARD26SEP650CE,SBICARD,24SEP2026,65000.000000,800,OPTSTK,BFO,5.000000,32000,False
845245,BHARATFORG26SEP2100PE,BHARATFORG,24SEP2026,210000.000000,500,OPTSTK,BFO,5.000000,30000,False
845256,PETRONET26SEP270PE,PETRONET,24SEP2026,27000.000000,1900,OPTSTK,BFO,5.000000,120000,False
845258,INDHOTEL26SEP725CE,INDHOTEL,24SEP2026,72500.000000,1000,OPTSTK,BFO,5.000000,60000,False
853864,CDSL26SEP1160CE,CDSL,29SEP2026,116000.000000,475,OPTSTK,BFO,5.000000,14001,False
853865,CDSL26SEP1160PE,CDSL,29SEP2026,116000.000000,475,OPTSTK,BFO,5.000000,14001,False
853876,CDSL26SEP1400CE,CDSL,29SEP2026,140000.000000,475,OPTSTK,BFO,5.000000,14001,False
853877,CDSL26SEP1400PE,CDSL,29SEP2026,140000.000000,475,OPTSTK,BFO,5.000000,14001,False
848759,RECLTD26SEP395CE,RECLTD,24SEP2026,39500.000000,1575,OPTSTK,BFO,5.000000,160000,False
848772,KALYANKJIL26SEP410PE,KALYANKJIL,24SEP2026,41000.000000,1350,OPTSTK,BFO,5.000000,100000000,False
848781,JUBLFOOD26SEP400PE,JUBLFOOD,24SEP2026,40000.000000,1250,OPTSTK,BFO,5.000000,50000,False
848788,DMART26SEP4450CE,DMART,24SEP2026,445000.000000,150,OPTSTK,BFO,5.000000,100000000,False
853880,CDSL26SEP1480CE,CDSL,29SEP2026,148000.000000,475,OPTSTK,BFO,5.000000,14001,False
853887,CDSL26SEP1600PE,CDSL,29SEP2026,160000.000000,475,OPTSTK,BFO,5.000000,14001,False
853962,TATAELXSI26SEP3400PE,TATAELXSI,24SEP2026,340000.000000,125,OPTSTK,BFO,5.000000,100000000,False
853963,COFORGE26SEP1280PE,COFORGE,24SEP2026,128000.000000,475,OPTSTK,BFO,5.000000,6000,False
1118217,RELIANCE26NOV1210PE,RELIANCE,26NOV2026,121000.000000,500,OPTSTK,BFO,5.000000,10000,False
1118240,PFC26NOV315CE,PFC,26NOV2026,31500.000000,1300,OPTSTK,BFO,5.000000,124000,False
1118262,ADANIENSOL26NOV1460PE,ADANIENSOL,26NOV2026,146000.000000,675,OPTSTK,BFO,5.000000,100000000,False
1118278,PERSISTENT26NOV6600CE,PERSISTENT,26NOV2026,660000.000000,125,OPTSTK,BFO,5.000000,5250,False
845259,KALYANKJIL26SEP365CE,KALYANKJIL,24SEP2026,36500.000000,1350,OPTSTK,BFO,5.000000,100000000,False
845267,PFC26SEP455CE,PFC,24SEP2026,45500.000000,1300,OPTSTK,BFO,5.000000,124000,False
845270,PETRONET26SEP275CE,PETRONET,24SEP2026,27500.000000,1900,OPTSTK,BFO,5.000000,120000,False
845277,NAUKRI26SEP940CE,NAUKRI,24SEP2026,94000.000000,550,OPTSTK,BFO,5.000000,6000,False
854067,DELHIVERY26SEP535PE,DELHIVERY,24SEP2026,53500.000000,2075,OPTSTK,BFO,5.000000,100000000,False
854087,GRASIM26SEP3280PE,GRASIM,24SEP2026,328000.000000,250,OPTSTK,BFO,5.000000,14250,False
854114,PRESTIGE26SEP1740PE,PRESTIGE,24SEP2026,174000.000000,450,OPTSTK,BFO,5.000000,100000000,False
854123,PHOENIXLTD26SEP2160CE,PHOENIXLTD,24SEP2026,216000.000000,350,OPTSTK,BFO,5.000000,100000000,False
848802,SHRIRAMFIN26SEP970CE,SHRIRAMFIN,24SEP2026,97000.000000,825,OPTSTK,BFO,5.000000,18000,False
848818,GVT&D26SEP6200CE,GVT&D,24SEP2026,620000.000000,125,OPTSTK,BFO,5.000000,100000000,False
848832,SENSEX5026SEP25200PE,SENSEX50,24SEP2026,2520000.000000,75,OPTIDX,BFO,5.000000,1800,False
848852,PETRONET26SEP287.5PE,PETRONET,24SEP2026,28750.000000,1900,OPTSTK,BFO,5.000000,120000,False
845296,CAMS26SEP770CE,CAMS,24SEP2026,77000.000000,825,OPTSTK,BFO,5.000000,100000000,False
845307,IOC26SEP151PE,IOC,24SEP2026,15100.000000,4875,OPTSTK,BFO,5.000000,292500,False
845318,NTPC26SEP340PE,NTPC,24SEP2026,34000.000000,1500,OPTSTK,BFO,5.000000,150000,False
845329,ADANIPORTS26SEP1940PE,ADANIPORTS,24SEP2026,194000.000000,475,OPTSTK,BFO,5.000000,32000,False
1118285,SAIL26NOV217.5CE,SAIL,26NOV2026,21750.000000,4700,OPTSTK,BFO,5.000000,320000,False
1118305,FOCIT26NOV44600PE,FOCIT,26NOV2026,4460000.000000,45,OPTIDX,BFO,5.000000,1350,False
1118318,HAVELLS26NOV1080PE,HAVELLS,26NOV2026,108000.000000,500,OPTSTK,BFO,5.000000,20000,False
1118374,GRASIM26NOV3420PE,GRASIM,26NOV2026,342000.000000,250,OPTSTK,BFO,5.000000,14250,False
854127,TATAPOWER26SEP345CE,TATAPOWER,24SEP2026,34500.000000,1450,OPTSTK,BFO,5.000000,101250,False
854144,NESTLEIND26SEP1510CE,NESTLEIND,24SEP2026,151000.000000,500,OPTSTK,BFO,5.000000,1200,False
854150,COFORGE26SEP1260CE,COFORGE,24SEP2026,126000.000000,475,OPTSTK,BFO,5.000000,6000,False
854223,KEI26SEP4500CE,KEI,24SEP2026,450000.000000,175,OPTSTK,BFO,5.000000,100000000,False
848855,OFSS26SEP11300PE,OFSS,24SEP2026,1130000.000000,100,OPTSTK,BFO,5.000000,8000,False
848862,KEI26SEP5350PE,KEI,24SEP2026,535000.000000,175,OPTSTK,BFO,5.000000,100000000,False
848877,INDHOTEL26SEP705PE,INDHOTEL,24SEP2026,70500.000000,1000,OPTSTK,BFO,5.000000,60000,False
848878,KEI26SEP5500CE,KEI,24SEP2026,550000.000000,175,OPTSTK,BFO,5.000000,100000000,False
845356,HDFCAMC26SEP2760PE,HDFCAMC,24SEP2026,276000.000000,300,OPTSTK,BFO,5.000000,12000,False
845362,TMPV26SEP350PE,TMPV,24SEP2026,35000.000000,1600,OPTSTK,BFO,5.000000,42750,False
845386,TATASTEEL26SEP187.5CE,TATASTEEL,24SEP2026,18750.000000,2750,OPTSTK,BFO,5.000000,220000,False
845393,ADANIGREEN26SEP1470PE,ADANIGREEN,24SEP2026,147000.000000,600,OPTSTK,BFO,5.000000,100000000,False
854235,DELHIVERY26SEP525CE,DELHIVERY,24SEP2026,52500.000000,2075,OPTSTK,BFO,5.000000,100000000,False
854368,INDUSINDBK26SEP1000PE,INDUSINDBK,24SEP2026,100000.000000,700,OPTSTK,BFO,5.000000,20000,False
854408,LICHSGFIN26SEP480CE,LICHSGFIN,24SEP2026,48000.000000,1000,OPTSTK,BFO,5.000000,60000,False
854435,DABUR26SEP480PE,DABUR,24SEP2026,48000.000000,1250,OPTSTK,BFO,5.000000,50000,False
1118388,TVSMOTOR26NOV4000PE,TVSMOTOR,26NOV2026,400000.000000,175,OPTSTK,BFO,5.000000,21000,False
1118390,CANBK26NOV145PE,CANBK,26NOV2026,14500.000000,6750,OPTSTK,BFO,5.000000,81000,False
1118410,COFORGE26SEP2160PE,COFORGE,24SEP2026,216000.000000,475,OPTSTK,BFO,5.000000,6000,False
1118434,ASIANPAINT26NOV2480CE,ASIANPAINT,26NOV2026,248000.000000,250,OPTSTK,BFO,5.000000,8000,False
848899,ADANIGREEN26SEP1520PE,ADANIGREEN,24SEP2026,152000.000000,600,OPTSTK,BFO,5.000000,100000000,False
848905,GODREJPROP26SEP1700CE,GODREJPROP,24SEP2026,170000.000000,325,OPTSTK,BFO,5.000000,19000,False
848915,MOTILALOFS26SEP970PE,MOTILALOFS,24SEP2026,97000.000000,775,OPTSTK,BFO,5.000000,100000000,False
848922,OIL26SEP395PE,OIL,24SEP2026,39500.000000,1400,OPTSTK,BFO,5.000000,100000000,False
845396,UPL26SEP575CE,UPL,24SEP2026,57500.000000,1355,OPTSTK,BFO,5.000000,39000,False
845398,BAJAJHLDNG26SEP10900CE,BAJAJHLDNG,24SEP2026,1090000.000000,75,OPTSTK,BFO,5.000000,100000000,False
845399,YESBANK26SEP21CE,YESBANK,24SEP2026,2100.000000,31100,OPTSTK,BFO,5.000000,100000000,False
845404,BRITANNIA26SEP4900PE,BRITANNIA,24SEP2026,490000.000000,125,OPTSTK,BFO,5.000000,6000,False
854472,RBLBANK26SEP325PE,RBLBANK,24SEP2026,32500.000000,3175,OPTSTK,BFO,5.000000,150000,False
854478,MARUTI26SEP15100PE,MARUTI,24SEP2026,1510000.000000,50,OPTSTK,BFO,5.000000,3000,False
854517,NTPC26SEP395CE,NTPC,24SEP2026,39500.000000,1500,OPTSTK,BFO,5.000000,150000,False
854562,KPITTECH26SEP580PE,KPITTECH,24SEP2026,58000.000000,775,OPTSTK,BFO,5.000000,100000000,False
1118450,GLENMARK26OCT2640CE,GLENMARK,29OCT2026,264000.000000,375,OPTSTK,BFO,5.000000,43500,False
1118489,ETERNAL26NOV365CE,ETERNAL,26NOV2026,36500.000000,2425,OPTSTK,BFO,5.000000,100000000,False
1118490,NHPC26OCT68CE,NHPC,29OCT2026,6800.000000,6950,OPTSTK,BFO,5.000000,100000000,False
1118504,ICICIGI26NOV1440CE,ICICIGI,26NOV2026,144000.000000,325,OPTSTK,BFO,5.000000,20000,False
848948,IOC26SEP149CE,IOC,24SEP2026,14900.000000,4875,OPTSTK,BFO,5.000000,292500,False
848950,SUPREMEIND26SEP3050PE,SUPREMEIND,24SEP2026,305000.000000,175,OPTSTK,BFO,5.000000,100000000,False
848962,MAXHEALTH26SEP1180PE,MAXHEALTH,24SEP2026,118000.000000,525,OPTSTK,BFO,5.000000,100000000,False
848957,MAZDOCK26SEP2580CE,MAZDOCK,24SEP2026,258000.000000,225,OPTSTK,BFO,5.000000,100000000,False
854585,ETERNAL26SEP310CE,ETERNAL,24SEP2026,31000.000000,2425,OPTSTK,BFO,5.000000,100000000,False
854599,GMRAIRPORT26SEP121PE,GMRAIRPORT,24SEP2026,12100.000000,6975,OPTSTK,BFO,5.000000,675000,False
854617,DABUR26SEP470PE,DABUR,24SEP2026,47000.000000,1250,OPTSTK,BFO,5.000000,50000,False
854648,KEI26SEP4600PE,KEI,24SEP2026,460000.000000,175,OPTSTK,BFO,5.000000,100000000,False
845419,BANKEX26SEP66600PE,BANKEX,24SEP2026,6660000.000000,30,OPTIDX,BFO,5.000000,900,False
845430,OFSS26SEP10700PE,OFSS,24SEP2026,1070000.000000,100,OPTSTK,BFO,5.000000,8000,False
845440,INDHOTEL26SEP725PE,INDHOTEL,24SEP2026,72500.000000,1000,OPTSTK,BFO,5.000000,60000,False
845441,FORCEMOT26SEP15000CE,FORCEMOT,24SEP2026,1500000.000000,25,OPTSTK,BFO,5.000000,100000000,False
848964,RELIANCE26SEP1380CE,RELIANCE,24SEP2026,138000.000000,500,OPTSTK,BFO,5.000000,10000,False
848974,GLENMARK26SEP2240CE,GLENMARK,24SEP2026,224000.000000,375,OPTSTK,BFO,5.000000,43500,False
848982,PFC26SEP470CE,PFC,24SEP2026,47000.000000,1300,OPTSTK,BFO,5.000000,124000,False
848986,VMM26SEP111PE,VMM,24SEP2026,11100.000000,4850,OPTSTK,BFO,5.000000,100000000,False
1118515,JINDALSTEL26NOV1320PE,JINDALSTEL,26NOV2026,132000.000000,625,OPTSTK,BFO,5.000000,37500,False
1118516,ICICIGI26OCT1440CE,ICICIGI,29OCT2026,144000.000000,325,OPTSTK,BFO,5.000000,20000,False
1118526,DIVISLAB26OCT10000CE,DIVISLAB,29OCT2026,1000000.000000,100,OPTSTK,BFO,5.000000,8000,False
1118541,BANKEX26NOV71600PE,BANKEX,26NOV2026,7160000.000000,30,OPTIDX,BFO,5.000000,900,False
854650,BAJAJFINSV26SEP1940CE,BAJAJFINSV,24SEP2026,194000.000000,300,OPTSTK,BFO,5.000000,20000,False
854660,GODREJPROP26SEP2100CE,GODREJPROP,24SEP2026,210000.000000,325,OPTSTK,BFO,5.000000,19000,False
854701,JSWENERGY26SEP500CE,JSWENERGY,24SEP2026,50000.000000,1075,OPTSTK,BFO,5.000000,100000000,False
854711,ABCAPITAL26SEP430PE,ABCAPITAL,24SEP2026,43000.000000,3100,OPTSTK,BFO,5.000000,162000,False
845457,SAIL26SEP177.5PE,SAIL,24SEP2026,17750.000000,4700,OPTSTK,BFO,5.000000,320000,False
845470,IREDA26SEP122PE,IREDA,24SEP2026,12200.000000,4525,OPTSTK,BFO,5.000000,100000000,False
845473,GODREJPROP26SEP1720CE,GODREJPROP,24SEP2026,172000.000000,325,OPTSTK,BFO,5.000000,19000,False
845476,PERSISTENT26SEP4650PE,PERSISTENT,24SEP2026,465000.000000,125,OPTSTK,BFO,5.000000,5250,False
848988,PETRONET26SEP290CE,PETRONET,24SEP2026,29000.000000,1900,OPTSTK,BFO,5.000000,120000,False
848990,NATIONALUM26SEP355PE,NATIONALUM,24SEP2026,35500.000000,1875,OPTSTK,BFO,5.000000,300000,False
848992,KEI26SEP5250CE,KEI,24SEP2026,525000.000000,175,OPTSTK,BFO,5.000000,100000000,False
848997,VMM26SEP116CE,VMM,24SEP2026,11600.000000,4850,OPTSTK,BFO,5.000000,100000000,False
854712,COFORGE26SEP1240PE,COFORGE,24SEP2026,124000.000000,475,OPTSTK,BFO,5.000000,6000,False
854820,SHRIRAMFIN26SEP1200CE,SHRIRAMFIN,24SEP2026,120000.000000,825,OPTSTK,BFO,5.000000,18000,False
854835,SENSEX27MAR83000PE,SENSEX,25MAR2027,8300000.000000,20,OPTIDX,BFO,5.000000,1000,False
854893,BAJAJFINSV26SEP1980PE,BAJAJFINSV,24SEP2026,198000.000000,300,OPTSTK,BFO,5.000000,20000,False
1118575,COFORGE26OCT2140CE,COFORGE,29OCT2026,214000.000000,475,OPTSTK,BFO,5.000000,6000,False
1118587,ATHERENERG26OCT1640CE,ATHERENERG,29OCT2026,164000.000000,375,OPTSTK,BFO,5.000000,100000000,False
1118666,TCS26NOV2480CE,TCS,26NOV2026,248000.000000,225,OPTSTK,BFO,5.000000,7000,False
1118725,COFORGE26OCT2160CE,COFORGE,29OCT2026,216000.000000,475,OPTSTK,BFO,5.000000,6000,False
845486,BOSCHLTD26SEP40500CE,BOSCHLTD,24SEP2026,4050000.000000,25,OPTSTK,BFO,5.000000,1500,False
845487,MOTILALOFS26SEP990PE,MOTILALOFS,24SEP2026,99000.000000,775,OPTSTK,BFO,5.000000,100000000,False
845499,SHREECEM26SEP26500CE,SHREECEM,24SEP2026,2650000.000000,25,OPTSTK,BFO,5.000000,1000,False
845513,IRFC26SEP95CE,IRFC,24SEP2026,9500.000000,5425,OPTSTK,BFO,5.000000,100000000,False
848998,PERSISTENT26SEP4700PE,PERSISTENT,24SEP2026,470000.000000,125,OPTSTK,BFO,5.000000,5250,False
849046,MARUTI26SEP13500CE,MARUTI,24SEP2026,1350000.000000,50,OPTSTK,BFO,5.000000,3000,False
849047,KFINTECH26SEP900PE,KFINTECH,24SEP2026,90000.000000,575,OPTSTK,BFO,5.000000,100000000,False
849048,CROMPTON26SEP292.5PE,CROMPTON,24SEP2026,29250.000000,2150,OPTSTK,BFO,5.000000,90000,False
854909,ICICIBANK26SEP1470CE,ICICIBANK,24SEP2026,147000.000000,700,OPTSTK,BFO,5.000000,28000,False
855046,TECHM26SEP1340CE,TECHM,24SEP2026,134000.000000,600,OPTSTK,BFO,5.000000,24000,False
855052,TECHM26SEP1260PE,TECHM,24SEP2026,126000.000000,600,OPTSTK,BFO,5.000000,24000,False
855115,TECHM26SEP1460PE,TECHM,24SEP2026,146000.000000,600,OPTSTK,BFO,5.000000,24000,False
1118740,PNB26NOV121CE,PNB,26NOV2026,12100.000000,8000,OPTSTK,BFO,5.000000,480000,False
1118745,BANKBARODA26NOV275PE,BANKBARODA,26NOV2026,27500.000000,2925,OPTSTK,BFO,5.000000,175500,False
1118787,MCX26NOV3650PE,MCX,26NOV2026,365000.000000,225,OPTSTK,BFO,5.000000,16000,False
1118788,APLAPOLLO26SEP2340CE,APLAPOLLO,24SEP2026,234000.000000,350,OPTSTK,BFO,5.000000,100000000,False
849056,CIPLA26SEP1420PE,CIPLA,24SEP2026,142000.000000,425,OPTSTK,BFO,5.000000,26000,False
849063,RELIANCE26SEP1290CE,RELIANCE,24SEP2026,129000.000000,500,OPTSTK,BFO,5.000000,10000,False
849074,LODHA26SEP990CE,LODHA,24SEP2026,99000.000000,625,OPTSTK,BFO,5.000000,100000000,False
849099,TCS26SEP2140PE,TCS,24SEP2026,214000.000000,225,OPTSTK,BFO,5.000000,7000,False
845515,BANKEX26SEP70600PE,BANKEX,24SEP2026,7060000.000000,30,OPTIDX,BFO,5.000000,900,False
845518,NESTLEIND26SEP1430CE,NESTLEIND,24SEP2026,143000.000000,500,OPTSTK,BFO,5.000000,1200,False
845530,IDEA26SEP12PE,IDEA,24SEP2026,1200.000000,71475,OPTSTK,BFO,5.000000,2400000,False
845536,HINDZINC26SEP560CE,HINDZINC,24SEP2026,56000.000000,1225,OPTSTK,BFO,5.000000,100000000,False
855119,BAJAJ-AUTO26SEP10600CE,BAJAJ-AUTO,24SEP2026,1060000.000000,75,OPTSTK,BFO,5.000000,5000,False
855166,ADANIPORTS26SEP2020PE,ADANIPORTS,24SEP2026,202000.000000,475,OPTSTK,BFO,5.000000,32000,False
855169,DIXON26SEP14000CE,DIXON,24SEP2026,1400000.000000,50,OPTSTK,BFO,5.000000,6000,False
855184,BANKBARODA26SEP230PE,BANKBARODA,24SEP2026,23000.000000,2925,OPTSTK,BFO,5.000000,175500,False
1118829,SAGILITY26NOV51CE,SAGILITY,26NOV2026,5100.000000,12000,OPTSTK,BFO,5.000000,100000000,False
1118847,BDL26NOV1160PE,BDL,26NOV2026,116000.000000,425,OPTSTK,BFO,5.000000,100000000,False
1118884,ITC26SEP247.5CE,ITC,24SEP2026,24750.000000,1725,OPTSTK,BFO,5.000000,64000,False
1118944,VBL26OCT340PE,VBL,29OCT2026,34000.000000,1275,OPTSTK,BFO,5.000000,100000000,False
845551,MPHASIS26SEP2198PE,MPHASIS,24SEP2026,219800.000000,275,OPTSTK,BFO,5.000000,11000,False
845556,ULTRACEMCO26SEP11560CE,ULTRACEMCO,24SEP2026,1156000.000000,50,OPTSTK,BFO,5.000000,3000,False
845564,SBIN26SEP1070CE,SBIN,24SEP2026,107000.000000,750,OPTSTK,BFO,5.000000,45000,False
845566,MANKIND26SEP2500PE,MANKIND,24SEP2026,250000.000000,250,OPTSTK,BFO,5.000000,100000000,False
849101,ITC26SEP307.5CE,ITC,24SEP2026,30750.000000,1725,OPTSTK,BFO,5.000000,64000,False
849111,TECHM26SEP1444PE,TECHM,24SEP2026,144400.000000,600,OPTSTK,BFO,5.000000,24000,False
849116,IDFCFIRSTB26SEP78PE,IDFCFIRSTB,24SEP2026,7800.000000,9275,OPTSTK,BFO,5.000000,450000,False
849135,ASHOKLEY26SEP162.5PE,ASHOKLEY,24SEP2026,16250.000000,5000,OPTSTK,BFO,5.000000,150000,False
855221,DLF26SEP730PE,DLF,24SEP2026,73000.000000,950,OPTSTK,BFO,5.000000,49500,False
855234,BAJFINANCE26SEP1090PE,BAJFINANCE,24SEP2026,109000.000000,750,OPTSTK,BFO,5.000000,3750,False
855263,IOC26SEP160PE,IOC,24SEP2026,16000.000000,4875,OPTSTK,BFO,5.000000,292500,False
855301,PGEL26SEP630PE,PGEL,24SEP2026,63000.000000,950,OPTSTK,BFO,5.000000,100000000,False
1118956,COFORGE26OCT2060CE,COFORGE,29OCT2026,206000.000000,475,OPTSTK,BFO,5.000000,6000,False
1118973,RECLTD26SEP280PE,RECLTD,24SEP2026,28000.000000,1575,OPTSTK,BFO,5.000000,160000,False
1119011,SAGILITY26OCT51CE,SAGILITY,29OCT2026,5100.000000,12000,OPTSTK,BFO,5.000000,100000000,False
1119169,GLENMARK26NOV2620PE,GLENMARK,26NOV2026,262000.000000,375,OPTSTK,BFO,5.000000,43500,False
845568,ASTRAL26SEP1460CE,ASTRAL,24SEP2026,146000.000000,425,OPTSTK,BFO,5.000000,14680,False
845569,BAJFINANCE26SEP920PE,BAJFINANCE,24SEP2026,92000.000000,750,OPTSTK,BFO,5.000000,3750,False
845585,LT26SEP4100CE,LT,24SEP2026,410000.000000,175,OPTSTK,BFO,5.000000,12000,False
845592,BOSCHLTD26SEP40250CE,BOSCHLTD,24SEP2026,4025000.000000,25,OPTSTK,BFO,5.000000,1500,False
849137,SWIGGY26SEP270PE,SWIGGY,24SEP2026,27000.000000,1825,OPTSTK,BFO,5.000000,100000000,False
849143,KFINTECH26SEP810PE,KFINTECH,24SEP2026,81000.000000,575,OPTSTK,BFO,5.000000,100000000,False
849154,DIXON26SEP12500PE,DIXON,24SEP2026,1250000.000000,50,OPTSTK,BFO,5.000000,6000,False
849165,ICICIPRULI26SEP485CE,ICICIPRULI,24SEP2026,48500.000000,925,OPTSTK,BFO,5.000000,60000,False
855329,FORTIS26SEP1040CE,FORTIS,24SEP2026,104000.000000,775,OPTSTK,BFO,5.000000,100000000,False
855357,KALYANKJIL26SEP425CE,KALYANKJIL,24SEP2026,42500.000000,1350,OPTSTK,BFO,5.000000,100000000,False
855389,SONACOMS26SEP730CE,SONACOMS,24SEP2026,73000.000000,1225,OPTSTK,BFO,5.000000,100000000,False
855395,SENSEX26DEC83000PE,SENSEX,31DEC2026,8300000.000000,20,OPTIDX,BFO,5.000000,1000,False
1119176,APLAPOLLO26OCT2380PE,APLAPOLLO,29OCT2026,238000.000000,350,OPTSTK,BFO,5.000000,100000000,False
1119234,SAGILITY26NOV52PE,SAGILITY,26NOV2026,5200.000000,12000,OPTSTK,BFO,5.000000,100000000,False
1119194,GLENMARK26OCT2620PE,GLENMARK,29OCT2026,262000.000000,375,OPTSTK,BFO,5.000000,43500,False
1119224,GLENMARK26SEP2660PE,GLENMARK,24SEP2026,266000.000000,375,OPTSTK,BFO,5.000000,43500,False
845596,SAIL26SEP180CE,SAIL,24SEP2026,18000.000000,4700,OPTSTK,BFO,5.000000,320000,False
845607,PERSISTENT26SEP4550CE,PERSISTENT,24SEP2026,455000.000000,125,OPTSTK,BFO,5.000000,5250,False
845612,NESTLEIND26SEP1340CE,NESTLEIND,24SEP2026,134000.000000,500,OPTSTK,BFO,5.000000,1200,False
845624,JUBLFOOD26SEP460CE,JUBLFOOD,24SEP2026,46000.000000,1250,OPTSTK,BFO,5.000000,50000,False
855431,NYKAA26SEP350PE,NYKAA,24SEP2026,35000.000000,3125,OPTSTK,BFO,5.000000,100000000,False
855471,TECHM26SEP1400PE,TECHM,24SEP2026,140000.000000,600,OPTSTK,BFO,5.000000,24000,False
855481,GODREJCP26SEP1130CE,GODREJCP,24SEP2026,113000.000000,500,OPTSTK,BFO,5.000000,30000,False
855537,DELHIVERY26SEP545PE,DELHIVERY,24SEP2026,54500.000000,2075,OPTSTK,BFO,5.000000,100000000,False
845648,CROMPTON26SEP280PE,CROMPTON,24SEP2026,28000.000000,2150,OPTSTK,BFO,5.000000,90000,False
845649,LTM26SEP3850CE,LTM,24SEP2026,385000.000000,150,OPTSTK,BFO,5.000000,4500,False
845655,WAAREEENER26SEP3250CE,WAAREEENER,24SEP2026,325000.000000,175,OPTSTK,BFO,5.000000,100000000,False
845657,GRASIM26SEP3100CE,GRASIM,24SEP2026,310000.000000,250,OPTSTK,BFO,5.000000,14250,False
849172,DABUR26SEP440CE,DABUR,24SEP2026,44000.000000,1250,OPTSTK,BFO,5.000000,50000,False
849173,INDIGO26SEP5350CE,INDIGO,24SEP2026,535000.000000,150,OPTSTK,BFO,5.000000,12000,False
849790,MCX26SEP3250PE,MCX,24SEP2026,325000.000000,225,OPTSTK,BFO,5.000000,16000,False
849796,ADANIENT26SEP2820PE,ADANIENT,24SEP2026,282000.000000,309,OPTSTK,BFO,5.000000,9000,False
1119235,PAYTM26NOV1540PE,PAYTM,26NOV2026,154000.000000,725,OPTSTK,BFO,5.000000,100000000,False
1119288,NAUKRI26NOV1480CE,NAUKRI,26NOV2026,148000.000000,550,OPTSTK,BFO,5.000000,6000,False
1119290,SENSEX26O1584100PE,SENSEX,15OCT2026,8410000.000000,20,OPTIDX,BFO,5.000000,1000,False
1119312,IDFCFIRSTB26NOV90CE,IDFCFIRSTB,26NOV2026,9000.000000,9275,OPTSTK,BFO,5.000000,450000,False
855541,BHEL26SEP370PE,BHEL,24SEP2026,37000.000000,2625,OPTSTK,BFO,5.000000,315000,False
855572,HINDUNILVR26SEP2340PE,HINDUNILVR,24SEP2026,234000.000000,300,OPTSTK,BFO,5.000000,9000,False
855581,ADANIPORTS26SEP2000PE,ADANIPORTS,24SEP2026,200000.000000,475,OPTSTK,BFO,5.000000,32000,False
855710,DMART26SEP3750CE,DMART,24SEP2026,375000.000000,150,OPTSTK,BFO,5.000000,100000000,False
845675,HDFCLIFE26SEP555CE,HDFCLIFE,24SEP2026,55500.000000,1100,OPTSTK,BFO,5.000000,44000,False
845676,RBLBANK26SEP375PE,RBLBANK,24SEP2026,37500.000000,3175,OPTSTK,BFO,5.000000,150000,False
845697,UNOMINDA26SEP1040PE,UNOMINDA,24SEP2026,104000.000000,550,OPTSTK,BFO,5.000000,100000000,False
845702,TATASTEEL26SEP190CE,TATASTEEL,24SEP2026,19000.000000,2750,OPTSTK,BFO,5.000000,220000,False
849833,BANKEX26SEP58500CE,BANKEX,24SEP2026,5850000.000000,30,OPTIDX,BFO,5.000000,900,False
849838,PIIND26SEP2520PE,PIIND,24SEP2026,252000.000000,175,OPTSTK,BFO,5.000000,7500,False
849891,ASTRAL26SEP1300CE,ASTRAL,24SEP2026,130000.000000,425,OPTSTK,BFO,5.000000,14680,False
849896,ADANIENT26SEP2860PE,ADANIENT,24SEP2026,286000.000000,309,OPTSTK,BFO,5.000000,9000,False
855723,NAUKRI26SEP1180PE,NAUKRI,24SEP2026,118000.000000,550,OPTSTK,BFO,5.000000,6000,False
855746,GODREJPROP26SEP2140PE,GODREJPROP,24SEP2026,214000.000000,325,OPTSTK,BFO,5.000000,19000,False
855754,BAJAJHLDNG26SEP11700PE,BAJAJHLDNG,24SEP2026,1170000.000000,75,OPTSTK,BFO,5.000000,100000000,False
855773,POWERINDIA26SEP28500PE,POWERINDIA,24SEP2026,2850000.000000,25,OPTSTK,BFO,5.000000,100000000,False
1119322,LAURUSLABS26SEP2080CE,LAURUSLABS,24SEP2026,208000.000000,850,OPTSTK,BFO,5.000000,68000,False
1119365,COFORGE26OCT2120PE,COFORGE,29OCT2026,212000.000000,475,OPTSTK,BFO,5.000000,6000,False
1119371,ASIANPAINT26OCT2460CE,ASIANPAINT,29OCT2026,246000.000000,250,OPTSTK,BFO,5.000000,8000,False
1119387,HCLTECH26NOV1360PE,HCLTECH,26NOV2026,136000.000000,400,OPTSTK,BFO,5.000000,21000,False
845709,IEX26SEP129CE,IEX,24SEP2026,12900.000000,4350,OPTSTK,BFO,5.000000,150000,False
845714,GRASIM26SEP3020PE,GRASIM,24SEP2026,302000.000000,250,OPTSTK,BFO,5.000000,14250,False
845723,INDUSINDBK26SEP900CE,INDUSINDBK,24SEP2026,90000.000000,700,OPTSTK,BFO,5.000000,20000,False
845749,NATIONALUM26SEP300CE,NATIONALUM,24SEP2026,30000.000000,1875,OPTSTK,BFO,5.000000,300000,False
855796,CGPOWER26SEP800PE,CGPOWER,24SEP2026,80000.000000,850,OPTSTK,BFO,5.000000,100000000,False
855803,BHARTIARTL26SEP2040PE,BHARTIARTL,24SEP2026,204000.000000,475,OPTSTK,BFO,5.000000,28500,False
855826,UNIONBANK26SEP145CE,UNIONBANK,24SEP2026,14500.000000,4425,OPTSTK,BFO,5.000000,100000000,False
855832,APOLLOHOSP26SEP9600CE,APOLLOHOSP,24SEP2026,960000.000000,125,OPTSTK,BFO,5.000000,5000,False
845761,LAURUSLABS26SEP1420CE,LAURUSLABS,24SEP2026,142000.000000,850,OPTSTK,BFO,5.000000,68000,False
845766,ADANIENSOL26SEP1520CE,ADANIENSOL,24SEP2026,152000.000000,675,OPTSTK,BFO,5.000000,100000000,False
845768,DIXON26SEP12600CE,DIXON,24SEP2026,1260000.000000,50,OPTSTK,BFO,5.000000,6000,False
845770,INDIGO26SEP5450PE,INDIGO,24SEP2026,545000.000000,150,OPTSTK,BFO,5.000000,12000,False
849908,MARUTI26SEP12800CE,MARUTI,24SEP2026,1280000.000000,50,OPTSTK,BFO,5.000000,3000,False
849920,MOTHERSON26SEP144CE,MOTHERSON,24SEP2026,14400.000000,6150,OPTSTK,BFO,5.000000,284000,False
849926,CUMMINSIND26SEP5250PE,CUMMINSIND,24SEP2026,525000.000000,200,OPTSTK,BFO,5.000000,18000,False
849927,DIVISLAB26SEP6200CE,DIVISLAB,24SEP2026,620000.000000,100,OPTSTK,BFO,5.000000,8000,False
1119416,FOCIT26NOV45000PE,FOCIT,26NOV2026,4500000.000000,45,OPTIDX,BFO,5.000000,1350,False
1119437,GVT&D26NOV3600CE,GVT&D,26NOV2026,360000.000000,125,OPTSTK,BFO,5.000000,100000000,False
1119438,ATHERENERG26SEP1660CE,ATHERENERG,24SEP2026,166000.000000,375,OPTSTK,BFO,5.000000,100000000,False
1119447,LAURUSLABS26OCT2080PE,LAURUSLABS,29OCT2026,208000.000000,850,OPTSTK,BFO,5.000000,68000,False
855835,NATIONALUM26SEP420CE,NATIONALUM,24SEP2026,42000.000000,1875,OPTSTK,BFO,5.000000,300000,False
855852,DMART26SEP3750PE,DMART,24SEP2026,375000.000000,150,OPTSTK,BFO,5.000000,100000000,False
855854,NATIONALUM26SEP420PE,NATIONALUM,24SEP2026,42000.000000,1875,OPTSTK,BFO,5.000000,300000,False
855863,LODHA26SEP1160CE,LODHA,24SEP2026,116000.000000,625,OPTSTK,BFO,5.000000,100000000,False
849930,RELIANCE26SEP1240CE,RELIANCE,24SEP2026,124000.000000,500,OPTSTK,BFO,5.000000,10000,False
849932,JSWENERGY26SEP615PE,JSWENERGY,24SEP2026,61500.000000,1075,OPTSTK,BFO,5.000000,100000000,False
849950,TRENT26SEP3600PE,TRENT,24SEP2026,360000.000000,225,OPTSTK,BFO,5.000000,16000,False
849951,APLAPOLLO26SEP1640PE,APLAPOLLO,24SEP2026,164000.000000,350,OPTSTK,BFO,5.000000,100000000,False
1119459,OIL26SEP520CE,OIL,24SEP2026,52000.000000,1400,OPTSTK,BFO,5.000000,100000000,False
1119482,NAUKRI26NOV1500CE,NAUKRI,26NOV2026,150000.000000,550,OPTSTK,BFO,5.000000,6000,False
1119497,UNIONBANK26NOV200CE,UNIONBANK,26NOV2026,20000.000000,4425,OPTSTK,BFO,5.000000,100000000,False
1119519,PFC26OCT315PE,PFC,29OCT2026,31500.000000,1300,OPTSTK,BFO,5.000000,124000,False
845773,TCS26SEP2060CE,TCS,24SEP2026,206000.000000,225,OPTSTK,BFO,5.000000,7000,False
845779,DLF26SEP600PE,DLF,24SEP2026,60000.000000,950,OPTSTK,BFO,5.000000,49500,False
845801,JUBLFOOD26SEP460PE,JUBLFOOD,24SEP2026,46000.000000,1250,OPTSTK,BFO,5.000000,50000,False
845802,GRASIM26SEP2980PE,GRASIM,24SEP2026,298000.000000,250,OPTSTK,BFO,5.000000,14250,False
855896,LTF26SEP355PE,LTF,24SEP2026,35500.000000,2250,OPTSTK,BFO,5.000000,267720,False
855903,BANKBARODA26SEP215PE,BANKBARODA,24SEP2026,21500.000000,2925,OPTSTK,BFO,5.000000,175500,False
855914,TORNTPHARM26SEP5100CE,TORNTPHARM,24SEP2026,510000.000000,125,OPTSTK,BFO,5.000000,15000,False
855925,PREMIERENE26SEP900CE,PREMIERENE,24SEP2026,90000.000000,650,OPTSTK,BFO,5.000000,100000000,False
1119556,OIL26NOV510PE,OIL,26NOV2026,51000.000000,1400,OPTSTK,BFO,5.000000,100000000,False
1119577,MAHABANK26NOV77CE,MAHABANK,26NOV2026,7700.000000,6500,OPTSTK,BFO,5.000000,100000000,False
1119591,SAGILITY26NOV53PE,SAGILITY,26NOV2026,5300.000000,12000,OPTSTK,BFO,5.000000,100000000,False
1119616,PERSISTENT26NOV6400CE,PERSISTENT,26NOV2026,640000.000000,125,OPTSTK,BFO,5.000000,5250,False
845807,ICICIGI26SEP1820PE,ICICIGI,24SEP2026,182000.000000,325,OPTSTK,BFO,5.000000,20000,False
845847,BHARATFORG26SEP2040CE,BHARATFORG,24SEP2026,204000.000000,500,OPTSTK,BFO,5.000000,30000,False
845853,KOTAKBANK26SEP402.5CE,KOTAKBANK,24SEP2026,40250.000000,2000,OPTSTK,BFO,5.000000,12000,False
845860,IOC26SEP149PE,IOC,24SEP2026,14900.000000,4875,OPTSTK,BFO,5.000000,292500,False
849960,CIPLA26SEP1520PE,CIPLA,24SEP2026,152000.000000,425,OPTSTK,BFO,5.000000,26000,False
849964,SBILIFE26SEP1900CE,SBILIFE,24SEP2026,190000.000000,375,OPTSTK,BFO,5.000000,22500,False
849968,LAURUSLABS26SEP1550CE,LAURUSLABS,24SEP2026,155000.000000,850,OPTSTK,BFO,5.000000,68000,False
850022,LICHSGFIN26SEP595PE,LICHSGFIN,24SEP2026,59500.000000,1000,OPTSTK,BFO,5.000000,60000,False
855951,DMART26SEP3700PE,DMART,24SEP2026,370000.000000,150,OPTSTK,BFO,5.000000,100000000,False
855998,ICICIPRULI26SEP450CE,ICICIPRULI,24SEP2026,45000.000000,925,OPTSTK,BFO,5.000000,60000,False
856050,POWERINDIA26SEP30000PE,POWERINDIA,24SEP2026,3000000.000000,25,OPTSTK,BFO,5.000000,100000000,False
856066,OBEROIRLTY26SEP2020PE,OBEROIRLTY,24SEP2026,202000.000000,350,OPTSTK,BFO,5.000000,28000,False
1119641,HDFCAMC26NOV2200PE,HDFCAMC,26NOV2026,220000.000000,300,OPTSTK,BFO,5.000000,12000,False
1119656,ATHERENERG26OCT1680PE,ATHERENERG,29OCT2026,168000.000000,375,OPTSTK,BFO,5.000000,100000000,False
1119675,FOCIT26NOV44700CE,FOCIT,26NOV2026,4470000.000000,45,OPTIDX,BFO,5.000000,1350,False
845863,SHREECEM26SEP27250CE,SHREECEM,24SEP2026,2725000.000000,25,OPTSTK,BFO,5.000000,1000,False
845873,TECHM26SEP1264PE,TECHM,24SEP2026,126400.000000,600,OPTSTK,BFO,5.000000,24000,False
845874,ADANIENT26SEP2900CE,ADANIENT,24SEP2026,290000.000000,309,OPTSTK,BFO,5.000000,9000,False
845901,KPITTECH26SEP750CE,KPITTECH,24SEP2026,75000.000000,775,OPTSTK,BFO,5.000000,100000000,False
850044,BANKINDIA26SEP125CE,BANKINDIA,24SEP2026,12500.000000,5200,OPTSTK,BFO,5.000000,100000000,False
850048,INDIANB26SEP750CE,INDIANB,24SEP2026,75000.000000,1000,OPTSTK,BFO,5.000000,100000000,False
850056,SUNPHARMA26SEP2020CE,SUNPHARMA,24SEP2026,202000.000000,350,OPTSTK,BFO,5.000000,28000,False
850058,PERSISTENT26SEP4400CE,PERSISTENT,24SEP2026,440000.000000,125,OPTSTK,BFO,5.000000,5250,False
845911,HAL26SEP4500PE,HAL,24SEP2026,450000.000000,150,OPTSTK,BFO,5.000000,9000,False
845912,BANKEX26SEP65200CE,BANKEX,24SEP2026,6520000.000000,30,OPTIDX,BFO,5.000000,900,False
845916,BANKEX26SEP69800CE,BANKEX,24SEP2026,6980000.000000,30,OPTIDX,BFO,5.000000,900,False
845927,GODREJPROP26SEP1920CE,GODREJPROP,24SEP2026,192000.000000,325,OPTSTK,BFO,5.000000,19000,False
1119961,ATHERENERG26NOV1820CE,ATHERENERG,26NOV2026,182000.000000,375,OPTSTK,BFO,5.000000,100000000,False
1119976,LAURUSLABS26NOV1760CE,LAURUSLABS,26NOV2026,176000.000000,850,OPTSTK,BFO,5.000000,68000,False
1120053,ZYDUSLIFE26NOV1110PE,ZYDUSLIFE,26NOV2026,111000.000000,900,OPTSTK,BFO,5.000000,54000,False
850062,GMRAIRPORT26SEP117PE,GMRAIRPORT,24SEP2026,11700.000000,6975,OPTSTK,BFO,5.000000,675000,False
850069,NATIONALUM26SEP380PE,NATIONALUM,24SEP2026,38000.000000,1875,OPTSTK,BFO,5.000000,300000,False
850074,IREDA26SEP120CE,IREDA,24SEP2026,12000.000000,4525,OPTSTK,BFO,5.000000,100000000,False
850077,COCHINSHIP26SEP1280CE,COCHINSHIP,24SEP2026,128000.000000,400,OPTSTK,BFO,5.000000,100000000,False
1120061,SBIN26NOV1130PE,SBIN,26NOV2026,113000.000000,750,OPTSTK,BFO,5.000000,45000,False
1120064,OFSS26OCT13000PE,OFSS,29OCT2026,1300000.000000,100,OPTSTK,BFO,5.000000,8000,False
1120065,ADANIGREEN26OCT1140PE,ADANIGREEN,29OCT2026,114000.000000,600,OPTSTK,BFO,5.000000,100000000,False
1120068,SHREECEM26SEP22000CE,SHREECEM,24SEP2026,2200000.000000,25,OPTSTK,BFO,5.000000,1000,False
845928,PERSISTENT26SEP4850PE,PERSISTENT,24SEP2026,485000.000000,125,OPTSTK,BFO,5.000000,5250,False
845950,BANKEX26SEP63800CE,BANKEX,24SEP2026,6380000.000000,30,OPTIDX,BFO,5.000000,900,False
845953,SONACOMS26SEP650PE,SONACOMS,24SEP2026,65000.000000,1225,OPTSTK,BFO,5.000000,100000000,False
845960,OIL26SEP415CE,OIL,24SEP2026,41500.000000,1400,OPTSTK,BFO,5.000000,100000000,False
850099,SUPREMEIND26SEP2900CE,SUPREMEIND,24SEP2026,290000.000000,175,OPTSTK,BFO,5.000000,100000000,False
850106,IOC26SEP136CE,IOC,24SEP2026,13600.000000,4875,OPTSTK,BFO,5.000000,292500,False
850115,MUTHOOTFIN26SEP2650CE,MUTHOOTFIN,24SEP2026,265000.000000,275,OPTSTK,BFO,5.000000,22000,False
850120,ASIANPAINT26SEP2800CE,ASIANPAINT,24SEP2026,280000.000000,250,OPTSTK,BFO,5.000000,8000,False
1120069,ADANIENT26SEP2550CE,ADANIENT,24SEP2026,255000.000000,309,OPTSTK,BFO,5.000000,9000,False
1120120,ZYDUSLIFE26NOV1100CE,ZYDUSLIFE,26NOV2026,110000.000000,900,OPTSTK,BFO,5.000000,54000,False
1120150,SAGILITY26NOV54PE,SAGILITY,26NOV2026,5400.000000,12000,OPTSTK,BFO,5.000000,100000000,False
1120151,BAJAJ-AUTO26NOV12800PE,BAJAJ-AUTO,26NOV2026,1280000.000000,75,OPTSTK,BFO,5.000000,5000,False
845966,TITAN26SEP4500CE,TITAN,24SEP2026,450000.000000,175,OPTSTK,BFO,5.000000,11250,False
845981,GODREJCP26SEP1100CE,GODREJCP,24SEP2026,110000.000000,500,OPTSTK,BFO,5.000000,30000,False
846001,HAL26SEP4250PE,HAL,24SEP2026,425000.000000,150,OPTSTK,BFO,5.000000,9000,False
846009,BANKEX26SEP59200PE,BANKEX,24SEP2026,5920000.000000,30,OPTIDX,BFO,5.000000,900,False
850127,PAGEIND26SEP39000PE,PAGEIND,24SEP2026,3900000.000000,20,OPTSTK,BFO,5.000000,600,False
850136,M&M26SEP3020PE,M&M,24SEP2026,302000.000000,200,OPTSTK,BFO,5.000000,21000,False
850139,GODFRYPHLP26SEP2080CE,GODFRYPHLP,24SEP2026,208000.000000,275,OPTSTK,BFO,5.000000,100000000,False
850156,ABB26SEP7500CE,ABB,24SEP2026,750000.000000,125,OPTSTK,BFO,5.000000,7500,False
846014,MCX26SEP3200CE,MCX,24SEP2026,320000.000000,225,OPTSTK,BFO,5.000000,16000,False
846025,HINDZINC26SEPFUT,HINDZINC,24SEP2026,0.000000,1225,FUTSTK,BFO,5.000000,100000000,False
846035,SUNPHARMA26SEP1860CE,SUNPHARMA,24SEP2026,186000.000000,350,OPTSTK,BFO,5.000000,28000,False
846044,GODFRYPHLP26SEP2280PE,GODFRYPHLP,24SEP2026,228000.000000,275,OPTSTK,BFO,5.000000,100000000,False
1120164,SAGILITY26NOV54CE,SAGILITY,26NOV2026,5400.000000,12000,OPTSTK,BFO,5.000000,100000000,False
1120185,ADANIENT26OCT2550PE,ADANIENT,29OCT2026,255000.000000,309,OPTSTK,BFO,5.000000,9000,False
1120193,SHREECEM26OCT22000CE,SHREECEM,29OCT2026,2200000.000000,25,OPTSTK,BFO,5.000000,1000,False
1120204,ASIANPAINT26NOV2440CE,ASIANPAINT,26NOV2026,244000.000000,250,OPTSTK,BFO,5.000000,8000,False
850159,TMPV26SEP310CE,TMPV,24SEP2026,31000.000000,1600,OPTSTK,BFO,5.000000,42750,False
850171,MARUTI26SEP12900CE,MARUTI,24SEP2026,1290000.000000,50,OPTSTK,BFO,5.000000,3000,False
850176,SOLARINDS26SEP19500PE,SOLARINDS,24SEP2026,1950000.000000,50,OPTSTK,BFO,5.000000,100000000,False
850191,TATACONSUM26SEP1040PE,TATACONSUM,24SEP2026,104000.000000,550,OPTSTK,BFO,5.000000,36000,False
846045,INOXWIND26SEP90PE,INOXWIND,24SEP2026,9000.000000,6400,OPTSTK,BFO,5.000000,100000000,False
846057,DABUR26SEP440PE,DABUR,24SEP2026,44000.000000,1250,OPTSTK,BFO,5.000000,50000,False
846064,KALYANKJIL26SEP385PE,KALYANKJIL,24SEP2026,38500.000000,1350,OPTSTK,BFO,5.000000,100000000,False
846068,CIPLA26SEP1480PE,CIPLA,24SEP2026,148000.000000,425,OPTSTK,BFO,5.000000,26000,False
1120242,INDUSINDBK26NOV1070PE,INDUSINDBK,26NOV2026,107000.000000,700,OPTSTK,BFO,5.000000,20000,False
1120313,GMRAIRPORT26OCT90PE,GMRAIRPORT,29OCT2026,9000.000000,6975,OPTSTK,BFO,5.000000,675000,False
850195,HEROMOTOCO26SEP4450PE,HEROMOTOCO,24SEP2026,445000.000000,150,OPTSTK,BFO,5.000000,9000,False
850211,MAXHEALTH26SEP1210PE,MAXHEALTH,24SEP2026,121000.000000,525,OPTSTK,BFO,5.000000,100000000,False
850219,AMBER26SEP6800CE,AMBER,24SEP2026,680000.000000,100,OPTSTK,BFO,5.000000,100000000,False
850220,CUMMINSIND26SEP5200PE,CUMMINSIND,24SEP2026,520000.000000,200,OPTSTK,BFO,5.000000,18000,False
1120205,ADANIPOWER26NOV165CE,ADANIPOWER,26NOV2026,16500.000000,3550,OPTSTK,BFO,5.000000,100000000,False
1120312,DRREDDY26NOV1100PE,DRREDDY,26NOV2026,110000.000000,625,OPTSTK,BFO,5.000000,5000,False
846076,BAJAJ-AUTO26SEP10100CE,BAJAJ-AUTO,24SEP2026,1010000.000000,75,OPTSTK,BFO,5.000000,5000,False
846081,SUNPHARMA26SEP1780PE,SUNPHARMA,24SEP2026,178000.000000,350,OPTSTK,BFO,5.000000,28000,False
846087,BANKEX26SEP62100CE,BANKEX,24SEP2026,6210000.000000,30,OPTIDX,BFO,5.000000,900,False
846088,AUBANK26SEP1080CE,AUBANK,24SEP2026,108000.000000,1000,OPTSTK,BFO,5.000000,30000,False
850241,HINDPETRO26SEP335.75CE,HINDPETRO,24SEP2026,33575.000000,2025,OPTSTK,BFO,5.000000,108000,False
850248,ASTRAL26SEP1300PE,ASTRAL,24SEP2026,130000.000000,425,OPTSTK,BFO,5.000000,14680,False
850263,ULTRACEMCO26SEP10460PE,ULTRACEMCO,24SEP2026,1046000.000000,50,OPTSTK,BFO,5.000000,3000,False
850277,AUROPHARMA26SEP1400PE,AUROPHARMA,24SEP2026,140000.000000,550,OPTSTK,BFO,5.000000,44000,False
856070,HCLTECH26SEP1210PE,HCLTECH,24SEP2026,121000.000000,400,OPTSTK,BFO,5.000000,21000,False
856078,ANGELONE26SEP385PE,ANGELONE,24SEP2026,38500.000000,2500,OPTSTK,BFO,5.000000,100000000,False
856084,NESTLEIND26SEP1530CE,NESTLEIND,24SEP2026,153000.000000,500,OPTSTK,BFO,5.000000,1200,False
856116,BLUESTARCO26SEP1440PE,BLUESTARCO,24SEP2026,144000.000000,325,OPTSTK,BFO,5.000000,100000000,False
1120365,ATHERENERG26SEP1800PE,ATHERENERG,24SEP2026,180000.000000,375,OPTSTK,BFO,5.000000,100000000,False
1120372,ADANIPOWER26SEP165PE,ADANIPOWER,24SEP2026,16500.000000,3550,OPTSTK,BFO,5.000000,100000000,False
1120388,RVNL26SEP175CE,RVNL,24SEP2026,17500.000000,1925,OPTSTK,BFO,5.000000,100000000,False
1120405,NBCC26OCT67.5PE,NBCC,29OCT2026,6750.000000,6500,OPTSTK,BFO,5.000000,100000000,False
846095,FORCEMOT26SEP15500PE,FORCEMOT,24SEP2026,1550000.000000,25,OPTSTK,BFO,5.000000,100000000,False
846101,POLYCAB26SEP8800PE,POLYCAB,24SEP2026,880000.000000,125,OPTSTK,BFO,5.000000,9000,False
846139,UNOMINDA26SEP1240PE,UNOMINDA,24SEP2026,124000.000000,550,OPTSTK,BFO,5.000000,100000000,False
846145,OIL26SEP380CE,OIL,24SEP2026,38000.000000,1400,OPTSTK,BFO,5.000000,100000000,False
850286,PRESTIGE26SEP1400PE,PRESTIGE,24SEP2026,140000.000000,450,OPTSTK,BFO,5.000000,100000000,False
850304,BDL26SEP1200PE,BDL,24SEP2026,120000.000000,425,OPTSTK,BFO,5.000000,100000000,False
850314,INDIGO26SEP5050PE,INDIGO,24SEP2026,505000.000000,150,OPTSTK,BFO,5.000000,12000,False
850345,UNOMINDA26SEP960CE,UNOMINDA,24SEP2026,96000.000000,550,OPTSTK,BFO,5.000000,100000000,False
856130,BOSCHLTD26SEP45500CE,BOSCHLTD,24SEP2026,4550000.000000,25,OPTSTK,BFO,5.000000,1500,False
856139,WAAREEENER26SEP2500CE,WAAREEENER,24SEP2026,250000.000000,175,OPTSTK,BFO,5.000000,100000000,False
856207,MARUTI26SEP15200PE,MARUTI,24SEP2026,1520000.000000,50,OPTSTK,BFO,5.000000,3000,False
856222,UNIONBANK26SEP142.5CE,UNIONBANK,24SEP2026,14250.000000,4425,OPTSTK,BFO,5.000000,100000000,False
1120426,GMRAIRPORT26NOV91PE,GMRAIRPORT,26NOV2026,9100.000000,6975,OPTSTK,BFO,5.000000,675000,False
1120434,GMRAIRPORT26NOV91CE,GMRAIRPORT,26NOV2026,9100.000000,6975,OPTSTK,BFO,5.000000,675000,False
1120452,ITC26NOV245CE,ITC,26NOV2026,24500.000000,1725,OPTSTK,BFO,5.000000,64000,False
1120460,ADANIGREEN26SEP1120PE,ADANIGREEN,24SEP2026,112000.000000,600,OPTSTK,BFO,5.000000,100000000,False
856254,TVSMOTOR26SEP4050CE,TVSMOTOR,24SEP2026,405000.000000,175,OPTSTK,BFO,5.000000,21000,False
856273,VBL26SEP430CE,VBL,24SEP2026,43000.000000,1275,OPTSTK,BFO,5.000000,100000000,False
856277,BDL26SEP1540CE,BDL,24SEP2026,154000.000000,425,OPTSTK,BFO,5.000000,100000000,False
856288,INDIANB26SEP720PE,INDIANB,24SEP2026,72000.000000,1000,OPTSTK,BFO,5.000000,100000000,False
846154,GVT&D26SEP3800PE,GVT&D,24SEP2026,380000.000000,125,OPTSTK,BFO,5.000000,100000000,False
846158,UNOMINDA26SEP1080PE,UNOMINDA,24SEP2026,108000.000000,550,OPTSTK,BFO,5.000000,100000000,False
846171,M&M26SEP3280PE,M&M,24SEP2026,328000.000000,200,OPTSTK,BFO,5.000000,21000,False
846191,ONGC26SEP235PE,ONGC,24SEP2026,23500.000000,2250,OPTSTK,BFO,5.000000,154000,False
1120502,ANGELONE26NOV255CE,ANGELONE,26NOV2026,25500.000000,2500,OPTSTK,BFO,5.000000,100000000,False
1120510,PATANJALI26OCT310PE,PATANJALI,29OCT2026,31000.000000,1075,OPTSTK,BFO,5.000000,100000000,False
1120518,IEX26NOV102.5CE,IEX,26NOV2026,10250.000000,4350,OPTSTK,BFO,5.000000,150000,False
1120520,KOTAKBANK26NOV385PE,KOTAKBANK,26NOV2026,38500.000000,2000,OPTSTK,BFO,5.000000,12000,False
850364,GODREJCP26SEP950CE,GODREJCP,24SEP2026,95000.000000,500,OPTSTK,BFO,5.000000,30000,False
850369,ADANIENT26SEP2860CE,ADANIENT,24SEP2026,286000.000000,309,OPTSTK,BFO,5.000000,9000,False
850386,PAGEIND26SEP38750PE,PAGEIND,24SEP2026,3875000.000000,20,OPTSTK,BFO,5.000000,600,False
850392,NBCC26SEP97CE,NBCC,24SEP2026,9700.000000,6500,OPTSTK,BFO,5.000000,100000000,False
856324,JSWSTEEL26SEP1380PE,JSWSTEEL,24SEP2026,138000.000000,675,OPTSTK,BFO,5.000000,40500,False
856407,JUBLFOOD26SEP475CE,JUBLFOOD,24SEP2026,47500.000000,1250,OPTSTK,BFO,5.000000,50000,False
856457,GODREJCP26SEP1160PE,GODREJCP,24SEP2026,116000.000000,500,OPTSTK,BFO,5.000000,30000,False
856477,CHOLAFIN26SEP1960PE,CHOLAFIN,24SEP2026,196000.000000,625,OPTSTK,BFO,5.000000,25000,False
846202,PAGEIND26SEP39500PE,PAGEIND,24SEP2026,3950000.000000,20,OPTSTK,BFO,5.000000,600,False
846208,NAUKRI26SEP1030PE,NAUKRI,24SEP2026,103000.000000,550,OPTSTK,BFO,5.000000,6000,False
846236,RELIANCE26SEP1320PE,RELIANCE,24SEP2026,132000.000000,500,OPTSTK,BFO,5.000000,10000,False
846250,INOXWIND26SEP91CE,INOXWIND,24SEP2026,9100.000000,6400,OPTSTK,BFO,5.000000,100000000,False
850398,ULTRACEMCO26SEP10360CE,ULTRACEMCO,24SEP2026,1036000.000000,50,OPTSTK,BFO,5.000000,3000,False
850400,LAURUSLABS26SEP1560CE,LAURUSLABS,24SEP2026,156000.000000,850,OPTSTK,BFO,5.000000,68000,False
850416,KEI26SEP5850PE,KEI,24SEP2026,585000.000000,175,OPTSTK,BFO,5.000000,100000000,False
850442,MPHASIS26SEP2038CE,MPHASIS,24SEP2026,203800.000000,275,OPTSTK,BFO,5.000000,11000,False
1120628,PIIND26NOV2050PE,PIIND,26NOV2026,205000.000000,175,OPTSTK,BFO,5.000000,7500,False
1120637,BIOCON26OCT370CE,BIOCON,29OCT2026,37000.000000,2500,OPTSTK,BFO,5.000000,100000,False
1120661,ICICIBANK26NOV1520CE,ICICIBANK,26NOV2026,152000.000000,700,OPTSTK,BFO,5.000000,28000,False
1120685,KAYNES26NOV3350PE,KAYNES,26NOV2026,335000.000000,150,OPTSTK,BFO,5.000000,100000000,False
846257,VMM26SEP117PE,VMM,24SEP2026,11700.000000,4850,OPTSTK,BFO,5.000000,100000000,False
846258,GLENMARK26SEP2020PE,GLENMARK,24SEP2026,202000.000000,375,OPTSTK,BFO,5.000000,43500,False
846263,ASIANPAINT26SEP2520PE,ASIANPAINT,24SEP2026,252000.000000,250,OPTSTK,BFO,5.000000,8000,False
846272,DRREDDY26SEP1350PE,DRREDDY,24SEP2026,135000.000000,625,OPTSTK,BFO,5.000000,5000,False
856522,IRFC26SEP83CE,IRFC,24SEP2026,8300.000000,5425,OPTSTK,BFO,5.000000,100000000,False
856543,HDFCBANK26SEP900CE,HDFCBANK,24SEP2026,90000.000000,650,OPTSTK,BFO,5.000000,16500,False
856546,SONACOMS26SEP740PE,SONACOMS,24SEP2026,74000.000000,1225,OPTSTK,BFO,5.000000,100000000,False
856564,HDFCBANK26SEP900PE,HDFCBANK,24SEP2026,90000.000000,650,OPTSTK,BFO,5.000000,16500,False
846275,ICICIGI26SEP1860PE,ICICIGI,24SEP2026,186000.000000,325,OPTSTK,BFO,5.000000,20000,False
846297,ADANIENSOL26SEP1480PE,ADANIENSOL,24SEP2026,148000.000000,675,OPTSTK,BFO,5.000000,100000000,False
846315,AUROPHARMA26SEP1420CE,AUROPHARMA,24SEP2026,142000.000000,550,OPTSTK,BFO,5.000000,44000,False
846342,CHOLAFIN26SEP1820PE,CHOLAFIN,24SEP2026,182000.000000,625,OPTSTK,BFO,5.000000,25000,False
850446,PREMIERENE26SEP970PE,PREMIERENE,24SEP2026,97000.000000,650,OPTSTK,BFO,5.000000,100000000,False
850483,EICHERMOT26SEP7150CE,EICHERMOT,24SEP2026,715000.000000,100,OPTSTK,BFO,5.000000,7000,False
850515,HYUNDAI26SEP1760CE,HYUNDAI,24SEP2026,176000.000000,275,OPTSTK,BFO,5.000000,100000000,False
850519,IRFC26SEP84CE,IRFC,24SEP2026,8400.000000,5425,OPTSTK,BFO,5.000000,100000000,False
856585,BRITANNIA26SEP5750CE,BRITANNIA,24SEP2026,575000.000000,125,OPTSTK,BFO,5.000000,6000,False
856682,BAJAJ-AUTO26SEP10700CE,BAJAJ-AUTO,24SEP2026,1070000.000000,75,OPTSTK,BFO,5.000000,5000,False
856747,GRASIM26SEP3340PE,GRASIM,24SEP2026,334000.000000,250,OPTSTK,BFO,5.000000,14250,False
856784,GODREJCP26SEP1170CE,GODREJCP,24SEP2026,117000.000000,500,OPTSTK,BFO,5.000000,30000,False
1120704,MAHABANK26OCT75PE,MAHABANK,29OCT2026,7500.000000,6500,OPTSTK,BFO,5.000000,100000000,False
1120707,KAYNES26NOV3500PE,KAYNES,26NOV2026,350000.000000,150,OPTSTK,BFO,5.000000,100000000,False
1120731,COLPAL26NOV2000PE,COLPAL,26NOV2026,200000.000000,275,OPTSTK,BFO,5.000000,14000,False
1120732,TATAELXSI26OCT3250CE,TATAELXSI,29OCT2026,325000.000000,125,OPTSTK,BFO,5.000000,100000000,False
856795,KOTAKBANK26SEP355CE,KOTAKBANK,24SEP2026,35500.000000,2000,OPTSTK,BFO,5.000000,12000,False
856807,ASIANPAINT26SEP2900CE,ASIANPAINT,24SEP2026,290000.000000,250,OPTSTK,BFO,5.000000,8000,False
856816,BAJAJ-AUTO26SEP10700PE,BAJAJ-AUTO,24SEP2026,1070000.000000,75,OPTSTK,BFO,5.000000,5000,False
856821,SENSEX26SEP85200PE,SENSEX,24SEP2026,8520000.000000,20,OPTIDX,BFO,5.000000,1000,False
850541,SRF26SEP2540CE,SRF,24SEP2026,254000.000000,200,OPTSTK,BFO,5.000000,11250,False
850543,ASTRAL26SEP1240CE,ASTRAL,24SEP2026,124000.000000,425,OPTSTK,BFO,5.000000,14680,False
850545,BHARATFORG26SEP2320PE,BHARATFORG,24SEP2026,232000.000000,500,OPTSTK,BFO,5.000000,30000,False
850558,INDHOTEL26SEP670PE,INDHOTEL,24SEP2026,67000.000000,1000,OPTSTK,BFO,5.000000,60000,False
1120735,GMRAIRPORT26OCT89PE,GMRAIRPORT,29OCT2026,8900.000000,6975,OPTSTK,BFO,5.000000,675000,False
1120761,ZYDUSLIFE26NOV1110CE,ZYDUSLIFE,26NOV2026,111000.000000,900,OPTSTK,BFO,5.000000,54000,False
1120766,ADANIENSOL26SEP1320CE,ADANIENSOL,24SEP2026,132000.000000,675,OPTSTK,BFO,5.000000,100000000,False
1120787,CUMMINSIND26NOV4400CE,CUMMINSIND,26NOV2026,440000.000000,200,OPTSTK,BFO,5.000000,18000,False
846346,ADANIPOWER26SEP247.5CE,ADANIPOWER,24SEP2026,24750.000000,3550,OPTSTK,BFO,5.000000,100000000,False
846347,FORTIS26SEP1010PE,FORTIS,24SEP2026,101000.000000,775,OPTSTK,BFO,5.000000,100000000,False
846361,ANGELONE26SEP325CE,ANGELONE,24SEP2026,32500.000000,2500,OPTSTK,BFO,5.000000,100000000,False
846378,APLAPOLLO26SEP1740PE,APLAPOLLO,24SEP2026,174000.000000,350,OPTSTK,BFO,5.000000,100000000,False
856834,INOXWIND26SEP67.5PE,INOXWIND,24SEP2026,6750.000000,6400,OPTSTK,BFO,5.000000,100000000,False
856869,UNITDSPR26SEP1580PE,UNITDSPR,24SEP2026,158000.000000,400,OPTSTK,BFO,5.000000,28000,False
856874,HCLTECH26SEP1240PE,HCLTECH,24SEP2026,124000.000000,400,OPTSTK,BFO,5.000000,21000,False
856906,SAIL26SEP147.5CE,SAIL,24SEP2026,14750.000000,4700,OPTSTK,BFO,5.000000,320000,False
846379,KAYNES26SEP3400PE,KAYNES,24SEP2026,340000.000000,150,OPTSTK,BFO,5.000000,100000000,False
846380,HAL26SEP4700PE,HAL,24SEP2026,470000.000000,150,OPTSTK,BFO,5.000000,9000,False
846385,SUPREMEIND26SEP3550CE,SUPREMEIND,24SEP2026,355000.000000,175,OPTSTK,BFO,5.000000,100000000,False
846389,PIDILITIND26SEP1630PE,PIDILITIND,24SEP2026,163000.000000,500,OPTSTK,BFO,5.000000,10000,False
850595,PERSISTENT26SEP4450CE,PERSISTENT,24SEP2026,445000.000000,125,OPTSTK,BFO,5.000000,5250,False
850617,PERSISTENT26SEP3950CE,PERSISTENT,24SEP2026,395000.000000,125,OPTSTK,BFO,5.000000,5250,False
850647,IREDA26SEP127.5PE,IREDA,24SEP2026,12750.000000,4525,OPTSTK,BFO,5.000000,100000000,False
850652,RADICO26SEP4150CE,RADICO,24SEP2026,415000.000000,150,OPTSTK,BFO,5.000000,100000000,False
1120842,ADANIENSOL26NOV1320PE,ADANIENSOL,26NOV2026,132000.000000,675,OPTSTK,BFO,5.000000,100000000,False
1120852,ADANIPOWER26NOV175CE,ADANIPOWER,26NOV2026,17500.000000,3550,OPTSTK,BFO,5.000000,100000000,False
1120861,BEL26NOV450CE,BEL,26NOV2026,45000.000000,1425,OPTSTK,BFO,5.000000,228000,False
1120941,AUROPHARMA26OCT1840CE,AUROPHARMA,29OCT2026,184000.000000,550,OPTSTK,BFO,5.000000,44000,False
856917,SAIL26SEP147.5PE,SAIL,24SEP2026,14750.000000,4700,OPTSTK,BFO,5.000000,320000,False
856919,NAUKRI26SEP1240CE,NAUKRI,24SEP2026,124000.000000,550,OPTSTK,BFO,5.000000,6000,False
856927,ETERNAL26SEP325PE,ETERNAL,24SEP2026,32500.000000,2425,OPTSTK,BFO,5.000000,100000000,False
856938,INDUSINDBK26SEP1090CE,INDUSINDBK,24SEP2026,109000.000000,700,OPTSTK,BFO,5.000000,20000,False
1120969,JSWENERGY26NOV460PE,JSWENERGY,26NOV2026,46000.000000,1075,OPTSTK,BFO,5.000000,100000000,False
1121017,SENSEX26SEP67000CE,SENSEX,24SEP2026,6700000.000000,20,OPTIDX,BFO,5.000000,1000,False
1121056,360ONE26NOV1040CE,,26NOV2026,104000.000000,500,OPTSTK,BFO,5.000000,100000000,False
1121085,ADANIGREEN26NOV1080CE,ADANIGREEN,26NOV2026,108000.000000,600,OPTSTK,BFO,5.000000,100000000,False
856977,LTM26SEP4200PE,LTM,24SEP2026,420000.000000,150,OPTSTK,BFO,5.000000,4500,False
857024,IREDA26SEP107.5CE,IREDA,24SEP2026,10750.000000,4525,OPTSTK,BFO,5.000000,100000000,False
846391,BANKEX26SEP67700CE,BANKEX,24SEP2026,6770000.000000,30,OPTIDX,BFO,5.000000,900,False
846395,HAVELLS26SEP1220PE,HAVELLS,24SEP2026,122000.000000,500,OPTSTK,BFO,5.000000,20000,False
846399,BANKEX26SEP70100PE,BANKEX,24SEP2026,7010000.000000,30,OPTIDX,BFO,5.000000,900,False
846416,SENSEX31JUN74000CE,SENSEX,26JUN2031,7400000.000000,20,OPTIDX,BFO,5.000000,1000,False
850667,BANKEX26SEP58100CE,BANKEX,24SEP2026,5810000.000000,30,OPTIDX,BFO,5.000000,900,False
850689,SONACOMS26SEP560PE,SONACOMS,24SEP2026,56000.000000,1225,OPTSTK,BFO,5.000000,100000000,False
850701,FEDERALBNK26SEP305CE,FEDERALBNK,24SEP2026,30500.000000,2500,OPTSTK,BFO,5.000000,200000,False
850704,APOLLOHOSP26SEP9200PE,APOLLOHOSP,24SEP2026,920000.000000,125,OPTSTK,BFO,5.000000,5000,False
857009,LT26SEP3650PE,LT,24SEP2026,365000.000000,175,OPTSTK,BFO,5.000000,12000,False
857011,INOXWIND26SEP67.5CE,INOXWIND,24SEP2026,6750.000000,6400,OPTSTK,BFO,5.000000,100000000,False
1121093,ADANIGREEN26OCT1080CE,ADANIGREEN,29OCT2026,108000.000000,600,OPTSTK,BFO,5.000000,100000000,False
1121111,MUTHOOTFIN26NOV2650PE,MUTHOOTFIN,26NOV2026,265000.000000,275,OPTSTK,BFO,5.000000,22000,False
1121113,KAYNES26NOV3450PE,KAYNES,26NOV2026,345000.000000,150,OPTSTK,BFO,5.000000,100000000,False
1121115,EICHERMOT26NOV7300PE,EICHERMOT,26NOV2026,730000.000000,100,OPTSTK,BFO,5.000000,7000,False
857055,TECHM26SEP1580CE,TECHM,24SEP2026,158000.000000,600,OPTSTK,BFO,5.000000,24000,False
857077,MPHASIS26SEP2550PE,MPHASIS,24SEP2026,255000.000000,275,OPTSTK,BFO,5.000000,11000,False
857086,MPHASIS26SEP2450CE,MPHASIS,24SEP2026,245000.000000,275,OPTSTK,BFO,5.000000,11000,False
857123,NAUKRI26SEP1220CE,NAUKRI,24SEP2026,122000.000000,550,OPTSTK,BFO,5.000000,6000,False
846419,ASTRAL26SEPFUT,ASTRAL,24SEP2026,0.000000,425,FUTSTK,BFO,5.000000,14680,False
846424,FOCIT26SEP31500CE,FOCIT,24SEP2026,3150000.000000,45,OPTIDX,BFO,5.000000,1350,False
846436,WAAREEENER26SEP3000CE,WAAREEENER,24SEP2026,300000.000000,175,OPTSTK,BFO,5.000000,100000000,False
846462,INOXWIND26SEP96CE,INOXWIND,24SEP2026,9600.000000,6400,OPTSTK,BFO,5.000000,100000000,False
850724,BANKBARODA26SEP305PE,BANKBARODA,24SEP2026,30500.000000,2925,OPTSTK,BFO,5.000000,175500,False
850743,CIPLA26SEP1540CE,CIPLA,24SEP2026,154000.000000,425,OPTSTK,BFO,5.000000,26000,False
850760,BANDHANBNK26SEP240CE,BANDHANBNK,24SEP2026,24000.000000,3600,OPTSTK,BFO,5.000000,100000,False
850777,MPHASIS26SEP2288PE,MPHASIS,24SEP2026,228800.000000,275,OPTSTK,BFO,5.000000,11000,False
857129,HAVELLS26SEP1340CE,HAVELLS,24SEP2026,134000.000000,500,OPTSTK,BFO,5.000000,20000,False
857144,NAUKRI26SEP1260CE,NAUKRI,24SEP2026,126000.000000,550,OPTSTK,BFO,5.000000,6000,False
857178,MPHASIS26SEP2600CE,MPHASIS,24SEP2026,260000.000000,275,OPTSTK,BFO,5.000000,11000,False
857186,ADANIENSOL26SEP1800CE,ADANIENSOL,24SEP2026,180000.000000,675,OPTSTK,BFO,5.000000,100000000,False
1121129,BAJAJ-AUTO26SEP12700PE,BAJAJ-AUTO,24SEP2026,1270000.000000,75,OPTSTK,BFO,5.000000,5000,False
1121134,ITC26SEP240PE,ITC,24SEP2026,24000.000000,1725,OPTSTK,BFO,5.000000,64000,False
1121147,MARUTI26NOV14200PE,MARUTI,26NOV2026,1420000.000000,50,OPTSTK,BFO,5.000000,3000,False
1121166,BLUESTARCO26OCT1320CE,BLUESTARCO,29OCT2026,132000.000000,325,OPTSTK,BFO,5.000000,100000000,False
846489,CROMPTON26SEP282.5CE,CROMPTON,24SEP2026,28250.000000,2150,OPTSTK,BFO,5.000000,90000,False
846506,VEDL26SEP240PE,VEDL,24SEP2026,24000.000000,1150,OPTSTK,BFO,5.000000,80000,False
846507,SBILIFE26SEP1840PE,SBILIFE,24SEP2026,184000.000000,375,OPTSTK,BFO,5.000000,22500,False
846513,SRF26SEP2780CE,SRF,24SEP2026,278000.000000,200,OPTSTK,BFO,5.000000,11250,False
850809,BANDHANBNK26SEP175CE,BANDHANBNK,24SEP2026,17500.000000,3600,OPTSTK,BFO,5.000000,100000,False
850829,BAJFINANCE26SEP1070PE,BAJFINANCE,24SEP2026,107000.000000,750,OPTSTK,BFO,5.000000,3750,False
850840,LICHSGFIN26SEP620CE,LICHSGFIN,24SEP2026,62000.000000,1000,OPTSTK,BFO,5.000000,60000,False
850908,VMM26SEP117.5PE,VMM,24SEP2026,11750.000000,4850,OPTSTK,BFO,5.000000,100000000,False
857196,MPHASIS26SEP2000PE,MPHASIS,24SEP2026,200000.000000,275,OPTSTK,BFO,5.000000,11000,False
857200,MOTHERSON26SEP125PE,MOTHERSON,24SEP2026,12500.000000,6150,OPTSTK,BFO,5.000000,284000,False
857204,COFORGE26SEP1660CE,COFORGE,24SEP2026,166000.000000,475,OPTSTK,BFO,5.000000,6000,False
857210,CAMS26SEP710CE,CAMS,24SEP2026,71000.000000,825,OPTSTK,BFO,5.000000,100000000,False
846514,SHRIRAMFIN26SEP1070PE,SHRIRAMFIN,24SEP2026,107000.000000,825,OPTSTK,BFO,5.000000,18000,False
846534,UPL26SEP610PE,UPL,24SEP2026,61000.000000,1355,OPTSTK,BFO,5.000000,39000,False
846537,ADANIPOWER26SEP247.5PE,ADANIPOWER,24SEP2026,24750.000000,3550,OPTSTK,BFO,5.000000,100000000,False
846559,PATANJALI26SEP390PE,PATANJALI,24SEP2026,39000.000000,1075,OPTSTK,BFO,5.000000,100000000,False
1121200,GODREJCP26OCT830CE,GODREJCP,29OCT2026,83000.000000,500,OPTSTK,BFO,5.000000,30000,False
1121203,ZYDUSLIFE26NOV1090PE,ZYDUSLIFE,26NOV2026,109000.000000,900,OPTSTK,BFO,5.000000,54000,False
1121225,IDFCFIRSTB26NOV91CE,IDFCFIRSTB,26NOV2026,9100.000000,9275,OPTSTK,BFO,5.000000,450000,False
1121226,TCS26NOV2500PE,TCS,26NOV2026,250000.000000,225,OPTSTK,BFO,5.000000,7000,False
850909,HAVELLS26SEP1040PE,HAVELLS,24SEP2026,104000.000000,500,OPTSTK,BFO,5.000000,20000,False
850926,INFY26SEP940PE,INFY,24SEP2026,94000.000000,400,OPTSTK,BFO,5.000000,16000,False
850965,UNITDSPR26SEP1220PE,UNITDSPR,24SEP2026,122000.000000,400,OPTSTK,BFO,5.000000,28000,False
850972,PAGEIND26SEP44000CE,PAGEIND,24SEP2026,4400000.000000,20,OPTSTK,BFO,5.000000,600,False
857218,CAMS26SEP710PE,CAMS,24SEP2026,71000.000000,825,OPTSTK,BFO,5.000000,100000000,False
857224,MPHASIS26SEP2200PE,MPHASIS,24SEP2026,220000.000000,275,OPTSTK,BFO,5.000000,11000,False
857225,TRENT26SEP2750CE,TRENT,24SEP2026,275000.000000,225,OPTSTK,BFO,5.000000,16000,False
857227,VBL26SEP420PE,VBL,24SEP2026,42000.000000,1275,OPTSTK,BFO,5.000000,100000000,False
846563,BANKEX26SEP69400PE,BANKEX,24SEP2026,6940000.000000,30,OPTIDX,BFO,5.000000,900,False
846564,LTM26SEP4050PE,LTM,24SEP2026,405000.000000,150,OPTSTK,BFO,5.000000,4500,False
846566,CANBK26SEP134CE,CANBK,24SEP2026,13400.000000,6750,OPTSTK,BFO,5.000000,81000,False
846569,BAJAJ-AUTO26SEP10300CE,BAJAJ-AUTO,24SEP2026,1030000.000000,75,OPTSTK,BFO,5.000000,5000,False
857315,MAXHEALTH26SEP1010CE,MAXHEALTH,24SEP2026,101000.000000,525,OPTSTK,BFO,5.000000,100000000,False
857331,CAMS26SEP700CE,CAMS,24SEP2026,70000.000000,825,OPTSTK,BFO,5.000000,100000000,False
857332,CROMPTON26SEP230CE,CROMPTON,24SEP2026,23000.000000,2150,OPTSTK,BFO,5.000000,90000,False
857346,MOTILALOFS26SEP760PE,MOTILALOFS,24SEP2026,76000.000000,775,OPTSTK,BFO,5.000000,100000000,False
1121227,ADANIGREEN26OCT1100PE,ADANIGREEN,29OCT2026,110000.000000,600,OPTSTK,BFO,5.000000,100000000,False
1121230,GMRAIRPORT26SEP87CE,GMRAIRPORT,24SEP2026,8700.000000,6975,OPTSTK,BFO,5.000000,675000,False
1121234,ADANIGREEN26NOV1100CE,ADANIGREEN,26NOV2026,110000.000000,600,OPTSTK,BFO,5.000000,100000000,False
1121338,INDUSTOWER26NOV340CE,INDUSTOWER,26NOV2026,34000.000000,1700,OPTSTK,BFO,5.000000,170000,False
850973,KFINTECH26SEP980PE,KFINTECH,24SEP2026,98000.000000,575,OPTSTK,BFO,5.000000,100000000,False
850993,SHRIRAMFIN26SEP1120PE,SHRIRAMFIN,24SEP2026,112000.000000,825,OPTSTK,BFO,5.000000,18000,False
850998,JSWSTEEL26SEP1340PE,JSWSTEEL,24SEP2026,134000.000000,675,OPTSTK,BFO,5.000000,40500,False
851021,UNIONBANK26SEP150CE,UNIONBANK,24SEP2026,15000.000000,4425,OPTSTK,BFO,5.000000,100000000,False
846577,KOTAKBANK26SEP415CE,KOTAKBANK,24SEP2026,41500.000000,2000,OPTSTK,BFO,5.000000,12000,False
846582,IDFCFIRSTB26SEP76CE,IDFCFIRSTB,24SEP2026,7600.000000,9275,OPTSTK,BFO,5.000000,450000,False
846593,RADICO26SEP3300CE,RADICO,24SEP2026,330000.000000,150,OPTSTK,BFO,5.000000,100000000,False
846594,NMDC26SEP83CE,NMDC,24SEP2026,8300.000000,6750,OPTSTK,BFO,5.000000,225000,False
851042,LAURUSLABS26SEP1640CE,LAURUSLABS,24SEP2026,164000.000000,850,OPTSTK,BFO,5.000000,68000,False
851045,JSWENERGY26SEP650PE,JSWENERGY,24SEP2026,65000.000000,1075,OPTSTK,BFO,5.000000,100000000,False
851048,BHEL26SEP450CE,BHEL,24SEP2026,45000.000000,2625,OPTSTK,BFO,5.000000,315000,False
851099,VEDL26SEP285CE,VEDL,24SEP2026,28500.000000,1150,OPTSTK,BFO,5.000000,80000,False
857350,CONCOR26SEP415CE,CONCOR,24SEP2026,41500.000000,1250,OPTSTK,BFO,5.000000,40000,False
857368,RVNL26SEP190CE,RVNL,24SEP2026,19000.000000,1925,OPTSTK,BFO,5.000000,100000000,False
857394,CONCOR26SEP430PE,CONCOR,24SEP2026,43000.000000,1250,OPTSTK,BFO,5.000000,40000,False
857411,CAMS26SEP690PE,CAMS,24SEP2026,69000.000000,825,OPTSTK,BFO,5.000000,100000000,False
1121357,JSWSTEEL26NOV1160CE,JSWSTEEL,26NOV2026,116000.000000,675,OPTSTK,BFO,5.000000,40500,False
1121412,ABCAPITAL26NOV365CE,ABCAPITAL,26NOV2026,36500.000000,3100,OPTSTK,BFO,5.000000,162000,False
1121419,BAJFINANCE26NOV980PE,BAJFINANCE,26NOV2026,98000.000000,750,OPTSTK,BFO,5.000000,3750,False
1121421,TVSMOTOR26NOV3900PE,TVSMOTOR,26NOV2026,390000.000000,175,OPTSTK,BFO,5.000000,21000,False
846597,BANKEX26SEP63400PE,BANKEX,24SEP2026,6340000.000000,30,OPTIDX,BFO,5.000000,900,False
846619,PNB26SEP106PE,PNB,24SEP2026,10600.000000,8000,OPTSTK,BFO,5.000000,480000,False
846626,BANKEX26SEP70000CE,BANKEX,24SEP2026,7000000.000000,30,OPTIDX,BFO,5.000000,900,False
846640,UNIONBANK26SEP170CE,UNIONBANK,24SEP2026,17000.000000,4425,OPTSTK,BFO,5.000000,100000000,False
851114,KOTAKBANK26SEP430CE,KOTAKBANK,24SEP2026,43000.000000,2000,OPTSTK,BFO,5.000000,12000,False
851117,TIINDIA26SEP3400PE,TIINDIA,24SEP2026,340000.000000,200,OPTSTK,BFO,5.000000,100000000,False
851133,WIPRO26SEP155CE,WIPRO,24SEP2026,15500.000000,3000,OPTSTK,BFO,5.000000,60000,False
851138,PIDILITIND26SEP1480CE,PIDILITIND,24SEP2026,148000.000000,500,OPTSTK,BFO,5.000000,10000,False
857435,ONGC26SEP265CE,ONGC,24SEP2026,26500.000000,2250,OPTSTK,BFO,5.000000,154000,False
857436,VEDL26SEP235CE,VEDL,24SEP2026,23500.000000,1150,OPTSTK,BFO,5.000000,80000,False
857444,GODFRYPHLP26SEP1750CE,GODFRYPHLP,24SEP2026,175000.000000,275,OPTSTK,BFO,5.000000,100000000,False
857484,KOTAKBANK26SEP335CE,KOTAKBANK,24SEP2026,33500.000000,2000,OPTSTK,BFO,5.000000,12000,False
1121426,BAJAJ-AUTO26SEP12900PE,BAJAJ-AUTO,24SEP2026,1290000.000000,75,OPTSTK,BFO,5.000000,5000,False
1121437,ASIANPAINT26NOV2420CE,ASIANPAINT,26NOV2026,242000.000000,250,OPTSTK,BFO,5.000000,8000,False
1121440,BAJAJ-AUTO26SEP13100PE,BAJAJ-AUTO,24SEP2026,1310000.000000,75,OPTSTK,BFO,5.000000,5000,False
1121457,FOCIT26NOV45100CE,FOCIT,26NOV2026,4510000.000000,45,OPTIDX,BFO,5.000000,1350,False
857505,SAIL26SEP145CE,SAIL,24SEP2026,14500.000000,4700,OPTSTK,BFO,5.000000,320000,False
857512,BAJAJHLDNG26SEP9700CE,BAJAJHLDNG,24SEP2026,970000.000000,75,OPTSTK,BFO,5.000000,100000000,False
857542,POLYCAB26SEP8500CE,POLYCAB,24SEP2026,850000.000000,125,OPTSTK,BFO,5.000000,9000,False
857553,GODFRYPHLP26SEP1750PE,GODFRYPHLP,24SEP2026,175000.000000,275,OPTSTK,BFO,5.000000,100000000,False
846650,INDIANB26SEP900PE,INDIANB,24SEP2026,90000.000000,1000,OPTSTK,BFO,5.000000,100000000,False
846669,JIOFIN26SEP252.5CE,JIOFIN,24SEP2026,25250.000000,2350,OPTSTK,BFO,5.000000,100000000,False
846676,TATASTEEL26SEP202.5PE,TATASTEEL,24SEP2026,20250.000000,2750,OPTSTK,BFO,5.000000,220000,False
846704,RVNL26SEP265CE,RVNL,24SEP2026,26500.000000,1925,OPTSTK,BFO,5.000000,100000000,False
1121466,TATACONSUM26SEP960CE,TATACONSUM,24SEP2026,96000.000000,550,OPTSTK,BFO,5.000000,36000,False
1121482,ADANIENSOL26OCT1300CE,ADANIENSOL,29OCT2026,130000.000000,675,OPTSTK,BFO,5.000000,100000000,False
1121536,KEI26NOV4600CE,KEI,26NOV2026,460000.000000,175,OPTSTK,BFO,5.000000,100000000,False
1121550,ASHOKLEY26NOV152.5PE,ASHOKLEY,26NOV2026,15250.000000,5000,OPTSTK,BFO,5.000000,150000,False
851160,PETRONET26SEP245CE,PETRONET,24SEP2026,24500.000000,1900,OPTSTK,BFO,5.000000,120000,False
851161,ABB26SEP6600PE,ABB,24SEP2026,660000.000000,125,OPTSTK,BFO,5.000000,7500,False
851172,CROMPTON26SEP305PE,CROMPTON,24SEP2026,30500.000000,2150,OPTSTK,BFO,5.000000,90000,False
851176,MARICO26SEP880CE,MARICO,24SEP2026,88000.000000,1200,OPTSTK,BFO,5.000000,48000,False
857613,VMM26SEP97.5CE,VMM,24SEP2026,9750.000000,4850,OPTSTK,BFO,5.000000,100000000,False
857614,BIOCON26SEP360CE,BIOCON,24SEP2026,36000.000000,2500,OPTSTK,BFO,5.000000,100000,False
857661,SBIN26SEP950CE,SBIN,24SEP2026,95000.000000,750,OPTSTK,BFO,5.000000,45000,False
857666,HDFCLIFE26SEP520PE,HDFCLIFE,24SEP2026,52000.000000,1100,OPTSTK,BFO,5.000000,44000,False
846712,UPL26SEP615PE,UPL,24SEP2026,61500.000000,1355,OPTSTK,BFO,5.000000,39000,False
846714,ITC26SEP280PE,ITC,24SEP2026,28000.000000,1725,OPTSTK,BFO,5.000000,64000,False
846715,JINDALSTEL26SEP1080CE,JINDALSTEL,24SEP2026,108000.000000,625,OPTSTK,BFO,5.000000,37500,False
846719,INDUSTOWER26SEP416PE,INDUSTOWER,24SEP2026,41600.000000,1700,OPTSTK,BFO,5.000000,170000,False
851197,DIVISLAB26SEP7300PE,DIVISLAB,24SEP2026,730000.000000,100,OPTSTK,BFO,5.000000,8000,False
851225,BANKBARODA26SEP310CE,BANKBARODA,24SEP2026,31000.000000,2925,OPTSTK,BFO,5.000000,175500,False
851264,NAUKRI26SEP1080CE,NAUKRI,24SEP2026,108000.000000,550,OPTSTK,BFO,5.000000,6000,False
851294,ETERNAL26SEP290CE,ETERNAL,24SEP2026,29000.000000,2425,OPTSTK,BFO,5.000000,100000000,False
1121623,POLYCAB26NOV8200CE,POLYCAB,26NOV2026,820000.000000,125,OPTSTK,BFO,5.000000,9000,False
1121626,KALYANKJIL26NOV570CE,KALYANKJIL,26NOV2026,57000.000000,1350,OPTSTK,BFO,5.000000,100000000,False
1121649,MPHASIS26NOV2850CE,MPHASIS,26NOV2026,285000.000000,275,OPTSTK,BFO,5.000000,11000,False
1121665,MARUTI26OCT12300PE,MARUTI,29OCT2026,1230000.000000,50,OPTSTK,BFO,5.000000,3000,False
857719,INDIGO26SEP4500PE,INDIGO,24SEP2026,450000.000000,150,OPTSTK,BFO,5.000000,12000,False
857731,ONGC26SEP265PE,ONGC,24SEP2026,26500.000000,2250,OPTSTK,BFO,5.000000,154000,False
857739,IRFC26SEP82CE,IRFC,24SEP2026,8200.000000,5425,OPTSTK,BFO,5.000000,100000000,False
857744,ICICIPRULI26SEP445CE,ICICIPRULI,24SEP2026,44500.000000,925,OPTSTK,BFO,5.000000,60000,False
846726,LICHSGFIN26SEP555PE,LICHSGFIN,24SEP2026,55500.000000,1000,OPTSTK,BFO,5.000000,60000,False
846727,PNBHOUSING26SEP990CE,PNBHOUSING,24SEP2026,99000.000000,650,OPTSTK,BFO,5.000000,100000000,False
846737,LODHA26SEP900PE,LODHA,24SEP2026,90000.000000,625,OPTSTK,BFO,5.000000,100000000,False
846749,ASIANPAINT26SEP2560PE,ASIANPAINT,24SEP2026,256000.000000,250,OPTSTK,BFO,5.000000,8000,False
851303,IREDA26SEP117.5CE,IREDA,24SEP2026,11750.000000,4525,OPTSTK,BFO,5.000000,100000000,False
851370,HDFCAMC26SEP2850CE,HDFCAMC,24SEP2026,285000.000000,300,OPTSTK,BFO,5.000000,12000,False
851381,IOC26SEP147.5CE,IOC,24SEP2026,14750.000000,4875,OPTSTK,BFO,5.000000,292500,False
851460,CANBK26SEP110PE,CANBK,24SEP2026,11000.000000,6750,OPTSTK,BFO,5.000000,81000,False
857752,BANKEX26SEP57200PE,BANKEX,24SEP2026,5720000.000000,30,OPTIDX,BFO,5.000000,900,False
857755,CROMPTON26SEP225PE,CROMPTON,24SEP2026,22500.000000,2150,OPTSTK,BFO,5.000000,90000,False
857788,KALYANKJIL26SEP450PE,KALYANKJIL,24SEP2026,45000.000000,1350,OPTSTK,BFO,5.000000,100000000,False
857821,BHARTIARTL26SEP2080CE,BHARTIARTL,24SEP2026,208000.000000,475,OPTSTK,BFO,5.000000,28500,False
1121683,LODHA26NOV1080CE,LODHA,26NOV2026,108000.000000,625,OPTSTK,BFO,5.000000,100000000,False
1121685,ADANIENSOL26OCT1240CE,ADANIENSOL,29OCT2026,124000.000000,675,OPTSTK,BFO,5.000000,100000000,False
1121715,MARUTI26OCT12600CE,MARUTI,29OCT2026,1260000.000000,50,OPTSTK,BFO,5.000000,3000,False
1121725,JUBLFOOD26NOV450PE,JUBLFOOD,26NOV2026,45000.000000,1250,OPTSTK,BFO,5.000000,50000,False
846763,WAAREEENER26SEP3300PE,WAAREEENER,24SEP2026,330000.000000,175,OPTSTK,BFO,5.000000,100000000,False
846769,SUZLON26SEP50PE,SUZLON,24SEP2026,5000.000000,12700,OPTSTK,BFO,5.000000,100000000,False
846770,NYKAA26SEP302.5PE,NYKAA,24SEP2026,30250.000000,3125,OPTSTK,BFO,5.000000,100000000,False
846782,PNBHOUSING26SEP1020CE,PNBHOUSING,24SEP2026,102000.000000,650,OPTSTK,BFO,5.000000,100000000,False
857832,KAYNES26SEP3800PE,KAYNES,24SEP2026,380000.000000,150,OPTSTK,BFO,5.000000,100000000,False
857857,KALYANKJIL26SEP480CE,KALYANKJIL,24SEP2026,48000.000000,1350,OPTSTK,BFO,5.000000,100000000,False
857882,LODHA26SEP1320CE,LODHA,24SEP2026,132000.000000,625,OPTSTK,BFO,5.000000,100000000,False
857891,KALYANKJIL26SEP430CE,KALYANKJIL,24SEP2026,43000.000000,1350,OPTSTK,BFO,5.000000,100000000,False
846804,GODREJCP26SEP990PE,GODREJCP,24SEP2026,99000.000000,500,OPTSTK,BFO,5.000000,30000,False
846806,HAL26SEP4000PE,HAL,24SEP2026,400000.000000,150,OPTSTK,BFO,5.000000,9000,False
846808,OBEROIRLTY26SEPFUT,OBEROIRLTY,24SEP2026,0.000000,350,FUTSTK,BFO,5.000000,28000,False
846813,SBIN26SEP1020CE,SBIN,24SEP2026,102000.000000,750,OPTSTK,BFO,5.000000,45000,False
851462,VMM26SEP102.5CE,VMM,24SEP2026,10250.000000,4850,OPTSTK,BFO,5.000000,100000000,False
851542,SENSEX5026SEP24000PE,SENSEX50,24SEP2026,2400000.000000,75,OPTIDX,BFO,5.000000,1800,False
851581,M&M26SEP2700PE,M&M,24SEP2026,270000.000000,200,OPTSTK,BFO,5.000000,21000,False
851593,HDFCLIFE26SEP540PE,HDFCLIFE,24SEP2026,54000.000000,1100,OPTSTK,BFO,5.000000,44000,False
1121736,ASIANPAINT26SEP2420PE,ASIANPAINT,24SEP2026,242000.000000,250,OPTSTK,BFO,5.000000,8000,False
1121758,ASHOKLEY26NOV152.5CE,ASHOKLEY,26NOV2026,15250.000000,5000,OPTSTK,BFO,5.000000,150000,False
1121788,BRITANNIA26OCT4850PE,BRITANNIA,29OCT2026,485000.000000,125,OPTSTK,BFO,5.000000,6000,False
1121814,HCLTECH26NOV1420CE,HCLTECH,26NOV2026,142000.000000,400,OPTSTK,BFO,5.000000,21000,False
857896,KALYANKJIL26SEP430PE,KALYANKJIL,24SEP2026,43000.000000,1350,OPTSTK,BFO,5.000000,100000000,False
857958,KALYANKJIL26SEP460CE,KALYANKJIL,24SEP2026,46000.000000,1350,OPTSTK,BFO,5.000000,100000000,False
857909,KALYANKJIL26SEP470PE,KALYANKJIL,24SEP2026,47000.000000,1350,OPTSTK,BFO,5.000000,100000000,False
857927,BDL26SEP1180CE,BDL,24SEP2026,118000.000000,425,OPTSTK,BFO,5.000000,100000000,False
846840,BIOCON26SEP450CE,BIOCON,24SEP2026,45000.000000,2500,OPTSTK,BFO,5.000000,100000,False
846842,MFSL26SEP1700PE,MFSL,24SEP2026,170000.000000,400,OPTSTK,BFO,5.000000,32000,False
846849,ABCAPITAL26SEP400PE,ABCAPITAL,24SEP2026,40000.000000,3100,OPTSTK,BFO,5.000000,162000,False
846871,BANKEX26SEP70300PE,BANKEX,24SEP2026,7030000.000000,30,OPTIDX,BFO,5.000000,900,False
851608,BANKBARODA26SEP240PE,BANKBARODA,24SEP2026,24000.000000,2925,OPTSTK,BFO,5.000000,175500,False
851615,HDFCBANK26SEP750CE,HDFCBANK,24SEP2026,75000.000000,650,OPTSTK,BFO,5.000000,16500,False
851635,VMM26SEP107.5PE,VMM,24SEP2026,10750.000000,4850,OPTSTK,BFO,5.000000,100000000,False
851654,BANDHANBNK26SEP235PE,BANDHANBNK,24SEP2026,23500.000000,3600,OPTSTK,BFO,5.000000,100000,False
857967,MAZDOCK26SEP2050CE,MAZDOCK,24SEP2026,205000.000000,225,OPTSTK,BFO,5.000000,100000000,False
857979,BDL26SEP1180PE,BDL,24SEP2026,118000.000000,425,OPTSTK,BFO,5.000000,100000000,False
858003,NAUKRI26SEP1340CE,NAUKRI,24SEP2026,134000.000000,550,OPTSTK,BFO,5.000000,6000,False
858005,MAZDOCK26SEP2000CE,MAZDOCK,24SEP2026,200000.000000,225,OPTSTK,BFO,5.000000,100000000,False
1121833,GODREJPROP26NOV1840CE,GODREJPROP,26NOV2026,184000.000000,325,OPTSTK,BFO,5.000000,19000,False
1121835,MARUTI26SEP12500CE,MARUTI,24SEP2026,1250000.000000,50,OPTSTK,BFO,5.000000,3000,False
1121884,ATHERENERG26NOV1860CE,ATHERENERG,26NOV2026,186000.000000,375,OPTSTK,BFO,5.000000,100000000,False
1121912,SOLARINDS26NOV18250CE,SOLARINDS,26NOV2026,1825000.000000,50,OPTSTK,BFO,5.000000,100000000,False
858032,PRESTIGE26SEP1880PE,PRESTIGE,24SEP2026,188000.000000,450,OPTSTK,BFO,5.000000,100000000,False
858039,SENSEX29DEC76000PE,SENSEX,27DEC2029,7600000.000000,20,OPTIDX,BFO,5.000000,1000,False
858144,SENSEX30DEC76000CE,SENSEX,26DEC2030,7600000.000000,20,OPTIDX,BFO,5.000000,1000,False
858156,SBILIFE26SEP2000PE,SBILIFE,24SEP2026,200000.000000,375,OPTSTK,BFO,5.000000,22500,False
846872,FOCIT26SEP36500PE,FOCIT,24SEP2026,3650000.000000,45,OPTIDX,BFO,5.000000,1350,False
846885,NTPC26SEP355CE,NTPC,24SEP2026,35500.000000,1500,OPTSTK,BFO,5.000000,150000,False
846897,KOTAKBANK26SEP427.5PE,KOTAKBANK,24SEP2026,42750.000000,2000,OPTSTK,BFO,5.000000,12000,False
846900,BANKEX26SEP61900CE,BANKEX,24SEP2026,6190000.000000,30,OPTIDX,BFO,5.000000,900,False
851675,MPHASIS26SEP1788PE,MPHASIS,24SEP2026,178800.000000,275,OPTSTK,BFO,5.000000,11000,False
851676,HDFCLIFE26SEP545PE,HDFCLIFE,24SEP2026,54500.000000,1100,OPTSTK,BFO,5.000000,44000,False
851680,SRF26SEP2750CE,SRF,24SEP2026,275000.000000,200,OPTSTK,BFO,5.000000,11250,False
851692,RADICO26SEP3950PE,RADICO,24SEP2026,395000.000000,150,OPTSTK,BFO,5.000000,100000000,False
1121927,BAJFINANCE26OCT980CE,BAJFINANCE,29OCT2026,98000.000000,750,OPTSTK,BFO,5.000000,3750,False
1121986,360ONE26NOV1020CE,,26NOV2026,102000.000000,500,OPTSTK,BFO,5.000000,100000000,False
1121994,ASTRAL26NOV1360PE,ASTRAL,26NOV2026,136000.000000,425,OPTSTK,BFO,5.000000,14680,False
1122042,DLF26NOV600CE,DLF,26NOV2026,60000.000000,950,OPTSTK,BFO,5.000000,49500,False
858169,PAYTM26SEP1480PE,PAYTM,24SEP2026,148000.000000,725,OPTSTK,BFO,5.000000,100000000,False
858174,PRESTIGE26SEP1860PE,PRESTIGE,24SEP2026,186000.000000,450,OPTSTK,BFO,5.000000,100000000,False
858206,LTM26SEP4300PE,LTM,24SEP2026,430000.000000,150,OPTSTK,BFO,5.000000,4500,False
858231,CANBK26SEP147.5CE,CANBK,24SEP2026,14750.000000,6750,OPTSTK,BFO,5.000000,81000,False
851706,BANKINDIA26SEP122.5CE,BANKINDIA,24SEP2026,12250.000000,5200,OPTSTK,BFO,5.000000,100000000,False
851718,VEDL26SEP305PE,VEDL,24SEP2026,30500.000000,1150,OPTSTK,BFO,5.000000,80000,False
851721,NYKAA26SEP280PE,NYKAA,24SEP2026,28000.000000,3125,OPTSTK,BFO,5.000000,100000000,False
851732,NAUKRI26SEP1120CE,NAUKRI,24SEP2026,112000.000000,550,OPTSTK,BFO,5.000000,6000,False
846916,BAJAJHLDNG26SEP10000PE,BAJAJHLDNG,24SEP2026,1000000.000000,75,OPTSTK,BFO,5.000000,100000000,False
846919,COCHINSHIP26SEP1500PE,COCHINSHIP,24SEP2026,150000.000000,400,OPTSTK,BFO,5.000000,100000000,False
846920,MAZDOCK26SEP2380PE,MAZDOCK,24SEP2026,238000.000000,225,OPTSTK,BFO,5.000000,100000000,False
846939,ITC26SEP285PE,ITC,24SEP2026,28500.000000,1725,OPTSTK,BFO,5.000000,64000,False
858241,PAYTM26SEP1460CE,PAYTM,24SEP2026,146000.000000,725,OPTSTK,BFO,5.000000,100000000,False
858258,PAGEIND26SEP36500PE,PAGEIND,24SEP2026,3650000.000000,20,OPTSTK,BFO,5.000000,600,False
858294,INDIANB26SEP930PE,INDIANB,24SEP2026,93000.000000,1000,OPTSTK,BFO,5.000000,100000000,False
858326,ICICIPRULI26SEP550PE,ICICIPRULI,24SEP2026,55000.000000,925,OPTSTK,BFO,5.000000,60000,False
1122092,OIL26OCT525PE,OIL,29OCT2026,52500.000000,1400,OPTSTK,BFO,5.000000,100000000,False
1122117,MARUTI26SEP12300PE,MARUTI,24SEP2026,1230000.000000,50,OPTSTK,BFO,5.000000,3000,False
1122119,ADANIENSOL26NOV1260PE,ADANIENSOL,26NOV2026,126000.000000,675,OPTSTK,BFO,5.000000,100000000,False
1122149,BAJAJ-AUTO26NOV12900CE,BAJAJ-AUTO,26NOV2026,1290000.000000,75,OPTSTK,BFO,5.000000,5000,False
846952,TATAELXSI26SEP3750PE,TATAELXSI,24SEP2026,375000.000000,125,OPTSTK,BFO,5.000000,100000000,False
846953,TECHM26SEP1404CE,TECHM,24SEP2026,140400.000000,600,OPTSTK,BFO,5.000000,24000,False
846964,LUPIN26SEP2220CE,LUPIN,24SEP2026,222000.000000,425,OPTSTK,BFO,5.000000,34000,False
846977,ICICIPRULI26SEP455CE,ICICIPRULI,24SEP2026,45500.000000,925,OPTSTK,BFO,5.000000,60000,False
851743,PAGEIND26SEP45000PE,PAGEIND,24SEP2026,4500000.000000,20,OPTSTK,BFO,5.000000,600,False
851800,BAJAJFINSV26SEP1920CE,BAJAJFINSV,24SEP2026,192000.000000,300,OPTSTK,BFO,5.000000,20000,False
851823,IEX26SEP127.5PE,IEX,24SEP2026,12750.000000,4350,OPTSTK,BFO,5.000000,150000,False
851838,PIDILITIND26SEP1480PE,PIDILITIND,24SEP2026,148000.000000,500,OPTSTK,BFO,5.000000,10000,False
858340,PERSISTENT26SEP5900PE,PERSISTENT,24SEP2026,590000.000000,125,OPTSTK,BFO,5.000000,5250,False
858360,PHOENIXLTD26SEP2300CE,PHOENIXLTD,24SEP2026,230000.000000,350,OPTSTK,BFO,5.000000,100000000,False
858374,LTM26SEP4450PE,LTM,24SEP2026,445000.000000,150,OPTSTK,BFO,5.000000,4500,False
858384,GLENMARK26SEP2440PE,GLENMARK,24SEP2026,244000.000000,375,OPTSTK,BFO,5.000000,43500,False
1122185,ADANIENSOL26NOV1280PE,ADANIENSOL,26NOV2026,128000.000000,675,OPTSTK,BFO,5.000000,100000000,False
1122246,SBILIFE26SEP1580CE,SBILIFE,24SEP2026,158000.000000,375,OPTSTK,BFO,5.000000,22500,False
1122248,MAXHEALTH26NOV920PE,MAXHEALTH,26NOV2026,92000.000000,525,OPTSTK,BFO,5.000000,100000000,False
1122265,EICHERMOT26NOV7200PE,EICHERMOT,26NOV2026,720000.000000,100,OPTSTK,BFO,5.000000,7000,False
858408,BAJAJ-AUTO26SEP11100PE,BAJAJ-AUTO,24SEP2026,1110000.000000,75,OPTSTK,BFO,5.000000,5000,False
858410,HCLTECH26SEP1270PE,HCLTECH,24SEP2026,127000.000000,400,OPTSTK,BFO,5.000000,21000,False
858428,KALYANKJIL26SEP520CE,KALYANKJIL,24SEP2026,52000.000000,1350,OPTSTK,BFO,5.000000,100000000,False
858455,TORNTPHARM26SEP5300CE,TORNTPHARM,24SEP2026,530000.000000,125,OPTSTK,BFO,5.000000,15000,False
846988,SUZLON26SEP51CE,SUZLON,24SEP2026,5100.000000,12700,OPTSTK,BFO,5.000000,100000000,False
846992,BIOCON26SEPFUT,BIOCON,24SEP2026,0.000000,2500,FUTSTK,BFO,5.000000,100000,False
847023,FORCEMOT26SEP15000PE,FORCEMOT,24SEP2026,1500000.000000,25,OPTSTK,BFO,5.000000,100000000,False
847058,ABCAPITAL26SEP405PE,ABCAPITAL,24SEP2026,40500.000000,3100,OPTSTK,BFO,5.000000,162000,False
851856,KFINTECH26SEP1020CE,KFINTECH,24SEP2026,102000.000000,575,OPTSTK,BFO,5.000000,100000000,False
851897,PIIND26SEP2300CE,PIIND,24SEP2026,230000.000000,175,OPTSTK,BFO,5.000000,7500,False
851900,WIPRO26SEP152.5PE,WIPRO,24SEP2026,15250.000000,3000,OPTSTK,BFO,5.000000,60000,False
851907,UNOMINDA26SEP940CE,UNOMINDA,24SEP2026,94000.000000,550,OPTSTK,BFO,5.000000,100000000,False
1122274,SWIGGY26NOV235PE,SWIGGY,26NOV2026,23500.000000,1825,OPTSTK,BFO,5.000000,100000000,False
1122294,ASIANPAINT26OCT2400PE,ASIANPAINT,29OCT2026,240000.000000,250,OPTSTK,BFO,5.000000,8000,False
1122303,ASIANPAINT26NOV2400CE,ASIANPAINT,26NOV2026,240000.000000,250,OPTSTK,BFO,5.000000,8000,False
1122357,AMBUJACEM26SEP365CE,AMBUJACEM,24SEP2026,36500.000000,1200,OPTSTK,BFO,5.000000,54000,False
858460,INFY26SEP1240CE,INFY,24SEP2026,124000.000000,400,OPTSTK,BFO,5.000000,16000,False
858474,SENSEX30DEC76000PE,SENSEX,26DEC2030,7600000.000000,20,OPTIDX,BFO,5.000000,1000,False
858484,KFINTECH26SEP1060PE,KFINTECH,24SEP2026,106000.000000,575,OPTSTK,BFO,5.000000,100000000,False
858486,VOLTAS26SEP1460CE,VOLTAS,24SEP2026,146000.000000,375,OPTSTK,BFO,5.000000,30000,False
851926,MANKIND26SEP2660PE,MANKIND,24SEP2026,266000.000000,250,OPTSTK,BFO,5.000000,100000000,False
851928,HINDUNILVR26SEP1980CE,HINDUNILVR,24SEP2026,198000.000000,300,OPTSTK,BFO,5.000000,9000,False
852014,CONCOR26SEP510CE,CONCOR,24SEP2026,51000.000000,1250,OPTSTK,BFO,5.000000,40000,False
852026,PAYTM26SEP1280PE,PAYTM,24SEP2026,128000.000000,725,OPTSTK,BFO,5.000000,100000000,False
847074,BHARATFORG26SEP2000PE,BHARATFORG,24SEP2026,200000.000000,500,OPTSTK,BFO,5.000000,30000,False
847077,ABB26SEP7150PE,ABB,24SEP2026,715000.000000,125,OPTSTK,BFO,5.000000,7500,False
847095,VMM26SEP121CE,VMM,24SEP2026,12100.000000,4850,OPTSTK,BFO,5.000000,100000000,False
847124,UPL26SEP565CE,UPL,24SEP2026,56500.000000,1355,OPTSTK,BFO,5.000000,39000,False
858498,SENSEX26DEC76000CE,SENSEX,31DEC2026,7600000.000000,20,OPTIDX,BFO,5.000000,1000,False
858515,TCS26SEP2260PE,TCS,24SEP2026,226000.000000,225,OPTSTK,BFO,5.000000,7000,False
858519,PERSISTENT26SEP5900CE,PERSISTENT,24SEP2026,590000.000000,125,OPTSTK,BFO,5.000000,5250,False
858536,HCLTECH26SEP1290PE,HCLTECH,24SEP2026,129000.000000,400,OPTSTK,BFO,5.000000,21000,False
1122481,M&M26NOV2850CE,M&M,26NOV2026,285000.000000,200,OPTSTK,BFO,5.000000,21000,False
1122493,MAXHEALTH26NOV920CE,MAXHEALTH,26NOV2026,92000.000000,525,OPTSTK,BFO,5.000000,100000000,False
1122535,DRREDDY26NOV1090CE,DRREDDY,26NOV2026,109000.000000,625,OPTSTK,BFO,5.000000,5000,False
1122544,BEL26NOV370PE,BEL,26NOV2026,37000.000000,1425,OPTSTK,BFO,5.000000,228000,False
852027,KAYNES26SEP2750CE,KAYNES,24SEP2026,275000.000000,150,OPTSTK,BFO,5.000000,100000000,False
852028,MPHASIS26SEP1988CE,MPHASIS,24SEP2026,198800.000000,275,OPTSTK,BFO,5.000000,11000,False
852042,INOXWIND26SEP100PE,INOXWIND,24SEP2026,10000.000000,6400,OPTSTK,BFO,5.000000,100000000,False
852068,NBCC26SEP102.5CE,NBCC,24SEP2026,10250.000000,6500,OPTSTK,BFO,5.000000,100000000,False
847129,SENSEX5026SEP25050PE,SENSEX50,24SEP2026,2505000.000000,75,OPTIDX,BFO,5.000000,1800,False
847130,FEDERALBNK26SEP307.5CE,FEDERALBNK,24SEP2026,30750.000000,2500,OPTSTK,BFO,5.000000,200000,False
847134,ULTRACEMCO26SEP11560PE,ULTRACEMCO,24SEP2026,1156000.000000,50,OPTSTK,BFO,5.000000,3000,False
847150,DLF26SEP610CE,DLF,24SEP2026,61000.000000,950,OPTSTK,BFO,5.000000,49500,False
858587,OIL26SEP470CE,OIL,24SEP2026,47000.000000,1400,OPTSTK,BFO,5.000000,100000000,False
858616,KALYANKJIL26SEP550PE,KALYANKJIL,24SEP2026,55000.000000,1350,OPTSTK,BFO,5.000000,100000000,False
858653,ADANIGREEN26SEP1740PE,ADANIGREEN,24SEP2026,174000.000000,600,OPTSTK,BFO,5.000000,100000000,False
858673,KALYANKJIL26SEP550CE,KALYANKJIL,24SEP2026,55000.000000,1350,OPTSTK,BFO,5.000000,100000000,False
1122552,ICICIGI26OCT1400CE,ICICIGI,29OCT2026,140000.000000,325,OPTSTK,BFO,5.000000,20000,False
1122604,DABUR26SEP345PE,DABUR,24SEP2026,34500.000000,1250,OPTSTK,BFO,5.000000,50000,False
1122637,MFSL26NOV1360PE,MFSL,26NOV2026,136000.000000,400,OPTSTK,BFO,5.000000,32000,False
1122639,BLUESTARCO26OCT1300PE,BLUESTARCO,29OCT2026,130000.000000,325,OPTSTK,BFO,5.000000,100000000,False
847163,INDIANB26SEP780PE,INDIANB,24SEP2026,78000.000000,1000,OPTSTK,BFO,5.000000,100000000,False
847180,NATIONALUM26SEP295PE,NATIONALUM,24SEP2026,29500.000000,1875,OPTSTK,BFO,5.000000,300000,False
847182,ADANIGREEN26SEP1530PE,ADANIGREEN,24SEP2026,153000.000000,600,OPTSTK,BFO,5.000000,100000000,False
847184,BPCL26SEP310CE,BPCL,24SEP2026,31000.000000,1975,OPTSTK,BFO,5.000000,72000,False
852076,SUZLON26SEP65PE,SUZLON,24SEP2026,6500.000000,12700,OPTSTK,BFO,5.000000,100000000,False
852120,HDFCAMC26SEP2750CE,HDFCAMC,24SEP2026,275000.000000,300,OPTSTK,BFO,5.000000,12000,False
852138,IREDA26SEP110CE,IREDA,24SEP2026,11000.000000,4525,OPTSTK,BFO,5.000000,100000000,False
852148,HINDPETRO26SEP440.75CE,HINDPETRO,24SEP2026,44075.000000,2025,OPTSTK,BFO,5.000000,108000,False
858676,BDL26SEP1140PE,BDL,24SEP2026,114000.000000,425,OPTSTK,BFO,5.000000,100000000,False
858700,CONCOR26SEP530CE,CONCOR,24SEP2026,53000.000000,1250,OPTSTK,BFO,5.000000,40000,False
858704,DIXON26SEP15500CE,DIXON,24SEP2026,1550000.000000,50,OPTSTK,BFO,5.000000,6000,False
858708,KALYANKJIL26SEP580CE,KALYANKJIL,24SEP2026,58000.000000,1350,OPTSTK,BFO,5.000000,100000000,False
1122643,ALKEM26OCT4900CE,ALKEM,29OCT2026,490000.000000,125,OPTSTK,BFO,5.000000,8000,False
1122687,COALINDIA26NOV455PE,COALINDIA,26NOV2026,45500.000000,1350,OPTSTK,BFO,5.000000,126000,False
1122743,SENSEX26O0169700PE,SENSEX,01OCT2026,6970000.000000,20,OPTIDX,BFO,5.000000,1000,False
1122784,ALKEM26SEP4850PE,ALKEM,24SEP2026,485000.000000,125,OPTSTK,BFO,5.000000,8000,False
858720,PATANJALI26SEP370CE,PATANJALI,24SEP2026,37000.000000,1075,OPTSTK,BFO,5.000000,100000000,False
858724,PATANJALI26SEP370PE,PATANJALI,24SEP2026,37000.000000,1075,OPTSTK,BFO,5.000000,100000000,False
858733,VEDL26SEP225PE,VEDL,24SEP2026,22500.000000,1150,OPTSTK,BFO,5.000000,80000,False
858757,PATANJALI26SEP345CE,PATANJALI,24SEP2026,34500.000000,1075,OPTSTK,BFO,5.000000,100000000,False
847191,IOC26SEP142CE,IOC,24SEP2026,14200.000000,4875,OPTSTK,BFO,5.000000,292500,False
847223,PNBHOUSING26SEP1070PE,PNBHOUSING,24SEP2026,107000.000000,650,OPTSTK,BFO,5.000000,100000000,False
847227,GODFRYPHLP26SEP2160PE,GODFRYPHLP,24SEP2026,216000.000000,275,OPTSTK,BFO,5.000000,100000000,False
847229,ASIANPAINT26SEP2760PE,ASIANPAINT,24SEP2026,276000.000000,250,OPTSTK,BFO,5.000000,8000,False
852156,ETERNAL26SEP285PE,ETERNAL,24SEP2026,28500.000000,2425,OPTSTK,BFO,5.000000,100000000,False
852166,MOTHERSON26SEP147.5CE,MOTHERSON,24SEP2026,14750.000000,6150,OPTSTK,BFO,5.000000,284000,False
852171,INDHOTEL26SEP760CE,INDHOTEL,24SEP2026,76000.000000,1000,OPTSTK,BFO,5.000000,60000,False
852190,MPHASIS26SEP2188CE,MPHASIS,24SEP2026,218800.000000,275,OPTSTK,BFO,5.000000,11000,False
1122822,POLYCAB26SEP8100CE,POLYCAB,24SEP2026,810000.000000,125,OPTSTK,BFO,5.000000,9000,False
1122882,TATACONSUM26SEP940PE,TATACONSUM,24SEP2026,94000.000000,550,OPTSTK,BFO,5.000000,36000,False
1122893,VOLTAS26SEP1020PE,VOLTAS,24SEP2026,102000.000000,375,OPTSTK,BFO,5.000000,30000,False
1122985,HEROMOTOCO26NOV4700CE,HEROMOTOCO,26NOV2026,470000.000000,150,OPTSTK,BFO,5.000000,9000,False
858759,KALYANKJIL26SEP570CE,KALYANKJIL,24SEP2026,57000.000000,1350,OPTSTK,BFO,5.000000,100000000,False
858761,PATANJALI26SEP320PE,PATANJALI,24SEP2026,32000.000000,1075,OPTSTK,BFO,5.000000,100000000,False
858892,VBL26SEP390CE,VBL,24SEP2026,39000.000000,1275,OPTSTK,BFO,5.000000,100000000,False
858912,COALINDIA26SEP390PE,COALINDIA,24SEP2026,39000.000000,1350,OPTSTK,BFO,5.000000,126000,False
847233,IRFC26SEP85CE,IRFC,24SEP2026,8500.000000,5425,OPTSTK,BFO,5.000000,100000000,False
847242,JIOFIN26SEP237.5PE,JIOFIN,24SEP2026,23750.000000,2350,OPTSTK,BFO,5.000000,100000000,False
847247,MAXHEALTH26SEP1190PE,MAXHEALTH,24SEP2026,119000.000000,525,OPTSTK,BFO,5.000000,100000000,False
847259,MCX26SEP3000PE,MCX,24SEP2026,300000.000000,225,OPTSTK,BFO,5.000000,16000,False
852244,CANBK26SEP137.5PE,CANBK,24SEP2026,13750.000000,6750,OPTSTK,BFO,5.000000,81000,False
852246,HDFCAMC26SEP2300CE,HDFCAMC,24SEP2026,230000.000000,300,OPTSTK,BFO,5.000000,12000,False
852276,LICHSGFIN26SEP600CE,LICHSGFIN,24SEP2026,60000.000000,1000,OPTSTK,BFO,5.000000,60000,False
852286,M&M26SEP3150PE,M&M,24SEP2026,315000.000000,200,OPTSTK,BFO,5.000000,21000,False
858972,AMBER26SEP8700PE,AMBER,24SEP2026,870000.000000,100,OPTSTK,BFO,5.000000,100000000,False
859012,ABB26SEP8100CE,ABB,24SEP2026,810000.000000,125,OPTSTK,BFO,5.000000,7500,False
859014,SENSEX28JUN76000CE,SENSEX,29JUN2028,7600000.000000,20,OPTIDX,BFO,5.000000,1000,False
859044,TECHM26SEP1660CE,TECHM,24SEP2026,166000.000000,600,OPTSTK,BFO,5.000000,24000,False
1123043,ALKEM26NOV4850CE,ALKEM,26NOV2026,485000.000000,125,OPTSTK,BFO,5.000000,8000,False
1123184,MARUTI26SEP12100PE,MARUTI,24SEP2026,1210000.000000,50,OPTSTK,BFO,5.000000,3000,False
1123198,SENSEX26O0169800PE,SENSEX,01OCT2026,6980000.000000,20,OPTIDX,BFO,5.000000,1000,False
1123251,RBLBANK26NOV425CE,RBLBANK,26NOV2026,42500.000000,3175,OPTSTK,BFO,5.000000,150000,False
847266,PGEL26SEP580PE,PGEL,24SEP2026,58000.000000,950,OPTSTK,BFO,5.000000,100000000,False
847270,HAL26SEP4200PE,HAL,24SEP2026,420000.000000,150,OPTSTK,BFO,5.000000,9000,False
847274,SUPREMEIND26SEP3050CE,SUPREMEIND,24SEP2026,305000.000000,175,OPTSTK,BFO,5.000000,100000000,False
847275,NATIONALUM26SEP365PE,NATIONALUM,24SEP2026,36500.000000,1875,OPTSTK,BFO,5.000000,300000,False
859054,DRREDDY26SEP1150CE,DRREDDY,24SEP2026,115000.000000,625,OPTSTK,BFO,5.000000,5000,False
859217,SENSEX30JUN76000CE,SENSEX,27JUN2030,7600000.000000,20,OPTIDX,BFO,5.000000,1000,False
859439,SONACOMS26SEP760CE,SONACOMS,24SEP2026,76000.000000,1225,OPTSTK,BFO,5.000000,100000000,False
859465,FEDERALBNK26SEP385PE,FEDERALBNK,24SEP2026,38500.000000,2500,OPTSTK,BFO,5.000000,200000,False
852361,DLF26SEP570CE,DLF,24SEP2026,57000.000000,950,OPTSTK,BFO,5.000000,49500,False
852365,LODHA26SEP1040CE,LODHA,24SEP2026,104000.000000,625,OPTSTK,BFO,5.000000,100000000,False
852373,VMM26SEP132.5CE,VMM,24SEP2026,13250.000000,4850,OPTSTK,BFO,5.000000,100000000,False
852396,HDFCBANK26SEP740PE,HDFCBANK,24SEP2026,74000.000000,650,OPTSTK,BFO,5.000000,16500,False
1123282,VMM26NOV127.5CE,VMM,26NOV2026,12750.000000,4850,OPTSTK,BFO,5.000000,100000000,False
1123326,PNB26NOV123CE,PNB,26NOV2026,12300.000000,8000,OPTSTK,BFO,5.000000,480000,False
1123340,FEDERALBNK26NOV390CE,FEDERALBNK,26NOV2026,39000.000000,2500,OPTSTK,BFO,5.000000,200000,False
1123352,AMBUJACEM26SEP365PE,AMBUJACEM,24SEP2026,36500.000000,1200,OPTSTK,BFO,5.000000,54000,False
847276,BANKEX26SEP67200CE,BANKEX,24SEP2026,6720000.000000,30,OPTIDX,BFO,5.000000,900,False
847286,IDEA26SEP19PE,IDEA,24SEP2026,1900.000000,71475,OPTSTK,BFO,5.000000,2400000,False
847288,MAXHEALTH26SEP1180CE,MAXHEALTH,24SEP2026,118000.000000,525,OPTSTK,BFO,5.000000,100000000,False
847295,TATASTEEL26SEP177.5PE,TATASTEEL,24SEP2026,17750.000000,2750,OPTSTK,BFO,5.000000,220000,False
859481,KALYANKJIL26SEP600PE,KALYANKJIL,24SEP2026,60000.000000,1350,OPTSTK,BFO,5.000000,100000000,False
859493,INOXWIND26SEP60PE,INOXWIND,24SEP2026,6000.000000,6400,OPTSTK,BFO,5.000000,100000000,False
859521,FEDERALBNK26SEP370CE,FEDERALBNK,24SEP2026,37000.000000,2500,OPTSTK,BFO,5.000000,200000,False
859606,INOXWIND26SEP60CE,INOXWIND,24SEP2026,6000.000000,6400,OPTSTK,BFO,5.000000,100000000,False
1123369,RVNL26OCT170CE,RVNL,29OCT2026,17000.000000,1925,OPTSTK,BFO,5.000000,100000000,False
1123383,SBIN26NOV950PE,SBIN,26NOV2026,95000.000000,750,OPTSTK,BFO,5.000000,45000,False
1123408,PAYTM26NOV1480PE,PAYTM,26NOV2026,148000.000000,725,OPTSTK,BFO,5.000000,100000000,False
1123440,EICHERMOT26OCT7000CE,EICHERMOT,29OCT2026,700000.000000,100,OPTSTK,BFO,5.000000,7000,False
859611,POLYCAB26SEP8200CE,POLYCAB,24SEP2026,820000.000000,125,OPTSTK,BFO,5.000000,9000,False
859612,EICHERMOT26SEP8300CE,EICHERMOT,24SEP2026,830000.000000,100,OPTSTK,BFO,5.000000,7000,False
859637,KALYANKJIL26SEP590CE,KALYANKJIL,24SEP2026,59000.000000,1350,OPTSTK,BFO,5.000000,100000000,False
859659,BANKEX26SEP73000CE,BANKEX,24SEP2026,7300000.000000,30,OPTIDX,BFO,5.000000,900,False
847313,VEDL26SEP300CE,VEDL,24SEP2026,30000.000000,1150,OPTSTK,BFO,5.000000,80000,False
847342,MANKIND26SEP2320CE,MANKIND,24SEP2026,232000.000000,250,OPTSTK,BFO,5.000000,100000000,False
847348,BAJAJ-AUTO26SEP9500CE,BAJAJ-AUTO,24SEP2026,950000.000000,75,OPTSTK,BFO,5.000000,5000,False
847355,HINDZINC26SEP460CE,HINDZINC,24SEP2026,46000.000000,1225,OPTSTK,BFO,5.000000,100000000,False
852424,INDIGO26SEP5900PE,INDIGO,24SEP2026,590000.000000,150,OPTSTK,BFO,5.000000,12000,False
852471,DIXON26SEP10500CE,DIXON,24SEP2026,1050000.000000,50,OPTSTK,BFO,5.000000,6000,False
852472,JINDALSTEL26SEP1200CE,JINDALSTEL,24SEP2026,120000.000000,625,OPTSTK,BFO,5.000000,37500,False
852473,SRF26SEP3000CE,SRF,24SEP2026,300000.000000,200,OPTSTK,BFO,5.000000,11250,False
1123463,POWERINDIA26NOV29000PE,POWERINDIA,26NOV2026,2900000.000000,25,OPTSTK,BFO,5.000000,100000000,False
1123505,CDSL26OCT760PE,CDSL,27OCT2026,76000.000000,475,OPTSTK,BFO,5.000000,14001,False
1123506,CDSL26OCT1020CE,CDSL,27OCT2026,102000.000000,475,OPTSTK,BFO,5.000000,14001,False
1123559,SENSEX26NOV69300CE,SENSEX,26NOV2026,6930000.000000,20,OPTIDX,BFO,5.000000,1000,False
859695,PNB26SEP117CE,PNB,24SEP2026,11700.000000,8000,OPTSTK,BFO,5.000000,480000,False
859697,ONGC26SEP267.5CE,ONGC,24SEP2026,26750.000000,2250,OPTSTK,BFO,5.000000,154000,False
859719,SBIN26SEP1130CE,SBIN,24SEP2026,113000.000000,750,OPTSTK,BFO,5.000000,45000,False
859731,HDFCBANK26SEP710PE,HDFCBANK,24SEP2026,71000.000000,650,OPTSTK,BFO,5.000000,16500,False
847359,POWERGRID26SEP267.5PE,POWERGRID,24SEP2026,26750.000000,1900,OPTSTK,BFO,5.000000,108000,False
847374,NESTLEIND26SEP1410PE,NESTLEIND,24SEP2026,141000.000000,500,OPTSTK,BFO,5.000000,1200,False
847378,MANKIND26SEP2400PE,MANKIND,24SEP2026,240000.000000,250,OPTSTK,BFO,5.000000,100000000,False
847388,COCHINSHIP26SEP1540PE,COCHINSHIP,24SEP2026,154000.000000,400,OPTSTK,BFO,5.000000,100000000,False
852483,MARUTI26SEP14800PE,MARUTI,24SEP2026,1480000.000000,50,OPTSTK,BFO,5.000000,3000,False
852493,RADICO26SEP3750CE,RADICO,24SEP2026,375000.000000,150,OPTSTK,BFO,5.000000,100000000,False
852500,MAZDOCK26SEP2350CE,MAZDOCK,24SEP2026,235000.000000,225,OPTSTK,BFO,5.000000,100000000,False
852546,AMBUJACEM26SEP385CE,AMBUJACEM,24SEP2026,38500.000000,1200,OPTSTK,BFO,5.000000,54000,False
1123580,SENSEX26O1569200CE,SENSEX,15OCT2026,6920000.000000,20,OPTIDX,BFO,5.000000,1000,False
1123596,SENSEX26O2275400PE,SENSEX,22OCT2026,7540000.000000,20,OPTIDX,BFO,5.000000,1000,False
1123662,SENSEX26O2281000PE,SENSEX,22OCT2026,8100000.000000,20,OPTIDX,BFO,5.000000,1000,False
1123712,SENSEX26O2283000CE,SENSEX,22OCT2026,8300000.000000,20,OPTIDX,BFO,5.000000,1000,False
859748,PNB26SEP116CE,PNB,24SEP2026,11600.000000,8000,OPTSTK,BFO,5.000000,480000,False
859767,SONACOMS26SEP780CE,SONACOMS,24SEP2026,78000.000000,1225,OPTSTK,BFO,5.000000,100000000,False
859790,BANKINDIA26SEP165CE,BANKINDIA,24SEP2026,16500.000000,5200,OPTSTK,BFO,5.000000,100000000,False
859813,OIL26SEP485CE,OIL,24SEP2026,48500.000000,1400,OPTSTK,BFO,5.000000,100000000,False
852562,PETRONET26SEP315CE,PETRONET,24SEP2026,31500.000000,1900,OPTSTK,BFO,5.000000,120000,False
852569,PIDILITIND26SEP1460CE,PIDILITIND,24SEP2026,146000.000000,500,OPTSTK,BFO,5.000000,10000,False
852574,TIINDIA26SEP3050CE,TIINDIA,24SEP2026,305000.000000,200,OPTSTK,BFO,5.000000,100000000,False
852587,ASTRAL26SEP1200PE,ASTRAL,24SEP2026,120000.000000,425,OPTSTK,BFO,5.000000,14680,False
847398,IOC26SEP147CE,IOC,24SEP2026,14700.000000,4875,OPTSTK,BFO,5.000000,292500,False
847418,SENSEX5026SEP25850CE,SENSEX50,24SEP2026,2585000.000000,75,OPTIDX,BFO,5.000000,1800,False
847421,KFINTECH26SEP820PE,KFINTECH,24SEP2026,82000.000000,575,OPTSTK,BFO,5.000000,100000000,False
847423,MFSL26SEPFUT,MFSL,24SEP2026,0.000000,400,FUTSTK,BFO,5.000000,32000,False
859858,HAL26SEP4900PE,HAL,24SEP2026,490000.000000,150,OPTSTK,BFO,5.000000,9000,False
859882,HCLTECH26SEP1300PE,HCLTECH,24SEP2026,130000.000000,400,OPTSTK,BFO,5.000000,21000,False
859888,LAURUSLABS26SEP1720CE,LAURUSLABS,24SEP2026,172000.000000,850,OPTSTK,BFO,5.000000,68000,False
859889,SONACOMS26SEP790CE,SONACOMS,24SEP2026,79000.000000,1225,OPTSTK,BFO,5.000000,100000000,False
1123775,MANKIND26SEP2200PE,MANKIND,24SEP2026,220000.000000,250,OPTSTK,BFO,5.000000,100000000,False
1123807,SENSEX5026NOV24000PE,SENSEX50,26NOV2026,2400000.000000,75,OPTIDX,BFO,5.000000,1800,False
1123821,ICICIGI26NOV1380CE,ICICIGI,26NOV2026,138000.000000,325,OPTSTK,BFO,5.000000,20000,False
1123827,SENSEX26O2282800PE,SENSEX,22OCT2026,8280000.000000,20,OPTIDX,BFO,5.000000,1000,False
852635,AMBUJACEM26SEP385PE,AMBUJACEM,24SEP2026,38500.000000,1200,OPTSTK,BFO,5.000000,54000,False
852641,SHRIRAMFIN26SEP940CE,SHRIRAMFIN,24SEP2026,94000.000000,825,OPTSTK,BFO,5.000000,18000,False
852654,HDFCAMC26SEP2550PE,HDFCAMC,24SEP2026,255000.000000,300,OPTSTK,BFO,5.000000,12000,False
852663,PIIND26SEP2200CE,PIIND,24SEP2026,220000.000000,175,OPTSTK,BFO,5.000000,7500,False
847434,SHREECEM26SEP27250PE,SHREECEM,24SEP2026,2725000.000000,25,OPTSTK,BFO,5.000000,1000,False
847444,PIIND26SEP2540PE,PIIND,24SEP2026,254000.000000,175,OPTSTK,BFO,5.000000,7500,False
847447,FEDERALBNK26SEP310CE,FEDERALBNK,24SEP2026,31000.000000,2500,OPTSTK,BFO,5.000000,200000,False
847460,KALYANKJIL26SEP395CE,KALYANKJIL,24SEP2026,39500.000000,1350,OPTSTK,BFO,5.000000,100000000,False
859961,BPCL26SEP355CE,BPCL,24SEP2026,35500.000000,1975,OPTSTK,BFO,5.000000,72000,False
859964,SHREECEM26SEP29000CE,SHREECEM,24SEP2026,2900000.000000,25,OPTSTK,BFO,5.000000,1000,False
859968,INDUSINDBK26SEP1120PE,INDUSINDBK,24SEP2026,112000.000000,700,OPTSTK,BFO,5.000000,20000,False
860016,DRREDDY26SEP1120CE,DRREDDY,24SEP2026,112000.000000,625,OPTSTK,BFO,5.000000,5000,False
852671,HINDPETRO26SEP320.75CE,HINDPETRO,24SEP2026,32075.000000,2025,OPTSTK,BFO,5.000000,108000,False
852677,ADANIPOWER26SEP250CE,ADANIPOWER,24SEP2026,25000.000000,3550,OPTSTK,BFO,5.000000,100000000,False
852680,GAIL26SEP177.5CE,GAIL,24SEP2026,17750.000000,3550,OPTSTK,BFO,5.000000,274500,False
852705,CGPOWER26SEP1060CE,CGPOWER,24SEP2026,106000.000000,850,OPTSTK,BFO,5.000000,100000000,False
1123896,MANAPPURAM26OCT300PE,MANAPPURAM,29OCT2026,30000.000000,3000,OPTSTK,BFO,5.000000,180000,False
1123912,SENSEX26O2278800CE,SENSEX,22OCT2026,7880000.000000,20,OPTIDX,BFO,5.000000,1000,False
1123948,SENSEX26OCT69300CE,SENSEX,29OCT2026,6930000.000000,20,OPTIDX,BFO,5.000000,1000,False
1123961,SENSEX26O2276800CE,SENSEX,22OCT2026,7680000.000000,20,OPTIDX,BFO,5.000000,1000,False
847466,BHEL26SEP412.5CE,BHEL,24SEP2026,41250.000000,2625,OPTSTK,BFO,5.000000,315000,False
847478,NBCC26SEP100CE,NBCC,24SEP2026,10000.000000,6500,OPTSTK,BFO,5.000000,100000000,False
847479,TVSMOTOR26SEP3500PE,TVSMOTOR,24SEP2026,350000.000000,175,OPTSTK,BFO,5.000000,21000,False
847484,ZYDUSLIFE26SEP1100PE,ZYDUSLIFE,24SEP2026,110000.000000,900,OPTSTK,BFO,5.000000,54000,False
860022,KALYANKJIL26SEP615PE,KALYANKJIL,24SEP2026,61500.000000,1350,OPTSTK,BFO,5.000000,100000000,False
860026,AXISBANK26SEP1100PE,AXISBANK,24SEP2026,110000.000000,625,OPTSTK,BFO,5.000000,25000,False
860028,POLICYBZR26SEP1400PE,POLICYBZR,24SEP2026,140000.000000,350,OPTSTK,BFO,5.000000,100000000,False
860031,ONGC26SEP270CE,ONGC,24SEP2026,27000.000000,2250,OPTSTK,BFO,5.000000,154000,False
1123970,SENSEX26O2282100PE,SENSEX,22OCT2026,8210000.000000,20,OPTIDX,BFO,5.000000,1000,False
1124021,SOLARINDS26OCT23000CE,SOLARINDS,29OCT2026,2300000.000000,50,OPTSTK,BFO,5.000000,100000000,False
1124057,SENSEX26O2279300PE,SENSEX,22OCT2026,7930000.000000,20,OPTIDX,BFO,5.000000,1000,False
1124059,SENSEX26O1569400CE,SENSEX,15OCT2026,6940000.000000,20,OPTIDX,BFO,5.000000,1000,False
847513,SAIL26SEP170PE,SAIL,24SEP2026,17000.000000,4700,OPTSTK,BFO,5.000000,320000,False
847532,ABB26SEP7350PE,ABB,24SEP2026,735000.000000,125,OPTSTK,BFO,5.000000,7500,False
847534,MUTHOOTFIN26SEP2800PE,MUTHOOTFIN,24SEP2026,280000.000000,275,OPTSTK,BFO,5.000000,22000,False
847552,INFY26SEP1020PE,INFY,24SEP2026,102000.000000,400,OPTSTK,BFO,5.000000,16000,False
852746,MARICO26SEP770PE,MARICO,24SEP2026,77000.000000,1200,OPTSTK,BFO,5.000000,48000,False
852747,MPHASIS26SEP1988PE,MPHASIS,24SEP2026,198800.000000,275,OPTSTK,BFO,5.000000,11000,False
852752,BHEL26SEP380CE,BHEL,24SEP2026,38000.000000,2625,OPTSTK,BFO,5.000000,315000,False
852766,ADANIPOWER26SEP255CE,ADANIPOWER,24SEP2026,25500.000000,3550,OPTSTK,BFO,5.000000,100000000,False
860040,BANDHANBNK26SEP155PE,BANDHANBNK,24SEP2026,15500.000000,3600,OPTSTK,BFO,5.000000,100000,False
860062,WAAREEENER26SEP2350CE,WAAREEENER,24SEP2026,235000.000000,175,OPTSTK,BFO,5.000000,100000000,False
860063,MFSL26SEP1380PE,MFSL,24SEP2026,138000.000000,400,OPTSTK,BFO,5.000000,32000,False
860108,BAJAJ-AUTO26SEP11300PE,BAJAJ-AUTO,24SEP2026,1130000.000000,75,OPTSTK,BFO,5.000000,5000,False
1124097,HINDUNILVR26OCT1820CE,HINDUNILVR,29OCT2026,182000.000000,300,OPTSTK,BFO,5.000000,9000,False
1124230,UNIONBANK26NOV205PE,UNIONBANK,26NOV2026,20500.000000,4425,OPTSTK,BFO,5.000000,100000000,False
1124265,TITAN26NOV4600PE,TITAN,26NOV2026,460000.000000,175,OPTSTK,BFO,5.000000,11250,False
1124270,SENSEX26O2272700PE,SENSEX,22OCT2026,7270000.000000,20,OPTIDX,BFO,5.000000,1000,False
847553,KPITTECH26SEP670CE,KPITTECH,24SEP2026,67000.000000,775,OPTSTK,BFO,5.000000,100000000,False
847554,PIIND26SEP2600CE,PIIND,24SEP2026,260000.000000,175,OPTSTK,BFO,5.000000,7500,False
847562,CONCOR26SEP450PE,CONCOR,24SEP2026,45000.000000,1250,OPTSTK,BFO,5.000000,40000,False
847567,BAJAJFINSV26SEP1700CE,BAJAJFINSV,24SEP2026,170000.000000,300,OPTSTK,BFO,5.000000,20000,False
860116,DRREDDY26SEP1110PE,DRREDDY,24SEP2026,111000.000000,625,OPTSTK,BFO,5.000000,5000,False
860136,NESTLEIND26SEP1550PE,NESTLEIND,24SEP2026,155000.000000,500,OPTSTK,BFO,5.000000,1200,False
860172,TATAELXSI26SEP3050PE,TATAELXSI,24SEP2026,305000.000000,125,OPTSTK,BFO,5.000000,100000000,False
860183,DRREDDY26SEP1130CE,DRREDDY,24SEP2026,113000.000000,625,OPTSTK,BFO,5.000000,5000,False
852804,MFSL26SEP1440CE,MFSL,24SEP2026,144000.000000,400,OPTSTK,BFO,5.000000,32000,False
852822,BIOCON26SEP455CE,BIOCON,24SEP2026,45500.000000,2500,OPTSTK,BFO,5.000000,100000,False
852828,GAIL26SEP157.5PE,GAIL,24SEP2026,15750.000000,3550,OPTSTK,BFO,5.000000,274500,False
852845,KPITTECH26SEP630CE,KPITTECH,24SEP2026,63000.000000,775,OPTSTK,BFO,5.000000,100000000,False
1124276,SENSEX26O2271200PE,SENSEX,22OCT2026,7120000.000000,20,OPTIDX,BFO,5.000000,1000,False
1124402,SENSEX26OCT69500CE,SENSEX,29OCT2026,6950000.000000,20,OPTIDX,BFO,5.000000,1000,False
1124428,SENSEX26O2273800CE,SENSEX,22OCT2026,7380000.000000,20,OPTIDX,BFO,5.000000,1000,False
1124437,NYKAA26NOV295PE,NYKAA,26NOV2026,29500.000000,3125,OPTSTK,BFO,5.000000,100000000,False
860230,BAJAJ-AUTO26SEP11400CE,BAJAJ-AUTO,24SEP2026,1140000.000000,75,OPTSTK,BFO,5.000000,5000,False
860247,SENSEX29JUN82000CE,SENSEX,28JUN2029,8200000.000000,20,OPTIDX,BFO,5.000000,1000,False
860265,HDFCLIFE26SEP515PE,HDFCLIFE,24SEP2026,51500.000000,1100,OPTSTK,BFO,5.000000,44000,False
860313,GMRAIRPORT26SEP100CE,GMRAIRPORT,24SEP2026,10000.000000,6975,OPTSTK,BFO,5.000000,675000,False
847575,BRITANNIA26SEP5550PE,BRITANNIA,24SEP2026,555000.000000,125,OPTSTK,BFO,5.000000,6000,False
847582,HDFCAMC26SEP2780CE,HDFCAMC,24SEP2026,278000.000000,300,OPTSTK,BFO,5.000000,12000,False
847584,DIXON26SEP12500CE,DIXON,24SEP2026,1250000.000000,50,OPTSTK,BFO,5.000000,6000,False
847602,FORTIS26SEP900PE,FORTIS,24SEP2026,90000.000000,775,OPTSTK,BFO,5.000000,100000000,False
860338,SAIL26SEP142.5PE,SAIL,24SEP2026,14250.000000,4700,OPTSTK,BFO,5.000000,320000,False
860403,HDFCAMC26SEP2150CE,HDFCAMC,24SEP2026,215000.000000,300,OPTSTK,BFO,5.000000,12000,False
860409,TIINDIA26SEP2500PE,TIINDIA,24SEP2026,250000.000000,200,OPTSTK,BFO,5.000000,100000000,False
860420,BAJAJ-AUTO26SEP11800PE,BAJAJ-AUTO,24SEP2026,1180000.000000,75,OPTSTK,BFO,5.000000,5000,False
852851,PIIND26SEP2400CE,PIIND,24SEP2026,240000.000000,175,OPTSTK,BFO,5.000000,7500,False
852853,BHEL26SEP450PE,BHEL,24SEP2026,45000.000000,2625,OPTSTK,BFO,5.000000,315000,False
852866,MANKIND26SEP2680CE,MANKIND,24SEP2026,268000.000000,250,OPTSTK,BFO,5.000000,100000000,False
852874,UNITDSPR26SEP1500CE,UNITDSPR,24SEP2026,150000.000000,400,OPTSTK,BFO,5.000000,28000,False
1124481,IDFCFIRSTB26NOV93CE,IDFCFIRSTB,26NOV2026,9300.000000,9275,OPTSTK,BFO,5.000000,450000,False
1124507,SENSEX26O2277800PE,SENSEX,22OCT2026,7780000.000000,20,OPTIDX,BFO,5.000000,1000,False
1124520,SENSEX26O2281100CE,SENSEX,22OCT2026,8110000.000000,20,OPTIDX,BFO,5.000000,1000,False
1124522,SENSEX5026OCT24050CE,SENSEX50,29OCT2026,2405000.000000,75,OPTIDX,BFO,5.000000,1800,False
847611,DLF26SEP650CE,DLF,24SEP2026,65000.000000,950,OPTSTK,BFO,5.000000,49500,False
847641,HDFCLIFE26SEP615PE,HDFCLIFE,24SEP2026,61500.000000,1100,OPTSTK,BFO,5.000000,44000,False
847645,ADANIGREEN26SEP1570PE,ADANIGREEN,24SEP2026,157000.000000,600,OPTSTK,BFO,5.000000,100000000,False
847651,FOCIT26SEP26000PE,FOCIT,24SEP2026,2600000.000000,45,OPTIDX,BFO,5.000000,1350,False
860481,CIPLA26SEP1330PE,CIPLA,24SEP2026,133000.000000,425,OPTSTK,BFO,5.000000,26000,False
860486,NAM-INDIA26SEP980PE,NAM-INDIA,24SEP2026,98000.000000,625,OPTSTK,BFO,5.000000,100000000,False
860496,SENSEX29JUN80000CE,SENSEX,28JUN2029,8000000.000000,20,OPTIDX,BFO,5.000000,1000,False
860505,MFSL26SEP1360CE,MFSL,24SEP2026,136000.000000,400,OPTSTK,BFO,5.000000,32000,False
852938,NAUKRI26SEP840PE,NAUKRI,24SEP2026,84000.000000,550,OPTSTK,BFO,5.000000,6000,False
852952,COCHINSHIP26SEP1620CE,COCHINSHIP,24SEP2026,162000.000000,400,OPTSTK,BFO,5.000000,100000000,False
852981,MPHASIS26SEP2088CE,MPHASIS,24SEP2026,208800.000000,275,OPTSTK,BFO,5.000000,11000,False
852984,AXISBANK26SEP1480CE,AXISBANK,24SEP2026,148000.000000,625,OPTSTK,BFO,5.000000,25000,False
1124588,SENSEX26O2277800CE,SENSEX,22OCT2026,7780000.000000,20,OPTIDX,BFO,5.000000,1000,False
1124623,HDFCLIFE26OCT495PE,HDFCLIFE,29OCT2026,49500.000000,1100,OPTSTK,BFO,5.000000,44000,False
1124676,TITAN26NOV4650CE,TITAN,26NOV2026,465000.000000,175,OPTSTK,BFO,5.000000,11250,False
1124767,SOLARINDS26OCT23250PE,SOLARINDS,29OCT2026,2325000.000000,50,OPTSTK,BFO,5.000000,100000000,False
847668,TRENT26SEP3200CE,TRENT,24SEP2026,320000.000000,225,OPTSTK,BFO,5.000000,16000,False
847679,BANKBARODA26SEP280CE,BANKBARODA,24SEP2026,28000.000000,2925,OPTSTK,BFO,5.000000,175500,False
847695,BOSCHLTD26SEP42000CE,BOSCHLTD,24SEP2026,4200000.000000,25,OPTSTK,BFO,5.000000,1500,False
847705,SRF26SEP2740PE,SRF,24SEP2026,274000.000000,200,OPTSTK,BFO,5.000000,11250,False
860543,HEROMOTOCO26SEP5900PE,HEROMOTOCO,24SEP2026,590000.000000,150,OPTSTK,BFO,5.000000,9000,False
860552,BANDHANBNK26SEP135PE,BANDHANBNK,24SEP2026,13500.000000,3600,OPTSTK,BFO,5.000000,100000,False
860568,CROMPTON26SEP215CE,CROMPTON,24SEP2026,21500.000000,2150,OPTSTK,BFO,5.000000,90000,False
860572,SRF26SEP2300PE,SRF,24SEP2026,230000.000000,200,OPTSTK,BFO,5.000000,11250,False
860693,NAM-INDIA26SEP980CE,NAM-INDIA,24SEP2026,98000.000000,625,OPTSTK,BFO,5.000000,100000000,False
860708,AUROPHARMA26SEP1380CE,AUROPHARMA,24SEP2026,138000.000000,550,OPTSTK,BFO,5.000000,44000,False
860801,SENSEX5026SEP23950CE,SENSEX50,24SEP2026,2395000.000000,75,OPTIDX,BFO,5.000000,1800,False
860822,UNITDSPR26SEP1600CE,UNITDSPR,24SEP2026,160000.000000,400,OPTSTK,BFO,5.000000,28000,False
847729,LT26SEP4140PE,LT,24SEP2026,414000.000000,175,OPTSTK,BFO,5.000000,12000,False
847749,MARICO26SEP810CE,MARICO,24SEP2026,81000.000000,1200,OPTSTK,BFO,5.000000,48000,False
847765,COLPAL26SEP2000PE,COLPAL,24SEP2026,200000.000000,275,OPTSTK,BFO,5.000000,14000,False
847790,TATASTEEL26SEP185PE,TATASTEEL,24SEP2026,18500.000000,2750,OPTSTK,BFO,5.000000,220000,False
852996,ABB26SEP7600PE,ABB,24SEP2026,760000.000000,125,OPTSTK,BFO,5.000000,7500,False
853024,NYKAA26SEP280CE,NYKAA,24SEP2026,28000.000000,3125,OPTSTK,BFO,5.000000,100000000,False
853035,HDFCAMC26SEP2950PE,HDFCAMC,24SEP2026,295000.000000,300,OPTSTK,BFO,5.000000,12000,False
853049,NAUKRI26SEP880CE,NAUKRI,24SEP2026,88000.000000,550,OPTSTK,BFO,5.000000,6000,False
1124774,TRENT26OCT2450CE,TRENT,29OCT2026,245000.000000,225,OPTSTK,BFO,5.000000,16000,False
1124832,RBLBANK26SEP440CE,RBLBANK,24SEP2026,44000.000000,3175,OPTSTK,BFO,5.000000,150000,False
1124872,SENSEX26O2283000PE,SENSEX,22OCT2026,8300000.000000,20,OPTIDX,BFO,5.000000,1000,False
1124924,IDFCFIRSTB26NOV94PE,IDFCFIRSTB,26NOV2026,9400.000000,9275,OPTSTK,BFO,5.000000,450000,False
860823,SENSEX5026SEP23900CE,SENSEX50,24SEP2026,2390000.000000,75,OPTIDX,BFO,5.000000,1800,False
860830,SENSEX5026SEP23950PE,SENSEX50,24SEP2026,2395000.000000,75,OPTIDX,BFO,5.000000,1800,False
860831,GVT&D26SEP3500CE,GVT&D,24SEP2026,350000.000000,125,OPTSTK,BFO,5.000000,100000000,False
860846,DRREDDY26SEP1090CE,DRREDDY,24SEP2026,109000.000000,625,OPTSTK,BFO,5.000000,5000,False
853061,NBCC26SEP90CE,NBCC,24SEP2026,9000.000000,6500,OPTSTK,BFO,5.000000,100000000,False
853062,ADANIENT26SEP3350CE,ADANIENT,24SEP2026,335000.000000,309,OPTSTK,BFO,5.000000,9000,False
853093,APOLLOHOSP26SEP9200CE,APOLLOHOSP,24SEP2026,920000.000000,125,OPTSTK,BFO,5.000000,5000,False
853138,NBCC26SEP112.5PE,NBCC,24SEP2026,11250.000000,6500,OPTSTK,BFO,5.000000,100000000,False
1124966,BHARATFORG26NOV1840CE,BHARATFORG,26NOV2026,184000.000000,500,OPTSTK,BFO,5.000000,30000,False
1124973,SENSEX26O0869500PE,SENSEX,08OCT2026,6950000.000000,20,OPTIDX,BFO,5.000000,1000,False
1125000,SENSEX26NOV69200PE,SENSEX,26NOV2026,6920000.000000,20,OPTIDX,BFO,5.000000,1000,False
1125061,OBEROIRLTY26NOV2040PE,OBEROIRLTY,26NOV2026,204000.000000,350,OPTSTK,BFO,5.000000,28000,False
847799,SOLARINDS26SEP16000PE,SOLARINDS,24SEP2026,1600000.000000,50,OPTSTK,BFO,5.000000,100000000,False
847804,DLF26SEP655CE,DLF,24SEP2026,65500.000000,950,OPTSTK,BFO,5.000000,49500,False
847815,ULTRACEMCO26SEP11660CE,ULTRACEMCO,24SEP2026,1166000.000000,50,OPTSTK,BFO,5.000000,3000,False
847836,PHOENIXLTD26SEP1940CE,PHOENIXLTD,24SEP2026,194000.000000,350,OPTSTK,BFO,5.000000,100000000,False
853173,MPHASIS26SEP2288CE,MPHASIS,24SEP2026,228800.000000,275,OPTSTK,BFO,5.000000,11000,False
853189,DLF26SEP560PE,DLF,24SEP2026,56000.000000,950,OPTSTK,BFO,5.000000,49500,False
853193,ADANIPOWER26SEP200CE,ADANIPOWER,24SEP2026,20000.000000,3550,OPTSTK,BFO,5.000000,100000000,False
853198,SOLARINDS26SEP20000PE,SOLARINDS,24SEP2026,2000000.000000,50,OPTSTK,BFO,5.000000,100000000,False
860904,LAURUSLABS26SEP1800CE,LAURUSLABS,24SEP2026,180000.000000,850,OPTSTK,BFO,5.000000,68000,False
860934,LTM26SEP4550CE,LTM,24SEP2026,455000.000000,150,OPTSTK,BFO,5.000000,4500,False
860981,MOTHERSON26SEP167.5PE,MOTHERSON,24SEP2026,16750.000000,6150,OPTSTK,BFO,5.000000,284000,False
860997,LTM26SEP4500PE,LTM,24SEP2026,450000.000000,150,OPTSTK,BFO,5.000000,4500,False
847857,HDFCLIFE26SEP585CE,HDFCLIFE,24SEP2026,58500.000000,1100,OPTSTK,BFO,5.000000,44000,False
847867,SBICARD26SEP570PE,SBICARD,24SEP2026,57000.000000,800,OPTSTK,BFO,5.000000,32000,False
847871,KPITTECH26SEP810PE,KPITTECH,24SEP2026,81000.000000,775,OPTSTK,BFO,5.000000,100000000,False
847873,KFINTECH26SEP860PE,KFINTECH,24SEP2026,86000.000000,575,OPTSTK,BFO,5.000000,100000000,False
1125089,SENSEX26O2281600PE,SENSEX,22OCT2026,8160000.000000,20,OPTIDX,BFO,5.000000,1000,False
1125127,SENSEX26O0169200PE,SENSEX,01OCT2026,6920000.000000,20,OPTIDX,BFO,5.000000,1000,False
1125146,SOLARINDS26SEP23000CE,SOLARINDS,24SEP2026,2300000.000000,50,OPTSTK,BFO,5.000000,100000000,False
1125194,SOLARINDS26OCT23000PE,SOLARINDS,29OCT2026,2300000.000000,50,OPTSTK,BFO,5.000000,100000000,False
853221,NBCC26SEP117.5PE,NBCC,24SEP2026,11750.000000,6500,OPTSTK,BFO,5.000000,100000000,False
853225,PNBHOUSING26SEP940CE,PNBHOUSING,24SEP2026,94000.000000,650,OPTSTK,BFO,5.000000,100000000,False
853228,HDFCBANK26SEP860CE,HDFCBANK,24SEP2026,86000.000000,650,OPTSTK,BFO,5.000000,16500,False
853266,PIDILITIND26SEP1700CE,PIDILITIND,24SEP2026,170000.000000,500,OPTSTK,BFO,5.000000,10000,False
861053,HAVELLS26SEP1380PE,HAVELLS,24SEP2026,138000.000000,500,OPTSTK,BFO,5.000000,20000,False
861059,KFINTECH26SEP1080CE,KFINTECH,24SEP2026,108000.000000,575,OPTSTK,BFO,5.000000,100000000,False
861085,BEL26SEP355CE,BEL,24SEP2026,35500.000000,1425,OPTSTK,BFO,5.000000,228000,False
861089,TECHM26SEP1760CE,TECHM,24SEP2026,176000.000000,600,OPTSTK,BFO,5.000000,24000,False
1125205,SENSEX26O2277300CE,SENSEX,22OCT2026,7730000.000000,20,OPTIDX,BFO,5.000000,1000,False
1125236,SENSEX26O2270400CE,SENSEX,22OCT2026,7040000.000000,20,OPTIDX,BFO,5.000000,1000,False
1125449,SENSEX26O2278400PE,SENSEX,22OCT2026,7840000.000000,20,OPTIDX,BFO,5.000000,1000,False
1125505,SENSEX26O2282300PE,SENSEX,22OCT2026,8230000.000000,20,OPTIDX,BFO,5.000000,1000,False
861109,RELIANCE26SEP1200CE,RELIANCE,24SEP2026,120000.000000,500,OPTSTK,BFO,5.000000,10000,False
861132,SUZLON26SEP43CE,SUZLON,24SEP2026,4300.000000,12700,OPTSTK,BFO,5.000000,100000000,False
861160,VBL26SEP380PE,VBL,24SEP2026,38000.000000,1275,OPTSTK,BFO,5.000000,100000000,False
861164,LTM26SEP4600CE,LTM,24SEP2026,460000.000000,150,OPTSTK,BFO,5.000000,4500,False
847877,PATANJALI26SEP435PE,PATANJALI,24SEP2026,43500.000000,1075,OPTSTK,BFO,5.000000,100000000,False
847881,LUPIN26SEP2460CE,LUPIN,24SEP2026,246000.000000,425,OPTSTK,BFO,5.000000,34000,False
847887,FORTIS26SEP940CE,FORTIS,24SEP2026,94000.000000,775,OPTSTK,BFO,5.000000,100000000,False
847911,CGPOWER26SEP910PE,CGPOWER,24SEP2026,91000.000000,850,OPTSTK,BFO,5.000000,100000000,False
853277,PAYTM26SEP1220PE,PAYTM,24SEP2026,122000.000000,725,OPTSTK,BFO,5.000000,100000000,False
853280,INFY26SEP880PE,INFY,24SEP2026,88000.000000,400,OPTSTK,BFO,5.000000,16000,False
853294,ADANIPOWER26SEP205CE,ADANIPOWER,24SEP2026,20500.000000,3550,OPTSTK,BFO,5.000000,100000000,False
853352,HINDUNILVR26SEP2000CE,HINDUNILVR,24SEP2026,200000.000000,300,OPTSTK,BFO,5.000000,9000,False
1125508,NAM-INDIA26NOV1020CE,NAM-INDIA,26NOV2026,102000.000000,625,OPTSTK,BFO,5.000000,100000000,False
1125548,SENSEX26O2276000PE,SENSEX,22OCT2026,7600000.000000,20,OPTIDX,BFO,5.000000,1000,False
1125606,GODREJCP26OCT810CE,GODREJCP,29OCT2026,81000.000000,500,OPTSTK,BFO,5.000000,30000,False
1125630,TRENT26SEP2450CE,TRENT,24SEP2026,245000.000000,225,OPTSTK,BFO,5.000000,16000,False
861167,HCLTECH26SEP1390PE,HCLTECH,24SEP2026,139000.000000,400,OPTSTK,BFO,5.000000,21000,False
861193,LTM26SEP4650PE,LTM,24SEP2026,465000.000000,150,OPTSTK,BFO,5.000000,4500,False
861196,HINDUNILVR26SEP1900CE,HINDUNILVR,24SEP2026,190000.000000,300,OPTSTK,BFO,5.000000,9000,False
861222,IEX26SEP147.5CE,IEX,24SEP2026,14750.000000,4350,OPTSTK,BFO,5.000000,150000,False
847914,BAJAJFINSV26SEP1680PE,BAJAJFINSV,24SEP2026,168000.000000,300,OPTSTK,BFO,5.000000,20000,False
847917,CANBK26SEP135PE,CANBK,24SEP2026,13500.000000,6750,OPTSTK,BFO,5.000000,81000,False
847930,BANKEX26SEP65400PE,BANKEX,24SEP2026,6540000.000000,30,OPTIDX,BFO,5.000000,900,False
847932,ZYDUSLIFE26SEP1140PE,ZYDUSLIFE,24SEP2026,114000.000000,900,OPTSTK,BFO,5.000000,54000,False
853360,NBCC26SEP87.5PE,NBCC,24SEP2026,8750.000000,6500,OPTSTK,BFO,5.000000,100000000,False
853369,ABB26SEP6400CE,ABB,24SEP2026,640000.000000,125,OPTSTK,BFO,5.000000,7500,False
853389,MANKIND26SEP2640PE,MANKIND,24SEP2026,264000.000000,250,OPTSTK,BFO,5.000000,100000000,False
853442,HDFCAMC26SEP2450PE,HDFCAMC,24SEP2026,245000.000000,300,OPTSTK,BFO,5.000000,12000,False
861228,HINDUNILVR26SEP1940CE,HINDUNILVR,24SEP2026,194000.000000,300,OPTSTK,BFO,5.000000,9000,False
861253,COFORGE26SEP1760PE,COFORGE,24SEP2026,176000.000000,475,OPTSTK,BFO,5.000000,6000,False
861255,KFINTECH26SEP1100PE,KFINTECH,24SEP2026,110000.000000,575,OPTSTK,BFO,5.000000,100000000,False
861300,LAURUSLABS26SEP1880PE,LAURUSLABS,24SEP2026,188000.000000,850,OPTSTK,BFO,5.000000,68000,False
1125642,TITAN26NOV4650PE,TITAN,26NOV2026,465000.000000,175,OPTSTK,BFO,5.000000,11250,False
1125702,SENSEX26O2283100CE,SENSEX,22OCT2026,8310000.000000,20,OPTIDX,BFO,5.000000,1000,False
1125705,KAYNES26OCT3150CE,KAYNES,29OCT2026,315000.000000,150,OPTSTK,BFO,5.000000,100000000,False
1125707,SENSEX26O2276300PE,SENSEX,22OCT2026,7630000.000000,20,OPTIDX,BFO,5.000000,1000,False
847933,M&M26SEP3260CE,M&M,24SEP2026,326000.000000,200,OPTSTK,BFO,5.000000,21000,False
847934,NAUKRI26SEP1020PE,NAUKRI,24SEP2026,102000.000000,550,OPTSTK,BFO,5.000000,6000,False
847941,HYUNDAI26SEP1820CE,HYUNDAI,24SEP2026,182000.000000,275,OPTSTK,BFO,5.000000,100000000,False
847945,MARICO26SEP815CE,MARICO,24SEP2026,81500.000000,1200,OPTSTK,BFO,5.000000,48000,False
861314,HINDUNILVR26SEP1900PE,HINDUNILVR,24SEP2026,190000.000000,300,OPTSTK,BFO,5.000000,9000,False
861331,COFORGE26SEP1800PE,COFORGE,24SEP2026,180000.000000,475,OPTSTK,BFO,5.000000,6000,False
861347,TCS26SEP2520PE,TCS,24SEP2026,252000.000000,225,OPTSTK,BFO,5.000000,7000,False
861370,MANKIND26SEP2740PE,MANKIND,24SEP2026,274000.000000,250,OPTSTK,BFO,5.000000,100000000,False
847958,MOTILALOFS26SEP1010CE,MOTILALOFS,24SEP2026,101000.000000,775,OPTSTK,BFO,5.000000,100000000,False
847966,NAUKRI26SEP1010CE,NAUKRI,24SEP2026,101000.000000,550,OPTSTK,BFO,5.000000,6000,False
847974,GRASIM26SEP3120PE,GRASIM,24SEP2026,312000.000000,250,OPTSTK,BFO,5.000000,14250,False
847982,MAZDOCK26SEP2500CE,MAZDOCK,24SEP2026,250000.000000,225,OPTSTK,BFO,5.000000,100000000,False
853509,NBCC26SEP90PE,NBCC,24SEP2026,9000.000000,6500,OPTSTK,BFO,5.000000,100000000,False
853544,YESBANK26SEP17PE,YESBANK,24SEP2026,1700.000000,31100,OPTSTK,BFO,5.000000,100000000,False
853562,NATIONALUM26SEP280PE,NATIONALUM,24SEP2026,28000.000000,1875,OPTSTK,BFO,5.000000,300000,False
853568,MARICO26SEP890CE,MARICO,24SEP2026,89000.000000,1200,OPTSTK,BFO,5.000000,48000,False
1125764,SOLARINDS26SEP22750CE,SOLARINDS,24SEP2026,2275000.000000,50,OPTSTK,BFO,5.000000,100000000,False
1125786,POLYCAB26SEP7900CE,POLYCAB,24SEP2026,790000.000000,125,OPTSTK,BFO,5.000000,9000,False
1125810,TATAPOWER26NOV405PE,TATAPOWER,26NOV2026,40500.000000,1450,OPTSTK,BFO,5.000000,101250,False
1125815,LICHSGFIN26OCT630PE,LICHSGFIN,29OCT2026,63000.000000,1000,OPTSTK,BFO,5.000000,60000,False
861390,VBL26SEP360PE,VBL,24SEP2026,36000.000000,1275,OPTSTK,BFO,5.000000,100000000,False
861416,TECHM26SEP1740PE,TECHM,24SEP2026,174000.000000,600,OPTSTK,BFO,5.000000,24000,False
861468,LODHA26SEP1400PE,LODHA,24SEP2026,140000.000000,625,OPTSTK,BFO,5.000000,100000000,False
861477,RADICO26SEP4650CE,RADICO,24SEP2026,465000.000000,150,OPTSTK,BFO,5.000000,100000000,False
847983,AUROPHARMA26SEP1420PE,AUROPHARMA,24SEP2026,142000.000000,550,OPTSTK,BFO,5.000000,44000,False
848004,SENSEX31JUN77000CE,SENSEX,26JUN2031,7700000.000000,20,OPTIDX,BFO,5.000000,1000,False
848010,PIIND26SEP2640CE,PIIND,24SEP2026,264000.000000,175,OPTSTK,BFO,5.000000,7500,False
848012,PAYTM26SEP1140CE,PAYTM,24SEP2026,114000.000000,725,OPTSTK,BFO,5.000000,100000000,False
861478,AMBER26SEP6500PE,AMBER,24SEP2026,650000.000000,100,OPTSTK,BFO,5.000000,100000000,False
861490,COALINDIA26SEP375CE,COALINDIA,24SEP2026,37500.000000,1350,OPTSTK,BFO,5.000000,126000,False
861543,BSE26OCT2400PE,BSE,27OCT2026,240000.000000,200,OPTSTK,BFO,5.000000,3751,False
861553,BSE26OCT3400PE,BSE,27OCT2026,340000.000000,200,OPTSTK,BFO,5.000000,3751,False
853580,INDIGO26SEP6000CE,INDIGO,24SEP2026,600000.000000,150,OPTSTK,BFO,5.000000,12000,False
853590,HDFCAMC26SEP2900PE,HDFCAMC,24SEP2026,290000.000000,300,OPTSTK,BFO,5.000000,12000,False
853609,UNITDSPR26SEP1500PE,UNITDSPR,24SEP2026,150000.000000,400,OPTSTK,BFO,5.000000,28000,False
853629,EICHERMOT26SEP6900PE,EICHERMOT,24SEP2026,690000.000000,100,OPTSTK,BFO,5.000000,7000,False
1125836,HAVELLS26NOV1040PE,HAVELLS,26NOV2026,104000.000000,500,OPTSTK,BFO,5.000000,20000,False
1125840,POLYCAB26NOV7900CE,POLYCAB,26NOV2026,790000.000000,125,OPTSTK,BFO,5.000000,9000,False
1125848,KEI26NOV4400CE,KEI,26NOV2026,440000.000000,175,OPTSTK,BFO,5.000000,100000000,False
1125854,RBLBANK26OCT450PE,RBLBANK,29OCT2026,45000.000000,3175,OPTSTK,BFO,5.000000,150000,False
848037,ADANIENSOL26SEP1460CE,ADANIENSOL,24SEP2026,146000.000000,675,OPTSTK,BFO,5.000000,100000000,False
848047,SUPREMEIND26SEP3550PE,SUPREMEIND,24SEP2026,355000.000000,175,OPTSTK,BFO,5.000000,100000000,False
848082,PIDILITIND26SEP1620PE,PIDILITIND,24SEP2026,162000.000000,500,OPTSTK,BFO,5.000000,10000,False
848104,TORNTPHARM26SEP4650PE,TORNTPHARM,24SEP2026,465000.000000,125,OPTSTK,BFO,5.000000,15000,False
853630,GVT&D26SEP5500PE,GVT&D,24SEP2026,550000.000000,125,OPTSTK,BFO,5.000000,100000000,False
853662,VBL26SEP550PE,VBL,24SEP2026,55000.000000,1275,OPTSTK,BFO,5.000000,100000000,False
853682,INFY26SEP920CE,INFY,24SEP2026,92000.000000,400,OPTSTK,BFO,5.000000,16000,False
853697,LT26SEP4000PE,LT,24SEP2026,400000.000000,175,OPTSTK,BFO,5.000000,12000,False
861599,CDSL26SEP1380CE,CDSL,29SEP2026,138000.000000,475,OPTSTK,BFO,5.000000,14001,False
861606,CDSL26SEP1540PE,CDSL,29SEP2026,154000.000000,475,OPTSTK,BFO,5.000000,14001,False
861618,CDSL26OCT880PE,CDSL,27OCT2026,88000.000000,475,OPTSTK,BFO,5.000000,14001,False
861686,ULTRACEMCO26SEP11900PE,ULTRACEMCO,24SEP2026,1190000.000000,50,OPTSTK,BFO,5.000000,3000,False
848129,TORNTPHARM26SEP4800CE,TORNTPHARM,24SEP2026,480000.000000,125,OPTSTK,BFO,5.000000,15000,False
848139,SUNPHARMA26SEP1980CE,SUNPHARMA,24SEP2026,198000.000000,350,OPTSTK,BFO,5.000000,28000,False
848187,DMART26SEP4500CE,DMART,24SEP2026,450000.000000,150,OPTSTK,BFO,5.000000,100000000,False
848198,TATAELXSI26SEP4150CE,TATAELXSI,24SEP2026,415000.000000,125,OPTSTK,BFO,5.000000,100000000,False
1125930,TVSMOTOR26OCT3800PE,TVSMOTOR,29OCT2026,380000.000000,175,OPTSTK,BFO,5.000000,21000,False
1125994,PAGEIND26NOV40000PE,PAGEIND,26NOV2026,4000000.000000,20,OPTSTK,BFO,5.000000,600,False
1126003,MARICO26SEP740PE,MARICO,24SEP2026,74000.000000,1200,OPTSTK,BFO,5.000000,48000,False
1126020,POLYCAB26OCT7700CE,POLYCAB,29OCT2026,770000.000000,125,OPTSTK,BFO,5.000000,9000,False
861688,ADANIPORTS26SEP1600PE,ADANIPORTS,24SEP2026,160000.000000,475,OPTSTK,BFO,5.000000,32000,False
861717,MANAPPURAM26SEP400PE,MANAPPURAM,24SEP2026,40000.000000,3000,OPTSTK,BFO,5.000000,180000,False
861793,CONCOR26SEP560PE,CONCOR,24SEP2026,56000.000000,1250,OPTSTK,BFO,5.000000,40000,False
861916,WIPRO26SEP200PE,WIPRO,24SEP2026,20000.000000,3000,OPTSTK,BFO,5.000000,60000,False
848221,CONCOR26SEP495PE,CONCOR,24SEP2026,49500.000000,1250,OPTSTK,BFO,5.000000,40000,False
848224,IEX26SEP122PE,IEX,24SEP2026,12200.000000,4350,OPTSTK,BFO,5.000000,150000,False
848233,ADANIPORTS26SEP1800CE,ADANIPORTS,24SEP2026,180000.000000,475,OPTSTK,BFO,5.000000,32000,False
848251,UPL26SEP605CE,UPL,24SEP2026,60500.000000,1355,OPTSTK,BFO,5.000000,39000,False
853717,RADICO26SEP4250PE,RADICO,24SEP2026,425000.000000,150,OPTSTK,BFO,5.000000,100000000,False
853766,BSE26SEP2000PE,BSE,29SEP2026,200000.000000,200,OPTSTK,BFO,5.000000,3751,False
853850,CDSL26SEP800CE,CDSL,29SEP2026,80000.000000,475,OPTSTK,BFO,5.000000,14001,False
853857,CDSL26SEP1000PE,CDSL,29SEP2026,100000.000000,475,OPTSTK,BFO,5.000000,14001,False
861976,INFY26SEP1300CE,INFY,24SEP2026,130000.000000,400,OPTSTK,BFO,5.000000,16000,False
862040,360ONE26OCT1060PE,,29OCT2026,106000.000000,500,OPTSTK,BFO,5.000000,100000000,False
862058,GODFRYPHLP26OCTFUT,GODFRYPHLP,29OCT2026,0.000000,275,FUTSTK,BFO,5.000000,100000000,False
862059,SHRIRAMFIN26OCT940CE,SHRIRAMFIN,29OCT2026,94000.000000,825,OPTSTK,BFO,5.000000,18000,False
1126034,RBLBANK26SEP450PE,RBLBANK,24SEP2026,45000.000000,3175,OPTSTK,BFO,5.000000,150000,False
1126091,HAVELLS26OCT1020PE,HAVELLS,29OCT2026,102000.000000,500,OPTSTK,BFO,5.000000,20000,False
1126095,HAVELLS26OCT1020CE,HAVELLS,29OCT2026,102000.000000,500,OPTSTK,BFO,5.000000,20000,False
1126228,LICHSGFIN26OCT640CE,LICHSGFIN,29OCT2026,64000.000000,1000,OPTSTK,BFO,5.000000,60000,False
853862,CDSL26SEP1120CE,CDSL,29SEP2026,112000.000000,475,OPTSTK,BFO,5.000000,14001,False
853863,CDSL26SEP1120PE,CDSL,29SEP2026,112000.000000,475,OPTSTK,BFO,5.000000,14001,False
853883,CDSL26SEP1520PE,CDSL,29SEP2026,152000.000000,475,OPTSTK,BFO,5.000000,14001,False
853890,CDSL26SEP1680CE,CDSL,29SEP2026,168000.000000,475,OPTSTK,BFO,5.000000,14001,False
848257,BAJAJ-AUTO26SEP9900CE,BAJAJ-AUTO,24SEP2026,990000.000000,75,OPTSTK,BFO,5.000000,5000,False
848266,GODREJCP26SEP1040CE,GODREJCP,24SEP2026,104000.000000,500,OPTSTK,BFO,5.000000,30000,False
848273,SENSEX5026SEP25350CE,SENSEX50,24SEP2026,2535000.000000,75,OPTIDX,BFO,5.000000,1800,False
848281,BANKINDIA26SEP142.5CE,BANKINDIA,24SEP2026,14250.000000,5200,OPTSTK,BFO,5.000000,100000000,False
862071,SUNPHARMA26OCT1920CE,SUNPHARMA,29OCT2026,192000.000000,350,OPTSTK,BFO,5.000000,28000,False
862076,VBL26OCT520CE,VBL,29OCT2026,52000.000000,1275,OPTSTK,BFO,5.000000,100000000,False
862077,SUPREMEIND26OCT3400PE,SUPREMEIND,29OCT2026,340000.000000,175,OPTSTK,BFO,5.000000,100000000,False
862079,PAGEIND26OCT37500CE,PAGEIND,29OCT2026,3750000.000000,20,OPTSTK,BFO,5.000000,600,False
853891,CDSL26SEP1680PE,CDSL,29SEP2026,168000.000000,475,OPTSTK,BFO,5.000000,14001,False
853892,CDSL26SEP1760CE,CDSL,29SEP2026,176000.000000,475,OPTSTK,BFO,5.000000,14001,False
853939,HINDALCO26SEP800PE,HINDALCO,24SEP2026,80000.000000,700,OPTSTK,BFO,5.000000,56000,False
853946,BHARATFORG26SEP1980CE,BHARATFORG,24SEP2026,198000.000000,500,OPTSTK,BFO,5.000000,30000,False
1126234,POLYCAB26OCT8000CE,POLYCAB,29OCT2026,800000.000000,125,OPTSTK,BFO,5.000000,9000,False
1126258,MARICO26NOV740CE,MARICO,26NOV2026,74000.000000,1200,OPTSTK,BFO,5.000000,48000,False
1126267,SUZLON26OCT38PE,SUZLON,29OCT2026,3800.000000,12700,OPTSTK,BFO,5.000000,100000000,False
1126289,SUPREMEIND26NOV3100PE,SUPREMEIND,26NOV2026,310000.000000,175,OPTSTK,BFO,5.000000,100000000,False
848287,PRESTIGE26SEP1500CE,PRESTIGE,24SEP2026,150000.000000,450,OPTSTK,BFO,5.000000,100000000,False
848301,SUZLON26SEP52PE,SUZLON,24SEP2026,5200.000000,12700,OPTSTK,BFO,5.000000,100000000,False
848302,HDFCAMC26SEP2540PE,HDFCAMC,24SEP2026,254000.000000,300,OPTSTK,BFO,5.000000,12000,False
848303,LTF26SEP330CE,LTF,24SEP2026,33000.000000,2250,OPTSTK,BFO,5.000000,267720,False
862084,LTF26OCT340CE,LTF,29OCT2026,34000.000000,2250,OPTSTK,BFO,5.000000,267720,False
862093,BEL26SEP350CE,BEL,24SEP2026,35000.000000,1425,OPTSTK,BFO,5.000000,228000,False
862097,SBIN26OCT980PE,SBIN,29OCT2026,98000.000000,750,OPTSTK,BFO,5.000000,45000,False
862102,BEL26OCT395CE,BEL,29OCT2026,39500.000000,1425,OPTSTK,BFO,5.000000,228000,False
853966,NAM-INDIA26SEP1340PE,NAM-INDIA,24SEP2026,134000.000000,625,OPTSTK,BFO,5.000000,100000000,False
853969,M&M26SEP3500CE,M&M,24SEP2026,350000.000000,200,OPTSTK,BFO,5.000000,21000,False
853972,HDFCAMC26SEP3100CE,HDFCAMC,24SEP2026,310000.000000,300,OPTSTK,BFO,5.000000,12000,False
853977,DABUR26SEP480CE,DABUR,24SEP2026,48000.000000,1250,OPTSTK,BFO,5.000000,50000,False
1126306,POLICYBZR26OCT2000CE,POLICYBZR,29OCT2026,200000.000000,350,OPTSTK,BFO,5.000000,100000000,False
1126331,POLYCAB26OCT7600PE,POLYCAB,29OCT2026,760000.000000,125,OPTSTK,BFO,5.000000,9000,False
1126346,KEI26NOV4100PE,KEI,26NOV2026,410000.000000,175,OPTSTK,BFO,5.000000,100000000,False
1126371,MOTILALOFS26SEP1200CE,MOTILALOFS,24SEP2026,120000.000000,775,OPTSTK,BFO,5.000000,100000000,False
862107,BANKINDIA26OCT120CE,BANKINDIA,29OCT2026,12000.000000,5200,OPTSTK,BFO,5.000000,100000000,False
862139,PNBHOUSING26OCT1080CE,PNBHOUSING,29OCT2026,108000.000000,650,OPTSTK,BFO,5.000000,100000000,False
862147,TIINDIA26OCT2950PE,TIINDIA,29OCT2026,295000.000000,200,OPTSTK,BFO,5.000000,100000000,False
862151,TCS26OCT2420PE,TCS,29OCT2026,242000.000000,225,OPTSTK,BFO,5.000000,7000,False
848308,MANKIND26SEP2480PE,MANKIND,24SEP2026,248000.000000,250,OPTSTK,BFO,5.000000,100000000,False
848342,LICI26SEP455CE,LICI,24SEP2026,45500.000000,1400,OPTSTK,BFO,5.000000,100000000,False
848345,ALKEM26SEP5600CE,ALKEM,24SEP2026,560000.000000,125,OPTSTK,BFO,5.000000,8000,False
848354,KPITTECH26SEP690PE,KPITTECH,24SEP2026,69000.000000,775,OPTSTK,BFO,5.000000,100000000,False
862165,ICICIPRULI26OCT540CE,ICICIPRULI,29OCT2026,54000.000000,925,OPTSTK,BFO,5.000000,60000,False
862174,FOCIT26OCT39600PE,FOCIT,29OCT2026,3960000.000000,45,OPTIDX,BFO,5.000000,1350,False
862186,COALINDIA26OCT380CE,COALINDIA,29OCT2026,38000.000000,1350,OPTSTK,BFO,5.000000,126000,False
862192,YESBANK26OCT22CE,YESBANK,29OCT2026,2200.000000,31100,OPTSTK,BFO,5.000000,100000000,False
1126406,LUPIN26OCT1960PE,LUPIN,29OCT2026,196000.000000,425,OPTSTK,BFO,5.000000,34000,False
1126542,ICICIPRULI26SEP435CE,ICICIPRULI,24SEP2026,43500.000000,925,OPTSTK,BFO,5.000000,60000,False
848357,ADANIPOWER26SEP240CE,ADANIPOWER,24SEP2026,24000.000000,3550,OPTSTK,BFO,5.000000,100000000,False
848358,OBEROIRLTY26SEP1820PE,OBEROIRLTY,24SEP2026,182000.000000,350,OPTSTK,BFO,5.000000,28000,False
848371,ABCAPITAL26SEP415CE,ABCAPITAL,24SEP2026,41500.000000,3100,OPTSTK,BFO,5.000000,162000,False
848392,IEX26SEP123CE,IEX,24SEP2026,12300.000000,4350,OPTSTK,BFO,5.000000,150000,False
854039,DABUR26SEP465PE,DABUR,24SEP2026,46500.000000,1250,OPTSTK,BFO,5.000000,50000,False
854104,KPITTECH26SEP520PE,KPITTECH,24SEP2026,52000.000000,775,OPTSTK,BFO,5.000000,100000000,False
854119,ADANIENT26SEP3500PE,ADANIENT,24SEP2026,350000.000000,309,OPTSTK,BFO,5.000000,9000,False
854128,BHARATFORG26SEP1980PE,BHARATFORG,24SEP2026,198000.000000,500,OPTSTK,BFO,5.000000,30000,False
1126450,SENSEX5026NOV23950CE,SENSEX50,26NOV2026,2395000.000000,75,OPTIDX,BFO,5.000000,1800,False
1126519,ANGELONE26NOV340CE,ANGELONE,26NOV2026,34000.000000,2500,OPTSTK,BFO,5.000000,100000000,False
862202,RECLTD26OCT340PE,RECLTD,29OCT2026,34000.000000,1575,OPTSTK,BFO,5.000000,160000,False
862215,DMART26OCT4200PE,DMART,29OCT2026,420000.000000,150,OPTSTK,BFO,5.000000,100000000,False
862222,ULTRACEMCO26OCT12300CE,ULTRACEMCO,29OCT2026,1230000.000000,50,OPTSTK,BFO,5.000000,3000,False
862227,MOTILALOFS26OCT940PE,MOTILALOFS,29OCT2026,94000.000000,775,OPTSTK,BFO,5.000000,100000000,False
848417,LTF26SEP265CE,LTF,24SEP2026,26500.000000,2250,OPTSTK,BFO,5.000000,267720,False
848421,UPL26SEP605PE,UPL,24SEP2026,60500.000000,1355,OPTSTK,BFO,5.000000,39000,False
848424,JINDALSTEL26SEP1070CE,JINDALSTEL,24SEP2026,107000.000000,625,OPTSTK,BFO,5.000000,37500,False
848443,ITC26SEP275CE,ITC,24SEP2026,27500.000000,1725,OPTSTK,BFO,5.000000,64000,False
854130,KPITTECH26SEP560CE,KPITTECH,24SEP2026,56000.000000,775,OPTSTK,BFO,5.000000,100000000,False
854131,GODFRYPHLP26SEP1800CE,GODFRYPHLP,24SEP2026,180000.000000,275,OPTSTK,BFO,5.000000,100000000,False
854138,GMRAIRPORT26SEP121CE,GMRAIRPORT,24SEP2026,12100.000000,6975,OPTSTK,BFO,5.000000,675000,False
854148,HDFCAMC26SEP3100PE,HDFCAMC,24SEP2026,310000.000000,300,OPTSTK,BFO,5.000000,12000,False
1126545,ICICIPRULI26OCT450PE,ICICIPRULI,29OCT2026,45000.000000,925,OPTSTK,BFO,5.000000,60000,False
1126588,ICICIPRULI26OCT455PE,ICICIPRULI,29OCT2026,45500.000000,925,OPTSTK,BFO,5.000000,60000,False
1126602,SOLARINDS26SEP23750CE,SOLARINDS,24SEP2026,2375000.000000,50,OPTSTK,BFO,5.000000,100000000,False
1126671,POLICYBZR26NOV1660PE,POLICYBZR,26NOV2026,166000.000000,350,OPTSTK,BFO,5.000000,100000000,False
848444,PETRONET26SEP282.5CE,PETRONET,24SEP2026,28250.000000,1900,OPTSTK,BFO,5.000000,120000,False
848453,GRASIM26SEP3160PE,GRASIM,24SEP2026,316000.000000,250,OPTSTK,BFO,5.000000,14250,False
848455,CANBK26SEP129CE,CANBK,24SEP2026,12900.000000,6750,OPTSTK,BFO,5.000000,81000,False
848456,BRITANNIA26SEP5200CE,BRITANNIA,24SEP2026,520000.000000,125,OPTSTK,BFO,5.000000,6000,False
854184,ADANIENT26SEP3450PE,ADANIENT,24SEP2026,345000.000000,309,OPTSTK,BFO,5.000000,9000,False
854191,MARICO26SEP920CE,MARICO,24SEP2026,92000.000000,1200,OPTSTK,BFO,5.000000,48000,False
854192,TECHM26SEP1184PE,TECHM,24SEP2026,118400.000000,600,OPTSTK,BFO,5.000000,24000,False
854196,PAGEIND26SEP47000CE,PAGEIND,24SEP2026,4700000.000000,20,OPTSTK,BFO,5.000000,600,False
862237,SENSEX2691774300PE,SENSEX,17SEP2026,7430000.000000,20,OPTIDX,BFO,5.000000,1000,False
862259,BANKINDIA26OCT152.5PE,BANKINDIA,29OCT2026,15250.000000,5200,OPTSTK,BFO,5.000000,100000000,False
862272,PHOENIXLTD26OCT1920CE,PHOENIXLTD,29OCT2026,192000.000000,350,OPTSTK,BFO,5.000000,100000000,False
862276,BAJAJHLDNG26OCT11700PE,BAJAJHLDNG,29OCT2026,1170000.000000,75,OPTSTK,BFO,5.000000,100000000,False
1126685,TECHM26OCT1420CE,TECHM,29OCT2026,142000.000000,600,OPTSTK,BFO,5.000000,24000,False
1126692,INFY26OCT940CE,INFY,29OCT2026,94000.000000,400,OPTSTK,BFO,5.000000,16000,False
1126755,SOLARINDS26SEP23500CE,SOLARINDS,24SEP2026,2350000.000000,50,OPTSTK,BFO,5.000000,100000000,False
1126778,SOLARINDS26OCT23500PE,SOLARINDS,29OCT2026,2350000.000000,50,OPTSTK,BFO,5.000000,100000000,False
848457,MAZDOCK26SEP2540CE,MAZDOCK,24SEP2026,254000.000000,225,OPTSTK,BFO,5.000000,100000000,False
848472,UNIONBANK26SEP167.5PE,UNIONBANK,24SEP2026,16750.000000,4425,OPTSTK,BFO,5.000000,100000000,False
848479,GLENMARK26SEP2200CE,GLENMARK,24SEP2026,220000.000000,375,OPTSTK,BFO,5.000000,43500,False
848481,SHREECEM26SEP25500CE,SHREECEM,24SEP2026,2550000.000000,25,OPTSTK,BFO,5.000000,1000,False
856791,HDFCBANK26SEP880PE,HDFCBANK,24SEP2026,88000.000000,650,OPTSTK,BFO,5.000000,16500,False
856813,ICICIBANK26SEP1490PE,ICICIBANK,24SEP2026,149000.000000,700,OPTSTK,BFO,5.000000,28000,False
856818,ONGC26SEP262.5CE,ONGC,24SEP2026,26250.000000,2250,OPTSTK,BFO,5.000000,154000,False
856824,MUTHOOTFIN26SEP3500PE,MUTHOOTFIN,24SEP2026,350000.000000,275,OPTSTK,BFO,5.000000,22000,False
854202,BEL26SEP450PE,BEL,24SEP2026,45000.000000,1425,OPTSTK,BFO,5.000000,228000,False
854203,TCS26SEP1840PE,TCS,24SEP2026,184000.000000,225,OPTSTK,BFO,5.000000,7000,False
854206,LODHA26SEP1120CE,LODHA,24SEP2026,112000.000000,625,OPTSTK,BFO,5.000000,100000000,False
854230,GODREJPROP26SEP2020PE,GODREJPROP,24SEP2026,202000.000000,325,OPTSTK,BFO,5.000000,19000,False
1126784,ICICIGI26SEP1360CE,ICICIGI,24SEP2026,136000.000000,325,OPTSTK,BFO,5.000000,20000,False
1126797,FOCIT26OCT29400PE,FOCIT,29OCT2026,2940000.000000,45,OPTIDX,BFO,5.000000,1350,False
1126813,ICICIPRULI26SEP440PE,ICICIPRULI,24SEP2026,44000.000000,925,OPTSTK,BFO,5.000000,60000,False
1126885,SAIL26NOV170CE,SAIL,26NOV2026,17000.000000,4700,OPTSTK,BFO,5.000000,320000,False
856842,PERSISTENT26SEP5600CE,PERSISTENT,24SEP2026,560000.000000,125,OPTSTK,BFO,5.000000,5250,False
856843,HINDPETRO26SEP460.75CE,HINDPETRO,24SEP2026,46075.000000,2025,OPTSTK,BFO,5.000000,108000,False
856958,PERSISTENT26SEP5500CE,PERSISTENT,24SEP2026,550000.000000,125,OPTSTK,BFO,5.000000,5250,False
856996,SWIGGY26SEP300PE,SWIGGY,24SEP2026,30000.000000,1825,OPTSTK,BFO,5.000000,100000000,False
848499,LTF26SEP330PE,LTF,24SEP2026,33000.000000,2250,OPTSTK,BFO,5.000000,267720,False
848501,GODREJCP26SEP980PE,GODREJCP,24SEP2026,98000.000000,500,OPTSTK,BFO,5.000000,30000,False
848510,MAXHEALTH26SEP1130CE,MAXHEALTH,24SEP2026,113000.000000,525,OPTSTK,BFO,5.000000,100000000,False
848514,KEI26SEP5050CE,KEI,24SEP2026,505000.000000,175,OPTSTK,BFO,5.000000,100000000,False
854234,HAVELLS26SEP1320PE,HAVELLS,24SEP2026,132000.000000,500,OPTSTK,BFO,5.000000,20000,False
854238,NATIONALUM26SEP260CE,NATIONALUM,24SEP2026,26000.000000,1875,OPTSTK,BFO,5.000000,300000,False
854288,ETERNAL26SEP315PE,ETERNAL,24SEP2026,31500.000000,2425,OPTSTK,BFO,5.000000,100000000,False
854304,CONCOR26SEP515CE,CONCOR,24SEP2026,51500.000000,1250,OPTSTK,BFO,5.000000,40000,False
1126894,FOCIT26OCT29700PE,FOCIT,29OCT2026,2970000.000000,45,OPTIDX,BFO,5.000000,1350,False
1126900,BHEL26NOV385CE,BHEL,26NOV2026,38500.000000,2625,OPTSTK,BFO,5.000000,315000,False
1126919,PIDILITIND26OCT1440PE,PIDILITIND,29OCT2026,144000.000000,500,OPTSTK,BFO,5.000000,10000,False
1126924,BHARATFORG26OCT1820CE,BHARATFORG,29OCT2026,182000.000000,500,OPTSTK,BFO,5.000000,30000,False
848522,ASTRAL26SEP1400CE,ASTRAL,24SEP2026,140000.000000,425,OPTSTK,BFO,5.000000,14680,False
848535,MAZDOCK26SEP2460PE,MAZDOCK,24SEP2026,246000.000000,225,OPTSTK,BFO,5.000000,100000000,False
848566,TECHM26SEP1484CE,TECHM,24SEP2026,148400.000000,600,OPTSTK,BFO,5.000000,24000,False
848568,FORTIS26SEP980PE,FORTIS,24SEP2026,98000.000000,775,OPTSTK,BFO,5.000000,100000000,False
857020,HAVELLS26SEP1360PE,HAVELLS,24SEP2026,136000.000000,500,OPTSTK,BFO,5.000000,20000,False
857057,MCX26SEP2300PE,MCX,24SEP2026,230000.000000,225,OPTSTK,BFO,5.000000,16000,False
857060,INFY26SEP1200CE,INFY,24SEP2026,120000.000000,400,OPTSTK,BFO,5.000000,16000,False
857061,BAJAJ-AUTO26SEP10800CE,BAJAJ-AUTO,24SEP2026,1080000.000000,75,OPTSTK,BFO,5.000000,5000,False
854330,TATAELXSI26SEP3300CE,TATAELXSI,24SEP2026,330000.000000,125,OPTSTK,BFO,5.000000,100000000,False
854359,PRESTIGE26SEP1760CE,PRESTIGE,24SEP2026,176000.000000,450,OPTSTK,BFO,5.000000,100000000,False
854362,PAGEIND26SEP47000PE,PAGEIND,24SEP2026,4700000.000000,20,OPTSTK,BFO,5.000000,600,False
854380,LODHA26SEP1120PE,LODHA,24SEP2026,112000.000000,625,OPTSTK,BFO,5.000000,100000000,False
1126951,LUPIN26OCT1960CE,LUPIN,29OCT2026,196000.000000,425,OPTSTK,BFO,5.000000,34000,False
1127021,RADICO26NOV4100PE,RADICO,26NOV2026,410000.000000,150,OPTSTK,BFO,5.000000,100000000,False
1127064,PATANJALI26NOV305CE,PATANJALI,26NOV2026,30500.000000,1075,OPTSTK,BFO,5.000000,100000000,False
1127093,COLPAL26NOV1680CE,COLPAL,26NOV2026,168000.000000,275,OPTSTK,BFO,5.000000,14000,False
857070,LAURUSLABS26SEP1340PE,LAURUSLABS,24SEP2026,134000.000000,850,OPTSTK,BFO,5.000000,68000,False
857073,SWIGGY26SEP295PE,SWIGGY,24SEP2026,29500.000000,1825,OPTSTK,BFO,5.000000,100000000,False
857101,KEI26SEP4400CE,KEI,24SEP2026,440000.000000,175,OPTSTK,BFO,5.000000,100000000,False
857108,ETERNAL26SEP325CE,ETERNAL,24SEP2026,32500.000000,2425,OPTSTK,BFO,5.000000,100000000,False
848591,HAVELLS26SEP1250PE,HAVELLS,24SEP2026,125000.000000,500,OPTSTK,BFO,5.000000,20000,False
848604,TRENT26SEP3450PE,TRENT,24SEP2026,345000.000000,225,OPTSTK,BFO,5.000000,16000,False
848609,JIOFIN26SEP247.5CE,JIOFIN,24SEP2026,24750.000000,2350,OPTSTK,BFO,5.000000,100000000,False
848611,SENSEX5026SEP24950CE,SENSEX50,24SEP2026,2495000.000000,75,OPTIDX,BFO,5.000000,1800,False
857112,MPHASIS26SEP2650CE,MPHASIS,24SEP2026,265000.000000,275,OPTSTK,BFO,5.000000,11000,False
857128,MPHASIS26SEP2050PE,MPHASIS,24SEP2026,205000.000000,275,OPTSTK,BFO,5.000000,11000,False
857171,BPCL26SEP350CE,BPCL,24SEP2026,35000.000000,1975,OPTSTK,BFO,5.000000,72000,False
848613,INDIANB26SEP860CE,INDIANB,24SEP2026,86000.000000,1000,OPTSTK,BFO,5.000000,100000000,False
848617,APLAPOLLO26SEP1760CE,APLAPOLLO,24SEP2026,176000.000000,350,OPTSTK,BFO,5.000000,100000000,False
848626,GMRAIRPORT26SEP102PE,GMRAIRPORT,24SEP2026,10200.000000,6975,OPTSTK,BFO,5.000000,675000,False
848639,TMPV26SEP355CE,TMPV,24SEP2026,35500.000000,1600,OPTSTK,BFO,5.000000,42750,False
854386,KPITTECH26SEP590PE,KPITTECH,24SEP2026,59000.000000,775,OPTSTK,BFO,5.000000,100000000,False
854457,RBLBANK26SEP325CE,RBLBANK,24SEP2026,32500.000000,3175,OPTSTK,BFO,5.000000,150000,False
854515,ASIANPAINT26SEP2820CE,ASIANPAINT,24SEP2026,282000.000000,250,OPTSTK,BFO,5.000000,8000,False
854560,ASIANPAINT26SEP2860CE,ASIANPAINT,24SEP2026,286000.000000,250,OPTSTK,BFO,5.000000,8000,False
857145,JIOFIN26SEP260CE,JIOFIN,24SEP2026,26000.000000,2350,OPTSTK,BFO,5.000000,100000000,False
1127095,ICICIPRULI26NOV445PE,ICICIPRULI,26NOV2026,44500.000000,925,OPTSTK,BFO,5.000000,60000,False
1127130,PERSISTENT26NOV4800PE,PERSISTENT,26NOV2026,480000.000000,125,OPTSTK,BFO,5.000000,5250,False
1127141,NESTLEIND26NOV1340PE,NESTLEIND,26NOV2026,134000.000000,500,OPTSTK,BFO,5.000000,1200,False
1127148,ICICIPRULI26OCT435CE,ICICIPRULI,29OCT2026,43500.000000,925,OPTSTK,BFO,5.000000,60000,False
848641,IDEA26SEP12CE,IDEA,24SEP2026,1200.000000,71475,OPTSTK,BFO,5.000000,2400000,False
848657,INDUSTOWER26SEP411PE,INDUSTOWER,24SEP2026,41100.000000,1700,OPTSTK,BFO,5.000000,170000,False
848664,SOLARINDS26SEP19250PE,SOLARINDS,24SEP2026,1925000.000000,50,OPTSTK,BFO,5.000000,100000000,False
848670,BANKEX26SEP67800CE,BANKEX,24SEP2026,6780000.000000,30,OPTIDX,BFO,5.000000,900,False
854561,TATAELXSI26SEP3250PE,TATAELXSI,24SEP2026,325000.000000,125,OPTSTK,BFO,5.000000,100000000,False
854581,BAJFINANCE26SEP1080PE,BAJFINANCE,24SEP2026,108000.000000,750,OPTSTK,BFO,5.000000,3750,False
854582,TATAPOWER26SEP345PE,TATAPOWER,24SEP2026,34500.000000,1450,OPTSTK,BFO,5.000000,101250,False
854606,ETERNAL26SEP315CE,ETERNAL,24SEP2026,31500.000000,2425,OPTSTK,BFO,5.000000,100000000,False
857247,SWIGGY26SEP295CE,SWIGGY,24SEP2026,29500.000000,1825,OPTSTK,BFO,5.000000,100000000,False
857306,IRFC26SEP82PE,IRFC,24SEP2026,8200.000000,5425,OPTSTK,BFO,5.000000,100000000,False
857326,LICHSGFIN26SEP460PE,LICHSGFIN,24SEP2026,46000.000000,1000,OPTSTK,BFO,5.000000,60000,False
857328,GAIL26SEP152.5CE,GAIL,24SEP2026,15250.000000,3550,OPTSTK,BFO,5.000000,274500,False
1127153,KPITTECH26OCT500CE,KPITTECH,29OCT2026,50000.000000,775,OPTSTK,BFO,5.000000,100000000,False
1127191,INFY26NOV940CE,INFY,26NOV2026,94000.000000,400,OPTSTK,BFO,5.000000,16000,False
1127214,GODREJPROP26OCT1800PE,GODREJPROP,29OCT2026,180000.000000,325,OPTSTK,BFO,5.000000,19000,False
1127217,ANGELONE26OCT340PE,ANGELONE,29OCT2026,34000.000000,2500,OPTSTK,BFO,5.000000,100000000,False
848680,COCHINSHIP26SEP1320CE,COCHINSHIP,24SEP2026,132000.000000,400,OPTSTK,BFO,5.000000,100000000,False
848685,SBICARD26SEP630CE,SBICARD,24SEP2026,63000.000000,800,OPTSTK,BFO,5.000000,32000,False
848707,CGPOWER26SEP990CE,CGPOWER,24SEP2026,99000.000000,850,OPTSTK,BFO,5.000000,100000000,False
848710,VBL26SEP515PE,VBL,24SEP2026,51500.000000,1275,OPTSTK,BFO,5.000000,100000000,False
854619,LODHA26SEP1140CE,LODHA,24SEP2026,114000.000000,625,OPTSTK,BFO,5.000000,100000000,False
854620,TATAELXSI26SEP3450PE,TATAELXSI,24SEP2026,345000.000000,125,OPTSTK,BFO,5.000000,100000000,False
854631,NESTLEIND26SEP1490PE,NESTLEIND,24SEP2026,149000.000000,500,OPTSTK,BFO,5.000000,1200,False
854646,DELHIVERY26SEP540PE,DELHIVERY,24SEP2026,54000.000000,2075,OPTSTK,BFO,5.000000,100000000,False
857330,NBCC26SEP77.5PE,NBCC,24SEP2026,7750.000000,6500,OPTSTK,BFO,5.000000,100000000,False
857335,MOTILALOFS26SEP760CE,MOTILALOFS,24SEP2026,76000.000000,775,OPTSTK,BFO,5.000000,100000000,False
857336,INDIGO26SEP4400PE,INDIGO,24SEP2026,440000.000000,150,OPTSTK,BFO,5.000000,12000,False
857347,ITC26SEP265CE,ITC,24SEP2026,26500.000000,1725,OPTSTK,BFO,5.000000,64000,False
1127264,DIXON26NOV12250CE,DIXON,26NOV2026,1225000.000000,50,OPTSTK,BFO,5.000000,6000,False
1127278,GVT&D26NOV5200CE,GVT&D,26NOV2026,520000.000000,125,OPTSTK,BFO,5.000000,100000000,False
1127366,PGEL26NOV480PE,PGEL,26NOV2026,48000.000000,950,OPTSTK,BFO,5.000000,100000000,False
1127391,SENSEX26SEP68900PE,SENSEX,24SEP2026,6890000.000000,20,OPTIDX,BFO,5.000000,1000,False
857373,JIOFIN26SEP217.5PE,JIOFIN,24SEP2026,21750.000000,2350,OPTSTK,BFO,5.000000,100000000,False
854685,PHOENIXLTD26SEP2140PE,PHOENIXLTD,24SEP2026,214000.000000,350,OPTSTK,BFO,5.000000,100000000,False
854707,TATASTEEL26SEP167.5PE,TATASTEEL,24SEP2026,16750.000000,2750,OPTSTK,BFO,5.000000,220000,False
854723,BANKBARODA26SEP235CE,BANKBARODA,24SEP2026,23500.000000,2925,OPTSTK,BFO,5.000000,175500,False
854768,MPHASIS26SEP2538PE,MPHASIS,24SEP2026,253800.000000,275,OPTSTK,BFO,5.000000,11000,False
857358,AXISBANK26SEP1180PE,AXISBANK,24SEP2026,118000.000000,625,OPTSTK,BFO,5.000000,25000,False
857370,HDFCLIFE26SEP520CE,HDFCLIFE,24SEP2026,52000.000000,1100,OPTSTK,BFO,5.000000,44000,False
857372,NTPC26SEP315PE,NTPC,24SEP2026,31500.000000,1500,OPTSTK,BFO,5.000000,150000,False
848714,SAIL26SEP157.5CE,SAIL,24SEP2026,15750.000000,4700,OPTSTK,BFO,5.000000,320000,False
848716,HINDUNILVR26SEP2040CE,HINDUNILVR,24SEP2026,204000.000000,300,OPTSTK,BFO,5.000000,9000,False
848718,ULTRACEMCO26SEP11160CE,ULTRACEMCO,24SEP2026,1116000.000000,50,OPTSTK,BFO,5.000000,3000,False
848724,PAGEIND26SEP39750PE,PAGEIND,24SEP2026,3975000.000000,20,OPTSTK,BFO,5.000000,600,False
857381,WAAREEENER26SEP2450PE,WAAREEENER,24SEP2026,245000.000000,175,OPTSTK,BFO,5.000000,100000000,False
857428,PNB26SEP96PE,PNB,24SEP2026,9600.000000,8000,OPTSTK,BFO,5.000000,480000,False
854793,ADANIENSOL26SEP1700CE,ADANIENSOL,24SEP2026,170000.000000,675,OPTSTK,BFO,5.000000,100000000,False
854814,GODREJCP26SEP1120CE,GODREJCP,24SEP2026,112000.000000,500,OPTSTK,BFO,5.000000,30000,False
854834,INFY26SEP1180PE,INFY,24SEP2026,118000.000000,400,OPTSTK,BFO,5.000000,16000,False
854842,PETRONET26SEP240CE,PETRONET,24SEP2026,24000.000000,1900,OPTSTK,BFO,5.000000,120000,False
857396,CAMS26SEP690CE,CAMS,24SEP2026,69000.000000,825,OPTSTK,BFO,5.000000,100000000,False
857403,MOTILALOFS26SEP800CE,MOTILALOFS,24SEP2026,80000.000000,775,OPTSTK,BFO,5.000000,100000000,False
848730,SUZLON26SEP58CE,SUZLON,24SEP2026,5800.000000,12700,OPTSTK,BFO,5.000000,100000000,False
848736,GAIL26SEP170CE,GAIL,24SEP2026,17000.000000,3550,OPTSTK,BFO,5.000000,274500,False
848739,CAMS26SEP750CE,CAMS,24SEP2026,75000.000000,825,OPTSTK,BFO,5.000000,100000000,False
848747,ADANIPORTS26SEP1680CE,ADANIPORTS,24SEP2026,168000.000000,475,OPTSTK,BFO,5.000000,32000,False
857480,NAUKRI26SEP1320CE,NAUKRI,24SEP2026,132000.000000,550,OPTSTK,BFO,5.000000,6000,False
857485,PETRONET26SEP235PE,PETRONET,24SEP2026,23500.000000,1900,OPTSTK,BFO,5.000000,120000,False
857488,BANKBARODA26SEP210CE,BANKBARODA,24SEP2026,21000.000000,2925,OPTSTK,BFO,5.000000,175500,False
857492,SRF26SEP2350PE,SRF,24SEP2026,235000.000000,200,OPTSTK,BFO,5.000000,11250,False
848756,IDFCFIRSTB26SEP85PE,IDFCFIRSTB,24SEP2026,8500.000000,9275,OPTSTK,BFO,5.000000,450000,False
848790,MUTHOOTFIN26SEP3050PE,MUTHOOTFIN,24SEP2026,305000.000000,275,OPTSTK,BFO,5.000000,22000,False
848791,ABCAPITAL26SEP360CE,ABCAPITAL,24SEP2026,36000.000000,3100,OPTSTK,BFO,5.000000,162000,False
848794,AMBER26SEP8100PE,AMBER,24SEP2026,810000.000000,100,OPTSTK,BFO,5.000000,100000000,False
854863,TECHM26SEP1260CE,TECHM,24SEP2026,126000.000000,600,OPTSTK,BFO,5.000000,24000,False
854867,PETRONET26SEP240PE,PETRONET,24SEP2026,24000.000000,1900,OPTSTK,BFO,5.000000,120000,False
855006,SHRIRAMFIN26SEP1200PE,SHRIRAMFIN,24SEP2026,120000.000000,825,OPTSTK,BFO,5.000000,18000,False
855007,LT26SEP3700PE,LT,24SEP2026,370000.000000,175,OPTSTK,BFO,5.000000,12000,False
857531,POLYCAB26SEP8600PE,POLYCAB,24SEP2026,860000.000000,125,OPTSTK,BFO,5.000000,9000,False
857548,CHOLAFIN26SEP1620PE,CHOLAFIN,24SEP2026,162000.000000,625,OPTSTK,BFO,5.000000,25000,False
857555,IOC26SEP120PE,IOC,24SEP2026,12000.000000,4875,OPTSTK,BFO,5.000000,292500,False
857582,TIINDIA26SEP2600PE,TIINDIA,24SEP2026,260000.000000,200,OPTSTK,BFO,5.000000,100000000,False
848797,JUBLFOOD26SEP405CE,JUBLFOOD,24SEP2026,40500.000000,1250,OPTSTK,BFO,5.000000,50000,False
848811,VMM26SEP111CE,VMM,24SEP2026,11100.000000,4850,OPTSTK,BFO,5.000000,100000000,False
848825,POLICYBZR26SEP1480CE,POLICYBZR,24SEP2026,148000.000000,350,OPTSTK,BFO,5.000000,100000000,False
848843,UPL26SEP555CE,UPL,24SEP2026,55500.000000,1355,OPTSTK,BFO,5.000000,39000,False
855034,BAJFINANCE26SEP1090CE,BAJFINANCE,24SEP2026,109000.000000,750,OPTSTK,BFO,5.000000,3750,False
855065,NMDC26SEP93CE,NMDC,24SEP2026,9300.000000,6750,OPTSTK,BFO,5.000000,225000,False
855076,AMBUJACEM26SEP465PE,AMBUJACEM,24SEP2026,46500.000000,1200,OPTSTK,BFO,5.000000,54000,False
855087,BAJAJFINSV26SEP2000CE,BAJAJFINSV,24SEP2026,200000.000000,300,OPTSTK,BFO,5.000000,20000,False
857589,TRENT26SEP2550PE,TRENT,24SEP2026,255000.000000,225,OPTSTK,BFO,5.000000,16000,False
857607,BANKINDIA26SEP120PE,BANKINDIA,24SEP2026,12000.000000,5200,OPTSTK,BFO,5.000000,100000000,False
857632,BANKBARODA26SEP205PE,BANKBARODA,24SEP2026,20500.000000,2925,OPTSTK,BFO,5.000000,175500,False
857690,RECLTD26SEP315CE,RECLTD,24SEP2026,31500.000000,1575,OPTSTK,BFO,5.000000,160000,False
848858,BANDHANBNK26SEP220CE,BANDHANBNK,24SEP2026,22000.000000,3600,OPTSTK,BFO,5.000000,100000,False
848891,SUNPHARMA26SEP1740PE,SUNPHARMA,24SEP2026,174000.000000,350,OPTSTK,BFO,5.000000,28000,False
848895,ADANIENT26SEP3060PE,ADANIENT,24SEP2026,306000.000000,309,OPTSTK,BFO,5.000000,9000,False
848897,AMBER26SEP8000CE,AMBER,24SEP2026,800000.000000,100,OPTSTK,BFO,5.000000,100000000,False
855147,ADANIGREEN26SEP1700PE,ADANIGREEN,24SEP2026,170000.000000,600,OPTSTK,BFO,5.000000,100000000,False
855148,TVSMOTOR26SEP3950CE,TVSMOTOR,24SEP2026,395000.000000,175,OPTSTK,BFO,5.000000,21000,False
855198,DLF26SEP730CE,DLF,24SEP2026,73000.000000,950,OPTSTK,BFO,5.000000,49500,False
855214,NAM-INDIA26SEP1360PE,NAM-INDIA,24SEP2026,136000.000000,625,OPTSTK,BFO,5.000000,100000000,False
857698,MAXHEALTH26SEP1030PE,MAXHEALTH,24SEP2026,103000.000000,525,OPTSTK,BFO,5.000000,100000000,False
857701,ITC26SEP267.5CE,ITC,24SEP2026,26750.000000,1725,OPTSTK,BFO,5.000000,64000,False
857703,MAXHEALTH26SEP1020CE,MAXHEALTH,24SEP2026,102000.000000,525,OPTSTK,BFO,5.000000,100000000,False
857708,BANDHANBNK26SEP160PE,BANDHANBNK,24SEP2026,16000.000000,3600,OPTSTK,BFO,5.000000,100000,False
848900,DIVISLAB26SEP7050CE,DIVISLAB,24SEP2026,705000.000000,100,OPTSTK,BFO,5.000000,8000,False
848913,ANGELONE26SEP335PE,ANGELONE,24SEP2026,33500.000000,2500,OPTSTK,BFO,5.000000,100000000,False
848938,BAJFINANCE26SEPFUT,BAJFINANCE,24SEP2026,0.000000,750,FUTSTK,BFO,5.000000,3750,False
848940,MOTHERSON26SEP154CE,MOTHERSON,24SEP2026,15400.000000,6150,OPTSTK,BFO,5.000000,284000,False
857714,BANKEX26SEP57600CE,BANKEX,24SEP2026,5760000.000000,30,OPTIDX,BFO,5.000000,900,False
857741,JIOFIN26SEP215CE,JIOFIN,24SEP2026,21500.000000,2350,OPTSTK,BFO,5.000000,100000000,False
857760,ICICIPRULI26SEP445PE,ICICIPRULI,24SEP2026,44500.000000,925,OPTSTK,BFO,5.000000,60000,False
857783,DRREDDY26SEP1220PE,DRREDDY,24SEP2026,122000.000000,625,OPTSTK,BFO,5.000000,5000,False
855227,INFY26SEP1160PE,INFY,24SEP2026,116000.000000,400,OPTSTK,BFO,5.000000,16000,False
855228,VMM26SEP137.5CE,VMM,24SEP2026,13750.000000,4850,OPTSTK,BFO,5.000000,100000000,False
855230,COCHINSHIP26SEP1660PE,COCHINSHIP,24SEP2026,166000.000000,400,OPTSTK,BFO,5.000000,100000000,False
855253,VMM26SEP137.5PE,VMM,24SEP2026,13750.000000,4850,OPTSTK,BFO,5.000000,100000000,False
848954,MOTHERSON26SEP158PE,MOTHERSON,24SEP2026,15800.000000,6150,OPTSTK,BFO,5.000000,284000,False
848956,KALYANKJIL26SEP415PE,KALYANKJIL,24SEP2026,41500.000000,1350,OPTSTK,BFO,5.000000,100000000,False
848966,JUBLFOOD26SEP405PE,JUBLFOOD,24SEP2026,40500.000000,1250,OPTSTK,BFO,5.000000,50000,False
848972,HINDZINC26SEP540CE,HINDZINC,24SEP2026,54000.000000,1225,OPTSTK,BFO,5.000000,100000000,False
857791,POLYCAB26SEP8400PE,POLYCAB,24SEP2026,840000.000000,125,OPTSTK,BFO,5.000000,9000,False
857836,ADANIGREEN26SEP1340CE,ADANIGREEN,24SEP2026,134000.000000,600,OPTSTK,BFO,5.000000,100000000,False
857859,DRREDDY26SEP1250PE,DRREDDY,24SEP2026,125000.000000,625,OPTSTK,BFO,5.000000,5000,False
857881,AXISBANK26SEP1160CE,AXISBANK,24SEP2026,116000.000000,625,OPTSTK,BFO,5.000000,25000,False
855259,TECHM26SEP1400CE,TECHM,24SEP2026,140000.000000,600,OPTSTK,BFO,5.000000,24000,False
855271,PGEL26SEP630CE,PGEL,24SEP2026,63000.000000,950,OPTSTK,BFO,5.000000,100000000,False
855281,SENSEX28JUN83000PE,SENSEX,29JUN2028,8300000.000000,20,OPTIDX,BFO,5.000000,1000,False
855289,MARICO26SEP930CE,MARICO,24SEP2026,93000.000000,1200,OPTSTK,BFO,5.000000,48000,False
857894,DRREDDY26SEP1200PE,DRREDDY,24SEP2026,120000.000000,625,OPTSTK,BFO,5.000000,5000,False
857897,KALYANKJIL26SEP435CE,KALYANKJIL,24SEP2026,43500.000000,1350,OPTSTK,BFO,5.000000,100000000,False
857906,DRREDDY26SEP1240PE,DRREDDY,24SEP2026,124000.000000,625,OPTSTK,BFO,5.000000,5000,False
857933,AXISBANK26SEP1160PE,AXISBANK,24SEP2026,116000.000000,625,OPTSTK,BFO,5.000000,25000,False
848975,ABCAPITAL26SEP365CE,ABCAPITAL,24SEP2026,36500.000000,3100,OPTSTK,BFO,5.000000,162000,False
848983,GODFRYPHLP26SEP2140CE,GODFRYPHLP,24SEP2026,214000.000000,275,OPTSTK,BFO,5.000000,100000000,False
849002,OBEROIRLTY26SEP1760CE,OBEROIRLTY,24SEP2026,176000.000000,350,OPTSTK,BFO,5.000000,28000,False
849003,HDFCLIFE26SEP600CE,HDFCLIFE,24SEP2026,60000.000000,1100,OPTSTK,BFO,5.000000,44000,False
855319,ADANIENSOL26SEP1680PE,ADANIENSOL,24SEP2026,168000.000000,675,OPTSTK,BFO,5.000000,100000000,False
855377,DIXON26SEP14000PE,DIXON,24SEP2026,1400000.000000,50,OPTSTK,BFO,5.000000,6000,False
855382,HINDUNILVR26SEP2340CE,HINDUNILVR,24SEP2026,234000.000000,300,OPTSTK,BFO,5.000000,9000,False
855419,SENSEX27JUN83000PE,SENSEX,24JUN2027,8300000.000000,20,OPTIDX,BFO,5.000000,1000,False
857942,INDUSTOWER26SEP421CE,INDUSTOWER,24SEP2026,42100.000000,1700,OPTSTK,BFO,5.000000,170000,False
858010,SENSEX27JUN76000PE,SENSEX,24JUN2027,7600000.000000,20,OPTIDX,BFO,5.000000,1000,False
858040,KALYANKJIL26SEP495CE,KALYANKJIL,24SEP2026,49500.000000,1350,OPTSTK,BFO,5.000000,100000000,False
858065,KFINTECH26SEP1040PE,KFINTECH,24SEP2026,104000.000000,575,OPTSTK,BFO,5.000000,100000000,False
849018,NBCC26SEP102CE,NBCC,24SEP2026,10200.000000,6500,OPTSTK,BFO,5.000000,100000000,False
849067,JUBLFOOD26SEP440CE,JUBLFOOD,24SEP2026,44000.000000,1250,OPTSTK,BFO,5.000000,50000,False
849097,CROMPTON26SEP260PE,CROMPTON,24SEP2026,26000.000000,2150,OPTSTK,BFO,5.000000,90000,False
849120,VEDL26SEP200CE,VEDL,24SEP2026,20000.000000,1150,OPTSTK,BFO,5.000000,80000,False
855459,AMBUJACEM26SEP465CE,AMBUJACEM,24SEP2026,46500.000000,1200,OPTSTK,BFO,5.000000,54000,False
855542,BHEL26SEP375CE,BHEL,24SEP2026,37500.000000,2625,OPTSTK,BFO,5.000000,315000,False
855560,BHEL26SEP375PE,BHEL,24SEP2026,37500.000000,2625,OPTSTK,BFO,5.000000,315000,False
855615,ABCAPITAL26SEP435PE,ABCAPITAL,24SEP2026,43500.000000,3100,OPTSTK,BFO,5.000000,162000,False
858089,SBILIFE26SEP2000CE,SBILIFE,24SEP2026,200000.000000,375,OPTSTK,BFO,5.000000,22500,False
858098,OFSS26SEP12100CE,OFSS,24SEP2026,1210000.000000,100,OPTSTK,BFO,5.000000,8000,False
858099,GODREJPROP26SEP2260CE,GODREJPROP,24SEP2026,226000.000000,325,OPTSTK,BFO,5.000000,19000,False
858102,AUBANK26SEP1220PE,AUBANK,24SEP2026,122000.000000,1000,OPTSTK,BFO,5.000000,30000,False
849124,BANKEX26SEP61100CE,BANKEX,24SEP2026,6110000.000000,30,OPTIDX,BFO,5.000000,900,False
849133,JIOFIN26SEP255CE,JIOFIN,24SEP2026,25500.000000,2350,OPTSTK,BFO,5.000000,100000000,False
849149,COCHINSHIP26SEP1520CE,COCHINSHIP,24SEP2026,152000.000000,400,OPTSTK,BFO,5.000000,100000000,False
849156,WAAREEENER26SEP3150PE,WAAREEENER,24SEP2026,315000.000000,175,OPTSTK,BFO,5.000000,100000000,False
855616,PHOENIXLTD26SEP2180PE,PHOENIXLTD,24SEP2026,218000.000000,350,OPTSTK,BFO,5.000000,100000000,False
855620,DIVISLAB26SEP7500CE,DIVISLAB,24SEP2026,750000.000000,100,OPTSTK,BFO,5.000000,8000,False
855641,LUPIN26SEP2620PE,LUPIN,24SEP2026,262000.000000,425,OPTSTK,BFO,5.000000,34000,False
855704,FEDERALBNK26SEP290PE,FEDERALBNK,24SEP2026,29000.000000,2500,OPTSTK,BFO,5.000000,200000,False
858112,KALYANKJIL26SEP485CE,KALYANKJIL,24SEP2026,48500.000000,1350,OPTSTK,BFO,5.000000,100000000,False
858115,PERSISTENT26SEP5800PE,PERSISTENT,24SEP2026,580000.000000,125,OPTSTK,BFO,5.000000,5250,False
858147,INDUSTOWER26SEP426PE,INDUSTOWER,24SEP2026,42600.000000,1700,OPTSTK,BFO,5.000000,170000,False
858186,PERSISTENT26SEP5700PE,PERSISTENT,24SEP2026,570000.000000,125,OPTSTK,BFO,5.000000,5250,False
1100002,BAJAJ-AUTO26OCT12600PE,BAJAJ-AUTO,29OCT2026,1260000.000000,75,OPTSTK,BFO,5.000000,5000,False
1100026,IDEA26OCT22PE,IDEA,29OCT2026,2200.000000,71475,OPTSTK,BFO,5.000000,2400000,False
1100027,PAYTM26OCT1840PE,PAYTM,29OCT2026,184000.000000,725,OPTSTK,BFO,5.000000,100000000,False
858210,OFSS26SEP12400CE,OFSS,24SEP2026,1240000.000000,100,OPTSTK,BFO,5.000000,8000,False
858220,PAYTM26SEP1420CE,PAYTM,24SEP2026,142000.000000,725,OPTSTK,BFO,5.000000,100000000,False
858238,GODREJPROP26SEP2240CE,GODREJPROP,24SEP2026,224000.000000,325,OPTSTK,BFO,5.000000,19000,False
858252,PERSISTENT26SEP5700CE,PERSISTENT,24SEP2026,570000.000000,125,OPTSTK,BFO,5.000000,5250,False
849767,AXISBANK26SEP1290CE,AXISBANK,24SEP2026,129000.000000,625,OPTSTK,BFO,5.000000,25000,False
849771,DMART26SEP4700PE,DMART,24SEP2026,470000.000000,150,OPTSTK,BFO,5.000000,100000000,False
849780,PERSISTENT26SEP4300CE,PERSISTENT,24SEP2026,430000.000000,125,OPTSTK,BFO,5.000000,5250,False
849782,LTM26SEP3350CE,LTM,24SEP2026,335000.000000,150,OPTSTK,BFO,5.000000,4500,False
855734,BANKBARODA26SEP220CE,BANKBARODA,24SEP2026,22000.000000,2925,OPTSTK,BFO,5.000000,175500,False
855739,POWERINDIA26SEP27500PE,POWERINDIA,24SEP2026,2750000.000000,25,OPTSTK,BFO,5.000000,100000000,False
855885,GODREJPROP26SEP2120CE,GODREJPROP,24SEP2026,212000.000000,325,OPTSTK,BFO,5.000000,19000,False
855937,ONGC26SEP255CE,ONGC,24SEP2026,25500.000000,2250,OPTSTK,BFO,5.000000,154000,False
1100038,GLENMARK26SEP2540CE,GLENMARK,24SEP2026,254000.000000,375,OPTSTK,BFO,5.000000,43500,False
1100039,DABUR26SEP360PE,DABUR,24SEP2026,36000.000000,1250,OPTSTK,BFO,5.000000,50000,False
1100043,DIVISLAB26OCT9400PE,DIVISLAB,29OCT2026,940000.000000,100,OPTSTK,BFO,5.000000,8000,False
1100049,DIVISLAB26SEP9400CE,DIVISLAB,24SEP2026,940000.000000,100,OPTSTK,BFO,5.000000,8000,False
858255,OFSS26SEP12200PE,OFSS,24SEP2026,1220000.000000,100,OPTSTK,BFO,5.000000,8000,False
858259,PRESTIGE26SEP1880CE,PRESTIGE,24SEP2026,188000.000000,450,OPTSTK,BFO,5.000000,100000000,False
858262,DRREDDY26SEP1180PE,DRREDDY,24SEP2026,118000.000000,625,OPTSTK,BFO,5.000000,5000,False
858278,MOTILALOFS26SEP1120CE,MOTILALOFS,24SEP2026,112000.000000,775,OPTSTK,BFO,5.000000,100000000,False
849783,BEL26SEP445CE,BEL,24SEP2026,44500.000000,1425,OPTSTK,BFO,5.000000,228000,False
849797,LICI26SEP465CE,LICI,24SEP2026,46500.000000,1400,OPTSTK,BFO,5.000000,100000000,False
849799,UNITDSPR26SEP1270CE,UNITDSPR,24SEP2026,127000.000000,400,OPTSTK,BFO,5.000000,28000,False
849814,PFC26SEP390CE,PFC,24SEP2026,39000.000000,1300,OPTSTK,BFO,5.000000,124000,False
855945,360ONE26SEP1240CE,,24SEP2026,124000.000000,500,OPTSTK,BFO,5.000000,100000000,False
855952,CGPOWER26SEP760CE,CGPOWER,24SEP2026,76000.000000,850,OPTSTK,BFO,5.000000,100000000,False
855967,AMBUJACEM26SEP475CE,AMBUJACEM,24SEP2026,47500.000000,1200,OPTSTK,BFO,5.000000,54000,False
855973,INDUSINDBK26SEP1040PE,INDUSINDBK,24SEP2026,104000.000000,700,OPTSTK,BFO,5.000000,20000,False
858292,PAGEIND26SEP36000PE,PAGEIND,24SEP2026,3600000.000000,20,OPTSTK,BFO,5.000000,600,False
858298,PAYTM26SEP1460PE,PAYTM,24SEP2026,146000.000000,725,OPTSTK,BFO,5.000000,100000000,False
858322,CDSL26SEP1920PE,CDSL,29SEP2026,192000.000000,475,OPTSTK,BFO,5.000000,14001,False
858331,ICICIPRULI26SEP555PE,ICICIPRULI,24SEP2026,55500.000000,925,OPTSTK,BFO,5.000000,60000,False
1100068,MANKIND26SEP2220CE,MANKIND,24SEP2026,222000.000000,250,OPTSTK,BFO,5.000000,100000000,False
1100069,BSE26NOVFUT,BSE,23NOV2026,0.000000,200,FUTSTK,BFO,5.000000,3751,False
1100101,BSE26NOV1200CE,BSE,23NOV2026,120000.000000,200,OPTSTK,BFO,5.000000,3751,False
1100129,BSE26NOV3200CE,BSE,23NOV2026,320000.000000,200,OPTSTK,BFO,5.000000,3751,False
855990,BLUESTARCO26SEP1440CE,BLUESTARCO,24SEP2026,144000.000000,325,OPTSTK,BFO,5.000000,100000000,False
855994,INDHOTEL26SEP800CE,INDHOTEL,24SEP2026,80000.000000,1000,OPTSTK,BFO,5.000000,60000,False
855999,GVT&D26SEP3900CE,GVT&D,24SEP2026,390000.000000,125,OPTSTK,BFO,5.000000,100000000,False
856001,ADANIPOWER26SEP185CE,ADANIPOWER,24SEP2026,18500.000000,3550,OPTSTK,BFO,5.000000,100000000,False
858341,BAJAJ-AUTO26SEP11000PE,BAJAJ-AUTO,24SEP2026,1100000.000000,75,OPTSTK,BFO,5.000000,5000,False
858450,MPHASIS26SEP2700CE,MPHASIS,24SEP2026,270000.000000,275,OPTSTK,BFO,5.000000,11000,False
858494,TCS26SEP2300CE,TCS,24SEP2026,230000.000000,225,OPTSTK,BFO,5.000000,7000,False
858568,LT26SEP3500CE,LT,24SEP2026,350000.000000,175,OPTSTK,BFO,5.000000,12000,False
1100152,BSE26NOV4400CE,BSE,23NOV2026,440000.000000,200,OPTSTK,BFO,5.000000,3751,False
1100158,BSE26NOV4800CE,BSE,23NOV2026,480000.000000,200,OPTSTK,BFO,5.000000,3751,False
1100162,BSE26NOV5200CE,BSE,23NOV2026,520000.000000,200,OPTSTK,BFO,5.000000,3751,False
1100164,BSE26NOV5600CE,BSE,23NOV2026,560000.000000,200,OPTSTK,BFO,5.000000,3751,False
849817,MANAPPURAM26SEP280CE,MANAPPURAM,24SEP2026,28000.000000,3000,OPTSTK,BFO,5.000000,180000,False
849821,VEDL26SEP350PE,VEDL,24SEP2026,35000.000000,1150,OPTSTK,BFO,5.000000,80000,False
849831,TATACONSUM26SEP1040CE,TATACONSUM,24SEP2026,104000.000000,550,OPTSTK,BFO,5.000000,36000,False
849840,PERSISTENT26SEP4350PE,PERSISTENT,24SEP2026,435000.000000,125,OPTSTK,BFO,5.000000,5250,False
858570,DIVISLAB26SEP7800PE,DIVISLAB,24SEP2026,780000.000000,100,OPTSTK,BFO,5.000000,8000,False
858572,ITC26SEP257.5CE,ITC,24SEP2026,25750.000000,1725,OPTSTK,BFO,5.000000,64000,False
858579,ITC26SEP260CE,ITC,24SEP2026,26000.000000,1725,OPTSTK,BFO,5.000000,64000,False
858593,OIL26SEP470PE,OIL,24SEP2026,47000.000000,1400,OPTSTK,BFO,5.000000,100000000,False
849847,ADANIENT26SEP2840PE,ADANIENT,24SEP2026,284000.000000,309,OPTSTK,BFO,5.000000,9000,False
849856,UNOMINDA26SEP980PE,UNOMINDA,24SEP2026,98000.000000,550,OPTSTK,BFO,5.000000,100000000,False
849861,SHREECEM26SEP23500CE,SHREECEM,24SEP2026,2350000.000000,25,OPTSTK,BFO,5.000000,1000,False
849878,UPL26SEP540PE,UPL,24SEP2026,54000.000000,1355,OPTSTK,BFO,5.000000,39000,False
856008,GODREJPROP26SEP2120PE,GODREJPROP,24SEP2026,212000.000000,325,OPTSTK,BFO,5.000000,19000,False
856079,LODHA26SEP1200PE,LODHA,24SEP2026,120000.000000,625,OPTSTK,BFO,5.000000,100000000,False
856106,OBEROIRLTY26SEP2060PE,OBEROIRLTY,24SEP2026,206000.000000,350,OPTSTK,BFO,5.000000,28000,False
856113,MPHASIS26SEP2588PE,MPHASIS,24SEP2026,258800.000000,275,OPTSTK,BFO,5.000000,11000,False
1100183,CDSL26OCT1260CE,CDSL,27OCT2026,126000.000000,475,OPTSTK,BFO,5.000000,14001,False
1100223,CDSL26OCT1880PE,CDSL,27OCT2026,188000.000000,475,OPTSTK,BFO,5.000000,14001,False
1100247,CDSL26NOV1080CE,CDSL,23NOV2026,108000.000000,475,OPTSTK,BFO,5.000000,14001,False
1100290,CDSL26NOV1480PE,CDSL,23NOV2026,148000.000000,475,OPTSTK,BFO,5.000000,14001,False
858606,BIOCON26SEP470PE,BIOCON,24SEP2026,47000.000000,2500,OPTSTK,BFO,5.000000,100000,False
858623,SUZLON26SEP45CE,SUZLON,24SEP2026,4500.000000,12700,OPTSTK,BFO,5.000000,100000000,False
858645,GODFRYPHLP26SEP1700CE,GODFRYPHLP,24SEP2026,170000.000000,275,OPTSTK,BFO,5.000000,100000000,False
858646,BLUESTARCO26SEP1880PE,BLUESTARCO,24SEP2026,188000.000000,325,OPTSTK,BFO,5.000000,100000000,False
856194,POWERINDIA26SEP27500CE,POWERINDIA,24SEP2026,2750000.000000,25,OPTSTK,BFO,5.000000,100000000,False
856126,INDIANB26SEP730PE,INDIANB,24SEP2026,73000.000000,1000,OPTSTK,BFO,5.000000,100000000,False
856170,POWERINDIA26SEP29000PE,POWERINDIA,24SEP2026,2900000.000000,25,OPTSTK,BFO,5.000000,100000000,False
856174,BAJAJFINSV26SEP2020CE,BAJAJFINSV,24SEP2026,202000.000000,300,OPTSTK,BFO,5.000000,20000,False
849879,ANGELONE26SEP295PE,ANGELONE,24SEP2026,29500.000000,2500,OPTSTK,BFO,5.000000,100000000,False
849880,BANKINDIA26SEP125PE,BANKINDIA,24SEP2026,12500.000000,5200,OPTSTK,BFO,5.000000,100000000,False
849900,JINDALSTEL26SEP1140PE,JINDALSTEL,24SEP2026,114000.000000,625,OPTSTK,BFO,5.000000,37500,False
849933,LAURUSLABS26SEP1560PE,LAURUSLABS,24SEP2026,156000.000000,850,OPTSTK,BFO,5.000000,68000,False
858658,DMART26SEP3600CE,DMART,24SEP2026,360000.000000,150,OPTSTK,BFO,5.000000,100000000,False
858660,SUPREMEIND26SEP3800CE,SUPREMEIND,24SEP2026,380000.000000,175,OPTSTK,BFO,5.000000,100000000,False
858669,SBICARD26SEP710CE,SBICARD,24SEP2026,71000.000000,800,OPTSTK,BFO,5.000000,32000,False
858683,DMART26SEP3600PE,DMART,24SEP2026,360000.000000,150,OPTSTK,BFO,5.000000,100000000,False
1100295,CDSL26NOV1560PE,CDSL,23NOV2026,156000.000000,475,OPTSTK,BFO,5.000000,14001,False
1100312,CDSL26NOV1760PE,CDSL,23NOV2026,176000.000000,475,OPTSTK,BFO,5.000000,14001,False
1100346,COCHINSHIP26OCT1680CE,COCHINSHIP,29OCT2026,168000.000000,400,OPTSTK,BFO,5.000000,100000000,False
1100358,HINDZINC26SEP690PE,HINDZINC,24SEP2026,69000.000000,1225,OPTSTK,BFO,5.000000,100000000,False
856210,OBEROIRLTY26SEP2100PE,OBEROIRLTY,24SEP2026,210000.000000,350,OPTSTK,BFO,5.000000,28000,False
856238,ZYDUSLIFE26SEP1220PE,ZYDUSLIFE,24SEP2026,122000.000000,900,OPTSTK,BFO,5.000000,54000,False
856248,RADICO26SEP4350CE,RADICO,24SEP2026,435000.000000,150,OPTSTK,BFO,5.000000,100000000,False
856249,MUTHOOTFIN26SEP3450PE,MUTHOOTFIN,24SEP2026,345000.000000,275,OPTSTK,BFO,5.000000,22000,False
849958,EICHERMOT26SEP7100CE,EICHERMOT,24SEP2026,710000.000000,100,OPTSTK,BFO,5.000000,7000,False
849961,AMBER26SEP6700CE,AMBER,24SEP2026,670000.000000,100,OPTSTK,BFO,5.000000,100000000,False
849995,GRASIM26SEP2940CE,GRASIM,24SEP2026,294000.000000,250,OPTSTK,BFO,5.000000,14250,False
850006,TORNTPHARM26SEP4900PE,TORNTPHARM,24SEP2026,490000.000000,125,OPTSTK,BFO,5.000000,15000,False
856276,SENSEX5026SEP26600PE,SENSEX50,24SEP2026,2660000.000000,75,OPTIDX,BFO,5.000000,1800,False
856313,HINDALCO26SEP1120PE,HINDALCO,24SEP2026,112000.000000,700,OPTSTK,BFO,5.000000,56000,False
856321,SUZLON26SEP48CE,SUZLON,24SEP2026,4800.000000,12700,OPTSTK,BFO,5.000000,100000000,False
856332,SENSEX5026SEP26550PE,SENSEX50,24SEP2026,2655000.000000,75,OPTIDX,BFO,5.000000,1800,False
858697,SBICARD26SEP700CE,SBICARD,24SEP2026,70000.000000,800,OPTSTK,BFO,5.000000,32000,False
858740,BHEL26SEP455CE,BHEL,24SEP2026,45500.000000,2625,OPTSTK,BFO,5.000000,315000,False
858768,PATANJALI26SEP360CE,PATANJALI,24SEP2026,36000.000000,1075,OPTSTK,BFO,5.000000,100000000,False
858771,PATANJALI26SEP360PE,PATANJALI,24SEP2026,36000.000000,1075,OPTSTK,BFO,5.000000,100000000,False
1100374,HYUNDAI26OCT2400PE,HYUNDAI,29OCT2026,240000.000000,275,OPTSTK,BFO,5.000000,100000000,False
1100409,GLENMARK26OCT2560PE,GLENMARK,29OCT2026,256000.000000,375,OPTSTK,BFO,5.000000,43500,False
1100422,DMART26OCT3450PE,DMART,29OCT2026,345000.000000,150,OPTSTK,BFO,5.000000,100000000,False
1100426,HYUNDAI26OCT2380CE,HYUNDAI,29OCT2026,238000.000000,275,OPTSTK,BFO,5.000000,100000000,False
850008,EICHERMOT26SEP7150PE,EICHERMOT,24SEP2026,715000.000000,100,OPTSTK,BFO,5.000000,7000,False
850042,ANGELONE26SEP295CE,ANGELONE,24SEP2026,29500.000000,2500,OPTSTK,BFO,5.000000,100000000,False
850063,SRF26SEP2540PE,SRF,24SEP2026,254000.000000,200,OPTSTK,BFO,5.000000,11250,False
850090,SAIL26SEP190CE,SAIL,24SEP2026,19000.000000,4700,OPTSTK,BFO,5.000000,320000,False
858772,PATANJALI26SEP365CE,PATANJALI,24SEP2026,36500.000000,1075,OPTSTK,BFO,5.000000,100000000,False
858798,PATANJALI26SEP330CE,PATANJALI,24SEP2026,33000.000000,1075,OPTSTK,BFO,5.000000,100000000,False
858814,PATANJALI26SEP355CE,PATANJALI,24SEP2026,35500.000000,1075,OPTSTK,BFO,5.000000,100000000,False
858827,TORNTPHARM26SEP5350PE,TORNTPHARM,24SEP2026,535000.000000,125,OPTSTK,BFO,5.000000,15000,False
850094,COALINDIA26SEP475CE,COALINDIA,24SEP2026,47500.000000,1350,OPTSTK,BFO,5.000000,126000,False
850096,TVSMOTOR26SEP3420CE,TVSMOTOR,24SEP2026,342000.000000,175,OPTSTK,BFO,5.000000,21000,False
850097,POLYCAB26SEP10400PE,POLYCAB,24SEP2026,1040000.000000,125,OPTSTK,BFO,5.000000,9000,False
850116,PFC26SEP390PE,PFC,24SEP2026,39000.000000,1300,OPTSTK,BFO,5.000000,124000,False
856338,EICHERMOT26SEP8200PE,EICHERMOT,24SEP2026,820000.000000,100,OPTSTK,BFO,5.000000,7000,False
856499,PHOENIXLTD26SEP2240CE,PHOENIXLTD,24SEP2026,224000.000000,350,OPTSTK,BFO,5.000000,100000000,False
856537,HDFCLIFE26SEP530PE,HDFCLIFE,24SEP2026,53000.000000,1100,OPTSTK,BFO,5.000000,44000,False
856576,ADANIENSOL26SEP1720CE,ADANIENSOL,24SEP2026,172000.000000,675,OPTSTK,BFO,5.000000,100000000,False
1100431,DIVISLAB26OCT9600PE,DIVISLAB,29OCT2026,960000.000000,100,OPTSTK,BFO,5.000000,8000,False
1100481,TATAPOWER26SEP330CE,TATAPOWER,24SEP2026,33000.000000,1450,OPTSTK,BFO,5.000000,101250,False
1100494,BOSCHLTD26OCT52500CE,BOSCHLTD,29OCT2026,5250000.000000,25,OPTSTK,BFO,5.000000,1500,False
1100513,SAIL26OCT212.5PE,SAIL,29OCT2026,21250.000000,4700,OPTSTK,BFO,5.000000,320000,False
858899,TATAELXSI26SEP3200PE,TATAELXSI,24SEP2026,320000.000000,125,OPTSTK,BFO,5.000000,100000000,False
858937,PGEL26SEP680PE,PGEL,24SEP2026,68000.000000,950,OPTSTK,BFO,5.000000,100000000,False
858981,ICICIGI26SEP1520PE,ICICIGI,24SEP2026,152000.000000,325,OPTSTK,BFO,5.000000,20000,False
859007,ICICIGI26SEP1560PE,ICICIGI,24SEP2026,156000.000000,325,OPTSTK,BFO,5.000000,20000,False
856589,IDFCFIRSTB26SEP88CE,IDFCFIRSTB,24SEP2026,8800.000000,9275,OPTSTK,BFO,5.000000,450000,False
856594,LODHA26SEP1240CE,LODHA,24SEP2026,124000.000000,625,OPTSTK,BFO,5.000000,100000000,False
856615,M&M26SEP3550PE,M&M,24SEP2026,355000.000000,200,OPTSTK,BFO,5.000000,21000,False
856621,PIDILITIND26SEP1760PE,PIDILITIND,24SEP2026,176000.000000,500,OPTSTK,BFO,5.000000,10000,False
850118,BPCL26SEP265PE,BPCL,24SEP2026,26500.000000,1975,OPTSTK,BFO,5.000000,72000,False
850129,PIIND26SEP2460CE,PIIND,24SEP2026,246000.000000,175,OPTSTK,BFO,5.000000,7500,False
850134,AXISBANK26SEP1290PE,AXISBANK,24SEP2026,129000.000000,625,OPTSTK,BFO,5.000000,25000,False
850145,PERSISTENT26SEP4150CE,PERSISTENT,24SEP2026,415000.000000,125,OPTSTK,BFO,5.000000,5250,False
859010,BDL26SEP1120PE,BDL,24SEP2026,112000.000000,425,OPTSTK,BFO,5.000000,100000000,False
859021,SENSEX28DEC76000CE,SENSEX,28DEC2028,7600000.000000,20,OPTIDX,BFO,5.000000,1000,False
859155,TECHM26SEP1660PE,TECHM,24SEP2026,166000.000000,600,OPTSTK,BFO,5.000000,24000,False
859226,BHEL26SEP470CE,BHEL,24SEP2026,47000.000000,2625,OPTSTK,BFO,5.000000,315000,False
1100520,HINDZINC26SEP700PE,HINDZINC,24SEP2026,70000.000000,1225,OPTSTK,BFO,5.000000,100000000,False
1100523,HYUNDAI26OCT2380PE,HYUNDAI,29OCT2026,238000.000000,275,OPTSTK,BFO,5.000000,100000000,False
1100555,COLPAL26OCT1720CE,COLPAL,29OCT2026,172000.000000,275,OPTSTK,BFO,5.000000,14000,False
1100559,JINDALSTEL26SEP1320PE,JINDALSTEL,24SEP2026,132000.000000,625,OPTSTK,BFO,5.000000,37500,False
856628,VBL26SEP430PE,VBL,24SEP2026,43000.000000,1275,OPTSTK,BFO,5.000000,100000000,False
856657,CHOLAFIN26SEP1980CE,CHOLAFIN,24SEP2026,198000.000000,625,OPTSTK,BFO,5.000000,25000,False
856658,PNBHOUSING26SEP1220CE,PNBHOUSING,24SEP2026,122000.000000,650,OPTSTK,BFO,5.000000,100000000,False
856699,GLENMARK26SEP2380CE,GLENMARK,24SEP2026,238000.000000,375,OPTSTK,BFO,5.000000,43500,False
859239,ICICIGI26SEP1540PE,ICICIGI,24SEP2026,154000.000000,325,OPTSTK,BFO,5.000000,20000,False
859335,AMBER26SEP8700CE,AMBER,24SEP2026,870000.000000,100,OPTSTK,BFO,5.000000,100000000,False
859441,INDUSINDBK26SEP1100CE,INDUSINDBK,24SEP2026,110000.000000,700,OPTSTK,BFO,5.000000,20000,False
859484,VMM26SEP92.5PE,VMM,24SEP2026,9250.000000,4850,OPTSTK,BFO,5.000000,100000000,False
850155,ASTRAL26SEP1280PE,ASTRAL,24SEP2026,128000.000000,425,OPTSTK,BFO,5.000000,14680,False
850167,UNITDSPR26SEP1270PE,UNITDSPR,24SEP2026,127000.000000,400,OPTSTK,BFO,5.000000,28000,False
850193,INOXWIND26SEP81PE,INOXWIND,24SEP2026,8100.000000,6400,OPTSTK,BFO,5.000000,100000000,False
850196,NHPC26SEP87CE,NHPC,24SEP2026,8700.000000,6950,OPTSTK,BFO,5.000000,100000000,False
1100560,DIVISLAB26OCT9700PE,DIVISLAB,29OCT2026,970000.000000,100,OPTSTK,BFO,5.000000,8000,False
1100561,ASHOKLEY26OCT197.5PE,ASHOKLEY,29OCT2026,19750.000000,5000,OPTSTK,BFO,5.000000,150000,False
1100579,HINDZINC26OCT680CE,HINDZINC,29OCT2026,68000.000000,1225,OPTSTK,BFO,5.000000,100000000,False
1100621,SAIL26OCT207.5PE,SAIL,29OCT2026,20750.000000,4700,OPTSTK,BFO,5.000000,320000,False
856701,MARUTI26SEP15200CE,MARUTI,24SEP2026,1520000.000000,50,OPTSTK,BFO,5.000000,3000,False
856726,ADANIENSOL26SEP1720PE,ADANIENSOL,24SEP2026,172000.000000,675,OPTSTK,BFO,5.000000,100000000,False
856729,ICICIBANK26SEP1500PE,ICICIBANK,24SEP2026,150000.000000,700,OPTSTK,BFO,5.000000,28000,False
856732,MUTHOOTFIN26SEP3450CE,MUTHOOTFIN,24SEP2026,345000.000000,275,OPTSTK,BFO,5.000000,22000,False
859530,AUBANK26SEP880PE,AUBANK,24SEP2026,88000.000000,1000,OPTSTK,BFO,5.000000,30000,False
859572,PATANJALI26SEP310PE,PATANJALI,24SEP2026,31000.000000,1075,OPTSTK,BFO,5.000000,100000000,False
859653,NTPC26SEP305CE,NTPC,24SEP2026,30500.000000,1500,OPTSTK,BFO,5.000000,150000,False
859677,CIPLA26SEP1350PE,CIPLA,24SEP2026,135000.000000,425,OPTSTK,BFO,5.000000,26000,False
850213,MARICO26SEP870CE,MARICO,24SEP2026,87000.000000,1200,OPTSTK,BFO,5.000000,48000,False
850221,ICICIGI26SEP1660CE,ICICIGI,24SEP2026,166000.000000,325,OPTSTK,BFO,5.000000,20000,False
850237,IOC26SEP132CE,IOC,24SEP2026,13200.000000,4875,OPTSTK,BFO,5.000000,292500,False
850245,KOTAKBANK26SEP382.5PE,KOTAKBANK,24SEP2026,38250.000000,2000,OPTSTK,BFO,5.000000,12000,False
859717,COLPAL26SEP2240CE,COLPAL,24SEP2026,224000.000000,275,OPTSTK,BFO,5.000000,14000,False
859721,PNB26SEP119CE,PNB,24SEP2026,11900.000000,8000,OPTSTK,BFO,5.000000,480000,False
859744,BHARATFORG26SEP2340CE,BHARATFORG,24SEP2026,234000.000000,500,OPTSTK,BFO,5.000000,30000,False
859747,SOLARINDS26SEP20750CE,SOLARINDS,24SEP2026,2075000.000000,50,OPTSTK,BFO,5.000000,100000000,False
1100667,VBL26SEP350PE,VBL,24SEP2026,35000.000000,1275,OPTSTK,BFO,5.000000,100000000,False
1100674,NMDC26OCT94CE,NMDC,29OCT2026,9400.000000,6750,OPTSTK,BFO,5.000000,225000,False
1100678,HYUNDAI26OCT2400CE,HYUNDAI,29OCT2026,240000.000000,275,OPTSTK,BFO,5.000000,100000000,False
1100680,SAIL26OCT212.5CE,SAIL,29OCT2026,21250.000000,4700,OPTSTK,BFO,5.000000,320000,False
1127439,GVT&D26OCT5400CE,GVT&D,29OCT2026,540000.000000,125,OPTSTK,BFO,5.000000,100000000,False
1127469,SENSEX26OCT68800PE,SENSEX,29OCT2026,6880000.000000,20,OPTIDX,BFO,5.000000,1000,False
1127542,HAL26NOV5400CE,HAL,26NOV2026,540000.000000,150,OPTSTK,BFO,5.000000,9000,False
1127559,MANKIND26SEP2160CE,MANKIND,24SEP2026,216000.000000,250,OPTSTK,BFO,5.000000,100000000,False
850256,MANKIND26SEP2620PE,MANKIND,24SEP2026,262000.000000,250,OPTSTK,BFO,5.000000,100000000,False
850267,AXISBANK26SEP1300CE,AXISBANK,24SEP2026,130000.000000,625,OPTSTK,BFO,5.000000,25000,False
850303,ASTRAL26SEP1320PE,ASTRAL,24SEP2026,132000.000000,425,OPTSTK,BFO,5.000000,14680,False
850313,BRITANNIA26SEP4750CE,BRITANNIA,24SEP2026,475000.000000,125,OPTSTK,BFO,5.000000,6000,False
850333,ADANIENT26SEP2840CE,ADANIENT,24SEP2026,284000.000000,309,OPTSTK,BFO,5.000000,9000,False
850336,MARUTI26SEP12800PE,MARUTI,24SEP2026,1280000.000000,50,OPTSTK,BFO,5.000000,3000,False
850378,DIXON26SEP11100CE,DIXON,24SEP2026,1110000.000000,50,OPTSTK,BFO,5.000000,6000,False
850409,KOTAKBANK26SEP382.5CE,KOTAKBANK,24SEP2026,38250.000000,2000,OPTSTK,BFO,5.000000,12000,False
859798,AUBANK26SEP860PE,AUBANK,24SEP2026,86000.000000,1000,OPTSTK,BFO,5.000000,30000,False
859830,ULTRACEMCO26SEP12460PE,ULTRACEMCO,24SEP2026,1246000.000000,50,OPTSTK,BFO,5.000000,3000,False
859840,HDFCBANK26SEP690CE,HDFCBANK,24SEP2026,69000.000000,650,OPTSTK,BFO,5.000000,16500,False
859844,HCLTECH26SEP1310PE,HCLTECH,24SEP2026,131000.000000,400,OPTSTK,BFO,5.000000,21000,False
1100697,CDSL26SEP1780PE,CDSL,29SEP2026,178000.000000,475,OPTSTK,BFO,5.000000,14001,False
1100701,CDSL26OCT1780CE,CDSL,27OCT2026,178000.000000,475,OPTSTK,BFO,5.000000,14001,False
1100739,CONCOR26NOV495PE,CONCOR,26NOV2026,49500.000000,1250,OPTSTK,BFO,5.000000,40000,False
1100741,VOLTAS26NOV1320CE,VOLTAS,26NOV2026,132000.000000,375,OPTSTK,BFO,5.000000,30000,False
1127582,SHREECEM26NOV21500CE,SHREECEM,26NOV2026,2150000.000000,25,OPTSTK,BFO,5.000000,1000,False
1127583,CAMS26OCT660PE,CAMS,29OCT2026,66000.000000,825,OPTSTK,BFO,5.000000,100000000,False
1127611,DIVISLAB26SEP10200PE,DIVISLAB,24SEP2026,1020000.000000,100,OPTSTK,BFO,5.000000,8000,False
1127618,SENSEX5026OCT23850CE,SENSEX50,29OCT2026,2385000.000000,75,OPTIDX,BFO,5.000000,1800,False
859847,HCLTECH26SEP1300CE,HCLTECH,24SEP2026,130000.000000,400,OPTSTK,BFO,5.000000,21000,False
859862,WAAREEENER26SEP2400CE,WAAREEENER,24SEP2026,240000.000000,175,OPTSTK,BFO,5.000000,100000000,False
859881,TORNTPHARM26SEP5400CE,TORNTPHARM,24SEP2026,540000.000000,125,OPTSTK,BFO,5.000000,15000,False
859901,TATAELXSI26SEP3100CE,TATAELXSI,24SEP2026,310000.000000,125,OPTSTK,BFO,5.000000,100000000,False
850411,TVSMOTOR26SEP3400PE,TVSMOTOR,24SEP2026,340000.000000,175,OPTSTK,BFO,5.000000,21000,False
850412,UPL26SEP540CE,UPL,24SEP2026,54000.000000,1355,OPTSTK,BFO,5.000000,39000,False
850419,CANBK26SEP121CE,CANBK,24SEP2026,12100.000000,6750,OPTSTK,BFO,5.000000,81000,False
850432,BAJAJ-AUTO26SEP9000PE,BAJAJ-AUTO,24SEP2026,900000.000000,75,OPTSTK,BFO,5.000000,5000,False
1100755,360ONE26NOV1180CE,,26NOV2026,118000.000000,500,OPTSTK,BFO,5.000000,100000000,False
1100762,TIINDIA26NOVFUT,TIINDIA,26NOV2026,0.000000,200,FUTSTK,BFO,5.000000,100000000,False
1100767,IEX26NOV135CE,IEX,26NOV2026,13500.000000,4350,OPTSTK,BFO,5.000000,150000,False
1100796,ATHERENERG26SEP1520PE,ATHERENERG,24SEP2026,152000.000000,375,OPTSTK,BFO,5.000000,100000000,False
1127654,SENSEX26NOV68800CE,SENSEX,26NOV2026,6880000.000000,20,OPTIDX,BFO,5.000000,1000,False
1127701,SENSEX2691768600CE,SENSEX,17SEP2026,6860000.000000,20,OPTIDX,BFO,5.000000,1000,False
1127705,RBLBANK26NOV455PE,RBLBANK,26NOV2026,45500.000000,3175,OPTSTK,BFO,5.000000,150000,False
1127758,SENSEX5026OCT23900PE,SENSEX50,29OCT2026,2390000.000000,75,OPTIDX,BFO,5.000000,1800,False
850458,GODFRYPHLP26SEP2060PE,GODFRYPHLP,24SEP2026,206000.000000,275,OPTSTK,BFO,5.000000,100000000,False
850466,SUPREMEIND26SEP2900PE,SUPREMEIND,24SEP2026,290000.000000,175,OPTSTK,BFO,5.000000,100000000,False
850467,BEL26SEP445PE,BEL,24SEP2026,44500.000000,1425,OPTSTK,BFO,5.000000,228000,False
850481,MUTHOOTFIN26SEP2650PE,MUTHOOTFIN,24SEP2026,265000.000000,275,OPTSTK,BFO,5.000000,22000,False
859908,MANAPPURAM26SEP385PE,MANAPPURAM,24SEP2026,38500.000000,3000,OPTSTK,BFO,5.000000,180000,False
859925,LAURUSLABS26SEP1720PE,LAURUSLABS,24SEP2026,172000.000000,850,OPTSTK,BFO,5.000000,68000,False
859959,SONACOMS26SEP800PE,SONACOMS,24SEP2026,80000.000000,1225,OPTSTK,BFO,5.000000,100000000,False
859974,MANKIND26SEP2720CE,MANKIND,24SEP2026,272000.000000,250,OPTSTK,BFO,5.000000,100000000,False
1100822,PATANJALI26NOV380PE,PATANJALI,26NOV2026,38000.000000,1075,OPTSTK,BFO,5.000000,100000000,False
1100852,KOTAKBANK26NOV405CE,KOTAKBANK,26NOV2026,40500.000000,2000,OPTSTK,BFO,5.000000,12000,False
1100882,HDFCAMC26NOV2700PE,HDFCAMC,26NOV2026,270000.000000,300,OPTSTK,BFO,5.000000,12000,False
1100897,BANKEX26NOV70400CE,BANKEX,26NOV2026,7040000.000000,30,OPTIDX,BFO,5.000000,900,False
1127762,SENSEX26OCT69000PE,SENSEX,29OCT2026,6900000.000000,20,OPTIDX,BFO,5.000000,1000,False
1127848,INDIANB26NOV790PE,INDIANB,26NOV2026,79000.000000,1000,OPTSTK,BFO,5.000000,100000000,False
1127874,ICICIGI26SEP1340PE,ICICIGI,24SEP2026,134000.000000,325,OPTSTK,BFO,5.000000,20000,False
1127950,SENSEX26O0168700PE,SENSEX,01OCT2026,6870000.000000,20,OPTIDX,BFO,5.000000,1000,False
850514,NATIONALUM26SEP375PE,NATIONALUM,24SEP2026,37500.000000,1875,OPTSTK,BFO,5.000000,300000,False
850524,ABB26SEP7500PE,ABB,24SEP2026,750000.000000,125,OPTSTK,BFO,5.000000,7500,False
850530,MOTILALOFS26SEP1020CE,MOTILALOFS,24SEP2026,102000.000000,775,OPTSTK,BFO,5.000000,100000000,False
850560,CANBK26SEP119CE,CANBK,24SEP2026,11900.000000,6750,OPTSTK,BFO,5.000000,81000,False
859990,BRITANNIA26SEP5850CE,BRITANNIA,24SEP2026,585000.000000,125,OPTSTK,BFO,5.000000,6000,False
860041,NESTLEIND26SEP1560CE,NESTLEIND,24SEP2026,156000.000000,500,OPTSTK,BFO,5.000000,1200,False
860071,BAJAJ-AUTO26SEP11600PE,BAJAJ-AUTO,24SEP2026,1160000.000000,75,OPTSTK,BFO,5.000000,5000,False
860074,BAJAJ-AUTO26SEP11500CE,BAJAJ-AUTO,24SEP2026,1150000.000000,75,OPTSTK,BFO,5.000000,5000,False
860079,BANDHANBNK26SEP140PE,BANDHANBNK,24SEP2026,14000.000000,3600,OPTSTK,BFO,5.000000,100000,False
860083,NESTLEIND26SEP1560PE,NESTLEIND,24SEP2026,156000.000000,500,OPTSTK,BFO,5.000000,1200,False
860114,DIVISLAB26SEP8100CE,DIVISLAB,24SEP2026,810000.000000,100,OPTSTK,BFO,5.000000,8000,False
860117,ICICIGI26SEP1460PE,ICICIGI,24SEP2026,146000.000000,325,OPTSTK,BFO,5.000000,20000,False
1100922,BEL26NOV380PE,BEL,26NOV2026,38000.000000,1425,OPTSTK,BFO,5.000000,228000,False
1100924,NESTLEIND26NOV1490PE,NESTLEIND,26NOV2026,149000.000000,500,OPTSTK,BFO,5.000000,1200,False
1100925,SENSEX5026NOV25250PE,SENSEX50,26NOV2026,2525000.000000,75,OPTIDX,BFO,5.000000,1800,False
1100937,FOCIT26NOV43600PE,FOCIT,26NOV2026,4360000.000000,45,OPTIDX,BFO,5.000000,1350,False
1128047,ASIANPAINT26NOV2340PE,ASIANPAINT,26NOV2026,234000.000000,250,OPTSTK,BFO,5.000000,8000,False
1128096,TIINDIA26SEP2300PE,TIINDIA,24SEP2026,230000.000000,200,OPTSTK,BFO,5.000000,100000000,False
1128161,JIOFIN26OCT215PE,JIOFIN,29OCT2026,21500.000000,2350,OPTSTK,BFO,5.000000,100000000,False
1128206,DIVISLAB26OCT10300PE,DIVISLAB,29OCT2026,1030000.000000,100,OPTSTK,BFO,5.000000,8000,False
850561,DIVISLAB26SEP6300PE,DIVISLAB,24SEP2026,630000.000000,100,OPTSTK,BFO,5.000000,8000,False
850564,SHREECEM26SEP23750CE,SHREECEM,24SEP2026,2375000.000000,25,OPTSTK,BFO,5.000000,1000,False
850565,HYUNDAI26SEP1780CE,HYUNDAI,24SEP2026,178000.000000,275,OPTSTK,BFO,5.000000,100000000,False
850576,NBCC26SEP98CE,NBCC,24SEP2026,9800.000000,6500,OPTSTK,BFO,5.000000,100000000,False
860147,ONGC26SEP270PE,ONGC,24SEP2026,27000.000000,2250,OPTSTK,BFO,5.000000,154000,False
860170,KALYANKJIL26SEP620CE,KALYANKJIL,24SEP2026,62000.000000,1350,OPTSTK,BFO,5.000000,100000000,False
860182,BHARTIARTL26SEP2100CE,BHARTIARTL,24SEP2026,210000.000000,475,OPTSTK,BFO,5.000000,28500,False
860344,AXISBANK26SEP1080CE,AXISBANK,24SEP2026,108000.000000,625,OPTSTK,BFO,5.000000,25000,False
850583,TORNTPHARM26SEP5000PE,TORNTPHARM,24SEP2026,500000.000000,125,OPTSTK,BFO,5.000000,15000,False
850591,ASTRAL26SEP1260CE,ASTRAL,24SEP2026,126000.000000,425,OPTSTK,BFO,5.000000,14680,False
850597,ICICIGI26SEP1660PE,ICICIGI,24SEP2026,166000.000000,325,OPTSTK,BFO,5.000000,20000,False
850615,NATIONALUM26SEP380CE,NATIONALUM,24SEP2026,38000.000000,1875,OPTSTK,BFO,5.000000,300000,False
1100949,SENSEX26O1578500PE,SENSEX,15OCT2026,7850000.000000,20,OPTIDX,BFO,5.000000,1000,False
1101007,UNOMINDA26NOV1420CE,UNOMINDA,26NOV2026,142000.000000,550,OPTSTK,BFO,5.000000,100000000,False
1101023,SENSEX26NOV78100CE,SENSEX,26NOV2026,7810000.000000,20,OPTIDX,BFO,5.000000,1000,False
1101029,ADANIENSOL26NOV1760PE,ADANIENSOL,26NOV2026,176000.000000,675,OPTSTK,BFO,5.000000,100000000,False
1128234,TIINDIA26NOV2300PE,TIINDIA,26NOV2026,230000.000000,200,OPTSTK,BFO,5.000000,100000000,False
1128237,AXISBANK26NOV1100CE,AXISBANK,26NOV2026,110000.000000,625,OPTSTK,BFO,5.000000,25000,False
1128284,SENSEX5026SEP23800PE,SENSEX50,24SEP2026,2380000.000000,75,OPTIDX,BFO,5.000000,1800,False
1128458,BDL26OCT1080CE,BDL,29OCT2026,108000.000000,425,OPTSTK,BFO,5.000000,100000000,False
860444,NAM-INDIA26SEP960PE,NAM-INDIA,24SEP2026,96000.000000,625,OPTSTK,BFO,5.000000,100000000,False
860456,TIINDIA26SEP2450PE,TIINDIA,24SEP2026,245000.000000,200,OPTSTK,BFO,5.000000,100000000,False
860469,AXISBANK26SEP1080PE,AXISBANK,24SEP2026,108000.000000,625,OPTSTK,BFO,5.000000,25000,False
860488,BAJAJ-AUTO26SEP12000CE,BAJAJ-AUTO,24SEP2026,1200000.000000,75,OPTSTK,BFO,5.000000,5000,False
850676,CUMMINSIND26SEP6200PE,CUMMINSIND,24SEP2026,620000.000000,200,OPTSTK,BFO,5.000000,18000,False
850694,PIIND26SEP2350PE,PIIND,24SEP2026,235000.000000,175,OPTSTK,BFO,5.000000,7500,False
850699,MAZDOCK26SEP2200CE,MAZDOCK,24SEP2026,220000.000000,225,OPTSTK,BFO,5.000000,100000000,False
850700,KFINTECH26SEP780CE,KFINTECH,24SEP2026,78000.000000,575,OPTSTK,BFO,5.000000,100000000,False
860544,ADANIENT26SEP2650CE,ADANIENT,24SEP2026,265000.000000,309,OPTSTK,BFO,5.000000,9000,False
860641,ADANIGREEN26SEP1280PE,ADANIGREEN,24SEP2026,128000.000000,600,OPTSTK,BFO,5.000000,100000000,False
860709,ADANIGREEN26SEP1320PE,ADANIGREEN,24SEP2026,132000.000000,600,OPTSTK,BFO,5.000000,100000000,False
860743,BANDHANBNK26SEP130CE,BANDHANBNK,24SEP2026,13000.000000,3600,OPTSTK,BFO,5.000000,100000,False
1101035,IOC26NOV155PE,IOC,26NOV2026,15500.000000,4875,OPTSTK,BFO,5.000000,292500,False
1101039,DMART26NOV3700CE,DMART,26NOV2026,370000.000000,150,OPTSTK,BFO,5.000000,100000000,False
1101046,IEX26NOV110PE,IEX,26NOV2026,11000.000000,4350,OPTSTK,BFO,5.000000,150000,False
1101057,JSWSTEEL26NOV1260PE,JSWSTEEL,26NOV2026,126000.000000,675,OPTSTK,BFO,5.000000,40500,False
1128462,BAJAJFINSV26NOV1780CE,BAJAJFINSV,26NOV2026,178000.000000,300,OPTSTK,BFO,5.000000,20000,False
1128599,SENSEX30DEC70000CE,SENSEX,26DEC2030,7000000.000000,20,OPTIDX,BFO,5.000000,1000,False
1128610,ALKEM26OCT4800CE,ALKEM,29OCT2026,480000.000000,125,OPTSTK,BFO,5.000000,8000,False
1128611,PERSISTENT26NOV4700PE,PERSISTENT,26NOV2026,470000.000000,125,OPTSTK,BFO,5.000000,5250,False
850703,PAYTM26SEP1000CE,PAYTM,24SEP2026,100000.000000,725,OPTSTK,BFO,5.000000,100000000,False
850710,TVSMOTOR26SEP3150PE,TVSMOTOR,24SEP2026,315000.000000,175,OPTSTK,BFO,5.000000,21000,False
850722,TVSMOTOR26SEP3300CE,TVSMOTOR,24SEP2026,330000.000000,175,OPTSTK,BFO,5.000000,21000,False
850735,BANDHANBNK26SEP170CE,BANDHANBNK,24SEP2026,17000.000000,3600,OPTSTK,BFO,5.000000,100000,False
860803,OFSS26SEP10000CE,OFSS,24SEP2026,1000000.000000,100,OPTSTK,BFO,5.000000,8000,False
860817,SHRIRAMFIN26SEP860PE,SHRIRAMFIN,24SEP2026,86000.000000,825,OPTSTK,BFO,5.000000,18000,False
860833,VMM26SEP90PE,VMM,24SEP2026,9000.000000,4850,OPTSTK,BFO,5.000000,100000000,False
860835,TIINDIA26SEP2400PE,TIINDIA,24SEP2026,240000.000000,200,OPTSTK,BFO,5.000000,100000000,False
1128666,SENSEX26NOV67900CE,SENSEX,26NOV2026,6790000.000000,20,OPTIDX,BFO,5.000000,1000,False
1128723,SENSEX27MAR70000CE,SENSEX,25MAR2027,7000000.000000,20,OPTIDX,BFO,5.000000,1000,False
1128805,HDFCLIFE26OCT490CE,HDFCLIFE,29OCT2026,49000.000000,1100,OPTSTK,BFO,5.000000,44000,False
1128822,HDFCLIFE26NOV480CE,HDFCLIFE,26NOV2026,48000.000000,1100,OPTSTK,BFO,5.000000,44000,False
1101079,AUROPHARMA26NOV1540CE,AUROPHARMA,26NOV2026,154000.000000,550,OPTSTK,BFO,5.000000,44000,False
1101091,BANKEX26NOV64400PE,BANKEX,26NOV2026,6440000.000000,30,OPTIDX,BFO,5.000000,900,False
1101099,HDFCAMC26NOV2600CE,HDFCAMC,26NOV2026,260000.000000,300,OPTSTK,BFO,5.000000,12000,False
1101158,MANKIND26NOV2380CE,MANKIND,26NOV2026,238000.000000,250,OPTSTK,BFO,5.000000,100000000,False
860837,ADANIPORTS26SEP1620PE,ADANIPORTS,24SEP2026,162000.000000,475,OPTSTK,BFO,5.000000,32000,False
860844,MOTILALOFS26SEP740PE,MOTILALOFS,24SEP2026,74000.000000,775,OPTSTK,BFO,5.000000,100000000,False
860862,GVT&D26SEP3500PE,GVT&D,24SEP2026,350000.000000,125,OPTSTK,BFO,5.000000,100000000,False
860884,VMM26SEP90CE,VMM,24SEP2026,9000.000000,4850,OPTSTK,BFO,5.000000,100000000,False
850741,LTM26SEP3300PE,LTM,24SEP2026,330000.000000,150,OPTSTK,BFO,5.000000,4500,False
850763,HEROMOTOCO26SEP4100CE,HEROMOTOCO,24SEP2026,410000.000000,150,OPTSTK,BFO,5.000000,9000,False
850862,EICHERMOT26SEP6400PE,EICHERMOT,24SEP2026,640000.000000,100,OPTSTK,BFO,5.000000,7000,False
850865,SENSEX27DEC71000CE,SENSEX,30DEC2027,7100000.000000,20,OPTIDX,BFO,5.000000,1000,False
1101164,SOLARINDS26NOV22000CE,SOLARINDS,26NOV2026,2200000.000000,50,OPTSTK,BFO,5.000000,100000000,False
1101165,DLF26NOV670PE,DLF,26NOV2026,67000.000000,950,OPTSTK,BFO,5.000000,49500,False
1101174,SAIL26NOV210CE,SAIL,26NOV2026,21000.000000,4700,OPTSTK,BFO,5.000000,320000,False
1101194,BANKEX26NOV69700CE,BANKEX,26NOV2026,6970000.000000,30,OPTIDX,BFO,5.000000,900,False
1128823,SBIN26OCT930PE,SBIN,29OCT2026,93000.000000,750,OPTSTK,BFO,5.000000,45000,False
1128836,TATAELXSI26OCT3100CE,TATAELXSI,29OCT2026,310000.000000,125,OPTSTK,BFO,5.000000,100000000,False
1128841,MANKIND26OCT2140PE,MANKIND,29OCT2026,214000.000000,250,OPTSTK,BFO,5.000000,100000000,False
1128881,SENSEX2691767900CE,SENSEX,17SEP2026,6790000.000000,20,OPTIDX,BFO,5.000000,1000,False
860926,KFINTECH26SEP1080PE,KFINTECH,24SEP2026,108000.000000,575,OPTSTK,BFO,5.000000,100000000,False
860931,MANAPPURAM26SEP395PE,MANAPPURAM,24SEP2026,39500.000000,3000,OPTSTK,BFO,5.000000,180000,False
860932,IDFCFIRSTB26SEP91PE,IDFCFIRSTB,24SEP2026,9100.000000,9275,OPTSTK,BFO,5.000000,450000,False
860946,FOCIT26SEP43000CE,FOCIT,24SEP2026,4300000.000000,45,OPTIDX,BFO,5.000000,1350,False
850879,VEDL26SEP245CE,VEDL,24SEP2026,24500.000000,1150,OPTSTK,BFO,5.000000,80000,False
850889,DIXON26SEP11750CE,DIXON,24SEP2026,1175000.000000,50,OPTSTK,BFO,5.000000,6000,False
850902,FEDERALBNK26SEP345CE,FEDERALBNK,24SEP2026,34500.000000,2500,OPTSTK,BFO,5.000000,200000,False
850918,LT26SEP3800PE,LT,24SEP2026,380000.000000,175,OPTSTK,BFO,5.000000,12000,False
860975,TCS26SEP2440CE,TCS,24SEP2026,244000.000000,225,OPTSTK,BFO,5.000000,7000,False
860999,HCLTECH26SEP1370PE,HCLTECH,24SEP2026,137000.000000,400,OPTSTK,BFO,5.000000,21000,False
861013,HAVELLS26SEP1380CE,HAVELLS,24SEP2026,138000.000000,500,OPTSTK,BFO,5.000000,20000,False
861120,TCS26SEP2540PE,TCS,24SEP2026,254000.000000,225,OPTSTK,BFO,5.000000,7000,False
1101219,MAXHEALTH26NOV970CE,MAXHEALTH,26NOV2026,97000.000000,525,OPTSTK,BFO,5.000000,100000000,False
1101272,BANKEX26NOV70700PE,BANKEX,26NOV2026,7070000.000000,30,OPTIDX,BFO,5.000000,900,False
1101323,BDL26NOV1280CE,BDL,26NOV2026,128000.000000,425,OPTSTK,BFO,5.000000,100000000,False
1101343,PIDILITIND26NOV1660PE,PIDILITIND,26NOV2026,166000.000000,500,OPTSTK,BFO,5.000000,10000,False
1128883,ADANIPORTS26OCT1860CE,ADANIPORTS,29OCT2026,186000.000000,475,OPTSTK,BFO,5.000000,32000,False
1128892,BDL26NOV1080PE,BDL,26NOV2026,108000.000000,425,OPTSTK,BFO,5.000000,100000000,False
1128899,UNITDSPR26OCT1280CE,UNITDSPR,29OCT2026,128000.000000,400,OPTSTK,BFO,5.000000,28000,False
1128928,COFORGE26NOV1720CE,COFORGE,26NOV2026,172000.000000,475,OPTSTK,BFO,5.000000,6000,False
861142,KFINTECH26SEP1100CE,KFINTECH,24SEP2026,110000.000000,575,OPTSTK,BFO,5.000000,100000000,False
861170,HCLTECH26SEP1380CE,HCLTECH,24SEP2026,138000.000000,400,OPTSTK,BFO,5.000000,21000,False
861207,KALYANKJIL26SEP640PE,KALYANKJIL,24SEP2026,64000.000000,1350,OPTSTK,BFO,5.000000,100000000,False
861251,LODHA26SEP1420PE,LODHA,24SEP2026,142000.000000,625,OPTSTK,BFO,5.000000,100000000,False
1128985,NAUKRI26NOV1120PE,NAUKRI,26NOV2026,112000.000000,550,OPTSTK,BFO,5.000000,6000,False
1129005,HCLTECH26NOV1190PE,HCLTECH,26NOV2026,119000.000000,400,OPTSTK,BFO,5.000000,21000,False
1129063,SBILIFE26OCT1540CE,SBILIFE,29OCT2026,154000.000000,375,OPTSTK,BFO,5.000000,22500,False
1129104,TECHM26NOV1380PE,TECHM,26NOV2026,138000.000000,600,OPTSTK,BFO,5.000000,24000,False
850928,SONACOMS26SEP670PE,SONACOMS,24SEP2026,67000.000000,1225,OPTSTK,BFO,5.000000,100000000,False
850929,LICHSGFIN26SEP620PE,LICHSGFIN,24SEP2026,62000.000000,1000,OPTSTK,BFO,5.000000,60000,False
850962,MPHASIS26SEP1788CE,MPHASIS,24SEP2026,178800.000000,275,OPTSTK,BFO,5.000000,11000,False
851073,PIDILITIND26SEP1740PE,PIDILITIND,24SEP2026,174000.000000,500,OPTSTK,BFO,5.000000,10000,False
1101360,TORNTPHARM26NOV4850PE,TORNTPHARM,26NOV2026,485000.000000,125,OPTSTK,BFO,5.000000,15000,False
1101387,BHARATFORG26NOV2180CE,BHARATFORG,26NOV2026,218000.000000,500,OPTSTK,BFO,5.000000,30000,False
1101414,CUMMINSIND26NOV5900PE,CUMMINSIND,26NOV2026,590000.000000,200,OPTSTK,BFO,5.000000,18000,False
1101421,MARUTI26NOV13200PE,MARUTI,26NOV2026,1320000.000000,50,OPTSTK,BFO,5.000000,3000,False
861265,VBL26SEP370CE,VBL,24SEP2026,37000.000000,1275,OPTSTK,BFO,5.000000,100000000,False
861271,TCS26SEP2480PE,TCS,24SEP2026,248000.000000,225,OPTSTK,BFO,5.000000,7000,False
861282,RVNL26SEP185CE,RVNL,24SEP2026,18500.000000,1925,OPTSTK,BFO,5.000000,100000000,False
861283,LTM26SEP4600PE,LTM,24SEP2026,460000.000000,150,OPTSTK,BFO,5.000000,4500,False
1129112,SBIN26NOV930CE,SBIN,26NOV2026,93000.000000,750,OPTSTK,BFO,5.000000,45000,False
1129120,HCLTECH26OCT1170PE,HCLTECH,29OCT2026,117000.000000,400,OPTSTK,BFO,5.000000,21000,False
1129125,SRF26SEP2150PE,SRF,24SEP2026,215000.000000,200,OPTSTK,BFO,5.000000,11250,False
1129161,SENSEX26OCT68400CE,SENSEX,29OCT2026,6840000.000000,20,OPTIDX,BFO,5.000000,1000,False
851077,EICHERMOT26SEP6600PE,EICHERMOT,24SEP2026,660000.000000,100,OPTSTK,BFO,5.000000,7000,False
851122,GODFRYPHLP26SEP2000CE,GODFRYPHLP,24SEP2026,200000.000000,275,OPTSTK,BFO,5.000000,100000000,False
851127,HAVELLS26SEP1080PE,HAVELLS,24SEP2026,108000.000000,500,OPTSTK,BFO,5.000000,20000,False
851198,CANBK26SEP127.5CE,CANBK,24SEP2026,12750.000000,6750,OPTSTK,BFO,5.000000,81000,False
861304,IDFCFIRSTB26SEP93PE,IDFCFIRSTB,24SEP2026,9300.000000,9275,OPTSTK,BFO,5.000000,450000,False
861322,CONCOR26SEP550PE,CONCOR,24SEP2026,55000.000000,1250,OPTSTK,BFO,5.000000,40000,False
861360,BEL26SEP355PE,BEL,24SEP2026,35500.000000,1425,OPTSTK,BFO,5.000000,228000,False
861376,VBL26SEP360CE,VBL,24SEP2026,36000.000000,1275,OPTSTK,BFO,5.000000,100000000,False
1101446,BANKEX26NOV57700PE,BANKEX,26NOV2026,5770000.000000,30,OPTIDX,BFO,5.000000,900,False
1101456,OIL26NOV480PE,OIL,26NOV2026,48000.000000,1400,OPTSTK,BFO,5.000000,100000000,False
1101465,ETERNAL26NOV355CE,ETERNAL,26NOV2026,35500.000000,2425,OPTSTK,BFO,5.000000,100000000,False
1101469,ITC26NOV275PE,ITC,26NOV2026,27500.000000,1725,OPTSTK,BFO,5.000000,64000,False
1129174,MFSL26SEP1320CE,MFSL,24SEP2026,132000.000000,400,OPTSTK,BFO,5.000000,32000,False
1129183,TECHM26OCT1380PE,TECHM,29OCT2026,138000.000000,600,OPTSTK,BFO,5.000000,24000,False
1129199,FOCIT26SEP28900PE,FOCIT,24SEP2026,2890000.000000,45,OPTIDX,BFO,5.000000,1350,False
1129201,OIL26SEP535PE,OIL,24SEP2026,53500.000000,1400,OPTSTK,BFO,5.000000,100000000,False
851217,ABB26SEP6500CE,ABB,24SEP2026,650000.000000,125,OPTSTK,BFO,5.000000,7500,False
851218,MANKIND26SEP2660CE,MANKIND,24SEP2026,266000.000000,250,OPTSTK,BFO,5.000000,100000000,False
851232,FEDERALBNK26SEP295PE,FEDERALBNK,24SEP2026,29500.000000,2500,OPTSTK,BFO,5.000000,200000,False
851240,BOSCHLTD26SEP37000CE,BOSCHLTD,24SEP2026,3700000.000000,25,OPTSTK,BFO,5.000000,1500,False
861392,TVSMOTOR26SEP4350PE,TVSMOTOR,24SEP2026,435000.000000,175,OPTSTK,BFO,5.000000,21000,False
861394,COALINDIA26SEP385CE,COALINDIA,24SEP2026,38500.000000,1350,OPTSTK,BFO,5.000000,126000,False
861400,KFINTECH26SEP1120CE,KFINTECH,24SEP2026,112000.000000,575,OPTSTK,BFO,5.000000,100000000,False
861407,SUZLON26SEP43PE,SUZLON,24SEP2026,4300.000000,12700,OPTSTK,BFO,5.000000,100000000,False
1101476,COFORGE26NOV1780PE,COFORGE,26NOV2026,178000.000000,475,OPTSTK,BFO,5.000000,6000,False
1101490,RELIANCE26NOV1320CE,RELIANCE,26NOV2026,132000.000000,500,OPTSTK,BFO,5.000000,10000,False
1101497,SENSEX26NOV74700PE,SENSEX,26NOV2026,7470000.000000,20,OPTIDX,BFO,5.000000,1000,False
1101521,COLPAL26NOV1700CE,COLPAL,26NOV2026,170000.000000,275,OPTSTK,BFO,5.000000,14000,False
1129217,SENSEX5026NOV23700PE,SENSEX50,26NOV2026,2370000.000000,75,OPTIDX,BFO,5.000000,1800,False
1129225,PAYTM26OCT1900PE,PAYTM,29OCT2026,190000.000000,725,OPTSTK,BFO,5.000000,100000000,False
1129252,BAJFINANCE26NOV970PE,BAJFINANCE,26NOV2026,97000.000000,750,OPTSTK,BFO,5.000000,3750,False
1129304,SENSEX5026SEP23650CE,SENSEX50,24SEP2026,2365000.000000,75,OPTIDX,BFO,5.000000,1800,False
851252,ADANIENT26SEP3050PE,ADANIENT,24SEP2026,305000.000000,309,OPTSTK,BFO,5.000000,9000,False
851253,VEDL26SEP265PE,VEDL,24SEP2026,26500.000000,1150,OPTSTK,BFO,5.000000,80000,False
851268,COFORGE26SEP1320PE,COFORGE,24SEP2026,132000.000000,475,OPTSTK,BFO,5.000000,6000,False
851275,DIXON26SEP11250CE,DIXON,24SEP2026,1125000.000000,50,OPTSTK,BFO,5.000000,6000,False
861417,ETERNAL26SEP345PE,ETERNAL,24SEP2026,34500.000000,2425,OPTSTK,BFO,5.000000,100000000,False
861446,TECHM26SEP1780PE,TECHM,24SEP2026,178000.000000,600,OPTSTK,BFO,5.000000,24000,False
861507,PERSISTENT26SEP6100PE,PERSISTENT,24SEP2026,610000.000000,125,OPTSTK,BFO,5.000000,5250,False
861513,BAJAJ-AUTO26SEP12100PE,BAJAJ-AUTO,24SEP2026,1210000.000000,75,OPTSTK,BFO,5.000000,5000,False
1101532,POWERGRID26NOV252.5CE,POWERGRID,26NOV2026,25250.000000,1900,OPTSTK,BFO,5.000000,108000,False
1101574,HINDUNILVR26NOV2040CE,HINDUNILVR,26NOV2026,204000.000000,300,OPTSTK,BFO,5.000000,9000,False
1101589,LAURUSLABS26SEP2060CE,LAURUSLABS,24SEP2026,206000.000000,850,OPTSTK,BFO,5.000000,68000,False
1101609,LTM26NOV4400PE,LTM,26NOV2026,440000.000000,150,OPTSTK,BFO,5.000000,4500,False
1129313,SENSEX5026OCT23650PE,SENSEX50,29OCT2026,2365000.000000,75,OPTIDX,BFO,5.000000,1800,False
1129383,FOCIT26NOV29100PE,FOCIT,26NOV2026,2910000.000000,45,OPTIDX,BFO,5.000000,1350,False
1129445,SENSEX26O0168300PE,SENSEX,01OCT2026,6830000.000000,20,OPTIDX,BFO,5.000000,1000,False
1129454,SENSEX26OCT67800PE,SENSEX,29OCT2026,6780000.000000,20,OPTIDX,BFO,5.000000,1000,False
851277,JINDALSTEL26SEP1180PE,JINDALSTEL,24SEP2026,118000.000000,625,OPTSTK,BFO,5.000000,37500,False
851290,BHEL26SEP435PE,BHEL,24SEP2026,43500.000000,2625,OPTSTK,BFO,5.000000,315000,False
851369,SENSEX28JUN71000CE,SENSEX,29JUN2028,7100000.000000,20,OPTIDX,BFO,5.000000,1000,False
851426,BANKEX26SEP58000CE,BANKEX,24SEP2026,5800000.000000,30,OPTIDX,BFO,5.000000,900,False
861522,BSE26SEP2500CE,BSE,29SEP2026,250000.000000,200,OPTSTK,BFO,5.000000,3751,False
861527,BSE26SEP2900PE,BSE,29SEP2026,290000.000000,200,OPTSTK,BFO,5.000000,3751,False
861540,BSE26OCT2200CE,BSE,27OCT2026,220000.000000,200,OPTSTK,BFO,5.000000,3751,False
861545,BSE26OCT2600PE,BSE,27OCT2026,260000.000000,200,OPTSTK,BFO,5.000000,3751,False
1101634,NHPC26NOV84PE,NHPC,26NOV2026,8400.000000,6950,OPTSTK,BFO,5.000000,100000000,False
1101636,NBCC26NOVFUT,NBCC,26NOV2026,0.000000,6500,FUTSTK,BFO,5.000000,100000000,False
1101639,ICICIPRULI26NOV510PE,ICICIPRULI,26NOV2026,51000.000000,925,OPTSTK,BFO,5.000000,60000,False
1101650,JIOFIN26NOV222.5PE,JIOFIN,26NOV2026,22250.000000,2350,OPTSTK,BFO,5.000000,100000000,False
1129462,SENSEX26O2268000CE,SENSEX,22OCT2026,6800000.000000,20,OPTIDX,BFO,5.000000,1000,False
1129492,KFINTECH26NOV760CE,KFINTECH,26NOV2026,76000.000000,575,OPTSTK,BFO,5.000000,100000000,False
1129493,COALINDIA26NOV465PE,COALINDIA,26NOV2026,46500.000000,1350,OPTSTK,BFO,5.000000,126000,False
1129497,UNITDSPR26NOV1260CE,UNITDSPR,26NOV2026,126000.000000,400,OPTSTK,BFO,5.000000,28000,False
851437,HCLTECH26SEP1020CE,HCLTECH,24SEP2026,102000.000000,400,OPTSTK,BFO,5.000000,21000,False
851439,GODFRYPHLP26SEP2500PE,GODFRYPHLP,24SEP2026,250000.000000,275,OPTSTK,BFO,5.000000,100000000,False
851443,ETERNAL26SEP295PE,ETERNAL,24SEP2026,29500.000000,2425,OPTSTK,BFO,5.000000,100000000,False
851452,ADANIGREEN26SEP1380CE,ADANIGREEN,24SEP2026,138000.000000,600,OPTSTK,BFO,5.000000,100000000,False
861546,BSE26OCT2800CE,BSE,27OCT2026,280000.000000,200,OPTSTK,BFO,5.000000,3751,False
861552,BSE26OCT3400CE,BSE,27OCT2026,340000.000000,200,OPTSTK,BFO,5.000000,3751,False
861554,BSE26OCT3600CE,BSE,27OCT2026,360000.000000,200,OPTSTK,BFO,5.000000,3751,False
861560,BSE26OCT4200CE,BSE,27OCT2026,420000.000000,200,OPTSTK,BFO,5.000000,3751,False
861566,BSE26OCT4800CE,BSE,27OCT2026,480000.000000,200,OPTSTK,BFO,5.000000,3751,False
861582,CDSL26SEP920PE,CDSL,29SEP2026,92000.000000,475,OPTSTK,BFO,5.000000,14001,False
861591,CDSL26SEP1180CE,CDSL,29SEP2026,118000.000000,475,OPTSTK,BFO,5.000000,14001,False
861604,CDSL26SEP1460PE,CDSL,29SEP2026,146000.000000,475,OPTSTK,BFO,5.000000,14001,False
1101652,LUPIN26NOV2120CE,LUPIN,26NOV2026,212000.000000,425,OPTSTK,BFO,5.000000,34000,False
1101653,PRESTIGE26NOV1700CE,PRESTIGE,26NOV2026,170000.000000,450,OPTSTK,BFO,5.000000,100000000,False
1101655,SAGILITY26OCT48PE,SAGILITY,29OCT2026,4800.000000,12000,OPTSTK,BFO,5.000000,100000000,False
1101673,ADANIPORTS26NOV1760PE,ADANIPORTS,26NOV2026,176000.000000,475,OPTSTK,BFO,5.000000,32000,False
1129515,FOCIT26NOV29200CE,FOCIT,26NOV2026,2920000.000000,45,OPTIDX,BFO,5.000000,1350,False
1129520,TECHM26OCT1360CE,TECHM,29OCT2026,136000.000000,600,OPTSTK,BFO,5.000000,24000,False
1129549,ADANIPORTS26NOV1880CE,ADANIPORTS,26NOV2026,188000.000000,475,OPTSTK,BFO,5.000000,32000,False
1129554,INFY26NOV920PE,INFY,26NOV2026,92000.000000,400,OPTSTK,BFO,5.000000,16000,False
851466,TIINDIA26SEP2950PE,TIINDIA,24SEP2026,295000.000000,200,OPTSTK,BFO,5.000000,100000000,False
851481,SRF26SEP2550CE,SRF,24SEP2026,255000.000000,200,OPTSTK,BFO,5.000000,11250,False
851484,ADANIENT26SEP3150CE,ADANIENT,24SEP2026,315000.000000,309,OPTSTK,BFO,5.000000,9000,False
851490,MPHASIS26SEP1738CE,MPHASIS,24SEP2026,173800.000000,275,OPTSTK,BFO,5.000000,11000,False
861605,CDSL26SEP1540CE,CDSL,29SEP2026,154000.000000,475,OPTSTK,BFO,5.000000,14001,False
861615,CDSL26SEP1960CE,CDSL,29SEP2026,196000.000000,475,OPTSTK,BFO,5.000000,14001,False
861630,CDSL26OCT1160PE,CDSL,27OCT2026,116000.000000,475,OPTSTK,BFO,5.000000,14001,False
861634,CDSL26OCT1240PE,CDSL,27OCT2026,124000.000000,475,OPTSTK,BFO,5.000000,14001,False
851510,BOSCHLTD26SEP37500PE,BOSCHLTD,24SEP2026,3750000.000000,25,OPTSTK,BFO,5.000000,1500,False
851515,TIINDIA26SEP2850CE,TIINDIA,24SEP2026,285000.000000,200,OPTSTK,BFO,5.000000,100000000,False
851522,SENSEX27DEC71000PE,SENSEX,30DEC2027,7100000.000000,20,OPTIDX,BFO,5.000000,1000,False
851545,VMM26SEP102.5PE,VMM,24SEP2026,10250.000000,4850,OPTSTK,BFO,5.000000,100000000,False
1101677,POLICYBZR26NOV1800CE,POLICYBZR,26NOV2026,180000.000000,350,OPTSTK,BFO,5.000000,100000000,False
1101697,FOCIT26NOV41500PE,FOCIT,26NOV2026,4150000.000000,45,OPTIDX,BFO,5.000000,1350,False
1101701,SENSEX26O1574100PE,SENSEX,15OCT2026,7410000.000000,20,OPTIDX,BFO,5.000000,1000,False
1101709,CROMPTON26NOV225PE,CROMPTON,26NOV2026,22500.000000,2150,OPTSTK,BFO,5.000000,90000,False
1129593,SENSEX26O2268400CE,SENSEX,22OCT2026,6840000.000000,20,OPTIDX,BFO,5.000000,1000,False
1129620,HDFCLIFE26NOV480PE,HDFCLIFE,26NOV2026,48000.000000,1100,OPTSTK,BFO,5.000000,44000,False
1129635,ICICIBANK26NOV1320CE,ICICIBANK,26NOV2026,132000.000000,700,OPTSTK,BFO,5.000000,28000,False
1129652,LTM26NOV4050PE,LTM,26NOV2026,405000.000000,150,OPTSTK,BFO,5.000000,4500,False
861643,CDSL26OCT1440CE,CDSL,27OCT2026,144000.000000,475,OPTSTK,BFO,5.000000,14001,False
861645,CDSL26OCT1480CE,CDSL,27OCT2026,148000.000000,475,OPTSTK,BFO,5.000000,14001,False
861649,CDSL26OCT1560CE,CDSL,27OCT2026,156000.000000,475,OPTSTK,BFO,5.000000,14001,False
861650,CDSL26OCT1560PE,CDSL,27OCT2026,156000.000000,475,OPTSTK,BFO,5.000000,14001,False
851547,CANBK26SEP115PE,CANBK,24SEP2026,11500.000000,6750,OPTSTK,BFO,5.000000,81000,False
851566,APOLLOHOSP26SEP9400CE,APOLLOHOSP,24SEP2026,940000.000000,125,OPTSTK,BFO,5.000000,5000,False
851576,UPL26SEP510CE,UPL,24SEP2026,51000.000000,1355,OPTSTK,BFO,5.000000,39000,False
851590,DIXON26SEP11000CE,DIXON,24SEP2026,1100000.000000,50,OPTSTK,BFO,5.000000,6000,False
861661,CDSL26OCT1840CE,CDSL,27OCT2026,184000.000000,475,OPTSTK,BFO,5.000000,14001,False
861687,JIOFIN26SEP267.5PE,JIOFIN,24SEP2026,26750.000000,2350,OPTSTK,BFO,5.000000,100000000,False
861707,KAYNES26SEP4000PE,KAYNES,24SEP2026,400000.000000,150,OPTSTK,BFO,5.000000,100000000,False
861722,RECLTD26SEP410PE,RECLTD,24SEP2026,41000.000000,1575,OPTSTK,BFO,5.000000,160000,False
1101722,BANKINDIA26NOV150CE,BANKINDIA,26NOV2026,15000.000000,5200,OPTSTK,BFO,5.000000,100000000,False
1101723,MAHABANK26OCT91PE,MAHABANK,29OCT2026,9100.000000,6500,OPTSTK,BFO,5.000000,100000000,False
1101729,SHRIRAMFIN26NOV1160CE,SHRIRAMFIN,26NOV2026,116000.000000,825,OPTSTK,BFO,5.000000,18000,False
1101763,SUZLON26NOV50PE,SUZLON,26NOV2026,5000.000000,12700,OPTSTK,BFO,5.000000,100000000,False
1129653,FOCIT26SEP28900CE,FOCIT,24SEP2026,2890000.000000,45,OPTIDX,BFO,5.000000,1350,False
1129661,MPHASIS26NOV1950PE,MPHASIS,26NOV2026,195000.000000,275,OPTSTK,BFO,5.000000,11000,False
1129668,FOCIT26OCT28900PE,FOCIT,29OCT2026,2890000.000000,45,OPTIDX,BFO,5.000000,1350,False
1129679,SENSEX26O1568500CE,SENSEX,15OCT2026,6850000.000000,20,OPTIDX,BFO,5.000000,1000,False
851618,INFY26SEP860PE,INFY,24SEP2026,86000.000000,400,OPTSTK,BFO,5.000000,16000,False
851622,ADANIENT26SEP2750CE,ADANIENT,24SEP2026,275000.000000,309,OPTSTK,BFO,5.000000,9000,False
851630,SRF26SEP2850PE,SRF,24SEP2026,285000.000000,200,OPTSTK,BFO,5.000000,11250,False
851651,SONACOMS26SEP660PE,SONACOMS,24SEP2026,66000.000000,1225,OPTSTK,BFO,5.000000,100000000,False
861731,MANAPPURAM26SEP405PE,MANAPPURAM,24SEP2026,40500.000000,3000,OPTSTK,BFO,5.000000,180000,False
861814,JINDALSTEL26SEP1220PE,JINDALSTEL,24SEP2026,122000.000000,625,OPTSTK,BFO,5.000000,37500,False
861815,ULTRACEMCO26SEP12100PE,ULTRACEMCO,24SEP2026,1210000.000000,50,OPTSTK,BFO,5.000000,3000,False
861895,LTM26SEP4750PE,LTM,24SEP2026,475000.000000,150,OPTSTK,BFO,5.000000,4500,False
1101783,BANKEX26NOV57600CE,BANKEX,26NOV2026,5760000.000000,30,OPTIDX,BFO,5.000000,900,False
1101822,INDHOTEL26NOV670CE,INDHOTEL,26NOV2026,67000.000000,1000,OPTSTK,BFO,5.000000,60000,False
1101841,ICICIGI26NOV1500CE,ICICIGI,26NOV2026,150000.000000,325,OPTSTK,BFO,5.000000,20000,False
1101852,SENSEX26O1580400PE,SENSEX,15OCT2026,8040000.000000,20,OPTIDX,BFO,5.000000,1000,False
1129703,SENSEX26NOV67800CE,SENSEX,26NOV2026,6780000.000000,20,OPTIDX,BFO,5.000000,1000,False
1129736,HDFCLIFE26SEP490PE,HDFCLIFE,24SEP2026,49000.000000,1100,OPTSTK,BFO,5.000000,44000,False
1129742,WAAREEENER26OCT2200CE,WAAREEENER,29OCT2026,220000.000000,175,OPTSTK,BFO,5.000000,100000000,False
1129764,SENSEX28JUN70000PE,SENSEX,29JUN2028,7000000.000000,20,OPTIDX,BFO,5.000000,1000,False
851652,PNBHOUSING26SEP920PE,PNBHOUSING,24SEP2026,92000.000000,650,OPTSTK,BFO,5.000000,100000000,False
851664,IOC26SEP130PE,IOC,24SEP2026,13000.000000,4875,OPTSTK,BFO,5.000000,292500,False
851828,HINDALCO26SEP1040PE,HINDALCO,24SEP2026,104000.000000,700,OPTSTK,BFO,5.000000,56000,False
851851,SENSEX27JUN71000CE,SENSEX,24JUN2027,7100000.000000,20,OPTIDX,BFO,5.000000,1000,False
861907,WIPRO26SEP200CE,WIPRO,24SEP2026,20000.000000,3000,OPTSTK,BFO,5.000000,60000,False
861909,COFORGE26SEP1840PE,COFORGE,24SEP2026,184000.000000,475,OPTSTK,BFO,5.000000,6000,False
861912,HCLTECH26SEP1410CE,HCLTECH,24SEP2026,141000.000000,400,OPTSTK,BFO,5.000000,21000,False
861959,ULTRACEMCO26SEP11100PE,ULTRACEMCO,24SEP2026,1110000.000000,50,OPTSTK,BFO,5.000000,3000,False
1101869,PNBHOUSING26NOV1220PE,PNBHOUSING,26NOV2026,122000.000000,650,OPTSTK,BFO,5.000000,100000000,False
1101889,UNITDSPR26NOV1400CE,UNITDSPR,26NOV2026,140000.000000,400,OPTSTK,BFO,5.000000,28000,False
1101920,BANKEX26NOV70000PE,BANKEX,26NOV2026,7000000.000000,30,OPTIDX,BFO,5.000000,900,False
1101930,JIOFIN26NOV227.5PE,JIOFIN,26NOV2026,22750.000000,2350,OPTSTK,BFO,5.000000,100000000,False
1129768,SENSEX26O0867900PE,SENSEX,08OCT2026,6790000.000000,20,OPTIDX,BFO,5.000000,1000,False
1129771,FOCIT26NOV29200PE,FOCIT,26NOV2026,2920000.000000,45,OPTIDX,BFO,5.000000,1350,False
1129810,BHARTIARTL26NOV1680CE,BHARTIARTL,26NOV2026,168000.000000,475,OPTSTK,BFO,5.000000,28500,False
1129819,HINDUNILVR26NOV1800PE,HINDUNILVR,26NOV2026,180000.000000,300,OPTSTK,BFO,5.000000,9000,False
861997,SWIGGY26SEP320CE,SWIGGY,24SEP2026,32000.000000,1825,OPTSTK,BFO,5.000000,100000000,False
862001,SUZLON26SEP40PE,SUZLON,24SEP2026,4000.000000,12700,OPTSTK,BFO,5.000000,100000000,False
862033,APLAPOLLO26SEP2000CE,APLAPOLLO,24SEP2026,200000.000000,350,OPTSTK,BFO,5.000000,100000000,False
862041,SWIGGY26OCT260CE,SWIGGY,29OCT2026,26000.000000,1825,OPTSTK,BFO,5.000000,100000000,False
851878,LT26SEP3900PE,LT,24SEP2026,390000.000000,175,OPTSTK,BFO,5.000000,12000,False
851888,HDFCAMC26SEP2650PE,HDFCAMC,24SEP2026,265000.000000,300,OPTSTK,BFO,5.000000,12000,False
851923,KPITTECH26SEP600CE,KPITTECH,24SEP2026,60000.000000,775,OPTSTK,BFO,5.000000,100000000,False
851931,DIXON26SEP11250PE,DIXON,24SEP2026,1125000.000000,50,OPTSTK,BFO,5.000000,6000,False
1101939,SBIN26NOV1060PE,SBIN,26NOV2026,106000.000000,750,OPTSTK,BFO,5.000000,45000,False
1101941,SENSEX26NOV80000CE,SENSEX,26NOV2026,8000000.000000,20,OPTIDX,BFO,5.000000,1000,False
1101993,ULTRACEMCO26NOV11200CE,ULTRACEMCO,26NOV2026,1120000.000000,50,OPTSTK,BFO,5.000000,3000,False
1101996,FOCIT26NOV32500PE,FOCIT,26NOV2026,3250000.000000,45,OPTIDX,BFO,5.000000,1350,False
1129820,FOCIT26SEP28400CE,FOCIT,24SEP2026,2840000.000000,45,OPTIDX,BFO,5.000000,1350,False
1129821,SENSEX26O0168400PE,SENSEX,01OCT2026,6840000.000000,20,OPTIDX,BFO,5.000000,1000,False
1129822,SENSEX5026SEP23600PE,SENSEX50,24SEP2026,2360000.000000,75,OPTIDX,BFO,5.000000,1800,False
1129824,SENSEX26O0867800CE,SENSEX,08OCT2026,6780000.000000,20,OPTIDX,BFO,5.000000,1000,False
862056,SENSEX26OCT77100CE,SENSEX,29OCT2026,7710000.000000,20,OPTIDX,BFO,5.000000,1000,False
862065,OFSS26OCT11200PE,OFSS,29OCT2026,1120000.000000,100,OPTSTK,BFO,5.000000,8000,False
862072,INDIANB26OCT830PE,INDIANB,29OCT2026,83000.000000,1000,OPTSTK,BFO,5.000000,100000000,False
862085,TCS26OCT2500CE,TCS,29OCT2026,250000.000000,225,OPTSTK,BFO,5.000000,7000,False
851940,TCS26SEP1940CE,TCS,24SEP2026,194000.000000,225,OPTSTK,BFO,5.000000,7000,False
851943,JSWSTEEL26SEP1360CE,JSWSTEEL,24SEP2026,136000.000000,675,OPTSTK,BFO,5.000000,40500,False
851951,BANKBARODA26SEP300CE,BANKBARODA,24SEP2026,30000.000000,2925,OPTSTK,BFO,5.000000,175500,False
851986,APOLLOHOSP26SEP8200PE,APOLLOHOSP,24SEP2026,820000.000000,125,OPTSTK,BFO,5.000000,5000,False
862091,BHEL26OCT410PE,BHEL,29OCT2026,41000.000000,2625,OPTSTK,BFO,5.000000,315000,False
862101,PAGEIND26OCT44500PE,PAGEIND,29OCT2026,4450000.000000,20,OPTSTK,BFO,5.000000,600,False
862115,PNB26OCT106PE,PNB,29OCT2026,10600.000000,8000,OPTSTK,BFO,5.000000,480000,False
862125,CIPLA26OCT1540PE,CIPLA,29OCT2026,154000.000000,425,OPTSTK,BFO,5.000000,26000,False
1101998,SBIN26NOV1050CE,SBIN,26NOV2026,105000.000000,750,OPTSTK,BFO,5.000000,45000,False
1102033,TVSMOTOR26NOV4700PE,TVSMOTOR,26NOV2026,470000.000000,175,OPTSTK,BFO,5.000000,21000,False
1101999,CUMMINSIND26NOV4500CE,CUMMINSIND,26NOV2026,450000.000000,200,OPTSTK,BFO,5.000000,18000,False
1102029,BANKINDIA26NOV150PE,BANKINDIA,26NOV2026,15000.000000,5200,OPTSTK,BFO,5.000000,100000000,False
1129844,SENSEX2691767800CE,SENSEX,17SEP2026,6780000.000000,20,OPTIDX,BFO,5.000000,1000,False
1129856,COLPAL26NOV1660CE,COLPAL,26NOV2026,166000.000000,275,OPTSTK,BFO,5.000000,14000,False
1129863,HCLTECH26OCT1180CE,HCLTECH,29OCT2026,118000.000000,400,OPTSTK,BFO,5.000000,21000,False
1129869,SENSEX26O2267800PE,SENSEX,22OCT2026,6780000.000000,20,OPTIDX,BFO,5.000000,1000,False
852029,GAIL26SEP162.5PE,GAIL,24SEP2026,16250.000000,3550,OPTSTK,BFO,5.000000,274500,False
852036,ADANIPOWER26SEP260PE,ADANIPOWER,24SEP2026,26000.000000,3550,OPTSTK,BFO,5.000000,100000000,False
852054,HEROMOTOCO26SEP5400CE,HEROMOTOCO,24SEP2026,540000.000000,150,OPTSTK,BFO,5.000000,9000,False
852060,SENSEX28DEC71000PE,SENSEX,28DEC2028,7100000.000000,20,OPTIDX,BFO,5.000000,1000,False
1102063,BANDHANBNK26NOV200CE,BANDHANBNK,26NOV2026,20000.000000,3600,OPTSTK,BFO,5.000000,100000,False
1102087,SONACOMS26NOV810CE,SONACOMS,26NOV2026,81000.000000,1225,OPTSTK,BFO,5.000000,100000000,False
1102111,BANKEX26NOV59300PE,BANKEX,26NOV2026,5930000.000000,30,OPTIDX,BFO,5.000000,900,False
1102112,JINDALSTEL26NOV1260PE,JINDALSTEL,26NOV2026,126000.000000,625,OPTSTK,BFO,5.000000,37500,False
862126,OIL26OCT455PE,OIL,29OCT2026,45500.000000,1400,OPTSTK,BFO,5.000000,100000000,False
862137,LUPIN26OCT2460CE,LUPIN,29OCT2026,246000.000000,425,OPTSTK,BFO,5.000000,34000,False
862144,SHREECEM26OCT24750CE,SHREECEM,29OCT2026,2475000.000000,25,OPTSTK,BFO,5.000000,1000,False
862148,PHOENIXLTD26OCT1860PE,PHOENIXLTD,29OCT2026,186000.000000,350,OPTSTK,BFO,5.000000,100000000,False
1129871,FOCIT26OCT29100CE,FOCIT,29OCT2026,2910000.000000,45,OPTIDX,BFO,5.000000,1350,False
1129883,TATACONSUM26OCT930CE,TATACONSUM,29OCT2026,93000.000000,550,OPTSTK,BFO,5.000000,36000,False
1129890,HDFCLIFE26NOV490CE,HDFCLIFE,26NOV2026,49000.000000,1100,OPTSTK,BFO,5.000000,44000,False
1129896,FOCIT26NOV28700CE,FOCIT,26NOV2026,2870000.000000,45,OPTIDX,BFO,5.000000,1350,False
1102114,CIPLA26NOV1420PE,CIPLA,26NOV2026,142000.000000,425,OPTSTK,BFO,5.000000,26000,False
1102137,DELHIVERY26NOV490PE,DELHIVERY,26NOV2026,49000.000000,2075,OPTSTK,BFO,5.000000,100000000,False
1102141,SENSEX26O1578600CE,SENSEX,15OCT2026,7860000.000000,20,OPTIDX,BFO,5.000000,1000,False
1102143,MOTILALOFS26NOV1080PE,MOTILALOFS,26NOV2026,108000.000000,775,OPTSTK,BFO,5.000000,100000000,False
852079,HDFCAMC26SEP2850PE,HDFCAMC,24SEP2026,285000.000000,300,OPTSTK,BFO,5.000000,12000,False
852116,RADICO26SEP4050PE,RADICO,24SEP2026,405000.000000,150,OPTSTK,BFO,5.000000,100000000,False
852133,KFINTECH26SEP760CE,KFINTECH,24SEP2026,76000.000000,575,OPTSTK,BFO,5.000000,100000000,False
852139,SUZLON26SEP66CE,SUZLON,24SEP2026,6600.000000,12700,OPTSTK,BFO,5.000000,100000000,False
862153,IDEA26OCT17PE,IDEA,29OCT2026,1700.000000,71475,OPTSTK,BFO,5.000000,2400000,False
862185,YESBANK26OCT18PE,YESBANK,29OCT2026,1800.000000,31100,OPTSTK,BFO,5.000000,100000000,False
862201,FOCIT26OCT32500CE,FOCIT,29OCT2026,3250000.000000,45,OPTIDX,BFO,5.000000,1350,False
862204,NMDC26OCT79PE,NMDC,29OCT2026,7900.000000,6750,OPTSTK,BFO,5.000000,225000,False
1129912,NESTLEIND26OCT1320PE,NESTLEIND,29OCT2026,132000.000000,500,OPTSTK,BFO,5.000000,1200,False
1129990,HCLTECH26NOV1150CE,HCLTECH,26NOV2026,115000.000000,400,OPTSTK,BFO,5.000000,21000,False
1130010,TMPV26NOV265CE,TMPV,26NOV2026,26500.000000,1600,OPTSTK,BFO,5.000000,42750,False
1130023,GODFRYPHLP26NOV1600PE,GODFRYPHLP,26NOV2026,160000.000000,275,OPTSTK,BFO,5.000000,100000000,False
852158,CANBK26SEP132.5PE,CANBK,24SEP2026,13250.000000,6750,OPTSTK,BFO,5.000000,81000,False
852264,COCHINSHIP26SEP1620PE,COCHINSHIP,24SEP2026,162000.000000,400,OPTSTK,BFO,5.000000,100000000,False
852275,TATACONSUM26SEP1010PE,TATACONSUM,24SEP2026,101000.000000,550,OPTSTK,BFO,5.000000,36000,False
852288,ICICIBANK26SEP1310PE,ICICIBANK,24SEP2026,131000.000000,700,OPTSTK,BFO,5.000000,28000,False
862224,BDL26OCT1340PE,BDL,29OCT2026,134000.000000,425,OPTSTK,BFO,5.000000,100000000,False
862236,OIL26OCT490CE,OIL,29OCT2026,49000.000000,1400,OPTSTK,BFO,5.000000,100000000,False
862278,BAJAJFINSV26OCT1900CE,BAJAJFINSV,29OCT2026,190000.000000,300,OPTSTK,BFO,5.000000,20000,False
862279,PGEL26OCT540PE,PGEL,29OCT2026,54000.000000,950,OPTSTK,BFO,5.000000,100000000,False
1102153,SENSEX26NOV74000PE,SENSEX,26NOV2026,7400000.000000,20,OPTIDX,BFO,5.000000,1000,False
1102162,SENSEX26NOV76300PE,SENSEX,26NOV2026,7630000.000000,20,OPTIDX,BFO,5.000000,1000,False
1102190,LTF26NOV285CE,LTF,26NOV2026,28500.000000,2250,OPTSTK,BFO,5.000000,267720,False
1102205,MPHASIS26NOV2300CE,MPHASIS,26NOV2026,230000.000000,275,OPTSTK,BFO,5.000000,11000,False
1130026,MANKIND26OCT2100PE,MANKIND,29OCT2026,210000.000000,250,OPTSTK,BFO,5.000000,100000000,False
1130031,TVSMOTOR26OCT3750CE,TVSMOTOR,29OCT2026,375000.000000,175,OPTSTK,BFO,5.000000,21000,False
1130045,SHREECEM26OCT21000PE,SHREECEM,29OCT2026,2100000.000000,25,OPTSTK,BFO,5.000000,1000,False
1130057,PIIND26NOV2000CE,PIIND,26NOV2026,200000.000000,175,OPTSTK,BFO,5.000000,7500,False
852292,UNITDSPR26SEP1480CE,UNITDSPR,24SEP2026,148000.000000,400,OPTSTK,BFO,5.000000,28000,False
852297,PIDILITIND26SEP1520PE,PIDILITIND,24SEP2026,152000.000000,500,OPTSTK,BFO,5.000000,10000,False
852298,IREDA26SEP115PE,IREDA,24SEP2026,11500.000000,4525,OPTSTK,BFO,5.000000,100000000,False
852303,FOCIT26SEP25000CE,FOCIT,24SEP2026,2500000.000000,45,OPTIDX,BFO,5.000000,1350,False
862287,PHOENIXLTD26OCT1760CE,PHOENIXLTD,29OCT2026,176000.000000,350,OPTSTK,BFO,5.000000,100000000,False
862288,ZYDUSLIFE26OCT1050PE,ZYDUSLIFE,29OCT2026,105000.000000,900,OPTSTK,BFO,5.000000,54000,False
862289,TCS26OCT2320CE,TCS,29OCT2026,232000.000000,225,OPTSTK,BFO,5.000000,7000,False
862297,SENSEX2691782000PE,SENSEX,17SEP2026,8200000.000000,20,OPTIDX,BFO,5.000000,1000,False
1102220,PNBHOUSING26NOV1040PE,PNBHOUSING,26NOV2026,104000.000000,650,OPTSTK,BFO,5.000000,100000000,False
1102255,JIOFIN26NOV255CE,JIOFIN,26NOV2026,25500.000000,2350,OPTSTK,BFO,5.000000,100000000,False
1102264,SENSEX26NOV79300CE,SENSEX,26NOV2026,7930000.000000,20,OPTIDX,BFO,5.000000,1000,False
1102265,CANBK26NOVFUT,CANBK,26NOV2026,0.000000,6750,FUTSTK,BFO,5.000000,81000,False
1130068,COALINDIA26NOV470CE,COALINDIA,26NOV2026,47000.000000,1350,OPTSTK,BFO,5.000000,126000,False
1130087,ALKEM26OCT4750PE,ALKEM,29OCT2026,475000.000000,125,OPTSTK,BFO,5.000000,8000,False
1130088,POWERGRID26NOV287.5PE,POWERGRID,26NOV2026,28750.000000,1900,OPTSTK,BFO,5.000000,108000,False
1130098,WIPRO26OCT147.5CE,WIPRO,29OCT2026,14750.000000,3000,OPTSTK,BFO,5.000000,60000,False
852338,HAVELLS26SEP1020PE,HAVELLS,24SEP2026,102000.000000,500,OPTSTK,BFO,5.000000,20000,False
852346,INFY26SEP920PE,INFY,24SEP2026,92000.000000,400,OPTSTK,BFO,5.000000,16000,False
852355,AXISBANK26SEP1200CE,AXISBANK,24SEP2026,120000.000000,625,OPTSTK,BFO,5.000000,25000,False
852441,RADICO26SEP3850PE,RADICO,24SEP2026,385000.000000,150,OPTSTK,BFO,5.000000,100000000,False
862299,SENSEX26OCT75100PE,SENSEX,29OCT2026,7510000.000000,20,OPTIDX,BFO,5.000000,1000,False
862307,BEL26OCT395PE,BEL,29OCT2026,39500.000000,1425,OPTSTK,BFO,5.000000,228000,False
862328,UPL26OCT650CE,UPL,29OCT2026,65000.000000,1355,OPTSTK,BFO,5.000000,39000,False
862333,TVSMOTOR26OCT4300PE,TVSMOTOR,29OCT2026,430000.000000,175,OPTSTK,BFO,5.000000,21000,False
1102285,GODREJPROP26NOV2060PE,GODREJPROP,26NOV2026,206000.000000,325,OPTSTK,BFO,5.000000,19000,False
1102292,BANKBARODA26NOV235CE,BANKBARODA,26NOV2026,23500.000000,2925,OPTSTK,BFO,5.000000,175500,False
1102347,COLPAL26NOV1740CE,COLPAL,26NOV2026,174000.000000,275,OPTSTK,BFO,5.000000,14000,False
1102352,TITAN26NOV4850PE,TITAN,26NOV2026,485000.000000,175,OPTSTK,BFO,5.000000,11250,False
1130141,KEI26NOV3900CE,KEI,26NOV2026,390000.000000,175,OPTSTK,BFO,5.000000,100000000,False
1130176,PIDILITIND26NOV1420CE,PIDILITIND,26NOV2026,142000.000000,500,OPTSTK,BFO,5.000000,10000,False
1130197,SUZLON26SEP37CE,SUZLON,24SEP2026,3700.000000,12700,OPTSTK,BFO,5.000000,100000000,False
1130215,HCLTECH26OCT1150PE,HCLTECH,29OCT2026,115000.000000,400,OPTSTK,BFO,5.000000,21000,False
862334,DLF26OCT590PE,DLF,29OCT2026,59000.000000,950,OPTSTK,BFO,5.000000,49500,False
862336,M&M26OCT3250PE,M&M,29OCT2026,325000.000000,200,OPTSTK,BFO,5.000000,21000,False
862360,BDL26OCT1240CE,BDL,29OCT2026,124000.000000,425,OPTSTK,BFO,5.000000,100000000,False
862375,JINDALSTEL26OCT1020PE,JINDALSTEL,29OCT2026,102000.000000,625,OPTSTK,BFO,5.000000,37500,False
852476,VMM26SEP100PE,VMM,24SEP2026,10000.000000,4850,OPTSTK,BFO,5.000000,100000000,False
852486,M&M26SEP3350PE,M&M,24SEP2026,335000.000000,200,OPTSTK,BFO,5.000000,21000,False
852551,SENSEX29DEC71000PE,SENSEX,27DEC2029,7100000.000000,20,OPTIDX,BFO,5.000000,1000,False
852605,AUBANK26SEP940PE,AUBANK,24SEP2026,94000.000000,1000,OPTSTK,BFO,5.000000,30000,False
862380,BHARTIARTL26OCT2060PE,BHARTIARTL,29OCT2026,206000.000000,475,OPTSTK,BFO,5.000000,28500,False
862393,PIIND26OCT2550CE,PIIND,29OCT2026,255000.000000,175,OPTSTK,BFO,5.000000,7500,False
862398,FOCIT26OCT34200PE,FOCIT,29OCT2026,3420000.000000,45,OPTIDX,BFO,5.000000,1350,False
862400,VBL26OCT430PE,VBL,29OCT2026,43000.000000,1275,OPTSTK,BFO,5.000000,100000000,False
1102366,ICICIBANK26NOV1390CE,ICICIBANK,26NOV2026,139000.000000,700,OPTSTK,BFO,5.000000,28000,False
1102410,CONCOR26NOV530PE,CONCOR,26NOV2026,53000.000000,1250,OPTSTK,BFO,5.000000,40000,False
1102452,AXISBANK26NOV1380CE,AXISBANK,26NOV2026,138000.000000,625,OPTSTK,BFO,5.000000,25000,False
1102464,HINDALCO26NOV1080PE,HINDALCO,26NOV2026,108000.000000,700,OPTSTK,BFO,5.000000,56000,False
1130226,KEI26OCT3900PE,KEI,29OCT2026,390000.000000,175,OPTSTK,BFO,5.000000,100000000,False
1130248,BANDHANBNK26NOV210PE,BANDHANBNK,26NOV2026,21000.000000,3600,OPTSTK,BFO,5.000000,100000,False
1130259,DMART26OCT3300CE,DMART,29OCT2026,330000.000000,150,OPTSTK,BFO,5.000000,100000000,False
1130262,TMPV26SEP265PE,TMPV,24SEP2026,26500.000000,1600,OPTSTK,BFO,5.000000,42750,False
852629,OFSS26SEP10100CE,OFSS,24SEP2026,1010000.000000,100,OPTSTK,BFO,5.000000,8000,False
852638,FEDERALBNK26SEP365PE,FEDERALBNK,24SEP2026,36500.000000,2500,OPTSTK,BFO,5.000000,200000,False
852647,TCS26SEP1940PE,TCS,24SEP2026,194000.000000,225,OPTSTK,BFO,5.000000,7000,False
852651,JSWSTEEL26SEP1360PE,JSWSTEEL,24SEP2026,136000.000000,675,OPTSTK,BFO,5.000000,40500,False
862406,MARICO26OCT840PE,MARICO,29OCT2026,84000.000000,1200,OPTSTK,BFO,5.000000,48000,False
862478,PFC26OCT440PE,PFC,29OCT2026,44000.000000,1300,OPTSTK,BFO,5.000000,124000,False
862479,FOCIT26OCT31200CE,FOCIT,29OCT2026,3120000.000000,45,OPTIDX,BFO,5.000000,1350,False
862496,PIDILITIND26OCT1520CE,PIDILITIND,29OCT2026,152000.000000,500,OPTSTK,BFO,5.000000,10000,False
852655,LTF26SEP340CE,LTF,24SEP2026,34000.000000,2250,OPTSTK,BFO,5.000000,267720,False
852666,UPL26SEP520PE,UPL,24SEP2026,52000.000000,1355,OPTSTK,BFO,5.000000,39000,False
852694,EICHERMOT26SEP6700CE,EICHERMOT,24SEP2026,670000.000000,100,OPTSTK,BFO,5.000000,7000,False
852696,ETERNAL26SEP235PE,ETERNAL,24SEP2026,23500.000000,2425,OPTSTK,BFO,5.000000,100000000,False
1102469,BANDHANBNK26NOV200PE,BANDHANBNK,26NOV2026,20000.000000,3600,OPTSTK,BFO,5.000000,100000,False
1102508,MOTHERSON26NOV162.5CE,MOTHERSON,26NOV2026,16250.000000,6150,OPTSTK,BFO,5.000000,284000,False
1102517,KALYANKJIL26NOV615CE,KALYANKJIL,26NOV2026,61500.000000,1350,OPTSTK,BFO,5.000000,100000000,False
1102522,NAM-INDIA26NOV1120PE,NAM-INDIA,26NOV2026,112000.000000,625,OPTSTK,BFO,5.000000,100000000,False
1130264,BIOCON26SEP355PE,BIOCON,24SEP2026,35500.000000,2500,OPTSTK,BFO,5.000000,100000,False
1130299,MARUTI26SEP11700PE,MARUTI,24SEP2026,1170000.000000,50,OPTSTK,BFO,5.000000,3000,False
1130340,COCHINSHIP26NOV1280PE,COCHINSHIP,26NOV2026,128000.000000,400,OPTSTK,BFO,5.000000,100000000,False
1130346,LODHA26OCT980PE,LODHA,29OCT2026,98000.000000,625,OPTSTK,BFO,5.000000,100000000,False
862508,CONCOR26OCT500PE,CONCOR,29OCT2026,50000.000000,1250,OPTSTK,BFO,5.000000,40000,False
862519,FOCIT26SEP36800PE,FOCIT,24SEP2026,3680000.000000,45,OPTIDX,BFO,5.000000,1350,False
862521,TITAN26OCT4600CE,TITAN,29OCT2026,460000.000000,175,OPTSTK,BFO,5.000000,11250,False
862525,SENSEX2691779900PE,SENSEX,17SEP2026,7990000.000000,20,OPTIDX,BFO,5.000000,1000,False
852712,CUMMINSIND26SEP5100PE,CUMMINSIND,24SEP2026,510000.000000,200,OPTSTK,BFO,5.000000,18000,False
852720,JINDALSTEL26SEP920PE,JINDALSTEL,24SEP2026,92000.000000,625,OPTSTK,BFO,5.000000,37500,False
852738,KAYNES26SEP2750PE,KAYNES,24SEP2026,275000.000000,150,OPTSTK,BFO,5.000000,100000000,False
852745,LTF26SEP345CE,LTF,24SEP2026,34500.000000,2250,OPTSTK,BFO,5.000000,267720,False
1102539,FOCIT26NOV32400CE,FOCIT,26NOV2026,3240000.000000,45,OPTIDX,BFO,5.000000,1350,False
1102523,ABCAPITAL26NOV435PE,ABCAPITAL,26NOV2026,43500.000000,3100,OPTSTK,BFO,5.000000,162000,False
1102534,AMBER26NOV8300PE,AMBER,26NOV2026,830000.000000,100,OPTSTK,BFO,5.000000,100000000,False
1102537,PAGEIND26NOV35000PE,PAGEIND,26NOV2026,3500000.000000,20,OPTSTK,BFO,5.000000,600,False
1130370,IEX26OCT97.5CE,IEX,29OCT2026,9750.000000,4350,OPTSTK,BFO,5.000000,150000,False
1130386,PAYTM26NOV1940CE,PAYTM,26NOV2026,194000.000000,725,OPTSTK,BFO,5.000000,100000000,False
1130393,DELHIVERY26NOV405PE,DELHIVERY,26NOV2026,40500.000000,2075,OPTSTK,BFO,5.000000,100000000,False
1130401,BHARATFORG26NOV1800CE,BHARATFORG,26NOV2026,180000.000000,500,OPTSTK,BFO,5.000000,30000,False
862526,BANKINDIA26OCT125PE,BANKINDIA,29OCT2026,12500.000000,5200,OPTSTK,BFO,5.000000,100000000,False
862544,LODHA26OCT1300CE,LODHA,29OCT2026,130000.000000,625,OPTSTK,BFO,5.000000,100000000,False
862546,BHEL26OCT385CE,BHEL,29OCT2026,38500.000000,2625,OPTSTK,BFO,5.000000,315000,False
862551,SENSEX5026OCT25300PE,SENSEX50,29OCT2026,2530000.000000,75,OPTIDX,BFO,5.000000,1800,False
852750,TVSMOTOR26SEP3650CE,TVSMOTOR,24SEP2026,365000.000000,175,OPTSTK,BFO,5.000000,21000,False
852790,INDIGO26SEP6100CE,INDIGO,24SEP2026,610000.000000,150,OPTSTK,BFO,5.000000,12000,False
852812,HINDPETRO26SEP300.75PE,HINDPETRO,24SEP2026,30075.000000,2025,OPTSTK,BFO,5.000000,108000,False
852829,KALYANKJIL26SEP420PE,KALYANKJIL,24SEP2026,42000.000000,1350,OPTSTK,BFO,5.000000,100000000,False
862557,BIOCON26OCT455CE,BIOCON,29OCT2026,45500.000000,2500,OPTSTK,BFO,5.000000,100000,False
862561,360ONE26OCT1260PE,,29OCT2026,126000.000000,500,OPTSTK,BFO,5.000000,100000000,False
862567,GAIL26OCT157.5PE,GAIL,29OCT2026,15750.000000,3550,OPTSTK,BFO,5.000000,274500,False
862573,HAL26OCT4350PE,HAL,29OCT2026,435000.000000,150,OPTSTK,BFO,5.000000,9000,False
1102548,SHREECEM26NOV25500CE,SHREECEM,26NOV2026,2550000.000000,25,OPTSTK,BFO,5.000000,1000,False
1102574,MAHABANK26NOV78CE,MAHABANK,26NOV2026,7800.000000,6500,OPTSTK,BFO,5.000000,100000000,False
1102581,POLICYBZR26NOV1840CE,POLICYBZR,26NOV2026,184000.000000,350,OPTSTK,BFO,5.000000,100000000,False
1102630,KFINTECH26NOV1060CE,KFINTECH,26NOV2026,106000.000000,575,OPTSTK,BFO,5.000000,100000000,False
1130414,GODREJPROP26OCT1680PE,GODREJPROP,29OCT2026,168000.000000,325,OPTSTK,BFO,5.000000,19000,False
1130420,AMBUJACEM26SEP355CE,AMBUJACEM,24SEP2026,35500.000000,1200,OPTSTK,BFO,5.000000,54000,False
1130427,PRESTIGE26NOV1360PE,PRESTIGE,26NOV2026,136000.000000,450,OPTSTK,BFO,5.000000,100000000,False
1130435,GODREJPROP26SEP1680CE,GODREJPROP,24SEP2026,168000.000000,325,OPTSTK,BFO,5.000000,19000,False
862586,SBILIFE26OCT1900PE,SBILIFE,29OCT2026,190000.000000,375,OPTSTK,BFO,5.000000,22500,False
862609,TMPV26OCT340PE,TMPV,29OCT2026,34000.000000,1600,OPTSTK,BFO,5.000000,42750,False
862625,BANKEX26OCT68000CE,BANKEX,29OCT2026,6800000.000000,30,OPTIDX,BFO,5.000000,900,False
862626,TCS26OCTFUT,TCS,29OCT2026,0.000000,225,FUTSTK,BFO,5.000000,7000,False
852857,ADANIGREEN26SEP1620PE,ADANIGREEN,24SEP2026,162000.000000,600,OPTSTK,BFO,5.000000,100000000,False
852875,KOTAKBANK26SEP360PE,KOTAKBANK,24SEP2026,36000.000000,2000,OPTSTK,BFO,5.000000,12000,False
852889,HCLTECH26SEP1010PE,HCLTECH,24SEP2026,101000.000000,400,OPTSTK,BFO,5.000000,21000,False
852890,MPHASIS26SEP2438PE,MPHASIS,24SEP2026,243800.000000,275,OPTSTK,BFO,5.000000,11000,False
1102649,LUPIN26NOV2080PE,LUPIN,26NOV2026,208000.000000,425,OPTSTK,BFO,5.000000,34000,False
1102681,POLICYBZR26NOV1760PE,POLICYBZR,26NOV2026,176000.000000,350,OPTSTK,BFO,5.000000,100000000,False
1102684,SENSEX26O1572900PE,SENSEX,15OCT2026,7290000.000000,20,OPTIDX,BFO,5.000000,1000,False
1102694,JUBLFOOD26NOV510PE,JUBLFOOD,26NOV2026,51000.000000,1250,OPTSTK,BFO,5.000000,50000,False
1130477,RELIANCE26OCT1190CE,RELIANCE,29OCT2026,119000.000000,500,OPTSTK,BFO,5.000000,10000,False
1130520,BHARATFORG26NOV1800PE,BHARATFORG,26NOV2026,180000.000000,500,OPTSTK,BFO,5.000000,30000,False
1130526,PAYTM26OCT1940PE,PAYTM,29OCT2026,194000.000000,725,OPTSTK,BFO,5.000000,100000000,False
1130536,NMDC26NOV75PE,NMDC,26NOV2026,7500.000000,6750,OPTSTK,BFO,5.000000,225000,False
862648,MANAPPURAM26OCT375CE,MANAPPURAM,29OCT2026,37500.000000,3000,OPTSTK,BFO,5.000000,180000,False
862662,HEROMOTOCO26OCT5900CE,HEROMOTOCO,29OCT2026,590000.000000,150,OPTSTK,BFO,5.000000,9000,False
862670,SIEMENS26OCT3400PE,SIEMENS,29OCT2026,340000.000000,175,OPTSTK,BFO,5.000000,8250,False
862682,JSWSTEEL26OCT1420PE,JSWSTEEL,29OCT2026,142000.000000,675,OPTSTK,BFO,5.000000,40500,False
852897,GVT&D26SEP5500CE,GVT&D,24SEP2026,550000.000000,125,OPTSTK,BFO,5.000000,100000000,False
852924,COFORGE26SEP1340PE,COFORGE,24SEP2026,134000.000000,475,OPTSTK,BFO,5.000000,6000,False
852970,HINDPETRO26SEP430.75PE,HINDPETRO,24SEP2026,43075.000000,2025,OPTSTK,BFO,5.000000,108000,False
852991,JSWENERGY26SEP510PE,JSWENERGY,24SEP2026,51000.000000,1075,OPTSTK,BFO,5.000000,100000000,False
862685,FOCIT26OCT39800PE,FOCIT,29OCT2026,3980000.000000,45,OPTIDX,BFO,5.000000,1350,False
862686,OFSS26OCT10700CE,OFSS,29OCT2026,1070000.000000,100,OPTSTK,BFO,5.000000,8000,False
862687,TORNTPHARM26OCT5150CE,TORNTPHARM,29OCT2026,515000.000000,125,OPTSTK,BFO,5.000000,15000,False
862688,DMART26OCT3700CE,DMART,29OCT2026,370000.000000,150,OPTSTK,BFO,5.000000,100000000,False
1102714,HAL26NOV5100PE,HAL,26NOV2026,510000.000000,150,OPTSTK,BFO,5.000000,9000,False
1102716,ATHERENERG26NOV1420CE,ATHERENERG,26NOV2026,142000.000000,375,OPTSTK,BFO,5.000000,100000000,False
1102720,APOLLOHOSP26NOV8500CE,APOLLOHOSP,26NOV2026,850000.000000,125,OPTSTK,BFO,5.000000,5000,False
1102723,PIIND26NOV2350PE,PIIND,26NOV2026,235000.000000,175,OPTSTK,BFO,5.000000,7500,False
1130545,HDFCAMC26SEP2050CE,HDFCAMC,24SEP2026,205000.000000,300,OPTSTK,BFO,5.000000,12000,False
1130599,GODREJPROP26NOV1640PE,GODREJPROP,26NOV2026,164000.000000,325,OPTSTK,BFO,5.000000,19000,False
1130616,LAURUSLABS26NOV2120PE,LAURUSLABS,26NOV2026,212000.000000,850,OPTSTK,BFO,5.000000,68000,False
1130618,HDFCAMC26NOV2050CE,HDFCAMC,26NOV2026,205000.000000,300,OPTSTK,BFO,5.000000,12000,False
853001,RADICO26SEP4250CE,RADICO,24SEP2026,425000.000000,150,OPTSTK,BFO,5.000000,100000000,False
853002,DMART26SEP4750CE,DMART,24SEP2026,475000.000000,150,OPTSTK,BFO,5.000000,100000000,False
853023,PNBHOUSING26SEP900CE,PNBHOUSING,24SEP2026,90000.000000,650,OPTSTK,BFO,5.000000,100000000,False
853071,JSWENERGY26SEP640CE,JSWENERGY,24SEP2026,64000.000000,1075,OPTSTK,BFO,5.000000,100000000,False
862693,SENSEX26OCT81300CE,SENSEX,29OCT2026,8130000.000000,20,OPTIDX,BFO,5.000000,1000,False
862717,ADANIPORTS26OCT1620CE,ADANIPORTS,29OCT2026,162000.000000,475,OPTSTK,BFO,5.000000,32000,False
862740,MANKIND26OCT2540CE,MANKIND,29OCT2026,254000.000000,250,OPTSTK,BFO,5.000000,100000000,False
862750,UNOMINDA26OCT1180PE,UNOMINDA,29OCT2026,118000.000000,550,OPTSTK,BFO,5.000000,100000000,False
853096,ADANIENT26SEP2800CE,ADANIENT,24SEP2026,280000.000000,309,OPTSTK,BFO,5.000000,9000,False
853112,NTPC26SEP375PE,NTPC,24SEP2026,37500.000000,1500,OPTSTK,BFO,5.000000,150000,False
853124,IEX26SEP127.5CE,IEX,24SEP2026,12750.000000,4350,OPTSTK,BFO,5.000000,150000,False
853139,SOLARINDS26SEP19750PE,SOLARINDS,24SEP2026,1975000.000000,50,OPTSTK,BFO,5.000000,100000000,False
1130630,PRESTIGE26OCT1380CE,PRESTIGE,29OCT2026,138000.000000,450,OPTSTK,BFO,5.000000,100000000,False
1130639,DLF26NOV570CE,DLF,26NOV2026,57000.000000,950,OPTSTK,BFO,5.000000,49500,False
1130642,GODREJPROP26NOV1680PE,GODREJPROP,26NOV2026,168000.000000,325,OPTSTK,BFO,5.000000,19000,False
1130648,BAJFINANCE26NOV960PE,BAJFINANCE,26NOV2026,96000.000000,750,OPTSTK,BFO,5.000000,3750,False
862790,SENSEX2691775200CE,SENSEX,17SEP2026,7520000.000000,20,OPTIDX,BFO,5.000000,1000,False
862791,JINDALSTEL26OCT960PE,JINDALSTEL,29OCT2026,96000.000000,625,OPTSTK,BFO,5.000000,37500,False
862797,GMRAIRPORT26OCT101CE,GMRAIRPORT,29OCT2026,10100.000000,6975,OPTSTK,BFO,5.000000,675000,False
862806,BAJAJFINSV26OCT1940CE,BAJAJFINSV,29OCT2026,194000.000000,300,OPTSTK,BFO,5.000000,20000,False
853140,LUPIN26SEP2560PE,LUPIN,24SEP2026,256000.000000,425,OPTSTK,BFO,5.000000,34000,False
853146,DIXON26SEP10500PE,DIXON,24SEP2026,1050000.000000,50,OPTSTK,BFO,5.000000,6000,False
853184,CGPOWER26SEP1100CE,CGPOWER,24SEP2026,110000.000000,850,OPTSTK,BFO,5.000000,100000000,False
853185,NAUKRI26SEP1100CE,NAUKRI,24SEP2026,110000.000000,550,OPTSTK,BFO,5.000000,6000,False
862809,AMBER26OCT7100PE,AMBER,29OCT2026,710000.000000,100,OPTSTK,BFO,5.000000,100000000,False
862811,SENSEX29JUN81000PE,SENSEX,28JUN2029,8100000.000000,20,OPTIDX,BFO,5.000000,1000,False
862830,POLYCAB26OCT8800CE,POLYCAB,29OCT2026,880000.000000,125,OPTSTK,BFO,5.000000,9000,False
862840,SENSEX2691771500CE,SENSEX,17SEP2026,7150000.000000,20,OPTIDX,BFO,5.000000,1000,False
1130655,JSWSTEEL26NOV1140PE,JSWSTEEL,26NOV2026,114000.000000,675,OPTSTK,BFO,5.000000,40500,False
1130662,OBEROIRLTY26NOV1600CE,OBEROIRLTY,26NOV2026,160000.000000,350,OPTSTK,BFO,5.000000,28000,False
1130711,OBEROIRLTY26OCT1600CE,OBEROIRLTY,29OCT2026,160000.000000,350,OPTSTK,BFO,5.000000,28000,False
1130715,BHARATFORG26SEP1800PE,BHARATFORG,24SEP2026,180000.000000,500,OPTSTK,BFO,5.000000,30000,False
853252,CGPOWER26SEP820PE,CGPOWER,24SEP2026,82000.000000,850,OPTSTK,BFO,5.000000,100000000,False
853258,IREDA26SEP145PE,IREDA,24SEP2026,14500.000000,4525,OPTSTK,BFO,5.000000,100000000,False
853268,SRF26SEP2950CE,SRF,24SEP2026,295000.000000,200,OPTSTK,BFO,5.000000,11250,False
853271,SENSEX31JUN71000CE,SENSEX,26JUN2031,7100000.000000,20,OPTIDX,BFO,5.000000,1000,False
862842,SUZLON26OCT48CE,SUZLON,29OCT2026,4800.000000,12700,OPTSTK,BFO,5.000000,100000000,False
862849,FOCIT26OCT38100PE,FOCIT,29OCT2026,3810000.000000,45,OPTIDX,BFO,5.000000,1350,False
862868,CUMMINSIND26OCT5000PE,CUMMINSIND,29OCT2026,500000.000000,200,OPTSTK,BFO,5.000000,18000,False
862870,FOCIT26SEP44400CE,FOCIT,24SEP2026,4440000.000000,45,OPTIDX,BFO,5.000000,1350,False
1130731,IEX26SEP97.5PE,IEX,24SEP2026,9750.000000,4350,OPTSTK,BFO,5.000000,150000,False
1130748,SUPREMEIND26OCT3000PE,SUPREMEIND,29OCT2026,300000.000000,175,OPTSTK,BFO,5.000000,100000000,False
1130771,CONCOR26OCT465CE,CONCOR,29OCT2026,46500.000000,1250,OPTSTK,BFO,5.000000,40000,False
1133345,SENSEX26SEP89000PE,SENSEX,24SEP2026,8900000.000000,20,OPTIDX,BFO,5.000000,1000,False
853278,CUMMINSIND26SEP6400CE,CUMMINSIND,24SEP2026,640000.000000,200,OPTSTK,BFO,5.000000,18000,False
853291,DLF26SEP690CE,DLF,24SEP2026,69000.000000,950,OPTSTK,BFO,5.000000,49500,False
853293,MAZDOCK26SEP2250CE,MAZDOCK,24SEP2026,225000.000000,225,OPTSTK,BFO,5.000000,100000000,False
853297,FEDERALBNK26SEP355CE,FEDERALBNK,24SEP2026,35500.000000,2500,OPTSTK,BFO,5.000000,200000,False
862872,SENSEX26OCT76000CE,SENSEX,29OCT2026,7600000.000000,20,OPTIDX,BFO,5.000000,1000,False
862884,M&M26OCT3600CE,M&M,29OCT2026,360000.000000,200,OPTSTK,BFO,5.000000,21000,False
862894,M&M26OCTFUT,M&M,29OCT2026,0.000000,200,FUTSTK,BFO,5.000000,21000,False
862906,PIIND26OCT2750CE,PIIND,29OCT2026,275000.000000,175,OPTSTK,BFO,5.000000,7500,False
2051941,CDSL26SEP1500CE,CDSL,29SEP2026,150000.000000,475,OPTSTK,BFO,5.000000,14001,False
2055532,CDSL26SEP1100CE,CDSL,29SEP2026,110000.000000,475,OPTSTK,BFO,5.000000,14001,False
2055927,BSE26SEP3900CE,BSE,29SEP2026,390000.000000,200,OPTSTK,BFO,5.000000,3751,False
2062761,BSE26SEP3300PE,BSE,29SEP2026,330000.000000,200,OPTSTK,BFO,5.000000,3751,False
853308,ADANIENT26SEP2850PE,ADANIENT,24SEP2026,285000.000000,309,OPTSTK,BFO,5.000000,9000,False
853309,PETRONET26SEP305CE,PETRONET,24SEP2026,30500.000000,1900,OPTSTK,BFO,5.000000,120000,False
853315,HAVELLS26SEP1040CE,HAVELLS,24SEP2026,104000.000000,500,OPTSTK,BFO,5.000000,20000,False
853323,LICHSGFIN26SEP630PE,LICHSGFIN,24SEP2026,63000.000000,1000,OPTSTK,BFO,5.000000,60000,False
862919,ADANIENT26OCT3000PE,ADANIENT,29OCT2026,300000.000000,309,OPTSTK,BFO,5.000000,9000,False
862920,SENSEX5026OCT24900PE,SENSEX50,29OCT2026,2490000.000000,75,OPTIDX,BFO,5.000000,1800,False
862935,SENSEX26OCT72300CE,SENSEX,29OCT2026,7230000.000000,20,OPTIDX,BFO,5.000000,1000,False
862940,APOLLOHOSP26OCT9600CE,APOLLOHOSP,29OCT2026,960000.000000,125,OPTSTK,BFO,5.000000,5000,False
2062884,BSE26SEP3300CE,BSE,29SEP2026,330000.000000,200,OPTSTK,BFO,5.000000,3751,False
2212691,BSE26OCT3100PE,BSE,27OCT2026,310000.000000,200,OPTSTK,BFO,5.000000,3751,False
2212793,BSE26OCT3700CE,BSE,27OCT2026,370000.000000,200,OPTSTK,BFO,5.000000,3751,False
2212828,BSE26OCT3100CE,BSE,27OCT2026,310000.000000,200,OPTSTK,BFO,5.000000,3751,False
839136,SENSEX26SEP75100CE,SENSEX,24SEP2026,7510000.000000,20,OPTIDX,BFO,5.000000,1000,False
853338,GODFRYPHLP26SEP2550CE,GODFRYPHLP,24SEP2026,255000.000000,275,OPTSTK,BFO,5.000000,100000000,False
853367,ITC26SEP270CE,ITC,24SEP2026,27000.000000,1725,OPTSTK,BFO,5.000000,64000,False
853378,ADANIPOWER26SEP205PE,ADANIPOWER,24SEP2026,20500.000000,3550,OPTSTK,BFO,5.000000,100000000,False
853381,FEDERALBNK26SEP355PE,FEDERALBNK,24SEP2026,35500.000000,2500,OPTSTK,BFO,5.000000,200000,False
862941,ADANIGREEN26OCT1300PE,ADANIGREEN,29OCT2026,130000.000000,600,OPTSTK,BFO,5.000000,100000000,False
862948,GAIL26OCT160PE,GAIL,29OCT2026,16000.000000,3550,OPTSTK,BFO,5.000000,274500,False
862950,INFY26OCT1160CE,INFY,29OCT2026,116000.000000,400,OPTSTK,BFO,5.000000,16000,False
862984,FORCEMOT26OCT20000PE,FORCEMOT,29OCT2026,2000000.000000,25,OPTSTK,BFO,5.000000,100000000,False
2212844,CDSL26OCT1500PE,CDSL,27OCT2026,150000.000000,475,OPTSTK,BFO,5.000000,14001,False
2218779,BSE26OCT4100PE,BSE,27OCT2026,410000.000000,200,OPTSTK,BFO,5.000000,3751,False
2275265,CDSL26NOV1000PE,CDSL,23NOV2026,100000.000000,475,OPTSTK,BFO,5.000000,14001,False
862989,SENSEX5026OCT26050PE,SENSEX50,29OCT2026,2605000.000000,75,OPTIDX,BFO,5.000000,1800,False
863010,HAVELLS26OCT1320PE,HAVELLS,29OCT2026,132000.000000,500,OPTSTK,BFO,5.000000,20000,False
863023,LICHSGFIN26OCT520CE,LICHSGFIN,29OCT2026,52000.000000,1000,OPTSTK,BFO,5.000000,60000,False
863031,POWERINDIA26OCT33000CE,POWERINDIA,29OCT2026,3300000.000000,25,OPTSTK,BFO,5.000000,100000000,False
1102735,SENSEX26NOV77300PE,SENSEX,26NOV2026,7730000.000000,20,OPTIDX,BFO,5.000000,1000,False
1102760,ICICIPRULI26NOV485PE,ICICIPRULI,26NOV2026,48500.000000,925,OPTSTK,BFO,5.000000,60000,False
1102761,SHREECEM26NOV25250CE,SHREECEM,26NOV2026,2525000.000000,25,OPTSTK,BFO,5.000000,1000,False
1102774,KPITTECH26NOV570CE,KPITTECH,26NOV2026,57000.000000,775,OPTSTK,BFO,5.000000,100000000,False
839137,SENSEX26SEP77400CE,SENSEX,24SEP2026,7740000.000000,20,OPTIDX,BFO,5.000000,1000,False
839138,SENSEX26SEP79700CE,SENSEX,24SEP2026,7970000.000000,20,OPTIDX,BFO,5.000000,1000,False
839156,SENSEX26SEP71700PE,SENSEX,24SEP2026,7170000.000000,20,OPTIDX,BFO,5.000000,1000,False
839169,SENSEX26SEP77600CE,SENSEX,24SEP2026,7760000.000000,20,OPTIDX,BFO,5.000000,1000,False
853405,SHRIRAMFIN26SEP1120CE,SHRIRAMFIN,24SEP2026,112000.000000,825,OPTSTK,BFO,5.000000,18000,False
853430,BOSCHLTD26SEP42500PE,BOSCHLTD,24SEP2026,4250000.000000,25,OPTSTK,BFO,5.000000,1500,False
853432,M&M26SEP2850PE,M&M,24SEP2026,285000.000000,200,OPTSTK,BFO,5.000000,21000,False
853437,APOLLOHOSP26SEP8100CE,APOLLOHOSP,24SEP2026,810000.000000,125,OPTSTK,BFO,5.000000,5000,False
863038,ABCAPITAL26OCT375PE,ABCAPITAL,29OCT2026,37500.000000,3100,OPTSTK,BFO,5.000000,162000,False
863046,DABUR26OCT450CE,DABUR,29OCT2026,45000.000000,1250,OPTSTK,BFO,5.000000,50000,False
863051,BLUESTARCO26OCT1800PE,BLUESTARCO,29OCT2026,180000.000000,325,OPTSTK,BFO,5.000000,100000000,False
863053,BANKEX26OCT70900PE,BANKEX,29OCT2026,7090000.000000,30,OPTIDX,BFO,5.000000,900,False
839193,SENSEX26SEP74900CE,SENSEX,24SEP2026,7490000.000000,20,OPTIDX,BFO,5.000000,1000,False
839224,SENSEX26SEP75800PE,SENSEX,24SEP2026,7580000.000000,20,OPTIDX,BFO,5.000000,1000,False
839226,SENSEX26SEP76500CE,SENSEX,24SEP2026,7650000.000000,20,OPTIDX,BFO,5.000000,1000,False
839254,SENSEX26SEP75100PE,SENSEX,24SEP2026,7510000.000000,20,OPTIDX,BFO,5.000000,1000,False
853444,MOTILALOFS26SEP1060PE,MOTILALOFS,24SEP2026,106000.000000,775,OPTSTK,BFO,5.000000,100000000,False
853457,ITC26SEP270PE,ITC,24SEP2026,27000.000000,1725,OPTSTK,BFO,5.000000,64000,False
853483,PETRONET26SEP250CE,PETRONET,24SEP2026,25000.000000,1900,OPTSTK,BFO,5.000000,120000,False
853491,M&M26SEP2750CE,M&M,24SEP2026,275000.000000,200,OPTSTK,BFO,5.000000,21000,False
1102795,BAJAJFINSV26NOV2060CE,BAJAJFINSV,26NOV2026,206000.000000,300,OPTSTK,BFO,5.000000,20000,False
1102804,SENSEX26NOV71300PE,SENSEX,26NOV2026,7130000.000000,20,OPTIDX,BFO,5.000000,1000,False
1102811,PERSISTENT26NOV5600CE,PERSISTENT,26NOV2026,560000.000000,125,OPTSTK,BFO,5.000000,5250,False
1102837,MAHABANK26OCT85CE,MAHABANK,29OCT2026,8500.000000,6500,OPTSTK,BFO,5.000000,100000000,False
839256,SENSEX26SEP71400PE,SENSEX,24SEP2026,7140000.000000,20,OPTIDX,BFO,5.000000,1000,False
839267,SENSEX26SEP70700CE,SENSEX,24SEP2026,7070000.000000,20,OPTIDX,BFO,5.000000,1000,False
839319,SENSEX26SEP74800CE,SENSEX,24SEP2026,7480000.000000,20,OPTIDX,BFO,5.000000,1000,False
839324,SENSEX26SEP82500CE,SENSEX,24SEP2026,8250000.000000,20,OPTIDX,BFO,5.000000,1000,False
853497,UPL26SEP640CE,UPL,24SEP2026,64000.000000,1355,OPTSTK,BFO,5.000000,39000,False
853502,PAYTM26SEP1260PE,PAYTM,24SEP2026,126000.000000,725,OPTSTK,BFO,5.000000,100000000,False
853547,HEROMOTOCO26SEP5300PE,HEROMOTOCO,24SEP2026,530000.000000,150,OPTSTK,BFO,5.000000,9000,False
853556,PETRONET26SEP250PE,PETRONET,24SEP2026,25000.000000,1900,OPTSTK,BFO,5.000000,120000,False
863072,PAYTM26OCT1240PE,PAYTM,29OCT2026,124000.000000,725,OPTSTK,BFO,5.000000,100000000,False
863075,TRENT26OCT3350CE,TRENT,29OCT2026,335000.000000,225,OPTSTK,BFO,5.000000,16000,False
863089,PAGEIND26OCT44000PE,PAGEIND,29OCT2026,4400000.000000,20,OPTSTK,BFO,5.000000,600,False
863090,LODHA26OCT1340CE,LODHA,29OCT2026,134000.000000,625,OPTSTK,BFO,5.000000,100000000,False
1102862,SOLARINDS26NOV19250PE,SOLARINDS,26NOV2026,1925000.000000,50,OPTSTK,BFO,5.000000,100000000,False
1102883,EICHERMOT26NOV8400CE,EICHERMOT,26NOV2026,840000.000000,100,OPTSTK,BFO,5.000000,7000,False
1102884,ONGC26NOV242.5PE,ONGC,26NOV2026,24250.000000,2250,OPTSTK,BFO,5.000000,154000,False
1102919,MOTHERSON26NOV167.5CE,MOTHERSON,26NOV2026,16750.000000,6150,OPTSTK,BFO,5.000000,284000,False
839329,SENSEX26SEP76500PE,SENSEX,24SEP2026,7650000.000000,20,OPTIDX,BFO,5.000000,1000,False
839338,SENSEX26SEP82800PE,SENSEX,24SEP2026,8280000.000000,20,OPTIDX,BFO,5.000000,1000,False
839349,SENSEX26SEP70400CE,SENSEX,24SEP2026,7040000.000000,20,OPTIDX,BFO,5.000000,1000,False
839355,SENSEX26SEP82700CE,SENSEX,24SEP2026,8270000.000000,20,OPTIDX,BFO,5.000000,1000,False
853605,TVSMOTOR26SEP3200PE,TVSMOTOR,24SEP2026,320000.000000,175,OPTSTK,BFO,5.000000,21000,False
853611,SHRIRAMFIN26SEP1160CE,SHRIRAMFIN,24SEP2026,116000.000000,825,OPTSTK,BFO,5.000000,18000,False
853618,IREDA26SEP122.5CE,IREDA,24SEP2026,12250.000000,4525,OPTSTK,BFO,5.000000,100000000,False
853651,SRF26SEP2450CE,SRF,24SEP2026,245000.000000,200,OPTSTK,BFO,5.000000,11250,False
863098,FOCIT26OCT43700CE,FOCIT,29OCT2026,4370000.000000,45,OPTIDX,BFO,5.000000,1350,False
863109,HAL26OCT4550PE,HAL,29OCT2026,455000.000000,150,OPTSTK,BFO,5.000000,9000,False
863122,MFSL26OCT1500CE,MFSL,29OCT2026,150000.000000,400,OPTSTK,BFO,5.000000,32000,False
863146,AMBUJACEM26OCT425CE,AMBUJACEM,29OCT2026,42500.000000,1200,OPTSTK,BFO,5.000000,54000,False
1102946,LAURUSLABS26NOV1960CE,LAURUSLABS,26NOV2026,196000.000000,850,OPTSTK,BFO,5.000000,68000,False
1102971,SHREECEM26NOV23500PE,SHREECEM,26NOV2026,2350000.000000,25,OPTSTK,BFO,5.000000,1000,False
1102972,HAL26NOV5000CE,HAL,26NOV2026,500000.000000,150,OPTSTK,BFO,5.000000,9000,False
1102997,SBIN26NOV1090CE,SBIN,26NOV2026,109000.000000,750,OPTSTK,BFO,5.000000,45000,False
839361,SENSEX26SEP76700PE,SENSEX,24SEP2026,7670000.000000,20,OPTIDX,BFO,5.000000,1000,False
839367,SENSEX26SEP82100PE,SENSEX,24SEP2026,8210000.000000,20,OPTIDX,BFO,5.000000,1000,False
839379,SENSEX26SEP76600CE,SENSEX,24SEP2026,7660000.000000,20,OPTIDX,BFO,5.000000,1000,False
839401,SENSEX26SEP79900CE,SENSEX,24SEP2026,7990000.000000,20,OPTIDX,BFO,5.000000,1000,False
853667,COFORGE26SEP1320CE,COFORGE,24SEP2026,132000.000000,475,OPTSTK,BFO,5.000000,6000,False
853681,GAIL26SEP182.5PE,GAIL,24SEP2026,18250.000000,3550,OPTSTK,BFO,5.000000,274500,False
853694,GODFRYPHLP26SEP2050CE,GODFRYPHLP,24SEP2026,205000.000000,275,OPTSTK,BFO,5.000000,100000000,False
853711,HAVELLS26SEP1280CE,HAVELLS,24SEP2026,128000.000000,500,OPTSTK,BFO,5.000000,20000,False
863162,HYUNDAI26OCT2100CE,HYUNDAI,29OCT2026,210000.000000,275,OPTSTK,BFO,5.000000,100000000,False
863175,IOC26OCT135CE,IOC,29OCT2026,13500.000000,4875,OPTSTK,BFO,5.000000,292500,False
863181,SENSEX26OCT72600PE,SENSEX,29OCT2026,7260000.000000,20,OPTIDX,BFO,5.000000,1000,False
863196,NYKAA26OCT350CE,NYKAA,29OCT2026,35000.000000,3125,OPTSTK,BFO,5.000000,100000000,False
1102998,BHARTIARTL26NOV1960CE,BHARTIARTL,26NOV2026,196000.000000,475,OPTSTK,BFO,5.000000,28500,False
1103008,WAAREEENER26NOV2900CE,WAAREEENER,26NOV2026,290000.000000,175,OPTSTK,BFO,5.000000,100000000,False
1103011,SUNPHARMA26NOV1840CE,SUNPHARMA,26NOV2026,184000.000000,350,OPTSTK,BFO,5.000000,28000,False
1103042,APLAPOLLO26NOV2120PE,APLAPOLLO,26NOV2026,212000.000000,350,OPTSTK,BFO,5.000000,100000000,False
863199,BHARTIARTL26OCTFUT,BHARTIARTL,29OCT2026,0.000000,475,FUTSTK,BFO,5.000000,28500,False
863202,SOLARINDS26OCT18250PE,SOLARINDS,29OCT2026,1825000.000000,50,OPTSTK,BFO,5.000000,100000000,False
863206,HDFCBANK26OCT730CE,HDFCBANK,29OCT2026,73000.000000,650,OPTSTK,BFO,5.000000,16500,False
863208,DMART26OCT3750PE,DMART,29OCT2026,375000.000000,150,OPTSTK,BFO,5.000000,100000000,False
839403,SENSEX26SEP73900CE,SENSEX,24SEP2026,7390000.000000,20,OPTIDX,BFO,5.000000,1000,False
839409,SENSEX26SEP78200CE,SENSEX,24SEP2026,7820000.000000,20,OPTIDX,BFO,5.000000,1000,False
839417,SENSEX26SEP80800CE,SENSEX,24SEP2026,8080000.000000,20,OPTIDX,BFO,5.000000,1000,False
839426,SENSEX26SEP72500PE,SENSEX,24SEP2026,7250000.000000,20,OPTIDX,BFO,5.000000,1000,False
853719,DMART26SEP4750PE,DMART,24SEP2026,475000.000000,150,OPTSTK,BFO,5.000000,100000000,False
853724,SBICARD26SEP520PE,SBICARD,24SEP2026,52000.000000,800,OPTSTK,BFO,5.000000,32000,False
853732,ADANIPOWER26SEP190PE,ADANIPOWER,24SEP2026,19000.000000,3550,OPTSTK,BFO,5.000000,100000000,False
853771,BSE26SEP2600CE,BSE,29SEP2026,260000.000000,200,OPTSTK,BFO,5.000000,3751,False
1103053,BIOCON26NOV395PE,BIOCON,26NOV2026,39500.000000,2500,OPTSTK,BFO,5.000000,100000,False
1103054,RECLTD26NOV305CE,RECLTD,26NOV2026,30500.000000,1575,OPTSTK,BFO,5.000000,160000,False
1103088,PATANJALI26NOV335CE,PATANJALI,26NOV2026,33500.000000,1075,OPTSTK,BFO,5.000000,100000000,False
1103100,SUNPHARMA26NOV1920PE,SUNPHARMA,26NOV2026,192000.000000,350,OPTSTK,BFO,5.000000,28000,False
863218,HINDZINC26OCT530PE,HINDZINC,29OCT2026,53000.000000,1225,OPTSTK,BFO,5.000000,100000000,False
863223,NYKAA26OCTFUT,NYKAA,29OCT2026,0.000000,3125,FUTSTK,BFO,5.000000,100000000,False
863241,TATAELXSI26OCT3550CE,TATAELXSI,29OCT2026,355000.000000,125,OPTSTK,BFO,5.000000,100000000,False
863248,KPITTECH26OCT580CE,KPITTECH,29OCT2026,58000.000000,775,OPTSTK,BFO,5.000000,100000000,False
839431,SENSEX26SEP75500CE,SENSEX,24SEP2026,7550000.000000,20,OPTIDX,BFO,5.000000,1000,False
839433,SENSEX26SEP80200PE,SENSEX,24SEP2026,8020000.000000,20,OPTIDX,BFO,5.000000,1000,False
839443,SENSEX26SEP70100CE,SENSEX,24SEP2026,7010000.000000,20,OPTIDX,BFO,5.000000,1000,False
839476,SENSEX26SEP73700PE,SENSEX,24SEP2026,7370000.000000,20,OPTIDX,BFO,5.000000,1000,False
853777,BSE26SEP3200CE,BSE,29SEP2026,320000.000000,200,OPTSTK,BFO,5.000000,3751,False
853786,BSE26SEP4000PE,BSE,29SEP2026,400000.000000,200,OPTSTK,BFO,5.000000,3751,False
853788,BSE26SEP4200PE,BSE,29SEP2026,420000.000000,200,OPTSTK,BFO,5.000000,3751,False
853791,BSE26SEP4600CE,BSE,29SEP2026,460000.000000,200,OPTSTK,BFO,5.000000,3751,False
1103105,PNB26NOV105PE,PNB,26NOV2026,10500.000000,8000,OPTSTK,BFO,5.000000,480000,False
1103106,GODFRYPHLP26NOV2250CE,GODFRYPHLP,26NOV2026,225000.000000,275,OPTSTK,BFO,5.000000,100000000,False
1103119,LT26NOV4200PE,LT,26NOV2026,420000.000000,175,OPTSTK,BFO,5.000000,12000,False
1103133,MPHASIS26NOV2350PE,MPHASIS,26NOV2026,235000.000000,275,OPTSTK,BFO,5.000000,11000,False
863259,AXISBANK26OCT1320CE,AXISBANK,29OCT2026,132000.000000,625,OPTSTK,BFO,5.000000,25000,False
863262,FOCIT26OCT42000CE,FOCIT,29OCT2026,4200000.000000,45,OPTIDX,BFO,5.000000,1350,False
863271,ICICIGI26OCT1500CE,ICICIGI,29OCT2026,150000.000000,325,OPTSTK,BFO,5.000000,20000,False
863285,HEROMOTOCO26SEP6000PE,HEROMOTOCO,24SEP2026,600000.000000,150,OPTSTK,BFO,5.000000,9000,False
1103135,KPITTECH26NOV570PE,KPITTECH,26NOV2026,57000.000000,775,OPTSTK,BFO,5.000000,100000000,False
1103153,CAMS26NOV770PE,CAMS,26NOV2026,77000.000000,825,OPTSTK,BFO,5.000000,100000000,False
1103205,BDL26NOV1420PE,BDL,26NOV2026,142000.000000,425,OPTSTK,BFO,5.000000,100000000,False
1103237,GRASIM26NOV3200PE,GRASIM,26NOV2026,320000.000000,250,OPTSTK,BFO,5.000000,14250,False
839489,SENSEX26SEP79600CE,SENSEX,24SEP2026,7960000.000000,20,OPTIDX,BFO,5.000000,1000,False
839492,SENSEX26SEP73600CE,SENSEX,24SEP2026,7360000.000000,20,OPTIDX,BFO,5.000000,1000,False
839495,SENSEX26SEP80600PE,SENSEX,24SEP2026,8060000.000000,20,OPTIDX,BFO,5.000000,1000,False
839530,SENSEX26SEP83800CE,SENSEX,24SEP2026,8380000.000000,20,OPTIDX,BFO,5.000000,1000,False
853798,BSE26SEP5200PE,BSE,29SEP2026,520000.000000,200,OPTSTK,BFO,5.000000,3751,False
853859,CDSL26SEP1040PE,CDSL,29SEP2026,104000.000000,475,OPTSTK,BFO,5.000000,14001,False
853860,CDSL26SEP1080CE,CDSL,29SEP2026,108000.000000,475,OPTSTK,BFO,5.000000,14001,False
853873,CDSL26SEP1320PE,CDSL,29SEP2026,132000.000000,475,OPTSTK,BFO,5.000000,14001,False
863287,IREDA26OCT117.5PE,IREDA,29OCT2026,11750.000000,4525,OPTSTK,BFO,5.000000,100000000,False
863310,HYUNDAI26OCT1980PE,HYUNDAI,29OCT2026,198000.000000,275,OPTSTK,BFO,5.000000,100000000,False
863326,HINDUNILVR26OCT1980CE,HINDUNILVR,29OCT2026,198000.000000,300,OPTSTK,BFO,5.000000,9000,False
863327,360ONE26OCT1100PE,,29OCT2026,110000.000000,500,OPTSTK,BFO,5.000000,100000000,False
1103250,BANKEX26NOV65800PE,BANKEX,26NOV2026,6580000.000000,30,OPTIDX,BFO,5.000000,900,False
1103262,FORTIS26NOV930CE,FORTIS,26NOV2026,93000.000000,775,OPTSTK,BFO,5.000000,100000000,False
1103369,POLYCAB26NOV9300CE,POLYCAB,26NOV2026,930000.000000,125,OPTSTK,BFO,5.000000,9000,False
1103373,TCS26NOV2240CE,TCS,26NOV2026,224000.000000,225,OPTSTK,BFO,5.000000,7000,False
853881,CDSL26SEP1480PE,CDSL,29SEP2026,148000.000000,475,OPTSTK,BFO,5.000000,14001,False
853888,CDSL26SEP1640CE,CDSL,29SEP2026,164000.000000,475,OPTSTK,BFO,5.000000,14001,False
853938,PRESTIGE26SEP1740CE,PRESTIGE,24SEP2026,174000.000000,450,OPTSTK,BFO,5.000000,100000000,False
853967,KPITTECH26SEP570PE,KPITTECH,24SEP2026,57000.000000,775,OPTSTK,BFO,5.000000,100000000,False
863331,DMART26OCT3650CE,DMART,29OCT2026,365000.000000,150,OPTSTK,BFO,5.000000,100000000,False
863342,TATACONSUM26OCTFUT,TATACONSUM,29OCT2026,0.000000,550,FUTSTK,BFO,5.000000,36000,False
863347,APLAPOLLO26OCT2000CE,APLAPOLLO,29OCT2026,200000.000000,350,OPTSTK,BFO,5.000000,100000000,False
863348,PFC26OCT395PE,PFC,29OCT2026,39500.000000,1300,OPTSTK,BFO,5.000000,124000,False
839600,SENSEX26SEP79600PE,SENSEX,24SEP2026,7960000.000000,20,OPTIDX,BFO,5.000000,1000,False
839619,SENSEX26SEP75800CE,SENSEX,24SEP2026,7580000.000000,20,OPTIDX,BFO,5.000000,1000,False
839638,SENSEX26SEP83800PE,SENSEX,24SEP2026,8380000.000000,20,OPTIDX,BFO,5.000000,1000,False
840490,SENSEX28JUN79000PE,SENSEX,29JUN2028,7900000.000000,20,OPTIDX,BFO,5.000000,1000,False
1103406,TATAPOWER26NOV335PE,TATAPOWER,26NOV2026,33500.000000,1450,OPTSTK,BFO,5.000000,101250,False
1103436,TATACONSUM26NOV1030PE,TATACONSUM,26NOV2026,103000.000000,550,OPTSTK,BFO,5.000000,36000,False
1103476,TCS26NOV2320PE,TCS,26NOV2026,232000.000000,225,OPTSTK,BFO,5.000000,7000,False
1103516,DIVISLAB26NOVFUT,DIVISLAB,26NOV2026,0.000000,100,FUTSTK,BFO,5.000000,8000,False
853988,LAURUSLABS26SEP1360PE,LAURUSLABS,24SEP2026,136000.000000,850,OPTSTK,BFO,5.000000,68000,False
853996,COLPAL26SEP2200CE,COLPAL,24SEP2026,220000.000000,275,OPTSTK,BFO,5.000000,14000,False
854022,HCLTECH26SEP960PE,HCLTECH,24SEP2026,96000.000000,400,OPTSTK,BFO,5.000000,21000,False
854044,DELHIVERY26SEP535CE,DELHIVERY,24SEP2026,53500.000000,2075,OPTSTK,BFO,5.000000,100000000,False
863369,MOTHERSON26OCT145CE,MOTHERSON,29OCT2026,14500.000000,6150,OPTSTK,BFO,5.000000,284000,False
863384,NYKAA26OCT350PE,NYKAA,29OCT2026,35000.000000,3125,OPTSTK,BFO,5.000000,100000000,False
863396,BAJAJ-AUTO26OCT11700CE,BAJAJ-AUTO,29OCT2026,1170000.000000,75,OPTSTK,BFO,5.000000,5000,False
863406,OBEROIRLTY26OCT1840PE,OBEROIRLTY,29OCT2026,184000.000000,350,OPTSTK,BFO,5.000000,28000,False
841632,HDFCLIFE26SEP600PE,HDFCLIFE,24SEP2026,60000.000000,1100,OPTSTK,BFO,5.000000,44000,False
841633,COCHINSHIP26SEP1600PE,COCHINSHIP,24SEP2026,160000.000000,400,OPTSTK,BFO,5.000000,100000000,False
841635,PREMIERENE26SEP990PE,PREMIERENE,24SEP2026,99000.000000,650,OPTSTK,BFO,5.000000,100000000,False
841646,ANGELONE26SEP370PE,ANGELONE,24SEP2026,37000.000000,2500,OPTSTK,BFO,5.000000,100000000,False
854077,SWIGGY26SEP280CE,SWIGGY,24SEP2026,28000.000000,1825,OPTSTK,BFO,5.000000,100000000,False
854080,PHOENIXLTD26SEP2120CE,PHOENIXLTD,24SEP2026,212000.000000,350,OPTSTK,BFO,5.000000,100000000,False
854110,TATAPOWER26SEP340CE,TATAPOWER,24SEP2026,34000.000000,1450,OPTSTK,BFO,5.000000,101250,False
854115,SAIL26SEP150PE,SAIL,24SEP2026,15000.000000,4700,OPTSTK,BFO,5.000000,320000,False
1103529,IREDA26NOV135PE,IREDA,26NOV2026,13500.000000,4525,OPTSTK,BFO,5.000000,100000000,False
1103559,DIVISLAB26NOV8400PE,DIVISLAB,26NOV2026,840000.000000,100,OPTSTK,BFO,5.000000,8000,False
1103613,PFC26OCT325CE,PFC,29OCT2026,32500.000000,1300,OPTSTK,BFO,5.000000,124000,False
1103625,BAJFINANCE26NOV1130CE,BAJFINANCE,26NOV2026,113000.000000,750,OPTSTK,BFO,5.000000,3750,False
863429,RELIANCE26OCT1290CE,RELIANCE,29OCT2026,129000.000000,500,OPTSTK,BFO,5.000000,10000,False
863460,ADANIGREEN26OCT1340PE,ADANIGREEN,29OCT2026,134000.000000,600,OPTSTK,BFO,5.000000,100000000,False
863468,FORCEMOT26OCT15500CE,FORCEMOT,29OCT2026,1550000.000000,25,OPTSTK,BFO,5.000000,100000000,False
863472,FOCIT26OCT35300CE,FOCIT,29OCT2026,3530000.000000,45,OPTIDX,BFO,5.000000,1350,False
841655,RADICO26SEP3700PE,RADICO,24SEP2026,370000.000000,150,OPTSTK,BFO,5.000000,100000000,False
841661,UNIONBANK26SEP180PE,UNIONBANK,24SEP2026,18000.000000,4425,OPTSTK,BFO,5.000000,100000000,False
841666,TCS26SEP2040CE,TCS,24SEP2026,204000.000000,225,OPTSTK,BFO,5.000000,7000,False
841670,SAIL26SEP160PE,SAIL,24SEP2026,16000.000000,4700,OPTSTK,BFO,5.000000,320000,False
1103655,ATHERENERG26NOV1620CE,ATHERENERG,26NOV2026,162000.000000,375,OPTSTK,BFO,5.000000,100000000,False
1103679,PATANJALI26NOV370CE,PATANJALI,26NOV2026,37000.000000,1075,OPTSTK,BFO,5.000000,100000000,False
1103685,SENSEX26NOV79800PE,SENSEX,26NOV2026,7980000.000000,20,OPTIDX,BFO,5.000000,1000,False
1103695,SENSEX5026NOV25100CE,SENSEX50,26NOV2026,2510000.000000,75,OPTIDX,BFO,5.000000,1800,False
854142,NESTLEIND26SEP1520PE,NESTLEIND,24SEP2026,152000.000000,500,OPTSTK,BFO,5.000000,1200,False
854185,INDUSINDBK26SEP1010PE,INDUSINDBK,24SEP2026,101000.000000,700,OPTSTK,BFO,5.000000,20000,False
854187,DABUR26SEP475CE,DABUR,24SEP2026,47500.000000,1250,OPTSTK,BFO,5.000000,50000,False
854214,ADANIENSOL26SEP1660CE,ADANIENSOL,24SEP2026,166000.000000,675,OPTSTK,BFO,5.000000,100000000,False
863478,HDFCBANK26OCT800PE,HDFCBANK,29OCT2026,80000.000000,650,OPTSTK,BFO,5.000000,16500,False
863487,FOCIT26OCT42300PE,FOCIT,29OCT2026,4230000.000000,45,OPTIDX,BFO,5.000000,1350,False
863502,GODREJPROP26OCT2060PE,GODREJPROP,29OCT2026,206000.000000,325,OPTSTK,BFO,5.000000,19000,False
863503,SENSEX2691779400PE,SENSEX,17SEP2026,7940000.000000,20,OPTIDX,BFO,5.000000,1000,False
841672,DIVISLAB26SEP6650CE,DIVISLAB,24SEP2026,665000.000000,100,OPTSTK,BFO,5.000000,8000,False
841682,PAYTM26SEP1100PE,PAYTM,24SEP2026,110000.000000,725,OPTSTK,BFO,5.000000,100000000,False
841688,DIXON26SEP11800CE,DIXON,24SEP2026,1180000.000000,50,OPTSTK,BFO,5.000000,6000,False
841690,JUBLFOOD26SEP440PE,JUBLFOOD,24SEP2026,44000.000000,1250,OPTSTK,BFO,5.000000,50000,False
1103699,DRREDDY26NOV1240PE,DRREDDY,26NOV2026,124000.000000,625,OPTSTK,BFO,5.000000,5000,False
1103702,INFY26NOV1120PE,INFY,26NOV2026,112000.000000,400,OPTSTK,BFO,5.000000,16000,False
1103713,IDEA26NOVFUT,IDEA,26NOV2026,0.000000,71475,FUTSTK,BFO,5.000000,2400000,False
1103931,MAHABANK26NOVFUT,MAHABANK,26NOV2026,0.000000,6500,FUTSTK,BFO,5.000000,100000000,False
863508,SENSEX26OCT82500CE,SENSEX,29OCT2026,8250000.000000,20,OPTIDX,BFO,5.000000,1000,False
863532,KPITTECH26OCT650PE,KPITTECH,29OCT2026,65000.000000,775,OPTSTK,BFO,5.000000,100000000,False
863576,BLUESTARCO26OCT1680PE,BLUESTARCO,29OCT2026,168000.000000,325,OPTSTK,BFO,5.000000,100000000,False
863582,NATIONALUM26OCT330CE,NATIONALUM,29OCT2026,33000.000000,1875,OPTSTK,BFO,5.000000,300000,False
854231,HAL26SEP4800PE,HAL,24SEP2026,480000.000000,150,OPTSTK,BFO,5.000000,9000,False
854248,DELHIVERY26SEP525PE,DELHIVERY,24SEP2026,52500.000000,2075,OPTSTK,BFO,5.000000,100000000,False
854254,NATIONALUM26SEP260PE,NATIONALUM,24SEP2026,26000.000000,1875,OPTSTK,BFO,5.000000,300000,False
854265,HCLTECH26SEP990PE,HCLTECH,24SEP2026,99000.000000,400,OPTSTK,BFO,5.000000,21000,False
863585,MPHASIS26OCT2050CE,MPHASIS,29OCT2026,205000.000000,275,OPTSTK,BFO,5.000000,11000,False
863589,TMPV26OCT310CE,TMPV,29OCT2026,31000.000000,1600,OPTSTK,BFO,5.000000,42750,False
863593,FOCIT26OCT41600CE,FOCIT,29OCT2026,4160000.000000,45,OPTIDX,BFO,5.000000,1350,False
863603,NHPC26OCT77PE,NHPC,29OCT2026,7700.000000,6950,OPTSTK,BFO,5.000000,100000000,False
1103947,EICHERMOT26NOV8600CE,EICHERMOT,26NOV2026,860000.000000,100,OPTSTK,BFO,5.000000,7000,False
1103981,JSWENERGY26NOV580CE,JSWENERGY,26NOV2026,58000.000000,1075,OPTSTK,BFO,5.000000,100000000,False
1104025,HAL26NOV5050PE,HAL,26NOV2026,505000.000000,150,OPTSTK,BFO,5.000000,9000,False
1104032,DRREDDY26NOV1150PE,DRREDDY,26NOV2026,115000.000000,625,OPTSTK,BFO,5.000000,5000,False
841700,JUBLFOOD26SEP445CE,JUBLFOOD,24SEP2026,44500.000000,1250,OPTSTK,BFO,5.000000,50000,False
841720,ITC26SEP307.5PE,ITC,24SEP2026,30750.000000,1725,OPTSTK,BFO,5.000000,64000,False
841745,FEDERALBNK26SEP332.5PE,FEDERALBNK,24SEP2026,33250.000000,2500,OPTSTK,BFO,5.000000,200000,False
841746,PRESTIGE26SEP1660PE,PRESTIGE,24SEP2026,166000.000000,450,OPTSTK,BFO,5.000000,100000000,False
854274,BOSCHLTD26SEP44000CE,BOSCHLTD,24SEP2026,4400000.000000,25,OPTSTK,BFO,5.000000,1500,False
854280,PNBHOUSING26SEP1200PE,PNBHOUSING,24SEP2026,120000.000000,650,OPTSTK,BFO,5.000000,100000000,False
854286,COFORGE26SEP1300CE,COFORGE,24SEP2026,130000.000000,475,OPTSTK,BFO,5.000000,6000,False
854292,ANGELONE26SEP375CE,ANGELONE,24SEP2026,37500.000000,2500,OPTSTK,BFO,5.000000,100000000,False
863609,BHEL26OCT420CE,BHEL,29OCT2026,42000.000000,2625,OPTSTK,BFO,5.000000,315000,False
863610,FOCIT26SEP35600CE,FOCIT,24SEP2026,3560000.000000,45,OPTIDX,BFO,5.000000,1350,False
863619,DLF26OCT630PE,DLF,29OCT2026,63000.000000,950,OPTSTK,BFO,5.000000,49500,False
863631,FOCIT26SEP42600PE,FOCIT,24SEP2026,4260000.000000,45,OPTIDX,BFO,5.000000,1350,False
841770,KALYANKJIL26SEP360PE,KALYANKJIL,24SEP2026,36000.000000,1350,OPTSTK,BFO,5.000000,100000000,False
841789,KPITTECH26SEP730CE,KPITTECH,24SEP2026,73000.000000,775,OPTSTK,BFO,5.000000,100000000,False
841823,FOCIT26SEP36500CE,FOCIT,24SEP2026,3650000.000000,45,OPTIDX,BFO,5.000000,1350,False
841831,SENSEX5026SEP25150PE,SENSEX50,24SEP2026,2515000.000000,75,OPTIDX,BFO,5.000000,1800,False
854299,COLPAL26SEP2180CE,COLPAL,24SEP2026,218000.000000,275,OPTSTK,BFO,5.000000,14000,False
854306,PHOENIXLTD26SEP2160PE,PHOENIXLTD,24SEP2026,216000.000000,350,OPTSTK,BFO,5.000000,100000000,False
854316,GODFRYPHLP26SEP1800PE,GODFRYPHLP,24SEP2026,180000.000000,275,OPTSTK,BFO,5.000000,100000000,False
854336,JINDALSTEL26SEP880PE,JINDALSTEL,24SEP2026,88000.000000,625,OPTSTK,BFO,5.000000,37500,False
1104042,PIDILITIND26NOV1520PE,PIDILITIND,26NOV2026,152000.000000,500,OPTSTK,BFO,5.000000,10000,False
1104060,SUNPHARMA26NOV2000PE,SUNPHARMA,26NOV2026,200000.000000,350,OPTSTK,BFO,5.000000,28000,False
1104136,WAAREEENER26NOV2950PE,WAAREEENER,26NOV2026,295000.000000,175,OPTSTK,BFO,5.000000,100000000,False
1104144,INDUSINDBK26OCT910PE,INDUSINDBK,29OCT2026,91000.000000,700,OPTSTK,BFO,5.000000,20000,False
854344,BOSCHLTD26SEP44500PE,BOSCHLTD,24SEP2026,4450000.000000,25,OPTSTK,BFO,5.000000,1500,False
854353,HCLTECH26SEP960CE,HCLTECH,24SEP2026,96000.000000,400,OPTSTK,BFO,5.000000,21000,False
854372,MUTHOOTFIN26SEP2550CE,MUTHOOTFIN,24SEP2026,255000.000000,275,OPTSTK,BFO,5.000000,22000,False
854374,GODREJCP26SEP1110PE,GODREJCP,24SEP2026,111000.000000,500,OPTSTK,BFO,5.000000,30000,False
863633,PATANJALI26OCT345PE,PATANJALI,29OCT2026,34500.000000,1075,OPTSTK,BFO,5.000000,100000000,False
863655,DELHIVERY26OCT500PE,DELHIVERY,29OCT2026,50000.000000,2075,OPTSTK,BFO,5.000000,100000000,False
863658,INDIGO26OCT4800CE,INDIGO,29OCT2026,480000.000000,150,OPTSTK,BFO,5.000000,12000,False
863663,AMBUJACEM26OCT465CE,AMBUJACEM,29OCT2026,46500.000000,1200,OPTSTK,BFO,5.000000,54000,False
841835,IRFC26SEP94PE,IRFC,24SEP2026,9400.000000,5425,OPTSTK,BFO,5.000000,100000000,False
841836,SENSEX29DEC82000PE,SENSEX,27DEC2029,8200000.000000,20,OPTIDX,BFO,5.000000,1000,False
841853,SUPREMEIND26SEP3250PE,SUPREMEIND,24SEP2026,325000.000000,175,OPTSTK,BFO,5.000000,100000000,False
841862,HDFCBANK26SEP815CE,HDFCBANK,24SEP2026,81500.000000,650,OPTSTK,BFO,5.000000,16500,False
1104155,LICHSGFIN26NOVFUT,LICHSGFIN,26NOV2026,0.000000,1000,FUTSTK,BFO,5.000000,60000,False
1104164,MAHABANK26SEP89PE,MAHABANK,24SEP2026,8900.000000,6500,OPTSTK,BFO,5.000000,100000000,False
1104197,PREMIERENE26NOV900PE,PREMIERENE,26NOV2026,90000.000000,650,OPTSTK,BFO,5.000000,100000000,False
1104202,CGPOWER26NOV780CE,CGPOWER,26NOV2026,78000.000000,850,OPTSTK,BFO,5.000000,100000000,False
863672,FORCEMOT26OCT19500PE,FORCEMOT,29OCT2026,1950000.000000,25,OPTSTK,BFO,5.000000,100000000,False
863675,BAJFINANCE26OCT1100PE,BAJFINANCE,29OCT2026,110000.000000,750,OPTSTK,BFO,5.000000,3750,False
863676,FOCIT26OCT39300PE,FOCIT,29OCT2026,3930000.000000,45,OPTIDX,BFO,5.000000,1350,False
863677,NATIONALUM26OCT400CE,NATIONALUM,29OCT2026,40000.000000,1875,OPTSTK,BFO,5.000000,300000,False
841867,BANKEX26SEP60700CE,BANKEX,24SEP2026,6070000.000000,30,OPTIDX,BFO,5.000000,900,False
841870,PATANJALI26SEP425CE,PATANJALI,24SEP2026,42500.000000,1075,OPTSTK,BFO,5.000000,100000000,False
841876,APOLLOHOSP26SEP8250CE,APOLLOHOSP,24SEP2026,825000.000000,125,OPTSTK,BFO,5.000000,5000,False
841879,JUBLFOOD26SEP445PE,JUBLFOOD,24SEP2026,44500.000000,1250,OPTSTK,BFO,5.000000,50000,False
854388,PAGEIND26SEP45500CE,PAGEIND,24SEP2026,4550000.000000,20,OPTSTK,BFO,5.000000,600,False
854411,DELHIVERY26SEP515CE,DELHIVERY,24SEP2026,51500.000000,2075,OPTSTK,BFO,5.000000,100000000,False
854450,NESTLEIND26SEP1490CE,NESTLEIND,24SEP2026,149000.000000,500,OPTSTK,BFO,5.000000,1200,False
854463,ETERNAL26SEP305PE,ETERNAL,24SEP2026,30500.000000,2425,OPTSTK,BFO,5.000000,100000000,False
863684,FOCIT26SEP43300CE,FOCIT,24SEP2026,4330000.000000,45,OPTIDX,BFO,5.000000,1350,False
863685,INDIGO26OCT5500PE,INDIGO,29OCT2026,550000.000000,150,OPTSTK,BFO,5.000000,12000,False
863692,LTM26OCT4350PE,LTM,29OCT2026,435000.000000,150,OPTSTK,BFO,5.000000,4500,False
863703,PAGEIND26OCT43500CE,PAGEIND,29OCT2026,4350000.000000,20,OPTSTK,BFO,5.000000,600,False
1104213,GLENMARK26NOV2560PE,GLENMARK,26NOV2026,256000.000000,375,OPTSTK,BFO,5.000000,43500,False
1104225,IEX26NOV125CE,IEX,26NOV2026,12500.000000,4350,OPTSTK,BFO,5.000000,150000,False
1104288,SAGILITY26NOV46PE,SAGILITY,26NOV2026,4600.000000,12000,OPTSTK,BFO,5.000000,100000000,False
1104303,SBICARD26NOV690PE,SBICARD,26NOV2026,69000.000000,800,OPTSTK,BFO,5.000000,32000,False
854480,PRESTIGE26SEP1720PE,PRESTIGE,24SEP2026,172000.000000,450,OPTSTK,BFO,5.000000,100000000,False
854493,BHARATFORG26SEP1960PE,BHARATFORG,24SEP2026,196000.000000,500,OPTSTK,BFO,5.000000,30000,False
854509,GODREJPROP26SEP2080CE,GODREJPROP,24SEP2026,208000.000000,325,OPTSTK,BFO,5.000000,19000,False
854553,ASHOKLEY26SEP180CE,ASHOKLEY,24SEP2026,18000.000000,5000,OPTSTK,BFO,5.000000,150000,False
863709,SHRIRAMFIN26OCTFUT,SHRIRAMFIN,29OCT2026,0.000000,825,FUTSTK,BFO,5.000000,18000,False
863718,BLUESTARCO26OCT1580CE,BLUESTARCO,29OCT2026,158000.000000,325,OPTSTK,BFO,5.000000,100000000,False
863720,RECLTD26OCT350CE,RECLTD,29OCT2026,35000.000000,1575,OPTSTK,BFO,5.000000,160000,False
863731,SENSEX2691774000PE,SENSEX,17SEP2026,7400000.000000,20,OPTIDX,BFO,5.000000,1000,False
841897,TIINDIA26SEP2960PE,TIINDIA,24SEP2026,296000.000000,200,OPTSTK,BFO,5.000000,100000000,False
841907,TITAN26SEP4400PE,TITAN,24SEP2026,440000.000000,175,OPTSTK,BFO,5.000000,11250,False
841917,SBIN26SEP1090CE,SBIN,24SEP2026,109000.000000,750,OPTSTK,BFO,5.000000,45000,False
841936,TORNTPHARM26SEP4500CE,TORNTPHARM,24SEP2026,450000.000000,125,OPTSTK,BFO,5.000000,15000,False
1104321,BLUESTARCO26NOV1420CE,BLUESTARCO,26NOV2026,142000.000000,325,OPTSTK,BFO,5.000000,100000000,False
1104358,ATHERENERG26SEP1500CE,ATHERENERG,24SEP2026,150000.000000,375,OPTSTK,BFO,5.000000,100000000,False
1104393,SHRIRAMFIN26NOV1120PE,SHRIRAMFIN,26NOV2026,112000.000000,825,OPTSTK,BFO,5.000000,18000,False
1104398,SENSEX5026NOV25400PE,SENSEX50,26NOV2026,2540000.000000,75,OPTIDX,BFO,5.000000,1800,False
854559,BDL26SEP1520PE,BDL,24SEP2026,152000.000000,425,OPTSTK,BFO,5.000000,100000000,False
854579,PAGEIND26SEP46500PE,PAGEIND,24SEP2026,4650000.000000,20,OPTSTK,BFO,5.000000,600,False
854580,HCLTECH26SEP990CE,HCLTECH,24SEP2026,99000.000000,400,OPTSTK,BFO,5.000000,21000,False
854586,M&M26SEP3500PE,M&M,24SEP2026,350000.000000,200,OPTSTK,BFO,5.000000,21000,False
863778,INDIANB26OCT820CE,INDIANB,29OCT2026,82000.000000,1000,OPTSTK,BFO,5.000000,100000000,False
863787,360ONE26OCT1220CE,,29OCT2026,122000.000000,500,OPTSTK,BFO,5.000000,100000000,False
863800,POLYCAB26OCT8300CE,POLYCAB,29OCT2026,830000.000000,125,OPTSTK,BFO,5.000000,9000,False
863804,CAMS26OCT800CE,CAMS,29OCT2026,80000.000000,825,OPTSTK,BFO,5.000000,100000000,False
841945,GODFRYPHLP26SEP2260PE,GODFRYPHLP,24SEP2026,226000.000000,275,OPTSTK,BFO,5.000000,100000000,False
841959,AUBANK26SEP1070PE,AUBANK,24SEP2026,107000.000000,1000,OPTSTK,BFO,5.000000,30000,False
841960,DABUR26SEP420PE,DABUR,24SEP2026,42000.000000,1250,OPTSTK,BFO,5.000000,50000,False
841979,UNOMINDA26SEPFUT,UNOMINDA,24SEP2026,0.000000,550,FUTSTK,BFO,5.000000,100000000,False
854612,TCS26SEP1860PE,TCS,24SEP2026,186000.000000,225,OPTSTK,BFO,5.000000,7000,False
854624,NMDC26SEP77PE,NMDC,24SEP2026,7700.000000,6750,OPTSTK,BFO,5.000000,225000,False
854652,MARICO26SEP920PE,MARICO,24SEP2026,92000.000000,1200,OPTSTK,BFO,5.000000,48000,False
854688,SBILIFE26SEP1940PE,SBILIFE,24SEP2026,194000.000000,375,OPTSTK,BFO,5.000000,22500,False
1104450,ADANIPORTS26NOV1700CE,ADANIPORTS,26NOV2026,170000.000000,475,OPTSTK,BFO,5.000000,32000,False
1104474,TRENT26NOV3050CE,TRENT,26NOV2026,305000.000000,225,OPTSTK,BFO,5.000000,16000,False
1104496,NESTLEIND26NOV1470CE,NESTLEIND,26NOV2026,147000.000000,500,OPTSTK,BFO,5.000000,1200,False
1104499,UNOMINDA26NOV1260PE,UNOMINDA,26NOV2026,126000.000000,550,OPTSTK,BFO,5.000000,100000000,False
863816,ETERNAL26OCT315CE,ETERNAL,29OCT2026,31500.000000,2425,OPTSTK,BFO,5.000000,100000000,False
863835,DRREDDY26OCT1110PE,DRREDDY,29OCT2026,111000.000000,625,OPTSTK,BFO,5.000000,5000,False
863841,SENSEX2691780300PE,SENSEX,17SEP2026,8030000.000000,20,OPTIDX,BFO,5.000000,1000,False
863852,IREDA26OCT125PE,IREDA,29OCT2026,12500.000000,4525,OPTSTK,BFO,5.000000,100000000,False
841984,HINDZINC26SEP490CE,HINDZINC,24SEP2026,49000.000000,1225,OPTSTK,BFO,5.000000,100000000,False
841987,VMM26SEP109PE,VMM,24SEP2026,10900.000000,4850,OPTSTK,BFO,5.000000,100000000,False
841996,POLYCAB26SEP9400PE,POLYCAB,24SEP2026,940000.000000,125,OPTSTK,BFO,5.000000,9000,False
842002,OFSS26SEP11400CE,OFSS,24SEP2026,1140000.000000,100,OPTSTK,BFO,5.000000,8000,False
854691,TATASTEEL26SEP167.5CE,TATASTEEL,24SEP2026,16750.000000,2750,OPTSTK,BFO,5.000000,220000,False
854716,KPITTECH26SEP530PE,KPITTECH,24SEP2026,53000.000000,775,OPTSTK,BFO,5.000000,100000000,False
854753,BRITANNIA26SEP5700PE,BRITANNIA,24SEP2026,570000.000000,125,OPTSTK,BFO,5.000000,6000,False
854779,NBCC26SEP85CE,NBCC,24SEP2026,8500.000000,6500,OPTSTK,BFO,5.000000,100000000,False
863854,NBCC26OCT87.5CE,NBCC,29OCT2026,8750.000000,6500,OPTSTK,BFO,5.000000,100000000,False
863862,BOSCHLTD26OCT41000PE,BOSCHLTD,29OCT2026,4100000.000000,25,OPTSTK,BFO,5.000000,1500,False
863875,BPCL26OCT335PE,BPCL,29OCT2026,33500.000000,1975,OPTSTK,BFO,5.000000,72000,False
863876,DELHIVERY26OCT470CE,DELHIVERY,29OCT2026,47000.000000,2075,OPTSTK,BFO,5.000000,100000000,False
1104502,INOXWIND26NOV62.5CE,INOXWIND,26NOV2026,6250.000000,6400,OPTSTK,BFO,5.000000,100000000,False
1104543,TATAELXSI26NOV3350PE,TATAELXSI,26NOV2026,335000.000000,125,OPTSTK,BFO,5.000000,100000000,False
1104573,ADANIPOWER26NOV230CE,ADANIPOWER,26NOV2026,23000.000000,3550,OPTSTK,BFO,5.000000,100000000,False
1104575,LT26NOV4150PE,LT,26NOV2026,415000.000000,175,OPTSTK,BFO,5.000000,12000,False
863885,FOCIT26SEP40200CE,FOCIT,24SEP2026,4020000.000000,45,OPTIDX,BFO,5.000000,1350,False
863888,GODREJCP26OCT1000PE,GODREJCP,29OCT2026,100000.000000,500,OPTSTK,BFO,5.000000,30000,False
863895,CUMMINSIND26OCT5400PE,CUMMINSIND,29OCT2026,540000.000000,200,OPTSTK,BFO,5.000000,18000,False
863899,BAJAJ-AUTO26OCT11900CE,BAJAJ-AUTO,29OCT2026,1190000.000000,75,OPTSTK,BFO,5.000000,5000,False
854856,SENSEX5026SEP26250CE,SENSEX50,24SEP2026,2625000.000000,75,OPTIDX,BFO,5.000000,1800,False
854921,TECHM26SEP1460CE,TECHM,24SEP2026,146000.000000,600,OPTSTK,BFO,5.000000,24000,False
854930,GVT&D26SEP4100PE,GVT&D,24SEP2026,410000.000000,125,OPTSTK,BFO,5.000000,100000000,False
854936,SONACOMS26SEP710PE,SONACOMS,24SEP2026,71000.000000,1225,OPTSTK,BFO,5.000000,100000000,False
1104605,SAGILITY26OCT45PE,SAGILITY,29OCT2026,4500.000000,12000,OPTSTK,BFO,5.000000,100000000,False
1104640,SENSEX5026NOV25150PE,SENSEX50,26NOV2026,2515000.000000,75,OPTIDX,BFO,5.000000,1800,False
1104685,SENSEX26NOV81400CE,SENSEX,26NOV2026,8140000.000000,20,OPTIDX,BFO,5.000000,1000,False
1104704,TATAPOWER26NOV375PE,TATAPOWER,26NOV2026,37500.000000,1450,OPTSTK,BFO,5.000000,101250,False
842051,LTM26SEP3950PE,LTM,24SEP2026,395000.000000,150,OPTSTK,BFO,5.000000,4500,False
842054,KFINTECH26SEP850PE,KFINTECH,24SEP2026,85000.000000,575,OPTSTK,BFO,5.000000,100000000,False
842055,BDL26SEP1260PE,BDL,24SEP2026,126000.000000,425,OPTSTK,BFO,5.000000,100000000,False
842094,ONGC26SEP215PE,ONGC,24SEP2026,21500.000000,2250,OPTSTK,BFO,5.000000,154000,False
854939,BANKBARODA26SEP225PE,BANKBARODA,24SEP2026,22500.000000,2925,OPTSTK,BFO,5.000000,175500,False
854971,HINDPETRO26SEP450.75PE,HINDPETRO,24SEP2026,45075.000000,2025,OPTSTK,BFO,5.000000,108000,False
854995,TECHM26SEP1300CE,TECHM,24SEP2026,130000.000000,600,OPTSTK,BFO,5.000000,24000,False
855016,NAM-INDIA26SEP1360CE,NAM-INDIA,24SEP2026,136000.000000,625,OPTSTK,BFO,5.000000,100000000,False
863906,IEX26OCT135CE,IEX,29OCT2026,13500.000000,4350,OPTSTK,BFO,5.000000,150000,False
863918,LICHSGFIN26OCT540PE,LICHSGFIN,29OCT2026,54000.000000,1000,OPTSTK,BFO,5.000000,60000,False
863922,INDUSTOWER26OCT406CE,INDUSTOWER,29OCT2026,40600.000000,1700,OPTSTK,BFO,5.000000,170000,False
863928,BANKEX26OCT60400PE,BANKEX,29OCT2026,6040000.000000,30,OPTIDX,BFO,5.000000,900,False
842097,JINDALSTEL26SEP1030PE,JINDALSTEL,24SEP2026,103000.000000,625,OPTSTK,BFO,5.000000,37500,False
842099,SIEMENS26SEP3850CE,SIEMENS,24SEP2026,385000.000000,175,OPTSTK,BFO,5.000000,8250,False
842118,MARUTI26SEP13100PE,MARUTI,24SEP2026,1310000.000000,50,OPTSTK,BFO,5.000000,3000,False
842125,MARICO26SEP805CE,MARICO,24SEP2026,80500.000000,1200,OPTSTK,BFO,5.000000,48000,False
1104720,NAUKRI26NOV1200CE,NAUKRI,26NOV2026,120000.000000,550,OPTSTK,BFO,5.000000,6000,False
1104732,INDUSTOWER26NOV410PE,INDUSTOWER,26NOV2026,41000.000000,1700,OPTSTK,BFO,5.000000,170000,False
1104741,TATACONSUM26NOV1070PE,TATACONSUM,26NOV2026,107000.000000,550,OPTSTK,BFO,5.000000,36000,False
1104769,ALKEM26NOV5500CE,ALKEM,26NOV2026,550000.000000,125,OPTSTK,BFO,5.000000,8000,False
855030,INFY26SEP1160CE,INFY,24SEP2026,116000.000000,400,OPTSTK,BFO,5.000000,16000,False
855033,COCHINSHIP26SEP1660CE,COCHINSHIP,24SEP2026,166000.000000,400,OPTSTK,BFO,5.000000,100000000,False
855083,KFINTECH26SEP720CE,KFINTECH,24SEP2026,72000.000000,575,OPTSTK,BFO,5.000000,100000000,False
855096,PAYTM26SEP1360CE,PAYTM,24SEP2026,136000.000000,725,OPTSTK,BFO,5.000000,100000000,False
863936,SUZLON26OCT52CE,SUZLON,29OCT2026,5200.000000,12700,OPTSTK,BFO,5.000000,100000000,False
863940,PNBHOUSING26OCT1160CE,PNBHOUSING,29OCT2026,116000.000000,650,OPTSTK,BFO,5.000000,100000000,False
863942,BHARTIARTL26OCT1880PE,BHARTIARTL,29OCT2026,188000.000000,475,OPTSTK,BFO,5.000000,28500,False
863963,NATIONALUM26OCT310PE,NATIONALUM,29OCT2026,31000.000000,1875,OPTSTK,BFO,5.000000,300000,False
863967,INDIANB26OCT820PE,INDIANB,29OCT2026,82000.000000,1000,OPTSTK,BFO,5.000000,100000000,False
863977,BEL26OCT380PE,BEL,29OCT2026,38000.000000,1425,OPTSTK,BFO,5.000000,228000,False
863984,LUPIN26OCT2460PE,LUPIN,29OCT2026,246000.000000,425,OPTSTK,BFO,5.000000,34000,False
863990,SENSEX2691775000PE,SENSEX,17SEP2026,7500000.000000,20,OPTIDX,BFO,5.000000,1000,False
1104781,SENSEX26O1570100PE,SENSEX,15OCT2026,7010000.000000,20,OPTIDX,BFO,5.000000,1000,False
1104783,BAJAJFINSV26NOV1940PE,BAJAJFINSV,26NOV2026,194000.000000,300,OPTSTK,BFO,5.000000,20000,False
1104827,HINDALCO26NOV880PE,HINDALCO,26NOV2026,88000.000000,700,OPTSTK,BFO,5.000000,56000,False
1104868,BANKEX26NOV57300CE,BANKEX,26NOV2026,5730000.000000,30,OPTIDX,BFO,5.000000,900,False
855107,ICICIBANK26SEP1470PE,ICICIBANK,24SEP2026,147000.000000,700,OPTSTK,BFO,5.000000,28000,False
855135,DMART26SEP3850CE,DMART,24SEP2026,385000.000000,150,OPTSTK,BFO,5.000000,100000000,False
855168,FORCEMOT26SEP23000PE,FORCEMOT,24SEP2026,2300000.000000,25,OPTSTK,BFO,5.000000,100000000,False
855186,TECHM26SEP1300PE,TECHM,24SEP2026,130000.000000,600,OPTSTK,BFO,5.000000,24000,False
864004,RBLBANK26OCT405CE,RBLBANK,29OCT2026,40500.000000,3175,OPTSTK,BFO,5.000000,150000,False
864012,AMBUJACEM26OCT445PE,AMBUJACEM,29OCT2026,44500.000000,1200,OPTSTK,BFO,5.000000,54000,False
864017,WIPRO26OCT192.5CE,WIPRO,29OCT2026,19250.000000,3000,OPTSTK,BFO,5.000000,60000,False
864024,IDEA26OCT11CE,IDEA,29OCT2026,1100.000000,71475,OPTSTK,BFO,5.000000,2400000,False
1104897,INDIANB26NOV940CE,INDIANB,26NOV2026,94000.000000,1000,OPTSTK,BFO,5.000000,100000000,False
1104913,BEL26NOV375PE,BEL,26NOV2026,37500.000000,1425,OPTSTK,BFO,5.000000,228000,False
1104915,ADANIGREEN26NOV1220PE,ADANIGREEN,26NOV2026,122000.000000,600,OPTSTK,BFO,5.000000,100000000,False
1104923,MAZDOCK26NOV2450PE,MAZDOCK,26NOV2026,245000.000000,225,OPTSTK,BFO,5.000000,100000000,False
855188,SENSEX26DEC83000CE,SENSEX,31DEC2026,8300000.000000,20,OPTIDX,BFO,5.000000,1000,False
855235,SENSEX29DEC83000CE,SENSEX,27DEC2029,8300000.000000,20,OPTIDX,BFO,5.000000,1000,False
855244,TECHM26SEP1500PE,TECHM,24SEP2026,150000.000000,600,OPTSTK,BFO,5.000000,24000,False
855247,TECHM26SEP1340PE,TECHM,24SEP2026,134000.000000,600,OPTSTK,BFO,5.000000,24000,False
864028,TORNTPHARM26OCT5100CE,TORNTPHARM,29OCT2026,510000.000000,125,OPTSTK,BFO,5.000000,15000,False
864051,FOCIT26SEP44200PE,FOCIT,24SEP2026,4420000.000000,45,OPTIDX,BFO,5.000000,1350,False
864054,BAJAJ-AUTO26OCT11300PE,BAJAJ-AUTO,29OCT2026,1130000.000000,75,OPTSTK,BFO,5.000000,5000,False
864060,LT26OCT4100CE,LT,29OCT2026,410000.000000,175,OPTSTK,BFO,5.000000,12000,False
855276,RBLBANK26SEP320CE,RBLBANK,24SEP2026,32000.000000,3175,OPTSTK,BFO,5.000000,150000,False
855324,UPL26SEP650CE,UPL,24SEP2026,65000.000000,1355,OPTSTK,BFO,5.000000,39000,False
855342,PRESTIGE26SEP1800CE,PRESTIGE,24SEP2026,180000.000000,450,OPTSTK,BFO,5.000000,100000000,False
855422,OBEROIRLTY26SEP1980PE,OBEROIRLTY,24SEP2026,198000.000000,350,OPTSTK,BFO,5.000000,28000,False
1104940,GVT&D26NOV3800PE,GVT&D,26NOV2026,380000.000000,125,OPTSTK,BFO,5.000000,100000000,False
1104998,HAVELLS26NOV1240PE,HAVELLS,26NOV2026,124000.000000,500,OPTSTK,BFO,5.000000,20000,False
1105004,OFSS26NOV11400CE,OFSS,26NOV2026,1140000.000000,100,OPTSTK,BFO,5.000000,8000,False
1105006,GODFRYPHLP26NOV2000CE,GODFRYPHLP,26NOV2026,200000.000000,275,OPTSTK,BFO,5.000000,100000000,False
864066,VEDL26OCT235PE,VEDL,29OCT2026,23500.000000,1150,OPTSTK,BFO,5.000000,80000,False
864069,FOCIT26OCT41800CE,FOCIT,29OCT2026,4180000.000000,45,OPTIDX,BFO,5.000000,1350,False
864093,HEROMOTOCO26OCTFUT,HEROMOTOCO,29OCT2026,0.000000,150,FUTSTK,BFO,5.000000,9000,False
864125,BANKEX26OCT68600CE,BANKEX,29OCT2026,6860000.000000,30,OPTIDX,BFO,5.000000,900,False
1105020,BAJAJ-AUTO26NOV11600CE,BAJAJ-AUTO,26NOV2026,1160000.000000,75,OPTSTK,BFO,5.000000,5000,False
1105022,MPHASIS26NOV2100PE,MPHASIS,26NOV2026,210000.000000,275,OPTSTK,BFO,5.000000,11000,False
1105037,CROMPTON26NOV210PE,CROMPTON,26NOV2026,21000.000000,2150,OPTSTK,BFO,5.000000,90000,False
1105062,SUPREMEIND26NOV3650PE,SUPREMEIND,26NOV2026,365000.000000,175,OPTSTK,BFO,5.000000,100000000,False
855479,INDUSTOWER26SEP336CE,INDUSTOWER,24SEP2026,33600.000000,1700,OPTSTK,BFO,5.000000,170000,False
855512,DELHIVERY26SEP545CE,DELHIVERY,24SEP2026,54500.000000,2075,OPTSTK,BFO,5.000000,100000000,False
855524,SENSEX27MAR83000CE,SENSEX,25MAR2027,8300000.000000,20,OPTIDX,BFO,5.000000,1000,False
855640,UNIONBANK26SEP147.5CE,UNIONBANK,24SEP2026,14750.000000,4425,OPTSTK,BFO,5.000000,100000000,False
864129,BANKINDIA26OCT142.5PE,BANKINDIA,29OCT2026,14250.000000,5200,OPTSTK,BFO,5.000000,100000000,False
864147,PFC26OCT430CE,PFC,29OCT2026,43000.000000,1300,OPTSTK,BFO,5.000000,124000,False
864148,FOCIT26SEP41200CE,FOCIT,24SEP2026,4120000.000000,45,OPTIDX,BFO,5.000000,1350,False
864156,ADANIPOWER26OCT175CE,ADANIPOWER,29OCT2026,17500.000000,3550,OPTSTK,BFO,5.000000,100000000,False
1105092,COLPAL26NOV1700PE,COLPAL,26NOV2026,170000.000000,275,OPTSTK,BFO,5.000000,14000,False
1105125,INDUSTOWER26NOV380CE,INDUSTOWER,26NOV2026,38000.000000,1700,OPTSTK,BFO,5.000000,170000,False
1105164,ADANIENT26NOV2950PE,ADANIENT,26NOV2026,295000.000000,309,OPTSTK,BFO,5.000000,9000,False
1105191,TATACONSUM26NOV990CE,TATACONSUM,26NOV2026,99000.000000,550,OPTSTK,BFO,5.000000,36000,False
864174,SENSEX26OCT84400PE,SENSEX,29OCT2026,8440000.000000,20,OPTIDX,BFO,5.000000,1000,False
864191,UNOMINDA26OCT1040PE,UNOMINDA,29OCT2026,104000.000000,550,OPTSTK,BFO,5.000000,100000000,False
864192,FOCIT26OCT35800PE,FOCIT,29OCT2026,3580000.000000,45,OPTIDX,BFO,5.000000,1350,False
864193,M&M26OCT3400PE,M&M,29OCT2026,340000.000000,200,OPTSTK,BFO,5.000000,21000,False
855666,CGPOWER26SEP780CE,CGPOWER,24SEP2026,78000.000000,850,OPTSTK,BFO,5.000000,100000000,False
855689,JSWENERGY26SEP490PE,JSWENERGY,24SEP2026,49000.000000,1075,OPTSTK,BFO,5.000000,100000000,False
855717,OFSS26SEP11800CE,OFSS,24SEP2026,1180000.000000,100,OPTSTK,BFO,5.000000,8000,False
855729,BAJAJFINSV26SEP2020PE,BAJAJFINSV,24SEP2026,202000.000000,300,OPTSTK,BFO,5.000000,20000,False
1105260,GMRAIRPORT26NOV96PE,GMRAIRPORT,26NOV2026,9600.000000,6975,OPTSTK,BFO,5.000000,675000,False
1105268,LICI26NOV390CE,LICI,26NOV2026,39000.000000,1400,OPTSTK,BFO,5.000000,100000000,False
1105297,SWIGGY26NOV280CE,SWIGGY,26NOV2026,28000.000000,1825,OPTSTK,BFO,5.000000,100000000,False
1105314,ONGC26NOV217.5CE,ONGC,26NOV2026,21750.000000,2250,OPTSTK,BFO,5.000000,154000,False
864194,BAJFINANCE26OCT1130CE,BAJFINANCE,29OCT2026,113000.000000,750,OPTSTK,BFO,5.000000,3750,False
864199,BHARATFORG26OCT2300PE,BHARATFORG,29OCT2026,230000.000000,500,OPTSTK,BFO,5.000000,30000,False
864213,MAZDOCK26OCT2400CE,MAZDOCK,29OCT2026,240000.000000,225,OPTSTK,BFO,5.000000,100000000,False
864214,HINDALCO26OCT960PE,HINDALCO,29OCT2026,96000.000000,700,OPTSTK,BFO,5.000000,56000,False
855732,LAURUSLABS26SEP1680CE,LAURUSLABS,24SEP2026,168000.000000,850,OPTSTK,BFO,5.000000,68000,False
855736,KAYNES26SEP3700CE,KAYNES,24SEP2026,370000.000000,150,OPTSTK,BFO,5.000000,100000000,False
855737,LTF26SEP360PE,LTF,24SEP2026,36000.000000,2250,OPTSTK,BFO,5.000000,267720,False
855769,INDHOTEL26SEP800PE,INDHOTEL,24SEP2026,80000.000000,1000,OPTSTK,BFO,5.000000,60000,False
1105330,BANKEX26NOV65300PE,BANKEX,26NOV2026,6530000.000000,30,OPTIDX,BFO,5.000000,900,False
1105344,TMPV26NOV320PE,TMPV,26NOV2026,32000.000000,1600,OPTSTK,BFO,5.000000,42750,False
1105364,AXISBANK26NOV1400CE,AXISBANK,26NOV2026,140000.000000,625,OPTSTK,BFO,5.000000,25000,False
1105374,ADANIPORTS26NOV1740CE,ADANIPORTS,26NOV2026,174000.000000,475,OPTSTK,BFO,5.000000,32000,False
864235,KEI26OCT4300PE,KEI,29OCT2026,430000.000000,175,OPTSTK,BFO,5.000000,100000000,False
864256,PIDILITIND26OCT1600CE,PIDILITIND,29OCT2026,160000.000000,500,OPTSTK,BFO,5.000000,10000,False
864259,JINDALSTEL26OCT1000CE,JINDALSTEL,29OCT2026,100000.000000,625,OPTSTK,BFO,5.000000,37500,False
864262,YESBANK26OCT17CE,YESBANK,29OCT2026,1700.000000,31100,OPTSTK,BFO,5.000000,100000000,False
855770,HYUNDAI26SEP2140PE,HYUNDAI,24SEP2026,214000.000000,275,OPTSTK,BFO,5.000000,100000000,False
855776,ADANIPOWER26SEP185PE,ADANIPOWER,24SEP2026,18500.000000,3550,OPTSTK,BFO,5.000000,100000000,False
855806,DLF26SEP740CE,DLF,24SEP2026,74000.000000,950,OPTSTK,BFO,5.000000,49500,False
855862,PIIND26SEP3000PE,PIIND,24SEP2026,300000.000000,175,OPTSTK,BFO,5.000000,7500,False
864276,BANKEX26OCT58900PE,BANKEX,29OCT2026,5890000.000000,30,OPTIDX,BFO,5.000000,900,False
864281,MANAPPURAM26OCT360CE,MANAPPURAM,29OCT2026,36000.000000,3000,OPTSTK,BFO,5.000000,180000,False
864290,LTM26SEP4800CE,LTM,24SEP2026,480000.000000,150,OPTSTK,BFO,5.000000,4500,False
864291,SUZLON26OCT45CE,SUZLON,29OCT2026,4500.000000,12700,OPTSTK,BFO,5.000000,100000000,False
1105383,SBILIFE26NOV1920CE,SBILIFE,26NOV2026,192000.000000,375,OPTSTK,BFO,5.000000,22500,False
1105397,RECLTD26NOV290PE,RECLTD,26NOV2026,29000.000000,1575,OPTSTK,BFO,5.000000,160000,False
1105408,FOCIT26NOV38100CE,FOCIT,26NOV2026,3810000.000000,45,OPTIDX,BFO,5.000000,1350,False
1105415,RECLTD26NOV295CE,RECLTD,26NOV2026,29500.000000,1575,OPTSTK,BFO,5.000000,160000,False
855963,APOLLOHOSP26SEP9600PE,APOLLOHOSP,24SEP2026,960000.000000,125,OPTSTK,BFO,5.000000,5000,False
856024,HYUNDAI26SEP2120PE,HYUNDAI,24SEP2026,212000.000000,275,OPTSTK,BFO,5.000000,100000000,False
856090,LUPIN26SEP2620CE,LUPIN,24SEP2026,262000.000000,425,OPTSTK,BFO,5.000000,34000,False
856123,HDFCAMC26SEP3150CE,HDFCAMC,24SEP2026,315000.000000,300,OPTSTK,BFO,5.000000,12000,False
864293,ITC26OCT275PE,ITC,29OCT2026,27500.000000,1725,OPTSTK,BFO,5.000000,64000,False
864323,APOLLOHOSP26OCTFUT,APOLLOHOSP,29OCT2026,0.000000,125,FUTSTK,BFO,5.000000,5000,False
864324,BOSCHLTD26OCT43500PE,BOSCHLTD,29OCT2026,4350000.000000,25,OPTSTK,BFO,5.000000,1500,False
864332,TITAN26OCT4600PE,TITAN,29OCT2026,460000.000000,175,OPTSTK,BFO,5.000000,11250,False
1105444,ABB26NOV7200PE,ABB,26NOV2026,720000.000000,125,OPTSTK,BFO,5.000000,7500,False
1105461,PAGEIND26NOVFUT,PAGEIND,26NOV2026,0.000000,20,FUTSTK,BFO,5.000000,600,False
1105466,AUROPHARMA26NOV1580PE,AUROPHARMA,26NOV2026,158000.000000,550,OPTSTK,BFO,5.000000,44000,False
1105511,IEX26NOV140PE,IEX,26NOV2026,14000.000000,4350,OPTSTK,BFO,5.000000,150000,False
856150,AMBUJACEM26SEP480PE,AMBUJACEM,24SEP2026,48000.000000,1200,OPTSTK,BFO,5.000000,54000,False
856152,OFSS26SEP11900CE,OFSS,24SEP2026,1190000.000000,100,OPTSTK,BFO,5.000000,8000,False
856156,UNIONBANK26SEP145PE,UNIONBANK,24SEP2026,14500.000000,4425,OPTSTK,BFO,5.000000,100000000,False
856189,ICICIBANK26SEP1480CE,ICICIBANK,24SEP2026,148000.000000,700,OPTSTK,BFO,5.000000,28000,False
842137,BEL26SEP390CE,BEL,24SEP2026,39000.000000,1425,OPTSTK,BFO,5.000000,228000,False
842149,TVSMOTOR26SEP3520CE,TVSMOTOR,24SEP2026,352000.000000,175,OPTSTK,BFO,5.000000,21000,False
842157,BRITANNIA26SEP5000PE,BRITANNIA,24SEP2026,500000.000000,125,OPTSTK,BFO,5.000000,6000,False
842171,BAJAJFINSV26SEP1900PE,BAJAJFINSV,24SEP2026,190000.000000,300,OPTSTK,BFO,5.000000,20000,False
864336,BANKEX26OCT62000PE,BANKEX,29OCT2026,6200000.000000,30,OPTIDX,BFO,5.000000,900,False
864338,HCLTECH26OCT1300CE,HCLTECH,29OCT2026,130000.000000,400,OPTSTK,BFO,5.000000,21000,False
864341,BANKEX26OCT64300PE,BANKEX,29OCT2026,6430000.000000,30,OPTIDX,BFO,5.000000,900,False
864350,PGEL26OCT660CE,PGEL,29OCT2026,66000.000000,950,OPTSTK,BFO,5.000000,100000000,False
856190,GODREJPROP26SEP2140CE,GODREJPROP,24SEP2026,214000.000000,325,OPTSTK,BFO,5.000000,19000,False
856211,PIIND26SEP3050CE,PIIND,24SEP2026,305000.000000,175,OPTSTK,BFO,5.000000,7500,False
856228,COALINDIA26SEP395PE,COALINDIA,24SEP2026,39500.000000,1350,OPTSTK,BFO,5.000000,126000,False
856239,RADICO26SEP4450PE,RADICO,24SEP2026,445000.000000,150,OPTSTK,BFO,5.000000,100000000,False
1105570,HDFCLIFE26NOV520CE,HDFCLIFE,26NOV2026,52000.000000,1100,OPTSTK,BFO,5.000000,44000,False
1105589,SUPREMEIND26NOV3200PE,SUPREMEIND,26NOV2026,320000.000000,175,OPTSTK,BFO,5.000000,100000000,False
1105602,SENSEX26O1572600PE,SENSEX,15OCT2026,7260000.000000,20,OPTIDX,BFO,5.000000,1000,False
1105605,IRFC26NOV86PE,IRFC,26NOV2026,8600.000000,5425,OPTSTK,BFO,5.000000,100000000,False
864360,LODHA26OCT1300PE,LODHA,29OCT2026,130000.000000,625,OPTSTK,BFO,5.000000,100000000,False
864363,SAIL26OCT157.5CE,SAIL,29OCT2026,15750.000000,4700,OPTSTK,BFO,5.000000,320000,False
864394,BHEL26OCT375CE,BHEL,29OCT2026,37500.000000,2625,OPTSTK,BFO,5.000000,315000,False
864403,POLICYBZR26OCT1600PE,POLICYBZR,29OCT2026,160000.000000,350,OPTSTK,BFO,5.000000,100000000,False
842182,ICICIGI26SEP1840PE,ICICIGI,24SEP2026,184000.000000,325,OPTSTK,BFO,5.000000,20000,False
842201,BPCL26SEP320PE,BPCL,24SEP2026,32000.000000,1975,OPTSTK,BFO,5.000000,72000,False
842204,M&M26SEP3320CE,M&M,24SEP2026,332000.000000,200,OPTSTK,BFO,5.000000,21000,False
842217,KAYNES26SEP3150PE,KAYNES,24SEP2026,315000.000000,150,OPTSTK,BFO,5.000000,100000000,False
1105611,NTPC26NOV315PE,NTPC,26NOV2026,31500.000000,1500,OPTSTK,BFO,5.000000,150000,False
1105625,ICICIPRULI26NOVFUT,ICICIPRULI,26NOV2026,0.000000,925,FUTSTK,BFO,5.000000,60000,False
1105650,GRASIM26NOV3340CE,GRASIM,26NOV2026,334000.000000,250,OPTSTK,BFO,5.000000,14250,False
1105654,JINDALSTEL26NOV1180PE,JINDALSTEL,26NOV2026,118000.000000,625,OPTSTK,BFO,5.000000,37500,False
856296,MANAPPURAM26SEP370CE,MANAPPURAM,24SEP2026,37000.000000,3000,OPTSTK,BFO,5.000000,180000,False
856339,GLENMARK26SEP2400PE,GLENMARK,24SEP2026,240000.000000,375,OPTSTK,BFO,5.000000,43500,False
856357,SENSEX5026SEP26450CE,SENSEX50,24SEP2026,2645000.000000,75,OPTIDX,BFO,5.000000,1800,False
856363,LTF26SEP365PE,LTF,24SEP2026,36500.000000,2250,OPTSTK,BFO,5.000000,267720,False
864405,ICICIPRULI26OCT510PE,ICICIPRULI,29OCT2026,51000.000000,925,OPTSTK,BFO,5.000000,60000,False
864415,HEROMOTOCO26OCT5000PE,HEROMOTOCO,29OCT2026,500000.000000,150,OPTSTK,BFO,5.000000,9000,False
864416,SOLARINDS26OCT16250CE,SOLARINDS,29OCT2026,1625000.000000,50,OPTSTK,BFO,5.000000,100000000,False
864433,FOCIT26OCT33400CE,FOCIT,29OCT2026,3340000.000000,45,OPTIDX,BFO,5.000000,1350,False
1105692,SENSEX26O1577900CE,SENSEX,15OCT2026,7790000.000000,20,OPTIDX,BFO,5.000000,1000,False
1105757,CHOLAFIN26NOV1880PE,CHOLAFIN,26NOV2026,188000.000000,625,OPTSTK,BFO,5.000000,25000,False
1105762,SENSEX26NOV77900PE,SENSEX,26NOV2026,7790000.000000,20,OPTIDX,BFO,5.000000,1000,False
1105769,MANAPPURAM26NOV355PE,MANAPPURAM,26NOV2026,35500.000000,3000,OPTSTK,BFO,5.000000,180000,False
842242,HAL26SEP4600CE,HAL,24SEP2026,460000.000000,150,OPTSTK,BFO,5.000000,9000,False
842259,FORCEMOT26SEP16000CE,FORCEMOT,24SEP2026,1600000.000000,25,OPTSTK,BFO,5.000000,100000000,False
842269,BANKEX26SEP66000CE,BANKEX,24SEP2026,6600000.000000,30,OPTIDX,BFO,5.000000,900,False
842270,ANGELONE26SEP305CE,ANGELONE,24SEP2026,30500.000000,2500,OPTSTK,BFO,5.000000,100000000,False
864454,WAAREEENER26OCT2850CE,WAAREEENER,29OCT2026,285000.000000,175,OPTSTK,BFO,5.000000,100000000,False
864455,ADANIPORTS26OCT1700CE,ADANIPORTS,29OCT2026,170000.000000,475,OPTSTK,BFO,5.000000,32000,False
864460,VBL26OCT390CE,VBL,29OCT2026,39000.000000,1275,OPTSTK,BFO,5.000000,100000000,False
864465,SENSEX26OCT80600CE,SENSEX,29OCT2026,8060000.000000,20,OPTIDX,BFO,5.000000,1000,False
856367,SENSEX26SEP85100PE,SENSEX,24SEP2026,8510000.000000,20,OPTIDX,BFO,5.000000,1000,False
856369,PIIND26SEP3050PE,PIIND,24SEP2026,305000.000000,175,OPTSTK,BFO,5.000000,7500,False
856526,SONACOMS26SEP740CE,SONACOMS,24SEP2026,74000.000000,1225,OPTSTK,BFO,5.000000,100000000,False
856538,INDIANB26SEP720CE,INDIANB,24SEP2026,72000.000000,1000,OPTSTK,BFO,5.000000,100000000,False
1105770,RELIANCE26NOV1290PE,RELIANCE,26NOV2026,129000.000000,500,OPTSTK,BFO,5.000000,10000,False
1105786,IREDA26NOV112.5PE,IREDA,26NOV2026,11250.000000,4525,OPTSTK,BFO,5.000000,100000000,False
1105803,BOSCHLTD26NOV45500PE,BOSCHLTD,26NOV2026,4550000.000000,25,OPTSTK,BFO,5.000000,1500,False
1105807,ICICIBANK26NOV1480PE,ICICIBANK,26NOV2026,148000.000000,700,OPTSTK,BFO,5.000000,28000,False
842271,PAYTM26SEP1050PE,PAYTM,24SEP2026,105000.000000,725,OPTSTK,BFO,5.000000,100000000,False
842295,BRITANNIA26SEP4950CE,BRITANNIA,24SEP2026,495000.000000,125,OPTSTK,BFO,5.000000,6000,False
842304,TIINDIA26SEP3200PE,TIINDIA,24SEP2026,320000.000000,200,OPTSTK,BFO,5.000000,100000000,False
842321,DRREDDY26SEPFUT,DRREDDY,24SEP2026,0.000000,625,FUTSTK,BFO,5.000000,5000,False
864497,AUROPHARMA26OCT1700PE,AUROPHARMA,29OCT2026,170000.000000,550,OPTSTK,BFO,5.000000,44000,False
864512,FOCIT26SEP37400CE,FOCIT,24SEP2026,3740000.000000,45,OPTIDX,BFO,5.000000,1350,False
864514,ADANIPORTS26OCT1620PE,ADANIPORTS,29OCT2026,162000.000000,475,OPTSTK,BFO,5.000000,32000,False
864517,MARUTI26OCT14300CE,MARUTI,29OCT2026,1430000.000000,50,OPTSTK,BFO,5.000000,3000,False
856617,DABUR26SEP485PE,DABUR,24SEP2026,48500.000000,1250,OPTSTK,BFO,5.000000,50000,False
856631,INDUSINDBK26SEP1070CE,INDUSINDBK,24SEP2026,107000.000000,700,OPTSTK,BFO,5.000000,20000,False
856647,MANAPPURAM26SEP370PE,MANAPPURAM,24SEP2026,37000.000000,3000,OPTSTK,BFO,5.000000,180000,False
856666,SUZLON26SEP48PE,SUZLON,24SEP2026,4800.000000,12700,OPTSTK,BFO,5.000000,100000000,False
1105843,MAXHEALTH26NOV1080PE,MAXHEALTH,26NOV2026,108000.000000,525,OPTSTK,BFO,5.000000,100000000,False
1105845,COFORGE26NOV2000CE,COFORGE,26NOV2026,200000.000000,475,OPTSTK,BFO,5.000000,6000,False
1105869,KPITTECH26NOV520PE,KPITTECH,26NOV2026,52000.000000,775,OPTSTK,BFO,5.000000,100000000,False
1105876,SENSEX26NOV81000PE,SENSEX,26NOV2026,8100000.000000,20,OPTIDX,BFO,5.000000,1000,False
842343,VOLTAS26SEP1240CE,VOLTAS,24SEP2026,124000.000000,375,OPTSTK,BFO,5.000000,30000,False
842359,AMBUJACEM26SEP430PE,AMBUJACEM,24SEP2026,43000.000000,1200,OPTSTK,BFO,5.000000,54000,False
842376,BAJAJ-AUTO26SEPFUT,BAJAJ-AUTO,24SEP2026,0.000000,75,FUTSTK,BFO,5.000000,5000,False
842400,WAAREEENER26SEP2950PE,WAAREEENER,24SEP2026,295000.000000,175,OPTSTK,BFO,5.000000,100000000,False
864528,COALINDIA26OCT445PE,COALINDIA,29OCT2026,44500.000000,1350,OPTSTK,BFO,5.000000,126000,False
864541,IEX26OCT150PE,IEX,29OCT2026,15000.000000,4350,OPTSTK,BFO,5.000000,150000,False
864553,ITC26OCT302.5CE,ITC,29OCT2026,30250.000000,1725,OPTSTK,BFO,5.000000,64000,False
864555,ZYDUSLIFE26OCT1170PE,ZYDUSLIFE,29OCT2026,117000.000000,900,OPTSTK,BFO,5.000000,54000,False
856712,NESTLEIND26SEP1540PE,NESTLEIND,24SEP2026,154000.000000,500,OPTSTK,BFO,5.000000,1200,False
856724,ONGC26SEP257.5PE,ONGC,24SEP2026,25750.000000,2250,OPTSTK,BFO,5.000000,154000,False
856757,EICHERMOT26SEP8100PE,EICHERMOT,24SEP2026,810000.000000,100,OPTSTK,BFO,5.000000,7000,False
856763,ADANIENSOL26SEP1760PE,ADANIENSOL,24SEP2026,176000.000000,675,OPTSTK,BFO,5.000000,100000000,False
864568,VEDL26OCT275PE,VEDL,29OCT2026,27500.000000,1150,OPTSTK,BFO,5.000000,80000,False
864572,SHRIRAMFIN26OCT1020CE,SHRIRAMFIN,29OCT2026,102000.000000,825,OPTSTK,BFO,5.000000,18000,False
864591,ASTRAL26OCT1580PE,ASTRAL,29OCT2026,158000.000000,425,OPTSTK,BFO,5.000000,14680,False
864592,SENSEX2691783800PE,SENSEX,17SEP2026,8380000.000000,20,OPTIDX,BFO,5.000000,1000,False
1105880,BANKEX26NOV61500CE,BANKEX,26NOV2026,6150000.000000,30,OPTIDX,BFO,5.000000,900,False
1105892,CIPLA26NOV1400CE,CIPLA,26NOV2026,140000.000000,425,OPTSTK,BFO,5.000000,26000,False
1105943,COLPAL26NOV1900PE,COLPAL,26NOV2026,190000.000000,275,OPTSTK,BFO,5.000000,14000,False
1105947,KAYNES26NOV4150PE,KAYNES,26NOV2026,415000.000000,150,OPTSTK,BFO,5.000000,100000000,False
842402,ADANIPORTS26SEP1800PE,ADANIPORTS,24SEP2026,180000.000000,475,OPTSTK,BFO,5.000000,32000,False
842421,NHPC26SEP72CE,NHPC,24SEP2026,7200.000000,6950,OPTSTK,BFO,5.000000,100000000,False
842424,VEDL26SEP220PE,VEDL,24SEP2026,22000.000000,1150,OPTSTK,BFO,5.000000,80000,False
842425,SBILIFE26SEP1820PE,SBILIFE,24SEP2026,182000.000000,375,OPTSTK,BFO,5.000000,22500,False
856786,PHOENIXLTD26SEP2220CE,PHOENIXLTD,24SEP2026,222000.000000,350,OPTSTK,BFO,5.000000,100000000,False
856836,PFC26SEP380PE,PFC,24SEP2026,38000.000000,1300,OPTSTK,BFO,5.000000,124000,False
856855,HINDPETRO26SEP460.75PE,HINDPETRO,24SEP2026,46075.000000,2025,OPTSTK,BFO,5.000000,108000,False
856857,INFY26SEP1220CE,INFY,24SEP2026,122000.000000,400,OPTSTK,BFO,5.000000,16000,False
864612,PIIND26SEP3150CE,PIIND,24SEP2026,315000.000000,175,OPTSTK,BFO,5.000000,7500,False
864613,BANKEX26OCT64200CE,BANKEX,29OCT2026,6420000.000000,30,OPTIDX,BFO,5.000000,900,False
864621,ADANIGREEN26OCT1300CE,ADANIGREEN,29OCT2026,130000.000000,600,OPTSTK,BFO,5.000000,100000000,False
864629,TCS26OCT2360PE,TCS,29OCT2026,236000.000000,225,OPTSTK,BFO,5.000000,7000,False
842426,HDFCLIFE26SEP555PE,HDFCLIFE,24SEP2026,55500.000000,1100,OPTSTK,BFO,5.000000,44000,False
842465,IEX26SEP129PE,IEX,24SEP2026,12900.000000,4350,OPTSTK,BFO,5.000000,150000,False
842481,PAGEIND26SEP41750CE,PAGEIND,24SEP2026,4175000.000000,20,OPTSTK,BFO,5.000000,600,False
842487,COLPAL26SEP2020CE,COLPAL,24SEP2026,202000.000000,275,OPTSTK,BFO,5.000000,14000,False
1105953,HINDALCO26NOV1160PE,HINDALCO,26NOV2026,116000.000000,700,OPTSTK,BFO,5.000000,56000,False
1105970,ICICIBANK26NOV1390PE,ICICIBANK,26NOV2026,139000.000000,700,OPTSTK,BFO,5.000000,28000,False
1105990,FOCIT26NOV37700CE,FOCIT,26NOV2026,3770000.000000,45,OPTIDX,BFO,5.000000,1350,False
1106024,ICICIPRULI26NOV475CE,ICICIPRULI,26NOV2026,47500.000000,925,OPTSTK,BFO,5.000000,60000,False
864652,SWIGGY26OCT295CE,SWIGGY,29OCT2026,29500.000000,1825,OPTSTK,BFO,5.000000,100000000,False
864699,CONCOR26OCT530CE,CONCOR,29OCT2026,53000.000000,1250,OPTSTK,BFO,5.000000,40000,False
864703,TATACONSUM26OCT1140PE,TATACONSUM,29OCT2026,114000.000000,550,OPTSTK,BFO,5.000000,36000,False
864713,UNOMINDA26OCT1080PE,UNOMINDA,29OCT2026,108000.000000,550,OPTSTK,BFO,5.000000,100000000,False
856876,MPHASIS26SEP1950PE,MPHASIS,24SEP2026,195000.000000,275,OPTSTK,BFO,5.000000,11000,False
856880,JUBLFOOD26SEP485PE,JUBLFOOD,24SEP2026,48500.000000,1250,OPTSTK,BFO,5.000000,50000,False
856891,SUZLON26SEP47PE,SUZLON,24SEP2026,4700.000000,12700,OPTSTK,BFO,5.000000,100000000,False
856892,TRENT26SEP2750PE,TRENT,24SEP2026,275000.000000,225,OPTSTK,BFO,5.000000,16000,False
842488,KPITTECH26SEP770PE,KPITTECH,24SEP2026,77000.000000,775,OPTSTK,BFO,5.000000,100000000,False
842520,UNIONBANK26SEP182.5CE,UNIONBANK,24SEP2026,18250.000000,4425,OPTSTK,BFO,5.000000,100000000,False
842523,ADANIPORTS26SEP1700CE,ADANIPORTS,24SEP2026,170000.000000,475,OPTSTK,BFO,5.000000,32000,False
842544,OIL26SEP435PE,OIL,24SEP2026,43500.000000,1400,OPTSTK,BFO,5.000000,100000000,False
1106049,PETRONET26NOV285CE,PETRONET,26NOV2026,28500.000000,1900,OPTSTK,BFO,5.000000,120000,False
1106074,BHARATFORG26NOV2100CE,BHARATFORG,26NOV2026,210000.000000,500,OPTSTK,BFO,5.000000,30000,False
1106075,PNB26NOV119PE,PNB,26NOV2026,11900.000000,8000,OPTSTK,BFO,5.000000,480000,False
1106118,ETERNAL26NOV290PE,ETERNAL,26NOV2026,29000.000000,2425,OPTSTK,BFO,5.000000,100000000,False
864731,SENSEX26OCT80900PE,SENSEX,29OCT2026,8090000.000000,20,OPTIDX,BFO,5.000000,1000,False
864732,APLAPOLLO26OCT1920PE,APLAPOLLO,29OCT2026,192000.000000,350,OPTSTK,BFO,5.000000,100000000,False
864754,KOTAKBANK26OCT355PE,KOTAKBANK,29OCT2026,35500.000000,2000,OPTSTK,BFO,5.000000,12000,False
864763,NBCC26OCT75PE,NBCC,29OCT2026,7500.000000,6500,OPTSTK,BFO,5.000000,100000000,False
842551,ANGELONE26SEP340CE,ANGELONE,24SEP2026,34000.000000,2500,OPTSTK,BFO,5.000000,100000000,False
842556,KFINTECH26SEP890PE,KFINTECH,24SEP2026,89000.000000,575,OPTSTK,BFO,5.000000,100000000,False
842557,LICI26SEP445CE,LICI,24SEP2026,44500.000000,1400,OPTSTK,BFO,5.000000,100000000,False
842578,AUROPHARMA26SEP1540PE,AUROPHARMA,24SEP2026,154000.000000,550,OPTSTK,BFO,5.000000,44000,False
864779,MPHASIS26OCT2100PE,MPHASIS,29OCT2026,210000.000000,275,OPTSTK,BFO,5.000000,11000,False
864781,AMBER26OCT7000PE,AMBER,29OCT2026,700000.000000,100,OPTSTK,BFO,5.000000,100000000,False
864782,FOCIT26SEP35400PE,FOCIT,24SEP2026,3540000.000000,45,OPTIDX,BFO,5.000000,1350,False
864803,RELIANCE26OCT1320PE,RELIANCE,29OCT2026,132000.000000,500,OPTSTK,BFO,5.000000,10000,False
1106145,MFSL26NOV1540PE,MFSL,26NOV2026,154000.000000,400,OPTSTK,BFO,5.000000,32000,False
1106240,HYUNDAI26NOV2140PE,HYUNDAI,26NOV2026,214000.000000,275,OPTSTK,BFO,5.000000,100000000,False
1106313,NATIONALUM26NOV380PE,NATIONALUM,26NOV2026,38000.000000,1875,OPTSTK,BFO,5.000000,300000,False
1106356,BEL26NOV410CE,BEL,26NOV2026,41000.000000,1425,OPTSTK,BFO,5.000000,228000,False
842587,ICICIPRULI26SEP520CE,ICICIPRULI,24SEP2026,52000.000000,925,OPTSTK,BFO,5.000000,60000,False
842610,SBILIFE26SEP1640PE,SBILIFE,24SEP2026,164000.000000,375,OPTSTK,BFO,5.000000,22500,False
842612,VEDL26SEPFUT,VEDL,24SEP2026,0.000000,1150,FUTSTK,BFO,5.000000,80000,False
842647,TMPV26SEP340CE,TMPV,24SEP2026,34000.000000,1600,OPTSTK,BFO,5.000000,42750,False
864806,KAYNES26OCT3250CE,KAYNES,29OCT2026,325000.000000,150,OPTSTK,BFO,5.000000,100000000,False
864815,CROMPTON26OCT265CE,CROMPTON,29OCT2026,26500.000000,2150,OPTSTK,BFO,5.000000,90000,False
864816,SENSEX2691771400CE,SENSEX,17SEP2026,7140000.000000,20,OPTIDX,BFO,5.000000,1000,False
864819,SENSEX2691773700CE,SENSEX,17SEP2026,7370000.000000,20,OPTIDX,BFO,5.000000,1000,False
1106366,LT26NOV3850CE,LT,26NOV2026,385000.000000,175,OPTSTK,BFO,5.000000,12000,False
1106373,DRREDDY26NOV1110CE,DRREDDY,26NOV2026,111000.000000,625,OPTSTK,BFO,5.000000,5000,False
1106384,UPL26NOV580PE,UPL,26NOV2026,58000.000000,1355,OPTSTK,BFO,5.000000,39000,False
1106424,HDFCBANK26NOV710CE,HDFCBANK,26NOV2026,71000.000000,650,OPTSTK,BFO,5.000000,16500,False
842648,OBEROIRLTY26SEP1640CE,OBEROIRLTY,24SEP2026,164000.000000,350,OPTSTK,BFO,5.000000,28000,False
842671,RECLTD26SEP345PE,RECLTD,24SEP2026,34500.000000,1575,OPTSTK,BFO,5.000000,160000,False
842684,INDUSTOWER26SEP401CE,INDUSTOWER,24SEP2026,40100.000000,1700,OPTSTK,BFO,5.000000,170000,False
842689,ALKEM26SEP5500CE,ALKEM,24SEP2026,550000.000000,125,OPTSTK,BFO,5.000000,8000,False
864841,SWIGGY26OCT270PE,SWIGGY,29OCT2026,27000.000000,1825,OPTSTK,BFO,5.000000,100000000,False
864901,SENSEX2691783700CE,SENSEX,17SEP2026,8370000.000000,20,OPTIDX,BFO,5.000000,1000,False
864906,MARUTI26OCT13900CE,MARUTI,29OCT2026,1390000.000000,50,OPTSTK,BFO,5.000000,3000,False
864934,CAMS26OCT790CE,CAMS,29OCT2026,79000.000000,825,OPTSTK,BFO,5.000000,100000000,False
1106475,FOCIT26NOV30000CE,FOCIT,26NOV2026,3000000.000000,45,OPTIDX,BFO,5.000000,1350,False
1106476,AMBER26NOV8200PE,AMBER,26NOV2026,820000.000000,100,OPTSTK,BFO,5.000000,100000000,False
1106513,ALKEM26NOV5000CE,ALKEM,26NOV2026,500000.000000,125,OPTSTK,BFO,5.000000,8000,False
1106514,MCX26NOVFUT,MCX,26NOV2026,0.000000,225,FUTSTK,BFO,5.000000,16000,False
864944,DIXON26OCT15500CE,DIXON,29OCT2026,1550000.000000,50,OPTSTK,BFO,5.000000,6000,False
864945,INDUSTOWER26OCT361PE,INDUSTOWER,29OCT2026,36100.000000,1700,OPTSTK,BFO,5.000000,170000,False
864946,SUPREMEIND26OCT3550CE,SUPREMEIND,29OCT2026,355000.000000,175,OPTSTK,BFO,5.000000,100000000,False
864962,ADANIGREEN26SEP1220CE,ADANIGREEN,24SEP2026,122000.000000,600,OPTSTK,BFO,5.000000,100000000,False
842696,NBCC26SEP111CE,NBCC,24SEP2026,11100.000000,6500,OPTSTK,BFO,5.000000,100000000,False
842702,CHOLAFIN26SEP1920CE,CHOLAFIN,24SEP2026,192000.000000,625,OPTSTK,BFO,5.000000,25000,False
842703,OBEROIRLTY26SEP1720PE,OBEROIRLTY,24SEP2026,172000.000000,350,OPTSTK,BFO,5.000000,28000,False
842706,BANKINDIA26SEP132.5PE,BANKINDIA,24SEP2026,13250.000000,5200,OPTSTK,BFO,5.000000,100000000,False
1106532,SENSEX5026NOV25550PE,SENSEX50,26NOV2026,2555000.000000,75,OPTIDX,BFO,5.000000,1800,False
1106540,POWERINDIA26NOV35000PE,POWERINDIA,26NOV2026,3500000.000000,25,OPTSTK,BFO,5.000000,100000000,False
1106606,EICHERMOT26NOV8400PE,EICHERMOT,26NOV2026,840000.000000,100,OPTSTK,BFO,5.000000,7000,False
1106616,MAHABANK26OCT79PE,MAHABANK,29OCT2026,7900.000000,6500,OPTSTK,BFO,5.000000,100000000,False
842712,RELIANCE26SEP1330CE,RELIANCE,24SEP2026,133000.000000,500,OPTSTK,BFO,5.000000,10000,False
842720,UNIONBANK26SEP157.5PE,UNIONBANK,24SEP2026,15750.000000,4425,OPTSTK,BFO,5.000000,100000000,False
842721,TATACONSUM26SEP1060CE,TATACONSUM,24SEP2026,106000.000000,550,OPTSTK,BFO,5.000000,36000,False
842755,GODREJCP26SEP970PE,GODREJCP,24SEP2026,97000.000000,500,OPTSTK,BFO,5.000000,30000,False
864972,HYUNDAI26OCT2100PE,HYUNDAI,29OCT2026,210000.000000,275,OPTSTK,BFO,5.000000,100000000,False
864973,JIOFIN26OCT262.5PE,JIOFIN,29OCT2026,26250.000000,2350,OPTSTK,BFO,5.000000,100000000,False
864981,TIINDIA26OCT2600PE,TIINDIA,29OCT2026,260000.000000,200,OPTSTK,BFO,5.000000,100000000,False
864982,FOCIT26OCT33600CE,FOCIT,29OCT2026,3360000.000000,45,OPTIDX,BFO,5.000000,1350,False
1106654,IOC26NOV122.5PE,IOC,26NOV2026,12250.000000,4875,OPTSTK,BFO,5.000000,292500,False
1106663,SENSEX26O1570500PE,SENSEX,15OCT2026,7050000.000000,20,OPTIDX,BFO,5.000000,1000,False
1106671,KOTAKBANK26NOV450PE,KOTAKBANK,26NOV2026,45000.000000,2000,OPTSTK,BFO,5.000000,12000,False
1106726,APOLLOHOSP26NOV8400CE,APOLLOHOSP,26NOV2026,840000.000000,125,OPTSTK,BFO,5.000000,5000,False
864992,TITAN26OCT4550PE,TITAN,29OCT2026,455000.000000,175,OPTSTK,BFO,5.000000,11250,False
864995,SUZLON26OCT52PE,SUZLON,29OCT2026,5200.000000,12700,OPTSTK,BFO,5.000000,100000000,False
865006,TMPV26OCT370PE,TMPV,29OCT2026,37000.000000,1600,OPTSTK,BFO,5.000000,42750,False
865008,HDFCLIFE26OCT510PE,HDFCLIFE,29OCT2026,51000.000000,1100,OPTSTK,BFO,5.000000,44000,False
842762,KAYNES26SEP3500CE,KAYNES,24SEP2026,350000.000000,150,OPTSTK,BFO,5.000000,100000000,False
842765,SENSEX29JUN78000CE,SENSEX,28JUN2029,7800000.000000,20,OPTIDX,BFO,5.000000,1000,False
842776,LICI26SEP420PE,LICI,24SEP2026,42000.000000,1400,OPTSTK,BFO,5.000000,100000000,False
842778,BANDHANBNK26SEP207.5CE,BANDHANBNK,24SEP2026,20750.000000,3600,OPTSTK,BFO,5.000000,100000,False
1106738,BANDHANBNK26NOV160CE,BANDHANBNK,26NOV2026,16000.000000,3600,OPTSTK,BFO,5.000000,100000,False
1106760,PNBHOUSING26NOV1240CE,PNBHOUSING,26NOV2026,124000.000000,650,OPTSTK,BFO,5.000000,100000000,False
1106764,TVSMOTOR26NOV4650CE,TVSMOTOR,26NOV2026,465000.000000,175,OPTSTK,BFO,5.000000,21000,False
1106788,INDHOTEL26NOV770CE,INDHOTEL,26NOV2026,77000.000000,1000,OPTSTK,BFO,5.000000,60000,False
842799,BANKEX26SEP66200CE,BANKEX,24SEP2026,6620000.000000,30,OPTIDX,BFO,5.000000,900,False
842803,BANKEX26SEP68500CE,BANKEX,24SEP2026,6850000.000000,30,OPTIDX,BFO,5.000000,900,False
842816,APLAPOLLO26SEP1920PE,APLAPOLLO,24SEP2026,192000.000000,350,OPTSTK,BFO,5.000000,100000000,False
842826,WIPRO26SEP187.5CE,WIPRO,24SEP2026,18750.000000,3000,OPTSTK,BFO,5.000000,60000,False
865016,COCHINSHIP26OCT1300PE,COCHINSHIP,29OCT2026,130000.000000,400,OPTSTK,BFO,5.000000,100000000,False
865017,SENSEX26OCT80800CE,SENSEX,29OCT2026,8080000.000000,20,OPTIDX,BFO,5.000000,1000,False
865037,LODHA26OCT1400CE,LODHA,29OCT2026,140000.000000,625,OPTSTK,BFO,5.000000,100000000,False
865078,TATAELXSI26OCT3700CE,TATAELXSI,29OCT2026,370000.000000,125,OPTSTK,BFO,5.000000,100000000,False
1106794,SUNPHARMA26NOV1840PE,SUNPHARMA,26NOV2026,184000.000000,350,OPTSTK,BFO,5.000000,28000,False
1106802,WIPRO26NOV175PE,WIPRO,26NOV2026,17500.000000,3000,OPTSTK,BFO,5.000000,60000,False
1106814,AUROPHARMA26NOV1680CE,AUROPHARMA,26NOV2026,168000.000000,550,OPTSTK,BFO,5.000000,44000,False
1106839,ADANIGREEN26NOV1460PE,ADANIGREEN,26NOV2026,146000.000000,600,OPTSTK,BFO,5.000000,100000000,False
856916,PGEL26SEP650PE,PGEL,24SEP2026,65000.000000,950,OPTSTK,BFO,5.000000,100000000,False
856928,HAVELLS26SEP1360CE,HAVELLS,24SEP2026,136000.000000,500,OPTSTK,BFO,5.000000,20000,False
856948,360ONE26SEP1300CE,,24SEP2026,130000.000000,500,OPTSTK,BFO,5.000000,100000000,False
857042,BIOCON26SEP375CE,BIOCON,24SEP2026,37500.000000,2500,OPTSTK,BFO,5.000000,100000,False
865082,AMBER26OCT8000PE,AMBER,29OCT2026,800000.000000,100,OPTSTK,BFO,5.000000,100000000,False
865084,ADANIPORTS26OCT1660PE,ADANIPORTS,29OCT2026,166000.000000,475,OPTSTK,BFO,5.000000,32000,False
865088,JSWENERGY26OCT470CE,JSWENERGY,29OCT2026,47000.000000,1075,OPTSTK,BFO,5.000000,100000000,False
865122,FOCIT26SEP33900CE,FOCIT,24SEP2026,3390000.000000,45,OPTIDX,BFO,5.000000,1350,False
842829,APLAPOLLO26SEP1760PE,APLAPOLLO,24SEP2026,176000.000000,350,OPTSTK,BFO,5.000000,100000000,False
842835,CUMMINSIND26SEP5650CE,CUMMINSIND,24SEP2026,565000.000000,200,OPTSTK,BFO,5.000000,18000,False
842837,FOCIT26SEP30000CE,FOCIT,24SEP2026,3000000.000000,45,OPTIDX,BFO,5.000000,1350,False
842846,NTPC26SEP335CE,NTPC,24SEP2026,33500.000000,1500,OPTSTK,BFO,5.000000,150000,False
857050,HEROMOTOCO26SEP5700PE,HEROMOTOCO,24SEP2026,570000.000000,150,OPTSTK,BFO,5.000000,9000,False
857052,PERSISTENT26SEP5500PE,PERSISTENT,24SEP2026,550000.000000,125,OPTSTK,BFO,5.000000,5250,False
857087,RECLTD26SEP320PE,RECLTD,24SEP2026,32000.000000,1575,OPTSTK,BFO,5.000000,160000,False
857097,RECLTD26SEP325PE,RECLTD,24SEP2026,32500.000000,1575,OPTSTK,BFO,5.000000,160000,False
1106847,SENSEX26NOV73500PE,SENSEX,26NOV2026,7350000.000000,20,OPTIDX,BFO,5.000000,1000,False
1106887,TITAN26NOV5000CE,TITAN,26NOV2026,500000.000000,175,OPTSTK,BFO,5.000000,11250,False
1106888,VOLTAS26NOV1100CE,VOLTAS,26NOV2026,110000.000000,375,OPTSTK,BFO,5.000000,30000,False
1106895,BANKBARODA26NOV205PE,BANKBARODA,26NOV2026,20500.000000,2925,OPTSTK,BFO,5.000000,175500,False
865141,JSWSTEEL26OCT1280CE,JSWSTEEL,29OCT2026,128000.000000,675,OPTSTK,BFO,5.000000,40500,False
865167,OBEROIRLTY26OCT1920PE,OBEROIRLTY,29OCT2026,192000.000000,350,OPTSTK,BFO,5.000000,28000,False
865170,BANKBARODA26OCT270CE,BANKBARODA,29OCT2026,27000.000000,2925,OPTSTK,BFO,5.000000,175500,False
865171,LICI26OCT400CE,LICI,29OCT2026,40000.000000,1400,OPTSTK,BFO,5.000000,100000000,False
857168,SBILIFE26SEP1980CE,SBILIFE,24SEP2026,198000.000000,375,OPTSTK,BFO,5.000000,22500,False
857190,POLYCAB26SEP8700PE,POLYCAB,24SEP2026,870000.000000,125,OPTSTK,BFO,5.000000,9000,False
857216,NAUKRI26SEP1300CE,NAUKRI,24SEP2026,130000.000000,550,OPTSTK,BFO,5.000000,6000,False
857233,MPHASIS26SEP2100CE,MPHASIS,24SEP2026,210000.000000,275,OPTSTK,BFO,5.000000,11000,False
842856,POWERINDIA26SEP35000PE,POWERINDIA,24SEP2026,3500000.000000,25,OPTSTK,BFO,5.000000,100000000,False
842865,HEROMOTOCO26SEP4600PE,HEROMOTOCO,24SEP2026,460000.000000,150,OPTSTK,BFO,5.000000,9000,False
842870,IRFC26SEP89CE,IRFC,24SEP2026,8900.000000,5425,OPTSTK,BFO,5.000000,100000000,False
842880,SUPREMEIND26SEP3650PE,SUPREMEIND,24SEP2026,365000.000000,175,OPTSTK,BFO,5.000000,100000000,False
865192,FOCIT26SEP43900CE,FOCIT,24SEP2026,4390000.000000,45,OPTIDX,BFO,5.000000,1350,False
865198,KEI26OCT5400CE,KEI,29OCT2026,540000.000000,175,OPTSTK,BFO,5.000000,100000000,False
865205,SENSEX26OCT80200PE,SENSEX,29OCT2026,8020000.000000,20,OPTIDX,BFO,5.000000,1000,False
865210,SOLARINDS26OCT16750PE,SOLARINDS,29OCT2026,1675000.000000,50,OPTSTK,BFO,5.000000,100000000,False
1106903,GODFRYPHLP26NOV2250PE,GODFRYPHLP,26NOV2026,225000.000000,275,OPTSTK,BFO,5.000000,100000000,False
1106906,PAYTM26NOV1800CE,PAYTM,26NOV2026,180000.000000,725,OPTSTK,BFO,5.000000,100000000,False
1106936,KEI26NOV4900PE,KEI,26NOV2026,490000.000000,175,OPTSTK,BFO,5.000000,100000000,False
1106950,KALYANKJIL26NOV640CE,KALYANKJIL,26NOV2026,64000.000000,1350,OPTSTK,BFO,5.000000,100000000,False
857242,KALYANKJIL26SEP320PE,KALYANKJIL,24SEP2026,32000.000000,1350,OPTSTK,BFO,5.000000,100000000,False
857249,MPHASIS26SEP2400PE,MPHASIS,24SEP2026,240000.000000,275,OPTSTK,BFO,5.000000,11000,False
857255,APLAPOLLO26SEP1960CE,APLAPOLLO,24SEP2026,196000.000000,350,OPTSTK,BFO,5.000000,100000000,False
857287,LAURUSLABS26SEP1320PE,LAURUSLABS,24SEP2026,132000.000000,850,OPTSTK,BFO,5.000000,68000,False
865228,ADANIPORTS26OCT1560CE,ADANIPORTS,29OCT2026,156000.000000,475,OPTSTK,BFO,5.000000,32000,False
865229,FOCIT26OCT33900PE,FOCIT,29OCT2026,3390000.000000,45,OPTIDX,BFO,5.000000,1350,False
865232,MAXHEALTH26OCT1160CE,MAXHEALTH,29OCT2026,116000.000000,525,OPTSTK,BFO,5.000000,100000000,False
865278,GMRAIRPORT26OCT97CE,GMRAIRPORT,29OCT2026,9700.000000,6975,OPTSTK,BFO,5.000000,675000,False
842900,CAMS26SEP830CE,CAMS,24SEP2026,83000.000000,825,OPTSTK,BFO,5.000000,100000000,False
842908,PETRONET26SEP272.5PE,PETRONET,24SEP2026,27250.000000,1900,OPTSTK,BFO,5.000000,120000,False
842918,UNIONBANK26SEP185CE,UNIONBANK,24SEP2026,18500.000000,4425,OPTSTK,BFO,5.000000,100000000,False
842929,LTM26SEP3700PE,LTM,24SEP2026,370000.000000,150,OPTSTK,BFO,5.000000,4500,False
857321,KEI26SEP4300PE,KEI,24SEP2026,430000.000000,175,OPTSTK,BFO,5.000000,100000000,False
857352,ITC26SEP265PE,ITC,24SEP2026,26500.000000,1725,OPTSTK,BFO,5.000000,64000,False
857354,LODHA26SEP1260CE,LODHA,24SEP2026,126000.000000,625,OPTSTK,BFO,5.000000,100000000,False
857375,RVNL26SEP190PE,RVNL,24SEP2026,19000.000000,1925,OPTSTK,BFO,5.000000,100000000,False
1106998,PGEL26NOV670PE,PGEL,26NOV2026,67000.000000,950,OPTSTK,BFO,5.000000,100000000,False
1107014,INOXWIND26NOV67.5PE,INOXWIND,26NOV2026,6750.000000,6400,OPTSTK,BFO,5.000000,100000000,False
1107037,WAAREEENER26NOV2650PE,WAAREEENER,26NOV2026,265000.000000,175,OPTSTK,BFO,5.000000,100000000,False
1107061,CIPLA26NOV1440CE,CIPLA,26NOV2026,144000.000000,425,OPTSTK,BFO,5.000000,26000,False
865281,FOCIT26OCT36900CE,FOCIT,29OCT2026,3690000.000000,45,OPTIDX,BFO,5.000000,1350,False
865292,SENSEX5026OCT25550PE,SENSEX50,29OCT2026,2555000.000000,75,OPTIDX,BFO,5.000000,1800,False
865295,RELIANCE26OCT1280CE,RELIANCE,29OCT2026,128000.000000,500,OPTSTK,BFO,5.000000,10000,False
865300,TATASTEEL26OCT175PE,TATASTEEL,29OCT2026,17500.000000,2750,OPTSTK,BFO,5.000000,220000,False
857383,HDFCLIFE26SEP525CE,HDFCLIFE,24SEP2026,52500.000000,1100,OPTSTK,BFO,5.000000,44000,False
857387,TMPV26SEP295CE,TMPV,24SEP2026,29500.000000,1600,OPTSTK,BFO,5.000000,42750,False
857404,BAJAJHLDNG26SEP9700PE,BAJAJHLDNG,24SEP2026,970000.000000,75,OPTSTK,BFO,5.000000,100000000,False
857433,IRFC26SEP81CE,IRFC,24SEP2026,8100.000000,5425,OPTSTK,BFO,5.000000,100000000,False
842930,INDIGO26SEP5150PE,INDIGO,24SEP2026,515000.000000,150,OPTSTK,BFO,5.000000,12000,False
842933,LUPIN26SEP2200CE,LUPIN,24SEP2026,220000.000000,425,OPTSTK,BFO,5.000000,34000,False
842947,KFINTECH26SEP910CE,KFINTECH,24SEP2026,91000.000000,575,OPTSTK,BFO,5.000000,100000000,False
842982,MCX26SEP2800CE,MCX,24SEP2026,280000.000000,225,OPTSTK,BFO,5.000000,16000,False
865308,FOCIT26OCT43900PE,FOCIT,29OCT2026,4390000.000000,45,OPTIDX,BFO,5.000000,1350,False
865316,DIXON26OCT13250PE,DIXON,29OCT2026,1325000.000000,50,OPTSTK,BFO,5.000000,6000,False
865329,POWERGRID26OCT297.5PE,POWERGRID,29OCT2026,29750.000000,1900,OPTSTK,BFO,5.000000,108000,False
865353,RELIANCE26OCT1360PE,RELIANCE,29OCT2026,136000.000000,500,OPTSTK,BFO,5.000000,10000,False
1107080,IREDA26NOV125CE,IREDA,26NOV2026,12500.000000,4525,OPTSTK,BFO,5.000000,100000000,False
1107087,PAYTM26NOV1560PE,PAYTM,26NOV2026,156000.000000,725,OPTSTK,BFO,5.000000,100000000,False
1107112,BPCL26NOV335CE,BPCL,26NOV2026,33500.000000,1975,OPTSTK,BFO,5.000000,72000,False
1107205,SAGILITY26NOV43PE,SAGILITY,26NOV2026,4300.000000,12000,OPTSTK,BFO,5.000000,100000000,False
857439,CHOLAFIN26SEP1620CE,CHOLAFIN,24SEP2026,162000.000000,625,OPTSTK,BFO,5.000000,25000,False
857470,LODHA26SEP1260PE,LODHA,24SEP2026,126000.000000,625,OPTSTK,BFO,5.000000,100000000,False
857471,TIINDIA26SEP2600CE,TIINDIA,24SEP2026,260000.000000,200,OPTSTK,BFO,5.000000,100000000,False
857575,BANKEX26SEP57700CE,BANKEX,24SEP2026,5770000.000000,30,OPTIDX,BFO,5.000000,900,False
865354,SENSEX2691773900CE,SENSEX,17SEP2026,7390000.000000,20,OPTIDX,BFO,5.000000,1000,False
865356,IDEA26OCT20CE,IDEA,29OCT2026,2000.000000,71475,OPTSTK,BFO,5.000000,2400000,False
865357,SENSEX5026OCT26400PE,SENSEX50,29OCT2026,2640000.000000,75,OPTIDX,BFO,5.000000,1800,False
865381,JSWENERGY26OCTFUT,JSWENERGY,29OCT2026,0.000000,1075,FUTSTK,BFO,5.000000,100000000,False
842986,TIINDIA26SEP3140CE,TIINDIA,24SEP2026,314000.000000,200,OPTSTK,BFO,5.000000,100000000,False
842992,ETERNAL26SEP250PE,ETERNAL,24SEP2026,25000.000000,2425,OPTSTK,BFO,5.000000,100000000,False
842996,AXISBANK26SEP1330CE,AXISBANK,24SEP2026,133000.000000,625,OPTSTK,BFO,5.000000,25000,False
843028,INDUSINDBK26SEP940PE,INDUSINDBK,24SEP2026,94000.000000,700,OPTSTK,BFO,5.000000,20000,False
857611,PFC26SEP375CE,PFC,24SEP2026,37500.000000,1300,OPTSTK,BFO,5.000000,124000,False
857636,INOXWIND26SEP65CE,INOXWIND,24SEP2026,6500.000000,6400,OPTSTK,BFO,5.000000,100000000,False
857647,YESBANK26SEP16CE,YESBANK,24SEP2026,1600.000000,31100,OPTSTK,BFO,5.000000,100000000,False
857655,BANKEX26SEP57500PE,BANKEX,24SEP2026,5750000.000000,30,OPTIDX,BFO,5.000000,900,False
1107267,ABCAPITAL26NOV395PE,ABCAPITAL,26NOV2026,39500.000000,3100,OPTSTK,BFO,5.000000,162000,False
1107300,JSWSTEEL26NOV1200PE,JSWSTEEL,26NOV2026,120000.000000,675,OPTSTK,BFO,5.000000,40500,False
1107311,CIPLA26NOV1350CE,CIPLA,26NOV2026,135000.000000,425,OPTSTK,BFO,5.000000,26000,False
1107324,SENSEX5026NOV25100PE,SENSEX50,26NOV2026,2510000.000000,75,OPTIDX,BFO,5.000000,1800,False
865383,RBLBANK26OCT395PE,RBLBANK,29OCT2026,39500.000000,3175,OPTSTK,BFO,5.000000,150000,False
865405,LUPIN26OCT2400CE,LUPIN,29OCT2026,240000.000000,425,OPTSTK,BFO,5.000000,34000,False
865409,TORNTPHARM26OCT4950PE,TORNTPHARM,29OCT2026,495000.000000,125,OPTSTK,BFO,5.000000,15000,False
865414,NAM-INDIA26OCT1200PE,NAM-INDIA,29OCT2026,120000.000000,625,OPTSTK,BFO,5.000000,100000000,False
857668,INDIANB26SEP710CE,INDIANB,24SEP2026,71000.000000,1000,OPTSTK,BFO,5.000000,100000000,False
857669,LAURUSLABS26SEP1320CE,LAURUSLABS,24SEP2026,132000.000000,850,OPTSTK,BFO,5.000000,68000,False
857679,LT26SEP3600CE,LT,24SEP2026,360000.000000,175,OPTSTK,BFO,5.000000,12000,False
857686,VBL26SEP400CE,VBL,24SEP2026,40000.000000,1275,OPTSTK,BFO,5.000000,100000000,False
843029,FOCIT26SEP34000PE,FOCIT,24SEP2026,3400000.000000,45,OPTIDX,BFO,5.000000,1350,False
843033,GODREJCP26SEP1070CE,GODREJCP,24SEP2026,107000.000000,500,OPTSTK,BFO,5.000000,30000,False
843037,MUTHOOTFIN26SEP3200PE,MUTHOOTFIN,24SEP2026,320000.000000,275,OPTSTK,BFO,5.000000,22000,False
843046,COLPAL26SEP2060CE,COLPAL,24SEP2026,206000.000000,275,OPTSTK,BFO,5.000000,14000,False
865415,HINDZINC26OCT560CE,HINDZINC,29OCT2026,56000.000000,1225,OPTSTK,BFO,5.000000,100000000,False
865431,ULTRACEMCO26OCT12000PE,ULTRACEMCO,29OCT2026,1200000.000000,50,OPTSTK,BFO,5.000000,3000,False
865445,VMM26OCT112.5PE,VMM,29OCT2026,11250.000000,4850,OPTSTK,BFO,5.000000,100000000,False
865449,CGPOWER26OCT900PE,CGPOWER,29OCT2026,90000.000000,850,OPTSTK,BFO,5.000000,100000000,False
1107338,BANKEX26NOV69400PE,BANKEX,26NOV2026,6940000.000000,30,OPTIDX,BFO,5.000000,900,False
1107368,OFSS26NOV11200PE,OFSS,26NOV2026,1120000.000000,100,OPTSTK,BFO,5.000000,8000,False
1107401,BAJAJ-AUTO26NOV11400PE,BAJAJ-AUTO,26NOV2026,1140000.000000,75,OPTSTK,BFO,5.000000,5000,False
1107423,MANAPPURAM26NOV320CE,MANAPPURAM,26NOV2026,32000.000000,3000,OPTSTK,BFO,5.000000,180000,False
857693,BANKEX26SEP57700PE,BANKEX,24SEP2026,5770000.000000,30,OPTIDX,BFO,5.000000,900,False
857697,ITC26SEP262.5PE,ITC,24SEP2026,26250.000000,1725,OPTSTK,BFO,5.000000,64000,False
857710,RELIANCE26SEP1210CE,RELIANCE,24SEP2026,121000.000000,500,OPTSTK,BFO,5.000000,10000,False
857726,INDIGO26SEP4400CE,INDIGO,24SEP2026,440000.000000,150,OPTSTK,BFO,5.000000,12000,False
865465,LODHA26OCT1380PE,LODHA,29OCT2026,138000.000000,625,OPTSTK,BFO,5.000000,100000000,False
865471,LUPIN26OCT2320PE,LUPIN,29OCT2026,232000.000000,425,OPTSTK,BFO,5.000000,34000,False
865472,INOXWIND26OCTFUT,INOXWIND,29OCT2026,0.000000,6400,FUTSTK,BFO,5.000000,100000000,False
865480,AUBANK26OCT1000PE,AUBANK,29OCT2026,100000.000000,1000,OPTSTK,BFO,5.000000,30000,False
843097,HDFCAMC26SEP2560CE,HDFCAMC,24SEP2026,256000.000000,300,OPTSTK,BFO,5.000000,12000,False
1107435,COLPAL26NOV1840CE,COLPAL,26NOV2026,184000.000000,275,OPTSTK,BFO,5.000000,14000,False
1107440,KALYANKJIL26NOV645CE,KALYANKJIL,26NOV2026,64500.000000,1350,OPTSTK,BFO,5.000000,100000000,False
1107446,SENSEX26O1580400CE,SENSEX,15OCT2026,8040000.000000,20,OPTIDX,BFO,5.000000,1000,False
1107490,CGPOWER26NOV800PE,CGPOWER,26NOV2026,80000.000000,850,OPTSTK,BFO,5.000000,100000000,False
843048,MOTHERSON26SEP156CE,MOTHERSON,24SEP2026,15600.000000,6150,OPTSTK,BFO,5.000000,284000,False
843072,TCS26SEP1960PE,TCS,24SEP2026,196000.000000,225,OPTSTK,BFO,5.000000,7000,False
843074,INOXWIND26SEP91PE,INOXWIND,24SEP2026,9100.000000,6400,OPTSTK,BFO,5.000000,100000000,False
857740,CONCOR26SEP425CE,CONCOR,24SEP2026,42500.000000,1250,OPTSTK,BFO,5.000000,40000,False
857751,MOTHERSON26SEP122.5CE,MOTHERSON,24SEP2026,12250.000000,6150,OPTSTK,BFO,5.000000,284000,False
857756,CANBK26SEP105CE,CANBK,24SEP2026,10500.000000,6750,OPTSTK,BFO,5.000000,81000,False
857796,KAYNES26SEP3750CE,KAYNES,24SEP2026,375000.000000,150,OPTSTK,BFO,5.000000,100000000,False
865512,SENSEX26OCT84700CE,SENSEX,29OCT2026,8470000.000000,20,OPTIDX,BFO,5.000000,1000,False
865521,ICICIBANK26OCT1450CE,ICICIBANK,29OCT2026,145000.000000,700,OPTSTK,BFO,5.000000,28000,False
865524,KALYANKJIL26OCT655CE,KALYANKJIL,29OCT2026,65500.000000,1350,OPTSTK,BFO,5.000000,100000000,False
865530,BHARATFORG26OCT2020PE,BHARATFORG,29OCT2026,202000.000000,500,OPTSTK,BFO,5.000000,30000,False
857828,SWIGGY26SEP315PE,SWIGGY,24SEP2026,31500.000000,1825,OPTSTK,BFO,5.000000,100000000,False
857849,JSWENERGY26SEP460CE,JSWENERGY,24SEP2026,46000.000000,1075,OPTSTK,BFO,5.000000,100000000,False
857860,DRREDDY26SEP1240CE,DRREDDY,24SEP2026,124000.000000,625,OPTSTK,BFO,5.000000,5000,False
857873,PAYTM26SEP1400PE,PAYTM,24SEP2026,140000.000000,725,OPTSTK,BFO,5.000000,100000000,False
865535,HINDALCO26OCT840PE,HINDALCO,29OCT2026,84000.000000,700,OPTSTK,BFO,5.000000,56000,False
865549,FOCIT26SEP39200CE,FOCIT,24SEP2026,3920000.000000,45,OPTIDX,BFO,5.000000,1350,False
865552,SENSEX2691777900PE,SENSEX,17SEP2026,7790000.000000,20,OPTIDX,BFO,5.000000,1000,False
865559,COCHINSHIP26OCT1340PE,COCHINSHIP,29OCT2026,134000.000000,400,OPTSTK,BFO,5.000000,100000000,False
843099,APOLLOHOSP26SEP8300PE,APOLLOHOSP,24SEP2026,830000.000000,125,OPTSTK,BFO,5.000000,5000,False
843121,DIXON26SEP11500CE,DIXON,24SEP2026,1150000.000000,50,OPTSTK,BFO,5.000000,6000,False
843129,TATACONSUM26SEP1190CE,TATACONSUM,24SEP2026,119000.000000,550,OPTSTK,BFO,5.000000,36000,False
843159,VBL26SEP475CE,VBL,24SEP2026,47500.000000,1275,OPTSTK,BFO,5.000000,100000000,False
1107514,HDFCLIFE26NOV540PE,HDFCLIFE,26NOV2026,54000.000000,1100,OPTSTK,BFO,5.000000,44000,False
1107529,SENSEX5026NOV24400CE,SENSEX50,26NOV2026,2440000.000000,75,OPTIDX,BFO,5.000000,1800,False
1107555,BANKEX26NOV68700CE,BANKEX,26NOV2026,6870000.000000,30,OPTIDX,BFO,5.000000,900,False
1107578,BANKEX26NOV71100PE,BANKEX,26NOV2026,7110000.000000,30,OPTIDX,BFO,5.000000,900,False
857885,PAGEIND26SEP37500PE,PAGEIND,24SEP2026,3750000.000000,20,OPTSTK,BFO,5.000000,600,False
857913,NYKAA26SEP360CE,NYKAA,24SEP2026,36000.000000,3125,OPTSTK,BFO,5.000000,100000000,False
857960,DRREDDY26SEP1220CE,DRREDDY,24SEP2026,122000.000000,625,OPTSTK,BFO,5.000000,5000,False
857966,POLYCAB26SEP8400CE,POLYCAB,24SEP2026,840000.000000,125,OPTSTK,BFO,5.000000,9000,False
865580,BANKEX26OCT59400PE,BANKEX,29OCT2026,5940000.000000,30,OPTIDX,BFO,5.000000,900,False
865587,BANDHANBNK26OCT150PE,BANDHANBNK,29OCT2026,15000.000000,3600,OPTSTK,BFO,5.000000,100000,False
865600,PIIND26OCT2500PE,PIIND,29OCT2026,250000.000000,175,OPTSTK,BFO,5.000000,7500,False
865607,SENSEX2691781000PE,SENSEX,17SEP2026,8100000.000000,20,OPTIDX,BFO,5.000000,1000,False
843163,SRF26SEP2600CE,SRF,24SEP2026,260000.000000,200,OPTSTK,BFO,5.000000,11250,False
843172,ETERNAL26SEP255PE,ETERNAL,24SEP2026,25500.000000,2425,OPTSTK,BFO,5.000000,100000000,False
843177,CROMPTON26SEP275CE,CROMPTON,24SEP2026,27500.000000,2150,OPTSTK,BFO,5.000000,90000,False
843186,LICI26SEP390PE,LICI,24SEP2026,39000.000000,1400,OPTSTK,BFO,5.000000,100000000,False
857971,ZYDUSLIFE26SEP1230PE,ZYDUSLIFE,24SEP2026,123000.000000,900,OPTSTK,BFO,5.000000,54000,False
857977,DRREDDY26SEP1260CE,DRREDDY,24SEP2026,126000.000000,625,OPTSTK,BFO,5.000000,5000,False
858006,KAYNES26SEP3800CE,KAYNES,24SEP2026,380000.000000,150,OPTSTK,BFO,5.000000,100000000,False
858018,PHOENIXLTD26SEP2260CE,PHOENIXLTD,24SEP2026,226000.000000,350,OPTSTK,BFO,5.000000,100000000,False
1107586,KEI26NOV5900PE,KEI,26NOV2026,590000.000000,175,OPTSTK,BFO,5.000000,100000000,False
1107620,DIXON26NOV15500PE,DIXON,26NOV2026,1550000.000000,50,OPTSTK,BFO,5.000000,6000,False
1107636,AMBER26NOV8400PE,AMBER,26NOV2026,840000.000000,100,OPTSTK,BFO,5.000000,100000000,False
1107654,HINDALCO26NOV900PE,HINDALCO,26NOV2026,90000.000000,700,OPTSTK,BFO,5.000000,56000,False
865612,SENSEX2691783300PE,SENSEX,17SEP2026,8330000.000000,20,OPTIDX,BFO,5.000000,1000,False
865613,ANGELONE26OCT305CE,ANGELONE,29OCT2026,30500.000000,2500,OPTSTK,BFO,5.000000,100000000,False
865630,SENSEX5026OCT26300CE,SENSEX50,29OCT2026,2630000.000000,75,OPTIDX,BFO,5.000000,1800,False
865631,POLICYBZR26OCT1740CE,POLICYBZR,29OCT2026,174000.000000,350,OPTSTK,BFO,5.000000,100000000,False
1107681,ULTRACEMCO26NOV12300CE,ULTRACEMCO,26NOV2026,1230000.000000,50,OPTSTK,BFO,5.000000,3000,False
1107785,BAJAJ-AUTO26NOV12000PE,BAJAJ-AUTO,26NOV2026,1200000.000000,75,OPTSTK,BFO,5.000000,5000,False
1107787,DRREDDY26NOV1220CE,DRREDDY,26NOV2026,122000.000000,625,OPTSTK,BFO,5.000000,5000,False
1107807,HAL26NOV4500CE,HAL,26NOV2026,450000.000000,150,OPTSTK,BFO,5.000000,9000,False
865644,DIVISLAB26OCT7400CE,DIVISLAB,29OCT2026,740000.000000,100,OPTSTK,BFO,5.000000,8000,False
865648,FEDERALBNK26OCT345CE,FEDERALBNK,29OCT2026,34500.000000,2500,OPTSTK,BFO,5.000000,200000,False
865667,PRESTIGE26OCT1720PE,PRESTIGE,29OCT2026,172000.000000,450,OPTSTK,BFO,5.000000,100000000,False
865673,ADANIENT26OCT3400CE,ADANIENT,29OCT2026,340000.000000,309,OPTSTK,BFO,5.000000,9000,False
843198,BIOCON26SEP435PE,BIOCON,24SEP2026,43500.000000,2500,OPTSTK,BFO,5.000000,100000,False
843201,GAIL26SEP169PE,GAIL,24SEP2026,16900.000000,3550,OPTSTK,BFO,5.000000,274500,False
843205,LODHA26SEP920PE,LODHA,24SEP2026,92000.000000,625,OPTSTK,BFO,5.000000,100000000,False
843221,MOTHERSON26SEP148PE,MOTHERSON,24SEP2026,14800.000000,6150,OPTSTK,BFO,5.000000,284000,False
858059,INDIANB26SEP940CE,INDIANB,24SEP2026,94000.000000,1000,OPTSTK,BFO,5.000000,100000000,False
858078,GODREJPROP26SEP2220CE,GODREJPROP,24SEP2026,222000.000000,325,OPTSTK,BFO,5.000000,19000,False
858083,PHOENIXLTD26SEP2260PE,PHOENIXLTD,24SEP2026,226000.000000,350,OPTSTK,BFO,5.000000,100000000,False
858123,PREMIERENE26SEP1240CE,PREMIERENE,24SEP2026,124000.000000,650,OPTSTK,BFO,5.000000,100000000,False
1107808,INDUSINDBK26NOV1000CE,INDUSINDBK,26NOV2026,100000.000000,700,OPTSTK,BFO,5.000000,20000,False
1107813,VEDL26NOV305CE,VEDL,26NOV2026,30500.000000,1150,OPTSTK,BFO,5.000000,80000,False
1107821,GODREJCP26NOV980CE,GODREJCP,26NOV2026,98000.000000,500,OPTSTK,BFO,5.000000,30000,False
1107828,MARUTI26NOV13400CE,MARUTI,26NOV2026,1340000.000000,50,OPTSTK,BFO,5.000000,3000,False
865674,BEL26OCT370CE,BEL,29OCT2026,37000.000000,1425,OPTSTK,BFO,5.000000,228000,False
865689,ULTRACEMCO26OCTFUT,ULTRACEMCO,29OCT2026,0.000000,50,FUTSTK,BFO,5.000000,3000,False
865700,BHEL26OCT415CE,BHEL,29OCT2026,41500.000000,2625,OPTSTK,BFO,5.000000,315000,False
865719,DLF26OCT590CE,DLF,29OCT2026,59000.000000,950,OPTSTK,BFO,5.000000,49500,False
858133,LTM26SEP4400PE,LTM,24SEP2026,440000.000000,150,OPTSTK,BFO,5.000000,4500,False
858138,LTM26SEP4300CE,LTM,24SEP2026,430000.000000,150,OPTSTK,BFO,5.000000,4500,False
858171,OFSS26SEP12000CE,OFSS,24SEP2026,1200000.000000,100,OPTSTK,BFO,5.000000,8000,False
858179,PHOENIXLTD26SEP2280CE,PHOENIXLTD,24SEP2026,228000.000000,350,OPTSTK,BFO,5.000000,100000000,False
843232,OBEROIRLTY26SEP1760PE,OBEROIRLTY,24SEP2026,176000.000000,350,OPTSTK,BFO,5.000000,28000,False
843246,KEI26SEP5400CE,KEI,24SEP2026,540000.000000,175,OPTSTK,BFO,5.000000,100000000,False
843248,TVSMOTOR26SEP3680PE,TVSMOTOR,24SEP2026,368000.000000,175,OPTSTK,BFO,5.000000,21000,False
843254,PFC26SEP460CE,PFC,24SEP2026,46000.000000,1300,OPTSTK,BFO,5.000000,124000,False
1107829,SENSEX26O1582100PE,SENSEX,15OCT2026,8210000.000000,20,OPTIDX,BFO,5.000000,1000,False
1107843,DIXON26NOV15250PE,DIXON,26NOV2026,1525000.000000,50,OPTSTK,BFO,5.000000,6000,False
1107894,IRFC26NOV90PE,IRFC,26NOV2026,9000.000000,5425,OPTSTK,BFO,5.000000,100000000,False
1107915,ONGC26NOV240PE,ONGC,26NOV2026,24000.000000,2250,OPTSTK,BFO,5.000000,154000,False
858182,OFSS26SEP12300PE,OFSS,24SEP2026,1230000.000000,100,OPTSTK,BFO,5.000000,8000,False
858208,FOCIT26SEP41500CE,FOCIT,24SEP2026,4150000.000000,45,OPTIDX,BFO,5.000000,1350,False
858217,GODREJPROP26SEP2200CE,GODREJPROP,24SEP2026,220000.000000,325,OPTSTK,BFO,5.000000,19000,False
858239,LICI26SEP480PE,LICI,24SEP2026,48000.000000,1400,OPTSTK,BFO,5.000000,100000000,False
865720,ABB26OCT7300CE,ABB,29OCT2026,730000.000000,125,OPTSTK,BFO,5.000000,7500,False
865721,SENSEX26OCT82700PE,SENSEX,29OCT2026,8270000.000000,20,OPTIDX,BFO,5.000000,1000,False
865733,ABCAPITAL26OCT400CE,ABCAPITAL,29OCT2026,40000.000000,3100,OPTSTK,BFO,5.000000,162000,False
865736,AMBER26OCT8100CE,AMBER,29OCT2026,810000.000000,100,OPTSTK,BFO,5.000000,100000000,False
1108004,SHREECEM26NOV22750PE,SHREECEM,26NOV2026,2275000.000000,25,OPTSTK,BFO,5.000000,1000,False
843256,PNB26SEP102CE,PNB,24SEP2026,10200.000000,8000,OPTSTK,BFO,5.000000,480000,False
843272,EICHERMOT26SEP7250CE,EICHERMOT,24SEP2026,725000.000000,100,OPTSTK,BFO,5.000000,7000,False
843309,MPHASIS26SEP2158CE,MPHASIS,24SEP2026,215800.000000,275,OPTSTK,BFO,5.000000,11000,False
843318,OFSS26SEP10500CE,OFSS,24SEP2026,1050000.000000,100,OPTSTK,BFO,5.000000,8000,False
1107937,DELHIVERY26NOV450CE,DELHIVERY,26NOV2026,45000.000000,2075,OPTSTK,BFO,5.000000,100000000,False
1107974,VBL26NOV420CE,VBL,26NOV2026,42000.000000,1275,OPTSTK,BFO,5.000000,100000000,False
1107976,NBCC26NOV92.5PE,NBCC,26NOV2026,9250.000000,6500,OPTSTK,BFO,5.000000,100000000,False
865750,ULTRACEMCO26OCT11600PE,ULTRACEMCO,29OCT2026,1160000.000000,50,OPTSTK,BFO,5.000000,3000,False
865752,ADANIGREEN26OCT1460PE,ADANIGREEN,29OCT2026,146000.000000,600,OPTSTK,BFO,5.000000,100000000,False
865758,HDFCLIFE26OCT555PE,HDFCLIFE,29OCT2026,55500.000000,1100,OPTSTK,BFO,5.000000,44000,False
865784,MOTILALOFS26OCT920CE,MOTILALOFS,29OCT2026,92000.000000,775,OPTSTK,BFO,5.000000,100000000,False
858257,GODREJPROP26SEP2280CE,GODREJPROP,24SEP2026,228000.000000,325,OPTSTK,BFO,5.000000,19000,False
858283,ICICIPRULI26SEP535CE,ICICIPRULI,24SEP2026,53500.000000,925,OPTSTK,BFO,5.000000,60000,False
858284,LTM26SEP4250CE,LTM,24SEP2026,425000.000000,150,OPTSTK,BFO,5.000000,4500,False
858295,GODREJPROP26SEP2240PE,GODREJPROP,24SEP2026,224000.000000,325,OPTSTK,BFO,5.000000,19000,False
843328,CAMS26SEPFUT,CAMS,24SEP2026,0.000000,825,FUTSTK,BFO,5.000000,100000000,False
843331,CUMMINSIND26SEP5850CE,CUMMINSIND,24SEP2026,585000.000000,200,OPTSTK,BFO,5.000000,18000,False
843335,SONACOMS26SEP640CE,SONACOMS,24SEP2026,64000.000000,1225,OPTSTK,BFO,5.000000,100000000,False
843355,TATACONSUM26SEPFUT,TATACONSUM,24SEP2026,0.000000,550,FUTSTK,BFO,5.000000,36000,False
858325,FOCIT26SEP42000PE,FOCIT,24SEP2026,4200000.000000,45,OPTIDX,BFO,5.000000,1350,False
858333,GLENMARK26SEP2440CE,GLENMARK,24SEP2026,244000.000000,375,OPTSTK,BFO,5.000000,43500,False
858343,BDL26SEP1160CE,BDL,24SEP2026,116000.000000,425,OPTSTK,BFO,5.000000,100000000,False
858365,BAJAJ-AUTO26SEP11100CE,BAJAJ-AUTO,24SEP2026,1110000.000000,75,OPTSTK,BFO,5.000000,5000,False
865798,TVSMOTOR26OCT3950PE,TVSMOTOR,29OCT2026,395000.000000,175,OPTSTK,BFO,5.000000,21000,False
865822,SOLARINDS26OCT18500CE,SOLARINDS,29OCT2026,1850000.000000,50,OPTSTK,BFO,5.000000,100000000,False
865837,BANKEX26OCT59300CE,BANKEX,29OCT2026,5930000.000000,30,OPTIDX,BFO,5.000000,900,False
865845,BANKEX26OCT64000PE,BANKEX,29OCT2026,6400000.000000,30,OPTIDX,BFO,5.000000,900,False
1108015,FOCIT26NOV34200PE,FOCIT,26NOV2026,3420000.000000,45,OPTIDX,BFO,5.000000,1350,False
1108027,ATHERENERG26SEP1500PE,ATHERENERG,24SEP2026,150000.000000,375,OPTSTK,BFO,5.000000,100000000,False
1108533,HDFCBANK26NOV750PE,HDFCBANK,26NOV2026,75000.000000,650,OPTSTK,BFO,5.000000,16500,False
1108777,AXISBANK26NOV1120CE,AXISBANK,26NOV2026,112000.000000,625,OPTSTK,BFO,5.000000,25000,False
843409,HDFCAMC26SEPFUT,HDFCAMC,24SEP2026,0.000000,300,FUTSTK,BFO,5.000000,12000,False
843412,TCS26SEP2120CE,TCS,24SEP2026,212000.000000,225,OPTSTK,BFO,5.000000,7000,False
843413,NMDC26SEP83PE,NMDC,24SEP2026,8300.000000,6750,OPTSTK,BFO,5.000000,225000,False
843421,ICICIBANK26SEP1390PE,ICICIBANK,24SEP2026,139000.000000,700,OPTSTK,BFO,5.000000,28000,False
858380,TECHM26SEP1620CE,TECHM,24SEP2026,162000.000000,600,OPTSTK,BFO,5.000000,24000,False
858386,PGEL26SEP670PE,PGEL,24SEP2026,67000.000000,950,OPTSTK,BFO,5.000000,100000000,False
858418,OFSS26SEP12500CE,OFSS,24SEP2026,1250000.000000,100,OPTSTK,BFO,5.000000,8000,False
858429,BLUESTARCO26SEP1840PE,BLUESTARCO,24SEP2026,184000.000000,325,OPTSTK,BFO,5.000000,100000000,False
865847,VBL26OCT500CE,VBL,29OCT2026,50000.000000,1275,OPTSTK,BFO,5.000000,100000000,False
865850,LTF26OCT320CE,LTF,29OCT2026,32000.000000,2250,OPTSTK,BFO,5.000000,267720,False
865873,FOCIT26SEP41200PE,FOCIT,24SEP2026,4120000.000000,45,OPTIDX,BFO,5.000000,1350,False
865879,ASTRAL26OCT1620PE,ASTRAL,29OCT2026,162000.000000,425,OPTSTK,BFO,5.000000,14680,False
1109837,SENSEX27MAR77000CE,SENSEX,25MAR2027,7700000.000000,20,OPTIDX,BFO,5.000000,1000,False
1110187,SENSEX26NOV83700PE,SENSEX,26NOV2026,8370000.000000,20,OPTIDX,BFO,5.000000,1000,False
1110336,APLAPOLLO26NOV2140CE,APLAPOLLO,26NOV2026,214000.000000,350,OPTSTK,BFO,5.000000,100000000,False
1110517,KAYNES26NOV3850CE,KAYNES,26NOV2026,385000.000000,150,OPTSTK,BFO,5.000000,100000000,False
865897,TATAELXSI26OCT3300PE,TATAELXSI,29OCT2026,330000.000000,125,OPTSTK,BFO,5.000000,100000000,False
865902,MCX26OCT3000PE,MCX,29OCT2026,300000.000000,225,OPTSTK,BFO,5.000000,16000,False
865906,BANKEX26OCT69300CE,BANKEX,29OCT2026,6930000.000000,30,OPTIDX,BFO,5.000000,900,False
865921,LICHSGFIN26OCT590CE,LICHSGFIN,29OCT2026,59000.000000,1000,OPTSTK,BFO,5.000000,60000,False
843428,TECHM26SEP1424CE,TECHM,24SEP2026,142400.000000,600,OPTSTK,BFO,5.000000,24000,False
843432,HINDUNILVR26SEP2080PE,HINDUNILVR,24SEP2026,208000.000000,300,OPTSTK,BFO,5.000000,9000,False
843441,LUPIN26SEP2240CE,LUPIN,24SEP2026,224000.000000,425,OPTSTK,BFO,5.000000,34000,False
843442,LODHA26SEP890CE,LODHA,24SEP2026,89000.000000,625,OPTSTK,BFO,5.000000,100000000,False
858432,ICICIPRULI26SEP555CE,ICICIPRULI,24SEP2026,55500.000000,925,OPTSTK,BFO,5.000000,60000,False
858513,KALYANKJIL26SEP535PE,KALYANKJIL,24SEP2026,53500.000000,1350,OPTSTK,BFO,5.000000,100000000,False
858611,DIVISLAB26SEP7700PE,DIVISLAB,24SEP2026,770000.000000,100,OPTSTK,BFO,5.000000,8000,False
858629,SUPREMEIND26SEP3800PE,SUPREMEIND,24SEP2026,380000.000000,175,OPTSTK,BFO,5.000000,100000000,False
1110765,MAHABANK26NOV84CE,MAHABANK,26NOV2026,8400.000000,6500,OPTSTK,BFO,5.000000,100000000,False
1110773,SENSEX5026NOV24450PE,SENSEX50,26NOV2026,2445000.000000,75,OPTIDX,BFO,5.000000,1800,False
1110774,NESTLEIND26NOV1460CE,NESTLEIND,26NOV2026,146000.000000,500,OPTSTK,BFO,5.000000,1200,False
1110785,ANGELONE26NOV330CE,ANGELONE,26NOV2026,33000.000000,2500,OPTSTK,BFO,5.000000,100000000,False
865923,GODREJPROP26OCT2240CE,GODREJPROP,29OCT2026,224000.000000,325,OPTSTK,BFO,5.000000,19000,False
865925,FORTIS26OCT970CE,FORTIS,29OCT2026,97000.000000,775,OPTSTK,BFO,5.000000,100000000,False
865927,UNOMINDA26OCT1200CE,UNOMINDA,29OCT2026,120000.000000,550,OPTSTK,BFO,5.000000,100000000,False
865945,DABUR26OCT395PE,DABUR,29OCT2026,39500.000000,1250,OPTSTK,BFO,5.000000,50000,False
858643,BIOCON26SEP465PE,BIOCON,24SEP2026,46500.000000,2500,OPTSTK,BFO,5.000000,100000,False
858647,DIVISLAB26SEP7700CE,DIVISLAB,24SEP2026,770000.000000,100,OPTSTK,BFO,5.000000,8000,False
858656,ADANIENSOL26SEP1820PE,ADANIENSOL,24SEP2026,182000.000000,675,OPTSTK,BFO,5.000000,100000000,False
858657,DIVISLAB26SEP7900CE,DIVISLAB,24SEP2026,790000.000000,100,OPTSTK,BFO,5.000000,8000,False
1110810,LICHSGFIN26NOV580CE,LICHSGFIN,26NOV2026,58000.000000,1000,OPTSTK,BFO,5.000000,60000,False
1110836,ADANIENSOL26NOV1740PE,ADANIENSOL,26NOV2026,174000.000000,675,OPTSTK,BFO,5.000000,100000000,False
1110870,BANKEX26NOV67300PE,BANKEX,26NOV2026,6730000.000000,30,OPTIDX,BFO,5.000000,900,False
1110872,SENSEX26O1582000CE,SENSEX,15OCT2026,8200000.000000,20,OPTIDX,BFO,5.000000,1000,False
843443,MCX26SEP2850PE,MCX,24SEP2026,285000.000000,225,OPTSTK,BFO,5.000000,16000,False
843447,SIEMENS26SEP3650PE,SIEMENS,24SEP2026,365000.000000,175,OPTSTK,BFO,5.000000,8250,False
843451,NAM-INDIA26SEP1040PE,NAM-INDIA,24SEP2026,104000.000000,625,OPTSTK,BFO,5.000000,100000000,False
843464,TCS26SEP2200PE,TCS,24SEP2026,220000.000000,225,OPTSTK,BFO,5.000000,7000,False
865950,CGPOWER26OCT940PE,CGPOWER,29OCT2026,94000.000000,850,OPTSTK,BFO,5.000000,100000000,False
865983,RADICO26OCT4500CE,RADICO,29OCT2026,450000.000000,150,OPTSTK,BFO,5.000000,100000000,False
865993,MFSL26OCT1580PE,MFSL,29OCT2026,158000.000000,400,OPTSTK,BFO,5.000000,32000,False
866000,MANAPPURAM26OCT405PE,MANAPPURAM,29OCT2026,40500.000000,3000,OPTSTK,BFO,5.000000,180000,False
858666,DMART26SEP3550CE,DMART,24SEP2026,355000.000000,150,OPTSTK,BFO,5.000000,100000000,False
858672,GODFRYPHLP26SEP1700PE,GODFRYPHLP,24SEP2026,170000.000000,275,OPTSTK,BFO,5.000000,100000000,False
858678,PIDILITIND26SEP1420PE,PIDILITIND,24SEP2026,142000.000000,500,OPTSTK,BFO,5.000000,10000,False
858709,PATANJALI26SEP330PE,PATANJALI,24SEP2026,33000.000000,1075,OPTSTK,BFO,5.000000,100000000,False
866003,GMRAIRPORT26OCT104PE,GMRAIRPORT,29OCT2026,10400.000000,6975,OPTSTK,BFO,5.000000,675000,False
866018,BHARATFORG26OCT2220PE,BHARATFORG,29OCT2026,222000.000000,500,OPTSTK,BFO,5.000000,30000,False
843468,KALYANKJIL26SEP375CE,KALYANKJIL,24SEP2026,37500.000000,1350,OPTSTK,BFO,5.000000,100000000,False
843475,UNOMINDA26SEP1000CE,UNOMINDA,24SEP2026,100000.000000,550,OPTSTK,BFO,5.000000,100000000,False
843481,SENSEX5026SEP26100PE,SENSEX50,24SEP2026,2610000.000000,75,OPTIDX,BFO,5.000000,1800,False
843490,OFSS26SEP11100CE,OFSS,24SEP2026,1110000.000000,100,OPTSTK,BFO,5.000000,8000,False
866009,MOTILALOFS26OCT760PE,MOTILALOFS,29OCT2026,76000.000000,775,OPTSTK,BFO,5.000000,100000000,False
866012,BANKEX26OCT61900CE,BANKEX,29OCT2026,6190000.000000,30,OPTIDX,BFO,5.000000,900,False
1110902,BPCL26NOV285CE,BPCL,26NOV2026,28500.000000,1975,OPTSTK,BFO,5.000000,72000,False
1110903,GVT&D26NOV4500PE,GVT&D,26NOV2026,450000.000000,125,OPTSTK,BFO,5.000000,100000000,False
1110906,NBCC26NOV97.5PE,NBCC,26NOV2026,9750.000000,6500,OPTSTK,BFO,5.000000,100000000,False
1110910,MANKIND26NOV2520CE,MANKIND,26NOV2026,252000.000000,250,OPTSTK,BFO,5.000000,100000000,False
858713,KALYANKJIL26SEP585CE,KALYANKJIL,24SEP2026,58500.000000,1350,OPTSTK,BFO,5.000000,100000000,False
858753,PATANJALI26SEP340CE,PATANJALI,24SEP2026,34000.000000,1075,OPTSTK,BFO,5.000000,100000000,False
858755,SHREECEM26SEP28750PE,SHREECEM,24SEP2026,2875000.000000,25,OPTSTK,BFO,5.000000,1000,False
858808,PATANJALI26SEP350CE,PATANJALI,24SEP2026,35000.000000,1075,OPTSTK,BFO,5.000000,100000000,False
866019,PATANJALI26OCT375PE,PATANJALI,29OCT2026,37500.000000,1075,OPTSTK,BFO,5.000000,100000000,False
866028,BHARATFORG26OCT2060PE,BHARATFORG,29OCT2026,206000.000000,500,OPTSTK,BFO,5.000000,30000,False
866050,NAM-INDIA26OCT1140CE,NAM-INDIA,29OCT2026,114000.000000,625,OPTSTK,BFO,5.000000,100000000,False
866090,MUTHOOTFIN26OCT3350PE,MUTHOOTFIN,29OCT2026,335000.000000,275,OPTSTK,BFO,5.000000,22000,False
843514,CAMS26SEP780CE,CAMS,24SEP2026,78000.000000,825,OPTSTK,BFO,5.000000,100000000,False
843516,UNIONBANK26SEP170PE,UNIONBANK,24SEP2026,17000.000000,4425,OPTSTK,BFO,5.000000,100000000,False
843523,RADICO26SEP4300CE,RADICO,24SEP2026,430000.000000,150,OPTSTK,BFO,5.000000,100000000,False
843530,NTPC26SEP350PE,NTPC,24SEP2026,35000.000000,1500,OPTSTK,BFO,5.000000,150000,False
858873,KALYANKJIL26SEP575PE,KALYANKJIL,24SEP2026,57500.000000,1350,OPTSTK,BFO,5.000000,100000000,False
858875,HINDUNILVR26SEP1960CE,HINDUNILVR,24SEP2026,196000.000000,300,OPTSTK,BFO,5.000000,9000,False
858891,ETERNAL26SEP330PE,ETERNAL,24SEP2026,33000.000000,2425,OPTSTK,BFO,5.000000,100000000,False
858907,ICICIGI26SEP1560CE,ICICIGI,24SEP2026,156000.000000,325,OPTSTK,BFO,5.000000,20000,False
1110915,PREMIERENE26NOV860CE,PREMIERENE,26NOV2026,86000.000000,650,OPTSTK,BFO,5.000000,100000000,False
1110921,NYKAA26NOV375PE,NYKAA,26NOV2026,37500.000000,3125,OPTSTK,BFO,5.000000,100000000,False
1110925,BDL26NOV1360PE,BDL,26NOV2026,136000.000000,425,OPTSTK,BFO,5.000000,100000000,False
1110964,FOCIT26NOV29800PE,FOCIT,26NOV2026,2980000.000000,45,OPTIDX,BFO,5.000000,1350,False
866106,IEX26OCT137.5PE,IEX,29OCT2026,13750.000000,4350,OPTSTK,BFO,5.000000,150000,False
866121,ADANIPOWER26OCT230PE,ADANIPOWER,29OCT2026,23000.000000,3550,OPTSTK,BFO,5.000000,100000000,False
866132,INDUSINDBK26OCTFUT,INDUSINDBK,29OCT2026,0.000000,700,FUTSTK,BFO,5.000000,20000,False
866138,POLYCAB26OCT8500PE,POLYCAB,29OCT2026,850000.000000,125,OPTSTK,BFO,5.000000,9000,False
843533,GVT&D26SEP6400PE,GVT&D,24SEP2026,640000.000000,125,OPTSTK,BFO,5.000000,100000000,False
843534,CUMMINSIND26SEP5500PE,CUMMINSIND,24SEP2026,550000.000000,200,OPTSTK,BFO,5.000000,18000,False
843552,UNITDSPR26SEP1450CE,UNITDSPR,24SEP2026,145000.000000,400,OPTSTK,BFO,5.000000,28000,False
843553,DELHIVERY26SEP485PE,DELHIVERY,24SEP2026,48500.000000,2075,OPTSTK,BFO,5.000000,100000000,False
858996,SUPREMEIND26SEP3850PE,SUPREMEIND,24SEP2026,385000.000000,175,OPTSTK,BFO,5.000000,100000000,False
859016,BHEL26SEP470PE,BHEL,24SEP2026,47000.000000,2625,OPTSTK,BFO,5.000000,315000,False
859128,ICICIGI26SEP1540CE,ICICIGI,24SEP2026,154000.000000,325,OPTSTK,BFO,5.000000,20000,False
859243,DIXON26SEP16000CE,DIXON,24SEP2026,1600000.000000,50,OPTSTK,BFO,5.000000,6000,False
866140,NTPC26OCT335CE,NTPC,29OCT2026,33500.000000,1500,OPTSTK,BFO,5.000000,150000,False
866148,DIVISLAB26OCTFUT,DIVISLAB,29OCT2026,0.000000,100,FUTSTK,BFO,5.000000,8000,False
866158,HYUNDAI26OCT2080CE,HYUNDAI,29OCT2026,208000.000000,275,OPTSTK,BFO,5.000000,100000000,False
866181,FOCIT26OCT33400PE,FOCIT,29OCT2026,3340000.000000,45,OPTIDX,BFO,5.000000,1350,False
1110971,SENSEX26NOV71300CE,SENSEX,26NOV2026,7130000.000000,20,OPTIDX,BFO,5.000000,1000,False
1110979,BAJFINANCE26NOV1090CE,BAJFINANCE,26NOV2026,109000.000000,750,OPTSTK,BFO,5.000000,3750,False
1111004,ATHERENERG26NOV1580CE,ATHERENERG,26NOV2026,158000.000000,375,OPTSTK,BFO,5.000000,100000000,False
1111024,TVSMOTOR26NOV4400CE,TVSMOTOR,26NOV2026,440000.000000,175,OPTSTK,BFO,5.000000,21000,False
843565,INDIGO26SEP5250CE,INDIGO,24SEP2026,525000.000000,150,OPTSTK,BFO,5.000000,12000,False
843592,TATASTEEL26SEP197.5CE,TATASTEEL,24SEP2026,19750.000000,2750,OPTSTK,BFO,5.000000,220000,False
843597,FEDERALBNK26SEP322.5PE,FEDERALBNK,24SEP2026,32250.000000,2500,OPTSTK,BFO,5.000000,200000,False
843607,IDFCFIRSTB26SEP77CE,IDFCFIRSTB,24SEP2026,7700.000000,9275,OPTSTK,BFO,5.000000,450000,False
859264,UPL26SEP690CE,UPL,24SEP2026,69000.000000,1355,OPTSTK,BFO,5.000000,39000,False
859275,HYUNDAI26SEP2160PE,HYUNDAI,24SEP2026,216000.000000,275,OPTSTK,BFO,5.000000,100000000,False
859278,ICICIGI26SEP1480CE,ICICIGI,24SEP2026,148000.000000,325,OPTSTK,BFO,5.000000,20000,False
859452,FEDERALBNK26SEP380CE,FEDERALBNK,24SEP2026,38000.000000,2500,OPTSTK,BFO,5.000000,200000,False
866195,OIL26OCT470PE,OIL,29OCT2026,47000.000000,1400,OPTSTK,BFO,5.000000,100000000,False
866202,APOLLOHOSP26OCT8600CE,APOLLOHOSP,29OCT2026,860000.000000,125,OPTSTK,BFO,5.000000,5000,False
866218,DRREDDY26OCT1140PE,DRREDDY,29OCT2026,114000.000000,625,OPTSTK,BFO,5.000000,5000,False
866224,TORNTPHARM26OCT4700PE,TORNTPHARM,29OCT2026,470000.000000,125,OPTSTK,BFO,5.000000,15000,False
1111079,ADANIENSOL26NOV1640CE,ADANIENSOL,26NOV2026,164000.000000,675,OPTSTK,BFO,5.000000,100000000,False
1111096,RADICO26NOV4450CE,RADICO,26NOV2026,445000.000000,150,OPTSTK,BFO,5.000000,100000000,False
1111128,SENSEX26O1570000PE,SENSEX,15OCT2026,7000000.000000,20,OPTIDX,BFO,5.000000,1000,False
1111135,FOCIT26NOV33800PE,FOCIT,26NOV2026,3380000.000000,45,OPTIDX,BFO,5.000000,1350,False
866226,FOCIT26OCT34100CE,FOCIT,29OCT2026,3410000.000000,45,OPTIDX,BFO,5.000000,1350,False
866257,CGPOWER26OCT980CE,CGPOWER,29OCT2026,98000.000000,850,OPTSTK,BFO,5.000000,100000000,False
866269,ADANIENT26OCT3350CE,ADANIENT,29OCT2026,335000.000000,309,OPTSTK,BFO,5.000000,9000,False
866275,NMDC26OCT90CE,NMDC,29OCT2026,9000.000000,6750,OPTSTK,BFO,5.000000,225000,False
859470,PATANJALI26SEP305CE,PATANJALI,24SEP2026,30500.000000,1075,OPTSTK,BFO,5.000000,100000000,False
859515,CROMPTON26SEP220CE,CROMPTON,24SEP2026,22000.000000,2150,OPTSTK,BFO,5.000000,90000,False
859525,ICICIBANK26SEP1510CE,ICICIBANK,24SEP2026,151000.000000,700,OPTSTK,BFO,5.000000,28000,False
859532,SENSEX30JUN76000PE,SENSEX,27JUN2030,7600000.000000,20,OPTIDX,BFO,5.000000,1000,False
1111147,POLICYBZR26NOV1980CE,POLICYBZR,26NOV2026,198000.000000,350,OPTSTK,BFO,5.000000,100000000,False
1111153,MAXHEALTH26NOV1030PE,MAXHEALTH,26NOV2026,103000.000000,525,OPTSTK,BFO,5.000000,100000000,False
1111167,NHPC26NOV76PE,NHPC,26NOV2026,7600.000000,6950,OPTSTK,BFO,5.000000,100000000,False
1111174,MOTILALOFS26NOV1020PE,MOTILALOFS,26NOV2026,102000.000000,775,OPTSTK,BFO,5.000000,100000000,False
843609,FEDERALBNK26SEP327.5CE,FEDERALBNK,24SEP2026,32750.000000,2500,OPTSTK,BFO,5.000000,200000,False
843620,NMDC26SEP84CE,NMDC,24SEP2026,8400.000000,6750,OPTSTK,BFO,5.000000,225000,False
843645,PRESTIGE26SEP1480CE,PRESTIGE,24SEP2026,148000.000000,450,OPTSTK,BFO,5.000000,100000000,False
843697,HAL26SEP4300CE,HAL,24SEP2026,430000.000000,150,OPTSTK,BFO,5.000000,9000,False
866284,SUPREMEIND26OCT3350PE,SUPREMEIND,29OCT2026,335000.000000,175,OPTSTK,BFO,5.000000,100000000,False
866290,NBCC26OCT85CE,NBCC,29OCT2026,8500.000000,6500,OPTSTK,BFO,5.000000,100000000,False
866301,SUPREMEIND26OCT3500CE,SUPREMEIND,29OCT2026,350000.000000,175,OPTSTK,BFO,5.000000,100000000,False
866303,FOCIT26SEP31400PE,FOCIT,24SEP2026,3140000.000000,45,OPTIDX,BFO,5.000000,1350,False
859557,POLYCAB26SEP8300CE,POLYCAB,24SEP2026,830000.000000,125,OPTSTK,BFO,5.000000,9000,False
859616,TCS26SEP2400PE,TCS,24SEP2026,240000.000000,225,OPTSTK,BFO,5.000000,7000,False
859632,KEI26SEP4200PE,KEI,24SEP2026,420000.000000,175,OPTSTK,BFO,5.000000,100000000,False
859645,KALYANKJIL26SEP595CE,KALYANKJIL,24SEP2026,59500.000000,1350,OPTSTK,BFO,5.000000,100000000,False
843721,ADANIGREEN26SEP1540CE,ADANIGREEN,24SEP2026,154000.000000,600,OPTSTK,BFO,5.000000,100000000,False
843722,IEX26SEP121PE,IEX,24SEP2026,12100.000000,4350,OPTSTK,BFO,5.000000,150000,False
843724,TATAELXSI26SEP4100PE,TATAELXSI,24SEP2026,410000.000000,125,OPTSTK,BFO,5.000000,100000000,False
843738,COFORGE26SEP1520PE,COFORGE,24SEP2026,152000.000000,475,OPTSTK,BFO,5.000000,6000,False
1111184,EICHERMOT26NOV8800PE,EICHERMOT,26NOV2026,880000.000000,100,OPTSTK,BFO,5.000000,7000,False
1111198,MARICO26NOV810PE,MARICO,26NOV2026,81000.000000,1200,OPTSTK,BFO,5.000000,48000,False
1111222,BANKEX26NOV58300PE,BANKEX,26NOV2026,5830000.000000,30,OPTIDX,BFO,5.000000,900,False
1111235,SENSEX26O1577600CE,SENSEX,15OCT2026,7760000.000000,20,OPTIDX,BFO,5.000000,1000,False
859655,MFSL26SEP1400PE,MFSL,24SEP2026,140000.000000,400,OPTSTK,BFO,5.000000,32000,False
859673,POLYCAB26SEP8200PE,POLYCAB,24SEP2026,820000.000000,125,OPTSTK,BFO,5.000000,9000,False
859698,HDFCBANK26SEP720CE,HDFCBANK,24SEP2026,72000.000000,650,OPTSTK,BFO,5.000000,16500,False
859714,ICICIBANK26SEP1520CE,ICICIBANK,24SEP2026,152000.000000,700,OPTSTK,BFO,5.000000,28000,False
866324,WAAREEENER26OCT2850PE,WAAREEENER,29OCT2026,285000.000000,175,OPTSTK,BFO,5.000000,100000000,False
866327,ADANIPORTS26OCT1700PE,ADANIPORTS,29OCT2026,170000.000000,475,OPTSTK,BFO,5.000000,32000,False
866354,KPITTECH26OCT610CE,KPITTECH,29OCT2026,61000.000000,775,OPTSTK,BFO,5.000000,100000000,False
866360,INDIANB26OCT850PE,INDIANB,29OCT2026,85000.000000,1000,OPTSTK,BFO,5.000000,100000000,False
866398,MANAPPURAM26OCT350PE,MANAPPURAM,29OCT2026,35000.000000,3000,OPTSTK,BFO,5.000000,180000,False
866399,BANKEX26OCT60500PE,BANKEX,29OCT2026,6050000.000000,30,OPTIDX,BFO,5.000000,900,False
866405,NESTLEIND26OCT1460CE,NESTLEIND,29OCT2026,146000.000000,500,OPTSTK,BFO,5.000000,1200,False
866417,ANGELONE26OCT255PE,ANGELONE,29OCT2026,25500.000000,2500,OPTSTK,BFO,5.000000,100000000,False
843743,PATANJALI26SEP415CE,PATANJALI,24SEP2026,41500.000000,1075,OPTSTK,BFO,5.000000,100000000,False
843747,KEI26SEP5600CE,KEI,24SEP2026,560000.000000,175,OPTSTK,BFO,5.000000,100000000,False
843748,ABCAPITAL26SEP390PE,ABCAPITAL,24SEP2026,39000.000000,3100,OPTSTK,BFO,5.000000,162000,False
843770,SUNPHARMA26SEP1840PE,SUNPHARMA,24SEP2026,184000.000000,350,OPTSTK,BFO,5.000000,28000,False
859720,ANGELONE26SEP290CE,ANGELONE,24SEP2026,29000.000000,2500,OPTSTK,BFO,5.000000,100000000,False
859743,IDFCFIRSTB26SEP89PE,IDFCFIRSTB,24SEP2026,8900.000000,9275,OPTSTK,BFO,5.000000,450000,False
859774,PNB26SEP118PE,PNB,24SEP2026,11800.000000,8000,OPTSTK,BFO,5.000000,480000,False
859776,SIEMENS26SEP4050PE,SIEMENS,24SEP2026,405000.000000,175,OPTSTK,BFO,5.000000,8250,False
1111238,MAZDOCK26NOV2350PE,MAZDOCK,26NOV2026,235000.000000,225,OPTSTK,BFO,5.000000,100000000,False
1111262,COFORGE26NOV1920PE,COFORGE,26NOV2026,192000.000000,475,OPTSTK,BFO,5.000000,6000,False
1111275,LUPIN26NOV2200PE,LUPIN,26NOV2026,220000.000000,425,OPTSTK,BFO,5.000000,34000,False
1111306,BRITANNIA26NOV5000CE,BRITANNIA,26NOV2026,500000.000000,125,OPTSTK,BFO,5.000000,6000,False
843774,EICHERMOT26SEP7450CE,EICHERMOT,24SEP2026,745000.000000,100,OPTSTK,BFO,5.000000,7000,False
843801,BAJFINANCE26SEP930PE,BAJFINANCE,24SEP2026,93000.000000,750,OPTSTK,BFO,5.000000,3750,False
843803,CIPLA26SEP1370CE,CIPLA,24SEP2026,137000.000000,425,OPTSTK,BFO,5.000000,26000,False
843821,LUPIN26SEP2380PE,LUPIN,24SEP2026,238000.000000,425,OPTSTK,BFO,5.000000,34000,False
866420,LTM26OCT4750CE,LTM,29OCT2026,475000.000000,150,OPTSTK,BFO,5.000000,4500,False
866424,LT26OCT4300PE,LT,29OCT2026,430000.000000,175,OPTSTK,BFO,5.000000,12000,False
866434,PHOENIXLTD26OCT1880PE,PHOENIXLTD,29OCT2026,188000.000000,350,OPTSTK,BFO,5.000000,100000000,False
866436,SENSEX26OCT73900PE,SENSEX,29OCT2026,7390000.000000,20,OPTIDX,BFO,5.000000,1000,False
859791,BANKINDIA26SEP165PE,BANKINDIA,24SEP2026,16500.000000,5200,OPTSTK,BFO,5.000000,100000000,False
859797,UNIONBANK26SEP192.5CE,UNIONBANK,24SEP2026,19250.000000,4425,OPTSTK,BFO,5.000000,100000000,False
859818,BAJAJHLDNG26SEP9600PE,BAJAJHLDNG,24SEP2026,960000.000000,75,OPTSTK,BFO,5.000000,100000000,False
859845,ULTRACEMCO26SEP12560CE,ULTRACEMCO,24SEP2026,1256000.000000,50,OPTSTK,BFO,5.000000,3000,False
1111309,SENSEX26O1571600CE,SENSEX,15OCT2026,7160000.000000,20,OPTIDX,BFO,5.000000,1000,False
1111336,SENSEX26O1583000CE,SENSEX,15OCT2026,8300000.000000,20,OPTIDX,BFO,5.000000,1000,False
1111347,SUZLON26NOV42PE,SUZLON,26NOV2026,4200.000000,12700,OPTSTK,BFO,5.000000,100000000,False
1111348,SENSEX26NOV73900PE,SENSEX,26NOV2026,7390000.000000,20,OPTIDX,BFO,5.000000,1000,False
866441,UNOMINDA26OCT1240CE,UNOMINDA,29OCT2026,124000.000000,550,OPTSTK,BFO,5.000000,100000000,False
866462,CGPOWER26OCT980PE,CGPOWER,29OCT2026,98000.000000,850,OPTSTK,BFO,5.000000,100000000,False
866465,LUPIN26OCT2560PE,LUPIN,29OCT2026,256000.000000,425,OPTSTK,BFO,5.000000,34000,False
866468,ASIANPAINT26OCTFUT,ASIANPAINT,29OCT2026,0.000000,250,FUTSTK,BFO,5.000000,8000,False
843849,BAJAJHLDNG26SEP11000PE,BAJAJHLDNG,24SEP2026,1100000.000000,75,OPTSTK,BFO,5.000000,100000000,False
843863,COFORGE26SEP1420CE,COFORGE,24SEP2026,142000.000000,475,OPTSTK,BFO,5.000000,6000,False
843871,ASTRAL26SEP1540CE,ASTRAL,24SEP2026,154000.000000,425,OPTSTK,BFO,5.000000,14680,False
843875,IREDA26SEP125CE,IREDA,24SEP2026,12500.000000,4525,OPTSTK,BFO,5.000000,100000000,False
859913,BAJFINANCE26SEP1140PE,BAJFINANCE,24SEP2026,114000.000000,750,OPTSTK,BFO,5.000000,3750,False
859940,LAURUSLABS26SEP1740PE,LAURUSLABS,24SEP2026,174000.000000,850,OPTSTK,BFO,5.000000,68000,False
859984,HAL26SEP4900CE,HAL,24SEP2026,490000.000000,150,OPTSTK,BFO,5.000000,9000,False
859986,SENSEX29JUN80000PE,SENSEX,28JUN2029,8000000.000000,20,OPTIDX,BFO,5.000000,1000,False
866470,WAAREEENER26OCT2750CE,WAAREEENER,29OCT2026,275000.000000,175,OPTSTK,BFO,5.000000,100000000,False
866477,CROMPTON26OCT250CE,CROMPTON,29OCT2026,25000.000000,2150,OPTSTK,BFO,5.000000,90000,False
866482,SENSEX2691777400PE,SENSEX,17SEP2026,7740000.000000,20,OPTIDX,BFO,5.000000,1000,False
866488,NESTLEIND26OCT1530CE,NESTLEIND,29OCT2026,153000.000000,500,OPTSTK,BFO,5.000000,1200,False
1111356,SENSEX26NOV78300CE,SENSEX,26NOV2026,7830000.000000,20,OPTIDX,BFO,5.000000,1000,False
1111359,NATIONALUM26NOV420PE,NATIONALUM,26NOV2026,42000.000000,1875,OPTSTK,BFO,5.000000,300000,False
1111362,SRF26NOV2950CE,SRF,26NOV2026,295000.000000,200,OPTSTK,BFO,5.000000,11250,False
1111363,BPCL26NOV355PE,BPCL,26NOV2026,35500.000000,1975,OPTSTK,BFO,5.000000,72000,False
843881,MANKIND26SEP2420PE,MANKIND,24SEP2026,242000.000000,250,OPTSTK,BFO,5.000000,100000000,False
843882,BANKBARODA26SEP297.5CE,BANKBARODA,24SEP2026,29750.000000,2925,OPTSTK,BFO,5.000000,175500,False
843909,IRFC26SEP93CE,IRFC,24SEP2026,9300.000000,5425,OPTSTK,BFO,5.000000,100000000,False
843918,SBICARD26SEP550PE,SBICARD,24SEP2026,55000.000000,800,OPTSTK,BFO,5.000000,32000,False
860009,ASHOKLEY26SEP135CE,ASHOKLEY,24SEP2026,13500.000000,5000,OPTSTK,BFO,5.000000,150000,False
860056,BAJAJ-AUTO26SEP11400PE,BAJAJ-AUTO,24SEP2026,1140000.000000,75,OPTSTK,BFO,5.000000,5000,False
860080,AUBANK26SEP840PE,AUBANK,24SEP2026,84000.000000,1000,OPTSTK,BFO,5.000000,30000,False
860092,TVSMOTOR26SEP4250PE,TVSMOTOR,24SEP2026,425000.000000,175,OPTSTK,BFO,5.000000,21000,False
1111369,SENSEX26NOV83000PE,SENSEX,26NOV2026,8300000.000000,20,OPTIDX,BFO,5.000000,1000,False
1111373,HINDUNILVR26NOV2020CE,HINDUNILVR,26NOV2026,202000.000000,300,OPTSTK,BFO,5.000000,9000,False
1111419,SENSEX26O1583900CE,SENSEX,15OCT2026,8390000.000000,20,OPTIDX,BFO,5.000000,1000,False
1111420,HINDALCO26NOV1020PE,HINDALCO,26NOV2026,102000.000000,700,OPTSTK,BFO,5.000000,56000,False
866497,HDFCLIFE26OCT520CE,HDFCLIFE,29OCT2026,52000.000000,1100,OPTSTK,BFO,5.000000,44000,False
866499,MOTILALOFS26OCT960PE,MOTILALOFS,29OCT2026,96000.000000,775,OPTSTK,BFO,5.000000,100000000,False
866504,DMART26OCT3600PE,DMART,29OCT2026,360000.000000,150,OPTSTK,BFO,5.000000,100000000,False
866514,FOCIT26OCT43300CE,FOCIT,29OCT2026,4330000.000000,45,OPTIDX,BFO,5.000000,1350,False
860105,ANGELONE26SEP280CE,ANGELONE,24SEP2026,28000.000000,2500,OPTSTK,BFO,5.000000,100000000,False
860110,ANGELONE26SEP280PE,ANGELONE,24SEP2026,28000.000000,2500,OPTSTK,BFO,5.000000,100000000,False
860119,BANDHANBNK26SEP150CE,BANDHANBNK,24SEP2026,15000.000000,3600,OPTSTK,BFO,5.000000,100000,False
860158,IRFC26SEP80CE,IRFC,24SEP2026,8000.000000,5425,OPTSTK,BFO,5.000000,100000000,False
843919,TATACONSUM26SEP1110PE,TATACONSUM,24SEP2026,111000.000000,550,OPTSTK,BFO,5.000000,36000,False
843926,BANKBARODA26SEP265CE,BANKBARODA,24SEP2026,26500.000000,2925,OPTSTK,BFO,5.000000,175500,False
843934,INDIGO26SEP5700CE,INDIGO,24SEP2026,570000.000000,150,OPTSTK,BFO,5.000000,12000,False
843957,ABCAPITAL26SEP395PE,ABCAPITAL,24SEP2026,39500.000000,3100,OPTSTK,BFO,5.000000,162000,False
866517,LICI26OCT395CE,LICI,29OCT2026,39500.000000,1400,OPTSTK,BFO,5.000000,100000000,False
866518,HYUNDAI26OCT1920PE,HYUNDAI,29OCT2026,192000.000000,275,OPTSTK,BFO,5.000000,100000000,False
866520,NTPC26OCT315PE,NTPC,29OCT2026,31500.000000,1500,OPTSTK,BFO,5.000000,150000,False
866531,INFY26OCT1240PE,INFY,29OCT2026,124000.000000,400,OPTSTK,BFO,5.000000,16000,False
1111433,BIOCON26NOV420PE,BIOCON,26NOV2026,42000.000000,2500,OPTSTK,BFO,5.000000,100000,False
1111441,HINDUNILVR26NOV2100PE,HINDUNILVR,26NOV2026,210000.000000,300,OPTSTK,BFO,5.000000,9000,False
1111471,VOLTAS26NOV1260PE,VOLTAS,26NOV2026,126000.000000,375,OPTSTK,BFO,5.000000,30000,False
1111483,BOSCHLTD26NOV51500PE,BOSCHLTD,26NOV2026,5150000.000000,25,OPTSTK,BFO,5.000000,1500,False
860164,BANDHANBNK26SEP140CE,BANDHANBNK,24SEP2026,14000.000000,3600,OPTSTK,BFO,5.000000,100000,False
860177,HDFCAMC26SEP2200CE,HDFCAMC,24SEP2026,220000.000000,300,OPTSTK,BFO,5.000000,12000,False
860178,KALYANKJIL26SEP620PE,KALYANKJIL,24SEP2026,62000.000000,1350,OPTSTK,BFO,5.000000,100000000,False
860185,CHOLAFIN26SEP1600CE,CHOLAFIN,24SEP2026,160000.000000,625,OPTSTK,BFO,5.000000,25000,False
866536,JINDALSTEL26OCTFUT,JINDALSTEL,29OCT2026,0.000000,625,FUTSTK,BFO,5.000000,37500,False
866538,SWIGGY26OCT285CE,SWIGGY,29OCT2026,28500.000000,1825,OPTSTK,BFO,5.000000,100000000,False
866547,LAURUSLABS26OCT1700CE,LAURUSLABS,29OCT2026,170000.000000,850,OPTSTK,BFO,5.000000,68000,False
866553,IRFC26OCT95PE,IRFC,29OCT2026,9500.000000,5425,OPTSTK,BFO,5.000000,100000000,False
843973,BDL26SEP1240CE,BDL,24SEP2026,124000.000000,425,OPTSTK,BFO,5.000000,100000000,False
843983,JSWSTEEL26SEP1200PE,JSWSTEEL,24SEP2026,120000.000000,675,OPTSTK,BFO,5.000000,40500,False
843985,ADANIENSOL26SEP1540PE,ADANIENSOL,24SEP2026,154000.000000,675,OPTSTK,BFO,5.000000,100000000,False
844002,HINDPETRO26SEP360.75PE,HINDPETRO,24SEP2026,36075.000000,2025,OPTSTK,BFO,5.000000,108000,False
1111484,HDFCLIFE26NOVFUT,HDFCLIFE,26NOV2026,0.000000,1100,FUTSTK,BFO,5.000000,44000,False
1111486,DELHIVERY26NOV435PE,DELHIVERY,26NOV2026,43500.000000,2075,OPTSTK,BFO,5.000000,100000000,False
1111496,IRFC26NOV84CE,IRFC,26NOV2026,8400.000000,5425,OPTSTK,BFO,5.000000,100000000,False
1111499,INDIGO26NOV5200CE,INDIGO,26NOV2026,520000.000000,150,OPTSTK,BFO,5.000000,12000,False
860210,HDFCBANK26SEP680PE,HDFCBANK,24SEP2026,68000.000000,650,OPTSTK,BFO,5.000000,16500,False
860286,BAJAJ-AUTO26SEP11900PE,BAJAJ-AUTO,24SEP2026,1190000.000000,75,OPTSTK,BFO,5.000000,5000,False
860377,MANAPPURAM26SEP390PE,MANAPPURAM,24SEP2026,39000.000000,3000,OPTSTK,BFO,5.000000,180000,False
860416,GMRAIRPORT26SEP101PE,GMRAIRPORT,24SEP2026,10100.000000,6975,OPTSTK,BFO,5.000000,675000,False
866576,ADANIENSOL26OCT1640CE,ADANIENSOL,29OCT2026,164000.000000,675,OPTSTK,BFO,5.000000,100000000,False
866580,SENSEX2691774400CE,SENSEX,17SEP2026,7440000.000000,20,OPTIDX,BFO,5.000000,1000,False
866588,ABB26OCT7800PE,ABB,29OCT2026,780000.000000,125,OPTSTK,BFO,5.000000,7500,False
866592,ETERNAL26OCT325PE,ETERNAL,29OCT2026,32500.000000,2425,OPTSTK,BFO,5.000000,100000000,False
844017,LAURUSLABS26SEP1430CE,LAURUSLABS,24SEP2026,143000.000000,850,OPTSTK,BFO,5.000000,68000,False
844029,BDL26SEP1320PE,BDL,24SEP2026,132000.000000,425,OPTSTK,BFO,5.000000,100000000,False
844036,ZYDUSLIFE26SEP1110CE,ZYDUSLIFE,24SEP2026,111000.000000,900,OPTSTK,BFO,5.000000,54000,False
844049,DABUR26SEP415PE,DABUR,24SEP2026,41500.000000,1250,OPTSTK,BFO,5.000000,50000,False
1111509,KPITTECH26NOV600CE,KPITTECH,26NOV2026,60000.000000,775,OPTSTK,BFO,5.000000,100000000,False
1111513,PGEL26NOV550CE,PGEL,26NOV2026,55000.000000,950,OPTSTK,BFO,5.000000,100000000,False
1111521,MARUTI26NOV13000PE,MARUTI,26NOV2026,1300000.000000,50,OPTSTK,BFO,5.000000,3000,False
1111522,RVNL26NOV215PE,RVNL,26NOV2026,21500.000000,1925,OPTSTK,BFO,5.000000,100000000,False
860619,ASHOKLEY26SEP132.5PE,ASHOKLEY,24SEP2026,13250.000000,5000,OPTSTK,BFO,5.000000,150000,False
866608,FORTIS26OCT1020PE,FORTIS,29OCT2026,102000.000000,775,OPTSTK,BFO,5.000000,100000000,False
866613,BAJAJ-AUTO26OCT12100CE,BAJAJ-AUTO,29OCT2026,1210000.000000,75,OPTSTK,BFO,5.000000,5000,False
866614,SENSEX26OCT76800PE,SENSEX,29OCT2026,7680000.000000,20,OPTIDX,BFO,5.000000,1000,False
866616,BANKINDIA26OCT145CE,BANKINDIA,29OCT2026,14500.000000,5200,OPTSTK,BFO,5.000000,100000000,False
860466,NBCC26SEP75PE,NBCC,24SEP2026,7500.000000,6500,OPTSTK,BFO,5.000000,100000000,False
860474,ADANIGREEN26SEP1260CE,ADANIGREEN,24SEP2026,126000.000000,600,OPTSTK,BFO,5.000000,100000000,False
860490,HDFCLIFE26SEP515CE,HDFCLIFE,24SEP2026,51500.000000,1100,OPTSTK,BFO,5.000000,44000,False
844050,M&M26SEP3160PE,M&M,24SEP2026,316000.000000,200,OPTSTK,BFO,5.000000,21000,False
844051,INDIGO26SEP5450CE,INDIGO,24SEP2026,545000.000000,150,OPTSTK,BFO,5.000000,12000,False
844058,KEI26SEP5000PE,KEI,24SEP2026,500000.000000,175,OPTSTK,BFO,5.000000,100000000,False
844098,INFY26SEP1030CE,INFY,24SEP2026,103000.000000,400,OPTSTK,BFO,5.000000,16000,False
860663,ADANIENT26SEP2650PE,ADANIENT,24SEP2026,265000.000000,309,OPTSTK,BFO,5.000000,9000,False
860671,HEROMOTOCO26SEP5800PE,HEROMOTOCO,24SEP2026,580000.000000,150,OPTSTK,BFO,5.000000,9000,False
860748,CIPLA26SEP1340CE,CIPLA,24SEP2026,134000.000000,425,OPTSTK,BFO,5.000000,26000,False
860832,OFSS26SEP10000PE,OFSS,24SEP2026,1000000.000000,100,OPTSTK,BFO,5.000000,8000,False
866621,UPL26OCT670CE,UPL,29OCT2026,67000.000000,1355,OPTSTK,BFO,5.000000,39000,False
866623,MARUTI26OCT13900PE,MARUTI,29OCT2026,1390000.000000,50,OPTSTK,BFO,5.000000,3000,False
866629,SBICARD26OCT600PE,SBICARD,29OCT2026,60000.000000,800,OPTSTK,BFO,5.000000,32000,False
866634,KALYANKJIL26OCT600CE,KALYANKJIL,29OCT2026,60000.000000,1350,OPTSTK,BFO,5.000000,100000000,False
1111527,SAGILITY26OCT49CE,SAGILITY,29OCT2026,4900.000000,12000,OPTSTK,BFO,5.000000,100000000,False
1111529,DMART26NOV3650CE,DMART,26NOV2026,365000.000000,150,OPTSTK,BFO,5.000000,100000000,False
1111530,LTF26NOV350CE,LTF,26NOV2026,35000.000000,2250,OPTSTK,BFO,5.000000,267720,False
1111549,SHREECEM26NOV24500CE,SHREECEM,26NOV2026,2450000.000000,25,OPTSTK,BFO,5.000000,1000,False
866635,DIVISLAB26OCT7800CE,DIVISLAB,29OCT2026,780000.000000,100,OPTSTK,BFO,5.000000,8000,False
866636,GAIL26OCT172.5PE,GAIL,29OCT2026,17250.000000,3550,OPTSTK,BFO,5.000000,274500,False
866645,BDL26OCT1260CE,BDL,29OCT2026,126000.000000,425,OPTSTK,BFO,5.000000,100000000,False
866650,ADANIENSOL26OCT1560PE,ADANIENSOL,29OCT2026,156000.000000,675,OPTSTK,BFO,5.000000,100000000,False
844105,HEROMOTOCO26SEPFUT,HEROMOTOCO,24SEP2026,0.000000,150,FUTSTK,BFO,5.000000,9000,False
844119,SENSEX30JUN81000CE,SENSEX,27JUN2030,8100000.000000,20,OPTIDX,BFO,5.000000,1000,False
844126,HINDZINC26SEP550PE,HINDZINC,24SEP2026,55000.000000,1225,OPTSTK,BFO,5.000000,100000000,False
844127,SONACOMS26SEP590PE,SONACOMS,24SEP2026,59000.000000,1225,OPTSTK,BFO,5.000000,100000000,False
860848,HCLTECH26SEP1330PE,HCLTECH,24SEP2026,133000.000000,400,OPTSTK,BFO,5.000000,21000,False
860859,SENSEX5026SEP23900PE,SENSEX50,24SEP2026,2390000.000000,75,OPTIDX,BFO,5.000000,1800,False
860866,SENSEX26SEP69100CE,SENSEX,24SEP2026,6910000.000000,20,OPTIDX,BFO,5.000000,1000,False
860895,TITAN26SEP5100CE,TITAN,24SEP2026,510000.000000,175,OPTSTK,BFO,5.000000,11250,False
1111557,SAIL26NOVFUT,SAIL,26NOV2026,0.000000,4700,FUTSTK,BFO,5.000000,320000,False
1111568,FOCIT26NOV40700PE,FOCIT,26NOV2026,4070000.000000,45,OPTIDX,BFO,5.000000,1350,False
1111587,POLICYBZR26NOV1700PE,POLICYBZR,26NOV2026,170000.000000,350,OPTSTK,BFO,5.000000,100000000,False
1111588,VMM26NOV97.5CE,VMM,26NOV2026,9750.000000,4850,OPTSTK,BFO,5.000000,100000000,False
860913,HCLTECH26SEP1350PE,HCLTECH,24SEP2026,135000.000000,400,OPTSTK,BFO,5.000000,21000,False
860943,TCS26SEP2440PE,TCS,24SEP2026,244000.000000,225,OPTSTK,BFO,5.000000,7000,False
860978,FOCIT26SEP43000PE,FOCIT,24SEP2026,4300000.000000,45,OPTIDX,BFO,5.000000,1350,False
861023,EICHERMOT26SEP8500CE,EICHERMOT,24SEP2026,850000.000000,100,OPTSTK,BFO,5.000000,7000,False
866651,BANKEX26OCT65200PE,BANKEX,29OCT2026,6520000.000000,30,OPTIDX,BFO,5.000000,900,False
866654,PIDILITIND26OCT1640PE,PIDILITIND,29OCT2026,164000.000000,500,OPTSTK,BFO,5.000000,10000,False
866658,BANKEX26OCT67500PE,BANKEX,29OCT2026,6750000.000000,30,OPTIDX,BFO,5.000000,900,False
866668,YESBANK26OCT26PE,YESBANK,29OCT2026,2600.000000,31100,OPTSTK,BFO,5.000000,100000000,False
1111590,SENSEX26O1577900PE,SENSEX,15OCT2026,7790000.000000,20,OPTIDX,BFO,5.000000,1000,False
1111599,APLAPOLLO26SEP2320PE,APLAPOLLO,24SEP2026,232000.000000,350,OPTSTK,BFO,5.000000,100000000,False
1111613,LAURUSLABS26NOV1840PE,LAURUSLABS,26NOV2026,184000.000000,850,OPTSTK,BFO,5.000000,68000,False
1111614,BANKEX26NOV58200CE,BANKEX,26NOV2026,5820000.000000,30,OPTIDX,BFO,5.000000,900,False
844160,AMBUJACEM26SEPFUT,AMBUJACEM,24SEP2026,0.000000,1200,FUTSTK,BFO,5.000000,54000,False
844173,APLAPOLLO26SEP1700CE,APLAPOLLO,24SEP2026,170000.000000,350,OPTSTK,BFO,5.000000,100000000,False
844193,HCLTECH26SEP1060CE,HCLTECH,24SEP2026,106000.000000,400,OPTSTK,BFO,5.000000,21000,False
844201,TIINDIA26SEP3020CE,TIINDIA,24SEP2026,302000.000000,200,OPTSTK,BFO,5.000000,100000000,False
861038,LAURUSLABS26SEP1820PE,LAURUSLABS,24SEP2026,182000.000000,850,OPTSTK,BFO,5.000000,68000,False
861043,HCLTECH26SEP1360PE,HCLTECH,24SEP2026,136000.000000,400,OPTSTK,BFO,5.000000,21000,False
861092,HINDUNILVR26SEP1920PE,HINDUNILVR,24SEP2026,192000.000000,300,OPTSTK,BFO,5.000000,9000,False
861111,TITAN26SEP5150PE,TITAN,24SEP2026,515000.000000,175,OPTSTK,BFO,5.000000,11250,False
866671,AMBUJACEM26OCT400CE,AMBUJACEM,29OCT2026,40000.000000,1200,OPTSTK,BFO,5.000000,54000,False
866682,KPITTECH26OCT520PE,KPITTECH,29OCT2026,52000.000000,775,OPTSTK,BFO,5.000000,100000000,False
866692,VBL26OCT450PE,VBL,29OCT2026,45000.000000,1275,OPTSTK,BFO,5.000000,100000000,False
866712,SUZLON26OCT54PE,SUZLON,29OCT2026,5400.000000,12700,OPTSTK,BFO,5.000000,100000000,False
844209,BEL26SEP385CE,BEL,24SEP2026,38500.000000,1425,OPTSTK,BFO,5.000000,228000,False
844212,SENSEX5026SEP26200CE,SENSEX50,24SEP2026,2620000.000000,75,OPTIDX,BFO,5.000000,1800,False
844219,DLF26SEP615PE,DLF,24SEP2026,61500.000000,950,OPTSTK,BFO,5.000000,49500,False
844223,JSWENERGY26SEP570CE,JSWENERGY,24SEP2026,57000.000000,1075,OPTSTK,BFO,5.000000,100000000,False
1111617,INDUSTOWER26NOV375CE,INDUSTOWER,26NOV2026,37500.000000,1700,OPTSTK,BFO,5.000000,170000,False
1111631,COALINDIA26NOV425PE,COALINDIA,26NOV2026,42500.000000,1350,OPTSTK,BFO,5.000000,126000,False
1111667,BAJAJFINSV26NOV2000CE,BAJAJFINSV,26NOV2026,200000.000000,300,OPTSTK,BFO,5.000000,20000,False
1111673,OFSS26NOV11600PE,OFSS,26NOV2026,1160000.000000,100,OPTSTK,BFO,5.000000,8000,False
861129,ETERNAL26SEP340CE,ETERNAL,24SEP2026,34000.000000,2425,OPTSTK,BFO,5.000000,100000000,False
861177,COALINDIA26SEP380PE,COALINDIA,24SEP2026,38000.000000,1350,OPTSTK,BFO,5.000000,126000,False
861202,TVSMOTOR26SEP4300PE,TVSMOTOR,24SEP2026,430000.000000,175,OPTSTK,BFO,5.000000,21000,False
861208,KALYANKJIL26SEP645CE,KALYANKJIL,24SEP2026,64500.000000,1350,OPTSTK,BFO,5.000000,100000000,False
866716,LTF26OCT275CE,LTF,29OCT2026,27500.000000,2250,OPTSTK,BFO,5.000000,267720,False
866721,MAZDOCK26OCT2350PE,MAZDOCK,29OCT2026,235000.000000,225,OPTSTK,BFO,5.000000,100000000,False
866741,UPL26OCT580CE,UPL,29OCT2026,58000.000000,1355,OPTSTK,BFO,5.000000,39000,False
866778,FOCIT26OCT36600CE,FOCIT,29OCT2026,3660000.000000,45,OPTIDX,BFO,5.000000,1350,False
844227,MANAPPURAM26SEP325CE,MANAPPURAM,24SEP2026,32500.000000,3000,OPTSTK,BFO,5.000000,180000,False
844250,IOC26SEP143CE,IOC,24SEP2026,14300.000000,4875,OPTSTK,BFO,5.000000,292500,False
844258,ONGC26SEP240PE,ONGC,24SEP2026,24000.000000,2250,OPTSTK,BFO,5.000000,154000,False
844260,ETERNAL26SEP237.5CE,ETERNAL,24SEP2026,23750.000000,2425,OPTSTK,BFO,5.000000,100000000,False
861214,COFORGE26SEP1800CE,COFORGE,24SEP2026,180000.000000,475,OPTSTK,BFO,5.000000,6000,False
861224,TITAN26SEP5200CE,TITAN,24SEP2026,520000.000000,175,OPTSTK,BFO,5.000000,11250,False
861229,BEL26SEP360PE,BEL,24SEP2026,36000.000000,1425,OPTSTK,BFO,5.000000,228000,False
861230,TCS26SEP2520CE,TCS,24SEP2026,252000.000000,225,OPTSTK,BFO,5.000000,7000,False
866779,KOTAKBANK26OCT380CE,KOTAKBANK,29OCT2026,38000.000000,2000,OPTSTK,BFO,5.000000,12000,False
866782,LICHSGFIN26OCT500CE,LICHSGFIN,29OCT2026,50000.000000,1000,OPTSTK,BFO,5.000000,60000,False
866796,NHPC26OCT76PE,NHPC,29OCT2026,7600.000000,6950,OPTSTK,BFO,5.000000,100000000,False
866820,BOSCHLTD26OCT38000CE,BOSCHLTD,29OCT2026,3800000.000000,25,OPTSTK,BFO,5.000000,1500,False
1111679,WIPRO26NOV180CE,WIPRO,26NOV2026,18000.000000,3000,OPTSTK,BFO,5.000000,60000,False
1111686,ADANIPORTS26NOV1640CE,ADANIPORTS,26NOV2026,164000.000000,475,OPTSTK,BFO,5.000000,32000,False
1111690,BAJAJ-AUTO26NOV11800PE,BAJAJ-AUTO,26NOV2026,1180000.000000,75,OPTSTK,BFO,5.000000,5000,False
1111699,SHREECEM26NOV24250CE,SHREECEM,26NOV2026,2425000.000000,25,OPTSTK,BFO,5.000000,1000,False
844266,BPCL26SEP315PE,BPCL,24SEP2026,31500.000000,1975,OPTSTK,BFO,5.000000,72000,False
844267,ITC26SEP282.5CE,ITC,24SEP2026,28250.000000,1725,OPTSTK,BFO,5.000000,64000,False
844271,SENSEX28JUN77000PE,SENSEX,29JUN2028,7700000.000000,20,OPTIDX,BFO,5.000000,1000,False
844279,LT26SEP4160PE,LT,24SEP2026,416000.000000,175,OPTSTK,BFO,5.000000,12000,False
861309,COALINDIA26SEP375PE,COALINDIA,24SEP2026,37500.000000,1350,OPTSTK,BFO,5.000000,126000,False
861341,CROMPTON26SEP210CE,CROMPTON,24SEP2026,21000.000000,2150,OPTSTK,BFO,5.000000,90000,False
861346,HINDUNILVR26SEP1940PE,HINDUNILVR,24SEP2026,194000.000000,300,OPTSTK,BFO,5.000000,9000,False
861369,COFORGE26SEP1740CE,COFORGE,24SEP2026,174000.000000,475,OPTSTK,BFO,5.000000,6000,False
1111705,SENSEX5026NOV26200CE,SENSEX50,26NOV2026,2620000.000000,75,OPTIDX,BFO,5.000000,1800,False
1111710,JIOFIN26NOV230CE,JIOFIN,26NOV2026,23000.000000,2350,OPTSTK,BFO,5.000000,100000000,False
1111744,BANKINDIA26NOV162.5PE,BANKINDIA,26NOV2026,16250.000000,5200,OPTSTK,BFO,5.000000,100000000,False
1111753,M&M26NOV3550CE,M&M,26NOV2026,355000.000000,200,OPTSTK,BFO,5.000000,21000,False
844297,MCX26SEP3050CE,MCX,24SEP2026,305000.000000,225,OPTSTK,BFO,5.000000,16000,False
844312,RECLTD26SEP330PE,RECLTD,24SEP2026,33000.000000,1575,OPTSTK,BFO,5.000000,160000,False
844319,INDUSTOWER26SEP386CE,INDUSTOWER,24SEP2026,38600.000000,1700,OPTSTK,BFO,5.000000,170000,False
844325,TATAELXSI26SEP4050PE,TATAELXSI,24SEP2026,405000.000000,125,OPTSTK,BFO,5.000000,100000000,False
861384,TCS26SEP2460CE,TCS,24SEP2026,246000.000000,225,OPTSTK,BFO,5.000000,7000,False
861420,SUZLON26SEP44CE,SUZLON,24SEP2026,4400.000000,12700,OPTSTK,BFO,5.000000,100000000,False
861467,COFORGE26SEP1820CE,COFORGE,24SEP2026,182000.000000,475,OPTSTK,BFO,5.000000,6000,False
861470,COFORGE26SEP1740PE,COFORGE,24SEP2026,174000.000000,475,OPTSTK,BFO,5.000000,6000,False
1111767,BANKEX26NOV66800CE,BANKEX,26NOV2026,6680000.000000,30,OPTIDX,BFO,5.000000,900,False
1111777,EICHERMOT26NOV7400CE,EICHERMOT,26NOV2026,740000.000000,100,OPTSTK,BFO,5.000000,7000,False
1111807,VBL26NOV370PE,VBL,26NOV2026,37000.000000,1275,OPTSTK,BFO,5.000000,100000000,False
1111829,PIDILITIND26NOV1760CE,PIDILITIND,26NOV2026,176000.000000,500,OPTSTK,BFO,5.000000,10000,False
844329,VMM26SEP122PE,VMM,24SEP2026,12200.000000,4850,OPTSTK,BFO,5.000000,100000000,False
844330,INFY26SEP990CE,INFY,24SEP2026,99000.000000,400,OPTSTK,BFO,5.000000,16000,False
844350,IDEA26SEP16CE,IDEA,24SEP2026,1600.000000,71475,OPTSTK,BFO,5.000000,2400000,False
844357,NBCC26SEP113CE,NBCC,24SEP2026,11300.000000,6500,OPTSTK,BFO,5.000000,100000000,False
861488,IEX26SEP147.5PE,IEX,24SEP2026,14750.000000,4350,OPTSTK,BFO,5.000000,150000,False
861494,KFINTECH26SEP1120PE,KFINTECH,24SEP2026,112000.000000,575,OPTSTK,BFO,5.000000,100000000,False
861520,BSE26SEP2300CE,BSE,29SEP2026,230000.000000,200,OPTSTK,BFO,5.000000,3751,False
861523,BSE26SEP2500PE,BSE,29SEP2026,250000.000000,200,OPTSTK,BFO,5.000000,3751,False
1111856,RVNL26NOV185CE,RVNL,26NOV2026,18500.000000,1925,OPTSTK,BFO,5.000000,100000000,False
1111880,ALKEM26NOV5600CE,ALKEM,26NOV2026,560000.000000,125,OPTSTK,BFO,5.000000,8000,False
1111904,IOC26NOV132.5CE,IOC,26NOV2026,13250.000000,4875,OPTSTK,BFO,5.000000,292500,False
1111932,PGEL26NOV620PE,PGEL,26NOV2026,62000.000000,950,OPTSTK,BFO,5.000000,100000000,False
844366,GODREJCP26SEPFUT,GODREJCP,24SEP2026,0.000000,500,FUTSTK,BFO,5.000000,30000,False
844380,JSWSTEEL26SEP1170PE,JSWSTEEL,24SEP2026,117000.000000,675,OPTSTK,BFO,5.000000,40500,False
844387,HDFCBANK26SEP820PE,HDFCBANK,24SEP2026,82000.000000,650,OPTSTK,BFO,5.000000,16500,False
844388,AUBANK26SEP970CE,AUBANK,24SEP2026,97000.000000,1000,OPTSTK,BFO,5.000000,30000,False
861539,BSE26OCT2000PE,BSE,27OCT2026,200000.000000,200,OPTSTK,BFO,5.000000,3751,False
861549,BSE26OCT3000PE,BSE,27OCT2026,300000.000000,200,OPTSTK,BFO,5.000000,3751,False
861559,BSE26OCT4000PE,BSE,27OCT2026,400000.000000,200,OPTSTK,BFO,5.000000,3751,False
861562,BSE26OCT4400CE,BSE,27OCT2026,440000.000000,200,OPTSTK,BFO,5.000000,3751,False
1111948,MOTILALOFS26NOV1060PE,MOTILALOFS,26NOV2026,106000.000000,775,OPTSTK,BFO,5.000000,100000000,False
1112004,MAXHEALTH26NOV1060CE,MAXHEALTH,26NOV2026,106000.000000,525,OPTSTK,BFO,5.000000,100000000,False
1112036,TATASTEEL26NOV182.5CE,TATASTEEL,26NOV2026,18250.000000,2750,OPTSTK,BFO,5.000000,220000,False
1112046,CHOLAFIN26NOV1780PE,CHOLAFIN,26NOV2026,178000.000000,625,OPTSTK,BFO,5.000000,25000,False
844408,GVT&D26SEP5200CE,GVT&D,24SEP2026,520000.000000,125,OPTSTK,BFO,5.000000,100000000,False
844466,ETERNAL26SEP237.5PE,ETERNAL,24SEP2026,23750.000000,2425,OPTSTK,BFO,5.000000,100000000,False
844468,GAIL26SEP178PE,GAIL,24SEP2026,17800.000000,3550,OPTSTK,BFO,5.000000,274500,False
844470,JIOFIN26SEP222.5CE,JIOFIN,24SEP2026,22250.000000,2350,OPTSTK,BFO,5.000000,100000000,False
861565,BSE26OCT4600PE,BSE,27OCT2026,460000.000000,200,OPTSTK,BFO,5.000000,3751,False
861571,BSE26OCT5200PE,BSE,27OCT2026,520000.000000,200,OPTSTK,BFO,5.000000,3751,False
861590,CDSL26SEP1140PE,CDSL,29SEP2026,114000.000000,475,OPTSTK,BFO,5.000000,14001,False
861592,CDSL26SEP1180PE,CDSL,29SEP2026,118000.000000,475,OPTSTK,BFO,5.000000,14001,False
1112053,SRF26NOV2250CE,SRF,26NOV2026,225000.000000,200,OPTSTK,BFO,5.000000,11250,False
1112105,COCHINSHIP26NOV1500CE,COCHINSHIP,26NOV2026,150000.000000,400,OPTSTK,BFO,5.000000,100000000,False
1112116,SENSEX26O1583200CE,SENSEX,15OCT2026,8320000.000000,20,OPTIDX,BFO,5.000000,1000,False
1112187,SIEMENS26NOV4250CE,SIEMENS,26NOV2026,425000.000000,175,OPTSTK,BFO,5.000000,8250,False
844478,BHARTIARTL26SEP1800PE,BHARTIARTL,24SEP2026,180000.000000,475,OPTSTK,BFO,5.000000,28500,False
844484,OFSS26SEP10300PE,OFSS,24SEP2026,1030000.000000,100,OPTSTK,BFO,5.000000,8000,False
844485,UNOMINDA26SEP1080CE,UNOMINDA,24SEP2026,108000.000000,550,OPTSTK,BFO,5.000000,100000000,False
844490,ITC26SEP287.5CE,ITC,24SEP2026,28750.000000,1725,OPTSTK,BFO,5.000000,64000,False
861611,CDSL26SEP1660CE,CDSL,29SEP2026,166000.000000,475,OPTSTK,BFO,5.000000,14001,False
861623,CDSL26OCT1040CE,CDSL,27OCT2026,104000.000000,475,OPTSTK,BFO,5.000000,14001,False
861626,CDSL26OCT1080PE,CDSL,27OCT2026,108000.000000,475,OPTSTK,BFO,5.000000,14001,False
861631,CDSL26OCT1200CE,CDSL,27OCT2026,120000.000000,475,OPTSTK,BFO,5.000000,14001,False
1112188,FOCIT26NOV30000PE,FOCIT,26NOV2026,3000000.000000,45,OPTIDX,BFO,5.000000,1350,False
1112222,HINDPETRO26NOV330PE,HINDPETRO,26NOV2026,33000.000000,2025,OPTSTK,BFO,5.000000,108000,False
1112233,ULTRACEMCO26NOV12100PE,ULTRACEMCO,26NOV2026,1210000.000000,50,OPTSTK,BFO,5.000000,3000,False
1112235,RBLBANK26NOV405PE,RBLBANK,26NOV2026,40500.000000,3175,OPTSTK,BFO,5.000000,150000,False
866824,PNB26OCT107CE,PNB,29OCT2026,10700.000000,8000,OPTSTK,BFO,5.000000,480000,False
866845,PNB26OCT119PE,PNB,29OCT2026,11900.000000,8000,OPTSTK,BFO,5.000000,480000,False
866859,FOCIT26OCT44300CE,FOCIT,29OCT2026,4430000.000000,45,OPTIDX,BFO,5.000000,1350,False
866862,CAMS26OCT780CE,CAMS,29OCT2026,78000.000000,825,OPTSTK,BFO,5.000000,100000000,False
844498,NAUKRI26SEP1040PE,NAUKRI,24SEP2026,104000.000000,550,OPTSTK,BFO,5.000000,6000,False
844563,ABB26SEP6950PE,ABB,24SEP2026,695000.000000,125,OPTSTK,BFO,5.000000,7500,False
844565,APLAPOLLO26SEP1840PE,APLAPOLLO,24SEP2026,184000.000000,350,OPTSTK,BFO,5.000000,100000000,False
844584,LAURUSLABS26SEP1390PE,LAURUSLABS,24SEP2026,139000.000000,850,OPTSTK,BFO,5.000000,68000,False
861653,CDSL26OCT1640CE,CDSL,27OCT2026,164000.000000,475,OPTSTK,BFO,5.000000,14001,False
861656,CDSL26OCT1680PE,CDSL,27OCT2026,168000.000000,475,OPTSTK,BFO,5.000000,14001,False
861660,CDSL26OCT1760PE,CDSL,27OCT2026,176000.000000,475,OPTSTK,BFO,5.000000,14001,False
861676,JIOFIN26SEP262.5PE,JIOFIN,24SEP2026,26250.000000,2350,OPTSTK,BFO,5.000000,100000000,False
1112245,CONCOR26NOV515CE,CONCOR,26NOV2026,51500.000000,1250,OPTSTK,BFO,5.000000,40000,False
1112270,ABB26NOV8100PE,ABB,26NOV2026,810000.000000,125,OPTSTK,BFO,5.000000,7500,False
1112277,HINDALCO26NOV1060PE,HINDALCO,26NOV2026,106000.000000,700,OPTSTK,BFO,5.000000,56000,False
1112301,INDUSTOWER26NOV355PE,INDUSTOWER,26NOV2026,35500.000000,1700,OPTSTK,BFO,5.000000,170000,False
866889,SENSEX26OCT79200PE,SENSEX,29OCT2026,7920000.000000,20,OPTIDX,BFO,5.000000,1000,False
866924,AXISBANK26OCT1240PE,AXISBANK,29OCT2026,124000.000000,625,OPTSTK,BFO,5.000000,25000,False
866943,KPITTECH26OCT650CE,KPITTECH,29OCT2026,65000.000000,775,OPTSTK,BFO,5.000000,100000000,False
866953,LODHA26OCT1240PE,LODHA,29OCT2026,124000.000000,625,OPTSTK,BFO,5.000000,100000000,False
844599,SOLARINDS26SEP16750CE,SOLARINDS,24SEP2026,1675000.000000,50,OPTSTK,BFO,5.000000,100000000,False
844601,ASIANPAINT26SEP2520CE,ASIANPAINT,24SEP2026,252000.000000,250,OPTSTK,BFO,5.000000,8000,False
844612,MAZDOCK26SEP2600PE,MAZDOCK,24SEP2026,260000.000000,225,OPTSTK,BFO,5.000000,100000000,False
844621,TVSMOTOR26SEP3620CE,TVSMOTOR,24SEP2026,362000.000000,175,OPTSTK,BFO,5.000000,21000,False
861710,HCLTECH26SEP1400PE,HCLTECH,24SEP2026,140000.000000,400,OPTSTK,BFO,5.000000,21000,False
861775,DIVISLAB26SEP8200CE,DIVISLAB,24SEP2026,820000.000000,100,OPTSTK,BFO,5.000000,8000,False
861835,ADANIPORTS26SEP1580PE,ADANIPORTS,24SEP2026,158000.000000,475,OPTSTK,BFO,5.000000,32000,False
861883,RECLTD26SEP410CE,RECLTD,24SEP2026,41000.000000,1575,OPTSTK,BFO,5.000000,160000,False
866972,ALKEM26SEP6100CE,ALKEM,24SEP2026,610000.000000,125,OPTSTK,BFO,5.000000,8000,False
866986,MANAPPURAM26OCT390PE,MANAPPURAM,29OCT2026,39000.000000,3000,OPTSTK,BFO,5.000000,180000,False
866991,NYKAA26OCT330CE,NYKAA,29OCT2026,33000.000000,3125,OPTSTK,BFO,5.000000,100000000,False
867007,ASHOKLEY26OCT157.5PE,ASHOKLEY,29OCT2026,15750.000000,5000,OPTSTK,BFO,5.000000,150000,False
1112332,UNITDSPR26NOV1600CE,UNITDSPR,26NOV2026,160000.000000,400,OPTSTK,BFO,5.000000,28000,False
1112353,JIOFIN26NOV242.5PE,JIOFIN,26NOV2026,24250.000000,2350,OPTSTK,BFO,5.000000,100000000,False
1112354,SENSEX5026NOV26250PE,SENSEX50,26NOV2026,2625000.000000,75,OPTIDX,BFO,5.000000,1800,False
1112426,TMPV26NOV350PE,TMPV,26NOV2026,35000.000000,1600,OPTSTK,BFO,5.000000,42750,False
844624,LAURUSLABS26SEP1380CE,LAURUSLABS,24SEP2026,138000.000000,850,OPTSTK,BFO,5.000000,68000,False
844639,FORTIS26SEP1020PE,FORTIS,24SEP2026,102000.000000,775,OPTSTK,BFO,5.000000,100000000,False
844645,NTPC26SEP357.5CE,NTPC,24SEP2026,35750.000000,1500,OPTSTK,BFO,5.000000,150000,False
844650,ICICIBANK26SEP1430PE,ICICIBANK,24SEP2026,143000.000000,700,OPTSTK,BFO,5.000000,28000,False
861919,LAURUSLABS26SEP1920PE,LAURUSLABS,24SEP2026,192000.000000,850,OPTSTK,BFO,5.000000,68000,False
861931,ULTRACEMCO26SEP11500CE,ULTRACEMCO,24SEP2026,1150000.000000,50,OPTSTK,BFO,5.000000,3000,False
861940,PERSISTENT26SEP6200PE,PERSISTENT,24SEP2026,620000.000000,125,OPTSTK,BFO,5.000000,5250,False
861947,ULTRACEMCO26SEP11700CE,ULTRACEMCO,24SEP2026,1170000.000000,50,OPTSTK,BFO,5.000000,3000,False
867042,FOCIT26OCT32300PE,FOCIT,29OCT2026,3230000.000000,45,OPTIDX,BFO,5.000000,1350,False
867070,ADANIGREEN26OCT1500PE,ADANIGREEN,29OCT2026,150000.000000,600,OPTSTK,BFO,5.000000,100000000,False
867076,HYUNDAI26OCT1880CE,HYUNDAI,29OCT2026,188000.000000,275,OPTSTK,BFO,5.000000,100000000,False
867079,AXISBANK26OCT1140CE,AXISBANK,29OCT2026,114000.000000,625,OPTSTK,BFO,5.000000,25000,False
1112440,FOCIT26NOV33900CE,FOCIT,26NOV2026,3390000.000000,45,OPTIDX,BFO,5.000000,1350,False
1112451,BHEL26NOV460PE,BHEL,26NOV2026,46000.000000,2625,OPTSTK,BFO,5.000000,315000,False
1112480,MANAPPURAM26NOV380PE,MANAPPURAM,26NOV2026,38000.000000,3000,OPTSTK,BFO,5.000000,180000,False
1112547,DIXON26NOV13250CE,DIXON,26NOV2026,1325000.000000,50,OPTSTK,BFO,5.000000,6000,False
867080,CGPOWER26OCT820CE,CGPOWER,29OCT2026,82000.000000,850,OPTSTK,BFO,5.000000,100000000,False
867093,FOCIT26OCT30900PE,FOCIT,29OCT2026,3090000.000000,45,OPTIDX,BFO,5.000000,1350,False
867106,SENSEX2691771600PE,SENSEX,17SEP2026,7160000.000000,20,OPTIDX,BFO,5.000000,1000,False
867113,SENSEX2691776000CE,SENSEX,17SEP2026,7600000.000000,20,OPTIDX,BFO,5.000000,1000,False
861955,DIVISLAB26SEP8300PE,DIVISLAB,24SEP2026,830000.000000,100,OPTSTK,BFO,5.000000,8000,False
861964,CGPOWER26SEP680CE,CGPOWER,24SEP2026,68000.000000,850,OPTSTK,BFO,5.000000,100000000,False
862063,MANKIND26OCT2600PE,MANKIND,29OCT2026,260000.000000,250,OPTSTK,BFO,5.000000,100000000,False
862099,BANKEX26OCT63400PE,BANKEX,29OCT2026,6340000.000000,30,OPTIDX,BFO,5.000000,900,False
1112573,OFSS26NOV11800PE,OFSS,26NOV2026,1180000.000000,100,OPTSTK,BFO,5.000000,8000,False
1112597,SENSEX26NOV78800PE,SENSEX,26NOV2026,7880000.000000,20,OPTIDX,BFO,5.000000,1000,False
1112607,BANKEX26OCT57700PE,BANKEX,29OCT2026,5770000.000000,30,OPTIDX,BFO,5.000000,900,False
1112618,BPCL26NOV320CE,BPCL,26NOV2026,32000.000000,1975,OPTSTK,BFO,5.000000,72000,False
844655,HINDZINC26SEP590PE,HINDZINC,24SEP2026,59000.000000,1225,OPTSTK,BFO,5.000000,100000000,False
844670,GAIL26SEP166PE,GAIL,24SEP2026,16600.000000,3550,OPTSTK,BFO,5.000000,274500,False
844674,DELHIVERY26SEP430PE,DELHIVERY,24SEP2026,43000.000000,2075,OPTSTK,BFO,5.000000,100000000,False
844679,GODREJPROP26SEP1980PE,GODREJPROP,24SEP2026,198000.000000,325,OPTSTK,BFO,5.000000,19000,False
867142,FOCIT26SEP38600PE,FOCIT,24SEP2026,3860000.000000,45,OPTIDX,BFO,5.000000,1350,False
867146,JIOFIN26OCT257.5PE,JIOFIN,29OCT2026,25750.000000,2350,OPTSTK,BFO,5.000000,100000000,False
867147,M&M26OCT3550CE,M&M,29OCT2026,355000.000000,200,OPTSTK,BFO,5.000000,21000,False
867151,GLENMARK26OCT2220CE,GLENMARK,29OCT2026,222000.000000,375,OPTSTK,BFO,5.000000,43500,False
844681,PIDILITIND26SEP1640PE,PIDILITIND,24SEP2026,164000.000000,500,OPTSTK,BFO,5.000000,10000,False
844688,LODHA26SEP930CE,LODHA,24SEP2026,93000.000000,625,OPTSTK,BFO,5.000000,100000000,False
844691,SENSEX5026SEP25550CE,SENSEX50,24SEP2026,2555000.000000,75,OPTIDX,BFO,5.000000,1800,False
844702,KEI26SEP5100CE,KEI,24SEP2026,510000.000000,175,OPTSTK,BFO,5.000000,100000000,False
862119,PREMIERENE26OCT980CE,PREMIERENE,29OCT2026,98000.000000,650,OPTSTK,BFO,5.000000,100000000,False
862132,BOSCHLTD26OCT41000CE,BOSCHLTD,29OCT2026,4100000.000000,25,OPTSTK,BFO,5.000000,1500,False
862190,LUPIN26OCT2540PE,LUPIN,29OCT2026,254000.000000,425,OPTSTK,BFO,5.000000,34000,False
862193,HDFCAMC26OCT2250PE,HDFCAMC,29OCT2026,225000.000000,300,OPTSTK,BFO,5.000000,12000,False
1112629,BIOCON26NOV440PE,BIOCON,26NOV2026,44000.000000,2500,OPTSTK,BFO,5.000000,100000,False
1112666,BHARTIARTL26OCT1740CE,BHARTIARTL,29OCT2026,174000.000000,475,OPTSTK,BFO,5.000000,28500,False
1112668,OFSS26NOV12500CE,OFSS,26NOV2026,1250000.000000,100,OPTSTK,BFO,5.000000,8000,False
1112698,NTPC26NOV345PE,NTPC,26NOV2026,34500.000000,1500,OPTSTK,BFO,5.000000,150000,False
867160,EICHERMOT26OCT7400CE,EICHERMOT,29OCT2026,740000.000000,100,OPTSTK,BFO,5.000000,7000,False
867177,ASHOKLEY26OCT160CE,ASHOKLEY,29OCT2026,16000.000000,5000,OPTSTK,BFO,5.000000,150000,False
867168,CANBK26OCT110PE,CANBK,29OCT2026,11000.000000,6750,OPTSTK,BFO,5.000000,81000,False
867171,BAJAJFINSV26OCT1960CE,BAJAJFINSV,29OCT2026,196000.000000,300,OPTSTK,BFO,5.000000,20000,False
862195,DELHIVERY26OCT485CE,DELHIVERY,29OCT2026,48500.000000,2075,OPTSTK,BFO,5.000000,100000000,False
862207,HDFCBANK26OCT760PE,HDFCBANK,29OCT2026,76000.000000,650,OPTSTK,BFO,5.000000,16500,False
862214,HINDPETRO26OCT390.75CE,HINDPETRO,29OCT2026,39075.000000,2025,OPTSTK,BFO,5.000000,108000,False
862229,FOCIT26OCT35900PE,FOCIT,29OCT2026,3590000.000000,45,OPTIDX,BFO,5.000000,1350,False
867179,SUZLON26OCT51CE,SUZLON,29OCT2026,5100.000000,12700,OPTSTK,BFO,5.000000,100000000,False
867188,BRITANNIA26OCT5300PE,BRITANNIA,29OCT2026,530000.000000,125,OPTSTK,BFO,5.000000,6000,False
867197,SENSEX2691781600PE,SENSEX,17SEP2026,8160000.000000,20,OPTIDX,BFO,5.000000,1000,False
867202,SENSEX2691783900PE,SENSEX,17SEP2026,8390000.000000,20,OPTIDX,BFO,5.000000,1000,False
844719,PIDILITIND26SEP1630CE,PIDILITIND,24SEP2026,163000.000000,500,OPTSTK,BFO,5.000000,10000,False
844729,TECHM26SEP1384PE,TECHM,24SEP2026,138400.000000,600,OPTSTK,BFO,5.000000,24000,False
844731,RVNL26SEP235PE,RVNL,24SEP2026,23500.000000,1925,OPTSTK,BFO,5.000000,100000000,False
844737,LTM26SEP3450CE,LTM,24SEP2026,345000.000000,150,OPTSTK,BFO,5.000000,4500,False
1112717,BANKEX26NOV62400CE,BANKEX,26NOV2026,6240000.000000,30,OPTIDX,BFO,5.000000,900,False
1112737,ULTRACEMCO26NOV12000CE,ULTRACEMCO,26NOV2026,1200000.000000,50,OPTSTK,BFO,5.000000,3000,False
1112738,COALINDIA26NOV375PE,COALINDIA,26NOV2026,37500.000000,1350,OPTSTK,BFO,5.000000,126000,False
1112740,EICHERMOT26NOV7600CE,EICHERMOT,26NOV2026,760000.000000,100,OPTSTK,BFO,5.000000,7000,False
844745,VMM26SEP115PE,VMM,24SEP2026,11500.000000,4850,OPTSTK,BFO,5.000000,100000000,False
844752,TITAN26SEP4550CE,TITAN,24SEP2026,455000.000000,175,OPTSTK,BFO,5.000000,11250,False
844765,BAJAJ-AUTO26SEP10400CE,BAJAJ-AUTO,24SEP2026,1040000.000000,75,OPTSTK,BFO,5.000000,5000,False
844770,COALINDIA26SEP420PE,COALINDIA,24SEP2026,42000.000000,1350,OPTSTK,BFO,5.000000,126000,False
862239,ANGELONE26OCT270CE,ANGELONE,29OCT2026,27000.000000,2500,OPTSTK,BFO,5.000000,100000000,False
862243,COCHINSHIP26OCT1480CE,COCHINSHIP,29OCT2026,148000.000000,400,OPTSTK,BFO,5.000000,100000000,False
862246,PIIND26OCT2650PE,PIIND,29OCT2026,265000.000000,175,OPTSTK,BFO,5.000000,7500,False
862249,HYUNDAI26OCT1900PE,HYUNDAI,29OCT2026,190000.000000,275,OPTSTK,BFO,5.000000,100000000,False
867229,OBEROIRLTY26OCT1820PE,OBEROIRLTY,29OCT2026,182000.000000,350,OPTSTK,BFO,5.000000,28000,False
867235,BAJAJFINSV26OCT1880PE,BAJAJFINSV,29OCT2026,188000.000000,300,OPTSTK,BFO,5.000000,20000,False
867243,ASTRAL26OCT1500PE,ASTRAL,29OCT2026,150000.000000,425,OPTSTK,BFO,5.000000,14680,False
867248,CIPLA26OCT1400PE,CIPLA,29OCT2026,140000.000000,425,OPTSTK,BFO,5.000000,26000,False
1112750,360ONE26NOV1120PE,,26NOV2026,112000.000000,500,OPTSTK,BFO,5.000000,100000000,False
1112823,ONGC26NOVFUT,ONGC,26NOV2026,0.000000,2250,FUTSTK,BFO,5.000000,154000,False
1112830,GODFRYPHLP26NOV2400PE,GODFRYPHLP,26NOV2026,240000.000000,275,OPTSTK,BFO,5.000000,100000000,False
1112864,COFORGE26NOV2040PE,COFORGE,26NOV2026,204000.000000,475,OPTSTK,BFO,5.000000,6000,False
844779,POLICYBZR26SEP1560PE,POLICYBZR,24SEP2026,156000.000000,350,OPTSTK,BFO,5.000000,100000000,False
844783,BANKEX26SEP62400CE,BANKEX,24SEP2026,6240000.000000,30,OPTIDX,BFO,5.000000,900,False
844790,KFINTECH26SEP900CE,KFINTECH,24SEP2026,90000.000000,575,OPTSTK,BFO,5.000000,100000000,False
844798,BHEL26SEP387.5CE,BHEL,24SEP2026,38750.000000,2625,OPTSTK,BFO,5.000000,315000,False
862240,MOTILALOFS26OCT780PE,MOTILALOFS,29OCT2026,78000.000000,775,OPTSTK,BFO,5.000000,100000000,False
862248,AUBANK26OCTFUT,AUBANK,29OCT2026,0.000000,1000,FUTSTK,BFO,5.000000,30000,False
862254,BHARATFORG26OCT2080PE,BHARATFORG,29OCT2026,208000.000000,500,OPTSTK,BFO,5.000000,30000,False
862256,RADICO26OCT4600PE,RADICO,29OCT2026,460000.000000,150,OPTSTK,BFO,5.000000,100000000,False
862262,SWIGGY26OCT265CE,SWIGGY,29OCT2026,26500.000000,1825,OPTSTK,BFO,5.000000,100000000,False
862263,INDUSTOWER26OCTFUT,INDUSTOWER,29OCT2026,0.000000,1700,FUTSTK,BFO,5.000000,170000,False
867277,SENSEX26OCT80100PE,SENSEX,29OCT2026,8010000.000000,20,OPTIDX,BFO,5.000000,1000,False
867282,HINDZINC26OCT480CE,HINDZINC,29OCT2026,48000.000000,1225,OPTSTK,BFO,5.000000,100000000,False
1112868,NYKAA26NOV325CE,NYKAA,26NOV2026,32500.000000,3125,OPTSTK,BFO,5.000000,100000000,False
1112873,SENSEX26O1579400CE,SENSEX,15OCT2026,7940000.000000,20,OPTIDX,BFO,5.000000,1000,False
1112884,SONACOMS26NOV830CE,SONACOMS,26NOV2026,83000.000000,1225,OPTSTK,BFO,5.000000,100000000,False
1112911,PATANJALI26NOV315CE,PATANJALI,26NOV2026,31500.000000,1075,OPTSTK,BFO,5.000000,100000000,False
862265,COALINDIA26OCT450CE,COALINDIA,29OCT2026,45000.000000,1350,OPTSTK,BFO,5.000000,126000,False
862266,SHRIRAMFIN26OCT940PE,SHRIRAMFIN,29OCT2026,94000.000000,825,OPTSTK,BFO,5.000000,18000,False
862267,FOCIT26OCT42500CE,FOCIT,29OCT2026,4250000.000000,45,OPTIDX,BFO,5.000000,1350,False
862282,IDFCFIRSTB26OCT90CE,IDFCFIRSTB,29OCT2026,9000.000000,9275,OPTSTK,BFO,5.000000,450000,False
844808,HCLTECH26SEP1170CE,HCLTECH,24SEP2026,117000.000000,400,OPTSTK,BFO,5.000000,21000,False
844814,ANGELONE26SEP310PE,ANGELONE,24SEP2026,31000.000000,2500,OPTSTK,BFO,5.000000,100000000,False
844828,AXISBANK26SEP1320CE,AXISBANK,24SEP2026,132000.000000,625,OPTSTK,BFO,5.000000,25000,False
844832,COLPAL26SEP2060PE,COLPAL,24SEP2026,206000.000000,275,OPTSTK,BFO,5.000000,14000,False
862269,ASTRAL26OCT1380CE,ASTRAL,29OCT2026,138000.000000,425,OPTSTK,BFO,5.000000,14680,False
862275,INDHOTEL26OCT710CE,INDHOTEL,29OCT2026,71000.000000,1000,OPTSTK,BFO,5.000000,60000,False
862281,PFC26OCT440CE,PFC,29OCT2026,44000.000000,1300,OPTSTK,BFO,5.000000,124000,False
862290,SENSEX2691779600CE,SENSEX,17SEP2026,7960000.000000,20,OPTIDX,BFO,5.000000,1000,False
1112998,TRENT26NOV3000PE,TRENT,26NOV2026,300000.000000,225,OPTSTK,BFO,5.000000,16000,False
1113035,INDUSINDBK26OCT910CE,INDUSINDBK,29OCT2026,91000.000000,700,OPTSTK,BFO,5.000000,20000,False
1113039,CHOLAFIN26NOV1980PE,CHOLAFIN,26NOV2026,198000.000000,625,OPTSTK,BFO,5.000000,25000,False
1113057,ADANIENT26NOV3050CE,ADANIENT,26NOV2026,305000.000000,309,OPTSTK,BFO,5.000000,9000,False
844858,MANKIND26SEP2580CE,MANKIND,24SEP2026,258000.000000,250,OPTSTK,BFO,5.000000,100000000,False
844861,INDUSINDBK26SEP930PE,INDUSINDBK,24SEP2026,93000.000000,700,OPTSTK,BFO,5.000000,20000,False
844887,SIEMENS26SEP3350PE,SIEMENS,24SEP2026,335000.000000,175,OPTSTK,BFO,5.000000,8250,False
844898,INDIANB26SEP840PE,INDIANB,24SEP2026,84000.000000,1000,OPTSTK,BFO,5.000000,100000000,False
862298,SRF26OCTFUT,SRF,29OCT2026,0.000000,200,FUTSTK,BFO,5.000000,11250,False
862308,ETERNAL26OCT305PE,ETERNAL,29OCT2026,30500.000000,2425,OPTSTK,BFO,5.000000,100000000,False
862312,TATACONSUM26OCT1110PE,TATACONSUM,29OCT2026,111000.000000,550,OPTSTK,BFO,5.000000,36000,False
862318,LICI26OCT440PE,LICI,29OCT2026,44000.000000,1400,OPTSTK,BFO,5.000000,100000000,False
1113167,SENSEX26NOV76400CE,SENSEX,26NOV2026,7640000.000000,20,OPTIDX,BFO,5.000000,1000,False
1113205,GMRAIRPORT26NOV103PE,GMRAIRPORT,26NOV2026,10300.000000,6975,OPTSTK,BFO,5.000000,675000,False
1113233,RADICO26NOV4500PE,RADICO,26NOV2026,450000.000000,150,OPTSTK,BFO,5.000000,100000000,False
1113238,NHPC26NOVFUT,NHPC,26NOV2026,0.000000,6950,FUTSTK,BFO,5.000000,100000000,False
862296,ADANIENSOL26OCT1620CE,ADANIENSOL,29OCT2026,162000.000000,675,OPTSTK,BFO,5.000000,100000000,False
862305,SENSEX26OCT77400PE,SENSEX,29OCT2026,7740000.000000,20,OPTIDX,BFO,5.000000,1000,False
862310,ICICIGI26OCT1680CE,ICICIGI,29OCT2026,168000.000000,325,OPTSTK,BFO,5.000000,20000,False
862313,MARUTI26OCT14500PE,MARUTI,29OCT2026,1450000.000000,50,OPTSTK,BFO,5.000000,3000,False
862316,SENSEX5026OCT25000CE,SENSEX50,29OCT2026,2500000.000000,75,OPTIDX,BFO,5.000000,1800,False
862319,POLYCAB26OCT8600CE,POLYCAB,29OCT2026,860000.000000,125,OPTSTK,BFO,5.000000,9000,False
862323,NBCC26OCT77.5PE,NBCC,29OCT2026,7750.000000,6500,OPTSTK,BFO,5.000000,100000000,False
862326,MANAPPURAM26OCT335PE,MANAPPURAM,29OCT2026,33500.000000,3000,OPTSTK,BFO,5.000000,180000,False
862335,SENSEX2691775900CE,SENSEX,17SEP2026,7590000.000000,20,OPTIDX,BFO,5.000000,1000,False
862340,LODHA26OCTFUT,LODHA,29OCT2026,0.000000,625,FUTSTK,BFO,5.000000,100000000,False
862342,UNITDSPR26OCT1580CE,UNITDSPR,29OCT2026,158000.000000,400,OPTSTK,BFO,5.000000,28000,False
862355,SENSEX26OCT73700PE,SENSEX,29OCT2026,7370000.000000,20,OPTIDX,BFO,5.000000,1000,False
1113253,BEL26NOV405PE,BEL,26NOV2026,40500.000000,1425,OPTSTK,BFO,5.000000,228000,False
1113261,ADANIENSOL26NOV1520CE,ADANIENSOL,26NOV2026,152000.000000,675,OPTSTK,BFO,5.000000,100000000,False
1113262,TATAPOWER26NOV315PE,TATAPOWER,26NOV2026,31500.000000,1450,OPTSTK,BFO,5.000000,101250,False
1113292,BAJFINANCE26NOV1040CE,BAJFINANCE,26NOV2026,104000.000000,750,OPTSTK,BFO,5.000000,3750,False
844903,SBILIFE26SEP1760PE,SBILIFE,24SEP2026,176000.000000,375,OPTSTK,BFO,5.000000,22500,False
844909,PNB26SEP104CE,PNB,24SEP2026,10400.000000,8000,OPTSTK,BFO,5.000000,480000,False
844920,PREMIERENE26SEP990CE,PREMIERENE,24SEP2026,99000.000000,650,OPTSTK,BFO,5.000000,100000000,False
844931,SWIGGY26SEP215PE,SWIGGY,24SEP2026,21500.000000,1825,OPTSTK,BFO,5.000000,100000000,False
862346,NAM-INDIA26OCT1080PE,NAM-INDIA,29OCT2026,108000.000000,625,OPTSTK,BFO,5.000000,100000000,False
862358,IOC26OCT122.5CE,IOC,29OCT2026,12250.000000,4875,OPTSTK,BFO,5.000000,292500,False
862372,BAJAJ-AUTO26OCTFUT,BAJAJ-AUTO,29OCT2026,0.000000,75,FUTSTK,BFO,5.000000,5000,False
862381,CANBK26OCT142.5CE,CANBK,29OCT2026,14250.000000,6750,OPTSTK,BFO,5.000000,81000,False
862359,SENSEX2691782900PE,SENSEX,17SEP2026,8290000.000000,20,OPTIDX,BFO,5.000000,1000,False
862364,ADANIENSOL26OCT1540PE,ADANIENSOL,29OCT2026,154000.000000,675,OPTSTK,BFO,5.000000,100000000,False
862368,M&M26OCT3400CE,M&M,29OCT2026,340000.000000,200,OPTSTK,BFO,5.000000,21000,False
862379,DELHIVERY26OCT460PE,DELHIVERY,29OCT2026,46000.000000,2075,OPTSTK,BFO,5.000000,100000000,False
844974,PAGEIND26SEP41500PE,PAGEIND,24SEP2026,4150000.000000,20,OPTSTK,BFO,5.000000,600,False
844986,SBIN26SEP1120CE,SBIN,24SEP2026,112000.000000,750,OPTSTK,BFO,5.000000,45000,False
844989,TMPV26SEP370CE,TMPV,24SEP2026,37000.000000,1600,OPTSTK,BFO,5.000000,42750,False
844993,RVNL26SEP275CE,RVNL,24SEP2026,27500.000000,1925,OPTSTK,BFO,5.000000,100000000,False
1113295,MCX26NOV2950PE,MCX,26NOV2026,295000.000000,225,OPTSTK,BFO,5.000000,16000,False
1113302,KALYANKJIL26NOV635CE,KALYANKJIL,26NOV2026,63500.000000,1350,OPTSTK,BFO,5.000000,100000000,False
1113313,DABUR26NOV405PE,DABUR,26NOV2026,40500.000000,1250,OPTSTK,BFO,5.000000,50000,False
1113315,TCS26NOV2300PE,TCS,26NOV2026,230000.000000,225,OPTSTK,BFO,5.000000,7000,False
862382,PGEL26OCT610PE,PGEL,29OCT2026,61000.000000,950,OPTSTK,BFO,5.000000,100000000,False
862387,DRREDDY26OCT1090PE,DRREDDY,29OCT2026,109000.000000,625,OPTSTK,BFO,5.000000,5000,False
862389,GVT&D26OCT3600CE,GVT&D,29OCT2026,360000.000000,125,OPTSTK,BFO,5.000000,100000000,False
862390,MUTHOOTFIN26OCT2900CE,MUTHOOTFIN,29OCT2026,290000.000000,275,OPTSTK,BFO,5.000000,22000,False
862399,TITAN26OCT4700PE,TITAN,29OCT2026,470000.000000,175,OPTSTK,BFO,5.000000,11250,False
862411,INFY26OCT1120CE,INFY,29OCT2026,112000.000000,400,OPTSTK,BFO,5.000000,16000,False
862416,FOCIT26SEP42800CE,FOCIT,24SEP2026,4280000.000000,45,OPTIDX,BFO,5.000000,1350,False
862419,SENSEX26OCT74400CE,SENSEX,29OCT2026,7440000.000000,20,OPTIDX,BFO,5.000000,1000,False
845004,ITC26SEP290PE,ITC,24SEP2026,29000.000000,1725,OPTSTK,BFO,5.000000,64000,False
845006,CANBK26SEP132CE,CANBK,24SEP2026,13200.000000,6750,OPTSTK,BFO,5.000000,81000,False
845013,WIPRO26SEP157.5PE,WIPRO,24SEP2026,15750.000000,3000,OPTSTK,BFO,5.000000,60000,False
845019,BIOCON26SEP425PE,BIOCON,24SEP2026,42500.000000,2500,OPTSTK,BFO,5.000000,100000,False
862392,ICICIBANK26OCT1400CE,ICICIBANK,29OCT2026,140000.000000,700,OPTSTK,BFO,5.000000,28000,False
862409,IEX26OCT125PE,IEX,29OCT2026,12500.000000,4350,OPTSTK,BFO,5.000000,150000,False
862415,GVT&D26OCT4300PE,GVT&D,29OCT2026,430000.000000,125,OPTSTK,BFO,5.000000,100000000,False
862423,DRREDDY26OCT1080CE,DRREDDY,29OCT2026,108000.000000,625,OPTSTK,BFO,5.000000,5000,False
1113323,IEX26NOV132.5CE,IEX,26NOV2026,13250.000000,4350,OPTSTK,BFO,5.000000,150000,False
1113324,MFSL26NOV1560CE,MFSL,26NOV2026,156000.000000,400,OPTSTK,BFO,5.000000,32000,False
1113325,ADANIENSOL26NOV1600PE,ADANIENSOL,26NOV2026,160000.000000,675,OPTSTK,BFO,5.000000,100000000,False
1113332,ATHERENERG26OCT1400CE,ATHERENERG,29OCT2026,140000.000000,375,OPTSTK,BFO,5.000000,100000000,False
862440,TMPV26OCT365CE,TMPV,29OCT2026,36500.000000,1600,OPTSTK,BFO,5.000000,42750,False
862462,DRREDDY26OCT1160PE,DRREDDY,29OCT2026,116000.000000,625,OPTSTK,BFO,5.000000,5000,False
862464,FOCIT26OCT44200PE,FOCIT,29OCT2026,4420000.000000,45,OPTIDX,BFO,5.000000,1350,False
862477,INDHOTEL26OCT710PE,INDHOTEL,29OCT2026,71000.000000,1000,OPTSTK,BFO,5.000000,60000,False
862445,FOCIT26OCT32800PE,FOCIT,29OCT2026,3280000.000000,45,OPTIDX,BFO,5.000000,1350,False
862471,TVSMOTOR26OCT4200CE,TVSMOTOR,29OCT2026,420000.000000,175,OPTSTK,BFO,5.000000,21000,False
862473,COALINDIA26OCT450PE,COALINDIA,29OCT2026,45000.000000,1350,OPTSTK,BFO,5.000000,126000,False
862474,GMRAIRPORT26SEP97PE,GMRAIRPORT,24SEP2026,9700.000000,6975,OPTSTK,BFO,5.000000,675000,False
1113341,DIVISLAB26NOV9000PE,DIVISLAB,26NOV2026,900000.000000,100,OPTSTK,BFO,5.000000,8000,False
1113349,GODREJCP26NOV910PE,GODREJCP,26NOV2026,91000.000000,500,OPTSTK,BFO,5.000000,30000,False
1113352,MOTHERSON26NOV150CE,MOTHERSON,26NOV2026,15000.000000,6150,OPTSTK,BFO,5.000000,284000,False
1113361,SENSEX26O1571400PE,SENSEX,15OCT2026,7140000.000000,20,OPTIDX,BFO,5.000000,1000,False
845023,PNBHOUSING26SEP1040PE,PNBHOUSING,24SEP2026,104000.000000,650,OPTSTK,BFO,5.000000,100000000,False
845036,MAZDOCK26SEP2560CE,MAZDOCK,24SEP2026,256000.000000,225,OPTSTK,BFO,5.000000,100000000,False
845039,NMDC26SEP81CE,NMDC,24SEP2026,8100.000000,6750,OPTSTK,BFO,5.000000,225000,False
845060,SENSEX31JUN72000CE,SENSEX,26JUN2031,7200000.000000,20,OPTIDX,BFO,5.000000,1000,False
862494,TRENT26OCT2700PE,TRENT,29OCT2026,270000.000000,225,OPTSTK,BFO,5.000000,16000,False
862498,SENSEX2691774200CE,SENSEX,17SEP2026,7420000.000000,20,OPTIDX,BFO,5.000000,1000,False
862505,VEDL26OCT280PE,VEDL,29OCT2026,28000.000000,1150,OPTSTK,BFO,5.000000,80000,False
862510,PAYTM26OCT1200PE,PAYTM,29OCT2026,120000.000000,725,OPTSTK,BFO,5.000000,100000000,False
862476,GRASIM26OCT2980CE,GRASIM,29OCT2026,298000.000000,250,OPTSTK,BFO,5.000000,14250,False
862486,TIINDIA26OCT2500PE,TIINDIA,29OCT2026,250000.000000,200,OPTSTK,BFO,5.000000,100000000,False
862491,MAZDOCK26OCT2400PE,MAZDOCK,29OCT2026,240000.000000,225,OPTSTK,BFO,5.000000,100000000,False
862506,SAIL26OCT167.5CE,SAIL,29OCT2026,16750.000000,4700,OPTSTK,BFO,5.000000,320000,False
1113382,PRESTIGE26NOV1680PE,PRESTIGE,26NOV2026,168000.000000,450,OPTSTK,BFO,5.000000,100000000,False
1113402,POLICYBZR26NOV1780PE,POLICYBZR,26NOV2026,178000.000000,350,OPTSTK,BFO,5.000000,100000000,False
1113393,BAJAJ-AUTO26NOV11300PE,BAJAJ-AUTO,26NOV2026,1130000.000000,75,OPTSTK,BFO,5.000000,5000,False
1113394,SENSEX26NOV78100PE,SENSEX,26NOV2026,7810000.000000,20,OPTIDX,BFO,5.000000,1000,False
845065,PFC26SEP450CE,PFC,24SEP2026,45000.000000,1300,OPTSTK,BFO,5.000000,124000,False
845070,PETRONET26SEP270CE,PETRONET,24SEP2026,27000.000000,1900,OPTSTK,BFO,5.000000,120000,False
845087,DRREDDY26SEP1390CE,DRREDDY,24SEP2026,139000.000000,625,OPTSTK,BFO,5.000000,5000,False
845088,SBIN26SEP1030CE,SBIN,24SEP2026,103000.000000,750,OPTSTK,BFO,5.000000,45000,False
862564,FOCIT26OCT43500CE,FOCIT,29OCT2026,4350000.000000,45,OPTIDX,BFO,5.000000,1350,False
862511,HINDPETRO26OCT300.75PE,HINDPETRO,29OCT2026,30075.000000,2025,OPTSTK,BFO,5.000000,108000,False
862514,FOCIT26SEP32200PE,FOCIT,24SEP2026,3220000.000000,45,OPTIDX,BFO,5.000000,1350,False
862516,TORNTPHARM26OCT4550CE,TORNTPHARM,29OCT2026,455000.000000,125,OPTSTK,BFO,5.000000,15000,False
862522,SENSEX2691777600PE,SENSEX,17SEP2026,7760000.000000,20,OPTIDX,BFO,5.000000,1000,False
862536,GODFRYPHLP26OCT1850PE,GODFRYPHLP,29OCT2026,185000.000000,275,OPTSTK,BFO,5.000000,100000000,False
862540,MOTILALOFS26OCT980CE,MOTILALOFS,29OCT2026,98000.000000,775,OPTSTK,BFO,5.000000,100000000,False
862556,LODHA26OCT1140CE,LODHA,29OCT2026,114000.000000,625,OPTSTK,BFO,5.000000,100000000,False
1113406,ABB26NOV8200CE,ABB,26NOV2026,820000.000000,125,OPTSTK,BFO,5.000000,7500,False
1113408,ATHERENERG26NOV1600CE,ATHERENERG,26NOV2026,160000.000000,375,OPTSTK,BFO,5.000000,100000000,False
1113441,UNOMINDA26NOVFUT,UNOMINDA,26NOV2026,0.000000,550,FUTSTK,BFO,5.000000,100000000,False
1113443,FEDERALBNK26NOV320PE,FEDERALBNK,26NOV2026,32000.000000,2500,OPTSTK,BFO,5.000000,200000,False
845089,INOXWIND26SEP82CE,INOXWIND,24SEP2026,8200.000000,6400,OPTSTK,BFO,5.000000,100000000,False
845096,ASTRAL26SEP1420CE,ASTRAL,24SEP2026,142000.000000,425,OPTSTK,BFO,5.000000,14680,False
845109,MANAPPURAM26SEP345PE,MANAPPURAM,24SEP2026,34500.000000,3000,OPTSTK,BFO,5.000000,180000,False
845112,BHEL26SEP390CE,BHEL,24SEP2026,39000.000000,2625,OPTSTK,BFO,5.000000,315000,False
862538,PERSISTENT26OCT5800PE,PERSISTENT,29OCT2026,580000.000000,125,OPTSTK,BFO,5.000000,5250,False
862542,LICHSGFIN26OCT590PE,LICHSGFIN,29OCT2026,59000.000000,1000,OPTSTK,BFO,5.000000,60000,False
862543,BANKEX26OCT58000CE,BANKEX,29OCT2026,5800000.000000,30,OPTIDX,BFO,5.000000,900,False
862549,SRF26OCT2850PE,SRF,29OCT2026,285000.000000,200,OPTSTK,BFO,5.000000,11250,False
1113450,HAL26NOV4500PE,HAL,26NOV2026,450000.000000,150,OPTSTK,BFO,5.000000,9000,False
1113461,ALKEM26OCT4950CE,ALKEM,29OCT2026,495000.000000,125,OPTSTK,BFO,5.000000,8000,False
1113464,OBEROIRLTY26NOV2020CE,OBEROIRLTY,26NOV2026,202000.000000,350,OPTSTK,BFO,5.000000,28000,False
1113479,BANKEX26NOV68600CE,BANKEX,26NOV2026,6860000.000000,30,OPTIDX,BFO,5.000000,900,False
862576,COFORGE26OCT1640CE,COFORGE,29OCT2026,164000.000000,475,OPTSTK,BFO,5.000000,6000,False
862579,LT26OCT4250PE,LT,29OCT2026,425000.000000,175,OPTSTK,BFO,5.000000,12000,False
862590,ONGC26OCT237.5CE,ONGC,29OCT2026,23750.000000,2250,OPTSTK,BFO,5.000000,154000,False
862594,JUBLFOOD26OCT415CE,JUBLFOOD,29OCT2026,41500.000000,1250,OPTSTK,BFO,5.000000,50000,False
845134,ASTRAL26SEP1500PE,ASTRAL,24SEP2026,150000.000000,425,OPTSTK,BFO,5.000000,14680,False
845138,CIPLA26SEP1400PE,CIPLA,24SEP2026,140000.000000,425,OPTSTK,BFO,5.000000,26000,False
845153,TECHM26SEP1344CE,TECHM,24SEP2026,134400.000000,600,OPTSTK,BFO,5.000000,24000,False
845190,BANKEX26SEP68600CE,BANKEX,24SEP2026,6860000.000000,30,OPTIDX,BFO,5.000000,900,False
862598,POLICYBZR26OCT1600CE,POLICYBZR,29OCT2026,160000.000000,350,OPTSTK,BFO,5.000000,100000000,False
862601,INDUSINDBK26OCT1000CE,INDUSINDBK,29OCT2026,100000.000000,700,OPTSTK,BFO,5.000000,20000,False
862605,BANKEX26OCT58900CE,BANKEX,29OCT2026,5890000.000000,30,OPTIDX,BFO,5.000000,900,False
862617,LODHA26OCT1220PE,LODHA,29OCT2026,122000.000000,625,OPTSTK,BFO,5.000000,100000000,False
1113485,ICICIGI26NOV1560CE,ICICIGI,26NOV2026,156000.000000,325,OPTSTK,BFO,5.000000,20000,False
1113490,KEI26NOV5800PE,KEI,26NOV2026,580000.000000,175,OPTSTK,BFO,5.000000,100000000,False
1113499,POWERGRID26NOV280PE,POWERGRID,26NOV2026,28000.000000,1900,OPTSTK,BFO,5.000000,108000,False
1113500,SENSEX26NOV70700PE,SENSEX,26NOV2026,7070000.000000,20,OPTIDX,BFO,5.000000,1000,False
862569,FOCIT26SEP30800PE,FOCIT,24SEP2026,3080000.000000,45,OPTIDX,BFO,5.000000,1350,False
862572,IOC26OCT127.5CE,IOC,29OCT2026,12750.000000,4875,OPTSTK,BFO,5.000000,292500,False
862577,SENSEX2691784200CE,SENSEX,17SEP2026,8420000.000000,20,OPTIDX,BFO,5.000000,1000,False
862581,FOCIT26SEP39800CE,FOCIT,24SEP2026,3980000.000000,45,OPTIDX,BFO,5.000000,1350,False
845201,CONCOR26SEP445CE,CONCOR,24SEP2026,44500.000000,1250,OPTSTK,BFO,5.000000,40000,False
845207,JIOFIN26SEP235CE,JIOFIN,24SEP2026,23500.000000,2350,OPTSTK,BFO,5.000000,100000000,False
845239,LODHA26SEP880CE,LODHA,24SEP2026,88000.000000,625,OPTSTK,BFO,5.000000,100000000,False
845242,ULTRACEMCO26SEP11960CE,ULTRACEMCO,24SEP2026,1196000.000000,50,OPTSTK,BFO,5.000000,3000,False
862622,RVNL26OCT245PE,RVNL,29OCT2026,24500.000000,1925,OPTSTK,BFO,5.000000,100000000,False
862623,ITC26OCTFUT,ITC,29OCT2026,0.000000,1725,FUTSTK,BFO,5.000000,64000,False
862642,FOCIT26SEP40800PE,FOCIT,24SEP2026,4080000.000000,45,OPTIDX,BFO,5.000000,1350,False
862655,ANGELONE26OCT275PE,ANGELONE,29OCT2026,27500.000000,2500,OPTSTK,BFO,5.000000,100000000,False
1113534,BANKEX26NOV64900CE,BANKEX,26NOV2026,6490000.000000,30,OPTIDX,BFO,5.000000,900,False
1113539,MANAPPURAM26NOV315CE,MANAPPURAM,26NOV2026,31500.000000,3000,OPTSTK,BFO,5.000000,180000,False
1113540,PERSISTENT26NOV5700PE,PERSISTENT,26NOV2026,570000.000000,125,OPTSTK,BFO,5.000000,5250,False
1113546,ULTRACEMCO26NOV12200CE,ULTRACEMCO,26NOV2026,1220000.000000,50,OPTSTK,BFO,5.000000,3000,False
862593,JINDALSTEL26OCT960CE,JINDALSTEL,29OCT2026,96000.000000,625,OPTSTK,BFO,5.000000,37500,False
862595,KFINTECH26OCT840CE,KFINTECH,29OCT2026,84000.000000,575,OPTSTK,BFO,5.000000,100000000,False
862599,NATIONALUM26OCT360PE,NATIONALUM,29OCT2026,36000.000000,1875,OPTSTK,BFO,5.000000,300000,False
862600,BAJAJ-AUTO26OCT11600PE,BAJAJ-AUTO,29OCT2026,1160000.000000,75,OPTSTK,BFO,5.000000,5000,False
845244,FOCIT26SEP33500PE,FOCIT,24SEP2026,3350000.000000,45,OPTIDX,BFO,5.000000,1350,False
845248,POWERGRID26SEP272.5CE,POWERGRID,24SEP2026,27250.000000,1900,OPTSTK,BFO,5.000000,108000,False
845265,AXISBANK26SEP1370PE,AXISBANK,24SEP2026,137000.000000,625,OPTSTK,BFO,5.000000,25000,False
862657,SENSEX5026OCT24600CE,SENSEX50,29OCT2026,2460000.000000,75,OPTIDX,BFO,5.000000,1800,False
862659,BANKEX26OCT62000CE,BANKEX,29OCT2026,6200000.000000,30,OPTIDX,BFO,5.000000,900,False
862663,BANKEX26OCT64300CE,BANKEX,29OCT2026,6430000.000000,30,OPTIDX,BFO,5.000000,900,False
862674,NBCC26OCT80PE,NBCC,29OCT2026,8000.000000,6500,OPTSTK,BFO,5.000000,100000000,False
845255,NYKAA26SEP317.5PE,NYKAA,24SEP2026,31750.000000,3125,OPTSTK,BFO,5.000000,100000000,False
862603,MANKIND26OCT2640PE,MANKIND,29OCT2026,264000.000000,250,OPTSTK,BFO,5.000000,100000000,False
862620,SENSEX5026OCT26000CE,SENSEX50,29OCT2026,2600000.000000,75,OPTIDX,BFO,5.000000,1800,False
862628,CAMS26OCT830CE,CAMS,29OCT2026,83000.000000,825,OPTSTK,BFO,5.000000,100000000,False
862631,SENSEX2691780500CE,SENSEX,17SEP2026,8050000.000000,20,OPTIDX,BFO,5.000000,1000,False
1113552,CUMMINSIND26NOV5500CE,CUMMINSIND,26NOV2026,550000.000000,200,OPTSTK,BFO,5.000000,18000,False
1113564,VOLTAS26NOV1300PE,VOLTAS,26NOV2026,130000.000000,375,OPTSTK,BFO,5.000000,30000,False
1113570,DABUR26NOV370PE,DABUR,26NOV2026,37000.000000,1250,OPTSTK,BFO,5.000000,50000,False
1113580,360ONE26NOV1160PE,,26NOV2026,116000.000000,500,OPTSTK,BFO,5.000000,100000000,False
862691,SENSEX2691778200PE,SENSEX,17SEP2026,7820000.000000,20,OPTIDX,BFO,5.000000,1000,False
862695,POLYCAB26OCTFUT,POLYCAB,29OCT2026,0.000000,125,FUTSTK,BFO,5.000000,9000,False
862696,AUROPHARMA26OCT1700CE,AUROPHARMA,29OCT2026,170000.000000,550,OPTSTK,BFO,5.000000,44000,False
862697,SENSEX26OCT83600CE,SENSEX,29OCT2026,8360000.000000,20,OPTIDX,BFO,5.000000,1000,False
845268,AUBANK26SEP990PE,AUBANK,24SEP2026,99000.000000,1000,OPTSTK,BFO,5.000000,30000,False
845297,AXISBANK26SEP1360CE,AXISBANK,24SEP2026,136000.000000,625,OPTSTK,BFO,5.000000,25000,False
845302,BANKEX26SEP70300CE,BANKEX,24SEP2026,7030000.000000,30,OPTIDX,BFO,5.000000,900,False
845305,TCS26SEP2020CE,TCS,24SEP2026,202000.000000,225,OPTSTK,BFO,5.000000,7000,False
862643,NYKAA26OCT310CE,NYKAA,29OCT2026,31000.000000,3125,OPTSTK,BFO,5.000000,100000000,False
862650,UNITDSPR26SEP1660CE,UNITDSPR,24SEP2026,166000.000000,400,OPTSTK,BFO,5.000000,28000,False
862665,JSWENERGY26OCT600CE,JSWENERGY,29OCT2026,60000.000000,1075,OPTSTK,BFO,5.000000,100000000,False
862669,BANKEX26OCT66600CE,BANKEX,29OCT2026,6660000.000000,30,OPTIDX,BFO,5.000000,900,False
862701,NAUKRI26OCT1220PE,NAUKRI,29OCT2026,122000.000000,550,OPTSTK,BFO,5.000000,6000,False
862720,UPL26OCT630PE,UPL,29OCT2026,63000.000000,1355,OPTSTK,BFO,5.000000,39000,False
862722,CROMPTON26OCT270CE,CROMPTON,29OCT2026,27000.000000,2150,OPTSTK,BFO,5.000000,90000,False
862726,RECLTD26OCT380PE,RECLTD,29OCT2026,38000.000000,1575,OPTSTK,BFO,5.000000,160000,False
1113582,IRFC26NOV80PE,IRFC,26NOV2026,8000.000000,5425,OPTSTK,BFO,5.000000,100000000,False
1113597,OBEROIRLTY26NOV1980CE,OBEROIRLTY,26NOV2026,198000.000000,350,OPTSTK,BFO,5.000000,28000,False
1113623,SAGILITY26OCT41CE,SAGILITY,29OCT2026,4100.000000,12000,OPTSTK,BFO,5.000000,100000000,False
1113625,JIOFIN26NOV255PE,JIOFIN,26NOV2026,25500.000000,2350,OPTSTK,BFO,5.000000,100000000,False
845328,CROMPTON26SEP277.5PE,CROMPTON,24SEP2026,27750.000000,2150,OPTSTK,BFO,5.000000,90000,False
845336,IEX26SEP123PE,IEX,24SEP2026,12300.000000,4350,OPTSTK,BFO,5.000000,150000,False
845352,PRESTIGE26SEP1560CE,PRESTIGE,24SEP2026,156000.000000,450,OPTSTK,BFO,5.000000,100000000,False
845372,IDEA26SEP20CE,IDEA,24SEP2026,2000.000000,71475,OPTSTK,BFO,5.000000,2400000,False
862671,BANKEX26OCT68900CE,BANKEX,29OCT2026,6890000.000000,30,OPTIDX,BFO,5.000000,900,False
862676,IDFCFIRSTB26OCT87PE,IDFCFIRSTB,29OCT2026,8700.000000,9275,OPTSTK,BFO,5.000000,450000,False
862678,BANKEX26OCT71300PE,BANKEX,29OCT2026,7130000.000000,30,OPTIDX,BFO,5.000000,900,False
862681,DLF26OCT610CE,DLF,29OCT2026,61000.000000,950,OPTSTK,BFO,5.000000,49500,False
862731,CONCOR26OCT505PE,CONCOR,29OCT2026,50500.000000,1250,OPTSTK,BFO,5.000000,40000,False
862761,ASHOKLEY26OCT172.5CE,ASHOKLEY,29OCT2026,17250.000000,5000,OPTSTK,BFO,5.000000,150000,False
862769,BHARATFORG26OCT2280PE,BHARATFORG,29OCT2026,228000.000000,500,OPTSTK,BFO,5.000000,30000,False
862778,MOTHERSON26OCT137.5CE,MOTHERSON,29OCT2026,13750.000000,6150,OPTSTK,BFO,5.000000,284000,False
1113633,MARICO26NOV820CE,MARICO,26NOV2026,82000.000000,1200,OPTSTK,BFO,5.000000,48000,False
1113657,FOCIT26NOV43500PE,FOCIT,26NOV2026,4350000.000000,45,OPTIDX,BFO,5.000000,1350,False
1113660,HDFCBANK26NOV740PE,HDFCBANK,26NOV2026,74000.000000,650,OPTSTK,BFO,5.000000,16500,False
1113671,RECLTD26NOV325CE,RECLTD,26NOV2026,32500.000000,1575,OPTSTK,BFO,5.000000,160000,False
845410,MUTHOOTFIN26SEP3300PE,MUTHOOTFIN,24SEP2026,330000.000000,275,OPTSTK,BFO,5.000000,22000,False
845412,BANKEX26SEP64300PE,BANKEX,24SEP2026,6430000.000000,30,OPTIDX,BFO,5.000000,900,False
845423,POLICYBZR26SEP1580PE,POLICYBZR,24SEP2026,158000.000000,350,OPTSTK,BFO,5.000000,100000000,False
845428,ADANIGREEN26SEP1460CE,ADANIGREEN,24SEP2026,146000.000000,600,OPTSTK,BFO,5.000000,100000000,False
862705,HDFCAMC26OCT2450PE,HDFCAMC,29OCT2026,245000.000000,300,OPTSTK,BFO,5.000000,12000,False
862709,DABUR26OCT415CE,DABUR,29OCT2026,41500.000000,1250,OPTSTK,BFO,5.000000,50000,False
862715,INDHOTEL26OCT680CE,INDHOTEL,29OCT2026,68000.000000,1000,OPTSTK,BFO,5.000000,60000,False
862725,AXISBANK26OCT1120CE,AXISBANK,29OCT2026,112000.000000,625,OPTSTK,BFO,5.000000,25000,False
862784,KEI26OCT4600PE,KEI,29OCT2026,460000.000000,175,OPTSTK,BFO,5.000000,100000000,False
862798,HINDALCO26OCT900CE,HINDALCO,29OCT2026,90000.000000,700,OPTSTK,BFO,5.000000,56000,False
862829,JINDALSTEL26OCT1140CE,JINDALSTEL,29OCT2026,114000.000000,625,OPTSTK,BFO,5.000000,37500,False
862831,CONCOR26OCT540CE,CONCOR,29OCT2026,54000.000000,1250,OPTSTK,BFO,5.000000,40000,False
1113673,PATANJALI26NOV350PE,PATANJALI,26NOV2026,35000.000000,1075,OPTSTK,BFO,5.000000,100000000,False
1113674,SBICARD26NOV670PE,SBICARD,26NOV2026,67000.000000,800,OPTSTK,BFO,5.000000,32000,False
1113702,SENSEX26O1575900CE,SENSEX,15OCT2026,7590000.000000,20,OPTIDX,BFO,5.000000,1000,False
1113749,DIVISLAB26NOV8600PE,DIVISLAB,26NOV2026,860000.000000,100,OPTSTK,BFO,5.000000,8000,False
862843,SENSEX2691773800CE,SENSEX,17SEP2026,7380000.000000,20,OPTIDX,BFO,5.000000,1000,False
862846,SENSEX5026OCT26300PE,SENSEX50,29OCT2026,2630000.000000,75,OPTIDX,BFO,5.000000,1800,False
862858,OFSS26OCT11300CE,OFSS,29OCT2026,1130000.000000,100,OPTSTK,BFO,5.000000,8000,False
862859,BANKEX26OCT68300PE,BANKEX,29OCT2026,6830000.000000,30,OPTIDX,BFO,5.000000,900,False
862753,ZYDUSLIFE26OCT1170CE,ZYDUSLIFE,29OCT2026,117000.000000,900,OPTSTK,BFO,5.000000,54000,False
845432,KPITTECH26SEP710CE,KPITTECH,24SEP2026,71000.000000,775,OPTSTK,BFO,5.000000,100000000,False
845435,ICICIPRULI26SEP465PE,ICICIPRULI,24SEP2026,46500.000000,925,OPTSTK,BFO,5.000000,60000,False
845436,TATASTEEL26SEPFUT,TATASTEEL,24SEP2026,0.000000,2750,FUTSTK,BFO,5.000000,220000,False
845450,BHARTIARTL26SEP1880PE,BHARTIARTL,24SEP2026,188000.000000,475,OPTSTK,BFO,5.000000,28500,False
862741,SENSEX2691772200PE,SENSEX,17SEP2026,7220000.000000,20,OPTIDX,BFO,5.000000,1000,False
862743,HDFCLIFE26OCT540CE,HDFCLIFE,29OCT2026,54000.000000,1100,OPTSTK,BFO,5.000000,44000,False
862751,PIIND26OCT2850PE,PIIND,29OCT2026,285000.000000,175,OPTSTK,BFO,5.000000,7500,False
1113755,AUBANK26NOV960CE,AUBANK,26NOV2026,96000.000000,1000,OPTSTK,BFO,5.000000,30000,False
1113774,HINDPETRO26NOV300CE,HINDPETRO,26NOV2026,30000.000000,2025,OPTSTK,BFO,5.000000,108000,False
1113777,SENSEX26NOV72000CE,SENSEX,26NOV2026,7200000.000000,20,OPTIDX,BFO,5.000000,1000,False
1113792,PAYTM26NOV1580CE,PAYTM,26NOV2026,158000.000000,725,OPTSTK,BFO,5.000000,100000000,False
862863,SENSEX2691780800PE,SENSEX,17SEP2026,8080000.000000,20,OPTIDX,BFO,5.000000,1000,False
862869,OBEROIRLTY26OCT1800PE,OBEROIRLTY,29OCT2026,180000.000000,350,OPTSTK,BFO,5.000000,28000,False
862873,INDUSTOWER26OCT371CE,INDUSTOWER,29OCT2026,37100.000000,1700,OPTSTK,BFO,5.000000,170000,False
862896,BDL26OCT1280CE,BDL,29OCT2026,128000.000000,425,OPTSTK,BFO,5.000000,100000000,False
862756,WIPRO26OCT187.5PE,WIPRO,29OCT2026,18750.000000,3000,OPTSTK,BFO,5.000000,60000,False
862766,SOLARINDS26OCT17500PE,SOLARINDS,29OCT2026,1750000.000000,50,OPTSTK,BFO,5.000000,100000000,False
862773,BANDHANBNK26OCT140CE,BANDHANBNK,29OCT2026,14000.000000,3600,OPTSTK,BFO,5.000000,100000,False
862774,IDEA26OCT19CE,IDEA,29OCT2026,1900.000000,71475,OPTSTK,BFO,5.000000,2400000,False
845461,POLYCAB26SEP10100PE,POLYCAB,24SEP2026,1010000.000000,125,OPTSTK,BFO,5.000000,9000,False
845465,KEI26SEP4900CE,KEI,24SEP2026,490000.000000,175,OPTSTK,BFO,5.000000,100000000,False
845472,BPCL26SEP320CE,BPCL,24SEP2026,32000.000000,1975,OPTSTK,BFO,5.000000,72000,False
845480,TATAPOWER26SEP400PE,TATAPOWER,24SEP2026,40000.000000,1450,OPTSTK,BFO,5.000000,101250,False
862910,NBCC26OCT85PE,NBCC,29OCT2026,8500.000000,6500,OPTSTK,BFO,5.000000,100000000,False
862923,GRASIM26OCT3060CE,GRASIM,29OCT2026,306000.000000,250,OPTSTK,BFO,5.000000,14250,False
862949,TECHM26OCT1600PE,TECHM,29OCT2026,160000.000000,600,OPTSTK,BFO,5.000000,24000,False
862951,KEI26OCT4500CE,KEI,29OCT2026,450000.000000,175,OPTSTK,BFO,5.000000,100000000,False
1113808,AUBANK26NOVFUT,AUBANK,26NOV2026,0.000000,1000,FUTSTK,BFO,5.000000,30000,False
1113861,GMRAIRPORT26NOV96CE,GMRAIRPORT,26NOV2026,9600.000000,6975,OPTSTK,BFO,5.000000,675000,False
1113863,CGPOWER26NOV920PE,CGPOWER,26NOV2026,92000.000000,850,OPTSTK,BFO,5.000000,100000000,False
1113869,CIPLA26NOV1380CE,CIPLA,26NOV2026,138000.000000,425,OPTSTK,BFO,5.000000,26000,False
862776,FOCIT26OCT40400CE,FOCIT,29OCT2026,4040000.000000,45,OPTIDX,BFO,5.000000,1350,False
862794,SHRIRAMFIN26OCT980PE,SHRIRAMFIN,29OCT2026,98000.000000,825,OPTSTK,BFO,5.000000,18000,False
862801,SENSEX2691779800CE,SENSEX,17SEP2026,7980000.000000,20,OPTIDX,BFO,5.000000,1000,False
862817,FOCIT26SEP37800PE,FOCIT,24SEP2026,3780000.000000,45,OPTIDX,BFO,5.000000,1350,False
862959,LTF26OCT295CE,LTF,29OCT2026,29500.000000,2250,OPTSTK,BFO,5.000000,267720,False
862966,CROMPTON26OCT275CE,CROMPTON,29OCT2026,27500.000000,2150,OPTSTK,BFO,5.000000,90000,False
862976,BIOCON26OCT435PE,BIOCON,29OCT2026,43500.000000,2500,OPTSTK,BFO,5.000000,100000,False
863001,BLUESTARCO26OCT1720CE,BLUESTARCO,29OCT2026,172000.000000,325,OPTSTK,BFO,5.000000,100000000,False
1113874,ONGC26NOV235PE,ONGC,26NOV2026,23500.000000,2250,OPTSTK,BFO,5.000000,154000,False
1113876,DRREDDY26NOVFUT,DRREDDY,26NOV2026,0.000000,625,FUTSTK,BFO,5.000000,5000,False
1113893,MANKIND26NOV2360PE,MANKIND,26NOV2026,236000.000000,250,OPTSTK,BFO,5.000000,100000000,False
1113910,TMPV26NOV320CE,TMPV,26NOV2026,32000.000000,1600,OPTSTK,BFO,5.000000,42750,False
845489,CONCOR26SEP480CE,CONCOR,24SEP2026,48000.000000,1250,OPTSTK,BFO,5.000000,40000,False
845495,360ONE26SEP1040CE,,24SEP2026,104000.000000,500,OPTSTK,BFO,5.000000,100000000,False
845510,PATANJALI26SEP400PE,PATANJALI,24SEP2026,40000.000000,1075,OPTSTK,BFO,5.000000,100000000,False
845541,PNBHOUSING26SEP1070CE,PNBHOUSING,24SEP2026,107000.000000,650,OPTSTK,BFO,5.000000,100000000,False
862834,JSWSTEEL26OCT1160CE,JSWSTEEL,29OCT2026,116000.000000,675,OPTSTK,BFO,5.000000,40500,False
862839,HDFCAMC26OCT2350CE,HDFCAMC,29OCT2026,235000.000000,300,OPTSTK,BFO,5.000000,12000,False
862855,GLENMARK26OCT2120PE,GLENMARK,29OCT2026,212000.000000,375,OPTSTK,BFO,5.000000,43500,False
862860,NYKAA26OCT315CE,NYKAA,29OCT2026,31500.000000,3125,OPTSTK,BFO,5.000000,100000000,False
863035,TIINDIA26OCT2700PE,TIINDIA,29OCT2026,270000.000000,200,OPTSTK,BFO,5.000000,100000000,False
863048,GMRAIRPORT26OCT106CE,GMRAIRPORT,29OCT2026,10600.000000,6975,OPTSTK,BFO,5.000000,675000,False
863054,PIDILITIND26OCT1560CE,PIDILITIND,29OCT2026,156000.000000,500,OPTSTK,BFO,5.000000,10000,False
863057,SUNPHARMA26OCT2040CE,SUNPHARMA,29OCT2026,204000.000000,350,OPTSTK,BFO,5.000000,28000,False
862888,JINDALSTEL26OCT1220PE,JINDALSTEL,29OCT2026,122000.000000,625,OPTSTK,BFO,5.000000,37500,False
862890,CHOLAFIN26OCT1840CE,CHOLAFIN,29OCT2026,184000.000000,625,OPTSTK,BFO,5.000000,25000,False
862902,BOSCHLTD26OCT41500PE,BOSCHLTD,29OCT2026,4150000.000000,25,OPTSTK,BFO,5.000000,1500,False
862903,UNOMINDA26OCT1080CE,UNOMINDA,29OCT2026,108000.000000,550,OPTSTK,BFO,5.000000,100000000,False
1113927,TATAPOWER26NOV355PE,TATAPOWER,26NOV2026,35500.000000,1450,OPTSTK,BFO,5.000000,101250,False
1113931,ATHERENERG26NOV1580PE,ATHERENERG,26NOV2026,158000.000000,375,OPTSTK,BFO,5.000000,100000000,False
1113946,ALKEM26SEP4950PE,ALKEM,24SEP2026,495000.000000,125,OPTSTK,BFO,5.000000,8000,False
1113962,HDFCAMC26NOV2250CE,HDFCAMC,26NOV2026,225000.000000,300,OPTSTK,BFO,5.000000,12000,False
845555,HAL26SEP4050PE,HAL,24SEP2026,405000.000000,150,OPTSTK,BFO,5.000000,9000,False
845561,BEL26SEP400PE,BEL,24SEP2026,40000.000000,1425,OPTSTK,BFO,5.000000,228000,False
845562,BAJAJHLDNG26SEP10300PE,BAJAJHLDNG,24SEP2026,1030000.000000,75,OPTSTK,BFO,5.000000,100000000,False
845581,KAYNES26SEP2950CE,KAYNES,24SEP2026,295000.000000,150,OPTSTK,BFO,5.000000,100000000,False
863074,ADANIENT26OCT2950CE,ADANIENT,29OCT2026,295000.000000,309,OPTSTK,BFO,5.000000,9000,False
863076,MCX26OCT2650CE,MCX,29OCT2026,265000.000000,225,OPTSTK,BFO,5.000000,16000,False
863079,ICICIBANK26OCT1430PE,ICICIBANK,29OCT2026,143000.000000,700,OPTSTK,BFO,5.000000,28000,False
863083,BANKEX26OCT58200CE,BANKEX,29OCT2026,5820000.000000,30,OPTIDX,BFO,5.000000,900,False
862907,SUNPHARMA26OCT2140PE,SUNPHARMA,29OCT2026,214000.000000,350,OPTSTK,BFO,5.000000,28000,False
862922,BANKEX26OCT62300PE,BANKEX,29OCT2026,6230000.000000,30,OPTIDX,BFO,5.000000,900,False
862926,APLAPOLLO26OCT1920CE,APLAPOLLO,29OCT2026,192000.000000,350,OPTSTK,BFO,5.000000,100000000,False
862928,GODREJPROP26OCT2100CE,GODREJPROP,29OCT2026,210000.000000,325,OPTSTK,BFO,5.000000,19000,False
863087,NYKAA26OCT315PE,NYKAA,29OCT2026,31500.000000,3125,OPTSTK,BFO,5.000000,100000000,False
863101,KALYANKJIL26OCT620PE,KALYANKJIL,29OCT2026,62000.000000,1350,OPTSTK,BFO,5.000000,100000000,False
863118,MARUTI26OCT14600CE,MARUTI,29OCT2026,1460000.000000,50,OPTSTK,BFO,5.000000,3000,False
863124,COFORGE26OCT1680CE,COFORGE,29OCT2026,168000.000000,475,OPTSTK,BFO,5.000000,6000,False
1113987,SENSEX26NOV80600CE,SENSEX,26NOV2026,8060000.000000,20,OPTIDX,BFO,5.000000,1000,False
1114016,PAGEIND26NOV39000CE,PAGEIND,26NOV2026,3900000.000000,20,OPTSTK,BFO,5.000000,600,False
1114017,MAHABANK26OCT81CE,MAHABANK,29OCT2026,8100.000000,6500,OPTSTK,BFO,5.000000,100000000,False
1114036,KAYNES26NOV4100CE,KAYNES,26NOV2026,410000.000000,150,OPTSTK,BFO,5.000000,100000000,False
845587,FEDERALBNK26SEP317.5PE,FEDERALBNK,24SEP2026,31750.000000,2500,OPTSTK,BFO,5.000000,200000,False
845597,HINDPETRO26SEP375.75CE,HINDPETRO,24SEP2026,37575.000000,2025,OPTSTK,BFO,5.000000,108000,False
845598,TATAELXSI26SEP4000PE,TATAELXSI,24SEP2026,400000.000000,125,OPTSTK,BFO,5.000000,100000000,False
845609,DABUR26SEP400PE,DABUR,24SEP2026,40000.000000,1250,OPTSTK,BFO,5.000000,50000,False
862931,BHARATFORG26OCT2180CE,BHARATFORG,29OCT2026,218000.000000,500,OPTSTK,BFO,5.000000,30000,False
862946,SENSEX26OCT76900CE,SENSEX,29OCT2026,7690000.000000,20,OPTIDX,BFO,5.000000,1000,False
862963,JIOFIN26OCT240CE,JIOFIN,29OCT2026,24000.000000,2350,OPTSTK,BFO,5.000000,100000000,False
862968,RECLTD26OCT385PE,RECLTD,29OCT2026,38500.000000,1575,OPTSTK,BFO,5.000000,160000,False
863134,WAAREEENER26OCT2400PE,WAAREEENER,29OCT2026,240000.000000,175,OPTSTK,BFO,5.000000,100000000,False
863151,TIINDIA26OCT2450PE,TIINDIA,29OCT2026,245000.000000,200,OPTSTK,BFO,5.000000,100000000,False
863163,LODHA26OCT1260PE,LODHA,29OCT2026,126000.000000,625,OPTSTK,BFO,5.000000,100000000,False
863166,MOTHERSON26OCT140CE,MOTHERSON,29OCT2026,14000.000000,6150,OPTSTK,BFO,5.000000,284000,False
1114058,HDFCLIFE26NOV570PE,HDFCLIFE,26NOV2026,57000.000000,1100,OPTSTK,BFO,5.000000,44000,False
1114060,PREMIERENE26NOV1060PE,PREMIERENE,26NOV2026,106000.000000,650,OPTSTK,BFO,5.000000,100000000,False
1114068,NAM-INDIA26NOVFUT,NAM-INDIA,26NOV2026,0.000000,625,FUTSTK,BFO,5.000000,100000000,False
1114084,IEX26NOV140CE,IEX,26NOV2026,14000.000000,4350,OPTSTK,BFO,5.000000,150000,False
862970,PNBHOUSING26OCT1000PE,PNBHOUSING,29OCT2026,100000.000000,650,OPTSTK,BFO,5.000000,100000000,False
862985,HDFCLIFE26OCT545CE,HDFCLIFE,29OCT2026,54500.000000,1100,OPTSTK,BFO,5.000000,44000,False
862987,RBLBANK26OCT365PE,RBLBANK,29OCT2026,36500.000000,3175,OPTSTK,BFO,5.000000,150000,False
862995,RELIANCE26OCT1320CE,RELIANCE,29OCT2026,132000.000000,500,OPTSTK,BFO,5.000000,10000,False
845613,ASTRAL26SEP1540PE,ASTRAL,24SEP2026,154000.000000,425,OPTSTK,BFO,5.000000,14680,False
845615,BANKEX26SEP59900PE,BANKEX,24SEP2026,5990000.000000,30,OPTIDX,BFO,5.000000,900,False
845625,ASTRAL26SEP1380PE,ASTRAL,24SEP2026,138000.000000,425,OPTSTK,BFO,5.000000,14680,False
845668,ZYDUSLIFE26SEP1040PE,ZYDUSLIFE,24SEP2026,104000.000000,900,OPTSTK,BFO,5.000000,54000,False
863177,CROMPTON26OCT275PE,CROMPTON,29OCT2026,27500.000000,2150,OPTSTK,BFO,5.000000,90000,False
863183,JIOFIN26OCT245CE,JIOFIN,29OCT2026,24500.000000,2350,OPTSTK,BFO,5.000000,100000000,False
863187,BANKBARODA26OCT220PE,BANKBARODA,29OCT2026,22000.000000,2925,OPTSTK,BFO,5.000000,175500,False
863198,PRESTIGE26OCT1460PE,PRESTIGE,29OCT2026,146000.000000,450,OPTSTK,BFO,5.000000,100000000,False
1114150,IEX26NOV117.5PE,IEX,26NOV2026,11750.000000,4350,OPTSTK,BFO,5.000000,150000,False
1114163,HINDZINC26NOV580PE,HINDZINC,26NOV2026,58000.000000,1225,OPTSTK,BFO,5.000000,100000000,False
1114191,ADANIPOWER26NOV210PE,ADANIPOWER,26NOV2026,21000.000000,3550,OPTSTK,BFO,5.000000,100000000,False
1114199,INFY26NOV1140PE,INFY,26NOV2026,114000.000000,400,OPTSTK,BFO,5.000000,16000,False
863003,JSWENERGY26OCT510PE,JSWENERGY,29OCT2026,51000.000000,1075,OPTSTK,BFO,5.000000,100000000,False
863005,CANBK26OCT127.5PE,CANBK,29OCT2026,12750.000000,6750,OPTSTK,BFO,5.000000,81000,False
863007,TATAPOWER26OCT360CE,TATAPOWER,29OCT2026,36000.000000,1450,OPTSTK,BFO,5.000000,101250,False
863017,SENSEX2691779200PE,SENSEX,17SEP2026,7920000.000000,20,OPTIDX,BFO,5.000000,1000,False
845673,BANKEX26SEP69900PE,BANKEX,24SEP2026,6990000.000000,30,OPTIDX,BFO,5.000000,900,False
845674,TATAPOWER26SEP405PE,TATAPOWER,24SEP2026,40500.000000,1450,OPTSTK,BFO,5.000000,101250,False
845680,SONACOMS26SEP615PE,SONACOMS,24SEP2026,61500.000000,1225,OPTSTK,BFO,5.000000,100000000,False
845681,NHPC26SEP76CE,NHPC,24SEP2026,7600.000000,6950,OPTSTK,BFO,5.000000,100000000,False
863210,BANKEX26OCT66800CE,BANKEX,29OCT2026,6680000.000000,30,OPTIDX,BFO,5.000000,900,False
863214,FOCIT26OCT33100PE,FOCIT,29OCT2026,3310000.000000,45,OPTIDX,BFO,5.000000,1350,False
863230,PNB26OCT110PE,PNB,29OCT2026,11000.000000,8000,OPTSTK,BFO,5.000000,480000,False
863233,FOCIT26SEP41700CE,FOCIT,24SEP2026,4170000.000000,45,OPTIDX,BFO,5.000000,1350,False
863025,HINDALCO26OCT1120CE,HINDALCO,29OCT2026,112000.000000,700,OPTSTK,BFO,5.000000,56000,False
863040,TRENT26OCT2900PE,TRENT,29OCT2026,290000.000000,225,OPTSTK,BFO,5.000000,16000,False
863043,PIDILITIND26OCT1720CE,PIDILITIND,29OCT2026,172000.000000,500,OPTSTK,BFO,5.000000,10000,False
863060,TORNTPHARM26OCT4750CE,TORNTPHARM,29OCT2026,475000.000000,125,OPTSTK,BFO,5.000000,15000,False
1114201,DIXON26NOV14750PE,DIXON,26NOV2026,1475000.000000,50,OPTSTK,BFO,5.000000,6000,False
1114224,FEDERALBNK26NOV365CE,FEDERALBNK,26NOV2026,36500.000000,2500,OPTSTK,BFO,5.000000,200000,False
1114233,BANKEX26NOV66500CE,BANKEX,26NOV2026,6650000.000000,30,OPTIDX,BFO,5.000000,900,False
1114246,MUTHOOTFIN26NOV2750CE,MUTHOOTFIN,26NOV2026,275000.000000,275,OPTSTK,BFO,5.000000,22000,False
863247,ABB26OCT7200CE,ABB,29OCT2026,720000.000000,125,OPTSTK,BFO,5.000000,7500,False
863264,ADANIPORTS26OCT1660CE,ADANIPORTS,29OCT2026,166000.000000,475,OPTSTK,BFO,5.000000,32000,False
863235,TATASTEEL26OCT185CE,TATASTEEL,29OCT2026,18500.000000,2750,OPTSTK,BFO,5.000000,220000,False
863256,DABUR26OCT455CE,DABUR,29OCT2026,45500.000000,1250,OPTSTK,BFO,5.000000,50000,False
845690,ONGC26SEP227.5PE,ONGC,24SEP2026,22750.000000,2250,OPTSTK,BFO,5.000000,154000,False
845695,BLUESTARCO26SEP1780CE,BLUESTARCO,24SEP2026,178000.000000,325,OPTSTK,BFO,5.000000,100000000,False
845716,DRREDDY26SEP1400PE,DRREDDY,24SEP2026,140000.000000,625,OPTSTK,BFO,5.000000,5000,False
845718,ABCAPITAL26SEP385PE,ABCAPITAL,24SEP2026,38500.000000,3100,OPTSTK,BFO,5.000000,162000,False
863062,VOLTAS26OCT1360CE,VOLTAS,29OCT2026,136000.000000,375,OPTSTK,BFO,5.000000,30000,False
863078,CONCOR26OCT545CE,CONCOR,29OCT2026,54500.000000,1250,OPTSTK,BFO,5.000000,40000,False
863082,COLPAL26OCT2080PE,COLPAL,29OCT2026,208000.000000,275,OPTSTK,BFO,5.000000,14000,False
863097,TATAELXSI26OCT3650PE,TATAELXSI,29OCT2026,365000.000000,125,OPTSTK,BFO,5.000000,100000000,False
863288,LODHA26OCT1160CE,LODHA,29OCT2026,116000.000000,625,OPTSTK,BFO,5.000000,100000000,False
863298,ONGC26OCT252.5PE,ONGC,29OCT2026,25250.000000,2250,OPTSTK,BFO,5.000000,154000,False
863317,BANDHANBNK26OCT180CE,BANDHANBNK,29OCT2026,18000.000000,3600,OPTSTK,BFO,5.000000,100000,False
863322,MAXHEALTH26OCT1180PE,MAXHEALTH,29OCT2026,118000.000000,525,OPTSTK,BFO,5.000000,100000000,False
1114272,INDUSINDBK26NOV1030CE,INDUSINDBK,26NOV2026,103000.000000,700,OPTSTK,BFO,5.000000,20000,False
1114307,ATHERENERG26SEP1620PE,ATHERENERG,24SEP2026,162000.000000,375,OPTSTK,BFO,5.000000,100000000,False
1114338,FORTIS26NOV860PE,FORTIS,26NOV2026,86000.000000,775,OPTSTK,BFO,5.000000,100000000,False
1114341,TITAN26NOV5400PE,TITAN,26NOV2026,540000.000000,175,OPTSTK,BFO,5.000000,11250,False
845727,GMRAIRPORT26SEP116CE,GMRAIRPORT,24SEP2026,11600.000000,6975,OPTSTK,BFO,5.000000,675000,False
845735,JUBLFOOD26SEP395CE,JUBLFOOD,24SEP2026,39500.000000,1250,OPTSTK,BFO,5.000000,50000,False
845745,PIIND26SEP2540CE,PIIND,24SEP2026,254000.000000,175,OPTSTK,BFO,5.000000,7500,False
845764,POWERGRID26SEP280CE,POWERGRID,24SEP2026,28000.000000,1900,OPTSTK,BFO,5.000000,108000,False
863100,BHARTIARTL26OCT2080PE,BHARTIARTL,29OCT2026,208000.000000,475,OPTSTK,BFO,5.000000,28500,False
863104,VOLTAS26OCT1440PE,VOLTAS,29OCT2026,144000.000000,375,OPTSTK,BFO,5.000000,30000,False
863133,TVSMOTOR26SEP4500CE,TVSMOTOR,24SEP2026,450000.000000,175,OPTSTK,BFO,5.000000,21000,False
863143,PFC26OCT390PE,PFC,29OCT2026,39000.000000,1300,OPTSTK,BFO,5.000000,124000,False
845777,SAIL26SEP180PE,SAIL,24SEP2026,18000.000000,4700,OPTSTK,BFO,5.000000,320000,False
845783,360ONE26SEP980CE,,24SEP2026,98000.000000,500,OPTSTK,BFO,5.000000,100000000,False
845786,SAIL26SEP185CE,SAIL,24SEP2026,18500.000000,4700,OPTSTK,BFO,5.000000,320000,False
845799,BAJAJHLDNG26SEP10200CE,BAJAJHLDNG,24SEP2026,1020000.000000,75,OPTSTK,BFO,5.000000,100000000,False
863329,GLENMARK26OCT2240CE,GLENMARK,29OCT2026,224000.000000,375,OPTSTK,BFO,5.000000,43500,False
863335,AMBER26OCT7300PE,AMBER,29OCT2026,730000.000000,100,OPTSTK,BFO,5.000000,100000000,False
863339,FOCIT26SEP35700PE,FOCIT,24SEP2026,3570000.000000,45,OPTIDX,BFO,5.000000,1350,False
863345,INDHOTEL26OCT790CE,INDHOTEL,29OCT2026,79000.000000,1000,OPTSTK,BFO,5.000000,60000,False
1114365,MAHABANK26OCT86CE,MAHABANK,29OCT2026,8600.000000,6500,OPTSTK,BFO,5.000000,100000000,False
1114368,YESBANK26NOV25CE,YESBANK,26NOV2026,2500.000000,31100,OPTSTK,BFO,5.000000,100000000,False
1114369,COALINDIA26NOV415CE,COALINDIA,26NOV2026,41500.000000,1350,OPTSTK,BFO,5.000000,126000,False
1114372,KEI26NOV5000CE,KEI,26NOV2026,500000.000000,175,OPTSTK,BFO,5.000000,100000000,False
863148,JUBLFOOD26OCT455CE,JUBLFOOD,29OCT2026,45500.000000,1250,OPTSTK,BFO,5.000000,50000,False
863150,KFINTECH26OCT880CE,KFINTECH,29OCT2026,88000.000000,575,OPTSTK,BFO,5.000000,100000000,False
863161,FOCIT26SEP31700CE,FOCIT,24SEP2026,3170000.000000,45,OPTIDX,BFO,5.000000,1350,False
863194,LTM26OCT4150PE,LTM,29OCT2026,415000.000000,150,OPTSTK,BFO,5.000000,4500,False
863352,M&M26OCT2950CE,M&M,29OCT2026,295000.000000,200,OPTSTK,BFO,5.000000,21000,False
863381,RVNL26OCT210CE,RVNL,29OCT2026,21000.000000,1925,OPTSTK,BFO,5.000000,100000000,False
863385,FOCIT26SEP42300CE,FOCIT,24SEP2026,4230000.000000,45,OPTIDX,BFO,5.000000,1350,False
863388,BANKBARODA26OCT225PE,BANKBARODA,29OCT2026,22500.000000,2925,OPTSTK,BFO,5.000000,175500,False
845812,AMBUJACEM26SEP435CE,AMBUJACEM,24SEP2026,43500.000000,1200,OPTSTK,BFO,5.000000,54000,False
845813,SENSEX5026SEP26200PE,SENSEX50,24SEP2026,2620000.000000,75,OPTIDX,BFO,5.000000,1800,False
845816,KFINTECH26SEP890CE,KFINTECH,24SEP2026,89000.000000,575,OPTSTK,BFO,5.000000,100000000,False
845828,PAYTM26SEP1110CE,PAYTM,24SEP2026,111000.000000,725,OPTSTK,BFO,5.000000,100000000,False
863201,BANKEX26OCT62200CE,BANKEX,29OCT2026,6220000.000000,30,OPTIDX,BFO,5.000000,900,False
863211,IRFC26OCT91PE,IRFC,29OCT2026,9100.000000,5425,OPTSTK,BFO,5.000000,100000000,False
863217,M&M26OCT3000PE,M&M,29OCT2026,300000.000000,200,OPTSTK,BFO,5.000000,21000,False
863224,BANKEX26OCT71500PE,BANKEX,29OCT2026,7150000.000000,30,OPTIDX,BFO,5.000000,900,False
1114376,TATAELXSI26NOV3700CE,TATAELXSI,26NOV2026,370000.000000,125,OPTSTK,BFO,5.000000,100000000,False
1114383,FORCEMOT26NOV20500CE,FORCEMOT,26NOV2026,2050000.000000,25,OPTSTK,BFO,5.000000,100000000,False
1114389,BPCL26NOV345PE,BPCL,26NOV2026,34500.000000,1975,OPTSTK,BFO,5.000000,72000,False
1114402,BANKEX26NOV58200PE,BANKEX,26NOV2026,5820000.000000,30,OPTIDX,BFO,5.000000,900,False
863390,SENSEX2691783100CE,SENSEX,17SEP2026,8310000.000000,20,OPTIDX,BFO,5.000000,1000,False
863391,ASIANPAINT26OCT2820PE,ASIANPAINT,29OCT2026,282000.000000,250,OPTSTK,BFO,5.000000,8000,False
863405,MAZDOCK26OCT2650CE,MAZDOCK,29OCT2026,265000.000000,225,OPTSTK,BFO,5.000000,100000000,False
863418,ICICIPRULI26OCT475PE,ICICIPRULI,29OCT2026,47500.000000,925,OPTSTK,BFO,5.000000,60000,False
845831,HAVELLS26SEP1110PE,HAVELLS,24SEP2026,111000.000000,500,OPTSTK,BFO,5.000000,20000,False
845833,GVT&D26SEPFUT,GVT&D,24SEP2026,0.000000,125,FUTSTK,BFO,5.000000,100000000,False
845835,CONCOR26SEP460PE,CONCOR,24SEP2026,46000.000000,1250,OPTSTK,BFO,5.000000,40000,False
845837,MUTHOOTFIN26SEP2800CE,MUTHOOTFIN,24SEP2026,280000.000000,275,OPTSTK,BFO,5.000000,22000,False
863226,HYUNDAI26OCT2020PE,HYUNDAI,29OCT2026,202000.000000,275,OPTSTK,BFO,5.000000,100000000,False
863231,SENSEX2691776100PE,SENSEX,17SEP2026,7610000.000000,20,OPTIDX,BFO,5.000000,1000,False
863232,DMART26OCT3900CE,DMART,29OCT2026,390000.000000,150,OPTSTK,BFO,5.000000,100000000,False
863255,POWERINDIA26OCT31000PE,POWERINDIA,29OCT2026,3100000.000000,25,OPTSTK,BFO,5.000000,100000000,False
863419,CIPLA26OCT1420PE,CIPLA,29OCT2026,142000.000000,425,OPTSTK,BFO,5.000000,26000,False
863437,BANKEX26OCT64800PE,BANKEX,29OCT2026,6480000.000000,30,OPTIDX,BFO,5.000000,900,False
863450,SENSEX26OCT74800CE,SENSEX,29OCT2026,7480000.000000,20,OPTIDX,BFO,5.000000,1000,False
863457,MPHASIS26OCT2150PE,MPHASIS,29OCT2026,215000.000000,275,OPTSTK,BFO,5.000000,11000,False
1114404,BANKEX26NOV70500CE,BANKEX,26NOV2026,7050000.000000,30,OPTIDX,BFO,5.000000,900,False
1114409,HDFCLIFE26NOV575PE,HDFCLIFE,26NOV2026,57500.000000,1100,OPTSTK,BFO,5.000000,44000,False
1114412,MPHASIS26NOV2650CE,MPHASIS,26NOV2026,265000.000000,275,OPTSTK,BFO,5.000000,11000,False
1114414,HAVELLS26NOV1120CE,HAVELLS,26NOV2026,112000.000000,500,OPTSTK,BFO,5.000000,20000,False
863258,APOLLOHOSP26OCT9000PE,APOLLOHOSP,29OCT2026,900000.000000,125,OPTSTK,BFO,5.000000,5000,False
863261,HDFCAMC26OCT2800CE,HDFCAMC,29OCT2026,280000.000000,300,OPTSTK,BFO,5.000000,12000,False
863263,AMBER26OCT8000CE,AMBER,29OCT2026,800000.000000,100,OPTSTK,BFO,5.000000,100000000,False
863268,UNIONBANK26OCT152.5CE,UNIONBANK,29OCT2026,15250.000000,4425,OPTSTK,BFO,5.000000,100000000,False
845839,M&M26SEP3140CE,M&M,24SEP2026,314000.000000,200,OPTSTK,BFO,5.000000,21000,False
845857,BAJFINANCE26SEP960CE,BAJFINANCE,24SEP2026,96000.000000,750,OPTSTK,BFO,5.000000,3750,False
845869,EICHERMOT26SEP7900PE,EICHERMOT,24SEP2026,790000.000000,100,OPTSTK,BFO,5.000000,7000,False
845872,BANKEX26SEP66800PE,BANKEX,24SEP2026,6680000.000000,30,OPTIDX,BFO,5.000000,900,False
863474,UNIONBANK26OCT157.5CE,UNIONBANK,29OCT2026,15750.000000,4425,OPTSTK,BFO,5.000000,100000000,False
863476,FOCIT26OCT37600CE,FOCIT,29OCT2026,3760000.000000,45,OPTIDX,BFO,5.000000,1350,False
863485,AUBANK26OCT1100PE,AUBANK,29OCT2026,110000.000000,1000,OPTSTK,BFO,5.000000,30000,False
863493,YESBANK26OCT27PE,YESBANK,29OCT2026,2700.000000,31100,OPTSTK,BFO,5.000000,100000000,False
1114415,HEROMOTOCO26NOV5100CE,HEROMOTOCO,26NOV2026,510000.000000,150,OPTSTK,BFO,5.000000,9000,False
1114425,MAZDOCK26NOV2250PE,MAZDOCK,26NOV2026,225000.000000,225,OPTSTK,BFO,5.000000,100000000,False
1114428,SUZLON26NOV53CE,SUZLON,26NOV2026,5300.000000,12700,OPTSTK,BFO,5.000000,100000000,False
1114431,ANGELONE26NOV300PE,ANGELONE,26NOV2026,30000.000000,2500,OPTSTK,BFO,5.000000,100000000,False
863270,IREDA26OCTFUT,IREDA,29OCT2026,0.000000,4525,FUTSTK,BFO,5.000000,100000000,False
863292,MARUTI26OCT14000PE,MARUTI,29OCT2026,1400000.000000,50,OPTSTK,BFO,5.000000,3000,False
863296,SENSEX5026OCT24550CE,SENSEX50,29OCT2026,2455000.000000,75,OPTIDX,BFO,5.000000,1800,False
863324,SBILIFE26OCT1760PE,SBILIFE,29OCT2026,176000.000000,375,OPTSTK,BFO,5.000000,22500,False
863497,SENSEX2691777100PE,SENSEX,17SEP2026,7710000.000000,20,OPTIDX,BFO,5.000000,1000,False
863499,APLAPOLLO26OCT1880PE,APLAPOLLO,29OCT2026,188000.000000,350,OPTSTK,BFO,5.000000,100000000,False
863506,SOLARINDS26OCT16750CE,SOLARINDS,29OCT2026,1675000.000000,50,OPTSTK,BFO,5.000000,100000000,False
863513,NMDC26OCT88PE,NMDC,29OCT2026,8800.000000,6750,OPTSTK,BFO,5.000000,225000,False
1114441,CAMS26NOV720CE,CAMS,26NOV2026,72000.000000,825,OPTSTK,BFO,5.000000,100000000,False
1114447,HDFCBANK26NOV780PE,HDFCBANK,26NOV2026,78000.000000,650,OPTSTK,BFO,5.000000,16500,False
1114462,RBLBANK26NOVFUT,RBLBANK,26NOV2026,0.000000,3175,FUTSTK,BFO,5.000000,150000,False
1114504,FEDERALBNK26NOV365PE,FEDERALBNK,26NOV2026,36500.000000,2500,OPTSTK,BFO,5.000000,200000,False
845875,IRFC26SEP88CE,IRFC,24SEP2026,8800.000000,5425,OPTSTK,BFO,5.000000,100000000,False
845886,BRITANNIA26SEP5550CE,BRITANNIA,24SEP2026,555000.000000,125,OPTSTK,BFO,5.000000,6000,False
845891,M&M26SEP3060PE,M&M,24SEP2026,306000.000000,200,OPTSTK,BFO,5.000000,21000,False
845893,SONACOMS26SEP585CE,SONACOMS,24SEP2026,58500.000000,1225,OPTSTK,BFO,5.000000,100000000,False
863336,POLICYBZR26OCT1460CE,POLICYBZR,29OCT2026,146000.000000,350,OPTSTK,BFO,5.000000,100000000,False
863337,IEX26OCT127.5CE,IEX,29OCT2026,12750.000000,4350,OPTSTK,BFO,5.000000,150000,False
863343,POWERGRID26OCTFUT,POWERGRID,29OCT2026,0.000000,1900,FUTSTK,BFO,5.000000,108000,False
863344,TCS26OCT2560CE,TCS,29OCT2026,256000.000000,225,OPTSTK,BFO,5.000000,7000,False
863578,BAJAJ-AUTO26OCT11100PE,BAJAJ-AUTO,29OCT2026,1110000.000000,75,OPTSTK,BFO,5.000000,5000,False
863534,GLENMARK26OCT2060CE,GLENMARK,29OCT2026,206000.000000,375,OPTSTK,BFO,5.000000,43500,False
863554,VMM26OCT122.5PE,VMM,29OCT2026,12250.000000,4850,OPTSTK,BFO,5.000000,100000000,False
863561,NAM-INDIA26OCT1200CE,NAM-INDIA,29OCT2026,120000.000000,625,OPTSTK,BFO,5.000000,100000000,False
863346,OBEROIRLTY26OCT1920CE,OBEROIRLTY,29OCT2026,192000.000000,350,OPTSTK,BFO,5.000000,28000,False
863354,TATASTEEL26OCT192.5PE,TATASTEEL,29OCT2026,19250.000000,2750,OPTSTK,BFO,5.000000,220000,False
863356,INOXWIND26OCT80CE,INOXWIND,29OCT2026,8000.000000,6400,OPTSTK,BFO,5.000000,100000000,False
863364,JSWSTEEL26OCT1360CE,JSWSTEEL,29OCT2026,136000.000000,675,OPTSTK,BFO,5.000000,40500,False
1114512,SAGILITY26SEP45PE,SAGILITY,24SEP2026,4500.000000,12000,OPTSTK,BFO,5.000000,100000000,False
1114531,INDIANB26NOV830PE,INDIANB,26NOV2026,83000.000000,1000,OPTSTK,BFO,5.000000,100000000,False
1114538,HDFCAMC26NOV2550PE,HDFCAMC,26NOV2026,255000.000000,300,OPTSTK,BFO,5.000000,12000,False
1114555,VBL26NOV360CE,VBL,26NOV2026,36000.000000,1275,OPTSTK,BFO,5.000000,100000000,False
845906,SRF26SEP2840PE,SRF,24SEP2026,284000.000000,200,OPTSTK,BFO,5.000000,11250,False
845910,GMRAIRPORT26SEP108PE,GMRAIRPORT,24SEP2026,10800.000000,6975,OPTSTK,BFO,5.000000,675000,False
845936,GODREJPROP26SEP1760CE,GODREJPROP,24SEP2026,176000.000000,325,OPTSTK,BFO,5.000000,19000,False
845964,SAIL26SEP185PE,SAIL,24SEP2026,18500.000000,4700,OPTSTK,BFO,5.000000,320000,False
863587,ICICIBANK26OCT1470PE,ICICIBANK,29OCT2026,147000.000000,700,OPTSTK,BFO,5.000000,28000,False
863598,TATAELXSI26OCT3850PE,TATAELXSI,29OCT2026,385000.000000,125,OPTSTK,BFO,5.000000,100000000,False
863608,OIL26OCT440CE,OIL,29OCT2026,44000.000000,1400,OPTSTK,BFO,5.000000,100000000,False
863612,LODHA26OCT1380CE,LODHA,29OCT2026,138000.000000,625,OPTSTK,BFO,5.000000,100000000,False
863365,HDFCLIFE26OCT525PE,HDFCLIFE,29OCT2026,52500.000000,1100,OPTSTK,BFO,5.000000,44000,False
863366,NAUKRI26OCT1320CE,NAUKRI,29OCT2026,132000.000000,550,OPTSTK,BFO,5.000000,6000,False
863375,VBL26OCT400CE,VBL,29OCT2026,40000.000000,1275,OPTSTK,BFO,5.000000,100000000,False
863376,M&M26OCT3650PE,M&M,29OCT2026,365000.000000,200,OPTSTK,BFO,5.000000,21000,False
863632,SENSEX26OCT74200PE,SENSEX,29OCT2026,7420000.000000,20,OPTIDX,BFO,5.000000,1000,False
863635,ICICIBANK26OCT1460CE,ICICIBANK,29OCT2026,146000.000000,700,OPTSTK,BFO,5.000000,28000,False
863654,SHREECEM26OCT26750CE,SHREECEM,29OCT2026,2675000.000000,25,OPTSTK,BFO,5.000000,1000,False
863661,COALINDIA26OCT400CE,COALINDIA,29OCT2026,40000.000000,1350,OPTSTK,BFO,5.000000,126000,False
845974,LODHA26SEP990PE,LODHA,24SEP2026,99000.000000,625,OPTSTK,BFO,5.000000,100000000,False
846011,VEDL26SEP200PE,VEDL,24SEP2026,20000.000000,1150,OPTSTK,BFO,5.000000,80000,False
846013,IOC26SEP137PE,IOC,24SEP2026,13700.000000,4875,OPTSTK,BFO,5.000000,292500,False
846024,BHARTIARTL26SEP1980CE,BHARTIARTL,24SEP2026,198000.000000,475,OPTSTK,BFO,5.000000,28500,False
1114568,BEL26NOV395CE,BEL,26NOV2026,39500.000000,1425,OPTSTK,BFO,5.000000,228000,False
1114577,AXISBANK26NOV1220CE,AXISBANK,26NOV2026,122000.000000,625,OPTSTK,BFO,5.000000,25000,False
1114588,ADANIPORTS26NOV1560CE,ADANIPORTS,26NOV2026,156000.000000,475,OPTSTK,BFO,5.000000,32000,False
1114597,LICHSGFIN26NOV460PE,LICHSGFIN,26NOV2026,46000.000000,1000,OPTSTK,BFO,5.000000,60000,False
863379,GLENMARK26OCT2320PE,GLENMARK,29OCT2026,232000.000000,375,OPTSTK,BFO,5.000000,43500,False
863380,NAUKRI26OCT1160CE,NAUKRI,29OCT2026,116000.000000,550,OPTSTK,BFO,5.000000,6000,False
863386,ANGELONE26SEP255CE,ANGELONE,24SEP2026,25500.000000,2500,OPTSTK,BFO,5.000000,100000000,False
863389,EICHERMOT26OCT7500PE,EICHERMOT,29OCT2026,750000.000000,100,OPTSTK,BFO,5.000000,7000,False
863662,MFSL26OCT1380CE,MFSL,29OCT2026,138000.000000,400,OPTSTK,BFO,5.000000,32000,False
863668,FOCIT26SEP31900CE,FOCIT,24SEP2026,3190000.000000,45,OPTIDX,BFO,5.000000,1350,False
863674,PREMIERENE26OCT1000PE,PREMIERENE,29OCT2026,100000.000000,650,OPTSTK,BFO,5.000000,100000000,False
863690,DIVISLAB26OCT8200PE,DIVISLAB,29OCT2026,820000.000000,100,OPTSTK,BFO,5.000000,8000,False
846027,JIOFIN26SEP255PE,JIOFIN,24SEP2026,25500.000000,2350,OPTSTK,BFO,5.000000,100000000,False
846034,RVNL26SEP220CE,RVNL,24SEP2026,22000.000000,1925,OPTSTK,BFO,5.000000,100000000,False
846042,LT26SEP4140CE,LT,24SEP2026,414000.000000,175,OPTSTK,BFO,5.000000,12000,False
846061,SONACOMS26SEP585PE,SONACOMS,24SEP2026,58500.000000,1225,OPTSTK,BFO,5.000000,100000000,False
863395,LAURUSLABS26OCT1840PE,LAURUSLABS,29OCT2026,184000.000000,850,OPTSTK,BFO,5.000000,68000,False
863403,HDFCAMC26OCTFUT,HDFCAMC,29OCT2026,0.000000,300,FUTSTK,BFO,5.000000,12000,False
863411,SBICARD26OCT660PE,SBICARD,29OCT2026,66000.000000,800,OPTSTK,BFO,5.000000,32000,False
863413,IRFC26OCT96PE,IRFC,29OCT2026,9600.000000,5425,OPTSTK,BFO,5.000000,100000000,False
1114619,GRASIM26NOV3260PE,GRASIM,26NOV2026,326000.000000,250,OPTSTK,BFO,5.000000,14250,False
1114621,FORCEMOT26NOV17500CE,FORCEMOT,26NOV2026,1750000.000000,25,OPTSTK,BFO,5.000000,100000000,False
1114643,MOTHERSON26NOV170PE,MOTHERSON,26NOV2026,17000.000000,6150,OPTSTK,BFO,5.000000,284000,False
1114665,JIOFIN26NOV252.5CE,JIOFIN,26NOV2026,25250.000000,2350,OPTSTK,BFO,5.000000,100000000,False
863695,IEX26OCT130CE,IEX,29OCT2026,13000.000000,4350,OPTSTK,BFO,5.000000,150000,False
863710,DMART26OCT3950PE,DMART,29OCT2026,395000.000000,150,OPTSTK,BFO,5.000000,100000000,False
863717,MOTHERSON26OCT157.5PE,MOTHERSON,29OCT2026,15750.000000,6150,OPTSTK,BFO,5.000000,284000,False
863726,HDFCBANK26OCT770CE,HDFCBANK,29OCT2026,77000.000000,650,OPTSTK,BFO,5.000000,16500,False
846065,TATASTEEL26SEP195PE,TATASTEEL,24SEP2026,19500.000000,2750,OPTSTK,BFO,5.000000,220000,False
846085,FOCIT26SEP26000CE,FOCIT,24SEP2026,2600000.000000,45,OPTIDX,BFO,5.000000,1350,False
846086,FORTIS26SEP880CE,FORTIS,24SEP2026,88000.000000,775,OPTSTK,BFO,5.000000,100000000,False
846091,KEI26SEPFUT,KEI,24SEP2026,0.000000,175,FUTSTK,BFO,5.000000,100000000,False
863425,PNBHOUSING26OCT1120CE,PNBHOUSING,29OCT2026,112000.000000,650,OPTSTK,BFO,5.000000,100000000,False
863430,PATANJALI26OCT345CE,PATANJALI,29OCT2026,34500.000000,1075,OPTSTK,BFO,5.000000,100000000,False
863494,IOC26OCT147.5PE,IOC,29OCT2026,14750.000000,4875,OPTSTK,BFO,5.000000,292500,False
863500,SBIN26OCT1040PE,SBIN,29OCT2026,104000.000000,750,OPTSTK,BFO,5.000000,45000,False
863730,BIOCON26OCT400CE,BIOCON,29OCT2026,40000.000000,2500,OPTSTK,BFO,5.000000,100000,False
863735,MUTHOOTFIN26OCT2700PE,MUTHOOTFIN,29OCT2026,270000.000000,275,OPTSTK,BFO,5.000000,22000,False
863737,FOCIT26SEP41900CE,FOCIT,24SEP2026,4190000.000000,45,OPTIDX,BFO,5.000000,1350,False
863741,DRREDDY26OCT1200PE,DRREDDY,29OCT2026,120000.000000,625,OPTSTK,BFO,5.000000,5000,False
1114707,SHRIRAMFIN26NOV1040CE,SHRIRAMFIN,26NOV2026,104000.000000,825,OPTSTK,BFO,5.000000,18000,False
1114714,SAGILITY26NOV50CE,SAGILITY,26NOV2026,5000.000000,12000,OPTSTK,BFO,5.000000,100000000,False
1114719,MOTILALOFS26NOV940PE,MOTILALOFS,26NOV2026,94000.000000,775,OPTSTK,BFO,5.000000,100000000,False
1114721,NAUKRI26NOV1220CE,NAUKRI,26NOV2026,122000.000000,550,OPTSTK,BFO,5.000000,6000,False
863751,SOLARINDS26OCT17000PE,SOLARINDS,29OCT2026,1700000.000000,50,OPTSTK,BFO,5.000000,100000000,False
863752,ABB26OCT7400CE,ABB,29OCT2026,740000.000000,125,OPTSTK,BFO,5.000000,7500,False
863761,APOLLOHOSP26OCT9200PE,APOLLOHOSP,29OCT2026,920000.000000,125,OPTSTK,BFO,5.000000,5000,False
863769,KEI26OCT4100PE,KEI,29OCT2026,410000.000000,175,OPTSTK,BFO,5.000000,100000000,False
846102,SENSEX5026SEP25800PE,SENSEX50,24SEP2026,2580000.000000,75,OPTIDX,BFO,5.000000,1800,False
846111,HDFCBANK26SEP810PE,HDFCBANK,24SEP2026,81000.000000,650,OPTSTK,BFO,5.000000,16500,False
846117,LUPIN26SEP2480PE,LUPIN,24SEP2026,248000.000000,425,OPTSTK,BFO,5.000000,34000,False
846124,NTPC26SEP342.5CE,NTPC,24SEP2026,34250.000000,1500,OPTSTK,BFO,5.000000,150000,False
863547,SBIN26OCT1030CE,SBIN,29OCT2026,103000.000000,750,OPTSTK,BFO,5.000000,45000,False
863550,RECLTD26OCTFUT,RECLTD,29OCT2026,0.000000,1575,FUTSTK,BFO,5.000000,160000,False
863553,FOCIT26SEP32600PE,FOCIT,24SEP2026,3260000.000000,45,OPTIDX,BFO,5.000000,1350,False
863557,TORNTPHARM26OCT4950CE,TORNTPHARM,29OCT2026,495000.000000,125,OPTSTK,BFO,5.000000,15000,False
1114752,LAURUSLABS26NOV1900PE,LAURUSLABS,26NOV2026,190000.000000,850,OPTSTK,BFO,5.000000,68000,False
1114774,RECLTD26OCT285PE,RECLTD,29OCT2026,28500.000000,1575,OPTSTK,BFO,5.000000,160000,False
1114776,BANKEX26NOV58100CE,BANKEX,26NOV2026,5810000.000000,30,OPTIDX,BFO,5.000000,900,False
1114808,JUBLFOOD26NOV500CE,JUBLFOOD,26NOV2026,50000.000000,1250,OPTSTK,BFO,5.000000,50000,False
863599,TECHM26OCT1540CE,TECHM,29OCT2026,154000.000000,600,OPTSTK,BFO,5.000000,24000,False
863618,ASTRAL26OCT1340PE,ASTRAL,29OCT2026,134000.000000,425,OPTSTK,BFO,5.000000,14680,False
863639,KALYANKJIL26OCT665CE,KALYANKJIL,29OCT2026,66500.000000,1350,OPTSTK,BFO,5.000000,100000000,False
863649,IREDA26OCT120PE,IREDA,29OCT2026,12000.000000,4525,OPTSTK,BFO,5.000000,100000000,False
863771,ADANIENT26OCT2800PE,ADANIENT,29OCT2026,280000.000000,309,OPTSTK,BFO,5.000000,9000,False
863782,COALINDIA26OCTFUT,COALINDIA,29OCT2026,0.000000,1350,FUTSTK,BFO,5.000000,126000,False
863805,ALKEM26OCT5750CE,ALKEM,29OCT2026,575000.000000,125,OPTSTK,BFO,5.000000,8000,False
863808,RBLBANK26OCT400CE,RBLBANK,29OCT2026,40000.000000,3175,OPTSTK,BFO,5.000000,150000,False
1114827,AUROPHARMA26NOV1620CE,AUROPHARMA,26NOV2026,162000.000000,550,OPTSTK,BFO,5.000000,44000,False
1114831,MAXHEALTH26NOV980CE,MAXHEALTH,26NOV2026,98000.000000,525,OPTSTK,BFO,5.000000,100000000,False
1114854,LAURUSLABS26OCT2060CE,LAURUSLABS,29OCT2026,206000.000000,850,OPTSTK,BFO,5.000000,68000,False
1114855,GVT&D26NOV4600PE,GVT&D,26NOV2026,460000.000000,125,OPTSTK,BFO,5.000000,100000000,False
846144,AMBUJACEM26SEP415PE,AMBUJACEM,24SEP2026,41500.000000,1200,OPTSTK,BFO,5.000000,54000,False
846148,FOCIT26SEP36000CE,FOCIT,24SEP2026,3600000.000000,45,OPTIDX,BFO,5.000000,1350,False
846151,LICI26SEP425CE,LICI,24SEP2026,42500.000000,1400,OPTSTK,BFO,5.000000,100000000,False
846155,BANKEX26SEP72100CE,BANKEX,24SEP2026,7210000.000000,30,OPTIDX,BFO,5.000000,900,False
863660,BANKEX26OCT66100CE,BANKEX,29OCT2026,6610000.000000,30,OPTIDX,BFO,5.000000,900,False
863664,BANKEX26OCT68400CE,BANKEX,29OCT2026,6840000.000000,30,OPTIDX,BFO,5.000000,900,False
863669,CGPOWER26OCT820PE,CGPOWER,29OCT2026,82000.000000,850,OPTSTK,BFO,5.000000,100000000,False
863670,INDUSINDBK26OCT1080CE,INDUSINDBK,29OCT2026,108000.000000,700,OPTSTK,BFO,5.000000,20000,False
863814,BANKEX26OCT58700PE,BANKEX,29OCT2026,5870000.000000,30,OPTIDX,BFO,5.000000,900,False
863815,IRFC26OCT85CE,IRFC,29OCT2026,8500.000000,5425,OPTSTK,BFO,5.000000,100000000,False
863817,UNITDSPR26OCT1440CE,UNITDSPR,29OCT2026,144000.000000,400,OPTSTK,BFO,5.000000,28000,False
863872,BAJAJHLDNG26OCT10700CE,BAJAJHLDNG,29OCT2026,1070000.000000,75,OPTSTK,BFO,5.000000,100000000,False
846162,GRASIM26SEP3220PE,GRASIM,24SEP2026,322000.000000,250,OPTSTK,BFO,5.000000,14250,False
846179,IDFCFIRSTB26SEP79PE,IDFCFIRSTB,24SEP2026,7900.000000,9275,OPTSTK,BFO,5.000000,450000,False
846195,JINDALSTEL26SEP1050PE,JINDALSTEL,24SEP2026,105000.000000,625,OPTSTK,BFO,5.000000,37500,False
846222,TVSMOTOR26SEP3700CE,TVSMOTOR,24SEP2026,370000.000000,175,OPTSTK,BFO,5.000000,21000,False
863680,POLYCAB26OCT8400PE,POLYCAB,29OCT2026,840000.000000,125,OPTSTK,BFO,5.000000,9000,False
863686,SENSEX26OCT83100CE,SENSEX,29OCT2026,8310000.000000,20,OPTIDX,BFO,5.000000,1000,False
863687,KFINTECH26OCT1060CE,KFINTECH,29OCT2026,106000.000000,575,OPTSTK,BFO,5.000000,100000000,False
863702,BANKEX26OCT62400CE,BANKEX,29OCT2026,6240000.000000,30,OPTIDX,BFO,5.000000,900,False
863874,SENSEX2691771900CE,SENSEX,17SEP2026,7190000.000000,20,OPTIDX,BFO,5.000000,1000,False
863877,SHREECEM26OCT24750PE,SHREECEM,29OCT2026,2475000.000000,25,OPTSTK,BFO,5.000000,1000,False
863900,MARICO26OCT850CE,MARICO,29OCT2026,85000.000000,1200,OPTSTK,BFO,5.000000,48000,False
863927,SRF26OCT2800PE,SRF,29OCT2026,280000.000000,200,OPTSTK,BFO,5.000000,11250,False
1114862,BAJAJ-AUTO26NOV11700PE,BAJAJ-AUTO,26NOV2026,1170000.000000,75,OPTSTK,BFO,5.000000,5000,False
1114878,SENSEX5026NOV26100CE,SENSEX50,26NOV2026,2610000.000000,75,OPTIDX,BFO,5.000000,1800,False
1114879,LICI26NOV440PE,LICI,26NOV2026,44000.000000,1400,OPTSTK,BFO,5.000000,100000000,False
1114890,BANKEX26NOV68100CE,BANKEX,26NOV2026,6810000.000000,30,OPTIDX,BFO,5.000000,900,False
863934,BIOCON26OCT405CE,BIOCON,29OCT2026,40500.000000,2500,OPTSTK,BFO,5.000000,100000,False
863941,PATANJALI26OCT385CE,PATANJALI,29OCT2026,38500.000000,1075,OPTSTK,BFO,5.000000,100000000,False
863969,ADANIGREEN26OCT1380PE,ADANIGREEN,29OCT2026,138000.000000,600,OPTSTK,BFO,5.000000,100000000,False
863973,MARICO26OCT920CE,MARICO,29OCT2026,92000.000000,1200,OPTSTK,BFO,5.000000,48000,False
846225,LAURUSLABS26SEP1460CE,LAURUSLABS,24SEP2026,146000.000000,850,OPTSTK,BFO,5.000000,68000,False
846231,PNB26SEP101CE,PNB,24SEP2026,10100.000000,8000,OPTSTK,BFO,5.000000,480000,False
846232,ADANIENSOL26SEP1560CE,ADANIENSOL,24SEP2026,156000.000000,675,OPTSTK,BFO,5.000000,100000000,False
846267,BHEL26SEP407.5PE,BHEL,24SEP2026,40750.000000,2625,OPTSTK,BFO,5.000000,315000,False
863721,VEDL26OCT255CE,VEDL,29OCT2026,25500.000000,1150,OPTSTK,BFO,5.000000,80000,False
863727,COLPAL26OCT2180CE,COLPAL,29OCT2026,218000.000000,275,OPTSTK,BFO,5.000000,14000,False
863728,SUZLON26OCT43PE,SUZLON,29OCT2026,4300.000000,12700,OPTSTK,BFO,5.000000,100000000,False
863740,HYUNDAI26OCT2060PE,HYUNDAI,29OCT2026,206000.000000,275,OPTSTK,BFO,5.000000,100000000,False
1114895,UPL26NOV650CE,UPL,26NOV2026,65000.000000,1355,OPTSTK,BFO,5.000000,39000,False
1114904,KEI26NOV5300PE,KEI,26NOV2026,530000.000000,175,OPTSTK,BFO,5.000000,100000000,False
1114936,GAIL26NOV157.5CE,GAIL,26NOV2026,15750.000000,3550,OPTSTK,BFO,5.000000,274500,False
1114955,TVSMOTOR26NOV4500CE,TVSMOTOR,26NOV2026,450000.000000,175,OPTSTK,BFO,5.000000,21000,False
846277,DIVISLAB26SEP6950PE,DIVISLAB,24SEP2026,695000.000000,100,OPTSTK,BFO,5.000000,8000,False
846282,IRFC26SEP90PE,IRFC,24SEP2026,9000.000000,5425,OPTSTK,BFO,5.000000,100000000,False
846286,TVSMOTOR26SEP3620PE,TVSMOTOR,24SEP2026,362000.000000,175,OPTSTK,BFO,5.000000,21000,False
846292,LAURUSLABS26SEP1380PE,LAURUSLABS,24SEP2026,138000.000000,850,OPTSTK,BFO,5.000000,68000,False
863743,TATAELXSI26OCT3750CE,TATAELXSI,29OCT2026,375000.000000,125,OPTSTK,BFO,5.000000,100000000,False
863748,ADANIPOWER26OCT200PE,ADANIPOWER,29OCT2026,20000.000000,3550,OPTSTK,BFO,5.000000,100000000,False
863750,DLF26OCT690CE,DLF,29OCT2026,69000.000000,950,OPTSTK,BFO,5.000000,49500,False
863755,SENSEX26OCT82800PE,SENSEX,29OCT2026,8280000.000000,20,OPTIDX,BFO,5.000000,1000,False
863982,PERSISTENT26OCT4800CE,PERSISTENT,29OCT2026,480000.000000,125,OPTSTK,BFO,5.000000,5250,False
863987,WAAREEENER26OCT2650CE,WAAREEENER,29OCT2026,265000.000000,175,OPTSTK,BFO,5.000000,100000000,False
863989,FOCIT26SEP34200PE,FOCIT,24SEP2026,3420000.000000,45,OPTIDX,BFO,5.000000,1350,False
864007,FOCIT26OCT31800CE,FOCIT,29OCT2026,3180000.000000,45,OPTIDX,BFO,5.000000,1350,False
1114959,M&M26NOV3450CE,M&M,26NOV2026,345000.000000,200,OPTSTK,BFO,5.000000,21000,False
1114964,BANKEX26NOV64400CE,BANKEX,26NOV2026,6440000.000000,30,OPTIDX,BFO,5.000000,900,False
1115049,SONACOMS26NOV890PE,SONACOMS,26NOV2026,89000.000000,1225,OPTSTK,BFO,5.000000,100000000,False
1115061,COLPAL26NOV1720PE,COLPAL,26NOV2026,172000.000000,275,OPTSTK,BFO,5.000000,14000,False
864015,UNIONBANK26OCT165CE,UNIONBANK,29OCT2026,16500.000000,4425,OPTSTK,BFO,5.000000,100000000,False
864016,ASIANPAINT26OCT2760CE,ASIANPAINT,29OCT2026,276000.000000,250,OPTSTK,BFO,5.000000,8000,False
864021,FORTIS26OCT980CE,FORTIS,29OCT2026,98000.000000,775,OPTSTK,BFO,5.000000,100000000,False
864036,COALINDIA26OCT405PE,COALINDIA,29OCT2026,40500.000000,1350,OPTSTK,BFO,5.000000,126000,False
863765,FOCIT26OCT31900PE,FOCIT,29OCT2026,3190000.000000,45,OPTIDX,BFO,5.000000,1350,False
863766,POWERGRID26OCT302.5CE,POWERGRID,29OCT2026,30250.000000,1900,OPTSTK,BFO,5.000000,108000,False
863770,BAJAJHLDNG26OCT11400PE,BAJAJHLDNG,29OCT2026,1140000.000000,75,OPTSTK,BFO,5.000000,100000000,False
863774,AXISBANK26OCT1360CE,AXISBANK,29OCT2026,136000.000000,625,OPTSTK,BFO,5.000000,25000,False
846299,WAAREEENER26SEP3100PE,WAAREEENER,24SEP2026,310000.000000,175,OPTSTK,BFO,5.000000,100000000,False
846327,BANKEX26SEP62400PE,BANKEX,24SEP2026,6240000.000000,30,OPTIDX,BFO,5.000000,900,False
846332,ADANIPOWER26SEP242.5PE,ADANIPOWER,24SEP2026,24250.000000,3550,OPTSTK,BFO,5.000000,100000000,False
846344,UPL26SEP610CE,UPL,24SEP2026,61000.000000,1355,OPTSTK,BFO,5.000000,39000,False
1115088,MCX26NOV3450PE,MCX,26NOV2026,345000.000000,225,OPTSTK,BFO,5.000000,16000,False
1115098,HINDUNILVR26NOV2060PE,HINDUNILVR,26NOV2026,206000.000000,300,OPTSTK,BFO,5.000000,9000,False
1115104,TVSMOTOR26NOV4250CE,TVSMOTOR,26NOV2026,425000.000000,175,OPTSTK,BFO,5.000000,21000,False
1115110,VMM26NOV90CE,VMM,26NOV2026,9000.000000,4850,OPTSTK,BFO,5.000000,100000000,False
864053,NAM-INDIA26OCT1240CE,NAM-INDIA,29OCT2026,124000.000000,625,OPTSTK,BFO,5.000000,100000000,False
864056,PHOENIXLTD26OCT1840CE,PHOENIXLTD,29OCT2026,184000.000000,350,OPTSTK,BFO,5.000000,100000000,False
864075,GMRAIRPORT26OCT110CE,GMRAIRPORT,29OCT2026,11000.000000,6975,OPTSTK,BFO,5.000000,675000,False
864077,ASIANPAINT26OCT2680PE,ASIANPAINT,29OCT2026,268000.000000,250,OPTSTK,BFO,5.000000,8000,False
846352,HDFCBANK26SEP780CE,HDFCBANK,24SEP2026,78000.000000,650,OPTSTK,BFO,5.000000,16500,False
846374,KOTAKBANK26SEP410CE,KOTAKBANK,24SEP2026,41000.000000,2000,OPTSTK,BFO,5.000000,12000,False
846398,HEROMOTOCO26SEP5200PE,HEROMOTOCO,24SEP2026,520000.000000,150,OPTSTK,BFO,5.000000,9000,False
846411,MARICO26SEP800PE,MARICO,24SEP2026,80000.000000,1200,OPTSTK,BFO,5.000000,48000,False
863784,ICICIGI26OCT1540CE,ICICIGI,29OCT2026,154000.000000,325,OPTSTK,BFO,5.000000,20000,False
863788,CGPOWER26OCT880CE,CGPOWER,29OCT2026,88000.000000,850,OPTSTK,BFO,5.000000,100000000,False
863791,TVSMOTOR26OCTFUT,TVSMOTOR,29OCT2026,0.000000,175,FUTSTK,BFO,5.000000,21000,False
863794,PREMIERENE26OCT840PE,PREMIERENE,29OCT2026,84000.000000,650,OPTSTK,BFO,5.000000,100000000,False
864095,OIL26OCT480CE,OIL,29OCT2026,48000.000000,1400,OPTSTK,BFO,5.000000,100000000,False
864104,SENSEX2691783600PE,SENSEX,17SEP2026,8360000.000000,20,OPTIDX,BFO,5.000000,1000,False
864120,BDL26OCT1320CE,BDL,29OCT2026,132000.000000,425,OPTSTK,BFO,5.000000,100000000,False
864144,CGPOWER26OCT860PE,CGPOWER,29OCT2026,86000.000000,850,OPTSTK,BFO,5.000000,100000000,False
1115141,PGEL26NOV670CE,PGEL,26NOV2026,67000.000000,950,OPTSTK,BFO,5.000000,100000000,False
1115157,PFC26SEP320CE,PFC,24SEP2026,32000.000000,1300,OPTSTK,BFO,5.000000,124000,False
1115169,VBL26NOV490CE,VBL,26NOV2026,49000.000000,1275,OPTSTK,BFO,5.000000,100000000,False
1115180,CAMS26NOV760CE,CAMS,26NOV2026,76000.000000,825,OPTSTK,BFO,5.000000,100000000,False
846415,ITC26SEP277.5PE,ITC,24SEP2026,27750.000000,1725,OPTSTK,BFO,5.000000,64000,False
846417,AXISBANK26SEP1410PE,AXISBANK,24SEP2026,141000.000000,625,OPTSTK,BFO,5.000000,25000,False
846425,TITAN26SEP4550PE,TITAN,24SEP2026,455000.000000,175,OPTSTK,BFO,5.000000,11250,False
846427,CGPOWER26SEP890CE,CGPOWER,24SEP2026,89000.000000,850,OPTSTK,BFO,5.000000,100000000,False
863796,BAJFINANCE26OCT1000CE,BAJFINANCE,29OCT2026,100000.000000,750,OPTSTK,BFO,5.000000,3750,False
863810,EICHERMOT26OCT8400CE,EICHERMOT,29OCT2026,840000.000000,100,OPTSTK,BFO,5.000000,7000,False
863829,JSWENERGY26OCT590CE,JSWENERGY,29OCT2026,59000.000000,1075,OPTSTK,BFO,5.000000,100000000,False
863834,GODFRYPHLP26OCT2500CE,GODFRYPHLP,29OCT2026,250000.000000,275,OPTSTK,BFO,5.000000,100000000,False
864150,IDFCFIRSTB26OCT80CE,IDFCFIRSTB,29OCT2026,8000.000000,9275,OPTSTK,BFO,5.000000,450000,False
864153,PREMIERENE26OCT1040PE,PREMIERENE,29OCT2026,104000.000000,650,OPTSTK,BFO,5.000000,100000000,False
864185,LICI26OCT430PE,LICI,29OCT2026,43000.000000,1400,OPTSTK,BFO,5.000000,100000000,False
864200,RECLTD26OCT390CE,RECLTD,29OCT2026,39000.000000,1575,OPTSTK,BFO,5.000000,160000,False
1115182,LICI26NOV445PE,LICI,26NOV2026,44500.000000,1400,OPTSTK,BFO,5.000000,100000000,False
1115186,POWERINDIA26NOV32500CE,POWERINDIA,26NOV2026,3250000.000000,25,OPTSTK,BFO,5.000000,100000000,False
1115200,BANKEX26NOV59100CE,BANKEX,26NOV2026,5910000.000000,30,OPTIDX,BFO,5.000000,900,False
1115204,INDUSTOWER26NOV345PE,INDUSTOWER,26NOV2026,34500.000000,1700,OPTSTK,BFO,5.000000,170000,False
863840,SENSEX26OCT71100PE,SENSEX,29OCT2026,7110000.000000,20,OPTIDX,BFO,5.000000,1000,False
863850,INOXWIND26OCT72.5PE,INOXWIND,29OCT2026,7250.000000,6400,OPTSTK,BFO,5.000000,100000000,False
863857,DELHIVERY26OCT505PE,DELHIVERY,29OCT2026,50500.000000,2075,OPTSTK,BFO,5.000000,100000000,False
863858,ABCAPITAL26OCT410CE,ABCAPITAL,29OCT2026,41000.000000,3100,OPTSTK,BFO,5.000000,162000,False
864225,CANBK26OCT132.5CE,CANBK,29OCT2026,13250.000000,6750,OPTSTK,BFO,5.000000,81000,False
864234,BANKEX26OCT70300CE,BANKEX,29OCT2026,7030000.000000,30,OPTIDX,BFO,5.000000,900,False
864252,IEX26OCT115PE,IEX,29OCT2026,11500.000000,4350,OPTSTK,BFO,5.000000,150000,False
864261,BHARTIARTL26OCT2040CE,BHARTIARTL,29OCT2026,204000.000000,475,OPTSTK,BFO,5.000000,28500,False
846430,BANKEX26SEP61700CE,BANKEX,24SEP2026,6170000.000000,30,OPTIDX,BFO,5.000000,900,False
846437,RVNL26SEP225PE,RVNL,24SEP2026,22500.000000,1925,OPTSTK,BFO,5.000000,100000000,False
846446,VOLTAS26SEP1260CE,VOLTAS,24SEP2026,126000.000000,375,OPTSTK,BFO,5.000000,30000,False
846452,COLPAL26SEP2140PE,COLPAL,24SEP2026,214000.000000,275,OPTSTK,BFO,5.000000,14000,False
1115249,HYUNDAI26NOV2120PE,HYUNDAI,26NOV2026,212000.000000,275,OPTSTK,BFO,5.000000,100000000,False
1115250,SENSEX26NOV78400CE,SENSEX,26NOV2026,7840000.000000,20,OPTIDX,BFO,5.000000,1000,False
1115264,KFINTECH26NOV1040PE,KFINTECH,26NOV2026,104000.000000,575,OPTSTK,BFO,5.000000,100000000,False
1115265,PFC26NOV350PE,PFC,26NOV2026,35000.000000,1300,OPTSTK,BFO,5.000000,124000,False
863859,PERSISTENT26OCT4900PE,PERSISTENT,29OCT2026,490000.000000,125,OPTSTK,BFO,5.000000,5250,False
863860,HINDALCO26OCT980CE,HINDALCO,29OCT2026,98000.000000,700,OPTSTK,BFO,5.000000,56000,False
863869,CUMMINSIND26OCT4700CE,CUMMINSIND,29OCT2026,470000.000000,200,OPTSTK,BFO,5.000000,18000,False
863870,DRREDDY26OCT1100CE,DRREDDY,29OCT2026,110000.000000,625,OPTSTK,BFO,5.000000,5000,False
864270,GMRAIRPORT26OCT102PE,GMRAIRPORT,29OCT2026,10200.000000,6975,OPTSTK,BFO,5.000000,675000,False
864271,POLYCAB26OCT8500CE,POLYCAB,29OCT2026,850000.000000,125,OPTSTK,BFO,5.000000,9000,False
864275,BAJFINANCE26OCT1040CE,BAJFINANCE,29OCT2026,104000.000000,750,OPTSTK,BFO,5.000000,3750,False
864287,SENSEX2691775800CE,SENSEX,17SEP2026,7580000.000000,20,OPTIDX,BFO,5.000000,1000,False
846456,ICICIBANK26SEP1330PE,ICICIBANK,24SEP2026,133000.000000,700,OPTSTK,BFO,5.000000,28000,False
846464,TECHM26SEP1364CE,TECHM,24SEP2026,136400.000000,600,OPTSTK,BFO,5.000000,24000,False
846469,GODREJPROP26SEP1880PE,GODREJPROP,24SEP2026,188000.000000,325,OPTSTK,BFO,5.000000,19000,False
846478,SBICARD26SEP600CE,SBICARD,24SEP2026,60000.000000,800,OPTSTK,BFO,5.000000,32000,False
863878,PGEL26OCT620CE,PGEL,29OCT2026,62000.000000,950,OPTSTK,BFO,5.000000,100000000,False
863911,ASIANPAINT26OCT2860PE,ASIANPAINT,29OCT2026,286000.000000,250,OPTSTK,BFO,5.000000,8000,False
863917,ADANIGREEN26OCT1460CE,ADANIGREEN,29OCT2026,146000.000000,600,OPTSTK,BFO,5.000000,100000000,False
863919,BANDHANBNK26OCT165PE,BANDHANBNK,29OCT2026,16500.000000,3600,OPTSTK,BFO,5.000000,100000,False
864292,GRASIM26OCT2980PE,GRASIM,29OCT2026,298000.000000,250,OPTSTK,BFO,5.000000,14250,False
864295,INDUSTOWER26OCT411PE,INDUSTOWER,29OCT2026,41100.000000,1700,OPTSTK,BFO,5.000000,170000,False
864297,BANKEX26OCT68000PE,BANKEX,29OCT2026,6800000.000000,30,OPTIDX,BFO,5.000000,900,False
864304,HCLTECH26OCT1310PE,HCLTECH,29OCT2026,131000.000000,400,OPTSTK,BFO,5.000000,21000,False
1115270,SHRIRAMFIN26NOV980CE,SHRIRAMFIN,26NOV2026,98000.000000,825,OPTSTK,BFO,5.000000,18000,False
1115271,HINDUNILVR26NOV2120CE,HINDUNILVR,26NOV2026,212000.000000,300,OPTSTK,BFO,5.000000,9000,False
1115282,KPITTECH26NOV630CE,KPITTECH,26NOV2026,63000.000000,775,OPTSTK,BFO,5.000000,100000000,False
1115295,BAJAJFINSV26NOV2120CE,BAJAJFINSV,26NOV2026,212000.000000,300,OPTSTK,BFO,5.000000,20000,False
846484,HINDALCO26SEP990CE,HINDALCO,24SEP2026,99000.000000,700,OPTSTK,BFO,5.000000,56000,False
846523,LT26SEP4340CE,LT,24SEP2026,434000.000000,175,OPTSTK,BFO,5.000000,12000,False
846527,RVNL26SEP260CE,RVNL,24SEP2026,26000.000000,1925,OPTSTK,BFO,5.000000,100000000,False
846538,PERSISTENT26SEP4950CE,PERSISTENT,24SEP2026,495000.000000,125,OPTSTK,BFO,5.000000,5250,False
863939,SUNPHARMA26OCT1920PE,SUNPHARMA,29OCT2026,192000.000000,350,OPTSTK,BFO,5.000000,28000,False
863945,SENSEX26OCT72700CE,SENSEX,29OCT2026,7270000.000000,20,OPTIDX,BFO,5.000000,1000,False
863959,FEDERALBNK26OCT355PE,FEDERALBNK,29OCT2026,35500.000000,2500,OPTSTK,BFO,5.000000,200000,False
863962,GODREJPROP26OCT2180CE,GODREJPROP,29OCT2026,218000.000000,325,OPTSTK,BFO,5.000000,19000,False
864311,FORTIS26OCT890PE,FORTIS,29OCT2026,89000.000000,775,OPTSTK,BFO,5.000000,100000000,False
864329,BANKINDIA26OCT147.5PE,BANKINDIA,29OCT2026,14750.000000,5200,OPTSTK,BFO,5.000000,100000000,False
864342,TRENT26OCT3150PE,TRENT,29OCT2026,315000.000000,225,OPTSTK,BFO,5.000000,16000,False
864348,INDIANB26OCT770CE,INDIANB,29OCT2026,77000.000000,1000,OPTSTK,BFO,5.000000,100000000,False
1115301,ETERNAL26NOV340PE,ETERNAL,26NOV2026,34000.000000,2425,OPTSTK,BFO,5.000000,100000000,False
1115321,ADANIPORTS26NOV1760CE,ADANIPORTS,26NOV2026,176000.000000,475,OPTSTK,BFO,5.000000,32000,False
1115327,SAIL26NOV200PE,SAIL,26NOV2026,20000.000000,4700,OPTSTK,BFO,5.000000,320000,False
1115342,NYKAA26NOV310CE,NYKAA,26NOV2026,31000.000000,3125,OPTSTK,BFO,5.000000,100000000,False
846544,UNITDSPR26SEP1400PE,UNITDSPR,24SEP2026,140000.000000,400,OPTSTK,BFO,5.000000,28000,False
846546,LICHSGFIN26SEP550PE,LICHSGFIN,24SEP2026,55000.000000,1000,OPTSTK,BFO,5.000000,60000,False
846551,INDUSTOWER26SEP416CE,INDUSTOWER,24SEP2026,41600.000000,1700,OPTSTK,BFO,5.000000,170000,False
846553,RECLTD26SEP365CE,RECLTD,24SEP2026,36500.000000,1575,OPTSTK,BFO,5.000000,160000,False
863980,FOCIT26OCT40200PE,FOCIT,29OCT2026,4020000.000000,45,OPTIDX,BFO,5.000000,1350,False
863983,SBIN26OCT970PE,SBIN,29OCT2026,97000.000000,750,OPTSTK,BFO,5.000000,45000,False
863997,SENSEX2691779600PE,SENSEX,17SEP2026,7960000.000000,20,OPTIDX,BFO,5.000000,1000,False
864001,CIPLA26OCT1530PE,CIPLA,29OCT2026,153000.000000,425,OPTSTK,BFO,5.000000,26000,False
864364,SENSEX26OCT76600CE,SENSEX,29OCT2026,7660000.000000,20,OPTIDX,BFO,5.000000,1000,False
864379,MARICO26OCT890CE,MARICO,29OCT2026,89000.000000,1200,OPTSTK,BFO,5.000000,48000,False
864382,CAMS26OCT750CE,CAMS,29OCT2026,75000.000000,825,OPTSTK,BFO,5.000000,100000000,False
864386,COFORGE26OCT1640PE,COFORGE,29OCT2026,164000.000000,475,OPTSTK,BFO,5.000000,6000,False
1115357,ANGELONE26NOV275PE,ANGELONE,26NOV2026,27500.000000,2500,OPTSTK,BFO,5.000000,100000000,False
1115360,HYUNDAI26NOVFUT,HYUNDAI,26NOV2026,0.000000,275,FUTSTK,BFO,5.000000,100000000,False
1115391,BANKEX26NOV70100PE,BANKEX,26NOV2026,7010000.000000,30,OPTIDX,BFO,5.000000,900,False
1115410,ICICIGI26NOV1520PE,ICICIGI,26NOV2026,152000.000000,325,OPTSTK,BFO,5.000000,20000,False
846571,PATANJALI26SEP395CE,PATANJALI,24SEP2026,39500.000000,1075,OPTSTK,BFO,5.000000,100000000,False
846578,BANKEX26SEP60000CE,BANKEX,24SEP2026,6000000.000000,30,OPTIDX,BFO,5.000000,900,False
846580,ADANIPOWER26SEP215PE,ADANIPOWER,24SEP2026,21500.000000,3550,OPTSTK,BFO,5.000000,100000000,False
846584,BANKINDIA26SEP152.5CE,BANKINDIA,24SEP2026,15250.000000,5200,OPTSTK,BFO,5.000000,100000000,False
864006,IEX26OCT142.5PE,IEX,29OCT2026,14250.000000,4350,OPTSTK,BFO,5.000000,150000,False
864009,BAJAJHLDNG26OCT11300CE,BAJAJHLDNG,29OCT2026,1130000.000000,75,OPTSTK,BFO,5.000000,100000000,False
864011,SWIGGY26OCT320CE,SWIGGY,29OCT2026,32000.000000,1825,OPTSTK,BFO,5.000000,100000000,False
864025,ADANIPOWER26OCT240CE,ADANIPOWER,29OCT2026,24000.000000,3550,OPTSTK,BFO,5.000000,100000000,False
864396,TATAELXSI26OCT3600PE,TATAELXSI,29OCT2026,360000.000000,125,OPTSTK,BFO,5.000000,100000000,False
864409,SWIGGY26OCT325PE,SWIGGY,29OCT2026,32500.000000,1825,OPTSTK,BFO,5.000000,100000000,False
864427,ONGC26OCT227.5CE,ONGC,29OCT2026,22750.000000,2250,OPTSTK,BFO,5.000000,154000,False
864437,NATIONALUM26OCT350PE,NATIONALUM,29OCT2026,35000.000000,1875,OPTSTK,BFO,5.000000,300000,False
1115427,SENSEX26SEP84000PE,SENSEX,24SEP2026,8400000.000000,20,OPTIDX,BFO,5.000000,1000,False
1115432,APLAPOLLO26NOV2100CE,APLAPOLLO,26NOV2026,210000.000000,350,OPTSTK,BFO,5.000000,100000000,False
1115437,LTF26NOV290CE,LTF,26NOV2026,29000.000000,2250,OPTSTK,BFO,5.000000,267720,False
1115448,VEDL26NOV285PE,VEDL,26NOV2026,28500.000000,1150,OPTSTK,BFO,5.000000,80000,False
846613,SHREECEM26SEPFUT,SHREECEM,24SEP2026,0.000000,25,FUTSTK,BFO,5.000000,1000,False
846623,SBILIFE26SEP1740CE,SBILIFE,24SEP2026,174000.000000,375,OPTSTK,BFO,5.000000,22500,False
846627,BDL26SEP1480PE,BDL,24SEP2026,148000.000000,425,OPTSTK,BFO,5.000000,100000000,False
846638,DIXON26SEP12100CE,DIXON,24SEP2026,1210000.000000,50,OPTSTK,BFO,5.000000,6000,False
864040,MARUTI26OCT14100CE,MARUTI,29OCT2026,1410000.000000,50,OPTSTK,BFO,5.000000,3000,False
864042,ASTRAL26OCT1460CE,ASTRAL,29OCT2026,146000.000000,425,OPTSTK,BFO,5.000000,14680,False
864057,ZYDUSLIFE26OCT1130PE,ZYDUSLIFE,29OCT2026,113000.000000,900,OPTSTK,BFO,5.000000,54000,False
864078,TMPV26OCT350CE,TMPV,29OCT2026,35000.000000,1600,OPTSTK,BFO,5.000000,42750,False
864440,PGEL26OCT570CE,PGEL,29OCT2026,57000.000000,950,OPTSTK,BFO,5.000000,100000000,False
864446,RVNL26OCT235PE,RVNL,29OCT2026,23500.000000,1925,OPTSTK,BFO,5.000000,100000000,False
864453,360ONE26OCT1080CE,,29OCT2026,108000.000000,500,OPTSTK,BFO,5.000000,100000000,False
864461,AXISBANK26OCT1200CE,AXISBANK,29OCT2026,120000.000000,625,OPTSTK,BFO,5.000000,25000,False
1115460,SENSEX26O1571100PE,SENSEX,15OCT2026,7110000.000000,20,OPTIDX,BFO,5.000000,1000,False
1115463,BPCL26NOV310CE,BPCL,26NOV2026,31000.000000,1975,OPTSTK,BFO,5.000000,72000,False
1115467,NAUKRI26NOV1420CE,NAUKRI,26NOV2026,142000.000000,550,OPTSTK,BFO,5.000000,6000,False
1115471,DIVISLAB26NOV8900CE,DIVISLAB,26NOV2026,890000.000000,100,OPTSTK,BFO,5.000000,8000,False
864462,HEROMOTOCO26OCT5900PE,HEROMOTOCO,29OCT2026,590000.000000,150,OPTSTK,BFO,5.000000,9000,False
864474,MCX26OCT2350CE,MCX,29OCT2026,235000.000000,225,OPTSTK,BFO,5.000000,16000,False
864477,AUBANK26OCT1180PE,AUBANK,29OCT2026,118000.000000,1000,OPTSTK,BFO,5.000000,30000,False
864530,NESTLEIND26OCT1550PE,NESTLEIND,29OCT2026,155000.000000,500,OPTSTK,BFO,5.000000,1200,False
846649,NTPC26SEP350CE,NTPC,24SEP2026,35000.000000,1500,OPTSTK,BFO,5.000000,150000,False
846667,PFC26SEP405PE,PFC,24SEP2026,40500.000000,1300,OPTSTK,BFO,5.000000,124000,False
846668,IEX26SEP120PE,IEX,24SEP2026,12000.000000,4350,OPTSTK,BFO,5.000000,150000,False
846672,SENSEX31JUN82000PE,SENSEX,26JUN2031,8200000.000000,20,OPTIDX,BFO,5.000000,1000,False
864082,ABB26OCT7700PE,ABB,29OCT2026,770000.000000,125,OPTSTK,BFO,5.000000,7500,False
864097,SENSEX2691781300PE,SENSEX,17SEP2026,8130000.000000,20,OPTIDX,BFO,5.000000,1000,False
864109,LUPIN26OCT2360CE,LUPIN,29OCT2026,236000.000000,425,OPTSTK,BFO,5.000000,34000,False
864123,ADANIENSOL26OCT1620PE,ADANIENSOL,29OCT2026,162000.000000,675,OPTSTK,BFO,5.000000,100000000,False
1115475,PRESTIGE26NOV1540PE,PRESTIGE,26NOV2026,154000.000000,450,OPTSTK,BFO,5.000000,100000000,False
1115498,EICHERMOT26NOV7600PE,EICHERMOT,26NOV2026,760000.000000,100,OPTSTK,BFO,5.000000,7000,False
1115502,WIPRO26NOV187.5PE,WIPRO,26NOV2026,18750.000000,3000,OPTSTK,BFO,5.000000,60000,False
1115545,SRF26NOV2700PE,SRF,26NOV2026,270000.000000,200,OPTSTK,BFO,5.000000,11250,False
846680,360ONE26SEP1000PE,,24SEP2026,100000.000000,500,OPTSTK,BFO,5.000000,100000000,False
846684,DELHIVERY26SEP485CE,DELHIVERY,24SEP2026,48500.000000,2075,OPTSTK,BFO,5.000000,100000000,False
846697,TMPV26SEP360CE,TMPV,24SEP2026,36000.000000,1600,OPTSTK,BFO,5.000000,42750,False
846699,POLYCAB26SEP8900CE,POLYCAB,24SEP2026,890000.000000,125,OPTSTK,BFO,5.000000,9000,False
864132,BANKEX26OCT71000PE,BANKEX,29OCT2026,7100000.000000,30,OPTIDX,BFO,5.000000,900,False
864157,MARICO26OCT920PE,MARICO,29OCT2026,92000.000000,1200,OPTSTK,BFO,5.000000,48000,False
864158,GMRAIRPORT26SEP99PE,GMRAIRPORT,24SEP2026,9900.000000,6975,OPTSTK,BFO,5.000000,675000,False
864166,LUPIN26OCT2280PE,LUPIN,29OCT2026,228000.000000,425,OPTSTK,BFO,5.000000,34000,False
864533,SENSEX26OCT78300PE,SENSEX,29OCT2026,7830000.000000,20,OPTIDX,BFO,5.000000,1000,False
864540,PFC26OCT435PE,PFC,29OCT2026,43500.000000,1300,OPTSTK,BFO,5.000000,124000,False
864544,SUNPHARMA26OCT1860CE,SUNPHARMA,29OCT2026,186000.000000,350,OPTSTK,BFO,5.000000,28000,False
864546,INDIANB26OCT770PE,INDIANB,29OCT2026,77000.000000,1000,OPTSTK,BFO,5.000000,100000000,False
1115567,HINDZINC26NOV550CE,HINDZINC,26NOV2026,55000.000000,1225,OPTSTK,BFO,5.000000,100000000,False
1115573,SUNPHARMA26NOV1820PE,SUNPHARMA,26NOV2026,182000.000000,350,OPTSTK,BFO,5.000000,28000,False
1115589,NAUKRI26NOV1180PE,NAUKRI,26NOV2026,118000.000000,550,OPTSTK,BFO,5.000000,6000,False
1115607,ETERNAL26NOV345PE,ETERNAL,26NOV2026,34500.000000,2425,OPTSTK,BFO,5.000000,100000000,False
864552,SENSEX5026OCT25950CE,SENSEX50,29OCT2026,2595000.000000,75,OPTIDX,BFO,5.000000,1800,False
864554,PHOENIXLTD26OCT1880CE,PHOENIXLTD,29OCT2026,188000.000000,350,OPTSTK,BFO,5.000000,100000000,False
864564,CROMPTON26OCT260CE,CROMPTON,29OCT2026,26000.000000,2150,OPTSTK,BFO,5.000000,90000,False
864566,FOCIT26SEP33700CE,FOCIT,24SEP2026,3370000.000000,45,OPTIDX,BFO,5.000000,1350,False
846717,CANBK26SEP122CE,CANBK,24SEP2026,12200.000000,6750,OPTSTK,BFO,5.000000,81000,False
846729,YESBANK26SEP22PE,YESBANK,24SEP2026,2200.000000,31100,OPTSTK,BFO,5.000000,100000000,False
846760,MARUTI26SEP13400CE,MARUTI,24SEP2026,1340000.000000,50,OPTSTK,BFO,5.000000,3000,False
846772,INDUSINDBK26SEP890CE,INDUSINDBK,24SEP2026,89000.000000,700,OPTSTK,BFO,5.000000,20000,False
864181,CHOLAFIN26OCT1800PE,CHOLAFIN,29OCT2026,180000.000000,625,OPTSTK,BFO,5.000000,25000,False
864182,FOCIT26OCT31200PE,FOCIT,29OCT2026,3120000.000000,45,OPTIDX,BFO,5.000000,1350,False
864184,ULTRACEMCO26OCT12200CE,ULTRACEMCO,29OCT2026,1220000.000000,50,OPTSTK,BFO,5.000000,3000,False
864198,APLAPOLLO26SEP2040PE,APLAPOLLO,24SEP2026,204000.000000,350,OPTSTK,BFO,5.000000,100000000,False
1115633,PNBHOUSING26NOV1140PE,PNBHOUSING,26NOV2026,114000.000000,650,OPTSTK,BFO,5.000000,100000000,False
1115649,NYKAA26NOV315CE,NYKAA,26NOV2026,31500.000000,3125,OPTSTK,BFO,5.000000,100000000,False
1115695,RECLTD26NOVFUT,RECLTD,26NOV2026,0.000000,1575,FUTSTK,BFO,5.000000,160000,False
1115717,GAIL26NOV160PE,GAIL,26NOV2026,16000.000000,3550,OPTSTK,BFO,5.000000,274500,False
846788,NYKAA26SEP307.5CE,NYKAA,24SEP2026,30750.000000,3125,OPTSTK,BFO,5.000000,100000000,False
846805,AUROPHARMA26SEP1460CE,AUROPHARMA,24SEP2026,146000.000000,550,OPTSTK,BFO,5.000000,44000,False
846809,BANKEX26SEP67000CE,BANKEX,24SEP2026,6700000.000000,30,OPTIDX,BFO,5.000000,900,False
846815,CONCOR26SEP500CE,CONCOR,24SEP2026,50000.000000,1250,OPTSTK,BFO,5.000000,40000,False
864204,MUTHOOTFIN26OCT2900PE,MUTHOOTFIN,29OCT2026,290000.000000,275,OPTSTK,BFO,5.000000,22000,False
864215,SENSEX26OCT80700PE,SENSEX,29OCT2026,8070000.000000,20,OPTIDX,BFO,5.000000,1000,False
864216,SWIGGY26OCT325CE,SWIGGY,29OCT2026,32500.000000,1825,OPTSTK,BFO,5.000000,100000000,False
864231,DRREDDY26OCT1080PE,DRREDDY,29OCT2026,108000.000000,625,OPTSTK,BFO,5.000000,5000,False
864593,SENSEX26OCT76900PE,SENSEX,29OCT2026,7690000.000000,20,OPTIDX,BFO,5.000000,1000,False
864598,GLENMARK26OCT2200PE,GLENMARK,29OCT2026,220000.000000,375,OPTSTK,BFO,5.000000,43500,False
864625,NTPC26OCT325PE,NTPC,29OCT2026,32500.000000,1500,OPTSTK,BFO,5.000000,150000,False
864627,AUBANK26OCT1080CE,AUBANK,29OCT2026,108000.000000,1000,OPTSTK,BFO,5.000000,30000,False
1115720,CAMS26NOV740PE,CAMS,26NOV2026,74000.000000,825,OPTSTK,BFO,5.000000,100000000,False
1115723,SRF26NOV2600CE,SRF,26NOV2026,260000.000000,200,OPTSTK,BFO,5.000000,11250,False
1115726,BHARTIARTL26NOV1840CE,BHARTIARTL,26NOV2026,184000.000000,475,OPTSTK,BFO,5.000000,28500,False
1115735,MANKIND26NOV2400PE,MANKIND,26NOV2026,240000.000000,250,OPTSTK,BFO,5.000000,100000000,False
864232,BANKEX26OCT58000PE,BANKEX,29OCT2026,5800000.000000,30,OPTIDX,BFO,5.000000,900,False
864233,FEDERALBNK26OCT390PE,FEDERALBNK,29OCT2026,39000.000000,2500,OPTSTK,BFO,5.000000,200000,False
864236,IDEA26OCT16CE,IDEA,29OCT2026,1600.000000,71475,OPTSTK,BFO,5.000000,2400000,False
864240,BAJAJFINSV26OCT1800CE,BAJAJFINSV,29OCT2026,180000.000000,300,OPTSTK,BFO,5.000000,20000,False
864633,MAXHEALTH26OCT1130PE,MAXHEALTH,29OCT2026,113000.000000,525,OPTSTK,BFO,5.000000,100000000,False
864635,BAJAJFINSV26OCT1780PE,BAJAJFINSV,29OCT2026,178000.000000,300,OPTSTK,BFO,5.000000,20000,False
864646,POLYCAB26OCT8800PE,POLYCAB,29OCT2026,880000.000000,125,OPTSTK,BFO,5.000000,9000,False
864651,EICHERMOT26SEP8600PE,EICHERMOT,24SEP2026,860000.000000,100,OPTSTK,BFO,5.000000,7000,False
846817,BEL26SEP395PE,BEL,24SEP2026,39500.000000,1425,OPTSTK,BFO,5.000000,228000,False
846838,LUPIN26SEP2320PE,LUPIN,24SEP2026,232000.000000,425,OPTSTK,BFO,5.000000,34000,False
846843,ABCAPITAL26SEPFUT,ABCAPITAL,24SEP2026,0.000000,3100,FUTSTK,BFO,5.000000,162000,False
846855,HINDALCO26SEP970PE,HINDALCO,24SEP2026,97000.000000,700,OPTSTK,BFO,5.000000,56000,False
1115737,PHOENIXLTD26NOV1900CE,PHOENIXLTD,26NOV2026,190000.000000,350,OPTSTK,BFO,5.000000,100000000,False
1115752,LT26NOV4000CE,LT,26NOV2026,400000.000000,175,OPTSTK,BFO,5.000000,12000,False
1115762,IRFC26NOV90CE,IRFC,26NOV2026,9000.000000,5425,OPTSTK,BFO,5.000000,100000000,False
1115773,TECHM26NOV1640CE,TECHM,26NOV2026,164000.000000,600,OPTSTK,BFO,5.000000,24000,False
864267,HINDPETRO26OCT380.75PE,HINDPETRO,29OCT2026,38075.000000,2025,OPTSTK,BFO,5.000000,108000,False
864272,BRITANNIA26OCT5800CE,BRITANNIA,29OCT2026,580000.000000,125,OPTSTK,BFO,5.000000,6000,False
864278,UNITDSPR26OCT1640CE,UNITDSPR,29OCT2026,164000.000000,400,OPTSTK,BFO,5.000000,28000,False
864294,UNITDSPR26OCT1480CE,UNITDSPR,29OCT2026,148000.000000,400,OPTSTK,BFO,5.000000,28000,False
864659,NAUKRI26OCT1120PE,NAUKRI,29OCT2026,112000.000000,550,OPTSTK,BFO,5.000000,6000,False
864661,GRASIM26OCT3140CE,GRASIM,29OCT2026,314000.000000,250,OPTSTK,BFO,5.000000,14250,False
864664,PGEL26OCT570PE,PGEL,29OCT2026,57000.000000,950,OPTSTK,BFO,5.000000,100000000,False
864672,AUROPHARMA26OCT1440CE,AUROPHARMA,29OCT2026,144000.000000,550,OPTSTK,BFO,5.000000,44000,False
846856,APLAPOLLO26SEP1940PE,APLAPOLLO,24SEP2026,194000.000000,350,OPTSTK,BFO,5.000000,100000000,False
846869,APLAPOLLO26SEP1780PE,APLAPOLLO,24SEP2026,178000.000000,350,OPTSTK,BFO,5.000000,100000000,False
846880,IEX26SEP121CE,IEX,24SEP2026,12100.000000,4350,OPTSTK,BFO,5.000000,150000,False
846888,ICICIBANK26SEP1450CE,ICICIBANK,24SEP2026,145000.000000,700,OPTSTK,BFO,5.000000,28000,False
864683,MAXHEALTH26OCT1120CE,MAXHEALTH,29OCT2026,112000.000000,525,OPTSTK,BFO,5.000000,100000000,False
864690,CAMS26OCT820PE,CAMS,29OCT2026,82000.000000,825,OPTSTK,BFO,5.000000,100000000,False
864693,VBL26OCT390PE,VBL,29OCT2026,39000.000000,1275,OPTSTK,BFO,5.000000,100000000,False
864695,ULTRACEMCO26OCT12400CE,ULTRACEMCO,29OCT2026,1240000.000000,50,OPTSTK,BFO,5.000000,3000,False
1115775,SWIGGY26NOV280PE,SWIGGY,26NOV2026,28000.000000,1825,OPTSTK,BFO,5.000000,100000000,False
1115790,ONGC26NOV217.5PE,ONGC,26NOV2026,21750.000000,2250,OPTSTK,BFO,5.000000,154000,False
1115791,ADANIGREEN26NOV1180CE,ADANIGREEN,26NOV2026,118000.000000,600,OPTSTK,BFO,5.000000,100000000,False
1115795,KFINTECH26NOV820PE,KFINTECH,26NOV2026,82000.000000,575,OPTSTK,BFO,5.000000,100000000,False
864305,DIXON26OCT13750PE,DIXON,29OCT2026,1375000.000000,50,OPTSTK,BFO,5.000000,6000,False
864306,AMBER26OCT7700PE,AMBER,29OCT2026,770000.000000,100,OPTSTK,BFO,5.000000,100000000,False
864309,SENSEX26OCT78000CE,SENSEX,29OCT2026,7800000.000000,20,OPTIDX,BFO,5.000000,1000,False
864319,360ONE26OCT1180PE,,29OCT2026,118000.000000,500,OPTSTK,BFO,5.000000,100000000,False
864702,WIPRO26SEP202.5PE,WIPRO,24SEP2026,20250.000000,3000,OPTSTK,BFO,5.000000,60000,False
864718,PIIND26OCT2750PE,PIIND,29OCT2026,275000.000000,175,OPTSTK,BFO,5.000000,7500,False
864725,AUROPHARMA26OCT1520PE,AUROPHARMA,29OCT2026,152000.000000,550,OPTSTK,BFO,5.000000,44000,False
864736,SBICARD26OCT610PE,SBICARD,29OCT2026,61000.000000,800,OPTSTK,BFO,5.000000,32000,False
846902,WAAREEENER26SEP3200CE,WAAREEENER,24SEP2026,320000.000000,175,OPTSTK,BFO,5.000000,100000000,False
846904,HINDUNILVR26SEP2140CE,HINDUNILVR,24SEP2026,214000.000000,300,OPTSTK,BFO,5.000000,9000,False
846914,TATASTEEL26SEP172.5CE,TATASTEEL,24SEP2026,17250.000000,2750,OPTSTK,BFO,5.000000,220000,False
846915,TORNTPHARM26SEP4850CE,TORNTPHARM,24SEP2026,485000.000000,125,OPTSTK,BFO,5.000000,15000,False
864331,PFC26OCT430PE,PFC,29OCT2026,43000.000000,1300,OPTSTK,BFO,5.000000,124000,False
864340,ADANIENT26OCT2750PE,ADANIENT,29OCT2026,275000.000000,309,OPTSTK,BFO,5.000000,9000,False
864349,BANKEX26OCT68900PE,BANKEX,29OCT2026,6890000.000000,30,OPTIDX,BFO,5.000000,900,False
864355,SENSEX26OCT74300CE,SENSEX,29OCT2026,7430000.000000,20,OPTIDX,BFO,5.000000,1000,False
1115811,AUBANK26NOV1100CE,AUBANK,26NOV2026,110000.000000,1000,OPTSTK,BFO,5.000000,30000,False
1115813,PNB26NOV110CE,PNB,26NOV2026,11000.000000,8000,OPTSTK,BFO,5.000000,480000,False
1115840,GODREJPROP26NOV2060CE,GODREJPROP,26NOV2026,206000.000000,325,OPTSTK,BFO,5.000000,19000,False
1115848,FOCIT26NOV41800PE,FOCIT,26NOV2026,4180000.000000,45,OPTIDX,BFO,5.000000,1350,False
864749,KFINTECH26OCT900PE,KFINTECH,29OCT2026,90000.000000,575,OPTSTK,BFO,5.000000,100000000,False
864758,GAIL26OCT187.5CE,GAIL,29OCT2026,18750.000000,3550,OPTSTK,BFO,5.000000,274500,False
864767,SENSEX2691777400CE,SENSEX,17SEP2026,7740000.000000,20,OPTIDX,BFO,5.000000,1000,False
864783,VBL26OCT460PE,VBL,29OCT2026,46000.000000,1275,OPTSTK,BFO,5.000000,100000000,False
864361,SENSEX2691783500CE,SENSEX,17SEP2026,8350000.000000,20,OPTIDX,BFO,5.000000,1000,False
864366,KEI26OCT4200CE,KEI,29OCT2026,420000.000000,175,OPTSTK,BFO,5.000000,100000000,False
864368,ADANIENT26OCT2900CE,ADANIENT,29OCT2026,290000.000000,309,OPTSTK,BFO,5.000000,9000,False
864371,MCX26OCT2600CE,MCX,29OCT2026,260000.000000,225,OPTSTK,BFO,5.000000,16000,False
864788,LTF26OCT280PE,LTF,29OCT2026,28000.000000,2250,OPTSTK,BFO,5.000000,267720,False
864800,NYKAA26SEP370PE,NYKAA,24SEP2026,37000.000000,3125,OPTSTK,BFO,5.000000,100000000,False
864807,GAIL26OCT155CE,GAIL,29OCT2026,15500.000000,3550,OPTSTK,BFO,5.000000,274500,False
864814,PIDILITIND26OCT1480CE,PIDILITIND,29OCT2026,148000.000000,500,OPTSTK,BFO,5.000000,10000,False
846926,MCX26SEP2750CE,MCX,24SEP2026,275000.000000,225,OPTSTK,BFO,5.000000,16000,False
846950,PETRONET26SEP297.5CE,PETRONET,24SEP2026,29750.000000,1900,OPTSTK,BFO,5.000000,120000,False
846957,ICICIPRULI26SEPFUT,ICICIPRULI,24SEP2026,0.000000,925,FUTSTK,BFO,5.000000,60000,False
846965,INDUSINDBK26SEP890PE,INDUSINDBK,24SEP2026,89000.000000,700,OPTSTK,BFO,5.000000,20000,False
1115867,YESBANK26NOV25PE,YESBANK,26NOV2026,2500.000000,31100,OPTSTK,BFO,5.000000,100000000,False
1115873,INDIGO26NOV5600PE,INDIGO,26NOV2026,560000.000000,150,OPTSTK,BFO,5.000000,12000,False
1115891,PRESTIGE26NOV1760PE,PRESTIGE,26NOV2026,176000.000000,450,OPTSTK,BFO,5.000000,100000000,False
1115906,ATHERENERG26OCT1400PE,ATHERENERG,29OCT2026,140000.000000,375,OPTSTK,BFO,5.000000,100000000,False
864374,VBL26OCT480CE,VBL,29OCT2026,48000.000000,1275,OPTSTK,BFO,5.000000,100000000,False
864399,ULTRACEMCO26OCT12500PE,ULTRACEMCO,29OCT2026,1250000.000000,50,OPTSTK,BFO,5.000000,3000,False
864410,INDUSINDBK26OCT950PE,INDUSINDBK,29OCT2026,95000.000000,700,OPTSTK,BFO,5.000000,20000,False
864412,SBICARD26OCT700CE,SBICARD,29OCT2026,70000.000000,800,OPTSTK,BFO,5.000000,32000,False
864838,BIOCON26OCT390CE,BIOCON,29OCT2026,39000.000000,2500,OPTSTK,BFO,5.000000,100000,False
864851,TATAPOWER26OCT350CE,TATAPOWER,29OCT2026,35000.000000,1450,OPTSTK,BFO,5.000000,101250,False
864856,FOCIT26SEP43100PE,FOCIT,24SEP2026,4310000.000000,45,OPTIDX,BFO,5.000000,1350,False
864864,SUNPHARMA26OCT2040PE,SUNPHARMA,29OCT2026,204000.000000,350,OPTSTK,BFO,5.000000,28000,False
846969,VOLTAS26SEP1380PE,VOLTAS,24SEP2026,138000.000000,375,OPTSTK,BFO,5.000000,30000,False
846974,BANKINDIA26SEP157.5PE,BANKINDIA,24SEP2026,15750.000000,5200,OPTSTK,BFO,5.000000,100000000,False
846981,DABUR26SEP410CE,DABUR,24SEP2026,41000.000000,1250,OPTSTK,BFO,5.000000,50000,False
846993,SAIL26SEP162.5PE,SAIL,24SEP2026,16250.000000,4700,OPTSTK,BFO,5.000000,320000,False
864424,CANBK26OCT137.5CE,CANBK,29OCT2026,13750.000000,6750,OPTSTK,BFO,5.000000,81000,False
864434,SHRIRAMFIN26OCT1120PE,SHRIRAMFIN,29OCT2026,112000.000000,825,OPTSTK,BFO,5.000000,18000,False
864463,TITAN26OCT4500CE,TITAN,29OCT2026,450000.000000,175,OPTSTK,BFO,5.000000,11250,False
864467,WIPRO26SEP202.5CE,WIPRO,24SEP2026,20250.000000,3000,OPTSTK,BFO,5.000000,60000,False
1115911,SENSEX26O1583300CE,SENSEX,15OCT2026,8330000.000000,20,OPTIDX,BFO,5.000000,1000,False
1115920,SENSEX26NOV76300CE,SENSEX,26NOV2026,7630000.000000,20,OPTIDX,BFO,5.000000,1000,False
1115939,HYUNDAI26NOV2160PE,HYUNDAI,26NOV2026,216000.000000,275,OPTSTK,BFO,5.000000,100000000,False
1115944,SBICARD26NOV590CE,SBICARD,26NOV2026,59000.000000,800,OPTSTK,BFO,5.000000,32000,False
864868,BANKEX26OCT59800CE,BANKEX,29OCT2026,5980000.000000,30,OPTIDX,BFO,5.000000,900,False
864871,IRFC26OCT93PE,IRFC,29OCT2026,9300.000000,5425,OPTSTK,BFO,5.000000,100000000,False
864872,SRF26OCT2300PE,SRF,29OCT2026,230000.000000,200,OPTSTK,BFO,5.000000,11250,False
864880,ADANIENT26OCT2950PE,ADANIENT,29OCT2026,295000.000000,309,OPTSTK,BFO,5.000000,9000,False
864470,TRENT26OCT3050CE,TRENT,29OCT2026,305000.000000,225,OPTSTK,BFO,5.000000,16000,False
864476,MANKIND26OCT2620CE,MANKIND,29OCT2026,262000.000000,250,OPTSTK,BFO,5.000000,100000000,False
864478,LTM26OCT4100PE,LTM,29OCT2026,410000.000000,150,OPTSTK,BFO,5.000000,4500,False
864487,UNOMINDA26OCT1260PE,UNOMINDA,29OCT2026,126000.000000,550,OPTSTK,BFO,5.000000,100000000,False
847004,VEDL26SEP280PE,VEDL,24SEP2026,28000.000000,1150,OPTSTK,BFO,5.000000,80000,False
847031,CROMPTON26SEP290CE,CROMPTON,24SEP2026,29000.000000,2150,OPTSTK,BFO,5.000000,90000,False
847046,BANKEX26SEP69600PE,BANKEX,24SEP2026,6960000.000000,30,OPTIDX,BFO,5.000000,900,False
847047,BIOCON26SEP450PE,BIOCON,24SEP2026,45000.000000,2500,OPTSTK,BFO,5.000000,100000,False
864886,ABCAPITAL26OCT365PE,ABCAPITAL,29OCT2026,36500.000000,3100,OPTSTK,BFO,5.000000,162000,False
864888,MANAPPURAM26OCTFUT,MANAPPURAM,29OCT2026,0.000000,3000,FUTSTK,BFO,5.000000,180000,False
864911,CGPOWER26OCT700PE,CGPOWER,29OCT2026,70000.000000,850,OPTSTK,BFO,5.000000,100000000,False
864927,BANKEX26OCT60800PE,BANKEX,29OCT2026,6080000.000000,30,OPTIDX,BFO,5.000000,900,False
1115952,HDFCAMC26NOV2950PE,HDFCAMC,26NOV2026,295000.000000,300,OPTSTK,BFO,5.000000,12000,False
1115963,ATHERENERG26NOV1360CE,ATHERENERG,26NOV2026,136000.000000,375,OPTSTK,BFO,5.000000,100000000,False
1115982,BANKEX26NOV69300CE,BANKEX,26NOV2026,6930000.000000,30,OPTIDX,BFO,5.000000,900,False
1115992,DIXON26NOV15000CE,DIXON,26NOV2026,1500000.000000,50,OPTSTK,BFO,5.000000,6000,False
864493,DMART26OCT3700PE,DMART,29OCT2026,370000.000000,150,OPTSTK,BFO,5.000000,100000000,False
864505,COLPAL26OCT1980CE,COLPAL,29OCT2026,198000.000000,275,OPTSTK,BFO,5.000000,14000,False
864518,DLF26OCT600CE,DLF,29OCT2026,60000.000000,950,OPTSTK,BFO,5.000000,49500,False
864521,DMART26OCT4150CE,DMART,29OCT2026,415000.000000,150,OPTSTK,BFO,5.000000,100000000,False
864951,BANDHANBNK26OCT205CE,BANDHANBNK,29OCT2026,20500.000000,3600,OPTSTK,BFO,5.000000,100000,False
864971,HINDALCO26OCT1020CE,HINDALCO,29OCT2026,102000.000000,700,OPTSTK,BFO,5.000000,56000,False
865004,360ONE26OCT1280CE,,29OCT2026,128000.000000,500,OPTSTK,BFO,5.000000,100000000,False
865020,GAIL26OCT155PE,GAIL,29OCT2026,15500.000000,3550,OPTSTK,BFO,5.000000,274500,False
1115998,ADANIENT26NOV2900PE,ADANIENT,26NOV2026,290000.000000,309,OPTSTK,BFO,5.000000,9000,False
1116016,DRREDDY26NOV1130CE,DRREDDY,26NOV2026,113000.000000,625,OPTSTK,BFO,5.000000,5000,False
1116023,SAGILITY26OCT39PE,SAGILITY,29OCT2026,3900.000000,12000,OPTSTK,BFO,5.000000,100000000,False
1116069,LUPIN26NOV2080CE,LUPIN,26NOV2026,208000.000000,425,OPTSTK,BFO,5.000000,34000,False
847103,KOTAKBANK26SEP392.5PE,KOTAKBANK,24SEP2026,39250.000000,2000,OPTSTK,BFO,5.000000,12000,False
864557,LTF26OCT280CE,LTF,29OCT2026,28000.000000,2250,OPTSTK,BFO,5.000000,267720,False
864569,FORCEMOT26OCT19000PE,FORCEMOT,29OCT2026,1900000.000000,25,OPTSTK,BFO,5.000000,100000000,False
864579,HINDPETRO26OCT420.75CE,HINDPETRO,29OCT2026,42075.000000,2025,OPTSTK,BFO,5.000000,108000,False
864587,RBLBANK26OCT350PE,RBLBANK,29OCT2026,35000.000000,3175,OPTSTK,BFO,5.000000,150000,False
847067,COLPAL26SEP2080CE,COLPAL,24SEP2026,208000.000000,275,OPTSTK,BFO,5.000000,14000,False
847084,IRFC26SEP97CE,IRFC,24SEP2026,9700.000000,5425,OPTSTK,BFO,5.000000,100000000,False
847093,TMPV26SEP340PE,TMPV,24SEP2026,34000.000000,1600,OPTSTK,BFO,5.000000,42750,False
865028,CROMPTON26OCT265PE,CROMPTON,29OCT2026,26500.000000,2150,OPTSTK,BFO,5.000000,90000,False
865041,LT26OCT3650CE,LT,29OCT2026,365000.000000,175,OPTSTK,BFO,5.000000,12000,False
865055,SONACOMS26OCT720PE,SONACOMS,29OCT2026,72000.000000,1225,OPTSTK,BFO,5.000000,100000000,False
865056,HDFCBANK26OCT720CE,HDFCBANK,29OCT2026,72000.000000,650,OPTSTK,BFO,5.000000,16500,False
1116075,ICICIGI26NOV1720PE,ICICIGI,26NOV2026,172000.000000,325,OPTSTK,BFO,5.000000,20000,False
1116077,TATASTEEL26NOV185CE,TATASTEEL,26NOV2026,18500.000000,2750,OPTSTK,BFO,5.000000,220000,False
1116082,SAIL26NOV182.5PE,SAIL,26NOV2026,18250.000000,4700,OPTSTK,BFO,5.000000,320000,False
1116093,BHARTIARTL26NOV2020PE,BHARTIARTL,26NOV2026,202000.000000,475,OPTSTK,BFO,5.000000,28500,False
864606,SENSEX5026OCT24500CE,SENSEX50,29OCT2026,2450000.000000,75,OPTIDX,BFO,5.000000,1800,False
864614,BANKBARODA26OCT230CE,BANKBARODA,29OCT2026,23000.000000,2925,OPTSTK,BFO,5.000000,175500,False
864636,FOCIT26OCT37400PE,FOCIT,29OCT2026,3740000.000000,45,OPTIDX,BFO,5.000000,1350,False
864643,ABCAPITAL26OCT360PE,ABCAPITAL,29OCT2026,36000.000000,3100,OPTSTK,BFO,5.000000,162000,False
847112,UPL26SEP560PE,UPL,24SEP2026,56000.000000,1355,OPTSTK,BFO,5.000000,39000,False
847115,TATASTEEL26SEP177.5CE,TATASTEEL,24SEP2026,17750.000000,2750,OPTSTK,BFO,5.000000,220000,False
847120,BANKEX26SEP70200CE,BANKEX,24SEP2026,7020000.000000,30,OPTIDX,BFO,5.000000,900,False
847122,ADANIGREEN26SEP1460PE,ADANIGREEN,24SEP2026,146000.000000,600,OPTSTK,BFO,5.000000,100000000,False
865060,BIOCON26OCT395CE,BIOCON,29OCT2026,39500.000000,2500,OPTSTK,BFO,5.000000,100000,False
865066,BAJAJFINSV26OCT2020PE,BAJAJFINSV,29OCT2026,202000.000000,300,OPTSTK,BFO,5.000000,20000,False
865081,KFINTECH26OCT940CE,KFINTECH,29OCT2026,94000.000000,575,OPTSTK,BFO,5.000000,100000000,False
865086,KOTAKBANK26OCT395CE,KOTAKBANK,29OCT2026,39500.000000,2000,OPTSTK,BFO,5.000000,12000,False
864647,ICICIPRULI26OCT480CE,ICICIPRULI,29OCT2026,48000.000000,925,OPTSTK,BFO,5.000000,60000,False
864648,SENSEX26OCT70900PE,SENSEX,29OCT2026,7090000.000000,20,OPTIDX,BFO,5.000000,1000,False
864653,FOCIT26SEP43700CE,FOCIT,24SEP2026,4370000.000000,45,OPTIDX,BFO,5.000000,1350,False
864668,BHARATFORG26OCT2260CE,BHARATFORG,29OCT2026,226000.000000,500,OPTSTK,BFO,5.000000,30000,False
1116094,AMBER26NOV7600PE,AMBER,26NOV2026,760000.000000,100,OPTSTK,BFO,5.000000,100000000,False
1116101,APLAPOLLO26NOV2300CE,APLAPOLLO,26NOV2026,230000.000000,350,OPTSTK,BFO,5.000000,100000000,False
1116137,MARUTI26NOV14000CE,MARUTI,26NOV2026,1400000.000000,50,OPTSTK,BFO,5.000000,3000,False
1116143,GVT&D26NOV4100PE,GVT&D,26NOV2026,410000.000000,125,OPTSTK,BFO,5.000000,100000000,False
865094,SAIL26OCT172.5PE,SAIL,29OCT2026,17250.000000,4700,OPTSTK,BFO,5.000000,320000,False
865097,SBILIFE26OCT1840PE,SBILIFE,29OCT2026,184000.000000,375,OPTSTK,BFO,5.000000,22500,False
865100,POWERGRID26OCT292.5PE,POWERGRID,29OCT2026,29250.000000,1900,OPTSTK,BFO,5.000000,108000,False
865101,IRFC26OCT94CE,IRFC,29OCT2026,9400.000000,5425,OPTSTK,BFO,5.000000,100000000,False
847125,NBCC26SEP111PE,NBCC,24SEP2026,11100.000000,6500,OPTSTK,BFO,5.000000,100000000,False
847127,YESBANK26SEPFUT,YESBANK,24SEP2026,0.000000,31100,FUTSTK,BFO,5.000000,100000000,False
847128,HINDPETRO26SEP360.75CE,HINDPETRO,24SEP2026,36075.000000,2025,OPTSTK,BFO,5.000000,108000,False
847133,DIXON26SEP12300CE,DIXON,24SEP2026,1230000.000000,50,OPTSTK,BFO,5.000000,6000,False
864671,PETRONET26OCT290CE,PETRONET,29OCT2026,29000.000000,1900,OPTSTK,BFO,5.000000,120000,False
864675,ZYDUSLIFE26OCT1080PE,ZYDUSLIFE,29OCT2026,108000.000000,900,OPTSTK,BFO,5.000000,54000,False
864685,SONACOMS26SEP820PE,SONACOMS,24SEP2026,82000.000000,1225,OPTSTK,BFO,5.000000,100000000,False
864686,TMPV26OCT335PE,TMPV,29OCT2026,33500.000000,1600,OPTSTK,BFO,5.000000,42750,False
865102,NESTLEIND26OCT1590PE,NESTLEIND,29OCT2026,159000.000000,500,OPTSTK,BFO,5.000000,1200,False
865108,INDIGO26OCT4500CE,INDIGO,29OCT2026,450000.000000,150,OPTSTK,BFO,5.000000,12000,False
865109,KPITTECH26OCT570CE,KPITTECH,29OCT2026,57000.000000,775,OPTSTK,BFO,5.000000,100000000,False
865129,UPL26OCT660PE,UPL,29OCT2026,66000.000000,1355,OPTSTK,BFO,5.000000,39000,False
1116165,NMDC26NOV87CE,NMDC,26NOV2026,8700.000000,6750,OPTSTK,BFO,5.000000,225000,False
1116184,BRITANNIA26NOV5450CE,BRITANNIA,26NOV2026,545000.000000,125,OPTSTK,BFO,5.000000,6000,False
1116186,BANKEX26NOV59600PE,BANKEX,26NOV2026,5960000.000000,30,OPTIDX,BFO,5.000000,900,False
1116191,OBEROIRLTY26NOV1980PE,OBEROIRLTY,26NOV2026,198000.000000,350,OPTSTK,BFO,5.000000,28000,False
847137,JSWENERGY26SEP600CE,JSWENERGY,24SEP2026,60000.000000,1075,OPTSTK,BFO,5.000000,100000000,False
847148,HINDALCO26SEPFUT,HINDALCO,24SEP2026,0.000000,700,FUTSTK,BFO,5.000000,56000,False
847167,DIVISLAB26SEP6450PE,DIVISLAB,24SEP2026,645000.000000,100,OPTSTK,BFO,5.000000,8000,False
847172,GLENMARK26SEP2180CE,GLENMARK,24SEP2026,218000.000000,375,OPTSTK,BFO,5.000000,43500,False
864696,GMRAIRPORT26OCT108CE,GMRAIRPORT,29OCT2026,10800.000000,6975,OPTSTK,BFO,5.000000,675000,False
864698,ADANIGREEN26OCT1220PE,ADANIGREEN,29OCT2026,122000.000000,600,OPTSTK,BFO,5.000000,100000000,False
864701,M&M26OCT3600PE,M&M,29OCT2026,360000.000000,200,OPTSTK,BFO,5.000000,21000,False
864740,KALYANKJIL26OCT610CE,KALYANKJIL,29OCT2026,61000.000000,1350,OPTSTK,BFO,5.000000,100000000,False
865131,CONCOR26OCT535PE,CONCOR,29OCT2026,53500.000000,1250,OPTSTK,BFO,5.000000,40000,False
865136,BPCL26OCT340CE,BPCL,29OCT2026,34000.000000,1975,OPTSTK,BFO,5.000000,72000,False
865138,NESTLEIND26OCT1580CE,NESTLEIND,29OCT2026,158000.000000,500,OPTSTK,BFO,5.000000,1200,False
865160,POLICYBZR26OCT1460PE,POLICYBZR,29OCT2026,146000.000000,350,OPTSTK,BFO,5.000000,100000000,False
1116199,MOTHERSON26NOV177.5CE,MOTHERSON,26NOV2026,17750.000000,6150,OPTSTK,BFO,5.000000,284000,False
1116201,MCX26NOV3200PE,MCX,26NOV2026,320000.000000,225,OPTSTK,BFO,5.000000,16000,False
1116209,SENSEX26NOV72000PE,SENSEX,26NOV2026,7200000.000000,20,OPTIDX,BFO,5.000000,1000,False
1116216,PERSISTENT26NOV6300CE,PERSISTENT,26NOV2026,630000.000000,125,OPTSTK,BFO,5.000000,5250,False
864761,DELHIVERY26OCT490PE,DELHIVERY,29OCT2026,49000.000000,2075,OPTSTK,BFO,5.000000,100000000,False
864766,AMBUJACEM26OCT410CE,AMBUJACEM,29OCT2026,41000.000000,1200,OPTSTK,BFO,5.000000,54000,False
864773,SENSEX2691779700CE,SENSEX,17SEP2026,7970000.000000,20,OPTIDX,BFO,5.000000,1000,False
864776,BAJAJFINSV26OCT1840CE,BAJAJFINSV,29OCT2026,184000.000000,300,OPTSTK,BFO,5.000000,20000,False
865184,SUZLON26OCT40PE,SUZLON,29OCT2026,4000.000000,12700,OPTSTK,BFO,5.000000,100000000,False
865206,POWERINDIA26OCT28500CE,POWERINDIA,29OCT2026,2850000.000000,25,OPTSTK,BFO,5.000000,100000000,False
865222,HYUNDAI26OCT1960CE,HYUNDAI,29OCT2026,196000.000000,275,OPTSTK,BFO,5.000000,100000000,False
865231,ADANIGREEN26OCT1420PE,ADANIGREEN,29OCT2026,142000.000000,600,OPTSTK,BFO,5.000000,100000000,False
847173,KEI26SEP5350CE,KEI,24SEP2026,535000.000000,175,OPTSTK,BFO,5.000000,100000000,False
847193,SUNPHARMA26SEP1900CE,SUNPHARMA,24SEP2026,190000.000000,350,OPTSTK,BFO,5.000000,28000,False
847197,BHARTIARTL26SEP1860CE,BHARTIARTL,24SEP2026,186000.000000,475,OPTSTK,BFO,5.000000,28500,False
847199,BAJAJHLDNG26SEP10800CE,BAJAJHLDNG,24SEP2026,1080000.000000,75,OPTSTK,BFO,5.000000,100000000,False
1116241,ONGC26NOV220PE,ONGC,26NOV2026,22000.000000,2250,OPTSTK,BFO,5.000000,154000,False
1116245,ITC26NOV262.5CE,ITC,26NOV2026,26250.000000,1725,OPTSTK,BFO,5.000000,64000,False
1116248,DELHIVERY26NOV430CE,DELHIVERY,26NOV2026,43000.000000,2075,OPTSTK,BFO,5.000000,100000000,False
1116249,BANKEX26NOV66200CE,BANKEX,26NOV2026,6620000.000000,30,OPTIDX,BFO,5.000000,900,False
864797,SUNPHARMA26OCT2120CE,SUNPHARMA,29OCT2026,212000.000000,350,OPTSTK,BFO,5.000000,28000,False
864811,PAYTM26OCT1320PE,PAYTM,29OCT2026,132000.000000,725,OPTSTK,BFO,5.000000,100000000,False
864812,CANBK26OCT140CE,CANBK,29OCT2026,14000.000000,6750,OPTSTK,BFO,5.000000,81000,False
864813,HINDPETRO26OCT420.75PE,HINDPETRO,29OCT2026,42075.000000,2025,OPTSTK,BFO,5.000000,108000,False
865236,SBILIFE26OCT1740CE,SBILIFE,29OCT2026,174000.000000,375,OPTSTK,BFO,5.000000,22500,False
865237,HDFCLIFE26OCT515PE,HDFCLIFE,29OCT2026,51500.000000,1100,OPTSTK,BFO,5.000000,44000,False
865238,CAMS26OCT860PE,CAMS,29OCT2026,86000.000000,825,OPTSTK,BFO,5.000000,100000000,False
865279,IRFC26OCT86PE,IRFC,29OCT2026,8600.000000,5425,OPTSTK,BFO,5.000000,100000000,False
847200,MOTILALOFS26SEP980PE,MOTILALOFS,24SEP2026,98000.000000,775,OPTSTK,BFO,5.000000,100000000,False
847207,RBLBANK26SEP365CE,RBLBANK,24SEP2026,36500.000000,3175,OPTSTK,BFO,5.000000,150000,False
847235,OFSS26SEP10600PE,OFSS,24SEP2026,1060000.000000,100,OPTSTK,BFO,5.000000,8000,False
847240,BRITANNIA26SEP5250CE,BRITANNIA,24SEP2026,525000.000000,125,OPTSTK,BFO,5.000000,6000,False
865287,IRFC26OCT82CE,IRFC,29OCT2026,8200.000000,5425,OPTSTK,BFO,5.000000,100000000,False
865309,GLENMARK26OCT2140CE,GLENMARK,29OCT2026,214000.000000,375,OPTSTK,BFO,5.000000,43500,False
865334,JINDALSTEL26OCT1240CE,JINDALSTEL,29OCT2026,124000.000000,625,OPTSTK,BFO,5.000000,37500,False
865343,BAJAJHLDNG26OCT10400CE,BAJAJHLDNG,29OCT2026,1040000.000000,75,OPTSTK,BFO,5.000000,100000000,False
1116253,360ONE26NOV1300CE,,26NOV2026,130000.000000,500,OPTSTK,BFO,5.000000,100000000,False
1116262,BEL26NOV430PE,BEL,26NOV2026,43000.000000,1425,OPTSTK,BFO,5.000000,228000,False
1116263,GMRAIRPORT26NOV98CE,GMRAIRPORT,26NOV2026,9800.000000,6975,OPTSTK,BFO,5.000000,675000,False
1116277,RVNL26NOV210CE,RVNL,26NOV2026,21000.000000,1925,OPTSTK,BFO,5.000000,100000000,False
864818,ONGC26OCT230CE,ONGC,29OCT2026,23000.000000,2250,OPTSTK,BFO,5.000000,154000,False
864821,AUBANK26OCT900CE,AUBANK,29OCT2026,90000.000000,1000,OPTSTK,BFO,5.000000,30000,False
864833,FOCIT26SEP31700PE,FOCIT,24SEP2026,3170000.000000,45,OPTIDX,BFO,5.000000,1350,False
864852,CHOLAFIN26OCT1740CE,CHOLAFIN,29OCT2026,174000.000000,625,OPTSTK,BFO,5.000000,25000,False
865347,IREDA26OCT135CE,IREDA,29OCT2026,13500.000000,4525,OPTSTK,BFO,5.000000,100000000,False
865371,SENSEX26OCT76100CE,SENSEX,29OCT2026,7610000.000000,20,OPTIDX,BFO,5.000000,1000,False
865375,SENSEX26OCT78400CE,SENSEX,29OCT2026,7840000.000000,20,OPTIDX,BFO,5.000000,1000,False
865379,PREMIERENE26OCT920CE,PREMIERENE,29OCT2026,92000.000000,650,OPTSTK,BFO,5.000000,100000000,False
864858,DRREDDY26OCT1190PE,DRREDDY,29OCT2026,119000.000000,625,OPTSTK,BFO,5.000000,5000,False
864859,HINDZINC26OCT520CE,HINDZINC,29OCT2026,52000.000000,1225,OPTSTK,BFO,5.000000,100000000,False
864865,ADANIPOWER26OCT190PE,ADANIPOWER,29OCT2026,19000.000000,3550,OPTSTK,BFO,5.000000,100000000,False
864875,ADANIPORTS26SEP1540PE,ADANIPORTS,24SEP2026,154000.000000,475,OPTSTK,BFO,5.000000,32000,False
1116278,TVSMOTOR26NOV4750PE,TVSMOTOR,26NOV2026,475000.000000,175,OPTSTK,BFO,5.000000,21000,False
1116279,BEL26NOV435CE,BEL,26NOV2026,43500.000000,1425,OPTSTK,BFO,5.000000,228000,False
1116283,NHPC26NOV84CE,NHPC,26NOV2026,8400.000000,6950,OPTSTK,BFO,5.000000,100000000,False
847249,RELIANCE26SEP1390CE,RELIANCE,24SEP2026,139000.000000,500,OPTSTK,BFO,5.000000,10000,False
847277,LT26SEP4100PE,LT,24SEP2026,410000.000000,175,OPTSTK,BFO,5.000000,12000,False
847296,PERSISTENT26SEP4550PE,PERSISTENT,24SEP2026,455000.000000,125,OPTSTK,BFO,5.000000,5250,False
847306,TECHM26SEP1544PE,TECHM,24SEP2026,154400.000000,600,OPTSTK,BFO,5.000000,24000,False
1116281,TATAPOWER26NOV340PE,TATAPOWER,26NOV2026,34000.000000,1450,OPTSTK,BFO,5.000000,101250,False
865380,YESBANK26OCT17PE,YESBANK,29OCT2026,1700.000000,31100,OPTSTK,BFO,5.000000,100000000,False
865404,CHOLAFIN26OCT1780CE,CHOLAFIN,29OCT2026,178000.000000,625,OPTSTK,BFO,5.000000,25000,False
865407,HCLTECH26OCT1390PE,HCLTECH,29OCT2026,139000.000000,400,OPTSTK,BFO,5.000000,21000,False
865408,PNBHOUSING26OCT1020CE,PNBHOUSING,29OCT2026,102000.000000,650,OPTSTK,BFO,5.000000,100000000,False
864904,KEI26OCT4400CE,KEI,29OCT2026,440000.000000,175,OPTSTK,BFO,5.000000,100000000,False
864925,FOCIT26OCT35000CE,FOCIT,29OCT2026,3500000.000000,45,OPTIDX,BFO,5.000000,1350,False
864939,HCLTECH26OCT1420PE,HCLTECH,29OCT2026,142000.000000,400,OPTSTK,BFO,5.000000,21000,False
864941,BANKEX26OCT69800CE,BANKEX,29OCT2026,6980000.000000,30,OPTIDX,BFO,5.000000,900,False
847307,UPL26SEP565PE,UPL,24SEP2026,56500.000000,1355,OPTSTK,BFO,5.000000,39000,False
847310,INDUSTOWER26SEP366PE,INDUSTOWER,24SEP2026,36600.000000,1700,OPTSTK,BFO,5.000000,170000,False
847320,PERSISTENT26SEP4700CE,PERSISTENT,24SEP2026,470000.000000,125,OPTSTK,BFO,5.000000,5250,False
847333,TITAN26SEP4200CE,TITAN,24SEP2026,420000.000000,175,OPTSTK,BFO,5.000000,11250,False
865421,KPITTECH26OCT640PE,KPITTECH,29OCT2026,64000.000000,775,OPTSTK,BFO,5.000000,100000000,False
865424,SUZLON26OCT45PE,SUZLON,29OCT2026,4500.000000,12700,OPTSTK,BFO,5.000000,100000000,False
865453,CANBK26OCT125PE,CANBK,29OCT2026,12500.000000,6750,OPTSTK,BFO,5.000000,81000,False
865466,SHREECEM26OCT26000CE,SHREECEM,29OCT2026,2600000.000000,25,OPTSTK,BFO,5.000000,1000,False
1116284,OFSS26NOV12600CE,OFSS,26NOV2026,1260000.000000,100,OPTSTK,BFO,5.000000,8000,False
1116285,VOLTAS26NOV1120CE,VOLTAS,26NOV2026,112000.000000,375,OPTSTK,BFO,5.000000,30000,False
1116292,DIXON26NOV13000PE,DIXON,26NOV2026,1300000.000000,50,OPTSTK,BFO,5.000000,6000,False
1116296,NYKAA26NOV350PE,NYKAA,26NOV2026,35000.000000,3125,OPTSTK,BFO,5.000000,100000000,False
864942,TVSMOTOR26SEP4500PE,TVSMOTOR,24SEP2026,450000.000000,175,OPTSTK,BFO,5.000000,21000,False
864948,HDFCBANK26OCT810CE,HDFCBANK,29OCT2026,81000.000000,650,OPTSTK,BFO,5.000000,16500,False
864952,RADICO26OCT4100CE,RADICO,29OCT2026,410000.000000,150,OPTSTK,BFO,5.000000,100000000,False
864964,INDUSINDBK26OCT990PE,INDUSINDBK,29OCT2026,99000.000000,700,OPTSTK,BFO,5.000000,20000,False
865477,BANKEX26OCT67700CE,BANKEX,29OCT2026,6770000.000000,30,OPTIDX,BFO,5.000000,900,False
865493,ETERNAL26OCT300CE,ETERNAL,29OCT2026,30000.000000,2425,OPTSTK,BFO,5.000000,100000000,False
865519,PATANJALI26OCT335PE,PATANJALI,29OCT2026,33500.000000,1075,OPTSTK,BFO,5.000000,100000000,False
865529,DABUR26OCT425PE,DABUR,29OCT2026,42500.000000,1250,OPTSTK,BFO,5.000000,50000,False
847339,UNOMINDA26SEP1120PE,UNOMINDA,24SEP2026,112000.000000,550,OPTSTK,BFO,5.000000,100000000,False
847349,AMBUJACEM26SEP420CE,AMBUJACEM,24SEP2026,42000.000000,1200,OPTSTK,BFO,5.000000,54000,False
847350,WAAREEENER26SEP3250PE,WAAREEENER,24SEP2026,325000.000000,175,OPTSTK,BFO,5.000000,100000000,False
847353,MCX26SEPFUT,MCX,24SEP2026,0.000000,225,FUTSTK,BFO,5.000000,16000,False
864989,HINDUNILVR26OCT2100CE,HINDUNILVR,29OCT2026,210000.000000,300,OPTSTK,BFO,5.000000,9000,False
864990,WIPRO26OCT180PE,WIPRO,29OCT2026,18000.000000,3000,OPTSTK,BFO,5.000000,60000,False
865009,SENSEX2691775400PE,SENSEX,17SEP2026,7540000.000000,20,OPTIDX,BFO,5.000000,1000,False
865027,IOC26OCT125CE,IOC,29OCT2026,12500.000000,4875,OPTSTK,BFO,5.000000,292500,False
1116303,PNBHOUSING26NOV1180PE,PNBHOUSING,26NOV2026,118000.000000,650,OPTSTK,BFO,5.000000,100000000,False
1116322,PATANJALI26NOV340PE,PATANJALI,26NOV2026,34000.000000,1075,OPTSTK,BFO,5.000000,100000000,False
1116350,BANKEX26NOV65900PE,BANKEX,26NOV2026,6590000.000000,30,OPTIDX,BFO,5.000000,900,False
1116351,VOLTAS26NOV1200PE,VOLTAS,26NOV2026,120000.000000,375,OPTSTK,BFO,5.000000,30000,False
865532,IREDA26OCT110PE,IREDA,29OCT2026,11000.000000,4525,OPTSTK,BFO,5.000000,100000000,False
865537,SENSEX2691771000PE,SENSEX,17SEP2026,7100000.000000,20,OPTIDX,BFO,5.000000,1000,False
865538,HINDUNILVR26OCT2140CE,HINDUNILVR,29OCT2026,214000.000000,300,OPTSTK,BFO,5.000000,9000,False
865551,BPCL26OCT320PE,BPCL,29OCT2026,32000.000000,1975,OPTSTK,BFO,5.000000,72000,False
865034,BEL26OCT420CE,BEL,29OCT2026,42000.000000,1425,OPTSTK,BFO,5.000000,228000,False
865035,AXISBANK26OCT1240CE,AXISBANK,29OCT2026,124000.000000,625,OPTSTK,BFO,5.000000,25000,False
865049,FOCIT26OCT41300CE,FOCIT,29OCT2026,4130000.000000,45,OPTIDX,BFO,5.000000,1350,False
865058,IDEA26OCT6PE,IDEA,29OCT2026,600.000000,71475,OPTSTK,BFO,5.000000,2400000,False
865556,HDFCLIFE26OCT550PE,HDFCLIFE,29OCT2026,55000.000000,1100,OPTSTK,BFO,5.000000,44000,False
865566,LT26OCT3850CE,LT,29OCT2026,385000.000000,175,OPTSTK,BFO,5.000000,12000,False
865569,ALKEM26SEP6150CE,ALKEM,24SEP2026,615000.000000,125,OPTSTK,BFO,5.000000,8000,False
865571,POWERINDIA26OCT30500PE,POWERINDIA,29OCT2026,3050000.000000,25,OPTSTK,BFO,5.000000,100000000,False
847360,ASIANPAINT26SEP2660CE,ASIANPAINT,24SEP2026,266000.000000,250,OPTSTK,BFO,5.000000,8000,False
847361,COFORGE26SEP1400CE,COFORGE,24SEP2026,140000.000000,475,OPTSTK,BFO,5.000000,6000,False
847367,FOCIT26SEP41000CE,FOCIT,24SEP2026,4100000.000000,45,OPTIDX,BFO,5.000000,1350,False
847369,ULTRACEMCO26SEP11460CE,ULTRACEMCO,24SEP2026,1146000.000000,50,OPTSTK,BFO,5.000000,3000,False
1116366,INOXWIND26NOV87.5PE,INOXWIND,26NOV2026,8750.000000,6400,OPTSTK,BFO,5.000000,100000000,False
1116384,YESBANK26NOV22CE,YESBANK,26NOV2026,2200.000000,31100,OPTSTK,BFO,5.000000,100000000,False
1116404,NMDC26NOV79PE,NMDC,26NOV2026,7900.000000,6750,OPTSTK,BFO,5.000000,225000,False
1116411,BOSCHLTD26NOV50500PE,BOSCHLTD,26NOV2026,5050000.000000,25,OPTSTK,BFO,5.000000,1500,False
865064,NHPC26OCT74PE,NHPC,29OCT2026,7400.000000,6950,OPTSTK,BFO,5.000000,100000000,False
865065,FOCIT26SEP37600CE,FOCIT,24SEP2026,3760000.000000,45,OPTIDX,BFO,5.000000,1350,False
865080,HDFCAMC26OCT2800PE,HDFCAMC,29OCT2026,280000.000000,300,OPTSTK,BFO,5.000000,12000,False
865087,TATASTEEL26OCT175CE,TATASTEEL,29OCT2026,17500.000000,2750,OPTSTK,BFO,5.000000,220000,False
865592,ABB26OCT7400PE,ABB,29OCT2026,740000.000000,125,OPTSTK,BFO,5.000000,7500,False
865596,HINDUNILVR26OCT2060PE,HINDUNILVR,29OCT2026,206000.000000,300,OPTSTK,BFO,5.000000,9000,False
865601,RADICO26OCT4050CE,RADICO,29OCT2026,405000.000000,150,OPTSTK,BFO,5.000000,100000000,False
865603,UNITDSPR26OCT1520CE,UNITDSPR,29OCT2026,152000.000000,400,OPTSTK,BFO,5.000000,28000,False
847382,PHOENIXLTD26SEP1900CE,PHOENIXLTD,24SEP2026,190000.000000,350,OPTSTK,BFO,5.000000,100000000,False
847384,ONGC26SEP240CE,ONGC,24SEP2026,24000.000000,2250,OPTSTK,BFO,5.000000,154000,False
847392,MOTILALOFS26SEPFUT,MOTILALOFS,24SEP2026,0.000000,775,FUTSTK,BFO,5.000000,100000000,False
847393,ZYDUSLIFE26SEP1030PE,ZYDUSLIFE,24SEP2026,103000.000000,900,OPTSTK,BFO,5.000000,54000,False
865092,DLF26OCT640CE,DLF,29OCT2026,64000.000000,950,OPTSTK,BFO,5.000000,49500,False
865103,SENSEX5026OCT26100CE,SENSEX50,29OCT2026,2610000.000000,75,OPTIDX,BFO,5.000000,1800,False
865126,FOCIT26OCT39000PE,FOCIT,29OCT2026,3900000.000000,45,OPTIDX,BFO,5.000000,1350,False
865140,BIOCON26OCT460PE,BIOCON,29OCT2026,46000.000000,2500,OPTSTK,BFO,5.000000,100000,False
1116876,SBICARD26NOV570PE,SBICARD,26NOV2026,57000.000000,800,OPTSTK,BFO,5.000000,32000,False
1116933,ASTRAL26NOV1480PE,ASTRAL,26NOV2026,148000.000000,425,OPTSTK,BFO,5.000000,14680,False
1116964,MFSL26NOV1680CE,MFSL,26NOV2026,168000.000000,400,OPTSTK,BFO,5.000000,32000,False
1116967,INDHOTEL26NOV790PE,INDHOTEL,26NOV2026,79000.000000,1000,OPTSTK,BFO,5.000000,60000,False
865628,KFINTECH26OCT980CE,KFINTECH,29OCT2026,98000.000000,575,OPTSTK,BFO,5.000000,100000000,False
865640,SBILIFE26OCT1880PE,SBILIFE,29OCT2026,188000.000000,375,OPTSTK,BFO,5.000000,22500,False
865649,SENSEX2691774900CE,SENSEX,17SEP2026,7490000.000000,20,OPTIDX,BFO,5.000000,1000,False
865662,FOCIT26SEP43200CE,FOCIT,24SEP2026,4320000.000000,45,OPTIDX,BFO,5.000000,1350,False
865181,NTPC26OCT365PE,NTPC,29OCT2026,36500.000000,1500,OPTSTK,BFO,5.000000,150000,False
865144,HDFCLIFE26OCT570CE,HDFCLIFE,29OCT2026,57000.000000,1100,OPTSTK,BFO,5.000000,44000,False
865145,RBLBANK26OCT390PE,RBLBANK,29OCT2026,39000.000000,3175,OPTSTK,BFO,5.000000,150000,False
865155,LAURUSLABS26OCT1920PE,LAURUSLABS,29OCT2026,192000.000000,850,OPTSTK,BFO,5.000000,68000,False
1116970,SENSEX26O1572300PE,SENSEX,15OCT2026,7230000.000000,20,OPTIDX,BFO,5.000000,1000,False
1116974,INDUSINDBK26NOV930CE,INDUSINDBK,26NOV2026,93000.000000,700,OPTSTK,BFO,5.000000,20000,False
1116982,ITC26NOV262.5PE,ITC,26NOV2026,26250.000000,1725,OPTSTK,BFO,5.000000,64000,False
1116985,FEDERALBNK26NOVFUT,FEDERALBNK,26NOV2026,0.000000,2500,FUTSTK,BFO,5.000000,200000,False
847394,MANAPPURAM26SEP285PE,MANAPPURAM,24SEP2026,28500.000000,3000,OPTSTK,BFO,5.000000,180000,False
847406,BANKBARODA26SEPFUT,BANKBARODA,24SEP2026,0.000000,2925,FUTSTK,BFO,5.000000,175500,False
847417,TATAPOWER26SEP360CE,TATAPOWER,24SEP2026,36000.000000,1450,OPTSTK,BFO,5.000000,101250,False
847420,ONGC26SEP217.5PE,ONGC,24SEP2026,21750.000000,2250,OPTSTK,BFO,5.000000,154000,False
865683,SENSEX26OCT84100PE,SENSEX,29OCT2026,8410000.000000,20,OPTIDX,BFO,5.000000,1000,False
865707,APOLLOHOSP26OCT8400CE,APOLLOHOSP,29OCT2026,840000.000000,125,OPTSTK,BFO,5.000000,5000,False
865711,SENSEX26OCT75700CE,SENSEX,29OCT2026,7570000.000000,20,OPTIDX,BFO,5.000000,1000,False
865712,KALYANKJIL26OCT655PE,KALYANKJIL,29OCT2026,65500.000000,1350,OPTSTK,BFO,5.000000,100000000,False
865185,BANDHANBNK26OCT170CE,BANDHANBNK,29OCT2026,17000.000000,3600,OPTSTK,BFO,5.000000,100000,False
865207,AUROPHARMA26OCT1640CE,AUROPHARMA,29OCT2026,164000.000000,550,OPTSTK,BFO,5.000000,44000,False
865212,INDHOTEL26OCT780CE,INDHOTEL,29OCT2026,78000.000000,1000,OPTSTK,BFO,5.000000,60000,False
865215,WIPRO26OCT185PE,WIPRO,29OCT2026,18500.000000,3000,OPTSTK,BFO,5.000000,60000,False
847454,ICICIPRULI26SEP495CE,ICICIPRULI,24SEP2026,49500.000000,925,OPTSTK,BFO,5.000000,60000,False
847456,TCS26SEP2220PE,TCS,24SEP2026,222000.000000,225,OPTSTK,BFO,5.000000,7000,False
847471,UNOMINDA26SEP1020CE,UNOMINDA,24SEP2026,102000.000000,550,OPTSTK,BFO,5.000000,100000000,False
847476,LTM26SEP3750CE,LTM,24SEP2026,375000.000000,150,OPTSTK,BFO,5.000000,4500,False
865722,NAUKRI26OCT1360PE,NAUKRI,29OCT2026,136000.000000,550,OPTSTK,BFO,5.000000,6000,False
865756,PREMIERENE26OCT900PE,PREMIERENE,29OCT2026,90000.000000,650,OPTSTK,BFO,5.000000,100000000,False
865788,VMM26OCT120CE,VMM,29OCT2026,12000.000000,4850,OPTSTK,BFO,5.000000,100000000,False
865792,BANDHANBNK26OCT155PE,BANDHANBNK,29OCT2026,15500.000000,3600,OPTSTK,BFO,5.000000,100000,False
1116994,OFSS26NOV12000PE,OFSS,26NOV2026,1200000.000000,100,OPTSTK,BFO,5.000000,8000,False
1117054,TATAPOWER26NOV345PE,TATAPOWER,26NOV2026,34500.000000,1450,OPTSTK,BFO,5.000000,101250,False
1117058,SENSEX26O1581200CE,SENSEX,15OCT2026,8120000.000000,20,OPTIDX,BFO,5.000000,1000,False
1117073,BHEL26NOV420CE,BHEL,26NOV2026,42000.000000,2625,OPTSTK,BFO,5.000000,315000,False
865220,INOXWIND26OCT70CE,INOXWIND,29OCT2026,7000.000000,6400,OPTSTK,BFO,5.000000,100000000,False
865248,MANKIND26OCT2480CE,MANKIND,29OCT2026,248000.000000,250,OPTSTK,BFO,5.000000,100000000,False
865252,CHOLAFIN26OCT1880PE,CHOLAFIN,29OCT2026,188000.000000,625,OPTSTK,BFO,5.000000,25000,False
865256,BANKBARODA26OCT215PE,BANKBARODA,29OCT2026,21500.000000,2925,OPTSTK,BFO,5.000000,175500,False
865796,RECLTD26OCT345CE,RECLTD,29OCT2026,34500.000000,1575,OPTSTK,BFO,5.000000,160000,False
865805,FOCIT26OCT41800PE,FOCIT,29OCT2026,4180000.000000,45,OPTIDX,BFO,5.000000,1350,False
865826,PERSISTENT26OCT4800PE,PERSISTENT,29OCT2026,480000.000000,125,OPTSTK,BFO,5.000000,5250,False
865840,ASTRAL26OCT1540CE,ASTRAL,29OCT2026,154000.000000,425,OPTSTK,BFO,5.000000,14680,False
847485,WAAREEENER26SEPFUT,WAAREEENER,24SEP2026,0.000000,175,FUTSTK,BFO,5.000000,100000000,False
847491,FORCEMOT26SEP17500PE,FORCEMOT,24SEP2026,1750000.000000,25,OPTSTK,BFO,5.000000,100000000,False
847506,INFY26SEP1100CE,INFY,24SEP2026,110000.000000,400,OPTSTK,BFO,5.000000,16000,False
847507,AXISBANK26SEP1390CE,AXISBANK,24SEP2026,139000.000000,625,OPTSTK,BFO,5.000000,25000,False
865299,KOTAKBANK26OCT395PE,KOTAKBANK,29OCT2026,39500.000000,2000,OPTSTK,BFO,5.000000,12000,False
865315,MPHASIS26OCT2300PE,MPHASIS,29OCT2026,230000.000000,275,OPTSTK,BFO,5.000000,11000,False
865326,TVSMOTOR26OCT3900CE,TVSMOTOR,29OCT2026,390000.000000,175,OPTSTK,BFO,5.000000,21000,False
865327,LAURUSLABS26OCT1660CE,LAURUSLABS,29OCT2026,166000.000000,850,OPTSTK,BFO,5.000000,68000,False
1117075,COCHINSHIP26NOV1640CE,COCHINSHIP,26NOV2026,164000.000000,400,OPTSTK,BFO,5.000000,100000000,False
1117084,SBIN26NOV990CE,SBIN,26NOV2026,99000.000000,750,OPTSTK,BFO,5.000000,45000,False
1117091,GVT&D26NOV3700PE,GVT&D,26NOV2026,370000.000000,125,OPTSTK,BFO,5.000000,100000000,False
1117100,PNB26NOV108CE,PNB,26NOV2026,10800.000000,8000,OPTSTK,BFO,5.000000,480000,False
865844,INDIANB26OCT810PE,INDIANB,29OCT2026,81000.000000,1000,OPTSTK,BFO,5.000000,100000000,False
865846,BHARTIARTL26OCT1860CE,BHARTIARTL,29OCT2026,186000.000000,475,OPTSTK,BFO,5.000000,28500,False
865858,UNIONBANK26OCT187.5CE,UNIONBANK,29OCT2026,18750.000000,4425,OPTSTK,BFO,5.000000,100000000,False
865871,AUBANK26OCT980CE,AUBANK,29OCT2026,98000.000000,1000,OPTSTK,BFO,5.000000,30000,False
847527,BAJFINANCE26SEP1030CE,BAJFINANCE,24SEP2026,103000.000000,750,OPTSTK,BFO,5.000000,3750,False
847528,PAYTM26SEP1110PE,PAYTM,24SEP2026,111000.000000,725,OPTSTK,BFO,5.000000,100000000,False
847550,JUBLFOOD26SEP455CE,JUBLFOOD,24SEP2026,45500.000000,1250,OPTSTK,BFO,5.000000,50000,False
847563,IDFCFIRSTB26SEP76PE,IDFCFIRSTB,24SEP2026,7600.000000,9275,OPTSTK,BFO,5.000000,450000,False
865349,SENSEX2691771600CE,SENSEX,17SEP2026,7160000.000000,20,OPTIDX,BFO,5.000000,1000,False
865360,ICICIBANK26OCTFUT,ICICIBANK,29OCT2026,0.000000,700,FUTSTK,BFO,5.000000,28000,False
865361,BANKEX26OCT66100PE,BANKEX,29OCT2026,6610000.000000,30,OPTIDX,BFO,5.000000,900,False
865367,EICHERMOT26OCT7400PE,EICHERMOT,29OCT2026,740000.000000,100,OPTSTK,BFO,5.000000,7000,False
865880,BANKEX26OCT57900CE,BANKEX,29OCT2026,5790000.000000,30,OPTIDX,BFO,5.000000,900,False
865881,TECHM26OCT1660CE,TECHM,29OCT2026,166000.000000,600,OPTSTK,BFO,5.000000,24000,False
865885,OIL26OCT435PE,OIL,29OCT2026,43500.000000,1400,OPTSTK,BFO,5.000000,100000000,False
865898,BANKEX26OCT64900PE,BANKEX,29OCT2026,6490000.000000,30,OPTIDX,BFO,5.000000,900,False
1117145,INFY26NOV1060PE,INFY,26NOV2026,106000.000000,400,OPTSTK,BFO,5.000000,16000,False
1117160,PHOENIXLTD26NOV1760CE,PHOENIXLTD,26NOV2026,176000.000000,350,OPTSTK,BFO,5.000000,100000000,False
1117177,ADANIENSOL26NOV1620CE,ADANIENSOL,26NOV2026,162000.000000,675,OPTSTK,BFO,5.000000,100000000,False
1117179,FOCIT26NOV31000CE,FOCIT,26NOV2026,3100000.000000,45,OPTIDX,BFO,5.000000,1350,False
865376,ADANIGREEN26OCT1320CE,ADANIGREEN,29OCT2026,132000.000000,600,OPTSTK,BFO,5.000000,100000000,False
865378,SBICARD26OCT720PE,SBICARD,29OCT2026,72000.000000,800,OPTSTK,BFO,5.000000,32000,False
865387,IOC26OCT137.5PE,IOC,29OCT2026,13750.000000,4875,OPTSTK,BFO,5.000000,292500,False
865395,SONACOMS26OCT760CE,SONACOMS,29OCT2026,76000.000000,1225,OPTSTK,BFO,5.000000,100000000,False
865900,SWIGGY26OCT310CE,SWIGGY,29OCT2026,31000.000000,1825,OPTSTK,BFO,5.000000,100000000,False
865904,AMBUJACEM26OCT435PE,AMBUJACEM,29OCT2026,43500.000000,1200,OPTSTK,BFO,5.000000,54000,False
865919,PHOENIXLTD26OCT1840PE,PHOENIXLTD,29OCT2026,184000.000000,350,OPTSTK,BFO,5.000000,100000000,False
865989,YESBANK26OCT19CE,YESBANK,29OCT2026,1900.000000,31100,OPTSTK,BFO,5.000000,100000000,False
1117193,ICICIGI26NOV1680CE,ICICIGI,26NOV2026,168000.000000,325,OPTSTK,BFO,5.000000,20000,False
1117199,TATACONSUM26NOV1110PE,TATACONSUM,26NOV2026,111000.000000,550,OPTSTK,BFO,5.000000,36000,False
1117230,BIOCON26NOV400CE,BIOCON,26NOV2026,40000.000000,2500,OPTSTK,BFO,5.000000,100000,False
1117232,LAURUSLABS26NOV2060PE,LAURUSLABS,26NOV2026,206000.000000,850,OPTSTK,BFO,5.000000,68000,False
847579,ADANIENSOL26SEP1420CE,ADANIENSOL,24SEP2026,142000.000000,675,OPTSTK,BFO,5.000000,100000000,False
847580,INFY26SEP1010CE,INFY,24SEP2026,101000.000000,400,OPTSTK,BFO,5.000000,16000,False
847626,HCLTECH26SEP1050PE,HCLTECH,24SEP2026,105000.000000,400,OPTSTK,BFO,5.000000,21000,False
847663,TIINDIA26SEP3000CE,TIINDIA,24SEP2026,300000.000000,200,OPTSTK,BFO,5.000000,100000000,False
865397,ASTRAL26OCT1420PE,ASTRAL,29OCT2026,142000.000000,425,OPTSTK,BFO,5.000000,14680,False
865422,LICHSGFIN26OCT550CE,LICHSGFIN,29OCT2026,55000.000000,1000,OPTSTK,BFO,5.000000,60000,False
865430,FORTIS26OCT930CE,FORTIS,29OCT2026,93000.000000,775,OPTSTK,BFO,5.000000,100000000,False
865439,INDHOTEL26OCT780PE,INDHOTEL,29OCT2026,78000.000000,1000,OPTSTK,BFO,5.000000,60000,False
866001,INDUSTOWER26OCT396PE,INDUSTOWER,29OCT2026,39600.000000,1700,OPTSTK,BFO,5.000000,170000,False
866002,OIL26OCT470CE,OIL,29OCT2026,47000.000000,1400,OPTSTK,BFO,5.000000,100000000,False
866027,INFY26OCT1200PE,INFY,29OCT2026,120000.000000,400,OPTSTK,BFO,5.000000,16000,False
866034,FOCIT26SEP39400CE,FOCIT,24SEP2026,3940000.000000,45,OPTIDX,BFO,5.000000,1350,False
1117258,MUTHOOTFIN26NOV2750PE,MUTHOOTFIN,26NOV2026,275000.000000,275,OPTSTK,BFO,5.000000,22000,False
1117262,FORTIS26NOV940PE,FORTIS,26NOV2026,94000.000000,775,OPTSTK,BFO,5.000000,100000000,False
1117270,DRREDDY26NOV1250PE,DRREDDY,26NOV2026,125000.000000,625,OPTSTK,BFO,5.000000,5000,False
1117273,PIDILITIND26NOV1620PE,PIDILITIND,26NOV2026,162000.000000,500,OPTSTK,BFO,5.000000,10000,False
847664,POWERGRID26SEP275CE,POWERGRID,24SEP2026,27500.000000,1900,OPTSTK,BFO,5.000000,108000,False
847666,SONACOMS26SEP640PE,SONACOMS,24SEP2026,64000.000000,1225,OPTSTK,BFO,5.000000,100000000,False
847672,OIL26SEP405CE,OIL,24SEP2026,40500.000000,1400,OPTSTK,BFO,5.000000,100000000,False
847673,MCX26SEP2500CE,MCX,24SEP2026,250000.000000,225,OPTSTK,BFO,5.000000,16000,False
866056,SOLARINDS26OCT16500PE,SOLARINDS,29OCT2026,1650000.000000,50,OPTSTK,BFO,5.000000,100000000,False
866058,ABB26OCT6900CE,ABB,29OCT2026,690000.000000,125,OPTSTK,BFO,5.000000,7500,False
866061,ADANIENSOL26OCT1600CE,ADANIENSOL,29OCT2026,160000.000000,675,OPTSTK,BFO,5.000000,100000000,False
866073,ICICIGI26OCT1660CE,ICICIGI,29OCT2026,166000.000000,325,OPTSTK,BFO,5.000000,20000,False
847696,PATANJALI26SEP435CE,PATANJALI,24SEP2026,43500.000000,1075,OPTSTK,BFO,5.000000,100000000,False
847704,SHREECEM26SEP25750CE,SHREECEM,24SEP2026,2575000.000000,25,OPTSTK,BFO,5.000000,1000,False
847717,BANKEX26SEP69700CE,BANKEX,24SEP2026,6970000.000000,30,OPTIDX,BFO,5.000000,900,False
847719,SUNPHARMA26SEP1860PE,SUNPHARMA,24SEP2026,186000.000000,350,OPTSTK,BFO,5.000000,28000,False
865452,BOSCHLTD26OCT40000CE,BOSCHLTD,29OCT2026,4000000.000000,25,OPTSTK,BFO,5.000000,1500,False
865458,VMM26OCT117.5CE,VMM,29OCT2026,11750.000000,4850,OPTSTK,BFO,5.000000,100000000,False
865459,ASHOKLEY26OCT175CE,ASHOKLEY,29OCT2026,17500.000000,5000,OPTSTK,BFO,5.000000,150000,False
865474,BANKEX26OCT65400CE,BANKEX,29OCT2026,6540000.000000,30,OPTIDX,BFO,5.000000,900,False
1117286,JINDALSTEL26NOV1020PE,JINDALSTEL,26NOV2026,102000.000000,625,OPTSTK,BFO,5.000000,37500,False
1117296,NTPC26NOV305CE,NTPC,26NOV2026,30500.000000,1500,OPTSTK,BFO,5.000000,150000,False
1117324,PETRONET26NOV305CE,PETRONET,26NOV2026,30500.000000,1900,OPTSTK,BFO,5.000000,120000,False
1117333,SAIL26NOV207.5CE,SAIL,26NOV2026,20750.000000,4700,OPTSTK,BFO,5.000000,320000,False
866075,IDFCFIRSTB26OCT87CE,IDFCFIRSTB,29OCT2026,8700.000000,9275,OPTSTK,BFO,5.000000,450000,False
866080,SENSEX2691778800CE,SENSEX,17SEP2026,7880000.000000,20,OPTIDX,BFO,5.000000,1000,False
866101,SWIGGY26OCT310PE,SWIGGY,29OCT2026,31000.000000,1825,OPTSTK,BFO,5.000000,100000000,False
866102,UNITDSPR26OCT1560CE,UNITDSPR,29OCT2026,156000.000000,400,OPTSTK,BFO,5.000000,28000,False
1117342,VMM26NOV95PE,VMM,26NOV2026,9500.000000,4850,OPTSTK,BFO,5.000000,100000000,False
1117354,INDUSINDBK26NOV1020CE,INDUSINDBK,26NOV2026,102000.000000,700,OPTSTK,BFO,5.000000,20000,False
1117358,TATACONSUM26OCT970CE,TATACONSUM,29OCT2026,97000.000000,550,OPTSTK,BFO,5.000000,36000,False
1117363,TMPV26NOV315CE,TMPV,26NOV2026,31500.000000,1600,OPTSTK,BFO,5.000000,42750,False
847740,CONCOR26SEP455PE,CONCOR,24SEP2026,45500.000000,1250,OPTSTK,BFO,5.000000,40000,False
847744,IDFCFIRSTB26SEP85CE,IDFCFIRSTB,24SEP2026,8500.000000,9275,OPTSTK,BFO,5.000000,450000,False
847748,TITAN26SEP4250PE,TITAN,24SEP2026,425000.000000,175,OPTSTK,BFO,5.000000,11250,False
847750,RVNL26SEP210CE,RVNL,24SEP2026,21000.000000,1925,OPTSTK,BFO,5.000000,100000000,False
865476,SBILIFE26OCT2000CE,SBILIFE,29OCT2026,200000.000000,375,OPTSTK,BFO,5.000000,22500,False
865481,ICICIBANK26OCT1460PE,ICICIBANK,29OCT2026,146000.000000,700,OPTSTK,BFO,5.000000,28000,False
865487,SUPREMEIND26OCT3750CE,SUPREMEIND,29OCT2026,375000.000000,175,OPTSTK,BFO,5.000000,100000000,False
865494,NBCC26OCT107.5PE,NBCC,29OCT2026,10750.000000,6500,OPTSTK,BFO,5.000000,100000000,False
866119,DIVISLAB26OCT7600CE,DIVISLAB,29OCT2026,760000.000000,100,OPTSTK,BFO,5.000000,8000,False
866139,BRITANNIA26OCT5800PE,BRITANNIA,29OCT2026,580000.000000,125,OPTSTK,BFO,5.000000,6000,False
866142,FOCIT26SEP41100CE,FOCIT,24SEP2026,4110000.000000,45,OPTIDX,BFO,5.000000,1350,False
866147,BHARATFORG26OCT2120CE,BHARATFORG,29OCT2026,212000.000000,500,OPTSTK,BFO,5.000000,30000,False
865499,APLAPOLLO26OCT1780PE,APLAPOLLO,29OCT2026,178000.000000,350,OPTSTK,BFO,5.000000,100000000,False
865504,BLUESTARCO26OCT1660CE,BLUESTARCO,29OCT2026,166000.000000,325,OPTSTK,BFO,5.000000,100000000,False
865522,BANKEX26OCT61700CE,BANKEX,29OCT2026,6170000.000000,30,OPTIDX,BFO,5.000000,900,False
865525,CROMPTON26OCTFUT,CROMPTON,29OCT2026,0.000000,2150,FUTSTK,BFO,5.000000,90000,False
1117366,COFORGE26NOV1900PE,COFORGE,26NOV2026,190000.000000,475,OPTSTK,BFO,5.000000,6000,False
1117371,SENSEX5026OCT24250PE,SENSEX50,29OCT2026,2425000.000000,75,OPTIDX,BFO,5.000000,1800,False
1117376,BANKEX26NOV57500PE,BANKEX,26NOV2026,5750000.000000,30,OPTIDX,BFO,5.000000,900,False
1117380,BRITANNIA26NOV5650CE,BRITANNIA,26NOV2026,565000.000000,125,OPTSTK,BFO,5.000000,6000,False
847755,PAGEIND26SEP42500CE,PAGEIND,24SEP2026,4250000.000000,20,OPTSTK,BFO,5.000000,600,False
847760,NMDC26SEP92CE,NMDC,24SEP2026,9200.000000,6750,OPTSTK,BFO,5.000000,225000,False
847768,ULTRACEMCO26SEP10760CE,ULTRACEMCO,24SEP2026,1076000.000000,50,OPTSTK,BFO,5.000000,3000,False
847769,MPHASIS26SEP2218CE,MPHASIS,24SEP2026,221800.000000,275,OPTSTK,BFO,5.000000,11000,False
866154,SENSEX26OCT77300CE,SENSEX,29OCT2026,7730000.000000,20,OPTIDX,BFO,5.000000,1000,False
866165,POWERINDIA26OCT28000CE,POWERINDIA,29OCT2026,2800000.000000,25,OPTSTK,BFO,5.000000,100000000,False
866180,FOCIT26OCT31100PE,FOCIT,29OCT2026,3110000.000000,45,OPTIDX,BFO,5.000000,1350,False
866189,UPL26OCT540CE,UPL,29OCT2026,54000.000000,1355,OPTSTK,BFO,5.000000,39000,False
847775,SBICARD26SEP660PE,SBICARD,24SEP2026,66000.000000,800,OPTSTK,BFO,5.000000,32000,False
847776,OFSS26SEPFUT,OFSS,24SEP2026,0.000000,100,FUTSTK,BFO,5.000000,8000,False
847783,BPCL26SEPFUT,BPCL,24SEP2026,0.000000,1975,FUTSTK,BFO,5.000000,72000,False
847792,CIPLA26SEP1470PE,CIPLA,24SEP2026,147000.000000,425,OPTSTK,BFO,5.000000,26000,False
865526,HINDALCO26OCT1060CE,HINDALCO,29OCT2026,106000.000000,700,OPTSTK,BFO,5.000000,56000,False
865533,ULTRACEMCO26OCT11300CE,ULTRACEMCO,29OCT2026,1130000.000000,50,OPTSTK,BFO,5.000000,3000,False
865536,INDHOTEL26OCT690PE,INDHOTEL,29OCT2026,69000.000000,1000,OPTSTK,BFO,5.000000,60000,False
865547,BLUESTARCO26OCT1740PE,BLUESTARCO,29OCT2026,174000.000000,325,OPTSTK,BFO,5.000000,100000000,False
866207,ETERNAL26OCT345CE,ETERNAL,29OCT2026,34500.000000,2425,OPTSTK,BFO,5.000000,100000000,False
866210,INDUSTOWER26OCT401PE,INDUSTOWER,29OCT2026,40100.000000,1700,OPTSTK,BFO,5.000000,170000,False
866211,OIL26OCT475CE,OIL,29OCT2026,47500.000000,1400,OPTSTK,BFO,5.000000,100000000,False
866227,PAGEIND26OCT39000PE,PAGEIND,29OCT2026,3900000.000000,20,OPTSTK,BFO,5.000000,600,False
1117391,SENSEX26O1576800CE,SENSEX,15OCT2026,7680000.000000,20,OPTIDX,BFO,5.000000,1000,False
1117405,TVSMOTOR26NOV4050PE,TVSMOTOR,26NOV2026,405000.000000,175,OPTSTK,BFO,5.000000,21000,False
1117414,SENSEX26O1581500PE,SENSEX,15OCT2026,8150000.000000,20,OPTIDX,BFO,5.000000,1000,False
1117419,SENSEX26NOV72200PE,SENSEX,26NOV2026,7220000.000000,20,OPTIDX,BFO,5.000000,1000,False
847797,INOXWIND26SEP93CE,INOXWIND,24SEP2026,9300.000000,6400,OPTSTK,BFO,5.000000,100000000,False
847800,AMBUJACEM26SEP460CE,AMBUJACEM,24SEP2026,46000.000000,1200,OPTSTK,BFO,5.000000,54000,False
847817,AUBANK26SEP1070CE,AUBANK,24SEP2026,107000.000000,1000,OPTSTK,BFO,5.000000,30000,False
847824,ASTRAL26SEP1560CE,ASTRAL,24SEP2026,156000.000000,425,OPTSTK,BFO,5.000000,14680,False
865550,INDUSINDBK26OCT1070CE,INDUSINDBK,29OCT2026,107000.000000,700,OPTSTK,BFO,5.000000,20000,False
865567,ICICIGI26OCT1620CE,ICICIGI,29OCT2026,162000.000000,325,OPTSTK,BFO,5.000000,20000,False
865568,SBILIFE26OCT1960CE,SBILIFE,29OCT2026,196000.000000,375,OPTSTK,BFO,5.000000,22500,False
865576,TATASTEEL26OCT202.5CE,TATASTEEL,29OCT2026,20250.000000,2750,OPTSTK,BFO,5.000000,220000,False
866233,ADANIENT26OCT2900PE,ADANIENT,29OCT2026,290000.000000,309,OPTSTK,BFO,5.000000,9000,False
866243,COALINDIA26OCT435CE,COALINDIA,29OCT2026,43500.000000,1350,OPTSTK,BFO,5.000000,126000,False
866255,AUBANK26OCT960PE,AUBANK,29OCT2026,96000.000000,1000,OPTSTK,BFO,5.000000,30000,False
866296,LICI26OCT425PE,LICI,29OCT2026,42500.000000,1400,OPTSTK,BFO,5.000000,100000000,False
1117425,HAL26NOV4600PE,HAL,26NOV2026,460000.000000,150,OPTSTK,BFO,5.000000,9000,False
1117429,SENSEX26NOV74500PE,SENSEX,26NOV2026,7450000.000000,20,OPTIDX,BFO,5.000000,1000,False
1117450,ABCAPITAL26NOV410CE,ABCAPITAL,26NOV2026,41000.000000,3100,OPTSTK,BFO,5.000000,162000,False
1117451,INDUSINDBK26OCT920PE,INDUSINDBK,29OCT2026,92000.000000,700,OPTSTK,BFO,5.000000,20000,False
866314,360ONE26OCT1240PE,,29OCT2026,124000.000000,500,OPTSTK,BFO,5.000000,100000000,False
866339,SENSEX5026OCT24500PE,SENSEX50,29OCT2026,2450000.000000,75,OPTIDX,BFO,5.000000,1800,False
865578,FOCIT26OCT41500CE,FOCIT,29OCT2026,4150000.000000,45,OPTIDX,BFO,5.000000,1350,False
865585,SENSEX2691771900PE,SENSEX,17SEP2026,7190000.000000,20,OPTIDX,BFO,5.000000,1000,False
865602,YESBANK26OCT26CE,YESBANK,29OCT2026,2600.000000,31100,OPTSTK,BFO,5.000000,100000000,False
865605,MFSL26OCT1600CE,MFSL,29OCT2026,160000.000000,400,OPTSTK,BFO,5.000000,32000,False
866322,PETRONET26OCT310PE,PETRONET,29OCT2026,31000.000000,1900,OPTSTK,BFO,5.000000,120000,False
866330,BAJAJHLDNG26OCT10800CE,BAJAJHLDNG,29OCT2026,1080000.000000,75,OPTSTK,BFO,5.000000,100000000,False
847854,VEDL26SEP250CE,VEDL,24SEP2026,25000.000000,1150,OPTSTK,BFO,5.000000,80000,False
847866,NESTLEIND26SEP1440CE,NESTLEIND,24SEP2026,144000.000000,500,OPTSTK,BFO,5.000000,1200,False
847893,CANBK26SEP131CE,CANBK,24SEP2026,13100.000000,6750,OPTSTK,BFO,5.000000,81000,False
847910,PATANJALI26SEPFUT,PATANJALI,24SEP2026,0.000000,1075,FUTSTK,BFO,5.000000,100000000,False
1117487,SENSEX26SEP67000PE,SENSEX,24SEP2026,6700000.000000,20,OPTIDX,BFO,5.000000,1000,False
866344,BANKEX26OCT64200PE,BANKEX,29OCT2026,6420000.000000,30,OPTIDX,BFO,5.000000,900,False
866364,LODHA26OCT1200PE,LODHA,29OCT2026,120000.000000,625,OPTSTK,BFO,5.000000,100000000,False
866374,OFSS26OCT10600PE,OFSS,29OCT2026,1060000.000000,100,OPTSTK,BFO,5.000000,8000,False
866378,FOCIT26SEP41400PE,FOCIT,24SEP2026,4140000.000000,45,OPTIDX,BFO,5.000000,1350,False
865614,GMRAIRPORT26OCT111PE,GMRAIRPORT,29OCT2026,11100.000000,6975,OPTSTK,BFO,5.000000,675000,False
865616,HINDZINC26OCT560PE,HINDZINC,29OCT2026,56000.000000,1225,OPTSTK,BFO,5.000000,100000000,False
865637,ICICIGI26OCT1540PE,ICICIGI,29OCT2026,154000.000000,325,OPTSTK,BFO,5.000000,20000,False
865638,BANKEX26OCT66000CE,BANKEX,29OCT2026,6600000.000000,30,OPTIDX,BFO,5.000000,900,False
866382,FOCIT26SEP43700PE,FOCIT,24SEP2026,4370000.000000,45,OPTIDX,BFO,5.000000,1350,False
866388,MOTILALOFS26SEP700PE,MOTILALOFS,24SEP2026,70000.000000,775,OPTSTK,BFO,5.000000,100000000,False
866392,UPL26OCT540PE,UPL,29OCT2026,54000.000000,1355,OPTSTK,BFO,5.000000,39000,False
866404,EICHERMOT26SEP8600CE,EICHERMOT,24SEP2026,860000.000000,100,OPTSTK,BFO,5.000000,7000,False
847920,UNOMINDA26SEP1060CE,UNOMINDA,24SEP2026,106000.000000,550,OPTSTK,BFO,5.000000,100000000,False
847936,BANKEX26SEP67700PE,BANKEX,24SEP2026,6770000.000000,30,OPTIDX,BFO,5.000000,900,False
847938,NATIONALUM26SEP330CE,NATIONALUM,24SEP2026,33000.000000,1875,OPTSTK,BFO,5.000000,300000,False
847943,ABB26SEP6850CE,ABB,24SEP2026,685000.000000,125,OPTSTK,BFO,5.000000,7500,False
1118155,MAHABANK26OCT77PE,MAHABANK,29OCT2026,7700.000000,6500,OPTSTK,BFO,5.000000,100000000,False
1118156,MAHABANK26OCT77CE,MAHABANK,29OCT2026,7700.000000,6500,OPTSTK,BFO,5.000000,100000000,False
1118158,APLAPOLLO26SEP2380PE,APLAPOLLO,24SEP2026,238000.000000,350,OPTSTK,BFO,5.000000,100000000,False
865639,FEDERALBNK26OCT340PE,FEDERALBNK,29OCT2026,34000.000000,2500,OPTSTK,BFO,5.000000,200000,False
865643,SUZLON26OCT54CE,SUZLON,29OCT2026,5400.000000,12700,OPTSTK,BFO,5.000000,100000000,False
865654,VMM26OCT117.5PE,VMM,29OCT2026,11750.000000,4850,OPTSTK,BFO,5.000000,100000000,False
865651,BAJFINANCE26OCT1000PE,BAJFINANCE,29OCT2026,100000.000000,750,OPTSTK,BFO,5.000000,3750,False
866458,BANKEX26OCT65800CE,BANKEX,29OCT2026,6580000.000000,30,OPTIDX,BFO,5.000000,900,False
866481,VEDL26OCT265PE,VEDL,29OCT2026,26500.000000,1150,OPTSTK,BFO,5.000000,80000,False
866445,COALINDIA26OCT435PE,COALINDIA,29OCT2026,43500.000000,1350,OPTSTK,BFO,5.000000,126000,False
866480,RECLTD26OCT360PE,RECLTD,29OCT2026,36000.000000,1575,OPTSTK,BFO,5.000000,160000,False
847949,TATACONSUM26SEP1200PE,TATACONSUM,24SEP2026,120000.000000,550,OPTSTK,BFO,5.000000,36000,False
847960,MANKIND26SEP2340CE,MANKIND,24SEP2026,234000.000000,250,OPTSTK,BFO,5.000000,100000000,False
847971,MANAPPURAM26SEP340CE,MANAPPURAM,24SEP2026,34000.000000,3000,OPTSTK,BFO,5.000000,180000,False
847997,MAZDOCK26SEP2340CE,MAZDOCK,24SEP2026,234000.000000,225,OPTSTK,BFO,5.000000,100000000,False
865656,ASHOKLEY26OCT175PE,ASHOKLEY,29OCT2026,17500.000000,5000,OPTSTK,BFO,5.000000,150000,False
865658,BRITANNIA26OCT5600PE,BRITANNIA,29OCT2026,560000.000000,125,OPTSTK,BFO,5.000000,6000,False
865660,IDFCFIRSTB26OCT81PE,IDFCFIRSTB,29OCT2026,8100.000000,9275,OPTSTK,BFO,5.000000,450000,False
865663,INDIANB26OCT810CE,INDIANB,29OCT2026,81000.000000,1000,OPTSTK,BFO,5.000000,100000000,False
1118171,ATHERENERG26NOV1700PE,ATHERENERG,26NOV2026,170000.000000,375,OPTSTK,BFO,5.000000,100000000,False
1118237,BAJAJ-AUTO26NOV12500CE,BAJAJ-AUTO,26NOV2026,1250000.000000,75,OPTSTK,BFO,5.000000,5000,False
1118239,IRFC26NOV77CE,IRFC,26NOV2026,7700.000000,5425,OPTSTK,BFO,5.000000,100000000,False
1118252,SAIL26NOV215PE,SAIL,26NOV2026,21500.000000,4700,OPTSTK,BFO,5.000000,320000,False
866490,UNOMINDA26OCT1320PE,UNOMINDA,29OCT2026,132000.000000,550,OPTSTK,BFO,5.000000,100000000,False
866493,DIVISLAB26OCT7900PE,DIVISLAB,29OCT2026,790000.000000,100,OPTSTK,BFO,5.000000,8000,False
866494,AUBANK26OCT1080PE,AUBANK,29OCT2026,108000.000000,1000,OPTSTK,BFO,5.000000,30000,False
866500,UNOMINDA26OCT1160PE,UNOMINDA,29OCT2026,116000.000000,550,OPTSTK,BFO,5.000000,100000000,False
865679,GODFRYPHLP26OCT2500PE,GODFRYPHLP,29OCT2026,250000.000000,275,OPTSTK,BFO,5.000000,100000000,False
865686,NAUKRI26OCT1280CE,NAUKRI,29OCT2026,128000.000000,550,OPTSTK,BFO,5.000000,6000,False
865687,DMART26OCT3850PE,DMART,29OCT2026,385000.000000,150,OPTSTK,BFO,5.000000,100000000,False
865696,M&M26OCT3100PE,M&M,29OCT2026,310000.000000,200,OPTSTK,BFO,5.000000,21000,False
848014,CONCOR26SEPFUT,CONCOR,24SEP2026,0.000000,1250,FUTSTK,BFO,5.000000,40000,False
848019,CONCOR26SEP490PE,CONCOR,24SEP2026,49000.000000,1250,OPTSTK,BFO,5.000000,40000,False
848026,IRFC26SEP97PE,IRFC,24SEP2026,9700.000000,5425,OPTSTK,BFO,5.000000,100000000,False
848027,SENSEX5026SEP25450PE,SENSEX50,24SEP2026,2545000.000000,75,OPTIDX,BFO,5.000000,1800,False
866505,KOTAKBANK26OCT410PE,KOTAKBANK,29OCT2026,41000.000000,2000,OPTSTK,BFO,5.000000,12000,False
866508,ANGELONE26OCT290CE,ANGELONE,29OCT2026,29000.000000,2500,OPTSTK,BFO,5.000000,100000000,False
866519,BHARATFORG26OCT2260PE,BHARATFORG,29OCT2026,226000.000000,500,OPTSTK,BFO,5.000000,30000,False
866523,AUROPHARMA26OCT1440PE,AUROPHARMA,29OCT2026,144000.000000,550,OPTSTK,BFO,5.000000,44000,False
1118289,INDUSINDBK26NOV1050CE,INDUSINDBK,26NOV2026,105000.000000,700,OPTSTK,BFO,5.000000,20000,False
1118290,COFORGE26SEP2120PE,COFORGE,24SEP2026,212000.000000,475,OPTSTK,BFO,5.000000,6000,False
1118293,CAMS26NOV830CE,CAMS,26NOV2026,83000.000000,825,OPTSTK,BFO,5.000000,100000000,False
1118334,DIVISLAB26NOV10000CE,DIVISLAB,26NOV2026,1000000.000000,100,OPTSTK,BFO,5.000000,8000,False
865697,FOCIT26OCT37800PE,FOCIT,29OCT2026,3780000.000000,45,OPTIDX,BFO,5.000000,1350,False
865716,COFORGE26SEP1880CE,COFORGE,24SEP2026,188000.000000,475,OPTSTK,BFO,5.000000,6000,False
865728,NBCC26OCT77.5CE,NBCC,29OCT2026,7750.000000,6500,OPTSTK,BFO,5.000000,100000000,False
865735,AUROPHARMA26OCT1680CE,AUROPHARMA,29OCT2026,168000.000000,550,OPTSTK,BFO,5.000000,44000,False
866527,LT26OCT4050PE,LT,29OCT2026,405000.000000,175,OPTSTK,BFO,5.000000,12000,False
866535,SIEMENS26OCT3950CE,SIEMENS,29OCT2026,395000.000000,175,OPTSTK,BFO,5.000000,8250,False
866552,NAM-INDIA26OCT1180CE,NAM-INDIA,29OCT2026,118000.000000,625,OPTSTK,BFO,5.000000,100000000,False
866557,APOLLOHOSP26OCT8900PE,APOLLOHOSP,29OCT2026,890000.000000,125,OPTSTK,BFO,5.000000,5000,False
848031,TVSMOTOR26SEP3600CE,TVSMOTOR,24SEP2026,360000.000000,175,OPTSTK,BFO,5.000000,21000,False
848038,INFY26SEP1050CE,INFY,24SEP2026,105000.000000,400,OPTSTK,BFO,5.000000,16000,False
848045,FORTIS26SEP1000PE,FORTIS,24SEP2026,100000.000000,775,OPTSTK,BFO,5.000000,100000000,False
848048,BLUESTARCO26SEP1620PE,BLUESTARCO,24SEP2026,162000.000000,325,OPTSTK,BFO,5.000000,100000000,False
865746,BPCL26OCT325PE,BPCL,29OCT2026,32500.000000,1975,OPTSTK,BFO,5.000000,72000,False
865747,ITC26OCT292.5CE,ITC,29OCT2026,29250.000000,1725,OPTSTK,BFO,5.000000,64000,False
865748,DELHIVERY26OCT460CE,DELHIVERY,29OCT2026,46000.000000,2075,OPTSTK,BFO,5.000000,100000000,False
865754,FOCIT26OCT43200PE,FOCIT,29OCT2026,4320000.000000,45,OPTIDX,BFO,5.000000,1350,False
1118345,IRFC26OCT77PE,IRFC,29OCT2026,7700.000000,5425,OPTSTK,BFO,5.000000,100000000,False
1118348,LAURUSLABS26SEP2080PE,LAURUSLABS,24SEP2026,208000.000000,850,OPTSTK,BFO,5.000000,68000,False
1118354,ATHERENERG26NOV1760PE,ATHERENERG,26NOV2026,176000.000000,375,OPTSTK,BFO,5.000000,100000000,False
1118369,ASIANPAINT26NOV2460CE,ASIANPAINT,26NOV2026,246000.000000,250,OPTSTK,BFO,5.000000,8000,False
866562,TCS26OCT2340CE,TCS,29OCT2026,234000.000000,225,OPTSTK,BFO,5.000000,7000,False
866567,SAIL26OCT182.5CE,SAIL,29OCT2026,18250.000000,4700,OPTSTK,BFO,5.000000,320000,False
866579,CAMS26OCT810PE,CAMS,29OCT2026,81000.000000,825,OPTSTK,BFO,5.000000,100000000,False
866582,JINDALSTEL26OCT1120CE,JINDALSTEL,29OCT2026,112000.000000,625,OPTSTK,BFO,5.000000,37500,False
848051,HAL26SEP4450CE,HAL,24SEP2026,445000.000000,150,OPTSTK,BFO,5.000000,9000,False
848064,HINDALCO26SEP920PE,HINDALCO,24SEP2026,92000.000000,700,OPTSTK,BFO,5.000000,56000,False
848065,HINDZINC26SEP570PE,HINDZINC,24SEP2026,57000.000000,1225,OPTSTK,BFO,5.000000,100000000,False
848073,FORTIS26SEP940PE,FORTIS,24SEP2026,94000.000000,775,OPTSTK,BFO,5.000000,100000000,False
865755,BRITANNIA26OCT5350PE,BRITANNIA,29OCT2026,535000.000000,125,OPTSTK,BFO,5.000000,6000,False
865757,SBILIFE26OCT1780CE,SBILIFE,29OCT2026,178000.000000,375,OPTSTK,BFO,5.000000,22500,False
865771,RVNL26OCT240CE,RVNL,29OCT2026,24000.000000,1925,OPTSTK,BFO,5.000000,100000000,False
865778,PERSISTENT26OCT6200PE,PERSISTENT,29OCT2026,620000.000000,125,OPTSTK,BFO,5.000000,5250,False
866594,JSWSTEEL26OCT1140CE,JSWSTEEL,29OCT2026,114000.000000,675,OPTSTK,BFO,5.000000,40500,False
866596,BHEL26OCT435PE,BHEL,29OCT2026,43500.000000,2625,OPTSTK,BFO,5.000000,315000,False
866604,LICI26OCT460PE,LICI,29OCT2026,46000.000000,1400,OPTSTK,BFO,5.000000,100000000,False
866609,SENSEX26OCT74500PE,SENSEX,29OCT2026,7450000.000000,20,OPTIDX,BFO,5.000000,1000,False
1118372,PAYTM26NOV1520CE,PAYTM,26NOV2026,152000.000000,725,OPTSTK,BFO,5.000000,100000000,False
1118403,PNB26NOV120CE,PNB,26NOV2026,12000.000000,8000,OPTSTK,BFO,5.000000,480000,False
1118404,PERSISTENT26OCT6500PE,PERSISTENT,29OCT2026,650000.000000,125,OPTSTK,BFO,5.000000,5250,False
1118421,PNB26NOV121PE,PNB,26NOV2026,12100.000000,8000,OPTSTK,BFO,5.000000,480000,False
848074,CHOLAFIN26SEP1800CE,CHOLAFIN,24SEP2026,180000.000000,625,OPTSTK,BFO,5.000000,25000,False
848089,LTM26SEP3600PE,LTM,24SEP2026,360000.000000,150,OPTSTK,BFO,5.000000,4500,False
848093,LAURUSLABS26SEPFUT,LAURUSLABS,24SEP2026,0.000000,850,FUTSTK,BFO,5.000000,68000,False
848106,YESBANK26SEP32CE,YESBANK,24SEP2026,3200.000000,31100,OPTSTK,BFO,5.000000,100000000,False
865780,ALKEM26OCT5650CE,ALKEM,29OCT2026,565000.000000,125,OPTSTK,BFO,5.000000,8000,False
865781,SUPREMEIND26OCT3150PE,SUPREMEIND,29OCT2026,315000.000000,175,OPTSTK,BFO,5.000000,100000000,False
865802,GODFRYPHLP26OCT2400CE,GODFRYPHLP,29OCT2026,240000.000000,275,OPTSTK,BFO,5.000000,100000000,False
865809,SUZLON26OCT42CE,SUZLON,29OCT2026,4200.000000,12700,OPTSTK,BFO,5.000000,100000000,False
866610,NBCC26OCT97.5PE,NBCC,29OCT2026,9750.000000,6500,OPTSTK,BFO,5.000000,100000000,False
866618,ZYDUSLIFE26OCT1060CE,ZYDUSLIFE,29OCT2026,106000.000000,900,OPTSTK,BFO,5.000000,54000,False
866625,ASIANPAINT26OCT2600PE,ASIANPAINT,29OCT2026,260000.000000,250,OPTSTK,BFO,5.000000,8000,False
866628,BAJAJFINSV26OCT1840PE,BAJAJFINSV,29OCT2026,184000.000000,300,OPTSTK,BFO,5.000000,20000,False
848114,APLAPOLLO26SEP1720CE,APLAPOLLO,24SEP2026,172000.000000,350,OPTSTK,BFO,5.000000,100000000,False
848127,HAVELLS26SEP1200CE,HAVELLS,24SEP2026,120000.000000,500,OPTSTK,BFO,5.000000,20000,False
848152,AMBUJACEM26SEP440PE,AMBUJACEM,24SEP2026,44000.000000,1200,OPTSTK,BFO,5.000000,54000,False
848156,UNIONBANK26SEP155CE,UNIONBANK,24SEP2026,15500.000000,4425,OPTSTK,BFO,5.000000,100000000,False
1118437,VOLTAS26OCT1060CE,VOLTAS,29OCT2026,106000.000000,375,OPTSTK,BFO,5.000000,30000,False
1118439,SAIL26SEP217.5PE,SAIL,24SEP2026,21750.000000,4700,OPTSTK,BFO,5.000000,320000,False
1118440,KFINTECH26NOV800CE,KFINTECH,26NOV2026,80000.000000,575,OPTSTK,BFO,5.000000,100000000,False
1118441,GLENMARK26NOV2640CE,GLENMARK,26NOV2026,264000.000000,375,OPTSTK,BFO,5.000000,43500,False
865856,SENSEX2691783200CE,SENSEX,17SEP2026,8320000.000000,20,OPTIDX,BFO,5.000000,1000,False
866630,ADANIENSOL26OCT1720PE,ADANIENSOL,29OCT2026,172000.000000,675,OPTSTK,BFO,5.000000,100000000,False
866638,JINDALSTEL26OCT1200PE,JINDALSTEL,29OCT2026,120000.000000,625,OPTSTK,BFO,5.000000,37500,False
866656,GRASIM26OCT3200CE,GRASIM,29OCT2026,320000.000000,250,OPTSTK,BFO,5.000000,14250,False
866664,DELHIVERY26OCT480PE,DELHIVERY,29OCT2026,48000.000000,2075,OPTSTK,BFO,5.000000,100000000,False
865810,CIPLA26OCT1450PE,CIPLA,29OCT2026,145000.000000,425,OPTSTK,BFO,5.000000,26000,False
865821,LAURUSLABS26OCT1860CE,LAURUSLABS,29OCT2026,186000.000000,850,OPTSTK,BFO,5.000000,68000,False
865851,WAAREEENER26OCT2800CE,WAAREEENER,29OCT2026,280000.000000,175,OPTSTK,BFO,5.000000,100000000,False
848161,IREDA26SEP121CE,IREDA,24SEP2026,12100.000000,4525,OPTSTK,BFO,5.000000,100000000,False
848200,OFSS26SEP11700CE,OFSS,24SEP2026,1170000.000000,100,OPTSTK,BFO,5.000000,8000,False
848227,VOLTAS26SEP1320CE,VOLTAS,24SEP2026,132000.000000,375,OPTSTK,BFO,5.000000,30000,False
848229,BANKEX26SEP63900CE,BANKEX,24SEP2026,6390000.000000,30,OPTIDX,BFO,5.000000,900,False
865861,RECLTD26OCT410PE,RECLTD,29OCT2026,41000.000000,1575,OPTSTK,BFO,5.000000,160000,False
865868,OFSS26OCT10400PE,OFSS,29OCT2026,1040000.000000,100,OPTSTK,BFO,5.000000,8000,False
865892,IEX26OCT132.5PE,IEX,29OCT2026,13250.000000,4350,OPTSTK,BFO,5.000000,150000,False
865894,BANKEX26OCT62600PE,BANKEX,29OCT2026,6260000.000000,30,OPTIDX,BFO,5.000000,900,False
866665,PGEL26OCT630PE,PGEL,29OCT2026,63000.000000,950,OPTSTK,BFO,5.000000,100000000,False
866676,YESBANK26OCT30CE,YESBANK,29OCT2026,3000.000000,31100,OPTSTK,BFO,5.000000,100000000,False
866680,GRASIM26OCT3040CE,GRASIM,29OCT2026,304000.000000,250,OPTSTK,BFO,5.000000,14250,False
866684,KEI26OCT5100CE,KEI,29OCT2026,510000.000000,175,OPTSTK,BFO,5.000000,100000000,False
1118444,KALYANKJIL26NOV580PE,KALYANKJIL,26NOV2026,58000.000000,1350,OPTSTK,BFO,5.000000,100000000,False
1118478,TECHM26NOV1740PE,TECHM,26NOV2026,174000.000000,600,OPTSTK,BFO,5.000000,24000,False
1118486,PIDILITIND26NOV1500PE,PIDILITIND,26NOV2026,150000.000000,500,OPTSTK,BFO,5.000000,10000,False
1118487,HCLTECH26NOV1370PE,HCLTECH,26NOV2026,137000.000000,400,OPTSTK,BFO,5.000000,21000,False
848242,UPL26SEP600PE,UPL,24SEP2026,60000.000000,1355,OPTSTK,BFO,5.000000,39000,False
848250,LICHSGFIN26SEP540PE,LICHSGFIN,24SEP2026,54000.000000,1000,OPTSTK,BFO,5.000000,60000,False
848259,HDFCBANK26SEP775CE,HDFCBANK,24SEP2026,77500.000000,650,OPTSTK,BFO,5.000000,16500,False
848262,MANKIND26SEP2560CE,MANKIND,24SEP2026,256000.000000,250,OPTSTK,BFO,5.000000,100000000,False
865899,INDIGO26OCT5700CE,INDIGO,29OCT2026,570000.000000,150,OPTSTK,BFO,5.000000,12000,False
865907,SIEMENS26OCT3850PE,SIEMENS,29OCT2026,385000.000000,175,OPTSTK,BFO,5.000000,8250,False
865908,LICI26OCT445CE,LICI,29OCT2026,44500.000000,1400,OPTSTK,BFO,5.000000,100000000,False
865912,GODFRYPHLP26OCT2150CE,GODFRYPHLP,29OCT2026,215000.000000,275,OPTSTK,BFO,5.000000,100000000,False
866709,INDIANB26OCT890CE,INDIANB,29OCT2026,89000.000000,1000,OPTSTK,BFO,5.000000,100000000,False
866720,BANKEX26OCT63800PE,BANKEX,29OCT2026,6380000.000000,30,OPTIDX,BFO,5.000000,900,False
866726,HINDPETRO26OCT410.75PE,HINDPETRO,29OCT2026,41075.000000,2025,OPTSTK,BFO,5.000000,108000,False
866732,ULTRACEMCO26OCT11100PE,ULTRACEMCO,29OCT2026,1110000.000000,50,OPTSTK,BFO,5.000000,3000,False
1118496,MAHABANK26SEP77PE,MAHABANK,24SEP2026,7700.000000,6500,OPTSTK,BFO,5.000000,100000000,False
1118505,KALYANKJIL26NOV585PE,KALYANKJIL,26NOV2026,58500.000000,1350,OPTSTK,BFO,5.000000,100000000,False
1118508,DIVISLAB26SEP9900CE,DIVISLAB,24SEP2026,990000.000000,100,OPTSTK,BFO,5.000000,8000,False
1118511,SUPREMEIND26NOV3950CE,SUPREMEIND,26NOV2026,395000.000000,175,OPTSTK,BFO,5.000000,100000000,False
865926,ADANIENSOL26OCT1700PE,ADANIENSOL,29OCT2026,170000.000000,675,OPTSTK,BFO,5.000000,100000000,False
865933,FEDERALBNK26OCT380CE,FEDERALBNK,29OCT2026,38000.000000,2500,OPTSTK,BFO,5.000000,200000,False
865934,ICICIPRULI26OCT520CE,ICICIPRULI,29OCT2026,52000.000000,925,OPTSTK,BFO,5.000000,60000,False
865954,FOCIT26OCT35400CE,FOCIT,29OCT2026,3540000.000000,45,OPTIDX,BFO,5.000000,1350,False
866740,BAJFINANCE26OCT1070CE,BAJFINANCE,29OCT2026,107000.000000,750,OPTSTK,BFO,5.000000,3750,False
866745,HDFCLIFE26OCT525CE,HDFCLIFE,29OCT2026,52500.000000,1100,OPTSTK,BFO,5.000000,44000,False
866747,MAZDOCK26OCT2500CE,MAZDOCK,29OCT2026,250000.000000,225,OPTSTK,BFO,5.000000,100000000,False
866791,SIEMENS26OCT3600PE,SIEMENS,29OCT2026,360000.000000,175,OPTSTK,BFO,5.000000,8250,False
1118512,GLENMARK26OCT2660CE,GLENMARK,29OCT2026,266000.000000,375,OPTSTK,BFO,5.000000,43500,False
1118518,COFORGE26OCT2120CE,COFORGE,29OCT2026,212000.000000,475,OPTSTK,BFO,5.000000,6000,False
1118535,TECHM26NOV1760PE,TECHM,26NOV2026,176000.000000,600,OPTSTK,BFO,5.000000,24000,False
1118548,GODREJPROP26NOV1900CE,GODREJPROP,26NOV2026,190000.000000,325,OPTSTK,BFO,5.000000,19000,False
848270,HCLTECH26SEP1070PE,HCLTECH,24SEP2026,107000.000000,400,OPTSTK,BFO,5.000000,21000,False
848294,HDFCAMC26SEP2700PE,HDFCAMC,24SEP2026,270000.000000,300,OPTSTK,BFO,5.000000,12000,False
848299,VBL26SEP510CE,VBL,24SEP2026,51000.000000,1275,OPTSTK,BFO,5.000000,100000000,False
848314,LT26SEP4240CE,LT,24SEP2026,424000.000000,175,OPTSTK,BFO,5.000000,12000,False
865966,ITC26OCT297.5CE,ITC,29OCT2026,29750.000000,1725,OPTSTK,BFO,5.000000,64000,False
865968,GVT&D26OCTFUT,GVT&D,29OCT2026,0.000000,125,FUTSTK,BFO,5.000000,100000000,False
865974,BANKEX26OCT70300PE,BANKEX,29OCT2026,7030000.000000,30,OPTIDX,BFO,5.000000,900,False
865988,RVNL26OCT245CE,RVNL,29OCT2026,24500.000000,1925,OPTSTK,BFO,5.000000,100000000,False
866797,GODFRYPHLP26OCT1950CE,GODFRYPHLP,29OCT2026,195000.000000,275,OPTSTK,BFO,5.000000,100000000,False
866806,ICICIPRULI26OCT475CE,ICICIPRULI,29OCT2026,47500.000000,925,OPTSTK,BFO,5.000000,60000,False
866816,SRF26OCT2950CE,SRF,29OCT2026,295000.000000,200,OPTSTK,BFO,5.000000,11250,False
866817,SENSEX2691778400PE,SENSEX,17SEP2026,7840000.000000,20,OPTIDX,BFO,5.000000,1000,False
848322,BAJAJHLDNG26SEP11300CE,BAJAJHLDNG,24SEP2026,1130000.000000,75,OPTSTK,BFO,5.000000,100000000,False
848335,TATACONSUM26SEP1170PE,TATACONSUM,24SEP2026,117000.000000,550,OPTSTK,BFO,5.000000,36000,False
848373,POLYCAB26SEP8900PE,POLYCAB,24SEP2026,890000.000000,125,OPTSTK,BFO,5.000000,9000,False
1118600,CROMPTON26OCT200CE,CROMPTON,29OCT2026,20000.000000,2150,OPTSTK,BFO,5.000000,90000,False
1118610,BAJAJ-AUTO26NOV12600CE,BAJAJ-AUTO,26NOV2026,1260000.000000,75,OPTSTK,BFO,5.000000,5000,False
1118633,GODREJCP26NOV840PE,GODREJCP,26NOV2026,84000.000000,500,OPTSTK,BFO,5.000000,30000,False
1118644,OIL26NOV520PE,OIL,26NOV2026,52000.000000,1400,OPTSTK,BFO,5.000000,100000000,False
848352,IOC26SEP151CE,IOC,24SEP2026,15100.000000,4875,OPTSTK,BFO,5.000000,292500,False
866022,KPITTECH26OCT590PE,KPITTECH,29OCT2026,59000.000000,775,OPTSTK,BFO,5.000000,100000000,False
866032,BANKINDIA26OCT132.5PE,BANKINDIA,29OCT2026,13250.000000,5200,OPTSTK,BFO,5.000000,100000000,False
866049,PFC26OCT420CE,PFC,29OCT2026,42000.000000,1300,OPTSTK,BFO,5.000000,124000,False
866057,TCS26OCT2300CE,TCS,29OCT2026,230000.000000,225,OPTSTK,BFO,5.000000,7000,False
866819,SOLARINDS26OCT18000CE,SOLARINDS,29OCT2026,1800000.000000,50,OPTSTK,BFO,5.000000,100000000,False
866821,SENSEX26OCT83800CE,SENSEX,29OCT2026,8380000.000000,20,OPTIDX,BFO,5.000000,1000,False
866830,POWERINDIA26OCT34500CE,POWERINDIA,29OCT2026,3450000.000000,25,OPTSTK,BFO,5.000000,100000000,False
866832,SUPREMEIND26OCT3550PE,SUPREMEIND,29OCT2026,355000.000000,175,OPTSTK,BFO,5.000000,100000000,False
848390,IRFC26SEP94CE,IRFC,24SEP2026,9400.000000,5425,OPTSTK,BFO,5.000000,100000000,False
848410,TMPV26SEP350CE,TMPV,24SEP2026,35000.000000,1600,OPTSTK,BFO,5.000000,42750,False
848414,LAURUSLABS26SEP1490CE,LAURUSLABS,24SEP2026,149000.000000,850,OPTSTK,BFO,5.000000,68000,False
848427,BDL26SEP1380PE,BDL,24SEP2026,138000.000000,425,OPTSTK,BFO,5.000000,100000000,False
866833,BLUESTARCO26OCT1620PE,BLUESTARCO,29OCT2026,162000.000000,325,OPTSTK,BFO,5.000000,100000000,False
866893,SBICARD26OCT730CE,SBICARD,29OCT2026,73000.000000,800,OPTSTK,BFO,5.000000,32000,False
866910,JUBLFOOD26OCT430PE,JUBLFOOD,29OCT2026,43000.000000,1250,OPTSTK,BFO,5.000000,50000,False
866920,SBILIFE26OCT1920PE,SBILIFE,29OCT2026,192000.000000,375,OPTSTK,BFO,5.000000,22500,False
1118658,FOCIT26NOV44100PE,FOCIT,26NOV2026,4410000.000000,45,OPTIDX,BFO,5.000000,1350,False
1118713,COFORGE26NOV2160CE,COFORGE,26NOV2026,216000.000000,475,OPTSTK,BFO,5.000000,6000,False
1118748,ICICIPRULI26NOV470CE,ICICIPRULI,26NOV2026,47000.000000,925,OPTSTK,BFO,5.000000,60000,False
1118856,ATHERENERG26OCT1680CE,ATHERENERG,29OCT2026,168000.000000,375,OPTSTK,BFO,5.000000,100000000,False
866060,LTF26OCT320PE,LTF,29OCT2026,32000.000000,2250,OPTSTK,BFO,5.000000,267720,False
866064,SENSEX5026OCT25650CE,SENSEX50,29OCT2026,2565000.000000,75,OPTIDX,BFO,5.000000,1800,False
866067,LTF26OCT325CE,LTF,29OCT2026,32500.000000,2250,OPTSTK,BFO,5.000000,267720,False
866072,BAJAJHLDNG26OCT10900PE,BAJAJHLDNG,29OCT2026,1090000.000000,75,OPTSTK,BFO,5.000000,100000000,False
866928,JINDALSTEL26OCT980CE,JINDALSTEL,29OCT2026,98000.000000,625,OPTSTK,BFO,5.000000,37500,False
866932,SUZLON26OCT42PE,SUZLON,29OCT2026,4200.000000,12700,OPTSTK,BFO,5.000000,100000000,False
866952,TITAN26OCT5150CE,TITAN,29OCT2026,515000.000000,175,OPTSTK,BFO,5.000000,11250,False
866962,BOSCHLTD26OCT42000CE,BOSCHLTD,29OCT2026,4200000.000000,25,OPTSTK,BFO,5.000000,1500,False
848434,LICHSGFIN26SEP545PE,LICHSGFIN,24SEP2026,54500.000000,1000,OPTSTK,BFO,5.000000,60000,False
848447,DIXON26SEP12000CE,DIXON,24SEP2026,1200000.000000,50,OPTSTK,BFO,5.000000,6000,False
848471,COALINDIA26SEP440CE,COALINDIA,24SEP2026,44000.000000,1350,OPTSTK,BFO,5.000000,126000,False
848531,BHARTIARTL26SEP1720CE,BHARTIARTL,24SEP2026,172000.000000,475,OPTSTK,BFO,5.000000,28500,False
866079,ABB26OCT7600PE,ABB,29OCT2026,760000.000000,125,OPTSTK,BFO,5.000000,7500,False
866083,BAJFINANCE26OCT1120CE,BAJFINANCE,29OCT2026,112000.000000,750,OPTSTK,BFO,5.000000,3750,False
866086,RADICO26OCT4250CE,RADICO,29OCT2026,425000.000000,150,OPTSTK,BFO,5.000000,100000000,False
866105,NAM-INDIA26OCT1060PE,NAM-INDIA,29OCT2026,106000.000000,625,OPTSTK,BFO,5.000000,100000000,False
1118859,IRFC26SEP77PE,IRFC,24SEP2026,7700.000000,5425,OPTSTK,BFO,5.000000,100000000,False
1118865,SAIL26SEP215CE,SAIL,24SEP2026,21500.000000,4700,OPTSTK,BFO,5.000000,320000,False
1118876,TATAELXSI26NOV4050PE,TATAELXSI,26NOV2026,405000.000000,125,OPTSTK,BFO,5.000000,100000000,False
1118897,ATHERENERG26SEP1700CE,ATHERENERG,24SEP2026,170000.000000,375,OPTSTK,BFO,5.000000,100000000,False
866966,CROMPTON26OCT255PE,CROMPTON,29OCT2026,25500.000000,2150,OPTSTK,BFO,5.000000,90000,False
866976,SENSEX5026OCT25400CE,SENSEX50,29OCT2026,2540000.000000,75,OPTIDX,BFO,5.000000,1800,False
866971,COFORGE26OCT1740PE,COFORGE,29OCT2026,174000.000000,475,OPTSTK,BFO,5.000000,6000,False
866973,BEL26OCT410CE,BEL,29OCT2026,41000.000000,1425,OPTSTK,BFO,5.000000,228000,False
1118921,APLAPOLLO26OCT2340PE,APLAPOLLO,29OCT2026,234000.000000,350,OPTSTK,BFO,5.000000,100000000,False
1118948,SWIGGY26NOV245PE,SWIGGY,26NOV2026,24500.000000,1825,OPTSTK,BFO,5.000000,100000000,False
1118997,BAJAJ-AUTO26NOV12500PE,BAJAJ-AUTO,26NOV2026,1250000.000000,75,OPTSTK,BFO,5.000000,5000,False
1119067,HDFCBANK26NOV790PE,HDFCBANK,26NOV2026,79000.000000,650,OPTSTK,BFO,5.000000,16500,False
866978,CANBK26OCT135CE,CANBK,29OCT2026,13500.000000,6750,OPTSTK,BFO,5.000000,81000,False
866980,BANKEX26OCT65100CE,BANKEX,29OCT2026,6510000.000000,30,OPTIDX,BFO,5.000000,900,False
866984,MFSL26OCT1400PE,MFSL,29OCT2026,140000.000000,400,OPTSTK,BFO,5.000000,32000,False
866998,FOCIT26OCT38300PE,FOCIT,29OCT2026,3830000.000000,45,OPTIDX,BFO,5.000000,1350,False
848546,IDFCFIRSTB26SEP80PE,IDFCFIRSTB,24SEP2026,8000.000000,9275,OPTSTK,BFO,5.000000,450000,False
848556,ASIANPAINT26SEP2620PE,ASIANPAINT,24SEP2026,262000.000000,250,OPTSTK,BFO,5.000000,8000,False
848557,ICICIBANK26SEP1450PE,ICICIBANK,24SEP2026,145000.000000,700,OPTSTK,BFO,5.000000,28000,False
848569,CHOLAFIN26SEP1840CE,CHOLAFIN,24SEP2026,184000.000000,625,OPTSTK,BFO,5.000000,25000,False
866117,PIDILITIND26OCT1600PE,PIDILITIND,29OCT2026,160000.000000,500,OPTSTK,BFO,5.000000,10000,False
866118,FORCEMOT26OCT15000PE,FORCEMOT,29OCT2026,1500000.000000,25,OPTSTK,BFO,5.000000,100000000,False
866125,BHARTIARTL26OCT2040PE,BHARTIARTL,29OCT2026,204000.000000,475,OPTSTK,BFO,5.000000,28500,False
866136,BANKEX26OCT67300PE,BANKEX,29OCT2026,6730000.000000,30,OPTIDX,BFO,5.000000,900,False
1119076,ATHERENERG26OCT1700CE,ATHERENERG,29OCT2026,170000.000000,375,OPTSTK,BFO,5.000000,100000000,False
1119089,NHPC26SEP68PE,NHPC,24SEP2026,6800.000000,6950,OPTSTK,BFO,5.000000,100000000,False
1119096,BIOCON26NOV380CE,BIOCON,26NOV2026,38000.000000,2500,OPTSTK,BFO,5.000000,100000,False
1119103,HINDUNILVR26NOV2160CE,HINDUNILVR,26NOV2026,216000.000000,300,OPTSTK,BFO,5.000000,9000,False
866150,FOCIT26SEP43400CE,FOCIT,24SEP2026,4340000.000000,45,OPTIDX,BFO,5.000000,1350,False
866160,SENSEX26OCT79600CE,SENSEX,29OCT2026,7960000.000000,20,OPTIDX,BFO,5.000000,1000,False
866182,SHREECEM26OCT26500PE,SHREECEM,29OCT2026,2650000.000000,25,OPTSTK,BFO,5.000000,1000,False
866185,BANKEX26OCT63600PE,BANKEX,29OCT2026,6360000.000000,30,OPTIDX,BFO,5.000000,900,False
867028,ADANIPOWER26OCT185PE,ADANIPOWER,29OCT2026,18500.000000,3550,OPTSTK,BFO,5.000000,100000000,False
867048,AUROPHARMA26OCT1720CE,AUROPHARMA,29OCT2026,172000.000000,550,OPTSTK,BFO,5.000000,44000,False
867072,UPL26OCT650PE,UPL,29OCT2026,65000.000000,1355,OPTSTK,BFO,5.000000,39000,False
867089,HDFCLIFE26OCT560CE,HDFCLIFE,29OCT2026,56000.000000,1100,OPTSTK,BFO,5.000000,44000,False
848572,LTM26SEP3800PE,LTM,24SEP2026,380000.000000,150,OPTSTK,BFO,5.000000,4500,False
848588,ADANIPOWER26SEP245CE,ADANIPOWER,24SEP2026,24500.000000,3550,OPTSTK,BFO,5.000000,100000000,False
848594,NHPC26SEP75CE,NHPC,24SEP2026,7500.000000,6950,OPTSTK,BFO,5.000000,100000000,False
848601,PAYTM26SEP1090CE,PAYTM,24SEP2026,109000.000000,725,OPTSTK,BFO,5.000000,100000000,False
1119124,MFSL26NOV1420CE,MFSL,26NOV2026,142000.000000,400,OPTSTK,BFO,5.000000,32000,False
1119175,COFORGE26SEP2100CE,COFORGE,24SEP2026,210000.000000,475,OPTSTK,BFO,5.000000,6000,False
1119231,ASIANPAINT26NOV2480PE,ASIANPAINT,26NOV2026,248000.000000,250,OPTSTK,BFO,5.000000,8000,False
1119265,GLENMARK26OCT2640PE,GLENMARK,29OCT2026,264000.000000,375,OPTSTK,BFO,5.000000,43500,False
866220,SOLARINDS26OCT19250CE,SOLARINDS,29OCT2026,1925000.000000,50,OPTSTK,BFO,5.000000,100000000,False
866231,COALINDIA26OCT430PE,COALINDIA,29OCT2026,43000.000000,1350,OPTSTK,BFO,5.000000,126000,False
866236,FOCIT26OCT38700CE,FOCIT,29OCT2026,3870000.000000,45,OPTIDX,BFO,5.000000,1350,False
866248,PERSISTENT26OCT5700CE,PERSISTENT,29OCT2026,570000.000000,125,OPTSTK,BFO,5.000000,5250,False
867090,POWERINDIA26OCT32500PE,POWERINDIA,29OCT2026,3250000.000000,25,OPTSTK,BFO,5.000000,100000000,False
867097,AMBER26OCT7200CE,AMBER,29OCT2026,720000.000000,100,OPTSTK,BFO,5.000000,100000000,False
867102,BANKEX26OCT71400CE,BANKEX,29OCT2026,7140000.000000,30,OPTIDX,BFO,5.000000,900,False
867122,JSWENERGY26OCT530CE,JSWENERGY,29OCT2026,53000.000000,1075,OPTSTK,BFO,5.000000,100000000,False
848605,MARICO26SEP830PE,MARICO,24SEP2026,83000.000000,1200,OPTSTK,BFO,5.000000,48000,False
848616,TCS26SEP2100PE,TCS,24SEP2026,210000.000000,225,OPTSTK,BFO,5.000000,7000,False
848619,BANKEX26SEP58900PE,BANKEX,24SEP2026,5890000.000000,30,OPTIDX,BFO,5.000000,900,False
848623,WIPRO26SEP165CE,WIPRO,24SEP2026,16500.000000,3000,OPTSTK,BFO,5.000000,60000,False
867128,HYUNDAI26OCT1960PE,HYUNDAI,29OCT2026,196000.000000,275,OPTSTK,BFO,5.000000,100000000,False
867132,AUROPHARMA26OCT1480PE,AUROPHARMA,29OCT2026,148000.000000,550,OPTSTK,BFO,5.000000,44000,False
867134,BANDHANBNK26OCT160CE,BANDHANBNK,29OCT2026,16000.000000,3600,OPTSTK,BFO,5.000000,100000,False
867150,ABCAPITAL26OCT390PE,ABCAPITAL,29OCT2026,39000.000000,3100,OPTSTK,BFO,5.000000,162000,False
1119297,FOCIT26NOV44200PE,FOCIT,26NOV2026,4420000.000000,45,OPTIDX,BFO,5.000000,1350,False
1119317,GLENMARK26NOV2660PE,GLENMARK,26NOV2026,266000.000000,375,OPTSTK,BFO,5.000000,43500,False
1119326,FOCIT26NOV44500CE,FOCIT,26NOV2026,4450000.000000,45,OPTIDX,BFO,5.000000,1350,False
1119422,PRESTIGE26NOV1460PE,PRESTIGE,26NOV2026,146000.000000,450,OPTSTK,BFO,5.000000,100000000,False
848636,HINDPETRO26SEP385.75CE,HINDPETRO,24SEP2026,38575.000000,2025,OPTSTK,BFO,5.000000,108000,False
848651,SWIGGY26SEP230PE,SWIGGY,24SEP2026,23000.000000,1825,OPTSTK,BFO,5.000000,100000000,False
848683,INDUSINDBK26SEP880PE,INDUSINDBK,24SEP2026,88000.000000,700,OPTSTK,BFO,5.000000,20000,False
848695,UNIONBANK26SEP172.5PE,UNIONBANK,24SEP2026,17250.000000,4425,OPTSTK,BFO,5.000000,100000000,False
866263,SRF26OCT2750CE,SRF,29OCT2026,275000.000000,200,OPTSTK,BFO,5.000000,11250,False
866266,FOCIT26SEP39700PE,FOCIT,24SEP2026,3970000.000000,45,OPTIDX,BFO,5.000000,1350,False
866281,FOCIT26OCT30400CE,FOCIT,29OCT2026,3040000.000000,45,OPTIDX,BFO,5.000000,1350,False
866294,SENSEX2691773400CE,SENSEX,17SEP2026,7340000.000000,20,OPTIDX,BFO,5.000000,1000,False
867174,INOXWIND26OCT60CE,INOXWIND,29OCT2026,6000.000000,6400,OPTSTK,BFO,5.000000,100000000,False
867186,JSWSTEEL26OCT1340CE,JSWSTEEL,29OCT2026,134000.000000,675,OPTSTK,BFO,5.000000,40500,False
867192,RADICO26OCT4650CE,RADICO,29OCT2026,465000.000000,150,OPTSTK,BFO,5.000000,100000000,False
867193,CAMS26OCT850PE,CAMS,29OCT2026,85000.000000,825,OPTSTK,BFO,5.000000,100000000,False
1119533,ATHERENERG26SEP1680CE,ATHERENERG,24SEP2026,168000.000000,375,OPTSTK,BFO,5.000000,100000000,False
1119538,ATHERENERG26NOV1660PE,ATHERENERG,26NOV2026,166000.000000,375,OPTSTK,BFO,5.000000,100000000,False
1119542,MAZDOCK26NOV2200CE,MAZDOCK,26NOV2026,220000.000000,225,OPTSTK,BFO,5.000000,100000000,False
1119561,BANKEX26NOV71900PE,BANKEX,26NOV2026,7190000.000000,30,OPTIDX,BFO,5.000000,900,False
848699,KALYANKJIL26SEP345CE,KALYANKJIL,24SEP2026,34500.000000,1350,OPTSTK,BFO,5.000000,100000000,False
848704,PFC26SEP435CE,PFC,24SEP2026,43500.000000,1300,OPTSTK,BFO,5.000000,124000,False
848705,AUBANK26SEP970PE,AUBANK,24SEP2026,97000.000000,1000,OPTSTK,BFO,5.000000,30000,False
848722,VOLTAS26SEP1360CE,VOLTAS,24SEP2026,136000.000000,375,OPTSTK,BFO,5.000000,30000,False
866306,MPHASIS26OCT2700PE,MPHASIS,29OCT2026,270000.000000,275,OPTSTK,BFO,5.000000,11000,False
866310,ICICIPRULI26OCT500PE,ICICIPRULI,29OCT2026,50000.000000,925,OPTSTK,BFO,5.000000,60000,False
866312,BIOCON26OCT435CE,BIOCON,29OCT2026,43500.000000,2500,OPTSTK,BFO,5.000000,100000,False
866323,360ONE26OCT1080PE,,29OCT2026,108000.000000,500,OPTSTK,BFO,5.000000,100000000,False
867207,GLENMARK26OCT2300PE,GLENMARK,29OCT2026,230000.000000,375,OPTSTK,BFO,5.000000,43500,False
867213,BANKBARODA26OCT205PE,BANKBARODA,29OCT2026,20500.000000,2925,OPTSTK,BFO,5.000000,175500,False
867218,SUPREMEIND26OCT3100PE,SUPREMEIND,29OCT2026,310000.000000,175,OPTSTK,BFO,5.000000,100000000,False
867237,ADANIGREEN26OCT1240CE,ADANIGREEN,29OCT2026,124000.000000,600,OPTSTK,BFO,5.000000,100000000,False
1119583,FOCIT26NOV44100CE,FOCIT,26NOV2026,4410000.000000,45,OPTIDX,BFO,5.000000,1350,False
1119676,IRFC26SEP77CE,IRFC,24SEP2026,7700.000000,5425,OPTSTK,BFO,5.000000,100000000,False
1119684,BSE26NOV6000CE,BSE,23NOV2026,600000.000000,200,OPTSTK,BFO,5.000000,3751,False
867240,ADANIENSOL26OCT1760PE,ADANIENSOL,29OCT2026,176000.000000,675,OPTSTK,BFO,5.000000,100000000,False
867262,KOTAKBANK26OCT385PE,KOTAKBANK,29OCT2026,38500.000000,2000,OPTSTK,BFO,5.000000,12000,False
867287,APLAPOLLO26OCT1940CE,APLAPOLLO,29OCT2026,194000.000000,350,OPTSTK,BFO,5.000000,100000000,False
867303,BANKEX26OCT61700PE,BANKEX,29OCT2026,6170000.000000,30,OPTIDX,BFO,5.000000,900,False
848727,ANGELONE26SEP330PE,ANGELONE,24SEP2026,33000.000000,2500,OPTSTK,BFO,5.000000,100000000,False
848728,FOCIT26SEPFUT,FOCIT,24SEP2026,0.000000,45,FUTIDX,BFO,100.000000,900,False
848738,OIL26SEP390PE,OIL,24SEP2026,39000.000000,1400,OPTSTK,BFO,5.000000,100000000,False
848751,UNITDSPR26SEP1430PE,UNITDSPR,24SEP2026,143000.000000,400,OPTSTK,BFO,5.000000,28000,False
866338,FEDERALBNK26OCT385PE,FEDERALBNK,29OCT2026,38500.000000,2500,OPTSTK,BFO,5.000000,200000,False
866341,KFINTECH26OCT820CE,KFINTECH,29OCT2026,82000.000000,575,OPTSTK,BFO,5.000000,100000000,False
866342,IRFC26OCT90PE,IRFC,29OCT2026,9000.000000,5425,OPTSTK,BFO,5.000000,100000000,False
866345,INDIGO26OCT5000CE,INDIGO,29OCT2026,500000.000000,150,OPTSTK,BFO,5.000000,12000,False
867330,LUPIN26OCT2400PE,LUPIN,29OCT2026,240000.000000,425,OPTSTK,BFO,5.000000,34000,False
867365,PAYTM26OCT1340CE,PAYTM,29OCT2026,134000.000000,725,OPTSTK,BFO,5.000000,100000000,False
867367,ONGC26OCT237.5PE,ONGC,29OCT2026,23750.000000,2250,OPTSTK,BFO,5.000000,154000,False
867376,FOCIT26OCT41500PE,FOCIT,29OCT2026,4150000.000000,45,OPTIDX,BFO,5.000000,1350,False
1119972,BOSCHLTD26NOV52500PE,BOSCHLTD,26NOV2026,5250000.000000,25,OPTSTK,BFO,5.000000,1500,False
1119993,BDL26NOV1140CE,BDL,26NOV2026,114000.000000,425,OPTSTK,BFO,5.000000,100000000,False
1119994,ADANIPORTS26OCT1500CE,ADANIPORTS,29OCT2026,150000.000000,475,OPTSTK,BFO,5.000000,32000,False
866348,MCX26OCT2350PE,MCX,29OCT2026,235000.000000,225,OPTSTK,BFO,5.000000,16000,False
866350,MANKIND26OCT2620PE,MANKIND,29OCT2026,262000.000000,250,OPTSTK,BFO,5.000000,100000000,False
866361,GODREJCP26OCT1100PE,GODREJCP,29OCT2026,110000.000000,500,OPTSTK,BFO,5.000000,30000,False
866368,TIINDIA26OCT3000CE,TIINDIA,29OCT2026,300000.000000,200,OPTSTK,BFO,5.000000,100000000,False
867389,HEROMOTOCO26OCT4700PE,HEROMOTOCO,29OCT2026,470000.000000,150,OPTSTK,BFO,5.000000,9000,False
867407,FOCIT26OCT30800CE,FOCIT,29OCT2026,3080000.000000,45,OPTIDX,BFO,5.000000,1350,False
867410,BLUESTARCO26OCT1820PE,BLUESTARCO,29OCT2026,182000.000000,325,OPTSTK,BFO,5.000000,100000000,False
867418,PIDILITIND26OCT1580CE,PIDILITIND,29OCT2026,158000.000000,500,OPTSTK,BFO,5.000000,10000,False
848767,INDUSINDBK26SEP950PE,INDUSINDBK,24SEP2026,95000.000000,700,OPTSTK,BFO,5.000000,20000,False
848768,MOTHERSON26SEP153PE,MOTHERSON,24SEP2026,15300.000000,6150,OPTSTK,BFO,5.000000,284000,False
848776,CROMPTON26SEP257.5PE,CROMPTON,24SEP2026,25750.000000,2150,OPTSTK,BFO,5.000000,90000,False
848798,KFINTECH26SEP830CE,KFINTECH,24SEP2026,83000.000000,575,OPTSTK,BFO,5.000000,100000000,False
1120026,TATAELXSI26OCT3250PE,TATAELXSI,29OCT2026,325000.000000,125,OPTSTK,BFO,5.000000,100000000,False
1120029,PFC26NOV310CE,PFC,26NOV2026,31000.000000,1300,OPTSTK,BFO,5.000000,124000,False
1120037,AUROPHARMA26SEP1820CE,AUROPHARMA,24SEP2026,182000.000000,550,OPTSTK,BFO,5.000000,44000,False
1120075,INOXWIND26SEP52.5PE,INOXWIND,24SEP2026,5250.000000,6400,OPTSTK,BFO,5.000000,100000000,False
866371,MARUTI26OCT13600CE,MARUTI,29OCT2026,1360000.000000,50,OPTSTK,BFO,5.000000,3000,False
866386,BAJAJ-AUTO26OCT10800PE,BAJAJ-AUTO,29OCT2026,1080000.000000,75,OPTSTK,BFO,5.000000,5000,False
866413,OIL26OCT475PE,OIL,29OCT2026,47500.000000,1400,OPTSTK,BFO,5.000000,100000000,False
866416,BANKEX26OCT69500CE,BANKEX,29OCT2026,6950000.000000,30,OPTIDX,BFO,5.000000,900,False
867473,KALYANKJIL26OCT640PE,KALYANKJIL,29OCT2026,64000.000000,1350,OPTSTK,BFO,5.000000,100000000,False
867421,RADICO26OCT4300PE,RADICO,29OCT2026,430000.000000,150,OPTSTK,BFO,5.000000,100000000,False
867455,GMRAIRPORT26SEP98PE,GMRAIRPORT,24SEP2026,9800.000000,6975,OPTSTK,BFO,5.000000,675000,False
867465,DLF26OCT610PE,DLF,29OCT2026,61000.000000,950,OPTSTK,BFO,5.000000,49500,False
1120086,SOLARINDS26NOV18500PE,SOLARINDS,26NOV2026,1850000.000000,50,OPTSTK,BFO,5.000000,100000000,False
1120133,BHARTIARTL26NOV1700PE,BHARTIARTL,26NOV2026,170000.000000,475,OPTSTK,BFO,5.000000,28500,False
1120147,RVNL26SEP175PE,RVNL,24SEP2026,17500.000000,1925,OPTSTK,BFO,5.000000,100000000,False
1120163,ADANIENT26NOV2550PE,ADANIENT,26NOV2026,255000.000000,309,OPTSTK,BFO,5.000000,9000,False
848846,BANKEX26SEP69500PE,BANKEX,24SEP2026,6950000.000000,30,OPTIDX,BFO,5.000000,900,False
848847,IDEA26SEP17CE,IDEA,24SEP2026,1700.000000,71475,OPTSTK,BFO,5.000000,2400000,False
848849,NBCC26SEP114CE,NBCC,24SEP2026,11400.000000,6500,OPTSTK,BFO,5.000000,100000000,False
848851,SWIGGY26SEP235PE,SWIGGY,24SEP2026,23500.000000,1825,OPTSTK,BFO,5.000000,100000000,False
866431,POLYCAB26OCT9500PE,POLYCAB,29OCT2026,950000.000000,125,OPTSTK,BFO,5.000000,9000,False
866444,SHRIRAMFIN26OCT1020PE,SHRIRAMFIN,29OCT2026,102000.000000,825,OPTSTK,BFO,5.000000,18000,False
866450,BANKEX26OCT63500CE,BANKEX,29OCT2026,6350000.000000,30,OPTIDX,BFO,5.000000,900,False
866452,BRITANNIA26OCTFUT,BRITANNIA,29OCT2026,0.000000,125,FUTSTK,BFO,5.000000,6000,False
867511,AXISBANK26OCT1280PE,AXISBANK,29OCT2026,128000.000000,625,OPTSTK,BFO,5.000000,25000,False
867514,POLYCAB26OCT9000PE,POLYCAB,29OCT2026,900000.000000,125,OPTSTK,BFO,5.000000,9000,False
867519,FOCIT26SEP41800PE,FOCIT,24SEP2026,4180000.000000,45,OPTIDX,BFO,5.000000,1350,False
867525,SENSEX26OCT75700PE,SENSEX,29OCT2026,7570000.000000,20,OPTIDX,BFO,5.000000,1000,False
1120177,MUTHOOTFIN26NOV2700PE,MUTHOOTFIN,26NOV2026,270000.000000,275,OPTSTK,BFO,5.000000,22000,False
1120187,GMRAIRPORT26NOV90CE,GMRAIRPORT,26NOV2026,9000.000000,6975,OPTSTK,BFO,5.000000,675000,False
1120194,KAYNES26NOV3500CE,KAYNES,26NOV2026,350000.000000,150,OPTSTK,BFO,5.000000,100000000,False
1120236,SBILIFE26OCT1600PE,SBILIFE,29OCT2026,160000.000000,375,OPTSTK,BFO,5.000000,22500,False
866455,INDHOTEL26OCT820CE,INDHOTEL,29OCT2026,82000.000000,1000,OPTSTK,BFO,5.000000,60000,False
866457,RADICO26OCT4550PE,RADICO,29OCT2026,455000.000000,150,OPTSTK,BFO,5.000000,100000000,False
866466,ZYDUSLIFE26OCT1160PE,ZYDUSLIFE,29OCT2026,116000.000000,900,OPTSTK,BFO,5.000000,54000,False
866471,FOCIT26OCT36700PE,FOCIT,29OCT2026,3670000.000000,45,OPTIDX,BFO,5.000000,1350,False
867531,LODHA26OCT1280PE,LODHA,29OCT2026,128000.000000,625,OPTSTK,BFO,5.000000,100000000,False
867562,RADICO26OCT4200CE,RADICO,29OCT2026,420000.000000,150,OPTSTK,BFO,5.000000,100000000,False
867575,VEDL26OCT235CE,VEDL,29OCT2026,23500.000000,1150,OPTSTK,BFO,5.000000,80000,False
867582,YESBANK26OCT16CE,YESBANK,29OCT2026,1600.000000,31100,OPTSTK,BFO,5.000000,100000000,False
848854,GVT&D26SEP4800CE,GVT&D,24SEP2026,480000.000000,125,OPTSTK,BFO,5.000000,100000000,False
848856,ADANIGREEN26SEP1600CE,ADANIGREEN,24SEP2026,160000.000000,600,OPTSTK,BFO,5.000000,100000000,False
848885,DABUR26SEP405CE,DABUR,24SEP2026,40500.000000,1250,OPTSTK,BFO,5.000000,50000,False
848886,BHARTIARTL26SEP1860PE,BHARTIARTL,24SEP2026,186000.000000,475,OPTSTK,BFO,5.000000,28500,False
866484,SENSEX26OCT80500CE,SENSEX,29OCT2026,8050000.000000,20,OPTIDX,BFO,5.000000,1000,False
866487,SENSEX26OCT82800CE,SENSEX,29OCT2026,8280000.000000,20,OPTIDX,BFO,5.000000,1000,False
866503,POWERINDIA26OCT30000PE,POWERINDIA,29OCT2026,3000000.000000,25,OPTSTK,BFO,5.000000,100000000,False
866506,RBLBANK26OCT345CE,RBLBANK,29OCT2026,34500.000000,3175,OPTSTK,BFO,5.000000,150000,False
1120252,GMRAIRPORT26OCT87PE,GMRAIRPORT,29OCT2026,8700.000000,6975,OPTSTK,BFO,5.000000,675000,False
1120268,IEX26OCT102.5PE,IEX,29OCT2026,10250.000000,4350,OPTSTK,BFO,5.000000,150000,False
1120288,NBCC26NOV67.5PE,NBCC,26NOV2026,6750.000000,6500,OPTSTK,BFO,5.000000,100000000,False
1120314,BAJAJ-AUTO26NOV12700PE,BAJAJ-AUTO,26NOV2026,1270000.000000,75,OPTSTK,BFO,5.000000,5000,False
867591,PATANJALI26OCT360CE,PATANJALI,29OCT2026,36000.000000,1075,OPTSTK,BFO,5.000000,100000000,False
867600,ULTRACEMCO26OCT11200CE,ULTRACEMCO,29OCT2026,1120000.000000,50,OPTSTK,BFO,5.000000,3000,False
867605,ADANIENT26OCT3400PE,ADANIENT,29OCT2026,340000.000000,309,OPTSTK,BFO,5.000000,9000,False
867609,ALKEM26OCT5900PE,ALKEM,29OCT2026,590000.000000,125,OPTSTK,BFO,5.000000,8000,False
848890,BANKBARODA26SEP262.5CE,BANKBARODA,24SEP2026,26250.000000,2925,OPTSTK,BFO,5.000000,175500,False
848894,AUROPHARMA26SEP1580CE,AUROPHARMA,24SEP2026,158000.000000,550,OPTSTK,BFO,5.000000,44000,False
848898,NTPC26SEP357.5PE,NTPC,24SEP2026,35750.000000,1500,OPTSTK,BFO,5.000000,150000,False
848919,BRITANNIA26SEP5250PE,BRITANNIA,24SEP2026,525000.000000,125,OPTSTK,BFO,5.000000,6000,False
866515,BANKBARODA26OCT220CE,BANKBARODA,29OCT2026,22000.000000,2925,OPTSTK,BFO,5.000000,175500,False
866522,SENSEX2691773700PE,SENSEX,17SEP2026,7370000.000000,20,OPTIDX,BFO,5.000000,1000,False
866529,MAXHEALTH26OCT1120PE,MAXHEALTH,29OCT2026,112000.000000,525,OPTSTK,BFO,5.000000,100000000,False
866530,NHPC26OCT71PE,NHPC,29OCT2026,7100.000000,6950,OPTSTK,BFO,5.000000,100000000,False
867631,AXISBANK26OCT1180CE,AXISBANK,29OCT2026,118000.000000,625,OPTSTK,BFO,5.000000,25000,False
867614,BAJAJFINSV26OCT2040CE,BAJAJFINSV,29OCT2026,204000.000000,300,OPTSTK,BFO,5.000000,20000,False
867616,GODREJCP26OCT1090PE,GODREJCP,29OCT2026,109000.000000,500,OPTSTK,BFO,5.000000,30000,False
867619,AXISBANK26OCT1340CE,AXISBANK,29OCT2026,134000.000000,625,OPTSTK,BFO,5.000000,25000,False
1120336,ADANIENSOL26OCT1320CE,ADANIENSOL,29OCT2026,132000.000000,675,OPTSTK,BFO,5.000000,100000000,False
1120371,HYUNDAI26NOV2080PE,HYUNDAI,26NOV2026,208000.000000,275,OPTSTK,BFO,5.000000,100000000,False
1120389,INOXWIND26OCT52.5PE,INOXWIND,29OCT2026,5250.000000,6400,OPTSTK,BFO,5.000000,100000000,False
1120432,BLUESTARCO26NOV1320PE,BLUESTARCO,26NOV2026,132000.000000,325,OPTSTK,BFO,5.000000,100000000,False
848920,SBILIFE26SEP1680CE,SBILIFE,24SEP2026,168000.000000,375,OPTSTK,BFO,5.000000,22500,False
848932,RBLBANK26SEP355CE,RBLBANK,24SEP2026,35500.000000,3175,OPTSTK,BFO,5.000000,150000,False
848934,MPHASIS26SEP2258CE,MPHASIS,24SEP2026,225800.000000,275,OPTSTK,BFO,5.000000,11000,False
848937,LICHSGFIN26SEP585PE,LICHSGFIN,24SEP2026,58500.000000,1000,OPTSTK,BFO,5.000000,60000,False
866545,M&M26OCT3350CE,M&M,29OCT2026,335000.000000,200,OPTSTK,BFO,5.000000,21000,False
866551,ADANIENSOL26OCT1800CE,ADANIENSOL,29OCT2026,180000.000000,675,OPTSTK,BFO,5.000000,100000000,False
866556,SENSEX5026OCT25850CE,SENSEX50,29OCT2026,2585000.000000,75,OPTIDX,BFO,5.000000,1800,False
866560,MUTHOOTFIN26OCT2850CE,MUTHOOTFIN,29OCT2026,285000.000000,275,OPTSTK,BFO,5.000000,22000,False
867640,BAJAJHLDNG26OCT10600PE,BAJAJHLDNG,29OCT2026,1060000.000000,75,OPTSTK,BFO,5.000000,100000000,False
867651,LODHA26OCT1180CE,LODHA,29OCT2026,118000.000000,625,OPTSTK,BFO,5.000000,100000000,False
867653,SENSEX2691776200CE,SENSEX,17SEP2026,7620000.000000,20,OPTIDX,BFO,5.000000,1000,False
867661,KAYNES26OCT3900PE,KAYNES,29OCT2026,390000.000000,150,OPTSTK,BFO,5.000000,100000000,False
1120433,ATHERENERG26SEP1820PE,ATHERENERG,24SEP2026,182000.000000,375,OPTSTK,BFO,5.000000,100000000,False
1120458,ADANIPORTS26SEP1500PE,ADANIPORTS,24SEP2026,150000.000000,475,OPTSTK,BFO,5.000000,32000,False
1120479,DELHIVERY26NOV425PE,DELHIVERY,26NOV2026,42500.000000,2075,OPTSTK,BFO,5.000000,100000000,False
1120540,GMRAIRPORT26OCT91PE,GMRAIRPORT,29OCT2026,9100.000000,6975,OPTSTK,BFO,5.000000,675000,False
866569,BAJAJFINSV26OCT1760CE,BAJAJFINSV,29OCT2026,176000.000000,300,OPTSTK,BFO,5.000000,20000,False
866574,TMPV26OCT325PE,TMPV,29OCT2026,32500.000000,1600,OPTSTK,BFO,5.000000,42750,False
866575,JSWSTEEL26OCT1300CE,JSWSTEEL,29OCT2026,130000.000000,675,OPTSTK,BFO,5.000000,40500,False
866619,MANAPPURAM26OCT355PE,MANAPPURAM,29OCT2026,35500.000000,3000,OPTSTK,BFO,5.000000,180000,False
848943,GAIL26SEP179PE,GAIL,24SEP2026,17900.000000,3550,OPTSTK,BFO,5.000000,274500,False
848944,PNBHOUSING26SEP1060PE,PNBHOUSING,24SEP2026,106000.000000,650,OPTSTK,BFO,5.000000,100000000,False
848952,SOLARINDS26SEP17750CE,SOLARINDS,24SEP2026,1775000.000000,50,OPTSTK,BFO,5.000000,100000000,False
848970,SHRIRAMFIN26SEP970PE,SHRIRAMFIN,24SEP2026,97000.000000,825,OPTSTK,BFO,5.000000,18000,False
867663,LICHSGFIN26OCT610PE,LICHSGFIN,29OCT2026,61000.000000,1000,OPTSTK,BFO,5.000000,60000,False
867674,HINDZINC26OCT460PE,HINDZINC,29OCT2026,46000.000000,1225,OPTSTK,BFO,5.000000,100000000,False
867676,LICI26OCT430CE,LICI,29OCT2026,43000.000000,1400,OPTSTK,BFO,5.000000,100000000,False
867684,MUTHOOTFIN26OCT3200CE,MUTHOOTFIN,29OCT2026,320000.000000,275,OPTSTK,BFO,5.000000,22000,False
1120542,ADANIENT26NOV2650PE,ADANIENT,26NOV2026,265000.000000,309,OPTSTK,BFO,5.000000,9000,False
1120567,MAHABANK26NOV75PE,MAHABANK,26NOV2026,7500.000000,6500,OPTSTK,BFO,5.000000,100000000,False
1120624,ADANIPOWER26NOV165PE,ADANIPOWER,26NOV2026,16500.000000,3550,OPTSTK,BFO,5.000000,100000000,False
1120650,RVNL26NOV175CE,RVNL,26NOV2026,17500.000000,1925,OPTSTK,BFO,5.000000,100000000,False
866626,GVT&D26OCT4400CE,GVT&D,29OCT2026,440000.000000,125,OPTSTK,BFO,5.000000,100000000,False
866633,TATACONSUM26OCT1120CE,TATACONSUM,29OCT2026,112000.000000,550,OPTSTK,BFO,5.000000,36000,False
866646,RELIANCE26OCT1230CE,RELIANCE,29OCT2026,123000.000000,500,OPTSTK,BFO,5.000000,10000,False
866649,ICICIGI26OCT1780PE,ICICIGI,29OCT2026,178000.000000,325,OPTSTK,BFO,5.000000,20000,False
867685,MANKIND26OCT2680PE,MANKIND,29OCT2026,268000.000000,250,OPTSTK,BFO,5.000000,100000000,False
867688,CUMMINSIND26OCT5300CE,CUMMINSIND,29OCT2026,530000.000000,200,OPTSTK,BFO,5.000000,18000,False
867691,GLENMARK26OCT2260CE,GLENMARK,29OCT2026,226000.000000,375,OPTSTK,BFO,5.000000,43500,False
867705,ADANIENT26OCT3150PE,ADANIENT,29OCT2026,315000.000000,309,OPTSTK,BFO,5.000000,9000,False
849012,ASTRAL26SEP1440CE,ASTRAL,24SEP2026,144000.000000,425,OPTSTK,BFO,5.000000,14680,False
849020,BHARTIARTL26SEP1760CE,BHARTIARTL,24SEP2026,176000.000000,475,OPTSTK,BFO,5.000000,28500,False
849023,MOTILALOFS26SEP880PE,MOTILALOFS,24SEP2026,88000.000000,775,OPTSTK,BFO,5.000000,100000000,False
849037,APOLLOHOSP26SEP8950CE,APOLLOHOSP,24SEP2026,895000.000000,125,OPTSTK,BFO,5.000000,5000,False
866657,OFSS26OCT10500CE,OFSS,29OCT2026,1050000.000000,100,OPTSTK,BFO,5.000000,8000,False
866670,KAYNES26OCT3250PE,KAYNES,29OCT2026,325000.000000,150,OPTSTK,BFO,5.000000,100000000,False
866675,AUROPHARMA26OCT1500CE,AUROPHARMA,29OCT2026,150000.000000,550,OPTSTK,BFO,5.000000,44000,False
866678,SENSEX26OCT77500CE,SENSEX,29OCT2026,7750000.000000,20,OPTIDX,BFO,5.000000,1000,False
1120676,OFSS26OCT13000CE,OFSS,29OCT2026,1300000.000000,100,OPTSTK,BFO,5.000000,8000,False
1120684,GMRAIRPORT26SEP90PE,GMRAIRPORT,24SEP2026,9000.000000,6975,OPTSTK,BFO,5.000000,675000,False
1120688,MAHABANK26SEP76CE,MAHABANK,24SEP2026,7600.000000,6500,OPTSTK,BFO,5.000000,100000000,False
1120690,AXISBANK26OCT1420CE,AXISBANK,29OCT2026,142000.000000,625,OPTSTK,BFO,5.000000,25000,False
867711,ONGC26OCT240PE,ONGC,29OCT2026,24000.000000,2250,OPTSTK,BFO,5.000000,154000,False
867714,BANKEX26OCT69300PE,BANKEX,29OCT2026,6930000.000000,30,OPTIDX,BFO,5.000000,900,False
867721,DELHIVERY26OCT450CE,DELHIVERY,29OCT2026,45000.000000,2075,OPTSTK,BFO,5.000000,100000000,False
867730,SRF26OCT2700CE,SRF,29OCT2026,270000.000000,200,OPTSTK,BFO,5.000000,11250,False
866679,ICICIBANK26OCT1420CE,ICICIBANK,29OCT2026,142000.000000,700,OPTSTK,BFO,5.000000,28000,False
866711,CROMPTON26OCT250PE,CROMPTON,29OCT2026,25000.000000,2150,OPTSTK,BFO,5.000000,90000,False
866743,MANAPPURAM26OCT390CE,MANAPPURAM,29OCT2026,39000.000000,3000,OPTSTK,BFO,5.000000,180000,False
866746,RBLBANK26OCT345PE,RBLBANK,29OCT2026,34500.000000,3175,OPTSTK,BFO,5.000000,150000,False
849052,BRITANNIA26SEP5150CE,BRITANNIA,24SEP2026,515000.000000,125,OPTSTK,BFO,5.000000,6000,False
849053,SONACOMS26SEP650CE,SONACOMS,24SEP2026,65000.000000,1225,OPTSTK,BFO,5.000000,100000000,False
849073,LUPIN26SEP2340CE,LUPIN,24SEP2026,234000.000000,425,OPTSTK,BFO,5.000000,34000,False
849076,PIDILITIND26SEPFUT,PIDILITIND,24SEP2026,0.000000,500,FUTSTK,BFO,5.000000,10000,False
867747,VBL26OCT420CE,VBL,29OCT2026,42000.000000,1275,OPTSTK,BFO,5.000000,100000000,False
867757,IEX26OCT115CE,IEX,29OCT2026,11500.000000,4350,OPTSTK,BFO,5.000000,150000,False
867763,SENSEX5026OCT25900PE,SENSEX50,29OCT2026,2590000.000000,75,OPTIDX,BFO,5.000000,1800,False
867775,INDUSTOWER26OCT386CE,INDUSTOWER,29OCT2026,38600.000000,1700,OPTSTK,BFO,5.000000,170000,False
1120699,ADANIENSOL26NOV1420CE,ADANIENSOL,26NOV2026,142000.000000,675,OPTSTK,BFO,5.000000,100000000,False
1120724,ASIANPAINT26NOV2440PE,ASIANPAINT,26NOV2026,244000.000000,250,OPTSTK,BFO,5.000000,8000,False
1120748,SIEMENS26NOV3700PE,SIEMENS,26NOV2026,370000.000000,175,OPTSTK,BFO,5.000000,8250,False
1120767,SBIN26NOV1130CE,SBIN,26NOV2026,113000.000000,750,OPTSTK,BFO,5.000000,45000,False
866754,GODREJPROP26OCT2000PE,GODREJPROP,29OCT2026,200000.000000,325,OPTSTK,BFO,5.000000,19000,False
866762,TATAPOWER26OCT340CE,TATAPOWER,29OCT2026,34000.000000,1450,OPTSTK,BFO,5.000000,101250,False
866772,ASHOKLEY26OCT157.5CE,ASHOKLEY,29OCT2026,15750.000000,5000,OPTSTK,BFO,5.000000,150000,False
866773,BANKBARODA26OCT225CE,BANKBARODA,29OCT2026,22500.000000,2925,OPTSTK,BFO,5.000000,175500,False
867805,PATANJALI26OCT365CE,PATANJALI,29OCT2026,36500.000000,1075,OPTSTK,BFO,5.000000,100000000,False
867813,KAYNES26OCT3800CE,KAYNES,29OCT2026,380000.000000,150,OPTSTK,BFO,5.000000,100000000,False
867817,BANKINDIA26OCT122.5CE,BANKINDIA,29OCT2026,12250.000000,5200,OPTSTK,BFO,5.000000,100000000,False
867821,HEROMOTOCO26OCT5600CE,HEROMOTOCO,29OCT2026,560000.000000,150,OPTSTK,BFO,5.000000,9000,False
849079,PGEL26SEP480PE,PGEL,24SEP2026,48000.000000,950,OPTSTK,BFO,5.000000,100000000,False
849090,ADANIENSOL26SEP1600PE,ADANIENSOL,24SEP2026,160000.000000,675,OPTSTK,BFO,5.000000,100000000,False
849094,CIPLA26SEP1410CE,CIPLA,24SEP2026,141000.000000,425,OPTSTK,BFO,5.000000,26000,False
849115,HINDPETRO26SEP425.75CE,HINDPETRO,24SEP2026,42575.000000,2025,OPTSTK,BFO,5.000000,108000,False
866775,FOCIT26OCT34300CE,FOCIT,29OCT2026,3430000.000000,45,OPTIDX,BFO,5.000000,1350,False
866780,GMRAIRPORT26OCT98PE,GMRAIRPORT,29OCT2026,9800.000000,6975,OPTSTK,BFO,5.000000,675000,False
866784,UNOMINDA26SEP1320CE,UNOMINDA,24SEP2026,132000.000000,550,OPTSTK,BFO,5.000000,100000000,False
866792,SENSEX5026OCT25250PE,SENSEX50,29OCT2026,2525000.000000,75,OPTIDX,BFO,5.000000,1800,False
1120794,INDUSTOWER26NOV420PE,INDUSTOWER,26NOV2026,42000.000000,1700,OPTSTK,BFO,5.000000,170000,False
1120834,BHARTIARTL26OCT1700CE,BHARTIARTL,29OCT2026,170000.000000,475,OPTSTK,BFO,5.000000,28500,False
1120840,MAHABANK26NOV76PE,MAHABANK,26NOV2026,7600.000000,6500,OPTSTK,BFO,5.000000,100000000,False
1120870,MAHABANK26NOV76CE,MAHABANK,26NOV2026,7600.000000,6500,OPTSTK,BFO,5.000000,100000000,False
867824,GODREJPROP26OCT2160CE,GODREJPROP,29OCT2026,216000.000000,325,OPTSTK,BFO,5.000000,19000,False
867828,FORTIS26OCT890CE,FORTIS,29OCT2026,89000.000000,775,OPTSTK,BFO,5.000000,100000000,False
867834,ADANIGREEN26OCT1360PE,ADANIGREEN,29OCT2026,136000.000000,600,OPTSTK,BFO,5.000000,100000000,False
867835,PERSISTENT26OCT5400CE,PERSISTENT,29OCT2026,540000.000000,125,OPTSTK,BFO,5.000000,5250,False
1120963,IRFC26SEP76CE,IRFC,24SEP2026,7600.000000,5425,OPTSTK,BFO,5.000000,100000000,False
1120982,MANAPPURAM26NOV305PE,MANAPPURAM,26NOV2026,30500.000000,3000,OPTSTK,BFO,5.000000,180000,False
1121034,UNITDSPR26NOV1340PE,UNITDSPR,26NOV2026,134000.000000,400,OPTSTK,BFO,5.000000,28000,False
1121042,BRITANNIA26OCT4900CE,BRITANNIA,29OCT2026,490000.000000,125,OPTSTK,BFO,5.000000,6000,False
849118,UPL26SEP590CE,UPL,24SEP2026,59000.000000,1355,OPTSTK,BFO,5.000000,39000,False
849125,DIVISLAB26SEP6900CE,DIVISLAB,24SEP2026,690000.000000,100,OPTSTK,BFO,5.000000,8000,False
849155,BAJAJ-AUTO26SEP9400CE,BAJAJ-AUTO,24SEP2026,940000.000000,75,OPTSTK,BFO,5.000000,5000,False
849168,PFC26SEP470PE,PFC,24SEP2026,47000.000000,1300,OPTSTK,BFO,5.000000,124000,False
866793,DIXON26OCT12500CE,DIXON,29OCT2026,1250000.000000,50,OPTSTK,BFO,5.000000,6000,False
866811,FOCIT26SEP35300PE,FOCIT,24SEP2026,3530000.000000,45,OPTIDX,BFO,5.000000,1350,False
866815,FOCIT26SEP37600PE,FOCIT,24SEP2026,3760000.000000,45,OPTIDX,BFO,5.000000,1350,False
866823,PIDILITIND26OCT1540CE,PIDILITIND,29OCT2026,154000.000000,500,OPTSTK,BFO,5.000000,10000,False
867843,BEL26OCT360PE,BEL,29OCT2026,36000.000000,1425,OPTSTK,BFO,5.000000,228000,False
867858,BEL26OCT365CE,BEL,29OCT2026,36500.000000,1425,OPTSTK,BFO,5.000000,228000,False
867862,GODFRYPHLP26OCT2150PE,GODFRYPHLP,29OCT2026,215000.000000,275,OPTSTK,BFO,5.000000,100000000,False
867863,BRITANNIA26OCT5400CE,BRITANNIA,29OCT2026,540000.000000,125,OPTSTK,BFO,5.000000,6000,False
867864,SAIL26OCT175PE,SAIL,29OCT2026,17500.000000,4700,OPTSTK,BFO,5.000000,320000,False
867887,SBICARD26OCT590PE,SBICARD,29OCT2026,59000.000000,800,OPTSTK,BFO,5.000000,32000,False
867892,FOCIT26SEP31100PE,FOCIT,24SEP2026,3110000.000000,45,OPTIDX,BFO,5.000000,1350,False
867897,HAVELLS26OCT1380PE,HAVELLS,29OCT2026,138000.000000,500,OPTSTK,BFO,5.000000,20000,False
866825,SUNPHARMA26OCT2020CE,SUNPHARMA,29OCT2026,202000.000000,350,OPTSTK,BFO,5.000000,28000,False
866828,FOCIT26OCT30600CE,FOCIT,29OCT2026,3060000.000000,45,OPTIDX,BFO,5.000000,1350,False
866831,VOLTAS26OCT1340CE,VOLTAS,29OCT2026,134000.000000,375,OPTSTK,BFO,5.000000,30000,False
866835,FOCIT26OCT32900CE,FOCIT,29OCT2026,3290000.000000,45,OPTIDX,BFO,5.000000,1350,False
1121052,PFC26OCT310PE,PFC,29OCT2026,31000.000000,1300,OPTSTK,BFO,5.000000,124000,False
1121066,IEX26OCT102.5CE,IEX,29OCT2026,10250.000000,4350,OPTSTK,BFO,5.000000,150000,False
1121086,ATHERENERG26SEP1800CE,ATHERENERG,24SEP2026,180000.000000,375,OPTSTK,BFO,5.000000,100000000,False
1121107,BANDHANBNK26NOV130CE,BANDHANBNK,26NOV2026,13000.000000,3600,OPTSTK,BFO,5.000000,100000,False
849786,PIIND26SEP2500PE,PIIND,24SEP2026,250000.000000,175,OPTSTK,BFO,5.000000,7500,False
849824,BHARTIARTL26SEP1700PE,BHARTIARTL,24SEP2026,170000.000000,475,OPTSTK,BFO,5.000000,28500,False
849835,TATAPOWER26SEP350PE,TATAPOWER,24SEP2026,35000.000000,1450,OPTSTK,BFO,5.000000,101250,False
849850,HINDPETRO26SEP345.75CE,HINDPETRO,24SEP2026,34575.000000,2025,OPTSTK,BFO,5.000000,108000,False
867899,MPHASIS26OCT2400PE,MPHASIS,29OCT2026,240000.000000,275,OPTSTK,BFO,5.000000,11000,False
867903,HEROMOTOCO26OCT4900PE,HEROMOTOCO,29OCT2026,490000.000000,150,OPTSTK,BFO,5.000000,9000,False
867904,SENSEX2691776500PE,SENSEX,17SEP2026,7650000.000000,20,OPTIDX,BFO,5.000000,1000,False
867905,HINDZINC26OCT590CE,HINDZINC,29OCT2026,59000.000000,1225,OPTSTK,BFO,5.000000,100000000,False
866838,ADANIPORTS26SEP1520CE,ADANIPORTS,24SEP2026,152000.000000,475,OPTSTK,BFO,5.000000,32000,False
866841,PAYTM26OCT1220PE,PAYTM,29OCT2026,122000.000000,725,OPTSTK,BFO,5.000000,100000000,False
866843,COLPAL26OCT2220PE,COLPAL,29OCT2026,222000.000000,275,OPTSTK,BFO,5.000000,14000,False
866879,VOLTAS26OCT1420PE,VOLTAS,29OCT2026,142000.000000,375,OPTSTK,BFO,5.000000,30000,False
1121199,ADANIPOWER26OCT165PE,ADANIPOWER,29OCT2026,16500.000000,3550,OPTSTK,BFO,5.000000,100000000,False
1121315,NATIONALUM26NOV300CE,NATIONALUM,26NOV2026,30000.000000,1875,OPTSTK,BFO,5.000000,300000,False
1121321,BRITANNIA26NOV4850PE,BRITANNIA,26NOV2026,485000.000000,125,OPTSTK,BFO,5.000000,6000,False
1121355,ABCAPITAL26NOV360CE,ABCAPITAL,26NOV2026,36000.000000,3100,OPTSTK,BFO,5.000000,162000,False
867911,GLENMARK26OCT2080CE,GLENMARK,29OCT2026,208000.000000,375,OPTSTK,BFO,5.000000,43500,False
867950,FOCIT26SEP36400CE,FOCIT,24SEP2026,3640000.000000,45,OPTIDX,BFO,5.000000,1350,False
867953,FOCIT26SEP38700CE,FOCIT,24SEP2026,3870000.000000,45,OPTIDX,BFO,5.000000,1350,False
867956,TECHM26OCT1720CE,TECHM,29OCT2026,172000.000000,600,OPTSTK,BFO,5.000000,24000,False
849854,KOTAKBANK26SEP377.5PE,KOTAKBANK,24SEP2026,37750.000000,2000,OPTSTK,BFO,5.000000,12000,False
849863,PFC26SEP395CE,PFC,24SEP2026,39500.000000,1300,OPTSTK,BFO,5.000000,124000,False
849866,OIL26SEP450CE,OIL,24SEP2026,45000.000000,1400,OPTSTK,BFO,5.000000,100000000,False
849882,LAURUSLABS26SEP1540PE,LAURUSLABS,24SEP2026,154000.000000,850,OPTSTK,BFO,5.000000,68000,False
866894,INDHOTEL26OCT800PE,INDHOTEL,29OCT2026,80000.000000,1000,OPTSTK,BFO,5.000000,60000,False
866897,ABCAPITAL26OCT425PE,ABCAPITAL,29OCT2026,42500.000000,3100,OPTSTK,BFO,5.000000,162000,False
866899,JIOFIN26OCT252.5PE,JIOFIN,29OCT2026,25250.000000,2350,OPTSTK,BFO,5.000000,100000000,False
866912,FOCIT26OCT40600CE,FOCIT,29OCT2026,4060000.000000,45,OPTIDX,BFO,5.000000,1350,False
868001,SENSEX26OCT77300PE,SENSEX,29OCT2026,7730000.000000,20,OPTIDX,BFO,5.000000,1000,False
868017,OIL26OCT460CE,OIL,29OCT2026,46000.000000,1400,OPTSTK,BFO,5.000000,100000000,False
868034,FOCIT26SEP30400CE,FOCIT,24SEP2026,3040000.000000,45,OPTIDX,BFO,5.000000,1350,False
868044,ICICIBANK26OCT1480CE,ICICIBANK,29OCT2026,148000.000000,700,OPTSTK,BFO,5.000000,28000,False
1121356,SUZLON26OCT39PE,SUZLON,29OCT2026,3900.000000,12700,OPTSTK,BFO,5.000000,100000000,False
1121445,FOCIT26NOV45100PE,FOCIT,26NOV2026,4510000.000000,45,OPTIDX,BFO,5.000000,1350,False
1121455,ASHOKLEY26NOV155CE,ASHOKLEY,26NOV2026,15500.000000,5000,OPTSTK,BFO,5.000000,150000,False
1121456,KALYANKJIL26NOV540PE,KALYANKJIL,26NOV2026,54000.000000,1350,OPTSTK,BFO,5.000000,100000000,False
849883,HINDZINC26SEP600PE,HINDZINC,24SEP2026,60000.000000,1225,OPTSTK,BFO,5.000000,100000000,False
849889,MPHASIS26SEP2018CE,MPHASIS,24SEP2026,201800.000000,275,OPTSTK,BFO,5.000000,11000,False
849890,LUPIN26SEP2500PE,LUPIN,24SEP2026,250000.000000,425,OPTSTK,BFO,5.000000,34000,False
849898,CGPOWER26SEP1030PE,CGPOWER,24SEP2026,103000.000000,850,OPTSTK,BFO,5.000000,100000000,False
868057,DMART26OCT4000CE,DMART,29OCT2026,400000.000000,150,OPTSTK,BFO,5.000000,100000000,False
868062,SENSEX26OCT73600PE,SENSEX,29OCT2026,7360000.000000,20,OPTIDX,BFO,5.000000,1000,False
868076,NBCC26OCT105PE,NBCC,29OCT2026,10500.000000,6500,OPTSTK,BFO,5.000000,100000000,False
868083,M&M26OCT3300CE,M&M,29OCT2026,330000.000000,200,OPTSTK,BFO,5.000000,21000,False
849902,NESTLEIND26SEP1320PE,NESTLEIND,24SEP2026,132000.000000,500,OPTSTK,BFO,5.000000,1200,False
849914,KPITTECH26SEP650CE,KPITTECH,24SEP2026,65000.000000,775,OPTSTK,BFO,5.000000,100000000,False
849922,LAURUSLABS26SEP1530CE,LAURUSLABS,24SEP2026,153000.000000,850,OPTSTK,BFO,5.000000,68000,False
849931,UPL26SEP545PE,UPL,24SEP2026,54500.000000,1355,OPTSTK,BFO,5.000000,39000,False
866914,TRENT26OCT3250PE,TRENT,29OCT2026,325000.000000,225,OPTSTK,BFO,5.000000,16000,False
866927,SENSEX26OCT72100CE,SENSEX,29OCT2026,7210000.000000,20,OPTIDX,BFO,5.000000,1000,False
866936,SENSEX2691783600CE,SENSEX,17SEP2026,8360000.000000,20,OPTIDX,BFO,5.000000,1000,False
866938,POLICYBZR26OCT1620CE,POLICYBZR,29OCT2026,162000.000000,350,OPTSTK,BFO,5.000000,100000000,False
1121458,TITAN26NOV4700CE,TITAN,26NOV2026,470000.000000,175,OPTSTK,BFO,5.000000,11250,False
1121460,INDIGO26NOV4400PE,INDIGO,26NOV2026,440000.000000,150,OPTSTK,BFO,5.000000,12000,False
1121461,PGEL26NOV500PE,PGEL,26NOV2026,50000.000000,950,OPTSTK,BFO,5.000000,100000000,False
1121464,DLF26NOV600PE,DLF,26NOV2026,60000.000000,950,OPTSTK,BFO,5.000000,49500,False
868105,SOLARINDS26OCT19250PE,SOLARINDS,29OCT2026,1925000.000000,50,OPTSTK,BFO,5.000000,100000000,False
868094,BPCL26OCT350PE,BPCL,29OCT2026,35000.000000,1975,OPTSTK,BFO,5.000000,72000,False
868102,SENSEX5026OCT25800CE,SENSEX50,29OCT2026,2580000.000000,75,OPTIDX,BFO,5.000000,1800,False
868104,PREMIERENE26OCT1020PE,PREMIERENE,29OCT2026,102000.000000,650,OPTSTK,BFO,5.000000,100000000,False
866964,SENSEX26OCT77800PE,SENSEX,29OCT2026,7780000.000000,20,OPTIDX,BFO,5.000000,1000,False
866979,PRESTIGE26OCT1600PE,PRESTIGE,29OCT2026,160000.000000,450,OPTSTK,BFO,5.000000,100000000,False
866990,BANKEX26OCT69700CE,BANKEX,29OCT2026,6970000.000000,30,OPTIDX,BFO,5.000000,900,False
867001,COLPAL26OCT2120CE,COLPAL,29OCT2026,212000.000000,275,OPTSTK,BFO,5.000000,14000,False
849935,SAIL26SEP190PE,SAIL,24SEP2026,19000.000000,4700,OPTSTK,BFO,5.000000,320000,False
849954,JUBLFOOD26SEP385CE,JUBLFOOD,24SEP2026,38500.000000,1250,OPTSTK,BFO,5.000000,50000,False
849965,TVSMOTOR26SEP3380CE,TVSMOTOR,24SEP2026,338000.000000,175,OPTSTK,BFO,5.000000,21000,False
849979,MPHASIS26SEP2038PE,MPHASIS,24SEP2026,203800.000000,275,OPTSTK,BFO,5.000000,11000,False
868106,BAJFINANCE26OCT1120PE,BAJFINANCE,29OCT2026,112000.000000,750,OPTSTK,BFO,5.000000,3750,False
868111,MUTHOOTFIN26OCT2800CE,MUTHOOTFIN,29OCT2026,280000.000000,275,OPTSTK,BFO,5.000000,22000,False
868132,KFINTECH26OCT1080CE,KFINTECH,29OCT2026,108000.000000,575,OPTSTK,BFO,5.000000,100000000,False
868138,WAAREEENER26OCT2450CE,WAAREEENER,29OCT2026,245000.000000,175,OPTSTK,BFO,5.000000,100000000,False
1121467,TATACONSUM26OCT960PE,TATACONSUM,29OCT2026,96000.000000,550,OPTSTK,BFO,5.000000,36000,False
1121505,MARUTI26SEP12400PE,MARUTI,24SEP2026,1240000.000000,50,OPTSTK,BFO,5.000000,3000,False
1121541,SHREECEM26NOV21750CE,SHREECEM,26NOV2026,2175000.000000,25,OPTSTK,BFO,5.000000,1000,False
1121549,ANGELONE26OCT245CE,ANGELONE,29OCT2026,24500.000000,2500,OPTSTK,BFO,5.000000,100000000,False
867008,SENSEX2691779000PE,SENSEX,17SEP2026,7900000.000000,20,OPTIDX,BFO,5.000000,1000,False
867013,SENSEX26OCT82100CE,SENSEX,29OCT2026,8210000.000000,20,OPTIDX,BFO,5.000000,1000,False
867018,SBICARD26OCT640CE,SBICARD,29OCT2026,64000.000000,800,OPTSTK,BFO,5.000000,32000,False
867043,NESTLEIND26OCT1580PE,NESTLEIND,29OCT2026,158000.000000,500,OPTSTK,BFO,5.000000,1200,False
868153,INFY26OCT1020CE,INFY,29OCT2026,102000.000000,400,OPTSTK,BFO,5.000000,16000,False
868162,GVT&D26OCT4200PE,GVT&D,29OCT2026,420000.000000,125,OPTSTK,BFO,5.000000,100000000,False
868177,UPL26OCT620CE,UPL,29OCT2026,62000.000000,1355,OPTSTK,BFO,5.000000,39000,False
868181,APLAPOLLO26SEP2020PE,APLAPOLLO,24SEP2026,202000.000000,350,OPTSTK,BFO,5.000000,100000000,False
849982,DIVISLAB26SEP6250PE,DIVISLAB,24SEP2026,625000.000000,100,OPTSTK,BFO,5.000000,8000,False
849984,LUPIN26SEP2540PE,LUPIN,24SEP2026,254000.000000,425,OPTSTK,BFO,5.000000,34000,False
850038,BRITANNIA26SEP4800PE,BRITANNIA,24SEP2026,480000.000000,125,OPTSTK,BFO,5.000000,6000,False
850039,POWERINDIA26SEP38000PE,POWERINDIA,24SEP2026,3800000.000000,25,OPTSTK,BFO,5.000000,100000000,False
867045,PHOENIXLTD26OCT2020CE,PHOENIXLTD,29OCT2026,202000.000000,350,OPTSTK,BFO,5.000000,100000000,False
867052,WAAREEENER26OCT2950CE,WAAREEENER,29OCT2026,295000.000000,175,OPTSTK,BFO,5.000000,100000000,False
867074,MANKIND26OCT2720CE,MANKIND,29OCT2026,272000.000000,250,OPTSTK,BFO,5.000000,100000000,False
867091,IDEA26OCT18PE,IDEA,29OCT2026,1800.000000,71475,OPTSTK,BFO,5.000000,2400000,False
1121553,LAURUSLABS26NOV1720PE,LAURUSLABS,26NOV2026,172000.000000,850,OPTSTK,BFO,5.000000,68000,False
1121555,UNITDSPR26NOV1320CE,UNITDSPR,26NOV2026,132000.000000,400,OPTSTK,BFO,5.000000,28000,False
1121597,SUZLON26NOV39CE,SUZLON,26NOV2026,3900.000000,12700,OPTSTK,BFO,5.000000,100000000,False
1121600,LODHA26NOV1060CE,LODHA,26NOV2026,106000.000000,625,OPTSTK,BFO,5.000000,100000000,False
868184,GODREJPROP26OCTFUT,GODREJPROP,29OCT2026,0.000000,325,FUTSTK,BFO,5.000000,19000,False
868190,TATAELXSI26OCTFUT,TATAELXSI,29OCT2026,0.000000,125,FUTSTK,BFO,5.000000,100000000,False
868208,SENSEX2691771100PE,SENSEX,17SEP2026,7110000.000000,20,OPTIDX,BFO,5.000000,1000,False
868209,INFY26OCT1100PE,INFY,29OCT2026,110000.000000,400,OPTSTK,BFO,5.000000,16000,False
850046,HEROMOTOCO26SEP4500CE,HEROMOTOCO,24SEP2026,450000.000000,150,OPTSTK,BFO,5.000000,9000,False
850057,APOLLOHOSP26SEP9000CE,APOLLOHOSP,24SEP2026,900000.000000,125,OPTSTK,BFO,5.000000,5000,False
850061,IOC26SEP134PE,IOC,24SEP2026,13400.000000,4875,OPTSTK,BFO,5.000000,292500,False
850076,OBEROIRLTY26SEP1900CE,OBEROIRLTY,24SEP2026,190000.000000,350,OPTSTK,BFO,5.000000,28000,False
867099,BANKEX26OCT59100PE,BANKEX,29OCT2026,5910000.000000,30,OPTIDX,BFO,5.000000,900,False
867116,ONGC26OCT232.5PE,ONGC,29OCT2026,23250.000000,2250,OPTSTK,BFO,5.000000,154000,False
867120,BANKBARODA26OCT260CE,BANKBARODA,29OCT2026,26000.000000,2925,OPTSTK,BFO,5.000000,175500,False
867121,ABCAPITAL26OCTFUT,ABCAPITAL,29OCT2026,0.000000,3100,FUTSTK,BFO,5.000000,162000,False
868211,KOTAKBANK26OCT420CE,KOTAKBANK,29OCT2026,42000.000000,2000,OPTSTK,BFO,5.000000,12000,False
868232,ABB26OCT6800CE,ABB,29OCT2026,680000.000000,125,OPTSTK,BFO,5.000000,7500,False
868234,DRREDDY26OCT1210CE,DRREDDY,29OCT2026,121000.000000,625,OPTSTK,BFO,5.000000,5000,False
868235,ICICIGI26OCT1720CE,ICICIGI,29OCT2026,172000.000000,325,OPTSTK,BFO,5.000000,20000,False
1121668,M&M26OCT2900CE,M&M,29OCT2026,290000.000000,200,OPTSTK,BFO,5.000000,21000,False
1121729,ADANIENSOL26SEP1280CE,ADANIENSOL,24SEP2026,128000.000000,675,OPTSTK,BFO,5.000000,100000000,False
1121733,JSWSTEEL26NOV1160PE,JSWSTEEL,26NOV2026,116000.000000,675,OPTSTK,BFO,5.000000,40500,False
1121764,BAJFINANCE26OCT980PE,BAJFINANCE,29OCT2026,98000.000000,750,OPTSTK,BFO,5.000000,3750,False
867136,YESBANK26OCT23CE,YESBANK,29OCT2026,2300.000000,31100,OPTSTK,BFO,5.000000,100000000,False
867149,HINDUNILVR26OCT1960CE,HINDUNILVR,29OCT2026,196000.000000,300,OPTSTK,BFO,5.000000,9000,False
867163,INDHOTEL26OCT770CE,INDHOTEL,29OCT2026,77000.000000,1000,OPTSTK,BFO,5.000000,60000,False
867165,OBEROIRLTY26OCT1900CE,OBEROIRLTY,29OCT2026,190000.000000,350,OPTSTK,BFO,5.000000,28000,False
868248,ICICIGI26OCT1560CE,ICICIGI,29OCT2026,156000.000000,325,OPTSTK,BFO,5.000000,20000,False
868257,FOCIT26OCT40400PE,FOCIT,29OCT2026,4040000.000000,45,OPTIDX,BFO,5.000000,1350,False
868260,FOCIT26OCT42700PE,FOCIT,29OCT2026,4270000.000000,45,OPTIDX,BFO,5.000000,1350,False
868272,FOCIT26SEP34400PE,FOCIT,24SEP2026,3440000.000000,45,OPTIDX,BFO,5.000000,1350,False
850113,M&M26SEP2960PE,M&M,24SEP2026,296000.000000,200,OPTSTK,BFO,5.000000,21000,False
850123,AMBER26SEP6900CE,AMBER,24SEP2026,690000.000000,100,OPTSTK,BFO,5.000000,100000000,False
850147,LTM26SEP3350PE,LTM,24SEP2026,335000.000000,150,OPTSTK,BFO,5.000000,4500,False
850149,HINDPETRO26SEP345.75PE,HINDPETRO,24SEP2026,34575.000000,2025,OPTSTK,BFO,5.000000,108000,False
1121765,SWIGGY26NOV240PE,SWIGGY,26NOV2026,24000.000000,1825,OPTSTK,BFO,5.000000,100000000,False
1121836,BAJAJ-AUTO26SEP13100CE,BAJAJ-AUTO,24SEP2026,1310000.000000,75,OPTSTK,BFO,5.000000,5000,False
1121840,GODREJPROP26OCT1840CE,GODREJPROP,29OCT2026,184000.000000,325,OPTSTK,BFO,5.000000,19000,False
1121848,COCHINSHIP26NOV1340PE,COCHINSHIP,26NOV2026,134000.000000,400,OPTSTK,BFO,5.000000,100000000,False
867166,ABCAPITAL26OCT395CE,ABCAPITAL,29OCT2026,39500.000000,3100,OPTSTK,BFO,5.000000,162000,False
867176,VBL26OCTFUT,VBL,29OCT2026,0.000000,1275,FUTSTK,BFO,5.000000,100000000,False
867178,SENSEX2691774600CE,SENSEX,17SEP2026,7460000.000000,20,OPTIDX,BFO,5.000000,1000,False
867204,JSWSTEEL26OCT1180CE,JSWSTEEL,29OCT2026,118000.000000,675,OPTSTK,BFO,5.000000,40500,False
868283,UNITDSPR26OCT1460CE,UNITDSPR,29OCT2026,146000.000000,400,OPTSTK,BFO,5.000000,28000,False
868309,SENSEX5026OCT25200PE,SENSEX50,29OCT2026,2520000.000000,75,OPTIDX,BFO,5.000000,1800,False
868328,EICHERMOT26OCT8500PE,EICHERMOT,29OCT2026,850000.000000,100,OPTSTK,BFO,5.000000,7000,False
868329,SENSEX2691784100CE,SENSEX,17SEP2026,8410000.000000,20,OPTIDX,BFO,5.000000,1000,False
1121871,ADANIENSOL26NOV1300PE,ADANIENSOL,26NOV2026,130000.000000,675,OPTSTK,BFO,5.000000,100000000,False
1121883,JSWENERGY26OCT450PE,JSWENERGY,29OCT2026,45000.000000,1075,OPTSTK,BFO,5.000000,100000000,False
1121944,MARUTI26SEP12400CE,MARUTI,24SEP2026,1240000.000000,50,OPTSTK,BFO,5.000000,3000,False
1121965,BAJAJ-AUTO26OCT13000PE,BAJAJ-AUTO,29OCT2026,1300000.000000,75,OPTSTK,BFO,5.000000,5000,False
850160,PFC26SEP395PE,PFC,24SEP2026,39500.000000,1300,OPTSTK,BFO,5.000000,124000,False
850162,PAYTM26SEP1200PE,PAYTM,24SEP2026,120000.000000,725,OPTSTK,BFO,5.000000,100000000,False
850165,OFSS26SEP10200CE,OFSS,24SEP2026,1020000.000000,100,OPTSTK,BFO,5.000000,8000,False
850207,DLF26SEP580CE,DLF,24SEP2026,58000.000000,950,OPTSTK,BFO,5.000000,49500,False
867216,BOSCHLTD26OCT40000PE,BOSCHLTD,29OCT2026,4000000.000000,25,OPTSTK,BFO,5.000000,1500,False
867217,ASIANPAINT26OCT2800PE,ASIANPAINT,29OCT2026,280000.000000,250,OPTSTK,BFO,5.000000,8000,False
867224,HDFCBANK26OCT710PE,HDFCBANK,29OCT2026,71000.000000,650,OPTSTK,BFO,5.000000,16500,False
867230,FOCIT26OCT35200PE,FOCIT,29OCT2026,3520000.000000,45,OPTIDX,BFO,5.000000,1350,False
868331,UNIONBANK26OCT157.5PE,UNIONBANK,29OCT2026,15750.000000,4425,OPTSTK,BFO,5.000000,100000000,False
868340,PFC26OCT415CE,PFC,29OCT2026,41500.000000,1300,OPTSTK,BFO,5.000000,124000,False
868341,DELHIVERY26OCT490CE,DELHIVERY,29OCT2026,49000.000000,2075,OPTSTK,BFO,5.000000,100000000,False
868349,PHOENIXLTD26SEP1740CE,PHOENIXLTD,24SEP2026,174000.000000,350,OPTSTK,BFO,5.000000,100000000,False
850212,UNITDSPR26SEP1290PE,UNITDSPR,24SEP2026,129000.000000,400,OPTSTK,BFO,5.000000,28000,False
850218,EICHERMOT26SEP7200CE,EICHERMOT,24SEP2026,720000.000000,100,OPTSTK,BFO,5.000000,7000,False
850227,TVSMOTOR26SEP3340PE,TVSMOTOR,24SEP2026,334000.000000,175,OPTSTK,BFO,5.000000,21000,False
850246,MPHASIS26SEP2018PE,MPHASIS,24SEP2026,201800.000000,275,OPTSTK,BFO,5.000000,11000,False
1122015,SUZLON26SEP39CE,SUZLON,24SEP2026,3900.000000,12700,OPTSTK,BFO,5.000000,100000000,False
1122028,BHEL26NOV390PE,BHEL,26NOV2026,39000.000000,2625,OPTSTK,BFO,5.000000,315000,False
1122050,LT26NOV3650PE,LT,26NOV2026,365000.000000,175,OPTSTK,BFO,5.000000,12000,False
1122055,JIOFIN26OCT217.5PE,JIOFIN,29OCT2026,21750.000000,2350,OPTSTK,BFO,5.000000,100000000,False
867234,LAURUSLABS26OCT1660PE,LAURUSLABS,29OCT2026,166000.000000,850,OPTSTK,BFO,5.000000,68000,False
867245,KALYANKJIL26OCT640CE,KALYANKJIL,29OCT2026,64000.000000,1350,OPTSTK,BFO,5.000000,100000000,False
867256,RELIANCE26OCT1270CE,RELIANCE,29OCT2026,127000.000000,500,OPTSTK,BFO,5.000000,10000,False
867261,SENSEX26OCT75400CE,SENSEX,29OCT2026,7540000.000000,20,OPTIDX,BFO,5.000000,1000,False
868355,BANKEX26OCT58800CE,BANKEX,29OCT2026,5880000.000000,30,OPTIDX,BFO,5.000000,900,False
868356,NMDC26OCT80CE,NMDC,29OCT2026,8000.000000,6750,OPTSTK,BFO,5.000000,225000,False
868366,MAZDOCK26OCT2050PE,MAZDOCK,29OCT2026,205000.000000,225,OPTSTK,BFO,5.000000,100000000,False
868374,COFORGE26OCT1620PE,COFORGE,29OCT2026,162000.000000,475,OPTSTK,BFO,5.000000,6000,False
850249,CHOLAFIN26SEP1640CE,CHOLAFIN,24SEP2026,164000.000000,625,OPTSTK,BFO,5.000000,25000,False
850311,KPITTECH26SEP640CE,KPITTECH,24SEP2026,64000.000000,775,OPTSTK,BFO,5.000000,100000000,False
850328,TVSMOTOR26SEP3380PE,TVSMOTOR,24SEP2026,338000.000000,175,OPTSTK,BFO,5.000000,21000,False
850332,JSWENERGY26SEP620PE,JSWENERGY,24SEP2026,62000.000000,1075,OPTSTK,BFO,5.000000,100000000,False
867264,SENSEX2691784600CE,SENSEX,17SEP2026,8460000.000000,20,OPTIDX,BFO,5.000000,1000,False
867272,ASHOKLEY26OCTFUT,ASHOKLEY,29OCT2026,0.000000,5000,FUTSTK,BFO,5.000000,150000,False
867278,JUBLFOOD26OCT470CE,JUBLFOOD,29OCT2026,47000.000000,1250,OPTSTK,BFO,5.000000,50000,False
867289,KAYNES26OCT3600CE,KAYNES,29OCT2026,360000.000000,150,OPTSTK,BFO,5.000000,100000000,False
868381,ADANIGREEN26OCT1480CE,ADANIGREEN,29OCT2026,148000.000000,600,OPTSTK,BFO,5.000000,100000000,False
868392,INDIGO26OCT5000PE,INDIGO,29OCT2026,500000.000000,150,OPTSTK,BFO,5.000000,12000,False
868406,PETRONET26OCT300PE,PETRONET,29OCT2026,30000.000000,1900,OPTSTK,BFO,5.000000,120000,False
868409,TRENT26OCT3200PE,TRENT,29OCT2026,320000.000000,225,OPTSTK,BFO,5.000000,16000,False
1122077,ADANIENSOL26OCT1240PE,ADANIENSOL,29OCT2026,124000.000000,675,OPTSTK,BFO,5.000000,100000000,False
1122078,ADANIENT26SEP2500PE,ADANIENT,24SEP2026,250000.000000,309,OPTSTK,BFO,5.000000,9000,False
1122108,CROMPTON26NOV195CE,CROMPTON,26NOV2026,19500.000000,2150,OPTSTK,BFO,5.000000,90000,False
1122141,SHREECEM26SEP21750CE,SHREECEM,24SEP2026,2175000.000000,25,OPTSTK,BFO,5.000000,1000,False
850358,LAURUSLABS26SEP1540CE,LAURUSLABS,24SEP2026,154000.000000,850,OPTSTK,BFO,5.000000,68000,False
850362,ULTRACEMCO26SEP10360PE,ULTRACEMCO,24SEP2026,1036000.000000,50,OPTSTK,BFO,5.000000,3000,False
850370,LAURUSLABS26SEP1570PE,LAURUSLABS,24SEP2026,157000.000000,850,OPTSTK,BFO,5.000000,68000,False
850375,NESTLEIND26SEP1320CE,NESTLEIND,24SEP2026,132000.000000,500,OPTSTK,BFO,5.000000,1200,False
868410,KOTAKBANK26OCT425CE,KOTAKBANK,29OCT2026,42500.000000,2000,OPTSTK,BFO,5.000000,12000,False
868423,DIXON26OCT14500CE,DIXON,29OCT2026,1450000.000000,50,OPTSTK,BFO,5.000000,6000,False
868445,ADANIENT26OCT3250CE,ADANIENT,29OCT2026,325000.000000,309,OPTSTK,BFO,5.000000,9000,False
868468,MANKIND26OCT2600CE,MANKIND,29OCT2026,260000.000000,250,OPTSTK,BFO,5.000000,100000000,False
867295,IRFC26OCT89CE,IRFC,29OCT2026,8900.000000,5425,OPTSTK,BFO,5.000000,100000000,False
867302,BIOCON26OCTFUT,BIOCON,29OCT2026,0.000000,2500,FUTSTK,BFO,5.000000,100000,False
867322,IDEA26OCT10CE,IDEA,29OCT2026,1000.000000,71475,OPTSTK,BFO,5.000000,2400000,False
867323,GAIL26OCT185CE,GAIL,29OCT2026,18500.000000,3550,OPTSTK,BFO,5.000000,274500,False
1122148,SIEMENS26NOV3650CE,SIEMENS,26NOV2026,365000.000000,175,OPTSTK,BFO,5.000000,8250,False
1122153,BAJAJFINSV26NOV1840PE,BAJAJFINSV,26NOV2026,184000.000000,300,OPTSTK,BFO,5.000000,20000,False
1122158,BAJAJ-AUTO26NOV13100CE,BAJAJ-AUTO,26NOV2026,1310000.000000,75,OPTSTK,BFO,5.000000,5000,False
1122160,COALINDIA26NOV440CE,COALINDIA,26NOV2026,44000.000000,1350,OPTSTK,BFO,5.000000,126000,False
868489,ASIANPAINT26OCT2780CE,ASIANPAINT,29OCT2026,278000.000000,250,OPTSTK,BFO,5.000000,8000,False
868491,WAAREEENER26OCT2750PE,WAAREEENER,29OCT2026,275000.000000,175,OPTSTK,BFO,5.000000,100000000,False
868493,KPITTECH26OCTFUT,KPITTECH,29OCT2026,0.000000,775,FUTSTK,BFO,5.000000,100000000,False
868497,AXISBANK26OCT1100PE,AXISBANK,29OCT2026,110000.000000,625,OPTSTK,BFO,5.000000,25000,False
850410,ADANIENT26SEP2880CE,ADANIENT,24SEP2026,288000.000000,309,OPTSTK,BFO,5.000000,9000,False
850424,PERSISTENT26SEP4400PE,PERSISTENT,24SEP2026,440000.000000,125,OPTSTK,BFO,5.000000,5250,False
850435,ZYDUSLIFE26SEP1190CE,ZYDUSLIFE,24SEP2026,119000.000000,900,OPTSTK,BFO,5.000000,54000,False
850436,HAVELLS26SEP1100CE,HAVELLS,24SEP2026,110000.000000,500,OPTSTK,BFO,5.000000,20000,False
867338,NESTLEIND26SEP1580CE,NESTLEIND,24SEP2026,158000.000000,500,OPTSTK,BFO,5.000000,1200,False
867346,RBLBANK26OCT385PE,RBLBANK,29OCT2026,38500.000000,3175,OPTSTK,BFO,5.000000,150000,False
867356,RELIANCE26OCT1340CE,RELIANCE,29OCT2026,134000.000000,500,OPTSTK,BFO,5.000000,10000,False
867359,BLUESTARCO26OCT1740CE,BLUESTARCO,29OCT2026,174000.000000,325,OPTSTK,BFO,5.000000,100000000,False
868515,NAM-INDIA26OCT1260CE,NAM-INDIA,29OCT2026,126000.000000,625,OPTSTK,BFO,5.000000,100000000,False
868528,UPL26OCT600PE,UPL,29OCT2026,60000.000000,1355,OPTSTK,BFO,5.000000,39000,False
868533,CROMPTON26OCT240CE,CROMPTON,29OCT2026,24000.000000,2150,OPTSTK,BFO,5.000000,90000,False
868538,NMDC26OCT89PE,NMDC,29OCT2026,8900.000000,6750,OPTSTK,BFO,5.000000,225000,False
1122187,TMPV26OCT275CE,TMPV,29OCT2026,27500.000000,1600,OPTSTK,BFO,5.000000,42750,False
1122226,GODREJPROP26NOV1820PE,GODREJPROP,26NOV2026,182000.000000,325,OPTSTK,BFO,5.000000,19000,False
1122245,MAZDOCK26NOV2100PE,MAZDOCK,26NOV2026,210000.000000,225,OPTSTK,BFO,5.000000,100000000,False
1122250,POWERINDIA26NOV29000CE,POWERINDIA,26NOV2026,2900000.000000,25,OPTSTK,BFO,5.000000,100000000,False
867360,JSWENERGY26OCT530PE,JSWENERGY,29OCT2026,53000.000000,1075,OPTSTK,BFO,5.000000,100000000,False
867368,HCLTECH26OCT1380PE,HCLTECH,29OCT2026,138000.000000,400,OPTSTK,BFO,5.000000,21000,False
867380,KPITTECH26OCT630PE,KPITTECH,29OCT2026,63000.000000,775,OPTSTK,BFO,5.000000,100000000,False
867404,VMM26OCT102.5PE,VMM,29OCT2026,10250.000000,4850,OPTSTK,BFO,5.000000,100000000,False
850460,UPL26SEP545CE,UPL,24SEP2026,54500.000000,1355,OPTSTK,BFO,5.000000,39000,False
850485,ASIANPAINT26SEP2800PE,ASIANPAINT,24SEP2026,280000.000000,250,OPTSTK,BFO,5.000000,8000,False
850494,BHEL26SEP425PE,BHEL,24SEP2026,42500.000000,2625,OPTSTK,BFO,5.000000,315000,False
850495,PIIND26SEP2460PE,PIIND,24SEP2026,246000.000000,175,OPTSTK,BFO,5.000000,7500,False
868539,SENSEX26OCT75200PE,SENSEX,29OCT2026,7520000.000000,20,OPTIDX,BFO,5.000000,1000,False
868545,SENSEX26OCT77500PE,SENSEX,29OCT2026,7750000.000000,20,OPTIDX,BFO,5.000000,1000,False
868555,JSWSTEEL26OCT1220CE,JSWSTEEL,29OCT2026,122000.000000,675,OPTSTK,BFO,5.000000,40500,False
868574,SIEMENS26OCT3950PE,SIEMENS,29OCT2026,395000.000000,175,OPTSTK,BFO,5.000000,8250,False
1122272,TATACONSUM26SEP950PE,TATACONSUM,24SEP2026,95000.000000,550,OPTSTK,BFO,5.000000,36000,False
1122306,SBILIFE26NOV1580PE,SBILIFE,26NOV2026,158000.000000,375,OPTSTK,BFO,5.000000,22500,False
1122320,RVNL26SEP170PE,RVNL,24SEP2026,17000.000000,1925,OPTSTK,BFO,5.000000,100000000,False
1122448,PHOENIXLTD26NOV2060CE,PHOENIXLTD,26NOV2026,206000.000000,350,OPTSTK,BFO,5.000000,100000000,False
867411,KAYNES26OCT3350CE,KAYNES,29OCT2026,335000.000000,150,OPTSTK,BFO,5.000000,100000000,False
867414,BANKEX26OCT59000CE,BANKEX,29OCT2026,5900000.000000,30,OPTIDX,BFO,5.000000,900,False
867417,VMM26OCT107.5CE,VMM,29OCT2026,10750.000000,4850,OPTSTK,BFO,5.000000,100000000,False
867435,BEL26OCT415PE,BEL,29OCT2026,41500.000000,1425,OPTSTK,BFO,5.000000,228000,False
868588,LUPIN26OCT2380CE,LUPIN,29OCT2026,238000.000000,425,OPTSTK,BFO,5.000000,34000,False
868597,POLYCAB26OCT9400PE,POLYCAB,29OCT2026,940000.000000,125,OPTSTK,BFO,5.000000,9000,False
868606,FOCIT26SEP44300CE,FOCIT,24SEP2026,4430000.000000,45,OPTIDX,BFO,5.000000,1350,False
868609,MAXHEALTH26OCT1110PE,MAXHEALTH,29OCT2026,111000.000000,525,OPTSTK,BFO,5.000000,100000000,False
850496,SENSEX5026SEP24050PE,SENSEX50,24SEP2026,2405000.000000,75,OPTIDX,BFO,5.000000,1800,False
850502,BHARATFORG26SEP2300PE,BHARATFORG,24SEP2026,230000.000000,500,OPTSTK,BFO,5.000000,30000,False
850507,LT26SEP4020PE,LT,24SEP2026,402000.000000,175,OPTSTK,BFO,5.000000,12000,False
850523,BPCL26SEP270PE,BPCL,24SEP2026,27000.000000,1975,OPTSTK,BFO,5.000000,72000,False
867437,SENSEX2691772600PE,SENSEX,17SEP2026,7260000.000000,20,OPTIDX,BFO,5.000000,1000,False
867445,JSWENERGY26OCT600PE,JSWENERGY,29OCT2026,60000.000000,1075,OPTSTK,BFO,5.000000,100000000,False
867453,OIL26OCT420CE,OIL,29OCT2026,42000.000000,1400,OPTSTK,BFO,5.000000,100000000,False
867457,NMDC26OCT90PE,NMDC,29OCT2026,9000.000000,6750,OPTSTK,BFO,5.000000,225000,False
1122451,ICICIGI26SEP1400CE,ICICIGI,24SEP2026,140000.000000,325,OPTSTK,BFO,5.000000,20000,False
1122486,BANDHANBNK26OCT125PE,BANDHANBNK,29OCT2026,12500.000000,3600,OPTSTK,BFO,5.000000,100000,False
1122488,MARUTI26SEP12100CE,MARUTI,24SEP2026,1210000.000000,50,OPTSTK,BFO,5.000000,3000,False
1122509,TIINDIA26NOV2350PE,TIINDIA,26NOV2026,235000.000000,200,OPTSTK,BFO,5.000000,100000000,False
868614,JSWSTEEL26OCT1300PE,JSWSTEEL,29OCT2026,130000.000000,675,OPTSTK,BFO,5.000000,40500,False
868637,CGPOWER26OCT880PE,CGPOWER,29OCT2026,88000.000000,850,OPTSTK,BFO,5.000000,100000000,False
868645,BHARATFORG26OCT2240CE,BHARATFORG,29OCT2026,224000.000000,500,OPTSTK,BFO,5.000000,30000,False
868646,PETRONET26OCT270CE,PETRONET,29OCT2026,27000.000000,1900,OPTSTK,BFO,5.000000,120000,False
867459,LODHA26OCT1360CE,LODHA,29OCT2026,136000.000000,625,OPTSTK,BFO,5.000000,100000000,False
867469,CHOLAFIN26OCT1680CE,CHOLAFIN,29OCT2026,168000.000000,625,OPTSTK,BFO,5.000000,25000,False
867474,TORNTPHARM26OCT4850PE,TORNTPHARM,29OCT2026,485000.000000,125,OPTSTK,BFO,5.000000,15000,False
867477,NAM-INDIA26OCT1100PE,NAM-INDIA,29OCT2026,110000.000000,625,OPTSTK,BFO,5.000000,100000000,False
868667,FOCIT26SEP42900CE,FOCIT,24SEP2026,4290000.000000,45,OPTIDX,BFO,5.000000,1350,False
868672,CUMMINSIND26OCT5800PE,CUMMINSIND,29OCT2026,580000.000000,200,OPTSTK,BFO,5.000000,18000,False
868673,TATACONSUM26OCT1120PE,TATACONSUM,29OCT2026,112000.000000,550,OPTSTK,BFO,5.000000,36000,False
868685,BDL26OCT1260PE,BDL,29OCT2026,126000.000000,425,OPTSTK,BFO,5.000000,100000000,False
850525,CAMS26SEP720PE,CAMS,24SEP2026,72000.000000,825,OPTSTK,BFO,5.000000,100000000,False
850556,HINDPETRO26SEP335.75PE,HINDPETRO,24SEP2026,33575.000000,2025,OPTSTK,BFO,5.000000,108000,False
850604,GAIL26SEP165CE,GAIL,24SEP2026,16500.000000,3550,OPTSTK,BFO,5.000000,274500,False
850635,HINDPETRO26SEP330.75PE,HINDPETRO,24SEP2026,33075.000000,2025,OPTSTK,BFO,5.000000,108000,False
1122514,VOLTAS26OCT1040CE,VOLTAS,29OCT2026,104000.000000,375,OPTSTK,BFO,5.000000,30000,False
1122523,ICICIGI26NOV1400CE,ICICIGI,26NOV2026,140000.000000,325,OPTSTK,BFO,5.000000,20000,False
1122548,SENSEX26O1569700PE,SENSEX,15OCT2026,6970000.000000,20,OPTIDX,BFO,5.000000,1000,False
1122569,SENSEX2691769600PE,SENSEX,17SEP2026,6960000.000000,20,OPTIDX,BFO,5.000000,1000,False
867480,COFORGE26OCT1860CE,COFORGE,29OCT2026,186000.000000,475,OPTSTK,BFO,5.000000,6000,False
867482,PATANJALI26OCT325PE,PATANJALI,29OCT2026,32500.000000,1075,OPTSTK,BFO,5.000000,100000000,False
867491,DABUR26OCT415PE,DABUR,29OCT2026,41500.000000,1250,OPTSTK,BFO,5.000000,50000,False
867493,MFSL26OCT1520CE,MFSL,29OCT2026,152000.000000,400,OPTSTK,BFO,5.000000,32000,False
868691,MOTILALOFS26OCT860PE,MOTILALOFS,29OCT2026,86000.000000,775,OPTSTK,BFO,5.000000,100000000,False
868886,APLAPOLLO26OCT1900PE,APLAPOLLO,29OCT2026,190000.000000,350,OPTSTK,BFO,5.000000,100000000,False
868945,BHARATFORG26OCT2160PE,BHARATFORG,29OCT2026,216000.000000,500,OPTSTK,BFO,5.000000,30000,False
868967,TVSMOTOR26OCT4150PE,TVSMOTOR,29OCT2026,415000.000000,175,OPTSTK,BFO,5.000000,21000,False
850640,BANKBARODA26SEP300PE,BANKBARODA,24SEP2026,30000.000000,2925,OPTSTK,BFO,5.000000,175500,False
850653,GAIL26SEP187.5PE,GAIL,24SEP2026,18750.000000,3550,OPTSTK,BFO,5.000000,274500,False
850659,INDHOTEL26SEP650PE,INDHOTEL,24SEP2026,65000.000000,1000,OPTSTK,BFO,5.000000,60000,False
850684,MARUTI26SEP14500CE,MARUTI,24SEP2026,1450000.000000,50,OPTSTK,BFO,5.000000,3000,False
867507,BDL26OCT1100CE,BDL,29OCT2026,110000.000000,425,OPTSTK,BFO,5.000000,100000000,False
867513,JUBLFOOD26OCT475CE,JUBLFOOD,29OCT2026,47500.000000,1250,OPTSTK,BFO,5.000000,50000,False
867521,SENSEX26OCT73400PE,SENSEX,29OCT2026,7340000.000000,20,OPTIDX,BFO,5.000000,1000,False
867530,HYUNDAI26OCT2120CE,HYUNDAI,29OCT2026,212000.000000,275,OPTSTK,BFO,5.000000,100000000,False
1122590,AMBER26NOV6700CE,AMBER,26NOV2026,670000.000000,100,OPTSTK,BFO,5.000000,100000000,False
1122613,INDHOTEL26NOV800CE,INDHOTEL,26NOV2026,80000.000000,1000,OPTSTK,BFO,5.000000,60000,False
1122640,ASIANPAINT26SEP2380PE,ASIANPAINT,24SEP2026,238000.000000,250,OPTSTK,BFO,5.000000,8000,False
1122705,GODFRYPHLP26NOV1700PE,GODFRYPHLP,26NOV2026,170000.000000,275,OPTSTK,BFO,5.000000,100000000,False
869189,GAIL26OCT167.5CE,GAIL,29OCT2026,16750.000000,3550,OPTSTK,BFO,5.000000,274500,False
869625,BANKEX26OCT59700PE,BANKEX,29OCT2026,5970000.000000,30,OPTIDX,BFO,5.000000,900,False
869650,ADANIENSOL26OCT1540CE,ADANIENSOL,29OCT2026,154000.000000,675,OPTSTK,BFO,5.000000,100000000,False
869783,BHARTIARTL26OCT2060CE,BHARTIARTL,29OCT2026,206000.000000,475,OPTSTK,BFO,5.000000,28500,False
867537,SENSEX5026OCT25600CE,SENSEX50,29OCT2026,2560000.000000,75,OPTIDX,BFO,5.000000,1800,False
867538,BANKEX26OCT63000CE,BANKEX,29OCT2026,6300000.000000,30,OPTIDX,BFO,5.000000,900,False
867542,RADICO26OCT4050PE,RADICO,29OCT2026,405000.000000,150,OPTSTK,BFO,5.000000,100000000,False
867554,SHREECEM26OCT27000PE,SHREECEM,29OCT2026,2700000.000000,25,OPTSTK,BFO,5.000000,1000,False
1122737,TATAPOWER26NOV390PE,TATAPOWER,26NOV2026,39000.000000,1450,OPTSTK,BFO,5.000000,101250,False
1122787,ASIANPAINT26SEP2400PE,ASIANPAINT,24SEP2026,240000.000000,250,OPTSTK,BFO,5.000000,8000,False
1122812,INDIGO26OCT4300CE,INDIGO,29OCT2026,430000.000000,150,OPTSTK,BFO,5.000000,12000,False
1122885,POLYCAB26OCT8100PE,POLYCAB,29OCT2026,810000.000000,125,OPTSTK,BFO,5.000000,9000,False
850690,ADANIGREEN26SEP1640CE,ADANIGREEN,24SEP2026,164000.000000,600,OPTSTK,BFO,5.000000,100000000,False
850723,IOC26SEP132.5PE,IOC,24SEP2026,13250.000000,4875,OPTSTK,BFO,5.000000,292500,False
850725,ADANIENT26SEP3250CE,ADANIENT,24SEP2026,325000.000000,309,OPTSTK,BFO,5.000000,9000,False
850726,GODFRYPHLP26SEP2350PE,GODFRYPHLP,24SEP2026,235000.000000,275,OPTSTK,BFO,5.000000,100000000,False
869931,HINDPETRO26OCT400.75PE,HINDPETRO,29OCT2026,40075.000000,2025,OPTSTK,BFO,5.000000,108000,False
870392,FOCIT26SEP30900PE,FOCIT,24SEP2026,3090000.000000,45,OPTIDX,BFO,5.000000,1350,False
870452,VOLTAS26OCT1340PE,VOLTAS,29OCT2026,134000.000000,375,OPTSTK,BFO,5.000000,30000,False
870463,SENSEX2691782000CE,SENSEX,17SEP2026,8200000.000000,20,OPTIDX,BFO,5.000000,1000,False
867557,BANKBARODA26OCT240PE,BANKBARODA,29OCT2026,24000.000000,2925,OPTSTK,BFO,5.000000,175500,False
867560,MFSL26OCT1440PE,MFSL,29OCT2026,144000.000000,400,OPTSTK,BFO,5.000000,32000,False
867578,HDFCBANK26OCT750CE,HDFCBANK,29OCT2026,75000.000000,650,OPTSTK,BFO,5.000000,16500,False
867586,GMRAIRPORT26OCT101PE,GMRAIRPORT,29OCT2026,10100.000000,6975,OPTSTK,BFO,5.000000,675000,False
850733,AUBANK26SEP1160PE,AUBANK,24SEP2026,116000.000000,1000,OPTSTK,BFO,5.000000,30000,False
850803,IOC26SEP137.5PE,IOC,24SEP2026,13750.000000,4875,OPTSTK,BFO,5.000000,292500,False
870650,POWERGRID26OCT272.5CE,POWERGRID,29OCT2026,27250.000000,1900,OPTSTK,BFO,5.000000,108000,False
870878,PFC26OCT455CE,PFC,29OCT2026,45500.000000,1300,OPTSTK,BFO,5.000000,124000,False
871099,HINDPETRO26OCT310.75PE,HINDPETRO,29OCT2026,31075.000000,2025,OPTSTK,BFO,5.000000,108000,False
871111,CHOLAFIN26OCT1640PE,CHOLAFIN,29OCT2026,164000.000000,625,OPTSTK,BFO,5.000000,25000,False
1122937,APOLLOHOSP26NOV8000PE,APOLLOHOSP,26NOV2026,800000.000000,125,OPTSTK,BFO,5.000000,5000,False
1122944,GODREJPROP26OCT1820CE,GODREJPROP,29OCT2026,182000.000000,325,OPTSTK,BFO,5.000000,19000,False
1122991,VEDL26NOV235CE,VEDL,26NOV2026,23500.000000,1150,OPTSTK,BFO,5.000000,80000,False
1123085,SONACOMS26NOV730CE,SONACOMS,26NOV2026,73000.000000,1225,OPTSTK,BFO,5.000000,100000000,False
850748,LODHA26SEP1100PE,LODHA,24SEP2026,110000.000000,625,OPTSTK,BFO,5.000000,100000000,False
850750,NYKAA26SEP340PE,NYKAA,24SEP2026,34000.000000,3125,OPTSTK,BFO,5.000000,100000000,False
867588,HINDALCO26OCT900PE,HINDALCO,29OCT2026,90000.000000,700,OPTSTK,BFO,5.000000,56000,False
867604,FEDERALBNK26OCT330PE,FEDERALBNK,29OCT2026,33000.000000,2500,OPTSTK,BFO,5.000000,200000,False
867610,FEDERALBNK26OCT335CE,FEDERALBNK,29OCT2026,33500.000000,2500,OPTSTK,BFO,5.000000,200000,False
867617,ASHOKLEY26OCT165PE,ASHOKLEY,29OCT2026,16500.000000,5000,OPTSTK,BFO,5.000000,150000,False
871259,BANKINDIA26OCT135PE,BANKINDIA,29OCT2026,13500.000000,5200,OPTSTK,BFO,5.000000,100000000,False
871298,CAMS26OCT770CE,CAMS,29OCT2026,77000.000000,825,OPTSTK,BFO,5.000000,100000000,False
871323,TRENT26OCT2700CE,TRENT,29OCT2026,270000.000000,225,OPTSTK,BFO,5.000000,16000,False
871374,RBLBANK26OCT370CE,RBLBANK,29OCT2026,37000.000000,3175,OPTSTK,BFO,5.000000,150000,False
850813,M&M26SEP2800PE,M&M,24SEP2026,280000.000000,200,OPTSTK,BFO,5.000000,21000,False
850832,ETERNAL26SEP300CE,ETERNAL,24SEP2026,30000.000000,2425,OPTSTK,BFO,5.000000,100000000,False
850835,ABB26SEP7700PE,ABB,24SEP2026,770000.000000,125,OPTSTK,BFO,5.000000,7500,False
850846,PERSISTENT26SEP3600PE,PERSISTENT,24SEP2026,360000.000000,125,OPTSTK,BFO,5.000000,5250,False
867629,SBILIFE26OCT1860CE,SBILIFE,29OCT2026,186000.000000,375,OPTSTK,BFO,5.000000,22500,False
867636,SAIL26OCT170PE,SAIL,29OCT2026,17000.000000,4700,OPTSTK,BFO,5.000000,320000,False
867657,SENSEX2691778500CE,SENSEX,17SEP2026,7850000.000000,20,OPTIDX,BFO,5.000000,1000,False
867700,IEX26OCT147.5CE,IEX,29OCT2026,14750.000000,4350,OPTSTK,BFO,5.000000,150000,False
1123090,VMM26NOV127.5PE,VMM,26NOV2026,12750.000000,4850,OPTSTK,BFO,5.000000,100000000,False
1123092,IREDA26SEP95PE,IREDA,24SEP2026,9500.000000,4525,OPTSTK,BFO,5.000000,100000000,False
1123097,ICICIGI26NOV1400PE,ICICIGI,26NOV2026,140000.000000,325,OPTSTK,BFO,5.000000,20000,False
1123113,ICICIGI26OCT1400PE,ICICIGI,29OCT2026,140000.000000,325,OPTSTK,BFO,5.000000,20000,False
871446,ETERNAL26OCT285CE,ETERNAL,29OCT2026,28500.000000,2425,OPTSTK,BFO,5.000000,100000000,False
871541,NTPC26OCT340PE,NTPC,29OCT2026,34000.000000,1500,OPTSTK,BFO,5.000000,150000,False
871614,COLPAL26OCT2040CE,COLPAL,29OCT2026,204000.000000,275,OPTSTK,BFO,5.000000,14000,False
871684,MCX26OCT2700PE,MCX,29OCT2026,270000.000000,225,OPTSTK,BFO,5.000000,16000,False
867716,FOCIT26SEP32800PE,FOCIT,24SEP2026,3280000.000000,45,OPTIDX,BFO,5.000000,1350,False
867732,BHARTIARTL26OCT1940CE,BHARTIARTL,29OCT2026,194000.000000,475,OPTSTK,BFO,5.000000,28500,False
867741,PAGEIND26OCT41000CE,PAGEIND,29OCT2026,4100000.000000,20,OPTSTK,BFO,5.000000,600,False
867745,ALKEM26OCT5800CE,ALKEM,29OCT2026,580000.000000,125,OPTSTK,BFO,5.000000,8000,False
850864,CUMMINSIND26SEP6400PE,CUMMINSIND,24SEP2026,640000.000000,200,OPTSTK,BFO,5.000000,18000,False
850949,AUBANK26SEP920PE,AUBANK,24SEP2026,92000.000000,1000,OPTSTK,BFO,5.000000,30000,False
850974,PATANJALI26SEP375CE,PATANJALI,24SEP2026,37500.000000,1075,OPTSTK,BFO,5.000000,100000000,False
851013,HINDPETRO26SEP300.75CE,HINDPETRO,24SEP2026,30075.000000,2025,OPTSTK,BFO,5.000000,108000,False
871696,SIEMENS26OCT3500PE,SIEMENS,29OCT2026,350000.000000,175,OPTSTK,BFO,5.000000,8250,False
871807,ABCAPITAL26OCT380CE,ABCAPITAL,29OCT2026,38000.000000,3100,OPTSTK,BFO,5.000000,162000,False
872049,TMPV26OCT350PE,TMPV,29OCT2026,35000.000000,1600,OPTSTK,BFO,5.000000,42750,False
872240,CROMPTON26OCT245PE,CROMPTON,29OCT2026,24500.000000,2150,OPTSTK,BFO,5.000000,90000,False
1123127,TATACONSUM26OCT950PE,TATACONSUM,29OCT2026,95000.000000,550,OPTSTK,BFO,5.000000,36000,False
1123172,HEROMOTOCO26NOV4600CE,HEROMOTOCO,26NOV2026,460000.000000,150,OPTSTK,BFO,5.000000,9000,False
1123197,UNOMINDA26NOV1120PE,UNOMINDA,26NOV2026,112000.000000,550,OPTSTK,BFO,5.000000,100000000,False
1123201,SENSEX26NOV69800CE,SENSEX,26NOV2026,6980000.000000,20,OPTIDX,BFO,5.000000,1000,False
867746,SENSEX26OCT84000PE,SENSEX,29OCT2026,8400000.000000,20,OPTIDX,BFO,5.000000,1000,False
867749,GVT&D26OCT4800CE,GVT&D,29OCT2026,480000.000000,125,OPTSTK,BFO,5.000000,100000000,False
867761,ASIANPAINT26OCT2840PE,ASIANPAINT,29OCT2026,284000.000000,250,OPTSTK,BFO,5.000000,8000,False
867771,BANKEX26OCT65600PE,BANKEX,29OCT2026,6560000.000000,30,OPTIDX,BFO,5.000000,900,False
851014,ABB26SEP6300CE,ABB,24SEP2026,630000.000000,125,OPTSTK,BFO,5.000000,7500,False
851026,PAGEIND26SEP38000PE,PAGEIND,24SEP2026,3800000.000000,20,OPTSTK,BFO,5.000000,600,False
851058,CGPOWER26SEP1040CE,CGPOWER,24SEP2026,104000.000000,850,OPTSTK,BFO,5.000000,100000000,False
851096,UPL26SEP630CE,UPL,24SEP2026,63000.000000,1355,OPTSTK,BFO,5.000000,39000,False
872246,CAMS26OCT840CE,CAMS,29OCT2026,84000.000000,825,OPTSTK,BFO,5.000000,100000000,False
872251,SUZLON26OCT49PE,SUZLON,29OCT2026,4900.000000,12700,OPTSTK,BFO,5.000000,100000000,False
872345,TATASTEEL26OCT187.5CE,TATASTEEL,29OCT2026,18750.000000,2750,OPTSTK,BFO,5.000000,220000,False
872350,MANAPPURAM26OCT380PE,MANAPPURAM,29OCT2026,38000.000000,3000,OPTSTK,BFO,5.000000,180000,False
1123374,DABUR26OCT345PE,DABUR,29OCT2026,34500.000000,1250,OPTSTK,BFO,5.000000,50000,False
1123421,VEDL26NOV235PE,VEDL,26NOV2026,23500.000000,1150,OPTSTK,BFO,5.000000,80000,False
1123439,GVT&D26NOV3500CE,GVT&D,26NOV2026,350000.000000,125,OPTSTK,BFO,5.000000,100000000,False
1123468,KFINTECH26NOV780PE,KFINTECH,26NOV2026,78000.000000,575,OPTSTK,BFO,5.000000,100000000,False
867785,HAL26OCT4950PE,HAL,29OCT2026,495000.000000,150,OPTSTK,BFO,5.000000,9000,False
867788,DIXON26OCT15750CE,DIXON,29OCT2026,1575000.000000,50,OPTSTK,BFO,5.000000,6000,False
867801,DABUR26OCT450PE,DABUR,29OCT2026,45000.000000,1250,OPTSTK,BFO,5.000000,50000,False
867814,FORCEMOT26OCT14000CE,FORCEMOT,29OCT2026,1400000.000000,25,OPTSTK,BFO,5.000000,100000000,False
872548,SONACOMS26OCT700PE,SONACOMS,29OCT2026,70000.000000,1225,OPTSTK,BFO,5.000000,100000000,False
872725,JSWENERGY26OCT610CE,JSWENERGY,29OCT2026,61000.000000,1075,OPTSTK,BFO,5.000000,100000000,False
872740,AXISBANK26OCT1300PE,AXISBANK,29OCT2026,130000.000000,625,OPTSTK,BFO,5.000000,25000,False
872823,ADANIPOWER26OCT175PE,ADANIPOWER,29OCT2026,17500.000000,3550,OPTSTK,BFO,5.000000,100000000,False
851119,PAYTM26SEP1240CE,PAYTM,24SEP2026,124000.000000,725,OPTSTK,BFO,5.000000,100000000,False
851120,TVSMOTOR26SEP3550PE,TVSMOTOR,24SEP2026,355000.000000,175,OPTSTK,BFO,5.000000,21000,False
851190,UNITDSPR26SEP1260PE,UNITDSPR,24SEP2026,126000.000000,400,OPTSTK,BFO,5.000000,28000,False
851205,KPITTECH26SEP610CE,KPITTECH,24SEP2026,61000.000000,775,OPTSTK,BFO,5.000000,100000000,False
1123475,CDSL26SEP760CE,CDSL,29SEP2026,76000.000000,475,OPTSTK,BFO,5.000000,14001,False
1123500,CDSL26OCT760CE,CDSL,27OCT2026,76000.000000,475,OPTSTK,BFO,5.000000,14001,False
1123554,SENSEX26O0169300PE,SENSEX,01OCT2026,6930000.000000,20,OPTIDX,BFO,5.000000,1000,False
1123567,SOLARINDS26NOV22500PE,SOLARINDS,26NOV2026,2250000.000000,50,OPTSTK,BFO,5.000000,100000000,False
867847,WAAREEENER26OCTFUT,WAAREEENER,29OCT2026,0.000000,175,FUTSTK,BFO,5.000000,100000000,False
867848,SENSEX26OCT81000CE,SENSEX,29OCT2026,8100000.000000,20,OPTIDX,BFO,5.000000,1000,False
867849,TITAN26OCT4950CE,TITAN,29OCT2026,495000.000000,175,OPTSTK,BFO,5.000000,11250,False
867850,UNIONBANK26OCT177.5CE,UNIONBANK,29OCT2026,17750.000000,4425,OPTSTK,BFO,5.000000,100000000,False
872833,MCX26OCT2450PE,MCX,29OCT2026,245000.000000,225,OPTSTK,BFO,5.000000,16000,False
873161,DABUR26OCT425CE,DABUR,29OCT2026,42500.000000,1250,OPTSTK,BFO,5.000000,50000,False
873192,LODHA26OCT1140PE,LODHA,29OCT2026,114000.000000,625,OPTSTK,BFO,5.000000,100000000,False
873273,INDHOTEL26OCT690CE,INDHOTEL,29OCT2026,69000.000000,1000,OPTSTK,BFO,5.000000,60000,False
873503,BIOCON26OCT440PE,BIOCON,29OCT2026,44000.000000,2500,OPTSTK,BFO,5.000000,100000,False
873963,CUMMINSIND26OCT5100PE,CUMMINSIND,29OCT2026,510000.000000,200,OPTSTK,BFO,5.000000,18000,False
874222,SENSEX26OCT83100PE,SENSEX,29OCT2026,8310000.000000,20,OPTIDX,BFO,5.000000,1000,False
874229,BHARTIARTL26OCT1900PE,BHARTIARTL,29OCT2026,190000.000000,475,OPTSTK,BFO,5.000000,28500,False
851263,CGPOWER26SEP1080CE,CGPOWER,24SEP2026,108000.000000,850,OPTSTK,BFO,5.000000,100000000,False
851314,PAYTM26SEP1280CE,PAYTM,24SEP2026,128000.000000,725,OPTSTK,BFO,5.000000,100000000,False
851318,VBL26SEP450PE,VBL,24SEP2026,45000.000000,1275,OPTSTK,BFO,5.000000,100000000,False
851324,CROMPTON26SEP250PE,CROMPTON,24SEP2026,25000.000000,2150,OPTSTK,BFO,5.000000,90000,False
867873,GODREJPROP26OCT2240PE,GODREJPROP,29OCT2026,224000.000000,325,OPTSTK,BFO,5.000000,19000,False
867874,FOCIT26OCT34700CE,FOCIT,29OCT2026,3470000.000000,45,OPTIDX,BFO,5.000000,1350,False
867877,DMART26OCT4100PE,DMART,29OCT2026,410000.000000,150,OPTSTK,BFO,5.000000,100000000,False
867891,SUPREMEIND26OCT3200CE,SUPREMEIND,29OCT2026,320000.000000,175,OPTSTK,BFO,5.000000,100000000,False
1123692,SENSEX26O2272200CE,SENSEX,22OCT2026,7220000.000000,20,OPTIDX,BFO,5.000000,1000,False
1123703,SENSEX26O2280500PE,SENSEX,22OCT2026,8050000.000000,20,OPTIDX,BFO,5.000000,1000,False
1123793,TORNTPHARM26NOV4550PE,TORNTPHARM,26NOV2026,455000.000000,125,OPTSTK,BFO,5.000000,15000,False
1123830,SENSEX26O2281300PE,SENSEX,22OCT2026,8130000.000000,20,OPTIDX,BFO,5.000000,1000,False
851334,AXISBANK26SEP1460CE,AXISBANK,24SEP2026,146000.000000,625,OPTSTK,BFO,5.000000,25000,False
851341,CANBK26SEP107.5PE,CANBK,24SEP2026,10750.000000,6750,OPTSTK,BFO,5.000000,81000,False
851343,NBCC26SEP112.5CE,NBCC,24SEP2026,11250.000000,6500,OPTSTK,BFO,5.000000,100000000,False
851347,SONACOMS26SEP550CE,SONACOMS,24SEP2026,55000.000000,1225,OPTSTK,BFO,5.000000,100000000,False
874230,BANKEX26OCT63600CE,BANKEX,29OCT2026,6360000.000000,30,OPTIDX,BFO,5.000000,900,False
874354,ABCAPITAL26OCT380PE,ABCAPITAL,29OCT2026,38000.000000,3100,OPTSTK,BFO,5.000000,162000,False
874421,AUROPHARMA26OCT1620CE,AUROPHARMA,29OCT2026,162000.000000,550,OPTSTK,BFO,5.000000,44000,False
874429,GMRAIRPORT26OCT111CE,GMRAIRPORT,29OCT2026,11100.000000,6975,OPTSTK,BFO,5.000000,675000,False
1123843,SENSEX26O2270800CE,SENSEX,22OCT2026,7080000.000000,20,OPTIDX,BFO,5.000000,1000,False
1123898,SENSEX26O2273300PE,SENSEX,22OCT2026,7330000.000000,20,OPTIDX,BFO,5.000000,1000,False
1123899,CIPLA26OCT1330PE,CIPLA,29OCT2026,133000.000000,425,OPTSTK,BFO,5.000000,26000,False
1123950,SOLARINDS26OCT22500PE,SOLARINDS,29OCT2026,2250000.000000,50,OPTSTK,BFO,5.000000,100000000,False
867894,SWIGGY26OCT300CE,SWIGGY,29OCT2026,30000.000000,1825,OPTSTK,BFO,5.000000,100000000,False
867901,SENSEX2691774200PE,SENSEX,17SEP2026,7420000.000000,20,OPTIDX,BFO,5.000000,1000,False
867906,ASIANPAINT26OCT2740CE,ASIANPAINT,29OCT2026,274000.000000,250,OPTSTK,BFO,5.000000,8000,False
867913,ASTRAL26OCT1600CE,ASTRAL,29OCT2026,160000.000000,425,OPTSTK,BFO,5.000000,14680,False
874521,PGEL26OCT590PE,PGEL,29OCT2026,59000.000000,950,OPTSTK,BFO,5.000000,100000000,False
874625,AUROPHARMA26OCT1460CE,AUROPHARMA,29OCT2026,146000.000000,550,OPTSTK,BFO,5.000000,44000,False
874702,INFY26OCT1260CE,INFY,29OCT2026,126000.000000,400,OPTSTK,BFO,5.000000,16000,False
874720,CGPOWER26OCT720CE,CGPOWER,29OCT2026,72000.000000,850,OPTSTK,BFO,5.000000,100000000,False
851353,MARUTI26SEP14500PE,MARUTI,24SEP2026,1450000.000000,50,OPTSTK,BFO,5.000000,3000,False
851373,UNITDSPR26SEP1460PE,UNITDSPR,24SEP2026,146000.000000,400,OPTSTK,BFO,5.000000,28000,False
851385,INDHOTEL26SEP640PE,INDHOTEL,24SEP2026,64000.000000,1000,OPTSTK,BFO,5.000000,60000,False
851442,IOC26SEP122.5PE,IOC,24SEP2026,12250.000000,4875,OPTSTK,BFO,5.000000,292500,False
867920,WAAREEENER26OCT2550PE,WAAREEENER,29OCT2026,255000.000000,175,OPTSTK,BFO,5.000000,100000000,False
867932,SOLARINDS26OCT19500PE,SOLARINDS,29OCT2026,1950000.000000,50,OPTSTK,BFO,5.000000,100000000,False
867944,DELHIVERY26OCT455CE,DELHIVERY,29OCT2026,45500.000000,2075,OPTSTK,BFO,5.000000,100000000,False
867959,FOCIT26SEP41100PE,FOCIT,24SEP2026,4110000.000000,45,OPTIDX,BFO,5.000000,1350,False
1124080,SENSEX26O2275600PE,SENSEX,22OCT2026,7560000.000000,20,OPTIDX,BFO,5.000000,1000,False
1124099,SENSEX26O2279600CE,SENSEX,22OCT2026,7960000.000000,20,OPTIDX,BFO,5.000000,1000,False
1124212,CROMPTON26OCT190CE,CROMPTON,29OCT2026,19000.000000,2150,OPTSTK,BFO,5.000000,90000,False
1124300,SENSEX26O2282000PE,SENSEX,22OCT2026,8200000.000000,20,OPTIDX,BFO,5.000000,1000,False
874792,SENSEX26OCT81700PE,SENSEX,29OCT2026,8170000.000000,20,OPTIDX,BFO,5.000000,1000,False
874803,MANKIND26OCT2460CE,MANKIND,29OCT2026,246000.000000,250,OPTSTK,BFO,5.000000,100000000,False
874809,BEL26OCT405CE,BEL,29OCT2026,40500.000000,1425,OPTSTK,BFO,5.000000,228000,False
874915,BAJAJHLDNG26OCT10300PE,BAJAJHLDNG,29OCT2026,1030000.000000,75,OPTSTK,BFO,5.000000,100000000,False
867962,TMPV26OCT330CE,TMPV,29OCT2026,33000.000000,1600,OPTSTK,BFO,5.000000,42750,False
868008,TECHM26OCT1560CE,TECHM,29OCT2026,156000.000000,600,OPTSTK,BFO,5.000000,24000,False
868014,ZYDUSLIFE26OCT1100CE,ZYDUSLIFE,29OCT2026,110000.000000,900,OPTSTK,BFO,5.000000,54000,False
868030,INDIGO26OCT5600CE,INDIGO,29OCT2026,560000.000000,150,OPTSTK,BFO,5.000000,12000,False
875521,PGEL26OCT660PE,PGEL,29OCT2026,66000.000000,950,OPTSTK,BFO,5.000000,100000000,False
875641,OBEROIRLTY26OCT1800CE,OBEROIRLTY,29OCT2026,180000.000000,350,OPTSTK,BFO,5.000000,28000,False
875711,POWERGRID26OCT277.5PE,POWERGRID,29OCT2026,27750.000000,1900,OPTSTK,BFO,5.000000,108000,False
875802,NESTLEIND26SEP1580PE,NESTLEIND,24SEP2026,158000.000000,500,OPTSTK,BFO,5.000000,1200,False
851457,IEX26SEP107.5CE,IEX,24SEP2026,10750.000000,4350,OPTSTK,BFO,5.000000,150000,False
851458,INDHOTEL26SEP770CE,INDHOTEL,24SEP2026,77000.000000,1000,OPTSTK,BFO,5.000000,60000,False
851486,PNBHOUSING26SEP1160PE,PNBHOUSING,24SEP2026,116000.000000,650,OPTSTK,BFO,5.000000,100000000,False
851533,DIVISLAB26SEP6100CE,DIVISLAB,24SEP2026,610000.000000,100,OPTSTK,BFO,5.000000,8000,False
1124302,SENSEX26O2269900PE,SENSEX,22OCT2026,6990000.000000,20,OPTIDX,BFO,5.000000,1000,False
1124364,TRENT26SEP2450PE,TRENT,24SEP2026,245000.000000,225,OPTSTK,BFO,5.000000,16000,False
1124369,SENSEX2691769200CE,SENSEX,17SEP2026,6920000.000000,20,OPTIDX,BFO,5.000000,1000,False
1124376,SENSEX26O2269900CE,SENSEX,22OCT2026,6990000.000000,20,OPTIDX,BFO,5.000000,1000,False
868045,PHOENIXLTD26OCT1740PE,PHOENIXLTD,29OCT2026,174000.000000,350,OPTSTK,BFO,5.000000,100000000,False
868047,ABB26OCT6900PE,ABB,29OCT2026,690000.000000,125,OPTSTK,BFO,5.000000,7500,False
868048,KPITTECH26OCT580PE,KPITTECH,29OCT2026,58000.000000,775,OPTSTK,BFO,5.000000,100000000,False
868053,OFSS26OCT11000CE,OFSS,29OCT2026,1100000.000000,100,OPTSTK,BFO,5.000000,8000,False
875972,EICHERMOT26OCT8000PE,EICHERMOT,29OCT2026,800000.000000,100,OPTSTK,BFO,5.000000,7000,False
876331,SWIGGY26OCT290PE,SWIGGY,29OCT2026,29000.000000,1825,OPTSTK,BFO,5.000000,100000000,False
875855,BRITANNIA26OCT5200PE,BRITANNIA,29OCT2026,520000.000000,125,OPTSTK,BFO,5.000000,6000,False
876188,BIOCON26OCT445PE,BIOCON,29OCT2026,44500.000000,2500,OPTSTK,BFO,5.000000,100000,False
1124383,ULTRACEMCO26SEP10500PE,ULTRACEMCO,24SEP2026,1050000.000000,50,OPTSTK,BFO,5.000000,3000,False
1124453,SENSEX2691769500PE,SENSEX,17SEP2026,6950000.000000,20,OPTIDX,BFO,5.000000,1000,False
1124706,SENSEX26O2278600CE,SENSEX,22OCT2026,7860000.000000,20,OPTIDX,BFO,5.000000,1000,False
1124746,SENSEX26O2279400PE,SENSEX,22OCT2026,7940000.000000,20,OPTIDX,BFO,5.000000,1000,False
851540,LAURUSLABS26SEP1600PE,LAURUSLABS,24SEP2026,160000.000000,850,OPTSTK,BFO,5.000000,68000,False
851551,VMM26SEP107.5CE,VMM,24SEP2026,10750.000000,4850,OPTSTK,BFO,5.000000,100000000,False
851552,INOXWIND26SEP97.5PE,INOXWIND,24SEP2026,9750.000000,6400,OPTSTK,BFO,5.000000,100000000,False
851562,INFY26SEP1120CE,INFY,24SEP2026,112000.000000,400,OPTSTK,BFO,5.000000,16000,False
868066,DIXON26OCT16000PE,DIXON,29OCT2026,1600000.000000,50,OPTSTK,BFO,5.000000,6000,False
868082,MUTHOOTFIN26OCTFUT,MUTHOOTFIN,29OCT2026,0.000000,275,FUTSTK,BFO,5.000000,22000,False
868100,BHARATFORG26OCT2200CE,BHARATFORG,29OCT2026,220000.000000,500,OPTSTK,BFO,5.000000,30000,False
868124,LTF26OCT310PE,LTF,29OCT2026,31000.000000,2250,OPTSTK,BFO,5.000000,267720,False
876363,BANKBARODA26OCT255CE,BANKBARODA,29OCT2026,25500.000000,2925,OPTSTK,BFO,5.000000,175500,False
876366,SENSEX2691784500CE,SENSEX,17SEP2026,8450000.000000,20,OPTIDX,BFO,5.000000,1000,False
876367,HINDZINC26OCT540CE,HINDZINC,29OCT2026,54000.000000,1225,OPTSTK,BFO,5.000000,100000000,False
876369,SENSEX26OCT77600CE,SENSEX,29OCT2026,7760000.000000,20,OPTIDX,BFO,5.000000,1000,False
1124758,TRENT26NOV2450CE,TRENT,26NOV2026,245000.000000,225,OPTSTK,BFO,5.000000,16000,False
1124779,MAHABANK26SEP93PE,MAHABANK,24SEP2026,9300.000000,6500,OPTSTK,BFO,5.000000,100000000,False
1124785,M&M26NOV2800CE,M&M,26NOV2026,280000.000000,200,OPTSTK,BFO,5.000000,21000,False
1124806,SENSEX2691769400CE,SENSEX,17SEP2026,6940000.000000,20,OPTIDX,BFO,5.000000,1000,False
868130,BHARATFORG26OCT2040CE,BHARATFORG,29OCT2026,204000.000000,500,OPTSTK,BFO,5.000000,30000,False
868146,MFSL26OCT1640PE,MFSL,29OCT2026,164000.000000,400,OPTSTK,BFO,5.000000,32000,False
868147,BEL26OCT365PE,BEL,29OCT2026,36500.000000,1425,OPTSTK,BFO,5.000000,228000,False
868154,IEX26OCT150CE,IEX,29OCT2026,15000.000000,4350,OPTSTK,BFO,5.000000,150000,False
876375,SENSEX26OCT79900CE,SENSEX,29OCT2026,7990000.000000,20,OPTIDX,BFO,5.000000,1000,False
876379,OFSS26OCT11700PE,OFSS,29OCT2026,1170000.000000,100,OPTSTK,BFO,5.000000,8000,False
876388,APLAPOLLO26OCT1840CE,APLAPOLLO,29OCT2026,184000.000000,350,OPTSTK,BFO,5.000000,100000000,False
876402,HCLTECH26OCT1360CE,HCLTECH,29OCT2026,136000.000000,400,OPTSTK,BFO,5.000000,21000,False
851596,MOTHERSON26SEP160CE,MOTHERSON,24SEP2026,16000.000000,6150,OPTSTK,BFO,5.000000,284000,False
851609,KEI26SEP5900PE,KEI,24SEP2026,590000.000000,175,OPTSTK,BFO,5.000000,100000000,False
851689,LT26SEP4150CE,LT,24SEP2026,415000.000000,175,OPTSTK,BFO,5.000000,12000,False
851724,TCS26SEP1900CE,TCS,24SEP2026,190000.000000,225,OPTSTK,BFO,5.000000,7000,False
868155,RADICO26OCT4400CE,RADICO,29OCT2026,440000.000000,150,OPTSTK,BFO,5.000000,100000000,False
868163,PRESTIGE26OCT1680PE,PRESTIGE,29OCT2026,168000.000000,450,OPTSTK,BFO,5.000000,100000000,False
868164,LICI26OCT410PE,LICI,29OCT2026,41000.000000,1400,OPTSTK,BFO,5.000000,100000000,False
868175,DIVISLAB26OCT7600PE,DIVISLAB,29OCT2026,760000.000000,100,OPTSTK,BFO,5.000000,8000,False
1124826,MAHABANK26SEP93CE,MAHABANK,24SEP2026,9300.000000,6500,OPTSTK,BFO,5.000000,100000000,False
1124868,SENSEX26O2276200CE,SENSEX,22OCT2026,7620000.000000,20,OPTIDX,BFO,5.000000,1000,False
1124936,SENSEX26O2270500CE,SENSEX,22OCT2026,7050000.000000,20,OPTIDX,BFO,5.000000,1000,False
1125009,SENSEX26O2273000PE,SENSEX,22OCT2026,7300000.000000,20,OPTIDX,BFO,5.000000,1000,False
876404,HAVELLS26OCT1320CE,HAVELLS,29OCT2026,132000.000000,500,OPTSTK,BFO,5.000000,20000,False
876408,TECHM26OCT1520PE,TECHM,29OCT2026,152000.000000,600,OPTSTK,BFO,5.000000,24000,False
876410,MAZDOCK26OCT2450PE,MAZDOCK,29OCT2026,245000.000000,225,OPTSTK,BFO,5.000000,100000000,False
876420,SENSEX26OCT71600CE,SENSEX,29OCT2026,7160000.000000,20,OPTIDX,BFO,5.000000,1000,False
851748,NTPC26SEP320CE,NTPC,24SEP2026,32000.000000,1500,OPTSTK,BFO,5.000000,150000,False
851767,GVT&D26SEP4500PE,GVT&D,24SEP2026,450000.000000,125,OPTSTK,BFO,5.000000,100000000,False
851924,ABB26SEP6500PE,ABB,24SEP2026,650000.000000,125,OPTSTK,BFO,5.000000,7500,False
851938,UPL26SEP530PE,UPL,24SEP2026,53000.000000,1355,OPTSTK,BFO,5.000000,39000,False
868179,NMDC26OCT92CE,NMDC,29OCT2026,9200.000000,6750,OPTSTK,BFO,5.000000,225000,False
868196,POWERINDIA26OCT32000PE,POWERINDIA,29OCT2026,3200000.000000,25,OPTSTK,BFO,5.000000,100000000,False
868199,FOCIT26OCT30400PE,FOCIT,29OCT2026,3040000.000000,45,OPTIDX,BFO,5.000000,1350,False
868202,FOCIT26OCT32700PE,FOCIT,29OCT2026,3270000.000000,45,OPTIDX,BFO,5.000000,1350,False
876431,NATIONALUM26OCT300CE,NATIONALUM,29OCT2026,30000.000000,1875,OPTSTK,BFO,5.000000,300000,False
876437,TITAN26OCT4650CE,TITAN,29OCT2026,465000.000000,175,OPTSTK,BFO,5.000000,11250,False
876445,BOSCHLTD26OCT41500CE,BOSCHLTD,29OCT2026,4150000.000000,25,OPTSTK,BFO,5.000000,1500,False
876448,DIVISLAB26OCT8100PE,DIVISLAB,29OCT2026,810000.000000,100,OPTSTK,BFO,5.000000,8000,False
1125102,SENSEX26O2269700PE,SENSEX,22OCT2026,6970000.000000,20,OPTIDX,BFO,5.000000,1000,False
1125106,SENSEX26O2272800CE,SENSEX,22OCT2026,7280000.000000,20,OPTIDX,BFO,5.000000,1000,False
1125131,RBLBANK26NOV435PE,RBLBANK,26NOV2026,43500.000000,3175,OPTSTK,BFO,5.000000,150000,False
1125141,BHARATFORG26OCT1860CE,BHARATFORG,29OCT2026,186000.000000,500,OPTSTK,BFO,5.000000,30000,False
868249,NHPC26OCT85PE,NHPC,29OCT2026,8500.000000,6950,OPTSTK,BFO,5.000000,100000000,False
868253,BPCL26OCT285PE,BPCL,29OCT2026,28500.000000,1975,OPTSTK,BFO,5.000000,72000,False
868254,SENSEX2691774100CE,SENSEX,17SEP2026,7410000.000000,20,OPTIDX,BFO,5.000000,1000,False
868256,SENSEX2691776400CE,SENSEX,17SEP2026,7640000.000000,20,OPTIDX,BFO,5.000000,1000,False
851946,HDFCAMC26SEP2550CE,HDFCAMC,24SEP2026,255000.000000,300,OPTSTK,BFO,5.000000,12000,False
851963,INOXWIND26SEP100CE,INOXWIND,24SEP2026,10000.000000,6400,OPTSTK,BFO,5.000000,100000000,False
852015,JINDALSTEL26SEP1160CE,JINDALSTEL,24SEP2026,116000.000000,625,OPTSTK,BFO,5.000000,37500,False
852018,TIINDIA26SEP3350CE,TIINDIA,24SEP2026,335000.000000,200,OPTSTK,BFO,5.000000,100000000,False
876455,APLAPOLLO26OCT1760PE,APLAPOLLO,29OCT2026,176000.000000,350,OPTSTK,BFO,5.000000,100000000,False
876459,SHREECEM26OCT27500CE,SHREECEM,29OCT2026,2750000.000000,25,OPTSTK,BFO,5.000000,1000,False
876462,SBIN26OCT960CE,SBIN,29OCT2026,96000.000000,750,OPTSTK,BFO,5.000000,45000,False
876469,PAYTM26OCT1240CE,PAYTM,29OCT2026,124000.000000,725,OPTSTK,BFO,5.000000,100000000,False
868258,SENSEX2691778700CE,SENSEX,17SEP2026,7870000.000000,20,OPTIDX,BFO,5.000000,1000,False
868275,SENSEX2691783400PE,SENSEX,17SEP2026,8340000.000000,20,OPTIDX,BFO,5.000000,1000,False
868281,GRASIM26OCT2960PE,GRASIM,29OCT2026,296000.000000,250,OPTSTK,BFO,5.000000,14250,False
868282,ETERNAL26OCT335CE,ETERNAL,29OCT2026,33500.000000,2425,OPTSTK,BFO,5.000000,100000000,False
1125152,HDFCLIFE26NOV495CE,HDFCLIFE,26NOV2026,49500.000000,1100,OPTSTK,BFO,5.000000,44000,False
1125157,SENSEX26O2273600PE,SENSEX,22OCT2026,7360000.000000,20,OPTIDX,BFO,5.000000,1000,False
1125160,ULTRACEMCO26SEP10600PE,ULTRACEMCO,24SEP2026,1060000.000000,50,OPTSTK,BFO,5.000000,3000,False
1125202,ULTRACEMCO26NOV10500PE,ULTRACEMCO,26NOV2026,1050000.000000,50,OPTSTK,BFO,5.000000,3000,False
852105,INOXWIND26SEP105PE,INOXWIND,24SEP2026,10500.000000,6400,OPTSTK,BFO,5.000000,100000000,False
852143,DIXON26SEP10750CE,DIXON,24SEP2026,1075000.000000,50,OPTSTK,BFO,5.000000,6000,False
852154,ADANIGREEN26SEP1380PE,ADANIGREEN,24SEP2026,138000.000000,600,OPTSTK,BFO,5.000000,100000000,False
852167,CIPLA26SEP1530PE,CIPLA,24SEP2026,153000.000000,425,OPTSTK,BFO,5.000000,26000,False
876475,MCX26OCT2900PE,MCX,29OCT2026,290000.000000,225,OPTSTK,BFO,5.000000,16000,False
876497,IEX26OCT132.5CE,IEX,29OCT2026,13250.000000,4350,OPTSTK,BFO,5.000000,150000,False
876512,BPCL26OCT300PE,BPCL,29OCT2026,30000.000000,1975,OPTSTK,BFO,5.000000,72000,False
876515,FORCEMOT26OCT20000CE,FORCEMOT,29OCT2026,2000000.000000,25,OPTSTK,BFO,5.000000,100000000,False
868284,MARUTI26OCT13600PE,MARUTI,29OCT2026,1360000.000000,50,OPTSTK,BFO,5.000000,3000,False
868287,AMBUJACEM26OCT460PE,AMBUJACEM,29OCT2026,46000.000000,1200,OPTSTK,BFO,5.000000,54000,False
868289,BHARTIARTL26OCT2100PE,BHARTIARTL,29OCT2026,210000.000000,475,OPTSTK,BFO,5.000000,28500,False
868305,SRF26OCT2750PE,SRF,29OCT2026,275000.000000,200,OPTSTK,BFO,5.000000,11250,False
876518,BLUESTARCO26OCT1560PE,BLUESTARCO,29OCT2026,156000.000000,325,OPTSTK,BFO,5.000000,100000000,False
876521,MOTHERSON26OCT150CE,MOTHERSON,29OCT2026,15000.000000,6150,OPTSTK,BFO,5.000000,284000,False
876524,FOCIT26OCT42100CE,FOCIT,29OCT2026,4210000.000000,45,OPTIDX,BFO,5.000000,1350,False
876525,GAIL26OCT175PE,GAIL,29OCT2026,17500.000000,3550,OPTSTK,BFO,5.000000,274500,False
1125203,SENSEX26O2274100CE,SENSEX,22OCT2026,7410000.000000,20,OPTIDX,BFO,5.000000,1000,False
1125249,RBLBANK26OCT435CE,RBLBANK,29OCT2026,43500.000000,3175,OPTSTK,BFO,5.000000,150000,False
1125286,SENSEX26O2281200CE,SENSEX,22OCT2026,8120000.000000,20,OPTIDX,BFO,5.000000,1000,False
1125293,MANKIND26NOV2200CE,MANKIND,26NOV2026,220000.000000,250,OPTSTK,BFO,5.000000,100000000,False
852196,LODHA26SEP860PE,LODHA,24SEP2026,86000.000000,625,OPTSTK,BFO,5.000000,100000000,False
852198,INFY26SEP940CE,INFY,24SEP2026,94000.000000,400,OPTSTK,BFO,5.000000,16000,False
852204,PNBHOUSING26SEP1140CE,PNBHOUSING,24SEP2026,114000.000000,650,OPTSTK,BFO,5.000000,100000000,False
852205,KFINTECH26SEP760PE,KFINTECH,24SEP2026,76000.000000,575,OPTSTK,BFO,5.000000,100000000,False
868319,FOCIT26SEP30700PE,FOCIT,24SEP2026,3070000.000000,45,OPTIDX,BFO,5.000000,1350,False
868334,YESBANK26OCT23PE,YESBANK,29OCT2026,2300.000000,31100,OPTSTK,BFO,5.000000,100000000,False
868335,DRREDDY26OCT1120CE,DRREDDY,29OCT2026,112000.000000,625,OPTSTK,BFO,5.000000,5000,False
868339,OFSS26OCT11300PE,OFSS,29OCT2026,1130000.000000,100,OPTSTK,BFO,5.000000,8000,False
876541,JIOFIN26OCT255CE,JIOFIN,29OCT2026,25500.000000,2350,OPTSTK,BFO,5.000000,100000000,False
876548,PIIND26OCT3100PE,PIIND,29OCT2026,310000.000000,175,OPTSTK,BFO,5.000000,7500,False
876556,SENSEX26OCT79300PE,SENSEX,29OCT2026,7930000.000000,20,OPTIDX,BFO,5.000000,1000,False
876563,ICICIPRULI26OCT480PE,ICICIPRULI,29OCT2026,48000.000000,925,OPTSTK,BFO,5.000000,60000,False
868345,SHRIRAMFIN26OCT880CE,SHRIRAMFIN,29OCT2026,88000.000000,825,OPTSTK,BFO,5.000000,18000,False
868369,BANKEX26OCT65800PE,BANKEX,29OCT2026,6580000.000000,30,OPTIDX,BFO,5.000000,900,False
868371,SENSEX26OCT71200CE,SENSEX,29OCT2026,7120000.000000,20,OPTIDX,BFO,5.000000,1000,False
868373,ASIANPAINT26OCT2880PE,ASIANPAINT,29OCT2026,288000.000000,250,OPTSTK,BFO,5.000000,8000,False
852210,MARICO26SEP890PE,MARICO,24SEP2026,89000.000000,1200,OPTSTK,BFO,5.000000,48000,False
852227,AUBANK26SEP920CE,AUBANK,24SEP2026,92000.000000,1000,OPTSTK,BFO,5.000000,30000,False
852234,M&M26SEP2700CE,M&M,24SEP2026,270000.000000,200,OPTSTK,BFO,5.000000,21000,False
852239,RADICO26SEP3650PE,RADICO,24SEP2026,365000.000000,150,OPTSTK,BFO,5.000000,100000000,False
876565,SWIGGY26OCT295PE,SWIGGY,29OCT2026,29500.000000,1825,OPTSTK,BFO,5.000000,100000000,False
876569,BAJAJFINSV26OCT2040PE,BAJAJFINSV,29OCT2026,204000.000000,300,OPTSTK,BFO,5.000000,20000,False
876590,ABB26OCT6600PE,ABB,29OCT2026,660000.000000,125,OPTSTK,BFO,5.000000,7500,False
876594,SENSEX5026OCTFUT,SENSEX50,29OCT2026,0.000000,75,FUTIDX,BFO,5.000000,1800,False
868375,SENSEX2691780400CE,SENSEX,17SEP2026,8040000.000000,20,OPTIDX,BFO,5.000000,1000,False
868382,SENSEX26OCT75800CE,SENSEX,29OCT2026,7580000.000000,20,OPTIDX,BFO,5.000000,1000,False
868389,RECLTD26OCT375CE,RECLTD,29OCT2026,37500.000000,1575,OPTSTK,BFO,5.000000,160000,False
868397,CIPLA26OCT1480PE,CIPLA,29OCT2026,148000.000000,425,OPTSTK,BFO,5.000000,26000,False
852274,VEDL26SEP315CE,VEDL,24SEP2026,31500.000000,1150,OPTSTK,BFO,5.000000,80000,False
852322,JSWENERGY26SEP650CE,JSWENERGY,24SEP2026,65000.000000,1075,OPTSTK,BFO,5.000000,100000000,False
852345,MARICO26SEP910CE,MARICO,24SEP2026,91000.000000,1200,OPTSTK,BFO,5.000000,48000,False
852348,IOC26SEP152.5PE,IOC,24SEP2026,15250.000000,4875,OPTSTK,BFO,5.000000,292500,False
876607,SENSEX26OCT73300PE,SENSEX,29OCT2026,7330000.000000,20,OPTIDX,BFO,5.000000,1000,False
876608,MAXHEALTH26OCTFUT,MAXHEALTH,29OCT2026,0.000000,525,FUTSTK,BFO,5.000000,100000000,False
876614,SENSEX26OCT75600PE,SENSEX,29OCT2026,7560000.000000,20,OPTIDX,BFO,5.000000,1000,False
876621,GODREJCP26OCT1080PE,GODREJCP,29OCT2026,108000.000000,500,OPTSTK,BFO,5.000000,30000,False
868401,TORNTPHARM26OCT4600PE,TORNTPHARM,29OCT2026,460000.000000,125,OPTSTK,BFO,5.000000,15000,False
868404,FOCIT26OCT34000CE,FOCIT,29OCT2026,3400000.000000,45,OPTIDX,BFO,5.000000,1350,False
868405,FOCIT26OCT36300CE,FOCIT,29OCT2026,3630000.000000,45,OPTIDX,BFO,5.000000,1350,False
868420,FOCIT26OCT41000PE,FOCIT,29OCT2026,4100000.000000,45,OPTIDX,BFO,5.000000,1350,False
876624,LODHA26OCT1180PE,LODHA,29OCT2026,118000.000000,625,OPTSTK,BFO,5.000000,100000000,False
876631,UNIONBANK26OCT162.5CE,UNIONBANK,29OCT2026,16250.000000,4425,OPTSTK,BFO,5.000000,100000000,False
876632,FORCEMOT26OCT14000PE,FORCEMOT,29OCT2026,1400000.000000,25,OPTSTK,BFO,5.000000,100000000,False
876635,MPHASIS26OCTFUT,MPHASIS,29OCT2026,0.000000,275,FUTSTK,BFO,5.000000,11000,False
852353,LICHSGFIN26SEP600PE,LICHSGFIN,24SEP2026,60000.000000,1000,OPTSTK,BFO,5.000000,60000,False
852376,SENSEX26DEC71000PE,SENSEX,31DEC2026,7100000.000000,20,OPTIDX,BFO,5.000000,1000,False
852394,SENSEX30JUN71000PE,SENSEX,27JUN2030,7100000.000000,20,OPTIDX,BFO,5.000000,1000,False
852439,MOTHERSON26SEP162.5PE,MOTHERSON,24SEP2026,16250.000000,6150,OPTSTK,BFO,5.000000,284000,False
868422,PERSISTENT26OCT5600CE,PERSISTENT,29OCT2026,560000.000000,125,OPTSTK,BFO,5.000000,5250,False
868424,SHRIRAMFIN26OCT1100PE,SHRIRAMFIN,29OCT2026,110000.000000,825,OPTSTK,BFO,5.000000,18000,False
868426,NATIONALUM26OCT330PE,NATIONALUM,29OCT2026,33000.000000,1875,OPTSTK,BFO,5.000000,300000,False
868447,SOLARINDS26OCT17750CE,SOLARINDS,29OCT2026,1775000.000000,50,OPTSTK,BFO,5.000000,100000000,False
876645,POWERGRID26OCT280PE,POWERGRID,29OCT2026,28000.000000,1900,OPTSTK,BFO,5.000000,108000,False
876647,OFSS26OCT11600CE,OFSS,29OCT2026,1160000.000000,100,OPTSTK,BFO,5.000000,8000,False
876648,FOCIT26SEP40100CE,FOCIT,24SEP2026,4010000.000000,45,OPTIDX,BFO,5.000000,1350,False
876677,APLAPOLLO26OCT2020PE,APLAPOLLO,29OCT2026,202000.000000,350,OPTSTK,BFO,5.000000,100000000,False
868449,MARICO26OCT940CE,MARICO,29OCT2026,94000.000000,1200,OPTSTK,BFO,5.000000,48000,False
868456,LTM26OCT4750PE,LTM,29OCT2026,475000.000000,150,OPTSTK,BFO,5.000000,4500,False
868509,WAAREEENER26OCT2900CE,WAAREEENER,29OCT2026,290000.000000,175,OPTSTK,BFO,5.000000,100000000,False
868510,INDHOTEL26OCT810CE,INDHOTEL,29OCT2026,81000.000000,1000,OPTSTK,BFO,5.000000,60000,False
876678,BANKEX26OCT61500CE,BANKEX,29OCT2026,6150000.000000,30,OPTIDX,BFO,5.000000,900,False
876682,LAURUSLABS26OCT1780PE,LAURUSLABS,29OCT2026,178000.000000,850,OPTSTK,BFO,5.000000,68000,False
876714,CANBK26OCT140PE,CANBK,29OCT2026,14000.000000,6750,OPTSTK,BFO,5.000000,81000,False
876721,BPCL26OCT305PE,BPCL,29OCT2026,30500.000000,1975,OPTSTK,BFO,5.000000,72000,False
852442,PREMIERENE26SEP940CE,PREMIERENE,24SEP2026,94000.000000,650,OPTSTK,BFO,5.000000,100000000,False
852452,DLF26SEP570PE,DLF,24SEP2026,57000.000000,950,OPTSTK,BFO,5.000000,49500,False
852457,MOTHERSON26SEP130PE,MOTHERSON,24SEP2026,13000.000000,6150,OPTSTK,BFO,5.000000,284000,False
852459,IOC26SEP125PE,IOC,24SEP2026,12500.000000,4875,OPTSTK,BFO,5.000000,292500,False
868514,DIXON26OCT14250CE,DIXON,29OCT2026,1425000.000000,50,OPTSTK,BFO,5.000000,6000,False
868516,YESBANK26OCT28PE,YESBANK,29OCT2026,2800.000000,31100,OPTSTK,BFO,5.000000,100000000,False
868518,RVNL26OCTFUT,RVNL,29OCT2026,0.000000,1925,FUTSTK,BFO,5.000000,100000000,False
868522,FOCIT26SEP38900CE,FOCIT,24SEP2026,3890000.000000,45,OPTIDX,BFO,5.000000,1350,False
876740,JIOFIN26OCT255PE,JIOFIN,29OCT2026,25500.000000,2350,OPTSTK,BFO,5.000000,100000000,False
876882,KAYNES26OCT3800PE,KAYNES,29OCT2026,380000.000000,150,OPTSTK,BFO,5.000000,100000000,False
876921,NYKAA26OCT365CE,NYKAA,29OCT2026,36500.000000,3125,OPTSTK,BFO,5.000000,100000000,False
876949,APLAPOLLO26OCT1980PE,APLAPOLLO,29OCT2026,198000.000000,350,OPTSTK,BFO,5.000000,100000000,False
852460,PIIND26SEP2900CE,PIIND,24SEP2026,290000.000000,175,OPTSTK,BFO,5.000000,7500,False
852498,PIDILITIND26SEP1720PE,PIDILITIND,24SEP2026,172000.000000,500,OPTSTK,BFO,5.000000,10000,False
852534,VEDL26SEP265CE,VEDL,24SEP2026,26500.000000,1150,OPTSTK,BFO,5.000000,80000,False
852545,FEDERALBNK26SEP360PE,FEDERALBNK,24SEP2026,36000.000000,2500,OPTSTK,BFO,5.000000,200000,False
868534,SENSEX2691782100PE,SENSEX,17SEP2026,8210000.000000,20,OPTIDX,BFO,5.000000,1000,False
868542,HDFCBANK26OCT770PE,HDFCBANK,29OCT2026,77000.000000,650,OPTSTK,BFO,5.000000,16500,False
868559,SENSEX5026OCT25100CE,SENSEX50,29OCT2026,2510000.000000,75,OPTIDX,BFO,5.000000,1800,False
868563,SHREECEM26OCT27750CE,SHREECEM,29OCT2026,2775000.000000,25,OPTSTK,BFO,5.000000,1000,False
876958,GODREJPROP26OCT2160PE,GODREJPROP,29OCT2026,216000.000000,325,OPTSTK,BFO,5.000000,19000,False
876978,ICICIPRULI26OCT485PE,ICICIPRULI,29OCT2026,48500.000000,925,OPTSTK,BFO,5.000000,60000,False
876987,CIPLA26OCT1430PE,CIPLA,29OCT2026,143000.000000,425,OPTSTK,BFO,5.000000,26000,False
877026,EICHERMOT26OCT7500CE,EICHERMOT,29OCT2026,750000.000000,100,OPTSTK,BFO,5.000000,7000,False
852559,HAVELLS26SEP1060PE,HAVELLS,24SEP2026,106000.000000,500,OPTSTK,BFO,5.000000,20000,False
852594,LODHA26SEP1080CE,LODHA,24SEP2026,108000.000000,625,OPTSTK,BFO,5.000000,100000000,False
852615,VBL26SEP450CE,VBL,24SEP2026,45000.000000,1275,OPTSTK,BFO,5.000000,100000000,False
852620,ETERNAL26SEP230PE,ETERNAL,24SEP2026,23000.000000,2425,OPTSTK,BFO,5.000000,100000000,False
868569,ZYDUSLIFE26OCT1140CE,ZYDUSLIFE,29OCT2026,114000.000000,900,OPTSTK,BFO,5.000000,54000,False
868572,KOTAKBANK26OCT400PE,KOTAKBANK,29OCT2026,40000.000000,2000,OPTSTK,BFO,5.000000,12000,False
868593,ADANIENSOL26OCT1800PE,ADANIENSOL,29OCT2026,180000.000000,675,OPTSTK,BFO,5.000000,100000000,False
868596,DMART26OCT4200CE,DMART,29OCT2026,420000.000000,150,OPTSTK,BFO,5.000000,100000000,False
877047,360ONE26OCT1020PE,,29OCT2026,102000.000000,500,OPTSTK,BFO,5.000000,100000000,False
877072,SHREECEM26OCT25250PE,SHREECEM,29OCT2026,2525000.000000,25,OPTSTK,BFO,5.000000,1000,False
877074,AMBUJACEM26OCT470CE,AMBUJACEM,29OCT2026,47000.000000,1200,OPTSTK,BFO,5.000000,54000,False
877097,FEDERALBNK26OCT325PE,FEDERALBNK,29OCT2026,32500.000000,2500,OPTSTK,BFO,5.000000,200000,False
1125341,PHOENIXLTD26NOV2100PE,PHOENIXLTD,26NOV2026,210000.000000,350,OPTSTK,BFO,5.000000,100000000,False
1125343,SENSEX26O2270700PE,SENSEX,22OCT2026,7070000.000000,20,OPTIDX,BFO,5.000000,1000,False
1125383,SENSEX5026OCT24000CE,SENSEX50,29OCT2026,2400000.000000,75,OPTIDX,BFO,5.000000,1800,False
1125406,SENSEX26O0869400CE,SENSEX,08OCT2026,6940000.000000,20,OPTIDX,BFO,5.000000,1000,False
852630,UNITDSPR26SEP1240PE,UNITDSPR,24SEP2026,124000.000000,400,OPTSTK,BFO,5.000000,28000,False
852640,M&M26SEP2950PE,M&M,24SEP2026,295000.000000,200,OPTSTK,BFO,5.000000,21000,False
852649,PETRONET26SEP315PE,PETRONET,24SEP2026,31500.000000,1900,OPTSTK,BFO,5.000000,120000,False
852660,MARICO26SEP770CE,MARICO,24SEP2026,77000.000000,1200,OPTSTK,BFO,5.000000,48000,False
868612,BAJAJFINSV26OCT1760PE,BAJAJFINSV,29OCT2026,176000.000000,300,OPTSTK,BFO,5.000000,20000,False
868616,UNOMINDA26OCT1140CE,UNOMINDA,29OCT2026,114000.000000,550,OPTSTK,BFO,5.000000,100000000,False
868634,GRASIM26OCT3120CE,GRASIM,29OCT2026,312000.000000,250,OPTSTK,BFO,5.000000,14250,False
868635,PIIND26OCT2650CE,PIIND,29OCT2026,265000.000000,175,OPTSTK,BFO,5.000000,7500,False
877121,ADANIENSOL26OCT1780CE,ADANIENSOL,29OCT2026,178000.000000,675,OPTSTK,BFO,5.000000,100000000,False
877125,FORTIS26OCT880CE,FORTIS,29OCT2026,88000.000000,775,OPTSTK,BFO,5.000000,100000000,False
877126,BANKEX26OCT69200PE,BANKEX,29OCT2026,6920000.000000,30,OPTIDX,BFO,5.000000,900,False
877129,ALKEM26OCT5550PE,ALKEM,29OCT2026,555000.000000,125,OPTSTK,BFO,5.000000,8000,False
1125413,SENSEX26O2272700CE,SENSEX,22OCT2026,7270000.000000,20,OPTIDX,BFO,5.000000,1000,False
1125475,SENSEX26NOV69400PE,SENSEX,26NOV2026,6940000.000000,20,OPTIDX,BFO,5.000000,1000,False
1125506,RBLBANK26NOV445CE,RBLBANK,26NOV2026,44500.000000,3175,OPTSTK,BFO,5.000000,150000,False
1125600,SENSEX26O2274000PE,SENSEX,22OCT2026,7400000.000000,20,OPTIDX,BFO,5.000000,1000,False
852729,SRF26SEP2500PE,SRF,24SEP2026,250000.000000,200,OPTSTK,BFO,5.000000,11250,False
852749,DIXON26SEP12750CE,DIXON,24SEP2026,1275000.000000,50,OPTSTK,BFO,5.000000,6000,False
852757,IOC26SEP122.5CE,IOC,24SEP2026,12250.000000,4875,OPTSTK,BFO,5.000000,292500,False
852763,INDIGO26SEP4800PE,INDIGO,24SEP2026,480000.000000,150,OPTSTK,BFO,5.000000,12000,False
877134,ASTRAL26OCT1520CE,ASTRAL,29OCT2026,152000.000000,425,OPTSTK,BFO,5.000000,14680,False
877151,SRF26OCT2600CE,SRF,29OCT2026,260000.000000,200,OPTSTK,BFO,5.000000,11250,False
877173,CAMS26OCT790PE,CAMS,29OCT2026,79000.000000,825,OPTSTK,BFO,5.000000,100000000,False
877181,YESBANK26OCT20PE,YESBANK,29OCT2026,2000.000000,31100,OPTSTK,BFO,5.000000,100000000,False
868639,PGEL26OCT550PE,PGEL,29OCT2026,55000.000000,950,OPTSTK,BFO,5.000000,100000000,False
868648,PREMIERENE26OCT1060PE,PREMIERENE,29OCT2026,106000.000000,650,OPTSTK,BFO,5.000000,100000000,False
868652,ADANIPOWER26OCT195CE,ADANIPOWER,29OCT2026,19500.000000,3550,OPTSTK,BFO,5.000000,100000000,False
868666,RBLBANK26OCT400PE,RBLBANK,29OCT2026,40000.000000,3175,OPTSTK,BFO,5.000000,150000,False
1125611,SENSEX26O2278000CE,SENSEX,22OCT2026,7800000.000000,20,OPTIDX,BFO,5.000000,1000,False
1125687,MARICO26SEP750PE,MARICO,24SEP2026,75000.000000,1200,OPTSTK,BFO,5.000000,48000,False
1125688,SENSEX26O2282900CE,SENSEX,22OCT2026,8290000.000000,20,OPTIDX,BFO,5.000000,1000,False
1125698,KAYNES26NOV3150CE,KAYNES,26NOV2026,315000.000000,150,OPTSTK,BFO,5.000000,100000000,False
852768,TIINDIA26SEP2800PE,TIINDIA,24SEP2026,280000.000000,200,OPTSTK,BFO,5.000000,100000000,False
852809,INDIGO26SEP4700CE,INDIGO,24SEP2026,470000.000000,150,OPTSTK,BFO,5.000000,12000,False
852839,JINDALSTEL26SEP960CE,JINDALSTEL,24SEP2026,96000.000000,625,OPTSTK,BFO,5.000000,37500,False
852840,PIIND26SEP2250PE,PIIND,24SEP2026,225000.000000,175,OPTSTK,BFO,5.000000,7500,False
877266,AUBANK26OCT960CE,AUBANK,29OCT2026,96000.000000,1000,OPTSTK,BFO,5.000000,30000,False
877282,SAIL26OCT165PE,SAIL,29OCT2026,16500.000000,4700,OPTSTK,BFO,5.000000,320000,False
877287,ASIANPAINT26OCT2740PE,ASIANPAINT,29OCT2026,274000.000000,250,OPTSTK,BFO,5.000000,8000,False
877294,SHREECEM26OCT28250CE,SHREECEM,29OCT2026,2825000.000000,25,OPTSTK,BFO,5.000000,1000,False
877335,TATAELXSI26OCT3950PE,TATAELXSI,29OCT2026,395000.000000,125,OPTSTK,BFO,5.000000,100000000,False
877351,IOC26OCT157.5PE,IOC,29OCT2026,15750.000000,4875,OPTSTK,BFO,5.000000,292500,False
877371,SENSEX2691782400CE,SENSEX,17SEP2026,8240000.000000,20,OPTIDX,BFO,5.000000,1000,False
877445,DLF26OCT730PE,DLF,29OCT2026,73000.000000,950,OPTSTK,BFO,5.000000,49500,False
1125716,SENSEX26O2280900CE,SENSEX,22OCT2026,8090000.000000,20,OPTIDX,BFO,5.000000,1000,False
1125731,TRENT26NOV2450PE,TRENT,26NOV2026,245000.000000,225,OPTSTK,BFO,5.000000,16000,False
1125741,SENSEX26O2276600CE,SENSEX,22OCT2026,7660000.000000,20,OPTIDX,BFO,5.000000,1000,False
1125760,TRENT26OCT2450PE,TRENT,29OCT2026,245000.000000,225,OPTSTK,BFO,5.000000,16000,False
852843,HDFCAMC26SEP2750PE,HDFCAMC,24SEP2026,275000.000000,300,OPTSTK,BFO,5.000000,12000,False
852852,NAUKRI26SEP840CE,NAUKRI,24SEP2026,84000.000000,550,OPTSTK,BFO,5.000000,6000,False
852871,INOXWIND26SEP97.5CE,INOXWIND,24SEP2026,9750.000000,6400,OPTSTK,BFO,5.000000,100000000,False
852885,GODFRYPHLP26SEP2400CE,GODFRYPHLP,24SEP2026,240000.000000,275,OPTSTK,BFO,5.000000,100000000,False
877459,LUPIN26OCT2420CE,LUPIN,29OCT2026,242000.000000,425,OPTSTK,BFO,5.000000,34000,False
877477,MARUTI26OCT14900CE,MARUTI,29OCT2026,1490000.000000,50,OPTSTK,BFO,5.000000,3000,False
877504,FOCIT26SEP42700PE,FOCIT,24SEP2026,4270000.000000,45,OPTIDX,BFO,5.000000,1350,False
877528,LICHSGFIN26OCT570CE,LICHSGFIN,29OCT2026,57000.000000,1000,OPTSTK,BFO,5.000000,60000,False
1125781,JUBLFOOD26NOV445PE,JUBLFOOD,26NOV2026,44500.000000,1250,OPTSTK,BFO,5.000000,50000,False
1125785,HDFCAMC26SEP2100PE,HDFCAMC,24SEP2026,210000.000000,300,OPTSTK,BFO,5.000000,12000,False
1126012,ZYDUSLIFE26NOV1050CE,ZYDUSLIFE,26NOV2026,105000.000000,900,OPTSTK,BFO,5.000000,54000,False
1126039,LUPIN26SEP1980PE,LUPIN,24SEP2026,198000.000000,425,OPTSTK,BFO,5.000000,34000,False
852888,GLENMARK26SEP2340CE,GLENMARK,24SEP2026,234000.000000,375,OPTSTK,BFO,5.000000,43500,False
852902,HCLTECH26SEP1000CE,HCLTECH,24SEP2026,100000.000000,400,OPTSTK,BFO,5.000000,21000,False
852904,GAIL26SEP185CE,GAIL,24SEP2026,18500.000000,3550,OPTSTK,BFO,5.000000,274500,False
852908,KOTAKBANK26SEP430PE,KOTAKBANK,24SEP2026,43000.000000,2000,OPTSTK,BFO,5.000000,12000,False
877591,NTPC26OCT310CE,NTPC,29OCT2026,31000.000000,1500,OPTSTK,BFO,5.000000,150000,False
877705,ITC26OCT277.5CE,ITC,29OCT2026,27750.000000,1725,OPTSTK,BFO,5.000000,64000,False
877714,SENSEX26OCT83200CE,SENSEX,29OCT2026,8320000.000000,20,OPTIDX,BFO,5.000000,1000,False
877750,RVNL26OCT225CE,RVNL,29OCT2026,22500.000000,1925,OPTSTK,BFO,5.000000,100000000,False
868670,CONCOR26OCT510CE,CONCOR,29OCT2026,51000.000000,1250,OPTSTK,BFO,5.000000,40000,False
868676,INFY26OCT1060CE,INFY,29OCT2026,106000.000000,400,OPTSTK,BFO,5.000000,16000,False
868688,UNIONBANK26OCT160PE,UNIONBANK,29OCT2026,16000.000000,4425,OPTSTK,BFO,5.000000,100000000,False
868846,GRASIM26OCT3040PE,GRASIM,29OCT2026,304000.000000,250,OPTSTK,BFO,5.000000,14250,False
877830,BLUESTARCO26OCT1680CE,BLUESTARCO,29OCT2026,168000.000000,325,OPTSTK,BFO,5.000000,100000000,False
877831,JSWENERGY26OCT470PE,JSWENERGY,29OCT2026,47000.000000,1075,OPTSTK,BFO,5.000000,100000000,False
877860,ICICIBANK26OCT1470CE,ICICIBANK,29OCT2026,147000.000000,700,OPTSTK,BFO,5.000000,28000,False
877861,MUTHOOTFIN26OCT2800PE,MUTHOOTFIN,29OCT2026,280000.000000,275,OPTSTK,BFO,5.000000,22000,False
1126068,POLYCAB26NOV7600CE,POLYCAB,26NOV2026,760000.000000,125,OPTSTK,BFO,5.000000,9000,False
1126141,HDFCAMC26OCT2100PE,HDFCAMC,29OCT2026,210000.000000,300,OPTSTK,BFO,5.000000,12000,False
1126177,ANGELONE26NOV335CE,ANGELONE,26NOV2026,33500.000000,2500,OPTSTK,BFO,5.000000,100000000,False
1126183,DRREDDY26NOV1080CE,DRREDDY,26NOV2026,108000.000000,625,OPTSTK,BFO,5.000000,5000,False
852932,INOXWIND26SEP72.5PE,INOXWIND,24SEP2026,7250.000000,6400,OPTSTK,BFO,5.000000,100000000,False
852933,AUBANK26SEP1120CE,AUBANK,24SEP2026,112000.000000,1000,OPTSTK,BFO,5.000000,30000,False
852947,IREDA26SEP132.5PE,IREDA,24SEP2026,13250.000000,4525,OPTSTK,BFO,5.000000,100000000,False
852959,MARICO26SEP880PE,MARICO,24SEP2026,88000.000000,1200,OPTSTK,BFO,5.000000,48000,False
877864,PNB26OCT118CE,PNB,29OCT2026,11800.000000,8000,OPTSTK,BFO,5.000000,480000,False
877883,BHARATFORG26OCT2040PE,BHARATFORG,29OCT2026,204000.000000,500,OPTSTK,BFO,5.000000,30000,False
877885,NBCC26OCT92.5CE,NBCC,29OCT2026,9250.000000,6500,OPTSTK,BFO,5.000000,100000000,False
877897,ABB26OCT7500CE,ABB,29OCT2026,750000.000000,125,OPTSTK,BFO,5.000000,7500,False
852980,LT26SEP4000CE,LT,24SEP2026,400000.000000,175,OPTSTK,BFO,5.000000,12000,False
852982,HDFCLIFE26SEP545CE,HDFCLIFE,24SEP2026,54500.000000,1100,OPTSTK,BFO,5.000000,44000,False
852994,CANBK26SEP127.5PE,CANBK,24SEP2026,12750.000000,6750,OPTSTK,BFO,5.000000,81000,False
853022,VEDL26SEP305CE,VEDL,24SEP2026,30500.000000,1150,OPTSTK,BFO,5.000000,80000,False
869092,HINDALCO26OCT980PE,HINDALCO,29OCT2026,98000.000000,700,OPTSTK,BFO,5.000000,56000,False
869105,SENSEX2691778000CE,SENSEX,17SEP2026,7800000.000000,20,OPTIDX,BFO,5.000000,1000,False
869285,FOCIT26SEP38300PE,FOCIT,24SEP2026,3830000.000000,45,OPTIDX,BFO,5.000000,1350,False
869402,ICICIBANK26OCT1410CE,ICICIBANK,29OCT2026,141000.000000,700,OPTSTK,BFO,5.000000,28000,False
1126222,RELIANCE26NOV1390CE,RELIANCE,26NOV2026,139000.000000,500,OPTSTK,BFO,5.000000,10000,False
1126236,CUMMINSIND26NOV4300CE,CUMMINSIND,26NOV2026,430000.000000,200,OPTSTK,BFO,5.000000,18000,False
1126269,LAURUSLABS26NOV1700CE,LAURUSLABS,26NOV2026,170000.000000,850,OPTSTK,BFO,5.000000,68000,False
1126273,ZYDUSLIFE26NOV1050PE,ZYDUSLIFE,26NOV2026,105000.000000,900,OPTSTK,BFO,5.000000,54000,False
869504,VBL26OCT440PE,VBL,29OCT2026,44000.000000,1275,OPTSTK,BFO,5.000000,100000000,False
869689,PIDILITIND26OCT1620CE,PIDILITIND,29OCT2026,162000.000000,500,OPTSTK,BFO,5.000000,10000,False
869699,SENSEX2691774300CE,SENSEX,17SEP2026,7430000.000000,20,OPTIDX,BFO,5.000000,1000,False
869905,PAYTM26OCT1300PE,PAYTM,29OCT2026,130000.000000,725,OPTSTK,BFO,5.000000,100000000,False
1126314,ICICIBANK26NOV1350CE,ICICIBANK,26NOV2026,135000.000000,700,OPTSTK,BFO,5.000000,28000,False
1126349,LUPIN26SEP1960CE,LUPIN,24SEP2026,196000.000000,425,OPTSTK,BFO,5.000000,34000,False
1126417,ETERNAL26NOV285CE,ETERNAL,26NOV2026,28500.000000,2425,OPTSTK,BFO,5.000000,100000000,False
1126424,DMART26SEP3350CE,DMART,24SEP2026,335000.000000,150,OPTSTK,BFO,5.000000,100000000,False
853045,MOTHERSON26SEP140CE,MOTHERSON,24SEP2026,14000.000000,6150,OPTSTK,BFO,5.000000,284000,False
853075,M&M26SEP3050PE,M&M,24SEP2026,305000.000000,200,OPTSTK,BFO,5.000000,21000,False
853089,PAGEIND26SEP38500CE,PAGEIND,24SEP2026,3850000.000000,20,OPTSTK,BFO,5.000000,600,False
853095,IOC26SEP142.5PE,IOC,24SEP2026,14250.000000,4875,OPTSTK,BFO,5.000000,292500,False
877918,INFY26OCT1020PE,INFY,29OCT2026,102000.000000,400,OPTSTK,BFO,5.000000,16000,False
877991,YESBANK26OCT25PE,YESBANK,29OCT2026,2500.000000,31100,OPTSTK,BFO,5.000000,100000000,False
878020,IEX26OCT140CE,IEX,29OCT2026,14000.000000,4350,OPTSTK,BFO,5.000000,150000,False
878029,LICI26OCT400PE,LICI,29OCT2026,40000.000000,1400,OPTSTK,BFO,5.000000,100000000,False
870029,BAJAJ-AUTO26OCT12000CE,BAJAJ-AUTO,29OCT2026,1200000.000000,75,OPTSTK,BFO,5.000000,5000,False
870166,KOTAKBANK26OCT405PE,KOTAKBANK,29OCT2026,40500.000000,2000,OPTSTK,BFO,5.000000,12000,False
870189,SONACOMS26OCT700CE,SONACOMS,29OCT2026,70000.000000,1225,OPTSTK,BFO,5.000000,100000000,False
870235,CHOLAFIN26OCT1720CE,CHOLAFIN,29OCT2026,172000.000000,625,OPTSTK,BFO,5.000000,25000,False
878051,BAJFINANCE26OCT1100CE,BAJFINANCE,29OCT2026,110000.000000,750,OPTSTK,BFO,5.000000,3750,False
878106,BIOCON26OCT410CE,BIOCON,29OCT2026,41000.000000,2500,OPTSTK,BFO,5.000000,100000,False
878119,LTM26OCT4350CE,LTM,29OCT2026,435000.000000,150,OPTSTK,BFO,5.000000,4500,False
878121,IEX26OCT117.5PE,IEX,29OCT2026,11750.000000,4350,OPTSTK,BFO,5.000000,150000,False
853157,M&M26SEP2900PE,M&M,24SEP2026,290000.000000,200,OPTSTK,BFO,5.000000,21000,False
853163,LT26SEP4050PE,LT,24SEP2026,405000.000000,175,OPTSTK,BFO,5.000000,12000,False
853182,PIIND26SEP2900PE,PIIND,24SEP2026,290000.000000,175,OPTSTK,BFO,5.000000,7500,False
853186,INFY26SEP880CE,INFY,24SEP2026,88000.000000,400,OPTSTK,BFO,5.000000,16000,False
1126475,FOCIT26SEP29600PE,FOCIT,24SEP2026,2960000.000000,45,OPTIDX,BFO,5.000000,1350,False
1126516,TATAELXSI26OCT3150PE,TATAELXSI,29OCT2026,315000.000000,125,OPTSTK,BFO,5.000000,100000000,False
1126553,MANAPPURAM26OCT290CE,MANAPPURAM,29OCT2026,29000.000000,3000,OPTSTK,BFO,5.000000,180000,False
1126613,OFSS26NOV11100PE,OFSS,26NOV2026,1110000.000000,100,OPTSTK,BFO,5.000000,8000,False
878140,ABB26OCT6800PE,ABB,29OCT2026,680000.000000,125,OPTSTK,BFO,5.000000,7500,False
878153,MFSL26OCT1460CE,MFSL,29OCT2026,146000.000000,400,OPTSTK,BFO,5.000000,32000,False
878161,KOTAKBANK26OCT410CE,KOTAKBANK,29OCT2026,41000.000000,2000,OPTSTK,BFO,5.000000,12000,False
878166,SENSEX2691780400PE,SENSEX,17SEP2026,8040000.000000,20,OPTIDX,BFO,5.000000,1000,False
870341,PIDILITIND26OCT1540PE,PIDILITIND,29OCT2026,154000.000000,500,OPTSTK,BFO,5.000000,10000,False
870399,BANKEX26OCT69700PE,BANKEX,29OCT2026,6970000.000000,30,OPTIDX,BFO,5.000000,900,False
870515,SENSEX26OCT75100CE,SENSEX,29OCT2026,7510000.000000,20,OPTIDX,BFO,5.000000,1000,False
870645,SENSEX26OCT79700CE,SENSEX,29OCT2026,7970000.000000,20,OPTIDX,BFO,5.000000,1000,False
878181,AMBER26OCT7600PE,AMBER,29OCT2026,760000.000000,100,OPTSTK,BFO,5.000000,100000000,False
878221,FEDERALBNK26OCT365CE,FEDERALBNK,29OCT2026,36500.000000,2500,OPTSTK,BFO,5.000000,200000,False
878232,BAJFINANCE26OCT1020PE,BAJFINANCE,29OCT2026,102000.000000,750,OPTSTK,BFO,5.000000,3750,False
878238,CUMMINSIND26OCT4800CE,CUMMINSIND,29OCT2026,480000.000000,200,OPTSTK,BFO,5.000000,18000,False
853188,WIPRO26SEP152.5CE,WIPRO,24SEP2026,15250.000000,3000,OPTSTK,BFO,5.000000,60000,False
853197,FEDERALBNK26SEP350CE,FEDERALBNK,24SEP2026,35000.000000,2500,OPTSTK,BFO,5.000000,200000,False
853200,VMM26SEP122.5PE,VMM,24SEP2026,12250.000000,4850,OPTSTK,BFO,5.000000,100000000,False
853204,VMM26SEP127.5CE,VMM,24SEP2026,12750.000000,4850,OPTSTK,BFO,5.000000,100000000,False
1126635,ASIANPAINT26SEP2360PE,ASIANPAINT,24SEP2026,236000.000000,250,OPTSTK,BFO,5.000000,8000,False
1126651,SOLARINDS26OCT23750PE,SOLARINDS,29OCT2026,2375000.000000,50,OPTSTK,BFO,5.000000,100000000,False
1126654,SENSEX5026OCT23950CE,SENSEX50,29OCT2026,2395000.000000,75,OPTIDX,BFO,5.000000,1800,False
1126744,SBIN26NOV940PE,SBIN,26NOV2026,94000.000000,750,OPTSTK,BFO,5.000000,45000,False
870833,BOSCHLTD26OCT45000CE,BOSCHLTD,29OCT2026,4500000.000000,25,OPTSTK,BFO,5.000000,1500,False
870942,TIINDIA26OCT2350PE,TIINDIA,29OCT2026,235000.000000,200,OPTSTK,BFO,5.000000,100000000,False
871024,PAGEIND26OCT42500PE,PAGEIND,29OCT2026,4250000.000000,20,OPTSTK,BFO,5.000000,600,False
871094,MAZDOCK26OCT2250PE,MAZDOCK,29OCT2026,225000.000000,225,OPTSTK,BFO,5.000000,100000000,False
1126765,LUPIN26SEP1960PE,LUPIN,24SEP2026,196000.000000,425,OPTSTK,BFO,5.000000,34000,False
1126800,IEX26OCT100CE,IEX,29OCT2026,10000.000000,4350,OPTSTK,BFO,5.000000,150000,False
1126820,SBICARD26OCT740CE,SBICARD,29OCT2026,74000.000000,800,OPTSTK,BFO,5.000000,32000,False
1126833,LTM26NOV4100CE,LTM,26NOV2026,410000.000000,150,OPTSTK,BFO,5.000000,4500,False
853219,INFY26SEP1140CE,INFY,24SEP2026,114000.000000,400,OPTSTK,BFO,5.000000,16000,False
853246,ABB26SEP7700CE,ABB,24SEP2026,770000.000000,125,OPTSTK,BFO,5.000000,7500,False
853275,MOTHERSON26SEP157.5PE,MOTHERSON,24SEP2026,15750.000000,6150,OPTSTK,BFO,5.000000,284000,False
853276,VEDL26SEP255CE,VEDL,24SEP2026,25500.000000,1150,OPTSTK,BFO,5.000000,80000,False
871357,TATAPOWER26OCT400CE,TATAPOWER,29OCT2026,40000.000000,1450,OPTSTK,BFO,5.000000,101250,False
871444,INDIGO26OCT5200PE,INDIGO,29OCT2026,520000.000000,150,OPTSTK,BFO,5.000000,12000,False
871522,SHREECEM26OCT25000CE,SHREECEM,29OCT2026,2500000.000000,25,OPTSTK,BFO,5.000000,1000,False
871542,GODREJCP26OCT1050CE,GODREJCP,29OCT2026,105000.000000,500,OPTSTK,BFO,5.000000,30000,False
878261,FOCIT26OCT34000PE,FOCIT,29OCT2026,3400000.000000,45,OPTIDX,BFO,5.000000,1350,False
878296,FOCIT26SEP40300CE,FOCIT,24SEP2026,4030000.000000,45,OPTIDX,BFO,5.000000,1350,False
878311,EICHERMOT26OCT7800PE,EICHERMOT,29OCT2026,780000.000000,100,OPTSTK,BFO,5.000000,7000,False
878317,PIIND26OCT3050PE,PIIND,29OCT2026,305000.000000,175,OPTSTK,BFO,5.000000,7500,False
1126848,ICICIGI26OCT1360PE,ICICIGI,29OCT2026,136000.000000,325,OPTSTK,BFO,5.000000,20000,False
1126906,PIDILITIND26NOV1440PE,PIDILITIND,26NOV2026,144000.000000,500,OPTSTK,BFO,5.000000,10000,False
1126917,KEI26NOV4100CE,KEI,26NOV2026,410000.000000,175,OPTSTK,BFO,5.000000,100000000,False
1126936,NAUKRI26NOV1160PE,NAUKRI,26NOV2026,116000.000000,550,OPTSTK,BFO,5.000000,6000,False
853282,IEX26SEP107.5PE,IEX,24SEP2026,10750.000000,4350,OPTSTK,BFO,5.000000,150000,False
853286,ADANIPOWER26SEP200PE,ADANIPOWER,24SEP2026,20000.000000,3550,OPTSTK,BFO,5.000000,100000000,False
853344,DELHIVERY26SEP505PE,DELHIVERY,24SEP2026,50500.000000,2075,OPTSTK,BFO,5.000000,100000000,False
853345,GAIL26SEP162.5CE,GAIL,24SEP2026,16250.000000,3550,OPTSTK,BFO,5.000000,274500,False
871588,INDUSINDBK26OCT970PE,INDUSINDBK,29OCT2026,97000.000000,700,OPTSTK,BFO,5.000000,20000,False
871616,SBICARD26OCT720CE,SBICARD,29OCT2026,72000.000000,800,OPTSTK,BFO,5.000000,32000,False
871644,FOCIT26OCT38800CE,FOCIT,29OCT2026,3880000.000000,45,OPTIDX,BFO,5.000000,1350,False
871690,TITAN26OCT5150PE,TITAN,29OCT2026,515000.000000,175,OPTSTK,BFO,5.000000,11250,False
878321,CUMMINSIND26OCT5500PE,CUMMINSIND,29OCT2026,550000.000000,200,OPTSTK,BFO,5.000000,18000,False
878371,PNB26OCT106CE,PNB,29OCT2026,10600.000000,8000,OPTSTK,BFO,5.000000,480000,False
878372,GODFRYPHLP26OCT1900PE,GODFRYPHLP,29OCT2026,190000.000000,275,OPTSTK,BFO,5.000000,100000000,False
878390,HDFCBANK26OCT690CE,HDFCBANK,29OCT2026,69000.000000,650,OPTSTK,BFO,5.000000,16500,False
1126966,WIPRO26OCT155CE,WIPRO,29OCT2026,15500.000000,3000,OPTSTK,BFO,5.000000,60000,False
1126971,ICICIPRULI26OCT440PE,ICICIPRULI,29OCT2026,44000.000000,925,OPTSTK,BFO,5.000000,60000,False
1126975,FOCIT26OCT29600PE,FOCIT,29OCT2026,2960000.000000,45,OPTIDX,BFO,5.000000,1350,False
1127011,ICICIPRULI26NOV440PE,ICICIPRULI,26NOV2026,44000.000000,925,OPTSTK,BFO,5.000000,60000,False
871751,JUBLFOOD26OCT420PE,JUBLFOOD,29OCT2026,42000.000000,1250,OPTSTK,BFO,5.000000,50000,False
871821,ALKEM26SEP6100PE,ALKEM,24SEP2026,610000.000000,125,OPTSTK,BFO,5.000000,8000,False
871859,JUBLFOOD26OCT425CE,JUBLFOOD,29OCT2026,42500.000000,1250,OPTSTK,BFO,5.000000,50000,False
871902,SENSEX26OCT81400CE,SENSEX,29OCT2026,8140000.000000,20,OPTIDX,BFO,5.000000,1000,False
878406,ETERNAL26OCT325CE,ETERNAL,29OCT2026,32500.000000,2425,OPTSTK,BFO,5.000000,100000000,False
878416,FOCIT26OCT32600PE,FOCIT,29OCT2026,3260000.000000,45,OPTIDX,BFO,5.000000,1350,False
878444,DRREDDY26OCT1120PE,DRREDDY,29OCT2026,112000.000000,625,OPTSTK,BFO,5.000000,5000,False
878472,ULTRACEMCO26OCT12400PE,ULTRACEMCO,29OCT2026,1240000.000000,50,OPTSTK,BFO,5.000000,3000,False
853347,DIVISLAB26SEP7200PE,DIVISLAB,24SEP2026,720000.000000,100,OPTSTK,BFO,5.000000,8000,False
853363,VMM26SEP130CE,VMM,24SEP2026,13000.000000,4850,OPTSTK,BFO,5.000000,100000000,False
853404,UPL26SEP510PE,UPL,24SEP2026,51000.000000,1355,OPTSTK,BFO,5.000000,39000,False
853410,SUZLON26SEP65CE,SUZLON,24SEP2026,6500.000000,12700,OPTSTK,BFO,5.000000,100000000,False
878591,FOCIT26OCT37900CE,FOCIT,29OCT2026,3790000.000000,45,OPTIDX,BFO,5.000000,1350,False
878626,RVNL26OCT260CE,RVNL,29OCT2026,26000.000000,1925,OPTSTK,BFO,5.000000,100000000,False
878643,BANKBARODA26OCT275PE,BANKBARODA,29OCT2026,27500.000000,2925,OPTSTK,BFO,5.000000,175500,False
878651,FOCIT26SEP36600PE,FOCIT,24SEP2026,3660000.000000,45,OPTIDX,BFO,5.000000,1350,False
1127028,ICICIPRULI26OCT445PE,ICICIPRULI,29OCT2026,44500.000000,925,OPTSTK,BFO,5.000000,60000,False
1127084,GODREJCP26OCT800PE,GODREJCP,29OCT2026,80000.000000,500,OPTSTK,BFO,5.000000,30000,False
1127110,SIEMENS26NOV3600PE,SIEMENS,26NOV2026,360000.000000,175,OPTSTK,BFO,5.000000,8250,False
1127112,SOLARINDS26NOV23500CE,SOLARINDS,26NOV2026,2350000.000000,50,OPTSTK,BFO,5.000000,100000000,False
853419,DIXON26SEP12750PE,DIXON,24SEP2026,1275000.000000,50,OPTSTK,BFO,5.000000,6000,False
853456,MAZDOCK26SEP2550PE,MAZDOCK,24SEP2026,255000.000000,225,OPTSTK,BFO,5.000000,100000000,False
853489,CROMPTON26SEP310PE,CROMPTON,24SEP2026,31000.000000,2150,OPTSTK,BFO,5.000000,90000,False
853492,NATIONALUM26SEP280CE,NATIONALUM,24SEP2026,28000.000000,1875,OPTSTK,BFO,5.000000,300000,False
878668,SOLARINDS26OCT17000CE,SOLARINDS,29OCT2026,1700000.000000,50,OPTSTK,BFO,5.000000,100000000,False
1127135,MANAPPURAM26NOV290CE,MANAPPURAM,26NOV2026,29000.000000,3000,OPTSTK,BFO,5.000000,180000,False
1127144,SBIN26OCT940PE,SBIN,29OCT2026,94000.000000,750,OPTSTK,BFO,5.000000,45000,False
1127158,GODREJPROP26OCT1780PE,GODREJPROP,29OCT2026,178000.000000,325,OPTSTK,BFO,5.000000,19000,False
1127176,FOCIT26NOV29700CE,FOCIT,26NOV2026,2970000.000000,45,OPTIDX,BFO,5.000000,1350,False
853493,PIDILITIND26SEP1740CE,PIDILITIND,24SEP2026,174000.000000,500,OPTSTK,BFO,5.000000,10000,False
853495,EICHERMOT26SEP6600CE,EICHERMOT,24SEP2026,660000.000000,100,OPTSTK,BFO,5.000000,7000,False
853519,TIINDIA26SEP3250PE,TIINDIA,24SEP2026,325000.000000,200,OPTSTK,BFO,5.000000,100000000,False
853524,TIINDIA26SEP3400CE,TIINDIA,24SEP2026,340000.000000,200,OPTSTK,BFO,5.000000,100000000,False
879150,SENSEX26DEC74000CE,SENSEX,31DEC2026,7400000.000000,20,OPTIDX,BFO,5.000000,1000,False
1127178,DABUR26OCT340PE,DABUR,29OCT2026,34000.000000,1250,OPTSTK,BFO,5.000000,50000,False
1127179,POLICYBZR26NOV1660CE,POLICYBZR,26NOV2026,166000.000000,350,OPTSTK,BFO,5.000000,100000000,False
1127180,ETERNAL26NOV285PE,ETERNAL,26NOV2026,28500.000000,2425,OPTSTK,BFO,5.000000,100000000,False
1127221,GODREJCP26SEP790PE,GODREJCP,24SEP2026,79000.000000,500,OPTSTK,BFO,5.000000,30000,False
853528,TVSMOTOR26SEP3550CE,TVSMOTOR,24SEP2026,355000.000000,175,OPTSTK,BFO,5.000000,21000,False
853595,AXISBANK26SEP1260PE,AXISBANK,24SEP2026,126000.000000,625,OPTSTK,BFO,5.000000,25000,False
853606,BHEL26SEP440PE,BHEL,24SEP2026,44000.000000,2625,OPTSTK,BFO,5.000000,315000,False
853610,MANAPPURAM26SEP360PE,MANAPPURAM,24SEP2026,36000.000000,3000,OPTSTK,BFO,5.000000,180000,False
879246,SENSEX29DEC74000CE,SENSEX,27DEC2029,7400000.000000,20,OPTIDX,BFO,5.000000,1000,False
1127226,MPHASIS26NOV2000PE,MPHASIS,26NOV2026,200000.000000,275,OPTSTK,BFO,5.000000,11000,False
1127293,JIOFIN26NOV215CE,JIOFIN,26NOV2026,21500.000000,2350,OPTSTK,BFO,5.000000,100000000,False
1127321,GVT&D26NOV5500PE,GVT&D,26NOV2026,550000.000000,125,OPTSTK,BFO,5.000000,100000000,False
1127336,GVT&D26OCT5200CE,GVT&D,29OCT2026,520000.000000,125,OPTSTK,BFO,5.000000,100000000,False
853655,ADANIENT26SEP3050CE,ADANIENT,24SEP2026,305000.000000,309,OPTSTK,BFO,5.000000,9000,False
853670,JINDALSTEL26SEP1180CE,JINDALSTEL,24SEP2026,118000.000000,625,OPTSTK,BFO,5.000000,37500,False
853684,IOC26SEP152.5CE,IOC,24SEP2026,15250.000000,4875,OPTSTK,BFO,5.000000,292500,False
853699,MPHASIS26SEP2088PE,MPHASIS,24SEP2026,208800.000000,275,OPTSTK,BFO,5.000000,11000,False
879511,SENSEX26DEC74000PE,SENSEX,31DEC2026,7400000.000000,20,OPTIDX,BFO,5.000000,1000,False
1127242,SENSEX26O0168800PE,SENSEX,01OCT2026,6880000.000000,20,OPTIDX,BFO,5.000000,1000,False
1127313,SENSEX26SEP68700PE,SENSEX,24SEP2026,6870000.000000,20,OPTIDX,BFO,5.000000,1000,False
1127344,SENSEX26O1568600CE,SENSEX,15OCT2026,6860000.000000,20,OPTIDX,BFO,5.000000,1000,False
1127411,ULTRACEMCO26OCT10400CE,ULTRACEMCO,29OCT2026,1040000.000000,50,OPTSTK,BFO,5.000000,3000,False
853723,PAGEIND26SEP44500CE,PAGEIND,24SEP2026,4450000.000000,20,OPTSTK,BFO,5.000000,600,False
853731,SONACOMS26SEP560CE,SONACOMS,24SEP2026,56000.000000,1225,OPTSTK,BFO,5.000000,100000000,False
853739,KFINTECH26SEP960CE,KFINTECH,24SEP2026,96000.000000,575,OPTSTK,BFO,5.000000,100000000,False
853769,BSE26SEP2400CE,BSE,29SEP2026,240000.000000,200,OPTSTK,BFO,5.000000,3751,False
880154,LTF26OCT345CE,LTF,29OCT2026,34500.000000,2250,OPTSTK,BFO,5.000000,267720,False
880160,BDL26OCT1400CE,BDL,29OCT2026,140000.000000,425,OPTSTK,BFO,5.000000,100000000,False
880169,MOTILALOFS26OCT1000PE,MOTILALOFS,29OCT2026,100000.000000,775,OPTSTK,BFO,5.000000,100000000,False
1127315,GVT&D26OCT5300PE,GVT&D,29OCT2026,530000.000000,125,OPTSTK,BFO,5.000000,100000000,False
1127326,HINDPETRO26NOV280CE,HINDPETRO,26NOV2026,28000.000000,2025,OPTSTK,BFO,5.000000,108000,False
1127378,SBILIFE26SEP1560CE,SBILIFE,24SEP2026,156000.000000,375,OPTSTK,BFO,5.000000,22500,False
1127398,GVT&D26OCT5500PE,GVT&D,29OCT2026,550000.000000,125,OPTSTK,BFO,5.000000,100000000,False
880196,TATASTEEL26OCT207.5PE,TATASTEEL,29OCT2026,20750.000000,2750,OPTSTK,BFO,5.000000,220000,False
880198,GMRAIRPORT26OCT112PE,GMRAIRPORT,29OCT2026,11200.000000,6975,OPTSTK,BFO,5.000000,675000,False
880273,M&M26OCT3700PE,M&M,29OCT2026,370000.000000,200,OPTSTK,BFO,5.000000,21000,False
880326,SENSEX27JUN74000PE,SENSEX,24JUN2027,7400000.000000,20,OPTIDX,BFO,5.000000,1000,False
853770,BSE26SEP2400PE,BSE,29SEP2026,240000.000000,200,OPTSTK,BFO,5.000000,3751,False
853780,BSE26SEP3400PE,BSE,29SEP2026,340000.000000,200,OPTSTK,BFO,5.000000,3751,False
853782,BSE26SEP3600PE,BSE,29SEP2026,360000.000000,200,OPTSTK,BFO,5.000000,3751,False
853787,BSE26SEP4200CE,BSE,29SEP2026,420000.000000,200,OPTSTK,BFO,5.000000,3751,False
1127427,DIVISLAB26SEP10200CE,DIVISLAB,24SEP2026,1020000.000000,100,OPTSTK,BFO,5.000000,8000,False
1127429,HAVELLS26NOV1000PE,HAVELLS,26NOV2026,100000.000000,500,OPTSTK,BFO,5.000000,20000,False
1127499,HAL26NOV5300PE,HAL,26NOV2026,530000.000000,150,OPTSTK,BFO,5.000000,9000,False
1127503,SENSEX26OCT68700CE,SENSEX,29OCT2026,6870000.000000,20,OPTIDX,BFO,5.000000,1000,False
880331,TORNTPHARM26OCT5450PE,TORNTPHARM,29OCT2026,545000.000000,125,OPTSTK,BFO,5.000000,15000,False
880447,RELIANCE26OCT1370PE,RELIANCE,29OCT2026,137000.000000,500,OPTSTK,BFO,5.000000,10000,False
880484,FOCIT26SEP30300PE,FOCIT,24SEP2026,3030000.000000,45,OPTIDX,BFO,5.000000,1350,False
880522,GAIL26SEP197.5CE,GAIL,24SEP2026,19750.000000,3550,OPTSTK,BFO,5.000000,274500,False
853794,BSE26SEP4800PE,BSE,29SEP2026,480000.000000,200,OPTSTK,BFO,5.000000,3751,False
853854,CDSL26SEP960CE,CDSL,29SEP2026,96000.000000,475,OPTSTK,BFO,5.000000,14001,False
853855,CDSL26SEP960PE,CDSL,29SEP2026,96000.000000,475,OPTSTK,BFO,5.000000,14001,False
853858,CDSL26SEP1040CE,CDSL,29SEP2026,104000.000000,475,OPTSTK,BFO,5.000000,14001,False
1127516,SENSEX26O0868900CE,SENSEX,08OCT2026,6890000.000000,20,OPTIDX,BFO,5.000000,1000,False
1127519,GODREJPROP26NOV1760CE,GODREJPROP,26NOV2026,176000.000000,325,OPTSTK,BFO,5.000000,19000,False
1127534,JIOFIN26OCT215CE,JIOFIN,29OCT2026,21500.000000,2350,OPTSTK,BFO,5.000000,100000000,False
1127570,GVT&D26OCT5200PE,GVT&D,29OCT2026,520000.000000,125,OPTSTK,BFO,5.000000,100000000,False
853867,CDSL26SEP1200PE,CDSL,29SEP2026,120000.000000,475,OPTSTK,BFO,5.000000,14001,False
853868,CDSL26SEP1240CE,CDSL,29SEP2026,124000.000000,475,OPTSTK,BFO,5.000000,14001,False
853870,CDSL26SEP1280CE,CDSL,29SEP2026,128000.000000,475,OPTSTK,BFO,5.000000,14001,False
853879,CDSL26SEP1440PE,CDSL,29SEP2026,144000.000000,475,OPTSTK,BFO,5.000000,14001,False
880531,INFY26OCT1000CE,INFY,29OCT2026,100000.000000,400,OPTSTK,BFO,5.000000,16000,False
880557,SENSEX27DEC80000CE,SENSEX,30DEC2027,8000000.000000,20,OPTIDX,BFO,5.000000,1000,False
880573,SUNPHARMA26OCT1840CE,SUNPHARMA,29OCT2026,184000.000000,350,OPTSTK,BFO,5.000000,28000,False
880590,HDFCBANK26OCT680PE,HDFCBANK,29OCT2026,68000.000000,650,OPTSTK,BFO,5.000000,16500,False
871912,NATIONALUM26OCT370PE,NATIONALUM,29OCT2026,37000.000000,1875,OPTSTK,BFO,5.000000,300000,False
872060,INDIANB26OCT880PE,INDIANB,29OCT2026,88000.000000,1000,OPTSTK,BFO,5.000000,100000000,False
872271,TATASTEEL26OCT182.5PE,TATASTEEL,29OCT2026,18250.000000,2750,OPTSTK,BFO,5.000000,220000,False
872339,UPL26OCT570PE,UPL,29OCT2026,57000.000000,1355,OPTSTK,BFO,5.000000,39000,False
853882,CDSL26SEP1520CE,CDSL,29SEP2026,152000.000000,475,OPTSTK,BFO,5.000000,14001,False
853945,KPITTECH26SEP570CE,KPITTECH,24SEP2026,57000.000000,775,OPTSTK,BFO,5.000000,100000000,False
853953,MARUTI26SEP15100CE,MARUTI,24SEP2026,1510000.000000,50,OPTSTK,BFO,5.000000,3000,False
853975,DLF26SEP710PE,DLF,24SEP2026,71000.000000,950,OPTSTK,BFO,5.000000,49500,False
880655,SONACOMS26SEP840CE,SONACOMS,24SEP2026,84000.000000,1225,OPTSTK,BFO,5.000000,100000000,False
880689,TORNTPHARM26OCT5400PE,TORNTPHARM,29OCT2026,540000.000000,125,OPTSTK,BFO,5.000000,15000,False
880694,BAJFINANCE26SEP1210CE,BAJFINANCE,24SEP2026,121000.000000,750,OPTSTK,BFO,5.000000,3750,False
880717,BAJFINANCE26OCT1170CE,BAJFINANCE,29OCT2026,117000.000000,750,OPTSTK,BFO,5.000000,3750,False
1127586,SOLARINDS26OCT24250PE,SOLARINDS,29OCT2026,2425000.000000,50,OPTSTK,BFO,5.000000,100000000,False
1127665,ICICIGI26SEP1340CE,ICICIGI,24SEP2026,134000.000000,325,OPTSTK,BFO,5.000000,20000,False
1127679,SENSEX26SEP68700CE,SENSEX,24SEP2026,6870000.000000,20,OPTIDX,BFO,5.000000,1000,False
1127691,SOLARINDS26NOV24000PE,SOLARINDS,26NOV2026,2400000.000000,50,OPTSTK,BFO,5.000000,100000000,False
872387,SENSEX2691772300PE,SENSEX,17SEP2026,7230000.000000,20,OPTIDX,BFO,5.000000,1000,False
872454,FOCIT26SEP38200CE,FOCIT,24SEP2026,3820000.000000,45,OPTIDX,BFO,5.000000,1350,False
872518,HINDPETRO26OCT370.75CE,HINDPETRO,29OCT2026,37075.000000,2025,OPTSTK,BFO,5.000000,108000,False
872669,SENSEX26OCT79100PE,SENSEX,29OCT2026,7910000.000000,20,OPTIDX,BFO,5.000000,1000,False
880775,JIOFIN26OCT270CE,JIOFIN,29OCT2026,27000.000000,2350,OPTSTK,BFO,5.000000,100000000,False
880792,LICHSGFIN26OCT460CE,LICHSGFIN,29OCT2026,46000.000000,1000,OPTSTK,BFO,5.000000,60000,False
880805,KAYNES26SEP4150CE,KAYNES,24SEP2026,415000.000000,150,OPTSTK,BFO,5.000000,100000000,False
880825,GMRAIRPORT26OCT112CE,GMRAIRPORT,29OCT2026,11200.000000,6975,OPTSTK,BFO,5.000000,675000,False
853982,HCLTECH26SEP980CE,HCLTECH,24SEP2026,98000.000000,400,OPTSTK,BFO,5.000000,21000,False
854018,DELHIVERY26SEP530CE,DELHIVERY,24SEP2026,53000.000000,2075,OPTSTK,BFO,5.000000,100000000,False
854056,GODREJPROP26SEP2100PE,GODREJPROP,24SEP2026,210000.000000,325,OPTSTK,BFO,5.000000,19000,False
854133,UPL26SEP490PE,UPL,24SEP2026,49000.000000,1355,OPTSTK,BFO,5.000000,39000,False
1127715,360ONE26OCT980CE,,29OCT2026,98000.000000,500,OPTSTK,BFO,5.000000,100000000,False
1127746,SENSEX26O2268800PE,SENSEX,22OCT2026,6880000.000000,20,OPTIDX,BFO,5.000000,1000,False
1127776,ASIANPAINT26NOV2340CE,ASIANPAINT,26NOV2026,234000.000000,250,OPTSTK,BFO,5.000000,8000,False
1127781,PGEL26NOV480CE,PGEL,26NOV2026,48000.000000,950,OPTSTK,BFO,5.000000,100000000,False
872707,BAJAJFINSV26OCT2000PE,BAJAJFINSV,29OCT2026,200000.000000,300,OPTSTK,BFO,5.000000,20000,False
873190,PETRONET26OCT275PE,PETRONET,29OCT2026,27500.000000,1900,OPTSTK,BFO,5.000000,120000,False
880834,LAURUSLABS26SEP1960CE,LAURUSLABS,24SEP2026,196000.000000,850,OPTSTK,BFO,5.000000,68000,False
880893,MANKIND26OCT2360CE,MANKIND,29OCT2026,236000.000000,250,OPTSTK,BFO,5.000000,100000000,False
880899,SENSEX2691785100PE,SENSEX,17SEP2026,8510000.000000,20,OPTIDX,BFO,5.000000,1000,False
880900,BAJAJFINSV26SEP2080CE,BAJAJFINSV,24SEP2026,208000.000000,300,OPTSTK,BFO,5.000000,20000,False
873066,MARUTI26OCT13700CE,MARUTI,29OCT2026,1370000.000000,50,OPTSTK,BFO,5.000000,3000,False
873102,INDIANB26OCT790PE,INDIANB,29OCT2026,79000.000000,1000,OPTSTK,BFO,5.000000,100000000,False
854154,DLF26SEP700PE,DLF,24SEP2026,70000.000000,950,OPTSTK,BFO,5.000000,49500,False
854199,GODREJCP26SEP1110CE,GODREJCP,24SEP2026,111000.000000,500,OPTSTK,BFO,5.000000,30000,False
880908,BHARATFORG26OCT2320CE,BHARATFORG,29OCT2026,232000.000000,500,OPTSTK,BFO,5.000000,30000,False
880909,HYUNDAI26OCT2280CE,HYUNDAI,29OCT2026,228000.000000,275,OPTSTK,BFO,5.000000,100000000,False
880910,APLAPOLLO26OCT1740CE,APLAPOLLO,29OCT2026,174000.000000,350,OPTSTK,BFO,5.000000,100000000,False
880911,KAYNES26OCT4100PE,KAYNES,29OCT2026,410000.000000,150,OPTSTK,BFO,5.000000,100000000,False
1127820,TIINDIA26SEP2300CE,TIINDIA,24SEP2026,230000.000000,200,OPTSTK,BFO,5.000000,100000000,False
1127838,CIPLA26NOV1310PE,CIPLA,26NOV2026,131000.000000,425,OPTSTK,BFO,5.000000,26000,False
1127856,ASIANPAINT26SEP2340PE,ASIANPAINT,24SEP2026,234000.000000,250,OPTSTK,BFO,5.000000,8000,False
1127857,SENSEX26O0868600PE,SENSEX,08OCT2026,6860000.000000,20,OPTIDX,BFO,5.000000,1000,False
854177,BEL26SEP450CE,BEL,24SEP2026,45000.000000,1425,OPTSTK,BFO,5.000000,228000,False
854197,NTPC26SEP395PE,NTPC,24SEP2026,39500.000000,1500,OPTSTK,BFO,5.000000,150000,False
873380,VEDL26OCT295PE,VEDL,29OCT2026,29500.000000,1150,OPTSTK,BFO,5.000000,80000,False
873485,BANKEX26OCT65000CE,BANKEX,29OCT2026,6500000.000000,30,OPTIDX,BFO,5.000000,900,False
873686,RBLBANK26OCT370PE,RBLBANK,29OCT2026,37000.000000,3175,OPTSTK,BFO,5.000000,150000,False
873825,LAURUSLABS26OCT1900PE,LAURUSLABS,29OCT2026,190000.000000,850,OPTSTK,BFO,5.000000,68000,False
854208,DELHIVERY26SEP520CE,DELHIVERY,24SEP2026,52000.000000,2075,OPTSTK,BFO,5.000000,100000000,False
854255,TCS26SEP1880PE,TCS,24SEP2026,188000.000000,225,OPTSTK,BFO,5.000000,7000,False
854275,SHREECEM26SEP27750CE,SHREECEM,24SEP2026,2775000.000000,25,OPTSTK,BFO,5.000000,1000,False
854329,NESTLEIND26SEP1510PE,NESTLEIND,24SEP2026,151000.000000,500,OPTSTK,BFO,5.000000,1200,False
873852,CANBK26OCT132.5PE,CANBK,29OCT2026,13250.000000,6750,OPTSTK,BFO,5.000000,81000,False
873915,SENSEX26OCT71700PE,SENSEX,29OCT2026,7170000.000000,20,OPTIDX,BFO,5.000000,1000,False
874205,MAXHEALTH26OCT1150PE,MAXHEALTH,29OCT2026,115000.000000,525,OPTSTK,BFO,5.000000,100000000,False
874249,ADANIENSOL26OCT1680PE,ADANIENSOL,29OCT2026,168000.000000,675,OPTSTK,BFO,5.000000,100000000,False
880923,WAAREEENER26OCT3000PE,WAAREEENER,29OCT2026,300000.000000,175,OPTSTK,BFO,5.000000,100000000,False
880929,DIVISLAB26OCT8800CE,DIVISLAB,29OCT2026,880000.000000,100,OPTSTK,BFO,5.000000,8000,False
880976,ADANIPORTS26OCT1840CE,ADANIPORTS,29OCT2026,184000.000000,475,OPTSTK,BFO,5.000000,32000,False
880977,KEI26OCT5600PE,KEI,29OCT2026,560000.000000,175,OPTSTK,BFO,5.000000,100000000,False
1127941,BPCL26NOV270CE,BPCL,26NOV2026,27000.000000,1975,OPTSTK,BFO,5.000000,72000,False
1127948,TIINDIA26NOV2300CE,TIINDIA,26NOV2026,230000.000000,200,OPTSTK,BFO,5.000000,100000000,False
1128004,BANKEX26OCT57200PE,BANKEX,29OCT2026,5720000.000000,30,OPTIDX,BFO,5.000000,900,False
1128080,SOLARINDS26OCT24000CE,SOLARINDS,29OCT2026,2400000.000000,50,OPTSTK,BFO,5.000000,100000000,False
854357,ADANIPORTS26SEP1980PE,ADANIPORTS,24SEP2026,198000.000000,475,OPTSTK,BFO,5.000000,32000,False
854366,MCX26SEP3300PE,MCX,24SEP2026,330000.000000,225,OPTSTK,BFO,5.000000,16000,False
854378,TATAELXSI26SEP3350PE,TATAELXSI,24SEP2026,335000.000000,125,OPTSTK,BFO,5.000000,100000000,False
854379,HDFCLIFE26SEP535PE,HDFCLIFE,24SEP2026,53500.000000,1100,OPTSTK,BFO,5.000000,44000,False
874403,SRF26OCT2500PE,SRF,29OCT2026,250000.000000,200,OPTSTK,BFO,5.000000,11250,False
874519,GRASIM26OCT3160CE,GRASIM,29OCT2026,316000.000000,250,OPTSTK,BFO,5.000000,14250,False
874576,ALKEM26OCT5600PE,ALKEM,29OCT2026,560000.000000,125,OPTSTK,BFO,5.000000,8000,False
874863,FOCIT26OCT30800PE,FOCIT,29OCT2026,3080000.000000,45,OPTIDX,BFO,5.000000,1350,False
880993,FOCIT26OCT30100CE,FOCIT,29OCT2026,3010000.000000,45,OPTIDX,BFO,5.000000,1350,False
881000,KPITTECH26OCT670PE,KPITTECH,29OCT2026,67000.000000,775,OPTSTK,BFO,5.000000,100000000,False
881016,OFSS26OCT11900CE,OFSS,29OCT2026,1190000.000000,100,OPTSTK,BFO,5.000000,8000,False
881018,BANKBARODA26OCT280PE,BANKBARODA,29OCT2026,28000.000000,2925,OPTSTK,BFO,5.000000,175500,False
1128087,ULTRACEMCO26NOV10400PE,ULTRACEMCO,26NOV2026,1040000.000000,50,OPTSTK,BFO,5.000000,3000,False
1128130,OIL26SEP530CE,OIL,24SEP2026,53000.000000,1400,OPTSTK,BFO,5.000000,100000000,False
1128131,SENSEX26O1568800PE,SENSEX,15OCT2026,6880000.000000,20,OPTIDX,BFO,5.000000,1000,False
1128179,VOLTAS26NOV1000PE,VOLTAS,26NOV2026,100000.000000,375,OPTSTK,BFO,5.000000,30000,False
875028,NYKAA26OCT325CE,NYKAA,29OCT2026,32500.000000,3125,OPTSTK,BFO,5.000000,100000000,False
875103,AUROPHARMA26OCT1540PE,AUROPHARMA,29OCT2026,154000.000000,550,OPTSTK,BFO,5.000000,44000,False
875173,IDFCFIRSTB26OCT85PE,IDFCFIRSTB,29OCT2026,8500.000000,9275,OPTSTK,BFO,5.000000,450000,False
875179,FOCIT26OCT42200PE,FOCIT,29OCT2026,4220000.000000,45,OPTIDX,BFO,5.000000,1350,False
881022,HYUNDAI26OCT2240PE,HYUNDAI,29OCT2026,224000.000000,275,OPTSTK,BFO,5.000000,100000000,False
881029,BAJAJFINSV26OCT2080CE,BAJAJFINSV,29OCT2026,208000.000000,300,OPTSTK,BFO,5.000000,20000,False
881047,KALYANKJIL26OCT595PE,KALYANKJIL,29OCT2026,59500.000000,1350,OPTSTK,BFO,5.000000,100000000,False
881050,LTM26OCT4000CE,LTM,29OCT2026,400000.000000,150,OPTSTK,BFO,5.000000,4500,False
854434,TCS26SEP1860CE,TCS,24SEP2026,186000.000000,225,OPTSTK,BFO,5.000000,7000,False
854451,KPITTECH26SEP500CE,KPITTECH,24SEP2026,50000.000000,775,OPTSTK,BFO,5.000000,100000000,False
854460,COFORGE26SEP1300PE,COFORGE,24SEP2026,130000.000000,475,OPTSTK,BFO,5.000000,6000,False
854462,GODREJPROP26SEP2040CE,GODREJPROP,24SEP2026,204000.000000,325,OPTSTK,BFO,5.000000,19000,False
1128292,BANKEX26NOV57200CE,BANKEX,26NOV2026,5720000.000000,30,OPTIDX,BFO,5.000000,900,False
1128314,HAVELLS26OCT1000CE,HAVELLS,29OCT2026,100000.000000,500,OPTSTK,BFO,5.000000,20000,False
1128355,SENSEX5026OCT23700PE,SENSEX50,29OCT2026,2370000.000000,75,OPTIDX,BFO,5.000000,1800,False
1128370,WAAREEENER26NOV2200PE,WAAREEENER,26NOV2026,220000.000000,175,OPTSTK,BFO,5.000000,100000000,False
875236,SBIN26OCT1100PE,SBIN,29OCT2026,110000.000000,750,OPTSTK,BFO,5.000000,45000,False
875387,DABUR26OCT400PE,DABUR,29OCT2026,40000.000000,1250,OPTSTK,BFO,5.000000,50000,False
875586,JUBLFOOD26OCT460CE,JUBLFOOD,29OCT2026,46000.000000,1250,OPTSTK,BFO,5.000000,50000,False
875820,FOCIT26OCT40800PE,FOCIT,29OCT2026,4080000.000000,45,OPTIDX,BFO,5.000000,1350,False
881052,HYUNDAI26SEP2240CE,HYUNDAI,24SEP2026,224000.000000,275,OPTSTK,BFO,5.000000,100000000,False
881053,FOCIT26OCT30300CE,FOCIT,29OCT2026,3030000.000000,45,OPTIDX,BFO,5.000000,1350,False
881066,MANKIND26OCT2360PE,MANKIND,29OCT2026,236000.000000,250,OPTSTK,BFO,5.000000,100000000,False
881081,INDUSTOWER26OCT341CE,INDUSTOWER,29OCT2026,34100.000000,1700,OPTSTK,BFO,5.000000,170000,False
854464,KEI26SEP4600CE,KEI,24SEP2026,460000.000000,175,OPTSTK,BFO,5.000000,100000000,False
854468,KPITTECH26SEP500PE,KPITTECH,24SEP2026,50000.000000,775,OPTSTK,BFO,5.000000,100000000,False
854487,MUTHOOTFIN26SEP2600PE,MUTHOOTFIN,24SEP2026,260000.000000,275,OPTSTK,BFO,5.000000,22000,False
854489,CROMPTON26SEP235PE,CROMPTON,24SEP2026,23500.000000,2150,OPTSTK,BFO,5.000000,90000,False
881133,BAJAJHLDNG26SEP12000PE,BAJAJHLDNG,24SEP2026,1200000.000000,75,OPTSTK,BFO,5.000000,100000000,False
881142,GAIL26SEP200CE,GAIL,24SEP2026,20000.000000,3550,OPTSTK,BFO,5.000000,274500,False
881143,APLAPOLLO26OCT1680CE,APLAPOLLO,29OCT2026,168000.000000,350,OPTSTK,BFO,5.000000,100000000,False
881158,GAIL26SEP200PE,GAIL,24SEP2026,20000.000000,3550,OPTSTK,BFO,5.000000,274500,False
1128420,FOCIT26NOV28300PE,FOCIT,26NOV2026,2830000.000000,45,OPTIDX,BFO,5.000000,1350,False
1128455,PETRONET26NOV250CE,PETRONET,26NOV2026,25000.000000,1900,OPTSTK,BFO,5.000000,120000,False
1128456,TCS26OCT2080PE,TCS,29OCT2026,208000.000000,225,OPTSTK,BFO,5.000000,7000,False
1128504,HDFCBANK26OCT620CE,HDFCBANK,29OCT2026,62000.000000,650,OPTSTK,BFO,5.000000,16500,False
875840,GAIL26OCT170PE,GAIL,29OCT2026,17000.000000,3550,OPTSTK,BFO,5.000000,274500,False
875953,SUNPHARMA26OCT2140CE,SUNPHARMA,29OCT2026,214000.000000,350,OPTSTK,BFO,5.000000,28000,False
875984,SRF26OCT2400CE,SRF,29OCT2026,240000.000000,200,OPTSTK,BFO,5.000000,11250,False
876032,SENSEX26OCT79000CE,SENSEX,29OCT2026,7900000.000000,20,OPTIDX,BFO,5.000000,1000,False
881186,BAJFINANCE26OCT1200PE,BAJFINANCE,29OCT2026,120000.000000,750,OPTSTK,BFO,5.000000,3750,False
881235,KEI26OCT5700PE,KEI,29OCT2026,570000.000000,175,OPTSTK,BFO,5.000000,100000000,False
881241,LTM26OCT4000PE,LTM,29OCT2026,400000.000000,150,OPTSTK,BFO,5.000000,4500,False
881242,KALYANKJIL26OCT585PE,KALYANKJIL,29OCT2026,58500.000000,1350,OPTSTK,BFO,5.000000,100000000,False
854501,OBEROIRLTY26SEP1940PE,OBEROIRLTY,24SEP2026,194000.000000,350,OPTSTK,BFO,5.000000,28000,False
854539,INFY26SEP840PE,INFY,24SEP2026,84000.000000,400,OPTSTK,BFO,5.000000,16000,False
854618,PHOENIXLTD26SEP2100PE,PHOENIXLTD,24SEP2026,210000.000000,350,OPTSTK,BFO,5.000000,100000000,False
854633,NAUKRI26SEP1140CE,NAUKRI,24SEP2026,114000.000000,550,OPTSTK,BFO,5.000000,6000,False
876067,SOLARINDS26OCT17500CE,SOLARINDS,29OCT2026,1750000.000000,50,OPTSTK,BFO,5.000000,100000000,False
876247,RBLBANK26OCT375PE,RBLBANK,29OCT2026,37500.000000,3175,OPTSTK,BFO,5.000000,150000,False
876276,CHOLAFIN26OCT1920CE,CHOLAFIN,29OCT2026,192000.000000,625,OPTSTK,BFO,5.000000,25000,False
876318,RELIANCE26OCT1330CE,RELIANCE,29OCT2026,133000.000000,500,OPTSTK,BFO,5.000000,10000,False
1128514,SRF26NOV2150PE,SRF,26NOV2026,215000.000000,200,OPTSTK,BFO,5.000000,11250,False
1128527,HDFCLIFE26SEP480PE,HDFCLIFE,24SEP2026,48000.000000,1100,OPTSTK,BFO,5.000000,44000,False
1128537,MFSL26NOV1340CE,MFSL,26NOV2026,134000.000000,400,OPTSTK,BFO,5.000000,32000,False
1128664,SENSEX26O0868500CE,SENSEX,08OCT2026,6850000.000000,20,OPTIDX,BFO,5.000000,1000,False
881372,FOCIT26OCT44800CE,FOCIT,29OCT2026,4480000.000000,45,OPTIDX,BFO,5.000000,1350,False
881380,DRREDDY26OCT1240CE,DRREDDY,29OCT2026,124000.000000,625,OPTSTK,BFO,5.000000,5000,False
881424,GRASIM26OCT3320PE,GRASIM,29OCT2026,332000.000000,250,OPTSTK,BFO,5.000000,14250,False
881451,INFY26OCT1320CE,INFY,29OCT2026,132000.000000,400,OPTSTK,BFO,5.000000,16000,False
881500,SENSEX26DEC84000CE,SENSEX,31DEC2026,8400000.000000,20,OPTIDX,BFO,5.000000,1000,False
881519,SENSEX26SEP85500CE,SENSEX,24SEP2026,8550000.000000,20,OPTIDX,BFO,5.000000,1000,False
881547,PGEL26OCT690PE,PGEL,29OCT2026,69000.000000,950,OPTSTK,BFO,5.000000,100000000,False
881555,JIOFIN26OCT280CE,JIOFIN,29OCT2026,28000.000000,2350,OPTSTK,BFO,5.000000,100000000,False
854687,POLICYBZR26SEP1800CE,POLICYBZR,24SEP2026,180000.000000,350,OPTSTK,BFO,5.000000,100000000,False
854692,PAGEIND26SEP46000PE,PAGEIND,24SEP2026,4600000.000000,20,OPTSTK,BFO,5.000000,600,False
854700,MAZDOCK26SEP2900CE,MAZDOCK,24SEP2026,290000.000000,225,OPTSTK,BFO,5.000000,100000000,False
854710,ASIANPAINT26SEP2820PE,ASIANPAINT,24SEP2026,282000.000000,250,OPTSTK,BFO,5.000000,8000,False
876355,ONGC26OCT227.5PE,ONGC,29OCT2026,22750.000000,2250,OPTSTK,BFO,5.000000,154000,False
876359,SENSEX26OCT73000CE,SENSEX,29OCT2026,7300000.000000,20,OPTIDX,BFO,5.000000,1000,False
876362,KAYNES26OCT3350PE,KAYNES,29OCT2026,335000.000000,150,OPTSTK,BFO,5.000000,100000000,False
876381,FOCIT26SEP40200PE,FOCIT,24SEP2026,4020000.000000,45,OPTIDX,BFO,5.000000,1350,False
1128679,FOCIT26NOV28400CE,FOCIT,26NOV2026,2840000.000000,45,OPTIDX,BFO,5.000000,1350,False
1128686,FOCIT26OCT29100PE,FOCIT,29OCT2026,2910000.000000,45,OPTIDX,BFO,5.000000,1350,False
1128688,HAVELLS26OCT980PE,HAVELLS,29OCT2026,98000.000000,500,OPTSTK,BFO,5.000000,20000,False
1128756,HCLTECH26OCT1170CE,HCLTECH,29OCT2026,117000.000000,400,OPTSTK,BFO,5.000000,21000,False
881560,FOCIT26OCT44600PE,FOCIT,29OCT2026,4460000.000000,45,OPTIDX,BFO,5.000000,1350,False
881579,INDUSINDBK26OCT1090PE,INDUSINDBK,29OCT2026,109000.000000,700,OPTSTK,BFO,5.000000,20000,False
881602,LUPIN26OCT2240PE,LUPIN,29OCT2026,224000.000000,425,OPTSTK,BFO,5.000000,34000,False
881613,VMM26OCT127.5PE,VMM,29OCT2026,12750.000000,4850,OPTSTK,BFO,5.000000,100000000,False
1128828,MFSL26SEP1340PE,MFSL,24SEP2026,134000.000000,400,OPTSTK,BFO,5.000000,32000,False
1128845,COLPAL26OCT1660PE,COLPAL,29OCT2026,166000.000000,275,OPTSTK,BFO,5.000000,14000,False
1128890,NYKAA26NOV380CE,NYKAA,26NOV2026,38000.000000,3125,OPTSTK,BFO,5.000000,100000000,False
1128920,DRREDDY26NOV1070CE,DRREDDY,26NOV2026,107000.000000,625,OPTSTK,BFO,5.000000,5000,False
854713,TIINDIA26SEP3450PE,TIINDIA,24SEP2026,345000.000000,200,OPTSTK,BFO,5.000000,100000000,False
854733,CDSL26SEP1840CE,CDSL,29SEP2026,184000.000000,475,OPTSTK,BFO,5.000000,14001,False
854758,SONACOMS26SEP720PE,SONACOMS,24SEP2026,72000.000000,1225,OPTSTK,BFO,5.000000,100000000,False
854760,BOSCHLTD26SEP45000CE,BOSCHLTD,24SEP2026,4500000.000000,25,OPTSTK,BFO,5.000000,1500,False
876392,SBIN26OCT1000CE,SBIN,29OCT2026,100000.000000,750,OPTSTK,BFO,5.000000,45000,False
876412,ASHOKLEY26OCT155CE,ASHOKLEY,29OCT2026,15500.000000,5000,OPTSTK,BFO,5.000000,150000,False
876416,ULTRACEMCO26OCT11200PE,ULTRACEMCO,29OCT2026,1120000.000000,50,OPTSTK,BFO,5.000000,3000,False
876421,LODHA26OCT1360PE,LODHA,29OCT2026,136000.000000,625,OPTSTK,BFO,5.000000,100000000,False
881781,MPHASIS26OCT2750PE,MPHASIS,29OCT2026,275000.000000,275,OPTSTK,BFO,5.000000,11000,False
881721,ABCAPITAL26OCT455CE,ABCAPITAL,29OCT2026,45500.000000,3100,OPTSTK,BFO,5.000000,162000,False
881733,COCHINSHIP26OCT1580CE,COCHINSHIP,29OCT2026,158000.000000,400,OPTSTK,BFO,5.000000,100000000,False
881767,ULTRACEMCO26OCT12700PE,ULTRACEMCO,29OCT2026,1270000.000000,50,OPTSTK,BFO,5.000000,3000,False
1128934,PAYTM26NOV1860PE,PAYTM,26NOV2026,186000.000000,725,OPTSTK,BFO,5.000000,100000000,False
1128937,GODREJPROP26OCT1720CE,GODREJPROP,29OCT2026,172000.000000,325,OPTSTK,BFO,5.000000,19000,False
1128966,SENSEX26SEP68400PE,SENSEX,24SEP2026,6840000.000000,20,OPTIDX,BFO,5.000000,1000,False
1128973,SENSEX26O0868300PE,SENSEX,08OCT2026,6830000.000000,20,OPTIDX,BFO,5.000000,1000,False
854777,SENSEX31JUN83000CE,SENSEX,26JUN2031,8300000.000000,20,OPTIDX,BFO,5.000000,1000,False
854803,TECHM26SEP1320PE,TECHM,24SEP2026,132000.000000,600,OPTSTK,BFO,5.000000,24000,False
854934,TVSMOTOR26SEP4000CE,TVSMOTOR,24SEP2026,400000.000000,175,OPTSTK,BFO,5.000000,21000,False
854941,UNITDSPR26SEP1520CE,UNITDSPR,24SEP2026,152000.000000,400,OPTSTK,BFO,5.000000,28000,False
876422,PERSISTENT26OCT5100CE,PERSISTENT,29OCT2026,510000.000000,125,OPTSTK,BFO,5.000000,5250,False
876427,HINDPETRO26OCT350.75PE,HINDPETRO,29OCT2026,35075.000000,2025,OPTSTK,BFO,5.000000,108000,False
876439,IREDA26OCT122.5PE,IREDA,29OCT2026,12250.000000,4525,OPTSTK,BFO,5.000000,100000000,False
876463,RECLTD26OCT410CE,RECLTD,29OCT2026,41000.000000,1575,OPTSTK,BFO,5.000000,160000,False
881805,LT26OCT4350PE,LT,29OCT2026,435000.000000,175,OPTSTK,BFO,5.000000,12000,False
881809,DMART26OCT4350CE,DMART,29OCT2026,435000.000000,150,OPTSTK,BFO,5.000000,100000000,False
881866,SENSEX26SEP73000CE,SENSEX,24SEP2026,7300000.000000,20,OPTIDX,BFO,5.000000,1000,False
881870,INDIGO26OCT6100CE,INDIGO,29OCT2026,610000.000000,150,OPTSTK,BFO,5.000000,12000,False
1129026,MANAPPURAM26NOV285CE,MANAPPURAM,26NOV2026,28500.000000,3000,OPTSTK,BFO,5.000000,180000,False
1129071,FOCIT26NOV28400PE,FOCIT,26NOV2026,2840000.000000,45,OPTIDX,BFO,5.000000,1350,False
1129074,CAMS26NOV650PE,CAMS,26NOV2026,65000.000000,825,OPTSTK,BFO,5.000000,100000000,False
1129077,BANKEX26OCT56800PE,BANKEX,29OCT2026,5680000.000000,30,OPTIDX,BFO,5.000000,900,False
854949,BAJAJHLDNG26SEP11600CE,BAJAJHLDNG,24SEP2026,1160000.000000,75,OPTSTK,BFO,5.000000,100000000,False
854953,HINDPETRO26SEP450.75CE,HINDPETRO,24SEP2026,45075.000000,2025,OPTSTK,BFO,5.000000,108000,False
854979,ADANIENSOL26SEP1700PE,ADANIENSOL,24SEP2026,170000.000000,675,OPTSTK,BFO,5.000000,100000000,False
854984,PRESTIGE26SEP1780PE,PRESTIGE,24SEP2026,178000.000000,450,OPTSTK,BFO,5.000000,100000000,False
876476,SIEMENS26OCT3700PE,SIEMENS,29OCT2026,370000.000000,175,OPTSTK,BFO,5.000000,8250,False
876482,IDFCFIRSTB26OCT86CE,IDFCFIRSTB,29OCT2026,8600.000000,9275,OPTSTK,BFO,5.000000,450000,False
876510,BLUESTARCO26OCT1720PE,BLUESTARCO,29OCT2026,172000.000000,325,OPTSTK,BFO,5.000000,100000000,False
876514,RADICO26OCT4200PE,RADICO,29OCT2026,420000.000000,150,OPTSTK,BFO,5.000000,100000000,False
881877,SENSEX2691785600PE,SENSEX,17SEP2026,8560000.000000,20,OPTIDX,BFO,5.000000,1000,False
881927,HYUNDAI26OCT2340PE,HYUNDAI,29OCT2026,234000.000000,275,OPTSTK,BFO,5.000000,100000000,False
881934,CROMPTON26OCT300PE,CROMPTON,29OCT2026,30000.000000,2150,OPTSTK,BFO,5.000000,90000,False
881954,SOLARINDS26OCT20500PE,SOLARINDS,29OCT2026,2050000.000000,50,OPTSTK,BFO,5.000000,100000000,False
1129092,SENSEX26SEP68500CE,SENSEX,24SEP2026,6850000.000000,20,OPTIDX,BFO,5.000000,1000,False
1129114,NBCC26NOV65CE,NBCC,26NOV2026,6500.000000,6500,OPTSTK,BFO,5.000000,100000000,False
1129115,MANKIND26NOV2120CE,MANKIND,26NOV2026,212000.000000,250,OPTSTK,BFO,5.000000,100000000,False
1129129,INFY26OCT900PE,INFY,29OCT2026,90000.000000,400,OPTSTK,BFO,5.000000,16000,False
876517,VOLTAS26OCT1280CE,VOLTAS,29OCT2026,128000.000000,375,OPTSTK,BFO,5.000000,30000,False
876526,COLPAL26OCT2160PE,COLPAL,29OCT2026,216000.000000,275,OPTSTK,BFO,5.000000,14000,False
876532,IOC26OCT145CE,IOC,29OCT2026,14500.000000,4875,OPTSTK,BFO,5.000000,292500,False
876533,CROMPTON26OCT285PE,CROMPTON,29OCT2026,28500.000000,2150,OPTSTK,BFO,5.000000,90000,False
855036,FORCEMOT26SEP22500PE,FORCEMOT,24SEP2026,2250000.000000,25,OPTSTK,BFO,5.000000,100000000,False
855045,TECHM26SEP1500CE,TECHM,24SEP2026,150000.000000,600,OPTSTK,BFO,5.000000,24000,False
855049,TECHM26SEP1420PE,TECHM,24SEP2026,142000.000000,600,OPTSTK,BFO,5.000000,24000,False
855094,SENSEX28DEC83000CE,SENSEX,28DEC2028,8300000.000000,20,OPTIDX,BFO,5.000000,1000,False
1129204,TCS26OCT2100CE,TCS,29OCT2026,210000.000000,225,OPTSTK,BFO,5.000000,7000,False
1129220,ADANIPORTS26OCT1860PE,ADANIPORTS,29OCT2026,186000.000000,475,OPTSTK,BFO,5.000000,32000,False
1129256,SENSEX26O2268500CE,SENSEX,22OCT2026,6850000.000000,20,OPTIDX,BFO,5.000000,1000,False
1129262,ULTRACEMCO26NOV10300PE,ULTRACEMCO,26NOV2026,1030000.000000,50,OPTSTK,BFO,5.000000,3000,False
876535,SENSEX2691772500PE,SENSEX,17SEP2026,7250000.000000,20,OPTIDX,BFO,5.000000,1000,False
876553,LODHA26OCT1260CE,LODHA,29OCT2026,126000.000000,625,OPTSTK,BFO,5.000000,100000000,False
876596,LT26OCT3750PE,LT,29OCT2026,375000.000000,175,OPTSTK,BFO,5.000000,12000,False
876600,FEDERALBNK26OCT320PE,FEDERALBNK,29OCT2026,32000.000000,2500,OPTSTK,BFO,5.000000,200000,False
1129280,TATAELXSI26OCT3050PE,TATAELXSI,29OCT2026,305000.000000,125,OPTSTK,BFO,5.000000,100000000,False
1129281,ICICIPRULI26OCT430CE,ICICIPRULI,29OCT2026,43000.000000,925,OPTSTK,BFO,5.000000,60000,False
1129295,SBILIFE26NOV1540PE,SBILIFE,26NOV2026,154000.000000,375,OPTSTK,BFO,5.000000,22500,False
1129298,TCS26OCT2060PE,TCS,29OCT2026,206000.000000,225,OPTSTK,BFO,5.000000,7000,False
855193,MPHASIS26SEP2488PE,MPHASIS,24SEP2026,248800.000000,275,OPTSTK,BFO,5.000000,11000,False
855195,SENSEX26SEP84500CE,SENSEX,24SEP2026,8450000.000000,20,OPTIDX,BFO,5.000000,1000,False
855261,GODREJCP26SEP1140CE,GODREJCP,24SEP2026,114000.000000,500,OPTSTK,BFO,5.000000,30000,False
855312,PAYTM26SEP1360PE,PAYTM,24SEP2026,136000.000000,725,OPTSTK,BFO,5.000000,100000000,False
876604,SENSEX26OCT71000PE,SENSEX,29OCT2026,7100000.000000,20,OPTIDX,BFO,5.000000,1000,False
876618,KPITTECH26OCT590CE,KPITTECH,29OCT2026,59000.000000,775,OPTSTK,BFO,5.000000,100000000,False
876694,SRF26OCT2700PE,SRF,29OCT2026,270000.000000,200,OPTSTK,BFO,5.000000,11250,False
876695,SHREECEM26OCT25500PE,SHREECEM,29OCT2026,2550000.000000,25,OPTSTK,BFO,5.000000,1000,False
1129321,MANAPPURAM26OCT285CE,MANAPPURAM,29OCT2026,28500.000000,3000,OPTSTK,BFO,5.000000,180000,False
1129328,DABUR26SEP335PE,DABUR,24SEP2026,33500.000000,1250,OPTSTK,BFO,5.000000,50000,False
1129348,LODHA26OCT1040PE,LODHA,29OCT2026,104000.000000,625,OPTSTK,BFO,5.000000,100000000,False
1129365,SENSEX26SEP67900PE,SENSEX,24SEP2026,6790000.000000,20,OPTIDX,BFO,5.000000,1000,False
876696,MAXHEALTH26OCT1190PE,MAXHEALTH,29OCT2026,119000.000000,525,OPTSTK,BFO,5.000000,100000000,False
876698,FOCIT26OCT34700PE,FOCIT,29OCT2026,3470000.000000,45,OPTIDX,BFO,5.000000,1350,False
876701,NAUKRI26OCT1340PE,NAUKRI,29OCT2026,134000.000000,550,OPTSTK,BFO,5.000000,6000,False
876704,ALKEM26OCT5800PE,ALKEM,29OCT2026,580000.000000,125,OPTSTK,BFO,5.000000,8000,False
855327,TECHM26SEP1380PE,TECHM,24SEP2026,138000.000000,600,OPTSTK,BFO,5.000000,24000,False
855337,TECHM26SEP1440CE,TECHM,24SEP2026,144000.000000,600,OPTSTK,BFO,5.000000,24000,False
855376,SRF26SEP3150CE,SRF,24SEP2026,315000.000000,200,OPTSTK,BFO,5.000000,11250,False
855484,FORCEMOT26SEP23000CE,FORCEMOT,24SEP2026,2300000.000000,25,OPTSTK,BFO,5.000000,100000000,False
1129382,ICICIPRULI26NOV425PE,ICICIPRULI,26NOV2026,42500.000000,925,OPTSTK,BFO,5.000000,60000,False
1129393,BANKEX26NOV56800CE,BANKEX,26NOV2026,5680000.000000,30,OPTIDX,BFO,5.000000,900,False
1129398,SHREECEM26OCT21250PE,SHREECEM,29OCT2026,2125000.000000,25,OPTSTK,BFO,5.000000,1000,False
1129425,SENSEX26O0868400PE,SENSEX,08OCT2026,6840000.000000,20,OPTIDX,BFO,5.000000,1000,False
876712,VMM26OCT95CE,VMM,29OCT2026,9500.000000,4850,OPTSTK,BFO,5.000000,100000000,False
876724,ADANIPORTS26OCT1580CE,ADANIPORTS,29OCT2026,158000.000000,475,OPTSTK,BFO,5.000000,32000,False
876729,SENSEX26OCT81900PE,SENSEX,29OCT2026,8190000.000000,20,OPTIDX,BFO,5.000000,1000,False
876742,ANGELONE26SEP260PE,ANGELONE,24SEP2026,26000.000000,2500,OPTSTK,BFO,5.000000,100000000,False
855503,TVSMOTOR26SEP3900PE,TVSMOTOR,24SEP2026,390000.000000,175,OPTSTK,BFO,5.000000,21000,False
855511,EICHERMOT26SEP8000CE,EICHERMOT,24SEP2026,800000.000000,100,OPTSTK,BFO,5.000000,7000,False
855565,SRF26SEP3150PE,SRF,24SEP2026,315000.000000,200,OPTSTK,BFO,5.000000,11250,False
855614,HINDZINC26SEP610PE,HINDZINC,24SEP2026,61000.000000,1225,OPTSTK,BFO,5.000000,100000000,False
1129439,OBEROIRLTY26NOV1660PE,OBEROIRLTY,26NOV2026,166000.000000,350,OPTSTK,BFO,5.000000,28000,False
1129449,HEROMOTOCO26OCT4500PE,HEROMOTOCO,29OCT2026,450000.000000,150,OPTSTK,BFO,5.000000,9000,False
1129469,TATACONSUM26SEP930PE,TATACONSUM,24SEP2026,93000.000000,550,OPTSTK,BFO,5.000000,36000,False
1129470,CIPLA26NOV1300CE,CIPLA,26NOV2026,130000.000000,425,OPTSTK,BFO,5.000000,26000,False
855631,CUMMINSIND26SEP4800PE,CUMMINSIND,24SEP2026,480000.000000,200,OPTSTK,BFO,5.000000,18000,False
855691,WAAREEENER26SEP2500PE,WAAREEENER,24SEP2026,250000.000000,175,OPTSTK,BFO,5.000000,100000000,False
855755,BANKBARODA26SEP220PE,BANKBARODA,24SEP2026,22000.000000,2925,OPTSTK,BFO,5.000000,175500,False
855790,LUPIN26SEP2600CE,LUPIN,24SEP2026,260000.000000,425,OPTSTK,BFO,5.000000,34000,False
876744,BANKEX26OCT59200PE,BANKEX,29OCT2026,5920000.000000,30,OPTIDX,BFO,5.000000,900,False
876745,BANKEX26OCT71500CE,BANKEX,29OCT2026,7150000.000000,30,OPTIDX,BFO,5.000000,900,False
876751,TATAPOWER26OCT350PE,TATAPOWER,29OCT2026,35000.000000,1450,OPTSTK,BFO,5.000000,101250,False
876757,BANKBARODA26OCT235PE,BANKBARODA,29OCT2026,23500.000000,2925,OPTSTK,BFO,5.000000,175500,False
1129527,TCS26OCT2100PE,TCS,29OCT2026,210000.000000,225,OPTSTK,BFO,5.000000,7000,False
1129495,SENSEX5026OCT23750CE,SENSEX50,29OCT2026,2375000.000000,75,OPTIDX,BFO,5.000000,1800,False
1129499,DABUR26NOV335CE,DABUR,26NOV2026,33500.000000,1250,OPTSTK,BFO,5.000000,50000,False
1129501,HDFCBANK26OCT620PE,HDFCBANK,29OCT2026,62000.000000,650,OPTSTK,BFO,5.000000,16500,False
855816,LUPIN26SEP2580PE,LUPIN,24SEP2026,258000.000000,425,OPTSTK,BFO,5.000000,34000,False
855872,ABCAPITAL26SEP435CE,ABCAPITAL,24SEP2026,43500.000000,3100,OPTSTK,BFO,5.000000,162000,False
876883,MOTILALOFS26OCT900CE,MOTILALOFS,29OCT2026,90000.000000,775,OPTSTK,BFO,5.000000,100000000,False
877065,SENSEX2691772400CE,SENSEX,17SEP2026,7240000.000000,20,OPTIDX,BFO,5.000000,1000,False
877082,SENSEX5026OCT24950PE,SENSEX50,29OCT2026,2495000.000000,75,OPTIDX,BFO,5.000000,1800,False
877107,LAURUSLABS26OCT1680CE,LAURUSLABS,29OCT2026,168000.000000,850,OPTSTK,BFO,5.000000,68000,False
881968,SENSEX27DEC84000PE,SENSEX,30DEC2027,8400000.000000,20,OPTIDX,BFO,5.000000,1000,False
882005,ASHOKLEY26SEP187.5PE,ASHOKLEY,24SEP2026,18750.000000,5000,OPTSTK,BFO,5.000000,150000,False
882024,TCS26SEP2600CE,TCS,24SEP2026,260000.000000,225,OPTSTK,BFO,5.000000,7000,False
882043,INFY26SEP1320PE,INFY,24SEP2026,132000.000000,400,OPTSTK,BFO,5.000000,16000,False
1129544,SENSEX26O0168400CE,SENSEX,01OCT2026,6840000.000000,20,OPTIDX,BFO,5.000000,1000,False
1129596,LODHA26NOV1020CE,LODHA,26NOV2026,102000.000000,625,OPTSTK,BFO,5.000000,100000000,False
1129613,ADANIPORTS26OCT1880CE,ADANIPORTS,29OCT2026,188000.000000,475,OPTSTK,BFO,5.000000,32000,False
1129638,PAYTM26NOV1880PE,PAYTM,26NOV2026,188000.000000,725,OPTSTK,BFO,5.000000,100000000,False
855823,SHREECEM26SEP28250PE,SHREECEM,24SEP2026,2825000.000000,25,OPTSTK,BFO,5.000000,1000,False
855868,POLICYBZR26SEP1460CE,POLICYBZR,24SEP2026,146000.000000,350,OPTSTK,BFO,5.000000,100000000,False
855873,ULTRACEMCO26SEP12060PE,ULTRACEMCO,24SEP2026,1206000.000000,50,OPTSTK,BFO,5.000000,3000,False
855882,BIOCON26SEP460CE,BIOCON,24SEP2026,46000.000000,2500,OPTSTK,BFO,5.000000,100000,False
855908,BAJAJFINSV26SEP2040CE,BAJAJFINSV,24SEP2026,204000.000000,300,OPTSTK,BFO,5.000000,20000,False
855923,LUPIN26SEP2600PE,LUPIN,24SEP2026,260000.000000,425,OPTSTK,BFO,5.000000,34000,False
877152,MAXHEALTH26OCT1090CE,MAXHEALTH,29OCT2026,109000.000000,525,OPTSTK,BFO,5.000000,100000000,False
877329,VEDL26OCT260CE,VEDL,29OCT2026,26000.000000,1150,OPTSTK,BFO,5.000000,80000,False
877433,ANGELONE26OCT320CE,ANGELONE,29OCT2026,32000.000000,2500,OPTSTK,BFO,5.000000,100000000,False
877506,HINDZINC26OCT580CE,HINDZINC,29OCT2026,58000.000000,1225,OPTSTK,BFO,5.000000,100000000,False
882063,BANKEX26OCT72100PE,BANKEX,29OCT2026,7210000.000000,30,OPTIDX,BFO,5.000000,900,False
882093,SBIN26OCT1110PE,SBIN,29OCT2026,111000.000000,750,OPTSTK,BFO,5.000000,45000,False
882096,APOLLOHOSP26OCT8100CE,APOLLOHOSP,29OCT2026,810000.000000,125,OPTSTK,BFO,5.000000,5000,False
882135,SENSEX2691785200CE,SENSEX,17SEP2026,8520000.000000,20,OPTIDX,BFO,5.000000,1000,False
1129646,SENSEX30JUN70000CE,SENSEX,27JUN2030,7000000.000000,20,OPTIDX,BFO,5.000000,1000,False
1129667,OIL26OCT535PE,OIL,29OCT2026,53500.000000,1400,OPTSTK,BFO,5.000000,100000000,False
1129676,COALINDIA26OCT460CE,COALINDIA,29OCT2026,46000.000000,1350,OPTSTK,BFO,5.000000,126000,False
1129699,TCS26OCT2080CE,TCS,29OCT2026,208000.000000,225,OPTSTK,BFO,5.000000,7000,False
882139,MOTHERSON26SEP170PE,MOTHERSON,24SEP2026,17000.000000,6150,OPTSTK,BFO,5.000000,284000,False
877536,BANDHANBNK26OCT195CE,BANDHANBNK,29OCT2026,19500.000000,3600,OPTSTK,BFO,5.000000,100000,False
877659,TECHM26OCT1720PE,TECHM,29OCT2026,172000.000000,600,OPTSTK,BFO,5.000000,24000,False
877661,IOC26OCT125PE,IOC,29OCT2026,12500.000000,4875,OPTSTK,BFO,5.000000,292500,False
877698,PETRONET26OCT310CE,PETRONET,29OCT2026,31000.000000,1900,OPTSTK,BFO,5.000000,120000,False
882170,FOCIT26OCT44800PE,FOCIT,29OCT2026,4480000.000000,45,OPTIDX,BFO,5.000000,1350,False
882178,SUNPHARMA26OCT1820CE,SUNPHARMA,29OCT2026,182000.000000,350,OPTSTK,BFO,5.000000,28000,False
882183,SIEMENS26SEP4250PE,SIEMENS,24SEP2026,425000.000000,175,OPTSTK,BFO,5.000000,8250,False
1129724,MFSL26OCT1320PE,MFSL,29OCT2026,132000.000000,400,OPTSTK,BFO,5.000000,32000,False
1129731,SENSEX26NOV68400CE,SENSEX,26NOV2026,6840000.000000,20,OPTIDX,BFO,5.000000,1000,False
1129734,TECHM26NOV1360PE,TECHM,26NOV2026,136000.000000,600,OPTSTK,BFO,5.000000,24000,False
1129770,SENSEX28DEC70000PE,SENSEX,28DEC2028,7000000.000000,20,OPTIDX,BFO,5.000000,1000,False
877710,CGPOWER26OCT760PE,CGPOWER,29OCT2026,76000.000000,850,OPTSTK,BFO,5.000000,100000000,False
877712,TITAN26OCT4850CE,TITAN,29OCT2026,485000.000000,175,OPTSTK,BFO,5.000000,11250,False
877715,LUPIN26OCT2340PE,LUPIN,29OCT2026,234000.000000,425,OPTSTK,BFO,5.000000,34000,False
877723,NATIONALUM26OCT340CE,NATIONALUM,29OCT2026,34000.000000,1875,OPTSTK,BFO,5.000000,300000,False
882186,RECLTD26OCT335CE,RECLTD,29OCT2026,33500.000000,1575,OPTSTK,BFO,5.000000,160000,False
882217,NYKAA26OCT375PE,NYKAA,29OCT2026,37500.000000,3125,OPTSTK,BFO,5.000000,100000000,False
882219,IREDA26OCT140PE,IREDA,29OCT2026,14000.000000,4525,OPTSTK,BFO,5.000000,100000000,False
882254,GODFRYPHLP26OCT2600PE,GODFRYPHLP,29OCT2026,260000.000000,275,OPTSTK,BFO,5.000000,100000000,False
1129801,OBEROIRLTY26NOV1680CE,OBEROIRLTY,26NOV2026,168000.000000,350,OPTSTK,BFO,5.000000,28000,False
1129806,DABUR26OCT335PE,DABUR,29OCT2026,33500.000000,1250,OPTSTK,BFO,5.000000,50000,False
1129846,SENSEX26OCT67900PE,SENSEX,29OCT2026,6790000.000000,20,OPTIDX,BFO,5.000000,1000,False
1129860,FOCIT26OCT28400PE,FOCIT,29OCT2026,2840000.000000,45,OPTIDX,BFO,5.000000,1350,False
877764,MFSL26OCT1560PE,MFSL,29OCT2026,156000.000000,400,OPTSTK,BFO,5.000000,32000,False
877766,VMM26OCT100PE,VMM,29OCT2026,10000.000000,4850,OPTSTK,BFO,5.000000,100000000,False
877781,IRFC26OCT90CE,IRFC,29OCT2026,9000.000000,5425,OPTSTK,BFO,5.000000,100000000,False
877795,ETERNAL26OCT320CE,ETERNAL,29OCT2026,32000.000000,2425,OPTSTK,BFO,5.000000,100000000,False
882308,SENSEX26OCT85200PE,SENSEX,29OCT2026,8520000.000000,20,OPTIDX,BFO,5.000000,1000,False
882353,LTM26OCT4950PE,LTM,29OCT2026,495000.000000,150,OPTSTK,BFO,5.000000,4500,False
882409,HINDALCO26OCT1140PE,HINDALCO,29OCT2026,114000.000000,700,OPTSTK,BFO,5.000000,56000,False
882437,PHOENIXLTD26OCT2060PE,PHOENIXLTD,29OCT2026,206000.000000,350,OPTSTK,BFO,5.000000,100000000,False
1129877,UNITDSPR26OCT1260PE,UNITDSPR,29OCT2026,126000.000000,400,OPTSTK,BFO,5.000000,28000,False
1129886,COFORGE26NOV1700PE,COFORGE,26NOV2026,170000.000000,475,OPTSTK,BFO,5.000000,6000,False
1129891,SUNPHARMA26OCT1720CE,SUNPHARMA,29OCT2026,172000.000000,350,OPTSTK,BFO,5.000000,28000,False
1129899,SENSEX26O1568300PE,SENSEX,15OCT2026,6830000.000000,20,OPTIDX,BFO,5.000000,1000,False
882479,COLPAL26OCT1920PE,COLPAL,29OCT2026,192000.000000,275,OPTSTK,BFO,5.000000,14000,False
882502,SENSEX26OCT85500CE,SENSEX,29OCT2026,8550000.000000,20,OPTIDX,BFO,5.000000,1000,False
882513,JSWENERGY26OCT630PE,JSWENERGY,29OCT2026,63000.000000,1075,OPTSTK,BFO,5.000000,100000000,False
882528,LUPIN26OCT2240CE,LUPIN,29OCT2026,224000.000000,425,OPTSTK,BFO,5.000000,34000,False
877813,SIEMENS26OCT3900PE,SIEMENS,29OCT2026,390000.000000,175,OPTSTK,BFO,5.000000,8250,False
877856,BHARATFORG26OCT2200PE,BHARATFORG,29OCT2026,220000.000000,500,OPTSTK,BFO,5.000000,30000,False
877872,HINDALCO26OCT1080CE,HINDALCO,29OCT2026,108000.000000,700,OPTSTK,BFO,5.000000,56000,False
877922,VOLTAS26OCT1480CE,VOLTAS,29OCT2026,148000.000000,375,OPTSTK,BFO,5.000000,30000,False
1129916,MANKIND26OCT2140CE,MANKIND,29OCT2026,214000.000000,250,OPTSTK,BFO,5.000000,100000000,False
1129917,COLPAL26OCT1660CE,COLPAL,29OCT2026,166000.000000,275,OPTSTK,BFO,5.000000,14000,False
1129922,ADANIPORTS26OCT1880PE,ADANIPORTS,29OCT2026,188000.000000,475,OPTSTK,BFO,5.000000,32000,False
1129938,BDL26NOV1080CE,BDL,26NOV2026,108000.000000,425,OPTSTK,BFO,5.000000,100000000,False
877924,PFC26OCT400CE,PFC,29OCT2026,40000.000000,1300,OPTSTK,BFO,5.000000,124000,False
877959,SENSEX29DEC75000CE,SENSEX,27DEC2029,7500000.000000,20,OPTIDX,BFO,5.000000,1000,False
877965,SENSEX2691772700PE,SENSEX,17SEP2026,7270000.000000,20,OPTIDX,BFO,5.000000,1000,False
878147,DRREDDY26OCT1210PE,DRREDDY,29OCT2026,121000.000000,625,OPTSTK,BFO,5.000000,5000,False
882530,MUTHOOTFIN26OCT2550PE,MUTHOOTFIN,29OCT2026,255000.000000,275,OPTSTK,BFO,5.000000,22000,False
882545,APLAPOLLO26OCT2060PE,APLAPOLLO,29OCT2026,206000.000000,350,OPTSTK,BFO,5.000000,100000000,False
882580,LAURUSLABS26SEP1980CE,LAURUSLABS,24SEP2026,198000.000000,850,OPTSTK,BFO,5.000000,68000,False
882582,CGPOWER26OCT1020PE,CGPOWER,29OCT2026,102000.000000,850,OPTSTK,BFO,5.000000,100000000,False
1129940,BANKEX26SEP56800PE,BANKEX,24SEP2026,5680000.000000,30,OPTIDX,BFO,5.000000,900,False
1129954,SENSEX26OCT68200PE,SENSEX,29OCT2026,6820000.000000,20,OPTIDX,BFO,5.000000,1000,False
1130007,MANKIND26NOV2100PE,MANKIND,26NOV2026,210000.000000,250,OPTSTK,BFO,5.000000,100000000,False
1130020,TMPV26NOV265PE,TMPV,26NOV2026,26500.000000,1600,OPTSTK,BFO,5.000000,42750,False
878171,SENSEX27JUN75000PE,SENSEX,24JUN2027,7500000.000000,20,OPTIDX,BFO,5.000000,1000,False
878191,SENSEX29DEC75000PE,SENSEX,27DEC2029,7500000.000000,20,OPTIDX,BFO,5.000000,1000,False
878202,M&M26OCT3200CE,M&M,29OCT2026,320000.000000,200,OPTSTK,BFO,5.000000,21000,False
878214,NTPC26OCT315CE,NTPC,29OCT2026,31500.000000,1500,OPTSTK,BFO,5.000000,150000,False
882593,NAM-INDIA26OCT1320CE,NAM-INDIA,29OCT2026,132000.000000,625,OPTSTK,BFO,5.000000,100000000,False
882597,MAXHEALTH26OCT1010PE,MAXHEALTH,29OCT2026,101000.000000,525,OPTSTK,BFO,5.000000,100000000,False
882618,NATIONALUM26OCT450PE,NATIONALUM,29OCT2026,45000.000000,1875,OPTSTK,BFO,5.000000,300000,False
882620,KEI26OCT5900PE,KEI,29OCT2026,590000.000000,175,OPTSTK,BFO,5.000000,100000000,False
1130052,BRITANNIA26OCT4650PE,BRITANNIA,29OCT2026,465000.000000,125,OPTSTK,BFO,5.000000,6000,False
1130053,BRITANNIA26SEP4650CE,BRITANNIA,24SEP2026,465000.000000,125,OPTSTK,BFO,5.000000,6000,False
1130061,HCLTECH26OCT1130PE,HCLTECH,29OCT2026,113000.000000,400,OPTSTK,BFO,5.000000,21000,False
1130072,BLUESTARCO26NOV1660CE,BLUESTARCO,26NOV2026,166000.000000,325,OPTSTK,BFO,5.000000,100000000,False
878262,SENSEX30DEC75000CE,SENSEX,26DEC2030,7500000.000000,20,OPTIDX,BFO,5.000000,1000,False
878280,FOCIT26OCT38600PE,FOCIT,29OCT2026,3860000.000000,45,OPTIDX,BFO,5.000000,1350,False
878324,BAJFINANCE26OCT1010CE,BAJFINANCE,29OCT2026,101000.000000,750,OPTSTK,BFO,5.000000,3750,False
878352,OIL26OCT450PE,OIL,29OCT2026,45000.000000,1400,OPTSTK,BFO,5.000000,100000000,False
882626,BAJFINANCE26SEP1220CE,BAJFINANCE,24SEP2026,122000.000000,750,OPTSTK,BFO,5.000000,3750,False
882636,NYKAA26SEP380CE,NYKAA,24SEP2026,38000.000000,3125,OPTSTK,BFO,5.000000,100000000,False
882655,SIEMENS26OCT4300CE,SIEMENS,29OCT2026,430000.000000,175,OPTSTK,BFO,5.000000,8250,False
882663,OFSS26OCT12300CE,OFSS,29OCT2026,1230000.000000,100,OPTSTK,BFO,5.000000,8000,False
1130074,SUZLON26SEP37PE,SUZLON,24SEP2026,3700.000000,12700,OPTSTK,BFO,5.000000,100000000,False
1130078,TVSMOTOR26OCT3750PE,TVSMOTOR,29OCT2026,375000.000000,175,OPTSTK,BFO,5.000000,21000,False
1130079,BRITANNIA26NOV4650CE,BRITANNIA,26NOV2026,465000.000000,125,OPTSTK,BFO,5.000000,6000,False
1130105,POWERGRID26NOV290PE,POWERGRID,26NOV2026,29000.000000,1900,OPTSTK,BFO,5.000000,108000,False
878377,VMM26OCT105PE,VMM,29OCT2026,10500.000000,4850,OPTSTK,BFO,5.000000,100000000,False
878400,SENSEX26OCT83500PE,SENSEX,29OCT2026,8350000.000000,20,OPTIDX,BFO,5.000000,1000,False
878454,FOCIT26OCT37000CE,FOCIT,29OCT2026,3700000.000000,45,OPTIDX,BFO,5.000000,1350,False
878502,NBCC26OCT97.5CE,NBCC,29OCT2026,9750.000000,6500,OPTSTK,BFO,5.000000,100000000,False
882667,LICI26SEP355CE,LICI,24SEP2026,35500.000000,1400,OPTSTK,BFO,5.000000,100000000,False
882671,KEI26OCT6200PE,KEI,29OCT2026,620000.000000,175,OPTSTK,BFO,5.000000,100000000,False
882720,MANAPPURAM26OCT320CE,MANAPPURAM,29OCT2026,32000.000000,3000,OPTSTK,BFO,5.000000,180000,False
882723,SIEMENS26SEP4350CE,SIEMENS,24SEP2026,435000.000000,175,OPTSTK,BFO,5.000000,8250,False
1130107,FORTIS26NOV830PE,FORTIS,26NOV2026,83000.000000,775,OPTSTK,BFO,5.000000,100000000,False
1130113,HCLTECH26NOV1130CE,HCLTECH,26NOV2026,113000.000000,400,OPTSTK,BFO,5.000000,21000,False
1130122,BDL26OCT1060CE,BDL,29OCT2026,106000.000000,425,OPTSTK,BFO,5.000000,100000000,False
1130129,COALINDIA26OCT470CE,COALINDIA,29OCT2026,47000.000000,1350,OPTSTK,BFO,5.000000,126000,False
882736,UPL26OCT510PE,UPL,29OCT2026,51000.000000,1355,OPTSTK,BFO,5.000000,39000,False
882740,NESTLEIND26OCT1430CE,NESTLEIND,29OCT2026,143000.000000,500,OPTSTK,BFO,5.000000,1200,False
882757,DLF26OCT580PE,DLF,29OCT2026,58000.000000,950,OPTSTK,BFO,5.000000,49500,False
882775,BAJFINANCE26SEP1220PE,BAJFINANCE,24SEP2026,122000.000000,750,OPTSTK,BFO,5.000000,3750,False
878513,SENSEX26SEP75000CE,SENSEX,24SEP2026,7500000.000000,20,OPTIDX,BFO,5.000000,1000,False
878582,MAZDOCK26OCT2200PE,MAZDOCK,29OCT2026,220000.000000,225,OPTSTK,BFO,5.000000,100000000,False
878611,VBL26OCT450CE,VBL,29OCT2026,45000.000000,1275,OPTSTK,BFO,5.000000,100000000,False
878620,ANGELONE26OCT300PE,ANGELONE,29OCT2026,30000.000000,2500,OPTSTK,BFO,5.000000,100000000,False
1130182,LTM26NOV4000CE,LTM,26NOV2026,400000.000000,150,OPTSTK,BFO,5.000000,4500,False
1130200,KEI26NOV3900PE,KEI,26NOV2026,390000.000000,175,OPTSTK,BFO,5.000000,100000000,False
1130238,FORTIS26NOV830CE,FORTIS,26NOV2026,83000.000000,775,OPTSTK,BFO,5.000000,100000000,False
1130245,DIXON26OCT11750CE,DIXON,29OCT2026,1175000.000000,50,OPTSTK,BFO,5.000000,6000,False
855924,ZYDUSLIFE26SEP1200PE,ZYDUSLIFE,24SEP2026,120000.000000,900,OPTSTK,BFO,5.000000,54000,False
855927,SENSEX26SEP84600PE,SENSEX,24SEP2026,8460000.000000,20,OPTIDX,BFO,5.000000,1000,False
855949,LODHA26SEP1200CE,LODHA,24SEP2026,120000.000000,625,OPTSTK,BFO,5.000000,100000000,False
855960,POWERINDIA26SEP28500CE,POWERINDIA,24SEP2026,2850000.000000,25,OPTSTK,BFO,5.000000,100000000,False
882794,OFSS26OCT12300PE,OFSS,29OCT2026,1230000.000000,100,OPTSTK,BFO,5.000000,8000,False
882819,POWERGRID26OCT265CE,POWERGRID,29OCT2026,26500.000000,1900,OPTSTK,BFO,5.000000,108000,False
882834,HINDALCO26OCT1160PE,HINDALCO,29OCT2026,116000.000000,700,OPTSTK,BFO,5.000000,56000,False
882838,IDFCFIRSTB26OCT93PE,IDFCFIRSTB,29OCT2026,9300.000000,9275,OPTSTK,BFO,5.000000,450000,False
878621,FOCIT26OCT42600PE,FOCIT,29OCT2026,4260000.000000,45,OPTIDX,BFO,5.000000,1350,False
878624,SUZLON26OCT41PE,SUZLON,29OCT2026,4100.000000,12700,OPTSTK,BFO,5.000000,100000000,False
878691,RECLTD26OCT365CE,RECLTD,29OCT2026,36500.000000,1575,OPTSTK,BFO,5.000000,160000,False
878710,BIOCON26OCT415CE,BIOCON,29OCT2026,41500.000000,2500,OPTSTK,BFO,5.000000,100000,False
882843,CONCOR26OCT485CE,CONCOR,29OCT2026,48500.000000,1250,OPTSTK,BFO,5.000000,40000,False
882860,SIEMENS26SEP4350PE,SIEMENS,24SEP2026,435000.000000,175,OPTSTK,BFO,5.000000,8250,False
882881,LICI26OCT355CE,LICI,29OCT2026,35500.000000,1400,OPTSTK,BFO,5.000000,100000000,False
882899,HINDZINC26SEP630PE,HINDZINC,24SEP2026,63000.000000,1225,OPTSTK,BFO,5.000000,100000000,False
1130281,LTM26OCT3950CE,LTM,29OCT2026,395000.000000,150,OPTSTK,BFO,5.000000,4500,False
1130292,GODREJPROP26SEP1660PE,GODREJPROP,24SEP2026,166000.000000,325,OPTSTK,BFO,5.000000,19000,False
1130294,INDUSTOWER26NOV425PE,INDUSTOWER,26NOV2026,42500.000000,1700,OPTSTK,BFO,5.000000,170000,False
1130297,COCHINSHIP26NOV1240PE,COCHINSHIP,26NOV2026,124000.000000,400,OPTSTK,BFO,5.000000,100000000,False
855975,SENSEX26SEP84700CE,SENSEX,24SEP2026,8470000.000000,20,OPTIDX,BFO,5.000000,1000,False
855980,INDUSINDBK26SEP1030CE,INDUSINDBK,24SEP2026,103000.000000,700,OPTSTK,BFO,5.000000,20000,False
855993,DMART26SEP3800CE,DMART,24SEP2026,380000.000000,150,OPTSTK,BFO,5.000000,100000000,False
856014,ICICIPRULI26SEP450PE,ICICIPRULI,24SEP2026,45000.000000,925,OPTSTK,BFO,5.000000,60000,False
878723,SRF26OCT2650PE,SRF,29OCT2026,265000.000000,200,OPTSTK,BFO,5.000000,11250,False
878738,ASIANPAINT26OCT2860CE,ASIANPAINT,29OCT2026,286000.000000,250,OPTSTK,BFO,5.000000,8000,False
882902,JIOFIN26SEP282.5PE,JIOFIN,24SEP2026,28250.000000,2350,OPTSTK,BFO,5.000000,100000000,False
882916,NAM-INDIA26OCT1340CE,NAM-INDIA,29OCT2026,134000.000000,625,OPTSTK,BFO,5.000000,100000000,False
882925,DABUR26SEP375CE,DABUR,24SEP2026,37500.000000,1250,OPTSTK,BFO,5.000000,50000,False
882935,BRITANNIA26OCT5000CE,BRITANNIA,29OCT2026,500000.000000,125,OPTSTK,BFO,5.000000,6000,False
879129,SENSEX30DEC74000PE,SENSEX,26DEC2030,7400000.000000,20,OPTIDX,BFO,5.000000,1000,False
1130308,TIINDIA26SEP2250CE,TIINDIA,24SEP2026,225000.000000,200,OPTSTK,BFO,5.000000,100000000,False
1130341,SAIL26NOV165CE,SAIL,26NOV2026,16500.000000,4700,OPTSTK,BFO,5.000000,320000,False
1130343,LAURUSLABS26NOV2100PE,LAURUSLABS,26NOV2026,210000.000000,850,OPTSTK,BFO,5.000000,68000,False
1130348,PRESTIGE26OCT1360CE,PRESTIGE,29OCT2026,136000.000000,450,OPTSTK,BFO,5.000000,100000000,False
856027,AUROPHARMA26SEP1760PE,AUROPHARMA,24SEP2026,176000.000000,550,OPTSTK,BFO,5.000000,44000,False
856033,CGPOWER26SEP800CE,CGPOWER,24SEP2026,80000.000000,850,OPTSTK,BFO,5.000000,100000000,False
856040,TORNTPHARM26SEP5100PE,TORNTPHARM,24SEP2026,510000.000000,125,OPTSTK,BFO,5.000000,15000,False
856056,BAJAJHLDNG26SEP11800CE,BAJAJHLDNG,24SEP2026,1180000.000000,75,OPTSTK,BFO,5.000000,100000000,False
882945,HDFCLIFE26OCT500PE,HDFCLIFE,29OCT2026,50000.000000,1100,OPTSTK,BFO,5.000000,44000,False
882952,UNOMINDA26OCT1360PE,UNOMINDA,29OCT2026,136000.000000,550,OPTSTK,BFO,5.000000,100000000,False
882968,KALYANKJIL26OCT570CE,KALYANKJIL,29OCT2026,57000.000000,1350,OPTSTK,BFO,5.000000,100000000,False
882983,LICI26SEP370CE,LICI,24SEP2026,37000.000000,1400,OPTSTK,BFO,5.000000,100000000,False
880112,NESTLEIND26OCT1440CE,NESTLEIND,29OCT2026,144000.000000,500,OPTSTK,BFO,5.000000,1200,False
856061,PHOENIXLTD26SEP2180CE,PHOENIXLTD,24SEP2026,218000.000000,350,OPTSTK,BFO,5.000000,100000000,False
856068,JSWENERGY26SEP480CE,JSWENERGY,24SEP2026,48000.000000,1075,OPTSTK,BFO,5.000000,100000000,False
856098,GVT&D26SEP3700PE,GVT&D,24SEP2026,370000.000000,125,OPTSTK,BFO,5.000000,100000000,False
856148,HYUNDAI26SEP2120CE,HYUNDAI,24SEP2026,212000.000000,275,OPTSTK,BFO,5.000000,100000000,False
883018,NESTLEIND26OCT1420PE,NESTLEIND,29OCT2026,142000.000000,500,OPTSTK,BFO,5.000000,1200,False
883030,SENSEX29DEC73000PE,SENSEX,27DEC2029,7300000.000000,20,OPTIDX,BFO,5.000000,1000,False
883041,COLPAL26OCT1880PE,COLPAL,29OCT2026,188000.000000,275,OPTSTK,BFO,5.000000,14000,False
883054,UNIONBANK26OCT192.5PE,UNIONBANK,29OCT2026,19250.000000,4425,OPTSTK,BFO,5.000000,100000000,False
1130372,LTM26NOV3950PE,LTM,26NOV2026,395000.000000,150,OPTSTK,BFO,5.000000,4500,False
1130385,RELIANCE26NOV1200CE,RELIANCE,26NOV2026,120000.000000,500,OPTSTK,BFO,5.000000,10000,False
1130404,HDFCAMC26OCT2050CE,HDFCAMC,29OCT2026,205000.000000,300,OPTSTK,BFO,5.000000,12000,False
1130412,ASTRAL26NOV1300CE,ASTRAL,26NOV2026,130000.000000,425,OPTSTK,BFO,5.000000,14680,False
880128,MANKIND26OCT2340CE,MANKIND,29OCT2026,234000.000000,250,OPTSTK,BFO,5.000000,100000000,False
880158,ETERNAL26OCT270CE,ETERNAL,29OCT2026,27000.000000,2425,OPTSTK,BFO,5.000000,100000000,False
880159,BAJFINANCE26OCT1140CE,BAJFINANCE,29OCT2026,114000.000000,750,OPTSTK,BFO,5.000000,3750,False
880165,EICHERMOT26OCT7100PE,EICHERMOT,29OCT2026,710000.000000,100,OPTSTK,BFO,5.000000,7000,False
883060,MAXHEALTH26OCT1010CE,MAXHEALTH,29OCT2026,101000.000000,525,OPTSTK,BFO,5.000000,100000000,False
883070,BAJAJ-AUTO26SEP12300CE,BAJAJ-AUTO,24SEP2026,1230000.000000,75,OPTSTK,BFO,5.000000,5000,False
883098,ICICIBANK26OCT1520CE,ICICIBANK,29OCT2026,152000.000000,700,OPTSTK,BFO,5.000000,28000,False
883106,HAVELLS26SEP1420CE,HAVELLS,24SEP2026,142000.000000,500,OPTSTK,BFO,5.000000,20000,False
856167,NAUKRI26SEP1180CE,NAUKRI,24SEP2026,118000.000000,550,OPTSTK,BFO,5.000000,6000,False
856172,KAYNES26SEP3650PE,KAYNES,24SEP2026,365000.000000,150,OPTSTK,BFO,5.000000,100000000,False
856186,HINDZINC26SEP610CE,HINDZINC,24SEP2026,61000.000000,1225,OPTSTK,BFO,5.000000,100000000,False
856217,GLENMARK26SEP2380PE,GLENMARK,24SEP2026,238000.000000,375,OPTSTK,BFO,5.000000,43500,False
880173,HAL26SEP5000CE,HAL,24SEP2026,500000.000000,150,OPTSTK,BFO,5.000000,9000,False
880250,GAIL26OCT192.5CE,GAIL,29OCT2026,19250.000000,3550,OPTSTK,BFO,5.000000,274500,False
880259,GAIL26SEP195PE,GAIL,24SEP2026,19500.000000,3550,OPTSTK,BFO,5.000000,274500,False
880296,MAXHEALTH26OCT1050PE,MAXHEALTH,29OCT2026,105000.000000,525,OPTSTK,BFO,5.000000,100000000,False
1130421,M&M26OCT2750PE,M&M,29OCT2026,275000.000000,200,OPTSTK,BFO,5.000000,21000,False
1130455,RADICO26NOV4050CE,RADICO,26NOV2026,405000.000000,150,OPTSTK,BFO,5.000000,100000000,False
1130462,EICHERMOT26OCT6800PE,EICHERMOT,29OCT2026,680000.000000,100,OPTSTK,BFO,5.000000,7000,False
1130508,SUPREMEIND26OCT3050CE,SUPREMEIND,29OCT2026,305000.000000,175,OPTSTK,BFO,5.000000,100000000,False
883194,360ONE26SEP1320PE,,24SEP2026,132000.000000,500,OPTSTK,BFO,5.000000,100000000,False
883239,LT26OCT4400CE,LT,29OCT2026,440000.000000,175,OPTSTK,BFO,5.000000,12000,False
883251,TATASTEEL26OCT210PE,TATASTEEL,29OCT2026,21000.000000,2750,OPTSTK,BFO,5.000000,220000,False
883256,MPHASIS26SEP2800PE,MPHASIS,24SEP2026,280000.000000,275,OPTSTK,BFO,5.000000,11000,False
880353,CAMS26OCT870CE,CAMS,29OCT2026,87000.000000,825,OPTSTK,BFO,5.000000,100000000,False
880367,PHOENIXLTD26OCT2040CE,PHOENIXLTD,29OCT2026,204000.000000,350,OPTSTK,BFO,5.000000,100000000,False
880368,ADANIPORTS26OCT1820CE,ADANIPORTS,29OCT2026,182000.000000,475,OPTSTK,BFO,5.000000,32000,False
880377,ADANIGREEN26OCT1520PE,ADANIGREEN,29OCT2026,152000.000000,600,OPTSTK,BFO,5.000000,100000000,False
883262,RADICO26SEP4900PE,RADICO,24SEP2026,490000.000000,150,OPTSTK,BFO,5.000000,100000000,False
883314,OIL26OCT405PE,OIL,29OCT2026,40500.000000,1400,OPTSTK,BFO,5.000000,100000000,False
883370,SONACOMS26OCT880PE,SONACOMS,29OCT2026,88000.000000,1225,OPTSTK,BFO,5.000000,100000000,False
883416,POWERINDIA26OCT36000CE,POWERINDIA,29OCT2026,3600000.000000,25,OPTSTK,BFO,5.000000,100000000,False
856260,SENSEX26SEP85300CE,SENSEX,24SEP2026,8530000.000000,20,OPTIDX,BFO,5.000000,1000,False
856266,ALKEM26SEP5950CE,ALKEM,24SEP2026,595000.000000,125,OPTSTK,BFO,5.000000,8000,False
856343,CHOLAFIN26SEP1960CE,CHOLAFIN,24SEP2026,196000.000000,625,OPTSTK,BFO,5.000000,25000,False
856372,ONGC26SEP257.5CE,ONGC,24SEP2026,25750.000000,2250,OPTSTK,BFO,5.000000,154000,False
1130518,RELIANCE26OCT1200PE,RELIANCE,29OCT2026,120000.000000,500,OPTSTK,BFO,5.000000,10000,False
1130531,BLUESTARCO26NOV1700CE,BLUESTARCO,26NOV2026,170000.000000,325,OPTSTK,BFO,5.000000,100000000,False
1130557,LT26NOV3550CE,LT,26NOV2026,355000.000000,175,OPTSTK,BFO,5.000000,12000,False
1130562,GODREJPROP26SEP1680PE,GODREJPROP,24SEP2026,168000.000000,325,OPTSTK,BFO,5.000000,19000,False
880438,TITAN26SEP5250CE,TITAN,24SEP2026,525000.000000,175,OPTSTK,BFO,5.000000,11250,False
880448,BPCL26OCT355CE,BPCL,29OCT2026,35500.000000,1975,OPTSTK,BFO,5.000000,72000,False
880559,HDFCBANK26OCT680CE,HDFCBANK,29OCT2026,68000.000000,650,OPTSTK,BFO,5.000000,16500,False
880575,LODHA26OCT1100PE,LODHA,29OCT2026,110000.000000,625,OPTSTK,BFO,5.000000,100000000,False
883422,TIINDIA26OCT3150PE,TIINDIA,29OCT2026,315000.000000,200,OPTSTK,BFO,5.000000,100000000,False
883475,M&M26SEP3800CE,M&M,24SEP2026,380000.000000,200,OPTSTK,BFO,5.000000,21000,False
883477,TRENT26OCT3450CE,TRENT,29OCT2026,345000.000000,225,OPTSTK,BFO,5.000000,16000,False
883541,UNOMINDA26OCT1400CE,UNOMINDA,29OCT2026,140000.000000,550,OPTSTK,BFO,5.000000,100000000,False
856400,SENSEX26SEP85300PE,SENSEX,24SEP2026,8530000.000000,20,OPTIDX,BFO,5.000000,1000,False
856404,JUBLFOOD26SEP470PE,JUBLFOOD,24SEP2026,47000.000000,1250,OPTSTK,BFO,5.000000,50000,False
856433,BDL26SEP1540PE,BDL,24SEP2026,154000.000000,425,OPTSTK,BFO,5.000000,100000000,False
856437,MCX26SEP2350PE,MCX,24SEP2026,235000.000000,225,OPTSTK,BFO,5.000000,16000,False
880679,SENSEX26DEC80000PE,SENSEX,31DEC2026,8000000.000000,20,OPTIDX,BFO,5.000000,1000,False
880719,BHARATFORG26OCT2340PE,BHARATFORG,29OCT2026,234000.000000,500,OPTSTK,BFO,5.000000,30000,False
880723,PAGEIND26OCT37000PE,PAGEIND,29OCT2026,3700000.000000,20,OPTSTK,BFO,5.000000,600,False
880766,KALYANKJIL26OCT580CE,KALYANKJIL,29OCT2026,58000.000000,1350,OPTSTK,BFO,5.000000,100000000,False
1130578,BHARATFORG26SEP1800CE,BHARATFORG,24SEP2026,180000.000000,500,OPTSTK,BFO,5.000000,30000,False
1130601,RELIANCE26OCT1190PE,RELIANCE,29OCT2026,119000.000000,500,OPTSTK,BFO,5.000000,10000,False
1130602,MAZDOCK26NOV2000CE,MAZDOCK,26NOV2026,200000.000000,225,OPTSTK,BFO,5.000000,100000000,False
1130606,GODREJPROP26NOV1700CE,GODREJPROP,26NOV2026,170000.000000,325,OPTSTK,BFO,5.000000,19000,False
883618,AUROPHARMA26OCT1760CE,AUROPHARMA,29OCT2026,176000.000000,550,OPTSTK,BFO,5.000000,44000,False
883626,SONACOMS26OCT880CE,SONACOMS,29OCT2026,88000.000000,1225,OPTSTK,BFO,5.000000,100000000,False
883634,BOSCHLTD26SEP46500PE,BOSCHLTD,24SEP2026,4650000.000000,25,OPTSTK,BFO,5.000000,1500,False
883636,SHRIRAMFIN26SEP1260CE,SHRIRAMFIN,24SEP2026,126000.000000,825,OPTSTK,BFO,5.000000,18000,False
880768,TMPV26OCT375PE,TMPV,29OCT2026,37500.000000,1600,OPTSTK,BFO,5.000000,42750,False
880774,GAIL26OCT195CE,GAIL,29OCT2026,19500.000000,3550,OPTSTK,BFO,5.000000,274500,False
880790,HYUNDAI26OCT2300PE,HYUNDAI,29OCT2026,230000.000000,275,OPTSTK,BFO,5.000000,100000000,False
880821,JIOFIN26OCT275PE,JIOFIN,29OCT2026,27500.000000,2350,OPTSTK,BFO,5.000000,100000000,False
856471,CHOLAFIN26SEP2000PE,CHOLAFIN,24SEP2026,200000.000000,625,OPTSTK,BFO,5.000000,25000,False
856476,PGEL26SEP640PE,PGEL,24SEP2026,64000.000000,950,OPTSTK,BFO,5.000000,100000000,False
856478,SENSEX5026SEP26450PE,SENSEX50,24SEP2026,2645000.000000,75,OPTIDX,BFO,5.000000,1800,False
856573,ABB26SEP7800CE,ABB,24SEP2026,780000.000000,125,OPTSTK,BFO,5.000000,7500,False
883645,ICICIGI26OCT1820PE,ICICIGI,29OCT2026,182000.000000,325,OPTSTK,BFO,5.000000,20000,False
883653,POLICYBZR26OCT1780PE,POLICYBZR,29OCT2026,178000.000000,350,OPTSTK,BFO,5.000000,100000000,False
883661,HINDZINC26OCT660PE,HINDZINC,29OCT2026,66000.000000,1225,OPTSTK,BFO,5.000000,100000000,False
883672,PNBHOUSING26OCT1260PE,PNBHOUSING,29OCT2026,126000.000000,650,OPTSTK,BFO,5.000000,100000000,False
1130652,DLF26NOV570PE,DLF,26NOV2026,57000.000000,950,OPTSTK,BFO,5.000000,49500,False
1130664,SENSEX5026SEP23550CE,SENSEX50,24SEP2026,2355000.000000,75,OPTIDX,BFO,5.000000,1800,False
1130682,RADICO26NOV4000PE,RADICO,26NOV2026,400000.000000,150,OPTSTK,BFO,5.000000,100000000,False
1130686,ICICIGI26NOV1320PE,ICICIGI,26NOV2026,132000.000000,325,OPTSTK,BFO,5.000000,20000,False
880835,CGPOWER26OCT1000PE,CGPOWER,29OCT2026,100000.000000,850,OPTSTK,BFO,5.000000,100000000,False
880842,TATACONSUM26OCT1010CE,TATACONSUM,29OCT2026,101000.000000,550,OPTSTK,BFO,5.000000,36000,False
880855,PRESTIGE26OCT1760PE,PRESTIGE,29OCT2026,176000.000000,450,OPTSTK,BFO,5.000000,100000000,False
880861,TIINDIA26OCT3100PE,TIINDIA,29OCT2026,310000.000000,200,OPTSTK,BFO,5.000000,100000000,False
883680,MCX26OCT2250PE,MCX,29OCT2026,225000.000000,225,OPTSTK,BFO,5.000000,16000,False
883737,SONACOMS26SEP880PE,SONACOMS,24SEP2026,88000.000000,1225,OPTSTK,BFO,5.000000,100000000,False
883744,SONACOMS26OCT870CE,SONACOMS,29OCT2026,87000.000000,1225,OPTSTK,BFO,5.000000,100000000,False
883750,PIDILITIND26OCT1780PE,PIDILITIND,29OCT2026,178000.000000,500,OPTSTK,BFO,5.000000,10000,False
856579,UNIONBANK26SEP142.5PE,UNIONBANK,24SEP2026,14250.000000,4425,OPTSTK,BFO,5.000000,100000000,False
856611,EICHERMOT26SEP8100CE,EICHERMOT,24SEP2026,810000.000000,100,OPTSTK,BFO,5.000000,7000,False
856663,MANAPPURAM26SEP375PE,MANAPPURAM,24SEP2026,37500.000000,3000,OPTSTK,BFO,5.000000,180000,False
856665,GODREJPROP26SEP2160PE,GODREJPROP,24SEP2026,216000.000000,325,OPTSTK,BFO,5.000000,19000,False
880863,ABCAPITAL26OCT440CE,ABCAPITAL,29OCT2026,44000.000000,3100,OPTSTK,BFO,5.000000,162000,False
880885,BHARTIARTL26SEP2120PE,BHARTIARTL,24SEP2026,212000.000000,475,OPTSTK,BFO,5.000000,28500,False
880930,POLYCAB26OCT9700PE,POLYCAB,29OCT2026,970000.000000,125,OPTSTK,BFO,5.000000,9000,False
880932,KAYNES26SEP4100CE,KAYNES,24SEP2026,410000.000000,150,OPTSTK,BFO,5.000000,100000000,False
1130708,NATIONALUM26NOV290CE,NATIONALUM,26NOV2026,29000.000000,1875,OPTSTK,BFO,5.000000,300000,False
1130714,GODREJPROP26SEP1660CE,GODREJPROP,24SEP2026,166000.000000,325,OPTSTK,BFO,5.000000,19000,False
1130730,COCHINSHIP26NOV1240CE,COCHINSHIP,26NOV2026,124000.000000,400,OPTSTK,BFO,5.000000,100000000,False
1130788,PIIND26NOV1900PE,PIIND,26NOV2026,190000.000000,175,OPTSTK,BFO,5.000000,7500,False
883799,BANKEX26OCT72700CE,BANKEX,29OCT2026,7270000.000000,30,OPTIDX,BFO,5.000000,900,False
883830,CHOLAFIN26OCT2080CE,CHOLAFIN,29OCT2026,208000.000000,625,OPTSTK,BFO,5.000000,25000,False
883867,HAL26OCT5250CE,HAL,29OCT2026,525000.000000,150,OPTSTK,BFO,5.000000,9000,False
883886,BIOCON26OCT470PE,BIOCON,29OCT2026,47000.000000,2500,OPTSTK,BFO,5.000000,100000,False
856775,INDUSINDBK26SEP1070PE,INDUSINDBK,24SEP2026,107000.000000,700,OPTSTK,BFO,5.000000,20000,False
856793,JSWSTEEL26SEP1380CE,JSWSTEEL,24SEP2026,138000.000000,675,OPTSTK,BFO,5.000000,40500,False
856797,HDFCLIFE26SEP530CE,HDFCLIFE,24SEP2026,53000.000000,1100,OPTSTK,BFO,5.000000,44000,False
856804,MOTHERSON26SEP127.5CE,MOTHERSON,24SEP2026,12750.000000,6150,OPTSTK,BFO,5.000000,284000,False
881005,BAJFINANCE26OCT1210PE,BAJFINANCE,29OCT2026,121000.000000,750,OPTSTK,BFO,5.000000,3750,False
881009,TATACONSUM26OCT1010PE,TATACONSUM,29OCT2026,101000.000000,550,OPTSTK,BFO,5.000000,36000,False
881010,BAJFINANCE26OCT1200CE,BAJFINANCE,29OCT2026,120000.000000,750,OPTSTK,BFO,5.000000,3750,False
881020,KALYANKJIL26OCT590PE,KALYANKJIL,29OCT2026,59000.000000,1350,OPTSTK,BFO,5.000000,100000000,False
883888,SENSEX5026OCT26850CE,SENSEX50,29OCT2026,2685000.000000,75,OPTIDX,BFO,5.000000,1800,False
883903,BEL26OCT430PE,BEL,29OCT2026,43000.000000,1425,OPTSTK,BFO,5.000000,228000,False
883909,BHARATFORG26OCT2380CE,BHARATFORG,29OCT2026,238000.000000,500,OPTSTK,BFO,5.000000,30000,False
883926,COCHINSHIP26OCT1600PE,COCHINSHIP,29OCT2026,160000.000000,400,OPTSTK,BFO,5.000000,100000000,False
1130801,NESTLEIND26OCT1310CE,NESTLEIND,29OCT2026,131000.000000,500,OPTSTK,BFO,5.000000,1200,False
1130805,LAURUSLABS26OCT2100CE,LAURUSLABS,29OCT2026,210000.000000,850,OPTSTK,BFO,5.000000,68000,False
1130810,PAYTM26OCT1920PE,PAYTM,29OCT2026,192000.000000,725,OPTSTK,BFO,5.000000,100000000,False
1130814,SENSEX5026NOV23550CE,SENSEX50,26NOV2026,2355000.000000,75,OPTIDX,BFO,5.000000,1800,False
856809,LTF26SEP370PE,LTF,24SEP2026,37000.000000,2250,OPTSTK,BFO,5.000000,267720,False
856844,MPHASIS26SEP2600PE,MPHASIS,24SEP2026,260000.000000,275,OPTSTK,BFO,5.000000,11000,False
856864,JUBLFOOD26SEP480PE,JUBLFOOD,24SEP2026,48000.000000,1250,OPTSTK,BFO,5.000000,50000,False
856868,ALKEM26SEP6000PE,ALKEM,24SEP2026,600000.000000,125,OPTSTK,BFO,5.000000,8000,False
867271,KEI26OCT5300CE,KEI,29OCT2026,530000.000000,175,OPTSTK,BFO,5.000000,100000000,False
867312,CAMS26OCT760PE,CAMS,29OCT2026,76000.000000,825,OPTSTK,BFO,5.000000,100000000,False
867326,JIOFIN26OCT260CE,JIOFIN,29OCT2026,26000.000000,2350,OPTSTK,BFO,5.000000,100000000,False
881028,AMBUJACEM26OCT395CE,AMBUJACEM,29OCT2026,39500.000000,1200,OPTSTK,BFO,5.000000,54000,False
881033,POWERINDIA26OCT35000CE,POWERINDIA,29OCT2026,3500000.000000,25,OPTSTK,BFO,5.000000,100000000,False
881040,TORNTPHARM26OCT5300CE,TORNTPHARM,29OCT2026,530000.000000,125,OPTSTK,BFO,5.000000,15000,False
881041,CUMMINSIND26OCT6200PE,CUMMINSIND,29OCT2026,620000.000000,200,OPTSTK,BFO,5.000000,18000,False
883941,SENSEX2691785700PE,SENSEX,17SEP2026,8570000.000000,20,OPTIDX,BFO,5.000000,1000,False
1133257,SENSEX26SEP89000CE,SENSEX,24SEP2026,8900000.000000,20,OPTIDX,BFO,5.000000,1000,False
2051902,CDSL26SEP1500PE,CDSL,29SEP2026,150000.000000,475,OPTSTK,BFO,5.000000,14001,False
2053744,BSE26SEP4300PE,BSE,29SEP2026,430000.000000,200,OPTSTK,BFO,5.000000,3751,False
2054634,BSE26SEP3700CE,BSE,29SEP2026,370000.000000,200,OPTSTK,BFO,5.000000,3751,False
867340,MOTHERSON26OCT132.5PE,MOTHERSON,29OCT2026,13250.000000,6150,OPTSTK,BFO,5.000000,284000,False
867348,IOC26OCT127.5PE,IOC,29OCT2026,12750.000000,4875,OPTSTK,BFO,5.000000,292500,False
867350,FOCIT26OCT32200CE,FOCIT,29OCT2026,3220000.000000,45,OPTIDX,BFO,5.000000,1350,False
867388,FORTIS26OCT920CE,FORTIS,29OCT2026,92000.000000,775,OPTSTK,BFO,5.000000,100000000,False
881055,NHPC26OCT86CE,NHPC,29OCT2026,8600.000000,6950,OPTSTK,BFO,5.000000,100000000,False
881064,ABCAPITAL26OCT435CE,ABCAPITAL,29OCT2026,43500.000000,3100,OPTSTK,BFO,5.000000,162000,False
881065,BAJAJHLDNG26OCT11800PE,BAJAJHLDNG,29OCT2026,1180000.000000,75,OPTSTK,BFO,5.000000,100000000,False
881084,SENSEX2691785000PE,SENSEX,17SEP2026,8500000.000000,20,OPTIDX,BFO,5.000000,1000,False
2209817,BSE26OCT3500PE,BSE,27OCT2026,350000.000000,200,OPTSTK,BFO,5.000000,3751,False
2212662,BSE26OCT3700PE,BSE,27OCT2026,370000.000000,200,OPTSTK,BFO,5.000000,3751,False
2218865,BSE26OCT4100CE,BSE,27OCT2026,410000.000000,200,OPTSTK,BFO,5.000000,3751,False
2274413,CDSL26NOV1800CE,CDSL,23NOV2026,180000.000000,475,OPTSTK,BFO,5.000000,14001,False
856875,LTM26SEP4200CE,LTM,24SEP2026,420000.000000,150,OPTSTK,BFO,5.000000,4500,False
856904,LTM26SEP4150CE,LTM,24SEP2026,415000.000000,150,OPTSTK,BFO,5.000000,4500,False
856915,INDHOTEL26SEP820CE,INDHOTEL,24SEP2026,82000.000000,1000,OPTSTK,BFO,5.000000,60000,False
856931,APLAPOLLO26SEP1960PE,APLAPOLLO,24SEP2026,196000.000000,350,OPTSTK,BFO,5.000000,100000000,False
826203,SENSEX30DEC82000CE,SENSEX,26DEC2030,8200000.000000,20,OPTIDX,BFO,5.000000,1000,False
837931,SENSEX26SEP91000PE,SENSEX,24SEP2026,9100000.000000,20,OPTIDX,BFO,5.000000,1000,False
839150,SENSEX26SEP79100PE,SENSEX,24SEP2026,7910000.000000,20,OPTIDX,BFO,5.000000,1000,False
839188,SENSEX26SEP71900PE,SENSEX,24SEP2026,7190000.000000,20,OPTIDX,BFO,5.000000,1000,False
856999,TRENT26SEP2650PE,TRENT,24SEP2026,265000.000000,225,OPTSTK,BFO,5.000000,16000,False
857000,TRENT26SEP2800CE,TRENT,24SEP2026,280000.000000,225,OPTSTK,BFO,5.000000,16000,False
857036,IREDA26SEP107.5PE,IREDA,24SEP2026,10750.000000,4525,OPTSTK,BFO,5.000000,100000000,False
857090,NAUKRI26SEP1200CE,NAUKRI,24SEP2026,120000.000000,550,OPTSTK,BFO,5.000000,6000,False
867423,VOLTAS26OCT1380CE,VOLTAS,29OCT2026,138000.000000,375,OPTSTK,BFO,5.000000,30000,False
867430,FOCIT26OCT42200CE,FOCIT,29OCT2026,4220000.000000,45,OPTIDX,BFO,5.000000,1350,False
867433,VEDL26OCT300CE,VEDL,29OCT2026,30000.000000,1150,OPTSTK,BFO,5.000000,80000,False
867436,FOCIT26SEP31800PE,FOCIT,24SEP2026,3180000.000000,45,OPTIDX,BFO,5.000000,1350,False
881093,SWIGGY26OCT250PE,SWIGGY,29OCT2026,25000.000000,1825,OPTSTK,BFO,5.000000,100000000,False
881094,TORNTPHARM26OCT5350PE,TORNTPHARM,29OCT2026,535000.000000,125,OPTSTK,BFO,5.000000,15000,False
881101,SENSEX26OCT85100CE,SENSEX,29OCT2026,8510000.000000,20,OPTIDX,BFO,5.000000,1000,False
881106,HYUNDAI26SEP2280CE,HYUNDAI,24SEP2026,228000.000000,275,OPTSTK,BFO,5.000000,100000000,False
867440,SENSEX2691774900PE,SENSEX,17SEP2026,7490000.000000,20,OPTIDX,BFO,5.000000,1000,False
867449,TECHM26OCT1520CE,TECHM,29OCT2026,152000.000000,600,OPTSTK,BFO,5.000000,24000,False
867454,FOCIT26SEP43200PE,FOCIT,24SEP2026,4320000.000000,45,OPTIDX,BFO,5.000000,1350,False
867461,SBIN26OCT970CE,SBIN,29OCT2026,97000.000000,750,OPTSTK,BFO,5.000000,45000,False
839189,SENSEX26SEP76300CE,SENSEX,24SEP2026,7630000.000000,20,OPTIDX,BFO,5.000000,1000,False
839220,SENSEX26SEP77200PE,SENSEX,24SEP2026,7720000.000000,20,OPTIDX,BFO,5.000000,1000,False
839221,SENSEX26SEP79500PE,SENSEX,24SEP2026,7950000.000000,20,OPTIDX,BFO,5.000000,1000,False
839225,SENSEX26SEP74200CE,SENSEX,24SEP2026,7420000.000000,20,OPTIDX,BFO,5.000000,1000,False
857098,JSWENERGY26SEP470PE,JSWENERGY,24SEP2026,47000.000000,1075,OPTSTK,BFO,5.000000,100000000,False
857113,BHEL26SEP340PE,BHEL,24SEP2026,34000.000000,2625,OPTSTK,BFO,5.000000,315000,False
857124,BHEL26SEP345PE,BHEL,24SEP2026,34500.000000,2625,OPTSTK,BFO,5.000000,315000,False
857150,MPHASIS26SEP2400CE,MPHASIS,24SEP2026,240000.000000,275,OPTSTK,BFO,5.000000,11000,False
881107,DIVISLAB26OCT8800PE,DIVISLAB,29OCT2026,880000.000000,100,OPTSTK,BFO,5.000000,8000,False
881128,KAYNES26OCT4050CE,KAYNES,29OCT2026,405000.000000,150,OPTSTK,BFO,5.000000,100000000,False
881130,MAXHEALTH26OCT1050CE,MAXHEALTH,29OCT2026,105000.000000,525,OPTSTK,BFO,5.000000,100000000,False
881145,TORNTPHARM26OCT5450CE,TORNTPHARM,29OCT2026,545000.000000,125,OPTSTK,BFO,5.000000,15000,False
857155,TITAN26SEP4950PE,TITAN,24SEP2026,495000.000000,175,OPTSTK,BFO,5.000000,11250,False
857189,DABUR26SEP490CE,DABUR,24SEP2026,49000.000000,1250,OPTSTK,BFO,5.000000,50000,False
857195,KEI26SEP4400PE,KEI,24SEP2026,440000.000000,175,OPTSTK,BFO,5.000000,100000000,False
857197,ALKEM26SEP6000CE,ALKEM,24SEP2026,600000.000000,125,OPTSTK,BFO,5.000000,8000,False
867478,INDUSINDBK26OCT1070PE,INDUSINDBK,29OCT2026,107000.000000,700,OPTSTK,BFO,5.000000,20000,False
867479,FORCEMOT26OCT19000CE,FORCEMOT,29OCT2026,1900000.000000,25,OPTSTK,BFO,5.000000,100000000,False
867499,JUBLFOOD26OCT470PE,JUBLFOOD,29OCT2026,47000.000000,1250,OPTSTK,BFO,5.000000,50000,False
867518,CGPOWER26OCT800PE,CGPOWER,29OCT2026,80000.000000,850,OPTSTK,BFO,5.000000,100000000,False
881171,DELHIVERY26OCT510CE,DELHIVERY,29OCT2026,51000.000000,2075,OPTSTK,BFO,5.000000,100000000,False
881172,RELIANCE26OCT1380PE,RELIANCE,29OCT2026,138000.000000,500,OPTSTK,BFO,5.000000,10000,False
881189,POWERINDIA26OCT35000PE,POWERINDIA,29OCT2026,3500000.000000,25,OPTSTK,BFO,5.000000,100000000,False
881221,MUTHOOTFIN26OCT3400PE,MUTHOOTFIN,29OCT2026,340000.000000,275,OPTSTK,BFO,5.000000,22000,False
839243,SENSEX26SEP71100CE,SENSEX,24SEP2026,7110000.000000,20,OPTIDX,BFO,5.000000,1000,False
839293,SENSEX26SEP80900CE,SENSEX,24SEP2026,8090000.000000,20,OPTIDX,BFO,5.000000,1000,False
839300,SENSEX26SEP74900PE,SENSEX,24SEP2026,7490000.000000,20,OPTIDX,BFO,5.000000,1000,False
839387,SENSEX26SEP80600CE,SENSEX,24SEP2026,8060000.000000,20,OPTIDX,BFO,5.000000,1000,False
857209,MPHASIS26SEP2650PE,MPHASIS,24SEP2026,265000.000000,275,OPTSTK,BFO,5.000000,11000,False
857274,BSE26SEP1800PE,BSE,29SEP2026,180000.000000,200,OPTSTK,BFO,5.000000,3751,False
857289,GAIL26SEP155PE,GAIL,24SEP2026,15500.000000,3550,OPTSTK,BFO,5.000000,274500,False
857300,POWERGRID26SEP265CE,POWERGRID,24SEP2026,26500.000000,1900,OPTSTK,BFO,5.000000,108000,False
867526,SENSEX2691784900PE,SENSEX,17SEP2026,8490000.000000,20,OPTIDX,BFO,5.000000,1000,False
867536,HEROMOTOCO26OCT4600CE,HEROMOTOCO,29OCT2026,460000.000000,150,OPTSTK,BFO,5.000000,9000,False
867539,GAIL26OCT185PE,GAIL,29OCT2026,18500.000000,3550,OPTSTK,BFO,5.000000,274500,False
867545,CROMPTON26OCT295PE,CROMPTON,29OCT2026,29500.000000,2150,OPTSTK,BFO,5.000000,90000,False
839394,SENSEX26SEP72300PE,SENSEX,24SEP2026,7230000.000000,20,OPTIDX,BFO,5.000000,1000,False
839411,SENSEX26SEP72200CE,SENSEX,24SEP2026,7220000.000000,20,OPTIDX,BFO,5.000000,1000,False
839413,SENSEX26SEP76800CE,SENSEX,24SEP2026,7680000.000000,20,OPTIDX,BFO,5.000000,1000,False
839423,SENSEX26SEP78500PE,SENSEX,24SEP2026,7850000.000000,20,OPTIDX,BFO,5.000000,1000,False
881236,SENSEX5026OCT26550PE,SENSEX50,29OCT2026,2655000.000000,75,OPTIDX,BFO,5.000000,1800,False
881243,LODHA26OCT1100CE,LODHA,29OCT2026,110000.000000,625,OPTSTK,BFO,5.000000,100000000,False
881362,RVNL26OCT265CE,RVNL,29OCT2026,26500.000000,1925,OPTSTK,BFO,5.000000,100000000,False
881385,SENSEX5026SEP26750CE,SENSEX50,24SEP2026,2675000.000000,75,OPTIDX,BFO,5.000000,1800,False
867546,MFSL26OCT1600PE,MFSL,29OCT2026,160000.000000,400,OPTSTK,BFO,5.000000,32000,False
867553,JIOFIN26OCT265CE,JIOFIN,29OCT2026,26500.000000,2350,OPTSTK,BFO,5.000000,100000000,False
867568,GVT&D26OCT4000PE,GVT&D,29OCT2026,400000.000000,125,OPTSTK,BFO,5.000000,100000000,False
867571,MOTHERSON26OCT137.5PE,MOTHERSON,29OCT2026,13750.000000,6150,OPTSTK,BFO,5.000000,284000,False
857311,KPITTECH26SEP480PE,KPITTECH,24SEP2026,48000.000000,775,OPTSTK,BFO,5.000000,100000000,False
857313,MAXHEALTH26SEP1020PE,MAXHEALTH,24SEP2026,102000.000000,525,OPTSTK,BFO,5.000000,100000000,False
857314,TMPV26SEP300CE,TMPV,24SEP2026,30000.000000,1600,OPTSTK,BFO,5.000000,42750,False
857325,PNB26SEP94PE,PNB,24SEP2026,9400.000000,8000,OPTSTK,BFO,5.000000,480000,False
839429,SENSEX26SEP79200CE,SENSEX,24SEP2026,7920000.000000,20,OPTIDX,BFO,5.000000,1000,False
839444,SENSEX26SEP72400CE,SENSEX,24SEP2026,7240000.000000,20,OPTIDX,BFO,5.000000,1000,False
839486,SENSEX26SEP74300PE,SENSEX,24SEP2026,7430000.000000,20,OPTIDX,BFO,5.000000,1000,False
839552,SENSEX26SEP70100PE,SENSEX,24SEP2026,7010000.000000,20,OPTIDX,BFO,5.000000,1000,False
867584,ICICIPRULI26OCT490PE,ICICIPRULI,29OCT2026,49000.000000,925,OPTSTK,BFO,5.000000,60000,False
867587,KALYANKJIL26OCTFUT,KALYANKJIL,29OCT2026,0.000000,1350,FUTSTK,BFO,5.000000,100000000,False
867594,TATAPOWER26OCT385CE,TATAPOWER,29OCT2026,38500.000000,1450,OPTSTK,BFO,5.000000,101250,False
867598,PIIND26OCT3100CE,PIIND,29OCT2026,310000.000000,175,OPTSTK,BFO,5.000000,7500,False
881402,SENSEX26SEP85400PE,SENSEX,24SEP2026,8540000.000000,20,OPTIDX,BFO,5.000000,1000,False
881411,MOTHERSON26SEP170CE,MOTHERSON,24SEP2026,17000.000000,6150,OPTSTK,BFO,5.000000,284000,False
881441,LTM26SEP4950PE,LTM,24SEP2026,495000.000000,150,OPTSTK,BFO,5.000000,4500,False
881469,HCLTECH26OCT1430PE,HCLTECH,29OCT2026,143000.000000,400,OPTSTK,BFO,5.000000,21000,False
857329,LT26SEP3550PE,LT,24SEP2026,355000.000000,175,OPTSTK,BFO,5.000000,12000,False
857345,CAMS26SEP700PE,CAMS,24SEP2026,70000.000000,825,OPTSTK,BFO,5.000000,100000000,False
857369,KOTAKBANK26SEP340PE,KOTAKBANK,24SEP2026,34000.000000,2000,OPTSTK,BFO,5.000000,12000,False
857377,RVNL26SEP195CE,RVNL,24SEP2026,19500.000000,1925,OPTSTK,BFO,5.000000,100000000,False
867603,FOCIT26OCT34800PE,FOCIT,29OCT2026,3480000.000000,45,OPTIDX,BFO,5.000000,1350,False
867606,HINDUNILVR26OCT2040CE,HINDUNILVR,29OCT2026,204000.000000,300,OPTSTK,BFO,5.000000,9000,False
867613,NAUKRI26OCT1280PE,NAUKRI,29OCT2026,128000.000000,550,OPTSTK,BFO,5.000000,6000,False
867618,SIEMENS26OCT3450CE,SIEMENS,29OCT2026,345000.000000,175,OPTSTK,BFO,5.000000,8250,False
881480,HINDZINC26OCT620PE,HINDZINC,29OCT2026,62000.000000,1225,OPTSTK,BFO,5.000000,100000000,False
881482,ABCAPITAL26OCT445PE,ABCAPITAL,29OCT2026,44500.000000,3100,OPTSTK,BFO,5.000000,162000,False
881522,HCLTECH26SEP1430CE,HCLTECH,24SEP2026,143000.000000,400,OPTSTK,BFO,5.000000,21000,False
881540,JINDALSTEL26OCT1260PE,JINDALSTEL,29OCT2026,126000.000000,625,OPTSTK,BFO,5.000000,37500,False
839582,SENSEX26SEP79300CE,SENSEX,24SEP2026,7930000.000000,20,OPTIDX,BFO,5.000000,1000,False
839594,SENSEX26SEP83300CE,SENSEX,24SEP2026,8330000.000000,20,OPTIDX,BFO,5.000000,1000,False
839607,SENSEX26SEP83600PE,SENSEX,24SEP2026,8360000.000000,20,OPTIDX,BFO,5.000000,1000,False
839612,SENSEX26SEP79500CE,SENSEX,24SEP2026,7950000.000000,20,OPTIDX,BFO,5.000000,1000,False
857409,VMM26SEP97.5PE,VMM,24SEP2026,9750.000000,4850,OPTSTK,BFO,5.000000,100000000,False
857427,INOXWIND26SEP65PE,INOXWIND,24SEP2026,6500.000000,6400,OPTSTK,BFO,5.000000,100000000,False
857450,POLICYBZR26SEP1420CE,POLICYBZR,24SEP2026,142000.000000,350,OPTSTK,BFO,5.000000,100000000,False
857468,INDIGO26SEP4600CE,INDIGO,24SEP2026,460000.000000,150,OPTSTK,BFO,5.000000,12000,False
867623,UNIONBANK26OCT172.5CE,UNIONBANK,29OCT2026,17250.000000,4425,OPTSTK,BFO,5.000000,100000000,False
867624,SOLARINDS26OCT18500PE,SOLARINDS,29OCT2026,1850000.000000,50,OPTSTK,BFO,5.000000,100000000,False
867625,LT26OCT3750CE,LT,29OCT2026,375000.000000,175,OPTSTK,BFO,5.000000,12000,False
867628,ICICIGI26OCT1520CE,ICICIGI,29OCT2026,152000.000000,325,OPTSTK,BFO,5.000000,20000,False
839631,SENSEX26SEP75200PE,SENSEX,24SEP2026,7520000.000000,20,OPTIDX,BFO,5.000000,1000,False
839637,SENSEX26SEP81500PE,SENSEX,24SEP2026,8150000.000000,20,OPTIDX,BFO,5.000000,1000,False
840612,SENSEX28JUN79000CE,SENSEX,29JUN2028,7900000.000000,20,OPTIDX,BFO,5.000000,1000,False
841292,SENSEX26SEP69400CE,SENSEX,24SEP2026,6940000.000000,20,OPTIDX,BFO,5.000000,1000,False
881543,SENSEX27MAR84000PE,SENSEX,25MAR2027,8400000.000000,20,OPTIDX,BFO,5.000000,1000,False
881553,APOLLOHOSP26OCT8200PE,APOLLOHOSP,29OCT2026,820000.000000,125,OPTSTK,BFO,5.000000,5000,False
881565,SENSEX27JUN84000CE,SENSEX,24JUN2027,8400000.000000,20,OPTIDX,BFO,5.000000,1000,False
881585,SENSEX29DEC84000CE,SENSEX,27DEC2029,8400000.000000,20,OPTIDX,BFO,5.000000,1000,False
857472,OIL26SEP465CE,OIL,24SEP2026,46500.000000,1400,OPTSTK,BFO,5.000000,100000000,False
857486,GAIL26SEP155CE,GAIL,24SEP2026,15500.000000,3550,OPTSTK,BFO,5.000000,274500,False
857504,TIINDIA26SEP2550CE,TIINDIA,24SEP2026,255000.000000,200,OPTSTK,BFO,5.000000,100000000,False
857519,MAZDOCK26SEP2100PE,MAZDOCK,24SEP2026,210000.000000,225,OPTSTK,BFO,5.000000,100000000,False
867630,BEL26OCT360CE,BEL,29OCT2026,36000.000000,1425,OPTSTK,BFO,5.000000,228000,False
867647,COFORGE26SEP1880PE,COFORGE,24SEP2026,188000.000000,475,OPTSTK,BFO,5.000000,6000,False
867650,IREDA26OCT137.5PE,IREDA,29OCT2026,13750.000000,4525,OPTSTK,BFO,5.000000,100000000,False
867680,FOCIT26SEP38800PE,FOCIT,24SEP2026,3880000.000000,45,OPTIDX,BFO,5.000000,1350,False
841346,SENSEX26SEP69300CE,SENSEX,24SEP2026,6930000.000000,20,OPTIDX,BFO,5.000000,1000,False
841357,SENSEX26SEP69600PE,SENSEX,24SEP2026,6960000.000000,20,OPTIDX,BFO,5.000000,1000,False
841628,ABB26SEP6650PE,ABB,24SEP2026,665000.000000,125,OPTSTK,BFO,5.000000,7500,False
841640,SIEMENS26SEP3650CE,SIEMENS,24SEP2026,365000.000000,175,OPTSTK,BFO,5.000000,8250,False
881586,ICICIGI26OCT1800PE,ICICIGI,29OCT2026,180000.000000,325,OPTSTK,BFO,5.000000,20000,False
881596,JUBLFOOD26OCT495CE,JUBLFOOD,29OCT2026,49500.000000,1250,OPTSTK,BFO,5.000000,50000,False
881690,APLAPOLLO26OCT2080CE,APLAPOLLO,29OCT2026,208000.000000,350,OPTSTK,BFO,5.000000,100000000,False
881732,BHEL26OCT445PE,BHEL,29OCT2026,44500.000000,2625,OPTSTK,BFO,5.000000,315000,False
867681,KALYANKJIL26OCT645PE,KALYANKJIL,29OCT2026,64500.000000,1350,OPTSTK,BFO,5.000000,100000000,False
867758,NYKAA26OCT370PE,NYKAA,29OCT2026,37000.000000,3125,OPTSTK,BFO,5.000000,100000000,False
867765,GLENMARK26OCT2180PE,GLENMARK,29OCT2026,218000.000000,375,OPTSTK,BFO,5.000000,43500,False
867789,PATANJALI26OCT360PE,PATANJALI,29OCT2026,36000.000000,1075,OPTSTK,BFO,5.000000,100000000,False
857520,SAIL26SEP145PE,SAIL,24SEP2026,14500.000000,4700,OPTSTK,BFO,5.000000,320000,False
857527,CAMS26SEP680PE,CAMS,24SEP2026,68000.000000,825,OPTSTK,BFO,5.000000,100000000,False
857528,BANKEX26SEP57600PE,BANKEX,24SEP2026,5760000.000000,30,OPTIDX,BFO,5.000000,900,False
857560,POLICYBZR26SEP1420PE,POLICYBZR,24SEP2026,142000.000000,350,OPTSTK,BFO,5.000000,100000000,False
881762,INDIGO26OCT6000PE,INDIGO,29OCT2026,600000.000000,150,OPTSTK,BFO,5.000000,12000,False
881776,BANKEX26OCT72200PE,BANKEX,29OCT2026,7220000.000000,30,OPTIDX,BFO,5.000000,900,False
881790,GODREJCP26OCT1150PE,GODREJCP,29OCT2026,115000.000000,500,OPTSTK,BFO,5.000000,30000,False
881820,RADICO26OCT4750CE,RADICO,29OCT2026,475000.000000,150,OPTSTK,BFO,5.000000,100000000,False
841641,BLUESTARCO26SEP1680PE,BLUESTARCO,24SEP2026,168000.000000,325,OPTSTK,BFO,5.000000,100000000,False
841675,360ONE26SEP960CE,,24SEP2026,96000.000000,500,OPTSTK,BFO,5.000000,100000000,False
841678,SAIL26SEP165CE,SAIL,24SEP2026,16500.000000,4700,OPTSTK,BFO,5.000000,320000,False
841686,DMART26SEP4650CE,DMART,24SEP2026,465000.000000,150,OPTSTK,BFO,5.000000,100000000,False
867792,SENSEX2691784800CE,SENSEX,17SEP2026,8480000.000000,20,OPTIDX,BFO,5.000000,1000,False
867797,CIPLA26OCT1440PE,CIPLA,29OCT2026,144000.000000,425,OPTSTK,BFO,5.000000,26000,False
867808,TVSMOTOR26OCT4550CE,TVSMOTOR,29OCT2026,455000.000000,175,OPTSTK,BFO,5.000000,21000,False
867816,AUROPHARMA26OCT1580CE,AUROPHARMA,29OCT2026,158000.000000,550,OPTSTK,BFO,5.000000,44000,False
857561,LT26SEP3600PE,LT,24SEP2026,360000.000000,175,OPTSTK,BFO,5.000000,12000,False
857580,NTPC26SEP315CE,NTPC,24SEP2026,31500.000000,1500,OPTSTK,BFO,5.000000,150000,False
857601,CONCOR26SEP430CE,CONCOR,24SEP2026,43000.000000,1250,OPTSTK,BFO,5.000000,40000,False
857610,CROMPTON26SEP230PE,CROMPTON,24SEP2026,23000.000000,2150,OPTSTK,BFO,5.000000,90000,False
881831,SONACOMS26OCT850CE,SONACOMS,29OCT2026,85000.000000,1225,OPTSTK,BFO,5.000000,100000000,False
881847,BAJAJHLDNG26SEP12100CE,BAJAJHLDNG,24SEP2026,1210000.000000,75,OPTSTK,BFO,5.000000,100000000,False
881881,ADANIGREEN26OCT1540CE,ADANIGREEN,29OCT2026,154000.000000,600,OPTSTK,BFO,5.000000,100000000,False
881884,JUBLFOOD26OCT485PE,JUBLFOOD,29OCT2026,48500.000000,1250,OPTSTK,BFO,5.000000,50000,False
841687,MUTHOOTFIN26SEP3250PE,MUTHOOTFIN,24SEP2026,325000.000000,275,OPTSTK,BFO,5.000000,22000,False
841710,ADANIENSOL26SEP1420PE,ADANIENSOL,24SEP2026,142000.000000,675,OPTSTK,BFO,5.000000,100000000,False
841731,BHARATFORG26SEP2020CE,BHARATFORG,24SEP2026,202000.000000,500,OPTSTK,BFO,5.000000,30000,False
841733,BANKEX26SEP65100PE,BANKEX,24SEP2026,6510000.000000,30,OPTIDX,BFO,5.000000,900,False
867829,FORCEMOT26OCT21000PE,FORCEMOT,29OCT2026,2100000.000000,25,OPTSTK,BFO,5.000000,100000000,False
867833,INDIANB26OCT800PE,INDIANB,29OCT2026,80000.000000,1000,OPTSTK,BFO,5.000000,100000000,False
867836,FOCIT26OCT43100PE,FOCIT,29OCT2026,4310000.000000,45,OPTIDX,BFO,5.000000,1350,False
867839,MARICO26OCT900CE,MARICO,29OCT2026,90000.000000,1200,OPTSTK,BFO,5.000000,48000,False
881885,BANKEX26OCT72300CE,BANKEX,29OCT2026,7230000.000000,30,OPTIDX,BFO,5.000000,900,False
881895,CROMPTON26OCT300CE,CROMPTON,29OCT2026,30000.000000,2150,OPTSTK,BFO,5.000000,90000,False
881898,PIIND26SEP3200PE,PIIND,24SEP2026,320000.000000,175,OPTSTK,BFO,5.000000,7500,False
881930,NATIONALUM26OCT430CE,NATIONALUM,29OCT2026,43000.000000,1875,OPTSTK,BFO,5.000000,300000,False
841737,HINDPETRO26SEP425.75PE,HINDPETRO,24SEP2026,42575.000000,2025,OPTSTK,BFO,5.000000,108000,False
841748,ADANIGREEN26SEP1490PE,ADANIGREEN,24SEP2026,149000.000000,600,OPTSTK,BFO,5.000000,100000000,False
841749,UNITDSPR26SEP1380PE,UNITDSPR,24SEP2026,138000.000000,400,OPTSTK,BFO,5.000000,28000,False
841771,MOTILALOFS26SEP900CE,MOTILALOFS,24SEP2026,90000.000000,775,OPTSTK,BFO,5.000000,100000000,False
857631,ASHOKLEY26SEP137.5PE,ASHOKLEY,24SEP2026,13750.000000,5000,OPTSTK,BFO,5.000000,150000,False
857643,CONCOR26SEP415PE,CONCOR,24SEP2026,41500.000000,1250,OPTSTK,BFO,5.000000,40000,False
857674,BAJAJHLDNG26SEP9800CE,BAJAJHLDNG,24SEP2026,980000.000000,75,OPTSTK,BFO,5.000000,100000000,False
857713,ITC26SEP267.5PE,ITC,24SEP2026,26750.000000,1725,OPTSTK,BFO,5.000000,64000,False
867856,LUPIN26OCT2440PE,LUPIN,29OCT2026,244000.000000,425,OPTSTK,BFO,5.000000,34000,False
867867,ALKEM26OCT5550CE,ALKEM,29OCT2026,555000.000000,125,OPTSTK,BFO,5.000000,8000,False
867872,POWERGRID26OCT295PE,POWERGRID,29OCT2026,29500.000000,1900,OPTSTK,BFO,5.000000,108000,False
867921,KAYNES26OCT3550CE,KAYNES,29OCT2026,355000.000000,150,OPTSTK,BFO,5.000000,100000000,False
881944,DRREDDY26OCT1230PE,DRREDDY,29OCT2026,123000.000000,625,OPTSTK,BFO,5.000000,5000,False
881979,GODFRYPHLP26OCT2600CE,GODFRYPHLP,29OCT2026,260000.000000,275,OPTSTK,BFO,5.000000,100000000,False
882058,DMART26OCT4350PE,DMART,29OCT2026,435000.000000,150,OPTSTK,BFO,5.000000,100000000,False
882062,LTM26OCT4950CE,LTM,29OCT2026,495000.000000,150,OPTSTK,BFO,5.000000,4500,False
867927,BANKEX26OCT59200CE,BANKEX,29OCT2026,5920000.000000,30,OPTIDX,BFO,5.000000,900,False
867928,BAJAJHLDNG26OCT10500CE,BAJAJHLDNG,29OCT2026,1050000.000000,75,OPTSTK,BFO,5.000000,100000000,False
867930,ASTRAL26OCT1440CE,ASTRAL,29OCT2026,144000.000000,425,OPTSTK,BFO,5.000000,14680,False
867933,BOSCHLTD26OCT39500PE,BOSCHLTD,29OCT2026,3950000.000000,25,OPTSTK,BFO,5.000000,1500,False
841791,ICICIPRULI26SEP485PE,ICICIPRULI,24SEP2026,48500.000000,925,OPTSTK,BFO,5.000000,60000,False
841793,SRF26SEP2820PE,SRF,24SEP2026,282000.000000,200,OPTSTK,BFO,5.000000,11250,False
841804,PETRONET26SEP295PE,PETRONET,24SEP2026,29500.000000,1900,OPTSTK,BFO,5.000000,120000,False
841812,SENSEX31JUN79000CE,SENSEX,26JUN2031,7900000.000000,20,OPTIDX,BFO,5.000000,1000,False
857793,MAZDOCK26SEP2050PE,MAZDOCK,24SEP2026,205000.000000,225,OPTSTK,BFO,5.000000,100000000,False
857804,TORNTPHARM26SEP5250CE,TORNTPHARM,24SEP2026,525000.000000,125,OPTSTK,BFO,5.000000,15000,False
857825,LODHA26SEP1340PE,LODHA,24SEP2026,134000.000000,625,OPTSTK,BFO,5.000000,100000000,False
857827,NTPC26SEP310PE,NTPC,24SEP2026,31000.000000,1500,OPTSTK,BFO,5.000000,150000,False
882068,RADICO26OCT4750PE,RADICO,29OCT2026,475000.000000,150,OPTSTK,BFO,5.000000,100000000,False
882077,PAGEIND26OCT36500PE,PAGEIND,29OCT2026,3650000.000000,20,OPTSTK,BFO,5.000000,600,False
882099,BANKEX26OCT72000CE,BANKEX,29OCT2026,7200000.000000,30,OPTIDX,BFO,5.000000,900,False
882115,INOXWIND26OCT97.5CE,INOXWIND,29OCT2026,9750.000000,6400,OPTSTK,BFO,5.000000,100000000,False
867939,ONGC26OCT245PE,ONGC,29OCT2026,24500.000000,2250,OPTSTK,BFO,5.000000,154000,False
867940,PHOENIXLTD26OCT1820CE,PHOENIXLTD,29OCT2026,182000.000000,350,OPTSTK,BFO,5.000000,100000000,False
867942,WAAREEENER26OCT2700CE,WAAREEENER,29OCT2026,270000.000000,175,OPTSTK,BFO,5.000000,100000000,False
867951,COCHINSHIP26OCT1460PE,COCHINSHIP,29OCT2026,146000.000000,400,OPTSTK,BFO,5.000000,100000000,False
857830,NAUKRI26SEP1340PE,NAUKRI,24SEP2026,134000.000000,550,OPTSTK,BFO,5.000000,6000,False
857835,PAGEIND26SEP37500CE,PAGEIND,24SEP2026,3750000.000000,20,OPTSTK,BFO,5.000000,600,False
857839,ASTRAL26SEP1180CE,ASTRAL,24SEP2026,118000.000000,425,OPTSTK,BFO,5.000000,14680,False
857841,DIXON26SEP15250PE,DIXON,24SEP2026,1525000.000000,50,OPTSTK,BFO,5.000000,6000,False
841820,BHEL26SEPFUT,BHEL,24SEP2026,0.000000,2625,FUTSTK,BFO,5.000000,315000,False
841825,ADANIGREEN26SEP1560PE,ADANIGREEN,24SEP2026,156000.000000,600,OPTSTK,BFO,5.000000,100000000,False
841845,SONACOMS26SEP630PE,SONACOMS,24SEP2026,63000.000000,1225,OPTSTK,BFO,5.000000,100000000,False
841851,BANDHANBNK26SEP205PE,BANDHANBNK,24SEP2026,20500.000000,3600,OPTSTK,BFO,5.000000,100000,False
867952,TIINDIA26OCT2750CE,TIINDIA,29OCT2026,275000.000000,200,OPTSTK,BFO,5.000000,100000000,False
868000,RVNL26OCT235CE,RVNL,29OCT2026,23500.000000,1925,OPTSTK,BFO,5.000000,100000000,False
868005,PNB26OCT111CE,PNB,29OCT2026,11100.000000,8000,OPTSTK,BFO,5.000000,480000,False
868012,LUPIN26OCT2500CE,LUPIN,29OCT2026,250000.000000,425,OPTSTK,BFO,5.000000,34000,False
882119,HINDALCO26OCT1140CE,HINDALCO,29OCT2026,114000.000000,700,OPTSTK,BFO,5.000000,56000,False
882127,SUZLON26OCT56CE,SUZLON,29OCT2026,5600.000000,12700,OPTSTK,BFO,5.000000,100000000,False
882131,FOCIT26OCT44500CE,FOCIT,29OCT2026,4450000.000000,45,OPTIDX,BFO,5.000000,1350,False
882142,INDIGO26OCT6100PE,INDIGO,29OCT2026,610000.000000,150,OPTSTK,BFO,5.000000,12000,False
857854,UNOMINDA26SEP1300PE,UNOMINDA,24SEP2026,130000.000000,550,OPTSTK,BFO,5.000000,100000000,False
857861,KALYANKJIL26SEP480PE,KALYANKJIL,24SEP2026,48000.000000,1350,OPTSTK,BFO,5.000000,100000000,False
857888,ADANIGREEN26SEP1340PE,ADANIGREEN,24SEP2026,134000.000000,600,OPTSTK,BFO,5.000000,100000000,False
857934,LODHA26SEP1320PE,LODHA,24SEP2026,132000.000000,625,OPTSTK,BFO,5.000000,100000000,False
868013,ETERNAL26OCT330CE,ETERNAL,29OCT2026,33000.000000,2425,OPTSTK,BFO,5.000000,100000000,False
868018,POWERINDIA26OCT28000PE,POWERINDIA,29OCT2026,2800000.000000,25,OPTSTK,BFO,5.000000,100000000,False
868021,BHEL26OCT440CE,BHEL,29OCT2026,44000.000000,2625,OPTSTK,BFO,5.000000,315000,False
868027,ASTRAL26OCT1360PE,ASTRAL,29OCT2026,136000.000000,425,OPTSTK,BFO,5.000000,14680,False
841858,LICI26SEP400CE,LICI,24SEP2026,40000.000000,1400,OPTSTK,BFO,5.000000,100000000,False
841868,SOLARINDS26SEP19000PE,SOLARINDS,24SEP2026,1900000.000000,50,OPTSTK,BFO,5.000000,100000000,False
841887,GLENMARK26SEP2280CE,GLENMARK,24SEP2026,228000.000000,375,OPTSTK,BFO,5.000000,43500,False
841904,TORNTPHARM26SEP4350PE,TORNTPHARM,24SEP2026,435000.000000,125,OPTSTK,BFO,5.000000,15000,False
882192,DIXON26OCT12000CE,DIXON,29OCT2026,1200000.000000,50,OPTSTK,BFO,5.000000,6000,False
882211,BLUESTARCO26OCT1860PE,BLUESTARCO,29OCT2026,186000.000000,325,OPTSTK,BFO,5.000000,100000000,False
882213,PETRONET26OCT320CE,PETRONET,29OCT2026,32000.000000,1900,OPTSTK,BFO,5.000000,120000,False
882228,IDFCFIRSTB26OCT77CE,IDFCFIRSTB,29OCT2026,7700.000000,9275,OPTSTK,BFO,5.000000,450000,False
857968,KALYANKJIL26SEP465PE,KALYANKJIL,24SEP2026,46500.000000,1350,OPTSTK,BFO,5.000000,100000000,False
857975,SWIGGY26SEP305CE,SWIGGY,24SEP2026,30500.000000,1825,OPTSTK,BFO,5.000000,100000000,False
857996,LODHA26SEP1280PE,LODHA,24SEP2026,128000.000000,625,OPTSTK,BFO,5.000000,100000000,False
858023,BAJAJFINSV26SEP2060CE,BAJAJFINSV,24SEP2026,206000.000000,300,OPTSTK,BFO,5.000000,20000,False
868028,DLF26OCT650PE,DLF,29OCT2026,65000.000000,950,OPTSTK,BFO,5.000000,49500,False
868041,LTM26OCT4450CE,LTM,29OCT2026,445000.000000,150,OPTSTK,BFO,5.000000,4500,False
868050,VMM26OCT92.5PE,VMM,29OCT2026,9250.000000,4850,OPTSTK,BFO,5.000000,100000000,False
868067,BDL26OCT1140CE,BDL,29OCT2026,114000.000000,425,OPTSTK,BFO,5.000000,100000000,False
882276,IRFC26OCT97PE,IRFC,29OCT2026,9700.000000,5425,OPTSTK,BFO,5.000000,100000000,False
882288,MOTHERSON26SEP172.5CE,MOTHERSON,24SEP2026,17250.000000,6150,OPTSTK,BFO,5.000000,284000,False
882291,HINDZINC26SEP620PE,HINDZINC,24SEP2026,62000.000000,1225,OPTSTK,BFO,5.000000,100000000,False
882295,INOXWIND26OCT97.5PE,INOXWIND,29OCT2026,9750.000000,6400,OPTSTK,BFO,5.000000,100000000,False
858077,HAL26SEP4850PE,HAL,24SEP2026,485000.000000,150,OPTSTK,BFO,5.000000,9000,False
858092,KALYANKJIL26SEP510PE,KALYANKJIL,24SEP2026,51000.000000,1350,OPTSTK,BFO,5.000000,100000000,False
858105,FOCIT26SEP41500PE,FOCIT,24SEP2026,4150000.000000,45,OPTIDX,BFO,5.000000,1350,False
858127,MFSL26SEP1780PE,MFSL,24SEP2026,178000.000000,400,OPTSTK,BFO,5.000000,32000,False
868084,ADANIENT26OCTFUT,ADANIENT,29OCT2026,0.000000,309,FUTSTK,BFO,5.000000,9000,False
868115,MARICO26OCT900PE,MARICO,29OCT2026,90000.000000,1200,OPTSTK,BFO,5.000000,48000,False
868137,BANKEX26OCT70200PE,BANKEX,29OCT2026,7020000.000000,30,OPTIDX,BFO,5.000000,900,False
868145,LTF26OCT315CE,LTF,29OCT2026,31500.000000,2250,OPTSTK,BFO,5.000000,267720,False
841905,BAJAJ-AUTO26SEP10000PE,BAJAJ-AUTO,24SEP2026,1000000.000000,75,OPTSTK,BFO,5.000000,5000,False
841919,BHARTIARTL26SEP1960CE,BHARTIARTL,24SEP2026,196000.000000,475,OPTSTK,BFO,5.000000,28500,False
841923,ASTRAL26SEP1480CE,ASTRAL,24SEP2026,148000.000000,425,OPTSTK,BFO,5.000000,14680,False
841924,BAJFINANCE26SEP940PE,BAJFINANCE,24SEP2026,94000.000000,750,OPTSTK,BFO,5.000000,3750,False
882299,SUZLON26OCT56PE,SUZLON,29OCT2026,5600.000000,12700,OPTSTK,BFO,5.000000,100000000,False
882372,EICHERMOT26SEP8700CE,EICHERMOT,24SEP2026,870000.000000,100,OPTSTK,BFO,5.000000,7000,False
882380,TATAELXSI26OCT4050CE,TATAELXSI,29OCT2026,405000.000000,125,OPTSTK,BFO,5.000000,100000000,False
882385,ASHOKLEY26SEP185PE,ASHOKLEY,24SEP2026,18500.000000,5000,OPTSTK,BFO,5.000000,150000,False
868156,FOCIT26SEP40400CE,FOCIT,24SEP2026,4040000.000000,45,OPTIDX,BFO,5.000000,1350,False
868165,BDL26OCT1220PE,BDL,29OCT2026,122000.000000,425,OPTSTK,BFO,5.000000,100000000,False
868166,FOCIT26SEP42700CE,FOCIT,24SEP2026,4270000.000000,45,OPTIDX,BFO,5.000000,1350,False
868170,MFSL26OCT1480PE,MFSL,29OCT2026,148000.000000,400,OPTSTK,BFO,5.000000,32000,False
858141,INDUSTOWER26SEP426CE,INDUSTOWER,24SEP2026,42600.000000,1700,OPTSTK,BFO,5.000000,170000,False
858162,KALYANKJIL26SEP500PE,KALYANKJIL,24SEP2026,50000.000000,1350,OPTSTK,BFO,5.000000,100000000,False
858191,PREMIERENE26SEP1240PE,PREMIERENE,24SEP2026,124000.000000,650,OPTSTK,BFO,5.000000,100000000,False
858263,AMBER26SEP8500CE,AMBER,24SEP2026,850000.000000,100,OPTSTK,BFO,5.000000,100000000,False
882405,GLENMARK26OCT2040PE,GLENMARK,29OCT2026,204000.000000,375,OPTSTK,BFO,5.000000,43500,False
882421,SUPREMEIND26OCT3900PE,SUPREMEIND,29OCT2026,390000.000000,175,OPTSTK,BFO,5.000000,100000000,False
882422,SENSEX26OCT85300CE,SENSEX,29OCT2026,8530000.000000,20,OPTIDX,BFO,5.000000,1000,False
882427,HCLTECH26OCT1430CE,HCLTECH,29OCT2026,143000.000000,400,OPTSTK,BFO,5.000000,21000,False
841950,SHRIRAMFIN26SEP1000CE,SHRIRAMFIN,24SEP2026,100000.000000,825,OPTSTK,BFO,5.000000,18000,False
841965,KOTAKBANK26SEP395PE,KOTAKBANK,24SEP2026,39500.000000,2000,OPTSTK,BFO,5.000000,12000,False
841992,MFSL26SEP1760CE,MFSL,24SEP2026,176000.000000,400,OPTSTK,BFO,5.000000,32000,False
841995,DMART26SEP4200CE,DMART,24SEP2026,420000.000000,150,OPTSTK,BFO,5.000000,100000000,False
868216,SBIN26OCTFUT,SBIN,29OCT2026,0.000000,750,FUTSTK,BFO,5.000000,45000,False
868222,MOTHERSON26OCT145PE,MOTHERSON,29OCT2026,14500.000000,6150,OPTSTK,BFO,5.000000,284000,False
868224,NAM-INDIA26OCT1040CE,NAM-INDIA,29OCT2026,104000.000000,625,OPTSTK,BFO,5.000000,100000000,False
868225,FEDERALBNK26OCT375CE,FEDERALBNK,29OCT2026,37500.000000,2500,OPTSTK,BFO,5.000000,200000,False
882449,FOCIT26SEP44700CE,FOCIT,24SEP2026,4470000.000000,45,OPTIDX,BFO,5.000000,1350,False
882460,SENSEX26OCT85600PE,SENSEX,29OCT2026,8560000.000000,20,OPTIDX,BFO,5.000000,1000,False
882478,ASIANPAINT26OCT2900PE,ASIANPAINT,29OCT2026,290000.000000,250,OPTSTK,BFO,5.000000,8000,False
882501,CHOLAFIN26SEP2020PE,CHOLAFIN,24SEP2026,202000.000000,625,OPTSTK,BFO,5.000000,25000,False
858273,PREMIERENE26SEP1260CE,PREMIERENE,24SEP2026,126000.000000,650,OPTSTK,BFO,5.000000,100000000,False
858276,KALYANKJIL26SEP500CE,KALYANKJIL,24SEP2026,50000.000000,1350,OPTSTK,BFO,5.000000,100000000,False
858375,BLUESTARCO26SEP1840CE,BLUESTARCO,24SEP2026,184000.000000,325,OPTSTK,BFO,5.000000,100000000,False
858382,KALYANKJIL26SEP535CE,KALYANKJIL,24SEP2026,53500.000000,1350,OPTSTK,BFO,5.000000,100000000,False
841999,PHOENIXLTD26SEP1780PE,PHOENIXLTD,24SEP2026,178000.000000,350,OPTSTK,BFO,5.000000,100000000,False
842005,UNOMINDA26SEP1140CE,UNOMINDA,24SEP2026,114000.000000,550,OPTSTK,BFO,5.000000,100000000,False
842010,TCS26SEP2180PE,TCS,24SEP2026,218000.000000,225,OPTSTK,BFO,5.000000,7000,False
842011,NESTLEIND26SEP1440PE,NESTLEIND,24SEP2026,144000.000000,500,OPTSTK,BFO,5.000000,1200,False
868230,BAJFINANCE26OCT1030PE,BAJFINANCE,29OCT2026,103000.000000,750,OPTSTK,BFO,5.000000,3750,False
868252,360ONE26OCT1240CE,,29OCT2026,124000.000000,500,OPTSTK,BFO,5.000000,100000000,False
868271,OIL26OCT460PE,OIL,29OCT2026,46000.000000,1400,OPTSTK,BFO,5.000000,100000000,False
868278,VMM26OCT115PE,VMM,29OCT2026,11500.000000,4850,OPTSTK,BFO,5.000000,100000000,False
882540,SONACOMS26OCT850PE,SONACOMS,29OCT2026,85000.000000,1225,OPTSTK,BFO,5.000000,100000000,False
882546,IOC26OCT160PE,IOC,29OCT2026,16000.000000,4875,OPTSTK,BFO,5.000000,292500,False
882549,FOCIT26OCT44900PE,FOCIT,29OCT2026,4490000.000000,45,OPTIDX,BFO,5.000000,1350,False
882595,NATIONALUM26OCT450CE,NATIONALUM,29OCT2026,45000.000000,1875,OPTSTK,BFO,5.000000,300000,False
858464,SENSEX26SEP76000CE,SENSEX,24SEP2026,7600000.000000,20,OPTIDX,BFO,5.000000,1000,False
858479,PAYTM26SEP1520PE,PAYTM,24SEP2026,152000.000000,725,OPTSTK,BFO,5.000000,100000000,False
858502,FOCIT26SEP42000CE,FOCIT,24SEP2026,4200000.000000,45,OPTIDX,BFO,5.000000,1350,False
858528,FOCIT26SEP42500PE,FOCIT,24SEP2026,4250000.000000,45,OPTIDX,BFO,5.000000,1350,False
868279,PNBHOUSING26OCT960PE,PNBHOUSING,29OCT2026,96000.000000,650,OPTSTK,BFO,5.000000,100000000,False
868299,EICHERMOT26OCT7800CE,EICHERMOT,29OCT2026,780000.000000,100,OPTSTK,BFO,5.000000,7000,False
868307,TITAN26OCT5200PE,TITAN,29OCT2026,520000.000000,175,OPTSTK,BFO,5.000000,11250,False
868310,VMM26OCT97.5PE,VMM,29OCT2026,9750.000000,4850,OPTSTK,BFO,5.000000,100000000,False
882612,HDFCLIFE26OCT505CE,HDFCLIFE,29OCT2026,50500.000000,1100,OPTSTK,BFO,5.000000,44000,False
882646,NYKAA26SEP380PE,NYKAA,24SEP2026,38000.000000,3125,OPTSTK,BFO,5.000000,100000000,False
882668,SENSEX27JUN73000CE,SENSEX,24JUN2027,7300000.000000,20,OPTIDX,BFO,5.000000,1000,False
882681,KEI26OCT6100CE,KEI,29OCT2026,610000.000000,175,OPTSTK,BFO,5.000000,100000000,False
842018,BPCL26SEP345CE,BPCL,24SEP2026,34500.000000,1975,OPTSTK,BFO,5.000000,72000,False
842019,SENSEX31JUN77000PE,SENSEX,26JUN2031,7700000.000000,20,OPTIDX,BFO,5.000000,1000,False
842020,PREMIERENE26SEP1060PE,PREMIERENE,24SEP2026,106000.000000,650,OPTSTK,BFO,5.000000,100000000,False
842025,VEDL26SEP240CE,VEDL,24SEP2026,24000.000000,1150,OPTSTK,BFO,5.000000,80000,False
868316,INOXWIND26OCT92.5PE,INOXWIND,29OCT2026,9250.000000,6400,OPTSTK,BFO,5.000000,100000000,False
868327,AMBER26OCT6900PE,AMBER,29OCT2026,690000.000000,100,OPTSTK,BFO,5.000000,100000000,False
868337,NATIONALUM26OCT420PE,NATIONALUM,29OCT2026,42000.000000,1875,OPTSTK,BFO,5.000000,300000,False
868343,UNITDSPR26OCT1380PE,UNITDSPR,29OCT2026,138000.000000,400,OPTSTK,BFO,5.000000,28000,False
842038,GVT&D26SEP4400PE,GVT&D,24SEP2026,440000.000000,125,OPTSTK,BFO,5.000000,100000000,False
842052,ONGC26SEP247.5PE,ONGC,24SEP2026,24750.000000,2250,OPTSTK,BFO,5.000000,154000,False
842062,UNOMINDA26SEP1060PE,UNOMINDA,24SEP2026,106000.000000,550,OPTSTK,BFO,5.000000,100000000,False
842068,COLPAL26SEP1940CE,COLPAL,24SEP2026,194000.000000,275,OPTSTK,BFO,5.000000,14000,False
858552,TECHM26SEP1640PE,TECHM,24SEP2026,164000.000000,600,OPTSTK,BFO,5.000000,24000,False
858565,ADANIGREEN26SEP1720PE,ADANIGREEN,24SEP2026,172000.000000,600,OPTSTK,BFO,5.000000,100000000,False
858597,OIL26SEP475PE,OIL,24SEP2026,47500.000000,1400,OPTSTK,BFO,5.000000,100000000,False
858648,KALYANKJIL26SEP565CE,KALYANKJIL,24SEP2026,56500.000000,1350,OPTSTK,BFO,5.000000,100000000,False
882689,COLPAL26OCT1900CE,COLPAL,29OCT2026,190000.000000,275,OPTSTK,BFO,5.000000,14000,False
882715,SAIL26OCT190PE,SAIL,29OCT2026,19000.000000,4700,OPTSTK,BFO,5.000000,320000,False
882752,LICI26OCT365CE,LICI,29OCT2026,36500.000000,1400,OPTSTK,BFO,5.000000,100000000,False
882765,LICI26OCT365PE,LICI,29OCT2026,36500.000000,1400,OPTSTK,BFO,5.000000,100000000,False
868359,POWERINDIA26OCT29000PE,POWERINDIA,29OCT2026,2900000.000000,25,OPTSTK,BFO,5.000000,100000000,False
868376,SENSEX26OCT73500CE,SENSEX,29OCT2026,7350000.000000,20,OPTIDX,BFO,5.000000,1000,False
868377,APOLLOHOSP26OCT8500CE,APOLLOHOSP,29OCT2026,850000.000000,125,OPTSTK,BFO,5.000000,5000,False
868398,COLPAL26OCT2000CE,COLPAL,29OCT2026,200000.000000,275,OPTSTK,BFO,5.000000,14000,False
882788,ALKEM26OCT5250CE,ALKEM,29OCT2026,525000.000000,125,OPTSTK,BFO,5.000000,8000,False
882793,UNITDSPR26OCT1680CE,UNITDSPR,29OCT2026,168000.000000,400,OPTSTK,BFO,5.000000,28000,False
882808,KAYNES26SEP4200CE,KAYNES,24SEP2026,420000.000000,150,OPTSTK,BFO,5.000000,100000000,False
882813,PRESTIGE26OCT1440CE,PRESTIGE,29OCT2026,144000.000000,450,OPTSTK,BFO,5.000000,100000000,False
868454,GODFRYPHLP26OCT2350PE,GODFRYPHLP,29OCT2026,235000.000000,275,OPTSTK,BFO,5.000000,100000000,False
868473,NESTLEIND26OCT1450CE,NESTLEIND,29OCT2026,145000.000000,500,OPTSTK,BFO,5.000000,1200,False
842071,AUROPHARMA26SEP1500PE,AUROPHARMA,24SEP2026,150000.000000,550,OPTSTK,BFO,5.000000,44000,False
842073,INDIGO26SEP5550CE,INDIGO,24SEP2026,555000.000000,150,OPTSTK,BFO,5.000000,12000,False
842096,SENSEX5026SEP26150PE,SENSEX50,24SEP2026,2615000.000000,75,OPTIDX,BFO,5.000000,1800,False
842109,DRREDDY26SEP1410CE,DRREDDY,24SEP2026,141000.000000,625,OPTSTK,BFO,5.000000,5000,False
858664,VOLTAS26SEP1500PE,VOLTAS,24SEP2026,150000.000000,375,OPTSTK,BFO,5.000000,30000,False
858674,KALYANKJIL26SEP555CE,KALYANKJIL,24SEP2026,55500.000000,1350,OPTSTK,BFO,5.000000,100000000,False
858691,DMART26SEP3550PE,DMART,24SEP2026,355000.000000,150,OPTSTK,BFO,5.000000,100000000,False
858729,LT26SEP3450CE,LT,24SEP2026,345000.000000,175,OPTSTK,BFO,5.000000,12000,False
868457,SUPREMEIND26OCT3250PE,SUPREMEIND,29OCT2026,325000.000000,175,OPTSTK,BFO,5.000000,100000000,False
868461,FOCIT26OCT34900CE,FOCIT,29OCT2026,3490000.000000,45,OPTIDX,BFO,5.000000,1350,False
882821,SIEMENS26SEP4300CE,SIEMENS,24SEP2026,430000.000000,175,OPTSTK,BFO,5.000000,8250,False
882827,KEI26OCT6100PE,KEI,29OCT2026,610000.000000,175,OPTSTK,BFO,5.000000,100000000,False
882848,BAJAJFINSV26OCT2220PE,BAJAJFINSV,29OCT2026,222000.000000,300,OPTSTK,BFO,5.000000,20000,False
882867,KALYANKJIL26OCT565PE,KALYANKJIL,29OCT2026,56500.000000,1350,OPTSTK,BFO,5.000000,100000000,False
868477,HINDPETRO26OCT330.75CE,HINDPETRO,29OCT2026,33075.000000,2025,OPTSTK,BFO,5.000000,108000,False
868479,JUBLFOOD26OCTFUT,JUBLFOOD,29OCT2026,0.000000,1250,FUTSTK,BFO,5.000000,50000,False
868483,SENSEX2691776700PE,SENSEX,17SEP2026,7670000.000000,20,OPTIDX,BFO,5.000000,1000,False
868499,FORCEMOT26OCT20500CE,FORCEMOT,29OCT2026,2050000.000000,25,OPTSTK,BFO,5.000000,100000000,False
842110,BAJAJFINSV26SEP1820CE,BAJAJFINSV,24SEP2026,182000.000000,300,OPTSTK,BFO,5.000000,20000,False
842119,APOLLOHOSP26SEP8800PE,APOLLOHOSP,24SEP2026,880000.000000,125,OPTSTK,BFO,5.000000,5000,False
842130,ICICIGI26SEP1760CE,ICICIGI,24SEP2026,176000.000000,325,OPTSTK,BFO,5.000000,20000,False
842143,OIL26SEP430CE,OIL,24SEP2026,43000.000000,1400,OPTSTK,BFO,5.000000,100000000,False
858741,UNIONBANK26SEP190CE,UNIONBANK,24SEP2026,19000.000000,4425,OPTSTK,BFO,5.000000,100000000,False
858782,PATANJALI26SEP365PE,PATANJALI,24SEP2026,36500.000000,1075,OPTSTK,BFO,5.000000,100000000,False
858803,ULTRACEMCO26SEP12260PE,ULTRACEMCO,24SEP2026,1226000.000000,50,OPTSTK,BFO,5.000000,3000,False
858807,VEDL26SEP225CE,VEDL,24SEP2026,22500.000000,1150,OPTSTK,BFO,5.000000,80000,False
882869,NESTLEIND26OCT1430PE,NESTLEIND,29OCT2026,143000.000000,500,OPTSTK,BFO,5.000000,1200,False
882870,HDFCBANK26OCT670PE,HDFCBANK,29OCT2026,67000.000000,650,OPTSTK,BFO,5.000000,16500,False
882901,LICHSGFIN26SEP440CE,LICHSGFIN,24SEP2026,44000.000000,1000,OPTSTK,BFO,5.000000,60000,False
882959,GODFRYPHLP26SEP2650CE,GODFRYPHLP,24SEP2026,265000.000000,275,OPTSTK,BFO,5.000000,100000000,False
868503,FOCIT26OCT40300CE,FOCIT,29OCT2026,4030000.000000,45,OPTIDX,BFO,5.000000,1350,False
868519,COALINDIA26OCT390CE,COALINDIA,29OCT2026,39000.000000,1350,OPTSTK,BFO,5.000000,126000,False
868524,ZYDUSLIFE26OCT1150PE,ZYDUSLIFE,29OCT2026,115000.000000,900,OPTSTK,BFO,5.000000,54000,False
868552,HINDPETRO26OCT400.75CE,HINDPETRO,29OCT2026,40075.000000,2025,OPTSTK,BFO,5.000000,108000,False
858823,SUNPHARMA26SEP2100CE,SUNPHARMA,24SEP2026,210000.000000,350,OPTSTK,BFO,5.000000,28000,False
858843,PATANJALI26SEP320CE,PATANJALI,24SEP2026,32000.000000,1075,OPTSTK,BFO,5.000000,100000000,False
858858,PATANJALI26SEP340PE,PATANJALI,24SEP2026,34000.000000,1075,OPTSTK,BFO,5.000000,100000000,False
858866,KALYANKJIL26SEP570PE,KALYANKJIL,24SEP2026,57000.000000,1350,OPTSTK,BFO,5.000000,100000000,False
882988,DABUR26OCT380CE,DABUR,29OCT2026,38000.000000,1250,OPTSTK,BFO,5.000000,50000,False
883019,SENSEX29JUN73000PE,SENSEX,28JUN2029,7300000.000000,20,OPTIDX,BFO,5.000000,1000,False
883024,JSWENERGY26OCT640PE,JSWENERGY,29OCT2026,64000.000000,1075,OPTSTK,BFO,5.000000,100000000,False
883031,SONACOMS26OCT860PE,SONACOMS,29OCT2026,86000.000000,1225,OPTSTK,BFO,5.000000,100000000,False
842144,TCS26SEP2080CE,TCS,24SEP2026,208000.000000,225,OPTSTK,BFO,5.000000,7000,False
842152,PREMIERENE26SEP1120CE,PREMIERENE,24SEP2026,112000.000000,650,OPTSTK,BFO,5.000000,100000000,False
842170,PIIND26SEP2640PE,PIIND,24SEP2026,264000.000000,175,OPTSTK,BFO,5.000000,7500,False
842184,SWIGGY26SEP205CE,SWIGGY,24SEP2026,20500.000000,1825,OPTSTK,BFO,5.000000,100000000,False
868564,ASTRAL26OCT1560PE,ASTRAL,29OCT2026,156000.000000,425,OPTSTK,BFO,5.000000,14680,False
868578,FOCIT26SEP32900CE,FOCIT,24SEP2026,3290000.000000,45,OPTIDX,BFO,5.000000,1350,False
868582,PHOENIXLTD26OCT1940PE,PHOENIXLTD,29OCT2026,194000.000000,350,OPTSTK,BFO,5.000000,100000000,False
868586,ASHOKLEY26OCT142.5CE,ASHOKLEY,29OCT2026,14250.000000,5000,OPTSTK,BFO,5.000000,150000,False
868626,BANKEX26OCT63400CE,BANKEX,29OCT2026,6340000.000000,30,OPTIDX,BFO,5.000000,900,False
868647,FOCIT26OCT34300PE,FOCIT,29OCT2026,3430000.000000,45,OPTIDX,BFO,5.000000,1350,False
868658,TMPV26OCT315PE,TMPV,29OCT2026,31500.000000,1600,OPTSTK,BFO,5.000000,42750,False
868664,DIXON26OCT12500PE,DIXON,29OCT2026,1250000.000000,50,OPTSTK,BFO,5.000000,6000,False
858914,BDL26SEP1120CE,BDL,24SEP2026,112000.000000,425,OPTSTK,BFO,5.000000,100000000,False
858917,ICICIGI26SEP1480PE,ICICIGI,24SEP2026,148000.000000,325,OPTSTK,BFO,5.000000,20000,False
859043,ABB26SEP8400PE,ABB,24SEP2026,840000.000000,125,OPTSTK,BFO,5.000000,7500,False
859045,SONACOMS26SEP750CE,SONACOMS,24SEP2026,75000.000000,1225,OPTSTK,BFO,5.000000,100000000,False
883035,LICI26OCT380CE,LICI,29OCT2026,38000.000000,1400,OPTSTK,BFO,5.000000,100000000,False
883044,NAM-INDIA26OCT1340PE,NAM-INDIA,29OCT2026,134000.000000,625,OPTSTK,BFO,5.000000,100000000,False
883050,NTPC26OCT305PE,NTPC,29OCT2026,30500.000000,1500,OPTSTK,BFO,5.000000,150000,False
883059,ABB26OCT8400CE,ABB,29OCT2026,840000.000000,125,OPTSTK,BFO,5.000000,7500,False
842195,DABUR26SEP390CE,DABUR,24SEP2026,39000.000000,1250,OPTSTK,BFO,5.000000,50000,False
842207,SENSEX30DEC78000CE,SENSEX,26DEC2030,7800000.000000,20,OPTIDX,BFO,5.000000,1000,False
842210,HAVELLS26SEP1130PE,HAVELLS,24SEP2026,113000.000000,500,OPTSTK,BFO,5.000000,20000,False
842213,BANKEX26SEP63000PE,BANKEX,24SEP2026,6300000.000000,30,OPTIDX,BFO,5.000000,900,False
868695,GRASIM26OCT3200PE,GRASIM,29OCT2026,320000.000000,250,OPTSTK,BFO,5.000000,14250,False
868665,GVT&D26OCT4400PE,GVT&D,29OCT2026,440000.000000,125,OPTSTK,BFO,5.000000,100000000,False
868678,BHEL26OCT425PE,BHEL,29OCT2026,42500.000000,2625,OPTSTK,BFO,5.000000,315000,False
868693,UNOMINDA26OCT1060PE,UNOMINDA,29OCT2026,106000.000000,550,OPTSTK,BFO,5.000000,100000000,False
883062,BRITANNIA26OCT5000PE,BRITANNIA,29OCT2026,500000.000000,125,OPTSTK,BFO,5.000000,6000,False
883074,BAJAJ-AUTO26OCT12300PE,BAJAJ-AUTO,29OCT2026,1230000.000000,75,OPTSTK,BFO,5.000000,5000,False
883084,KALYANKJIL26OCT560CE,KALYANKJIL,29OCT2026,56000.000000,1350,OPTSTK,BFO,5.000000,100000000,False
883088,SBILIFE26OCT1720CE,SBILIFE,29OCT2026,172000.000000,375,OPTSTK,BFO,5.000000,22500,False
842243,BAJFINANCE26SEP980CE,BAJFINANCE,24SEP2026,98000.000000,750,OPTSTK,BFO,5.000000,3750,False
842247,CHOLAFIN26SEP1800PE,CHOLAFIN,24SEP2026,180000.000000,625,OPTSTK,BFO,5.000000,25000,False
842258,HDFCBANK26SEP760CE,HDFCBANK,24SEP2026,76000.000000,650,OPTSTK,BFO,5.000000,16500,False
842275,SBICARD26SEP690CE,SBICARD,24SEP2026,69000.000000,800,OPTSTK,BFO,5.000000,32000,False
859106,SENSEX27DEC76000PE,SENSEX,30DEC2027,7600000.000000,20,OPTIDX,BFO,5.000000,1000,False
859146,BHEL26SEP465PE,BHEL,24SEP2026,46500.000000,2625,OPTSTK,BFO,5.000000,315000,False
859161,ABB26SEP8300PE,ABB,24SEP2026,830000.000000,125,OPTSTK,BFO,5.000000,7500,False
859195,DIXON26SEP16250CE,DIXON,24SEP2026,1625000.000000,50,OPTSTK,BFO,5.000000,6000,False
868749,BHEL26OCT390CE,BHEL,29OCT2026,39000.000000,2625,OPTSTK,BFO,5.000000,315000,False
868798,AUROPHARMA26OCT1500PE,AUROPHARMA,29OCT2026,150000.000000,550,OPTSTK,BFO,5.000000,44000,False
869202,JIOFIN26OCT242.5CE,JIOFIN,29OCT2026,24250.000000,2350,OPTSTK,BFO,5.000000,100000000,False
869230,PGEL26OCT620PE,PGEL,29OCT2026,62000.000000,950,OPTSTK,BFO,5.000000,100000000,False
883100,HINDZINC26OCT630PE,HINDZINC,29OCT2026,63000.000000,1225,OPTSTK,BFO,5.000000,100000000,False
883105,JIOFIN26OCT282.5PE,JIOFIN,29OCT2026,28250.000000,2350,OPTSTK,BFO,5.000000,100000000,False
883122,CAMS26OCT880PE,CAMS,29OCT2026,88000.000000,825,OPTSTK,BFO,5.000000,100000000,False
883129,NATIONALUM26SEP440PE,NATIONALUM,24SEP2026,44000.000000,1875,OPTSTK,BFO,5.000000,300000,False
842280,ULTRACEMCO26SEP10960PE,ULTRACEMCO,24SEP2026,1096000.000000,50,OPTSTK,BFO,5.000000,3000,False
842282,FORTIS26SEP930PE,FORTIS,24SEP2026,93000.000000,775,OPTSTK,BFO,5.000000,100000000,False
842283,M&M26SEP3080PE,M&M,24SEP2026,308000.000000,200,OPTSTK,BFO,5.000000,21000,False
842290,FEDERALBNK26SEP340PE,FEDERALBNK,24SEP2026,34000.000000,2500,OPTSTK,BFO,5.000000,200000,False
859292,PGEL26SEP690PE,PGEL,24SEP2026,69000.000000,950,OPTSTK,BFO,5.000000,100000000,False
859295,DIXON26SEP16250PE,DIXON,24SEP2026,1625000.000000,50,OPTSTK,BFO,5.000000,6000,False
859442,SONACOMS26SEP760PE,SONACOMS,24SEP2026,76000.000000,1225,OPTSTK,BFO,5.000000,100000000,False
859454,BANKEX26SEP73200PE,BANKEX,24SEP2026,7320000.000000,30,OPTIDX,BFO,5.000000,900,False
869353,TVSMOTOR26OCT4300CE,TVSMOTOR,29OCT2026,430000.000000,175,OPTSTK,BFO,5.000000,21000,False
869421,BAJAJFINSV26OCT1820CE,BAJAJFINSV,29OCT2026,182000.000000,300,OPTSTK,BFO,5.000000,20000,False
869433,NAM-INDIA26OCT1080CE,NAM-INDIA,29OCT2026,108000.000000,625,OPTSTK,BFO,5.000000,100000000,False
869546,BAJFINANCE26OCT1070PE,BAJFINANCE,29OCT2026,107000.000000,750,OPTSTK,BFO,5.000000,3750,False
883135,DABUR26OCT375PE,DABUR,29OCT2026,37500.000000,1250,OPTSTK,BFO,5.000000,50000,False
883222,MCX26SEP2250PE,MCX,24SEP2026,225000.000000,225,OPTSTK,BFO,5.000000,16000,False
883246,KPITTECH26OCT700CE,KPITTECH,29OCT2026,70000.000000,775,OPTSTK,BFO,5.000000,100000000,False
883260,KPITTECH26OCT700PE,KPITTECH,29OCT2026,70000.000000,775,OPTSTK,BFO,5.000000,100000000,False
869758,SUZLON26OCT44PE,SUZLON,29OCT2026,4400.000000,12700,OPTSTK,BFO,5.000000,100000000,False
869927,CANBK26OCT120CE,CANBK,29OCT2026,12000.000000,6750,OPTSTK,BFO,5.000000,81000,False
869960,RECLTD26OCT355PE,RECLTD,29OCT2026,35500.000000,1575,OPTSTK,BFO,5.000000,160000,False
870028,FOCIT26SEP36900PE,FOCIT,24SEP2026,3690000.000000,45,OPTIDX,BFO,5.000000,1350,False
842292,KPITTECH26SEP770CE,KPITTECH,24SEP2026,77000.000000,775,OPTSTK,BFO,5.000000,100000000,False
842302,CANBK26SEP126CE,CANBK,24SEP2026,12600.000000,6750,OPTSTK,BFO,5.000000,81000,False
842311,SUNPHARMA26SEP1980PE,SUNPHARMA,24SEP2026,198000.000000,350,OPTSTK,BFO,5.000000,28000,False
842326,UNIONBANK26SEP177.5CE,UNIONBANK,24SEP2026,17750.000000,4425,OPTSTK,BFO,5.000000,100000000,False
859477,KALYANKJIL26SEP600CE,KALYANKJIL,24SEP2026,60000.000000,1350,OPTSTK,BFO,5.000000,100000000,False
859526,RELIANCE26SEP1400PE,RELIANCE,24SEP2026,140000.000000,500,OPTSTK,BFO,5.000000,10000,False
859594,MFSL26SEP1400CE,MFSL,24SEP2026,140000.000000,400,OPTSTK,BFO,5.000000,32000,False
859597,ADANIENSOL26SEP1860PE,ADANIENSOL,24SEP2026,186000.000000,675,OPTSTK,BFO,5.000000,100000000,False
883265,ULTRACEMCO26OCT12800PE,ULTRACEMCO,29OCT2026,1280000.000000,50,OPTSTK,BFO,5.000000,3000,False
883311,SHRIRAMFIN26SEP1240CE,SHRIRAMFIN,24SEP2026,124000.000000,825,OPTSTK,BFO,5.000000,18000,False
883317,UNOMINDA26SEP1380CE,UNOMINDA,24SEP2026,138000.000000,550,OPTSTK,BFO,5.000000,100000000,False
883340,HEROMOTOCO26OCT6400CE,HEROMOTOCO,29OCT2026,640000.000000,150,OPTSTK,BFO,5.000000,9000,False
870038,UPL26OCT570CE,UPL,29OCT2026,57000.000000,1355,OPTSTK,BFO,5.000000,39000,False
870183,CUMMINSIND26OCT5700CE,CUMMINSIND,29OCT2026,570000.000000,200,OPTSTK,BFO,5.000000,18000,False
870222,ANGELONE26OCT285CE,ANGELONE,29OCT2026,28500.000000,2500,OPTSTK,BFO,5.000000,100000000,False
870513,HAL26OCT4450PE,HAL,29OCT2026,445000.000000,150,OPTSTK,BFO,5.000000,9000,False
842327,GODREJPROP26SEP1940CE,GODREJPROP,24SEP2026,194000.000000,325,OPTSTK,BFO,5.000000,19000,False
842329,NMDC26SEP79PE,NMDC,24SEP2026,7900.000000,6750,OPTSTK,BFO,5.000000,225000,False
842339,DIXON26SEP11400PE,DIXON,24SEP2026,1140000.000000,50,OPTSTK,BFO,5.000000,6000,False
842356,BHEL26SEP415CE,BHEL,24SEP2026,41500.000000,2625,OPTSTK,BFO,5.000000,315000,False
859628,PATANJALI26SEP305PE,PATANJALI,24SEP2026,30500.000000,1075,OPTSTK,BFO,5.000000,100000000,False
859630,DRREDDY26SEP1140PE,DRREDDY,24SEP2026,114000.000000,625,OPTSTK,BFO,5.000000,5000,False
859642,SONACOMS26SEP770CE,SONACOMS,24SEP2026,77000.000000,1225,OPTSTK,BFO,5.000000,100000000,False
859650,SONACOMS26SEP770PE,SONACOMS,24SEP2026,77000.000000,1225,OPTSTK,BFO,5.000000,100000000,False
870571,SENSEX26OCT77400CE,SENSEX,29OCT2026,7740000.000000,20,OPTIDX,BFO,5.000000,1000,False
870603,INDHOTEL26OCT720PE,INDHOTEL,29OCT2026,72000.000000,1000,OPTSTK,BFO,5.000000,60000,False
870708,TVSMOTOR26OCT4050CE,TVSMOTOR,29OCT2026,405000.000000,175,OPTSTK,BFO,5.000000,21000,False
870719,DABUR26OCT420CE,DABUR,29OCT2026,42000.000000,1250,OPTSTK,BFO,5.000000,50000,False
883403,SENSEX5026OCT26800CE,SENSEX50,29OCT2026,2680000.000000,75,OPTIDX,BFO,5.000000,1800,False
883423,KALYANKJIL26OCT545CE,KALYANKJIL,29OCT2026,54500.000000,1350,OPTSTK,BFO,5.000000,100000000,False
883451,GRASIM26OCT3340CE,GRASIM,29OCT2026,334000.000000,250,OPTSTK,BFO,5.000000,14250,False
883459,SHRIRAMFIN26SEP1240PE,SHRIRAMFIN,24SEP2026,124000.000000,825,OPTSTK,BFO,5.000000,18000,False
842368,FORCEMOT26SEP20000CE,FORCEMOT,24SEP2026,2000000.000000,25,OPTSTK,BFO,5.000000,100000000,False
842382,GODREJPROP26SEP1860PE,GODREJPROP,24SEP2026,186000.000000,325,OPTSTK,BFO,5.000000,19000,False
842397,ABCAPITAL26SEP400CE,ABCAPITAL,24SEP2026,40000.000000,3100,OPTSTK,BFO,5.000000,162000,False
842410,ONGC26SEP250PE,ONGC,24SEP2026,25000.000000,2250,OPTSTK,BFO,5.000000,154000,False
871168,SENSEX2691780600CE,SENSEX,17SEP2026,8060000.000000,20,OPTIDX,BFO,5.000000,1000,False
871179,CONCOR26OCT515CE,CONCOR,29OCT2026,51500.000000,1250,OPTSTK,BFO,5.000000,40000,False
871652,ABCAPITAL26OCT415PE,ABCAPITAL,29OCT2026,41500.000000,3100,OPTSTK,BFO,5.000000,162000,False
871884,VOLTAS26OCT1400CE,VOLTAS,29OCT2026,140000.000000,375,OPTSTK,BFO,5.000000,30000,False
859664,CROMPTON26SEP220PE,CROMPTON,24SEP2026,22000.000000,2150,OPTSTK,BFO,5.000000,90000,False
859670,BANKEX26SEP73200CE,BANKEX,24SEP2026,7320000.000000,30,OPTIDX,BFO,5.000000,900,False
859685,BAJFINANCE26SEP1120PE,BAJFINANCE,24SEP2026,112000.000000,750,OPTSTK,BFO,5.000000,3750,False
859701,ULTRACEMCO26SEP12360CE,ULTRACEMCO,24SEP2026,1236000.000000,50,OPTSTK,BFO,5.000000,3000,False
883461,JSWSTEEL26SEP1460PE,JSWSTEEL,24SEP2026,146000.000000,675,OPTSTK,BFO,5.000000,40500,False
883484,OFSS26OCT12400CE,OFSS,29OCT2026,1240000.000000,100,OPTSTK,BFO,5.000000,8000,False
883506,SENSEX28JUN72000PE,SENSEX,29JUN2028,7200000.000000,20,OPTIDX,BFO,5.000000,1000,False
883529,360ONE26OCT1320CE,,29OCT2026,132000.000000,500,OPTSTK,BFO,5.000000,100000000,False
842413,BOSCHLTD26SEP41250CE,BOSCHLTD,24SEP2026,4125000.000000,25,OPTSTK,BFO,5.000000,1500,False
842417,BPCL26SEP325PE,BPCL,24SEP2026,32500.000000,1975,OPTSTK,BFO,5.000000,72000,False
842420,PGEL26SEP610CE,PGEL,24SEP2026,61000.000000,950,OPTSTK,BFO,5.000000,100000000,False
842428,HDFCAMC26SEP2620PE,HDFCAMC,24SEP2026,262000.000000,300,OPTSTK,BFO,5.000000,12000,False
872151,HAL26OCT4350CE,HAL,29OCT2026,435000.000000,150,OPTSTK,BFO,5.000000,9000,False
872153,RVNL26OCT255PE,RVNL,29OCT2026,25500.000000,1925,OPTSTK,BFO,5.000000,100000000,False
872180,COLPAL26OCT2120PE,COLPAL,29OCT2026,212000.000000,275,OPTSTK,BFO,5.000000,14000,False
872183,PREMIERENE26SEP840CE,PREMIERENE,24SEP2026,84000.000000,650,OPTSTK,BFO,5.000000,100000000,False
859712,ICICIBANK26SEP1530PE,ICICIBANK,24SEP2026,153000.000000,700,OPTSTK,BFO,5.000000,28000,False
859723,ANGELONE26SEP290PE,ANGELONE,24SEP2026,29000.000000,2500,OPTSTK,BFO,5.000000,100000000,False
859725,PNB26SEP119PE,PNB,24SEP2026,11900.000000,8000,OPTSTK,BFO,5.000000,480000,False
859753,PNB26SEP116PE,PNB,24SEP2026,11600.000000,8000,OPTSTK,BFO,5.000000,480000,False
883569,HINDZINC26SEP670PE,HINDZINC,24SEP2026,67000.000000,1225,OPTSTK,BFO,5.000000,100000000,False
883588,JUBLFOOD26OCT505PE,JUBLFOOD,29OCT2026,50500.000000,1250,OPTSTK,BFO,5.000000,50000,False
883596,M&M26SEP3800PE,M&M,24SEP2026,380000.000000,200,OPTSTK,BFO,5.000000,21000,False
883597,SENSEX29JUN72000PE,SENSEX,28JUN2029,7200000.000000,20,OPTIDX,BFO,5.000000,1000,False
842443,BAJFINANCE26SEP980PE,BAJFINANCE,24SEP2026,98000.000000,750,OPTSTK,BFO,5.000000,3750,False
842444,LT26SEP4320CE,LT,24SEP2026,432000.000000,175,OPTSTK,BFO,5.000000,12000,False
842449,IEX26SEP125CE,IEX,24SEP2026,12500.000000,4350,OPTSTK,BFO,5.000000,150000,False
842462,HDFCBANK26SEP760PE,HDFCBANK,24SEP2026,76000.000000,650,OPTSTK,BFO,5.000000,16500,False
872601,ANGELONE26OCT285PE,ANGELONE,29OCT2026,28500.000000,2500,OPTSTK,BFO,5.000000,100000000,False
872653,AUROPHARMA26OCT1720PE,AUROPHARMA,29OCT2026,172000.000000,550,OPTSTK,BFO,5.000000,44000,False
872711,HINDZINC26OCT500PE,HINDZINC,29OCT2026,50000.000000,1225,OPTSTK,BFO,5.000000,100000000,False
872828,DLF26OCT620CE,DLF,29OCT2026,62000.000000,950,OPTSTK,BFO,5.000000,49500,False
859804,OIL26SEP480CE,OIL,24SEP2026,48000.000000,1400,OPTSTK,BFO,5.000000,100000000,False
859815,COLPAL26SEP2240PE,COLPAL,24SEP2026,224000.000000,275,OPTSTK,BFO,5.000000,14000,False
859817,OIL26SEP485PE,OIL,24SEP2026,48500.000000,1400,OPTSTK,BFO,5.000000,100000000,False
859837,SHREECEM26SEP29000PE,SHREECEM,24SEP2026,2900000.000000,25,OPTSTK,BFO,5.000000,1000,False
872877,SAIL26OCT152.5PE,SAIL,29OCT2026,15250.000000,4700,OPTSTK,BFO,5.000000,320000,False
872961,POWERGRID26OCT272.5PE,POWERGRID,29OCT2026,27250.000000,1900,OPTSTK,BFO,5.000000,108000,False
872980,FOCIT26SEP36800CE,FOCIT,24SEP2026,3680000.000000,45,OPTIDX,BFO,5.000000,1350,False
872985,POLICYBZR26OCT1520CE,POLICYBZR,29OCT2026,152000.000000,350,OPTSTK,BFO,5.000000,100000000,False
883638,JSWSTEEL26SEP1480CE,JSWSTEEL,24SEP2026,148000.000000,675,OPTSTK,BFO,5.000000,40500,False
883657,HEROMOTOCO26SEP6300CE,HEROMOTOCO,24SEP2026,630000.000000,150,OPTSTK,BFO,5.000000,9000,False
883663,360ONE26OCT1320PE,,29OCT2026,132000.000000,500,OPTSTK,BFO,5.000000,100000000,False
883687,JUBLFOOD26OCT510CE,JUBLFOOD,29OCT2026,51000.000000,1250,OPTSTK,BFO,5.000000,50000,False
842470,SHRIRAMFIN26SEP1040CE,SHRIRAMFIN,24SEP2026,104000.000000,825,OPTSTK,BFO,5.000000,18000,False
842516,LTF26SEP320CE,LTF,24SEP2026,32000.000000,2250,OPTSTK,BFO,5.000000,267720,False
842529,SHREECEM26SEP25500PE,SHREECEM,24SEP2026,2550000.000000,25,OPTSTK,BFO,5.000000,1000,False
842533,MANAPPURAM26SEP310PE,MANAPPURAM,24SEP2026,31000.000000,3000,OPTSTK,BFO,5.000000,180000,False
873197,SENSEX26OCT73100PE,SENSEX,29OCT2026,7310000.000000,20,OPTIDX,BFO,5.000000,1000,False
873391,SENSEX5026OCT25300CE,SENSEX50,29OCT2026,2530000.000000,75,OPTIDX,BFO,5.000000,1800,False
873402,CONCOR26OCT515PE,CONCOR,29OCT2026,51500.000000,1250,OPTSTK,BFO,5.000000,40000,False
873432,SHRIRAMFIN26OCT1040CE,SHRIRAMFIN,29OCT2026,104000.000000,825,OPTSTK,BFO,5.000000,18000,False
842543,ULTRACEMCO26SEP11960PE,ULTRACEMCO,24SEP2026,1196000.000000,50,OPTSTK,BFO,5.000000,3000,False
842550,JSWENERGY26SEP580PE,JSWENERGY,24SEP2026,58000.000000,1075,OPTSTK,BFO,5.000000,100000000,False
842567,GRASIM26SEP3240PE,GRASIM,24SEP2026,324000.000000,250,OPTSTK,BFO,5.000000,14250,False
842568,DLF26SEP590PE,DLF,24SEP2026,59000.000000,950,OPTSTK,BFO,5.000000,49500,False
859841,INDUSINDBK26SEP1110PE,INDUSINDBK,24SEP2026,111000.000000,700,OPTSTK,BFO,5.000000,20000,False
859856,LUPIN26SEP2660PE,LUPIN,24SEP2026,266000.000000,425,OPTSTK,BFO,5.000000,34000,False
859874,EICHERMOT26SEP8400PE,EICHERMOT,24SEP2026,840000.000000,100,OPTSTK,BFO,5.000000,7000,False
859893,WAAREEENER26SEP2400PE,WAAREEENER,24SEP2026,240000.000000,175,OPTSTK,BFO,5.000000,100000000,False
883692,INDUSTOWER26OCT336PE,INDUSTOWER,29OCT2026,33600.000000,1700,OPTSTK,BFO,5.000000,170000,False
883702,M&M26OCT3800PE,M&M,29OCT2026,380000.000000,200,OPTSTK,BFO,5.000000,21000,False
883730,SAIL26OCT192.5PE,SAIL,29OCT2026,19250.000000,4700,OPTSTK,BFO,5.000000,320000,False
883751,RADICO26SEP4850CE,RADICO,24SEP2026,485000.000000,150,OPTSTK,BFO,5.000000,100000000,False
873595,SAIL26OCTFUT,SAIL,29OCT2026,0.000000,4700,FUTSTK,BFO,5.000000,320000,False
873611,BANKEX26OCT69600CE,BANKEX,29OCT2026,6960000.000000,30,OPTIDX,BFO,5.000000,900,False
873660,TATAPOWER26OCT400PE,TATAPOWER,29OCT2026,40000.000000,1450,OPTSTK,BFO,5.000000,101250,False
873761,HINDUNILVR26OCT1960PE,HINDUNILVR,29OCT2026,196000.000000,300,OPTSTK,BFO,5.000000,9000,False
842594,IOC26SEPFUT,IOC,24SEP2026,0.000000,4875,FUTSTK,BFO,5.000000,292500,False
883756,HEROMOTOCO26SEP6300PE,HEROMOTOCO,24SEP2026,630000.000000,150,OPTSTK,BFO,5.000000,9000,False
883806,DRREDDY26OCT1250PE,DRREDDY,29OCT2026,125000.000000,625,OPTSTK,BFO,5.000000,5000,False
883813,SENSEX2691785900CE,SENSEX,17SEP2026,8590000.000000,20,OPTIDX,BFO,5.000000,1000,False
883820,ABCAPITAL26OCT460CE,ABCAPITAL,29OCT2026,46000.000000,3100,OPTSTK,BFO,5.000000,162000,False
842581,DLF26SEP595CE,DLF,24SEP2026,59500.000000,950,OPTSTK,BFO,5.000000,49500,False
842590,IOC26SEP145PE,IOC,24SEP2026,14500.000000,4875,OPTSTK,BFO,5.000000,292500,False
842593,TATACONSUM26SEP1150CE,TATACONSUM,24SEP2026,115000.000000,550,OPTSTK,BFO,5.000000,36000,False
859916,TORNTPHARM26SEP5400PE,TORNTPHARM,24SEP2026,540000.000000,125,OPTSTK,BFO,5.000000,15000,False
859970,INDUSINDBK26SEP1110CE,INDUSINDBK,24SEP2026,111000.000000,700,OPTSTK,BFO,5.000000,20000,False
859978,LAURUSLABS26SEP1740CE,LAURUSLABS,24SEP2026,174000.000000,850,OPTSTK,BFO,5.000000,68000,False
860019,ASHOKLEY26SEP135PE,ASHOKLEY,24SEP2026,13500.000000,5000,OPTSTK,BFO,5.000000,150000,False
873772,ZYDUSLIFE26OCT1180CE,ZYDUSLIFE,29OCT2026,118000.000000,900,OPTSTK,BFO,5.000000,54000,False
873942,INOXWIND26OCT82.5CE,INOXWIND,29OCT2026,8250.000000,6400,OPTSTK,BFO,5.000000,100000000,False
874201,MOTHERSON26OCT147.5CE,MOTHERSON,29OCT2026,14750.000000,6150,OPTSTK,BFO,5.000000,284000,False
874217,BDL26OCT1380CE,BDL,29OCT2026,138000.000000,425,OPTSTK,BFO,5.000000,100000000,False
883838,PNBHOUSING26OCT1280CE,PNBHOUSING,29OCT2026,128000.000000,650,OPTSTK,BFO,5.000000,100000000,False
883879,SENSEX27DEC72000CE,SENSEX,30DEC2027,7200000.000000,20,OPTIDX,BFO,5.000000,1000,False
883842,INDIANB26OCT940PE,INDIANB,29OCT2026,94000.000000,1000,OPTSTK,BFO,5.000000,100000000,False
883850,BANKINDIA26OCT160PE,BANKINDIA,29OCT2026,16000.000000,5200,OPTSTK,BFO,5.000000,100000000,False
842596,DIXON26SEP11300CE,DIXON,24SEP2026,1130000.000000,50,OPTSTK,BFO,5.000000,6000,False
842599,ABCAPITAL26SEP405CE,ABCAPITAL,24SEP2026,40500.000000,3100,OPTSTK,BFO,5.000000,162000,False
842602,CGPOWER26SEP940PE,CGPOWER,24SEP2026,94000.000000,850,OPTSTK,BFO,5.000000,100000000,False
842607,CROMPTON26SEP267.5CE,CROMPTON,24SEP2026,26750.000000,2150,OPTSTK,BFO,5.000000,90000,False
874241,JSWSTEEL26OCT1340PE,JSWSTEEL,29OCT2026,134000.000000,675,OPTSTK,BFO,5.000000,40500,False
874246,GVT&D26OCT3900CE,GVT&D,29OCT2026,390000.000000,125,OPTSTK,BFO,5.000000,100000000,False
874366,JINDALSTEL26OCT1160PE,JINDALSTEL,29OCT2026,116000.000000,625,OPTSTK,BFO,5.000000,37500,False
874468,ABCAPITAL26OCT385CE,ABCAPITAL,29OCT2026,38500.000000,3100,OPTSTK,BFO,5.000000,162000,False
856773,SUNPHARMA26SEP2060CE,SUNPHARMA,24SEP2026,206000.000000,350,OPTSTK,BFO,5.000000,28000,False
856779,INDUSINDBK26SEP1060CE,INDUSINDBK,24SEP2026,106000.000000,700,OPTSTK,BFO,5.000000,20000,False
856780,PREMIERENE26SEP880PE,PREMIERENE,24SEP2026,88000.000000,650,OPTSTK,BFO,5.000000,100000000,False
856783,KOTAKBANK26SEP350CE,KOTAKBANK,24SEP2026,35000.000000,2000,OPTSTK,BFO,5.000000,12000,False
860048,TVSMOTOR26SEP4250CE,TVSMOTOR,24SEP2026,425000.000000,175,OPTSTK,BFO,5.000000,21000,False
860049,INDUSINDBK26SEP1140CE,INDUSINDBK,24SEP2026,114000.000000,700,OPTSTK,BFO,5.000000,20000,False
860061,BAJAJ-AUTO26SEP11300CE,BAJAJ-AUTO,24SEP2026,1130000.000000,75,OPTSTK,BFO,5.000000,5000,False
860068,ICICIGI26SEP1460CE,ICICIGI,24SEP2026,146000.000000,325,OPTSTK,BFO,5.000000,20000,False
842613,JINDALSTEL26SEP1070PE,JINDALSTEL,24SEP2026,107000.000000,625,OPTSTK,BFO,5.000000,37500,False
842651,MARICO26SEP845CE,MARICO,24SEP2026,84500.000000,1200,OPTSTK,BFO,5.000000,48000,False
842656,BHARTIARTL26SEP1800CE,BHARTIARTL,24SEP2026,180000.000000,475,OPTSTK,BFO,5.000000,28500,False
842657,TATAPOWER26SEP375PE,TATAPOWER,24SEP2026,37500.000000,1450,OPTSTK,BFO,5.000000,101250,False
874523,HYUNDAI26OCT1940CE,HYUNDAI,29OCT2026,194000.000000,275,OPTSTK,BFO,5.000000,100000000,False
875341,TATACONSUM26OCT1150CE,TATACONSUM,29OCT2026,115000.000000,550,OPTSTK,BFO,5.000000,36000,False
875344,KALYANKJIL26OCT630CE,KALYANKJIL,29OCT2026,63000.000000,1350,OPTSTK,BFO,5.000000,100000000,False
875380,FOCIT26SEP36200PE,FOCIT,24SEP2026,3620000.000000,45,OPTIDX,BFO,5.000000,1350,False
856785,HINDALCO26SEP1120CE,HINDALCO,24SEP2026,112000.000000,700,OPTSTK,BFO,5.000000,56000,False
856840,JSWENERGY26SEP470CE,JSWENERGY,24SEP2026,47000.000000,1075,OPTSTK,BFO,5.000000,100000000,False
856866,JUBLFOOD26SEP485CE,JUBLFOOD,24SEP2026,48500.000000,1250,OPTSTK,BFO,5.000000,50000,False
856883,TMPV26SEP305PE,TMPV,24SEP2026,30500.000000,1600,OPTSTK,BFO,5.000000,42750,False
842663,BRITANNIA26SEP5200PE,BRITANNIA,24SEP2026,520000.000000,125,OPTSTK,BFO,5.000000,6000,False
842664,MAZDOCK26SEP2540PE,MAZDOCK,24SEP2026,254000.000000,225,OPTSTK,BFO,5.000000,100000000,False
842665,ALKEM26SEP5350PE,ALKEM,24SEP2026,535000.000000,125,OPTSTK,BFO,5.000000,8000,False
842672,CUMMINSIND26SEP5750PE,CUMMINSIND,24SEP2026,575000.000000,200,OPTSTK,BFO,5.000000,18000,False
860075,AUBANK26SEP840CE,AUBANK,24SEP2026,84000.000000,1000,OPTSTK,BFO,5.000000,30000,False
860125,TATAELXSI26SEP3050CE,TATAELXSI,24SEP2026,305000.000000,125,OPTSTK,BFO,5.000000,100000000,False
860128,KALYANKJIL26SEP630PE,KALYANKJIL,24SEP2026,63000.000000,1350,OPTSTK,BFO,5.000000,100000000,False
860159,COCHINSHIP26SEP1240CE,COCHINSHIP,24SEP2026,124000.000000,400,OPTSTK,BFO,5.000000,100000000,False
875401,NMDC26OCT92PE,NMDC,29OCT2026,9200.000000,6750,OPTSTK,BFO,5.000000,225000,False
875535,NBCC26OCT95PE,NBCC,29OCT2026,9500.000000,6500,OPTSTK,BFO,5.000000,100000000,False
875552,HAVELLS26OCT1260PE,HAVELLS,29OCT2026,126000.000000,500,OPTSTK,BFO,5.000000,20000,False
875592,HINDZINC26OCT470CE,HINDZINC,29OCT2026,47000.000000,1225,OPTSTK,BFO,5.000000,100000000,False
856985,SIEMENS26SEP3150PE,SIEMENS,24SEP2026,315000.000000,175,OPTSTK,BFO,5.000000,8250,False
856947,SBILIFE26SEP1960CE,SBILIFE,24SEP2026,196000.000000,375,OPTSTK,BFO,5.000000,22500,False
856952,TORNTPHARM26SEP5200CE,TORNTPHARM,24SEP2026,520000.000000,125,OPTSTK,BFO,5.000000,15000,False
856974,LAURUSLABS26SEP1340CE,LAURUSLABS,24SEP2026,134000.000000,850,OPTSTK,BFO,5.000000,68000,False
875636,CUMMINSIND26OCT5000CE,CUMMINSIND,29OCT2026,500000.000000,200,OPTSTK,BFO,5.000000,18000,False
875816,MARICO26OCT890PE,MARICO,29OCT2026,89000.000000,1200,OPTSTK,BFO,5.000000,48000,False
875854,ADANIENSOL26OCT1580CE,ADANIENSOL,29OCT2026,158000.000000,675,OPTSTK,BFO,5.000000,100000000,False
876001,GAIL26OCT175CE,GAIL,29OCT2026,17500.000000,3550,OPTSTK,BFO,5.000000,274500,False
842678,ADANIENT26SEP3000CE,ADANIENT,24SEP2026,300000.000000,309,OPTSTK,BFO,5.000000,9000,False
842679,ZYDUSLIFE26SEP1160CE,ZYDUSLIFE,24SEP2026,116000.000000,900,OPTSTK,BFO,5.000000,54000,False
842687,IDEA26SEP14CE,IDEA,24SEP2026,1400.000000,71475,OPTSTK,BFO,5.000000,2400000,False
842709,DRREDDY26SEP1370PE,DRREDDY,24SEP2026,137000.000000,625,OPTSTK,BFO,5.000000,5000,False
856992,KALYANKJIL26SEP320CE,KALYANKJIL,24SEP2026,32000.000000,1350,OPTSTK,BFO,5.000000,100000000,False
856993,BPCL26SEP350PE,BPCL,24SEP2026,35000.000000,1975,OPTSTK,BFO,5.000000,72000,False
857002,KALYANKJIL26SEP325CE,KALYANKJIL,24SEP2026,32500.000000,1350,OPTSTK,BFO,5.000000,100000000,False
857008,DABUR26SEP490PE,DABUR,24SEP2026,49000.000000,1250,OPTSTK,BFO,5.000000,50000,False
860194,AXISBANK26SEP1100CE,AXISBANK,24SEP2026,110000.000000,625,OPTSTK,BFO,5.000000,25000,False
860274,CGPOWER26SEP740PE,CGPOWER,24SEP2026,74000.000000,850,OPTSTK,BFO,5.000000,100000000,False
860370,INOXWIND26SEP57.5PE,INOXWIND,24SEP2026,5750.000000,6400,OPTSTK,BFO,5.000000,100000000,False
860371,TMPV26SEP290PE,TMPV,24SEP2026,29000.000000,1600,OPTSTK,BFO,5.000000,42750,False
876011,TATACONSUM26OCT1070PE,TATACONSUM,29OCT2026,107000.000000,550,OPTSTK,BFO,5.000000,36000,False
876149,ONGC26OCT250CE,ONGC,29OCT2026,25000.000000,2250,OPTSTK,BFO,5.000000,154000,False
876153,AUBANK26OCT920CE,AUBANK,29OCT2026,92000.000000,1000,OPTSTK,BFO,5.000000,30000,False
876170,GODFRYPHLP26OCT2100PE,GODFRYPHLP,29OCT2026,210000.000000,275,OPTSTK,BFO,5.000000,100000000,False
857015,NAUKRI26SEP1240PE,NAUKRI,24SEP2026,124000.000000,550,OPTSTK,BFO,5.000000,6000,False
857049,PNBHOUSING26SEP1240PE,PNBHOUSING,24SEP2026,124000.000000,650,OPTSTK,BFO,5.000000,100000000,False
857078,TRENT26SEP2600PE,TRENT,24SEP2026,260000.000000,225,OPTSTK,BFO,5.000000,16000,False
857154,KALYANKJIL26SEP335PE,KALYANKJIL,24SEP2026,33500.000000,1350,OPTSTK,BFO,5.000000,100000000,False
876286,ICICIBANK26OCT1370PE,ICICIBANK,29OCT2026,137000.000000,700,OPTSTK,BFO,5.000000,28000,False
876351,CANBK26OCT137.5PE,CANBK,29OCT2026,13750.000000,6750,OPTSTK,BFO,5.000000,81000,False
842715,YESBANK26SEP19PE,YESBANK,24SEP2026,1900.000000,31100,OPTSTK,BFO,5.000000,100000000,False
842731,KAYNES26SEP3350PE,KAYNES,24SEP2026,335000.000000,150,OPTSTK,BFO,5.000000,100000000,False
842732,PGEL26SEP520PE,PGEL,24SEP2026,52000.000000,950,OPTSTK,BFO,5.000000,100000000,False
842733,PFC26SEP420CE,PFC,24SEP2026,42000.000000,1300,OPTSTK,BFO,5.000000,124000,False
860491,LICI26SEP385PE,LICI,24SEP2026,38500.000000,1400,OPTSTK,BFO,5.000000,100000000,False
860551,INDIGO26SEP4300CE,INDIGO,24SEP2026,430000.000000,150,OPTSTK,BFO,5.000000,12000,False
860600,ANGELONE26SEP270CE,ANGELONE,24SEP2026,27000.000000,2500,OPTSTK,BFO,5.000000,100000000,False
860603,ADANIGREEN26SEP1320CE,ADANIGREEN,24SEP2026,132000.000000,600,OPTSTK,BFO,5.000000,100000000,False
876346,SONACOMS26OCT740CE,SONACOMS,29OCT2026,74000.000000,1225,OPTSTK,BFO,5.000000,100000000,False
876347,HINDUNILVR26OCT2220PE,HINDUNILVR,29OCT2026,222000.000000,300,OPTSTK,BFO,5.000000,9000,False
857156,INFY26SEP1200PE,INFY,24SEP2026,120000.000000,400,OPTSTK,BFO,5.000000,16000,False
857207,MPHASIS26SEP1950CE,MPHASIS,24SEP2026,195000.000000,275,OPTSTK,BFO,5.000000,11000,False
857208,LICHSGFIN26SEP470PE,LICHSGFIN,24SEP2026,47000.000000,1000,OPTSTK,BFO,5.000000,60000,False
857222,HAVELLS26SEP1340PE,HAVELLS,24SEP2026,134000.000000,500,OPTSTK,BFO,5.000000,20000,False
876370,TATASTEEL26OCT190CE,TATASTEEL,29OCT2026,19000.000000,2750,OPTSTK,BFO,5.000000,220000,False
876393,ABCAPITAL26OCT385PE,ABCAPITAL,29OCT2026,38500.000000,3100,OPTSTK,BFO,5.000000,162000,False
876414,SUZLON26OCT46CE,SUZLON,29OCT2026,4600.000000,12700,OPTSTK,BFO,5.000000,100000000,False
876415,NBCC26OCT110CE,NBCC,29OCT2026,11000.000000,6500,OPTSTK,BFO,5.000000,100000000,False
842735,BHARTIARTL26SEP1720PE,BHARTIARTL,24SEP2026,172000.000000,475,OPTSTK,BFO,5.000000,28500,False
842737,BHEL26SEP392.5CE,BHEL,24SEP2026,39250.000000,2625,OPTSTK,BFO,5.000000,315000,False
842738,SENSEX30JUN78000CE,SENSEX,27JUN2030,7800000.000000,20,OPTIDX,BFO,5.000000,1000,False
842744,NATIONALUM26SEP305PE,NATIONALUM,24SEP2026,30500.000000,1875,OPTSTK,BFO,5.000000,300000,False
857226,TITAN26SEP4900PE,TITAN,24SEP2026,490000.000000,175,OPTSTK,BFO,5.000000,11250,False
857237,SWIGGY26SEP290CE,SWIGGY,24SEP2026,29000.000000,1825,OPTSTK,BFO,5.000000,100000000,False
857302,VOLTAS26SEP1120PE,VOLTAS,24SEP2026,112000.000000,375,OPTSTK,BFO,5.000000,30000,False
857318,RELIANCE26SEP1210PE,RELIANCE,24SEP2026,121000.000000,500,OPTSTK,BFO,5.000000,10000,False
860618,ANGELONE26SEP270PE,ANGELONE,24SEP2026,27000.000000,2500,OPTSTK,BFO,5.000000,100000000,False
860727,PIIND26SEP3100CE,PIIND,24SEP2026,310000.000000,175,OPTSTK,BFO,5.000000,7500,False
860773,DRREDDY26SEP1080PE,DRREDDY,24SEP2026,108000.000000,625,OPTSTK,BFO,5.000000,5000,False
860777,HDFCBANK26SEP670PE,HDFCBANK,24SEP2026,67000.000000,650,OPTSTK,BFO,5.000000,16500,False
876424,DIXON26OCT14000CE,DIXON,29OCT2026,1400000.000000,50,OPTSTK,BFO,5.000000,6000,False
876426,CONCOR26OCT550PE,CONCOR,29OCT2026,55000.000000,1250,OPTSTK,BFO,5.000000,40000,False
876428,CHOLAFIN26OCT1680PE,CHOLAFIN,29OCT2026,168000.000000,625,OPTSTK,BFO,5.000000,25000,False
876436,CONCOR26OCT555CE,CONCOR,29OCT2026,55500.000000,1250,OPTSTK,BFO,5.000000,40000,False
857353,KOTAKBANK26SEP340CE,KOTAKBANK,24SEP2026,34000.000000,2000,OPTSTK,BFO,5.000000,12000,False
857359,PNB26SEP96CE,PNB,24SEP2026,9600.000000,8000,OPTSTK,BFO,5.000000,480000,False
857364,INDIGO26SEP4600PE,INDIGO,24SEP2026,460000.000000,150,OPTSTK,BFO,5.000000,12000,False
857379,SRF26SEP2350CE,SRF,24SEP2026,235000.000000,200,OPTSTK,BFO,5.000000,11250,False
860805,ADANIPORTS26SEP1620CE,ADANIPORTS,24SEP2026,162000.000000,475,OPTSTK,BFO,5.000000,32000,False
860807,HINDPETRO26SEP290.75CE,HINDPETRO,24SEP2026,29075.000000,2025,OPTSTK,BFO,5.000000,108000,False
860825,CGPOWER26SEP720CE,CGPOWER,24SEP2026,72000.000000,850,OPTSTK,BFO,5.000000,100000000,False
860850,HCLTECH26SEP1320CE,HCLTECH,24SEP2026,132000.000000,400,OPTSTK,BFO,5.000000,21000,False
842746,GRASIM26SEP3140CE,GRASIM,24SEP2026,314000.000000,250,OPTSTK,BFO,5.000000,14250,False
842774,BANKBARODA26SEP290PE,BANKBARODA,24SEP2026,29000.000000,2925,OPTSTK,BFO,5.000000,175500,False
842775,APLAPOLLO26SEP1680CE,APLAPOLLO,24SEP2026,168000.000000,350,OPTSTK,BFO,5.000000,100000000,False
842787,SENSEX5026SEP24200CE,SENSEX50,24SEP2026,2420000.000000,75,OPTIDX,BFO,5.000000,1800,False
876438,ICICIBANK26OCT1440PE,ICICIBANK,29OCT2026,144000.000000,700,OPTSTK,BFO,5.000000,28000,False
876442,SENSEX26OCT83000CE,SENSEX,29OCT2026,8300000.000000,20,OPTIDX,BFO,5.000000,1000,False
876453,FOCIT26OCT32100CE,FOCIT,29OCT2026,3210000.000000,45,OPTIDX,BFO,5.000000,1350,False
876466,DLF26OCT600PE,DLF,29OCT2026,60000.000000,950,OPTSTK,BFO,5.000000,49500,False
857388,COCHINSHIP26SEP1260CE,COCHINSHIP,24SEP2026,126000.000000,400,OPTSTK,BFO,5.000000,100000000,False
857405,BANDHANBNK26SEP160CE,BANDHANBNK,24SEP2026,16000.000000,3600,OPTSTK,BFO,5.000000,100000,False
857408,PFC26SEP375PE,PFC,24SEP2026,37500.000000,1300,OPTSTK,BFO,5.000000,124000,False
857416,ABB26SEP6100PE,ABB,24SEP2026,610000.000000,125,OPTSTK,BFO,5.000000,7500,False
860892,COLPAL26SEP2280PE,COLPAL,24SEP2026,228000.000000,275,OPTSTK,BFO,5.000000,14000,False
860893,UNITDSPR26SEP1620CE,UNITDSPR,24SEP2026,162000.000000,400,OPTSTK,BFO,5.000000,28000,False
860909,IDFCFIRSTB26SEP91CE,IDFCFIRSTB,24SEP2026,9100.000000,9275,OPTSTK,BFO,5.000000,450000,False
860953,LAURUSLABS26SEP1840PE,LAURUSLABS,24SEP2026,184000.000000,850,OPTSTK,BFO,5.000000,68000,False
842794,PERSISTENT26SEP5100CE,PERSISTENT,24SEP2026,510000.000000,125,OPTSTK,BFO,5.000000,5250,False
842795,RECLTD26SEP380CE,RECLTD,24SEP2026,38000.000000,1575,OPTSTK,BFO,5.000000,160000,False
842796,NTPC26SEP367.5CE,NTPC,24SEP2026,36750.000000,1500,OPTSTK,BFO,5.000000,150000,False
842797,TECHM26SEP1324PE,TECHM,24SEP2026,132400.000000,600,OPTSTK,BFO,5.000000,24000,False
876474,BANKEX26OCT66900CE,BANKEX,29OCT2026,6690000.000000,30,OPTIDX,BFO,5.000000,900,False
876486,COLPAL26OCT2080CE,COLPAL,29OCT2026,208000.000000,275,OPTSTK,BFO,5.000000,14000,False
876495,KFINTECH26OCT1040PE,KFINTECH,29OCT2026,104000.000000,575,OPTSTK,BFO,5.000000,100000000,False
876496,SENSEX2691778500PE,SENSEX,17SEP2026,7850000.000000,20,OPTIDX,BFO,5.000000,1000,False
857537,CANBK26SEP105PE,CANBK,24SEP2026,10500.000000,6750,OPTSTK,BFO,5.000000,81000,False
857426,MAXHEALTH26SEP1010PE,MAXHEALTH,24SEP2026,101000.000000,525,OPTSTK,BFO,5.000000,100000000,False
857510,KPITTECH26SEP480CE,KPITTECH,24SEP2026,48000.000000,775,OPTSTK,BFO,5.000000,100000000,False
857523,CONCOR26SEP425PE,CONCOR,24SEP2026,42500.000000,1250,OPTSTK,BFO,5.000000,40000,False
842807,MAZDOCK26SEP2600CE,MAZDOCK,24SEP2026,260000.000000,225,OPTSTK,BFO,5.000000,100000000,False
842808,TRENT26SEP2900CE,TRENT,24SEP2026,290000.000000,225,OPTSTK,BFO,5.000000,16000,False
842813,PAYTM26SEP1090PE,PAYTM,24SEP2026,109000.000000,725,OPTSTK,BFO,5.000000,100000000,False
842832,IOC26SEP146CE,IOC,24SEP2026,14600.000000,4875,OPTSTK,BFO,5.000000,292500,False
860956,PERSISTENT26SEP6000CE,PERSISTENT,24SEP2026,600000.000000,125,OPTSTK,BFO,5.000000,5250,False
860970,IDFCFIRSTB26SEP90CE,IDFCFIRSTB,24SEP2026,9000.000000,9275,OPTSTK,BFO,5.000000,450000,False
860993,IDFCFIRSTB26SEP90PE,IDFCFIRSTB,24SEP2026,9000.000000,9275,OPTSTK,BFO,5.000000,450000,False
861002,HCLTECH26SEP1360CE,HCLTECH,24SEP2026,136000.000000,400,OPTSTK,BFO,5.000000,21000,False
876499,SENSEX26OCT81600CE,SENSEX,29OCT2026,8160000.000000,20,OPTIDX,BFO,5.000000,1000,False
876500,SENSEX26OCT83900CE,SENSEX,29OCT2026,8390000.000000,20,OPTIDX,BFO,5.000000,1000,False
876504,VMM26OCT90CE,VMM,29OCT2026,9000.000000,4850,OPTSTK,BFO,5.000000,100000000,False
876511,INDUSINDBK26OCT1050CE,INDUSINDBK,29OCT2026,105000.000000,700,OPTSTK,BFO,5.000000,20000,False
857554,PNB26SEP95CE,PNB,24SEP2026,9500.000000,8000,OPTSTK,BFO,5.000000,480000,False
857581,JIOFIN26SEP217.5CE,JIOFIN,24SEP2026,21750.000000,2350,OPTSTK,BFO,5.000000,100000000,False
857595,NAUKRI26SEP1320PE,NAUKRI,24SEP2026,132000.000000,550,OPTSTK,BFO,5.000000,6000,False
857609,GAIL26SEP152.5PE,GAIL,24SEP2026,15250.000000,3550,OPTSTK,BFO,5.000000,274500,False
876513,BANKEX26OCT60900CE,BANKEX,29OCT2026,6090000.000000,30,OPTIDX,BFO,5.000000,900,False
876516,HDFCLIFE26OCT530PE,HDFCLIFE,29OCT2026,53000.000000,1100,OPTSTK,BFO,5.000000,44000,False
876536,SBILIFE26OCT1940CE,SBILIFE,29OCT2026,194000.000000,375,OPTSTK,BFO,5.000000,22500,False
876546,BANKBARODA26OCT230PE,BANKBARODA,29OCT2026,23000.000000,2925,OPTSTK,BFO,5.000000,175500,False
857629,BIOCON26SEP360PE,BIOCON,24SEP2026,36000.000000,2500,OPTSTK,BFO,5.000000,100000,False
857657,POLYCAB26SEP8500PE,POLYCAB,24SEP2026,850000.000000,125,OPTSTK,BFO,5.000000,9000,False
857665,IREDA26SEP105PE,IREDA,24SEP2026,10500.000000,4525,OPTSTK,BFO,5.000000,100000000,False
857720,UNIONBANK26SEP137.5PE,UNIONBANK,24SEP2026,13750.000000,4425,OPTSTK,BFO,5.000000,100000000,False
842840,HAVELLS26SEP1240PE,HAVELLS,24SEP2026,124000.000000,500,OPTSTK,BFO,5.000000,20000,False
842869,SENSEX28DEC82000PE,SENSEX,28DEC2028,8200000.000000,20,OPTIDX,BFO,5.000000,1000,False
842875,PIDILITIND26SEP1640CE,PIDILITIND,24SEP2026,164000.000000,500,OPTSTK,BFO,5.000000,10000,False
842890,RADICO26SEP4200PE,RADICO,24SEP2026,420000.000000,150,OPTSTK,BFO,5.000000,100000000,False
861012,CONCOR26SEP540CE,CONCOR,24SEP2026,54000.000000,1250,OPTSTK,BFO,5.000000,40000,False
861017,IDFCFIRSTB26SEP92CE,IDFCFIRSTB,24SEP2026,9200.000000,9275,OPTSTK,BFO,5.000000,450000,False
861045,HCLTECH26SEP1350CE,HCLTECH,24SEP2026,135000.000000,400,OPTSTK,BFO,5.000000,21000,False
861067,SBILIFE26SEP2020PE,SBILIFE,24SEP2026,202000.000000,375,OPTSTK,BFO,5.000000,22500,False
876559,HDFCBANK26OCT740CE,HDFCBANK,29OCT2026,74000.000000,650,OPTSTK,BFO,5.000000,16500,False
876574,SBICARD26OCT670CE,SBICARD,29OCT2026,67000.000000,800,OPTSTK,BFO,5.000000,32000,False
876575,TATAPOWER26OCT375CE,TATAPOWER,29OCT2026,37500.000000,1450,OPTSTK,BFO,5.000000,101250,False
876581,MFSL26OCT1420CE,MFSL,29OCT2026,142000.000000,400,OPTSTK,BFO,5.000000,32000,False
857735,UNIONBANK26SEP140PE,UNIONBANK,24SEP2026,14000.000000,4425,OPTSTK,BFO,5.000000,100000000,False
857738,KFINTECH26SEP700PE,KFINTECH,24SEP2026,70000.000000,575,OPTSTK,BFO,5.000000,100000000,False
857748,AXISBANK26SEP1180CE,AXISBANK,24SEP2026,118000.000000,625,OPTSTK,BFO,5.000000,25000,False
857800,PREMIERENE26SEP1220PE,PREMIERENE,24SEP2026,122000.000000,650,OPTSTK,BFO,5.000000,100000000,False
842895,TITAN26SEP3950PE,TITAN,24SEP2026,395000.000000,175,OPTSTK,BFO,5.000000,11250,False
842904,PAYTM26SEP1160PE,PAYTM,24SEP2026,116000.000000,725,OPTSTK,BFO,5.000000,100000000,False
842919,MOTILALOFS26SEP890CE,MOTILALOFS,24SEP2026,89000.000000,775,OPTSTK,BFO,5.000000,100000000,False
842926,IDEA26SEP19CE,IDEA,24SEP2026,1900.000000,71475,OPTSTK,BFO,5.000000,2400000,False
861071,CGPOWER26SEP700PE,CGPOWER,24SEP2026,70000.000000,850,OPTSTK,BFO,5.000000,100000000,False
861112,DRREDDY26SEP1070CE,DRREDDY,24SEP2026,107000.000000,625,OPTSTK,BFO,5.000000,5000,False
861126,INDUSTOWER26SEP331CE,INDUSTOWER,24SEP2026,33100.000000,1700,OPTSTK,BFO,5.000000,170000,False
861134,CROMPTON26SEP210PE,CROMPTON,24SEP2026,21000.000000,2150,OPTSTK,BFO,5.000000,90000,False
876586,KFINTECH26OCT960CE,KFINTECH,29OCT2026,96000.000000,575,OPTSTK,BFO,5.000000,100000000,False
876591,TATASTEEL26OCT195CE,TATASTEEL,29OCT2026,19500.000000,2750,OPTSTK,BFO,5.000000,220000,False
876592,JSWENERGY26OCT490CE,JSWENERGY,29OCT2026,49000.000000,1075,OPTSTK,BFO,5.000000,100000000,False
876595,PRESTIGE26OCT1460CE,PRESTIGE,29OCT2026,146000.000000,450,OPTSTK,BFO,5.000000,100000000,False
857831,MAZDOCK26SEP2000PE,MAZDOCK,24SEP2026,200000.000000,225,OPTSTK,BFO,5.000000,100000000,False
857846,KALYANKJIL26SEP440PE,KALYANKJIL,24SEP2026,44000.000000,1350,OPTSTK,BFO,5.000000,100000000,False
857853,KALYANKJIL26SEP445PE,KALYANKJIL,24SEP2026,44500.000000,1350,OPTSTK,BFO,5.000000,100000000,False
857864,PAGEIND26SEP37000CE,PAGEIND,24SEP2026,3700000.000000,20,OPTSTK,BFO,5.000000,600,False
876640,TORNTPHARM26OCTFUT,TORNTPHARM,29OCT2026,0.000000,125,FUTSTK,BFO,5.000000,15000,False
876641,SAIL26OCT160PE,SAIL,29OCT2026,16000.000000,4700,OPTSTK,BFO,5.000000,320000,False
876649,GODREJCP26OCT1070CE,GODREJCP,29OCT2026,107000.000000,500,OPTSTK,BFO,5.000000,30000,False
876654,MUTHOOTFIN26OCT3200PE,MUTHOOTFIN,29OCT2026,320000.000000,275,OPTSTK,BFO,5.000000,22000,False
842937,SBICARD26SEP620CE,SBICARD,24SEP2026,62000.000000,800,OPTSTK,BFO,5.000000,32000,False
842941,PFC26SEP420PE,PFC,24SEP2026,42000.000000,1300,OPTSTK,BFO,5.000000,124000,False
842955,SENSEX28JUN81000CE,SENSEX,29JUN2028,8100000.000000,20,OPTIDX,BFO,5.000000,1000,False
861156,TCS26SEP2480CE,TCS,24SEP2026,248000.000000,225,OPTSTK,BFO,5.000000,7000,False
842954,AXISBANK26SEP1340PE,AXISBANK,24SEP2026,134000.000000,625,OPTSTK,BFO,5.000000,25000,False
861137,LODHA26SEP1420CE,LODHA,24SEP2026,142000.000000,625,OPTSTK,BFO,5.000000,100000000,False
861138,COFORGE26SEP1760CE,COFORGE,24SEP2026,176000.000000,475,OPTSTK,BFO,5.000000,6000,False
861149,FOCIT26SEP44000PE,FOCIT,24SEP2026,4400000.000000,45,OPTIDX,BFO,5.000000,1350,False
857902,KALYANKJIL26SEP470CE,KALYANKJIL,24SEP2026,47000.000000,1350,OPTSTK,BFO,5.000000,100000000,False
857908,DRREDDY26SEP1230CE,DRREDDY,24SEP2026,123000.000000,625,OPTSTK,BFO,5.000000,5000,False
857910,KALYANKJIL26SEP475CE,KALYANKJIL,24SEP2026,47500.000000,1350,OPTSTK,BFO,5.000000,100000000,False
857928,BOSCHLTD26SEP46000CE,BOSCHLTD,24SEP2026,4600000.000000,25,OPTSTK,BFO,5.000000,1500,False
876657,EICHERMOT26OCT7600PE,EICHERMOT,29OCT2026,760000.000000,100,OPTSTK,BFO,5.000000,7000,False
876658,APOLLOHOSP26OCT9000CE,APOLLOHOSP,29OCT2026,900000.000000,125,OPTSTK,BFO,5.000000,5000,False
876681,SENSEX26OCT83300PE,SENSEX,29OCT2026,8330000.000000,20,OPTIDX,BFO,5.000000,1000,False
876693,HEROMOTOCO26SEP6000CE,HEROMOTOCO,24SEP2026,600000.000000,150,OPTSTK,BFO,5.000000,9000,False
842956,SENSEX5026SEP24850CE,SENSEX50,24SEP2026,2485000.000000,75,OPTIDX,BFO,5.000000,1800,False
842957,PFC26SEP425CE,PFC,24SEP2026,42500.000000,1300,OPTSTK,BFO,5.000000,124000,False
842959,SENSEX28DEC81000CE,SENSEX,28DEC2028,8100000.000000,20,OPTIDX,BFO,5.000000,1000,False
842962,CGPOWER26SEP980CE,CGPOWER,24SEP2026,98000.000000,850,OPTSTK,BFO,5.000000,100000000,False
861218,SUZLON26SEP44PE,SUZLON,24SEP2026,4400.000000,12700,OPTSTK,BFO,5.000000,100000000,False
861247,IEX26SEP150CE,IEX,24SEP2026,15000.000000,4350,OPTSTK,BFO,5.000000,150000,False
861288,HCLTECH26SEP1380PE,HCLTECH,24SEP2026,138000.000000,400,OPTSTK,BFO,5.000000,21000,False
861313,TECHM26SEP1740CE,TECHM,24SEP2026,174000.000000,600,OPTSTK,BFO,5.000000,24000,False
857963,KALYANKJIL26SEP465CE,KALYANKJIL,24SEP2026,46500.000000,1350,OPTSTK,BFO,5.000000,100000000,False
858027,GODREJPROP26SEP2280PE,GODREJPROP,24SEP2026,228000.000000,325,OPTSTK,BFO,5.000000,19000,False
858028,SENSEX29JUN76000PE,SENSEX,28JUN2029,7600000.000000,20,OPTIDX,BFO,5.000000,1000,False
858030,KALYANKJIL26SEP490CE,KALYANKJIL,24SEP2026,49000.000000,1350,OPTSTK,BFO,5.000000,100000000,False
876700,ADANIENT26OCT3300PE,ADANIENT,29OCT2026,330000.000000,309,OPTSTK,BFO,5.000000,9000,False
876703,IEX26OCT137.5CE,IEX,29OCT2026,13750.000000,4350,OPTSTK,BFO,5.000000,150000,False
876711,SENSEX26OCT74900CE,SENSEX,29OCT2026,7490000.000000,20,OPTIDX,BFO,5.000000,1000,False
876738,ADANIGREEN26OCT1280PE,ADANIGREEN,29OCT2026,128000.000000,600,OPTSTK,BFO,5.000000,100000000,False
842980,SHRIRAMFIN26SEP1090PE,SHRIRAMFIN,24SEP2026,109000.000000,825,OPTSTK,BFO,5.000000,18000,False
843007,MFSL26SEP1500PE,MFSL,24SEP2026,150000.000000,400,OPTSTK,BFO,5.000000,32000,False
843012,DIVISLAB26SEP6600CE,DIVISLAB,24SEP2026,660000.000000,100,OPTSTK,BFO,5.000000,8000,False
843014,IDFCFIRSTB26SEP75PE,IDFCFIRSTB,24SEP2026,7500.000000,9275,OPTSTK,BFO,5.000000,450000,False
858067,LICI26SEP480CE,LICI,24SEP2026,48000.000000,1400,OPTSTK,BFO,5.000000,100000000,False
858084,LTM26SEP4350CE,LTM,24SEP2026,435000.000000,150,OPTSTK,BFO,5.000000,4500,False
858088,RBLBANK26SEP415PE,RBLBANK,24SEP2026,41500.000000,3175,OPTSTK,BFO,5.000000,150000,False
858107,PRESTIGE26SEP1860CE,PRESTIGE,24SEP2026,186000.000000,450,OPTSTK,BFO,5.000000,100000000,False
861324,SUZLON26SEP42CE,SUZLON,24SEP2026,4200.000000,12700,OPTSTK,BFO,5.000000,100000000,False
861382,COALINDIA26SEP380CE,COALINDIA,24SEP2026,38000.000000,1350,OPTSTK,BFO,5.000000,126000,False
861399,COFORGE26SEP1780CE,COFORGE,24SEP2026,178000.000000,475,OPTSTK,BFO,5.000000,6000,False
861404,ETERNAL26SEP340PE,ETERNAL,24SEP2026,34000.000000,2425,OPTSTK,BFO,5.000000,100000000,False
876746,MAZDOCK26OCT2000PE,MAZDOCK,29OCT2026,200000.000000,225,OPTSTK,BFO,5.000000,100000000,False
876747,KEI26OCT5500PE,KEI,29OCT2026,550000.000000,175,OPTSTK,BFO,5.000000,100000000,False
876750,RVNL26OCT220CE,RVNL,29OCT2026,22000.000000,1925,OPTSTK,BFO,5.000000,100000000,False
876859,WAAREEENER26SEP2250CE,WAAREEENER,24SEP2026,225000.000000,175,OPTSTK,BFO,5.000000,100000000,False
843016,LICI26SEP390CE,LICI,24SEP2026,39000.000000,1400,OPTSTK,BFO,5.000000,100000000,False
843019,ICICIPRULI26SEP500PE,ICICIPRULI,24SEP2026,50000.000000,925,OPTSTK,BFO,5.000000,60000,False
843023,MANAPPURAM26SEP285CE,MANAPPURAM,24SEP2026,28500.000000,3000,OPTSTK,BFO,5.000000,180000,False
843057,DELHIVERY26SEP445PE,DELHIVERY,24SEP2026,44500.000000,2075,OPTSTK,BFO,5.000000,100000000,False
858132,DRREDDY26SEP1190CE,DRREDDY,24SEP2026,119000.000000,625,OPTSTK,BFO,5.000000,5000,False
858149,PAYTM26SEP1440PE,PAYTM,24SEP2026,144000.000000,725,OPTSTK,BFO,5.000000,100000000,False
858195,NYKAA26SEP365PE,NYKAA,24SEP2026,36500.000000,3125,OPTSTK,BFO,5.000000,100000000,False
858233,INDIANB26SEP940PE,INDIANB,24SEP2026,94000.000000,1000,OPTSTK,BFO,5.000000,100000000,False
877002,POWERINDIA26OCT31000CE,POWERINDIA,29OCT2026,3100000.000000,25,OPTSTK,BFO,5.000000,100000000,False
877036,ASIANPAINT26OCT2820CE,ASIANPAINT,29OCT2026,282000.000000,250,OPTSTK,BFO,5.000000,8000,False
877083,ASIANPAINT26OCT2660CE,ASIANPAINT,29OCT2026,266000.000000,250,OPTSTK,BFO,5.000000,8000,False
877380,HAL26OCT4850PE,HAL,29OCT2026,485000.000000,150,OPTSTK,BFO,5.000000,9000,False
861415,PERSISTENT26SEP6100CE,PERSISTENT,24SEP2026,610000.000000,125,OPTSTK,BFO,5.000000,5250,False
861452,HINDUNILVR26SEP1920CE,HINDUNILVR,24SEP2026,192000.000000,300,OPTSTK,BFO,5.000000,9000,False
861419,FORCEMOT26SEP13500CE,FORCEMOT,24SEP2026,1350000.000000,25,OPTSTK,BFO,5.000000,100000000,False
861442,COFORGE26SEP1700PE,COFORGE,24SEP2026,170000.000000,475,OPTSTK,BFO,5.000000,6000,False
858344,DRREDDY26SEP1170PE,DRREDDY,24SEP2026,117000.000000,625,OPTSTK,BFO,5.000000,5000,False
858358,HCLTECH26SEP1280PE,HCLTECH,24SEP2026,128000.000000,400,OPTSTK,BFO,5.000000,21000,False
858364,NATIONALUM26SEP430PE,NATIONALUM,24SEP2026,43000.000000,1875,OPTSTK,BFO,5.000000,300000,False
858373,GODREJPROP26SEP2300PE,GODREJPROP,24SEP2026,230000.000000,325,OPTSTK,BFO,5.000000,19000,False
877396,SENSEX26OCT75500CE,SENSEX,29OCT2026,7550000.000000,20,OPTIDX,BFO,5.000000,1000,False
877485,FOCIT26SEP40400PE,FOCIT,24SEP2026,4040000.000000,45,OPTIDX,BFO,5.000000,1350,False
877503,TVSMOTOR26OCT4450CE,TVSMOTOR,29OCT2026,445000.000000,175,OPTSTK,BFO,5.000000,21000,False
877572,FORCEMOT26OCT18500CE,FORCEMOT,29OCT2026,1850000.000000,25,OPTSTK,BFO,5.000000,100000000,False
843061,KFINTECH26SEP820CE,KFINTECH,24SEP2026,82000.000000,575,OPTSTK,BFO,5.000000,100000000,False
843063,NATIONALUM26SEP340PE,NATIONALUM,24SEP2026,34000.000000,1875,OPTSTK,BFO,5.000000,300000,False
843075,MARICO26SEP825PE,MARICO,24SEP2026,82500.000000,1200,OPTSTK,BFO,5.000000,48000,False
843078,FOCIT26SEP37000CE,FOCIT,24SEP2026,3700000.000000,45,OPTIDX,BFO,5.000000,1350,False
861489,WIPRO26SEP197.5CE,WIPRO,24SEP2026,19750.000000,3000,OPTSTK,BFO,5.000000,60000,False
861491,LODHA26SEP1440PE,LODHA,24SEP2026,144000.000000,625,OPTSTK,BFO,5.000000,100000000,False
861497,MANKIND26SEP2760CE,MANKIND,24SEP2026,276000.000000,250,OPTSTK,BFO,5.000000,100000000,False
861511,CGPOWER26SEP700CE,CGPOWER,24SEP2026,70000.000000,850,OPTSTK,BFO,5.000000,100000000,False
843079,AUROPHARMA26SEP1660CE,AUROPHARMA,24SEP2026,166000.000000,550,OPTSTK,BFO,5.000000,44000,False
843088,SIEMENS26SEP3350CE,SIEMENS,24SEP2026,335000.000000,175,OPTSTK,BFO,5.000000,8250,False
843094,POWERGRID26SEP300PE,POWERGRID,24SEP2026,30000.000000,1900,OPTSTK,BFO,5.000000,108000,False
843103,PETRONET26SEP277.5PE,PETRONET,24SEP2026,27750.000000,1900,OPTSTK,BFO,5.000000,120000,False
858424,ICICIPRULI26SEP550CE,ICICIPRULI,24SEP2026,55000.000000,925,OPTSTK,BFO,5.000000,60000,False
858438,KALYANKJIL26SEP525CE,KALYANKJIL,24SEP2026,52500.000000,1350,OPTSTK,BFO,5.000000,100000000,False
858442,PGEL26SEP660PE,PGEL,24SEP2026,66000.000000,950,OPTSTK,BFO,5.000000,100000000,False
858449,KALYANKJIL26SEP540PE,KALYANKJIL,24SEP2026,54000.000000,1350,OPTSTK,BFO,5.000000,100000000,False
861517,BSE26OCTFUT,BSE,27OCT2026,0.000000,200,FUTSTK,BFO,5.000000,3751,False
861528,BSE26SEP4500CE,BSE,29SEP2026,450000.000000,200,OPTSTK,BFO,5.000000,3751,False
861534,BSE26OCT1600CE,BSE,27OCT2026,160000.000000,200,OPTSTK,BFO,5.000000,3751,False
861569,BSE26OCT5000PE,BSE,27OCT2026,500000.000000,200,OPTSTK,BFO,5.000000,3751,False
877651,FOCIT26OCT38300CE,FOCIT,29OCT2026,3830000.000000,45,OPTIDX,BFO,5.000000,1350,False
877676,BANKEX26OCT68500CE,BANKEX,29OCT2026,6850000.000000,30,OPTIDX,BFO,5.000000,900,False
877684,CGPOWER26OCT920PE,CGPOWER,29OCT2026,92000.000000,850,OPTSTK,BFO,5.000000,100000000,False
877696,TECHM26OCT1560PE,TECHM,29OCT2026,156000.000000,600,OPTSTK,BFO,5.000000,24000,False
858466,OFSS26SEP12500PE,OFSS,24SEP2026,1250000.000000,100,OPTSTK,BFO,5.000000,8000,False
858468,MPHASIS26SEP2750PE,MPHASIS,24SEP2026,275000.000000,275,OPTSTK,BFO,5.000000,11000,False
858538,HCLTECH26SEP1280CE,HCLTECH,24SEP2026,128000.000000,400,OPTSTK,BFO,5.000000,21000,False
858540,PGEL26SEP660CE,PGEL,24SEP2026,66000.000000,950,OPTSTK,BFO,5.000000,100000000,False
877700,ONGC26OCT235PE,ONGC,29OCT2026,23500.000000,2250,OPTSTK,BFO,5.000000,154000,False
877711,SRF26OCT2350CE,SRF,29OCT2026,235000.000000,200,OPTSTK,BFO,5.000000,11250,False
877726,SBILIFE26OCT2020CE,SBILIFE,29OCT2026,202000.000000,375,OPTSTK,BFO,5.000000,22500,False
877731,ICICIBANK26OCT1480PE,ICICIBANK,29OCT2026,148000.000000,700,OPTSTK,BFO,5.000000,28000,False
843106,KEI26SEP5500PE,KEI,24SEP2026,550000.000000,175,OPTSTK,BFO,5.000000,100000000,False
843112,NBCC26SEP108PE,NBCC,24SEP2026,10800.000000,6500,OPTSTK,BFO,5.000000,100000000,False
843120,AUROPHARMA26SEP1580PE,AUROPHARMA,24SEP2026,158000.000000,550,OPTSTK,BFO,5.000000,44000,False
843124,DIVISLAB26SEP7050PE,DIVISLAB,24SEP2026,705000.000000,100,OPTSTK,BFO,5.000000,8000,False
861579,CDSL26SEP840CE,CDSL,29SEP2026,84000.000000,475,OPTSTK,BFO,5.000000,14001,False
861594,CDSL26SEP1220PE,CDSL,29SEP2026,122000.000000,475,OPTSTK,BFO,5.000000,14001,False
861597,CDSL26SEP1340CE,CDSL,29SEP2026,134000.000000,475,OPTSTK,BFO,5.000000,14001,False
861607,CDSL26SEP1580CE,CDSL,29SEP2026,158000.000000,475,OPTSTK,BFO,5.000000,14001,False
877759,MOTILALOFS26OCT900PE,MOTILALOFS,29OCT2026,90000.000000,775,OPTSTK,BFO,5.000000,100000000,False
877843,PNB26OCT113PE,PNB,29OCT2026,11300.000000,8000,OPTSTK,BFO,5.000000,480000,False
843131,BHEL26SEP397.5PE,BHEL,24SEP2026,39750.000000,2625,OPTSTK,BFO,5.000000,315000,False
843136,MUTHOOTFIN26SEP3100CE,MUTHOOTFIN,24SEP2026,310000.000000,275,OPTSTK,BFO,5.000000,22000,False
843141,360ONE26SEP1020PE,,24SEP2026,102000.000000,500,OPTSTK,BFO,5.000000,100000000,False
843144,SENSEX27DEC82000CE,SENSEX,30DEC2027,8200000.000000,20,OPTIDX,BFO,5.000000,1000,False
858550,TCS26SEP2300PE,TCS,24SEP2026,230000.000000,225,OPTSTK,BFO,5.000000,7000,False
858564,TRENT26SEP2500CE,TRENT,24SEP2026,250000.000000,225,OPTSTK,BFO,5.000000,16000,False
858567,SBIN26SEP940PE,SBIN,24SEP2026,94000.000000,750,OPTSTK,BFO,5.000000,45000,False
858569,TCS26SEP2340PE,TCS,24SEP2026,234000.000000,225,OPTSTK,BFO,5.000000,7000,False
861614,CDSL26SEP1880PE,CDSL,29SEP2026,188000.000000,475,OPTSTK,BFO,5.000000,14001,False
861616,CDSL26SEP1960PE,CDSL,29SEP2026,196000.000000,475,OPTSTK,BFO,5.000000,14001,False
861633,CDSL26OCT1240CE,CDSL,27OCT2026,124000.000000,475,OPTSTK,BFO,5.000000,14001,False
861638,CDSL26OCT1320PE,CDSL,27OCT2026,132000.000000,475,OPTSTK,BFO,5.000000,14001,False
877772,BANKEX26OCT64800CE,BANKEX,29OCT2026,6480000.000000,30,OPTIDX,BFO,5.000000,900,False
877832,VMM26OCT105CE,VMM,29OCT2026,10500.000000,4850,OPTSTK,BFO,5.000000,100000000,False
877857,SENSEX2691776400PE,SENSEX,17SEP2026,7640000.000000,20,OPTIDX,BFO,5.000000,1000,False
877905,ASTRAL26OCT1340CE,ASTRAL,29OCT2026,134000.000000,425,OPTSTK,BFO,5.000000,14680,False
877929,SENSEX5026OCT26250CE,SENSEX50,29OCT2026,2625000.000000,75,OPTIDX,BFO,5.000000,1800,False
877961,NATIONALUM26OCT410CE,NATIONALUM,29OCT2026,41000.000000,1875,OPTSTK,BFO,5.000000,300000,False
843148,BOSCHLTD26SEP41750PE,BOSCHLTD,24SEP2026,4175000.000000,25,OPTSTK,BFO,5.000000,1500,False
843155,SENSEX5026SEP25100PE,SENSEX50,24SEP2026,2510000.000000,75,OPTIDX,BFO,5.000000,1800,False
843168,LTF26SEP295CE,LTF,24SEP2026,29500.000000,2250,OPTSTK,BFO,5.000000,267720,False
843179,RELIANCE26SEP1380PE,RELIANCE,24SEP2026,138000.000000,500,OPTSTK,BFO,5.000000,10000,False
858609,BLUESTARCO26SEP1880CE,BLUESTARCO,24SEP2026,188000.000000,325,OPTSTK,BFO,5.000000,100000000,False
858679,ADANIGREEN26SEP1720CE,ADANIGREEN,24SEP2026,172000.000000,600,OPTSTK,BFO,5.000000,100000000,False
858693,FORCEMOT26SEP14000CE,FORCEMOT,24SEP2026,1400000.000000,25,OPTSTK,BFO,5.000000,100000000,False
858696,SUZLON26SEP45PE,SUZLON,24SEP2026,4500.000000,12700,OPTSTK,BFO,5.000000,100000000,False
861640,CDSL26OCT1360PE,CDSL,27OCT2026,136000.000000,475,OPTSTK,BFO,5.000000,14001,False
861647,CDSL26OCT1520CE,CDSL,27OCT2026,152000.000000,475,OPTSTK,BFO,5.000000,14001,False
861655,CDSL26OCT1680CE,CDSL,27OCT2026,168000.000000,475,OPTSTK,BFO,5.000000,14001,False
861659,CDSL26OCT1760CE,CDSL,27OCT2026,176000.000000,475,OPTSTK,BFO,5.000000,14001,False
877972,FOCIT26SEP36300CE,FOCIT,24SEP2026,3630000.000000,45,OPTIDX,BFO,5.000000,1350,False
877975,COCHINSHIP26OCT1360PE,COCHINSHIP,29OCT2026,136000.000000,400,OPTSTK,BFO,5.000000,100000000,False
877982,FOCIT26SEP38600CE,FOCIT,24SEP2026,3860000.000000,45,OPTIDX,BFO,5.000000,1350,False
878043,SENSEX26OCT79500PE,SENSEX,29OCT2026,7950000.000000,20,OPTIDX,BFO,5.000000,1000,False
858706,SHREECEM26SEP28750CE,SHREECEM,24SEP2026,2875000.000000,25,OPTSTK,BFO,5.000000,1000,False
858712,TATAELXSI26SEP3150PE,TATAELXSI,24SEP2026,315000.000000,125,OPTSTK,BFO,5.000000,100000000,False
858773,ABB26SEP7900CE,ABB,24SEP2026,790000.000000,125,OPTSTK,BFO,5.000000,7500,False
858805,SENSEX26SEP76000PE,SENSEX,24SEP2026,7600000.000000,20,OPTIDX,BFO,5.000000,1000,False
843184,SUNPHARMA26SEP1720CE,SUNPHARMA,24SEP2026,172000.000000,350,OPTSTK,BFO,5.000000,28000,False
843210,IOC26SEP139CE,IOC,24SEP2026,13900.000000,4875,OPTSTK,BFO,5.000000,292500,False
843240,AXISBANK26SEPFUT,AXISBANK,24SEP2026,0.000000,625,FUTSTK,BFO,5.000000,25000,False
843245,ABCAPITAL26SEP355CE,ABCAPITAL,24SEP2026,35500.000000,3100,OPTSTK,BFO,5.000000,162000,False
861699,KALYANKJIL26SEP650PE,KALYANKJIL,24SEP2026,65000.000000,1350,OPTSTK,BFO,5.000000,100000000,False
861701,KALYANKJIL26SEP655CE,KALYANKJIL,24SEP2026,65500.000000,1350,OPTSTK,BFO,5.000000,100000000,False
861719,MANAPPURAM26SEP405CE,MANAPPURAM,24SEP2026,40500.000000,3000,OPTSTK,BFO,5.000000,180000,False
861762,APLAPOLLO26SEP2000PE,APLAPOLLO,24SEP2026,200000.000000,350,OPTSTK,BFO,5.000000,100000000,False
878046,PREMIERENE26OCT1000CE,PREMIERENE,29OCT2026,100000.000000,650,OPTSTK,BFO,5.000000,100000000,False
878055,NMDC26OCT82CE,NMDC,29OCT2026,8200.000000,6750,OPTSTK,BFO,5.000000,225000,False
878066,POLYCAB26OCT8400CE,POLYCAB,29OCT2026,840000.000000,125,OPTSTK,BFO,5.000000,9000,False
878094,HDFCBANK26OCT780CE,HDFCBANK,29OCT2026,78000.000000,650,OPTSTK,BFO,5.000000,16500,False
858819,PATANJALI26SEP355PE,PATANJALI,24SEP2026,35500.000000,1075,OPTSTK,BFO,5.000000,100000000,False
858820,KALYANKJIL26SEP580PE,KALYANKJIL,24SEP2026,58000.000000,1350,OPTSTK,BFO,5.000000,100000000,False
858840,BLUESTARCO26SEP1900PE,BLUESTARCO,24SEP2026,190000.000000,325,OPTSTK,BFO,5.000000,100000000,False
858848,PATANJALI26SEP325CE,PATANJALI,24SEP2026,32500.000000,1075,OPTSTK,BFO,5.000000,100000000,False
878108,UNITDSPR26OCT1540CE,UNITDSPR,29OCT2026,154000.000000,400,OPTSTK,BFO,5.000000,28000,False
878114,NAM-INDIA26OCT1040PE,NAM-INDIA,29OCT2026,104000.000000,625,OPTSTK,BFO,5.000000,100000000,False
878131,SENSEX2691775700CE,SENSEX,17SEP2026,7570000.000000,20,OPTIDX,BFO,5.000000,1000,False
878199,FEDERALBNK26OCT360PE,FEDERALBNK,29OCT2026,36000.000000,2500,OPTSTK,BFO,5.000000,200000,False
843247,KALYANKJIL26SEP370CE,KALYANKJIL,24SEP2026,37000.000000,1350,OPTSTK,BFO,5.000000,100000000,False
843285,TRENT26SEP2950PE,TRENT,24SEP2026,295000.000000,225,OPTSTK,BFO,5.000000,16000,False
843297,TECHM26SEP1524PE,TECHM,24SEP2026,152400.000000,600,OPTSTK,BFO,5.000000,24000,False
843340,PAGEIND26SEP41500CE,PAGEIND,24SEP2026,4150000.000000,20,OPTSTK,BFO,5.000000,600,False
858863,PATANJALI26SEP345PE,PATANJALI,24SEP2026,34500.000000,1075,OPTSTK,BFO,5.000000,100000000,False
859036,TITAN26SEP5000CE,TITAN,24SEP2026,500000.000000,175,OPTSTK,BFO,5.000000,11250,False
859058,SONACOMS26SEP750PE,SONACOMS,24SEP2026,75000.000000,1225,OPTSTK,BFO,5.000000,100000000,False
859138,SRF26SEP3250CE,SRF,24SEP2026,325000.000000,200,OPTSTK,BFO,5.000000,11250,False
861774,LODHA26SEP1460CE,LODHA,24SEP2026,146000.000000,625,OPTSTK,BFO,5.000000,100000000,False
861873,ULTRACEMCO26SEP11800CE,ULTRACEMCO,24SEP2026,1180000.000000,50,OPTSTK,BFO,5.000000,3000,False
861898,ULTRACEMCO26SEP11400PE,ULTRACEMCO,24SEP2026,1140000.000000,50,OPTSTK,BFO,5.000000,3000,False
861902,TVSMOTOR26SEP4400PE,TVSMOTOR,24SEP2026,440000.000000,175,OPTSTK,BFO,5.000000,21000,False
878201,MARICO26SEP960PE,MARICO,24SEP2026,96000.000000,1200,OPTSTK,BFO,5.000000,48000,False
878234,RADICO26OCT4150PE,RADICO,29OCT2026,415000.000000,150,OPTSTK,BFO,5.000000,100000000,False
878249,HDFCAMC26OCT2850CE,HDFCAMC,29OCT2026,285000.000000,300,OPTSTK,BFO,5.000000,12000,False
878272,UNITDSPR26OCT1460PE,UNITDSPR,29OCT2026,146000.000000,400,OPTSTK,BFO,5.000000,28000,False
859142,TITAN26SEP5000PE,TITAN,24SEP2026,500000.000000,175,OPTSTK,BFO,5.000000,11250,False
859281,SENSEX29DEC76000CE,SENSEX,27DEC2029,7600000.000000,20,OPTIDX,BFO,5.000000,1000,False
859334,BHEL26SEP460CE,BHEL,24SEP2026,46000.000000,2625,OPTSTK,BFO,5.000000,315000,False
859359,ICICIGI26SEP1520CE,ICICIGI,24SEP2026,152000.000000,325,OPTSTK,BFO,5.000000,20000,False
878286,NHPC26OCT75PE,NHPC,29OCT2026,7500.000000,6950,OPTSTK,BFO,5.000000,100000000,False
878301,GVT&D26OCT4100PE,GVT&D,29OCT2026,410000.000000,125,OPTSTK,BFO,5.000000,100000000,False
878307,FOCIT26SEP42600CE,FOCIT,24SEP2026,4260000.000000,45,OPTIDX,BFO,5.000000,1350,False
878329,SENSEX26OCT78800CE,SENSEX,29OCT2026,7880000.000000,20,OPTIDX,BFO,5.000000,1000,False
843346,GODFRYPHLP26SEP2200CE,GODFRYPHLP,24SEP2026,220000.000000,275,OPTSTK,BFO,5.000000,100000000,False
843366,MPHASIS26SEP2078PE,MPHASIS,24SEP2026,207800.000000,275,OPTSTK,BFO,5.000000,11000,False
843382,TATASTEEL26SEP192.5CE,TATASTEEL,24SEP2026,19250.000000,2750,OPTSTK,BFO,5.000000,220000,False
843383,ONGC26SEP220CE,ONGC,24SEP2026,22000.000000,2250,OPTSTK,BFO,5.000000,154000,False
861924,ULTRACEMCO26SEP11600PE,ULTRACEMCO,24SEP2026,1160000.000000,50,OPTSTK,BFO,5.000000,3000,False
861981,ULTRACEMCO26SEP11300PE,ULTRACEMCO,24SEP2026,1130000.000000,50,OPTSTK,BFO,5.000000,3000,False
861989,HCLTECH26SEP1400CE,HCLTECH,24SEP2026,140000.000000,400,OPTSTK,BFO,5.000000,21000,False
862031,LTM26SEP4700CE,LTM,24SEP2026,470000.000000,150,OPTSTK,BFO,5.000000,4500,False
859437,TECHM26SEP1680PE,TECHM,24SEP2026,168000.000000,600,OPTSTK,BFO,5.000000,24000,False
859445,BANKEX26SEP73000PE,BANKEX,24SEP2026,7300000.000000,30,OPTIDX,BFO,5.000000,900,False
859482,KALYANKJIL26SEP605CE,KALYANKJIL,24SEP2026,60500.000000,1350,OPTSTK,BFO,5.000000,100000000,False
859489,SBICARD26SEP730PE,SBICARD,24SEP2026,73000.000000,800,OPTSTK,BFO,5.000000,32000,False
878344,TMPV26OCT325CE,TMPV,29OCT2026,32500.000000,1600,OPTSTK,BFO,5.000000,42750,False
878345,POLICYBZR26OCT1680PE,POLICYBZR,29OCT2026,168000.000000,350,OPTSTK,BFO,5.000000,100000000,False
878357,CAMS26OCT810CE,CAMS,29OCT2026,81000.000000,825,OPTSTK,BFO,5.000000,100000000,False
878359,COFORGE26OCT1700PE,COFORGE,29OCT2026,170000.000000,475,OPTSTK,BFO,5.000000,6000,False
843386,NAM-INDIA26SEP1120CE,NAM-INDIA,24SEP2026,112000.000000,625,OPTSTK,BFO,5.000000,100000000,False
843388,YESBANK26SEP30PE,YESBANK,24SEP2026,3000.000000,31100,OPTSTK,BFO,5.000000,100000000,False
843393,UPL26SEP580CE,UPL,24SEP2026,58000.000000,1355,OPTSTK,BFO,5.000000,39000,False
843396,TMPV26SEP385CE,TMPV,24SEP2026,38500.000000,1600,OPTSTK,BFO,5.000000,42750,False
859519,TCS26SEP2360CE,TCS,24SEP2026,236000.000000,225,OPTSTK,BFO,5.000000,7000,False
859522,AUBANK26SEP880CE,AUBANK,24SEP2026,88000.000000,1000,OPTSTK,BFO,5.000000,30000,False
859529,FEDERALBNK26SEP375CE,FEDERALBNK,24SEP2026,37500.000000,2500,OPTSTK,BFO,5.000000,200000,False
859549,TECHM26SEP1700CE,TECHM,24SEP2026,170000.000000,600,OPTSTK,BFO,5.000000,24000,False
862039,GODFRYPHLP26OCT1800CE,GODFRYPHLP,29OCT2026,180000.000000,275,OPTSTK,BFO,5.000000,100000000,False
862042,BANKEX26OCT67100PE,BANKEX,29OCT2026,6710000.000000,30,OPTIDX,BFO,5.000000,900,False
862043,LAURUSLABS26OCT1880CE,LAURUSLABS,29OCT2026,188000.000000,850,OPTSTK,BFO,5.000000,68000,False
862047,BANKEX26OCT69400PE,BANKEX,29OCT2026,6940000.000000,30,OPTIDX,BFO,5.000000,900,False
878368,POWERINDIA26OCT29500CE,POWERINDIA,29OCT2026,2950000.000000,25,OPTSTK,BFO,5.000000,100000000,False
878404,IRFC26OCT95CE,IRFC,29OCT2026,9500.000000,5425,OPTSTK,BFO,5.000000,100000000,False
878455,BANKEX26OCT62800PE,BANKEX,29OCT2026,6280000.000000,30,OPTIDX,BFO,5.000000,900,False
878524,TVSMOTOR26OCT4000CE,TVSMOTOR,29OCT2026,400000.000000,175,OPTSTK,BFO,5.000000,21000,False
843405,RBLBANK26SEP345PE,RBLBANK,24SEP2026,34500.000000,3175,OPTSTK,BFO,5.000000,150000,False
843415,BIOCON26SEP380CE,BIOCON,24SEP2026,38000.000000,2500,OPTSTK,BFO,5.000000,100000,False
843435,PAYTM26SEP1190CE,PAYTM,24SEP2026,119000.000000,725,OPTSTK,BFO,5.000000,100000000,False
843444,SBICARD26SEP660CE,SBICARD,24SEP2026,66000.000000,800,OPTSTK,BFO,5.000000,32000,False
859583,KEI26SEP4200CE,KEI,24SEP2026,420000.000000,175,OPTSTK,BFO,5.000000,100000000,False
859624,BAJFINANCE26SEP1120CE,BAJFINANCE,24SEP2026,112000.000000,750,OPTSTK,BFO,5.000000,3750,False
859681,KALYANKJIL26SEP610CE,KALYANKJIL,24SEP2026,61000.000000,1350,OPTSTK,BFO,5.000000,100000000,False
859703,HDFCBANK26SEP720PE,HDFCBANK,24SEP2026,72000.000000,650,OPTSTK,BFO,5.000000,16500,False
862050,BANKINDIA26OCT152.5CE,BANKINDIA,29OCT2026,15250.000000,5200,OPTSTK,BFO,5.000000,100000000,False
862055,KFINTECH26OCT800CE,KFINTECH,29OCT2026,80000.000000,575,OPTSTK,BFO,5.000000,100000000,False
862074,BHARTIARTL26OCT1880CE,BHARTIARTL,29OCT2026,188000.000000,475,OPTSTK,BFO,5.000000,28500,False
862081,BAJAJ-AUTO26OCT11400PE,BAJAJ-AUTO,29OCT2026,1140000.000000,75,OPTSTK,BFO,5.000000,5000,False
878551,CGPOWER26OCT960CE,CGPOWER,29OCT2026,96000.000000,850,OPTSTK,BFO,5.000000,100000000,False
878559,MPHASIS26OCT2600CE,MPHASIS,29OCT2026,260000.000000,275,OPTSTK,BFO,5.000000,11000,False
878567,FOCIT26OCT33300CE,FOCIT,29OCT2026,3330000.000000,45,OPTIDX,BFO,5.000000,1350,False
878571,AMBER26OCT7500CE,AMBER,29OCT2026,750000.000000,100,OPTSTK,BFO,5.000000,100000000,False
878579,HDFCLIFE26OCT575PE,HDFCLIFE,29OCT2026,57500.000000,1100,OPTSTK,BFO,5.000000,44000,False
878678,NMDC26OCT87CE,NMDC,29OCT2026,8700.000000,6750,OPTSTK,BFO,5.000000,225000,False
878685,INDUSTOWER26OCT416CE,INDUSTOWER,29OCT2026,41600.000000,1700,OPTSTK,BFO,5.000000,170000,False
878739,COFORGE26OCT1600CE,COFORGE,29OCT2026,160000.000000,475,OPTSTK,BFO,5.000000,6000,False
843456,INOXWIND26SEP84PE,INOXWIND,24SEP2026,8400.000000,6400,OPTSTK,BFO,5.000000,100000000,False
843460,ICICIBANK26SEP1380CE,ICICIBANK,24SEP2026,138000.000000,700,OPTSTK,BFO,5.000000,28000,False
843471,ICICIGI26SEP1720PE,ICICIGI,24SEP2026,172000.000000,325,OPTSTK,BFO,5.000000,20000,False
843486,SIEMENS26SEP3800CE,SIEMENS,24SEP2026,380000.000000,175,OPTSTK,BFO,5.000000,8250,False
859726,ULTRACEMCO26SEP12360PE,ULTRACEMCO,24SEP2026,1236000.000000,50,OPTSTK,BFO,5.000000,3000,False
859741,MANKIND26SEP2700CE,MANKIND,24SEP2026,270000.000000,250,OPTSTK,BFO,5.000000,100000000,False
859750,SIEMENS26SEP4050CE,SIEMENS,24SEP2026,405000.000000,175,OPTSTK,BFO,5.000000,8250,False
859754,SBIN26SEP1130PE,SBIN,24SEP2026,113000.000000,750,OPTSTK,BFO,5.000000,45000,False
862083,BANKEX26OCT58700CE,BANKEX,29OCT2026,5870000.000000,30,OPTIDX,BFO,5.000000,900,False
862103,IRFC26OCT83CE,IRFC,29OCT2026,8300.000000,5425,OPTSTK,BFO,5.000000,100000000,False
862129,SBIN26OCT1090PE,SBIN,29OCT2026,109000.000000,750,OPTSTK,BFO,5.000000,45000,False
862142,NAM-INDIA26OCT1260PE,NAM-INDIA,29OCT2026,126000.000000,625,OPTSTK,BFO,5.000000,100000000,False
878787,SENSEX26DEC75000PE,SENSEX,31DEC2026,7500000.000000,20,OPTIDX,BFO,5.000000,1000,False
843487,AMBER26SEP7600PE,AMBER,24SEP2026,760000.000000,100,OPTSTK,BFO,5.000000,100000000,False
843506,BANKINDIA26SEP145PE,BANKINDIA,24SEP2026,14500.000000,5200,OPTSTK,BFO,5.000000,100000000,False
843528,PRESTIGE26SEP1580PE,PRESTIGE,24SEP2026,158000.000000,450,OPTSTK,BFO,5.000000,100000000,False
843529,MUTHOOTFIN26SEP3400PE,MUTHOOTFIN,24SEP2026,340000.000000,275,OPTSTK,BFO,5.000000,22000,False
859772,PNB26SEP118CE,PNB,24SEP2026,11800.000000,8000,OPTSTK,BFO,5.000000,480000,False
859792,JSWSTEEL26SEP1400PE,JSWSTEEL,24SEP2026,140000.000000,675,OPTSTK,BFO,5.000000,40500,False
859803,POWERGRID26SEP307.5CE,POWERGRID,24SEP2026,30750.000000,1900,OPTSTK,BFO,5.000000,108000,False
859861,BRITANNIA26SEP5850PE,BRITANNIA,24SEP2026,585000.000000,125,OPTSTK,BFO,5.000000,6000,False
879586,SENSEX29JUN74000PE,SENSEX,28JUN2029,7400000.000000,20,OPTIDX,BFO,5.000000,1000,False
862149,FOCIT26OCT36200CE,FOCIT,29OCT2026,3620000.000000,45,OPTIDX,BFO,5.000000,1350,False
862164,SHRIRAMFIN26OCT1000PE,SHRIRAMFIN,29OCT2026,100000.000000,825,OPTSTK,BFO,5.000000,18000,False
862172,JSWSTEEL26OCT1220PE,JSWSTEEL,29OCT2026,122000.000000,675,OPTSTK,BFO,5.000000,40500,False
862176,ABCAPITAL26OCT425CE,ABCAPITAL,29OCT2026,42500.000000,3100,OPTSTK,BFO,5.000000,162000,False
859897,BPCL26SEP355PE,BPCL,24SEP2026,35500.000000,1975,OPTSTK,BFO,5.000000,72000,False
859933,TVSMOTOR26SEP4150PE,TVSMOTOR,24SEP2026,415000.000000,175,OPTSTK,BFO,5.000000,21000,False
859998,SRF26SEP3300CE,SRF,24SEP2026,330000.000000,200,OPTSTK,BFO,5.000000,11250,False
860035,BANDHANBNK26SEP150PE,BANDHANBNK,24SEP2026,15000.000000,3600,OPTSTK,BFO,5.000000,100000,False
880111,LICHSGFIN26OCT460PE,LICHSGFIN,29OCT2026,46000.000000,1000,OPTSTK,BFO,5.000000,60000,False
880116,BAJAJFINSV26SEP2160PE,BAJAJFINSV,24SEP2026,216000.000000,300,OPTSTK,BFO,5.000000,20000,False
880132,FOCIT26SEP29900PE,FOCIT,24SEP2026,2990000.000000,45,OPTIDX,BFO,5.000000,1350,False
880190,HYUNDAI26OCT2260CE,HYUNDAI,29OCT2026,226000.000000,275,OPTSTK,BFO,5.000000,100000000,False
843547,BAJAJHLDNG26SEPFUT,BAJAJHLDNG,24SEP2026,0.000000,75,FUTSTK,BFO,5.000000,100000000,False
843548,M&M26SEP3120PE,M&M,24SEP2026,312000.000000,200,OPTSTK,BFO,5.000000,21000,False
843558,ETERNAL26SEPFUT,ETERNAL,24SEP2026,0.000000,2425,FUTSTK,BFO,5.000000,100000000,False
843571,BANKEX26SEP60700PE,BANKEX,24SEP2026,6070000.000000,30,OPTIDX,BFO,5.000000,900,False
860087,NESTLEIND26SEP1550CE,NESTLEIND,24SEP2026,155000.000000,500,OPTSTK,BFO,5.000000,1200,False
860143,CHOLAFIN26SEP1580CE,CHOLAFIN,24SEP2026,158000.000000,625,OPTSTK,BFO,5.000000,25000,False
860174,BANDHANBNK26SEP145CE,BANDHANBNK,24SEP2026,14500.000000,3600,OPTSTK,BFO,5.000000,100000,False
860179,KALYANKJIL26SEP625CE,KALYANKJIL,24SEP2026,62500.000000,1350,OPTSTK,BFO,5.000000,100000000,False
862179,IEX26OCT120PE,IEX,29OCT2026,12000.000000,4350,OPTSTK,BFO,5.000000,150000,False
862180,CGPOWER26OCT960PE,CGPOWER,29OCT2026,96000.000000,850,OPTSTK,BFO,5.000000,100000000,False
862198,WIPRO26OCT170CE,WIPRO,29OCT2026,17000.000000,3000,OPTSTK,BFO,5.000000,60000,False
862199,INFY26OCT1300CE,INFY,29OCT2026,130000.000000,400,OPTSTK,BFO,5.000000,16000,False
843576,LTF26SEP275PE,LTF,24SEP2026,27500.000000,2250,OPTSTK,BFO,5.000000,267720,False
843580,POLYCAB26SEP10200PE,POLYCAB,24SEP2026,1020000.000000,125,OPTSTK,BFO,5.000000,9000,False
843594,ADANIENSOL26SEP1400CE,ADANIENSOL,24SEP2026,140000.000000,675,OPTSTK,BFO,5.000000,100000000,False
843606,DIVISLAB26SEP6550CE,DIVISLAB,24SEP2026,655000.000000,100,OPTSTK,BFO,5.000000,8000,False
880193,APLAPOLLO26OCT1720CE,APLAPOLLO,29OCT2026,172000.000000,350,OPTSTK,BFO,5.000000,100000000,False
880210,BAJFINANCE26SEP1160PE,BAJFINANCE,24SEP2026,116000.000000,750,OPTSTK,BFO,5.000000,3750,False
880262,JIOFIN26SEP270PE,JIOFIN,24SEP2026,27000.000000,2350,OPTSTK,BFO,5.000000,100000000,False
880278,INOXWIND26OCT95PE,INOXWIND,29OCT2026,9500.000000,6400,OPTSTK,BFO,5.000000,100000000,False
860287,TIINDIA26SEP2500CE,TIINDIA,24SEP2026,250000.000000,200,OPTSTK,BFO,5.000000,100000000,False
860317,ADANIGREEN26SEP1300CE,ADANIGREEN,24SEP2026,130000.000000,600,OPTSTK,BFO,5.000000,100000000,False
860484,CIPLA26SEP1320CE,CIPLA,24SEP2026,132000.000000,425,OPTSTK,BFO,5.000000,26000,False
860519,HDFCAMC26SEP2150PE,HDFCAMC,24SEP2026,215000.000000,300,OPTSTK,BFO,5.000000,12000,False
862205,BANKEX26OCT60400CE,BANKEX,29OCT2026,6040000.000000,30,OPTIDX,BFO,5.000000,900,False
862232,SENSEX2691772000PE,SENSEX,17SEP2026,7200000.000000,20,OPTIDX,BFO,5.000000,1000,False
862244,ITC26OCT285CE,ITC,29OCT2026,28500.000000,1725,OPTSTK,BFO,5.000000,64000,False
862252,ABB26OCT7700CE,ABB,29OCT2026,770000.000000,125,OPTSTK,BFO,5.000000,7500,False
880280,MANKIND26OCT2380CE,MANKIND,29OCT2026,238000.000000,250,OPTSTK,BFO,5.000000,100000000,False
880344,ASTRAL26OCT1300PE,ASTRAL,29OCT2026,130000.000000,425,OPTSTK,BFO,5.000000,14680,False
880347,JIOFIN26OCT272.5PE,JIOFIN,29OCT2026,27250.000000,2350,OPTSTK,BFO,5.000000,100000000,False
880352,KPITTECH26OCT670CE,KPITTECH,29OCT2026,67000.000000,775,OPTSTK,BFO,5.000000,100000000,False
843616,ASHOKLEY26SEP157.5PE,ASHOKLEY,24SEP2026,15750.000000,5000,OPTSTK,BFO,5.000000,150000,False
843622,HINDZINC26SEP510PE,HINDZINC,24SEP2026,51000.000000,1225,OPTSTK,BFO,5.000000,100000000,False
843634,ADANIGREEN26SEP1470CE,ADANIGREEN,24SEP2026,147000.000000,600,OPTSTK,BFO,5.000000,100000000,False
843642,POWERGRID26SEP282.5PE,POWERGRID,24SEP2026,28250.000000,1900,OPTSTK,BFO,5.000000,108000,False
860605,CIPLA26SEP1320PE,CIPLA,24SEP2026,132000.000000,425,OPTSTK,BFO,5.000000,26000,False
860606,ADANIGREEN26SEP1240PE,ADANIGREEN,24SEP2026,124000.000000,600,OPTSTK,BFO,5.000000,100000000,False
860628,OIL26SEP495PE,OIL,24SEP2026,49500.000000,1400,OPTSTK,BFO,5.000000,100000000,False
860716,ADANIPOWER26SEP175CE,ADANIPOWER,24SEP2026,17500.000000,3550,OPTSTK,BFO,5.000000,100000000,False
862260,SENSEX5026OCT26450CE,SENSEX50,29OCT2026,2645000.000000,75,OPTIDX,BFO,5.000000,1800,False
862261,FOCIT26OCT40200CE,FOCIT,29OCT2026,4020000.000000,45,OPTIDX,BFO,5.000000,1350,False
862264,BANKEX26OCT58100PE,BANKEX,29OCT2026,5810000.000000,30,OPTIDX,BFO,5.000000,900,False
862277,FOCIT26SEP34200CE,FOCIT,24SEP2026,3420000.000000,45,OPTIDX,BFO,5.000000,1350,False
880359,BLUESTARCO26OCT1540CE,BLUESTARCO,29OCT2026,154000.000000,325,OPTSTK,BFO,5.000000,100000000,False
880380,BAJAJFINSV26OCT2100PE,BAJAJFINSV,29OCT2026,210000.000000,300,OPTSTK,BFO,5.000000,20000,False
880446,PNBHOUSING26OCT1200PE,PNBHOUSING,29OCT2026,120000.000000,650,OPTSTK,BFO,5.000000,100000000,False
880545,BAJAJFINSV26OCT2060CE,BAJAJFINSV,29OCT2026,206000.000000,300,OPTSTK,BFO,5.000000,20000,False
843667,COFORGE26SEP1600CE,COFORGE,24SEP2026,160000.000000,475,OPTSTK,BFO,5.000000,6000,False
843681,ADANIGREEN26SEP1550PE,ADANIGREEN,24SEP2026,155000.000000,600,OPTSTK,BFO,5.000000,100000000,False
843688,HDFCLIFE26SEP560CE,HDFCLIFE,24SEP2026,56000.000000,1100,OPTSTK,BFO,5.000000,44000,False
843689,SUNPHARMA26SEP1920CE,SUNPHARMA,24SEP2026,192000.000000,350,OPTSTK,BFO,5.000000,28000,False
860838,MOTILALOFS26SEP740CE,MOTILALOFS,24SEP2026,74000.000000,775,OPTSTK,BFO,5.000000,100000000,False
860922,LAURUSLABS26SEP1760PE,LAURUSLABS,24SEP2026,176000.000000,850,OPTSTK,BFO,5.000000,68000,False
860951,LAURUSLABS26SEP1760CE,LAURUSLABS,24SEP2026,176000.000000,850,OPTSTK,BFO,5.000000,68000,False
860968,LTM26SEP4550PE,LTM,24SEP2026,455000.000000,150,OPTSTK,BFO,5.000000,4500,False
880587,NESTLEIND26OCT1440PE,NESTLEIND,29OCT2026,144000.000000,500,OPTSTK,BFO,5.000000,1200,False
880602,TCS26OCT2240CE,TCS,29OCT2026,224000.000000,225,OPTSTK,BFO,5.000000,7000,False
880638,GAIL26OCT200PE,GAIL,29OCT2026,20000.000000,3550,OPTSTK,BFO,5.000000,274500,False
880641,MANKIND26OCT2400CE,MANKIND,29OCT2026,240000.000000,250,OPTSTK,BFO,5.000000,100000000,False
862280,SENSEX2691772900PE,SENSEX,17SEP2026,7290000.000000,20,OPTIDX,BFO,5.000000,1000,False
862291,ADANIPOWER26OCT185CE,ADANIPOWER,29OCT2026,18500.000000,3550,OPTSTK,BFO,5.000000,100000000,False
862339,BAJAJFINSV26OCT1820PE,BAJAJFINSV,29OCT2026,182000.000000,300,OPTSTK,BFO,5.000000,20000,False
862345,BANKEX26OCT68100PE,BANKEX,29OCT2026,6810000.000000,30,OPTIDX,BFO,5.000000,900,False
843694,SUPREMEIND26SEP3400PE,SUPREMEIND,24SEP2026,340000.000000,175,OPTSTK,BFO,5.000000,100000000,False
843696,CONCOR26SEP490CE,CONCOR,24SEP2026,49000.000000,1250,OPTSTK,BFO,5.000000,40000,False
843709,LODHA26SEP1020PE,LODHA,24SEP2026,102000.000000,625,OPTSTK,BFO,5.000000,100000000,False
843716,GLENMARK26SEP2280PE,GLENMARK,24SEP2026,228000.000000,375,OPTSTK,BFO,5.000000,43500,False
880674,BAJFINANCE26SEP1150PE,BAJFINANCE,24SEP2026,115000.000000,750,OPTSTK,BFO,5.000000,3750,False
880683,SENSEX28DEC80000PE,SENSEX,28DEC2028,8000000.000000,20,OPTIDX,BFO,5.000000,1000,False
880700,LODHA26OCT1120PE,LODHA,29OCT2026,112000.000000,625,OPTSTK,BFO,5.000000,100000000,False
880703,MANKIND26OCT2380PE,MANKIND,29OCT2026,238000.000000,250,OPTSTK,BFO,5.000000,100000000,False
860986,PERSISTENT26SEP6000PE,PERSISTENT,24SEP2026,600000.000000,125,OPTSTK,BFO,5.000000,5250,False
861006,LAURUSLABS26SEP1860CE,LAURUSLABS,24SEP2026,186000.000000,850,OPTSTK,BFO,5.000000,68000,False
861009,LAURUSLABS26SEP1780PE,LAURUSLABS,24SEP2026,178000.000000,850,OPTSTK,BFO,5.000000,68000,False
861018,CONCOR26SEP540PE,CONCOR,24SEP2026,54000.000000,1250,OPTSTK,BFO,5.000000,40000,False
862348,POLYCAB26OCT9300PE,POLYCAB,29OCT2026,930000.000000,125,OPTSTK,BFO,5.000000,9000,False
862349,SENSEX26OCT71400PE,SENSEX,29OCT2026,7140000.000000,20,OPTIDX,BFO,5.000000,1000,False
862350,ABCAPITAL26OCT400PE,ABCAPITAL,29OCT2026,40000.000000,3100,OPTSTK,BFO,5.000000,162000,False
862365,ADANIENSOL26OCTFUT,ADANIENSOL,29OCT2026,0.000000,675,FUTSTK,BFO,5.000000,100000000,False
843744,JIOFIN26SEP257.5PE,JIOFIN,24SEP2026,25750.000000,2350,OPTSTK,BFO,5.000000,100000000,False
843773,ADANIENT26SEP3160PE,ADANIENT,24SEP2026,316000.000000,309,OPTSTK,BFO,5.000000,9000,False
843779,TMPV26SEP365PE,TMPV,24SEP2026,36500.000000,1600,OPTSTK,BFO,5.000000,42750,False
843798,TVSMOTOR26SEPFUT,TVSMOTOR,24SEP2026,0.000000,175,FUTSTK,BFO,5.000000,21000,False
880705,TCS26OCT2280CE,TCS,29OCT2026,228000.000000,225,OPTSTK,BFO,5.000000,7000,False
880729,DIVISLAB26SEP8700PE,DIVISLAB,24SEP2026,870000.000000,100,OPTSTK,BFO,5.000000,8000,False
880737,BAJFINANCE26SEP1190PE,BAJFINANCE,24SEP2026,119000.000000,750,OPTSTK,BFO,5.000000,3750,False
880742,HINDZINC26OCT610PE,HINDZINC,29OCT2026,61000.000000,1225,OPTSTK,BFO,5.000000,100000000,False
861074,LODHA26SEP1380CE,LODHA,24SEP2026,138000.000000,625,OPTSTK,BFO,5.000000,100000000,False
861077,NAUKRI26SEP1380CE,NAUKRI,24SEP2026,138000.000000,550,OPTSTK,BFO,5.000000,6000,False
861084,KEI26SEP4100PE,KEI,24SEP2026,410000.000000,175,OPTSTK,BFO,5.000000,100000000,False
861098,DMART26SEP3500PE,DMART,24SEP2026,350000.000000,150,OPTSTK,BFO,5.000000,100000000,False
862397,BHARATFORG26OCT2140CE,BHARATFORG,29OCT2026,214000.000000,500,OPTSTK,BFO,5.000000,30000,False
862401,SENSEX5026OCT24700PE,SENSEX50,29OCT2026,2470000.000000,75,OPTIDX,BFO,5.000000,1800,False
862402,BAJFINANCE26OCT1060PE,BAJFINANCE,29OCT2026,106000.000000,750,OPTSTK,BFO,5.000000,3750,False
862412,INDIANB26OCT870CE,INDIANB,29OCT2026,87000.000000,1000,OPTSTK,BFO,5.000000,100000000,False
880746,GODREJPROP26OCT1960CE,GODREJPROP,29OCT2026,196000.000000,325,OPTSTK,BFO,5.000000,19000,False
880753,ADANIPORTS26OCT1820PE,ADANIPORTS,29OCT2026,182000.000000,475,OPTSTK,BFO,5.000000,32000,False
880757,POLYCAB26OCT9700CE,POLYCAB,29OCT2026,970000.000000,125,OPTSTK,BFO,5.000000,9000,False
880770,MARICO26OCT800CE,MARICO,29OCT2026,80000.000000,1200,OPTSTK,BFO,5.000000,48000,False
843816,MPHASIS26SEP2198CE,MPHASIS,24SEP2026,219800.000000,275,OPTSTK,BFO,5.000000,11000,False
843891,NAM-INDIA26SEP1160CE,NAM-INDIA,24SEP2026,116000.000000,625,OPTSTK,BFO,5.000000,100000000,False
843906,ADANIENSOL26SEP1620CE,ADANIENSOL,24SEP2026,162000.000000,675,OPTSTK,BFO,5.000000,100000000,False
843912,INDIGO26SEP5550PE,INDIGO,24SEP2026,555000.000000,150,OPTSTK,BFO,5.000000,12000,False
880771,BEL26OCT425CE,BEL,29OCT2026,42500.000000,1425,OPTSTK,BFO,5.000000,228000,False
880784,HEROMOTOCO26OCT6100CE,HEROMOTOCO,29OCT2026,610000.000000,150,OPTSTK,BFO,5.000000,9000,False
880813,KEI26OCT5600CE,KEI,29OCT2026,560000.000000,175,OPTSTK,BFO,5.000000,100000000,False
880818,PIIND26OCT2400CE,PIIND,29OCT2026,240000.000000,175,OPTSTK,BFO,5.000000,7500,False
843915,TCS26SEP2160CE,TCS,24SEP2026,216000.000000,225,OPTSTK,BFO,5.000000,7000,False
843925,KFINTECH26SEP840PE,KFINTECH,24SEP2026,84000.000000,575,OPTSTK,BFO,5.000000,100000000,False
843927,IDEA26SEP10PE,IDEA,24SEP2026,1000.000000,71475,OPTSTK,BFO,5.000000,2400000,False
843929,HINDUNILVR26SEP2280PE,HINDUNILVR,24SEP2026,228000.000000,300,OPTSTK,BFO,5.000000,9000,False
861101,TVSMOTOR26SEP4300CE,TVSMOTOR,24SEP2026,430000.000000,175,OPTSTK,BFO,5.000000,21000,False
861108,COFORGE26SEP1820PE,COFORGE,24SEP2026,182000.000000,475,OPTSTK,BFO,5.000000,6000,False
861122,RADICO26SEP4650PE,RADICO,24SEP2026,465000.000000,150,OPTSTK,BFO,5.000000,100000000,False
861141,MANKIND26SEP2760PE,MANKIND,24SEP2026,276000.000000,250,OPTSTK,BFO,5.000000,100000000,False
862424,SENSEX26OCT76700CE,SENSEX,29OCT2026,7670000.000000,20,OPTIDX,BFO,5.000000,1000,False
862426,TATACONSUM26OCT1020PE,TATACONSUM,29OCT2026,102000.000000,550,OPTSTK,BFO,5.000000,36000,False
862428,KEI26OCT4300CE,KEI,29OCT2026,430000.000000,175,OPTSTK,BFO,5.000000,100000000,False
862429,CANBK26OCT110CE,CANBK,29OCT2026,11000.000000,6750,OPTSTK,BFO,5.000000,81000,False
880843,NAM-INDIA26OCT1300CE,NAM-INDIA,29OCT2026,130000.000000,625,OPTSTK,BFO,5.000000,100000000,False
880865,ICICIGI26OCT1480CE,ICICIGI,29OCT2026,148000.000000,325,OPTSTK,BFO,5.000000,20000,False
880867,CUMMINSIND26OCT6200CE,CUMMINSIND,29OCT2026,620000.000000,200,OPTSTK,BFO,5.000000,18000,False
880884,DIVISLAB26OCT8600CE,DIVISLAB,29OCT2026,860000.000000,100,OPTSTK,BFO,5.000000,8000,False
861158,MARICO26SEP950PE,MARICO,24SEP2026,95000.000000,1200,OPTSTK,BFO,5.000000,48000,False
861182,LAURUSLABS26SEP1880CE,LAURUSLABS,24SEP2026,188000.000000,850,OPTSTK,BFO,5.000000,68000,False
861190,TECHM26SEP1760PE,TECHM,24SEP2026,176000.000000,600,OPTSTK,BFO,5.000000,24000,False
861237,RADICO26SEP4550PE,RADICO,24SEP2026,455000.000000,150,OPTSTK,BFO,5.000000,100000000,False
880894,WIPRO26OCT167.5PE,WIPRO,29OCT2026,16750.000000,3000,OPTSTK,BFO,5.000000,60000,False
880897,SIEMENS26SEP4100PE,SIEMENS,24SEP2026,410000.000000,175,OPTSTK,BFO,5.000000,8250,False
880905,ALKEM26OCT5400CE,ALKEM,29OCT2026,540000.000000,125,OPTSTK,BFO,5.000000,8000,False
880913,NBCC26OCT112.5CE,NBCC,29OCT2026,11250.000000,6500,OPTSTK,BFO,5.000000,100000000,False
843939,ZYDUSLIFE26SEP1040CE,ZYDUSLIFE,24SEP2026,104000.000000,900,OPTSTK,BFO,5.000000,54000,False
843941,SIEMENS26SEP3850PE,SIEMENS,24SEP2026,385000.000000,175,OPTSTK,BFO,5.000000,8250,False
843946,PHOENIXLTD26SEP1840PE,PHOENIXLTD,24SEP2026,184000.000000,350,OPTSTK,BFO,5.000000,100000000,False
843950,BDL26SEP1400CE,BDL,24SEP2026,140000.000000,425,OPTSTK,BFO,5.000000,100000000,False
862430,HINDPETRO26OCT390.75PE,HINDPETRO,29OCT2026,39075.000000,2025,OPTSTK,BFO,5.000000,108000,False
862434,RECLTD26OCT345PE,RECLTD,29OCT2026,34500.000000,1575,OPTSTK,BFO,5.000000,160000,False
862438,SENSEX26OCT83700PE,SENSEX,29OCT2026,8370000.000000,20,OPTIDX,BFO,5.000000,1000,False
862444,FOCIT26OCT30500PE,FOCIT,29OCT2026,3050000.000000,45,OPTIDX,BFO,5.000000,1350,False
861252,ETERNAL26SEP335CE,ETERNAL,24SEP2026,33500.000000,2425,OPTSTK,BFO,5.000000,100000000,False
861256,FORCEMOT26SEP13500PE,FORCEMOT,24SEP2026,1350000.000000,25,OPTSTK,BFO,5.000000,100000000,False
861305,NHPC26SEP71CE,NHPC,24SEP2026,7100.000000,6950,OPTSTK,BFO,5.000000,100000000,False
861311,CONCOR26SEP550CE,CONCOR,24SEP2026,55000.000000,1250,OPTSTK,BFO,5.000000,40000,False
880914,TITAN26OCT5250PE,TITAN,29OCT2026,525000.000000,175,OPTSTK,BFO,5.000000,11250,False
880937,TVSMOTOR26OCT4600CE,TVSMOTOR,29OCT2026,460000.000000,175,OPTSTK,BFO,5.000000,21000,False
880949,TATAPOWER26OCT415PE,TATAPOWER,29OCT2026,41500.000000,1450,OPTSTK,BFO,5.000000,101250,False
880957,LICHSGFIN26OCT450CE,LICHSGFIN,29OCT2026,45000.000000,1000,OPTSTK,BFO,5.000000,60000,False
843986,UNOMINDA26SEP1040CE,UNOMINDA,24SEP2026,104000.000000,550,OPTSTK,BFO,5.000000,100000000,False
843991,MOTILALOFS26SEP1000PE,MOTILALOFS,24SEP2026,100000.000000,775,OPTSTK,BFO,5.000000,100000000,False
843999,CGPOWER26SEP1000PE,CGPOWER,24SEP2026,100000.000000,850,OPTSTK,BFO,5.000000,100000000,False
844004,NAUKRI26SEP990CE,NAUKRI,24SEP2026,99000.000000,550,OPTSTK,BFO,5.000000,6000,False
861334,CONCOR26SEP555PE,CONCOR,24SEP2026,55500.000000,1250,OPTSTK,BFO,5.000000,40000,False
861336,KALYANKJIL26SEP635PE,KALYANKJIL,24SEP2026,63500.000000,1350,OPTSTK,BFO,5.000000,100000000,False
861403,NAUKRI26SEP1360PE,NAUKRI,24SEP2026,136000.000000,550,OPTSTK,BFO,5.000000,6000,False
861438,GVT&D26SEP3400CE,GVT&D,24SEP2026,340000.000000,125,OPTSTK,BFO,5.000000,100000000,False
862461,BANKBARODA26OCT205CE,BANKBARODA,29OCT2026,20500.000000,2925,OPTSTK,BFO,5.000000,175500,False
862463,HAL26OCT4600PE,HAL,29OCT2026,460000.000000,150,OPTSTK,BFO,5.000000,9000,False
862482,UNIONBANK26OCT187.5PE,UNIONBANK,29OCT2026,18750.000000,4425,OPTSTK,BFO,5.000000,100000000,False
862483,MUTHOOTFIN26OCT2650CE,MUTHOOTFIN,29OCT2026,265000.000000,275,OPTSTK,BFO,5.000000,22000,False
880959,BAJAJHLDNG26SEP12000CE,BAJAJHLDNG,24SEP2026,1200000.000000,75,OPTSTK,BFO,5.000000,100000000,False
880967,SHRIRAMFIN26OCT1180CE,SHRIRAMFIN,29OCT2026,118000.000000,825,OPTSTK,BFO,5.000000,18000,False
880981,M&M26OCT3750CE,M&M,29OCT2026,375000.000000,200,OPTSTK,BFO,5.000000,21000,False
880987,DABUR26OCT385CE,DABUR,29OCT2026,38500.000000,1250,OPTSTK,BFO,5.000000,50000,False
881002,BAJAJFINSV26SEP2120CE,BAJAJFINSV,24SEP2026,212000.000000,300,OPTSTK,BFO,5.000000,20000,False
881032,ADANIENSOL26OCT1500CE,ADANIENSOL,29OCT2026,150000.000000,675,OPTSTK,BFO,5.000000,100000000,False
844005,PAGEIND26SEP40000CE,PAGEIND,24SEP2026,4000000.000000,20,OPTSTK,BFO,5.000000,600,False
844007,DRREDDY26SEP1400CE,DRREDDY,24SEP2026,140000.000000,625,OPTSTK,BFO,5.000000,5000,False
844008,NATIONALUM26SEP310CE,NATIONALUM,24SEP2026,31000.000000,1875,OPTSTK,BFO,5.000000,300000,False
844033,CUMMINSIND26SEP5700PE,CUMMINSIND,24SEP2026,570000.000000,200,OPTSTK,BFO,5.000000,18000,False
861454,TCS26SEP2500CE,TCS,24SEP2026,250000.000000,225,OPTSTK,BFO,5.000000,7000,False
861475,TCS26SEP2540CE,TCS,24SEP2026,254000.000000,225,OPTSTK,BFO,5.000000,7000,False
861492,COFORGE26SEP1780PE,COFORGE,24SEP2026,178000.000000,475,OPTSTK,BFO,5.000000,6000,False
861503,IEX26SEP150PE,IEX,24SEP2026,15000.000000,4350,OPTSTK,BFO,5.000000,150000,False
862487,FOCIT26OCT33500CE,FOCIT,29OCT2026,3350000.000000,45,OPTIDX,BFO,5.000000,1350,False
862489,FOCIT26OCT35800CE,FOCIT,29OCT2026,3580000.000000,45,OPTIDX,BFO,5.000000,1350,False
862509,FOCIT26OCT42800PE,FOCIT,29OCT2026,4280000.000000,45,OPTIDX,BFO,5.000000,1350,False
862520,CONCOR26OCT505CE,CONCOR,29OCT2026,50500.000000,1250,OPTSTK,BFO,5.000000,40000,False
881014,HDFCAMC26OCT2950CE,HDFCAMC,29OCT2026,295000.000000,300,OPTSTK,BFO,5.000000,12000,False
881031,MARICO26OCT810PE,MARICO,29OCT2026,81000.000000,1200,OPTSTK,BFO,5.000000,48000,False
844034,BANKEX26SEP66900PE,BANKEX,24SEP2026,6690000.000000,30,OPTIDX,BFO,5.000000,900,False
844039,MANAPPURAM26SEP320CE,MANAPPURAM,24SEP2026,32000.000000,3000,OPTSTK,BFO,5.000000,180000,False
844048,BHARATFORG26SEP2220PE,BHARATFORG,24SEP2026,222000.000000,500,OPTSTK,BFO,5.000000,30000,False
844056,DRREDDY26SEP1320PE,DRREDDY,24SEP2026,132000.000000,625,OPTSTK,BFO,5.000000,5000,False
861526,BSE26SEP2900CE,BSE,29SEP2026,290000.000000,200,OPTSTK,BFO,5.000000,3751,False
861557,BSE26OCT3800PE,BSE,27OCT2026,380000.000000,200,OPTSTK,BFO,5.000000,3751,False
862529,SOLARINDS26OCT19500CE,SOLARINDS,29OCT2026,1950000.000000,50,OPTSTK,BFO,5.000000,100000000,False
862532,CAMS26OCT760CE,CAMS,29OCT2026,76000.000000,825,OPTSTK,BFO,5.000000,100000000,False
862534,UNIONBANK26OCT155PE,UNIONBANK,29OCT2026,15500.000000,4425,OPTSTK,BFO,5.000000,100000000,False
862539,WIPRO26OCT182.5PE,WIPRO,29OCT2026,18250.000000,3000,OPTSTK,BFO,5.000000,60000,False
881039,ICICIGI26OCT1480PE,ICICIGI,29OCT2026,148000.000000,325,OPTSTK,BFO,5.000000,20000,False
881071,PREMIERENE26OCT1140CE,PREMIERENE,29OCT2026,114000.000000,650,OPTSTK,BFO,5.000000,100000000,False
881114,SWIGGY26OCT255PE,SWIGGY,29OCT2026,25500.000000,1825,OPTSTK,BFO,5.000000,100000000,False
881198,KALYANKJIL26OCT580PE,KALYANKJIL,29OCT2026,58000.000000,1350,OPTSTK,BFO,5.000000,100000000,False
861536,BSE26OCT1800CE,BSE,27OCT2026,180000.000000,200,OPTSTK,BFO,5.000000,3751,False
861547,BSE26OCT2800PE,BSE,27OCT2026,280000.000000,200,OPTSTK,BFO,5.000000,3751,False
844057,LAURUSLABS26SEP1510PE,LAURUSLABS,24SEP2026,151000.000000,850,OPTSTK,BFO,5.000000,68000,False
844064,KAYNES26SEP3300PE,KAYNES,24SEP2026,330000.000000,150,OPTSTK,BFO,5.000000,100000000,False
844067,INFY26SEP1040PE,INFY,24SEP2026,104000.000000,400,OPTSTK,BFO,5.000000,16000,False
844074,PAYTM26SEP1120CE,PAYTM,24SEP2026,112000.000000,725,OPTSTK,BFO,5.000000,100000000,False
861561,BSE26OCT4200PE,BSE,27OCT2026,420000.000000,200,OPTSTK,BFO,5.000000,3751,False
861563,BSE26OCT4400PE,BSE,27OCT2026,440000.000000,200,OPTSTK,BFO,5.000000,3751,False
861595,CDSL26SEP1260CE,CDSL,29SEP2026,126000.000000,475,OPTSTK,BFO,5.000000,14001,False
861598,CDSL26SEP1340PE,CDSL,29SEP2026,134000.000000,475,OPTSTK,BFO,5.000000,14001,False
862568,ABCAPITAL26OCT405PE,ABCAPITAL,29OCT2026,40500.000000,3100,OPTSTK,BFO,5.000000,162000,False
862580,ADANIPORTS26OCT1720PE,ADANIPORTS,29OCT2026,172000.000000,475,OPTSTK,BFO,5.000000,32000,False
862588,TATAELXSI26OCT3600CE,TATAELXSI,29OCT2026,360000.000000,125,OPTSTK,BFO,5.000000,100000000,False
862591,HDFCAMC26OCT2700PE,HDFCAMC,29OCT2026,270000.000000,300,OPTSTK,BFO,5.000000,12000,False
881227,BAJAJFINSV26OCT2140CE,BAJAJFINSV,29OCT2026,214000.000000,300,OPTSTK,BFO,5.000000,20000,False
881339,TATAELXSI26OCT4100PE,TATAELXSI,29OCT2026,410000.000000,125,OPTSTK,BFO,5.000000,100000000,False
881343,SENSEX5026OCT26700CE,SENSEX50,29OCT2026,2670000.000000,75,OPTIDX,BFO,5.000000,1800,False
881366,SENSEX28JUN84000CE,SENSEX,29JUN2028,8400000.000000,20,OPTIDX,BFO,5.000000,1000,False
844104,ADANIPOWER26SEP217.5CE,ADANIPOWER,24SEP2026,21750.000000,3550,OPTSTK,BFO,5.000000,100000000,False
844141,GVT&D26SEP4200CE,GVT&D,24SEP2026,420000.000000,125,OPTSTK,BFO,5.000000,100000000,False
844143,IDEA26SEP11CE,IDEA,24SEP2026,1100.000000,71475,OPTSTK,BFO,5.000000,2400000,False
844146,GODREJPROP26SEP1940PE,GODREJPROP,24SEP2026,194000.000000,325,OPTSTK,BFO,5.000000,19000,False
861600,CDSL26SEP1380PE,CDSL,29SEP2026,138000.000000,475,OPTSTK,BFO,5.000000,14001,False
861602,CDSL26SEP1420PE,CDSL,29SEP2026,142000.000000,475,OPTSTK,BFO,5.000000,14001,False
861608,CDSL26SEP1580PE,CDSL,29SEP2026,158000.000000,475,OPTSTK,BFO,5.000000,14001,False
861617,CDSL26OCT880CE,CDSL,27OCT2026,88000.000000,475,OPTSTK,BFO,5.000000,14001,False
862596,SHRIRAMFIN26OCT980CE,SHRIRAMFIN,29OCT2026,98000.000000,825,OPTSTK,BFO,5.000000,18000,False
862597,IOC26OCTFUT,IOC,29OCT2026,0.000000,4875,FUTSTK,BFO,5.000000,292500,False
862610,SUNPHARMA26OCT1960CE,SUNPHARMA,29OCT2026,196000.000000,350,OPTSTK,BFO,5.000000,28000,False
862611,MPHASIS26OCT2550CE,MPHASIS,29OCT2026,255000.000000,275,OPTSTK,BFO,5.000000,11000,False
881375,BANKINDIA26OCT157.5CE,BANKINDIA,29OCT2026,15750.000000,5200,OPTSTK,BFO,5.000000,100000000,False
881376,SENSEX28DEC84000CE,SENSEX,28DEC2028,8400000.000000,20,OPTIDX,BFO,5.000000,1000,False
881428,KOTAKBANK26OCT430PE,KOTAKBANK,29OCT2026,43000.000000,2000,OPTSTK,BFO,5.000000,12000,False
881458,LTM26SEP4850CE,LTM,24SEP2026,485000.000000,150,OPTSTK,BFO,5.000000,4500,False
844167,KAYNES26SEP3050PE,KAYNES,24SEP2026,305000.000000,150,OPTSTK,BFO,5.000000,100000000,False
844170,COFORGE26SEP1640CE,COFORGE,24SEP2026,164000.000000,475,OPTSTK,BFO,5.000000,6000,False
844182,SUPREMEIND26SEP3600PE,SUPREMEIND,24SEP2026,360000.000000,175,OPTSTK,BFO,5.000000,100000000,False
844189,POWERGRID26SEP290PE,POWERGRID,24SEP2026,29000.000000,1900,OPTSTK,BFO,5.000000,108000,False
861621,CDSL26OCT1000CE,CDSL,27OCT2026,100000.000000,475,OPTSTK,BFO,5.000000,14001,False
861625,CDSL26OCT1080CE,CDSL,27OCT2026,108000.000000,475,OPTSTK,BFO,5.000000,14001,False
861627,CDSL26OCT1120CE,CDSL,27OCT2026,112000.000000,475,OPTSTK,BFO,5.000000,14001,False
861644,CDSL26OCT1440PE,CDSL,27OCT2026,144000.000000,475,OPTSTK,BFO,5.000000,14001,False
862614,FORCEMOT26OCT18000CE,FORCEMOT,29OCT2026,1800000.000000,25,OPTSTK,BFO,5.000000,100000000,False
862629,SENSEX26OCT71300CE,SENSEX,29OCT2026,7130000.000000,20,OPTIDX,BFO,5.000000,1000,False
862644,INDIGO26OCT5100PE,INDIGO,29OCT2026,510000.000000,150,OPTSTK,BFO,5.000000,12000,False
862647,NESTLEIND26OCT1480CE,NESTLEIND,29OCT2026,148000.000000,500,OPTSTK,BFO,5.000000,1200,False
881470,INDIGO26OCT6000CE,INDIGO,29OCT2026,600000.000000,150,OPTSTK,BFO,5.000000,12000,False
881473,SIEMENS26OCT4150PE,SIEMENS,29OCT2026,415000.000000,175,OPTSTK,BFO,5.000000,8250,False
881489,SENSEX30DEC84000PE,SENSEX,26DEC2030,8400000.000000,20,OPTIDX,BFO,5.000000,1000,False
881511,ULTRACEMCO26OCT12700CE,ULTRACEMCO,29OCT2026,1270000.000000,50,OPTSTK,BFO,5.000000,3000,False
861646,CDSL26OCT1480PE,CDSL,27OCT2026,148000.000000,475,OPTSTK,BFO,5.000000,14001,False
861652,CDSL26OCT1600PE,CDSL,27OCT2026,160000.000000,475,OPTSTK,BFO,5.000000,14001,False
861682,KAYNES26SEP3850PE,KAYNES,24SEP2026,385000.000000,150,OPTSTK,BFO,5.000000,100000000,False
861708,ULTRACEMCO26SEP11200PE,ULTRACEMCO,24SEP2026,1120000.000000,50,OPTSTK,BFO,5.000000,3000,False
844192,YESBANK26SEP29CE,YESBANK,24SEP2026,2900.000000,31100,OPTSTK,BFO,5.000000,100000000,False
844196,SRF26SEP2680CE,SRF,24SEP2026,268000.000000,200,OPTSTK,BFO,5.000000,11250,False
844205,POWERGRID26SEP295CE,POWERGRID,24SEP2026,29500.000000,1900,OPTSTK,BFO,5.000000,108000,False
844208,SHREECEM26SEP24250CE,SHREECEM,24SEP2026,2425000.000000,25,OPTSTK,BFO,5.000000,1000,False
862656,POLICYBZR26OCT1520PE,POLICYBZR,29OCT2026,152000.000000,350,OPTSTK,BFO,5.000000,100000000,False
862699,KPITTECH26OCT540CE,KPITTECH,29OCT2026,54000.000000,775,OPTSTK,BFO,5.000000,100000000,False
862700,TATAELXSI26OCT3350CE,TATAELXSI,29OCT2026,335000.000000,125,OPTSTK,BFO,5.000000,100000000,False
862711,BANKEX26OCT60600CE,BANKEX,29OCT2026,6060000.000000,30,OPTIDX,BFO,5.000000,900,False
881545,GRASIM26OCT3260CE,GRASIM,29OCT2026,326000.000000,250,OPTSTK,BFO,5.000000,14250,False
881548,JUBLFOOD26OCT490CE,JUBLFOOD,29OCT2026,49000.000000,1250,OPTSTK,BFO,5.000000,50000,False
881556,DIVISLAB26SEP8900CE,DIVISLAB,24SEP2026,890000.000000,100,OPTSTK,BFO,5.000000,8000,False
881582,TVSMOTOR26SEP4700CE,TVSMOTOR,24SEP2026,470000.000000,175,OPTSTK,BFO,5.000000,21000,False
861726,INFY26SEP1260CE,INFY,24SEP2026,126000.000000,400,OPTSTK,BFO,5.000000,16000,False
861788,ULTRACEMCO26SEP12500CE,ULTRACEMCO,24SEP2026,1250000.000000,50,OPTSTK,BFO,5.000000,3000,False
861812,LTM26SEP4750CE,LTM,24SEP2026,475000.000000,150,OPTSTK,BFO,5.000000,4500,False
861831,ULTRACEMCO26SEP12000CE,ULTRACEMCO,24SEP2026,1200000.000000,50,OPTSTK,BFO,5.000000,3000,False
881601,JINDALSTEL26SEP1260CE,JINDALSTEL,24SEP2026,126000.000000,625,OPTSTK,BFO,5.000000,37500,False
881623,PIIND26OCT3200PE,PIIND,29OCT2026,320000.000000,175,OPTSTK,BFO,5.000000,7500,False
881633,MUTHOOTFIN26OCT2600CE,MUTHOOTFIN,29OCT2026,260000.000000,275,OPTSTK,BFO,5.000000,22000,False
881638,SENSEX5026OCT26700PE,SENSEX50,29OCT2026,2670000.000000,75,OPTIDX,BFO,5.000000,1800,False
844210,GODFRYPHLP26SEP2380PE,GODFRYPHLP,24SEP2026,238000.000000,275,OPTSTK,BFO,5.000000,100000000,False
844213,BHEL26SEP405CE,BHEL,24SEP2026,40500.000000,2625,OPTSTK,BFO,5.000000,315000,False
844239,EICHERMOT26SEP7650CE,EICHERMOT,24SEP2026,765000.000000,100,OPTSTK,BFO,5.000000,7000,False
844246,BANKBARODA26SEP277.5PE,BANKBARODA,24SEP2026,27750.000000,2925,OPTSTK,BFO,5.000000,175500,False
862712,ABB26OCT7000CE,ABB,29OCT2026,700000.000000,125,OPTSTK,BFO,5.000000,7500,False
862716,LT26OCT4150CE,LT,29OCT2026,415000.000000,175,OPTSTK,BFO,5.000000,12000,False
862730,ULTRACEMCO26OCT12500CE,ULTRACEMCO,29OCT2026,1250000.000000,50,OPTSTK,BFO,5.000000,3000,False
862746,BDL26OCT1380PE,BDL,29OCT2026,138000.000000,425,OPTSTK,BFO,5.000000,100000000,False
861836,LAURUSLABS26SEP1920CE,LAURUSLABS,24SEP2026,192000.000000,850,OPTSTK,BFO,5.000000,68000,False
861908,ULTRACEMCO26SEP12000PE,ULTRACEMCO,24SEP2026,1200000.000000,50,OPTSTK,BFO,5.000000,3000,False
881654,KPITTECH26OCT690PE,KPITTECH,29OCT2026,69000.000000,775,OPTSTK,BFO,5.000000,100000000,False
881659,IEX26OCT110PE,IEX,29OCT2026,11000.000000,4350,OPTSTK,BFO,5.000000,150000,False
881666,HYUNDAI26OCT2340CE,HYUNDAI,29OCT2026,234000.000000,275,OPTSTK,BFO,5.000000,100000000,False
881677,DRREDDY26OCT1240PE,DRREDDY,29OCT2026,124000.000000,625,OPTSTK,BFO,5.000000,5000,False
861859,DIVISLAB26SEP8200PE,DIVISLAB,24SEP2026,820000.000000,100,OPTSTK,BFO,5.000000,8000,False
861872,KAYNES26SEP3900PE,KAYNES,24SEP2026,390000.000000,150,OPTSTK,BFO,5.000000,100000000,False
862748,GVT&D26OCT3900PE,GVT&D,29OCT2026,390000.000000,125,OPTSTK,BFO,5.000000,100000000,False
862757,CANBK26OCT122.5PE,CANBK,29OCT2026,12250.000000,6750,OPTSTK,BFO,5.000000,81000,False
862767,ABB26OCT7900CE,ABB,29OCT2026,790000.000000,125,OPTSTK,BFO,5.000000,7500,False
862803,ABCAPITAL26OCT375CE,ABCAPITAL,29OCT2026,37500.000000,3100,OPTSTK,BFO,5.000000,162000,False
881682,DRREDDY26OCT1230CE,DRREDDY,29OCT2026,123000.000000,625,OPTSTK,BFO,5.000000,5000,False
881691,SENSEX5026SEP26650CE,SENSEX50,24SEP2026,2665000.000000,75,OPTIDX,BFO,5.000000,1800,False
881703,GODREJPROP26OCT1920CE,GODREJPROP,29OCT2026,192000.000000,325,OPTSTK,BFO,5.000000,19000,False
881737,UPL26OCT680CE,UPL,29OCT2026,68000.000000,1355,OPTSTK,BFO,5.000000,39000,False
844280,BANKEX26SEP66800CE,BANKEX,24SEP2026,6680000.000000,30,OPTIDX,BFO,5.000000,900,False
844281,GODREJPROP26SEP1840CE,GODREJPROP,24SEP2026,184000.000000,325,OPTSTK,BFO,5.000000,19000,False
844311,COLPAL26SEP2020PE,COLPAL,24SEP2026,202000.000000,275,OPTSTK,BFO,5.000000,14000,False
844317,SBILIFE26SEP1800CE,SBILIFE,24SEP2026,180000.000000,375,OPTSTK,BFO,5.000000,22500,False
861921,TCS26SEP2560PE,TCS,24SEP2026,256000.000000,225,OPTSTK,BFO,5.000000,7000,False
861970,RADICO26SEP4700CE,RADICO,24SEP2026,470000.000000,150,OPTSTK,BFO,5.000000,100000000,False
861979,KALYANKJIL26SEP660PE,KALYANKJIL,24SEP2026,66000.000000,1350,OPTSTK,BFO,5.000000,100000000,False
861980,KALYANKJIL26SEP665CE,KALYANKJIL,24SEP2026,66500.000000,1350,OPTSTK,BFO,5.000000,100000000,False
862812,ASHOKLEY26OCT140CE,ASHOKLEY,29OCT2026,14000.000000,5000,OPTSTK,BFO,5.000000,150000,False
862821,BAJAJFINSV26OCT1780CE,BAJAJFINSV,29OCT2026,178000.000000,300,OPTSTK,BFO,5.000000,20000,False
862827,POWERGRID26OCT300PE,POWERGRID,29OCT2026,30000.000000,1900,OPTSTK,BFO,5.000000,108000,False
862838,NAUKRI26OCT1120CE,NAUKRI,29OCT2026,112000.000000,550,OPTSTK,BFO,5.000000,6000,False
881739,INFY26OCT1320PE,INFY,29OCT2026,132000.000000,400,OPTSTK,BFO,5.000000,16000,False
881745,SRF26OCT3000CE,SRF,29OCT2026,300000.000000,200,OPTSTK,BFO,5.000000,11250,False
881750,LTM26SEP4850PE,LTM,24SEP2026,485000.000000,150,OPTSTK,BFO,5.000000,4500,False
881783,IEX26OCT112.5CE,IEX,29OCT2026,11250.000000,4350,OPTSTK,BFO,5.000000,150000,False
844332,DABUR26SEP450PE,DABUR,24SEP2026,45000.000000,1250,OPTSTK,BFO,5.000000,50000,False
844334,GMRAIRPORT26SEP106PE,GMRAIRPORT,24SEP2026,10600.000000,6975,OPTSTK,BFO,5.000000,675000,False
844336,BAJAJHLDNG26SEP11200PE,BAJAJHLDNG,24SEP2026,1120000.000000,75,OPTSTK,BFO,5.000000,100000000,False
844341,BHEL26SEP412.5PE,BHEL,24SEP2026,41250.000000,2625,OPTSTK,BFO,5.000000,315000,False
861992,ULTRACEMCO26SEP11200CE,ULTRACEMCO,24SEP2026,1120000.000000,50,OPTSTK,BFO,5.000000,3000,False
862019,TCS26SEP2580CE,TCS,24SEP2026,258000.000000,225,OPTSTK,BFO,5.000000,7000,False
862044,KOTAKBANK26OCT415CE,KOTAKBANK,29OCT2026,41500.000000,2000,OPTSTK,BFO,5.000000,12000,False
862052,SENSEX2691784000CE,SENSEX,17SEP2026,8400000.000000,20,OPTIDX,BFO,5.000000,1000,False
881785,PETRONET26SEP320CE,PETRONET,24SEP2026,32000.000000,1900,OPTSTK,BFO,5.000000,120000,False
881796,AXISBANK26OCT1400CE,AXISBANK,29OCT2026,140000.000000,625,OPTSTK,BFO,5.000000,25000,False
881812,SENSEX2691785400PE,SENSEX,17SEP2026,8540000.000000,20,OPTIDX,BFO,5.000000,1000,False
881816,SHRIRAMFIN26OCT1220CE,SHRIRAMFIN,29OCT2026,122000.000000,825,OPTSTK,BFO,5.000000,18000,False
862844,NYKAA26OCT310PE,NYKAA,29OCT2026,31000.000000,3125,OPTSTK,BFO,5.000000,100000000,False
862847,M&M26OCT3450PE,M&M,29OCT2026,345000.000000,200,OPTSTK,BFO,5.000000,21000,False
862856,LAURUSLABS26OCT1800PE,LAURUSLABS,29OCT2026,180000.000000,850,OPTSTK,BFO,5.000000,68000,False
862865,MUTHOOTFIN26OCT2950PE,MUTHOOTFIN,29OCT2026,295000.000000,275,OPTSTK,BFO,5.000000,22000,False
862067,TATAELXSI26OCT3400CE,TATAELXSI,29OCT2026,340000.000000,125,OPTSTK,BFO,5.000000,100000000,False
862090,MPHASIS26OCT2350CE,MPHASIS,29OCT2026,235000.000000,275,OPTSTK,BFO,5.000000,11000,False
862108,SENSEX26OCT71100CE,SENSEX,29OCT2026,7110000.000000,20,OPTIDX,BFO,5.000000,1000,False
862112,SENSEX2691782600CE,SENSEX,17SEP2026,8260000.000000,20,OPTIDX,BFO,5.000000,1000,False
881824,APOLLOHOSP26OCT8200CE,APOLLOHOSP,29OCT2026,820000.000000,125,OPTSTK,BFO,5.000000,5000,False
881839,DIVISLAB26SEP8900PE,DIVISLAB,24SEP2026,890000.000000,100,OPTSTK,BFO,5.000000,8000,False
881852,TVSMOTOR26SEP4700PE,TVSMOTOR,24SEP2026,470000.000000,175,OPTSTK,BFO,5.000000,21000,False
881869,MOTHERSON26OCT170CE,MOTHERSON,29OCT2026,17000.000000,6150,OPTSTK,BFO,5.000000,284000,False
844369,CIPLA26SEP1480CE,CIPLA,24SEP2026,148000.000000,425,OPTSTK,BFO,5.000000,26000,False
844399,POWERGRID26SEP295PE,POWERGRID,24SEP2026,29500.000000,1900,OPTSTK,BFO,5.000000,108000,False
844411,DMART26SEP4150PE,DMART,24SEP2026,415000.000000,150,OPTSTK,BFO,5.000000,100000000,False
844415,TATACONSUM26SEP1150PE,TATACONSUM,24SEP2026,115000.000000,550,OPTSTK,BFO,5.000000,36000,False
862867,ASIANPAINT26OCT2620PE,ASIANPAINT,29OCT2026,262000.000000,250,OPTSTK,BFO,5.000000,8000,False
862878,SENSEX26OCT78300CE,SENSEX,29OCT2026,7830000.000000,20,OPTIDX,BFO,5.000000,1000,False
862900,GVT&D26OCT3800CE,GVT&D,29OCT2026,380000.000000,125,OPTSTK,BFO,5.000000,100000000,False
862914,FOCIT26OCT34400PE,FOCIT,29OCT2026,3440000.000000,45,OPTIDX,BFO,5.000000,1350,False
862117,HDFCBANK26OCT690PE,HDFCBANK,29OCT2026,69000.000000,650,OPTSTK,BFO,5.000000,16500,False
862124,HINDPETRO26OCT320.75CE,HINDPETRO,29OCT2026,32075.000000,2025,OPTSTK,BFO,5.000000,108000,False
862127,FOCIT26SEP40600PE,FOCIT,24SEP2026,4060000.000000,45,OPTIDX,BFO,5.000000,1350,False
862128,RBLBANK26OCT415CE,RBLBANK,29OCT2026,41500.000000,3175,OPTSTK,BFO,5.000000,150000,False
881874,SENSEX28DEC73000PE,SENSEX,28DEC2028,7300000.000000,20,OPTIDX,BFO,5.000000,1000,False
881912,SUNPHARMA26OCT1820PE,SUNPHARMA,29OCT2026,182000.000000,350,OPTSTK,BFO,5.000000,28000,False
881917,SHREECEM26OCT28500CE,SHREECEM,29OCT2026,2850000.000000,25,OPTSTK,BFO,5.000000,1000,False
881925,BLUESTARCO26OCT1860CE,BLUESTARCO,29OCT2026,186000.000000,325,OPTSTK,BFO,5.000000,100000000,False
844426,LICI26SEP435CE,LICI,24SEP2026,43500.000000,1400,OPTSTK,BFO,5.000000,100000000,False
844435,ZYDUSLIFE26SEP1080CE,ZYDUSLIFE,24SEP2026,108000.000000,900,OPTSTK,BFO,5.000000,54000,False
844442,FORTIS26SEP960CE,FORTIS,24SEP2026,96000.000000,775,OPTSTK,BFO,5.000000,100000000,False
844443,AMBUJACEM26SEP390CE,AMBUJACEM,24SEP2026,39000.000000,1200,OPTSTK,BFO,5.000000,54000,False
862916,TITAN26OCT4900PE,TITAN,29OCT2026,490000.000000,175,OPTSTK,BFO,5.000000,11250,False
862917,AUROPHARMA26OCT1520CE,AUROPHARMA,29OCT2026,152000.000000,550,OPTSTK,BFO,5.000000,44000,False
862934,VBL26OCT470PE,VBL,29OCT2026,47000.000000,1275,OPTSTK,BFO,5.000000,100000000,False
862944,LTF26OCT290PE,LTF,29OCT2026,29000.000000,2250,OPTSTK,BFO,5.000000,267720,False
862155,FORTIS26OCT990CE,FORTIS,29OCT2026,99000.000000,775,OPTSTK,BFO,5.000000,100000000,False
862161,HDFCLIFE26SEP510PE,HDFCLIFE,24SEP2026,51000.000000,1100,OPTSTK,BFO,5.000000,44000,False
862163,INDIANB26OCT900PE,INDIANB,29OCT2026,90000.000000,1000,OPTSTK,BFO,5.000000,100000000,False
862170,BANKEX26OCT71100PE,BANKEX,29OCT2026,7110000.000000,30,OPTIDX,BFO,5.000000,900,False
881941,LUPIN26OCT2260CE,LUPIN,29OCT2026,226000.000000,425,OPTSTK,BFO,5.000000,34000,False
881953,SENSEX27MAR84000CE,SENSEX,25MAR2027,8400000.000000,20,OPTIDX,BFO,5.000000,1000,False
881996,AMBUJACEM26OCT475PE,AMBUJACEM,29OCT2026,47500.000000,1200,OPTSTK,BFO,5.000000,54000,False
882013,MFSL26OCT1680CE,MFSL,29OCT2026,168000.000000,400,OPTSTK,BFO,5.000000,32000,False
844446,ADANIPOWER26SEP220CE,ADANIPOWER,24SEP2026,22000.000000,3550,OPTSTK,BFO,5.000000,100000000,False
844450,DLF26SEP585CE,DLF,24SEP2026,58500.000000,950,OPTSTK,BFO,5.000000,49500,False
844452,BANKEX26SEP66200PE,BANKEX,24SEP2026,6620000.000000,30,OPTIDX,BFO,5.000000,900,False
844456,BDL26SEP1440CE,BDL,24SEP2026,144000.000000,425,OPTSTK,BFO,5.000000,100000000,False
862954,IREDA26OCT105CE,IREDA,29OCT2026,10500.000000,4525,OPTSTK,BFO,5.000000,100000000,False
862955,IOC26OCT130CE,IOC,29OCT2026,13000.000000,4875,OPTSTK,BFO,5.000000,292500,False
862960,SENSEX26OCT81600PE,SENSEX,29OCT2026,8160000.000000,20,OPTIDX,BFO,5.000000,1000,False
862967,CHOLAFIN26OCT1760PE,CHOLAFIN,29OCT2026,176000.000000,625,OPTSTK,BFO,5.000000,25000,False
882031,LTM26OCT5000PE,LTM,29OCT2026,500000.000000,150,OPTSTK,BFO,5.000000,4500,False
882032,EICHERMOT26OCT8700CE,EICHERMOT,29OCT2026,870000.000000,100,OPTSTK,BFO,5.000000,7000,False
882081,SONACOMS26SEP850PE,SONACOMS,24SEP2026,85000.000000,1225,OPTSTK,BFO,5.000000,100000000,False
882098,SIEMENS26SEP4200CE,SIEMENS,24SEP2026,420000.000000,175,OPTSTK,BFO,5.000000,8250,False
844469,TVSMOTOR26SEP3720PE,TVSMOTOR,24SEP2026,372000.000000,175,OPTSTK,BFO,5.000000,21000,False
844472,ITC26SEP282.5PE,ITC,24SEP2026,28250.000000,1725,OPTSTK,BFO,5.000000,64000,False
844486,ONGC26SEP245PE,ONGC,24SEP2026,24500.000000,2250,OPTSTK,BFO,5.000000,154000,False
844499,GRASIM26SEP3060CE,GRASIM,24SEP2026,306000.000000,250,OPTSTK,BFO,5.000000,14250,False
862171,TECHM26OCT1760PE,TECHM,29OCT2026,176000.000000,600,OPTSTK,BFO,5.000000,24000,False
862213,UNOMINDA26OCT1300PE,UNOMINDA,29OCT2026,130000.000000,550,OPTSTK,BFO,5.000000,100000000,False
862228,UNOMINDA26OCT1140PE,UNOMINDA,29OCT2026,114000.000000,550,OPTSTK,BFO,5.000000,100000000,False
862230,SUZLON26OCT50CE,SUZLON,29OCT2026,5000.000000,12700,OPTSTK,BFO,5.000000,100000000,False
862973,MPHASIS26OCT2100CE,MPHASIS,29OCT2026,210000.000000,275,OPTSTK,BFO,5.000000,11000,False
862978,BAJFINANCE26OCT1090CE,BAJFINANCE,29OCT2026,109000.000000,750,OPTSTK,BFO,5.000000,3750,False
862986,TATAELXSI26OCT3900PE,TATAELXSI,29OCT2026,390000.000000,125,OPTSTK,BFO,5.000000,100000000,False
862991,FOCIT26OCT42100PE,FOCIT,29OCT2026,4210000.000000,45,OPTIDX,BFO,5.000000,1350,False
844522,DRREDDY26SEP1280CE,DRREDDY,24SEP2026,128000.000000,625,OPTSTK,BFO,5.000000,5000,False
844534,CHOLAFIN26SEP1920PE,CHOLAFIN,24SEP2026,192000.000000,625,OPTSTK,BFO,5.000000,25000,False
844540,RECLTD26SEP335PE,RECLTD,24SEP2026,33500.000000,1575,OPTSTK,BFO,5.000000,160000,False
844545,DLF26SEP650PE,DLF,24SEP2026,65000.000000,950,OPTSTK,BFO,5.000000,49500,False
862231,M&M26OCT3500PE,M&M,29OCT2026,350000.000000,200,OPTSTK,BFO,5.000000,21000,False
862235,INDUSTOWER26OCT416PE,INDUSTOWER,29OCT2026,41600.000000,1700,OPTSTK,BFO,5.000000,170000,False
862250,BHARATFORG26OCT2240PE,BHARATFORG,29OCT2026,224000.000000,500,OPTSTK,BFO,5.000000,30000,False
862306,CONCOR26OCT500CE,CONCOR,29OCT2026,50000.000000,1250,OPTSTK,BFO,5.000000,40000,False
882168,ADANIGREEN26OCT1540PE,ADANIGREEN,29OCT2026,154000.000000,600,OPTSTK,BFO,5.000000,100000000,False
882248,HYUNDAI26SEP2340PE,HYUNDAI,24SEP2026,234000.000000,275,OPTSTK,BFO,5.000000,100000000,False
882272,LTF26OCT350CE,LTF,29OCT2026,35000.000000,2250,OPTSTK,BFO,5.000000,267720,False
882301,GODFRYPHLP26SEP2600CE,GODFRYPHLP,24SEP2026,260000.000000,275,OPTSTK,BFO,5.000000,100000000,False
862998,SWIGGY26OCT280PE,SWIGGY,29OCT2026,28000.000000,1825,OPTSTK,BFO,5.000000,100000000,False
863011,FOCIT26SEP36100PE,FOCIT,24SEP2026,3610000.000000,45,OPTIDX,BFO,5.000000,1350,False
863033,FOCIT26OCT31400CE,FOCIT,29OCT2026,3140000.000000,45,OPTIDX,BFO,5.000000,1350,False
863036,FOCIT26OCT33700CE,FOCIT,29OCT2026,3370000.000000,45,OPTIDX,BFO,5.000000,1350,False
882320,JIOFIN26SEP277.5PE,JIOFIN,24SEP2026,27750.000000,2350,OPTSTK,BFO,5.000000,100000000,False
882323,TCS26SEP2600PE,TCS,24SEP2026,260000.000000,225,OPTSTK,BFO,5.000000,7000,False
882348,GODREJPROP26OCT1940CE,GODREJPROP,29OCT2026,194000.000000,325,OPTSTK,BFO,5.000000,19000,False
882361,SENSEX5026OCT26750CE,SENSEX50,29OCT2026,2675000.000000,75,OPTIDX,BFO,5.000000,1800,False
844552,VOLTAS26SEPFUT,VOLTAS,24SEP2026,0.000000,375,FUTSTK,BFO,5.000000,30000,False
844572,COALINDIA26SEP420CE,COALINDIA,24SEP2026,42000.000000,1350,OPTSTK,BFO,5.000000,126000,False
844576,INDUSINDBK26SEP860CE,INDUSINDBK,24SEP2026,86000.000000,700,OPTSTK,BFO,5.000000,20000,False
844577,JINDALSTEL26SEP1130PE,JINDALSTEL,24SEP2026,113000.000000,625,OPTSTK,BFO,5.000000,37500,False
862309,FOCIT26SEP39900PE,FOCIT,24SEP2026,3990000.000000,45,OPTIDX,BFO,5.000000,1350,False
862362,ICICIGI26OCT1760PE,ICICIGI,29OCT2026,176000.000000,325,OPTSTK,BFO,5.000000,20000,False
862370,PIDILITIND26OCT1620PE,PIDILITIND,29OCT2026,162000.000000,500,OPTSTK,BFO,5.000000,10000,False
862374,SUNPHARMA26OCT2100PE,SUNPHARMA,29OCT2026,210000.000000,350,OPTSTK,BFO,5.000000,28000,False
863037,INDHOTEL26OCT750PE,INDHOTEL,29OCT2026,75000.000000,1000,OPTSTK,BFO,5.000000,60000,False
863041,ICICIPRULI26OCT495CE,ICICIPRULI,29OCT2026,49500.000000,925,OPTSTK,BFO,5.000000,60000,False
863042,HINDUNILVR26OCT2200CE,HINDUNILVR,29OCT2026,220000.000000,300,OPTSTK,BFO,5.000000,9000,False
863047,ASHOKLEY26OCT140PE,ASHOKLEY,29OCT2026,14000.000000,5000,OPTSTK,BFO,5.000000,150000,False
882383,SENSEX26OCT85400PE,SENSEX,29OCT2026,8540000.000000,20,OPTIDX,BFO,5.000000,1000,False
882394,SENSEX28JUN73000CE,SENSEX,29JUN2028,7300000.000000,20,OPTIDX,BFO,5.000000,1000,False
882420,FOCIT26SEP44800PE,FOCIT,24SEP2026,4480000.000000,45,OPTIDX,BFO,5.000000,1350,False
882444,BPCL26OCT360CE,BPCL,29OCT2026,36000.000000,1975,OPTSTK,BFO,5.000000,72000,False
844590,PIIND26SEP2660CE,PIIND,24SEP2026,266000.000000,175,OPTSTK,BFO,5.000000,7500,False
844600,MUTHOOTFIN26SEP2850CE,MUTHOOTFIN,24SEP2026,285000.000000,275,OPTSTK,BFO,5.000000,22000,False
844608,BAJAJFINSV26SEP1760CE,BAJAJFINSV,24SEP2026,176000.000000,300,OPTSTK,BFO,5.000000,20000,False
844617,HINDUNILVR26SEPFUT,HINDUNILVR,24SEP2026,0.000000,300,FUTSTK,BFO,5.000000,9000,False
862385,ONGC26OCT232.5CE,ONGC,29OCT2026,23250.000000,2250,OPTSTK,BFO,5.000000,154000,False
862391,GRASIM26OCT3020CE,GRASIM,29OCT2026,302000.000000,250,OPTSTK,BFO,5.000000,14250,False
862404,ADANIENT26OCT2850PE,ADANIENT,29OCT2026,285000.000000,309,OPTSTK,BFO,5.000000,9000,False
862418,YESBANK26OCT27CE,YESBANK,29OCT2026,2700.000000,31100,OPTSTK,BFO,5.000000,100000000,False
863056,ASHOKLEY26OCT145CE,ASHOKLEY,29OCT2026,14500.000000,5000,OPTSTK,BFO,5.000000,150000,False
863077,LTM26OCT4400PE,LTM,29OCT2026,440000.000000,150,OPTSTK,BFO,5.000000,4500,False
863085,POWERGRID26OCT270CE,POWERGRID,29OCT2026,27000.000000,1900,OPTSTK,BFO,5.000000,108000,False
863093,GODREJPROP26OCT1980PE,GODREJPROP,29OCT2026,198000.000000,325,OPTSTK,BFO,5.000000,19000,False
882445,SUPREMEIND26SEP3900CE,SUPREMEIND,24SEP2026,390000.000000,175,OPTSTK,BFO,5.000000,100000000,False
882469,CHOLAFIN26OCT2000CE,CHOLAFIN,29OCT2026,200000.000000,625,OPTSTK,BFO,5.000000,25000,False
882474,BAJAJFINSV26SEP2200CE,BAJAJFINSV,24SEP2026,220000.000000,300,OPTSTK,BFO,5.000000,20000,False
882495,CANBK26OCT145PE,CANBK,29OCT2026,14500.000000,6750,OPTSTK,BFO,5.000000,81000,False
862442,OIL26OCT490PE,OIL,29OCT2026,49000.000000,1400,OPTSTK,BFO,5.000000,100000000,False
862451,KEI26OCT5000PE,KEI,29OCT2026,500000.000000,175,OPTSTK,BFO,5.000000,100000000,False
862456,DLF26OCTFUT,DLF,29OCT2026,0.000000,950,FUTSTK,BFO,5.000000,49500,False
862460,KAYNES26OCT3300PE,KAYNES,29OCT2026,330000.000000,150,OPTSTK,BFO,5.000000,100000000,False
844630,MAZDOCK26SEP2440PE,MAZDOCK,24SEP2026,244000.000000,225,OPTSTK,BFO,5.000000,100000000,False
844642,BLUESTARCO26SEP1640PE,BLUESTARCO,24SEP2026,164000.000000,325,OPTSTK,BFO,5.000000,100000000,False
844649,ASIANPAINT26SEP2600PE,ASIANPAINT,24SEP2026,260000.000000,250,OPTSTK,BFO,5.000000,8000,False
844658,IDEA26SEP9PE,IDEA,24SEP2026,900.000000,71475,OPTSTK,BFO,5.000000,2400000,False
863105,NTPC26OCT370PE,NTPC,29OCT2026,37000.000000,1500,OPTSTK,BFO,5.000000,150000,False
863114,PIDILITIND26OCT1480PE,PIDILITIND,29OCT2026,148000.000000,500,OPTSTK,BFO,5.000000,10000,False
863130,ADANIPORTS26OCT1760PE,ADANIPORTS,29OCT2026,176000.000000,475,OPTSTK,BFO,5.000000,32000,False
863137,SBICARD26OCT590CE,SBICARD,29OCT2026,59000.000000,800,OPTSTK,BFO,5.000000,32000,False
882539,FOCIT26SEP44900CE,FOCIT,24SEP2026,4490000.000000,45,OPTIDX,BFO,5.000000,1350,False
882553,PATANJALI26OCT395CE,PATANJALI,29OCT2026,39500.000000,1075,OPTSTK,BFO,5.000000,100000000,False
882644,OBEROIRLTY26OCT1640PE,OBEROIRLTY,29OCT2026,164000.000000,350,OPTSTK,BFO,5.000000,28000,False
882672,KAYNES26SEP4200PE,KAYNES,24SEP2026,420000.000000,150,OPTSTK,BFO,5.000000,100000000,False
862468,HAVELLS26OCT1120PE,HAVELLS,29OCT2026,112000.000000,500,OPTSTK,BFO,5.000000,20000,False
862493,AUBANK26OCT980PE,AUBANK,29OCT2026,98000.000000,1000,OPTSTK,BFO,5.000000,30000,False
862497,INDIANB26OCT780CE,INDIANB,29OCT2026,78000.000000,1000,OPTSTK,BFO,5.000000,100000000,False
862499,PGEL26OCT670CE,PGEL,29OCT2026,67000.000000,950,OPTSTK,BFO,5.000000,100000000,False
882753,NATIONALUM26OCT440CE,NATIONALUM,29OCT2026,44000.000000,1875,OPTSTK,BFO,5.000000,300000,False
882777,RADICO26OCT4800CE,RADICO,29OCT2026,480000.000000,150,OPTSTK,BFO,5.000000,100000000,False
882796,RADICO26SEP4800PE,RADICO,24SEP2026,480000.000000,150,OPTSTK,BFO,5.000000,100000000,False
882806,SIEMENS26OCT4300PE,SIEMENS,29OCT2026,430000.000000,175,OPTSTK,BFO,5.000000,8250,False
844664,CHOLAFIN26SEP1820CE,CHOLAFIN,24SEP2026,182000.000000,625,OPTSTK,BFO,5.000000,25000,False
844665,AMBUJACEM26SEP390PE,AMBUJACEM,24SEP2026,39000.000000,1200,OPTSTK,BFO,5.000000,54000,False
844683,AMBUJACEM26SEP395CE,AMBUJACEM,24SEP2026,39500.000000,1200,OPTSTK,BFO,5.000000,54000,False
844697,ICICIPRULI26SEP515CE,ICICIPRULI,24SEP2026,51500.000000,925,OPTSTK,BFO,5.000000,60000,False
862531,BHEL26OCT380PE,BHEL,29OCT2026,38000.000000,2625,OPTSTK,BFO,5.000000,315000,False
862548,DMART26OCT3800PE,DMART,29OCT2026,380000.000000,150,OPTSTK,BFO,5.000000,100000000,False
862602,SENSEX26OCT78400PE,SENSEX,29OCT2026,7840000.000000,20,OPTIDX,BFO,5.000000,1000,False
862606,KPITTECH26OCT630CE,KPITTECH,29OCT2026,63000.000000,775,OPTSTK,BFO,5.000000,100000000,False
863138,BAJAJ-AUTO26OCT11800PE,BAJAJ-AUTO,29OCT2026,1180000.000000,75,OPTSTK,BFO,5.000000,5000,False
863156,INDUSINDBK26OCT1040CE,INDUSINDBK,29OCT2026,104000.000000,700,OPTSTK,BFO,5.000000,20000,False
863173,JIOFIN26OCT240PE,JIOFIN,29OCT2026,24000.000000,2350,OPTSTK,BFO,5.000000,100000000,False
863178,COFORGE26OCT1760PE,COFORGE,29OCT2026,176000.000000,475,OPTSTK,BFO,5.000000,6000,False
882828,OBEROIRLTY26OCT1660CE,OBEROIRLTY,29OCT2026,166000.000000,350,OPTSTK,BFO,5.000000,28000,False
882858,HDFCBANK26OCT670CE,HDFCBANK,29OCT2026,67000.000000,650,OPTSTK,BFO,5.000000,16500,False
882823,SONACOMS26SEP860PE,SONACOMS,24SEP2026,86000.000000,1225,OPTSTK,BFO,5.000000,100000000,False
882829,CONCOR26OCT480CE,CONCOR,29OCT2026,48000.000000,1250,OPTSTK,BFO,5.000000,40000,False
844709,ITC26SEP287.5PE,ITC,24SEP2026,28750.000000,1725,OPTSTK,BFO,5.000000,64000,False
844710,TATAELXSI26SEP3800CE,TATAELXSI,24SEP2026,380000.000000,125,OPTSTK,BFO,5.000000,100000000,False
844715,APLAPOLLO26SEP1740CE,APLAPOLLO,24SEP2026,174000.000000,350,OPTSTK,BFO,5.000000,100000000,False
844716,HAL26SEP4700CE,HAL,24SEP2026,470000.000000,150,OPTSTK,BFO,5.000000,9000,False
862618,NESTLEIND26OCT1490PE,NESTLEIND,29OCT2026,149000.000000,500,OPTSTK,BFO,5.000000,1200,False
862633,DIXON26OCT13750CE,DIXON,29OCT2026,1375000.000000,50,OPTSTK,BFO,5.000000,6000,False
862634,SUZLON26OCT43CE,SUZLON,29OCT2026,4300.000000,12700,OPTSTK,BFO,5.000000,100000000,False
862645,GODREJCP26OCT1110CE,GODREJCP,29OCT2026,111000.000000,500,OPTSTK,BFO,5.000000,30000,False
882868,BAJAJFINSV26SEP2220CE,BAJAJFINSV,24SEP2026,222000.000000,300,OPTSTK,BFO,5.000000,20000,False
882908,CIPLA26OCT1390CE,CIPLA,29OCT2026,139000.000000,425,OPTSTK,BFO,5.000000,26000,False
882974,HDFCLIFE26OCT505PE,HDFCLIFE,29OCT2026,50500.000000,1100,OPTSTK,BFO,5.000000,44000,False
882991,LICI26SEP375CE,LICI,24SEP2026,37500.000000,1400,OPTSTK,BFO,5.000000,100000000,False
863205,SONACOMS26OCT730PE,SONACOMS,29OCT2026,73000.000000,1225,OPTSTK,BFO,5.000000,100000000,False
863213,SWIGGY26OCT285PE,SWIGGY,29OCT2026,28500.000000,1825,OPTSTK,BFO,5.000000,100000000,False
863236,JSWENERGY26OCT480CE,JSWENERGY,29OCT2026,48000.000000,1075,OPTSTK,BFO,5.000000,100000000,False
863239,SAIL26OCT182.5PE,SAIL,29OCT2026,18250.000000,4700,OPTSTK,BFO,5.000000,320000,False
844728,NATIONALUM26SEP355CE,NATIONALUM,24SEP2026,35500.000000,1875,OPTSTK,BFO,5.000000,300000,False
844739,TIINDIA26SEP3060CE,TIINDIA,24SEP2026,306000.000000,200,OPTSTK,BFO,5.000000,100000000,False
844756,INDIGO26SEP5300PE,INDIGO,24SEP2026,530000.000000,150,OPTSTK,BFO,5.000000,12000,False
844758,MOTILALOFS26SEP880CE,MOTILALOFS,24SEP2026,88000.000000,775,OPTSTK,BFO,5.000000,100000000,False
862653,BOSCHLTD26OCT43500CE,BOSCHLTD,29OCT2026,4350000.000000,25,OPTSTK,BFO,5.000000,1500,False
862702,MCX26OCT3050CE,MCX,29OCT2026,305000.000000,225,OPTSTK,BFO,5.000000,16000,False
863242,PNB26OCT115CE,PNB,29OCT2026,11500.000000,8000,OPTSTK,BFO,5.000000,480000,False
863244,SHRIRAMFIN26OCT1080PE,SHRIRAMFIN,29OCT2026,108000.000000,825,OPTSTK,BFO,5.000000,18000,False
863266,BAJAJHLDNG26OCT11200PE,BAJAJHLDNG,29OCT2026,1120000.000000,75,OPTSTK,BFO,5.000000,100000000,False
863279,NESTLEIND26OCT1590CE,NESTLEIND,29OCT2026,159000.000000,500,OPTSTK,BFO,5.000000,1200,False
883065,SONACOMS26SEP860CE,SONACOMS,24SEP2026,86000.000000,1225,OPTSTK,BFO,5.000000,100000000,False
883066,ALKEM26OCT5300CE,ALKEM,29OCT2026,530000.000000,125,OPTSTK,BFO,5.000000,8000,False
883073,UNITDSPR26SEP1680PE,UNITDSPR,24SEP2026,168000.000000,400,OPTSTK,BFO,5.000000,28000,False
883089,HAVELLS26OCT1420PE,HAVELLS,29OCT2026,142000.000000,500,OPTSTK,BFO,5.000000,20000,False
862661,RBLBANK26OCTFUT,RBLBANK,29OCT2026,0.000000,3175,FUTSTK,BFO,5.000000,150000,False
862679,FOCIT26OCT37500PE,FOCIT,29OCT2026,3750000.000000,45,OPTIDX,BFO,5.000000,1350,False
844778,PAGEIND26SEP39250CE,PAGEIND,24SEP2026,3925000.000000,20,OPTSTK,BFO,5.000000,600,False
844782,ETERNAL26SEP272.5PE,ETERNAL,24SEP2026,27250.000000,2425,OPTSTK,BFO,5.000000,100000000,False
844791,CROMPTON26SEP292.5CE,CROMPTON,24SEP2026,29250.000000,2150,OPTSTK,BFO,5.000000,90000,False
844799,CGPOWER26SEP970CE,CGPOWER,24SEP2026,97000.000000,850,OPTSTK,BFO,5.000000,100000000,False
862713,ZYDUSLIFE26OCT1180PE,ZYDUSLIFE,29OCT2026,118000.000000,900,OPTSTK,BFO,5.000000,54000,False
862714,LTF26OCT290CE,LTF,29OCT2026,29000.000000,2250,OPTSTK,BFO,5.000000,267720,False
862727,VEDL26OCT285PE,VEDL,29OCT2026,28500.000000,1150,OPTSTK,BFO,5.000000,80000,False
862736,FOCIT26OCT44100CE,FOCIT,29OCT2026,4410000.000000,45,OPTIDX,BFO,5.000000,1350,False
883107,CAMS26OCT880CE,CAMS,29OCT2026,88000.000000,825,OPTSTK,BFO,5.000000,100000000,False
883110,GODREJCP26OCT1160CE,GODREJCP,29OCT2026,116000.000000,500,OPTSTK,BFO,5.000000,30000,False
883120,DABUR26OCT375CE,DABUR,29OCT2026,37500.000000,1250,OPTSTK,BFO,5.000000,50000,False
883155,HEROMOTOCO26SEP6200CE,HEROMOTOCO,24SEP2026,620000.000000,150,OPTSTK,BFO,5.000000,9000,False
863282,POWERGRID26OCT270PE,POWERGRID,29OCT2026,27000.000000,1900,OPTSTK,BFO,5.000000,108000,False
863284,YESBANK26OCT22PE,YESBANK,29OCT2026,2200.000000,31100,OPTSTK,BFO,5.000000,100000000,False
863286,HDFCLIFE26OCT580CE,HDFCLIFE,29OCT2026,58000.000000,1100,OPTSTK,BFO,5.000000,44000,False
863294,UNITDSPR26OCT1400CE,UNITDSPR,29OCT2026,140000.000000,400,OPTSTK,BFO,5.000000,28000,False
883193,PNBHOUSING26OCT1240CE,PNBHOUSING,29OCT2026,124000.000000,650,OPTSTK,BFO,5.000000,100000000,False
883197,TVSMOTOR26SEP4750CE,TVSMOTOR,24SEP2026,475000.000000,175,OPTSTK,BFO,5.000000,21000,False
883236,ULTRACEMCO26SEP12900PE,ULTRACEMCO,24SEP2026,1290000.000000,50,OPTSTK,BFO,5.000000,3000,False
883269,TIINDIA26OCT3150CE,TIINDIA,29OCT2026,315000.000000,200,OPTSTK,BFO,5.000000,100000000,False
862763,SENSEX26OCT79000PE,SENSEX,29OCT2026,7900000.000000,20,OPTIDX,BFO,5.000000,1000,False
844807,DIXON26SEP11500PE,DIXON,24SEP2026,1150000.000000,50,OPTSTK,BFO,5.000000,6000,False
844818,LTF26SEP280CE,LTF,24SEP2026,28000.000000,2250,OPTSTK,BFO,5.000000,267720,False
844820,ETERNAL26SEP240PE,ETERNAL,24SEP2026,24000.000000,2425,OPTSTK,BFO,5.000000,100000000,False
844822,UPL26SEP620PE,UPL,24SEP2026,62000.000000,1355,OPTSTK,BFO,5.000000,39000,False
862744,RBLBANK26OCT360PE,RBLBANK,29OCT2026,36000.000000,3175,OPTSTK,BFO,5.000000,150000,False
862749,ETERNAL26OCT275PE,ETERNAL,29OCT2026,27500.000000,2425,OPTSTK,BFO,5.000000,100000000,False
862759,AUROPHARMA26OCT1620PE,AUROPHARMA,29OCT2026,162000.000000,550,OPTSTK,BFO,5.000000,44000,False
863302,LICI26OCT410CE,LICI,29OCT2026,41000.000000,1400,OPTSTK,BFO,5.000000,100000000,False
863305,MOTILALOFS26OCT820CE,MOTILALOFS,29OCT2026,82000.000000,775,OPTSTK,BFO,5.000000,100000000,False
863306,PRESTIGE26OCT1520CE,PRESTIGE,29OCT2026,152000.000000,450,OPTSTK,BFO,5.000000,100000000,False
863314,NTPC26OCT375PE,NTPC,29OCT2026,37500.000000,1500,OPTSTK,BFO,5.000000,150000,False
883315,SENSEX5026SEP26800PE,SENSEX50,24SEP2026,2680000.000000,75,OPTIDX,BFO,5.000000,1800,False
883346,GMRAIRPORT26OCT114PE,GMRAIRPORT,29OCT2026,11400.000000,6975,OPTSTK,BFO,5.000000,675000,False
883354,RELIANCE26OCT1210PE,RELIANCE,29OCT2026,121000.000000,500,OPTSTK,BFO,5.000000,10000,False
883374,HINDZINC26SEP640CE,HINDZINC,24SEP2026,64000.000000,1225,OPTSTK,BFO,5.000000,100000000,False
862764,BANKBARODA26OCT240CE,BANKBARODA,29OCT2026,24000.000000,2925,OPTSTK,BFO,5.000000,175500,False
862775,ADANIPORTS26OCT1540PE,ADANIPORTS,29OCT2026,154000.000000,475,OPTSTK,BFO,5.000000,32000,False
862781,INFY26OCT1260PE,INFY,29OCT2026,126000.000000,400,OPTSTK,BFO,5.000000,16000,False
862785,FOCIT26SEP32100CE,FOCIT,24SEP2026,3210000.000000,45,OPTIDX,BFO,5.000000,1350,False
844847,HDFCAMC26SEP2640CE,HDFCAMC,24SEP2026,264000.000000,300,OPTSTK,BFO,5.000000,12000,False
844851,SHRIRAMFIN26SEP1070CE,SHRIRAMFIN,24SEP2026,107000.000000,825,OPTSTK,BFO,5.000000,18000,False
844881,ADANIPORTS26SEP1740PE,ADANIPORTS,24SEP2026,174000.000000,475,OPTSTK,BFO,5.000000,32000,False
844952,BDL26SEP1480CE,BDL,24SEP2026,148000.000000,425,OPTSTK,BFO,5.000000,100000000,False
863318,ADANIPORTS26OCT1580PE,ADANIPORTS,29OCT2026,158000.000000,475,OPTSTK,BFO,5.000000,32000,False
863323,SENSEX2691777700CE,SENSEX,17SEP2026,7770000.000000,20,OPTIDX,BFO,5.000000,1000,False
863325,FOCIT26OCT41700PE,FOCIT,29OCT2026,4170000.000000,45,OPTIDX,BFO,5.000000,1350,False
863332,SENSEX2691780100PE,SENSEX,17SEP2026,8010000.000000,20,OPTIDX,BFO,5.000000,1000,False
883386,LT26OCT4400PE,LT,29OCT2026,440000.000000,175,OPTSTK,BFO,5.000000,12000,False
883421,SONACOMS26SEP880CE,SONACOMS,24SEP2026,88000.000000,1225,OPTSTK,BFO,5.000000,100000000,False
883447,BAJAJ-AUTO26OCT12400CE,BAJAJ-AUTO,29OCT2026,1240000.000000,75,OPTSTK,BFO,5.000000,5000,False
883454,RBLBANK26SEP420CE,RBLBANK,24SEP2026,42000.000000,3175,OPTSTK,BFO,5.000000,150000,False
862788,FOCIT26SEP34400CE,FOCIT,24SEP2026,3440000.000000,45,OPTIDX,BFO,5.000000,1350,False
862792,JUBLFOOD26OCT415PE,JUBLFOOD,29OCT2026,41500.000000,1250,OPTSTK,BFO,5.000000,50000,False
862793,SENSEX2691777500CE,SENSEX,17SEP2026,7750000.000000,20,OPTIDX,BFO,5.000000,1000,False
862795,MANKIND26OCT2460PE,MANKIND,29OCT2026,246000.000000,250,OPTSTK,BFO,5.000000,100000000,False
883457,HINDZINC26OCT650CE,HINDZINC,29OCT2026,65000.000000,1225,OPTSTK,BFO,5.000000,100000000,False
883462,FORTIS26OCT860CE,FORTIS,29OCT2026,86000.000000,775,OPTSTK,BFO,5.000000,100000000,False
883472,SENSEX29DEC72000CE,SENSEX,27DEC2029,7200000.000000,20,OPTIDX,BFO,5.000000,1000,False
883480,JUBLFOOD26SEP510CE,JUBLFOOD,24SEP2026,51000.000000,1250,OPTSTK,BFO,5.000000,50000,False
844957,TATACONSUM26SEP1180CE,TATACONSUM,24SEP2026,118000.000000,550,OPTSTK,BFO,5.000000,36000,False
844970,TMPV26SEPFUT,TMPV,24SEP2026,0.000000,1600,FUTSTK,BFO,5.000000,42750,False
844983,NTPC26SEP337.5PE,NTPC,24SEP2026,33750.000000,1500,OPTSTK,BFO,5.000000,150000,False
844992,MAXHEALTH26SEP1080CE,MAXHEALTH,24SEP2026,108000.000000,525,OPTSTK,BFO,5.000000,100000000,False
862802,INDHOTEL26OCT750CE,INDHOTEL,29OCT2026,75000.000000,1000,OPTSTK,BFO,5.000000,60000,False
862805,ALKEM26OCT6050PE,ALKEM,29OCT2026,605000.000000,125,OPTSTK,BFO,5.000000,8000,False
862813,SENSEX26OCT75300PE,SENSEX,29OCT2026,7530000.000000,20,OPTIDX,BFO,5.000000,1000,False
862819,GMRAIRPORT26OCT105PE,GMRAIRPORT,29OCT2026,10500.000000,6975,OPTSTK,BFO,5.000000,675000,False
863333,JUBLFOOD26OCT455PE,JUBLFOOD,29OCT2026,45500.000000,1250,OPTSTK,BFO,5.000000,50000,False
863362,MAXHEALTH26OCT1170CE,MAXHEALTH,29OCT2026,117000.000000,525,OPTSTK,BFO,5.000000,100000000,False
863367,HDFCAMC26OCT2550CE,HDFCAMC,29OCT2026,255000.000000,300,OPTSTK,BFO,5.000000,12000,False
863370,JINDALSTEL26OCT1180CE,JINDALSTEL,29OCT2026,118000.000000,625,OPTSTK,BFO,5.000000,37500,False
883496,HEROMOTOCO26OCT6400PE,HEROMOTOCO,29OCT2026,640000.000000,150,OPTSTK,BFO,5.000000,9000,False
883508,SENSEX28DEC72000PE,SENSEX,28DEC2028,7200000.000000,20,OPTIDX,BFO,5.000000,1000,False
883519,POLICYBZR26OCT1780CE,POLICYBZR,29OCT2026,178000.000000,350,OPTSTK,BFO,5.000000,100000000,False
883538,PNBHOUSING26OCT1260CE,PNBHOUSING,29OCT2026,126000.000000,650,OPTSTK,BFO,5.000000,100000000,False
845010,RBLBANK26SEP335CE,RBLBANK,24SEP2026,33500.000000,3175,OPTSTK,BFO,5.000000,150000,False
862828,CAMS26OCT830PE,CAMS,29OCT2026,83000.000000,825,OPTSTK,BFO,5.000000,100000000,False
862848,FORTIS26OCTFUT,FORTIS,29OCT2026,0.000000,775,FUTSTK,BFO,5.000000,100000000,False
862850,PREMIERENE26OCT1080CE,PREMIERENE,29OCT2026,108000.000000,650,OPTSTK,BFO,5.000000,100000000,False
862852,ZYDUSLIFE26OCT1080CE,ZYDUSLIFE,29OCT2026,108000.000000,900,OPTSTK,BFO,5.000000,54000,False
863377,PAYTM26OCT1460PE,PAYTM,29OCT2026,146000.000000,725,OPTSTK,BFO,5.000000,100000000,False
863378,BANKEX26OCT66200PE,BANKEX,29OCT2026,6620000.000000,30,OPTIDX,BFO,5.000000,900,False
863402,NYKAA26OCT355CE,NYKAA,29OCT2026,35500.000000,3125,OPTSTK,BFO,5.000000,100000000,False
863408,LAURUSLABS26OCT1680PE,LAURUSLABS,29OCT2026,168000.000000,850,OPTSTK,BFO,5.000000,68000,False
883558,HINDZINC26SEP670CE,HINDZINC,24SEP2026,67000.000000,1225,OPTSTK,BFO,5.000000,100000000,False
883562,UNOMINDA26SEP1400PE,UNOMINDA,24SEP2026,140000.000000,550,OPTSTK,BFO,5.000000,100000000,False
883581,RADICO26OCT4900CE,RADICO,29OCT2026,490000.000000,150,OPTSTK,BFO,5.000000,100000000,False
883583,BOSCHLTD26OCT46000PE,BOSCHLTD,29OCT2026,4600000.000000,25,OPTSTK,BFO,5.000000,1500,False
844994,LTF26SEP285CE,LTF,24SEP2026,28500.000000,2250,OPTSTK,BFO,5.000000,267720,False
844999,SBILIFE26SEP1660CE,SBILIFE,24SEP2026,166000.000000,375,OPTSTK,BFO,5.000000,22500,False
845008,KOTAKBANK26SEP400PE,KOTAKBANK,24SEP2026,40000.000000,2000,OPTSTK,BFO,5.000000,12000,False
845016,LICHSGFIN26SEP565PE,LICHSGFIN,24SEP2026,56500.000000,1000,OPTSTK,BFO,5.000000,60000,False
845025,SHREECEM26SEP24000CE,SHREECEM,24SEP2026,2400000.000000,25,OPTSTK,BFO,5.000000,1000,False
845040,ULTRACEMCO26SEP10660PE,ULTRACEMCO,24SEP2026,1066000.000000,50,OPTSTK,BFO,5.000000,3000,False
845044,APLAPOLLO26SEP1880PE,APLAPOLLO,24SEP2026,188000.000000,350,OPTSTK,BFO,5.000000,100000000,False
862862,FOCIT26SEP42100CE,FOCIT,24SEP2026,4210000.000000,45,OPTIDX,BFO,5.000000,1350,False
862874,UNIONBANK26OCTFUT,UNIONBANK,29OCT2026,0.000000,4425,FUTSTK,BFO,5.000000,100000000,False
862881,SBICARD26OCT620PE,SBICARD,29OCT2026,62000.000000,800,OPTSTK,BFO,5.000000,32000,False
862908,JINDALSTEL26OCT1060PE,JINDALSTEL,29OCT2026,106000.000000,625,OPTSTK,BFO,5.000000,37500,False
863421,TORNTPHARM26OCT5000PE,TORNTPHARM,29OCT2026,500000.000000,125,OPTSTK,BFO,5.000000,15000,False
863427,MAXHEALTH26OCT1090PE,MAXHEALTH,29OCT2026,109000.000000,525,OPTSTK,BFO,5.000000,100000000,False
863452,APLAPOLLO26OCT1960CE,APLAPOLLO,29OCT2026,196000.000000,350,OPTSTK,BFO,5.000000,100000000,False
863453,LT26OCT4000PE,LT,29OCT2026,400000.000000,175,OPTSTK,BFO,5.000000,12000,False
883589,SENSEX27JUN72000PE,SENSEX,24JUN2027,7200000.000000,20,OPTIDX,BFO,5.000000,1000,False
883614,SHRIRAMFIN26OCT1260PE,SHRIRAMFIN,29OCT2026,126000.000000,825,OPTSTK,BFO,5.000000,18000,False
883622,APLAPOLLO26OCT2100PE,APLAPOLLO,29OCT2026,210000.000000,350,OPTSTK,BFO,5.000000,100000000,False
883629,JUBLFOOD26SEP505CE,JUBLFOOD,24SEP2026,50500.000000,1250,OPTSTK,BFO,5.000000,50000,False
862909,PGEL26OCT650PE,PGEL,29OCT2026,65000.000000,950,OPTSTK,BFO,5.000000,100000000,False
862953,CAMS26OCT740PE,CAMS,29OCT2026,74000.000000,825,OPTSTK,BFO,5.000000,100000000,False
862964,SENSEX26OCT83900PE,SENSEX,29OCT2026,8390000.000000,20,OPTIDX,BFO,5.000000,1000,False
862975,BPCL26OCT315CE,BPCL,29OCT2026,31500.000000,1975,OPTSTK,BFO,5.000000,72000,False
863470,FOCIT26OCT33000CE,FOCIT,29OCT2026,3300000.000000,45,OPTIDX,BFO,5.000000,1350,False
863473,HEROMOTOCO26OCT4800CE,HEROMOTOCO,29OCT2026,480000.000000,150,OPTSTK,BFO,5.000000,9000,False
863496,HEROMOTOCO26OCT5500PE,HEROMOTOCO,29OCT2026,550000.000000,150,OPTSTK,BFO,5.000000,9000,False
863501,RELIANCE26OCT1360CE,RELIANCE,29OCT2026,136000.000000,500,OPTSTK,BFO,5.000000,10000,False
883635,HEROMOTOCO26OCT6300PE,HEROMOTOCO,29OCT2026,630000.000000,150,OPTSTK,BFO,5.000000,9000,False
883641,HINDALCO26OCT1180CE,HINDALCO,29OCT2026,118000.000000,700,OPTSTK,BFO,5.000000,56000,False
883667,HINDALCO26SEP1180PE,HINDALCO,24SEP2026,118000.000000,700,OPTSTK,BFO,5.000000,56000,False
883669,TVSMOTOR26OCT4750CE,TVSMOTOR,29OCT2026,475000.000000,175,OPTSTK,BFO,5.000000,21000,False
845045,MAXHEALTH26SEP1160PE,MAXHEALTH,24SEP2026,116000.000000,525,OPTSTK,BFO,5.000000,100000000,False
845052,UNIONBANK26SEP187.5PE,UNIONBANK,24SEP2026,18750.000000,4425,OPTSTK,BFO,5.000000,100000000,False
845055,NYKAA26SEP312.5PE,NYKAA,24SEP2026,31250.000000,3125,OPTSTK,BFO,5.000000,100000000,False
845056,HINDZINC26SEP520CE,HINDZINC,24SEP2026,52000.000000,1225,OPTSTK,BFO,5.000000,100000000,False
862979,BANKEX26OCT60900PE,BANKEX,29OCT2026,6090000.000000,30,OPTIDX,BFO,5.000000,900,False
862993,KAYNES26OCT3500PE,KAYNES,29OCT2026,350000.000000,150,OPTSTK,BFO,5.000000,100000000,False
862997,GODREJPROP26OCT2020PE,GODREJPROP,29OCT2026,202000.000000,325,OPTSTK,BFO,5.000000,19000,False
863008,HCLTECH26OCT1360PE,HCLTECH,29OCT2026,136000.000000,400,OPTSTK,BFO,5.000000,21000,False
883688,BAJAJ-AUTO26SEP12400PE,BAJAJ-AUTO,24SEP2026,1240000.000000,75,OPTSTK,BFO,5.000000,5000,False
883709,MPHASIS26SEP2800CE,MPHASIS,24SEP2026,280000.000000,275,OPTSTK,BFO,5.000000,11000,False
883712,JSWSTEEL26SEP1440PE,JSWSTEEL,24SEP2026,144000.000000,675,OPTSTK,BFO,5.000000,40500,False
883725,ULTRACEMCO26OCT12800CE,ULTRACEMCO,29OCT2026,1280000.000000,50,OPTSTK,BFO,5.000000,3000,False
845059,KALYANKJIL26SEP360CE,KALYANKJIL,24SEP2026,36000.000000,1350,OPTSTK,BFO,5.000000,100000000,False
845073,GLENMARK26SEP2060CE,GLENMARK,24SEP2026,206000.000000,375,OPTSTK,BFO,5.000000,43500,False
845086,MAXHEALTH26SEP1150CE,MAXHEALTH,24SEP2026,115000.000000,525,OPTSTK,BFO,5.000000,100000000,False
845094,PAGEIND26SEP41250PE,PAGEIND,24SEP2026,4125000.000000,20,OPTSTK,BFO,5.000000,600,False
863507,SONACOMS26OCT770CE,SONACOMS,29OCT2026,77000.000000,1225,OPTSTK,BFO,5.000000,100000000,False
863509,ANGELONE26OCT310CE,ANGELONE,29OCT2026,31000.000000,2500,OPTSTK,BFO,5.000000,100000000,False
863518,AMBUJACEM26OCT405PE,AMBUJACEM,29OCT2026,40500.000000,1200,OPTSTK,BFO,5.000000,54000,False
863526,HINDZINC26OCT570CE,HINDZINC,29OCT2026,57000.000000,1225,OPTSTK,BFO,5.000000,100000000,False
883732,JSWSTEEL26OCT1460CE,JSWSTEEL,29OCT2026,146000.000000,675,OPTSTK,BFO,5.000000,40500,False
883762,PIDILITIND26SEP1780CE,PIDILITIND,24SEP2026,178000.000000,500,OPTSTK,BFO,5.000000,10000,False
883768,HINDZINC26OCT650PE,HINDZINC,29OCT2026,65000.000000,1225,OPTSTK,BFO,5.000000,100000000,False
883823,HAL26OCT5050CE,HAL,29OCT2026,505000.000000,150,OPTSTK,BFO,5.000000,9000,False
863009,INOXWIND26OCT77.5CE,INOXWIND,29OCT2026,7750.000000,6400,OPTSTK,BFO,5.000000,100000000,False
863013,KFINTECH26OCT820PE,KFINTECH,29OCT2026,82000.000000,575,OPTSTK,BFO,5.000000,100000000,False
863021,SENSEX26OCT84600CE,SENSEX,29OCT2026,8460000.000000,20,OPTIDX,BFO,5.000000,1000,False
863030,FORTIS26OCT900CE,FORTIS,29OCT2026,90000.000000,775,OPTSTK,BFO,5.000000,100000000,False
845106,ADANIENT26SEP3100CE,ADANIENT,24SEP2026,310000.000000,309,OPTSTK,BFO,5.000000,9000,False
845117,HAL26SEP4000CE,HAL,24SEP2026,400000.000000,150,OPTSTK,BFO,5.000000,9000,False
845123,ASIANPAINT26SEP2640PE,ASIANPAINT,24SEP2026,264000.000000,250,OPTSTK,BFO,5.000000,8000,False
845133,HINDUNILVR26SEP2320PE,HINDUNILVR,24SEP2026,232000.000000,300,OPTSTK,BFO,5.000000,9000,False
863536,SRF26OCT2350PE,SRF,29OCT2026,235000.000000,200,OPTSTK,BFO,5.000000,11250,False
863544,FOCIT26OCT43000CE,FOCIT,29OCT2026,4300000.000000,45,OPTIDX,BFO,5.000000,1350,False
863551,ASTRAL26OCT1420CE,ASTRAL,29OCT2026,142000.000000,425,OPTSTK,BFO,5.000000,14680,False
863558,SENSEX2691775700PE,SENSEX,17SEP2026,7570000.000000,20,OPTIDX,BFO,5.000000,1000,False
883855,HAL26SEP5050PE,HAL,24SEP2026,505000.000000,150,OPTSTK,BFO,5.000000,9000,False
883869,BLUESTARCO26OCT1480PE,BLUESTARCO,29OCT2026,148000.000000,325,OPTSTK,BFO,5.000000,100000000,False
883885,FEDERALBNK26OCT315CE,FEDERALBNK,29OCT2026,31500.000000,2500,OPTSTK,BFO,5.000000,200000,False
883907,SBIN26OCT1130PE,SBIN,29OCT2026,113000.000000,750,OPTSTK,BFO,5.000000,45000,False
863034,EICHERMOT26OCT7200CE,EICHERMOT,29OCT2026,720000.000000,100,OPTSTK,BFO,5.000000,7000,False
863039,SENSEX2691772100CE,SENSEX,17SEP2026,7210000.000000,20,OPTIDX,BFO,5.000000,1000,False
863058,NBCC26OCT100CE,NBCC,29OCT2026,10000.000000,6500,OPTSTK,BFO,5.000000,100000000,False
863059,FOCIT26SEP34700PE,FOCIT,24SEP2026,3470000.000000,45,OPTIDX,BFO,5.000000,1350,False
883912,BIOCON26OCT475PE,BIOCON,29OCT2026,47500.000000,2500,OPTSTK,BFO,5.000000,100000,False
883924,SENSEX26SEP85800PE,SENSEX,24SEP2026,8580000.000000,20,OPTIDX,BFO,5.000000,1000,False
883925,SENSEX2691786000CE,SENSEX,17SEP2026,8600000.000000,20,OPTIDX,BFO,5.000000,1000,False
883968,SENSEX2691785900PE,SENSEX,17SEP2026,8590000.000000,20,OPTIDX,BFO,5.000000,1000,False
845142,DELHIVERY26SEP470PE,DELHIVERY,24SEP2026,47000.000000,2075,OPTSTK,BFO,5.000000,100000000,False
845148,ONGC26SEP242.5CE,ONGC,24SEP2026,24250.000000,2250,OPTSTK,BFO,5.000000,154000,False
845149,HINDUNILVR26SEP2160PE,HINDUNILVR,24SEP2026,216000.000000,300,OPTSTK,BFO,5.000000,9000,False
845168,PERSISTENT26SEP5050PE,PERSISTENT,24SEP2026,505000.000000,125,OPTSTK,BFO,5.000000,5250,False
863560,CANBK26OCT135PE,CANBK,29OCT2026,13500.000000,6750,OPTSTK,BFO,5.000000,81000,False
863565,ONGC26OCT225PE,ONGC,29OCT2026,22500.000000,2250,OPTSTK,BFO,5.000000,154000,False
863581,PAGEIND26OCT39500CE,PAGEIND,29OCT2026,3950000.000000,20,OPTSTK,BFO,5.000000,600,False
863590,GMRAIRPORT26OCT99PE,GMRAIRPORT,29OCT2026,9900.000000,6975,OPTSTK,BFO,5.000000,675000,False
883943,SHRIRAMFIN26OCT1280PE,SHRIRAMFIN,29OCT2026,128000.000000,825,OPTSTK,BFO,5.000000,18000,False
883977,SENSEX5026SEP26900CE,SENSEX50,24SEP2026,2690000.000000,75,OPTIDX,BFO,5.000000,1800,False
884015,POWERGRID26OCT252.5PE,POWERGRID,29OCT2026,25250.000000,1900,OPTSTK,BFO,5.000000,108000,False
884016,INDIANB26OCT930PE,INDIANB,29OCT2026,93000.000000,1000,OPTSTK,BFO,5.000000,100000000,False
863067,TITAN26OCT4800CE,TITAN,29OCT2026,480000.000000,175,OPTSTK,BFO,5.000000,11250,False
863069,CONCOR26OCT540PE,CONCOR,29OCT2026,54000.000000,1250,OPTSTK,BFO,5.000000,40000,False
863091,INDUSTOWER26OCT371PE,INDUSTOWER,29OCT2026,37100.000000,1700,OPTSTK,BFO,5.000000,170000,False
863095,HINDUNILVR26OCT2120PE,HINDUNILVR,29OCT2026,212000.000000,300,OPTSTK,BFO,5.000000,9000,False
845196,FEDERALBNK26SEP312.5CE,FEDERALBNK,24SEP2026,31250.000000,2500,OPTSTK,BFO,5.000000,200000,False
845208,ASHOKLEY26SEP142.5PE,ASHOKLEY,24SEP2026,14250.000000,5000,OPTSTK,BFO,5.000000,150000,False
845224,SIEMENS26SEP3800PE,SIEMENS,24SEP2026,380000.000000,175,OPTSTK,BFO,5.000000,8250,False
845226,FOCIT26SEP26500CE,FOCIT,24SEP2026,2650000.000000,45,OPTIDX,BFO,5.000000,1350,False
863596,IDEA26OCT9PE,IDEA,29OCT2026,900.000000,71475,OPTSTK,BFO,5.000000,2400000,False
863600,FOCIT26OCT43900CE,FOCIT,29OCT2026,4390000.000000,45,OPTIDX,BFO,5.000000,1350,False
863616,HINDUNILVR26OCT2160PE,HINDUNILVR,29OCT2026,216000.000000,300,OPTSTK,BFO,5.000000,9000,False
863623,MARUTI26OCT14800CE,MARUTI,29OCT2026,1480000.000000,50,OPTSTK,BFO,5.000000,3000,False
883949,MANKIND26SEP2300CE,MANKIND,24SEP2026,230000.000000,250,OPTSTK,BFO,5.000000,100000000,False
883966,SAIL26OCT195PE,SAIL,29OCT2026,19500.000000,4700,OPTSTK,BFO,5.000000,320000,False
883967,ETERNAL26OCT350CE,ETERNAL,29OCT2026,35000.000000,2425,OPTSTK,BFO,5.000000,100000000,False
883981,ABCAPITAL26SEP460PE,ABCAPITAL,24SEP2026,46000.000000,3100,OPTSTK,BFO,5.000000,162000,False
863099,HDFCBANK26OCT820CE,HDFCBANK,29OCT2026,82000.000000,650,OPTSTK,BFO,5.000000,16500,False
863108,FOCIT26SEP35400CE,FOCIT,24SEP2026,3540000.000000,45,OPTIDX,BFO,5.000000,1350,False
863126,FOCIT26SEP42400PE,FOCIT,24SEP2026,4240000.000000,45,OPTIDX,BFO,5.000000,1350,False
863144,WIPRO26OCT190PE,WIPRO,29OCT2026,19000.000000,3000,OPTSTK,BFO,5.000000,60000,False
884002,BANKEX26OCT72900PE,BANKEX,29OCT2026,7290000.000000,30,OPTIDX,BFO,5.000000,900,False
884009,SAIL26SEP195CE,SAIL,24SEP2026,19500.000000,4700,OPTSTK,BFO,5.000000,320000,False
884055,PIDILITIND26SEP1820PE,PIDILITIND,24SEP2026,182000.000000,500,OPTSTK,BFO,5.000000,10000,False
884062,LODHA26OCT1080CE,LODHA,29OCT2026,108000.000000,625,OPTSTK,BFO,5.000000,100000000,False
845233,COCHINSHIP26SEP1340CE,COCHINSHIP,24SEP2026,134000.000000,400,OPTSTK,BFO,5.000000,100000000,False
845266,SAIL26SEP172.5PE,SAIL,24SEP2026,17250.000000,4700,OPTSTK,BFO,5.000000,320000,False
845271,VBL26SEP535PE,VBL,24SEP2026,53500.000000,1275,OPTSTK,BFO,5.000000,100000000,False
845275,HINDUNILVR26SEP2060CE,HINDUNILVR,24SEP2026,206000.000000,300,OPTSTK,BFO,5.000000,9000,False
863145,AXISBANK26OCT1260PE,AXISBANK,29OCT2026,126000.000000,625,OPTSTK,BFO,5.000000,25000,False
863152,HEROMOTOCO26OCT5200CE,HEROMOTOCO,29OCT2026,520000.000000,150,OPTSTK,BFO,5.000000,9000,False
863153,LODHA26OCT1420PE,LODHA,29OCT2026,142000.000000,625,OPTSTK,BFO,5.000000,100000000,False
863164,HDFCLIFE26OCT520PE,HDFCLIFE,29OCT2026,52000.000000,1100,OPTSTK,BFO,5.000000,44000,False
863626,FOCIT26SEP40300PE,FOCIT,24SEP2026,4030000.000000,45,OPTIDX,BFO,5.000000,1350,False
863627,NAM-INDIA26OCT1120PE,NAM-INDIA,29OCT2026,112000.000000,625,OPTSTK,BFO,5.000000,100000000,False
863636,PNB26OCT108CE,PNB,29OCT2026,10800.000000,8000,OPTSTK,BFO,5.000000,480000,False
863644,SENSEX26OCT78800PE,SENSEX,29OCT2026,7880000.000000,20,OPTIDX,BFO,5.000000,1000,False
884064,HAL26SEP5250CE,HAL,24SEP2026,525000.000000,150,OPTSTK,BFO,5.000000,9000,False
884146,INDIANB26OCT940CE,INDIANB,29OCT2026,94000.000000,1000,OPTSTK,BFO,5.000000,100000000,False
884155,HAL26OCT5200PE,HAL,29OCT2026,520000.000000,150,OPTSTK,BFO,5.000000,9000,False
884183,RELIANCE26OCT1400PE,RELIANCE,29OCT2026,140000.000000,500,OPTSTK,BFO,5.000000,10000,False
884224,HAL26SEP5250PE,HAL,24SEP2026,525000.000000,150,OPTSTK,BFO,5.000000,9000,False
884235,MAZDOCK26OCT2800PE,MAZDOCK,29OCT2026,280000.000000,225,OPTSTK,BFO,5.000000,100000000,False
884255,SAIL26OCT195CE,SAIL,29OCT2026,19500.000000,4700,OPTSTK,BFO,5.000000,320000,False
884260,SENSEX26OCT86000CE,SENSEX,29OCT2026,8600000.000000,20,OPTIDX,BFO,5.000000,1000,False
845289,BAJFINANCE26SEP1010PE,BAJFINANCE,24SEP2026,101000.000000,750,OPTSTK,BFO,5.000000,3750,False
845290,ADANIPORTS26SEP1860CE,ADANIPORTS,24SEP2026,186000.000000,475,OPTSTK,BFO,5.000000,32000,False
845298,LICI26SEP455PE,LICI,24SEP2026,45500.000000,1400,OPTSTK,BFO,5.000000,100000000,False
845310,BHEL26SEP395CE,BHEL,24SEP2026,39500.000000,2625,OPTSTK,BFO,5.000000,315000,False
863179,POLYCAB26OCT8200PE,POLYCAB,29OCT2026,820000.000000,125,OPTSTK,BFO,5.000000,9000,False
863188,SENSEX26OCT74900PE,SENSEX,29OCT2026,7490000.000000,20,OPTIDX,BFO,5.000000,1000,False
863190,DIVISLAB26OCT8000PE,DIVISLAB,29OCT2026,800000.000000,100,OPTSTK,BFO,5.000000,8000,False
863203,COCHINSHIP26OCT1300CE,COCHINSHIP,29OCT2026,130000.000000,400,OPTSTK,BFO,5.000000,100000000,False
863646,DABUR26OCT435PE,DABUR,29OCT2026,43500.000000,1250,OPTSTK,BFO,5.000000,50000,False
863653,HEROMOTOCO26OCT5400CE,HEROMOTOCO,29OCT2026,540000.000000,150,OPTSTK,BFO,5.000000,9000,False
863657,BDL26OCT1120CE,BDL,29OCT2026,112000.000000,425,OPTSTK,BFO,5.000000,100000000,False
863665,IDEA26OCT14PE,IDEA,29OCT2026,1400.000000,71475,OPTSTK,BFO,5.000000,2400000,False
845315,INDIGO26SEP5250PE,INDIGO,24SEP2026,525000.000000,150,OPTSTK,BFO,5.000000,12000,False
845326,TATAPOWER26SEP425CE,TATAPOWER,24SEP2026,42500.000000,1450,OPTSTK,BFO,5.000000,101250,False
845335,UNITDSPR26SEP1440CE,UNITDSPR,24SEP2026,144000.000000,400,OPTSTK,BFO,5.000000,28000,False
845341,ABCAPITAL26SEP380CE,ABCAPITAL,24SEP2026,38000.000000,3100,OPTSTK,BFO,5.000000,162000,False
863222,TATAPOWER26OCT365CE,TATAPOWER,29OCT2026,36500.000000,1450,OPTSTK,BFO,5.000000,101250,False
863229,FORTIS26OCT900PE,FORTIS,29OCT2026,90000.000000,775,OPTSTK,BFO,5.000000,100000000,False
863237,SONACOMS26OCTFUT,SONACOMS,29OCT2026,0.000000,1225,FUTSTK,BFO,5.000000,100000000,False
863245,AXISBANK26OCTFUT,AXISBANK,29OCT2026,0.000000,625,FUTSTK,BFO,5.000000,25000,False
884263,ICICIBANK26SEP1550PE,ICICIBANK,24SEP2026,155000.000000,700,OPTSTK,BFO,5.000000,28000,False
884286,MAZDOCK26OCT2900CE,MAZDOCK,29OCT2026,290000.000000,225,OPTSTK,BFO,5.000000,100000000,False
884292,MARUTI26OCT13300CE,MARUTI,29OCT2026,1330000.000000,50,OPTSTK,BFO,5.000000,3000,False
884316,HAL26OCT5100PE,HAL,29OCT2026,510000.000000,150,OPTSTK,BFO,5.000000,9000,False
863700,BANKBARODA26OCT260PE,BANKBARODA,29OCT2026,26000.000000,2925,OPTSTK,BFO,5.000000,175500,False
863715,FOCIT26OCT31000PE,FOCIT,29OCT2026,3100000.000000,45,OPTIDX,BFO,5.000000,1350,False
863724,M&M26OCT3200PE,M&M,29OCT2026,320000.000000,200,OPTSTK,BFO,5.000000,21000,False
863725,SONACOMS26OCT770PE,SONACOMS,29OCT2026,77000.000000,1225,OPTSTK,BFO,5.000000,100000000,False
863274,AXISBANK26OCT1160CE,AXISBANK,29OCT2026,116000.000000,625,OPTSTK,BFO,5.000000,25000,False
884336,BDL26OCT1420PE,BDL,29OCT2026,142000.000000,425,OPTSTK,BFO,5.000000,100000000,False
884344,SENSEX5026OCT26850PE,SENSEX50,29OCT2026,2685000.000000,75,OPTIDX,BFO,5.000000,1800,False
884356,PIDILITIND26SEP1800PE,PIDILITIND,24SEP2026,180000.000000,500,OPTSTK,BFO,5.000000,10000,False
884361,SENSEX2691786000PE,SENSEX,17SEP2026,8600000.000000,20,OPTIDX,BFO,5.000000,1000,False
863246,BANKEX26OCT60800CE,BANKEX,29OCT2026,6080000.000000,30,OPTIDX,BFO,5.000000,900,False
863251,RADICO26OCT4100PE,RADICO,29OCT2026,410000.000000,150,OPTSTK,BFO,5.000000,100000000,False
863272,SENSEX2691772400PE,SENSEX,17SEP2026,7240000.000000,20,OPTIDX,BFO,5.000000,1000,False
845348,JUBLFOOD26SEP425CE,JUBLFOOD,24SEP2026,42500.000000,1250,OPTSTK,BFO,5.000000,50000,False
845359,GMRAIRPORT26SEP110PE,GMRAIRPORT,24SEP2026,11000.000000,6975,OPTSTK,BFO,5.000000,675000,False
845363,INDIANB26SEP880PE,INDIANB,24SEP2026,88000.000000,1000,OPTSTK,BFO,5.000000,100000000,False
845367,BANKEX26SEP68000PE,BANKEX,24SEP2026,6800000.000000,30,OPTIDX,BFO,5.000000,900,False
863739,PATANJALI26OCT380CE,PATANJALI,29OCT2026,38000.000000,1075,OPTSTK,BFO,5.000000,100000000,False
863745,FORTIS26OCT940PE,FORTIS,29OCT2026,94000.000000,775,OPTSTK,BFO,5.000000,100000000,False
863756,ADANIPOWER26OCT205CE,ADANIPOWER,29OCT2026,20500.000000,3550,OPTSTK,BFO,5.000000,100000000,False
863757,PIIND26OCT2500CE,PIIND,29OCT2026,250000.000000,175,OPTSTK,BFO,5.000000,7500,False
884371,BHARATFORG26OCT2360PE,BHARATFORG,29OCT2026,236000.000000,500,OPTSTK,BFO,5.000000,30000,False
884375,SENSEX26SEP85700PE,SENSEX,24SEP2026,8570000.000000,20,OPTIDX,BFO,5.000000,1000,False
884409,SBIN26OCT1140PE,SBIN,29OCT2026,114000.000000,750,OPTSTK,BFO,5.000000,45000,False
884413,MAZDOCK26OCT2900PE,MAZDOCK,29OCT2026,290000.000000,225,OPTSTK,BFO,5.000000,100000000,False
863283,SONACOMS26OCT800PE,SONACOMS,29OCT2026,80000.000000,1225,OPTSTK,BFO,5.000000,100000000,False
863291,FOCIT26SEP39400PE,FOCIT,24SEP2026,3940000.000000,45,OPTIDX,BFO,5.000000,1350,False
863293,PNBHOUSING26OCT900PE,PNBHOUSING,29OCT2026,90000.000000,650,OPTSTK,BFO,5.000000,100000000,False
863295,NMDC26OCT83PE,NMDC,29OCT2026,8300.000000,6750,OPTSTK,BFO,5.000000,225000,False
845368,DIVISLAB26SEP6550PE,DIVISLAB,24SEP2026,655000.000000,100,OPTSTK,BFO,5.000000,8000,False
845369,LTF26SEP265PE,LTF,24SEP2026,26500.000000,2250,OPTSTK,BFO,5.000000,267720,False
845383,HINDPETRO26SEP405.75PE,HINDPETRO,24SEP2026,40575.000000,2025,OPTSTK,BFO,5.000000,108000,False
845384,UPL26SEP570PE,UPL,24SEP2026,57000.000000,1355,OPTSTK,BFO,5.000000,39000,False
863768,BANKEX26OCT70100CE,BANKEX,29OCT2026,7010000.000000,30,OPTIDX,BFO,5.000000,900,False
863777,SENSEX2691777000CE,SENSEX,17SEP2026,7700000.000000,20,OPTIDX,BFO,5.000000,1000,False
863789,AMBER26OCTFUT,AMBER,29OCT2026,0.000000,100,FUTSTK,BFO,5.000000,100000000,False
884427,SBIN26SEP1140CE,SBIN,24SEP2026,114000.000000,750,OPTSTK,BFO,5.000000,45000,False
884441,POWERGRID26SEP257.5PE,POWERGRID,24SEP2026,25750.000000,1900,OPTSTK,BFO,5.000000,108000,False
884520,GRASIM26OCT3400CE,GRASIM,29OCT2026,340000.000000,250,OPTSTK,BFO,5.000000,14250,False
884533,INDUSTOWER26OCT385CE,INDUSTOWER,29OCT2026,38500.000000,1700,OPTSTK,BFO,5.000000,170000,False
863783,FOCIT26OCT43300PE,FOCIT,29OCT2026,4330000.000000,45,OPTIDX,BFO,5.000000,1350,False
863300,RECLTD26OCT405CE,RECLTD,29OCT2026,40500.000000,1575,OPTSTK,BFO,5.000000,160000,False
863313,KEI26OCT4800PE,KEI,29OCT2026,480000.000000,175,OPTSTK,BFO,5.000000,100000000,False
863330,LAURUSLABS26OCT1920CE,LAURUSLABS,29OCT2026,192000.000000,850,OPTSTK,BFO,5.000000,68000,False
863338,SENSEX2691782400PE,SENSEX,17SEP2026,8240000.000000,20,OPTIDX,BFO,5.000000,1000,False
884554,HINDALCO26OCT1200PE,HINDALCO,29OCT2026,120000.000000,700,OPTSTK,BFO,5.000000,56000,False
884569,GRASIM26OCT3440CE,GRASIM,29OCT2026,344000.000000,250,OPTSTK,BFO,5.000000,14250,False
884622,INDIANB26SEP960PE,INDIANB,24SEP2026,96000.000000,1000,OPTSTK,BFO,5.000000,100000000,False
884627,GODREJCP26OCT980PE,GODREJCP,29OCT2026,98000.000000,500,OPTSTK,BFO,5.000000,30000,False
845395,TCS26SEP1980CE,TCS,24SEP2026,198000.000000,225,OPTSTK,BFO,5.000000,7000,False
845402,FEDERALBNK26SEP317.5CE,FEDERALBNK,24SEP2026,31750.000000,2500,OPTSTK,BFO,5.000000,200000,False
845418,ADANIPORTS26SEPFUT,ADANIPORTS,24SEP2026,0.000000,475,FUTSTK,BFO,5.000000,32000,False
845425,COFORGE26SEP1600PE,COFORGE,24SEP2026,160000.000000,475,OPTSTK,BFO,5.000000,6000,False
863374,SENSEX5026OCT26500PE,SENSEX50,29OCT2026,2650000.000000,75,OPTIDX,BFO,5.000000,1800,False
863382,TATAPOWER26OCT340PE,TATAPOWER,29OCT2026,34000.000000,1450,OPTSTK,BFO,5.000000,101250,False
863394,GLENMARK26OCT2160PE,GLENMARK,29OCT2026,216000.000000,375,OPTSTK,BFO,5.000000,43500,False
863416,PIIND26OCT2950CE,PIIND,29OCT2026,295000.000000,175,OPTSTK,BFO,5.000000,7500,False
863820,BHEL26OCT425CE,BHEL,29OCT2026,42500.000000,2625,OPTSTK,BFO,5.000000,315000,False
863822,SENSEX2691773300CE,SENSEX,17SEP2026,7330000.000000,20,OPTIDX,BFO,5.000000,1000,False
863825,SENSEX2691775600CE,SENSEX,17SEP2026,7560000.000000,20,OPTIDX,BFO,5.000000,1000,False
863831,PRESTIGE26OCT1560CE,PRESTIGE,29OCT2026,156000.000000,450,OPTSTK,BFO,5.000000,100000000,False
884629,NESTLEIND26SEP1600CE,NESTLEIND,24SEP2026,160000.000000,500,OPTSTK,BFO,5.000000,1200,False
884646,BLUESTARCO26OCT1420CE,BLUESTARCO,29OCT2026,142000.000000,325,OPTSTK,BFO,5.000000,100000000,False
884649,GRASIM26OCT3400PE,GRASIM,29OCT2026,340000.000000,250,OPTSTK,BFO,5.000000,14250,False
884660,INDUSTOWER26OCT370PE,INDUSTOWER,29OCT2026,37000.000000,1700,OPTSTK,BFO,5.000000,170000,False
863417,BRITANNIA26OCT5150CE,BRITANNIA,29OCT2026,515000.000000,125,OPTSTK,BFO,5.000000,6000,False
863420,CHOLAFIN26OCT1880CE,CHOLAFIN,29OCT2026,188000.000000,625,OPTSTK,BFO,5.000000,25000,False
863432,NHPC26OCT85CE,NHPC,29OCT2026,8500.000000,6950,OPTSTK,BFO,5.000000,100000000,False
863434,ADANIENT26OCT3200PE,ADANIENT,29OCT2026,320000.000000,309,OPTSTK,BFO,5.000000,9000,False
845431,DLF26SEP620CE,DLF,24SEP2026,62000.000000,950,OPTSTK,BFO,5.000000,49500,False
845438,SRF26SEP2800PE,SRF,24SEP2026,280000.000000,200,OPTSTK,BFO,5.000000,11250,False
845448,INDIANB26SEP790PE,INDIANB,24SEP2026,79000.000000,1000,OPTSTK,BFO,5.000000,100000000,False
845452,KAYNES26SEP3000PE,KAYNES,24SEP2026,300000.000000,150,OPTSTK,BFO,5.000000,100000000,False
863848,360ONE26OCT1140PE,,29OCT2026,114000.000000,500,OPTSTK,BFO,5.000000,100000000,False
863853,IOC26OCT150PE,IOC,29OCT2026,15000.000000,4875,OPTSTK,BFO,5.000000,292500,False
863867,KAYNES26OCT3750CE,KAYNES,29OCT2026,375000.000000,150,OPTSTK,BFO,5.000000,100000000,False
863868,IDEA26OCT19PE,IDEA,29OCT2026,1900.000000,71475,OPTSTK,BFO,5.000000,2400000,False
884682,INDUSTOWER26SEP405CE,INDUSTOWER,24SEP2026,40500.000000,1700,OPTSTK,BFO,5.000000,170000,False
884705,BLUESTARCO26SEP1380CE,BLUESTARCO,24SEP2026,138000.000000,325,OPTSTK,BFO,5.000000,100000000,False
884709,GRASIM26SEP3420CE,GRASIM,24SEP2026,342000.000000,250,OPTSTK,BFO,5.000000,14250,False
884735,GRASIM26OCT3460PE,GRASIM,29OCT2026,346000.000000,250,OPTSTK,BFO,5.000000,14250,False
863435,BANKEX26OCT62500PE,BANKEX,29OCT2026,6250000.000000,30,OPTIDX,BFO,5.000000,900,False
863449,SAIL26OCT187.5PE,SAIL,29OCT2026,18750.000000,4700,OPTSTK,BFO,5.000000,320000,False
863454,GODREJPROP26OCT2140CE,GODREJPROP,29OCT2026,214000.000000,325,OPTSTK,BFO,5.000000,19000,False
863483,SENSEX5026OCT26250PE,SENSEX50,29OCT2026,2625000.000000,75,OPTIDX,BFO,5.000000,1800,False
884739,SBIN26OCT1160PE,SBIN,29OCT2026,116000.000000,750,OPTSTK,BFO,5.000000,45000,False
884742,LAURUSLABS26SEP2000CE,LAURUSLABS,24SEP2026,200000.000000,850,OPTSTK,BFO,5.000000,68000,False
884758,SBIN26SEP1160CE,SBIN,24SEP2026,116000.000000,750,OPTSTK,BFO,5.000000,45000,False
884762,CROMPTON26OCT215CE,CROMPTON,29OCT2026,21500.000000,2150,OPTSTK,BFO,5.000000,90000,False
845453,HAL26SEP4300PE,HAL,24SEP2026,430000.000000,150,OPTSTK,BFO,5.000000,9000,False
845469,BANKEX26SEP72000PE,BANKEX,24SEP2026,7200000.000000,30,OPTIDX,BFO,5.000000,900,False
845474,MANAPPURAM26SEP290PE,MANAPPURAM,24SEP2026,29000.000000,3000,OPTSTK,BFO,5.000000,180000,False
845479,SOLARINDS26SEP16250CE,SOLARINDS,24SEP2026,1625000.000000,50,OPTSTK,BFO,5.000000,100000000,False
863484,FOCIT26OCT40000PE,FOCIT,29OCT2026,4000000.000000,45,OPTIDX,BFO,5.000000,1350,False
863486,DIXON26OCT13500CE,DIXON,29OCT2026,1350000.000000,50,OPTSTK,BFO,5.000000,6000,False
863492,SBICARD26OCT730PE,SBICARD,29OCT2026,73000.000000,800,OPTSTK,BFO,5.000000,32000,False
863504,JSWENERGY26OCT550PE,JSWENERGY,29OCT2026,55000.000000,1075,OPTSTK,BFO,5.000000,100000000,False
863882,BANKEX26OCT66400PE,BANKEX,29OCT2026,6640000.000000,30,OPTIDX,BFO,5.000000,900,False
863889,SENSEX26OCT74100CE,SENSEX,29OCT2026,7410000.000000,20,OPTIDX,BFO,5.000000,1000,False
863897,BAJFINANCE26OCT990PE,BAJFINANCE,29OCT2026,99000.000000,750,OPTSTK,BFO,5.000000,3750,False
863913,SENSEX26OCT81100PE,SENSEX,29OCT2026,8110000.000000,20,OPTIDX,BFO,5.000000,1000,False
884791,ICICIPRULI26OCT470CE,ICICIPRULI,29OCT2026,47000.000000,925,OPTSTK,BFO,5.000000,60000,False
884799,INDUSTOWER26OCT365CE,INDUSTOWER,29OCT2026,36500.000000,1700,OPTSTK,BFO,5.000000,170000,False
884832,CONCOR26OCT470CE,CONCOR,29OCT2026,47000.000000,1250,OPTSTK,BFO,5.000000,40000,False
884853,PGEL26SEP700PE,PGEL,24SEP2026,70000.000000,950,OPTSTK,BFO,5.000000,100000000,False
863515,SENSEX26OCT84800CE,SENSEX,29OCT2026,8480000.000000,20,OPTIDX,BFO,5.000000,1000,False
863519,HAVELLS26OCT1360PE,HAVELLS,29OCT2026,136000.000000,500,OPTSTK,BFO,5.000000,20000,False
863523,NMDC26OCT84CE,NMDC,29OCT2026,8400.000000,6750,OPTSTK,BFO,5.000000,225000,False
863524,LICI26OCT415CE,LICI,29OCT2026,41500.000000,1400,OPTSTK,BFO,5.000000,100000000,False
845512,NTPC26SEP345PE,NTPC,24SEP2026,34500.000000,1500,OPTSTK,BFO,5.000000,150000,False
845521,ABCAPITAL26SEP380PE,ABCAPITAL,24SEP2026,38000.000000,3100,OPTSTK,BFO,5.000000,162000,False
845524,GODFRYPHLP26SEP2320CE,GODFRYPHLP,24SEP2026,232000.000000,275,OPTSTK,BFO,5.000000,100000000,False
845529,BANKEX26SEPFUT,BANKEX,24SEP2026,0.000000,30,FUTIDX,BFO,5.000000,600,False
863924,OBEROIRLTY26OCT1880PE,OBEROIRLTY,29OCT2026,188000.000000,350,OPTSTK,BFO,5.000000,28000,False
863935,FOCIT26OCT39200CE,FOCIT,29OCT2026,3920000.000000,45,OPTIDX,BFO,5.000000,1350,False
863947,PERSISTENT26OCT6200CE,PERSISTENT,29OCT2026,620000.000000,125,OPTSTK,BFO,5.000000,5250,False
863949,SUPREMEIND26OCT3150CE,SUPREMEIND,29OCT2026,315000.000000,175,OPTSTK,BFO,5.000000,100000000,False
884859,INDUSTOWER26SEP340PE,INDUSTOWER,24SEP2026,34000.000000,1700,OPTSTK,BFO,5.000000,170000,False
884871,LAURUSLABS26SEP2000PE,LAURUSLABS,24SEP2026,200000.000000,850,OPTSTK,BFO,5.000000,68000,False
884879,LICHSGFIN26OCT430PE,LICHSGFIN,29OCT2026,43000.000000,1000,OPTSTK,BFO,5.000000,60000,False
884918,FOCIT26SEP45000PE,FOCIT,24SEP2026,4500000.000000,45,OPTIDX,BFO,5.000000,1350,False
863535,BANDHANBNK26OCT185CE,BANDHANBNK,29OCT2026,18500.000000,3600,OPTSTK,BFO,5.000000,100000,False
863537,BAJAJHLDNG26OCTFUT,BAJAJHLDNG,29OCT2026,0.000000,75,FUTSTK,BFO,5.000000,100000000,False
863541,SENSEX5026OCT24850PE,SENSEX50,29OCT2026,2485000.000000,75,OPTIDX,BFO,5.000000,1800,False
863545,FEDERALBNK26OCT350CE,FEDERALBNK,29OCT2026,35000.000000,2500,OPTSTK,BFO,5.000000,200000,False
884931,JUBLFOOD26SEP520PE,JUBLFOOD,24SEP2026,52000.000000,1250,OPTSTK,BFO,5.000000,50000,False
884934,BANKINDIA26OCT162.5PE,BANKINDIA,29OCT2026,16250.000000,5200,OPTSTK,BFO,5.000000,100000000,False
884938,INDIANB26OCT970CE,INDIANB,29OCT2026,97000.000000,1000,OPTSTK,BFO,5.000000,100000000,False
884965,TATAELXSI26OCT4150PE,TATAELXSI,29OCT2026,415000.000000,125,OPTSTK,BFO,5.000000,100000000,False
845531,IEX26SEP128PE,IEX,24SEP2026,12800.000000,4350,OPTSTK,BFO,5.000000,150000,False
845534,GMRAIRPORT26SEP111CE,GMRAIRPORT,24SEP2026,11100.000000,6975,OPTSTK,BFO,5.000000,675000,False
845539,ABCAPITAL26SEP385CE,ABCAPITAL,24SEP2026,38500.000000,3100,OPTSTK,BFO,5.000000,162000,False
845544,GODFRYPHLP26SEP2160CE,GODFRYPHLP,24SEP2026,216000.000000,275,OPTSTK,BFO,5.000000,100000000,False
863966,MPHASIS26OCT2500CE,MPHASIS,29OCT2026,250000.000000,275,OPTSTK,BFO,5.000000,11000,False
863549,HINDUNILVR26OCT2240CE,HINDUNILVR,29OCT2026,224000.000000,300,OPTSTK,BFO,5.000000,9000,False
863552,PIDILITIND26OCT1760CE,PIDILITIND,29OCT2026,176000.000000,500,OPTSTK,BFO,5.000000,10000,False
863562,FOCIT26SEP39300CE,FOCIT,24SEP2026,3930000.000000,45,OPTIDX,BFO,5.000000,1350,False
863566,INOXWIND26OCT85CE,INOXWIND,29OCT2026,8500.000000,6400,OPTSTK,BFO,5.000000,100000000,False
863953,KOTAKBANK26OCT405CE,KOTAKBANK,29OCT2026,40500.000000,2000,OPTSTK,BFO,5.000000,12000,False
863955,ADANIPOWER26OCT205PE,ADANIPOWER,29OCT2026,20500.000000,3550,OPTSTK,BFO,5.000000,100000000,False
863960,TVSMOTOR26OCT3950CE,TVSMOTOR,29OCT2026,395000.000000,175,OPTSTK,BFO,5.000000,21000,False
884995,MOTHERSON26SEP185CE,MOTHERSON,24SEP2026,18500.000000,6150,OPTSTK,BFO,5.000000,284000,False
885059,GRASIM26OCT3480PE,GRASIM,29OCT2026,348000.000000,250,OPTSTK,BFO,5.000000,14250,False
885128,PFC26OCT370CE,PFC,29OCT2026,37000.000000,1300,OPTSTK,BFO,5.000000,124000,False
885167,RECLTD26OCT310CE,RECLTD,29OCT2026,31000.000000,1575,OPTSTK,BFO,5.000000,160000,False
845550,GMRAIRPORT26SEP115PE,GMRAIRPORT,24SEP2026,11500.000000,6975,OPTSTK,BFO,5.000000,675000,False
845553,TMPV26SEP355PE,TMPV,24SEP2026,35500.000000,1600,OPTSTK,BFO,5.000000,42750,False
845577,ULTRACEMCO26SEPFUT,ULTRACEMCO,24SEP2026,0.000000,50,FUTSTK,BFO,5.000000,3000,False
845586,INDUSTOWER26SEP376PE,INDUSTOWER,24SEP2026,37600.000000,1700,OPTSTK,BFO,5.000000,170000,False
863567,PHOENIXLTD26OCT1800CE,PHOENIXLTD,29OCT2026,180000.000000,350,OPTSTK,BFO,5.000000,100000000,False
863568,SUNPHARMA26OCT2080CE,SUNPHARMA,29OCT2026,208000.000000,350,OPTSTK,BFO,5.000000,28000,False
863579,PAYTM26OCT1280PE,PAYTM,29OCT2026,128000.000000,725,OPTSTK,BFO,5.000000,100000000,False
863588,ANGELONE26SEP255PE,ANGELONE,24SEP2026,25500.000000,2500,OPTSTK,BFO,5.000000,100000000,False
863985,BEL26OCT385CE,BEL,29OCT2026,38500.000000,1425,OPTSTK,BFO,5.000000,228000,False
863988,PNBHOUSING26OCT1080PE,PNBHOUSING,29OCT2026,108000.000000,650,OPTSTK,BFO,5.000000,100000000,False
863991,AUBANK26OCT1140PE,AUBANK,29OCT2026,114000.000000,1000,OPTSTK,BFO,5.000000,30000,False
863992,HEROMOTOCO26OCT5700PE,HEROMOTOCO,29OCT2026,570000.000000,150,OPTSTK,BFO,5.000000,9000,False
885170,POWERINDIA26OCT37000PE,POWERINDIA,29OCT2026,3700000.000000,25,OPTSTK,BFO,5.000000,100000000,False
885203,FOCIT26OCT45300CE,FOCIT,29OCT2026,4530000.000000,45,OPTIDX,BFO,5.000000,1350,False
885215,LUPIN26OCT2160CE,LUPIN,29OCT2026,216000.000000,425,OPTSTK,BFO,5.000000,34000,False
885229,IEX26OCT107.5PE,IEX,29OCT2026,10750.000000,4350,OPTSTK,BFO,5.000000,150000,False
885236,BOSCHLTD26OCT47000PE,BOSCHLTD,29OCT2026,4700000.000000,25,OPTSTK,BFO,5.000000,1500,False
885242,MCX26OCT3100PE,MCX,29OCT2026,310000.000000,225,OPTSTK,BFO,5.000000,16000,False
885270,JUBLFOOD26OCT530CE,JUBLFOOD,29OCT2026,53000.000000,1250,OPTSTK,BFO,5.000000,50000,False
885291,POWERINDIA26OCT38500CE,POWERINDIA,29OCT2026,3850000.000000,25,OPTSTK,BFO,5.000000,100000000,False
845589,GODFRYPHLP26SEP2240PE,GODFRYPHLP,24SEP2026,224000.000000,275,OPTSTK,BFO,5.000000,100000000,False
845595,YESBANK26SEP26CE,YESBANK,24SEP2026,2600.000000,31100,OPTSTK,BFO,5.000000,100000000,False
845599,COLPAL26SEP1860PE,COLPAL,24SEP2026,186000.000000,275,OPTSTK,BFO,5.000000,14000,False
845602,JSWSTEEL26SEP1200CE,JSWSTEEL,24SEP2026,120000.000000,675,OPTSTK,BFO,5.000000,40500,False
863592,RVNL26OCT215CE,RVNL,29OCT2026,21500.000000,1925,OPTSTK,BFO,5.000000,100000000,False
863601,NYKAA26OCT355PE,NYKAA,29OCT2026,35500.000000,3125,OPTSTK,BFO,5.000000,100000000,False
863604,ETERNAL26OCT310CE,ETERNAL,29OCT2026,31000.000000,2425,OPTSTK,BFO,5.000000,100000000,False
863606,DIXON26OCT13250CE,DIXON,29OCT2026,1325000.000000,50,OPTSTK,BFO,5.000000,6000,False
863999,UNOMINDA26OCT1220PE,UNOMINDA,29OCT2026,122000.000000,550,OPTSTK,BFO,5.000000,100000000,False
864035,SBIN26OCT1070CE,SBIN,29OCT2026,107000.000000,750,OPTSTK,BFO,5.000000,45000,False
864038,NESTLEIND26OCT1510PE,NESTLEIND,29OCT2026,151000.000000,500,OPTSTK,BFO,5.000000,1200,False
864043,OFSS26OCT11100PE,OFSS,29OCT2026,1110000.000000,100,OPTSTK,BFO,5.000000,8000,False
845604,COFORGE26SEP1420PE,COFORGE,24SEP2026,142000.000000,475,OPTSTK,BFO,5.000000,6000,False
845608,SENSEX5026SEP25950CE,SENSEX50,24SEP2026,2595000.000000,75,OPTIDX,BFO,5.000000,1800,False
845617,CIPLA26SEP1440PE,CIPLA,24SEP2026,144000.000000,425,OPTSTK,BFO,5.000000,26000,False
845623,SUZLON26SEP54CE,SUZLON,24SEP2026,5400.000000,12700,OPTSTK,BFO,5.000000,100000000,False
863611,NHPC26OCT73CE,NHPC,29OCT2026,7300.000000,6950,OPTSTK,BFO,5.000000,100000000,False
863622,KALYANKJIL26OCT660PE,KALYANKJIL,29OCT2026,66000.000000,1350,OPTSTK,BFO,5.000000,100000000,False
863628,NTPC26OCTFUT,NTPC,29OCT2026,0.000000,1500,FUTSTK,BFO,5.000000,150000,False
863629,COFORGE26OCT1880CE,COFORGE,29OCT2026,188000.000000,475,OPTSTK,BFO,5.000000,6000,False
885302,LTM26OCT5050PE,LTM,29OCT2026,505000.000000,150,OPTSTK,BFO,5.000000,4500,False
885354,PFC26OCT355CE,PFC,29OCT2026,35500.000000,1300,OPTSTK,BFO,5.000000,124000,False
885382,INDHOTEL26OCT660CE,INDHOTEL,29OCT2026,66000.000000,1000,OPTSTK,BFO,5.000000,60000,False
885398,TITAN26OCT5400CE,TITAN,29OCT2026,540000.000000,175,OPTSTK,BFO,5.000000,11250,False
864044,INDUSINDBK26OCT970CE,INDUSINDBK,29OCT2026,97000.000000,700,OPTSTK,BFO,5.000000,20000,False
864048,HDFCAMC26OCT2400PE,HDFCAMC,29OCT2026,240000.000000,300,OPTSTK,BFO,5.000000,12000,False
864049,SIEMENS26OCT3850CE,SIEMENS,29OCT2026,385000.000000,175,OPTSTK,BFO,5.000000,8250,False
864067,SENSEX5026OCT25750CE,SENSEX50,29OCT2026,2575000.000000,75,OPTIDX,BFO,5.000000,1800,False
885428,TITAN26OCT5450PE,TITAN,29OCT2026,545000.000000,175,OPTSTK,BFO,5.000000,11250,False
885439,LUPIN26OCT2140CE,LUPIN,29OCT2026,214000.000000,425,OPTSTK,BFO,5.000000,34000,False
885451,TVSMOTOR26OCT4800CE,TVSMOTOR,29OCT2026,480000.000000,175,OPTSTK,BFO,5.000000,21000,False
885454,COFORGE26SEP1940CE,COFORGE,24SEP2026,194000.000000,475,OPTSTK,BFO,5.000000,6000,False
863630,DIXON26OCTFUT,DIXON,29OCT2026,0.000000,50,FUTSTK,BFO,5.000000,6000,False
863651,PAGEIND26OCT40500PE,PAGEIND,29OCT2026,4050000.000000,20,OPTSTK,BFO,5.000000,600,False
863666,DIVISLAB26OCT7500CE,DIVISLAB,29OCT2026,750000.000000,100,OPTSTK,BFO,5.000000,8000,False
863673,FOCIT26OCT37000PE,FOCIT,29OCT2026,3700000.000000,45,OPTIDX,BFO,5.000000,1350,False
845626,PHOENIXLTD26SEP1920PE,PHOENIXLTD,24SEP2026,192000.000000,350,OPTSTK,BFO,5.000000,100000000,False
845627,DLF26SEP625CE,DLF,24SEP2026,62500.000000,950,OPTSTK,BFO,5.000000,49500,False
845628,HINDZINC26SEP470CE,HINDZINC,24SEP2026,47000.000000,1225,OPTSTK,BFO,5.000000,100000000,False
845629,WAAREEENER26SEP2800PE,WAAREEENER,24SEP2026,280000.000000,175,OPTSTK,BFO,5.000000,100000000,False
864074,HINDPETRO26OCT380.75CE,HINDPETRO,29OCT2026,38075.000000,2025,OPTSTK,BFO,5.000000,108000,False
864081,YESBANK26OCT29CE,YESBANK,29OCT2026,2900.000000,31100,OPTSTK,BFO,5.000000,100000000,False
864083,PREMIERENE26OCT880CE,PREMIERENE,29OCT2026,88000.000000,650,OPTSTK,BFO,5.000000,100000000,False
864086,SUZLON26OCT40CE,SUZLON,29OCT2026,4000.000000,12700,OPTSTK,BFO,5.000000,100000000,False
885464,PFC26SEP350PE,PFC,24SEP2026,35000.000000,1300,OPTSTK,BFO,5.000000,124000,False
885467,BAJAJHLDNG26SEP12200CE,BAJAJHLDNG,24SEP2026,1220000.000000,75,OPTSTK,BFO,5.000000,100000000,False
885472,TVSMOTOR26SEP4800PE,TVSMOTOR,24SEP2026,480000.000000,175,OPTSTK,BFO,5.000000,21000,False
885479,POWERINDIA26SEP39000CE,POWERINDIA,24SEP2026,3900000.000000,25,OPTSTK,BFO,5.000000,100000000,False
863682,CONCOR26OCT490PE,CONCOR,29OCT2026,49000.000000,1250,OPTSTK,BFO,5.000000,40000,False
863683,SENSEX26OCT72800PE,SENSEX,29OCT2026,7280000.000000,20,OPTIDX,BFO,5.000000,1000,False
863696,ITC26OCT300PE,ITC,29OCT2026,30000.000000,1725,OPTSTK,BFO,5.000000,64000,False
863708,BANKEX26OCT64700CE,BANKEX,29OCT2026,6470000.000000,30,OPTIDX,BFO,5.000000,900,False
845659,ONGC26SEP250CE,ONGC,24SEP2026,25000.000000,2250,OPTSTK,BFO,5.000000,154000,False
845660,IREDA26SEP127PE,IREDA,24SEP2026,12700.000000,4525,OPTSTK,BFO,5.000000,100000000,False
845663,BHARATFORG26SEP2220CE,BHARATFORG,24SEP2026,222000.000000,500,OPTSTK,BFO,5.000000,30000,False
845671,VEDL26SEP220CE,VEDL,24SEP2026,22000.000000,1150,OPTSTK,BFO,5.000000,80000,False
864122,MFSL26OCT1580CE,MFSL,29OCT2026,158000.000000,400,OPTSTK,BFO,5.000000,32000,False
885525,BRITANNIA26SEP5900CE,BRITANNIA,24SEP2026,590000.000000,125,OPTSTK,BFO,5.000000,6000,False
885536,COFORGE26OCT1940CE,COFORGE,29OCT2026,194000.000000,475,OPTSTK,BFO,5.000000,6000,False
885556,JSWENERGY26OCT650CE,JSWENERGY,29OCT2026,65000.000000,1075,OPTSTK,BFO,5.000000,100000000,False
885562,NAUKRI26OCT1420CE,NAUKRI,29OCT2026,142000.000000,550,OPTSTK,BFO,5.000000,6000,False
864090,ZYDUSLIFE26OCT1120CE,ZYDUSLIFE,29OCT2026,112000.000000,900,OPTSTK,BFO,5.000000,54000,False
864094,INDUSTOWER26OCT406PE,INDUSTOWER,29OCT2026,40600.000000,1700,OPTSTK,BFO,5.000000,170000,False
864111,BAJAJFINSV26OCT1900PE,BAJAJFINSV,29OCT2026,190000.000000,300,OPTSTK,BFO,5.000000,20000,False
863716,ULTRACEMCO26OCT12000CE,ULTRACEMCO,29OCT2026,1200000.000000,50,OPTSTK,BFO,5.000000,3000,False
863719,FOCIT26OCT33300PE,FOCIT,29OCT2026,3330000.000000,45,OPTIDX,BFO,5.000000,1350,False
863722,COCHINSHIP26OCT1340CE,COCHINSHIP,29OCT2026,134000.000000,400,OPTSTK,BFO,5.000000,100000000,False
863734,POLICYBZR26OCTFUT,POLICYBZR,29OCT2026,0.000000,350,FUTSTK,BFO,5.000000,100000000,False
885570,NYKAA26OCT295CE,NYKAA,29OCT2026,29500.000000,3125,OPTSTK,BFO,5.000000,100000000,False
885596,TVSMOTOR26SEP4800CE,TVSMOTOR,24SEP2026,480000.000000,175,OPTSTK,BFO,5.000000,21000,False
885625,MAXHEALTH26OCT980CE,MAXHEALTH,29OCT2026,98000.000000,525,OPTSTK,BFO,5.000000,100000000,False
885647,BOSCHLTD26OCT47500PE,BOSCHLTD,29OCT2026,4750000.000000,25,OPTSTK,BFO,5.000000,1500,False
845682,MFSL26SEP1660PE,MFSL,24SEP2026,166000.000000,400,OPTSTK,BFO,5.000000,32000,False
845683,UNOMINDA26SEP1200PE,UNOMINDA,24SEP2026,120000.000000,550,OPTSTK,BFO,5.000000,100000000,False
845684,DMART26SEP4100PE,DMART,24SEP2026,410000.000000,150,OPTSTK,BFO,5.000000,100000000,False
845686,MANKIND26SEP2400CE,MANKIND,24SEP2026,240000.000000,250,OPTSTK,BFO,5.000000,100000000,False
863747,KOTAKBANK26OCT400CE,KOTAKBANK,29OCT2026,40000.000000,2000,OPTSTK,BFO,5.000000,12000,False
863762,FEDERALBNK26OCT355CE,FEDERALBNK,29OCT2026,35500.000000,2500,OPTSTK,BFO,5.000000,200000,False
863772,ICICIGI26OCT1700CE,ICICIGI,29OCT2026,170000.000000,325,OPTSTK,BFO,5.000000,20000,False
863775,COCHINSHIP26OCT1260PE,COCHINSHIP,29OCT2026,126000.000000,400,OPTSTK,BFO,5.000000,100000000,False
864124,UNOMINDA26OCT1120CE,UNOMINDA,29OCT2026,112000.000000,550,OPTSTK,BFO,5.000000,100000000,False
864126,TATACONSUM26OCT1020CE,TATACONSUM,29OCT2026,102000.000000,550,OPTSTK,BFO,5.000000,36000,False
864128,JINDALSTEL26OCT1100PE,JINDALSTEL,29OCT2026,110000.000000,625,OPTSTK,BFO,5.000000,37500,False
864141,OFSS26OCT10400CE,OFSS,29OCT2026,1040000.000000,100,OPTSTK,BFO,5.000000,8000,False
885651,MOTILALOFS26OCT1040PE,MOTILALOFS,29OCT2026,104000.000000,775,OPTSTK,BFO,5.000000,100000000,False
885707,NAUKRI26SEP1460CE,NAUKRI,24SEP2026,146000.000000,550,OPTSTK,BFO,5.000000,6000,False
885761,MCX26OCT3250PE,MCX,29OCT2026,325000.000000,225,OPTSTK,BFO,5.000000,16000,False
885764,MAXHEALTH26OCT990PE,MAXHEALTH,29OCT2026,99000.000000,525,OPTSTK,BFO,5.000000,100000000,False
845700,POLYCAB26SEP10000CE,POLYCAB,24SEP2026,1000000.000000,125,OPTSTK,BFO,5.000000,9000,False
845701,ZYDUSLIFE26SEP1030CE,ZYDUSLIFE,24SEP2026,103000.000000,900,OPTSTK,BFO,5.000000,54000,False
845705,COLPAL26SEP1920CE,COLPAL,24SEP2026,192000.000000,275,OPTSTK,BFO,5.000000,14000,False
845708,FORTIS26SEP910CE,FORTIS,24SEP2026,91000.000000,775,OPTSTK,BFO,5.000000,100000000,False
863797,UNITDSPR26OCT1600CE,UNITDSPR,29OCT2026,160000.000000,400,OPTSTK,BFO,5.000000,28000,False
863818,SENSEX2691771000CE,SENSEX,17SEP2026,7100000.000000,20,OPTIDX,BFO,5.000000,1000,False
863823,AMBUJACEM26OCT440PE,AMBUJACEM,29OCT2026,44000.000000,1200,OPTSTK,BFO,5.000000,54000,False
863824,TVSMOTOR26OCT4000PE,TVSMOTOR,29OCT2026,400000.000000,175,OPTSTK,BFO,5.000000,21000,False
864163,BHARATFORG26OCT2060CE,BHARATFORG,29OCT2026,206000.000000,500,OPTSTK,BFO,5.000000,30000,False
864171,MFSL26OCT1660PE,MFSL,29OCT2026,166000.000000,400,OPTSTK,BFO,5.000000,32000,False
864173,BEL26OCT385PE,BEL,29OCT2026,38500.000000,1425,OPTSTK,BFO,5.000000,228000,False
864177,BANKEX26OCT64900CE,BANKEX,29OCT2026,6490000.000000,30,OPTIDX,BFO,5.000000,900,False
885767,GODREJCP26OCT950CE,GODREJCP,29OCT2026,95000.000000,500,OPTSTK,BFO,5.000000,30000,False
885785,NAUKRI26OCT1440CE,NAUKRI,29OCT2026,144000.000000,550,OPTSTK,BFO,5.000000,6000,False
885798,NATIONALUM26SEP460PE,NATIONALUM,24SEP2026,46000.000000,1875,OPTSTK,BFO,5.000000,300000,False
885834,DRREDDY26OCT1270PE,DRREDDY,29OCT2026,127000.000000,625,OPTSTK,BFO,5.000000,5000,False
845712,MUTHOOTFIN26SEP2900PE,MUTHOOTFIN,24SEP2026,290000.000000,275,OPTSTK,BFO,5.000000,22000,False
845756,COCHINSHIP26SEP1460PE,COCHINSHIP,24SEP2026,146000.000000,400,OPTSTK,BFO,5.000000,100000000,False
845758,BANKEX26SEP70500CE,BANKEX,24SEP2026,7050000.000000,30,OPTIDX,BFO,5.000000,900,False
845771,JINDALSTEL26SEP1000CE,JINDALSTEL,24SEP2026,100000.000000,625,OPTSTK,BFO,5.000000,37500,False
863826,HINDZINC26OCT480PE,HINDZINC,29OCT2026,48000.000000,1225,OPTSTK,BFO,5.000000,100000000,False
863836,KALYANKJIL26OCT665PE,KALYANKJIL,29OCT2026,66500.000000,1350,OPTSTK,BFO,5.000000,100000000,False
863864,360ONE26OCTFUT,,29OCT2026,0.000000,500,FUTSTK,BFO,5.000000,100000000,False
863887,SENSEX2691781000CE,SENSEX,17SEP2026,8100000.000000,20,OPTIDX,BFO,5.000000,1000,False
864187,BLUESTARCO26OCT1780CE,BLUESTARCO,29OCT2026,178000.000000,325,OPTSTK,BFO,5.000000,100000000,False
864211,BHARATFORG26OCT2140PE,BHARATFORG,29OCT2026,214000.000000,500,OPTSTK,BFO,5.000000,30000,False
864224,DELHIVERY26OCT450PE,DELHIVERY,29OCT2026,45000.000000,2075,OPTSTK,BFO,5.000000,100000000,False
864230,MUTHOOTFIN26OCT3350CE,MUTHOOTFIN,29OCT2026,335000.000000,275,OPTSTK,BFO,5.000000,22000,False
885844,MPHASIS26OCT2900PE,MPHASIS,29OCT2026,290000.000000,275,OPTSTK,BFO,5.000000,11000,False
885849,BOSCHLTD26OCT48000CE,BOSCHLTD,29OCT2026,4800000.000000,25,OPTSTK,BFO,5.000000,1500,False
885864,POLICYBZR26OCT1820CE,POLICYBZR,29OCT2026,182000.000000,350,OPTSTK,BFO,5.000000,100000000,False
885872,BOSCHLTD26OCT48500PE,BOSCHLTD,29OCT2026,4850000.000000,25,OPTSTK,BFO,5.000000,1500,False
845809,MFSL26SEP1560CE,MFSL,24SEP2026,156000.000000,400,OPTSTK,BFO,5.000000,32000,False
845829,TMPV26SEP390PE,TMPV,24SEP2026,39000.000000,1600,OPTSTK,BFO,5.000000,42750,False
845832,ABB26SEP7350CE,ABB,24SEP2026,735000.000000,125,OPTSTK,BFO,5.000000,7500,False
845848,BAJAJ-AUTO26SEP10200PE,BAJAJ-AUTO,24SEP2026,1020000.000000,75,OPTSTK,BFO,5.000000,5000,False
863903,YESBANK26OCT24CE,YESBANK,29OCT2026,2400.000000,31100,OPTSTK,BFO,5.000000,100000000,False
863905,ADANIENT26OCT2700CE,ADANIENT,29OCT2026,270000.000000,309,OPTSTK,BFO,5.000000,9000,False
863908,TRENT26OCT3100CE,TRENT,29OCT2026,310000.000000,225,OPTSTK,BFO,5.000000,16000,False
863910,BANKBARODA26OCT265PE,BANKBARODA,29OCT2026,26500.000000,2925,OPTSTK,BFO,5.000000,175500,False
864244,SENSEX2691777200CE,SENSEX,17SEP2026,7720000.000000,20,OPTIDX,BFO,5.000000,1000,False
864247,BAJFINANCE26OCT1050PE,BAJFINANCE,29OCT2026,105000.000000,750,OPTSTK,BFO,5.000000,3750,False
864254,HINDPETRO26OCTFUT,HINDPETRO,29OCT2026,0.000000,2025,FUTSTK,BFO,5.000000,108000,False
864257,FOCIT26SEP35200PE,FOCIT,24SEP2026,3520000.000000,45,OPTIDX,BFO,5.000000,1350,False
885875,AMBUJACEM26OCT390CE,AMBUJACEM,29OCT2026,39000.000000,1200,OPTSTK,BFO,5.000000,54000,False
885883,AMBUJACEM26OCT390PE,AMBUJACEM,29OCT2026,39000.000000,1200,OPTSTK,BFO,5.000000,54000,False
885893,DIVISLAB26OCT9200PE,DIVISLAB,29OCT2026,920000.000000,100,OPTSTK,BFO,5.000000,8000,False
885898,BOSCHLTD26SEP48000CE,BOSCHLTD,24SEP2026,4800000.000000,25,OPTSTK,BFO,5.000000,1500,False
863912,COFORGE26OCT1600PE,COFORGE,29OCT2026,160000.000000,475,OPTSTK,BFO,5.000000,6000,False
863931,SUZLON26OCT48PE,SUZLON,29OCT2026,4800.000000,12700,OPTSTK,BFO,5.000000,100000000,False
863937,TATAELXSI26OCT3400PE,TATAELXSI,29OCT2026,340000.000000,125,OPTSTK,BFO,5.000000,100000000,False
863948,SENSEX2691781900CE,SENSEX,17SEP2026,8190000.000000,20,OPTIDX,BFO,5.000000,1000,False
845877,HINDZINC26SEP540PE,HINDZINC,24SEP2026,54000.000000,1225,OPTSTK,BFO,5.000000,100000000,False
845878,MARUTI26SEP13900CE,MARUTI,24SEP2026,1390000.000000,50,OPTSTK,BFO,5.000000,3000,False
845881,TATAPOWER26SEP375CE,TATAPOWER,24SEP2026,37500.000000,1450,OPTSTK,BFO,5.000000,101250,False
845895,APLAPOLLO26SEP1700PE,APLAPOLLO,24SEP2026,170000.000000,350,OPTSTK,BFO,5.000000,100000000,False
864277,UPL26OCT550CE,UPL,29OCT2026,55000.000000,1355,OPTSTK,BFO,5.000000,39000,False
864279,TMPV26OCT355CE,TMPV,29OCT2026,35500.000000,1600,OPTSTK,BFO,5.000000,42750,False
864280,SENSEX2691771200CE,SENSEX,17SEP2026,7120000.000000,20,OPTIDX,BFO,5.000000,1000,False
864301,MUTHOOTFIN26OCT2650PE,MUTHOOTFIN,29OCT2026,265000.000000,275,OPTSTK,BFO,5.000000,22000,False
885916,BHARATFORG26OCT1920PE,BHARATFORG,29OCT2026,192000.000000,500,OPTSTK,BFO,5.000000,30000,False
885933,MAXHEALTH26SEP970CE,MAXHEALTH,24SEP2026,97000.000000,525,OPTSTK,BFO,5.000000,100000000,False
885958,HINDUNILVR26OCT1920CE,HINDUNILVR,29OCT2026,192000.000000,300,OPTSTK,BFO,5.000000,9000,False
885964,HAL26OCT5300CE,HAL,29OCT2026,530000.000000,150,OPTSTK,BFO,5.000000,9000,False
863957,BANKINDIA26OCT142.5CE,BANKINDIA,29OCT2026,14250.000000,5200,OPTSTK,BFO,5.000000,100000000,False
863972,TECHM26OCT1680PE,TECHM,29OCT2026,168000.000000,600,OPTSTK,BFO,5.000000,24000,False
863996,VEDL26OCT290CE,VEDL,29OCT2026,29000.000000,1150,OPTSTK,BFO,5.000000,80000,False
864000,HINDPETRO26OCT310.75CE,HINDPETRO,29OCT2026,31075.000000,2025,OPTSTK,BFO,5.000000,108000,False
845918,SUNPHARMA26SEP1960PE,SUNPHARMA,24SEP2026,196000.000000,350,OPTSTK,BFO,5.000000,28000,False
845919,SRF26SEP2680PE,SRF,24SEP2026,268000.000000,200,OPTSTK,BFO,5.000000,11250,False
845920,HEROMOTOCO26SEP5000PE,HEROMOTOCO,24SEP2026,500000.000000,150,OPTSTK,BFO,5.000000,9000,False
845944,BANKEX26SEP61500CE,BANKEX,24SEP2026,6150000.000000,30,OPTIDX,BFO,5.000000,900,False
885966,GODREJCP26SEP860CE,GODREJCP,24SEP2026,86000.000000,500,OPTSTK,BFO,5.000000,30000,False
885995,INDUSTOWER26SEP410CE,INDUSTOWER,24SEP2026,41000.000000,1700,OPTSTK,BFO,5.000000,170000,False
886008,IDEA26OCT21PE,IDEA,29OCT2026,2100.000000,71475,OPTSTK,BFO,5.000000,2400000,False
886042,PIIND26OCT2350PE,PIIND,29OCT2026,235000.000000,175,OPTSTK,BFO,5.000000,7500,False
864008,JSWENERGY26OCT590PE,JSWENERGY,29OCT2026,59000.000000,1075,OPTSTK,BFO,5.000000,100000000,False
864010,BOSCHLTD26OCT38000PE,BOSCHLTD,29OCT2026,3800000.000000,25,OPTSTK,BFO,5.000000,1500,False
864014,LICI26OCT455CE,LICI,29OCT2026,45500.000000,1400,OPTSTK,BFO,5.000000,100000000,False
864019,EICHERMOT26OCTFUT,EICHERMOT,29OCT2026,0.000000,100,FUTSTK,BFO,5.000000,7000,False
864317,COFORGE26OCT1720CE,COFORGE,29OCT2026,172000.000000,475,OPTSTK,BFO,5.000000,6000,False
864325,CUMMINSIND26OCT4900CE,CUMMINSIND,29OCT2026,490000.000000,200,OPTSTK,BFO,5.000000,18000,False
864373,COFORGE26OCT1800PE,COFORGE,29OCT2026,180000.000000,475,OPTSTK,BFO,5.000000,6000,False
864376,INOXWIND26OCT80PE,INOXWIND,29OCT2026,8000.000000,6400,OPTSTK,BFO,5.000000,100000000,False
886043,NATIONALUM26SEP470CE,NATIONALUM,24SEP2026,47000.000000,1875,OPTSTK,BFO,5.000000,300000,False
886080,MCX26OCT3300PE,MCX,29OCT2026,330000.000000,225,OPTSTK,BFO,5.000000,16000,False
886122,PFC26SEP340CE,PFC,24SEP2026,34000.000000,1300,OPTSTK,BFO,5.000000,124000,False
886129,PNB26SEP123PE,PNB,24SEP2026,12300.000000,8000,OPTSTK,BFO,5.000000,480000,False
845954,360ONE26SEP1080CE,,24SEP2026,108000.000000,500,OPTSTK,BFO,5.000000,100000000,False
845958,ULTRACEMCO26SEP10860CE,ULTRACEMCO,24SEP2026,1086000.000000,50,OPTSTK,BFO,5.000000,3000,False
845962,EICHERMOT26SEP7650PE,EICHERMOT,24SEP2026,765000.000000,100,OPTSTK,BFO,5.000000,7000,False
845983,GODREJPROP26SEP1840PE,GODREJPROP,24SEP2026,184000.000000,325,OPTSTK,BFO,5.000000,19000,False
864026,CIPLA26OCT1520CE,CIPLA,29OCT2026,152000.000000,425,OPTSTK,BFO,5.000000,26000,False
864034,ICICIPRULI26OCT530CE,ICICIPRULI,29OCT2026,53000.000000,925,OPTSTK,BFO,5.000000,60000,False
864064,ADANIENSOL26OCT1700CE,ADANIENSOL,29OCT2026,170000.000000,675,OPTSTK,BFO,5.000000,100000000,False
864070,NATIONALUM26OCT370CE,NATIONALUM,29OCT2026,37000.000000,1875,OPTSTK,BFO,5.000000,300000,False
886161,HINDALCO26OCT1220CE,HINDALCO,29OCT2026,122000.000000,700,OPTSTK,BFO,5.000000,56000,False
886169,GODREJCP26OCT840PE,GODREJCP,29OCT2026,84000.000000,500,OPTSTK,BFO,5.000000,30000,False
886181,ITC26OCT260CE,ITC,29OCT2026,26000.000000,1725,OPTSTK,BFO,5.000000,64000,False
886193,INDUSTOWER26OCT415CE,INDUSTOWER,29OCT2026,41500.000000,1700,OPTSTK,BFO,5.000000,170000,False
864378,NBCC26OCT95CE,NBCC,29OCT2026,9500.000000,6500,OPTSTK,BFO,5.000000,100000000,False
864380,BRITANNIA26OCT5550CE,BRITANNIA,29OCT2026,555000.000000,125,OPTSTK,BFO,5.000000,6000,False
864381,BHEL26OCT370PE,BHEL,29OCT2026,37000.000000,2625,OPTSTK,BFO,5.000000,315000,False
864383,FORCEMOT26OCT15000CE,FORCEMOT,29OCT2026,1500000.000000,25,OPTSTK,BFO,5.000000,100000000,False
886203,GODREJCP26SEP930CE,GODREJCP,24SEP2026,93000.000000,500,OPTSTK,BFO,5.000000,30000,False
886218,GODREJCP26SEP910PE,GODREJCP,24SEP2026,91000.000000,500,OPTSTK,BFO,5.000000,30000,False
886241,GODREJCP26SEP880PE,GODREJCP,24SEP2026,88000.000000,500,OPTSTK,BFO,5.000000,30000,False
886250,PIIND26OCT2200PE,PIIND,29OCT2026,220000.000000,175,OPTSTK,BFO,5.000000,7500,False
845984,RADICO26SEP3200PE,RADICO,24SEP2026,320000.000000,150,OPTSTK,BFO,5.000000,100000000,False
845988,VOLTAS26SEP1300PE,VOLTAS,24SEP2026,130000.000000,375,OPTSTK,BFO,5.000000,30000,False
845994,DIVISLAB26SEPFUT,DIVISLAB,24SEP2026,0.000000,100,FUTSTK,BFO,5.000000,8000,False
846006,BPCL26SEP305PE,BPCL,24SEP2026,30500.000000,1975,OPTSTK,BFO,5.000000,72000,False
864072,TECHM26OCT1740CE,TECHM,29OCT2026,174000.000000,600,OPTSTK,BFO,5.000000,24000,False
864088,PIIND26OCT2800PE,PIIND,29OCT2026,280000.000000,175,OPTSTK,BFO,5.000000,7500,False
864091,ITC26OCT270PE,ITC,29OCT2026,27000.000000,1725,OPTSTK,BFO,5.000000,64000,False
864113,NAM-INDIA26OCT1160PE,NAM-INDIA,29OCT2026,116000.000000,625,OPTSTK,BFO,5.000000,100000000,False
864397,RECLTD26OCT395CE,RECLTD,29OCT2026,39500.000000,1575,OPTSTK,BFO,5.000000,160000,False
864402,GODREJCP26OCT1030CE,GODREJCP,29OCT2026,103000.000000,500,OPTSTK,BFO,5.000000,30000,False
864418,SWIGGY26OCT290CE,SWIGGY,29OCT2026,29000.000000,1825,OPTSTK,BFO,5.000000,100000000,False
864428,FOCIT26OCT31100CE,FOCIT,29OCT2026,3110000.000000,45,OPTIDX,BFO,5.000000,1350,False
846010,BAJAJHLDNG26SEP10500PE,BAJAJHLDNG,24SEP2026,1050000.000000,75,OPTSTK,BFO,5.000000,100000000,False
846018,MOTHERSON26SEP155CE,MOTHERSON,24SEP2026,15500.000000,6150,OPTSTK,BFO,5.000000,284000,False
846021,BEL26SEP440PE,BEL,24SEP2026,44000.000000,1425,OPTSTK,BFO,5.000000,228000,False
846046,SENSEX5026SEP26100CE,SENSEX50,24SEP2026,2610000.000000,75,OPTIDX,BFO,5.000000,1800,False
864114,SOLARINDS26OCTFUT,SOLARINDS,29OCT2026,0.000000,50,FUTSTK,BFO,5.000000,100000000,False
864117,PHOENIXLTD26OCT1760PE,PHOENIXLTD,29OCT2026,176000.000000,350,OPTSTK,BFO,5.000000,100000000,False
864121,BANKEX26OCT66300CE,BANKEX,29OCT2026,6630000.000000,30,OPTIDX,BFO,5.000000,900,False
864135,COALINDIA26OCT440CE,COALINDIA,29OCT2026,44000.000000,1350,OPTSTK,BFO,5.000000,126000,False
886270,FORTIS26OCT850CE,FORTIS,29OCT2026,85000.000000,775,OPTSTK,BFO,5.000000,100000000,False
886282,GODREJCP26OCT920PE,GODREJCP,29OCT2026,92000.000000,500,OPTSTK,BFO,5.000000,30000,False
886293,PNB26OCT123CE,PNB,29OCT2026,12300.000000,8000,OPTSTK,BFO,5.000000,480000,False
886299,PFC26OCT340CE,PFC,29OCT2026,34000.000000,1300,OPTSTK,BFO,5.000000,124000,False
864447,PREMIERENE26OCT860PE,PREMIERENE,29OCT2026,86000.000000,650,OPTSTK,BFO,5.000000,100000000,False
864485,MANAPPURAM26OCT365CE,MANAPPURAM,29OCT2026,36500.000000,3000,OPTSTK,BFO,5.000000,180000,False
864488,HINDPETRO26OCT350.75CE,HINDPETRO,29OCT2026,35075.000000,2025,OPTSTK,BFO,5.000000,108000,False
864489,INDUSTOWER26OCT356CE,INDUSTOWER,29OCT2026,35600.000000,1700,OPTSTK,BFO,5.000000,170000,False
886304,MAXHEALTH26OCT950CE,MAXHEALTH,29OCT2026,95000.000000,525,OPTSTK,BFO,5.000000,100000000,False
886307,GODREJCP26SEP920CE,GODREJCP,24SEP2026,92000.000000,500,OPTSTK,BFO,5.000000,30000,False
886309,NATIONALUM26SEP490CE,NATIONALUM,24SEP2026,49000.000000,1875,OPTSTK,BFO,5.000000,300000,False
886355,HAL26SEP5300CE,HAL,24SEP2026,530000.000000,150,OPTSTK,BFO,5.000000,9000,False
864140,GRASIM26OCT3100CE,GRASIM,29OCT2026,310000.000000,250,OPTSTK,BFO,5.000000,14250,False
864155,FEDERALBNK26OCTFUT,FEDERALBNK,29OCT2026,0.000000,2500,FUTSTK,BFO,5.000000,200000,False
864160,NMDC26OCT91PE,NMDC,29OCT2026,9100.000000,6750,OPTSTK,BFO,5.000000,225000,False
864161,SAIL26OCT152.5CE,SAIL,29OCT2026,15250.000000,4700,OPTSTK,BFO,5.000000,320000,False
846047,PERSISTENT26SEP4750CE,PERSISTENT,24SEP2026,475000.000000,125,OPTSTK,BFO,5.000000,5250,False
846049,SHRIRAMFIN26SEP1020CE,SHRIRAMFIN,24SEP2026,102000.000000,825,OPTSTK,BFO,5.000000,18000,False
846098,CAMS26SEP790PE,CAMS,24SEP2026,79000.000000,825,OPTSTK,BFO,5.000000,100000000,False
846100,LTF26SEP300CE,LTF,24SEP2026,30000.000000,2250,OPTSTK,BFO,5.000000,267720,False
864491,TORNTPHARM26OCT5150PE,TORNTPHARM,29OCT2026,515000.000000,125,OPTSTK,BFO,5.000000,15000,False
864498,ULTRACEMCO26OCT11800CE,ULTRACEMCO,29OCT2026,1180000.000000,50,OPTSTK,BFO,5.000000,3000,False
864500,TATAELXSI26OCT3350PE,TATAELXSI,29OCT2026,335000.000000,125,OPTSTK,BFO,5.000000,100000000,False
864501,VOLTAS26OCTFUT,VOLTAS,29OCT2026,0.000000,375,FUTSTK,BFO,5.000000,30000,False
886379,GODREJCP26OCT910PE,GODREJCP,29OCT2026,91000.000000,500,OPTSTK,BFO,5.000000,30000,False
886385,FORTIS26OCT820PE,FORTIS,29OCT2026,82000.000000,775,OPTSTK,BFO,5.000000,100000000,False
886392,TECHM26OCT1480CE,TECHM,29OCT2026,148000.000000,600,OPTSTK,BFO,5.000000,24000,False
886403,PIIND26SEP2150PE,PIIND,24SEP2026,215000.000000,175,OPTSTK,BFO,5.000000,7500,False
846107,JSWSTEEL26SEP1160PE,JSWSTEEL,24SEP2026,116000.000000,675,OPTSTK,BFO,5.000000,40500,False
846118,ZYDUSLIFE26SEP1080PE,ZYDUSLIFE,24SEP2026,108000.000000,900,OPTSTK,BFO,5.000000,54000,False
846122,VEDL26SEP260CE,VEDL,24SEP2026,26000.000000,1150,OPTSTK,BFO,5.000000,80000,False
846127,HDFCLIFE26SEP595CE,HDFCLIFE,24SEP2026,59500.000000,1100,OPTSTK,BFO,5.000000,44000,False
864178,TATACONSUM26OCT1100PE,TATACONSUM,29OCT2026,110000.000000,550,OPTSTK,BFO,5.000000,36000,False
864180,BHEL26OCT405PE,BHEL,29OCT2026,40500.000000,2625,OPTSTK,BFO,5.000000,315000,False
864188,FOCIT26OCT33500PE,FOCIT,29OCT2026,3350000.000000,45,OPTIDX,BFO,5.000000,1350,False
864189,MOTILALOFS26OCT840PE,MOTILALOFS,29OCT2026,84000.000000,775,OPTSTK,BFO,5.000000,100000000,False
864506,SENSEX2691771500PE,SENSEX,17SEP2026,7150000.000000,20,OPTIDX,BFO,5.000000,1000,False
864513,LT26OCT4150PE,LT,29OCT2026,415000.000000,175,OPTSTK,BFO,5.000000,12000,False
864515,KOTAKBANK26OCT355CE,KOTAKBANK,29OCT2026,35500.000000,2000,OPTSTK,BFO,5.000000,12000,False
864519,MANKIND26OCT2700PE,MANKIND,29OCT2026,270000.000000,250,OPTSTK,BFO,5.000000,100000000,False
886428,PIIND26OCT2350CE,PIIND,29OCT2026,235000.000000,175,OPTSTK,BFO,5.000000,7500,False
886437,GODREJCP26OCT860PE,GODREJCP,29OCT2026,86000.000000,500,OPTSTK,BFO,5.000000,30000,False
886441,UNIONBANK26OCT205PE,UNIONBANK,29OCT2026,20500.000000,4425,OPTSTK,BFO,5.000000,100000000,False
886454,SENSEX26O0178500CE,SENSEX,01OCT2026,7850000.000000,20,OPTIDX,BFO,5.000000,1000,False
846159,PATANJALI26SEP445PE,PATANJALI,24SEP2026,44500.000000,1075,OPTSTK,BFO,5.000000,100000000,False
846165,COLPAL26SEP1960CE,COLPAL,24SEP2026,196000.000000,275,OPTSTK,BFO,5.000000,14000,False
846169,UNITDSPR26SEPFUT,UNITDSPR,24SEP2026,0.000000,400,FUTSTK,BFO,5.000000,28000,False
846197,ITC26SEP277.5CE,ITC,24SEP2026,27750.000000,1725,OPTSTK,BFO,5.000000,64000,False
864195,UPL26OCT640CE,UPL,29OCT2026,64000.000000,1355,OPTSTK,BFO,5.000000,39000,False
864201,VEDL26OCT295CE,VEDL,29OCT2026,29500.000000,1150,OPTSTK,BFO,5.000000,80000,False
864217,ABB26OCT7600CE,ABB,29OCT2026,760000.000000,125,OPTSTK,BFO,5.000000,7500,False
864219,FORTIS26OCT980PE,FORTIS,29OCT2026,98000.000000,775,OPTSTK,BFO,5.000000,100000000,False
864522,TATAELXSI26OCT3500CE,TATAELXSI,29OCT2026,350000.000000,125,OPTSTK,BFO,5.000000,100000000,False
864527,NTPC26OCT380CE,NTPC,29OCT2026,38000.000000,1500,OPTSTK,BFO,5.000000,150000,False
864567,RECLTD26OCT370PE,RECLTD,29OCT2026,37000.000000,1575,OPTSTK,BFO,5.000000,160000,False
864578,HINDUNILVR26OCTFUT,HINDUNILVR,29OCT2026,0.000000,300,FUTSTK,BFO,5.000000,9000,False
886468,SENSEX26O0180200CE,SENSEX,01OCT2026,8020000.000000,20,OPTIDX,BFO,5.000000,1000,False
886472,SENSEX26O0182500CE,SENSEX,01OCT2026,8250000.000000,20,OPTIDX,BFO,5.000000,1000,False
886482,IDFCFIRSTB26OCT94PE,IDFCFIRSTB,29OCT2026,9400.000000,9275,OPTSTK,BFO,5.000000,450000,False
886483,SENSEX26O0174200PE,SENSEX,01OCT2026,7420000.000000,20,OPTIDX,BFO,5.000000,1000,False
846200,NAM-INDIA26SEP1260CE,NAM-INDIA,24SEP2026,126000.000000,625,OPTSTK,BFO,5.000000,100000000,False
846205,BANKEX26SEP70700CE,BANKEX,24SEP2026,7070000.000000,30,OPTIDX,BFO,5.000000,900,False
846212,NATIONALUM26SEP340CE,NATIONALUM,24SEP2026,34000.000000,1875,OPTSTK,BFO,5.000000,300000,False
846216,SENSEX5026SEP25550PE,SENSEX50,24SEP2026,2555000.000000,75,OPTIDX,BFO,5.000000,1800,False
864238,ADANIPOWER26OCT245CE,ADANIPOWER,29OCT2026,24500.000000,3550,OPTSTK,BFO,5.000000,100000000,False
864242,NAM-INDIA26OCT1060CE,NAM-INDIA,29OCT2026,106000.000000,625,OPTSTK,BFO,5.000000,100000000,False
864250,FOCIT26OCT43500PE,FOCIT,29OCT2026,4350000.000000,45,OPTIDX,BFO,5.000000,1350,False
864255,ADANIENSOL26OCT1520CE,ADANIENSOL,29OCT2026,152000.000000,675,OPTSTK,BFO,5.000000,100000000,False
864580,JSWSTEEL26OCT1240CE,JSWSTEEL,29OCT2026,124000.000000,675,OPTSTK,BFO,5.000000,40500,False
864596,LUPIN26OCT2560CE,LUPIN,29OCT2026,256000.000000,425,OPTSTK,BFO,5.000000,34000,False
864597,ZYDUSLIFE26OCT1160CE,ZYDUSLIFE,29OCT2026,116000.000000,900,OPTSTK,BFO,5.000000,54000,False
864604,CANBK26OCT112.5PE,CANBK,29OCT2026,11250.000000,6750,OPTSTK,BFO,5.000000,81000,False
886505,SENSEX26O0180500PE,SENSEX,01OCT2026,8050000.000000,20,OPTIDX,BFO,5.000000,1000,False
886506,SENSEX26O0182800PE,SENSEX,01OCT2026,8280000.000000,20,OPTIDX,BFO,5.000000,1000,False
886507,HINDPETRO26OCT410PE,HINDPETRO,29OCT2026,41000.000000,2025,OPTSTK,BFO,5.000000,108000,False
886525,PAYTM26OCT1780PE,PAYTM,29OCT2026,178000.000000,725,OPTSTK,BFO,5.000000,100000000,False
846248,POWERINDIA26SEP32500CE,POWERINDIA,24SEP2026,3250000.000000,25,OPTSTK,BFO,5.000000,100000000,False
846254,BANKEX26SEP59100CE,BANKEX,24SEP2026,5910000.000000,30,OPTIDX,BFO,5.000000,900,False
846269,MAXHEALTH26SEP1110PE,MAXHEALTH,24SEP2026,111000.000000,525,OPTSTK,BFO,5.000000,100000000,False
846270,BDL26SEP1340CE,BDL,24SEP2026,134000.000000,425,OPTSTK,BFO,5.000000,100000000,False
886536,SENSEX26O0178100PE,SENSEX,01OCT2026,7810000.000000,20,OPTIDX,BFO,5.000000,1000,False
886540,SENSEX26O0172100PE,SENSEX,01OCT2026,7210000.000000,20,OPTIDX,BFO,5.000000,1000,False
886542,SENSEX26O0176700PE,SENSEX,01OCT2026,7670000.000000,20,OPTIDX,BFO,5.000000,1000,False
886579,PAGEIND26OCT34000PE,PAGEIND,29OCT2026,3400000.000000,20,OPTSTK,BFO,5.000000,600,False
864265,ICICIGI26OCT1580CE,ICICIGI,29OCT2026,158000.000000,325,OPTSTK,BFO,5.000000,20000,False
864273,ALKEM26OCT5950CE,ALKEM,29OCT2026,595000.000000,125,OPTSTK,BFO,5.000000,8000,False
864282,OIL26OCT480PE,OIL,29OCT2026,48000.000000,1400,OPTSTK,BFO,5.000000,100000000,False
864283,SENSEX2691773500CE,SENSEX,17SEP2026,7350000.000000,20,OPTIDX,BFO,5.000000,1000,False
864637,NHPC26OCT81PE,NHPC,29OCT2026,8100.000000,6950,OPTSTK,BFO,5.000000,100000000,False
864657,BAJAJ-AUTO26OCT10800CE,BAJAJ-AUTO,29OCT2026,1080000.000000,75,OPTSTK,BFO,5.000000,5000,False
864681,MARICO26OCT960PE,MARICO,29OCT2026,96000.000000,1200,OPTSTK,BFO,5.000000,48000,False
864692,HDFCAMC26OCT2500CE,HDFCAMC,29OCT2026,250000.000000,300,OPTSTK,BFO,5.000000,12000,False
886584,SENSEX26O0178000CE,SENSEX,01OCT2026,7800000.000000,20,OPTIDX,BFO,5.000000,1000,False
886623,SENSEX26O0179000CE,SENSEX,01OCT2026,7900000.000000,20,OPTIDX,BFO,5.000000,1000,False
886644,HINDPETRO26SEP300PE,HINDPETRO,24SEP2026,30000.000000,2025,OPTSTK,BFO,5.000000,108000,False
886649,ADANIGREEN26OCT1180PE,ADANIGREEN,29OCT2026,118000.000000,600,OPTSTK,BFO,5.000000,100000000,False
846278,SWIGGY26SEP225CE,SWIGGY,24SEP2026,22500.000000,1825,OPTSTK,BFO,5.000000,100000000,False
846288,ETERNAL26SEP262.5CE,ETERNAL,24SEP2026,26250.000000,2425,OPTSTK,BFO,5.000000,100000000,False
846298,INFY26SEP1070PE,INFY,24SEP2026,107000.000000,400,OPTSTK,BFO,5.000000,16000,False
846301,PIDILITIND26SEP1560PE,PIDILITIND,24SEP2026,156000.000000,500,OPTSTK,BFO,5.000000,10000,False
864298,SUPREMEIND26OCT3600CE,SUPREMEIND,29OCT2026,360000.000000,175,OPTSTK,BFO,5.000000,100000000,False
864299,SENSEX2691780500PE,SENSEX,17SEP2026,8050000.000000,20,OPTIDX,BFO,5.000000,1000,False
864300,ANGELONE26OCT265CE,ANGELONE,29OCT2026,26500.000000,2500,OPTSTK,BFO,5.000000,100000000,False
864303,FOCIT26SEP33800PE,FOCIT,24SEP2026,3380000.000000,45,OPTIDX,BFO,5.000000,1350,False
864707,CHOLAFIN26OCT1840PE,CHOLAFIN,29OCT2026,184000.000000,625,OPTSTK,BFO,5.000000,25000,False
864710,NYKAA26OCT300PE,NYKAA,29OCT2026,30000.000000,3125,OPTSTK,BFO,5.000000,100000000,False
864715,BANKINDIA26OCT155CE,BANKINDIA,29OCT2026,15500.000000,5200,OPTSTK,BFO,5.000000,100000000,False
864717,APOLLOHOSP26OCT8900CE,APOLLOHOSP,29OCT2026,890000.000000,125,OPTSTK,BFO,5.000000,5000,False
886650,SENSEX26O0183900CE,SENSEX,01OCT2026,8390000.000000,20,OPTIDX,BFO,5.000000,1000,False
886657,HINDPETRO26SEP360CE,HINDPETRO,24SEP2026,36000.000000,2025,OPTSTK,BFO,5.000000,108000,False
886659,SENSEX26O0172200CE,SENSEX,01OCT2026,7220000.000000,20,OPTIDX,BFO,5.000000,1000,False
886660,SENSEX26O0175600PE,SENSEX,01OCT2026,7560000.000000,20,OPTIDX,BFO,5.000000,1000,False
846313,BAJAJ-AUTO26SEP10400PE,BAJAJ-AUTO,24SEP2026,1040000.000000,75,OPTSTK,BFO,5.000000,5000,False
846348,RECLTD26SEP360CE,RECLTD,24SEP2026,36000.000000,1575,OPTSTK,BFO,5.000000,160000,False
846362,PAYTM26SEP1070PE,PAYTM,24SEP2026,107000.000000,725,OPTSTK,BFO,5.000000,100000000,False
846384,LICHSGFIN26SEP575CE,LICHSGFIN,24SEP2026,57500.000000,1000,OPTSTK,BFO,5.000000,60000,False
864328,BAJAJHLDNG26OCT10900CE,BAJAJHLDNG,29OCT2026,1090000.000000,75,OPTSTK,BFO,5.000000,100000000,False
864335,DABUR26OCT400CE,DABUR,29OCT2026,40000.000000,1250,OPTSTK,BFO,5.000000,50000,False
864347,IDFCFIRSTB26OCT85CE,IDFCFIRSTB,29OCT2026,8500.000000,9275,OPTSTK,BFO,5.000000,450000,False
864358,APOLLOHOSP26OCT9300CE,APOLLOHOSP,29OCT2026,930000.000000,125,OPTSTK,BFO,5.000000,5000,False
864720,MANAPPURAM26OCT365PE,MANAPPURAM,29OCT2026,36500.000000,3000,OPTSTK,BFO,5.000000,180000,False
864721,INDUSTOWER26OCT356PE,INDUSTOWER,29OCT2026,35600.000000,1700,OPTSTK,BFO,5.000000,170000,False
864722,LTF26OCTFUT,LTF,29OCT2026,0.000000,2250,FUTSTK,BFO,5.000000,267720,False
864744,GAIL26OCT182.5PE,GAIL,29OCT2026,18250.000000,3550,OPTSTK,BFO,5.000000,274500,False
886675,HINDPETRO26SEP430CE,HINDPETRO,24SEP2026,43000.000000,2025,OPTSTK,BFO,5.000000,108000,False
886682,SENSEX26O0176200PE,SENSEX,01OCT2026,7620000.000000,20,OPTIDX,BFO,5.000000,1000,False
886689,SOLARINDS26OCT21000PE,SOLARINDS,29OCT2026,2100000.000000,50,OPTSTK,BFO,5.000000,100000000,False
886694,SENSEX26O0175500CE,SENSEX,01OCT2026,7550000.000000,20,OPTIDX,BFO,5.000000,1000,False
864385,LICI26OCT435PE,LICI,29OCT2026,43500.000000,1400,OPTSTK,BFO,5.000000,100000000,False
864388,RBLBANK26OCT350CE,RBLBANK,29OCT2026,35000.000000,3175,OPTSTK,BFO,5.000000,150000,False
864400,NTPC26OCT320PE,NTPC,29OCT2026,32000.000000,1500,OPTSTK,BFO,5.000000,150000,False
864419,BOSCHLTD26OCT40500CE,BOSCHLTD,29OCT2026,4050000.000000,25,OPTSTK,BFO,5.000000,1500,False
846396,NMDC26SEP82PE,NMDC,24SEP2026,8200.000000,6750,OPTSTK,BFO,5.000000,225000,False
846409,HINDALCO26SEP1020CE,HINDALCO,24SEP2026,102000.000000,700,OPTSTK,BFO,5.000000,56000,False
846412,PERSISTENT26SEP5000PE,PERSISTENT,24SEP2026,500000.000000,125,OPTSTK,BFO,5.000000,5250,False
846413,DIXON26SEP12200PE,DIXON,24SEP2026,1220000.000000,50,OPTSTK,BFO,5.000000,6000,False
886709,HINDPETRO26SEP340PE,HINDPETRO,24SEP2026,34000.000000,2025,OPTSTK,BFO,5.000000,108000,False
886718,SENSEX26O0173500PE,SENSEX,01OCT2026,7350000.000000,20,OPTIDX,BFO,5.000000,1000,False
886752,HINDPETRO26OCT310PE,HINDPETRO,29OCT2026,31000.000000,2025,OPTSTK,BFO,5.000000,108000,False
886754,KEI26OCT6500CE,KEI,29OCT2026,650000.000000,175,OPTSTK,BFO,5.000000,100000000,False
864423,DELHIVERY26OCT455PE,DELHIVERY,29OCT2026,45500.000000,2075,OPTSTK,BFO,5.000000,100000000,False
864426,ABCAPITAL26OCT360CE,ABCAPITAL,29OCT2026,36000.000000,3100,OPTSTK,BFO,5.000000,162000,False
864436,FOCIT26OCT35700CE,FOCIT,29OCT2026,3570000.000000,45,OPTIDX,BFO,5.000000,1350,False
864438,KPITTECH26OCT620CE,KPITTECH,29OCT2026,62000.000000,775,OPTSTK,BFO,5.000000,100000000,False
864747,IREDA26OCT127.5CE,IREDA,29OCT2026,12750.000000,4525,OPTSTK,BFO,5.000000,100000000,False
864755,INFY26OCT1160PE,INFY,29OCT2026,116000.000000,400,OPTSTK,BFO,5.000000,16000,False
864759,JIOFIN26OCT262.5CE,JIOFIN,29OCT2026,26250.000000,2350,OPTSTK,BFO,5.000000,100000000,False
864772,ASIANPAINT26OCT2600CE,ASIANPAINT,29OCT2026,260000.000000,250,OPTSTK,BFO,5.000000,8000,False
846418,INDIANB26SEP830CE,INDIANB,24SEP2026,83000.000000,1000,OPTSTK,BFO,5.000000,100000000,False
846435,INOXWIND26SEP83PE,INOXWIND,24SEP2026,8300.000000,6400,OPTSTK,BFO,5.000000,100000000,False
846442,TMPV26SEP325CE,TMPV,24SEP2026,32500.000000,1600,OPTSTK,BFO,5.000000,42750,False
846444,EICHERMOT26SEP7850PE,EICHERMOT,24SEP2026,785000.000000,100,OPTSTK,BFO,5.000000,7000,False
886767,ASTRAL26OCT1660CE,ASTRAL,29OCT2026,166000.000000,425,OPTSTK,BFO,5.000000,14680,False
886796,SENSEX26O0175000CE,SENSEX,01OCT2026,7500000.000000,20,OPTIDX,BFO,5.000000,1000,False
886824,SENSEX26O0177600PE,SENSEX,01OCT2026,7760000.000000,20,OPTIDX,BFO,5.000000,1000,False
886892,SENSEX26O0179100CE,SENSEX,01OCT2026,7910000.000000,20,OPTIDX,BFO,5.000000,1000,False
864439,CIPLA26OCT1490CE,CIPLA,29OCT2026,149000.000000,425,OPTSTK,BFO,5.000000,26000,False
864441,TMPV26OCT330PE,TMPV,29OCT2026,33000.000000,1600,OPTSTK,BFO,5.000000,42750,False
864449,GMRAIRPORT26OCT103CE,GMRAIRPORT,29OCT2026,10300.000000,6975,OPTSTK,BFO,5.000000,675000,False
864451,COLPAL26OCT2100PE,COLPAL,29OCT2026,210000.000000,275,OPTSTK,BFO,5.000000,14000,False
886902,MANAPPURAM26OCT315CE,MANAPPURAM,29OCT2026,31500.000000,3000,OPTSTK,BFO,5.000000,180000,False
886974,SENSEX26O0175000PE,SENSEX,01OCT2026,7500000.000000,20,OPTIDX,BFO,5.000000,1000,False
864784,JINDALSTEL26OCT1200CE,JINDALSTEL,29OCT2026,120000.000000,625,OPTSTK,BFO,5.000000,37500,False
864785,BAJFINANCE26OCT1090PE,BAJFINANCE,29OCT2026,109000.000000,750,OPTSTK,BFO,5.000000,3750,False
864786,FOCIT26SEP37700PE,FOCIT,24SEP2026,3770000.000000,45,OPTIDX,BFO,5.000000,1350,False
864828,UPL26OCT590CE,UPL,29OCT2026,59000.000000,1355,OPTSTK,BFO,5.000000,39000,False
886915,SENSEX26O0177100PE,SENSEX,01OCT2026,7710000.000000,20,OPTIDX,BFO,5.000000,1000,False
886943,HINDPETRO26OCT300PE,HINDPETRO,29OCT2026,30000.000000,2025,OPTSTK,BFO,5.000000,108000,False
846457,DLF26SEP645PE,DLF,24SEP2026,64500.000000,950,OPTSTK,BFO,5.000000,49500,False
846466,RADICO26SEP3400PE,RADICO,24SEP2026,340000.000000,150,OPTSTK,BFO,5.000000,100000000,False
846477,SENSEX5026SEP25450CE,SENSEX50,24SEP2026,2545000.000000,75,OPTIDX,BFO,5.000000,1800,False
846479,VOLTAS26SEP1340PE,VOLTAS,24SEP2026,134000.000000,375,OPTSTK,BFO,5.000000,30000,False
864459,SENSEX2691775200PE,SENSEX,17SEP2026,7520000.000000,20,OPTIDX,BFO,5.000000,1000,False
864464,SENSEX2691777500PE,SENSEX,17SEP2026,7750000.000000,20,OPTIDX,BFO,5.000000,1000,False
864472,TIINDIA26OCTFUT,TIINDIA,29OCT2026,0.000000,200,FUTSTK,BFO,5.000000,100000000,False
864495,PHOENIXLTD26OCT2000PE,PHOENIXLTD,29OCT2026,200000.000000,350,OPTSTK,BFO,5.000000,100000000,False
887009,HINDPETRO26OCT340PE,HINDPETRO,29OCT2026,34000.000000,2025,OPTSTK,BFO,5.000000,108000,False
887019,SENSEX26O0176900PE,SENSEX,01OCT2026,7690000.000000,20,OPTIDX,BFO,5.000000,1000,False
887029,BIOCON26OCT385CE,BIOCON,29OCT2026,38500.000000,2500,OPTSTK,BFO,5.000000,100000,False
887035,SENSEX26O0171500PE,SENSEX,01OCT2026,7150000.000000,20,OPTIDX,BFO,5.000000,1000,False
864829,HINDALCO26OCT1120PE,HINDALCO,29OCT2026,112000.000000,700,OPTSTK,BFO,5.000000,56000,False
864830,BANKEX26OCT68200PE,BANKEX,29OCT2026,6820000.000000,30,OPTIDX,BFO,5.000000,900,False
864839,RELIANCE26OCT1310CE,RELIANCE,29OCT2026,131000.000000,500,OPTSTK,BFO,5.000000,10000,False
864853,HCLTECH26OCT1350PE,HCLTECH,29OCT2026,135000.000000,400,OPTSTK,BFO,5.000000,21000,False
846496,PFC26SEP405CE,PFC,24SEP2026,40500.000000,1300,OPTSTK,BFO,5.000000,124000,False
846521,MARUTI26SEP13500PE,MARUTI,24SEP2026,1350000.000000,50,OPTSTK,BFO,5.000000,3000,False
846536,BANKBARODA26SEP275PE,BANKBARODA,24SEP2026,27500.000000,2925,OPTSTK,BFO,5.000000,175500,False
846560,BIOCON26SEP415CE,BIOCON,24SEP2026,41500.000000,2500,OPTSTK,BFO,5.000000,100000,False
864496,FOCIT26OCT41100CE,FOCIT,29OCT2026,4110000.000000,45,OPTIDX,BFO,5.000000,1350,False
864504,SBICARD26OCT610CE,SBICARD,29OCT2026,61000.000000,800,OPTSTK,BFO,5.000000,32000,False
864524,HDFCAMC26OCT2600PE,HDFCAMC,29OCT2026,260000.000000,300,OPTSTK,BFO,5.000000,12000,False
864560,BANKEX26OCT59900PE,BANKEX,29OCT2026,5990000.000000,30,OPTIDX,BFO,5.000000,900,False
887055,HCLTECH26OCT1440CE,HCLTECH,29OCT2026,144000.000000,400,OPTSTK,BFO,5.000000,21000,False
887059,HINDPETRO26SEP410CE,HINDPETRO,24SEP2026,41000.000000,2025,OPTSTK,BFO,5.000000,108000,False
887060,SENSEX26O0181400CE,SENSEX,01OCT2026,8140000.000000,20,OPTIDX,BFO,5.000000,1000,False
887072,SENSEX26O0171700PE,SENSEX,01OCT2026,7170000.000000,20,OPTIDX,BFO,5.000000,1000,False
864867,LICHSGFIN26OCT510CE,LICHSGFIN,29OCT2026,51000.000000,1000,OPTSTK,BFO,5.000000,60000,False
864873,VOLTAS26OCT1360PE,VOLTAS,29OCT2026,136000.000000,375,OPTSTK,BFO,5.000000,30000,False
864889,BANKEX26OCT66800PE,BANKEX,29OCT2026,6680000.000000,30,OPTIDX,BFO,5.000000,900,False
864893,PNB26OCT112PE,PNB,29OCT2026,11200.000000,8000,OPTSTK,BFO,5.000000,480000,False
887199,SENSEX26O0183500PE,SENSEX,01OCT2026,8350000.000000,20,OPTIDX,BFO,5.000000,1000,False
864571,SENSEX26OCTFUT,SENSEX,29OCT2026,0.000000,20,FUTIDX,BFO,5.000000,500,False
864575,NESTLEIND26OCT1540CE,NESTLEIND,29OCT2026,154000.000000,500,OPTSTK,BFO,5.000000,1200,False
864584,SENSEX26OCT72300PE,SENSEX,29OCT2026,7230000.000000,20,OPTIDX,BFO,5.000000,1000,False
864588,SENSEX26OCT74600PE,SENSEX,29OCT2026,7460000.000000,20,OPTIDX,BFO,5.000000,1000,False
887154,HINDPETRO26OCT350CE,HINDPETRO,29OCT2026,35000.000000,2025,OPTSTK,BFO,5.000000,108000,False
887156,SENSEX26O0178000PE,SENSEX,01OCT2026,7800000.000000,20,OPTIDX,BFO,5.000000,1000,False
887189,SOLARINDS26OCT22000PE,SOLARINDS,29OCT2026,2200000.000000,50,OPTSTK,BFO,5.000000,100000000,False
846567,GODREJCP26SEP1050CE,GODREJCP,24SEP2026,105000.000000,500,OPTSTK,BFO,5.000000,30000,False
846568,POLICYBZR26SEP1620PE,POLICYBZR,24SEP2026,162000.000000,350,OPTSTK,BFO,5.000000,100000000,False
846605,MCX26SEP3150CE,MCX,24SEP2026,315000.000000,225,OPTSTK,BFO,5.000000,16000,False
846607,BHEL26SEP410PE,BHEL,24SEP2026,41000.000000,2625,OPTSTK,BFO,5.000000,315000,False
887208,SENSEX26O0182800CE,SENSEX,01OCT2026,8280000.000000,20,OPTIDX,BFO,5.000000,1000,False
887214,ASTRAL26OCT1680CE,ASTRAL,29OCT2026,168000.000000,425,OPTSTK,BFO,5.000000,14680,False
887262,SENSEX26O0182100CE,SENSEX,01OCT2026,8210000.000000,20,OPTIDX,BFO,5.000000,1000,False
887268,HCLTECH26OCT1440PE,HCLTECH,29OCT2026,144000.000000,400,OPTSTK,BFO,5.000000,21000,False
864894,DABUR26OCT440CE,DABUR,29OCT2026,44000.000000,1250,OPTSTK,BFO,5.000000,50000,False
864896,HCLTECH26OCT1340CE,HCLTECH,29OCT2026,134000.000000,400,OPTSTK,BFO,5.000000,21000,False
864916,HINDPETRO26OCT330.75PE,HINDPETRO,29OCT2026,33075.000000,2025,OPTSTK,BFO,5.000000,108000,False
864926,ICICIBANK26OCT1420PE,ICICIBANK,29OCT2026,142000.000000,700,OPTSTK,BFO,5.000000,28000,False
846608,AUROPHARMA26SEP1640CE,AUROPHARMA,24SEP2026,164000.000000,550,OPTSTK,BFO,5.000000,44000,False
846611,SBIN26SEP980PE,SBIN,24SEP2026,98000.000000,750,OPTSTK,BFO,5.000000,45000,False
846615,HYUNDAI26SEP1960CE,HYUNDAI,24SEP2026,196000.000000,275,OPTSTK,BFO,5.000000,100000000,False
846616,MANAPPURAM26SEP330PE,MANAPPURAM,24SEP2026,33000.000000,3000,OPTSTK,BFO,5.000000,180000,False
864600,TATASTEEL26OCT200PE,TATASTEEL,29OCT2026,20000.000000,2750,OPTSTK,BFO,5.000000,220000,False
864609,INOXWIND26OCT62.5CE,INOXWIND,29OCT2026,6250.000000,6400,OPTSTK,BFO,5.000000,100000000,False
864617,JSWENERGY26OCT500CE,JSWENERGY,29OCT2026,50000.000000,1075,OPTSTK,BFO,5.000000,100000000,False
864618,LAURUSLABS26OCT1720PE,LAURUSLABS,29OCT2026,172000.000000,850,OPTSTK,BFO,5.000000,68000,False
887363,CONCOR26OCT570PE,CONCOR,29OCT2026,57000.000000,1250,OPTSTK,BFO,5.000000,40000,False
864932,MFSL26OCT1500PE,MFSL,29OCT2026,150000.000000,400,OPTSTK,BFO,5.000000,32000,False
864960,SENSEX26OCT82200CE,SENSEX,29OCT2026,8220000.000000,20,OPTIDX,BFO,5.000000,1000,False
864967,COLPAL26OCT2060CE,COLPAL,29OCT2026,206000.000000,275,OPTSTK,BFO,5.000000,14000,False
864985,NMDC26OCT81CE,NMDC,29OCT2026,8100.000000,6750,OPTSTK,BFO,5.000000,225000,False
887297,ETERNAL26SEP355CE,ETERNAL,24SEP2026,35500.000000,2425,OPTSTK,BFO,5.000000,100000000,False
887306,SENSEX26O0172300CE,SENSEX,01OCT2026,7230000.000000,20,OPTIDX,BFO,5.000000,1000,False
887353,IDFCFIRSTB26SEP94CE,IDFCFIRSTB,24SEP2026,9400.000000,9275,OPTSTK,BFO,5.000000,450000,False
864622,BOSCHLTD26OCT44500PE,BOSCHLTD,29OCT2026,4450000.000000,25,OPTSTK,BFO,5.000000,1500,False
864630,OBEROIRLTY26OCT1720PE,OBEROIRLTY,29OCT2026,172000.000000,350,OPTSTK,BFO,5.000000,28000,False
864639,ADANIENSOL26OCT1660PE,ADANIENSOL,29OCT2026,166000.000000,675,OPTSTK,BFO,5.000000,100000000,False
864642,OFSS26OCT10600CE,OFSS,29OCT2026,1060000.000000,100,OPTSTK,BFO,5.000000,8000,False
846654,HYUNDAI26SEP1880PE,HYUNDAI,24SEP2026,188000.000000,275,OPTSTK,BFO,5.000000,100000000,False
846679,PIIND26SEP2780CE,PIIND,24SEP2026,278000.000000,175,OPTSTK,BFO,5.000000,7500,False
846683,GLENMARK26SEP2140CE,GLENMARK,24SEP2026,214000.000000,375,OPTSTK,BFO,5.000000,43500,False
846685,SENSEX5026SEP25750PE,SENSEX50,24SEP2026,2575000.000000,75,OPTIDX,BFO,5.000000,1800,False
864996,POWERINDIA26OCT34000PE,POWERINDIA,29OCT2026,3400000.000000,25,OPTSTK,BFO,5.000000,100000000,False
865015,SENSEX2691777700PE,SENSEX,17SEP2026,7770000.000000,20,OPTIDX,BFO,5.000000,1000,False
865022,PREMIERENE26SEP860CE,PREMIERENE,24SEP2026,86000.000000,650,OPTSTK,BFO,5.000000,100000000,False
865024,JIOFIN26OCT230PE,JIOFIN,29OCT2026,23000.000000,2350,OPTSTK,BFO,5.000000,100000000,False
887379,DELHIVERY26OCT425PE,DELHIVERY,29OCT2026,42500.000000,2075,OPTSTK,BFO,5.000000,100000000,False
887419,GLENMARK26SEP2480CE,GLENMARK,24SEP2026,248000.000000,375,OPTSTK,BFO,5.000000,43500,False
887475,CAMS26OCT700CE,CAMS,29OCT2026,70000.000000,825,OPTSTK,BFO,5.000000,100000000,False
887537,ULTRACEMCO26OCT11000CE,ULTRACEMCO,29OCT2026,1100000.000000,50,OPTSTK,BFO,5.000000,3000,False
864655,JSWSTEEL26OCT1160PE,JSWSTEEL,29OCT2026,116000.000000,675,OPTSTK,BFO,5.000000,40500,False
864676,SENSEX26OCT82300PE,SENSEX,29OCT2026,8230000.000000,20,OPTIDX,BFO,5.000000,1000,False
864700,ETERNAL26OCT335PE,ETERNAL,29OCT2026,33500.000000,2425,OPTSTK,BFO,5.000000,100000000,False
864706,BANKINDIA26OCT150PE,BANKINDIA,29OCT2026,15000.000000,5200,OPTSTK,BFO,5.000000,100000000,False
887538,UPL26OCT490PE,UPL,29OCT2026,49000.000000,1355,OPTSTK,BFO,5.000000,39000,False
887610,MAZDOCK26SEP2950CE,MAZDOCK,24SEP2026,295000.000000,225,OPTSTK,BFO,5.000000,100000000,False
887701,VMM26OCT87.5CE,VMM,29OCT2026,8750.000000,4850,OPTSTK,BFO,5.000000,100000000,False
887707,LUPIN26SEP2100CE,LUPIN,24SEP2026,210000.000000,425,OPTSTK,BFO,5.000000,34000,False
846695,HINDPETRO26SEP390.75CE,HINDPETRO,24SEP2026,39075.000000,2025,OPTSTK,BFO,5.000000,108000,False
846705,BHARTIARTL26SEP1820CE,BHARTIARTL,24SEP2026,182000.000000,475,OPTSTK,BFO,5.000000,28500,False
846738,GODFRYPHLP26SEP2120PE,GODFRYPHLP,24SEP2026,212000.000000,275,OPTSTK,BFO,5.000000,100000000,False
846779,BANKINDIA26SEP157.5CE,BANKINDIA,24SEP2026,15750.000000,5200,OPTSTK,BFO,5.000000,100000000,False
864724,MAZDOCK26OCT2600CE,MAZDOCK,29OCT2026,260000.000000,225,OPTSTK,BFO,5.000000,100000000,False
864726,BANDHANBNK26OCT200CE,BANDHANBNK,29OCT2026,20000.000000,3600,OPTSTK,BFO,5.000000,100000,False
864727,FOCIT26SEP39100PE,FOCIT,24SEP2026,3910000.000000,45,OPTIDX,BFO,5.000000,1350,False
864742,PAYTM26OCT1400CE,PAYTM,29OCT2026,140000.000000,725,OPTSTK,BFO,5.000000,100000000,False
865039,UPL26OCT590PE,UPL,29OCT2026,59000.000000,1355,OPTSTK,BFO,5.000000,39000,False
865044,DMART26OCT3900PE,DMART,29OCT2026,390000.000000,150,OPTSTK,BFO,5.000000,100000000,False
865053,FOCIT26OCT43600CE,FOCIT,29OCT2026,4360000.000000,45,OPTIDX,BFO,5.000000,1350,False
865057,SENSEX2691771700PE,SENSEX,17SEP2026,7170000.000000,20,OPTIDX,BFO,5.000000,1000,False
887742,HAL26SEP5350PE,HAL,24SEP2026,535000.000000,150,OPTSTK,BFO,5.000000,9000,False
887780,APLAPOLLO26OCT2220PE,APLAPOLLO,29OCT2026,222000.000000,350,OPTSTK,BFO,5.000000,100000000,False
887824,CIPLA26OCT1370CE,CIPLA,29OCT2026,137000.000000,425,OPTSTK,BFO,5.000000,26000,False
887867,OBEROIRLTY26OCT2060PE,OBEROIRLTY,29OCT2026,206000.000000,350,OPTSTK,BFO,5.000000,28000,False
864750,NMDC26OCT80PE,NMDC,29OCT2026,8000.000000,6750,OPTSTK,BFO,5.000000,225000,False
864756,BANKEX26OCT70500CE,BANKEX,29OCT2026,7050000.000000,30,OPTIDX,BFO,5.000000,900,False
864765,SENSEX2691775100CE,SENSEX,17SEP2026,7510000.000000,20,OPTIDX,BFO,5.000000,1000,False
864771,FOCIT26OCT41400PE,FOCIT,29OCT2026,4140000.000000,45,OPTIDX,BFO,5.000000,1350,False
846795,NMDC26SEP88CE,NMDC,24SEP2026,8800.000000,6750,OPTSTK,BFO,5.000000,225000,False
846796,HAVELLS26SEP1190PE,HAVELLS,24SEP2026,119000.000000,500,OPTSTK,BFO,5.000000,20000,False
846797,FORCEMOT26SEP17000CE,FORCEMOT,24SEP2026,1700000.000000,25,OPTSTK,BFO,5.000000,100000000,False
846816,BANKEX26SEP69300CE,BANKEX,24SEP2026,6930000.000000,30,OPTIDX,BFO,5.000000,900,False
865063,ABB26OCT7200PE,ABB,29OCT2026,720000.000000,125,OPTSTK,BFO,5.000000,7500,False
865067,HINDZINC26OCT520PE,HINDZINC,29OCT2026,52000.000000,1225,OPTSTK,BFO,5.000000,100000000,False
865077,MFSL26OCT1400CE,MFSL,29OCT2026,140000.000000,400,OPTSTK,BFO,5.000000,32000,False
865096,ICICIGI26OCT1500PE,ICICIGI,29OCT2026,150000.000000,325,OPTSTK,BFO,5.000000,20000,False
887890,MANKIND26SEP2260CE,MANKIND,24SEP2026,226000.000000,250,OPTSTK,BFO,5.000000,100000000,False
888050,OBEROIRLTY26OCT2000CE,OBEROIRLTY,29OCT2026,200000.000000,350,OPTSTK,BFO,5.000000,28000,False
888065,RADICO26OCT5050PE,RADICO,29OCT2026,505000.000000,150,OPTSTK,BFO,5.000000,100000000,False
888119,SENSEX26OCT70800CE,SENSEX,29OCT2026,7080000.000000,20,OPTIDX,BFO,5.000000,1000,False
864827,BAJFINANCE26OCT1080CE,BAJFINANCE,29OCT2026,108000.000000,750,OPTSTK,BFO,5.000000,3750,False
864842,SENSEX26OCT78200CE,SENSEX,29OCT2026,7820000.000000,20,OPTIDX,BFO,5.000000,1000,False
864846,SONACOMS26OCT720CE,SONACOMS,29OCT2026,72000.000000,1225,OPTSTK,BFO,5.000000,100000000,False
864847,HINDUNILVR26OCT2200PE,HINDUNILVR,29OCT2026,220000.000000,300,OPTSTK,BFO,5.000000,9000,False
888120,HCLTECH26OCT1260PE,HCLTECH,29OCT2026,126000.000000,400,OPTSTK,BFO,5.000000,21000,False
888143,OBEROIRLTY26OCT2000PE,OBEROIRLTY,29OCT2026,200000.000000,350,OPTSTK,BFO,5.000000,28000,False
888168,KEI26SEP6600PE,KEI,24SEP2026,660000.000000,175,OPTSTK,BFO,5.000000,100000000,False
888177,SENSEX2691770700CE,SENSEX,17SEP2026,7070000.000000,20,OPTIDX,BFO,5.000000,1000,False
846845,MAZDOCK26SEP2620CE,MAZDOCK,24SEP2026,262000.000000,225,OPTSTK,BFO,5.000000,100000000,False
846890,MARICO26SEP840PE,MARICO,24SEP2026,84000.000000,1200,OPTSTK,BFO,5.000000,48000,False
846907,WIPRO26SEP175CE,WIPRO,24SEP2026,17500.000000,3000,OPTSTK,BFO,5.000000,60000,False
846911,HAVELLS26SEP1250CE,HAVELLS,24SEP2026,125000.000000,500,OPTSTK,BFO,5.000000,20000,False
865112,BANKEX26OCT68100CE,BANKEX,29OCT2026,6810000.000000,30,OPTIDX,BFO,5.000000,900,False
865113,DIVISLAB26OCT7200CE,DIVISLAB,29OCT2026,720000.000000,100,OPTSTK,BFO,5.000000,8000,False
865114,PNB26OCT117PE,PNB,29OCT2026,11700.000000,8000,OPTSTK,BFO,5.000000,480000,False
865118,FOCIT26SEP31600CE,FOCIT,24SEP2026,3160000.000000,45,OPTIDX,BFO,5.000000,1350,False
864860,PIDILITIND26OCT1560PE,PIDILITIND,29OCT2026,156000.000000,500,OPTSTK,BFO,5.000000,10000,False
864876,TITAN26OCT4800PE,TITAN,29OCT2026,480000.000000,175,OPTSTK,BFO,5.000000,11250,False
864881,BANKEX26OCT64500PE,BANKEX,29OCT2026,6450000.000000,30,OPTIDX,BFO,5.000000,900,False
864887,GODREJPROP26OCT2000CE,GODREJPROP,29OCT2026,200000.000000,325,OPTSTK,BFO,5.000000,19000,False
888180,POWERGRID26OCT247.5PE,POWERGRID,29OCT2026,24750.000000,1900,OPTSTK,BFO,5.000000,108000,False
888185,KFINTECH26OCT1100PE,KFINTECH,29OCT2026,110000.000000,575,OPTSTK,BFO,5.000000,100000000,False
888189,BHEL26OCT470PE,BHEL,29OCT2026,47000.000000,2625,OPTSTK,BFO,5.000000,315000,False
888219,ITC26OCT255PE,ITC,29OCT2026,25500.000000,1725,OPTSTK,BFO,5.000000,64000,False
846927,SIEMENS26SEP3550CE,SIEMENS,24SEP2026,355000.000000,175,OPTSTK,BFO,5.000000,8250,False
846937,TCS26SEP2100CE,TCS,24SEP2026,210000.000000,225,OPTSTK,BFO,5.000000,7000,False
846940,SWIGGY26SEP240PE,SWIGGY,24SEP2026,24000.000000,1825,OPTSTK,BFO,5.000000,100000000,False
846943,RADICO26SEP3600PE,RADICO,24SEP2026,360000.000000,150,OPTSTK,BFO,5.000000,100000000,False
865130,SENSEX26OCT72500PE,SENSEX,29OCT2026,7250000.000000,20,OPTIDX,BFO,5.000000,1000,False
865134,SHRIRAMFIN26OCT1060CE,SHRIRAMFIN,29OCT2026,106000.000000,825,OPTSTK,BFO,5.000000,18000,False
865137,SENSEX26OCT74800PE,SENSEX,29OCT2026,7480000.000000,20,OPTIDX,BFO,5.000000,1000,False
865148,SENSEX5026OCT24700CE,SENSEX50,29OCT2026,2470000.000000,75,OPTIDX,BFO,5.000000,1800,False
888222,JUBLFOOD26SEP545CE,JUBLFOOD,24SEP2026,54500.000000,1250,OPTSTK,BFO,5.000000,50000,False
888227,MOTILALOFS26OCT1100PE,MOTILALOFS,29OCT2026,110000.000000,775,OPTSTK,BFO,5.000000,100000000,False
888231,NTPC26SEP300CE,NTPC,24SEP2026,30000.000000,1500,OPTSTK,BFO,5.000000,150000,False
888247,MARUTI26OCT13100PE,MARUTI,29OCT2026,1310000.000000,50,OPTSTK,BFO,5.000000,3000,False
864902,DRREDDY26OCT1180CE,DRREDDY,29OCT2026,118000.000000,625,OPTSTK,BFO,5.000000,5000,False
864903,SENSEX26OCT76800CE,SENSEX,29OCT2026,7680000.000000,20,OPTIDX,BFO,5.000000,1000,False
864924,FORCEMOT26OCT17500CE,FORCEMOT,29OCT2026,1750000.000000,25,OPTSTK,BFO,5.000000,100000000,False
864933,TATAELXSI26OCT3800PE,TATAELXSI,29OCT2026,380000.000000,125,OPTSTK,BFO,5.000000,100000000,False
888302,ITC26SEP252.5CE,ITC,24SEP2026,25250.000000,1725,OPTSTK,BFO,5.000000,64000,False
888335,YESBANK26SEP15CE,YESBANK,24SEP2026,1500.000000,31100,OPTSTK,BFO,5.000000,100000000,False
888338,NYKAA26OCT285CE,NYKAA,29OCT2026,28500.000000,3125,OPTSTK,BFO,5.000000,100000000,False
888351,YESBANK26OCT15PE,YESBANK,29OCT2026,1500.000000,31100,OPTSTK,BFO,5.000000,100000000,False
846959,HINDUNILVR26SEP2060PE,HINDUNILVR,24SEP2026,206000.000000,300,OPTSTK,BFO,5.000000,9000,False
846960,BANKEX26SEP59600PE,BANKEX,24SEP2026,5960000.000000,30,OPTIDX,BFO,5.000000,900,False
846966,HEROMOTOCO26SEP5150PE,HEROMOTOCO,24SEP2026,515000.000000,150,OPTSTK,BFO,5.000000,9000,False
846989,ICICIGI26SEP1700PE,ICICIGI,24SEP2026,170000.000000,325,OPTSTK,BFO,5.000000,20000,False
864936,UNIONBANK26OCT185PE,UNIONBANK,29OCT2026,18500.000000,4425,OPTSTK,BFO,5.000000,100000000,False
864943,BANDHANBNK26OCT200PE,BANDHANBNK,29OCT2026,20000.000000,3600,OPTSTK,BFO,5.000000,100000,False
864947,BLUESTARCO26OCT1620CE,BLUESTARCO,29OCT2026,162000.000000,325,OPTSTK,BFO,5.000000,100000000,False
864949,COLPAL26OCT2220CE,COLPAL,29OCT2026,222000.000000,275,OPTSTK,BFO,5.000000,14000,False
865152,HINDUNILVR26OCT1980PE,HINDUNILVR,29OCT2026,198000.000000,300,OPTSTK,BFO,5.000000,9000,False
865157,BANKEX26OCT66700CE,BANKEX,29OCT2026,6670000.000000,30,OPTIDX,BFO,5.000000,900,False
865158,RBLBANK26OCT395CE,RBLBANK,29OCT2026,39500.000000,3175,OPTSTK,BFO,5.000000,150000,False
865159,ADANIGREEN26OCT1500CE,ADANIGREEN,29OCT2026,150000.000000,600,OPTSTK,BFO,5.000000,100000000,False
888352,LUPIN26OCT2080PE,LUPIN,29OCT2026,208000.000000,425,OPTSTK,BFO,5.000000,34000,False
888379,HINDUNILVR26OCT1900PE,HINDUNILVR,29OCT2026,190000.000000,300,OPTSTK,BFO,5.000000,9000,False
888391,VMM26OCT85PE,VMM,29OCT2026,8500.000000,4850,OPTSTK,BFO,5.000000,100000000,False
888432,MCX26SEP3350PE,MCX,24SEP2026,335000.000000,225,OPTSTK,BFO,5.000000,16000,False
846991,AXISBANK26SEP1360PE,AXISBANK,24SEP2026,136000.000000,625,OPTSTK,BFO,5.000000,25000,False
846998,TCS26SEP2020PE,TCS,24SEP2026,202000.000000,225,OPTSTK,BFO,5.000000,7000,False
847000,POLICYBZR26SEP1740CE,POLICYBZR,24SEP2026,174000.000000,350,OPTSTK,BFO,5.000000,100000000,False
847012,PAGEIND26SEP42750CE,PAGEIND,24SEP2026,4275000.000000,20,OPTSTK,BFO,5.000000,600,False
864953,HEROMOTOCO26OCT5200PE,HEROMOTOCO,29OCT2026,520000.000000,150,OPTSTK,BFO,5.000000,9000,False
864955,NTPC26OCT360PE,NTPC,29OCT2026,36000.000000,1500,OPTSTK,BFO,5.000000,150000,False
864957,INDUSINDBK26OCT1040PE,INDUSINDBK,29OCT2026,104000.000000,700,OPTSTK,BFO,5.000000,20000,False
864961,MOTHERSON26OCT162.5CE,MOTHERSON,29OCT2026,16250.000000,6150,OPTSTK,BFO,5.000000,284000,False
865161,BANDHANBNK26OCT205PE,BANDHANBNK,29OCT2026,20500.000000,3600,OPTSTK,BFO,5.000000,100000,False
865162,FORCEMOT26OCT15500PE,FORCEMOT,29OCT2026,1550000.000000,25,OPTSTK,BFO,5.000000,100000000,False
865166,TCS26OCT2560PE,TCS,29OCT2026,256000.000000,225,OPTSTK,BFO,5.000000,7000,False
865172,JSWENERGY26OCT540CE,JSWENERGY,29OCT2026,54000.000000,1075,OPTSTK,BFO,5.000000,100000000,False
888446,COLPAL26OCT1800CE,COLPAL,29OCT2026,180000.000000,275,OPTSTK,BFO,5.000000,14000,False
888477,COLPAL26SEP1760CE,COLPAL,24SEP2026,176000.000000,275,OPTSTK,BFO,5.000000,14000,False
888511,APLAPOLLO26SEP2260CE,APLAPOLLO,24SEP2026,226000.000000,350,OPTSTK,BFO,5.000000,100000000,False
888568,ASIANPAINT26OCT2500PE,ASIANPAINT,29OCT2026,250000.000000,250,OPTSTK,BFO,5.000000,8000,False
847020,ANGELONE26SEP340PE,ANGELONE,24SEP2026,34000.000000,2500,OPTSTK,BFO,5.000000,100000000,False
847024,HYUNDAI26SEP2040CE,HYUNDAI,24SEP2026,204000.000000,275,OPTSTK,BFO,5.000000,100000000,False
847044,BHEL26SEP385CE,BHEL,24SEP2026,38500.000000,2625,OPTSTK,BFO,5.000000,315000,False
847066,M&M26SEP3100PE,M&M,24SEP2026,310000.000000,200,OPTSTK,BFO,5.000000,21000,False
865218,KAYNES26OCT3700CE,KAYNES,29OCT2026,370000.000000,150,OPTSTK,BFO,5.000000,100000000,False
865226,AUROPHARMA26OCT1480CE,AUROPHARMA,29OCT2026,148000.000000,550,OPTSTK,BFO,5.000000,44000,False
865241,BEL26OCT420PE,BEL,29OCT2026,42000.000000,1425,OPTSTK,BFO,5.000000,228000,False
865243,ADANIGREEN26OCT1260PE,ADANIGREEN,29OCT2026,126000.000000,600,OPTSTK,BFO,5.000000,100000000,False
888596,ASIANPAINT26OCT2540PE,ASIANPAINT,29OCT2026,254000.000000,250,OPTSTK,BFO,5.000000,8000,False
888599,AMBUJACEM26SEP375PE,AMBUJACEM,24SEP2026,37500.000000,1200,OPTSTK,BFO,5.000000,54000,False
888627,BANDHANBNK26OCT135PE,BANDHANBNK,29OCT2026,13500.000000,3600,OPTSTK,BFO,5.000000,100000,False
888630,HDFCBANK26OCT650PE,HDFCBANK,29OCT2026,65000.000000,650,OPTSTK,BFO,5.000000,16500,False
864966,KALYANKJIL26OCT615CE,KALYANKJIL,29OCT2026,61500.000000,1350,OPTSTK,BFO,5.000000,100000000,False
864969,INDHOTEL26OCT810PE,INDHOTEL,29OCT2026,81000.000000,1000,OPTSTK,BFO,5.000000,60000,False
864977,NMDC26OCT85PE,NMDC,29OCT2026,8500.000000,6750,OPTSTK,BFO,5.000000,225000,False
864987,DELHIVERY26OCT495PE,DELHIVERY,29OCT2026,49500.000000,2075,OPTSTK,BFO,5.000000,100000000,False
888634,COLPAL26OCT1760PE,COLPAL,29OCT2026,176000.000000,275,OPTSTK,BFO,5.000000,14000,False
888642,IREDA26OCT97.5CE,IREDA,29OCT2026,9750.000000,4525,OPTSTK,BFO,5.000000,100000000,False
888694,SENSEX26O0170000PE,SENSEX,01OCT2026,7000000.000000,20,OPTIDX,BFO,5.000000,1000,False
888724,SENSEX5026OCT24300CE,SENSEX50,29OCT2026,2430000.000000,75,OPTIDX,BFO,5.000000,1800,False
864997,SIEMENS26OCTFUT,SIEMENS,29OCT2026,0.000000,175,FUTSTK,BFO,5.000000,8250,False
865001,INDUSINDBK26OCT1030CE,INDUSINDBK,29OCT2026,103000.000000,700,OPTSTK,BFO,5.000000,20000,False
865003,BANKEX26OCT70800PE,BANKEX,29OCT2026,7080000.000000,30,OPTIDX,BFO,5.000000,900,False
865011,TIINDIA26OCT3050CE,TIINDIA,29OCT2026,305000.000000,200,OPTSTK,BFO,5.000000,100000000,False
865244,PERSISTENT26OCT5300CE,PERSISTENT,29OCT2026,530000.000000,125,OPTSTK,BFO,5.000000,5250,False
865264,BRITANNIA26OCT5300CE,BRITANNIA,29OCT2026,530000.000000,125,OPTSTK,BFO,5.000000,6000,False
1127418,SENSEX26O0169000CE,SENSEX,01OCT2026,6900000.000000,20,OPTIDX,BFO,5.000000,1000,False
1127505,SENSEX26O2268600CE,SENSEX,22OCT2026,6860000.000000,20,OPTIDX,BFO,5.000000,1000,False
865246,FOCIT26OCT43000PE,FOCIT,29OCT2026,4300000.000000,45,OPTIDX,BFO,5.000000,1350,False
865247,UNOMINDA26OCT1280PE,UNOMINDA,29OCT2026,128000.000000,550,OPTSTK,BFO,5.000000,100000000,False
1127423,ICICIGI26OCT1340CE,ICICIGI,29OCT2026,134000.000000,325,OPTSTK,BFO,5.000000,20000,False
1127452,BANKEX26NOV57200PE,BANKEX,26NOV2026,5720000.000000,30,OPTIDX,BFO,5.000000,900,False
888752,COLPAL26OCT1740PE,COLPAL,29OCT2026,174000.000000,275,OPTSTK,BFO,5.000000,14000,False
888763,ASIANPAINT26SEP2480PE,ASIANPAINT,24SEP2026,248000.000000,250,OPTSTK,BFO,5.000000,8000,False
888766,POLICYBZR26SEP1920PE,POLICYBZR,24SEP2026,192000.000000,350,OPTSTK,BFO,5.000000,100000000,False
888789,IEX26OCT105PE,IEX,29OCT2026,10500.000000,4350,OPTSTK,BFO,5.000000,150000,False
865021,COLPAL26OCT2140PE,COLPAL,29OCT2026,214000.000000,275,OPTSTK,BFO,5.000000,14000,False
865029,CAMS26OCT860CE,CAMS,29OCT2026,86000.000000,825,OPTSTK,BFO,5.000000,100000000,False
865031,SIEMENS26OCT3350CE,SIEMENS,29OCT2026,335000.000000,175,OPTSTK,BFO,5.000000,8250,False
865036,JIOFIN26OCT235CE,JIOFIN,29OCT2026,23500.000000,2350,OPTSTK,BFO,5.000000,100000000,False
884025,BDL26OCT1440PE,BDL,29OCT2026,144000.000000,425,OPTSTK,BFO,5.000000,100000000,False
884029,RELIANCE26OCT1400CE,RELIANCE,29OCT2026,140000.000000,500,OPTSTK,BFO,5.000000,10000,False
884039,SENSEX30DEC72000PE,SENSEX,26DEC2030,7200000.000000,20,OPTIDX,BFO,5.000000,1000,False
888803,JIOFIN26OCT225CE,JIOFIN,29OCT2026,22500.000000,2350,OPTSTK,BFO,5.000000,100000000,False
865272,GODREJPROP26OCT2140PE,GODREJPROP,29OCT2026,214000.000000,325,OPTSTK,BFO,5.000000,19000,False
865288,NHPC26OCT79PE,NHPC,29OCT2026,7900.000000,6950,OPTSTK,BFO,5.000000,100000000,False
865291,KFINTECH26OCT940PE,KFINTECH,29OCT2026,94000.000000,575,OPTSTK,BFO,5.000000,100000000,False
865293,MAXHEALTH26OCT1080PE,MAXHEALTH,29OCT2026,108000.000000,525,OPTSTK,BFO,5.000000,100000000,False
1127530,GVT&D26NOV5200PE,GVT&D,26NOV2026,520000.000000,125,OPTSTK,BFO,5.000000,100000000,False
1127538,SENSEX26O2268800CE,SENSEX,22OCT2026,6880000.000000,20,OPTIDX,BFO,5.000000,1000,False
1127548,SENSEX26NOV69000CE,SENSEX,26NOV2026,6900000.000000,20,OPTIDX,BFO,5.000000,1000,False
1127669,DIVISLAB26OCT10100PE,DIVISLAB,29OCT2026,1010000.000000,100,OPTSTK,BFO,5.000000,8000,False
865051,HINDUNILVR26OCT2020PE,HINDUNILVR,29OCT2026,202000.000000,300,OPTSTK,BFO,5.000000,9000,False
865116,DABUR26OCT445CE,DABUR,29OCT2026,44500.000000,1250,OPTSTK,BFO,5.000000,50000,False
865117,HYUNDAI26OCT2000CE,HYUNDAI,29OCT2026,200000.000000,275,OPTSTK,BFO,5.000000,100000000,False
865125,TCS26OCT2480CE,TCS,29OCT2026,248000.000000,225,OPTSTK,BFO,5.000000,7000,False
884040,PIDILITIND26OCT1800CE,PIDILITIND,29OCT2026,180000.000000,500,OPTSTK,BFO,5.000000,10000,False
884052,POWERGRID26OCT260CE,POWERGRID,29OCT2026,26000.000000,1900,OPTSTK,BFO,5.000000,108000,False
884065,POWERGRID26OCT260PE,POWERGRID,29OCT2026,26000.000000,1900,OPTSTK,BFO,5.000000,108000,False
884086,BHARATFORG26OCT2380PE,BHARATFORG,29OCT2026,238000.000000,500,OPTSTK,BFO,5.000000,30000,False
865133,SENSEX2691781700PE,SENSEX,17SEP2026,8170000.000000,20,OPTIDX,BFO,5.000000,1000,False
865142,NAUKRI26OCT1240CE,NAUKRI,29OCT2026,124000.000000,550,OPTSTK,BFO,5.000000,6000,False
865146,IREDA26OCT107.5PE,IREDA,29OCT2026,10750.000000,4525,OPTSTK,BFO,5.000000,100000000,False
865147,IOC26OCT132.5PE,IOC,29OCT2026,13250.000000,4875,OPTSTK,BFO,5.000000,292500,False
865294,PATANJALI26OCT335CE,PATANJALI,29OCT2026,33500.000000,1075,OPTSTK,BFO,5.000000,100000000,False
865297,SENSEX2691777600CE,SENSEX,17SEP2026,7760000.000000,20,OPTIDX,BFO,5.000000,1000,False
865312,PGEL26OCT680PE,PGEL,29OCT2026,68000.000000,950,OPTSTK,BFO,5.000000,100000000,False
865317,AMBUJACEM26OCT450CE,AMBUJACEM,29OCT2026,45000.000000,1200,OPTSTK,BFO,5.000000,54000,False
1127703,DELHIVERY26NOV415CE,DELHIVERY,26NOV2026,41500.000000,2075,OPTSTK,BFO,5.000000,100000000,False
1127738,MANKIND26OCT2160CE,MANKIND,29OCT2026,216000.000000,250,OPTSTK,BFO,5.000000,100000000,False
1127814,ULTRACEMCO26NOV10400CE,ULTRACEMCO,26NOV2026,1040000.000000,50,OPTSTK,BFO,5.000000,3000,False
1127844,DIVISLAB26NOV10200PE,DIVISLAB,26NOV2026,1020000.000000,100,OPTSTK,BFO,5.000000,8000,False
884220,UNIONBANK26SEP200PE,UNIONBANK,24SEP2026,20000.000000,4425,OPTSTK,BFO,5.000000,100000000,False
884238,ABCAPITAL26OCT460PE,ABCAPITAL,29OCT2026,46000.000000,3100,OPTSTK,BFO,5.000000,162000,False
884239,BHARATFORG26OCT2360CE,BHARATFORG,29OCT2026,236000.000000,500,OPTSTK,BFO,5.000000,30000,False
884241,HINDPETRO26OCT450.75PE,HINDPETRO,29OCT2026,45075.000000,2025,OPTSTK,BFO,5.000000,108000,False
865151,BANKEX26OCT64400CE,BANKEX,29OCT2026,6440000.000000,30,OPTIDX,BFO,5.000000,900,False
865163,FOCIT26OCT33000PE,FOCIT,29OCT2026,3300000.000000,45,OPTIDX,BFO,5.000000,1350,False
865164,UPL26OCTFUT,UPL,29OCT2026,0.000000,1355,FUTSTK,BFO,5.000000,39000,False
865183,OFSS26OCT10800CE,OFSS,29OCT2026,1080000.000000,100,OPTSTK,BFO,5.000000,8000,False
865324,FOCIT26SEP37900PE,FOCIT,24SEP2026,3790000.000000,45,OPTIDX,BFO,5.000000,1350,False
865341,HAL26OCT4750CE,HAL,29OCT2026,475000.000000,150,OPTSTK,BFO,5.000000,9000,False
865365,AUBANK26OCT940CE,AUBANK,29OCT2026,94000.000000,1000,OPTSTK,BFO,5.000000,30000,False
865366,BPCL26OCT345CE,BPCL,29OCT2026,34500.000000,1975,OPTSTK,BFO,5.000000,72000,False
884259,TITAN26OCT5350CE,TITAN,29OCT2026,535000.000000,175,OPTSTK,BFO,5.000000,11250,False
884262,CONCOR26OCT475CE,CONCOR,29OCT2026,47500.000000,1250,OPTSTK,BFO,5.000000,40000,False
884265,ICICIBANK26SEP1540CE,ICICIBANK,24SEP2026,154000.000000,700,OPTSTK,BFO,5.000000,28000,False
884289,COCHINSHIP26OCT1620PE,COCHINSHIP,29OCT2026,162000.000000,400,OPTSTK,BFO,5.000000,100000000,False
1127939,DIVISLAB26NOV10300CE,DIVISLAB,26NOV2026,1030000.000000,100,OPTSTK,BFO,5.000000,8000,False
1127947,VOLTAS26OCT1000CE,VOLTAS,29OCT2026,100000.000000,375,OPTSTK,BFO,5.000000,30000,False
1127953,360ONE26NOV960PE,,26NOV2026,96000.000000,500,OPTSTK,BFO,5.000000,100000000,False
1127963,SENSEX26O1569000PE,SENSEX,15OCT2026,6900000.000000,20,OPTIDX,BFO,5.000000,1000,False
865188,FOCIT26SEP41600CE,FOCIT,24SEP2026,4160000.000000,45,OPTIDX,BFO,5.000000,1350,False
865197,HDFCAMC26OCT2550PE,HDFCAMC,29OCT2026,255000.000000,300,OPTSTK,BFO,5.000000,12000,False
865211,SENSEX26OCT82500PE,SENSEX,29OCT2026,8250000.000000,20,OPTIDX,BFO,5.000000,1000,False
865217,SENSEX26OCT84800PE,SENSEX,29OCT2026,8480000.000000,20,OPTIDX,BFO,5.000000,1000,False
865370,ASIANPAINT26OCT2720PE,ASIANPAINT,29OCT2026,272000.000000,250,OPTSTK,BFO,5.000000,8000,False
865373,GLENMARK26OCT2060PE,GLENMARK,29OCT2026,206000.000000,375,OPTSTK,BFO,5.000000,43500,False
865394,JSWENERGY26OCT540PE,JSWENERGY,29OCT2026,54000.000000,1075,OPTSTK,BFO,5.000000,100000000,False
865447,HCLTECH26OCT1380CE,HCLTECH,29OCT2026,138000.000000,400,OPTSTK,BFO,5.000000,21000,False
884322,SENSEX26OCT85800CE,SENSEX,29OCT2026,8580000.000000,20,OPTIDX,BFO,5.000000,1000,False
884325,CIPLA26OCT1550PE,CIPLA,29OCT2026,155000.000000,425,OPTSTK,BFO,5.000000,26000,False
884329,CHOLAFIN26SEP2060CE,CHOLAFIN,24SEP2026,206000.000000,625,OPTSTK,BFO,5.000000,25000,False
884330,HAL26SEP5100CE,HAL,24SEP2026,510000.000000,150,OPTSTK,BFO,5.000000,9000,False
865227,CGPOWER26OCT900CE,CGPOWER,29OCT2026,90000.000000,850,OPTSTK,BFO,5.000000,100000000,False
865234,INFY26OCT1280CE,INFY,29OCT2026,128000.000000,400,OPTSTK,BFO,5.000000,16000,False
865268,BIOCON26OCT395PE,BIOCON,29OCT2026,39500.000000,2500,OPTSTK,BFO,5.000000,100000,False
865273,BANKEX26OCT58400PE,BANKEX,29OCT2026,5840000.000000,30,OPTIDX,BFO,5.000000,900,False
1127964,MANKIND26OCT2160PE,MANKIND,29OCT2026,216000.000000,250,OPTSTK,BFO,5.000000,100000000,False
1128009,SENSEX5026SEP23800CE,SENSEX50,24SEP2026,2380000.000000,75,OPTIDX,BFO,5.000000,1800,False
1128018,SENSEX26O2268700PE,SENSEX,22OCT2026,6870000.000000,20,OPTIDX,BFO,5.000000,1000,False
1128071,SOLARINDS26NOV24250PE,SOLARINDS,26NOV2026,2425000.000000,50,OPTSTK,BFO,5.000000,100000000,False
884374,PIDILITIND26OCT1820CE,PIDILITIND,29OCT2026,182000.000000,500,OPTSTK,BFO,5.000000,10000,False
884379,ICICIBANK26OCT1530PE,ICICIBANK,29OCT2026,153000.000000,700,OPTSTK,BFO,5.000000,28000,False
884386,TITAN26OCT5350PE,TITAN,29OCT2026,535000.000000,175,OPTSTK,BFO,5.000000,11250,False
884410,MARUTI26OCT13300PE,MARUTI,29OCT2026,1330000.000000,50,OPTSTK,BFO,5.000000,3000,False
865448,HAVELLS26OCT1340CE,HAVELLS,29OCT2026,134000.000000,500,OPTSTK,BFO,5.000000,20000,False
865461,RELIANCE26OCT1270PE,RELIANCE,29OCT2026,127000.000000,500,OPTSTK,BFO,5.000000,10000,False
865462,HAVELLS26OCT1180CE,HAVELLS,29OCT2026,118000.000000,500,OPTSTK,BFO,5.000000,20000,False
865463,CGPOWER26OCT740PE,CGPOWER,29OCT2026,74000.000000,850,OPTSTK,BFO,5.000000,100000000,False
865277,BANKEX26OCT70700CE,BANKEX,29OCT2026,7070000.000000,30,OPTIDX,BFO,5.000000,900,False
865280,KEI26OCT4700PE,KEI,29OCT2026,470000.000000,175,OPTSTK,BFO,5.000000,100000000,False
865282,KALYANKJIL26OCT650CE,KALYANKJIL,29OCT2026,65000.000000,1350,OPTSTK,BFO,5.000000,100000000,False
865290,DABUR26OCT420PE,DABUR,29OCT2026,42000.000000,1250,OPTSTK,BFO,5.000000,50000,False
884525,PGEL26SEP700CE,PGEL,24SEP2026,70000.000000,950,OPTSTK,BFO,5.000000,100000000,False
884534,FORTIS26OCT1030CE,FORTIS,29OCT2026,103000.000000,775,OPTSTK,BFO,5.000000,100000000,False
884544,ICICIBANK26OCT1360PE,ICICIBANK,29OCT2026,136000.000000,700,OPTSTK,BFO,5.000000,28000,False
884613,NESTLEIND26OCT1600PE,NESTLEIND,29OCT2026,160000.000000,500,OPTSTK,BFO,5.000000,1200,False
1128072,SENSEX26O0168900PE,SENSEX,01OCT2026,6890000.000000,20,OPTIDX,BFO,5.000000,1000,False
1128141,SENSEX26O0869000CE,SENSEX,08OCT2026,6900000.000000,20,OPTIDX,BFO,5.000000,1000,False
1128149,RBLBANK26NOV455CE,RBLBANK,26NOV2026,45500.000000,3175,OPTSTK,BFO,5.000000,150000,False
1128158,GVT&D26NOV5500CE,GVT&D,26NOV2026,550000.000000,125,OPTSTK,BFO,5.000000,100000000,False
865470,HINDPETRO26OCT370.75PE,HINDPETRO,29OCT2026,37075.000000,2025,OPTSTK,BFO,5.000000,108000,False
865491,MFSL26OCT1540PE,MFSL,29OCT2026,154000.000000,400,OPTSTK,BFO,5.000000,32000,False
865492,NYKAA26OCT345PE,NYKAA,29OCT2026,34500.000000,3125,OPTSTK,BFO,5.000000,100000000,False
865500,BHEL26OCT410CE,BHEL,29OCT2026,41000.000000,2625,OPTSTK,BFO,5.000000,315000,False
884661,INDUSTOWER26OCT375CE,INDUSTOWER,29OCT2026,37500.000000,1700,OPTSTK,BFO,5.000000,170000,False
884683,GRASIM26OCT3440PE,GRASIM,29OCT2026,344000.000000,250,OPTSTK,BFO,5.000000,14250,False
865306,SENSEX2691779900CE,SENSEX,17SEP2026,7990000.000000,20,OPTIDX,BFO,5.000000,1000,False
865307,360ONE26OCT1000PE,,29OCT2026,100000.000000,500,OPTSTK,BFO,5.000000,100000000,False
865310,PNB26OCT105PE,PNB,29OCT2026,10500.000000,8000,OPTSTK,BFO,5.000000,480000,False
865313,HAVELLS26OCT1280PE,HAVELLS,29OCT2026,128000.000000,500,OPTSTK,BFO,5.000000,20000,False
884664,INDUSTOWER26SEP400CE,INDUSTOWER,24SEP2026,40000.000000,1700,OPTSTK,BFO,5.000000,170000,False
884668,ICICIBANK26OCT1350PE,ICICIBANK,29OCT2026,135000.000000,700,OPTSTK,BFO,5.000000,28000,False
865503,SENSEX2691779300PE,SENSEX,17SEP2026,7930000.000000,20,OPTIDX,BFO,5.000000,1000,False
865505,SBIN26OCT980CE,SBIN,29OCT2026,98000.000000,750,OPTSTK,BFO,5.000000,45000,False
865507,SENSEX26OCT82400CE,SENSEX,29OCT2026,8240000.000000,20,OPTIDX,BFO,5.000000,1000,False
865542,SENSEX2691773300PE,SENSEX,17SEP2026,7330000.000000,20,OPTIDX,BFO,5.000000,1000,False
1128199,SENSEX26OCT68600CE,SENSEX,29OCT2026,6860000.000000,20,OPTIDX,BFO,5.000000,1000,False
1128248,SENSEX2691768700PE,SENSEX,17SEP2026,6870000.000000,20,OPTIDX,BFO,5.000000,1000,False
1128304,SENSEX5026NOV23800CE,SENSEX50,26NOV2026,2380000.000000,75,OPTIDX,BFO,5.000000,1800,False
1128361,SENSEX2691768000PE,SENSEX,17SEP2026,6800000.000000,20,OPTIDX,BFO,5.000000,1000,False
865314,FOCIT26SEP33300PE,FOCIT,24SEP2026,3330000.000000,45,OPTIDX,BFO,5.000000,1350,False
865320,HINDALCO26OCT840CE,HINDALCO,29OCT2026,84000.000000,700,OPTSTK,BFO,5.000000,56000,False
865328,BAJAJFINSV26OCT1880CE,BAJAJFINSV,29OCT2026,188000.000000,300,OPTSTK,BFO,5.000000,20000,False
865333,ASTRAL26OCT1500CE,ASTRAL,29OCT2026,150000.000000,425,OPTSTK,BFO,5.000000,14680,False
884699,INDUSTOWER26SEP405PE,INDUSTOWER,24SEP2026,40500.000000,1700,OPTSTK,BFO,5.000000,170000,False
884721,INDIANB26SEP970CE,INDIANB,24SEP2026,97000.000000,1000,OPTSTK,BFO,5.000000,100000000,False
884732,INDUSTOWER26OCT340CE,INDUSTOWER,29OCT2026,34000.000000,1700,OPTSTK,BFO,5.000000,170000,False
884733,GRASIM26OCT3380CE,GRASIM,29OCT2026,338000.000000,250,OPTSTK,BFO,5.000000,14250,False
1128421,SENSEX26OCT68100CE,SENSEX,29OCT2026,6810000.000000,20,OPTIDX,BFO,5.000000,1000,False
1128478,TECHM26OCT1400PE,TECHM,29OCT2026,140000.000000,600,OPTSTK,BFO,5.000000,24000,False
1128499,SENSEX26OCT68400PE,SENSEX,29OCT2026,6840000.000000,20,OPTIDX,BFO,5.000000,1000,False
1128516,WIPRO26OCT150PE,WIPRO,29OCT2026,15000.000000,3000,OPTSTK,BFO,5.000000,60000,False
865548,NAM-INDIA26OCT1100CE,NAM-INDIA,29OCT2026,110000.000000,625,OPTSTK,BFO,5.000000,100000000,False
865558,BLUESTARCO26OCT1580PE,BLUESTARCO,29OCT2026,158000.000000,325,OPTSTK,BFO,5.000000,100000000,False
865563,COLPAL26OCT2180PE,COLPAL,29OCT2026,218000.000000,275,OPTSTK,BFO,5.000000,14000,False
865577,BANKBARODA26OCT250PE,BANKBARODA,29OCT2026,25000.000000,2925,OPTSTK,BFO,5.000000,175500,False
884743,NHPC26SEP70PE,NHPC,24SEP2026,7000.000000,6950,OPTSTK,BFO,5.000000,100000000,False
884750,M&M26SEP3850PE,M&M,24SEP2026,385000.000000,200,OPTSTK,BFO,5.000000,21000,False
884769,FOCIT26SEP45100PE,FOCIT,24SEP2026,4510000.000000,45,OPTIDX,BFO,5.000000,1350,False
884845,INDUSTOWER26SEP365CE,INDUSTOWER,24SEP2026,36500.000000,1700,OPTSTK,BFO,5.000000,170000,False
865338,MAXHEALTH26OCT1070CE,MAXHEALTH,29OCT2026,107000.000000,525,OPTSTK,BFO,5.000000,100000000,False
865340,BHARTIARTL26OCT1820CE,BHARTIARTL,29OCT2026,182000.000000,475,OPTSTK,BFO,5.000000,28500,False
865350,JINDALSTEL26OCT1080CE,JINDALSTEL,29OCT2026,108000.000000,625,OPTSTK,BFO,5.000000,37500,False
865351,IDEA26OCT16PE,IDEA,29OCT2026,1600.000000,71475,OPTSTK,BFO,5.000000,2400000,False
1128564,AMBUJACEM26SEP360PE,AMBUJACEM,24SEP2026,36000.000000,1200,OPTSTK,BFO,5.000000,54000,False
1128607,WAAREEENER26SEP2200CE,WAAREEENER,24SEP2026,220000.000000,175,OPTSTK,BFO,5.000000,100000000,False
1128728,COLPAL26NOV1660PE,COLPAL,26NOV2026,166000.000000,275,OPTSTK,BFO,5.000000,14000,False
1128802,PAYTM26NOV1900CE,PAYTM,26NOV2026,190000.000000,725,OPTSTK,BFO,5.000000,100000000,False
884873,MPHASIS26SEP2850CE,MPHASIS,24SEP2026,285000.000000,275,OPTSTK,BFO,5.000000,11000,False
884892,SBIN26SEP1160PE,SBIN,24SEP2026,116000.000000,750,OPTSTK,BFO,5.000000,45000,False
884894,MOTHERSON26OCT177.5PE,MOTHERSON,29OCT2026,17750.000000,6150,OPTSTK,BFO,5.000000,284000,False
884899,INDUSTOWER26OCT405PE,INDUSTOWER,29OCT2026,40500.000000,1700,OPTSTK,BFO,5.000000,170000,False
865584,FOCIT26SEP33200CE,FOCIT,24SEP2026,3320000.000000,45,OPTIDX,BFO,5.000000,1350,False
865589,ICICIGI26OCTFUT,ICICIGI,29OCT2026,0.000000,325,FUTSTK,BFO,5.000000,20000,False
865593,RECLTD26OCT340CE,RECLTD,29OCT2026,34000.000000,1575,OPTSTK,BFO,5.000000,160000,False
865620,TATAPOWER26OCT395CE,TATAPOWER,29OCT2026,39500.000000,1450,OPTSTK,BFO,5.000000,101250,False
865364,FOCIT26SEP31900PE,FOCIT,24SEP2026,3190000.000000,45,OPTIDX,BFO,5.000000,1350,False
865372,NESTLEIND26SEP1590CE,NESTLEIND,24SEP2026,159000.000000,500,OPTSTK,BFO,5.000000,1200,False
865377,VEDL26OCT240CE,VEDL,29OCT2026,24000.000000,1150,OPTSTK,BFO,5.000000,80000,False
865384,TECHM26OCT1620CE,TECHM,29OCT2026,162000.000000,600,OPTSTK,BFO,5.000000,24000,False
884906,BLUESTARCO26OCT1400CE,BLUESTARCO,29OCT2026,140000.000000,325,OPTSTK,BFO,5.000000,100000000,False
884909,BANKINDIA26OCT162.5CE,BANKINDIA,29OCT2026,16250.000000,5200,OPTSTK,BFO,5.000000,100000000,False
884916,LICHSGFIN26SEP430CE,LICHSGFIN,24SEP2026,43000.000000,1000,OPTSTK,BFO,5.000000,60000,False
884968,GRASIM26OCT3420PE,GRASIM,29OCT2026,342000.000000,250,OPTSTK,BFO,5.000000,14250,False
1128820,SUNPHARMA26OCT1720PE,SUNPHARMA,29OCT2026,172000.000000,350,OPTSTK,BFO,5.000000,28000,False
1128851,KPITTECH26NOV480PE,KPITTECH,26NOV2026,48000.000000,775,OPTSTK,BFO,5.000000,100000000,False
1128918,SENSEX5026NOV23700CE,SENSEX50,26NOV2026,2370000.000000,75,OPTIDX,BFO,5.000000,1800,False
1128979,SENSEX5026NOV23750PE,SENSEX50,26NOV2026,2375000.000000,75,OPTIDX,BFO,5.000000,1800,False
865629,BHARTIARTL26OCT2000PE,BHARTIARTL,29OCT2026,200000.000000,475,OPTSTK,BFO,5.000000,28500,False
865632,GVT&D26OCT4000CE,GVT&D,29OCT2026,400000.000000,125,OPTSTK,BFO,5.000000,100000000,False
865636,INDIGO26OCT4700CE,INDIGO,29OCT2026,470000.000000,150,OPTSTK,BFO,5.000000,12000,False
865645,FOCIT26SEP31800CE,FOCIT,24SEP2026,3180000.000000,45,OPTIDX,BFO,5.000000,1350,False
884973,MOTHERSON26SEP180CE,MOTHERSON,24SEP2026,18000.000000,6150,OPTSTK,BFO,5.000000,284000,False
885036,NHPC26OCT70PE,NHPC,29OCT2026,7000.000000,6950,OPTSTK,BFO,5.000000,100000000,False
885045,INDUSTOWER26SEP370PE,INDUSTOWER,24SEP2026,37000.000000,1700,OPTSTK,BFO,5.000000,170000,False
885119,MCX26OCT3100CE,MCX,29OCT2026,310000.000000,225,OPTSTK,BFO,5.000000,16000,False
865388,YESBANK26OCT21CE,YESBANK,29OCT2026,2100.000000,31100,OPTSTK,BFO,5.000000,100000000,False
865396,ANGELONE26OCT300CE,ANGELONE,29OCT2026,30000.000000,2500,OPTSTK,BFO,5.000000,100000000,False
865399,PIDILITIND26OCT1760PE,PIDILITIND,29OCT2026,176000.000000,500,OPTSTK,BFO,5.000000,10000,False
865400,DLF26OCT710PE,DLF,29OCT2026,71000.000000,950,OPTSTK,BFO,5.000000,49500,False
865646,BANKEX26OCTFUT,BANKEX,29OCT2026,0.000000,30,FUTIDX,BFO,5.000000,600,False
865650,SHREECEM26OCT27750PE,SHREECEM,29OCT2026,2775000.000000,25,OPTSTK,BFO,5.000000,1000,False
865661,SENSEX26OCT72700PE,SENSEX,29OCT2026,7270000.000000,20,OPTIDX,BFO,5.000000,1000,False
865671,SENSEX26OCT79400CE,SENSEX,29OCT2026,7940000.000000,20,OPTIDX,BFO,5.000000,1000,False
1128996,ULTRACEMCO26SEP10200CE,ULTRACEMCO,24SEP2026,1020000.000000,50,OPTSTK,BFO,5.000000,3000,False
1129008,BDL26SEP1080CE,BDL,24SEP2026,108000.000000,425,OPTSTK,BFO,5.000000,100000000,False
1129027,JIOFIN26NOV212.5PE,JIOFIN,26NOV2026,21250.000000,2350,OPTSTK,BFO,5.000000,100000000,False
1129047,WAAREEENER26SEP2200PE,WAAREEENER,24SEP2026,220000.000000,175,OPTSTK,BFO,5.000000,100000000,False
885144,PFC26OCT350PE,PFC,29OCT2026,35000.000000,1300,OPTSTK,BFO,5.000000,124000,False
885186,AMBER26OCT6600CE,AMBER,29OCT2026,660000.000000,100,OPTSTK,BFO,5.000000,100000000,False
885235,POWERINDIA26OCT36500CE,POWERINDIA,29OCT2026,3650000.000000,25,OPTSTK,BFO,5.000000,100000000,False
885247,LTM26SEP5050PE,LTM,24SEP2026,505000.000000,150,OPTSTK,BFO,5.000000,4500,False
865401,NMDC26OCT78PE,NMDC,29OCT2026,7800.000000,6750,OPTSTK,BFO,5.000000,225000,False
865411,BANKBARODA26OCT275CE,BANKBARODA,29OCT2026,27500.000000,2925,OPTSTK,BFO,5.000000,175500,False
865418,PHOENIXLTD26OCT1800PE,PHOENIXLTD,29OCT2026,180000.000000,350,OPTSTK,BFO,5.000000,100000000,False
865423,GODREJPROP26OCT2200CE,GODREJPROP,29OCT2026,220000.000000,325,OPTSTK,BFO,5.000000,19000,False
865676,PRESTIGE26OCT1560PE,PRESTIGE,29OCT2026,156000.000000,450,OPTSTK,BFO,5.000000,100000000,False
865677,SAIL26OCT180PE,SAIL,29OCT2026,18000.000000,4700,OPTSTK,BFO,5.000000,320000,False
865691,GODREJCP26OCT1090CE,GODREJCP,29OCT2026,109000.000000,500,OPTSTK,BFO,5.000000,30000,False
865693,OIL26OCT430PE,OIL,29OCT2026,43000.000000,1400,OPTSTK,BFO,5.000000,100000000,False
885250,LUPIN26SEP2160PE,LUPIN,24SEP2026,216000.000000,425,OPTSTK,BFO,5.000000,34000,False
885278,ICICIPRULI26OCT460PE,ICICIPRULI,29OCT2026,46000.000000,925,OPTSTK,BFO,5.000000,60000,False
885312,BHARATFORG26OCT1980PE,BHARATFORG,29OCT2026,198000.000000,500,OPTSTK,BFO,5.000000,30000,False
885377,INOXWIND26SEP55PE,INOXWIND,24SEP2026,5500.000000,6400,OPTSTK,BFO,5.000000,100000000,False
1129064,ALKEM26OCT4800PE,ALKEM,29OCT2026,480000.000000,125,OPTSTK,BFO,5.000000,8000,False
1129088,DIXON26NOV12000PE,DIXON,26NOV2026,1200000.000000,50,OPTSTK,BFO,5.000000,6000,False
1129099,TATAELXSI26NOV3100PE,TATAELXSI,26NOV2026,310000.000000,125,OPTSTK,BFO,5.000000,100000000,False
1129100,SENSEX26O0868400CE,SENSEX,08OCT2026,6840000.000000,20,OPTIDX,BFO,5.000000,1000,False
865425,BANDHANBNK26OCT175CE,BANDHANBNK,29OCT2026,17500.000000,3600,OPTSTK,BFO,5.000000,100000,False
865428,SIEMENS26OCT3650PE,SIEMENS,29OCT2026,365000.000000,175,OPTSTK,BFO,5.000000,8250,False
865454,TECHM26OCT1540PE,TECHM,29OCT2026,154000.000000,600,OPTSTK,BFO,5.000000,24000,False
865457,INOXWIND26OCT75CE,INOXWIND,29OCT2026,7500.000000,6400,OPTSTK,BFO,5.000000,100000000,False
885418,PAYTM26OCT1600PE,PAYTM,29OCT2026,160000.000000,725,OPTSTK,BFO,5.000000,100000000,False
885429,BRITANNIA26OCT5950PE,BRITANNIA,29OCT2026,595000.000000,125,OPTSTK,BFO,5.000000,6000,False
885471,PAYTM26SEP1720PE,PAYTM,24SEP2026,172000.000000,725,OPTSTK,BFO,5.000000,100000000,False
885498,HYUNDAI26OCT2360CE,HYUNDAI,29OCT2026,236000.000000,275,OPTSTK,BFO,5.000000,100000000,False
865467,FOCIT26OCT35200CE,FOCIT,29OCT2026,3520000.000000,45,OPTIDX,BFO,5.000000,1350,False
865482,TMPV26OCT300CE,TMPV,29OCT2026,30000.000000,1600,OPTSTK,BFO,5.000000,42750,False
865484,M&M26SEP3650PE,M&M,24SEP2026,365000.000000,200,OPTSTK,BFO,5.000000,21000,False
865486,WAAREEENER26OCT2350CE,WAAREEENER,29OCT2026,235000.000000,175,OPTSTK,BFO,5.000000,100000000,False
1129105,ADANIPORTS26OCT1900CE,ADANIPORTS,29OCT2026,190000.000000,475,OPTSTK,BFO,5.000000,32000,False
1129145,PAYTM26NOV1900PE,PAYTM,26NOV2026,190000.000000,725,OPTSTK,BFO,5.000000,100000000,False
1129156,HDFCLIFE26OCT480CE,HDFCLIFE,29OCT2026,48000.000000,1100,OPTSTK,BFO,5.000000,44000,False
1129170,SENSEX26O2268300CE,SENSEX,22OCT2026,6830000.000000,20,OPTIDX,BFO,5.000000,1000,False
865695,FOCIT26OCT35500PE,FOCIT,29OCT2026,3550000.000000,45,OPTIDX,BFO,5.000000,1350,False
865703,APLAPOLLO26OCT2040PE,APLAPOLLO,29OCT2026,204000.000000,350,OPTSTK,BFO,5.000000,100000000,False
865706,LICI26OCT440CE,LICI,29OCT2026,44000.000000,1400,OPTSTK,BFO,5.000000,100000000,False
865710,DRREDDY26OCT1100PE,DRREDDY,29OCT2026,110000.000000,625,OPTSTK,BFO,5.000000,5000,False
885524,POWERINDIA26SEP39500PE,POWERINDIA,24SEP2026,3950000.000000,25,OPTSTK,BFO,5.000000,100000000,False
885548,BEL26OCT440CE,BEL,29OCT2026,44000.000000,1425,OPTSTK,BFO,5.000000,228000,False
885557,TITAN26SEP5450PE,TITAN,24SEP2026,545000.000000,175,OPTSTK,BFO,5.000000,11250,False
885590,RECLTD26OCT325CE,RECLTD,29OCT2026,32500.000000,1575,OPTSTK,BFO,5.000000,160000,False
865489,RVNL26OCT205CE,RVNL,29OCT2026,20500.000000,1925,OPTSTK,BFO,5.000000,100000000,False
865490,JSWENERGY26OCT610PE,JSWENERGY,29OCT2026,61000.000000,1075,OPTSTK,BFO,5.000000,100000000,False
865509,DLF26OCT620PE,DLF,29OCT2026,62000.000000,950,OPTSTK,BFO,5.000000,49500,False
865514,CANBK26OCTFUT,CANBK,29OCT2026,0.000000,6750,FUTSTK,BFO,5.000000,81000,False
865730,APOLLOHOSP26OCT9100PE,APOLLOHOSP,29OCT2026,910000.000000,125,OPTSTK,BFO,5.000000,5000,False
865761,BPCL26OCT290CE,BPCL,29OCT2026,29000.000000,1975,OPTSTK,BFO,5.000000,72000,False
865772,TATAPOWER26OCT370PE,TATAPOWER,29OCT2026,37000.000000,1450,OPTSTK,BFO,5.000000,101250,False
865777,BANKBARODA26OCT255PE,BANKBARODA,29OCT2026,25500.000000,2925,OPTSTK,BFO,5.000000,175500,False
1129176,KPITTECH26OCT480PE,KPITTECH,29OCT2026,48000.000000,775,OPTSTK,BFO,5.000000,100000000,False
1129186,FOCIT26SEP29200CE,FOCIT,24SEP2026,2920000.000000,45,OPTIDX,BFO,5.000000,1350,False
1129206,FOCIT26OCT29200PE,FOCIT,29OCT2026,2920000.000000,45,OPTIDX,BFO,5.000000,1350,False
1129232,UNITDSPR26OCT1280PE,UNITDSPR,29OCT2026,128000.000000,400,OPTSTK,BFO,5.000000,28000,False
885594,BAJAJHLDNG26SEP12200PE,BAJAJHLDNG,24SEP2026,1220000.000000,75,OPTSTK,BFO,5.000000,100000000,False
885608,PAYTM26SEP1620PE,PAYTM,24SEP2026,162000.000000,725,OPTSTK,BFO,5.000000,100000000,False
885613,POWERINDIA26OCT39500CE,POWERINDIA,29OCT2026,3950000.000000,25,OPTSTK,BFO,5.000000,100000000,False
885621,POLICYBZR26SEP1840CE,POLICYBZR,24SEP2026,184000.000000,350,OPTSTK,BFO,5.000000,100000000,False
865516,ADANIPORTS26OCTFUT,ADANIPORTS,29OCT2026,0.000000,475,FUTSTK,BFO,5.000000,32000,False
865520,FOCIT26OCT33800CE,FOCIT,29OCT2026,3380000.000000,45,OPTIDX,BFO,5.000000,1350,False
865527,HYUNDAI26OCT2140PE,HYUNDAI,29OCT2026,214000.000000,275,OPTSTK,BFO,5.000000,100000000,False
865528,IRFC26OCT87CE,IRFC,29OCT2026,8700.000000,5425,OPTSTK,BFO,5.000000,100000000,False
865779,MANAPPURAM26OCT400PE,MANAPPURAM,29OCT2026,40000.000000,3000,OPTSTK,BFO,5.000000,180000,False
865785,TATASTEEL26OCT190PE,TATASTEEL,29OCT2026,19000.000000,2750,OPTSTK,BFO,5.000000,220000,False
865801,GODREJPROP26OCT2180PE,GODREJPROP,29OCT2026,218000.000000,325,OPTSTK,BFO,5.000000,19000,False
865803,PATANJALI26OCT370PE,PATANJALI,29OCT2026,37000.000000,1075,OPTSTK,BFO,5.000000,100000000,False
885623,COLPAL26OCT1860CE,COLPAL,29OCT2026,186000.000000,275,OPTSTK,BFO,5.000000,14000,False
885630,PAYTM26SEP1740CE,PAYTM,24SEP2026,174000.000000,725,OPTSTK,BFO,5.000000,100000000,False
885632,BOSCHLTD26SEP49000PE,BOSCHLTD,24SEP2026,4900000.000000,25,OPTSTK,BFO,5.000000,1500,False
885633,DIVISLAB26SEP9200PE,DIVISLAB,24SEP2026,920000.000000,100,OPTSTK,BFO,5.000000,8000,False
1129238,DRREDDY26NOV1070PE,DRREDDY,26NOV2026,107000.000000,625,OPTSTK,BFO,5.000000,5000,False
1129247,GODREJPROP26OCT1720PE,GODREJPROP,29OCT2026,172000.000000,325,OPTSTK,BFO,5.000000,19000,False
1129273,WIPRO26OCT150CE,WIPRO,29OCT2026,15000.000000,3000,OPTSTK,BFO,5.000000,60000,False
1129275,PRESTIGE26NOV1400PE,PRESTIGE,26NOV2026,140000.000000,450,OPTSTK,BFO,5.000000,100000000,False
885634,MCX26OCT3150PE,MCX,29OCT2026,315000.000000,225,OPTSTK,BFO,5.000000,16000,False
885635,POLICYBZR26SEP1880CE,POLICYBZR,24SEP2026,188000.000000,350,OPTSTK,BFO,5.000000,100000000,False
885679,TMPV26OCT385PE,TMPV,29OCT2026,38500.000000,1600,OPTSTK,BFO,5.000000,42750,False
885727,POLICYBZR26SEP1880PE,POLICYBZR,24SEP2026,188000.000000,350,OPTSTK,BFO,5.000000,100000000,False
865553,COCHINSHIP26OCT1500PE,COCHINSHIP,29OCT2026,150000.000000,400,OPTSTK,BFO,5.000000,100000000,False
865554,TECHM26SEP1800PE,TECHM,24SEP2026,180000.000000,600,OPTSTK,BFO,5.000000,24000,False
865564,ADANIPORTS26OCT1780CE,ADANIPORTS,29OCT2026,178000.000000,475,OPTSTK,BFO,5.000000,32000,False
865565,ABB26OCT6700CE,ABB,29OCT2026,670000.000000,125,OPTSTK,BFO,5.000000,7500,False
865806,SUPREMEIND26OCT3300CE,SUPREMEIND,29OCT2026,330000.000000,175,OPTSTK,BFO,5.000000,100000000,False
865807,FOCIT26SEP31200PE,FOCIT,24SEP2026,3120000.000000,45,OPTIDX,BFO,5.000000,1350,False
865824,TATAELXSI26OCT4000CE,TATAELXSI,29OCT2026,400000.000000,125,OPTSTK,BFO,5.000000,100000000,False
865827,HINDALCO26OCT880CE,HINDALCO,29OCT2026,88000.000000,700,OPTSTK,BFO,5.000000,56000,False
1129277,SENSEX26OCT68000PE,SENSEX,29OCT2026,6800000.000000,20,OPTIDX,BFO,5.000000,1000,False
1129300,SENSEX26O0868200PE,SENSEX,08OCT2026,6820000.000000,20,OPTIDX,BFO,5.000000,1000,False
1129311,SENSEX26NOV68300CE,SENSEX,26NOV2026,6830000.000000,20,OPTIDX,BFO,5.000000,1000,False
1129337,HCLTECH26OCT1200CE,HCLTECH,29OCT2026,120000.000000,400,OPTSTK,BFO,5.000000,21000,False
865608,MUTHOOTFIN26OCT3150PE,MUTHOOTFIN,29OCT2026,315000.000000,275,OPTSTK,BFO,5.000000,22000,False
865609,COFORGE26OCT1780CE,COFORGE,29OCT2026,178000.000000,475,OPTSTK,BFO,5.000000,6000,False
865619,SBICARD26OCT690CE,SBICARD,29OCT2026,69000.000000,800,OPTSTK,BFO,5.000000,32000,False
865623,ICICIGI26OCT1700PE,ICICIGI,29OCT2026,170000.000000,325,OPTSTK,BFO,5.000000,20000,False
865830,FEDERALBNK26OCT345PE,FEDERALBNK,29OCT2026,34500.000000,2500,OPTSTK,BFO,5.000000,200000,False
865888,FORCEMOT26OCT17000CE,FORCEMOT,29OCT2026,1700000.000000,25,OPTSTK,BFO,5.000000,100000000,False
865896,FOCIT26OCT39100CE,FOCIT,29OCT2026,3910000.000000,45,OPTIDX,BFO,5.000000,1350,False
865924,MPHASIS26OCT2250PE,MPHASIS,29OCT2026,225000.000000,275,OPTSTK,BFO,5.000000,11000,False
885729,MCX26OCT3200CE,MCX,29OCT2026,320000.000000,225,OPTSTK,BFO,5.000000,16000,False
885747,ZYDUSLIFE26SEP1240CE,ZYDUSLIFE,24SEP2026,124000.000000,900,OPTSTK,BFO,5.000000,54000,False
885831,DIVISLAB26OCT9200CE,DIVISLAB,29OCT2026,920000.000000,100,OPTSTK,BFO,5.000000,8000,False
885832,ZYDUSLIFE26OCT1220CE,ZYDUSLIFE,29OCT2026,122000.000000,900,OPTSTK,BFO,5.000000,54000,False
1129363,LTM26NOV4050CE,LTM,26NOV2026,405000.000000,150,OPTSTK,BFO,5.000000,4500,False
1129380,SHREECEM26SEP21250CE,SHREECEM,24SEP2026,2125000.000000,25,OPTSTK,BFO,5.000000,1000,False
1129396,CAMS26OCT650PE,CAMS,29OCT2026,65000.000000,825,OPTSTK,BFO,5.000000,100000000,False
1129427,AMBER26NOV6500PE,AMBER,26NOV2026,650000.000000,100,OPTSTK,BFO,5.000000,100000000,False
885835,DRREDDY26OCT1260CE,DRREDDY,29OCT2026,126000.000000,625,OPTSTK,BFO,5.000000,5000,False
885874,NAUKRI26SEP1440CE,NAUKRI,24SEP2026,144000.000000,550,OPTSTK,BFO,5.000000,6000,False
885881,GODREJCP26OCT960PE,GODREJCP,29OCT2026,96000.000000,500,OPTSTK,BFO,5.000000,30000,False
885885,IREDA26SEP100PE,IREDA,24SEP2026,10000.000000,4525,OPTSTK,BFO,5.000000,100000000,False
865634,MUTHOOTFIN26OCT3300CE,MUTHOOTFIN,29OCT2026,330000.000000,275,OPTSTK,BFO,5.000000,22000,False
865635,DLF26OCT680CE,DLF,29OCT2026,68000.000000,950,OPTSTK,BFO,5.000000,49500,False
865641,BOSCHLTD26OCT44000PE,BOSCHLTD,29OCT2026,4400000.000000,25,OPTSTK,BFO,5.000000,1500,False
865642,360ONE26OCT1220PE,,29OCT2026,122000.000000,500,OPTSTK,BFO,5.000000,100000000,False
1129479,TECHM26NOV1360CE,TECHM,26NOV2026,136000.000000,600,OPTSTK,BFO,5.000000,24000,False
1129482,SENSEX26O0868300CE,SENSEX,08OCT2026,6830000.000000,20,OPTIDX,BFO,5.000000,1000,False
1129486,FOCIT26SEP28600PE,FOCIT,24SEP2026,2860000.000000,45,OPTIDX,BFO,5.000000,1350,False
1129498,BANKEX26SEP57100PE,BANKEX,24SEP2026,5710000.000000,30,OPTIDX,BFO,5.000000,900,False
865929,DMART26OCT4100CE,DMART,29OCT2026,410000.000000,150,OPTSTK,BFO,5.000000,100000000,False
865931,MOTHERSON26OCT150PE,MOTHERSON,29OCT2026,15000.000000,6150,OPTSTK,BFO,5.000000,284000,False
865946,JSWSTEEL26OCT1200PE,JSWSTEEL,29OCT2026,120000.000000,675,OPTSTK,BFO,5.000000,40500,False
865956,TECHM26OCT1580PE,TECHM,29OCT2026,158000.000000,600,OPTSTK,BFO,5.000000,24000,False
865652,FOCIT26OCT39200PE,FOCIT,29OCT2026,3920000.000000,45,OPTIDX,BFO,5.000000,1350,False
865659,ALKEM26OCT5750PE,ALKEM,29OCT2026,575000.000000,125,OPTSTK,BFO,5.000000,8000,False
865704,FOCIT26SEP41800CE,FOCIT,24SEP2026,4180000.000000,45,OPTIDX,BFO,5.000000,1350,False
865705,HINDZINC26OCT470PE,HINDZINC,29OCT2026,47000.000000,1225,OPTSTK,BFO,5.000000,100000000,False
885887,NAUKRI26SEP1480CE,NAUKRI,24SEP2026,148000.000000,550,OPTSTK,BFO,5.000000,6000,False
885889,PAYTM26OCT1740CE,PAYTM,29OCT2026,174000.000000,725,OPTSTK,BFO,5.000000,100000000,False
885890,POLICYBZR26SEP1860PE,POLICYBZR,24SEP2026,186000.000000,350,OPTSTK,BFO,5.000000,100000000,False
885901,ZYDUSLIFE26OCT1210CE,ZYDUSLIFE,29OCT2026,121000.000000,900,OPTSTK,BFO,5.000000,54000,False
1129518,COCHINSHIP26NOV1700CE,COCHINSHIP,26NOV2026,170000.000000,400,OPTSTK,BFO,5.000000,100000000,False
1129541,HCLTECH26OCT1190CE,HCLTECH,29OCT2026,119000.000000,400,OPTSTK,BFO,5.000000,21000,False
1129557,FOCIT26OCT28400CE,FOCIT,29OCT2026,2840000.000000,45,OPTIDX,BFO,5.000000,1350,False
1129566,SENSEX5026OCT23600PE,SENSEX50,29OCT2026,2360000.000000,75,OPTIDX,BFO,5.000000,1800,False
865959,BANKEX26OCT63300CE,BANKEX,29OCT2026,6330000.000000,30,OPTIDX,BFO,5.000000,900,False
865971,BANKEX26OCT67900CE,BANKEX,29OCT2026,6790000.000000,30,OPTIDX,BFO,5.000000,900,False
865972,BPCL26OCT290PE,BPCL,29OCT2026,29000.000000,1975,OPTSTK,BFO,5.000000,72000,False
865980,AUBANK26OCT1040PE,AUBANK,29OCT2026,104000.000000,1000,OPTSTK,BFO,5.000000,30000,False
885909,DIVISLAB26SEP9200CE,DIVISLAB,24SEP2026,920000.000000,100,OPTSTK,BFO,5.000000,8000,False
885912,MCX26OCT3150CE,MCX,29OCT2026,315000.000000,225,OPTSTK,BFO,5.000000,16000,False
885925,BOSCHLTD26OCT47500CE,BOSCHLTD,29OCT2026,4750000.000000,25,OPTSTK,BFO,5.000000,1500,False
885936,LTM26SEP5200PE,LTM,24SEP2026,520000.000000,150,OPTSTK,BFO,5.000000,4500,False
865708,JSWENERGY26OCT580CE,JSWENERGY,29OCT2026,58000.000000,1075,OPTSTK,BFO,5.000000,100000000,False
865717,SENSEX26OCT80400PE,SENSEX,29OCT2026,8040000.000000,20,OPTIDX,BFO,5.000000,1000,False
865724,KAYNES26OCT3900CE,KAYNES,29OCT2026,390000.000000,150,OPTSTK,BFO,5.000000,100000000,False
865725,IREDA26OCT115PE,IREDA,29OCT2026,11500.000000,4525,OPTSTK,BFO,5.000000,100000000,False
865985,SENSEX26OCT80300CE,SENSEX,29OCT2026,8030000.000000,20,OPTIDX,BFO,5.000000,1000,False
866006,TATASTEEL26OCT195PE,TATASTEEL,29OCT2026,19500.000000,2750,OPTSTK,BFO,5.000000,220000,False
866038,SHRIRAMFIN26OCT920PE,SHRIRAMFIN,29OCT2026,92000.000000,825,OPTSTK,BFO,5.000000,18000,False
866040,HINDUNILVR26OCT2180CE,HINDUNILVR,29OCT2026,218000.000000,300,OPTSTK,BFO,5.000000,9000,False
1129567,COFORGE26NOV1700CE,COFORGE,26NOV2026,170000.000000,475,OPTSTK,BFO,5.000000,6000,False
1129570,SENSEX26O2267800CE,SENSEX,22OCT2026,6780000.000000,20,OPTIDX,BFO,5.000000,1000,False
1129572,SENSEX26NOV68000CE,SENSEX,26NOV2026,6800000.000000,20,OPTIDX,BFO,5.000000,1000,False
1129583,GODREJPROP26NOV1740CE,GODREJPROP,26NOV2026,174000.000000,325,OPTSTK,BFO,5.000000,19000,False
885947,BHARATFORG26SEP1940CE,BHARATFORG,24SEP2026,194000.000000,500,OPTSTK,BFO,5.000000,30000,False
885951,NAUKRI26OCT1460CE,NAUKRI,29OCT2026,146000.000000,550,OPTSTK,BFO,5.000000,6000,False
885972,ADANIGREEN26SEP1200PE,ADANIGREEN,24SEP2026,120000.000000,600,OPTSTK,BFO,5.000000,100000000,False
885975,GODREJCP26SEP860PE,GODREJCP,24SEP2026,86000.000000,500,OPTSTK,BFO,5.000000,30000,False
865729,DABUR26OCT390PE,DABUR,29OCT2026,39000.000000,1250,OPTSTK,BFO,5.000000,50000,False
865731,TORNTPHARM26OCT4500PE,TORNTPHARM,29OCT2026,450000.000000,125,OPTSTK,BFO,5.000000,15000,False
865738,ADANIENT26OCT2700PE,ADANIENT,29OCT2026,270000.000000,309,OPTSTK,BFO,5.000000,9000,False
865739,DABUR26OCT395CE,DABUR,29OCT2026,39500.000000,1250,OPTSTK,BFO,5.000000,50000,False
866041,ASTRAL26OCT1360CE,ASTRAL,29OCT2026,136000.000000,425,OPTSTK,BFO,5.000000,14680,False
866045,BANKINDIA26OCT137.5CE,BANKINDIA,29OCT2026,13750.000000,5200,OPTSTK,BFO,5.000000,100000000,False
866048,BLUESTARCO26OCT1780PE,BLUESTARCO,29OCT2026,178000.000000,325,OPTSTK,BFO,5.000000,100000000,False
866063,POLYCAB26OCT9200CE,POLYCAB,29OCT2026,920000.000000,125,OPTSTK,BFO,5.000000,9000,False
885980,MAXHEALTH26OCT960PE,MAXHEALTH,29OCT2026,96000.000000,525,OPTSTK,BFO,5.000000,100000000,False
886006,PIIND26OCT2150PE,PIIND,29OCT2026,215000.000000,175,OPTSTK,BFO,5.000000,7500,False
886014,MAXHEALTH26SEP960PE,MAXHEALTH,24SEP2026,96000.000000,525,OPTSTK,BFO,5.000000,100000000,False
886059,BOSCHLTD26SEP49500CE,BOSCHLTD,24SEP2026,4950000.000000,25,OPTSTK,BFO,5.000000,1500,False
1129628,TECHM26NOV1400CE,TECHM,26NOV2026,140000.000000,600,OPTSTK,BFO,5.000000,24000,False
1129630,HCLTECH26OCT1200PE,HCLTECH,29OCT2026,120000.000000,400,OPTSTK,BFO,5.000000,21000,False
1129640,HCLTECH26NOV1160CE,HCLTECH,26NOV2026,116000.000000,400,OPTSTK,BFO,5.000000,21000,False
1129643,PGEL26NOV470CE,PGEL,26NOV2026,47000.000000,950,OPTSTK,BFO,5.000000,100000000,False
886074,GODREJCP26SEP850CE,GODREJCP,24SEP2026,85000.000000,500,OPTSTK,BFO,5.000000,30000,False
886090,BLUESTARCO26OCT1340PE,BLUESTARCO,29OCT2026,134000.000000,325,OPTSTK,BFO,5.000000,100000000,False
886093,TATASTEEL26OCT167.5CE,TATASTEEL,29OCT2026,16750.000000,2750,OPTSTK,BFO,5.000000,220000,False
886101,GODREJCP26OCT910CE,GODREJCP,29OCT2026,91000.000000,500,OPTSTK,BFO,5.000000,30000,False
865744,IDEA26OCT13CE,IDEA,29OCT2026,1300.000000,71475,OPTSTK,BFO,5.000000,2400000,False
865773,IEX26OCT125CE,IEX,29OCT2026,12500.000000,4350,OPTSTK,BFO,5.000000,150000,False
865782,AMBER26OCT6700CE,AMBER,29OCT2026,670000.000000,100,OPTSTK,BFO,5.000000,100000000,False
865786,CUMMINSIND26OCT6000CE,CUMMINSIND,29OCT2026,600000.000000,200,OPTSTK,BFO,5.000000,18000,False
866074,FOCIT26SEP33400CE,FOCIT,24SEP2026,3340000.000000,45,OPTIDX,BFO,5.000000,1350,False
866088,SENSEX26OCT72000PE,SENSEX,29OCT2026,7200000.000000,20,OPTIDX,BFO,5.000000,1000,False
866091,SENSEX26OCT74300PE,SENSEX,29OCT2026,7430000.000000,20,OPTIDX,BFO,5.000000,1000,False
866097,SENSEX26OCT76600PE,SENSEX,29OCT2026,7660000.000000,20,OPTIDX,BFO,5.000000,1000,False
1129651,HAVELLS26SEP980PE,HAVELLS,24SEP2026,98000.000000,500,OPTSTK,BFO,5.000000,20000,False
1129654,MANKIND26SEP2140CE,MANKIND,24SEP2026,214000.000000,250,OPTSTK,BFO,5.000000,100000000,False
1129663,ICICIPRULI26OCT425PE,ICICIPRULI,29OCT2026,42500.000000,925,OPTSTK,BFO,5.000000,60000,False
1129674,SENSEX26SEP67800PE,SENSEX,24SEP2026,6780000.000000,20,OPTIDX,BFO,5.000000,1000,False
865789,LICHSGFIN26OCT530PE,LICHSGFIN,29OCT2026,53000.000000,1000,OPTSTK,BFO,5.000000,60000,False
865791,KEI26OCT4900PE,KEI,29OCT2026,490000.000000,175,OPTSTK,BFO,5.000000,100000000,False
865811,GLENMARK26OCT2340CE,GLENMARK,29OCT2026,234000.000000,375,OPTSTK,BFO,5.000000,43500,False
865814,KFINTECH26OCT980PE,KFINTECH,29OCT2026,98000.000000,575,OPTSTK,BFO,5.000000,100000000,False
1129690,FOCIT26NOV29000PE,FOCIT,26NOV2026,2900000.000000,45,OPTIDX,BFO,5.000000,1350,False
1129720,SENSEX2691768300PE,SENSEX,17SEP2026,6830000.000000,20,OPTIDX,BFO,5.000000,1000,False
1129740,SENSEX5026OCT23750PE,SENSEX50,29OCT2026,2375000.000000,75,OPTIDX,BFO,5.000000,1800,False
1129756,CGPOWER26OCT1060CE,CGPOWER,29OCT2026,106000.000000,850,OPTSTK,BFO,5.000000,100000000,False
866115,CUMMINSIND26OCT5600CE,CUMMINSIND,29OCT2026,560000.000000,200,OPTSTK,BFO,5.000000,18000,False
866127,APLAPOLLO26SEP2020CE,APLAPOLLO,24SEP2026,202000.000000,350,OPTSTK,BFO,5.000000,100000000,False
866145,FEDERALBNK26OCT385CE,FEDERALBNK,29OCT2026,38500.000000,2500,OPTSTK,BFO,5.000000,200000,False
866159,RVNL26OCT220PE,RVNL,29OCT2026,22000.000000,1925,OPTSTK,BFO,5.000000,100000000,False
865829,ASIANPAINT26OCT2680CE,ASIANPAINT,29OCT2026,268000.000000,250,OPTSTK,BFO,5.000000,8000,False
865835,SHRIRAMFIN26OCT920CE,SHRIRAMFIN,29OCT2026,92000.000000,825,OPTSTK,BFO,5.000000,18000,False
865857,IDFCFIRSTB26OCT82CE,IDFCFIRSTB,29OCT2026,8200.000000,9275,OPTSTK,BFO,5.000000,450000,False
865859,SENSEX26OCT76300CE,SENSEX,29OCT2026,7630000.000000,20,OPTIDX,BFO,5.000000,1000,False
866162,ITC26OCT297.5PE,ITC,29OCT2026,29750.000000,1725,OPTSTK,BFO,5.000000,64000,False
866167,LTM26SEP4800PE,LTM,24SEP2026,480000.000000,150,OPTSTK,BFO,5.000000,4500,False
866169,SOLARINDS26OCT16250PE,SOLARINDS,29OCT2026,1625000.000000,50,OPTSTK,BFO,5.000000,100000000,False
866173,SENSEX26OCT84300PE,SENSEX,29OCT2026,8430000.000000,20,OPTIDX,BFO,5.000000,1000,False
1129767,UNITDSPR26NOV1260PE,UNITDSPR,26NOV2026,126000.000000,400,OPTSTK,BFO,5.000000,28000,False
1129769,SENSEX26O0168100CE,SENSEX,01OCT2026,6810000.000000,20,OPTIDX,BFO,5.000000,1000,False
1129816,TECHM26OCT1360PE,TECHM,29OCT2026,136000.000000,600,OPTSTK,BFO,5.000000,24000,False
1129817,SRF26OCT2150CE,SRF,29OCT2026,215000.000000,200,OPTSTK,BFO,5.000000,11250,False
865862,GLENMARK26OCT2260PE,GLENMARK,29OCT2026,226000.000000,375,OPTSTK,BFO,5.000000,43500,False
865864,FOCIT26SEP38800CE,FOCIT,24SEP2026,3880000.000000,45,OPTIDX,BFO,5.000000,1350,False
865874,ASIANPAINT26OCT2760PE,ASIANPAINT,29OCT2026,276000.000000,250,OPTSTK,BFO,5.000000,8000,False
865876,VEDL26OCT280CE,VEDL,29OCT2026,28000.000000,1150,OPTSTK,BFO,5.000000,80000,False
866177,CHOLAFIN26OCT1700PE,CHOLAFIN,29OCT2026,170000.000000,625,OPTSTK,BFO,5.000000,25000,False
866194,POWERGRID26OCT300CE,POWERGRID,29OCT2026,30000.000000,1900,OPTSTK,BFO,5.000000,108000,False
866197,GVT&D26OCT3500PE,GVT&D,29OCT2026,350000.000000,125,OPTSTK,BFO,5.000000,100000000,False
866203,PIIND26OCT2450PE,PIIND,29OCT2026,245000.000000,175,OPTSTK,BFO,5.000000,7500,False
1129898,GODREJPROP26NOV1740PE,GODREJPROP,26NOV2026,174000.000000,325,OPTSTK,BFO,5.000000,19000,False
1129900,HINDUNILVR26OCT1800PE,HINDUNILVR,29OCT2026,180000.000000,300,OPTSTK,BFO,5.000000,9000,False
1129931,SENSEX26O1568200CE,SENSEX,15OCT2026,6820000.000000,20,OPTIDX,BFO,5.000000,1000,False
1129934,SENSEX26NOV68200PE,SENSEX,26NOV2026,6820000.000000,20,OPTIDX,BFO,5.000000,1000,False
865883,HINDPETRO26OCT300.75CE,HINDPETRO,29OCT2026,30075.000000,2025,OPTSTK,BFO,5.000000,108000,False
865884,CIPLA26OCT1520PE,CIPLA,29OCT2026,152000.000000,425,OPTSTK,BFO,5.000000,26000,False
865887,TORNTPHARM26OCT5100PE,TORNTPHARM,29OCT2026,510000.000000,125,OPTSTK,BFO,5.000000,15000,False
865893,JSWENERGY26OCT580PE,JSWENERGY,29OCT2026,58000.000000,1075,OPTSTK,BFO,5.000000,100000000,False
866206,CUMMINSIND26OCT4900PE,CUMMINSIND,29OCT2026,490000.000000,200,OPTSTK,BFO,5.000000,18000,False
866214,MAZDOCK26OCT2300CE,MAZDOCK,29OCT2026,230000.000000,225,OPTSTK,BFO,5.000000,100000000,False
866221,FORTIS26OCT880PE,FORTIS,29OCT2026,88000.000000,775,OPTSTK,BFO,5.000000,100000000,False
866240,SENSEX5026OCT25050PE,SENSEX50,29OCT2026,2505000.000000,75,OPTIDX,BFO,5.000000,1800,False
1129935,SENSEX30JUN70000PE,SENSEX,27JUN2030,7000000.000000,20,OPTIDX,BFO,5.000000,1000,False
1129939,BHARTIARTL26SEP1680PE,BHARTIARTL,24SEP2026,168000.000000,475,OPTSTK,BFO,5.000000,28500,False
1129991,BRITANNIA26OCT4650CE,BRITANNIA,29OCT2026,465000.000000,125,OPTSTK,BFO,5.000000,6000,False
1129993,SHREECEM26OCT21000CE,SHREECEM,29OCT2026,2100000.000000,25,OPTSTK,BFO,5.000000,1000,False
865911,NAM-INDIA26OCT1240PE,NAM-INDIA,29OCT2026,124000.000000,625,OPTSTK,BFO,5.000000,100000000,False
865940,NESTLEIND26OCT1500PE,NESTLEIND,29OCT2026,150000.000000,500,OPTSTK,BFO,5.000000,1200,False
865916,SENSEX2691781800CE,SENSEX,17SEP2026,8180000.000000,20,OPTIDX,BFO,5.000000,1000,False
865938,SENSEX26OCT84000CE,SENSEX,29OCT2026,8400000.000000,20,OPTIDX,BFO,5.000000,1000,False
866245,ULTRACEMCO26OCT11800PE,ULTRACEMCO,29OCT2026,1180000.000000,50,OPTSTK,BFO,5.000000,3000,False
866276,NATIONALUM26OCTFUT,NATIONALUM,29OCT2026,0.000000,1875,FUTSTK,BFO,5.000000,300000,False
866280,BRITANNIA26OCT5700CE,BRITANNIA,29OCT2026,570000.000000,125,OPTSTK,BFO,5.000000,6000,False
866291,MARICO26OCT880CE,MARICO,29OCT2026,88000.000000,1200,OPTSTK,BFO,5.000000,48000,False
1129998,FOCIT26SEP28200PE,FOCIT,24SEP2026,2820000.000000,45,OPTIDX,BFO,5.000000,1350,False
1130001,ASTRAL26NOV1320PE,ASTRAL,26NOV2026,132000.000000,425,OPTSTK,BFO,5.000000,14680,False
1130013,BIOCON26NOV355CE,BIOCON,26NOV2026,35500.000000,2500,OPTSTK,BFO,5.000000,100000,False
1130021,DIXON26OCT11750PE,DIXON,29OCT2026,1175000.000000,50,OPTSTK,BFO,5.000000,6000,False
866304,RECLTD26OCT385CE,RECLTD,29OCT2026,38500.000000,1575,OPTSTK,BFO,5.000000,160000,False
866317,KFINTECH26OCTFUT,KFINTECH,29OCT2026,0.000000,575,FUTSTK,BFO,5.000000,100000000,False
866325,SWIGGY26OCT280CE,SWIGGY,29OCT2026,28000.000000,1825,OPTSTK,BFO,5.000000,100000000,False
1130029,KEI26SEP3900PE,KEI,24SEP2026,390000.000000,175,OPTSTK,BFO,5.000000,100000000,False
1130046,HCLTECH26NOV1150PE,HCLTECH,26NOV2026,115000.000000,400,OPTSTK,BFO,5.000000,21000,False
1130059,HCLTECH26OCT1140CE,HCLTECH,29OCT2026,114000.000000,400,OPTSTK,BFO,5.000000,21000,False
1130064,TMPV26OCT265PE,TMPV,29OCT2026,26500.000000,1600,OPTSTK,BFO,5.000000,42750,False
866319,VOLTAS26OCT1220PE,VOLTAS,29OCT2026,122000.000000,375,OPTSTK,BFO,5.000000,30000,False
886149,PFC26SEP345CE,PFC,24SEP2026,34500.000000,1300,OPTSTK,BFO,5.000000,124000,False
886154,BRITANNIA26OCT6000PE,BRITANNIA,29OCT2026,600000.000000,125,OPTSTK,BFO,5.000000,6000,False
886188,ITC26OCT260PE,ITC,29OCT2026,26000.000000,1725,OPTSTK,BFO,5.000000,64000,False
886227,BLUESTARCO26SEP1340PE,BLUESTARCO,24SEP2026,134000.000000,325,OPTSTK,BFO,5.000000,100000000,False
866328,UNITDSPR26OCTFUT,UNITDSPR,29OCT2026,0.000000,400,FUTSTK,BFO,5.000000,28000,False
866337,TITAN26OCT4500PE,TITAN,29OCT2026,450000.000000,175,OPTSTK,BFO,5.000000,11250,False
866346,TRENT26OCT3050PE,TRENT,29OCT2026,305000.000000,225,OPTSTK,BFO,5.000000,16000,False
866353,LICHSGFIN26OCTFUT,LICHSGFIN,29OCT2026,0.000000,1000,FUTSTK,BFO,5.000000,60000,False
1130065,LUPIN26OCT1940CE,LUPIN,29OCT2026,194000.000000,425,OPTSTK,BFO,5.000000,34000,False
1130070,COALINDIA26NOV470PE,COALINDIA,26NOV2026,47000.000000,1350,OPTSTK,BFO,5.000000,126000,False
1130099,POWERINDIA26NOV27500PE,POWERINDIA,26NOV2026,2750000.000000,25,OPTSTK,BFO,5.000000,100000000,False
1130117,UNOMINDA26NOV1080CE,UNOMINDA,26NOV2026,108000.000000,550,OPTSTK,BFO,5.000000,100000000,False
886254,ZYDUSLIFE26OCT1270PE,ZYDUSLIFE,29OCT2026,127000.000000,900,OPTSTK,BFO,5.000000,54000,False
886300,PNB26OCT123PE,PNB,29OCT2026,12300.000000,8000,OPTSTK,BFO,5.000000,480000,False
886335,ADANIGREEN26OCT1200PE,ADANIGREEN,29OCT2026,120000.000000,600,OPTSTK,BFO,5.000000,100000000,False
886357,ZYDUSLIFE26OCT1260PE,ZYDUSLIFE,29OCT2026,126000.000000,900,OPTSTK,BFO,5.000000,54000,False
1130158,KEI26OCT3900CE,KEI,29OCT2026,390000.000000,175,OPTSTK,BFO,5.000000,100000000,False
1130193,WIPRO26NOV147.5PE,WIPRO,26NOV2026,14750.000000,3000,OPTSTK,BFO,5.000000,60000,False
1130205,MARUTI26SEP11800PE,MARUTI,24SEP2026,1180000.000000,50,OPTSTK,BFO,5.000000,3000,False
1130250,PIDILITIND26NOV1420PE,PIDILITIND,26NOV2026,142000.000000,500,OPTSTK,BFO,5.000000,10000,False
866366,NESTLEIND26OCT1470PE,NESTLEIND,29OCT2026,147000.000000,500,OPTSTK,BFO,5.000000,1200,False
866380,VBL26OCT380CE,VBL,29OCT2026,38000.000000,1275,OPTSTK,BFO,5.000000,100000000,False
866385,NBCC26OCT92.5PE,NBCC,29OCT2026,9250.000000,6500,OPTSTK,BFO,5.000000,100000000,False
866377,MCX26OCT2500CE,MCX,29OCT2026,250000.000000,225,OPTSTK,BFO,5.000000,16000,False
886361,FORTIS26SEP850PE,FORTIS,24SEP2026,85000.000000,775,OPTSTK,BFO,5.000000,100000000,False
886371,ADANIPOWER26SEP170CE,ADANIPOWER,24SEP2026,17000.000000,3550,OPTSTK,BFO,5.000000,100000000,False
886390,GODREJCP26OCT880CE,GODREJCP,29OCT2026,88000.000000,500,OPTSTK,BFO,5.000000,30000,False
886391,PNB26OCT125PE,PNB,29OCT2026,12500.000000,8000,OPTSTK,BFO,5.000000,480000,False
1130253,MANKIND26SEP2100PE,MANKIND,24SEP2026,210000.000000,250,OPTSTK,BFO,5.000000,100000000,False
1130296,TIINDIA26OCT2250PE,TIINDIA,29OCT2026,225000.000000,200,OPTSTK,BFO,5.000000,100000000,False
1130315,GODREJPROP26NOV1620PE,GODREJPROP,26NOV2026,162000.000000,325,OPTSTK,BFO,5.000000,19000,False
1130324,IEX26NOV97.5CE,IEX,26NOV2026,9750.000000,4350,OPTSTK,BFO,5.000000,150000,False
866401,FORCEMOT26OCT19500CE,FORCEMOT,29OCT2026,1950000.000000,25,OPTSTK,BFO,5.000000,100000000,False
866402,LICHSGFIN26OCT480PE,LICHSGFIN,29OCT2026,48000.000000,1000,OPTSTK,BFO,5.000000,60000,False
866411,INDUSTOWER26OCT346CE,INDUSTOWER,29OCT2026,34600.000000,1700,OPTSTK,BFO,5.000000,170000,False
866428,MPHASIS26OCT2450PE,MPHASIS,29OCT2026,245000.000000,275,OPTSTK,BFO,5.000000,11000,False
886418,PFC26SEP345PE,PFC,24SEP2026,34500.000000,1300,OPTSTK,BFO,5.000000,124000,False
886461,SENSEX26O0172500CE,SENSEX,01OCT2026,7250000.000000,20,OPTIDX,BFO,5.000000,1000,False
886467,SOLARINDS26SEP22000PE,SOLARINDS,24SEP2026,2200000.000000,50,OPTSTK,BFO,5.000000,100000000,False
886502,CONCOR26SEP570CE,CONCOR,24SEP2026,57000.000000,1250,OPTSTK,BFO,5.000000,40000,False
1130377,SENSEX5026NOV23550PE,SENSEX50,26NOV2026,2355000.000000,75,OPTIDX,BFO,5.000000,1800,False
1130382,GODREJPROP26SEP1600CE,GODREJPROP,24SEP2026,160000.000000,325,OPTSTK,BFO,5.000000,19000,False
1130410,INDUSTOWER26OCT425PE,INDUSTOWER,29OCT2026,42500.000000,1700,OPTSTK,BFO,5.000000,170000,False
1130413,MARUTI26NOV11700PE,MARUTI,26NOV2026,1170000.000000,50,OPTSTK,BFO,5.000000,3000,False
866464,PETRONET26OCT245PE,PETRONET,29OCT2026,24500.000000,1900,OPTSTK,BFO,5.000000,120000,False
866479,AXISBANK26OCT1100CE,AXISBANK,29OCT2026,110000.000000,625,OPTSTK,BFO,5.000000,25000,False
866483,PIIND26SEP3150PE,PIIND,24SEP2026,315000.000000,175,OPTSTK,BFO,5.000000,7500,False
866492,MANKIND26OCT2520CE,MANKIND,29OCT2026,252000.000000,250,OPTSTK,BFO,5.000000,100000000,False
886531,ASTRAL26OCT1680PE,ASTRAL,29OCT2026,168000.000000,425,OPTSTK,BFO,5.000000,14680,False
886532,HINDPETRO26OCT380CE,HINDPETRO,29OCT2026,38000.000000,2025,OPTSTK,BFO,5.000000,108000,False
886535,SENSEX26O0182700CE,SENSEX,01OCT2026,8270000.000000,20,OPTIDX,BFO,5.000000,1000,False
886539,SOLARINDS26SEP21500CE,SOLARINDS,24SEP2026,2150000.000000,50,OPTSTK,BFO,5.000000,100000000,False
1130426,TIINDIA26SEP2250PE,TIINDIA,24SEP2026,225000.000000,200,OPTSTK,BFO,5.000000,100000000,False
1130474,BRITANNIA26OCT4600PE,BRITANNIA,29OCT2026,460000.000000,125,OPTSTK,BFO,5.000000,6000,False
1130479,LODHA26NOV1000PE,LODHA,26NOV2026,100000.000000,625,OPTSTK,BFO,5.000000,100000000,False
1130480,VEDL26NOV230CE,VEDL,26NOV2026,23000.000000,1150,OPTSTK,BFO,5.000000,80000,False
866534,HDFCAMC26OCT2500PE,HDFCAMC,29OCT2026,250000.000000,300,OPTSTK,BFO,5.000000,12000,False
866542,TVSMOTOR26OCT4400CE,TVSMOTOR,29OCT2026,440000.000000,175,OPTSTK,BFO,5.000000,21000,False
866543,INFY26OCT1080PE,INFY,29OCT2026,108000.000000,400,OPTSTK,BFO,5.000000,16000,False
866546,INDHOTEL26OCT730CE,INDHOTEL,29OCT2026,73000.000000,1000,OPTSTK,BFO,5.000000,60000,False
886596,SENSEX26O0184300CE,SENSEX,01OCT2026,8430000.000000,20,OPTIDX,BFO,5.000000,1000,False
886652,SBICARD26OCT570PE,SBICARD,29OCT2026,57000.000000,800,OPTSTK,BFO,5.000000,32000,False
886681,SOLARINDS26SEP21000CE,SOLARINDS,24SEP2026,2100000.000000,50,OPTSTK,BFO,5.000000,100000000,False
886686,SENSEX26O0179200CE,SENSEX,01OCT2026,7920000.000000,20,OPTIDX,BFO,5.000000,1000,False
886692,SENSEX26O0173200CE,SENSEX,01OCT2026,7320000.000000,20,OPTIDX,BFO,5.000000,1000,False
886696,SENSEX26O0180200PE,SENSEX,01OCT2026,8020000.000000,20,OPTIDX,BFO,5.000000,1000,False
886712,HINDPETRO26OCT330CE,HINDPETRO,29OCT2026,33000.000000,2025,OPTSTK,BFO,5.000000,108000,False
886716,SENSEX26O0179500PE,SENSEX,01OCT2026,7950000.000000,20,OPTIDX,BFO,5.000000,1000,False
1130497,DLF26NOV580CE,DLF,26NOV2026,58000.000000,950,OPTSTK,BFO,5.000000,49500,False
1130501,DELHIVERY26OCT405PE,DELHIVERY,29OCT2026,40500.000000,2075,OPTSTK,BFO,5.000000,100000000,False
1130502,GODREJPROP26NOV1680CE,GODREJPROP,26NOV2026,168000.000000,325,OPTSTK,BFO,5.000000,19000,False
1130503,LODHA26OCT1000PE,LODHA,29OCT2026,100000.000000,625,OPTSTK,BFO,5.000000,100000000,False
866548,BAJAJFINSV26OCT1920CE,BAJAJFINSV,29OCT2026,192000.000000,300,OPTSTK,BFO,5.000000,20000,False
866564,FOCIT26OCT41900CE,FOCIT,29OCT2026,4190000.000000,45,OPTIDX,BFO,5.000000,1350,False
866573,FOCIT26SEP31300CE,FOCIT,24SEP2026,3130000.000000,45,OPTIDX,BFO,5.000000,1350,False
866584,PNB26OCT114PE,PNB,29OCT2026,11400.000000,8000,OPTSTK,BFO,5.000000,480000,False
886725,SENSEX26O0182400CE,SENSEX,01OCT2026,8240000.000000,20,OPTIDX,BFO,5.000000,1000,False
886760,CONCOR26SEP565CE,CONCOR,24SEP2026,56500.000000,1250,OPTSTK,BFO,5.000000,40000,False
886761,SOLARINDS26SEP21500PE,SOLARINDS,24SEP2026,2150000.000000,50,OPTSTK,BFO,5.000000,100000000,False
886766,SENSEX26O0177400PE,SENSEX,01OCT2026,7740000.000000,20,OPTIDX,BFO,5.000000,1000,False
1130504,AMBUJACEM26NOV355PE,AMBUJACEM,26NOV2026,35500.000000,1200,OPTSTK,BFO,5.000000,54000,False
1130553,BHARATFORG26OCT1800PE,BHARATFORG,29OCT2026,180000.000000,500,OPTSTK,BFO,5.000000,30000,False
1130591,RADICO26NOV4050PE,RADICO,26NOV2026,405000.000000,150,OPTSTK,BFO,5.000000,100000000,False
1130609,MARUTI26OCT11700CE,MARUTI,29OCT2026,1170000.000000,50,OPTSTK,BFO,5.000000,3000,False
865942,IOC26OCT145PE,IOC,29OCT2026,14500.000000,4875,OPTSTK,BFO,5.000000,292500,False
865947,INDUSINDBK26OCT960CE,INDUSINDBK,29OCT2026,96000.000000,700,OPTSTK,BFO,5.000000,20000,False
865952,ITC26OCT292.5PE,ITC,29OCT2026,29250.000000,1725,OPTSTK,BFO,5.000000,64000,False
865958,ONGC26OCT255PE,ONGC,29OCT2026,25500.000000,2250,OPTSTK,BFO,5.000000,154000,False
866586,RBLBANK26OCT410PE,RBLBANK,29OCT2026,41000.000000,3175,OPTSTK,BFO,5.000000,150000,False
866590,RVNL26OCT190PE,RVNL,29OCT2026,19000.000000,1925,OPTSTK,BFO,5.000000,100000000,False
866605,RELIANCE26OCT1240PE,RELIANCE,29OCT2026,124000.000000,500,OPTSTK,BFO,5.000000,10000,False
866627,INDUSTOWER26OCT351CE,INDUSTOWER,29OCT2026,35100.000000,1700,OPTSTK,BFO,5.000000,170000,False
886768,SENSEX26O0179700PE,SENSEX,01OCT2026,7970000.000000,20,OPTIDX,BFO,5.000000,1000,False
886790,SENSEX26O0172000PE,SENSEX,01OCT2026,7200000.000000,20,OPTIDX,BFO,5.000000,1000,False
886800,SENSEX26O0182000PE,SENSEX,01OCT2026,8200000.000000,20,OPTIDX,BFO,5.000000,1000,False
886802,SENSEX26O0184300PE,SENSEX,01OCT2026,8430000.000000,20,OPTIDX,BFO,5.000000,1000,False
865962,ZYDUSLIFE26OCT1120PE,ZYDUSLIFE,29OCT2026,112000.000000,900,OPTSTK,BFO,5.000000,54000,False
865965,BANKEX26OCT65600CE,BANKEX,29OCT2026,6560000.000000,30,OPTIDX,BFO,5.000000,900,False
865975,WAAREEENER26OCT2550CE,WAAREEENER,29OCT2026,255000.000000,175,OPTSTK,BFO,5.000000,100000000,False
865977,FOCIT26OCT38800PE,FOCIT,29OCT2026,3880000.000000,45,OPTIDX,BFO,5.000000,1350,False
1130631,PIIND26NOV1900CE,PIIND,26NOV2026,190000.000000,175,OPTSTK,BFO,5.000000,7500,False
1130654,LAURUSLABS26OCT2120PE,LAURUSLABS,29OCT2026,212000.000000,850,OPTSTK,BFO,5.000000,68000,False
1130659,PAYTM26OCT1920CE,PAYTM,29OCT2026,192000.000000,725,OPTSTK,BFO,5.000000,100000000,False
1130663,BLUESTARCO26NOV1700PE,BLUESTARCO,26NOV2026,170000.000000,325,OPTSTK,BFO,5.000000,100000000,False
886812,HINDPETRO26OCT350PE,HINDPETRO,29OCT2026,35000.000000,2025,OPTSTK,BFO,5.000000,108000,False
886834,SENSEX26O0181600PE,SENSEX,01OCT2026,8160000.000000,20,OPTIDX,BFO,5.000000,1000,False
886843,SENSEX26O0175200CE,SENSEX,01OCT2026,7520000.000000,20,OPTIDX,BFO,5.000000,1000,False
886882,SENSEX26O0181800PE,SENSEX,01OCT2026,8180000.000000,20,OPTIDX,BFO,5.000000,1000,False
865982,PGEL26OCTFUT,PGEL,29OCT2026,0.000000,950,FUTSTK,BFO,5.000000,100000000,False
866010,DLF26OCT660PE,DLF,29OCT2026,66000.000000,950,OPTSTK,BFO,5.000000,49500,False
866011,COCHINSHIP26OCT1460CE,COCHINSHIP,29OCT2026,146000.000000,400,OPTSTK,BFO,5.000000,100000000,False
866016,FORCEMOT26OCT21000CE,FORCEMOT,29OCT2026,2100000.000000,25,OPTSTK,BFO,5.000000,100000000,False
866683,APLAPOLLO26OCT1900CE,APLAPOLLO,29OCT2026,190000.000000,350,OPTSTK,BFO,5.000000,100000000,False
866688,BHARATFORG26OCT2160CE,BHARATFORG,29OCT2026,216000.000000,500,OPTSTK,BFO,5.000000,30000,False
866707,CHOLAFIN26OCT1900PE,CHOLAFIN,29OCT2026,190000.000000,625,OPTSTK,BFO,5.000000,25000,False
866708,CAMS26OCT720PE,CAMS,29OCT2026,72000.000000,825,OPTSTK,BFO,5.000000,100000000,False
886894,ASTRAL26OCT1700CE,ASTRAL,29OCT2026,170000.000000,425,OPTSTK,BFO,5.000000,14680,False
886926,SENSEX26O0175700PE,SENSEX,01OCT2026,7570000.000000,20,OPTIDX,BFO,5.000000,1000,False
886927,MANAPPURAM26OCT315PE,MANAPPURAM,29OCT2026,31500.000000,3000,OPTSTK,BFO,5.000000,180000,False
886937,SENSEX26O0183400PE,SENSEX,01OCT2026,8340000.000000,20,OPTIDX,BFO,5.000000,1000,False
1130696,BRITANNIA26NOV4600PE,BRITANNIA,26NOV2026,460000.000000,125,OPTSTK,BFO,5.000000,6000,False
1130736,INDIANB26NOV780PE,INDIANB,26NOV2026,78000.000000,1000,OPTSTK,BFO,5.000000,100000000,False
1130742,GODREJPROP26NOV1620CE,GODREJPROP,26NOV2026,162000.000000,325,OPTSTK,BFO,5.000000,19000,False
1130784,LODHA26NOV980CE,LODHA,26NOV2026,98000.000000,625,OPTSTK,BFO,5.000000,100000000,False
866024,SUZLON26OCT47CE,SUZLON,29OCT2026,4700.000000,12700,OPTSTK,BFO,5.000000,100000000,False
866037,COALINDIA26OCT430CE,COALINDIA,29OCT2026,43000.000000,1350,OPTSTK,BFO,5.000000,126000,False
866052,SENSEX26OCT78000PE,SENSEX,29OCT2026,7800000.000000,20,OPTIDX,BFO,5.000000,1000,False
866053,VBL26OCT500PE,VBL,29OCT2026,50000.000000,1275,OPTSTK,BFO,5.000000,100000000,False
866713,RELIANCE26OCT1310PE,RELIANCE,29OCT2026,131000.000000,500,OPTSTK,BFO,5.000000,10000,False
866717,BANKEX26OCT61500PE,BANKEX,29OCT2026,6150000.000000,30,OPTIDX,BFO,5.000000,900,False
866728,CHOLAFIN26OCT1740PE,CHOLAFIN,29OCT2026,174000.000000,625,OPTSTK,BFO,5.000000,25000,False
866736,BIOCON26OCT415PE,BIOCON,29OCT2026,41500.000000,2500,OPTSTK,BFO,5.000000,100000,False
886942,PETRONET26OCT240PE,PETRONET,29OCT2026,24000.000000,1900,OPTSTK,BFO,5.000000,120000,False
886944,SHREECEM26OCT23500CE,SHREECEM,29OCT2026,2350000.000000,25,OPTSTK,BFO,5.000000,1000,False
886952,SENSEX26O0175600CE,SENSEX,01OCT2026,7560000.000000,20,OPTIDX,BFO,5.000000,1000,False
886961,SENSEX26O0171900CE,SENSEX,01OCT2026,7190000.000000,20,OPTIDX,BFO,5.000000,1000,False
1130790,CONCOR26OCT465PE,CONCOR,29OCT2026,46500.000000,1250,OPTSTK,BFO,5.000000,40000,False
1130791,BAJFINANCE26OCT960PE,BAJFINANCE,29OCT2026,96000.000000,750,OPTSTK,BFO,5.000000,3750,False
1130808,SENSEX5026SEP23550PE,SENSEX50,24SEP2026,2355000.000000,75,OPTIDX,BFO,5.000000,1800,False
2055884,BSE26SEP3900PE,BSE,29SEP2026,390000.000000,200,OPTSTK,BFO,5.000000,3751,False
866068,BEL26OCT375PE,BEL,29OCT2026,37500.000000,1425,OPTSTK,BFO,5.000000,228000,False
866077,LICI26OCT420PE,LICI,29OCT2026,42000.000000,1400,OPTSTK,BFO,5.000000,100000000,False
866082,PIIND26OCT2700PE,PIIND,29OCT2026,270000.000000,175,OPTSTK,BFO,5.000000,7500,False
866084,PREMIERENE26OCTFUT,PREMIERENE,29OCT2026,0.000000,650,FUTSTK,BFO,5.000000,100000000,False
886965,SENSEX26O0181000CE,SENSEX,01OCT2026,8100000.000000,20,OPTIDX,BFO,5.000000,1000,False
886966,SENSEX26O0183300CE,SENSEX,01OCT2026,8330000.000000,20,OPTIDX,BFO,5.000000,1000,False
886971,HINDPETRO26OCT430CE,HINDPETRO,29OCT2026,43000.000000,2025,OPTSTK,BFO,5.000000,108000,False
886992,SENSEX26O0176600CE,SENSEX,01OCT2026,7660000.000000,20,OPTIDX,BFO,5.000000,1000,False
866087,BANDHANBNK26OCT190PE,BANDHANBNK,29OCT2026,19000.000000,3600,OPTSTK,BFO,5.000000,100000,False
866095,SENSEX2691783500PE,SENSEX,17SEP2026,8350000.000000,20,OPTIDX,BFO,5.000000,1000,False
866111,ICICIGI26OCT1740PE,ICICIGI,29OCT2026,174000.000000,325,OPTSTK,BFO,5.000000,20000,False
866112,PIIND26OCT3150CE,PIIND,29OCT2026,315000.000000,175,OPTSTK,BFO,5.000000,7500,False
866744,KALYANKJIL26SEP670CE,KALYANKJIL,24SEP2026,67000.000000,1350,OPTSTK,BFO,5.000000,100000000,False
866756,KOTAKBANK26OCT415PE,KOTAKBANK,29OCT2026,41500.000000,2000,OPTSTK,BFO,5.000000,12000,False
866758,SONACOMS26OCT710CE,SONACOMS,29OCT2026,71000.000000,1225,OPTSTK,BFO,5.000000,100000000,False
866767,HAVELLS26OCT1300PE,HAVELLS,29OCT2026,130000.000000,500,OPTSTK,BFO,5.000000,20000,False
2056623,CDSL26SEP1300PE,CDSL,29SEP2026,130000.000000,475,OPTSTK,BFO,5.000000,14001,False
2074425,BSE26SEP3100CE,BSE,29SEP2026,310000.000000,200,OPTSTK,BFO,5.000000,3751,False
2209946,BSE26OCT3500CE,BSE,27OCT2026,350000.000000,200,OPTSTK,BFO,5.000000,3751,False
2211274,BSE26OCT3900PE,BSE,27OCT2026,390000.000000,200,OPTSTK,BFO,5.000000,3751,False
887047,SENSEX26O0175100CE,SENSEX,01OCT2026,7510000.000000,20,OPTIDX,BFO,5.000000,1000,False
887004,ASTRAL26SEP1740PE,ASTRAL,24SEP2026,174000.000000,425,OPTSTK,BFO,5.000000,14680,False
887036,SENSEX26O0173800PE,SENSEX,01OCT2026,7380000.000000,20,OPTIDX,BFO,5.000000,1000,False
887044,SENSEX26O0183800PE,SENSEX,01OCT2026,8380000.000000,20,OPTIDX,BFO,5.000000,1000,False
866122,WIPRO26OCT187.5CE,WIPRO,29OCT2026,18750.000000,3000,OPTSTK,BFO,5.000000,60000,False
866123,DELHIVERY26OCT440PE,DELHIVERY,29OCT2026,44000.000000,2075,OPTSTK,BFO,5.000000,100000000,False
866131,FEDERALBNK26OCT380PE,FEDERALBNK,29OCT2026,38000.000000,2500,OPTSTK,BFO,5.000000,200000,False
866133,FOCIT26OCT39400PE,FOCIT,29OCT2026,3940000.000000,45,OPTIDX,BFO,5.000000,1350,False
866795,FOCIT26OCT41300PE,FOCIT,29OCT2026,4130000.000000,45,OPTIDX,BFO,5.000000,1350,False
866799,FOCIT26OCT43600PE,FOCIT,29OCT2026,4360000.000000,45,OPTIDX,BFO,5.000000,1350,False
866809,BEL26SEP350PE,BEL,24SEP2026,35000.000000,1425,OPTSTK,BFO,5.000000,228000,False
866813,HCLTECH26OCT1330CE,HCLTECH,29OCT2026,133000.000000,400,OPTSTK,BFO,5.000000,21000,False
839147,SENSEX26SEP81400CE,SENSEX,24SEP2026,8140000.000000,20,OPTIDX,BFO,5.000000,1000,False
887070,RADICO26SEP5000PE,RADICO,24SEP2026,500000.000000,150,OPTSTK,BFO,5.000000,100000000,False
887076,HINDPETRO26SEP410PE,HINDPETRO,24SEP2026,41000.000000,2025,OPTSTK,BFO,5.000000,108000,False
887091,HINDPETRO26OCT310CE,HINDPETRO,29OCT2026,31000.000000,2025,OPTSTK,BFO,5.000000,108000,False
887097,HINDPETRO26SEP380CE,HINDPETRO,24SEP2026,38000.000000,2025,OPTSTK,BFO,5.000000,108000,False
2211470,CDSL26OCT1700PE,CDSL,27OCT2026,170000.000000,475,OPTSTK,BFO,5.000000,14001,False
2213006,CDSL26OCT1500CE,CDSL,27OCT2026,150000.000000,475,OPTSTK,BFO,5.000000,14001,False
2274255,CDSL26NOV1800PE,CDSL,23NOV2026,180000.000000,475,OPTSTK,BFO,5.000000,14001,False
866144,DIXON26OCT13000PE,DIXON,29OCT2026,1300000.000000,50,OPTSTK,BFO,5.000000,6000,False
866146,ICICIPRULI26OCT525CE,ICICIPRULI,29OCT2026,52500.000000,925,OPTSTK,BFO,5.000000,60000,False
866172,BOSCHLTD26OCT40500PE,BOSCHLTD,29OCT2026,4050000.000000,25,OPTSTK,BFO,5.000000,1500,False
866178,BPCL26OCT295PE,BPCL,29OCT2026,29500.000000,1975,OPTSTK,BFO,5.000000,72000,False
887108,ADANIENSOL26OCT1440PE,ADANIENSOL,29OCT2026,144000.000000,675,OPTSTK,BFO,5.000000,100000000,False
887114,SHREECEM26OCT23500PE,SHREECEM,29OCT2026,2350000.000000,25,OPTSTK,BFO,5.000000,1000,False
887125,SHREECEM26OCT23250PE,SHREECEM,29OCT2026,2325000.000000,25,OPTSTK,BFO,5.000000,1000,False
887146,HINDPETRO26SEP360PE,HINDPETRO,24SEP2026,36000.000000,2025,OPTSTK,BFO,5.000000,108000,False
866814,PETRONET26OCT280PE,PETRONET,29OCT2026,28000.000000,1900,OPTSTK,BFO,5.000000,120000,False
866829,IRFC26OCT96CE,IRFC,29OCT2026,9600.000000,5425,OPTSTK,BFO,5.000000,100000000,False
866842,HINDPETRO26OCT320.75PE,HINDPETRO,29OCT2026,32075.000000,2025,OPTSTK,BFO,5.000000,108000,False
866844,SENSEX2691771300CE,SENSEX,17SEP2026,7130000.000000,20,OPTIDX,BFO,5.000000,1000,False
839158,SENSEX26SEP78400CE,SENSEX,24SEP2026,7840000.000000,20,OPTIDX,BFO,5.000000,1000,False
839172,SENSEX26SEP71600CE,SENSEX,24SEP2026,7160000.000000,20,OPTIDX,BFO,5.000000,1000,False
839179,SENSEX26SEP79300PE,SENSEX,24SEP2026,7930000.000000,20,OPTIDX,BFO,5.000000,1000,False
839190,SENSEX26SEP78600CE,SENSEX,24SEP2026,7860000.000000,20,OPTIDX,BFO,5.000000,1000,False
866187,BAJFINANCE26OCT1030CE,BAJFINANCE,29OCT2026,103000.000000,750,OPTSTK,BFO,5.000000,3750,False
866205,KAYNES26OCT3950PE,KAYNES,29OCT2026,395000.000000,150,OPTSTK,BFO,5.000000,100000000,False
866230,FOCIT26OCT36400CE,FOCIT,29OCT2026,3640000.000000,45,OPTIDX,BFO,5.000000,1350,False
866238,TITAN26OCT5050PE,TITAN,29OCT2026,505000.000000,175,OPTSTK,BFO,5.000000,11250,False
887147,SENSEX26O0182600CE,SENSEX,01OCT2026,8260000.000000,20,OPTIDX,BFO,5.000000,1000,False
887179,ASTRAL26SEP1660PE,ASTRAL,24SEP2026,166000.000000,425,OPTSTK,BFO,5.000000,14680,False
887186,HINDPETRO26OCT420PE,HINDPETRO,29OCT2026,42000.000000,2025,OPTSTK,BFO,5.000000,108000,False
887200,SENSEX26O0172800CE,SENSEX,01OCT2026,7280000.000000,20,OPTIDX,BFO,5.000000,1000,False
839210,SENSEX26SEP78900PE,SENSEX,24SEP2026,7890000.000000,20,OPTIDX,BFO,5.000000,1000,False
839242,SENSEX26SEP78200PE,SENSEX,24SEP2026,7820000.000000,20,OPTIDX,BFO,5.000000,1000,False
839250,SENSEX26SEP81100CE,SENSEX,24SEP2026,8110000.000000,20,OPTIDX,BFO,5.000000,1000,False
839251,SENSEX26SEP83400CE,SENSEX,24SEP2026,8340000.000000,20,OPTIDX,BFO,5.000000,1000,False
866241,PFC26OCT420PE,PFC,29OCT2026,42000.000000,1300,OPTSTK,BFO,5.000000,124000,False
866249,FOCIT26OCT43400PE,FOCIT,29OCT2026,4340000.000000,45,OPTIDX,BFO,5.000000,1350,False
866262,FOCIT26SEP37400PE,FOCIT,24SEP2026,3740000.000000,45,OPTIDX,BFO,5.000000,1350,False
866278,POWERINDIA26OCT32000CE,POWERINDIA,29OCT2026,3200000.000000,25,OPTSTK,BFO,5.000000,100000000,False
866867,RBLBANK26OCT380CE,RBLBANK,29OCT2026,38000.000000,3175,OPTSTK,BFO,5.000000,150000,False
866869,SENSEX2691774700PE,SENSEX,17SEP2026,7470000.000000,20,OPTIDX,BFO,5.000000,1000,False
866874,INDUSTOWER26OCT351PE,INDUSTOWER,29OCT2026,35100.000000,1700,OPTSTK,BFO,5.000000,170000,False
866883,ICICIPRULI26OCT540PE,ICICIPRULI,29OCT2026,54000.000000,925,OPTSTK,BFO,5.000000,60000,False
887204,APLAPOLLO26OCT2180PE,APLAPOLLO,29OCT2026,218000.000000,350,OPTSTK,BFO,5.000000,100000000,False
887264,SENSEX26O0184400CE,SENSEX,01OCT2026,8440000.000000,20,OPTIDX,BFO,5.000000,1000,False
887269,SENSEX26O0180700CE,SENSEX,01OCT2026,8070000.000000,20,OPTIDX,BFO,5.000000,1000,False
887289,SENSEX26O0180100PE,SENSEX,01OCT2026,8010000.000000,20,OPTIDX,BFO,5.000000,1000,False
866279,GODFRYPHLP26OCT2450PE,GODFRYPHLP,29OCT2026,245000.000000,275,OPTSTK,BFO,5.000000,100000000,False
866286,HAL26OCT4250CE,HAL,29OCT2026,425000.000000,150,OPTSTK,BFO,5.000000,9000,False
866288,ANGELONE26OCT320PE,ANGELONE,29OCT2026,32000.000000,2500,OPTSTK,BFO,5.000000,100000000,False
866313,SWIGGY26OCT315PE,SWIGGY,29OCT2026,31500.000000,1825,OPTSTK,BFO,5.000000,100000000,False
866887,PAGEIND26OCT38500CE,PAGEIND,29OCT2026,3850000.000000,20,OPTSTK,BFO,5.000000,600,False
866890,INDUSINDBK26OCT980PE,INDUSINDBK,29OCT2026,98000.000000,700,OPTSTK,BFO,5.000000,20000,False
866891,HINDZINC26OCT600PE,HINDZINC,29OCT2026,60000.000000,1225,OPTSTK,BFO,5.000000,100000000,False
866904,HAVELLS26SEP1400PE,HAVELLS,24SEP2026,140000.000000,500,OPTSTK,BFO,5.000000,20000,False
887293,HCLTECH26SEP1440CE,HCLTECH,24SEP2026,144000.000000,400,OPTSTK,BFO,5.000000,21000,False
887299,BEL26OCT445CE,BEL,29OCT2026,44500.000000,1425,OPTSTK,BFO,5.000000,228000,False
887339,PNBHOUSING26SEP1300CE,PNBHOUSING,24SEP2026,130000.000000,650,OPTSTK,BFO,5.000000,100000000,False
887350,SENSEX26O0178600PE,SENSEX,01OCT2026,7860000.000000,20,OPTIDX,BFO,5.000000,1000,False
866315,CIPLA26OCT1490PE,CIPLA,29OCT2026,149000.000000,425,OPTSTK,BFO,5.000000,26000,False
866331,ADANIPOWER26OCT235PE,ADANIPOWER,29OCT2026,23500.000000,3550,OPTSTK,BFO,5.000000,100000000,False
866336,SUZLON26OCTFUT,SUZLON,29OCT2026,0.000000,12700,FUTSTK,BFO,5.000000,100000000,False
866351,NHPC26OCT83PE,NHPC,29OCT2026,8300.000000,6950,OPTSTK,BFO,5.000000,100000000,False
887377,SOLARINDS26OCT21750PE,SOLARINDS,29OCT2026,2175000.000000,50,OPTSTK,BFO,5.000000,100000000,False
887385,MAZDOCK26SEP2950PE,MAZDOCK,24SEP2026,295000.000000,225,OPTSTK,BFO,5.000000,100000000,False
887399,SWIGGY26OCT240PE,SWIGGY,29OCT2026,24000.000000,1825,OPTSTK,BFO,5.000000,100000000,False
887416,BDL26OCT1540PE,BDL,29OCT2026,154000.000000,425,OPTSTK,BFO,5.000000,100000000,False
866911,ADANIPORTS26OCT1740PE,ADANIPORTS,29OCT2026,174000.000000,475,OPTSTK,BFO,5.000000,32000,False
866917,FOCIT26OCT42900CE,FOCIT,29OCT2026,4290000.000000,45,OPTIDX,BFO,5.000000,1350,False
866922,WIPRO26OCT170PE,WIPRO,29OCT2026,17000.000000,3000,OPTSTK,BFO,5.000000,60000,False
866933,FOCIT26SEP34600CE,FOCIT,24SEP2026,3460000.000000,45,OPTIDX,BFO,5.000000,1350,False
887455,TATAPOWER26OCT420CE,TATAPOWER,29OCT2026,42000.000000,1450,OPTSTK,BFO,5.000000,101250,False
866355,CIPLA26OCT1480CE,CIPLA,29OCT2026,148000.000000,425,OPTSTK,BFO,5.000000,26000,False
866367,FOCIT26SEP36700CE,FOCIT,24SEP2026,3670000.000000,45,OPTIDX,BFO,5.000000,1350,False
866370,MARICO26OCT950CE,MARICO,29OCT2026,95000.000000,1200,OPTSTK,BFO,5.000000,48000,False
866381,PNB26OCT114CE,PNB,29OCT2026,11400.000000,8000,OPTSTK,BFO,5.000000,480000,False
866941,LT26OCT3650PE,LT,29OCT2026,365000.000000,175,OPTSTK,BFO,5.000000,12000,False
866947,TMPV26OCT360PE,TMPV,29OCT2026,36000.000000,1600,OPTSTK,BFO,5.000000,42750,False
866949,INDIANB26OCT890PE,INDIANB,29OCT2026,89000.000000,1000,OPTSTK,BFO,5.000000,100000000,False
866950,GODREJCP26OCT1140PE,GODREJCP,29OCT2026,114000.000000,500,OPTSTK,BFO,5.000000,30000,False
887418,LUPIN26SEP2100PE,LUPIN,24SEP2026,210000.000000,425,OPTSTK,BFO,5.000000,34000,False
887451,GLENMARK26SEP2480PE,GLENMARK,24SEP2026,248000.000000,375,OPTSTK,BFO,5.000000,43500,False
887453,JUBLFOOD26OCT535CE,JUBLFOOD,29OCT2026,53500.000000,1250,OPTSTK,BFO,5.000000,50000,False
866384,RVNL26OCT190CE,RVNL,29OCT2026,19000.000000,1925,OPTSTK,BFO,5.000000,100000000,False
866387,SHRIRAMFIN26OCT1100CE,SHRIRAMFIN,29OCT2026,110000.000000,825,OPTSTK,BFO,5.000000,18000,False
866400,SENSEX5026OCT25200CE,SENSEX50,29OCT2026,2520000.000000,75,OPTIDX,BFO,5.000000,1800,False
866407,HINDPETRO26OCT340.75CE,HINDPETRO,29OCT2026,34075.000000,2025,OPTSTK,BFO,5.000000,108000,False
839261,SENSEX26SEP72100CE,SENSEX,24SEP2026,7210000.000000,20,OPTIDX,BFO,5.000000,1000,False
839278,SENSEX26SEP72400PE,SENSEX,24SEP2026,7240000.000000,20,OPTIDX,BFO,5.000000,1000,False
839314,SENSEX26SEP78500CE,SENSEX,24SEP2026,7850000.000000,20,OPTIDX,BFO,5.000000,1000,False
839318,SENSEX26SEP72500CE,SENSEX,24SEP2026,7250000.000000,20,OPTIDX,BFO,5.000000,1000,False
866951,MCX26OCT2700CE,MCX,29OCT2026,270000.000000,225,OPTSTK,BFO,5.000000,16000,False
866981,UPL26OCT580PE,UPL,29OCT2026,58000.000000,1355,OPTSTK,BFO,5.000000,39000,False
867000,HDFCBANK26OCT710CE,HDFCBANK,29OCT2026,71000.000000,650,OPTSTK,BFO,5.000000,16500,False
867006,MUTHOOTFIN26OCT3100PE,MUTHOOTFIN,29OCT2026,310000.000000,275,OPTSTK,BFO,5.000000,22000,False
866409,DMART26OCT4150PE,DMART,29OCT2026,415000.000000,150,OPTSTK,BFO,5.000000,100000000,False
866412,INDIGO26OCT5900CE,INDIGO,29OCT2026,590000.000000,150,OPTSTK,BFO,5.000000,12000,False
866430,GAIL26OCT172.5CE,GAIL,29OCT2026,17250.000000,3550,OPTSTK,BFO,5.000000,274500,False
866435,TCS26OCT2440PE,TCS,29OCT2026,244000.000000,225,OPTSTK,BFO,5.000000,7000,False
839346,SENSEX26SEP78700CE,SENSEX,24SEP2026,7870000.000000,20,OPTIDX,BFO,5.000000,1000,False
839366,SENSEX26SEP70700PE,SENSEX,24SEP2026,7070000.000000,20,OPTIDX,BFO,5.000000,1000,False
839402,SENSEX26SEP82300PE,SENSEX,24SEP2026,8230000.000000,20,OPTIDX,BFO,5.000000,1000,False
839405,SENSEX26SEP80900PE,SENSEX,24SEP2026,8090000.000000,20,OPTIDX,BFO,5.000000,1000,False
867027,KOTAKBANK26OCT385CE,KOTAKBANK,29OCT2026,38500.000000,2000,OPTSTK,BFO,5.000000,12000,False
867033,SOLARINDS26OCT19750PE,SOLARINDS,29OCT2026,1975000.000000,50,OPTSTK,BFO,5.000000,100000000,False
867037,IRFC26OCT88PE,IRFC,29OCT2026,8800.000000,5425,OPTSTK,BFO,5.000000,100000000,False
867039,POWERGRID26OCT282.5PE,POWERGRID,29OCT2026,28250.000000,1900,OPTSTK,BFO,5.000000,108000,False
866439,SENSEX26OCT84200CE,SENSEX,29OCT2026,8420000.000000,20,OPTIDX,BFO,5.000000,1000,False
866443,NTPC26OCT370CE,NTPC,29OCT2026,37000.000000,1500,OPTSTK,BFO,5.000000,150000,False
866448,NMDC26OCT82PE,NMDC,29OCT2026,8200.000000,6750,OPTSTK,BFO,5.000000,225000,False
866451,JSWSTEEL26OCT1240PE,JSWSTEEL,29OCT2026,124000.000000,675,OPTSTK,BFO,5.000000,40500,False
839440,SENSEX26SEP76100CE,SENSEX,24SEP2026,7610000.000000,20,OPTIDX,BFO,5.000000,1000,False
839460,SENSEX26SEP73400CE,SENSEX,24SEP2026,7340000.000000,20,OPTIDX,BFO,5.000000,1000,False
839481,SENSEX26SEP82600CE,SENSEX,24SEP2026,8260000.000000,20,OPTIDX,BFO,5.000000,1000,False
839496,SENSEX26SEP82900PE,SENSEX,24SEP2026,8290000.000000,20,OPTIDX,BFO,5.000000,1000,False
867041,SHRIRAMFIN26OCT1060PE,SHRIRAMFIN,29OCT2026,106000.000000,825,OPTSTK,BFO,5.000000,18000,False
867054,FOCIT26OCT36900PE,FOCIT,29OCT2026,3690000.000000,45,OPTIDX,BFO,5.000000,1350,False
867061,DABUR26OCT435CE,DABUR,29OCT2026,43500.000000,1250,OPTSTK,BFO,5.000000,50000,False
867066,AXISBANK26OCT1300CE,AXISBANK,29OCT2026,130000.000000,625,OPTSTK,BFO,5.000000,25000,False
887468,DELHIVERY26OCT425CE,DELHIVERY,29OCT2026,42500.000000,2075,OPTSTK,BFO,5.000000,100000000,False
887521,GLENMARK26SEP2460CE,GLENMARK,24SEP2026,246000.000000,375,OPTSTK,BFO,5.000000,43500,False
887532,LUPIN26OCT2100CE,LUPIN,29OCT2026,210000.000000,425,OPTSTK,BFO,5.000000,34000,False
887534,CAMS26OCT690CE,CAMS,29OCT2026,69000.000000,825,OPTSTK,BFO,5.000000,100000000,False
866476,SENSEX2691775100PE,SENSEX,17SEP2026,7510000.000000,20,OPTIDX,BFO,5.000000,1000,False
866495,INOXWIND26OCT75PE,INOXWIND,29OCT2026,7500.000000,6400,OPTSTK,BFO,5.000000,100000000,False
866498,BDL26OCT1360PE,BDL,29OCT2026,136000.000000,425,OPTSTK,BFO,5.000000,100000000,False
866510,AUROPHARMA26OCT1600PE,AUROPHARMA,29OCT2026,160000.000000,550,OPTSTK,BFO,5.000000,44000,False
887546,TATASTEEL26OCT165PE,TATASTEEL,29OCT2026,16500.000000,2750,OPTSTK,BFO,5.000000,220000,False
887552,PIDILITIND26SEP1840CE,PIDILITIND,24SEP2026,184000.000000,500,OPTSTK,BFO,5.000000,10000,False
887559,GMRAIRPORT26SEP95CE,GMRAIRPORT,24SEP2026,9500.000000,6975,OPTSTK,BFO,5.000000,675000,False
887655,ULTRACEMCO26OCT11000PE,ULTRACEMCO,29OCT2026,1100000.000000,50,OPTSTK,BFO,5.000000,3000,False
839518,SENSEX26SEP72200PE,SENSEX,24SEP2026,7220000.000000,20,OPTIDX,BFO,5.000000,1000,False
839540,SENSEX26SEP77800PE,SENSEX,24SEP2026,7780000.000000,20,OPTIDX,BFO,5.000000,1000,False
839542,SENSEX26SEP82100CE,SENSEX,24SEP2026,8210000.000000,20,OPTIDX,BFO,5.000000,1000,False
839618,SENSEX26SEP73500CE,SENSEX,24SEP2026,7350000.000000,20,OPTIDX,BFO,5.000000,1000,False
866511,ULTRACEMCO26OCT11700CE,ULTRACEMCO,29OCT2026,1170000.000000,50,OPTSTK,BFO,5.000000,3000,False
866524,ICICIPRULI26OCT505PE,ICICIPRULI,29OCT2026,50500.000000,925,OPTSTK,BFO,5.000000,60000,False
866525,FOCIT26SEP37300CE,FOCIT,24SEP2026,3730000.000000,45,OPTIDX,BFO,5.000000,1350,False
866526,SENSEX2691778100CE,SENSEX,17SEP2026,7810000.000000,20,OPTIDX,BFO,5.000000,1000,False
867077,CROMPTON26OCT290CE,CROMPTON,29OCT2026,29000.000000,2150,OPTSTK,BFO,5.000000,90000,False
867087,TATAPOWER26OCT410PE,TATAPOWER,29OCT2026,41000.000000,1450,OPTSTK,BFO,5.000000,101250,False
867088,SENSEX5026OCT25150CE,SENSEX50,29OCT2026,2515000.000000,75,OPTIDX,BFO,5.000000,1800,False
867100,BAJAJHLDNG26OCT10400PE,BAJAJHLDNG,29OCT2026,1040000.000000,75,OPTSTK,BFO,5.000000,100000000,False
887732,BOSCHLTD26OCT50500CE,BOSCHLTD,29OCT2026,5050000.000000,25,OPTSTK,BFO,5.000000,1500,False
887775,COLPAL26SEP1840PE,COLPAL,24SEP2026,184000.000000,275,OPTSTK,BFO,5.000000,14000,False
887911,JUBLFOOD26OCT540CE,JUBLFOOD,29OCT2026,54000.000000,1250,OPTSTK,BFO,5.000000,50000,False
887913,SENSEX26O0170700PE,SENSEX,01OCT2026,7070000.000000,20,OPTIDX,BFO,5.000000,1000,False
839633,SENSEX26SEP79800PE,SENSEX,24SEP2026,7980000.000000,20,OPTIDX,BFO,5.000000,1000,False
840391,SENSEX26SEP84300CE,SENSEX,24SEP2026,8430000.000000,20,OPTIDX,BFO,5.000000,1000,False
840495,SENSEX28DEC79000PE,SENSEX,28DEC2028,7900000.000000,20,OPTIDX,BFO,5.000000,1000,False
840668,SENSEX29JUN79000CE,SENSEX,28JUN2029,7900000.000000,20,OPTIDX,BFO,5.000000,1000,False
866540,SENSEX26OCT78200PE,SENSEX,29OCT2026,7820000.000000,20,OPTIDX,BFO,5.000000,1000,False
866550,PFC26OCT460CE,PFC,29OCT2026,46000.000000,1300,OPTSTK,BFO,5.000000,124000,False
866571,SONACOMS26SEP810PE,SONACOMS,24SEP2026,81000.000000,1225,OPTSTK,BFO,5.000000,100000000,False
866577,MAZDOCK26OCT2600PE,MAZDOCK,29OCT2026,260000.000000,225,OPTSTK,BFO,5.000000,100000000,False
887923,KFINTECH26OCT1120PE,KFINTECH,29OCT2026,112000.000000,575,OPTSTK,BFO,5.000000,100000000,False
888060,CIPLA26OCT1370PE,CIPLA,29OCT2026,137000.000000,425,OPTSTK,BFO,5.000000,26000,False
888105,OBEROIRLTY26OCT2080CE,OBEROIRLTY,29OCT2026,208000.000000,350,OPTSTK,BFO,5.000000,28000,False
888123,ITC26SEP255CE,ITC,24SEP2026,25500.000000,1725,OPTSTK,BFO,5.000000,64000,False
867105,RBLBANK26OCT385CE,RBLBANK,29OCT2026,38500.000000,3175,OPTSTK,BFO,5.000000,150000,False
867114,AUROPHARMA26OCT1640PE,AUROPHARMA,29OCT2026,164000.000000,550,OPTSTK,BFO,5.000000,44000,False
867129,YESBANK26OCT19PE,YESBANK,29OCT2026,1900.000000,31100,OPTSTK,BFO,5.000000,100000000,False
867154,COALINDIA26OCT385PE,COALINDIA,29OCT2026,38500.000000,1350,OPTSTK,BFO,5.000000,126000,False
866578,FOCIT26SEP33600CE,FOCIT,24SEP2026,3360000.000000,45,OPTIDX,BFO,5.000000,1350,False
866581,VBL26OCT380PE,VBL,29OCT2026,38000.000000,1275,OPTSTK,BFO,5.000000,100000000,False
866583,SHREECEM26OCT27250PE,SHREECEM,29OCT2026,2725000.000000,25,OPTSTK,BFO,5.000000,1000,False
866585,ASTRAL26OCTFUT,ASTRAL,29OCT2026,0.000000,425,FUTSTK,BFO,5.000000,14680,False
840756,SENSEX26SEP79000PE,SENSEX,24SEP2026,7900000.000000,20,OPTIDX,BFO,5.000000,1000,False
840765,SENSEX26DEC79000PE,SENSEX,31DEC2026,7900000.000000,20,OPTIDX,BFO,5.000000,1000,False
841362,SENSEX26SEP69500CE,SENSEX,24SEP2026,6950000.000000,20,OPTIDX,BFO,5.000000,1000,False
866587,SENSEX2691776700CE,SENSEX,17SEP2026,7670000.000000,20,OPTIDX,BFO,5.000000,1000,False
866595,PIIND26OCT2900PE,PIIND,29OCT2026,290000.000000,175,OPTSTK,BFO,5.000000,7500,False
866598,BANKINDIA26OCT140PE,BANKINDIA,29OCT2026,14000.000000,5200,OPTSTK,BFO,5.000000,100000000,False
866611,SRF26OCT2300CE,SRF,29OCT2026,230000.000000,200,OPTSTK,BFO,5.000000,11250,False
888124,DELHIVERY26OCT420CE,DELHIVERY,29OCT2026,42000.000000,2075,OPTSTK,BFO,5.000000,100000000,False
888178,SENSEX26OCT70800PE,SENSEX,29OCT2026,7080000.000000,20,OPTIDX,BFO,5.000000,1000,False
888181,HAL26OCT5400PE,HAL,29OCT2026,540000.000000,150,OPTSTK,BFO,5.000000,9000,False
888200,MARUTI26OCT13100CE,MARUTI,29OCT2026,1310000.000000,50,OPTSTK,BFO,5.000000,3000,False
840871,SENSEX30JUN79000CE,SENSEX,27JUN2030,7900000.000000,20,OPTIDX,BFO,5.000000,1000,False
867155,JUBLFOOD26OCT435PE,JUBLFOOD,29OCT2026,43500.000000,1250,OPTSTK,BFO,5.000000,50000,False
867159,HINDALCO26OCT920CE,HINDALCO,29OCT2026,92000.000000,700,OPTSTK,BFO,5.000000,56000,False
867162,TCS26OCT2540CE,TCS,29OCT2026,254000.000000,225,OPTSTK,BFO,5.000000,7000,False
867164,CUMMINSIND26OCT5100CE,CUMMINSIND,29OCT2026,510000.000000,200,OPTSTK,BFO,5.000000,18000,False
841619,KALYANKJIL26SEP385CE,KALYANKJIL,24SEP2026,38500.000000,1350,OPTSTK,BFO,5.000000,100000000,False
841622,BHEL26SEP402.5CE,BHEL,24SEP2026,40250.000000,2625,OPTSTK,BFO,5.000000,315000,False
841629,BAJAJHLDNG26SEP10100PE,BAJAJHLDNG,24SEP2026,1010000.000000,75,OPTSTK,BFO,5.000000,100000000,False
841638,NAUKRI26SEP960CE,NAUKRI,24SEP2026,96000.000000,550,OPTSTK,BFO,5.000000,6000,False
888210,NESTLEIND26OCT1410CE,NESTLEIND,29OCT2026,141000.000000,500,OPTSTK,BFO,5.000000,1200,False
888213,SUPREMEIND26OCT3950PE,SUPREMEIND,29OCT2026,395000.000000,175,OPTSTK,BFO,5.000000,100000000,False
888250,SENSEX26O0170700CE,SENSEX,01OCT2026,7070000.000000,20,OPTIDX,BFO,5.000000,1000,False
888258,NESTLEIND26OCT1410PE,NESTLEIND,29OCT2026,141000.000000,500,OPTSTK,BFO,5.000000,1200,False
866631,CUMMINSIND26OCT5800CE,CUMMINSIND,29OCT2026,580000.000000,200,OPTSTK,BFO,5.000000,18000,False
866640,FORCEMOT26OCT17500PE,FORCEMOT,29OCT2026,1750000.000000,25,OPTSTK,BFO,5.000000,100000000,False
866662,CHOLAFIN26OCT1660CE,CHOLAFIN,29OCT2026,166000.000000,625,OPTSTK,BFO,5.000000,25000,False
866669,ONGC26OCT252.5CE,ONGC,29OCT2026,25250.000000,2250,OPTSTK,BFO,5.000000,154000,False
867167,WIPRO26OCT175PE,WIPRO,29OCT2026,17500.000000,3000,OPTSTK,BFO,5.000000,60000,False
867169,DIVISLAB26OCT7100CE,DIVISLAB,29OCT2026,710000.000000,100,OPTSTK,BFO,5.000000,8000,False
867180,TCS26OCT2380CE,TCS,29OCT2026,238000.000000,225,OPTSTK,BFO,5.000000,7000,False
867182,SENSEX2691776900CE,SENSEX,17SEP2026,7690000.000000,20,OPTIDX,BFO,5.000000,1000,False
888284,MARICO26OCT770CE,MARICO,29OCT2026,77000.000000,1200,OPTSTK,BFO,5.000000,48000,False
888288,SENSEX5026OCT24400CE,SENSEX50,29OCT2026,2440000.000000,75,OPTIDX,BFO,5.000000,1800,False
888296,BOSCHLTD26SEP52000PE,BOSCHLTD,24SEP2026,5200000.000000,25,OPTSTK,BFO,5.000000,1500,False
888303,APLAPOLLO26OCT2260PE,APLAPOLLO,29OCT2026,226000.000000,350,OPTSTK,BFO,5.000000,100000000,False
841639,MCX26SEP2850CE,MCX,24SEP2026,285000.000000,225,OPTSTK,BFO,5.000000,16000,False
841647,BAJFINANCE26SEP1030PE,BAJFINANCE,24SEP2026,103000.000000,750,OPTSTK,BFO,5.000000,3750,False
841674,HDFCBANK26SEP810CE,HDFCBANK,24SEP2026,81000.000000,650,OPTSTK,BFO,5.000000,16500,False
841693,SBICARD26SEP580CE,SBICARD,24SEP2026,58000.000000,800,OPTSTK,BFO,5.000000,32000,False
866673,JUBLFOOD26OCT430CE,JUBLFOOD,29OCT2026,43000.000000,1250,OPTSTK,BFO,5.000000,50000,False
866674,SENSEX26OCT75200CE,SENSEX,29OCT2026,7520000.000000,20,OPTIDX,BFO,5.000000,1000,False
866696,NMDC26OCT83CE,NMDC,29OCT2026,8300.000000,6750,OPTSTK,BFO,5.000000,225000,False
866698,RVNL26OCT260PE,RVNL,29OCT2026,26000.000000,1925,OPTSTK,BFO,5.000000,100000000,False
866719,TATACONSUM26OCT1040PE,TATACONSUM,29OCT2026,104000.000000,550,OPTSTK,BFO,5.000000,36000,False
866722,PFC26OCT395CE,PFC,29OCT2026,39500.000000,1300,OPTSTK,BFO,5.000000,124000,False
866725,CANBK26OCT130CE,CANBK,29OCT2026,13000.000000,6750,OPTSTK,BFO,5.000000,81000,False
866730,TATASTEEL26OCT192.5CE,TATASTEEL,29OCT2026,19250.000000,2750,OPTSTK,BFO,5.000000,220000,False
888309,SENSEX2691770500CE,SENSEX,17SEP2026,7050000.000000,20,OPTIDX,BFO,5.000000,1000,False
888323,BOSCHLTD26OCT51500PE,BOSCHLTD,29OCT2026,5150000.000000,25,OPTSTK,BFO,5.000000,1500,False
888326,ASIANPAINT26OCT2520CE,ASIANPAINT,29OCT2026,252000.000000,250,OPTSTK,BFO,5.000000,8000,False
888346,SENSEX26OCT70200CE,SENSEX,29OCT2026,7020000.000000,20,OPTIDX,BFO,5.000000,1000,False
867189,BANKEX26OCT69100PE,BANKEX,29OCT2026,6910000.000000,30,OPTIDX,BFO,5.000000,900,False
867190,ALKEM26OCT5450PE,ALKEM,29OCT2026,545000.000000,125,OPTSTK,BFO,5.000000,8000,False
867199,FOCIT26SEP34900PE,FOCIT,24SEP2026,3490000.000000,45,OPTIDX,BFO,5.000000,1350,False
867205,ADANIENT26OCT3100CE,ADANIENT,29OCT2026,310000.000000,309,OPTSTK,BFO,5.000000,9000,False
841697,AMBUJACEM26SEP415CE,AMBUJACEM,24SEP2026,41500.000000,1200,OPTSTK,BFO,5.000000,54000,False
841711,INFY26SEP1010PE,INFY,24SEP2026,101000.000000,400,OPTSTK,BFO,5.000000,16000,False
841735,NMDC26SEP81PE,NMDC,24SEP2026,8100.000000,6750,OPTSTK,BFO,5.000000,225000,False
841747,MOTHERSON26SEP147CE,MOTHERSON,24SEP2026,14700.000000,6150,OPTSTK,BFO,5.000000,284000,False
866752,RELIANCE26OCT1300CE,RELIANCE,29OCT2026,130000.000000,500,OPTSTK,BFO,5.000000,10000,False
866753,ASHOKLEY26OCT152.5PE,ASHOKLEY,29OCT2026,15250.000000,5000,OPTSTK,BFO,5.000000,150000,False
866755,SWIGGY26OCT260PE,SWIGGY,29OCT2026,26000.000000,1825,OPTSTK,BFO,5.000000,100000000,False
866781,ADANIPOWER26OCT180PE,ADANIPOWER,29OCT2026,18000.000000,3550,OPTSTK,BFO,5.000000,100000000,False
888372,COLPAL26OCT1780CE,COLPAL,29OCT2026,178000.000000,275,OPTSTK,BFO,5.000000,14000,False
888414,DIVISLAB26OCT9300CE,DIVISLAB,29OCT2026,930000.000000,100,OPTSTK,BFO,5.000000,8000,False
888431,NBCC26SEP70PE,NBCC,24SEP2026,7000.000000,6500,OPTSTK,BFO,5.000000,100000000,False
888445,ITC26OCT252.5PE,ITC,29OCT2026,25250.000000,1725,OPTSTK,BFO,5.000000,64000,False
841750,UPL26SEP595CE,UPL,24SEP2026,59500.000000,1355,OPTSTK,BFO,5.000000,39000,False
841761,SENSEX29DEC80000PE,SENSEX,27DEC2029,8000000.000000,20,OPTIDX,BFO,5.000000,1000,False
841788,ULTRACEMCO26SEP10760PE,ULTRACEMCO,24SEP2026,1076000.000000,50,OPTSTK,BFO,5.000000,3000,False
841800,SUNPHARMA26SEP1940PE,SUNPHARMA,24SEP2026,194000.000000,350,OPTSTK,BFO,5.000000,28000,False
866785,HAVELLS26OCT1140PE,HAVELLS,29OCT2026,114000.000000,500,OPTSTK,BFO,5.000000,20000,False
866788,MCX26OCT2800PE,MCX,29OCT2026,280000.000000,225,OPTSTK,BFO,5.000000,16000,False
866789,IDEA26OCT8PE,IDEA,29OCT2026,800.000000,71475,OPTSTK,BFO,5.000000,2400000,False
866804,LT26OCT3900PE,LT,29OCT2026,390000.000000,175,OPTSTK,BFO,5.000000,12000,False
888454,IRFC26OCT79PE,IRFC,29OCT2026,7900.000000,5425,OPTSTK,BFO,5.000000,100000000,False
888460,IREDA26SEP97.5CE,IREDA,24SEP2026,9750.000000,4525,OPTSTK,BFO,5.000000,100000000,False
888485,SONACOMS26SEP900PE,SONACOMS,24SEP2026,90000.000000,1225,OPTSTK,BFO,5.000000,100000000,False
888489,DABUR26SEP370PE,DABUR,24SEP2026,37000.000000,1250,OPTSTK,BFO,5.000000,50000,False
841814,TRENT26SEP3200PE,TRENT,24SEP2026,320000.000000,225,OPTSTK,BFO,5.000000,16000,False
841817,GODREJPROP26SEP1900CE,GODREJPROP,24SEP2026,190000.000000,325,OPTSTK,BFO,5.000000,19000,False
841824,BHARTIARTL26SEP2000CE,BHARTIARTL,24SEP2026,200000.000000,475,OPTSTK,BFO,5.000000,28500,False
841829,BANKEX26SEP66700CE,BANKEX,24SEP2026,6670000.000000,30,OPTIDX,BFO,5.000000,900,False
867212,GODFRYPHLP26OCT2200PE,GODFRYPHLP,29OCT2026,220000.000000,275,OPTSTK,BFO,5.000000,100000000,False
867219,GVT&D26OCT4600CE,GVT&D,29OCT2026,460000.000000,125,OPTSTK,BFO,5.000000,100000000,False
867223,ADANIGREEN26OCT1400CE,ADANIGREEN,29OCT2026,140000.000000,600,OPTSTK,BFO,5.000000,100000000,False
867236,PRESTIGE26OCTFUT,PRESTIGE,29OCT2026,0.000000,450,FUTSTK,BFO,5.000000,100000000,False
866836,SAIL26OCT187.5CE,SAIL,29OCT2026,18750.000000,4700,OPTSTK,BFO,5.000000,320000,False
866848,SENSEX5026OCT26100PE,SENSEX50,29OCT2026,2610000.000000,75,OPTIDX,BFO,5.000000,1800,False
866853,ADANIGREEN26SEP1220PE,ADANIGREEN,24SEP2026,122000.000000,600,OPTSTK,BFO,5.000000,100000000,False
866855,BANKINDIA26OCT145PE,BANKINDIA,29OCT2026,14500.000000,5200,OPTSTK,BFO,5.000000,100000000,False
888503,TIINDIA26OCT3200CE,TIINDIA,29OCT2026,320000.000000,200,OPTSTK,BFO,5.000000,100000000,False
888546,SENSEX2691770500PE,SENSEX,17SEP2026,7050000.000000,20,OPTIDX,BFO,5.000000,1000,False
888576,TIINDIA26OCT3200PE,TIINDIA,29OCT2026,320000.000000,200,OPTSTK,BFO,5.000000,100000000,False
888589,FOCIT26OCT29800CE,FOCIT,29OCT2026,2980000.000000,45,OPTIDX,BFO,5.000000,1350,False
867250,DABUR26OCT410PE,DABUR,29OCT2026,41000.000000,1250,OPTSTK,BFO,5.000000,50000,False
867255,MAXHEALTH26OCT1070PE,MAXHEALTH,29OCT2026,107000.000000,525,OPTSTK,BFO,5.000000,100000000,False
867259,HAL26OCT4750PE,HAL,29OCT2026,475000.000000,150,OPTSTK,BFO,5.000000,9000,False
867276,AMBUJACEM26OCT440CE,AMBUJACEM,29OCT2026,44000.000000,1200,OPTSTK,BFO,5.000000,54000,False
866856,HINDALCO26OCT1020PE,HINDALCO,29OCT2026,102000.000000,700,OPTSTK,BFO,5.000000,56000,False
866865,FOCIT26SEP33900PE,FOCIT,24SEP2026,3390000.000000,45,OPTIDX,BFO,5.000000,1350,False
866868,VMM26OCT92.5CE,VMM,29OCT2026,9250.000000,4850,OPTSTK,BFO,5.000000,100000000,False
866876,MAZDOCK26OCT2250CE,MAZDOCK,29OCT2026,225000.000000,225,OPTSTK,BFO,5.000000,100000000,False
867313,IREDA26OCT125CE,IREDA,29OCT2026,12500.000000,4525,OPTSTK,BFO,5.000000,100000000,False
888606,MCX26OCT3350CE,MCX,29OCT2026,335000.000000,225,OPTSTK,BFO,5.000000,16000,False
888647,BPCL26OCT275CE,BPCL,29OCT2026,27500.000000,1975,OPTSTK,BFO,5.000000,72000,False
888670,VBL26OCT360CE,VBL,29OCT2026,36000.000000,1275,OPTSTK,BFO,5.000000,100000000,False
888675,VBL26OCT360PE,VBL,29OCT2026,36000.000000,1275,OPTSTK,BFO,5.000000,100000000,False
867281,WAAREEENER26SEP2300PE,WAAREEENER,24SEP2026,230000.000000,175,OPTSTK,BFO,5.000000,100000000,False
867306,FOCIT26OCT38200CE,FOCIT,29OCT2026,3820000.000000,45,OPTIDX,BFO,5.000000,1350,False
867311,TRENT26OCT2850PE,TRENT,29OCT2026,285000.000000,225,OPTSTK,BFO,5.000000,16000,False
841854,SAIL26SEP165PE,SAIL,24SEP2026,16500.000000,4700,OPTSTK,BFO,5.000000,320000,False
841859,ADANIGREEN26SEP1550CE,ADANIGREEN,24SEP2026,155000.000000,600,OPTSTK,BFO,5.000000,100000000,False
841864,PATANJALI26SEP420PE,PATANJALI,24SEP2026,42000.000000,1075,OPTSTK,BFO,5.000000,100000000,False
841884,HINDALCO26SEP930CE,HINDALCO,24SEP2026,93000.000000,700,OPTSTK,BFO,5.000000,56000,False
888676,SHREECEM26OCT22750PE,SHREECEM,29OCT2026,2275000.000000,25,OPTSTK,BFO,5.000000,1000,False
888698,CUMMINSIND26OCT4500CE,CUMMINSIND,29OCT2026,450000.000000,200,OPTSTK,BFO,5.000000,18000,False
888702,DABUR26OCT365PE,DABUR,29OCT2026,36500.000000,1250,OPTSTK,BFO,5.000000,50000,False
888704,ADANIENSOL26OCT1420PE,ADANIENSOL,29OCT2026,142000.000000,675,OPTSTK,BFO,5.000000,100000000,False
841893,PERSISTENT26SEP4900PE,PERSISTENT,24SEP2026,490000.000000,125,OPTSTK,BFO,5.000000,5250,False
841898,WAAREEENER26SEP2750PE,WAAREEENER,24SEP2026,275000.000000,175,OPTSTK,BFO,5.000000,100000000,False
841900,MPHASIS26SEP2218PE,MPHASIS,24SEP2026,221800.000000,275,OPTSTK,BFO,5.000000,11000,False
841913,BEL26SEP420PE,BEL,24SEP2026,42000.000000,1425,OPTSTK,BFO,5.000000,228000,False
888715,ASIANPAINT26SEP2480CE,ASIANPAINT,24SEP2026,248000.000000,250,OPTSTK,BFO,5.000000,8000,False
888729,VOLTAS26SEP1100CE,VOLTAS,24SEP2026,110000.000000,375,OPTSTK,BFO,5.000000,30000,False
888730,SENSEX5026OCT24350PE,SENSEX50,29OCT2026,2435000.000000,75,OPTIDX,BFO,5.000000,1800,False
866892,KALYANKJIL26OCT605CE,KALYANKJIL,29OCT2026,60500.000000,1350,OPTSTK,BFO,5.000000,100000000,False
866909,COALINDIA26OCT380PE,COALINDIA,29OCT2026,38000.000000,1350,OPTSTK,BFO,5.000000,126000,False
866915,JIOFIN26OCT257.5CE,JIOFIN,29OCT2026,25750.000000,2350,OPTSTK,BFO,5.000000,100000000,False
866923,FOCIT26SEP32300CE,FOCIT,24SEP2026,3230000.000000,45,OPTIDX,BFO,5.000000,1350,False
888725,IRFC26OCT78CE,IRFC,29OCT2026,7800.000000,5425,OPTSTK,BFO,5.000000,100000000,False
841916,SENSEX29DEC81000CE,SENSEX,27DEC2029,8100000.000000,20,OPTIDX,BFO,5.000000,1000,False
841920,JIOFIN26SEP235PE,JIOFIN,24SEP2026,23500.000000,2350,OPTSTK,BFO,5.000000,100000000,False
841922,MANKIND26SEP2520PE,MANKIND,24SEP2026,252000.000000,250,OPTSTK,BFO,5.000000,100000000,False
841928,SENSEX5026SEP24450CE,SENSEX50,24SEP2026,2445000.000000,75,OPTIDX,BFO,5.000000,1800,False
888736,PETRONET26OCT325PE,PETRONET,29OCT2026,32500.000000,1900,OPTSTK,BFO,5.000000,120000,False
888776,VEDL26OCT225PE,VEDL,29OCT2026,22500.000000,1150,OPTSTK,BFO,5.000000,80000,False
888778,PNBHOUSING26SEP1320CE,PNBHOUSING,24SEP2026,132000.000000,650,OPTSTK,BFO,5.000000,100000000,False
888794,SENSEX26OCT69900PE,SENSEX,29OCT2026,6990000.000000,20,OPTIDX,BFO,5.000000,1000,False
866930,SENSEX2691781300CE,SENSEX,17SEP2026,8130000.000000,20,OPTIDX,BFO,5.000000,1000,False
866934,TORNTPHARM26OCT4800CE,TORNTPHARM,29OCT2026,480000.000000,125,OPTSTK,BFO,5.000000,15000,False
866940,INDUSINDBK26OCT1020CE,INDUSINDBK,29OCT2026,102000.000000,700,OPTSTK,BFO,5.000000,20000,False
866948,SUNPHARMA26OCT1980CE,SUNPHARMA,29OCT2026,198000.000000,350,OPTSTK,BFO,5.000000,28000,False
867353,EICHERMOT26OCT8000CE,EICHERMOT,29OCT2026,800000.000000,100,OPTSTK,BFO,5.000000,7000,False
867357,GODREJPROP26OCT2040PE,GODREJPROP,29OCT2026,204000.000000,325,OPTSTK,BFO,5.000000,19000,False
867364,DLF26OCT700PE,DLF,29OCT2026,70000.000000,950,OPTSTK,BFO,5.000000,49500,False
867369,HAVELLS26OCT1340PE,HAVELLS,29OCT2026,134000.000000,500,OPTSTK,BFO,5.000000,20000,False
888808,NMDC26OCT76CE,NMDC,29OCT2026,7600.000000,6750,OPTSTK,BFO,5.000000,225000,False
888809,SENSEX2691770000CE,SENSEX,17SEP2026,7000000.000000,20,OPTIDX,BFO,5.000000,1000,False
888819,ITC26OCT250CE,ITC,29OCT2026,25000.000000,1725,OPTSTK,BFO,5.000000,64000,False
888837,ITC26OCT250PE,ITC,29OCT2026,25000.000000,1725,OPTSTK,BFO,5.000000,64000,False
866967,LT26OCT3800CE,LT,29OCT2026,380000.000000,175,OPTSTK,BFO,5.000000,12000,False
866974,POWERINDIA26OCT28500PE,POWERINDIA,29OCT2026,2850000.000000,25,OPTSTK,BFO,5.000000,100000000,False
866994,FOCIT26OCT36000PE,FOCIT,29OCT2026,3600000.000000,45,OPTIDX,BFO,5.000000,1350,False
867020,TATAPOWER26OCT345CE,TATAPOWER,29OCT2026,34500.000000,1450,OPTSTK,BFO,5.000000,101250,False
888818,SENSEX26O0170100CE,SENSEX,01OCT2026,7010000.000000,20,OPTIDX,BFO,5.000000,1000,False
888848,DABUR26SEP365CE,DABUR,24SEP2026,36500.000000,1250,OPTSTK,BFO,5.000000,50000,False
888849,PAGEIND26OCT32500PE,PAGEIND,29OCT2026,3250000.000000,20,OPTSTK,BFO,5.000000,600,False
888853,TMPV26OCT285CE,TMPV,29OCT2026,28500.000000,1600,OPTSTK,BFO,5.000000,42750,False
867026,PAGEIND26OCT42500CE,PAGEIND,29OCT2026,4250000.000000,20,OPTSTK,BFO,5.000000,600,False
867029,DLF26OCT630CE,DLF,29OCT2026,63000.000000,950,OPTSTK,BFO,5.000000,49500,False
867040,IRFC26OCT84CE,IRFC,29OCT2026,8400.000000,5425,OPTSTK,BFO,5.000000,100000000,False
867051,BANKEX26OCT70700PE,BANKEX,29OCT2026,7070000.000000,30,OPTIDX,BFO,5.000000,900,False
888865,CAMS26OCT680CE,CAMS,29OCT2026,68000.000000,825,OPTSTK,BFO,5.000000,100000000,False
888891,IEX26OCT105CE,IEX,29OCT2026,10500.000000,4350,OPTSTK,BFO,5.000000,150000,False
888910,PETRONET26SEP325PE,PETRONET,24SEP2026,32500.000000,1900,OPTSTK,BFO,5.000000,120000,False
888917,COLPAL26SEP1740CE,COLPAL,24SEP2026,174000.000000,275,OPTSTK,BFO,5.000000,14000,False
867053,NAUKRI26OCT1240PE,NAUKRI,29OCT2026,124000.000000,550,OPTSTK,BFO,5.000000,6000,False
867055,ADANIPORTS26OCT1800CE,ADANIPORTS,29OCT2026,180000.000000,475,OPTSTK,BFO,5.000000,32000,False
867058,SENSEX2691773000PE,SENSEX,17SEP2026,7300000.000000,20,OPTIDX,BFO,5.000000,1000,False
867065,ALKEM26OCT5700PE,ALKEM,29OCT2026,570000.000000,125,OPTSTK,BFO,5.000000,8000,False
867370,KFINTECH26OCT840PE,KFINTECH,29OCT2026,84000.000000,575,OPTSTK,BFO,5.000000,100000000,False
867372,SENSEX5026OCT25450PE,SENSEX50,29OCT2026,2545000.000000,75,OPTIDX,BFO,5.000000,1800,False
867373,BANKBARODA26OCT265CE,BANKBARODA,29OCT2026,26500.000000,2925,OPTSTK,BFO,5.000000,175500,False
867383,HAVELLS26OCT1180PE,HAVELLS,29OCT2026,118000.000000,500,OPTSTK,BFO,5.000000,20000,False
867068,GVT&D26OCT4700PE,GVT&D,29OCT2026,470000.000000,125,OPTSTK,BFO,5.000000,100000000,False
867071,GAIL26OCT180CE,GAIL,29OCT2026,18000.000000,3550,OPTSTK,BFO,5.000000,274500,False
867081,CONCOR26OCT525PE,CONCOR,29OCT2026,52500.000000,1250,OPTSTK,BFO,5.000000,40000,False
867083,NESTLEIND26OCT1570CE,NESTLEIND,29OCT2026,157000.000000,500,OPTSTK,BFO,5.000000,1200,False
841933,BAJAJ-AUTO26SEP9700PE,BAJAJ-AUTO,24SEP2026,970000.000000,75,OPTSTK,BFO,5.000000,5000,False
841938,ADANIENT26SEP3160CE,ADANIENT,24SEP2026,316000.000000,309,OPTSTK,BFO,5.000000,9000,False
841944,VEDL26SEP330CE,VEDL,24SEP2026,33000.000000,1150,OPTSTK,BFO,5.000000,80000,False
841947,INDIGO26SEP5650PE,INDIGO,24SEP2026,565000.000000,150,OPTSTK,BFO,5.000000,12000,False
867095,FOCIT26OCT41200CE,FOCIT,29OCT2026,4120000.000000,45,OPTIDX,BFO,5.000000,1350,False
867117,INOXWIND26OCT92.5CE,INOXWIND,29OCT2026,9250.000000,6400,OPTSTK,BFO,5.000000,100000000,False
867125,PRESTIGE26OCT1500CE,PRESTIGE,29OCT2026,150000.000000,450,OPTSTK,BFO,5.000000,100000000,False
867137,ADANIPORTS26OCT1560PE,ADANIPORTS,29OCT2026,156000.000000,475,OPTSTK,BFO,5.000000,32000,False
867386,YESBANK26OCT28CE,YESBANK,29OCT2026,2800.000000,31100,OPTSTK,BFO,5.000000,100000000,False
867392,ICICIBANK26OCT1370CE,ICICIBANK,29OCT2026,137000.000000,700,OPTSTK,BFO,5.000000,28000,False
867393,SENSEX2691778600PE,SENSEX,17SEP2026,7860000.000000,20,OPTIDX,BFO,5.000000,1000,False
867416,INOXWIND26OCT65CE,INOXWIND,29OCT2026,6500.000000,6400,OPTSTK,BFO,5.000000,100000000,False
888931,SENSEX26O0875000CE,SENSEX,08OCT2026,7500000.000000,20,OPTIDX,BFO,5.000000,1000,False
888944,ETERNAL26OCT365CE,ETERNAL,29OCT2026,36500.000000,2425,OPTSTK,BFO,5.000000,100000000,False
888970,RBLBANK26OCT430PE,RBLBANK,29OCT2026,43000.000000,3175,OPTSTK,BFO,5.000000,150000,False
888979,SENSEX26O0873200PE,SENSEX,08OCT2026,7320000.000000,20,OPTIDX,BFO,5.000000,1000,False
841975,SIEMENS26SEP3950PE,SIEMENS,24SEP2026,395000.000000,175,OPTSTK,BFO,5.000000,8250,False
841983,DLF26SEP645CE,DLF,24SEP2026,64500.000000,950,OPTSTK,BFO,5.000000,49500,False
841985,LT26SEP4200PE,LT,24SEP2026,420000.000000,175,OPTSTK,BFO,5.000000,12000,False
841986,LUPIN26SEP2380CE,LUPIN,24SEP2026,238000.000000,425,OPTSTK,BFO,5.000000,34000,False
867139,MOTHERSON26OCT157.5CE,MOTHERSON,29OCT2026,15750.000000,6150,OPTSTK,BFO,5.000000,284000,False
867141,IDEA26OCT8CE,IDEA,29OCT2026,800.000000,71475,OPTSTK,BFO,5.000000,2400000,False
867144,SBILIFE26OCT1740PE,SBILIFE,29OCT2026,174000.000000,375,OPTSTK,BFO,5.000000,22500,False
867181,OBEROIRLTY26OCT1740CE,OBEROIRLTY,29OCT2026,174000.000000,350,OPTSTK,BFO,5.000000,28000,False
867419,ASHOKLEY26OCT165CE,ASHOKLEY,29OCT2026,16500.000000,5000,OPTSTK,BFO,5.000000,150000,False
867425,NAM-INDIA26OCT1020CE,NAM-INDIA,29OCT2026,102000.000000,625,OPTSTK,BFO,5.000000,100000000,False
867442,IREDA26OCT132.5PE,IREDA,29OCT2026,13250.000000,4525,OPTSTK,BFO,5.000000,100000000,False
867444,HINDALCO26OCT1060PE,HINDALCO,29OCT2026,106000.000000,700,OPTSTK,BFO,5.000000,56000,False
888994,SENSEX26O0879100CE,SENSEX,08OCT2026,7910000.000000,20,OPTIDX,BFO,5.000000,1000,False
889020,SENSEX26O0875700PE,SENSEX,08OCT2026,7570000.000000,20,OPTIDX,BFO,5.000000,1000,False
889032,SENSEX26O0873300CE,SENSEX,08OCT2026,7330000.000000,20,OPTIDX,BFO,5.000000,1000,False
889038,SENSEX26O0881900CE,SENSEX,08OCT2026,8190000.000000,20,OPTIDX,BFO,5.000000,1000,False
841997,SHREECEM26SEP26750PE,SHREECEM,24SEP2026,2675000.000000,25,OPTSTK,BFO,5.000000,1000,False
842027,MPHASIS26SEP2118CE,MPHASIS,24SEP2026,211800.000000,275,OPTSTK,BFO,5.000000,11000,False
842050,KPITTECH26SEP800PE,KPITTECH,24SEP2026,80000.000000,775,OPTSTK,BFO,5.000000,100000000,False
842061,COCHINSHIP26SEP1560CE,COCHINSHIP,24SEP2026,156000.000000,400,OPTSTK,BFO,5.000000,100000000,False
867198,EICHERMOT26OCT8100PE,EICHERMOT,29OCT2026,810000.000000,100,OPTSTK,BFO,5.000000,7000,False
867200,CONCOR26OCT560CE,CONCOR,29OCT2026,56000.000000,1250,OPTSTK,BFO,5.000000,40000,False
867220,MANAPPURAM26OCT395PE,MANAPPURAM,29OCT2026,39500.000000,3000,OPTSTK,BFO,5.000000,180000,False
867231,TVSMOTOR26OCT3900PE,TVSMOTOR,29OCT2026,390000.000000,175,OPTSTK,BFO,5.000000,21000,False
867458,YESBANK26OCTFUT,YESBANK,29OCT2026,0.000000,31100,FUTSTK,BFO,5.000000,100000000,False
867462,HINDUNILVR26OCT2140PE,HINDUNILVR,29OCT2026,214000.000000,300,OPTSTK,BFO,5.000000,9000,False
867488,MCX26OCT2750PE,MCX,29OCT2026,275000.000000,225,OPTSTK,BFO,5.000000,16000,False
867522,POLICYBZR26OCT1660CE,POLICYBZR,29OCT2026,166000.000000,350,OPTSTK,BFO,5.000000,100000000,False
842076,FEDERALBNK26SEP340CE,FEDERALBNK,24SEP2026,34000.000000,2500,OPTSTK,BFO,5.000000,200000,False
842082,YESBANK26SEP21PE,YESBANK,24SEP2026,2100.000000,31100,OPTSTK,BFO,5.000000,100000000,False
842090,CANBK26SEP125PE,CANBK,24SEP2026,12500.000000,6750,OPTSTK,BFO,5.000000,81000,False
842095,PIIND26SEP2720CE,PIIND,24SEP2026,272000.000000,175,OPTSTK,BFO,5.000000,7500,False
867253,SENSEX2691782300CE,SENSEX,17SEP2026,8230000.000000,20,OPTIDX,BFO,5.000000,1000,False
867269,GRASIM26OCT3240CE,GRASIM,29OCT2026,324000.000000,250,OPTSTK,BFO,5.000000,14250,False
867275,WIPRO26SEP205CE,WIPRO,24SEP2026,20500.000000,3000,OPTSTK,BFO,5.000000,60000,False
867291,SBIN26OCT1100CE,SBIN,29OCT2026,110000.000000,750,OPTSTK,BFO,5.000000,45000,False
867529,BOSCHLTD26OCT44500CE,BOSCHLTD,29OCT2026,4450000.000000,25,OPTSTK,BFO,5.000000,1500,False
867532,HDFCLIFE26OCT540PE,HDFCLIFE,29OCT2026,54000.000000,1100,OPTSTK,BFO,5.000000,44000,False
867548,COFORGE26OCT1780PE,COFORGE,29OCT2026,178000.000000,475,OPTSTK,BFO,5.000000,6000,False
867564,OFSS26OCT11700CE,OFSS,29OCT2026,1170000.000000,100,OPTSTK,BFO,5.000000,8000,False
842102,MANKIND26SEP2340PE,MANKIND,24SEP2026,234000.000000,250,OPTSTK,BFO,5.000000,100000000,False
842123,AMBER26SEP7800CE,AMBER,24SEP2026,780000.000000,100,OPTSTK,BFO,5.000000,100000000,False
842142,NMDC26SEP87CE,NMDC,24SEP2026,8700.000000,6750,OPTSTK,BFO,5.000000,225000,False
842169,BANKEX26SEP69000PE,BANKEX,24SEP2026,6900000.000000,30,OPTIDX,BFO,5.000000,900,False
867293,HAL26OCT4900CE,HAL,29OCT2026,490000.000000,150,OPTSTK,BFO,5.000000,9000,False
867297,FOCIT26OCT31500PE,FOCIT,29OCT2026,3150000.000000,45,OPTIDX,BFO,5.000000,1350,False
867298,VBL26OCT490PE,VBL,29OCT2026,49000.000000,1275,OPTSTK,BFO,5.000000,100000000,False
867307,GAIL26OCT180PE,GAIL,29OCT2026,18000.000000,3550,OPTSTK,BFO,5.000000,274500,False
867567,POLICYBZR26OCT1740PE,POLICYBZR,29OCT2026,174000.000000,350,OPTSTK,BFO,5.000000,100000000,False
867581,HCLTECH26OCTFUT,HCLTECH,29OCT2026,0.000000,400,FUTSTK,BFO,5.000000,21000,False
867593,SBICARD26OCT680CE,SBICARD,29OCT2026,68000.000000,800,OPTSTK,BFO,5.000000,32000,False
867595,HYUNDAI26OCT2040PE,HYUNDAI,29OCT2026,204000.000000,275,OPTSTK,BFO,5.000000,100000000,False
842172,DABUR26SEP425PE,DABUR,24SEP2026,42500.000000,1250,OPTSTK,BFO,5.000000,50000,False
842181,INDHOTEL26SEP690PE,INDHOTEL,24SEP2026,69000.000000,1000,OPTSTK,BFO,5.000000,60000,False
842187,BANKBARODA26SEP282.5PE,BANKBARODA,24SEP2026,28250.000000,2925,OPTSTK,BFO,5.000000,175500,False
842194,CHOLAFIN26SEP1720CE,CHOLAFIN,24SEP2026,172000.000000,625,OPTSTK,BFO,5.000000,25000,False
867318,RELIANCE26OCT1350PE,RELIANCE,29OCT2026,135000.000000,500,OPTSTK,BFO,5.000000,10000,False
867324,TATACONSUM26OCT1080PE,TATACONSUM,29OCT2026,108000.000000,550,OPTSTK,BFO,5.000000,36000,False
867329,CHOLAFIN26OCT1780PE,CHOLAFIN,29OCT2026,178000.000000,625,OPTSTK,BFO,5.000000,25000,False
867337,TITAN26OCT4750CE,TITAN,29OCT2026,475000.000000,175,OPTSTK,BFO,5.000000,11250,False
867599,FORTIS26OCT920PE,FORTIS,29OCT2026,92000.000000,775,OPTSTK,BFO,5.000000,100000000,False
867607,SENSEX2691773200PE,SENSEX,17SEP2026,7320000.000000,20,OPTIDX,BFO,5.000000,1000,False
867608,SUZLON26OCT44CE,SUZLON,29OCT2026,4400.000000,12700,OPTSTK,BFO,5.000000,100000000,False
867626,VEDL26OCT300PE,VEDL,29OCT2026,30000.000000,1150,OPTSTK,BFO,5.000000,80000,False
842206,PAYTM26SEP1130CE,PAYTM,24SEP2026,113000.000000,725,OPTSTK,BFO,5.000000,100000000,False
842211,TVSMOTOR26SEP3440PE,TVSMOTOR,24SEP2026,344000.000000,175,OPTSTK,BFO,5.000000,21000,False
842225,BANKEX26SEP67600PE,BANKEX,24SEP2026,6760000.000000,30,OPTIDX,BFO,5.000000,900,False
842227,APLAPOLLO26SEP1800CE,APLAPOLLO,24SEP2026,180000.000000,350,OPTSTK,BFO,5.000000,100000000,False
867339,GODREJPROP26OCT2200PE,GODREJPROP,29OCT2026,220000.000000,325,OPTSTK,BFO,5.000000,19000,False
867378,ASIANPAINT26OCT2700CE,ASIANPAINT,29OCT2026,270000.000000,250,OPTSTK,BFO,5.000000,8000,False
867381,LICHSGFIN26OCT540CE,LICHSGFIN,29OCT2026,54000.000000,1000,OPTSTK,BFO,5.000000,60000,False
867384,BANDHANBNK26OCT165CE,BANDHANBNK,29OCT2026,16500.000000,3600,OPTSTK,BFO,5.000000,100000,False
867638,VEDL26OCT305CE,VEDL,29OCT2026,30500.000000,1150,OPTSTK,BFO,5.000000,80000,False
867646,MAZDOCK26OCT2100PE,MAZDOCK,29OCT2026,210000.000000,225,OPTSTK,BFO,5.000000,100000000,False
867648,GODREJCP26OCT1080CE,GODREJCP,29OCT2026,108000.000000,500,OPTSTK,BFO,5.000000,30000,False
867655,IDFCFIRSTB26OCT84CE,IDFCFIRSTB,29OCT2026,8400.000000,9275,OPTSTK,BFO,5.000000,450000,False
842239,ADANIPOWER26SEP222.5PE,ADANIPOWER,24SEP2026,22250.000000,3550,OPTSTK,BFO,5.000000,100000000,False
847073,DELHIVERY26SEP465PE,DELHIVERY,24SEP2026,46500.000000,2075,OPTSTK,BFO,5.000000,100000000,False
867391,SENSEX2691776300PE,SENSEX,17SEP2026,7630000.000000,20,OPTIDX,BFO,5.000000,1000,False
867409,SUPREMEIND26OCT3750PE,SUPREMEIND,29OCT2026,375000.000000,175,OPTSTK,BFO,5.000000,100000000,False
867413,CANBK26OCT115PE,CANBK,29OCT2026,11500.000000,6750,OPTSTK,BFO,5.000000,81000,False
867424,BLUESTARCO26OCT1660PE,BLUESTARCO,29OCT2026,166000.000000,325,OPTSTK,BFO,5.000000,100000000,False
867677,JSWENERGY26OCT570CE,JSWENERGY,29OCT2026,57000.000000,1075,OPTSTK,BFO,5.000000,100000000,False
867679,PRESTIGE26OCT1540CE,PRESTIGE,29OCT2026,154000.000000,450,OPTSTK,BFO,5.000000,100000000,False
867704,HINDALCO26OCT960CE,HINDALCO,29OCT2026,96000.000000,700,OPTSTK,BFO,5.000000,56000,False
842244,OFSS26SEP11700PE,OFSS,24SEP2026,1170000.000000,100,OPTSTK,BFO,5.000000,8000,False
847071,SBICARD26SEP550CE,SBICARD,24SEP2026,55000.000000,800,OPTSTK,BFO,5.000000,32000,False
867682,PERSISTENT26OCT5500PE,PERSISTENT,29OCT2026,550000.000000,125,OPTSTK,BFO,5.000000,5250,False
847088,BANKEX26SEP65900PE,BANKEX,24SEP2026,6590000.000000,30,OPTIDX,BFO,5.000000,900,False
847094,INDIANB26SEP870PE,INDIANB,24SEP2026,87000.000000,1000,OPTSTK,BFO,5.000000,100000000,False
847099,IDEA26SEP14PE,IDEA,24SEP2026,1400.000000,71475,OPTSTK,BFO,5.000000,2400000,False
847107,AMBER26SEP8100CE,AMBER,24SEP2026,810000.000000,100,OPTSTK,BFO,5.000000,100000000,False
867426,ADANIPORTS26SEP1560CE,ADANIPORTS,24SEP2026,156000.000000,475,OPTSTK,BFO,5.000000,32000,False
867441,IDFCFIRSTB26OCT83PE,IDFCFIRSTB,29OCT2026,8300.000000,9275,OPTSTK,BFO,5.000000,450000,False
867470,BANKEX26OCT59900CE,BANKEX,29OCT2026,5990000.000000,30,OPTIDX,BFO,5.000000,900,False
867481,HEROMOTOCO26OCT6000CE,HEROMOTOCO,29OCT2026,600000.000000,150,OPTSTK,BFO,5.000000,9000,False
867706,TCS26OCT2580CE,TCS,29OCT2026,258000.000000,225,OPTSTK,BFO,5.000000,7000,False
867708,APLAPOLLO26OCT2020CE,APLAPOLLO,29OCT2026,202000.000000,350,OPTSTK,BFO,5.000000,100000000,False
867713,BRITANNIA26OCT5500PE,BRITANNIA,29OCT2026,550000.000000,125,OPTSTK,BFO,5.000000,6000,False
867715,ALKEM26OCT5650PE,ALKEM,29OCT2026,565000.000000,125,OPTSTK,BFO,5.000000,8000,False
847108,SOLARINDS26SEP19250CE,SOLARINDS,24SEP2026,1925000.000000,50,OPTSTK,BFO,5.000000,100000000,False
847109,BOSCHLTD26SEP39250CE,BOSCHLTD,24SEP2026,3925000.000000,25,OPTSTK,BFO,5.000000,1500,False
847135,SWIGGY26SEP245PE,SWIGGY,24SEP2026,24500.000000,1825,OPTSTK,BFO,5.000000,100000000,False
847140,YESBANK26SEP28CE,YESBANK,24SEP2026,2800.000000,31100,OPTSTK,BFO,5.000000,100000000,False
867486,KALYANKJIL26OCT645CE,KALYANKJIL,29OCT2026,64500.000000,1350,OPTSTK,BFO,5.000000,100000000,False
867487,INDIGO26OCT5400CE,INDIGO,29OCT2026,540000.000000,150,OPTSTK,BFO,5.000000,12000,False
867489,BANKEX26OCT69000CE,BANKEX,29OCT2026,6900000.000000,30,OPTIDX,BFO,5.000000,900,False
867498,FOCIT26SEP34800CE,FOCIT,24SEP2026,3480000.000000,45,OPTIDX,BFO,5.000000,1350,False
867734,JSWSTEEL26OCT1380CE,JSWSTEEL,29OCT2026,138000.000000,675,OPTSTK,BFO,5.000000,40500,False
867755,RVNL26OCT230CE,RVNL,29OCT2026,23000.000000,1925,OPTSTK,BFO,5.000000,100000000,False
867766,LAURUSLABS26OCT1860PE,LAURUSLABS,29OCT2026,186000.000000,850,OPTSTK,BFO,5.000000,68000,False
867784,KAYNES26OCT3650PE,KAYNES,29OCT2026,365000.000000,150,OPTSTK,BFO,5.000000,100000000,False
847154,PRESTIGE26SEP1460CE,PRESTIGE,24SEP2026,146000.000000,450,OPTSTK,BFO,5.000000,100000000,False
847157,SUPREMEIND26SEP3300CE,SUPREMEIND,24SEP2026,330000.000000,175,OPTSTK,BFO,5.000000,100000000,False
847158,GODREJPROP26SEP1720PE,GODREJPROP,24SEP2026,172000.000000,325,OPTSTK,BFO,5.000000,19000,False
847159,360ONE26SEP1200PE,,24SEP2026,120000.000000,500,OPTSTK,BFO,5.000000,100000000,False
867504,ABB26OCT6700PE,ABB,29OCT2026,670000.000000,125,OPTSTK,BFO,5.000000,7500,False
867516,DMART26OCT3850CE,DMART,29OCT2026,385000.000000,150,OPTSTK,BFO,5.000000,100000000,False
867541,JIOFIN26OCT260PE,JIOFIN,29OCT2026,26000.000000,2350,OPTSTK,BFO,5.000000,100000000,False
867551,BANKEX26OCT69900CE,BANKEX,29OCT2026,6990000.000000,30,OPTIDX,BFO,5.000000,900,False
867793,ASTRAL26OCT1540PE,ASTRAL,29OCT2026,154000.000000,425,OPTSTK,BFO,5.000000,14680,False
867799,KEI26OCT5500CE,KEI,29OCT2026,550000.000000,175,OPTSTK,BFO,5.000000,100000000,False
867802,SUNPHARMA26OCT1900PE,SUNPHARMA,29OCT2026,190000.000000,350,OPTSTK,BFO,5.000000,28000,False
867809,SENSEX26OCT82600PE,SENSEX,29OCT2026,8260000.000000,20,OPTIDX,BFO,5.000000,1000,False
847161,PFC26SEP445PE,PFC,24SEP2026,44500.000000,1300,OPTSTK,BFO,5.000000,124000,False
847171,SAIL26SEP167.5PE,SAIL,24SEP2026,16750.000000,4700,OPTSTK,BFO,5.000000,320000,False
847179,NTPC26SEP367.5PE,NTPC,24SEP2026,36750.000000,1500,OPTSTK,BFO,5.000000,150000,False
847189,VBL26SEP495CE,VBL,24SEP2026,49500.000000,1275,OPTSTK,BFO,5.000000,100000000,False
867559,FOCIT26OCT36200PE,FOCIT,29OCT2026,3620000.000000,45,OPTIDX,BFO,5.000000,1350,False
867569,PRESTIGE26OCT1480PE,PRESTIGE,29OCT2026,148000.000000,450,OPTSTK,BFO,5.000000,100000000,False
867572,BLUESTARCO26OCT1560CE,BLUESTARCO,29OCT2026,156000.000000,325,OPTSTK,BFO,5.000000,100000000,False
867574,SENSEX26OCT82300CE,SENSEX,29OCT2026,8230000.000000,20,OPTIDX,BFO,5.000000,1000,False
867815,NBCC26OCT100PE,NBCC,29OCT2026,10000.000000,6500,OPTSTK,BFO,5.000000,100000000,False
867818,FEDERALBNK26OCT335PE,FEDERALBNK,29OCT2026,33500.000000,2500,OPTSTK,BFO,5.000000,200000,False
867819,TIINDIA26OCT2850PE,TIINDIA,29OCT2026,285000.000000,200,OPTSTK,BFO,5.000000,100000000,False
867826,TRENT26OCT3000PE,TRENT,29OCT2026,300000.000000,225,OPTSTK,BFO,5.000000,16000,False
889049,SENSEX26O0878000CE,SENSEX,08OCT2026,7800000.000000,20,OPTIDX,BFO,5.000000,1000,False
889090,SENSEX26O0878200CE,SENSEX,08OCT2026,7820000.000000,20,OPTIDX,BFO,5.000000,1000,False
889103,SENSEX26O0884500CE,SENSEX,08OCT2026,8450000.000000,20,OPTIDX,BFO,5.000000,1000,False
889123,SENSEX26O0876100CE,SENSEX,08OCT2026,7610000.000000,20,OPTIDX,BFO,5.000000,1000,False
867583,POLICYBZR26OCT1580PE,POLICYBZR,29OCT2026,158000.000000,350,OPTSTK,BFO,5.000000,100000000,False
867590,HINDZINC26OCT550PE,HINDZINC,29OCT2026,55000.000000,1225,OPTSTK,BFO,5.000000,100000000,False
867620,INDIANB26OCT800CE,INDIANB,29OCT2026,80000.000000,1000,OPTSTK,BFO,5.000000,100000000,False
867637,AMBER26OCT7400CE,AMBER,29OCT2026,740000.000000,100,OPTSTK,BFO,5.000000,100000000,False
889127,SENSEX26O0883100PE,SENSEX,08OCT2026,8310000.000000,20,OPTIDX,BFO,5.000000,1000,False
889135,DIXON26OCT16500CE,DIXON,29OCT2026,1650000.000000,50,OPTSTK,BFO,5.000000,6000,False
889150,SENSEX26O0871000PE,SENSEX,08OCT2026,7100000.000000,20,OPTIDX,BFO,5.000000,1000,False
889172,SENSEX26O0872000PE,SENSEX,08OCT2026,7200000.000000,20,OPTIDX,BFO,5.000000,1000,False
847192,ANGELONE26SEP345PE,ANGELONE,24SEP2026,34500.000000,2500,OPTSTK,BFO,5.000000,100000000,False
847196,RBLBANK26SEP360PE,RBLBANK,24SEP2026,36000.000000,3175,OPTSTK,BFO,5.000000,150000,False
847208,GODFRYPHLP26SEP2320PE,GODFRYPHLP,24SEP2026,232000.000000,275,OPTSTK,BFO,5.000000,100000000,False
847221,ASHOKLEY26SEP172.5CE,ASHOKLEY,24SEP2026,17250.000000,5000,OPTSTK,BFO,5.000000,150000,False
867837,TECHM26OCT1660PE,TECHM,29OCT2026,166000.000000,600,OPTSTK,BFO,5.000000,24000,False
867865,LTM26OCT4550PE,LTM,29OCT2026,455000.000000,150,OPTSTK,BFO,5.000000,4500,False
867886,GODFRYPHLP26OCT2300CE,GODFRYPHLP,29OCT2026,230000.000000,275,OPTSTK,BFO,5.000000,100000000,False
867896,DMART26OCTFUT,DMART,29OCT2026,0.000000,150,FUTSTK,BFO,5.000000,100000000,False
889175,SENSEX26O0874300PE,SENSEX,08OCT2026,7430000.000000,20,OPTIDX,BFO,5.000000,1000,False
889188,SENSEX26O0882900PE,SENSEX,08OCT2026,8290000.000000,20,OPTIDX,BFO,5.000000,1000,False
889191,SENSEX26O0874200CE,SENSEX,08OCT2026,7420000.000000,20,OPTIDX,BFO,5.000000,1000,False
889198,SUPREMEIND26SEP4000CE,SUPREMEIND,24SEP2026,400000.000000,175,OPTSTK,BFO,5.000000,100000000,False
867639,BANKEX26OCT59300PE,BANKEX,29OCT2026,5930000.000000,30,OPTIDX,BFO,5.000000,900,False
867644,SWIGGY26SEP330PE,SWIGGY,24SEP2026,33000.000000,1825,OPTSTK,BFO,5.000000,100000000,False
867662,PRESTIGE26OCT1700CE,PRESTIGE,29OCT2026,170000.000000,450,OPTSTK,BFO,5.000000,100000000,False
867665,OIL26OCT425CE,OIL,29OCT2026,42500.000000,1400,OPTSTK,BFO,5.000000,100000000,False
867914,TATAELXSI26OCT3950CE,TATAELXSI,29OCT2026,395000.000000,125,OPTSTK,BFO,5.000000,100000000,False
867916,CIPLA26OCT1500CE,CIPLA,29OCT2026,150000.000000,425,OPTSTK,BFO,5.000000,26000,False
867918,NTPC26OCT320CE,NTPC,29OCT2026,32000.000000,1500,OPTSTK,BFO,5.000000,150000,False
867929,IOC26OCT135PE,IOC,29OCT2026,13500.000000,4875,OPTSTK,BFO,5.000000,292500,False
847222,ADANIGREEN26SEP1520CE,ADANIGREEN,24SEP2026,152000.000000,600,OPTSTK,BFO,5.000000,100000000,False
847234,MARUTI26SEP13600CE,MARUTI,24SEP2026,1360000.000000,50,OPTSTK,BFO,5.000000,3000,False
847248,SBIN26SEP1070PE,SBIN,24SEP2026,107000.000000,750,OPTSTK,BFO,5.000000,45000,False
847272,VMM26SEP121PE,VMM,24SEP2026,12100.000000,4850,OPTSTK,BFO,5.000000,100000000,False
889201,SENSEX26O0872800CE,SENSEX,08OCT2026,7280000.000000,20,OPTIDX,BFO,5.000000,1000,False
889229,SENSEX26O0880800PE,SENSEX,08OCT2026,8080000.000000,20,OPTIDX,BFO,5.000000,1000,False
889234,BAJAJ-AUTO26SEP12500PE,BAJAJ-AUTO,24SEP2026,1250000.000000,75,OPTSTK,BFO,5.000000,5000,False
889273,ETERNAL26OCT360PE,ETERNAL,29OCT2026,36000.000000,2425,OPTSTK,BFO,5.000000,100000000,False
867671,SENSEX26OCT74000PE,SENSEX,29OCT2026,7400000.000000,20,OPTIDX,BFO,5.000000,1000,False
867686,SBILIFE26OCT1780PE,SBILIFE,29OCT2026,178000.000000,375,OPTSTK,BFO,5.000000,22500,False
867690,360ONE26OCT1120PE,,29OCT2026,112000.000000,500,OPTSTK,BFO,5.000000,100000000,False
867696,FORCEMOT26OCT17000PE,FORCEMOT,29OCT2026,1700000.000000,25,OPTSTK,BFO,5.000000,100000000,False
867937,NAM-INDIA26OCT1220CE,NAM-INDIA,29OCT2026,122000.000000,625,OPTSTK,BFO,5.000000,100000000,False
867938,FOCIT26OCT42400CE,FOCIT,29OCT2026,4240000.000000,45,OPTIDX,BFO,5.000000,1350,False
867999,SENSEX26OCT75000PE,SENSEX,29OCT2026,7500000.000000,20,OPTIDX,BFO,5.000000,1000,False
868002,PREMIERENE26OCT860CE,PREMIERENE,29OCT2026,86000.000000,650,OPTSTK,BFO,5.000000,100000000,False
847284,CAMS26SEP830PE,CAMS,24SEP2026,83000.000000,825,OPTSTK,BFO,5.000000,100000000,False
847326,MFSL26SEP1740PE,MFSL,24SEP2026,174000.000000,400,OPTSTK,BFO,5.000000,32000,False
847336,KFINTECH26SEP910PE,KFINTECH,24SEP2026,91000.000000,575,OPTSTK,BFO,5.000000,100000000,False
847343,PREMIERENE26SEP1110CE,PREMIERENE,24SEP2026,111000.000000,650,OPTSTK,BFO,5.000000,100000000,False
889287,SENSEX26O0876900CE,SENSEX,08OCT2026,7690000.000000,20,OPTIDX,BFO,5.000000,1000,False
889294,COFORGE26OCT2000PE,COFORGE,29OCT2026,200000.000000,475,OPTSTK,BFO,5.000000,6000,False
889302,SENSEX26O0874000PE,SENSEX,08OCT2026,7400000.000000,20,OPTIDX,BFO,5.000000,1000,False
889335,SENSEX26O0882500CE,SENSEX,08OCT2026,8250000.000000,20,OPTIDX,BFO,5.000000,1000,False
867697,SRF26OCT2550PE,SRF,29OCT2026,255000.000000,200,OPTSTK,BFO,5.000000,11250,False
867698,MCX26OCTFUT,MCX,29OCT2026,0.000000,225,FUTSTK,BFO,5.000000,16000,False
867709,BANKEX26OCT67000PE,BANKEX,29OCT2026,6700000.000000,30,OPTIDX,BFO,5.000000,900,False
867717,BPCL26OCT315PE,BPCL,29OCT2026,31500.000000,1975,OPTSTK,BFO,5.000000,72000,False
847352,JUBLFOOD26SEP450CE,JUBLFOOD,24SEP2026,45000.000000,1250,OPTSTK,BFO,5.000000,50000,False
847362,AUBANK26SEP1030CE,AUBANK,24SEP2026,103000.000000,1000,OPTSTK,BFO,5.000000,30000,False
847363,MPHASIS26SEP2098PE,MPHASIS,24SEP2026,209800.000000,275,OPTSTK,BFO,5.000000,11000,False
847370,CAMS26SEP740PE,CAMS,24SEP2026,74000.000000,825,OPTSTK,BFO,5.000000,100000000,False
867723,PGEL26OCT600CE,PGEL,29OCT2026,60000.000000,950,OPTSTK,BFO,5.000000,100000000,False
867724,SENSEX2691781800PE,SENSEX,17SEP2026,8180000.000000,20,OPTIDX,BFO,5.000000,1000,False
867731,MAXHEALTH26OCT1190CE,MAXHEALTH,29OCT2026,119000.000000,525,OPTSTK,BFO,5.000000,100000000,False
867737,HDFCLIFE26OCT545PE,HDFCLIFE,29OCT2026,54500.000000,1100,OPTSTK,BFO,5.000000,44000,False
847386,BLUESTARCO26SEP1780PE,BLUESTARCO,24SEP2026,178000.000000,325,OPTSTK,BFO,5.000000,100000000,False
847389,BPCL26SEP315CE,BPCL,24SEP2026,31500.000000,1975,OPTSTK,BFO,5.000000,72000,False
847396,COLPAL26SEP1920PE,COLPAL,24SEP2026,192000.000000,275,OPTSTK,BFO,5.000000,14000,False
847397,VEDL26SEP210CE,VEDL,24SEP2026,21000.000000,1150,OPTSTK,BFO,5.000000,80000,False
867767,VMM26OCT110CE,VMM,29OCT2026,11000.000000,4850,OPTSTK,BFO,5.000000,100000000,False
867769,HDFCBANK26OCT750PE,HDFCBANK,29OCT2026,75000.000000,650,OPTSTK,BFO,5.000000,16500,False
867770,LICHSGFIN26OCT520PE,LICHSGFIN,29OCT2026,52000.000000,1000,OPTSTK,BFO,5.000000,60000,False
867780,LUPIN26OCTFUT,LUPIN,29OCT2026,0.000000,425,FUTSTK,BFO,5.000000,34000,False
868011,PREMIERENE26OCT1100CE,PREMIERENE,29OCT2026,110000.000000,650,OPTSTK,BFO,5.000000,100000000,False
868015,INDUSTOWER26OCT386PE,INDUSTOWER,29OCT2026,38600.000000,1700,OPTSTK,BFO,5.000000,170000,False
868031,LUPIN26OCT2340CE,LUPIN,29OCT2026,234000.000000,425,OPTSTK,BFO,5.000000,34000,False
868055,ADANIENSOL26OCT1600PE,ADANIENSOL,29OCT2026,160000.000000,675,OPTSTK,BFO,5.000000,100000000,False
889346,SENSEX26O0876500PE,SENSEX,08OCT2026,7650000.000000,20,OPTIDX,BFO,5.000000,1000,False
889351,SENSEX26O0877200CE,SENSEX,08OCT2026,7720000.000000,20,OPTIDX,BFO,5.000000,1000,False
889359,SENSEX26O0873500CE,SENSEX,08OCT2026,7350000.000000,20,OPTIDX,BFO,5.000000,1000,False
889360,SENSEX26O0875800CE,SENSEX,08OCT2026,7580000.000000,20,OPTIDX,BFO,5.000000,1000,False
889380,SENSEX26O0879800PE,SENSEX,08OCT2026,7980000.000000,20,OPTIDX,BFO,5.000000,1000,False
889386,SENSEX26O0880400CE,SENSEX,08OCT2026,8040000.000000,20,OPTIDX,BFO,5.000000,1000,False
889414,SENSEX26O0883700CE,SENSEX,08OCT2026,8370000.000000,20,OPTIDX,BFO,5.000000,1000,False
889428,SRF26OCT2200CE,SRF,29OCT2026,220000.000000,200,OPTSTK,BFO,5.000000,11250,False
847400,ICICIGI26SEP1820CE,ICICIGI,24SEP2026,182000.000000,325,OPTSTK,BFO,5.000000,20000,False
847415,TATAELXSI26SEP3950PE,TATAELXSI,24SEP2026,395000.000000,125,OPTSTK,BFO,5.000000,100000000,False
847422,ASHOKLEY26SEP177.5CE,ASHOKLEY,24SEP2026,17750.000000,5000,OPTSTK,BFO,5.000000,150000,False
847425,HINDUNILVR26SEP2260PE,HINDUNILVR,24SEP2026,226000.000000,300,OPTSTK,BFO,5.000000,9000,False
867782,APOLLOHOSP26OCT8300CE,APOLLOHOSP,29OCT2026,830000.000000,125,OPTSTK,BFO,5.000000,5000,False
867787,SENSEX26OCT75600CE,SENSEX,29OCT2026,7560000.000000,20,OPTIDX,BFO,5.000000,1000,False
867794,SENSEX26OCT77900CE,SENSEX,29OCT2026,7790000.000000,20,OPTIDX,BFO,5.000000,1000,False
867811,ZYDUSLIFE26OCTFUT,ZYDUSLIFE,29OCT2026,0.000000,900,FUTSTK,BFO,5.000000,54000,False
889468,SENSEX26O0879300PE,SENSEX,08OCT2026,7930000.000000,20,OPTIDX,BFO,5.000000,1000,False
889485,BAJAJ-AUTO26OCT12500PE,BAJAJ-AUTO,29OCT2026,1250000.000000,75,OPTSTK,BFO,5.000000,5000,False
889486,SENSEX26O0875500CE,SENSEX,08OCT2026,7550000.000000,20,OPTIDX,BFO,5.000000,1000,False
889573,UNITDSPR26OCT1700PE,UNITDSPR,29OCT2026,170000.000000,400,OPTSTK,BFO,5.000000,28000,False
847430,LUPIN26SEP2420CE,LUPIN,24SEP2026,242000.000000,425,OPTSTK,BFO,5.000000,34000,False
847450,ABCAPITAL26SEP375PE,ABCAPITAL,24SEP2026,37500.000000,3100,OPTSTK,BFO,5.000000,162000,False
847452,NAM-INDIA26SEP1060PE,NAM-INDIA,24SEP2026,106000.000000,625,OPTSTK,BFO,5.000000,100000000,False
847453,VMM26SEP114CE,VMM,24SEP2026,11400.000000,4850,OPTSTK,BFO,5.000000,100000000,False
867822,BANKEX26OCT61900PE,BANKEX,29OCT2026,6190000.000000,30,OPTIDX,BFO,5.000000,900,False
867827,FOCIT26OCT38400CE,FOCIT,29OCT2026,3840000.000000,45,OPTIDX,BFO,5.000000,1350,False
867846,SRF26OCT2450CE,SRF,29OCT2026,245000.000000,200,OPTSTK,BFO,5.000000,11250,False
867853,VEDL26OCT305PE,VEDL,29OCT2026,30500.000000,1150,OPTSTK,BFO,5.000000,80000,False
868092,PFC26OCT410CE,PFC,29OCT2026,41000.000000,1300,OPTSTK,BFO,5.000000,124000,False
868114,NATIONALUM26OCT420CE,NATIONALUM,29OCT2026,42000.000000,1875,OPTSTK,BFO,5.000000,300000,False
868122,HYUNDAI26OCT2160CE,HYUNDAI,29OCT2026,216000.000000,275,OPTSTK,BFO,5.000000,100000000,False
868212,TATASTEEL26OCT200CE,TATASTEEL,29OCT2026,20000.000000,2750,OPTSTK,BFO,5.000000,220000,False
889591,MCX26OCT3500PE,MCX,29OCT2026,350000.000000,225,OPTSTK,BFO,5.000000,16000,False
889628,NAM-INDIA26SEP1400CE,NAM-INDIA,24SEP2026,140000.000000,625,OPTSTK,BFO,5.000000,100000000,False
889629,RECLTD26OCT290CE,RECLTD,29OCT2026,29000.000000,1575,OPTSTK,BFO,5.000000,160000,False
889644,MOTILALOFS26OCT1140CE,MOTILALOFS,29OCT2026,114000.000000,775,OPTSTK,BFO,5.000000,100000000,False
847475,ASHOKLEY26SEP145CE,ASHOKLEY,24SEP2026,14500.000000,5000,OPTSTK,BFO,5.000000,150000,False
847482,PREMIERENE26SEP1100PE,PREMIERENE,24SEP2026,110000.000000,650,OPTSTK,BFO,5.000000,100000000,False
847489,NAUKRI26SEP970CE,NAUKRI,24SEP2026,97000.000000,550,OPTSTK,BFO,5.000000,6000,False
847494,BHARATFORG26SEP2120CE,BHARATFORG,24SEP2026,212000.000000,500,OPTSTK,BFO,5.000000,30000,False
867869,AUBANK26OCT1120PE,AUBANK,29OCT2026,112000.000000,1000,OPTSTK,BFO,5.000000,30000,False
867876,UNOMINDA26OCT1200PE,UNOMINDA,29OCT2026,120000.000000,550,OPTSTK,BFO,5.000000,100000000,False
867881,IDFCFIRSTB26OCT89CE,IDFCFIRSTB,29OCT2026,8900.000000,9275,OPTSTK,BFO,5.000000,450000,False
867884,GODREJPROP26OCT2080PE,GODREJPROP,29OCT2026,208000.000000,325,OPTSTK,BFO,5.000000,19000,False
868213,ADANIPOWER26OCT220PE,ADANIPOWER,29OCT2026,22000.000000,3550,OPTSTK,BFO,5.000000,100000000,False
868228,TVSMOTOR26OCT4100CE,TVSMOTOR,29OCT2026,410000.000000,175,OPTSTK,BFO,5.000000,21000,False
868229,VBL26OCT400PE,VBL,29OCT2026,40000.000000,1275,OPTSTK,BFO,5.000000,100000000,False
868245,IRFC26OCT92PE,IRFC,29OCT2026,9200.000000,5425,OPTSTK,BFO,5.000000,100000000,False
889672,MCX26OCT3550CE,MCX,29OCT2026,355000.000000,225,OPTSTK,BFO,5.000000,16000,False
889687,CDSL26SEP1740CE,CDSL,29SEP2026,174000.000000,475,OPTSTK,BFO,5.000000,14001,False
889696,CDSL26SEP2000PE,CDSL,29SEP2026,200000.000000,475,OPTSTK,BFO,5.000000,14001,False
889716,MAXHEALTH26SEP920PE,MAXHEALTH,24SEP2026,92000.000000,525,OPTSTK,BFO,5.000000,100000000,False
867895,AMBUJACEM26OCT425PE,AMBUJACEM,29OCT2026,42500.000000,1200,OPTSTK,BFO,5.000000,54000,False
867925,INOXWIND26OCT57.5PE,INOXWIND,29OCT2026,5750.000000,6400,OPTSTK,BFO,5.000000,100000000,False
867926,HAL26OCT4850CE,HAL,29OCT2026,485000.000000,150,OPTSTK,BFO,5.000000,9000,False
867931,INDUSINDBK26OCT950CE,INDUSINDBK,29OCT2026,95000.000000,700,OPTSTK,BFO,5.000000,20000,False
889730,SHREECEM26SEP22250CE,SHREECEM,24SEP2026,2225000.000000,25,OPTSTK,BFO,5.000000,1000,False
889766,SAIL26OCT197.5CE,SAIL,29OCT2026,19750.000000,4700,OPTSTK,BFO,5.000000,320000,False
889773,SENSEX26O0870400PE,SENSEX,08OCT2026,7040000.000000,20,OPTIDX,BFO,5.000000,1000,False
889782,ALKEM26OCT5000CE,ALKEM,29OCT2026,500000.000000,125,OPTSTK,BFO,5.000000,8000,False
847510,ABB26SEP6650CE,ABB,24SEP2026,665000.000000,125,OPTSTK,BFO,5.000000,7500,False
847519,CHOLAFIN26SEP1700PE,CHOLAFIN,24SEP2026,170000.000000,625,OPTSTK,BFO,5.000000,25000,False
847529,PATANJALI26SEP430CE,PATANJALI,24SEP2026,43000.000000,1075,OPTSTK,BFO,5.000000,100000000,False
847539,APOLLOHOSP26SEP8600CE,APOLLOHOSP,24SEP2026,860000.000000,125,OPTSTK,BFO,5.000000,5000,False
868250,BANKEX26OCT71800CE,BANKEX,29OCT2026,7180000.000000,30,OPTIDX,BFO,5.000000,900,False
868251,MAZDOCK26OCT2300PE,MAZDOCK,29OCT2026,230000.000000,225,OPTSTK,BFO,5.000000,100000000,False
868273,ADANIPOWER26OCTFUT,ADANIPOWER,29OCT2026,0.000000,3550,FUTSTK,BFO,5.000000,100000000,False
868274,CAMS26OCT820CE,CAMS,29OCT2026,82000.000000,825,OPTSTK,BFO,5.000000,100000000,False
889831,RVNL26OCT185CE,RVNL,29OCT2026,18500.000000,1925,OPTSTK,BFO,5.000000,100000000,False
889836,RVNL26OCT185PE,RVNL,29OCT2026,18500.000000,1925,OPTSTK,BFO,5.000000,100000000,False
889847,MCX26OCT3600CE,MCX,29OCT2026,360000.000000,225,OPTSTK,BFO,5.000000,16000,False
889887,PAYTM26OCT1860CE,PAYTM,29OCT2026,186000.000000,725,OPTSTK,BFO,5.000000,100000000,False
867946,NHPC26OCT80PE,NHPC,29OCT2026,8000.000000,6950,OPTSTK,BFO,5.000000,100000000,False
868009,SENSEX26OCT79600PE,SENSEX,29OCT2026,7960000.000000,20,OPTIDX,BFO,5.000000,1000,False
868020,PHOENIXLTD26OCTFUT,PHOENIXLTD,29OCT2026,0.000000,350,FUTSTK,BFO,5.000000,100000000,False
868026,PNBHOUSING26OCT960CE,PNBHOUSING,29OCT2026,96000.000000,650,OPTSTK,BFO,5.000000,100000000,False
847547,BHARATFORG26SEP2040PE,BHARATFORG,24SEP2026,204000.000000,500,OPTSTK,BFO,5.000000,30000,False
847551,KFINTECH26SEP880CE,KFINTECH,24SEP2026,88000.000000,575,OPTSTK,BFO,5.000000,100000000,False
847555,PAYTM26SEP1100CE,PAYTM,24SEP2026,110000.000000,725,OPTSTK,BFO,5.000000,100000000,False
847559,MUTHOOTFIN26SEP3250CE,MUTHOOTFIN,24SEP2026,325000.000000,275,OPTSTK,BFO,5.000000,22000,False
889902,DIVISLAB26SEP9400PE,DIVISLAB,24SEP2026,940000.000000,100,OPTSTK,BFO,5.000000,8000,False
889916,LUPIN26SEP2040CE,LUPIN,24SEP2026,204000.000000,425,OPTSTK,BFO,5.000000,34000,False
889927,ADANIENT26OCT3450CE,ADANIENT,29OCT2026,345000.000000,309,OPTSTK,BFO,5.000000,9000,False
889931,COFORGE26SEP2040CE,COFORGE,24SEP2026,204000.000000,475,OPTSTK,BFO,5.000000,6000,False
868294,MOTILALOFS26OCT880CE,MOTILALOFS,29OCT2026,88000.000000,775,OPTSTK,BFO,5.000000,100000000,False
868304,SENSEX2691772700CE,SENSEX,17SEP2026,7270000.000000,20,OPTIDX,BFO,5.000000,1000,False
868312,COFORGE26OCT1700CE,COFORGE,29OCT2026,170000.000000,475,OPTSTK,BFO,5.000000,6000,False
868318,MAZDOCK26OCTFUT,MAZDOCK,29OCT2026,0.000000,225,FUTSTK,BFO,5.000000,100000000,False
868032,INDUSTOWER26OCT391CE,INDUSTOWER,29OCT2026,39100.000000,1700,OPTSTK,BFO,5.000000,170000,False
868040,FOCIT26SEP32700CE,FOCIT,24SEP2026,3270000.000000,45,OPTIDX,BFO,5.000000,1350,False
868058,POLYCAB26OCT9200PE,POLYCAB,29OCT2026,920000.000000,125,OPTSTK,BFO,5.000000,9000,False
868059,SENSEX26OCT71300PE,SENSEX,29OCT2026,7130000.000000,20,OPTIDX,BFO,5.000000,1000,False
847569,CROMPTON26SEP275PE,CROMPTON,24SEP2026,27500.000000,2150,OPTSTK,BFO,5.000000,90000,False
847577,SENSEX5026SEP25250PE,SENSEX50,24SEP2026,2525000.000000,75,OPTIDX,BFO,5.000000,1800,False
847578,FORCEMOT26SEP21500PE,FORCEMOT,24SEP2026,2150000.000000,25,OPTSTK,BFO,5.000000,100000000,False
847586,UNITDSPR26SEP1390PE,UNITDSPR,24SEP2026,139000.000000,400,OPTSTK,BFO,5.000000,28000,False
889941,LUPIN26SEP2040PE,LUPIN,24SEP2026,204000.000000,425,OPTSTK,BFO,5.000000,34000,False
889952,COFORGE26OCT2040CE,COFORGE,29OCT2026,204000.000000,475,OPTSTK,BFO,5.000000,6000,False
889961,DIXON26SEP16750CE,DIXON,24SEP2026,1675000.000000,50,OPTSTK,BFO,5.000000,6000,False
889963,SAIL26OCT200CE,SAIL,29OCT2026,20000.000000,4700,OPTSTK,BFO,5.000000,320000,False
868323,ALKEM26OCT5850PE,ALKEM,29OCT2026,585000.000000,125,OPTSTK,BFO,5.000000,8000,False
868325,HAL26OCT4250PE,HAL,29OCT2026,425000.000000,150,OPTSTK,BFO,5.000000,9000,False
868330,COALINDIA26OCT425CE,COALINDIA,29OCT2026,42500.000000,1350,OPTSTK,BFO,5.000000,126000,False
868346,BHARTIARTL26OCT1980CE,BHARTIARTL,29OCT2026,198000.000000,475,OPTSTK,BFO,5.000000,28500,False
868063,FOCIT26SEP44100CE,FOCIT,24SEP2026,4410000.000000,45,OPTIDX,BFO,5.000000,1350,False
868068,SENSEX26OCT75900PE,SENSEX,29OCT2026,7590000.000000,20,OPTIDX,BFO,5.000000,1000,False
868069,ICICIGI26OCT1660PE,ICICIGI,29OCT2026,166000.000000,325,OPTSTK,BFO,5.000000,20000,False
868085,BANKINDIA26OCT127.5CE,BANKINDIA,29OCT2026,12750.000000,5200,OPTSTK,BFO,5.000000,100000000,False
847615,PNB26SEP115CE,PNB,24SEP2026,11500.000000,8000,OPTSTK,BFO,5.000000,480000,False
847630,LTM26SEP3400PE,LTM,24SEP2026,340000.000000,150,OPTSTK,BFO,5.000000,4500,False
847648,BANKEX26SEP59700CE,BANKEX,24SEP2026,5970000.000000,30,OPTIDX,BFO,5.000000,900,False
847653,NBCC26SEP109PE,NBCC,24SEP2026,10900.000000,6500,OPTSTK,BFO,5.000000,100000000,False
868139,FOCIT26OCT36400PE,FOCIT,29OCT2026,3640000.000000,45,OPTIDX,BFO,5.000000,1350,False
868140,UNITDSPR26OCT1560PE,UNITDSPR,29OCT2026,156000.000000,400,OPTSTK,BFO,5.000000,28000,False
868173,COCHINSHIP26OCT1520CE,COCHINSHIP,29OCT2026,152000.000000,400,OPTSTK,BFO,5.000000,100000000,False
868180,BANDHANBNK26OCT180PE,BANDHANBNK,29OCT2026,18000.000000,3600,OPTSTK,BFO,5.000000,100000,False
868348,SUPREMEIND26OCT3500PE,SUPREMEIND,29OCT2026,350000.000000,175,OPTSTK,BFO,5.000000,100000000,False
868361,VBL26OCT460CE,VBL,29OCT2026,46000.000000,1275,OPTSTK,BFO,5.000000,100000000,False
868378,SENSEX2691782700CE,SENSEX,17SEP2026,8270000.000000,20,OPTIDX,BFO,5.000000,1000,False
868379,KAYNES26OCT3850PE,KAYNES,29OCT2026,385000.000000,150,OPTSTK,BFO,5.000000,100000000,False
847658,SRF26SEP2660CE,SRF,24SEP2026,266000.000000,200,OPTSTK,BFO,5.000000,11250,False
847681,LICI26SEP410CE,LICI,24SEP2026,41000.000000,1400,OPTSTK,BFO,5.000000,100000000,False
847683,JSWENERGY26SEP550CE,JSWENERGY,24SEP2026,55000.000000,1075,OPTSTK,BFO,5.000000,100000000,False
847689,BRITANNIA26SEP5450CE,BRITANNIA,24SEP2026,545000.000000,125,OPTSTK,BFO,5.000000,6000,False
868182,RECLTD26OCT370CE,RECLTD,29OCT2026,37000.000000,1575,OPTSTK,BFO,5.000000,160000,False
868187,SONACOMS26OCT790PE,SONACOMS,29OCT2026,79000.000000,1225,OPTSTK,BFO,5.000000,100000000,False
868197,BHARATFORG26OCT2120PE,BHARATFORG,29OCT2026,212000.000000,500,OPTSTK,BFO,5.000000,30000,False
868217,HAL26OCT4500PE,HAL,29OCT2026,450000.000000,150,OPTSTK,BFO,5.000000,9000,False
889994,SENSEX26O0884600CE,SENSEX,08OCT2026,8460000.000000,20,OPTIDX,BFO,5.000000,1000,False
868393,GODREJCP26OCT1010CE,GODREJCP,29OCT2026,101000.000000,500,OPTSTK,BFO,5.000000,30000,False
868396,SWIGGY26OCT305PE,SWIGGY,29OCT2026,30500.000000,1825,OPTSTK,BFO,5.000000,100000000,False
868400,PNBHOUSING26OCT1180CE,PNBHOUSING,29OCT2026,118000.000000,650,OPTSTK,BFO,5.000000,100000000,False
868408,SWIGGY26OCT270CE,SWIGGY,29OCT2026,27000.000000,1825,OPTSTK,BFO,5.000000,100000000,False
847713,HINDALCO26SEP940CE,HINDALCO,24SEP2026,94000.000000,700,OPTSTK,BFO,5.000000,56000,False
847724,ADANIENT26SEP3180PE,ADANIENT,24SEP2026,318000.000000,309,OPTSTK,BFO,5.000000,9000,False
847732,OFSS26SEP11500CE,OFSS,24SEP2026,1150000.000000,100,OPTSTK,BFO,5.000000,8000,False
847753,GODREJCP26SEP1010PE,GODREJCP,24SEP2026,101000.000000,500,OPTSTK,BFO,5.000000,30000,False
868413,ADANIPOWER26OCT225PE,ADANIPOWER,29OCT2026,22500.000000,3550,OPTSTK,BFO,5.000000,100000000,False
868428,LT26OCT3600PE,LT,29OCT2026,360000.000000,175,OPTSTK,BFO,5.000000,12000,False
868436,TMPV26OCT310PE,TMPV,29OCT2026,31000.000000,1600,OPTSTK,BFO,5.000000,42750,False
868437,INDIANB26OCT840PE,INDIANB,29OCT2026,84000.000000,1000,OPTSTK,BFO,5.000000,100000000,False
868239,POLYCAB26OCT9100CE,POLYCAB,29OCT2026,910000.000000,125,OPTSTK,BFO,5.000000,9000,False
868259,PNB26OCT111PE,PNB,29OCT2026,11100.000000,8000,OPTSTK,BFO,5.000000,480000,False
868263,RADICO26OCT4150CE,RADICO,29OCT2026,415000.000000,150,OPTSTK,BFO,5.000000,100000000,False
868268,MANAPPURAM26OCT340CE,MANAPPURAM,29OCT2026,34000.000000,3000,OPTSTK,BFO,5.000000,180000,False
847754,BANKEX26SEP61400CE,BANKEX,24SEP2026,6140000.000000,30,OPTIDX,BFO,5.000000,900,False
847774,LODHA26SEP890PE,LODHA,24SEP2026,89000.000000,625,OPTSTK,BFO,5.000000,100000000,False
847777,MANKIND26SEP2520CE,MANKIND,24SEP2026,252000.000000,250,OPTSTK,BFO,5.000000,100000000,False
847784,INFY26SEP970CE,INFY,24SEP2026,97000.000000,400,OPTSTK,BFO,5.000000,16000,False
868462,IRFC26OCT93CE,IRFC,29OCT2026,9300.000000,5425,OPTSTK,BFO,5.000000,100000000,False
868478,IDEA26OCT10PE,IDEA,29OCT2026,1000.000000,71475,OPTSTK,BFO,5.000000,2400000,False
868490,VMM26OCTFUT,VMM,29OCT2026,0.000000,4850,FUTSTK,BFO,5.000000,100000000,False
868498,RADICO26OCT4700PE,RADICO,29OCT2026,470000.000000,150,OPTSTK,BFO,5.000000,100000000,False
847788,NESTLEIND26SEP1370CE,NESTLEIND,24SEP2026,137000.000000,500,OPTSTK,BFO,5.000000,1200,False
847816,COFORGE26SEP1440CE,COFORGE,24SEP2026,144000.000000,475,OPTSTK,BFO,5.000000,6000,False
847830,IRFC26SEP92PE,IRFC,24SEP2026,9200.000000,5425,OPTSTK,BFO,5.000000,100000000,False
847835,UNIONBANK26SEP152.5CE,UNIONBANK,24SEP2026,15250.000000,4425,OPTSTK,BFO,5.000000,100000000,False
868277,PNB26OCT116CE,PNB,29OCT2026,11600.000000,8000,OPTSTK,BFO,5.000000,480000,False
868292,GVT&D26OCT4100CE,GVT&D,29OCT2026,410000.000000,125,OPTSTK,BFO,5.000000,100000000,False
868295,PRESTIGE26OCT1580CE,PRESTIGE,29OCT2026,158000.000000,450,OPTSTK,BFO,5.000000,100000000,False
868298,SBILIFE26OCT1980PE,SBILIFE,29OCT2026,198000.000000,375,OPTSTK,BFO,5.000000,22500,False
868500,NTPC26OCT360CE,NTPC,29OCT2026,36000.000000,1500,OPTSTK,BFO,5.000000,150000,False
868501,SBIN26OCT1090CE,SBIN,29OCT2026,109000.000000,750,OPTSTK,BFO,5.000000,45000,False
868504,NESTLEIND26OCT1530PE,NESTLEIND,29OCT2026,153000.000000,500,OPTSTK,BFO,5.000000,1200,False
868508,INDUSINDBK26OCT990CE,INDUSINDBK,29OCT2026,99000.000000,700,OPTSTK,BFO,5.000000,20000,False
847842,COCHINSHIP26SEP1580PE,COCHINSHIP,24SEP2026,158000.000000,400,OPTSTK,BFO,5.000000,100000000,False
847844,MARUTI26SEP13200PE,MARUTI,24SEP2026,1320000.000000,50,OPTSTK,BFO,5.000000,3000,False
847849,ADANIPOWER26SEP232.5CE,ADANIPOWER,24SEP2026,23250.000000,3550,OPTSTK,BFO,5.000000,100000000,False
847865,SONACOMS26SEP645PE,SONACOMS,24SEP2026,64500.000000,1225,OPTSTK,BFO,5.000000,100000000,False
868300,PIIND26OCT3050CE,PIIND,29OCT2026,305000.000000,175,OPTSTK,BFO,5.000000,7500,False
868315,COALINDIA26OCT420PE,COALINDIA,29OCT2026,42000.000000,1350,OPTSTK,BFO,5.000000,126000,False
868347,SENSEX26OCT84200PE,SENSEX,29OCT2026,8420000.000000,20,OPTIDX,BFO,5.000000,1000,False
868352,NMDC26OCT84PE,NMDC,29OCT2026,8400.000000,6750,OPTSTK,BFO,5.000000,225000,False
868523,PHOENIXLTD26OCT1860CE,PHOENIXLTD,29OCT2026,186000.000000,350,OPTSTK,BFO,5.000000,100000000,False
868526,MARUTI26OCT13500CE,MARUTI,29OCT2026,1350000.000000,50,OPTSTK,BFO,5.000000,3000,False
868530,WIPRO26OCT180CE,WIPRO,29OCT2026,18000.000000,3000,OPTSTK,BFO,5.000000,60000,False
868531,FOCIT26SEP41300PE,FOCIT,24SEP2026,4130000.000000,45,OPTIDX,BFO,5.000000,1350,False
868367,MARICO26OCT870CE,MARICO,29OCT2026,87000.000000,1200,OPTSTK,BFO,5.000000,48000,False
868368,SUZLON26OCT51PE,SUZLON,29OCT2026,5100.000000,12700,OPTSTK,BFO,5.000000,100000000,False
868370,CAMS26OCT730CE,CAMS,29OCT2026,73000.000000,825,OPTSTK,BFO,5.000000,100000000,False
868372,LICI26OCT415PE,LICI,29OCT2026,41500.000000,1400,OPTSTK,BFO,5.000000,100000000,False
847868,JSWENERGY26SEP550PE,JSWENERGY,24SEP2026,55000.000000,1075,OPTSTK,BFO,5.000000,100000000,False
847874,BANKBARODA26SEP285CE,BANKBARODA,24SEP2026,28500.000000,2925,OPTSTK,BFO,5.000000,175500,False
847876,JSWENERGY26SEP555CE,JSWENERGY,24SEP2026,55500.000000,1075,OPTSTK,BFO,5.000000,100000000,False
847879,BANKEX26SEP69100PE,BANKEX,24SEP2026,6910000.000000,30,OPTIDX,BFO,5.000000,900,False
868541,BAJAJ-AUTO26OCT10700PE,BAJAJ-AUTO,29OCT2026,1070000.000000,75,OPTSTK,BFO,5.000000,5000,False
868568,LUPIN26OCT2540CE,LUPIN,29OCT2026,254000.000000,425,OPTSTK,BFO,5.000000,34000,False
868577,DIVISLAB26OCT8500CE,DIVISLAB,29OCT2026,850000.000000,100,OPTSTK,BFO,5.000000,8000,False
868598,AUBANK26OCT1060CE,AUBANK,29OCT2026,106000.000000,1000,OPTSTK,BFO,5.000000,30000,False
847880,PIIND26SEP2740PE,PIIND,24SEP2026,274000.000000,175,OPTSTK,BFO,5.000000,7500,False
847882,ZYDUSLIFE26SEP1060CE,ZYDUSLIFE,24SEP2026,106000.000000,900,OPTSTK,BFO,5.000000,54000,False
847883,GLENMARK26SEP2100PE,GLENMARK,24SEP2026,210000.000000,375,OPTSTK,BFO,5.000000,43500,False
847927,SENSEX5026SEP25700PE,SENSEX50,24SEP2026,2570000.000000,75,OPTIDX,BFO,5.000000,1800,False
868386,ITC26OCT290CE,ITC,29OCT2026,29000.000000,1725,OPTSTK,BFO,5.000000,64000,False
868390,FOCIT26SEP40700PE,FOCIT,24SEP2026,4070000.000000,45,OPTIDX,BFO,5.000000,1350,False
868391,SENSEX26OCT80500PE,SENSEX,29OCT2026,8050000.000000,20,OPTIDX,BFO,5.000000,1000,False
868403,TIINDIA26OCT3000PE,TIINDIA,29OCT2026,300000.000000,200,OPTSTK,BFO,5.000000,100000000,False
868603,TCS26OCT2340PE,TCS,29OCT2026,234000.000000,225,OPTSTK,BFO,5.000000,7000,False
868607,AMBER26OCT7900PE,AMBER,29OCT2026,790000.000000,100,OPTSTK,BFO,5.000000,100000000,False
868617,M&M26OCT3500CE,M&M,29OCT2026,350000.000000,200,OPTSTK,BFO,5.000000,21000,False
868625,BDL26OCT1180CE,BDL,29OCT2026,118000.000000,425,OPTSTK,BFO,5.000000,100000000,False
847935,GRASIM26SEP3040CE,GRASIM,24SEP2026,304000.000000,250,OPTSTK,BFO,5.000000,14250,False
847946,KAYNES26SEP3400CE,KAYNES,24SEP2026,340000.000000,150,OPTSTK,BFO,5.000000,100000000,False
847953,JUBLFOOD26SEPFUT,JUBLFOOD,24SEP2026,0.000000,1250,FUTSTK,BFO,5.000000,50000,False
847954,OIL26SEP440CE,OIL,24SEP2026,44000.000000,1400,OPTSTK,BFO,5.000000,100000000,False
868407,HEROMOTOCO26OCT5800CE,HEROMOTOCO,29OCT2026,580000.000000,150,OPTSTK,BFO,5.000000,9000,False
868415,MCX26OCT2500PE,MCX,29OCT2026,250000.000000,225,OPTSTK,BFO,5.000000,16000,False
868435,TORNTPHARM26OCT5050CE,TORNTPHARM,29OCT2026,505000.000000,125,OPTSTK,BFO,5.000000,15000,False
868443,SENSEX26OCT81200CE,SENSEX,29OCT2026,8120000.000000,20,OPTIDX,BFO,5.000000,1000,False
868630,INDHOTEL26OCT720CE,INDHOTEL,29OCT2026,72000.000000,1000,OPTSTK,BFO,5.000000,60000,False
868643,HYUNDAI26OCT1900CE,HYUNDAI,29OCT2026,190000.000000,275,OPTSTK,BFO,5.000000,100000000,False
868649,ZYDUSLIFE26OCT1060PE,ZYDUSLIFE,29OCT2026,106000.000000,900,OPTSTK,BFO,5.000000,54000,False
868657,FOCIT26OCT38900PE,FOCIT,29OCT2026,3890000.000000,45,OPTIDX,BFO,5.000000,1350,False
868444,RVNL26OCT215PE,RVNL,29OCT2026,21500.000000,1925,OPTSTK,BFO,5.000000,100000000,False
868446,INDIGO26OCT5900PE,INDIGO,29OCT2026,590000.000000,150,OPTSTK,BFO,5.000000,12000,False
868448,SENSEX26OCT83500CE,SENSEX,29OCT2026,8350000.000000,20,OPTIDX,BFO,5.000000,1000,False
868452,ETERNAL26OCT310PE,ETERNAL,29OCT2026,31000.000000,2425,OPTSTK,BFO,5.000000,100000000,False
868677,DIVISLAB26OCT7800PE,DIVISLAB,29OCT2026,780000.000000,100,OPTSTK,BFO,5.000000,8000,False
868680,CHOLAFIN26OCT1820PE,CHOLAFIN,29OCT2026,182000.000000,625,OPTSTK,BFO,5.000000,25000,False
868684,LICI26OCT450PE,LICI,29OCT2026,45000.000000,1400,OPTSTK,BFO,5.000000,100000000,False
868690,NBCC26OCT87.5PE,NBCC,29OCT2026,8750.000000,6500,OPTSTK,BFO,5.000000,100000000,False
847959,SBIN26SEP990CE,SBIN,24SEP2026,99000.000000,750,OPTSTK,BFO,5.000000,45000,False
847968,PNB26SEP103PE,PNB,24SEP2026,10300.000000,8000,OPTSTK,BFO,5.000000,480000,False
847986,APLAPOLLO26SEP1820PE,APLAPOLLO,24SEP2026,182000.000000,350,OPTSTK,BFO,5.000000,100000000,False
847996,BRITANNIA26SEP5000CE,BRITANNIA,24SEP2026,500000.000000,125,OPTSTK,BFO,5.000000,6000,False
868696,BANKINDIA26OCT135CE,BANKINDIA,29OCT2026,13500.000000,5200,OPTSTK,BFO,5.000000,100000000,False
868805,GAIL26OCTFUT,GAIL,29OCT2026,0.000000,3550,FUTSTK,BFO,5.000000,274500,False
868917,KEI26OCT5100PE,KEI,29OCT2026,510000.000000,175,OPTSTK,BFO,5.000000,100000000,False
868921,INFY26OCT1300PE,INFY,29OCT2026,130000.000000,400,OPTSTK,BFO,5.000000,16000,False
868460,LUPIN26OCT2480PE,LUPIN,29OCT2026,248000.000000,425,OPTSTK,BFO,5.000000,34000,False
868467,MANAPPURAM26OCT340PE,MANAPPURAM,29OCT2026,34000.000000,3000,OPTSTK,BFO,5.000000,180000,False
868471,PNB26OCT116PE,PNB,29OCT2026,11600.000000,8000,OPTSTK,BFO,5.000000,480000,False
868472,LICHSGFIN26OCT470PE,LICHSGFIN,29OCT2026,47000.000000,1000,OPTSTK,BFO,5.000000,60000,False
848020,ASIANPAINT26SEP2500CE,ASIANPAINT,24SEP2026,250000.000000,250,OPTSTK,BFO,5.000000,8000,False
848028,DIXON26SEP12700CE,DIXON,24SEP2026,1270000.000000,50,OPTSTK,BFO,5.000000,6000,False
848032,ADANIPOWER26SEP232.5PE,ADANIPOWER,24SEP2026,23250.000000,3550,OPTSTK,BFO,5.000000,100000000,False
848034,BAJFINANCE26SEP990CE,BAJFINANCE,24SEP2026,99000.000000,750,OPTSTK,BFO,5.000000,3750,False
868481,SENSEX2691772100PE,SENSEX,17SEP2026,7210000.000000,20,OPTIDX,BFO,5.000000,1000,False
868485,AMBUJACEM26OCT465PE,AMBUJACEM,29OCT2026,46500.000000,1200,OPTSTK,BFO,5.000000,54000,False
868487,UNIONBANK26OCT185CE,UNIONBANK,29OCT2026,18500.000000,4425,OPTSTK,BFO,5.000000,100000000,False
868494,ADANIPORTS26OCT1600PE,ADANIPORTS,29OCT2026,160000.000000,475,OPTSTK,BFO,5.000000,32000,False
868965,TATACONSUM26OCT1110CE,TATACONSUM,29OCT2026,111000.000000,550,OPTSTK,BFO,5.000000,36000,False
869110,IREDA26OCT107.5CE,IREDA,29OCT2026,10750.000000,4525,OPTSTK,BFO,5.000000,100000000,False
869145,FORTIS26OCT1000CE,FORTIS,29OCT2026,100000.000000,775,OPTSTK,BFO,5.000000,100000000,False
869314,JUBLFOOD26OCT420CE,JUBLFOOD,29OCT2026,42000.000000,1250,OPTSTK,BFO,5.000000,50000,False
848035,ICICIGI26SEP1680CE,ICICIGI,24SEP2026,168000.000000,325,OPTSTK,BFO,5.000000,20000,False
848040,FORCEMOT26SEPFUT,FORCEMOT,24SEP2026,0.000000,25,FUTSTK,BFO,5.000000,100000000,False
848041,PIDILITIND26SEP1540CE,PIDILITIND,24SEP2026,154000.000000,500,OPTSTK,BFO,5.000000,10000,False
848052,RECLTD26SEP350CE,RECLTD,24SEP2026,35000.000000,1575,OPTSTK,BFO,5.000000,160000,False
868513,FOCIT26SEP34300CE,FOCIT,24SEP2026,3430000.000000,45,OPTIDX,BFO,5.000000,1350,False
868521,TIINDIA26OCT2950CE,TIINDIA,29OCT2026,295000.000000,200,OPTSTK,BFO,5.000000,100000000,False
868532,ADANIENSOL26OCT1720CE,ADANIENSOL,29OCT2026,172000.000000,675,OPTSTK,BFO,5.000000,100000000,False
868536,VEDL26OCT255PE,VEDL,29OCT2026,25500.000000,1150,OPTSTK,BFO,5.000000,80000,False
869473,PERSISTENT26OCT5000PE,PERSISTENT,29OCT2026,500000.000000,125,OPTSTK,BFO,5.000000,5250,False
869531,APOLLOHOSP26OCT8800PE,APOLLOHOSP,29OCT2026,880000.000000,125,OPTSTK,BFO,5.000000,5000,False
869551,MUTHOOTFIN26OCT2750CE,MUTHOOTFIN,29OCT2026,275000.000000,275,OPTSTK,BFO,5.000000,22000,False
869603,RVNL26OCT250PE,RVNL,29OCT2026,25000.000000,1925,OPTSTK,BFO,5.000000,100000000,False
848059,BAJAJHLDNG26SEP10300CE,BAJAJHLDNG,24SEP2026,1030000.000000,75,OPTSTK,BFO,5.000000,100000000,False
848060,ICICIBANK26SEP1410PE,ICICIBANK,24SEP2026,141000.000000,700,OPTSTK,BFO,5.000000,28000,False
848067,HINDALCO26SEP1020PE,HINDALCO,24SEP2026,102000.000000,700,OPTSTK,BFO,5.000000,56000,False
848069,PAGEIND26SEP40250PE,PAGEIND,24SEP2026,4025000.000000,20,OPTSTK,BFO,5.000000,600,False
868543,SHRIRAMFIN26OCT1000CE,SHRIRAMFIN,29OCT2026,100000.000000,825,OPTSTK,BFO,5.000000,18000,False
868553,SENSEX26OCT79800PE,SENSEX,29OCT2026,7980000.000000,20,OPTIDX,BFO,5.000000,1000,False
868558,ANGELONE26OCT315PE,ANGELONE,29OCT2026,31500.000000,2500,OPTSTK,BFO,5.000000,100000000,False
868560,HDFCLIFE26OCT510CE,HDFCLIFE,29OCT2026,51000.000000,1100,OPTSTK,BFO,5.000000,44000,False
869614,IEX26OCT135PE,IEX,29OCT2026,13500.000000,4350,OPTSTK,BFO,5.000000,150000,False
869668,MAZDOCK26OCT2500PE,MAZDOCK,29OCT2026,250000.000000,225,OPTSTK,BFO,5.000000,100000000,False
869753,SUNPHARMA26OCTFUT,SUNPHARMA,29OCT2026,0.000000,350,FUTSTK,BFO,5.000000,28000,False
869786,SENSEX2691776600CE,SENSEX,17SEP2026,7660000.000000,20,OPTIDX,BFO,5.000000,1000,False
848077,WIPRO26SEP157.5CE,WIPRO,24SEP2026,15750.000000,3000,OPTSTK,BFO,5.000000,60000,False
848098,PAYTM26SEP1050CE,PAYTM,24SEP2026,105000.000000,725,OPTSTK,BFO,5.000000,100000000,False
848100,PETRONET26SEP300PE,PETRONET,24SEP2026,30000.000000,1900,OPTSTK,BFO,5.000000,120000,False
848109,AXISBANK26SEP1400PE,AXISBANK,24SEP2026,140000.000000,625,OPTSTK,BFO,5.000000,25000,False
868561,FORCEMOT26OCTFUT,FORCEMOT,29OCT2026,0.000000,25,FUTSTK,BFO,5.000000,100000000,False
868570,ITC26OCT290PE,ITC,29OCT2026,29000.000000,1725,OPTSTK,BFO,5.000000,64000,False
868579,LTM26OCT4650CE,LTM,29OCT2026,465000.000000,150,OPTSTK,BFO,5.000000,4500,False
868581,DLF26OCT690PE,DLF,29OCT2026,69000.000000,950,OPTSTK,BFO,5.000000,49500,False
848112,INDIANB26SEP820CE,INDIANB,24SEP2026,82000.000000,1000,OPTSTK,BFO,5.000000,100000000,False
848117,UNIONBANK26SEP187.5CE,UNIONBANK,24SEP2026,18750.000000,4425,OPTSTK,BFO,5.000000,100000000,False
848145,CAMS26SEP800CE,CAMS,24SEP2026,80000.000000,825,OPTSTK,BFO,5.000000,100000000,False
848155,LICI26SEP450CE,LICI,24SEP2026,45000.000000,1400,OPTSTK,BFO,5.000000,100000000,False
868583,M&M26OCT3350PE,M&M,29OCT2026,335000.000000,200,OPTSTK,BFO,5.000000,21000,False
868592,OFSS26OCT11200CE,OFSS,29OCT2026,1120000.000000,100,OPTSTK,BFO,5.000000,8000,False
868600,SENSEX2691780700PE,SENSEX,17SEP2026,8070000.000000,20,OPTIDX,BFO,5.000000,1000,False
868604,OBEROIRLTY26OCT1700PE,OBEROIRLTY,29OCT2026,170000.000000,350,OPTSTK,BFO,5.000000,28000,False
848159,INOXWIND26SEP86CE,INOXWIND,24SEP2026,8600.000000,6400,OPTSTK,BFO,5.000000,100000000,False
848192,FOCIT26SEP38500PE,FOCIT,24SEP2026,3850000.000000,45,OPTIDX,BFO,5.000000,1350,False
848195,COALINDIA26SEP405CE,COALINDIA,24SEP2026,40500.000000,1350,OPTSTK,BFO,5.000000,126000,False
848201,DIXON26SEP12100PE,DIXON,24SEP2026,1210000.000000,50,OPTSTK,BFO,5.000000,6000,False
868615,ADANIENSOL26OCT1640PE,ADANIENSOL,29OCT2026,164000.000000,675,OPTSTK,BFO,5.000000,100000000,False
868631,NAUKRI26OCT1100PE,NAUKRI,29OCT2026,110000.000000,550,OPTSTK,BFO,5.000000,6000,False
868650,NHPC26OCT78PE,NHPC,29OCT2026,7800.000000,6950,OPTSTK,BFO,5.000000,100000000,False
868662,CAMS26OCT800PE,CAMS,29OCT2026,80000.000000,825,OPTSTK,BFO,5.000000,100000000,False
848225,SENSEX31JUN75000PE,SENSEX,26JUN2031,7500000.000000,20,OPTIDX,BFO,5.000000,1000,False
848232,WAAREEENER26SEP2950CE,WAAREEENER,24SEP2026,295000.000000,175,OPTSTK,BFO,5.000000,100000000,False
848241,TORNTPHARM26SEP4550CE,TORNTPHARM,24SEP2026,455000.000000,125,OPTSTK,BFO,5.000000,15000,False
848243,VOLTAS26SEP1160CE,VOLTAS,24SEP2026,116000.000000,375,OPTSTK,BFO,5.000000,30000,False
868669,APOLLOHOSP26OCT9500CE,APOLLOHOSP,29OCT2026,950000.000000,125,OPTSTK,BFO,5.000000,5000,False
868671,ETERNAL26OCT315PE,ETERNAL,29OCT2026,31500.000000,2425,OPTSTK,BFO,5.000000,100000000,False
868697,ETERNAL26OCT280CE,ETERNAL,29OCT2026,28000.000000,2425,OPTSTK,BFO,5.000000,100000000,False
868796,FOCIT26OCT30600PE,FOCIT,29OCT2026,3060000.000000,45,OPTIDX,BFO,5.000000,1350,False
848245,ADANIPOWER26SEP237.5PE,ADANIPOWER,24SEP2026,23750.000000,3550,OPTSTK,BFO,5.000000,100000000,False
848246,COLPAL26SEP2040PE,COLPAL,24SEP2026,204000.000000,275,OPTSTK,BFO,5.000000,14000,False
848268,MCX26SEP3150PE,MCX,24SEP2026,315000.000000,225,OPTSTK,BFO,5.000000,16000,False
848274,KOTAKBANK26SEP405CE,KOTAKBANK,24SEP2026,40500.000000,2000,OPTSTK,BFO,5.000000,12000,False
869133,RELIANCE26OCT1220CE,RELIANCE,29OCT2026,122000.000000,500,OPTSTK,BFO,5.000000,10000,False
869137,HAL26OCT4700PE,HAL,29OCT2026,470000.000000,150,OPTSTK,BFO,5.000000,9000,False
869212,DELHIVERY26OCT470PE,DELHIVERY,29OCT2026,47000.000000,2075,OPTSTK,BFO,5.000000,100000000,False
869363,YESBANK26OCT20CE,YESBANK,29OCT2026,2000.000000,31100,OPTSTK,BFO,5.000000,100000000,False
848276,YESBANK26SEP20CE,YESBANK,24SEP2026,2000.000000,31100,OPTSTK,BFO,5.000000,100000000,False
848278,ABB26SEP7100PE,ABB,24SEP2026,710000.000000,125,OPTSTK,BFO,5.000000,7500,False
848280,HINDALCO26SEP890CE,HINDALCO,24SEP2026,89000.000000,700,OPTSTK,BFO,5.000000,56000,False
848288,NAUKRI26SEP990PE,NAUKRI,24SEP2026,99000.000000,550,OPTSTK,BFO,5.000000,6000,False
869633,ICICIGI26OCT1760CE,ICICIGI,29OCT2026,176000.000000,325,OPTSTK,BFO,5.000000,20000,False
869728,JINDALSTEL26OCT1020CE,JINDALSTEL,29OCT2026,102000.000000,625,OPTSTK,BFO,5.000000,37500,False
869733,COALINDIA26OCT395CE,COALINDIA,29OCT2026,39500.000000,1350,OPTSTK,BFO,5.000000,126000,False
869954,FOCIT26SEP32300PE,FOCIT,24SEP2026,3230000.000000,45,OPTIDX,BFO,5.000000,1350,False
848289,HYUNDAI26SEP1960PE,HYUNDAI,24SEP2026,196000.000000,275,OPTSTK,BFO,5.000000,100000000,False
848300,SBILIFE26SEP1740PE,SBILIFE,24SEP2026,174000.000000,375,OPTSTK,BFO,5.000000,22500,False
848351,OFSS26SEP11100PE,OFSS,24SEP2026,1110000.000000,100,OPTSTK,BFO,5.000000,8000,False
848356,NHPC26SEP74PE,NHPC,24SEP2026,7400.000000,6950,OPTSTK,BFO,5.000000,100000000,False
870045,UNOMINDA26SEP1320PE,UNOMINDA,24SEP2026,132000.000000,550,OPTSTK,BFO,5.000000,100000000,False
870159,ASHOKLEY26OCT142.5PE,ASHOKLEY,29OCT2026,14250.000000,5000,OPTSTK,BFO,5.000000,150000,False
870260,HCLTECH26OCT1330PE,HCLTECH,29OCT2026,133000.000000,400,OPTSTK,BFO,5.000000,21000,False
870265,SENSEX2691772900CE,SENSEX,17SEP2026,7290000.000000,20,OPTIDX,BFO,5.000000,1000,False
848362,SBIN26SEP1110PE,SBIN,24SEP2026,111000.000000,750,OPTSTK,BFO,5.000000,45000,False
848378,CGPOWER26SEP950PE,CGPOWER,24SEP2026,95000.000000,850,OPTSTK,BFO,5.000000,100000000,False
848385,AUROPHARMA26SEP1700CE,AUROPHARMA,24SEP2026,170000.000000,550,OPTSTK,BFO,5.000000,44000,False
848391,JINDALSTEL26SEP1080PE,JINDALSTEL,24SEP2026,108000.000000,625,OPTSTK,BFO,5.000000,37500,False
869790,RELIANCE26OCT1300PE,RELIANCE,29OCT2026,130000.000000,500,OPTSTK,BFO,5.000000,10000,False
869852,BLUESTARCO26OCT1700PE,BLUESTARCO,29OCT2026,170000.000000,325,OPTSTK,BFO,5.000000,100000000,False
870004,TATASTEEL26OCT182.5CE,TATASTEEL,29OCT2026,18250.000000,2750,OPTSTK,BFO,5.000000,220000,False
870093,MANAPPURAM26OCT380CE,MANAPPURAM,29OCT2026,38000.000000,3000,OPTSTK,BFO,5.000000,180000,False
848407,HINDPETRO26SEP380.75CE,HINDPETRO,24SEP2026,38075.000000,2025,OPTSTK,BFO,5.000000,108000,False
848426,GMRAIRPORT26SEP114PE,GMRAIRPORT,24SEP2026,11400.000000,6975,OPTSTK,BFO,5.000000,675000,False
848432,HDFCBANK26SEP775PE,HDFCBANK,24SEP2026,77500.000000,650,OPTSTK,BFO,5.000000,16500,False
848436,PNBHOUSING26SEP980CE,PNBHOUSING,24SEP2026,98000.000000,650,OPTSTK,BFO,5.000000,100000000,False
870269,SHREECEM26OCT25750PE,SHREECEM,29OCT2026,2575000.000000,25,OPTSTK,BFO,5.000000,1000,False
870570,SENSEX2691784300CE,SENSEX,17SEP2026,8430000.000000,20,OPTIDX,BFO,5.000000,1000,False
870743,SENSEX26OCT82100PE,SENSEX,29OCT2026,8210000.000000,20,OPTIDX,BFO,5.000000,1000,False
870809,SUPREMEIND26OCT3700PE,SUPREMEIND,29OCT2026,370000.000000,175,OPTSTK,BFO,5.000000,100000000,False
870102,HDFCLIFE26OCT515CE,HDFCLIFE,29OCT2026,51500.000000,1100,OPTSTK,BFO,5.000000,44000,False
870146,PERSISTENT26OCT5900PE,PERSISTENT,29OCT2026,590000.000000,125,OPTSTK,BFO,5.000000,5250,False
870148,GVT&D26OCT4300CE,GVT&D,29OCT2026,430000.000000,125,OPTSTK,BFO,5.000000,100000000,False
870156,BOSCHLTD26OCT42000PE,BOSCHLTD,29OCT2026,4200000.000000,25,OPTSTK,BFO,5.000000,1500,False
848438,ZYDUSLIFE26SEP1170CE,ZYDUSLIFE,24SEP2026,117000.000000,900,OPTSTK,BFO,5.000000,54000,False
848451,PATANJALI26SEP385PE,PATANJALI,24SEP2026,38500.000000,1075,OPTSTK,BFO,5.000000,100000000,False
848452,BANKEX26SEP71000PE,BANKEX,24SEP2026,7100000.000000,30,OPTIDX,BFO,5.000000,900,False
848454,BHARATFORG26SEP2280PE,BHARATFORG,24SEP2026,228000.000000,500,OPTSTK,BFO,5.000000,30000,False
870832,HAL26OCT4600CE,HAL,29OCT2026,460000.000000,150,OPTSTK,BFO,5.000000,9000,False
871018,BANKEX26OCT61400PE,BANKEX,29OCT2026,6140000.000000,30,OPTIDX,BFO,5.000000,900,False
871040,VEDL26OCT290PE,VEDL,29OCT2026,29000.000000,1150,OPTSTK,BFO,5.000000,80000,False
871150,COFORGE26OCT1820PE,COFORGE,29OCT2026,182000.000000,475,OPTSTK,BFO,5.000000,6000,False
870333,NBCC26OCT102.5CE,NBCC,29OCT2026,10250.000000,6500,OPTSTK,BFO,5.000000,100000000,False
870517,DIXON26OCT15250CE,DIXON,29OCT2026,1525000.000000,50,OPTSTK,BFO,5.000000,6000,False
870304,SENSEX5026OCT25400PE,SENSEX50,29OCT2026,2540000.000000,75,OPTIDX,BFO,5.000000,1800,False
870384,SUNPHARMA26OCT2020PE,SUNPHARMA,29OCT2026,202000.000000,350,OPTSTK,BFO,5.000000,28000,False
848469,SWIGGY26SEP255CE,SWIGGY,24SEP2026,25500.000000,1825,OPTSTK,BFO,5.000000,100000000,False
848478,INDHOTEL26SEP700CE,INDHOTEL,24SEP2026,70000.000000,1000,OPTSTK,BFO,5.000000,60000,False
848483,PGEL26SEP530PE,PGEL,24SEP2026,53000.000000,950,OPTSTK,BFO,5.000000,100000000,False
848486,KAYNES26SEP2900PE,KAYNES,24SEP2026,290000.000000,150,OPTSTK,BFO,5.000000,100000000,False
871204,ICICIBANK26OCT1400PE,ICICIBANK,29OCT2026,140000.000000,700,OPTSTK,BFO,5.000000,28000,False
871316,UNIONBANK26OCT165PE,UNIONBANK,29OCT2026,16500.000000,4425,OPTSTK,BFO,5.000000,100000000,False
871362,HCLTECH26OCT1400PE,HCLTECH,29OCT2026,140000.000000,400,OPTSTK,BFO,5.000000,21000,False
871727,SENSEX5026OCT25150PE,SENSEX50,29OCT2026,2515000.000000,75,OPTIDX,BFO,5.000000,1800,False
870641,KEI26OCT5000CE,KEI,29OCT2026,500000.000000,175,OPTSTK,BFO,5.000000,100000000,False
870758,WAAREEENER26OCT2300PE,WAAREEENER,29OCT2026,230000.000000,175,OPTSTK,BFO,5.000000,100000000,False
870913,PETRONET26OCT275CE,PETRONET,29OCT2026,27500.000000,1900,OPTSTK,BFO,5.000000,120000,False
870994,HEROMOTOCO26OCT5100CE,HEROMOTOCO,29OCT2026,510000.000000,150,OPTSTK,BFO,5.000000,9000,False
871733,LTM26OCT4200CE,LTM,29OCT2026,420000.000000,150,OPTSTK,BFO,5.000000,4500,False
871746,GODFRYPHLP26OCT1850CE,GODFRYPHLP,29OCT2026,185000.000000,275,OPTSTK,BFO,5.000000,100000000,False
871773,KFINTECH26OCT1000PE,KFINTECH,29OCT2026,100000.000000,575,OPTSTK,BFO,5.000000,100000000,False
871917,INDUSINDBK26OCT1010CE,INDUSINDBK,29OCT2026,101000.000000,700,OPTSTK,BFO,5.000000,20000,False
848498,MPHASIS26SEP2138PE,MPHASIS,24SEP2026,213800.000000,275,OPTSTK,BFO,5.000000,11000,False
848502,HEROMOTOCO26SEP4700PE,HEROMOTOCO,24SEP2026,470000.000000,150,OPTSTK,BFO,5.000000,9000,False
848511,BANKEX26SEP71900PE,BANKEX,24SEP2026,7190000.000000,30,OPTIDX,BFO,5.000000,900,False
848515,BAJAJFINSV26SEP1780CE,BAJAJFINSV,24SEP2026,178000.000000,300,OPTSTK,BFO,5.000000,20000,False
872294,SUZLON26OCT53CE,SUZLON,29OCT2026,5300.000000,12700,OPTSTK,BFO,5.000000,100000000,False
872356,MANKIND26OCT2640CE,MANKIND,29OCT2026,264000.000000,250,OPTSTK,BFO,5.000000,100000000,False
872773,ADANIPORTS26OCT1640PE,ADANIPORTS,29OCT2026,164000.000000,475,OPTSTK,BFO,5.000000,32000,False
872930,FOCIT26SEP32200CE,FOCIT,24SEP2026,3220000.000000,45,OPTIDX,BFO,5.000000,1350,False
871293,BHEL26OCT390PE,BHEL,29OCT2026,39000.000000,2625,OPTSTK,BFO,5.000000,315000,False
871421,WIPRO26OCT192.5PE,WIPRO,29OCT2026,19250.000000,3000,OPTSTK,BFO,5.000000,60000,False
871516,TORNTPHARM26OCT4800PE,TORNTPHARM,29OCT2026,480000.000000,125,OPTSTK,BFO,5.000000,15000,False
871560,FOCIT26OCT34200CE,FOCIT,29OCT2026,3420000.000000,45,OPTIDX,BFO,5.000000,1350,False
848530,LICI26SEP430PE,LICI,24SEP2026,43000.000000,1400,OPTSTK,BFO,5.000000,100000000,False
848532,HAL26SEP4650CE,HAL,24SEP2026,465000.000000,150,OPTSTK,BFO,5.000000,9000,False
848536,PIDILITIND26SEP1580CE,PIDILITIND,24SEP2026,158000.000000,500,OPTSTK,BFO,5.000000,10000,False
873018,MANKIND26OCT2560PE,MANKIND,29OCT2026,256000.000000,250,OPTSTK,BFO,5.000000,100000000,False
873087,SUNPHARMA26OCT1880CE,SUNPHARMA,29OCT2026,188000.000000,350,OPTSTK,BFO,5.000000,28000,False
873090,DMART26OCT3550CE,DMART,29OCT2026,355000.000000,150,OPTSTK,BFO,5.000000,100000000,False
873147,GODREJCP26OCT1040PE,GODREJCP,29OCT2026,104000.000000,500,OPTSTK,BFO,5.000000,30000,False
848534,INFY26SEP1090CE,INFY,24SEP2026,109000.000000,400,OPTSTK,BFO,5.000000,16000,False
871570,INDUSINDBK26OCT1020PE,INDUSINDBK,29OCT2026,102000.000000,700,OPTSTK,BFO,5.000000,20000,False
871662,SUNPHARMA26OCT1980PE,SUNPHARMA,29OCT2026,198000.000000,350,OPTSTK,BFO,5.000000,28000,False
871837,ONGC26OCT247.5CE,ONGC,29OCT2026,24750.000000,2250,OPTSTK,BFO,5.000000,154000,False
872017,GMRAIRPORT26OCT110PE,GMRAIRPORT,29OCT2026,11000.000000,6975,OPTSTK,BFO,5.000000,675000,False
848550,BOSCHLTD26SEP39500PE,BOSCHLTD,24SEP2026,3950000.000000,25,OPTSTK,BFO,5.000000,1500,False
848555,ULTRACEMCO26SEP10560CE,ULTRACEMCO,24SEP2026,1056000.000000,50,OPTSTK,BFO,5.000000,3000,False
848573,DELHIVERY26SEP450PE,DELHIVERY,24SEP2026,45000.000000,2075,OPTSTK,BFO,5.000000,100000000,False
848575,RELIANCE26SEP1250CE,RELIANCE,24SEP2026,125000.000000,500,OPTSTK,BFO,5.000000,10000,False
873188,SENSEX2691780000PE,SENSEX,17SEP2026,8000000.000000,20,OPTIDX,BFO,5.000000,1000,False
873204,IREDA26OCT110CE,IREDA,29OCT2026,11000.000000,4525,OPTSTK,BFO,5.000000,100000000,False
873255,ZYDUSLIFE26OCT1190PE,ZYDUSLIFE,29OCT2026,119000.000000,900,OPTSTK,BFO,5.000000,54000,False
873287,BAJAJ-AUTO26OCT10900PE,BAJAJ-AUTO,29OCT2026,1090000.000000,75,OPTSTK,BFO,5.000000,5000,False
872114,SUPREMEIND26OCT3450PE,SUPREMEIND,29OCT2026,345000.000000,175,OPTSTK,BFO,5.000000,100000000,False
872165,FOCIT26OCT32800CE,FOCIT,29OCT2026,3280000.000000,45,OPTIDX,BFO,5.000000,1350,False
872190,LT26OCT4250CE,LT,29OCT2026,425000.000000,175,OPTSTK,BFO,5.000000,12000,False
872198,ADANIPORTS26OCT1720CE,ADANIPORTS,29OCT2026,172000.000000,475,OPTSTK,BFO,5.000000,32000,False
873317,GAIL26OCT170CE,GAIL,29OCT2026,17000.000000,3550,OPTSTK,BFO,5.000000,274500,False
873364,RECLTD26OCT390PE,RECLTD,29OCT2026,39000.000000,1575,OPTSTK,BFO,5.000000,160000,False
873457,NESTLEIND26OCT1560CE,NESTLEIND,29OCT2026,156000.000000,500,OPTSTK,BFO,5.000000,1200,False
873583,NAUKRI26OCT1220CE,NAUKRI,29OCT2026,122000.000000,550,OPTSTK,BFO,5.000000,6000,False
848582,PIDILITIND26SEP1660PE,PIDILITIND,24SEP2026,166000.000000,500,OPTSTK,BFO,5.000000,10000,False
848584,NHPC26SEP79PE,NHPC,24SEP2026,7900.000000,6950,OPTSTK,BFO,5.000000,100000000,False
848589,LUPIN26SEP2300CE,LUPIN,24SEP2026,230000.000000,425,OPTSTK,BFO,5.000000,34000,False
848595,TORNTPHARM26SEP4850PE,TORNTPHARM,24SEP2026,485000.000000,125,OPTSTK,BFO,5.000000,15000,False
873681,HDFCLIFE26OCT550CE,HDFCLIFE,29OCT2026,55000.000000,1100,OPTSTK,BFO,5.000000,44000,False
873690,IDEA26OCT12CE,IDEA,29OCT2026,1200.000000,71475,OPTSTK,BFO,5.000000,2400000,False
873695,M&M26OCT3550PE,M&M,29OCT2026,355000.000000,200,OPTSTK,BFO,5.000000,21000,False
873938,PHOENIXLTD26OCT1980PE,PHOENIXLTD,29OCT2026,198000.000000,350,OPTSTK,BFO,5.000000,100000000,False
872234,RADICO26OCT4000PE,RADICO,29OCT2026,400000.000000,150,OPTSTK,BFO,5.000000,100000000,False
872275,SBILIFE26OCT1900CE,SBILIFE,29OCT2026,190000.000000,375,OPTSTK,BFO,5.000000,22500,False
872420,SENSEX2691774600PE,SENSEX,17SEP2026,7460000.000000,20,OPTIDX,BFO,5.000000,1000,False
872488,NESTLEIND26OCT1490CE,NESTLEIND,29OCT2026,149000.000000,500,OPTSTK,BFO,5.000000,1200,False
848606,MCX26SEP2750PE,MCX,24SEP2026,275000.000000,225,OPTSTK,BFO,5.000000,16000,False
848627,HAVELLS26SEP1240CE,HAVELLS,24SEP2026,124000.000000,500,OPTSTK,BFO,5.000000,20000,False
848633,OFSS26SEP11000CE,OFSS,24SEP2026,1100000.000000,100,OPTSTK,BFO,5.000000,8000,False
848638,GMRAIRPORT26SEP115CE,GMRAIRPORT,24SEP2026,11500.000000,6975,OPTSTK,BFO,5.000000,675000,False
874014,SWIGGY26OCTFUT,SWIGGY,29OCT2026,0.000000,1825,FUTSTK,BFO,5.000000,100000000,False
874173,BANDHANBNK26OCT150CE,BANDHANBNK,29OCT2026,15000.000000,3600,OPTSTK,BFO,5.000000,100000,False
874254,UNOMINDA26OCT1180CE,UNOMINDA,29OCT2026,118000.000000,550,OPTSTK,BFO,5.000000,100000000,False
874350,PIIND26OCT2850CE,PIIND,29OCT2026,285000.000000,175,OPTSTK,BFO,5.000000,7500,False
872568,HDFCBANK26OCT700CE,HDFCBANK,29OCT2026,70000.000000,650,OPTSTK,BFO,5.000000,16500,False
872615,PHOENIXLTD26OCT2020PE,PHOENIXLTD,29OCT2026,202000.000000,350,OPTSTK,BFO,5.000000,100000000,False
872715,SBICARD26OCT630CE,SBICARD,29OCT2026,63000.000000,800,OPTSTK,BFO,5.000000,32000,False
873003,LTF26OCT335PE,LTF,29OCT2026,33500.000000,2250,OPTSTK,BFO,5.000000,267720,False
848640,INFY26SEP990PE,INFY,24SEP2026,99000.000000,400,OPTSTK,BFO,5.000000,16000,False
848645,HEROMOTOCO26SEP4600CE,HEROMOTOCO,24SEP2026,460000.000000,150,OPTSTK,BFO,5.000000,9000,False
848681,COALINDIA26SEP440PE,COALINDIA,24SEP2026,44000.000000,1350,OPTSTK,BFO,5.000000,126000,False
848686,INDHOTEL26SEP700PE,INDHOTEL,24SEP2026,70000.000000,1000,OPTSTK,BFO,5.000000,60000,False
874424,JSWSTEEL26OCT1180PE,JSWSTEEL,29OCT2026,118000.000000,675,OPTSTK,BFO,5.000000,40500,False
874447,ADANIENT26OCT3100PE,ADANIENT,29OCT2026,310000.000000,309,OPTSTK,BFO,5.000000,9000,False
874453,INDHOTEL26OCT760CE,INDHOTEL,29OCT2026,76000.000000,1000,OPTSTK,BFO,5.000000,60000,False
874579,ASHOKLEY26OCT150CE,ASHOKLEY,29OCT2026,15000.000000,5000,OPTSTK,BFO,5.000000,150000,False
873241,SENSEX2691782300PE,SENSEX,17SEP2026,8230000.000000,20,OPTIDX,BFO,5.000000,1000,False
873324,UPL26OCT640PE,UPL,29OCT2026,64000.000000,1355,OPTSTK,BFO,5.000000,39000,False
873435,PRESTIGE26OCT1500PE,PRESTIGE,29OCT2026,150000.000000,450,OPTSTK,BFO,5.000000,100000000,False
873551,BANKEX26OCT67300CE,BANKEX,29OCT2026,6730000.000000,30,OPTIDX,BFO,5.000000,900,False
874712,CAMS26OCT840PE,CAMS,29OCT2026,84000.000000,825,OPTSTK,BFO,5.000000,100000000,False
874840,PNBHOUSING26OCT1100PE,PNBHOUSING,29OCT2026,110000.000000,650,OPTSTK,BFO,5.000000,100000000,False
874912,GRASIM26OCT3240PE,GRASIM,29OCT2026,324000.000000,250,OPTSTK,BFO,5.000000,14250,False
875321,SBICARD26OCT630PE,SBICARD,29OCT2026,63000.000000,800,OPTSTK,BFO,5.000000,32000,False
848689,BANKINDIA26SEP147.5PE,BANKINDIA,24SEP2026,14750.000000,5200,OPTSTK,BFO,5.000000,100000000,False
848692,PFC26SEP430PE,PFC,24SEP2026,43000.000000,1300,OPTSTK,BFO,5.000000,124000,False
848698,INDHOTEL26SEP705CE,INDHOTEL,24SEP2026,70500.000000,1000,OPTSTK,BFO,5.000000,60000,False
848700,HINDUNILVR26SEP2200CE,HINDUNILVR,24SEP2026,220000.000000,300,OPTSTK,BFO,5.000000,9000,False
873554,JSWSTEEL26OCT1260CE,JSWSTEEL,29OCT2026,126000.000000,675,OPTSTK,BFO,5.000000,40500,False
873705,FOCIT26OCT38200PE,FOCIT,29OCT2026,3820000.000000,45,OPTIDX,BFO,5.000000,1350,False
873890,POLYCAB26OCT9600PE,POLYCAB,29OCT2026,960000.000000,125,OPTSTK,BFO,5.000000,9000,False
873929,FOCIT26SEP42200CE,FOCIT,24SEP2026,4220000.000000,45,OPTIDX,BFO,5.000000,1350,False
875455,KOTAKBANK26OCT375PE,KOTAKBANK,29OCT2026,37500.000000,2000,OPTSTK,BFO,5.000000,12000,False
875570,PERSISTENT26OCT5200PE,PERSISTENT,29OCT2026,520000.000000,125,OPTSTK,BFO,5.000000,5250,False
875601,SAIL26OCT157.5PE,SAIL,29OCT2026,15750.000000,4700,OPTSTK,BFO,5.000000,320000,False
875798,JINDALSTEL26OCT1220CE,JINDALSTEL,29OCT2026,122000.000000,625,OPTSTK,BFO,5.000000,37500,False
848721,TORNTPHARM26SEP4750CE,TORNTPHARM,24SEP2026,475000.000000,125,OPTSTK,BFO,5.000000,15000,False
848723,NAM-INDIA26SEP1000CE,NAM-INDIA,24SEP2026,100000.000000,625,OPTSTK,BFO,5.000000,100000000,False
848731,ADANIPORTS26SEP1840CE,ADANIPORTS,24SEP2026,184000.000000,475,OPTSTK,BFO,5.000000,32000,False
848735,MCX26SEP2650CE,MCX,24SEP2026,265000.000000,225,OPTSTK,BFO,5.000000,16000,False
873935,SENSEX2691780900PE,SENSEX,17SEP2026,8090000.000000,20,OPTIDX,BFO,5.000000,1000,False
874066,BAJAJFINSV26OCT1960PE,BAJAJFINSV,29OCT2026,196000.000000,300,OPTSTK,BFO,5.000000,20000,False
874197,BANKEX26OCT61300CE,BANKEX,29OCT2026,6130000.000000,30,OPTIDX,BFO,5.000000,900,False
874329,RADICO26OCT4650PE,RADICO,29OCT2026,465000.000000,150,OPTSTK,BFO,5.000000,100000000,False
875938,CROMPTON26OCT280PE,CROMPTON,29OCT2026,28000.000000,2150,OPTSTK,BFO,5.000000,90000,False
875983,FOCIT26SEP34800PE,FOCIT,24SEP2026,3480000.000000,45,OPTIDX,BFO,5.000000,1350,False
876013,TITAN26OCT4900CE,TITAN,29OCT2026,490000.000000,175,OPTSTK,BFO,5.000000,11250,False
876101,HINDPETRO26OCT440.75PE,HINDPETRO,29OCT2026,44075.000000,2025,OPTSTK,BFO,5.000000,108000,False
848743,RBLBANK26SEP350CE,RBLBANK,24SEP2026,35000.000000,3175,OPTSTK,BFO,5.000000,150000,False
848749,MOTILALOFS26SEP970CE,MOTILALOFS,24SEP2026,97000.000000,775,OPTSTK,BFO,5.000000,100000000,False
848750,ETERNAL26SEP265CE,ETERNAL,24SEP2026,26500.000000,2425,OPTSTK,BFO,5.000000,100000000,False
848752,LICHSGFIN26SEP580PE,LICHSGFIN,24SEP2026,58000.000000,1000,OPTSTK,BFO,5.000000,60000,False
874709,KOTAKBANK26OCTFUT,KOTAKBANK,29OCT2026,0.000000,2000,FUTSTK,BFO,5.000000,12000,False
874750,BEL26OCT400PE,BEL,29OCT2026,40000.000000,1425,OPTSTK,BFO,5.000000,228000,False
874771,CONCOR26OCT550CE,CONCOR,29OCT2026,55000.000000,1250,OPTSTK,BFO,5.000000,40000,False
874821,SENSEX5026OCT25050CE,SENSEX50,29OCT2026,2505000.000000,75,OPTIDX,BFO,5.000000,1800,False
876190,BANKEX26OCT58300CE,BANKEX,29OCT2026,5830000.000000,30,OPTIDX,BFO,5.000000,900,False
876265,TECHM26OCT1600CE,TECHM,29OCT2026,160000.000000,600,OPTSTK,BFO,5.000000,24000,False
876290,SENSEX5026OCT25600PE,SENSEX50,29OCT2026,2560000.000000,75,OPTIDX,BFO,5.000000,1800,False
876293,BANKEX26OCT63000PE,BANKEX,29OCT2026,6300000.000000,30,OPTIDX,BFO,5.000000,900,False
876349,TATACONSUM26OCT1060CE,TATACONSUM,29OCT2026,106000.000000,550,OPTSTK,BFO,5.000000,36000,False
876353,TATAPOWER26OCT370CE,TATAPOWER,29OCT2026,37000.000000,1450,OPTSTK,BFO,5.000000,101250,False
876358,BANKEX26OCT69900PE,BANKEX,29OCT2026,6990000.000000,30,OPTIDX,BFO,5.000000,900,False
876360,PNBHOUSING26OCT1000CE,PNBHOUSING,29OCT2026,100000.000000,650,OPTSTK,BFO,5.000000,100000000,False
888878,POWERGRID26OCT245PE,POWERGRID,29OCT2026,24500.000000,1900,OPTSTK,BFO,5.000000,108000,False
888889,PAGEIND26SEP32000CE,PAGEIND,24SEP2026,3200000.000000,20,OPTSTK,BFO,5.000000,600,False
888941,SENSEX26O0883600CE,SENSEX,08OCT2026,8360000.000000,20,OPTIDX,BFO,5.000000,1000,False
848762,ICICIPRULI26SEP510PE,ICICIPRULI,24SEP2026,51000.000000,925,OPTSTK,BFO,5.000000,60000,False
848770,POWERINDIA26SEP35000CE,POWERINDIA,24SEP2026,3500000.000000,25,OPTSTK,BFO,5.000000,100000000,False
848773,GODREJCP26SEP1080CE,GODREJCP,24SEP2026,108000.000000,500,OPTSTK,BFO,5.000000,30000,False
848775,ABB26SEP7300PE,ABB,24SEP2026,730000.000000,125,OPTSTK,BFO,5.000000,7500,False
875167,INDUSTOWER26OCT381CE,INDUSTOWER,29OCT2026,38100.000000,1700,OPTSTK,BFO,5.000000,170000,False
875208,APLAPOLLO26OCT1940PE,APLAPOLLO,29OCT2026,194000.000000,350,OPTSTK,BFO,5.000000,100000000,False
875281,HAL26OCT4900PE,HAL,29OCT2026,490000.000000,150,OPTSTK,BFO,5.000000,9000,False
875397,MAXHEALTH26OCT1060PE,MAXHEALTH,29OCT2026,106000.000000,525,OPTSTK,BFO,5.000000,100000000,False
876368,PIDILITIND26OCT1580PE,PIDILITIND,29OCT2026,158000.000000,500,OPTSTK,BFO,5.000000,10000,False
876378,YESBANK26OCT18CE,YESBANK,29OCT2026,1800.000000,31100,OPTSTK,BFO,5.000000,100000000,False
876391,INDHOTEL26OCT760PE,INDHOTEL,29OCT2026,76000.000000,1000,OPTSTK,BFO,5.000000,60000,False
876394,GODREJPROP26OCT2020CE,GODREJPROP,29OCT2026,202000.000000,325,OPTSTK,BFO,5.000000,19000,False
888951,SENSEX26O0871600PE,SENSEX,08OCT2026,7160000.000000,20,OPTIDX,BFO,5.000000,1000,False
888958,SENSEX26O0881600PE,SENSEX,08OCT2026,8160000.000000,20,OPTIDX,BFO,5.000000,1000,False
888963,SENSEX26O0877500CE,SENSEX,08OCT2026,7750000.000000,20,OPTIDX,BFO,5.000000,1000,False
888972,MOTILALOFS26OCT1120CE,MOTILALOFS,29OCT2026,112000.000000,775,OPTSTK,BFO,5.000000,100000000,False
875440,TVSMOTOR26OCT4500CE,TVSMOTOR,29OCT2026,450000.000000,175,OPTSTK,BFO,5.000000,21000,False
875593,MUTHOOTFIN26OCT2950CE,MUTHOOTFIN,29OCT2026,295000.000000,275,OPTSTK,BFO,5.000000,22000,False
875777,VBL26OCT480PE,VBL,29OCT2026,48000.000000,1275,OPTSTK,BFO,5.000000,100000000,False
875891,CAMS26OCT750PE,CAMS,29OCT2026,75000.000000,825,OPTSTK,BFO,5.000000,100000000,False
848787,MFSL26SEP1500CE,MFSL,24SEP2026,150000.000000,400,OPTSTK,BFO,5.000000,32000,False
848833,ALKEM26SEP5650PE,ALKEM,24SEP2026,565000.000000,125,OPTSTK,BFO,5.000000,8000,False
848838,CUMMINSIND26SEP6000PE,CUMMINSIND,24SEP2026,600000.000000,200,OPTSTK,BFO,5.000000,18000,False
848860,GLENMARK26SEP2180PE,GLENMARK,24SEP2026,218000.000000,375,OPTSTK,BFO,5.000000,43500,False
888973,SENSEX26O0881500CE,SENSEX,08OCT2026,8150000.000000,20,OPTIDX,BFO,5.000000,1000,False
888975,SENSEX26O0883800CE,SENSEX,08OCT2026,8380000.000000,20,OPTIDX,BFO,5.000000,1000,False
888987,SENSEX26O0883200PE,SENSEX,08OCT2026,8320000.000000,20,OPTIDX,BFO,5.000000,1000,False
889023,SENSEX26O0876400CE,SENSEX,08OCT2026,7640000.000000,20,OPTIDX,BFO,5.000000,1000,False
876405,HEROMOTOCO26OCT5300CE,HEROMOTOCO,29OCT2026,530000.000000,150,OPTSTK,BFO,5.000000,9000,False
876411,TRENT26OCT2750PE,TRENT,29OCT2026,275000.000000,225,OPTSTK,BFO,5.000000,16000,False
876432,BEL26OCT405PE,BEL,29OCT2026,40500.000000,1425,OPTSTK,BFO,5.000000,228000,False
876461,SENSEX5026OCT24900CE,SENSEX50,29OCT2026,2490000.000000,75,OPTIDX,BFO,5.000000,1800,False
889036,SENSEX26O0881000CE,SENSEX,08OCT2026,8100000.000000,20,OPTIDX,BFO,5.000000,1000,False
889071,ETERNAL26SEP365PE,ETERNAL,24SEP2026,36500.000000,2425,OPTSTK,BFO,5.000000,100000000,False
889073,SENSEX26O0874600PE,SENSEX,08OCT2026,7460000.000000,20,OPTIDX,BFO,5.000000,1000,False
889100,SENSEX26O0881500PE,SENSEX,08OCT2026,8150000.000000,20,OPTIDX,BFO,5.000000,1000,False
875913,IOC26OCT140CE,IOC,29OCT2026,14000.000000,4875,OPTSTK,BFO,5.000000,292500,False
876040,JIOFIN26OCT250CE,JIOFIN,29OCT2026,25000.000000,2350,OPTSTK,BFO,5.000000,100000000,False
876157,FOCIT26OCTFUT,FOCIT,29OCT2026,0.000000,45,FUTIDX,BFO,100.000000,900,False
876225,CUMMINSIND26OCT5900CE,CUMMINSIND,29OCT2026,590000.000000,200,OPTSTK,BFO,5.000000,18000,False
848869,ABB26SEP7050PE,ABB,24SEP2026,705000.000000,125,OPTSTK,BFO,5.000000,7500,False
848871,OBEROIRLTY26SEP1860PE,OBEROIRLTY,24SEP2026,186000.000000,350,OPTSTK,BFO,5.000000,28000,False
848873,APOLLOHOSP26SEP8300CE,APOLLOHOSP,24SEP2026,830000.000000,125,OPTSTK,BFO,5.000000,5000,False
848879,PFC26SEP435PE,PFC,24SEP2026,43500.000000,1300,OPTSTK,BFO,5.000000,124000,False
876472,HCLTECH26OCT1280PE,HCLTECH,29OCT2026,128000.000000,400,OPTSTK,BFO,5.000000,21000,False
876481,LTM26OCT4400CE,LTM,29OCT2026,440000.000000,150,OPTSTK,BFO,5.000000,4500,False
876485,KALYANKJIL26OCT635CE,KALYANKJIL,29OCT2026,63500.000000,1350,OPTSTK,BFO,5.000000,100000000,False
876491,DABUR26OCT405PE,DABUR,29OCT2026,40500.000000,1250,OPTSTK,BFO,5.000000,50000,False
848882,CGPOWER26SEP990PE,CGPOWER,24SEP2026,99000.000000,850,OPTSTK,BFO,5.000000,100000000,False
848889,ABB26SEPFUT,ABB,24SEP2026,0.000000,125,FUTSTK,BFO,5.000000,7500,False
848923,JIOFIN26SEP250CE,JIOFIN,24SEP2026,25000.000000,2350,OPTSTK,BFO,5.000000,100000000,False
848924,BANKEX26SEP68800CE,BANKEX,24SEP2026,6880000.000000,30,OPTIDX,BFO,5.000000,900,False
876230,PREMIERENE26OCT900CE,PREMIERENE,29OCT2026,90000.000000,650,OPTSTK,BFO,5.000000,100000000,False
876243,HDFCLIFE26OCT555CE,HDFCLIFE,29OCT2026,55500.000000,1100,OPTSTK,BFO,5.000000,44000,False
876345,JSWENERGY26OCT520PE,JSWENERGY,29OCT2026,52000.000000,1075,OPTSTK,BFO,5.000000,100000000,False
876352,BANKEX26OCT67600PE,BANKEX,29OCT2026,6760000.000000,30,OPTIDX,BFO,5.000000,900,False
876493,SENSEX2691776200PE,SENSEX,17SEP2026,7620000.000000,20,OPTIDX,BFO,5.000000,1000,False
876530,FOCIT26OCT44400CE,FOCIT,29OCT2026,4440000.000000,45,OPTIDX,BFO,5.000000,1350,False
876540,ABB26OCT8000PE,ABB,29OCT2026,800000.000000,125,OPTSTK,BFO,5.000000,7500,False
876551,TRENT26OCT2650CE,TRENT,29OCT2026,265000.000000,225,OPTSTK,BFO,5.000000,16000,False
889128,SENSEX26O0872400CE,SENSEX,08OCT2026,7240000.000000,20,OPTIDX,BFO,5.000000,1000,False
889139,SENSEX26O0876400PE,SENSEX,08OCT2026,7640000.000000,20,OPTIDX,BFO,5.000000,1000,False
889161,SENSEX26O0874900CE,SENSEX,08OCT2026,7490000.000000,20,OPTIDX,BFO,5.000000,1000,False
889179,MCX26SEP3450CE,MCX,24SEP2026,345000.000000,225,OPTSTK,BFO,5.000000,16000,False
848931,RELIANCE26SEP1390PE,RELIANCE,24SEP2026,139000.000000,500,OPTSTK,BFO,5.000000,10000,False
848935,WIPRO26SEP177.5PE,WIPRO,24SEP2026,17750.000000,3000,OPTSTK,BFO,5.000000,60000,False
848951,ICICIPRULI26SEP515PE,ICICIPRULI,24SEP2026,51500.000000,925,OPTSTK,BFO,5.000000,60000,False
848960,CIPLA26SEP1510PE,CIPLA,24SEP2026,151000.000000,425,OPTSTK,BFO,5.000000,26000,False
876357,INOXWIND26OCT87.5CE,INOXWIND,29OCT2026,8750.000000,6400,OPTSTK,BFO,5.000000,100000000,False
876364,HAL26OCT4650PE,HAL,29OCT2026,465000.000000,150,OPTSTK,BFO,5.000000,9000,False
876382,TATAELXSI26OCT3900CE,TATAELXSI,29OCT2026,390000.000000,125,OPTSTK,BFO,5.000000,100000000,False
876389,KAYNES26OCT3500CE,KAYNES,29OCT2026,350000.000000,150,OPTSTK,BFO,5.000000,100000000,False
876568,APOLLOHOSP26SEP9700PE,APOLLOHOSP,24SEP2026,970000.000000,125,OPTSTK,BFO,5.000000,5000,False
876573,INDIGO26OCT5300CE,INDIGO,29OCT2026,530000.000000,150,OPTSTK,BFO,5.000000,12000,False
876580,DIVISLAB26OCT8000CE,DIVISLAB,29OCT2026,800000.000000,100,OPTSTK,BFO,5.000000,8000,False
876584,LTM26OCT4150CE,LTM,29OCT2026,415000.000000,150,OPTSTK,BFO,5.000000,4500,False
889184,SENSEX26O0884300PE,SENSEX,08OCT2026,8430000.000000,20,OPTIDX,BFO,5.000000,1000,False
889187,DLF26OCT750PE,DLF,29OCT2026,75000.000000,950,OPTSTK,BFO,5.000000,49500,False
889208,SENSEX26O0880500CE,SENSEX,08OCT2026,8050000.000000,20,OPTIDX,BFO,5.000000,1000,False
889214,IOC26SEP117.5PE,IOC,24SEP2026,11750.000000,4875,OPTSTK,BFO,5.000000,292500,False
889224,PFC26OCT330PE,PFC,29OCT2026,33000.000000,1300,OPTSTK,BFO,5.000000,124000,False
889227,SENSEX26O0884500PE,SENSEX,08OCT2026,8450000.000000,20,OPTIDX,BFO,5.000000,1000,False
889241,SENSEX26O0876700CE,SENSEX,08OCT2026,7670000.000000,20,OPTIDX,BFO,5.000000,1000,False
889256,SENSEX26O0878400PE,SENSEX,08OCT2026,7840000.000000,20,OPTIDX,BFO,5.000000,1000,False
876597,SENSEX2691777800CE,SENSEX,17SEP2026,7780000.000000,20,OPTIDX,BFO,5.000000,1000,False
876601,SBILIFE26OCT1860PE,SBILIFE,29OCT2026,186000.000000,375,OPTSTK,BFO,5.000000,22500,False
876610,GMRAIRPORT26OCT108PE,GMRAIRPORT,29OCT2026,10800.000000,6975,OPTSTK,BFO,5.000000,675000,False
876617,SENSEX2691784800PE,SENSEX,17SEP2026,8480000.000000,20,OPTIDX,BFO,5.000000,1000,False
848991,GLENMARK26SEP2080CE,GLENMARK,24SEP2026,208000.000000,375,OPTSTK,BFO,5.000000,43500,False
848994,TMPV26SEP335PE,TMPV,24SEP2026,33500.000000,1600,OPTSTK,BFO,5.000000,42750,False
848995,ASTRAL26SEP1600CE,ASTRAL,24SEP2026,160000.000000,425,OPTSTK,BFO,5.000000,14680,False
849011,TORNTPHARM26SEP4150PE,TORNTPHARM,24SEP2026,415000.000000,125,OPTSTK,BFO,5.000000,15000,False
876397,INFY26OCTFUT,INFY,29OCT2026,0.000000,400,FUTSTK,BFO,5.000000,16000,False
876433,COFORGE26OCT1860PE,COFORGE,29OCT2026,186000.000000,475,OPTSTK,BFO,5.000000,6000,False
876451,LTM26OCT4250PE,LTM,29OCT2026,425000.000000,150,OPTSTK,BFO,5.000000,4500,False
876488,HINDALCO26OCT1040CE,HINDALCO,29OCT2026,104000.000000,700,OPTSTK,BFO,5.000000,56000,False
889285,SENSEX26O0872300CE,SENSEX,08OCT2026,7230000.000000,20,OPTIDX,BFO,5.000000,1000,False
889286,SENSEX26O0874600CE,SENSEX,08OCT2026,7460000.000000,20,OPTIDX,BFO,5.000000,1000,False
889295,SENSEX26O0880000CE,SENSEX,08OCT2026,8000000.000000,20,OPTIDX,BFO,5.000000,1000,False
889317,SENSEX26O0877900CE,SENSEX,08OCT2026,7790000.000000,20,OPTIDX,BFO,5.000000,1000,False
849034,BAJAJ-AUTO26SEP9500PE,BAJAJ-AUTO,24SEP2026,950000.000000,75,OPTSTK,BFO,5.000000,5000,False
849035,NYKAA26SEP305CE,NYKAA,24SEP2026,30500.000000,3125,OPTSTK,BFO,5.000000,100000000,False
849036,TORNTPHARM26SEP4300CE,TORNTPHARM,24SEP2026,430000.000000,125,OPTSTK,BFO,5.000000,15000,False
849038,NBCC26SEP106PE,NBCC,24SEP2026,10600.000000,6500,OPTSTK,BFO,5.000000,100000000,False
876619,SENSEX26OCT77900PE,SENSEX,29OCT2026,7790000.000000,20,OPTIDX,BFO,5.000000,1000,False
876638,SHRIRAMFIN26OCT1080CE,SHRIRAMFIN,29OCT2026,108000.000000,825,OPTSTK,BFO,5.000000,18000,False
876652,IREDA26OCT127.5PE,IREDA,29OCT2026,12750.000000,4525,OPTSTK,BFO,5.000000,100000000,False
876663,DIVISLAB26OCT7300PE,DIVISLAB,29OCT2026,730000.000000,100,OPTSTK,BFO,5.000000,8000,False
876489,HYUNDAI26OCT2120PE,HYUNDAI,29OCT2026,212000.000000,275,OPTSTK,BFO,5.000000,100000000,False
876492,HEROMOTOCO26OCT4600PE,HEROMOTOCO,29OCT2026,460000.000000,150,OPTSTK,BFO,5.000000,9000,False
876498,ITC26OCT302.5PE,ITC,29OCT2026,30250.000000,1725,OPTSTK,BFO,5.000000,64000,False
876502,HINDUNILVR26OCT2120CE,HINDUNILVR,29OCT2026,212000.000000,300,OPTSTK,BFO,5.000000,9000,False
889321,SENSEX26O0882600PE,SENSEX,08OCT2026,8260000.000000,20,OPTIDX,BFO,5.000000,1000,False
889355,SENSEX26O0884200PE,SENSEX,08OCT2026,8420000.000000,20,OPTIDX,BFO,5.000000,1000,False
889378,RBLBANK26SEP430PE,RBLBANK,24SEP2026,43000.000000,3175,OPTSTK,BFO,5.000000,150000,False
889397,SENSEX26O0876700PE,SENSEX,08OCT2026,7670000.000000,20,OPTIDX,BFO,5.000000,1000,False
849068,ASTRAL26SEP1360PE,ASTRAL,24SEP2026,136000.000000,425,OPTSTK,BFO,5.000000,14680,False
849092,HEROMOTOCO26SEP4650PE,HEROMOTOCO,24SEP2026,465000.000000,150,OPTSTK,BFO,5.000000,9000,False
849100,SIEMENS26SEP3900CE,SIEMENS,24SEP2026,390000.000000,175,OPTSTK,BFO,5.000000,8250,False
849104,OFSS26SEP11200CE,OFSS,24SEP2026,1120000.000000,100,OPTSTK,BFO,5.000000,8000,False
876669,IOC26OCT157.5CE,IOC,29OCT2026,15750.000000,4875,OPTSTK,BFO,5.000000,292500,False
876676,OBEROIRLTY26OCT1940PE,OBEROIRLTY,29OCT2026,194000.000000,350,OPTSTK,BFO,5.000000,28000,False
876705,AUROPHARMA26OCT1660CE,AUROPHARMA,29OCT2026,166000.000000,550,OPTSTK,BFO,5.000000,44000,False
876707,GVT&D26OCT4800PE,GVT&D,29OCT2026,480000.000000,125,OPTSTK,BFO,5.000000,100000000,False
876506,JUBLFOOD26OCT465CE,JUBLFOOD,29OCT2026,46500.000000,1250,OPTSTK,BFO,5.000000,50000,False
876520,ABB26OCTFUT,ABB,29OCT2026,0.000000,125,FUTSTK,BFO,5.000000,7500,False
876523,HDFCAMC26OCT2900CE,HDFCAMC,29OCT2026,290000.000000,300,OPTSTK,BFO,5.000000,12000,False
876527,ADANIPORTS26OCT1760CE,ADANIPORTS,29OCT2026,176000.000000,475,OPTSTK,BFO,5.000000,32000,False
889422,SENSEX26O0879100PE,SENSEX,08OCT2026,7910000.000000,20,OPTIDX,BFO,5.000000,1000,False
889444,SENSEX26O0875300CE,SENSEX,08OCT2026,7530000.000000,20,OPTIDX,BFO,5.000000,1000,False
889491,SENSEX26O0882500PE,SENSEX,08OCT2026,8250000.000000,20,OPTIDX,BFO,5.000000,1000,False
889497,SENSEX26O0877200PE,SENSEX,08OCT2026,7720000.000000,20,OPTIDX,BFO,5.000000,1000,False
849105,BANKBARODA26SEP267.5CE,BANKBARODA,24SEP2026,26750.000000,2925,OPTSTK,BFO,5.000000,175500,False
849112,BPCL26SEP305CE,BPCL,24SEP2026,30500.000000,1975,OPTSTK,BFO,5.000000,72000,False
849122,MPHASIS26SEP2078CE,MPHASIS,24SEP2026,207800.000000,275,OPTSTK,BFO,5.000000,11000,False
849126,FEDERALBNK26SEP332.5CE,FEDERALBNK,24SEP2026,33250.000000,2500,OPTSTK,BFO,5.000000,200000,False
876716,INOXWIND26OCT90CE,INOXWIND,29OCT2026,9000.000000,6400,OPTSTK,BFO,5.000000,100000000,False
876717,HYUNDAI26OCT1980CE,HYUNDAI,29OCT2026,198000.000000,275,OPTSTK,BFO,5.000000,100000000,False
876718,KEI26OCT4800CE,KEI,29OCT2026,480000.000000,175,OPTSTK,BFO,5.000000,100000000,False
876728,MAXHEALTH26OCT1180CE,MAXHEALTH,29OCT2026,118000.000000,525,OPTSTK,BFO,5.000000,100000000,False
889498,SENSEX26O0879500PE,SENSEX,08OCT2026,7950000.000000,20,OPTIDX,BFO,5.000000,1000,False
889506,SENSEX26O0875800PE,SENSEX,08OCT2026,7580000.000000,20,OPTIDX,BFO,5.000000,1000,False
889507,SENSEX26O0880100CE,SENSEX,08OCT2026,8010000.000000,20,OPTIDX,BFO,5.000000,1000,False
889515,COFORGE26OCT1980CE,COFORGE,29OCT2026,198000.000000,475,OPTSTK,BFO,5.000000,6000,False
876534,ICICIGI26OCT1600CE,ICICIGI,29OCT2026,160000.000000,325,OPTSTK,BFO,5.000000,20000,False
876538,FOCIT26SEP36100CE,FOCIT,24SEP2026,3610000.000000,45,OPTIDX,BFO,5.000000,1350,False
876544,ANGELONE26SEP260CE,ANGELONE,24SEP2026,26000.000000,2500,OPTSTK,BFO,5.000000,100000000,False
876549,ONGC26OCT255CE,ONGC,29OCT2026,25500.000000,2250,OPTSTK,BFO,5.000000,154000,False
849131,LUPIN26SEP2260PE,LUPIN,24SEP2026,226000.000000,425,OPTSTK,BFO,5.000000,34000,False
849148,MFSL26SEP1480PE,MFSL,24SEP2026,148000.000000,400,OPTSTK,BFO,5.000000,32000,False
849159,M&M26SEP3220PE,M&M,24SEP2026,322000.000000,200,OPTSTK,BFO,5.000000,21000,False
849162,ABCAPITAL26SEP365PE,ABCAPITAL,24SEP2026,36500.000000,3100,OPTSTK,BFO,5.000000,162000,False
876758,SENSEX5026OCT26350PE,SENSEX50,29OCT2026,2635000.000000,75,OPTIDX,BFO,5.000000,1800,False
876964,SBICARD26OCT670PE,SBICARD,29OCT2026,67000.000000,800,OPTSTK,BFO,5.000000,32000,False
877136,FOCIT26SEP32700PE,FOCIT,24SEP2026,3270000.000000,45,OPTIDX,BFO,5.000000,1350,False
877175,LTF26OCT300CE,LTF,29OCT2026,30000.000000,2250,OPTSTK,BFO,5.000000,267720,False
889540,SENSEX26O0879700PE,SENSEX,08OCT2026,7970000.000000,20,OPTIDX,BFO,5.000000,1000,False
889571,RECLTD26SEP290PE,RECLTD,24SEP2026,29000.000000,1575,OPTSTK,BFO,5.000000,160000,False
889588,INDIGO26OCT4400PE,INDIGO,29OCT2026,440000.000000,150,OPTSTK,BFO,5.000000,12000,False
889595,CUMMINSIND26OCT4400CE,CUMMINSIND,29OCT2026,440000.000000,200,OPTSTK,BFO,5.000000,18000,False
876554,SENSEX26OCT77000PE,SENSEX,29OCT2026,7700000.000000,20,OPTIDX,BFO,5.000000,1000,False
876560,UNITDSPR26OCT1500CE,UNITDSPR,29OCT2026,150000.000000,400,OPTSTK,BFO,5.000000,28000,False
876588,FOCIT26SEP34700CE,FOCIT,24SEP2026,3470000.000000,45,OPTIDX,BFO,5.000000,1350,False
876609,AMBER26OCT7400PE,AMBER,29OCT2026,740000.000000,100,OPTSTK,BFO,5.000000,100000000,False
877191,GODFRYPHLP26OCT2300PE,GODFRYPHLP,29OCT2026,230000.000000,275,OPTSTK,BFO,5.000000,100000000,False
877207,FOCIT26SEP44100PE,FOCIT,24SEP2026,4410000.000000,45,OPTIDX,BFO,5.000000,1350,False
877217,BAJAJ-AUTO26OCT11200PE,BAJAJ-AUTO,29OCT2026,1120000.000000,75,OPTSTK,BFO,5.000000,5000,False
877228,BEL26OCT355CE,BEL,29OCT2026,35500.000000,1425,OPTSTK,BFO,5.000000,228000,False
889609,UNITDSPR26SEP1700PE,UNITDSPR,24SEP2026,170000.000000,400,OPTSTK,BFO,5.000000,28000,False
889645,CUMMINSIND26OCT4400PE,CUMMINSIND,29OCT2026,440000.000000,200,OPTSTK,BFO,5.000000,18000,False
889648,MOTILALOFS26SEP1140PE,MOTILALOFS,24SEP2026,114000.000000,775,OPTSTK,BFO,5.000000,100000000,False
889650,POLICYBZR26OCT1940PE,POLICYBZR,29OCT2026,194000.000000,350,OPTSTK,BFO,5.000000,100000000,False
849164,BHARATFORG26SEP2120PE,BHARATFORG,24SEP2026,212000.000000,500,OPTSTK,BFO,5.000000,30000,False
849174,PETRONET26SEP290PE,PETRONET,24SEP2026,29000.000000,1900,OPTSTK,BFO,5.000000,120000,False
849769,SBICARD26SEP540PE,SBICARD,24SEP2026,54000.000000,800,OPTSTK,BFO,5.000000,32000,False
849785,SUPREMEIND26SEP2950CE,SUPREMEIND,24SEP2026,295000.000000,175,OPTSTK,BFO,5.000000,100000000,False
876628,PRESTIGE26OCT1700PE,PRESTIGE,29OCT2026,170000.000000,450,OPTSTK,BFO,5.000000,100000000,False
876656,FOCIT26SEP42400CE,FOCIT,24SEP2026,4240000.000000,45,OPTIDX,BFO,5.000000,1350,False
876666,SENSEX26OCT78600CE,SENSEX,29OCT2026,7860000.000000,20,OPTIDX,BFO,5.000000,1000,False
876668,LICHSGFIN26OCT600PE,LICHSGFIN,29OCT2026,60000.000000,1000,OPTSTK,BFO,5.000000,60000,False
889666,KOTAKBANK26SEP440CE,KOTAKBANK,24SEP2026,44000.000000,2000,OPTSTK,BFO,5.000000,12000,False
889702,GMRAIRPORT26SEP92PE,GMRAIRPORT,24SEP2026,9200.000000,6975,OPTSTK,BFO,5.000000,675000,False
889719,SIEMENS26OCT4400PE,SIEMENS,29OCT2026,440000.000000,175,OPTSTK,BFO,5.000000,8250,False
889724,PIIND26SEP2100PE,PIIND,24SEP2026,210000.000000,175,OPTSTK,BFO,5.000000,7500,False
849810,MAXHEALTH26SEP1220PE,MAXHEALTH,24SEP2026,122000.000000,525,OPTSTK,BFO,5.000000,100000000,False
849815,BANKEX26SEP58200PE,BANKEX,24SEP2026,5820000.000000,30,OPTIDX,BFO,5.000000,900,False
849828,GODREJCP26SEP950PE,GODREJCP,24SEP2026,95000.000000,500,OPTSTK,BFO,5.000000,30000,False
849834,ULTRACEMCO26SEP10460CE,ULTRACEMCO,24SEP2026,1046000.000000,50,OPTSTK,BFO,5.000000,3000,False
877310,BANKEX26OCT63200PE,BANKEX,29OCT2026,6320000.000000,30,OPTIDX,BFO,5.000000,900,False
877313,MOTHERSON26OCT162.5PE,MOTHERSON,29OCT2026,16250.000000,6150,OPTSTK,BFO,5.000000,284000,False
877399,SENSEX2691784700CE,SENSEX,17SEP2026,8470000.000000,20,OPTIDX,BFO,5.000000,1000,False
877443,ASTRAL26OCT1440PE,ASTRAL,29OCT2026,144000.000000,425,OPTSTK,BFO,5.000000,14680,False
876673,TCS26OCT2580PE,TCS,29OCT2026,258000.000000,225,OPTSTK,BFO,5.000000,7000,False
876691,OBEROIRLTY26OCT1780PE,OBEROIRLTY,29OCT2026,178000.000000,350,OPTSTK,BFO,5.000000,28000,False
876708,DIXON26OCT15000CE,DIXON,29OCT2026,1500000.000000,50,OPTSTK,BFO,5.000000,6000,False
876720,CGPOWER26OCT920CE,CGPOWER,29OCT2026,92000.000000,850,OPTSTK,BFO,5.000000,100000000,False
889748,ZYDUSLIFE26OCT1030CE,ZYDUSLIFE,29OCT2026,103000.000000,900,OPTSTK,BFO,5.000000,54000,False
889768,SHREECEM26SEP22250PE,SHREECEM,24SEP2026,2225000.000000,25,OPTSTK,BFO,5.000000,1000,False
889771,LICHSGFIN26OCT420CE,LICHSGFIN,29OCT2026,42000.000000,1000,OPTSTK,BFO,5.000000,60000,False
889787,JINDALSTEL26OCT1280CE,JINDALSTEL,29OCT2026,128000.000000,625,OPTSTK,BFO,5.000000,37500,False
849848,CAMS26SEP720CE,CAMS,24SEP2026,72000.000000,825,OPTSTK,BFO,5.000000,100000000,False
849867,SENSEX5026SEP24100PE,SENSEX50,24SEP2026,2410000.000000,75,OPTIDX,BFO,5.000000,1800,False
849884,KEI26SEP5650CE,KEI,24SEP2026,565000.000000,175,OPTSTK,BFO,5.000000,100000000,False
849888,IOC26SEP133PE,IOC,24SEP2026,13300.000000,4875,OPTSTK,BFO,5.000000,292500,False
877457,JINDALSTEL26OCT1180PE,JINDALSTEL,29OCT2026,118000.000000,625,OPTSTK,BFO,5.000000,37500,False
877484,PNBHOUSING26OCT1040CE,PNBHOUSING,29OCT2026,104000.000000,650,OPTSTK,BFO,5.000000,100000000,False
877658,MARICO26SEP960CE,MARICO,24SEP2026,96000.000000,1200,OPTSTK,BFO,5.000000,48000,False
877691,SENSEX26OCT71800CE,SENSEX,29OCT2026,7180000.000000,20,OPTIDX,BFO,5.000000,1000,False
889813,GLENMARK26OCT2500PE,GLENMARK,29OCT2026,250000.000000,375,OPTSTK,BFO,5.000000,43500,False
889816,JINDALSTEL26OCT1280PE,JINDALSTEL,29OCT2026,128000.000000,625,OPTSTK,BFO,5.000000,37500,False
889823,JINDALSTEL26SEP1280CE,JINDALSTEL,24SEP2026,128000.000000,625,OPTSTK,BFO,5.000000,37500,False
889826,SENSEX26O0870400CE,SENSEX,08OCT2026,7040000.000000,20,OPTIDX,BFO,5.000000,1000,False
876730,SBILIFE26OCT1760CE,SBILIFE,29OCT2026,176000.000000,375,OPTSTK,BFO,5.000000,22500,False
876739,PAGEIND26OCT38000PE,PAGEIND,29OCT2026,3800000.000000,20,OPTSTK,BFO,5.000000,600,False
876752,PNBHOUSING26OCT1140PE,PNBHOUSING,29OCT2026,114000.000000,650,OPTSTK,BFO,5.000000,100000000,False
876756,NHPC26OCT82PE,NHPC,29OCT2026,8200.000000,6950,OPTSTK,BFO,5.000000,100000000,False
877702,TIINDIA26OCT2900CE,TIINDIA,29OCT2026,290000.000000,200,OPTSTK,BFO,5.000000,100000000,False
877754,BANKEX26OCT62500CE,BANKEX,29OCT2026,6250000.000000,30,OPTIDX,BFO,5.000000,900,False
877844,BANKEX26OCT71800PE,BANKEX,29OCT2026,7180000.000000,30,OPTIDX,BFO,5.000000,900,False
877904,HINDUNILVR26OCT2160CE,HINDUNILVR,29OCT2026,216000.000000,300,OPTSTK,BFO,5.000000,9000,False
849916,MAZDOCK26SEP2300CE,MAZDOCK,24SEP2026,230000.000000,225,OPTSTK,BFO,5.000000,100000000,False
849946,IOC26SEP135CE,IOC,24SEP2026,13500.000000,4875,OPTSTK,BFO,5.000000,292500,False
849974,KOTAKBANK26SEP385PE,KOTAKBANK,24SEP2026,38500.000000,2000,OPTSTK,BFO,5.000000,12000,False
849988,BHEL26SEP427.5PE,BHEL,24SEP2026,42750.000000,2625,OPTSTK,BFO,5.000000,315000,False
889854,PIIND26SEP2100CE,PIIND,24SEP2026,210000.000000,175,OPTSTK,BFO,5.000000,7500,False
889864,LICHSGFIN26OCT420PE,LICHSGFIN,29OCT2026,42000.000000,1000,OPTSTK,BFO,5.000000,60000,False
889900,JINDALSTEL26OCT1300CE,JINDALSTEL,29OCT2026,130000.000000,625,OPTSTK,BFO,5.000000,37500,False
889922,MANKIND26SEP2220PE,MANKIND,24SEP2026,222000.000000,250,OPTSTK,BFO,5.000000,100000000,False
876811,FOCIT26OCT40100PE,FOCIT,29OCT2026,4010000.000000,45,OPTIDX,BFO,5.000000,1350,False
876907,VMM26OCT100CE,VMM,29OCT2026,10000.000000,4850,OPTSTK,BFO,5.000000,100000000,False
876960,FOCIT26SEP38700PE,FOCIT,24SEP2026,3870000.000000,45,OPTIDX,BFO,5.000000,1350,False
877059,GMRAIRPORT26OCT109CE,GMRAIRPORT,29OCT2026,10900.000000,6975,OPTSTK,BFO,5.000000,675000,False
877934,NAM-INDIA26OCT1120CE,NAM-INDIA,29OCT2026,112000.000000,625,OPTSTK,BFO,5.000000,100000000,False
877945,PNBHOUSING26OCTFUT,PNBHOUSING,29OCT2026,0.000000,650,FUTSTK,BFO,5.000000,100000000,False
878004,SENSEX28JUN75000PE,SENSEX,29JUN2028,7500000.000000,20,OPTIDX,BFO,5.000000,1000,False
878011,ICICIGI26OCT1640CE,ICICIGI,29OCT2026,164000.000000,325,OPTSTK,BFO,5.000000,20000,False
850021,JSWENERGY26SEP620CE,JSWENERGY,24SEP2026,62000.000000,1075,OPTSTK,BFO,5.000000,100000000,False
850043,PIIND26SEP2420CE,PIIND,24SEP2026,242000.000000,175,OPTSTK,BFO,5.000000,7500,False
850054,MOTILALOFS26SEP1020PE,MOTILALOFS,24SEP2026,102000.000000,775,OPTSTK,BFO,5.000000,100000000,False
850065,PGEL26SEP470PE,PGEL,24SEP2026,47000.000000,950,OPTSTK,BFO,5.000000,100000000,False
889935,HDFCAMC26OCT3050CE,HDFCAMC,29OCT2026,305000.000000,300,OPTSTK,BFO,5.000000,12000,False
889944,SAIL26SEP202.5PE,SAIL,24SEP2026,20250.000000,4700,OPTSTK,BFO,5.000000,320000,False
889946,BAJAJ-AUTO26OCT12600CE,BAJAJ-AUTO,29OCT2026,1260000.000000,75,OPTSTK,BFO,5.000000,5000,False
889956,PAYTM26SEP1820PE,PAYTM,24SEP2026,182000.000000,725,OPTSTK,BFO,5.000000,100000000,False
878014,SENSEX28DEC75000PE,SENSEX,28DEC2028,7500000.000000,20,OPTIDX,BFO,5.000000,1000,False
878035,SENSEX26OCT77200PE,SENSEX,29OCT2026,7720000.000000,20,OPTIDX,BFO,5.000000,1000,False
878079,HINDUNILVR26OCT2080PE,HINDUNILVR,29OCT2026,208000.000000,300,OPTSTK,BFO,5.000000,9000,False
878088,FOCIT26OCT40900CE,FOCIT,29OCT2026,4090000.000000,45,OPTIDX,BFO,5.000000,1350,False
850078,HYUNDAI26SEP1780PE,HYUNDAI,24SEP2026,178000.000000,275,OPTSTK,BFO,5.000000,100000000,False
850101,LICI26SEP465PE,LICI,24SEP2026,46500.000000,1400,OPTSTK,BFO,5.000000,100000000,False
850102,ADANIPORTS26SEP1640CE,ADANIPORTS,24SEP2026,164000.000000,475,OPTSTK,BFO,5.000000,32000,False
850114,MARICO26SEP865PE,MARICO,24SEP2026,86500.000000,1200,OPTSTK,BFO,5.000000,48000,False
877078,TITAN26OCT4950PE,TITAN,29OCT2026,495000.000000,175,OPTSTK,BFO,5.000000,11250,False
877100,OBEROIRLTY26OCT1840CE,OBEROIRLTY,29OCT2026,184000.000000,350,OPTSTK,BFO,5.000000,28000,False
877112,FOCIT26SEP30400PE,FOCIT,24SEP2026,3040000.000000,45,OPTIDX,BFO,5.000000,1350,False
877139,EICHERMOT26OCT8200PE,EICHERMOT,29OCT2026,820000.000000,100,OPTSTK,BFO,5.000000,7000,False
889979,GLENMARK26OCT2540CE,GLENMARK,29OCT2026,254000.000000,375,OPTSTK,BFO,5.000000,43500,False
889981,ONGC26OCT217.5CE,ONGC,29OCT2026,21750.000000,2250,OPTSTK,BFO,5.000000,154000,False
878141,SENSEX30JUN75000PE,SENSEX,27JUN2030,7500000.000000,20,OPTIDX,BFO,5.000000,1000,False
878160,SENSEX26OCT71200PE,SENSEX,29OCT2026,7120000.000000,20,OPTIDX,BFO,5.000000,1000,False
878163,DMART26OCT3950CE,DMART,29OCT2026,395000.000000,150,OPTSTK,BFO,5.000000,100000000,False
878194,ICICIGI26OCT1560PE,ICICIGI,29OCT2026,156000.000000,325,OPTSTK,BFO,5.000000,20000,False
850128,PERSISTENT26SEP3950PE,PERSISTENT,24SEP2026,395000.000000,125,OPTSTK,BFO,5.000000,5250,False
850140,LT26SEP4020CE,LT,24SEP2026,402000.000000,175,OPTSTK,BFO,5.000000,12000,False
850150,INDHOTEL26SEP680PE,INDHOTEL,24SEP2026,68000.000000,1000,OPTSTK,BFO,5.000000,60000,False
850166,ICICIPRULI26SEP530CE,ICICIPRULI,24SEP2026,53000.000000,925,OPTSTK,BFO,5.000000,60000,False
877146,OBEROIRLTY26OCT1680CE,OBEROIRLTY,29OCT2026,168000.000000,350,OPTSTK,BFO,5.000000,28000,False
877257,ONGC26OCTFUT,ONGC,29OCT2026,0.000000,2250,FUTSTK,BFO,5.000000,154000,False
877293,PAGEIND26OCT42000PE,PAGEIND,29OCT2026,4200000.000000,20,OPTSTK,BFO,5.000000,600,False
877330,BANKEX26OCT65500PE,BANKEX,29OCT2026,6550000.000000,30,OPTIDX,BFO,5.000000,900,False
878233,MUTHOOTFIN26OCT2700CE,MUTHOOTFIN,29OCT2026,270000.000000,275,OPTSTK,BFO,5.000000,22000,False
878239,RVNL26OCT200PE,RVNL,29OCT2026,20000.000000,1925,OPTSTK,BFO,5.000000,100000000,False
878273,IDEA26OCT7PE,IDEA,29OCT2026,700.000000,71475,OPTSTK,BFO,5.000000,2400000,False
878283,BANKEX26OCT66500PE,BANKEX,29OCT2026,6650000.000000,30,OPTIDX,BFO,5.000000,900,False
850189,BHEL26SEP425CE,BHEL,24SEP2026,42500.000000,2625,OPTSTK,BFO,5.000000,315000,False
850201,INOXWIND26SEP81CE,INOXWIND,24SEP2026,8100.000000,6400,OPTSTK,BFO,5.000000,100000000,False
850204,SUPREMEIND26SEP3000CE,SUPREMEIND,24SEP2026,300000.000000,175,OPTSTK,BFO,5.000000,100000000,False
850206,ADANIGREEN26SEP1450PE,ADANIGREEN,24SEP2026,145000.000000,600,OPTSTK,BFO,5.000000,100000000,False
877542,FORTIS26OCT950CE,FORTIS,29OCT2026,95000.000000,775,OPTSTK,BFO,5.000000,100000000,False
877547,ADANIPOWER26OCT210CE,ADANIPOWER,29OCT2026,21000.000000,3550,OPTSTK,BFO,5.000000,100000000,False
877597,HEROMOTOCO26OCT5500CE,HEROMOTOCO,29OCT2026,550000.000000,150,OPTSTK,BFO,5.000000,9000,False
877608,SENSEX5026OCT26500CE,SENSEX50,29OCT2026,2650000.000000,75,OPTIDX,BFO,5.000000,1800,False
878290,BANKEX26OCT68800PE,BANKEX,29OCT2026,6880000.000000,30,OPTIDX,BFO,5.000000,900,False
878358,PAGEIND26OCT40500CE,PAGEIND,29OCT2026,4050000.000000,20,OPTSTK,BFO,5.000000,600,False
878361,SENSEX26OCT81200PE,SENSEX,29OCT2026,8120000.000000,20,OPTIDX,BFO,5.000000,1000,False
878383,SONACOMS26OCT690PE,SONACOMS,29OCT2026,69000.000000,1225,OPTSTK,BFO,5.000000,100000000,False
850217,LODHA26SEP870PE,LODHA,24SEP2026,87000.000000,625,OPTSTK,BFO,5.000000,100000000,False
850230,POLYCAB26SEP10300CE,POLYCAB,24SEP2026,1030000.000000,125,OPTSTK,BFO,5.000000,9000,False
850238,KEI26SEP5650PE,KEI,24SEP2026,565000.000000,175,OPTSTK,BFO,5.000000,100000000,False
850243,HINDPETRO26SEP350.75CE,HINDPETRO,24SEP2026,35075.000000,2025,OPTSTK,BFO,5.000000,108000,False
878470,BHARTIARTL26OCT1980PE,BHARTIARTL,29OCT2026,198000.000000,475,OPTSTK,BFO,5.000000,28500,False
878489,HAL26OCT4400PE,HAL,29OCT2026,440000.000000,150,OPTSTK,BFO,5.000000,9000,False
878499,UNOMINDA26OCTFUT,UNOMINDA,29OCT2026,0.000000,550,FUTSTK,BFO,5.000000,100000000,False
878519,ABCAPITAL26OCT420CE,ABCAPITAL,29OCT2026,42000.000000,3100,OPTSTK,BFO,5.000000,162000,False
850275,TATACONSUM26SEP1050CE,TATACONSUM,24SEP2026,105000.000000,550,OPTSTK,BFO,5.000000,36000,False
850281,SENSEX5026SEP24100CE,SENSEX50,24SEP2026,2410000.000000,75,OPTIDX,BFO,5.000000,1800,False
850283,POWERINDIA26SEP38500PE,POWERINDIA,24SEP2026,3850000.000000,25,OPTSTK,BFO,5.000000,100000000,False
850292,AUROPHARMA26SEP1400CE,AUROPHARMA,24SEP2026,140000.000000,550,OPTSTK,BFO,5.000000,44000,False
877638,SBIN26OCT1040CE,SBIN,29OCT2026,104000.000000,750,OPTSTK,BFO,5.000000,45000,False
877662,INDIGO26OCT4900CE,INDIGO,29OCT2026,490000.000000,150,OPTSTK,BFO,5.000000,12000,False
877677,ULTRACEMCO26OCT11400PE,ULTRACEMCO,29OCT2026,1140000.000000,50,OPTSTK,BFO,5.000000,3000,False
877707,RELIANCE26OCT1290PE,RELIANCE,29OCT2026,129000.000000,500,OPTSTK,BFO,5.000000,10000,False
850297,CGPOWER26SEP1020PE,CGPOWER,24SEP2026,102000.000000,850,OPTSTK,BFO,5.000000,100000000,False
850316,SBICARD26SEP540CE,SBICARD,24SEP2026,54000.000000,800,OPTSTK,BFO,5.000000,32000,False
850322,MAZDOCK26SEP2320PE,MAZDOCK,24SEP2026,232000.000000,225,OPTSTK,BFO,5.000000,100000000,False
850326,UPL26SEP535PE,UPL,24SEP2026,53500.000000,1355,OPTSTK,BFO,5.000000,39000,False
878520,SENSEX30DEC75000PE,SENSEX,26DEC2030,7500000.000000,20,OPTIDX,BFO,5.000000,1000,False
878576,LTF26OCT305PE,LTF,29OCT2026,30500.000000,2250,OPTSTK,BFO,5.000000,267720,False
878596,FORCEMOT26OCT20500PE,FORCEMOT,29OCT2026,2050000.000000,25,OPTSTK,BFO,5.000000,100000000,False
878610,FOCIT26OCT40300PE,FOCIT,29OCT2026,4030000.000000,45,OPTIDX,BFO,5.000000,1350,False
877713,INDIGO26OCT5600PE,INDIGO,29OCT2026,560000.000000,150,OPTSTK,BFO,5.000000,12000,False
877728,LTM26OCT4450PE,LTM,29OCT2026,445000.000000,150,OPTSTK,BFO,5.000000,4500,False
877743,BDL26OCT1300PE,BDL,29OCT2026,130000.000000,425,OPTSTK,BFO,5.000000,100000000,False
877787,SENSEX28JUN75000CE,SENSEX,29JUN2028,7500000.000000,20,OPTIDX,BFO,5.000000,1000,False
850329,UPL26SEP550PE,UPL,24SEP2026,55000.000000,1355,OPTSTK,BFO,5.000000,39000,False
850339,UNITDSPR26SEP1300PE,UNITDSPR,24SEP2026,130000.000000,400,OPTSTK,BFO,5.000000,28000,False
850351,INDIANB26SEP750PE,INDIANB,24SEP2026,75000.000000,1000,OPTSTK,BFO,5.000000,100000000,False
850357,FORCEMOT26SEP14500PE,FORCEMOT,24SEP2026,1450000.000000,25,OPTSTK,BFO,5.000000,100000000,False
878623,MARICO26OCT860CE,MARICO,29OCT2026,86000.000000,1200,OPTSTK,BFO,5.000000,48000,False
878653,HEROMOTOCO26OCT5800PE,HEROMOTOCO,29OCT2026,580000.000000,150,OPTSTK,BFO,5.000000,9000,False
878673,LICHSGFIN26OCT550PE,LICHSGFIN,29OCT2026,55000.000000,1000,OPTSTK,BFO,5.000000,60000,False
878674,SENSEX2691779700PE,SENSEX,17SEP2026,7970000.000000,20,OPTIDX,BFO,5.000000,1000,False
877838,COCHINSHIP26OCT1440CE,COCHINSHIP,29OCT2026,144000.000000,400,OPTSTK,BFO,5.000000,100000000,False
877839,PAYTM26OCT1280CE,PAYTM,29OCT2026,128000.000000,725,OPTSTK,BFO,5.000000,100000000,False
877842,M&M26OCT3300PE,M&M,29OCT2026,330000.000000,200,OPTSTK,BFO,5.000000,21000,False
877868,LICHSGFIN26OCT480CE,LICHSGFIN,29OCT2026,48000.000000,1000,OPTSTK,BFO,5.000000,60000,False
850363,KOTAKBANK26SEP390PE,KOTAKBANK,24SEP2026,39000.000000,2000,OPTSTK,BFO,5.000000,12000,False
850382,NHPC26SEP88CE,NHPC,24SEP2026,8800.000000,6950,OPTSTK,BFO,5.000000,100000000,False
850387,RVNL26SEP200PE,RVNL,24SEP2026,20000.000000,1925,OPTSTK,BFO,5.000000,100000000,False
850394,CUMMINSIND26SEP5250CE,CUMMINSIND,24SEP2026,525000.000000,200,OPTSTK,BFO,5.000000,18000,False
878693,PERSISTENT26OCT5600PE,PERSISTENT,29OCT2026,560000.000000,125,OPTSTK,BFO,5.000000,5250,False
878770,SENSEX26SEP75000PE,SENSEX,24SEP2026,7500000.000000,20,OPTIDX,BFO,5.000000,1000,False
850438,OBEROIRLTY26SEP1900PE,OBEROIRLTY,24SEP2026,190000.000000,350,OPTSTK,BFO,5.000000,28000,False
850451,FOCIT26SEP25500CE,FOCIT,24SEP2026,2550000.000000,45,OPTIDX,BFO,5.000000,1350,False
850459,TVSMOTOR26SEP3420PE,TVSMOTOR,24SEP2026,342000.000000,175,OPTSTK,BFO,5.000000,21000,False
850475,DRREDDY26SEP1440PE,DRREDDY,24SEP2026,144000.000000,625,OPTSTK,BFO,5.000000,5000,False
877871,SENSEX26OCT81800CE,SENSEX,29OCT2026,8180000.000000,20,OPTIDX,BFO,5.000000,1000,False
877882,TATAELXSI26OCT3850CE,TATAELXSI,29OCT2026,385000.000000,125,OPTSTK,BFO,5.000000,100000000,False
877962,LTF26OCT300PE,LTF,29OCT2026,30000.000000,2250,OPTSTK,BFO,5.000000,267720,False
877963,HDFCLIFE26OCT570PE,HDFCLIFE,29OCT2026,57000.000000,1100,OPTSTK,BFO,5.000000,44000,False
880212,ETERNAL26OCT270PE,ETERNAL,29OCT2026,27000.000000,2425,OPTSTK,BFO,5.000000,100000000,False
880221,TORNTPHARM26OCT5250PE,TORNTPHARM,29OCT2026,525000.000000,125,OPTSTK,BFO,5.000000,15000,False
880282,BOSCHLTD26OCT37500PE,BOSCHLTD,29OCT2026,3750000.000000,25,OPTSTK,BFO,5.000000,1500,False
880285,BAJFINANCE26OCT1190PE,BAJFINANCE,29OCT2026,119000.000000,750,OPTSTK,BFO,5.000000,3750,False
880397,ITC26OCT262.5CE,ITC,29OCT2026,26250.000000,1725,OPTSTK,BFO,5.000000,64000,False
877996,BHEL26OCTFUT,BHEL,29OCT2026,0.000000,2625,FUTSTK,BFO,5.000000,315000,False
877970,NHPC26OCTFUT,NHPC,29OCT2026,0.000000,6950,FUTSTK,BFO,5.000000,100000000,False
877976,TIINDIA26OCT2650CE,TIINDIA,29OCT2026,265000.000000,200,OPTSTK,BFO,5.000000,100000000,False
877984,SENSEX2691779400CE,SENSEX,17SEP2026,7940000.000000,20,OPTIDX,BFO,5.000000,1000,False
850487,AMBER26SEP6900PE,AMBER,24SEP2026,690000.000000,100,OPTSTK,BFO,5.000000,100000000,False
850498,SRF26SEP2520CE,SRF,24SEP2026,252000.000000,200,OPTSTK,BFO,5.000000,11250,False
850535,TORNTPHARM26SEP4950PE,TORNTPHARM,24SEP2026,495000.000000,125,OPTSTK,BFO,5.000000,15000,False
850537,PIIND26SEP2480PE,PIIND,24SEP2026,248000.000000,175,OPTSTK,BFO,5.000000,7500,False
880408,MARICO26OCT810CE,MARICO,29OCT2026,81000.000000,1200,OPTSTK,BFO,5.000000,48000,False
880443,CHOLAFIN26OCT1960PE,CHOLAFIN,29OCT2026,196000.000000,625,OPTSTK,BFO,5.000000,25000,False
880461,HDFCLIFE26OCT585CE,HDFCLIFE,29OCT2026,58500.000000,1100,OPTSTK,BFO,5.000000,44000,False
880496,SENSEX30DEC74000CE,SENSEX,26DEC2030,7400000.000000,20,OPTIDX,BFO,5.000000,1000,False
878063,BANDHANBNK26OCT170PE,BANDHANBNK,29OCT2026,17000.000000,3600,OPTSTK,BFO,5.000000,100000,False
878072,SENSEX5026OCT24850CE,SENSEX50,29OCT2026,2485000.000000,75,OPTIDX,BFO,5.000000,1800,False
878077,VEDL26OCT265CE,VEDL,29OCT2026,26500.000000,1150,OPTSTK,BFO,5.000000,80000,False
878113,MFSL26OCT1620CE,MFSL,29OCT2026,162000.000000,400,OPTSTK,BFO,5.000000,32000,False
850540,CROMPTON26SEP255CE,CROMPTON,24SEP2026,25500.000000,2150,OPTSTK,BFO,5.000000,90000,False
850547,RVNL26SEP200CE,RVNL,24SEP2026,20000.000000,1925,OPTSTK,BFO,5.000000,100000000,False
850557,HINDPETRO26SEP350.75PE,HINDPETRO,24SEP2026,35075.000000,2025,OPTSTK,BFO,5.000000,108000,False
850563,NHPC26SEP89CE,NHPC,24SEP2026,8900.000000,6950,OPTSTK,BFO,5.000000,100000000,False
878135,PATANJALI26OCT390CE,PATANJALI,29OCT2026,39000.000000,1075,OPTSTK,BFO,5.000000,100000000,False
878156,POLYCAB26OCT9100PE,POLYCAB,29OCT2026,910000.000000,125,OPTSTK,BFO,5.000000,9000,False
878173,BHARTIARTL26OCT2020PE,BHARTIARTL,29OCT2026,202000.000000,475,OPTSTK,BFO,5.000000,28500,False
878207,MOTHERSON26OCT135PE,MOTHERSON,29OCT2026,13500.000000,6150,OPTSTK,BFO,5.000000,284000,False
880499,ITC26OCT262.5PE,ITC,29OCT2026,26250.000000,1725,OPTSTK,BFO,5.000000,64000,False
880519,JSWENERGY26OCT620PE,JSWENERGY,29OCT2026,62000.000000,1075,OPTSTK,BFO,5.000000,100000000,False
880529,INDIANB26OCT910CE,INDIANB,29OCT2026,91000.000000,1000,OPTSTK,BFO,5.000000,100000000,False
880561,LAURUSLABS26OCT1960CE,LAURUSLABS,29OCT2026,196000.000000,850,OPTSTK,BFO,5.000000,68000,False
850575,BRITANNIA26SEP4850PE,BRITANNIA,24SEP2026,485000.000000,125,OPTSTK,BFO,5.000000,6000,False
850587,EICHERMOT26SEP7200PE,EICHERMOT,24SEP2026,720000.000000,100,OPTSTK,BFO,5.000000,7000,False
850589,BHEL26SEP430CE,BHEL,24SEP2026,43000.000000,2625,OPTSTK,BFO,5.000000,315000,False
850594,TORNTPHARM26SEP5000CE,TORNTPHARM,24SEP2026,500000.000000,125,OPTSTK,BFO,5.000000,15000,False
880580,SWIGGY26OCT250CE,SWIGGY,29OCT2026,25000.000000,1825,OPTSTK,BFO,5.000000,100000000,False
880616,SWIGGY26OCT255CE,SWIGGY,29OCT2026,25500.000000,1825,OPTSTK,BFO,5.000000,100000000,False
880622,GVT&D26OCT5000PE,GVT&D,29OCT2026,500000.000000,125,OPTSTK,BFO,5.000000,100000000,False
880624,BAJFINANCE26OCT1140PE,BAJFINANCE,29OCT2026,114000.000000,750,OPTSTK,BFO,5.000000,3750,False
878275,IRFC26OCT82PE,IRFC,29OCT2026,8200.000000,5425,OPTSTK,BFO,5.000000,100000000,False
878298,NHPC26OCT71CE,NHPC,29OCT2026,7100.000000,6950,OPTSTK,BFO,5.000000,100000000,False
878313,APOLLOHOSP26OCT9200CE,APOLLOHOSP,29OCT2026,920000.000000,125,OPTSTK,BFO,5.000000,5000,False
878382,RBLBANK26OCT410CE,RBLBANK,29OCT2026,41000.000000,3175,OPTSTK,BFO,5.000000,150000,False
850598,LT26SEP4060PE,LT,24SEP2026,406000.000000,175,OPTSTK,BFO,5.000000,12000,False
850609,PNB26SEP100CE,PNB,24SEP2026,10000.000000,8000,OPTSTK,BFO,5.000000,480000,False
850612,PGEL26SEP470CE,PGEL,24SEP2026,47000.000000,950,OPTSTK,BFO,5.000000,100000000,False
850660,UNITDSPR26SEP1460CE,UNITDSPR,24SEP2026,146000.000000,400,OPTSTK,BFO,5.000000,28000,False
880625,SENSEX27DEC80000PE,SENSEX,30DEC2027,8000000.000000,20,OPTIDX,BFO,5.000000,1000,False
880645,KAYNES26OCT4000PE,KAYNES,29OCT2026,400000.000000,150,OPTSTK,BFO,5.000000,100000000,False
880651,FEDERALBNK26OCT395CE,FEDERALBNK,29OCT2026,39500.000000,2500,OPTSTK,BFO,5.000000,200000,False
880657,BHARTIARTL26OCT2120PE,BHARTIARTL,29OCT2026,212000.000000,475,OPTSTK,BFO,5.000000,28500,False
878415,AMBUJACEM26OCT450PE,AMBUJACEM,29OCT2026,45000.000000,1200,OPTSTK,BFO,5.000000,54000,False
878428,SRF26OCT2900PE,SRF,29OCT2026,290000.000000,200,OPTSTK,BFO,5.000000,11250,False
878436,FOCIT26OCT34900PE,FOCIT,29OCT2026,3490000.000000,45,OPTIDX,BFO,5.000000,1350,False
878492,NAUKRI26OCT1380PE,NAUKRI,29OCT2026,138000.000000,550,OPTSTK,BFO,5.000000,6000,False
880715,SHREECEM26OCT24500PE,SHREECEM,29OCT2026,2450000.000000,25,OPTSTK,BFO,5.000000,1000,False
880722,BRITANNIA26OCT5100CE,BRITANNIA,29OCT2026,510000.000000,125,OPTSTK,BFO,5.000000,6000,False
880733,SENSEX2691785100CE,SENSEX,17SEP2026,8510000.000000,20,OPTIDX,BFO,5.000000,1000,False
880734,KAYNES26OCT4100CE,KAYNES,29OCT2026,410000.000000,150,OPTSTK,BFO,5.000000,100000000,False
850668,ADANIENT26SEP3350PE,ADANIENT,24SEP2026,335000.000000,309,OPTSTK,BFO,5.000000,9000,False
850674,ALKEM26SEP5850PE,ALKEM,24SEP2026,585000.000000,125,OPTSTK,BFO,5.000000,8000,False
850796,LTM26SEP3200CE,LTM,24SEP2026,320000.000000,150,OPTSTK,BFO,5.000000,4500,False
850798,AUBANK26SEP940CE,AUBANK,24SEP2026,94000.000000,1000,OPTSTK,BFO,5.000000,30000,False
850808,SENSEX31JUN71000PE,SENSEX,26JUN2031,7100000.000000,20,OPTIDX,BFO,5.000000,1000,False
850814,INDHOTEL26SEP780PE,INDHOTEL,24SEP2026,78000.000000,1000,OPTSTK,BFO,5.000000,60000,False
850824,COCHINSHIP26SEP1640PE,COCHINSHIP,24SEP2026,164000.000000,400,OPTSTK,BFO,5.000000,100000000,False
850825,M&M26SEP3250CE,M&M,24SEP2026,325000.000000,200,OPTSTK,BFO,5.000000,21000,False
878498,IREDA26OCT135PE,IREDA,29OCT2026,13500.000000,4525,OPTSTK,BFO,5.000000,100000000,False
878522,PFC26OCT400PE,PFC,29OCT2026,40000.000000,1300,OPTSTK,BFO,5.000000,124000,False
878533,SENSEX26DEC75000CE,SENSEX,31DEC2026,7500000.000000,20,OPTIDX,BFO,5.000000,1000,False
878546,WIPRO26OCT205CE,WIPRO,29OCT2026,20500.000000,3000,OPTSTK,BFO,5.000000,60000,False
880764,MOTHERSON26OCT167.5CE,MOTHERSON,29OCT2026,16750.000000,6150,OPTSTK,BFO,5.000000,284000,False
880791,WAAREEENER26OCT3050PE,WAAREEENER,29OCT2026,305000.000000,175,OPTSTK,BFO,5.000000,100000000,False
880801,TVSMOTOR26SEP4600CE,TVSMOTOR,24SEP2026,460000.000000,175,OPTSTK,BFO,5.000000,21000,False
880839,HYUNDAI26OCT2180PE,HYUNDAI,29OCT2026,218000.000000,275,OPTSTK,BFO,5.000000,100000000,False
878554,DELHIVERY26OCT480CE,DELHIVERY,29OCT2026,48000.000000,2075,OPTSTK,BFO,5.000000,100000000,False
878658,MOTILALOFS26OCT940CE,MOTILALOFS,29OCT2026,94000.000000,775,OPTSTK,BFO,5.000000,100000000,False
878675,MARUTI26OCT13500PE,MARUTI,29OCT2026,1350000.000000,50,OPTSTK,BFO,5.000000,3000,False
878706,EICHERMOT26OCT7700CE,EICHERMOT,29OCT2026,770000.000000,100,OPTSTK,BFO,5.000000,7000,False
850837,TATACONSUM26SEP1030PE,TATACONSUM,24SEP2026,103000.000000,550,OPTSTK,BFO,5.000000,36000,False
850849,GVT&D26SEP4300CE,GVT&D,24SEP2026,430000.000000,125,OPTSTK,BFO,5.000000,100000000,False
850852,PIDILITIND26SEP1700PE,PIDILITIND,24SEP2026,170000.000000,500,OPTSTK,BFO,5.000000,10000,False
850853,TATACONSUM26SEP1020CE,TATACONSUM,24SEP2026,102000.000000,550,OPTSTK,BFO,5.000000,36000,False
850871,BANKBARODA26SEP250PE,BANKBARODA,24SEP2026,25000.000000,2925,OPTSTK,BFO,5.000000,175500,False
850895,DLF26SEP680CE,DLF,24SEP2026,68000.000000,950,OPTSTK,BFO,5.000000,49500,False
850916,KFINTECH26SEP1000PE,KFINTECH,24SEP2026,100000.000000,575,OPTSTK,BFO,5.000000,100000000,False
850920,MPHASIS26SEP1888PE,MPHASIS,24SEP2026,188800.000000,275,OPTSTK,BFO,5.000000,11000,False
878719,TORNTPHARM26OCT5050PE,TORNTPHARM,29OCT2026,505000.000000,125,OPTSTK,BFO,5.000000,15000,False
878733,SENSEX27DEC75000CE,SENSEX,30DEC2027,7500000.000000,20,OPTIDX,BFO,5.000000,1000,False
880845,GAIL26SEP195CE,GAIL,24SEP2026,19500.000000,3550,OPTSTK,BFO,5.000000,274500,False
880846,JIOFIN26SEP270CE,JIOFIN,24SEP2026,27000.000000,2350,OPTSTK,BFO,5.000000,100000000,False
880848,BANKEX26OCT71900CE,BANKEX,29OCT2026,7190000.000000,30,OPTIDX,BFO,5.000000,900,False
880857,ITC26OCT265PE,ITC,29OCT2026,26500.000000,1725,OPTSTK,BFO,5.000000,64000,False
850921,HEROMOTOCO26SEP4400PE,HEROMOTOCO,24SEP2026,440000.000000,150,OPTSTK,BFO,5.000000,9000,False
850943,LODHA26SEP1060CE,LODHA,24SEP2026,106000.000000,625,OPTSTK,BFO,5.000000,100000000,False
850985,SHRIRAMFIN26SEP920CE,SHRIRAMFIN,24SEP2026,92000.000000,825,OPTSTK,BFO,5.000000,18000,False
851020,APOLLOHOSP26SEP8100PE,APOLLOHOSP,24SEP2026,810000.000000,125,OPTSTK,BFO,5.000000,5000,False
879485,SENSEX26SEP74000PE,SENSEX,24SEP2026,7400000.000000,20,OPTIDX,BFO,5.000000,1000,False
880862,BAJAJFINSV26OCT2160CE,BAJAJFINSV,29OCT2026,216000.000000,300,OPTSTK,BFO,5.000000,20000,False
880872,LODHA26OCT1120CE,LODHA,29OCT2026,112000.000000,625,OPTSTK,BFO,5.000000,100000000,False
880926,LTM26OCT4050CE,LTM,29OCT2026,405000.000000,150,OPTSTK,BFO,5.000000,4500,False
880928,COFORGE26OCT1580PE,COFORGE,29OCT2026,158000.000000,475,OPTSTK,BFO,5.000000,6000,False
880119,TCS26OCT2260PE,TCS,29OCT2026,226000.000000,225,OPTSTK,BFO,5.000000,7000,False
880149,BAJFINANCE26OCT1150PE,BAJFINANCE,29OCT2026,115000.000000,750,OPTSTK,BFO,5.000000,3750,False
880163,ULTRACEMCO26SEP12600CE,ULTRACEMCO,24SEP2026,1260000.000000,50,OPTSTK,BFO,5.000000,3000,False
880185,KAYNES26OCT4000CE,KAYNES,29OCT2026,400000.000000,150,OPTSTK,BFO,5.000000,100000000,False
880954,ASTRAL26OCT1320PE,ASTRAL,29OCT2026,132000.000000,425,OPTSTK,BFO,5.000000,14680,False
880969,KAYNES26SEP4150PE,KAYNES,24SEP2026,415000.000000,150,OPTSTK,BFO,5.000000,100000000,False
880980,PIIND26OCT2400PE,PIIND,29OCT2026,240000.000000,175,OPTSTK,BFO,5.000000,7500,False
880989,MAZDOCK26OCT2750PE,MAZDOCK,29OCT2026,275000.000000,225,OPTSTK,BFO,5.000000,100000000,False
880206,ULTRACEMCO26OCT12600PE,ULTRACEMCO,29OCT2026,1260000.000000,50,OPTSTK,BFO,5.000000,3000,False
880218,BAJFINANCE26SEP1150CE,BAJFINANCE,24SEP2026,115000.000000,750,OPTSTK,BFO,5.000000,3750,False
880284,BAJAJHLDNG26OCT11900PE,BAJAJHLDNG,29OCT2026,1190000.000000,75,OPTSTK,BFO,5.000000,100000000,False
880293,ABCAPITAL26OCT440PE,ABCAPITAL,29OCT2026,44000.000000,3100,OPTSTK,BFO,5.000000,162000,False
880994,RELIANCE26OCT1380CE,RELIANCE,29OCT2026,138000.000000,500,OPTSTK,BFO,5.000000,10000,False
880999,BANKEX26OCT71900PE,BANKEX,29OCT2026,7190000.000000,30,OPTIDX,BFO,5.000000,900,False
881043,HDFCLIFE26OCT585PE,HDFCLIFE,29OCT2026,58500.000000,1100,OPTSTK,BFO,5.000000,44000,False
881044,GLENMARK26OCT2380PE,GLENMARK,29OCT2026,238000.000000,375,OPTSTK,BFO,5.000000,43500,False
880329,PAGEIND26OCT37000CE,PAGEIND,29OCT2026,3700000.000000,20,OPTSTK,BFO,5.000000,600,False
880330,BAJAJHLDNG26OCT11800CE,BAJAJHLDNG,29OCT2026,1180000.000000,75,OPTSTK,BFO,5.000000,100000000,False
880409,NBCC26OCT112.5PE,NBCC,29OCT2026,11250.000000,6500,OPTSTK,BFO,5.000000,100000000,False
880422,FOCIT26OCT29900CE,FOCIT,29OCT2026,2990000.000000,45,OPTIDX,BFO,5.000000,1350,False
851032,GAIL26SEP157.5CE,GAIL,24SEP2026,15750.000000,3550,OPTSTK,BFO,5.000000,274500,False
851040,CUMMINSIND26SEP5000CE,CUMMINSIND,24SEP2026,500000.000000,200,OPTSTK,BFO,5.000000,18000,False
851043,MAZDOCK26SEP2700PE,MAZDOCK,24SEP2026,270000.000000,225,OPTSTK,BFO,5.000000,100000000,False
851049,MOTILALOFS26SEP1040CE,MOTILALOFS,24SEP2026,104000.000000,775,OPTSTK,BFO,5.000000,100000000,False
881046,KEI26OCT5700CE,KEI,29OCT2026,570000.000000,175,OPTSTK,BFO,5.000000,100000000,False
881048,AMBUJACEM26OCT395PE,AMBUJACEM,29OCT2026,39500.000000,1200,OPTSTK,BFO,5.000000,54000,False
881061,ICICIPRULI26OCT550CE,ICICIPRULI,29OCT2026,55000.000000,925,OPTSTK,BFO,5.000000,60000,False
881072,BAJAJFINSV26SEP2080PE,BAJAJFINSV,24SEP2026,208000.000000,300,OPTSTK,BFO,5.000000,20000,False
881075,ALKEM26OCT5400PE,ALKEM,29OCT2026,540000.000000,125,OPTSTK,BFO,5.000000,8000,False
881076,VBL26OCT370PE,VBL,29OCT2026,37000.000000,1275,OPTSTK,BFO,5.000000,100000000,False
881077,MANKIND26OCT2420CE,MANKIND,29OCT2026,242000.000000,250,OPTSTK,BFO,5.000000,100000000,False
881099,INDUSTOWER26OCT341PE,INDUSTOWER,29OCT2026,34100.000000,1700,OPTSTK,BFO,5.000000,170000,False
851055,JSWSTEEL26SEP1080CE,JSWSTEEL,24SEP2026,108000.000000,675,OPTSTK,BFO,5.000000,40500,False
851064,GVT&D26SEP4500CE,GVT&D,24SEP2026,450000.000000,125,OPTSTK,BFO,5.000000,100000000,False
851074,NBCC26SEP115PE,NBCC,24SEP2026,11500.000000,6500,OPTSTK,BFO,5.000000,100000000,False
851116,CANBK26SEP122.5CE,CANBK,24SEP2026,12250.000000,6750,OPTSTK,BFO,5.000000,81000,False
880436,FORTIS26OCT870CE,FORTIS,29OCT2026,87000.000000,775,OPTSTK,BFO,5.000000,100000000,False
880560,HYUNDAI26SEP2320PE,HYUNDAI,24SEP2026,232000.000000,275,OPTSTK,BFO,5.000000,100000000,False
880562,HAL26OCT5000CE,HAL,29OCT2026,500000.000000,150,OPTSTK,BFO,5.000000,9000,False
880566,VEDL26OCT230PE,VEDL,29OCT2026,23000.000000,1150,OPTSTK,BFO,5.000000,80000,False
851144,POLYCAB26SEP10600CE,POLYCAB,24SEP2026,1060000.000000,125,OPTSTK,BFO,5.000000,9000,False
851154,TIINDIA26SEP3150PE,TIINDIA,24SEP2026,315000.000000,200,OPTSTK,BFO,5.000000,100000000,False
851156,GAIL26SEP192.5CE,GAIL,24SEP2026,19250.000000,3550,OPTSTK,BFO,5.000000,274500,False
851209,ADANIENT26SEP3300PE,ADANIENT,24SEP2026,330000.000000,309,OPTSTK,BFO,5.000000,9000,False
880576,GLENMARK26OCT2360PE,GLENMARK,29OCT2026,236000.000000,375,OPTSTK,BFO,5.000000,43500,False
880578,HEROMOTOCO26SEP6100CE,HEROMOTOCO,24SEP2026,610000.000000,150,OPTSTK,BFO,5.000000,9000,False
880603,SENSEX26DEC80000CE,SENSEX,31DEC2026,8000000.000000,20,OPTIDX,BFO,5.000000,1000,False
880608,SENSEX28DEC80000CE,SENSEX,28DEC2028,8000000.000000,20,OPTIDX,BFO,5.000000,1000,False
881100,BAJFINANCE26SEP1160CE,BAJFINANCE,24SEP2026,116000.000000,750,OPTSTK,BFO,5.000000,3750,False
881126,BAJFINANCE26OCT1190CE,BAJFINANCE,29OCT2026,119000.000000,750,OPTSTK,BFO,5.000000,3750,False
881134,BOSCHLTD26OCT37500CE,BOSCHLTD,29OCT2026,3750000.000000,25,OPTSTK,BFO,5.000000,1500,False
881153,FOCIT26SEP30100CE,FOCIT,24SEP2026,3010000.000000,45,OPTIDX,BFO,5.000000,1350,False
851236,IEX26SEP140PE,IEX,24SEP2026,14000.000000,4350,OPTSTK,BFO,5.000000,150000,False
851247,SRF26SEP2450PE,SRF,24SEP2026,245000.000000,200,OPTSTK,BFO,5.000000,11250,False
851262,GVT&D26SEP4700CE,GVT&D,24SEP2026,470000.000000,125,OPTSTK,BFO,5.000000,100000000,False
851312,ONGC26SEP252.5CE,ONGC,24SEP2026,25250.000000,2250,OPTSTK,BFO,5.000000,154000,False
880609,SENSEX5026OCT26600CE,SENSEX50,29OCT2026,2660000.000000,75,OPTIDX,BFO,5.000000,1800,False
880693,HYUNDAI26SEP2260CE,HYUNDAI,24SEP2026,226000.000000,275,OPTSTK,BFO,5.000000,100000000,False
880704,INDHOTEL26OCT670CE,INDHOTEL,29OCT2026,67000.000000,1000,OPTSTK,BFO,5.000000,60000,False
880707,ANGELONE26OCT335PE,ANGELONE,29OCT2026,33500.000000,2500,OPTSTK,BFO,5.000000,100000000,False
881162,M&M26OCT3750PE,M&M,29OCT2026,375000.000000,200,OPTSTK,BFO,5.000000,21000,False
881165,LAURUSLABS26OCT1940PE,LAURUSLABS,29OCT2026,194000.000000,850,OPTSTK,BFO,5.000000,68000,False
881166,ADANIGREEN26OCT1520CE,ADANIGREEN,29OCT2026,152000.000000,600,OPTSTK,BFO,5.000000,100000000,False
881180,OFSS26OCT11900PE,OFSS,29OCT2026,1190000.000000,100,OPTSTK,BFO,5.000000,8000,False
880711,PREMIERENE26OCT1160CE,PREMIERENE,29OCT2026,116000.000000,650,OPTSTK,BFO,5.000000,100000000,False
880714,BAJFINANCE26OCT1180PE,BAJFINANCE,29OCT2026,118000.000000,750,OPTSTK,BFO,5.000000,3750,False
880732,M&M26SEP3700PE,M&M,24SEP2026,370000.000000,200,OPTSTK,BFO,5.000000,21000,False
880735,NHPC26OCT86PE,NHPC,29OCT2026,8600.000000,6950,OPTSTK,BFO,5.000000,100000000,False
881370,JUBLFOOD26OCT500CE,JUBLFOOD,29OCT2026,50000.000000,1250,OPTSTK,BFO,5.000000,50000,False
851327,HAL26SEP4750CE,HAL,24SEP2026,475000.000000,150,OPTSTK,BFO,5.000000,9000,False
851329,PIDILITIND26SEP1680CE,PIDILITIND,24SEP2026,168000.000000,500,OPTSTK,BFO,5.000000,10000,False
851357,INOXWIND26SEP80CE,INOXWIND,24SEP2026,8000.000000,6400,OPTSTK,BFO,5.000000,100000000,False
851366,RADICO26SEP4150PE,RADICO,24SEP2026,415000.000000,150,OPTSTK,BFO,5.000000,100000000,False
881245,HYUNDAI26SEP2240PE,HYUNDAI,24SEP2026,224000.000000,275,OPTSTK,BFO,5.000000,100000000,False
881247,GLENMARK26OCT2360CE,GLENMARK,29OCT2026,236000.000000,375,OPTSTK,BFO,5.000000,43500,False
881368,PATANJALI26OCT395PE,PATANJALI,29OCT2026,39500.000000,1075,OPTSTK,BFO,5.000000,100000000,False
851377,IREDA26SEP117.5PE,IREDA,24SEP2026,11750.000000,4525,OPTSTK,BFO,5.000000,100000000,False
851380,GAIL26SEP177.5PE,GAIL,24SEP2026,17750.000000,3550,OPTSTK,BFO,5.000000,274500,False
851386,SENSEX28DEC71000CE,SENSEX,28DEC2028,7100000.000000,20,OPTIDX,BFO,5.000000,1000,False
851402,AXISBANK26SEP1280CE,AXISBANK,24SEP2026,128000.000000,625,OPTSTK,BFO,5.000000,25000,False
880740,ICICIPRULI26OCT550PE,ICICIPRULI,29OCT2026,55000.000000,925,OPTSTK,BFO,5.000000,60000,False
880750,FORCEMOT26OCT21500CE,FORCEMOT,29OCT2026,2150000.000000,25,OPTSTK,BFO,5.000000,100000000,False
880752,PHOENIXLTD26OCT2040PE,PHOENIXLTD,29OCT2026,204000.000000,350,OPTSTK,BFO,5.000000,100000000,False
880758,NAUKRI26OCT1080CE,NAUKRI,29OCT2026,108000.000000,550,OPTSTK,BFO,5.000000,6000,False
881391,SONACOMS26SEP850CE,SONACOMS,24SEP2026,85000.000000,1225,OPTSTK,BFO,5.000000,100000000,False
881432,SENSEX5026OCT26650CE,SENSEX50,29OCT2026,2665000.000000,75,OPTIDX,BFO,5.000000,1800,False
881486,FOCIT26SEP44700PE,FOCIT,24SEP2026,4470000.000000,45,OPTIDX,BFO,5.000000,1350,False
881496,GODREJCP26OCT1150CE,GODREJCP,29OCT2026,115000.000000,500,OPTSTK,BFO,5.000000,30000,False
851407,MAZDOCK26SEP2200PE,MAZDOCK,24SEP2026,220000.000000,225,OPTSTK,BFO,5.000000,100000000,False
851427,ADANIENT26SEP3250PE,ADANIENT,24SEP2026,325000.000000,309,OPTSTK,BFO,5.000000,9000,False
851434,ADANIENT26SEP3400CE,ADANIENT,24SEP2026,340000.000000,309,OPTSTK,BFO,5.000000,9000,False
851465,AUBANK26SEP1140CE,AUBANK,24SEP2026,114000.000000,1000,OPTSTK,BFO,5.000000,30000,False
851472,MAZDOCK26SEP2850PE,MAZDOCK,24SEP2026,285000.000000,225,OPTSTK,BFO,5.000000,100000000,False
851474,CIPLA26SEP1530CE,CIPLA,24SEP2026,153000.000000,425,OPTSTK,BFO,5.000000,26000,False
851523,JSWENERGY26SEP530PE,JSWENERGY,24SEP2026,53000.000000,1075,OPTSTK,BFO,5.000000,100000000,False
851527,INFY26SEP860CE,INFY,24SEP2026,86000.000000,400,OPTSTK,BFO,5.000000,16000,False
880773,TITAN26SEP5250PE,TITAN,24SEP2026,525000.000000,175,OPTSTK,BFO,5.000000,11250,False
880786,SOLARINDS26OCT20000CE,SOLARINDS,29OCT2026,2000000.000000,50,OPTSTK,BFO,5.000000,100000000,False
880788,BEL26OCT425PE,BEL,29OCT2026,42500.000000,1425,OPTSTK,BFO,5.000000,228000,False
880789,DIVISLAB26SEP8800CE,DIVISLAB,24SEP2026,880000.000000,100,OPTSTK,BFO,5.000000,8000,False
851548,M&M26SEP3400CE,M&M,24SEP2026,340000.000000,200,OPTSTK,BFO,5.000000,21000,False
851550,DIXON26SEP11750PE,DIXON,24SEP2026,1175000.000000,50,OPTSTK,BFO,5.000000,6000,False
851553,NBCC26SEP120CE,NBCC,24SEP2026,12000.000000,6500,OPTSTK,BFO,5.000000,100000000,False
851558,HDFCAMC26SEP3000CE,HDFCAMC,24SEP2026,300000.000000,300,OPTSTK,BFO,5.000000,12000,False
881592,JUBLFOOD26OCT490PE,JUBLFOOD,29OCT2026,49000.000000,1250,OPTSTK,BFO,5.000000,50000,False
881617,ASHOKLEY26OCT185PE,ASHOKLEY,29OCT2026,18500.000000,5000,OPTSTK,BFO,5.000000,150000,False
881632,JUBLFOOD26OCT495PE,JUBLFOOD,29OCT2026,49500.000000,1250,OPTSTK,BFO,5.000000,50000,False
881661,RECLTD26OCT330PE,RECLTD,29OCT2026,33000.000000,1575,OPTSTK,BFO,5.000000,160000,False
881683,RECLTD26OCT335PE,RECLTD,29OCT2026,33500.000000,1575,OPTSTK,BFO,5.000000,160000,False
881684,BAJAJFINSV26OCT2180PE,BAJAJFINSV,29OCT2026,218000.000000,300,OPTSTK,BFO,5.000000,20000,False
881696,FORCEMOT26OCT22000PE,FORCEMOT,29OCT2026,2200000.000000,25,OPTSTK,BFO,5.000000,100000000,False
881699,BANKEX26OCT72000PE,BANKEX,29OCT2026,7200000.000000,30,OPTIDX,BFO,5.000000,900,False
851560,BAJFINANCE26SEP1060PE,BAJFINANCE,24SEP2026,106000.000000,750,OPTSTK,BFO,5.000000,3750,False
851598,GAIL26SEP185PE,GAIL,24SEP2026,18500.000000,3550,OPTSTK,BFO,5.000000,274500,False
851602,IOC26SEP155CE,IOC,24SEP2026,15500.000000,4875,OPTSTK,BFO,5.000000,292500,False
851606,EICHERMOT26SEP7000CE,EICHERMOT,24SEP2026,700000.000000,100,OPTSTK,BFO,5.000000,7000,False
880794,ASTRAL26OCT1320CE,ASTRAL,29OCT2026,132000.000000,425,OPTSTK,BFO,5.000000,14680,False
880814,SHRIRAMFIN26OCT1180PE,SHRIRAMFIN,29OCT2026,118000.000000,825,OPTSTK,BFO,5.000000,18000,False
880820,HEROMOTOCO26SEP6100PE,HEROMOTOCO,24SEP2026,610000.000000,150,OPTSTK,BFO,5.000000,9000,False
880826,HYUNDAI26SEP2220PE,HYUNDAI,24SEP2026,222000.000000,275,OPTSTK,BFO,5.000000,100000000,False
880859,BAJAJ-AUTO26SEP12200CE,BAJAJ-AUTO,24SEP2026,1220000.000000,75,OPTSTK,BFO,5.000000,5000,False
880881,BAJFINANCE26SEP1200CE,BAJFINANCE,24SEP2026,120000.000000,750,OPTSTK,BFO,5.000000,3750,False
880886,TCS26OCT2280PE,TCS,29OCT2026,228000.000000,225,OPTSTK,BFO,5.000000,7000,False
880890,PREMIERENE26OCT1160PE,PREMIERENE,29OCT2026,116000.000000,650,OPTSTK,BFO,5.000000,100000000,False
881746,RVNL26OCT270PE,RVNL,29OCT2026,27000.000000,1925,OPTSTK,BFO,5.000000,100000000,False
881751,NYKAA26SEP375CE,NYKAA,24SEP2026,37500.000000,3125,OPTSTK,BFO,5.000000,100000000,False
881818,NAUKRI26OCT1400CE,NAUKRI,29OCT2026,140000.000000,550,OPTSTK,BFO,5.000000,6000,False
881827,BANKEX26OCT72100CE,BANKEX,29OCT2026,7210000.000000,30,OPTIDX,BFO,5.000000,900,False
851612,MOTHERSON26SEP137.5PE,MOTHERSON,24SEP2026,13750.000000,6150,OPTSTK,BFO,5.000000,284000,False
851641,TATAELXSI26SEP3600CE,TATAELXSI,24SEP2026,360000.000000,125,OPTSTK,BFO,5.000000,100000000,False
851656,MOTILALOFS26SEP840CE,MOTILALOFS,24SEP2026,84000.000000,775,OPTSTK,BFO,5.000000,100000000,False
851725,JSWSTEEL26SEP1320CE,JSWSTEEL,24SEP2026,132000.000000,675,OPTSTK,BFO,5.000000,40500,False
880904,BAJFINANCE26OCT1160CE,BAJFINANCE,29OCT2026,116000.000000,750,OPTSTK,BFO,5.000000,3750,False
880938,POWERINDIA26OCT35500CE,POWERINDIA,29OCT2026,3550000.000000,25,OPTSTK,BFO,5.000000,100000000,False
880966,TVSMOTOR26SEP4600PE,TVSMOTOR,24SEP2026,460000.000000,175,OPTSTK,BFO,5.000000,21000,False
880974,FOCIT26OCT30200PE,FOCIT,29OCT2026,3020000.000000,45,OPTIDX,BFO,5.000000,1350,False
881837,JUBLFOOD26OCT480CE,JUBLFOOD,29OCT2026,48000.000000,1250,OPTSTK,BFO,5.000000,50000,False
881889,CHOLAFIN26OCT2020CE,CHOLAFIN,29OCT2026,202000.000000,625,OPTSTK,BFO,5.000000,25000,False
881890,HINDALCO26SEP1140CE,HINDALCO,24SEP2026,114000.000000,700,OPTSTK,BFO,5.000000,56000,False
881897,SENSEX2691785500CE,SENSEX,17SEP2026,8550000.000000,20,OPTIDX,BFO,5.000000,1000,False
851751,DABUR26SEP385PE,DABUR,24SEP2026,38500.000000,1250,OPTSTK,BFO,5.000000,50000,False
851764,PREMIERENE26SEP1160PE,PREMIERENE,24SEP2026,116000.000000,650,OPTSTK,BFO,5.000000,100000000,False
851766,CGPOWER26SEP1040PE,CGPOWER,24SEP2026,104000.000000,850,OPTSTK,BFO,5.000000,100000000,False
851788,POLYCAB26SEP10600PE,POLYCAB,24SEP2026,1060000.000000,125,OPTSTK,BFO,5.000000,9000,False
880983,HYUNDAI26SEP2300PE,HYUNDAI,24SEP2026,230000.000000,275,OPTSTK,BFO,5.000000,100000000,False
880984,KAYNES26SEP4050CE,KAYNES,24SEP2026,405000.000000,150,OPTSTK,BFO,5.000000,100000000,False
880990,HYUNDAI26SEP2200CE,HYUNDAI,24SEP2026,220000.000000,275,OPTSTK,BFO,5.000000,100000000,False
880992,CHOLAFIN26OCT1980PE,CHOLAFIN,29OCT2026,198000.000000,625,OPTSTK,BFO,5.000000,25000,False
881935,DIVISLAB26OCT9000CE,DIVISLAB,29OCT2026,900000.000000,100,OPTSTK,BFO,5.000000,8000,False
881899,MARUTI26OCT13400CE,MARUTI,29OCT2026,1340000.000000,50,OPTSTK,BFO,5.000000,3000,False
881901,MCX26OCT2300CE,MCX,29OCT2026,230000.000000,225,OPTSTK,BFO,5.000000,16000,False
881926,ABB26OCT8300CE,ABB,29OCT2026,830000.000000,125,OPTSTK,BFO,5.000000,7500,False
851813,BANDHANBNK26SEP180PE,BANDHANBNK,24SEP2026,18000.000000,3600,OPTSTK,BFO,5.000000,100000,False
851833,CANBK26SEP112.5CE,CANBK,24SEP2026,11250.000000,6750,OPTSTK,BFO,5.000000,81000,False
851886,TATAELXSI26SEP3550CE,TATAELXSI,24SEP2026,355000.000000,125,OPTSTK,BFO,5.000000,100000000,False
851894,VBL26SEP460CE,VBL,24SEP2026,46000.000000,1275,OPTSTK,BFO,5.000000,100000000,False
881006,TCS26OCT2220CE,TCS,29OCT2026,222000.000000,225,OPTSTK,BFO,5.000000,7000,False
881011,NAM-INDIA26OCT1300PE,NAM-INDIA,29OCT2026,130000.000000,625,OPTSTK,BFO,5.000000,100000000,False
881026,DRREDDY26OCT1220PE,DRREDDY,29OCT2026,122000.000000,625,OPTSTK,BFO,5.000000,5000,False
881078,COCHINSHIP26OCT1560CE,COCHINSHIP,29OCT2026,156000.000000,400,OPTSTK,BFO,5.000000,100000000,False
881946,KOTAKBANK26OCT430CE,KOTAKBANK,29OCT2026,43000.000000,2000,OPTSTK,BFO,5.000000,12000,False
881960,ABCAPITAL26SEP450PE,ABCAPITAL,24SEP2026,45000.000000,3100,OPTSTK,BFO,5.000000,162000,False
881965,UNIONBANK26OCT190CE,UNIONBANK,29OCT2026,19000.000000,4425,OPTSTK,BFO,5.000000,100000000,False
881990,BAJAJFINSV26SEP2180PE,BAJAJFINSV,24SEP2026,218000.000000,300,OPTSTK,BFO,5.000000,20000,False
851895,LT26SEP4350CE,LT,24SEP2026,435000.000000,175,OPTSTK,BFO,5.000000,12000,False
851936,LODHA26SEP1080PE,LODHA,24SEP2026,108000.000000,625,OPTSTK,BFO,5.000000,100000000,False
851958,KEI26SEP6100CE,KEI,24SEP2026,610000.000000,175,OPTSTK,BFO,5.000000,100000000,False
851975,CGPOWER26SEP1080PE,CGPOWER,24SEP2026,108000.000000,850,OPTSTK,BFO,5.000000,100000000,False
881083,APLAPOLLO26OCT1740PE,APLAPOLLO,29OCT2026,174000.000000,350,OPTSTK,BFO,5.000000,100000000,False
881089,DIXON26OCT12250PE,DIXON,29OCT2026,1225000.000000,50,OPTSTK,BFO,5.000000,6000,False
881105,TORNTPHARM26OCT5250CE,TORNTPHARM,29OCT2026,525000.000000,125,OPTSTK,BFO,5.000000,15000,False
881109,POWERINDIA26OCT35500PE,POWERINDIA,29OCT2026,3550000.000000,25,OPTSTK,BFO,5.000000,100000000,False
881993,TCS26OCT2600PE,TCS,29OCT2026,260000.000000,225,OPTSTK,BFO,5.000000,7000,False
882011,COCHINSHIP26OCT1580PE,COCHINSHIP,29OCT2026,158000.000000,400,OPTSTK,BFO,5.000000,100000000,False
882102,SHRIRAMFIN26SEP1220CE,SHRIRAMFIN,24SEP2026,122000.000000,825,OPTSTK,BFO,5.000000,18000,False
882103,NAUKRI26SEP1400CE,NAUKRI,24SEP2026,140000.000000,550,OPTSTK,BFO,5.000000,6000,False
882110,ALKEM26OCT5350CE,ALKEM,29OCT2026,535000.000000,125,OPTSTK,BFO,5.000000,8000,False
882184,NYKAA26OCT375CE,NYKAA,29OCT2026,37500.000000,3125,OPTSTK,BFO,5.000000,100000000,False
882190,MCX26OCT2300PE,MCX,29OCT2026,230000.000000,225,OPTSTK,BFO,5.000000,16000,False
882193,PNBHOUSING26OCT1220PE,PNBHOUSING,29OCT2026,122000.000000,650,OPTSTK,BFO,5.000000,100000000,False
851991,UNOMINDA26SEP940PE,UNOMINDA,24SEP2026,94000.000000,550,OPTSTK,BFO,5.000000,100000000,False
851997,HEROMOTOCO26SEP5500PE,HEROMOTOCO,24SEP2026,550000.000000,150,OPTSTK,BFO,5.000000,9000,False
852008,MAZDOCK26SEP2800PE,MAZDOCK,24SEP2026,280000.000000,225,OPTSTK,BFO,5.000000,100000000,False
852030,INFY26SEP900CE,INFY,24SEP2026,90000.000000,400,OPTSTK,BFO,5.000000,16000,False
881123,WIPRO26OCT165PE,WIPRO,29OCT2026,16500.000000,3000,OPTSTK,BFO,5.000000,60000,False
881132,FOCIT26SEP30200PE,FOCIT,24SEP2026,3020000.000000,45,OPTIDX,BFO,5.000000,1350,False
881135,BAJAJHLDNG26OCT11900CE,BAJAJHLDNG,29OCT2026,1190000.000000,75,OPTSTK,BFO,5.000000,100000000,False
881148,ASTRAL26OCT1300CE,ASTRAL,29OCT2026,130000.000000,425,OPTSTK,BFO,5.000000,14680,False
882208,COLPAL26OCT1920CE,COLPAL,29OCT2026,192000.000000,275,OPTSTK,BFO,5.000000,14000,False
882229,SENSEX30DEC73000CE,SENSEX,26DEC2030,7300000.000000,20,OPTIDX,BFO,5.000000,1000,False
882243,MUTHOOTFIN26OCT2550CE,MUTHOOTFIN,29OCT2026,255000.000000,275,OPTSTK,BFO,5.000000,22000,False
882266,DIVISLAB26SEP9000CE,DIVISLAB,24SEP2026,900000.000000,100,OPTSTK,BFO,5.000000,8000,False
852031,IOC26SEP132.5CE,IOC,24SEP2026,13250.000000,4875,OPTSTK,BFO,5.000000,292500,False
852066,TITAN26SEP4750CE,TITAN,24SEP2026,475000.000000,175,OPTSTK,BFO,5.000000,11250,False
852088,ETERNAL26SEP280PE,ETERNAL,24SEP2026,28000.000000,2425,OPTSTK,BFO,5.000000,100000000,False
852089,GAIL26SEP190CE,GAIL,24SEP2026,19000.000000,3550,OPTSTK,BFO,5.000000,274500,False
881164,POLYCAB26OCT9800PE,POLYCAB,29OCT2026,980000.000000,125,OPTSTK,BFO,5.000000,9000,False
881167,FOCIT26OCT30100PE,FOCIT,29OCT2026,3010000.000000,45,OPTIDX,BFO,5.000000,1350,False
881168,BAJAJFINSV26OCT2100CE,BAJAJFINSV,29OCT2026,210000.000000,300,OPTSTK,BFO,5.000000,20000,False
881176,CHOLAFIN26OCT1960CE,CHOLAFIN,29OCT2026,196000.000000,625,OPTSTK,BFO,5.000000,25000,False
852097,IOC26SEP137.5CE,IOC,24SEP2026,13750.000000,4875,OPTSTK,BFO,5.000000,292500,False
852128,ADANIENT26SEP2700CE,ADANIENT,24SEP2026,270000.000000,309,OPTSTK,BFO,5.000000,9000,False
852137,INOXWIND26SEP75CE,INOXWIND,24SEP2026,7500.000000,6400,OPTSTK,BFO,5.000000,100000000,False
852179,MPHASIS26SEP1738PE,MPHASIS,24SEP2026,173800.000000,275,OPTSTK,BFO,5.000000,11000,False
882284,DMART26OCT4300PE,DMART,29OCT2026,430000.000000,150,OPTSTK,BFO,5.000000,100000000,False
882285,LTM26OCT4900CE,LTM,29OCT2026,490000.000000,150,OPTSTK,BFO,5.000000,4500,False
882349,ASHOKLEY26SEP185CE,ASHOKLEY,24SEP2026,18500.000000,5000,OPTSTK,BFO,5.000000,150000,False
882406,SENSEX28DEC73000CE,SENSEX,28DEC2028,7300000.000000,20,OPTIDX,BFO,5.000000,1000,False
881182,TCS26OCT2220PE,TCS,29OCT2026,222000.000000,225,OPTSTK,BFO,5.000000,7000,False
881184,INOXWIND26OCT95CE,INOXWIND,29OCT2026,9500.000000,6400,OPTSTK,BFO,5.000000,100000000,False
881223,FOCIT26OCT30300PE,FOCIT,29OCT2026,3030000.000000,45,OPTIDX,BFO,5.000000,1350,False
881224,TORNTPHARM26OCT5300PE,TORNTPHARM,29OCT2026,530000.000000,125,OPTSTK,BFO,5.000000,15000,False
882473,ABCAPITAL26SEP450CE,ABCAPITAL,24SEP2026,45000.000000,3100,OPTSTK,BFO,5.000000,162000,False
882483,SIEMENS26SEP4150PE,SIEMENS,24SEP2026,415000.000000,175,OPTSTK,BFO,5.000000,8250,False
882485,OIL26OCT415PE,OIL,29OCT2026,41500.000000,1400,OPTSTK,BFO,5.000000,100000000,False
882489,PETRONET26SEP320PE,PETRONET,24SEP2026,32000.000000,1900,OPTSTK,BFO,5.000000,120000,False
852195,IREDA26SEP142.5PE,IREDA,24SEP2026,14250.000000,4525,OPTSTK,BFO,5.000000,100000000,False
852215,IREDA26SEP115CE,IREDA,24SEP2026,11500.000000,4525,OPTSTK,BFO,5.000000,100000000,False
852216,PAGEIND26SEP43000CE,PAGEIND,24SEP2026,4300000.000000,20,OPTSTK,BFO,5.000000,600,False
852328,DLF26SEP660CE,DLF,24SEP2026,66000.000000,950,OPTSTK,BFO,5.000000,49500,False
852364,IEX26SEP137.5CE,IEX,24SEP2026,13750.000000,4350,OPTSTK,BFO,5.000000,150000,False
852377,LT26SEP4150PE,LT,24SEP2026,415000.000000,175,OPTSTK,BFO,5.000000,12000,False
852392,MPHASIS26SEP2388CE,MPHASIS,24SEP2026,238800.000000,275,OPTSTK,BFO,5.000000,11000,False
852397,LICHSGFIN26SEP510PE,LICHSGFIN,24SEP2026,51000.000000,1000,OPTSTK,BFO,5.000000,60000,False
881340,MANAPPURAM26OCT330PE,MANAPPURAM,29OCT2026,33000.000000,3000,OPTSTK,BFO,5.000000,180000,False
881392,GODFRYPHLP26OCT2550CE,GODFRYPHLP,29OCT2026,255000.000000,275,OPTSTK,BFO,5.000000,100000000,False
881408,GMRAIRPORT26OCT113CE,GMRAIRPORT,29OCT2026,11300.000000,6975,OPTSTK,BFO,5.000000,675000,False
881423,UNOMINDA26OCT1340PE,UNOMINDA,29OCT2026,134000.000000,550,OPTSTK,BFO,5.000000,100000000,False
882525,ABB26OCT8200PE,ABB,29OCT2026,820000.000000,125,OPTSTK,BFO,5.000000,7500,False
882542,ABB26OCT8100CE,ABB,29OCT2026,810000.000000,125,OPTSTK,BFO,5.000000,7500,False
882598,BAJAJ-AUTO26SEP12300PE,BAJAJ-AUTO,24SEP2026,1230000.000000,75,OPTSTK,BFO,5.000000,5000,False
882606,SENSEX26DEC73000CE,SENSEX,31DEC2026,7300000.000000,20,OPTIDX,BFO,5.000000,1000,False
882622,BRITANNIA26OCT4950PE,BRITANNIA,29OCT2026,495000.000000,125,OPTSTK,BFO,5.000000,6000,False
882642,TITAN26SEP5300CE,TITAN,24SEP2026,530000.000000,175,OPTSTK,BFO,5.000000,11250,False
882645,KAYNES26OCT4200CE,KAYNES,29OCT2026,420000.000000,150,OPTSTK,BFO,5.000000,100000000,False
882669,JSWENERGY26OCT640CE,JSWENERGY,29OCT2026,64000.000000,1075,OPTSTK,BFO,5.000000,100000000,False
882674,PNB26SEP121PE,PNB,24SEP2026,12100.000000,8000,OPTSTK,BFO,5.000000,480000,False
882677,KAYNES26OCT4250PE,KAYNES,29OCT2026,425000.000000,150,OPTSTK,BFO,5.000000,100000000,False
882693,HINDALCO26OCT1160CE,HINDALCO,29OCT2026,116000.000000,700,OPTSTK,BFO,5.000000,56000,False
882742,LAURUSLABS26SEP1980PE,LAURUSLABS,24SEP2026,198000.000000,850,OPTSTK,BFO,5.000000,68000,False
852402,KFINTECH26SEP960PE,KFINTECH,24SEP2026,96000.000000,575,OPTSTK,BFO,5.000000,100000000,False
852418,TCS26SEP1900PE,TCS,24SEP2026,190000.000000,225,OPTSTK,BFO,5.000000,7000,False
852436,LT26SEP4050CE,LT,24SEP2026,405000.000000,175,OPTSTK,BFO,5.000000,12000,False
852465,PETRONET26SEP310CE,PETRONET,24SEP2026,31000.000000,1900,OPTSTK,BFO,5.000000,120000,False
881445,SENSEX26OCT85300PE,SENSEX,29OCT2026,8530000.000000,20,OPTIDX,BFO,5.000000,1000,False
881497,SHREECEM26OCT28500PE,SHREECEM,29OCT2026,2850000.000000,25,OPTSTK,BFO,5.000000,1000,False
881499,BPCL26SEP360PE,BPCL,24SEP2026,36000.000000,1975,OPTSTK,BFO,5.000000,72000,False
881521,JIOFIN26OCT277.5PE,JIOFIN,29OCT2026,27750.000000,2350,OPTSTK,BFO,5.000000,100000000,False
882751,LICI26OCT360PE,LICI,29OCT2026,36000.000000,1400,OPTSTK,BFO,5.000000,100000000,False
882770,NATIONALUM26OCT440PE,NATIONALUM,29OCT2026,44000.000000,1875,OPTSTK,BFO,5.000000,300000,False
882774,DIVISLAB26SEP9100PE,DIVISLAB,24SEP2026,910000.000000,100,OPTSTK,BFO,5.000000,8000,False
882818,OFSS26OCT12200CE,OFSS,29OCT2026,1220000.000000,100,OPTSTK,BFO,5.000000,8000,False
882833,POWERGRID26OCT265PE,POWERGRID,29OCT2026,26500.000000,1900,OPTSTK,BFO,5.000000,108000,False
882851,PHOENIXLTD26OCT2080PE,PHOENIXLTD,29OCT2026,208000.000000,350,OPTSTK,BFO,5.000000,100000000,False
882873,SENSEX27DEC73000CE,SENSEX,30DEC2027,7300000.000000,20,OPTIDX,BFO,5.000000,1000,False
882876,NESTLEIND26OCT1420CE,NESTLEIND,29OCT2026,142000.000000,500,OPTSTK,BFO,5.000000,1200,False
852482,VMM26SEP105CE,VMM,24SEP2026,10500.000000,4850,OPTSTK,BFO,5.000000,100000000,False
852484,PREMIERENE26SEP1140CE,PREMIERENE,24SEP2026,114000.000000,650,OPTSTK,BFO,5.000000,100000000,False
852501,MOTILALOFS26SEP1100PE,MOTILALOFS,24SEP2026,110000.000000,775,OPTSTK,BFO,5.000000,100000000,False
852508,NATIONALUM26SEP410CE,NATIONALUM,24SEP2026,41000.000000,1875,OPTSTK,BFO,5.000000,300000,False
881535,FOCIT26SEP44600CE,FOCIT,24SEP2026,4460000.000000,45,OPTIDX,BFO,5.000000,1350,False
881564,PAYTM26OCT1520CE,PAYTM,29OCT2026,152000.000000,725,OPTSTK,BFO,5.000000,100000000,False
881605,POLICYBZR26OCT1760PE,POLICYBZR,29OCT2026,176000.000000,350,OPTSTK,BFO,5.000000,100000000,False
881619,ABB26OCT8100PE,ABB,29OCT2026,810000.000000,125,OPTSTK,BFO,5.000000,7500,False
882878,BAJFINANCE26OCT1220PE,BAJFINANCE,29OCT2026,122000.000000,750,OPTSTK,BFO,5.000000,3750,False
882890,HINDZINC26SEP630CE,HINDZINC,24SEP2026,63000.000000,1225,OPTSTK,BFO,5.000000,100000000,False
882923,LICHSGFIN26SEP440PE,LICHSGFIN,24SEP2026,44000.000000,1000,OPTSTK,BFO,5.000000,60000,False
882937,ALKEM26OCT5150CE,ALKEM,29OCT2026,515000.000000,125,OPTSTK,BFO,5.000000,8000,False
852518,IEX26SEP140CE,IEX,24SEP2026,14000.000000,4350,OPTSTK,BFO,5.000000,150000,False
852527,NYKAA26SEP275PE,NYKAA,24SEP2026,27500.000000,3125,OPTSTK,BFO,5.000000,100000000,False
852557,PETRONET26SEP310PE,PETRONET,24SEP2026,31000.000000,1900,OPTSTK,BFO,5.000000,120000,False
852572,INFY26SEP960PE,INFY,24SEP2026,96000.000000,400,OPTSTK,BFO,5.000000,16000,False
881641,ITC26OCT305PE,ITC,29OCT2026,30500.000000,1725,OPTSTK,BFO,5.000000,64000,False
881685,OFSS26OCT12100PE,OFSS,29OCT2026,1210000.000000,100,OPTSTK,BFO,5.000000,8000,False
881688,ABCAPITAL26OCT450CE,ABCAPITAL,29OCT2026,45000.000000,3100,OPTSTK,BFO,5.000000,162000,False
881714,IDFCFIRSTB26OCT77PE,IDFCFIRSTB,29OCT2026,7700.000000,9275,OPTSTK,BFO,5.000000,450000,False
882951,UNITDSPR26SEP1680CE,UNITDSPR,24SEP2026,168000.000000,400,OPTSTK,BFO,5.000000,28000,False
882975,BAJAJ-AUTO26OCT12300CE,BAJAJ-AUTO,29OCT2026,1230000.000000,75,OPTSTK,BFO,5.000000,5000,False
882977,OBEROIRLTY26OCT1660PE,OBEROIRLTY,29OCT2026,166000.000000,350,OPTSTK,BFO,5.000000,28000,False
882982,KEI26OCT6000PE,KEI,29OCT2026,600000.000000,175,OPTSTK,BFO,5.000000,100000000,False
852575,TITAN26SEP4700CE,TITAN,24SEP2026,470000.000000,175,OPTSTK,BFO,5.000000,11250,False
852580,HINDALCO26SEP1100PE,HINDALCO,24SEP2026,110000.000000,700,OPTSTK,BFO,5.000000,56000,False
852595,GAIL26SEP172.5CE,GAIL,24SEP2026,17250.000000,3550,OPTSTK,BFO,5.000000,274500,False
852611,PREMIERENE26SEP920PE,PREMIERENE,24SEP2026,92000.000000,650,OPTSTK,BFO,5.000000,100000000,False
881717,SENSEX2691785200PE,SENSEX,17SEP2026,8520000.000000,20,OPTIDX,BFO,5.000000,1000,False
881718,BAJAJFINSV26SEP2180CE,BAJAJFINSV,24SEP2026,218000.000000,300,OPTSTK,BFO,5.000000,20000,False
881726,OFSS26OCT12000CE,OFSS,29OCT2026,1200000.000000,100,OPTSTK,BFO,5.000000,8000,False
881755,UNOMINDA26SEP1340PE,UNOMINDA,24SEP2026,134000.000000,550,OPTSTK,BFO,5.000000,100000000,False
881756,ULTRACEMCO26SEP12700CE,ULTRACEMCO,24SEP2026,1270000.000000,50,OPTSTK,BFO,5.000000,3000,False
881803,AUROPHARMA26OCT1740PE,AUROPHARMA,29OCT2026,174000.000000,550,OPTSTK,BFO,5.000000,44000,False
881821,HCLTECH26SEP1430PE,HCLTECH,24SEP2026,143000.000000,400,OPTSTK,BFO,5.000000,21000,False
881858,SENSEX5026SEP26700PE,SENSEX50,24SEP2026,2670000.000000,75,OPTIDX,BFO,5.000000,1800,False
882989,HDFCLIFE26SEP500CE,HDFCLIFE,24SEP2026,50000.000000,1100,OPTSTK,BFO,5.000000,44000,False
882993,NATIONALUM26SEP450CE,NATIONALUM,24SEP2026,45000.000000,1875,OPTSTK,BFO,5.000000,300000,False
883026,ALKEM26OCT5200PE,ALKEM,29OCT2026,520000.000000,125,OPTSTK,BFO,5.000000,8000,False
883034,LAURUSLABS26OCT1980CE,LAURUSLABS,29OCT2026,198000.000000,850,OPTSTK,BFO,5.000000,68000,False
852613,LT26SEP4500CE,LT,24SEP2026,450000.000000,175,OPTSTK,BFO,5.000000,12000,False
852617,SENSEX5026SEP24000CE,SENSEX50,24SEP2026,2400000.000000,75,OPTIDX,BFO,5.000000,1800,False
852621,CROMPTON26SEP250CE,CROMPTON,24SEP2026,25000.000000,2150,OPTSTK,BFO,5.000000,90000,False
852622,ETERNAL26SEP235CE,ETERNAL,24SEP2026,23500.000000,2425,OPTSTK,BFO,5.000000,100000000,False
883039,CIPLA26OCT1390PE,CIPLA,29OCT2026,139000.000000,425,OPTSTK,BFO,5.000000,26000,False
883067,LICI26OCT385PE,LICI,29OCT2026,38500.000000,1400,OPTSTK,BFO,5.000000,100000000,False
883078,IDFCFIRSTB26OCT93CE,IDFCFIRSTB,29OCT2026,9300.000000,9275,OPTSTK,BFO,5.000000,450000,False
883108,LICI26SEP360PE,LICI,24SEP2026,36000.000000,1400,OPTSTK,BFO,5.000000,100000000,False
881862,PIIND26OCT3200CE,PIIND,29OCT2026,320000.000000,175,OPTSTK,BFO,5.000000,7500,False
881868,JUBLFOOD26OCT485CE,JUBLFOOD,29OCT2026,48500.000000,1250,OPTSTK,BFO,5.000000,50000,False
881871,SIEMENS26OCT4250PE,SIEMENS,29OCT2026,425000.000000,175,OPTSTK,BFO,5.000000,8250,False
881914,KPITTECH26OCT680PE,KPITTECH,29OCT2026,68000.000000,775,OPTSTK,BFO,5.000000,100000000,False
881928,BPCL26OCT360PE,BPCL,29OCT2026,36000.000000,1975,OPTSTK,BFO,5.000000,72000,False
882000,ABCAPITAL26OCT445CE,ABCAPITAL,29OCT2026,44500.000000,3100,OPTSTK,BFO,5.000000,162000,False
882118,GLENMARK26OCT2040CE,GLENMARK,29OCT2026,204000.000000,375,OPTSTK,BFO,5.000000,43500,False
882132,SUPREMEIND26OCT3900CE,SUPREMEIND,29OCT2026,390000.000000,175,OPTSTK,BFO,5.000000,100000000,False
883124,LICI26SEP365PE,LICI,24SEP2026,36500.000000,1400,OPTSTK,BFO,5.000000,100000000,False
883196,JUBLFOOD26SEP510PE,JUBLFOOD,24SEP2026,51000.000000,1250,OPTSTK,BFO,5.000000,50000,False
883211,RELIANCE26OCT1210CE,RELIANCE,29OCT2026,121000.000000,500,OPTSTK,BFO,5.000000,10000,False
883232,JUBLFOOD26OCT505CE,JUBLFOOD,29OCT2026,50500.000000,1250,OPTSTK,BFO,5.000000,50000,False
852634,HINDUNILVR26SEP1980PE,HINDUNILVR,24SEP2026,198000.000000,300,OPTSTK,BFO,5.000000,9000,False
852658,LT26SEP4250CE,LT,24SEP2026,425000.000000,175,OPTSTK,BFO,5.000000,12000,False
852718,LAURUSLABS26SEP1580PE,LAURUSLABS,24SEP2026,158000.000000,850,OPTSTK,BFO,5.000000,68000,False
852767,HAVELLS26SEP1260PE,HAVELLS,24SEP2026,126000.000000,500,OPTSTK,BFO,5.000000,20000,False
883253,NAM-INDIA26OCT1360CE,NAM-INDIA,29OCT2026,136000.000000,625,OPTSTK,BFO,5.000000,100000000,False
883271,SENSEX30JUN73000CE,SENSEX,27JUN2030,7300000.000000,20,OPTIDX,BFO,5.000000,1000,False
883302,SONACOMS26SEP870PE,SONACOMS,24SEP2026,87000.000000,1225,OPTSTK,BFO,5.000000,100000000,False
883343,PAYTM26OCT1560CE,PAYTM,29OCT2026,156000.000000,725,OPTSTK,BFO,5.000000,100000000,False
882144,KPITTECH26OCT690CE,KPITTECH,29OCT2026,69000.000000,775,OPTSTK,BFO,5.000000,100000000,False
882206,MOTHERSON26OCT172.5PE,MOTHERSON,29OCT2026,17250.000000,6150,OPTSTK,BFO,5.000000,284000,False
882218,CHOLAFIN26SEP2020CE,CHOLAFIN,24SEP2026,202000.000000,625,OPTSTK,BFO,5.000000,25000,False
882224,LUPIN26OCT2260PE,LUPIN,29OCT2026,226000.000000,425,OPTSTK,BFO,5.000000,34000,False
852772,TITAN26SEP4750PE,TITAN,24SEP2026,475000.000000,175,OPTSTK,BFO,5.000000,11250,False
852793,KOTAKBANK26SEP360CE,KOTAKBANK,24SEP2026,36000.000000,2000,OPTSTK,BFO,5.000000,12000,False
852800,PHOENIXLTD26SEP2080PE,PHOENIXLTD,24SEP2026,208000.000000,350,OPTSTK,BFO,5.000000,100000000,False
852813,PAGEIND26SEP45000CE,PAGEIND,24SEP2026,4500000.000000,20,OPTSTK,BFO,5.000000,600,False
882247,BHEL26OCT445CE,BHEL,29OCT2026,44500.000000,2625,OPTSTK,BFO,5.000000,315000,False
882252,APLAPOLLO26OCT2060CE,APLAPOLLO,29OCT2026,206000.000000,350,OPTSTK,BFO,5.000000,100000000,False
882298,PFC26OCT380CE,PFC,29OCT2026,38000.000000,1300,OPTSTK,BFO,5.000000,124000,False
882343,SIEMENS26OCT4200CE,SIEMENS,29OCT2026,420000.000000,175,OPTSTK,BFO,5.000000,8250,False
883369,HEROMOTOCO26SEP6400PE,HEROMOTOCO,24SEP2026,640000.000000,150,OPTSTK,BFO,5.000000,9000,False
883373,GODFRYPHLP26OCT2700CE,GODFRYPHLP,29OCT2026,270000.000000,275,OPTSTK,BFO,5.000000,100000000,False
883395,360ONE26SEP1340CE,,24SEP2026,134000.000000,500,OPTSTK,BFO,5.000000,100000000,False
883404,KALYANKJIL26OCT540CE,KALYANKJIL,29OCT2026,54000.000000,1350,OPTSTK,BFO,5.000000,100000000,False
852846,SHRIRAMFIN26SEP1180PE,SHRIRAMFIN,24SEP2026,118000.000000,825,OPTSTK,BFO,5.000000,18000,False
852855,HDFCAMC26SEP2900CE,HDFCAMC,24SEP2026,290000.000000,300,OPTSTK,BFO,5.000000,12000,False
852860,CANBK26SEP115CE,CANBK,24SEP2026,11500.000000,6750,OPTSTK,BFO,5.000000,81000,False
852869,TVSMOTOR26SEP3200CE,TVSMOTOR,24SEP2026,320000.000000,175,OPTSTK,BFO,5.000000,21000,False
882363,SENSEX26SEP85400CE,SENSEX,24SEP2026,8540000.000000,20,OPTIDX,BFO,5.000000,1000,False
882373,LTM26OCT4850CE,LTM,29OCT2026,485000.000000,150,OPTSTK,BFO,5.000000,4500,False
882390,LTM26SEP4950CE,LTM,24SEP2026,495000.000000,150,OPTSTK,BFO,5.000000,4500,False
882404,ALKEM26OCT5350PE,ALKEM,29OCT2026,535000.000000,125,OPTSTK,BFO,5.000000,8000,False
883405,GODFRYPHLP26SEP2700PE,GODFRYPHLP,24SEP2026,270000.000000,275,OPTSTK,BFO,5.000000,100000000,False
883418,MOTILALOFS26OCT1020CE,MOTILALOFS,29OCT2026,102000.000000,775,OPTSTK,BFO,5.000000,100000000,False
883428,RADICO26OCT4850PE,RADICO,29OCT2026,485000.000000,150,OPTSTK,BFO,5.000000,100000000,False
883465,UNOMINDA26SEP1380PE,UNOMINDA,24SEP2026,138000.000000,550,OPTSTK,BFO,5.000000,100000000,False
852896,EICHERMOT26SEP6900CE,EICHERMOT,24SEP2026,690000.000000,100,OPTSTK,BFO,5.000000,7000,False
852903,HDFCLIFE26SEP540CE,HDFCLIFE,24SEP2026,54000.000000,1100,OPTSTK,BFO,5.000000,44000,False
852907,PAGEIND26SEP43000PE,PAGEIND,24SEP2026,4300000.000000,20,OPTSTK,BFO,5.000000,600,False
852941,GMRAIRPORT26SEP118CE,GMRAIRPORT,24SEP2026,11800.000000,6975,OPTSTK,BFO,5.000000,675000,False
883488,VEDL26OCT310PE,VEDL,29OCT2026,31000.000000,1150,OPTSTK,BFO,5.000000,80000,False
883499,JUBLFOOD26SEP515CE,JUBLFOOD,24SEP2026,51500.000000,1250,OPTSTK,BFO,5.000000,50000,False
883501,PAYTM26OCT1560PE,PAYTM,29OCT2026,156000.000000,725,OPTSTK,BFO,5.000000,100000000,False
883512,CROMPTON26OCT305CE,CROMPTON,29OCT2026,30500.000000,2150,OPTSTK,BFO,5.000000,90000,False
882458,OIL26OCT415CE,OIL,29OCT2026,41500.000000,1400,OPTSTK,BFO,5.000000,100000000,False
882461,NTPC26OCT385PE,NTPC,29OCT2026,38500.000000,1500,OPTSTK,BFO,5.000000,150000,False
882536,POLICYBZR26OCT1760CE,POLICYBZR,29OCT2026,176000.000000,350,OPTSTK,BFO,5.000000,100000000,False
882541,MANAPPURAM26OCT330CE,MANAPPURAM,29OCT2026,33000.000000,3000,OPTSTK,BFO,5.000000,180000,False
852950,IREDA26SEP137.5CE,IREDA,24SEP2026,13750.000000,4525,OPTSTK,BFO,5.000000,100000000,False
852953,SONACOMS26SEP660CE,SONACOMS,24SEP2026,66000.000000,1225,OPTSTK,BFO,5.000000,100000000,False
852961,GAIL26SEP160PE,GAIL,24SEP2026,16000.000000,3550,OPTSTK,BFO,5.000000,274500,False
852974,HDFCAMC26SEP2300PE,HDFCAMC,24SEP2026,230000.000000,300,OPTSTK,BFO,5.000000,12000,False
883515,PAYTM26SEP1560CE,PAYTM,24SEP2026,156000.000000,725,OPTSTK,BFO,5.000000,100000000,False
883522,GODFRYPHLP26OCT2700PE,GODFRYPHLP,29OCT2026,270000.000000,275,OPTSTK,BFO,5.000000,100000000,False
883549,POWERINDIA26OCT36000PE,POWERINDIA,29OCT2026,3600000.000000,25,OPTSTK,BFO,5.000000,100000000,False
883550,MCX26OCT2250CE,MCX,29OCT2026,225000.000000,225,OPTSTK,BFO,5.000000,16000,False
882548,DIVISLAB26SEP9000PE,DIVISLAB,24SEP2026,900000.000000,100,OPTSTK,BFO,5.000000,8000,False
882578,UPL26OCT520PE,UPL,29OCT2026,52000.000000,1355,OPTSTK,BFO,5.000000,39000,False
882585,LICI26OCT370PE,LICI,29OCT2026,37000.000000,1400,OPTSTK,BFO,5.000000,100000000,False
882605,ALKEM26OCT5300PE,ALKEM,29OCT2026,530000.000000,125,OPTSTK,BFO,5.000000,8000,False
853008,INOXWIND26SEP77.5PE,INOXWIND,24SEP2026,7750.000000,6400,OPTSTK,BFO,5.000000,100000000,False
853068,PAYTM26SEP1020PE,PAYTM,24SEP2026,102000.000000,725,OPTSTK,BFO,5.000000,100000000,False
853083,IREDA26SEP140CE,IREDA,24SEP2026,14000.000000,4525,OPTSTK,BFO,5.000000,100000000,False
853100,TVSMOTOR26SEP3150CE,TVSMOTOR,24SEP2026,315000.000000,175,OPTSTK,BFO,5.000000,21000,False
882625,DIVISLAB26SEP9100CE,DIVISLAB,24SEP2026,910000.000000,100,OPTSTK,BFO,5.000000,8000,False
882641,HINDUNILVR26OCT1940CE,HINDUNILVR,29OCT2026,194000.000000,300,OPTSTK,BFO,5.000000,9000,False
882653,RADICO26SEP4800CE,RADICO,24SEP2026,480000.000000,150,OPTSTK,BFO,5.000000,100000000,False
882696,SENSEX29DEC73000CE,SENSEX,27DEC2029,7300000.000000,20,OPTIDX,BFO,5.000000,1000,False
883560,KALYANKJIL26OCT535CE,KALYANKJIL,29OCT2026,53500.000000,1350,OPTSTK,BFO,5.000000,100000000,False
883563,BAJAJ-AUTO26OCT12400PE,BAJAJ-AUTO,29OCT2026,1240000.000000,75,OPTSTK,BFO,5.000000,5000,False
883580,VOLTAS26OCT1160CE,VOLTAS,29OCT2026,116000.000000,375,OPTSTK,BFO,5.000000,30000,False
883593,JSWSTEEL26SEP1440CE,JSWSTEEL,24SEP2026,144000.000000,675,OPTSTK,BFO,5.000000,40500,False
853101,LODHA26SEP1040PE,LODHA,24SEP2026,104000.000000,625,OPTSTK,BFO,5.000000,100000000,False
853114,BANDHANBNK26SEP180CE,BANDHANBNK,24SEP2026,18000.000000,3600,OPTSTK,BFO,5.000000,100000,False
853118,TATAELXSI26SEP3500PE,TATAELXSI,24SEP2026,350000.000000,125,OPTSTK,BFO,5.000000,100000000,False
853144,INOXWIND26SEP80PE,INOXWIND,24SEP2026,8000.000000,6400,OPTSTK,BFO,5.000000,100000000,False
882701,KALYANKJIL26OCT570PE,KALYANKJIL,29OCT2026,57000.000000,1350,OPTSTK,BFO,5.000000,100000000,False
882705,PHOENIXLTD26OCT2080CE,PHOENIXLTD,29OCT2026,208000.000000,350,OPTSTK,BFO,5.000000,100000000,False
882709,UNIONBANK26OCT192.5CE,UNIONBANK,29OCT2026,19250.000000,4425,OPTSTK,BFO,5.000000,100000000,False
882724,HINDALCO26SEP1160PE,HINDALCO,24SEP2026,116000.000000,700,OPTSTK,BFO,5.000000,56000,False
853162,IREDA26SEP140PE,IREDA,24SEP2026,14000.000000,4525,OPTSTK,BFO,5.000000,100000000,False
853212,M&M26SEP2800CE,M&M,24SEP2026,280000.000000,200,OPTSTK,BFO,5.000000,21000,False
853265,MPHASIS26SEP1938PE,MPHASIS,24SEP2026,193800.000000,275,OPTSTK,BFO,5.000000,11000,False
853300,PIDILITIND26SEP1460PE,PIDILITIND,24SEP2026,146000.000000,500,OPTSTK,BFO,5.000000,10000,False
883611,KALYANKJIL26OCT550PE,KALYANKJIL,29OCT2026,55000.000000,1350,OPTSTK,BFO,5.000000,100000000,False
883632,AMBUJACEM26OCT480CE,AMBUJACEM,29OCT2026,48000.000000,1200,OPTSTK,BFO,5.000000,54000,False
883642,SENSEX30DEC72000CE,SENSEX,26DEC2030,7200000.000000,20,OPTIDX,BFO,5.000000,1000,False
883677,INDUSTOWER26OCT336CE,INDUSTOWER,29OCT2026,33600.000000,1700,OPTSTK,BFO,5.000000,170000,False
882741,MANAPPURAM26OCT325CE,MANAPPURAM,29OCT2026,32500.000000,3000,OPTSTK,BFO,5.000000,180000,False
882744,HDFCLIFE26SEP500PE,HDFCLIFE,24SEP2026,50000.000000,1100,OPTSTK,BFO,5.000000,44000,False
882778,DABUR26SEP380CE,DABUR,24SEP2026,38000.000000,1250,OPTSTK,BFO,5.000000,50000,False
882789,DABUR26SEP380PE,DABUR,24SEP2026,38000.000000,1250,OPTSTK,BFO,5.000000,50000,False
883679,RBLBANK26OCT425CE,RBLBANK,29OCT2026,42500.000000,3175,OPTSTK,BFO,5.000000,150000,False
883683,360ONE26SEP1320CE,,24SEP2026,132000.000000,500,OPTSTK,BFO,5.000000,100000000,False
883701,BLUESTARCO26OCT1520PE,BLUESTARCO,29OCT2026,152000.000000,325,OPTSTK,BFO,5.000000,100000000,False
883706,RADICO26OCT4900PE,RADICO,29OCT2026,490000.000000,150,OPTSTK,BFO,5.000000,100000000,False
853303,VMM26SEP127.5PE,VMM,24SEP2026,12750.000000,4850,OPTSTK,BFO,5.000000,100000000,False
853329,HEROMOTOCO26SEP4400CE,HEROMOTOCO,24SEP2026,440000.000000,150,OPTSTK,BFO,5.000000,9000,False
853358,VBL26SEP440CE,VBL,24SEP2026,44000.000000,1275,OPTSTK,BFO,5.000000,100000000,False
853428,MOTHERSON26SEP160PE,MOTHERSON,24SEP2026,16000.000000,6150,OPTSTK,BFO,5.000000,284000,False
883719,HCLTECH26OCT1270CE,HCLTECH,29OCT2026,127000.000000,400,OPTSTK,BFO,5.000000,21000,False
883727,KALYANKJIL26OCT540PE,KALYANKJIL,29OCT2026,54000.000000,1350,OPTSTK,BFO,5.000000,100000000,False
883745,HINDZINC26OCT670CE,HINDZINC,29OCT2026,67000.000000,1225,OPTSTK,BFO,5.000000,100000000,False
883753,SENSEX5026SEP26800CE,SENSEX50,24SEP2026,2680000.000000,75,OPTIDX,BFO,5.000000,1800,False
882845,LICI26SEP380PE,LICI,24SEP2026,38000.000000,1400,OPTSTK,BFO,5.000000,100000000,False
882863,CONCOR26OCT485PE,CONCOR,29OCT2026,48500.000000,1250,OPTSTK,BFO,5.000000,40000,False
882898,RADICO26OCT4800PE,RADICO,29OCT2026,480000.000000,150,OPTSTK,BFO,5.000000,100000000,False
882887,PNB26OCT121PE,PNB,29OCT2026,12100.000000,8000,OPTSTK,BFO,5.000000,480000,False
853433,IOC26SEP155PE,IOC,24SEP2026,15500.000000,4875,OPTSTK,BFO,5.000000,292500,False
853434,GAIL26SEP167.5CE,GAIL,24SEP2026,16750.000000,3550,OPTSTK,BFO,5.000000,274500,False
853462,VMM26SEP135CE,VMM,24SEP2026,13500.000000,4850,OPTSTK,BFO,5.000000,100000000,False
853500,VEDL26SEP295CE,VEDL,24SEP2026,29500.000000,1150,OPTSTK,BFO,5.000000,80000,False
883755,INDIANB26OCT920CE,INDIANB,29OCT2026,92000.000000,1000,OPTSTK,BFO,5.000000,100000000,False
883782,POWERGRID26SEP260CE,POWERGRID,24SEP2026,26000.000000,1900,OPTSTK,BFO,5.000000,108000,False
883795,AUBANK26OCT1220PE,AUBANK,29OCT2026,122000.000000,1000,OPTSTK,BFO,5.000000,30000,False
883797,UNIONBANK26SEP200CE,UNIONBANK,24SEP2026,20000.000000,4425,OPTSTK,BFO,5.000000,100000000,False
882920,ALKEM26OCT5250PE,ALKEM,29OCT2026,525000.000000,125,OPTSTK,BFO,5.000000,8000,False
882949,PRESTIGE26OCT1440PE,PRESTIGE,29OCT2026,144000.000000,450,OPTSTK,BFO,5.000000,100000000,False
882976,SAIL26OCT190CE,SAIL,29OCT2026,19000.000000,4700,OPTSTK,BFO,5.000000,320000,False
883033,KAYNES26SEP4250CE,KAYNES,24SEP2026,425000.000000,150,OPTSTK,BFO,5.000000,100000000,False
853504,POLYCAB26SEP10700CE,POLYCAB,24SEP2026,1070000.000000,125,OPTSTK,BFO,5.000000,9000,False
853539,INOXWIND26SEP82.5CE,INOXWIND,24SEP2026,8250.000000,6400,OPTSTK,BFO,5.000000,100000000,False
853549,INDIGO26SEP4700PE,INDIGO,24SEP2026,470000.000000,150,OPTSTK,BFO,5.000000,12000,False
853565,SENSEX27MAR71000PE,SENSEX,25MAR2027,7100000.000000,20,OPTIDX,BFO,5.000000,1000,False
883802,ADANIENSOL26OCT1460CE,ADANIENSOL,29OCT2026,146000.000000,675,OPTSTK,BFO,5.000000,100000000,False
883803,CIPLA26SEP1550PE,CIPLA,24SEP2026,155000.000000,425,OPTSTK,BFO,5.000000,26000,False
883873,BHARATFORG26SEP2360PE,BHARATFORG,24SEP2026,236000.000000,500,OPTSTK,BFO,5.000000,30000,False
883910,FEDERALBNK26OCT315PE,FEDERALBNK,29OCT2026,31500.000000,2500,OPTSTK,BFO,5.000000,200000,False
883043,CGPOWER26OCT1020CE,CGPOWER,29OCT2026,102000.000000,850,OPTSTK,BFO,5.000000,100000000,False
883045,LICI26OCT380PE,LICI,29OCT2026,38000.000000,1400,OPTSTK,BFO,5.000000,100000000,False
883093,JIOFIN26OCT282.5CE,JIOFIN,29OCT2026,28250.000000,2350,OPTSTK,BFO,5.000000,100000000,False
883097,UNOMINDA26SEP1360PE,UNOMINDA,24SEP2026,136000.000000,550,OPTSTK,BFO,5.000000,100000000,False
853593,ICICIGI26SEP1600PE,ICICIGI,24SEP2026,160000.000000,325,OPTSTK,BFO,5.000000,20000,False
853600,MANKIND26SEP2680PE,MANKIND,24SEP2026,268000.000000,250,OPTSTK,BFO,5.000000,100000000,False
853767,BSE26SEP2200CE,BSE,29SEP2026,220000.000000,200,OPTSTK,BFO,5.000000,3751,False
853781,BSE26SEP3600CE,BSE,29SEP2026,360000.000000,200,OPTSTK,BFO,5.000000,3751,False
883940,SBIN26SEP1140PE,SBIN,24SEP2026,114000.000000,750,OPTSTK,BFO,5.000000,45000,False
883965,BANKEX26OCT72700PE,BANKEX,29OCT2026,7270000.000000,30,OPTIDX,BFO,5.000000,900,False
883972,POWERGRID26SEP255CE,POWERGRID,24SEP2026,25500.000000,1900,OPTSTK,BFO,5.000000,108000,False
883982,HAL26OCT5050PE,HAL,29OCT2026,505000.000000,150,OPTSTK,BFO,5.000000,9000,False
883104,LICHSGFIN26OCT440CE,LICHSGFIN,29OCT2026,44000.000000,1000,OPTSTK,BFO,5.000000,60000,False
883131,PAYTM26OCT1540PE,PAYTM,29OCT2026,154000.000000,725,OPTSTK,BFO,5.000000,100000000,False
883143,KEI26SEP6200PE,KEI,24SEP2026,620000.000000,175,OPTSTK,BFO,5.000000,100000000,False
883159,360ONE26OCT1300CE,,29OCT2026,130000.000000,500,OPTSTK,BFO,5.000000,100000000,False
853783,BSE26SEP3800CE,BSE,29SEP2026,380000.000000,200,OPTSTK,BFO,5.000000,3751,False
853875,CDSL26SEP1360PE,CDSL,29SEP2026,136000.000000,475,OPTSTK,BFO,5.000000,14001,False
853886,CDSL26SEP1600CE,CDSL,29SEP2026,160000.000000,475,OPTSTK,BFO,5.000000,14001,False
853947,ANGELONE26SEP375PE,ANGELONE,24SEP2026,37500.000000,2500,OPTSTK,BFO,5.000000,100000000,False
883954,KEI26OCT6300CE,KEI,29OCT2026,630000.000000,175,OPTSTK,BFO,5.000000,100000000,False
883957,MAZDOCK26OCT2850CE,MAZDOCK,29OCT2026,285000.000000,225,OPTSTK,BFO,5.000000,100000000,False
883987,HAL26OCT5200CE,HAL,29OCT2026,520000.000000,150,OPTSTK,BFO,5.000000,9000,False
884026,SAIL26SEP195PE,SAIL,24SEP2026,19500.000000,4700,OPTSTK,BFO,5.000000,320000,False
853958,ASIANPAINT26SEP2860PE,ASIANPAINT,24SEP2026,286000.000000,250,OPTSTK,BFO,5.000000,8000,False
854003,ETERNAL26SEP305CE,ETERNAL,24SEP2026,30500.000000,2425,OPTSTK,BFO,5.000000,100000000,False
854015,TCS26SEP1840CE,TCS,24SEP2026,184000.000000,225,OPTSTK,BFO,5.000000,7000,False
854029,M&M26SEP3450CE,M&M,24SEP2026,345000.000000,200,OPTSTK,BFO,5.000000,21000,False
883163,GODREJPROP26OCT1900PE,GODREJPROP,29OCT2026,190000.000000,325,OPTSTK,BFO,5.000000,19000,False
883223,JUBLFOOD26SEP515PE,JUBLFOOD,24SEP2026,51500.000000,1250,OPTSTK,BFO,5.000000,50000,False
883233,MPHASIS26OCT2800CE,MPHASIS,29OCT2026,280000.000000,275,OPTSTK,BFO,5.000000,11000,False
883235,360ONE26OCT1340CE,,29OCT2026,134000.000000,500,OPTSTK,BFO,5.000000,100000000,False
883993,CHOLAFIN26OCT2080PE,CHOLAFIN,29OCT2026,208000.000000,625,OPTSTK,BFO,5.000000,25000,False
884017,POWERGRID26OCT257.5CE,POWERGRID,29OCT2026,25750.000000,1900,OPTSTK,BFO,5.000000,108000,False
884050,COFORGE26OCT1920CE,COFORGE,29OCT2026,192000.000000,475,OPTSTK,BFO,5.000000,6000,False
884054,BLUESTARCO26OCT1460CE,BLUESTARCO,29OCT2026,146000.000000,325,OPTSTK,BFO,5.000000,100000000,False
854043,ADANIENSOL26SEP1660PE,ADANIENSOL,24SEP2026,166000.000000,675,OPTSTK,BFO,5.000000,100000000,False
854051,MARUTI26SEP14900CE,MARUTI,24SEP2026,1490000.000000,50,OPTSTK,BFO,5.000000,3000,False
854074,PAGEIND26SEP46500CE,PAGEIND,24SEP2026,4650000.000000,20,OPTSTK,BFO,5.000000,600,False
854090,MAZDOCK26SEP2900PE,MAZDOCK,24SEP2026,290000.000000,225,OPTSTK,BFO,5.000000,100000000,False
883242,HINDZINC26SEP650PE,HINDZINC,24SEP2026,65000.000000,1225,OPTSTK,BFO,5.000000,100000000,False
883255,GODFRYPHLP26SEP2700CE,GODFRYPHLP,24SEP2026,270000.000000,275,OPTSTK,BFO,5.000000,100000000,False
883267,KALYANKJIL26OCT555CE,KALYANKJIL,29OCT2026,55500.000000,1350,OPTSTK,BFO,5.000000,100000000,False
883282,JSWSTEEL26OCT1460PE,JSWSTEEL,29OCT2026,146000.000000,675,OPTSTK,BFO,5.000000,40500,False
884072,GLENMARK26OCT2400PE,GLENMARK,29OCT2026,240000.000000,375,OPTSTK,BFO,5.000000,43500,False
884083,MAZDOCK26OCT2800CE,MAZDOCK,29OCT2026,280000.000000,225,OPTSTK,BFO,5.000000,100000000,False
884093,ICICIBANK26OCT1550PE,ICICIBANK,29OCT2026,155000.000000,700,OPTSTK,BFO,5.000000,28000,False
884102,BHARATFORG26SEP2380CE,BHARATFORG,24SEP2026,238000.000000,500,OPTSTK,BFO,5.000000,30000,False
854137,IDEA26SEP22PE,IDEA,24SEP2026,2200.000000,71475,OPTSTK,BFO,5.000000,2400000,False
854147,KPITTECH26SEP560PE,KPITTECH,24SEP2026,56000.000000,775,OPTSTK,BFO,5.000000,100000000,False
854165,HCLTECH26SEP970CE,HCLTECH,24SEP2026,97000.000000,400,OPTSTK,BFO,5.000000,21000,False
854169,BOSCHLTD26SEP44500CE,BOSCHLTD,24SEP2026,4450000.000000,25,OPTSTK,BFO,5.000000,1500,False
883299,TATASTEEL26SEP210CE,TATASTEEL,24SEP2026,21000.000000,2750,OPTSTK,BFO,5.000000,220000,False
883305,KALYANKJIL26OCT535PE,KALYANKJIL,29OCT2026,53500.000000,1350,OPTSTK,BFO,5.000000,100000000,False
883336,ULTRACEMCO26OCT12900CE,ULTRACEMCO,29OCT2026,1290000.000000,50,OPTSTK,BFO,5.000000,3000,False
883345,TVSMOTOR26SEP4750PE,TVSMOTOR,24SEP2026,475000.000000,175,OPTSTK,BFO,5.000000,21000,False
884115,UPL26OCT500CE,UPL,29OCT2026,50000.000000,1355,OPTSTK,BFO,5.000000,39000,False
884120,KEI26OCT6300PE,KEI,29OCT2026,630000.000000,175,OPTSTK,BFO,5.000000,100000000,False
884121,MAZDOCK26OCT2850PE,MAZDOCK,29OCT2026,285000.000000,225,OPTSTK,BFO,5.000000,100000000,False
884122,UNIONBANK26SEP197.5PE,UNIONBANK,24SEP2026,19750.000000,4425,OPTSTK,BFO,5.000000,100000000,False
883377,MPHASIS26OCT2800PE,MPHASIS,29OCT2026,280000.000000,275,OPTSTK,BFO,5.000000,11000,False
883390,ULTRACEMCO26SEP12800PE,ULTRACEMCO,24SEP2026,1280000.000000,50,OPTSTK,BFO,5.000000,3000,False
883397,NAM-INDIA26OCT1360PE,NAM-INDIA,29OCT2026,136000.000000,625,OPTSTK,BFO,5.000000,100000000,False
883442,JUBLFOOD26OCT510PE,JUBLFOOD,29OCT2026,51000.000000,1250,OPTSTK,BFO,5.000000,50000,False
854188,MCX26SEP3300CE,MCX,24SEP2026,330000.000000,225,OPTSTK,BFO,5.000000,16000,False
854220,HDFCAMC26SEP3050PE,HDFCAMC,24SEP2026,305000.000000,300,OPTSTK,BFO,5.000000,12000,False
854225,ABB26SEP6200CE,ABB,24SEP2026,620000.000000,125,OPTSTK,BFO,5.000000,7500,False
854242,DRREDDY26SEP1270PE,DRREDDY,24SEP2026,127000.000000,625,OPTSTK,BFO,5.000000,5000,False
884129,NMDC26OCT93PE,NMDC,29OCT2026,9300.000000,6750,OPTSTK,BFO,5.000000,225000,False
884132,ETERNAL26SEP350PE,ETERNAL,24SEP2026,35000.000000,2425,OPTSTK,BFO,5.000000,100000000,False
884148,DLF26OCT570PE,DLF,29OCT2026,57000.000000,950,OPTSTK,BFO,5.000000,49500,False
884163,CHOLAFIN26OCT2060CE,CHOLAFIN,29OCT2026,206000.000000,625,OPTSTK,BFO,5.000000,25000,False
883444,JSWSTEEL26OCT1440CE,JSWSTEEL,29OCT2026,144000.000000,675,OPTSTK,BFO,5.000000,40500,False
883452,SUNPHARMA26OCT1800PE,SUNPHARMA,29OCT2026,180000.000000,350,OPTSTK,BFO,5.000000,28000,False
883467,BOSCHLTD26OCT46000CE,BOSCHLTD,29OCT2026,4600000.000000,25,OPTSTK,BFO,5.000000,1500,False
883500,APLAPOLLO26OCT2100CE,APLAPOLLO,29OCT2026,210000.000000,350,OPTSTK,BFO,5.000000,100000000,False
854256,BLUESTARCO26SEP1460PE,BLUESTARCO,24SEP2026,146000.000000,325,OPTSTK,BFO,5.000000,100000000,False
854285,LTF26SEP350PE,LTF,24SEP2026,35000.000000,2250,OPTSTK,BFO,5.000000,267720,False
854309,POLICYBZR26SEP1820CE,POLICYBZR,24SEP2026,182000.000000,350,OPTSTK,BFO,5.000000,100000000,False
854365,ADANIGREEN26SEP1660CE,ADANIGREEN,24SEP2026,166000.000000,600,OPTSTK,BFO,5.000000,100000000,False
883503,HEROMOTOCO26OCT6300CE,HEROMOTOCO,29OCT2026,630000.000000,150,OPTSTK,BFO,5.000000,9000,False
883516,TATASTEEL26OCT210CE,TATASTEEL,29OCT2026,21000.000000,2750,OPTSTK,BFO,5.000000,220000,False
883524,HINDZINC26OCT670PE,HINDZINC,29OCT2026,67000.000000,1225,OPTSTK,BFO,5.000000,100000000,False
883555,SONACOMS26SEP870CE,SONACOMS,24SEP2026,87000.000000,1225,OPTSTK,BFO,5.000000,100000000,False
884175,HAL26SEP5200CE,HAL,24SEP2026,520000.000000,150,OPTSTK,BFO,5.000000,9000,False
884185,ADANIENSOL26OCT1480CE,ADANIENSOL,29OCT2026,148000.000000,675,OPTSTK,BFO,5.000000,100000000,False
884186,BDL26OCT1420CE,BDL,29OCT2026,142000.000000,425,OPTSTK,BFO,5.000000,100000000,False
884208,HAL26OCT5150PE,HAL,29OCT2026,515000.000000,150,OPTSTK,BFO,5.000000,9000,False
854399,ABB26SEP6200PE,ABB,24SEP2026,620000.000000,125,OPTSTK,BFO,5.000000,7500,False
854431,BOSCHLTD26SEP44000PE,BOSCHLTD,24SEP2026,4400000.000000,25,OPTSTK,BFO,5.000000,1500,False
854497,MARUTI26SEP15000CE,MARUTI,24SEP2026,1500000.000000,50,OPTSTK,BFO,5.000000,3000,False
854516,KPITTECH26SEP540PE,KPITTECH,24SEP2026,54000.000000,775,OPTSTK,BFO,5.000000,100000000,False
883631,BOSCHLTD26OCT45500CE,BOSCHLTD,29OCT2026,4550000.000000,25,OPTSTK,BFO,5.000000,1500,False
883590,HINDZINC26OCT640CE,HINDZINC,29OCT2026,64000.000000,1225,OPTSTK,BFO,5.000000,100000000,False
883598,OFSS26OCT12400PE,OFSS,29OCT2026,1240000.000000,100,OPTSTK,BFO,5.000000,8000,False
883610,POLYCAB26OCT9900PE,POLYCAB,29OCT2026,990000.000000,125,OPTSTK,BFO,5.000000,9000,False
884215,ASHOKLEY26SEP195CE,ASHOKLEY,24SEP2026,19500.000000,5000,OPTSTK,BFO,5.000000,150000,False
884243,ICICIBANK26OCT1540PE,ICICIBANK,29OCT2026,154000.000000,700,OPTSTK,BFO,5.000000,28000,False
884249,ICICIBANK26OCT1530CE,ICICIBANK,29OCT2026,153000.000000,700,OPTSTK,BFO,5.000000,28000,False
884256,SENSEX26SEP85700CE,SENSEX,24SEP2026,8570000.000000,20,OPTIDX,BFO,5.000000,1000,False
854531,PRESTIGE26SEP1760PE,PRESTIGE,24SEP2026,176000.000000,450,OPTSTK,BFO,5.000000,100000000,False
854569,NAM-INDIA26SEP1340CE,NAM-INDIA,24SEP2026,134000.000000,625,OPTSTK,BFO,5.000000,100000000,False
854584,FOCIT26SEP24500CE,FOCIT,24SEP2026,2450000.000000,45,OPTIDX,BFO,5.000000,1350,False
854690,OBEROIRLTY26SEP1940CE,OBEROIRLTY,24SEP2026,194000.000000,350,OPTSTK,BFO,5.000000,28000,False
883643,PIDILITIND26OCT1780CE,PIDILITIND,29OCT2026,178000.000000,500,OPTSTK,BFO,5.000000,10000,False
883648,PAYTM26SEP1560PE,PAYTM,24SEP2026,156000.000000,725,OPTSTK,BFO,5.000000,100000000,False
883695,MCX26SEP2250CE,MCX,24SEP2026,225000.000000,225,OPTSTK,BFO,5.000000,16000,False
883713,RADICO26SEP4900CE,RADICO,24SEP2026,490000.000000,150,OPTSTK,BFO,5.000000,100000000,False
884341,CIPLA26SEP1550CE,CIPLA,24SEP2026,155000.000000,425,OPTSTK,BFO,5.000000,26000,False
884348,UNIONBANK26OCT197.5PE,UNIONBANK,29OCT2026,19750.000000,4425,OPTSTK,BFO,5.000000,100000000,False
884367,HAL26SEP5150PE,HAL,24SEP2026,515000.000000,150,OPTSTK,BFO,5.000000,9000,False
854704,TVSMOTOR26SEP3850PE,TVSMOTOR,24SEP2026,385000.000000,175,OPTSTK,BFO,5.000000,21000,False
854714,HINDALCO26SEP800CE,HINDALCO,24SEP2026,80000.000000,700,OPTSTK,BFO,5.000000,56000,False
854720,HDFCLIFE26SEP535CE,HDFCLIFE,24SEP2026,53500.000000,1100,OPTSTK,BFO,5.000000,44000,False
854784,IOC26SEP160CE,IOC,24SEP2026,16000.000000,4875,OPTSTK,BFO,5.000000,292500,False
884360,ETERNAL26OCT350PE,ETERNAL,29OCT2026,35000.000000,2425,OPTSTK,BFO,5.000000,100000000,False
883735,OIL26OCT410PE,OIL,29OCT2026,41000.000000,1400,OPTSTK,BFO,5.000000,100000000,False
883761,RBLBANK26SEP420PE,RBLBANK,24SEP2026,42000.000000,3175,OPTSTK,BFO,5.000000,150000,False
883773,TVSMOTOR26OCT4750PE,TVSMOTOR,29OCT2026,475000.000000,175,OPTSTK,BFO,5.000000,21000,False
883790,SENSEX5026SEP26850PE,SENSEX50,24SEP2026,2685000.000000,75,OPTIDX,BFO,5.000000,1800,False
854804,SENSEX5026SEP26300CE,SENSEX50,24SEP2026,2630000.000000,75,OPTIDX,BFO,5.000000,1800,False
854895,SWIGGY26SEP285CE,SWIGGY,24SEP2026,28500.000000,1825,OPTSTK,BFO,5.000000,100000000,False
854900,PERSISTENT26SEP5300CE,PERSISTENT,24SEP2026,530000.000000,125,OPTSTK,BFO,5.000000,5250,False
854902,TITAN26SEP4850CE,TITAN,24SEP2026,485000.000000,175,OPTSTK,BFO,5.000000,11250,False
883798,HAL26SEP5100PE,HAL,24SEP2026,510000.000000,150,OPTSTK,BFO,5.000000,9000,False
883840,SENSEX5026OCT26900CE,SENSEX50,29OCT2026,2690000.000000,75,OPTIDX,BFO,5.000000,1800,False
883841,POWERGRID26OCT262.5PE,POWERGRID,29OCT2026,26250.000000,1900,OPTSTK,BFO,5.000000,108000,False
883845,VOLTAS26OCT1140CE,VOLTAS,29OCT2026,114000.000000,375,OPTSTK,BFO,5.000000,30000,False
884428,SENSEX26SEP85800CE,SENSEX,24SEP2026,8580000.000000,20,OPTIDX,BFO,5.000000,1000,False
884392,ETERNAL26SEP350CE,ETERNAL,24SEP2026,35000.000000,2425,OPTSTK,BFO,5.000000,100000000,False
884419,COCHINSHIP26OCT1600CE,COCHINSHIP,29OCT2026,160000.000000,400,OPTSTK,BFO,5.000000,100000000,False
884421,POWERGRID26SEP252.5PE,POWERGRID,24SEP2026,25250.000000,1900,OPTSTK,BFO,5.000000,108000,False
855041,TITAN26SEP4800CE,TITAN,24SEP2026,480000.000000,175,OPTSTK,BFO,5.000000,11250,False
855057,DMART26SEP3900CE,DMART,24SEP2026,390000.000000,150,OPTSTK,BFO,5.000000,100000000,False
855099,PERSISTENT26SEP5300PE,PERSISTENT,24SEP2026,530000.000000,125,OPTSTK,BFO,5.000000,5250,False
855101,TITAN26SEP4850PE,TITAN,24SEP2026,485000.000000,175,OPTSTK,BFO,5.000000,11250,False
883847,BANKEX26OCT72900CE,BANKEX,29OCT2026,7290000.000000,30,OPTIDX,BFO,5.000000,900,False
883921,BANKBARODA26OCT285CE,BANKBARODA,29OCT2026,28500.000000,2925,OPTSTK,BFO,5.000000,175500,False
883890,GLENMARK26OCT2400CE,GLENMARK,29OCT2026,240000.000000,375,OPTSTK,BFO,5.000000,43500,False
883896,ONGC26OCT220PE,ONGC,29OCT2026,22000.000000,2250,OPTSTK,BFO,5.000000,154000,False
884429,ASHOKLEY26OCT195PE,ASHOKLEY,29OCT2026,19500.000000,5000,OPTSTK,BFO,5.000000,150000,False
884468,SBIN26OCT1170CE,SBIN,29OCT2026,117000.000000,750,OPTSTK,BFO,5.000000,45000,False
884470,GODREJCP26OCT990CE,GODREJCP,29OCT2026,99000.000000,500,OPTSTK,BFO,5.000000,30000,False
884507,INDUSINDBK26OCT1100PE,INDUSINDBK,29OCT2026,110000.000000,700,OPTSTK,BFO,5.000000,20000,False
855110,TECHM26SEP1380CE,TECHM,24SEP2026,138000.000000,600,OPTSTK,BFO,5.000000,24000,False
855117,PRESTIGE26SEP1820PE,PRESTIGE,24SEP2026,182000.000000,450,OPTSTK,BFO,5.000000,100000000,False
855118,SONACOMS26SEP700CE,SONACOMS,24SEP2026,70000.000000,1225,OPTSTK,BFO,5.000000,100000000,False
855136,OBEROIRLTY26SEP1960CE,OBEROIRLTY,24SEP2026,196000.000000,350,OPTSTK,BFO,5.000000,28000,False
856767,MANAPPURAM26SEP380CE,MANAPPURAM,24SEP2026,38000.000000,3000,OPTSTK,BFO,5.000000,180000,False
856790,LTF26SEP370CE,LTF,24SEP2026,37000.000000,2250,OPTSTK,BFO,5.000000,267720,False
883932,BEL26OCT435PE,BEL,29OCT2026,43500.000000,1425,OPTSTK,BFO,5.000000,228000,False
883958,AUBANK26OCT1220CE,AUBANK,29OCT2026,122000.000000,1000,OPTSTK,BFO,5.000000,30000,False
884515,INDUSTOWER26OCT380CE,INDUSTOWER,29OCT2026,38000.000000,1700,OPTSTK,BFO,5.000000,170000,False
884531,INDUSTOWER26SEP340CE,INDUSTOWER,24SEP2026,34000.000000,1700,OPTSTK,BFO,5.000000,170000,False
884542,SONACOMS26SEP890CE,SONACOMS,24SEP2026,89000.000000,1225,OPTSTK,BFO,5.000000,100000000,False
884555,GRASIM26SEP3400PE,GRASIM,24SEP2026,340000.000000,250,OPTSTK,BFO,5.000000,14250,False
855150,ASHOKLEY26SEP182.5CE,ASHOKLEY,24SEP2026,18250.000000,5000,OPTSTK,BFO,5.000000,150000,False
855178,SENSEX30DEC83000PE,SENSEX,26DEC2030,8300000.000000,20,OPTIDX,BFO,5.000000,1000,False
855226,CANBK26SEP145PE,CANBK,24SEP2026,14500.000000,6750,OPTSTK,BFO,5.000000,81000,False
855242,TITAN26SEP4800PE,TITAN,24SEP2026,480000.000000,175,OPTSTK,BFO,5.000000,11250,False
856794,KOTAKBANK26SEP350PE,KOTAKBANK,24SEP2026,35000.000000,2000,OPTSTK,BFO,5.000000,12000,False
856799,CHOLAFIN26SEP1980PE,CHOLAFIN,24SEP2026,198000.000000,625,OPTSTK,BFO,5.000000,25000,False
856848,JUBLFOOD26SEP480CE,JUBLFOOD,24SEP2026,48000.000000,1250,OPTSTK,BFO,5.000000,50000,False
856852,ADANIENSOL26SEP1800PE,ADANIENSOL,24SEP2026,180000.000000,675,OPTSTK,BFO,5.000000,100000000,False
884608,MOTHERSON26OCT185CE,MOTHERSON,29OCT2026,18500.000000,6150,OPTSTK,BFO,5.000000,284000,False
884610,CAMS26OCT710CE,CAMS,29OCT2026,71000.000000,825,OPTSTK,BFO,5.000000,100000000,False
884612,SBIN26OCT1160CE,SBIN,29OCT2026,116000.000000,750,OPTSTK,BFO,5.000000,45000,False
884616,COCHINSHIP26OCT1640PE,COCHINSHIP,29OCT2026,164000.000000,400,OPTSTK,BFO,5.000000,100000000,False
855305,TVSMOTOR26SEP3900CE,TVSMOTOR,24SEP2026,390000.000000,175,OPTSTK,BFO,5.000000,21000,False
855320,BAJAJ-AUTO26SEP10600PE,BAJAJ-AUTO,24SEP2026,1060000.000000,75,OPTSTK,BFO,5.000000,5000,False
855409,SONACOMS26SEP730PE,SONACOMS,24SEP2026,73000.000000,1225,OPTSTK,BFO,5.000000,100000000,False
855474,TECHM26SEP1240PE,TECHM,24SEP2026,124000.000000,600,OPTSTK,BFO,5.000000,24000,False
856872,COFORGE26SEP1660PE,COFORGE,24SEP2026,166000.000000,475,OPTSTK,BFO,5.000000,6000,False
856873,TRENT26SEP2700CE,TRENT,24SEP2026,270000.000000,225,OPTSTK,BFO,5.000000,16000,False
856884,SIEMENS26SEP3150CE,SIEMENS,24SEP2026,315000.000000,175,OPTSTK,BFO,5.000000,8250,False
856890,KALYANKJIL26SEP330CE,KALYANKJIL,24SEP2026,33000.000000,1350,OPTSTK,BFO,5.000000,100000000,False
884621,M&M26SEP3850CE,M&M,24SEP2026,385000.000000,200,OPTSTK,BFO,5.000000,21000,False
884631,CROMPTON26OCT220PE,CROMPTON,29OCT2026,22000.000000,2150,OPTSTK,BFO,5.000000,90000,False
884674,INDUSTOWER26SEP335CE,INDUSTOWER,24SEP2026,33500.000000,1700,OPTSTK,BFO,5.000000,170000,False
884707,INDUSTOWER26SEP375CE,INDUSTOWER,24SEP2026,37500.000000,1700,OPTSTK,BFO,5.000000,170000,False
855475,BRITANNIA26SEP5650CE,BRITANNIA,24SEP2026,565000.000000,125,OPTSTK,BFO,5.000000,6000,False
855488,SENSEX30DEC83000CE,SENSEX,26DEC2030,8300000.000000,20,OPTIDX,BFO,5.000000,1000,False
855497,ADANIENSOL26SEP1680CE,ADANIENSOL,24SEP2026,168000.000000,675,OPTSTK,BFO,5.000000,100000000,False
855529,TECHM26SEP1280PE,TECHM,24SEP2026,128000.000000,600,OPTSTK,BFO,5.000000,24000,False
856897,MPHASIS26SEP2100PE,MPHASIS,24SEP2026,210000.000000,275,OPTSTK,BFO,5.000000,11000,False
856926,RBLBANK26SEP410PE,RBLBANK,24SEP2026,41000.000000,3175,OPTSTK,BFO,5.000000,150000,False
856939,BAJFINANCE26SEP1110PE,BAJFINANCE,24SEP2026,111000.000000,750,OPTSTK,BFO,5.000000,3750,False
856955,PNBHOUSING26SEP1240CE,PNBHOUSING,24SEP2026,124000.000000,650,OPTSTK,BFO,5.000000,100000000,False
884714,LUPIN26OCT2220CE,LUPIN,29OCT2026,222000.000000,425,OPTSTK,BFO,5.000000,34000,False
884748,MOTHERSON26OCT182.5PE,MOTHERSON,29OCT2026,18250.000000,6150,OPTSTK,BFO,5.000000,284000,False
884764,BLUESTARCO26OCT1420PE,BLUESTARCO,29OCT2026,142000.000000,325,OPTSTK,BFO,5.000000,100000000,False
884779,MOTHERSON26SEP182.5CE,MOTHERSON,24SEP2026,18250.000000,6150,OPTSTK,BFO,5.000000,284000,False
884817,GRASIM26OCT3420CE,GRASIM,29OCT2026,342000.000000,250,OPTSTK,BFO,5.000000,14250,False
884819,INDIANB26OCT960PE,INDIANB,29OCT2026,96000.000000,1000,OPTSTK,BFO,5.000000,100000000,False
884829,BLUESTARCO26SEP1380PE,BLUESTARCO,24SEP2026,138000.000000,325,OPTSTK,BFO,5.000000,100000000,False
884830,INDUSTOWER26SEP360CE,INDUSTOWER,24SEP2026,36000.000000,1700,OPTSTK,BFO,5.000000,170000,False
855533,SENSEX27DEC83000PE,SENSEX,30DEC2027,8300000.000000,20,OPTIDX,BFO,5.000000,1000,False
855569,BAJAJFINSV26SEP1980CE,BAJAJFINSV,24SEP2026,198000.000000,300,OPTSTK,BFO,5.000000,20000,False
855624,UNITDSPR26SEP1540PE,UNITDSPR,24SEP2026,154000.000000,400,OPTSTK,BFO,5.000000,28000,False
855635,NESTLEIND26SEP1530PE,NESTLEIND,24SEP2026,153000.000000,500,OPTSTK,BFO,5.000000,1200,False
856973,JIOFIN26SEP260PE,JIOFIN,24SEP2026,26000.000000,2350,OPTSTK,BFO,5.000000,100000000,False
857016,PFC26SEP380CE,PFC,24SEP2026,38000.000000,1300,OPTSTK,BFO,5.000000,124000,False
857023,MPHASIS26SEP2050CE,MPHASIS,24SEP2026,205000.000000,275,OPTSTK,BFO,5.000000,11000,False
857029,BIOCON26SEP370CE,BIOCON,24SEP2026,37000.000000,2500,OPTSTK,BFO,5.000000,100000,False
884854,GRASIM26OCT3460CE,GRASIM,29OCT2026,346000.000000,250,OPTSTK,BFO,5.000000,14250,False
884870,INDUSTOWER26OCT400CE,INDUSTOWER,29OCT2026,40000.000000,1700,OPTSTK,BFO,5.000000,170000,False
884875,INDUSTOWER26SEP345PE,INDUSTOWER,24SEP2026,34500.000000,1700,OPTSTK,BFO,5.000000,170000,False
884883,INDUSTOWER26OCT335CE,INDUSTOWER,29OCT2026,33500.000000,1700,OPTSTK,BFO,5.000000,170000,False
855637,INOXWIND26SEP70PE,INOXWIND,24SEP2026,7000.000000,6400,OPTSTK,BFO,5.000000,100000000,False
855652,INDIANB26SEP740CE,INDIANB,24SEP2026,74000.000000,1000,OPTSTK,BFO,5.000000,100000000,False
855655,INDUSINDBK26SEP1020PE,INDUSINDBK,24SEP2026,102000.000000,700,OPTSTK,BFO,5.000000,20000,False
855659,BHARTIARTL26SEP2040CE,BHARTIARTL,24SEP2026,204000.000000,475,OPTSTK,BFO,5.000000,28500,False
857058,TITAN26SEP4950CE,TITAN,24SEP2026,495000.000000,175,OPTSTK,BFO,5.000000,11250,False
857076,HCLTECH26SEP1220PE,HCLTECH,24SEP2026,122000.000000,400,OPTSTK,BFO,5.000000,21000,False
857089,RECLTD26SEP325CE,RECLTD,24SEP2026,32500.000000,1575,OPTSTK,BFO,5.000000,160000,False
857115,BHEL26SEP345CE,BHEL,24SEP2026,34500.000000,2625,OPTSTK,BFO,5.000000,315000,False
884907,PNB26SEP122PE,PNB,24SEP2026,12200.000000,8000,OPTSTK,BFO,5.000000,480000,False
884944,MOTHERSON26SEP177.5CE,MOTHERSON,24SEP2026,17750.000000,6150,OPTSTK,BFO,5.000000,284000,False
884955,BHARATFORG26SEP2420PE,BHARATFORG,24SEP2026,242000.000000,500,OPTSTK,BFO,5.000000,30000,False
884966,INDUSTOWER26OCT390CE,INDUSTOWER,29OCT2026,39000.000000,1700,OPTSTK,BFO,5.000000,170000,False
855664,PREMIERENE26SEP900PE,PREMIERENE,24SEP2026,90000.000000,650,OPTSTK,BFO,5.000000,100000000,False
855670,BOSCHLTD26SEP45500PE,BOSCHLTD,24SEP2026,4550000.000000,25,OPTSTK,BFO,5.000000,1500,False
855679,SHREECEM26SEP28500CE,SHREECEM,24SEP2026,2850000.000000,25,OPTSTK,BFO,5.000000,1000,False
855681,SENSEX5026SEP26350PE,SENSEX50,24SEP2026,2635000.000000,75,OPTIDX,BFO,5.000000,1800,False
857134,TITAN26SEP4900CE,TITAN,24SEP2026,490000.000000,175,OPTSTK,BFO,5.000000,11250,False
857142,KALYANKJIL26SEP330PE,KALYANKJIL,24SEP2026,33000.000000,1350,OPTSTK,BFO,5.000000,100000000,False
857174,SWIGGY26SEP300CE,SWIGGY,24SEP2026,30000.000000,1825,OPTSTK,BFO,5.000000,100000000,False
857185,MPHASIS26SEP2350CE,MPHASIS,24SEP2026,235000.000000,275,OPTSTK,BFO,5.000000,11000,False
885016,MOTHERSON26OCT182.5CE,MOTHERSON,29OCT2026,18250.000000,6150,OPTSTK,BFO,5.000000,284000,False
885028,ASIANPAINT26OCT2580PE,ASIANPAINT,29OCT2026,258000.000000,250,OPTSTK,BFO,5.000000,8000,False
885041,GRASIM26SEP3440CE,GRASIM,24SEP2026,344000.000000,250,OPTSTK,BFO,5.000000,14250,False
885117,APLAPOLLO26OCT2120CE,APLAPOLLO,29OCT2026,212000.000000,350,OPTSTK,BFO,5.000000,100000000,False
855694,OFSS26SEP11900PE,OFSS,24SEP2026,1190000.000000,100,OPTSTK,BFO,5.000000,8000,False
855701,INDUSINDBK26SEP1050CE,INDUSINDBK,24SEP2026,105000.000000,700,OPTSTK,BFO,5.000000,20000,False
855703,AMBUJACEM26SEP470PE,AMBUJACEM,24SEP2026,47000.000000,1200,OPTSTK,BFO,5.000000,54000,False
855713,BHEL26SEP360PE,BHEL,24SEP2026,36000.000000,2625,OPTSTK,BFO,5.000000,315000,False
857193,JUBLFOOD26SEP490PE,JUBLFOOD,24SEP2026,49000.000000,1250,OPTSTK,BFO,5.000000,50000,False
857221,KALYANKJIL26SEP340CE,KALYANKJIL,24SEP2026,34000.000000,1350,OPTSTK,BFO,5.000000,100000000,False
857252,KALYANKJIL26SEP325PE,KALYANKJIL,24SEP2026,32500.000000,1350,OPTSTK,BFO,5.000000,100000000,False
857273,BSE26SEP1800CE,BSE,29SEP2026,180000.000000,200,OPTSTK,BFO,5.000000,3751,False
885131,POWERINDIA26OCT37500PE,POWERINDIA,29OCT2026,3750000.000000,25,OPTSTK,BFO,5.000000,100000000,False
885142,PFC26OCT375CE,PFC,29OCT2026,37500.000000,1300,OPTSTK,BFO,5.000000,124000,False
885153,BHARTIARTL26OCT1800PE,BHARTIARTL,29OCT2026,180000.000000,475,OPTSTK,BFO,5.000000,28500,False
885191,LTM26SEP5100PE,LTM,24SEP2026,510000.000000,150,OPTSTK,BFO,5.000000,4500,False
855719,PIIND26SEP3000CE,PIIND,24SEP2026,300000.000000,175,OPTSTK,BFO,5.000000,7500,False
855742,TECHM26SEP1560PE,TECHM,24SEP2026,156000.000000,600,OPTSTK,BFO,5.000000,24000,False
855745,ANGELONE26SEP385CE,ANGELONE,24SEP2026,38500.000000,2500,OPTSTK,BFO,5.000000,100000000,False
855753,TIINDIA26SEP2650CE,TIINDIA,24SEP2026,265000.000000,200,OPTSTK,BFO,5.000000,100000000,False
885210,RECLTD26OCT315PE,RECLTD,29OCT2026,31500.000000,1575,OPTSTK,BFO,5.000000,160000,False
885333,PFC26OCT350CE,PFC,29OCT2026,35000.000000,1300,OPTSTK,BFO,5.000000,124000,False
857286,BANKEX26SEP57400PE,BANKEX,24SEP2026,5740000.000000,30,OPTIDX,BFO,5.000000,900,False
857292,INDIANB26SEP700CE,INDIANB,24SEP2026,70000.000000,1000,OPTSTK,BFO,5.000000,100000000,False
857308,POWERGRID26SEP265PE,POWERGRID,24SEP2026,26500.000000,1900,OPTSTK,BFO,5.000000,108000,False
857344,IEX26SEP100PE,IEX,24SEP2026,10000.000000,4350,OPTSTK,BFO,5.000000,150000,False
885237,PAYTM26OCT1660PE,PAYTM,29OCT2026,166000.000000,725,OPTSTK,BFO,5.000000,100000000,False
885299,BOSCHLTD26SEP47000PE,BOSCHLTD,24SEP2026,4700000.000000,25,OPTSTK,BFO,5.000000,1500,False
855763,UPL26SEP670PE,UPL,24SEP2026,67000.000000,1355,OPTSTK,BFO,5.000000,39000,False
855813,BEL26SEP455CE,BEL,24SEP2026,45500.000000,1425,OPTSTK,BFO,5.000000,228000,False
855836,SENSEX26SEP84800CE,SENSEX,24SEP2026,8480000.000000,20,OPTIDX,BFO,5.000000,1000,False
855851,HCLTECH26SEP1180PE,HCLTECH,24SEP2026,118000.000000,400,OPTSTK,BFO,5.000000,21000,False
885355,RECLTD26OCT325PE,RECLTD,29OCT2026,32500.000000,1575,OPTSTK,BFO,5.000000,160000,False
885372,PAYTM26OCT1680CE,PAYTM,29OCT2026,168000.000000,725,OPTSTK,BFO,5.000000,100000000,False
885413,GRASIM26OCT3500PE,GRASIM,29OCT2026,350000.000000,250,OPTSTK,BFO,5.000000,14250,False
885469,LUPIN26OCT2180CE,LUPIN,29OCT2026,218000.000000,425,OPTSTK,BFO,5.000000,34000,False
857357,MFSL26SEP1420CE,MFSL,24SEP2026,142000.000000,400,OPTSTK,BFO,5.000000,32000,False
857384,ADANIPOWER26SEP180PE,ADANIPOWER,24SEP2026,18000.000000,3550,OPTSTK,BFO,5.000000,100000000,False
857386,RVNL26SEP195PE,RVNL,24SEP2026,19500.000000,1925,OPTSTK,BFO,5.000000,100000000,False
857399,MPHASIS26SEP1900PE,MPHASIS,24SEP2026,190000.000000,275,OPTSTK,BFO,5.000000,11000,False
885506,PAYTM26SEP1660CE,PAYTM,24SEP2026,166000.000000,725,OPTSTK,BFO,5.000000,100000000,False
885508,JUBLFOOD26SEP525PE,JUBLFOOD,24SEP2026,52500.000000,1250,OPTSTK,BFO,5.000000,50000,False
885528,PFC26OCT365PE,PFC,29OCT2026,36500.000000,1300,OPTSTK,BFO,5.000000,124000,False
885535,GRASIM26SEP3500PE,GRASIM,24SEP2026,350000.000000,250,OPTSTK,BFO,5.000000,14250,False
855888,BAJFINANCE26SEP1100PE,BAJFINANCE,24SEP2026,110000.000000,750,OPTSTK,BFO,5.000000,3750,False
855889,HYUNDAI26SEP2140CE,HYUNDAI,24SEP2026,214000.000000,275,OPTSTK,BFO,5.000000,100000000,False
855932,POWERINDIA26SEP30000CE,POWERINDIA,24SEP2026,3000000.000000,25,OPTSTK,BFO,5.000000,100000000,False
855955,AMBUJACEM26SEP470CE,AMBUJACEM,24SEP2026,47000.000000,1200,OPTSTK,BFO,5.000000,54000,False
857400,TMPV26SEP295PE,TMPV,24SEP2026,29500.000000,1600,OPTSTK,BFO,5.000000,42750,False
857422,SENSEX29JUN81000CE,SENSEX,28JUN2029,8100000.000000,20,OPTIDX,BFO,5.000000,1000,False
857467,VBL26SEP400PE,VBL,24SEP2026,40000.000000,1275,OPTSTK,BFO,5.000000,100000000,False
857476,SHRIRAMFIN26SEP880CE,SHRIRAMFIN,24SEP2026,88000.000000,825,OPTSTK,BFO,5.000000,18000,False
855984,UNIONBANK26SEP147.5PE,UNIONBANK,24SEP2026,14750.000000,4425,OPTSTK,BFO,5.000000,100000000,False
855986,MPHASIS26SEP2588CE,MPHASIS,24SEP2026,258800.000000,275,OPTSTK,BFO,5.000000,11000,False
856034,KAYNES26SEP3650CE,KAYNES,24SEP2026,365000.000000,150,OPTSTK,BFO,5.000000,100000000,False
856272,BEL26SEP460PE,BEL,24SEP2026,46000.000000,1425,OPTSTK,BFO,5.000000,228000,False
857481,OIL26SEP465PE,OIL,24SEP2026,46500.000000,1400,OPTSTK,BFO,5.000000,100000000,False
857509,CONCOR26SEP420PE,CONCOR,24SEP2026,42000.000000,1250,OPTSTK,BFO,5.000000,40000,False
857525,JIOFIN26SEP215PE,JIOFIN,24SEP2026,21500.000000,2350,OPTSTK,BFO,5.000000,100000000,False
857526,CIPLA26SEP1360CE,CIPLA,24SEP2026,136000.000000,425,OPTSTK,BFO,5.000000,26000,False
856316,GODREJCP26SEP1160CE,GODREJCP,24SEP2026,116000.000000,500,OPTSTK,BFO,5.000000,30000,False
856327,KOTAKBANK26SEP345CE,KOTAKBANK,24SEP2026,34500.000000,2000,OPTSTK,BFO,5.000000,12000,False
856335,ABCAPITAL26SEP445CE,ABCAPITAL,24SEP2026,44500.000000,3100,OPTSTK,BFO,5.000000,162000,False
856402,DIXON26SEP14750CE,DIXON,24SEP2026,1475000.000000,50,OPTSTK,BFO,5.000000,6000,False
857529,SIEMENS26SEP3100PE,SIEMENS,24SEP2026,310000.000000,175,OPTSTK,BFO,5.000000,8250,False
857547,BANKEX26SEP57500CE,BANKEX,24SEP2026,5750000.000000,30,OPTIDX,BFO,5.000000,900,False
857568,JIOFIN26SEP212.5CE,JIOFIN,24SEP2026,21250.000000,2350,OPTSTK,BFO,5.000000,100000000,False
857569,INDIANB26SEP700PE,INDIANB,24SEP2026,70000.000000,1000,OPTSTK,BFO,5.000000,100000000,False
856421,ALKEM26SEP5950PE,ALKEM,24SEP2026,595000.000000,125,OPTSTK,BFO,5.000000,8000,False
856426,DIXON26SEP15000PE,DIXON,24SEP2026,1500000.000000,50,OPTSTK,BFO,5.000000,6000,False
856429,TORNTPHARM26SEP5150CE,TORNTPHARM,24SEP2026,515000.000000,125,OPTSTK,BFO,5.000000,15000,False
856443,LUPIN26SEP2640CE,LUPIN,24SEP2026,264000.000000,425,OPTSTK,BFO,5.000000,34000,False
857596,BANKINDIA26SEP120CE,BANKINDIA,24SEP2026,12000.000000,5200,OPTSTK,BFO,5.000000,100000000,False
857615,ASHOKLEY26SEP137.5CE,ASHOKLEY,24SEP2026,13750.000000,5000,OPTSTK,BFO,5.000000,150000,False
857621,TIINDIA26SEP2550PE,TIINDIA,24SEP2026,255000.000000,200,OPTSTK,BFO,5.000000,100000000,False
857648,BIOCON26SEP365PE,BIOCON,24SEP2026,36500.000000,2500,OPTSTK,BFO,5.000000,100000,False
856449,HDFCBANK26SEP880CE,HDFCBANK,24SEP2026,88000.000000,650,OPTSTK,BFO,5.000000,16500,False
856461,PGEL26SEP640CE,PGEL,24SEP2026,64000.000000,950,OPTSTK,BFO,5.000000,100000000,False
856577,ETERNAL26SEP320CE,ETERNAL,24SEP2026,32000.000000,2425,OPTSTK,BFO,5.000000,100000000,False
856609,IRFC26SEP83PE,IRFC,24SEP2026,8300.000000,5425,OPTSTK,BFO,5.000000,100000000,False
857683,ITC26SEP262.5CE,ITC,24SEP2026,26250.000000,1725,OPTSTK,BFO,5.000000,64000,False
857716,KEI26SEP4300CE,KEI,24SEP2026,430000.000000,175,OPTSTK,BFO,5.000000,100000000,False
857733,VEDL26SEP235PE,VEDL,24SEP2026,23500.000000,1150,OPTSTK,BFO,5.000000,80000,False
857762,SUZLON26SEP46CE,SUZLON,24SEP2026,4600.000000,12700,OPTSTK,BFO,5.000000,100000000,False
856627,INDUSINDBK26SEP1080PE,INDUSINDBK,24SEP2026,108000.000000,700,OPTSTK,BFO,5.000000,20000,False
856684,ABCAPITAL26SEP445PE,ABCAPITAL,24SEP2026,44500.000000,3100,OPTSTK,BFO,5.000000,162000,False
856637,PHOENIXLTD26SEP2240PE,PHOENIXLTD,24SEP2026,224000.000000,350,OPTSTK,BFO,5.000000,100000000,False
856671,IDFCFIRSTB26SEP88PE,IDFCFIRSTB,24SEP2026,8800.000000,9275,OPTSTK,BFO,5.000000,450000,False
857772,IOC26SEP120CE,IOC,24SEP2026,12000.000000,4875,OPTSTK,BFO,5.000000,292500,False
857786,LICI26SEP475PE,LICI,24SEP2026,47500.000000,1400,OPTSTK,BFO,5.000000,100000000,False
857795,KALYANKJIL26SEP455PE,KALYANKJIL,24SEP2026,45500.000000,1350,OPTSTK,BFO,5.000000,100000000,False
857798,UNOMINDA26SEP1300CE,UNOMINDA,24SEP2026,130000.000000,550,OPTSTK,BFO,5.000000,100000000,False
885541,BHARATFORG26OCT2000PE,BHARATFORG,29OCT2026,200000.000000,500,OPTSTK,BFO,5.000000,30000,False
885544,PFC26SEP360CE,PFC,24SEP2026,36000.000000,1300,OPTSTK,BFO,5.000000,124000,False
885551,AMBER26SEP6400CE,AMBER,24SEP2026,640000.000000,100,OPTSTK,BFO,5.000000,100000000,False
885576,COFORGE26SEP1940PE,COFORGE,24SEP2026,194000.000000,475,OPTSTK,BFO,5.000000,6000,False
842245,INFY26SEP1040CE,INFY,24SEP2026,104000.000000,400,OPTSTK,BFO,5.000000,16000,False
842253,IEX26SEP124PE,IEX,24SEP2026,12400.000000,4350,OPTSTK,BFO,5.000000,150000,False
842255,TECHM26SEP1284PE,TECHM,24SEP2026,128400.000000,600,OPTSTK,BFO,5.000000,24000,False
842260,ADANIENT26SEP2920CE,ADANIENT,24SEP2026,292000.000000,309,OPTSTK,BFO,5.000000,9000,False
885591,RADICO26SEP4950PE,RADICO,24SEP2026,495000.000000,150,OPTSTK,BFO,5.000000,100000000,False
885652,OIL26SEP500PE,OIL,24SEP2026,50000.000000,1400,OPTSTK,BFO,5.000000,100000000,False
885658,ZYDUSLIFE26SEP1250CE,ZYDUSLIFE,24SEP2026,125000.000000,900,OPTSTK,BFO,5.000000,54000,False
885690,NAUKRI26OCT1460PE,NAUKRI,29OCT2026,146000.000000,550,OPTSTK,BFO,5.000000,6000,False
842272,GMRAIRPORT26SEP111PE,GMRAIRPORT,24SEP2026,11100.000000,6975,OPTSTK,BFO,5.000000,675000,False
842277,HINDALCO26SEP1010PE,HINDALCO,24SEP2026,101000.000000,700,OPTSTK,BFO,5.000000,56000,False
842300,TORNTPHARM26SEP4800PE,TORNTPHARM,24SEP2026,480000.000000,125,OPTSTK,BFO,5.000000,15000,False
842314,ASHOKLEY26SEP175PE,ASHOKLEY,24SEP2026,17500.000000,5000,OPTSTK,BFO,5.000000,150000,False
885702,SHREECEM26OCT24000CE,SHREECEM,29OCT2026,2400000.000000,25,OPTSTK,BFO,5.000000,1000,False
885709,POLICYBZR26SEP1840PE,POLICYBZR,24SEP2026,184000.000000,350,OPTSTK,BFO,5.000000,100000000,False
885749,MPHASIS26OCT2900CE,MPHASIS,29OCT2026,290000.000000,275,OPTSTK,BFO,5.000000,11000,False
885755,INDHOTEL26OCT650PE,INDHOTEL,29OCT2026,65000.000000,1000,OPTSTK,BFO,5.000000,60000,False
857806,LODHA26SEP1300PE,LODHA,24SEP2026,130000.000000,625,OPTSTK,BFO,5.000000,100000000,False
857818,PAYTM26SEP1400CE,PAYTM,24SEP2026,140000.000000,725,OPTSTK,BFO,5.000000,100000000,False
857887,LICI26SEP475CE,LICI,24SEP2026,47500.000000,1400,OPTSTK,BFO,5.000000,100000000,False
857916,KALYANKJIL26SEP475PE,KALYANKJIL,24SEP2026,47500.000000,1350,OPTSTK,BFO,5.000000,100000000,False
842315,SIEMENS26SEP3500PE,SIEMENS,24SEP2026,350000.000000,175,OPTSTK,BFO,5.000000,8250,False
842316,TIINDIA26SEP3040PE,TIINDIA,24SEP2026,304000.000000,200,OPTSTK,BFO,5.000000,100000000,False
842319,SENSEX5026SEP24900CE,SENSEX50,24SEP2026,2490000.000000,75,OPTIDX,BFO,5.000000,1800,False
842333,VOLTAS26SEP1400CE,VOLTAS,24SEP2026,140000.000000,375,OPTSTK,BFO,5.000000,30000,False
885792,MAXHEALTH26SEP990PE,MAXHEALTH,24SEP2026,99000.000000,525,OPTSTK,BFO,5.000000,100000000,False
885856,MPHASIS26SEP2900CE,MPHASIS,24SEP2026,290000.000000,275,OPTSTK,BFO,5.000000,11000,False
885897,NATIONALUM26OCT460CE,NATIONALUM,29OCT2026,46000.000000,1875,OPTSTK,BFO,5.000000,300000,False
885903,DRREDDY26OCT1260PE,DRREDDY,29OCT2026,126000.000000,625,OPTSTK,BFO,5.000000,5000,False
857917,SWIGGY26SEP310CE,SWIGGY,24SEP2026,31000.000000,1825,OPTSTK,BFO,5.000000,100000000,False
857949,INDUSTOWER26SEP421PE,INDUSTOWER,24SEP2026,42100.000000,1700,OPTSTK,BFO,5.000000,170000,False
857951,LODHA26SEP1280CE,LODHA,24SEP2026,128000.000000,625,OPTSTK,BFO,5.000000,100000000,False
857973,BOSCHLTD26SEP46000PE,BOSCHLTD,24SEP2026,4600000.000000,25,OPTSTK,BFO,5.000000,1500,False
842338,SUZLON26SEP54PE,SUZLON,24SEP2026,5400.000000,12700,OPTSTK,BFO,5.000000,100000000,False
842387,IOC26SEP140PE,IOC,24SEP2026,14000.000000,4875,OPTSTK,BFO,5.000000,292500,False
842390,VOLTAS26SEP1320PE,VOLTAS,24SEP2026,132000.000000,375,OPTSTK,BFO,5.000000,30000,False
842392,GODFRYPHLP26SEP2380CE,GODFRYPHLP,24SEP2026,238000.000000,275,OPTSTK,BFO,5.000000,100000000,False
842404,CROMPTON26SEP262.5CE,CROMPTON,24SEP2026,26250.000000,2150,OPTSTK,BFO,5.000000,90000,False
842406,DABUR26SEP395CE,DABUR,24SEP2026,39500.000000,1250,OPTSTK,BFO,5.000000,50000,False
842414,COFORGE26SEP1560CE,COFORGE,24SEP2026,156000.000000,475,OPTSTK,BFO,5.000000,6000,False
842422,INDIGO26SEP5100CE,INDIGO,24SEP2026,510000.000000,150,OPTSTK,BFO,5.000000,12000,False
857974,PREMIERENE26SEP1220CE,PREMIERENE,24SEP2026,122000.000000,650,OPTSTK,BFO,5.000000,100000000,False
858009,KALYANKJIL26SEP450CE,KALYANKJIL,24SEP2026,45000.000000,1350,OPTSTK,BFO,5.000000,100000000,False
858036,BANDHANBNK26SEP245CE,BANDHANBNK,24SEP2026,24500.000000,3600,OPTSTK,BFO,5.000000,100000,False
858050,KALYANKJIL26SEP495PE,KALYANKJIL,24SEP2026,49500.000000,1350,OPTSTK,BFO,5.000000,100000000,False
885905,BOSCHLTD26OCT48000PE,BOSCHLTD,29OCT2026,4800000.000000,25,OPTSTK,BFO,5.000000,1500,False
885906,NATIONALUM26OCT460PE,NATIONALUM,29OCT2026,46000.000000,1875,OPTSTK,BFO,5.000000,300000,False
885932,OIL26OCT505CE,OIL,29OCT2026,50500.000000,1400,OPTSTK,BFO,5.000000,100000000,False
885937,MOTHERSON26OCT187.5CE,MOTHERSON,29OCT2026,18750.000000,6150,OPTSTK,BFO,5.000000,284000,False
842464,IDEA26SEP13PE,IDEA,24SEP2026,1300.000000,71475,OPTSTK,BFO,5.000000,2400000,False
842469,DLF26SEPFUT,DLF,24SEP2026,0.000000,950,FUTSTK,BFO,5.000000,49500,False
842484,GODREJCP26SEP1030CE,GODREJCP,24SEP2026,103000.000000,500,OPTSTK,BFO,5.000000,30000,False
842492,NBCC26SEP110PE,NBCC,24SEP2026,11000.000000,6500,OPTSTK,BFO,5.000000,100000000,False
858056,TECHM26SEP1600CE,TECHM,24SEP2026,160000.000000,600,OPTSTK,BFO,5.000000,24000,False
858064,LTM26SEP4400CE,LTM,24SEP2026,440000.000000,150,OPTSTK,BFO,5.000000,4500,False
858080,PAYTM26SEP1440CE,PAYTM,24SEP2026,144000.000000,725,OPTSTK,BFO,5.000000,100000000,False
858096,ICICIPRULI26SEP545PE,ICICIPRULI,24SEP2026,54500.000000,925,OPTSTK,BFO,5.000000,60000,False
842496,PHOENIXLTD26SEP1980PE,PHOENIXLTD,24SEP2026,198000.000000,350,OPTSTK,BFO,5.000000,100000000,False
842508,LT26SEP4080PE,LT,24SEP2026,408000.000000,175,OPTSTK,BFO,5.000000,12000,False
842540,SBILIFE26SEP1720CE,SBILIFE,24SEP2026,172000.000000,375,OPTSTK,BFO,5.000000,22500,False
842541,SUZLON26SEP55CE,SUZLON,24SEP2026,5500.000000,12700,OPTSTK,BFO,5.000000,100000000,False
858103,PAYTM26SEP1480CE,PAYTM,24SEP2026,148000.000000,725,OPTSTK,BFO,5.000000,100000000,False
858106,CANBK26SEP147.5PE,CANBK,24SEP2026,14750.000000,6750,OPTSTK,BFO,5.000000,81000,False
858145,INDIANB26SEP910PE,INDIANB,24SEP2026,91000.000000,1000,OPTSTK,BFO,5.000000,100000000,False
858148,GODREJPROP26SEP2220PE,GODREJPROP,24SEP2026,222000.000000,325,OPTSTK,BFO,5.000000,19000,False
885956,NATIONALUM26SEP480PE,NATIONALUM,24SEP2026,48000.000000,1875,OPTSTK,BFO,5.000000,300000,False
885988,NATIONALUM26OCT490CE,NATIONALUM,29OCT2026,49000.000000,1875,OPTSTK,BFO,5.000000,300000,False
886001,GODREJCP26OCT900PE,GODREJCP,29OCT2026,90000.000000,500,OPTSTK,BFO,5.000000,30000,False
886004,MAXHEALTH26SEP960CE,MAXHEALTH,24SEP2026,96000.000000,525,OPTSTK,BFO,5.000000,100000000,False
842546,BDL26SEP1460PE,BDL,24SEP2026,146000.000000,425,OPTSTK,BFO,5.000000,100000000,False
842553,MANKIND26SEP2460CE,MANKIND,24SEP2026,246000.000000,250,OPTSTK,BFO,5.000000,100000000,False
842570,ZYDUSLIFE26SEP1090CE,ZYDUSLIFE,24SEP2026,109000.000000,900,OPTSTK,BFO,5.000000,54000,False
842582,MOTHERSON26SEP150PE,MOTHERSON,24SEP2026,15000.000000,6150,OPTSTK,BFO,5.000000,284000,False
858153,LTM26SEP4350PE,LTM,24SEP2026,435000.000000,150,OPTSTK,BFO,5.000000,4500,False
858190,MFSL26SEP1780CE,MFSL,24SEP2026,178000.000000,400,OPTSTK,BFO,5.000000,32000,False
858221,ICICIPRULI26SEP545CE,ICICIPRULI,24SEP2026,54500.000000,925,OPTSTK,BFO,5.000000,60000,False
858247,PHOENIXLTD26SEP2280PE,PHOENIXLTD,24SEP2026,228000.000000,350,OPTSTK,BFO,5.000000,100000000,False
886048,FORTIS26OCT850PE,FORTIS,29OCT2026,85000.000000,775,OPTSTK,BFO,5.000000,100000000,False
886051,NATIONALUM26SEP470PE,NATIONALUM,24SEP2026,47000.000000,1875,OPTSTK,BFO,5.000000,300000,False
886053,PGEL26OCT530CE,PGEL,29OCT2026,53000.000000,950,OPTSTK,BFO,5.000000,100000000,False
886055,PGEL26OCT530PE,PGEL,29OCT2026,53000.000000,950,OPTSTK,BFO,5.000000,100000000,False
842585,KAYNES26SEP3600PE,KAYNES,24SEP2026,360000.000000,150,OPTSTK,BFO,5.000000,100000000,False
842586,SBIN26SEP1100PE,SBIN,24SEP2026,110000.000000,750,OPTSTK,BFO,5.000000,45000,False
842597,ETERNAL26SEP247.5PE,ETERNAL,24SEP2026,24750.000000,2425,OPTSTK,BFO,5.000000,100000000,False
842605,PGEL26SEP610PE,PGEL,24SEP2026,61000.000000,950,OPTSTK,BFO,5.000000,100000000,False
858256,PNBHOUSING26SEP1260CE,PNBHOUSING,24SEP2026,126000.000000,650,OPTSTK,BFO,5.000000,100000000,False
858265,INDIANB26SEP910CE,INDIANB,24SEP2026,91000.000000,1000,OPTSTK,BFO,5.000000,100000000,False
858274,DLF26SEP760PE,DLF,24SEP2026,76000.000000,950,OPTSTK,BFO,5.000000,49500,False
858289,KALYANKJIL26SEP505CE,KALYANKJIL,24SEP2026,50500.000000,1350,OPTSTK,BFO,5.000000,100000000,False
886083,UNIONBANK26SEP202.5PE,UNIONBANK,24SEP2026,20250.000000,4425,OPTSTK,BFO,5.000000,100000000,False
886104,PFC26OCT345PE,PFC,29OCT2026,34500.000000,1300,OPTSTK,BFO,5.000000,124000,False
886107,TATASTEEL26OCT167.5PE,TATASTEEL,29OCT2026,16750.000000,2750,OPTSTK,BFO,5.000000,220000,False
886113,GODREJCP26SEP890CE,GODREJCP,24SEP2026,89000.000000,500,OPTSTK,BFO,5.000000,30000,False
842621,PERSISTENT26SEP5200PE,PERSISTENT,24SEP2026,520000.000000,125,OPTSTK,BFO,5.000000,5250,False
842633,MUTHOOTFIN26SEP2950CE,MUTHOOTFIN,24SEP2026,295000.000000,275,OPTSTK,BFO,5.000000,22000,False
842658,MOTILALOFS26SEP920PE,MOTILALOFS,24SEP2026,92000.000000,775,OPTSTK,BFO,5.000000,100000000,False
842660,VMM26SEP120PE,VMM,24SEP2026,12000.000000,4850,OPTSTK,BFO,5.000000,100000000,False
858328,KALYANKJIL26SEP520PE,KALYANKJIL,24SEP2026,52000.000000,1350,OPTSTK,BFO,5.000000,100000000,False
858337,LAURUSLABS26SEP1700PE,LAURUSLABS,24SEP2026,170000.000000,850,OPTSTK,BFO,5.000000,68000,False
858362,HCLTECH26SEP1270CE,HCLTECH,24SEP2026,127000.000000,400,OPTSTK,BFO,5.000000,21000,False
858377,WIPRO26SEP195CE,WIPRO,24SEP2026,19500.000000,3000,OPTSTK,BFO,5.000000,60000,False
886156,SOLARINDS26OCT20750PE,SOLARINDS,29OCT2026,2075000.000000,50,OPTSTK,BFO,5.000000,100000000,False
886189,INDUSTOWER26OCT410PE,INDUSTOWER,29OCT2026,41000.000000,1700,OPTSTK,BFO,5.000000,170000,False
886215,TATACONSUM26SEP1000CE,TATACONSUM,24SEP2026,100000.000000,550,OPTSTK,BFO,5.000000,36000,False
886221,GODREJCP26OCT900CE,GODREJCP,29OCT2026,90000.000000,500,OPTSTK,BFO,5.000000,30000,False
842662,SHREECEM26SEP25250PE,SHREECEM,24SEP2026,2525000.000000,25,OPTSTK,BFO,5.000000,1000,False
842668,INDUSTOWER26SEP396PE,INDUSTOWER,24SEP2026,39600.000000,1700,OPTSTK,BFO,5.000000,170000,False
842669,GMRAIRPORT26SEP104PE,GMRAIRPORT,24SEP2026,10400.000000,6975,OPTSTK,BFO,5.000000,675000,False
842670,RELIANCE26SEP1340PE,RELIANCE,24SEP2026,134000.000000,500,OPTSTK,BFO,5.000000,10000,False
858403,INFY26SEP1240PE,INFY,24SEP2026,124000.000000,400,OPTSTK,BFO,5.000000,16000,False
858412,COFORGE26SEP1680CE,COFORGE,24SEP2026,168000.000000,475,OPTSTK,BFO,5.000000,6000,False
858427,PAYTM26SEP1520CE,PAYTM,24SEP2026,152000.000000,725,OPTSTK,BFO,5.000000,100000000,False
858431,VOLTAS26SEP1480PE,VOLTAS,24SEP2026,148000.000000,375,OPTSTK,BFO,5.000000,30000,False
842680,GLENMARK26SEP2200PE,GLENMARK,24SEP2026,220000.000000,375,OPTSTK,BFO,5.000000,43500,False
842701,ASIANPAINT26SEP2540PE,ASIANPAINT,24SEP2026,254000.000000,250,OPTSTK,BFO,5.000000,8000,False
842717,COALINDIA26SEP430CE,COALINDIA,24SEP2026,43000.000000,1350,OPTSTK,BFO,5.000000,126000,False
842727,BANKINDIA26SEP137.5CE,BANKINDIA,24SEP2026,13750.000000,5200,OPTSTK,BFO,5.000000,100000000,False
886232,GODREJCP26SEP880CE,GODREJCP,24SEP2026,88000.000000,500,OPTSTK,BFO,5.000000,30000,False
886267,MAXHEALTH26SEP940PE,MAXHEALTH,24SEP2026,94000.000000,525,OPTSTK,BFO,5.000000,100000000,False
886275,HINDALCO26OCT1220PE,HINDALCO,29OCT2026,122000.000000,700,OPTSTK,BFO,5.000000,56000,False
886301,BOSCHLTD26OCT49500PE,BOSCHLTD,29OCT2026,4950000.000000,25,OPTSTK,BFO,5.000000,1500,False
858433,TECHM26SEP1620PE,TECHM,24SEP2026,162000.000000,600,OPTSTK,BFO,5.000000,24000,False
858435,KFINTECH26SEP1060CE,KFINTECH,24SEP2026,106000.000000,575,OPTSTK,BFO,5.000000,100000000,False
858443,TCS26SEP2320PE,TCS,24SEP2026,232000.000000,225,OPTSTK,BFO,5.000000,7000,False
858493,BLUESTARCO26SEP1860CE,BLUESTARCO,24SEP2026,186000.000000,325,OPTSTK,BFO,5.000000,100000000,False
886330,PAGEIND26OCT34500CE,PAGEIND,29OCT2026,3450000.000000,20,OPTSTK,BFO,5.000000,600,False
886336,KEI26SEP6400CE,KEI,24SEP2026,640000.000000,175,OPTSTK,BFO,5.000000,100000000,False
886345,ADANIGREEN26SEP1200CE,ADANIGREEN,24SEP2026,120000.000000,600,OPTSTK,BFO,5.000000,100000000,False
886348,GODREJPROP26OCT1860PE,GODREJPROP,29OCT2026,186000.000000,325,OPTSTK,BFO,5.000000,19000,False
842728,TVSMOTOR26SEP3640PE,TVSMOTOR,24SEP2026,364000.000000,175,OPTSTK,BFO,5.000000,21000,False
842729,PNBHOUSING26SEP1000CE,PNBHOUSING,24SEP2026,100000.000000,650,OPTSTK,BFO,5.000000,100000000,False
842761,APLAPOLLO26SEP1840CE,APLAPOLLO,24SEP2026,184000.000000,350,OPTSTK,BFO,5.000000,100000000,False
842766,LTF26SEP325CE,LTF,24SEP2026,32500.000000,2250,OPTSTK,BFO,5.000000,267720,False
858495,TECHM26SEP1640CE,TECHM,24SEP2026,164000.000000,600,OPTSTK,BFO,5.000000,24000,False
858518,BANDHANBNK26SEP250PE,BANDHANBNK,24SEP2026,25000.000000,3600,OPTSTK,BFO,5.000000,100000,False
858533,BLUESTARCO26SEP1820PE,BLUESTARCO,24SEP2026,182000.000000,325,OPTSTK,BFO,5.000000,100000000,False
858545,KALYANKJIL26SEP540CE,KALYANKJIL,24SEP2026,54000.000000,1350,OPTSTK,BFO,5.000000,100000000,False
842767,BEL26SEP375PE,BEL,24SEP2026,37500.000000,1425,OPTSTK,BFO,5.000000,228000,False
842770,APOLLOHOSP26SEP8750PE,APOLLOHOSP,24SEP2026,875000.000000,125,OPTSTK,BFO,5.000000,5000,False
842771,JINDALSTEL26SEP1130CE,JINDALSTEL,24SEP2026,113000.000000,625,OPTSTK,BFO,5.000000,37500,False
842784,CHOLAFIN26SEP1840PE,CHOLAFIN,24SEP2026,184000.000000,625,OPTSTK,BFO,5.000000,25000,False
886360,GODREJCP26OCT840CE,GODREJCP,29OCT2026,84000.000000,500,OPTSTK,BFO,5.000000,30000,False
886393,PFC26SEP340PE,PFC,24SEP2026,34000.000000,1300,OPTSTK,BFO,5.000000,124000,False
886414,MARUTI26OCT13200CE,MARUTI,29OCT2026,1320000.000000,50,OPTSTK,BFO,5.000000,3000,False
886442,PAGEIND26SEP34500CE,PAGEIND,24SEP2026,3450000.000000,20,OPTSTK,BFO,5.000000,600,False
842785,ETERNAL26SEP250CE,ETERNAL,24SEP2026,25000.000000,2425,OPTSTK,BFO,5.000000,100000000,False
842802,ADANIENT26SEP2960CE,ADANIENT,24SEP2026,296000.000000,309,OPTSTK,BFO,5.000000,9000,False
842804,BIOCON26SEP430CE,BIOCON,24SEP2026,43000.000000,2500,OPTSTK,BFO,5.000000,100000,False
842815,INDIGO26SEP5400PE,INDIGO,24SEP2026,540000.000000,150,OPTSTK,BFO,5.000000,12000,False
858547,BLUESTARCO26SEP1860PE,BLUESTARCO,24SEP2026,186000.000000,325,OPTSTK,BFO,5.000000,100000000,False
858633,VOLTAS26SEP1500CE,VOLTAS,24SEP2026,150000.000000,375,OPTSTK,BFO,5.000000,30000,False
858671,SBICARD26SEP710PE,SBICARD,24SEP2026,71000.000000,800,OPTSTK,BFO,5.000000,32000,False
858681,TRENT26SEP2500PE,TRENT,24SEP2026,250000.000000,225,OPTSTK,BFO,5.000000,16000,False
886508,ASTRAL26SEP1720PE,ASTRAL,24SEP2026,172000.000000,425,OPTSTK,BFO,5.000000,14680,False
886523,CONCOR26SEP570PE,CONCOR,24SEP2026,57000.000000,1250,OPTSTK,BFO,5.000000,40000,False
886524,HINDPETRO26SEP390PE,HINDPETRO,24SEP2026,39000.000000,2025,OPTSTK,BFO,5.000000,108000,False
886555,SENSEX26O0184400PE,SENSEX,01OCT2026,8440000.000000,20,OPTIDX,BFO,5.000000,1000,False
842817,BRITANNIA26SEP5100CE,BRITANNIA,24SEP2026,510000.000000,125,OPTSTK,BFO,5.000000,6000,False
842827,DLF26SEP595PE,DLF,24SEP2026,59500.000000,950,OPTSTK,BFO,5.000000,49500,False
842836,PIDILITIND26SEP1650PE,PIDILITIND,24SEP2026,165000.000000,500,OPTSTK,BFO,5.000000,10000,False
842839,LODHA26SEP940CE,LODHA,24SEP2026,94000.000000,625,OPTSTK,BFO,5.000000,100000000,False
858682,DIVISLAB26SEP7900PE,DIVISLAB,24SEP2026,790000.000000,100,OPTSTK,BFO,5.000000,8000,False
858686,DIVISLAB26SEP7800CE,DIVISLAB,24SEP2026,780000.000000,100,OPTSTK,BFO,5.000000,8000,False
858690,ADANIENSOL26SEP1840CE,ADANIENSOL,24SEP2026,184000.000000,675,OPTSTK,BFO,5.000000,100000000,False
858716,PATANJALI26SEP335PE,PATANJALI,24SEP2026,33500.000000,1075,OPTSTK,BFO,5.000000,100000000,False
886560,IDFCFIRSTB26SEP94PE,IDFCFIRSTB,24SEP2026,9400.000000,9275,OPTSTK,BFO,5.000000,450000,False
886565,SOLARINDS26OCT21500PE,SOLARINDS,29OCT2026,2150000.000000,50,OPTSTK,BFO,5.000000,100000000,False
886629,SENSEX26O0177600CE,SENSEX,01OCT2026,7760000.000000,20,OPTIDX,BFO,5.000000,1000,False
886632,SENSEX26O0180000PE,SENSEX,01OCT2026,8000000.000000,20,OPTIDX,BFO,5.000000,1000,False
842866,SENSEX28JUN82000PE,SENSEX,29JUN2028,8200000.000000,20,OPTIDX,BFO,5.000000,1000,False
842876,DIXON26SEP11600PE,DIXON,24SEP2026,1160000.000000,50,OPTSTK,BFO,5.000000,6000,False
842899,BLUESTARCO26SEP1560PE,BLUESTARCO,24SEP2026,156000.000000,325,OPTSTK,BFO,5.000000,100000000,False
842906,TATAELXSI26SEP4350PE,TATAELXSI,24SEP2026,435000.000000,125,OPTSTK,BFO,5.000000,100000000,False
858748,ICICIPRULI26SEP560CE,ICICIPRULI,24SEP2026,56000.000000,925,OPTSTK,BFO,5.000000,60000,False
858750,DIXON26SEP15500PE,DIXON,24SEP2026,1550000.000000,50,OPTSTK,BFO,5.000000,6000,False
858781,ETERNAL26SEP330CE,ETERNAL,24SEP2026,33000.000000,2425,OPTSTK,BFO,5.000000,100000000,False
858788,TORNTPHARM26SEP5350CE,TORNTPHARM,24SEP2026,535000.000000,125,OPTSTK,BFO,5.000000,15000,False
886708,SENSEX26O0183200CE,SENSEX,01OCT2026,8320000.000000,20,OPTIDX,BFO,5.000000,1000,False
886711,SENSEX26O0181800CE,SENSEX,01OCT2026,8180000.000000,20,OPTIDX,BFO,5.000000,1000,False
886723,INDUSTOWER26OCT420PE,INDUSTOWER,29OCT2026,42000.000000,1700,OPTSTK,BFO,5.000000,170000,False
886745,ASTRAL26SEP1700CE,ASTRAL,24SEP2026,170000.000000,425,OPTSTK,BFO,5.000000,14680,False
842907,SWIGGY26SEP220PE,SWIGGY,24SEP2026,22000.000000,1825,OPTSTK,BFO,5.000000,100000000,False
842932,COALINDIA26SEP430PE,COALINDIA,24SEP2026,43000.000000,1350,OPTSTK,BFO,5.000000,126000,False
842990,GODREJCP26SEP1080PE,GODREJCP,24SEP2026,108000.000000,500,OPTSTK,BFO,5.000000,30000,False
842991,HYUNDAI26SEP2020CE,HYUNDAI,24SEP2026,202000.000000,275,OPTSTK,BFO,5.000000,100000000,False
843020,BIOCON26SEP435CE,BIOCON,24SEP2026,43500.000000,2500,OPTSTK,BFO,5.000000,100000,False
843027,FORCEMOT26SEP16500PE,FORCEMOT,24SEP2026,1650000.000000,25,OPTSTK,BFO,5.000000,100000000,False
843031,SENSEX5026SEP24500PE,SENSEX50,24SEP2026,2450000.000000,75,OPTIDX,BFO,5.000000,1800,False
843035,DMART26SEP4600CE,DMART,24SEP2026,460000.000000,150,OPTSTK,BFO,5.000000,100000000,False
858812,PATANJALI26SEP350PE,PATANJALI,24SEP2026,35000.000000,1075,OPTSTK,BFO,5.000000,100000000,False
858855,ICICIPRULI26SEP560PE,ICICIPRULI,24SEP2026,56000.000000,925,OPTSTK,BFO,5.000000,60000,False
858860,AMBER26SEP8600PE,AMBER,24SEP2026,860000.000000,100,OPTSTK,BFO,5.000000,100000000,False
858868,SUNPHARMA26SEP2100PE,SUNPHARMA,24SEP2026,210000.000000,350,OPTSTK,BFO,5.000000,28000,False
886773,SOLARINDS26SEP21250PE,SOLARINDS,24SEP2026,2125000.000000,50,OPTSTK,BFO,5.000000,100000000,False
886794,EICHERMOT26OCT8800CE,EICHERMOT,29OCT2026,880000.000000,100,OPTSTK,BFO,5.000000,7000,False
886837,BDL26OCT1480PE,BDL,29OCT2026,148000.000000,425,OPTSTK,BFO,5.000000,100000000,False
886849,SENSEX26O0173800CE,SENSEX,01OCT2026,7380000.000000,20,OPTIDX,BFO,5.000000,1000,False
843041,IOC26SEP138PE,IOC,24SEP2026,13800.000000,4875,OPTSTK,BFO,5.000000,292500,False
843045,SENSEX28JUN81000PE,SENSEX,29JUN2028,8100000.000000,20,OPTIDX,BFO,5.000000,1000,False
843062,SHRIRAMFIN26SEP960CE,SHRIRAMFIN,24SEP2026,96000.000000,825,OPTSTK,BFO,5.000000,18000,False
843082,GVT&D26SEP4800PE,GVT&D,24SEP2026,480000.000000,125,OPTSTK,BFO,5.000000,100000000,False
858984,UPL26SEP700PE,UPL,24SEP2026,70000.000000,1355,OPTSTK,BFO,5.000000,39000,False
859126,ABB26SEP8100PE,ABB,24SEP2026,810000.000000,125,OPTSTK,BFO,5.000000,7500,False
859141,PFC26SEP365PE,PFC,24SEP2026,36500.000000,1300,OPTSTK,BFO,5.000000,124000,False
859163,ICICIGI26SEP1580CE,ICICIGI,24SEP2026,158000.000000,325,OPTSTK,BFO,5.000000,20000,False
859182,VMM26SEP95PE,VMM,24SEP2026,9500.000000,4850,OPTSTK,BFO,5.000000,100000000,False
859338,MARICO26SEP760PE,MARICO,24SEP2026,76000.000000,1200,OPTSTK,BFO,5.000000,48000,False
859346,SENSEX28JUN76000PE,SENSEX,29JUN2028,7600000.000000,20,OPTIDX,BFO,5.000000,1000,False
859353,DIXON26SEP16000PE,DIXON,24SEP2026,1600000.000000,50,OPTSTK,BFO,5.000000,6000,False
886866,HINDPETRO26SEP420CE,HINDPETRO,24SEP2026,42000.000000,2025,OPTSTK,BFO,5.000000,108000,False
886881,APLAPOLLO26OCT2200PE,APLAPOLLO,29OCT2026,220000.000000,350,OPTSTK,BFO,5.000000,100000000,False
886924,SENSEX26O0173400PE,SENSEX,01OCT2026,7340000.000000,20,OPTIDX,BFO,5.000000,1000,False
886929,SENSEX26O0178700CE,SENSEX,01OCT2026,7870000.000000,20,OPTIDX,BFO,5.000000,1000,False
859381,HYUNDAI26SEP2160CE,HYUNDAI,24SEP2026,216000.000000,275,OPTSTK,BFO,5.000000,100000000,False
859428,KALYANKJIL26SEP610PE,KALYANKJIL,24SEP2026,61000.000000,1350,OPTSTK,BFO,5.000000,100000000,False
859457,FEDERALBNK26SEP380PE,FEDERALBNK,24SEP2026,38000.000000,2500,OPTSTK,BFO,5.000000,200000,False
859458,FEDERALBNK26SEP385CE,FEDERALBNK,24SEP2026,38500.000000,2500,OPTSTK,BFO,5.000000,200000,False
843083,VMM26SEP113PE,VMM,24SEP2026,11300.000000,4850,OPTSTK,BFO,5.000000,100000000,False
843087,POLYCAB26SEP10000PE,POLYCAB,24SEP2026,1000000.000000,125,OPTSTK,BFO,5.000000,9000,False
843102,SWIGGY26SEP225PE,SWIGGY,24SEP2026,22500.000000,1825,OPTSTK,BFO,5.000000,100000000,False
843110,ABB26SEP7200PE,ABB,24SEP2026,720000.000000,125,OPTSTK,BFO,5.000000,7500,False
859476,TECHM26SEP1720PE,TECHM,24SEP2026,172000.000000,600,OPTSTK,BFO,5.000000,24000,False
859501,INDUSINDBK26SEP1100PE,INDUSINDBK,24SEP2026,110000.000000,700,OPTSTK,BFO,5.000000,20000,False
859527,KALYANKJIL26SEP590PE,KALYANKJIL,24SEP2026,59000.000000,1350,OPTSTK,BFO,5.000000,100000000,False
859535,KALYANKJIL26SEP595PE,KALYANKJIL,24SEP2026,59500.000000,1350,OPTSTK,BFO,5.000000,100000000,False
886930,SENSEX26O0181100PE,SENSEX,01OCT2026,8110000.000000,20,OPTIDX,BFO,5.000000,1000,False
886963,HINDPETRO26OCT360CE,HINDPETRO,29OCT2026,36000.000000,2025,OPTSTK,BFO,5.000000,108000,False
886972,KEI26SEP6500CE,KEI,24SEP2026,650000.000000,175,OPTSTK,BFO,5.000000,100000000,False
886979,SENSEX26O0171300PE,SENSEX,01OCT2026,7130000.000000,20,OPTIDX,BFO,5.000000,1000,False
843122,AMBER26SEP8000PE,AMBER,24SEP2026,800000.000000,100,OPTSTK,BFO,5.000000,100000000,False
843132,CGPOWER26SEP980PE,CGPOWER,24SEP2026,98000.000000,850,OPTSTK,BFO,5.000000,100000000,False
843138,SBILIFE26SEP1680PE,SBILIFE,24SEP2026,168000.000000,375,OPTSTK,BFO,5.000000,22500,False
843143,GLENMARK26SEP2160CE,GLENMARK,24SEP2026,216000.000000,375,OPTSTK,BFO,5.000000,43500,False
859537,FEDERALBNK26SEP375PE,FEDERALBNK,24SEP2026,37500.000000,2500,OPTSTK,BFO,5.000000,200000,False
859545,NTPC26SEP305PE,NTPC,24SEP2026,30500.000000,1500,OPTSTK,BFO,5.000000,150000,False
859623,BAJFINANCE26SEP1130PE,BAJFINANCE,24SEP2026,113000.000000,750,OPTSTK,BFO,5.000000,3750,False
887020,SOLARINDS26OCT22000CE,SOLARINDS,29OCT2026,2200000.000000,50,OPTSTK,BFO,5.000000,100000000,False
887032,SENSEX26O0175200PE,SENSEX,01OCT2026,7520000.000000,20,OPTIDX,BFO,5.000000,1000,False
887051,CONCOR26OCT565CE,CONCOR,29OCT2026,56500.000000,1250,OPTSTK,BFO,5.000000,40000,False
887052,SENSEX26O0178500PE,SENSEX,01OCT2026,7850000.000000,20,OPTIDX,BFO,5.000000,1000,False
859605,NMDC26SEP76CE,NMDC,24SEP2026,7600.000000,6750,OPTSTK,BFO,5.000000,225000,False
859699,PNB26SEP117PE,PNB,24SEP2026,11700.000000,8000,OPTSTK,BFO,5.000000,480000,False
859708,AXISBANK26SEP1140PE,AXISBANK,24SEP2026,114000.000000,625,OPTSTK,BFO,5.000000,25000,False
859765,AXISBANK26SEP1120PE,AXISBANK,24SEP2026,112000.000000,625,OPTSTK,BFO,5.000000,25000,False
859788,BAJAJHLDNG26SEP9600CE,BAJAJHLDNG,24SEP2026,960000.000000,75,OPTSTK,BFO,5.000000,100000000,False
843149,OBEROIRLTY26SEP1840CE,OBEROIRLTY,24SEP2026,184000.000000,350,OPTSTK,BFO,5.000000,28000,False
843156,ALKEM26SEP5550PE,ALKEM,24SEP2026,555000.000000,125,OPTSTK,BFO,5.000000,8000,False
843162,ANGELONE26SEP325PE,ANGELONE,24SEP2026,32500.000000,2500,OPTSTK,BFO,5.000000,100000000,False
843165,MAXHEALTH26SEP1090CE,MAXHEALTH,24SEP2026,109000.000000,525,OPTSTK,BFO,5.000000,100000000,False
859795,AUBANK26SEP860CE,AUBANK,24SEP2026,86000.000000,1000,OPTSTK,BFO,5.000000,30000,False
859849,MANKIND26SEP2720PE,MANKIND,24SEP2026,272000.000000,250,OPTSTK,BFO,5.000000,100000000,False
859850,TITAN26SEP5050CE,TITAN,24SEP2026,505000.000000,175,OPTSTK,BFO,5.000000,11250,False
859870,SONACOMS26SEP800CE,SONACOMS,24SEP2026,80000.000000,1225,OPTSTK,BFO,5.000000,100000000,False
843167,BHARTIARTL26SEP1840CE,BHARTIARTL,24SEP2026,184000.000000,475,OPTSTK,BFO,5.000000,28500,False
843191,HAL26SEP4100CE,HAL,24SEP2026,410000.000000,150,OPTSTK,BFO,5.000000,9000,False
843208,IDFCFIRSTB26SEP84CE,IDFCFIRSTB,24SEP2026,8400.000000,9275,OPTSTK,BFO,5.000000,450000,False
843227,NMDC26SEP91CE,NMDC,24SEP2026,9100.000000,6750,OPTSTK,BFO,5.000000,225000,False
859892,TVSMOTOR26SEP4150CE,TVSMOTOR,24SEP2026,415000.000000,175,OPTSTK,BFO,5.000000,21000,False
859903,ANGELONE26SEP285CE,ANGELONE,24SEP2026,28500.000000,2500,OPTSTK,BFO,5.000000,100000000,False
859906,ANGELONE26SEP285PE,ANGELONE,24SEP2026,28500.000000,2500,OPTSTK,BFO,5.000000,100000000,False
859911,HAL26SEP4950PE,HAL,24SEP2026,495000.000000,150,OPTSTK,BFO,5.000000,9000,False
843233,KAYNES26SEP3550PE,KAYNES,24SEP2026,355000.000000,150,OPTSTK,BFO,5.000000,100000000,False
843234,MAXHEALTH26SEP1170PE,MAXHEALTH,24SEP2026,117000.000000,525,OPTSTK,BFO,5.000000,100000000,False
843252,CGPOWER26SEP890PE,CGPOWER,24SEP2026,89000.000000,850,OPTSTK,BFO,5.000000,100000000,False
843257,ADANIENT26SEP3120PE,ADANIENT,24SEP2026,312000.000000,309,OPTSTK,BFO,5.000000,9000,False
859939,HDFCBANK26SEP690PE,HDFCBANK,24SEP2026,69000.000000,650,OPTSTK,BFO,5.000000,16500,False
860013,BHARTIARTL26SEP2100PE,BHARTIARTL,24SEP2026,210000.000000,475,OPTSTK,BFO,5.000000,28500,False
859929,INDUSINDBK26SEP1130PE,INDUSINDBK,24SEP2026,113000.000000,700,OPTSTK,BFO,5.000000,20000,False
860012,KALYANKJIL26SEP615CE,KALYANKJIL,24SEP2026,61500.000000,1350,OPTSTK,BFO,5.000000,100000000,False
843259,AUBANK26SEP1100CE,AUBANK,24SEP2026,110000.000000,1000,OPTSTK,BFO,5.000000,30000,False
843269,TORNTPHARM26SEP4300PE,TORNTPHARM,24SEP2026,430000.000000,125,OPTSTK,BFO,5.000000,15000,False
843280,MAXHEALTH26SEP1160CE,MAXHEALTH,24SEP2026,116000.000000,525,OPTSTK,BFO,5.000000,100000000,False
843296,MOTILALOFS26SEP870PE,MOTILALOFS,24SEP2026,87000.000000,775,OPTSTK,BFO,5.000000,100000000,False
860018,BAJAJ-AUTO26SEP11700PE,BAJAJ-AUTO,24SEP2026,1170000.000000,75,OPTSTK,BFO,5.000000,5000,False
860090,BAJAJ-AUTO26SEP11700CE,BAJAJ-AUTO,24SEP2026,1170000.000000,75,OPTSTK,BFO,5.000000,5000,False
860099,COCHINSHIP26SEP1220PE,COCHINSHIP,24SEP2026,122000.000000,400,OPTSTK,BFO,5.000000,100000000,False
860111,WAAREEENER26SEP2350PE,WAAREEENER,24SEP2026,235000.000000,175,OPTSTK,BFO,5.000000,100000000,False
887058,SENSEX26O0185100CE,SENSEX,01OCT2026,8510000.000000,20,OPTIDX,BFO,5.000000,1000,False
887124,SENSEX26O0173300PE,SENSEX,01OCT2026,7330000.000000,20,OPTIDX,BFO,5.000000,1000,False
887194,ASTRAL26SEP1720CE,ASTRAL,24SEP2026,172000.000000,425,OPTSTK,BFO,5.000000,14680,False
887248,SENSEX26O0185100PE,SENSEX,01OCT2026,8510000.000000,20,OPTIDX,BFO,5.000000,1000,False
860115,BDL26SEP1100CE,BDL,24SEP2026,110000.000000,425,OPTSTK,BFO,5.000000,100000000,False
860160,ICICIGI26SEP1440CE,ICICIGI,24SEP2026,144000.000000,325,OPTSTK,BFO,5.000000,20000,False
860266,CGPOWER26SEP740CE,CGPOWER,24SEP2026,74000.000000,850,OPTSTK,BFO,5.000000,100000000,False
860359,TMPV26SEP290CE,TMPV,24SEP2026,29000.000000,1600,OPTSTK,BFO,5.000000,42750,False
887251,INDUSTOWER26SEP420CE,INDUSTOWER,24SEP2026,42000.000000,1700,OPTSTK,BFO,5.000000,170000,False
887273,HINDPETRO26SEP400CE,HINDPETRO,24SEP2026,40000.000000,2025,OPTSTK,BFO,5.000000,108000,False
887279,SENSEX26O0172400PE,SENSEX,01OCT2026,7240000.000000,20,OPTIDX,BFO,5.000000,1000,False
887290,SENSEX26O0182400PE,SENSEX,01OCT2026,8240000.000000,20,OPTIDX,BFO,5.000000,1000,False
843325,AUBANK26SEP1020PE,AUBANK,24SEP2026,102000.000000,1000,OPTSTK,BFO,5.000000,30000,False
843327,ABCAPITAL26SEP420PE,ABCAPITAL,24SEP2026,42000.000000,3100,OPTSTK,BFO,5.000000,162000,False
843354,LODHA26SEP980CE,LODHA,24SEP2026,98000.000000,625,OPTSTK,BFO,5.000000,100000000,False
843360,ASIANPAINT26SEP2640CE,ASIANPAINT,24SEP2026,264000.000000,250,OPTSTK,BFO,5.000000,8000,False
887310,SENSEX26O0174600CE,SENSEX,01OCT2026,7460000.000000,20,OPTIDX,BFO,5.000000,1000,False
887327,BEL26OCT445PE,BEL,29OCT2026,44500.000000,1425,OPTSTK,BFO,5.000000,228000,False
887348,SENSEX26O0176300PE,SENSEX,01OCT2026,7630000.000000,20,OPTIDX,BFO,5.000000,1000,False
887392,CAMS26OCT700PE,CAMS,29OCT2026,70000.000000,825,OPTSTK,BFO,5.000000,100000000,False
843361,AUBANK26SEP1010CE,AUBANK,24SEP2026,101000.000000,1000,OPTSTK,BFO,5.000000,30000,False
843368,HINDUNILVR26SEP2320CE,HINDUNILVR,24SEP2026,232000.000000,300,OPTSTK,BFO,5.000000,9000,False
843380,HINDPETRO26SEP410.75PE,HINDPETRO,24SEP2026,41075.000000,2025,OPTSTK,BFO,5.000000,108000,False
843385,BLUESTARCO26SEP1760PE,BLUESTARCO,24SEP2026,176000.000000,325,OPTSTK,BFO,5.000000,100000000,False
860391,NBCC26SEP75CE,NBCC,24SEP2026,7500.000000,6500,OPTSTK,BFO,5.000000,100000000,False
860424,HEROMOTOCO26SEP5900CE,HEROMOTOCO,24SEP2026,590000.000000,150,OPTSTK,BFO,5.000000,9000,False
860477,LICI26SEP385CE,LICI,24SEP2026,38500.000000,1400,OPTSTK,BFO,5.000000,100000000,False
860554,JUBLFOOD26SEP375PE,JUBLFOOD,24SEP2026,37500.000000,1250,OPTSTK,BFO,5.000000,50000,False
860588,INOXWIND26SEP57.5CE,INOXWIND,24SEP2026,5750.000000,6400,OPTSTK,BFO,5.000000,100000000,False
860599,BAJAJ-AUTO26SEP12000PE,BAJAJ-AUTO,24SEP2026,1200000.000000,75,OPTSTK,BFO,5.000000,5000,False
860602,MANAPPURAM26SEP390CE,MANAPPURAM,24SEP2026,39000.000000,3000,OPTSTK,BFO,5.000000,180000,False
860625,DRREDDY26SEP1100PE,DRREDDY,24SEP2026,110000.000000,625,OPTSTK,BFO,5.000000,5000,False
887402,DELHIVERY26SEP425CE,DELHIVERY,24SEP2026,42500.000000,2075,OPTSTK,BFO,5.000000,100000000,False
887436,GMRAIRPORT26OCT95CE,GMRAIRPORT,29OCT2026,9500.000000,6975,OPTSTK,BFO,5.000000,675000,False
887443,JSWSTEEL26OCT1120PE,JSWSTEEL,29OCT2026,112000.000000,675,OPTSTK,BFO,5.000000,40500,False
887482,ANGELONE26OCT250CE,ANGELONE,29OCT2026,25000.000000,2500,OPTSTK,BFO,5.000000,100000000,False
843387,COCHINSHIP26SEP1520PE,COCHINSHIP,24SEP2026,152000.000000,400,OPTSTK,BFO,5.000000,100000000,False
843400,BAJAJ-AUTO26SEP9400PE,BAJAJ-AUTO,24SEP2026,940000.000000,75,OPTSTK,BFO,5.000000,5000,False
843431,NAM-INDIA26SEP1200PE,NAM-INDIA,24SEP2026,120000.000000,625,OPTSTK,BFO,5.000000,100000000,False
843433,ICICIPRULI26SEP470PE,ICICIPRULI,24SEP2026,47000.000000,925,OPTSTK,BFO,5.000000,60000,False
860666,INDIGO26SEP4300PE,INDIGO,24SEP2026,430000.000000,150,OPTSTK,BFO,5.000000,12000,False
860705,ADANIGREEN26SEP1240CE,ADANIGREEN,24SEP2026,124000.000000,600,OPTSTK,BFO,5.000000,100000000,False
860786,AMBER26SEP6600PE,AMBER,24SEP2026,660000.000000,100,OPTSTK,BFO,5.000000,100000000,False
860795,TATASTEEL26SEP165PE,TATASTEEL,24SEP2026,16500.000000,2750,OPTSTK,BFO,5.000000,220000,False
860802,TIINDIA26SEP2400CE,TIINDIA,24SEP2026,240000.000000,200,OPTSTK,BFO,5.000000,100000000,False
860828,CGPOWER26SEP720PE,CGPOWER,24SEP2026,72000.000000,850,OPTSTK,BFO,5.000000,100000000,False
860874,SHRIRAMFIN26SEP860CE,SHRIRAMFIN,24SEP2026,86000.000000,825,OPTSTK,BFO,5.000000,18000,False
860880,HINDPETRO26SEP290.75PE,HINDPETRO,24SEP2026,29075.000000,2025,OPTSTK,BFO,5.000000,108000,False
860897,TCS26SEP2420CE,TCS,24SEP2026,242000.000000,225,OPTSTK,BFO,5.000000,7000,False
860899,MOTILALOFS26SEP720PE,MOTILALOFS,24SEP2026,72000.000000,775,OPTSTK,BFO,5.000000,100000000,False
860920,LAURUSLABS26SEP1840CE,LAURUSLABS,24SEP2026,184000.000000,850,OPTSTK,BFO,5.000000,68000,False
860964,LAURUSLABS26SEP1780CE,LAURUSLABS,24SEP2026,178000.000000,850,OPTSTK,BFO,5.000000,68000,False
887505,GLENMARK26OCT2480PE,GLENMARK,29OCT2026,248000.000000,375,OPTSTK,BFO,5.000000,43500,False
887513,SENSEX26O0171000CE,SENSEX,01OCT2026,7100000.000000,20,OPTIDX,BFO,5.000000,1000,False
887516,CGPOWER26OCT1040PE,CGPOWER,29OCT2026,104000.000000,850,OPTSTK,BFO,5.000000,100000000,False
887544,CAMS26OCT690PE,CAMS,29OCT2026,69000.000000,825,OPTSTK,BFO,5.000000,100000000,False
843434,PHOENIXLTD26SEP1800PE,PHOENIXLTD,24SEP2026,180000.000000,350,OPTSTK,BFO,5.000000,100000000,False
843462,ADANIPORTS26SEP1880PE,ADANIPORTS,24SEP2026,188000.000000,475,OPTSTK,BFO,5.000000,32000,False
843484,TCS26SEP2040PE,TCS,24SEP2026,204000.000000,225,OPTSTK,BFO,5.000000,7000,False
843494,PREMIERENE26SEP980PE,PREMIERENE,24SEP2026,98000.000000,650,OPTSTK,BFO,5.000000,100000000,False
860984,IEX26SEP145CE,IEX,24SEP2026,14500.000000,4350,OPTSTK,BFO,5.000000,150000,False
861021,COLPAL26SEP2280CE,COLPAL,24SEP2026,228000.000000,275,OPTSTK,BFO,5.000000,14000,False
861079,GVT&D26SEP3400PE,GVT&D,24SEP2026,340000.000000,125,OPTSTK,BFO,5.000000,100000000,False
861115,COFORGE26SEP1720CE,COFORGE,24SEP2026,172000.000000,475,OPTSTK,BFO,5.000000,6000,False
861119,LAURUSLABS26SEP1900PE,LAURUSLABS,24SEP2026,190000.000000,850,OPTSTK,BFO,5.000000,68000,False
861123,SUZLON26SEP42PE,SUZLON,24SEP2026,4200.000000,12700,OPTSTK,BFO,5.000000,100000000,False
861146,MARICO26SEP950CE,MARICO,24SEP2026,95000.000000,1200,OPTSTK,BFO,5.000000,48000,False
861147,VBL26SEP380CE,VBL,24SEP2026,38000.000000,1275,OPTSTK,BFO,5.000000,100000000,False
861171,LODHA26SEP1380PE,LODHA,24SEP2026,138000.000000,625,OPTSTK,BFO,5.000000,100000000,False
861183,FOCIT26SEP43500CE,FOCIT,24SEP2026,4350000.000000,45,OPTIDX,BFO,5.000000,1350,False
861195,KALYANKJIL26SEP640CE,KALYANKJIL,24SEP2026,64000.000000,1350,OPTSTK,BFO,5.000000,100000000,False
861212,DRREDDY26SEP1070PE,DRREDDY,24SEP2026,107000.000000,625,OPTSTK,BFO,5.000000,5000,False
887551,HAL26OCT5350PE,HAL,29OCT2026,535000.000000,150,OPTSTK,BFO,5.000000,9000,False
887572,GLENMARK26OCT2460CE,GLENMARK,29OCT2026,246000.000000,375,OPTSTK,BFO,5.000000,43500,False
887647,BHARTIARTL26OCT2140PE,BHARTIARTL,29OCT2026,214000.000000,475,OPTSTK,BFO,5.000000,28500,False
887756,JUBLFOOD26OCT535PE,JUBLFOOD,29OCT2026,53500.000000,1250,OPTSTK,BFO,5.000000,50000,False
861236,IDFCFIRSTB26SEP93CE,IDFCFIRSTB,24SEP2026,9300.000000,9275,OPTSTK,BFO,5.000000,450000,False
861264,MARICO26SEP940CE,MARICO,24SEP2026,94000.000000,1200,OPTSTK,BFO,5.000000,48000,False
861280,VBL26SEP370PE,VBL,24SEP2026,37000.000000,1275,OPTSTK,BFO,5.000000,100000000,False
861306,WIPRO26SEP197.5PE,WIPRO,24SEP2026,19750.000000,3000,OPTSTK,BFO,5.000000,60000,False
843499,IREDA26SEP132CE,IREDA,24SEP2026,13200.000000,4525,OPTSTK,BFO,5.000000,100000000,False
843503,MUTHOOTFIN26SEP2700CE,MUTHOOTFIN,24SEP2026,270000.000000,275,OPTSTK,BFO,5.000000,22000,False
843520,INDUSTOWER26SEP351PE,INDUSTOWER,24SEP2026,35100.000000,1700,OPTSTK,BFO,5.000000,170000,False
843521,SHREECEM26SEP25000PE,SHREECEM,24SEP2026,2500000.000000,25,OPTSTK,BFO,5.000000,1000,False
843526,BANKEX26SEP62100PE,BANKEX,24SEP2026,6210000.000000,30,OPTIDX,BFO,5.000000,900,False
843546,CROMPTON26SEP287.5PE,CROMPTON,24SEP2026,28750.000000,2150,OPTSTK,BFO,5.000000,90000,False
843554,BHARATFORG26SEP2020PE,BHARATFORG,24SEP2026,202000.000000,500,OPTSTK,BFO,5.000000,30000,False
843560,AMBUJACEM26SEP405CE,AMBUJACEM,24SEP2026,40500.000000,1200,OPTSTK,BFO,5.000000,54000,False
887783,VMM26OCT87.5PE,VMM,29OCT2026,8750.000000,4850,OPTSTK,BFO,5.000000,100000000,False
888011,COLPAL26OCT1820PE,COLPAL,29OCT2026,182000.000000,275,OPTSTK,BFO,5.000000,14000,False
888133,TECHM26OCT1460CE,TECHM,29OCT2026,146000.000000,600,OPTSTK,BFO,5.000000,24000,False
888147,COLPAL26SEP1820PE,COLPAL,24SEP2026,182000.000000,275,OPTSTK,BFO,5.000000,14000,False
861325,KALYANKJIL26SEP635CE,KALYANKJIL,24SEP2026,63500.000000,1350,OPTSTK,BFO,5.000000,100000000,False
861326,UNITDSPR26SEP1640CE,UNITDSPR,24SEP2026,164000.000000,400,OPTSTK,BFO,5.000000,28000,False
861380,AMBER26SEP6500CE,AMBER,24SEP2026,650000.000000,100,OPTSTK,BFO,5.000000,100000000,False
861383,HINDUNILVR26SEP1880CE,HINDUNILVR,24SEP2026,188000.000000,300,OPTSTK,BFO,5.000000,9000,False
843563,KFINTECH26SEP860CE,KFINTECH,24SEP2026,86000.000000,575,OPTSTK,BFO,5.000000,100000000,False
843572,INDIANB26SEP890PE,INDIANB,24SEP2026,89000.000000,1000,OPTSTK,BFO,5.000000,100000000,False
843575,HAL26SEP4400PE,HAL,24SEP2026,440000.000000,150,OPTSTK,BFO,5.000000,9000,False
843582,CANBK26SEP122PE,CANBK,24SEP2026,12200.000000,6750,OPTSTK,BFO,5.000000,81000,False
888198,TECHM26OCT1460PE,TECHM,29OCT2026,146000.000000,600,OPTSTK,BFO,5.000000,24000,False
888202,JUBLFOOD26OCT540PE,JUBLFOOD,29OCT2026,54000.000000,1250,OPTSTK,BFO,5.000000,50000,False
888217,OBEROIRLTY26OCT2020CE,OBEROIRLTY,29OCT2026,202000.000000,350,OPTSTK,BFO,5.000000,28000,False
888225,SENSEX2691770700PE,SENSEX,17SEP2026,7070000.000000,20,OPTIDX,BFO,5.000000,1000,False
861458,DMART26SEP3500CE,DMART,24SEP2026,350000.000000,150,OPTSTK,BFO,5.000000,100000000,False
861474,LAURUSLABS26SEP1900CE,LAURUSLABS,24SEP2026,190000.000000,850,OPTSTK,BFO,5.000000,68000,False
861481,HINDUNILVR26SEP1880PE,HINDUNILVR,24SEP2026,188000.000000,300,OPTSTK,BFO,5.000000,9000,False
861482,TCS26SEP2460PE,TCS,24SEP2026,246000.000000,225,OPTSTK,BFO,5.000000,7000,False
843583,TATASTEEL26SEP192.5PE,TATASTEEL,24SEP2026,19250.000000,2750,OPTSTK,BFO,5.000000,220000,False
843585,ADANIPORTS26SEP1780CE,ADANIPORTS,24SEP2026,178000.000000,475,OPTSTK,BFO,5.000000,32000,False
843596,POLYCAB26SEP9000CE,POLYCAB,24SEP2026,900000.000000,125,OPTSTK,BFO,5.000000,9000,False
843619,NTPC26SEPFUT,NTPC,24SEP2026,0.000000,1500,FUTSTK,BFO,5.000000,150000,False
888229,OBEROIRLTY26OCT2060CE,OBEROIRLTY,29OCT2026,206000.000000,350,OPTSTK,BFO,5.000000,28000,False
888249,SENSEX2691770800CE,SENSEX,17SEP2026,7080000.000000,20,OPTIDX,BFO,5.000000,1000,False
888253,PATANJALI26OCT315PE,PATANJALI,29OCT2026,31500.000000,1075,OPTSTK,BFO,5.000000,100000000,False
888275,BSE26SEP2100CE,BSE,29SEP2026,210000.000000,200,OPTSTK,BFO,5.000000,3751,False
861512,ETERNAL26SEP335PE,ETERNAL,24SEP2026,33500.000000,2425,OPTSTK,BFO,5.000000,100000000,False
861524,BSE26SEP2700CE,BSE,29SEP2026,270000.000000,200,OPTSTK,BFO,5.000000,3751,False
861525,BSE26SEP2700PE,BSE,29SEP2026,270000.000000,200,OPTSTK,BFO,5.000000,3751,False
861581,CDSL26SEP920CE,CDSL,29SEP2026,92000.000000,475,OPTSTK,BFO,5.000000,14001,False
843625,KALYANKJIL26SEP350PE,KALYANKJIL,24SEP2026,35000.000000,1350,OPTSTK,BFO,5.000000,100000000,False
843629,EICHERMOT26SEP7550PE,EICHERMOT,24SEP2026,755000.000000,100,OPTSTK,BFO,5.000000,7000,False
843641,BHARTIARTL26SEP2000PE,BHARTIARTL,24SEP2026,200000.000000,475,OPTSTK,BFO,5.000000,28500,False
843664,VOLTAS26SEP1200PE,VOLTAS,24SEP2026,120000.000000,375,OPTSTK,BFO,5.000000,30000,False
888276,BSE26SEP2100PE,BSE,29SEP2026,210000.000000,200,OPTSTK,BFO,5.000000,3751,False
888285,HDFCBANK26SEP650CE,HDFCBANK,24SEP2026,65000.000000,650,OPTSTK,BFO,5.000000,16500,False
888353,AMBUJACEM26OCT375CE,AMBUJACEM,29OCT2026,37500.000000,1200,OPTSTK,BFO,5.000000,54000,False
888365,VMM26SEP85CE,VMM,24SEP2026,8500.000000,4850,OPTSTK,BFO,5.000000,100000000,False
861632,CDSL26OCT1200PE,CDSL,27OCT2026,120000.000000,475,OPTSTK,BFO,5.000000,14001,False
861654,CDSL26OCT1640PE,CDSL,27OCT2026,164000.000000,475,OPTSTK,BFO,5.000000,14001,False
861657,CDSL26OCT1720CE,CDSL,27OCT2026,172000.000000,475,OPTSTK,BFO,5.000000,14001,False
861691,KALYANKJIL26SEP650CE,KALYANKJIL,24SEP2026,65000.000000,1350,OPTSTK,BFO,5.000000,100000000,False
843680,IREDA26SEP132PE,IREDA,24SEP2026,13200.000000,4525,OPTSTK,BFO,5.000000,100000000,False
843686,TATAPOWER26SEP410PE,TATAPOWER,24SEP2026,41000.000000,1450,OPTSTK,BFO,5.000000,101250,False
843701,SONACOMS26SEP620PE,SONACOMS,24SEP2026,62000.000000,1225,OPTSTK,BFO,5.000000,100000000,False
843719,KEI26SEP5450PE,KEI,24SEP2026,545000.000000,175,OPTSTK,BFO,5.000000,100000000,False
888376,WIPRO26OCT160CE,WIPRO,29OCT2026,16000.000000,3000,OPTSTK,BFO,5.000000,60000,False
888383,FOCIT26SEP29800PE,FOCIT,24SEP2026,2980000.000000,45,OPTIDX,BFO,5.000000,1350,False
888419,JIOFIN26OCT227.5PE,JIOFIN,29OCT2026,22750.000000,2350,OPTSTK,BFO,5.000000,100000000,False
888471,GODFRYPHLP26OCT1750CE,GODFRYPHLP,29OCT2026,175000.000000,275,OPTSTK,BFO,5.000000,100000000,False
861696,INFY26SEP1300PE,INFY,24SEP2026,130000.000000,400,OPTSTK,BFO,5.000000,16000,False
861698,FOCIT26SEP44500PE,FOCIT,24SEP2026,4450000.000000,45,OPTIDX,BFO,5.000000,1350,False
861712,KALYANKJIL26SEP655PE,KALYANKJIL,24SEP2026,65500.000000,1350,OPTSTK,BFO,5.000000,100000000,False
861727,ULTRACEMCO26SEP12200PE,ULTRACEMCO,24SEP2026,1220000.000000,50,OPTSTK,BFO,5.000000,3000,False
843732,FORCEMOT26SEP18000CE,FORCEMOT,24SEP2026,1800000.000000,25,OPTSTK,BFO,5.000000,100000000,False
843735,SENSEX5026SEP26000CE,SENSEX50,24SEP2026,2600000.000000,75,OPTIDX,BFO,5.000000,1800,False
843737,ASIANPAINT26SEP2780PE,ASIANPAINT,24SEP2026,278000.000000,250,OPTSTK,BFO,5.000000,8000,False
843751,TITAN26SEP4150CE,TITAN,24SEP2026,415000.000000,175,OPTSTK,BFO,5.000000,11250,False
888481,LTF26OCT360CE,LTF,29OCT2026,36000.000000,2250,OPTSTK,BFO,5.000000,267720,False
888496,HDFCBANK26SEP650PE,HDFCBANK,24SEP2026,65000.000000,650,OPTSTK,BFO,5.000000,16500,False
888516,ADANIGREEN26OCT1160PE,ADANIGREEN,29OCT2026,116000.000000,600,OPTSTK,BFO,5.000000,100000000,False
888517,SBICARD26OCT550PE,SBICARD,29OCT2026,55000.000000,800,OPTSTK,BFO,5.000000,32000,False
861739,ULTRACEMCO26SEP12100CE,ULTRACEMCO,24SEP2026,1210000.000000,50,OPTSTK,BFO,5.000000,3000,False
861750,TCS26SEP2580PE,TCS,24SEP2026,258000.000000,225,OPTSTK,BFO,5.000000,7000,False
861756,ULTRACEMCO26SEP12400PE,ULTRACEMCO,24SEP2026,1240000.000000,50,OPTSTK,BFO,5.000000,3000,False
861757,ADANIPORTS26SEP1580CE,ADANIPORTS,24SEP2026,158000.000000,475,OPTSTK,BFO,5.000000,32000,False
843765,WAAREEENER26SEP2900PE,WAAREEENER,24SEP2026,290000.000000,175,OPTSTK,BFO,5.000000,100000000,False
843768,ABCAPITAL26SEP395CE,ABCAPITAL,24SEP2026,39500.000000,3100,OPTSTK,BFO,5.000000,162000,False
843771,PNBHOUSING26SEP1080CE,PNBHOUSING,24SEP2026,108000.000000,650,OPTSTK,BFO,5.000000,100000000,False
843786,YESBANK26SEP23PE,YESBANK,24SEP2026,2300.000000,31100,OPTSTK,BFO,5.000000,100000000,False
888544,COLPAL26OCT1760CE,COLPAL,29OCT2026,176000.000000,275,OPTSTK,BFO,5.000000,14000,False
888550,TCS26OCT2140PE,TCS,29OCT2026,214000.000000,225,OPTSTK,BFO,5.000000,7000,False
888553,NBCC26OCT70CE,NBCC,29OCT2026,7000.000000,6500,OPTSTK,BFO,5.000000,100000000,False
888556,SENSEX26O0170300CE,SENSEX,01OCT2026,7030000.000000,20,OPTIDX,BFO,5.000000,1000,False
861802,KAYNES26SEP3950PE,KAYNES,24SEP2026,395000.000000,150,OPTSTK,BFO,5.000000,100000000,False
861842,JIOFIN26SEP262.5CE,JIOFIN,24SEP2026,26250.000000,2350,OPTSTK,BFO,5.000000,100000000,False
861843,ULTRACEMCO26SEP12300PE,ULTRACEMCO,24SEP2026,1230000.000000,50,OPTSTK,BFO,5.000000,3000,False
861847,INFY26SEP1280PE,INFY,24SEP2026,128000.000000,400,OPTSTK,BFO,5.000000,16000,False
843789,BANKEX26SEP64300CE,BANKEX,24SEP2026,6430000.000000,30,OPTIDX,BFO,5.000000,900,False
843796,WAAREEENER26SEP3350CE,WAAREEENER,24SEP2026,335000.000000,175,OPTSTK,BFO,5.000000,100000000,False
843806,NESTLEIND26SEP1360PE,NESTLEIND,24SEP2026,136000.000000,500,OPTSTK,BFO,5.000000,1200,False
843810,INDIGO26SEP5800PE,INDIGO,24SEP2026,580000.000000,150,OPTSTK,BFO,5.000000,12000,False
888574,HCLTECH26OCT1240PE,HCLTECH,29OCT2026,124000.000000,400,OPTSTK,BFO,5.000000,21000,False
888595,SONACOMS26OCT900CE,SONACOMS,29OCT2026,90000.000000,1225,OPTSTK,BFO,5.000000,100000000,False
888615,MARUTI26OCT13000CE,MARUTI,29OCT2026,1300000.000000,50,OPTSTK,BFO,5.000000,3000,False
888620,HDFCBANK26OCT650CE,HDFCBANK,29OCT2026,65000.000000,650,OPTSTK,BFO,5.000000,16500,False
861868,PERSISTENT26SEP6200CE,PERSISTENT,24SEP2026,620000.000000,125,OPTSTK,BFO,5.000000,5250,False
861938,CUMMINSIND26SEP4700PE,CUMMINSIND,24SEP2026,470000.000000,200,OPTSTK,BFO,5.000000,18000,False
861948,LTM26SEP4700PE,LTM,24SEP2026,470000.000000,150,OPTSTK,BFO,5.000000,4500,False
861963,KAYNES26SEP3850CE,KAYNES,24SEP2026,385000.000000,150,OPTSTK,BFO,5.000000,100000000,False
888677,SENSEX2691769900PE,SENSEX,17SEP2026,6990000.000000,20,OPTIDX,BFO,5.000000,1000,False
888691,SENSEX2691770100PE,SENSEX,17SEP2026,7010000.000000,20,OPTIDX,BFO,5.000000,1000,False
888701,AMBUJACEM26OCT370CE,AMBUJACEM,29OCT2026,37000.000000,1200,OPTSTK,BFO,5.000000,54000,False
888706,SENSEX26SEP69000CE,SENSEX,24SEP2026,6900000.000000,20,OPTIDX,BFO,5.000000,1000,False
843818,HAL26SEP4050CE,HAL,24SEP2026,405000.000000,150,OPTSTK,BFO,5.000000,9000,False
843819,SUZLON26SEP51PE,SUZLON,24SEP2026,5100.000000,12700,OPTSTK,BFO,5.000000,100000000,False
843825,MANKIND26SEP2500CE,MANKIND,24SEP2026,250000.000000,250,OPTSTK,BFO,5.000000,100000000,False
843826,JSWSTEEL26SEP1210CE,JSWSTEEL,24SEP2026,121000.000000,675,OPTSTK,BFO,5.000000,40500,False
861973,ULTRACEMCO26SEP11900CE,ULTRACEMCO,24SEP2026,1190000.000000,50,OPTSTK,BFO,5.000000,3000,False
861986,FOCIT26SEP44500CE,FOCIT,24SEP2026,4450000.000000,45,OPTIDX,BFO,5.000000,1350,False
861999,ULTRACEMCO26SEP11500PE,ULTRACEMCO,24SEP2026,1150000.000000,50,OPTSTK,BFO,5.000000,3000,False
862005,SWIGGY26SEP320PE,SWIGGY,24SEP2026,32000.000000,1825,OPTSTK,BFO,5.000000,100000000,False
843837,NESTLEIND26SEP1350CE,NESTLEIND,24SEP2026,135000.000000,500,OPTSTK,BFO,5.000000,1200,False
843839,UNOMINDA26SEP1140PE,UNOMINDA,24SEP2026,114000.000000,550,OPTSTK,BFO,5.000000,100000000,False
843854,MPHASIS26SEP2278PE,MPHASIS,24SEP2026,227800.000000,275,OPTSTK,BFO,5.000000,11000,False
843855,TATAELXSI26SEP4000CE,TATAELXSI,24SEP2026,400000.000000,125,OPTSTK,BFO,5.000000,100000000,False
888708,GVT&D26OCT3400PE,GVT&D,29OCT2026,340000.000000,125,OPTSTK,BFO,5.000000,100000000,False
888741,SHREECEM26OCT22750CE,SHREECEM,29OCT2026,2275000.000000,25,OPTSTK,BFO,5.000000,1000,False
888816,ADANIENSOL26OCT1400PE,ADANIENSOL,29OCT2026,140000.000000,675,OPTSTK,BFO,5.000000,100000000,False
888822,MANAPPURAM26OCT305CE,MANAPPURAM,29OCT2026,30500.000000,3000,OPTSTK,BFO,5.000000,180000,False
843872,GAIL26SEP180PE,GAIL,24SEP2026,18000.000000,3550,OPTSTK,BFO,5.000000,274500,False
843876,IOC26SEP150CE,IOC,24SEP2026,15000.000000,4875,OPTSTK,BFO,5.000000,292500,False
843884,PHOENIXLTD26SEP1920CE,PHOENIXLTD,24SEP2026,192000.000000,350,OPTSTK,BFO,5.000000,100000000,False
843910,CONCOR26SEP495CE,CONCOR,24SEP2026,49500.000000,1250,OPTSTK,BFO,5.000000,40000,False
862014,FEDERALBNK26SEP395PE,FEDERALBNK,24SEP2026,39500.000000,2500,OPTSTK,BFO,5.000000,200000,False
862051,TORNTPHARM26OCT5200CE,TORNTPHARM,29OCT2026,520000.000000,125,OPTSTK,BFO,5.000000,15000,False
862057,SRF26OCT2800CE,SRF,29OCT2026,280000.000000,200,OPTSTK,BFO,5.000000,11250,False
862064,ASTRAL26OCT1560CE,ASTRAL,29OCT2026,156000.000000,425,OPTSTK,BFO,5.000000,14680,False
888840,COALINDIA26SEP365PE,COALINDIA,24SEP2026,36500.000000,1350,OPTSTK,BFO,5.000000,126000,False
888841,PETRONET26OCT325CE,PETRONET,29OCT2026,32500.000000,1900,OPTSTK,BFO,5.000000,120000,False
888876,AMBUJACEM26SEP370PE,AMBUJACEM,24SEP2026,37000.000000,1200,OPTSTK,BFO,5.000000,54000,False
888915,CUMMINSIND26SEP4500CE,CUMMINSIND,24SEP2026,450000.000000,200,OPTSTK,BFO,5.000000,18000,False
888942,SRF26OCT2200PE,SRF,29OCT2026,220000.000000,200,OPTSTK,BFO,5.000000,11250,False
888957,SENSEX26O0883000PE,SENSEX,08OCT2026,8300000.000000,20,OPTIDX,BFO,5.000000,1000,False
888968,SENSEX26O0871500CE,SENSEX,08OCT2026,7150000.000000,20,OPTIDX,BFO,5.000000,1000,False
888969,SENSEX26O0873800CE,SENSEX,08OCT2026,7380000.000000,20,OPTIDX,BFO,5.000000,1000,False
843914,IEX26SEP122CE,IEX,24SEP2026,12200.000000,4350,OPTSTK,BFO,5.000000,150000,False
843932,SONACOMS26SEP590CE,SONACOMS,24SEP2026,59000.000000,1225,OPTSTK,BFO,5.000000,100000000,False
843954,FEDERALBNK26SEP330CE,FEDERALBNK,24SEP2026,33000.000000,2500,OPTSTK,BFO,5.000000,200000,False
843955,FORCEMOT26SEP16000PE,FORCEMOT,24SEP2026,1600000.000000,25,OPTSTK,BFO,5.000000,100000000,False
862068,CIPLA26OCT1460CE,CIPLA,29OCT2026,146000.000000,425,OPTSTK,BFO,5.000000,26000,False
862086,LT26OCT4200CE,LT,29OCT2026,420000.000000,175,OPTSTK,BFO,5.000000,12000,False
862095,GMRAIRPORT26OCT98CE,GMRAIRPORT,29OCT2026,9800.000000,6975,OPTSTK,BFO,5.000000,675000,False
862106,NHPC26OCT76CE,NHPC,29OCT2026,7600.000000,6950,OPTSTK,BFO,5.000000,100000000,False
888974,GMRAIRPORT26SEP94CE,GMRAIRPORT,24SEP2026,9400.000000,6975,OPTSTK,BFO,5.000000,675000,False
889019,SENSEX26O0873400PE,SENSEX,08OCT2026,7340000.000000,20,OPTIDX,BFO,5.000000,1000,False
889027,SENSEX26O0872700CE,SENSEX,08OCT2026,7270000.000000,20,OPTIDX,BFO,5.000000,1000,False
889031,SENSEX26O0871000CE,SENSEX,08OCT2026,7100000.000000,20,OPTIDX,BFO,5.000000,1000,False
843976,LAURUSLABS26SEP1440PE,LAURUSLABS,24SEP2026,144000.000000,850,OPTSTK,BFO,5.000000,68000,False
843980,BANKEX26SEP68300PE,BANKEX,24SEP2026,6830000.000000,30,OPTIDX,BFO,5.000000,900,False
843981,DIVISLAB26SEP6850PE,DIVISLAB,24SEP2026,685000.000000,100,OPTSTK,BFO,5.000000,8000,False
844003,GRASIM26SEP3020CE,GRASIM,24SEP2026,302000.000000,250,OPTSTK,BFO,5.000000,14250,False
862113,KAYNES26OCT3750PE,KAYNES,29OCT2026,375000.000000,150,OPTSTK,BFO,5.000000,100000000,False
862122,MANAPPURAM26OCT335CE,MANAPPURAM,29OCT2026,33500.000000,3000,OPTSTK,BFO,5.000000,180000,False
862150,HEROMOTOCO26OCT5700CE,HEROMOTOCO,29OCT2026,570000.000000,150,OPTSTK,BFO,5.000000,9000,False
862152,BANKEX26OCT64100CE,BANKEX,29OCT2026,6410000.000000,30,OPTIDX,BFO,5.000000,900,False
889043,SENSEX26O0879600PE,SENSEX,08OCT2026,7960000.000000,20,OPTIDX,BFO,5.000000,1000,False
889050,ETERNAL26SEP360PE,ETERNAL,24SEP2026,36000.000000,2425,OPTSTK,BFO,5.000000,100000000,False
889059,SENSEX26O0883600PE,SENSEX,08OCT2026,8360000.000000,20,OPTIDX,BFO,5.000000,1000,False
889142,COFORGE26OCT2000CE,COFORGE,29OCT2026,200000.000000,475,OPTSTK,BFO,5.000000,6000,False
844009,YESBANK26SEP28PE,YESBANK,24SEP2026,2800.000000,31100,OPTSTK,BFO,5.000000,100000000,False
844046,PATANJALI26SEP450CE,PATANJALI,24SEP2026,45000.000000,1075,OPTSTK,BFO,5.000000,100000000,False
844047,EICHERMOT26SEPFUT,EICHERMOT,24SEP2026,0.000000,100,FUTSTK,BFO,5.000000,7000,False
844063,BANKEX26SEP60900PE,BANKEX,24SEP2026,6090000.000000,30,OPTIDX,BFO,5.000000,900,False
862168,INOXWIND26OCT87.5PE,INOXWIND,29OCT2026,8750.000000,6400,OPTSTK,BFO,5.000000,100000000,False
862178,WIPRO26OCT205PE,WIPRO,29OCT2026,20500.000000,3000,OPTSTK,BFO,5.000000,60000,False
862188,SENSEX26OCT83400CE,SENSEX,29OCT2026,8340000.000000,20,OPTIDX,BFO,5.000000,1000,False
862196,IDEA26OCT7CE,IDEA,29OCT2026,700.000000,71475,OPTSTK,BFO,5.000000,2400000,False
889151,SENSEX26O0874000CE,SENSEX,08OCT2026,7400000.000000,20,OPTIDX,BFO,5.000000,1000,False
889156,SENSEX26O0883300PE,SENSEX,08OCT2026,8330000.000000,20,OPTIDX,BFO,5.000000,1000,False
889160,LUPIN26OCT2060CE,LUPIN,29OCT2026,206000.000000,425,OPTSTK,BFO,5.000000,34000,False
889163,COFORGE26SEP2000PE,COFORGE,24SEP2026,200000.000000,475,OPTSTK,BFO,5.000000,6000,False
844080,BANKEX26SEP72300PE,BANKEX,24SEP2026,7230000.000000,30,OPTIDX,BFO,5.000000,900,False
844087,NHPC26SEP78PE,NHPC,24SEP2026,7800.000000,6950,OPTSTK,BFO,5.000000,100000000,False
844089,APOLLOHOSP26SEP8700PE,APOLLOHOSP,24SEP2026,870000.000000,125,OPTSTK,BFO,5.000000,5000,False
844091,AMBER26SEP7700CE,AMBER,24SEP2026,770000.000000,100,OPTSTK,BFO,5.000000,100000000,False
862200,CROMPTON26OCT230CE,CROMPTON,29OCT2026,23000.000000,2150,OPTSTK,BFO,5.000000,90000,False
862203,VEDL26OCT245PE,VEDL,29OCT2026,24500.000000,1150,OPTSTK,BFO,5.000000,80000,False
862206,LUPIN26OCT2380PE,LUPIN,29OCT2026,238000.000000,425,OPTSTK,BFO,5.000000,34000,False
862210,BANKEX26OCT62700CE,BANKEX,29OCT2026,6270000.000000,30,OPTIDX,BFO,5.000000,900,False
889167,DLF26OCT750CE,DLF,29OCT2026,75000.000000,950,OPTSTK,BFO,5.000000,49500,False
889183,SENSEX26O0872900PE,SENSEX,08OCT2026,7290000.000000,20,OPTIDX,BFO,5.000000,1000,False
889200,SENSEX26O0870500CE,SENSEX,08OCT2026,7050000.000000,20,OPTIDX,BFO,5.000000,1000,False
889203,OFSS26OCT12600CE,OFSS,29OCT2026,1260000.000000,100,OPTSTK,BFO,5.000000,8000,False
844100,BOSCHLTD26SEP41250PE,BOSCHLTD,24SEP2026,4125000.000000,25,OPTSTK,BFO,5.000000,1500,False
844144,EICHERMOT26SEP7900CE,EICHERMOT,24SEP2026,790000.000000,100,OPTSTK,BFO,5.000000,7000,False
844176,KEI26SEP4950CE,KEI,24SEP2026,495000.000000,175,OPTSTK,BFO,5.000000,100000000,False
844199,OIL26SEP420PE,OIL,24SEP2026,42000.000000,1400,OPTSTK,BFO,5.000000,100000000,False
889220,SENSEX26O0876800PE,SENSEX,08OCT2026,7680000.000000,20,OPTIDX,BFO,5.000000,1000,False
889251,SENSEX26O0880700CE,SENSEX,08OCT2026,8070000.000000,20,OPTIDX,BFO,5.000000,1000,False
889278,DIXON26OCT16500PE,DIXON,29OCT2026,1650000.000000,50,OPTSTK,BFO,5.000000,6000,False
889281,SENSEX26O0878300CE,SENSEX,08OCT2026,7830000.000000,20,OPTIDX,BFO,5.000000,1000,False
844230,INDIGO26SEP5100PE,INDIGO,24SEP2026,510000.000000,150,OPTSTK,BFO,5.000000,12000,False
844231,BLUESTARCO26SEP1500CE,BLUESTARCO,24SEP2026,150000.000000,325,OPTSTK,BFO,5.000000,100000000,False
844236,TORNTPHARM26SEP4700PE,TORNTPHARM,24SEP2026,470000.000000,125,OPTSTK,BFO,5.000000,15000,False
844237,POLICYBZR26SEP1520PE,POLICYBZR,24SEP2026,152000.000000,350,OPTSTK,BFO,5.000000,100000000,False
862223,SUZLON26OCT46PE,SUZLON,29OCT2026,4600.000000,12700,OPTSTK,BFO,5.000000,100000000,False
862226,TATAPOWER26OCT395PE,TATAPOWER,29OCT2026,39500.000000,1450,OPTSTK,BFO,5.000000,101250,False
862233,ZYDUSLIFE26OCT1130CE,ZYDUSLIFE,29OCT2026,113000.000000,900,OPTSTK,BFO,5.000000,54000,False
862234,ITC26OCT280PE,ITC,29OCT2026,28000.000000,1725,OPTSTK,BFO,5.000000,64000,False
844241,CUMMINSIND26SEP5350CE,CUMMINSIND,24SEP2026,535000.000000,200,OPTSTK,BFO,5.000000,18000,False
844243,IDFCFIRSTB26SEP84PE,IDFCFIRSTB,24SEP2026,8400.000000,9275,OPTSTK,BFO,5.000000,450000,False
844291,VOLTAS26SEP1300CE,VOLTAS,24SEP2026,130000.000000,375,OPTSTK,BFO,5.000000,30000,False
844294,DIVISLAB26SEP6400PE,DIVISLAB,24SEP2026,640000.000000,100,OPTSTK,BFO,5.000000,8000,False
862241,GVT&D26OCT3700PE,GVT&D,29OCT2026,370000.000000,125,OPTSTK,BFO,5.000000,100000000,False
862253,INFY26OCT1220PE,INFY,29OCT2026,122000.000000,400,OPTSTK,BFO,5.000000,16000,False
862255,TATACONSUM26OCT1030CE,TATACONSUM,29OCT2026,103000.000000,550,OPTSTK,BFO,5.000000,36000,False
862257,PIIND26OCT2800CE,PIIND,29OCT2026,280000.000000,175,OPTSTK,BFO,5.000000,7500,False
889291,PFC26SEP335CE,PFC,24SEP2026,33500.000000,1300,OPTSTK,BFO,5.000000,124000,False
889315,SENSEX26O0884000PE,SENSEX,08OCT2026,8400000.000000,20,OPTIDX,BFO,5.000000,1000,False
889316,SENSEX26O0875600CE,SENSEX,08OCT2026,7560000.000000,20,OPTIDX,BFO,5.000000,1000,False
889325,LUPIN26OCT2060PE,LUPIN,29OCT2026,206000.000000,425,OPTSTK,BFO,5.000000,34000,False
844295,BAJFINANCE26SEP970PE,BAJFINANCE,24SEP2026,97000.000000,750,OPTSTK,BFO,5.000000,3750,False
844302,TATAPOWER26SEP360PE,TATAPOWER,24SEP2026,36000.000000,1450,OPTSTK,BFO,5.000000,101250,False
844314,LICHSGFIN26SEP520PE,LICHSGFIN,24SEP2026,52000.000000,1000,OPTSTK,BFO,5.000000,60000,False
844342,CIPLA26SEP1490PE,CIPLA,24SEP2026,149000.000000,425,OPTSTK,BFO,5.000000,26000,False
862268,UNIONBANK26OCT182.5PE,UNIONBANK,29OCT2026,18250.000000,4425,OPTSTK,BFO,5.000000,100000000,False
862274,HINDZINC26OCT510CE,HINDZINC,29OCT2026,51000.000000,1225,OPTSTK,BFO,5.000000,100000000,False
862285,SENSEX2691777300CE,SENSEX,17SEP2026,7730000.000000,20,OPTIDX,BFO,5.000000,1000,False
862286,VBL26OCT520PE,VBL,29OCT2026,52000.000000,1275,OPTSTK,BFO,5.000000,100000000,False
862294,TMPV26OCT305PE,TMPV,29OCT2026,30500.000000,1600,OPTSTK,BFO,5.000000,42750,False
862295,DRREDDY26OCTFUT,DRREDDY,29OCT2026,0.000000,625,FUTSTK,BFO,5.000000,5000,False
862301,DIXON26OCT15250PE,DIXON,29OCT2026,1525000.000000,50,OPTSTK,BFO,5.000000,6000,False
862314,BHEL26OCT415PE,BHEL,29OCT2026,41500.000000,2625,OPTSTK,BFO,5.000000,315000,False
889383,SENSEX26O0884100CE,SENSEX,08OCT2026,8410000.000000,20,OPTIDX,BFO,5.000000,1000,False
889334,ETERNAL26SEP365CE,ETERNAL,24SEP2026,36500.000000,2425,OPTSTK,BFO,5.000000,100000000,False
889343,OFSS26SEP12600CE,OFSS,24SEP2026,1260000.000000,100,OPTSTK,BFO,5.000000,8000,False
889377,SENSEX26O0874100CE,SENSEX,08OCT2026,7410000.000000,20,OPTIDX,BFO,5.000000,1000,False
862327,BOSCHLTD26OCT45000PE,BOSCHLTD,29OCT2026,4500000.000000,25,OPTSTK,BFO,5.000000,1500,False
862338,BIOCON26OCT450CE,BIOCON,29OCT2026,45000.000000,2500,OPTSTK,BFO,5.000000,100000,False
862356,FOCIT26SEP44200CE,FOCIT,24SEP2026,4420000.000000,45,OPTIDX,BFO,5.000000,1350,False
862363,SENSEX26OCT78100CE,SENSEX,29OCT2026,7810000.000000,20,OPTIDX,BFO,5.000000,1000,False
844353,FEDERALBNK26SEP335PE,FEDERALBNK,24SEP2026,33500.000000,2500,OPTSTK,BFO,5.000000,200000,False
844355,MPHASIS26SEP2318PE,MPHASIS,24SEP2026,231800.000000,275,OPTSTK,BFO,5.000000,11000,False
844371,HDFCAMC26SEP2520PE,HDFCAMC,24SEP2026,252000.000000,300,OPTSTK,BFO,5.000000,12000,False
844395,ZYDUSLIFE26SEP1090PE,ZYDUSLIFE,24SEP2026,109000.000000,900,OPTSTK,BFO,5.000000,54000,False
889387,HINDPETRO26SEP290PE,HINDPETRO,24SEP2026,29000.000000,2025,OPTSTK,BFO,5.000000,108000,False
889390,COFORGE26SEP1980CE,COFORGE,24SEP2026,198000.000000,475,OPTSTK,BFO,5.000000,6000,False
889394,SENSEX26O0872100PE,SENSEX,08OCT2026,7210000.000000,20,OPTIDX,BFO,5.000000,1000,False
889402,SENSEX26O0877400CE,SENSEX,08OCT2026,7740000.000000,20,OPTIDX,BFO,5.000000,1000,False
844425,OIL26SEP390CE,OIL,24SEP2026,39000.000000,1400,OPTSTK,BFO,5.000000,100000000,False
844434,LUPIN26SEP2480CE,LUPIN,24SEP2026,248000.000000,425,OPTSTK,BFO,5.000000,34000,False
844438,LICHSGFIN26SEP580CE,LICHSGFIN,24SEP2026,58000.000000,1000,OPTSTK,BFO,5.000000,60000,False
844445,GAIL26SEP174CE,GAIL,24SEP2026,17400.000000,3550,OPTSTK,BFO,5.000000,274500,False
862369,FORTIS26OCT990PE,FORTIS,29OCT2026,99000.000000,775,OPTSTK,BFO,5.000000,100000000,False
862378,CHOLAFIN26OCT1640CE,CHOLAFIN,29OCT2026,164000.000000,625,OPTSTK,BFO,5.000000,25000,False
862388,JUBLFOOD26OCT410CE,JUBLFOOD,29OCT2026,41000.000000,1250,OPTSTK,BFO,5.000000,50000,False
862394,NTPC26OCT355CE,NTPC,29OCT2026,35500.000000,1500,OPTSTK,BFO,5.000000,150000,False
862395,ICICIPRULI26OCT545CE,ICICIPRULI,29OCT2026,54500.000000,925,OPTSTK,BFO,5.000000,60000,False
862396,SHREECEM26OCT25000PE,SHREECEM,29OCT2026,2500000.000000,25,OPTSTK,BFO,5.000000,1000,False
862413,CROMPTON26OCT230PE,CROMPTON,29OCT2026,23000.000000,2150,OPTSTK,BFO,5.000000,90000,False
862417,HAVELLS26OCT1200CE,HAVELLS,29OCT2026,120000.000000,500,OPTSTK,BFO,5.000000,20000,False
844448,EICHERMOT26SEP7300PE,EICHERMOT,24SEP2026,730000.000000,100,OPTSTK,BFO,5.000000,7000,False
844454,SENSEX26DEC77000PE,SENSEX,31DEC2026,7700000.000000,20,OPTIDX,BFO,5.000000,1000,False
844458,ICICIPRULI26SEP510CE,ICICIPRULI,24SEP2026,51000.000000,925,OPTSTK,BFO,5.000000,60000,False
844476,LAURUSLABS26SEP1480PE,LAURUSLABS,24SEP2026,148000.000000,850,OPTSTK,BFO,5.000000,68000,False
889405,SENSEX26O0882100PE,SENSEX,08OCT2026,8210000.000000,20,OPTIDX,BFO,5.000000,1000,False
889410,SENSEX26O0873700CE,SENSEX,08OCT2026,7370000.000000,20,OPTIDX,BFO,5.000000,1000,False
889413,SENSEX26O0880700PE,SENSEX,08OCT2026,8070000.000000,20,OPTIDX,BFO,5.000000,1000,False
889526,SENSEX26O0875700CE,SENSEX,08OCT2026,7570000.000000,20,OPTIDX,BFO,5.000000,1000,False
862422,CUMMINSIND26OCT5700PE,CUMMINSIND,29OCT2026,570000.000000,200,OPTSTK,BFO,5.000000,18000,False
862432,CHOLAFIN26OCT1720PE,CHOLAFIN,29OCT2026,172000.000000,625,OPTSTK,BFO,5.000000,25000,False
862437,BAJFINANCE26OCT1050CE,BAJFINANCE,29OCT2026,105000.000000,750,OPTSTK,BFO,5.000000,3750,False
862466,IDFCFIRSTB26OCT82PE,IDFCFIRSTB,29OCT2026,8200.000000,9275,OPTSTK,BFO,5.000000,450000,False
844477,CROMPTON26SEP257.5CE,CROMPTON,24SEP2026,25750.000000,2150,OPTSTK,BFO,5.000000,90000,False
844479,IOC26SEP148CE,IOC,24SEP2026,14800.000000,4875,OPTSTK,BFO,5.000000,292500,False
844501,VEDL26SEP340CE,VEDL,24SEP2026,34000.000000,1150,OPTSTK,BFO,5.000000,80000,False
844510,SENSEX30JUN82000CE,SENSEX,27JUN2030,8200000.000000,20,OPTIDX,BFO,5.000000,1000,False
889539,SENSEX26O0877400PE,SENSEX,08OCT2026,7740000.000000,20,OPTIDX,BFO,5.000000,1000,False
889590,MARUTI26OCT12900CE,MARUTI,29OCT2026,1290000.000000,50,OPTSTK,BFO,5.000000,3000,False
889640,MCX26SEP3500PE,MCX,24SEP2026,350000.000000,225,OPTSTK,BFO,5.000000,16000,False
889646,CUMMINSIND26SEP4400CE,CUMMINSIND,24SEP2026,440000.000000,200,OPTSTK,BFO,5.000000,18000,False
862469,HEROMOTOCO26OCT5100PE,HEROMOTOCO,29OCT2026,510000.000000,150,OPTSTK,BFO,5.000000,9000,False
862480,APOLLOHOSP26OCT8700PE,APOLLOHOSP,29OCT2026,870000.000000,125,OPTSTK,BFO,5.000000,5000,False
862484,HCLTECH26OCT1310CE,HCLTECH,29OCT2026,131000.000000,400,OPTSTK,BFO,5.000000,21000,False
862515,VMM26OCT95PE,VMM,29OCT2026,9500.000000,4850,OPTSTK,BFO,5.000000,100000000,False
844524,LAURUSLABS26SEP1470CE,LAURUSLABS,24SEP2026,147000.000000,850,OPTSTK,BFO,5.000000,68000,False
844525,RVNL26SEP235CE,RVNL,24SEP2026,23500.000000,1925,OPTSTK,BFO,5.000000,100000000,False
844556,NBCC26SEP101CE,NBCC,24SEP2026,10100.000000,6500,OPTSTK,BFO,5.000000,100000000,False
844557,BHARATFORG26SEP2260PE,BHARATFORG,24SEP2026,226000.000000,500,OPTSTK,BFO,5.000000,30000,False
862524,ADANIENT26OCT2750CE,ADANIENT,29OCT2026,275000.000000,309,OPTSTK,BFO,5.000000,9000,False
862550,VOLTAS26OCT1400PE,VOLTAS,29OCT2026,140000.000000,375,OPTSTK,BFO,5.000000,30000,False
862555,INDUSINDBK26OCT1010PE,INDUSINDBK,29OCT2026,101000.000000,700,OPTSTK,BFO,5.000000,20000,False
862562,TATAELXSI26OCT3450PE,TATAELXSI,29OCT2026,345000.000000,125,OPTSTK,BFO,5.000000,100000000,False
889677,MARUTI26OCT12900PE,MARUTI,29OCT2026,1290000.000000,50,OPTSTK,BFO,5.000000,3000,False
889678,POLICYBZR26SEP1940PE,POLICYBZR,24SEP2026,194000.000000,350,OPTSTK,BFO,5.000000,100000000,False
889689,CDSL26SEP1740PE,CDSL,29SEP2026,174000.000000,475,OPTSTK,BFO,5.000000,14001,False
889731,SHREECEM26OCT22250PE,SHREECEM,29OCT2026,2225000.000000,25,OPTSTK,BFO,5.000000,1000,False
844558,FORCEMOT26SEP15500CE,FORCEMOT,24SEP2026,1550000.000000,25,OPTSTK,BFO,5.000000,100000000,False
844559,DABUR26SEP455PE,DABUR,24SEP2026,45500.000000,1250,OPTSTK,BFO,5.000000,50000,False
844571,SWIGGY26SEP235CE,SWIGGY,24SEP2026,23500.000000,1825,OPTSTK,BFO,5.000000,100000000,False
844580,ETERNAL26SEP272.5CE,ETERNAL,24SEP2026,27250.000000,2425,OPTSTK,BFO,5.000000,100000000,False
889755,AUBANK26OCT1260CE,AUBANK,29OCT2026,126000.000000,1000,OPTSTK,BFO,5.000000,30000,False
889756,BHARATFORG26OCT1900PE,BHARATFORG,29OCT2026,190000.000000,500,OPTSTK,BFO,5.000000,30000,False
889790,PETRONET26OCT330CE,PETRONET,29OCT2026,33000.000000,1900,OPTSTK,BFO,5.000000,120000,False
889794,ALKEM26SEP5000PE,ALKEM,24SEP2026,500000.000000,125,OPTSTK,BFO,5.000000,8000,False
862566,SBICARD26OCT710CE,SBICARD,29OCT2026,71000.000000,800,OPTSTK,BFO,5.000000,32000,False
862571,VOLTAS26OCT1240PE,VOLTAS,29OCT2026,124000.000000,375,OPTSTK,BFO,5.000000,30000,False
862582,JIOFIN26OCT237.5CE,JIOFIN,29OCT2026,23750.000000,2350,OPTSTK,BFO,5.000000,100000000,False
862613,GODREJCP26OCT1120PE,GODREJCP,29OCT2026,112000.000000,500,OPTSTK,BFO,5.000000,30000,False
889801,MUTHOOTFIN26OCT3550PE,MUTHOOTFIN,29OCT2026,355000.000000,275,OPTSTK,BFO,5.000000,22000,False
889837,MUTHOOTFIN26SEP3550PE,MUTHOOTFIN,24SEP2026,355000.000000,275,OPTSTK,BFO,5.000000,22000,False
889850,GMRAIRPORT26SEP92CE,GMRAIRPORT,24SEP2026,9200.000000,6975,OPTSTK,BFO,5.000000,675000,False
889883,PAYTM26SEP1840PE,PAYTM,24SEP2026,184000.000000,725,OPTSTK,BFO,5.000000,100000000,False
844585,PFC26SEP410CE,PFC,24SEP2026,41000.000000,1300,OPTSTK,BFO,5.000000,124000,False
844588,BANKEX26SEP72500PE,BANKEX,24SEP2026,7250000.000000,30,OPTIDX,BFO,5.000000,900,False
844602,OBEROIRLTY26SEP1700CE,OBEROIRLTY,24SEP2026,170000.000000,350,OPTSTK,BFO,5.000000,28000,False
844615,SENSEX26SEPFUT,SENSEX,24SEP2026,0.000000,20,FUTIDX,BFO,5.000000,500,False
862621,VEDL26OCTFUT,VEDL,29OCT2026,0.000000,1150,FUTSTK,BFO,5.000000,80000,False
862630,TATASTEEL26OCT172.5PE,TATASTEEL,29OCT2026,17250.000000,2750,OPTSTK,BFO,5.000000,220000,False
862632,FOCIT26SEP33800CE,FOCIT,24SEP2026,3380000.000000,45,OPTIDX,BFO,5.000000,1350,False
862636,TIINDIA26OCT2400CE,TIINDIA,29OCT2026,240000.000000,200,OPTSTK,BFO,5.000000,100000000,False
889891,DIVISLAB26OCT9400CE,DIVISLAB,29OCT2026,940000.000000,100,OPTSTK,BFO,5.000000,8000,False
889906,DABUR26OCT360CE,DABUR,29OCT2026,36000.000000,1250,OPTSTK,BFO,5.000000,50000,False
889980,MCX26SEP3650CE,MCX,24SEP2026,365000.000000,225,OPTSTK,BFO,5.000000,16000,False
844627,INFY26SEP1070CE,INFY,24SEP2026,107000.000000,400,OPTSTK,BFO,5.000000,16000,False
862667,SUNPHARMA26OCT1880PE,SUNPHARMA,29OCT2026,188000.000000,350,OPTSTK,BFO,5.000000,28000,False
862684,IDFCFIRSTB26OCT83CE,IDFCFIRSTB,29OCT2026,8300.000000,9275,OPTSTK,BFO,5.000000,450000,False
862694,PHOENIXLTD26OCT2000CE,PHOENIXLTD,29OCT2026,200000.000000,350,OPTSTK,BFO,5.000000,100000000,False
862704,PFC26OCT445PE,PFC,29OCT2026,44500.000000,1300,OPTSTK,BFO,5.000000,124000,False
844616,TITAN26SEP4650PE,TITAN,24SEP2026,465000.000000,175,OPTSTK,BFO,5.000000,11250,False
844618,JINDALSTEL26SEP1120CE,JINDALSTEL,24SEP2026,112000.000000,625,OPTSTK,BFO,5.000000,37500,False
844625,HDFCBANK26SEP825PE,HDFCBANK,24SEP2026,82500.000000,650,OPTSTK,BFO,5.000000,16500,False
862718,BANKEX26OCT62900CE,BANKEX,29OCT2026,6290000.000000,30,OPTIDX,BFO,5.000000,900,False
862723,SBILIFE26OCT1800CE,SBILIFE,29OCT2026,180000.000000,375,OPTSTK,BFO,5.000000,22500,False
862728,HDFCAMC26OCT2600CE,HDFCAMC,29OCT2026,260000.000000,300,OPTSTK,BFO,5.000000,12000,False
862729,CGPOWER26OCT800CE,CGPOWER,29OCT2026,80000.000000,850,OPTSTK,BFO,5.000000,100000000,False
844672,WIPRO26SEP177.5CE,WIPRO,24SEP2026,17750.000000,3000,OPTSTK,BFO,5.000000,60000,False
844678,LICHSGFIN26SEP585CE,LICHSGFIN,24SEP2026,58500.000000,1000,OPTSTK,BFO,5.000000,60000,False
844682,TECHM26SEP1304CE,TECHM,24SEP2026,130400.000000,600,OPTSTK,BFO,5.000000,24000,False
844684,GAIL26SEP179CE,GAIL,24SEP2026,17900.000000,3550,OPTSTK,BFO,5.000000,274500,False
844699,BAJAJHLDNG26SEP10800PE,BAJAJHLDNG,24SEP2026,1080000.000000,75,OPTSTK,BFO,5.000000,100000000,False
844701,APLAPOLLO26SEP1900CE,APLAPOLLO,24SEP2026,190000.000000,350,OPTSTK,BFO,5.000000,100000000,False
844733,TMPV26SEP335CE,TMPV,24SEP2026,33500.000000,1600,OPTSTK,BFO,5.000000,42750,False
844735,HYUNDAI26SEP2100CE,HYUNDAI,24SEP2026,210000.000000,275,OPTSTK,BFO,5.000000,100000000,False
862735,NESTLEIND26OCT1550CE,NESTLEIND,29OCT2026,155000.000000,500,OPTSTK,BFO,5.000000,1200,False
862755,RBLBANK26OCT365CE,RBLBANK,29OCT2026,36500.000000,3175,OPTSTK,BFO,5.000000,150000,False
862765,JSWENERGY26OCT510CE,JSWENERGY,29OCT2026,51000.000000,1075,OPTSTK,BFO,5.000000,100000000,False
862779,MAXHEALTH26OCT1140PE,MAXHEALTH,29OCT2026,114000.000000,525,OPTSTK,BFO,5.000000,100000000,False
862782,BANKEX26OCT70600CE,BANKEX,29OCT2026,7060000.000000,30,OPTIDX,BFO,5.000000,900,False
862783,JIOFIN26OCT237.5PE,JIOFIN,29OCT2026,23750.000000,2350,OPTSTK,BFO,5.000000,100000000,False
862786,ABCAPITAL26OCT370PE,ABCAPITAL,29OCT2026,37000.000000,3100,OPTSTK,BFO,5.000000,162000,False
862787,GLENMARK26OCT2200CE,GLENMARK,29OCT2026,220000.000000,375,OPTSTK,BFO,5.000000,43500,False
844738,PERSISTENT26SEP5000CE,PERSISTENT,24SEP2026,500000.000000,125,OPTSTK,BFO,5.000000,5250,False
844788,COALINDIA26SEP425CE,COALINDIA,24SEP2026,42500.000000,1350,OPTSTK,BFO,5.000000,126000,False
844789,UNIONBANK26SEP152.5PE,UNIONBANK,24SEP2026,15250.000000,4425,OPTSTK,BFO,5.000000,100000000,False
844796,RADICO26SEP3400CE,RADICO,24SEP2026,340000.000000,150,OPTSTK,BFO,5.000000,100000000,False
844797,PFC26SEP415CE,PFC,24SEP2026,41500.000000,1300,OPTSTK,BFO,5.000000,124000,False
844802,GODREJPROP26SEP1880CE,GODREJPROP,24SEP2026,188000.000000,325,OPTSTK,BFO,5.000000,19000,False
844806,HDFCLIFE26SEP585PE,HDFCLIFE,24SEP2026,58500.000000,1100,OPTSTK,BFO,5.000000,44000,False
844810,SHRIRAMFIN26SEP1080PE,SHRIRAMFIN,24SEP2026,108000.000000,825,OPTSTK,BFO,5.000000,18000,False
862804,LAURUSLABS26OCT1720CE,LAURUSLABS,29OCT2026,172000.000000,850,OPTSTK,BFO,5.000000,68000,False
862808,SENSEX26OCT73000PE,SENSEX,29OCT2026,7300000.000000,20,OPTIDX,BFO,5.000000,1000,False
862814,ZYDUSLIFE26OCT1090PE,ZYDUSLIFE,29OCT2026,109000.000000,900,OPTSTK,BFO,5.000000,54000,False
862818,OBEROIRLTY26OCT1720CE,OBEROIRLTY,29OCT2026,172000.000000,350,OPTSTK,BFO,5.000000,28000,False
844830,CROMPTON26SEP260CE,CROMPTON,24SEP2026,26000.000000,2150,OPTSTK,BFO,5.000000,90000,False
844836,ETERNAL26SEP245CE,ETERNAL,24SEP2026,24500.000000,2425,OPTSTK,BFO,5.000000,100000000,False
844837,UNITDSPR26SEP1410PE,UNITDSPR,24SEP2026,141000.000000,400,OPTSTK,BFO,5.000000,28000,False
844842,SENSEX5026SEP26150CE,SENSEX50,24SEP2026,2615000.000000,75,OPTIDX,BFO,5.000000,1800,False
862824,MARUTI26OCT14700PE,MARUTI,29OCT2026,1470000.000000,50,OPTSTK,BFO,5.000000,3000,False
862833,TATACONSUM26OCT1150PE,TATACONSUM,29OCT2026,115000.000000,550,OPTSTK,BFO,5.000000,36000,False
862837,FOCIT26SEP30700CE,FOCIT,24SEP2026,3070000.000000,45,OPTIDX,BFO,5.000000,1350,False
862876,BAJAJ-AUTO26OCT11500CE,BAJAJ-AUTO,29OCT2026,1150000.000000,75,OPTSTK,BFO,5.000000,5000,False
844860,NMDC26SEP80PE,NMDC,24SEP2026,8000.000000,6750,OPTSTK,BFO,5.000000,225000,False
844869,SENSEX26DEC77000CE,SENSEX,31DEC2026,7700000.000000,20,OPTIDX,BFO,5.000000,1000,False
844873,TATASTEEL26SEP205CE,TATASTEEL,24SEP2026,20500.000000,2750,OPTSTK,BFO,5.000000,220000,False
844878,AUROPHARMA26SEP1660PE,AUROPHARMA,24SEP2026,166000.000000,550,OPTSTK,BFO,5.000000,44000,False
862883,SONACOMS26OCT820CE,SONACOMS,29OCT2026,82000.000000,1225,OPTSTK,BFO,5.000000,100000000,False
862887,KALYANKJIL26OCT620CE,KALYANKJIL,29OCT2026,62000.000000,1350,OPTSTK,BFO,5.000000,100000000,False
862897,SENSEX26OCT83000PE,SENSEX,29OCT2026,8300000.000000,20,OPTIDX,BFO,5.000000,1000,False
862899,KOTAKBANK26OCT365PE,KOTAKBANK,29OCT2026,36500.000000,2000,OPTSTK,BFO,5.000000,12000,False
844904,HDFCAMC26SEP2560PE,HDFCAMC,24SEP2026,256000.000000,300,OPTSTK,BFO,5.000000,12000,False
844905,360ONE26SEP1100PE,,24SEP2026,110000.000000,500,OPTSTK,BFO,5.000000,100000000,False
844913,BANKINDIA26SEP130CE,BANKINDIA,24SEP2026,13000.000000,5200,OPTSTK,BFO,5.000000,100000000,False
844916,UNITDSPR26SEP1320PE,UNITDSPR,24SEP2026,132000.000000,400,OPTSTK,BFO,5.000000,28000,False
862901,ADANIENSOL26OCT1580PE,ADANIENSOL,29OCT2026,158000.000000,675,OPTSTK,BFO,5.000000,100000000,False
862929,POWERGRID26OCT267.5PE,POWERGRID,29OCT2026,26750.000000,1900,OPTSTK,BFO,5.000000,108000,False
862933,FOCIT26SEP40700CE,FOCIT,24SEP2026,4070000.000000,45,OPTIDX,BFO,5.000000,1350,False
862956,CROMPTON26OCT270PE,CROMPTON,29OCT2026,27000.000000,2150,OPTSTK,BFO,5.000000,90000,False
844926,PRESTIGE26SEP1440PE,PRESTIGE,24SEP2026,144000.000000,450,OPTSTK,BFO,5.000000,100000000,False
844934,SENSEX5026SEP24400PE,SENSEX50,24SEP2026,2440000.000000,75,OPTIDX,BFO,5.000000,1800,False
844942,BANDHANBNK26SEP200CE,BANDHANBNK,24SEP2026,20000.000000,3600,OPTSTK,BFO,5.000000,100000,False
844953,COALINDIA26SEP425PE,COALINDIA,24SEP2026,42500.000000,1350,OPTSTK,BFO,5.000000,126000,False
862982,FOCIT26OCT37400CE,FOCIT,29OCT2026,3740000.000000,45,OPTIDX,BFO,5.000000,1350,False
862990,SENSEX26OCT70900CE,SENSEX,29OCT2026,7090000.000000,20,OPTIDX,BFO,5.000000,1000,False
863004,SONACOMS26OCT730CE,SONACOMS,29OCT2026,73000.000000,1225,OPTSTK,BFO,5.000000,100000000,False
863014,BANKBARODA26OCT245CE,BANKBARODA,29OCT2026,24500.000000,2925,OPTSTK,BFO,5.000000,175500,False
844956,UNOMINDA26SEP1280CE,UNOMINDA,24SEP2026,128000.000000,550,OPTSTK,BFO,5.000000,100000000,False
844965,MAXHEALTH26SEP1090PE,MAXHEALTH,24SEP2026,109000.000000,525,OPTSTK,BFO,5.000000,100000000,False
844966,BHARTIARTL26SEP1840PE,BHARTIARTL,24SEP2026,184000.000000,475,OPTSTK,BFO,5.000000,28500,False
844968,GRASIM26SEP3260CE,GRASIM,24SEP2026,326000.000000,250,OPTSTK,BFO,5.000000,14250,False
863020,TATASTEEL26OCT180CE,TATASTEEL,29OCT2026,18000.000000,2750,OPTSTK,BFO,5.000000,220000,False
863027,BANDHANBNK26OCT145CE,BANDHANBNK,29OCT2026,14500.000000,3600,OPTSTK,BFO,5.000000,100000,False
863045,SENSEX5026OCT24650PE,SENSEX50,29OCT2026,2465000.000000,75,OPTIDX,BFO,5.000000,1800,False
863050,FOCIT26OCT40700PE,FOCIT,29OCT2026,4070000.000000,45,OPTIDX,BFO,5.000000,1350,False
844984,ADANIGREEN26SEP1500PE,ADANIGREEN,24SEP2026,150000.000000,600,OPTSTK,BFO,5.000000,100000000,False
844988,HINDPETRO26SEP400.75CE,HINDPETRO,24SEP2026,40075.000000,2025,OPTSTK,BFO,5.000000,108000,False
845002,JIOFIN26SEP230CE,JIOFIN,24SEP2026,23000.000000,2350,OPTSTK,BFO,5.000000,100000000,False
845005,JINDALSTEL26SEP1090CE,JINDALSTEL,24SEP2026,109000.000000,625,OPTSTK,BFO,5.000000,37500,False
863065,FOCIT26SEP39100CE,FOCIT,24SEP2026,3910000.000000,45,OPTIDX,BFO,5.000000,1350,False
863070,COCHINSHIP26OCT1400PE,COCHINSHIP,29OCT2026,140000.000000,400,OPTSTK,BFO,5.000000,100000000,False
863113,FOCIT26SEP37700CE,FOCIT,24SEP2026,3770000.000000,45,OPTIDX,BFO,5.000000,1350,False
863115,PERSISTENT26OCTFUT,PERSISTENT,29OCT2026,0.000000,125,FUTSTK,BFO,5.000000,5250,False
845017,SENSEX31JUN78000CE,SENSEX,26JUN2031,7800000.000000,20,OPTIDX,BFO,5.000000,1000,False
845020,ASHOKLEY26SEP142.5CE,ASHOKLEY,24SEP2026,14250.000000,5000,OPTSTK,BFO,5.000000,150000,False
845027,NBCC26SEPFUT,NBCC,24SEP2026,0.000000,6500,FUTSTK,BFO,5.000000,100000000,False
845032,GRASIM26SEP3180PE,GRASIM,24SEP2026,318000.000000,250,OPTSTK,BFO,5.000000,14250,False
863116,KALYANKJIL26OCT625CE,KALYANKJIL,29OCT2026,62500.000000,1350,OPTSTK,BFO,5.000000,100000000,False
863117,INDHOTEL26OCT820PE,INDHOTEL,29OCT2026,82000.000000,1000,OPTSTK,BFO,5.000000,60000,False
863128,JUBLFOOD26OCT450PE,JUBLFOOD,29OCT2026,45000.000000,1250,OPTSTK,BFO,5.000000,50000,False
863132,IEX26OCT122.5CE,IEX,29OCT2026,12250.000000,4350,OPTSTK,BFO,5.000000,150000,False
845043,BANKINDIA26SEP162.5PE,BANKINDIA,24SEP2026,16250.000000,5200,OPTSTK,BFO,5.000000,100000000,False
845064,PGEL26SEP550PE,PGEL,24SEP2026,55000.000000,950,OPTSTK,BFO,5.000000,100000000,False
845074,HDFCBANK26SEPFUT,HDFCBANK,24SEP2026,0.000000,650,FUTSTK,BFO,5.000000,16500,False
845082,SOLARINDS26SEP18000PE,SOLARINDS,24SEP2026,1800000.000000,50,OPTSTK,BFO,5.000000,100000000,False
863157,INDIGO26OCT4600CE,INDIGO,29OCT2026,460000.000000,150,OPTSTK,BFO,5.000000,12000,False
863158,TRENT26OCT2650PE,TRENT,29OCT2026,265000.000000,225,OPTSTK,BFO,5.000000,16000,False
863176,UNITDSPR26OCT1500PE,UNITDSPR,29OCT2026,150000.000000,400,OPTSTK,BFO,5.000000,28000,False
863180,TITAN26OCT4550CE,TITAN,29OCT2026,455000.000000,175,OPTSTK,BFO,5.000000,11250,False
845090,BHARTIARTL26SEP1900CE,BHARTIARTL,24SEP2026,190000.000000,475,OPTSTK,BFO,5.000000,28500,False
845114,HAVELLS26SEP1190CE,HAVELLS,24SEP2026,119000.000000,500,OPTSTK,BFO,5.000000,20000,False
845160,NTPC26SEP365CE,NTPC,24SEP2026,36500.000000,1500,OPTSTK,BFO,5.000000,150000,False
845163,ICICIBANK26SEP1460CE,ICICIBANK,24SEP2026,146000.000000,700,OPTSTK,BFO,5.000000,28000,False
845192,UPL26SEP570CE,UPL,24SEP2026,57000.000000,1355,OPTSTK,BFO,5.000000,39000,False
845194,MPHASIS26SEP2058CE,MPHASIS,24SEP2026,205800.000000,275,OPTSTK,BFO,5.000000,11000,False
845202,INDIGO26SEP5500PE,INDIGO,24SEP2026,550000.000000,150,OPTSTK,BFO,5.000000,12000,False
845227,POLICYBZR26SEP1760PE,POLICYBZR,24SEP2026,176000.000000,350,OPTSTK,BFO,5.000000,100000000,False
863182,INDIGO26OCT5300PE,INDIGO,29OCT2026,530000.000000,150,OPTSTK,BFO,5.000000,12000,False
863186,PRESTIGE26OCT1620PE,PRESTIGE,29OCT2026,162000.000000,450,OPTSTK,BFO,5.000000,100000000,False
863207,COLPAL26OCT2140CE,COLPAL,29OCT2026,214000.000000,275,OPTSTK,BFO,5.000000,14000,False
863221,NHPC26OCT80CE,NHPC,29OCT2026,8000.000000,6950,OPTSTK,BFO,5.000000,100000000,False
845229,SENSEX31JUN76000PE,SENSEX,26JUN2031,7600000.000000,20,OPTIDX,BFO,5.000000,1000,False
845235,PAYTM26SEP1180CE,PAYTM,24SEP2026,118000.000000,725,OPTSTK,BFO,5.000000,100000000,False
845238,NMDC26SEP86CE,NMDC,24SEP2026,8600.000000,6750,OPTSTK,BFO,5.000000,225000,False
845253,M&M26SEP3040PE,M&M,24SEP2026,304000.000000,200,OPTSTK,BFO,5.000000,21000,False
863225,TATASTEEL26OCT180PE,TATASTEEL,29OCT2026,18000.000000,2750,OPTSTK,BFO,5.000000,220000,False
863227,FOCIT26OCT37700PE,FOCIT,29OCT2026,3770000.000000,45,OPTIDX,BFO,5.000000,1350,False
863228,OFSS26OCT10900CE,OFSS,29OCT2026,1090000.000000,100,OPTSTK,BFO,5.000000,8000,False
863238,DLF26OCT650CE,DLF,29OCT2026,65000.000000,950,OPTSTK,BFO,5.000000,49500,False
845257,HYUNDAI26SEP2060PE,HYUNDAI,24SEP2026,206000.000000,275,OPTSTK,BFO,5.000000,100000000,False
845264,TATAELXSI26SEP3750CE,TATAELXSI,24SEP2026,375000.000000,125,OPTSTK,BFO,5.000000,100000000,False
845269,DIXON26SEP11700PE,DIXON,24SEP2026,1170000.000000,50,OPTSTK,BFO,5.000000,6000,False
845283,NAM-INDIA26SEP1020CE,NAM-INDIA,24SEP2026,102000.000000,625,OPTSTK,BFO,5.000000,100000000,False
863250,BAJAJFINSV26OCT2020CE,BAJAJFINSV,29OCT2026,202000.000000,300,OPTSTK,BFO,5.000000,20000,False
863267,UPL26OCT670PE,UPL,29OCT2026,67000.000000,1355,OPTSTK,BFO,5.000000,39000,False
863269,NBCC26OCT105CE,NBCC,29OCT2026,10500.000000,6500,OPTSTK,BFO,5.000000,100000000,False
863277,BPCL26OCT350CE,BPCL,29OCT2026,35000.000000,1975,OPTSTK,BFO,5.000000,72000,False
845299,UNIONBANK26SEP160PE,UNIONBANK,24SEP2026,16000.000000,4425,OPTSTK,BFO,5.000000,100000000,False
845303,WIPRO26SEP192.5PE,WIPRO,24SEP2026,19250.000000,3000,OPTSTK,BFO,5.000000,60000,False
845304,IREDA26SEP134PE,IREDA,24SEP2026,13400.000000,4525,OPTSTK,BFO,5.000000,100000000,False
845309,BANKEX26SEP72600CE,BANKEX,24SEP2026,7260000.000000,30,OPTIDX,BFO,5.000000,900,False
863334,SENSEX26OCT73200PE,SENSEX,29OCT2026,7320000.000000,20,OPTIDX,BFO,5.000000,1000,False
863341,SENSEX2691784700PE,SENSEX,17SEP2026,8470000.000000,20,OPTIDX,BFO,5.000000,1000,False
863360,WAAREEENER26SEP2250PE,WAAREEENER,24SEP2026,225000.000000,175,OPTSTK,BFO,5.000000,100000000,False
863363,BHARTIARTL26OCT1920CE,BHARTIARTL,29OCT2026,192000.000000,475,OPTSTK,BFO,5.000000,28500,False
863372,FORCEMOT26OCT18500PE,FORCEMOT,29OCT2026,1850000.000000,25,OPTSTK,BFO,5.000000,100000000,False
863392,CUMMINSIND26OCT5200PE,CUMMINSIND,29OCT2026,520000.000000,200,OPTSTK,BFO,5.000000,18000,False
863397,SENSEX26OCT78500CE,SENSEX,29OCT2026,7850000.000000,20,OPTIDX,BFO,5.000000,1000,False
863401,LICHSGFIN26OCT500PE,LICHSGFIN,29OCT2026,50000.000000,1000,OPTSTK,BFO,5.000000,60000,False
845311,SBILIFE26SEP1880CE,SBILIFE,24SEP2026,188000.000000,375,OPTSTK,BFO,5.000000,22500,False
845312,HDFCAMC26SEP2680CE,HDFCAMC,24SEP2026,268000.000000,300,OPTSTK,BFO,5.000000,12000,False
845319,IRFC26SEP90CE,IRFC,24SEP2026,9000.000000,5425,OPTSTK,BFO,5.000000,100000000,False
845322,PATANJALI26SEP400CE,PATANJALI,24SEP2026,40000.000000,1075,OPTSTK,BFO,5.000000,100000000,False
845340,DELHIVERY26SEP475PE,DELHIVERY,24SEP2026,47500.000000,2075,OPTSTK,BFO,5.000000,100000000,False
845344,WIPRO26SEP160PE,WIPRO,24SEP2026,16000.000000,3000,OPTSTK,BFO,5.000000,60000,False
845346,SENSEX31JUN80000PE,SENSEX,26JUN2031,8000000.000000,20,OPTIDX,BFO,5.000000,1000,False
845361,PGEL26SEP590CE,PGEL,24SEP2026,59000.000000,950,OPTSTK,BFO,5.000000,100000000,False
863426,SRF26OCT2600PE,SRF,29OCT2026,260000.000000,200,OPTSTK,BFO,5.000000,11250,False
863428,BANKEX26OCT60200PE,BANKEX,29OCT2026,6020000.000000,30,OPTIDX,BFO,5.000000,900,False
863439,AMBUJACEM26OCT460CE,AMBUJACEM,29OCT2026,46000.000000,1200,OPTSTK,BFO,5.000000,54000,False
863442,GODFRYPHLP26OCT2050CE,GODFRYPHLP,29OCT2026,205000.000000,275,OPTSTK,BFO,5.000000,100000000,False
845365,POLICYBZR26SEP1660CE,POLICYBZR,24SEP2026,166000.000000,350,OPTSTK,BFO,5.000000,100000000,False
845382,CANBK26SEP125CE,CANBK,24SEP2026,12500.000000,6750,OPTSTK,BFO,5.000000,81000,False
845385,BAJFINANCE26SEP920CE,BAJFINANCE,24SEP2026,92000.000000,750,OPTSTK,BFO,5.000000,3750,False
845388,ONGC26SEP215CE,ONGC,24SEP2026,21500.000000,2250,OPTSTK,BFO,5.000000,154000,False
863444,AUROPHARMA26OCT1560CE,AUROPHARMA,29OCT2026,156000.000000,550,OPTSTK,BFO,5.000000,44000,False
863445,SENSEX26OCT72500CE,SENSEX,29OCT2026,7250000.000000,20,OPTIDX,BFO,5.000000,1000,False
863459,CIPLA26OCT1410CE,CIPLA,29OCT2026,141000.000000,425,OPTSTK,BFO,5.000000,26000,False
863475,LUPIN26OCT2420PE,LUPIN,29OCT2026,242000.000000,425,OPTSTK,BFO,5.000000,34000,False
845389,FEDERALBNK26SEP312.5PE,FEDERALBNK,24SEP2026,31250.000000,2500,OPTSTK,BFO,5.000000,200000,False
845401,CANBK26SEP129PE,CANBK,24SEP2026,12900.000000,6750,OPTSTK,BFO,5.000000,81000,False
845407,GVT&D26SEP4000PE,GVT&D,24SEP2026,400000.000000,125,OPTSTK,BFO,5.000000,100000000,False
845409,PRESTIGE26SEP1480PE,PRESTIGE,24SEP2026,148000.000000,450,OPTSTK,BFO,5.000000,100000000,False
863528,TIINDIA26OCT2900PE,TIINDIA,29OCT2026,290000.000000,200,OPTSTK,BFO,5.000000,100000000,False
863479,PNBHOUSING26OCT1040PE,PNBHOUSING,29OCT2026,104000.000000,650,OPTSTK,BFO,5.000000,100000000,False
863512,DLF26OCT720PE,DLF,29OCT2026,72000.000000,950,OPTSTK,BFO,5.000000,49500,False
863520,KFINTECH26OCT860PE,KFINTECH,29OCT2026,86000.000000,575,OPTSTK,BFO,5.000000,100000000,False
845415,CUMMINSIND26SEP5400PE,CUMMINSIND,24SEP2026,540000.000000,200,OPTSTK,BFO,5.000000,18000,False
845427,MARUTI26SEP13700CE,MARUTI,24SEP2026,1370000.000000,50,OPTSTK,BFO,5.000000,3000,False
845433,OBEROIRLTY26SEP1880PE,OBEROIRLTY,24SEP2026,188000.000000,350,OPTSTK,BFO,5.000000,28000,False
845454,BANKEX26SEP62900PE,BANKEX,24SEP2026,6290000.000000,30,OPTIDX,BFO,5.000000,900,False
863531,OIL26OCTFUT,OIL,29OCT2026,0.000000,1400,FUTSTK,BFO,5.000000,100000000,False
863538,FORTIS26OCT940CE,FORTIS,29OCT2026,94000.000000,775,OPTSTK,BFO,5.000000,100000000,False
863546,INDHOTEL26OCT790PE,INDHOTEL,29OCT2026,79000.000000,1000,OPTSTK,BFO,5.000000,60000,False
863559,BLUESTARCO26OCT1840PE,BLUESTARCO,29OCT2026,184000.000000,325,OPTSTK,BFO,5.000000,100000000,False
845478,IREDA26SEP127CE,IREDA,24SEP2026,12700.000000,4525,OPTSTK,BFO,5.000000,100000000,False
845481,ANGELONE26SEP355PE,ANGELONE,24SEP2026,35500.000000,2500,OPTSTK,BFO,5.000000,100000000,False
845484,RBLBANK26SEP370PE,RBLBANK,24SEP2026,37000.000000,3175,OPTSTK,BFO,5.000000,150000,False
845500,LODHA26SEP1010PE,LODHA,24SEP2026,101000.000000,625,OPTSTK,BFO,5.000000,100000000,False
863570,ITC26OCT267.5CE,ITC,29OCT2026,26750.000000,1725,OPTSTK,BFO,5.000000,64000,False
863572,RELIANCE26OCT1280PE,RELIANCE,29OCT2026,128000.000000,500,OPTSTK,BFO,5.000000,10000,False
863580,BANKEX26OCT58400CE,BANKEX,29OCT2026,5840000.000000,30,OPTIDX,BFO,5.000000,900,False
863605,FOCIT26SEP33300CE,FOCIT,24SEP2026,3330000.000000,45,OPTIDX,BFO,5.000000,1350,False
845508,SENSEX5026SEP24350PE,SENSEX50,24SEP2026,2435000.000000,75,OPTIDX,BFO,5.000000,1800,False
845514,TITAN26SEP4300CE,TITAN,24SEP2026,430000.000000,175,OPTSTK,BFO,5.000000,11250,False
845537,CIPLA26SEP1370PE,CIPLA,24SEP2026,137000.000000,425,OPTSTK,BFO,5.000000,26000,False
863713,TECHM26SEP1800CE,TECHM,24SEP2026,180000.000000,600,OPTSTK,BFO,5.000000,24000,False
845527,EICHERMOT26SEP7600CE,EICHERMOT,24SEP2026,760000.000000,100,OPTSTK,BFO,5.000000,7000,False
863615,FOCIT26SEP37900CE,FOCIT,24SEP2026,3790000.000000,45,OPTIDX,BFO,5.000000,1350,False
863637,SENSEX26OCT76500PE,SENSEX,29OCT2026,7650000.000000,20,OPTIDX,BFO,5.000000,1000,False
863704,BAJFINANCE26OCT990CE,BAJFINANCE,29OCT2026,99000.000000,750,OPTSTK,BFO,5.000000,3750,False
845538,GLENMARK26SEP2260CE,GLENMARK,24SEP2026,226000.000000,375,OPTSTK,BFO,5.000000,43500,False
845552,SENSEX5026SEP25050CE,SENSEX50,24SEP2026,2505000.000000,75,OPTIDX,BFO,5.000000,1800,False
845574,BHARTIARTL26SEP1780CE,BHARTIARTL,24SEP2026,178000.000000,475,OPTSTK,BFO,5.000000,28500,False
845579,MARUTI26SEP14300CE,MARUTI,24SEP2026,1430000.000000,50,OPTSTK,BFO,5.000000,3000,False
863714,BANDHANBNK26OCT160PE,BANDHANBNK,29OCT2026,16000.000000,3600,OPTSTK,BFO,5.000000,100000,False
863723,FOCIT26OCT35600PE,FOCIT,29OCT2026,3560000.000000,45,OPTIDX,BFO,5.000000,1350,False
863753,FEDERALBNK26OCT350PE,FEDERALBNK,29OCT2026,35000.000000,2500,OPTSTK,BFO,5.000000,200000,False
863760,POWERINDIA26OCT33500PE,POWERINDIA,29OCT2026,3350000.000000,25,OPTSTK,BFO,5.000000,100000000,False
845618,KPITTECH26SEP710PE,KPITTECH,24SEP2026,71000.000000,775,OPTSTK,BFO,5.000000,100000000,False
845656,BANKBARODA26SEP287.5CE,BANKBARODA,24SEP2026,28750.000000,2925,OPTSTK,BFO,5.000000,175500,False
845710,GVT&D26SEP3600PE,GVT&D,24SEP2026,360000.000000,125,OPTSTK,BFO,5.000000,100000000,False
845715,GMRAIRPORT26SEP103PE,GMRAIRPORT,24SEP2026,10300.000000,6975,OPTSTK,BFO,5.000000,675000,False
863767,BAJFINANCE26OCT1010PE,BAJFINANCE,29OCT2026,101000.000000,750,OPTSTK,BFO,5.000000,3750,False
863780,SENSEX2691779300CE,SENSEX,17SEP2026,7930000.000000,20,OPTIDX,BFO,5.000000,1000,False
863785,SBILIFE26OCT1880CE,SBILIFE,29OCT2026,188000.000000,375,OPTSTK,BFO,5.000000,22500,False
863786,BEL26OCT380CE,BEL,29OCT2026,38000.000000,1425,OPTSTK,BFO,5.000000,228000,False
863798,TMPV26OCT315CE,TMPV,29OCT2026,31500.000000,1600,OPTSTK,BFO,5.000000,42750,False
863828,UNIONBANK26OCT160CE,UNIONBANK,29OCT2026,16000.000000,4425,OPTSTK,BFO,5.000000,100000000,False
863863,OBEROIRLTY26OCT1960CE,OBEROIRLTY,29OCT2026,196000.000000,350,OPTSTK,BFO,5.000000,28000,False
863871,ONGC26OCT260PE,ONGC,29OCT2026,26000.000000,2250,OPTSTK,BFO,5.000000,154000,False
863879,BANKEX26OCT64100PE,BANKEX,29OCT2026,6410000.000000,30,OPTIDX,BFO,5.000000,900,False
863890,EICHERMOT26OCT7700PE,EICHERMOT,29OCT2026,770000.000000,100,OPTSTK,BFO,5.000000,7000,False
863901,RVNL26OCT250CE,RVNL,29OCT2026,25000.000000,1925,OPTSTK,BFO,5.000000,100000000,False
863916,LAURUSLABS26OCT1880PE,LAURUSLABS,29OCT2026,188000.000000,850,OPTSTK,BFO,5.000000,68000,False
863921,BRITANNIA26OCT5350CE,BRITANNIA,29OCT2026,535000.000000,125,OPTSTK,BFO,5.000000,6000,False
863933,BANKEX26OCT62700PE,BANKEX,29OCT2026,6270000.000000,30,OPTIDX,BFO,5.000000,900,False
863943,ULTRACEMCO26OCT12300PE,ULTRACEMCO,29OCT2026,1230000.000000,50,OPTSTK,BFO,5.000000,3000,False
863952,LT26OCT4200PE,LT,29OCT2026,420000.000000,175,OPTSTK,BFO,5.000000,12000,False
863954,MPHASIS26OCT2350PE,MPHASIS,29OCT2026,235000.000000,275,OPTSTK,BFO,5.000000,11000,False
863956,KEI26OCT4900CE,KEI,29OCT2026,490000.000000,175,OPTSTK,BFO,5.000000,100000000,False
863970,VBL26OCT510CE,VBL,29OCT2026,51000.000000,1275,OPTSTK,BFO,5.000000,100000000,False
863974,FOCIT26OCT37800CE,FOCIT,29OCT2026,3780000.000000,45,OPTIDX,BFO,5.000000,1350,False
863979,SENSEX5026OCT26450PE,SENSEX50,29OCT2026,2645000.000000,75,OPTIDX,BFO,5.000000,1800,False
863994,SENSEX26OCT80400CE,SENSEX,29OCT2026,8040000.000000,20,OPTIDX,BFO,5.000000,1000,False
864013,COLPAL26OCT1940CE,COLPAL,29OCT2026,194000.000000,275,OPTSTK,BFO,5.000000,14000,False
864020,FOCIT26OCT43200CE,FOCIT,29OCT2026,4320000.000000,45,OPTIDX,BFO,5.000000,1350,False
864023,ASTRAL26OCT1620CE,ASTRAL,29OCT2026,162000.000000,425,OPTSTK,BFO,5.000000,14680,False
864030,FOCIT26SEP37200CE,FOCIT,24SEP2026,3720000.000000,45,OPTIDX,BFO,5.000000,1350,False
864033,FEDERALBNK26OCT390CE,FEDERALBNK,29OCT2026,39000.000000,2500,OPTSTK,BFO,5.000000,200000,False
864039,IOC26OCT155PE,IOC,29OCT2026,15500.000000,4875,OPTSTK,BFO,5.000000,292500,False
845717,FEDERALBNK26SEP320CE,FEDERALBNK,24SEP2026,32000.000000,2500,OPTSTK,BFO,5.000000,200000,False
845722,DIXON26SEP11900PE,DIXON,24SEP2026,1190000.000000,50,OPTSTK,BFO,5.000000,6000,False
845726,ASHOKLEY26SEP150PE,ASHOKLEY,24SEP2026,15000.000000,5000,OPTSTK,BFO,5.000000,150000,False
845728,IDEA26SEP13CE,IDEA,24SEP2026,1300.000000,71475,OPTSTK,BFO,5.000000,2400000,False
864052,PAYTM26OCTFUT,PAYTM,29OCT2026,0.000000,725,FUTSTK,BFO,5.000000,100000000,False
864055,SENSEX26OCT78100PE,SENSEX,29OCT2026,7810000.000000,20,OPTIDX,BFO,5.000000,1000,False
864073,FOCIT26SEP31200CE,FOCIT,24SEP2026,3120000.000000,45,OPTIDX,BFO,5.000000,1350,False
864076,JSWSTEEL26OCT1200CE,JSWSTEEL,29OCT2026,120000.000000,675,OPTSTK,BFO,5.000000,40500,False
845741,MANKIND26SEP2320PE,MANKIND,24SEP2026,232000.000000,250,OPTSTK,BFO,5.000000,100000000,False
845746,NAUKRI26SEP980CE,NAUKRI,24SEP2026,98000.000000,550,OPTSTK,BFO,5.000000,6000,False
845750,YESBANK26SEP18PE,YESBANK,24SEP2026,1800.000000,31100,OPTSTK,BFO,5.000000,100000000,False
845760,TCS26SEP2220CE,TCS,24SEP2026,222000.000000,225,OPTSTK,BFO,5.000000,7000,False
864080,RVNL26OCT255CE,RVNL,29OCT2026,25500.000000,1925,OPTSTK,BFO,5.000000,100000000,False
864092,RADICO26OCT4350CE,RADICO,29OCT2026,435000.000000,150,OPTSTK,BFO,5.000000,100000000,False
864100,SENSEX26OCT74400PE,SENSEX,29OCT2026,7440000.000000,20,OPTIDX,BFO,5.000000,1000,False
864102,PNBHOUSING26OCT980CE,PNBHOUSING,29OCT2026,98000.000000,650,OPTSTK,BFO,5.000000,100000000,False
845774,BANDHANBNK26SEP220PE,BANDHANBNK,24SEP2026,22000.000000,3600,OPTSTK,BFO,5.000000,100000,False
845793,PAYTM26SEP1120PE,PAYTM,24SEP2026,112000.000000,725,OPTSTK,BFO,5.000000,100000000,False
845808,SHREECEM26SEP24250PE,SHREECEM,24SEP2026,2425000.000000,25,OPTSTK,BFO,5.000000,1000,False
845817,AMBER26SEP7700PE,AMBER,24SEP2026,770000.000000,100,OPTSTK,BFO,5.000000,100000000,False
864105,DLF26OCT670PE,DLF,29OCT2026,67000.000000,950,OPTSTK,BFO,5.000000,49500,False
864106,PHOENIXLTD26OCT1920PE,PHOENIXLTD,29OCT2026,192000.000000,350,OPTSTK,BFO,5.000000,100000000,False
864110,INDUSTOWER26OCT411CE,INDUSTOWER,29OCT2026,41100.000000,1700,OPTSTK,BFO,5.000000,170000,False
864119,BANKEX26OCT64000CE,BANKEX,29OCT2026,6400000.000000,30,OPTIDX,BFO,5.000000,900,False
864137,HINDZINC26OCT500CE,HINDZINC,29OCT2026,50000.000000,1225,OPTSTK,BFO,5.000000,100000000,False
864142,IDFCFIRSTB26OCT84PE,IDFCFIRSTB,29OCT2026,8400.000000,9275,OPTSTK,BFO,5.000000,450000,False
864151,BHARATFORG26OCT2220CE,BHARATFORG,29OCT2026,222000.000000,500,OPTSTK,BFO,5.000000,30000,False
864167,NATIONALUM26OCT280CE,NATIONALUM,29OCT2026,28000.000000,1875,OPTSTK,BFO,5.000000,300000,False
845826,KPITTECH26SEP680CE,KPITTECH,24SEP2026,68000.000000,775,OPTSTK,BFO,5.000000,100000000,False
845830,VBL26SEP485PE,VBL,24SEP2026,48500.000000,1275,OPTSTK,BFO,5.000000,100000000,False
845844,DRREDDY26SEP1300CE,DRREDDY,24SEP2026,130000.000000,625,OPTSTK,BFO,5.000000,5000,False
845858,INFY26SEP1020CE,INFY,24SEP2026,102000.000000,400,OPTSTK,BFO,5.000000,16000,False
864196,BHEL26OCT370CE,BHEL,29OCT2026,37000.000000,2625,OPTSTK,BFO,5.000000,315000,False
864203,COCHINSHIP26OCT1380CE,COCHINSHIP,29OCT2026,138000.000000,400,OPTSTK,BFO,5.000000,100000000,False
864207,PIIND26OCT2550PE,PIIND,29OCT2026,255000.000000,175,OPTSTK,BFO,5.000000,7500,False
864243,ICICIPRULI26OCT535CE,ICICIPRULI,29OCT2026,53500.000000,925,OPTSTK,BFO,5.000000,60000,False
845880,OFSS26SEP10900PE,OFSS,24SEP2026,1090000.000000,100,OPTSTK,BFO,5.000000,8000,False
845889,COFORGE26SEP1640PE,COFORGE,24SEP2026,164000.000000,475,OPTSTK,BFO,5.000000,6000,False
845899,KEI26SEP4950PE,KEI,24SEP2026,495000.000000,175,OPTSTK,BFO,5.000000,100000000,False
845900,FEDERALBNK26SEP320PE,FEDERALBNK,24SEP2026,32000.000000,2500,OPTSTK,BFO,5.000000,200000,False
864263,DRREDDY26OCT1070CE,DRREDDY,29OCT2026,107000.000000,625,OPTSTK,BFO,5.000000,5000,False
864268,360ONE26OCT1260CE,,29OCT2026,126000.000000,500,OPTSTK,BFO,5.000000,100000000,False
864296,OIL26OCT485CE,OIL,29OCT2026,48500.000000,1400,OPTSTK,BFO,5.000000,100000000,False
864312,PIDILITIND26OCT1520PE,PIDILITIND,29OCT2026,152000.000000,500,OPTSTK,BFO,5.000000,10000,False
845913,FEDERALBNK26SEP325CE,FEDERALBNK,24SEP2026,32500.000000,2500,OPTSTK,BFO,5.000000,200000,False
845921,ASHOKLEY26SEP155PE,ASHOKLEY,24SEP2026,15500.000000,5000,OPTSTK,BFO,5.000000,150000,False
845925,BANKEX26SEP72200PE,BANKEX,24SEP2026,7220000.000000,30,OPTIDX,BFO,5.000000,900,False
845963,CUMMINSIND26SEP5350PE,CUMMINSIND,24SEP2026,535000.000000,200,OPTSTK,BFO,5.000000,18000,False
864314,MAZDOCK26OCT2150CE,MAZDOCK,29OCT2026,215000.000000,225,OPTSTK,BFO,5.000000,100000000,False
864334,SENSEX5026OCT24600PE,SENSEX50,29OCT2026,2460000.000000,75,OPTIDX,BFO,5.000000,1800,False
864344,DRREDDY26OCT1140CE,DRREDDY,29OCT2026,114000.000000,625,OPTSTK,BFO,5.000000,5000,False
864346,PFC26OCT435CE,PFC,29OCT2026,43500.000000,1300,OPTSTK,BFO,5.000000,124000,False
846028,MANKIND26SEP2540PE,MANKIND,24SEP2026,254000.000000,250,OPTSTK,BFO,5.000000,100000000,False
845965,AMBUJACEM26SEP410PE,AMBUJACEM,24SEP2026,41000.000000,1200,OPTSTK,BFO,5.000000,54000,False
845968,DLF26SEP605PE,DLF,24SEP2026,60500.000000,950,OPTSTK,BFO,5.000000,49500,False
846007,ITC26SEP272.5CE,ITC,24SEP2026,27250.000000,1725,OPTSTK,BFO,5.000000,64000,False
846051,PNB26SEP113CE,PNB,24SEP2026,11300.000000,8000,OPTSTK,BFO,5.000000,480000,False
846066,VMM26SEP117CE,VMM,24SEP2026,11700.000000,4850,OPTSTK,BFO,5.000000,100000000,False
846075,IDEA26SEPFUT,IDEA,24SEP2026,0.000000,71475,FUTSTK,BFO,5.000000,2400000,False
846080,FEDERALBNK26SEP325PE,FEDERALBNK,24SEP2026,32500.000000,2500,OPTSTK,BFO,5.000000,200000,False
864351,SENSEX26OCT72000CE,SENSEX,29OCT2026,7200000.000000,20,OPTIDX,BFO,5.000000,1000,False
864353,SENSEX2691781200CE,SENSEX,17SEP2026,8120000.000000,20,OPTIDX,BFO,5.000000,1000,False
864375,SENSEX26OCT81300PE,SENSEX,29OCT2026,8130000.000000,20,OPTIDX,BFO,5.000000,1000,False
864387,GLENMARK26OCTFUT,GLENMARK,29OCT2026,0.000000,375,FUTSTK,BFO,5.000000,43500,False
846094,CIPLA26SEP1470CE,CIPLA,24SEP2026,147000.000000,425,OPTSTK,BFO,5.000000,26000,False
846099,NBCC26SEP107PE,NBCC,24SEP2026,10700.000000,6500,OPTSTK,BFO,5.000000,100000000,False
846105,NATIONALUM26SEPFUT,NATIONALUM,24SEP2026,0.000000,1875,FUTSTK,BFO,5.000000,300000,False
846109,OFSS26SEP10800CE,OFSS,24SEP2026,1080000.000000,100,OPTSTK,BFO,5.000000,8000,False
864391,FOCIT26OCT37100CE,FOCIT,29OCT2026,3710000.000000,45,OPTIDX,BFO,5.000000,1350,False
864401,GODFRYPHLP26OCT2450CE,GODFRYPHLP,29OCT2026,245000.000000,275,OPTSTK,BFO,5.000000,100000000,False
864408,SUPREMEIND26OCT3350CE,SUPREMEIND,29OCT2026,335000.000000,175,OPTSTK,BFO,5.000000,100000000,False
864450,MARICO26OCT960CE,MARICO,29OCT2026,96000.000000,1200,OPTSTK,BFO,5.000000,48000,False
846115,HYUNDAI26SEP1920CE,HYUNDAI,24SEP2026,192000.000000,275,OPTSTK,BFO,5.000000,100000000,False
846125,DMART26SEP4300PE,DMART,24SEP2026,430000.000000,150,OPTSTK,BFO,5.000000,100000000,False
846135,BDL26SEP1440PE,BDL,24SEP2026,144000.000000,425,OPTSTK,BFO,5.000000,100000000,False
846136,SONACOMS26SEP655PE,SONACOMS,24SEP2026,65500.000000,1225,OPTSTK,BFO,5.000000,100000000,False
864458,BHEL26OCT440PE,BHEL,29OCT2026,44000.000000,2625,OPTSTK,BFO,5.000000,315000,False
864475,MANAPPURAM26OCT360PE,MANAPPURAM,29OCT2026,36000.000000,3000,OPTSTK,BFO,5.000000,180000,False
864483,LODHA26OCT1200CE,LODHA,29OCT2026,120000.000000,625,OPTSTK,BFO,5.000000,100000000,False
864537,KPITTECH26OCT530CE,KPITTECH,29OCT2026,53000.000000,775,OPTSTK,BFO,5.000000,100000000,False
864565,NYKAA26SEP370CE,NYKAA,24SEP2026,37000.000000,3125,OPTSTK,BFO,5.000000,100000000,False
864570,HDFCBANK26OCT790PE,HDFCBANK,29OCT2026,79000.000000,650,OPTSTK,BFO,5.000000,16500,False
864576,BIOCON26OCT420PE,BIOCON,29OCT2026,42000.000000,2500,OPTSTK,BFO,5.000000,100000,False
864586,SENSEX2691781500PE,SENSEX,17SEP2026,8150000.000000,20,OPTIDX,BFO,5.000000,1000,False
846138,SBICARD26SEP580PE,SBICARD,24SEP2026,58000.000000,800,OPTSTK,BFO,5.000000,32000,False
846150,BANKBARODA26SEP295CE,BANKBARODA,24SEP2026,29500.000000,2925,OPTSTK,BFO,5.000000,175500,False
846157,COCHINSHIP26SEP1580CE,COCHINSHIP,24SEP2026,158000.000000,400,OPTSTK,BFO,5.000000,100000000,False
846176,BHARATFORG26SEP2180PE,BHARATFORG,24SEP2026,218000.000000,500,OPTSTK,BFO,5.000000,30000,False
846189,BOSCHLTD26SEP39750CE,BOSCHLTD,24SEP2026,3975000.000000,25,OPTSTK,BFO,5.000000,1500,False
846178,INDUSINDBK26SEP940CE,INDUSINDBK,24SEP2026,94000.000000,700,OPTSTK,BFO,5.000000,20000,False
846181,GAIL26SEP168PE,GAIL,24SEP2026,16800.000000,3550,OPTSTK,BFO,5.000000,274500,False
846184,ITC26SEP272.5PE,ITC,24SEP2026,27250.000000,1725,OPTSTK,BFO,5.000000,64000,False
864599,KOTAKBANK26OCT420PE,KOTAKBANK,29OCT2026,42000.000000,2000,OPTSTK,BFO,5.000000,12000,False
864602,RBLBANK26OCT355CE,RBLBANK,29OCT2026,35500.000000,3175,OPTSTK,BFO,5.000000,150000,False
864607,PAGEIND26OCT43000CE,PAGEIND,29OCT2026,4300000.000000,20,OPTSTK,BFO,5.000000,600,False
864610,TCS26OCT2520PE,TCS,29OCT2026,252000.000000,225,OPTSTK,BFO,5.000000,7000,False
846206,PHOENIXLTD26SEP1860CE,PHOENIXLTD,24SEP2026,186000.000000,350,OPTSTK,BFO,5.000000,100000000,False
846221,OBEROIRLTY26SEP1620CE,OBEROIRLTY,24SEP2026,162000.000000,350,OPTSTK,BFO,5.000000,28000,False
846226,BAJAJFINSV26SEP1680CE,BAJAJFINSV,24SEP2026,168000.000000,300,OPTSTK,BFO,5.000000,20000,False
846264,OBEROIRLTY26SEP1700PE,OBEROIRLTY,24SEP2026,170000.000000,350,OPTSTK,BFO,5.000000,28000,False
864626,DIVISLAB26OCT7900CE,DIVISLAB,29OCT2026,790000.000000,100,OPTSTK,BFO,5.000000,8000,False
864641,FOCIT26OCT39700PE,FOCIT,29OCT2026,3970000.000000,45,OPTIDX,BFO,5.000000,1350,False
864631,FOCIT26OCT35100PE,FOCIT,29OCT2026,3510000.000000,45,OPTIDX,BFO,5.000000,1350,False
864632,NESTLEIND26OCTFUT,NESTLEIND,29OCT2026,0.000000,500,FUTSTK,BFO,5.000000,1200,False
846274,BAJAJFINSV26SEP1760PE,BAJAJFINSV,24SEP2026,176000.000000,300,OPTSTK,BFO,5.000000,20000,False
846289,NHPC26SEP83PE,NHPC,24SEP2026,8300.000000,6950,OPTSTK,BFO,5.000000,100000000,False
846302,GRASIM26SEP3120CE,GRASIM,24SEP2026,312000.000000,250,OPTSTK,BFO,5.000000,14250,False
846320,DRREDDY26SEP1340CE,DRREDDY,24SEP2026,134000.000000,625,OPTSTK,BFO,5.000000,5000,False
864644,JINDALSTEL26OCT1140PE,JINDALSTEL,29OCT2026,114000.000000,625,OPTSTK,BFO,5.000000,37500,False
864649,FOCIT26SEP41400CE,FOCIT,24SEP2026,4140000.000000,45,OPTIDX,BFO,5.000000,1350,False
864680,BANKEX26OCT62800CE,BANKEX,29OCT2026,6280000.000000,30,OPTIDX,BFO,5.000000,900,False
864694,CGPOWER26OCT700CE,CGPOWER,29OCT2026,70000.000000,850,OPTSTK,BFO,5.000000,100000000,False
846343,TRENT26SEP3500CE,TRENT,24SEP2026,350000.000000,225,OPTSTK,BFO,5.000000,16000,False
846345,HAVELLS26SEP1140CE,HAVELLS,24SEP2026,114000.000000,500,OPTSTK,BFO,5.000000,20000,False
846350,TECHM26SEP1304PE,TECHM,24SEP2026,130400.000000,600,OPTSTK,BFO,5.000000,24000,False
846369,OIL26SEP385CE,OIL,24SEP2026,38500.000000,1400,OPTSTK,BFO,5.000000,100000000,False
864708,BDL26OCT1280PE,BDL,29OCT2026,128000.000000,425,OPTSTK,BFO,5.000000,100000000,False
864711,MOTILALOFS26OCT880PE,MOTILALOFS,29OCT2026,88000.000000,775,OPTSTK,BFO,5.000000,100000000,False
864714,GRASIM26OCT3220PE,GRASIM,29OCT2026,322000.000000,250,OPTSTK,BFO,5.000000,14250,False
864723,NYKAA26OCT305CE,NYKAA,29OCT2026,30500.000000,3125,OPTSTK,BFO,5.000000,100000000,False
864737,SONACOMS26OCT810CE,SONACOMS,29OCT2026,81000.000000,1225,OPTSTK,BFO,5.000000,100000000,False
864743,ABCAPITAL26OCT430PE,ABCAPITAL,29OCT2026,43000.000000,3100,OPTSTK,BFO,5.000000,162000,False
864774,IDFCFIRSTB26OCT78CE,IDFCFIRSTB,29OCT2026,7800.000000,9275,OPTSTK,BFO,5.000000,450000,False
864777,BRITANNIA26OCT5850PE,BRITANNIA,29OCT2026,585000.000000,125,OPTSTK,BFO,5.000000,6000,False
864778,FOCIT26SEP33100PE,FOCIT,24SEP2026,3310000.000000,45,OPTIDX,BFO,5.000000,1350,False
864795,CAMS26OCT730PE,CAMS,29OCT2026,73000.000000,825,OPTSTK,BFO,5.000000,100000000,False
864796,CROMPTON26OCT260PE,CROMPTON,29OCT2026,26000.000000,2150,OPTSTK,BFO,5.000000,90000,False
864801,ALKEM26OCT6100CE,ALKEM,29OCT2026,610000.000000,125,OPTSTK,BFO,5.000000,8000,False
846403,BANKEX26SEP72400PE,BANKEX,24SEP2026,7240000.000000,30,OPTIDX,BFO,5.000000,900,False
846422,HINDUNILVR26SEP2100CE,HINDUNILVR,24SEP2026,210000.000000,300,OPTSTK,BFO,5.000000,9000,False
846428,BPCL26SEP275PE,BPCL,24SEP2026,27500.000000,1975,OPTSTK,BFO,5.000000,72000,False
846431,LTM26SEP3600CE,LTM,24SEP2026,360000.000000,150,OPTSTK,BFO,5.000000,4500,False
864817,RECLTD26OCT375PE,RECLTD,29OCT2026,37500.000000,1575,OPTSTK,BFO,5.000000,160000,False
864823,BPCL26OCT305CE,BPCL,29OCT2026,30500.000000,1975,OPTSTK,BFO,5.000000,72000,False
864825,BIOCON26OCT425PE,BIOCON,29OCT2026,42500.000000,2500,OPTSTK,BFO,5.000000,100000,False
864834,RBLBANK26OCT355PE,RBLBANK,29OCT2026,35500.000000,3175,OPTSTK,BFO,5.000000,150000,False
846453,TRENT26SEP3250CE,TRENT,24SEP2026,325000.000000,225,OPTSTK,BFO,5.000000,16000,False
846460,UNIONBANK26SEP165CE,UNIONBANK,24SEP2026,16500.000000,4425,OPTSTK,BFO,5.000000,100000000,False
846468,INDUSTOWER26SEP346CE,INDUSTOWER,24SEP2026,34600.000000,1700,OPTSTK,BFO,5.000000,170000,False
846474,HCLTECH26SEP1170PE,HCLTECH,24SEP2026,117000.000000,400,OPTSTK,BFO,5.000000,21000,False
864836,MUTHOOTFIN26OCT2850PE,MUTHOOTFIN,29OCT2026,285000.000000,275,OPTSTK,BFO,5.000000,22000,False
864848,PIDILITIND26OCT1720PE,PIDILITIND,29OCT2026,172000.000000,500,OPTSTK,BFO,5.000000,10000,False
864850,MAZDOCK26OCT2350CE,MAZDOCK,29OCT2026,235000.000000,225,OPTSTK,BFO,5.000000,100000000,False
864857,BANKBARODA26OCT235CE,BANKBARODA,29OCT2026,23500.000000,2925,OPTSTK,BFO,5.000000,175500,False
846491,IRFC26SEP95PE,IRFC,24SEP2026,9500.000000,5425,OPTSTK,BFO,5.000000,100000000,False
846495,AXISBANK26SEP1320PE,AXISBANK,24SEP2026,132000.000000,625,OPTSTK,BFO,5.000000,25000,False
846508,LTF26SEP305PE,LTF,24SEP2026,30500.000000,2250,OPTSTK,BFO,5.000000,267720,False
846516,HEROMOTOCO26SEP5100CE,HEROMOTOCO,24SEP2026,510000.000000,150,OPTSTK,BFO,5.000000,9000,False
864878,SENSEX5026OCT24800PE,SENSEX50,29OCT2026,2480000.000000,75,OPTIDX,BFO,5.000000,1800,False
864879,BANKEX26OCT62200PE,BANKEX,29OCT2026,6220000.000000,30,OPTIDX,BFO,5.000000,900,False
864884,INDHOTEL26OCT740PE,INDHOTEL,29OCT2026,74000.000000,1000,OPTSTK,BFO,5.000000,60000,False
864897,PETRONET26OCT290PE,PETRONET,29OCT2026,29000.000000,1900,OPTSTK,BFO,5.000000,120000,False
846531,GODREJCP26SEP1060PE,GODREJCP,24SEP2026,106000.000000,500,OPTSTK,BFO,5.000000,30000,False
846540,LICI26SEP405PE,LICI,24SEP2026,40500.000000,1400,OPTSTK,BFO,5.000000,100000000,False
846547,UPL26SEP615CE,UPL,24SEP2026,61500.000000,1355,OPTSTK,BFO,5.000000,39000,False
846557,HDFCBANK26SEP785CE,HDFCBANK,24SEP2026,78500.000000,650,OPTSTK,BFO,5.000000,16500,False
864900,TORNTPHARM26OCT4900CE,TORNTPHARM,29OCT2026,490000.000000,125,OPTSTK,BFO,5.000000,15000,False
864907,PETRONET26OCT295CE,PETRONET,29OCT2026,29500.000000,1900,OPTSTK,BFO,5.000000,120000,False
864908,OFSS26OCT10900PE,OFSS,29OCT2026,1090000.000000,100,OPTSTK,BFO,5.000000,8000,False
864909,HAVELLS26OCT1140CE,HAVELLS,29OCT2026,114000.000000,500,OPTSTK,BFO,5.000000,20000,False
864912,LODHA26OCT1340PE,LODHA,29OCT2026,134000.000000,625,OPTSTK,BFO,5.000000,100000000,False
864913,FOCIT26SEP41700PE,FOCIT,24SEP2026,4170000.000000,45,OPTIDX,BFO,5.000000,1350,False
864928,IREDA26OCT102.5PE,IREDA,29OCT2026,10250.000000,4525,OPTSTK,BFO,5.000000,100000000,False
864935,BANKEX26OCT67500CE,BANKEX,29OCT2026,6750000.000000,30,OPTIDX,BFO,5.000000,900,False
864965,SENSEX26OCT84500CE,SENSEX,29OCT2026,8450000.000000,20,OPTIDX,BFO,5.000000,1000,False
864976,FOCIT26OCT31300CE,FOCIT,29OCT2026,3130000.000000,45,OPTIDX,BFO,5.000000,1350,False
864988,BANKEX26OCT63800CE,BANKEX,29OCT2026,6380000.000000,30,OPTIDX,BFO,5.000000,900,False
864999,VOLTAS26OCT1420CE,VOLTAS,29OCT2026,142000.000000,375,OPTSTK,BFO,5.000000,30000,False
865000,NATIONALUM26OCT390PE,NATIONALUM,29OCT2026,39000.000000,1875,OPTSTK,BFO,5.000000,300000,False
865010,VOLTAS26OCT1260CE,VOLTAS,29OCT2026,126000.000000,375,OPTSTK,BFO,5.000000,30000,False
865013,LTF26OCT285PE,LTF,29OCT2026,28500.000000,2250,OPTSTK,BFO,5.000000,267720,False
865019,TMPV26OCTFUT,TMPV,29OCT2026,0.000000,1600,FUTSTK,BFO,5.000000,42750,False
846575,HCLTECH26SEP1080PE,HCLTECH,24SEP2026,108000.000000,400,OPTSTK,BFO,5.000000,21000,False
846585,LT26SEP4260PE,LT,24SEP2026,426000.000000,175,OPTSTK,BFO,5.000000,12000,False
846589,NMDC26SEP87PE,NMDC,24SEP2026,8700.000000,6750,OPTSTK,BFO,5.000000,225000,False
846612,ADANIPORTS26SEP1720CE,ADANIPORTS,24SEP2026,172000.000000,475,OPTSTK,BFO,5.000000,32000,False
865030,MCX26OCT2550CE,MCX,29OCT2026,255000.000000,225,OPTSTK,BFO,5.000000,16000,False
865032,LTM26OCT4300PE,LTM,29OCT2026,430000.000000,150,OPTSTK,BFO,5.000000,4500,False
865040,ONGC26OCT235CE,ONGC,29OCT2026,23500.000000,2250,OPTSTK,BFO,5.000000,154000,False
865043,AXISBANK26OCT1080CE,AXISBANK,29OCT2026,108000.000000,625,OPTSTK,BFO,5.000000,25000,False
846617,HDFCAMC26SEP2700CE,HDFCAMC,24SEP2026,270000.000000,300,OPTSTK,BFO,5.000000,12000,False
846621,INOXWIND26SEP84CE,INOXWIND,24SEP2026,8400.000000,6400,OPTSTK,BFO,5.000000,100000000,False
846625,SHREECEM26SEP27000CE,SHREECEM,24SEP2026,2700000.000000,25,OPTSTK,BFO,5.000000,1000,False
846633,SWIGGY26SEP205PE,SWIGGY,24SEP2026,20500.000000,1825,OPTSTK,BFO,5.000000,100000000,False
865052,TATAELXSI26OCT3550PE,TATAELXSI,29OCT2026,355000.000000,125,OPTSTK,BFO,5.000000,100000000,False
865069,NBCC26OCTFUT,NBCC,29OCT2026,0.000000,6500,FUTSTK,BFO,5.000000,100000000,False
865071,SBICARD26OCT650CE,SBICARD,29OCT2026,65000.000000,800,OPTSTK,BFO,5.000000,32000,False
865072,TATAPOWER26OCT355CE,TATAPOWER,29OCT2026,35500.000000,1450,OPTSTK,BFO,5.000000,101250,False
846644,AUROPHARMA26SEP1560PE,AUROPHARMA,24SEP2026,156000.000000,550,OPTSTK,BFO,5.000000,44000,False
846653,COALINDIA26SEP415PE,COALINDIA,24SEP2026,41500.000000,1350,OPTSTK,BFO,5.000000,126000,False
846677,JSWSTEEL26SEP1270PE,JSWSTEEL,24SEP2026,127000.000000,675,OPTSTK,BFO,5.000000,40500,False
846682,JINDALSTEL26SEP1090PE,JINDALSTEL,24SEP2026,109000.000000,625,OPTSTK,BFO,5.000000,37500,False
865074,KOTAKBANK26OCT390PE,KOTAKBANK,29OCT2026,39000.000000,2000,OPTSTK,BFO,5.000000,12000,False
865076,MARUTI26OCT14500CE,MARUTI,29OCT2026,1450000.000000,50,OPTSTK,BFO,5.000000,3000,False
865085,SENSEX26OCT76200PE,SENSEX,29OCT2026,7620000.000000,20,OPTIDX,BFO,5.000000,1000,False
865090,ADANIPOWER26OCT195PE,ADANIPOWER,29OCT2026,19500.000000,3550,OPTSTK,BFO,5.000000,100000000,False
846688,WIPRO26SEP170CE,WIPRO,24SEP2026,17000.000000,3000,OPTSTK,BFO,5.000000,60000,False
846691,SBIN26SEP1110CE,SBIN,24SEP2026,111000.000000,750,OPTSTK,BFO,5.000000,45000,False
846696,PERSISTENT26SEP4600PE,PERSISTENT,24SEP2026,460000.000000,125,OPTSTK,BFO,5.000000,5250,False
846708,MOTILALOFS26SEP940PE,MOTILALOFS,24SEP2026,94000.000000,775,OPTSTK,BFO,5.000000,100000000,False
865098,PNB26OCT105CE,PNB,29OCT2026,10500.000000,8000,OPTSTK,BFO,5.000000,480000,False
865106,MANKIND26OCT2580PE,MANKIND,29OCT2026,258000.000000,250,OPTSTK,BFO,5.000000,100000000,False
865115,GODREJCP26OCT1060PE,GODREJCP,29OCT2026,106000.000000,500,OPTSTK,BFO,5.000000,30000,False
865135,PRESTIGE26OCT1520PE,PRESTIGE,29OCT2026,152000.000000,450,OPTSTK,BFO,5.000000,100000000,False
846718,TITAN26SEP4100PE,TITAN,24SEP2026,410000.000000,175,OPTSTK,BFO,5.000000,11250,False
846722,BANKEX26SEP59300CE,BANKEX,24SEP2026,5930000.000000,30,OPTIDX,BFO,5.000000,900,False
846739,CANBK26SEP126PE,CANBK,24SEP2026,12600.000000,6750,OPTSTK,BFO,5.000000,81000,False
865156,DMART26OCT3650PE,DMART,29OCT2026,365000.000000,150,OPTSTK,BFO,5.000000,100000000,False
865169,FOCIT26OCT35300PE,FOCIT,29OCT2026,3530000.000000,45,OPTIDX,BFO,5.000000,1350,False
865175,BAJAJFINSV26OCT1980PE,BAJAJFINSV,29OCT2026,198000.000000,300,OPTSTK,BFO,5.000000,20000,False
865176,FOCIT26OCT37600PE,FOCIT,29OCT2026,3760000.000000,45,OPTIDX,BFO,5.000000,1350,False
846723,BAJAJHLDNG26SEP10600CE,BAJAJHLDNG,24SEP2026,1060000.000000,75,OPTSTK,BFO,5.000000,100000000,False
846744,ASIANPAINT26SEP2720PE,ASIANPAINT,24SEP2026,272000.000000,250,OPTSTK,BFO,5.000000,8000,False
846746,APOLLOHOSP26SEP8850CE,APOLLOHOSP,24SEP2026,885000.000000,125,OPTSTK,BFO,5.000000,5000,False
846751,COCHINSHIP26SEPFUT,COCHINSHIP,24SEP2026,0.000000,400,FUTSTK,BFO,5.000000,100000000,False
846758,RELIANCE26SEP1350CE,RELIANCE,24SEP2026,135000.000000,500,OPTSTK,BFO,5.000000,10000,False
865180,FOCIT26OCT39900PE,FOCIT,29OCT2026,3990000.000000,45,OPTIDX,BFO,5.000000,1350,False
865186,PIIND26OCTFUT,PIIND,29OCT2026,0.000000,175,FUTSTK,BFO,5.000000,7500,False
865191,BHARTIARTL26OCT1920PE,BHARTIARTL,29OCT2026,192000.000000,475,OPTSTK,BFO,5.000000,28500,False
865201,JUBLFOOD26OCT445PE,JUBLFOOD,29OCT2026,44500.000000,1250,OPTSTK,BFO,5.000000,50000,False
846766,ASTRAL26SEP1420PE,ASTRAL,24SEP2026,142000.000000,425,OPTSTK,BFO,5.000000,14680,False
846783,CGPOWER26SEP870PE,CGPOWER,24SEP2026,87000.000000,850,OPTSTK,BFO,5.000000,100000000,False
846786,BHARTIARTL26SEP1740PE,BHARTIARTL,24SEP2026,174000.000000,475,OPTSTK,BFO,5.000000,28500,False
846787,ADANIENT26SEP3100PE,ADANIENT,24SEP2026,310000.000000,309,OPTSTK,BFO,5.000000,9000,False
865202,NMDC26OCT86CE,NMDC,29OCT2026,8600.000000,6750,OPTSTK,BFO,5.000000,225000,False
865204,HCLTECH26SEP1420CE,HCLTECH,24SEP2026,142000.000000,400,OPTSTK,BFO,5.000000,21000,False
865208,BANKEX26OCT60700CE,BANKEX,29OCT2026,6070000.000000,30,OPTIDX,BFO,5.000000,900,False
865233,PREMIERENE26SEP860PE,PREMIERENE,24SEP2026,86000.000000,650,OPTSTK,BFO,5.000000,100000000,False
846801,BHARATFORG26SEP2280CE,BHARATFORG,24SEP2026,228000.000000,500,OPTSTK,BFO,5.000000,30000,False
846810,APLAPOLLO26SEP1860CE,APLAPOLLO,24SEP2026,186000.000000,350,OPTSTK,BFO,5.000000,100000000,False
846821,LICI26SEP440PE,LICI,24SEP2026,44000.000000,1400,OPTSTK,BFO,5.000000,100000000,False
846828,MANAPPURAM26SEP335PE,MANAPPURAM,24SEP2026,33500.000000,3000,OPTSTK,BFO,5.000000,180000,False
865235,MAZDOCK26OCT2650PE,MAZDOCK,29OCT2026,265000.000000,225,OPTSTK,BFO,5.000000,100000000,False
865239,CGPOWER26OCT740CE,CGPOWER,29OCT2026,74000.000000,850,OPTSTK,BFO,5.000000,100000000,False
865251,BRITANNIA26OCT5150PE,BRITANNIA,29OCT2026,515000.000000,125,OPTSTK,BFO,5.000000,6000,False
865258,NBCC26OCT102.5PE,NBCC,29OCT2026,10250.000000,6500,OPTSTK,BFO,5.000000,100000000,False
865269,EICHERMOT26OCT8100CE,EICHERMOT,29OCT2026,810000.000000,100,OPTSTK,BFO,5.000000,7000,False
865289,SENSEX2691775300CE,SENSEX,17SEP2026,7530000.000000,20,OPTIDX,BFO,5.000000,1000,False
865302,FOCIT26OCT41600PE,FOCIT,29OCT2026,4160000.000000,45,OPTIDX,BFO,5.000000,1350,False
865318,FOCIT26SEP35600PE,FOCIT,24SEP2026,3560000.000000,45,OPTIDX,BFO,5.000000,1350,False
865325,OBEROIRLTY26OCT1820CE,OBEROIRLTY,29OCT2026,182000.000000,350,OPTSTK,BFO,5.000000,28000,False
865335,CIPLA26OCT1400CE,CIPLA,29OCT2026,140000.000000,425,OPTSTK,BFO,5.000000,26000,False
865336,POWERINDIA26OCT32500CE,POWERINDIA,29OCT2026,3250000.000000,25,OPTSTK,BFO,5.000000,100000000,False
865337,KAYNES26OCT3450CE,KAYNES,29OCT2026,345000.000000,150,OPTSTK,BFO,5.000000,100000000,False
865342,BANKEX26OCT59100CE,BANKEX,29OCT2026,5910000.000000,30,OPTIDX,BFO,5.000000,900,False
865346,CAMS26OCT770PE,CAMS,29OCT2026,77000.000000,825,OPTSTK,BFO,5.000000,100000000,False
865355,SHREECEM26OCT26750PE,SHREECEM,29OCT2026,2675000.000000,25,OPTSTK,BFO,5.000000,1000,False
865363,BANKEX26OCT68400PE,BANKEX,29OCT2026,6840000.000000,30,OPTIDX,BFO,5.000000,900,False
865390,FOCIT26SEP43300PE,FOCIT,24SEP2026,4330000.000000,45,OPTIDX,BFO,5.000000,1350,False
865392,RELIANCE26OCT1350CE,RELIANCE,29OCT2026,135000.000000,500,OPTSTK,BFO,5.000000,10000,False
865393,IDEA26OCT6CE,IDEA,29OCT2026,600.000000,71475,OPTSTK,BFO,5.000000,2400000,False
865402,TATAPOWER26OCT390CE,TATAPOWER,29OCT2026,39000.000000,1450,OPTSTK,BFO,5.000000,101250,False
865427,BANKEX26OCT69100CE,BANKEX,29OCT2026,6910000.000000,30,OPTIDX,BFO,5.000000,900,False
865434,ICICIBANK26OCT1380CE,ICICIBANK,29OCT2026,138000.000000,700,OPTSTK,BFO,5.000000,28000,False
865437,APLAPOLLO26OCT1860CE,APLAPOLLO,29OCT2026,186000.000000,350,OPTSTK,BFO,5.000000,100000000,False
865441,GODREJPROP26OCT2040CE,GODREJPROP,29OCT2026,204000.000000,325,OPTSTK,BFO,5.000000,19000,False
865446,ASHOKLEY26OCT170PE,ASHOKLEY,29OCT2026,17000.000000,5000,OPTSTK,BFO,5.000000,150000,False
865469,SENSEX5026OCT25700CE,SENSEX50,29OCT2026,2570000.000000,75,OPTIDX,BFO,5.000000,1800,False
865488,BLUESTARCO26OCT1820CE,BLUESTARCO,29OCT2026,182000.000000,325,OPTSTK,BFO,5.000000,100000000,False
865508,MOTILALOFS26OCT720PE,MOTILALOFS,29OCT2026,72000.000000,775,OPTSTK,BFO,5.000000,100000000,False
846841,NHPC26SEP72PE,NHPC,24SEP2026,7200.000000,6950,OPTSTK,BFO,5.000000,100000000,False
846847,AUBANK26SEP1000PE,AUBANK,24SEP2026,100000.000000,1000,OPTSTK,BFO,5.000000,30000,False
846854,BANKEX26SEP63300CE,BANKEX,24SEP2026,6330000.000000,30,OPTIDX,BFO,5.000000,900,False
846875,ONGC26SEP232.5CE,ONGC,24SEP2026,23250.000000,2250,OPTSTK,BFO,5.000000,154000,False
865511,PAYTM26OCT1260CE,PAYTM,29OCT2026,126000.000000,725,OPTSTK,BFO,5.000000,100000000,False
865534,KFINTECH26OCT1060PE,KFINTECH,29OCT2026,106000.000000,575,OPTSTK,BFO,5.000000,100000000,False
865539,TATASTEEL26OCTFUT,TATASTEEL,29OCT2026,0.000000,2750,FUTSTK,BFO,5.000000,220000,False
865540,AMBUJACEM26OCT455CE,AMBUJACEM,29OCT2026,45500.000000,1200,OPTSTK,BFO,5.000000,54000,False
846877,JUBLFOOD26SEP410CE,JUBLFOOD,24SEP2026,41000.000000,1250,OPTSTK,BFO,5.000000,50000,False
846882,NHPC26SEP85CE,NHPC,24SEP2026,8500.000000,6950,OPTSTK,BFO,5.000000,100000000,False
846896,AXISBANK26SEP1450PE,AXISBANK,24SEP2026,145000.000000,625,OPTSTK,BFO,5.000000,25000,False
846898,INDIANB26SEP870CE,INDIANB,24SEP2026,87000.000000,1000,OPTSTK,BFO,5.000000,100000000,False
846928,BLUESTARCO26SEP1580PE,BLUESTARCO,24SEP2026,158000.000000,325,OPTSTK,BFO,5.000000,100000000,False
846930,AXISBANK26SEP1440CE,AXISBANK,24SEP2026,144000.000000,625,OPTSTK,BFO,5.000000,25000,False
846934,CONCOR26SEP435CE,CONCOR,24SEP2026,43500.000000,1250,OPTSTK,BFO,5.000000,40000,False
846944,PRESTIGE26SEPFUT,PRESTIGE,24SEP2026,0.000000,450,FUTSTK,BFO,5.000000,100000000,False
865557,SIEMENS26OCT3550CE,SIEMENS,29OCT2026,355000.000000,175,OPTSTK,BFO,5.000000,8250,False
865560,HDFCLIFE26SEP510CE,HDFCLIFE,24SEP2026,51000.000000,1100,OPTSTK,BFO,5.000000,44000,False
865573,IEX26OCT120CE,IEX,29OCT2026,12000.000000,4350,OPTSTK,BFO,5.000000,150000,False
865574,POLYCAB26OCT9000CE,POLYCAB,29OCT2026,900000.000000,125,OPTSTK,BFO,5.000000,9000,False
865582,BAJAJHLDNG26OCT10700PE,BAJAJHLDNG,29OCT2026,1070000.000000,75,OPTSTK,BFO,5.000000,100000000,False
865591,MOTHERSON26OCT147.5PE,MOTHERSON,29OCT2026,14750.000000,6150,OPTSTK,BFO,5.000000,284000,False
865594,VEDL26OCT245CE,VEDL,29OCT2026,24500.000000,1150,OPTSTK,BFO,5.000000,80000,False
865598,SONACOMS26OCT760PE,SONACOMS,29OCT2026,76000.000000,1225,OPTSTK,BFO,5.000000,100000000,False
865611,DIXON26OCT14250PE,DIXON,29OCT2026,1425000.000000,50,OPTSTK,BFO,5.000000,6000,False
865615,SENSEX26OCT76400PE,SENSEX,29OCT2026,7640000.000000,20,OPTIDX,BFO,5.000000,1000,False
865647,POLICYBZR26OCT1580CE,POLICYBZR,29OCT2026,158000.000000,350,OPTSTK,BFO,5.000000,100000000,False
865657,POLYCAB26OCT8300PE,POLYCAB,29OCT2026,830000.000000,125,OPTSTK,BFO,5.000000,9000,False
865666,EICHERMOT26OCT8400PE,EICHERMOT,29OCT2026,840000.000000,100,OPTSTK,BFO,5.000000,7000,False
865675,BANKEX26OCT60000CE,BANKEX,29OCT2026,6000000.000000,30,OPTIDX,BFO,5.000000,900,False
865681,BANKEX26OCT62300CE,BANKEX,29OCT2026,6230000.000000,30,OPTIDX,BFO,5.000000,900,False
865694,FOCIT26OCT33200PE,FOCIT,29OCT2026,3320000.000000,45,OPTIDX,BFO,5.000000,1350,False
865699,OIL26OCT435CE,OIL,29OCT2026,43500.000000,1400,OPTSTK,BFO,5.000000,100000000,False
865715,MAZDOCK26OCT2100CE,MAZDOCK,29OCT2026,210000.000000,225,OPTSTK,BFO,5.000000,100000000,False
865727,IOC26OCT140PE,IOC,29OCT2026,14000.000000,4875,OPTSTK,BFO,5.000000,292500,False
865732,MUTHOOTFIN26OCT3050CE,MUTHOOTFIN,29OCT2026,305000.000000,275,OPTSTK,BFO,5.000000,22000,False
846945,ICICIBANK26SEP1370PE,ICICIBANK,24SEP2026,137000.000000,700,OPTSTK,BFO,5.000000,28000,False
846949,YESBANK26SEP27PE,YESBANK,24SEP2026,2700.000000,31100,OPTSTK,BFO,5.000000,100000000,False
846990,BANDHANBNK26SEP202.5PE,BANDHANBNK,24SEP2026,20250.000000,3600,OPTSTK,BFO,5.000000,100000,False
846996,PETRONET26SEP265CE,PETRONET,24SEP2026,26500.000000,1900,OPTSTK,BFO,5.000000,120000,False
847003,MARUTI26SEP13700PE,MARUTI,24SEP2026,1370000.000000,50,OPTSTK,BFO,5.000000,3000,False
847008,BOSCHLTD26SEP39500CE,BOSCHLTD,24SEP2026,3950000.000000,25,OPTSTK,BFO,5.000000,1500,False
847016,NATIONALUM26SEP295CE,NATIONALUM,24SEP2026,29500.000000,1875,OPTSTK,BFO,5.000000,300000,False
847017,VBL26SEP490CE,VBL,24SEP2026,49000.000000,1275,OPTSTK,BFO,5.000000,100000000,False
847034,WIPRO26SEP182.5PE,WIPRO,24SEP2026,18250.000000,3000,OPTSTK,BFO,5.000000,60000,False
847048,IREDA26SEP129CE,IREDA,24SEP2026,12900.000000,4525,OPTSTK,BFO,5.000000,100000000,False
847051,ICICIPRULI26SEP520PE,ICICIPRULI,24SEP2026,52000.000000,925,OPTSTK,BFO,5.000000,60000,False
847075,RADICO26SEP3500CE,RADICO,24SEP2026,350000.000000,150,OPTSTK,BFO,5.000000,100000000,False
847105,MUTHOOTFIN26SEP3050CE,MUTHOOTFIN,24SEP2026,305000.000000,275,OPTSTK,BFO,5.000000,22000,False
847082,KFINTECH26SEP840CE,KFINTECH,24SEP2026,84000.000000,575,OPTSTK,BFO,5.000000,100000000,False
847089,NATIONALUM26SEP360PE,NATIONALUM,24SEP2026,36000.000000,1875,OPTSTK,BFO,5.000000,300000,False
847090,DIVISLAB26SEP6700PE,DIVISLAB,24SEP2026,670000.000000,100,OPTSTK,BFO,5.000000,8000,False
847117,BANKINDIA26SEP160CE,BANKINDIA,24SEP2026,16000.000000,5200,OPTSTK,BFO,5.000000,100000000,False
847141,INDHOTEL26SEPFUT,INDHOTEL,24SEP2026,0.000000,1000,FUTSTK,BFO,5.000000,60000,False
847170,360ONE26SEP1040PE,,24SEP2026,104000.000000,500,OPTSTK,BFO,5.000000,100000000,False
847176,ABB26SEP7050CE,ABB,24SEP2026,705000.000000,125,OPTSTK,BFO,5.000000,7500,False
865740,TRENT26OCT3100PE,TRENT,29OCT2026,310000.000000,225,OPTSTK,BFO,5.000000,16000,False
865743,AUBANK26OCT920PE,AUBANK,29OCT2026,92000.000000,1000,OPTSTK,BFO,5.000000,30000,False
865745,CGPOWER26OCT940CE,CGPOWER,29OCT2026,94000.000000,850,OPTSTK,BFO,5.000000,100000000,False
865765,VBL26OCT430CE,VBL,29OCT2026,43000.000000,1275,OPTSTK,BFO,5.000000,100000000,False
865766,CIPLA26OCTFUT,CIPLA,29OCT2026,0.000000,425,FUTSTK,BFO,5.000000,26000,False
865767,ADANIENT26OCT3150CE,ADANIENT,29OCT2026,315000.000000,309,OPTSTK,BFO,5.000000,9000,False
865793,MANAPPURAM26OCT405CE,MANAPPURAM,29OCT2026,40500.000000,3000,OPTSTK,BFO,5.000000,180000,False
865794,SENSEX2691773200CE,SENSEX,17SEP2026,7320000.000000,20,OPTIDX,BFO,5.000000,1000,False
847177,PERSISTENT26SEP4800PE,PERSISTENT,24SEP2026,480000.000000,125,OPTSTK,BFO,5.000000,5250,False
847190,TITAN26SEP4300PE,TITAN,24SEP2026,430000.000000,175,OPTSTK,BFO,5.000000,11250,False
847209,SUNPHARMA26SEP1740CE,SUNPHARMA,24SEP2026,174000.000000,350,OPTSTK,BFO,5.000000,28000,False
847219,ADANIENT26SEP3060CE,ADANIENT,24SEP2026,306000.000000,309,OPTSTK,BFO,5.000000,9000,False
865812,DABUR26OCT460PE,DABUR,29OCT2026,46000.000000,1250,OPTSTK,BFO,5.000000,50000,False
865816,FOCIT26SEP35800PE,FOCIT,24SEP2026,3580000.000000,45,OPTIDX,BFO,5.000000,1350,False
865817,ASIANPAINT26OCT2840CE,ASIANPAINT,29OCT2026,284000.000000,250,OPTSTK,BFO,5.000000,8000,False
865842,CIPLA26OCT1440CE,CIPLA,29OCT2026,144000.000000,425,OPTSTK,BFO,5.000000,26000,False
847224,LODHA26SEP940PE,LODHA,24SEP2026,94000.000000,625,OPTSTK,BFO,5.000000,100000000,False
847228,NTPC26SEP335PE,NTPC,24SEP2026,33500.000000,1500,OPTSTK,BFO,5.000000,150000,False
847230,COFORGE26SEP1500PE,COFORGE,24SEP2026,150000.000000,475,OPTSTK,BFO,5.000000,6000,False
847237,NHPC26SEP78CE,NHPC,24SEP2026,7800.000000,6950,OPTSTK,BFO,5.000000,100000000,False
847246,SRF26SEP2700PE,SRF,24SEP2026,270000.000000,200,OPTSTK,BFO,5.000000,11250,False
847254,SHRIRAMFIN26SEP980PE,SHRIRAMFIN,24SEP2026,98000.000000,825,OPTSTK,BFO,5.000000,18000,False
847256,HINDALCO26SEP900CE,HINDALCO,24SEP2026,90000.000000,700,OPTSTK,BFO,5.000000,56000,False
847269,BHARTIARTL26SEP1780PE,BHARTIARTL,24SEP2026,178000.000000,475,OPTSTK,BFO,5.000000,28500,False
865854,IDFCFIRSTB26OCT86PE,IDFCFIRSTB,29OCT2026,8600.000000,9275,OPTSTK,BFO,5.000000,450000,False
865855,SENSEX26OCT74000CE,SENSEX,29OCT2026,7400000.000000,20,OPTIDX,BFO,5.000000,1000,False
865863,TIINDIA26OCT2850CE,TIINDIA,29OCT2026,285000.000000,200,OPTSTK,BFO,5.000000,100000000,False
865866,HDFCBANK26OCT830PE,HDFCBANK,29OCT2026,83000.000000,650,OPTSTK,BFO,5.000000,16500,False
847271,ADANIENT26SEP3140PE,ADANIENT,24SEP2026,314000.000000,309,OPTSTK,BFO,5.000000,9000,False
847273,KAYNES26SEP2950PE,KAYNES,24SEP2026,295000.000000,150,OPTSTK,BFO,5.000000,100000000,False
847278,GMRAIRPORT26SEP105PE,GMRAIRPORT,24SEP2026,10500.000000,6975,OPTSTK,BFO,5.000000,675000,False
847297,BANKINDIA26SEP160PE,BANKINDIA,24SEP2026,16000.000000,5200,OPTSTK,BFO,5.000000,100000000,False
865877,PREMIERENE26OCT960CE,PREMIERENE,29OCT2026,96000.000000,650,OPTSTK,BFO,5.000000,100000000,False
865891,SBIN26OCT1070PE,SBIN,29OCT2026,107000.000000,750,OPTSTK,BFO,5.000000,45000,False
865901,BANKEX26OCT67000CE,BANKEX,29OCT2026,6700000.000000,30,OPTIDX,BFO,5.000000,900,False
865905,PNBHOUSING26OCT1060CE,PNBHOUSING,29OCT2026,106000.000000,650,OPTSTK,BFO,5.000000,100000000,False
847304,MOTILALOFS26SEP890PE,MOTILALOFS,24SEP2026,89000.000000,775,OPTSTK,BFO,5.000000,100000000,False
847316,BANKEX26SEP61200CE,BANKEX,24SEP2026,6120000.000000,30,OPTIDX,BFO,5.000000,900,False
847327,SBICARD26SEP620PE,SBICARD,24SEP2026,62000.000000,800,OPTSTK,BFO,5.000000,32000,False
847365,ASTRAL26SEP1520CE,ASTRAL,24SEP2026,152000.000000,425,OPTSTK,BFO,5.000000,14680,False
865910,ULTRACEMCO26OCT12200PE,ULTRACEMCO,29OCT2026,1220000.000000,50,OPTSTK,BFO,5.000000,3000,False
865913,SENSEX26OCT72600CE,SENSEX,29OCT2026,7260000.000000,20,OPTIDX,BFO,5.000000,1000,False
865914,DIXON26OCT12750CE,DIXON,29OCT2026,1275000.000000,50,OPTSTK,BFO,5.000000,6000,False
865917,AUBANK26OCT1120CE,AUBANK,29OCT2026,112000.000000,1000,OPTSTK,BFO,5.000000,30000,False
865928,ADANIPOWER26OCT230CE,ADANIPOWER,29OCT2026,23000.000000,3550,OPTSTK,BFO,5.000000,100000000,False
865941,TECHM26OCT1740PE,TECHM,29OCT2026,174000.000000,600,OPTSTK,BFO,5.000000,24000,False
865955,HEROMOTOCO26OCT4900CE,HEROMOTOCO,29OCT2026,490000.000000,150,OPTSTK,BFO,5.000000,9000,False
865960,PREMIERENE26OCT1120PE,PREMIERENE,29OCT2026,112000.000000,650,OPTSTK,BFO,5.000000,100000000,False
847371,CROMPTON26SEP270PE,CROMPTON,24SEP2026,27000.000000,2150,OPTSTK,BFO,5.000000,90000,False
847395,GAIL26SEP177PE,GAIL,24SEP2026,17700.000000,3550,OPTSTK,BFO,5.000000,274500,False
847399,RADICO26SEP3800PE,RADICO,24SEP2026,380000.000000,150,OPTSTK,BFO,5.000000,100000000,False
847405,COCHINSHIP26SEP1380PE,COCHINSHIP,24SEP2026,138000.000000,400,OPTSTK,BFO,5.000000,100000000,False
865967,DELHIVERY26OCT465CE,DELHIVERY,29OCT2026,46500.000000,2075,OPTSTK,BFO,5.000000,100000000,False
865976,NATIONALUM26OCT360CE,NATIONALUM,29OCT2026,36000.000000,1875,OPTSTK,BFO,5.000000,300000,False
865978,BPCL26OCT295CE,BPCL,29OCT2026,29500.000000,1975,OPTSTK,BFO,5.000000,72000,False
865991,SENSEX26OCT82600CE,SENSEX,29OCT2026,8260000.000000,20,OPTIDX,BFO,5.000000,1000,False
865994,VMM26OCT120PE,VMM,29OCT2026,12000.000000,4850,OPTSTK,BFO,5.000000,100000000,False
865995,UNOMINDA26OCT1120PE,UNOMINDA,29OCT2026,112000.000000,550,OPTSTK,BFO,5.000000,100000000,False
865997,DIVISLAB26OCT7700PE,DIVISLAB,29OCT2026,770000.000000,100,OPTSTK,BFO,5.000000,8000,False
865999,ZYDUSLIFE26OCT1110CE,ZYDUSLIFE,29OCT2026,111000.000000,900,OPTSTK,BFO,5.000000,54000,False
847432,LICHSGFIN26SEP520CE,LICHSGFIN,24SEP2026,52000.000000,1000,OPTSTK,BFO,5.000000,60000,False
847441,ICICIPRULI26SEP490PE,ICICIPRULI,24SEP2026,49000.000000,925,OPTSTK,BFO,5.000000,60000,False
847462,LAURUSLABS26SEP1420PE,LAURUSLABS,24SEP2026,142000.000000,850,OPTSTK,BFO,5.000000,68000,False
847469,ADANIENSOL26SEP1520PE,ADANIENSOL,24SEP2026,152000.000000,675,OPTSTK,BFO,5.000000,100000000,False
866013,GRASIM26OCT3100PE,GRASIM,29OCT2026,310000.000000,250,OPTSTK,BFO,5.000000,14250,False
866020,ULTRACEMCO26OCT11500CE,ULTRACEMCO,29OCT2026,1150000.000000,50,OPTSTK,BFO,5.000000,3000,False
866031,HINDALCO26OCT880PE,HINDALCO,29OCT2026,88000.000000,700,OPTSTK,BFO,5.000000,56000,False
866046,MCX26OCT2950CE,MCX,29OCT2026,295000.000000,225,OPTSTK,BFO,5.000000,16000,False
847473,FOCIT26SEP28000CE,FOCIT,24SEP2026,2800000.000000,45,OPTIDX,BFO,5.000000,1350,False
847481,MANKIND26SEPFUT,MANKIND,24SEP2026,0.000000,250,FUTSTK,BFO,5.000000,100000000,False
847483,ADANIENSOL26SEP1360PE,ADANIENSOL,24SEP2026,136000.000000,675,OPTSTK,BFO,5.000000,100000000,False
847487,GRASIM26SEP3000CE,GRASIM,24SEP2026,300000.000000,250,OPTSTK,BFO,5.000000,14250,False
866047,SIEMENS26OCT3750CE,SIEMENS,29OCT2026,375000.000000,175,OPTSTK,BFO,5.000000,8250,False
866051,COCHINSHIP26OCT1540PE,COCHINSHIP,29OCT2026,154000.000000,400,OPTSTK,BFO,5.000000,100000000,False
866066,AMBER26OCT7700CE,AMBER,29OCT2026,770000.000000,100,OPTSTK,BFO,5.000000,100000000,False
866070,FOCIT26SEP31100CE,FOCIT,24SEP2026,3110000.000000,45,OPTIDX,BFO,5.000000,1350,False
847500,BANKEX26SEP67500PE,BANKEX,24SEP2026,6750000.000000,30,OPTIDX,BFO,5.000000,900,False
847512,BDL26SEP1300PE,BDL,24SEP2026,130000.000000,425,OPTSTK,BFO,5.000000,100000000,False
847518,HDFCBANK26SEP820CE,HDFCBANK,24SEP2026,82000.000000,650,OPTSTK,BFO,5.000000,16500,False
847522,SAIL26SEP175CE,SAIL,24SEP2026,17500.000000,4700,OPTSTK,BFO,5.000000,320000,False
866078,SENSEX2691776500CE,SENSEX,17SEP2026,7650000.000000,20,OPTIDX,BFO,5.000000,1000,False
866081,PREMIERENE26OCT1020CE,PREMIERENE,29OCT2026,102000.000000,650,OPTSTK,BFO,5.000000,100000000,False
866099,BIOCON26OCT430CE,BIOCON,29OCT2026,43000.000000,2500,OPTSTK,BFO,5.000000,100000,False
866100,BAJAJFINSV26OCT1800PE,BAJAJFINSV,29OCT2026,180000.000000,300,OPTSTK,BFO,5.000000,20000,False
847523,DMART26SEPFUT,DMART,24SEP2026,0.000000,150,FUTSTK,BFO,5.000000,100000000,False
847531,BHARATFORG26SEP2200PE,BHARATFORG,24SEP2026,220000.000000,500,OPTSTK,BFO,5.000000,30000,False
847533,BANKEX26SEP61500PE,BANKEX,24SEP2026,6150000.000000,30,OPTIDX,BFO,5.000000,900,False
847537,M&M26SEP3140PE,M&M,24SEP2026,314000.000000,200,OPTSTK,BFO,5.000000,21000,False
866110,BDL26OCT1220CE,BDL,29OCT2026,122000.000000,425,OPTSTK,BFO,5.000000,100000000,False
866128,DRREDDY26OCT1070PE,DRREDDY,29OCT2026,107000.000000,625,OPTSTK,BFO,5.000000,5000,False
866135,ADANIPOWER26OCT235CE,ADANIPOWER,29OCT2026,23500.000000,3550,OPTSTK,BFO,5.000000,100000000,False
866152,EICHERMOT26OCT8600PE,EICHERMOT,29OCT2026,860000.000000,100,OPTSTK,BFO,5.000000,7000,False
847538,BANKEX26SEP63800PE,BANKEX,24SEP2026,6380000.000000,30,OPTIDX,BFO,5.000000,900,False
847572,NMDC26SEP91PE,NMDC,24SEP2026,9100.000000,6750,OPTSTK,BFO,5.000000,225000,False
847573,HAL26SEPFUT,HAL,24SEP2026,0.000000,150,FUTSTK,BFO,5.000000,9000,False
847583,FEDERALBNK26SEP342.5PE,FEDERALBNK,24SEP2026,34250.000000,2500,OPTSTK,BFO,5.000000,200000,False
847590,360ONE26SEP1160CE,,24SEP2026,116000.000000,500,OPTSTK,BFO,5.000000,100000000,False
847595,HINDZINC26SEP530PE,HINDZINC,24SEP2026,53000.000000,1225,OPTSTK,BFO,5.000000,100000000,False
847601,INOXWIND26SEP92PE,INOXWIND,24SEP2026,9200.000000,6400,OPTSTK,BFO,5.000000,100000000,False
847604,BAJAJHLDNG26SEP10100CE,BAJAJHLDNG,24SEP2026,1010000.000000,75,OPTSTK,BFO,5.000000,100000000,False
866157,MARICO26OCT820PE,MARICO,29OCT2026,82000.000000,1200,OPTSTK,BFO,5.000000,48000,False
866168,BANKEX26OCT60200CE,BANKEX,29OCT2026,6020000.000000,30,OPTIDX,BFO,5.000000,900,False
866171,UNITDSPR26OCT1480PE,UNITDSPR,29OCT2026,148000.000000,400,OPTSTK,BFO,5.000000,28000,False
866186,MAZDOCK26OCT2150PE,MAZDOCK,29OCT2026,215000.000000,225,OPTSTK,BFO,5.000000,100000000,False
847612,GODREJPROP26SEP1920PE,GODREJPROP,24SEP2026,192000.000000,325,OPTSTK,BFO,5.000000,19000,False
847614,KPITTECH26SEP740CE,KPITTECH,24SEP2026,74000.000000,775,OPTSTK,BFO,5.000000,100000000,False
847616,VMM26SEP114PE,VMM,24SEP2026,11400.000000,4850,OPTSTK,BFO,5.000000,100000000,False
847619,MUTHOOTFIN26SEPFUT,MUTHOOTFIN,24SEP2026,0.000000,275,FUTSTK,BFO,5.000000,22000,False
866191,TMPV26OCT345CE,TMPV,29OCT2026,34500.000000,1600,OPTSTK,BFO,5.000000,42750,False
866192,BANKEX26OCT65900PE,BANKEX,29OCT2026,6590000.000000,30,OPTIDX,BFO,5.000000,900,False
866193,MANAPPURAM26OCT350CE,MANAPPURAM,29OCT2026,35000.000000,3000,OPTSTK,BFO,5.000000,180000,False
866208,SENSEX26OCT75900CE,SENSEX,29OCT2026,7590000.000000,20,OPTIDX,BFO,5.000000,1000,False
847670,SUNPHARMA26SEP1780CE,SUNPHARMA,24SEP2026,178000.000000,350,OPTSTK,BFO,5.000000,28000,False
847620,ADANIENT26SEPFUT,ADANIENT,24SEP2026,0.000000,309,FUTSTK,BFO,5.000000,9000,False
847643,TITAN26SEP4500PE,TITAN,24SEP2026,450000.000000,175,OPTSTK,BFO,5.000000,11250,False
847654,HCLTECH26SEP1040CE,HCLTECH,24SEP2026,104000.000000,400,OPTSTK,BFO,5.000000,21000,False
866213,AMBUJACEM26OCT470PE,AMBUJACEM,29OCT2026,47000.000000,1200,OPTSTK,BFO,5.000000,54000,False
866223,APOLLOHOSP26OCT9300PE,APOLLOHOSP,29OCT2026,930000.000000,125,OPTSTK,BFO,5.000000,5000,False
866242,SENSEX2691777100CE,SENSEX,17SEP2026,7710000.000000,20,OPTIDX,BFO,5.000000,1000,False
866251,DRREDDY26OCT1130CE,DRREDDY,29OCT2026,113000.000000,625,OPTSTK,BFO,5.000000,5000,False
866285,INOXWIND26OCT70PE,INOXWIND,29OCT2026,7000.000000,6400,OPTSTK,BFO,5.000000,100000000,False
866260,PETRONET26OCT245CE,PETRONET,29OCT2026,24500.000000,1900,OPTSTK,BFO,5.000000,120000,False
866261,KEI26OCTFUT,KEI,29OCT2026,0.000000,175,FUTSTK,BFO,5.000000,100000000,False
866268,PREMIERENE26OCT940PE,PREMIERENE,29OCT2026,94000.000000,650,OPTSTK,BFO,5.000000,100000000,False
847674,BANDHANBNK26SEP215PE,BANDHANBNK,24SEP2026,21500.000000,3600,OPTSTK,BFO,5.000000,100000,False
847706,SENSEX5026SEP25400CE,SENSEX50,24SEP2026,2540000.000000,75,OPTIDX,BFO,5.000000,1800,False
847712,SUPREMEIND26SEP3250CE,SUPREMEIND,24SEP2026,325000.000000,175,OPTSTK,BFO,5.000000,100000000,False
847720,ONGC26SEP220PE,ONGC,24SEP2026,22000.000000,2250,OPTSTK,BFO,5.000000,154000,False
847728,DELHIVERY26SEP430CE,DELHIVERY,24SEP2026,43000.000000,2075,OPTSTK,BFO,5.000000,100000000,False
847763,BOSCHLTD26SEP39750PE,BOSCHLTD,24SEP2026,3975000.000000,25,OPTSTK,BFO,5.000000,1500,False
847781,LTM26SEP4000PE,LTM,24SEP2026,400000.000000,150,OPTSTK,BFO,5.000000,4500,False
847785,DABUR26SEP430PE,DABUR,24SEP2026,43000.000000,1250,OPTSTK,BFO,5.000000,50000,False
866295,CAMS26OCT740CE,CAMS,29OCT2026,74000.000000,825,OPTSTK,BFO,5.000000,100000000,False
866300,LICHSGFIN26OCT570PE,LICHSGFIN,29OCT2026,57000.000000,1000,OPTSTK,BFO,5.000000,60000,False
866326,KAYNES26OCT3850CE,KAYNES,29OCT2026,385000.000000,150,OPTSTK,BFO,5.000000,100000000,False
866343,SHRIRAMFIN26OCT960CE,SHRIRAMFIN,29OCT2026,96000.000000,825,OPTSTK,BFO,5.000000,18000,False
847791,UNOMINDA26SEP1160PE,UNOMINDA,24SEP2026,116000.000000,550,OPTSTK,BFO,5.000000,100000000,False
847794,KPITTECH26SEP740PE,KPITTECH,24SEP2026,74000.000000,775,OPTSTK,BFO,5.000000,100000000,False
847795,SWIGGY26SEP210CE,SWIGGY,24SEP2026,21000.000000,1825,OPTSTK,BFO,5.000000,100000000,False
847802,MAZDOCK26SEPFUT,MAZDOCK,24SEP2026,0.000000,225,FUTSTK,BFO,5.000000,100000000,False
866356,PGEL26OCT560CE,PGEL,29OCT2026,56000.000000,950,OPTSTK,BFO,5.000000,100000000,False
866376,BHEL26OCT430PE,BHEL,29OCT2026,43000.000000,2625,OPTSTK,BFO,5.000000,315000,False
866389,SENSEX26OCT77600PE,SENSEX,29OCT2026,7760000.000000,20,OPTIDX,BFO,5.000000,1000,False
866390,COLPAL26OCT1980PE,COLPAL,29OCT2026,198000.000000,275,OPTSTK,BFO,5.000000,14000,False
847821,IDEA26SEP8CE,IDEA,24SEP2026,800.000000,71475,OPTSTK,BFO,5.000000,2400000,False
847827,CIPLA26SEP1460CE,CIPLA,24SEP2026,146000.000000,425,OPTSTK,BFO,5.000000,26000,False
847838,HDFCBANK26SEP800PE,HDFCBANK,24SEP2026,80000.000000,650,OPTSTK,BFO,5.000000,16500,False
847840,NAM-INDIA26SEP1180CE,NAM-INDIA,24SEP2026,118000.000000,625,OPTSTK,BFO,5.000000,100000000,False
866415,SIEMENS26OCT4000PE,SIEMENS,29OCT2026,400000.000000,175,OPTSTK,BFO,5.000000,8250,False
866419,POLICYBZR26OCT1500PE,POLICYBZR,29OCT2026,150000.000000,350,OPTSTK,BFO,5.000000,100000000,False
866423,IREDA26OCT112.5CE,IREDA,29OCT2026,11250.000000,4525,OPTSTK,BFO,5.000000,100000000,False
866427,SUNPHARMA26OCT1860PE,SUNPHARMA,29OCT2026,186000.000000,350,OPTSTK,BFO,5.000000,28000,False
847843,POLYCAB26SEP9400CE,POLYCAB,24SEP2026,940000.000000,125,OPTSTK,BFO,5.000000,9000,False
847846,PHOENIXLTD26SEP1780CE,PHOENIXLTD,24SEP2026,178000.000000,350,OPTSTK,BFO,5.000000,100000000,False
847848,SOLARINDS26SEP19000CE,SOLARINDS,24SEP2026,1900000.000000,50,OPTSTK,BFO,5.000000,100000000,False
847852,COLPAL26SEP1960PE,COLPAL,24SEP2026,196000.000000,275,OPTSTK,BFO,5.000000,14000,False
866432,AUBANK26OCT1160CE,AUBANK,29OCT2026,116000.000000,1000,OPTSTK,BFO,5.000000,30000,False
866447,NESTLEIND26OCT1540PE,NESTLEIND,29OCT2026,154000.000000,500,OPTSTK,BFO,5.000000,1200,False
866449,TECHM26OCT1780PE,TECHM,29OCT2026,178000.000000,600,OPTSTK,BFO,5.000000,24000,False
866456,NAUKRI26OCT1200PE,NAUKRI,29OCT2026,120000.000000,550,OPTSTK,BFO,5.000000,6000,False
847860,ADANIENSOL26SEP1640CE,ADANIENSOL,24SEP2026,164000.000000,675,OPTSTK,BFO,5.000000,100000000,False
847870,TATACONSUM26SEP1130PE,TATACONSUM,24SEP2026,113000.000000,550,OPTSTK,BFO,5.000000,36000,False
847900,MFSL26SEP1680CE,MFSL,24SEP2026,168000.000000,400,OPTSTK,BFO,5.000000,32000,False
847918,JSWSTEEL26SEP1220PE,JSWSTEEL,24SEP2026,122000.000000,675,OPTSTK,BFO,5.000000,40500,False
866459,PFC26OCT425PE,PFC,29OCT2026,42500.000000,1300,OPTSTK,BFO,5.000000,124000,False
866460,IEX26OCT140PE,IEX,29OCT2026,14000.000000,4350,OPTSTK,BFO,5.000000,150000,False
866469,LTF26OCT270CE,LTF,29OCT2026,27000.000000,2250,OPTSTK,BFO,5.000000,267720,False
866475,WIPRO26OCT190CE,WIPRO,29OCT2026,19000.000000,3000,OPTSTK,BFO,5.000000,60000,False
866489,BIOCON26OCT410PE,BIOCON,29OCT2026,41000.000000,2500,OPTSTK,BFO,5.000000,100000,False
866501,ZYDUSLIFE26OCT1150CE,ZYDUSLIFE,29OCT2026,115000.000000,900,OPTSTK,BFO,5.000000,54000,False
866549,PGEL26OCT560PE,PGEL,29OCT2026,56000.000000,950,OPTSTK,BFO,5.000000,100000000,False
866554,PETRONET26OCT280CE,PETRONET,29OCT2026,28000.000000,1900,OPTSTK,BFO,5.000000,120000,False
866555,POLYCAB26OCT9400CE,POLYCAB,29OCT2026,940000.000000,125,OPTSTK,BFO,5.000000,9000,False
866570,NHPC26OCT84CE,NHPC,29OCT2026,8400.000000,6950,OPTSTK,BFO,5.000000,100000000,False
866589,CONCOR26OCT520CE,CONCOR,29OCT2026,52000.000000,1250,OPTSTK,BFO,5.000000,40000,False
866602,SENSEX26OCT72200PE,SENSEX,29OCT2026,7220000.000000,20,OPTIDX,BFO,5.000000,1000,False
847922,ONGC26SEP225PE,ONGC,24SEP2026,22500.000000,2250,OPTSTK,BFO,5.000000,154000,False
847937,DRREDDY26SEP1420CE,DRREDDY,24SEP2026,142000.000000,625,OPTSTK,BFO,5.000000,5000,False
847940,BEL26SEP435PE,BEL,24SEP2026,43500.000000,1425,OPTSTK,BFO,5.000000,228000,False
847950,CHOLAFIN26SEP1900PE,CHOLAFIN,24SEP2026,190000.000000,625,OPTSTK,BFO,5.000000,25000,False
866606,UNIONBANK26OCT170PE,UNIONBANK,29OCT2026,17000.000000,4425,OPTSTK,BFO,5.000000,100000000,False
866612,SENSEX2691783700PE,SENSEX,17SEP2026,8370000.000000,20,OPTIDX,BFO,5.000000,1000,False
866637,ABCAPITAL26OCT420PE,ABCAPITAL,29OCT2026,42000.000000,3100,OPTSTK,BFO,5.000000,162000,False
866652,HINDZINC26OCT600CE,HINDZINC,29OCT2026,60000.000000,1225,OPTSTK,BFO,5.000000,100000000,False
847961,DLF26SEP630PE,DLF,24SEP2026,63000.000000,950,OPTSTK,BFO,5.000000,49500,False
847967,CHOLAFIN26SEP1740PE,CHOLAFIN,24SEP2026,174000.000000,625,OPTSTK,BFO,5.000000,25000,False
847978,ULTRACEMCO26SEP11060PE,ULTRACEMCO,24SEP2026,1106000.000000,50,OPTSTK,BFO,5.000000,3000,False
847981,DABUR26SEP435PE,DABUR,24SEP2026,43500.000000,1250,OPTSTK,BFO,5.000000,50000,False
866659,SUNPHARMA26OCT2120PE,SUNPHARMA,29OCT2026,212000.000000,350,OPTSTK,BFO,5.000000,28000,False
866661,JIOFIN26OCT252.5CE,JIOFIN,29OCT2026,25250.000000,2350,OPTSTK,BFO,5.000000,100000000,False
866677,BAJAJ-AUTO26OCT10700CE,BAJAJ-AUTO,29OCT2026,1070000.000000,75,OPTSTK,BFO,5.000000,5000,False
866699,SOLARINDS26OCT18750PE,SOLARINDS,29OCT2026,1875000.000000,50,OPTSTK,BFO,5.000000,100000000,False
847989,RELIANCE26SEP1300CE,RELIANCE,24SEP2026,130000.000000,500,OPTSTK,BFO,5.000000,10000,False
847990,SWIGGY26SEP215CE,SWIGGY,24SEP2026,21500.000000,1825,OPTSTK,BFO,5.000000,100000000,False
847992,BHARATFORG26SEP2080PE,BHARATFORG,24SEP2026,208000.000000,500,OPTSTK,BFO,5.000000,30000,False
847998,JINDALSTEL26SEP1110PE,JINDALSTEL,24SEP2026,111000.000000,625,OPTSTK,BFO,5.000000,37500,False
848018,FOCIT26SEP34500CE,FOCIT,24SEP2026,3450000.000000,45,OPTIDX,BFO,5.000000,1350,False
848042,UPL26SEP600CE,UPL,24SEP2026,60000.000000,1355,OPTSTK,BFO,5.000000,39000,False
848049,KAYNES26SEP3150CE,KAYNES,24SEP2026,315000.000000,150,OPTSTK,BFO,5.000000,100000000,False
848053,NTPC26SEP337.5CE,NTPC,24SEP2026,33750.000000,1500,OPTSTK,BFO,5.000000,150000,False
866724,WIPRO26OCT195CE,WIPRO,29OCT2026,19500.000000,3000,OPTSTK,BFO,5.000000,60000,False
866727,CROMPTON26OCT255CE,CROMPTON,29OCT2026,25500.000000,2150,OPTSTK,BFO,5.000000,90000,False
866729,RECLTD26OCT365PE,RECLTD,29OCT2026,36500.000000,1575,OPTSTK,BFO,5.000000,160000,False
866750,SENSEX26OCT80800PE,SENSEX,29OCT2026,8080000.000000,20,OPTIDX,BFO,5.000000,1000,False
848075,KOTAKBANK26SEP400CE,KOTAKBANK,24SEP2026,40000.000000,2000,OPTSTK,BFO,5.000000,12000,False
848076,APOLLOHOSP26SEP8550CE,APOLLOHOSP,24SEP2026,855000.000000,125,OPTSTK,BFO,5.000000,5000,False
848078,CANBK26SEP123PE,CANBK,24SEP2026,12300.000000,6750,OPTSTK,BFO,5.000000,81000,False
848081,HINDUNILVR26SEP2100PE,HINDUNILVR,24SEP2026,210000.000000,300,OPTSTK,BFO,5.000000,9000,False
848087,HAVELLS26SEP1210PE,HAVELLS,24SEP2026,121000.000000,500,OPTSTK,BFO,5.000000,20000,False
848090,VOLTAS26SEP1420PE,VOLTAS,24SEP2026,142000.000000,375,OPTSTK,BFO,5.000000,30000,False
848110,IDFCFIRSTB26SEP78CE,IDFCFIRSTB,24SEP2026,7800.000000,9275,OPTSTK,BFO,5.000000,450000,False
848125,NMDC26SEP85CE,NMDC,24SEP2026,8500.000000,6750,OPTSTK,BFO,5.000000,225000,False
866751,APLAPOLLO26OCT1820PE,APLAPOLLO,29OCT2026,182000.000000,350,OPTSTK,BFO,5.000000,100000000,False
866768,FOCIT26OCT32000CE,FOCIT,29OCT2026,3200000.000000,45,OPTIDX,BFO,5.000000,1350,False
866769,TORNTPHARM26OCT4900PE,TORNTPHARM,29OCT2026,490000.000000,125,OPTSTK,BFO,5.000000,15000,False
866798,PERSISTENT26OCT5900CE,PERSISTENT,29OCT2026,590000.000000,125,OPTSTK,BFO,5.000000,5250,False
848133,NATIONALUM26SEP335CE,NATIONALUM,24SEP2026,33500.000000,1875,OPTSTK,BFO,5.000000,300000,False
848134,TECHM26SEP1364PE,TECHM,24SEP2026,136400.000000,600,OPTSTK,BFO,5.000000,24000,False
848136,SUZLON26SEP64PE,SUZLON,24SEP2026,6400.000000,12700,OPTSTK,BFO,5.000000,100000000,False
848140,MCX26SEP2700CE,MCX,24SEP2026,270000.000000,225,OPTSTK,BFO,5.000000,16000,False
866801,INDHOTEL26OCT730PE,INDHOTEL,29OCT2026,73000.000000,1000,OPTSTK,BFO,5.000000,60000,False
866808,POWERGRID26OCT282.5CE,POWERGRID,29OCT2026,28250.000000,1900,OPTSTK,BFO,5.000000,108000,False
866818,DRREDDY26OCT1170CE,DRREDDY,29OCT2026,117000.000000,625,OPTSTK,BFO,5.000000,5000,False
866826,PETRONET26OCT285CE,PETRONET,29OCT2026,28500.000000,1900,OPTSTK,BFO,5.000000,120000,False
848160,TATAELXSI26SEP3700PE,TATAELXSI,24SEP2026,370000.000000,125,OPTSTK,BFO,5.000000,100000000,False
848177,BANKEX26SEP69900CE,BANKEX,24SEP2026,6990000.000000,30,OPTIDX,BFO,5.000000,900,False
848178,HCLTECH26SEP1160PE,HCLTECH,24SEP2026,116000.000000,400,OPTSTK,BFO,5.000000,21000,False
848183,HEROMOTOCO26SEP5100PE,HEROMOTOCO,24SEP2026,510000.000000,150,OPTSTK,BFO,5.000000,9000,False
866837,PREMIERENE26OCT980PE,PREMIERENE,29OCT2026,98000.000000,650,OPTSTK,BFO,5.000000,100000000,False
866846,RBLBANK26OCT415PE,RBLBANK,29OCT2026,41500.000000,3175,OPTSTK,BFO,5.000000,150000,False
866847,SHREECEM26OCTFUT,SHREECEM,29OCT2026,0.000000,25,FUTSTK,BFO,5.000000,1000,False
866851,ICICIBANK26OCT1410PE,ICICIBANK,29OCT2026,141000.000000,700,OPTSTK,BFO,5.000000,28000,False
866858,WAAREEENER26OCT2300CE,WAAREEENER,29OCT2026,230000.000000,175,OPTSTK,BFO,5.000000,100000000,False
866860,SUPREMEIND26OCT3700CE,SUPREMEIND,29OCT2026,370000.000000,175,OPTSTK,BFO,5.000000,100000000,False
866863,UNIONBANK26OCT175PE,UNIONBANK,29OCT2026,17500.000000,4425,OPTSTK,BFO,5.000000,100000000,False
866873,LODHA26OCT1320CE,LODHA,29OCT2026,132000.000000,625,OPTSTK,BFO,5.000000,100000000,False
848185,POLICYBZR26SEP1540PE,POLICYBZR,24SEP2026,154000.000000,350,OPTSTK,BFO,5.000000,100000000,False
848186,BANKEX26SEP70000PE,BANKEX,24SEP2026,7000000.000000,30,OPTIDX,BFO,5.000000,900,False
848189,ETERNAL26SEP252.5PE,ETERNAL,24SEP2026,25250.000000,2425,OPTSTK,BFO,5.000000,100000000,False
848202,ETERNAL26SEP257.5CE,ETERNAL,24SEP2026,25750.000000,2425,OPTSTK,BFO,5.000000,100000000,False
866875,HINDUNILVR26OCT2100PE,HINDUNILVR,29OCT2026,210000.000000,300,OPTSTK,BFO,5.000000,9000,False
866878,KALYANKJIL26OCT600PE,KALYANKJIL,29OCT2026,60000.000000,1350,OPTSTK,BFO,5.000000,100000000,False
866880,NTPC26OCT350PE,NTPC,29OCT2026,35000.000000,1500,OPTSTK,BFO,5.000000,150000,False
866884,INDUSINDBK26OCT1030PE,INDUSINDBK,29OCT2026,103000.000000,700,OPTSTK,BFO,5.000000,20000,False
848204,AXISBANK26SEP1310PE,AXISBANK,24SEP2026,131000.000000,625,OPTSTK,BFO,5.000000,25000,False
848213,SUNPHARMA26SEPFUT,SUNPHARMA,24SEP2026,0.000000,350,FUTSTK,BFO,5.000000,28000,False
848223,BANKEX26SEP61600CE,BANKEX,24SEP2026,6160000.000000,30,OPTIDX,BFO,5.000000,900,False
848230,PHOENIXLTD26SEP2020CE,PHOENIXLTD,24SEP2026,202000.000000,350,OPTSTK,BFO,5.000000,100000000,False
848235,RVNL26SEP250CE,RVNL,24SEP2026,25000.000000,1925,OPTSTK,BFO,5.000000,100000000,False
848239,GODREJCP26SEP1050PE,GODREJCP,24SEP2026,105000.000000,500,OPTSTK,BFO,5.000000,30000,False
848247,RECLTD26SEP350PE,RECLTD,24SEP2026,35000.000000,1575,OPTSTK,BFO,5.000000,160000,False
848253,SBILIFE26SEP1820CE,SBILIFE,24SEP2026,182000.000000,375,OPTSTK,BFO,5.000000,22500,False
866906,BANKEX26OCT62100PE,BANKEX,29OCT2026,6210000.000000,30,OPTIDX,BFO,5.000000,900,False
866913,INDIGO26OCT5200CE,INDIGO,29OCT2026,520000.000000,150,OPTSTK,BFO,5.000000,12000,False
866918,DELHIVERY26OCT485PE,DELHIVERY,29OCT2026,48500.000000,2075,OPTSTK,BFO,5.000000,100000000,False
866919,SIEMENS26OCT3350PE,SIEMENS,29OCT2026,335000.000000,175,OPTSTK,BFO,5.000000,8250,False
848256,RECLTD26SEP355CE,RECLTD,24SEP2026,35500.000000,1575,OPTSTK,BFO,5.000000,160000,False
848267,PATANJALI26SEP385CE,PATANJALI,24SEP2026,38500.000000,1075,OPTSTK,BFO,5.000000,100000000,False
848293,COFORGE26SEP1480CE,COFORGE,24SEP2026,148000.000000,475,OPTSTK,BFO,5.000000,6000,False
848296,PGEL26SEP530CE,PGEL,24SEP2026,53000.000000,950,OPTSTK,BFO,5.000000,100000000,False
866931,KFINTECH26OCT860CE,KFINTECH,29OCT2026,86000.000000,575,OPTSTK,BFO,5.000000,100000000,False
866939,NATIONALUM26OCT380PE,NATIONALUM,29OCT2026,38000.000000,1875,OPTSTK,BFO,5.000000,300000,False
866955,SIEMENS26OCT3500CE,SIEMENS,29OCT2026,350000.000000,175,OPTSTK,BFO,5.000000,8250,False
866969,TECHM26OCTFUT,TECHM,29OCT2026,0.000000,600,FUTSTK,BFO,5.000000,24000,False
848311,PHOENIXLTD26SEP1980CE,PHOENIXLTD,24SEP2026,198000.000000,350,OPTSTK,BFO,5.000000,100000000,False
848327,SENSEX5026SEP25000PE,SENSEX50,24SEP2026,2500000.000000,75,OPTIDX,BFO,5.000000,1800,False
848331,BANKEX26SEP67000PE,BANKEX,24SEP2026,6700000.000000,30,OPTIDX,BFO,5.000000,900,False
848347,PIIND26SEP2780PE,PIIND,24SEP2026,278000.000000,175,OPTSTK,BFO,5.000000,7500,False
866977,SHRIRAMFIN26OCT1140CE,SHRIRAMFIN,29OCT2026,114000.000000,825,OPTSTK,BFO,5.000000,18000,False
866983,ONGC26OCT225CE,ONGC,29OCT2026,22500.000000,2250,OPTSTK,BFO,5.000000,154000,False
866992,GODREJCP26OCT1130CE,GODREJCP,29OCT2026,113000.000000,500,OPTSTK,BFO,5.000000,30000,False
866999,SONACOMS26OCT710PE,SONACOMS,29OCT2026,71000.000000,1225,OPTSTK,BFO,5.000000,100000000,False
848348,IREDA26SEP126CE,IREDA,24SEP2026,12600.000000,4525,OPTSTK,BFO,5.000000,100000000,False
848355,FORTIS26SEP980CE,FORTIS,24SEP2026,98000.000000,775,OPTSTK,BFO,5.000000,100000000,False
848370,BANKEX26SEP61000PE,BANKEX,24SEP2026,6100000.000000,30,OPTIDX,BFO,5.000000,900,False
848394,DELHIVERY26SEP475CE,DELHIVERY,24SEP2026,47500.000000,2075,OPTSTK,BFO,5.000000,100000000,False
867015,HINDZINC26OCT510PE,HINDZINC,29OCT2026,51000.000000,1225,OPTSTK,BFO,5.000000,100000000,False
867021,KOTAKBANK26OCT380PE,KOTAKBANK,29OCT2026,38000.000000,2000,OPTSTK,BFO,5.000000,12000,False
867023,TCS26OCT2480PE,TCS,29OCT2026,248000.000000,225,OPTSTK,BFO,5.000000,7000,False
867025,BANKEX26OCT61400CE,BANKEX,29OCT2026,6140000.000000,30,OPTIDX,BFO,5.000000,900,False
848397,ABB26SEP7000CE,ABB,24SEP2026,700000.000000,125,OPTSTK,BFO,5.000000,7500,False
848399,GRASIM26SEP3080CE,GRASIM,24SEP2026,308000.000000,250,OPTSTK,BFO,5.000000,14250,False
848406,IEX26SEP127PE,IEX,24SEP2026,12700.000000,4350,OPTSTK,BFO,5.000000,150000,False
848428,RELIANCE26SEP1350PE,RELIANCE,24SEP2026,135000.000000,500,OPTSTK,BFO,5.000000,10000,False
867030,BANKEX26OCT63700CE,BANKEX,29OCT2026,6370000.000000,30,OPTIDX,BFO,5.000000,900,False
867059,PNB26OCT107PE,PNB,29OCT2026,10700.000000,8000,OPTSTK,BFO,5.000000,480000,False
867063,SENSEX2691775300PE,SENSEX,17SEP2026,7530000.000000,20,OPTIDX,BFO,5.000000,1000,False
867096,ULTRACEMCO26OCT11900CE,ULTRACEMCO,29OCT2026,1190000.000000,50,OPTSTK,BFO,5.000000,3000,False
848435,MANKIND26SEP2380CE,MANKIND,24SEP2026,238000.000000,250,OPTSTK,BFO,5.000000,100000000,False
848440,NAUKRI26SEP1050CE,NAUKRI,24SEP2026,105000.000000,550,OPTSTK,BFO,5.000000,6000,False
848464,DRREDDY26SEP1380PE,DRREDDY,24SEP2026,138000.000000,625,OPTSTK,BFO,5.000000,5000,False
848476,INDUSINDBK26SEP880CE,INDUSINDBK,24SEP2026,88000.000000,700,OPTSTK,BFO,5.000000,20000,False
867101,ZYDUSLIFE26OCT1190CE,ZYDUSLIFE,29OCT2026,119000.000000,900,OPTSTK,BFO,5.000000,54000,False
867107,VMM26OCT97.5CE,VMM,29OCT2026,9750.000000,4850,OPTSTK,BFO,5.000000,100000000,False
867115,ABB26OCT7100PE,ABB,29OCT2026,710000.000000,125,OPTSTK,BFO,5.000000,7500,False
867119,GRASIM26OCT3180PE,GRASIM,29OCT2026,318000.000000,250,OPTSTK,BFO,5.000000,14250,False
848491,PIIND26SEP2680CE,PIIND,24SEP2026,268000.000000,175,OPTSTK,BFO,5.000000,7500,False
848518,LTF26SEP335CE,LTF,24SEP2026,33500.000000,2250,OPTSTK,BFO,5.000000,267720,False
848525,INDIANB26SEP790CE,INDIANB,24SEP2026,79000.000000,1000,OPTSTK,BFO,5.000000,100000000,False
848544,HAVELLS26SEP1170CE,HAVELLS,24SEP2026,117000.000000,500,OPTSTK,BFO,5.000000,20000,False
867123,KAYNES26OCT3700PE,KAYNES,29OCT2026,370000.000000,150,OPTSTK,BFO,5.000000,100000000,False
867127,KALYANKJIL26OCT605PE,KALYANKJIL,29OCT2026,60500.000000,1350,OPTSTK,BFO,5.000000,100000000,False
867152,LAURUSLABS26OCT1900CE,LAURUSLABS,29OCT2026,190000.000000,850,OPTSTK,BFO,5.000000,68000,False
867158,MANKIND26OCT2480PE,MANKIND,29OCT2026,248000.000000,250,OPTSTK,BFO,5.000000,100000000,False
848548,BANKEX26SEP59200CE,BANKEX,24SEP2026,5920000.000000,30,OPTIDX,BFO,5.000000,900,False
848549,RECLTD26SEP390CE,RECLTD,24SEP2026,39000.000000,1575,OPTSTK,BFO,5.000000,160000,False
848558,JSWENERGY26SEP595PE,JSWENERGY,24SEP2026,59500.000000,1075,OPTSTK,BFO,5.000000,100000000,False
848567,SONACOMS26SEP610CE,SONACOMS,24SEP2026,61000.000000,1225,OPTSTK,BFO,5.000000,100000000,False
867161,PHOENIXLTD26OCT1980CE,PHOENIXLTD,29OCT2026,198000.000000,350,OPTSTK,BFO,5.000000,100000000,False
867170,LAURUSLABS26OCT1740CE,LAURUSLABS,29OCT2026,174000.000000,850,OPTSTK,BFO,5.000000,68000,False
867173,SENSEX2691772300CE,SENSEX,17SEP2026,7230000.000000,20,OPTIDX,BFO,5.000000,1000,False
867175,VMM26OCT102.5CE,VMM,29OCT2026,10250.000000,4850,OPTSTK,BFO,5.000000,100000000,False
848571,ADANIPOWER26SEP240PE,ADANIPOWER,24SEP2026,24000.000000,3550,OPTSTK,BFO,5.000000,100000000,False
848597,NAM-INDIA26SEP1100PE,NAM-INDIA,24SEP2026,110000.000000,625,OPTSTK,BFO,5.000000,100000000,False
848608,SIEMENS26SEP3550PE,SIEMENS,24SEP2026,355000.000000,175,OPTSTK,BFO,5.000000,8250,False
848653,PETRONET26SEP282.5PE,PETRONET,24SEP2026,28250.000000,1900,OPTSTK,BFO,5.000000,120000,False
867184,BHARTIARTL26OCT1900CE,BHARTIARTL,29OCT2026,190000.000000,475,OPTSTK,BFO,5.000000,28500,False
867196,BEL26OCT410PE,BEL,29OCT2026,41000.000000,1425,OPTSTK,BFO,5.000000,228000,False
867206,PAYTM26OCT1440PE,PAYTM,29OCT2026,144000.000000,725,OPTSTK,BFO,5.000000,100000000,False
867209,BEL26OCT415CE,BEL,29OCT2026,41500.000000,1425,OPTSTK,BFO,5.000000,228000,False
848656,DMART26SEP4550PE,DMART,24SEP2026,455000.000000,150,OPTSTK,BFO,5.000000,100000000,False
848663,BANKEX26SEP63200CE,BANKEX,24SEP2026,6320000.000000,30,OPTIDX,BFO,5.000000,900,False
848668,SUPREMEIND26SEP3650CE,SUPREMEIND,24SEP2026,365000.000000,175,OPTSTK,BFO,5.000000,100000000,False
848682,TATAELXSI26SEP4350CE,TATAELXSI,24SEP2026,435000.000000,125,OPTSTK,BFO,5.000000,100000000,False
867226,SENSEX2691770900CE,SENSEX,17SEP2026,7090000.000000,20,OPTIDX,BFO,5.000000,1000,False
867227,SHREECEM26OCT26000PE,SHREECEM,29OCT2026,2600000.000000,25,OPTSTK,BFO,5.000000,1000,False
867239,SBICARD26OCT640PE,SBICARD,29OCT2026,64000.000000,800,OPTSTK,BFO,5.000000,32000,False
867251,SENSEX26OCT73100CE,SENSEX,29OCT2026,7310000.000000,20,OPTIDX,BFO,5.000000,1000,False
848688,TIINDIA26SEP3160PE,TIINDIA,24SEP2026,316000.000000,200,OPTSTK,BFO,5.000000,100000000,False
848690,BAJAJ-AUTO26SEP9200CE,BAJAJ-AUTO,24SEP2026,920000.000000,75,OPTSTK,BFO,5.000000,5000,False
848709,LTM26SEP3700CE,LTM,24SEP2026,370000.000000,150,OPTSTK,BFO,5.000000,4500,False
848725,VBL26SEP480CE,VBL,24SEP2026,48000.000000,1275,OPTSTK,BFO,5.000000,100000000,False
867252,PNBHOUSING26OCT1100CE,PNBHOUSING,29OCT2026,110000.000000,650,OPTSTK,BFO,5.000000,100000000,False
867254,KAYNES26OCT3450PE,KAYNES,29OCT2026,345000.000000,150,OPTSTK,BFO,5.000000,100000000,False
867270,JINDALSTEL26OCT1080PE,JINDALSTEL,29OCT2026,108000.000000,625,OPTSTK,BFO,5.000000,37500,False
867279,TVSMOTOR26OCT4350CE,TVSMOTOR,29OCT2026,435000.000000,175,OPTSTK,BFO,5.000000,21000,False
848741,LICI26SEP435PE,LICI,24SEP2026,43500.000000,1400,OPTSTK,BFO,5.000000,100000000,False
848744,COLPAL26SEP2080PE,COLPAL,24SEP2026,208000.000000,275,OPTSTK,BFO,5.000000,14000,False
848763,BIOCON26SEP445CE,BIOCON,24SEP2026,44500.000000,2500,OPTSTK,BFO,5.000000,100000,False
848784,KALYANKJIL26SEP415CE,KALYANKJIL,24SEP2026,41500.000000,1350,OPTSTK,BFO,5.000000,100000000,False
867292,GODREJPROP26OCT2120CE,GODREJPROP,29OCT2026,212000.000000,325,OPTSTK,BFO,5.000000,19000,False
867299,NESTLEIND26SEP1590PE,NESTLEIND,24SEP2026,159000.000000,500,OPTSTK,BFO,5.000000,1200,False
867310,MAZDOCK26OCT2550PE,MAZDOCK,29OCT2026,255000.000000,225,OPTSTK,BFO,5.000000,100000000,False
867314,IOC26OCT150CE,IOC,29OCT2026,15000.000000,4875,OPTSTK,BFO,5.000000,292500,False
848793,DIXON26SEP11600CE,DIXON,24SEP2026,1160000.000000,50,OPTSTK,BFO,5.000000,6000,False
848796,ADANIPORTS26SEP1760PE,ADANIPORTS,24SEP2026,176000.000000,475,OPTSTK,BFO,5.000000,32000,False
848801,PRESTIGE26SEP1540CE,PRESTIGE,24SEP2026,154000.000000,450,OPTSTK,BFO,5.000000,100000000,False
848809,INDIANB26SEP860PE,INDIANB,24SEP2026,86000.000000,1000,OPTSTK,BFO,5.000000,100000000,False
867317,HAVELLS26OCT1260CE,HAVELLS,29OCT2026,126000.000000,500,OPTSTK,BFO,5.000000,20000,False
867321,SENSEX2691780900CE,SENSEX,17SEP2026,8090000.000000,20,OPTIDX,BFO,5.000000,1000,False
867331,ONGC26OCT260CE,ONGC,29OCT2026,26000.000000,2250,OPTSTK,BFO,5.000000,154000,False
867332,PNBHOUSING26OCT1020PE,PNBHOUSING,29OCT2026,102000.000000,650,OPTSTK,BFO,5.000000,100000000,False
848813,MUTHOOTFIN26SEP3200CE,MUTHOOTFIN,24SEP2026,320000.000000,275,OPTSTK,BFO,5.000000,22000,False
848820,HDFCAMC26SEP2580PE,HDFCAMC,24SEP2026,258000.000000,300,OPTSTK,BFO,5.000000,12000,False
848828,HINDPETRO26SEP385.75PE,HINDPETRO,24SEP2026,38575.000000,2025,OPTSTK,BFO,5.000000,108000,False
848830,BRITANNIA26SEP5500PE,BRITANNIA,24SEP2026,550000.000000,125,OPTSTK,BFO,5.000000,6000,False
867335,FOCIT26SEP39200PE,FOCIT,24SEP2026,3920000.000000,45,OPTIDX,BFO,5.000000,1350,False
867347,BRITANNIA26OCT5200CE,BRITANNIA,29OCT2026,520000.000000,125,OPTSTK,BFO,5.000000,6000,False
867351,APLAPOLLO26OCTFUT,APLAPOLLO,29OCT2026,0.000000,350,FUTSTK,BFO,5.000000,100000000,False
867358,FOCIT26OCT34500CE,FOCIT,29OCT2026,3450000.000000,45,OPTIDX,BFO,5.000000,1350,False
848836,PRESTIGE26SEP1620PE,PRESTIGE,24SEP2026,162000.000000,450,OPTSTK,BFO,5.000000,100000000,False
848839,SRF26SEP2700CE,SRF,24SEP2026,270000.000000,200,OPTSTK,BFO,5.000000,11250,False
848841,UNITDSPR26SEP1340PE,UNITDSPR,24SEP2026,134000.000000,400,OPTSTK,BFO,5.000000,28000,False
848842,TCS26SEP1960CE,TCS,24SEP2026,196000.000000,225,OPTSTK,BFO,5.000000,7000,False
867361,SONACOMS26OCT750CE,SONACOMS,29OCT2026,75000.000000,1225,OPTSTK,BFO,5.000000,100000000,False
867362,FOCIT26OCT36800CE,FOCIT,29OCT2026,3680000.000000,45,OPTIDX,BFO,5.000000,1350,False
867374,GODFRYPHLP26OCT2100CE,GODFRYPHLP,29OCT2026,210000.000000,275,OPTSTK,BFO,5.000000,100000000,False
867375,LTM26OCT4500CE,LTM,29OCT2026,450000.000000,150,OPTSTK,BFO,5.000000,4500,False
867377,HINDZINC26OCT550CE,HINDZINC,29OCT2026,55000.000000,1225,OPTSTK,BFO,5.000000,100000000,False
867387,MPHASIS26OCT2200PE,MPHASIS,29OCT2026,220000.000000,275,OPTSTK,BFO,5.000000,11000,False
867390,MOTHERSON26OCTFUT,MOTHERSON,29OCT2026,0.000000,6150,FUTSTK,BFO,5.000000,284000,False
867394,SENSEX26OCT81700CE,SENSEX,29OCT2026,8170000.000000,20,OPTIDX,BFO,5.000000,1000,False
848896,EICHERMOT26SEP7350CE,EICHERMOT,24SEP2026,735000.000000,100,OPTSTK,BFO,5.000000,7000,False
848901,BPCL26SEP300CE,BPCL,24SEP2026,30000.000000,1975,OPTSTK,BFO,5.000000,72000,False
848904,IDFCFIRSTB26SEP73PE,IDFCFIRSTB,24SEP2026,7300.000000,9275,OPTSTK,BFO,5.000000,450000,False
848911,TMPV26SEP390CE,TMPV,24SEP2026,39000.000000,1600,OPTSTK,BFO,5.000000,42750,False
848912,VBL26SEP485CE,VBL,24SEP2026,48500.000000,1275,OPTSTK,BFO,5.000000,100000000,False
848918,ETERNAL26SEP265PE,ETERNAL,24SEP2026,26500.000000,2425,OPTSTK,BFO,5.000000,100000000,False
848947,BRITANNIA26SEP5400CE,BRITANNIA,24SEP2026,540000.000000,125,OPTSTK,BFO,5.000000,6000,False
848963,SBIN26SEP1060PE,SBIN,24SEP2026,106000.000000,750,OPTSTK,BFO,5.000000,45000,False
867395,FEDERALBNK26OCT330CE,FEDERALBNK,29OCT2026,33000.000000,2500,OPTSTK,BFO,5.000000,200000,False
867398,ABCAPITAL26OCT395PE,ABCAPITAL,29OCT2026,39500.000000,3100,OPTSTK,BFO,5.000000,162000,False
867402,ASTRAL26OCT1400CE,ASTRAL,29OCT2026,140000.000000,425,OPTSTK,BFO,5.000000,14680,False
867405,ASHOKLEY26OCT160PE,ASHOKLEY,29OCT2026,16000.000000,5000,OPTSTK,BFO,5.000000,150000,False
848965,ICICIPRULI26SEP480CE,ICICIPRULI,24SEP2026,48000.000000,925,OPTSTK,BFO,5.000000,60000,False
848971,MAXHEALTH26SEPFUT,MAXHEALTH,24SEP2026,0.000000,525,FUTSTK,BFO,5.000000,100000000,False
848977,KALYANKJIL26SEP380CE,KALYANKJIL,24SEP2026,38000.000000,1350,OPTSTK,BFO,5.000000,100000000,False
848978,PNBHOUSING26SEP1050CE,PNBHOUSING,24SEP2026,105000.000000,650,OPTSTK,BFO,5.000000,100000000,False
867415,BAJAJHLDNG26OCT10300CE,BAJAJHLDNG,29OCT2026,1030000.000000,75,OPTSTK,BFO,5.000000,100000000,False
867432,WAAREEENER26OCT2500CE,WAAREEENER,29OCT2026,250000.000000,175,OPTSTK,BFO,5.000000,100000000,False
867443,TIINDIA26OCT2550CE,TIINDIA,29OCT2026,255000.000000,200,OPTSTK,BFO,5.000000,100000000,False
867448,SWIGGY26SEP330CE,SWIGGY,24SEP2026,33000.000000,1825,OPTSTK,BFO,5.000000,100000000,False
848989,TIINDIA26SEP2920PE,TIINDIA,24SEP2026,292000.000000,200,OPTSTK,BFO,5.000000,100000000,False
849000,CAMS26SEP820PE,CAMS,24SEP2026,82000.000000,825,OPTSTK,BFO,5.000000,100000000,False
849010,TORNTPHARM26SEPFUT,TORNTPHARM,24SEP2026,0.000000,125,FUTSTK,BFO,5.000000,15000,False
849014,BANKINDIA26SEP150PE,BANKINDIA,24SEP2026,15000.000000,5200,OPTSTK,BFO,5.000000,100000000,False
867452,NYKAA26OCT335PE,NYKAA,29OCT2026,33500.000000,3125,OPTSTK,BFO,5.000000,100000000,False
867468,LICHSGFIN26OCT610CE,LICHSGFIN,29OCT2026,61000.000000,1000,OPTSTK,BFO,5.000000,60000,False
867471,LUPIN26OCT2300CE,LUPIN,29OCT2026,230000.000000,425,OPTSTK,BFO,5.000000,34000,False
867472,HCLTECH26OCT1290PE,HCLTECH,29OCT2026,129000.000000,400,OPTSTK,BFO,5.000000,21000,False
867494,INDHOTEL26OCTFUT,INDHOTEL,29OCT2026,0.000000,1000,FUTSTK,BFO,5.000000,60000,False
867495,WIPRO26SEP205PE,WIPRO,24SEP2026,20500.000000,3000,OPTSTK,BFO,5.000000,60000,False
867500,DIXON26OCT14750CE,DIXON,29OCT2026,1475000.000000,50,OPTSTK,BFO,5.000000,6000,False
867505,INDHOTEL26OCT680PE,INDHOTEL,29OCT2026,68000.000000,1000,OPTSTK,BFO,5.000000,60000,False
867508,ICICIGI26OCT1620PE,ICICIGI,29OCT2026,162000.000000,325,OPTSTK,BFO,5.000000,20000,False
867509,SBILIFE26OCT1960PE,SBILIFE,29OCT2026,196000.000000,375,OPTSTK,BFO,5.000000,22500,False
867515,HCLTECH26OCT1280CE,HCLTECH,29OCT2026,128000.000000,400,OPTSTK,BFO,5.000000,21000,False
867534,MOTHERSON26OCT160CE,MOTHERSON,29OCT2026,16000.000000,6150,OPTSTK,BFO,5.000000,284000,False
867544,UNITDSPR26OCT1520PE,UNITDSPR,29OCT2026,152000.000000,400,OPTSTK,BFO,5.000000,28000,False
867556,BANKEX26OCT70000PE,BANKEX,29OCT2026,7000000.000000,30,OPTIDX,BFO,5.000000,900,False
867565,BANDHANBNK26OCT140PE,BANDHANBNK,29OCT2026,14000.000000,3600,OPTSTK,BFO,5.000000,100000,False
867573,INDIGO26OCT4700PE,INDIGO,29OCT2026,470000.000000,150,OPTSTK,BFO,5.000000,12000,False
849017,SUNPHARMA26SEP1800CE,SUNPHARMA,24SEP2026,180000.000000,350,OPTSTK,BFO,5.000000,28000,False
849021,NESTLEIND26SEP1330PE,NESTLEIND,24SEP2026,133000.000000,500,OPTSTK,BFO,5.000000,1200,False
849022,NYKAA26SEP300PE,NYKAA,24SEP2026,30000.000000,3125,OPTSTK,BFO,5.000000,100000000,False
849040,HINDPETRO26SEP355.75CE,HINDPETRO,24SEP2026,35575.000000,2025,OPTSTK,BFO,5.000000,108000,False
867576,COCHINSHIP26OCT1320CE,COCHINSHIP,29OCT2026,132000.000000,400,OPTSTK,BFO,5.000000,100000000,False
867577,SONACOMS26OCT750PE,SONACOMS,29OCT2026,75000.000000,1225,OPTSTK,BFO,5.000000,100000000,False
867597,BANKEX26OCT63900CE,BANKEX,29OCT2026,6390000.000000,30,OPTIDX,BFO,5.000000,900,False
867602,DLF26OCT670CE,DLF,29OCT2026,67000.000000,950,OPTSTK,BFO,5.000000,49500,False
849086,RVNL26SEP270PE,RVNL,24SEP2026,27000.000000,1925,OPTSTK,BFO,5.000000,100000000,False
849107,ONGC26SEP230CE,ONGC,24SEP2026,23000.000000,2250,OPTSTK,BFO,5.000000,154000,False
849109,BHARATFORG26SEP2200CE,BHARATFORG,24SEP2026,220000.000000,500,OPTSTK,BFO,5.000000,30000,False
849123,IOC26SEP137CE,IOC,24SEP2026,13700.000000,4875,OPTSTK,BFO,5.000000,292500,False
867621,ADANIPORTS26OCT1680CE,ADANIPORTS,29OCT2026,168000.000000,475,OPTSTK,BFO,5.000000,32000,False
867622,ABB26OCT6600CE,ABB,29OCT2026,660000.000000,125,OPTSTK,BFO,5.000000,7500,False
867627,BOSCHLTD26OCT38500PE,BOSCHLTD,29OCT2026,3850000.000000,25,OPTSTK,BFO,5.000000,1500,False
867633,CGPOWER26OCT860CE,CGPOWER,29OCT2026,86000.000000,850,OPTSTK,BFO,5.000000,100000000,False
849132,BANKEX26SEP65700CE,BANKEX,24SEP2026,6570000.000000,30,OPTIDX,BFO,5.000000,900,False
849134,BIOCON26SEP390CE,BIOCON,24SEP2026,39000.000000,2500,OPTSTK,BFO,5.000000,100000,False
849136,MOTHERSON26SEP146PE,MOTHERSON,24SEP2026,14600.000000,6150,OPTSTK,BFO,5.000000,284000,False
849141,FOCIT26SEP32000PE,FOCIT,24SEP2026,3200000.000000,45,OPTIDX,BFO,5.000000,1350,False
867649,IDFCFIRSTB26OCT88PE,IDFCFIRSTB,29OCT2026,8800.000000,9275,OPTSTK,BFO,5.000000,450000,False
867660,FOCIT26OCT42500PE,FOCIT,29OCT2026,4250000.000000,45,OPTIDX,BFO,5.000000,1350,False
867670,AMBUJACEM26OCT420PE,AMBUJACEM,29OCT2026,42000.000000,1200,OPTSTK,BFO,5.000000,54000,False
867689,BANKEX26OCT57900PE,BANKEX,29OCT2026,5790000.000000,30,OPTIDX,BFO,5.000000,900,False
867694,JUBLFOOD26OCT475PE,JUBLFOOD,29OCT2026,47500.000000,1250,OPTSTK,BFO,5.000000,50000,False
867695,SENSEX2691772500CE,SENSEX,17SEP2026,7250000.000000,20,OPTIDX,BFO,5.000000,1000,False
867702,SENSEX5026OCT25000PE,SENSEX50,29OCT2026,2500000.000000,75,OPTIDX,BFO,5.000000,1800,False
867719,DIXON26OCT12750PE,DIXON,29OCT2026,1275000.000000,50,OPTSTK,BFO,5.000000,6000,False
849146,BDL26SEP1220PE,BDL,24SEP2026,122000.000000,425,OPTSTK,BFO,5.000000,100000000,False
849150,UNOMINDA26SEP1020PE,UNOMINDA,24SEP2026,102000.000000,550,OPTSTK,BFO,5.000000,100000000,False
849787,SRF26SEP2580CE,SRF,24SEP2026,258000.000000,200,OPTSTK,BFO,5.000000,11250,False
849171,PNB26SEP112PE,PNB,24SEP2026,11200.000000,8000,OPTSTK,BFO,5.000000,480000,False
867733,SENSEX26OCT79300CE,SENSEX,29OCT2026,7930000.000000,20,OPTIDX,BFO,5.000000,1000,False
867738,NAUKRI26OCT1340CE,NAUKRI,29OCT2026,134000.000000,550,OPTSTK,BFO,5.000000,6000,False
867742,BPCL26OCT280CE,BPCL,29OCT2026,28000.000000,1975,OPTSTK,BFO,5.000000,72000,False
867751,BOSCHLTD26OCT42500PE,BOSCHLTD,29OCT2026,4250000.000000,25,OPTSTK,BFO,5.000000,1500,False
849809,TIINDIA26SEP2880CE,TIINDIA,24SEP2026,288000.000000,200,OPTSTK,BFO,5.000000,100000000,False
849812,MARICO26SEP865CE,MARICO,24SEP2026,86500.000000,1200,OPTSTK,BFO,5.000000,48000,False
849822,TVSMOTOR26SEP3320CE,TVSMOTOR,24SEP2026,332000.000000,175,OPTSTK,BFO,5.000000,21000,False
849830,BRITANNIA26SEP4750PE,BRITANNIA,24SEP2026,475000.000000,125,OPTSTK,BFO,5.000000,6000,False
867752,GLENMARK26OCT2340PE,GLENMARK,29OCT2026,234000.000000,375,OPTSTK,BFO,5.000000,43500,False
867754,MARICO26OCT830CE,MARICO,29OCT2026,83000.000000,1200,OPTSTK,BFO,5.000000,48000,False
867773,BANDHANBNK26OCT145PE,BANDHANBNK,29OCT2026,14500.000000,3600,OPTSTK,BFO,5.000000,100000,False
867774,BANKEX26OCT67900PE,BANKEX,29OCT2026,6790000.000000,30,OPTIDX,BFO,5.000000,900,False
849839,MPHASIS26SEP1998CE,MPHASIS,24SEP2026,199800.000000,275,OPTSTK,BFO,5.000000,11000,False
849842,RELIANCE26SEP1230PE,RELIANCE,24SEP2026,123000.000000,500,OPTSTK,BFO,5.000000,10000,False
849853,INDHOTEL26SEP680CE,INDHOTEL,24SEP2026,68000.000000,1000,OPTSTK,BFO,5.000000,60000,False
849871,TVSMOTOR26SEP3340CE,TVSMOTOR,24SEP2026,334000.000000,175,OPTSTK,BFO,5.000000,21000,False
867781,SENSEX26OCT73300CE,SENSEX,29OCT2026,7330000.000000,20,OPTIDX,BFO,5.000000,1000,False
867786,ADANIGREEN26OCT1280CE,ADANIGREEN,29OCT2026,128000.000000,600,OPTSTK,BFO,5.000000,100000000,False
867796,ICICIPRULI26OCT495PE,ICICIPRULI,29OCT2026,49500.000000,925,OPTSTK,BFO,5.000000,60000,False
867803,PNBHOUSING26OCT1140CE,PNBHOUSING,29OCT2026,114000.000000,650,OPTSTK,BFO,5.000000,100000000,False
849937,FORCEMOT26SEP14500CE,FORCEMOT,24SEP2026,1450000.000000,25,OPTSTK,BFO,5.000000,100000000,False
849943,POWERGRID26SEP305CE,POWERGRID,24SEP2026,30500.000000,1900,OPTSTK,BFO,5.000000,108000,False
849944,BDL26SEP1200CE,BDL,24SEP2026,120000.000000,425,OPTSTK,BFO,5.000000,100000000,False
849907,MFSL26SEP1460CE,MFSL,24SEP2026,146000.000000,400,OPTSTK,BFO,5.000000,32000,False
867804,GMRAIRPORT26OCT106PE,GMRAIRPORT,29OCT2026,10600.000000,6975,OPTSTK,BFO,5.000000,675000,False
867806,SENSEX26OCT80300PE,SENSEX,29OCT2026,8030000.000000,20,OPTIDX,BFO,5.000000,1000,False
867807,BHARTIARTL26OCT1860PE,BHARTIARTL,29OCT2026,186000.000000,475,OPTSTK,BFO,5.000000,28500,False
867820,FOCIT26OCT36100CE,FOCIT,29OCT2026,3610000.000000,45,OPTIDX,BFO,5.000000,1350,False
849955,ABB26SEP7450CE,ABB,24SEP2026,745000.000000,125,OPTSTK,BFO,5.000000,7500,False
849959,MAZDOCK26SEP2320CE,MAZDOCK,24SEP2026,232000.000000,225,OPTSTK,BFO,5.000000,100000000,False
849963,SBIN26SEP970PE,SBIN,24SEP2026,97000.000000,750,OPTSTK,BFO,5.000000,45000,False
849972,BAJAJ-AUTO26SEP8900CE,BAJAJ-AUTO,24SEP2026,890000.000000,75,OPTSTK,BFO,5.000000,5000,False
849976,UNITDSPR26SEP1300CE,UNITDSPR,24SEP2026,130000.000000,400,OPTSTK,BFO,5.000000,28000,False
849980,SENSEX5026SEP24150CE,SENSEX50,24SEP2026,2415000.000000,75,OPTIDX,BFO,5.000000,1800,False
849983,LICHSGFIN26SEP590PE,LICHSGFIN,24SEP2026,59000.000000,1000,OPTSTK,BFO,5.000000,60000,False
849986,PERSISTENT26SEP4100PE,PERSISTENT,24SEP2026,410000.000000,125,OPTSTK,BFO,5.000000,5250,False
867823,APLAPOLLO26OCT1980CE,APLAPOLLO,29OCT2026,198000.000000,350,OPTSTK,BFO,5.000000,100000000,False
867831,ULTRACEMCO26OCT11500PE,ULTRACEMCO,29OCT2026,1150000.000000,50,OPTSTK,BFO,5.000000,3000,False
867840,360ONE26OCT1020CE,,29OCT2026,102000.000000,500,OPTSTK,BFO,5.000000,100000000,False
867841,LTF26OCT310CE,LTF,29OCT2026,31000.000000,2250,OPTSTK,BFO,5.000000,267720,False
849993,KEI26SEP5700PE,KEI,24SEP2026,570000.000000,175,OPTSTK,BFO,5.000000,100000000,False
850002,NHPC26SEP88PE,NHPC,24SEP2026,8800.000000,6950,OPTSTK,BFO,5.000000,100000000,False
867844,MANKIND26OCTFUT,MANKIND,29OCT2026,0.000000,250,FUTSTK,BFO,5.000000,100000000,False
867845,FOCIT26SEP37100PE,FOCIT,24SEP2026,3710000.000000,45,OPTIDX,BFO,5.000000,1350,False
867866,PERSISTENT26OCT6100PE,PERSISTENT,29OCT2026,610000.000000,125,OPTSTK,BFO,5.000000,5250,False
867883,SBIN26OCT1060PE,SBIN,29OCT2026,106000.000000,750,OPTSTK,BFO,5.000000,45000,False
849999,NAM-INDIA26SEP1300CE,NAM-INDIA,24SEP2026,130000.000000,625,OPTSTK,BFO,5.000000,100000000,False
850001,ZYDUSLIFE26SEP1180CE,ZYDUSLIFE,24SEP2026,118000.000000,900,OPTSTK,BFO,5.000000,54000,False
867888,LTM26OCT4700CE,LTM,29OCT2026,470000.000000,150,OPTSTK,BFO,5.000000,4500,False
867890,SONACOMS26OCT790CE,SONACOMS,29OCT2026,79000.000000,1225,OPTSTK,BFO,5.000000,100000000,False
867893,PAYTM26OCT1380CE,PAYTM,29OCT2026,138000.000000,725,OPTSTK,BFO,5.000000,100000000,False
867900,KFINTECH26OCT880PE,KFINTECH,29OCT2026,88000.000000,575,OPTSTK,BFO,5.000000,100000000,False
850014,KOTAKBANK26SEP377.5CE,KOTAKBANK,24SEP2026,37750.000000,2000,OPTSTK,BFO,5.000000,12000,False
850040,BOSCHLTD26SEP38500CE,BOSCHLTD,24SEP2026,3850000.000000,25,OPTSTK,BFO,5.000000,1500,False
850049,DLF26SEP580PE,DLF,24SEP2026,58000.000000,950,OPTSTK,BFO,5.000000,49500,False
850053,TVSMOTOR26SEP3400CE,TVSMOTOR,24SEP2026,340000.000000,175,OPTSTK,BFO,5.000000,21000,False
867902,LICI26OCT435CE,LICI,29OCT2026,43500.000000,1400,OPTSTK,BFO,5.000000,100000000,False
867917,MOTHERSON26OCT140PE,MOTHERSON,29OCT2026,14000.000000,6150,OPTSTK,BFO,5.000000,284000,False
867919,PAGEIND26OCT38000CE,PAGEIND,29OCT2026,3800000.000000,20,OPTSTK,BFO,5.000000,600,False
867922,FEDERALBNK26OCT370CE,FEDERALBNK,29OCT2026,37000.000000,2500,OPTSTK,BFO,5.000000,200000,False
850092,M&M26SEP3000PE,M&M,24SEP2026,300000.000000,200,OPTSTK,BFO,5.000000,21000,False
850105,VBL26SEP470PE,VBL,24SEP2026,47000.000000,1275,OPTSTK,BFO,5.000000,100000000,False
850138,ICICIGI26SEP1620CE,ICICIGI,24SEP2026,162000.000000,325,OPTSTK,BFO,5.000000,20000,False
850143,PREMIERENE26SEP970CE,PREMIERENE,24SEP2026,97000.000000,650,OPTSTK,BFO,5.000000,100000000,False
867935,ITC26OCT282.5PE,ITC,29OCT2026,28250.000000,1725,OPTSTK,BFO,5.000000,64000,False
867936,FOCIT26OCT40100CE,FOCIT,29OCT2026,4010000.000000,45,OPTIDX,BFO,5.000000,1350,False
867943,ITC26OCT287.5CE,ITC,29OCT2026,28750.000000,1725,OPTSTK,BFO,5.000000,64000,False
867960,ASIANPAINT26OCT2660PE,ASIANPAINT,29OCT2026,266000.000000,250,OPTSTK,BFO,5.000000,8000,False
850154,SRF26SEP2580PE,SRF,24SEP2026,258000.000000,200,OPTSTK,BFO,5.000000,11250,False
850157,M&M26SEP2980PE,M&M,24SEP2026,298000.000000,200,OPTSTK,BFO,5.000000,21000,False
850163,NATIONALUM26SEP370CE,NATIONALUM,24SEP2026,37000.000000,1875,OPTSTK,BFO,5.000000,300000,False
850173,NHPC26SEP89PE,NHPC,24SEP2026,8900.000000,6950,OPTSTK,BFO,5.000000,100000000,False
867964,HAL26OCTFUT,HAL,29OCT2026,0.000000,150,FUTSTK,BFO,5.000000,9000,False
868025,HINDUNILVR26OCT2180PE,HINDUNILVR,29OCT2026,218000.000000,300,OPTSTK,BFO,5.000000,9000,False
868037,SIEMENS26OCT3750PE,SIEMENS,29OCT2026,375000.000000,175,OPTSTK,BFO,5.000000,8250,False
868056,UNOMINDA26OCT1100CE,UNOMINDA,29OCT2026,110000.000000,550,OPTSTK,BFO,5.000000,100000000,False
850174,COCHINSHIP26SEP1300CE,COCHINSHIP,24SEP2026,130000.000000,400,OPTSTK,BFO,5.000000,100000000,False
850200,BRITANNIA26SEP4850CE,BRITANNIA,24SEP2026,485000.000000,125,OPTSTK,BFO,5.000000,6000,False
850209,NATIONALUM26SEP375CE,NATIONALUM,24SEP2026,37500.000000,1875,OPTSTK,BFO,5.000000,300000,False
850214,GLENMARK26SEP2320PE,GLENMARK,24SEP2026,232000.000000,375,OPTSTK,BFO,5.000000,43500,False
868070,COALINDIA26OCT420CE,COALINDIA,29OCT2026,42000.000000,1350,OPTSTK,BFO,5.000000,126000,False
868086,CGPOWER26OCT840PE,CGPOWER,29OCT2026,84000.000000,850,OPTSTK,BFO,5.000000,100000000,False
868103,BANKEX26OCT63200CE,BANKEX,29OCT2026,6320000.000000,30,OPTIDX,BFO,5.000000,900,False
868161,RECLTD26OCT405PE,RECLTD,29OCT2026,40500.000000,1575,OPTSTK,BFO,5.000000,160000,False
850225,LT26SEP4060CE,LT,24SEP2026,406000.000000,175,OPTSTK,BFO,5.000000,12000,False
850242,UNITDSPR26SEP1280CE,UNITDSPR,24SEP2026,128000.000000,400,OPTSTK,BFO,5.000000,28000,False
850261,ABB26SEP7400CE,ABB,24SEP2026,740000.000000,125,OPTSTK,BFO,5.000000,7500,False
850272,TIINDIA26SEP2900PE,TIINDIA,24SEP2026,290000.000000,200,OPTSTK,BFO,5.000000,100000000,False
868169,MOTILALOFS26OCT820PE,MOTILALOFS,29OCT2026,82000.000000,775,OPTSTK,BFO,5.000000,100000000,False
868194,SWIGGY26OCT300PE,SWIGGY,29OCT2026,30000.000000,1825,OPTSTK,BFO,5.000000,100000000,False
868204,HYUNDAI26OCT2080PE,HYUNDAI,29OCT2026,208000.000000,275,OPTSTK,BFO,5.000000,100000000,False
868206,SBILIFE26OCT2020PE,SBILIFE,29OCT2026,202000.000000,375,OPTSTK,BFO,5.000000,22500,False
850299,INDHOTEL26SEP675CE,INDHOTEL,24SEP2026,67500.000000,1000,OPTSTK,BFO,5.000000,60000,False
850319,HAVELLS26SEP1090PE,HAVELLS,24SEP2026,109000.000000,500,OPTSTK,BFO,5.000000,20000,False
850342,BANKBARODA26SEP260PE,BANKBARODA,24SEP2026,26000.000000,2925,OPTSTK,BFO,5.000000,175500,False
850356,NAM-INDIA26SEP1300PE,NAM-INDIA,24SEP2026,130000.000000,625,OPTSTK,BFO,5.000000,100000000,False
868214,WIPRO26OCT177.5CE,WIPRO,29OCT2026,17750.000000,3000,OPTSTK,BFO,5.000000,60000,False
868231,M&M26OCT3050CE,M&M,29OCT2026,305000.000000,200,OPTSTK,BFO,5.000000,21000,False
868233,RVNL26OCT210PE,RVNL,29OCT2026,21000.000000,1925,OPTSTK,BFO,5.000000,100000000,False
868238,MARICO26OCTFUT,MARICO,29OCT2026,0.000000,1200,FUTSTK,BFO,5.000000,48000,False
850374,JINDALSTEL26SEP1140CE,JINDALSTEL,24SEP2026,114000.000000,625,OPTSTK,BFO,5.000000,37500,False
850389,UNOMINDA26SEP980CE,UNOMINDA,24SEP2026,98000.000000,550,OPTSTK,BFO,5.000000,100000000,False
850397,BANKEX26SEP58400CE,BANKEX,24SEP2026,5840000.000000,30,OPTIDX,BFO,5.000000,900,False
850420,APLAPOLLO26SEP1640CE,APLAPOLLO,24SEP2026,164000.000000,350,OPTSTK,BFO,5.000000,100000000,False
868241,INDIANB26OCT840CE,INDIANB,29OCT2026,84000.000000,1000,OPTSTK,BFO,5.000000,100000000,False
868246,BANKEX26OCT59500PE,BANKEX,29OCT2026,5950000.000000,30,OPTIDX,BFO,5.000000,900,False
868266,FOCIT26SEP32100PE,FOCIT,24SEP2026,3210000.000000,45,OPTIDX,BFO,5.000000,1350,False
868267,TMPV26OCT335CE,TMPV,29OCT2026,33500.000000,1600,OPTSTK,BFO,5.000000,42750,False
850426,MARUTI26SEP12700PE,MARUTI,24SEP2026,1270000.000000,50,OPTSTK,BFO,5.000000,3000,False
850439,COCHINSHIP26SEP1280PE,COCHINSHIP,24SEP2026,128000.000000,400,OPTSTK,BFO,5.000000,100000000,False
850450,LUPIN26SEP2540CE,LUPIN,24SEP2026,254000.000000,425,OPTSTK,BFO,5.000000,34000,False
850453,KOTAKBANK26SEP387.5CE,KOTAKBANK,24SEP2026,38750.000000,2000,OPTSTK,BFO,5.000000,12000,False
868269,SENSEX2691781100PE,SENSEX,17SEP2026,8110000.000000,20,OPTIDX,BFO,5.000000,1000,False
868311,ADANIENT26OCT3350PE,ADANIENT,29OCT2026,335000.000000,309,OPTSTK,BFO,5.000000,9000,False
868313,GODFRYPHLP26OCT1900CE,GODFRYPHLP,29OCT2026,190000.000000,275,OPTSTK,BFO,5.000000,100000000,False
868322,BANKINDIA26OCT127.5PE,BANKINDIA,29OCT2026,12750.000000,5200,OPTSTK,BFO,5.000000,100000000,False
850456,NTPC26SEP372.5PE,NTPC,24SEP2026,37250.000000,1500,OPTSTK,BFO,5.000000,150000,False
850461,JSWENERGY26SEP615CE,JSWENERGY,24SEP2026,61500.000000,1075,OPTSTK,BFO,5.000000,100000000,False
850465,KEI26SEP5700CE,KEI,24SEP2026,570000.000000,175,OPTSTK,BFO,5.000000,100000000,False
850473,ADANIPORTS26SEP1640PE,ADANIPORTS,24SEP2026,164000.000000,475,OPTSTK,BFO,5.000000,32000,False
868326,PFC26OCT410PE,PFC,29OCT2026,41000.000000,1300,OPTSTK,BFO,5.000000,124000,False
868344,FOCIT26SEP44400PE,FOCIT,24SEP2026,4440000.000000,45,OPTIDX,BFO,5.000000,1350,False
868350,VEDL26OCT250PE,VEDL,29OCT2026,25000.000000,1150,OPTSTK,BFO,5.000000,80000,False
868351,HAL26OCT4400CE,HAL,29OCT2026,440000.000000,150,OPTSTK,BFO,5.000000,9000,False
850477,BHEL26SEP422.5CE,BHEL,24SEP2026,42250.000000,2625,OPTSTK,BFO,5.000000,315000,False
850506,GODFRYPHLP26SEP2080PE,GODFRYPHLP,24SEP2026,208000.000000,275,OPTSTK,BFO,5.000000,100000000,False
868354,NAUKRI26OCT1380CE,NAUKRI,29OCT2026,138000.000000,550,OPTSTK,BFO,5.000000,6000,False
868360,BANKEX26OCT61200PE,BANKEX,29OCT2026,6120000.000000,30,OPTIDX,BFO,5.000000,900,False
868380,CUMMINSIND26OCT4800PE,CUMMINSIND,29OCT2026,480000.000000,200,OPTSTK,BFO,5.000000,18000,False
868387,MAZDOCK26OCT2200CE,MAZDOCK,29OCT2026,220000.000000,225,OPTSTK,BFO,5.000000,100000000,False
850480,TATAELXSI26SEP3650PE,TATAELXSI,24SEP2026,365000.000000,125,OPTSTK,BFO,5.000000,100000000,False
850500,ASTRAL26SEP1220CE,ASTRAL,24SEP2026,122000.000000,425,OPTSTK,BFO,5.000000,14680,False
868411,TATASTEEL26OCT205CE,TATASTEEL,29OCT2026,20500.000000,2750,OPTSTK,BFO,5.000000,220000,False
868412,FOCIT26OCT38600CE,FOCIT,29OCT2026,3860000.000000,45,OPTIDX,BFO,5.000000,1350,False
868414,BAJAJFINSV26OCTFUT,BAJAJFINSV,29OCT2026,0.000000,300,FUTSTK,BFO,5.000000,20000,False
868425,BANKEX26OCT71200PE,BANKEX,29OCT2026,7120000.000000,30,OPTIDX,BFO,5.000000,900,False
850509,DRREDDY26SEP1430CE,DRREDDY,24SEP2026,143000.000000,625,OPTSTK,BFO,5.000000,5000,False
850517,BRITANNIA26SEP4800CE,BRITANNIA,24SEP2026,480000.000000,125,OPTSTK,BFO,5.000000,6000,False
850533,SENSEX5026SEP24050CE,SENSEX50,24SEP2026,2405000.000000,75,OPTIDX,BFO,5.000000,1800,False
850534,COCHINSHIP26SEP1300PE,COCHINSHIP,24SEP2026,130000.000000,400,OPTSTK,BFO,5.000000,100000000,False
868427,BRITANNIA26OCT5450PE,BRITANNIA,29OCT2026,545000.000000,125,OPTSTK,BFO,5.000000,6000,False
868430,ADANIPOWER26OCT190CE,ADANIPOWER,29OCT2026,19000.000000,3550,OPTSTK,BFO,5.000000,100000000,False
868432,PATANJALI26OCTFUT,PATANJALI,29OCT2026,0.000000,1075,FUTSTK,BFO,5.000000,100000000,False
868434,PGEL26OCT550CE,PGEL,29OCT2026,55000.000000,950,OPTSTK,BFO,5.000000,100000000,False
850542,PREMIERENE26SEP960CE,PREMIERENE,24SEP2026,96000.000000,650,OPTSTK,BFO,5.000000,100000000,False
850551,CANBK26SEP120PE,CANBK,24SEP2026,12000.000000,6750,OPTSTK,BFO,5.000000,81000,False
850568,RADICO26SEP4600CE,RADICO,24SEP2026,460000.000000,150,OPTSTK,BFO,5.000000,100000000,False
850584,PERSISTENT26SEP4450PE,PERSISTENT,24SEP2026,445000.000000,125,OPTSTK,BFO,5.000000,5250,False
868439,TITAN26OCT5100CE,TITAN,29OCT2026,510000.000000,175,OPTSTK,BFO,5.000000,11250,False
868451,360ONE26OCT1060CE,,29OCT2026,106000.000000,500,OPTSTK,BFO,5.000000,100000000,False
868464,ADANIPORTS26OCT1520CE,ADANIPORTS,29OCT2026,152000.000000,475,OPTSTK,BFO,5.000000,32000,False
868506,MANKIND26OCT2520PE,MANKIND,29OCT2026,252000.000000,250,OPTSTK,BFO,5.000000,100000000,False
850588,SOLARINDS26SEP19500CE,SOLARINDS,24SEP2026,1950000.000000,50,OPTSTK,BFO,5.000000,100000000,False
850611,GMRAIRPORT26SEP117CE,GMRAIRPORT,24SEP2026,11700.000000,6975,OPTSTK,BFO,5.000000,675000,False
850614,ADANIGREEN26SEP1440PE,ADANIGREEN,24SEP2026,144000.000000,600,OPTSTK,BFO,5.000000,100000000,False
850616,KPITTECH26SEP640PE,KPITTECH,24SEP2026,64000.000000,775,OPTSTK,BFO,5.000000,100000000,False
868511,PFC26OCT415PE,PFC,29OCT2026,41500.000000,1300,OPTSTK,BFO,5.000000,124000,False
868537,FOCIT26SEP43600PE,FOCIT,24SEP2026,4360000.000000,45,OPTIDX,BFO,5.000000,1350,False
868540,SENSEX2691784400PE,SENSEX,17SEP2026,8440000.000000,20,OPTIDX,BFO,5.000000,1000,False
868549,NMDC26OCT85CE,NMDC,29OCT2026,8500.000000,6750,OPTSTK,BFO,5.000000,225000,False
868557,INOXWIND26OCT65PE,INOXWIND,29OCT2026,6500.000000,6400,OPTSTK,BFO,5.000000,100000000,False
868566,INDIGO26OCT5800CE,INDIGO,29OCT2026,580000.000000,150,OPTSTK,BFO,5.000000,12000,False
868591,BAJAJFINSV26OCT1920PE,BAJAJFINSV,29OCT2026,192000.000000,300,OPTSTK,BFO,5.000000,20000,False
868595,UNOMINDA26OCT1300CE,UNOMINDA,29OCT2026,130000.000000,550,OPTSTK,BFO,5.000000,100000000,False
850618,MAXHEALTH26SEP1200PE,MAXHEALTH,24SEP2026,120000.000000,525,OPTSTK,BFO,5.000000,100000000,False
850639,M&M26SEP3050CE,M&M,24SEP2026,305000.000000,200,OPTSTK,BFO,5.000000,21000,False
850663,NATIONALUM26SEP390PE,NATIONALUM,24SEP2026,39000.000000,1875,OPTSTK,BFO,5.000000,300000,False
850669,MOTHERSON26SEP130CE,MOTHERSON,24SEP2026,13000.000000,6150,OPTSTK,BFO,5.000000,284000,False
868620,JINDALSTEL26OCT1120PE,JINDALSTEL,29OCT2026,112000.000000,625,OPTSTK,BFO,5.000000,37500,False
868627,PAGEIND26OCT44500CE,PAGEIND,29OCT2026,4450000.000000,20,OPTSTK,BFO,5.000000,600,False
868642,FOCIT26OCT32000PE,FOCIT,29OCT2026,3200000.000000,45,OPTIDX,BFO,5.000000,1350,False
868651,FOCIT26OCT36600PE,FOCIT,29OCT2026,3660000.000000,45,OPTIDX,BFO,5.000000,1350,False
850683,NYKAA26SEP340CE,NYKAA,24SEP2026,34000.000000,3125,OPTSTK,BFO,5.000000,100000000,False
850721,SRF26SEP2650CE,SRF,24SEP2026,265000.000000,200,OPTSTK,BFO,5.000000,11250,False
850731,NYKAA26SEP275CE,NYKAA,24SEP2026,27500.000000,3125,OPTSTK,BFO,5.000000,100000000,False
850738,IEX26SEP117.5CE,IEX,24SEP2026,11750.000000,4350,OPTSTK,BFO,5.000000,150000,False
868687,RELIANCE26OCT1230PE,RELIANCE,29OCT2026,123000.000000,500,OPTSTK,BFO,5.000000,10000,False
868689,FORTIS26OCT1010PE,FORTIS,29OCT2026,101000.000000,775,OPTSTK,BFO,5.000000,100000000,False
868701,ZYDUSLIFE26OCT1050CE,ZYDUSLIFE,29OCT2026,105000.000000,900,OPTSTK,BFO,5.000000,54000,False
868895,BIOCON26OCT460CE,BIOCON,29OCT2026,46000.000000,2500,OPTSTK,BFO,5.000000,100000,False
869087,GAIL26OCT162.5PE,GAIL,29OCT2026,16250.000000,3550,OPTSTK,BFO,5.000000,274500,False
869123,KAYNES26OCT3400PE,KAYNES,29OCT2026,340000.000000,150,OPTSTK,BFO,5.000000,100000000,False
869166,FOCIT26OCT44300PE,FOCIT,29OCT2026,4430000.000000,45,OPTIDX,BFO,5.000000,1350,False
869247,YESBANK26OCT16PE,YESBANK,29OCT2026,1600.000000,31100,OPTSTK,BFO,5.000000,100000000,False
850752,TIINDIA26SEP2950CE,TIINDIA,24SEP2026,295000.000000,200,OPTSTK,BFO,5.000000,100000000,False
850768,SONACOMS26SEP690CE,SONACOMS,24SEP2026,69000.000000,1225,OPTSTK,BFO,5.000000,100000000,False
850774,BOSCHLTD26SEP43000PE,BOSCHLTD,24SEP2026,4300000.000000,25,OPTSTK,BFO,5.000000,1500,False
850793,NAUKRI26SEP1100PE,NAUKRI,24SEP2026,110000.000000,550,OPTSTK,BFO,5.000000,6000,False
850833,NBCC26SEP107.5PE,NBCC,24SEP2026,10750.000000,6500,OPTSTK,BFO,5.000000,100000000,False
850878,MOTHERSON26SEP147.5PE,MOTHERSON,24SEP2026,14750.000000,6150,OPTSTK,BFO,5.000000,284000,False
850996,TCS26SEP1920PE,TCS,24SEP2026,192000.000000,225,OPTSTK,BFO,5.000000,7000,False
851001,NESTLEIND26SEP1480PE,NESTLEIND,24SEP2026,148000.000000,500,OPTSTK,BFO,5.000000,1200,False
869431,NTPC26OCT365CE,NTPC,29OCT2026,36500.000000,1500,OPTSTK,BFO,5.000000,150000,False
869673,TRENT26OCT2800PE,TRENT,29OCT2026,280000.000000,225,OPTSTK,BFO,5.000000,16000,False
869682,IRFC26OCTFUT,IRFC,29OCT2026,0.000000,5425,FUTSTK,BFO,5.000000,100000000,False
869857,DRREDDY26OCT1090CE,DRREDDY,29OCT2026,109000.000000,625,OPTSTK,BFO,5.000000,5000,False
851011,ADANIGREEN26SEP1400PE,ADANIGREEN,24SEP2026,140000.000000,600,OPTSTK,BFO,5.000000,100000000,False
851016,IEX26SEP132.5PE,IEX,24SEP2026,13250.000000,4350,OPTSTK,BFO,5.000000,150000,False
851051,VMM26SEP125CE,VMM,24SEP2026,12500.000000,4850,OPTSTK,BFO,5.000000,100000000,False
851062,PATANJALI26SEP375PE,PATANJALI,24SEP2026,37500.000000,1075,OPTSTK,BFO,5.000000,100000000,False
869862,SENSEX2691778900CE,SENSEX,17SEP2026,7890000.000000,20,OPTIDX,BFO,5.000000,1000,False
869901,WIPRO26OCT185CE,WIPRO,29OCT2026,18500.000000,3000,OPTSTK,BFO,5.000000,60000,False
870027,FOCIT26SEP34600PE,FOCIT,24SEP2026,3460000.000000,45,OPTIDX,BFO,5.000000,1350,False
870108,POWERINDIA26OCT31500CE,POWERINDIA,29OCT2026,3150000.000000,25,OPTSTK,BFO,5.000000,100000000,False
851088,CROMPTON26SEP300PE,CROMPTON,24SEP2026,30000.000000,2150,OPTSTK,BFO,5.000000,90000,False
851103,TIINDIA26SEP2700CE,TIINDIA,24SEP2026,270000.000000,200,OPTSTK,BFO,5.000000,100000000,False
851106,INOXWIND26SEP107.5CE,INOXWIND,24SEP2026,10750.000000,6400,OPTSTK,BFO,5.000000,100000000,False
851112,DIXON26SEP13000PE,DIXON,24SEP2026,1300000.000000,50,OPTSTK,BFO,5.000000,6000,False
851167,NATIONALUM26SEP270PE,NATIONALUM,24SEP2026,27000.000000,1875,OPTSTK,BFO,5.000000,300000,False
851184,HDFCAMC26SEP2650CE,HDFCAMC,24SEP2026,265000.000000,300,OPTSTK,BFO,5.000000,12000,False
851216,AXISBANK26SEP1240CE,AXISBANK,24SEP2026,124000.000000,625,OPTSTK,BFO,5.000000,25000,False
851222,IREDA26SEP112.5CE,IREDA,24SEP2026,11250.000000,4525,OPTSTK,BFO,5.000000,100000000,False
870143,ANGELONE26OCT280PE,ANGELONE,29OCT2026,28000.000000,2500,OPTSTK,BFO,5.000000,100000000,False
870268,SRF26OCT2950PE,SRF,29OCT2026,295000.000000,200,OPTSTK,BFO,5.000000,11250,False
870383,BANKEX26OCT67400PE,BANKEX,29OCT2026,6740000.000000,30,OPTIDX,BFO,5.000000,900,False
870655,PFC26OCT450PE,PFC,29OCT2026,45000.000000,1300,OPTSTK,BFO,5.000000,124000,False
851248,TVSMOTOR26SEP3100PE,TVSMOTOR,24SEP2026,310000.000000,175,OPTSTK,BFO,5.000000,21000,False
851267,FOCIT26SEP25000PE,FOCIT,24SEP2026,2500000.000000,45,OPTIDX,BFO,5.000000,1350,False
851269,PAGEIND26SEP44500PE,PAGEIND,24SEP2026,4450000.000000,20,OPTSTK,BFO,5.000000,600,False
851287,HEROMOTOCO26SEP5500CE,HEROMOTOCO,24SEP2026,550000.000000,150,OPTSTK,BFO,5.000000,9000,False
870710,FOCIT26SEP42300PE,FOCIT,24SEP2026,4230000.000000,45,OPTIDX,BFO,5.000000,1350,False
870753,HCLTECH26OCT1320CE,HCLTECH,29OCT2026,132000.000000,400,OPTSTK,BFO,5.000000,21000,False
870831,DRREDDY26OCT1160CE,DRREDDY,29OCT2026,116000.000000,625,OPTSTK,BFO,5.000000,5000,False
870972,IRFC26OCT86CE,IRFC,29OCT2026,8600.000000,5425,OPTSTK,BFO,5.000000,100000000,False
851295,PNBHOUSING26SEP1120PE,PNBHOUSING,24SEP2026,112000.000000,650,OPTSTK,BFO,5.000000,100000000,False
851352,BOSCHLTD26SEP38000CE,BOSCHLTD,24SEP2026,3800000.000000,25,OPTSTK,BFO,5.000000,1500,False
851361,HINDPETRO26SEP320.75PE,HINDPETRO,24SEP2026,32075.000000,2025,OPTSTK,BFO,5.000000,108000,False
851367,ETERNAL26SEP290PE,ETERNAL,24SEP2026,29000.000000,2425,OPTSTK,BFO,5.000000,100000000,False
871016,LODHA26OCT1320PE,LODHA,29OCT2026,132000.000000,625,OPTSTK,BFO,5.000000,100000000,False
871147,SENSEX26OCT71400CE,SENSEX,29OCT2026,7140000.000000,20,OPTIDX,BFO,5.000000,1000,False
871451,BLUESTARCO26OCT1600CE,BLUESTARCO,29OCT2026,160000.000000,325,OPTSTK,BFO,5.000000,100000000,False
871758,PERSISTENT26OCT5800CE,PERSISTENT,29OCT2026,580000.000000,125,OPTSTK,BFO,5.000000,5250,False
851416,NBCC26SEP117.5CE,NBCC,24SEP2026,11750.000000,6500,OPTSTK,BFO,5.000000,100000000,False
851473,NAUKRI26SEP860PE,NAUKRI,24SEP2026,86000.000000,550,OPTSTK,BFO,5.000000,6000,False
851496,SONACOMS26SEP680CE,SONACOMS,24SEP2026,68000.000000,1225,OPTSTK,BFO,5.000000,100000000,False
851557,PIIND26SEP2550CE,PIIND,24SEP2026,255000.000000,175,OPTSTK,BFO,5.000000,7500,False
871800,DELHIVERY26OCT475PE,DELHIVERY,29OCT2026,47500.000000,2075,OPTSTK,BFO,5.000000,100000000,False
871851,SENSEX2691776000PE,SENSEX,17SEP2026,7600000.000000,20,OPTIDX,BFO,5.000000,1000,False
871877,SENSEX2691778300PE,SENSEX,17SEP2026,7830000.000000,20,OPTIDX,BFO,5.000000,1000,False
872006,TATAELXSI26OCT3450CE,TATAELXSI,29OCT2026,345000.000000,125,OPTSTK,BFO,5.000000,100000000,False
851563,NYKAA26SEP335PE,NYKAA,24SEP2026,33500.000000,3125,OPTSTK,BFO,5.000000,100000000,False
851565,BANDHANBNK26SEP230PE,BANDHANBNK,24SEP2026,23000.000000,3600,OPTSTK,BFO,5.000000,100000,False
851569,TATACONSUM26SEP1020PE,TATACONSUM,24SEP2026,102000.000000,550,OPTSTK,BFO,5.000000,36000,False
851610,PIDILITIND26SEP1520CE,PIDILITIND,24SEP2026,152000.000000,500,OPTSTK,BFO,5.000000,10000,False
872020,PGEL26OCT590CE,PGEL,29OCT2026,59000.000000,950,OPTSTK,BFO,5.000000,100000000,False
872446,GODREJCP26OCT1120CE,GODREJCP,29OCT2026,112000.000000,500,OPTSTK,BFO,5.000000,30000,False
872497,MANAPPURAM26OCT385CE,MANAPPURAM,29OCT2026,38500.000000,3000,OPTSTK,BFO,5.000000,180000,False
872499,HINDUNILVR26OCT2000PE,HINDUNILVR,29OCT2026,200000.000000,300,OPTSTK,BFO,5.000000,9000,False
851628,DLF26SEP670CE,DLF,24SEP2026,67000.000000,950,OPTSTK,BFO,5.000000,49500,False
851648,HAVELLS26SEP1020CE,HAVELLS,24SEP2026,102000.000000,500,OPTSTK,BFO,5.000000,20000,False
851703,GMRAIRPORT26SEP119CE,GMRAIRPORT,24SEP2026,11900.000000,6975,OPTSTK,BFO,5.000000,675000,False
851716,ABB26SEP6300PE,ABB,24SEP2026,630000.000000,125,OPTSTK,BFO,5.000000,7500,False
872542,INDUSTOWER26OCT376CE,INDUSTOWER,29OCT2026,37600.000000,1700,OPTSTK,BFO,5.000000,170000,False
872543,IDFCFIRSTB26OCT80PE,IDFCFIRSTB,29OCT2026,8000.000000,9275,OPTSTK,BFO,5.000000,450000,False
872760,KFINTECH26OCT920CE,KFINTECH,29OCT2026,92000.000000,575,OPTSTK,BFO,5.000000,100000000,False
872790,KOTAKBANK26OCT375CE,KOTAKBANK,29OCT2026,37500.000000,2000,OPTSTK,BFO,5.000000,12000,False
851756,SENSEX30JUN71000CE,SENSEX,27JUN2030,7100000.000000,20,OPTIDX,BFO,5.000000,1000,False
851758,PIIND26SEP2750CE,PIIND,24SEP2026,275000.000000,175,OPTSTK,BFO,5.000000,7500,False
851765,JSWSTEEL26SEP1080PE,JSWSTEEL,24SEP2026,108000.000000,675,OPTSTK,BFO,5.000000,40500,False
851785,BANKINDIA26SEP122.5PE,BANKINDIA,24SEP2026,12250.000000,5200,OPTSTK,BFO,5.000000,100000000,False
872844,MANKIND26OCT2720PE,MANKIND,29OCT2026,272000.000000,250,OPTSTK,BFO,5.000000,100000000,False
872931,AXISBANK26OCT1140PE,AXISBANK,29OCT2026,114000.000000,625,OPTSTK,BFO,5.000000,25000,False
872937,HDFCLIFE26OCTFUT,HDFCLIFE,29OCT2026,0.000000,1100,FUTSTK,BFO,5.000000,44000,False
872998,NATIONALUM26OCT280PE,NATIONALUM,29OCT2026,28000.000000,1875,OPTSTK,BFO,5.000000,300000,False
851822,PERSISTENT26SEP3700PE,PERSISTENT,24SEP2026,370000.000000,125,OPTSTK,BFO,5.000000,5250,False
851876,GAIL26SEP182.5CE,GAIL,24SEP2026,18250.000000,3550,OPTSTK,BFO,5.000000,274500,False
851877,GODFRYPHLP26SEP1950CE,GODFRYPHLP,24SEP2026,195000.000000,275,OPTSTK,BFO,5.000000,100000000,False
851890,NAUKRI26SEP900CE,NAUKRI,24SEP2026,90000.000000,550,OPTSTK,BFO,5.000000,6000,False
873196,SIEMENS26OCT3400CE,SIEMENS,29OCT2026,340000.000000,175,OPTSTK,BFO,5.000000,8250,False
873259,SENSEX2691784600PE,SENSEX,17SEP2026,8460000.000000,20,OPTIDX,BFO,5.000000,1000,False
873267,TCS26OCT2460CE,TCS,29OCT2026,246000.000000,225,OPTSTK,BFO,5.000000,7000,False
873656,HDFCAMC26OCT2450CE,HDFCAMC,29OCT2026,245000.000000,300,OPTSTK,BFO,5.000000,12000,False
851939,SHRIRAMFIN26SEP1140CE,SHRIRAMFIN,24SEP2026,114000.000000,825,OPTSTK,BFO,5.000000,18000,False
851964,PNBHOUSING26SEP1120CE,PNBHOUSING,24SEP2026,112000.000000,650,OPTSTK,BFO,5.000000,100000000,False
851978,NATIONALUM26SEP390CE,NATIONALUM,24SEP2026,39000.000000,1875,OPTSTK,BFO,5.000000,300000,False
852005,CUMMINSIND26SEP5100CE,CUMMINSIND,24SEP2026,510000.000000,200,OPTSTK,BFO,5.000000,18000,False
873795,TATAPOWER26OCT405CE,TATAPOWER,29OCT2026,40500.000000,1450,OPTSTK,BFO,5.000000,101250,False
873948,TCS26OCT2540PE,TCS,29OCT2026,254000.000000,225,OPTSTK,BFO,5.000000,7000,False
874056,LAURUSLABS26OCT1740PE,LAURUSLABS,29OCT2026,174000.000000,850,OPTSTK,BFO,5.000000,68000,False
874193,OBEROIRLTY26OCT1740PE,OBEROIRLTY,29OCT2026,174000.000000,350,OPTSTK,BFO,5.000000,28000,False
852012,LAURUSLABS26SEP1580CE,LAURUSLABS,24SEP2026,158000.000000,850,OPTSTK,BFO,5.000000,68000,False
852063,TIINDIA26SEP2800CE,TIINDIA,24SEP2026,280000.000000,200,OPTSTK,BFO,5.000000,100000000,False
852096,GAIL26SEP167.5PE,GAIL,24SEP2026,16750.000000,3550,OPTSTK,BFO,5.000000,274500,False
852103,AXISBANK26SEP1280PE,AXISBANK,24SEP2026,128000.000000,625,OPTSTK,BFO,5.000000,25000,False
874267,JIOFIN26OCT247.5PE,JIOFIN,29OCT2026,24750.000000,2350,OPTSTK,BFO,5.000000,100000000,False
874392,FOCIT26OCT32200PE,FOCIT,29OCT2026,3220000.000000,45,OPTIDX,BFO,5.000000,1350,False
874568,BHARATFORG26OCT2280CE,BHARATFORG,29OCT2026,228000.000000,500,OPTSTK,BFO,5.000000,30000,False
874650,APOLLOHOSP26OCT9700CE,APOLLOHOSP,29OCT2026,970000.000000,125,OPTSTK,BFO,5.000000,5000,False
852117,PIIND26SEP2250CE,PIIND,24SEP2026,225000.000000,175,OPTSTK,BFO,5.000000,7500,False
852153,MPHASIS26SEP2438CE,MPHASIS,24SEP2026,243800.000000,275,OPTSTK,BFO,5.000000,11000,False
852164,AUBANK26SEP1140PE,AUBANK,24SEP2026,114000.000000,1000,OPTSTK,BFO,5.000000,30000,False
852176,INOXWIND26SEP82.5PE,INOXWIND,24SEP2026,8250.000000,6400,OPTSTK,BFO,5.000000,100000000,False
874694,PREMIERENE26SEP840PE,PREMIERENE,24SEP2026,84000.000000,650,OPTSTK,BFO,5.000000,100000000,False
874707,KEI26OCT4600CE,KEI,29OCT2026,460000.000000,175,OPTSTK,BFO,5.000000,100000000,False
874766,ADANIGREEN26OCT1240PE,ADANIGREEN,29OCT2026,124000.000000,600,OPTSTK,BFO,5.000000,100000000,False
874844,ALKEM26OCT6050CE,ALKEM,29OCT2026,605000.000000,125,OPTSTK,BFO,5.000000,8000,False
852180,COFORGE26SEP1340CE,COFORGE,24SEP2026,134000.000000,475,OPTSTK,BFO,5.000000,6000,False
852192,NYKAA26SEP325CE,NYKAA,24SEP2026,32500.000000,3125,OPTSTK,BFO,5.000000,100000000,False
852209,IREDA26SEP110PE,IREDA,24SEP2026,11000.000000,4525,OPTSTK,BFO,5.000000,100000000,False
852248,SONACOMS26SEP580CE,SONACOMS,24SEP2026,58000.000000,1225,OPTSTK,BFO,5.000000,100000000,False
874870,NYKAA26OCT320PE,NYKAA,29OCT2026,32000.000000,3125,OPTSTK,BFO,5.000000,100000000,False
874922,ZYDUSLIFE26OCT1090CE,ZYDUSLIFE,29OCT2026,109000.000000,900,OPTSTK,BFO,5.000000,54000,False
874981,KEI26OCT5300PE,KEI,29OCT2026,530000.000000,175,OPTSTK,BFO,5.000000,100000000,False
875054,FOCIT26OCT39800CE,FOCIT,29OCT2026,3980000.000000,45,OPTIDX,BFO,5.000000,1350,False
875056,TVSMOTOR26OCT4350PE,TVSMOTOR,29OCT2026,435000.000000,175,OPTSTK,BFO,5.000000,21000,False
875128,SAIL26OCT180CE,SAIL,29OCT2026,18000.000000,4700,OPTSTK,BFO,5.000000,320000,False
875278,GODREJPROP26OCT2120PE,GODREJPROP,29OCT2026,212000.000000,325,OPTSTK,BFO,5.000000,19000,False
875497,INFY26OCT1180PE,INFY,29OCT2026,118000.000000,400,OPTSTK,BFO,5.000000,16000,False
852279,NTPC26SEP380PE,NTPC,24SEP2026,38000.000000,1500,OPTSTK,BFO,5.000000,150000,False
852335,LT26SEP4400PE,LT,24SEP2026,440000.000000,175,OPTSTK,BFO,5.000000,12000,False
852371,VOLTAS26SEP1140PE,VOLTAS,24SEP2026,114000.000000,375,OPTSTK,BFO,5.000000,30000,False
852381,TATAELXSI26SEP3500CE,TATAELXSI,24SEP2026,350000.000000,125,OPTSTK,BFO,5.000000,100000000,False
852410,HINDALCO26SEP860CE,HINDALCO,24SEP2026,86000.000000,700,OPTSTK,BFO,5.000000,56000,False
852420,JSWSTEEL26SEP1320PE,JSWSTEEL,24SEP2026,132000.000000,675,OPTSTK,BFO,5.000000,40500,False
852453,PIIND26SEP2750PE,PIIND,24SEP2026,275000.000000,175,OPTSTK,BFO,5.000000,7500,False
852461,VMM26SEP132.5PE,VMM,24SEP2026,13250.000000,4850,OPTSTK,BFO,5.000000,100000000,False
875606,ASIANPAINT26OCT2620CE,ASIANPAINT,29OCT2026,262000.000000,250,OPTSTK,BFO,5.000000,8000,False
875692,TIINDIA26OCT2800PE,TIINDIA,29OCT2026,280000.000000,200,OPTSTK,BFO,5.000000,100000000,False
875699,BAJAJHLDNG26OCT11000CE,BAJAJHLDNG,29OCT2026,1100000.000000,75,OPTSTK,BFO,5.000000,100000000,False
875862,BANKEX26OCT69000PE,BANKEX,29OCT2026,6900000.000000,30,OPTIDX,BFO,5.000000,900,False
875902,IREDA26OCT115CE,IREDA,29OCT2026,11500.000000,4525,OPTSTK,BFO,5.000000,100000000,False
876208,SBICARD26OCT700PE,SBICARD,29OCT2026,70000.000000,800,OPTSTK,BFO,5.000000,32000,False
876350,PIDILITIND26OCT1740PE,PIDILITIND,29OCT2026,174000.000000,500,OPTSTK,BFO,5.000000,10000,False
876372,KPITTECH26OCT620PE,KPITTECH,29OCT2026,62000.000000,775,OPTSTK,BFO,5.000000,100000000,False
852497,SHRIRAMFIN26SEP900PE,SHRIRAMFIN,24SEP2026,90000.000000,825,OPTSTK,BFO,5.000000,18000,False
852513,ADANIENT26SEP2950PE,ADANIENT,24SEP2026,295000.000000,309,OPTSTK,BFO,5.000000,9000,False
852521,HAVELLS26SEP1300CE,HAVELLS,24SEP2026,130000.000000,500,OPTSTK,BFO,5.000000,20000,False
852525,TIINDIA26SEP3300CE,TIINDIA,24SEP2026,330000.000000,200,OPTSTK,BFO,5.000000,100000000,False
876395,HAL26OCT4800CE,HAL,29OCT2026,480000.000000,150,OPTSTK,BFO,5.000000,9000,False
852526,DIXON26SEP10250CE,DIXON,24SEP2026,1025000.000000,50,OPTSTK,BFO,5.000000,6000,False
852533,SENSEX29JUN71000PE,SENSEX,28JUN2029,7100000.000000,20,OPTIDX,BFO,5.000000,1000,False
852536,MPHASIS26SEP1938CE,MPHASIS,24SEP2026,193800.000000,275,OPTSTK,BFO,5.000000,11000,False
852550,MOTHERSON26SEP135PE,MOTHERSON,24SEP2026,13500.000000,6150,OPTSTK,BFO,5.000000,284000,False
876377,MARUTI26OCT14700CE,MARUTI,29OCT2026,1470000.000000,50,OPTSTK,BFO,5.000000,3000,False
876384,TVSMOTOR26OCT4250CE,TVSMOTOR,29OCT2026,425000.000000,175,OPTSTK,BFO,5.000000,21000,False
876390,FEDERALBNK26OCT320CE,FEDERALBNK,29OCT2026,32000.000000,2500,OPTSTK,BFO,5.000000,200000,False
852561,KFINTECH26SEP1020PE,KFINTECH,24SEP2026,102000.000000,575,OPTSTK,BFO,5.000000,100000000,False
852581,BHEL26SEP435CE,BHEL,24SEP2026,43500.000000,2625,OPTSTK,BFO,5.000000,315000,False
852582,GODFRYPHLP26SEP1950PE,GODFRYPHLP,24SEP2026,195000.000000,275,OPTSTK,BFO,5.000000,100000000,False
852646,SHRIRAMFIN26SEP1140PE,SHRIRAMFIN,24SEP2026,114000.000000,825,OPTSTK,BFO,5.000000,18000,False
876398,FORCEMOT26OCT16000CE,FORCEMOT,29OCT2026,1600000.000000,25,OPTSTK,BFO,5.000000,100000000,False
876400,DABUR26OCT460CE,DABUR,29OCT2026,46000.000000,1250,OPTSTK,BFO,5.000000,50000,False
876406,BANKEX26OCT61600PE,BANKEX,29OCT2026,6160000.000000,30,OPTIDX,BFO,5.000000,900,False
876407,FOCIT26OCT38100CE,FOCIT,29OCT2026,3810000.000000,45,OPTIDX,BFO,5.000000,1350,False
876418,HAVELLS26OCT1160CE,HAVELLS,29OCT2026,116000.000000,500,OPTSTK,BFO,5.000000,20000,False
876423,SENSEX2691780800CE,SENSEX,17SEP2026,8080000.000000,20,OPTIDX,BFO,5.000000,1000,False
876429,TIINDIA26OCT2700CE,TIINDIA,29OCT2026,270000.000000,200,OPTSTK,BFO,5.000000,100000000,False
876435,TRENT26OCT2900CE,TRENT,29OCT2026,290000.000000,225,OPTSTK,BFO,5.000000,16000,False
852668,KEI26SEP6100PE,KEI,24SEP2026,610000.000000,175,OPTSTK,BFO,5.000000,100000000,False
852670,MANKIND26SEP2640CE,MANKIND,24SEP2026,264000.000000,250,OPTSTK,BFO,5.000000,100000000,False
852701,PREMIERENE26SEP1180CE,PREMIERENE,24SEP2026,118000.000000,650,OPTSTK,BFO,5.000000,100000000,False
852678,KEI26SEP4700PE,KEI,24SEP2026,470000.000000,175,OPTSTK,BFO,5.000000,100000000,False
876440,INDIGO26OCT5400PE,INDIGO,29OCT2026,540000.000000,150,OPTSTK,BFO,5.000000,12000,False
876444,BLUESTARCO26OCT1800CE,BLUESTARCO,29OCT2026,180000.000000,325,OPTSTK,BFO,5.000000,100000000,False
876446,POWERGRID26OCT280CE,POWERGRID,29OCT2026,28000.000000,1900,OPTSTK,BFO,5.000000,108000,False
876465,FOCIT26OCT36700CE,FOCIT,29OCT2026,3670000.000000,45,OPTIDX,BFO,5.000000,1350,False
852721,SHRIRAMFIN26SEP940PE,SHRIRAMFIN,24SEP2026,94000.000000,825,OPTSTK,BFO,5.000000,18000,False
852760,HEROMOTOCO26SEP5400PE,HEROMOTOCO,24SEP2026,540000.000000,150,OPTSTK,BFO,5.000000,9000,False
852789,BOSCHLTD26SEP36500PE,BOSCHLTD,24SEP2026,3650000.000000,25,OPTSTK,BFO,5.000000,1500,False
852827,MOTHERSON26SEP132.5CE,MOTHERSON,24SEP2026,13250.000000,6150,OPTSTK,BFO,5.000000,284000,False
876470,HDFCBANK26OCT830CE,HDFCBANK,29OCT2026,83000.000000,650,OPTSTK,BFO,5.000000,16500,False
876478,NTPC26OCT380PE,NTPC,29OCT2026,38000.000000,1500,OPTSTK,BFO,5.000000,150000,False
876501,GODREJPROP26OCT1980CE,GODREJPROP,29OCT2026,198000.000000,325,OPTSTK,BFO,5.000000,19000,False
876562,NAM-INDIA26OCT1000PE,NAM-INDIA,29OCT2026,100000.000000,625,OPTSTK,BFO,5.000000,100000000,False
852862,AXISBANK26SEP1260CE,AXISBANK,24SEP2026,126000.000000,625,OPTSTK,BFO,5.000000,25000,False
852886,SENSEX27MAR71000CE,SENSEX,25MAR2027,7100000.000000,20,OPTIDX,BFO,5.000000,1000,False
852913,BANKBARODA26SEP240CE,BANKBARODA,24SEP2026,24000.000000,2925,OPTSTK,BFO,5.000000,175500,False
852921,ADANIGREEN26SEP1360CE,ADANIGREEN,24SEP2026,136000.000000,600,OPTSTK,BFO,5.000000,100000000,False
876564,POLYCAB26OCT8200CE,POLYCAB,29OCT2026,820000.000000,125,OPTSTK,BFO,5.000000,9000,False
876570,FOCIT26OCT40700CE,FOCIT,29OCT2026,4070000.000000,45,OPTIDX,BFO,5.000000,1350,False
876571,HINDZINC26OCT540PE,HINDZINC,29OCT2026,54000.000000,1225,OPTSTK,BFO,5.000000,100000000,False
876572,PATANJALI26OCT350CE,PATANJALI,29OCT2026,35000.000000,1075,OPTSTK,BFO,5.000000,100000000,False
852935,NBCC26SEP87.5CE,NBCC,24SEP2026,8750.000000,6500,OPTSTK,BFO,5.000000,100000000,False
852936,MPHASIS26SEP2188PE,MPHASIS,24SEP2026,218800.000000,275,OPTSTK,BFO,5.000000,11000,False
852945,PNBHOUSING26SEP1140PE,PNBHOUSING,24SEP2026,114000.000000,650,OPTSTK,BFO,5.000000,100000000,False
853017,BANKBARODA26SEP310PE,BANKBARODA,24SEP2026,31000.000000,2925,OPTSTK,BFO,5.000000,175500,False
876587,GMRAIRPORT26OCT104CE,GMRAIRPORT,29OCT2026,10400.000000,6975,OPTSTK,BFO,5.000000,675000,False
876612,SENSEX2691782500PE,SENSEX,17SEP2026,8250000.000000,20,OPTIDX,BFO,5.000000,1000,False
876613,FEDERALBNK26OCT325CE,FEDERALBNK,29OCT2026,32500.000000,2500,OPTSTK,BFO,5.000000,200000,False
876623,ASHOKLEY26OCT155PE,ASHOKLEY,29OCT2026,15500.000000,5000,OPTSTK,BFO,5.000000,150000,False
853020,UNITDSPR26SEP1480PE,UNITDSPR,24SEP2026,148000.000000,400,OPTSTK,BFO,5.000000,28000,False
853033,IEX26SEP122.5CE,IEX,24SEP2026,12250.000000,4350,OPTSTK,BFO,5.000000,150000,False
853097,PNBHOUSING26SEP900PE,PNBHOUSING,24SEP2026,90000.000000,650,OPTSTK,BFO,5.000000,100000000,False
853121,GODFRYPHLP26SEP2350CE,GODFRYPHLP,24SEP2026,235000.000000,275,OPTSTK,BFO,5.000000,100000000,False
876627,PAGEIND26OCT44000CE,PAGEIND,29OCT2026,4400000.000000,20,OPTSTK,BFO,5.000000,600,False
876639,PRESTIGE26OCT1540PE,PRESTIGE,29OCT2026,154000.000000,450,OPTSTK,BFO,5.000000,100000000,False
876660,CUMMINSIND26OCT5300PE,CUMMINSIND,29OCT2026,530000.000000,200,OPTSTK,BFO,5.000000,18000,False
876685,KALYANKJIL26OCT635PE,KALYANKJIL,29OCT2026,63500.000000,1350,OPTSTK,BFO,5.000000,100000000,False
853137,LTM26SEP3300CE,LTM,24SEP2026,330000.000000,150,OPTSTK,BFO,5.000000,4500,False
853142,HDFCBANK26SEP730PE,HDFCBANK,24SEP2026,73000.000000,650,OPTSTK,BFO,5.000000,16500,False
853181,JSWSTEEL26SEP1140CE,JSWSTEEL,24SEP2026,114000.000000,675,OPTSTK,BFO,5.000000,40500,False
853199,JINDALSTEL26SEP1200PE,JINDALSTEL,24SEP2026,120000.000000,625,OPTSTK,BFO,5.000000,37500,False
876692,FOCIT26OCT32400PE,FOCIT,29OCT2026,3240000.000000,45,OPTIDX,BFO,5.000000,1350,False
876710,NAUKRI26OCT1180PE,NAUKRI,29OCT2026,118000.000000,550,OPTSTK,BFO,5.000000,6000,False
876715,ONGC26OCT230PE,ONGC,29OCT2026,23000.000000,2250,OPTSTK,BFO,5.000000,154000,False
876722,ITC26OCT272.5CE,ITC,29OCT2026,27250.000000,1725,OPTSTK,BFO,5.000000,64000,False
853220,HDFCAMC26SEP2400CE,HDFCAMC,24SEP2026,240000.000000,300,OPTSTK,BFO,5.000000,12000,False
853236,PIIND26SEP2650PE,PIIND,24SEP2026,265000.000000,175,OPTSTK,BFO,5.000000,7500,False
853250,HAVELLS26SEP1300PE,HAVELLS,24SEP2026,130000.000000,500,OPTSTK,BFO,5.000000,20000,False
853263,GODREJCP26SEP940PE,GODREJCP,24SEP2026,94000.000000,500,OPTSTK,BFO,5.000000,30000,False
876725,HAVELLS26OCTFUT,HAVELLS,29OCT2026,0.000000,500,FUTSTK,BFO,5.000000,20000,False
876741,AMBER26OCT7300CE,AMBER,29OCT2026,730000.000000,100,OPTSTK,BFO,5.000000,100000000,False
876753,NYKAA26OCT360PE,NYKAA,29OCT2026,36000.000000,3125,OPTSTK,BFO,5.000000,100000000,False
876930,FOCIT26SEP36400PE,FOCIT,24SEP2026,3640000.000000,45,OPTIDX,BFO,5.000000,1350,False
853270,ASTRAL26SEP1200CE,ASTRAL,24SEP2026,120000.000000,425,OPTSTK,BFO,5.000000,14680,False
853316,TVSMOTOR26SEP3350CE,TVSMOTOR,24SEP2026,335000.000000,175,OPTSTK,BFO,5.000000,21000,False
853322,PNBHOUSING26SEP940PE,PNBHOUSING,24SEP2026,94000.000000,650,OPTSTK,BFO,5.000000,100000000,False
853325,LT26SEP3800CE,LT,24SEP2026,380000.000000,175,OPTSTK,BFO,5.000000,12000,False
876962,PATANJALI26OCT350PE,PATANJALI,29OCT2026,35000.000000,1075,OPTSTK,BFO,5.000000,100000000,False
877053,GLENMARK26OCT2160CE,GLENMARK,29OCT2026,216000.000000,375,OPTSTK,BFO,5.000000,43500,False
877080,ADANIENT26OCT3050PE,ADANIENT,29OCT2026,305000.000000,309,OPTSTK,BFO,5.000000,9000,False
877156,BHARTIARTL26OCT1840CE,BHARTIARTL,29OCT2026,184000.000000,475,OPTSTK,BFO,5.000000,28500,False
853328,MPHASIS26SEP1888CE,MPHASIS,24SEP2026,188800.000000,275,OPTSTK,BFO,5.000000,11000,False
853354,PGEL26SEP460CE,PGEL,24SEP2026,46000.000000,950,OPTSTK,BFO,5.000000,100000000,False
853379,NBCC26SEP120PE,NBCC,24SEP2026,12000.000000,6500,OPTSTK,BFO,5.000000,100000000,False
853413,NESTLEIND26SEP1480CE,NESTLEIND,24SEP2026,148000.000000,500,OPTSTK,BFO,5.000000,1200,False
877160,SENSEX26OCT79200CE,SENSEX,29OCT2026,7920000.000000,20,OPTIDX,BFO,5.000000,1000,False
877163,ADANIENT26OCT3200CE,ADANIENT,29OCT2026,320000.000000,309,OPTSTK,BFO,5.000000,9000,False
877172,OFSS26OCT11000PE,OFSS,29OCT2026,1100000.000000,100,OPTSTK,BFO,5.000000,8000,False
877201,LTM26OCT4700PE,LTM,29OCT2026,470000.000000,150,OPTSTK,BFO,5.000000,4500,False
853414,IEX26SEP142.5PE,IEX,24SEP2026,14250.000000,4350,OPTSTK,BFO,5.000000,150000,False
853435,IEX26SEP110PE,IEX,24SEP2026,11000.000000,4350,OPTSTK,BFO,5.000000,150000,False
853499,SENSEX26DEC71000CE,SENSEX,31DEC2026,7100000.000000,20,OPTIDX,BFO,5.000000,1000,False
853525,LT26SEP3850PE,LT,24SEP2026,385000.000000,175,OPTSTK,BFO,5.000000,12000,False
877224,PAYTM26OCT1380PE,PAYTM,29OCT2026,138000.000000,725,OPTSTK,BFO,5.000000,100000000,False
877262,NMDC26OCT81PE,NMDC,29OCT2026,8100.000000,6750,OPTSTK,BFO,5.000000,225000,False
877327,ADANIGREEN26OCT1340CE,ADANIGREEN,29OCT2026,134000.000000,600,OPTSTK,BFO,5.000000,100000000,False
877331,PREMIERENE26OCT940CE,PREMIERENE,29OCT2026,94000.000000,650,OPTSTK,BFO,5.000000,100000000,False
853540,GMRAIRPORT26SEP119PE,GMRAIRPORT,24SEP2026,11900.000000,6975,OPTSTK,BFO,5.000000,675000,False
853545,BOSCHLTD26SEP43500PE,BOSCHLTD,24SEP2026,4350000.000000,25,OPTSTK,BFO,5.000000,1500,False
853572,BLUESTARCO26SEP1480PE,BLUESTARCO,24SEP2026,148000.000000,325,OPTSTK,BFO,5.000000,100000000,False
853586,LT26SEP4450PE,LT,24SEP2026,445000.000000,175,OPTSTK,BFO,5.000000,12000,False
877350,BANKEX26OCT67800PE,BANKEX,29OCT2026,6780000.000000,30,OPTIDX,BFO,5.000000,900,False
877430,SONACOMS26OCT780CE,SONACOMS,29OCT2026,78000.000000,1225,OPTSTK,BFO,5.000000,100000000,False
877491,NAM-INDIA26OCT1220PE,NAM-INDIA,29OCT2026,122000.000000,625,OPTSTK,BFO,5.000000,100000000,False
877574,FOCIT26OCT36000CE,FOCIT,29OCT2026,3600000.000000,45,OPTIDX,BFO,5.000000,1350,False
853587,NBCC26SEP95PE,NBCC,24SEP2026,9500.000000,6500,OPTSTK,BFO,5.000000,100000000,False
853589,CANBK26SEP137.5CE,CANBK,24SEP2026,13750.000000,6750,OPTSTK,BFO,5.000000,81000,False
853597,KPITTECH26SEP620CE,KPITTECH,24SEP2026,62000.000000,775,OPTSTK,BFO,5.000000,100000000,False
853599,VBL26SEP550CE,VBL,24SEP2026,55000.000000,1275,OPTSTK,BFO,5.000000,100000000,False
877605,APLAPOLLO26OCT1880CE,APLAPOLLO,29OCT2026,188000.000000,350,OPTSTK,BFO,5.000000,100000000,False
877617,FEDERALBNK26OCT360CE,FEDERALBNK,29OCT2026,36000.000000,2500,OPTSTK,BFO,5.000000,200000,False
877619,ICICIPRULI26OCT500CE,ICICIPRULI,29OCT2026,50000.000000,925,OPTSTK,BFO,5.000000,60000,False
877649,GODREJPROP26OCT2060CE,GODREJPROP,29OCT2026,206000.000000,325,OPTSTK,BFO,5.000000,19000,False
853615,ALKEM26SEP5800CE,ALKEM,24SEP2026,580000.000000,125,OPTSTK,BFO,5.000000,8000,False
853620,GLENMARK26SEP2340PE,GLENMARK,24SEP2026,234000.000000,375,OPTSTK,BFO,5.000000,43500,False
853627,KFINTECH26SEP740CE,KFINTECH,24SEP2026,74000.000000,575,OPTSTK,BFO,5.000000,100000000,False
853668,EICHERMOT26SEP6800CE,EICHERMOT,24SEP2026,680000.000000,100,OPTSTK,BFO,5.000000,7000,False
877673,INDUSINDBK26OCT940CE,INDUSINDBK,29OCT2026,94000.000000,700,OPTSTK,BFO,5.000000,20000,False
877701,PREMIERENE26OCT1100PE,PREMIERENE,29OCT2026,110000.000000,650,OPTSTK,BFO,5.000000,100000000,False
877729,AUBANK26OCT1020PE,AUBANK,29OCT2026,102000.000000,1000,OPTSTK,BFO,5.000000,30000,False
877742,FOCIT26OCT34600CE,FOCIT,29OCT2026,3460000.000000,45,OPTIDX,BFO,5.000000,1350,False
853696,VBL26SEP460PE,VBL,24SEP2026,46000.000000,1275,OPTSTK,BFO,5.000000,100000000,False
853733,KPITTECH26SEP600PE,KPITTECH,24SEP2026,60000.000000,775,OPTSTK,BFO,5.000000,100000000,False
853778,BSE26SEP3200PE,BSE,29SEP2026,320000.000000,200,OPTSTK,BFO,5.000000,3751,False
853790,BSE26SEP4400PE,BSE,29SEP2026,440000.000000,200,OPTSTK,BFO,5.000000,3751,False
853861,CDSL26SEP1080PE,CDSL,29SEP2026,108000.000000,475,OPTSTK,BFO,5.000000,14001,False
853885,CDSL26SEP1560PE,CDSL,29SEP2026,156000.000000,475,OPTSTK,BFO,5.000000,14001,False
853893,CDSL26SEP1760PE,CDSL,29SEP2026,176000.000000,475,OPTSTK,BFO,5.000000,14001,False
853943,ADANIENT26SEP3500CE,ADANIENT,24SEP2026,350000.000000,309,OPTSTK,BFO,5.000000,9000,False
877756,TATAPOWER26OCT355PE,TATAPOWER,29OCT2026,35500.000000,1450,OPTSTK,BFO,5.000000,101250,False
877769,UNOMINDA26OCT1100PE,UNOMINDA,29OCT2026,110000.000000,550,OPTSTK,BFO,5.000000,100000000,False
877779,NYKAA26OCT365PE,NYKAA,29OCT2026,36500.000000,3125,OPTSTK,BFO,5.000000,100000000,False
877846,KALYANKJIL26OCT670PE,KALYANKJIL,29OCT2026,67000.000000,1350,OPTSTK,BFO,5.000000,100000000,False
877859,PATANJALI26OCT355PE,PATANJALI,29OCT2026,35500.000000,1075,OPTSTK,BFO,5.000000,100000000,False
877867,KPITTECH26OCT570PE,KPITTECH,29OCT2026,57000.000000,775,OPTSTK,BFO,5.000000,100000000,False
877895,WAAREEENER26OCT2450PE,WAAREEENER,29OCT2026,245000.000000,175,OPTSTK,BFO,5.000000,100000000,False
877931,WIPRO26OCT200CE,WIPRO,29OCT2026,20000.000000,3000,OPTSTK,BFO,5.000000,60000,False
854000,ADANIENT26SEP3450CE,ADANIENT,24SEP2026,345000.000000,309,OPTSTK,BFO,5.000000,9000,False
854002,PIDILITIND26SEP1440CE,PIDILITIND,24SEP2026,144000.000000,500,OPTSTK,BFO,5.000000,10000,False
854020,JINDALSTEL26SEP900CE,JINDALSTEL,24SEP2026,90000.000000,625,OPTSTK,BFO,5.000000,37500,False
854049,GODREJPROP26SEP2020CE,GODREJPROP,24SEP2026,202000.000000,325,OPTSTK,BFO,5.000000,19000,False
877944,SENSEX27JUN75000CE,SENSEX,24JUN2027,7500000.000000,20,OPTIDX,BFO,5.000000,1000,False
877956,BAJFINANCE26OCT1110PE,BAJFINANCE,29OCT2026,111000.000000,750,OPTSTK,BFO,5.000000,3750,False
877990,LTF26OCT305CE,LTF,29OCT2026,30500.000000,2250,OPTSTK,BFO,5.000000,267720,False
878019,SBILIFE26OCT1980CE,SBILIFE,29OCT2026,198000.000000,375,OPTSTK,BFO,5.000000,22500,False
854050,HAL26SEP4800CE,HAL,24SEP2026,480000.000000,150,OPTSTK,BFO,5.000000,9000,False
854082,SBILIFE26SEP1920CE,SBILIFE,24SEP2026,192000.000000,375,OPTSTK,BFO,5.000000,22500,False
854088,KPITTECH26SEP520CE,KPITTECH,24SEP2026,52000.000000,775,OPTSTK,BFO,5.000000,100000000,False
854091,BAJAJHLDNG26SEP11400CE,BAJAJHLDNG,24SEP2026,1140000.000000,75,OPTSTK,BFO,5.000000,100000000,False
878101,INDIGO26OCT5500CE,INDIGO,29OCT2026,550000.000000,150,OPTSTK,BFO,5.000000,12000,False
878117,FOCIT26SEP32600CE,FOCIT,24SEP2026,3260000.000000,45,OPTIDX,BFO,5.000000,1350,False
878236,UNITDSPR26OCT1620PE,UNITDSPR,29OCT2026,162000.000000,400,OPTSTK,BFO,5.000000,28000,False
878237,HYUNDAI26OCT2060CE,HYUNDAI,29OCT2026,206000.000000,275,OPTSTK,BFO,5.000000,100000000,False
854096,PNBHOUSING26SEP1200CE,PNBHOUSING,24SEP2026,120000.000000,650,OPTSTK,BFO,5.000000,100000000,False
854122,GMRAIRPORT26SEP120PE,GMRAIRPORT,24SEP2026,12000.000000,6975,OPTSTK,BFO,5.000000,675000,False
854125,KPITTECH26SEP490CE,KPITTECH,24SEP2026,49000.000000,775,OPTSTK,BFO,5.000000,100000000,False
854186,PIDILITIND26SEP1440PE,PIDILITIND,24SEP2026,144000.000000,500,OPTSTK,BFO,5.000000,10000,False
878254,GMRAIRPORT26OCT97PE,GMRAIRPORT,29OCT2026,9700.000000,6975,OPTSTK,BFO,5.000000,675000,False
878302,PRESTIGE26OCT1580PE,PRESTIGE,29OCT2026,158000.000000,450,OPTSTK,BFO,5.000000,100000000,False
878319,MFSL26OCT1380PE,MFSL,29OCT2026,138000.000000,400,OPTSTK,BFO,5.000000,32000,False
878336,SONACOMS26SEP810CE,SONACOMS,24SEP2026,81000.000000,1225,OPTSTK,BFO,5.000000,100000000,False
854218,M&M26SEP3450PE,M&M,24SEP2026,345000.000000,200,OPTSTK,BFO,5.000000,21000,False
854229,DELHIVERY26SEP520PE,DELHIVERY,24SEP2026,52000.000000,2075,OPTSTK,BFO,5.000000,100000000,False
854263,SBILIFE26SEP1920PE,SBILIFE,24SEP2026,192000.000000,375,OPTSTK,BFO,5.000000,22500,False
854267,ETERNAL26SEP310PE,ETERNAL,24SEP2026,31000.000000,2425,OPTSTK,BFO,5.000000,100000000,False
878395,SOLARINDS26OCT17750PE,SOLARINDS,29OCT2026,1775000.000000,50,OPTSTK,BFO,5.000000,100000000,False
878497,INOXWIND26OCT82.5PE,INOXWIND,29OCT2026,8250.000000,6400,OPTSTK,BFO,5.000000,100000000,False
878525,COALINDIA26OCT415CE,COALINDIA,29OCT2026,41500.000000,1350,OPTSTK,BFO,5.000000,126000,False
878541,AUBANK26OCT940PE,AUBANK,29OCT2026,94000.000000,1000,OPTSTK,BFO,5.000000,30000,False
854268,OBEROIRLTY26SEP1920CE,OBEROIRLTY,24SEP2026,192000.000000,350,OPTSTK,BFO,5.000000,28000,False
854307,PRESTIGE26SEP1720CE,PRESTIGE,24SEP2026,172000.000000,450,OPTSTK,BFO,5.000000,100000000,False
854337,NAM-INDIA26SEP1320PE,NAM-INDIA,24SEP2026,132000.000000,625,OPTSTK,BFO,5.000000,100000000,False
854381,BANKBARODA26SEP235PE,BANKBARODA,24SEP2026,23500.000000,2925,OPTSTK,BFO,5.000000,175500,False
878580,BANKEX26OCT71700CE,BANKEX,29OCT2026,7170000.000000,30,OPTIDX,BFO,5.000000,900,False
878595,SENSEX2691774000CE,SENSEX,17SEP2026,7400000.000000,20,OPTIDX,BFO,5.000000,1000,False
878604,SENSEX2691776300CE,SENSEX,17SEP2026,7630000.000000,20,OPTIDX,BFO,5.000000,1000,False
878717,CIPLA26OCT1470PE,CIPLA,29OCT2026,147000.000000,425,OPTSTK,BFO,5.000000,26000,False
854384,DELHIVERY26SEP510CE,DELHIVERY,24SEP2026,51000.000000,2075,OPTSTK,BFO,5.000000,100000000,False
854397,KEI26SEP4500PE,KEI,24SEP2026,450000.000000,175,OPTSTK,BFO,5.000000,100000000,False
854423,LICHSGFIN26SEP480PE,LICHSGFIN,24SEP2026,48000.000000,1000,OPTSTK,BFO,5.000000,60000,False
854443,TATAELXSI26SEP3450CE,TATAELXSI,24SEP2026,345000.000000,125,OPTSTK,BFO,5.000000,100000000,False
879719,SENSEX28DEC74000CE,SENSEX,28DEC2028,7400000.000000,20,OPTIDX,BFO,5.000000,1000,False
854490,SBILIFE26SEP1940CE,SBILIFE,24SEP2026,194000.000000,375,OPTSTK,BFO,5.000000,22500,False
854506,PAGEIND26SEP46000CE,PAGEIND,24SEP2026,4600000.000000,20,OPTSTK,BFO,5.000000,600,False
854522,SWIGGY26SEP280PE,SWIGGY,24SEP2026,28000.000000,1825,OPTSTK,BFO,5.000000,100000000,False
854537,ADANIGREEN26SEP1660PE,ADANIGREEN,24SEP2026,166000.000000,600,OPTSTK,BFO,5.000000,100000000,False
879802,SENSEX27DEC74000PE,SENSEX,30DEC2027,7400000.000000,20,OPTIDX,BFO,5.000000,1000,False
854544,BHARTIARTL26SEP2020PE,BHARTIARTL,24SEP2026,202000.000000,475,OPTSTK,BFO,5.000000,28500,False
854551,DLF26SEP720CE,DLF,24SEP2026,72000.000000,950,OPTSTK,BFO,5.000000,49500,False
854643,DABUR26SEP475PE,DABUR,24SEP2026,47500.000000,1250,OPTSTK,BFO,5.000000,50000,False
854675,JINDALSTEL26SEP880CE,JINDALSTEL,24SEP2026,88000.000000,625,OPTSTK,BFO,5.000000,37500,False
879917,SENSEX30JUN74000CE,SENSEX,27JUN2030,7400000.000000,20,OPTIDX,BFO,5.000000,1000,False
854682,360ONE26SEP920CE,,24SEP2026,92000.000000,500,OPTSTK,BFO,5.000000,100000000,False
854693,FOCIT26SEP24000CE,FOCIT,24SEP2026,2400000.000000,45,OPTIDX,BFO,5.000000,1350,False
854734,CDSL26SEP1840PE,CDSL,29SEP2026,184000.000000,475,OPTSTK,BFO,5.000000,14001,False
854754,CANBK26SEP145CE,CANBK,24SEP2026,14500.000000,6750,OPTSTK,BFO,5.000000,81000,False
880118,SUNPHARMA26OCT1840PE,SUNPHARMA,29OCT2026,184000.000000,350,OPTSTK,BFO,5.000000,28000,False
880125,PREMIERENE26OCT1140PE,PREMIERENE,29OCT2026,114000.000000,650,OPTSTK,BFO,5.000000,100000000,False
880144,COCHINSHIP26OCT1560PE,COCHINSHIP,29OCT2026,156000.000000,400,OPTSTK,BFO,5.000000,100000000,False
880209,BHARTIARTL26OCT2120CE,BHARTIARTL,29OCT2026,212000.000000,475,OPTSTK,BFO,5.000000,28500,False
880256,BAJAJHLDNG26SEP11900CE,BAJAJHLDNG,24SEP2026,1190000.000000,75,OPTSTK,BFO,5.000000,100000000,False
880288,BAJFINANCE26OCT1180CE,BAJFINANCE,29OCT2026,118000.000000,750,OPTSTK,BFO,5.000000,3750,False
880292,GAIL26OCT192.5PE,GAIL,29OCT2026,19250.000000,3550,OPTSTK,BFO,5.000000,274500,False
880342,BAJFINANCE26SEP1190CE,BAJFINANCE,24SEP2026,119000.000000,750,OPTSTK,BFO,5.000000,3750,False
854798,PRESTIGE26SEP1780CE,PRESTIGE,24SEP2026,178000.000000,450,OPTSTK,BFO,5.000000,100000000,False
854806,BRITANNIA26SEP5650PE,BRITANNIA,24SEP2026,565000.000000,125,OPTSTK,BFO,5.000000,6000,False
854822,LT26SEP3700CE,LT,24SEP2026,370000.000000,175,OPTSTK,BFO,5.000000,12000,False
854858,BAJAJHLDNG26SEP11500PE,BAJAJHLDNG,24SEP2026,1150000.000000,75,OPTSTK,BFO,5.000000,100000000,False
854860,TECHM26SEP1420CE,TECHM,24SEP2026,142000.000000,600,OPTSTK,BFO,5.000000,24000,False
854901,SENSEX30JUN83000PE,SENSEX,27JUN2030,8300000.000000,20,OPTIDX,BFO,5.000000,1000,False
854916,SONACOMS26SEP710CE,SONACOMS,24SEP2026,71000.000000,1225,OPTSTK,BFO,5.000000,100000000,False
854919,BANKBARODA26SEP225CE,BANKBARODA,24SEP2026,22500.000000,2925,OPTSTK,BFO,5.000000,175500,False
880345,GAIL26OCT197.5PE,GAIL,29OCT2026,19750.000000,3550,OPTSTK,BFO,5.000000,274500,False
880381,BANKBARODA26OCT280CE,BANKBARODA,29OCT2026,28000.000000,2925,OPTSTK,BFO,5.000000,175500,False
880389,KALYANKJIL26OCT590CE,KALYANKJIL,29OCT2026,59000.000000,1350,OPTSTK,BFO,5.000000,100000000,False
880393,TORNTPHARM26SEP5450CE,TORNTPHARM,24SEP2026,545000.000000,125,OPTSTK,BFO,5.000000,15000,False
880452,SENSEX28JUN80000CE,SENSEX,29JUN2028,8000000.000000,20,OPTIDX,BFO,5.000000,1000,False
880458,M&M26SEP3750PE,M&M,24SEP2026,375000.000000,200,OPTSTK,BFO,5.000000,21000,False
880488,ASHOKLEY26OCT180PE,ASHOKLEY,29OCT2026,18000.000000,5000,OPTSTK,BFO,5.000000,150000,False
880551,SONACOMS26OCT840PE,SONACOMS,29OCT2026,84000.000000,1225,OPTSTK,BFO,5.000000,100000000,False
854923,PRESTIGE26SEP1820CE,PRESTIGE,24SEP2026,182000.000000,450,OPTSTK,BFO,5.000000,100000000,False
854925,BOSCHLTD26SEP45000PE,BOSCHLTD,24SEP2026,4500000.000000,25,OPTSTK,BFO,5.000000,1500,False
854932,SHREECEM26SEP28000CE,SHREECEM,24SEP2026,2800000.000000,25,OPTSTK,BFO,5.000000,1000,False
854937,SENSEX31JUN83000PE,SENSEX,26JUN2031,8300000.000000,20,OPTIDX,BFO,5.000000,1000,False
880583,HYUNDAI26SEP2220CE,HYUNDAI,24SEP2026,222000.000000,275,OPTSTK,BFO,5.000000,100000000,False
880595,LICHSGFIN26OCT450PE,LICHSGFIN,29OCT2026,45000.000000,1000,OPTSTK,BFO,5.000000,60000,False
880606,CGPOWER26OCT1000CE,CGPOWER,29OCT2026,100000.000000,850,OPTSTK,BFO,5.000000,100000000,False
880618,ZYDUSLIFE26OCT1200PE,ZYDUSLIFE,29OCT2026,120000.000000,900,OPTSTK,BFO,5.000000,54000,False
854942,OBEROIRLTY26SEP2000PE,OBEROIRLTY,24SEP2026,200000.000000,350,OPTSTK,BFO,5.000000,28000,False
854960,SENSEX27DEC83000CE,SENSEX,30DEC2027,8300000.000000,20,OPTIDX,BFO,5.000000,1000,False
854981,ADANIPORTS26SEP2020CE,ADANIPORTS,24SEP2026,202000.000000,475,OPTSTK,BFO,5.000000,32000,False
855001,MPHASIS26SEP2488CE,MPHASIS,24SEP2026,248800.000000,275,OPTSTK,BFO,5.000000,11000,False
880626,HYUNDAI26OCT2180CE,HYUNDAI,29OCT2026,218000.000000,275,OPTSTK,BFO,5.000000,100000000,False
880649,TVSMOTOR26SEP4650CE,TVSMOTOR,24SEP2026,465000.000000,175,OPTSTK,BFO,5.000000,21000,False
880728,MAXHEALTH26OCT1030CE,MAXHEALTH,29OCT2026,103000.000000,525,OPTSTK,BFO,5.000000,100000000,False
880736,TITAN26OCT5250CE,TITAN,29OCT2026,525000.000000,175,OPTSTK,BFO,5.000000,11250,False
855075,NAUKRI26SEP1160CE,NAUKRI,24SEP2026,116000.000000,550,OPTSTK,BFO,5.000000,6000,False
855082,DIXON26SEP14250CE,DIXON,24SEP2026,1425000.000000,50,OPTSTK,BFO,5.000000,6000,False
855100,BAJAJFINSV26SEP1960CE,BAJAJFINSV,24SEP2026,196000.000000,300,OPTSTK,BFO,5.000000,20000,False
855105,INDUSTOWER26SEP336PE,INDUSTOWER,24SEP2026,33600.000000,1700,OPTSTK,BFO,5.000000,170000,False
855109,KFINTECH26SEP720PE,KFINTECH,24SEP2026,72000.000000,575,OPTSTK,BFO,5.000000,100000000,False
855131,TVSMOTOR26SEP4000PE,TVSMOTOR,24SEP2026,400000.000000,175,OPTSTK,BFO,5.000000,21000,False
855162,HEROMOTOCO26SEP5600CE,HEROMOTOCO,24SEP2026,560000.000000,150,OPTSTK,BFO,5.000000,9000,False
855164,ASHOKLEY26SEP182.5PE,ASHOKLEY,24SEP2026,18250.000000,5000,OPTSTK,BFO,5.000000,150000,False
880776,KAYNES26OCT4150PE,KAYNES,29OCT2026,415000.000000,150,OPTSTK,BFO,5.000000,100000000,False
880808,HAL26OCT5000PE,HAL,29OCT2026,500000.000000,150,OPTSTK,BFO,5.000000,9000,False
880822,TATASTEEL26OCT207.5CE,TATASTEEL,29OCT2026,20750.000000,2750,OPTSTK,BFO,5.000000,220000,False
880749,BLUESTARCO26OCT1540PE,BLUESTARCO,29OCT2026,154000.000000,325,OPTSTK,BFO,5.000000,100000000,False
880829,MAZDOCK26OCT2750CE,MAZDOCK,29OCT2026,275000.000000,225,OPTSTK,BFO,5.000000,100000000,False
880830,CHOLAFIN26OCT1980CE,CHOLAFIN,29OCT2026,198000.000000,625,OPTSTK,BFO,5.000000,25000,False
880836,MANKIND26OCT2320CE,MANKIND,29OCT2026,232000.000000,250,OPTSTK,BFO,5.000000,100000000,False
880838,ITC26OCT265CE,ITC,29OCT2026,26500.000000,1725,OPTSTK,BFO,5.000000,64000,False
855181,JUBLFOOD26SEP465CE,JUBLFOOD,24SEP2026,46500.000000,1250,OPTSTK,BFO,5.000000,50000,False
855209,IEX26SEP105CE,IEX,24SEP2026,10500.000000,4350,OPTSTK,BFO,5.000000,150000,False
855211,ASIANPAINT26SEP2880PE,ASIANPAINT,24SEP2026,288000.000000,250,OPTSTK,BFO,5.000000,8000,False
855216,GRASIM26SEP3300CE,GRASIM,24SEP2026,330000.000000,250,OPTSTK,BFO,5.000000,14250,False
855307,RBLBANK26SEP320PE,RBLBANK,24SEP2026,32000.000000,3175,OPTSTK,BFO,5.000000,150000,False
855340,TECHM26SEP1280CE,TECHM,24SEP2026,128000.000000,600,OPTSTK,BFO,5.000000,24000,False
855352,UPL26SEP650PE,UPL,24SEP2026,65000.000000,1355,OPTSTK,BFO,5.000000,39000,False
855398,ADANIPORTS26SEP2000CE,ADANIPORTS,24SEP2026,200000.000000,475,OPTSTK,BFO,5.000000,32000,False
880870,RBLBANK26OCT340CE,RBLBANK,29OCT2026,34000.000000,3175,OPTSTK,BFO,5.000000,150000,False
880871,PNB26SEP120CE,PNB,24SEP2026,12000.000000,8000,OPTSTK,BFO,5.000000,480000,False
880873,HYUNDAI26SEP2260PE,HYUNDAI,24SEP2026,226000.000000,275,OPTSTK,BFO,5.000000,100000000,False
880901,BAJFINANCE26OCT1170PE,BAJFINANCE,29OCT2026,117000.000000,750,OPTSTK,BFO,5.000000,3750,False
855403,CUMMINSIND26SEP4900PE,CUMMINSIND,24SEP2026,490000.000000,200,OPTSTK,BFO,5.000000,18000,False
855436,SENSEX29DEC83000PE,SENSEX,27DEC2029,8300000.000000,20,OPTIDX,BFO,5.000000,1000,False
855465,TECHM26SEP1320CE,TECHM,24SEP2026,132000.000000,600,OPTSTK,BFO,5.000000,24000,False
855525,TECHM26SEP1360CE,TECHM,24SEP2026,136000.000000,600,OPTSTK,BFO,5.000000,24000,False
880903,BRITANNIA26OCT5100PE,BRITANNIA,29OCT2026,510000.000000,125,OPTSTK,BFO,5.000000,6000,False
880921,BAJFINANCE26SEP1170CE,BAJFINANCE,24SEP2026,117000.000000,750,OPTSTK,BFO,5.000000,3750,False
880931,JSWENERGY26OCT620CE,JSWENERGY,29OCT2026,62000.000000,1075,OPTSTK,BFO,5.000000,100000000,False
880940,SOLARINDS26OCT20000PE,SOLARINDS,29OCT2026,2000000.000000,50,OPTSTK,BFO,5.000000,100000000,False
855576,TECHM26SEP1480PE,TECHM,24SEP2026,148000.000000,600,OPTSTK,BFO,5.000000,24000,False
855579,SONACOMS26SEP720CE,SONACOMS,24SEP2026,72000.000000,1225,OPTSTK,BFO,5.000000,100000000,False
855592,CDSL26SEP1720PE,CDSL,29SEP2026,172000.000000,475,OPTSTK,BFO,5.000000,14001,False
855662,DLF26SEP750CE,DLF,24SEP2026,75000.000000,950,OPTSTK,BFO,5.000000,49500,False
880941,SONACOMS26OCT840CE,SONACOMS,29OCT2026,84000.000000,1225,OPTSTK,BFO,5.000000,100000000,False
880946,MAZDOCK26OCT2700CE,MAZDOCK,29OCT2026,270000.000000,225,OPTSTK,BFO,5.000000,100000000,False
880971,HYUNDAI26OCT2200PE,HYUNDAI,29OCT2026,220000.000000,275,OPTSTK,BFO,5.000000,100000000,False
880978,TVSMOTOR26OCT4650PE,TVSMOTOR,29OCT2026,465000.000000,175,OPTSTK,BFO,5.000000,21000,False
855677,DLF26SEP750PE,DLF,24SEP2026,75000.000000,950,OPTSTK,BFO,5.000000,49500,False
855709,HCLTECH26SEP1180CE,HCLTECH,24SEP2026,118000.000000,400,OPTSTK,BFO,5.000000,21000,False
855738,CONCOR26SEP520CE,CONCOR,24SEP2026,52000.000000,1250,OPTSTK,BFO,5.000000,40000,False
855744,ICICIBANK26SEP1480PE,ICICIBANK,24SEP2026,148000.000000,700,OPTSTK,BFO,5.000000,28000,False
855750,ULTRACEMCO26SEP12060CE,ULTRACEMCO,24SEP2026,1206000.000000,50,OPTSTK,BFO,5.000000,3000,False
855756,BAJFINANCE26SEP1100CE,BAJFINANCE,24SEP2026,110000.000000,750,OPTSTK,BFO,5.000000,3750,False
855760,CONCOR26SEP520PE,CONCOR,24SEP2026,52000.000000,1250,OPTSTK,BFO,5.000000,40000,False
855768,DIVISLAB26SEP7500PE,DIVISLAB,24SEP2026,750000.000000,100,OPTSTK,BFO,5.000000,8000,False
880985,POLYCAB26OCT9800CE,POLYCAB,29OCT2026,980000.000000,125,OPTSTK,BFO,5.000000,9000,False
880986,LAURUSLABS26OCT1940CE,LAURUSLABS,29OCT2026,194000.000000,850,OPTSTK,BFO,5.000000,68000,False
880998,LAURUSLABS26SEP1960PE,LAURUSLABS,24SEP2026,196000.000000,850,OPTSTK,BFO,5.000000,68000,False
881036,MUTHOOTFIN26OCT3400CE,MUTHOOTFIN,29OCT2026,340000.000000,275,OPTSTK,BFO,5.000000,22000,False
881054,VBL26OCT370CE,VBL,29OCT2026,37000.000000,1275,OPTSTK,BFO,5.000000,100000000,False
881057,JIOFIN26SEP272.5PE,JIOFIN,24SEP2026,27250.000000,2350,OPTSTK,BFO,5.000000,100000000,False
881110,ULTRACEMCO26OCT12600CE,ULTRACEMCO,29OCT2026,1260000.000000,50,OPTSTK,BFO,5.000000,3000,False
855779,CONCOR26SEP525PE,CONCOR,24SEP2026,52500.000000,1250,OPTSTK,BFO,5.000000,40000,False
855830,POWERINDIA26SEP28000PE,POWERINDIA,24SEP2026,2800000.000000,25,OPTSTK,BFO,5.000000,100000000,False
855867,DMART26SEP3650CE,DMART,24SEP2026,365000.000000,150,OPTSTK,BFO,5.000000,100000000,False
855870,LAURUSLABS26SEP1680PE,LAURUSLABS,24SEP2026,168000.000000,850,OPTSTK,BFO,5.000000,68000,False
881087,MOTILALOFS26OCT1000CE,MOTILALOFS,29OCT2026,100000.000000,775,OPTSTK,BFO,5.000000,100000000,False
881141,PNB26OCT120CE,PNB,29OCT2026,12000.000000,8000,OPTSTK,BFO,5.000000,480000,False
881152,ADANIPORTS26OCT1840PE,ADANIPORTS,29OCT2026,184000.000000,475,OPTSTK,BFO,5.000000,32000,False
881119,ASHOKLEY26OCT182.5CE,ASHOKLEY,29OCT2026,18250.000000,5000,OPTSTK,BFO,5.000000,150000,False
881147,INDHOTEL26OCT670PE,INDHOTEL,29OCT2026,67000.000000,1000,OPTSTK,BFO,5.000000,60000,False
855877,LTF26SEP355CE,LTF,24SEP2026,35500.000000,2250,OPTSTK,BFO,5.000000,267720,False
855886,TIINDIA26SEP2650PE,TIINDIA,24SEP2026,265000.000000,200,OPTSTK,BFO,5.000000,100000000,False
855894,INOXWIND26SEP70CE,INOXWIND,24SEP2026,7000.000000,6400,OPTSTK,BFO,5.000000,100000000,False
855919,PNB26SEP98PE,PNB,24SEP2026,9800.000000,8000,OPTSTK,BFO,5.000000,480000,False
881177,PNBHOUSING26OCT1200CE,PNBHOUSING,29OCT2026,120000.000000,650,OPTSTK,BFO,5.000000,100000000,False
881178,RELIANCE26OCT1370CE,RELIANCE,29OCT2026,137000.000000,500,OPTSTK,BFO,5.000000,10000,False
881188,FOCIT26OCT30000CE,FOCIT,29OCT2026,3000000.000000,45,OPTIDX,BFO,5.000000,1350,False
881204,BAJAJFINSV26OCT2080PE,BAJAJFINSV,29OCT2026,208000.000000,300,OPTSTK,BFO,5.000000,20000,False
855939,JSWENERGY26SEP490CE,JSWENERGY,24SEP2026,49000.000000,1075,OPTSTK,BFO,5.000000,100000000,False
855943,UPL26SEP680PE,UPL,24SEP2026,68000.000000,1355,OPTSTK,BFO,5.000000,39000,False
855971,APOLLOHOSP26SEP9500CE,APOLLOHOSP,24SEP2026,950000.000000,125,OPTSTK,BFO,5.000000,5000,False
855974,OBEROIRLTY26SEP2060CE,OBEROIRLTY,24SEP2026,206000.000000,350,OPTSTK,BFO,5.000000,28000,False
881207,ADANIENSOL26OCT1500PE,ADANIENSOL,29OCT2026,150000.000000,675,OPTSTK,BFO,5.000000,100000000,False
881214,WIPRO26OCT167.5CE,WIPRO,29OCT2026,16750.000000,3000,OPTSTK,BFO,5.000000,60000,False
881377,LTM26SEP4900CE,LTM,24SEP2026,490000.000000,150,OPTSTK,BFO,5.000000,4500,False
881395,BAJAJFINSV26OCT2180CE,BAJAJFINSV,29OCT2026,218000.000000,300,OPTSTK,BFO,5.000000,20000,False
856022,POWERINDIA26SEP28000CE,POWERINDIA,24SEP2026,2800000.000000,25,OPTSTK,BFO,5.000000,100000000,False
856059,RADICO26SEP3550PE,RADICO,24SEP2026,355000.000000,150,OPTSTK,BFO,5.000000,100000000,False
856065,UNITDSPR26SEP1540CE,UNITDSPR,24SEP2026,154000.000000,400,OPTSTK,BFO,5.000000,28000,False
856077,HCLTECH26SEP1200CE,HCLTECH,24SEP2026,120000.000000,400,OPTSTK,BFO,5.000000,21000,False
856086,TORNTPHARM26SEP5050PE,TORNTPHARM,24SEP2026,505000.000000,125,OPTSTK,BFO,5.000000,15000,False
856095,OFSS26SEP11800PE,OFSS,24SEP2026,1180000.000000,100,OPTSTK,BFO,5.000000,8000,False
856112,INDUSINDBK26SEP1020CE,INDUSINDBK,24SEP2026,102000.000000,700,OPTSTK,BFO,5.000000,20000,False
856134,TRENT26SEP3700PE,TRENT,24SEP2026,370000.000000,225,OPTSTK,BFO,5.000000,16000,False
881398,SENSEX5026OCT26750PE,SENSEX50,29OCT2026,2675000.000000,75,OPTIDX,BFO,5.000000,1800,False
881419,FORCEMOT26OCT22000CE,FORCEMOT,29OCT2026,2200000.000000,25,OPTSTK,BFO,5.000000,100000000,False
881443,UNIONBANK26OCT190PE,UNIONBANK,29OCT2026,19000.000000,4425,OPTSTK,BFO,5.000000,100000000,False
881422,TATAELXSI26OCT4050PE,TATAELXSI,29OCT2026,405000.000000,125,OPTSTK,BFO,5.000000,100000000,False
856182,UPL26SEP680CE,UPL,24SEP2026,68000.000000,1355,OPTSTK,BFO,5.000000,39000,False
856183,BAJAJHLDNG26SEP11800PE,BAJAJHLDNG,24SEP2026,1180000.000000,75,OPTSTK,BFO,5.000000,100000000,False
856209,INDHOTEL26SEP810PE,INDHOTEL,24SEP2026,81000.000000,1000,OPTSTK,BFO,5.000000,60000,False
856229,PFC26SEP385PE,PFC,24SEP2026,38500.000000,1300,OPTSTK,BFO,5.000000,124000,False
881444,UPL26OCT690CE,UPL,29OCT2026,69000.000000,1355,OPTSTK,BFO,5.000000,39000,False
881468,SENSEX26SEP85600PE,SENSEX,24SEP2026,8560000.000000,20,OPTIDX,BFO,5.000000,1000,False
881474,MOTHERSON26OCT172.5CE,MOTHERSON,29OCT2026,17250.000000,6150,OPTSTK,BFO,5.000000,284000,False
881501,DIVISLAB26OCT8900PE,DIVISLAB,29OCT2026,890000.000000,100,OPTSTK,BFO,5.000000,8000,False
856253,BEL26SEP460CE,BEL,24SEP2026,46000.000000,1425,OPTSTK,BFO,5.000000,228000,False
856289,SENSEX26SEP84900CE,SENSEX,24SEP2026,8490000.000000,20,OPTIDX,BFO,5.000000,1000,False
856299,SUNPHARMA26SEP2060PE,SUNPHARMA,24SEP2026,206000.000000,350,OPTSTK,BFO,5.000000,28000,False
856326,ETERNAL26SEP320PE,ETERNAL,24SEP2026,32000.000000,2425,OPTSTK,BFO,5.000000,100000000,False
881504,SUPREMEIND26SEP3900PE,SUPREMEIND,24SEP2026,390000.000000,175,OPTSTK,BFO,5.000000,100000000,False
881528,SIEMENS26SEP4150CE,SIEMENS,24SEP2026,415000.000000,175,OPTSTK,BFO,5.000000,8250,False
881539,SENSEX26OCT85500PE,SENSEX,29OCT2026,8550000.000000,20,OPTIDX,BFO,5.000000,1000,False
881570,ASHOKLEY26OCT185CE,ASHOKLEY,29OCT2026,18500.000000,5000,OPTSTK,BFO,5.000000,150000,False
884042,NMDC26OCT93CE,NMDC,29OCT2026,9300.000000,6750,OPTSTK,BFO,5.000000,225000,False
856329,CHOLAFIN26SEP2000CE,CHOLAFIN,24SEP2026,200000.000000,625,OPTSTK,BFO,5.000000,25000,False
856406,TVSMOTOR26SEP4050PE,TVSMOTOR,24SEP2026,405000.000000,175,OPTSTK,BFO,5.000000,21000,False
856427,JUBLFOOD26SEP475PE,JUBLFOOD,24SEP2026,47500.000000,1250,OPTSTK,BFO,5.000000,50000,False
856440,SUZLON26SEP49PE,SUZLON,24SEP2026,4900.000000,12700,OPTSTK,BFO,5.000000,100000000,False
881618,SENSEX5026SEP26700CE,SENSEX50,24SEP2026,2670000.000000,75,OPTIDX,BFO,5.000000,1800,False
881653,PIIND26SEP3200CE,PIIND,24SEP2026,320000.000000,175,OPTSTK,BFO,5.000000,7500,False
881663,SENSEX5026SEP26750PE,SENSEX50,24SEP2026,2675000.000000,75,OPTIDX,BFO,5.000000,1800,False
881674,ASHOKLEY26SEP192.5CE,ASHOKLEY,24SEP2026,19250.000000,5000,OPTSTK,BFO,5.000000,150000,False
884045,SENSEX26DEC72000CE,SENSEX,31DEC2026,7200000.000000,20,OPTIDX,BFO,5.000000,1000,False
884048,HAL26OCT5250PE,HAL,29OCT2026,525000.000000,150,OPTSTK,BFO,5.000000,9000,False
884104,ICICIBANK26SEP1550CE,ICICIBANK,24SEP2026,155000.000000,700,OPTSTK,BFO,5.000000,28000,False
884128,SBIN26OCT1150CE,SBIN,29OCT2026,115000.000000,750,OPTSTK,BFO,5.000000,45000,False
856445,SENSEX5026SEP26500PE,SENSEX50,24SEP2026,2650000.000000,75,OPTIDX,BFO,5.000000,1800,False
856448,OIL26SEP460CE,OIL,24SEP2026,46000.000000,1400,OPTSTK,BFO,5.000000,100000000,False
856481,BANKEX26SEP72700PE,BANKEX,24SEP2026,7270000.000000,30,OPTIDX,BFO,5.000000,900,False
856491,COALINDIA26SEP395CE,COALINDIA,24SEP2026,39500.000000,1350,OPTSTK,BFO,5.000000,126000,False
856514,GLENMARK26SEP2420CE,GLENMARK,24SEP2026,242000.000000,375,OPTSTK,BFO,5.000000,43500,False
856534,BANKEX26SEP72800CE,BANKEX,24SEP2026,7280000.000000,30,OPTIDX,BFO,5.000000,900,False
856566,NESTLEIND26SEP1540CE,NESTLEIND,24SEP2026,154000.000000,500,OPTSTK,BFO,5.000000,1200,False
856569,LUPIN26SEP2640PE,LUPIN,24SEP2026,264000.000000,425,OPTSTK,BFO,5.000000,34000,False
881826,PFC26OCT385PE,PFC,29OCT2026,38500.000000,1300,OPTSTK,BFO,5.000000,124000,False
884227,HINDPETRO26OCT450.75CE,HINDPETRO,29OCT2026,45075.000000,2025,OPTSTK,BFO,5.000000,108000,False
881675,SBILIFE26OCT2040PE,SBILIFE,29OCT2026,204000.000000,375,OPTSTK,BFO,5.000000,22500,False
881799,NYKAA26SEP375PE,NYKAA,24SEP2026,37500.000000,3125,OPTSTK,BFO,5.000000,100000000,False
881800,CANBK26OCT145CE,CANBK,29OCT2026,14500.000000,6750,OPTSTK,BFO,5.000000,81000,False
884130,UPL26OCT500PE,UPL,29OCT2026,50000.000000,1355,OPTSTK,BFO,5.000000,39000,False
884159,SENSEX26OCT85900CE,SENSEX,29OCT2026,8590000.000000,20,OPTIDX,BFO,5.000000,1000,False
884202,COFORGE26OCT1920PE,COFORGE,29OCT2026,192000.000000,475,OPTSTK,BFO,5.000000,6000,False
881832,TATACONSUM26OCT1170CE,TATACONSUM,29OCT2026,117000.000000,550,OPTSTK,BFO,5.000000,36000,False
881843,SENSEX29DEC84000PE,SENSEX,27DEC2029,8400000.000000,20,OPTIDX,BFO,5.000000,1000,False
881970,HYUNDAI26SEP2340CE,HYUNDAI,24SEP2026,234000.000000,275,OPTSTK,BFO,5.000000,100000000,False
881985,OFSS26OCT12000PE,OFSS,29OCT2026,1200000.000000,100,OPTSTK,BFO,5.000000,8000,False
884231,ASHOKLEY26SEP195PE,ASHOKLEY,24SEP2026,19500.000000,5000,OPTSTK,BFO,5.000000,150000,False
884283,SBIN26OCT1140CE,SBIN,29OCT2026,114000.000000,750,OPTSTK,BFO,5.000000,45000,False
884285,RELIANCE26OCT1390PE,RELIANCE,29OCT2026,139000.000000,500,OPTSTK,BFO,5.000000,10000,False
884291,KEI26SEP6300PE,KEI,24SEP2026,630000.000000,175,OPTSTK,BFO,5.000000,100000000,False
856619,DELHIVERY26SEP550PE,DELHIVERY,24SEP2026,55000.000000,2075,OPTSTK,BFO,5.000000,100000000,False
856623,DELHIVERY26SEP555CE,DELHIVERY,24SEP2026,55500.000000,2075,OPTSTK,BFO,5.000000,100000000,False
856652,GLENMARK26SEP2420PE,GLENMARK,24SEP2026,242000.000000,375,OPTSTK,BFO,5.000000,43500,False
856680,DIVISLAB26SEP7600CE,DIVISLAB,24SEP2026,760000.000000,100,OPTSTK,BFO,5.000000,8000,False
882014,SRF26OCT3000PE,SRF,29OCT2026,300000.000000,200,OPTSTK,BFO,5.000000,11250,False
882016,ASHOKLEY26SEP190CE,ASHOKLEY,24SEP2026,19000.000000,5000,OPTSTK,BFO,5.000000,150000,False
882017,APLAPOLLO26SEP2060CE,APLAPOLLO,24SEP2026,206000.000000,350,OPTSTK,BFO,5.000000,100000000,False
882030,PGEL26OCT690CE,PGEL,29OCT2026,69000.000000,950,OPTSTK,BFO,5.000000,100000000,False
884474,NESTLEIND26OCT1600CE,NESTLEIND,29OCT2026,160000.000000,500,OPTSTK,BFO,5.000000,1200,False
884476,COCHINSHIP26OCT1640CE,COCHINSHIP,29OCT2026,164000.000000,400,OPTSTK,BFO,5.000000,100000000,False
884563,UNITDSPR26OCT1340PE,UNITDSPR,29OCT2026,134000.000000,400,OPTSTK,BFO,5.000000,28000,False
884565,ICICIPRULI26OCT470PE,ICICIPRULI,29OCT2026,47000.000000,925,OPTSTK,BFO,5.000000,60000,False
1127480,SENSEX26O2269000CE,SENSEX,22OCT2026,6900000.000000,20,OPTIDX,BFO,5.000000,1000,False
1127561,HINDPETRO26OCT280CE,HINDPETRO,29OCT2026,28000.000000,2025,OPTSTK,BFO,5.000000,108000,False
1127568,ICICIGI26NOV1340PE,ICICIGI,26NOV2026,134000.000000,325,OPTSTK,BFO,5.000000,20000,False
1127625,SENSEX26SEP68800PE,SENSEX,24SEP2026,6880000.000000,20,OPTIDX,BFO,5.000000,1000,False
884566,BLUESTARCO26OCT1380CE,BLUESTARCO,29OCT2026,138000.000000,325,OPTSTK,BFO,5.000000,100000000,False
884581,INDUSTOWER26SEP380CE,INDUSTOWER,24SEP2026,38000.000000,1700,OPTSTK,BFO,5.000000,170000,False
884587,INDUSTOWER26SEP385CE,INDUSTOWER,24SEP2026,38500.000000,1700,OPTSTK,BFO,5.000000,170000,False
884592,GRASIM26OCT3480CE,GRASIM,29OCT2026,348000.000000,250,OPTSTK,BFO,5.000000,14250,False
882036,SENSEX30JUN84000CE,SENSEX,27JUN2030,8400000.000000,20,OPTIDX,BFO,5.000000,1000,False
882075,SENSEX2691785300PE,SENSEX,17SEP2026,8530000.000000,20,OPTIDX,BFO,5.000000,1000,False
882084,BAJAJHLDNG26SEP12100PE,BAJAJHLDNG,24SEP2026,1210000.000000,75,OPTSTK,BFO,5.000000,100000000,False
882112,ITC26OCT305CE,ITC,29OCT2026,30500.000000,1725,OPTSTK,BFO,5.000000,64000,False
1127627,KOTAKBANK26NOV380PE,KOTAKBANK,26NOV2026,38000.000000,2000,OPTSTK,BFO,5.000000,12000,False
1127656,OIL26SEP530PE,OIL,24SEP2026,53000.000000,1400,OPTSTK,BFO,5.000000,100000000,False
1127723,SENSEX2691768900PE,SENSEX,17SEP2026,6890000.000000,20,OPTIDX,BFO,5.000000,1000,False
1127739,SENSEX2691768800CE,SENSEX,17SEP2026,6880000.000000,20,OPTIDX,BFO,5.000000,1000,False
884594,AUROPHARMA26OCT1780CE,AUROPHARMA,29OCT2026,178000.000000,550,OPTSTK,BFO,5.000000,44000,False
884614,INDUSTOWER26SEP365PE,INDUSTOWER,24SEP2026,36500.000000,1700,OPTSTK,BFO,5.000000,170000,False
884628,INDIANB26OCT950CE,INDIANB,29OCT2026,95000.000000,1000,OPTSTK,BFO,5.000000,100000000,False
884633,GMRAIRPORT26OCT115CE,GMRAIRPORT,29OCT2026,11500.000000,6975,OPTSTK,BFO,5.000000,675000,False
882150,BANKEX26OCT72300PE,BANKEX,29OCT2026,7230000.000000,30,OPTIDX,BFO,5.000000,900,False
882165,PHOENIXLTD26OCT2060CE,PHOENIXLTD,29OCT2026,206000.000000,350,OPTSTK,BFO,5.000000,100000000,False
882172,SENSEX28DEC84000PE,SENSEX,28DEC2028,8400000.000000,20,OPTIDX,BFO,5.000000,1000,False
882173,MARUTI26OCT13400PE,MARUTI,29OCT2026,1340000.000000,50,OPTSTK,BFO,5.000000,3000,False
1127742,SENSEX26O0168700CE,SENSEX,01OCT2026,6870000.000000,20,OPTIDX,BFO,5.000000,1000,False
1127756,SENSEX26NOV69000PE,SENSEX,26NOV2026,6900000.000000,20,OPTIDX,BFO,5.000000,1000,False
1127763,HAL26NOV5400PE,HAL,26NOV2026,540000.000000,150,OPTSTK,BFO,5.000000,9000,False
1127790,MANKIND26SEP2160PE,MANKIND,24SEP2026,216000.000000,250,OPTSTK,BFO,5.000000,100000000,False
884680,INDUSTOWER26SEP400PE,INDUSTOWER,24SEP2026,40000.000000,1700,OPTSTK,BFO,5.000000,170000,False
884711,LAURUSLABS26OCT2000PE,LAURUSLABS,29OCT2026,200000.000000,850,OPTSTK,BFO,5.000000,68000,False
884731,MOTHERSON26SEP185PE,MOTHERSON,24SEP2026,18500.000000,6150,OPTSTK,BFO,5.000000,284000,False
884754,GRASIM26SEP3460CE,GRASIM,24SEP2026,346000.000000,250,OPTSTK,BFO,5.000000,14250,False
1127794,SENSEX26O2268700CE,SENSEX,22OCT2026,6870000.000000,20,OPTIDX,BFO,5.000000,1000,False
1127834,SENSEX5026OCT23850PE,SENSEX50,29OCT2026,2385000.000000,75,OPTIDX,BFO,5.000000,1800,False
1127845,SENSEX26O2268900CE,SENSEX,22OCT2026,6890000.000000,20,OPTIDX,BFO,5.000000,1000,False
1127847,SENSEX26NOV68800PE,SENSEX,26NOV2026,6880000.000000,20,OPTIDX,BFO,5.000000,1000,False
882188,GRASIM26OCT3280CE,GRASIM,29OCT2026,328000.000000,250,OPTSTK,BFO,5.000000,14250,False
882207,ASIANPAINT26OCT2900CE,ASIANPAINT,29OCT2026,290000.000000,250,OPTSTK,BFO,5.000000,8000,False
882215,FOCIT26OCT44700CE,FOCIT,29OCT2026,4470000.000000,45,OPTIDX,BFO,5.000000,1350,False
882316,APLAPOLLO26SEP2060PE,APLAPOLLO,24SEP2026,206000.000000,350,OPTSTK,BFO,5.000000,100000000,False
884784,COCHINSHIP26OCT1660CE,COCHINSHIP,29OCT2026,166000.000000,400,OPTSTK,BFO,5.000000,100000000,False
884895,PNB26SEP122CE,PNB,24SEP2026,12200.000000,8000,OPTSTK,BFO,5.000000,480000,False
884807,BHARATFORG26SEP2420CE,BHARATFORG,24SEP2026,242000.000000,500,OPTSTK,BFO,5.000000,30000,False
884862,HDFCBANK26OCT660CE,HDFCBANK,29OCT2026,66000.000000,650,OPTSTK,BFO,5.000000,16500,False
1127908,SENSEX26NOV68700CE,SENSEX,26NOV2026,6870000.000000,20,OPTIDX,BFO,5.000000,1000,False
1127913,VOLTAS26NOV1000CE,VOLTAS,26NOV2026,100000.000000,375,OPTSTK,BFO,5.000000,30000,False
1127978,AXISBANK26NOV1100PE,AXISBANK,26NOV2026,110000.000000,625,OPTSTK,BFO,5.000000,25000,False
1127981,MARUTI26OCT11900CE,MARUTI,29OCT2026,1190000.000000,50,OPTSTK,BFO,5.000000,3000,False
882328,NMDC26OCT77PE,NMDC,29OCT2026,7700.000000,6750,OPTSTK,BFO,5.000000,225000,False
882335,PRESTIGE26OCT1780CE,PRESTIGE,29OCT2026,178000.000000,450,OPTSTK,BFO,5.000000,100000000,False
882344,FOCIT26SEP44600PE,FOCIT,24SEP2026,4460000.000000,45,OPTIDX,BFO,5.000000,1350,False
882371,LTM26SEP5000PE,LTM,24SEP2026,500000.000000,150,OPTSTK,BFO,5.000000,4500,False
884961,INDUSINDBK26OCT1100CE,INDUSINDBK,29OCT2026,110000.000000,700,OPTSTK,BFO,5.000000,20000,False
885001,MPHASIS26OCT2850CE,MPHASIS,29OCT2026,285000.000000,275,OPTSTK,BFO,5.000000,11000,False
885011,HINDALCO26OCT1200CE,HINDALCO,29OCT2026,120000.000000,700,OPTSTK,BFO,5.000000,56000,False
885020,UNITDSPR26OCT1340CE,UNITDSPR,29OCT2026,134000.000000,400,OPTSTK,BFO,5.000000,28000,False
1128052,SENSEX26O1568600PE,SENSEX,15OCT2026,6860000.000000,20,OPTIDX,BFO,5.000000,1000,False
1128088,SENSEX5026SEP23850PE,SENSEX50,24SEP2026,2385000.000000,75,OPTIDX,BFO,5.000000,1800,False
1128121,ASIANPAINT26OCT2340PE,ASIANPAINT,29OCT2026,234000.000000,250,OPTSTK,BFO,5.000000,8000,False
1128142,DIVISLAB26NOV10100PE,DIVISLAB,26NOV2026,1010000.000000,100,OPTSTK,BFO,5.000000,8000,False
882378,ONGC26OCT222.5PE,ONGC,29OCT2026,22250.000000,2250,OPTSTK,BFO,5.000000,154000,False
882387,COFORGE26SEP1900PE,COFORGE,24SEP2026,190000.000000,475,OPTSTK,BFO,5.000000,6000,False
882389,SIEMENS26SEP4200PE,SIEMENS,24SEP2026,420000.000000,175,OPTSTK,BFO,5.000000,8250,False
882412,ASHOKLEY26OCT187.5CE,ASHOKLEY,29OCT2026,18750.000000,5000,OPTSTK,BFO,5.000000,150000,False
885023,GRASIM26OCT3360CE,GRASIM,29OCT2026,336000.000000,250,OPTSTK,BFO,5.000000,14250,False
885025,INDUSTOWER26SEP390CE,INDUSTOWER,24SEP2026,39000.000000,1700,OPTSTK,BFO,5.000000,170000,False
885133,APLAPOLLO26SEP2140PE,APLAPOLLO,24SEP2026,214000.000000,350,OPTSTK,BFO,5.000000,100000000,False
885135,HYUNDAI26OCT2360PE,HYUNDAI,29OCT2026,236000.000000,275,OPTSTK,BFO,5.000000,100000000,False
1128156,SENSEX5026OCT23900CE,SENSEX50,29OCT2026,2390000.000000,75,OPTIDX,BFO,5.000000,1800,False
1128162,SBILIFE26OCT1560CE,SBILIFE,29OCT2026,156000.000000,375,OPTSTK,BFO,5.000000,22500,False
1128181,SHREECEM26OCT21500CE,SHREECEM,29OCT2026,2150000.000000,25,OPTSTK,BFO,5.000000,1000,False
1128184,DIVISLAB26SEP10300CE,DIVISLAB,24SEP2026,1030000.000000,100,OPTSTK,BFO,5.000000,8000,False
882430,KPITTECH26OCT680CE,KPITTECH,29OCT2026,68000.000000,775,OPTSTK,BFO,5.000000,100000000,False
882442,UPL26OCT680PE,UPL,29OCT2026,68000.000000,1355,OPTSTK,BFO,5.000000,39000,False
882491,SENSEX5026SEP26650PE,SENSEX50,24SEP2026,2665000.000000,75,OPTIDX,BFO,5.000000,1800,False
882514,NHPC26OCT87PE,NHPC,29OCT2026,8700.000000,6950,OPTSTK,BFO,5.000000,100000000,False
1128232,VOLTAS26OCT1000PE,VOLTAS,29OCT2026,100000.000000,375,OPTSTK,BFO,5.000000,30000,False
1128236,MARUTI26OCT11900PE,MARUTI,29OCT2026,1190000.000000,50,OPTSTK,BFO,5.000000,3000,False
1128245,SENSEX5026NOV23900PE,SENSEX50,26NOV2026,2390000.000000,75,OPTIDX,BFO,5.000000,1800,False
1128330,HINDPETRO26SEP280PE,HINDPETRO,24SEP2026,28000.000000,2025,OPTSTK,BFO,5.000000,108000,False
882584,HDFCLIFE26OCT500CE,HDFCLIFE,29OCT2026,50000.000000,1100,OPTSTK,BFO,5.000000,44000,False
882624,PHOENIXLTD26OCT2100PE,PHOENIXLTD,29OCT2026,210000.000000,350,OPTSTK,BFO,5.000000,100000000,False
882633,PREMIERENE26OCT1180PE,PREMIERENE,29OCT2026,118000.000000,650,OPTSTK,BFO,5.000000,100000000,False
882676,LICI26SEP355PE,LICI,24SEP2026,35500.000000,1400,OPTSTK,BFO,5.000000,100000000,False
1128347,HDFCLIFE26OCT485PE,HDFCLIFE,29OCT2026,48500.000000,1100,OPTSTK,BFO,5.000000,44000,False
1128349,FOCIT26NOV28900CE,FOCIT,26NOV2026,2890000.000000,45,OPTIDX,BFO,5.000000,1350,False
1128379,TATACONSUM26SEP930CE,TATACONSUM,24SEP2026,93000.000000,550,OPTSTK,BFO,5.000000,36000,False
1128483,ICICIBANK26OCT1320PE,ICICIBANK,29OCT2026,132000.000000,700,OPTSTK,BFO,5.000000,28000,False
882684,SENSEX29JUN73000CE,SENSEX,28JUN2029,7300000.000000,20,OPTIDX,BFO,5.000000,1000,False
882714,HEROMOTOCO26SEP6200PE,HEROMOTOCO,24SEP2026,620000.000000,150,OPTSTK,BFO,5.000000,9000,False
882721,360ONE26OCT1300PE,,29OCT2026,130000.000000,500,OPTSTK,BFO,5.000000,100000000,False
882745,DIVISLAB26OCT9100CE,DIVISLAB,29OCT2026,910000.000000,100,OPTSTK,BFO,5.000000,8000,False
1128539,SENSEX26O0168100PE,SENSEX,01OCT2026,6810000.000000,20,OPTIDX,BFO,5.000000,1000,False
1128549,CGPOWER26OCT1060PE,CGPOWER,29OCT2026,106000.000000,850,OPTSTK,BFO,5.000000,100000000,False
1128608,HAVELLS26OCT980CE,HAVELLS,29OCT2026,98000.000000,500,OPTSTK,BFO,5.000000,20000,False
1128633,BANKEX26NOV57000PE,BANKEX,26NOV2026,5700000.000000,30,OPTIDX,BFO,5.000000,900,False
882748,BAJFINANCE26OCT1220CE,BAJFINANCE,29OCT2026,122000.000000,750,OPTSTK,BFO,5.000000,3750,False
882750,NAM-INDIA26OCT1320PE,NAM-INDIA,29OCT2026,132000.000000,625,OPTSTK,BFO,5.000000,100000000,False
882758,KEI26OCT5900CE,KEI,29OCT2026,590000.000000,175,OPTSTK,BFO,5.000000,100000000,False
882760,MAXHEALTH26OCT1000PE,MAXHEALTH,29OCT2026,100000.000000,525,OPTSTK,BFO,5.000000,100000000,False
1128653,JUBLFOOD26NOV440CE,JUBLFOOD,26NOV2026,44000.000000,1250,OPTSTK,BFO,5.000000,50000,False
1128659,SUNPHARMA26NOV1720PE,SUNPHARMA,26NOV2026,172000.000000,350,OPTSTK,BFO,5.000000,28000,False
1128714,TATAELXSI26NOV3100CE,TATAELXSI,26NOV2026,310000.000000,125,OPTSTK,BFO,5.000000,100000000,False
1128720,WIPRO26SEP150CE,WIPRO,24SEP2026,15000.000000,3000,OPTSTK,BFO,5.000000,60000,False
882761,HDFCLIFE26SEP505PE,HDFCLIFE,24SEP2026,50500.000000,1100,OPTSTK,BFO,5.000000,44000,False
882790,GVT&D26OCT5100CE,GVT&D,29OCT2026,510000.000000,125,OPTSTK,BFO,5.000000,100000000,False
882805,TECHM26OCT1500PE,TECHM,29OCT2026,150000.000000,600,OPTSTK,BFO,5.000000,24000,False
882820,UNOMINDA26OCT1360CE,UNOMINDA,29OCT2026,136000.000000,550,OPTSTK,BFO,5.000000,100000000,False
1128721,MANKIND26NOV2140PE,MANKIND,26NOV2026,214000.000000,250,OPTSTK,BFO,5.000000,100000000,False
1128767,FOCIT26NOV28700PE,FOCIT,26NOV2026,2870000.000000,45,OPTIDX,BFO,5.000000,1350,False
1128768,SENSEX26OCT68500CE,SENSEX,29OCT2026,6850000.000000,20,OPTIDX,BFO,5.000000,1000,False
1128814,UNITDSPR26NOV1280CE,UNITDSPR,26NOV2026,128000.000000,400,OPTSTK,BFO,5.000000,28000,False
885151,AMBER26OCT6400CE,AMBER,29OCT2026,640000.000000,100,OPTSTK,BFO,5.000000,100000000,False
885152,PFC26OCT355PE,PFC,29OCT2026,35500.000000,1300,OPTSTK,BFO,5.000000,124000,False
885157,POWERINDIA26OCT39000CE,POWERINDIA,29OCT2026,3900000.000000,25,OPTSTK,BFO,5.000000,100000000,False
885165,LUPIN26OCT2200PE,LUPIN,29OCT2026,220000.000000,425,OPTSTK,BFO,5.000000,34000,False
882830,COLPAL26OCT1900PE,COLPAL,29OCT2026,190000.000000,275,OPTSTK,BFO,5.000000,14000,False
882853,AMBER26OCT8200PE,AMBER,29OCT2026,820000.000000,100,OPTSTK,BFO,5.000000,100000000,False
882874,LICHSGFIN26OCT440PE,LICHSGFIN,29OCT2026,44000.000000,1000,OPTSTK,BFO,5.000000,60000,False
882877,DIVISLAB26OCT9100PE,DIVISLAB,29OCT2026,910000.000000,100,OPTSTK,BFO,5.000000,8000,False
1128850,AMBUJACEM26NOV360CE,AMBUJACEM,26NOV2026,36000.000000,1200,OPTSTK,BFO,5.000000,54000,False
1128871,HINDUNILVR26SEP1800PE,HINDUNILVR,24SEP2026,180000.000000,300,OPTSTK,BFO,5.000000,9000,False
1128879,BANKEX26NOV57100CE,BANKEX,26NOV2026,5710000.000000,30,OPTIDX,BFO,5.000000,900,False
1128904,COLPAL26SEP1660CE,COLPAL,24SEP2026,166000.000000,275,OPTSTK,BFO,5.000000,14000,False
885175,NAUKRI26OCT1420PE,NAUKRI,29OCT2026,142000.000000,550,OPTSTK,BFO,5.000000,6000,False
885233,VEDL26OCT320PE,VEDL,29OCT2026,32000.000000,1150,OPTSTK,BFO,5.000000,80000,False
885212,PAYTM26SEP1620CE,PAYTM,24SEP2026,162000.000000,725,OPTSTK,BFO,5.000000,100000000,False
885230,BHARATFORG26OCT1980CE,BHARATFORG,29OCT2026,198000.000000,500,OPTSTK,BFO,5.000000,30000,False
882892,LICI26OCT355PE,LICI,29OCT2026,35500.000000,1400,OPTSTK,BFO,5.000000,100000000,False
882895,MAXHEALTH26SEP1000PE,MAXHEALTH,24SEP2026,100000.000000,525,OPTSTK,BFO,5.000000,100000000,False
882915,COLPAL26OCT1880CE,COLPAL,29OCT2026,188000.000000,275,OPTSTK,BFO,5.000000,14000,False
882958,SIEMENS26SEP4300PE,SIEMENS,24SEP2026,430000.000000,175,OPTSTK,BFO,5.000000,8250,False
885243,PAGEIND26SEP35500PE,PAGEIND,24SEP2026,3550000.000000,20,OPTSTK,BFO,5.000000,600,False
885252,PAYTM26OCT1720CE,PAYTM,29OCT2026,172000.000000,725,OPTSTK,BFO,5.000000,100000000,False
885255,APLAPOLLO26SEP2120CE,APLAPOLLO,24SEP2026,212000.000000,350,OPTSTK,BFO,5.000000,100000000,False
885268,AMBER26OCT6400PE,AMBER,29OCT2026,640000.000000,100,OPTSTK,BFO,5.000000,100000000,False
1128942,SBIN26SEP930CE,SBIN,24SEP2026,93000.000000,750,OPTSTK,BFO,5.000000,45000,False
1128950,MANKIND26SEP2120CE,MANKIND,24SEP2026,212000.000000,250,OPTSTK,BFO,5.000000,100000000,False
1128964,SENSEX31JUN70000CE,SENSEX,26JUN2031,7000000.000000,20,OPTIDX,BFO,5.000000,1000,False
1128970,TATAELXSI26OCT3050CE,TATAELXSI,29OCT2026,305000.000000,125,OPTSTK,BFO,5.000000,100000000,False
883008,SENSEX27JUN73000PE,SENSEX,24JUN2027,7300000.000000,20,OPTIDX,BFO,5.000000,1000,False
883012,LICI26SEP375PE,LICI,24SEP2026,37500.000000,1400,OPTSTK,BFO,5.000000,100000000,False
883014,NATIONALUM26SEP450PE,NATIONALUM,24SEP2026,45000.000000,1875,OPTSTK,BFO,5.000000,300000,False
883040,CIPLA26OCT1380CE,CIPLA,29OCT2026,138000.000000,425,OPTSTK,BFO,5.000000,26000,False
883082,PREMIERENE26OCT1180CE,PREMIERENE,29OCT2026,118000.000000,650,OPTSTK,BFO,5.000000,100000000,False
883096,LICI26SEP360CE,LICI,24SEP2026,36000.000000,1400,OPTSTK,BFO,5.000000,100000000,False
883138,JIOFIN26SEP282.5CE,JIOFIN,24SEP2026,28250.000000,2350,OPTSTK,BFO,5.000000,100000000,False
883148,PAYTM26SEP1540CE,PAYTM,24SEP2026,154000.000000,725,OPTSTK,BFO,5.000000,100000000,False
885274,PAYTM26SEP1680CE,PAYTM,24SEP2026,168000.000000,725,OPTSTK,BFO,5.000000,100000000,False
885324,VEDL26OCT315PE,VEDL,29OCT2026,31500.000000,1150,OPTSTK,BFO,5.000000,80000,False
885338,JSWENERGY26OCT650PE,JSWENERGY,29OCT2026,65000.000000,1075,OPTSTK,BFO,5.000000,100000000,False
885341,APLAPOLLO26SEP2120PE,APLAPOLLO,24SEP2026,212000.000000,350,OPTSTK,BFO,5.000000,100000000,False
883153,LAURUSLABS26OCT1980PE,LAURUSLABS,29OCT2026,198000.000000,850,OPTSTK,BFO,5.000000,68000,False
883285,UNOMINDA26OCT1380PE,UNOMINDA,29OCT2026,138000.000000,550,OPTSTK,BFO,5.000000,100000000,False
883298,OIL26OCT405CE,OIL,29OCT2026,40500.000000,1400,OPTSTK,BFO,5.000000,100000000,False
883312,JSWSTEEL26SEP1460CE,JSWSTEEL,24SEP2026,146000.000000,675,OPTSTK,BFO,5.000000,40500,False
885350,PAYTM26SEP1720CE,PAYTM,24SEP2026,172000.000000,725,OPTSTK,BFO,5.000000,100000000,False
885378,HEROMOTOCO26OCT6500CE,HEROMOTOCO,29OCT2026,650000.000000,150,OPTSTK,BFO,5.000000,9000,False
885397,JUBLFOOD26OCT525CE,JUBLFOOD,29OCT2026,52500.000000,1250,OPTSTK,BFO,5.000000,50000,False
885414,IEX26OCT107.5CE,IEX,29OCT2026,10750.000000,4350,OPTSTK,BFO,5.000000,150000,False
883341,PNBHOUSING26OCT1240PE,PNBHOUSING,29OCT2026,124000.000000,650,OPTSTK,BFO,5.000000,100000000,False
883383,BOSCHLTD26OCT46500CE,BOSCHLTD,29OCT2026,4650000.000000,25,OPTSTK,BFO,5.000000,1500,False
883427,UNOMINDA26SEP1400CE,UNOMINDA,24SEP2026,140000.000000,550,OPTSTK,BFO,5.000000,100000000,False
883464,ULTRACEMCO26SEP12900CE,ULTRACEMCO,24SEP2026,1290000.000000,50,OPTSTK,BFO,5.000000,3000,False
885431,GRASIM26SEP3500CE,GRASIM,24SEP2026,350000.000000,250,OPTSTK,BFO,5.000000,14250,False
885474,BAJAJHLDNG26OCT12200PE,BAJAJHLDNG,29OCT2026,1220000.000000,75,OPTSTK,BFO,5.000000,100000000,False
885495,RECLTD26SEP310CE,RECLTD,24SEP2026,31000.000000,1575,OPTSTK,BFO,5.000000,160000,False
885511,BRITANNIA26OCT5900PE,BRITANNIA,29OCT2026,590000.000000,125,OPTSTK,BFO,5.000000,6000,False
1128974,FOCIT26OCT28800CE,FOCIT,29OCT2026,2880000.000000,45,OPTIDX,BFO,5.000000,1350,False
1129003,ICICIPRULI26NOV430PE,ICICIPRULI,26NOV2026,43000.000000,925,OPTSTK,BFO,5.000000,60000,False
1129019,HEROMOTOCO26NOV4500CE,HEROMOTOCO,26NOV2026,450000.000000,150,OPTSTK,BFO,5.000000,9000,False
1129021,SENSEX26OCT68300PE,SENSEX,29OCT2026,6830000.000000,20,OPTIDX,BFO,5.000000,1000,False
885540,LUPIN26OCT2140PE,LUPIN,29OCT2026,214000.000000,425,OPTSTK,BFO,5.000000,34000,False
885550,RECLTD26OCT320CE,RECLTD,29OCT2026,32000.000000,1575,OPTSTK,BFO,5.000000,160000,False
885555,JUBLFOOD26OCT530PE,JUBLFOOD,29OCT2026,53000.000000,1250,OPTSTK,BFO,5.000000,50000,False
885568,GODREJCP26OCT970CE,GODREJCP,29OCT2026,97000.000000,500,OPTSTK,BFO,5.000000,30000,False
1129091,OBEROIRLTY26NOV1660CE,OBEROIRLTY,26NOV2026,166000.000000,350,OPTSTK,BFO,5.000000,28000,False
1129029,SENSEX30DEC70000PE,SENSEX,26DEC2030,7000000.000000,20,OPTIDX,BFO,5.000000,1000,False
1129035,ADANIPORTS26NOV1900CE,ADANIPORTS,26NOV2026,190000.000000,475,OPTSTK,BFO,5.000000,32000,False
1129067,SENSEX26NOV67900PE,SENSEX,26NOV2026,6790000.000000,20,OPTIDX,BFO,5.000000,1000,False
883509,ICICIGI26OCT1820CE,ICICIGI,29OCT2026,182000.000000,325,OPTSTK,BFO,5.000000,20000,False
883523,SONACOMS26OCT870PE,SONACOMS,29OCT2026,87000.000000,1225,OPTSTK,BFO,5.000000,100000000,False
883530,CROMPTON26OCT305PE,CROMPTON,29OCT2026,30500.000000,2150,OPTSTK,BFO,5.000000,90000,False
883551,MARICO26OCT790PE,MARICO,29OCT2026,79000.000000,1200,OPTSTK,BFO,5.000000,48000,False
885585,LTM26SEP5100CE,LTM,24SEP2026,510000.000000,150,OPTSTK,BFO,5.000000,4500,False
885605,PAYTM26SEP1700CE,PAYTM,24SEP2026,170000.000000,725,OPTSTK,BFO,5.000000,100000000,False
885648,BLUESTARCO26SEP1360PE,BLUESTARCO,24SEP2026,136000.000000,325,OPTSTK,BFO,5.000000,100000000,False
885669,FOCIT26SEP45400CE,FOCIT,24SEP2026,4540000.000000,45,OPTIDX,BFO,5.000000,1350,False
1129101,ALKEM26SEP4800CE,ALKEM,24SEP2026,480000.000000,125,OPTSTK,BFO,5.000000,8000,False
1129111,SENSEX26OCT68500PE,SENSEX,29OCT2026,6850000.000000,20,OPTIDX,BFO,5.000000,1000,False
1129153,UNITDSPR26NOV1280PE,UNITDSPR,26NOV2026,128000.000000,400,OPTSTK,BFO,5.000000,28000,False
1129160,FOCIT26SEP28600CE,FOCIT,24SEP2026,2860000.000000,45,OPTIDX,BFO,5.000000,1350,False
883552,MOTILALOFS26OCT1020PE,MOTILALOFS,29OCT2026,102000.000000,775,OPTSTK,BFO,5.000000,100000000,False
883575,JSWSTEEL26OCT1440PE,JSWSTEEL,29OCT2026,144000.000000,675,OPTSTK,BFO,5.000000,40500,False
883612,GMRAIRPORT26OCT114CE,GMRAIRPORT,29OCT2026,11400.000000,6975,OPTSTK,BFO,5.000000,675000,False
883623,KALYANKJIL26OCT555PE,KALYANKJIL,29OCT2026,55500.000000,1350,OPTSTK,BFO,5.000000,100000000,False
885677,FOCIT26OCT45400PE,FOCIT,29OCT2026,4540000.000000,45,OPTIDX,BFO,5.000000,1350,False
885723,PAYTM26SEP1740PE,PAYTM,24SEP2026,174000.000000,725,OPTSTK,BFO,5.000000,100000000,False
885788,BOSCHLTD26SEP48000PE,BOSCHLTD,24SEP2026,4800000.000000,25,OPTSTK,BFO,5.000000,1500,False
885805,BOSCHLTD26OCT48500CE,BOSCHLTD,29OCT2026,4850000.000000,25,OPTSTK,BFO,5.000000,1500,False
883646,APLAPOLLO26SEP2100CE,APLAPOLLO,24SEP2026,210000.000000,350,OPTSTK,BFO,5.000000,100000000,False
883650,TATASTEEL26SEP210PE,TATASTEEL,24SEP2026,21000.000000,2750,OPTSTK,BFO,5.000000,220000,False
883691,MARICO26OCT780PE,MARICO,29OCT2026,78000.000000,1200,OPTSTK,BFO,5.000000,48000,False
883696,HINDZINC26SEP660CE,HINDZINC,24SEP2026,66000.000000,1225,OPTSTK,BFO,5.000000,100000000,False
1129162,FOCIT26NOV29300CE,FOCIT,26NOV2026,2930000.000000,45,OPTIDX,BFO,5.000000,1350,False
1129187,SENSEX2691767900PE,SENSEX,17SEP2026,6790000.000000,20,OPTIDX,BFO,5.000000,1000,False
1129219,TATAELXSI26NOV3050PE,TATAELXSI,26NOV2026,305000.000000,125,OPTSTK,BFO,5.000000,100000000,False
1129224,AMBUJACEM26OCT360PE,AMBUJACEM,29OCT2026,36000.000000,1200,OPTSTK,BFO,5.000000,54000,False
885825,ZYDUSLIFE26OCT1230PE,ZYDUSLIFE,29OCT2026,123000.000000,900,OPTSTK,BFO,5.000000,54000,False
885827,MANKIND26OCT2280PE,MANKIND,29OCT2026,228000.000000,250,OPTSTK,BFO,5.000000,100000000,False
885833,MOTHERSON26SEP187.5CE,MOTHERSON,24SEP2026,18750.000000,6150,OPTSTK,BFO,5.000000,284000,False
885863,IREDA26OCT100PE,IREDA,29OCT2026,10000.000000,4525,OPTSTK,BFO,5.000000,100000000,False
883697,JUBLFOOD26OCT515CE,JUBLFOOD,29OCT2026,51500.000000,1250,OPTSTK,BFO,5.000000,50000,False
883736,UNOMINDA26OCT1380CE,UNOMINDA,29OCT2026,138000.000000,550,OPTSTK,BFO,5.000000,100000000,False
883749,HINDALCO26OCT1180PE,HINDALCO,29OCT2026,118000.000000,700,OPTSTK,BFO,5.000000,56000,False
883759,SENSEX26SEP72000CE,SENSEX,24SEP2026,7200000.000000,20,OPTIDX,BFO,5.000000,1000,False
1129260,FOCIT26OCT28800PE,FOCIT,29OCT2026,2880000.000000,45,OPTIDX,BFO,5.000000,1350,False
1129279,SENSEX26NOV68400PE,SENSEX,26NOV2026,6840000.000000,20,OPTIDX,BFO,5.000000,1000,False
1129302,NBCC26SEP65CE,NBCC,24SEP2026,6500.000000,6500,OPTSTK,BFO,5.000000,100000000,False
1129310,HDFCLIFE26NOV490PE,HDFCLIFE,26NOV2026,49000.000000,1100,OPTSTK,BFO,5.000000,44000,False
885868,BOSCHLTD26SEP48500CE,BOSCHLTD,24SEP2026,4850000.000000,25,OPTSTK,BFO,5.000000,1500,False
885884,NAUKRI26OCT1480PE,NAUKRI,29OCT2026,148000.000000,550,OPTSTK,BFO,5.000000,6000,False
885896,IRFC26OCT81CE,IRFC,29OCT2026,8100.000000,5425,OPTSTK,BFO,5.000000,100000000,False
885942,SBICARD26OCT580PE,SBICARD,29OCT2026,58000.000000,800,OPTSTK,BFO,5.000000,32000,False
1129315,BDL26SEP1080PE,BDL,24SEP2026,108000.000000,425,OPTSTK,BFO,5.000000,100000000,False
1129327,ICICIPRULI26NOV425CE,ICICIPRULI,26NOV2026,42500.000000,925,OPTSTK,BFO,5.000000,60000,False
1129369,MPHASIS26NOV1950CE,MPHASIS,26NOV2026,195000.000000,275,OPTSTK,BFO,5.000000,11000,False
1129377,SHREECEM26NOV21250PE,SHREECEM,26NOV2026,2125000.000000,25,OPTSTK,BFO,5.000000,1000,False
885957,AMBUJACEM26OCT385PE,AMBUJACEM,29OCT2026,38500.000000,1200,OPTSTK,BFO,5.000000,54000,False
885961,KEI26SEP6400PE,KEI,24SEP2026,640000.000000,175,OPTSTK,BFO,5.000000,100000000,False
885967,UNIONBANK26SEP205CE,UNIONBANK,24SEP2026,20500.000000,4425,OPTSTK,BFO,5.000000,100000000,False
885994,APOLLOHOSP26OCT8000PE,APOLLOHOSP,29OCT2026,800000.000000,125,OPTSTK,BFO,5.000000,5000,False
883801,POWERGRID26SEP260PE,POWERGRID,24SEP2026,26000.000000,1900,OPTSTK,BFO,5.000000,108000,False
883821,POWERGRID26OCT262.5CE,POWERGRID,29OCT2026,26250.000000,1900,OPTSTK,BFO,5.000000,108000,False
883827,BLUESTARCO26OCT1440PE,BLUESTARCO,29OCT2026,144000.000000,325,OPTSTK,BFO,5.000000,100000000,False
883837,BLUESTARCO26OCT1500CE,BLUESTARCO,29OCT2026,150000.000000,325,OPTSTK,BFO,5.000000,100000000,False
1129416,PGEL26OCT470PE,PGEL,29OCT2026,47000.000000,950,OPTSTK,BFO,5.000000,100000000,False
1129452,PAYTM26OCT1880CE,PAYTM,29OCT2026,188000.000000,725,OPTSTK,BFO,5.000000,100000000,False
1129459,COALINDIA26NOV460PE,COALINDIA,26NOV2026,46000.000000,1350,OPTSTK,BFO,5.000000,126000,False
1129485,SENSEX2691768300CE,SENSEX,17SEP2026,6830000.000000,20,OPTIDX,BFO,5.000000,1000,False
886000,LUPIN26OCT2120CE,LUPIN,29OCT2026,212000.000000,425,OPTSTK,BFO,5.000000,34000,False
886013,GODREJCP26OCT870CE,GODREJCP,29OCT2026,87000.000000,500,OPTSTK,BFO,5.000000,30000,False
886031,TATACONSUM26SEP990PE,TATACONSUM,24SEP2026,99000.000000,550,OPTSTK,BFO,5.000000,36000,False
886037,GODREJCP26OCT940PE,GODREJCP,29OCT2026,94000.000000,500,OPTSTK,BFO,5.000000,30000,False
883858,PIDILITIND26OCT1820PE,PIDILITIND,29OCT2026,182000.000000,500,OPTSTK,BFO,5.000000,10000,False
883863,CANBK26OCT150CE,CANBK,29OCT2026,15000.000000,6750,OPTSTK,BFO,5.000000,81000,False
883874,PIDILITIND26SEP1820CE,PIDILITIND,24SEP2026,182000.000000,500,OPTSTK,BFO,5.000000,10000,False
883905,BEL26OCT435CE,BEL,29OCT2026,43500.000000,1425,OPTSTK,BFO,5.000000,228000,False
886038,SENSEX26SEP70000PE,SENSEX,24SEP2026,7000000.000000,20,OPTIDX,BFO,5.000000,1000,False
886052,ADANIPOWER26OCT170CE,ADANIPOWER,29OCT2026,17000.000000,3550,OPTSTK,BFO,5.000000,100000000,False
886077,FORTIS26SEP850CE,FORTIS,24SEP2026,85000.000000,775,OPTSTK,BFO,5.000000,100000000,False
886106,PNB26OCT124PE,PNB,29OCT2026,12400.000000,8000,OPTSTK,BFO,5.000000,480000,False
1129517,MANKIND26OCT2120PE,MANKIND,29OCT2026,212000.000000,250,OPTSTK,BFO,5.000000,100000000,False
1129519,SENSEX26O2268200CE,SENSEX,22OCT2026,6820000.000000,20,OPTIDX,BFO,5.000000,1000,False
1129526,HINDUNILVR26NOV1800CE,HINDUNILVR,26NOV2026,180000.000000,300,OPTSTK,BFO,5.000000,9000,False
1129532,BAJFINANCE26OCT970CE,BAJFINANCE,29OCT2026,97000.000000,750,OPTSTK,BFO,5.000000,3750,False
883929,MANKIND26OCT2300PE,MANKIND,29OCT2026,230000.000000,250,OPTSTK,BFO,5.000000,100000000,False
883951,GLENMARK26OCT2440CE,GLENMARK,29OCT2026,244000.000000,375,OPTSTK,BFO,5.000000,43500,False
883959,SHRIRAMFIN26SEP1280CE,SHRIRAMFIN,24SEP2026,128000.000000,825,OPTSTK,BFO,5.000000,18000,False
884018,SENSEX26OCT86000PE,SENSEX,29OCT2026,8600000.000000,20,OPTIDX,BFO,5.000000,1000,False
886108,FORTIS26SEP830PE,FORTIS,24SEP2026,83000.000000,775,OPTSTK,BFO,5.000000,100000000,False
886135,MAXHEALTH26SEP950CE,MAXHEALTH,24SEP2026,95000.000000,525,OPTSTK,BFO,5.000000,100000000,False
886158,TCS26OCT2200PE,TCS,29OCT2026,220000.000000,225,OPTSTK,BFO,5.000000,7000,False
886175,PIIND26OCT2250PE,PIIND,29OCT2026,225000.000000,175,OPTSTK,BFO,5.000000,7500,False
1129551,SENSEX26OCT67900CE,SENSEX,29OCT2026,6790000.000000,20,OPTIDX,BFO,5.000000,1000,False
1129597,FOCIT26OCT28700PE,FOCIT,29OCT2026,2870000.000000,45,OPTIDX,BFO,5.000000,1350,False
1129601,JIOFIN26NOV212.5CE,JIOFIN,26NOV2026,21250.000000,2350,OPTSTK,BFO,5.000000,100000000,False
1129622,COCHINSHIP26SEP1700PE,COCHINSHIP,24SEP2026,170000.000000,400,OPTSTK,BFO,5.000000,100000000,False
884037,POWERGRID26OCT257.5PE,POWERGRID,29OCT2026,25750.000000,1900,OPTSTK,BFO,5.000000,108000,False
884047,SENSEX30JUN72000CE,SENSEX,27JUN2030,7200000.000000,20,OPTIDX,BFO,5.000000,1000,False
884071,SENSEX27JUN72000CE,SENSEX,24JUN2027,7200000.000000,20,OPTIDX,BFO,5.000000,1000,False
884141,SENSEX5026SEP26900PE,SENSEX50,24SEP2026,2690000.000000,75,OPTIDX,BFO,5.000000,1800,False
886182,ADANIPOWER26SEP170PE,ADANIPOWER,24SEP2026,17000.000000,3550,OPTSTK,BFO,5.000000,100000000,False
886205,GODREJCP26OCT880PE,GODREJCP,29OCT2026,88000.000000,500,OPTSTK,BFO,5.000000,30000,False
886209,FORTIS26SEP840CE,FORTIS,24SEP2026,84000.000000,775,OPTSTK,BFO,5.000000,100000000,False
886216,MAXHEALTH26OCT940PE,MAXHEALTH,29OCT2026,94000.000000,525,OPTSTK,BFO,5.000000,100000000,False
1129662,BANKEX26OCT57100CE,BANKEX,29OCT2026,5710000.000000,30,OPTIDX,BFO,5.000000,900,False
1129642,SHREECEM26SEP21250PE,SHREECEM,24SEP2026,2125000.000000,25,OPTSTK,BFO,5.000000,1000,False
1129648,LICI26NOV370CE,LICI,26NOV2026,37000.000000,1400,OPTSTK,BFO,5.000000,100000000,False
1129655,LODHA26OCT1020CE,LODHA,29OCT2026,102000.000000,625,OPTSTK,BFO,5.000000,100000000,False
884142,COCHINSHIP26OCT1620CE,COCHINSHIP,29OCT2026,162000.000000,400,OPTSTK,BFO,5.000000,100000000,False
884173,UNIONBANK26OCT195CE,UNIONBANK,29OCT2026,19500.000000,4425,OPTSTK,BFO,5.000000,100000000,False
884191,PIDILITIND26OCT1800PE,PIDILITIND,29OCT2026,180000.000000,500,OPTSTK,BFO,5.000000,10000,False
884207,BLUESTARCO26OCT1460PE,BLUESTARCO,29OCT2026,146000.000000,325,OPTSTK,BFO,5.000000,100000000,False
886224,PNB26SEP125CE,PNB,24SEP2026,12500.000000,8000,OPTSTK,BFO,5.000000,480000,False
886225,NATIONALUM26OCT470CE,NATIONALUM,29OCT2026,47000.000000,1875,OPTSTK,BFO,5.000000,300000,False
886252,MARUTI26OCT13200PE,MARUTI,29OCT2026,1320000.000000,50,OPTSTK,BFO,5.000000,3000,False
886266,BDL26OCT1460CE,BDL,29OCT2026,146000.000000,425,OPTSTK,BFO,5.000000,100000000,False
886320,NATIONALUM26SEP490PE,NATIONALUM,24SEP2026,49000.000000,1875,OPTSTK,BFO,5.000000,300000,False
886339,ADANIPOWER26OCT170PE,ADANIPOWER,29OCT2026,17000.000000,3550,OPTSTK,BFO,5.000000,100000000,False
886346,GODREJCP26SEP870PE,GODREJCP,24SEP2026,87000.000000,500,OPTSTK,BFO,5.000000,30000,False
886354,GODREJCP26OCT930CE,GODREJCP,29OCT2026,93000.000000,500,OPTSTK,BFO,5.000000,30000,False
1129696,SENSEX26O2268000PE,SENSEX,22OCT2026,6800000.000000,20,OPTIDX,BFO,5.000000,1000,False
1129710,ICICIBANK26OCT1320CE,ICICIBANK,29OCT2026,132000.000000,700,OPTSTK,BFO,5.000000,28000,False
1129713,SBILIFE26SEP1540PE,SBILIFE,24SEP2026,154000.000000,375,OPTSTK,BFO,5.000000,22500,False
1129714,BANKEX26OCT56700CE,BANKEX,29OCT2026,5670000.000000,30,OPTIDX,BFO,5.000000,900,False
884264,SENSEX26OCT85700PE,SENSEX,29OCT2026,8570000.000000,20,OPTIDX,BFO,5.000000,1000,False
884275,CONCOR26OCT475PE,CONCOR,29OCT2026,47500.000000,1250,OPTSTK,BFO,5.000000,40000,False
884302,SBIN26SEP1150CE,SBIN,24SEP2026,115000.000000,750,OPTSTK,BFO,5.000000,45000,False
884314,BANKBARODA26OCT285PE,BANKBARODA,29OCT2026,28500.000000,2925,OPTSTK,BFO,5.000000,175500,False
886410,MAXHEALTH26OCT940CE,MAXHEALTH,29OCT2026,94000.000000,525,OPTSTK,BFO,5.000000,100000000,False
886449,SENSEX26O0176200CE,SENSEX,01OCT2026,7620000.000000,20,OPTIDX,BFO,5.000000,1000,False
886465,HINDPETRO26OCT340CE,HINDPETRO,29OCT2026,34000.000000,2025,OPTSTK,BFO,5.000000,108000,False
886488,SENSEX26O0178800PE,SENSEX,01OCT2026,7880000.000000,20,OPTIDX,BFO,5.000000,1000,False
884328,HAL26SEP5200PE,HAL,24SEP2026,520000.000000,150,OPTSTK,BFO,5.000000,9000,False
884372,HAL26SEP5050CE,HAL,24SEP2026,505000.000000,150,OPTSTK,BFO,5.000000,9000,False
884387,BLUESTARCO26OCT1480CE,BLUESTARCO,29OCT2026,148000.000000,325,OPTSTK,BFO,5.000000,100000000,False
884406,UNIONBANK26OCT200CE,UNIONBANK,29OCT2026,20000.000000,4425,OPTSTK,BFO,5.000000,100000000,False
1129715,PAYTM26OCT1880PE,PAYTM,29OCT2026,188000.000000,725,OPTSTK,BFO,5.000000,100000000,False
1129716,ULTRACEMCO26NOV10300CE,ULTRACEMCO,26NOV2026,1030000.000000,50,OPTSTK,BFO,5.000000,3000,False
1129732,MPHASIS26OCT1950PE,MPHASIS,29OCT2026,195000.000000,275,OPTSTK,BFO,5.000000,11000,False
1129743,HDFCBANK26NOV620CE,HDFCBANK,26NOV2026,62000.000000,650,OPTSTK,BFO,5.000000,16500,False
886570,SOLARINDS26SEP21250CE,SOLARINDS,24SEP2026,2125000.000000,50,OPTSTK,BFO,5.000000,100000000,False
886587,HINDPETRO26SEP320CE,HINDPETRO,24SEP2026,32000.000000,2025,OPTSTK,BFO,5.000000,108000,False
886590,SENSEX26O0174300CE,SENSEX,01OCT2026,7430000.000000,20,OPTIDX,BFO,5.000000,1000,False
886618,HCLTECH26SEP1440PE,HCLTECH,24SEP2026,144000.000000,400,OPTSTK,BFO,5.000000,21000,False
884414,SENSEX26SEP85900PE,SENSEX,24SEP2026,8590000.000000,20,OPTIDX,BFO,5.000000,1000,False
884425,POWERGRID26SEP257.5CE,POWERGRID,24SEP2026,25750.000000,1900,OPTSTK,BFO,5.000000,108000,False
884433,SENSEX26OCT85800PE,SENSEX,29OCT2026,8580000.000000,20,OPTIDX,BFO,5.000000,1000,False
884448,BSE26SEP1600CE,BSE,29SEP2026,160000.000000,200,OPTSTK,BFO,5.000000,3751,False
1129753,COALINDIA26OCT465PE,COALINDIA,29OCT2026,46500.000000,1350,OPTSTK,BFO,5.000000,126000,False
1129797,SENSEX26O1568100PE,SENSEX,15OCT2026,6810000.000000,20,OPTIDX,BFO,5.000000,1000,False
1129803,BANKEX26OCT56900CE,BANKEX,29OCT2026,5690000.000000,30,OPTIDX,BFO,5.000000,900,False
1129861,FOCIT26NOV28800PE,FOCIT,26NOV2026,2880000.000000,45,OPTIDX,BFO,5.000000,1350,False
886634,SENSEX26O0182300PE,SENSEX,01OCT2026,8230000.000000,20,OPTIDX,BFO,5.000000,1000,False
886666,PAGEIND26OCT33500CE,PAGEIND,29OCT2026,3350000.000000,20,OPTSTK,BFO,5.000000,600,False
886670,SOLARINDS26SEP21750PE,SOLARINDS,24SEP2026,2175000.000000,50,OPTSTK,BFO,5.000000,100000000,False
886672,SENSEX26O0182200CE,SENSEX,01OCT2026,8220000.000000,20,OPTIDX,BFO,5.000000,1000,False
884450,BSE26SEP1600PE,BSE,29SEP2026,160000.000000,200,OPTSTK,BFO,5.000000,3751,False
884499,MOTHERSON26OCT175PE,MOTHERSON,29OCT2026,17500.000000,6150,OPTSTK,BFO,5.000000,284000,False
884511,INDUSTOWER26OCT345PE,INDUSTOWER,29OCT2026,34500.000000,1700,OPTSTK,BFO,5.000000,170000,False
884519,UNOMINDA26OCT1420CE,UNOMINDA,29OCT2026,142000.000000,550,OPTSTK,BFO,5.000000,100000000,False
1129867,CIPLA26SEP1300CE,CIPLA,24SEP2026,130000.000000,425,OPTSTK,BFO,5.000000,26000,False
1129914,WIPRO26NOV152.5CE,WIPRO,26NOV2026,15250.000000,3000,OPTSTK,BFO,5.000000,60000,False
1129915,SENSEX5026NOV23650PE,SENSEX50,26NOV2026,2365000.000000,75,OPTIDX,BFO,5.000000,1800,False
1129942,MUTHOOTFIN26OCT2450CE,MUTHOOTFIN,29OCT2026,245000.000000,275,OPTSTK,BFO,5.000000,22000,False
886677,SENSEX26O0180800CE,SENSEX,01OCT2026,8080000.000000,20,OPTIDX,BFO,5.000000,1000,False
886705,ASTRAL26OCT1720PE,ASTRAL,29OCT2026,172000.000000,425,OPTSTK,BFO,5.000000,14680,False
886706,INDUSTOWER26OCT420CE,INDUSTOWER,29OCT2026,42000.000000,1700,OPTSTK,BFO,5.000000,170000,False
886757,SENSEX26O0183400CE,SENSEX,01OCT2026,8340000.000000,20,OPTIDX,BFO,5.000000,1000,False
1129943,SENSEX5026SEP23700CE,SENSEX50,24SEP2026,2370000.000000,75,OPTIDX,BFO,5.000000,1800,False
1130039,SHREECEM26SEP21000CE,SHREECEM,24SEP2026,2100000.000000,25,OPTSTK,BFO,5.000000,1000,False
884546,BLUESTARCO26SEP1420CE,BLUESTARCO,24SEP2026,142000.000000,325,OPTSTK,BFO,5.000000,100000000,False
884552,MOTHERSON26SEP182.5PE,MOTHERSON,24SEP2026,18250.000000,6150,OPTSTK,BFO,5.000000,284000,False
884553,UNOMINDA26SEP1420PE,UNOMINDA,24SEP2026,142000.000000,550,OPTSTK,BFO,5.000000,100000000,False
884593,LAURUSLABS26OCT2000CE,LAURUSLABS,29OCT2026,200000.000000,850,OPTSTK,BFO,5.000000,68000,False
1129948,ICICIBANK26NOV1320PE,ICICIBANK,26NOV2026,132000.000000,700,OPTSTK,BFO,5.000000,28000,False
1130030,GODFRYPHLP26OCT1600PE,GODFRYPHLP,29OCT2026,160000.000000,275,OPTSTK,BFO,5.000000,100000000,False
886782,APLAPOLLO26SEP2160CE,APLAPOLLO,24SEP2026,216000.000000,350,OPTSTK,BFO,5.000000,100000000,False
886783,SENSEX26O0183700PE,SENSEX,01OCT2026,8370000.000000,20,OPTIDX,BFO,5.000000,1000,False
886804,SENSEX26O0171300CE,SENSEX,01OCT2026,7130000.000000,20,OPTIDX,BFO,5.000000,1000,False
886806,ICICIBANK26OCT1340CE,ICICIBANK,29OCT2026,134000.000000,700,OPTSTK,BFO,5.000000,28000,False
884611,SBIN26OCT1170PE,SBIN,29OCT2026,117000.000000,750,OPTSTK,BFO,5.000000,45000,False
884625,NESTLEIND26SEP1610PE,NESTLEIND,24SEP2026,161000.000000,500,OPTSTK,BFO,5.000000,1200,False
884653,FOCIT26SEP45100CE,FOCIT,24SEP2026,4510000.000000,45,OPTIDX,BFO,5.000000,1350,False
884656,BHARATFORG26OCT2420CE,BHARATFORG,29OCT2026,242000.000000,500,OPTSTK,BFO,5.000000,30000,False
886854,SOLARINDS26SEP21000PE,SOLARINDS,24SEP2026,2100000.000000,50,OPTSTK,BFO,5.000000,100000000,False
886856,SENSEX26O0181500CE,SENSEX,01OCT2026,8150000.000000,20,OPTIDX,BFO,5.000000,1000,False
886865,SENSEX26O0179200PE,SENSEX,01OCT2026,7920000.000000,20,OPTIDX,BFO,5.000000,1000,False
886873,SENSEX26O0175500PE,SENSEX,01OCT2026,7550000.000000,20,OPTIDX,BFO,5.000000,1000,False
1130043,ICICIBANK26NOV1310PE,ICICIBANK,26NOV2026,131000.000000,700,OPTSTK,BFO,5.000000,28000,False
1130069,TVSMOTOR26NOV3750PE,TVSMOTOR,26NOV2026,375000.000000,175,OPTSTK,BFO,5.000000,21000,False
1130086,MARUTI26NOV11800CE,MARUTI,26NOV2026,1180000.000000,50,OPTSTK,BFO,5.000000,3000,False
1130101,SHREECEM26NOV21000CE,SHREECEM,26NOV2026,2100000.000000,25,OPTSTK,BFO,5.000000,1000,False
886897,HINDPETRO26SEP330PE,HINDPETRO,24SEP2026,33000.000000,2025,OPTSTK,BFO,5.000000,108000,False
886900,SENSEX26O0177700CE,SENSEX,01OCT2026,7770000.000000,20,OPTIDX,BFO,5.000000,1000,False
886901,MANAPPURAM26OCT310PE,MANAPPURAM,29OCT2026,31000.000000,3000,OPTSTK,BFO,5.000000,180000,False
886919,PETRONET26OCT240CE,PETRONET,29OCT2026,24000.000000,1900,OPTSTK,BFO,5.000000,120000,False
884663,BLUESTARCO26SEP1420PE,BLUESTARCO,24SEP2026,142000.000000,325,OPTSTK,BFO,5.000000,100000000,False
884671,HDFCBANK26SEP660PE,HDFCBANK,24SEP2026,66000.000000,650,OPTSTK,BFO,5.000000,16500,False
884694,MOTHERSON26SEP177.5PE,MOTHERSON,24SEP2026,17750.000000,6150,OPTSTK,BFO,5.000000,284000,False
884696,HINDALCO26SEP1200PE,HINDALCO,24SEP2026,120000.000000,700,OPTSTK,BFO,5.000000,56000,False
1130124,DIXON26NOV11750PE,DIXON,26NOV2026,1175000.000000,50,OPTSTK,BFO,5.000000,6000,False
1130185,SUZLON26OCT37CE,SUZLON,29OCT2026,3700.000000,12700,OPTSTK,BFO,5.000000,100000000,False
1130195,CAMS26OCT640PE,CAMS,29OCT2026,64000.000000,825,OPTSTK,BFO,5.000000,100000000,False
1130196,ALKEM26NOV4750PE,ALKEM,26NOV2026,475000.000000,125,OPTSTK,BFO,5.000000,8000,False
886986,PAYTM26SEP1760CE,PAYTM,24SEP2026,176000.000000,725,OPTSTK,BFO,5.000000,100000000,False
887017,SENSEX26O0173500CE,SENSEX,01OCT2026,7350000.000000,20,OPTIDX,BFO,5.000000,1000,False
887049,HINDPETRO26OCT380PE,HINDPETRO,29OCT2026,38000.000000,2025,OPTSTK,BFO,5.000000,108000,False
887061,SENSEX26O0183700CE,SENSEX,01OCT2026,8370000.000000,20,OPTIDX,BFO,5.000000,1000,False
884719,M&M26OCT3850CE,M&M,29OCT2026,385000.000000,200,OPTSTK,BFO,5.000000,21000,False
884756,SWIGGY26OCT245CE,SWIGGY,29OCT2026,24500.000000,1825,OPTSTK,BFO,5.000000,100000000,False
884867,SONACOMS26SEP890PE,SONACOMS,24SEP2026,89000.000000,1225,OPTSTK,BFO,5.000000,100000000,False
884889,INDUSTOWER26OCT400PE,INDUSTOWER,29OCT2026,40000.000000,1700,OPTSTK,BFO,5.000000,170000,False
1130203,OBEROIRLTY26NOV1640CE,OBEROIRLTY,26NOV2026,164000.000000,350,OPTSTK,BFO,5.000000,28000,False
1130216,FOCIT26OCT28200PE,FOCIT,29OCT2026,2820000.000000,45,OPTIDX,BFO,5.000000,1350,False
1130256,LUPIN26NOV1940PE,LUPIN,26NOV2026,194000.000000,425,OPTSTK,BFO,5.000000,34000,False
1130282,TIINDIA26NOV2250PE,TIINDIA,26NOV2026,225000.000000,200,OPTSTK,BFO,5.000000,100000000,False
887087,SENSEX26O0181700PE,SENSEX,01OCT2026,8170000.000000,20,OPTIDX,BFO,5.000000,1000,False
887110,CUMMINSIND26SEP4600CE,CUMMINSIND,24SEP2026,460000.000000,200,OPTSTK,BFO,5.000000,18000,False
887116,SHREECEM26SEP23250CE,SHREECEM,24SEP2026,2325000.000000,25,OPTSTK,BFO,5.000000,1000,False
887160,SENSEX26O0174300PE,SENSEX,01OCT2026,7430000.000000,20,OPTIDX,BFO,5.000000,1000,False
1130283,GODREJPROP26OCT1640CE,GODREJPROP,29OCT2026,164000.000000,325,OPTSTK,BFO,5.000000,19000,False
1130318,ICICIGI26SEP1320PE,ICICIGI,24SEP2026,132000.000000,325,OPTSTK,BFO,5.000000,20000,False
1130329,CONCOR26NOV465CE,CONCOR,26NOV2026,46500.000000,1250,OPTSTK,BFO,5.000000,40000,False
1130339,NMDC26NOV76PE,NMDC,26NOV2026,7600.000000,6750,OPTSTK,BFO,5.000000,225000,False
884891,INDUSTOWER26OCT405CE,INDUSTOWER,29OCT2026,40500.000000,1700,OPTSTK,BFO,5.000000,170000,False
884896,INDUSTOWER26SEP380PE,INDUSTOWER,24SEP2026,38000.000000,1700,OPTSTK,BFO,5.000000,170000,False
884914,HDFCBANK26SEP660CE,HDFCBANK,24SEP2026,66000.000000,650,OPTSTK,BFO,5.000000,16500,False
884943,INDUSTOWER26OCT350PE,INDUSTOWER,29OCT2026,35000.000000,1700,OPTSTK,BFO,5.000000,170000,False
887174,PAYTM26SEP1760PE,PAYTM,24SEP2026,176000.000000,725,OPTSTK,BFO,5.000000,100000000,False
887193,SENSEX26O0176500CE,SENSEX,01OCT2026,7650000.000000,20,OPTIDX,BFO,5.000000,1000,False
887201,HINDPETRO26OCT330PE,HINDPETRO,29OCT2026,33000.000000,2025,OPTSTK,BFO,5.000000,108000,False
887227,SENSEX26O0182200PE,SENSEX,01OCT2026,8220000.000000,20,OPTIDX,BFO,5.000000,1000,False
1130356,SAIL26NOV165PE,SAIL,26NOV2026,16500.000000,4700,OPTSTK,BFO,5.000000,320000,False
1130383,NESTLEIND26SEP1310CE,NESTLEIND,24SEP2026,131000.000000,500,OPTSTK,BFO,5.000000,1200,False
1130411,OBEROIRLTY26NOV1620CE,OBEROIRLTY,26NOV2026,162000.000000,350,OPTSTK,BFO,5.000000,28000,False
1130434,OBEROIRLTY26OCT1620CE,OBEROIRLTY,29OCT2026,162000.000000,350,OPTSTK,BFO,5.000000,28000,False
885000,ICICIBANK26OCT1360CE,ICICIBANK,29OCT2026,136000.000000,700,OPTSTK,BFO,5.000000,28000,False
885009,INDUSTOWER26SEP355CE,INDUSTOWER,24SEP2026,35500.000000,1700,OPTSTK,BFO,5.000000,170000,False
885021,INDIANB26SEP950CE,INDIANB,24SEP2026,95000.000000,1000,OPTSTK,BFO,5.000000,100000000,False
885027,INDUSTOWER26SEP335PE,INDUSTOWER,24SEP2026,33500.000000,1700,OPTSTK,BFO,5.000000,170000,False
887232,SENSEX26O0180800PE,SENSEX,01OCT2026,8080000.000000,20,OPTIDX,BFO,5.000000,1000,False
887253,SENSEX26O0172100CE,SENSEX,01OCT2026,7210000.000000,20,OPTIDX,BFO,5.000000,1000,False
887254,SENSEX26O0174400CE,SENSEX,01OCT2026,7440000.000000,20,OPTIDX,BFO,5.000000,1000,False
887278,SOLARINDS26OCT21250CE,SOLARINDS,29OCT2026,2125000.000000,50,OPTSTK,BFO,5.000000,100000000,False
1130441,SUNPHARMA26NOV1700CE,SUNPHARMA,26NOV2026,170000.000000,350,OPTSTK,BFO,5.000000,28000,False
1130454,TATACONSUM26NOV920CE,TATACONSUM,26NOV2026,92000.000000,550,OPTSTK,BFO,5.000000,36000,False
1130469,DELHIVERY26NOV410CE,DELHIVERY,26NOV2026,41000.000000,2075,OPTSTK,BFO,5.000000,100000000,False
1130471,GODREJPROP26NOV1640CE,GODREJPROP,26NOV2026,164000.000000,325,OPTSTK,BFO,5.000000,19000,False
887316,HINDPETRO26OCT300CE,HINDPETRO,29OCT2026,30000.000000,2025,OPTSTK,BFO,5.000000,108000,False
887356,SENSEX26O0174900PE,SENSEX,01OCT2026,7490000.000000,20,OPTIDX,BFO,5.000000,1000,False
887390,PERSISTENT26SEP6300PE,PERSISTENT,24SEP2026,630000.000000,125,OPTSTK,BFO,5.000000,5250,False
887414,NBCC26SEP72.5PE,NBCC,24SEP2026,7250.000000,6500,OPTSTK,BFO,5.000000,100000000,False
885058,BLUESTARCO26OCT1400PE,BLUESTARCO,29OCT2026,140000.000000,325,OPTSTK,BFO,5.000000,100000000,False
885166,AMBER26SEP6400PE,AMBER,24SEP2026,640000.000000,100,OPTSTK,BFO,5.000000,100000000,False
885196,RECLTD26OCT315CE,RECLTD,29OCT2026,31500.000000,1575,OPTSTK,BFO,5.000000,160000,False
885217,PAYTM26SEP1700PE,PAYTM,24SEP2026,170000.000000,725,OPTSTK,BFO,5.000000,100000000,False
1130484,BRITANNIA26SEP4600CE,BRITANNIA,24SEP2026,460000.000000,125,OPTSTK,BFO,5.000000,6000,False
1130529,ASTRAL26NOV1300PE,ASTRAL,26NOV2026,130000.000000,425,OPTSTK,BFO,5.000000,14680,False
1130543,LAURUSLABS26SEP2120PE,LAURUSLABS,24SEP2026,212000.000000,850,OPTSTK,BFO,5.000000,68000,False
1130548,RADICO26NOV4000CE,RADICO,26NOV2026,400000.000000,150,OPTSTK,BFO,5.000000,100000000,False
887422,APLAPOLLO26SEP2240CE,APLAPOLLO,24SEP2026,224000.000000,350,OPTSTK,BFO,5.000000,100000000,False
887433,ANGELONE26SEP250PE,ANGELONE,24SEP2026,25000.000000,2500,OPTSTK,BFO,5.000000,100000000,False
887438,PERSISTENT26OCT6300PE,PERSISTENT,29OCT2026,630000.000000,125,OPTSTK,BFO,5.000000,5250,False
887447,APLAPOLLO26OCT2240CE,APLAPOLLO,29OCT2026,224000.000000,350,OPTSTK,BFO,5.000000,100000000,False
885221,POWERINDIA26OCT39500PE,POWERINDIA,29OCT2026,3950000.000000,25,OPTSTK,BFO,5.000000,100000000,False
885281,AMBER26OCT6600PE,AMBER,29OCT2026,660000.000000,100,OPTSTK,BFO,5.000000,100000000,False
885286,GRASIM26OCT3500CE,GRASIM,29OCT2026,350000.000000,250,OPTSTK,BFO,5.000000,14250,False
885290,AMBER26OCT6500CE,AMBER,29OCT2026,650000.000000,100,OPTSTK,BFO,5.000000,100000000,False
1130559,PAYTM26SEP1920CE,PAYTM,24SEP2026,192000.000000,725,OPTSTK,BFO,5.000000,100000000,False
1130607,SUPREMEIND26NOV3050PE,SUPREMEIND,26NOV2026,305000.000000,175,OPTSTK,BFO,5.000000,100000000,False
1130612,ASTRAL26NOV1280CE,ASTRAL,26NOV2026,128000.000000,425,OPTSTK,BFO,5.000000,14680,False
1130614,SUNPHARMA26SEP1700CE,SUNPHARMA,24SEP2026,170000.000000,350,OPTSTK,BFO,5.000000,28000,False
887471,HAVELLS26SEP1440CE,HAVELLS,24SEP2026,144000.000000,500,OPTSTK,BFO,5.000000,20000,False
887508,ANGELONE26OCT250PE,ANGELONE,29OCT2026,25000.000000,2500,OPTSTK,BFO,5.000000,100000000,False
887527,JUBLFOOD26SEP535PE,JUBLFOOD,24SEP2026,53500.000000,1250,OPTSTK,BFO,5.000000,50000,False
887535,TATASTEEL26OCT165CE,TATASTEEL,29OCT2026,16500.000000,2750,OPTSTK,BFO,5.000000,220000,False
1130615,BRITANNIA26SEP4600PE,BRITANNIA,24SEP2026,460000.000000,125,OPTSTK,BFO,5.000000,6000,False
1130619,NMDC26SEP75PE,NMDC,24SEP2026,7500.000000,6750,OPTSTK,BFO,5.000000,225000,False
1130649,IEX26SEP97.5CE,IEX,24SEP2026,9750.000000,4350,OPTSTK,BFO,5.000000,150000,False
1130676,GODREJPROP26OCT1660PE,GODREJPROP,29OCT2026,166000.000000,325,OPTSTK,BFO,5.000000,19000,False
885321,PAYTM26OCT1640CE,PAYTM,29OCT2026,164000.000000,725,OPTSTK,BFO,5.000000,100000000,False
885331,PFC26SEP360PE,PFC,24SEP2026,36000.000000,1300,OPTSTK,BFO,5.000000,124000,False
885343,PAGEIND26OCT35000CE,PAGEIND,29OCT2026,3500000.000000,20,OPTSTK,BFO,5.000000,600,False
885390,PAYTM26SEP1680PE,PAYTM,24SEP2026,168000.000000,725,OPTSTK,BFO,5.000000,100000000,False
887541,SBILIFE26OCT1660CE,SBILIFE,29OCT2026,166000.000000,375,OPTSTK,BFO,5.000000,22500,False
887545,PIDILITIND26OCT1840PE,PIDILITIND,29OCT2026,184000.000000,500,OPTSTK,BFO,5.000000,10000,False
887561,BOSCHLTD26SEP50500PE,BOSCHLTD,24SEP2026,5050000.000000,25,OPTSTK,BFO,5.000000,1500,False
887634,PERSISTENT26SEP6300CE,PERSISTENT,24SEP2026,630000.000000,125,OPTSTK,BFO,5.000000,5250,False
887640,ULTRACEMCO26SEP11000CE,ULTRACEMCO,24SEP2026,1100000.000000,50,OPTSTK,BFO,5.000000,3000,False
887735,HAL26OCT5350CE,HAL,29OCT2026,535000.000000,150,OPTSTK,BFO,5.000000,9000,False
887807,JUBLFOOD26SEP535CE,JUBLFOOD,24SEP2026,53500.000000,1250,OPTSTK,BFO,5.000000,50000,False
887899,TRENT26OCT2600CE,TRENT,29OCT2026,260000.000000,225,OPTSTK,BFO,5.000000,16000,False
1130703,PIIND26OCT1950PE,PIIND,29OCT2026,195000.000000,175,OPTSTK,BFO,5.000000,7500,False
1130725,SAIL26NOV162.5PE,SAIL,26NOV2026,16250.000000,4700,OPTSTK,BFO,5.000000,320000,False
1130726,NATIONALUM26NOV290PE,NATIONALUM,26NOV2026,29000.000000,1875,OPTSTK,BFO,5.000000,300000,False
1130729,TIINDIA26OCT2250CE,TIINDIA,29OCT2026,225000.000000,200,OPTSTK,BFO,5.000000,100000000,False
885440,BHARATFORG26OCT2000CE,BHARATFORG,29OCT2026,200000.000000,500,OPTSTK,BFO,5.000000,30000,False
885449,BRITANNIA26SEP5950CE,BRITANNIA,24SEP2026,595000.000000,125,OPTSTK,BFO,5.000000,6000,False
885458,RADICO26SEP4950CE,RADICO,24SEP2026,495000.000000,150,OPTSTK,BFO,5.000000,100000000,False
885473,POWERINDIA26OCT38000PE,POWERINDIA,29OCT2026,3800000.000000,25,OPTSTK,BFO,5.000000,100000000,False
887907,SENSEX2691770800PE,SENSEX,17SEP2026,7080000.000000,20,OPTIDX,BFO,5.000000,1000,False
887953,SENSEX26O0170900PE,SENSEX,01OCT2026,7090000.000000,20,OPTIDX,BFO,5.000000,1000,False
887963,NESTLEIND26OCT1400PE,NESTLEIND,29OCT2026,140000.000000,500,OPTSTK,BFO,5.000000,1200,False
887970,ASIANPAINT26OCT2560CE,ASIANPAINT,29OCT2026,256000.000000,250,OPTSTK,BFO,5.000000,8000,False
1130734,ICICIGI26OCT1320PE,ICICIGI,29OCT2026,132000.000000,325,OPTSTK,BFO,5.000000,20000,False
1130740,PRESTIGE26NOV1380PE,PRESTIGE,26NOV2026,138000.000000,450,OPTSTK,BFO,5.000000,100000000,False
1130745,MAZDOCK26NOV2000PE,MAZDOCK,26NOV2026,200000.000000,225,OPTSTK,BFO,5.000000,100000000,False
1130749,ICICIGI26SEP1320CE,ICICIGI,24SEP2026,132000.000000,325,OPTSTK,BFO,5.000000,20000,False
885482,PAYTM26OCT1680PE,PAYTM,29OCT2026,168000.000000,725,OPTSTK,BFO,5.000000,100000000,False
885483,LTM26SEP5150CE,LTM,24SEP2026,515000.000000,150,OPTSTK,BFO,5.000000,4500,False
885484,APLAPOLLO26OCT2140PE,APLAPOLLO,29OCT2026,214000.000000,350,OPTSTK,BFO,5.000000,100000000,False
885489,LUPIN26SEP2180PE,LUPIN,24SEP2026,218000.000000,425,OPTSTK,BFO,5.000000,34000,False
887997,NTPC26OCT300CE,NTPC,29OCT2026,30000.000000,1500,OPTSTK,BFO,5.000000,150000,False
888063,CIPLA26OCT1360CE,CIPLA,29OCT2026,136000.000000,425,OPTSTK,BFO,5.000000,26000,False
888064,BHEL26OCT460CE,BHEL,29OCT2026,46000.000000,2625,OPTSTK,BFO,5.000000,315000,False
888074,KEI26OCT6600PE,KEI,29OCT2026,660000.000000,175,OPTSTK,BFO,5.000000,100000000,False
1130776,BLUESTARCO26NOV1680CE,BLUESTARCO,26NOV2026,168000.000000,325,OPTSTK,BFO,5.000000,100000000,False
1130799,GODREJPROP26OCT1600CE,GODREJPROP,29OCT2026,160000.000000,325,OPTSTK,BFO,5.000000,19000,False
1130807,GODREJPROP26SEP1620PE,GODREJPROP,24SEP2026,162000.000000,325,OPTSTK,BFO,5.000000,19000,False
1130812,OBEROIRLTY26NOV1600PE,OBEROIRLTY,26NOV2026,160000.000000,350,OPTSTK,BFO,5.000000,28000,False
885510,TITAN26OCT5400PE,TITAN,29OCT2026,540000.000000,175,OPTSTK,BFO,5.000000,11250,False
885527,COALINDIA26OCT375PE,COALINDIA,29OCT2026,37500.000000,1350,OPTSTK,BFO,5.000000,126000,False
885542,LTM26OCT5100PE,LTM,29OCT2026,510000.000000,150,OPTSTK,BFO,5.000000,4500,False
885582,POWERINDIA26OCT37000CE,POWERINDIA,29OCT2026,3700000.000000,25,OPTSTK,BFO,5.000000,100000000,False
888194,DELHIVERY26SEP420PE,DELHIVERY,24SEP2026,42000.000000,2075,OPTSTK,BFO,5.000000,100000000,False
888209,SUNPHARMA26OCT1740PE,SUNPHARMA,29OCT2026,174000.000000,350,OPTSTK,BFO,5.000000,28000,False
888220,NTPC26OCT300PE,NTPC,29OCT2026,30000.000000,1500,OPTSTK,BFO,5.000000,150000,False
888234,BIOCON26OCT375CE,BIOCON,29OCT2026,37500.000000,2500,OPTSTK,BFO,5.000000,100000,False
885586,PERSISTENT26OCT4700CE,PERSISTENT,29OCT2026,470000.000000,125,OPTSTK,BFO,5.000000,5250,False
885600,LUPIN26OCT2180PE,LUPIN,29OCT2026,218000.000000,425,OPTSTK,BFO,5.000000,34000,False
885618,NAUKRI26SEP1480PE,NAUKRI,24SEP2026,148000.000000,550,OPTSTK,BFO,5.000000,6000,False
885654,DRREDDY26OCT1280CE,DRREDDY,29OCT2026,128000.000000,625,OPTSTK,BFO,5.000000,5000,False
1130816,UNIONBANK26NOV160CE,UNIONBANK,26NOV2026,16000.000000,4425,OPTSTK,BFO,5.000000,100000000,False
2052606,BSE26SEP4100CE,BSE,29SEP2026,410000.000000,200,OPTSTK,BFO,5.000000,3751,False
2053098,CDSL26SEP1700CE,CDSL,29SEP2026,170000.000000,475,OPTSTK,BFO,5.000000,14001,False
2055480,CDSL26SEP1100PE,CDSL,29SEP2026,110000.000000,475,OPTSTK,BFO,5.000000,14001,False
888259,MOTILALOFS26OCT1080CE,MOTILALOFS,29OCT2026,108000.000000,775,OPTSTK,BFO,5.000000,100000000,False
888305,SENSEX5026OCT24450PE,SENSEX50,29OCT2026,2445000.000000,75,OPTIDX,BFO,5.000000,1800,False
888315,YESBANK26OCT15CE,YESBANK,29OCT2026,1500.000000,31100,OPTSTK,BFO,5.000000,100000000,False
888319,NESTLEIND26OCT1390CE,NESTLEIND,29OCT2026,139000.000000,500,OPTSTK,BFO,5.000000,1200,False
2056656,CDSL26SEP1300CE,CDSL,29SEP2026,130000.000000,475,OPTSTK,BFO,5.000000,14001,False
2209984,CDSL26OCT1300PE,CDSL,27OCT2026,130000.000000,475,OPTSTK,BFO,5.000000,14001,False
2210124,CDSL26OCT1300CE,CDSL,27OCT2026,130000.000000,475,OPTSTK,BFO,5.000000,14001,False
2211136,CDSL26OCT1100CE,CDSL,27OCT2026,110000.000000,475,OPTSTK,BFO,5.000000,14001,False
885673,BHARATFORG26OCT1940CE,BHARATFORG,29OCT2026,194000.000000,500,OPTSTK,BFO,5.000000,30000,False
885675,MOTHERSON26SEP187.5PE,MOTHERSON,24SEP2026,18750.000000,6150,OPTSTK,BFO,5.000000,284000,False
885725,POWERGRID26SEP250PE,POWERGRID,24SEP2026,25000.000000,1900,OPTSTK,BFO,5.000000,108000,False
888324,MARUTI26OCT13000PE,MARUTI,29OCT2026,1300000.000000,50,OPTSTK,BFO,5.000000,3000,False
888330,MCX26OCT3350PE,MCX,29OCT2026,335000.000000,225,OPTSTK,BFO,5.000000,16000,False
888354,SENSEX2691770300PE,SENSEX,17SEP2026,7030000.000000,20,OPTIDX,BFO,5.000000,1000,False
888366,LUPIN26SEP2080CE,LUPIN,24SEP2026,208000.000000,425,OPTSTK,BFO,5.000000,34000,False
885676,SBILIFE26OCT1680CE,SBILIFE,29OCT2026,168000.000000,375,OPTSTK,BFO,5.000000,22500,False
838729,SENSEX26SEP91000CE,SENSEX,24SEP2026,9100000.000000,20,OPTIDX,BFO,5.000000,1000,False
839162,SENSEX26SEP81700PE,SENSEX,24SEP2026,8170000.000000,20,OPTIDX,BFO,5.000000,1000,False
2211455,BSE26OCT3300CE,BSE,27OCT2026,330000.000000,200,OPTSTK,BFO,5.000000,3751,False
2275414,CDSL26NOV1000CE,CDSL,23NOV2026,100000.000000,475,OPTSTK,BFO,5.000000,14001,False
888410,BOSCHLTD26SEP51500PE,BOSCHLTD,24SEP2026,5150000.000000,25,OPTSTK,BFO,5.000000,1500,False
888411,PAGEIND26OCT33000CE,PAGEIND,29OCT2026,3300000.000000,20,OPTSTK,BFO,5.000000,600,False
888424,TIINDIA26OCT3300CE,TIINDIA,29OCT2026,330000.000000,200,OPTSTK,BFO,5.000000,100000000,False
888434,IRFC26SEP79CE,IRFC,24SEP2026,7900.000000,5425,OPTSTK,BFO,5.000000,100000000,False
839174,SENSEX26SEP81600CE,SENSEX,24SEP2026,8160000.000000,20,OPTIDX,BFO,5.000000,1000,False
839191,SENSEX26SEP83300PE,SENSEX,24SEP2026,8330000.000000,20,OPTIDX,BFO,5.000000,1000,False
839246,SENSEX26SEP76800PE,SENSEX,24SEP2026,7680000.000000,20,OPTIDX,BFO,5.000000,1000,False
839281,SENSEX26SEP81300CE,SENSEX,24SEP2026,8130000.000000,20,OPTIDX,BFO,5.000000,1000,False
885731,ZYDUSLIFE26OCT1240PE,ZYDUSLIFE,29OCT2026,124000.000000,900,OPTSTK,BFO,5.000000,54000,False
885778,LTM26OCT5200CE,LTM,29OCT2026,520000.000000,150,OPTSTK,BFO,5.000000,4500,False
885780,BHARATFORG26SEP1920CE,BHARATFORG,24SEP2026,192000.000000,500,OPTSTK,BFO,5.000000,30000,False
885784,NATIONALUM26SEP460CE,NATIONALUM,24SEP2026,46000.000000,1875,OPTSTK,BFO,5.000000,300000,False
888463,SENSEX26OCT70300CE,SENSEX,29OCT2026,7030000.000000,20,OPTIDX,BFO,5.000000,1000,False
888466,TCS26OCT2140CE,TCS,29OCT2026,214000.000000,225,OPTSTK,BFO,5.000000,7000,False
888470,INFY26OCT980PE,INFY,29OCT2026,98000.000000,400,OPTSTK,BFO,5.000000,16000,False
888479,IREDA26OCT97.5PE,IREDA,29OCT2026,9750.000000,4525,OPTSTK,BFO,5.000000,100000000,False
839285,SENSEX26SEP72300CE,SENSEX,24SEP2026,7230000.000000,20,OPTIDX,BFO,5.000000,1000,False
839287,SENSEX26SEP76900CE,SENSEX,24SEP2026,7690000.000000,20,OPTIDX,BFO,5.000000,1000,False
839288,SENSEX26SEP81600PE,SENSEX,24SEP2026,8160000.000000,20,OPTIDX,BFO,5.000000,1000,False
839304,SENSEX26SEP82600PE,SENSEX,24SEP2026,8260000.000000,20,OPTIDX,BFO,5.000000,1000,False
885801,NAUKRI26SEP1460PE,NAUKRI,24SEP2026,146000.000000,550,OPTSTK,BFO,5.000000,6000,False
885839,TMPV26OCT385CE,TMPV,29OCT2026,38500.000000,1600,OPTSTK,BFO,5.000000,42750,False
885853,POWERGRID26OCT250PE,POWERGRID,29OCT2026,25000.000000,1900,OPTSTK,BFO,5.000000,108000,False
885859,COFORGE26OCT1960PE,COFORGE,29OCT2026,196000.000000,475,OPTSTK,BFO,5.000000,6000,False
888483,DABUR26SEP370CE,DABUR,24SEP2026,37000.000000,1250,OPTSTK,BFO,5.000000,50000,False
888484,DIVISLAB26OCT9300PE,DIVISLAB,29OCT2026,930000.000000,100,OPTSTK,BFO,5.000000,8000,False
888491,TIINDIA26OCT3300PE,TIINDIA,29OCT2026,330000.000000,200,OPTSTK,BFO,5.000000,100000000,False
888507,BOSCHLTD26OCT52000CE,BOSCHLTD,29OCT2026,5200000.000000,25,OPTSTK,BFO,5.000000,1500,False
888549,MFSL26OCT1720CE,MFSL,29OCT2026,172000.000000,400,OPTSTK,BFO,5.000000,32000,False
888569,SENSEX2691770600CE,SENSEX,17SEP2026,7060000.000000,20,OPTIDX,BFO,5.000000,1000,False
888577,COALINDIA26OCT370PE,COALINDIA,29OCT2026,37000.000000,1350,OPTSTK,BFO,5.000000,126000,False
888578,WIPRO26OCT160PE,WIPRO,29OCT2026,16000.000000,3000,OPTSTK,BFO,5.000000,60000,False
839317,SENSEX26SEP70200CE,SENSEX,24SEP2026,7020000.000000,20,OPTIDX,BFO,5.000000,1000,False
839328,SENSEX26SEP74200PE,SENSEX,24SEP2026,7420000.000000,20,OPTIDX,BFO,5.000000,1000,False
839345,SENSEX26SEP76400CE,SENSEX,24SEP2026,7640000.000000,20,OPTIDX,BFO,5.000000,1000,False
839360,SENSEX26SEP74400PE,SENSEX,24SEP2026,7440000.000000,20,OPTIDX,BFO,5.000000,1000,False
885866,MAXHEALTH26SEP980CE,MAXHEALTH,24SEP2026,98000.000000,525,OPTSTK,BFO,5.000000,100000000,False
885867,NAUKRI26OCT1440PE,NAUKRI,29OCT2026,144000.000000,550,OPTSTK,BFO,5.000000,6000,False
885917,BOSCHLTD26OCT49000PE,BOSCHLTD,29OCT2026,4900000.000000,25,OPTSTK,BFO,5.000000,1500,False
885920,ZYDUSLIFE26OCT1250CE,ZYDUSLIFE,29OCT2026,125000.000000,900,OPTSTK,BFO,5.000000,54000,False
888593,MCX26SEP3400PE,MCX,24SEP2026,340000.000000,225,OPTSTK,BFO,5.000000,16000,False
888611,SENSEX2691770200PE,SENSEX,17SEP2026,7020000.000000,20,OPTIDX,BFO,5.000000,1000,False
888651,SENSEX2691770400PE,SENSEX,17SEP2026,7040000.000000,20,OPTIDX,BFO,5.000000,1000,False
888657,SENSEX2691770300CE,SENSEX,17SEP2026,7030000.000000,20,OPTIDX,BFO,5.000000,1000,False
885924,OIL26OCT500CE,OIL,29OCT2026,50000.000000,1400,OPTSTK,BFO,5.000000,100000000,False
885926,BOSCHLTD26SEP48500PE,BOSCHLTD,24SEP2026,4850000.000000,25,OPTSTK,BFO,5.000000,1500,False
885970,GODREJPROP26OCT1860CE,GODREJPROP,29OCT2026,186000.000000,325,OPTSTK,BFO,5.000000,19000,False
885976,BOSCHLTD26OCT49500CE,BOSCHLTD,29OCT2026,4950000.000000,25,OPTSTK,BFO,5.000000,1500,False
839378,SENSEX26SEP74300CE,SENSEX,24SEP2026,7430000.000000,20,OPTIDX,BFO,5.000000,1000,False
839382,SENSEX26SEP72900CE,SENSEX,24SEP2026,7290000.000000,20,OPTIDX,BFO,5.000000,1000,False
839396,SENSEX26SEP74600PE,SENSEX,24SEP2026,7460000.000000,20,OPTIDX,BFO,5.000000,1000,False
839400,SENSEX26SEP70900PE,SENSEX,24SEP2026,7090000.000000,20,OPTIDX,BFO,5.000000,1000,False
888681,SENSEX5026OCT24350CE,SENSEX50,29OCT2026,2435000.000000,75,OPTIDX,BFO,5.000000,1800,False
888690,SHREECEM26OCT22500PE,SHREECEM,29OCT2026,2250000.000000,25,OPTSTK,BFO,5.000000,1000,False
888692,NHPC26SEP69PE,NHPC,24SEP2026,6900.000000,6950,OPTSTK,BFO,5.000000,100000000,False
888693,SENSEX26O0169900CE,SENSEX,01OCT2026,6990000.000000,20,OPTIDX,BFO,5.000000,1000,False
885977,BHEL26OCT450PE,BHEL,29OCT2026,45000.000000,2625,OPTSTK,BFO,5.000000,315000,False
885978,LODHA26OCT1060PE,LODHA,29OCT2026,106000.000000,625,OPTSTK,BFO,5.000000,100000000,False
885998,ZYDUSLIFE26SEP1260PE,ZYDUSLIFE,24SEP2026,126000.000000,900,OPTSTK,BFO,5.000000,54000,False
886007,PIIND26OCT2300CE,PIIND,29OCT2026,230000.000000,175,OPTSTK,BFO,5.000000,7500,False
888717,COLPAL26SEP1740PE,COLPAL,24SEP2026,174000.000000,275,OPTSTK,BFO,5.000000,14000,False
888718,PNBHOUSING26OCT1320CE,PNBHOUSING,29OCT2026,132000.000000,650,OPTSTK,BFO,5.000000,100000000,False
888723,VOLTAS26OCT1100PE,VOLTAS,29OCT2026,110000.000000,375,OPTSTK,BFO,5.000000,30000,False
888740,ITC26SEP250PE,ITC,24SEP2026,25000.000000,1725,OPTSTK,BFO,5.000000,64000,False
839427,SENSEX26SEP74800PE,SENSEX,24SEP2026,7480000.000000,20,OPTIDX,BFO,5.000000,1000,False
839449,SENSEX26SEP74100PE,SENSEX,24SEP2026,7410000.000000,20,OPTIDX,BFO,5.000000,1000,False
839475,SENSEX26SEP70300CE,SENSEX,24SEP2026,7030000.000000,20,OPTIDX,BFO,5.000000,1000,False
839488,SENSEX26SEP77300CE,SENSEX,24SEP2026,7730000.000000,20,OPTIDX,BFO,5.000000,1000,False
886079,OIL26SEP510CE,OIL,24SEP2026,51000.000000,1400,OPTSTK,BFO,5.000000,100000000,False
886081,APOLLOHOSP26OCT7900CE,APOLLOHOSP,29OCT2026,790000.000000,125,OPTSTK,BFO,5.000000,5000,False
886089,GODREJCP26SEP850PE,GODREJCP,24SEP2026,85000.000000,500,OPTSTK,BFO,5.000000,30000,False
886091,PNB26OCT124CE,PNB,29OCT2026,12400.000000,8000,OPTSTK,BFO,5.000000,480000,False
888745,PETRONET26SEP325CE,PETRONET,24SEP2026,32500.000000,1900,OPTSTK,BFO,5.000000,120000,False
888769,SENSEX5026OCT24300PE,SENSEX50,29OCT2026,2430000.000000,75,OPTIDX,BFO,5.000000,1800,False
888784,NHPC26OCT69CE,NHPC,29OCT2026,6900.000000,6950,OPTSTK,BFO,5.000000,100000000,False
888796,NHPC26SEP69CE,NHPC,24SEP2026,6900.000000,6950,OPTSTK,BFO,5.000000,100000000,False
839507,SENSEX26SEP75300PE,SENSEX,24SEP2026,7530000.000000,20,OPTIDX,BFO,5.000000,1000,False
839589,SENSEX26SEP80300PE,SENSEX,24SEP2026,8030000.000000,20,OPTIDX,BFO,5.000000,1000,False
839599,SENSEX26SEP77300PE,SENSEX,24SEP2026,7730000.000000,20,OPTIDX,BFO,5.000000,1000,False
839627,SENSEX26SEP83500CE,SENSEX,24SEP2026,8350000.000000,20,OPTIDX,BFO,5.000000,1000,False
888807,DIXON26OCT16250PE,DIXON,29OCT2026,1625000.000000,50,OPTSTK,BFO,5.000000,6000,False
888834,PNBHOUSING26SEP1320PE,PNBHOUSING,24SEP2026,132000.000000,650,OPTSTK,BFO,5.000000,100000000,False
888838,SWIGGY26OCT235CE,SWIGGY,29OCT2026,23500.000000,1825,OPTSTK,BFO,5.000000,100000000,False
888858,AMBUJACEM26SEP370CE,AMBUJACEM,24SEP2026,37000.000000,1200,OPTSTK,BFO,5.000000,54000,False
886094,MAXHEALTH26OCT950PE,MAXHEALTH,29OCT2026,95000.000000,525,OPTSTK,BFO,5.000000,100000000,False
886144,LUPIN26SEP2120CE,LUPIN,24SEP2026,212000.000000,425,OPTSTK,BFO,5.000000,34000,False
886178,FORTIS26OCT840PE,FORTIS,29OCT2026,84000.000000,775,OPTSTK,BFO,5.000000,100000000,False
886207,INDUSTOWER26OCT415PE,INDUSTOWER,29OCT2026,41500.000000,1700,OPTSTK,BFO,5.000000,170000,False
888871,HINDUNILVR26OCT1880CE,HINDUNILVR,29OCT2026,188000.000000,300,OPTSTK,BFO,5.000000,9000,False
888886,SENSEX26O0170100PE,SENSEX,01OCT2026,7010000.000000,20,OPTIDX,BFO,5.000000,1000,False
888935,SENSEX26SEP69000PE,SENSEX,24SEP2026,6900000.000000,20,OPTIDX,BFO,5.000000,1000,False
888929,ETERNAL26OCT360CE,ETERNAL,29OCT2026,36000.000000,2425,OPTSTK,BFO,5.000000,100000000,False
840789,SENSEX29JUN79000PE,SENSEX,28JUN2029,7900000.000000,20,OPTIDX,BFO,5.000000,1000,False
841618,INDHOTEL26SEP745CE,INDHOTEL,24SEP2026,74500.000000,1000,OPTSTK,BFO,5.000000,60000,False
841634,HINDUNILVR26SEP2080CE,HINDUNILVR,24SEP2026,208000.000000,300,OPTSTK,BFO,5.000000,9000,False
841642,HDFCLIFE26SEP605CE,HDFCLIFE,24SEP2026,60500.000000,1100,OPTSTK,BFO,5.000000,44000,False
886210,TATACONSUM26OCT990CE,TATACONSUM,29OCT2026,99000.000000,550,OPTSTK,BFO,5.000000,36000,False
886230,ADANIGREEN26OCT1200CE,ADANIGREEN,29OCT2026,120000.000000,600,OPTSTK,BFO,5.000000,100000000,False
886286,HINDALCO26SEP1220CE,HINDALCO,24SEP2026,122000.000000,700,OPTSTK,BFO,5.000000,56000,False
886313,PFC26OCT345CE,PFC,29OCT2026,34500.000000,1300,OPTSTK,BFO,5.000000,124000,False
888947,SENSEX26O0875300PE,SENSEX,08OCT2026,7530000.000000,20,OPTIDX,BFO,5.000000,1000,False
888960,SRF26SEP2200CE,SRF,24SEP2026,220000.000000,200,OPTSTK,BFO,5.000000,11250,False
888961,HINDPETRO26OCT290CE,HINDPETRO,29OCT2026,29000.000000,2025,OPTSTK,BFO,5.000000,108000,False
888962,SENSEX26O0875200CE,SENSEX,08OCT2026,7520000.000000,20,OPTIDX,BFO,5.000000,1000,False
841643,NAM-INDIA26SEP1040CE,NAM-INDIA,24SEP2026,104000.000000,625,OPTSTK,BFO,5.000000,100000000,False
841648,ADANIPORTS26SEP1880CE,ADANIPORTS,24SEP2026,188000.000000,475,OPTSTK,BFO,5.000000,32000,False
841650,ABB26SEP6800CE,ABB,24SEP2026,680000.000000,125,OPTSTK,BFO,5.000000,7500,False
841651,NHPC26SEP82PE,NHPC,24SEP2026,8200.000000,6950,OPTSTK,BFO,5.000000,100000000,False
886368,OIL26SEP510PE,OIL,24SEP2026,51000.000000,1400,OPTSTK,BFO,5.000000,100000000,False
886384,HINDALCO26SEP1220PE,HINDALCO,24SEP2026,122000.000000,700,OPTSTK,BFO,5.000000,56000,False
886387,BOSCHLTD26SEP49500PE,BOSCHLTD,24SEP2026,4950000.000000,25,OPTSTK,BFO,5.000000,1500,False
886404,FORCEMOT26OCT22500CE,FORCEMOT,29OCT2026,2250000.000000,25,OPTSTK,BFO,5.000000,100000000,False
889025,SENSEX26O0881100PE,SENSEX,08OCT2026,8110000.000000,20,OPTIDX,BFO,5.000000,1000,False
889037,SENSEX26O0883300CE,SENSEX,08OCT2026,8330000.000000,20,OPTIDX,BFO,5.000000,1000,False
889045,SUPREMEIND26OCT4000CE,SUPREMEIND,29OCT2026,400000.000000,175,OPTSTK,BFO,5.000000,100000000,False
889070,SENSEX26O0878300PE,SENSEX,08OCT2026,7830000.000000,20,OPTIDX,BFO,5.000000,1000,False
889082,PERSISTENT26OCT6400CE,PERSISTENT,29OCT2026,640000.000000,125,OPTSTK,BFO,5.000000,5250,False
889086,SRF26SEP2200PE,SRF,24SEP2026,220000.000000,200,OPTSTK,BFO,5.000000,11250,False
889114,SENSEX26O0874800PE,SENSEX,08OCT2026,7480000.000000,20,OPTIDX,BFO,5.000000,1000,False
889122,OFSS26SEP12600PE,OFSS,24SEP2026,1260000.000000,100,OPTSTK,BFO,5.000000,8000,False
841656,ICICIGI26SEP1720CE,ICICIGI,24SEP2026,172000.000000,325,OPTSTK,BFO,5.000000,20000,False
841679,POWERINDIA26SEP37500CE,POWERINDIA,24SEP2026,3750000.000000,25,OPTSTK,BFO,5.000000,100000000,False
841704,MUTHOOTFIN26SEP3400CE,MUTHOOTFIN,24SEP2026,340000.000000,275,OPTSTK,BFO,5.000000,22000,False
841712,CUMMINSIND26SEP5500CE,CUMMINSIND,24SEP2026,550000.000000,200,OPTSTK,BFO,5.000000,18000,False
886445,PAGEIND26OCT34500PE,PAGEIND,29OCT2026,3450000.000000,20,OPTSTK,BFO,5.000000,600,False
886466,SOLARINDS26OCT21000CE,SOLARINDS,29OCT2026,2100000.000000,50,OPTSTK,BFO,5.000000,100000000,False
886498,ASTRAL26SEP1640CE,ASTRAL,24SEP2026,164000.000000,425,OPTSTK,BFO,5.000000,14680,False
886518,SENSEX26O0176400CE,SENSEX,01OCT2026,7640000.000000,20,OPTIDX,BFO,5.000000,1000,False
889138,SENSEX26O0874100PE,SENSEX,08OCT2026,7410000.000000,20,OPTIDX,BFO,5.000000,1000,False
889144,SENSEX26O0872700PE,SENSEX,08OCT2026,7270000.000000,20,OPTIDX,BFO,5.000000,1000,False
889166,SENSEX26O0882600CE,SENSEX,08OCT2026,8260000.000000,20,OPTIDX,BFO,5.000000,1000,False
889195,GMRAIRPORT26SEP93CE,GMRAIRPORT,24SEP2026,9300.000000,6975,OPTSTK,BFO,5.000000,675000,False
841719,BOSCHLTD26SEP42000PE,BOSCHLTD,24SEP2026,4200000.000000,25,OPTSTK,BFO,5.000000,1500,False
841736,BANKEX26SEP67400PE,BANKEX,24SEP2026,6740000.000000,30,OPTIDX,BFO,5.000000,900,False
841738,UPL26SEP590PE,UPL,24SEP2026,59000.000000,1355,OPTSTK,BFO,5.000000,39000,False
841740,BANKEX26SEP69700PE,BANKEX,24SEP2026,6970000.000000,30,OPTIDX,BFO,5.000000,900,False
886519,APLAPOLLO26OCT2160CE,APLAPOLLO,29OCT2026,216000.000000,350,OPTSTK,BFO,5.000000,100000000,False
886528,SENSEX26O0172700CE,SENSEX,01OCT2026,7270000.000000,20,OPTIDX,BFO,5.000000,1000,False
886533,SENSEX26O0180400CE,SENSEX,01OCT2026,8040000.000000,20,OPTIDX,BFO,5.000000,1000,False
886537,APLAPOLLO26SEP2180PE,APLAPOLLO,24SEP2026,218000.000000,350,OPTSTK,BFO,5.000000,100000000,False
889209,SENSEX26O0882800CE,SENSEX,08OCT2026,8280000.000000,20,OPTIDX,BFO,5.000000,1000,False
889221,MANKIND26SEP2240CE,MANKIND,24SEP2026,224000.000000,250,OPTSTK,BFO,5.000000,100000000,False
889238,PERSISTENT26SEP6400CE,PERSISTENT,24SEP2026,640000.000000,125,OPTSTK,BFO,5.000000,5250,False
889265,SENSEX26O0874700PE,SENSEX,08OCT2026,7470000.000000,20,OPTIDX,BFO,5.000000,1000,False
841755,BIOCON26SEP390PE,BIOCON,24SEP2026,39000.000000,2500,OPTSTK,BFO,5.000000,100000,False
841763,ASHOKLEY26SEP167.5PE,ASHOKLEY,24SEP2026,16750.000000,5000,OPTSTK,BFO,5.000000,150000,False
841765,KEI26SEP5550PE,KEI,24SEP2026,555000.000000,175,OPTSTK,BFO,5.000000,100000000,False
841779,BANKEX26SEP63700PE,BANKEX,24SEP2026,6370000.000000,30,OPTIDX,BFO,5.000000,900,False
889298,SENSEX26O0882300CE,SENSEX,08OCT2026,8230000.000000,20,OPTIDX,BFO,5.000000,1000,False
889311,SENSEX26O0879300CE,SENSEX,08OCT2026,7930000.000000,20,OPTIDX,BFO,5.000000,1000,False
889347,SENSEX26O0878800PE,SENSEX,08OCT2026,7880000.000000,20,OPTIDX,BFO,5.000000,1000,False
889350,SENSEX26O0872800PE,SENSEX,08OCT2026,7280000.000000,20,OPTIDX,BFO,5.000000,1000,False
886541,SENSEX26O0174400PE,SENSEX,01OCT2026,7440000.000000,20,OPTIDX,BFO,5.000000,1000,False
886548,SENSEX26O0177400CE,SENSEX,01OCT2026,7740000.000000,20,OPTIDX,BFO,5.000000,1000,False
886551,SENSEX26O0179700CE,SENSEX,01OCT2026,7970000.000000,20,OPTIDX,BFO,5.000000,1000,False
886553,SENSEX26O0182100PE,SENSEX,01OCT2026,8210000.000000,20,OPTIDX,BFO,5.000000,1000,False
841785,BANKEX26SEP68100CE,BANKEX,24SEP2026,6810000.000000,30,OPTIDX,BFO,5.000000,900,False
841803,TORNTPHARM26SEP4600PE,TORNTPHARM,24SEP2026,460000.000000,125,OPTSTK,BFO,5.000000,15000,False
841805,MUTHOOTFIN26SEP3150CE,MUTHOOTFIN,24SEP2026,315000.000000,275,OPTSTK,BFO,5.000000,22000,False
841808,TIINDIA26SEP3000PE,TIINDIA,24SEP2026,300000.000000,200,OPTSTK,BFO,5.000000,100000000,False
886573,ASTRAL26SEP1680CE,ASTRAL,24SEP2026,168000.000000,425,OPTSTK,BFO,5.000000,14680,False
886576,SENSEX26O0180700PE,SENSEX,01OCT2026,8070000.000000,20,OPTIDX,BFO,5.000000,1000,False
886589,SENSEX26O0172000CE,SENSEX,01OCT2026,7200000.000000,20,OPTIDX,BFO,5.000000,1000,False
886592,SENSEX26O0177700PE,SENSEX,01OCT2026,7770000.000000,20,OPTIDX,BFO,5.000000,1000,False
889400,SENSEX26O0870700PE,SENSEX,08OCT2026,7070000.000000,20,OPTIDX,BFO,5.000000,1000,False
889409,SENSEX26O0871400CE,SENSEX,08OCT2026,7140000.000000,20,OPTIDX,BFO,5.000000,1000,False
889424,SENSEX26O0872000CE,SENSEX,08OCT2026,7200000.000000,20,OPTIDX,BFO,5.000000,1000,False
889425,DIXON26SEP16500PE,DIXON,24SEP2026,1650000.000000,50,OPTSTK,BFO,5.000000,6000,False
841809,EICHERMOT26SEP7550CE,EICHERMOT,24SEP2026,755000.000000,100,OPTSTK,BFO,5.000000,7000,False
841827,BANKEX26SEP64400CE,BANKEX,24SEP2026,6440000.000000,30,OPTIDX,BFO,5.000000,900,False
841828,BPCL26SEP340CE,BPCL,24SEP2026,34000.000000,1975,OPTSTK,BFO,5.000000,72000,False
841832,GODREJPROP26SEP1740CE,GODREJPROP,24SEP2026,174000.000000,325,OPTSTK,BFO,5.000000,19000,False
889435,SENSEX26O0884300CE,SENSEX,08OCT2026,8430000.000000,20,OPTIDX,BFO,5.000000,1000,False
889446,SENSEX26O0879900CE,SENSEX,08OCT2026,7990000.000000,20,OPTIDX,BFO,5.000000,1000,False
889451,SENSEX26O0871600CE,SENSEX,08OCT2026,7160000.000000,20,OPTIDX,BFO,5.000000,1000,False
889475,SENSEX26O0882200CE,SENSEX,08OCT2026,8220000.000000,20,OPTIDX,BFO,5.000000,1000,False
886622,SENSEX26O0174600PE,SENSEX,01OCT2026,7460000.000000,20,OPTIDX,BFO,5.000000,1000,False
886688,APLAPOLLO26OCT2200CE,APLAPOLLO,29OCT2026,220000.000000,350,OPTSTK,BFO,5.000000,100000000,False
886763,PAYTM26OCT1760CE,PAYTM,29OCT2026,176000.000000,725,OPTSTK,BFO,5.000000,100000000,False
886795,HINDPETRO26OCT440PE,HINDPETRO,29OCT2026,44000.000000,2025,OPTSTK,BFO,5.000000,108000,False
841860,IEX26SEP131PE,IEX,24SEP2026,13100.000000,4350,OPTSTK,BFO,5.000000,150000,False
841865,FOCIT26SEP30500CE,FOCIT,24SEP2026,3050000.000000,45,OPTIDX,BFO,5.000000,1350,False
841878,JINDALSTEL26SEP990PE,JINDALSTEL,24SEP2026,99000.000000,625,OPTSTK,BFO,5.000000,37500,False
841888,KEI26SEP5450CE,KEI,24SEP2026,545000.000000,175,OPTSTK,BFO,5.000000,100000000,False
886807,SENSEX26O0175900CE,SENSEX,01OCT2026,7590000.000000,20,OPTIDX,BFO,5.000000,1000,False
886817,SENSEX26O0183600CE,SENSEX,01OCT2026,8360000.000000,20,OPTIDX,BFO,5.000000,1000,False
886833,SENSEX26O0183000PE,SENSEX,01OCT2026,8300000.000000,20,OPTIDX,BFO,5.000000,1000,False
886877,SENSEX26O0183200PE,SENSEX,01OCT2026,8320000.000000,20,OPTIDX,BFO,5.000000,1000,False
889479,SENSEX26O0881900PE,SENSEX,08OCT2026,8190000.000000,20,OPTIDX,BFO,5.000000,1000,False
889489,SENSEX26O0880200PE,SENSEX,08OCT2026,8020000.000000,20,OPTIDX,BFO,5.000000,1000,False
889504,COFORGE26OCT2020CE,COFORGE,29OCT2026,202000.000000,475,OPTSTK,BFO,5.000000,6000,False
889505,SENSEX26O0873500PE,SENSEX,08OCT2026,7350000.000000,20,OPTIDX,BFO,5.000000,1000,False
841899,CANBK26SEP133CE,CANBK,24SEP2026,13300.000000,6750,OPTSTK,BFO,5.000000,81000,False
841910,HCLTECH26SEP1100CE,HCLTECH,24SEP2026,110000.000000,400,OPTSTK,BFO,5.000000,21000,False
841929,MARICO26SEP800CE,MARICO,24SEP2026,80000.000000,1200,OPTSTK,BFO,5.000000,48000,False
841932,GODREJCP26SEP1000PE,GODREJCP,24SEP2026,100000.000000,500,OPTSTK,BFO,5.000000,30000,False
886895,CUMMINSIND26OCT4600CE,CUMMINSIND,29OCT2026,460000.000000,200,OPTSTK,BFO,5.000000,18000,False
886899,SENSEX26O0175400CE,SENSEX,01OCT2026,7540000.000000,20,OPTIDX,BFO,5.000000,1000,False
886903,HINDPETRO26OCT320CE,HINDPETRO,29OCT2026,32000.000000,2025,OPTSTK,BFO,5.000000,108000,False
886908,SENSEX26O0183100CE,SENSEX,01OCT2026,8310000.000000,20,OPTIDX,BFO,5.000000,1000,False
889519,SENSEX26O0877100CE,SENSEX,08OCT2026,7710000.000000,20,OPTIDX,BFO,5.000000,1000,False
889522,SENSEX26O0879400CE,SENSEX,08OCT2026,7940000.000000,20,OPTIDX,BFO,5.000000,1000,False
889525,SENSEX26O0873400CE,SENSEX,08OCT2026,7340000.000000,20,OPTIDX,BFO,5.000000,1000,False
889531,GMRAIRPORT26OCT93CE,GMRAIRPORT,29OCT2026,9300.000000,6975,OPTSTK,BFO,5.000000,675000,False
841940,NMDC26SEP82CE,NMDC,24SEP2026,8200.000000,6750,OPTSTK,BFO,5.000000,225000,False
841952,COLPAL26SEP1880PE,COLPAL,24SEP2026,188000.000000,275,OPTSTK,BFO,5.000000,14000,False
842000,IREDA26SEP130PE,IREDA,24SEP2026,13000.000000,4525,OPTSTK,BFO,5.000000,100000000,False
842009,SENSEX28JUN78000PE,SENSEX,29JUN2028,7800000.000000,20,OPTIDX,BFO,5.000000,1000,False
889534,COFORGE26SEP2020PE,COFORGE,24SEP2026,202000.000000,475,OPTSTK,BFO,5.000000,6000,False
889536,SENSEX26O0875100PE,SENSEX,08OCT2026,7510000.000000,20,OPTIDX,BFO,5.000000,1000,False
889576,UNITDSPR26SEP1700CE,UNITDSPR,24SEP2026,170000.000000,400,OPTSTK,BFO,5.000000,28000,False
889602,TATACONSUM26SEP980PE,TATACONSUM,24SEP2026,98000.000000,550,OPTSTK,BFO,5.000000,36000,False
886932,ETERNAL26SEP355PE,ETERNAL,24SEP2026,35500.000000,2425,OPTSTK,BFO,5.000000,100000000,False
886958,PAYTM26OCT1760PE,PAYTM,29OCT2026,176000.000000,725,OPTSTK,BFO,5.000000,100000000,False
886967,SENSEX26O0181900CE,SENSEX,01OCT2026,8190000.000000,20,OPTIDX,BFO,5.000000,1000,False
886969,BDL26OCT1520PE,BDL,29OCT2026,152000.000000,425,OPTSTK,BFO,5.000000,100000000,False
842014,360ONE26SEP940PE,,24SEP2026,94000.000000,500,OPTSTK,BFO,5.000000,100000000,False
842035,FOCIT26SEP34500PE,FOCIT,24SEP2026,3450000.000000,45,OPTIDX,BFO,5.000000,1350,False
842044,JSWENERGY26SEP540PE,JSWENERGY,24SEP2026,54000.000000,1075,OPTSTK,BFO,5.000000,100000000,False
842066,ZYDUSLIFE26SEP1050CE,ZYDUSLIFE,24SEP2026,105000.000000,900,OPTSTK,BFO,5.000000,54000,False
889608,MCX26SEP3550PE,MCX,24SEP2026,355000.000000,225,OPTSTK,BFO,5.000000,16000,False
889620,HDFCLIFE26OCT590PE,HDFCLIFE,29OCT2026,59000.000000,1100,OPTSTK,BFO,5.000000,44000,False
889651,TATACONSUM26OCT980CE,TATACONSUM,29OCT2026,98000.000000,550,OPTSTK,BFO,5.000000,36000,False
889660,NAM-INDIA26OCT1380PE,NAM-INDIA,29OCT2026,138000.000000,625,OPTSTK,BFO,5.000000,100000000,False
886982,SENSEX26O0175900PE,SENSEX,01OCT2026,7590000.000000,20,OPTIDX,BFO,5.000000,1000,False
887007,BIOCON26OCT380CE,BIOCON,29OCT2026,38000.000000,2500,OPTSTK,BFO,5.000000,100000,False
887022,EICHERMOT26SEP8800CE,EICHERMOT,24SEP2026,880000.000000,100,OPTSTK,BFO,5.000000,7000,False
887026,BIOCON26OCT380PE,BIOCON,29OCT2026,38000.000000,2500,OPTSTK,BFO,5.000000,100000,False
889662,NAM-INDIA26SEP1380CE,NAM-INDIA,24SEP2026,138000.000000,625,OPTSTK,BFO,5.000000,100000000,False
889690,CDSL26SEP2000CE,CDSL,29SEP2026,200000.000000,475,OPTSTK,BFO,5.000000,14001,False
889728,PETRONET26SEP330CE,PETRONET,24SEP2026,33000.000000,1900,OPTSTK,BFO,5.000000,120000,False
889753,DELHIVERY26SEP410CE,DELHIVERY,24SEP2026,41000.000000,2075,OPTSTK,BFO,5.000000,100000000,False
842074,GRASIM26SEP3040PE,GRASIM,24SEP2026,304000.000000,250,OPTSTK,BFO,5.000000,14250,False
842079,GODFRYPHLP26SEPFUT,GODFRYPHLP,24SEP2026,0.000000,275,FUTSTK,BFO,5.000000,100000000,False
842089,LAURUSLABS26SEP1450PE,LAURUSLABS,24SEP2026,145000.000000,850,OPTSTK,BFO,5.000000,68000,False
842092,JSWSTEEL26SEP1210PE,JSWSTEEL,24SEP2026,121000.000000,675,OPTSTK,BFO,5.000000,40500,False
889763,AUBANK26SEP1260PE,AUBANK,24SEP2026,126000.000000,1000,OPTSTK,BFO,5.000000,30000,False
889772,GMRAIRPORT26OCT92CE,GMRAIRPORT,29OCT2026,9200.000000,6975,OPTSTK,BFO,5.000000,675000,False
889795,ZYDUSLIFE26OCT1030PE,ZYDUSLIFE,29OCT2026,103000.000000,900,OPTSTK,BFO,5.000000,54000,False
889809,DELHIVERY26OCT410CE,DELHIVERY,29OCT2026,41000.000000,2075,OPTSTK,BFO,5.000000,100000000,False
887041,SENSEX26O0176800CE,SENSEX,01OCT2026,7680000.000000,20,OPTIDX,BFO,5.000000,1000,False
887082,ASTRAL26OCT1700PE,ASTRAL,29OCT2026,170000.000000,425,OPTSTK,BFO,5.000000,14680,False
887039,BIOCON26OCT385PE,BIOCON,29OCT2026,38500.000000,2500,OPTSTK,BFO,5.000000,100000,False
887064,SENSEX26O0173100PE,SENSEX,01OCT2026,7310000.000000,20,OPTIDX,BFO,5.000000,1000,False
842105,CGPOWER26SEP1010PE,CGPOWER,24SEP2026,101000.000000,850,OPTSTK,BFO,5.000000,100000000,False
842115,NAM-INDIA26SEP1080CE,NAM-INDIA,24SEP2026,108000.000000,625,OPTSTK,BFO,5.000000,100000000,False
842117,POLYCAB26SEP9300CE,POLYCAB,24SEP2026,930000.000000,125,OPTSTK,BFO,5.000000,9000,False
842134,ADANIENSOL26SEP1540CE,ADANIENSOL,24SEP2026,154000.000000,675,OPTSTK,BFO,5.000000,100000000,False
889817,MCX26SEP3600CE,MCX,24SEP2026,360000.000000,225,OPTSTK,BFO,5.000000,16000,False
889819,PETRONET26SEP330PE,PETRONET,24SEP2026,33000.000000,1900,OPTSTK,BFO,5.000000,120000,False
889828,SBILIFE26OCT1620PE,SBILIFE,29OCT2026,162000.000000,375,OPTSTK,BFO,5.000000,22500,False
889830,TMPV26OCT280CE,TMPV,29OCT2026,28000.000000,1600,OPTSTK,BFO,5.000000,42750,False
842139,JINDALSTEL26SEP1020CE,JINDALSTEL,24SEP2026,102000.000000,625,OPTSTK,BFO,5.000000,37500,False
842145,BHEL26SEP410CE,BHEL,24SEP2026,41000.000000,2625,OPTSTK,BFO,5.000000,315000,False
842148,BAJAJHLDNG26SEP11000CE,BAJAJHLDNG,24SEP2026,1100000.000000,75,OPTSTK,BFO,5.000000,100000000,False
842154,DLF26SEP620PE,DLF,24SEP2026,62000.000000,950,OPTSTK,BFO,5.000000,49500,False
889874,GLENMARK26OCT2520CE,GLENMARK,29OCT2026,252000.000000,375,OPTSTK,BFO,5.000000,43500,False
889903,FEDERALBNK26OCT310CE,FEDERALBNK,29OCT2026,31000.000000,2500,OPTSTK,BFO,5.000000,200000,False
889914,DABUR26OCT360PE,DABUR,29OCT2026,36000.000000,1250,OPTSTK,BFO,5.000000,50000,False
889920,ICICIGI26OCT1460PE,ICICIGI,29OCT2026,146000.000000,325,OPTSTK,BFO,5.000000,20000,False
842159,ZYDUSLIFE26SEP1120CE,ZYDUSLIFE,24SEP2026,112000.000000,900,OPTSTK,BFO,5.000000,54000,False
842186,CUMMINSIND26SEP5700CE,CUMMINSIND,24SEP2026,570000.000000,200,OPTSTK,BFO,5.000000,18000,False
842192,AMBUJACEM26SEP455CE,AMBUJACEM,24SEP2026,45500.000000,1200,OPTSTK,BFO,5.000000,54000,False
842198,TVSMOTOR26SEP3600PE,TVSMOTOR,24SEP2026,360000.000000,175,OPTSTK,BFO,5.000000,21000,False
889940,SENSEX26O0884700CE,SENSEX,08OCT2026,8470000.000000,20,OPTIDX,BFO,5.000000,1000,False
889950,PAYTM26OCT1800CE,PAYTM,29OCT2026,180000.000000,725,OPTSTK,BFO,5.000000,100000000,False
889953,PGEL26OCT520CE,PGEL,29OCT2026,52000.000000,950,OPTSTK,BFO,5.000000,100000000,False
889971,COFORGE26SEP2040PE,COFORGE,24SEP2026,204000.000000,475,OPTSTK,BFO,5.000000,6000,False
842202,ADANIENSOL26SEP1460PE,ADANIENSOL,24SEP2026,146000.000000,675,OPTSTK,BFO,5.000000,100000000,False
842222,M&M26SEP3160CE,M&M,24SEP2026,316000.000000,200,OPTSTK,BFO,5.000000,21000,False
842230,KEI26SEP5000CE,KEI,24SEP2026,500000.000000,175,OPTSTK,BFO,5.000000,100000000,False
842246,PIDILITIND26SEP1530CE,PIDILITIND,24SEP2026,153000.000000,500,OPTSTK,BFO,5.000000,10000,False
887084,PNBHOUSING26OCT1300CE,PNBHOUSING,29OCT2026,130000.000000,650,OPTSTK,BFO,5.000000,100000000,False
887088,HINDPETRO26SEP320PE,HINDPETRO,24SEP2026,32000.000000,2025,OPTSTK,BFO,5.000000,108000,False
887109,MUTHOOTFIN26SEP2500CE,MUTHOOTFIN,24SEP2026,250000.000000,275,OPTSTK,BFO,5.000000,22000,False
887149,SENSEX26O0184900CE,SENSEX,01OCT2026,8490000.000000,20,OPTIDX,BFO,5.000000,1000,False
889983,HDFCAMC26OCT3050PE,HDFCAMC,29OCT2026,305000.000000,300,OPTSTK,BFO,5.000000,12000,False
889984,PAYTM26SEP1860PE,PAYTM,24SEP2026,186000.000000,725,OPTSTK,BFO,5.000000,100000000,False
842252,ADANIPOWER26SEP227.5CE,ADANIPOWER,24SEP2026,22750.000000,3550,OPTSTK,BFO,5.000000,100000000,False
842264,AUBANK26SEPFUT,AUBANK,24SEP2026,0.000000,1000,FUTSTK,BFO,5.000000,30000,False
842265,BANKEX26SEP63900PE,BANKEX,24SEP2026,6390000.000000,30,OPTIDX,BFO,5.000000,900,False
842268,APOLLOHOSP26SEP8700CE,APOLLOHOSP,24SEP2026,870000.000000,125,OPTSTK,BFO,5.000000,5000,False
842289,BLUESTARCO26SEP1600CE,BLUESTARCO,24SEP2026,160000.000000,325,OPTSTK,BFO,5.000000,100000000,False
842297,HAVELLS26SEP1200PE,HAVELLS,24SEP2026,120000.000000,500,OPTSTK,BFO,5.000000,20000,False
842305,EICHERMOT26SEP7750CE,EICHERMOT,24SEP2026,775000.000000,100,OPTSTK,BFO,5.000000,7000,False
842308,TRENT26SEP3400PE,TRENT,24SEP2026,340000.000000,225,OPTSTK,BFO,5.000000,16000,False
887217,SENSEX26O0174500PE,SENSEX,01OCT2026,7450000.000000,20,OPTIDX,BFO,5.000000,1000,False
887219,SENSEX26O0176800PE,SENSEX,01OCT2026,7680000.000000,20,OPTIDX,BFO,5.000000,1000,False
887233,ETERNAL26OCT355PE,ETERNAL,29OCT2026,35500.000000,2425,OPTSTK,BFO,5.000000,100000000,False
887235,SENSEX26O0178100CE,SENSEX,01OCT2026,7810000.000000,20,OPTIDX,BFO,5.000000,1000,False
842312,HINDALCO26SEP1000CE,HINDALCO,24SEP2026,100000.000000,700,OPTSTK,BFO,5.000000,56000,False
842332,HINDPETRO26SEP375.75PE,HINDPETRO,24SEP2026,37575.000000,2025,OPTSTK,BFO,5.000000,108000,False
842334,BANKEX26SEP71600PE,BANKEX,24SEP2026,7160000.000000,30,OPTIDX,BFO,5.000000,900,False
842337,RVNL26SEP205PE,RVNL,24SEP2026,20500.000000,1925,OPTSTK,BFO,5.000000,100000000,False
887259,SENSEX26O0176700CE,SENSEX,01OCT2026,7670000.000000,20,OPTIDX,BFO,5.000000,1000,False
887291,ADANIENT26OCT2600CE,ADANIENT,29OCT2026,260000.000000,309,OPTSTK,BFO,5.000000,9000,False
887315,SENSEX26O0176900CE,SENSEX,01OCT2026,7690000.000000,20,OPTIDX,BFO,5.000000,1000,False
887324,HINDPETRO26SEP370CE,HINDPETRO,24SEP2026,37000.000000,2025,OPTSTK,BFO,5.000000,108000,False
842346,KAYNES26SEP3050CE,KAYNES,24SEP2026,305000.000000,150,OPTSTK,BFO,5.000000,100000000,False
842357,LODHA26SEPFUT,LODHA,24SEP2026,0.000000,625,FUTSTK,BFO,5.000000,100000000,False
842365,JSWENERGY26SEP580CE,JSWENERGY,24SEP2026,58000.000000,1075,OPTSTK,BFO,5.000000,100000000,False
842373,ADANIENSOL26SEPFUT,ADANIENSOL,24SEP2026,0.000000,675,FUTSTK,BFO,5.000000,100000000,False
887458,TATAPOWER26OCT420PE,TATAPOWER,29OCT2026,42000.000000,1450,OPTSTK,BFO,5.000000,101250,False
887367,SENSEX26O0184900PE,SENSEX,01OCT2026,8490000.000000,20,OPTIDX,BFO,5.000000,1000,False
887396,RECLTD26SEP300PE,RECLTD,24SEP2026,30000.000000,1575,OPTSTK,BFO,5.000000,160000,False
887445,GLENMARK26OCT2480CE,GLENMARK,29OCT2026,248000.000000,375,OPTSTK,BFO,5.000000,43500,False
842418,ITC26SEP292.5CE,ITC,24SEP2026,29250.000000,1725,OPTSTK,BFO,5.000000,64000,False
842436,TORNTPHARM26SEP4700CE,TORNTPHARM,24SEP2026,470000.000000,125,OPTSTK,BFO,5.000000,15000,False
842439,TIINDIA26SEP3100CE,TIINDIA,24SEP2026,310000.000000,200,OPTSTK,BFO,5.000000,100000000,False
842448,TATAPOWER26SEP370PE,TATAPOWER,24SEP2026,37000.000000,1450,OPTSTK,BFO,5.000000,101250,False
887464,HAVELLS26OCT1440PE,HAVELLS,29OCT2026,144000.000000,500,OPTSTK,BFO,5.000000,20000,False
887510,BOSCHLTD26OCT50500PE,BOSCHLTD,29OCT2026,5050000.000000,25,OPTSTK,BFO,5.000000,1500,False
887514,SUNPHARMA26OCT1780CE,SUNPHARMA,29OCT2026,178000.000000,350,OPTSTK,BFO,5.000000,28000,False
887558,HAL26SEP5350CE,HAL,24SEP2026,535000.000000,150,OPTSTK,BFO,5.000000,9000,False
842482,INDUSINDBK26SEP900PE,INDUSINDBK,24SEP2026,90000.000000,700,OPTSTK,BFO,5.000000,20000,False
842498,HINDALCO26SEP880CE,HINDALCO,24SEP2026,88000.000000,700,OPTSTK,BFO,5.000000,56000,False
842500,LT26SEP4240PE,LT,24SEP2026,424000.000000,175,OPTSTK,BFO,5.000000,12000,False
842517,BEL26SEP370PE,BEL,24SEP2026,37000.000000,1425,OPTSTK,BFO,5.000000,228000,False
887575,APLAPOLLO26OCT2220CE,APLAPOLLO,29OCT2026,222000.000000,350,OPTSTK,BFO,5.000000,100000000,False
887580,SUNPHARMA26OCT1780PE,SUNPHARMA,29OCT2026,178000.000000,350,OPTSTK,BFO,5.000000,28000,False
887592,MAZDOCK26OCT2950PE,MAZDOCK,29OCT2026,295000.000000,225,OPTSTK,BFO,5.000000,100000000,False
887673,SBICARD26OCT560CE,SBICARD,29OCT2026,56000.000000,800,OPTSTK,BFO,5.000000,32000,False
842525,360ONE26SEP980PE,,24SEP2026,98000.000000,500,OPTSTK,BFO,5.000000,100000000,False
842537,SUZLON26SEP59PE,SUZLON,24SEP2026,5900.000000,12700,OPTSTK,BFO,5.000000,100000000,False
842539,NTPC26SEP362.5CE,NTPC,24SEP2026,36250.000000,1500,OPTSTK,BFO,5.000000,150000,False
842572,KPITTECH26SEP680PE,KPITTECH,24SEP2026,68000.000000,775,OPTSTK,BFO,5.000000,100000000,False
887706,BDL26OCT1540CE,BDL,29OCT2026,154000.000000,425,OPTSTK,BFO,5.000000,100000000,False
887739,PIDILITIND26SEP1840PE,PIDILITIND,24SEP2026,184000.000000,500,OPTSTK,BFO,5.000000,10000,False
887794,PERSISTENT26OCT6300CE,PERSISTENT,29OCT2026,630000.000000,125,OPTSTK,BFO,5.000000,5250,False
888025,MFSL26OCT1700CE,MFSL,29OCT2026,170000.000000,400,OPTSTK,BFO,5.000000,32000,False
842580,ABB26SEP7000PE,ABB,24SEP2026,700000.000000,125,OPTSTK,BFO,5.000000,7500,False
842608,KOTAKBANK26SEP402.5PE,KOTAKBANK,24SEP2026,40250.000000,2000,OPTSTK,BFO,5.000000,12000,False
842617,ITC26SEP297.5CE,ITC,24SEP2026,29750.000000,1725,OPTSTK,BFO,5.000000,64000,False
842619,NHPC26SEP77CE,NHPC,24SEP2026,7700.000000,6950,OPTSTK,BFO,5.000000,100000000,False
842632,SENSEX28DEC78000CE,SENSEX,28DEC2028,7800000.000000,20,OPTIDX,BFO,5.000000,1000,False
842638,POWERINDIA26SEP31000CE,POWERINDIA,24SEP2026,3100000.000000,25,OPTSTK,BFO,5.000000,100000000,False
842641,NATIONALUM26SEP360CE,NATIONALUM,24SEP2026,36000.000000,1875,OPTSTK,BFO,5.000000,300000,False
842654,LAURUSLABS26SEP1480CE,LAURUSLABS,24SEP2026,148000.000000,850,OPTSTK,BFO,5.000000,68000,False
888052,POWERGRID26SEP247.5PE,POWERGRID,24SEP2026,24750.000000,1900,OPTSTK,BFO,5.000000,108000,False
888057,SUNPHARMA26OCT1760PE,SUNPHARMA,29OCT2026,176000.000000,350,OPTSTK,BFO,5.000000,28000,False
888059,ULTRACEMCO26OCT10900PE,ULTRACEMCO,29OCT2026,1090000.000000,50,OPTSTK,BFO,5.000000,3000,False
888075,OBEROIRLTY26OCT2040CE,OBEROIRLTY,29OCT2026,204000.000000,350,OPTSTK,BFO,5.000000,28000,False
842666,SENSEX5026SEP24950PE,SENSEX50,24SEP2026,2495000.000000,75,OPTIDX,BFO,5.000000,1800,False
842673,HDFCBANK26SEP765PE,HDFCBANK,24SEP2026,76500.000000,650,OPTSTK,BFO,5.000000,16500,False
842674,TATACONSUM26SEP1070PE,TATACONSUM,24SEP2026,107000.000000,550,OPTSTK,BFO,5.000000,36000,False
842686,PNBHOUSING26SEP1010PE,PNBHOUSING,24SEP2026,101000.000000,650,OPTSTK,BFO,5.000000,100000000,False
888085,RADICO26SEP5050CE,RADICO,24SEP2026,505000.000000,150,OPTSTK,BFO,5.000000,100000000,False
888163,OBEROIRLTY26OCT2040PE,OBEROIRLTY,29OCT2026,204000.000000,350,OPTSTK,BFO,5.000000,28000,False
888186,TMPV26OCT295CE,TMPV,29OCT2026,29500.000000,1600,OPTSTK,BFO,5.000000,42750,False
888191,HAL26SEP5400CE,HAL,24SEP2026,540000.000000,150,OPTSTK,BFO,5.000000,9000,False
842694,OFSS26SEP11000PE,OFSS,24SEP2026,1100000.000000,100,OPTSTK,BFO,5.000000,8000,False
842734,SENSEX26DEC78000CE,SENSEX,31DEC2026,7800000.000000,20,OPTIDX,BFO,5.000000,1000,False
842736,HAL26SEP4650PE,HAL,24SEP2026,465000.000000,150,OPTSTK,BFO,5.000000,9000,False
842743,PIDILITIND26SEP1580PE,PIDILITIND,24SEP2026,158000.000000,500,OPTSTK,BFO,5.000000,10000,False
888192,TMPV26OCT295PE,TMPV,29OCT2026,29500.000000,1600,OPTSTK,BFO,5.000000,42750,False
888193,AMBUJACEM26SEP380PE,AMBUJACEM,24SEP2026,38000.000000,1200,OPTSTK,BFO,5.000000,54000,False
888195,MOTILALOFS26OCT1060PE,MOTILALOFS,29OCT2026,106000.000000,775,OPTSTK,BFO,5.000000,100000000,False
888223,IRFC26OCT80PE,IRFC,29OCT2026,8000.000000,5425,OPTSTK,BFO,5.000000,100000000,False
888228,MANKIND26OCT2260CE,MANKIND,29OCT2026,226000.000000,250,OPTSTK,BFO,5.000000,100000000,False
888232,BHEL26OCT460PE,BHEL,29OCT2026,46000.000000,2625,OPTSTK,BFO,5.000000,315000,False
888240,SENSEX26O0170800PE,SENSEX,01OCT2026,7080000.000000,20,OPTIDX,BFO,5.000000,1000,False
888243,PATANJALI26OCT315CE,PATANJALI,29OCT2026,31500.000000,1075,OPTSTK,BFO,5.000000,100000000,False
842781,PIDILITIND26SEP1570CE,PIDILITIND,24SEP2026,157000.000000,500,OPTSTK,BFO,5.000000,10000,False
842782,NYKAA26SEP295PE,NYKAA,24SEP2026,29500.000000,3125,OPTSTK,BFO,5.000000,100000000,False
842786,MANAPPURAM26SEP315PE,MANAPPURAM,24SEP2026,31500.000000,3000,OPTSTK,BFO,5.000000,180000,False
842792,HAVELLS26SEP1160CE,HAVELLS,24SEP2026,116000.000000,500,OPTSTK,BFO,5.000000,20000,False
888254,LT26OCT4450CE,LT,29OCT2026,445000.000000,175,OPTSTK,BFO,5.000000,12000,False
888260,NESTLEIND26OCT1400CE,NESTLEIND,29OCT2026,140000.000000,500,OPTSTK,BFO,5.000000,1200,False
888262,AMBUJACEM26OCT380CE,AMBUJACEM,29OCT2026,38000.000000,1200,OPTSTK,BFO,5.000000,54000,False
888268,DELHIVERY26OCT420PE,DELHIVERY,29OCT2026,42000.000000,2075,OPTSTK,BFO,5.000000,100000000,False
842810,JSWENERGY26SEP585PE,JSWENERGY,24SEP2026,58500.000000,1075,OPTSTK,BFO,5.000000,100000000,False
842821,ALKEM26SEP5250CE,ALKEM,24SEP2026,525000.000000,125,OPTSTK,BFO,5.000000,8000,False
842824,GAIL26SEP176PE,GAIL,24SEP2026,17600.000000,3550,OPTSTK,BFO,5.000000,274500,False
842828,DELHIVERY26SEP440PE,DELHIVERY,24SEP2026,44000.000000,2075,OPTSTK,BFO,5.000000,100000000,False
888295,BOSCHLTD26OCT51000CE,BOSCHLTD,29OCT2026,5100000.000000,25,OPTSTK,BFO,5.000000,1500,False
888307,FOCIT26SEP29800CE,FOCIT,24SEP2026,2980000.000000,45,OPTIDX,BFO,5.000000,1350,False
888318,FOCIT26OCT29800PE,FOCIT,29OCT2026,2980000.000000,45,OPTIDX,BFO,5.000000,1350,False
888340,VMM26OCT85CE,VMM,29OCT2026,8500.000000,4850,OPTSTK,BFO,5.000000,100000000,False
842850,ASIANPAINT26SEP2600CE,ASIANPAINT,24SEP2026,260000.000000,250,OPTSTK,BFO,5.000000,8000,False
842852,BANKEX26SEP64800CE,BANKEX,24SEP2026,6480000.000000,30,OPTIDX,BFO,5.000000,900,False
842855,MARICO26SEP820PE,MARICO,24SEP2026,82000.000000,1200,OPTSTK,BFO,5.000000,48000,False
842861,TIINDIA26SEP3080PE,TIINDIA,24SEP2026,308000.000000,200,OPTSTK,BFO,5.000000,100000000,False
888350,SENSEX26OCT70500PE,SENSEX,29OCT2026,7050000.000000,20,OPTIDX,BFO,5.000000,1000,False
888357,BOSCHLTD26SEP51000CE,BOSCHLTD,24SEP2026,5100000.000000,25,OPTSTK,BFO,5.000000,1500,False
888360,SENSEX5026OCT24400PE,SENSEX50,29OCT2026,2440000.000000,75,OPTIDX,BFO,5.000000,1800,False
888370,AMBUJACEM26OCT375PE,AMBUJACEM,29OCT2026,37500.000000,1200,OPTSTK,BFO,5.000000,54000,False
842871,BANKEX26SEP71800PE,BANKEX,24SEP2026,7180000.000000,30,OPTIDX,BFO,5.000000,900,False
842872,IEX26SEP118CE,IEX,24SEP2026,11800.000000,4350,OPTSTK,BFO,5.000000,150000,False
842881,BLUESTARCO26SEP1720PE,BLUESTARCO,24SEP2026,172000.000000,325,OPTSTK,BFO,5.000000,100000000,False
842884,HAL26SEP4550CE,HAL,24SEP2026,455000.000000,150,OPTSTK,BFO,5.000000,9000,False
888371,DELHIVERY26OCT415PE,DELHIVERY,29OCT2026,41500.000000,2075,OPTSTK,BFO,5.000000,100000000,False
888382,TCS26OCT2160PE,TCS,29OCT2026,216000.000000,225,OPTSTK,BFO,5.000000,7000,False
888384,ULTRACEMCO26OCT10800CE,ULTRACEMCO,29OCT2026,1080000.000000,50,OPTSTK,BFO,5.000000,3000,False
888413,NESTLEIND26OCT1390PE,NESTLEIND,29OCT2026,139000.000000,500,OPTSTK,BFO,5.000000,1200,False
842885,NATIONALUM26SEP365CE,NATIONALUM,24SEP2026,36500.000000,1875,OPTSTK,BFO,5.000000,300000,False
842887,RVNL26SEP245PE,RVNL,24SEP2026,24500.000000,1925,OPTSTK,BFO,5.000000,100000000,False
842889,GMRAIRPORT26SEP105CE,GMRAIRPORT,24SEP2026,10500.000000,6975,OPTSTK,BFO,5.000000,675000,False
842896,HEROMOTOCO26SEP5050CE,HEROMOTOCO,24SEP2026,505000.000000,150,OPTSTK,BFO,5.000000,9000,False
888418,OIL26SEP515CE,OIL,24SEP2026,51500.000000,1400,OPTSTK,BFO,5.000000,100000000,False
888462,COALINDIA26SEP370PE,COALINDIA,24SEP2026,37000.000000,1350,OPTSTK,BFO,5.000000,126000,False
888473,IRFC26SEP79PE,IRFC,24SEP2026,7900.000000,5425,OPTSTK,BFO,5.000000,100000000,False
888476,WIPRO26OCT162.5PE,WIPRO,29OCT2026,16250.000000,3000,OPTSTK,BFO,5.000000,60000,False
842905,PNBHOUSING26SEP970PE,PNBHOUSING,24SEP2026,97000.000000,650,OPTSTK,BFO,5.000000,100000000,False
842922,HINDUNILVR26SEP2200PE,HINDUNILVR,24SEP2026,220000.000000,300,OPTSTK,BFO,5.000000,9000,False
842924,TECHM26SEP1384CE,TECHM,24SEP2026,138400.000000,600,OPTSTK,BFO,5.000000,24000,False
842939,NAM-INDIA26SEP1000PE,NAM-INDIA,24SEP2026,100000.000000,625,OPTSTK,BFO,5.000000,100000000,False
888487,TMPV26OCT290CE,TMPV,29OCT2026,29000.000000,1600,OPTSTK,BFO,5.000000,42750,False
888514,MCX26SEP3400CE,MCX,24SEP2026,340000.000000,225,OPTSTK,BFO,5.000000,16000,False
888498,TMPV26OCT290PE,TMPV,29OCT2026,29000.000000,1600,OPTSTK,BFO,5.000000,42750,False
888506,IREDA26SEP97.5PE,IREDA,24SEP2026,9750.000000,4525,OPTSTK,BFO,5.000000,100000000,False
842958,AUBANK26SEP960PE,AUBANK,24SEP2026,96000.000000,1000,OPTSTK,BFO,5.000000,30000,False
842973,LTF26SEP325PE,LTF,24SEP2026,32500.000000,2250,OPTSTK,BFO,5.000000,267720,False
843003,ETERNAL26SEP255CE,ETERNAL,24SEP2026,25500.000000,2425,OPTSTK,BFO,5.000000,100000000,False
843004,UNITDSPR26SEP1420PE,UNITDSPR,24SEP2026,142000.000000,400,OPTSTK,BFO,5.000000,28000,False
888539,SENSEX2691770200CE,SENSEX,17SEP2026,7020000.000000,20,OPTIDX,BFO,5.000000,1000,False
888563,DIVISLAB26SEP9300PE,DIVISLAB,24SEP2026,930000.000000,100,OPTSTK,BFO,5.000000,8000,False
888588,AMBUJACEM26SEP375CE,AMBUJACEM,24SEP2026,37500.000000,1200,OPTSTK,BFO,5.000000,54000,False
888610,OIL26SEP515PE,OIL,24SEP2026,51500.000000,1400,OPTSTK,BFO,5.000000,100000000,False
843008,DMART26SEP4450PE,DMART,24SEP2026,445000.000000,150,OPTSTK,BFO,5.000000,100000000,False
843034,POLICYBZR26SEP1640PE,POLICYBZR,24SEP2026,164000.000000,350,OPTSTK,BFO,5.000000,100000000,False
843036,POLYCAB26SEP9800PE,POLYCAB,24SEP2026,980000.000000,125,OPTSTK,BFO,5.000000,9000,False
843052,BANKEX26SEP68800PE,BANKEX,24SEP2026,6880000.000000,30,OPTIDX,BFO,5.000000,900,False
888614,ADANIGREEN26SEP1160PE,ADANIGREEN,24SEP2026,116000.000000,600,OPTSTK,BFO,5.000000,100000000,False
888618,ULTRACEMCO26SEP10800CE,ULTRACEMCO,24SEP2026,1080000.000000,50,OPTSTK,BFO,5.000000,3000,False
888656,BPCL26OCT275PE,BPCL,29OCT2026,27500.000000,1975,OPTSTK,BFO,5.000000,72000,False
888671,PAGEIND26SEP32500PE,PAGEIND,24SEP2026,3250000.000000,20,OPTSTK,BFO,5.000000,600,False
843107,FOCIT26SEP31000CE,FOCIT,24SEP2026,3100000.000000,45,OPTIDX,BFO,5.000000,1350,False
843109,PERSISTENT26SEPFUT,PERSISTENT,24SEP2026,0.000000,125,FUTSTK,BFO,5.000000,5250,False
843113,BANDHANBNK26SEP210CE,BANDHANBNK,24SEP2026,21000.000000,3600,OPTSTK,BFO,5.000000,100000,False
843127,BHARATFORG26SEPFUT,BHARATFORG,24SEP2026,0.000000,500,FUTSTK,BFO,5.000000,30000,False
888721,POLICYBZR26SEP1920CE,POLICYBZR,24SEP2026,192000.000000,350,OPTSTK,BFO,5.000000,100000000,False
888722,SHREECEM26SEP22750PE,SHREECEM,24SEP2026,2275000.000000,25,OPTSTK,BFO,5.000000,1000,False
888781,TMPV26SEP285PE,TMPV,24SEP2026,28500.000000,1600,OPTSTK,BFO,5.000000,42750,False
888800,PAGEIND26OCT32500CE,PAGEIND,29OCT2026,3250000.000000,20,OPTSTK,BFO,5.000000,600,False
843145,POWERINDIA26SEP33500CE,POWERINDIA,24SEP2026,3350000.000000,25,OPTSTK,BFO,5.000000,100000000,False
843147,WIPRO26SEP190CE,WIPRO,24SEP2026,19000.000000,3000,OPTSTK,BFO,5.000000,60000,False
843160,TATAPOWER26SEPFUT,TATAPOWER,24SEP2026,0.000000,1450,FUTSTK,BFO,5.000000,101250,False
843166,CUMMINSIND26SEP5950PE,CUMMINSIND,24SEP2026,595000.000000,200,OPTSTK,BFO,5.000000,18000,False
888810,SENSEX26OCT70100PE,SENSEX,29OCT2026,7010000.000000,20,OPTIDX,BFO,5.000000,1000,False
888811,JIOFIN26OCT225PE,JIOFIN,29OCT2026,22500.000000,2350,OPTSTK,BFO,5.000000,100000000,False
888859,DABUR26SEP365PE,DABUR,24SEP2026,36500.000000,1250,OPTSTK,BFO,5.000000,50000,False
888864,SENSEX2691770000PE,SENSEX,17SEP2026,7000000.000000,20,OPTIDX,BFO,5.000000,1000,False
843171,JSWSTEEL26SEP1280CE,JSWSTEEL,24SEP2026,128000.000000,675,OPTSTK,BFO,5.000000,40500,False
843212,ASIANPAINT26SEP2740PE,ASIANPAINT,24SEP2026,274000.000000,250,OPTSTK,BFO,5.000000,8000,False
843219,KEI26SEP5250PE,KEI,24SEP2026,525000.000000,175,OPTSTK,BFO,5.000000,100000000,False
843223,NESTLEIND26SEP1400CE,NESTLEIND,24SEP2026,140000.000000,500,OPTSTK,BFO,5.000000,1200,False
888893,POLICYBZR26SEP1900PE,POLICYBZR,24SEP2026,190000.000000,350,OPTSTK,BFO,5.000000,100000000,False
888898,SENSEX2691770100CE,SENSEX,17SEP2026,7010000.000000,20,OPTIDX,BFO,5.000000,1000,False
888902,SENSEX26O0170000CE,SENSEX,01OCT2026,7000000.000000,20,OPTIDX,BFO,5.000000,1000,False
888909,ADANIENSOL26OCT1420CE,ADANIENSOL,29OCT2026,142000.000000,675,OPTSTK,BFO,5.000000,100000000,False
843229,BANKEX26SEP61100PE,BANKEX,24SEP2026,6110000.000000,30,OPTIDX,BFO,5.000000,900,False
843235,SBIN26SEP1050PE,SBIN,24SEP2026,105000.000000,750,OPTSTK,BFO,5.000000,45000,False
843250,SENSEX27DEC82000PE,SENSEX,30DEC2027,8200000.000000,20,OPTIDX,BFO,5.000000,1000,False
843255,BHARTIARTL26SEP1760PE,BHARTIARTL,24SEP2026,176000.000000,475,OPTSTK,BFO,5.000000,28500,False
843271,APOLLOHOSP26SEP8950PE,APOLLOHOSP,24SEP2026,895000.000000,125,OPTSTK,BFO,5.000000,5000,False
843278,PNB26SEP114PE,PNB,24SEP2026,11400.000000,8000,OPTSTK,BFO,5.000000,480000,False
843282,INOXWIND26SEP92CE,INOXWIND,24SEP2026,9200.000000,6400,OPTSTK,BFO,5.000000,100000000,False
843283,SENSEX27JUN82000CE,SENSEX,24JUN2027,8200000.000000,20,OPTIDX,BFO,5.000000,1000,False
843293,MARICO26SEP795CE,MARICO,24SEP2026,79500.000000,1200,OPTSTK,BFO,5.000000,48000,False
843301,CHOLAFIN26SEP1880PE,CHOLAFIN,24SEP2026,188000.000000,625,OPTSTK,BFO,5.000000,25000,False
843303,BANKEX26SEP68700CE,BANKEX,24SEP2026,6870000.000000,30,OPTIDX,BFO,5.000000,900,False
843333,UNOMINDA26SEP1100PE,UNOMINDA,24SEP2026,110000.000000,550,OPTSTK,BFO,5.000000,100000000,False
888926,SENSEX26O0881400PE,SENSEX,08OCT2026,8140000.000000,20,OPTIDX,BFO,5.000000,1000,False
888967,SENSEX26O0879800CE,SENSEX,08OCT2026,7980000.000000,20,OPTIDX,BFO,5.000000,1000,False
888985,SENSEX26O0878500CE,SENSEX,08OCT2026,7850000.000000,20,OPTIDX,BFO,5.000000,1000,False
888996,SENSEX26O0875400CE,SENSEX,08OCT2026,7540000.000000,20,OPTIDX,BFO,5.000000,1000,False
843348,BLUESTARCO26SEP1680CE,BLUESTARCO,24SEP2026,168000.000000,325,OPTSTK,BFO,5.000000,100000000,False
843365,MARICO26SEP860PE,MARICO,24SEP2026,86000.000000,1200,OPTSTK,BFO,5.000000,48000,False
843377,ASTRAL26SEP1340CE,ASTRAL,24SEP2026,134000.000000,425,OPTSTK,BFO,5.000000,14680,False
843379,CANBK26SEP130CE,CANBK,24SEP2026,13000.000000,6750,OPTSTK,BFO,5.000000,81000,False
889000,SENSEX26O0883100CE,SENSEX,08OCT2026,8310000.000000,20,OPTIDX,BFO,5.000000,1000,False
889018,PFC26SEP330PE,PFC,24SEP2026,33000.000000,1300,OPTSTK,BFO,5.000000,124000,False
889029,SENSEX26O0877000CE,SENSEX,08OCT2026,7700000.000000,20,OPTIDX,BFO,5.000000,1000,False
889055,SENSEX26O0878900CE,SENSEX,08OCT2026,7890000.000000,20,OPTIDX,BFO,5.000000,1000,False
843389,PREMIERENE26SEP1010PE,PREMIERENE,24SEP2026,101000.000000,650,OPTSTK,BFO,5.000000,100000000,False
843414,JIOFIN26SEP245CE,JIOFIN,24SEP2026,24500.000000,2350,OPTSTK,BFO,5.000000,100000000,False
843427,HINDUNILVR26SEP2240PE,HINDUNILVR,24SEP2026,224000.000000,300,OPTSTK,BFO,5.000000,9000,False
843429,PREMIERENE26SEP1000CE,PREMIERENE,24SEP2026,100000.000000,650,OPTSTK,BFO,5.000000,100000000,False
843430,LUPIN26SEP2400CE,LUPIN,24SEP2026,240000.000000,425,OPTSTK,BFO,5.000000,34000,False
843446,INDHOTEL26SEP730PE,INDHOTEL,24SEP2026,73000.000000,1000,OPTSTK,BFO,5.000000,60000,False
843448,ABCAPITAL26SEP355PE,ABCAPITAL,24SEP2026,35500.000000,3100,OPTSTK,BFO,5.000000,162000,False
843492,SAIL26SEP187.5CE,SAIL,24SEP2026,18750.000000,4700,OPTSTK,BFO,5.000000,320000,False
843495,M&M26SEP3200CE,M&M,24SEP2026,320000.000000,200,OPTSTK,BFO,5.000000,21000,False
843501,ANGELONE26SEP360PE,ANGELONE,24SEP2026,36000.000000,2500,OPTSTK,BFO,5.000000,100000000,False
843513,DIVISLAB26SEP6800CE,DIVISLAB,24SEP2026,680000.000000,100,OPTSTK,BFO,5.000000,8000,False
843525,SENSEX5026SEP24700PE,SENSEX50,24SEP2026,2470000.000000,75,OPTIDX,BFO,5.000000,1800,False
889062,SENSEX26O0882900CE,SENSEX,08OCT2026,8290000.000000,20,OPTIDX,BFO,5.000000,1000,False
889097,SENSEX26O0876800CE,SENSEX,08OCT2026,7680000.000000,20,OPTIDX,BFO,5.000000,1000,False
889112,SENSEX26O0872500PE,SENSEX,08OCT2026,7250000.000000,20,OPTIDX,BFO,5.000000,1000,False
889129,SENSEX26O0874700CE,SENSEX,08OCT2026,7470000.000000,20,OPTIDX,BFO,5.000000,1000,False
889137,APLAPOLLO26SEP2280PE,APLAPOLLO,24SEP2026,228000.000000,350,OPTSTK,BFO,5.000000,100000000,False
889145,SENSEX26O0883000CE,SENSEX,08OCT2026,8300000.000000,20,OPTIDX,BFO,5.000000,1000,False
889146,SENSEX26O0882700PE,SENSEX,08OCT2026,8270000.000000,20,OPTIDX,BFO,5.000000,1000,False
889153,SENSEX26O0878600CE,SENSEX,08OCT2026,7860000.000000,20,OPTIDX,BFO,5.000000,1000,False
843535,COCHINSHIP26SEP1420CE,COCHINSHIP,24SEP2026,142000.000000,400,OPTSTK,BFO,5.000000,100000000,False
843551,SBICARD26SEP570CE,SBICARD,24SEP2026,57000.000000,800,OPTSTK,BFO,5.000000,32000,False
843556,SENSEX31JUN73000PE,SENSEX,26JUN2031,7300000.000000,20,OPTIDX,BFO,5.000000,1000,False
843561,JUBLFOOD26SEP435CE,JUBLFOOD,24SEP2026,43500.000000,1250,OPTSTK,BFO,5.000000,50000,False
889181,SENSEX26O0870600PE,SENSEX,08OCT2026,7060000.000000,20,OPTIDX,BFO,5.000000,1000,False
889193,SENSEX26O0876500CE,SENSEX,08OCT2026,7650000.000000,20,OPTIDX,BFO,5.000000,1000,False
889197,SENSEX26O0881200PE,SENSEX,08OCT2026,8120000.000000,20,OPTIDX,BFO,5.000000,1000,False
889218,SENSEX26O0874500PE,SENSEX,08OCT2026,7450000.000000,20,OPTIDX,BFO,5.000000,1000,False
843569,TMPV26SEP360PE,TMPV,24SEP2026,36000.000000,1600,OPTSTK,BFO,5.000000,42750,False
843593,ONGC26SEP225CE,ONGC,24SEP2026,22500.000000,2250,OPTSTK,BFO,5.000000,154000,False
843603,UPL26SEP585CE,UPL,24SEP2026,58500.000000,1355,OPTSTK,BFO,5.000000,39000,False
843604,YESBANK26SEP31CE,YESBANK,24SEP2026,3100.000000,31100,OPTSTK,BFO,5.000000,100000000,False
889254,SENSEX26O0876100PE,SENSEX,08OCT2026,7610000.000000,20,OPTIDX,BFO,5.000000,1000,False
889259,GMRAIRPORT26OCT94CE,GMRAIRPORT,29OCT2026,9400.000000,6975,OPTSTK,BFO,5.000000,675000,False
889279,SENSEX26O0876000CE,SENSEX,08OCT2026,7600000.000000,20,OPTIDX,BFO,5.000000,1000,False
889293,ETERNAL26OCT365PE,ETERNAL,29OCT2026,36500.000000,2425,OPTSTK,BFO,5.000000,100000000,False
843610,360ONE26SEP1140CE,,24SEP2026,114000.000000,500,OPTSTK,BFO,5.000000,100000000,False
843615,BIOCON26SEP385CE,BIOCON,24SEP2026,38500.000000,2500,OPTSTK,BFO,5.000000,100000,False
843626,MUTHOOTFIN26SEP3150PE,MUTHOOTFIN,24SEP2026,315000.000000,275,OPTSTK,BFO,5.000000,22000,False
843633,PRESTIGE26SEP1640CE,PRESTIGE,24SEP2026,164000.000000,450,OPTSTK,BFO,5.000000,100000000,False
889300,RECLTD26SEP295CE,RECLTD,24SEP2026,29500.000000,1575,OPTSTK,BFO,5.000000,160000,False
889304,SENSEX26O0878600PE,SENSEX,08OCT2026,7860000.000000,20,OPTIDX,BFO,5.000000,1000,False
889308,SENSEX26O0874900PE,SENSEX,08OCT2026,7490000.000000,20,OPTIDX,BFO,5.000000,1000,False
889337,MCX26SEP3450PE,MCX,24SEP2026,345000.000000,225,OPTSTK,BFO,5.000000,16000,False
843651,GODREJPROP26SEP1740PE,GODREJPROP,24SEP2026,174000.000000,325,OPTSTK,BFO,5.000000,19000,False
843652,CUMMINSIND26SEP5400CE,CUMMINSIND,24SEP2026,540000.000000,200,OPTSTK,BFO,5.000000,18000,False
843656,POWERGRID26SEP287.5CE,POWERGRID,24SEP2026,28750.000000,1900,OPTSTK,BFO,5.000000,108000,False
843687,ANGELONE26SEP365PE,ANGELONE,24SEP2026,36500.000000,2500,OPTSTK,BFO,5.000000,100000000,False
843693,BHARTIARTL26SEP1880CE,BHARTIARTL,24SEP2026,188000.000000,475,OPTSTK,BFO,5.000000,28500,False
843695,KAYNES26SEP3000CE,KAYNES,24SEP2026,300000.000000,150,OPTSTK,BFO,5.000000,100000000,False
843705,RBLBANK26SEP385CE,RBLBANK,24SEP2026,38500.000000,3175,OPTSTK,BFO,5.000000,150000,False
843706,GODFRYPHLP26SEP2340PE,GODFRYPHLP,24SEP2026,234000.000000,275,OPTSTK,BFO,5.000000,100000000,False
843714,ONGC26SEP232.5PE,ONGC,24SEP2026,23250.000000,2250,OPTSTK,BFO,5.000000,154000,False
843718,BANKEX26SEP58900CE,BANKEX,24SEP2026,5890000.000000,30,OPTIDX,BFO,5.000000,900,False
843733,GODFRYPHLP26SEP2180PE,GODFRYPHLP,24SEP2026,218000.000000,275,OPTSTK,BFO,5.000000,100000000,False
843740,PERSISTENT26SEP4650CE,PERSISTENT,24SEP2026,465000.000000,125,OPTSTK,BFO,5.000000,5250,False
843752,SRF26SEP2720PE,SRF,24SEP2026,272000.000000,200,OPTSTK,BFO,5.000000,11250,False
843757,BHARTIARTL26SEP1960PE,BHARTIARTL,24SEP2026,196000.000000,475,OPTSTK,BFO,5.000000,28500,False
843764,HINDZINC26SEP570CE,HINDZINC,24SEP2026,57000.000000,1225,OPTSTK,BFO,5.000000,100000000,False
843783,SENSEX5026SEP24600CE,SENSEX50,24SEP2026,2460000.000000,75,OPTIDX,BFO,5.000000,1800,False
843793,JIOFIN26SEP225PE,JIOFIN,24SEP2026,22500.000000,2350,OPTSTK,BFO,5.000000,100000000,False
843795,BRITANNIA26SEP5350PE,BRITANNIA,24SEP2026,535000.000000,125,OPTSTK,BFO,5.000000,6000,False
843799,CANBK26SEP127PE,CANBK,24SEP2026,12700.000000,6750,OPTSTK,BFO,5.000000,81000,False
843814,FEDERALBNK26SEP327.5PE,FEDERALBNK,24SEP2026,32750.000000,2500,OPTSTK,BFO,5.000000,200000,False
843817,SUPREMEIND26SEP3150PE,SUPREMEIND,24SEP2026,315000.000000,175,OPTSTK,BFO,5.000000,100000000,False
843830,BANKEX26SEP60600CE,BANKEX,24SEP2026,6060000.000000,30,OPTIDX,BFO,5.000000,900,False
843831,SENSEX31JUN74000PE,SENSEX,26JUN2031,7400000.000000,20,OPTIDX,BFO,5.000000,1000,False
843832,PAGEIND26SEP39750CE,PAGEIND,24SEP2026,3975000.000000,20,OPTSTK,BFO,5.000000,600,False
843833,DABUR26SEP410PE,DABUR,24SEP2026,41000.000000,1250,OPTSTK,BFO,5.000000,50000,False
843845,FOCIT26SEP31500PE,FOCIT,24SEP2026,3150000.000000,45,OPTIDX,BFO,5.000000,1350,False
843847,RADICO26SEP3900CE,RADICO,24SEP2026,390000.000000,150,OPTSTK,BFO,5.000000,100000000,False
843857,360ONE26SEPFUT,,24SEP2026,0.000000,500,FUTSTK,BFO,5.000000,100000000,False
843880,NHPC26SEP73PE,NHPC,24SEP2026,7300.000000,6950,OPTSTK,BFO,5.000000,100000000,False
843889,BAJAJ-AUTO26SEP9600PE,BAJAJ-AUTO,24SEP2026,960000.000000,75,OPTSTK,BFO,5.000000,5000,False
843892,BANDHANBNK26SEP197.5CE,BANDHANBNK,24SEP2026,19750.000000,3600,OPTSTK,BFO,5.000000,100000,False
843894,BPCL26SEP335CE,BPCL,24SEP2026,33500.000000,1975,OPTSTK,BFO,5.000000,72000,False
843898,ZYDUSLIFE26SEP1050PE,ZYDUSLIFE,24SEP2026,105000.000000,900,OPTSTK,BFO,5.000000,54000,False
843904,ICICIGI26SEP1840CE,ICICIGI,24SEP2026,184000.000000,325,OPTSTK,BFO,5.000000,20000,False
843907,RBLBANK26SEP385PE,RBLBANK,24SEP2026,38500.000000,3175,OPTSTK,BFO,5.000000,150000,False
843917,NHPC26SEP86CE,NHPC,24SEP2026,8600.000000,6950,OPTSTK,BFO,5.000000,100000000,False
843923,ONGC26SEP237.5PE,ONGC,24SEP2026,23750.000000,2250,OPTSTK,BFO,5.000000,154000,False
843938,LUPIN26SEP2440CE,LUPIN,24SEP2026,244000.000000,425,OPTSTK,BFO,5.000000,34000,False
843959,NAM-INDIA26SEP1080PE,NAM-INDIA,24SEP2026,108000.000000,625,OPTSTK,BFO,5.000000,100000000,False
843996,ZYDUSLIFE26SEP1120PE,ZYDUSLIFE,24SEP2026,112000.000000,900,OPTSTK,BFO,5.000000,54000,False
844018,JSWENERGY26SEP600PE,JSWENERGY,24SEP2026,60000.000000,1075,OPTSTK,BFO,5.000000,100000000,False
844027,JINDALSTEL26SEP1010CE,JINDALSTEL,24SEP2026,101000.000000,625,OPTSTK,BFO,5.000000,37500,False
844028,OIL26SEP420CE,OIL,24SEP2026,42000.000000,1400,OPTSTK,BFO,5.000000,100000000,False
844043,GRASIM26SEP3100PE,GRASIM,24SEP2026,310000.000000,250,OPTSTK,BFO,5.000000,14250,False
844066,BPCL26SEP310PE,BPCL,24SEP2026,31000.000000,1975,OPTSTK,BFO,5.000000,72000,False
844068,FORCEMOT26SEP20000PE,FORCEMOT,24SEP2026,2000000.000000,25,OPTSTK,BFO,5.000000,100000000,False
844073,SENSEX5026SEP26050PE,SENSEX50,24SEP2026,2605000.000000,75,OPTIDX,BFO,5.000000,1800,False
844077,HAVELLS26SEP1120PE,HAVELLS,24SEP2026,112000.000000,500,OPTSTK,BFO,5.000000,20000,False
844086,BAJAJFINSV26SEP1720CE,BAJAJFINSV,24SEP2026,172000.000000,300,OPTSTK,BFO,5.000000,20000,False
844090,NHPC26SEP74CE,NHPC,24SEP2026,7400.000000,6950,OPTSTK,BFO,5.000000,100000000,False
844092,KOTAKBANK26SEP412.5CE,KOTAKBANK,24SEP2026,41250.000000,2000,OPTSTK,BFO,5.000000,12000,False
844101,SHREECEM26SEP24500CE,SHREECEM,24SEP2026,2450000.000000,25,OPTSTK,BFO,5.000000,1000,False
844111,SENSEX5026SEP24650PE,SENSEX50,24SEP2026,2465000.000000,75,OPTIDX,BFO,5.000000,1800,False
844120,EICHERMOT26SEP7750PE,EICHERMOT,24SEP2026,775000.000000,100,OPTSTK,BFO,5.000000,7000,False
844123,SOLARINDS26SEPFUT,SOLARINDS,24SEP2026,0.000000,50,FUTSTK,BFO,5.000000,100000000,False
844129,HINDALCO26SEP1000PE,HINDALCO,24SEP2026,100000.000000,700,OPTSTK,BFO,5.000000,56000,False
844135,ALKEM26SEP5200CE,ALKEM,24SEP2026,520000.000000,125,OPTSTK,BFO,5.000000,8000,False
844140,SONACOMS26SEP595CE,SONACOMS,24SEP2026,59500.000000,1225,OPTSTK,BFO,5.000000,100000000,False
844156,VOLTAS26SEP1400PE,VOLTAS,24SEP2026,140000.000000,375,OPTSTK,BFO,5.000000,30000,False
844175,UNIONBANK26SEP167.5CE,UNIONBANK,24SEP2026,16750.000000,4425,OPTSTK,BFO,5.000000,100000000,False
844191,APOLLOHOSP26SEP8450PE,APOLLOHOSP,24SEP2026,845000.000000,125,OPTSTK,BFO,5.000000,5000,False
844194,SUNPHARMA26SEP1960CE,SUNPHARMA,24SEP2026,196000.000000,350,OPTSTK,BFO,5.000000,28000,False
844215,SENSEX29DEC77000CE,SENSEX,27DEC2029,7700000.000000,20,OPTIDX,BFO,5.000000,1000,False
844216,AMBUJACEM26SEP420PE,AMBUJACEM,24SEP2026,42000.000000,1200,OPTSTK,BFO,5.000000,54000,False
889339,LUPIN26SEP2060CE,LUPIN,24SEP2026,206000.000000,425,OPTSTK,BFO,5.000000,34000,False
889362,SENSEX26O0882800PE,SENSEX,08OCT2026,8280000.000000,20,OPTIDX,BFO,5.000000,1000,False
889369,SUPREMEIND26SEP4000PE,SUPREMEIND,24SEP2026,400000.000000,175,OPTSTK,BFO,5.000000,100000000,False
889372,HINDPETRO26SEP290CE,HINDPETRO,24SEP2026,29000.000000,2025,OPTSTK,BFO,5.000000,108000,False
844221,LICI26SEP430CE,LICI,24SEP2026,43000.000000,1400,OPTSTK,BFO,5.000000,100000000,False
844225,PATANJALI26SEP450PE,PATANJALI,24SEP2026,45000.000000,1075,OPTSTK,BFO,5.000000,100000000,False
844240,INDHOTEL26SEP685PE,INDHOTEL,24SEP2026,68500.000000,1000,OPTSTK,BFO,5.000000,60000,False
844270,HINDPETRO26SEPFUT,HINDPETRO,24SEP2026,0.000000,2025,FUTSTK,BFO,5.000000,108000,False
889381,COFORGE26SEP2020CE,COFORGE,24SEP2026,202000.000000,475,OPTSTK,BFO,5.000000,6000,False
889426,SENSEX26O0875400PE,SENSEX,08OCT2026,7540000.000000,20,OPTIDX,BFO,5.000000,1000,False
889437,SENSEX26O0880600CE,SENSEX,08OCT2026,8060000.000000,20,OPTIDX,BFO,5.000000,1000,False
889441,SENSEX26O0879000CE,SENSEX,08OCT2026,7900000.000000,20,OPTIDX,BFO,5.000000,1000,False
844273,DELHIVERY26SEP450CE,DELHIVERY,24SEP2026,45000.000000,2075,OPTSTK,BFO,5.000000,100000000,False
844278,MOTHERSON26SEP152PE,MOTHERSON,24SEP2026,15200.000000,6150,OPTSTK,BFO,5.000000,284000,False
844308,HAL26SEP4250CE,HAL,24SEP2026,425000.000000,150,OPTSTK,BFO,5.000000,9000,False
844313,VMM26SEP110CE,VMM,24SEP2026,11000.000000,4850,OPTSTK,BFO,5.000000,100000000,False
889460,SENSEX26O0881600CE,SENSEX,08OCT2026,8160000.000000,20,OPTIDX,BFO,5.000000,1000,False
889471,SENSEX26O0875600PE,SENSEX,08OCT2026,7560000.000000,20,OPTIDX,BFO,5.000000,1000,False
889472,SENSEX26O0877900PE,SENSEX,08OCT2026,7790000.000000,20,OPTIDX,BFO,5.000000,1000,False
889483,SENSEX26O0879200CE,SENSEX,08OCT2026,7920000.000000,20,OPTIDX,BFO,5.000000,1000,False
844318,IEX26SEP119PE,IEX,24SEP2026,11900.000000,4350,OPTSTK,BFO,5.000000,150000,False
844326,POWERINDIA26SEP31000PE,POWERINDIA,24SEP2026,3100000.000000,25,OPTSTK,BFO,5.000000,100000000,False
844351,AUROPHARMA26SEP1620PE,AUROPHARMA,24SEP2026,162000.000000,550,OPTSTK,BFO,5.000000,44000,False
844358,HYUNDAI26SEP1940PE,HYUNDAI,24SEP2026,194000.000000,275,OPTSTK,BFO,5.000000,100000000,False
889496,SENSEX26O0881800CE,SENSEX,08OCT2026,8180000.000000,20,OPTIDX,BFO,5.000000,1000,False
889529,SENSEX26O0881100CE,SENSEX,08OCT2026,8110000.000000,20,OPTIDX,BFO,5.000000,1000,False
889544,SENSEX26O0871400PE,SENSEX,08OCT2026,7140000.000000,20,OPTIDX,BFO,5.000000,1000,False
889567,MCX26OCT3500CE,MCX,29OCT2026,350000.000000,225,OPTSTK,BFO,5.000000,16000,False
844360,COFORGE26SEP1460CE,COFORGE,24SEP2026,146000.000000,475,OPTSTK,BFO,5.000000,6000,False
844373,POWERINDIA26SEP34000CE,POWERINDIA,24SEP2026,3400000.000000,25,OPTSTK,BFO,5.000000,100000000,False
844394,PREMIERENE26SEP1090PE,PREMIERENE,24SEP2026,109000.000000,650,OPTSTK,BFO,5.000000,100000000,False
844405,POLYCAB26SEP8800CE,POLYCAB,24SEP2026,880000.000000,125,OPTSTK,BFO,5.000000,9000,False
889575,MCX26SEP3550CE,MCX,24SEP2026,355000.000000,225,OPTSTK,BFO,5.000000,16000,False
889621,KOTAKBANK26SEP440PE,KOTAKBANK,24SEP2026,44000.000000,2000,OPTSTK,BFO,5.000000,12000,False
889635,RECLTD26SEP290CE,RECLTD,24SEP2026,29000.000000,1575,OPTSTK,BFO,5.000000,160000,False
889658,TATACONSUM26SEP980CE,TATACONSUM,24SEP2026,98000.000000,550,OPTSTK,BFO,5.000000,36000,False
844410,JSWENERGY26SEP570PE,JSWENERGY,24SEP2026,57000.000000,1075,OPTSTK,BFO,5.000000,100000000,False
844437,KPITTECH26SEP670PE,KPITTECH,24SEP2026,67000.000000,775,OPTSTK,BFO,5.000000,100000000,False
844440,SENSEX5026SEP24200PE,SENSEX50,24SEP2026,2420000.000000,75,OPTIDX,BFO,5.000000,1800,False
844444,POLYCAB26SEP9500PE,POLYCAB,24SEP2026,950000.000000,125,OPTSTK,BFO,5.000000,9000,False
889665,CUMMINSIND26SEP4400PE,CUMMINSIND,24SEP2026,440000.000000,200,OPTSTK,BFO,5.000000,18000,False
889698,SAIL26SEP197.5CE,SAIL,24SEP2026,19750.000000,4700,OPTSTK,BFO,5.000000,320000,False
889712,BHARATFORG26OCT1900CE,BHARATFORG,29OCT2026,190000.000000,500,OPTSTK,BFO,5.000000,30000,False
889714,AUBANK26OCT1260PE,AUBANK,29OCT2026,126000.000000,1000,OPTSTK,BFO,5.000000,30000,False
844453,DIVISLAB26SEP7000PE,DIVISLAB,24SEP2026,700000.000000,100,OPTSTK,BFO,5.000000,8000,False
844455,BANDHANBNK26SEPFUT,BANDHANBNK,24SEP2026,0.000000,3600,FUTSTK,BFO,5.000000,100000,False
844474,BDL26SEP1280CE,BDL,24SEP2026,128000.000000,425,OPTSTK,BFO,5.000000,100000000,False
844481,JSWSTEEL26SEP1240PE,JSWSTEEL,24SEP2026,124000.000000,675,OPTSTK,BFO,5.000000,40500,False
889720,SENSEX26SEP68000PE,SENSEX,24SEP2026,6800000.000000,20,OPTIDX,BFO,5.000000,1000,False
889783,TMPV26SEP280CE,TMPV,24SEP2026,28000.000000,1600,OPTSTK,BFO,5.000000,42750,False
889793,GLENMARK26SEP2520PE,GLENMARK,24SEP2026,252000.000000,375,OPTSTK,BFO,5.000000,43500,False
889805,MUTHOOTFIN26SEP3550CE,MUTHOOTFIN,24SEP2026,355000.000000,275,OPTSTK,BFO,5.000000,22000,False
844521,CUMMINSIND26SEP5900PE,CUMMINSIND,24SEP2026,590000.000000,200,OPTSTK,BFO,5.000000,18000,False
844523,SENSEX29JUN77000PE,SENSEX,28JUN2029,7700000.000000,20,OPTIDX,BFO,5.000000,1000,False
844532,SENSEX30JUN80000PE,SENSEX,27JUN2030,8000000.000000,20,OPTIDX,BFO,5.000000,1000,False
844544,MANKIND26SEP2360CE,MANKIND,24SEP2026,236000.000000,250,OPTSTK,BFO,5.000000,100000000,False
844561,MAZDOCK26SEP2520CE,MAZDOCK,24SEP2026,252000.000000,225,OPTSTK,BFO,5.000000,100000000,False
844583,PGEL26SEP510PE,PGEL,24SEP2026,51000.000000,950,OPTSTK,BFO,5.000000,100000000,False
844595,LTF26SEP310PE,LTF,24SEP2026,31000.000000,2250,OPTSTK,BFO,5.000000,267720,False
844607,DRREDDY26SEP1350CE,DRREDDY,24SEP2026,135000.000000,625,OPTSTK,BFO,5.000000,5000,False
844611,DIVISLAB26SEP6950CE,DIVISLAB,24SEP2026,695000.000000,100,OPTSTK,BFO,5.000000,8000,False
844633,PIDILITIND26SEP1560CE,PIDILITIND,24SEP2026,156000.000000,500,OPTSTK,BFO,5.000000,10000,False
844638,HAVELLS26SEP1150CE,HAVELLS,24SEP2026,115000.000000,500,OPTSTK,BFO,5.000000,20000,False
844641,EICHERMOT26SEP7950PE,EICHERMOT,24SEP2026,795000.000000,100,OPTSTK,BFO,5.000000,7000,False
844644,RECLTD26SEP370CE,RECLTD,24SEP2026,37000.000000,1575,OPTSTK,BFO,5.000000,160000,False
844651,JSWENERGY26SEP575PE,JSWENERGY,24SEP2026,57500.000000,1075,OPTSTK,BFO,5.000000,100000000,False
844661,TECHM26SEP1464CE,TECHM,24SEP2026,146400.000000,600,OPTSTK,BFO,5.000000,24000,False
844673,DLF26SEP585PE,DLF,24SEP2026,58500.000000,950,OPTSTK,BFO,5.000000,49500,False
844686,FOCIT26SEP27000PE,FOCIT,24SEP2026,2700000.000000,45,OPTIDX,BFO,5.000000,1350,False
844695,KAYNES26SEP3250PE,KAYNES,24SEP2026,325000.000000,150,OPTSTK,BFO,5.000000,100000000,False
844698,ICICIBANK26SEP1420CE,ICICIBANK,24SEP2026,142000.000000,700,OPTSTK,BFO,5.000000,28000,False
844707,VOLTAS26SEP1280PE,VOLTAS,24SEP2026,128000.000000,375,OPTSTK,BFO,5.000000,30000,False
844711,AXISBANK26SEP1420PE,AXISBANK,24SEP2026,142000.000000,625,OPTSTK,BFO,5.000000,25000,False
844741,AXISBANK26SEP1410CE,AXISBANK,24SEP2026,141000.000000,625,OPTSTK,BFO,5.000000,25000,False
844742,LTF26SEPFUT,LTF,24SEP2026,0.000000,2250,FUTSTK,BFO,5.000000,267720,False
844746,LUPIN26SEP2200PE,LUPIN,24SEP2026,220000.000000,425,OPTSTK,BFO,5.000000,34000,False
844774,SBICARD26SEP610CE,SBICARD,24SEP2026,61000.000000,800,OPTSTK,BFO,5.000000,32000,False
844775,BANKEX26SEP60100CE,BANKEX,24SEP2026,6010000.000000,30,OPTIDX,BFO,5.000000,900,False
844800,DELHIVERY26SEP490CE,DELHIVERY,24SEP2026,49000.000000,2075,OPTSTK,BFO,5.000000,100000000,False
844801,MARUTI26SEPFUT,MARUTI,24SEP2026,0.000000,50,FUTSTK,BFO,5.000000,3000,False
844811,VOLTAS26SEP1340CE,VOLTAS,24SEP2026,134000.000000,375,OPTSTK,BFO,5.000000,30000,False
844825,BANKBARODA26SEP285PE,BANKBARODA,24SEP2026,28500.000000,2925,OPTSTK,BFO,5.000000,175500,False
844827,SOLARINDS26SEP17000PE,SOLARINDS,24SEP2026,1700000.000000,50,OPTSTK,BFO,5.000000,100000000,False
844829,LICI26SEP415PE,LICI,24SEP2026,41500.000000,1400,OPTSTK,BFO,5.000000,100000000,False
844833,RECLTD26SEP370PE,RECLTD,24SEP2026,37000.000000,1575,OPTSTK,BFO,5.000000,160000,False
844838,HDFCBANK26SEP790PE,HDFCBANK,24SEP2026,79000.000000,650,OPTSTK,BFO,5.000000,16500,False
844843,BAJAJ-AUTO26SEP9100PE,BAJAJ-AUTO,24SEP2026,910000.000000,75,OPTSTK,BFO,5.000000,5000,False
844849,RECLTD26SEP375CE,RECLTD,24SEP2026,37500.000000,1575,OPTSTK,BFO,5.000000,160000,False
844850,BANKEX26SEP70100CE,BANKEX,24SEP2026,7010000.000000,30,OPTIDX,BFO,5.000000,900,False
844852,CANBK26SEP131PE,CANBK,24SEP2026,13100.000000,6750,OPTSTK,BFO,5.000000,81000,False
844875,ADANIPOWER26SEP225PE,ADANIPOWER,24SEP2026,22500.000000,3550,OPTSTK,BFO,5.000000,100000000,False
844890,NATIONALUM26SEP330PE,NATIONALUM,24SEP2026,33000.000000,1875,OPTSTK,BFO,5.000000,300000,False
889824,MUTHOOTFIN26OCT3500PE,MUTHOOTFIN,29OCT2026,350000.000000,275,OPTSTK,BFO,5.000000,22000,False
889839,TATAPOWER26OCT335CE,TATAPOWER,29OCT2026,33500.000000,1450,OPTSTK,BFO,5.000000,101250,False
889852,BHARATFORG26SEP1900CE,BHARATFORG,24SEP2026,190000.000000,500,OPTSTK,BFO,5.000000,30000,False
889866,SHREECEM26OCT22250CE,SHREECEM,29OCT2026,2225000.000000,25,OPTSTK,BFO,5.000000,1000,False
844899,POLICYBZR26SEP1620CE,POLICYBZR,24SEP2026,162000.000000,350,OPTSTK,BFO,5.000000,100000000,False
844900,BANKEX26SEP58700PE,BANKEX,24SEP2026,5870000.000000,30,OPTIDX,BFO,5.000000,900,False
844910,DIVISLAB26SEP6350PE,DIVISLAB,24SEP2026,635000.000000,100,OPTSTK,BFO,5.000000,8000,False
844912,LT26SEP4260CE,LT,24SEP2026,426000.000000,175,OPTSTK,BFO,5.000000,12000,False
889907,LUPIN26OCT2040PE,LUPIN,29OCT2026,204000.000000,425,OPTSTK,BFO,5.000000,34000,False
889960,HDFCAMC26OCT3000CE,HDFCAMC,29OCT2026,300000.000000,300,OPTSTK,BFO,5.000000,12000,False
889969,DIXON26OCT16750PE,DIXON,29OCT2026,1675000.000000,50,OPTSTK,BFO,5.000000,6000,False
889976,PAYTM26OCT1840CE,PAYTM,29OCT2026,184000.000000,725,OPTSTK,BFO,5.000000,100000000,False
844936,MUTHOOTFIN26SEP3100PE,MUTHOOTFIN,24SEP2026,310000.000000,275,OPTSTK,BFO,5.000000,22000,False
844938,IDEA26SEP9CE,IDEA,24SEP2026,900.000000,71475,OPTSTK,BFO,5.000000,2400000,False
844943,IRFC26SEP93PE,IRFC,24SEP2026,9300.000000,5425,OPTSTK,BFO,5.000000,100000000,False
845021,ITC26SEP295CE,ITC,24SEP2026,29500.000000,1725,OPTSTK,BFO,5.000000,64000,False
889988,IDEA26OCT22CE,IDEA,29OCT2026,2200.000000,71475,OPTSTK,BFO,5.000000,2400000,False
845026,LODHA26SEP910PE,LODHA,24SEP2026,91000.000000,625,OPTSTK,BFO,5.000000,100000000,False
845034,NMDC26SEP85PE,NMDC,24SEP2026,8500.000000,6750,OPTSTK,BFO,5.000000,225000,False
845037,AUROPHARMA26SEP1480PE,AUROPHARMA,24SEP2026,148000.000000,550,OPTSTK,BFO,5.000000,44000,False
845046,SBIN26SEP1040PE,SBIN,24SEP2026,104000.000000,750,OPTSTK,BFO,5.000000,45000,False
845068,NYKAA26SEP317.5CE,NYKAA,24SEP2026,31750.000000,3125,OPTSTK,BFO,5.000000,100000000,False
845072,VBL26SEP530PE,VBL,24SEP2026,53000.000000,1275,OPTSTK,BFO,5.000000,100000000,False
845078,INOXWIND26SEP86PE,INOXWIND,24SEP2026,8600.000000,6400,OPTSTK,BFO,5.000000,100000000,False
845098,POWERINDIA26SEP34500PE,POWERINDIA,24SEP2026,3450000.000000,25,OPTSTK,BFO,5.000000,100000000,False
845116,SUPREMEIND26SEP3100PE,SUPREMEIND,24SEP2026,310000.000000,175,OPTSTK,BFO,5.000000,100000000,False
845135,TATAELXSI26SEP3850PE,TATAELXSI,24SEP2026,385000.000000,125,OPTSTK,BFO,5.000000,100000000,False
845146,BANDHANBNK26SEP205CE,BANDHANBNK,24SEP2026,20500.000000,3600,OPTSTK,BFO,5.000000,100000,False
845157,TVSMOTOR26SEP3580PE,TVSMOTOR,24SEP2026,358000.000000,175,OPTSTK,BFO,5.000000,21000,False
845161,NAM-INDIA26SEP1120PE,NAM-INDIA,24SEP2026,112000.000000,625,OPTSTK,BFO,5.000000,100000000,False
845174,APLAPOLLO26SEP1780CE,APLAPOLLO,24SEP2026,178000.000000,350,OPTSTK,BFO,5.000000,100000000,False
845177,WIPRO26SEP185CE,WIPRO,24SEP2026,18500.000000,3000,OPTSTK,BFO,5.000000,60000,False
845187,PREMIERENE26SEP1000PE,PREMIERENE,24SEP2026,100000.000000,650,OPTSTK,BFO,5.000000,100000000,False
845191,ADANIGREEN26SEPFUT,ADANIGREEN,24SEP2026,0.000000,600,FUTSTK,BFO,5.000000,100000000,False
845204,FOCIT26SEP39500PE,FOCIT,24SEP2026,3950000.000000,45,OPTIDX,BFO,5.000000,1350,False
845206,OFSS26SEP10400CE,OFSS,24SEP2026,1040000.000000,100,OPTSTK,BFO,5.000000,8000,False
845209,ITC26SEP295PE,ITC,24SEP2026,29500.000000,1725,OPTSTK,BFO,5.000000,64000,False
845212,KOTAKBANK26SEP405PE,KOTAKBANK,24SEP2026,40500.000000,2000,OPTSTK,BFO,5.000000,12000,False
845214,ICICIBANK26SEP1380PE,ICICIBANK,24SEP2026,138000.000000,700,OPTSTK,BFO,5.000000,28000,False
845218,COCHINSHIP26SEP1500CE,COCHINSHIP,24SEP2026,150000.000000,400,OPTSTK,BFO,5.000000,100000000,False
845246,RADICO26SEP3600CE,RADICO,24SEP2026,360000.000000,150,OPTSTK,BFO,5.000000,100000000,False
845249,PFC26SEP450PE,PFC,24SEP2026,45000.000000,1300,OPTSTK,BFO,5.000000,124000,False
845251,COALINDIA26SEP465CE,COALINDIA,24SEP2026,46500.000000,1350,OPTSTK,BFO,5.000000,126000,False
845252,DABUR26SEP420CE,DABUR,24SEP2026,42000.000000,1250,OPTSTK,BFO,5.000000,50000,False
845254,KFINTECH26SEP940CE,KFINTECH,24SEP2026,94000.000000,575,OPTSTK,BFO,5.000000,100000000,False
845262,DIVISLAB26SEP6800PE,DIVISLAB,24SEP2026,680000.000000,100,OPTSTK,BFO,5.000000,8000,False
845274,SAIL26SEP177.5CE,SAIL,24SEP2026,17750.000000,4700,OPTSTK,BFO,5.000000,320000,False
845276,RADICO26SEP4300PE,RADICO,24SEP2026,430000.000000,150,OPTSTK,BFO,5.000000,100000000,False
845279,ICICIBANK26SEPFUT,ICICIBANK,24SEP2026,0.000000,700,FUTSTK,BFO,5.000000,28000,False
845292,BAJAJ-AUTO26SEP9300PE,BAJAJ-AUTO,24SEP2026,930000.000000,75,OPTSTK,BFO,5.000000,5000,False
845295,BHEL26SEP390PE,BHEL,24SEP2026,39000.000000,2625,OPTSTK,BFO,5.000000,315000,False
845308,UNITDSPR26SEP1450PE,UNITDSPR,24SEP2026,145000.000000,400,OPTSTK,BFO,5.000000,28000,False
845313,360ONE26SEP940CE,,24SEP2026,94000.000000,500,OPTSTK,BFO,5.000000,100000000,False
845320,BAJFINANCE26SEP1000CE,BAJFINANCE,24SEP2026,100000.000000,750,OPTSTK,BFO,5.000000,3750,False
845321,INDUSINDBK26SEP970PE,INDUSINDBK,24SEP2026,97000.000000,700,OPTSTK,BFO,5.000000,20000,False
845327,JIOFIN26SEP242.5PE,JIOFIN,24SEP2026,24250.000000,2350,OPTSTK,BFO,5.000000,100000000,False
845333,SONACOMS26SEP635CE,SONACOMS,24SEP2026,63500.000000,1225,OPTSTK,BFO,5.000000,100000000,False
845351,ABB26SEP6700PE,ABB,24SEP2026,670000.000000,125,OPTSTK,BFO,5.000000,7500,False
845374,TATASTEEL26SEP182.5PE,TATASTEEL,24SEP2026,18250.000000,2750,OPTSTK,BFO,5.000000,220000,False
845397,BANKEX26SEP59600CE,BANKEX,24SEP2026,5960000.000000,30,OPTIDX,BFO,5.000000,900,False
845422,JSWENERGY26SEP610CE,JSWENERGY,24SEP2026,61000.000000,1075,OPTSTK,BFO,5.000000,100000000,False
845443,POWERGRID26SEP277.5CE,POWERGRID,24SEP2026,27750.000000,1900,OPTSTK,BFO,5.000000,108000,False
845444,PFC26SEP455PE,PFC,24SEP2026,45500.000000,1300,OPTSTK,BFO,5.000000,124000,False
845460,FORCEMOT26SEP22000PE,FORCEMOT,24SEP2026,2200000.000000,25,OPTSTK,BFO,5.000000,100000000,False
845477,APOLLOHOSP26SEP8400PE,APOLLOHOSP,24SEP2026,840000.000000,125,OPTSTK,BFO,5.000000,5000,False
845482,HDFCLIFE26SEP550CE,HDFCLIFE,24SEP2026,55000.000000,1100,OPTSTK,BFO,5.000000,44000,False
845488,NHPC26SEP75PE,NHPC,24SEP2026,7500.000000,6950,OPTSTK,BFO,5.000000,100000000,False
845491,ICICIGI26SEPFUT,ICICIGI,24SEP2026,0.000000,325,FUTSTK,BFO,5.000000,20000,False
845505,BANKEX26SEP65900CE,BANKEX,24SEP2026,6590000.000000,30,OPTIDX,BFO,5.000000,900,False
845507,PNBHOUSING26SEP1080PE,PNBHOUSING,24SEP2026,108000.000000,650,OPTSTK,BFO,5.000000,100000000,False
845517,PATANJALI26SEP405CE,PATANJALI,24SEP2026,40500.000000,1075,OPTSTK,BFO,5.000000,100000000,False
845547,COFORGE26SEP1500CE,COFORGE,24SEP2026,150000.000000,475,OPTSTK,BFO,5.000000,6000,False
845571,MCX26SEP3000CE,MCX,24SEP2026,300000.000000,225,OPTSTK,BFO,5.000000,16000,False
845573,SUNPHARMA26SEP1820CE,SUNPHARMA,24SEP2026,182000.000000,350,OPTSTK,BFO,5.000000,28000,False
845578,HAL26SEP4200CE,HAL,24SEP2026,420000.000000,150,OPTSTK,BFO,5.000000,9000,False
845583,UPL26SEP575PE,UPL,24SEP2026,57500.000000,1355,OPTSTK,BFO,5.000000,39000,False
845601,SHREECEM26SEP26250CE,SHREECEM,24SEP2026,2625000.000000,25,OPTSTK,BFO,5.000000,1000,False
845633,POWERGRID26SEP277.5PE,POWERGRID,24SEP2026,27750.000000,1900,OPTSTK,BFO,5.000000,108000,False
845636,AUBANK26SEP1040CE,AUBANK,24SEP2026,104000.000000,1000,OPTSTK,BFO,5.000000,30000,False
845638,PHOENIXLTD26SEP1760PE,PHOENIXLTD,24SEP2026,176000.000000,350,OPTSTK,BFO,5.000000,100000000,False
845639,IDFCFIRSTB26SEP81PE,IDFCFIRSTB,24SEP2026,8100.000000,9275,OPTSTK,BFO,5.000000,450000,False
845644,CIPLA26SEP1430CE,CIPLA,24SEP2026,143000.000000,425,OPTSTK,BFO,5.000000,26000,False
845647,IOC26SEP140CE,IOC,24SEP2026,14000.000000,4875,OPTSTK,BFO,5.000000,292500,False
845654,BANKEX26SEP66500CE,BANKEX,24SEP2026,6650000.000000,30,OPTIDX,BFO,5.000000,900,False
845661,IOC26SEP144PE,IOC,24SEP2026,14400.000000,4875,OPTSTK,BFO,5.000000,292500,False
845662,BANDHANBNK26SEP187.5CE,BANDHANBNK,24SEP2026,18750.000000,3600,OPTSTK,BFO,5.000000,100000,False
845667,LUPIN26SEP2440PE,LUPIN,24SEP2026,244000.000000,425,OPTSTK,BFO,5.000000,34000,False
845677,CONCOR26SEP485CE,CONCOR,24SEP2026,48500.000000,1250,OPTSTK,BFO,5.000000,40000,False
845685,TATACONSUM26SEP1100PE,TATACONSUM,24SEP2026,110000.000000,550,OPTSTK,BFO,5.000000,36000,False
845694,BDL26SEP1240PE,BDL,24SEP2026,124000.000000,425,OPTSTK,BFO,5.000000,100000000,False
845707,RADICO26SEP3800CE,RADICO,24SEP2026,380000.000000,150,OPTSTK,BFO,5.000000,100000000,False
845719,TATAELXSI26SEP3950CE,TATAELXSI,24SEP2026,395000.000000,125,OPTSTK,BFO,5.000000,100000000,False
845721,BHARATFORG26SEP2140PE,BHARATFORG,24SEP2026,214000.000000,500,OPTSTK,BFO,5.000000,30000,False
845729,LAURUSLABS26SEP1430PE,LAURUSLABS,24SEP2026,143000.000000,850,OPTSTK,BFO,5.000000,68000,False
845734,ASHOKLEY26SEP155CE,ASHOKLEY,24SEP2026,15500.000000,5000,OPTSTK,BFO,5.000000,150000,False
845755,NAM-INDIA26SEP1060CE,NAM-INDIA,24SEP2026,106000.000000,625,OPTSTK,BFO,5.000000,100000000,False
845776,TVSMOTOR26SEP3500CE,TVSMOTOR,24SEP2026,350000.000000,175,OPTSTK,BFO,5.000000,21000,False
845823,ADANIENSOL26SEP1440PE,ADANIENSOL,24SEP2026,144000.000000,675,OPTSTK,BFO,5.000000,100000000,False
845824,INFY26SEP1030PE,INFY,24SEP2026,103000.000000,400,OPTSTK,BFO,5.000000,16000,False
845836,IDFCFIRSTB26SEP86PE,IDFCFIRSTB,24SEP2026,8600.000000,9275,OPTSTK,BFO,5.000000,450000,False
845840,GAIL26SEP175PE,GAIL,24SEP2026,17500.000000,3550,OPTSTK,BFO,5.000000,274500,False
845885,VMM26SEP112CE,VMM,24SEP2026,11200.000000,4850,OPTSTK,BFO,5.000000,100000000,False
845905,FOCIT26SEP35000CE,FOCIT,24SEP2026,3500000.000000,45,OPTIDX,BFO,5.000000,1350,False
845907,BANKEX26SEP60800PE,BANKEX,24SEP2026,6080000.000000,30,OPTIDX,BFO,5.000000,900,False
845908,SENSEX5026SEP25500CE,SENSEX50,24SEP2026,2550000.000000,75,OPTIDX,BFO,5.000000,1800,False
845931,PGEL26SEP520CE,PGEL,24SEP2026,52000.000000,950,OPTSTK,BFO,5.000000,100000000,False
845934,NATIONALUM26SEP305CE,NATIONALUM,24SEP2026,30500.000000,1875,OPTSTK,BFO,5.000000,300000,False
845937,POWERGRID26SEP280PE,POWERGRID,24SEP2026,28000.000000,1900,OPTSTK,BFO,5.000000,108000,False
845938,TITAN26SEP4350PE,TITAN,24SEP2026,435000.000000,175,OPTSTK,BFO,5.000000,11250,False
845940,HCLTECH26SEP1050CE,HCLTECH,24SEP2026,105000.000000,400,OPTSTK,BFO,5.000000,21000,False
845942,GODREJCP26SEP970CE,GODREJCP,24SEP2026,97000.000000,500,OPTSTK,BFO,5.000000,30000,False
845957,POWERINDIA26SEP34000PE,POWERINDIA,24SEP2026,3400000.000000,25,OPTSTK,BFO,5.000000,100000000,False
845975,TRENT26SEP3050CE,TRENT,24SEP2026,305000.000000,225,OPTSTK,BFO,5.000000,16000,False
845978,LTM26SEP4100PE,LTM,24SEP2026,410000.000000,150,OPTSTK,BFO,5.000000,4500,False
845979,MANAPPURAM26SEP315CE,MANAPPURAM,24SEP2026,31500.000000,3000,OPTSTK,BFO,5.000000,180000,False
845982,PATANJALI26SEP445CE,PATANJALI,24SEP2026,44500.000000,1075,OPTSTK,BFO,5.000000,100000000,False
845986,INDUSINDBK26SEPFUT,INDUSINDBK,24SEP2026,0.000000,700,FUTSTK,BFO,5.000000,20000,False
845993,BANKBARODA26SEP267.5PE,BANKBARODA,24SEP2026,26750.000000,2925,OPTSTK,BFO,5.000000,175500,False
845997,FORCEMOT26SEP21500CE,FORCEMOT,24SEP2026,2150000.000000,25,OPTSTK,BFO,5.000000,100000000,False
846002,COFORGE26SEP1540CE,COFORGE,24SEP2026,154000.000000,475,OPTSTK,BFO,5.000000,6000,False
846000,FOCIT26SEP29000PE,FOCIT,24SEP2026,2900000.000000,45,OPTIDX,BFO,5.000000,1350,False
846026,POLICYBZR26SEP1500CE,POLICYBZR,24SEP2026,150000.000000,350,OPTSTK,BFO,5.000000,100000000,False
846037,NESTLEIND26SEP1390PE,NESTLEIND,24SEP2026,139000.000000,500,OPTSTK,BFO,5.000000,1200,False
846041,ADANIENT26SEP3180CE,ADANIENT,24SEP2026,318000.000000,309,OPTSTK,BFO,5.000000,9000,False
846050,SBICARD26SEP670PE,SBICARD,24SEP2026,67000.000000,800,OPTSTK,BFO,5.000000,32000,False
846056,INFY26SEP980CE,INFY,24SEP2026,98000.000000,400,OPTSTK,BFO,5.000000,16000,False
846079,LT26SEP4220PE,LT,24SEP2026,422000.000000,175,OPTSTK,BFO,5.000000,12000,False
846092,UNOMINDA26SEP1160CE,UNOMINDA,24SEP2026,116000.000000,550,OPTSTK,BFO,5.000000,100000000,False
846097,RADICO26SEP3100CE,RADICO,24SEP2026,310000.000000,150,OPTSTK,BFO,5.000000,100000000,False
846119,VBL26SEP505CE,VBL,24SEP2026,50500.000000,1275,OPTSTK,BFO,5.000000,100000000,False
846134,SOLARINDS26SEP16750PE,SOLARINDS,24SEP2026,1675000.000000,50,OPTSTK,BFO,5.000000,100000000,False
846140,JSWENERGY26SEP560PE,JSWENERGY,24SEP2026,56000.000000,1075,OPTSTK,BFO,5.000000,100000000,False
846146,KFINTECH26SEP870PE,KFINTECH,24SEP2026,87000.000000,575,OPTSTK,BFO,5.000000,100000000,False
846152,BANKEX26SEP61800PE,BANKEX,24SEP2026,6180000.000000,30,OPTIDX,BFO,5.000000,900,False
846163,ZYDUSLIFE26SEP1070CE,ZYDUSLIFE,24SEP2026,107000.000000,900,OPTSTK,BFO,5.000000,54000,False
846166,BANDHANBNK26SEP195CE,BANDHANBNK,24SEP2026,19500.000000,3600,OPTSTK,BFO,5.000000,100000,False
846187,IOC26SEP138CE,IOC,24SEP2026,13800.000000,4875,OPTSTK,BFO,5.000000,292500,False
846196,GLENMARK26SEP2100CE,GLENMARK,24SEP2026,210000.000000,375,OPTSTK,BFO,5.000000,43500,False
846207,ZYDUSLIFE26SEP1150PE,ZYDUSLIFE,24SEP2026,115000.000000,900,OPTSTK,BFO,5.000000,54000,False
846210,BAJAJFINSV26SEP1840CE,BAJAJFINSV,24SEP2026,184000.000000,300,OPTSTK,BFO,5.000000,20000,False
846213,ICICIGI26SEP1940CE,ICICIGI,24SEP2026,194000.000000,325,OPTSTK,BFO,5.000000,20000,False
846218,AMBER26SEP7000PE,AMBER,24SEP2026,700000.000000,100,OPTSTK,BFO,5.000000,100000000,False
846227,RVNL26SEP225CE,RVNL,24SEP2026,22500.000000,1925,OPTSTK,BFO,5.000000,100000000,False
846229,TATAPOWER26SEP355PE,TATAPOWER,24SEP2026,35500.000000,1450,OPTSTK,BFO,5.000000,101250,False
846233,MAZDOCK26SEP2520PE,MAZDOCK,24SEP2026,252000.000000,225,OPTSTK,BFO,5.000000,100000000,False
846242,INOXWIND26SEP95PE,INOXWIND,24SEP2026,9500.000000,6400,OPTSTK,BFO,5.000000,100000000,False
846244,ZYDUSLIFE26SEP1140CE,ZYDUSLIFE,24SEP2026,114000.000000,900,OPTSTK,BFO,5.000000,54000,False
846265,AMBER26SEP7900PE,AMBER,24SEP2026,790000.000000,100,OPTSTK,BFO,5.000000,100000000,False
846273,RELIANCE26SEP1310CE,RELIANCE,24SEP2026,131000.000000,500,OPTSTK,BFO,5.000000,10000,False
846295,MARUTI26SEP13200CE,MARUTI,24SEP2026,1320000.000000,50,OPTSTK,BFO,5.000000,3000,False
846296,BPCL26SEP340PE,BPCL,24SEP2026,34000.000000,1975,OPTSTK,BFO,5.000000,72000,False
846304,PAYTM26SEP1150CE,PAYTM,24SEP2026,115000.000000,725,OPTSTK,BFO,5.000000,100000000,False
846306,HAVELLS26SEP1150PE,HAVELLS,24SEP2026,115000.000000,500,OPTSTK,BFO,5.000000,20000,False
846309,ASIANPAINT26SEPFUT,ASIANPAINT,24SEP2026,0.000000,250,FUTSTK,BFO,5.000000,8000,False
846311,HDFCLIFE26SEP570PE,HDFCLIFE,24SEP2026,57000.000000,1100,OPTSTK,BFO,5.000000,44000,False
846319,APLAPOLLO26SEP1820CE,APLAPOLLO,24SEP2026,182000.000000,350,OPTSTK,BFO,5.000000,100000000,False
846330,BANKEX26SEP64700PE,BANKEX,24SEP2026,6470000.000000,30,OPTIDX,BFO,5.000000,900,False
846335,CUMMINSIND26SEP5800PE,CUMMINSIND,24SEP2026,580000.000000,200,OPTSTK,BFO,5.000000,18000,False
846338,TECHM26SEP1464PE,TECHM,24SEP2026,146400.000000,600,OPTSTK,BFO,5.000000,24000,False
846368,MOTILALOFS26SEP960CE,MOTILALOFS,24SEP2026,96000.000000,775,OPTSTK,BFO,5.000000,100000000,False
846370,TATAELXSI26SEP3800PE,TATAELXSI,24SEP2026,380000.000000,125,OPTSTK,BFO,5.000000,100000000,False
846381,FORTIS26SEP1000CE,FORTIS,24SEP2026,100000.000000,775,OPTSTK,BFO,5.000000,100000000,False
846390,KPITTECH26SEP790CE,KPITTECH,24SEP2026,79000.000000,775,OPTSTK,BFO,5.000000,100000000,False
846402,ICICIPRULI26SEP505CE,ICICIPRULI,24SEP2026,50500.000000,925,OPTSTK,BFO,5.000000,60000,False
846420,GODREJPROP26SEP1960CE,GODREJPROP,24SEP2026,196000.000000,325,OPTSTK,BFO,5.000000,19000,False
846432,VOLTAS26SEP1420CE,VOLTAS,24SEP2026,142000.000000,375,OPTSTK,BFO,5.000000,30000,False
846434,NATIONALUM26SEP345CE,NATIONALUM,24SEP2026,34500.000000,1875,OPTSTK,BFO,5.000000,300000,False
846438,PNB26SEP101PE,PNB,24SEP2026,10100.000000,8000,OPTSTK,BFO,5.000000,480000,False
846443,TORNTPHARM26SEP4650CE,TORNTPHARM,24SEP2026,465000.000000,125,OPTSTK,BFO,5.000000,15000,False
846459,LICI26SEP460CE,LICI,24SEP2026,46000.000000,1400,OPTSTK,BFO,5.000000,100000000,False
846472,COALINDIA26SEP410PE,COALINDIA,24SEP2026,41000.000000,1350,OPTSTK,BFO,5.000000,126000,False
846480,PHOENIXLTD26SEP2040PE,PHOENIXLTD,24SEP2026,204000.000000,350,OPTSTK,BFO,5.000000,100000000,False
846482,ABCAPITAL26SEP420CE,ABCAPITAL,24SEP2026,42000.000000,3100,OPTSTK,BFO,5.000000,162000,False
846493,ETERNAL26SEP267.5CE,ETERNAL,24SEP2026,26750.000000,2425,OPTSTK,BFO,5.000000,100000000,False
846497,COFORGE26SEP1580CE,COFORGE,24SEP2026,158000.000000,475,OPTSTK,BFO,5.000000,6000,False
846498,CGPOWER26SEP960CE,CGPOWER,24SEP2026,96000.000000,850,OPTSTK,BFO,5.000000,100000000,False
846509,HDFCLIFE26SEP575PE,HDFCLIFE,24SEP2026,57500.000000,1100,OPTSTK,BFO,5.000000,44000,False
846518,POLICYBZR26SEP1540CE,POLICYBZR,24SEP2026,154000.000000,350,OPTSTK,BFO,5.000000,100000000,False
846524,TATAELXSI26SEP4400PE,TATAELXSI,24SEP2026,440000.000000,125,OPTSTK,BFO,5.000000,100000000,False
846525,MARICO26SEP860CE,MARICO,24SEP2026,86000.000000,1200,OPTSTK,BFO,5.000000,48000,False
846549,BIOCON26SEP410PE,BIOCON,24SEP2026,41000.000000,2500,OPTSTK,BFO,5.000000,100000,False
846552,TITAN26SEP4450CE,TITAN,24SEP2026,445000.000000,175,OPTSTK,BFO,5.000000,11250,False
846603,DIVISLAB26SEP6500PE,DIVISLAB,24SEP2026,650000.000000,100,OPTSTK,BFO,5.000000,8000,False
846628,BANKEX26SEP72300CE,BANKEX,24SEP2026,7230000.000000,30,OPTIDX,BFO,5.000000,900,False
846632,TATACONSUM26SEP1180PE,TATACONSUM,24SEP2026,118000.000000,550,OPTSTK,BFO,5.000000,36000,False
846635,JSWSTEEL26SEP1190CE,JSWSTEEL,24SEP2026,119000.000000,675,OPTSTK,BFO,5.000000,40500,False
846652,PRESTIGE26SEP1420CE,PRESTIGE,24SEP2026,142000.000000,450,OPTSTK,BFO,5.000000,100000000,False
846658,INDUSINDBK26SEP980CE,INDUSINDBK,24SEP2026,98000.000000,700,OPTSTK,BFO,5.000000,20000,False
846666,FOCIT26SEP32500CE,FOCIT,24SEP2026,3250000.000000,45,OPTIDX,BFO,5.000000,1350,False
846675,KOTAKBANK26SEP422.5PE,KOTAKBANK,24SEP2026,42250.000000,2000,OPTSTK,BFO,5.000000,12000,False
846690,OBEROIRLTY26SEP1820CE,OBEROIRLTY,24SEP2026,182000.000000,350,OPTSTK,BFO,5.000000,28000,False
846694,IDEA26SEP21PE,IDEA,24SEP2026,2100.000000,71475,OPTSTK,BFO,5.000000,2400000,False
846728,ADANIENT26SEP3020CE,ADANIENT,24SEP2026,302000.000000,309,OPTSTK,BFO,5.000000,9000,False
846736,SENSEX5026SEP24300PE,SENSEX50,24SEP2026,2430000.000000,75,OPTIDX,BFO,5.000000,1800,False
846740,BANKEX26SEP64000PE,BANKEX,24SEP2026,6400000.000000,30,OPTIDX,BFO,5.000000,900,False
846745,PATANJALI26SEP395PE,PATANJALI,24SEP2026,39500.000000,1075,OPTSTK,BFO,5.000000,100000000,False
846752,OBEROIRLTY26SEP1740PE,OBEROIRLTY,24SEP2026,174000.000000,350,OPTSTK,BFO,5.000000,28000,False
846757,SBIN26SEP1030PE,SBIN,24SEP2026,103000.000000,750,OPTSTK,BFO,5.000000,45000,False
846759,BHARTIARTL26SEP1900PE,BHARTIARTL,24SEP2026,190000.000000,475,OPTSTK,BFO,5.000000,28500,False
846762,OFSS26SEP10400PE,OFSS,24SEP2026,1040000.000000,100,OPTSTK,BFO,5.000000,8000,False
846768,TATACONSUM26SEP1080CE,TATACONSUM,24SEP2026,108000.000000,550,OPTSTK,BFO,5.000000,36000,False
846819,BHEL26SEP415PE,BHEL,24SEP2026,41500.000000,2625,OPTSTK,BFO,5.000000,315000,False
846822,TECHM26SEP1504PE,TECHM,24SEP2026,150400.000000,600,OPTSTK,BFO,5.000000,24000,False
846827,ETERNAL26SEP270CE,ETERNAL,24SEP2026,27000.000000,2425,OPTSTK,BFO,5.000000,100000000,False
846831,HAVELLS26SEP1180CE,HAVELLS,24SEP2026,118000.000000,500,OPTSTK,BFO,5.000000,20000,False
846835,TECHM26SEP1344PE,TECHM,24SEP2026,134400.000000,600,OPTSTK,BFO,5.000000,24000,False
846839,ADANIENT26SEP2980CE,ADANIENT,24SEP2026,298000.000000,309,OPTSTK,BFO,5.000000,9000,False
846850,TATAPOWER26SEP410CE,TATAPOWER,24SEP2026,41000.000000,1450,OPTSTK,BFO,5.000000,101250,False
846851,PERSISTENT26SEP4500CE,PERSISTENT,24SEP2026,450000.000000,125,OPTSTK,BFO,5.000000,5250,False
846864,FORTIS26SEP990PE,FORTIS,24SEP2026,99000.000000,775,OPTSTK,BFO,5.000000,100000000,False
846868,DELHIVERY26SEP460PE,DELHIVERY,24SEP2026,46000.000000,2075,OPTSTK,BFO,5.000000,100000000,False
846874,BLUESTARCO26SEP1660CE,BLUESTARCO,24SEP2026,166000.000000,325,OPTSTK,BFO,5.000000,100000000,False
846881,LODHA26SEP960CE,LODHA,24SEP2026,96000.000000,625,OPTSTK,BFO,5.000000,100000000,False
846889,VBL26SEPFUT,VBL,24SEP2026,0.000000,1275,FUTSTK,BFO,5.000000,100000000,False
846906,PIDILITIND26SEP1660CE,PIDILITIND,24SEP2026,166000.000000,500,OPTSTK,BFO,5.000000,10000,False
846908,HINDPETRO26SEP390.75PE,HINDPETRO,24SEP2026,39075.000000,2025,OPTSTK,BFO,5.000000,108000,False
846910,GMRAIRPORT26SEP112PE,GMRAIRPORT,24SEP2026,11200.000000,6975,OPTSTK,BFO,5.000000,675000,False
846918,NAM-INDIA26SEP1100CE,NAM-INDIA,24SEP2026,110000.000000,625,OPTSTK,BFO,5.000000,100000000,False
846922,HINDPETRO26SEP395.75CE,HINDPETRO,24SEP2026,39575.000000,2025,OPTSTK,BFO,5.000000,108000,False
846923,UPL26SEP560CE,UPL,24SEP2026,56000.000000,1355,OPTSTK,BFO,5.000000,39000,False
846924,TRENT26SEP3450CE,TRENT,24SEP2026,345000.000000,225,OPTSTK,BFO,5.000000,16000,False
846938,JIOFIN26SEP225CE,JIOFIN,24SEP2026,22500.000000,2350,OPTSTK,BFO,5.000000,100000000,False
846941,PETRONET26SEP292.5PE,PETRONET,24SEP2026,29250.000000,1900,OPTSTK,BFO,5.000000,120000,False
846951,HINDUNILVR26SEP2220PE,HINDUNILVR,24SEP2026,222000.000000,300,OPTSTK,BFO,5.000000,9000,False
846983,SUZLON26SEP55PE,SUZLON,24SEP2026,5500.000000,12700,OPTSTK,BFO,5.000000,100000000,False
846985,NYKAA26SEP307.5PE,NYKAA,24SEP2026,30750.000000,3125,OPTSTK,BFO,5.000000,100000000,False
846986,INDHOTEL26SEP715CE,INDHOTEL,24SEP2026,71500.000000,1000,OPTSTK,BFO,5.000000,60000,False
846995,AUBANK26SEP980PE,AUBANK,24SEP2026,98000.000000,1000,OPTSTK,BFO,5.000000,30000,False
847002,MUTHOOTFIN26SEP3300CE,MUTHOOTFIN,24SEP2026,330000.000000,275,OPTSTK,BFO,5.000000,22000,False
847029,AXISBANK26SEP1350CE,AXISBANK,24SEP2026,135000.000000,625,OPTSTK,BFO,5.000000,25000,False
847032,BANKEX26SEP65000PE,BANKEX,24SEP2026,6500000.000000,30,OPTIDX,BFO,5.000000,900,False
847036,MOTILALOFS26SEP980CE,MOTILALOFS,24SEP2026,98000.000000,775,OPTSTK,BFO,5.000000,100000000,False
847042,MFSL26SEP1520PE,MFSL,24SEP2026,152000.000000,400,OPTSTK,BFO,5.000000,32000,False
847065,CROMPTON26SEP267.5PE,CROMPTON,24SEP2026,26750.000000,2150,OPTSTK,BFO,5.000000,90000,False
847072,UNITDSPR26SEP1430CE,UNITDSPR,24SEP2026,143000.000000,400,OPTSTK,BFO,5.000000,28000,False
847078,SHREECEM26SEP26500PE,SHREECEM,24SEP2026,2650000.000000,25,OPTSTK,BFO,5.000000,1000,False
847080,ONGC26SEP237.5CE,ONGC,24SEP2026,23750.000000,2250,OPTSTK,BFO,5.000000,154000,False
847081,JUBLFOOD26SEP415CE,JUBLFOOD,24SEP2026,41500.000000,1250,OPTSTK,BFO,5.000000,50000,False
847085,GVT&D26SEP5600PE,GVT&D,24SEP2026,560000.000000,125,OPTSTK,BFO,5.000000,100000000,False
847100,ADANIPORTS26SEP1920CE,ADANIPORTS,24SEP2026,192000.000000,475,OPTSTK,BFO,5.000000,32000,False
847101,GMRAIRPORT26SEP113CE,GMRAIRPORT,24SEP2026,11300.000000,6975,OPTSTK,BFO,5.000000,675000,False
847104,TATASTEEL26SEP172.5PE,TATASTEEL,24SEP2026,17250.000000,2750,OPTSTK,BFO,5.000000,220000,False
847114,KOTAKBANK26SEP397.5CE,KOTAKBANK,24SEP2026,39750.000000,2000,OPTSTK,BFO,5.000000,12000,False
847131,HDFCAMC26SEP2580CE,HDFCAMC,24SEP2026,258000.000000,300,OPTSTK,BFO,5.000000,12000,False
847139,ALKEM26SEP5650CE,ALKEM,24SEP2026,565000.000000,125,OPTSTK,BFO,5.000000,8000,False
847143,PRESTIGE26SEP1620CE,PRESTIGE,24SEP2026,162000.000000,450,OPTSTK,BFO,5.000000,100000000,False
847151,KPITTECH26SEP700CE,KPITTECH,24SEP2026,70000.000000,775,OPTSTK,BFO,5.000000,100000000,False
847155,COALINDIA26SEP455PE,COALINDIA,24SEP2026,45500.000000,1350,OPTSTK,BFO,5.000000,126000,False
847174,BANKBARODA26SEP272.5CE,BANKBARODA,24SEP2026,27250.000000,2925,OPTSTK,BFO,5.000000,175500,False
847187,GAIL26SEP172PE,GAIL,24SEP2026,17200.000000,3550,OPTSTK,BFO,5.000000,274500,False
847195,SRF26SEP2620CE,SRF,24SEP2026,262000.000000,200,OPTSTK,BFO,5.000000,11250,False
847205,MOTHERSON26SEP151PE,MOTHERSON,24SEP2026,15100.000000,6150,OPTSTK,BFO,5.000000,284000,False
847206,PAGEIND26SEP40750PE,PAGEIND,24SEP2026,4075000.000000,20,OPTSTK,BFO,5.000000,600,False
847210,WIPRO26SEP187.5PE,WIPRO,24SEP2026,18750.000000,3000,OPTSTK,BFO,5.000000,60000,False
847214,EICHERMOT26SEP7600PE,EICHERMOT,24SEP2026,760000.000000,100,OPTSTK,BFO,5.000000,7000,False
847225,TRENT26SEP3000CE,TRENT,24SEP2026,300000.000000,225,OPTSTK,BFO,5.000000,16000,False
847243,OBEROIRLTY26SEP1780PE,OBEROIRLTY,24SEP2026,178000.000000,350,OPTSTK,BFO,5.000000,28000,False
847258,INDHOTEL26SEP750CE,INDHOTEL,24SEP2026,75000.000000,1000,OPTSTK,BFO,5.000000,60000,False
847265,SENSEX5026SEP25200CE,SENSEX50,24SEP2026,2520000.000000,75,OPTIDX,BFO,5.000000,1800,False
847280,TMPV26SEP345PE,TMPV,24SEP2026,34500.000000,1600,OPTSTK,BFO,5.000000,42750,False
847292,OFSS26SEP11300CE,OFSS,24SEP2026,1130000.000000,100,OPTSTK,BFO,5.000000,8000,False
847303,NYKAA26SEP310PE,NYKAA,24SEP2026,31000.000000,3125,OPTSTK,BFO,5.000000,100000000,False
847309,TITAN26SEP4050PE,TITAN,24SEP2026,405000.000000,175,OPTSTK,BFO,5.000000,11250,False
847325,BANKEX26SEP65800CE,BANKEX,24SEP2026,6580000.000000,30,OPTIDX,BFO,5.000000,900,False
847340,LT26SEPFUT,LT,24SEP2026,0.000000,175,FUTSTK,BFO,5.000000,12000,False
847345,LTM26SEP3850PE,LTM,24SEP2026,385000.000000,150,OPTSTK,BFO,5.000000,4500,False
847346,DIXON26SEP12600PE,DIXON,24SEP2026,1260000.000000,50,OPTSTK,BFO,5.000000,6000,False
847401,FEDERALBNK26SEP342.5CE,FEDERALBNK,24SEP2026,34250.000000,2500,OPTSTK,BFO,5.000000,200000,False
847407,CONCOR26SEP475CE,CONCOR,24SEP2026,47500.000000,1250,OPTSTK,BFO,5.000000,40000,False
847433,CHOLAFIN26SEPFUT,CHOLAFIN,24SEP2026,0.000000,625,FUTSTK,BFO,5.000000,25000,False
847435,ZYDUSLIFE26SEPFUT,ZYDUSLIFE,24SEP2026,0.000000,900,FUTSTK,BFO,5.000000,54000,False
847446,BAJAJFINSV26SEP1800PE,BAJAJFINSV,24SEP2026,180000.000000,300,OPTSTK,BFO,5.000000,20000,False
847451,MFSL26SEP1640CE,MFSL,24SEP2026,164000.000000,400,OPTSTK,BFO,5.000000,32000,False
847457,GMRAIRPORT26SEP106CE,GMRAIRPORT,24SEP2026,10600.000000,6975,OPTSTK,BFO,5.000000,675000,False
847511,BANDHANBNK26SEP210PE,BANDHANBNK,24SEP2026,21000.000000,3600,OPTSTK,BFO,5.000000,100000,False
847516,RECLTD26SEP400CE,RECLTD,24SEP2026,40000.000000,1575,OPTSTK,BFO,5.000000,160000,False
847524,MANAPPURAM26SEP300CE,MANAPPURAM,24SEP2026,30000.000000,3000,OPTSTK,BFO,5.000000,180000,False
847526,M&M26SEP3300PE,M&M,24SEP2026,330000.000000,200,OPTSTK,BFO,5.000000,21000,False
847560,AMBER26SEP8300CE,AMBER,24SEP2026,830000.000000,100,OPTSTK,BFO,5.000000,100000000,False
847561,LTF26SEP295PE,LTF,24SEP2026,29500.000000,2250,OPTSTK,BFO,5.000000,267720,False
847564,ADANIENT26SEP2900PE,ADANIENT,24SEP2026,290000.000000,309,OPTSTK,BFO,5.000000,9000,False
847568,FOCIT26SEP32000CE,FOCIT,24SEP2026,3200000.000000,45,OPTIDX,BFO,5.000000,1350,False
847588,PHOENIXLTD26SEPFUT,PHOENIXLTD,24SEP2026,0.000000,350,FUTSTK,BFO,5.000000,100000000,False
847617,ICICIPRULI26SEP495PE,ICICIPRULI,24SEP2026,49500.000000,925,OPTSTK,BFO,5.000000,60000,False
847618,APOLLOHOSP26SEP8350CE,APOLLOHOSP,24SEP2026,835000.000000,125,OPTSTK,BFO,5.000000,5000,False
847625,KEI26SEP5550CE,KEI,24SEP2026,555000.000000,175,OPTSTK,BFO,5.000000,100000000,False
847628,DABUR26SEP455CE,DABUR,24SEP2026,45500.000000,1250,OPTSTK,BFO,5.000000,50000,False
847629,ASHOKLEY26SEP145PE,ASHOKLEY,24SEP2026,14500.000000,5000,OPTSTK,BFO,5.000000,150000,False
847631,VOLTAS26SEP1220PE,VOLTAS,24SEP2026,122000.000000,375,OPTSTK,BFO,5.000000,30000,False
847655,HDFCLIFE26SEP580CE,HDFCLIFE,24SEP2026,58000.000000,1100,OPTSTK,BFO,5.000000,44000,False
847660,EICHERMOT26SEP7800PE,EICHERMOT,24SEP2026,780000.000000,100,OPTSTK,BFO,5.000000,7000,False
847661,TORNTPHARM26SEP4600CE,TORNTPHARM,24SEP2026,460000.000000,125,OPTSTK,BFO,5.000000,15000,False
847667,GODREJPROP26SEPFUT,GODREJPROP,24SEP2026,0.000000,325,FUTSTK,BFO,5.000000,19000,False
847669,GODFRYPHLP26SEP2360PE,GODFRYPHLP,24SEP2026,236000.000000,275,OPTSTK,BFO,5.000000,100000000,False
847671,TATAELXSI26SEPFUT,TATAELXSI,24SEP2026,0.000000,125,FUTSTK,BFO,5.000000,100000000,False
847676,SAIL26SEP175PE,SAIL,24SEP2026,17500.000000,4700,OPTSTK,BFO,5.000000,320000,False
847677,AMBUJACEM26SEP400PE,AMBUJACEM,24SEP2026,40000.000000,1200,OPTSTK,BFO,5.000000,54000,False
847680,MARUTI26SEP13800CE,MARUTI,24SEP2026,1380000.000000,50,OPTSTK,BFO,5.000000,3000,False
847687,LODHA26SEP980PE,LODHA,24SEP2026,98000.000000,625,OPTSTK,BFO,5.000000,100000000,False
847688,PATANJALI26SEP430PE,PATANJALI,24SEP2026,43000.000000,1075,OPTSTK,BFO,5.000000,100000000,False
847692,COFORGE26SEP1540PE,COFORGE,24SEP2026,154000.000000,475,OPTSTK,BFO,5.000000,6000,False
847702,SIEMENS26SEP4000PE,SIEMENS,24SEP2026,400000.000000,175,OPTSTK,BFO,5.000000,8250,False
847715,BANKEX26SEP67400CE,BANKEX,24SEP2026,6740000.000000,30,OPTIDX,BFO,5.000000,900,False
847716,LT26SEP4300PE,LT,24SEP2026,430000.000000,175,OPTSTK,BFO,5.000000,12000,False
847718,CANBK26SEP130PE,CANBK,24SEP2026,13000.000000,6750,OPTSTK,BFO,5.000000,81000,False
847721,HEROMOTOCO26SEP4950PE,HEROMOTOCO,24SEP2026,495000.000000,150,OPTSTK,BFO,5.000000,9000,False
847730,MARICO26SEPFUT,MARICO,24SEP2026,0.000000,1200,FUTSTK,BFO,5.000000,48000,False
847735,PERSISTENT26SEP4750PE,PERSISTENT,24SEP2026,475000.000000,125,OPTSTK,BFO,5.000000,5250,False
847741,BEL26SEP430PE,BEL,24SEP2026,43000.000000,1425,OPTSTK,BFO,5.000000,228000,False
847747,CIPLA26SEP1390CE,CIPLA,24SEP2026,139000.000000,425,OPTSTK,BFO,5.000000,26000,False
847756,NESTLEIND26SEP1380PE,NESTLEIND,24SEP2026,138000.000000,500,OPTSTK,BFO,5.000000,1200,False
847766,WAAREEENER26SEP2750CE,WAAREEENER,24SEP2026,275000.000000,175,OPTSTK,BFO,5.000000,100000000,False
847771,TITAN26SEP4400CE,TITAN,24SEP2026,440000.000000,175,OPTSTK,BFO,5.000000,11250,False
847782,SBILIFE26SEP1620CE,SBILIFE,24SEP2026,162000.000000,375,OPTSTK,BFO,5.000000,22500,False
847803,NYKAA26SEP292.5PE,NYKAA,24SEP2026,29250.000000,3125,OPTSTK,BFO,5.000000,100000000,False
847806,INDIGO26SEP5650CE,INDIGO,24SEP2026,565000.000000,150,OPTSTK,BFO,5.000000,12000,False
847810,COLPAL26SEP1880CE,COLPAL,24SEP2026,188000.000000,275,OPTSTK,BFO,5.000000,14000,False
847811,SENSEX5026SEP25150CE,SENSEX50,24SEP2026,2515000.000000,75,OPTIDX,BFO,5.000000,1800,False
847812,POWERINDIA26SEP32500PE,POWERINDIA,24SEP2026,3250000.000000,25,OPTSTK,BFO,5.000000,100000000,False
847819,BAJAJHLDNG26SEP10400PE,BAJAJHLDNG,24SEP2026,1040000.000000,75,OPTSTK,BFO,5.000000,100000000,False
847841,HEROMOTOCO26SEP4850CE,HEROMOTOCO,24SEP2026,485000.000000,150,OPTSTK,BFO,5.000000,9000,False
847845,PREMIERENE26SEP1070PE,PREMIERENE,24SEP2026,107000.000000,650,OPTSTK,BFO,5.000000,100000000,False
847851,POWERGRID26SEP275PE,POWERGRID,24SEP2026,27500.000000,1900,OPTSTK,BFO,5.000000,108000,False
847855,MAXHEALTH26SEP1110CE,MAXHEALTH,24SEP2026,111000.000000,525,OPTSTK,BFO,5.000000,100000000,False
847861,OIL26SEP405PE,OIL,24SEP2026,40500.000000,1400,OPTSTK,BFO,5.000000,100000000,False
847863,POWERINDIA26SEP35500CE,POWERINDIA,24SEP2026,3550000.000000,25,OPTSTK,BFO,5.000000,100000000,False
847869,ANGELONE26SEP310CE,ANGELONE,24SEP2026,31000.000000,2500,OPTSTK,BFO,5.000000,100000000,False
847875,LICI26SEP415CE,LICI,24SEP2026,41500.000000,1400,OPTSTK,BFO,5.000000,100000000,False
847884,LICHSGFIN26SEP560CE,LICHSGFIN,24SEP2026,56000.000000,1000,OPTSTK,BFO,5.000000,60000,False
847888,BAJAJ-AUTO26SEP10000CE,BAJAJ-AUTO,24SEP2026,1000000.000000,75,OPTSTK,BFO,5.000000,5000,False
847901,UNOMINDA26SEP1220CE,UNOMINDA,24SEP2026,122000.000000,550,OPTSTK,BFO,5.000000,100000000,False
847902,TATACONSUM26SEP1120CE,TATACONSUM,24SEP2026,112000.000000,550,OPTSTK,BFO,5.000000,36000,False
847904,YESBANK26SEP31PE,YESBANK,24SEP2026,3100.000000,31100,OPTSTK,BFO,5.000000,100000000,False
847913,LAURUSLABS26SEP1460PE,LAURUSLABS,24SEP2026,146000.000000,850,OPTSTK,BFO,5.000000,68000,False
847924,JINDALSTEL26SEP1040PE,JINDALSTEL,24SEP2026,104000.000000,625,OPTSTK,BFO,5.000000,37500,False
847928,BANKEX26SEP63100PE,BANKEX,24SEP2026,6310000.000000,30,OPTIDX,BFO,5.000000,900,False
847939,RVNL26SEP210PE,RVNL,24SEP2026,21000.000000,1925,OPTSTK,BFO,5.000000,100000000,False
847984,M&M26SEP3180PE,M&M,24SEP2026,318000.000000,200,OPTSTK,BFO,5.000000,21000,False
847994,IREDA26SEP133CE,IREDA,24SEP2026,13300.000000,4525,OPTSTK,BFO,5.000000,100000000,False
847999,ALKEM26SEP5150CE,ALKEM,24SEP2026,515000.000000,125,OPTSTK,BFO,5.000000,8000,False
848001,ETERNAL26SEP252.5CE,ETERNAL,24SEP2026,25250.000000,2425,OPTSTK,BFO,5.000000,100000000,False
848006,BPCL26SEP330PE,BPCL,24SEP2026,33000.000000,1975,OPTSTK,BFO,5.000000,72000,False
848017,HDFCLIFE26SEP560PE,HDFCLIFE,24SEP2026,56000.000000,1100,OPTSTK,BFO,5.000000,44000,False
848009,PIDILITIND26SEP1550PE,PIDILITIND,24SEP2026,155000.000000,500,OPTSTK,BFO,5.000000,10000,False
848011,RVNL26SEPFUT,RVNL,24SEP2026,0.000000,1925,FUTSTK,BFO,5.000000,100000000,False
848039,MAZDOCK26SEP2420PE,MAZDOCK,24SEP2026,242000.000000,225,OPTSTK,BFO,5.000000,100000000,False
848046,TVSMOTOR26SEP3440CE,TVSMOTOR,24SEP2026,344000.000000,175,OPTSTK,BFO,5.000000,21000,False
848055,HDFCBANK26SEP770CE,HDFCBANK,24SEP2026,77000.000000,650,OPTSTK,BFO,5.000000,16500,False
848085,LODHA26SEP910CE,LODHA,24SEP2026,91000.000000,625,OPTSTK,BFO,5.000000,100000000,False
848088,TVSMOTOR26SEP3520PE,TVSMOTOR,24SEP2026,352000.000000,175,OPTSTK,BFO,5.000000,21000,False
848092,MARUTI26SEP13100CE,MARUTI,24SEP2026,1310000.000000,50,OPTSTK,BFO,5.000000,3000,False
848105,VOLTAS26SEP1260PE,VOLTAS,24SEP2026,126000.000000,375,OPTSTK,BFO,5.000000,30000,False
848119,VEDL26SEP320PE,VEDL,24SEP2026,32000.000000,1150,OPTSTK,BFO,5.000000,80000,False
848122,PIDILITIND26SEP1610CE,PIDILITIND,24SEP2026,161000.000000,500,OPTSTK,BFO,5.000000,10000,False
848130,KAYNES26SEPFUT,KAYNES,24SEP2026,0.000000,150,FUTSTK,BFO,5.000000,100000000,False
848135,RVNL26SEP215PE,RVNL,24SEP2026,21500.000000,1925,OPTSTK,BFO,5.000000,100000000,False
848138,HCLTECH26SEP1080CE,HCLTECH,24SEP2026,108000.000000,400,OPTSTK,BFO,5.000000,21000,False
848153,DLF26SEP635PE,DLF,24SEP2026,63500.000000,950,OPTSTK,BFO,5.000000,49500,False
848166,SENSEX5026SEP25600CE,SENSEX50,24SEP2026,2560000.000000,75,OPTIDX,BFO,5.000000,1800,False
848172,SUPREMEIND26SEP3450CE,SUPREMEIND,24SEP2026,345000.000000,175,OPTSTK,BFO,5.000000,100000000,False
848179,IREDA26SEP133PE,IREDA,24SEP2026,13300.000000,4525,OPTSTK,BFO,5.000000,100000000,False
848180,SRF26SEP2780PE,SRF,24SEP2026,278000.000000,200,OPTSTK,BFO,5.000000,11250,False
848182,RADICO26SEP4000CE,RADICO,24SEP2026,400000.000000,150,OPTSTK,BFO,5.000000,100000000,False
848196,CROMPTON26SEP272.5CE,CROMPTON,24SEP2026,27250.000000,2150,OPTSTK,BFO,5.000000,90000,False
848206,CGPOWER26SEP950CE,CGPOWER,24SEP2026,95000.000000,850,OPTSTK,BFO,5.000000,100000000,False
848208,DELHIVERY26SEP470CE,DELHIVERY,24SEP2026,47000.000000,2075,OPTSTK,BFO,5.000000,100000000,False
848210,NHPC26SEP82CE,NHPC,24SEP2026,8200.000000,6950,OPTSTK,BFO,5.000000,100000000,False
848238,TATAPOWER26SEP380PE,TATAPOWER,24SEP2026,38000.000000,1450,OPTSTK,BFO,5.000000,101250,False
848248,TRENT26SEP3150CE,TRENT,24SEP2026,315000.000000,225,OPTSTK,BFO,5.000000,16000,False
848258,SHRIRAMFIN26SEP1050CE,SHRIRAMFIN,24SEP2026,105000.000000,825,OPTSTK,BFO,5.000000,18000,False
848277,AUROPHARMA26SEP1640PE,AUROPHARMA,24SEP2026,164000.000000,550,OPTSTK,BFO,5.000000,44000,False
848292,DMART26SEP4250CE,DMART,24SEP2026,425000.000000,150,OPTSTK,BFO,5.000000,100000000,False
848307,MUTHOOTFIN26SEP3000CE,MUTHOOTFIN,24SEP2026,300000.000000,275,OPTSTK,BFO,5.000000,22000,False
848310,JSWSTEEL26SEP1190PE,JSWSTEEL,24SEP2026,119000.000000,675,OPTSTK,BFO,5.000000,40500,False
848317,BANDHANBNK26SEP212.5CE,BANDHANBNK,24SEP2026,21250.000000,3600,OPTSTK,BFO,5.000000,100000,False
848359,NTPC26SEP340CE,NTPC,24SEP2026,34000.000000,1500,OPTSTK,BFO,5.000000,150000,False
848361,BDL26SEP1460CE,BDL,24SEP2026,146000.000000,425,OPTSTK,BFO,5.000000,100000000,False
848382,BHARTIARTL26SEP1820PE,BHARTIARTL,24SEP2026,182000.000000,475,OPTSTK,BFO,5.000000,28500,False
848384,BANKEX26SEP65600PE,BANKEX,24SEP2026,6560000.000000,30,OPTIDX,BFO,5.000000,900,False
848393,KEI26SEP5300CE,KEI,24SEP2026,530000.000000,175,OPTSTK,BFO,5.000000,100000000,False
848401,KAYNES26SEP3600CE,KAYNES,24SEP2026,360000.000000,150,OPTSTK,BFO,5.000000,100000000,False
848403,RVNL26SEP250PE,RVNL,24SEP2026,25000.000000,1925,OPTSTK,BFO,5.000000,100000000,False
848405,IDEA26SEP11PE,IDEA,24SEP2026,1100.000000,71475,OPTSTK,BFO,5.000000,2400000,False
848416,TATAPOWER26SEP385PE,TATAPOWER,24SEP2026,38500.000000,1450,OPTSTK,BFO,5.000000,101250,False
848445,INDUSTOWER26SEP411CE,INDUSTOWER,24SEP2026,41100.000000,1700,OPTSTK,BFO,5.000000,170000,False
848482,PNBHOUSING26SEP1010CE,PNBHOUSING,24SEP2026,101000.000000,650,OPTSTK,BFO,5.000000,100000000,False
848509,SUZLON26SEP57PE,SUZLON,24SEP2026,5700.000000,12700,OPTSTK,BFO,5.000000,100000000,False
848513,SBIN26SEP1010CE,SBIN,24SEP2026,101000.000000,750,OPTSTK,BFO,5.000000,45000,False
848517,ICICIGI26SEP1880CE,ICICIGI,24SEP2026,188000.000000,325,OPTSTK,BFO,5.000000,20000,False
848527,SUPREMEIND26SEP3750PE,SUPREMEIND,24SEP2026,375000.000000,175,OPTSTK,BFO,5.000000,100000000,False
848528,SAIL26SEPFUT,SAIL,24SEP2026,0.000000,4700,FUTSTK,BFO,5.000000,320000,False
848537,ETERNAL26SEP260CE,ETERNAL,24SEP2026,26000.000000,2425,OPTSTK,BFO,5.000000,100000000,False
848543,RELIANCE26SEP1260PE,RELIANCE,24SEP2026,126000.000000,500,OPTSTK,BFO,5.000000,10000,False
848545,TVSMOTOR26SEP3480CE,TVSMOTOR,24SEP2026,348000.000000,175,OPTSTK,BFO,5.000000,21000,False
848559,APOLLOHOSP26SEP8750CE,APOLLOHOSP,24SEP2026,875000.000000,125,OPTSTK,BFO,5.000000,5000,False
848560,TATAPOWER26SEP400CE,TATAPOWER,24SEP2026,40000.000000,1450,OPTSTK,BFO,5.000000,101250,False
848563,IREDA26SEP126PE,IREDA,24SEP2026,12600.000000,4525,OPTSTK,BFO,5.000000,100000000,False
848565,HINDUNILVR26SEP2300PE,HINDUNILVR,24SEP2026,230000.000000,300,OPTSTK,BFO,5.000000,9000,False
848580,HINDUNILVR26SEP2140PE,HINDUNILVR,24SEP2026,214000.000000,300,OPTSTK,BFO,5.000000,9000,False
848624,FORCEMOT26SEP18000PE,FORCEMOT,24SEP2026,1800000.000000,25,OPTSTK,BFO,5.000000,100000000,False
848628,MCX26SEP2900CE,MCX,24SEP2026,290000.000000,225,OPTSTK,BFO,5.000000,16000,False
848643,CAMS26SEP840CE,CAMS,24SEP2026,84000.000000,825,OPTSTK,BFO,5.000000,100000000,False
848665,BOSCHLTD26SEP39250PE,BOSCHLTD,24SEP2026,3925000.000000,25,OPTSTK,BFO,5.000000,1500,False
848684,LTM26SEP3550PE,LTM,24SEP2026,355000.000000,150,OPTSTK,BFO,5.000000,4500,False
848687,DIXON26SEP12300PE,DIXON,24SEP2026,1230000.000000,50,OPTSTK,BFO,5.000000,6000,False
848693,COALINDIA26SEP445CE,COALINDIA,24SEP2026,44500.000000,1350,OPTSTK,BFO,5.000000,126000,False
848740,AXISBANK26SEP1340CE,AXISBANK,24SEP2026,134000.000000,625,OPTSTK,BFO,5.000000,25000,False
848754,BIOCON26SEP440PE,BIOCON,24SEP2026,44000.000000,2500,OPTSTK,BFO,5.000000,100000,False
848755,SBILIFE26SEP1860CE,SBILIFE,24SEP2026,186000.000000,375,OPTSTK,BFO,5.000000,22500,False
848778,BANKEX26SEP59500PE,BANKEX,24SEP2026,5950000.000000,30,OPTIDX,BFO,5.000000,900,False
848779,ADANIPORTS26SEP1920PE,ADANIPORTS,24SEP2026,192000.000000,475,OPTSTK,BFO,5.000000,32000,False
848821,360ONE26SEP1120PE,,24SEP2026,112000.000000,500,OPTSTK,BFO,5.000000,100000000,False
848826,VMM26SEP123PE,VMM,24SEP2026,12300.000000,4850,OPTSTK,BFO,5.000000,100000000,False
848850,SUPREMEIND26SEP3300PE,SUPREMEIND,24SEP2026,330000.000000,175,OPTSTK,BFO,5.000000,100000000,False
848861,BANKEX26SEP58800CE,BANKEX,24SEP2026,5880000.000000,30,OPTIDX,BFO,5.000000,900,False
848876,BANKEX26SEP65800PE,BANKEX,24SEP2026,6580000.000000,30,OPTIDX,BFO,5.000000,900,False
848883,SRF26SEP2620PE,SRF,24SEP2026,262000.000000,200,OPTSTK,BFO,5.000000,11250,False
848910,SUPREMEIND26SEPFUT,SUPREMEIND,24SEP2026,0.000000,175,FUTSTK,BFO,5.000000,100000000,False
848914,RBLBANK26SEP350PE,RBLBANK,24SEP2026,35000.000000,3175,OPTSTK,BFO,5.000000,150000,False
848921,GAIL26SEP175CE,GAIL,24SEP2026,17500.000000,3550,OPTSTK,BFO,5.000000,274500,False
848925,360ONE26SEP1020CE,,24SEP2026,102000.000000,500,OPTSTK,BFO,5.000000,100000000,False
848926,DIXON26SEP12200CE,DIXON,24SEP2026,1220000.000000,50,OPTSTK,BFO,5.000000,6000,False
848928,ULTRACEMCO26SEP11460PE,ULTRACEMCO,24SEP2026,1146000.000000,50,OPTSTK,BFO,5.000000,3000,False
848933,RECLTD26SEP395PE,RECLTD,24SEP2026,39500.000000,1575,OPTSTK,BFO,5.000000,160000,False
848946,LODHA26SEP930PE,LODHA,24SEP2026,93000.000000,625,OPTSTK,BFO,5.000000,100000000,False
848953,CUMMINSIND26SEP5950CE,CUMMINSIND,24SEP2026,595000.000000,200,OPTSTK,BFO,5.000000,18000,False
848958,JIOFIN26SEP227.5PE,JIOFIN,24SEP2026,22750.000000,2350,OPTSTK,BFO,5.000000,100000000,False
848967,GODFRYPHLP26SEP2300CE,GODFRYPHLP,24SEP2026,230000.000000,275,OPTSTK,BFO,5.000000,100000000,False
848993,MPHASIS26SEP2178PE,MPHASIS,24SEP2026,217800.000000,275,OPTSTK,BFO,5.000000,11000,False
849016,TVSMOTOR26SEP3680CE,TVSMOTOR,24SEP2026,368000.000000,175,OPTSTK,BFO,5.000000,21000,False
849019,UNIONBANK26SEP175PE,UNIONBANK,24SEP2026,17500.000000,4425,OPTSTK,BFO,5.000000,100000000,False
849031,FOCIT26SEP28000PE,FOCIT,24SEP2026,2800000.000000,45,OPTIDX,BFO,5.000000,1350,False
849032,GODFRYPHLP26SEP2220PE,GODFRYPHLP,24SEP2026,222000.000000,275,OPTSTK,BFO,5.000000,100000000,False
849033,PERSISTENT26SEP5150CE,PERSISTENT,24SEP2026,515000.000000,125,OPTSTK,BFO,5.000000,5250,False
849039,SAIL26SEP160CE,SAIL,24SEP2026,16000.000000,4700,OPTSTK,BFO,5.000000,320000,False
849045,AUBANK26SEP1030PE,AUBANK,24SEP2026,103000.000000,1000,OPTSTK,BFO,5.000000,30000,False
849072,INDIGO26SEP5600CE,INDIGO,24SEP2026,560000.000000,150,OPTSTK,BFO,5.000000,12000,False
849080,MFSL26SEP1720CE,MFSL,24SEP2026,172000.000000,400,OPTSTK,BFO,5.000000,32000,False
849083,BANKEX26SEP67100CE,BANKEX,24SEP2026,6710000.000000,30,OPTIDX,BFO,5.000000,900,False
849093,DMART26SEP4000CE,DMART,24SEP2026,400000.000000,150,OPTSTK,BFO,5.000000,100000000,False
849142,RADICO26SEP4400CE,RADICO,24SEP2026,440000.000000,150,OPTSTK,BFO,5.000000,100000000,False
849157,ICICIPRULI26SEP480PE,ICICIPRULI,24SEP2026,48000.000000,925,OPTSTK,BFO,5.000000,60000,False
849161,INDHOTEL26SEP740PE,INDHOTEL,24SEP2026,74000.000000,1000,OPTSTK,BFO,5.000000,60000,False
849166,INOXWIND26SEP94PE,INOXWIND,24SEP2026,9400.000000,6400,OPTSTK,BFO,5.000000,100000000,False
849763,UNITDSPR26SEP1280PE,UNITDSPR,24SEP2026,128000.000000,400,OPTSTK,BFO,5.000000,28000,False
849765,KAYNES26SEP2850CE,KAYNES,24SEP2026,285000.000000,150,OPTSTK,BFO,5.000000,100000000,False
849768,M&M26SEP3020CE,M&M,24SEP2026,302000.000000,200,OPTSTK,BFO,5.000000,21000,False
849770,INDIGO26SEP5000PE,INDIGO,24SEP2026,500000.000000,150,OPTSTK,BFO,5.000000,12000,False
849775,ABB26SEP7400PE,ABB,24SEP2026,740000.000000,125,OPTSTK,BFO,5.000000,7500,False
849788,ASTRAL26SEP1280CE,ASTRAL,24SEP2026,128000.000000,425,OPTSTK,BFO,5.000000,14680,False
849792,M&M26SEP2980CE,M&M,24SEP2026,298000.000000,200,OPTSTK,BFO,5.000000,21000,False
849793,HYUNDAI26SEP1800PE,HYUNDAI,24SEP2026,180000.000000,275,OPTSTK,BFO,5.000000,100000000,False
849794,ADANIGREEN26SEP1430CE,ADANIGREEN,24SEP2026,143000.000000,600,OPTSTK,BFO,5.000000,100000000,False
849801,UNOMINDA26SEP960PE,UNOMINDA,24SEP2026,96000.000000,550,OPTSTK,BFO,5.000000,100000000,False
849803,HINDUNILVR26SEP2020PE,HINDUNILVR,24SEP2026,202000.000000,300,OPTSTK,BFO,5.000000,9000,False
849808,KPITTECH26SEP660PE,KPITTECH,24SEP2026,66000.000000,775,OPTSTK,BFO,5.000000,100000000,False
849836,INDIGO26SEP4950CE,INDIGO,24SEP2026,495000.000000,150,OPTSTK,BFO,5.000000,12000,False
849841,BPCL26SEP270CE,BPCL,24SEP2026,27000.000000,1975,OPTSTK,BFO,5.000000,72000,False
849857,GLENMARK26SEP2320CE,GLENMARK,24SEP2026,232000.000000,375,OPTSTK,BFO,5.000000,43500,False
849953,INDIGO26SEP5050CE,INDIGO,24SEP2026,505000.000000,150,OPTSTK,BFO,5.000000,12000,False
849970,ZYDUSLIFE26SEP1190PE,ZYDUSLIFE,24SEP2026,119000.000000,900,OPTSTK,BFO,5.000000,54000,False
849973,HAVELLS26SEP1100PE,HAVELLS,24SEP2026,110000.000000,500,OPTSTK,BFO,5.000000,20000,False
850007,LAURUSLABS26SEP1570CE,LAURUSLABS,24SEP2026,157000.000000,850,OPTSTK,BFO,5.000000,68000,False
850011,PREMIERENE26SEP960PE,PREMIERENE,24SEP2026,96000.000000,650,OPTSTK,BFO,5.000000,100000000,False
850012,NBCC26SEP97PE,NBCC,24SEP2026,9700.000000,6500,OPTSTK,BFO,5.000000,100000000,False
850015,SIEMENS26SEP3200PE,SIEMENS,24SEP2026,320000.000000,175,OPTSTK,BFO,5.000000,8250,False
850024,ASTRAL26SEP1220PE,ASTRAL,24SEP2026,122000.000000,425,OPTSTK,BFO,5.000000,14680,False
850029,HDFCAMC26SEP2480PE,HDFCAMC,24SEP2026,248000.000000,300,OPTSTK,BFO,5.000000,12000,False
850035,JIOFIN26SEP220PE,JIOFIN,24SEP2026,22000.000000,2350,OPTSTK,BFO,5.000000,100000000,False
850036,HYUNDAI26SEP1760PE,HYUNDAI,24SEP2026,176000.000000,275,OPTSTK,BFO,5.000000,100000000,False
850070,BAJAJ-AUTO26SEP9000CE,BAJAJ-AUTO,24SEP2026,900000.000000,75,OPTSTK,BFO,5.000000,5000,False
850075,WAAREEENER26SEP2600CE,WAAREEENER,24SEP2026,260000.000000,175,OPTSTK,BFO,5.000000,100000000,False
850130,IRFC26SEP84PE,IRFC,24SEP2026,8400.000000,5425,OPTSTK,BFO,5.000000,100000000,False
850132,KAYNES26SEP2850PE,KAYNES,24SEP2026,285000.000000,150,OPTSTK,BFO,5.000000,100000000,False
850146,PERSISTENT26SEP4300PE,PERSISTENT,24SEP2026,430000.000000,125,OPTSTK,BFO,5.000000,5250,False
850152,KEI26SEP5750CE,KEI,24SEP2026,575000.000000,175,OPTSTK,BFO,5.000000,100000000,False
850169,SBICARD26SEP530PE,SBICARD,24SEP2026,53000.000000,800,OPTSTK,BFO,5.000000,32000,False
850178,TIINDIA26SEP2880PE,TIINDIA,24SEP2026,288000.000000,200,OPTSTK,BFO,5.000000,100000000,False
850181,BHARATFORG26SEP2320CE,BHARATFORG,24SEP2026,232000.000000,500,OPTSTK,BFO,5.000000,30000,False
850183,PERSISTENT26SEP4000CE,PERSISTENT,24SEP2026,400000.000000,125,OPTSTK,BFO,5.000000,5250,False
850216,MOTHERSON26SEP144PE,MOTHERSON,24SEP2026,14400.000000,6150,OPTSTK,BFO,5.000000,284000,False
850229,WAAREEENER26SEP2550PE,WAAREEENER,24SEP2026,255000.000000,175,OPTSTK,BFO,5.000000,100000000,False
850252,INDIGO26SEP5000CE,INDIGO,24SEP2026,500000.000000,150,OPTSTK,BFO,5.000000,12000,False
850253,DMART26SEP4700CE,DMART,24SEP2026,470000.000000,150,OPTSTK,BFO,5.000000,100000000,False
850254,SAIL26SEP192.5PE,SAIL,24SEP2026,19250.000000,4700,OPTSTK,BFO,5.000000,320000,False
850274,DIXON26SEP11200CE,DIXON,24SEP2026,1120000.000000,50,OPTSTK,BFO,5.000000,6000,False
850279,TVSMOTOR26SEP3360PE,TVSMOTOR,24SEP2026,336000.000000,175,OPTSTK,BFO,5.000000,21000,False
850284,ADANIENT26SEP2820CE,ADANIENT,24SEP2026,282000.000000,309,OPTSTK,BFO,5.000000,9000,False
850288,DIVISLAB26SEP6200PE,DIVISLAB,24SEP2026,620000.000000,100,OPTSTK,BFO,5.000000,8000,False
850323,AMBER26SEP6700PE,AMBER,24SEP2026,670000.000000,100,OPTSTK,BFO,5.000000,100000000,False
850325,RELIANCE26SEP1230CE,RELIANCE,24SEP2026,123000.000000,500,OPTSTK,BFO,5.000000,10000,False
850335,BAJAJ-AUTO26SEP8900PE,BAJAJ-AUTO,24SEP2026,890000.000000,75,OPTSTK,BFO,5.000000,5000,False
850365,LUPIN26SEP2500CE,LUPIN,24SEP2026,250000.000000,425,OPTSTK,BFO,5.000000,34000,False
850368,ADANIENSOL26SEP1340CE,ADANIENSOL,24SEP2026,134000.000000,675,OPTSTK,BFO,5.000000,100000000,False
850376,ETERNAL26SEP277.5CE,ETERNAL,24SEP2026,27750.000000,2425,OPTSTK,BFO,5.000000,100000000,False
850385,RBLBANK26SEP330CE,RBLBANK,24SEP2026,33000.000000,3175,OPTSTK,BFO,5.000000,150000,False
850407,PERSISTENT26SEP4250PE,PERSISTENT,24SEP2026,425000.000000,125,OPTSTK,BFO,5.000000,5250,False
850413,FOCIT26SEP25500PE,FOCIT,24SEP2026,2550000.000000,45,OPTIDX,BFO,5.000000,1350,False
850415,TRENT26SEP3600CE,TRENT,24SEP2026,360000.000000,225,OPTSTK,BFO,5.000000,16000,False
850421,IOC26SEP133CE,IOC,24SEP2026,13300.000000,4875,OPTSTK,BFO,5.000000,292500,False
850423,APOLLOHOSP26SEP9000PE,APOLLOHOSP,24SEP2026,900000.000000,125,OPTSTK,BFO,5.000000,5000,False
850472,MARUTI26SEP12700CE,MARUTI,24SEP2026,1270000.000000,50,OPTSTK,BFO,5.000000,3000,False
850482,TORNTPHARM26SEP4900CE,TORNTPHARM,24SEP2026,490000.000000,125,OPTSTK,BFO,5.000000,15000,False
850508,HDFCAMC26SEP2480CE,HDFCAMC,24SEP2026,248000.000000,300,OPTSTK,BFO,5.000000,12000,False
850510,POLYCAB26SEP10400CE,POLYCAB,24SEP2026,1040000.000000,125,OPTSTK,BFO,5.000000,9000,False
850513,TMPV26SEP315PE,TMPV,24SEP2026,31500.000000,1600,OPTSTK,BFO,5.000000,42750,False
850520,MARICO26SEP870PE,MARICO,24SEP2026,87000.000000,1200,OPTSTK,BFO,5.000000,48000,False
850562,LICHSGFIN26SEP595CE,LICHSGFIN,24SEP2026,59500.000000,1000,OPTSTK,BFO,5.000000,60000,False
850567,MARICO26SEP875PE,MARICO,24SEP2026,87500.000000,1200,OPTSTK,BFO,5.000000,48000,False
850577,M&M26SEP3000CE,M&M,24SEP2026,300000.000000,200,OPTSTK,BFO,5.000000,21000,False
850585,ADANIPOWER26SEP210PE,ADANIPOWER,24SEP2026,21000.000000,3550,OPTSTK,BFO,5.000000,100000000,False
850599,OFSS26SEP10200PE,OFSS,24SEP2026,1020000.000000,100,OPTSTK,BFO,5.000000,8000,False
850608,MARUTI26SEP12900PE,MARUTI,24SEP2026,1290000.000000,50,OPTSTK,BFO,5.000000,3000,False
850646,PAGEIND26SEP38500PE,PAGEIND,24SEP2026,3850000.000000,20,OPTSTK,BFO,5.000000,600,False
850655,IOC26SEP157.5CE,IOC,24SEP2026,15750.000000,4875,OPTSTK,BFO,5.000000,292500,False
850664,PIDILITIND26SEP1500PE,PIDILITIND,24SEP2026,150000.000000,500,OPTSTK,BFO,5.000000,10000,False
850685,IDFCFIRSTB26SEP87CE,IDFCFIRSTB,24SEP2026,8700.000000,9275,OPTSTK,BFO,5.000000,450000,False
850691,JSWENERGY26SEP630CE,JSWENERGY,24SEP2026,63000.000000,1075,OPTSTK,BFO,5.000000,100000000,False
850719,HEROMOTOCO26SEP4200PE,HEROMOTOCO,24SEP2026,420000.000000,150,OPTSTK,BFO,5.000000,9000,False
850740,INDHOTEL26SEP780CE,INDHOTEL,24SEP2026,78000.000000,1000,OPTSTK,BFO,5.000000,60000,False
850758,NYKAA26SEP345CE,NYKAA,24SEP2026,34500.000000,3125,OPTSTK,BFO,5.000000,100000000,False
850771,GODFRYPHLP26SEP2250CE,GODFRYPHLP,24SEP2026,225000.000000,275,OPTSTK,BFO,5.000000,100000000,False
850792,CGPOWER26SEP1100PE,CGPOWER,24SEP2026,110000.000000,850,OPTSTK,BFO,5.000000,100000000,False
850800,MOTHERSON26SEP142.5PE,MOTHERSON,24SEP2026,14250.000000,6150,OPTSTK,BFO,5.000000,284000,False
850822,VMM26SEP117.5CE,VMM,24SEP2026,11750.000000,4850,OPTSTK,BFO,5.000000,100000000,False
850823,HDFCAMC26SEP2400PE,HDFCAMC,24SEP2026,240000.000000,300,OPTSTK,BFO,5.000000,12000,False
850838,INOXWIND26SEP75PE,INOXWIND,24SEP2026,7500.000000,6400,OPTSTK,BFO,5.000000,100000000,False
850842,UPL26SEP520CE,UPL,24SEP2026,52000.000000,1355,OPTSTK,BFO,5.000000,39000,False
850844,BAJFINANCE26SEP1060CE,BAJFINANCE,24SEP2026,106000.000000,750,OPTSTK,BFO,5.000000,3750,False
850872,MARUTI26SEP14700CE,MARUTI,24SEP2026,1470000.000000,50,OPTSTK,BFO,5.000000,3000,False
850890,KEI26SEP5900CE,KEI,24SEP2026,590000.000000,175,OPTSTK,BFO,5.000000,100000000,False
850907,PAYTM26SEP1040CE,PAYTM,24SEP2026,104000.000000,725,OPTSTK,BFO,5.000000,100000000,False
850930,AXISBANK26SEP1220CE,AXISBANK,24SEP2026,122000.000000,625,OPTSTK,BFO,5.000000,25000,False
850939,MAZDOCK26SEP2150CE,MAZDOCK,24SEP2026,215000.000000,225,OPTSTK,BFO,5.000000,100000000,False
850963,HEROMOTOCO26SEP4300CE,HEROMOTOCO,24SEP2026,430000.000000,150,OPTSTK,BFO,5.000000,9000,False
850981,FEDERALBNK26SEP345PE,FEDERALBNK,24SEP2026,34500.000000,2500,OPTSTK,BFO,5.000000,200000,False
851005,VEDL26SEP315PE,VEDL,24SEP2026,31500.000000,1150,OPTSTK,BFO,5.000000,80000,False
851012,AUBANK26SEP1180PE,AUBANK,24SEP2026,118000.000000,1000,OPTSTK,BFO,5.000000,30000,False
851015,INOXWIND26SEP102.5CE,INOXWIND,24SEP2026,10250.000000,6400,OPTSTK,BFO,5.000000,100000000,False
851056,DLF26SEP660PE,DLF,24SEP2026,66000.000000,950,OPTSTK,BFO,5.000000,49500,False
851068,M&M26SEP2750PE,M&M,24SEP2026,275000.000000,200,OPTSTK,BFO,5.000000,21000,False
851083,MARICO26SEP910PE,MARICO,24SEP2026,91000.000000,1200,OPTSTK,BFO,5.000000,48000,False
851107,IEX26SEP137.5PE,IEX,24SEP2026,13750.000000,4350,OPTSTK,BFO,5.000000,150000,False
851179,UPL26SEP630PE,UPL,24SEP2026,63000.000000,1355,OPTSTK,BFO,5.000000,39000,False
851238,PETRONET26SEP245PE,PETRONET,24SEP2026,24500.000000,1900,OPTSTK,BFO,5.000000,120000,False
851271,APOLLOHOSP26SEP8200CE,APOLLOHOSP,24SEP2026,820000.000000,125,OPTSTK,BFO,5.000000,5000,False
851302,GAIL26SEP172.5PE,GAIL,24SEP2026,17250.000000,3550,OPTSTK,BFO,5.000000,274500,False
851379,MOTHERSON26SEP152.5CE,MOTHERSON,24SEP2026,15250.000000,6150,OPTSTK,BFO,5.000000,284000,False
851394,NAUKRI26SEP860CE,NAUKRI,24SEP2026,86000.000000,550,OPTSTK,BFO,5.000000,6000,False
851404,NYKAA26SEP330CE,NYKAA,24SEP2026,33000.000000,3125,OPTSTK,BFO,5.000000,100000000,False
851411,PAYTM26SEP1000PE,PAYTM,24SEP2026,100000.000000,725,OPTSTK,BFO,5.000000,100000000,False
851428,MPHASIS26SEP1838PE,MPHASIS,24SEP2026,183800.000000,275,OPTSTK,BFO,5.000000,11000,False
851440,GODREJCP26SEP940CE,GODREJCP,24SEP2026,94000.000000,500,OPTSTK,BFO,5.000000,30000,False
851441,ALKEM26SEP5900CE,ALKEM,24SEP2026,590000.000000,125,OPTSTK,BFO,5.000000,8000,False
851464,INOXWIND26SEP92.5PE,INOXWIND,24SEP2026,9250.000000,6400,OPTSTK,BFO,5.000000,100000000,False
851467,VBL26SEP580PE,VBL,24SEP2026,58000.000000,1275,OPTSTK,BFO,5.000000,100000000,False
851468,BOSCHLTD26SEP43500CE,BOSCHLTD,24SEP2026,4350000.000000,25,OPTSTK,BFO,5.000000,1500,False
851488,GODFRYPHLP26SEP2250PE,GODFRYPHLP,24SEP2026,225000.000000,275,OPTSTK,BFO,5.000000,100000000,False
851489,NYKAA26SEP335CE,NYKAA,24SEP2026,33500.000000,3125,OPTSTK,BFO,5.000000,100000000,False
851525,JSWSTEEL26SEP1120CE,JSWSTEEL,24SEP2026,112000.000000,675,OPTSTK,BFO,5.000000,40500,False
851541,INDHOTEL26SEP770PE,INDHOTEL,24SEP2026,77000.000000,1000,OPTSTK,BFO,5.000000,60000,False
851574,HDFCBANK26SEP840CE,HDFCBANK,24SEP2026,84000.000000,650,OPTSTK,BFO,5.000000,16500,False
851577,NTPC26SEP390PE,NTPC,24SEP2026,39000.000000,1500,OPTSTK,BFO,5.000000,150000,False
851579,IEX26SEP142.5CE,IEX,24SEP2026,14250.000000,4350,OPTSTK,BFO,5.000000,150000,False
851620,PAYTM26SEP1040PE,PAYTM,24SEP2026,104000.000000,725,OPTSTK,BFO,5.000000,100000000,False
851624,GODFRYPHLP26SEP1850PE,GODFRYPHLP,24SEP2026,185000.000000,275,OPTSTK,BFO,5.000000,100000000,False
851645,MARUTI26SEP14600CE,MARUTI,24SEP2026,1460000.000000,50,OPTSTK,BFO,5.000000,3000,False
851646,LT26SEP4400CE,LT,24SEP2026,440000.000000,175,OPTSTK,BFO,5.000000,12000,False
851650,MAZDOCK26SEP2150PE,MAZDOCK,24SEP2026,215000.000000,225,OPTSTK,BFO,5.000000,100000000,False
851685,IEX26SEP115CE,IEX,24SEP2026,11500.000000,4350,OPTSTK,BFO,5.000000,150000,False
851688,BANKBARODA26SEP245PE,BANKBARODA,24SEP2026,24500.000000,2925,OPTSTK,BFO,5.000000,175500,False
851690,HDFCBANK26SEP750PE,HDFCBANK,24SEP2026,75000.000000,650,OPTSTK,BFO,5.000000,16500,False
851763,SRF26SEP2400PE,SRF,24SEP2026,240000.000000,200,OPTSTK,BFO,5.000000,11250,False
851791,CGPOWER26SEP840PE,CGPOWER,24SEP2026,84000.000000,850,OPTSTK,BFO,5.000000,100000000,False
851794,M&M26SEP3350CE,M&M,24SEP2026,335000.000000,200,OPTSTK,BFO,5.000000,21000,False
851812,MOTILALOFS26SEP820PE,MOTILALOFS,24SEP2026,82000.000000,775,OPTSTK,BFO,5.000000,100000000,False
851816,VEDL26SEP275CE,VEDL,24SEP2026,27500.000000,1150,OPTSTK,BFO,5.000000,80000,False
851820,GODFRYPHLP26SEP2000PE,GODFRYPHLP,24SEP2026,200000.000000,275,OPTSTK,BFO,5.000000,100000000,False
851842,DIXON26SEP13250CE,DIXON,24SEP2026,1325000.000000,50,OPTSTK,BFO,5.000000,6000,False
851847,BOSCHLTD26SEP43000CE,BOSCHLTD,24SEP2026,4300000.000000,25,OPTSTK,BFO,5.000000,1500,False
851849,MAZDOCK26SEP2350PE,MAZDOCK,24SEP2026,235000.000000,225,OPTSTK,BFO,5.000000,100000000,False
851882,SENSEX29JUN71000CE,SENSEX,28JUN2029,7100000.000000,20,OPTIDX,BFO,5.000000,1000,False
851899,HDFCAMC26SEP2800CE,HDFCAMC,24SEP2026,280000.000000,300,OPTSTK,BFO,5.000000,12000,False
851934,M&M26SEP2950CE,M&M,24SEP2026,295000.000000,200,OPTSTK,BFO,5.000000,21000,False
851960,ADANIPOWER26SEP260CE,ADANIPOWER,24SEP2026,26000.000000,3550,OPTSTK,BFO,5.000000,100000000,False
851966,ADANIENT26SEP3200PE,ADANIENT,24SEP2026,320000.000000,309,OPTSTK,BFO,5.000000,9000,False
851969,INDHOTEL26SEP650CE,INDHOTEL,24SEP2026,65000.000000,1000,OPTSTK,BFO,5.000000,60000,False
851980,SRF26SEP3050CE,SRF,24SEP2026,305000.000000,200,OPTSTK,BFO,5.000000,11250,False
852013,MARICO26SEP780PE,MARICO,24SEP2026,78000.000000,1200,OPTSTK,BFO,5.000000,48000,False
852016,SRF26SEP2500CE,SRF,24SEP2026,250000.000000,200,OPTSTK,BFO,5.000000,11250,False
852019,MOTILALOFS26SEP860PE,MOTILALOFS,24SEP2026,86000.000000,775,OPTSTK,BFO,5.000000,100000000,False
852024,PERSISTENT26SEP3900PE,PERSISTENT,24SEP2026,390000.000000,125,OPTSTK,BFO,5.000000,5250,False
852032,HINDALCO26SEP1080PE,HINDALCO,24SEP2026,108000.000000,700,OPTSTK,BFO,5.000000,56000,False
852033,BANKBARODA26SEP305CE,BANKBARODA,24SEP2026,30500.000000,2925,OPTSTK,BFO,5.000000,175500,False
852041,PGEL26SEP460PE,PGEL,24SEP2026,46000.000000,950,OPTSTK,BFO,5.000000,100000000,False
852051,AXISBANK26SEP1460PE,AXISBANK,24SEP2026,146000.000000,625,OPTSTK,BFO,5.000000,25000,False
852059,INDIGO26SEP4800CE,INDIGO,24SEP2026,480000.000000,150,OPTSTK,BFO,5.000000,12000,False
852061,HAVELLS26SEP1260CE,HAVELLS,24SEP2026,126000.000000,500,OPTSTK,BFO,5.000000,20000,False
852082,CONCOR26SEP510PE,CONCOR,24SEP2026,51000.000000,1250,OPTSTK,BFO,5.000000,40000,False
852083,HINDPETRO26SEP310.75PE,HINDPETRO,24SEP2026,31075.000000,2025,OPTSTK,BFO,5.000000,108000,False
852107,VBL26SEP570CE,VBL,24SEP2026,57000.000000,1275,OPTSTK,BFO,5.000000,100000000,False
852127,ADANIGREEN26SEP1620CE,ADANIGREEN,24SEP2026,162000.000000,600,OPTSTK,BFO,5.000000,100000000,False
852130,NBCC26SEP107.5CE,NBCC,24SEP2026,10750.000000,6500,OPTSTK,BFO,5.000000,100000000,False
852135,HCLTECH26SEP1020PE,HCLTECH,24SEP2026,102000.000000,400,OPTSTK,BFO,5.000000,21000,False
852144,DIXON26SEP13000CE,DIXON,24SEP2026,1300000.000000,50,OPTSTK,BFO,5.000000,6000,False
852175,ADANIENT26SEP3150PE,ADANIENT,24SEP2026,315000.000000,309,OPTSTK,BFO,5.000000,9000,False
852177,VBL26SEP570PE,VBL,24SEP2026,57000.000000,1275,OPTSTK,BFO,5.000000,100000000,False
852189,SOLARINDS26SEP20250CE,SOLARINDS,24SEP2026,2025000.000000,50,OPTSTK,BFO,5.000000,100000000,False
852207,HINDALCO26SEP820CE,HINDALCO,24SEP2026,82000.000000,700,OPTSTK,BFO,5.000000,56000,False
852249,M&M26SEP3400PE,M&M,24SEP2026,340000.000000,200,OPTSTK,BFO,5.000000,21000,False
852257,INDHOTEL26SEP760PE,INDHOTEL,24SEP2026,76000.000000,1000,OPTSTK,BFO,5.000000,60000,False
852258,HDFCAMC26SEP3000PE,HDFCAMC,24SEP2026,300000.000000,300,OPTSTK,BFO,5.000000,12000,False
852259,ABB26SEP7600CE,ABB,24SEP2026,760000.000000,125,OPTSTK,BFO,5.000000,7500,False
852270,NYKAA26SEP325PE,NYKAA,24SEP2026,32500.000000,3125,OPTSTK,BFO,5.000000,100000000,False
852283,DIVISLAB26SEP6000CE,DIVISLAB,24SEP2026,600000.000000,100,OPTSTK,BFO,5.000000,8000,False
852291,HINDALCO26SEP820PE,HINDALCO,24SEP2026,82000.000000,700,OPTSTK,BFO,5.000000,56000,False
852294,EICHERMOT26SEP7000PE,EICHERMOT,24SEP2026,700000.000000,100,OPTSTK,BFO,5.000000,7000,False
852308,ADANIENT26SEP2750PE,ADANIENT,24SEP2026,275000.000000,309,OPTSTK,BFO,5.000000,9000,False
852320,TVSMOTOR26SEP3250CE,TVSMOTOR,24SEP2026,325000.000000,175,OPTSTK,BFO,5.000000,21000,False
852358,NTPC26SEP385PE,NTPC,24SEP2026,38500.000000,1500,OPTSTK,BFO,5.000000,150000,False
852368,GODFRYPHLP26SEP1900CE,GODFRYPHLP,24SEP2026,190000.000000,275,OPTSTK,BFO,5.000000,100000000,False
852369,SUPREMEIND26SEP2800CE,SUPREMEIND,24SEP2026,280000.000000,175,OPTSTK,BFO,5.000000,100000000,False
852393,NBCC26SEP122.5PE,NBCC,24SEP2026,12250.000000,6500,OPTSTK,BFO,5.000000,100000000,False
852406,PNBHOUSING26SEP1180CE,PNBHOUSING,24SEP2026,118000.000000,650,OPTSTK,BFO,5.000000,100000000,False
852444,IOC26SEP157.5PE,IOC,24SEP2026,15750.000000,4875,OPTSTK,BFO,5.000000,292500,False
852475,JSWENERGY26SEP630PE,JSWENERGY,24SEP2026,63000.000000,1075,OPTSTK,BFO,5.000000,100000000,False
852490,BAJAJFINSV26SEP1920PE,BAJAJFINSV,24SEP2026,192000.000000,300,OPTSTK,BFO,5.000000,20000,False
852543,RELIANCE26SEP1220CE,RELIANCE,24SEP2026,122000.000000,500,OPTSTK,BFO,5.000000,10000,False
852547,PAYTM26SEP1220CE,PAYTM,24SEP2026,122000.000000,725,OPTSTK,BFO,5.000000,100000000,False
852597,LT26SEP4350PE,LT,24SEP2026,435000.000000,175,OPTSTK,BFO,5.000000,12000,False
852603,NATIONALUM26SEP410PE,NATIONALUM,24SEP2026,41000.000000,1875,OPTSTK,BFO,5.000000,300000,False
852606,HDFCAMC26SEP2800PE,HDFCAMC,24SEP2026,280000.000000,300,OPTSTK,BFO,5.000000,12000,False
852625,BANDHANBNK26SEP175PE,BANDHANBNK,24SEP2026,17500.000000,3600,OPTSTK,BFO,5.000000,100000,False
852675,AUROPHARMA26SEP1720PE,AUROPHARMA,24SEP2026,172000.000000,550,OPTSTK,BFO,5.000000,44000,False
852690,VEDL26SEP245PE,VEDL,24SEP2026,24500.000000,1150,OPTSTK,BFO,5.000000,80000,False
852715,KEI26SEP6000CE,KEI,24SEP2026,600000.000000,175,OPTSTK,BFO,5.000000,100000000,False
852725,JINDALSTEL26SEP1160PE,JINDALSTEL,24SEP2026,116000.000000,625,OPTSTK,BFO,5.000000,37500,False
852730,PETRONET26SEP260CE,PETRONET,24SEP2026,26000.000000,1900,OPTSTK,BFO,5.000000,120000,False
852735,LTF26SEP340PE,LTF,24SEP2026,34000.000000,2250,OPTSTK,BFO,5.000000,267720,False
852770,HINDALCO26SEP1060CE,HINDALCO,24SEP2026,106000.000000,700,OPTSTK,BFO,5.000000,56000,False
852775,CANBK26SEP110CE,CANBK,24SEP2026,11000.000000,6750,OPTSTK,BFO,5.000000,81000,False
852783,INOXWIND26SEP92.5CE,INOXWIND,24SEP2026,9250.000000,6400,OPTSTK,BFO,5.000000,100000000,False
852797,RADICO26SEP4050CE,RADICO,24SEP2026,405000.000000,150,OPTSTK,BFO,5.000000,100000000,False
852821,NTPC26SEP330PE,NTPC,24SEP2026,33000.000000,1500,OPTSTK,BFO,5.000000,150000,False
852837,ADANIPOWER26SEP255PE,ADANIPOWER,24SEP2026,25500.000000,3550,OPTSTK,BFO,5.000000,100000000,False
852849,LT26SEP4450CE,LT,24SEP2026,445000.000000,175,OPTSTK,BFO,5.000000,12000,False
852872,IREDA26SEP132.5CE,IREDA,24SEP2026,13250.000000,4525,OPTSTK,BFO,5.000000,100000000,False
852919,MAZDOCK26SEP2750CE,MAZDOCK,24SEP2026,275000.000000,225,OPTSTK,BFO,5.000000,100000000,False
852956,BANDHANBNK26SEP235CE,BANDHANBNK,24SEP2026,23500.000000,3600,OPTSTK,BFO,5.000000,100000,False
852971,TRENT26SEP3650CE,TRENT,24SEP2026,365000.000000,225,OPTSTK,BFO,5.000000,16000,False
853014,DIVISLAB26SEP6000PE,DIVISLAB,24SEP2026,600000.000000,100,OPTSTK,BFO,5.000000,8000,False
853032,PIIND26SEP2450PE,PIIND,24SEP2026,245000.000000,175,OPTSTK,BFO,5.000000,7500,False
853053,TVSMOTOR26SEP3250PE,TVSMOTOR,24SEP2026,325000.000000,175,OPTSTK,BFO,5.000000,21000,False
853091,MARICO26SEP900CE,MARICO,24SEP2026,90000.000000,1200,OPTSTK,BFO,5.000000,48000,False
853098,DIXON26SEP12250CE,DIXON,24SEP2026,1225000.000000,50,OPTSTK,BFO,5.000000,6000,False
853104,GODFRYPHLP26SEP1900PE,GODFRYPHLP,24SEP2026,190000.000000,275,OPTSTK,BFO,5.000000,100000000,False
853106,SUPREMEIND26SEP2800PE,SUPREMEIND,24SEP2026,280000.000000,175,OPTSTK,BFO,5.000000,100000000,False
853141,PNBHOUSING26SEP1180PE,PNBHOUSING,24SEP2026,118000.000000,650,OPTSTK,BFO,5.000000,100000000,False
853179,IOC26SEP147.5PE,IOC,24SEP2026,14750.000000,4875,OPTSTK,BFO,5.000000,292500,False
853208,GVT&D26SEP5100PE,GVT&D,24SEP2026,510000.000000,125,OPTSTK,BFO,5.000000,100000000,False
853224,COCHINSHIP26SEP1640CE,COCHINSHIP,24SEP2026,164000.000000,400,OPTSTK,BFO,5.000000,100000000,False
853230,UPL26SEP530CE,UPL,24SEP2026,53000.000000,1355,OPTSTK,BFO,5.000000,39000,False
853254,TIINDIA26SEP3300PE,TIINDIA,24SEP2026,330000.000000,200,OPTSTK,BFO,5.000000,100000000,False
853257,NATIONALUM26SEP400CE,NATIONALUM,24SEP2026,40000.000000,1875,OPTSTK,BFO,5.000000,300000,False
853259,HINDALCO26SEP1100CE,HINDALCO,24SEP2026,110000.000000,700,OPTSTK,BFO,5.000000,56000,False
853260,TVSMOTOR26SEP3450PE,TVSMOTOR,24SEP2026,345000.000000,175,OPTSTK,BFO,5.000000,21000,False
853283,BOSCHLTD26SEP37000PE,BOSCHLTD,24SEP2026,3700000.000000,25,OPTSTK,BFO,5.000000,1500,False
853321,KFINTECH26SEP1000CE,KFINTECH,24SEP2026,100000.000000,575,OPTSTK,BFO,5.000000,100000000,False
853362,CROMPTON26SEP240CE,CROMPTON,24SEP2026,24000.000000,2150,OPTSTK,BFO,5.000000,90000,False
853386,AXISBANK26SEP1220PE,AXISBANK,24SEP2026,122000.000000,625,OPTSTK,BFO,5.000000,25000,False
853388,PETRONET26SEP305PE,PETRONET,24SEP2026,30500.000000,1900,OPTSTK,BFO,5.000000,120000,False
853399,DIVISLAB26SEP7100CE,DIVISLAB,24SEP2026,710000.000000,100,OPTSTK,BFO,5.000000,8000,False
853403,LTM26SEP3250CE,LTM,24SEP2026,325000.000000,150,OPTSTK,BFO,5.000000,4500,False
853409,JSWSTEEL26SEP1340CE,JSWSTEEL,24SEP2026,134000.000000,675,OPTSTK,BFO,5.000000,40500,False
853438,GVT&D26SEP5300PE,GVT&D,24SEP2026,530000.000000,125,OPTSTK,BFO,5.000000,100000000,False
853431,LAURUSLABS26SEP1660PE,LAURUSLABS,24SEP2026,166000.000000,850,OPTSTK,BFO,5.000000,68000,False
853436,EICHERMOT26SEP6700PE,EICHERMOT,24SEP2026,670000.000000,100,OPTSTK,BFO,5.000000,7000,False
853447,CGPOWER26SEP1060PE,CGPOWER,24SEP2026,106000.000000,850,OPTSTK,BFO,5.000000,100000000,False
853454,KEI26SEP6000PE,KEI,24SEP2026,600000.000000,175,OPTSTK,BFO,5.000000,100000000,False
853468,PIIND26SEP2850PE,PIIND,24SEP2026,285000.000000,175,OPTSTK,BFO,5.000000,7500,False
853515,MOTHERSON26SEP165PE,MOTHERSON,24SEP2026,16500.000000,6150,OPTSTK,BFO,5.000000,284000,False
853546,MFSL26SEP1440PE,MFSL,24SEP2026,144000.000000,400,OPTSTK,BFO,5.000000,32000,False
853570,UPL26SEP640PE,UPL,24SEP2026,64000.000000,1355,OPTSTK,BFO,5.000000,39000,False
853588,PIIND26SEP2400PE,PIIND,24SEP2026,240000.000000,175,OPTSTK,BFO,5.000000,7500,False
853603,DIVISLAB26SEP7300CE,DIVISLAB,24SEP2026,730000.000000,100,OPTSTK,BFO,5.000000,8000,False
853628,NTPC26SEP380CE,NTPC,24SEP2026,38000.000000,1500,OPTSTK,BFO,5.000000,150000,False
853633,HCLTECH26SEP1000PE,HCLTECH,24SEP2026,100000.000000,400,OPTSTK,BFO,5.000000,21000,False
853669,BHEL26SEP445PE,BHEL,24SEP2026,44500.000000,2625,OPTSTK,BFO,5.000000,315000,False
853675,TIINDIA26SEP2750CE,TIINDIA,24SEP2026,275000.000000,200,OPTSTK,BFO,5.000000,100000000,False
853679,MAZDOCK26SEP2650CE,MAZDOCK,24SEP2026,265000.000000,225,OPTSTK,BFO,5.000000,100000000,False
853688,KFINTECH26SEP740PE,KFINTECH,24SEP2026,74000.000000,575,OPTSTK,BFO,5.000000,100000000,False
853692,TRENT26SEP3650PE,TRENT,24SEP2026,365000.000000,225,OPTSTK,BFO,5.000000,16000,False
853701,AXISBANK26SEP1480PE,AXISBANK,24SEP2026,148000.000000,625,OPTSTK,BFO,5.000000,25000,False
853710,CANBK26SEP140CE,CANBK,24SEP2026,14000.000000,6750,OPTSTK,BFO,5.000000,81000,False
853726,CANBK26SEP117.5PE,CANBK,24SEP2026,11750.000000,6750,OPTSTK,BFO,5.000000,81000,False
853737,FEDERALBNK26SEP300CE,FEDERALBNK,24SEP2026,30000.000000,2500,OPTSTK,BFO,5.000000,200000,False
853774,BSE26SEP2800PE,BSE,29SEP2026,280000.000000,200,OPTSTK,BFO,5.000000,3751,False
853793,BSE26SEP4800CE,BSE,29SEP2026,480000.000000,200,OPTSTK,BFO,5.000000,3751,False
853795,BSE26SEP5000CE,BSE,29SEP2026,500000.000000,200,OPTSTK,BFO,5.000000,3751,False
853851,CDSL26SEP800PE,CDSL,29SEP2026,80000.000000,475,OPTSTK,BFO,5.000000,14001,False
853869,CDSL26SEP1240PE,CDSL,29SEP2026,124000.000000,475,OPTSTK,BFO,5.000000,14001,False
853874,CDSL26SEP1360CE,CDSL,29SEP2026,136000.000000,475,OPTSTK,BFO,5.000000,14001,False
853941,VBL26SEP590CE,VBL,24SEP2026,59000.000000,1275,OPTSTK,BFO,5.000000,100000000,False
853952,VBL26SEP590PE,VBL,24SEP2026,59000.000000,1275,OPTSTK,BFO,5.000000,100000000,False
854033,CROMPTON26SEP235CE,CROMPTON,24SEP2026,23500.000000,2150,OPTSTK,BFO,5.000000,90000,False
854037,BAJAJFINSV26SEP1940PE,BAJAJFINSV,24SEP2026,194000.000000,300,OPTSTK,BFO,5.000000,20000,False
854068,AXISBANK26SEP1500PE,AXISBANK,24SEP2026,150000.000000,625,OPTSTK,BFO,5.000000,25000,False
854069,FOCIT26SEP24000PE,FOCIT,24SEP2026,2400000.000000,45,OPTIDX,BFO,5.000000,1350,False
854070,LT26SEP3750PE,LT,24SEP2026,375000.000000,175,OPTSTK,BFO,5.000000,12000,False
854073,POLICYBZR26SEP1800PE,POLICYBZR,24SEP2026,180000.000000,350,OPTSTK,BFO,5.000000,100000000,False
854075,TCS26SEP1880CE,TCS,24SEP2026,188000.000000,225,OPTSTK,BFO,5.000000,7000,False
854103,SAIL26SEP150CE,SAIL,24SEP2026,15000.000000,4700,OPTSTK,BFO,5.000000,320000,False
854136,DLF26SEP700CE,DLF,24SEP2026,70000.000000,950,OPTSTK,BFO,5.000000,49500,False
854145,ASIANPAINT26SEP2840CE,ASIANPAINT,24SEP2026,284000.000000,250,OPTSTK,BFO,5.000000,8000,False
854174,ADANIPORTS26SEP1980CE,ADANIPORTS,24SEP2026,198000.000000,475,OPTSTK,BFO,5.000000,32000,False
854180,COLPAL26SEP2200PE,COLPAL,24SEP2026,220000.000000,275,OPTSTK,BFO,5.000000,14000,False
854204,TATAELXSI26SEP3350CE,TATAELXSI,24SEP2026,335000.000000,125,OPTSTK,BFO,5.000000,100000000,False
854215,MARUTI26SEP14900PE,MARUTI,24SEP2026,1490000.000000,50,OPTSTK,BFO,5.000000,3000,False
854233,PAYTM26SEP1320CE,PAYTM,24SEP2026,132000.000000,725,OPTSTK,BFO,5.000000,100000000,False
854240,RECLTD26SEP405PE,RECLTD,24SEP2026,40500.000000,1575,OPTSTK,BFO,5.000000,160000,False
854249,ABCAPITAL26SEP430CE,ABCAPITAL,24SEP2026,43000.000000,3100,OPTSTK,BFO,5.000000,162000,False
854259,BAJAJHLDNG26SEP11400PE,BAJAJHLDNG,24SEP2026,1140000.000000,75,OPTSTK,BFO,5.000000,100000000,False
854261,PHOENIXLTD26SEP2120PE,PHOENIXLTD,24SEP2026,212000.000000,350,OPTSTK,BFO,5.000000,100000000,False
854266,LTF26SEP350CE,LTF,24SEP2026,35000.000000,2250,OPTSTK,BFO,5.000000,267720,False
854284,GODREJPROP26SEP2060PE,GODREJPROP,24SEP2026,206000.000000,325,OPTSTK,BFO,5.000000,19000,False
854294,KPITTECH26SEP510PE,KPITTECH,24SEP2026,51000.000000,775,OPTSTK,BFO,5.000000,100000000,False
854332,ASIANPAINT26SEP2840PE,ASIANPAINT,24SEP2026,284000.000000,250,OPTSTK,BFO,5.000000,8000,False
854367,APOLLOHOSP26SEP7900CE,APOLLOHOSP,24SEP2026,790000.000000,125,OPTSTK,BFO,5.000000,5000,False
854369,KPITTECH26SEP590CE,KPITTECH,24SEP2026,59000.000000,775,OPTSTK,BFO,5.000000,100000000,False
854401,DRREDDY26SEP1270CE,DRREDDY,24SEP2026,127000.000000,625,OPTSTK,BFO,5.000000,5000,False
854409,DELHIVERY26SEP510PE,DELHIVERY,24SEP2026,51000.000000,2075,OPTSTK,BFO,5.000000,100000000,False
854414,COLPAL26SEP2220CE,COLPAL,24SEP2026,222000.000000,275,OPTSTK,BFO,5.000000,14000,False
854433,SHREECEM26SEP27750PE,SHREECEM,24SEP2026,2775000.000000,25,OPTSTK,BFO,5.000000,1000,False
854455,GMRAIRPORT26SEP120CE,GMRAIRPORT,24SEP2026,12000.000000,6975,OPTSTK,BFO,5.000000,675000,False
854467,UPL26SEP490CE,UPL,24SEP2026,49000.000000,1355,OPTSTK,BFO,5.000000,39000,False
854482,POLICYBZR26SEP1820PE,POLICYBZR,24SEP2026,182000.000000,350,OPTSTK,BFO,5.000000,100000000,False
854518,COFORGE26SEP1240CE,COFORGE,24SEP2026,124000.000000,475,OPTSTK,BFO,5.000000,6000,False
854524,INFY26SEP840CE,INFY,24SEP2026,84000.000000,400,OPTSTK,BFO,5.000000,16000,False
854527,POLICYBZR26SEP1780CE,POLICYBZR,24SEP2026,178000.000000,350,OPTSTK,BFO,5.000000,100000000,False
854545,KPITTECH26SEP580CE,KPITTECH,24SEP2026,58000.000000,775,OPTSTK,BFO,5.000000,100000000,False
854547,PAGEIND26SEP45500PE,PAGEIND,24SEP2026,4550000.000000,20,OPTSTK,BFO,5.000000,600,False
854557,TATAPOWER26SEP340PE,TATAPOWER,24SEP2026,34000.000000,1450,OPTSTK,BFO,5.000000,101250,False
854589,PAYTM26SEP1300CE,PAYTM,24SEP2026,130000.000000,725,OPTSTK,BFO,5.000000,100000000,False
854594,LAURUSLABS26SEP1360CE,LAURUSLABS,24SEP2026,136000.000000,850,OPTSTK,BFO,5.000000,68000,False
854597,COLPAL26SEP2220PE,COLPAL,24SEP2026,222000.000000,275,OPTSTK,BFO,5.000000,14000,False
854622,DELHIVERY26SEP540CE,DELHIVERY,24SEP2026,54000.000000,2075,OPTSTK,BFO,5.000000,100000000,False
854709,LICI26SEP470PE,LICI,24SEP2026,47000.000000,1400,OPTSTK,BFO,5.000000,100000000,False
854722,JSWENERGY26SEP500PE,JSWENERGY,24SEP2026,50000.000000,1075,OPTSTK,BFO,5.000000,100000000,False
854749,GVT&D26SEP4100CE,GVT&D,24SEP2026,410000.000000,125,OPTSTK,BFO,5.000000,100000000,False
854851,IEX26SEP105PE,IEX,24SEP2026,10500.000000,4350,OPTSTK,BFO,5.000000,150000,False
854881,ANGELONE26SEP380CE,ANGELONE,24SEP2026,38000.000000,2500,OPTSTK,BFO,5.000000,100000000,False
854970,HINDUNILVR26SEP2360CE,HINDUNILVR,24SEP2026,236000.000000,300,OPTSTK,BFO,5.000000,9000,False
855002,GODREJCP26SEP1120PE,GODREJCP,24SEP2026,112000.000000,500,OPTSTK,BFO,5.000000,30000,False
855013,ASIANPAINT26SEP2880CE,ASIANPAINT,24SEP2026,288000.000000,250,OPTSTK,BFO,5.000000,8000,False
855056,GODREJCP26SEP1150CE,GODREJCP,24SEP2026,115000.000000,500,OPTSTK,BFO,5.000000,30000,False
855088,SENSEX28JUN83000CE,SENSEX,29JUN2028,8300000.000000,20,OPTIDX,BFO,5.000000,1000,False
855104,UPL26SEP660CE,UPL,24SEP2026,66000.000000,1355,OPTSTK,BFO,5.000000,39000,False
855139,SONACOMS26SEP700PE,SONACOMS,24SEP2026,70000.000000,1225,OPTSTK,BFO,5.000000,100000000,False
855183,CUMMINSIND26SEP4900CE,CUMMINSIND,24SEP2026,490000.000000,200,OPTSTK,BFO,5.000000,18000,False
855260,DMART26SEP3900PE,DMART,24SEP2026,390000.000000,150,OPTSTK,BFO,5.000000,100000000,False
855262,TECHM26SEP1240CE,TECHM,24SEP2026,124000.000000,600,OPTSTK,BFO,5.000000,24000,False
855291,NAUKRI26SEP1160PE,NAUKRI,24SEP2026,116000.000000,550,OPTSTK,BFO,5.000000,6000,False
855299,BAJAJFINSV26SEP2000PE,BAJAJFINSV,24SEP2026,200000.000000,300,OPTSTK,BFO,5.000000,20000,False
855314,BAJAJFINSV26SEP1960PE,BAJAJFINSV,24SEP2026,196000.000000,300,OPTSTK,BFO,5.000000,20000,False
855379,HEROMOTOCO26SEP5600PE,HEROMOTOCO,24SEP2026,560000.000000,150,OPTSTK,BFO,5.000000,9000,False
855399,ANGELONE26SEP380PE,ANGELONE,24SEP2026,38000.000000,2500,OPTSTK,BFO,5.000000,100000000,False
855427,MPHASIS26SEP2538CE,MPHASIS,24SEP2026,253800.000000,275,OPTSTK,BFO,5.000000,11000,False
855473,GODREJCP26SEP1140PE,GODREJCP,24SEP2026,114000.000000,500,OPTSTK,BFO,5.000000,30000,False
855521,BAJAJHLDNG26SEP11600PE,BAJAJHLDNG,24SEP2026,1160000.000000,75,OPTSTK,BFO,5.000000,100000000,False
855531,PRESTIGE26SEP1800PE,PRESTIGE,24SEP2026,180000.000000,450,OPTSTK,BFO,5.000000,100000000,False
855578,NMDC26SEP93PE,NMDC,24SEP2026,9300.000000,6750,OPTSTK,BFO,5.000000,225000,False
855591,CDSL26SEP1720CE,CDSL,29SEP2026,172000.000000,475,OPTSTK,BFO,5.000000,14001,False
855621,BAJAJHLDNG26SEP11700CE,BAJAJHLDNG,24SEP2026,1170000.000000,75,OPTSTK,BFO,5.000000,100000000,False
855645,ZYDUSLIFE26SEP1210CE,ZYDUSLIFE,24SEP2026,121000.000000,900,OPTSTK,BFO,5.000000,54000,False
855671,LUPIN26SEP2580CE,LUPIN,24SEP2026,258000.000000,425,OPTSTK,BFO,5.000000,34000,False
855675,GRASIM26SEP3320CE,GRASIM,24SEP2026,332000.000000,250,OPTSTK,BFO,5.000000,14250,False
855686,CGPOWER26SEP780PE,CGPOWER,24SEP2026,78000.000000,850,OPTSTK,BFO,5.000000,100000000,False
855695,BHEL26SEP360CE,BHEL,24SEP2026,36000.000000,2625,OPTSTK,BFO,5.000000,315000,False
855711,LODHA26SEP1180PE,LODHA,24SEP2026,118000.000000,625,OPTSTK,BFO,5.000000,100000000,False
855725,ULTRACEMCO26SEP12160PE,ULTRACEMCO,24SEP2026,1216000.000000,50,OPTSTK,BFO,5.000000,3000,False
855727,AMBUJACEM26SEP475PE,AMBUJACEM,24SEP2026,47500.000000,1200,OPTSTK,BFO,5.000000,54000,False
855784,SENSEX26SEP84700PE,SENSEX,24SEP2026,8470000.000000,20,OPTIDX,BFO,5.000000,1000,False
855792,BANDHANBNK26SEP165CE,BANDHANBNK,24SEP2026,16500.000000,3600,OPTSTK,BFO,5.000000,100000,False
855797,INDIANB26SEP730CE,INDIANB,24SEP2026,73000.000000,1000,OPTSTK,BFO,5.000000,100000000,False
855798,SENSEX26SEP84600CE,SENSEX,24SEP2026,8460000.000000,20,OPTIDX,BFO,5.000000,1000,False
855825,DLF26SEP740PE,DLF,24SEP2026,74000.000000,950,OPTSTK,BFO,5.000000,49500,False
855833,JSWENERGY26SEP480PE,JSWENERGY,24SEP2026,48000.000000,1075,OPTSTK,BFO,5.000000,100000000,False
855840,BHEL26SEP350CE,BHEL,24SEP2026,35000.000000,2625,OPTSTK,BFO,5.000000,315000,False
855843,INDUSINDBK26SEP1050PE,INDUSINDBK,24SEP2026,105000.000000,700,OPTSTK,BFO,5.000000,20000,False
855861,BHEL26SEP355CE,BHEL,24SEP2026,35500.000000,2625,OPTSTK,BFO,5.000000,315000,False
855874,BHEL26SEP355PE,BHEL,24SEP2026,35500.000000,2625,OPTSTK,BFO,5.000000,315000,False
855875,KAYNES26SEP3700PE,KAYNES,24SEP2026,370000.000000,150,OPTSTK,BFO,5.000000,100000000,False
855883,TECHM26SEP1540CE,TECHM,24SEP2026,154000.000000,600,OPTSTK,BFO,5.000000,24000,False
855934,RADICO26SEP3550CE,RADICO,24SEP2026,355000.000000,150,OPTSTK,BFO,5.000000,100000000,False
855941,OBEROIRLTY26SEP2020CE,OBEROIRLTY,24SEP2026,202000.000000,350,OPTSTK,BFO,5.000000,28000,False
855961,SENSEX26SEP84800PE,SENSEX,24SEP2026,8480000.000000,20,OPTIDX,BFO,5.000000,1000,False
855966,SENSEX5026SEP26400PE,SENSEX50,24SEP2026,2640000.000000,75,OPTIDX,BFO,5.000000,1800,False
855968,GVT&D26SEP3700CE,GVT&D,24SEP2026,370000.000000,125,OPTSTK,BFO,5.000000,100000000,False
855976,BHARTIARTL26SEP2060CE,BHARTIARTL,24SEP2026,206000.000000,475,OPTSTK,BFO,5.000000,28500,False
855992,POLICYBZR26SEP1460PE,POLICYBZR,24SEP2026,146000.000000,350,OPTSTK,BFO,5.000000,100000000,False
855995,INDIANB26SEP740PE,INDIANB,24SEP2026,74000.000000,1000,OPTSTK,BFO,5.000000,100000000,False
856003,TRENT26SEP3700CE,TRENT,24SEP2026,370000.000000,225,OPTSTK,BFO,5.000000,16000,False
856005,TECHM26SEP1540PE,TECHM,24SEP2026,154000.000000,600,OPTSTK,BFO,5.000000,24000,False
856102,APOLLOHOSP26SEP9500PE,APOLLOHOSP,24SEP2026,950000.000000,125,OPTSTK,BFO,5.000000,5000,False
856107,BHARTIARTL26SEP2060PE,BHARTIARTL,24SEP2026,206000.000000,475,OPTSTK,BFO,5.000000,28500,False
856108,INDUSINDBK26SEP1030PE,INDUSINDBK,24SEP2026,103000.000000,700,OPTSTK,BFO,5.000000,20000,False
856117,MCX26SEP2450CE,MCX,24SEP2026,245000.000000,225,OPTSTK,BFO,5.000000,16000,False
856175,PERSISTENT26SEP5400CE,PERSISTENT,24SEP2026,540000.000000,125,OPTSTK,BFO,5.000000,5250,False
856179,ULTRACEMCO26SEP12160CE,ULTRACEMCO,24SEP2026,1216000.000000,50,OPTSTK,BFO,5.000000,3000,False
856181,MANAPPURAM26SEP365PE,MANAPPURAM,24SEP2026,36500.000000,3000,OPTSTK,BFO,5.000000,180000,False
856185,TECHM26SEP1560CE,TECHM,24SEP2026,156000.000000,600,OPTSTK,BFO,5.000000,24000,False
856221,SENSEX26SEP85100CE,SENSEX,24SEP2026,8510000.000000,20,OPTIDX,BFO,5.000000,1000,False
856235,GODREJPROP26SEP2180CE,GODREJPROP,24SEP2026,218000.000000,325,OPTSTK,BFO,5.000000,19000,False
856281,MCX26SEP2350CE,MCX,24SEP2026,235000.000000,225,OPTSTK,BFO,5.000000,16000,False
856294,HDFCBANK26SEP890CE,HDFCBANK,24SEP2026,89000.000000,650,OPTSTK,BFO,5.000000,16500,False
856341,ASIANPAINT26SEP2900PE,ASIANPAINT,24SEP2026,290000.000000,250,OPTSTK,BFO,5.000000,8000,False
856353,KOTAKBANK26SEP345PE,KOTAKBANK,24SEP2026,34500.000000,2000,OPTSTK,BFO,5.000000,12000,False
856378,GLENMARK26SEP2360CE,GLENMARK,24SEP2026,236000.000000,375,OPTSTK,BFO,5.000000,43500,False
856384,MCX26SEP2400PE,MCX,24SEP2026,240000.000000,225,OPTSTK,BFO,5.000000,16000,False
856386,GODREJPROP26SEP2180PE,GODREJPROP,24SEP2026,218000.000000,325,OPTSTK,BFO,5.000000,19000,False
856413,UNITDSPR26SEP1560CE,UNITDSPR,24SEP2026,156000.000000,400,OPTSTK,BFO,5.000000,28000,False
856458,OIL26SEP460PE,OIL,24SEP2026,46000.000000,1400,OPTSTK,BFO,5.000000,100000000,False
856462,PHOENIXLTD26SEP2200CE,PHOENIXLTD,24SEP2026,220000.000000,350,OPTSTK,BFO,5.000000,100000000,False
856508,GLENMARK26SEP2360PE,GLENMARK,24SEP2026,236000.000000,375,OPTSTK,BFO,5.000000,43500,False
856513,BANKEX26SEP72900PE,BANKEX,24SEP2026,7290000.000000,30,OPTIDX,BFO,5.000000,900,False
856553,ONGC26SEP262.5PE,ONGC,24SEP2026,26250.000000,2250,OPTSTK,BFO,5.000000,154000,False
856558,TORNTPHARM26SEP5150PE,TORNTPHARM,24SEP2026,515000.000000,125,OPTSTK,BFO,5.000000,15000,False
856646,HDFCBANK26SEP890PE,HDFCBANK,24SEP2026,89000.000000,650,OPTSTK,BFO,5.000000,16500,False
856664,ABCAPITAL26SEP440PE,ABCAPITAL,24SEP2026,44000.000000,3100,OPTSTK,BFO,5.000000,162000,False
856668,ICICIBANK26SEP1490CE,ICICIBANK,24SEP2026,149000.000000,700,OPTSTK,BFO,5.000000,28000,False
856678,MUTHOOTFIN26SEP3500CE,MUTHOOTFIN,24SEP2026,350000.000000,275,OPTSTK,BFO,5.000000,22000,False
856719,ABB26SEP7800PE,ABB,24SEP2026,780000.000000,125,OPTSTK,BFO,5.000000,7500,False
856722,RADICO26SEP4450CE,RADICO,24SEP2026,445000.000000,150,OPTSTK,BFO,5.000000,100000000,False
856721,ZYDUSLIFE26SEP1220CE,ZYDUSLIFE,24SEP2026,122000.000000,900,OPTSTK,BFO,5.000000,54000,False
856734,BRITANNIA26SEP5750PE,BRITANNIA,24SEP2026,575000.000000,125,OPTSTK,BFO,5.000000,6000,False
856735,NBCC26SEP82.5PE,NBCC,24SEP2026,8250.000000,6500,OPTSTK,BFO,5.000000,100000000,False
856742,LODHA26SEP1240PE,LODHA,24SEP2026,124000.000000,625,OPTSTK,BFO,5.000000,100000000,False
856761,SRF26SEP3200PE,SRF,24SEP2026,320000.000000,200,OPTSTK,BFO,5.000000,11250,False
856839,NBCC26SEP80CE,NBCC,24SEP2026,8000.000000,6500,OPTSTK,BFO,5.000000,100000000,False
856878,HCLTECH26SEP1230CE,HCLTECH,24SEP2026,123000.000000,400,OPTSTK,BFO,5.000000,21000,False
856882,NAUKRI26SEP1300PE,NAUKRI,24SEP2026,130000.000000,550,OPTSTK,BFO,5.000000,6000,False
856905,PGEL26SEP650CE,PGEL,24SEP2026,65000.000000,950,OPTSTK,BFO,5.000000,100000000,False
856921,PAYTM26SEP1380PE,PAYTM,24SEP2026,138000.000000,725,OPTSTK,BFO,5.000000,100000000,False
856950,PERSISTENT26SEP5600PE,PERSISTENT,24SEP2026,560000.000000,125,OPTSTK,BFO,5.000000,5250,False
856956,HEROMOTOCO26SEP5700CE,HEROMOTOCO,24SEP2026,570000.000000,150,OPTSTK,BFO,5.000000,9000,False
856957,MOTHERSON26SEP125CE,MOTHERSON,24SEP2026,12500.000000,6150,OPTSTK,BFO,5.000000,284000,False
856964,MCX26SEP2300CE,MCX,24SEP2026,230000.000000,225,OPTSTK,BFO,5.000000,16000,False
856983,VBL26SEP420CE,VBL,24SEP2026,42000.000000,1275,OPTSTK,BFO,5.000000,100000000,False
857001,LTM26SEP4150PE,LTM,24SEP2026,415000.000000,150,OPTSTK,BFO,5.000000,4500,False
857044,TORNTPHARM26SEP5200PE,TORNTPHARM,24SEP2026,520000.000000,125,OPTSTK,BFO,5.000000,15000,False
857045,NAUKRI26SEP1280PE,NAUKRI,24SEP2026,128000.000000,550,OPTSTK,BFO,5.000000,6000,False
857085,VBL26SEP410CE,VBL,24SEP2026,41000.000000,1275,OPTSTK,BFO,5.000000,100000000,False
857106,TRENT26SEP2800PE,TRENT,24SEP2026,280000.000000,225,OPTSTK,BFO,5.000000,16000,False
857131,MPHASIS26SEP2200CE,MPHASIS,24SEP2026,220000.000000,275,OPTSTK,BFO,5.000000,11000,False
857165,INDHOTEL26SEP820PE,INDHOTEL,24SEP2026,82000.000000,1000,OPTSTK,BFO,5.000000,60000,False
857181,JUBLFOOD26SEP490CE,JUBLFOOD,24SEP2026,49000.000000,1250,OPTSTK,BFO,5.000000,50000,False
857205,HCLTECH26SEP1240CE,HCLTECH,24SEP2026,124000.000000,400,OPTSTK,BFO,5.000000,21000,False
857317,LICHSGFIN26SEP460CE,LICHSGFIN,24SEP2026,46000.000000,1000,OPTSTK,BFO,5.000000,60000,False
857211,GMRAIRPORT26SEP122CE,GMRAIRPORT,24SEP2026,12200.000000,6975,OPTSTK,BFO,5.000000,675000,False
857217,NAUKRI26SEP1220PE,NAUKRI,24SEP2026,122000.000000,550,OPTSTK,BFO,5.000000,6000,False
857261,BAJFINANCE26SEP1110CE,BAJFINANCE,24SEP2026,111000.000000,750,OPTSTK,BFO,5.000000,3750,False
857323,TMPV26SEP300PE,TMPV,24SEP2026,30000.000000,1600,OPTSTK,BFO,5.000000,42750,False
857371,CANBK26SEP102.5PE,CANBK,24SEP2026,10250.000000,6750,OPTSTK,BFO,5.000000,81000,False
857391,PFC26SEP370PE,PFC,24SEP2026,37000.000000,1300,OPTSTK,BFO,5.000000,124000,False
857457,BANKEX26SEP57800CE,BANKEX,24SEP2026,5780000.000000,30,OPTIDX,BFO,5.000000,900,False
857475,PETRONET26SEP235CE,PETRONET,24SEP2026,23500.000000,1900,OPTSTK,BFO,5.000000,120000,False
857515,TATAPOWER26SEP335CE,TATAPOWER,24SEP2026,33500.000000,1450,OPTSTK,BFO,5.000000,101250,False
857499,BANKBARODA26SEP210PE,BANKBARODA,24SEP2026,21000.000000,2925,OPTSTK,BFO,5.000000,175500,False
857513,CAMS26SEP680CE,CAMS,24SEP2026,68000.000000,825,OPTSTK,BFO,5.000000,100000000,False
857541,SUZLON26SEP46PE,SUZLON,24SEP2026,4600.000000,12700,OPTSTK,BFO,5.000000,100000000,False
857557,BANKEX26SEP57800PE,BANKEX,24SEP2026,5780000.000000,30,OPTIDX,BFO,5.000000,900,False
857574,BANKINDIA26SEP117.5CE,BANKINDIA,24SEP2026,11750.000000,5200,OPTSTK,BFO,5.000000,100000000,False
857586,BANKINDIA26SEP117.5PE,BANKINDIA,24SEP2026,11750.000000,5200,OPTSTK,BFO,5.000000,100000000,False
857599,PFC26SEP370CE,PFC,24SEP2026,37000.000000,1300,OPTSTK,BFO,5.000000,124000,False
857617,BANKEX26SEP57300PE,BANKEX,24SEP2026,5730000.000000,30,OPTIDX,BFO,5.000000,900,False
857634,POWERGRID26SEP262.5PE,POWERGRID,24SEP2026,26250.000000,1900,OPTSTK,BFO,5.000000,108000,False
857675,BANKEX26SEP57400CE,BANKEX,24SEP2026,5740000.000000,30,OPTIDX,BFO,5.000000,900,False
857678,SBIN26SEP950PE,SBIN,24SEP2026,95000.000000,750,OPTSTK,BFO,5.000000,45000,False
857694,IEX26SEP102.5PE,IEX,24SEP2026,10250.000000,4350,OPTSTK,BFO,5.000000,150000,False
857724,LT26SEP3550CE,LT,24SEP2026,355000.000000,175,OPTSTK,BFO,5.000000,12000,False
857734,CONCOR26SEP420CE,CONCOR,24SEP2026,42000.000000,1250,OPTSTK,BFO,5.000000,40000,False
857763,PNB26SEP94CE,PNB,24SEP2026,9400.000000,8000,OPTSTK,BFO,5.000000,480000,False
857802,DRREDDY26SEP1250CE,DRREDDY,24SEP2026,125000.000000,625,OPTSTK,BFO,5.000000,5000,False
857816,SWIGGY26SEP310PE,SWIGGY,24SEP2026,31000.000000,1825,OPTSTK,BFO,5.000000,100000000,False
857837,KALYANKJIL26SEP440CE,KALYANKJIL,24SEP2026,44000.000000,1350,OPTSTK,BFO,5.000000,100000000,False
857843,DRREDDY26SEP1210PE,DRREDDY,24SEP2026,121000.000000,625,OPTSTK,BFO,5.000000,5000,False
857847,KALYANKJIL26SEP445CE,KALYANKJIL,24SEP2026,44500.000000,1350,OPTSTK,BFO,5.000000,100000000,False
857852,KAYNES26SEP3750PE,KAYNES,24SEP2026,375000.000000,150,OPTSTK,BFO,5.000000,100000000,False
857876,BHARTIARTL26SEP2080PE,BHARTIARTL,24SEP2026,208000.000000,475,OPTSTK,BFO,5.000000,28500,False
857890,SUNPHARMA26SEP2080CE,SUNPHARMA,24SEP2026,208000.000000,350,OPTSTK,BFO,5.000000,28000,False
857892,ASTRAL26SEP1180PE,ASTRAL,24SEP2026,118000.000000,425,OPTSTK,BFO,5.000000,14680,False
857918,NYKAA26SEP360PE,NYKAA,24SEP2026,36000.000000,3125,OPTSTK,BFO,5.000000,100000000,False
857922,ZYDUSLIFE26SEP1230CE,ZYDUSLIFE,24SEP2026,123000.000000,900,OPTSTK,BFO,5.000000,54000,False
857944,SUNPHARMA26SEP2080PE,SUNPHARMA,24SEP2026,208000.000000,350,OPTSTK,BFO,5.000000,28000,False
857961,KALYANKJIL26SEP460PE,KALYANKJIL,24SEP2026,46000.000000,1350,OPTSTK,BFO,5.000000,100000000,False
857999,LODHA26SEP1340CE,LODHA,24SEP2026,134000.000000,625,OPTSTK,BFO,5.000000,100000000,False
858045,PERSISTENT26SEP5800CE,PERSISTENT,24SEP2026,580000.000000,125,OPTSTK,BFO,5.000000,5250,False
858052,PREMIERENE26SEP1260PE,PREMIERENE,24SEP2026,126000.000000,650,OPTSTK,BFO,5.000000,100000000,False
858093,BAJAJFINSV26SEP2060PE,BAJAJFINSV,24SEP2026,206000.000000,300,OPTSTK,BFO,5.000000,20000,False
858110,OFSS26SEP12400PE,OFSS,24SEP2026,1240000.000000,100,OPTSTK,BFO,5.000000,8000,False
858130,INDIANB26SEP930CE,INDIANB,24SEP2026,93000.000000,1000,OPTSTK,BFO,5.000000,100000000,False
858131,BLUESTARCO26SEP1800PE,BLUESTARCO,24SEP2026,180000.000000,325,OPTSTK,BFO,5.000000,100000000,False
858166,ICICIPRULI26SEP535PE,ICICIPRULI,24SEP2026,53500.000000,925,OPTSTK,BFO,5.000000,60000,False
858167,GODREJPROP26SEP2260PE,GODREJPROP,24SEP2026,226000.000000,325,OPTSTK,BFO,5.000000,19000,False
858170,KALYANKJIL26SEP505PE,KALYANKJIL,24SEP2026,50500.000000,1350,OPTSTK,BFO,5.000000,100000000,False
858197,DRREDDY26SEP1190PE,DRREDDY,24SEP2026,119000.000000,625,OPTSTK,BFO,5.000000,5000,False
858199,INDIANB26SEP920CE,INDIANB,24SEP2026,92000.000000,1000,OPTSTK,BFO,5.000000,100000000,False
858213,RBLBANK26SEP415CE,RBLBANK,24SEP2026,41500.000000,3175,OPTSTK,BFO,5.000000,150000,False
858214,ICICIPRULI26SEP540CE,ICICIPRULI,24SEP2026,54000.000000,925,OPTSTK,BFO,5.000000,60000,False
858269,DLF26SEP760CE,DLF,24SEP2026,76000.000000,950,OPTSTK,BFO,5.000000,49500,False
858275,GODREJPROP26SEP2200PE,GODREJPROP,24SEP2026,220000.000000,325,OPTSTK,BFO,5.000000,19000,False
858297,HAL26SEP4850CE,HAL,24SEP2026,485000.000000,150,OPTSTK,BFO,5.000000,9000,False
858321,CDSL26SEP1920CE,CDSL,29SEP2026,192000.000000,475,OPTSTK,BFO,5.000000,14001,False
858336,KALYANKJIL26SEP525PE,KALYANKJIL,24SEP2026,52500.000000,1350,OPTSTK,BFO,5.000000,100000000,False
858354,PAYTM26SEP1500PE,PAYTM,24SEP2026,150000.000000,725,OPTSTK,BFO,5.000000,100000000,False
858366,COFORGE26SEP1680PE,COFORGE,24SEP2026,168000.000000,475,OPTSTK,BFO,5.000000,6000,False
858372,KALYANKJIL26SEP530CE,KALYANKJIL,24SEP2026,53000.000000,1350,OPTSTK,BFO,5.000000,100000000,False
858392,BDL26SEP1160PE,BDL,24SEP2026,116000.000000,425,OPTSTK,BFO,5.000000,100000000,False
858415,MPHASIS26SEP2750CE,MPHASIS,24SEP2026,275000.000000,275,OPTSTK,BFO,5.000000,11000,False
858423,BAJAJ-AUTO26SEP11000CE,BAJAJ-AUTO,24SEP2026,1100000.000000,75,OPTSTK,BFO,5.000000,5000,False
858426,INDUSTOWER26SEP431CE,INDUSTOWER,24SEP2026,43100.000000,1700,OPTSTK,BFO,5.000000,170000,False
858463,TCS26SEP2260CE,TCS,24SEP2026,226000.000000,225,OPTSTK,BFO,5.000000,7000,False
858467,HCLTECH26SEP1260PE,HCLTECH,24SEP2026,126000.000000,400,OPTSTK,BFO,5.000000,21000,False
858472,HCLTECH26SEP1250CE,HCLTECH,24SEP2026,125000.000000,400,OPTSTK,BFO,5.000000,21000,False
858485,HCLTECH26SEP1290CE,HCLTECH,24SEP2026,129000.000000,400,OPTSTK,BFO,5.000000,21000,False
858537,VOLTAS26SEP1460PE,VOLTAS,24SEP2026,146000.000000,375,OPTSTK,BFO,5.000000,30000,False
858546,INOXWIND26SEP62.5PE,INOXWIND,24SEP2026,6250.000000,6400,OPTSTK,BFO,5.000000,100000000,False
858563,SBIN26SEP940CE,SBIN,24SEP2026,94000.000000,750,OPTSTK,BFO,5.000000,45000,False
858580,KALYANKJIL26SEP565PE,KALYANKJIL,24SEP2026,56500.000000,1350,OPTSTK,BFO,5.000000,100000000,False
858582,FORCEMOT26SEP14000PE,FORCEMOT,24SEP2026,1400000.000000,25,OPTSTK,BFO,5.000000,100000000,False
858583,ADANIENSOL26SEP1840PE,ADANIENSOL,24SEP2026,184000.000000,675,OPTSTK,BFO,5.000000,100000000,False
858621,KALYANKJIL26SEP555PE,KALYANKJIL,24SEP2026,55500.000000,1350,OPTSTK,BFO,5.000000,100000000,False
858641,BIOCON26SEP465CE,BIOCON,24SEP2026,46500.000000,2500,OPTSTK,BFO,5.000000,100000,False
858654,PIDILITIND26SEP1420CE,PIDILITIND,24SEP2026,142000.000000,500,OPTSTK,BFO,5.000000,10000,False
858685,TCS26SEP2340CE,TCS,24SEP2026,234000.000000,225,OPTSTK,BFO,5.000000,7000,False
858725,HINDUNILVR26SEP1960PE,HINDUNILVR,24SEP2026,196000.000000,300,OPTSTK,BFO,5.000000,9000,False
858804,PATANJALI26SEP315PE,PATANJALI,24SEP2026,31500.000000,1075,OPTSTK,BFO,5.000000,100000000,False
858816,AMBER26SEP8600CE,AMBER,24SEP2026,860000.000000,100,OPTSTK,BFO,5.000000,100000000,False
858854,TATAELXSI26SEP3200CE,TATAELXSI,24SEP2026,320000.000000,125,OPTSTK,BFO,5.000000,100000000,False
858889,VOLTAS26SEP1520CE,VOLTAS,24SEP2026,152000.000000,375,OPTSTK,BFO,5.000000,30000,False
858897,VBL26SEP390PE,VBL,24SEP2026,39000.000000,1275,OPTSTK,BFO,5.000000,100000000,False
858962,DIXON26SEP15750PE,DIXON,24SEP2026,1575000.000000,50,OPTSTK,BFO,5.000000,6000,False
859006,PGEL26SEP690CE,PGEL,24SEP2026,69000.000000,950,OPTSTK,BFO,5.000000,100000000,False
859063,UPL26SEP690PE,UPL,24SEP2026,69000.000000,1355,OPTSTK,BFO,5.000000,39000,False
859097,ICICIGI26SEP1500CE,ICICIGI,24SEP2026,150000.000000,325,OPTSTK,BFO,5.000000,20000,False
859108,COALINDIA26SEP390CE,COALINDIA,24SEP2026,39000.000000,1350,OPTSTK,BFO,5.000000,126000,False
859124,PGEL26SEP680CE,PGEL,24SEP2026,68000.000000,950,OPTSTK,BFO,5.000000,100000000,False
859132,BHEL26SEP460PE,BHEL,24SEP2026,46000.000000,2625,OPTSTK,BFO,5.000000,315000,False
859168,DRREDDY26SEP1150PE,DRREDDY,24SEP2026,115000.000000,625,OPTSTK,BFO,5.000000,5000,False
859189,UPL26SEP700CE,UPL,24SEP2026,70000.000000,1355,OPTSTK,BFO,5.000000,39000,False
859190,HDFCAMC26SEP2250CE,HDFCAMC,24SEP2026,225000.000000,300,OPTSTK,BFO,5.000000,12000,False
859246,ABB26SEP8000PE,ABB,24SEP2026,800000.000000,125,OPTSTK,BFO,5.000000,7500,False
859299,HDFCAMC26SEP2250PE,HDFCAMC,24SEP2026,225000.000000,300,OPTSTK,BFO,5.000000,12000,False
859451,TCS26SEP2380PE,TCS,24SEP2026,238000.000000,225,OPTSTK,BFO,5.000000,7000,False
859455,RELIANCE26SEP1400CE,RELIANCE,24SEP2026,140000.000000,500,OPTSTK,BFO,5.000000,10000,False
859467,BANKEX26SEP73100CE,BANKEX,24SEP2026,7310000.000000,30,OPTIDX,BFO,5.000000,900,False
859492,NMDC26SEP76PE,NMDC,24SEP2026,7600.000000,6750,OPTSTK,BFO,5.000000,225000,False
859556,SBICARD26SEP720CE,SBICARD,24SEP2026,72000.000000,800,OPTSTK,BFO,5.000000,32000,False
859575,BAJFINANCE26SEP1130CE,BAJFINANCE,24SEP2026,113000.000000,750,OPTSTK,BFO,5.000000,3750,False
859586,TCS26SEP2360PE,TCS,24SEP2026,236000.000000,225,OPTSTK,BFO,5.000000,7000,False
859590,ICICIBANK26SEP1510PE,ICICIBANK,24SEP2026,151000.000000,700,OPTSTK,BFO,5.000000,28000,False
859599,VMM26SEP92.5CE,VMM,24SEP2026,9250.000000,4850,OPTSTK,BFO,5.000000,100000000,False
859608,POLYCAB26SEP8300PE,POLYCAB,24SEP2026,830000.000000,125,OPTSTK,BFO,5.000000,9000,False
859674,EICHERMOT26SEP8300PE,EICHERMOT,24SEP2026,830000.000000,100,OPTSTK,BFO,5.000000,7000,False
859746,ICICIBANK26SEP1520PE,ICICIBANK,24SEP2026,152000.000000,700,OPTSTK,BFO,5.000000,28000,False
859759,COLPAL26SEP2260PE,COLPAL,24SEP2026,226000.000000,275,OPTSTK,BFO,5.000000,14000,False
859771,SOLARINDS26SEP20750PE,SOLARINDS,24SEP2026,2075000.000000,50,OPTSTK,BFO,5.000000,100000000,False
859773,SONACOMS26SEP780PE,SONACOMS,24SEP2026,78000.000000,1225,OPTSTK,BFO,5.000000,100000000,False
859801,AXISBANK26SEP1140CE,AXISBANK,24SEP2026,114000.000000,625,OPTSTK,BFO,5.000000,25000,False
859807,POWERGRID26SEP307.5PE,POWERGRID,24SEP2026,30750.000000,1900,OPTSTK,BFO,5.000000,108000,False
859808,ICICIBANK26SEP1530CE,ICICIBANK,24SEP2026,153000.000000,700,OPTSTK,BFO,5.000000,28000,False
859868,SRF26SEP3300PE,SRF,24SEP2026,330000.000000,200,OPTSTK,BFO,5.000000,11250,False
859884,TITAN26SEP5050PE,TITAN,24SEP2026,505000.000000,175,OPTSTK,BFO,5.000000,11250,False
859890,INDUSINDBK26SEP1130CE,INDUSINDBK,24SEP2026,113000.000000,700,OPTSTK,BFO,5.000000,20000,False
859931,INDUSINDBK26SEP1120CE,INDUSINDBK,24SEP2026,112000.000000,700,OPTSTK,BFO,5.000000,20000,False
859956,TVSMOTOR26SEP4100PE,TVSMOTOR,24SEP2026,410000.000000,175,OPTSTK,BFO,5.000000,21000,False
859979,LUPIN26SEP2660CE,LUPIN,24SEP2026,266000.000000,425,OPTSTK,BFO,5.000000,34000,False
859996,ADANIENSOL26SEP1880CE,ADANIENSOL,24SEP2026,188000.000000,675,OPTSTK,BFO,5.000000,100000000,False
860014,DRREDDY26SEP1130PE,DRREDDY,24SEP2026,113000.000000,625,OPTSTK,BFO,5.000000,5000,False
860017,CHOLAFIN26SEP1600PE,CHOLAFIN,24SEP2026,160000.000000,625,OPTSTK,BFO,5.000000,25000,False
860059,MAZDOCK26SEP1950CE,MAZDOCK,24SEP2026,195000.000000,225,OPTSTK,BFO,5.000000,100000000,False
860067,DRREDDY26SEP1110CE,DRREDDY,24SEP2026,111000.000000,625,OPTSTK,BFO,5.000000,5000,False
860078,TVSMOTOR26SEP4200CE,TVSMOTOR,24SEP2026,420000.000000,175,OPTSTK,BFO,5.000000,21000,False
860097,CHOLAFIN26SEP1580PE,CHOLAFIN,24SEP2026,158000.000000,625,OPTSTK,BFO,5.000000,25000,False
860123,BAJAJ-AUTO26SEP11500PE,BAJAJ-AUTO,24SEP2026,1150000.000000,75,OPTSTK,BFO,5.000000,5000,False
860130,TVSMOTOR26SEP4200PE,TVSMOTOR,24SEP2026,420000.000000,175,OPTSTK,BFO,5.000000,21000,False
860201,IRFC26SEP80PE,IRFC,24SEP2026,8000.000000,5425,OPTSTK,BFO,5.000000,100000000,False
860320,SAIL26SEP142.5CE,SAIL,24SEP2026,14250.000000,4700,OPTSTK,BFO,5.000000,320000,False
860360,ADANIGREEN26SEP1260PE,ADANIGREEN,24SEP2026,126000.000000,600,OPTSTK,BFO,5.000000,100000000,False
860425,NAM-INDIA26SEP960CE,NAM-INDIA,24SEP2026,96000.000000,625,OPTSTK,BFO,5.000000,100000000,False
860445,ADANIGREEN26SEP1300PE,ADANIGREEN,24SEP2026,130000.000000,600,OPTSTK,BFO,5.000000,100000000,False
860473,POLICYBZR26SEP1380PE,POLICYBZR,24SEP2026,138000.000000,350,OPTSTK,BFO,5.000000,100000000,False
860537,BANDHANBNK26SEP130PE,BANDHANBNK,24SEP2026,13000.000000,3600,OPTSTK,BFO,5.000000,100000,False
860555,HEROMOTOCO26SEP5800CE,HEROMOTOCO,24SEP2026,580000.000000,150,OPTSTK,BFO,5.000000,9000,False
860601,ASHOKLEY26SEP132.5CE,ASHOKLEY,24SEP2026,13250.000000,5000,OPTSTK,BFO,5.000000,150000,False
860617,OIL26SEP490PE,OIL,24SEP2026,49000.000000,1400,OPTSTK,BFO,5.000000,100000000,False
860614,SRF26SEP2250PE,SRF,24SEP2026,225000.000000,200,OPTSTK,BFO,5.000000,11250,False
860766,SENSEX26SEP69100PE,SENSEX,24SEP2026,6910000.000000,20,OPTIDX,BFO,5.000000,1000,False
860811,HCLTECH26SEP1340PE,HCLTECH,24SEP2026,134000.000000,400,OPTSTK,BFO,5.000000,21000,False
860813,HCLTECH26SEP1330CE,HCLTECH,24SEP2026,133000.000000,400,OPTSTK,BFO,5.000000,21000,False
860829,HDFCBANK26SEP670CE,HDFCBANK,24SEP2026,67000.000000,650,OPTSTK,BFO,5.000000,16500,False
860857,UNITDSPR26SEP1600PE,UNITDSPR,24SEP2026,160000.000000,400,OPTSTK,BFO,5.000000,28000,False
860868,DRREDDY26SEP1090PE,DRREDDY,24SEP2026,109000.000000,625,OPTSTK,BFO,5.000000,5000,False
860883,AMBER26SEP6600CE,AMBER,24SEP2026,660000.000000,100,OPTSTK,BFO,5.000000,100000000,False
860896,MOTHERSON26SEP167.5CE,MOTHERSON,24SEP2026,16750.000000,6150,OPTSTK,BFO,5.000000,284000,False
860911,SUNPHARMA26SEP2120CE,SUNPHARMA,24SEP2026,212000.000000,350,OPTSTK,BFO,5.000000,28000,False
860928,UNITDSPR26SEP1620PE,UNITDSPR,24SEP2026,162000.000000,400,OPTSTK,BFO,5.000000,28000,False
860929,TITAN26SEP5100PE,TITAN,24SEP2026,510000.000000,175,OPTSTK,BFO,5.000000,11250,False
860949,SUNPHARMA26SEP2120PE,SUNPHARMA,24SEP2026,212000.000000,350,OPTSTK,BFO,5.000000,28000,False
860989,LAURUSLABS26SEP1820CE,LAURUSLABS,24SEP2026,182000.000000,850,OPTSTK,BFO,5.000000,68000,False
861030,TCS26SEP2420PE,TCS,24SEP2026,242000.000000,225,OPTSTK,BFO,5.000000,7000,False
861095,TCS26SEP2500PE,TCS,24SEP2026,250000.000000,225,OPTSTK,BFO,5.000000,7000,False
861104,NHPC26SEP71PE,NHPC,24SEP2026,7100.000000,6950,OPTSTK,BFO,5.000000,100000000,False
861246,BEL26SEP365PE,BEL,24SEP2026,36500.000000,1425,OPTSTK,BFO,5.000000,228000,False
861296,NAUKRI26SEP1360CE,NAUKRI,24SEP2026,136000.000000,550,OPTSTK,BFO,5.000000,6000,False
861312,SUZLON26SEP41PE,SUZLON,24SEP2026,4100.000000,12700,OPTSTK,BFO,5.000000,100000000,False
861337,TITAN26SEP5200PE,TITAN,24SEP2026,520000.000000,175,OPTSTK,BFO,5.000000,11250,False
861343,TECHM26SEP1780CE,TECHM,24SEP2026,178000.000000,600,OPTSTK,BFO,5.000000,24000,False
861430,BEL26SEP360CE,BEL,24SEP2026,36000.000000,1425,OPTSTK,BFO,5.000000,228000,False
861441,BEL26SEP365CE,BEL,24SEP2026,36500.000000,1425,OPTSTK,BFO,5.000000,228000,False
861469,TITAN26SEP5150CE,TITAN,24SEP2026,515000.000000,175,OPTSTK,BFO,5.000000,11250,False
861493,ANGELONE26SEP265CE,ANGELONE,24SEP2026,26500.000000,2500,OPTSTK,BFO,5.000000,100000000,False
861500,ANGELONE26SEP265PE,ANGELONE,24SEP2026,26500.000000,2500,OPTSTK,BFO,5.000000,100000000,False
861529,BSE26SEP4500PE,BSE,29SEP2026,450000.000000,200,OPTSTK,BFO,5.000000,3751,False
861541,BSE26OCT2200PE,BSE,27OCT2026,220000.000000,200,OPTSTK,BFO,5.000000,3751,False
861544,BSE26OCT2600CE,BSE,27OCT2026,260000.000000,200,OPTSTK,BFO,5.000000,3751,False
861555,BSE26OCT3600PE,BSE,27OCT2026,360000.000000,200,OPTSTK,BFO,5.000000,3751,False
861556,BSE26OCT3800CE,BSE,27OCT2026,380000.000000,200,OPTSTK,BFO,5.000000,3751,False
861558,BSE26OCT4000CE,BSE,27OCT2026,400000.000000,200,OPTSTK,BFO,5.000000,3751,False
861564,BSE26OCT4600CE,BSE,27OCT2026,460000.000000,200,OPTSTK,BFO,5.000000,3751,False
861567,BSE26OCT4800PE,BSE,27OCT2026,480000.000000,200,OPTSTK,BFO,5.000000,3751,False
861568,BSE26OCT5000CE,BSE,27OCT2026,500000.000000,200,OPTSTK,BFO,5.000000,3751,False
861580,CDSL26SEP840PE,CDSL,29SEP2026,84000.000000,475,OPTSTK,BFO,5.000000,14001,False
861589,CDSL26SEP1140CE,CDSL,29SEP2026,114000.000000,475,OPTSTK,BFO,5.000000,14001,False
861610,CDSL26SEP1620PE,CDSL,29SEP2026,162000.000000,475,OPTSTK,BFO,5.000000,14001,False
861612,CDSL26SEP1660PE,CDSL,29SEP2026,166000.000000,475,OPTSTK,BFO,5.000000,14001,False
861613,CDSL26SEP1880CE,CDSL,29SEP2026,188000.000000,475,OPTSTK,BFO,5.000000,14001,False
861622,CDSL26OCT1000PE,CDSL,27OCT2026,100000.000000,475,OPTSTK,BFO,5.000000,14001,False
861624,CDSL26OCT1040PE,CDSL,27OCT2026,104000.000000,475,OPTSTK,BFO,5.000000,14001,False
861629,CDSL26OCT1160CE,CDSL,27OCT2026,116000.000000,475,OPTSTK,BFO,5.000000,14001,False
861637,CDSL26OCT1320CE,CDSL,27OCT2026,132000.000000,475,OPTSTK,BFO,5.000000,14001,False
861641,CDSL26OCT1400CE,CDSL,27OCT2026,140000.000000,475,OPTSTK,BFO,5.000000,14001,False
861642,CDSL26OCT1400PE,CDSL,27OCT2026,140000.000000,475,OPTSTK,BFO,5.000000,14001,False
861648,CDSL26OCT1520PE,CDSL,27OCT2026,152000.000000,475,OPTSTK,BFO,5.000000,14001,False
861651,CDSL26OCT1600CE,CDSL,27OCT2026,160000.000000,475,OPTSTK,BFO,5.000000,14001,False
861662,CDSL26OCT1840PE,CDSL,27OCT2026,184000.000000,475,OPTSTK,BFO,5.000000,14001,False
861785,CONCOR26SEP560CE,CONCOR,24SEP2026,56000.000000,1250,OPTSTK,BFO,5.000000,40000,False
861791,DIVISLAB26SEP8400CE,DIVISLAB,24SEP2026,840000.000000,100,OPTSTK,BFO,5.000000,8000,False
861794,SBILIFE26SEP2040CE,SBILIFE,24SEP2026,204000.000000,375,OPTSTK,BFO,5.000000,22500,False
861821,CGPOWER26SEP680PE,CGPOWER,24SEP2026,68000.000000,850,OPTSTK,BFO,5.000000,100000000,False
861829,COLPAL26SEP2300CE,COLPAL,24SEP2026,230000.000000,275,OPTSTK,BFO,5.000000,14000,False
861838,TCS26SEP2560CE,TCS,24SEP2026,256000.000000,225,OPTSTK,BFO,5.000000,7000,False
861856,JIOFIN26SEP267.5CE,JIOFIN,24SEP2026,26750.000000,2350,OPTSTK,BFO,5.000000,100000000,False
861870,ULTRACEMCO26SEP12500PE,ULTRACEMCO,24SEP2026,1250000.000000,50,OPTSTK,BFO,5.000000,3000,False
861876,DIVISLAB26SEP8400PE,DIVISLAB,24SEP2026,840000.000000,100,OPTSTK,BFO,5.000000,8000,False
861879,SBILIFE26SEP2040PE,SBILIFE,24SEP2026,204000.000000,375,OPTSTK,BFO,5.000000,22500,False
861913,COLPAL26SEP2300PE,COLPAL,24SEP2026,230000.000000,275,OPTSTK,BFO,5.000000,14000,False
861923,IEX26SEP152.5PE,IEX,24SEP2026,15250.000000,4350,OPTSTK,BFO,5.000000,150000,False
861939,ULTRACEMCO26SEP11800PE,ULTRACEMCO,24SEP2026,1180000.000000,50,OPTSTK,BFO,5.000000,3000,False
861968,ADANIPORTS26SEP1600CE,ADANIPORTS,24SEP2026,160000.000000,475,OPTSTK,BFO,5.000000,32000,False
862000,INFY26SEP1260PE,INFY,24SEP2026,126000.000000,400,OPTSTK,BFO,5.000000,16000,False
862046,ADANIPOWER26OCT215PE,ADANIPOWER,29OCT2026,21500.000000,3550,OPTSTK,BFO,5.000000,100000000,False
862007,COFORGE26SEP1860CE,COFORGE,24SEP2026,186000.000000,475,OPTSTK,BFO,5.000000,6000,False
862008,FEDERALBNK26SEP395CE,FEDERALBNK,24SEP2026,39500.000000,2500,OPTSTK,BFO,5.000000,200000,False
862028,ULTRACEMCO26SEP11700PE,ULTRACEMCO,24SEP2026,1170000.000000,50,OPTSTK,BFO,5.000000,3000,False
862048,CANBK26OCT107.5CE,CANBK,29OCT2026,10750.000000,6750,OPTSTK,BFO,5.000000,81000,False
862066,ADANIPOWER26OCT180CE,ADANIPOWER,29OCT2026,18000.000000,3550,OPTSTK,BFO,5.000000,100000000,False
862078,HAL26OCT4300CE,HAL,29OCT2026,430000.000000,150,OPTSTK,BFO,5.000000,9000,False
862080,RVNL26OCT205PE,RVNL,29OCT2026,20500.000000,1925,OPTSTK,BFO,5.000000,100000000,False
862100,GLENMARK26OCT2280PE,GLENMARK,29OCT2026,228000.000000,375,OPTSTK,BFO,5.000000,43500,False
862104,BANKEX26OCT65700PE,BANKEX,29OCT2026,6570000.000000,30,OPTIDX,BFO,5.000000,900,False
862105,COLPAL26OCT1960PE,COLPAL,29OCT2026,196000.000000,275,OPTSTK,BFO,5.000000,14000,False
862109,ASIANPAINT26OCT2780PE,ASIANPAINT,29OCT2026,278000.000000,250,OPTSTK,BFO,5.000000,8000,False
862110,SENSEX2691780300CE,SENSEX,17SEP2026,8030000.000000,20,OPTIDX,BFO,5.000000,1000,False
862111,SENSEX26OCT73400CE,SENSEX,29OCT2026,7340000.000000,20,OPTIDX,BFO,5.000000,1000,False
862114,FOCIT26SEP35900CE,FOCIT,24SEP2026,3590000.000000,45,OPTIDX,BFO,5.000000,1350,False
862116,ADANIGREEN26OCT1380CE,ADANIGREEN,29OCT2026,138000.000000,600,OPTSTK,BFO,5.000000,100000000,False
862118,SENSEX2691784900CE,SENSEX,17SEP2026,8490000.000000,20,OPTIDX,BFO,5.000000,1000,False
862120,BEL26OCTFUT,BEL,29OCT2026,0.000000,1425,FUTSTK,BFO,5.000000,228000,False
862123,TECHM26OCT1680CE,TECHM,29OCT2026,168000.000000,600,OPTSTK,BFO,5.000000,24000,False
862141,UNIONBANK26OCT175CE,UNIONBANK,29OCT2026,17500.000000,4425,OPTSTK,BFO,5.000000,100000000,False
862156,BANKEX26OCT66400CE,BANKEX,29OCT2026,6640000.000000,30,OPTIDX,BFO,5.000000,900,False
862184,SENSEX26OCT81100CE,SENSEX,29OCT2026,8110000.000000,20,OPTIDX,BFO,5.000000,1000,False
862197,LTM26OCT4650PE,LTM,29OCT2026,465000.000000,150,OPTSTK,BFO,5.000000,4500,False
862217,AUBANK26OCT1060PE,AUBANK,29OCT2026,106000.000000,1000,OPTSTK,BFO,5.000000,30000,False
862220,HDFCAMC26OCT2400CE,HDFCAMC,29OCT2026,240000.000000,300,OPTSTK,BFO,5.000000,12000,False
862225,LTM26OCT4800CE,LTM,29OCT2026,480000.000000,150,OPTSTK,BFO,5.000000,4500,False
862238,SENSEX2691776600PE,SENSEX,17SEP2026,7660000.000000,20,OPTIDX,BFO,5.000000,1000,False
862242,DLF26OCT680PE,DLF,29OCT2026,68000.000000,950,OPTSTK,BFO,5.000000,49500,False
862245,GRASIM26OCT3120PE,GRASIM,29OCT2026,312000.000000,250,OPTSTK,BFO,5.000000,14250,False
862271,INFY26OCT1060PE,INFY,29OCT2026,106000.000000,400,OPTSTK,BFO,5.000000,16000,False
862302,JINDALSTEL26OCT1100CE,JINDALSTEL,29OCT2026,110000.000000,625,OPTSTK,BFO,5.000000,37500,False
862303,SENSEX2691784300PE,SENSEX,17SEP2026,8430000.000000,20,OPTIDX,BFO,5.000000,1000,False
862329,BHEL26OCT380CE,BHEL,29OCT2026,38000.000000,2625,OPTSTK,BFO,5.000000,315000,False
862311,SENSEX26OCT79700PE,SENSEX,29OCT2026,7970000.000000,20,OPTIDX,BFO,5.000000,1000,False
862317,ALKEM26OCT6000CE,ALKEM,29OCT2026,600000.000000,125,OPTSTK,BFO,5.000000,8000,False
862320,RELIANCE26OCT1220PE,RELIANCE,29OCT2026,122000.000000,500,OPTSTK,BFO,5.000000,10000,False
862341,SWIGGY26OCT330PE,SWIGGY,29OCT2026,33000.000000,1825,OPTSTK,BFO,5.000000,100000000,False
862343,OFSS26OCT11100CE,OFSS,29OCT2026,1110000.000000,100,OPTSTK,BFO,5.000000,8000,False
862367,UNOMINDA26OCT1040CE,UNOMINDA,29OCT2026,104000.000000,550,OPTSTK,BFO,5.000000,100000000,False
862377,POWERINDIA26OCTFUT,POWERINDIA,29OCT2026,0.000000,25,FUTSTK,BFO,5.000000,100000000,False
862383,BANKEX26OCT61000CE,BANKEX,29OCT2026,6100000.000000,30,OPTIDX,BFO,5.000000,900,False
862384,APLAPOLLO26SEP2040CE,APLAPOLLO,24SEP2026,204000.000000,350,OPTSTK,BFO,5.000000,100000000,False
862386,BHARATFORG26OCT2300CE,BHARATFORG,29OCT2026,230000.000000,500,OPTSTK,BFO,5.000000,30000,False
862405,UNITDSPR26OCT1660PE,UNITDSPR,29OCT2026,166000.000000,400,OPTSTK,BFO,5.000000,28000,False
862410,BANKEX26OCT66700PE,BANKEX,29OCT2026,6670000.000000,30,OPTIDX,BFO,5.000000,900,False
862435,TATASTEEL26OCT172.5CE,TATASTEEL,29OCT2026,17250.000000,2750,OPTSTK,BFO,5.000000,220000,False
862441,MANAPPURAM26OCT370CE,MANAPPURAM,29OCT2026,37000.000000,3000,OPTSTK,BFO,5.000000,180000,False
862443,BRITANNIA26OCT5650CE,BRITANNIA,29OCT2026,565000.000000,125,OPTSTK,BFO,5.000000,6000,False
862446,ANGELONE26OCT270PE,ANGELONE,29OCT2026,27000.000000,2500,OPTSTK,BFO,5.000000,100000000,False
862470,FOCIT26SEP38200PE,FOCIT,24SEP2026,3820000.000000,45,OPTIDX,BFO,5.000000,1350,False
862450,BANKEX26OCT71000CE,BANKEX,29OCT2026,7100000.000000,30,OPTIDX,BFO,5.000000,900,False
862455,FOCIT26OCT39500CE,FOCIT,29OCT2026,3950000.000000,45,OPTIDX,BFO,5.000000,1350,False
862472,M&M26OCT3150CE,M&M,29OCT2026,315000.000000,200,OPTSTK,BFO,5.000000,21000,False
862485,PETRONET26OCT260PE,PETRONET,29OCT2026,26000.000000,1900,OPTSTK,BFO,5.000000,120000,False
862501,PETRONET26OCT265CE,PETRONET,29OCT2026,26500.000000,1900,OPTSTK,BFO,5.000000,120000,False
862503,FOCIT26OCT40500PE,FOCIT,29OCT2026,4050000.000000,45,OPTIDX,BFO,5.000000,1350,False
862507,PREMIERENE26OCT960PE,PREMIERENE,29OCT2026,96000.000000,650,OPTSTK,BFO,5.000000,100000000,False
862513,360ONE26OCT1180CE,,29OCT2026,118000.000000,500,OPTSTK,BFO,5.000000,100000000,False
862517,VBL26OCT490CE,VBL,29OCT2026,49000.000000,1275,OPTSTK,BFO,5.000000,100000000,False
862523,COLPAL26OCT2040PE,COLPAL,29OCT2026,204000.000000,275,OPTSTK,BFO,5.000000,14000,False
862537,RBLBANK26OCT360CE,RBLBANK,29OCT2026,36000.000000,3175,OPTSTK,BFO,5.000000,150000,False
862541,ETERNAL26OCT275CE,ETERNAL,29OCT2026,27500.000000,2425,OPTSTK,BFO,5.000000,100000000,False
862552,NTPC26OCT330PE,NTPC,29OCT2026,33000.000000,1500,OPTSTK,BFO,5.000000,150000,False
862553,GODREJCP26OCT1040CE,GODREJCP,29OCT2026,104000.000000,500,OPTSTK,BFO,5.000000,30000,False
862554,ICICIPRULI26OCT520PE,ICICIPRULI,29OCT2026,52000.000000,925,OPTSTK,BFO,5.000000,60000,False
862559,BANKEX26OCT65000PE,BANKEX,29OCT2026,6500000.000000,30,OPTIDX,BFO,5.000000,900,False
862565,INDUSINDBK26OCT960PE,INDUSINDBK,29OCT2026,96000.000000,700,OPTSTK,BFO,5.000000,20000,False
862583,MARUTI26OCT14400CE,MARUTI,29OCT2026,1440000.000000,50,OPTSTK,BFO,5.000000,3000,False
862584,DELHIVERY26OCT465PE,DELHIVERY,29OCT2026,46500.000000,2075,OPTSTK,BFO,5.000000,100000000,False
862592,FOCIT26SEP42200PE,FOCIT,24SEP2026,4220000.000000,45,OPTIDX,BFO,5.000000,1350,False
862607,GMRAIRPORT26OCT100PE,GMRAIRPORT,29OCT2026,10000.000000,6975,OPTSTK,BFO,5.000000,675000,False
862612,INDIANB26OCT870PE,INDIANB,29OCT2026,87000.000000,1000,OPTSTK,BFO,5.000000,100000000,False
862619,BANKEX26OCT61300PE,BANKEX,29OCT2026,6130000.000000,30,OPTIDX,BFO,5.000000,900,False
862624,ETERNAL26OCT340PE,ETERNAL,29OCT2026,34000.000000,2425,OPTSTK,BFO,5.000000,100000000,False
862646,SENSEX26OCT74700PE,SENSEX,29OCT2026,7470000.000000,20,OPTIDX,BFO,5.000000,1000,False
862649,HINDPETRO26OCT360.75CE,HINDPETRO,29OCT2026,36075.000000,2025,OPTSTK,BFO,5.000000,108000,False
862654,COLPAL26OCT2100CE,COLPAL,29OCT2026,210000.000000,275,OPTSTK,BFO,5.000000,14000,False
862675,TCS26OCT2460PE,TCS,29OCT2026,246000.000000,225,OPTSTK,BFO,5.000000,7000,False
862733,FOCIT26OCT33800PE,FOCIT,29OCT2026,3380000.000000,45,OPTIDX,BFO,5.000000,1350,False
862734,BPCL26OCT310CE,BPCL,29OCT2026,31000.000000,1975,OPTSTK,BFO,5.000000,72000,False
862738,BIOCON26OCT430PE,BIOCON,29OCT2026,43000.000000,2500,OPTSTK,BFO,5.000000,100000,False
862742,SENSEX2691774500PE,SENSEX,17SEP2026,7450000.000000,20,OPTIDX,BFO,5.000000,1000,False
862760,INOXWIND26OCT72.5CE,INOXWIND,29OCT2026,7250.000000,6400,OPTSTK,BFO,5.000000,100000000,False
862770,NTPC26OCT335PE,NTPC,29OCT2026,33500.000000,1500,OPTSTK,BFO,5.000000,150000,False
862771,AUROPHARMA26OCT1460PE,AUROPHARMA,29OCT2026,146000.000000,550,OPTSTK,BFO,5.000000,44000,False
862810,SENSEX2691782200PE,SENSEX,17SEP2026,8220000.000000,20,OPTIDX,BFO,5.000000,1000,False
862820,MAXHEALTH26OCT1130CE,MAXHEALTH,29OCT2026,113000.000000,525,OPTSTK,BFO,5.000000,100000000,False
862822,SONACOMS26SEP830PE,SONACOMS,24SEP2026,83000.000000,1225,OPTSTK,BFO,5.000000,100000000,False
862825,JSWSTEEL26OCT1320CE,JSWSTEEL,29OCT2026,132000.000000,675,OPTSTK,BFO,5.000000,40500,False
862836,TATASTEEL26OCT177.5PE,TATASTEEL,29OCT2026,17750.000000,2750,OPTSTK,BFO,5.000000,220000,False
862841,FORCEMOT26OCT16000PE,FORCEMOT,29OCT2026,1600000.000000,25,OPTSTK,BFO,5.000000,100000000,False
862851,LTM26OCTFUT,LTM,29OCT2026,0.000000,150,FUTSTK,BFO,5.000000,4500,False
884032,PNBHOUSING26SEP1280CE,PNBHOUSING,24SEP2026,128000.000000,650,OPTSTK,BFO,5.000000,100000000,False
884034,CANBK26SEP150PE,CANBK,24SEP2026,15000.000000,6750,OPTSTK,BFO,5.000000,81000,False
884078,SENSEX29JUN72000CE,SENSEX,28JUN2029,7200000.000000,20,OPTIDX,BFO,5.000000,1000,False
862854,BANKEX26OCT66000PE,BANKEX,29OCT2026,6600000.000000,30,OPTIDX,BFO,5.000000,900,False
862866,BANDHANBNK26OCT210CE,BANDHANBNK,29OCT2026,21000.000000,3600,OPTSTK,BFO,5.000000,100000,False
862877,BAJAJFINSV26OCT1860PE,BAJAJFINSV,29OCT2026,186000.000000,300,OPTSTK,BFO,5.000000,20000,False
862882,ADANIENSOL26OCT1740PE,ADANIENSOL,29OCT2026,174000.000000,675,OPTSTK,BFO,5.000000,100000000,False
884114,GLENMARK26OCT2440PE,GLENMARK,29OCT2026,244000.000000,375,OPTSTK,BFO,5.000000,43500,False
884131,RELIANCE26OCT1390CE,RELIANCE,29OCT2026,139000.000000,500,OPTSTK,BFO,5.000000,10000,False
884140,BANKEX26OCT72600PE,BANKEX,29OCT2026,7260000.000000,30,OPTIDX,BFO,5.000000,900,False
884145,NBCC26OCT115PE,NBCC,29OCT2026,11500.000000,6500,OPTSTK,BFO,5.000000,100000000,False
862885,TATACONSUM26OCT1140CE,TATACONSUM,29OCT2026,114000.000000,550,OPTSTK,BFO,5.000000,36000,False
862895,SOLARINDS26OCT17250PE,SOLARINDS,29OCT2026,1725000.000000,50,OPTSTK,BFO,5.000000,100000000,False
862904,PIDILITIND26OCT1660PE,PIDILITIND,29OCT2026,166000.000000,500,OPTSTK,BFO,5.000000,10000,False
862905,GRASIM26OCT3220CE,GRASIM,29OCT2026,322000.000000,250,OPTSTK,BFO,5.000000,14250,False
884151,SENSEX2691785800PE,SENSEX,17SEP2026,8580000.000000,20,OPTIDX,BFO,5.000000,1000,False
884171,SENSEX2691785700CE,SENSEX,17SEP2026,8570000.000000,20,OPTIDX,BFO,5.000000,1000,False
884177,AUBANK26OCT1240PE,AUBANK,29OCT2026,124000.000000,1000,OPTSTK,BFO,5.000000,30000,False
884179,CHOLAFIN26SEP2080PE,CHOLAFIN,24SEP2026,208000.000000,625,OPTSTK,BFO,5.000000,25000,False
862911,FOCIT26OCT32100PE,FOCIT,29OCT2026,3210000.000000,45,OPTIDX,BFO,5.000000,1350,False
862921,HINDZINC26OCT460CE,HINDZINC,29OCT2026,46000.000000,1225,OPTSTK,BFO,5.000000,100000000,False
862937,SENSEX26OCT74600CE,SENSEX,29OCT2026,7460000.000000,20,OPTIDX,BFO,5.000000,1000,False
862942,SENSEX2691783800CE,SENSEX,17SEP2026,8380000.000000,20,OPTIDX,BFO,5.000000,1000,False
884221,LODHA26OCT1080PE,LODHA,29OCT2026,108000.000000,625,OPTSTK,BFO,5.000000,100000000,False
884279,SBIN26OCT1150PE,SBIN,29OCT2026,115000.000000,750,OPTSTK,BFO,5.000000,45000,False
884281,ABCAPITAL26SEP460CE,ABCAPITAL,24SEP2026,46000.000000,3100,OPTSTK,BFO,5.000000,162000,False
884303,INDIANB26OCT930CE,INDIANB,29OCT2026,93000.000000,1000,OPTSTK,BFO,5.000000,100000000,False
862945,CUMMINSIND26OCT5900PE,CUMMINSIND,29OCT2026,590000.000000,200,OPTSTK,BFO,5.000000,18000,False
862957,HAVELLS26OCT1240CE,HAVELLS,29OCT2026,124000.000000,500,OPTSTK,BFO,5.000000,20000,False
862962,TATACONSUM26OCT1060PE,TATACONSUM,29OCT2026,106000.000000,550,OPTSTK,BFO,5.000000,36000,False
862977,FOCIT26OCT35100CE,FOCIT,29OCT2026,3510000.000000,45,OPTIDX,BFO,5.000000,1350,False
884331,ADANIENSOL26OCT1480PE,ADANIENSOL,29OCT2026,148000.000000,675,OPTSTK,BFO,5.000000,100000000,False
884381,UNIONBANK26SEP197.5CE,UNIONBANK,24SEP2026,19750.000000,4425,OPTSTK,BFO,5.000000,100000000,False
884390,BHARATFORG26SEP2360CE,BHARATFORG,24SEP2026,236000.000000,500,OPTSTK,BFO,5.000000,30000,False
884401,DLF26OCT570CE,DLF,29OCT2026,57000.000000,950,OPTSTK,BFO,5.000000,49500,False
862980,BANKEX26OCT71200CE,BANKEX,29OCT2026,7120000.000000,30,OPTIDX,BFO,5.000000,900,False
862988,TVSMOTOR26OCT4250PE,TVSMOTOR,29OCT2026,425000.000000,175,OPTSTK,BFO,5.000000,21000,False
862992,APLAPOLLO26OCT1840PE,APLAPOLLO,29OCT2026,184000.000000,350,OPTSTK,BFO,5.000000,100000000,False
862999,HAL26OCT4800PE,HAL,29OCT2026,480000.000000,150,OPTSTK,BFO,5.000000,9000,False
884404,TITAN26SEP5350CE,TITAN,24SEP2026,535000.000000,175,OPTSTK,BFO,5.000000,11250,False
884416,ASHOKLEY26OCT195CE,ASHOKLEY,29OCT2026,19500.000000,5000,OPTSTK,BFO,5.000000,150000,False
884472,INDUSTOWER26SEP375PE,INDUSTOWER,24SEP2026,37500.000000,1700,OPTSTK,BFO,5.000000,170000,False
884490,INDIANB26OCT960CE,INDIANB,29OCT2026,96000.000000,1000,OPTSTK,BFO,5.000000,100000000,False
863000,SUPREMEIND26OCT3650CE,SUPREMEIND,29OCT2026,365000.000000,175,OPTSTK,BFO,5.000000,100000000,False
863015,FOCIT26SEP38400PE,FOCIT,24SEP2026,3840000.000000,45,OPTIDX,BFO,5.000000,1350,False
863018,HINDZINC26OCT530CE,HINDZINC,29OCT2026,53000.000000,1225,OPTSTK,BFO,5.000000,100000000,False
863022,KPITTECH26OCT610PE,KPITTECH,29OCT2026,61000.000000,775,OPTSTK,BFO,5.000000,100000000,False
884493,NESTLEIND26SEP1610CE,NESTLEIND,24SEP2026,161000.000000,500,OPTSTK,BFO,5.000000,1200,False
884498,INDUSTOWER26OCT345CE,INDUSTOWER,29OCT2026,34500.000000,1700,OPTSTK,BFO,5.000000,170000,False
884517,SWIGGY26OCT245PE,SWIGGY,29OCT2026,24500.000000,1825,OPTSTK,BFO,5.000000,100000000,False
884527,PNB26OCT122CE,PNB,29OCT2026,12200.000000,8000,OPTSTK,BFO,5.000000,480000,False
884557,INDUSTOWER26OCT385PE,INDUSTOWER,29OCT2026,38500.000000,1700,OPTSTK,BFO,5.000000,170000,False
884635,BHARATFORG26SEP2400PE,BHARATFORG,24SEP2026,240000.000000,500,OPTSTK,BFO,5.000000,30000,False
884689,NHPC26OCT70CE,NHPC,29OCT2026,7000.000000,6950,OPTSTK,BFO,5.000000,100000000,False
884701,INDUSTOWER26SEP370CE,INDUSTOWER,24SEP2026,37000.000000,1700,OPTSTK,BFO,5.000000,170000,False
863080,IREDA26OCT112.5PE,IREDA,29OCT2026,11250.000000,4525,OPTSTK,BFO,5.000000,100000000,False
863092,FOCIT26OCT41400CE,FOCIT,29OCT2026,4140000.000000,45,OPTIDX,BFO,5.000000,1350,False
863107,SAIL26OCT175CE,SAIL,29OCT2026,17500.000000,4700,OPTSTK,BFO,5.000000,320000,False
863110,INDUSINDBK26OCT1050PE,INDUSINDBK,29OCT2026,105000.000000,700,OPTSTK,BFO,5.000000,20000,False
863112,SENSEX2691784400CE,SENSEX,17SEP2026,8440000.000000,20,OPTIDX,BFO,5.000000,1000,False
863119,OFSS26OCT11600PE,OFSS,29OCT2026,1160000.000000,100,OPTSTK,BFO,5.000000,8000,False
863121,FOCIT26SEP40100PE,FOCIT,24SEP2026,4010000.000000,45,OPTIDX,BFO,5.000000,1350,False
863125,HDFCAMC26OCT2900PE,HDFCAMC,29OCT2026,290000.000000,300,OPTSTK,BFO,5.000000,12000,False
884708,MOTHERSON26SEP180PE,MOTHERSON,24SEP2026,18000.000000,6150,OPTSTK,BFO,5.000000,284000,False
884740,SONACOMS26OCT890CE,SONACOMS,29OCT2026,89000.000000,1225,OPTSTK,BFO,5.000000,100000000,False
884744,INDUSTOWER26SEP355PE,INDUSTOWER,24SEP2026,35500.000000,1700,OPTSTK,BFO,5.000000,170000,False
884759,NESTLEIND26SEP1600PE,NESTLEIND,24SEP2026,160000.000000,500,OPTSTK,BFO,5.000000,1200,False
863131,NMDC26OCT91CE,NMDC,29OCT2026,9100.000000,6750,OPTSTK,BFO,5.000000,225000,False
863135,SENSEX26OCT76300PE,SENSEX,29OCT2026,7630000.000000,20,OPTIDX,BFO,5.000000,1000,False
863154,SENSEX5026OCT26200CE,SENSEX50,29OCT2026,2620000.000000,75,OPTIDX,BFO,5.000000,1800,False
863155,POLICYBZR26OCT1640CE,POLICYBZR,29OCT2026,164000.000000,350,OPTSTK,BFO,5.000000,100000000,False
884800,FOCIT26OCT45000PE,FOCIT,29OCT2026,4500000.000000,45,OPTIDX,BFO,5.000000,1350,False
884824,AUROPHARMA26OCT1800PE,AUROPHARMA,29OCT2026,180000.000000,550,OPTSTK,BFO,5.000000,44000,False
884847,CONCOR26OCT470PE,CONCOR,29OCT2026,47000.000000,1250,OPTSTK,BFO,5.000000,40000,False
884851,UNITDSPR26OCT1360PE,UNITDSPR,29OCT2026,136000.000000,400,OPTSTK,BFO,5.000000,28000,False
884876,HDFCBANK26OCT660PE,HDFCBANK,29OCT2026,66000.000000,650,OPTSTK,BFO,5.000000,16500,False
884884,ASIANPAINT26OCT2580CE,ASIANPAINT,29OCT2026,258000.000000,250,OPTSTK,BFO,5.000000,8000,False
884937,BHARATFORG26OCT2400CE,BHARATFORG,29OCT2026,240000.000000,500,OPTSTK,BFO,5.000000,30000,False
884971,SENSEX26SEP71000CE,SENSEX,24SEP2026,7100000.000000,20,OPTIDX,BFO,5.000000,1000,False
863165,SENSEX2691780700CE,SENSEX,17SEP2026,8070000.000000,20,OPTIDX,BFO,5.000000,1000,False
863170,GAIL26OCT165PE,GAIL,29OCT2026,16500.000000,3550,OPTSTK,BFO,5.000000,274500,False
863172,KFINTECH26OCT1020CE,KFINTECH,29OCT2026,102000.000000,575,OPTSTK,BFO,5.000000,100000000,False
863184,DIXON26OCT15000PE,DIXON,29OCT2026,1500000.000000,50,OPTSTK,BFO,5.000000,6000,False
884972,INDIANB26OCT950PE,INDIANB,29OCT2026,95000.000000,1000,OPTSTK,BFO,5.000000,100000000,False
884982,GMRAIRPORT26OCT115PE,GMRAIRPORT,29OCT2026,11500.000000,6975,OPTSTK,BFO,5.000000,675000,False
884988,INDUSTOWER26SEP350CE,INDUSTOWER,24SEP2026,35000.000000,1700,OPTSTK,BFO,5.000000,170000,False
885006,INDUSTOWER26OCT395PE,INDUSTOWER,29OCT2026,39500.000000,1700,OPTSTK,BFO,5.000000,170000,False
863193,TATAPOWER26OCTFUT,TATAPOWER,29OCT2026,0.000000,1450,FUTSTK,BFO,5.000000,101250,False
863204,BANKEX26OCT64500CE,BANKEX,29OCT2026,6450000.000000,30,OPTIDX,BFO,5.000000,900,False
863249,NAUKRI26OCT1260PE,NAUKRI,29OCT2026,126000.000000,550,OPTSTK,BFO,5.000000,6000,False
863275,CGPOWER26OCT840CE,CGPOWER,29OCT2026,84000.000000,850,OPTSTK,BFO,5.000000,100000000,False
885010,UNOMINDA26SEP1420CE,UNOMINDA,24SEP2026,142000.000000,550,OPTSTK,BFO,5.000000,100000000,False
885017,GRASIM26SEP3400CE,GRASIM,24SEP2026,340000.000000,250,OPTSTK,BFO,5.000000,14250,False
885125,LUPIN26SEP2160CE,LUPIN,24SEP2026,216000.000000,425,OPTSTK,BFO,5.000000,34000,False
885192,PERSISTENT26OCT4700PE,PERSISTENT,29OCT2026,470000.000000,125,OPTSTK,BFO,5.000000,5250,False
863278,SENSEX2691779100CE,SENSEX,17SEP2026,7910000.000000,20,OPTIDX,BFO,5.000000,1000,False
863280,PIIND26OCT3000PE,PIIND,29OCT2026,300000.000000,175,OPTSTK,BFO,5.000000,7500,False
863289,IOC26OCT142.5PE,IOC,29OCT2026,14250.000000,4875,OPTSTK,BFO,5.000000,292500,False
863297,AUROPHARMA26OCT1660PE,AUROPHARMA,29OCT2026,166000.000000,550,OPTSTK,BFO,5.000000,44000,False
885197,JUBLFOOD26OCT525PE,JUBLFOOD,29OCT2026,52500.000000,1250,OPTSTK,BFO,5.000000,50000,False
885201,NAUKRI26SEP1420CE,NAUKRI,24SEP2026,142000.000000,550,OPTSTK,BFO,5.000000,6000,False
885206,VEDL26OCT320CE,VEDL,29OCT2026,32000.000000,1150,OPTSTK,BFO,5.000000,80000,False
885209,LTM26OCT5050CE,LTM,29OCT2026,505000.000000,150,OPTSTK,BFO,5.000000,4500,False
863301,HYUNDAI26OCTFUT,HYUNDAI,29OCT2026,0.000000,275,FUTSTK,BFO,5.000000,100000000,False
863303,EICHERMOT26OCT8200CE,EICHERMOT,29OCT2026,820000.000000,100,OPTSTK,BFO,5.000000,7000,False
863319,SENSEX2691775400CE,SENSEX,17SEP2026,7540000.000000,20,OPTIDX,BFO,5.000000,1000,False
863351,LAURUSLABS26OCT1760CE,LAURUSLABS,29OCT2026,176000.000000,850,OPTSTK,BFO,5.000000,68000,False
863353,BAJAJFINSV26OCT1980CE,BAJAJFINSV,29OCT2026,198000.000000,300,OPTSTK,BFO,5.000000,20000,False
863373,JIOFIN26OCT245PE,JIOFIN,29OCT2026,24500.000000,2350,OPTSTK,BFO,5.000000,100000000,False
863383,BANKEX26OCT68500PE,BANKEX,29OCT2026,6850000.000000,30,OPTIDX,BFO,5.000000,900,False
863393,SENSEX26OCT76200CE,SENSEX,29OCT2026,7620000.000000,20,OPTIDX,BFO,5.000000,1000,False
885245,JUBLFOOD26SEP525CE,JUBLFOOD,24SEP2026,52500.000000,1250,OPTSTK,BFO,5.000000,50000,False
885276,PAGEIND26SEP35000PE,PAGEIND,24SEP2026,3500000.000000,20,OPTSTK,BFO,5.000000,600,False
885287,FOCIT26OCT45300PE,FOCIT,29OCT2026,4530000.000000,45,OPTIDX,BFO,5.000000,1350,False
885288,PAYTM26OCT1600CE,PAYTM,29OCT2026,160000.000000,725,OPTSTK,BFO,5.000000,100000000,False
885301,TITAN26OCT5450CE,TITAN,29OCT2026,545000.000000,175,OPTSTK,BFO,5.000000,11250,False
885306,LUPIN26OCT2160PE,LUPIN,29OCT2026,216000.000000,425,OPTSTK,BFO,5.000000,34000,False
885318,LTM26SEP5050CE,LTM,24SEP2026,505000.000000,150,OPTSTK,BFO,5.000000,4500,False
885323,PAYTM26OCT1720PE,PAYTM,29OCT2026,172000.000000,725,OPTSTK,BFO,5.000000,100000000,False
863409,ADANIGREEN26OCT1260CE,ADANIGREEN,29OCT2026,126000.000000,600,OPTSTK,BFO,5.000000,100000000,False
863412,ADANIENSOL26OCT1780PE,ADANIENSOL,29OCT2026,178000.000000,675,OPTSTK,BFO,5.000000,100000000,False
863414,ASTRAL26OCT1520PE,ASTRAL,29OCT2026,152000.000000,425,OPTSTK,BFO,5.000000,14680,False
863415,KALYANKJIL26OCT660CE,KALYANKJIL,29OCT2026,66000.000000,1350,OPTSTK,BFO,5.000000,100000000,False
863424,DABUR26OCT430PE,DABUR,29OCT2026,43000.000000,1250,OPTSTK,BFO,5.000000,50000,False
863438,PNB26OCT115PE,PNB,29OCT2026,11500.000000,8000,OPTSTK,BFO,5.000000,480000,False
863447,DELHIVERY26OCT500CE,DELHIVERY,29OCT2026,50000.000000,2075,OPTSTK,BFO,5.000000,100000000,False
863458,KEI26OCT4700CE,KEI,29OCT2026,470000.000000,175,OPTSTK,BFO,5.000000,100000000,False
885337,RECLTD26OCT320PE,RECLTD,29OCT2026,32000.000000,1575,OPTSTK,BFO,5.000000,160000,False
885351,PAYTM26SEP1640PE,PAYTM,24SEP2026,164000.000000,725,OPTSTK,BFO,5.000000,100000000,False
885353,CROMPTON26OCT210PE,CROMPTON,29OCT2026,21000.000000,2150,OPTSTK,BFO,5.000000,90000,False
885364,POWERINDIA26OCT38000CE,POWERINDIA,29OCT2026,3800000.000000,25,OPTSTK,BFO,5.000000,100000000,False
863461,MAXHEALTH26OCT1080CE,MAXHEALTH,29OCT2026,108000.000000,525,OPTSTK,BFO,5.000000,100000000,False
863462,SENSEX26OCT81800PE,SENSEX,29OCT2026,8180000.000000,20,OPTIDX,BFO,5.000000,1000,False
863464,CAMS26OCT780PE,CAMS,29OCT2026,78000.000000,825,OPTSTK,BFO,5.000000,100000000,False
863466,ALKEM26OCT6150CE,ALKEM,29OCT2026,615000.000000,125,OPTSTK,BFO,5.000000,8000,False
885381,VOLTAS26OCT1120CE,VOLTAS,29OCT2026,112000.000000,375,OPTSTK,BFO,5.000000,30000,False
885403,PAGEIND26OCT35500PE,PAGEIND,29OCT2026,3550000.000000,20,OPTSTK,BFO,5.000000,600,False
885447,TITAN26SEP5450CE,TITAN,24SEP2026,545000.000000,175,OPTSTK,BFO,5.000000,11250,False
885448,BHARATFORG26OCT1960CE,BHARATFORG,29OCT2026,196000.000000,500,OPTSTK,BFO,5.000000,30000,False
863482,SAIL26OCT155PE,SAIL,29OCT2026,15500.000000,4700,OPTSTK,BFO,5.000000,320000,False
863491,VEDL26OCT250CE,VEDL,29OCT2026,25000.000000,1150,OPTSTK,BFO,5.000000,80000,False
863510,SOLARINDS26OCT19000CE,SOLARINDS,29OCT2026,1900000.000000,50,OPTSTK,BFO,5.000000,100000000,False
863511,TATACONSUM26OCT1090CE,TATACONSUM,29OCT2026,109000.000000,550,OPTSTK,BFO,5.000000,36000,False
885501,HEROMOTOCO26SEP6500CE,HEROMOTOCO,24SEP2026,650000.000000,150,OPTSTK,BFO,5.000000,9000,False
885505,RECLTD26SEP310PE,RECLTD,24SEP2026,31000.000000,1575,OPTSTK,BFO,5.000000,160000,False
885593,PAYTM26OCT1700PE,PAYTM,29OCT2026,170000.000000,725,OPTSTK,BFO,5.000000,100000000,False
885606,JUBLFOOD26SEP530CE,JUBLFOOD,24SEP2026,53000.000000,1250,OPTSTK,BFO,5.000000,50000,False
863514,PAYTM26OCT1360CE,PAYTM,29OCT2026,136000.000000,725,OPTSTK,BFO,5.000000,100000000,False
863517,ONGC26OCT257.5PE,ONGC,29OCT2026,25750.000000,2250,OPTSTK,BFO,5.000000,154000,False
863521,PERSISTENT26OCT5300PE,PERSISTENT,29OCT2026,530000.000000,125,OPTSTK,BFO,5.000000,5250,False
863527,ASIANPAINT26OCT2720CE,ASIANPAINT,29OCT2026,272000.000000,250,OPTSTK,BFO,5.000000,8000,False
885612,LTM26SEP5150PE,LTM,24SEP2026,515000.000000,150,OPTSTK,BFO,5.000000,4500,False
885659,POLICYBZR26OCT1800CE,POLICYBZR,29OCT2026,180000.000000,350,OPTSTK,BFO,5.000000,100000000,False
885668,NAUKRI26OCT1500CE,NAUKRI,29OCT2026,150000.000000,550,OPTSTK,BFO,5.000000,6000,False
885678,GODREJCP26OCT960CE,GODREJCP,29OCT2026,96000.000000,500,OPTSTK,BFO,5.000000,30000,False
863530,BAJAJHLDNG26OCT11100CE,BAJAJHLDNG,29OCT2026,1110000.000000,75,OPTSTK,BFO,5.000000,100000000,False
863533,LICHSGFIN26OCT560CE,LICHSGFIN,29OCT2026,56000.000000,1000,OPTSTK,BFO,5.000000,60000,False
863540,TITAN26OCT4850PE,TITAN,29OCT2026,485000.000000,175,OPTSTK,BFO,5.000000,11250,False
863542,ICICIBANK26OCT1390CE,ICICIBANK,29OCT2026,139000.000000,700,OPTSTK,BFO,5.000000,28000,False
885680,NAUKRI26SEP1500PE,NAUKRI,24SEP2026,150000.000000,550,OPTSTK,BFO,5.000000,6000,False
885685,BOSCHLTD26OCT49000CE,BOSCHLTD,29OCT2026,4900000.000000,25,OPTSTK,BFO,5.000000,1500,False
885713,BHARTIARTL26OCT1780CE,BHARTIARTL,29OCT2026,178000.000000,475,OPTSTK,BFO,5.000000,28500,False
885726,BOSCHLTD26SEP47500PE,BOSCHLTD,24SEP2026,4750000.000000,25,OPTSTK,BFO,5.000000,1500,False
885736,MANKIND26OCT2280CE,MANKIND,29OCT2026,228000.000000,250,OPTSTK,BFO,5.000000,100000000,False
885737,DRREDDY26OCT1280PE,DRREDDY,29OCT2026,128000.000000,625,OPTSTK,BFO,5.000000,5000,False
885751,SBICARD26OCT580CE,SBICARD,29OCT2026,58000.000000,800,OPTSTK,BFO,5.000000,32000,False
885758,NAUKRI26OCT1500PE,NAUKRI,29OCT2026,150000.000000,550,OPTSTK,BFO,5.000000,6000,False
863564,TATASTEEL26OCT197.5PE,TATASTEEL,29OCT2026,19750.000000,2750,OPTSTK,BFO,5.000000,220000,False
863571,DELHIVERY26OCT435CE,DELHIVERY,29OCT2026,43500.000000,2075,OPTSTK,BFO,5.000000,100000000,False
863573,MCX26OCT2850CE,MCX,29OCT2026,285000.000000,225,OPTSTK,BFO,5.000000,16000,False
863583,LT26OCT3950CE,LT,29OCT2026,395000.000000,175,OPTSTK,BFO,5.000000,12000,False
885766,SBILIFE26OCT1680PE,SBILIFE,29OCT2026,168000.000000,375,OPTSTK,BFO,5.000000,22500,False
885774,SHREECEM26OCT23750CE,SHREECEM,29OCT2026,2375000.000000,25,OPTSTK,BFO,5.000000,1000,False
885787,SHREECEM26OCT24000PE,SHREECEM,29OCT2026,2400000.000000,25,OPTSTK,BFO,5.000000,1000,False
885789,COFORGE26SEP1960PE,COFORGE,24SEP2026,196000.000000,475,OPTSTK,BFO,5.000000,6000,False
863602,SENSEX2691780000CE,SENSEX,17SEP2026,8000000.000000,20,OPTIDX,BFO,5.000000,1000,False
863607,TVSMOTOR26SEP4550PE,TVSMOTOR,24SEP2026,455000.000000,175,OPTSTK,BFO,5.000000,21000,False
863614,SBIN26OCT990CE,SBIN,29OCT2026,99000.000000,750,OPTSTK,BFO,5.000000,45000,False
863621,LUPIN26OCT2320CE,LUPIN,29OCT2026,232000.000000,425,OPTSTK,BFO,5.000000,34000,False
885790,OIL26OCT500PE,OIL,29OCT2026,50000.000000,1400,OPTSTK,BFO,5.000000,100000000,False
885811,POLICYBZR26OCT1880PE,POLICYBZR,29OCT2026,188000.000000,350,OPTSTK,BFO,5.000000,100000000,False
885842,POWERGRID26OCT250CE,POWERGRID,29OCT2026,25000.000000,1900,OPTSTK,BFO,5.000000,108000,False
885876,ASTRAL26OCT1280CE,ASTRAL,29OCT2026,128000.000000,425,OPTSTK,BFO,5.000000,14680,False
863634,AUBANK26OCT1000CE,AUBANK,29OCT2026,100000.000000,1000,OPTSTK,BFO,5.000000,30000,False
863650,NBCC26OCT82.5CE,NBCC,29OCT2026,8250.000000,6500,OPTSTK,BFO,5.000000,100000000,False
863652,TIINDIA26OCT2650PE,TIINDIA,29OCT2026,265000.000000,200,OPTSTK,BFO,5.000000,100000000,False
863678,HYUNDAI26OCT2140CE,HYUNDAI,29OCT2026,214000.000000,275,OPTSTK,BFO,5.000000,100000000,False
863679,HDFCLIFE26OCT560PE,HDFCLIFE,29OCT2026,56000.000000,1100,OPTSTK,BFO,5.000000,44000,False
863691,MFSL26OCT1620PE,MFSL,29OCT2026,162000.000000,400,OPTSTK,BFO,5.000000,32000,False
863693,CONCOR26OCT495CE,CONCOR,29OCT2026,49500.000000,1250,OPTSTK,BFO,5.000000,40000,False
863699,PRESTIGE26OCT1660PE,PRESTIGE,29OCT2026,166000.000000,450,OPTSTK,BFO,5.000000,100000000,False
885878,IREDA26SEP100CE,IREDA,24SEP2026,10000.000000,4525,OPTSTK,BFO,5.000000,100000000,False
885892,INDHOTEL26OCT650CE,INDHOTEL,29OCT2026,65000.000000,1000,OPTSTK,BFO,5.000000,60000,False
885895,MAXHEALTH26OCT990CE,MAXHEALTH,29OCT2026,99000.000000,525,OPTSTK,BFO,5.000000,100000000,False
885927,POLICYBZR26OCT1820PE,POLICYBZR,29OCT2026,182000.000000,350,OPTSTK,BFO,5.000000,100000000,False
863701,BDL26OCT1200PE,BDL,29OCT2026,120000.000000,425,OPTSTK,BFO,5.000000,100000000,False
863707,COCHINSHIP26OCT1500CE,COCHINSHIP,29OCT2026,150000.000000,400,OPTSTK,BFO,5.000000,100000000,False
863736,HINDALCO26OCT920PE,HINDALCO,29OCT2026,92000.000000,700,OPTSTK,BFO,5.000000,56000,False
863738,HINDZINC26OCT570PE,HINDZINC,29OCT2026,57000.000000,1225,OPTSTK,BFO,5.000000,100000000,False
885944,NAUKRI26SEP1500CE,NAUKRI,24SEP2026,150000.000000,550,OPTSTK,BFO,5.000000,6000,False
885946,POLICYBZR26OCT1860PE,POLICYBZR,29OCT2026,186000.000000,350,OPTSTK,BFO,5.000000,100000000,False
885963,HDFCAMC26OCT2150CE,HDFCAMC,29OCT2026,215000.000000,300,OPTSTK,BFO,5.000000,12000,False
885982,GODREJCP26SEP930PE,GODREJCP,24SEP2026,93000.000000,500,OPTSTK,BFO,5.000000,30000,False
863759,SENSEX5026OCT26150CE,SENSEX50,29OCT2026,2615000.000000,75,OPTIDX,BFO,5.000000,1800,False
863763,MUTHOOTFIN26OCT3150CE,MUTHOOTFIN,29OCT2026,315000.000000,275,OPTSTK,BFO,5.000000,22000,False
863764,CONCOR26OCT560PE,CONCOR,29OCT2026,56000.000000,1250,OPTSTK,BFO,5.000000,40000,False
863776,IDFCFIRSTB26OCT91PE,IDFCFIRSTB,29OCT2026,9100.000000,9275,OPTSTK,BFO,5.000000,450000,False
885992,FORTIS26OCT830CE,FORTIS,29OCT2026,83000.000000,775,OPTSTK,BFO,5.000000,100000000,False
886011,INDUSTOWER26SEP415PE,INDUSTOWER,24SEP2026,41500.000000,1700,OPTSTK,BFO,5.000000,170000,False
886039,GODREJCP26SEP900CE,GODREJCP,24SEP2026,90000.000000,500,OPTSTK,BFO,5.000000,30000,False
886050,OIL26OCT510PE,OIL,29OCT2026,51000.000000,1400,OPTSTK,BFO,5.000000,100000000,False
863792,FOCIT26SEP37300PE,FOCIT,24SEP2026,3730000.000000,45,OPTIDX,BFO,5.000000,1350,False
863795,MARUTI26OCT14200PE,MARUTI,29OCT2026,1420000.000000,50,OPTSTK,BFO,5.000000,3000,False
863803,SENSEX5026OCT24750CE,SENSEX50,29OCT2026,2475000.000000,75,OPTIDX,BFO,5.000000,1800,False
863806,IRFC26OCT89PE,IRFC,29OCT2026,8900.000000,5425,OPTSTK,BFO,5.000000,100000000,False
886130,GODREJPROP26OCT1880PE,GODREJPROP,29OCT2026,188000.000000,325,OPTSTK,BFO,5.000000,19000,False
886133,PIIND26OCT2300PE,PIIND,29OCT2026,230000.000000,175,OPTSTK,BFO,5.000000,7500,False
886151,ZYDUSLIFE26OCT1270CE,ZYDUSLIFE,29OCT2026,127000.000000,900,OPTSTK,BFO,5.000000,54000,False
886211,APOLLOHOSP26OCT7900PE,APOLLOHOSP,29OCT2026,790000.000000,125,OPTSTK,BFO,5.000000,5000,False
863811,PNBHOUSING26OCT940PE,PNBHOUSING,29OCT2026,94000.000000,650,OPTSTK,BFO,5.000000,100000000,False
863812,PRESTIGE26OCT1720CE,PRESTIGE,29OCT2026,172000.000000,450,OPTSTK,BFO,5.000000,100000000,False
863833,SENSEX2691777900CE,SENSEX,17SEP2026,7790000.000000,20,OPTIDX,BFO,5.000000,1000,False
863838,SUPREMEIND26OCT3400CE,SUPREMEIND,29OCT2026,340000.000000,175,OPTSTK,BFO,5.000000,100000000,False
886236,PNB26SEP125PE,PNB,24SEP2026,12500.000000,8000,OPTSTK,BFO,5.000000,480000,False
886237,NATIONALUM26OCT470PE,NATIONALUM,29OCT2026,47000.000000,1875,OPTSTK,BFO,5.000000,300000,False
886244,TATACONSUM26SEP990CE,TATACONSUM,24SEP2026,99000.000000,550,OPTSTK,BFO,5.000000,36000,False
886259,UNIONBANK26SEP205PE,UNIONBANK,24SEP2026,20500.000000,4425,OPTSTK,BFO,5.000000,100000000,False
863865,APLAPOLLO26OCT2040CE,APLAPOLLO,29OCT2026,204000.000000,350,OPTSTK,BFO,5.000000,100000000,False
863873,NATIONALUM26OCT400PE,NATIONALUM,29OCT2026,40000.000000,1875,OPTSTK,BFO,5.000000,300000,False
863880,BHARTIARTL26OCT1960CE,BHARTIARTL,29OCT2026,196000.000000,475,OPTSTK,BFO,5.000000,28500,False
863881,HDFCLIFE26OCT565PE,HDFCLIFE,29OCT2026,56500.000000,1100,OPTSTK,BFO,5.000000,44000,False
886277,ZYDUSLIFE26SEP1270CE,ZYDUSLIFE,24SEP2026,127000.000000,900,OPTSTK,BFO,5.000000,54000,False
886288,FORTIS26OCT830PE,FORTIS,29OCT2026,83000.000000,775,OPTSTK,BFO,5.000000,100000000,False
886292,GODREJCP26OCT890CE,GODREJCP,29OCT2026,89000.000000,500,OPTSTK,BFO,5.000000,30000,False
886298,UNIONBANK26SEP202.5CE,UNIONBANK,24SEP2026,20250.000000,4425,OPTSTK,BFO,5.000000,100000000,False
863892,TORNTPHARM26OCT4500CE,TORNTPHARM,29OCT2026,450000.000000,125,OPTSTK,BFO,5.000000,15000,False
863896,SENSEX26OCT76400CE,SENSEX,29OCT2026,7640000.000000,20,OPTIDX,BFO,5.000000,1000,False
863902,SENSEX26OCT78700CE,SENSEX,29OCT2026,7870000.000000,20,OPTIDX,BFO,5.000000,1000,False
863929,PAGEIND26OCT41500PE,PAGEIND,29OCT2026,4150000.000000,20,OPTSTK,BFO,5.000000,600,False
886322,TATACONSUM26SEP1000PE,TATACONSUM,24SEP2026,100000.000000,550,OPTSTK,BFO,5.000000,36000,False
886337,GODREJCP26SEP870CE,GODREJCP,24SEP2026,87000.000000,500,OPTSTK,BFO,5.000000,30000,False
886373,ZYDUSLIFE26SEP1270PE,ZYDUSLIFE,24SEP2026,127000.000000,900,OPTSTK,BFO,5.000000,54000,False
886382,PIIND26OCT2150CE,PIIND,29OCT2026,215000.000000,175,OPTSTK,BFO,5.000000,7500,False
863938,CIPLA26OCT1460PE,CIPLA,29OCT2026,146000.000000,425,OPTSTK,BFO,5.000000,26000,False
863961,SENSEX26OCT84100CE,SENSEX,29OCT2026,8410000.000000,20,OPTIDX,BFO,5.000000,1000,False
863965,CIPLA26OCT1450CE,CIPLA,29OCT2026,145000.000000,425,OPTSTK,BFO,5.000000,26000,False
863971,FOCIT26OCT35500CE,FOCIT,29OCT2026,3550000.000000,45,OPTIDX,BFO,5.000000,1350,False
886422,PNB26SEP124PE,PNB,24SEP2026,12400.000000,8000,OPTSTK,BFO,5.000000,480000,False
886464,ASTRAL26OCT1640PE,ASTRAL,29OCT2026,164000.000000,425,OPTSTK,BFO,5.000000,14680,False
886475,BDL26OCT1500PE,BDL,29OCT2026,150000.000000,425,OPTSTK,BFO,5.000000,100000000,False
886478,HINDPETRO26OCT410CE,HINDPETRO,29OCT2026,41000.000000,2025,OPTSTK,BFO,5.000000,108000,False
863975,360ONE26OCT1040CE,,29OCT2026,104000.000000,500,OPTSTK,BFO,5.000000,100000000,False
863998,SENSEX26OCT82700CE,SENSEX,29OCT2026,8270000.000000,20,OPTIDX,BFO,5.000000,1000,False
864018,POWERINDIA26OCT34500PE,POWERINDIA,29OCT2026,3450000.000000,25,OPTSTK,BFO,5.000000,100000000,False
864022,SENSEX2691771300PE,SENSEX,17SEP2026,7130000.000000,20,OPTIDX,BFO,5.000000,1000,False
886495,SENSEX26O0172800PE,SENSEX,01OCT2026,7280000.000000,20,OPTIDX,BFO,5.000000,1000,False
886497,SENSEX26O0184200PE,SENSEX,01OCT2026,8420000.000000,20,OPTIDX,BFO,5.000000,1000,False
886503,SENSEX26O0175800CE,SENSEX,01OCT2026,7580000.000000,20,OPTIDX,BFO,5.000000,1000,False
886521,SENSEX26O0179800PE,SENSEX,01OCT2026,7980000.000000,20,OPTIDX,BFO,5.000000,1000,False
864031,NTPC26OCT340CE,NTPC,29OCT2026,34000.000000,1500,OPTSTK,BFO,5.000000,150000,False
864045,TATAELXSI26OCT3300CE,TATAELXSI,29OCT2026,330000.000000,125,OPTSTK,BFO,5.000000,100000000,False
864046,ABCAPITAL26OCT415CE,ABCAPITAL,29OCT2026,41500.000000,3100,OPTSTK,BFO,5.000000,162000,False
864059,TCS26OCT2400CE,TCS,29OCT2026,240000.000000,225,OPTSTK,BFO,5.000000,7000,False
886530,SENSEX26O0184100CE,SENSEX,01OCT2026,8410000.000000,20,OPTIDX,BFO,5.000000,1000,False
886550,PAYTM26SEP1780CE,PAYTM,24SEP2026,178000.000000,725,OPTSTK,BFO,5.000000,100000000,False
886602,SENSEX26O0182900CE,SENSEX,01OCT2026,8290000.000000,20,OPTIDX,BFO,5.000000,1000,False
886606,MUTHOOTFIN26OCT2500PE,MUTHOOTFIN,29OCT2026,250000.000000,275,OPTSTK,BFO,5.000000,22000,False
864065,COCHINSHIP26OCT1480PE,COCHINSHIP,29OCT2026,148000.000000,400,OPTSTK,BFO,5.000000,100000000,False
864071,NESTLEIND26OCT1500CE,NESTLEIND,29OCT2026,150000.000000,500,OPTSTK,BFO,5.000000,1200,False
864079,FOCIT26SEP35800CE,FOCIT,24SEP2026,3580000.000000,45,OPTIDX,BFO,5.000000,1350,False
864084,TATAPOWER26OCT385PE,TATAPOWER,29OCT2026,38500.000000,1450,OPTSTK,BFO,5.000000,101250,False
886615,SENSEX26O0176000PE,SENSEX,01OCT2026,7600000.000000,20,OPTIDX,BFO,5.000000,1000,False
886616,SENSEX26O0178300PE,SENSEX,01OCT2026,7830000.000000,20,OPTIDX,BFO,5.000000,1000,False
886620,SENSEX26O0172300PE,SENSEX,01OCT2026,7230000.000000,20,OPTIDX,BFO,5.000000,1000,False
886630,SENSEX26O0179900CE,SENSEX,01OCT2026,7990000.000000,20,OPTIDX,BFO,5.000000,1000,False
864089,LUPIN26OCT2520CE,LUPIN,29OCT2026,252000.000000,425,OPTSTK,BFO,5.000000,34000,False
864108,ITC26OCT275CE,ITC,29OCT2026,27500.000000,1725,OPTSTK,BFO,5.000000,64000,False
864115,PATANJALI26OCT385PE,PATANJALI,29OCT2026,38500.000000,1075,OPTSTK,BFO,5.000000,100000000,False
864116,AUBANK26OCT1040CE,AUBANK,29OCT2026,104000.000000,1000,OPTSTK,BFO,5.000000,30000,False
886637,BDL26OCT1480CE,BDL,29OCT2026,148000.000000,425,OPTSTK,BFO,5.000000,100000000,False
886639,SENSEX26O0173900CE,SENSEX,01OCT2026,7390000.000000,20,OPTIDX,BFO,5.000000,1000,False
886676,RADICO26OCT5000CE,RADICO,29OCT2026,500000.000000,150,OPTSTK,BFO,5.000000,100000000,False
886697,SENSEX26O0182500PE,SENSEX,01OCT2026,8250000.000000,20,OPTIDX,BFO,5.000000,1000,False
864118,TCS26OCT2320PE,TCS,29OCT2026,232000.000000,225,OPTSTK,BFO,5.000000,7000,False
864127,DIVISLAB26OCT7700CE,DIVISLAB,29OCT2026,770000.000000,100,OPTSTK,BFO,5.000000,8000,False
864134,ICICIGI26OCT1680PE,ICICIGI,29OCT2026,168000.000000,325,OPTSTK,BFO,5.000000,20000,False
864139,INDHOTEL26OCT700CE,INDHOTEL,29OCT2026,70000.000000,1000,OPTSTK,BFO,5.000000,60000,False
886701,SENSEX26O0184800PE,SENSEX,01OCT2026,8480000.000000,20,OPTIDX,BFO,5.000000,1000,False
886739,ETERNAL26OCT355CE,ETERNAL,29OCT2026,35500.000000,2425,OPTSTK,BFO,5.000000,100000000,False
886741,SENSEX26O0179400CE,SENSEX,01OCT2026,7940000.000000,20,OPTIDX,BFO,5.000000,1000,False
886765,SENSEX26O0175100PE,SENSEX,01OCT2026,7510000.000000,20,OPTIDX,BFO,5.000000,1000,False
864143,BANKINDIA26OCT147.5CE,BANKINDIA,29OCT2026,14750.000000,5200,OPTSTK,BFO,5.000000,100000000,False
864159,DIVISLAB26OCT8400PE,DIVISLAB,29OCT2026,840000.000000,100,OPTSTK,BFO,5.000000,8000,False
864165,BANKEX26OCT60300CE,BANKEX,29OCT2026,6030000.000000,30,OPTIDX,BFO,5.000000,900,False
864183,HDFCAMC26OCT2300CE,HDFCAMC,29OCT2026,230000.000000,300,OPTSTK,BFO,5.000000,12000,False
886776,SENSEX26O0173700PE,SENSEX,01OCT2026,7370000.000000,20,OPTIDX,BFO,5.000000,1000,False
886785,PAYTM26SEP1780PE,PAYTM,24SEP2026,178000.000000,725,OPTSTK,BFO,5.000000,100000000,False
886798,SENSEX26O0177300CE,SENSEX,01OCT2026,7730000.000000,20,OPTIDX,BFO,5.000000,1000,False
886799,SENSEX26O0179600CE,SENSEX,01OCT2026,7960000.000000,20,OPTIDX,BFO,5.000000,1000,False
864212,IEX26OCT147.5PE,IEX,29OCT2026,14750.000000,4350,OPTSTK,BFO,5.000000,150000,False
864218,INFY26OCT1120PE,INFY,29OCT2026,112000.000000,400,OPTSTK,BFO,5.000000,16000,False
864226,PGEL26OCT600PE,PGEL,29OCT2026,60000.000000,950,OPTSTK,BFO,5.000000,100000000,False
864239,MOTHERSON26OCT165PE,MOTHERSON,29OCT2026,16500.000000,6150,OPTSTK,BFO,5.000000,284000,False
886808,SENSEX26O0180600PE,SENSEX,01OCT2026,8060000.000000,20,OPTIDX,BFO,5.000000,1000,False
886810,SENSEX26O0185000CE,SENSEX,01OCT2026,8500000.000000,20,OPTIDX,BFO,5.000000,1000,False
886819,GMRAIRPORT26OCT96PE,GMRAIRPORT,29OCT2026,9600.000000,6975,OPTSTK,BFO,5.000000,675000,False
886846,SENSEX26O0179800CE,SENSEX,01OCT2026,7980000.000000,20,OPTIDX,BFO,5.000000,1000,False
864266,MARUTI26OCT14400PE,MARUTI,29OCT2026,1440000.000000,50,OPTSTK,BFO,5.000000,3000,False
864288,M&M26OCT3150PE,M&M,29OCT2026,315000.000000,200,OPTSTK,BFO,5.000000,21000,False
864310,SOLARINDS26OCT16500CE,SOLARINDS,29OCT2026,1650000.000000,50,OPTSTK,BFO,5.000000,100000000,False
864315,SUNPHARMA26OCT2000PE,SUNPHARMA,29OCT2026,200000.000000,350,OPTSTK,BFO,5.000000,28000,False
886878,GMRAIRPORT26SEP96PE,GMRAIRPORT,24SEP2026,9600.000000,6975,OPTSTK,BFO,5.000000,675000,False
886910,APLAPOLLO26SEP2200CE,APLAPOLLO,24SEP2026,220000.000000,350,OPTSTK,BFO,5.000000,100000000,False
886923,SENSEX26O0171100PE,SENSEX,01OCT2026,7110000.000000,20,OPTIDX,BFO,5.000000,1000,False
886954,HINDPETRO26SEP370PE,HINDPETRO,24SEP2026,37000.000000,2025,OPTSTK,BFO,5.000000,108000,False
864322,KAYNES26OCT3950CE,KAYNES,29OCT2026,395000.000000,150,OPTSTK,BFO,5.000000,100000000,False
864330,TORNTPHARM26OCT4550PE,TORNTPHARM,29OCT2026,455000.000000,125,OPTSTK,BFO,5.000000,15000,False
864333,COALINDIA26OCT445CE,COALINDIA,29OCT2026,44500.000000,1350,OPTSTK,BFO,5.000000,126000,False
864343,IDFCFIRSTB26OCT89PE,IDFCFIRSTB,29OCT2026,8900.000000,9275,OPTSTK,BFO,5.000000,450000,False
886973,APLAPOLLO26SEP2160PE,APLAPOLLO,24SEP2026,216000.000000,350,OPTSTK,BFO,5.000000,100000000,False
886994,EICHERMOT26OCT8800PE,EICHERMOT,29OCT2026,880000.000000,100,OPTSTK,BFO,5.000000,7000,False
886996,SENSEX26O0181300PE,SENSEX,01OCT2026,8130000.000000,20,OPTIDX,BFO,5.000000,1000,False
887005,ICICIBANK26OCT1340PE,ICICIBANK,29OCT2026,134000.000000,700,OPTSTK,BFO,5.000000,28000,False
864345,BANKEX26OCT66600PE,BANKEX,29OCT2026,6660000.000000,30,OPTIDX,BFO,5.000000,900,False
864354,GODREJCP26OCTFUT,GODREJCP,29OCT2026,0.000000,500,FUTSTK,BFO,5.000000,30000,False
864359,TORNTPHARM26OCT4700CE,TORNTPHARM,29OCT2026,470000.000000,125,OPTSTK,BFO,5.000000,15000,False
864367,SENSEX26OCT78900CE,SENSEX,29OCT2026,7890000.000000,20,OPTIDX,BFO,5.000000,1000,False
887011,SENSEX26O0177200CE,SENSEX,01OCT2026,7720000.000000,20,OPTIDX,BFO,5.000000,1000,False
887063,SENSEX26O0179100PE,SENSEX,01OCT2026,7910000.000000,20,OPTIDX,BFO,5.000000,1000,False
887080,SENSEX26O0172400CE,SENSEX,01OCT2026,7240000.000000,20,OPTIDX,BFO,5.000000,1000,False
887100,SENSEX26O0172700PE,SENSEX,01OCT2026,7270000.000000,20,OPTIDX,BFO,5.000000,1000,False
864369,OFSS26OCT10700PE,OFSS,29OCT2026,1070000.000000,100,OPTSTK,BFO,5.000000,8000,False
864372,TITAN26OCT5050CE,TITAN,29OCT2026,505000.000000,175,OPTSTK,BFO,5.000000,11250,False
864414,MPHASIS26OCT2550PE,MPHASIS,29OCT2026,255000.000000,275,OPTSTK,BFO,5.000000,11000,False
864432,MPHASIS26OCT2700CE,MPHASIS,29OCT2026,270000.000000,275,OPTSTK,BFO,5.000000,11000,False
887112,ADANIENT26SEP2600CE,ADANIENT,24SEP2026,260000.000000,309,OPTSTK,BFO,5.000000,9000,False
887126,SENSEX26O0174000CE,SENSEX,01OCT2026,7400000.000000,20,OPTIDX,BFO,5.000000,1000,False
887134,SENSEX26O0183300PE,SENSEX,01OCT2026,8330000.000000,20,OPTIDX,BFO,5.000000,1000,False
887137,SENSEX26O0174900CE,SENSEX,01OCT2026,7490000.000000,20,OPTIDX,BFO,5.000000,1000,False
864435,SHREECEM26OCT26500CE,SHREECEM,29OCT2026,2650000.000000,25,OPTSTK,BFO,5.000000,1000,False
864443,GODREJCP26OCT1110PE,GODREJCP,29OCT2026,111000.000000,500,OPTSTK,BFO,5.000000,30000,False
864444,VOLTAS26OCT1220CE,VOLTAS,29OCT2026,122000.000000,375,OPTSTK,BFO,5.000000,30000,False
864456,ETERNAL26OCT330PE,ETERNAL,29OCT2026,33000.000000,2425,OPTSTK,BFO,5.000000,100000000,False
887138,PAGEIND26SEP34000PE,PAGEIND,24SEP2026,3400000.000000,20,OPTSTK,BFO,5.000000,600,False
887143,ASTRAL26OCT1740PE,ASTRAL,29OCT2026,174000.000000,425,OPTSTK,BFO,5.000000,14680,False
887157,ASTRAL26OCT1640CE,ASTRAL,29OCT2026,164000.000000,425,OPTSTK,BFO,5.000000,14680,False
887161,SENSEX26O0176600PE,SENSEX,01OCT2026,7660000.000000,20,OPTIDX,BFO,5.000000,1000,False
864468,SENSEX26OCT82900CE,SENSEX,29OCT2026,8290000.000000,20,OPTIDX,BFO,5.000000,1000,False
864509,SENSEX2691773800PE,SENSEX,17SEP2026,7380000.000000,20,OPTIDX,BFO,5.000000,1000,False
864469,GMRAIRPORT26OCT107PE,GMRAIRPORT,29OCT2026,10700.000000,6975,OPTSTK,BFO,5.000000,675000,False
864486,INDIANB26OCTFUT,INDIANB,29OCT2026,0.000000,1000,FUTSTK,BFO,5.000000,100000000,False
887164,SOLARINDS26OCT21750CE,SOLARINDS,29OCT2026,2175000.000000,50,OPTSTK,BFO,5.000000,100000000,False
887172,GMRAIRPORT26OCT96CE,GMRAIRPORT,29OCT2026,9600.000000,6975,OPTSTK,BFO,5.000000,675000,False
887185,SENSEX26O0171200PE,SENSEX,01OCT2026,7120000.000000,20,OPTIDX,BFO,5.000000,1000,False
887203,SENSEX26O0184200CE,SENSEX,01OCT2026,8420000.000000,20,OPTIDX,BFO,5.000000,1000,False
864511,KFINTECH26OCT900CE,KFINTECH,29OCT2026,90000.000000,575,OPTSTK,BFO,5.000000,100000000,False
864529,SENSEX26OCT76000PE,SENSEX,29OCT2026,7600000.000000,20,OPTIDX,BFO,5.000000,1000,False
864543,LAURUSLABS26OCT1800CE,LAURUSLABS,29OCT2026,180000.000000,850,OPTSTK,BFO,5.000000,68000,False
864545,MPHASIS26OCT2450CE,MPHASIS,29OCT2026,245000.000000,275,OPTSTK,BFO,5.000000,11000,False
887213,SENSEX26O0178200PE,SENSEX,01OCT2026,7820000.000000,20,OPTIDX,BFO,5.000000,1000,False
887263,HINDPETRO26OCT370PE,HINDPETRO,29OCT2026,37000.000000,2025,OPTSTK,BFO,5.000000,108000,False
887288,MUTHOOTFIN26OCT2500CE,MUTHOOTFIN,29OCT2026,250000.000000,275,OPTSTK,BFO,5.000000,22000,False
887302,SENSEX26O0176000CE,SENSEX,01OCT2026,7600000.000000,20,OPTIDX,BFO,5.000000,1000,False
864561,FOCIT26SEP31400CE,FOCIT,24SEP2026,3140000.000000,45,OPTIDX,BFO,5.000000,1350,False
864563,ADANIENSOL26OCT1740CE,ADANIENSOL,29OCT2026,174000.000000,675,OPTSTK,BFO,5.000000,100000000,False
864573,ABB26OCT7900PE,ABB,29OCT2026,790000.000000,125,OPTSTK,BFO,5.000000,7500,False
864574,BPCL26OCT300CE,BPCL,29OCT2026,30000.000000,1975,OPTSTK,BFO,5.000000,72000,False
887303,SENSEX26O0178300CE,SENSEX,01OCT2026,7830000.000000,20,OPTIDX,BFO,5.000000,1000,False
887322,SHREECEM26SEP23250PE,SHREECEM,24SEP2026,2325000.000000,25,OPTSTK,BFO,5.000000,1000,False
887358,SENSEX26O0184000PE,SENSEX,01OCT2026,8400000.000000,20,OPTIDX,BFO,5.000000,1000,False
887366,SENSEX26O0182600PE,SENSEX,01OCT2026,8260000.000000,20,OPTIDX,BFO,5.000000,1000,False
864577,TECHM26OCT1780CE,TECHM,29OCT2026,178000.000000,600,OPTSTK,BFO,5.000000,24000,False
864595,BHEL26OCT375PE,BHEL,29OCT2026,37500.000000,2625,OPTSTK,BFO,5.000000,315000,False
864603,WIPRO26OCT177.5PE,WIPRO,29OCT2026,17750.000000,3000,OPTSTK,BFO,5.000000,60000,False
864611,ASHOKLEY26OCT162.5CE,ASHOKLEY,29OCT2026,16250.000000,5000,OPTSTK,BFO,5.000000,150000,False
887380,NBCC26OCT72.5PE,NBCC,29OCT2026,7250.000000,6500,OPTSTK,BFO,5.000000,100000000,False
887406,RECLTD26SEP305PE,RECLTD,24SEP2026,30500.000000,1575,OPTSTK,BFO,5.000000,160000,False
887449,CGPOWER26OCT1040CE,CGPOWER,29OCT2026,104000.000000,850,OPTSTK,BFO,5.000000,100000000,False
887452,APLAPOLLO26SEP2240PE,APLAPOLLO,24SEP2026,224000.000000,350,OPTSTK,BFO,5.000000,100000000,False
864620,BANKEX26OCT66500CE,BANKEX,29OCT2026,6650000.000000,30,OPTIDX,BFO,5.000000,900,False
864640,UNOMINDA26OCT1160CE,UNOMINDA,29OCT2026,116000.000000,550,OPTSTK,BFO,5.000000,100000000,False
864645,DMART26OCT3600CE,DMART,29OCT2026,360000.000000,150,OPTSTK,BFO,5.000000,100000000,False
864650,JUBLFOOD26OCT405PE,JUBLFOOD,29OCT2026,40500.000000,1250,OPTSTK,BFO,5.000000,50000,False
887470,NBCC26OCT72.5CE,NBCC,29OCT2026,7250.000000,6500,OPTSTK,BFO,5.000000,100000000,False
887501,BOSCHLTD26SEP50500CE,BOSCHLTD,24SEP2026,5050000.000000,25,OPTSTK,BFO,5.000000,1500,False
887507,APLAPOLLO26OCT2240PE,APLAPOLLO,29OCT2026,224000.000000,350,OPTSTK,BFO,5.000000,100000000,False
887515,MAZDOCK26OCT2950CE,MAZDOCK,29OCT2026,295000.000000,225,OPTSTK,BFO,5.000000,100000000,False
864654,AUROPHARMA26OCT1600CE,AUROPHARMA,29OCT2026,160000.000000,550,OPTSTK,BFO,5.000000,44000,False
864658,INDHOTEL26OCT740CE,INDHOTEL,29OCT2026,74000.000000,1000,OPTSTK,BFO,5.000000,60000,False
864660,ABCAPITAL26OCT365CE,ABCAPITAL,29OCT2026,36500.000000,3100,OPTSTK,BFO,5.000000,162000,False
864666,HYUNDAI26OCT1920CE,HYUNDAI,29OCT2026,192000.000000,275,OPTSTK,BFO,5.000000,100000000,False
864669,SENSEX26OCT80000PE,SENSEX,29OCT2026,8000000.000000,20,OPTIDX,BFO,5.000000,1000,False
864677,AUROPHARMA26OCTFUT,AUROPHARMA,29OCT2026,0.000000,550,FUTSTK,BFO,5.000000,44000,False
864689,POWERINDIA26OCT33000PE,POWERINDIA,29OCT2026,3300000.000000,25,OPTSTK,BFO,5.000000,100000000,False
864691,FOCIT26OCT31400PE,FOCIT,29OCT2026,3140000.000000,45,OPTIDX,BFO,5.000000,1350,False
887549,SHREECEM26OCT23000CE,SHREECEM,29OCT2026,2300000.000000,25,OPTSTK,BFO,5.000000,1000,False
887680,SHREECEM26SEP23000CE,SHREECEM,24SEP2026,2300000.000000,25,OPTSTK,BFO,5.000000,1000,False
887850,BHEL26OCT470CE,BHEL,29OCT2026,47000.000000,2625,OPTSTK,BFO,5.000000,315000,False
887868,DELHIVERY26SEP420CE,DELHIVERY,24SEP2026,42000.000000,2075,OPTSTK,BFO,5.000000,100000000,False
864709,UNIONBANK26OCT180PE,UNIONBANK,29OCT2026,18000.000000,4425,OPTSTK,BFO,5.000000,100000000,False
864729,SAIL26OCT160CE,SAIL,29OCT2026,16000.000000,4700,OPTSTK,BFO,5.000000,320000,False
864741,PIIND26OCT2900CE,PIIND,29OCT2026,290000.000000,175,OPTSTK,BFO,5.000000,7500,False
864748,APOLLOHOSP26OCT9600PE,APOLLOHOSP,29OCT2026,960000.000000,125,OPTSTK,BFO,5.000000,5000,False
887886,KEI26OCT6600CE,KEI,29OCT2026,660000.000000,175,OPTSTK,BFO,5.000000,100000000,False
887888,SENSEX26OCT70700CE,SENSEX,29OCT2026,7070000.000000,20,OPTIDX,BFO,5.000000,1000,False
887936,JUBLFOOD26OCT545CE,JUBLFOOD,29OCT2026,54500.000000,1250,OPTSTK,BFO,5.000000,50000,False
888038,MAXHEALTH26OCT930CE,MAXHEALTH,29OCT2026,93000.000000,525,OPTSTK,BFO,5.000000,100000000,False
864760,GLENMARK26OCT2100CE,GLENMARK,29OCT2026,210000.000000,375,OPTSTK,BFO,5.000000,43500,False
864768,SHRIRAMFIN26OCT880PE,SHRIRAMFIN,29OCT2026,88000.000000,825,OPTSTK,BFO,5.000000,18000,False
864769,GODFRYPHLP26OCT2000CE,GODFRYPHLP,29OCT2026,200000.000000,275,OPTSTK,BFO,5.000000,100000000,False
864787,MARICO26OCT870PE,MARICO,29OCT2026,87000.000000,1200,OPTSTK,BFO,5.000000,48000,False
888051,COLPAL26SEP1820CE,COLPAL,24SEP2026,182000.000000,275,OPTSTK,BFO,5.000000,14000,False
888130,NTPC26SEP300PE,NTPC,24SEP2026,30000.000000,1500,OPTSTK,BFO,5.000000,150000,False
888136,ITC26OCT257.5CE,ITC,29OCT2026,25750.000000,1725,OPTSTK,BFO,5.000000,64000,False
888139,MFSL26OCT1700PE,MFSL,29OCT2026,170000.000000,400,OPTSTK,BFO,5.000000,32000,False
864789,ICICIGI26OCT1780CE,ICICIGI,29OCT2026,178000.000000,325,OPTSTK,BFO,5.000000,20000,False
864790,MARUTI26OCT14600PE,MARUTI,29OCT2026,1460000.000000,50,OPTSTK,BFO,5.000000,3000,False
864794,PIDILITIND26OCT1640CE,PIDILITIND,29OCT2026,164000.000000,500,OPTSTK,BFO,5.000000,10000,False
864808,HAL26OCT4550CE,HAL,29OCT2026,455000.000000,150,OPTSTK,BFO,5.000000,9000,False
888157,CIPLA26OCT1360PE,CIPLA,29OCT2026,136000.000000,425,OPTSTK,BFO,5.000000,26000,False
888165,RADICO26SEP5050PE,RADICO,24SEP2026,505000.000000,150,OPTSTK,BFO,5.000000,100000000,False
888171,TCS26OCT2180CE,TCS,29OCT2026,218000.000000,225,OPTSTK,BFO,5.000000,7000,False
888203,DLF26OCT740CE,DLF,29OCT2026,74000.000000,950,OPTSTK,BFO,5.000000,49500,False
864810,JIOFIN26OCT230CE,JIOFIN,29OCT2026,23000.000000,2350,OPTSTK,BFO,5.000000,100000000,False
864822,TVSMOTOR26OCT4400PE,TVSMOTOR,29OCT2026,440000.000000,175,OPTSTK,BFO,5.000000,21000,False
864840,ASHOKLEY26OCT162.5PE,ASHOKLEY,29OCT2026,16250.000000,5000,OPTSTK,BFO,5.000000,150000,False
864844,TATASTEEL26OCT205PE,TATASTEEL,29OCT2026,20500.000000,2750,OPTSTK,BFO,5.000000,220000,False
888214,ITC26OCT255CE,ITC,29OCT2026,25500.000000,1725,OPTSTK,BFO,5.000000,64000,False
888237,MAXHEALTH26SEP930CE,MAXHEALTH,24SEP2026,93000.000000,525,OPTSTK,BFO,5.000000,100000000,False
888241,BHEL26OCT465PE,BHEL,29OCT2026,46500.000000,2625,OPTSTK,BFO,5.000000,315000,False
888252,KFINTECH26OCT1120CE,KFINTECH,29OCT2026,112000.000000,575,OPTSTK,BFO,5.000000,100000000,False
864862,KOTAKBANK26OCT390CE,KOTAKBANK,29OCT2026,39000.000000,2000,OPTSTK,BFO,5.000000,12000,False
864863,TATASTEEL26OCT170CE,TATASTEEL,29OCT2026,17000.000000,2750,OPTSTK,BFO,5.000000,220000,False
864866,KPITTECH26OCT600PE,KPITTECH,29OCT2026,60000.000000,775,OPTSTK,BFO,5.000000,100000000,False
864882,APLAPOLLO26OCT1820CE,APLAPOLLO,29OCT2026,182000.000000,350,OPTSTK,BFO,5.000000,100000000,False
888311,COLPAL26SEP1780CE,COLPAL,24SEP2026,178000.000000,275,OPTSTK,BFO,5.000000,14000,False
888314,SBICARD26OCT550CE,SBICARD,29OCT2026,55000.000000,800,OPTSTK,BFO,5.000000,32000,False
888316,SENSEX26O0170400CE,SENSEX,01OCT2026,7040000.000000,20,OPTIDX,BFO,5.000000,1000,False
888320,BOSCHLTD26SEP51500CE,BOSCHLTD,24SEP2026,5150000.000000,25,OPTSTK,BFO,5.000000,1500,False
864883,TRENT26OCT3350PE,TRENT,29OCT2026,335000.000000,225,OPTSTK,BFO,5.000000,16000,False
864890,ICICIPRULI26OCT485CE,ICICIPRULI,29OCT2026,48500.000000,925,OPTSTK,BFO,5.000000,60000,False
864895,SENSEX2691781400CE,SENSEX,17SEP2026,8140000.000000,20,OPTIDX,BFO,5.000000,1000,False
864905,PNB26OCT117CE,PNB,29OCT2026,11700.000000,8000,OPTSTK,BFO,5.000000,480000,False
888329,LTF26OCT360PE,LTF,29OCT2026,36000.000000,2250,OPTSTK,BFO,5.000000,267720,False
888356,SENSEX26O0170200PE,SENSEX,01OCT2026,7020000.000000,20,OPTIDX,BFO,5.000000,1000,False
888475,PAGEIND26OCT33000PE,PAGEIND,29OCT2026,3300000.000000,20,OPTSTK,BFO,5.000000,600,False
888482,SENSEX26OCT70500CE,SENSEX,29OCT2026,7050000.000000,20,OPTIDX,BFO,5.000000,1000,False
864910,MCX26OCT2800CE,MCX,29OCT2026,280000.000000,225,OPTSTK,BFO,5.000000,16000,False
864917,CHOLAFIN26OCT1660PE,CHOLAFIN,29OCT2026,166000.000000,625,OPTSTK,BFO,5.000000,25000,False
864930,BANKINDIA26OCT155PE,BANKINDIA,29OCT2026,15500.000000,5200,OPTSTK,BFO,5.000000,100000000,False
864937,COFORGE26OCT1680PE,COFORGE,29OCT2026,168000.000000,475,OPTSTK,BFO,5.000000,6000,False
888499,HCLTECH26OCT1250PE,HCLTECH,29OCT2026,125000.000000,400,OPTSTK,BFO,5.000000,21000,False
888525,COLPAL26OCT1800PE,COLPAL,29OCT2026,180000.000000,275,OPTSTK,BFO,5.000000,14000,False
888530,TIINDIA26OCT3250PE,TIINDIA,29OCT2026,325000.000000,200,OPTSTK,BFO,5.000000,100000000,False
888532,HAL26SEP5450PE,HAL,24SEP2026,545000.000000,150,OPTSTK,BFO,5.000000,9000,False
864938,NYKAA26OCT305PE,NYKAA,29OCT2026,30500.000000,3125,OPTSTK,BFO,5.000000,100000000,False
864956,SAIL26OCT165CE,SAIL,29OCT2026,16500.000000,4700,OPTSTK,BFO,5.000000,320000,False
864959,INDIGO26OCT4600PE,INDIGO,29OCT2026,460000.000000,150,OPTSTK,BFO,5.000000,12000,False
864984,KFINTECH26OCT1020PE,KFINTECH,29OCT2026,102000.000000,575,OPTSTK,BFO,5.000000,100000000,False
888534,OIL26OCT515CE,OIL,29OCT2026,51500.000000,1400,OPTSTK,BFO,5.000000,100000000,False
888536,ADANIGREEN26SEP1160CE,ADANIGREEN,24SEP2026,116000.000000,600,OPTSTK,BFO,5.000000,100000000,False
888540,SENSEX26OCT70300PE,SENSEX,29OCT2026,7030000.000000,20,OPTIDX,BFO,5.000000,1000,False
888558,COLPAL26SEP1760PE,COLPAL,24SEP2026,176000.000000,275,OPTSTK,BFO,5.000000,14000,False
864986,FOCIT26OCT35900CE,FOCIT,29OCT2026,3590000.000000,45,OPTIDX,BFO,5.000000,1350,False
864993,SENSEX5026OCT24550PE,SENSEX50,29OCT2026,2455000.000000,75,OPTIDX,BFO,5.000000,1800,False
864994,JUBLFOOD26OCT445CE,JUBLFOOD,29OCT2026,44500.000000,1250,OPTSTK,BFO,5.000000,50000,False
865005,SENSEX2691773100PE,SENSEX,17SEP2026,7310000.000000,20,OPTIDX,BFO,5.000000,1000,False
888561,SENSEX26O0170600PE,SENSEX,01OCT2026,7060000.000000,20,OPTIDX,BFO,5.000000,1000,False
888564,BOSCHLTD26SEP52000CE,BOSCHLTD,24SEP2026,5200000.000000,25,OPTSTK,BFO,5.000000,1500,False
888573,BOSCHLTD26OCT52000PE,BOSCHLTD,29OCT2026,5200000.000000,25,OPTSTK,BFO,5.000000,1500,False
888629,INFY26OCT980CE,INFY,29OCT2026,98000.000000,400,OPTSTK,BFO,5.000000,16000,False
865007,TORNTPHARM26OCT4650CE,TORNTPHARM,29OCT2026,465000.000000,125,OPTSTK,BFO,5.000000,15000,False
865042,MANKIND26OCT2660CE,MANKIND,29OCT2026,266000.000000,250,OPTSTK,BFO,5.000000,100000000,False
865045,NYKAA26OCT340CE,NYKAA,29OCT2026,34000.000000,3125,OPTSTK,BFO,5.000000,100000000,False
865050,BIOCON26OCT390PE,BIOCON,29OCT2026,39000.000000,2500,OPTSTK,BFO,5.000000,100000,False
888636,WIPRO26OCT162.5CE,WIPRO,29OCT2026,16250.000000,3000,OPTSTK,BFO,5.000000,60000,False
888639,MFSL26OCT1720PE,MFSL,29OCT2026,172000.000000,400,OPTSTK,BFO,5.000000,32000,False
888678,VOLTAS26OCT1080PE,VOLTAS,29OCT2026,108000.000000,375,OPTSTK,BFO,5.000000,30000,False
888679,HINDUNILVR26OCT1880PE,HINDUNILVR,29OCT2026,188000.000000,300,OPTSTK,BFO,5.000000,9000,False
865068,PATANJALI26OCT330CE,PATANJALI,29OCT2026,33000.000000,1075,OPTSTK,BFO,5.000000,100000000,False
865070,FOCIT26SEP39900CE,FOCIT,24SEP2026,3990000.000000,45,OPTIDX,BFO,5.000000,1350,False
865073,PRESTIGE26OCT1600CE,PRESTIGE,29OCT2026,160000.000000,450,OPTSTK,BFO,5.000000,100000000,False
865089,POLICYBZR26OCT1700CE,POLICYBZR,29OCT2026,170000.000000,350,OPTSTK,BFO,5.000000,100000000,False
888688,SHREECEM26SEP22500CE,SHREECEM,24SEP2026,2250000.000000,25,OPTSTK,BFO,5.000000,1000,False
888696,COALINDIA26SEP365CE,COALINDIA,24SEP2026,36500.000000,1350,OPTSTK,BFO,5.000000,126000,False
888733,SENSEX26OCT69900CE,SENSEX,29OCT2026,6990000.000000,20,OPTIDX,BFO,5.000000,1000,False
888735,SENSEX26OCT70000PE,SENSEX,29OCT2026,7000000.000000,20,OPTIDX,BFO,5.000000,1000,False
865093,SENSEX26OCT78500PE,SENSEX,29OCT2026,7850000.000000,20,OPTIDX,BFO,5.000000,1000,False
865104,POLICYBZR26OCT1540CE,POLICYBZR,29OCT2026,154000.000000,350,OPTSTK,BFO,5.000000,100000000,False
865120,LODHA26OCT1160PE,LODHA,29OCT2026,116000.000000,625,OPTSTK,BFO,5.000000,100000000,False
865121,IREDA26OCT130CE,IREDA,29OCT2026,13000.000000,4525,OPTSTK,BFO,5.000000,100000000,False
888737,ITC26SEP250CE,ITC,24SEP2026,25000.000000,1725,OPTSTK,BFO,5.000000,64000,False
888744,CUMMINSIND26OCT4500PE,CUMMINSIND,29OCT2026,450000.000000,200,OPTSTK,BFO,5.000000,18000,False
888754,SENSEX26OCT70100CE,SENSEX,29OCT2026,7010000.000000,20,OPTIDX,BFO,5.000000,1000,False
888756,ADANIENSOL26OCT1400CE,ADANIENSOL,29OCT2026,140000.000000,675,OPTSTK,BFO,5.000000,100000000,False
888771,TMPV26SEP285CE,TMPV,24SEP2026,28500.000000,1600,OPTSTK,BFO,5.000000,42750,False
888773,CIPLA26OCT1350CE,CIPLA,29OCT2026,135000.000000,425,OPTSTK,BFO,5.000000,26000,False
888814,VOLTAS26SEP1080CE,VOLTAS,24SEP2026,108000.000000,375,OPTSTK,BFO,5.000000,30000,False
888817,POLICYBZR26OCT1900PE,POLICYBZR,29OCT2026,190000.000000,350,OPTSTK,BFO,5.000000,100000000,False
865128,UNITDSPR26OCT1400PE,UNITDSPR,29OCT2026,140000.000000,400,OPTSTK,BFO,5.000000,28000,False
865149,BANKEX26OCT62100CE,BANKEX,29OCT2026,6210000.000000,30,OPTIDX,BFO,5.000000,900,False
865178,KALYANKJIL26OCT615PE,KALYANKJIL,29OCT2026,61500.000000,1350,OPTSTK,BFO,5.000000,100000000,False
865209,ABB26OCT7100CE,ABB,29OCT2026,710000.000000,125,OPTSTK,BFO,5.000000,7500,False
888832,PAGEIND26OCT32000CE,PAGEIND,29OCT2026,3200000.000000,20,OPTSTK,BFO,5.000000,600,False
888873,TMPV26OCT285PE,TMPV,29OCT2026,28500.000000,1600,OPTSTK,BFO,5.000000,42750,False
888888,IRFC26SEP78PE,IRFC,24SEP2026,7800.000000,5425,OPTSTK,BFO,5.000000,100000000,False
888896,PAGEIND26OCT32000PE,PAGEIND,29OCT2026,3200000.000000,20,OPTSTK,BFO,5.000000,600,False
865216,CANBK26OCT120PE,CANBK,29OCT2026,12000.000000,6750,OPTSTK,BFO,5.000000,81000,False
865242,SENSEX2691779000CE,SENSEX,17SEP2026,7900000.000000,20,OPTIDX,BFO,5.000000,1000,False
865253,RVNL26OCT200CE,RVNL,29OCT2026,20000.000000,1925,OPTSTK,BFO,5.000000,100000000,False
865257,ADANIGREEN26OCTFUT,ADANIGREEN,29OCT2026,0.000000,600,FUTSTK,BFO,5.000000,100000000,False
888933,SENSEX26O0879600CE,SENSEX,08OCT2026,7960000.000000,20,OPTIDX,BFO,5.000000,1000,False
888937,SENSEX26O0871300CE,SENSEX,08OCT2026,7130000.000000,20,OPTIDX,BFO,5.000000,1000,False
888945,SENSEX26O0879000PE,SENSEX,08OCT2026,7900000.000000,20,OPTIDX,BFO,5.000000,1000,False
889014,SENSEX26O0877100PE,SENSEX,08OCT2026,7710000.000000,20,OPTIDX,BFO,5.000000,1000,False
865261,NYKAA26OCT345CE,NYKAA,29OCT2026,34500.000000,3125,OPTSTK,BFO,5.000000,100000000,False
865263,GODFRYPHLP26OCT2050PE,GODFRYPHLP,29OCT2026,205000.000000,275,OPTSTK,BFO,5.000000,100000000,False
865267,ALKEM26OCT5450CE,ALKEM,29OCT2026,545000.000000,125,OPTSTK,BFO,5.000000,8000,False
865286,GLENMARK26OCT2300CE,GLENMARK,29OCT2026,230000.000000,375,OPTSTK,BFO,5.000000,43500,False
889024,SENSEX26O0878700CE,SENSEX,08OCT2026,7870000.000000,20,OPTIDX,BFO,5.000000,1000,False
889056,SENSEX26O0881300PE,SENSEX,08OCT2026,8130000.000000,20,OPTIDX,BFO,5.000000,1000,False
889015,SENSEX26O0879400PE,SENSEX,08OCT2026,7940000.000000,20,OPTIDX,BFO,5.000000,1000,False
889048,SENSEX26O0875900PE,SENSEX,08OCT2026,7590000.000000,20,OPTIDX,BFO,5.000000,1000,False
865304,ASIANPAINT26OCT2800CE,ASIANPAINT,29OCT2026,280000.000000,250,OPTSTK,BFO,5.000000,8000,False
865305,SUPREMEIND26OCT3100CE,SUPREMEIND,29OCT2026,310000.000000,175,OPTSTK,BFO,5.000000,100000000,False
865322,SAIL26OCT177.5PE,SAIL,29OCT2026,17750.000000,4700,OPTSTK,BFO,5.000000,320000,False
865359,PAYTM26OCT1360PE,PAYTM,29OCT2026,136000.000000,725,OPTSTK,BFO,5.000000,100000000,False
889108,SENSEX26O0876200PE,SENSEX,08OCT2026,7620000.000000,20,OPTIDX,BFO,5.000000,1000,False
889072,SENSEX26O0871200CE,SENSEX,08OCT2026,7120000.000000,20,OPTIDX,BFO,5.000000,1000,False
889081,SENSEX26O0883500CE,SENSEX,08OCT2026,8350000.000000,20,OPTIDX,BFO,5.000000,1000,False
889105,SENSEX26O0880800CE,SENSEX,08OCT2026,8080000.000000,20,OPTIDX,BFO,5.000000,1000,False
865362,WAAREEENER26OCT2600CE,WAAREEENER,29OCT2026,260000.000000,175,OPTSTK,BFO,5.000000,100000000,False
865368,SENSEX2691783000CE,SENSEX,17SEP2026,8300000.000000,20,OPTIDX,BFO,5.000000,1000,False
865369,TIINDIA26SEP2350CE,TIINDIA,24SEP2026,235000.000000,200,OPTSTK,BFO,5.000000,100000000,False
865382,HDFCLIFE26OCT575CE,HDFCLIFE,29OCT2026,57500.000000,1100,OPTSTK,BFO,5.000000,44000,False
889116,APLAPOLLO26OCT2280CE,APLAPOLLO,29OCT2026,228000.000000,350,OPTSTK,BFO,5.000000,100000000,False
889121,SENSEX26O0873100PE,SENSEX,08OCT2026,7310000.000000,20,OPTIDX,BFO,5.000000,1000,False
889132,SENSEX26O0882400CE,SENSEX,08OCT2026,8240000.000000,20,OPTIDX,BFO,5.000000,1000,False
889159,SENSEX26O0872600CE,SENSEX,08OCT2026,7260000.000000,20,OPTIDX,BFO,5.000000,1000,False
865389,ICICIBANK26OCT1390PE,ICICIBANK,29OCT2026,139000.000000,700,OPTSTK,BFO,5.000000,28000,False
865406,ONGC26OCT247.5PE,ONGC,29OCT2026,24750.000000,2250,OPTSTK,BFO,5.000000,154000,False
865416,BANKEX26OCT62400PE,BANKEX,29OCT2026,6240000.000000,30,OPTIDX,BFO,5.000000,900,False
865417,PAGEIND26OCT43500PE,PAGEIND,29OCT2026,4350000.000000,20,OPTSTK,BFO,5.000000,600,False
889177,SENSEX26O0878900PE,SENSEX,08OCT2026,7890000.000000,20,OPTIDX,BFO,5.000000,1000,False
889211,RBLBANK26OCT430CE,RBLBANK,29OCT2026,43000.000000,3175,OPTSTK,BFO,5.000000,150000,False
889215,PERSISTENT26OCT6400PE,PERSISTENT,29OCT2026,640000.000000,125,OPTSTK,BFO,5.000000,5250,False
889217,SENSEX26O0872200PE,SENSEX,08OCT2026,7220000.000000,20,OPTIDX,BFO,5.000000,1000,False
865426,MCX26OCT2850PE,MCX,29OCT2026,285000.000000,225,OPTSTK,BFO,5.000000,16000,False
865436,SENSEX2691783900CE,SENSEX,17SEP2026,8390000.000000,20,OPTIDX,BFO,5.000000,1000,False
865438,FEDERALBNK26OCT340CE,FEDERALBNK,29OCT2026,34000.000000,2500,OPTSTK,BFO,5.000000,200000,False
865440,SBIN26OCT1020CE,SBIN,29OCT2026,102000.000000,750,OPTSTK,BFO,5.000000,45000,False
889240,SENSEX26O0874400CE,SENSEX,08OCT2026,7440000.000000,20,OPTIDX,BFO,5.000000,1000,False
889250,SENSEX26O0884400CE,SENSEX,08OCT2026,8440000.000000,20,OPTIDX,BFO,5.000000,1000,False
889261,SENSEX26O0872400PE,SENSEX,08OCT2026,7240000.000000,20,OPTIDX,BFO,5.000000,1000,False
889297,GMRAIRPORT26SEP93PE,GMRAIRPORT,24SEP2026,9300.000000,6975,OPTSTK,BFO,5.000000,675000,False
865443,TECHM26OCT1700PE,TECHM,29OCT2026,170000.000000,600,OPTSTK,BFO,5.000000,24000,False
865473,FOCIT26OCT37500CE,FOCIT,29OCT2026,3750000.000000,45,OPTIDX,BFO,5.000000,1350,False
865475,NATIONALUM26OCT320CE,NATIONALUM,29OCT2026,32000.000000,1875,OPTSTK,BFO,5.000000,300000,False
865495,RADICO26OCT4300CE,RADICO,29OCT2026,430000.000000,150,OPTSTK,BFO,5.000000,100000000,False
889319,SENSEX26O0880300PE,SENSEX,08OCT2026,8030000.000000,20,OPTIDX,BFO,5.000000,1000,False
889324,ETERNAL26SEP360CE,ETERNAL,24SEP2026,36000.000000,2425,OPTSTK,BFO,5.000000,100000000,False
889332,BAJAJ-AUTO26OCT12500CE,BAJAJ-AUTO,29OCT2026,1250000.000000,75,OPTSTK,BFO,5.000000,5000,False
889333,SENSEX26O0880200CE,SENSEX,08OCT2026,8020000.000000,20,OPTIDX,BFO,5.000000,1000,False
865498,SENSEX2691777000PE,SENSEX,17SEP2026,7700000.000000,20,OPTIDX,BFO,5.000000,1000,False
865501,SENSEX26OCT80100CE,SENSEX,29OCT2026,8010000.000000,20,OPTIDX,BFO,5.000000,1000,False
865513,DIVISLAB26OCT7500PE,DIVISLAB,29OCT2026,750000.000000,100,OPTSTK,BFO,5.000000,8000,False
865515,KALYANKJIL26OCT650PE,KALYANKJIL,29OCT2026,65000.000000,1350,OPTSTK,BFO,5.000000,100000000,False
889349,SENSEX26O0870500PE,SENSEX,08OCT2026,7050000.000000,20,OPTIDX,BFO,5.000000,1000,False
889361,SENSEX26O0880500PE,SENSEX,08OCT2026,8050000.000000,20,OPTIDX,BFO,5.000000,1000,False
889379,SENSEX26O0877500PE,SENSEX,08OCT2026,7750000.000000,20,OPTIDX,BFO,5.000000,1000,False
889392,SENSEX26O0878100PE,SENSEX,08OCT2026,7810000.000000,20,OPTIDX,BFO,5.000000,1000,False
865531,TITAN26OCT4750PE,TITAN,29OCT2026,475000.000000,175,OPTSTK,BFO,5.000000,11250,False
865543,HCLTECH26OCT1290CE,HCLTECH,29OCT2026,129000.000000,400,OPTSTK,BFO,5.000000,21000,False
865562,INDIANB26OCT900CE,INDIANB,29OCT2026,90000.000000,1000,OPTSTK,BFO,5.000000,100000000,False
865575,SENSEX5026OCT25450CE,SENSEX50,29OCT2026,2545000.000000,75,OPTIDX,BFO,5.000000,1800,False
889396,SENSEX26O0874400PE,SENSEX,08OCT2026,7440000.000000,20,OPTIDX,BFO,5.000000,1000,False
889401,SENSEX26O0875100CE,SENSEX,08OCT2026,7510000.000000,20,OPTIDX,BFO,5.000000,1000,False
889431,SENSEX26O0882000CE,SENSEX,08OCT2026,8200000.000000,20,OPTIDX,BFO,5.000000,1000,False
889450,SENSEX26O0882300PE,SENSEX,08OCT2026,8230000.000000,20,OPTIDX,BFO,5.000000,1000,False
865579,TATAELXSI26OCT3750PE,TATAELXSI,29OCT2026,375000.000000,125,OPTSTK,BFO,5.000000,100000000,False
865586,TVSMOTOR26SEP4450PE,TVSMOTOR,24SEP2026,445000.000000,175,OPTSTK,BFO,5.000000,21000,False
865588,MANAPPURAM26OCT400CE,MANAPPURAM,29OCT2026,40000.000000,3000,OPTSTK,BFO,5.000000,180000,False
865595,FOCIT26SEP37800CE,FOCIT,24SEP2026,3780000.000000,45,OPTIDX,BFO,5.000000,1350,False
889488,SENSEX26O0877800CE,SENSEX,08OCT2026,7780000.000000,20,OPTIDX,BFO,5.000000,1000,False
889493,SENSEX26O0871800CE,SENSEX,08OCT2026,7180000.000000,20,OPTIDX,BFO,5.000000,1000,False
889513,IOC26SEP117.5CE,IOC,24SEP2026,11750.000000,4875,OPTSTK,BFO,5.000000,292500,False
889502,SENSEX26O0871200PE,SENSEX,08OCT2026,7120000.000000,20,OPTIDX,BFO,5.000000,1000,False
865606,NAM-INDIA26OCT1020PE,NAM-INDIA,29OCT2026,102000.000000,625,OPTSTK,BFO,5.000000,100000000,False
865610,SENSEX26OCT74100PE,SENSEX,29OCT2026,7410000.000000,20,OPTIDX,BFO,5.000000,1000,False
865621,PRESTIGE26OCT1640CE,PRESTIGE,29OCT2026,164000.000000,450,OPTSTK,BFO,5.000000,100000000,False
865665,SENSEX2691781900PE,SENSEX,17SEP2026,8190000.000000,20,OPTIDX,BFO,5.000000,1000,False
889545,SENSEX26O0873700PE,SENSEX,08OCT2026,7370000.000000,20,OPTIDX,BFO,5.000000,1000,False
889558,INDIGO26OCT4400CE,INDIGO,29OCT2026,440000.000000,150,OPTSTK,BFO,5.000000,12000,False
889561,NAM-INDIA26SEP1380PE,NAM-INDIA,24SEP2026,138000.000000,625,OPTSTK,BFO,5.000000,100000000,False
889572,MCX26OCT3550PE,MCX,29OCT2026,355000.000000,225,OPTSTK,BFO,5.000000,16000,False
865668,CUMMINSIND26OCT6100PE,CUMMINSIND,29OCT2026,610000.000000,200,OPTSTK,BFO,5.000000,18000,False
865669,UNITDSPR26OCT1440PE,UNITDSPR,29OCT2026,144000.000000,400,OPTSTK,BFO,5.000000,28000,False
865678,ALKEM26OCTFUT,ALKEM,29OCT2026,0.000000,125,FUTSTK,BFO,5.000000,8000,False
865701,AMBUJACEM26OCT430PE,AMBUJACEM,29OCT2026,43000.000000,1200,OPTSTK,BFO,5.000000,54000,False
889612,HDFCLIFE26OCT590CE,HDFCLIFE,29OCT2026,59000.000000,1100,OPTSTK,BFO,5.000000,44000,False
889653,TATACONSUM26OCT980PE,TATACONSUM,29OCT2026,98000.000000,550,OPTSTK,BFO,5.000000,36000,False
889700,MAXHEALTH26OCT920PE,MAXHEALTH,29OCT2026,92000.000000,525,OPTSTK,BFO,5.000000,100000000,False
889722,AUBANK26SEP1260CE,AUBANK,24SEP2026,126000.000000,1000,OPTSTK,BFO,5.000000,30000,False
865723,INOXWIND26OCT62.5PE,INOXWIND,29OCT2026,6250.000000,6400,OPTSTK,BFO,5.000000,100000000,False
865741,FOCIT26OCT38500CE,FOCIT,29OCT2026,3850000.000000,45,OPTIDX,BFO,5.000000,1350,False
865753,PERSISTENT26OCT5500CE,PERSISTENT,29OCT2026,550000.000000,125,OPTSTK,BFO,5.000000,5250,False
865762,FOCIT26SEP37200PE,FOCIT,24SEP2026,3720000.000000,45,OPTIDX,BFO,5.000000,1350,False
889781,MAXHEALTH26OCT920CE,MAXHEALTH,29OCT2026,92000.000000,525,OPTSTK,BFO,5.000000,100000000,False
889829,KPITTECH26OCT510CE,KPITTECH,29OCT2026,51000.000000,775,OPTSTK,BFO,5.000000,100000000,False
889835,TMPV26OCT280PE,TMPV,29OCT2026,28000.000000,1600,OPTSTK,BFO,5.000000,42750,False
889885,GLENMARK26SEP2540PE,GLENMARK,24SEP2026,254000.000000,375,OPTSTK,BFO,5.000000,43500,False
865768,MARUTI26OCT14100PE,MARUTI,29OCT2026,1410000.000000,50,OPTSTK,BFO,5.000000,3000,False
865769,MARICO26OCT840CE,MARICO,29OCT2026,84000.000000,1200,OPTSTK,BFO,5.000000,48000,False
865774,PNBHOUSING26OCT1160PE,PNBHOUSING,29OCT2026,116000.000000,650,OPTSTK,BFO,5.000000,100000000,False
865783,EICHERMOT26OCT8300CE,EICHERMOT,29OCT2026,830000.000000,100,OPTSTK,BFO,5.000000,7000,False
889894,SAIL26OCT200PE,SAIL,29OCT2026,20000.000000,4700,OPTSTK,BFO,5.000000,320000,False
889917,SAIL26OCT202.5CE,SAIL,29OCT2026,20250.000000,4700,OPTSTK,BFO,5.000000,320000,False
889921,PAYTM26OCT1820PE,PAYTM,29OCT2026,182000.000000,725,OPTSTK,BFO,5.000000,100000000,False
889966,PGEL26OCT520PE,PGEL,29OCT2026,52000.000000,950,OPTSTK,BFO,5.000000,100000000,False
865804,SBICARD26OCT690PE,SBICARD,29OCT2026,69000.000000,800,OPTSTK,BFO,5.000000,32000,False
865819,360ONE26OCT1040PE,,29OCT2026,104000.000000,500,OPTSTK,BFO,5.000000,100000000,False
865820,GLENMARK26OCT2180CE,GLENMARK,29OCT2026,218000.000000,375,OPTSTK,BFO,5.000000,43500,False
865828,BANKINDIA26OCT132.5CE,BANKINDIA,29OCT2026,13250.000000,5200,OPTSTK,BFO,5.000000,100000000,False
889985,SENSEX26O0884700PE,SENSEX,08OCT2026,8470000.000000,20,OPTIDX,BFO,5.000000,1000,False
865832,WAAREEENER26OCT2650PE,WAAREEENER,29OCT2026,265000.000000,175,OPTSTK,BFO,5.000000,100000000,False
865836,HAL26OCT4950CE,HAL,29OCT2026,495000.000000,150,OPTSTK,BFO,5.000000,9000,False
865838,BAJAJHLDNG26OCT10600CE,BAJAJHLDNG,29OCT2026,1060000.000000,75,OPTSTK,BFO,5.000000,100000000,False
865848,BANKEX26OCT66300PE,BANKEX,29OCT2026,6630000.000000,30,OPTIDX,BFO,5.000000,900,False
865909,UNIONBANK26OCT155CE,UNIONBANK,29OCT2026,15500.000000,4425,OPTSTK,BFO,5.000000,100000000,False
865849,MARICO26OCT910CE,MARICO,29OCT2026,91000.000000,1200,OPTSTK,BFO,5.000000,48000,False
865865,BEL26OCT375CE,BEL,29OCT2026,37500.000000,1425,OPTSTK,BFO,5.000000,228000,False
865870,TRENT26OCT3000CE,TRENT,29OCT2026,300000.000000,225,OPTSTK,BFO,5.000000,16000,False
865930,CIPLA26OCT1510CE,CIPLA,29OCT2026,151000.000000,425,OPTSTK,BFO,5.000000,26000,False
865932,NTPC26OCT330CE,NTPC,29OCT2026,33000.000000,1500,OPTSTK,BFO,5.000000,150000,False
865944,BOSCHLTD26OCT42500CE,BOSCHLTD,29OCT2026,4250000.000000,25,OPTSTK,BFO,5.000000,1500,False
865961,LUPIN26OCT2520PE,LUPIN,29OCT2026,252000.000000,425,OPTSTK,BFO,5.000000,34000,False
865986,BDL26OCT1320PE,BDL,29OCT2026,132000.000000,425,OPTSTK,BFO,5.000000,100000000,False
865987,SENSEX2691779500PE,SENSEX,17SEP2026,7950000.000000,20,OPTIDX,BFO,5.000000,1000,False
865996,SENSEX26OCT84900CE,SENSEX,29OCT2026,8490000.000000,20,OPTIDX,BFO,5.000000,1000,False
865998,ETERNAL26OCT340CE,ETERNAL,29OCT2026,34000.000000,2425,OPTSTK,BFO,5.000000,100000000,False
866004,FOCIT26OCT31700CE,FOCIT,29OCT2026,3170000.000000,45,OPTIDX,BFO,5.000000,1350,False
866005,BDL26OCT1160PE,BDL,29OCT2026,116000.000000,425,OPTSTK,BFO,5.000000,100000000,False
866007,JSWENERGY26OCT490PE,JSWENERGY,29OCT2026,49000.000000,1075,OPTSTK,BFO,5.000000,100000000,False
866015,INDUSTOWER26OCT401CE,INDUSTOWER,29OCT2026,40100.000000,1700,OPTSTK,BFO,5.000000,170000,False
866025,JIOFIN26OCTFUT,JIOFIN,29OCT2026,0.000000,2350,FUTSTK,BFO,5.000000,100000000,False
866036,MARUTI26OCT14000CE,MARUTI,29OCT2026,1400000.000000,50,OPTSTK,BFO,5.000000,3000,False
866042,INFY26OCT1040PE,INFY,29OCT2026,104000.000000,400,OPTSTK,BFO,5.000000,16000,False
866043,PHOENIXLTD26OCT1900CE,PHOENIXLTD,29OCT2026,190000.000000,350,OPTSTK,BFO,5.000000,100000000,False
866054,PHOENIXLTD26OCT1740CE,PHOENIXLTD,29OCT2026,174000.000000,350,OPTSTK,BFO,5.000000,100000000,False
866055,BAJFINANCE26OCT1130PE,BAJFINANCE,29OCT2026,113000.000000,750,OPTSTK,BFO,5.000000,3750,False
866062,COCHINSHIP26OCT1380PE,COCHINSHIP,29OCT2026,138000.000000,400,OPTSTK,BFO,5.000000,100000000,False
866065,FOCIT26OCT41700CE,FOCIT,29OCT2026,4170000.000000,45,OPTIDX,BFO,5.000000,1350,False
866069,BANKEX26OCT59600PE,BANKEX,29OCT2026,5960000.000000,30,OPTIDX,BFO,5.000000,900,False
866085,UPL26OCT630CE,UPL,29OCT2026,63000.000000,1355,OPTSTK,BFO,5.000000,39000,False
866089,SENSEX2691781200PE,SENSEX,17SEP2026,8120000.000000,20,OPTIDX,BFO,5.000000,1000,False
866107,GVT&D26OCT4200CE,GVT&D,29OCT2026,420000.000000,125,OPTSTK,BFO,5.000000,100000000,False
866109,SWIGGY26OCT315CE,SWIGGY,29OCT2026,31500.000000,1825,OPTSTK,BFO,5.000000,100000000,False
866116,FORTIS26OCT970PE,FORTIS,29OCT2026,97000.000000,775,OPTSTK,BFO,5.000000,100000000,False
866120,JINDALSTEL26OCT1000PE,JINDALSTEL,29OCT2026,100000.000000,625,OPTSTK,BFO,5.000000,37500,False
866126,CANBK26OCT122.5CE,CANBK,29OCT2026,12250.000000,6750,OPTSTK,BFO,5.000000,81000,False
866134,GRASIM26OCT3000CE,GRASIM,29OCT2026,300000.000000,250,OPTSTK,BFO,5.000000,14250,False
866137,MOTHERSON26OCT155PE,MOTHERSON,29OCT2026,15500.000000,6150,OPTSTK,BFO,5.000000,284000,False
866141,BANKEX26OCT69600PE,BANKEX,29OCT2026,6960000.000000,30,OPTIDX,BFO,5.000000,900,False
866143,ALKEM26OCT5950PE,ALKEM,29OCT2026,595000.000000,125,OPTSTK,BFO,5.000000,8000,False
866198,COCHINSHIP26OCT1280CE,COCHINSHIP,29OCT2026,128000.000000,400,OPTSTK,BFO,5.000000,100000000,False
866215,ANGELONE26OCT255CE,ANGELONE,29OCT2026,25500.000000,2500,OPTSTK,BFO,5.000000,100000000,False
866216,HCLTECH26OCT1300PE,HCLTECH,29OCT2026,130000.000000,400,OPTSTK,BFO,5.000000,21000,False
866234,TRENT26OCT3300PE,TRENT,29OCT2026,330000.000000,225,OPTSTK,BFO,5.000000,16000,False
866237,MCX26OCT2600PE,MCX,29OCT2026,260000.000000,225,OPTSTK,BFO,5.000000,16000,False
866244,FOCIT26OCT41100PE,FOCIT,29OCT2026,4110000.000000,45,OPTIDX,BFO,5.000000,1350,False
866250,IDFCFIRSTB26OCT79PE,IDFCFIRSTB,29OCT2026,7900.000000,9275,OPTSTK,BFO,5.000000,450000,False
866258,FOCIT26SEP35100PE,FOCIT,24SEP2026,3510000.000000,45,OPTIDX,BFO,5.000000,1350,False
866259,PGEL26OCT650CE,PGEL,29OCT2026,65000.000000,950,OPTSTK,BFO,5.000000,100000000,False
866274,GMRAIRPORT26SEP98CE,GMRAIRPORT,24SEP2026,9800.000000,6975,OPTSTK,BFO,5.000000,675000,False
866282,ALKEM26OCT5850CE,ALKEM,29OCT2026,585000.000000,125,OPTSTK,BFO,5.000000,8000,False
866283,VBL26OCT470CE,VBL,29OCT2026,47000.000000,1275,OPTSTK,BFO,5.000000,100000000,False
866292,COLPAL26OCT2020PE,COLPAL,29OCT2026,202000.000000,275,OPTSTK,BFO,5.000000,14000,False
866293,SENSEX2691771100CE,SENSEX,17SEP2026,7110000.000000,20,OPTIDX,BFO,5.000000,1000,False
866298,SENSEX5026OCT25950PE,SENSEX50,29OCT2026,2595000.000000,75,OPTIDX,BFO,5.000000,1800,False
866316,MAZDOCK26OCT2050CE,MAZDOCK,29OCT2026,205000.000000,225,OPTSTK,BFO,5.000000,100000000,False
866332,DELHIVERY26OCT445PE,DELHIVERY,29OCT2026,44500.000000,2075,OPTSTK,BFO,5.000000,100000000,False
866359,SUNPHARMA26OCT1940CE,SUNPHARMA,29OCT2026,194000.000000,350,OPTSTK,BFO,5.000000,28000,False
866362,SENSEX26OCT74200CE,SENSEX,29OCT2026,7420000.000000,20,OPTIDX,BFO,5.000000,1000,False
866373,ETERNAL26OCT320PE,ETERNAL,29OCT2026,32000.000000,2425,OPTSTK,BFO,5.000000,100000000,False
866393,BRITANNIA26OCT5450CE,BRITANNIA,29OCT2026,545000.000000,125,OPTSTK,BFO,5.000000,6000,False
866395,SENSEX26OCT79900PE,SENSEX,29OCT2026,7990000.000000,20,OPTIDX,BFO,5.000000,1000,False
866396,LT26OCT3600CE,LT,29OCT2026,360000.000000,175,OPTSTK,BFO,5.000000,12000,False
866406,MANAPPURAM26OCT355CE,MANAPPURAM,29OCT2026,35500.000000,3000,OPTSTK,BFO,5.000000,180000,False
866408,IDEA26OCT20PE,IDEA,29OCT2026,2000.000000,71475,OPTSTK,BFO,5.000000,2400000,False
866421,SUPREMEIND26OCT3250CE,SUPREMEIND,29OCT2026,325000.000000,175,OPTSTK,BFO,5.000000,100000000,False
866425,LUPIN26OCT2480CE,LUPIN,29OCT2026,248000.000000,425,OPTSTK,BFO,5.000000,34000,False
866429,NAM-INDIA26OCT1280PE,NAM-INDIA,29OCT2026,128000.000000,625,OPTSTK,BFO,5.000000,100000000,False
866433,DIXON26OCT14000PE,DIXON,29OCT2026,1400000.000000,50,OPTSTK,BFO,5.000000,6000,False
866437,YESBANK26OCT21PE,YESBANK,29OCT2026,2100.000000,31100,OPTSTK,BFO,5.000000,100000000,False
866473,UPL26OCT610PE,UPL,29OCT2026,61000.000000,1355,OPTSTK,BFO,5.000000,39000,False
866491,HINDPETRO26OCT410.75CE,HINDPETRO,29OCT2026,41075.000000,2025,OPTSTK,BFO,5.000000,108000,False
866496,ANGELONE26OCT325PE,ANGELONE,29OCT2026,32500.000000,2500,OPTSTK,BFO,5.000000,100000000,False
866509,FOCIT26OCT41000CE,FOCIT,29OCT2026,4100000.000000,45,OPTIDX,BFO,5.000000,1350,False
866528,ADANIPORTS26OCT1520PE,ADANIPORTS,29OCT2026,152000.000000,475,OPTSTK,BFO,5.000000,32000,False
866558,PHOENIXLTD26OCT1780CE,PHOENIXLTD,29OCT2026,178000.000000,350,OPTSTK,BFO,5.000000,100000000,False
866559,ZYDUSLIFE26OCT1070PE,ZYDUSLIFE,29OCT2026,107000.000000,900,OPTSTK,BFO,5.000000,54000,False
866561,IRFC26OCT91CE,IRFC,29OCT2026,9100.000000,5425,OPTSTK,BFO,5.000000,100000000,False
866572,BANKEX26OCT59800PE,BANKEX,29OCT2026,5980000.000000,30,OPTIDX,BFO,5.000000,900,False
866601,PNB26OCT119CE,PNB,29OCT2026,11900.000000,8000,OPTSTK,BFO,5.000000,480000,False
866603,SENSEX2691781400PE,SENSEX,17SEP2026,8140000.000000,20,OPTIDX,BFO,5.000000,1000,False
866607,RVNL26OCT195CE,RVNL,29OCT2026,19500.000000,1925,OPTSTK,BFO,5.000000,100000000,False
866615,PREMIERENE26OCT1060CE,PREMIERENE,29OCT2026,106000.000000,650,OPTSTK,BFO,5.000000,100000000,False
866620,GLENMARK26OCT2100PE,GLENMARK,29OCT2026,210000.000000,375,OPTSTK,BFO,5.000000,43500,False
866643,IOC26OCT142.5CE,IOC,29OCT2026,14250.000000,4875,OPTSTK,BFO,5.000000,292500,False
866660,JINDALSTEL26OCT1040PE,JINDALSTEL,29OCT2026,104000.000000,625,OPTSTK,BFO,5.000000,37500,False
866687,NTPC26OCT375CE,NTPC,29OCT2026,37500.000000,1500,OPTSTK,BFO,5.000000,150000,False
866690,NMDC26OCT87PE,NMDC,29OCT2026,8700.000000,6750,OPTSTK,BFO,5.000000,225000,False
866693,PAGEIND26OCT41500CE,PAGEIND,29OCT2026,4150000.000000,20,OPTSTK,BFO,5.000000,600,False
866694,BAJFINANCE26OCT1080PE,BAJFINANCE,29OCT2026,108000.000000,750,OPTSTK,BFO,5.000000,3750,False
866697,MARICO26OCT860PE,MARICO,29OCT2026,86000.000000,1200,OPTSTK,BFO,5.000000,48000,False
866701,SUPREMEIND26OCT3800PE,SUPREMEIND,29OCT2026,380000.000000,175,OPTSTK,BFO,5.000000,100000000,False
866702,KAYNES26OCT3400CE,KAYNES,29OCT2026,340000.000000,150,OPTSTK,BFO,5.000000,100000000,False
866703,LTF26OCT270PE,LTF,29OCT2026,27000.000000,2250,OPTSTK,BFO,5.000000,267720,False
866731,BDL26OCT1180PE,BDL,29OCT2026,118000.000000,425,OPTSTK,BFO,5.000000,100000000,False
866734,PERSISTENT26OCT5000CE,PERSISTENT,29OCT2026,500000.000000,125,OPTSTK,BFO,5.000000,5250,False
866735,SENSEX26OCT73800CE,SENSEX,29OCT2026,7380000.000000,20,OPTIDX,BFO,5.000000,1000,False
866739,APOLLOHOSP26OCT8800CE,APOLLOHOSP,29OCT2026,880000.000000,125,OPTSTK,BFO,5.000000,5000,False
866749,ANGELONE26OCT290PE,ANGELONE,29OCT2026,29000.000000,2500,OPTSTK,BFO,5.000000,100000000,False
866766,INOXWIND26OCT57.5CE,INOXWIND,29OCT2026,5750.000000,6400,OPTSTK,BFO,5.000000,100000000,False
866771,KFINTECH26OCT800PE,KFINTECH,29OCT2026,80000.000000,575,OPTSTK,BFO,5.000000,100000000,False
866774,DRREDDY26OCT1180PE,DRREDDY,29OCT2026,118000.000000,625,OPTSTK,BFO,5.000000,5000,False
866776,BANKEX26OCT70400CE,BANKEX,29OCT2026,7040000.000000,30,OPTIDX,BFO,5.000000,900,False
866783,FOCIT26OCT38900CE,FOCIT,29OCT2026,3890000.000000,45,OPTIDX,BFO,5.000000,1350,False
866810,PFC26OCT460PE,PFC,29OCT2026,46000.000000,1300,OPTSTK,BFO,5.000000,124000,False
866839,CONCOR26OCT520PE,CONCOR,29OCT2026,52000.000000,1250,OPTSTK,BFO,5.000000,40000,False
866849,CONCOR26OCT525CE,CONCOR,29OCT2026,52500.000000,1250,OPTSTK,BFO,5.000000,40000,False
866852,IDEA26OCT13PE,IDEA,29OCT2026,1300.000000,71475,OPTSTK,BFO,5.000000,2400000,False
866854,COLPAL26OCT2060PE,COLPAL,29OCT2026,206000.000000,275,OPTSTK,BFO,5.000000,14000,False
866861,FOCIT26SEP31600PE,FOCIT,24SEP2026,3160000.000000,45,OPTIDX,BFO,5.000000,1350,False
866871,ETERNAL26OCT295CE,ETERNAL,29OCT2026,29500.000000,2425,OPTSTK,BFO,5.000000,100000000,False
866881,SAIL26OCT155CE,SAIL,29OCT2026,15500.000000,4700,OPTSTK,BFO,5.000000,320000,False
866895,BANKEX26OCT59700CE,BANKEX,29OCT2026,5970000.000000,30,OPTIDX,BFO,5.000000,900,False
866896,GAIL26OCT177.5PE,GAIL,29OCT2026,17750.000000,3550,OPTSTK,BFO,5.000000,274500,False
866900,TORNTPHARM26OCT4650PE,TORNTPHARM,29OCT2026,465000.000000,125,OPTSTK,BFO,5.000000,15000,False
866902,IOC26OCT147.5CE,IOC,29OCT2026,14750.000000,4875,OPTSTK,BFO,5.000000,292500,False
866926,AMBUJACEM26OCT405CE,AMBUJACEM,29OCT2026,40500.000000,1200,OPTSTK,BFO,5.000000,54000,False
866937,FOCIT26SEP36900CE,FOCIT,24SEP2026,3690000.000000,45,OPTIDX,BFO,5.000000,1350,False
866946,OFSS26OCT10800PE,OFSS,29OCT2026,1080000.000000,100,OPTSTK,BFO,5.000000,8000,False
866956,NMDC26OCT88CE,NMDC,29OCT2026,8800.000000,6750,OPTSTK,BFO,5.000000,225000,False
866957,RELIANCE26OCTFUT,RELIANCE,29OCT2026,0.000000,500,FUTSTK,BFO,5.000000,10000,False
866958,LTF26OCT275PE,LTF,29OCT2026,27500.000000,2250,OPTSTK,BFO,5.000000,267720,False
866960,SENSEX26OCT75500PE,SENSEX,29OCT2026,7550000.000000,20,OPTIDX,BFO,5.000000,1000,False
866963,KFINTECH26OCT1000CE,KFINTECH,29OCT2026,100000.000000,575,OPTSTK,BFO,5.000000,100000000,False
866975,SHREECEM26OCT25750CE,SHREECEM,29OCT2026,2575000.000000,25,OPTSTK,BFO,5.000000,1000,False
866993,POLICYBZR26OCT1700PE,POLICYBZR,29OCT2026,170000.000000,350,OPTSTK,BFO,5.000000,100000000,False
866997,IDFCFIRSTB26OCT90PE,IDFCFIRSTB,29OCT2026,9000.000000,9275,OPTSTK,BFO,5.000000,450000,False
867010,SWIGGY26OCT265PE,SWIGGY,29OCT2026,26500.000000,1825,OPTSTK,BFO,5.000000,100000000,False
867016,SENSEX26OCT84400CE,SENSEX,29OCT2026,8440000.000000,20,OPTIDX,BFO,5.000000,1000,False
867017,PATANJALI26OCT320CE,PATANJALI,29OCT2026,32000.000000,1075,OPTSTK,BFO,5.000000,100000000,False
867031,SAIL26OCT162.5PE,SAIL,29OCT2026,16250.000000,4700,OPTSTK,BFO,5.000000,320000,False
867032,COCHINSHIP26OCTFUT,COCHINSHIP,29OCT2026,0.000000,400,FUTSTK,BFO,5.000000,100000000,False
867034,UNOMINDA26OCT1280CE,UNOMINDA,29OCT2026,128000.000000,550,OPTSTK,BFO,5.000000,100000000,False
867035,HINDUNILVR26OCT2000CE,HINDUNILVR,29OCT2026,200000.000000,300,OPTSTK,BFO,5.000000,9000,False
867044,NATIONALUM26OCT290PE,NATIONALUM,29OCT2026,29000.000000,1875,OPTSTK,BFO,5.000000,300000,False
867046,NHPC26OCT77CE,NHPC,29OCT2026,7700.000000,6950,OPTSTK,BFO,5.000000,100000000,False
867057,POWERGRID26OCT287.5CE,POWERGRID,29OCT2026,28750.000000,1900,OPTSTK,BFO,5.000000,108000,False
867060,GODREJCP26OCT1050PE,GODREJCP,29OCT2026,105000.000000,500,OPTSTK,BFO,5.000000,30000,False
867062,PETRONET26OCT285PE,PETRONET,29OCT2026,28500.000000,1900,OPTSTK,BFO,5.000000,120000,False
867069,ADANIPORTS26OCT1640CE,ADANIPORTS,29OCT2026,164000.000000,475,OPTSTK,BFO,5.000000,32000,False
867082,BPCL26OCT330CE,BPCL,29OCT2026,33000.000000,1975,OPTSTK,BFO,5.000000,72000,False
867112,ITC26OCT300CE,ITC,29OCT2026,30000.000000,1725,OPTSTK,BFO,5.000000,64000,False
867118,SENSEX2691778300CE,SENSEX,17SEP2026,7830000.000000,20,OPTIDX,BFO,5.000000,1000,False
867135,SENSEX2691783000PE,SENSEX,17SEP2026,8300000.000000,20,OPTIDX,BFO,5.000000,1000,False
867138,SENSEX26OCT76100PE,SENSEX,29OCT2026,7610000.000000,20,OPTIDX,BFO,5.000000,1000,False
867140,MAXHEALTH26OCT1160PE,MAXHEALTH,29OCT2026,116000.000000,525,OPTSTK,BFO,5.000000,100000000,False
867148,BOSCHLTD26OCT39000CE,BOSCHLTD,29OCT2026,3900000.000000,25,OPTSTK,BFO,5.000000,1500,False
867183,MAXHEALTH26OCT1150CE,MAXHEALTH,29OCT2026,115000.000000,525,OPTSTK,BFO,5.000000,100000000,False
867187,ADANIENSOL26OCT1680CE,ADANIENSOL,29OCT2026,168000.000000,675,OPTSTK,BFO,5.000000,100000000,False
867191,NAUKRI26OCT1300CE,NAUKRI,29OCT2026,130000.000000,550,OPTSTK,BFO,5.000000,6000,False
867208,NAUKRI26OCT1140CE,NAUKRI,29OCT2026,114000.000000,550,OPTSTK,BFO,5.000000,6000,False
867211,NYKAA26OCT330PE,NYKAA,29OCT2026,33000.000000,3125,OPTSTK,BFO,5.000000,100000000,False
867225,NYKAA26OCT335CE,NYKAA,29OCT2026,33500.000000,3125,OPTSTK,BFO,5.000000,100000000,False
867232,SENSEX5026OCT25700PE,SENSEX50,29OCT2026,2570000.000000,75,OPTIDX,BFO,5.000000,1800,False
867233,BANKEX26OCT63100PE,BANKEX,29OCT2026,6310000.000000,30,OPTIDX,BFO,5.000000,900,False
867246,BANKEX26OCT67700PE,BANKEX,29OCT2026,6770000.000000,30,OPTIDX,BFO,5.000000,900,False
867257,PATANJALI26OCT325CE,PATANJALI,29OCT2026,32500.000000,1075,OPTSTK,BFO,5.000000,100000000,False
867266,PIDILITIND26OCT1680PE,PIDILITIND,29OCT2026,168000.000000,500,OPTSTK,BFO,5.000000,10000,False
867273,PGEL26OCT670PE,PGEL,29OCT2026,67000.000000,950,OPTSTK,BFO,5.000000,100000000,False
867285,GRASIM26OCT3080CE,GRASIM,29OCT2026,308000.000000,250,OPTSTK,BFO,5.000000,14250,False
867288,SENSEX26OCT84700PE,SENSEX,29OCT2026,8470000.000000,20,OPTIDX,BFO,5.000000,1000,False
867290,CUMMINSIND26OCTFUT,CUMMINSIND,29OCT2026,0.000000,200,FUTSTK,BFO,5.000000,18000,False
867296,TIINDIA26SEP2350PE,TIINDIA,24SEP2026,235000.000000,200,OPTSTK,BFO,5.000000,100000000,False
867304,APLAPOLLO26OCT1780CE,APLAPOLLO,29OCT2026,178000.000000,350,OPTSTK,BFO,5.000000,100000000,False
867309,INFY26OCT1180CE,INFY,29OCT2026,118000.000000,400,OPTSTK,BFO,5.000000,16000,False
867336,BIOCON26OCT455PE,BIOCON,29OCT2026,45500.000000,2500,OPTSTK,BFO,5.000000,100000,False
867344,HDFCLIFE26OCT565CE,HDFCLIFE,29OCT2026,56500.000000,1100,OPTSTK,BFO,5.000000,44000,False
867349,ICICIBANK26OCT1380PE,ICICIBANK,29OCT2026,138000.000000,700,OPTSTK,BFO,5.000000,28000,False
867354,APLAPOLLO26OCT1860PE,APLAPOLLO,29OCT2026,186000.000000,350,OPTSTK,BFO,5.000000,100000000,False
867363,TATACONSUM26OCT1070CE,TATACONSUM,29OCT2026,107000.000000,550,OPTSTK,BFO,5.000000,36000,False
867396,INDHOTEL26OCT770PE,INDHOTEL,29OCT2026,77000.000000,1000,OPTSTK,BFO,5.000000,60000,False
867403,PIDILITIND26OCT1740CE,PIDILITIND,29OCT2026,174000.000000,500,OPTSTK,BFO,5.000000,10000,False
867420,SUNPHARMA26OCT2060CE,SUNPHARMA,29OCT2026,206000.000000,350,OPTSTK,BFO,5.000000,28000,False
867422,RELIANCE26OCT1260PE,RELIANCE,29OCT2026,126000.000000,500,OPTSTK,BFO,5.000000,10000,False
867429,PAYTM26OCT1260PE,PAYTM,29OCT2026,126000.000000,725,OPTSTK,BFO,5.000000,100000000,False
867431,HINDPETRO26OCT360.75PE,HINDPETRO,29OCT2026,36075.000000,2025,OPTSTK,BFO,5.000000,108000,False
867438,FOCIT26SEP36200CE,FOCIT,24SEP2026,3620000.000000,45,OPTIDX,BFO,5.000000,1350,False
867447,IEX26OCTFUT,IEX,29OCT2026,0.000000,4350,FUTSTK,BFO,5.000000,150000,False
867460,SENSEX26OCT77100PE,SENSEX,29OCT2026,7710000.000000,20,OPTIDX,BFO,5.000000,1000,False
867484,FOCIT26OCT40800CE,FOCIT,29OCT2026,4080000.000000,45,OPTIDX,BFO,5.000000,1350,False
867490,SIEMENS26OCT3550PE,SIEMENS,29OCT2026,355000.000000,175,OPTSTK,BFO,5.000000,8250,False
867492,DIVISLAB26OCT8100CE,DIVISLAB,29OCT2026,810000.000000,100,OPTSTK,BFO,5.000000,8000,False
867512,AMBUJACEM26OCT445CE,AMBUJACEM,29OCT2026,44500.000000,1200,OPTSTK,BFO,5.000000,54000,False
867520,SIEMENS26OCT3700CE,SIEMENS,29OCT2026,370000.000000,175,OPTSTK,BFO,5.000000,8250,False
867523,INDUSINDBK26OCT1060CE,INDUSINDBK,29OCT2026,106000.000000,700,OPTSTK,BFO,5.000000,20000,False
867543,BANKEX26OCT65300CE,BANKEX,29OCT2026,6530000.000000,30,OPTIDX,BFO,5.000000,900,False
867552,HDFCAMC26OCT2750CE,HDFCAMC,29OCT2026,275000.000000,300,OPTSTK,BFO,5.000000,12000,False
867558,WAAREEENER26OCT2250CE,WAAREEENER,29OCT2026,225000.000000,175,OPTSTK,BFO,5.000000,100000000,False
867561,FOCIT26OCT38500PE,FOCIT,29OCT2026,3850000.000000,45,OPTIDX,BFO,5.000000,1350,False
867589,BANKEX26OCT61600CE,BANKEX,29OCT2026,6160000.000000,30,OPTIDX,BFO,5.000000,900,False
867634,SENSEX5026OCT25350CE,SENSEX50,29OCT2026,2535000.000000,75,OPTIDX,BFO,5.000000,1800,False
867641,CGPOWER26OCTFUT,CGPOWER,29OCT2026,0.000000,850,FUTSTK,BFO,5.000000,100000000,False
867642,SONACOMS26OCT820PE,SONACOMS,29OCT2026,82000.000000,1225,OPTSTK,BFO,5.000000,100000000,False
867683,LT26OCTFUT,LT,29OCT2026,0.000000,175,FUTSTK,BFO,5.000000,12000,False
867656,POWERGRID26OCT295CE,POWERGRID,29OCT2026,29500.000000,1900,OPTSTK,BFO,5.000000,108000,False
867673,SENSEX2691783200PE,SENSEX,17SEP2026,8320000.000000,20,OPTIDX,BFO,5.000000,1000,False
867693,IOC26OCT130PE,IOC,29OCT2026,13000.000000,4875,OPTSTK,BFO,5.000000,292500,False
867703,SENSEX2691774800CE,SENSEX,17SEP2026,7480000.000000,20,OPTIDX,BFO,5.000000,1000,False
867710,LAURUSLABS26OCT1780CE,LAURUSLABS,29OCT2026,178000.000000,850,OPTSTK,BFO,5.000000,68000,False
867712,SUNPHARMA26SEP2140CE,SUNPHARMA,24SEP2026,214000.000000,350,OPTSTK,BFO,5.000000,28000,False
867718,FOCIT26SEP43100CE,FOCIT,24SEP2026,4310000.000000,45,OPTIDX,BFO,5.000000,1350,False
867720,ITC26OCT282.5CE,ITC,29OCT2026,28250.000000,1725,OPTSTK,BFO,5.000000,64000,False
867722,AMBER26OCT6700PE,AMBER,29OCT2026,670000.000000,100,OPTSTK,BFO,5.000000,100000000,False
867727,OBEROIRLTY26OCT1780CE,OBEROIRLTY,29OCT2026,178000.000000,350,OPTSTK,BFO,5.000000,28000,False
867728,CUMMINSIND26OCT6000PE,CUMMINSIND,29OCT2026,600000.000000,200,OPTSTK,BFO,5.000000,18000,False
867744,JIOFIN26OCT265PE,JIOFIN,29OCT2026,26500.000000,2350,OPTSTK,BFO,5.000000,100000000,False
867750,PAYTM26OCT1480PE,PAYTM,29OCT2026,148000.000000,725,OPTSTK,BFO,5.000000,100000000,False
867759,MOTILALOFS26OCTFUT,MOTILALOFS,29OCT2026,0.000000,775,FUTSTK,BFO,5.000000,100000000,False
867762,BANKEX26OCT61000PE,BANKEX,29OCT2026,6100000.000000,30,OPTIDX,BFO,5.000000,900,False
867764,BANKEX26OCT63300PE,BANKEX,29OCT2026,6330000.000000,30,OPTIDX,BFO,5.000000,900,False
867768,ADANIGREEN26OCT1440CE,ADANIGREEN,29OCT2026,144000.000000,600,OPTSTK,BFO,5.000000,100000000,False
867783,SENSEX2691782500CE,SENSEX,17SEP2026,8250000.000000,20,OPTIDX,BFO,5.000000,1000,False
867791,SBICARD26OCT680PE,SBICARD,29OCT2026,68000.000000,800,OPTSTK,BFO,5.000000,32000,False
867812,WAAREEENER26OCT2800PE,WAAREEENER,29OCT2026,280000.000000,175,OPTSTK,BFO,5.000000,100000000,False
867830,CIPLA26OCT1430CE,CIPLA,29OCT2026,143000.000000,425,OPTSTK,BFO,5.000000,26000,False
867851,ADANIENT26OCT3050CE,ADANIENT,29OCT2026,305000.000000,309,OPTSTK,BFO,5.000000,9000,False
867854,INDIGO26OCT5700PE,INDIGO,29OCT2026,570000.000000,150,OPTSTK,BFO,5.000000,12000,False
867855,SENSEX26OCT83300CE,SENSEX,29OCT2026,8330000.000000,20,OPTIDX,BFO,5.000000,1000,False
867859,HDFCBANK26OCT820PE,HDFCBANK,29OCT2026,82000.000000,650,OPTSTK,BFO,5.000000,16500,False
867860,PNBHOUSING26OCT1060PE,PNBHOUSING,29OCT2026,106000.000000,650,OPTSTK,BFO,5.000000,100000000,False
867868,POWERINDIA26OCT34000CE,POWERINDIA,29OCT2026,3400000.000000,25,OPTSTK,BFO,5.000000,100000000,False
867870,FOCIT26OCT32400CE,FOCIT,29OCT2026,3240000.000000,45,OPTIDX,BFO,5.000000,1350,False
867885,IEX26OCT122.5PE,IEX,29OCT2026,12250.000000,4350,OPTSTK,BFO,5.000000,150000,False
867934,RADICO26OCT4500PE,RADICO,29OCT2026,450000.000000,150,OPTSTK,BFO,5.000000,100000000,False
867945,FOCIT26SEP34100CE,FOCIT,24SEP2026,3410000.000000,45,OPTIDX,BFO,5.000000,1350,False
867965,FOCIT26SEP43400PE,FOCIT,24SEP2026,4340000.000000,45,OPTIDX,BFO,5.000000,1350,False
868003,TATAPOWER26OCT365PE,TATAPOWER,29OCT2026,36500.000000,1450,OPTSTK,BFO,5.000000,101250,False
868024,VMM26OCT115CE,VMM,29OCT2026,11500.000000,4850,OPTSTK,BFO,5.000000,100000000,False
868036,BANKEX26OCT69200CE,BANKEX,29OCT2026,6920000.000000,30,OPTIDX,BFO,5.000000,900,False
868042,PATANJALI26OCT365PE,PATANJALI,29OCT2026,36500.000000,1075,OPTSTK,BFO,5.000000,100000000,False
868046,TCS26OCT2300PE,TCS,29OCT2026,230000.000000,225,OPTSTK,BFO,5.000000,7000,False
868052,DABUR26OCT455PE,DABUR,29OCT2026,45500.000000,1250,OPTSTK,BFO,5.000000,50000,False
868112,RADICO26OCT4250PE,RADICO,29OCT2026,425000.000000,150,OPTSTK,BFO,5.000000,100000000,False
868131,FOCIT26OCT34100PE,FOCIT,29OCT2026,3410000.000000,45,OPTIDX,BFO,5.000000,1350,False
868189,GRASIM26OCT3000PE,GRASIM,29OCT2026,300000.000000,250,OPTSTK,BFO,5.000000,14250,False
868205,SWIGGY26OCT305CE,SWIGGY,29OCT2026,30500.000000,1825,OPTSTK,BFO,5.000000,100000000,False
868215,CANBK26OCT112.5CE,CANBK,29OCT2026,11250.000000,6750,OPTSTK,BFO,5.000000,81000,False
868223,NTPC26OCT325CE,NTPC,29OCT2026,32500.000000,1500,OPTSTK,BFO,5.000000,150000,False
868226,ICICIPRULI26OCT515CE,ICICIPRULI,29OCT2026,51500.000000,925,OPTSTK,BFO,5.000000,60000,False
868236,ITC26OCT287.5PE,ITC,29OCT2026,28750.000000,1725,OPTSTK,BFO,5.000000,64000,False
868237,COCHINSHIP26OCT1280PE,COCHINSHIP,29OCT2026,128000.000000,400,OPTSTK,BFO,5.000000,100000000,False
868242,APOLLOHOSP26OCT8600PE,APOLLOHOSP,29OCT2026,860000.000000,125,OPTSTK,BFO,5.000000,5000,False
868247,BAJAJHLDNG26OCT10800PE,BAJAJHLDNG,29OCT2026,1080000.000000,75,OPTSTK,BFO,5.000000,100000000,False
868261,BAJFINANCE26OCT1020CE,BAJFINANCE,29OCT2026,102000.000000,750,OPTSTK,BFO,5.000000,3750,False
868265,UNITDSPR26OCT1620CE,UNITDSPR,29OCT2026,162000.000000,400,OPTSTK,BFO,5.000000,28000,False
868280,PRESTIGE26OCT1740CE,PRESTIGE,29OCT2026,174000.000000,450,OPTSTK,BFO,5.000000,100000000,False
868285,INDUSTOWER26OCT391PE,INDUSTOWER,29OCT2026,39100.000000,1700,OPTSTK,BFO,5.000000,170000,False
868301,CUMMINSIND26OCT5500CE,CUMMINSIND,29OCT2026,550000.000000,200,OPTSTK,BFO,5.000000,18000,False
868314,360ONE26OCT1160PE,,29OCT2026,116000.000000,500,OPTSTK,BFO,5.000000,100000000,False
868324,ABCAPITAL26OCT430CE,ABCAPITAL,29OCT2026,43000.000000,3100,OPTSTK,BFO,5.000000,162000,False
868332,SENSEX26OCT77200CE,SENSEX,29OCT2026,7720000.000000,20,OPTIDX,BFO,5.000000,1000,False
868333,SRF26OCT2900CE,SRF,29OCT2026,290000.000000,200,OPTSTK,BFO,5.000000,11250,False
868342,PGEL26OCT640CE,PGEL,29OCT2026,64000.000000,950,OPTSTK,BFO,5.000000,100000000,False
868365,BANKEX26OCT63500PE,BANKEX,29OCT2026,6350000.000000,30,OPTIDX,BFO,5.000000,900,False
868395,BIOCON26OCT425CE,BIOCON,29OCT2026,42500.000000,2500,OPTSTK,BFO,5.000000,100000,False
868399,SUNPHARMA26OCT1940PE,SUNPHARMA,29OCT2026,194000.000000,350,OPTSTK,BFO,5.000000,28000,False
868402,FORCEMOT26OCT16500CE,FORCEMOT,29OCT2026,1650000.000000,25,OPTSTK,BFO,5.000000,100000000,False
868417,CANBK26OCT117.5CE,CANBK,29OCT2026,11750.000000,6750,OPTSTK,BFO,5.000000,81000,False
868419,FEDERALBNK26OCT375PE,FEDERALBNK,29OCT2026,37500.000000,2500,OPTSTK,BFO,5.000000,200000,False
868421,ULTRACEMCO26OCT11700PE,ULTRACEMCO,29OCT2026,1170000.000000,50,OPTSTK,BFO,5.000000,3000,False
868429,NHPC26OCT73PE,NHPC,29OCT2026,7300.000000,6950,OPTSTK,BFO,5.000000,100000000,False
868431,KPITTECH26OCT600CE,KPITTECH,29OCT2026,60000.000000,775,OPTSTK,BFO,5.000000,100000000,False
868433,CIPLA26OCT1470CE,CIPLA,29OCT2026,147000.000000,425,OPTSTK,BFO,5.000000,26000,False
868458,FOCIT26OCT32600CE,FOCIT,29OCT2026,3260000.000000,45,OPTIDX,BFO,5.000000,1350,False
868459,SBIN26OCT990PE,SBIN,29OCT2026,99000.000000,750,OPTSTK,BFO,5.000000,45000,False
868492,BAJAJ-AUTO26OCT12100PE,BAJAJ-AUTO,29OCT2026,1210000.000000,75,OPTSTK,BFO,5.000000,5000,False
868502,COALINDIA26OCT425PE,COALINDIA,29OCT2026,42500.000000,1350,OPTSTK,BFO,5.000000,126000,False
868505,FOCIT26OCT42600CE,FOCIT,29OCT2026,4260000.000000,45,OPTIDX,BFO,5.000000,1350,False
868517,FOCIT26SEP36600CE,FOCIT,24SEP2026,3660000.000000,45,OPTIDX,BFO,5.000000,1350,False
868547,BOSCHLTD26OCT44000CE,BOSCHLTD,29OCT2026,4400000.000000,25,OPTSTK,BFO,5.000000,1500,False
868548,NESTLEIND26OCT1520CE,NESTLEIND,29OCT2026,152000.000000,500,OPTSTK,BFO,5.000000,1200,False
868551,TECHM26OCT1760CE,TECHM,29OCT2026,176000.000000,600,OPTSTK,BFO,5.000000,24000,False
868565,DMART26OCT4050PE,DMART,29OCT2026,405000.000000,150,OPTSTK,BFO,5.000000,100000000,False
868580,ANGELONE26OCT280CE,ANGELONE,29OCT2026,28000.000000,2500,OPTSTK,BFO,5.000000,100000000,False
868584,TCS26OCT2500PE,TCS,29OCT2026,250000.000000,225,OPTSTK,BFO,5.000000,7000,False
868590,LAURUSLABS26OCT1700PE,LAURUSLABS,29OCT2026,170000.000000,850,OPTSTK,BFO,5.000000,68000,False
868594,NAM-INDIA26OCT1180PE,NAM-INDIA,29OCT2026,118000.000000,625,OPTSTK,BFO,5.000000,100000000,False
868601,PHOENIXLTD26OCT1780PE,PHOENIXLTD,29OCT2026,178000.000000,350,OPTSTK,BFO,5.000000,100000000,False
868611,BAJAJ-AUTO26OCT11400CE,BAJAJ-AUTO,29OCT2026,1140000.000000,75,OPTSTK,BFO,5.000000,5000,False
868623,BANKEX26OCT61100CE,BANKEX,29OCT2026,6110000.000000,30,OPTIDX,BFO,5.000000,900,False
868628,JSWSTEEL26OCT1140PE,JSWSTEEL,29OCT2026,114000.000000,675,OPTSTK,BFO,5.000000,40500,False
868629,GVT&D26OCT3700CE,GVT&D,29OCT2026,370000.000000,125,OPTSTK,BFO,5.000000,100000000,False
868632,RADICO26OCT4450PE,RADICO,29OCT2026,445000.000000,150,OPTSTK,BFO,5.000000,100000000,False
868653,MARICO26OCT940PE,MARICO,29OCT2026,94000.000000,1200,OPTSTK,BFO,5.000000,48000,False
868656,NHPC26OCT74CE,NHPC,29OCT2026,7400.000000,6950,OPTSTK,BFO,5.000000,100000000,False
868660,BHARATFORG26OCT2080CE,BHARATFORG,29OCT2026,208000.000000,500,OPTSTK,BFO,5.000000,30000,False
868661,RADICO26OCT4600CE,RADICO,29OCT2026,460000.000000,150,OPTSTK,BFO,5.000000,100000000,False
868663,FOCIT26SEP40600CE,FOCIT,24SEP2026,4060000.000000,45,OPTIDX,BFO,5.000000,1350,False
868686,POWERINDIA26OCT27500CE,POWERINDIA,29OCT2026,2750000.000000,25,OPTSTK,BFO,5.000000,100000000,False
868694,SOLARINDS26OCT18000PE,SOLARINDS,29OCT2026,1800000.000000,50,OPTSTK,BFO,5.000000,100000000,False
868724,MANAPPURAM26OCT345PE,MANAPPURAM,29OCT2026,34500.000000,3000,OPTSTK,BFO,5.000000,180000,False
868839,FOCIT26OCT32900PE,FOCIT,29OCT2026,3290000.000000,45,OPTIDX,BFO,5.000000,1350,False
868841,BDL26OCTFUT,BDL,29OCT2026,0.000000,425,FUTSTK,BFO,5.000000,100000000,False
869117,IOC26OCT132.5CE,IOC,29OCT2026,13250.000000,4875,OPTSTK,BFO,5.000000,292500,False
869119,FOCIT26OCT42000PE,FOCIT,29OCT2026,4200000.000000,45,OPTIDX,BFO,5.000000,1350,False
869194,PAYTM26OCT1220CE,PAYTM,29OCT2026,122000.000000,725,OPTSTK,BFO,5.000000,100000000,False
869249,ONGC26OCT242.5CE,ONGC,29OCT2026,24250.000000,2250,OPTSTK,BFO,5.000000,154000,False
869701,CROMPTON26OCT240PE,CROMPTON,29OCT2026,24000.000000,2150,OPTSTK,BFO,5.000000,90000,False
869702,SUNPHARMA26OCT2100CE,SUNPHARMA,29OCT2026,210000.000000,350,OPTSTK,BFO,5.000000,28000,False
870090,HINDALCO26OCT1100PE,HINDALCO,29OCT2026,110000.000000,700,OPTSTK,BFO,5.000000,56000,False
870162,ITC26OCT295PE,ITC,29OCT2026,29500.000000,1725,OPTSTK,BFO,5.000000,64000,False
870218,PIDILITIND26OCT1700PE,PIDILITIND,29OCT2026,170000.000000,500,OPTSTK,BFO,5.000000,10000,False
870317,DRREDDY26OCT1170PE,DRREDDY,29OCT2026,117000.000000,625,OPTSTK,BFO,5.000000,5000,False
870337,BANKEX26OCT65100PE,BANKEX,29OCT2026,6510000.000000,30,OPTIDX,BFO,5.000000,900,False
870547,ADANIPORTS26SEP1520PE,ADANIPORTS,24SEP2026,152000.000000,475,OPTSTK,BFO,5.000000,32000,False
870576,APLAPOLLO26OCT1800CE,APLAPOLLO,29OCT2026,180000.000000,350,OPTSTK,BFO,5.000000,100000000,False
870887,PGEL26OCT680CE,PGEL,29OCT2026,68000.000000,950,OPTSTK,BFO,5.000000,100000000,False
870956,HAVELLS26OCT1120CE,HAVELLS,29OCT2026,112000.000000,500,OPTSTK,BFO,5.000000,20000,False
871049,SAIL26OCT177.5CE,SAIL,29OCT2026,17750.000000,4700,OPTSTK,BFO,5.000000,320000,False
871089,CONCOR26OCT510PE,CONCOR,29OCT2026,51000.000000,1250,OPTSTK,BFO,5.000000,40000,False
871144,RBLBANK26OCT405PE,RBLBANK,29OCT2026,40500.000000,3175,OPTSTK,BFO,5.000000,150000,False
871236,SENSEX2691782900CE,SENSEX,17SEP2026,8290000.000000,20,OPTIDX,BFO,5.000000,1000,False
871268,ETERNAL26OCT280PE,ETERNAL,29OCT2026,28000.000000,2425,OPTSTK,BFO,5.000000,100000000,False
871312,LICI26OCT455PE,LICI,29OCT2026,45500.000000,1400,OPTSTK,BFO,5.000000,100000000,False
871441,FOCIT26SEP40900PE,FOCIT,24SEP2026,4090000.000000,45,OPTIDX,BFO,5.000000,1350,False
871463,BHEL26OCT395CE,BHEL,29OCT2026,39500.000000,2625,OPTSTK,BFO,5.000000,315000,False
871546,POLICYBZR26OCT1620PE,POLICYBZR,29OCT2026,162000.000000,350,OPTSTK,BFO,5.000000,100000000,False
871566,ICICIPRULI26OCT530PE,ICICIPRULI,29OCT2026,53000.000000,925,OPTSTK,BFO,5.000000,60000,False
871579,FOCIT26OCT36500CE,FOCIT,29OCT2026,3650000.000000,45,OPTIDX,BFO,5.000000,1350,False
871659,GAIL26OCT167.5PE,GAIL,29OCT2026,16750.000000,3550,OPTSTK,BFO,5.000000,274500,False
871692,JIOFIN26OCT242.5PE,JIOFIN,29OCT2026,24250.000000,2350,OPTSTK,BFO,5.000000,100000000,False
871790,BRITANNIA26OCT5650PE,BRITANNIA,29OCT2026,565000.000000,125,OPTSTK,BFO,5.000000,6000,False
871795,LT26OCT3800PE,LT,29OCT2026,380000.000000,175,OPTSTK,BFO,5.000000,12000,False
871947,SENSEX26OCT83700CE,SENSEX,29OCT2026,8370000.000000,20,OPTIDX,BFO,5.000000,1000,False
872228,BOSCHLTD26OCT39000PE,BOSCHLTD,29OCT2026,3900000.000000,25,OPTSTK,BFO,5.000000,1500,False
872278,BEL26OCT400CE,BEL,29OCT2026,40000.000000,1425,OPTSTK,BFO,5.000000,228000,False
872287,AXISBANK26OCT1220CE,AXISBANK,29OCT2026,122000.000000,625,OPTSTK,BFO,5.000000,25000,False
872337,FOCIT26OCT44200CE,FOCIT,29OCT2026,4420000.000000,45,OPTIDX,BFO,5.000000,1350,False
872460,LODHA26OCT1220CE,LODHA,29OCT2026,122000.000000,625,OPTSTK,BFO,5.000000,100000000,False
872641,ASHOKLEY26OCT147.5PE,ASHOKLEY,29OCT2026,14750.000000,5000,OPTSTK,BFO,5.000000,150000,False
872730,KOTAKBANK26OCT370PE,KOTAKBANK,29OCT2026,37000.000000,2000,OPTSTK,BFO,5.000000,12000,False
872922,SBILIFE26OCT1820PE,SBILIFE,29OCT2026,182000.000000,375,OPTSTK,BFO,5.000000,22500,False
872978,NESTLEIND26OCT1570PE,NESTLEIND,29OCT2026,157000.000000,500,OPTSTK,BFO,5.000000,1200,False
873070,PFC26OCT455PE,PFC,29OCT2026,45500.000000,1300,OPTSTK,BFO,5.000000,124000,False
873083,LAURUSLABS26OCT1820CE,LAURUSLABS,29OCT2026,182000.000000,850,OPTSTK,BFO,5.000000,68000,False
873687,ETERNAL26OCT285PE,ETERNAL,29OCT2026,28500.000000,2425,OPTSTK,BFO,5.000000,100000000,False
873828,RBLBANK26OCT375CE,RBLBANK,29OCT2026,37500.000000,3175,OPTSTK,BFO,5.000000,150000,False
873830,OFSS26OCT11400CE,OFSS,29OCT2026,1140000.000000,100,OPTSTK,BFO,5.000000,8000,False
874345,BANKEX26OCT65900CE,BANKEX,29OCT2026,6590000.000000,30,OPTIDX,BFO,5.000000,900,False
874411,FOCIT26OCT34500PE,FOCIT,29OCT2026,3450000.000000,45,OPTIDX,BFO,5.000000,1350,False
874581,FOCIT26SEP40800CE,FOCIT,24SEP2026,4080000.000000,45,OPTIDX,BFO,5.000000,1350,False
874904,BANKEX26OCT59000PE,BANKEX,29OCT2026,5900000.000000,30,OPTIDX,BFO,5.000000,900,False
874956,BANKEX26OCT71300CE,BANKEX,29OCT2026,7130000.000000,30,OPTIDX,BFO,5.000000,900,False
875125,GRASIM26OCT3080PE,GRASIM,29OCT2026,308000.000000,250,OPTSTK,BFO,5.000000,14250,False
875275,MOTILALOFS26OCT700CE,MOTILALOFS,29OCT2026,70000.000000,775,OPTSTK,BFO,5.000000,100000000,False
875415,RELIANCE26OCT1260CE,RELIANCE,29OCT2026,126000.000000,500,OPTSTK,BFO,5.000000,10000,False
875327,IDFCFIRSTB26OCT81CE,IDFCFIRSTB,29OCT2026,8100.000000,9275,OPTSTK,BFO,5.000000,450000,False
875389,KFINTECH26OCT920PE,KFINTECH,29OCT2026,92000.000000,575,OPTSTK,BFO,5.000000,100000000,False
875514,GLENMARK26OCT2120CE,GLENMARK,29OCT2026,212000.000000,375,OPTSTK,BFO,5.000000,43500,False
875579,AMBUJACEM26OCT430CE,AMBUJACEM,29OCT2026,43000.000000,1200,OPTSTK,BFO,5.000000,54000,False
875703,LAURUSLABS26OCT1640CE,LAURUSLABS,29OCT2026,164000.000000,850,OPTSTK,BFO,5.000000,68000,False
875758,SENSEX2691774500CE,SENSEX,17SEP2026,7450000.000000,20,OPTIDX,BFO,5.000000,1000,False
875809,SENSEX5026OCT24750PE,SENSEX50,29OCT2026,2475000.000000,75,OPTIDX,BFO,5.000000,1800,False
875865,PIDILITIND26OCT1660CE,PIDILITIND,29OCT2026,166000.000000,500,OPTSTK,BFO,5.000000,10000,False
875954,JINDALSTEL26OCT1060CE,JINDALSTEL,29OCT2026,106000.000000,625,OPTSTK,BFO,5.000000,37500,False
876063,PAYTM26OCT1340PE,PAYTM,29OCT2026,134000.000000,725,OPTSTK,BFO,5.000000,100000000,False
876102,CROMPTON26OCT285CE,CROMPTON,29OCT2026,28500.000000,2150,OPTSTK,BFO,5.000000,90000,False
876178,BPCL26OCT325CE,BPCL,29OCT2026,32500.000000,1975,OPTSTK,BFO,5.000000,72000,False
876279,IDEA26OCT17CE,IDEA,29OCT2026,1700.000000,71475,OPTSTK,BFO,5.000000,2400000,False
876335,BANKEX26OCT65300PE,BANKEX,29OCT2026,6530000.000000,30,OPTIDX,BFO,5.000000,900,False
876354,CHOLAFIN26OCT1760CE,CHOLAFIN,29OCT2026,176000.000000,625,OPTSTK,BFO,5.000000,25000,False
876356,HCLTECH26OCT1370PE,HCLTECH,29OCT2026,137000.000000,400,OPTSTK,BFO,5.000000,21000,False
876383,ADANIPORTS26SEP1560PE,ADANIPORTS,24SEP2026,156000.000000,475,OPTSTK,BFO,5.000000,32000,False
876401,ASHOKLEY26OCT150PE,ASHOKLEY,29OCT2026,15000.000000,5000,OPTSTK,BFO,5.000000,150000,False
876403,TIINDIA26OCT2550PE,TIINDIA,29OCT2026,255000.000000,200,OPTSTK,BFO,5.000000,100000000,False
876409,BANKEX26OCT63900PE,BANKEX,29OCT2026,6390000.000000,30,OPTIDX,BFO,5.000000,900,False
876434,HEROMOTOCO26OCT6000PE,HEROMOTOCO,29OCT2026,600000.000000,150,OPTSTK,BFO,5.000000,9000,False
876450,GMRAIRPORT26OCTFUT,GMRAIRPORT,29OCT2026,0.000000,6975,FUTSTK,BFO,5.000000,675000,False
876458,BDL26OCT1100PE,BDL,29OCT2026,110000.000000,425,OPTSTK,BFO,5.000000,100000000,False
876460,BLUESTARCO26OCT1640CE,BLUESTARCO,29OCT2026,164000.000000,325,OPTSTK,BFO,5.000000,100000000,False
876467,COCHINSHIP26OCT1400CE,COCHINSHIP,29OCT2026,140000.000000,400,OPTSTK,BFO,5.000000,100000000,False
876480,INDUSINDBK26OCT1060PE,INDUSINDBK,29OCT2026,106000.000000,700,OPTSTK,BFO,5.000000,20000,False
876483,ICICIBANK26OCT1430CE,ICICIBANK,29OCT2026,143000.000000,700,OPTSTK,BFO,5.000000,28000,False
876484,KPITTECH26OCT530PE,KPITTECH,29OCT2026,53000.000000,775,OPTSTK,BFO,5.000000,100000000,False
876487,BANKEX26OCT71600PE,BANKEX,29OCT2026,7160000.000000,30,OPTIDX,BFO,5.000000,900,False
876490,JINDALSTEL26SEP1240PE,JINDALSTEL,24SEP2026,124000.000000,625,OPTSTK,BFO,5.000000,37500,False
876494,JUBLFOOD26OCT460PE,JUBLFOOD,29OCT2026,46000.000000,1250,OPTSTK,BFO,5.000000,50000,False
876503,TATAELXSI26OCT3650CE,TATAELXSI,29OCT2026,365000.000000,125,OPTSTK,BFO,5.000000,100000000,False
876505,AMBUJACEM26OCT435CE,AMBUJACEM,29OCT2026,43500.000000,1200,OPTSTK,BFO,5.000000,54000,False
876507,FOCIT26OCT30700CE,FOCIT,29OCT2026,3070000.000000,45,OPTIDX,BFO,5.000000,1350,False
876509,VOLTAS26OCT1440CE,VOLTAS,29OCT2026,144000.000000,375,OPTSTK,BFO,5.000000,30000,False
876522,COCHINSHIP26OCT1320PE,COCHINSHIP,29OCT2026,132000.000000,400,OPTSTK,BFO,5.000000,100000000,False
876529,WAAREEENER26OCT2400CE,WAAREEENER,29OCT2026,240000.000000,175,OPTSTK,BFO,5.000000,100000000,False
876542,TIINDIA26OCT2450CE,TIINDIA,29OCT2026,245000.000000,200,OPTSTK,BFO,5.000000,100000000,False
876545,LODHA26OCT1420CE,LODHA,29OCT2026,142000.000000,625,OPTSTK,BFO,5.000000,100000000,False
876547,SUPREMEIND26OCTFUT,SUPREMEIND,29OCT2026,0.000000,175,FUTSTK,BFO,5.000000,100000000,False
876561,BAJFINANCE26OCTFUT,BAJFINANCE,29OCT2026,0.000000,750,FUTSTK,BFO,5.000000,3750,False
876578,MCX26OCT2650PE,MCX,29OCT2026,265000.000000,225,OPTSTK,BFO,5.000000,16000,False
876579,SIEMENS26OCT3450PE,SIEMENS,29OCT2026,345000.000000,175,OPTSTK,BFO,5.000000,8250,False
876583,AXISBANK26OCT1340PE,AXISBANK,29OCT2026,134000.000000,625,OPTSTK,BFO,5.000000,25000,False
876589,ADANIPORTS26OCT1680PE,ADANIPORTS,29OCT2026,168000.000000,475,OPTSTK,BFO,5.000000,32000,False
876603,360ONE26OCT1200PE,,29OCT2026,120000.000000,500,OPTSTK,BFO,5.000000,100000000,False
876650,POLICYBZR26OCT1640PE,POLICYBZR,29OCT2026,164000.000000,350,OPTSTK,BFO,5.000000,100000000,False
876606,SENSEX2691780200PE,SENSEX,17SEP2026,8020000.000000,20,OPTIDX,BFO,5.000000,1000,False
876622,HYUNDAI26OCT2020CE,HYUNDAI,29OCT2026,202000.000000,275,OPTSTK,BFO,5.000000,100000000,False
876644,SONACOMS26OCT810PE,SONACOMS,29OCT2026,81000.000000,1225,OPTSTK,BFO,5.000000,100000000,False
876651,IDFCFIRSTB26OCT78PE,IDFCFIRSTB,29OCT2026,7800.000000,9275,OPTSTK,BFO,5.000000,450000,False
876659,POWERGRID26OCT285CE,POWERGRID,29OCT2026,28500.000000,1900,OPTSTK,BFO,5.000000,108000,False
876661,SWIGGY26SEP325CE,SWIGGY,24SEP2026,32500.000000,1825,OPTSTK,BFO,5.000000,100000000,False
876674,SENSEX26OCT81000PE,SENSEX,29OCT2026,8100000.000000,20,OPTIDX,BFO,5.000000,1000,False
876687,PIIND26OCT3000CE,PIIND,29OCT2026,300000.000000,175,OPTSTK,BFO,5.000000,7500,False
876689,BANDHANBNK26OCT190CE,BANDHANBNK,29OCT2026,19000.000000,3600,OPTSTK,BFO,5.000000,100000,False
876699,JSWSTEEL26OCT1380PE,JSWSTEEL,29OCT2026,138000.000000,675,OPTSTK,BFO,5.000000,40500,False
876719,AUBANK26OCT900PE,AUBANK,29OCT2026,90000.000000,1000,OPTSTK,BFO,5.000000,30000,False
876726,TVSMOTOR26OCT3850CE,TVSMOTOR,29OCT2026,385000.000000,175,OPTSTK,BFO,5.000000,21000,False
876733,360ONE26OCT1100CE,,29OCT2026,110000.000000,500,OPTSTK,BFO,5.000000,100000000,False
876737,APOLLOHOSP26OCT8300PE,APOLLOHOSP,29OCT2026,830000.000000,125,OPTSTK,BFO,5.000000,5000,False
876748,MARICO26OCT820CE,MARICO,29OCT2026,82000.000000,1200,OPTSTK,BFO,5.000000,48000,False
876749,FOCIT26OCT37700CE,FOCIT,29OCT2026,3770000.000000,45,OPTIDX,BFO,5.000000,1350,False
876812,SENSEX2691778400CE,SENSEX,17SEP2026,7840000.000000,20,OPTIDX,BFO,5.000000,1000,False
876903,BOSCHLTD26OCTFUT,BOSCHLTD,29OCT2026,0.000000,25,FUTSTK,BFO,5.000000,1500,False
876911,HDFCBANK26OCT740PE,HDFCBANK,29OCT2026,74000.000000,650,OPTSTK,BFO,5.000000,16500,False
876925,FOCIT26SEP34100PE,FOCIT,24SEP2026,3410000.000000,45,OPTIDX,BFO,5.000000,1350,False
876928,AUROPHARMA26OCT1580PE,AUROPHARMA,29OCT2026,158000.000000,550,OPTSTK,BFO,5.000000,44000,False
876935,HEROMOTOCO26OCT5600PE,HEROMOTOCO,29OCT2026,560000.000000,150,OPTSTK,BFO,5.000000,9000,False
877003,DABUR26OCT440PE,DABUR,29OCT2026,44000.000000,1250,OPTSTK,BFO,5.000000,50000,False
877012,PERSISTENT26OCT5400PE,PERSISTENT,29OCT2026,540000.000000,125,OPTSTK,BFO,5.000000,5250,False
877042,BAJAJHLDNG26OCT11200CE,BAJAJHLDNG,29OCT2026,1120000.000000,75,OPTSTK,BFO,5.000000,100000000,False
877230,HDFCBANK26OCT810PE,HDFCBANK,29OCT2026,81000.000000,650,OPTSTK,BFO,5.000000,16500,False
877311,GLENMARK26OCT2080PE,GLENMARK,29OCT2026,208000.000000,375,OPTSTK,BFO,5.000000,43500,False
877314,SWIGGY26SEP325PE,SWIGGY,24SEP2026,32500.000000,1825,OPTSTK,BFO,5.000000,100000000,False
877355,SENSEX2691780100CE,SENSEX,17SEP2026,8010000.000000,20,OPTIDX,BFO,5.000000,1000,False
877367,SENSEX26OCT73200CE,SENSEX,29OCT2026,7320000.000000,20,OPTIDX,BFO,5.000000,1000,False
877418,JSWENERGY26OCT560PE,JSWENERGY,29OCT2026,56000.000000,1075,OPTSTK,BFO,5.000000,100000000,False
877486,LICI26OCT425CE,LICI,29OCT2026,42500.000000,1400,OPTSTK,BFO,5.000000,100000000,False
877703,LUPIN26OCT2500PE,LUPIN,29OCT2026,250000.000000,425,OPTSTK,BFO,5.000000,34000,False
877704,ZYDUSLIFE26OCT1100PE,ZYDUSLIFE,29OCT2026,110000.000000,900,OPTSTK,BFO,5.000000,54000,False
877706,DELHIVERY26OCT445CE,DELHIVERY,29OCT2026,44500.000000,2075,OPTSTK,BFO,5.000000,100000000,False
877725,DIVISLAB26OCT8300PE,DIVISLAB,29OCT2026,830000.000000,100,OPTSTK,BFO,5.000000,8000,False
877746,BLUESTARCO26OCT1840CE,BLUESTARCO,29OCT2026,184000.000000,325,OPTSTK,BFO,5.000000,100000000,False
877836,DLF26OCT640PE,DLF,29OCT2026,64000.000000,950,OPTSTK,BFO,5.000000,49500,False
877814,HDFCAMC26OCT2200CE,HDFCAMC,29OCT2026,220000.000000,300,OPTSTK,BFO,5.000000,12000,False
877854,SENSEX2691774100PE,SENSEX,17SEP2026,7410000.000000,20,OPTIDX,BFO,5.000000,1000,False
877892,FOCIT26OCT30900CE,FOCIT,29OCT2026,3090000.000000,45,OPTIDX,BFO,5.000000,1350,False
877910,SENSEX30JUN75000CE,SENSEX,27JUN2030,7500000.000000,20,OPTIDX,BFO,5.000000,1000,False
877920,PIIND26OCT2600CE,PIIND,29OCT2026,260000.000000,175,OPTSTK,BFO,5.000000,7500,False
877923,BLUESTARCO26OCT1760PE,BLUESTARCO,29OCT2026,176000.000000,325,OPTSTK,BFO,5.000000,100000000,False
877941,COCHINSHIP26OCT1520PE,COCHINSHIP,29OCT2026,152000.000000,400,OPTSTK,BFO,5.000000,100000000,False
878021,INDIANB26OCT760CE,INDIANB,29OCT2026,76000.000000,1000,OPTSTK,BFO,5.000000,100000000,False
878023,SENSEX2691784100PE,SENSEX,17SEP2026,8410000.000000,20,OPTIDX,BFO,5.000000,1000,False
878037,HINDUNILVR26OCT2240PE,HINDUNILVR,29OCT2026,224000.000000,300,OPTSTK,BFO,5.000000,9000,False
878102,SUZLON26OCT53PE,SUZLON,29OCT2026,5300.000000,12700,OPTSTK,BFO,5.000000,100000000,False
878124,TVSMOTOR26OCT4100PE,TVSMOTOR,29OCT2026,410000.000000,175,OPTSTK,BFO,5.000000,21000,False
878125,FOCIT26SEP34900CE,FOCIT,24SEP2026,3490000.000000,45,OPTIDX,BFO,5.000000,1350,False
878128,ANGELONE26OCT325CE,ANGELONE,29OCT2026,32500.000000,2500,OPTSTK,BFO,5.000000,100000000,False
878132,M&M26OCT3050PE,M&M,29OCT2026,305000.000000,200,OPTSTK,BFO,5.000000,21000,False
878133,HINDZINC26OCT580PE,HINDZINC,29OCT2026,58000.000000,1225,OPTSTK,BFO,5.000000,100000000,False
878154,FORTIS26OCT950PE,FORTIS,29OCT2026,95000.000000,775,OPTSTK,BFO,5.000000,100000000,False
878182,SENSEX29JUN75000PE,SENSEX,28JUN2029,7500000.000000,20,OPTIDX,BFO,5.000000,1000,False
878206,ADANIPOWER26OCT215CE,ADANIPOWER,29OCT2026,21500.000000,3550,OPTSTK,BFO,5.000000,100000000,False
878270,FOCIT26OCT36300PE,FOCIT,29OCT2026,3630000.000000,45,OPTIDX,BFO,5.000000,1350,False
878284,BEL26OCT390CE,BEL,29OCT2026,39000.000000,1425,OPTSTK,BFO,5.000000,228000,False
878309,DIXON26OCT14500PE,DIXON,29OCT2026,1450000.000000,50,OPTSTK,BFO,5.000000,6000,False
878322,SENSEX26OCT76500CE,SENSEX,29OCT2026,7650000.000000,20,OPTIDX,BFO,5.000000,1000,False
878327,KEI26OCT4100CE,KEI,29OCT2026,410000.000000,175,OPTSTK,BFO,5.000000,100000000,False
878364,COCHINSHIP26OCT1260CE,COCHINSHIP,29OCT2026,126000.000000,400,OPTSTK,BFO,5.000000,100000000,False
878413,BHEL26OCT435CE,BHEL,29OCT2026,43500.000000,2625,OPTSTK,BFO,5.000000,315000,False
878417,HINDZINC26OCT490PE,HINDZINC,29OCT2026,49000.000000,1225,OPTSTK,BFO,5.000000,100000000,False
878434,PNB26OCT118PE,PNB,29OCT2026,11800.000000,8000,OPTSTK,BFO,5.000000,480000,False
878460,FOCIT26OCT39300CE,FOCIT,29OCT2026,3930000.000000,45,OPTIDX,BFO,5.000000,1350,False
878490,FOCIT26OCT44000PE,FOCIT,29OCT2026,4400000.000000,45,OPTIDX,BFO,5.000000,1350,False
878493,COALINDIA26OCT410PE,COALINDIA,29OCT2026,41000.000000,1350,OPTSTK,BFO,5.000000,126000,False
878526,DRREDDY26OCT1110CE,DRREDDY,29OCT2026,111000.000000,625,OPTSTK,BFO,5.000000,5000,False
878553,BPCL26OCT345PE,BPCL,29OCT2026,34500.000000,1975,OPTSTK,BFO,5.000000,72000,False
878568,ADANIGREEN26OCT1480PE,ADANIGREEN,29OCT2026,148000.000000,600,OPTSTK,BFO,5.000000,100000000,False
878696,POWERINDIA26OCT33500CE,POWERINDIA,29OCT2026,3350000.000000,25,OPTSTK,BFO,5.000000,100000000,False
878700,MOTILALOFS26OCT780CE,MOTILALOFS,29OCT2026,78000.000000,775,OPTSTK,BFO,5.000000,100000000,False
878704,GODREJCP26OCT1000CE,GODREJCP,29OCT2026,100000.000000,500,OPTSTK,BFO,5.000000,30000,False
878705,PATANJALI26OCT390PE,PATANJALI,29OCT2026,39000.000000,1075,OPTSTK,BFO,5.000000,100000000,False
878720,SENSEX2691772600CE,SENSEX,17SEP2026,7260000.000000,20,OPTIDX,BFO,5.000000,1000,False
878732,TITAN26OCT5100PE,TITAN,29OCT2026,510000.000000,175,OPTSTK,BFO,5.000000,11250,False
878737,ADANIENT26OCT3250PE,ADANIENT,29OCT2026,325000.000000,309,OPTSTK,BFO,5.000000,9000,False
878925,SENSEX28JUN74000CE,SENSEX,29JUN2028,7400000.000000,20,OPTIDX,BFO,5.000000,1000,False
880060,SENSEX26SEP74000CE,SENSEX,24SEP2026,7400000.000000,20,OPTIDX,BFO,5.000000,1000,False
880155,ZYDUSLIFE26OCT1200CE,ZYDUSLIFE,29OCT2026,120000.000000,900,OPTSTK,BFO,5.000000,54000,False
880204,SUZLON26OCT55CE,SUZLON,29OCT2026,5500.000000,12700,OPTSTK,BFO,5.000000,100000000,False
880226,TORNTPHARM26OCT5400CE,TORNTPHARM,29OCT2026,540000.000000,125,OPTSTK,BFO,5.000000,15000,False
880247,OIL26OCT495PE,OIL,29OCT2026,49500.000000,1400,OPTSTK,BFO,5.000000,100000000,False
880263,HYUNDAI26SEP2180CE,HYUNDAI,24SEP2026,218000.000000,275,OPTSTK,BFO,5.000000,100000000,False
880305,JIOFIN26SEP275PE,JIOFIN,24SEP2026,27500.000000,2350,OPTSTK,BFO,5.000000,100000000,False
880318,APLAPOLLO26OCT1680PE,APLAPOLLO,29OCT2026,168000.000000,350,OPTSTK,BFO,5.000000,100000000,False
880324,SHREECEM26OCT24500CE,SHREECEM,29OCT2026,2450000.000000,25,OPTSTK,BFO,5.000000,1000,False
880327,FOCIT26SEP30100PE,FOCIT,24SEP2026,3010000.000000,45,OPTIDX,BFO,5.000000,1350,False
880351,SENSEX29DEC74000PE,SENSEX,27DEC2029,7400000.000000,20,OPTIDX,BFO,5.000000,1000,False
880473,SUZLON26OCT55PE,SUZLON,29OCT2026,5500.000000,12700,OPTSTK,BFO,5.000000,100000000,False
880553,BAJAJFINSV26OCT2140PE,BAJAJFINSV,29OCT2026,214000.000000,300,OPTSTK,BFO,5.000000,20000,False
880648,HYUNDAI26OCT2260PE,HYUNDAI,29OCT2026,226000.000000,275,OPTSTK,BFO,5.000000,100000000,False
880654,SENSEX27JUN80000CE,SENSEX,24JUN2027,8000000.000000,20,OPTIDX,BFO,5.000000,1000,False
880690,ETERNAL26OCT265CE,ETERNAL,29OCT2026,26500.000000,2425,OPTSTK,BFO,5.000000,100000000,False
880713,SIEMENS26SEP4100CE,SIEMENS,24SEP2026,410000.000000,175,OPTSTK,BFO,5.000000,8250,False
880718,LICHSGFIN26SEP450PE,LICHSGFIN,24SEP2026,45000.000000,1000,OPTSTK,BFO,5.000000,60000,False
880725,MAXHEALTH26OCT1040PE,MAXHEALTH,29OCT2026,104000.000000,525,OPTSTK,BFO,5.000000,100000000,False
880726,HINDZINC26OCT610CE,HINDZINC,29OCT2026,61000.000000,1225,OPTSTK,BFO,5.000000,100000000,False
880739,BAJFINANCE26SEP1180CE,BAJFINANCE,24SEP2026,118000.000000,750,OPTSTK,BFO,5.000000,3750,False
880743,ABCAPITAL26OCT435PE,ABCAPITAL,29OCT2026,43500.000000,3100,OPTSTK,BFO,5.000000,162000,False
880754,VOLTAS26OCT1180PE,VOLTAS,29OCT2026,118000.000000,375,OPTSTK,BFO,5.000000,30000,False
880778,CHOLAFIN26OCT1940CE,CHOLAFIN,29OCT2026,194000.000000,625,OPTSTK,BFO,5.000000,25000,False
880819,HYUNDAI26SEP2300CE,HYUNDAI,24SEP2026,230000.000000,275,OPTSTK,BFO,5.000000,100000000,False
880827,SENSEX5026OCT26600PE,SENSEX50,29OCT2026,2660000.000000,75,OPTIDX,BFO,5.000000,1800,False
880831,BAJAJFINSV26SEP2140PE,BAJAJFINSV,24SEP2026,214000.000000,300,OPTSTK,BFO,5.000000,20000,False
880833,TCS26OCT2240PE,TCS,29OCT2026,224000.000000,225,OPTSTK,BFO,5.000000,7000,False
880852,HYUNDAI26OCT2240CE,HYUNDAI,29OCT2026,224000.000000,275,OPTSTK,BFO,5.000000,100000000,False
880877,BAJAJ-AUTO26OCT12200PE,BAJAJ-AUTO,29OCT2026,1220000.000000,75,OPTSTK,BFO,5.000000,5000,False
880918,DIVISLAB26SEP8600PE,DIVISLAB,24SEP2026,860000.000000,100,OPTSTK,BFO,5.000000,8000,False
880919,BAJFINANCE26SEP1180PE,BAJFINANCE,24SEP2026,118000.000000,750,OPTSTK,BFO,5.000000,3750,False
880920,SENSEX2691785000CE,SENSEX,17SEP2026,8500000.000000,20,OPTIDX,BFO,5.000000,1000,False
880975,BAJAJHLDNG26OCT12000PE,BAJAJHLDNG,29OCT2026,1200000.000000,75,OPTSTK,BFO,5.000000,100000000,False
881003,DABUR26OCT385PE,DABUR,29OCT2026,38500.000000,1250,OPTSTK,BFO,5.000000,50000,False
881004,MANKIND26OCT2320PE,MANKIND,29OCT2026,232000.000000,250,OPTSTK,BFO,5.000000,100000000,False
881012,HYUNDAI26OCT2320CE,HYUNDAI,29OCT2026,232000.000000,275,OPTSTK,BFO,5.000000,100000000,False
881058,INDIANB26OCT910PE,INDIANB,29OCT2026,91000.000000,1000,OPTSTK,BFO,5.000000,100000000,False
881067,TCS26OCT2260CE,TCS,29OCT2026,226000.000000,225,OPTSTK,BFO,5.000000,7000,False
881079,BAJFINANCE26OCT1150CE,BAJFINANCE,29OCT2026,115000.000000,750,OPTSTK,BFO,5.000000,3750,False
881080,BHARATFORG26OCT2320PE,BHARATFORG,29OCT2026,232000.000000,500,OPTSTK,BFO,5.000000,30000,False
881086,EICHERMOT26OCT7100CE,EICHERMOT,29OCT2026,710000.000000,100,OPTSTK,BFO,5.000000,7000,False
881095,BAJFINANCE26SEP1170PE,BAJFINANCE,24SEP2026,117000.000000,750,OPTSTK,BFO,5.000000,3750,False
881097,FOCIT26OCT29900PE,FOCIT,29OCT2026,2990000.000000,45,OPTIDX,BFO,5.000000,1350,False
881190,HYUNDAI26OCT2320PE,HYUNDAI,29OCT2026,232000.000000,275,OPTSTK,BFO,5.000000,100000000,False
881103,LTM26OCT4050PE,LTM,29OCT2026,405000.000000,150,OPTSTK,BFO,5.000000,4500,False
881111,KAYNES26SEP4100PE,KAYNES,24SEP2026,410000.000000,150,OPTSTK,BFO,5.000000,100000000,False
881117,TVSMOTOR26OCT4600PE,TVSMOTOR,29OCT2026,460000.000000,175,OPTSTK,BFO,5.000000,21000,False
881215,HYUNDAI26OCT2220CE,HYUNDAI,29OCT2026,222000.000000,275,OPTSTK,BFO,5.000000,100000000,False
881412,EICHERMOT26SEP8700PE,EICHERMOT,24SEP2026,870000.000000,100,OPTSTK,BFO,5.000000,7000,False
881537,SENSEX2691785400CE,SENSEX,17SEP2026,8540000.000000,20,OPTIDX,BFO,5.000000,1000,False
881538,BAJAJFINSV26SEP2200PE,BAJAJFINSV,24SEP2026,220000.000000,300,OPTSTK,BFO,5.000000,20000,False
881559,SUPREMEIND26OCT3850CE,SUPREMEIND,29OCT2026,385000.000000,175,OPTSTK,BFO,5.000000,100000000,False
881576,SENSEX29JUN84000CE,SENSEX,28JUN2029,8400000.000000,20,OPTIDX,BFO,5.000000,1000,False
881614,BANKEX26OCT72400CE,BANKEX,29OCT2026,7240000.000000,30,OPTIDX,BFO,5.000000,900,False
881630,JIOFIN26SEP277.5CE,JIOFIN,24SEP2026,27750.000000,2350,OPTSTK,BFO,5.000000,100000000,False
881639,SENSEX2691785600CE,SENSEX,17SEP2026,8560000.000000,20,OPTIDX,BFO,5.000000,1000,False
881650,KALYANKJIL26OCT575PE,KALYANKJIL,29OCT2026,57500.000000,1350,OPTSTK,BFO,5.000000,100000000,False
881669,LTM26SEP4900PE,LTM,24SEP2026,490000.000000,150,OPTSTK,BFO,5.000000,4500,False
881678,ONGC26OCT222.5CE,ONGC,29OCT2026,22250.000000,2250,OPTSTK,BFO,5.000000,154000,False
881705,SENSEX27DEC84000CE,SENSEX,30DEC2027,8400000.000000,20,OPTIDX,BFO,5.000000,1000,False
881715,SOLARINDS26OCT20250CE,SOLARINDS,29OCT2026,2025000.000000,50,OPTSTK,BFO,5.000000,100000000,False
881720,TCS26OCT2600CE,TCS,29OCT2026,260000.000000,225,OPTSTK,BFO,5.000000,7000,False
881757,LTF26OCT350PE,LTF,29OCT2026,35000.000000,2250,OPTSTK,BFO,5.000000,267720,False
881763,MOTHERSON26SEP172.5PE,MOTHERSON,24SEP2026,17250.000000,6150,OPTSTK,BFO,5.000000,284000,False
881766,LTM26OCT5000CE,LTM,29OCT2026,500000.000000,150,OPTSTK,BFO,5.000000,4500,False
881786,PFC26OCT380PE,PFC,29OCT2026,38000.000000,1300,OPTSTK,BFO,5.000000,124000,False
881789,INFY26SEP1320CE,INFY,24SEP2026,132000.000000,400,OPTSTK,BFO,5.000000,16000,False
881814,LTF26OCT355PE,LTF,29OCT2026,35500.000000,2250,OPTSTK,BFO,5.000000,267720,False
881829,GRASIM26OCT3260PE,GRASIM,29OCT2026,326000.000000,250,OPTSTK,BFO,5.000000,14250,False
881842,SUPREMEIND26OCT3850PE,SUPREMEIND,29OCT2026,385000.000000,175,OPTSTK,BFO,5.000000,100000000,False
881844,PAYTM26OCT1520PE,PAYTM,29OCT2026,152000.000000,725,OPTSTK,BFO,5.000000,100000000,False
881867,BAJAJHLDNG26OCT12100PE,BAJAJHLDNG,29OCT2026,1210000.000000,75,OPTSTK,BFO,5.000000,100000000,False
881883,MUTHOOTFIN26OCT2600PE,MUTHOOTFIN,29OCT2026,260000.000000,275,OPTSTK,BFO,5.000000,22000,False
881891,SIEMENS26SEP4250CE,SIEMENS,24SEP2026,425000.000000,175,OPTSTK,BFO,5.000000,8250,False
881961,APLAPOLLO26OCT2080PE,APLAPOLLO,29OCT2026,208000.000000,350,OPTSTK,BFO,5.000000,100000000,False
881975,SOLARINDS26OCT20250PE,SOLARINDS,29OCT2026,2025000.000000,50,OPTSTK,BFO,5.000000,100000000,False
881976,ASHOKLEY26SEP187.5CE,ASHOKLEY,24SEP2026,18750.000000,5000,OPTSTK,BFO,5.000000,150000,False
881982,GODREJPROP26OCT1920PE,GODREJPROP,29OCT2026,192000.000000,325,OPTSTK,BFO,5.000000,19000,False
881988,ABCAPITAL26SEP455PE,ABCAPITAL,24SEP2026,45500.000000,3100,OPTSTK,BFO,5.000000,162000,False
882002,TMPV26OCT380CE,TMPV,29OCT2026,38000.000000,1600,OPTSTK,BFO,5.000000,42750,False
882050,TRENT26OCT3400CE,TRENT,29OCT2026,340000.000000,225,OPTSTK,BFO,5.000000,16000,False
882051,SENSEX30JUN73000PE,SENSEX,27JUN2030,7300000.000000,20,OPTIDX,BFO,5.000000,1000,False
882061,SIEMENS26OCT4200PE,SIEMENS,29OCT2026,420000.000000,175,OPTSTK,BFO,5.000000,8250,False
882071,LTM26SEP5000CE,LTM,24SEP2026,500000.000000,150,OPTSTK,BFO,5.000000,4500,False
882073,ASHOKLEY26OCT192.5CE,ASHOKLEY,29OCT2026,19250.000000,5000,OPTSTK,BFO,5.000000,150000,False
882082,OFSS26OCT12100CE,OFSS,29OCT2026,1210000.000000,100,OPTSTK,BFO,5.000000,8000,False
882105,RADICO26SEP4750CE,RADICO,24SEP2026,475000.000000,150,OPTSTK,BFO,5.000000,100000000,False
882106,SENSEX26OCT85400CE,SENSEX,29OCT2026,8540000.000000,20,OPTIDX,BFO,5.000000,1000,False
882124,KALYANKJIL26OCT575CE,KALYANKJIL,29OCT2026,57500.000000,1350,OPTSTK,BFO,5.000000,100000000,False
882161,JUBLFOOD26SEP500CE,JUBLFOOD,24SEP2026,50000.000000,1250,OPTSTK,BFO,5.000000,50000,False
882164,BAJAJFINSV26OCT2200CE,BAJAJFINSV,29OCT2026,220000.000000,300,OPTSTK,BFO,5.000000,20000,False
882169,UPL26OCT690PE,UPL,29OCT2026,69000.000000,1355,OPTSTK,BFO,5.000000,39000,False
882171,SENSEX2691785500PE,SENSEX,17SEP2026,8550000.000000,20,OPTIDX,BFO,5.000000,1000,False
882216,ABB26OCT8300PE,ABB,29OCT2026,830000.000000,125,OPTSTK,BFO,5.000000,7500,False
882220,DIVISLAB26OCT9000PE,DIVISLAB,29OCT2026,900000.000000,100,OPTSTK,BFO,5.000000,8000,False
882230,ABB26OCT8200CE,ABB,29OCT2026,820000.000000,125,OPTSTK,BFO,5.000000,7500,False
882279,BAJAJHLDNG26OCT12100CE,BAJAJHLDNG,29OCT2026,1210000.000000,75,OPTSTK,BFO,5.000000,100000000,False
882245,HINDZINC26SEP620CE,HINDZINC,24SEP2026,62000.000000,1225,OPTSTK,BFO,5.000000,100000000,False
882261,RVNL26OCT270CE,RVNL,29OCT2026,27000.000000,1925,OPTSTK,BFO,5.000000,100000000,False
882332,PFC26OCT385CE,PFC,29OCT2026,38500.000000,1300,OPTSTK,BFO,5.000000,124000,False
882364,SENSEX31JUN84000PE,SENSEX,26JUN2031,8400000.000000,20,OPTIDX,BFO,5.000000,1000,False
882381,UNOMINDA26OCT1340CE,UNOMINDA,29OCT2026,134000.000000,550,OPTSTK,BFO,5.000000,100000000,False
882401,RADICO26SEP4750PE,RADICO,24SEP2026,475000.000000,150,OPTSTK,BFO,5.000000,100000000,False
882467,GRASIM26OCT3280PE,GRASIM,29OCT2026,328000.000000,250,OPTSTK,BFO,5.000000,14250,False
882519,IOC26OCT160CE,IOC,29OCT2026,16000.000000,4875,OPTSTK,BFO,5.000000,292500,False
882523,ICICIGI26OCT1800CE,ICICIGI,29OCT2026,180000.000000,325,OPTSTK,BFO,5.000000,20000,False
882526,PAGEIND26OCT36500CE,PAGEIND,29OCT2026,3650000.000000,20,OPTSTK,BFO,5.000000,600,False
882587,LICI26OCT375CE,LICI,29OCT2026,37500.000000,1400,OPTSTK,BFO,5.000000,100000000,False
882594,ABB26OCT8400PE,ABB,29OCT2026,840000.000000,125,OPTSTK,BFO,5.000000,7500,False
882623,TITAN26OCT5300PE,TITAN,29OCT2026,530000.000000,175,OPTSTK,BFO,5.000000,11250,False
882640,SBILIFE26OCT1720PE,SBILIFE,29OCT2026,172000.000000,375,OPTSTK,BFO,5.000000,22500,False
882683,SONACOMS26OCT860CE,SONACOMS,29OCT2026,86000.000000,1225,OPTSTK,BFO,5.000000,100000000,False
882695,SIEMENS26OCT4350PE,SIEMENS,29OCT2026,435000.000000,175,OPTSTK,BFO,5.000000,8250,False
882700,PAYTM26SEP1540PE,PAYTM,24SEP2026,154000.000000,725,OPTSTK,BFO,5.000000,100000000,False
882702,BAJAJFINSV26OCT2220CE,BAJAJFINSV,29OCT2026,222000.000000,300,OPTSTK,BFO,5.000000,20000,False
882704,NTPC26OCT305CE,NTPC,29OCT2026,30500.000000,1500,OPTSTK,BFO,5.000000,150000,False
882719,UPL26OCT510CE,UPL,29OCT2026,51000.000000,1355,OPTSTK,BFO,5.000000,39000,False
882733,LICI26OCT360CE,LICI,29OCT2026,36000.000000,1400,OPTSTK,BFO,5.000000,100000000,False
882831,LICI26SEP380CE,LICI,24SEP2026,38000.000000,1400,OPTSTK,BFO,5.000000,100000000,False
882850,KALYANKJIL26OCT560PE,KALYANKJIL,29OCT2026,56000.000000,1350,OPTSTK,BFO,5.000000,100000000,False
882894,KEI26OCT5800CE,KEI,29OCT2026,580000.000000,175,OPTSTK,BFO,5.000000,100000000,False
882941,GODFRYPHLP26OCT2650PE,GODFRYPHLP,29OCT2026,265000.000000,275,OPTSTK,BFO,5.000000,100000000,False
882987,UNOMINDA26SEP1360CE,UNOMINDA,24SEP2026,136000.000000,550,OPTSTK,BFO,5.000000,100000000,False
882995,HAVELLS26SEP1420PE,HAVELLS,24SEP2026,142000.000000,500,OPTSTK,BFO,5.000000,20000,False
883025,HEROMOTOCO26OCT6200CE,HEROMOTOCO,29OCT2026,620000.000000,150,OPTSTK,BFO,5.000000,9000,False
883027,KEI26SEP6200CE,KEI,24SEP2026,620000.000000,175,OPTSTK,BFO,5.000000,100000000,False
883063,ALKEM26OCT5150PE,ALKEM,29OCT2026,515000.000000,125,OPTSTK,BFO,5.000000,8000,False
883069,BRITANNIA26OCT4950CE,BRITANNIA,29OCT2026,495000.000000,125,OPTSTK,BFO,5.000000,6000,False
883094,OBEROIRLTY26OCT1640CE,OBEROIRLTY,29OCT2026,164000.000000,350,OPTSTK,BFO,5.000000,28000,False
883071,TITAN26OCT5300CE,TITAN,29OCT2026,530000.000000,175,OPTSTK,BFO,5.000000,11250,False
883077,PRESTIGE26OCT1420CE,PRESTIGE,29OCT2026,142000.000000,450,OPTSTK,BFO,5.000000,100000000,False
883099,KALYANKJIL26OCT565CE,KALYANKJIL,29OCT2026,56500.000000,1350,OPTSTK,BFO,5.000000,100000000,False
883109,LICI26SEP365CE,LICI,24SEP2026,36500.000000,1400,OPTSTK,BFO,5.000000,100000000,False
883113,KEI26OCT6200CE,KEI,29OCT2026,620000.000000,175,OPTSTK,BFO,5.000000,100000000,False
883140,SIEMENS26OCT4350CE,SIEMENS,29OCT2026,435000.000000,175,OPTSTK,BFO,5.000000,8250,False
883150,UPL26OCT520CE,UPL,29OCT2026,52000.000000,1355,OPTSTK,BFO,5.000000,39000,False
883161,CAMS26SEP880CE,CAMS,24SEP2026,88000.000000,825,OPTSTK,BFO,5.000000,100000000,False
883190,PAYTM26OCT1580PE,PAYTM,29OCT2026,158000.000000,725,OPTSTK,BFO,5.000000,100000000,False
883204,ZYDUSLIFE26OCT1040CE,ZYDUSLIFE,29OCT2026,104000.000000,900,OPTSTK,BFO,5.000000,54000,False
883272,HCLTECH26OCT1270PE,HCLTECH,29OCT2026,127000.000000,400,OPTSTK,BFO,5.000000,21000,False
883318,RADICO26SEP4850PE,RADICO,24SEP2026,485000.000000,150,OPTSTK,BFO,5.000000,100000000,False
883348,PAYTM26SEP1580PE,PAYTM,24SEP2026,158000.000000,725,OPTSTK,BFO,5.000000,100000000,False
883381,360ONE26OCT1340PE,,29OCT2026,134000.000000,500,OPTSTK,BFO,5.000000,100000000,False
883406,SAIL26OCT192.5CE,SAIL,29OCT2026,19250.000000,4700,OPTSTK,BFO,5.000000,320000,False
883415,RBLBANK26OCT420PE,RBLBANK,29OCT2026,42000.000000,3175,OPTSTK,BFO,5.000000,150000,False
883468,VEDL26OCT310CE,VEDL,29OCT2026,31000.000000,1150,OPTSTK,BFO,5.000000,80000,False
883470,RBLBANK26SEP425CE,RBLBANK,24SEP2026,42500.000000,3175,OPTSTK,BFO,5.000000,150000,False
883537,MARICO26OCT790CE,MARICO,29OCT2026,79000.000000,1200,OPTSTK,BFO,5.000000,48000,False
883474,ULTRACEMCO26OCT12900PE,ULTRACEMCO,29OCT2026,1290000.000000,50,OPTSTK,BFO,5.000000,3000,False
883483,POLYCAB26OCT9900CE,POLYCAB,29OCT2026,990000.000000,125,OPTSTK,BFO,5.000000,9000,False
883485,SHRIRAMFIN26OCT1260CE,SHRIRAMFIN,29OCT2026,126000.000000,825,OPTSTK,BFO,5.000000,18000,False
883547,INDIANB26OCT920PE,INDIANB,29OCT2026,92000.000000,1000,OPTSTK,BFO,5.000000,100000000,False
883559,BAJAJ-AUTO26SEP12400CE,BAJAJ-AUTO,24SEP2026,1240000.000000,75,OPTSTK,BFO,5.000000,5000,False
883568,BLUESTARCO26OCT1520CE,BLUESTARCO,29OCT2026,152000.000000,325,OPTSTK,BFO,5.000000,100000000,False
883600,HINDZINC26OCT640PE,HINDZINC,29OCT2026,64000.000000,1225,OPTSTK,BFO,5.000000,100000000,False
883746,SHRIRAMFIN26SEP1260PE,SHRIRAMFIN,24SEP2026,126000.000000,825,OPTSTK,BFO,5.000000,18000,False
883747,JSWSTEEL26SEP1480PE,JSWSTEEL,24SEP2026,148000.000000,675,OPTSTK,BFO,5.000000,40500,False
883769,FORTIS26OCT860PE,FORTIS,29OCT2026,86000.000000,775,OPTSTK,BFO,5.000000,100000000,False
883829,SENSEX30JUN72000PE,SENSEX,27JUN2030,7200000.000000,20,OPTIDX,BFO,5.000000,1000,False
856766,PREMIERENE26SEP880CE,PREMIERENE,24SEP2026,88000.000000,650,OPTSTK,BFO,5.000000,100000000,False
856800,PNBHOUSING26SEP1220PE,PNBHOUSING,24SEP2026,122000.000000,650,OPTSTK,BFO,5.000000,100000000,False
856801,DIXON26SEP14500CE,DIXON,24SEP2026,1450000.000000,50,OPTSTK,BFO,5.000000,6000,False
883836,BANKINDIA26OCT160CE,BANKINDIA,29OCT2026,16000.000000,5200,OPTSTK,BFO,5.000000,100000000,False
856805,GLENMARK26SEP2400CE,GLENMARK,24SEP2026,240000.000000,375,OPTSTK,BFO,5.000000,43500,False
856811,SENSEX5026SEP26550CE,SENSEX50,24SEP2026,2655000.000000,75,OPTIDX,BFO,5.000000,1800,False
856815,KOTAKBANK26SEP355PE,KOTAKBANK,24SEP2026,35500.000000,2000,OPTSTK,BFO,5.000000,12000,False
856822,PRESTIGE26SEP1840PE,PRESTIGE,24SEP2026,184000.000000,450,OPTSTK,BFO,5.000000,100000000,False
856879,TMPV26SEP305CE,TMPV,24SEP2026,30500.000000,1600,OPTSTK,BFO,5.000000,42750,False
856895,VBL26SEP410PE,VBL,24SEP2026,41000.000000,1275,OPTSTK,BFO,5.000000,100000000,False
856903,KALYANKJIL26SEP335CE,KALYANKJIL,24SEP2026,33500.000000,1350,OPTSTK,BFO,5.000000,100000000,False
856953,NAUKRI26SEP1280CE,NAUKRI,24SEP2026,128000.000000,550,OPTSTK,BFO,5.000000,6000,False
856963,INFY26SEP1220PE,INFY,24SEP2026,122000.000000,400,OPTSTK,BFO,5.000000,16000,False
856975,TRENT26SEP2700PE,TRENT,24SEP2026,270000.000000,225,OPTSTK,BFO,5.000000,16000,False
856980,MPHASIS26SEP2550CE,MPHASIS,24SEP2026,255000.000000,275,OPTSTK,BFO,5.000000,11000,False
856981,TRENT26SEP2600CE,TRENT,24SEP2026,260000.000000,225,OPTSTK,BFO,5.000000,16000,False
856989,NAUKRI26SEP1200PE,NAUKRI,24SEP2026,120000.000000,550,OPTSTK,BFO,5.000000,6000,False
857027,GMRAIRPORT26SEP122PE,GMRAIRPORT,24SEP2026,12200.000000,6975,OPTSTK,BFO,5.000000,675000,False
857038,SBILIFE26SEP1960PE,SBILIFE,24SEP2026,196000.000000,375,OPTSTK,BFO,5.000000,22500,False
857039,360ONE26SEP1300PE,,24SEP2026,130000.000000,500,OPTSTK,BFO,5.000000,100000000,False
857041,BIOCON26SEP370PE,BIOCON,24SEP2026,37000.000000,2500,OPTSTK,BFO,5.000000,100000,False
857043,KALYANKJIL26SEP340PE,KALYANKJIL,24SEP2026,34000.000000,1350,OPTSTK,BFO,5.000000,100000000,False
857048,MPHASIS26SEP2500CE,MPHASIS,24SEP2026,250000.000000,275,OPTSTK,BFO,5.000000,11000,False
857053,MPHASIS26SEP2250CE,MPHASIS,24SEP2026,225000.000000,275,OPTSTK,BFO,5.000000,11000,False
857062,SWIGGY26SEP290PE,SWIGGY,24SEP2026,29000.000000,1825,OPTSTK,BFO,5.000000,100000000,False
857072,RECLTD26SEP320CE,RECLTD,24SEP2026,32000.000000,1575,OPTSTK,BFO,5.000000,160000,False
857081,SUZLON26SEP47CE,SUZLON,24SEP2026,4700.000000,12700,OPTSTK,BFO,5.000000,100000000,False
857102,BHEL26SEP340CE,BHEL,24SEP2026,34000.000000,2625,OPTSTK,BFO,5.000000,315000,False
857143,MPHASIS26SEP2500PE,MPHASIS,24SEP2026,250000.000000,275,OPTSTK,BFO,5.000000,11000,False
857148,BAJAJ-AUTO26SEP10800PE,BAJAJ-AUTO,24SEP2026,1080000.000000,75,OPTSTK,BFO,5.000000,5000,False
857159,MPHASIS26SEP2150CE,MPHASIS,24SEP2026,215000.000000,275,OPTSTK,BFO,5.000000,11000,False
857176,MPHASIS26SEP2450PE,MPHASIS,24SEP2026,245000.000000,275,OPTSTK,BFO,5.000000,11000,False
857198,UNITDSPR26SEP1580CE,UNITDSPR,24SEP2026,158000.000000,400,OPTSTK,BFO,5.000000,28000,False
857244,NAUKRI26SEP1260PE,NAUKRI,24SEP2026,126000.000000,550,OPTSTK,BFO,5.000000,6000,False
857248,PAYTM26SEP1380CE,PAYTM,24SEP2026,138000.000000,725,OPTSTK,BFO,5.000000,100000000,False
857294,BAJAJHLDNG26SEP9800PE,BAJAJHLDNG,24SEP2026,980000.000000,75,OPTSTK,BFO,5.000000,100000000,False
857301,MPHASIS26SEP1900CE,MPHASIS,24SEP2026,190000.000000,275,OPTSTK,BFO,5.000000,11000,False
857316,TATAPOWER26SEP335PE,TATAPOWER,24SEP2026,33500.000000,1450,OPTSTK,BFO,5.000000,101250,False
857406,MAZDOCK26SEP2100CE,MAZDOCK,24SEP2026,210000.000000,225,OPTSTK,BFO,5.000000,100000000,False
857415,UNIONBANK26SEP137.5CE,UNIONBANK,24SEP2026,13750.000000,4425,OPTSTK,BFO,5.000000,100000000,False
857441,YESBANK26SEP16PE,YESBANK,24SEP2026,1600.000000,31100,OPTSTK,BFO,5.000000,100000000,False
857454,INDIANB26SEP710PE,INDIANB,24SEP2026,71000.000000,1000,OPTSTK,BFO,5.000000,100000000,False
857458,MAXHEALTH26SEP1040CE,MAXHEALTH,24SEP2026,104000.000000,525,OPTSTK,BFO,5.000000,100000000,False
857460,CROMPTON26SEP225CE,CROMPTON,24SEP2026,22500.000000,2150,OPTSTK,BFO,5.000000,90000,False
857473,MFSL26SEP1420PE,MFSL,24SEP2026,142000.000000,400,OPTSTK,BFO,5.000000,32000,False
857474,FORTIS26SEP870PE,FORTIS,24SEP2026,87000.000000,775,OPTSTK,BFO,5.000000,100000000,False
857478,TRENT26SEP2550CE,TRENT,24SEP2026,255000.000000,225,OPTSTK,BFO,5.000000,16000,False
857482,IREDA26SEP102.5CE,IREDA,24SEP2026,10250.000000,4525,OPTSTK,BFO,5.000000,100000000,False
857496,IREDA26SEP102.5PE,IREDA,24SEP2026,10250.000000,4525,OPTSTK,BFO,5.000000,100000000,False
857498,KOTAKBANK26SEP335PE,KOTAKBANK,24SEP2026,33500.000000,2000,OPTSTK,BFO,5.000000,12000,False
857516,BAJAJ-AUTO26SEP10900PE,BAJAJ-AUTO,24SEP2026,1090000.000000,75,OPTSTK,BFO,5.000000,5000,False
857571,MAXHEALTH26SEP1030CE,MAXHEALTH,24SEP2026,103000.000000,525,OPTSTK,BFO,5.000000,100000000,False
857579,CANBK26SEP102.5CE,CANBK,24SEP2026,10250.000000,6750,OPTSTK,BFO,5.000000,81000,False
857592,MOTILALOFS26SEP780CE,MOTILALOFS,24SEP2026,78000.000000,775,OPTSTK,BFO,5.000000,100000000,False
857593,ADANIPOWER26SEP180CE,ADANIPOWER,24SEP2026,18000.000000,3550,OPTSTK,BFO,5.000000,100000000,False
857603,MOTILALOFS26SEP780PE,MOTILALOFS,24SEP2026,78000.000000,775,OPTSTK,BFO,5.000000,100000000,False
857616,BANKBARODA26SEP205CE,BANKBARODA,24SEP2026,20500.000000,2925,OPTSTK,BFO,5.000000,175500,False
857618,POWERGRID26SEP262.5CE,POWERGRID,24SEP2026,26250.000000,1900,OPTSTK,BFO,5.000000,108000,False
857620,PNB26SEP95PE,PNB,24SEP2026,9500.000000,8000,OPTSTK,BFO,5.000000,480000,False
857639,BANKEX26SEP57200CE,BANKEX,24SEP2026,5720000.000000,30,OPTIDX,BFO,5.000000,900,False
857641,CIPLA26SEP1360PE,CIPLA,24SEP2026,136000.000000,425,OPTSTK,BFO,5.000000,26000,False
857650,IREDA26SEP105CE,IREDA,24SEP2026,10500.000000,4525,OPTSTK,BFO,5.000000,100000000,False
857687,VOLTAS26SEP1120CE,VOLTAS,24SEP2026,112000.000000,375,OPTSTK,BFO,5.000000,30000,False
857691,FORTIS26SEP870CE,FORTIS,24SEP2026,87000.000000,775,OPTSTK,BFO,5.000000,100000000,False
857704,NYKAA26SEP355PE,NYKAA,24SEP2026,35500.000000,3125,OPTSTK,BFO,5.000000,100000000,False
857727,BANKEX26SEP57900PE,BANKEX,24SEP2026,5790000.000000,30,OPTIDX,BFO,5.000000,900,False
857729,KFINTECH26SEP700CE,KFINTECH,24SEP2026,70000.000000,575,OPTSTK,BFO,5.000000,100000000,False
857767,NBCC26SEP77.5CE,NBCC,24SEP2026,7750.000000,6500,OPTSTK,BFO,5.000000,100000000,False
857784,DRREDDY26SEP1210CE,DRREDDY,24SEP2026,121000.000000,625,OPTSTK,BFO,5.000000,5000,False
857801,DRREDDY26SEP1260PE,DRREDDY,24SEP2026,126000.000000,625,OPTSTK,BFO,5.000000,5000,False
857863,TORNTPHARM26SEP5250PE,TORNTPHARM,24SEP2026,525000.000000,125,OPTSTK,BFO,5.000000,15000,False
857899,KALYANKJIL26SEP435PE,KALYANKJIL,24SEP2026,43500.000000,1350,OPTSTK,BFO,5.000000,100000000,False
857923,NTPC26SEP310CE,NTPC,24SEP2026,31000.000000,1500,OPTSTK,BFO,5.000000,150000,False
857924,SWIGGY26SEP315CE,SWIGGY,24SEP2026,31500.000000,1825,OPTSTK,BFO,5.000000,100000000,False
857978,JSWENERGY26SEP460PE,JSWENERGY,24SEP2026,46000.000000,1075,OPTSTK,BFO,5.000000,100000000,False
858031,AUBANK26SEP1220CE,AUBANK,24SEP2026,122000.000000,1000,OPTSTK,BFO,5.000000,30000,False
858037,AMBER26SEP8500PE,AMBER,24SEP2026,850000.000000,100,OPTSTK,BFO,5.000000,100000000,False
858038,KALYANKJIL26SEP490PE,KALYANKJIL,24SEP2026,49000.000000,1350,OPTSTK,BFO,5.000000,100000000,False
858049,BANDHANBNK26SEP245PE,BANDHANBNK,24SEP2026,24500.000000,3600,OPTSTK,BFO,5.000000,100000,False
858073,INDIANB26SEP920PE,INDIANB,24SEP2026,92000.000000,1000,OPTSTK,BFO,5.000000,100000000,False
858117,KALYANKJIL26SEP485PE,KALYANKJIL,24SEP2026,48500.000000,1350,OPTSTK,BFO,5.000000,100000000,False
858161,OFSS26SEP12100PE,OFSS,24SEP2026,1210000.000000,100,OPTSTK,BFO,5.000000,8000,False
858188,NYKAA26SEP365CE,NYKAA,24SEP2026,36500.000000,3125,OPTSTK,BFO,5.000000,100000000,False
858189,OFSS26SEP12200CE,OFSS,24SEP2026,1220000.000000,100,OPTSTK,BFO,5.000000,8000,False
858198,PAGEIND26SEP36500CE,PAGEIND,24SEP2026,3650000.000000,20,OPTSTK,BFO,5.000000,600,False
858215,KALYANKJIL26SEP510CE,KALYANKJIL,24SEP2026,51000.000000,1350,OPTSTK,BFO,5.000000,100000000,False
858228,LTM26SEP4250PE,LTM,24SEP2026,425000.000000,150,OPTSTK,BFO,5.000000,4500,False
858236,PAGEIND26SEP36000CE,PAGEIND,24SEP2026,3600000.000000,20,OPTSTK,BFO,5.000000,600,False
858240,APLAPOLLO26SEP1980PE,APLAPOLLO,24SEP2026,198000.000000,350,OPTSTK,BFO,5.000000,100000000,False
858279,PAYTM26SEP1420PE,PAYTM,24SEP2026,142000.000000,725,OPTSTK,BFO,5.000000,100000000,False
858285,TECHM26SEP1600PE,TECHM,24SEP2026,160000.000000,600,OPTSTK,BFO,5.000000,24000,False
858353,TCS26SEP2280CE,TCS,24SEP2026,228000.000000,225,OPTSTK,BFO,5.000000,7000,False
858388,TCS26SEP2320CE,TCS,24SEP2026,232000.000000,225,OPTSTK,BFO,5.000000,7000,False
858402,TCS26SEP2280PE,TCS,24SEP2026,228000.000000,225,OPTSTK,BFO,5.000000,7000,False
858409,PHOENIXLTD26SEP2300PE,PHOENIXLTD,24SEP2026,230000.000000,350,OPTSTK,BFO,5.000000,100000000,False
858414,HCLTECH26SEP1260CE,HCLTECH,24SEP2026,126000.000000,400,OPTSTK,BFO,5.000000,21000,False
858416,INOXWIND26SEP62.5CE,INOXWIND,24SEP2026,6250.000000,6400,OPTSTK,BFO,5.000000,100000000,False
858436,INDUSTOWER26SEP431PE,INDUSTOWER,24SEP2026,43100.000000,1700,OPTSTK,BFO,5.000000,170000,False
858501,MPHASIS26SEP2700PE,MPHASIS,24SEP2026,270000.000000,275,OPTSTK,BFO,5.000000,11000,False
858506,WIPRO26SEP195PE,WIPRO,24SEP2026,19500.000000,3000,OPTSTK,BFO,5.000000,60000,False
858520,DRREDDY26SEP1170CE,DRREDDY,24SEP2026,117000.000000,625,OPTSTK,BFO,5.000000,5000,False
858532,PAYTM26SEP1500CE,PAYTM,24SEP2026,150000.000000,725,OPTSTK,BFO,5.000000,100000000,False
858555,KALYANKJIL26SEP545CE,KALYANKJIL,24SEP2026,54500.000000,1350,OPTSTK,BFO,5.000000,100000000,False
858577,ITC26SEP257.5PE,ITC,24SEP2026,25750.000000,1725,OPTSTK,BFO,5.000000,64000,False
858586,ITC26SEP260PE,ITC,24SEP2026,26000.000000,1725,OPTSTK,BFO,5.000000,64000,False
858644,KALYANKJIL26SEP560CE,KALYANKJIL,24SEP2026,56000.000000,1350,OPTSTK,BFO,5.000000,100000000,False
858743,DIVISLAB26SEP8000CE,DIVISLAB,24SEP2026,800000.000000,100,OPTSTK,BFO,5.000000,8000,False
858762,ULTRACEMCO26SEP12260CE,ULTRACEMCO,24SEP2026,1226000.000000,50,OPTSTK,BFO,5.000000,3000,False
858763,KALYANKJIL26SEP575CE,KALYANKJIL,24SEP2026,57500.000000,1350,OPTSTK,BFO,5.000000,100000000,False
858787,DIVISLAB26SEP8000PE,DIVISLAB,24SEP2026,800000.000000,100,OPTSTK,BFO,5.000000,8000,False
858797,BLUESTARCO26SEP1900CE,BLUESTARCO,24SEP2026,190000.000000,325,OPTSTK,BFO,5.000000,100000000,False
858802,PATANJALI26SEP335CE,PATANJALI,24SEP2026,33500.000000,1075,OPTSTK,BFO,5.000000,100000000,False
859000,ABB26SEP8200PE,ABB,24SEP2026,820000.000000,125,OPTSTK,BFO,5.000000,7500,False
859011,BIOCON26SEP475CE,BIOCON,24SEP2026,47500.000000,2500,OPTSTK,BFO,5.000000,100000,False
859030,BIOCON26SEP475PE,BIOCON,24SEP2026,47500.000000,2500,OPTSTK,BFO,5.000000,100000,False
859051,ABB26SEP8300CE,ABB,24SEP2026,830000.000000,125,OPTSTK,BFO,5.000000,7500,False
859231,ALKEM26SEP6050CE,ALKEM,24SEP2026,605000.000000,125,OPTSTK,BFO,5.000000,8000,False
859252,SRF26SEP3250PE,SRF,24SEP2026,325000.000000,200,OPTSTK,BFO,5.000000,11250,False
859273,SENSEX29JUN76000CE,SENSEX,28JUN2029,7600000.000000,20,OPTIDX,BFO,5.000000,1000,False
859325,MARICO26SEP760CE,MARICO,24SEP2026,76000.000000,1200,OPTSTK,BFO,5.000000,48000,False
859337,ALKEM26SEP6050PE,ALKEM,24SEP2026,605000.000000,125,OPTSTK,BFO,5.000000,8000,False
859352,PFC26SEP365CE,PFC,24SEP2026,36500.000000,1300,OPTSTK,BFO,5.000000,124000,False
859355,SENSEX28DEC76000PE,SENSEX,28DEC2028,7600000.000000,20,OPTIDX,BFO,5.000000,1000,False
859358,ABB26SEP8000CE,ABB,24SEP2026,800000.000000,125,OPTSTK,BFO,5.000000,7500,False
859483,SBICARD26SEP730CE,SBICARD,24SEP2026,73000.000000,800,OPTSTK,BFO,5.000000,32000,False
859506,JUBLFOOD26SEP380PE,JUBLFOOD,24SEP2026,38000.000000,1250,OPTSTK,BFO,5.000000,50000,False
859538,ADANIENSOL26SEP1860CE,ADANIENSOL,24SEP2026,186000.000000,675,OPTSTK,BFO,5.000000,100000000,False
859569,TCS26SEP2400CE,TCS,24SEP2026,240000.000000,225,OPTSTK,BFO,5.000000,7000,False
859603,TECHM26SEP1700PE,TECHM,24SEP2026,170000.000000,600,OPTSTK,BFO,5.000000,24000,False
859615,JUBLFOOD26SEP380CE,JUBLFOOD,24SEP2026,38000.000000,1250,OPTSTK,BFO,5.000000,50000,False
859620,PATANJALI26SEP300PE,PATANJALI,24SEP2026,30000.000000,1075,OPTSTK,BFO,5.000000,100000000,False
859641,TECHM26SEP1680CE,TECHM,24SEP2026,168000.000000,600,OPTSTK,BFO,5.000000,24000,False
859649,BANKEX26SEP73100PE,BANKEX,24SEP2026,7310000.000000,30,OPTIDX,BFO,5.000000,900,False
859680,TECHM26SEP1720CE,TECHM,24SEP2026,172000.000000,600,OPTSTK,BFO,5.000000,24000,False
859700,CONCOR26SEP535PE,CONCOR,24SEP2026,53500.000000,1250,OPTSTK,BFO,5.000000,40000,False
859713,BAJAJ-AUTO26SEP11200PE,BAJAJ-AUTO,24SEP2026,1120000.000000,75,OPTSTK,BFO,5.000000,5000,False
859742,AXISBANK26SEP1120CE,AXISBANK,24SEP2026,112000.000000,625,OPTSTK,BFO,5.000000,25000,False
859756,UNIONBANK26SEP192.5PE,UNIONBANK,24SEP2026,19250.000000,4425,OPTSTK,BFO,5.000000,100000000,False
859764,MANKIND26SEP2700PE,MANKIND,24SEP2026,270000.000000,250,OPTSTK,BFO,5.000000,100000000,False
859768,ONGC26SEP267.5PE,ONGC,24SEP2026,26750.000000,2250,OPTSTK,BFO,5.000000,154000,False
859782,COLPAL26SEP2260CE,COLPAL,24SEP2026,226000.000000,275,OPTSTK,BFO,5.000000,14000,False
859877,BAJFINANCE26SEP1140CE,BAJFINANCE,24SEP2026,114000.000000,750,OPTSTK,BFO,5.000000,3750,False
859905,HDFCBANK26SEP700CE,HDFCBANK,24SEP2026,70000.000000,650,OPTSTK,BFO,5.000000,16500,False
859909,HDFCBANK26SEP700PE,HDFCBANK,24SEP2026,70000.000000,650,OPTSTK,BFO,5.000000,16500,False
859943,TATAELXSI26SEP3100PE,TATAELXSI,24SEP2026,310000.000000,125,OPTSTK,BFO,5.000000,100000000,False
859950,HAL26SEP4950CE,HAL,24SEP2026,495000.000000,150,OPTSTK,BFO,5.000000,9000,False
859989,FEDERALBNK26SEP390PE,FEDERALBNK,24SEP2026,39000.000000,2500,OPTSTK,BFO,5.000000,200000,False
860029,BAJAJ-AUTO26SEP11600CE,BAJAJ-AUTO,24SEP2026,1160000.000000,75,OPTSTK,BFO,5.000000,5000,False
860086,BANDHANBNK26SEP145PE,BANDHANBNK,24SEP2026,14500.000000,3600,OPTSTK,BFO,5.000000,100000,False
860094,INDUSINDBK26SEP1140PE,INDUSINDBK,24SEP2026,114000.000000,700,OPTSTK,BFO,5.000000,20000,False
860124,KALYANKJIL26SEP630CE,KALYANKJIL,24SEP2026,63000.000000,1350,OPTSTK,BFO,5.000000,100000000,False
860126,BANDHANBNK26SEP155CE,BANDHANBNK,24SEP2026,15500.000000,3600,OPTSTK,BFO,5.000000,100000,False
860156,BDL26SEP1100PE,BDL,24SEP2026,110000.000000,425,OPTSTK,BFO,5.000000,100000000,False
860161,ANGELONE26SEP275PE,ANGELONE,24SEP2026,27500.000000,2500,OPTSTK,BFO,5.000000,100000000,False
860221,COCHINSHIP26SEP1240PE,COCHINSHIP,24SEP2026,124000.000000,400,OPTSTK,BFO,5.000000,100000000,False
860222,ICICIGI26SEP1440PE,ICICIGI,24SEP2026,144000.000000,325,OPTSTK,BFO,5.000000,20000,False
860242,JUBLFOOD26SEP375CE,JUBLFOOD,24SEP2026,37500.000000,1250,OPTSTK,BFO,5.000000,50000,False
860308,AUROPHARMA26SEP1380PE,AUROPHARMA,24SEP2026,138000.000000,550,OPTSTK,BFO,5.000000,44000,False
860335,PIIND26SEP3100PE,PIIND,24SEP2026,310000.000000,175,OPTSTK,BFO,5.000000,7500,False
860342,CROMPTON26SEP215PE,CROMPTON,24SEP2026,21500.000000,2150,OPTSTK,BFO,5.000000,90000,False
860355,CIPLA26SEP1340PE,CIPLA,24SEP2026,134000.000000,425,OPTSTK,BFO,5.000000,26000,False
860510,ADANIPOWER26SEP175PE,ADANIPOWER,24SEP2026,17500.000000,3550,OPTSTK,BFO,5.000000,100000000,False
860598,OIL26SEP490CE,OIL,24SEP2026,49000.000000,1400,OPTSTK,BFO,5.000000,100000000,False
860624,MFSL26SEP1360PE,MFSL,24SEP2026,136000.000000,400,OPTSTK,BFO,5.000000,32000,False
860640,GMRAIRPORT26SEP101CE,GMRAIRPORT,24SEP2026,10100.000000,6975,OPTSTK,BFO,5.000000,675000,False
860694,BAJAJ-AUTO26SEP11900CE,BAJAJ-AUTO,24SEP2026,1190000.000000,75,OPTSTK,BFO,5.000000,5000,False
860792,TATASTEEL26SEP165CE,TATASTEEL,24SEP2026,16500.000000,2750,OPTSTK,BFO,5.000000,220000,False
860872,HCLTECH26SEP1320PE,HCLTECH,24SEP2026,132000.000000,400,OPTSTK,BFO,5.000000,21000,False
860894,EICHERMOT26SEP8500PE,EICHERMOT,24SEP2026,850000.000000,100,OPTSTK,BFO,5.000000,7000,False
860961,HCLTECH26SEP1370CE,HCLTECH,24SEP2026,137000.000000,400,OPTSTK,BFO,5.000000,21000,False
861019,CONCOR26SEP545CE,CONCOR,24SEP2026,54500.000000,1250,OPTSTK,BFO,5.000000,40000,False
861037,IDFCFIRSTB26SEP92PE,IDFCFIRSTB,24SEP2026,9200.000000,9275,OPTSTK,BFO,5.000000,450000,False
861051,LAURUSLABS26SEP1860PE,LAURUSLABS,24SEP2026,186000.000000,850,OPTSTK,BFO,5.000000,68000,False
861094,LTM26SEP4650CE,LTM,24SEP2026,465000.000000,150,OPTSTK,BFO,5.000000,4500,False
861128,RADICO26SEP4550CE,RADICO,24SEP2026,455000.000000,150,OPTSTK,BFO,5.000000,100000000,False
861136,ETERNAL26SEP345CE,ETERNAL,24SEP2026,34500.000000,2425,OPTSTK,BFO,5.000000,100000000,False
861178,NAUKRI26SEP1380PE,NAUKRI,24SEP2026,138000.000000,550,OPTSTK,BFO,5.000000,6000,False
861221,KALYANKJIL26SEP645PE,KALYANKJIL,24SEP2026,64500.000000,1350,OPTSTK,BFO,5.000000,100000000,False
861338,COFORGE26SEP1700CE,COFORGE,24SEP2026,170000.000000,475,OPTSTK,BFO,5.000000,6000,False
861367,LODHA26SEP1400CE,LODHA,24SEP2026,140000.000000,625,OPTSTK,BFO,5.000000,100000000,False
861427,UNITDSPR26SEP1640PE,UNITDSPR,24SEP2026,164000.000000,400,OPTSTK,BFO,5.000000,28000,False
861428,SBILIFE26SEP2020CE,SBILIFE,24SEP2026,202000.000000,375,OPTSTK,BFO,5.000000,22500,False
861486,TVSMOTOR26SEP4350CE,TVSMOTOR,24SEP2026,435000.000000,175,OPTSTK,BFO,5.000000,21000,False
861509,FOCIT26SEP44000CE,FOCIT,24SEP2026,4400000.000000,45,OPTIDX,BFO,5.000000,1350,False
861538,BSE26OCT2000CE,BSE,27OCT2026,200000.000000,200,OPTSTK,BFO,5.000000,3751,False
861542,BSE26OCT2400CE,BSE,27OCT2026,240000.000000,200,OPTSTK,BFO,5.000000,3751,False
861570,BSE26OCT5200CE,BSE,27OCT2026,520000.000000,200,OPTSTK,BFO,5.000000,3751,False
861593,CDSL26SEP1220CE,CDSL,29SEP2026,122000.000000,475,OPTSTK,BFO,5.000000,14001,False
861596,CDSL26SEP1260PE,CDSL,29SEP2026,126000.000000,475,OPTSTK,BFO,5.000000,14001,False
861601,CDSL26SEP1420CE,CDSL,29SEP2026,142000.000000,475,OPTSTK,BFO,5.000000,14001,False
861603,CDSL26SEP1460CE,CDSL,29SEP2026,146000.000000,475,OPTSTK,BFO,5.000000,14001,False
861609,CDSL26SEP1620CE,CDSL,29SEP2026,162000.000000,475,OPTSTK,BFO,5.000000,14001,False
861619,CDSL26OCT960CE,CDSL,27OCT2026,96000.000000,475,OPTSTK,BFO,5.000000,14001,False
861620,CDSL26OCT960PE,CDSL,27OCT2026,96000.000000,475,OPTSTK,BFO,5.000000,14001,False
861628,CDSL26OCT1120PE,CDSL,27OCT2026,112000.000000,475,OPTSTK,BFO,5.000000,14001,False
861635,CDSL26OCT1280CE,CDSL,27OCT2026,128000.000000,475,OPTSTK,BFO,5.000000,14001,False
861636,CDSL26OCT1280PE,CDSL,27OCT2026,128000.000000,475,OPTSTK,BFO,5.000000,14001,False
861714,KAYNES26SEP3950CE,KAYNES,24SEP2026,395000.000000,150,OPTSTK,BFO,5.000000,100000000,False
861703,IEX26SEP152.5CE,IEX,24SEP2026,15250.000000,4350,OPTSTK,BFO,5.000000,150000,False
861705,MANAPPURAM26SEP400CE,MANAPPURAM,24SEP2026,40000.000000,3000,OPTSTK,BFO,5.000000,180000,False
861716,NESTLEIND26SEP1570PE,NESTLEIND,24SEP2026,157000.000000,500,OPTSTK,BFO,5.000000,1200,False
861730,JINDALSTEL26SEP1220CE,JINDALSTEL,24SEP2026,122000.000000,625,OPTSTK,BFO,5.000000,37500,False
861766,INFY26SEP1280CE,INFY,24SEP2026,128000.000000,400,OPTSTK,BFO,5.000000,16000,False
861786,DIVISLAB26SEP8500PE,DIVISLAB,24SEP2026,850000.000000,100,OPTSTK,BFO,5.000000,8000,False
861860,ULTRACEMCO26SEP12200CE,ULTRACEMCO,24SEP2026,1220000.000000,50,OPTSTK,BFO,5.000000,3000,False
861867,CUMMINSIND26SEP4700CE,CUMMINSIND,24SEP2026,470000.000000,200,OPTSTK,BFO,5.000000,18000,False
861914,ULTRACEMCO26SEP11300CE,ULTRACEMCO,24SEP2026,1130000.000000,50,OPTSTK,BFO,5.000000,3000,False
861949,JIOFIN26SEP265CE,JIOFIN,24SEP2026,26500.000000,2350,OPTSTK,BFO,5.000000,100000000,False
861972,KALYANKJIL26SEP660CE,KALYANKJIL,24SEP2026,66000.000000,1350,OPTSTK,BFO,5.000000,100000000,False
862032,ULTRACEMCO26SEP12400CE,ULTRACEMCO,24SEP2026,1240000.000000,50,OPTSTK,BFO,5.000000,3000,False
862053,FEDERALBNK26OCT365PE,FEDERALBNK,29OCT2026,36500.000000,2500,OPTSTK,BFO,5.000000,200000,False
862054,OBEROIRLTY26OCT1880CE,OBEROIRLTY,29OCT2026,188000.000000,350,OPTSTK,BFO,5.000000,28000,False
862060,FOCIT26SEP39600CE,FOCIT,24SEP2026,3960000.000000,45,OPTIDX,BFO,5.000000,1350,False
862061,NATIONALUM26OCT320PE,NATIONALUM,29OCT2026,32000.000000,1875,OPTSTK,BFO,5.000000,300000,False
862070,TMPV26OCT300PE,TMPV,29OCT2026,30000.000000,1600,OPTSTK,BFO,5.000000,42750,False
862082,MARICO26OCT930CE,MARICO,29OCT2026,93000.000000,1200,OPTSTK,BFO,5.000000,48000,False
862087,BEL26OCT390PE,BEL,29OCT2026,39000.000000,1425,OPTSTK,BFO,5.000000,228000,False
862094,BANKEX26OCT61100PE,BANKEX,29OCT2026,6110000.000000,30,OPTIDX,BFO,5.000000,900,False
862130,FOCIT26SEP42900PE,FOCIT,24SEP2026,4290000.000000,45,OPTIDX,BFO,5.000000,1350,False
862135,SWIGGY26OCT330CE,SWIGGY,29OCT2026,33000.000000,1825,OPTSTK,BFO,5.000000,100000000,False
862138,AMBUJACEM26OCT455PE,AMBUJACEM,29OCT2026,45500.000000,1200,OPTSTK,BFO,5.000000,54000,False
862146,SHREECEM26OCT27000CE,SHREECEM,29OCT2026,2700000.000000,25,OPTSTK,BFO,5.000000,1000,False
862157,MCX26OCT2400PE,MCX,29OCT2026,240000.000000,225,OPTSTK,BFO,5.000000,16000,False
862158,UNOMINDA26OCT1220CE,UNOMINDA,29OCT2026,122000.000000,550,OPTSTK,BFO,5.000000,100000000,False
862160,BANKEX26OCT68700CE,BANKEX,29OCT2026,6870000.000000,30,OPTIDX,BFO,5.000000,900,False
862167,COALINDIA26OCT415PE,COALINDIA,29OCT2026,41500.000000,1350,OPTSTK,BFO,5.000000,126000,False
862169,NESTLEIND26OCT1520PE,NESTLEIND,29OCT2026,152000.000000,500,OPTSTK,BFO,5.000000,1200,False
862173,INDUSINDBK26OCT980CE,INDUSINDBK,29OCT2026,98000.000000,700,OPTSTK,BFO,5.000000,20000,False
862181,POLYCAB26OCT8700PE,POLYCAB,29OCT2026,870000.000000,125,OPTSTK,BFO,5.000000,9000,False
862182,SENSEX2691778000PE,SENSEX,17SEP2026,7800000.000000,20,OPTIDX,BFO,5.000000,1000,False
862183,TATASTEEL26OCT202.5PE,TATASTEEL,29OCT2026,20250.000000,2750,OPTSTK,BFO,5.000000,220000,False
862194,DIVISLAB26OCT8500PE,DIVISLAB,29OCT2026,850000.000000,100,OPTSTK,BFO,5.000000,8000,False
862209,NATIONALUM26OCT380CE,NATIONALUM,29OCT2026,38000.000000,1875,OPTSTK,BFO,5.000000,300000,False
862211,NESTLEIND26OCT1510CE,NESTLEIND,29OCT2026,151000.000000,500,OPTSTK,BFO,5.000000,1200,False
862216,MANKIND26OCT2500CE,MANKIND,29OCT2026,250000.000000,250,OPTSTK,BFO,5.000000,100000000,False
862219,TMPV26OCT360CE,TMPV,29OCT2026,36000.000000,1600,OPTSTK,BFO,5.000000,42750,False
862273,DABUR26OCTFUT,DABUR,29OCT2026,0.000000,1250,FUTSTK,BFO,5.000000,50000,False
862283,NAM-INDIA26OCT1160CE,NAM-INDIA,29OCT2026,116000.000000,625,OPTSTK,BFO,5.000000,100000000,False
862292,MARICO26OCT930PE,MARICO,29OCT2026,93000.000000,1200,OPTSTK,BFO,5.000000,48000,False
862293,SAIL26OCT162.5CE,SAIL,29OCT2026,16250.000000,4700,OPTSTK,BFO,5.000000,320000,False
862304,NATIONALUM26OCT290CE,NATIONALUM,29OCT2026,29000.000000,1875,OPTSTK,BFO,5.000000,300000,False
862315,BANKINDIA26OCT120PE,BANKINDIA,29OCT2026,12000.000000,5200,OPTSTK,BFO,5.000000,100000000,False
862322,FORTIS26OCT1000PE,FORTIS,29OCT2026,100000.000000,775,OPTSTK,BFO,5.000000,100000000,False
862325,BANKINDIA26OCT125CE,BANKINDIA,29OCT2026,12500.000000,5200,OPTSTK,BFO,5.000000,100000000,False
862331,FOCIT26SEP32800CE,FOCIT,24SEP2026,3280000.000000,45,OPTIDX,BFO,5.000000,1350,False
862332,SENSEX2691773600CE,SENSEX,17SEP2026,7360000.000000,20,OPTIDX,BFO,5.000000,1000,False
862337,LUPIN26OCT2280CE,LUPIN,29OCT2026,228000.000000,425,OPTSTK,BFO,5.000000,34000,False
862344,MFSL26OCT1660CE,MFSL,29OCT2026,166000.000000,400,OPTSTK,BFO,5.000000,32000,False
862351,SENSEX2691780600PE,SENSEX,17SEP2026,8060000.000000,20,OPTIDX,BFO,5.000000,1000,False
862353,CHOLAFIN26OCT1800CE,CHOLAFIN,29OCT2026,180000.000000,625,OPTSTK,BFO,5.000000,25000,False
862354,NAUKRI26OCTFUT,NAUKRI,29OCT2026,0.000000,550,FUTSTK,BFO,5.000000,6000,False
862361,BAJAJ-AUTO26OCT11300CE,BAJAJ-AUTO,29OCT2026,1130000.000000,75,OPTSTK,BFO,5.000000,5000,False
862408,RVNL26OCT240PE,RVNL,29OCT2026,24000.000000,1925,OPTSTK,BFO,5.000000,100000000,False
862427,WIPRO26OCT175CE,WIPRO,29OCT2026,17500.000000,3000,OPTSTK,BFO,5.000000,60000,False
862447,BANKEX26OCT60700PE,BANKEX,29OCT2026,6070000.000000,30,OPTIDX,BFO,5.000000,900,False
862452,FOCIT26OCT37200CE,FOCIT,29OCT2026,3720000.000000,45,OPTIDX,BFO,5.000000,1350,False
862457,TVSMOTOR26OCT4050PE,TVSMOTOR,29OCT2026,405000.000000,175,OPTSTK,BFO,5.000000,21000,False
862458,ANGELONE26OCT275CE,ANGELONE,29OCT2026,27500.000000,2500,OPTSTK,BFO,5.000000,100000000,False
862465,KOTAKBANK26OCT360CE,KOTAKBANK,29OCT2026,36000.000000,2000,OPTSTK,BFO,5.000000,12000,False
862488,DRREDDY26OCT1150CE,DRREDDY,29OCT2026,115000.000000,625,OPTSTK,BFO,5.000000,5000,False
862492,PFC26OCT445CE,PFC,29OCT2026,44500.000000,1300,OPTSTK,BFO,5.000000,124000,False
862500,SUNPHARMA26OCT2000CE,SUNPHARMA,29OCT2026,200000.000000,350,OPTSTK,BFO,5.000000,28000,False
862502,VOLTAS26OCT1320CE,VOLTAS,29OCT2026,132000.000000,375,OPTSTK,BFO,5.000000,30000,False
862504,BLUESTARCO26OCT1600PE,BLUESTARCO,29OCT2026,160000.000000,325,OPTSTK,BFO,5.000000,100000000,False
862512,COLPAL26OCT2200PE,COLPAL,29OCT2026,220000.000000,275,OPTSTK,BFO,5.000000,14000,False
862518,INOXWIND26OCT90PE,INOXWIND,29OCT2026,9000.000000,6400,OPTSTK,BFO,5.000000,100000000,False
862527,HINDALCO26OCT1000PE,HINDALCO,29OCT2026,100000.000000,700,OPTSTK,BFO,5.000000,56000,False
862530,BOSCHLTD26OCT39500CE,BOSCHLTD,29OCT2026,3950000.000000,25,OPTSTK,BFO,5.000000,1500,False
862545,EICHERMOT26OCT7900CE,EICHERMOT,29OCT2026,790000.000000,100,OPTSTK,BFO,5.000000,7000,False
862558,COFORGE26OCT1800CE,COFORGE,29OCT2026,180000.000000,475,OPTSTK,BFO,5.000000,6000,False
862563,MOTHERSON26OCT132.5CE,MOTHERSON,29OCT2026,13250.000000,6150,OPTSTK,BFO,5.000000,284000,False
862570,JIOFIN26OCT232.5PE,JIOFIN,29OCT2026,23250.000000,2350,OPTSTK,BFO,5.000000,100000000,False
862575,SENSEX26OCT75000CE,SENSEX,29OCT2026,7500000.000000,20,OPTIDX,BFO,5.000000,1000,False
862589,AXISBANK26OCT1220PE,AXISBANK,29OCT2026,122000.000000,625,OPTSTK,BFO,5.000000,25000,False
862627,CROMPTON26OCT235PE,CROMPTON,29OCT2026,23500.000000,2150,OPTSTK,BFO,5.000000,90000,False
862635,SENSEX2691782800CE,SENSEX,17SEP2026,8280000.000000,20,OPTIDX,BFO,5.000000,1000,False
862637,SHRIRAMFIN26OCT1120CE,SHRIRAMFIN,29OCT2026,112000.000000,825,OPTSTK,BFO,5.000000,18000,False
862639,UPL26OCT560PE,UPL,29OCT2026,56000.000000,1355,OPTSTK,BFO,5.000000,39000,False
862640,TATASTEEL26OCT177.5CE,TATASTEEL,29OCT2026,17750.000000,2750,OPTSTK,BFO,5.000000,220000,False
862641,MANAPPURAM26OCT370PE,MANAPPURAM,29OCT2026,37000.000000,3000,OPTSTK,BFO,5.000000,180000,False
862651,INDUSTOWER26OCT366CE,INDUSTOWER,29OCT2026,36600.000000,1700,OPTSTK,BFO,5.000000,170000,False
862666,DMART26OCT3550PE,DMART,29OCT2026,355000.000000,150,OPTSTK,BFO,5.000000,100000000,False
862673,LTM26OCT4100CE,LTM,29OCT2026,410000.000000,150,OPTSTK,BFO,5.000000,4500,False
862689,POLYCAB26OCT8900PE,POLYCAB,29OCT2026,890000.000000,125,OPTSTK,BFO,5.000000,9000,False
862692,NESTLEIND26OCT1560PE,NESTLEIND,29OCT2026,156000.000000,500,OPTSTK,BFO,5.000000,1200,False
862698,JSWSTEEL26OCT1260PE,JSWSTEEL,29OCT2026,126000.000000,675,OPTSTK,BFO,5.000000,40500,False
862703,POWERGRID26OCT267.5CE,POWERGRID,29OCT2026,26750.000000,1900,OPTSTK,BFO,5.000000,108000,False
862707,INDIANB26OCT780PE,INDIANB,29OCT2026,78000.000000,1000,OPTSTK,BFO,5.000000,100000000,False
862719,GAIL26OCT160CE,GAIL,29OCT2026,16000.000000,3550,OPTSTK,BFO,5.000000,274500,False
862721,MANKIND26OCT2700CE,MANKIND,29OCT2026,270000.000000,250,OPTSTK,BFO,5.000000,100000000,False
862739,HINDPETRO26OCT430.75CE,HINDPETRO,29OCT2026,43075.000000,2025,OPTSTK,BFO,5.000000,108000,False
862752,BHEL26OCT385PE,BHEL,29OCT2026,38500.000000,2625,OPTSTK,BFO,5.000000,315000,False
862768,HYUNDAI26OCT1940PE,HYUNDAI,29OCT2026,194000.000000,275,OPTSTK,BFO,5.000000,100000000,False
862777,APOLLOHOSP26OCT9700PE,APOLLOHOSP,29OCT2026,970000.000000,125,OPTSTK,BFO,5.000000,5000,False
862799,PHOENIXLTD26OCT1960CE,PHOENIXLTD,29OCT2026,196000.000000,350,OPTSTK,BFO,5.000000,100000000,False
862816,TCS26OCT2360CE,TCS,29OCT2026,236000.000000,225,OPTSTK,BFO,5.000000,7000,False
862823,TMPV26OCT345PE,TMPV,29OCT2026,34500.000000,1600,OPTSTK,BFO,5.000000,42750,False
862826,ADANIENSOL26OCT1660CE,ADANIENSOL,29OCT2026,166000.000000,675,OPTSTK,BFO,5.000000,100000000,False
862835,PAYTM26OCT1420PE,PAYTM,29OCT2026,142000.000000,725,OPTSTK,BFO,5.000000,100000000,False
862845,TVSMOTOR26OCT4500PE,TVSMOTOR,29OCT2026,450000.000000,175,OPTSTK,BFO,5.000000,21000,False
862853,MANAPPURAM26OCT375PE,MANAPPURAM,29OCT2026,37500.000000,3000,OPTSTK,BFO,5.000000,180000,False
862864,EICHERMOT26OCT7300PE,EICHERMOT,29OCT2026,730000.000000,100,OPTSTK,BFO,5.000000,7000,False
862875,LAURUSLABS26OCT1640PE,LAURUSLABS,29OCT2026,164000.000000,850,OPTSTK,BFO,5.000000,68000,False
862879,ADANIGREEN26OCT1220CE,ADANIGREEN,29OCT2026,122000.000000,600,OPTSTK,BFO,5.000000,100000000,False
862892,POWERINDIA26OCT29000CE,POWERINDIA,29OCT2026,2900000.000000,25,OPTSTK,BFO,5.000000,100000000,False
862893,IREDA26OCT137.5CE,IREDA,29OCT2026,13750.000000,4525,OPTSTK,BFO,5.000000,100000000,False
862915,JUBLFOOD26OCT450CE,JUBLFOOD,29OCT2026,45000.000000,1250,OPTSTK,BFO,5.000000,50000,False
862918,SHREECEM26OCT27500PE,SHREECEM,29OCT2026,2750000.000000,25,OPTSTK,BFO,5.000000,1000,False
862925,BANKEX26OCT64600PE,BANKEX,29OCT2026,6460000.000000,30,OPTIDX,BFO,5.000000,900,False
862927,MAXHEALTH26OCT1200CE,MAXHEALTH,29OCT2026,120000.000000,525,OPTSTK,BFO,5.000000,100000000,False
862930,BANKEX26OCT66900PE,BANKEX,29OCT2026,6690000.000000,30,OPTIDX,BFO,5.000000,900,False
862932,ALKEM26OCT5500PE,ALKEM,29OCT2026,550000.000000,125,OPTSTK,BFO,5.000000,8000,False
862936,HAVELLS26OCT1400CE,HAVELLS,29OCT2026,140000.000000,500,OPTSTK,BFO,5.000000,20000,False
862938,MARICO26OCT880PE,MARICO,29OCT2026,88000.000000,1200,OPTSTK,BFO,5.000000,48000,False
862958,RELIANCE26OCT1330PE,RELIANCE,29OCT2026,133000.000000,500,OPTSTK,BFO,5.000000,10000,False
862961,GAIL26OCT165CE,GAIL,29OCT2026,16500.000000,3550,OPTSTK,BFO,5.000000,274500,False
862965,HINDPETRO26OCT430.75PE,HINDPETRO,29OCT2026,43075.000000,2025,OPTSTK,BFO,5.000000,108000,False
862969,ONGC26OCT240CE,ONGC,29OCT2026,24000.000000,2250,OPTSTK,BFO,5.000000,154000,False
862971,BRITANNIA26OCT5850CE,BRITANNIA,29OCT2026,585000.000000,125,OPTSTK,BFO,5.000000,6000,False
862972,FOCIT26OCT30700PE,FOCIT,29OCT2026,3070000.000000,45,OPTIDX,BFO,5.000000,1350,False
862981,KEI26OCT5200PE,KEI,29OCT2026,520000.000000,175,OPTSTK,BFO,5.000000,100000000,False
862983,FOCIT26OCT39700CE,FOCIT,29OCT2026,3970000.000000,45,OPTIDX,BFO,5.000000,1350,False
862996,ASHOKLEY26OCT172.5PE,ASHOKLEY,29OCT2026,17250.000000,5000,OPTSTK,BFO,5.000000,150000,False
863006,PAYTM26OCT1320CE,PAYTM,29OCT2026,132000.000000,725,OPTSTK,BFO,5.000000,100000000,False
863019,ICICIBANK26OCT1510CE,ICICIBANK,29OCT2026,151000.000000,700,OPTSTK,BFO,5.000000,28000,False
863028,PERSISTENT26OCT5100PE,PERSISTENT,29OCT2026,510000.000000,125,OPTSTK,BFO,5.000000,5250,False
863049,HCLTECH26OCT1350CE,HCLTECH,29OCT2026,135000.000000,400,OPTSTK,BFO,5.000000,21000,False
863032,PNB26OCT110CE,PNB,29OCT2026,11000.000000,8000,OPTSTK,BFO,5.000000,480000,False
863052,DRREDDY26OCT1190CE,DRREDDY,29OCT2026,119000.000000,625,OPTSTK,BFO,5.000000,5000,False
863055,FOCIT26SEP32400PE,FOCIT,24SEP2026,3240000.000000,45,OPTIDX,BFO,5.000000,1350,False
863063,BLUESTARCO26OCT1640PE,BLUESTARCO,29OCT2026,164000.000000,325,OPTSTK,BFO,5.000000,100000000,False
863068,SENSEX2691777800PE,SENSEX,17SEP2026,7780000.000000,20,OPTIDX,BFO,5.000000,1000,False
863084,HINDALCO26OCT1040PE,HINDALCO,29OCT2026,104000.000000,700,OPTSTK,BFO,5.000000,56000,False
863088,BANDHANBNK26OCT210PE,BANDHANBNK,29OCT2026,21000.000000,3600,OPTSTK,BFO,5.000000,100000,False
863111,COFORGE26OCT1840CE,COFORGE,29OCT2026,184000.000000,475,OPTSTK,BFO,5.000000,6000,False
863120,VOLTAS26OCT1280PE,VOLTAS,29OCT2026,128000.000000,375,OPTSTK,BFO,5.000000,30000,False
863129,GMRAIRPORT26SEP99CE,GMRAIRPORT,24SEP2026,9900.000000,6975,OPTSTK,BFO,5.000000,675000,False
863142,SBILIFE26OCT1940PE,SBILIFE,29OCT2026,194000.000000,375,OPTSTK,BFO,5.000000,22500,False
863160,DIVISLAB26OCT7300CE,DIVISLAB,29OCT2026,730000.000000,100,OPTSTK,BFO,5.000000,8000,False
863168,LTF26OCT295PE,LTF,29OCT2026,29500.000000,2250,OPTSTK,BFO,5.000000,267720,False
863171,TIINDIA26OCT2600CE,TIINDIA,29OCT2026,260000.000000,200,OPTSTK,BFO,5.000000,100000000,False
863174,FOCIT26OCT39100PE,FOCIT,29OCT2026,3910000.000000,45,OPTIDX,BFO,5.000000,1350,False
863185,SHRIRAMFIN26OCT1160CE,SHRIRAMFIN,29OCT2026,116000.000000,825,OPTSTK,BFO,5.000000,18000,False
863191,ONGC26OCT245CE,ONGC,29OCT2026,24500.000000,2250,OPTSTK,BFO,5.000000,154000,False
863197,POLICYBZR26OCT1720PE,POLICYBZR,29OCT2026,172000.000000,350,OPTSTK,BFO,5.000000,100000000,False
863200,SENSEX5026OCT24800CE,SENSEX50,29OCT2026,2480000.000000,75,OPTIDX,BFO,5.000000,1800,False
863212,POLICYBZR26OCT1560PE,POLICYBZR,29OCT2026,156000.000000,350,OPTSTK,BFO,5.000000,100000000,False
863215,NHPC26OCT84PE,NHPC,29OCT2026,8400.000000,6950,OPTSTK,BFO,5.000000,100000000,False
863216,FOCIT26OCT35400PE,FOCIT,29OCT2026,3540000.000000,45,OPTIDX,BFO,5.000000,1350,False
863220,SBICARD26OCT660CE,SBICARD,29OCT2026,66000.000000,800,OPTSTK,BFO,5.000000,32000,False
863243,HDFCAMC26OCT2650PE,HDFCAMC,29OCT2026,265000.000000,300,OPTSTK,BFO,5.000000,12000,False
863254,GODREJCP26OCT1070PE,GODREJCP,29OCT2026,107000.000000,500,OPTSTK,BFO,5.000000,30000,False
863257,ASHOKLEY26OCT145PE,ASHOKLEY,29OCT2026,14500.000000,5000,OPTSTK,BFO,5.000000,150000,False
863260,FOCIT26OCT31700PE,FOCIT,29OCT2026,3170000.000000,45,OPTIDX,BFO,5.000000,1350,False
863273,SBILIFE26OCT1840CE,SBILIFE,29OCT2026,184000.000000,375,OPTSTK,BFO,5.000000,22500,False
863276,CONCOR26OCT545PE,CONCOR,29OCT2026,54500.000000,1250,OPTSTK,BFO,5.000000,40000,False
863290,POWERGRID26OCT275CE,POWERGRID,29OCT2026,27500.000000,1900,OPTSTK,BFO,5.000000,108000,False
863299,AMBUJACEM26OCT400PE,AMBUJACEM,29OCT2026,40000.000000,1200,OPTSTK,BFO,5.000000,54000,False
863307,BANKEX26OCT58500PE,BANKEX,29OCT2026,5850000.000000,30,OPTIDX,BFO,5.000000,900,False
863309,KALYANKJIL26OCT625PE,KALYANKJIL,29OCT2026,62500.000000,1350,OPTSTK,BFO,5.000000,100000000,False
863311,BANKEX26OCT70800CE,BANKEX,29OCT2026,7080000.000000,30,OPTIDX,BFO,5.000000,900,False
863315,SENSEX2691773100CE,SENSEX,17SEP2026,7310000.000000,20,OPTIDX,BFO,5.000000,1000,False
863320,TVSMOTOR26OCT3850PE,TVSMOTOR,29OCT2026,385000.000000,175,OPTSTK,BFO,5.000000,21000,False
863321,SHREECEM26OCT28250PE,SHREECEM,29OCT2026,2825000.000000,25,OPTSTK,BFO,5.000000,1000,False
863340,HINDALCO26OCT940CE,HINDALCO,29OCT2026,94000.000000,700,OPTSTK,BFO,5.000000,56000,False
863350,CANBK26OCT130PE,CANBK,29OCT2026,13000.000000,6750,OPTSTK,BFO,5.000000,81000,False
863355,MARUTI26OCT14900PE,MARUTI,29OCT2026,1490000.000000,50,OPTSTK,BFO,5.000000,3000,False
863357,VMM26OCT122.5CE,VMM,29OCT2026,12250.000000,4850,OPTSTK,BFO,5.000000,100000000,False
863359,PNB26OCTFUT,PNB,29OCT2026,0.000000,8000,FUTSTK,BFO,5.000000,480000,False
863407,SENSEX26OCT83200PE,SENSEX,29OCT2026,8320000.000000,20,OPTIDX,BFO,5.000000,1000,False
863422,IRFC26OCT92CE,IRFC,29OCT2026,9200.000000,5425,OPTSTK,BFO,5.000000,100000000,False
863431,BHARTIARTL26OCT1840PE,BHARTIARTL,29OCT2026,184000.000000,475,OPTSTK,BFO,5.000000,28500,False
863436,FOCIT26OCT39000CE,FOCIT,29OCT2026,3900000.000000,45,OPTIDX,BFO,5.000000,1350,False
863441,ULTRACEMCO26OCT12100PE,ULTRACEMCO,29OCT2026,1210000.000000,50,OPTSTK,BFO,5.000000,3000,False
863446,PERSISTENT26OCT6000CE,PERSISTENT,29OCT2026,600000.000000,125,OPTSTK,BFO,5.000000,5250,False
863456,TECHM26OCT1800PE,TECHM,29OCT2026,180000.000000,600,OPTSTK,BFO,5.000000,24000,False
863477,MAZDOCK26OCT1950PE,MAZDOCK,29OCT2026,195000.000000,225,OPTSTK,BFO,5.000000,100000000,False
863480,FOCIT26OCT39900CE,FOCIT,29OCT2026,3990000.000000,45,OPTIDX,BFO,5.000000,1350,False
863488,POWERGRID26OCT275PE,POWERGRID,29OCT2026,27500.000000,1900,OPTSTK,BFO,5.000000,108000,False
863539,ADANIPOWER26OCT200CE,ADANIPOWER,29OCT2026,20000.000000,3550,OPTSTK,BFO,5.000000,100000000,False
863543,FOCIT26OCT40900PE,FOCIT,29OCT2026,4090000.000000,45,OPTIDX,BFO,5.000000,1350,False
863555,SENSEX2691773400PE,SENSEX,17SEP2026,7340000.000000,20,OPTIDX,BFO,5.000000,1000,False
863556,HCLTECH26OCT1390CE,HCLTECH,29OCT2026,139000.000000,400,OPTSTK,BFO,5.000000,21000,False
863563,PETRONET26OCT300CE,PETRONET,29OCT2026,30000.000000,1900,OPTSTK,BFO,5.000000,120000,False
863569,HDFCAMC26OCT2200PE,HDFCAMC,29OCT2026,220000.000000,300,OPTSTK,BFO,5.000000,12000,False
863577,COCHINSHIP26OCT1440PE,COCHINSHIP,29OCT2026,144000.000000,400,OPTSTK,BFO,5.000000,100000000,False
863594,PREMIERENE26OCT840CE,PREMIERENE,29OCT2026,84000.000000,650,OPTSTK,BFO,5.000000,100000000,False
863595,TATAPOWER26OCT345PE,TATAPOWER,29OCT2026,34500.000000,1450,OPTSTK,BFO,5.000000,101250,False
863613,ABB26OCT7500PE,ABB,29OCT2026,750000.000000,125,OPTSTK,BFO,5.000000,7500,False
863620,PIIND26OCT2600PE,PIIND,29OCT2026,260000.000000,175,OPTSTK,BFO,5.000000,7500,False
863638,KPITTECH26OCT560PE,KPITTECH,29OCT2026,56000.000000,775,OPTSTK,BFO,5.000000,100000000,False
863642,BOSCHLTD26OCT43000CE,BOSCHLTD,29OCT2026,4300000.000000,25,OPTSTK,BFO,5.000000,1500,False
863643,M&M26SEP3650CE,M&M,24SEP2026,365000.000000,200,OPTSTK,BFO,5.000000,21000,False
863647,MFSL26OCT1540CE,MFSL,29OCT2026,154000.000000,400,OPTSTK,BFO,5.000000,32000,False
863659,ICICIGI26OCT1640PE,ICICIGI,29OCT2026,164000.000000,325,OPTSTK,BFO,5.000000,20000,False
863681,BHARATFORG26OCT2020CE,BHARATFORG,29OCT2026,202000.000000,500,OPTSTK,BFO,5.000000,30000,False
863698,BANKEX26OCT60100CE,BANKEX,29OCT2026,6010000.000000,30,OPTIDX,BFO,5.000000,900,False
863712,UPL26OCT600CE,UPL,29OCT2026,60000.000000,1355,OPTSTK,BFO,5.000000,39000,False
863729,FOCIT26OCT37900PE,FOCIT,29OCT2026,3790000.000000,45,OPTIDX,BFO,5.000000,1350,False
863732,BHARATFORG26OCT2100PE,BHARATFORG,29OCT2026,210000.000000,500,OPTSTK,BFO,5.000000,30000,False
863742,NMDC26OCT89CE,NMDC,29OCT2026,8900.000000,6750,OPTSTK,BFO,5.000000,225000,False
863746,HDFCAMC26OCT2850PE,HDFCAMC,29OCT2026,285000.000000,300,OPTSTK,BFO,5.000000,12000,False
863749,TVSMOTOR26SEP4450CE,TVSMOTOR,24SEP2026,445000.000000,175,OPTSTK,BFO,5.000000,21000,False
863754,HINDUNILVR26OCT2060CE,HINDUNILVR,29OCT2026,206000.000000,300,OPTSTK,BFO,5.000000,9000,False
863773,ITC26OCT267.5PE,ITC,29OCT2026,26750.000000,1725,OPTSTK,BFO,5.000000,64000,False
863779,PETRONET26OCT305CE,PETRONET,29OCT2026,30500.000000,1900,OPTSTK,BFO,5.000000,120000,False
863781,BHARTIARTL26OCT2000CE,BHARTIARTL,29OCT2026,200000.000000,475,OPTSTK,BFO,5.000000,28500,False
863793,FOCIT26SEP39600PE,FOCIT,24SEP2026,3960000.000000,45,OPTIDX,BFO,5.000000,1350,False
863799,OIL26OCT440PE,OIL,29OCT2026,44000.000000,1400,OPTSTK,BFO,5.000000,100000000,False
863801,BRITANNIA26OCT5600CE,BRITANNIA,29OCT2026,560000.000000,125,OPTSTK,BFO,5.000000,6000,False
863802,LICI26OCTFUT,LICI,29OCT2026,0.000000,1400,FUTSTK,BFO,5.000000,100000000,False
863807,PAGEIND26OCT37500PE,PAGEIND,29OCT2026,3750000.000000,20,OPTSTK,BFO,5.000000,600,False
863809,AMBER26OCT6800CE,AMBER,29OCT2026,680000.000000,100,OPTSTK,BFO,5.000000,100000000,False
863813,CUMMINSIND26OCT6100CE,CUMMINSIND,29OCT2026,610000.000000,200,OPTSTK,BFO,5.000000,18000,False
863819,OIL26OCT445CE,OIL,29OCT2026,44500.000000,1400,OPTSTK,BFO,5.000000,100000000,False
863832,PNB26OCT108PE,PNB,29OCT2026,10800.000000,8000,OPTSTK,BFO,5.000000,480000,False
863837,FOCIT26OCT41900PE,FOCIT,29OCT2026,4190000.000000,45,OPTIDX,BFO,5.000000,1350,False
863842,FOCIT26SEP33600PE,FOCIT,24SEP2026,3360000.000000,45,OPTIDX,BFO,5.000000,1350,False
863843,MPHASIS26OCT2600PE,MPHASIS,29OCT2026,260000.000000,275,OPTSTK,BFO,5.000000,11000,False
863846,FOCIT26SEP35900PE,FOCIT,24SEP2026,3590000.000000,45,OPTIDX,BFO,5.000000,1350,False
863847,BAJAJ-AUTO26OCT11000CE,BAJAJ-AUTO,29OCT2026,1100000.000000,75,OPTSTK,BFO,5.000000,5000,False
863849,COALINDIA26OCT400PE,COALINDIA,29OCT2026,40000.000000,1350,OPTSTK,BFO,5.000000,126000,False
863861,COALINDIA26OCT405CE,COALINDIA,29OCT2026,40500.000000,1350,OPTSTK,BFO,5.000000,126000,False
863883,NAUKRI26OCT1360CE,NAUKRI,29OCT2026,136000.000000,550,OPTSTK,BFO,5.000000,6000,False
863884,BANKEX26OCT68700PE,BANKEX,29OCT2026,6870000.000000,30,OPTIDX,BFO,5.000000,900,False
863891,APOLLOHOSP26OCT9100CE,APOLLOHOSP,29OCT2026,910000.000000,125,OPTSTK,BFO,5.000000,5000,False
863894,VBL26OCT440CE,VBL,29OCT2026,44000.000000,1275,OPTSTK,BFO,5.000000,100000000,False
863909,IDEA26OCT9CE,IDEA,29OCT2026,900.000000,71475,OPTSTK,BFO,5.000000,2400000,False
863915,SENSEX26OCT83400PE,SENSEX,29OCT2026,8340000.000000,20,OPTIDX,BFO,5.000000,1000,False
863925,RECLTD26OCT355CE,RECLTD,29OCT2026,35500.000000,1575,OPTSTK,BFO,5.000000,160000,False
863930,PATANJALI26OCT380PE,PATANJALI,29OCT2026,38000.000000,1075,OPTSTK,BFO,5.000000,100000000,False
863951,PETRONET26OCTFUT,PETRONET,29OCT2026,0.000000,1900,FUTSTK,BFO,5.000000,120000,False
863976,LTF26OCT330CE,LTF,29OCT2026,33000.000000,2250,OPTSTK,BFO,5.000000,267720,False
863978,BHEL26OCT400PE,BHEL,29OCT2026,40000.000000,2625,OPTSTK,BFO,5.000000,315000,False
863981,IDFCFIRSTB26OCT92CE,IDFCFIRSTB,29OCT2026,9200.000000,9275,OPTSTK,BFO,5.000000,450000,False
863993,SENSEX2691777300PE,SENSEX,17SEP2026,7730000.000000,20,OPTIDX,BFO,5.000000,1000,False
864002,OIL26OCT445PE,OIL,29OCT2026,44500.000000,1400,OPTSTK,BFO,5.000000,100000000,False
864005,SBIN26OCT1080PE,SBIN,29OCT2026,108000.000000,750,OPTSTK,BFO,5.000000,45000,False
864029,MOTHERSON26OCT160PE,MOTHERSON,29OCT2026,16000.000000,6150,OPTSTK,BFO,5.000000,284000,False
864032,SENSEX2691775900PE,SENSEX,17SEP2026,7590000.000000,20,OPTIDX,BFO,5.000000,1000,False
864050,LTM26OCT4800PE,LTM,29OCT2026,480000.000000,150,OPTSTK,BFO,5.000000,4500,False
864058,BANKEX26OCT58600CE,BANKEX,29OCT2026,5860000.000000,30,OPTIDX,BFO,5.000000,900,False
864062,DELHIVERY26OCT475CE,DELHIVERY,29OCT2026,47500.000000,2075,OPTSTK,BFO,5.000000,100000000,False
864068,TATAELXSI26OCT4000PE,TATAELXSI,29OCT2026,400000.000000,125,OPTSTK,BFO,5.000000,100000000,False
864085,TECHM26OCT1580CE,TECHM,29OCT2026,158000.000000,600,OPTSTK,BFO,5.000000,24000,False
864103,ASTRAL26OCT1380PE,ASTRAL,29OCT2026,138000.000000,425,OPTSTK,BFO,5.000000,14680,False
864107,SENSEX26OCT76700PE,SENSEX,29OCT2026,7670000.000000,20,OPTIDX,BFO,5.000000,1000,False
864130,SHREECEM26OCT28000PE,SHREECEM,29OCT2026,2800000.000000,25,OPTSTK,BFO,5.000000,1000,False
864131,BDL26OCT1160CE,BDL,29OCT2026,116000.000000,425,OPTSTK,BFO,5.000000,100000000,False
864133,FOCIT26OCT37200PE,FOCIT,29OCT2026,3720000.000000,45,OPTIDX,BFO,5.000000,1350,False
864136,UNIONBANK26OCT172.5PE,UNIONBANK,29OCT2026,17250.000000,4425,OPTSTK,BFO,5.000000,100000000,False
864146,POLYCAB26OCT8600PE,POLYCAB,29OCT2026,860000.000000,125,OPTSTK,BFO,5.000000,9000,False
864152,PETRONET26OCT250CE,PETRONET,29OCT2026,25000.000000,1900,OPTSTK,BFO,5.000000,120000,False
864154,VBL26OCT510PE,VBL,29OCT2026,51000.000000,1275,OPTSTK,BFO,5.000000,100000000,False
864168,BANKEX26OCT62600CE,BANKEX,29OCT2026,6260000.000000,30,OPTIDX,BFO,5.000000,900,False
864169,UNITDSPR26OCT1580PE,UNITDSPR,29OCT2026,158000.000000,400,OPTSTK,BFO,5.000000,28000,False
864170,LTF26OCT335CE,LTF,29OCT2026,33500.000000,2250,OPTSTK,BFO,5.000000,267720,False
864179,INFY26OCT1040CE,INFY,29OCT2026,104000.000000,400,OPTSTK,BFO,5.000000,16000,False
864186,BDL26OCT1240PE,BDL,29OCT2026,124000.000000,425,OPTSTK,BFO,5.000000,100000000,False
864202,GVT&D26OCT3600PE,GVT&D,29OCT2026,360000.000000,125,OPTSTK,BFO,5.000000,100000000,False
864208,BIOCON26OCT440CE,BIOCON,29OCT2026,44000.000000,2500,OPTSTK,BFO,5.000000,100000,False
864221,PAYTM26OCT1200CE,PAYTM,29OCT2026,120000.000000,725,OPTSTK,BFO,5.000000,100000000,False
864237,BAJAJHLDNG26OCT11600PE,BAJAJHLDNG,29OCT2026,1160000.000000,75,OPTSTK,BFO,5.000000,100000000,False
864245,VBL26OCT420PE,VBL,29OCT2026,42000.000000,1275,OPTSTK,BFO,5.000000,100000000,False
864249,MARICO26OCT830PE,MARICO,29OCT2026,83000.000000,1200,OPTSTK,BFO,5.000000,48000,False
864251,RVNL26OCT230PE,RVNL,29OCT2026,23000.000000,1925,OPTSTK,BFO,5.000000,100000000,False
864258,INDIANB26OCT860CE,INDIANB,29OCT2026,86000.000000,1000,OPTSTK,BFO,5.000000,100000000,False
864260,SENSEX2691784200PE,SENSEX,17SEP2026,8420000.000000,20,OPTIDX,BFO,5.000000,1000,False
864269,CROMPTON26OCT225CE,CROMPTON,29OCT2026,22500.000000,2150,OPTSTK,BFO,5.000000,90000,False
864289,ANGELONE26OCT260PE,ANGELONE,29OCT2026,26000.000000,2500,OPTSTK,BFO,5.000000,100000000,False
864302,CHOLAFIN26OCT1700CE,CHOLAFIN,29OCT2026,170000.000000,625,OPTSTK,BFO,5.000000,25000,False
864307,DRREDDY26OCT1150PE,DRREDDY,29OCT2026,115000.000000,625,OPTSTK,BFO,5.000000,5000,False
864318,GVT&D26OCT3500CE,GVT&D,29OCT2026,350000.000000,125,OPTSTK,BFO,5.000000,100000000,False
864321,PIIND26OCT2450CE,PIIND,29OCT2026,245000.000000,175,OPTSTK,BFO,5.000000,7500,False
864326,INDHOTEL26OCT700PE,INDHOTEL,29OCT2026,70000.000000,1000,OPTSTK,BFO,5.000000,60000,False
864337,UNIONBANK26OCT177.5PE,UNIONBANK,29OCT2026,17750.000000,4425,OPTSTK,BFO,5.000000,100000000,False
864339,PETRONET26OCT250PE,PETRONET,29OCT2026,25000.000000,1900,OPTSTK,BFO,5.000000,120000,False
864352,PETRONET26OCT255CE,PETRONET,29OCT2026,25500.000000,1900,OPTSTK,BFO,5.000000,120000,False
864362,VEDL26OCT270PE,VEDL,29OCT2026,27000.000000,1150,OPTSTK,BFO,5.000000,80000,False
864392,LICHSGFIN26OCT580PE,LICHSGFIN,29OCT2026,58000.000000,1000,OPTSTK,BFO,5.000000,60000,False
864393,BANKEX26OCT62900PE,BANKEX,29OCT2026,6290000.000000,30,OPTIDX,BFO,5.000000,900,False
864395,FOCIT26OCT39400CE,FOCIT,29OCT2026,3940000.000000,45,OPTIDX,BFO,5.000000,1350,False
864404,SENSEX26OCT72900CE,SENSEX,29OCT2026,7290000.000000,20,OPTIDX,BFO,5.000000,1000,False
864406,INDUSINDBK26OCT1000PE,INDUSINDBK,29OCT2026,100000.000000,700,OPTSTK,BFO,5.000000,20000,False
864407,BIOCON26OCT445CE,BIOCON,29OCT2026,44500.000000,2500,OPTSTK,BFO,5.000000,100000,False
864411,COLPAL26OCT2020CE,COLPAL,29OCT2026,202000.000000,275,OPTSTK,BFO,5.000000,14000,False
864417,SENSEX26OCT82000CE,SENSEX,29OCT2026,8200000.000000,20,OPTIDX,BFO,5.000000,1000,False
864422,ADANIPOWER26OCT245PE,ADANIPOWER,29OCT2026,24500.000000,3550,OPTSTK,BFO,5.000000,100000000,False
864429,BANDHANBNK26OCTFUT,BANDHANBNK,29OCT2026,0.000000,3600,FUTSTK,BFO,5.000000,100000,False
864442,INDIANB26OCT860PE,INDIANB,29OCT2026,86000.000000,1000,OPTSTK,BFO,5.000000,100000000,False
864457,CROMPTON26OCT225PE,CROMPTON,29OCT2026,22500.000000,2150,OPTSTK,BFO,5.000000,90000,False
864466,SENSEX2691779800PE,SENSEX,17SEP2026,7980000.000000,20,OPTIDX,BFO,5.000000,1000,False
864479,NYKAA26OCT300CE,NYKAA,29OCT2026,30000.000000,3125,OPTSTK,BFO,5.000000,100000000,False
864484,NESTLEIND26OCT1470CE,NESTLEIND,29OCT2026,147000.000000,500,OPTSTK,BFO,5.000000,1200,False
864494,ANGELONE26OCT265PE,ANGELONE,29OCT2026,26500.000000,2500,OPTSTK,BFO,5.000000,100000000,False
864499,IREDA26OCT122.5CE,IREDA,29OCT2026,12250.000000,4525,OPTSTK,BFO,5.000000,100000000,False
864507,GAIL26OCT182.5CE,GAIL,29OCT2026,18250.000000,3550,OPTSTK,BFO,5.000000,274500,False
864508,FOCIT26SEP35100CE,FOCIT,24SEP2026,3510000.000000,45,OPTIDX,BFO,5.000000,1350,False
864510,ABB26OCT7000PE,ABB,29OCT2026,700000.000000,125,OPTSTK,BFO,5.000000,7500,False
864516,FOCIT26SEP39700CE,FOCIT,24SEP2026,3970000.000000,45,OPTIDX,BFO,5.000000,1350,False
864526,SIEMENS26OCT4000CE,SIEMENS,29OCT2026,400000.000000,175,OPTSTK,BFO,5.000000,8250,False
864531,POLICYBZR26OCT1500CE,POLICYBZR,29OCT2026,150000.000000,350,OPTSTK,BFO,5.000000,100000000,False
864532,BAJAJ-AUTO26OCT11500PE,BAJAJ-AUTO,29OCT2026,1150000.000000,75,OPTSTK,BFO,5.000000,5000,False
864534,MANKIND26OCT2540PE,MANKIND,29OCT2026,254000.000000,250,OPTSTK,BFO,5.000000,100000000,False
864538,LT26OCT4300CE,LT,29OCT2026,430000.000000,175,OPTSTK,BFO,5.000000,12000,False
864542,PAGEIND26OCT40000PE,PAGEIND,29OCT2026,4000000.000000,20,OPTSTK,BFO,5.000000,600,False
864549,SHREECEM26OCT26250CE,SHREECEM,29OCT2026,2625000.000000,25,OPTSTK,BFO,5.000000,1000,False
864550,NAM-INDIA26OCT1280CE,NAM-INDIA,29OCT2026,128000.000000,625,OPTSTK,BFO,5.000000,100000000,False
864551,POLYCAB26OCT9500CE,POLYCAB,29OCT2026,950000.000000,125,OPTSTK,BFO,5.000000,9000,False
864559,UPL26OCT620PE,UPL,29OCT2026,62000.000000,1355,OPTSTK,BFO,5.000000,39000,False
864562,JSWSTEEL26OCT1400CE,JSWSTEEL,29OCT2026,140000.000000,675,OPTSTK,BFO,5.000000,40500,False
864582,RADICO26OCT4550CE,RADICO,29OCT2026,455000.000000,150,OPTSTK,BFO,5.000000,100000000,False
864615,GVT&D26OCT4500CE,GVT&D,29OCT2026,450000.000000,125,OPTSTK,BFO,5.000000,100000000,False
864616,NMDC26OCTFUT,NMDC,29OCT2026,0.000000,6750,FUTSTK,BFO,5.000000,225000,False
864619,BAJAJFINSV26OCT1940PE,BAJAJFINSV,29OCT2026,194000.000000,300,OPTSTK,BFO,5.000000,20000,False
864628,ICICIPRULI26OCT515PE,ICICIPRULI,29OCT2026,51500.000000,925,OPTSTK,BFO,5.000000,60000,False
864634,BDL26OCT1360CE,BDL,29OCT2026,136000.000000,425,OPTSTK,BFO,5.000000,100000000,False
864638,JSWSTEEL26OCT1320PE,JSWSTEEL,29OCT2026,132000.000000,675,OPTSTK,BFO,5.000000,40500,False
864663,HDFCAMC26OCT2350PE,HDFCAMC,29OCT2026,235000.000000,300,OPTSTK,BFO,5.000000,12000,False
864667,PNB26OCT112CE,PNB,29OCT2026,11200.000000,8000,OPTSTK,BFO,5.000000,480000,False
864673,BANKEX26OCT60500CE,BANKEX,29OCT2026,6050000.000000,30,OPTIDX,BFO,5.000000,900,False
864687,INFY26OCT1240CE,INFY,29OCT2026,124000.000000,400,OPTSTK,BFO,5.000000,16000,False
864697,FOCIT26OCT33700PE,FOCIT,29OCT2026,3370000.000000,45,OPTIDX,BFO,5.000000,1350,False
864704,MANKIND26OCT2440CE,MANKIND,29OCT2026,244000.000000,250,OPTSTK,BFO,5.000000,100000000,False
864730,INDUSTOWER26OCT361CE,INDUSTOWER,29OCT2026,36100.000000,1700,OPTSTK,BFO,5.000000,170000,False
864733,MAXHEALTH26OCT1200PE,MAXHEALTH,29OCT2026,120000.000000,525,OPTSTK,BFO,5.000000,100000000,False
864751,RELIANCE26OCT1240CE,RELIANCE,29OCT2026,124000.000000,500,OPTSTK,BFO,5.000000,10000,False
864752,FORTIS26OCT1020CE,FORTIS,29OCT2026,102000.000000,775,OPTSTK,BFO,5.000000,100000000,False
864753,BANKEX26OCT58200PE,BANKEX,29OCT2026,5820000.000000,30,OPTIDX,BFO,5.000000,900,False
864757,KEI26OCT4500PE,KEI,29OCT2026,450000.000000,175,OPTSTK,BFO,5.000000,100000000,False
864762,PGEL26OCT640PE,PGEL,29OCT2026,64000.000000,950,OPTSTK,BFO,5.000000,100000000,False
864780,SBICARD26OCTFUT,SBICARD,29OCT2026,0.000000,800,FUTSTK,BFO,5.000000,32000,False
864791,ADANIENSOL26OCT1560CE,ADANIENSOL,29OCT2026,156000.000000,675,OPTSTK,BFO,5.000000,100000000,False
864802,BHARTIARTL26OCT2080CE,BHARTIARTL,29OCT2026,208000.000000,475,OPTSTK,BFO,5.000000,28500,False
864805,SUPREMEIND26OCT3650PE,SUPREMEIND,29OCT2026,365000.000000,175,OPTSTK,BFO,5.000000,100000000,False
864809,TATACONSUM26OCT1050PE,TATACONSUM,29OCT2026,105000.000000,550,OPTSTK,BFO,5.000000,36000,False
864824,SENSEX5026OCT26200PE,SENSEX50,29OCT2026,2620000.000000,75,OPTIDX,BFO,5.000000,1800,False
864826,ICICIBANK26OCT1510PE,ICICIBANK,29OCT2026,151000.000000,700,OPTSTK,BFO,5.000000,28000,False
864831,SUPREMEIND26OCT3800CE,SUPREMEIND,29OCT2026,380000.000000,175,OPTSTK,BFO,5.000000,100000000,False
864845,JSWENERGY26OCT500PE,JSWENERGY,29OCT2026,50000.000000,1075,OPTSTK,BFO,5.000000,100000000,False
864861,ICICIBANK26OCT1500CE,ICICIBANK,29OCT2026,150000.000000,700,OPTSTK,BFO,5.000000,28000,False
864874,PAGEIND26OCT41000PE,PAGEIND,29OCT2026,4100000.000000,20,OPTSTK,BFO,5.000000,600,False
864877,COFORGE26OCT1760CE,COFORGE,29OCT2026,176000.000000,475,OPTSTK,BFO,5.000000,6000,False
864919,BRITANNIA26OCT5750CE,BRITANNIA,29OCT2026,575000.000000,125,OPTSTK,BFO,5.000000,6000,False
864920,LT26OCT3900CE,LT,29OCT2026,390000.000000,175,OPTSTK,BFO,5.000000,12000,False
864921,MPHASIS26OCT2000CE,MPHASIS,29OCT2026,200000.000000,275,OPTSTK,BFO,5.000000,11000,False
864929,FOCIT26OCT37300CE,FOCIT,29OCT2026,3730000.000000,45,OPTIDX,BFO,5.000000,1350,False
864950,KALYANKJIL26OCT610PE,KALYANKJIL,29OCT2026,61000.000000,1350,OPTSTK,BFO,5.000000,100000000,False
864954,YESBANK26OCT24PE,YESBANK,29OCT2026,2400.000000,31100,OPTSTK,BFO,5.000000,100000000,False
864963,SOLARINDS26OCT18750CE,SOLARINDS,29OCT2026,1875000.000000,50,OPTSTK,BFO,5.000000,100000000,False
864970,GAIL26OCT187.5PE,GAIL,29OCT2026,18750.000000,3550,OPTSTK,BFO,5.000000,274500,False
864980,COALINDIA26OCT390PE,COALINDIA,29OCT2026,39000.000000,1350,OPTSTK,BFO,5.000000,126000,False
864983,JUBLFOOD26OCT440PE,JUBLFOOD,29OCT2026,44000.000000,1250,OPTSTK,BFO,5.000000,50000,False
864991,AMBUJACEM26OCT415CE,AMBUJACEM,29OCT2026,41500.000000,1200,OPTSTK,BFO,5.000000,54000,False
864998,SHRIRAMFIN26OCT1160PE,SHRIRAMFIN,29OCT2026,116000.000000,825,OPTSTK,BFO,5.000000,18000,False
865014,HAVELLS26SEP1400CE,HAVELLS,24SEP2026,140000.000000,500,OPTSTK,BFO,5.000000,20000,False
865023,ADANIPORTS26OCT1740CE,ADANIPORTS,29OCT2026,174000.000000,475,OPTSTK,BFO,5.000000,32000,False
865025,DELHIVERY26OCTFUT,DELHIVERY,29OCT2026,0.000000,2075,FUTSTK,BFO,5.000000,100000000,False
865033,SBILIFE26OCT1920CE,SBILIFE,29OCT2026,192000.000000,375,OPTSTK,BFO,5.000000,22500,False
865048,LODHA26OCT1240CE,LODHA,29OCT2026,124000.000000,625,OPTSTK,BFO,5.000000,100000000,False
865054,BAJAJHLDNG26OCT10500PE,BAJAJHLDNG,29OCT2026,1050000.000000,75,OPTSTK,BFO,5.000000,100000000,False
865059,FOCIT26SEP35300CE,FOCIT,24SEP2026,3530000.000000,45,OPTIDX,BFO,5.000000,1350,False
865062,SWIGGY26OCT275PE,SWIGGY,29OCT2026,27500.000000,1825,OPTSTK,BFO,5.000000,100000000,False
865091,BAJAJ-AUTO26OCT11700PE,BAJAJ-AUTO,29OCT2026,1170000.000000,75,OPTSTK,BFO,5.000000,5000,False
865105,MUTHOOTFIN26OCT3100CE,MUTHOOTFIN,29OCT2026,310000.000000,275,OPTSTK,BFO,5.000000,22000,False
865111,POWERGRID26OCT297.5CE,POWERGRID,29OCT2026,29750.000000,1900,OPTSTK,BFO,5.000000,108000,False
865119,PETRONET26OCT295PE,PETRONET,29OCT2026,29500.000000,1900,OPTSTK,BFO,5.000000,120000,False
865124,HDFCBANK26OCTFUT,HDFCBANK,29OCT2026,0.000000,650,FUTSTK,BFO,5.000000,16500,False
865127,GAIL26OCT190CE,GAIL,29OCT2026,19000.000000,3550,OPTSTK,BFO,5.000000,274500,False
865165,ONGC26OCT242.5PE,ONGC,29OCT2026,24250.000000,2250,OPTSTK,BFO,5.000000,154000,False
865168,APLAPOLLO26OCT2000PE,APLAPOLLO,29OCT2026,200000.000000,350,OPTSTK,BFO,5.000000,100000000,False
865173,LAURUSLABS26OCT1760PE,LAURUSLABS,29OCT2026,176000.000000,850,OPTSTK,BFO,5.000000,68000,False
865177,DLF26OCT710CE,DLF,29OCT2026,71000.000000,950,OPTSTK,BFO,5.000000,49500,False
865187,OBEROIRLTY26OCT1760PE,OBEROIRLTY,29OCT2026,176000.000000,350,OPTSTK,BFO,5.000000,28000,False
865189,DIXON26OCT13500PE,DIXON,29OCT2026,1350000.000000,50,OPTSTK,BFO,5.000000,6000,False
865193,JSWSTEEL26OCT1360PE,JSWSTEEL,29OCT2026,136000.000000,675,OPTSTK,BFO,5.000000,40500,False
865200,COALINDIA26OCT395PE,COALINDIA,29OCT2026,39500.000000,1350,OPTSTK,BFO,5.000000,126000,False
865203,IEX26OCT117.5CE,IEX,29OCT2026,11750.000000,4350,OPTSTK,BFO,5.000000,150000,False
865213,NAUKRI26OCT1160PE,NAUKRI,29OCT2026,116000.000000,550,OPTSTK,BFO,5.000000,6000,False
865214,GRASIM26OCT3180CE,GRASIM,29OCT2026,318000.000000,250,OPTSTK,BFO,5.000000,14250,False
865225,FOCIT26OCT31600PE,FOCIT,29OCT2026,3160000.000000,45,OPTIDX,BFO,5.000000,1350,False
865230,BAJAJHLDNG26OCT11100PE,BAJAJHLDNG,29OCT2026,1110000.000000,75,OPTSTK,BFO,5.000000,100000000,False
865240,MOTHERSON26OCT135CE,MOTHERSON,29OCT2026,13500.000000,6150,OPTSTK,BFO,5.000000,284000,False
865274,PAGEIND26OCT39500PE,PAGEIND,29OCT2026,3950000.000000,20,OPTSTK,BFO,5.000000,600,False
865283,SENSEX2691773000CE,SENSEX,17SEP2026,7300000.000000,20,OPTIDX,BFO,5.000000,1000,False
865285,CIPLA26OCT1410PE,CIPLA,29OCT2026,141000.000000,425,OPTSTK,BFO,5.000000,26000,False
865296,NHPC26OCT75CE,NHPC,29OCT2026,7500.000000,6950,OPTSTK,BFO,5.000000,100000000,False
865303,SONACOMS26OCT690CE,SONACOMS,29OCT2026,69000.000000,1225,OPTSTK,BFO,5.000000,100000000,False
865321,HINDZINC26OCT490CE,HINDZINC,29OCT2026,49000.000000,1225,OPTSTK,BFO,5.000000,100000000,False
865323,ASIANPAINT26OCT2640CE,ASIANPAINT,29OCT2026,264000.000000,250,OPTSTK,BFO,5.000000,8000,False
865330,MARUTI26OCT14800PE,MARUTI,29OCT2026,1480000.000000,50,OPTSTK,BFO,5.000000,3000,False
865331,ADANIENSOL26OCT1760CE,ADANIENSOL,29OCT2026,176000.000000,675,OPTSTK,BFO,5.000000,100000000,False
865345,PIDILITIND26OCT1680CE,PIDILITIND,29OCT2026,168000.000000,500,OPTSTK,BFO,5.000000,10000,False
865348,BANKINDIA26OCTFUT,BANKINDIA,29OCT2026,0.000000,5200,FUTSTK,BFO,5.000000,100000000,False
865374,MOTHERSON26OCT142.5PE,MOTHERSON,29OCT2026,14250.000000,6150,OPTSTK,BFO,5.000000,284000,False
865385,MAZDOCK26OCT2550CE,MAZDOCK,29OCT2026,255000.000000,225,OPTSTK,BFO,5.000000,100000000,False
865398,TATACONSUM26OCT1080CE,TATACONSUM,29OCT2026,108000.000000,550,OPTSTK,BFO,5.000000,36000,False
865419,SUNPHARMA26OCT2080PE,SUNPHARMA,29OCT2026,208000.000000,350,OPTSTK,BFO,5.000000,28000,False
865420,BANKEX26OCT64700PE,BANKEX,29OCT2026,6470000.000000,30,OPTIDX,BFO,5.000000,900,False
865432,SENSEX26OCT72400CE,SENSEX,29OCT2026,7240000.000000,20,OPTIDX,BFO,5.000000,1000,False
865444,MPHASIS26OCT2050PE,MPHASIS,29OCT2026,205000.000000,275,OPTSTK,BFO,5.000000,11000,False
865450,FOCIT26SEP41900PE,FOCIT,24SEP2026,4190000.000000,45,OPTIDX,BFO,5.000000,1350,False
865451,SIEMENS26OCT3800CE,SIEMENS,29OCT2026,380000.000000,175,OPTSTK,BFO,5.000000,8250,False
865468,HEROMOTOCO26OCT4700CE,HEROMOTOCO,29OCT2026,470000.000000,150,OPTSTK,BFO,5.000000,9000,False
865485,BANKEX26OCT70100PE,BANKEX,29OCT2026,7010000.000000,30,OPTIDX,BFO,5.000000,900,False
865496,HEROMOTOCO26OCT5400PE,HEROMOTOCO,29OCT2026,540000.000000,150,OPTSTK,BFO,5.000000,9000,False
865510,COCHINSHIP26OCT1420CE,COCHINSHIP,29OCT2026,142000.000000,400,OPTSTK,BFO,5.000000,100000000,False
865523,KPITTECH26OCT550PE,KPITTECH,29OCT2026,55000.000000,775,OPTSTK,BFO,5.000000,100000000,False
865541,DABUR26OCT390CE,DABUR,29OCT2026,39000.000000,1250,OPTSTK,BFO,5.000000,50000,False
865544,TORNTPHARM26OCT4850CE,TORNTPHARM,29OCT2026,485000.000000,125,OPTSTK,BFO,5.000000,15000,False
865581,FOCIT26OCT43800CE,FOCIT,29OCT2026,4380000.000000,45,OPTIDX,BFO,5.000000,1350,False
865597,SENSEX2691778600CE,SENSEX,17SEP2026,7860000.000000,20,OPTIDX,BFO,5.000000,1000,False
865599,HDFCBANK26OCT760CE,HDFCBANK,29OCT2026,76000.000000,650,OPTSTK,BFO,5.000000,16500,False
865633,PRESTIGE26OCT1480CE,PRESTIGE,29OCT2026,148000.000000,450,OPTSTK,BFO,5.000000,100000000,False
865653,UNITDSPR26OCT1600PE,UNITDSPR,29OCT2026,160000.000000,400,OPTSTK,BFO,5.000000,28000,False
865670,UNIONBANK26OCT182.5CE,UNIONBANK,29OCT2026,18250.000000,4425,OPTSTK,BFO,5.000000,100000000,False
865702,OBEROIRLTY26OCT1960PE,OBEROIRLTY,29OCT2026,196000.000000,350,OPTSTK,BFO,5.000000,28000,False
865709,CUMMINSIND26OCT4700PE,CUMMINSIND,29OCT2026,470000.000000,200,OPTSTK,BFO,5.000000,18000,False
865714,HDFCAMC26OCT2750PE,HDFCAMC,29OCT2026,275000.000000,300,OPTSTK,BFO,5.000000,12000,False
865734,FOCIT26OCT31800PE,FOCIT,29OCT2026,3180000.000000,45,OPTIDX,BFO,5.000000,1350,False
865737,BANKEX26OCT70000CE,BANKEX,29OCT2026,7000000.000000,30,OPTIDX,BFO,5.000000,900,False
865749,PGEL26OCT610CE,PGEL,29OCT2026,61000.000000,950,OPTSTK,BFO,5.000000,100000000,False
865763,SRF26OCT2550CE,SRF,29OCT2026,255000.000000,200,OPTSTK,BFO,5.000000,11250,False
865764,TITAN26OCT5000CE,TITAN,29OCT2026,500000.000000,175,OPTSTK,BFO,5.000000,11250,False
865776,BRITANNIA26OCT5500CE,BRITANNIA,29OCT2026,550000.000000,125,OPTSTK,BFO,5.000000,6000,False
865787,FOCIT26OCT34800CE,FOCIT,29OCT2026,3480000.000000,45,OPTIDX,BFO,5.000000,1350,False
865795,INDUSTOWER26OCT396CE,INDUSTOWER,29OCT2026,39600.000000,1700,OPTSTK,BFO,5.000000,170000,False
865797,SENSEX2691775500CE,SENSEX,17SEP2026,7550000.000000,20,OPTIDX,BFO,5.000000,1000,False
865799,SENSEX5026OCT25750PE,SENSEX50,29OCT2026,2575000.000000,75,OPTIDX,BFO,5.000000,1800,False
865808,PAYTM26OCT1480CE,PAYTM,29OCT2026,148000.000000,725,OPTSTK,BFO,5.000000,100000000,False
865825,NBCC26OCT110PE,NBCC,29OCT2026,11000.000000,6500,OPTSTK,BFO,5.000000,100000000,False
865833,BAJAJ-AUTO26OCT12000PE,BAJAJ-AUTO,29OCT2026,1200000.000000,75,OPTSTK,BFO,5.000000,5000,False
865834,KAYNES26OCT3650CE,KAYNES,29OCT2026,365000.000000,150,OPTSTK,BFO,5.000000,100000000,False
865839,NATIONALUM26OCT300PE,NATIONALUM,29OCT2026,30000.000000,1875,OPTSTK,BFO,5.000000,300000,False
865841,SENSEX2691771800CE,SENSEX,17SEP2026,7180000.000000,20,OPTIDX,BFO,5.000000,1000,False
865843,SUNPHARMA26OCT1900CE,SUNPHARMA,29OCT2026,190000.000000,350,OPTSTK,BFO,5.000000,28000,False
865853,BEL26OCT370PE,BEL,29OCT2026,37000.000000,1425,OPTSTK,BFO,5.000000,228000,False
865860,SBIN26OCT960PE,SBIN,29OCT2026,96000.000000,750,OPTSTK,BFO,5.000000,45000,False
865867,COLPAL26OCT1940PE,COLPAL,29OCT2026,194000.000000,275,OPTSTK,BFO,5.000000,14000,False
865872,SAIL26OCT185PE,SAIL,29OCT2026,18500.000000,4700,OPTSTK,BFO,5.000000,320000,False
865875,ADANIGREEN26OCT1360CE,ADANIGREEN,29OCT2026,136000.000000,600,OPTSTK,BFO,5.000000,100000000,False
865882,BRITANNIA26OCT5250CE,BRITANNIA,29OCT2026,525000.000000,125,OPTSTK,BFO,5.000000,6000,False
865886,TITAN26OCTFUT,TITAN,29OCT2026,0.000000,175,FUTSTK,BFO,5.000000,11250,False
865890,BANKEX26OCT60300PE,BANKEX,29OCT2026,6030000.000000,30,OPTIDX,BFO,5.000000,900,False
865895,ASTRAL26OCT1460PE,ASTRAL,29OCT2026,146000.000000,425,OPTSTK,BFO,5.000000,14680,False
865903,LUPIN26OCT2440CE,LUPIN,29OCT2026,244000.000000,425,OPTSTK,BFO,5.000000,34000,False
865915,LTM26OCT4550CE,LTM,29OCT2026,455000.000000,150,OPTSTK,BFO,5.000000,4500,False
865918,WIPRO26OCT182.5CE,WIPRO,29OCT2026,18250.000000,3000,OPTSTK,BFO,5.000000,60000,False
865937,SOLARINDS26OCT18250CE,SOLARINDS,29OCT2026,1825000.000000,50,OPTSTK,BFO,5.000000,100000000,False
865939,GODREJPROP26OCT2080CE,GODREJPROP,29OCT2026,208000.000000,325,OPTSTK,BFO,5.000000,19000,False
865951,MPHASIS26OCT2400CE,MPHASIS,29OCT2026,240000.000000,275,OPTSTK,BFO,5.000000,11000,False
865953,FOCIT26OCT33100CE,FOCIT,29OCT2026,3310000.000000,45,OPTIDX,BFO,5.000000,1350,False
865957,SENSEX5026OCT25900CE,SENSEX50,29OCT2026,2590000.000000,75,OPTIDX,BFO,5.000000,1800,False
865963,IDEA26OCT18CE,IDEA,29OCT2026,1800.000000,71475,OPTSTK,BFO,5.000000,2400000,False
865964,RADICO26OCT4350PE,RADICO,29OCT2026,435000.000000,150,OPTSTK,BFO,5.000000,100000000,False
865973,LUPIN26OCT2360PE,LUPIN,29OCT2026,236000.000000,425,OPTSTK,BFO,5.000000,34000,False
865979,GMRAIRPORT26OCT100CE,GMRAIRPORT,29OCT2026,10000.000000,6975,OPTSTK,BFO,5.000000,675000,False
865981,TMPV26OCT340CE,TMPV,29OCT2026,34000.000000,1600,OPTSTK,BFO,5.000000,42750,False
865984,SENSEX2691777200PE,SENSEX,17SEP2026,7720000.000000,20,OPTIDX,BFO,5.000000,1000,False
866008,VMM26OCT125CE,VMM,29OCT2026,12500.000000,4850,OPTSTK,BFO,5.000000,100000000,False
866021,ICICIBANK26OCT1490CE,ICICIBANK,29OCT2026,149000.000000,700,OPTSTK,BFO,5.000000,28000,False
866023,FOCIT26OCT43100CE,FOCIT,29OCT2026,4310000.000000,45,OPTIDX,BFO,5.000000,1350,False
866033,SENSEX2691775800PE,SENSEX,17SEP2026,7580000.000000,20,OPTIDX,BFO,5.000000,1000,False
866039,UNIONBANK26OCT162.5PE,UNIONBANK,29OCT2026,16250.000000,4425,OPTSTK,BFO,5.000000,100000000,False
866044,HDFCAMC26OCT2300PE,HDFCAMC,29OCT2026,230000.000000,300,OPTSTK,BFO,5.000000,12000,False
866059,MARICO26OCT910PE,MARICO,29OCT2026,91000.000000,1200,OPTSTK,BFO,5.000000,48000,False
866076,FOCIT26SEP35700CE,FOCIT,24SEP2026,3570000.000000,45,OPTIDX,BFO,5.000000,1350,False
866092,RECLTD26OCT380CE,RECLTD,29OCT2026,38000.000000,1575,OPTSTK,BFO,5.000000,160000,False
866098,SENSEX26OCT78900PE,SENSEX,29OCT2026,7890000.000000,20,OPTIDX,BFO,5.000000,1000,False
866104,MFSL26OCT1640CE,MFSL,29OCT2026,164000.000000,400,OPTSTK,BFO,5.000000,32000,False
866108,PRESTIGE26OCT1680CE,PRESTIGE,29OCT2026,168000.000000,450,OPTSTK,BFO,5.000000,100000000,False
866113,MFSL26OCT1480CE,MFSL,29OCT2026,148000.000000,400,OPTSTK,BFO,5.000000,32000,False
866114,ADANIENSOL26OCT1520PE,ADANIENSOL,29OCT2026,152000.000000,675,OPTSTK,BFO,5.000000,100000000,False
866124,SENSEX2691772800CE,SENSEX,17SEP2026,7280000.000000,20,OPTIDX,BFO,5.000000,1000,False
866129,FOCIT26OCT37100PE,FOCIT,29OCT2026,3710000.000000,45,OPTIDX,BFO,5.000000,1350,False
866174,SUPREMEIND26OCT3600PE,SUPREMEIND,29OCT2026,360000.000000,175,OPTSTK,BFO,5.000000,100000000,False
866176,HAL26OCT4500CE,HAL,29OCT2026,450000.000000,150,OPTSTK,BFO,5.000000,9000,False
866179,HINDZINC26OCTFUT,HINDZINC,29OCT2026,0.000000,1225,FUTSTK,BFO,5.000000,100000000,False
866183,FOCIT26OCT35700PE,FOCIT,29OCT2026,3570000.000000,45,OPTIDX,BFO,5.000000,1350,False
866188,GMRAIRPORT26OCT105CE,GMRAIRPORT,29OCT2026,10500.000000,6975,OPTSTK,BFO,5.000000,675000,False
866196,COFORGE26OCT1720PE,COFORGE,29OCT2026,172000.000000,475,OPTSTK,BFO,5.000000,6000,False
866200,SENSEX26OCT73600CE,SENSEX,29OCT2026,7360000.000000,20,OPTIDX,BFO,5.000000,1000,False
866212,GMRAIRPORT26OCT109PE,GMRAIRPORT,29OCT2026,10900.000000,6975,OPTSTK,BFO,5.000000,675000,False
866217,SENSEX26OCT80600PE,SENSEX,29OCT2026,8060000.000000,20,OPTIDX,BFO,5.000000,1000,False
866219,SENSEX26OCT82900PE,SENSEX,29OCT2026,8290000.000000,20,OPTIDX,BFO,5.000000,1000,False
866232,IDEA26OCTFUT,IDEA,29OCT2026,0.000000,71475,FUTSTK,BFO,5.000000,2400000,False
866254,PFC26OCT425CE,PFC,29OCT2026,42500.000000,1300,OPTSTK,BFO,5.000000,124000,False
866267,VEDL26OCT260PE,VEDL,29OCT2026,26000.000000,1150,OPTSTK,BFO,5.000000,80000,False
866273,360ONE26OCT1160CE,,29OCT2026,116000.000000,500,OPTSTK,BFO,5.000000,100000000,False
866287,FOCIT26OCT32700CE,FOCIT,29OCT2026,3270000.000000,45,OPTIDX,BFO,5.000000,1350,False
866297,SHREECEM26OCT26250PE,SHREECEM,29OCT2026,2625000.000000,25,OPTSTK,BFO,5.000000,1000,False
866299,MOTILALOFS26OCT960CE,MOTILALOFS,29OCT2026,96000.000000,775,OPTSTK,BFO,5.000000,100000000,False
866305,FOCIT26SEP33700PE,FOCIT,24SEP2026,3370000.000000,45,OPTIDX,BFO,5.000000,1350,False
866307,LICI26OCT390CE,LICI,29OCT2026,39000.000000,1400,OPTSTK,BFO,5.000000,100000000,False
866308,NTPC26OCT310PE,NTPC,29OCT2026,31000.000000,1500,OPTSTK,BFO,5.000000,150000,False
866309,GODREJCP26OCT1020CE,GODREJCP,29OCT2026,102000.000000,500,OPTSTK,BFO,5.000000,30000,False
866311,SENSEX2691776800PE,SENSEX,17SEP2026,7680000.000000,20,OPTIDX,BFO,5.000000,1000,False
866320,ASIANPAINT26OCT2880CE,ASIANPAINT,29OCT2026,288000.000000,250,OPTSTK,BFO,5.000000,8000,False
866321,COFORGE26OCT1620CE,COFORGE,29OCT2026,162000.000000,475,OPTSTK,BFO,5.000000,6000,False
866335,AXISBANK26OCT1200PE,AXISBANK,29OCT2026,120000.000000,625,OPTSTK,BFO,5.000000,25000,False
866340,PAGEIND26OCT43000PE,PAGEIND,29OCT2026,4300000.000000,20,OPTSTK,BFO,5.000000,600,False
866347,NATIONALUM26OCT340PE,NATIONALUM,29OCT2026,34000.000000,1875,OPTSTK,BFO,5.000000,300000,False
866349,FOCIT26OCT42700CE,FOCIT,29OCT2026,4270000.000000,45,OPTIDX,BFO,5.000000,1350,False
866352,ASTRAL26OCT1580CE,ASTRAL,29OCT2026,158000.000000,425,OPTSTK,BFO,5.000000,14680,False
866357,SENSEX2691781100CE,SENSEX,17SEP2026,8110000.000000,20,OPTIDX,BFO,5.000000,1000,False
866363,TORNTPHARM26OCT4600CE,TORNTPHARM,29OCT2026,460000.000000,125,OPTSTK,BFO,5.000000,15000,False
866365,SENSEX2691783400CE,SENSEX,17SEP2026,8340000.000000,20,OPTIDX,BFO,5.000000,1000,False
866369,RVNL26OCT225PE,RVNL,29OCT2026,22500.000000,1925,OPTSTK,BFO,5.000000,100000000,False
866375,TRENT26OCT3200CE,TRENT,29OCT2026,320000.000000,225,OPTSTK,BFO,5.000000,16000,False
866394,BANKINDIA26OCT140CE,BANKINDIA,29OCT2026,14000.000000,5200,OPTSTK,BFO,5.000000,100000000,False
866410,TATAELXSI26OCT3500PE,TATAELXSI,29OCT2026,350000.000000,125,OPTSTK,BFO,5.000000,100000000,False
866414,BANKEX26OCT67200CE,BANKEX,29OCT2026,6720000.000000,30,OPTIDX,BFO,5.000000,900,False
866418,GODFRYPHLP26OCT2350CE,GODFRYPHLP,29OCT2026,235000.000000,275,OPTSTK,BFO,5.000000,100000000,False
866446,BANKEX26OCT61200CE,BANKEX,29OCT2026,6120000.000000,30,OPTIDX,BFO,5.000000,900,False
866467,BANKEX26OCT70500PE,BANKEX,29OCT2026,7050000.000000,30,OPTIDX,BFO,5.000000,900,False
866485,GVT&D26OCT4500PE,GVT&D,29OCT2026,450000.000000,125,OPTSTK,BFO,5.000000,100000000,False
866486,HDFCBANK26OCT780PE,HDFCBANK,29OCT2026,78000.000000,650,OPTSTK,BFO,5.000000,16500,False
866507,LICI26OCT390PE,LICI,29OCT2026,39000.000000,1400,OPTSTK,BFO,5.000000,100000000,False
866516,SENSEX2691771400PE,SENSEX,17SEP2026,7140000.000000,20,OPTIDX,BFO,5.000000,1000,False
866533,TATACONSUM26OCT1050CE,TATACONSUM,29OCT2026,105000.000000,550,OPTSTK,BFO,5.000000,36000,False
866537,PETRONET26OCT315PE,PETRONET,29OCT2026,31500.000000,1900,OPTSTK,BFO,5.000000,120000,False
866544,PHOENIXLTD26OCT1940CE,PHOENIXLTD,29OCT2026,194000.000000,350,OPTSTK,BFO,5.000000,100000000,False
866563,OBEROIRLTY26OCT1700CE,OBEROIRLTY,29OCT2026,170000.000000,350,OPTSTK,BFO,5.000000,28000,False
866566,MARICO26OCT950PE,MARICO,29OCT2026,95000.000000,1200,OPTSTK,BFO,5.000000,48000,False
866568,MAXHEALTH26OCT1110CE,MAXHEALTH,29OCT2026,111000.000000,525,OPTSTK,BFO,5.000000,100000000,False
866593,TATACONSUM26OCT1130PE,TATACONSUM,29OCT2026,113000.000000,550,OPTSTK,BFO,5.000000,36000,False
866597,PAYTM26OCT1400PE,PAYTM,29OCT2026,140000.000000,725,OPTSTK,BFO,5.000000,100000000,False
866600,RADICO26OCT4450CE,RADICO,29OCT2026,445000.000000,150,OPTSTK,BFO,5.000000,100000000,False
866622,INDUSTOWER26OCT346PE,INDUSTOWER,29OCT2026,34600.000000,1700,OPTSTK,BFO,5.000000,170000,False
866624,GODFRYPHLP26OCT2000PE,GODFRYPHLP,29OCT2026,200000.000000,275,OPTSTK,BFO,5.000000,100000000,False
866641,IREDA26OCT117.5CE,IREDA,29OCT2026,11750.000000,4525,OPTSTK,BFO,5.000000,100000000,False
866647,FORTIS26OCT1010CE,FORTIS,29OCT2026,101000.000000,775,OPTSTK,BFO,5.000000,100000000,False
866648,FOCIT26OCT37300PE,FOCIT,29OCT2026,3730000.000000,45,OPTIDX,BFO,5.000000,1350,False
866655,GAIL26OCT177.5CE,GAIL,29OCT2026,17750.000000,3550,OPTSTK,BFO,5.000000,274500,False
866672,FOCIT26SEP43600CE,FOCIT,24SEP2026,4360000.000000,45,OPTIDX,BFO,5.000000,1350,False
866700,SENSEX26OCT84500PE,SENSEX,29OCT2026,8450000.000000,20,OPTIDX,BFO,5.000000,1000,False
866704,IEX26OCT145PE,IEX,29OCT2026,14500.000000,4350,OPTSTK,BFO,5.000000,150000,False
866706,INFY26OCT1140CE,INFY,29OCT2026,114000.000000,400,OPTSTK,BFO,5.000000,16000,False
866715,FOCIT26OCT33600PE,FOCIT,29OCT2026,3360000.000000,45,OPTIDX,BFO,5.000000,1350,False
866733,SENSEX26OCT71500CE,SENSEX,29OCT2026,7150000.000000,20,OPTIDX,BFO,5.000000,1000,False
866737,ICICIBANK26OCT1500PE,ICICIBANK,29OCT2026,150000.000000,700,OPTSTK,BFO,5.000000,28000,False
866765,HCLTECH26OCT1340PE,HCLTECH,29OCT2026,134000.000000,400,OPTSTK,BFO,5.000000,21000,False
866787,SENSEX2691775000CE,SENSEX,17SEP2026,7500000.000000,20,OPTIDX,BFO,5.000000,1000,False
866790,IRFC26OCT83PE,IRFC,29OCT2026,8300.000000,5425,OPTSTK,BFO,5.000000,100000000,False
866794,LTM26OCT4300CE,LTM,29OCT2026,430000.000000,150,OPTSTK,BFO,5.000000,4500,False
866800,LTF26OCT340PE,LTF,29OCT2026,34000.000000,2250,OPTSTK,BFO,5.000000,267720,False
866834,HAL26OCT4450CE,HAL,29OCT2026,445000.000000,150,OPTSTK,BFO,5.000000,9000,False
866857,ETERNAL26OCT290PE,ETERNAL,29OCT2026,29000.000000,2425,OPTSTK,BFO,5.000000,100000000,False
866864,TATAPOWER26OCT410CE,TATAPOWER,29OCT2026,41000.000000,1450,OPTSTK,BFO,5.000000,101250,False
866866,HCLTECH26OCT1410PE,HCLTECH,29OCT2026,141000.000000,400,OPTSTK,BFO,5.000000,21000,False
866872,FOCIT26SEP38300CE,FOCIT,24SEP2026,3830000.000000,45,OPTIDX,BFO,5.000000,1350,False
866877,HDFCBANK26OCT800CE,HDFCBANK,29OCT2026,80000.000000,650,OPTSTK,BFO,5.000000,16500,False
866886,360ONE26OCT1280PE,,29OCT2026,128000.000000,500,OPTSTK,BFO,5.000000,100000000,False
866901,VOLTAS26OCT1260PE,VOLTAS,29OCT2026,126000.000000,375,OPTSTK,BFO,5.000000,30000,False
866916,MCX26OCT2550PE,MCX,29OCT2026,255000.000000,225,OPTSTK,BFO,5.000000,16000,False
866921,ABCAPITAL26OCT390CE,ABCAPITAL,29OCT2026,39000.000000,3100,OPTSTK,BFO,5.000000,162000,False
866925,ONGC26OCT257.5CE,ONGC,29OCT2026,25750.000000,2250,OPTSTK,BFO,5.000000,154000,False
866942,MANKIND26OCT2660PE,MANKIND,29OCT2026,266000.000000,250,OPTSTK,BFO,5.000000,100000000,False
866944,AXISBANK26OCT1080PE,AXISBANK,29OCT2026,108000.000000,625,OPTSTK,BFO,5.000000,25000,False
866968,CAMS26OCT850CE,CAMS,29OCT2026,85000.000000,825,OPTSTK,BFO,5.000000,100000000,False
866987,BANKEX26OCT67400CE,BANKEX,29OCT2026,6740000.000000,30,OPTIDX,BFO,5.000000,900,False
866989,FOCIT26SEP30900CE,FOCIT,24SEP2026,3090000.000000,45,OPTIDX,BFO,5.000000,1350,False
866995,SUPREMEIND26OCT3450CE,SUPREMEIND,29OCT2026,345000.000000,175,OPTSTK,BFO,5.000000,100000000,False
867004,ANGELONE26OCT295PE,ANGELONE,29OCT2026,29500.000000,2500,OPTSTK,BFO,5.000000,100000000,False
867009,SENSEX26OCT71800PE,SENSEX,29OCT2026,7180000.000000,20,OPTIDX,BFO,5.000000,1000,False
867022,HYUNDAI26OCT2000PE,HYUNDAI,29OCT2026,200000.000000,275,OPTSTK,BFO,5.000000,100000000,False
867036,GMRAIRPORT26OCT99CE,GMRAIRPORT,29OCT2026,9900.000000,6975,OPTSTK,BFO,5.000000,675000,False
867049,JSWSTEEL26OCT1280PE,JSWSTEEL,29OCT2026,128000.000000,675,OPTSTK,BFO,5.000000,40500,False
867067,SENSEX26OCT80700CE,SENSEX,29OCT2026,8070000.000000,20,OPTIDX,BFO,5.000000,1000,False
867078,SBILIFE26OCT1820CE,SBILIFE,29OCT2026,182000.000000,375,OPTSTK,BFO,5.000000,22500,False
867094,IOC26OCT122.5PE,IOC,29OCT2026,12250.000000,4875,OPTSTK,BFO,5.000000,292500,False
867098,ETERNAL26OCT295PE,ETERNAL,29OCT2026,29500.000000,2425,OPTSTK,BFO,5.000000,100000000,False
867108,CANBK26OCT142.5PE,CANBK,29OCT2026,14250.000000,6750,OPTSTK,BFO,5.000000,81000,False
867109,FOCIT26SEP35200CE,FOCIT,24SEP2026,3520000.000000,45,OPTIDX,BFO,5.000000,1350,False
867110,HCLTECH26SEP1420PE,HCLTECH,24SEP2026,142000.000000,400,OPTSTK,BFO,5.000000,21000,False
867124,MOTILALOFS26OCT800CE,MOTILALOFS,29OCT2026,80000.000000,775,OPTSTK,BFO,5.000000,100000000,False
867126,DLF26OCT700CE,DLF,29OCT2026,70000.000000,950,OPTSTK,BFO,5.000000,49500,False
867130,DMART26OCT4250CE,DMART,29OCT2026,425000.000000,150,OPTSTK,BFO,5.000000,100000000,False
867143,INFY26OCT1280PE,INFY,29OCT2026,128000.000000,400,OPTSTK,BFO,5.000000,16000,False
867145,PAGEIND26OCTFUT,PAGEIND,29OCT2026,0.000000,20,FUTSTK,BFO,5.000000,600,False
867156,POLYCAB26OCT9600CE,POLYCAB,29OCT2026,960000.000000,125,OPTSTK,BFO,5.000000,9000,False
867157,MUTHOOTFIN26OCT3000CE,MUTHOOTFIN,29OCT2026,300000.000000,275,OPTSTK,BFO,5.000000,22000,False
867195,SENSEX26OCT72400PE,SENSEX,29OCT2026,7240000.000000,20,OPTIDX,BFO,5.000000,1000,False
867201,SRF26OCT2500CE,SRF,29OCT2026,250000.000000,200,OPTSTK,BFO,5.000000,11250,False
867203,SENSEX26OCT79100CE,SENSEX,29OCT2026,7910000.000000,20,OPTIDX,BFO,5.000000,1000,False
867228,ASIANPAINT26OCT2640PE,ASIANPAINT,29OCT2026,264000.000000,250,OPTSTK,BFO,5.000000,8000,False
867238,PATANJALI26OCT320PE,PATANJALI,29OCT2026,32000.000000,1075,OPTSTK,BFO,5.000000,100000000,False
867244,TATACONSUM26OCT1160CE,TATACONSUM,29OCT2026,116000.000000,550,OPTSTK,BFO,5.000000,36000,False
867247,JINDALSTEL26OCT1240PE,JINDALSTEL,29OCT2026,124000.000000,625,OPTSTK,BFO,5.000000,37500,False
867258,BHARTIARTL26OCT1820PE,BHARTIARTL,29OCT2026,182000.000000,475,OPTSTK,BFO,5.000000,28500,False
867267,ICICIPRULI26OCTFUT,ICICIPRULI,29OCT2026,0.000000,925,FUTSTK,BFO,5.000000,60000,False
867268,SENSEX26OCT77700CE,SENSEX,29OCT2026,7770000.000000,20,OPTIDX,BFO,5.000000,1000,False
867300,POWERINDIA26OCT29500PE,POWERINDIA,29OCT2026,2950000.000000,25,OPTSTK,BFO,5.000000,100000000,False
867308,TECHM26OCT1620PE,TECHM,29OCT2026,162000.000000,600,OPTSTK,BFO,5.000000,24000,False
867315,CROMPTON26OCT290PE,CROMPTON,29OCT2026,29000.000000,2150,OPTSTK,BFO,5.000000,90000,False
867316,ULTRACEMCO26OCT11300PE,ULTRACEMCO,29OCT2026,1130000.000000,50,OPTSTK,BFO,5.000000,3000,False
867319,SENSEX26OCT71700CE,SENSEX,29OCT2026,7170000.000000,20,OPTIDX,BFO,5.000000,1000,False
867320,PERSISTENT26OCT5200CE,PERSISTENT,29OCT2026,520000.000000,125,OPTSTK,BFO,5.000000,5250,False
867327,CROMPTON26OCT295CE,CROMPTON,29OCT2026,29500.000000,2150,OPTSTK,BFO,5.000000,90000,False
867328,TIINDIA26OCT2800CE,TIINDIA,29OCT2026,280000.000000,200,OPTSTK,BFO,5.000000,100000000,False
867334,BPCL26OCT335CE,BPCL,29OCT2026,33500.000000,1975,OPTSTK,BFO,5.000000,72000,False
867341,SBICARD26OCT710PE,SBICARD,29OCT2026,71000.000000,800,OPTSTK,BFO,5.000000,32000,False
867355,SBIN26OCT1020PE,SBIN,29OCT2026,102000.000000,750,OPTSTK,BFO,5.000000,45000,False
867366,TATAPOWER26OCT380CE,TATAPOWER,29OCT2026,38000.000000,1450,OPTSTK,BFO,5.000000,101250,False
867371,SIEMENS26OCT3800PE,SIEMENS,29OCT2026,380000.000000,175,OPTSTK,BFO,5.000000,8250,False
867379,FOCIT26OCT43800PE,FOCIT,29OCT2026,4380000.000000,45,OPTIDX,BFO,5.000000,1350,False
867382,BANKEX26OCT71700PE,BANKEX,29OCT2026,7170000.000000,30,OPTIDX,BFO,5.000000,900,False
867397,SBIN26OCT1010CE,SBIN,29OCT2026,101000.000000,750,OPTSTK,BFO,5.000000,45000,False
867399,SBILIFE26OCT2000PE,SBILIFE,29OCT2026,200000.000000,375,OPTSTK,BFO,5.000000,22500,False
867401,HINDUNILVR26OCT2220CE,HINDUNILVR,29OCT2026,222000.000000,300,OPTSTK,BFO,5.000000,9000,False
867406,HCLTECH26OCT1370CE,HCLTECH,29OCT2026,137000.000000,400,OPTSTK,BFO,5.000000,21000,False
867427,COCHINSHIP26OCT1420PE,COCHINSHIP,29OCT2026,142000.000000,400,OPTSTK,BFO,5.000000,100000000,False
867446,POWERGRID26OCT290CE,POWERGRID,29OCT2026,29000.000000,1900,OPTSTK,BFO,5.000000,108000,False
867466,SENSEX26OCT79400PE,SENSEX,29OCT2026,7940000.000000,20,OPTIDX,BFO,5.000000,1000,False
867475,VOLTAS26OCT1460PE,VOLTAS,29OCT2026,146000.000000,375,OPTSTK,BFO,5.000000,30000,False
867485,KPITTECH26OCT540PE,KPITTECH,29OCT2026,54000.000000,775,OPTSTK,BFO,5.000000,100000000,False
867496,LTM26OCT4250CE,LTM,29OCT2026,425000.000000,150,OPTSTK,BFO,5.000000,4500,False
867502,ADANIPORTS26OCT1780PE,ADANIPORTS,29OCT2026,178000.000000,475,OPTSTK,BFO,5.000000,32000,False
867510,ALKEM26SEP6150PE,ALKEM,24SEP2026,615000.000000,125,OPTSTK,BFO,5.000000,8000,False
867517,MCX26OCT2900CE,MCX,29OCT2026,290000.000000,225,OPTSTK,BFO,5.000000,16000,False
867527,M&M26OCT3100CE,M&M,29OCT2026,310000.000000,200,OPTSTK,BFO,5.000000,21000,False
867550,IDEA26OCT15CE,IDEA,29OCT2026,1500.000000,71475,OPTSTK,BFO,5.000000,2400000,False
867563,NYKAA26OCT370CE,NYKAA,29OCT2026,37000.000000,3125,OPTSTK,BFO,5.000000,100000000,False
867566,SENSEX26OCT80000CE,SENSEX,29OCT2026,8000000.000000,20,OPTIDX,BFO,5.000000,1000,False
867579,COLPAL26OCT2160CE,COLPAL,29OCT2026,216000.000000,275,OPTSTK,BFO,5.000000,14000,False
867592,ABB26OCT8000CE,ABB,29OCT2026,800000.000000,125,OPTSTK,BFO,5.000000,7500,False
867601,FOCIT26OCT32500PE,FOCIT,29OCT2026,3250000.000000,45,OPTIDX,BFO,5.000000,1350,False
867612,GVT&D26OCT4900PE,GVT&D,29OCT2026,490000.000000,125,OPTSTK,BFO,5.000000,100000000,False
867615,VMM26OCT107.5PE,VMM,29OCT2026,10750.000000,4850,OPTSTK,BFO,5.000000,100000000,False
867632,360ONE26OCT1200CE,,29OCT2026,120000.000000,500,OPTSTK,BFO,5.000000,100000000,False
867635,APOLLOHOSP26OCT8400PE,APOLLOHOSP,29OCT2026,840000.000000,125,OPTSTK,BFO,5.000000,5000,False
867645,BANKEX26OCT71600CE,BANKEX,29OCT2026,7160000.000000,30,OPTIDX,BFO,5.000000,900,False
867652,OIL26OCT420PE,OIL,29OCT2026,42000.000000,1400,OPTSTK,BFO,5.000000,100000000,False
867654,ABB26OCT7300PE,ABB,29OCT2026,730000.000000,125,OPTSTK,BFO,5.000000,7500,False
867659,WIPRO26OCT202.5PE,WIPRO,29OCT2026,20250.000000,3000,OPTSTK,BFO,5.000000,60000,False
867692,IREDA26OCT105PE,IREDA,29OCT2026,10500.000000,4525,OPTSTK,BFO,5.000000,100000000,False
867699,POLICYBZR26OCT1480CE,POLICYBZR,29OCT2026,148000.000000,350,OPTSTK,BFO,5.000000,100000000,False
867729,SENSEX26OCT77000CE,SENSEX,29OCT2026,7700000.000000,20,OPTIDX,BFO,5.000000,1000,False
867701,TITAN26OCT5000PE,TITAN,29OCT2026,500000.000000,175,OPTSTK,BFO,5.000000,11250,False
867707,OBEROIRLTY26OCT1940CE,OBEROIRLTY,29OCT2026,194000.000000,350,OPTSTK,BFO,5.000000,28000,False
867740,MOTHERSON26OCT165CE,MOTHERSON,29OCT2026,16500.000000,6150,OPTSTK,BFO,5.000000,284000,False
867748,SUPREMEIND26OCT3300PE,SUPREMEIND,29OCT2026,330000.000000,175,OPTSTK,BFO,5.000000,100000000,False
867756,TATAPOWER26OCT360PE,TATAPOWER,29OCT2026,36000.000000,1450,OPTSTK,BFO,5.000000,101250,False
867772,BANKBARODA26OCTFUT,BANKBARODA,29OCT2026,0.000000,2925,FUTSTK,BFO,5.000000,175500,False
867776,SENSEX26OCT71000CE,SENSEX,29OCT2026,7100000.000000,20,OPTIDX,BFO,5.000000,1000,False
867778,SENSEX2691780200CE,SENSEX,17SEP2026,8020000.000000,20,OPTIDX,BFO,5.000000,1000,False
867800,MFSL26OCTFUT,MFSL,29OCT2026,0.000000,400,FUTSTK,BFO,5.000000,32000,False
867825,SUZLON26OCT49CE,SUZLON,29OCT2026,4900.000000,12700,OPTSTK,BFO,5.000000,100000000,False
867832,SENSEX26OCT71900CE,SENSEX,29OCT2026,7190000.000000,20,OPTIDX,BFO,5.000000,1000,False
867871,SHREECEM26OCT25500CE,SHREECEM,29OCT2026,2550000.000000,25,OPTSTK,BFO,5.000000,1000,False
867875,VEDL26OCT270CE,VEDL,29OCT2026,27000.000000,1150,OPTSTK,BFO,5.000000,80000,False
867879,OIL26OCT425PE,OIL,29OCT2026,42500.000000,1400,OPTSTK,BFO,5.000000,100000000,False
867889,JSWENERGY26OCT570PE,JSWENERGY,29OCT2026,57000.000000,1075,OPTSTK,BFO,5.000000,100000000,False
867898,FOCIT26SEP33400PE,FOCIT,24SEP2026,3340000.000000,45,OPTIDX,BFO,5.000000,1350,False
867907,WIPRO26OCT172.5CE,WIPRO,29OCT2026,17250.000000,3000,OPTSTK,BFO,5.000000,60000,False
867908,SENSEX2691778800PE,SENSEX,17SEP2026,7880000.000000,20,OPTIDX,BFO,5.000000,1000,False
867909,LICHSGFIN26OCT580CE,LICHSGFIN,29OCT2026,58000.000000,1000,OPTSTK,BFO,5.000000,60000,False
867910,SENSEX26OCT81900CE,SENSEX,29OCT2026,8190000.000000,20,OPTIDX,BFO,5.000000,1000,False
867915,ADANIPOWER26OCT220CE,ADANIPOWER,29OCT2026,22000.000000,3550,OPTSTK,BFO,5.000000,100000000,False
867941,ZYDUSLIFE26OCT1110PE,ZYDUSLIFE,29OCT2026,111000.000000,900,OPTSTK,BFO,5.000000,54000,False
867948,BPCL26OCT280PE,BPCL,29OCT2026,28000.000000,1975,OPTSTK,BFO,5.000000,72000,False
867955,NATIONALUM26OCT350CE,NATIONALUM,29OCT2026,35000.000000,1875,OPTSTK,BFO,5.000000,300000,False
868007,VMM26OCT110PE,VMM,29OCT2026,11000.000000,4850,OPTSTK,BFO,5.000000,100000000,False
868019,SHREECEM26OCT25250CE,SHREECEM,29OCT2026,2525000.000000,25,OPTSTK,BFO,5.000000,1000,False
868033,GMRAIRPORT26OCT107CE,GMRAIRPORT,29OCT2026,10700.000000,6975,OPTSTK,BFO,5.000000,675000,False
868043,AUBANK26OCT1020CE,AUBANK,29OCT2026,102000.000000,1000,OPTSTK,BFO,5.000000,30000,False
868051,BDL26OCT1300CE,BDL,29OCT2026,130000.000000,425,OPTSTK,BFO,5.000000,100000000,False
868054,MFSL26OCT1560CE,MFSL,29OCT2026,156000.000000,400,OPTSTK,BFO,5.000000,32000,False
868113,BANKEX26OCT65500CE,BANKEX,29OCT2026,6550000.000000,30,OPTIDX,BFO,5.000000,900,False
868129,BANKEX26OCT67800CE,BANKEX,29OCT2026,6780000.000000,30,OPTIDX,BFO,5.000000,900,False
868159,SENSEX26OCT80200CE,SENSEX,29OCT2026,8020000.000000,20,OPTIDX,BFO,5.000000,1000,False
868167,BLUESTARCO26OCT1760CE,BLUESTARCO,29OCT2026,176000.000000,325,OPTSTK,BFO,5.000000,100000000,False
868168,PIIND26OCT3150PE,PIIND,29OCT2026,315000.000000,175,OPTSTK,BFO,5.000000,7500,False
868183,VEDL26OCT275CE,VEDL,29OCT2026,27500.000000,1150,OPTSTK,BFO,5.000000,80000,False
868185,COCHINSHIP26OCT1360CE,COCHINSHIP,29OCT2026,136000.000000,400,OPTSTK,BFO,5.000000,100000000,False
868186,BANKEX26OCT61800CE,BANKEX,29OCT2026,6180000.000000,30,OPTIDX,BFO,5.000000,900,False
868188,HDFCBANK26OCT790CE,HDFCBANK,29OCT2026,79000.000000,650,OPTSTK,BFO,5.000000,16500,False
868203,HINDZINC26OCT590PE,HINDZINC,29OCT2026,59000.000000,1225,OPTSTK,BFO,5.000000,100000000,False
868191,SENSEX26OCT83600PE,SENSEX,29OCT2026,8360000.000000,20,OPTIDX,BFO,5.000000,1000,False
868193,BIOCON26OCT420CE,BIOCON,29OCT2026,42000.000000,2500,OPTSTK,BFO,5.000000,100000,False
868218,FEDERALBNK26OCT370PE,FEDERALBNK,29OCT2026,37000.000000,2500,OPTSTK,BFO,5.000000,200000,False
868220,FOCIT26OCT44100PE,FOCIT,29OCT2026,4410000.000000,45,OPTIDX,BFO,5.000000,1350,False
868227,FOCIT26SEP38100PE,FOCIT,24SEP2026,3810000.000000,45,OPTIDX,BFO,5.000000,1350,False
868244,AMBER26OCT7600CE,AMBER,29OCT2026,760000.000000,100,OPTSTK,BFO,5.000000,100000000,False
868255,NHPC26OCT81CE,NHPC,29OCT2026,8100.000000,6950,OPTSTK,BFO,5.000000,100000000,False
868270,MUTHOOTFIN26OCT3250PE,MUTHOOTFIN,29OCT2026,325000.000000,275,OPTSTK,BFO,5.000000,22000,False
868291,UNIONBANK26OCT180CE,UNIONBANK,29OCT2026,18000.000000,4425,OPTSTK,BFO,5.000000,100000000,False
868293,OFSS26OCTFUT,OFSS,29OCT2026,0.000000,100,FUTSTK,BFO,5.000000,8000,False
868296,DRREDDY26OCT1130PE,DRREDDY,29OCT2026,113000.000000,625,OPTSTK,BFO,5.000000,5000,False
868302,BAJAJHLDNG26OCT11500CE,BAJAJHLDNG,29OCT2026,1150000.000000,75,OPTSTK,BFO,5.000000,100000000,False
868303,PIDILITIND26OCT1500PE,PIDILITIND,29OCT2026,150000.000000,500,OPTSTK,BFO,5.000000,10000,False
868308,VOLTAS26OCT1300PE,VOLTAS,29OCT2026,130000.000000,375,OPTSTK,BFO,5.000000,30000,False
868317,BANKEX26OCT67200PE,BANKEX,29OCT2026,6720000.000000,30,OPTIDX,BFO,5.000000,900,False
868357,GODREJCP26OCT1020PE,GODREJCP,29OCT2026,102000.000000,500,OPTSTK,BFO,5.000000,30000,False
868364,NBCC26OCT75CE,NBCC,29OCT2026,7500.000000,6500,OPTSTK,BFO,5.000000,100000000,False
868385,BANDHANBNK26OCT185PE,BANDHANBNK,29OCT2026,18500.000000,3600,OPTSTK,BFO,5.000000,100000,False
868418,SIEMENS26OCT3300PE,SIEMENS,29OCT2026,330000.000000,175,OPTSTK,BFO,5.000000,8250,False
868438,SRF26OCT2650CE,SRF,29OCT2026,265000.000000,200,OPTSTK,BFO,5.000000,11250,False
868440,SENSEX2691778100PE,SENSEX,17SEP2026,7810000.000000,20,OPTIDX,BFO,5.000000,1000,False
868441,VOLTAS26OCT1200CE,VOLTAS,29OCT2026,120000.000000,375,OPTSTK,BFO,5.000000,30000,False
868455,BHEL26OCT420PE,BHEL,29OCT2026,42000.000000,2625,OPTSTK,BFO,5.000000,315000,False
868463,NBCC26OCT82.5PE,NBCC,29OCT2026,8250.000000,6500,OPTSTK,BFO,5.000000,100000000,False
868465,UPL26OCT530PE,UPL,29OCT2026,53000.000000,1355,OPTSTK,BFO,5.000000,39000,False
868469,AUBANK26OCT1160PE,AUBANK,29OCT2026,116000.000000,1000,OPTSTK,BFO,5.000000,30000,False
868470,SENSEX5026OCT25850PE,SENSEX50,29OCT2026,2585000.000000,75,OPTIDX,BFO,5.000000,1800,False
868475,MANAPPURAM26OCT345CE,MANAPPURAM,29OCT2026,34500.000000,3000,OPTSTK,BFO,5.000000,180000,False
868476,UNOMINDA26OCT1240PE,UNOMINDA,29OCT2026,124000.000000,550,OPTSTK,BFO,5.000000,100000000,False
868482,SENSEX2691774400PE,SENSEX,17SEP2026,7440000.000000,20,OPTIDX,BFO,5.000000,1000,False
868484,IREDA26OCT102.5CE,IREDA,29OCT2026,10250.000000,4525,OPTSTK,BFO,5.000000,100000000,False
868486,COLPAL26OCT1960CE,COLPAL,29OCT2026,196000.000000,275,OPTSTK,BFO,5.000000,14000,False
868512,IEX26OCT130PE,IEX,29OCT2026,13000.000000,4350,OPTSTK,BFO,5.000000,150000,False
868520,CONCOR26OCTFUT,CONCOR,29OCT2026,0.000000,1250,FUTSTK,BFO,5.000000,40000,False
868527,DELHIVERY26OCT495CE,DELHIVERY,29OCT2026,49500.000000,2075,OPTSTK,BFO,5.000000,100000000,False
868535,RECLTD26OCT350PE,RECLTD,29OCT2026,35000.000000,1575,OPTSTK,BFO,5.000000,160000,False
868544,NATIONALUM26OCT390CE,NATIONALUM,29OCT2026,39000.000000,1875,OPTSTK,BFO,5.000000,300000,False
868550,BIOCON26OCT400PE,BIOCON,29OCT2026,40000.000000,2500,OPTSTK,BFO,5.000000,100000,False
868562,POLYCAB26OCT8700CE,POLYCAB,29OCT2026,870000.000000,125,OPTSTK,BFO,5.000000,9000,False
868571,FOCIT26SEP30600CE,FOCIT,24SEP2026,3060000.000000,45,OPTIDX,BFO,5.000000,1350,False
868585,FOCIT26OCT38000PE,FOCIT,29OCT2026,3800000.000000,45,OPTIDX,BFO,5.000000,1350,False
868589,BANKBARODA26OCT210CE,BANKBARODA,29OCT2026,21000.000000,2925,OPTSTK,BFO,5.000000,175500,False
868618,TATACONSUM26OCT1040CE,TATACONSUM,29OCT2026,104000.000000,550,OPTSTK,BFO,5.000000,36000,False
868624,SWIGGY26OCT275CE,SWIGGY,29OCT2026,27500.000000,1825,OPTSTK,BFO,5.000000,100000000,False
868640,PFC26OCT450CE,PFC,29OCT2026,45000.000000,1300,OPTSTK,BFO,5.000000,124000,False
868654,SAIL26OCT172.5CE,SAIL,29OCT2026,17250.000000,4700,OPTSTK,BFO,5.000000,320000,False
868659,INFY26OCT1220CE,INFY,29OCT2026,122000.000000,400,OPTSTK,BFO,5.000000,16000,False
868679,BANKINDIA26OCT130PE,BANKINDIA,29OCT2026,13000.000000,5200,OPTSTK,BFO,5.000000,100000000,False
868692,SENSEX26OCT81500PE,SENSEX,29OCT2026,8150000.000000,20,OPTIDX,BFO,5.000000,1000,False
868706,SENSEX26OCT83800PE,SENSEX,29OCT2026,8380000.000000,20,OPTIDX,BFO,5.000000,1000,False
868732,UPL26OCT660CE,UPL,29OCT2026,66000.000000,1355,OPTSTK,BFO,5.000000,39000,False
868802,ULTRACEMCO26OCT11600CE,ULTRACEMCO,29OCT2026,1160000.000000,50,OPTSTK,BFO,5.000000,3000,False
868853,IDEA26OCT15PE,IDEA,29OCT2026,1500.000000,71475,OPTSTK,BFO,5.000000,2400000,False
869149,INFY26OCT1140PE,INFY,29OCT2026,114000.000000,400,OPTSTK,BFO,5.000000,16000,False
869246,HAVELLS26OCT1220PE,HAVELLS,29OCT2026,122000.000000,500,OPTSTK,BFO,5.000000,20000,False
869477,POLYCAB26OCT9300CE,POLYCAB,29OCT2026,930000.000000,125,OPTSTK,BFO,5.000000,9000,False
869554,PAGEIND26OCT38500PE,PAGEIND,29OCT2026,3850000.000000,20,OPTSTK,BFO,5.000000,600,False
869600,MARICO26OCT850PE,MARICO,29OCT2026,85000.000000,1200,OPTSTK,BFO,5.000000,48000,False
869648,SENSEX2691772000CE,SENSEX,17SEP2026,7200000.000000,20,OPTIDX,BFO,5.000000,1000,False
869691,INDIANB26OCT880CE,INDIANB,29OCT2026,88000.000000,1000,OPTSTK,BFO,5.000000,100000000,False
869864,TATACONSUM26OCT1030PE,TATACONSUM,29OCT2026,103000.000000,550,OPTSTK,BFO,5.000000,36000,False
869898,FOCIT26OCT42900PE,FOCIT,29OCT2026,4290000.000000,45,OPTIDX,BFO,5.000000,1350,False
869943,CROMPTON26OCT245CE,CROMPTON,29OCT2026,24500.000000,2150,OPTSTK,BFO,5.000000,90000,False
870030,BIOCON26OCT405PE,BIOCON,29OCT2026,40500.000000,2500,OPTSTK,BFO,5.000000,100000,False
870031,TITAN26OCT4700CE,TITAN,29OCT2026,470000.000000,175,OPTSTK,BFO,5.000000,11250,False
870033,BAJFINANCE26OCT1060CE,BAJFINANCE,29OCT2026,106000.000000,750,OPTSTK,BFO,5.000000,3750,False
870076,ADANIENT26OCT2850CE,ADANIENT,29OCT2026,285000.000000,309,OPTSTK,BFO,5.000000,9000,False
870078,UNITDSPR26OCT1660CE,UNITDSPR,29OCT2026,166000.000000,400,OPTSTK,BFO,5.000000,28000,False
870082,MARUTI26OCT13800PE,MARUTI,29OCT2026,1380000.000000,50,OPTSTK,BFO,5.000000,3000,False
870300,ASHOKLEY26OCT147.5CE,ASHOKLEY,29OCT2026,14750.000000,5000,OPTSTK,BFO,5.000000,150000,False
870312,BANKBARODA26OCT215CE,BANKBARODA,29OCT2026,21500.000000,2925,OPTSTK,BFO,5.000000,175500,False
870564,COFORGE26OCT1740CE,COFORGE,29OCT2026,174000.000000,475,OPTSTK,BFO,5.000000,6000,False
870599,LTF26OCT330PE,LTF,29OCT2026,33000.000000,2250,OPTSTK,BFO,5.000000,267720,False
870884,INDIANB26OCT790CE,INDIANB,29OCT2026,79000.000000,1000,OPTSTK,BFO,5.000000,100000000,False
871065,NHPC26OCT79CE,NHPC,29OCT2026,7900.000000,6950,OPTSTK,BFO,5.000000,100000000,False
871171,JSWSTEEL26OCTFUT,JSWSTEEL,29OCT2026,0.000000,675,FUTSTK,BFO,5.000000,40500,False
871190,SENSEX26OCT73700CE,SENSEX,29OCT2026,7370000.000000,20,OPTIDX,BFO,5.000000,1000,False
871205,APOLLOHOSP26OCT8700CE,APOLLOHOSP,29OCT2026,870000.000000,125,OPTSTK,BFO,5.000000,5000,False
871511,COLPAL26OCT2200CE,COLPAL,29OCT2026,220000.000000,275,OPTSTK,BFO,5.000000,14000,False
871734,ULTRACEMCO26OCT11900PE,ULTRACEMCO,29OCT2026,1190000.000000,50,OPTSTK,BFO,5.000000,3000,False
871780,BANKEX26OCT71400PE,BANKEX,29OCT2026,7140000.000000,30,OPTIDX,BFO,5.000000,900,False
871786,JIOFIN26OCT247.5CE,JIOFIN,29OCT2026,24750.000000,2350,OPTSTK,BFO,5.000000,100000000,False
871862,SRF26OCT2850CE,SRF,29OCT2026,285000.000000,200,OPTSTK,BFO,5.000000,11250,False
872071,FOCIT26OCT30500CE,FOCIT,29OCT2026,3050000.000000,45,OPTIDX,BFO,5.000000,1350,False
872100,VOLTAS26OCT1240CE,VOLTAS,29OCT2026,124000.000000,375,OPTSTK,BFO,5.000000,30000,False
872176,PREMIERENE26OCT880PE,PREMIERENE,29OCT2026,88000.000000,650,OPTSTK,BFO,5.000000,100000000,False
872185,SOLARINDS26OCT19000PE,SOLARINDS,29OCT2026,1900000.000000,50,OPTSTK,BFO,5.000000,100000000,False
872288,PNBHOUSING26OCT980PE,PNBHOUSING,29OCT2026,98000.000000,650,OPTSTK,BFO,5.000000,100000000,False
872300,HDFCAMC26OCT2700CE,HDFCAMC,29OCT2026,270000.000000,300,OPTSTK,BFO,5.000000,12000,False
872657,COLPAL26OCTFUT,COLPAL,29OCT2026,0.000000,275,FUTSTK,BFO,5.000000,14000,False
872658,WAAREEENER26OCT2950PE,WAAREEENER,29OCT2026,295000.000000,175,OPTSTK,BFO,5.000000,100000000,False
872757,NBCC26OCT107.5CE,NBCC,29OCT2026,10750.000000,6500,OPTSTK,BFO,5.000000,100000000,False
872763,NBCC26OCT90PE,NBCC,29OCT2026,9000.000000,6500,OPTSTK,BFO,5.000000,100000000,False
872842,FOCIT26OCT42800CE,FOCIT,29OCT2026,4280000.000000,45,OPTIDX,BFO,5.000000,1350,False
872906,HYUNDAI26OCT1880PE,HYUNDAI,29OCT2026,188000.000000,275,OPTSTK,BFO,5.000000,100000000,False
873053,KPITTECH26OCT550CE,KPITTECH,29OCT2026,55000.000000,775,OPTSTK,BFO,5.000000,100000000,False
873242,SENSEX26OCT75400PE,SENSEX,29OCT2026,7540000.000000,20,OPTIDX,BFO,5.000000,1000,False
873244,INDIGO26OCTFUT,INDIGO,29OCT2026,0.000000,150,FUTSTK,BFO,5.000000,12000,False
873333,LT26OCT3700CE,LT,29OCT2026,370000.000000,175,OPTSTK,BFO,5.000000,12000,False
873506,HINDPETRO26OCT440.75CE,HINDPETRO,29OCT2026,44075.000000,2025,OPTSTK,BFO,5.000000,108000,False
873769,BHEL26OCT395PE,BHEL,29OCT2026,39500.000000,2625,OPTSTK,BFO,5.000000,315000,False
873774,GLENMARK26OCT2220PE,GLENMARK,29OCT2026,222000.000000,375,OPTSTK,BFO,5.000000,43500,False
873904,MUTHOOTFIN26OCT3000PE,MUTHOOTFIN,29OCT2026,300000.000000,275,OPTSTK,BFO,5.000000,22000,False
874002,DIVISLAB26OCT7100PE,DIVISLAB,29OCT2026,710000.000000,100,OPTSTK,BFO,5.000000,8000,False
874008,JSWENERGY26OCT520CE,JSWENERGY,29OCT2026,52000.000000,1075,OPTSTK,BFO,5.000000,100000000,False
874057,BAJAJ-AUTO26OCT11600CE,BAJAJ-AUTO,29OCT2026,1160000.000000,75,OPTSTK,BFO,5.000000,5000,False
874130,NTPC26OCT345PE,NTPC,29OCT2026,34500.000000,1500,OPTSTK,BFO,5.000000,150000,False
874168,ICICIPRULI26OCT535PE,ICICIPRULI,29OCT2026,53500.000000,925,OPTSTK,BFO,5.000000,60000,False
874177,TCS26OCT2380PE,TCS,29OCT2026,238000.000000,225,OPTSTK,BFO,5.000000,7000,False
874454,NAUKRI26OCT1140PE,NAUKRI,29OCT2026,114000.000000,550,OPTSTK,BFO,5.000000,6000,False
874693,MAXHEALTH26OCT1140CE,MAXHEALTH,29OCT2026,114000.000000,525,OPTSTK,BFO,5.000000,100000000,False
874801,TATACONSUM26OCT1160PE,TATACONSUM,29OCT2026,116000.000000,550,OPTSTK,BFO,5.000000,36000,False
874877,AMBER26OCT7100CE,AMBER,29OCT2026,710000.000000,100,OPTSTK,BFO,5.000000,100000000,False
874989,INDUSTOWER26OCT376PE,INDUSTOWER,29OCT2026,37600.000000,1700,OPTSTK,BFO,5.000000,170000,False
874992,HDFCBANK26OCT700PE,HDFCBANK,29OCT2026,70000.000000,650,OPTSTK,BFO,5.000000,16500,False
875337,SONACOMS26OCT830CE,SONACOMS,29OCT2026,83000.000000,1225,OPTSTK,BFO,5.000000,100000000,False
875512,M&M26OCT3450CE,M&M,29OCT2026,345000.000000,200,OPTSTK,BFO,5.000000,21000,False
875707,BAJAJFINSV26OCT1860CE,BAJAJFINSV,29OCT2026,186000.000000,300,OPTSTK,BFO,5.000000,20000,False
875755,SENSEX2691772200CE,SENSEX,17SEP2026,7220000.000000,20,OPTIDX,BFO,5.000000,1000,False
875812,SENSEX2691776800CE,SENSEX,17SEP2026,7680000.000000,20,OPTIDX,BFO,5.000000,1000,False
875973,RELIANCE26OCT1340PE,RELIANCE,29OCT2026,134000.000000,500,OPTSTK,BFO,5.000000,10000,False
876062,ADANIENT26OCT3000CE,ADANIENT,29OCT2026,300000.000000,309,OPTSTK,BFO,5.000000,9000,False
876180,ALKEM26OCT5500CE,ALKEM,29OCT2026,550000.000000,125,OPTSTK,BFO,5.000000,8000,False
876182,ASIANPAINT26OCT2700PE,ASIANPAINT,29OCT2026,270000.000000,250,OPTSTK,BFO,5.000000,8000,False
876361,SENSEX2691782200CE,SENSEX,17SEP2026,8220000.000000,20,OPTIDX,BFO,5.000000,1000,False
876365,SENSEX26OCT75300CE,SENSEX,29OCT2026,7530000.000000,20,OPTIDX,BFO,5.000000,1000,False
876373,LICHSGFIN26OCT530CE,LICHSGFIN,29OCT2026,53000.000000,1000,OPTSTK,BFO,5.000000,60000,False
876374,KEI26OCT5200CE,KEI,29OCT2026,520000.000000,175,OPTSTK,BFO,5.000000,100000000,False
876376,BANDHANBNK26OCT155CE,BANDHANBNK,29OCT2026,15500.000000,3600,OPTSTK,BFO,5.000000,100000,False
876380,FORTIS26OCT910CE,FORTIS,29OCT2026,91000.000000,775,OPTSTK,BFO,5.000000,100000000,False
876413,BANKEX26OCT68300CE,BANKEX,29OCT2026,6830000.000000,30,OPTIDX,BFO,5.000000,900,False
876417,RELIANCE26OCT1250PE,RELIANCE,29OCT2026,125000.000000,500,OPTSTK,BFO,5.000000,10000,False
876425,SENSEX26OCT73900CE,SENSEX,29OCT2026,7390000.000000,20,OPTIDX,BFO,5.000000,1000,False
876430,LUPIN26OCT2300PE,LUPIN,29OCT2026,230000.000000,425,OPTSTK,BFO,5.000000,34000,False
876441,SOLARINDS26OCT17250CE,SOLARINDS,29OCT2026,1725000.000000,50,OPTSTK,BFO,5.000000,100000000,False
876456,FOCIT26OCT34400CE,FOCIT,29OCT2026,3440000.000000,45,OPTIDX,BFO,5.000000,1350,False
876457,INDUSTOWER26OCT381PE,INDUSTOWER,29OCT2026,38100.000000,1700,OPTSTK,BFO,5.000000,170000,False
876471,LICHSGFIN26OCT600CE,LICHSGFIN,29OCT2026,60000.000000,1000,OPTSTK,BFO,5.000000,60000,False
876473,KALYANKJIL26OCT630PE,KALYANKJIL,29OCT2026,63000.000000,1350,OPTSTK,BFO,5.000000,100000000,False
876477,SENSEX5026OCT25350PE,SENSEX50,29OCT2026,2535000.000000,75,OPTIDX,BFO,5.000000,1800,False
876479,SAIL26OCT185CE,SAIL,29OCT2026,18500.000000,4700,OPTSTK,BFO,5.000000,320000,False
876519,SENSEX5026OCT26050CE,SENSEX50,29OCT2026,2605000.000000,75,OPTIDX,BFO,5.000000,1800,False
876531,BAJAJHLDNG26OCT11300PE,BAJAJHLDNG,29OCT2026,1130000.000000,75,OPTSTK,BFO,5.000000,100000000,False
876537,AXISBANK26OCT1260CE,AXISBANK,29OCT2026,126000.000000,625,OPTSTK,BFO,5.000000,25000,False
876539,SENSEX2691774800PE,SENSEX,17SEP2026,7480000.000000,20,OPTIDX,BFO,5.000000,1000,False
876543,FOCIT26SEP38400CE,FOCIT,24SEP2026,3840000.000000,45,OPTIDX,BFO,5.000000,1350,False
876552,NYKAA26OCT360CE,NYKAA,29OCT2026,36000.000000,3125,OPTSTK,BFO,5.000000,100000000,False
876557,SONACOMS26OCT740PE,SONACOMS,29OCT2026,74000.000000,1225,OPTSTK,BFO,5.000000,100000000,False
876566,SHREECEM26OCT27250CE,SHREECEM,29OCT2026,2725000.000000,25,OPTSTK,BFO,5.000000,1000,False
876567,SENSEX5026OCT24650CE,SENSEX50,29OCT2026,2465000.000000,75,OPTIDX,BFO,5.000000,1800,False
876576,PRESTIGE26OCT1620CE,PRESTIGE,29OCT2026,162000.000000,450,OPTSTK,BFO,5.000000,100000000,False
876577,BANKEX26OCT58600PE,BANKEX,29OCT2026,5860000.000000,30,OPTIDX,BFO,5.000000,900,False
876615,DIXON26OCT15750PE,DIXON,29OCT2026,1575000.000000,50,OPTSTK,BFO,5.000000,6000,False
876626,SENSEX5026OCT25500CE,SENSEX50,29OCT2026,2550000.000000,75,OPTIDX,BFO,5.000000,1800,False
876643,FOCIT26OCT38400PE,FOCIT,29OCT2026,3840000.000000,45,OPTIDX,BFO,5.000000,1350,False
876646,NAUKRI26OCT1260CE,NAUKRI,29OCT2026,126000.000000,550,OPTSTK,BFO,5.000000,6000,False
876655,SENSEX26OCT71900PE,SENSEX,29OCT2026,7190000.000000,20,OPTIDX,BFO,5.000000,1000,False
876670,POLICYBZR26OCT1480PE,POLICYBZR,29OCT2026,148000.000000,350,OPTSTK,BFO,5.000000,100000000,False
876672,AMBUJACEM26OCT410PE,AMBUJACEM,29OCT2026,41000.000000,1200,OPTSTK,BFO,5.000000,54000,False
876690,ULTRACEMCO26OCT11100CE,ULTRACEMCO,29OCT2026,1110000.000000,50,OPTSTK,BFO,5.000000,3000,False
876697,BHARTIARTL26OCT1940PE,BHARTIARTL,29OCT2026,194000.000000,475,OPTSTK,BFO,5.000000,28500,False
876702,JUBLFOOD26OCT465PE,JUBLFOOD,29OCT2026,46500.000000,1250,OPTSTK,BFO,5.000000,50000,False
876709,PIDILITIND26OCTFUT,PIDILITIND,29OCT2026,0.000000,500,FUTSTK,BFO,5.000000,10000,False
876723,DELHIVERY26OCT440CE,DELHIVERY,29OCT2026,44000.000000,2075,OPTSTK,BFO,5.000000,100000000,False
876727,ADANIGREEN26OCT1440PE,ADANIGREEN,29OCT2026,144000.000000,600,OPTSTK,BFO,5.000000,100000000,False
876734,CGPOWER26OCT760CE,CGPOWER,29OCT2026,76000.000000,850,OPTSTK,BFO,5.000000,100000000,False
876735,MOTHERSON26OCT155CE,MOTHERSON,29OCT2026,15500.000000,6150,OPTSTK,BFO,5.000000,284000,False
876743,VBL26OCT410CE,VBL,29OCT2026,41000.000000,1275,OPTSTK,BFO,5.000000,100000000,False
876860,FOCIT26OCT42400PE,FOCIT,29OCT2026,4240000.000000,45,OPTIDX,BFO,5.000000,1350,False
876950,MOTILALOFS26OCT740CE,MOTILALOFS,29OCT2026,74000.000000,775,OPTSTK,BFO,5.000000,100000000,False
876974,M&M26OCT3650CE,M&M,29OCT2026,365000.000000,200,OPTSTK,BFO,5.000000,21000,False
876977,KALYANKJIL26OCT670CE,KALYANKJIL,29OCT2026,67000.000000,1350,OPTSTK,BFO,5.000000,100000000,False
876996,GLENMARK26OCT2320CE,GLENMARK,29OCT2026,232000.000000,375,OPTSTK,BFO,5.000000,43500,False
877040,CUMMINSIND26OCT5200CE,CUMMINSIND,29OCT2026,520000.000000,200,OPTSTK,BFO,5.000000,18000,False
877055,LAURUSLABS26OCT1840CE,LAURUSLABS,29OCT2026,184000.000000,850,OPTSTK,BFO,5.000000,68000,False
877070,SRF26OCT2450PE,SRF,29OCT2026,245000.000000,200,OPTSTK,BFO,5.000000,11250,False
877075,SENSEX2691774700CE,SENSEX,17SEP2026,7470000.000000,20,OPTIDX,BFO,5.000000,1000,False
877109,SHRIRAMFIN26OCT900CE,SHRIRAMFIN,29OCT2026,90000.000000,825,OPTSTK,BFO,5.000000,18000,False
877276,MPHASIS26OCT2150CE,MPHASIS,29OCT2026,215000.000000,275,OPTSTK,BFO,5.000000,11000,False
877303,SENSEX5026OCT25800PE,SENSEX50,29OCT2026,2580000.000000,75,OPTIDX,BFO,5.000000,1800,False
877334,ASTRAL26OCT1600PE,ASTRAL,29OCT2026,160000.000000,425,OPTSTK,BFO,5.000000,14680,False
877373,KAYNES26OCT3550PE,KAYNES,29OCT2026,355000.000000,150,OPTSTK,BFO,5.000000,100000000,False
877376,SBIN26OCT1050PE,SBIN,29OCT2026,105000.000000,750,OPTSTK,BFO,5.000000,45000,False
877446,SENSEX26OCT77800CE,SENSEX,29OCT2026,7780000.000000,20,OPTIDX,BFO,5.000000,1000,False
877478,MAZDOCK26OCT1950CE,MAZDOCK,29OCT2026,195000.000000,225,OPTSTK,BFO,5.000000,100000000,False
877525,PHOENIXLTD26OCT1820PE,PHOENIXLTD,29OCT2026,182000.000000,350,OPTSTK,BFO,5.000000,100000000,False
877526,WAAREEENER26OCT2700PE,WAAREEENER,29OCT2026,270000.000000,175,OPTSTK,BFO,5.000000,100000000,False
877663,BANKEX26OCT66200CE,BANKEX,29OCT2026,6620000.000000,30,OPTIDX,BFO,5.000000,900,False
877668,TRENT26OCT2950PE,TRENT,29OCT2026,295000.000000,225,OPTSTK,BFO,5.000000,16000,False
877678,HAVELLS26OCT1360CE,HAVELLS,29OCT2026,136000.000000,500,OPTSTK,BFO,5.000000,20000,False
877732,FOCIT26OCT32300CE,FOCIT,29OCT2026,3230000.000000,45,OPTIDX,BFO,5.000000,1350,False
877794,SENSEX28DEC75000CE,SENSEX,28DEC2028,7500000.000000,20,OPTIDX,BFO,5.000000,1000,False
877811,OIL26OCT450CE,OIL,29OCT2026,45000.000000,1400,OPTSTK,BFO,5.000000,100000000,False
877825,NHPC26OCT83CE,NHPC,29OCT2026,8300.000000,6950,OPTSTK,BFO,5.000000,100000000,False
877826,BDL26OCT1140PE,BDL,29OCT2026,114000.000000,425,OPTSTK,BFO,5.000000,100000000,False
877827,LTM26OCT4600CE,LTM,29OCT2026,460000.000000,150,OPTSTK,BFO,5.000000,4500,False
877834,MOTILALOFS26OCT740PE,MOTILALOFS,29OCT2026,74000.000000,775,OPTSTK,BFO,5.000000,100000000,False
877884,IREDA26OCT130PE,IREDA,29OCT2026,13000.000000,4525,OPTSTK,BFO,5.000000,100000000,False
877893,HINDALCO26OCT860PE,HINDALCO,29OCT2026,86000.000000,700,OPTSTK,BFO,5.000000,56000,False
877898,COALINDIA26OCT410CE,COALINDIA,29OCT2026,41000.000000,1350,OPTSTK,BFO,5.000000,126000,False
877950,FOCIT26OCT42300CE,FOCIT,29OCT2026,4230000.000000,45,OPTIDX,BFO,5.000000,1350,False
877957,BAJAJHLDNG26OCT11500PE,BAJAJHLDNG,29OCT2026,1150000.000000,75,OPTSTK,BFO,5.000000,100000000,False
877993,BEL26OCT355PE,BEL,29OCT2026,35500.000000,1425,OPTSTK,BFO,5.000000,228000,False
878025,BANKBARODA26OCT270PE,BANKBARODA,29OCT2026,27000.000000,2925,OPTSTK,BFO,5.000000,175500,False
878041,NMDC26OCT86PE,NMDC,29OCT2026,8600.000000,6750,OPTSTK,BFO,5.000000,225000,False
878074,RECLTD26OCT360CE,RECLTD,29OCT2026,36000.000000,1575,OPTSTK,BFO,5.000000,160000,False
878105,BANKEX26OCT58800PE,BANKEX,29OCT2026,5880000.000000,30,OPTIDX,BFO,5.000000,900,False
878109,DIVISLAB26OCT8200CE,DIVISLAB,29OCT2026,820000.000000,100,OPTSTK,BFO,5.000000,8000,False
878150,UNITDSPR26OCT1380CE,UNITDSPR,29OCT2026,138000.000000,400,OPTSTK,BFO,5.000000,28000,False
878151,ICICIGI26OCT1720PE,ICICIGI,29OCT2026,172000.000000,325,OPTSTK,BFO,5.000000,20000,False
878184,BAJAJ-AUTO26OCT11100CE,BAJAJ-AUTO,29OCT2026,1110000.000000,75,OPTSTK,BFO,5.000000,5000,False
878185,SENSEX26OCT75800PE,SENSEX,29OCT2026,7580000.000000,20,OPTIDX,BFO,5.000000,1000,False
878224,ICICIPRULI26OCT505CE,ICICIPRULI,29OCT2026,50500.000000,925,OPTSTK,BFO,5.000000,60000,False
878226,BHARATFORG26OCT2100CE,BHARATFORG,29OCT2026,210000.000000,500,OPTSTK,BFO,5.000000,30000,False
878335,ADANIENT26OCT2800CE,ADANIENT,29OCT2026,280000.000000,309,OPTSTK,BFO,5.000000,9000,False
878408,OIL26OCT455CE,OIL,29OCT2026,45500.000000,1400,OPTSTK,BFO,5.000000,100000000,False
878424,LICI26OCT460CE,LICI,29OCT2026,46000.000000,1400,OPTSTK,BFO,5.000000,100000000,False
878431,UNIONBANK26OCT170CE,UNIONBANK,29OCT2026,17000.000000,4425,OPTSTK,BFO,5.000000,100000000,False
878462,IDEA26OCT12PE,IDEA,29OCT2026,1200.000000,71475,OPTSTK,BFO,5.000000,2400000,False
878539,PFC26OCT405CE,PFC,29OCT2026,40500.000000,1300,OPTSTK,BFO,5.000000,124000,False
878479,PHOENIXLTD26SEP1740PE,PHOENIXLTD,24SEP2026,174000.000000,350,OPTSTK,BFO,5.000000,100000000,False
878482,SENSEX26OCT72800CE,SENSEX,29OCT2026,7280000.000000,20,OPTIDX,BFO,5.000000,1000,False
878574,FOCIT26OCT35600CE,FOCIT,29OCT2026,3560000.000000,45,OPTIDX,BFO,5.000000,1350,False
878602,GODREJCP26OCT1010PE,GODREJCP,29OCT2026,101000.000000,500,OPTSTK,BFO,5.000000,30000,False
878635,PNBHOUSING26OCT1180PE,PNBHOUSING,29OCT2026,118000.000000,650,OPTSTK,BFO,5.000000,100000000,False
878647,CAMS26OCT720CE,CAMS,29OCT2026,72000.000000,825,OPTSTK,BFO,5.000000,100000000,False
878683,ITC26OCT280CE,ITC,29OCT2026,28000.000000,1725,OPTSTK,BFO,5.000000,64000,False
878713,CUMMINSIND26OCT5400CE,CUMMINSIND,29OCT2026,540000.000000,200,OPTSTK,BFO,5.000000,18000,False
878715,BAJAJHLDNG26OCT11400CE,BAJAJHLDNG,29OCT2026,1140000.000000,75,OPTSTK,BFO,5.000000,100000000,False
878735,VOLTAS26OCT1200PE,VOLTAS,29OCT2026,120000.000000,375,OPTSTK,BFO,5.000000,30000,False
878736,SENSEX5026OCT25100PE,SENSEX50,29OCT2026,2510000.000000,75,OPTIDX,BFO,5.000000,1800,False
879210,SENSEX27JUN74000CE,SENSEX,24JUN2027,7400000.000000,20,OPTIDX,BFO,5.000000,1000,False
880126,FOCIT26OCT30200CE,FOCIT,29OCT2026,3020000.000000,45,OPTIDX,BFO,5.000000,1350,False
880157,GVT&D26OCT5000CE,GVT&D,29OCT2026,500000.000000,125,OPTSTK,BFO,5.000000,100000000,False
880181,SENSEX26OCT85100PE,SENSEX,29OCT2026,8510000.000000,20,OPTIDX,BFO,5.000000,1000,False
880245,SENSEX26OCT85000CE,SENSEX,29OCT2026,8500000.000000,20,OPTIDX,BFO,5.000000,1000,False
880264,SENSEX30JUN74000PE,SENSEX,27JUN2030,7400000.000000,20,OPTIDX,BFO,5.000000,1000,False
880265,DIVISLAB26OCT8700PE,DIVISLAB,29OCT2026,870000.000000,100,OPTSTK,BFO,5.000000,8000,False
880290,KAYNES26OCT4050PE,KAYNES,29OCT2026,405000.000000,150,OPTSTK,BFO,5.000000,100000000,False
880315,DIVISLAB26SEP8700CE,DIVISLAB,24SEP2026,870000.000000,100,OPTSTK,BFO,5.000000,8000,False
880317,ASHOKLEY26OCT177.5CE,ASHOKLEY,29OCT2026,17750.000000,5000,OPTSTK,BFO,5.000000,150000,False
880322,M&M26SEP3700CE,M&M,24SEP2026,370000.000000,200,OPTSTK,BFO,5.000000,21000,False
880363,ASHOKLEY26OCT177.5PE,ASHOKLEY,29OCT2026,17750.000000,5000,OPTSTK,BFO,5.000000,150000,False
880370,VOLTAS26OCT1180CE,VOLTAS,29OCT2026,118000.000000,375,OPTSTK,BFO,5.000000,30000,False
880405,CAMS26OCT870PE,CAMS,29OCT2026,87000.000000,825,OPTSTK,BFO,5.000000,100000000,False
880435,FOCIT26OCT30000PE,FOCIT,29OCT2026,3000000.000000,45,OPTIDX,BFO,5.000000,1350,False
880483,KALYANKJIL26OCT595CE,KALYANKJIL,29OCT2026,59500.000000,1350,OPTSTK,BFO,5.000000,100000000,False
880524,JIOFIN26SEP272.5CE,JIOFIN,24SEP2026,27250.000000,2350,OPTSTK,BFO,5.000000,100000000,False
880527,WAAREEENER26OCT3050CE,WAAREEENER,29OCT2026,305000.000000,175,OPTSTK,BFO,5.000000,100000000,False
880535,HYUNDAI26OCT2220PE,HYUNDAI,29OCT2026,222000.000000,275,OPTSTK,BFO,5.000000,100000000,False
880597,BAJAJFINSV26SEP2140CE,BAJAJFINSV,24SEP2026,214000.000000,300,OPTSTK,BFO,5.000000,20000,False
880599,ULTRACEMCO26SEP12600PE,ULTRACEMCO,24SEP2026,1260000.000000,50,OPTSTK,BFO,5.000000,3000,False
880656,PRESTIGE26OCT1760CE,PRESTIGE,29OCT2026,176000.000000,450,OPTSTK,BFO,5.000000,100000000,False
880671,SENSEX26OCT85000PE,SENSEX,29OCT2026,8500000.000000,20,OPTIDX,BFO,5.000000,1000,False
880675,BAJAJHLDNG26SEP11900PE,BAJAJHLDNG,24SEP2026,1190000.000000,75,OPTSTK,BFO,5.000000,100000000,False
880682,SENSEX28JUN80000PE,SENSEX,29JUN2028,8000000.000000,20,OPTIDX,BFO,5.000000,1000,False
880687,TIINDIA26OCT3100CE,TIINDIA,29OCT2026,310000.000000,200,OPTSTK,BFO,5.000000,100000000,False
880688,ANGELONE26OCT330PE,ANGELONE,29OCT2026,33000.000000,2500,OPTSTK,BFO,5.000000,100000000,False
880695,LICHSGFIN26SEP450CE,LICHSGFIN,24SEP2026,45000.000000,1000,OPTSTK,BFO,5.000000,60000,False
880696,HYUNDAI26SEP2180PE,HYUNDAI,24SEP2026,218000.000000,275,OPTSTK,BFO,5.000000,100000000,False
880708,ETERNAL26OCT265PE,ETERNAL,29OCT2026,26500.000000,2425,OPTSTK,BFO,5.000000,100000000,False
880738,DIVISLAB26SEP8600CE,DIVISLAB,24SEP2026,860000.000000,100,OPTSTK,BFO,5.000000,8000,False
880745,JIOFIN26OCT267.5CE,JIOFIN,29OCT2026,26750.000000,2350,OPTSTK,BFO,5.000000,100000000,False
880747,WAAREEENER26OCT3000CE,WAAREEENER,29OCT2026,300000.000000,175,OPTSTK,BFO,5.000000,100000000,False
880756,COFORGE26OCT1580CE,COFORGE,29OCT2026,158000.000000,475,OPTSTK,BFO,5.000000,6000,False
880765,JIOFIN26OCT267.5PE,JIOFIN,29OCT2026,26750.000000,2350,OPTSTK,BFO,5.000000,100000000,False
880785,KALYANKJIL26OCT585CE,KALYANKJIL,29OCT2026,58500.000000,1350,OPTSTK,BFO,5.000000,100000000,False
880795,INFY26OCT1000PE,INFY,29OCT2026,100000.000000,400,OPTSTK,BFO,5.000000,16000,False
880798,JIOFIN26OCT275CE,JIOFIN,29OCT2026,27500.000000,2350,OPTSTK,BFO,5.000000,100000000,False
880806,MFSL26OCT1360PE,MFSL,29OCT2026,136000.000000,400,OPTSTK,BFO,5.000000,32000,False
880837,BAJFINANCE26OCT1210CE,BAJFINANCE,29OCT2026,121000.000000,750,OPTSTK,BFO,5.000000,3750,False
880844,MANKIND26OCT2400PE,MANKIND,29OCT2026,240000.000000,250,OPTSTK,BFO,5.000000,100000000,False
880849,TVSMOTOR26SEP4650PE,TVSMOTOR,24SEP2026,465000.000000,175,OPTSTK,BFO,5.000000,21000,False
880878,ADANIENT26OCT2650PE,ADANIENT,29OCT2026,265000.000000,309,OPTSTK,BFO,5.000000,9000,False
880879,BAJFINANCE26SEP1210PE,BAJFINANCE,24SEP2026,121000.000000,750,OPTSTK,BFO,5.000000,3750,False
880892,RBLBANK26OCT340PE,RBLBANK,29OCT2026,34000.000000,3175,OPTSTK,BFO,5.000000,150000,False
880906,MAXHEALTH26OCT1030PE,MAXHEALTH,29OCT2026,103000.000000,525,OPTSTK,BFO,5.000000,100000000,False
880912,MUTHOOTFIN26OCT3450CE,MUTHOOTFIN,29OCT2026,345000.000000,275,OPTSTK,BFO,5.000000,22000,False
880915,FORCEMOT26OCT21500PE,FORCEMOT,29OCT2026,2150000.000000,25,OPTSTK,BFO,5.000000,100000000,False
880922,GODREJPROP26OCT1960PE,GODREJPROP,29OCT2026,196000.000000,325,OPTSTK,BFO,5.000000,19000,False
880925,DIXON26OCT12250CE,DIXON,29OCT2026,1225000.000000,50,OPTSTK,BFO,5.000000,6000,False
880935,NAUKRI26OCT1080PE,NAUKRI,29OCT2026,108000.000000,550,OPTSTK,BFO,5.000000,6000,False
880945,BRITANNIA26OCT5050PE,BRITANNIA,29OCT2026,505000.000000,125,OPTSTK,BFO,5.000000,6000,False
880948,VEDL26OCT230CE,VEDL,29OCT2026,23000.000000,1150,OPTSTK,BFO,5.000000,80000,False
880958,FOCIT26SEP30200CE,FOCIT,24SEP2026,3020000.000000,45,OPTIDX,BFO,5.000000,1350,False
880997,ANGELONE26OCT330CE,ANGELONE,29OCT2026,33000.000000,2500,OPTSTK,BFO,5.000000,100000000,False
881023,ANGELONE26OCT335CE,ANGELONE,29OCT2026,33500.000000,2500,OPTSTK,BFO,5.000000,100000000,False
881035,ADANIENT26OCT2650CE,ADANIENT,29OCT2026,265000.000000,309,OPTSTK,BFO,5.000000,9000,False
881051,BAJFINANCE26SEP1200PE,BAJFINANCE,24SEP2026,120000.000000,750,OPTSTK,BFO,5.000000,3750,False
881056,GAIL26SEP197.5PE,GAIL,24SEP2026,19750.000000,3550,OPTSTK,BFO,5.000000,274500,False
881074,BAJFINANCE26OCT1160PE,BAJFINANCE,29OCT2026,116000.000000,750,OPTSTK,BFO,5.000000,3750,False
881082,HYUNDAI26OCT2280PE,HYUNDAI,29OCT2026,228000.000000,275,OPTSTK,BFO,5.000000,100000000,False
881088,FOCIT26SEP29900CE,FOCIT,24SEP2026,2990000.000000,45,OPTIDX,BFO,5.000000,1350,False
881091,TMPV26OCT375CE,TMPV,29OCT2026,37500.000000,1600,OPTSTK,BFO,5.000000,42750,False
881116,DIVISLAB26OCT8700CE,DIVISLAB,29OCT2026,870000.000000,100,OPTSTK,BFO,5.000000,8000,False
881125,SONACOMS26SEP840PE,SONACOMS,24SEP2026,84000.000000,1225,OPTSTK,BFO,5.000000,100000000,False
881129,MAZDOCK26OCT2700PE,MAZDOCK,29OCT2026,270000.000000,225,OPTSTK,BFO,5.000000,100000000,False
881137,ASHOKLEY26OCT182.5PE,ASHOKLEY,29OCT2026,18250.000000,5000,OPTSTK,BFO,5.000000,150000,False
881163,KAYNES26SEP4050PE,KAYNES,24SEP2026,405000.000000,150,OPTSTK,BFO,5.000000,100000000,False
881170,HYUNDAI26SEP2200PE,HYUNDAI,24SEP2026,220000.000000,275,OPTSTK,BFO,5.000000,100000000,False
881179,BAJAJFINSV26SEP2120PE,BAJAJFINSV,24SEP2026,212000.000000,300,OPTSTK,BFO,5.000000,20000,False
881192,HDFCAMC26OCT2950PE,HDFCAMC,29OCT2026,295000.000000,300,OPTSTK,BFO,5.000000,12000,False
881231,DELHIVERY26OCT515PE,DELHIVERY,29OCT2026,51500.000000,2075,OPTSTK,BFO,5.000000,100000000,False
881347,MOTHERSON26OCT170PE,MOTHERSON,29OCT2026,17000.000000,6150,OPTSTK,BFO,5.000000,284000,False
881387,PRESTIGE26OCT1780PE,PRESTIGE,29OCT2026,178000.000000,450,OPTSTK,BFO,5.000000,100000000,False
881410,SHRIRAMFIN26OCT1200PE,SHRIRAMFIN,29OCT2026,120000.000000,825,OPTSTK,BFO,5.000000,18000,False
881446,HINDZINC26OCT620CE,HINDZINC,29OCT2026,62000.000000,1225,OPTSTK,BFO,5.000000,100000000,False
881449,APLAPOLLO26SEP2080CE,APLAPOLLO,24SEP2026,208000.000000,350,OPTSTK,BFO,5.000000,100000000,False
881488,JIOFIN26OCT277.5CE,JIOFIN,29OCT2026,27750.000000,2350,OPTSTK,BFO,5.000000,100000000,False
881490,MPHASIS26OCT2750CE,MPHASIS,29OCT2026,275000.000000,275,OPTSTK,BFO,5.000000,11000,False
881492,TMPV26OCT380PE,TMPV,29OCT2026,38000.000000,1600,OPTSTK,BFO,5.000000,42750,False
881502,AUROPHARMA26OCT1740CE,AUROPHARMA,29OCT2026,174000.000000,550,OPTSTK,BFO,5.000000,44000,False
881505,LT26OCT4350CE,LT,29OCT2026,435000.000000,175,OPTSTK,BFO,5.000000,12000,False
881507,IREDA26OCT140CE,IREDA,29OCT2026,14000.000000,4525,OPTSTK,BFO,5.000000,100000000,False
881531,TVSMOTOR26OCT4700PE,TVSMOTOR,29OCT2026,470000.000000,175,OPTSTK,BFO,5.000000,21000,False
881581,FOCIT26SEP44900PE,FOCIT,24SEP2026,4490000.000000,45,OPTIDX,BFO,5.000000,1350,False
881603,JIOFIN26OCT280PE,JIOFIN,29OCT2026,28000.000000,2350,OPTSTK,BFO,5.000000,100000000,False
881652,SENSEX28JUN84000PE,SENSEX,29JUN2028,8400000.000000,20,OPTIDX,BFO,5.000000,1000,False
881670,JIOFIN26SEP280CE,JIOFIN,24SEP2026,28000.000000,2350,OPTSTK,BFO,5.000000,100000000,False
881701,PETRONET26OCT320PE,PETRONET,29OCT2026,32000.000000,1900,OPTSTK,BFO,5.000000,120000,False
881704,SENSEX5026OCT26650PE,SENSEX50,29OCT2026,2665000.000000,75,OPTIDX,BFO,5.000000,1800,False
881742,NTPC26OCT385CE,NTPC,29OCT2026,38500.000000,1500,OPTSTK,BFO,5.000000,150000,False
881838,SBIN26OCT1110CE,SBIN,29OCT2026,111000.000000,750,OPTSTK,BFO,5.000000,45000,False
881856,BANKEX26OCT72400PE,BANKEX,29OCT2026,7240000.000000,30,OPTIDX,BFO,5.000000,900,False
881860,JINDALSTEL26SEP1260PE,JINDALSTEL,24SEP2026,126000.000000,625,OPTSTK,BFO,5.000000,37500,False
881921,SBILIFE26OCT2040CE,SBILIFE,29OCT2026,204000.000000,375,OPTSTK,BFO,5.000000,22500,False
881986,UPL26OCT700PE,UPL,29OCT2026,70000.000000,1355,OPTSTK,BFO,5.000000,39000,False
882012,BPCL26SEP360CE,BPCL,24SEP2026,36000.000000,1975,OPTSTK,BFO,5.000000,72000,False
882023,MAXHEALTH26OCT1020CE,MAXHEALTH,29OCT2026,102000.000000,525,OPTSTK,BFO,5.000000,100000000,False
882066,NAUKRI26OCT1400PE,NAUKRI,29OCT2026,140000.000000,550,OPTSTK,BFO,5.000000,6000,False
882087,SENSEX31JUN84000CE,SENSEX,26JUN2031,8400000.000000,20,OPTIDX,BFO,5.000000,1000,False
882148,IEX26OCT110CE,IEX,29OCT2026,11000.000000,4350,OPTSTK,BFO,5.000000,150000,False
882180,HINDALCO26SEP1140PE,HINDALCO,24SEP2026,114000.000000,700,OPTSTK,BFO,5.000000,56000,False
882200,SENSEX26OCT85600CE,SENSEX,29OCT2026,8560000.000000,20,OPTIDX,BFO,5.000000,1000,False
882210,HINDUNILVR26OCT2260CE,HINDUNILVR,29OCT2026,226000.000000,300,OPTSTK,BFO,5.000000,9000,False
882241,AXISBANK26OCT1380CE,AXISBANK,29OCT2026,138000.000000,625,OPTSTK,BFO,5.000000,25000,False
882297,FOCIT26OCT44900CE,FOCIT,29OCT2026,4490000.000000,45,OPTIDX,BFO,5.000000,1350,False
882313,LTF26OCT355CE,LTF,29OCT2026,35500.000000,2250,OPTSTK,BFO,5.000000,267720,False
882322,MAXHEALTH26OCT1020PE,MAXHEALTH,29OCT2026,102000.000000,525,OPTSTK,BFO,5.000000,100000000,False
882331,SENSEX26SEP85500PE,SENSEX,24SEP2026,8550000.000000,20,OPTIDX,BFO,5.000000,1000,False
882338,COFORGE26OCT1900CE,COFORGE,29OCT2026,190000.000000,475,OPTSTK,BFO,5.000000,6000,False
882339,EICHERMOT26OCT8700PE,EICHERMOT,29OCT2026,870000.000000,100,OPTSTK,BFO,5.000000,7000,False
882347,TRENT26OCT3400PE,TRENT,29OCT2026,340000.000000,225,OPTSTK,BFO,5.000000,16000,False
882369,SHRIRAMFIN26OCT1200CE,SHRIRAMFIN,29OCT2026,120000.000000,825,OPTSTK,BFO,5.000000,18000,False
882379,SOLARINDS26OCT20500CE,SOLARINDS,29OCT2026,2050000.000000,50,OPTSTK,BFO,5.000000,100000000,False
882388,APOLLOHOSP26OCT8100PE,APOLLOHOSP,29OCT2026,810000.000000,125,OPTSTK,BFO,5.000000,5000,False
882395,ABCAPITAL26OCT450PE,ABCAPITAL,29OCT2026,45000.000000,3100,OPTSTK,BFO,5.000000,162000,False
882400,NAUKRI26SEP1400PE,NAUKRI,24SEP2026,140000.000000,550,OPTSTK,BFO,5.000000,6000,False
882403,PAYTM26OCT1500PE,PAYTM,29OCT2026,150000.000000,725,OPTSTK,BFO,5.000000,100000000,False
882426,ABCAPITAL26OCT455PE,ABCAPITAL,29OCT2026,45500.000000,3100,OPTSTK,BFO,5.000000,162000,False
882443,DIVISLAB26OCT8900CE,DIVISLAB,29OCT2026,890000.000000,100,OPTSTK,BFO,5.000000,8000,False
882468,FOCIT26OCT44700PE,FOCIT,29OCT2026,4470000.000000,45,OPTIDX,BFO,5.000000,1350,False
882471,TVSMOTOR26OCT4700CE,TVSMOTOR,29OCT2026,470000.000000,175,OPTSTK,BFO,5.000000,21000,False
882494,ASHOKLEY26OCT190PE,ASHOKLEY,29OCT2026,19000.000000,5000,OPTSTK,BFO,5.000000,150000,False
882518,AMBUJACEM26OCT475CE,AMBUJACEM,29OCT2026,47500.000000,1200,OPTSTK,BFO,5.000000,54000,False
882529,AXISBANK26OCT1380PE,AXISBANK,29OCT2026,138000.000000,625,OPTSTK,BFO,5.000000,25000,False
882617,LICI26OCT375PE,LICI,29OCT2026,37500.000000,1400,OPTSTK,BFO,5.000000,100000000,False
882629,PRESTIGE26OCT1420PE,PRESTIGE,29OCT2026,142000.000000,450,OPTSTK,BFO,5.000000,100000000,False
882658,PNB26SEP121CE,PNB,24SEP2026,12100.000000,8000,OPTSTK,BFO,5.000000,480000,False
882706,AMBER26OCT8200CE,AMBER,29OCT2026,820000.000000,100,OPTSTK,BFO,5.000000,100000000,False
882747,BAJAJFINSV26SEP2220PE,BAJAJFINSV,24SEP2026,222000.000000,300,OPTSTK,BFO,5.000000,20000,False
882755,MANAPPURAM26OCT325PE,MANAPPURAM,29OCT2026,32500.000000,3000,OPTSTK,BFO,5.000000,180000,False
882776,MAXHEALTH26SEP1000CE,MAXHEALTH,24SEP2026,100000.000000,525,OPTSTK,BFO,5.000000,100000000,False
882787,KAYNES26OCT4200PE,KAYNES,29OCT2026,420000.000000,150,OPTSTK,BFO,5.000000,100000000,False
882807,GODFRYPHLP26OCT2650CE,GODFRYPHLP,29OCT2026,265000.000000,275,OPTSTK,BFO,5.000000,100000000,False
882847,NYKAA26OCT380CE,NYKAA,29OCT2026,38000.000000,3125,OPTSTK,BFO,5.000000,100000000,False
882864,NYKAA26OCT380PE,NYKAA,29OCT2026,38000.000000,3125,OPTSTK,BFO,5.000000,100000000,False
882942,OFSS26OCT12200PE,OFSS,29OCT2026,1220000.000000,100,OPTSTK,BFO,5.000000,8000,False
882990,LICI26SEP370PE,LICI,24SEP2026,37000.000000,1400,OPTSTK,BFO,5.000000,100000000,False
883036,GODREJPROP26OCT1900CE,GODREJPROP,29OCT2026,190000.000000,325,OPTSTK,BFO,5.000000,19000,False
882944,DABUR26SEP375PE,DABUR,24SEP2026,37500.000000,1250,OPTSTK,BFO,5.000000,50000,False
883005,DABUR26OCT380PE,DABUR,29OCT2026,38000.000000,1250,OPTSTK,BFO,5.000000,50000,False
883072,PHOENIXLTD26OCT2100CE,PHOENIXLTD,29OCT2026,210000.000000,350,OPTSTK,BFO,5.000000,100000000,False
883080,GODFRYPHLP26SEP2650PE,GODFRYPHLP,24SEP2026,265000.000000,275,OPTSTK,BFO,5.000000,100000000,False
883165,LICI26OCT370CE,LICI,29OCT2026,37000.000000,1400,OPTSTK,BFO,5.000000,100000000,False
883168,HINDALCO26SEP1160CE,HINDALCO,24SEP2026,116000.000000,700,OPTSTK,BFO,5.000000,56000,False
883184,SENSEX27DEC73000PE,SENSEX,30DEC2027,7300000.000000,20,OPTIDX,BFO,5.000000,1000,False
883225,HEROMOTOCO26SEP6400CE,HEROMOTOCO,24SEP2026,640000.000000,150,OPTSTK,BFO,5.000000,9000,False
883226,HINDZINC26SEP650CE,HINDZINC,24SEP2026,65000.000000,1225,OPTSTK,BFO,5.000000,100000000,False
883229,FORTIS26SEP860CE,FORTIS,24SEP2026,86000.000000,775,OPTSTK,BFO,5.000000,100000000,False
883252,KALYANKJIL26OCT550CE,KALYANKJIL,29OCT2026,55000.000000,1350,OPTSTK,BFO,5.000000,100000000,False
883266,KOTAKBANK26OCT435PE,KOTAKBANK,29OCT2026,43500.000000,2000,OPTSTK,BFO,5.000000,12000,False
883278,RADICO26OCT4850CE,RADICO,29OCT2026,485000.000000,150,OPTSTK,BFO,5.000000,100000000,False
883307,HINDZINC26OCT660CE,HINDZINC,29OCT2026,66000.000000,1225,OPTSTK,BFO,5.000000,100000000,False
883309,SBIN26OCT1120CE,SBIN,29OCT2026,112000.000000,750,OPTSTK,BFO,5.000000,45000,False
883347,ZYDUSLIFE26OCT1040PE,ZYDUSLIFE,29OCT2026,104000.000000,900,OPTSTK,BFO,5.000000,54000,False
883375,AMBUJACEM26OCT480PE,AMBUJACEM,29OCT2026,48000.000000,1200,OPTSTK,BFO,5.000000,54000,False
883426,RBLBANK26OCT425PE,RBLBANK,29OCT2026,42500.000000,3175,OPTSTK,BFO,5.000000,150000,False
883455,SBIN26OCT1120PE,SBIN,29OCT2026,112000.000000,750,OPTSTK,BFO,5.000000,45000,False
883456,JUBLFOOD26OCT515PE,JUBLFOOD,29OCT2026,51500.000000,1250,OPTSTK,BFO,5.000000,50000,False
883533,HINDALCO26SEP1180CE,HINDALCO,24SEP2026,118000.000000,700,OPTSTK,BFO,5.000000,56000,False
883535,KOTAKBANK26OCT435CE,KOTAKBANK,29OCT2026,43500.000000,2000,OPTSTK,BFO,5.000000,12000,False
883543,360ONE26SEP1340PE,,24SEP2026,134000.000000,500,OPTSTK,BFO,5.000000,100000000,False
883573,SENSEX26DEC72000PE,SENSEX,31DEC2026,7200000.000000,20,OPTIDX,BFO,5.000000,1000,False
883660,RBLBANK26OCT420CE,RBLBANK,29OCT2026,42000.000000,3175,OPTSTK,BFO,5.000000,150000,False
883675,UNOMINDA26OCT1400PE,UNOMINDA,29OCT2026,140000.000000,550,OPTSTK,BFO,5.000000,100000000,False
883704,HINDZINC26SEP660PE,HINDZINC,24SEP2026,66000.000000,1225,OPTSTK,BFO,5.000000,100000000,False
883705,VOLTAS26OCT1160PE,VOLTAS,29OCT2026,116000.000000,375,OPTSTK,BFO,5.000000,30000,False
883752,APLAPOLLO26SEP2100PE,APLAPOLLO,24SEP2026,210000.000000,350,OPTSTK,BFO,5.000000,100000000,False
883780,MANKIND26SEP2300PE,MANKIND,24SEP2026,230000.000000,250,OPTSTK,BFO,5.000000,100000000,False
883796,CHOLAFIN26SEP2060PE,CHOLAFIN,24SEP2026,206000.000000,625,OPTSTK,BFO,5.000000,25000,False
883878,BEL26OCT430CE,BEL,29OCT2026,43000.000000,1425,OPTSTK,BFO,5.000000,228000,False
883906,COFORGE26SEP1920CE,COFORGE,24SEP2026,192000.000000,475,OPTSTK,BFO,5.000000,6000,False
883953,CHOLAFIN26OCT2040PE,CHOLAFIN,29OCT2026,204000.000000,625,OPTSTK,BFO,5.000000,25000,False
856803,EICHERMOT26SEP8200CE,EICHERMOT,24SEP2026,820000.000000,100,OPTSTK,BFO,5.000000,7000,False
883978,SENSEX28JUN72000CE,SENSEX,29JUN2028,7200000.000000,20,OPTIDX,BFO,5.000000,1000,False
883990,SENSEX5026OCT26900PE,SENSEX50,29OCT2026,2690000.000000,75,OPTIDX,BFO,5.000000,1800,False
884011,VOLTAS26OCT1140PE,VOLTAS,29OCT2026,114000.000000,375,OPTSTK,BFO,5.000000,30000,False
856825,DIVISLAB26SEP7600PE,DIVISLAB,24SEP2026,760000.000000,100,OPTSTK,BFO,5.000000,8000,False
856837,SBILIFE26SEP1980PE,SBILIFE,24SEP2026,198000.000000,375,OPTSTK,BFO,5.000000,22500,False
856850,MPHASIS26SEP2350PE,MPHASIS,24SEP2026,235000.000000,275,OPTSTK,BFO,5.000000,11000,False
856894,NBCC26SEP80PE,NBCC,24SEP2026,8000.000000,6500,OPTSTK,BFO,5.000000,100000000,False
856901,TRENT26SEP2650CE,TRENT,24SEP2026,265000.000000,225,OPTSTK,BFO,5.000000,16000,False
856913,LT26SEP3650CE,LT,24SEP2026,365000.000000,175,OPTSTK,BFO,5.000000,12000,False
856918,ADANIENSOL26SEP1780CE,ADANIENSOL,24SEP2026,178000.000000,675,OPTSTK,BFO,5.000000,100000000,False
856978,HCLTECH26SEP1230PE,HCLTECH,24SEP2026,123000.000000,400,OPTSTK,BFO,5.000000,21000,False
856979,HCLTECH26SEP1220CE,HCLTECH,24SEP2026,122000.000000,400,OPTSTK,BFO,5.000000,21000,False
857014,ADANIENSOL26SEP1780PE,ADANIENSOL,24SEP2026,178000.000000,675,OPTSTK,BFO,5.000000,100000000,False
857019,MPHASIS26SEP2300CE,MPHASIS,24SEP2026,230000.000000,275,OPTSTK,BFO,5.000000,11000,False
857026,INDUSINDBK26SEP1090PE,INDUSINDBK,24SEP2026,109000.000000,700,OPTSTK,BFO,5.000000,20000,False
857054,BIOCON26SEP375PE,BIOCON,24SEP2026,37500.000000,2500,OPTSTK,BFO,5.000000,100000,False
857096,POLYCAB26SEP8700CE,POLYCAB,24SEP2026,870000.000000,125,OPTSTK,BFO,5.000000,9000,False
857103,MPHASIS26SEP2000CE,MPHASIS,24SEP2026,200000.000000,275,OPTSTK,BFO,5.000000,11000,False
857107,RBLBANK26SEP410CE,RBLBANK,24SEP2026,41000.000000,3175,OPTSTK,BFO,5.000000,150000,False
857192,LICHSGFIN26SEP470CE,LICHSGFIN,24SEP2026,47000.000000,1000,OPTSTK,BFO,5.000000,60000,False
857122,MPHASIS26SEP2300PE,MPHASIS,24SEP2026,230000.000000,275,OPTSTK,BFO,5.000000,11000,False
857149,MPHASIS26SEP2250PE,MPHASIS,24SEP2026,225000.000000,275,OPTSTK,BFO,5.000000,11000,False
857151,TECHM26SEP1580PE,TECHM,24SEP2026,158000.000000,600,OPTSTK,BFO,5.000000,24000,False
857256,MPHASIS26SEP2150PE,MPHASIS,24SEP2026,215000.000000,275,OPTSTK,BFO,5.000000,11000,False
857309,ABB26SEP6100CE,ABB,24SEP2026,610000.000000,125,OPTSTK,BFO,5.000000,7500,False
857363,JIOFIN26SEP212.5PE,JIOFIN,24SEP2026,21250.000000,2350,OPTSTK,BFO,5.000000,100000000,False
857389,IEX26SEP102.5CE,IEX,24SEP2026,10250.000000,4350,OPTSTK,BFO,5.000000,150000,False
857418,SIEMENS26SEP3100CE,SIEMENS,24SEP2026,310000.000000,175,OPTSTK,BFO,5.000000,8250,False
857423,POLYCAB26SEP8600CE,POLYCAB,24SEP2026,860000.000000,125,OPTSTK,BFO,5.000000,9000,False
857442,UNIONBANK26SEP140CE,UNIONBANK,24SEP2026,14000.000000,4425,OPTSTK,BFO,5.000000,100000000,False
857495,IRFC26SEP81PE,IRFC,24SEP2026,8100.000000,5425,OPTSTK,BFO,5.000000,100000000,False
857503,COCHINSHIP26SEP1260PE,COCHINSHIP,24SEP2026,126000.000000,400,OPTSTK,BFO,5.000000,100000000,False
857514,BANKEX26SEP57300CE,BANKEX,24SEP2026,5730000.000000,30,OPTIDX,BFO,5.000000,900,False
857533,MOTHERSON26SEP122.5PE,MOTHERSON,24SEP2026,12250.000000,6150,OPTSTK,BFO,5.000000,284000,False
857546,IEX26SEP100CE,IEX,24SEP2026,10000.000000,4350,OPTSTK,BFO,5.000000,150000,False
857570,MAXHEALTH26SEP1040PE,MAXHEALTH,24SEP2026,104000.000000,525,OPTSTK,BFO,5.000000,100000000,False
857588,INDIGO26SEP4500CE,INDIGO,24SEP2026,450000.000000,150,OPTSTK,BFO,5.000000,12000,False
857605,BANKEX26SEP57900CE,BANKEX,24SEP2026,5790000.000000,30,OPTIDX,BFO,5.000000,900,False
857630,BIOCON26SEP365CE,BIOCON,24SEP2026,36500.000000,2500,OPTSTK,BFO,5.000000,100000,False
857685,HDFCLIFE26SEP525PE,HDFCLIFE,24SEP2026,52500.000000,1100,OPTSTK,BFO,5.000000,44000,False
857689,NYKAA26SEP355CE,NYKAA,24SEP2026,35500.000000,3125,OPTSTK,BFO,5.000000,100000000,False
857702,BAJAJ-AUTO26SEP10900CE,BAJAJ-AUTO,24SEP2026,1090000.000000,75,OPTSTK,BFO,5.000000,5000,False
857705,RECLTD26SEP315PE,RECLTD,24SEP2026,31500.000000,1575,OPTSTK,BFO,5.000000,160000,False
857707,MOTILALOFS26SEP800PE,MOTILALOFS,24SEP2026,80000.000000,775,OPTSTK,BFO,5.000000,100000000,False
857770,SHRIRAMFIN26SEP880PE,SHRIRAMFIN,24SEP2026,88000.000000,825,OPTSTK,BFO,5.000000,18000,False
857774,WAAREEENER26SEP2450CE,WAAREEENER,24SEP2026,245000.000000,175,OPTSTK,BFO,5.000000,100000000,False
857789,KALYANKJIL26SEP455CE,KALYANKJIL,24SEP2026,45500.000000,1350,OPTSTK,BFO,5.000000,100000000,False
857792,DIXON26SEP15250CE,DIXON,24SEP2026,1525000.000000,50,OPTSTK,BFO,5.000000,6000,False
857845,DRREDDY26SEP1200CE,DRREDDY,24SEP2026,120000.000000,625,OPTSTK,BFO,5.000000,5000,False
857907,PAGEIND26SEP37000PE,PAGEIND,24SEP2026,3700000.000000,20,OPTSTK,BFO,5.000000,600,False
857883,SWIGGY26SEP305PE,SWIGGY,24SEP2026,30500.000000,1825,OPTSTK,BFO,5.000000,100000000,False
857959,DRREDDY26SEP1230PE,DRREDDY,24SEP2026,123000.000000,625,OPTSTK,BFO,5.000000,5000,False
857983,LODHA26SEP1300CE,LODHA,24SEP2026,130000.000000,625,OPTSTK,BFO,5.000000,100000000,False
858026,PNBHOUSING26SEP1260PE,PNBHOUSING,24SEP2026,126000.000000,650,OPTSTK,BFO,5.000000,100000000,False
858057,MOTILALOFS26SEP1120PE,MOTILALOFS,24SEP2026,112000.000000,775,OPTSTK,BFO,5.000000,100000000,False
858062,BLUESTARCO26SEP1800CE,BLUESTARCO,24SEP2026,180000.000000,325,OPTSTK,BFO,5.000000,100000000,False
858090,ICICIPRULI26SEP540PE,ICICIPRULI,24SEP2026,54000.000000,925,OPTSTK,BFO,5.000000,60000,False
858158,LODHA26SEP1360CE,LODHA,24SEP2026,136000.000000,625,OPTSTK,BFO,5.000000,100000000,False
858118,OFSS26SEP12300CE,OFSS,24SEP2026,1230000.000000,100,OPTSTK,BFO,5.000000,8000,False
858172,APLAPOLLO26SEP1980CE,APLAPOLLO,24SEP2026,198000.000000,350,OPTSTK,BFO,5.000000,100000000,False
858200,DRREDDY26SEP1180CE,DRREDDY,24SEP2026,118000.000000,625,OPTSTK,BFO,5.000000,5000,False
858227,LODHA26SEP1360PE,LODHA,24SEP2026,136000.000000,625,OPTSTK,BFO,5.000000,100000000,False
858235,OFSS26SEP12000PE,OFSS,24SEP2026,1200000.000000,100,OPTSTK,BFO,5.000000,8000,False
858287,KFINTECH26SEP1040CE,KFINTECH,24SEP2026,104000.000000,575,OPTSTK,BFO,5.000000,100000000,False
858345,DRREDDY26SEP1160CE,DRREDDY,24SEP2026,116000.000000,625,OPTSTK,BFO,5.000000,5000,False
858355,NATIONALUM26SEP430CE,NATIONALUM,24SEP2026,43000.000000,1875,OPTSTK,BFO,5.000000,300000,False
858378,VOLTAS26SEP1480CE,VOLTAS,24SEP2026,148000.000000,375,OPTSTK,BFO,5.000000,30000,False
858385,KALYANKJIL26SEP515PE,KALYANKJIL,24SEP2026,51500.000000,1350,OPTSTK,BFO,5.000000,100000000,False
858394,DRREDDY26SEP1160PE,DRREDDY,24SEP2026,116000.000000,625,OPTSTK,BFO,5.000000,5000,False
858425,GODREJPROP26SEP2300CE,GODREJPROP,24SEP2026,230000.000000,325,OPTSTK,BFO,5.000000,19000,False
858459,KALYANKJIL26SEP545PE,KALYANKJIL,24SEP2026,54500.000000,1350,OPTSTK,BFO,5.000000,100000000,False
858480,FOCIT26SEP42500CE,FOCIT,24SEP2026,4250000.000000,45,OPTIDX,BFO,5.000000,1350,False
858481,BLUESTARCO26SEP1820CE,BLUESTARCO,24SEP2026,182000.000000,325,OPTSTK,BFO,5.000000,100000000,False
858488,KALYANKJIL26SEP515CE,KALYANKJIL,24SEP2026,51500.000000,1350,OPTSTK,BFO,5.000000,100000000,False
858489,PGEL26SEP670CE,PGEL,24SEP2026,67000.000000,950,OPTSTK,BFO,5.000000,100000000,False
858500,KALYANKJIL26SEP530PE,KALYANKJIL,24SEP2026,53000.000000,1350,OPTSTK,BFO,5.000000,100000000,False
858504,TORNTPHARM26SEP5300PE,TORNTPHARM,24SEP2026,530000.000000,125,OPTSTK,BFO,5.000000,15000,False
858512,BANDHANBNK26SEP250CE,BANDHANBNK,24SEP2026,25000.000000,3600,OPTSTK,BFO,5.000000,100000,False
858514,LAURUSLABS26SEP1700CE,LAURUSLABS,24SEP2026,170000.000000,850,OPTSTK,BFO,5.000000,68000,False
858521,HCLTECH26SEP1250PE,HCLTECH,24SEP2026,125000.000000,400,OPTSTK,BFO,5.000000,21000,False
858549,LTM26SEP4450CE,LTM,24SEP2026,445000.000000,150,OPTSTK,BFO,5.000000,4500,False
858561,CONCOR26SEP530PE,CONCOR,24SEP2026,53000.000000,1250,OPTSTK,BFO,5.000000,40000,False
858576,KALYANKJIL26SEP560PE,KALYANKJIL,24SEP2026,56000.000000,1350,OPTSTK,BFO,5.000000,100000000,False
858594,OIL26SEP475CE,OIL,24SEP2026,47500.000000,1400,OPTSTK,BFO,5.000000,100000000,False
858602,BIOCON26SEP470CE,BIOCON,24SEP2026,47000.000000,2500,OPTSTK,BFO,5.000000,100000,False
858608,LT26SEP3500PE,LT,24SEP2026,350000.000000,175,OPTSTK,BFO,5.000000,12000,False
858618,ADANIGREEN26SEP1740CE,ADANIGREEN,24SEP2026,174000.000000,600,OPTSTK,BFO,5.000000,100000000,False
858622,ADANIENSOL26SEP1820CE,ADANIENSOL,24SEP2026,182000.000000,675,OPTSTK,BFO,5.000000,100000000,False
858651,BDL26SEP1140CE,BDL,24SEP2026,114000.000000,425,OPTSTK,BFO,5.000000,100000000,False
858699,SBICARD26SEP700PE,SBICARD,24SEP2026,70000.000000,800,OPTSTK,BFO,5.000000,32000,False
858742,VOLTAS26SEP1520PE,VOLTAS,24SEP2026,152000.000000,375,OPTSTK,BFO,5.000000,30000,False
858775,LT26SEP3450PE,LT,24SEP2026,345000.000000,175,OPTSTK,BFO,5.000000,12000,False
858754,SENSEX27DEC76000CE,SENSEX,30DEC2027,7600000.000000,20,OPTIDX,BFO,5.000000,1000,False
858760,TATAELXSI26SEP3150CE,TATAELXSI,24SEP2026,315000.000000,125,OPTSTK,BFO,5.000000,100000000,False
858766,PATANJALI26SEP325PE,PATANJALI,24SEP2026,32500.000000,1075,OPTSTK,BFO,5.000000,100000000,False
858811,ABB26SEP7900PE,ABB,24SEP2026,790000.000000,125,OPTSTK,BFO,5.000000,7500,False
858830,KALYANKJIL26SEP585PE,KALYANKJIL,24SEP2026,58500.000000,1350,OPTSTK,BFO,5.000000,100000000,False
858839,SENSEX26DEC76000PE,SENSEX,31DEC2026,7600000.000000,20,OPTIDX,BFO,5.000000,1000,False
858851,BHEL26SEP455PE,BHEL,24SEP2026,45500.000000,2625,OPTSTK,BFO,5.000000,315000,False
858852,UNIONBANK26SEP190PE,UNIONBANK,24SEP2026,19000.000000,4425,OPTSTK,BFO,5.000000,100000000,False
858896,PATANJALI26SEP315CE,PATANJALI,24SEP2026,31500.000000,1075,OPTSTK,BFO,5.000000,100000000,False
858943,ABB26SEP8400CE,ABB,24SEP2026,840000.000000,125,OPTSTK,BFO,5.000000,7500,False
859210,ICICIGI26SEP1500PE,ICICIGI,24SEP2026,150000.000000,325,OPTSTK,BFO,5.000000,20000,False
859258,SENSEX27JUN76000CE,SENSEX,24JUN2027,7600000.000000,20,OPTIDX,BFO,5.000000,1000,False
859271,ICICIGI26SEP1580PE,ICICIGI,24SEP2026,158000.000000,325,OPTSTK,BFO,5.000000,20000,False
859332,DIXON26SEP15750CE,DIXON,24SEP2026,1575000.000000,50,OPTSTK,BFO,5.000000,6000,False
859356,BHEL26SEP465CE,BHEL,24SEP2026,46500.000000,2625,OPTSTK,BFO,5.000000,315000,False
859384,SUPREMEIND26SEP3850CE,SUPREMEIND,24SEP2026,385000.000000,175,OPTSTK,BFO,5.000000,100000000,False
859386,ABB26SEP8200CE,ABB,24SEP2026,820000.000000,125,OPTSTK,BFO,5.000000,7500,False
859387,VMM26SEP95CE,VMM,24SEP2026,9500.000000,4850,OPTSTK,BFO,5.000000,100000000,False
859462,PATANJALI26SEP300CE,PATANJALI,24SEP2026,30000.000000,1075,OPTSTK,BFO,5.000000,100000000,False
859488,KALYANKJIL26SEP605PE,KALYANKJIL,24SEP2026,60500.000000,1350,OPTSTK,BFO,5.000000,100000000,False
859528,FEDERALBNK26SEP370PE,FEDERALBNK,24SEP2026,37000.000000,2500,OPTSTK,BFO,5.000000,200000,False
859565,SBICARD26SEP720PE,SBICARD,24SEP2026,72000.000000,800,OPTSTK,BFO,5.000000,32000,False
859580,DRREDDY26SEP1140CE,DRREDDY,24SEP2026,114000.000000,625,OPTSTK,BFO,5.000000,5000,False
859618,CIPLA26SEP1350CE,CIPLA,24SEP2026,135000.000000,425,OPTSTK,BFO,5.000000,26000,False
859662,TCS26SEP2380CE,TCS,24SEP2026,238000.000000,225,OPTSTK,BFO,5.000000,7000,False
859667,PATANJALI26SEP310CE,PATANJALI,24SEP2026,31000.000000,1075,OPTSTK,BFO,5.000000,100000000,False
859696,CONCOR26SEP535CE,CONCOR,24SEP2026,53500.000000,1250,OPTSTK,BFO,5.000000,40000,False
859724,IDFCFIRSTB26SEP89CE,IDFCFIRSTB,24SEP2026,8900.000000,9275,OPTSTK,BFO,5.000000,450000,False
859727,HDFCBANK26SEP710CE,HDFCBANK,24SEP2026,71000.000000,650,OPTSTK,BFO,5.000000,16500,False
859766,JSWSTEEL26SEP1400CE,JSWSTEEL,24SEP2026,140000.000000,675,OPTSTK,BFO,5.000000,40500,False
859769,BHARATFORG26SEP2340PE,BHARATFORG,24SEP2026,234000.000000,500,OPTSTK,BFO,5.000000,30000,False
859811,OIL26SEP480PE,OIL,24SEP2026,48000.000000,1400,OPTSTK,BFO,5.000000,100000000,False
859812,BAJAJ-AUTO26SEP11200CE,BAJAJ-AUTO,24SEP2026,1120000.000000,75,OPTSTK,BFO,5.000000,5000,False
859833,EICHERMOT26SEP8400CE,EICHERMOT,24SEP2026,840000.000000,100,OPTSTK,BFO,5.000000,7000,False
859867,ADANIENSOL26SEP1880PE,ADANIENSOL,24SEP2026,188000.000000,675,OPTSTK,BFO,5.000000,100000000,False
859879,ULTRACEMCO26SEP12560PE,ULTRACEMCO,24SEP2026,1256000.000000,50,OPTSTK,BFO,5.000000,3000,False
859887,ULTRACEMCO26SEP12460CE,ULTRACEMCO,24SEP2026,1246000.000000,50,OPTSTK,BFO,5.000000,3000,False
859891,SONACOMS26SEP790PE,SONACOMS,24SEP2026,79000.000000,1225,OPTSTK,BFO,5.000000,100000000,False
859918,TVSMOTOR26SEP4100CE,TVSMOTOR,24SEP2026,410000.000000,175,OPTSTK,BFO,5.000000,21000,False
859973,HCLTECH26SEP1310CE,HCLTECH,24SEP2026,131000.000000,400,OPTSTK,BFO,5.000000,21000,False
859982,FEDERALBNK26SEP390CE,FEDERALBNK,24SEP2026,39000.000000,2500,OPTSTK,BFO,5.000000,200000,False
859992,MANAPPURAM26SEP385CE,MANAPPURAM,24SEP2026,38500.000000,3000,OPTSTK,BFO,5.000000,180000,False
860010,HDFCAMC26SEP2200PE,HDFCAMC,24SEP2026,220000.000000,300,OPTSTK,BFO,5.000000,12000,False
860015,MFSL26SEP1380CE,MFSL,24SEP2026,138000.000000,400,OPTSTK,BFO,5.000000,32000,False
860053,COCHINSHIP26SEP1220CE,COCHINSHIP,24SEP2026,122000.000000,400,OPTSTK,BFO,5.000000,100000000,False
860065,DRREDDY26SEP1120PE,DRREDDY,24SEP2026,112000.000000,625,OPTSTK,BFO,5.000000,5000,False
860076,HDFCBANK26SEP680CE,HDFCBANK,24SEP2026,68000.000000,650,OPTSTK,BFO,5.000000,16500,False
860106,MAZDOCK26SEP1950PE,MAZDOCK,24SEP2026,195000.000000,225,OPTSTK,BFO,5.000000,100000000,False
860152,ANGELONE26SEP275CE,ANGELONE,24SEP2026,27500.000000,2500,OPTSTK,BFO,5.000000,100000000,False
860155,DIVISLAB26SEP8100PE,DIVISLAB,24SEP2026,810000.000000,100,OPTSTK,BFO,5.000000,8000,False
860187,KALYANKJIL26SEP625PE,KALYANKJIL,24SEP2026,62500.000000,1350,OPTSTK,BFO,5.000000,100000000,False
860196,POLICYBZR26SEP1400CE,POLICYBZR,24SEP2026,140000.000000,350,OPTSTK,BFO,5.000000,100000000,False
860301,BAJAJ-AUTO26SEP11800CE,BAJAJ-AUTO,24SEP2026,1180000.000000,75,OPTSTK,BFO,5.000000,5000,False
860334,TIINDIA26SEP2450CE,TIINDIA,24SEP2026,245000.000000,200,OPTSTK,BFO,5.000000,100000000,False
860350,POLICYBZR26SEP1380CE,POLICYBZR,24SEP2026,138000.000000,350,OPTSTK,BFO,5.000000,100000000,False
860358,CIPLA26SEP1330CE,CIPLA,24SEP2026,133000.000000,425,OPTSTK,BFO,5.000000,26000,False
860443,M&M26SEP3600CE,M&M,24SEP2026,360000.000000,200,OPTSTK,BFO,5.000000,21000,False
860453,SRF26SEP2300CE,SRF,24SEP2026,230000.000000,200,OPTSTK,BFO,5.000000,11250,False
860507,DRREDDY26SEP1100CE,DRREDDY,24SEP2026,110000.000000,625,OPTSTK,BFO,5.000000,5000,False
860517,ADANIGREEN26SEP1280CE,ADANIGREEN,24SEP2026,128000.000000,600,OPTSTK,BFO,5.000000,100000000,False
860548,IDEA26SEP6PE,IDEA,24SEP2026,600.000000,71475,OPTSTK,BFO,5.000000,2400000,False
860558,M&M26SEP3600PE,M&M,24SEP2026,360000.000000,200,OPTSTK,BFO,5.000000,21000,False
860570,IDEA26SEP6CE,IDEA,24SEP2026,600.000000,71475,OPTSTK,BFO,5.000000,2400000,False
860620,OIL26SEP495CE,OIL,24SEP2026,49500.000000,1400,OPTSTK,BFO,5.000000,100000000,False
860626,GMRAIRPORT26SEP100PE,GMRAIRPORT,24SEP2026,10000.000000,6975,OPTSTK,BFO,5.000000,675000,False
860711,SRF26SEP2250CE,SRF,24SEP2026,225000.000000,200,OPTSTK,BFO,5.000000,11250,False
860753,BANDHANBNK26SEP135CE,BANDHANBNK,24SEP2026,13500.000000,3600,OPTSTK,BFO,5.000000,100000,False
860784,HCLTECH26SEP1340CE,HCLTECH,24SEP2026,134000.000000,400,OPTSTK,BFO,5.000000,21000,False
860870,DRREDDY26SEP1080CE,DRREDDY,24SEP2026,108000.000000,625,OPTSTK,BFO,5.000000,5000,False
860898,MOTILALOFS26SEP720CE,MOTILALOFS,24SEP2026,72000.000000,775,OPTSTK,BFO,5.000000,100000000,False
860925,IEX26SEP145PE,IEX,24SEP2026,14500.000000,4350,OPTSTK,BFO,5.000000,150000,False
860942,LAURUSLABS26SEP1800PE,LAURUSLABS,24SEP2026,180000.000000,850,OPTSTK,BFO,5.000000,68000,False
860960,LTM26SEP4500CE,LTM,24SEP2026,450000.000000,150,OPTSTK,BFO,5.000000,4500,False
860998,MANAPPURAM26SEP395CE,MANAPPURAM,24SEP2026,39500.000000,3000,OPTSTK,BFO,5.000000,180000,False
861024,CONCOR26SEP545PE,CONCOR,24SEP2026,54500.000000,1250,OPTSTK,BFO,5.000000,40000,False
861069,HCLTECH26SEP1390CE,HCLTECH,24SEP2026,139000.000000,400,OPTSTK,BFO,5.000000,21000,False
861188,COALINDIA26SEP385PE,COALINDIA,24SEP2026,38500.000000,1350,OPTSTK,BFO,5.000000,126000,False
861210,RELIANCE26SEP1200PE,RELIANCE,24SEP2026,120000.000000,500,OPTSTK,BFO,5.000000,10000,False
861220,COFORGE26SEP1720PE,COFORGE,24SEP2026,172000.000000,475,OPTSTK,BFO,5.000000,6000,False
861259,MANKIND26SEP2740CE,MANKIND,24SEP2026,274000.000000,250,OPTSTK,BFO,5.000000,100000000,False
861278,MARICO26SEP940PE,MARICO,24SEP2026,94000.000000,1200,OPTSTK,BFO,5.000000,48000,False
861292,RVNL26SEP185PE,RVNL,24SEP2026,18500.000000,1925,OPTSTK,BFO,5.000000,100000000,False
861293,FOCIT26SEP43500PE,FOCIT,24SEP2026,4350000.000000,45,OPTIDX,BFO,5.000000,1350,False
861323,CONCOR26SEP555CE,CONCOR,24SEP2026,55500.000000,1250,OPTSTK,BFO,5.000000,40000,False
861397,LODHA26SEP1440CE,LODHA,24SEP2026,144000.000000,625,OPTSTK,BFO,5.000000,100000000,False
861426,BAJAJ-AUTO26SEP12100CE,BAJAJ-AUTO,24SEP2026,1210000.000000,75,OPTSTK,BFO,5.000000,5000,False
861401,INDUSTOWER26SEP331PE,INDUSTOWER,24SEP2026,33100.000000,1700,OPTSTK,BFO,5.000000,170000,False
861440,KEI26SEP4100CE,KEI,24SEP2026,410000.000000,175,OPTSTK,BFO,5.000000,100000000,False
861496,SUZLON26SEP41CE,SUZLON,24SEP2026,4100.000000,12700,OPTSTK,BFO,5.000000,100000000,False
861521,BSE26SEP2300PE,BSE,29SEP2026,230000.000000,200,OPTSTK,BFO,5.000000,3751,False
861535,BSE26OCT1600PE,BSE,27OCT2026,160000.000000,200,OPTSTK,BFO,5.000000,3751,False
861537,BSE26OCT1800PE,BSE,27OCT2026,180000.000000,200,OPTSTK,BFO,5.000000,3751,False
861548,BSE26OCT3000CE,BSE,27OCT2026,300000.000000,200,OPTSTK,BFO,5.000000,3751,False
861550,BSE26OCT3200CE,BSE,27OCT2026,320000.000000,200,OPTSTK,BFO,5.000000,3751,False
861551,BSE26OCT3200PE,BSE,27OCT2026,320000.000000,200,OPTSTK,BFO,5.000000,3751,False
861576,CDSL26OCTFUT,CDSL,27OCT2026,0.000000,475,FUTSTK,BFO,5.000000,14001,False
861639,CDSL26OCT1360CE,CDSL,27OCT2026,136000.000000,475,OPTSTK,BFO,5.000000,14001,False
861658,CDSL26OCT1720PE,CDSL,27OCT2026,172000.000000,475,OPTSTK,BFO,5.000000,14001,False
861689,RADICO26SEP4700PE,RADICO,24SEP2026,470000.000000,150,OPTSTK,BFO,5.000000,100000000,False
861692,DIVISLAB26SEP8500CE,DIVISLAB,24SEP2026,850000.000000,100,OPTSTK,BFO,5.000000,8000,False
861718,JSWSTEEL26SEP1420CE,JSWSTEEL,24SEP2026,142000.000000,675,OPTSTK,BFO,5.000000,40500,False
861737,COFORGE26SEP1860PE,COFORGE,24SEP2026,186000.000000,475,OPTSTK,BFO,5.000000,6000,False
861770,ULTRACEMCO26SEP12300CE,ULTRACEMCO,24SEP2026,1230000.000000,50,OPTSTK,BFO,5.000000,3000,False
861783,KAYNES26SEP3900CE,KAYNES,24SEP2026,390000.000000,150,OPTSTK,BFO,5.000000,100000000,False
861800,SUZLON26SEP40CE,SUZLON,24SEP2026,4000.000000,12700,OPTSTK,BFO,5.000000,100000000,False
861804,JSWSTEEL26SEP1420PE,JSWSTEEL,24SEP2026,142000.000000,675,OPTSTK,BFO,5.000000,40500,False
861805,JIOFIN26SEP265PE,JIOFIN,24SEP2026,26500.000000,2350,OPTSTK,BFO,5.000000,100000000,False
861820,TVSMOTOR26SEP4400CE,TVSMOTOR,24SEP2026,440000.000000,175,OPTSTK,BFO,5.000000,21000,False
861827,COFORGE26SEP1840CE,COFORGE,24SEP2026,184000.000000,475,OPTSTK,BFO,5.000000,6000,False
861851,ULTRACEMCO26SEP11600CE,ULTRACEMCO,24SEP2026,1160000.000000,50,OPTSTK,BFO,5.000000,3000,False
861857,LODHA26SEP1460PE,LODHA,24SEP2026,146000.000000,625,OPTSTK,BFO,5.000000,100000000,False
861884,DIVISLAB26SEP8300CE,DIVISLAB,24SEP2026,830000.000000,100,OPTSTK,BFO,5.000000,8000,False
861890,ULTRACEMCO26SEP11100CE,ULTRACEMCO,24SEP2026,1110000.000000,50,OPTSTK,BFO,5.000000,3000,False
861985,HCLTECH26SEP1410PE,HCLTECH,24SEP2026,141000.000000,400,OPTSTK,BFO,5.000000,21000,False
861988,KAYNES26SEP4000CE,KAYNES,24SEP2026,400000.000000,150,OPTSTK,BFO,5.000000,100000000,False
861991,KALYANKJIL26SEP665PE,KALYANKJIL,24SEP2026,66500.000000,1350,OPTSTK,BFO,5.000000,100000000,False
861995,NESTLEIND26SEP1570CE,NESTLEIND,24SEP2026,157000.000000,500,OPTSTK,BFO,5.000000,1200,False
862011,ULTRACEMCO26SEP11400CE,ULTRACEMCO,24SEP2026,1140000.000000,50,OPTSTK,BFO,5.000000,3000,False
862045,FOCIT26SEP30600PE,FOCIT,24SEP2026,3060000.000000,45,OPTIDX,BFO,5.000000,1350,False
862049,FOCIT26SEP32900PE,FOCIT,24SEP2026,3290000.000000,45,OPTIDX,BFO,5.000000,1350,False
862062,MARUTI26OCT14200CE,MARUTI,29OCT2026,1420000.000000,50,OPTSTK,BFO,5.000000,3000,False
862069,PGEL26OCT540CE,PGEL,29OCT2026,54000.000000,950,OPTSTK,BFO,5.000000,100000000,False
862073,FOCIT26SEP44300PE,FOCIT,24SEP2026,4430000.000000,45,OPTIDX,BFO,5.000000,1350,False
862075,NESTLEIND26OCT1450PE,NESTLEIND,29OCT2026,145000.000000,500,OPTSTK,BFO,5.000000,1200,False
862089,ETERNAL26OCT300PE,ETERNAL,29OCT2026,30000.000000,2425,OPTSTK,BFO,5.000000,100000000,False
862096,IRFC26OCT87PE,IRFC,29OCT2026,8700.000000,5425,OPTSTK,BFO,5.000000,100000000,False
862133,ASTRAL26OCT1480PE,ASTRAL,29OCT2026,148000.000000,425,OPTSTK,BFO,5.000000,14680,False
862134,WAAREEENER26OCT2900PE,WAAREEENER,29OCT2026,290000.000000,175,OPTSTK,BFO,5.000000,100000000,False
862143,POWERINDIA26OCT27500PE,POWERINDIA,29OCT2026,2750000.000000,25,OPTSTK,BFO,5.000000,100000000,False
862145,AUBANK26OCT1140CE,AUBANK,29OCT2026,114000.000000,1000,OPTSTK,BFO,5.000000,30000,False
862154,GODREJPROP26OCT2260CE,GODREJPROP,29OCT2026,226000.000000,325,OPTSTK,BFO,5.000000,19000,False
862175,INDHOTEL26OCT800CE,INDHOTEL,29OCT2026,80000.000000,1000,OPTSTK,BFO,5.000000,60000,False
862159,CIPLA26OCT1530CE,CIPLA,29OCT2026,153000.000000,425,OPTSTK,BFO,5.000000,26000,False
862162,NTPC26OCT350CE,NTPC,29OCT2026,35000.000000,1500,OPTSTK,BFO,5.000000,150000,False
862166,SBIN26OCT1080CE,SBIN,29OCT2026,108000.000000,750,OPTSTK,BFO,5.000000,45000,False
862177,PFC26OCT405PE,PFC,29OCT2026,40500.000000,1300,OPTSTK,BFO,5.000000,124000,False
862187,INDIGO26OCT5800PE,INDIGO,29OCT2026,580000.000000,150,OPTSTK,BFO,5.000000,12000,False
862189,DIXON26OCT15500PE,DIXON,29OCT2026,1550000.000000,50,OPTSTK,BFO,5.000000,6000,False
862191,ZYDUSLIFE26OCT1140PE,ZYDUSLIFE,29OCT2026,114000.000000,900,OPTSTK,BFO,5.000000,54000,False
862221,ANGELONE26OCT305PE,ANGELONE,29OCT2026,30500.000000,2500,OPTSTK,BFO,5.000000,100000000,False
862251,MAXHEALTH26OCT1100PE,MAXHEALTH,29OCT2026,110000.000000,525,OPTSTK,BFO,5.000000,100000000,False
862258,POWERINDIA26OCT31500PE,POWERINDIA,29OCT2026,3150000.000000,25,OPTSTK,BFO,5.000000,100000000,False
862284,PETRONET26OCT260CE,PETRONET,29OCT2026,26000.000000,1900,OPTSTK,BFO,5.000000,120000,False
862300,VMM26OCT90PE,VMM,29OCT2026,9000.000000,4850,OPTSTK,BFO,5.000000,100000000,False
862321,IRFC26OCT88CE,IRFC,29OCT2026,8800.000000,5425,OPTSTK,BFO,5.000000,100000000,False
862324,PREMIERENE26OCT1040CE,PREMIERENE,29OCT2026,104000.000000,650,OPTSTK,BFO,5.000000,100000000,False
862330,DIVISLAB26OCT8400CE,DIVISLAB,29OCT2026,840000.000000,100,OPTSTK,BFO,5.000000,8000,False
862347,TATACONSUM26OCT1100CE,TATACONSUM,29OCT2026,110000.000000,550,OPTSTK,BFO,5.000000,36000,False
862352,MUTHOOTFIN26OCT2750PE,MUTHOOTFIN,29OCT2026,275000.000000,275,OPTSTK,BFO,5.000000,22000,False
862357,AMBER26OCT7800PE,AMBER,29OCT2026,780000.000000,100,OPTSTK,BFO,5.000000,100000000,False
862366,COFORGE26OCTFUT,COFORGE,29OCT2026,0.000000,475,FUTSTK,BFO,5.000000,6000,False
862371,GAIL26OCT157.5CE,GAIL,29OCT2026,15750.000000,3550,OPTSTK,BFO,5.000000,274500,False
862376,JIOFIN26OCT232.5CE,JIOFIN,29OCT2026,23250.000000,2350,OPTSTK,BFO,5.000000,100000000,False
862403,FOCIT26OCT36500PE,FOCIT,29OCT2026,3650000.000000,45,OPTIDX,BFO,5.000000,1350,False
862407,BANKEX26OCT64400PE,BANKEX,29OCT2026,6440000.000000,30,OPTIDX,BFO,5.000000,900,False
862414,COALINDIA26OCT385CE,COALINDIA,29OCT2026,38500.000000,1350,OPTSTK,BFO,5.000000,126000,False
862421,APOLLOHOSP26OCT9400CE,APOLLOHOSP,29OCT2026,940000.000000,125,OPTSTK,BFO,5.000000,5000,False
862425,NAM-INDIA26OCTFUT,NAM-INDIA,29OCT2026,0.000000,625,FUTSTK,BFO,5.000000,100000000,False
862431,CROMPTON26OCT235CE,CROMPTON,29OCT2026,23500.000000,2150,OPTSTK,BFO,5.000000,90000,False
862436,SENSEX26OCT81400PE,SENSEX,29OCT2026,8140000.000000,20,OPTIDX,BFO,5.000000,1000,False
862439,UPL26OCT560CE,UPL,29OCT2026,56000.000000,1355,OPTSTK,BFO,5.000000,39000,False
862448,SHREECEM26OCT28000CE,SHREECEM,29OCT2026,2800000.000000,25,OPTSTK,BFO,5.000000,1000,False
862449,APLAPOLLO26OCT1800PE,APLAPOLLO,29OCT2026,180000.000000,350,OPTSTK,BFO,5.000000,100000000,False
862453,ITC26OCT285PE,ITC,29OCT2026,28500.000000,1725,OPTSTK,BFO,5.000000,64000,False
862459,HCLTECH26OCT1320PE,HCLTECH,29OCT2026,132000.000000,400,OPTSTK,BFO,5.000000,21000,False
862467,MPHASIS26OCT2650PE,MPHASIS,29OCT2026,265000.000000,275,OPTSTK,BFO,5.000000,11000,False
862481,DABUR26OCT410CE,DABUR,29OCT2026,41000.000000,1250,OPTSTK,BFO,5.000000,50000,False
862528,TRENT26OCT3150CE,TRENT,29OCT2026,315000.000000,225,OPTSTK,BFO,5.000000,16000,False
862533,LICI26OCT445PE,LICI,29OCT2026,44500.000000,1400,OPTSTK,BFO,5.000000,100000000,False
862535,LTM26OCT4200PE,LTM,29OCT2026,420000.000000,150,OPTSTK,BFO,5.000000,4500,False
862547,BAJAJHLDNG26OCT11600CE,BAJAJHLDNG,29OCT2026,1160000.000000,75,OPTSTK,BFO,5.000000,100000000,False
862560,IDEA26OCT14CE,IDEA,29OCT2026,1400.000000,71475,OPTSTK,BFO,5.000000,2400000,False
862574,SENSEX2691773900PE,SENSEX,17SEP2026,7390000.000000,20,OPTIDX,BFO,5.000000,1000,False
862578,JUBLFOOD26OCT410PE,JUBLFOOD,29OCT2026,41000.000000,1250,OPTSTK,BFO,5.000000,50000,False
862585,OFSS26OCT11400PE,OFSS,29OCT2026,1140000.000000,100,OPTSTK,BFO,5.000000,8000,False
862587,ABCAPITAL26OCT370CE,ABCAPITAL,29OCT2026,37000.000000,3100,OPTSTK,BFO,5.000000,162000,False
862608,PGEL26OCT580CE,PGEL,29OCT2026,58000.000000,950,OPTSTK,BFO,5.000000,100000000,False
862616,HEROMOTOCO26OCT5000CE,HEROMOTOCO,29OCT2026,500000.000000,150,OPTSTK,BFO,5.000000,9000,False
862638,CANBK26OCT115CE,CANBK,29OCT2026,11500.000000,6750,OPTSTK,BFO,5.000000,81000,False
862660,IREDA26OCT132.5CE,IREDA,29OCT2026,13250.000000,4525,OPTSTK,BFO,5.000000,100000000,False
862664,SBICARD26OCT620CE,SBICARD,29OCT2026,62000.000000,800,OPTSTK,BFO,5.000000,32000,False
862668,KOTAKBANK26OCT360PE,KOTAKBANK,29OCT2026,36000.000000,2000,OPTSTK,BFO,5.000000,12000,False
862672,AUBANK26OCT1180CE,AUBANK,29OCT2026,118000.000000,1000,OPTSTK,BFO,5.000000,30000,False
862677,KOTAKBANK26OCT365CE,KOTAKBANK,29OCT2026,36500.000000,2000,OPTSTK,BFO,5.000000,12000,False
862680,LT26OCT3700PE,LT,29OCT2026,370000.000000,175,OPTSTK,BFO,5.000000,12000,False
862683,UNOMINDA26OCT1260CE,UNOMINDA,29OCT2026,126000.000000,550,OPTSTK,BFO,5.000000,100000000,False
862690,SHRIRAMFIN26OCT1040PE,SHRIRAMFIN,29OCT2026,104000.000000,825,OPTSTK,BFO,5.000000,18000,False
862708,GODREJCP26OCT1030PE,GODREJCP,29OCT2026,103000.000000,500,OPTSTK,BFO,5.000000,30000,False
862710,PETRONET26OCT265PE,PETRONET,29OCT2026,26500.000000,1900,OPTSTK,BFO,5.000000,120000,False
862737,BAJAJHLDNG26OCT11000PE,BAJAJHLDNG,29OCT2026,1100000.000000,75,OPTSTK,BFO,5.000000,100000000,False
862745,FOCIT26SEP38100CE,FOCIT,24SEP2026,3810000.000000,45,OPTIDX,BFO,5.000000,1350,False
862747,MOTILALOFS26OCT980PE,MOTILALOFS,29OCT2026,98000.000000,775,OPTSTK,BFO,5.000000,100000000,False
862762,GRASIM26OCT3160PE,GRASIM,29OCT2026,316000.000000,250,OPTSTK,BFO,5.000000,14250,False
862772,ICICIPRULI26OCT525PE,ICICIPRULI,29OCT2026,52500.000000,925,OPTSTK,BFO,5.000000,60000,False
862780,BANKEX26OCT58300PE,BANKEX,29OCT2026,5830000.000000,30,OPTIDX,BFO,5.000000,900,False
862789,ICICIPRULI26OCT490CE,ICICIPRULI,29OCT2026,49000.000000,925,OPTSTK,BFO,5.000000,60000,False
862800,TCS26OCT2520CE,TCS,29OCT2026,252000.000000,225,OPTSTK,BFO,5.000000,7000,False
862807,PGEL26OCT580PE,PGEL,29OCT2026,58000.000000,950,OPTSTK,BFO,5.000000,100000000,False
862815,SENSEX2691784500PE,SENSEX,17SEP2026,8450000.000000,20,OPTIDX,BFO,5.000000,1000,False
862832,ETERNAL26OCT345PE,ETERNAL,29OCT2026,34500.000000,2425,OPTSTK,BFO,5.000000,100000000,False
862857,INDUSTOWER26OCT366PE,INDUSTOWER,29OCT2026,36600.000000,1700,OPTSTK,BFO,5.000000,170000,False
862861,SENSEX26OCT71600PE,SENSEX,29OCT2026,7160000.000000,20,OPTIDX,BFO,5.000000,1000,False
862871,SAIL26OCT170CE,SAIL,29OCT2026,17000.000000,4700,OPTSTK,BFO,5.000000,320000,False
862889,PAGEIND26OCT40000CE,PAGEIND,29OCT2026,4000000.000000,20,OPTSTK,BFO,5.000000,600,False
862898,RELIANCE26OCT1250CE,RELIANCE,29OCT2026,125000.000000,500,OPTSTK,BFO,5.000000,10000,False
862912,SRF26OCT2400PE,SRF,29OCT2026,240000.000000,200,OPTSTK,BFO,5.000000,11250,False
862913,AMBUJACEM26OCT420CE,AMBUJACEM,29OCT2026,42000.000000,1200,OPTSTK,BFO,5.000000,54000,False
862924,IDFCFIRSTB26OCT88CE,IDFCFIRSTB,29OCT2026,8800.000000,9275,OPTSTK,BFO,5.000000,450000,False
862943,APLAPOLLO26OCT1760CE,APLAPOLLO,29OCT2026,176000.000000,350,OPTSTK,BFO,5.000000,100000000,False
862952,CHOLAFIN26OCT1920PE,CHOLAFIN,29OCT2026,192000.000000,625,OPTSTK,BFO,5.000000,25000,False
862974,AMBER26OCT7000CE,AMBER,29OCT2026,700000.000000,100,OPTSTK,BFO,5.000000,100000000,False
862994,SBIN26OCT1000PE,SBIN,29OCT2026,100000.000000,750,OPTSTK,BFO,5.000000,45000,False
863002,FOCIT26OCT44400PE,FOCIT,29OCT2026,4440000.000000,45,OPTIDX,BFO,5.000000,1350,False
863012,HEROMOTOCO26OCT5300PE,HEROMOTOCO,29OCT2026,530000.000000,150,OPTSTK,BFO,5.000000,9000,False
863026,HAVELLS26OCT1160PE,HAVELLS,29OCT2026,116000.000000,500,OPTSTK,BFO,5.000000,20000,False
863044,TITAN26OCT4650PE,TITAN,29OCT2026,465000.000000,175,OPTSTK,BFO,5.000000,11250,False
863061,SENSEX2691775500PE,SENSEX,17SEP2026,7550000.000000,20,OPTIDX,BFO,5.000000,1000,False
863064,NAM-INDIA26OCT1000CE,NAM-INDIA,29OCT2026,100000.000000,625,OPTSTK,BFO,5.000000,100000000,False
863066,ADANIPORTS26SEP1540CE,ADANIPORTS,24SEP2026,154000.000000,475,OPTSTK,BFO,5.000000,32000,False
863071,SENSEX26OCT80900CE,SENSEX,29OCT2026,8090000.000000,20,OPTIDX,BFO,5.000000,1000,False
863073,HINDPETRO26OCT340.75PE,HINDPETRO,29OCT2026,34075.000000,2025,OPTSTK,BFO,5.000000,108000,False
863094,RECLTD26OCT400CE,RECLTD,29OCT2026,40000.000000,1575,OPTSTK,BFO,5.000000,160000,False
863096,PNBHOUSING26OCT900CE,PNBHOUSING,29OCT2026,90000.000000,650,OPTSTK,BFO,5.000000,100000000,False
863102,FOCIT26SEP33100CE,FOCIT,24SEP2026,3310000.000000,45,OPTIDX,BFO,5.000000,1350,False
863103,SENSEX2691771800PE,SENSEX,17SEP2026,7180000.000000,20,OPTIDX,BFO,5.000000,1000,False
863106,SENSEX2691782100CE,SENSEX,17SEP2026,8210000.000000,20,OPTIDX,BFO,5.000000,1000,False
863123,TATAELXSI26OCT3800CE,TATAELXSI,29OCT2026,380000.000000,125,OPTSTK,BFO,5.000000,100000000,False
863127,HCLTECH26OCT1420CE,HCLTECH,29OCT2026,142000.000000,400,OPTSTK,BFO,5.000000,21000,False
863139,SENSEX26OCT78600PE,SENSEX,29OCT2026,7860000.000000,20,OPTIDX,BFO,5.000000,1000,False
863141,ICICIGI26OCT1600PE,ICICIGI,29OCT2026,160000.000000,325,OPTSTK,BFO,5.000000,20000,False
863149,BHARATFORG26OCTFUT,BHARATFORG,29OCT2026,0.000000,500,FUTSTK,BFO,5.000000,30000,False
863159,BANKEX26OCT68200CE,BANKEX,29OCT2026,6820000.000000,30,OPTIDX,BFO,5.000000,900,False
863192,MFSL26OCT1420PE,MFSL,29OCT2026,142000.000000,400,OPTSTK,BFO,5.000000,32000,False
863195,FORCEMOT26OCT14500CE,FORCEMOT,29OCT2026,1450000.000000,25,OPTSTK,BFO,5.000000,100000000,False
863219,PATANJALI26OCT340CE,PATANJALI,29OCT2026,34000.000000,1075,OPTSTK,BFO,5.000000,100000000,False
863234,SENSEX26OCT81500CE,SENSEX,29OCT2026,8150000.000000,20,OPTIDX,BFO,5.000000,1000,False
863240,HINDUNILVR26OCT2020CE,HINDUNILVR,29OCT2026,202000.000000,300,OPTSTK,BFO,5.000000,9000,False
863252,SENSEX26OCT84900PE,SENSEX,29OCT2026,8490000.000000,20,OPTIDX,BFO,5.000000,1000,False
863281,MANKIND26OCT2580CE,MANKIND,29OCT2026,258000.000000,250,OPTSTK,BFO,5.000000,100000000,False
863304,JSWENERGY26OCT550CE,JSWENERGY,29OCT2026,55000.000000,1075,OPTSTK,BFO,5.000000,100000000,False
863308,DLF26OCT720CE,DLF,29OCT2026,72000.000000,950,OPTSTK,BFO,5.000000,49500,False
863312,CAMS26OCTFUT,CAMS,29OCT2026,0.000000,825,FUTSTK,BFO,5.000000,100000000,False
863316,SUZLON26OCT50PE,SUZLON,29OCT2026,5000.000000,12700,OPTSTK,BFO,5.000000,100000000,False
863349,WIPRO26OCT195PE,WIPRO,29OCT2026,19500.000000,3000,OPTSTK,BFO,5.000000,60000,False
863361,OBEROIRLTY26OCT1760CE,OBEROIRLTY,29OCT2026,176000.000000,350,OPTSTK,BFO,5.000000,28000,False
863368,SENSEX2691771700CE,SENSEX,17SEP2026,7170000.000000,20,OPTIDX,BFO,5.000000,1000,False
863387,NHPC26OCT72PE,NHPC,29OCT2026,7200.000000,6950,OPTSTK,BFO,5.000000,100000000,False
863398,ADANIGREEN26OCT1420CE,ADANIGREEN,29OCT2026,142000.000000,600,OPTSTK,BFO,5.000000,100000000,False
863400,HDFCBANK26OCT730PE,HDFCBANK,29OCT2026,73000.000000,650,OPTSTK,BFO,5.000000,16500,False
863410,PATANJALI26OCT340PE,PATANJALI,29OCT2026,34000.000000,1075,OPTSTK,BFO,5.000000,100000000,False
863423,OBEROIRLTY26OCT1680PE,OBEROIRLTY,29OCT2026,168000.000000,350,OPTSTK,BFO,5.000000,28000,False
863433,TATASTEEL26OCT185PE,TATASTEEL,29OCT2026,18500.000000,2750,OPTSTK,BFO,5.000000,220000,False
863440,RADICO26OCTFUT,RADICO,29OCT2026,0.000000,150,FUTSTK,BFO,5.000000,100000000,False
863443,FOCIT26SEP40900CE,FOCIT,24SEP2026,4090000.000000,45,OPTIDX,BFO,5.000000,1350,False
863448,SENSEX2691781700CE,SENSEX,17SEP2026,8170000.000000,20,OPTIDX,BFO,5.000000,1000,False
863463,TECHM26OCT1640PE,TECHM,29OCT2026,164000.000000,600,OPTSTK,BFO,5.000000,24000,False
863465,360ONE26OCT1000CE,,29OCT2026,100000.000000,500,OPTSTK,BFO,5.000000,100000000,False
863467,HAVELLS26OCT1280CE,HAVELLS,29OCT2026,128000.000000,500,OPTSTK,BFO,5.000000,20000,False
863469,MPHASIS26OCT2300CE,MPHASIS,29OCT2026,230000.000000,275,OPTSTK,BFO,5.000000,11000,False
863471,CONCOR26OCT490CE,CONCOR,29OCT2026,49000.000000,1250,OPTSTK,BFO,5.000000,40000,False
863481,TVSMOTOR26OCT4450PE,TVSMOTOR,29OCT2026,445000.000000,175,OPTSTK,BFO,5.000000,21000,False
863489,GODREJPROP26OCT2220PE,GODREJPROP,29OCT2026,222000.000000,325,OPTSTK,BFO,5.000000,19000,False
863490,MOTHERSON26OCT152.5PE,MOTHERSON,29OCT2026,15250.000000,6150,OPTSTK,BFO,5.000000,284000,False
863495,FOCIT26SEP36300PE,FOCIT,24SEP2026,3630000.000000,45,OPTIDX,BFO,5.000000,1350,False
863505,INDIGO26OCT4900PE,INDIGO,29OCT2026,490000.000000,150,OPTSTK,BFO,5.000000,12000,False
863525,FOCIT26OCT31600CE,FOCIT,29OCT2026,3160000.000000,45,OPTIDX,BFO,5.000000,1350,False
863529,FOCIT26OCT33900CE,FOCIT,29OCT2026,3390000.000000,45,OPTIDX,BFO,5.000000,1350,False
863548,ETERNAL26OCTFUT,ETERNAL,29OCT2026,0.000000,2425,FUTSTK,BFO,5.000000,100000000,False
863574,SIEMENS26OCT3650CE,SIEMENS,29OCT2026,365000.000000,175,OPTSTK,BFO,5.000000,8250,False
863575,LTM26OCT4600PE,LTM,29OCT2026,460000.000000,150,OPTSTK,BFO,5.000000,4500,False
863584,TECHM26OCT1700CE,TECHM,29OCT2026,170000.000000,600,OPTSTK,BFO,5.000000,24000,False
863591,HINDALCO26OCT1080PE,HINDALCO,29OCT2026,108000.000000,700,OPTSTK,BFO,5.000000,56000,False
863597,IRFC26OCT84PE,IRFC,29OCT2026,8400.000000,5425,OPTSTK,BFO,5.000000,100000000,False
863617,PNBHOUSING26OCT940CE,PNBHOUSING,29OCT2026,94000.000000,650,OPTSTK,BFO,5.000000,100000000,False
863624,OFSS26OCT11800PE,OFSS,29OCT2026,1180000.000000,100,OPTSTK,BFO,5.000000,8000,False
863625,VOLTAS26OCT1480PE,VOLTAS,29OCT2026,148000.000000,375,OPTSTK,BFO,5.000000,30000,False
863640,LICHSGFIN26OCT470CE,LICHSGFIN,29OCT2026,47000.000000,1000,OPTSTK,BFO,5.000000,60000,False
863656,SENSEX5026OCT26400CE,SENSEX50,29OCT2026,2640000.000000,75,OPTIDX,BFO,5.000000,1800,False
863667,DELHIVERY26OCT505CE,DELHIVERY,29OCT2026,50500.000000,2075,OPTSTK,BFO,5.000000,100000000,False
863671,BPCL26OCT330PE,BPCL,29OCT2026,33000.000000,1975,OPTSTK,BFO,5.000000,72000,False
863689,UNITDSPR26OCT1540PE,UNITDSPR,29OCT2026,154000.000000,400,OPTSTK,BFO,5.000000,28000,False
863705,MOTILALOFS26OCT800PE,MOTILALOFS,29OCT2026,80000.000000,775,OPTSTK,BFO,5.000000,100000000,False
863706,MFSL26OCT1460PE,MFSL,29OCT2026,146000.000000,400,OPTSTK,BFO,5.000000,32000,False
863733,ANGELONE26OCT315CE,ANGELONE,29OCT2026,31500.000000,2500,OPTSTK,BFO,5.000000,100000000,False
863790,SENSEX2691784000PE,SENSEX,17SEP2026,8400000.000000,20,OPTIDX,BFO,5.000000,1000,False
863821,NHPC26OCT78CE,NHPC,29OCT2026,7800.000000,6950,OPTSTK,BFO,5.000000,100000000,False
863827,LICI26OCT450CE,LICI,29OCT2026,45000.000000,1400,OPTSTK,BFO,5.000000,100000000,False
863830,MOTILALOFS26OCT860CE,MOTILALOFS,29OCT2026,86000.000000,775,OPTSTK,BFO,5.000000,100000000,False
863839,FOCIT26SEP31300PE,FOCIT,24SEP2026,3130000.000000,45,OPTIDX,BFO,5.000000,1350,False
863844,AMBER26OCT7500PE,AMBER,29OCT2026,750000.000000,100,OPTSTK,BFO,5.000000,100000000,False
863845,SENSEX2691782600PE,SENSEX,17SEP2026,8260000.000000,20,OPTIDX,BFO,5.000000,1000,False
863851,GLENMARK26OCT2280CE,GLENMARK,29OCT2026,228000.000000,375,OPTSTK,BFO,5.000000,43500,False
863856,POWERINDIA26OCT30500CE,POWERINDIA,29OCT2026,3050000.000000,25,OPTSTK,BFO,5.000000,100000000,False
863866,IOC26OCT155CE,IOC,29OCT2026,15500.000000,4875,OPTSTK,BFO,5.000000,292500,False
863886,CONCOR26OCT495PE,CONCOR,29OCT2026,49500.000000,1250,OPTSTK,BFO,5.000000,40000,False
863893,SENSEX2691783300CE,SENSEX,17SEP2026,8330000.000000,20,OPTIDX,BFO,5.000000,1000,False
863904,TATAPOWER26OCT380PE,TATAPOWER,29OCT2026,38000.000000,1450,OPTSTK,BFO,5.000000,101250,False
863907,OFSS26OCT10500PE,OFSS,29OCT2026,1050000.000000,100,OPTSTK,BFO,5.000000,8000,False
863914,GODFRYPHLP26OCT1800PE,GODFRYPHLP,29OCT2026,180000.000000,275,OPTSTK,BFO,5.000000,100000000,False
863920,ITC26OCT270CE,ITC,29OCT2026,27000.000000,1725,OPTSTK,BFO,5.000000,64000,False
863923,TORNTPHARM26OCT5200PE,TORNTPHARM,29OCT2026,520000.000000,125,OPTSTK,BFO,5.000000,15000,False
863944,GODFRYPHLP26OCT2250CE,GODFRYPHLP,29OCT2026,225000.000000,275,OPTSTK,BFO,5.000000,100000000,False
863946,HAL26OCT4300PE,HAL,29OCT2026,430000.000000,150,OPTSTK,BFO,5.000000,9000,False
863968,FOCIT26OCT33200CE,FOCIT,29OCT2026,3320000.000000,45,OPTIDX,BFO,5.000000,1350,False
864027,SENSEX2691773600PE,SENSEX,17SEP2026,7360000.000000,20,OPTIDX,BFO,5.000000,1000,False
863986,BANKEX26OCT70400PE,BANKEX,29OCT2026,7040000.000000,30,OPTIDX,BFO,5.000000,900,False
863995,GODREJPROP26OCT2260PE,GODREJPROP,29OCT2026,226000.000000,325,OPTSTK,BFO,5.000000,19000,False
864037,INOXWIND26OCT77.5PE,INOXWIND,29OCT2026,7750.000000,6400,OPTSTK,BFO,5.000000,100000000,False
864041,MANKIND26OCT2500PE,MANKIND,29OCT2026,250000.000000,250,OPTSTK,BFO,5.000000,100000000,False
864047,MCX26OCT3000CE,MCX,29OCT2026,300000.000000,225,OPTSTK,BFO,5.000000,16000,False
864063,MPHASIS26OCT2250CE,MPHASIS,29OCT2026,225000.000000,275,OPTSTK,BFO,5.000000,11000,False
864087,PREMIERENE26OCT1120CE,PREMIERENE,29OCT2026,112000.000000,650,OPTSTK,BFO,5.000000,100000000,False
864096,SENSEX26OCT72100PE,SENSEX,29OCT2026,7210000.000000,20,OPTIDX,BFO,5.000000,1000,False
864098,FOCIT26SEP42800PE,FOCIT,24SEP2026,4280000.000000,45,OPTIDX,BFO,5.000000,1350,False
864099,ANGELONE26OCT260CE,ANGELONE,29OCT2026,26000.000000,2500,OPTSTK,BFO,5.000000,100000000,False
864138,FOCIT26OCT39500PE,FOCIT,29OCT2026,3950000.000000,45,OPTIDX,BFO,5.000000,1350,False
864145,ALKEM26OCT6000PE,ALKEM,29OCT2026,600000.000000,125,OPTSTK,BFO,5.000000,8000,False
864149,AMBUJACEM26OCTFUT,AMBUJACEM,29OCT2026,0.000000,1200,FUTSTK,BFO,5.000000,54000,False
864162,INFY26OCT1200CE,INFY,29OCT2026,120000.000000,400,OPTSTK,BFO,5.000000,16000,False
864176,NBCC26OCT90CE,NBCC,29OCT2026,9000.000000,6500,OPTSTK,BFO,5.000000,100000000,False
864190,COCHINSHIP26OCT1540CE,COCHINSHIP,29OCT2026,154000.000000,400,OPTSTK,BFO,5.000000,100000000,False
864197,PFC26OCTFUT,PFC,29OCT2026,0.000000,1300,FUTSTK,BFO,5.000000,124000,False
864206,GRASIM26OCT3020PE,GRASIM,29OCT2026,302000.000000,250,OPTSTK,BFO,5.000000,14250,False
864209,SWIGGY26OCT320PE,SWIGGY,29OCT2026,32000.000000,1825,OPTSTK,BFO,5.000000,100000000,False
864220,PIIND26OCT2700CE,PIIND,29OCT2026,270000.000000,175,OPTSTK,BFO,5.000000,7500,False
864222,ADANIPOWER26OCT240PE,ADANIPOWER,29OCT2026,24000.000000,3550,OPTSTK,BFO,5.000000,100000000,False
864223,WIPRO26OCT197.5CE,WIPRO,29OCT2026,19750.000000,3000,OPTSTK,BFO,5.000000,60000,False
864227,HAVELLS26OCT1200PE,HAVELLS,29OCT2026,120000.000000,500,OPTSTK,BFO,5.000000,20000,False
864228,SENSEX5026OCT26350CE,SENSEX50,29OCT2026,2635000.000000,75,OPTIDX,BFO,5.000000,1800,False
864229,APOLLOHOSP26OCT9400PE,APOLLOHOSP,29OCT2026,940000.000000,125,OPTSTK,BFO,5.000000,5000,False
864241,NTPC26OCT345CE,NTPC,29OCT2026,34500.000000,1500,OPTSTK,BFO,5.000000,150000,False
864246,FOCIT26OCT41200PE,FOCIT,29OCT2026,4120000.000000,45,OPTIDX,BFO,5.000000,1350,False
864248,SENSEX2691779500CE,SENSEX,17SEP2026,7950000.000000,20,OPTIDX,BFO,5.000000,1000,False
864253,ICICIGI26OCT1740CE,ICICIGI,29OCT2026,174000.000000,325,OPTSTK,BFO,5.000000,20000,False
864264,FOCIT26SEP39800PE,FOCIT,24SEP2026,3980000.000000,45,OPTIDX,BFO,5.000000,1350,False
864274,EICHERMOT26OCT8600CE,EICHERMOT,29OCT2026,860000.000000,100,OPTSTK,BFO,5.000000,7000,False
864284,FORCEMOT26OCT18000PE,FORCEMOT,29OCT2026,1800000.000000,25,OPTSTK,BFO,5.000000,100000000,False
864285,TVSMOTOR26OCT4200PE,TVSMOTOR,29OCT2026,420000.000000,175,OPTSTK,BFO,5.000000,21000,False
864286,SENSEX5026OCT26000PE,SENSEX50,29OCT2026,2600000.000000,75,OPTIDX,BFO,5.000000,1800,False
864308,BAJAJ-AUTO26OCT11200CE,BAJAJ-AUTO,29OCT2026,1120000.000000,75,OPTSTK,BFO,5.000000,5000,False
864316,VOLTAS26OCT1320PE,VOLTAS,29OCT2026,132000.000000,375,OPTSTK,BFO,5.000000,30000,False
864320,COALINDIA26OCT440PE,COALINDIA,29OCT2026,44000.000000,1350,OPTSTK,BFO,5.000000,126000,False
864327,BANKEX26OCT59600CE,BANKEX,29OCT2026,5960000.000000,30,OPTIDX,BFO,5.000000,900,False
864357,EICHERMOT26OCT7900PE,EICHERMOT,29OCT2026,790000.000000,100,OPTSTK,BFO,5.000000,7000,False
864370,TRENT26OCT3300CE,TRENT,29OCT2026,330000.000000,225,OPTSTK,BFO,5.000000,16000,False
864377,FOCIT26SEP43800PE,FOCIT,24SEP2026,4380000.000000,45,OPTIDX,BFO,5.000000,1350,False
864389,WIPRO26OCT172.5PE,WIPRO,29OCT2026,17250.000000,3000,OPTSTK,BFO,5.000000,60000,False
864390,BANKEX26OCT60600PE,BANKEX,29OCT2026,6060000.000000,30,OPTIDX,BFO,5.000000,900,False
864398,DIXON26OCT13000CE,DIXON,29OCT2026,1300000.000000,50,OPTSTK,BFO,5.000000,6000,False
864413,SUNPHARMA26OCT1960PE,SUNPHARMA,29OCT2026,196000.000000,350,OPTSTK,BFO,5.000000,28000,False
864420,SENSEX26OCT84300CE,SENSEX,29OCT2026,8430000.000000,20,OPTIDX,BFO,5.000000,1000,False
864430,JUBLFOOD26OCT405CE,JUBLFOOD,29OCT2026,40500.000000,1250,OPTSTK,BFO,5.000000,50000,False
864431,TIINDIA26OCT2400PE,TIINDIA,29OCT2026,240000.000000,200,OPTSTK,BFO,5.000000,100000000,False
864445,NESTLEIND26OCT1480PE,NESTLEIND,29OCT2026,148000.000000,500,OPTSTK,BFO,5.000000,1200,False
864448,UNITDSPR26SEP1660PE,UNITDSPR,24SEP2026,166000.000000,400,OPTSTK,BFO,5.000000,28000,False
864452,BANKEX26OCT70600PE,BANKEX,29OCT2026,7060000.000000,30,OPTIDX,BFO,5.000000,900,False
864471,UPL26OCT550PE,UPL,29OCT2026,55000.000000,1355,OPTSTK,BFO,5.000000,39000,False
864473,BANKINDIA26OCT150CE,BANKINDIA,29OCT2026,15000.000000,5200,OPTSTK,BFO,5.000000,100000000,False
864480,GODREJCP26OCT1100CE,GODREJCP,29OCT2026,110000.000000,500,OPTSTK,BFO,5.000000,30000,False
864481,LICHSGFIN26OCT490PE,LICHSGFIN,29OCT2026,49000.000000,1000,OPTSTK,BFO,5.000000,60000,False
864482,PAGEIND26OCT39000CE,PAGEIND,29OCT2026,3900000.000000,20,OPTSTK,BFO,5.000000,600,False
864490,OIL26OCT485PE,OIL,29OCT2026,48500.000000,1400,OPTSTK,BFO,5.000000,100000000,False
864502,MCX26OCT3050PE,MCX,29OCT2026,305000.000000,225,OPTSTK,BFO,5.000000,16000,False
864503,FOCIT26OCT43400CE,FOCIT,29OCT2026,4340000.000000,45,OPTIDX,BFO,5.000000,1350,False
864520,SBILIFE26OCT1800PE,SBILIFE,29OCT2026,180000.000000,375,OPTSTK,BFO,5.000000,22500,False
864523,AXISBANK26OCT1120PE,AXISBANK,29OCT2026,112000.000000,625,OPTSTK,BFO,5.000000,25000,False
864525,FOCIT26SEP42100PE,FOCIT,24SEP2026,4210000.000000,45,OPTIDX,BFO,5.000000,1350,False
864547,DABUR26OCT405CE,DABUR,29OCT2026,40500.000000,1250,OPTSTK,BFO,5.000000,50000,False
864548,PETRONET26OCT255PE,PETRONET,29OCT2026,25500.000000,1900,OPTSTK,BFO,5.000000,120000,False
864558,TCS26OCT2440CE,TCS,29OCT2026,244000.000000,225,OPTSTK,BFO,5.000000,7000,False
864581,NAUKRI26OCT1200CE,NAUKRI,29OCT2026,120000.000000,550,OPTSTK,BFO,5.000000,6000,False
864583,INOXWIND26OCT85PE,INOXWIND,29OCT2026,8500.000000,6400,OPTSTK,BFO,5.000000,100000000,False
864585,HDFCLIFE26OCT530CE,HDFCLIFE,29OCT2026,53000.000000,1100,OPTSTK,BFO,5.000000,44000,False
864589,DIXON26OCT14750PE,DIXON,29OCT2026,1475000.000000,50,OPTSTK,BFO,5.000000,6000,False
864608,PHOENIXLTD26OCT1960PE,PHOENIXLTD,29OCT2026,196000.000000,350,OPTSTK,BFO,5.000000,100000000,False
864623,UNOMINDA26OCT1320CE,UNOMINDA,29OCT2026,132000.000000,550,OPTSTK,BFO,5.000000,100000000,False
864624,BANKEX26OCT68800CE,BANKEX,29OCT2026,6880000.000000,30,OPTIDX,BFO,5.000000,900,False
864674,PREMIERENE26OCT1080PE,PREMIERENE,29OCT2026,108000.000000,650,OPTSTK,BFO,5.000000,100000000,False
864679,LT26OCT4050CE,LT,29OCT2026,405000.000000,175,OPTSTK,BFO,5.000000,12000,False
864682,SENSEX26OCT84600PE,SENSEX,29OCT2026,8460000.000000,20,OPTIDX,BFO,5.000000,1000,False
864705,INFY26OCT1080CE,INFY,29OCT2026,108000.000000,400,OPTSTK,BFO,5.000000,16000,False
864712,GVT&D26OCT3800PE,GVT&D,29OCT2026,380000.000000,125,OPTSTK,BFO,5.000000,100000000,False
864719,ZYDUSLIFE26OCT1070CE,ZYDUSLIFE,29OCT2026,107000.000000,900,OPTSTK,BFO,5.000000,54000,False
864728,GRASIM26OCT3060PE,GRASIM,29OCT2026,306000.000000,250,OPTSTK,BFO,5.000000,14250,False
864734,GODREJPROP26OCT2100PE,GODREJPROP,29OCT2026,210000.000000,325,OPTSTK,BFO,5.000000,19000,False
864735,ABB26OCT7800CE,ABB,29OCT2026,780000.000000,125,OPTSTK,BFO,5.000000,7500,False
864738,BHARATFORG26OCT2180PE,BHARATFORG,29OCT2026,218000.000000,500,OPTSTK,BFO,5.000000,30000,False
864739,TATACONSUM26OCT1130CE,TATACONSUM,29OCT2026,113000.000000,550,OPTSTK,BFO,5.000000,36000,False
864746,HAVELLS26OCT1400PE,HAVELLS,29OCT2026,140000.000000,500,OPTSTK,BFO,5.000000,20000,False
864764,HAVELLS26OCT1240PE,HAVELLS,29OCT2026,124000.000000,500,OPTSTK,BFO,5.000000,20000,False
864770,JUBLFOOD26OCT440CE,JUBLFOOD,29OCT2026,44000.000000,1250,OPTSTK,BFO,5.000000,50000,False
864775,FOCIT26OCT43700PE,FOCIT,29OCT2026,4370000.000000,45,OPTIDX,BFO,5.000000,1350,False
864793,POWERINDIA26OCT30000CE,POWERINDIA,29OCT2026,3000000.000000,25,OPTSTK,BFO,5.000000,100000000,False
864798,MARUTI26OCTFUT,MARUTI,29OCT2026,0.000000,50,FUTSTK,BFO,5.000000,3000,False
864799,JINDALSTEL26OCT1040CE,JINDALSTEL,29OCT2026,104000.000000,625,OPTSTK,BFO,5.000000,37500,False
864804,LTF26OCT285CE,LTF,29OCT2026,28500.000000,2250,OPTSTK,BFO,5.000000,267720,False
864832,HDFCLIFE26OCT535CE,HDFCLIFE,29OCT2026,53500.000000,1100,OPTSTK,BFO,5.000000,44000,False
864835,EICHERMOT26OCT7200PE,EICHERMOT,29OCT2026,720000.000000,100,OPTSTK,BFO,5.000000,7000,False
864837,CHOLAFIN26OCT1900CE,CHOLAFIN,29OCT2026,190000.000000,625,OPTSTK,BFO,5.000000,25000,False
864843,KOTAKBANK26OCT425PE,KOTAKBANK,29OCT2026,42500.000000,2000,OPTSTK,BFO,5.000000,12000,False
864849,CANBK26OCT117.5PE,CANBK,29OCT2026,11750.000000,6750,OPTSTK,BFO,5.000000,81000,False
864854,INOXWIND26OCT67.5CE,INOXWIND,29OCT2026,6750.000000,6400,OPTSTK,BFO,5.000000,100000000,False
864855,ASHOKLEY26OCT167.5CE,ASHOKLEY,29OCT2026,16750.000000,5000,OPTSTK,BFO,5.000000,150000,False
864869,TORNTPHARM26OCT4750PE,TORNTPHARM,29OCT2026,475000.000000,125,OPTSTK,BFO,5.000000,15000,False
864885,NHPC26OCT82CE,NHPC,29OCT2026,8200.000000,6950,OPTSTK,BFO,5.000000,100000000,False
864891,POWERGRID26OCT292.5CE,POWERGRID,29OCT2026,29250.000000,1900,OPTSTK,BFO,5.000000,108000,False
864892,SENSEX26OCT72200CE,SENSEX,29OCT2026,7220000.000000,20,OPTIDX,BFO,5.000000,1000,False
864898,HAVELLS26OCT1300CE,HAVELLS,29OCT2026,130000.000000,500,OPTSTK,BFO,5.000000,20000,False
864899,SENSEX26OCT74500CE,SENSEX,29OCT2026,7450000.000000,20,OPTIDX,BFO,5.000000,1000,False
864914,SIEMENS26OCT3600CE,SIEMENS,29OCT2026,360000.000000,175,OPTSTK,BFO,5.000000,8250,False
864915,CONCOR26OCT530PE,CONCOR,29OCT2026,53000.000000,1250,OPTSTK,BFO,5.000000,40000,False
864922,COFORGE26OCT1840PE,COFORGE,29OCT2026,184000.000000,475,OPTSTK,BFO,5.000000,6000,False
864923,CONCOR26OCT535CE,CONCOR,29OCT2026,53500.000000,1250,OPTSTK,BFO,5.000000,40000,False
864931,FOCIT26OCT39600CE,FOCIT,29OCT2026,3960000.000000,45,OPTIDX,BFO,5.000000,1350,False
864940,RBLBANK26OCT390CE,RBLBANK,29OCT2026,39000.000000,3175,OPTSTK,BFO,5.000000,150000,False
864958,SENSEX2691779100PE,SENSEX,17SEP2026,7910000.000000,20,OPTIDX,BFO,5.000000,1000,False
864979,HCLTECH26OCT1410CE,HCLTECH,29OCT2026,141000.000000,400,OPTSTK,BFO,5.000000,21000,False
865002,KPITTECH26OCT660CE,KPITTECH,29OCT2026,66000.000000,775,OPTSTK,BFO,5.000000,100000000,False
865012,MOTHERSON26OCT130CE,MOTHERSON,29OCT2026,13000.000000,6150,OPTSTK,BFO,5.000000,284000,False
865026,TRENT26OCT3250CE,TRENT,29OCT2026,325000.000000,225,OPTSTK,BFO,5.000000,16000,False
865038,BANKBARODA26OCT210PE,BANKBARODA,29OCT2026,21000.000000,2925,OPTSTK,BFO,5.000000,175500,False
865046,SENSEX5026OCT25250CE,SENSEX50,29OCT2026,2525000.000000,75,OPTIDX,BFO,5.000000,1800,False
865047,GODREJCP26OCT1140CE,GODREJCP,29OCT2026,114000.000000,500,OPTSTK,BFO,5.000000,30000,False
865061,ASHOKLEY26OCT167.5PE,ASHOKLEY,29OCT2026,16750.000000,5000,OPTSTK,BFO,5.000000,150000,False
865075,TATASTEEL26OCT170PE,TATASTEEL,29OCT2026,17000.000000,2750,OPTSTK,BFO,5.000000,220000,False
865079,AXISBANK26OCT1320PE,AXISBANK,29OCT2026,132000.000000,625,OPTSTK,BFO,5.000000,25000,False
865083,SENSEX2691783100PE,SENSEX,17SEP2026,8310000.000000,20,OPTIDX,BFO,5.000000,1000,False
865099,AXISBANK26OCT1160PE,AXISBANK,29OCT2026,116000.000000,625,OPTSTK,BFO,5.000000,25000,False
865110,BANKEX26OCT57800PE,BANKEX,29OCT2026,5780000.000000,30,OPTIDX,BFO,5.000000,900,False
865123,IDEA26OCT11PE,IDEA,29OCT2026,1100.000000,71475,OPTSTK,BFO,5.000000,2400000,False
865132,ANGELONE26OCTFUT,ANGELONE,29OCT2026,0.000000,2500,FUTSTK,BFO,5.000000,100000000,False
865150,ALKEM26OCT5700CE,ALKEM,29OCT2026,570000.000000,125,OPTSTK,BFO,5.000000,8000,False
865153,GVT&D26OCT4700CE,GVT&D,29OCT2026,470000.000000,125,OPTSTK,BFO,5.000000,100000000,False
865154,GLENMARK26OCT2240PE,GLENMARK,29OCT2026,224000.000000,375,OPTSTK,BFO,5.000000,43500,False
865174,M&M26OCT2950PE,M&M,29OCT2026,295000.000000,200,OPTSTK,BFO,5.000000,21000,False
865179,YESBANK26OCT29PE,YESBANK,29OCT2026,2900.000000,31100,OPTSTK,BFO,5.000000,100000000,False
865190,MAXHEALTH26OCT1170PE,MAXHEALTH,29OCT2026,117000.000000,525,OPTSTK,BFO,5.000000,100000000,False
865195,NAUKRI26OCT1320PE,NAUKRI,29OCT2026,132000.000000,550,OPTSTK,BFO,5.000000,6000,False
865221,VMM26OCT112.5CE,VMM,29OCT2026,11250.000000,4850,OPTSTK,BFO,5.000000,100000000,False
865224,ASHOKLEY26OCT170CE,ASHOKLEY,29OCT2026,17000.000000,5000,OPTSTK,BFO,5.000000,150000,False
865245,JIOFIN26OCT235PE,JIOFIN,29OCT2026,23500.000000,2350,OPTSTK,BFO,5.000000,100000000,False
865250,PIIND26OCT2950PE,PIIND,29OCT2026,295000.000000,175,OPTSTK,BFO,5.000000,7500,False
865254,PNBHOUSING26OCT1120PE,PNBHOUSING,29OCT2026,112000.000000,650,OPTSTK,BFO,5.000000,100000000,False
865255,NYKAA26OCT340PE,NYKAA,29OCT2026,34000.000000,3125,OPTSTK,BFO,5.000000,100000000,False
865259,FOCIT26SEP39300PE,FOCIT,24SEP2026,3930000.000000,45,OPTIDX,BFO,5.000000,1350,False
865260,HDFCBANK26OCT720PE,HDFCBANK,29OCT2026,72000.000000,650,OPTSTK,BFO,5.000000,16500,False
865265,AUROPHARMA26OCT1560PE,AUROPHARMA,29OCT2026,156000.000000,550,OPTSTK,BFO,5.000000,44000,False
865266,PERSISTENT26OCT6000PE,PERSISTENT,29OCT2026,600000.000000,125,OPTSTK,BFO,5.000000,5250,False
865270,APLAPOLLO26OCT1960PE,APLAPOLLO,29OCT2026,196000.000000,350,OPTSTK,BFO,5.000000,100000000,False
865271,MOTILALOFS26OCT720CE,MOTILALOFS,29OCT2026,72000.000000,775,OPTSTK,BFO,5.000000,100000000,False
865275,PATANJALI26OCT330PE,PATANJALI,29OCT2026,33000.000000,1075,OPTSTK,BFO,5.000000,100000000,False
865276,SBICARD26OCT650PE,SBICARD,29OCT2026,65000.000000,800,OPTSTK,BFO,5.000000,32000,False
865284,PAYTM26OCT1440CE,PAYTM,29OCT2026,144000.000000,725,OPTSTK,BFO,5.000000,100000000,False
865298,GODFRYPHLP26OCT2200CE,GODFRYPHLP,29OCT2026,220000.000000,275,OPTSTK,BFO,5.000000,100000000,False
865311,ALKEM26OCT6150PE,ALKEM,29OCT2026,615000.000000,125,OPTSTK,BFO,5.000000,8000,False
865319,HEROMOTOCO26OCT4800PE,HEROMOTOCO,29OCT2026,480000.000000,150,OPTSTK,BFO,5.000000,9000,False
865339,BOSCHLTD26OCT43000PE,BOSCHLTD,29OCT2026,4300000.000000,25,OPTSTK,BFO,5.000000,1500,False
865344,GAIL26OCT190PE,GAIL,29OCT2026,19000.000000,3550,OPTSTK,BFO,5.000000,274500,False
865358,TATACONSUM26OCT1090PE,TATACONSUM,29OCT2026,109000.000000,550,OPTSTK,BFO,5.000000,36000,False
865386,TRENT26OCT2850CE,TRENT,29OCT2026,285000.000000,225,OPTSTK,BFO,5.000000,16000,False
865391,SBIN26OCT1030PE,SBIN,29OCT2026,103000.000000,750,OPTSTK,BFO,5.000000,45000,False
865412,BANKEX26OCT60100PE,BANKEX,29OCT2026,6010000.000000,30,OPTIDX,BFO,5.000000,900,False
865413,LICI26OCT405CE,LICI,29OCT2026,40500.000000,1400,OPTSTK,BFO,5.000000,100000000,False
865433,SENSEX2691781600CE,SENSEX,17SEP2026,8160000.000000,20,OPTIDX,BFO,5.000000,1000,False
865435,SENSEX26OCT74700CE,SENSEX,29OCT2026,7470000.000000,20,OPTIDX,BFO,5.000000,1000,False
865442,LT26OCT3950PE,LT,29OCT2026,395000.000000,175,OPTSTK,BFO,5.000000,12000,False
865456,TATASTEEL26OCT187.5PE,TATASTEEL,29OCT2026,18750.000000,2750,OPTSTK,BFO,5.000000,220000,False
865464,MPHASIS26OCT2200CE,MPHASIS,29OCT2026,220000.000000,275,OPTSTK,BFO,5.000000,11000,False
865478,COFORGE26OCT1880PE,COFORGE,29OCT2026,188000.000000,475,OPTSTK,BFO,5.000000,6000,False
865479,SENSEX5026OCT26150PE,SENSEX50,29OCT2026,2615000.000000,75,OPTIDX,BFO,5.000000,1800,False
865497,OIL26OCT430CE,OIL,29OCT2026,43000.000000,1400,OPTSTK,BFO,5.000000,100000000,False
865502,BDL26OCT1120PE,BDL,29OCT2026,112000.000000,425,OPTSTK,BFO,5.000000,100000000,False
865506,INDIGO26OCT4800PE,INDIGO,29OCT2026,480000.000000,150,OPTSTK,BFO,5.000000,12000,False
865517,INDUSINDBK26OCT1080PE,INDUSINDBK,29OCT2026,108000.000000,700,OPTSTK,BFO,5.000000,20000,False
865518,FOCIT26OCT31500CE,FOCIT,29OCT2026,3150000.000000,45,OPTIDX,BFO,5.000000,1350,False
865545,SENSEX2691775600PE,SENSEX,17SEP2026,7560000.000000,20,OPTIDX,BFO,5.000000,1000,False
865546,VOLTAS26OCT1460CE,VOLTAS,29OCT2026,146000.000000,375,OPTSTK,BFO,5.000000,30000,False
865555,MCX26OCT2750CE,MCX,29OCT2026,275000.000000,225,OPTSTK,BFO,5.000000,16000,False
865561,BAJAJ-AUTO26OCT11000PE,BAJAJ-AUTO,29OCT2026,1100000.000000,75,OPTSTK,BFO,5.000000,5000,False
865572,AXISBANK26OCT1280CE,AXISBANK,29OCT2026,128000.000000,625,OPTSTK,BFO,5.000000,25000,False
865583,SBILIFE26OCTFUT,SBILIFE,29OCT2026,0.000000,375,FUTSTK,BFO,5.000000,22500,False
865590,LODHA26OCT1280CE,LODHA,29OCT2026,128000.000000,625,OPTSTK,BFO,5.000000,100000000,False
865604,VOLTAS26OCT1380PE,VOLTAS,29OCT2026,138000.000000,375,OPTSTK,BFO,5.000000,30000,False
865617,PATANJALI26OCT370CE,PATANJALI,29OCT2026,37000.000000,1075,OPTSTK,BFO,5.000000,100000000,False
865622,SENSEX26OCT78700PE,SENSEX,29OCT2026,7870000.000000,20,OPTIDX,BFO,5.000000,1000,False
865624,MFSL26OCT1440CE,MFSL,29OCT2026,144000.000000,400,OPTSTK,BFO,5.000000,32000,False
865625,NMDC26OCT79CE,NMDC,29OCT2026,7900.000000,6750,OPTSTK,BFO,5.000000,225000,False
865626,AXISBANK26OCT1360PE,AXISBANK,29OCT2026,136000.000000,625,OPTSTK,BFO,5.000000,25000,False
865627,FORTIS26OCT930PE,FORTIS,29OCT2026,93000.000000,775,OPTSTK,BFO,5.000000,100000000,False
865655,HYUNDAI26OCT2040CE,HYUNDAI,29OCT2026,204000.000000,275,OPTSTK,BFO,5.000000,100000000,False
865664,AMBER26OCT6800PE,AMBER,29OCT2026,680000.000000,100,OPTSTK,BFO,5.000000,100000000,False
865682,ALKEM26OCT5900CE,ALKEM,29OCT2026,590000.000000,125,OPTSTK,BFO,5.000000,8000,False
865684,SONACOMS26OCT830PE,SONACOMS,29OCT2026,83000.000000,1225,OPTSTK,BFO,5.000000,100000000,False
865685,GVT&D26OCT4900CE,GVT&D,29OCT2026,490000.000000,125,OPTSTK,BFO,5.000000,100000000,False
865690,TMPV26OCT305CE,TMPV,29OCT2026,30500.000000,1600,OPTSTK,BFO,5.000000,42750,False
865692,POLICYBZR26OCT1660PE,POLICYBZR,29OCT2026,166000.000000,350,OPTSTK,BFO,5.000000,100000000,False
865698,ETERNAL26OCT305CE,ETERNAL,29OCT2026,30500.000000,2425,OPTSTK,BFO,5.000000,100000000,False
865718,BHARTIARTL26OCT1960PE,BHARTIARTL,29OCT2026,196000.000000,475,OPTSTK,BFO,5.000000,28500,False
865742,ONGC26OCT250PE,ONGC,29OCT2026,25000.000000,2250,OPTSTK,BFO,5.000000,154000,False
865751,SENSEX2691779200CE,SENSEX,17SEP2026,7920000.000000,20,OPTIDX,BFO,5.000000,1000,False
865759,360ONE26OCT1120CE,,29OCT2026,112000.000000,500,OPTSTK,BFO,5.000000,100000000,False
865760,CGPOWER26OCT780CE,CGPOWER,29OCT2026,78000.000000,850,OPTSTK,BFO,5.000000,100000000,False
865775,GODFRYPHLP26OCT2250PE,GODFRYPHLP,29OCT2026,225000.000000,275,OPTSTK,BFO,5.000000,100000000,False
865790,BANKEX26OCT70900CE,BANKEX,29OCT2026,7090000.000000,30,OPTIDX,BFO,5.000000,900,False
865800,MOTILALOFS26OCT760CE,MOTILALOFS,29OCT2026,76000.000000,775,OPTSTK,BFO,5.000000,100000000,False
865813,MPHASIS26OCT2500PE,MPHASIS,29OCT2026,250000.000000,275,OPTSTK,BFO,5.000000,11000,False
865815,PATANJALI26OCT375CE,PATANJALI,29OCT2026,37500.000000,1075,OPTSTK,BFO,5.000000,100000000,False
865818,SENSEX2691778900PE,SENSEX,17SEP2026,7890000.000000,20,OPTIDX,BFO,5.000000,1000,False
865823,BOSCHLTD26OCT38500CE,BOSCHLTD,29OCT2026,3850000.000000,25,OPTSTK,BFO,5.000000,1500,False
865831,OBEROIRLTY26OCT1860CE,OBEROIRLTY,29OCT2026,186000.000000,350,OPTSTK,BFO,5.000000,28000,False
865852,BANKEX26OCT68600PE,BANKEX,29OCT2026,6860000.000000,30,OPTIDX,BFO,5.000000,900,False
865920,TCS26OCT2400PE,TCS,29OCT2026,240000.000000,225,OPTSTK,BFO,5.000000,7000,False
865922,LT26OCT4100PE,LT,29OCT2026,410000.000000,175,OPTSTK,BFO,5.000000,12000,False
865935,SBIN26OCT1060CE,SBIN,29OCT2026,106000.000000,750,OPTSTK,BFO,5.000000,45000,False
865936,INOXWIND26OCT67.5PE,INOXWIND,29OCT2026,6750.000000,6400,OPTSTK,BFO,5.000000,100000000,False
865948,ABCAPITAL26OCT405CE,ABCAPITAL,29OCT2026,40500.000000,3100,OPTSTK,BFO,5.000000,162000,False
865949,HAVELLS26OCT1380CE,HAVELLS,29OCT2026,138000.000000,500,OPTSTK,BFO,5.000000,20000,False
865970,CGPOWER26OCT780PE,CGPOWER,29OCT2026,78000.000000,850,OPTSTK,BFO,5.000000,100000000,False
865990,TATAPOWER26OCT375PE,TATAPOWER,29OCT2026,37500.000000,1450,OPTSTK,BFO,5.000000,101250,False
865992,MOTILALOFS26OCT920PE,MOTILALOFS,29OCT2026,92000.000000,775,OPTSTK,BFO,5.000000,100000000,False
866026,SENSEX2691771200PE,SENSEX,17SEP2026,7120000.000000,20,OPTIDX,BFO,5.000000,1000,False
866029,SENSEX2691773500PE,SENSEX,17SEP2026,7350000.000000,20,OPTIDX,BFO,5.000000,1000,False
866030,FOCIT26SEP37100CE,FOCIT,24SEP2026,3710000.000000,45,OPTIDX,BFO,5.000000,1350,False
866071,NBCC26OCT80CE,NBCC,29OCT2026,8000.000000,6500,OPTSTK,BFO,5.000000,100000000,False
866093,VEDL26OCT285CE,VEDL,29OCT2026,28500.000000,1150,OPTSTK,BFO,5.000000,80000,False
866094,TRENT26OCTFUT,TRENT,29OCT2026,0.000000,225,FUTSTK,BFO,5.000000,16000,False
866096,BLUESTARCO26OCTFUT,BLUESTARCO,29OCT2026,0.000000,325,FUTSTK,BFO,5.000000,100000000,False
866103,MARUTI26OCT13700PE,MARUTI,29OCT2026,1370000.000000,50,OPTSTK,BFO,5.000000,3000,False
866130,ICICIGI26OCT1580PE,ICICIGI,29OCT2026,158000.000000,325,OPTSTK,BFO,5.000000,20000,False
866149,SENSEX26OCT72900PE,SENSEX,29OCT2026,7290000.000000,20,OPTIDX,BFO,5.000000,1000,False
866151,VBL26OCT410PE,VBL,29OCT2026,41000.000000,1275,OPTSTK,BFO,5.000000,100000000,False
866153,BAJFINANCE26OCT1040PE,BAJFINANCE,29OCT2026,104000.000000,750,OPTSTK,BFO,5.000000,3750,False
866155,UNITDSPR26OCT1640PE,UNITDSPR,29OCT2026,164000.000000,400,OPTSTK,BFO,5.000000,28000,False
866163,INFY26OCT1100CE,INFY,29OCT2026,110000.000000,400,OPTSTK,BFO,5.000000,16000,False
866166,INDIANB26OCT850CE,INDIANB,29OCT2026,85000.000000,1000,OPTSTK,BFO,5.000000,100000000,False
866170,SENSEX26OCT82000PE,SENSEX,29OCT2026,8200000.000000,20,OPTIDX,BFO,5.000000,1000,False
866184,MOTILALOFS26SEP700CE,MOTILALOFS,24SEP2026,70000.000000,775,OPTSTK,BFO,5.000000,100000000,False
866190,SONACOMS26SEP830CE,SONACOMS,24SEP2026,83000.000000,1225,OPTSTK,BFO,5.000000,100000000,False
866199,VMM26OCT125PE,VMM,29OCT2026,12500.000000,4850,OPTSTK,BFO,5.000000,100000000,False
866204,DIXON26OCT16000CE,DIXON,29OCT2026,1600000.000000,50,OPTSTK,BFO,5.000000,6000,False
866225,MUTHOOTFIN26OCT3250CE,MUTHOOTFIN,29OCT2026,325000.000000,275,OPTSTK,BFO,5.000000,22000,False
866228,BANKEX26OCT70200CE,BANKEX,29OCT2026,7020000.000000,30,OPTIDX,BFO,5.000000,900,False
866229,KEI26OCT4200PE,KEI,29OCT2026,420000.000000,175,OPTSTK,BFO,5.000000,100000000,False
866235,GRASIM26OCT2960CE,GRASIM,29OCT2026,296000.000000,250,OPTSTK,BFO,5.000000,14250,False
866239,BANKINDIA26OCT137.5PE,BANKINDIA,29OCT2026,13750.000000,5200,OPTSTK,BFO,5.000000,100000000,False
866246,UNIONBANK26OCT167.5PE,UNIONBANK,29OCT2026,16750.000000,4425,OPTSTK,BFO,5.000000,100000000,False
866247,BHARTIARTL26OCT2100CE,BHARTIARTL,29OCT2026,210000.000000,475,OPTSTK,BFO,5.000000,28500,False
866252,BRITANNIA26OCT5550PE,BRITANNIA,29OCT2026,555000.000000,125,OPTSTK,BFO,5.000000,6000,False
866256,PIDILITIND26OCT1500CE,PIDILITIND,29OCT2026,150000.000000,500,OPTSTK,BFO,5.000000,10000,False
866264,TITAN26OCT5200CE,TITAN,29OCT2026,520000.000000,175,OPTSTK,BFO,5.000000,11250,False
866265,VOLTAS26OCT1300CE,VOLTAS,29OCT2026,130000.000000,375,OPTSTK,BFO,5.000000,30000,False
866270,LTF26OCT325PE,LTF,29OCT2026,32500.000000,2250,OPTSTK,BFO,5.000000,267720,False
866271,MARUTI26OCT14300PE,MARUTI,29OCT2026,1430000.000000,50,OPTSTK,BFO,5.000000,3000,False
866289,EICHERMOT26OCT8500CE,EICHERMOT,29OCT2026,850000.000000,100,OPTSTK,BFO,5.000000,7000,False
866302,BANDHANBNK26OCT195PE,BANDHANBNK,29OCT2026,19500.000000,3600,OPTSTK,BFO,5.000000,100000,False
866318,INDUSINDBK26OCT940PE,INDUSINDBK,29OCT2026,94000.000000,700,OPTSTK,BFO,5.000000,20000,False
866329,BANKEX26OCT59500CE,BANKEX,29OCT2026,5950000.000000,30,OPTIDX,BFO,5.000000,900,False
866334,CANBK26OCT127.5CE,CANBK,29OCT2026,12750.000000,6750,OPTSTK,BFO,5.000000,81000,False
866358,TMPV26OCT320PE,TMPV,29OCT2026,32000.000000,1600,OPTSTK,BFO,5.000000,42750,False
866379,SIEMENS26OCT3300CE,SIEMENS,29OCT2026,330000.000000,175,OPTSTK,BFO,5.000000,8250,False
866426,SBICARD26OCT600CE,SBICARD,29OCT2026,60000.000000,800,OPTSTK,BFO,5.000000,32000,False
866440,JSWSTEEL26OCT1400PE,JSWSTEEL,29OCT2026,140000.000000,675,OPTSTK,BFO,5.000000,40500,False
866442,FOCIT26OCT31000CE,FOCIT,29OCT2026,3100000.000000,45,OPTIDX,BFO,5.000000,1350,False
866453,KPITTECH26OCT520CE,KPITTECH,29OCT2026,52000.000000,775,OPTSTK,BFO,5.000000,100000000,False
866463,INDIANB26OCT760PE,INDIANB,29OCT2026,76000.000000,1000,OPTSTK,BFO,5.000000,100000000,False
866472,ADANIPORTS26OCT1600CE,ADANIPORTS,29OCT2026,160000.000000,475,OPTSTK,BFO,5.000000,32000,False
866474,PFC26OCT390CE,PFC,29OCT2026,39000.000000,1300,OPTSTK,BFO,5.000000,124000,False
866478,RADICO26OCT4700CE,RADICO,29OCT2026,470000.000000,150,OPTSTK,BFO,5.000000,100000000,False
866512,ASHOKLEY26OCT152.5CE,ASHOKLEY,29OCT2026,15250.000000,5000,OPTSTK,BFO,5.000000,150000,False
866513,GRASIM26OCT3140PE,GRASIM,29OCT2026,314000.000000,250,OPTSTK,BFO,5.000000,14250,False
866532,DMART26OCT4050CE,DMART,29OCT2026,405000.000000,150,OPTSTK,BFO,5.000000,100000000,False
866539,SHRIRAMFIN26OCT960PE,SHRIRAMFIN,29OCT2026,96000.000000,825,OPTSTK,BFO,5.000000,18000,False
866541,MANKIND26OCT2440PE,MANKIND,29OCT2026,244000.000000,250,OPTSTK,BFO,5.000000,100000000,False
866565,AMBER26OCT7900CE,AMBER,29OCT2026,790000.000000,100,OPTSTK,BFO,5.000000,100000000,False
866591,IDFCFIRSTB26OCTFUT,IDFCFIRSTB,29OCT2026,0.000000,9275,FUTSTK,BFO,5.000000,450000,False
866639,CHOLAFIN26OCT1820CE,CHOLAFIN,29OCT2026,182000.000000,625,OPTSTK,BFO,5.000000,25000,False
866599,NAUKRI26OCT1100CE,NAUKRI,29OCT2026,110000.000000,550,OPTSTK,BFO,5.000000,6000,False
866617,ETERNAL26OCT290CE,ETERNAL,29OCT2026,29000.000000,2425,OPTSTK,BFO,5.000000,100000000,False
866632,SONACOMS26OCT800CE,SONACOMS,29OCT2026,80000.000000,1225,OPTSTK,BFO,5.000000,100000000,False
866642,FOCIT26OCT35000PE,FOCIT,29OCT2026,3500000.000000,45,OPTIDX,BFO,5.000000,1350,False
866644,SENSEX5026OCT25500PE,SENSEX50,29OCT2026,2550000.000000,75,OPTIDX,BFO,5.000000,1800,False
866653,UNOMINDA26OCT1060CE,UNOMINDA,29OCT2026,106000.000000,550,OPTSTK,BFO,5.000000,100000000,False
866663,ALKEM26OCT6100PE,ALKEM,29OCT2026,610000.000000,125,OPTSTK,BFO,5.000000,8000,False
866691,TVSMOTOR26OCT4150CE,TVSMOTOR,29OCT2026,415000.000000,175,OPTSTK,BFO,5.000000,21000,False
866666,BANKEX26OCT69800PE,BANKEX,29OCT2026,6980000.000000,30,OPTIDX,BFO,5.000000,900,False
866667,FOCIT26SEP41300CE,FOCIT,24SEP2026,4130000.000000,45,OPTIDX,BFO,5.000000,1350,False
866685,SENSEX26OCT79800CE,SENSEX,29OCT2026,7980000.000000,20,OPTIDX,BFO,5.000000,1000,False
866695,SENSEX26OCT82200PE,SENSEX,29OCT2026,8220000.000000,20,OPTIDX,BFO,5.000000,1000,False
866705,HAL26OCT4700CE,HAL,29OCT2026,470000.000000,150,OPTSTK,BFO,5.000000,9000,False
866710,FOCIT26OCT31300PE,FOCIT,29OCT2026,3130000.000000,45,OPTIDX,BFO,5.000000,1350,False
866714,HAVELLS26OCT1220CE,HAVELLS,29OCT2026,122000.000000,500,OPTSTK,BFO,5.000000,20000,False
866718,FOCIT26OCT38000CE,FOCIT,29OCT2026,3800000.000000,45,OPTIDX,BFO,5.000000,1350,False
866748,TRENT26OCT2800CE,TRENT,29OCT2026,280000.000000,225,OPTSTK,BFO,5.000000,16000,False
866757,BLUESTARCO26OCT1700CE,BLUESTARCO,29OCT2026,170000.000000,325,OPTSTK,BFO,5.000000,100000000,False
866759,CANBK26OCT107.5PE,CANBK,29OCT2026,10750.000000,6750,OPTSTK,BFO,5.000000,81000,False
866760,LICI26OCT395PE,LICI,29OCT2026,39500.000000,1400,OPTSTK,BFO,5.000000,100000000,False
866761,PAYTM26OCT1300CE,PAYTM,29OCT2026,130000.000000,725,OPTSTK,BFO,5.000000,100000000,False
866763,ANGELONE26OCT295CE,ANGELONE,29OCT2026,29500.000000,2500,OPTSTK,BFO,5.000000,100000000,False
866770,APOLLOHOSP26OCT9500PE,APOLLOHOSP,29OCT2026,950000.000000,125,OPTSTK,BFO,5.000000,5000,False
866777,KEI26OCT4400PE,KEI,29OCT2026,440000.000000,175,OPTSTK,BFO,5.000000,100000000,False
866786,HINDALCO26OCT1100CE,HINDALCO,29OCT2026,110000.000000,700,OPTSTK,BFO,5.000000,56000,False
866802,NHPC26OCT72CE,NHPC,29OCT2026,7200.000000,6950,OPTSTK,BFO,5.000000,100000000,False
866803,BRITANNIA26OCT5750PE,BRITANNIA,29OCT2026,575000.000000,125,OPTSTK,BFO,5.000000,6000,False
866805,MPHASIS26OCT2000PE,MPHASIS,29OCT2026,200000.000000,275,OPTSTK,BFO,5.000000,11000,False
866807,PIDILITIND26OCT1700CE,PIDILITIND,29OCT2026,170000.000000,500,OPTSTK,BFO,5.000000,10000,False
866812,DABUR26OCT430CE,DABUR,29OCT2026,43000.000000,1250,OPTSTK,BFO,5.000000,50000,False
866850,RVNL26OCT195PE,RVNL,29OCT2026,19500.000000,1925,OPTSTK,BFO,5.000000,100000000,False
866870,TIINDIA26OCT2350CE,TIINDIA,29OCT2026,235000.000000,200,OPTSTK,BFO,5.000000,100000000,False
866882,GODREJCP26OCT1060CE,GODREJCP,29OCT2026,106000.000000,500,OPTSTK,BFO,5.000000,30000,False
866885,COFORGE26OCT1820CE,COFORGE,29OCT2026,182000.000000,475,OPTSTK,BFO,5.000000,6000,False
866888,MOTHERSON26OCT152.5CE,MOTHERSON,29OCT2026,15250.000000,6150,OPTSTK,BFO,5.000000,284000,False
866903,TIINDIA26OCT3050PE,TIINDIA,29OCT2026,305000.000000,200,OPTSTK,BFO,5.000000,100000000,False
866905,COFORGE26OCT1660CE,COFORGE,29OCT2026,166000.000000,475,OPTSTK,BFO,5.000000,6000,False
866908,HCLTECH26OCT1400CE,HCLTECH,29OCT2026,140000.000000,400,OPTSTK,BFO,5.000000,21000,False
866929,JUBLFOOD26OCT435CE,JUBLFOOD,29OCT2026,43500.000000,1250,OPTSTK,BFO,5.000000,50000,False
866935,LODHA26OCT1400PE,LODHA,29OCT2026,140000.000000,625,OPTSTK,BFO,5.000000,100000000,False
866945,MARUTI26OCT13800CE,MARUTI,29OCT2026,1380000.000000,50,OPTSTK,BFO,5.000000,3000,False
866954,FOCIT26SEP41600PE,FOCIT,24SEP2026,4160000.000000,45,OPTIDX,BFO,5.000000,1350,False
866959,FOCIT26SEP43900PE,FOCIT,24SEP2026,4390000.000000,45,OPTIDX,BFO,5.000000,1350,False
866982,TATASTEEL26OCT197.5CE,TATASTEEL,29OCT2026,19750.000000,2750,OPTSTK,BFO,5.000000,220000,False
866985,TATAELXSI26OCT3700PE,TATAELXSI,29OCT2026,370000.000000,125,OPTSTK,BFO,5.000000,100000000,False
866988,KALYANKJIL26SEP670PE,KALYANKJIL,24SEP2026,67000.000000,1350,OPTSTK,BFO,5.000000,100000000,False
866996,MANAPPURAM26OCT395CE,MANAPPURAM,29OCT2026,39500.000000,3000,OPTSTK,BFO,5.000000,180000,False
867002,RADICO26OCT4000CE,RADICO,29OCT2026,400000.000000,150,OPTSTK,BFO,5.000000,100000000,False
867003,OFSS26OCT11500CE,OFSS,29OCT2026,1150000.000000,100,OPTSTK,BFO,5.000000,8000,False
867005,POLICYBZR26OCT1540PE,POLICYBZR,29OCT2026,154000.000000,350,OPTSTK,BFO,5.000000,100000000,False
867012,INDIGO26OCT4500PE,INDIGO,29OCT2026,450000.000000,150,OPTSTK,BFO,5.000000,12000,False
867019,DIVISLAB26OCT7200PE,DIVISLAB,29OCT2026,720000.000000,100,OPTSTK,BFO,5.000000,8000,False
867047,FOCIT26OCT34600PE,FOCIT,29OCT2026,3460000.000000,45,OPTIDX,BFO,5.000000,1350,False
867050,KPITTECH26OCT560CE,KPITTECH,29OCT2026,56000.000000,775,OPTSTK,BFO,5.000000,100000000,False
867056,BAJAJFINSV26OCT2000CE,BAJAJFINSV,29OCT2026,200000.000000,300,OPTSTK,BFO,5.000000,20000,False
867064,IREDA26OCT120CE,IREDA,29OCT2026,12000.000000,4525,OPTSTK,BFO,5.000000,100000000,False
867073,MCX26OCT2450CE,MCX,29OCT2026,245000.000000,225,OPTSTK,BFO,5.000000,16000,False
867075,OBEROIRLTY26OCTFUT,OBEROIRLTY,29OCT2026,0.000000,350,FUTSTK,BFO,5.000000,28000,False
867084,BIOCON26OCT450PE,BIOCON,29OCT2026,45000.000000,2500,OPTSTK,BFO,5.000000,100000,False
867085,MANKIND26OCT2560CE,MANKIND,29OCT2026,256000.000000,250,OPTSTK,BFO,5.000000,100000000,False
867092,RBLBANK26OCT380PE,RBLBANK,29OCT2026,38000.000000,3175,OPTSTK,BFO,5.000000,150000,False
867103,KEI26OCT5400PE,KEI,29OCT2026,540000.000000,175,OPTSTK,BFO,5.000000,100000000,False
867131,NTPC26OCT355PE,NTPC,29OCT2026,35500.000000,1500,OPTSTK,BFO,5.000000,150000,False
867133,ICICIPRULI26OCT545PE,ICICIPRULI,29OCT2026,54500.000000,925,OPTSTK,BFO,5.000000,60000,False
867153,JINDALSTEL26OCT980PE,JINDALSTEL,29OCT2026,98000.000000,625,OPTSTK,BFO,5.000000,37500,False
867172,SUZLON26OCT47PE,SUZLON,29OCT2026,4700.000000,12700,OPTSTK,BFO,5.000000,100000000,False
867185,TMPV26OCT365PE,TMPV,29OCT2026,36500.000000,1600,OPTSTK,BFO,5.000000,42750,False
867194,JINDALSTEL26OCT1160CE,JINDALSTEL,29OCT2026,116000.000000,625,OPTSTK,BFO,5.000000,37500,False
867215,ALKEM26OCT5600CE,ALKEM,29OCT2026,560000.000000,125,OPTSTK,BFO,5.000000,8000,False
867221,GLENMARK26OCT2140PE,GLENMARK,29OCT2026,214000.000000,375,OPTSTK,BFO,5.000000,43500,False
867222,LAURUSLABS26OCT1820PE,LAURUSLABS,29OCT2026,182000.000000,850,OPTSTK,BFO,5.000000,68000,False
867241,BANKEX26OCT65400PE,BANKEX,29OCT2026,6540000.000000,30,OPTIDX,BFO,5.000000,900,False
867242,IDFCFIRSTB26OCT91CE,IDFCFIRSTB,29OCT2026,9100.000000,9275,OPTSTK,BFO,5.000000,450000,False
867249,CHOLAFIN26OCT1860CE,CHOLAFIN,29OCT2026,186000.000000,625,OPTSTK,BFO,5.000000,25000,False
867260,FOCIT26SEP43800CE,FOCIT,24SEP2026,4380000.000000,45,OPTIDX,BFO,5.000000,1350,False
867265,BAJAJ-AUTO26OCT10900CE,BAJAJ-AUTO,29OCT2026,1090000.000000,75,OPTSTK,BFO,5.000000,5000,False
867280,AUROPHARMA26OCT1540CE,AUROPHARMA,29OCT2026,154000.000000,550,OPTSTK,BFO,5.000000,44000,False
867283,SAIL26OCT167.5PE,SAIL,29OCT2026,16750.000000,4700,OPTSTK,BFO,5.000000,320000,False
867284,SENSEX26OCT82400PE,SENSEX,29OCT2026,8240000.000000,20,OPTIDX,BFO,5.000000,1000,False
867286,WAAREEENER26OCT2600PE,WAAREEENER,29OCT2026,260000.000000,175,OPTSTK,BFO,5.000000,100000000,False
867294,POWERGRID26OCT287.5PE,POWERGRID,29OCT2026,28750.000000,1900,OPTSTK,BFO,5.000000,108000,False
867301,ADANIGREEN26OCT1320PE,ADANIGREEN,29OCT2026,132000.000000,600,OPTSTK,BFO,5.000000,100000000,False
867305,MAXHEALTH26OCT1060CE,MAXHEALTH,29OCT2026,106000.000000,525,OPTSTK,BFO,5.000000,100000000,False
867333,SRF26OCT2250CE,SRF,29OCT2026,225000.000000,200,OPTSTK,BFO,5.000000,11250,False
867385,FOCIT26SEP33200PE,FOCIT,24SEP2026,3320000.000000,45,OPTIDX,BFO,5.000000,1350,False
867408,WAAREEENER26OCT2350PE,WAAREEENER,29OCT2026,235000.000000,175,OPTSTK,BFO,5.000000,100000000,False
867412,HAL26OCT4650CE,HAL,29OCT2026,465000.000000,150,OPTSTK,BFO,5.000000,9000,False
867434,NATIONALUM26OCT310CE,NATIONALUM,29OCT2026,31000.000000,1875,OPTSTK,BFO,5.000000,300000,False
867439,ICICIBANK26OCT1450PE,ICICIBANK,29OCT2026,145000.000000,700,OPTSTK,BFO,5.000000,28000,False
867450,MAZDOCK26OCT2450CE,MAZDOCK,29OCT2026,245000.000000,225,OPTSTK,BFO,5.000000,100000000,False
867451,TRENT26OCT2750CE,TRENT,29OCT2026,275000.000000,225,OPTSTK,BFO,5.000000,16000,False
867456,BHEL26OCT400CE,BHEL,29OCT2026,40000.000000,2625,OPTSTK,BFO,5.000000,315000,False
867463,WIPRO26OCT202.5CE,WIPRO,29OCT2026,20250.000000,3000,OPTSTK,BFO,5.000000,60000,False
867464,PNBHOUSING26OCT920CE,PNBHOUSING,29OCT2026,92000.000000,650,OPTSTK,BFO,5.000000,100000000,False
867476,BANKEX26OCT60000PE,BANKEX,29OCT2026,6000000.000000,30,OPTIDX,BFO,5.000000,900,False
867483,ICICIBANK26OCT1440CE,ICICIBANK,29OCT2026,144000.000000,700,OPTSTK,BFO,5.000000,28000,False
867497,SENSEX2691781500CE,SENSEX,17SEP2026,8150000.000000,20,OPTIDX,BFO,5.000000,1000,False
867501,HINDALCO26OCTFUT,HINDALCO,29OCT2026,0.000000,700,FUTSTK,BFO,5.000000,56000,False
867503,IEX26OCT142.5CE,IEX,29OCT2026,14250.000000,4350,OPTSTK,BFO,5.000000,150000,False
867506,LT26OCT3850PE,LT,29OCT2026,385000.000000,175,OPTSTK,BFO,5.000000,12000,False
867524,BPCL26OCT310PE,BPCL,29OCT2026,31000.000000,1975,OPTSTK,BFO,5.000000,72000,False
867533,JINDALSTEL26SEP1240CE,JINDALSTEL,24SEP2026,124000.000000,625,OPTSTK,BFO,5.000000,37500,False
867540,KFINTECH26OCT1040CE,KFINTECH,29OCT2026,104000.000000,575,OPTSTK,BFO,5.000000,100000000,False
867547,BANKEX26OCT67600CE,BANKEX,29OCT2026,6760000.000000,30,OPTIDX,BFO,5.000000,900,False
867555,PRESTIGE26OCT1640PE,PRESTIGE,29OCT2026,164000.000000,450,OPTSTK,BFO,5.000000,100000000,False
867570,MUTHOOTFIN26OCT3300PE,MUTHOOTFIN,29OCT2026,330000.000000,275,OPTSTK,BFO,5.000000,22000,False
867580,DIVISLAB26OCT7400PE,DIVISLAB,29OCT2026,740000.000000,100,OPTSTK,BFO,5.000000,8000,False
867611,APOLLOHOSP26SEP9700CE,APOLLOHOSP,24SEP2026,970000.000000,125,OPTSTK,BFO,5.000000,5000,False
867643,POWERGRID26OCT290PE,POWERGRID,29OCT2026,29000.000000,1900,OPTSTK,BFO,5.000000,108000,False
867658,PNBHOUSING26OCT920PE,PNBHOUSING,29OCT2026,92000.000000,650,OPTSTK,BFO,5.000000,100000000,False
867664,UNITDSPR26OCT1420CE,UNITDSPR,29OCT2026,142000.000000,400,OPTSTK,BFO,5.000000,28000,False
867666,BHEL26OCT405CE,BHEL,29OCT2026,40500.000000,2625,OPTSTK,BFO,5.000000,315000,False
867667,MUTHOOTFIN26OCT3050PE,MUTHOOTFIN,29OCT2026,305000.000000,275,OPTSTK,BFO,5.000000,22000,False
867668,AUROPHARMA26OCT1680PE,AUROPHARMA,29OCT2026,168000.000000,550,OPTSTK,BFO,5.000000,44000,False
867672,AMBER26OCT8100PE,AMBER,29OCT2026,810000.000000,100,OPTSTK,BFO,5.000000,100000000,False
867678,MOTILALOFS26OCT840CE,MOTILALOFS,29OCT2026,84000.000000,775,OPTSTK,BFO,5.000000,100000000,False
867687,EICHERMOT26OCT7600CE,EICHERMOT,29OCT2026,760000.000000,100,OPTSTK,BFO,5.000000,7000,False
867725,EICHERMOT26OCT8300PE,EICHERMOT,29OCT2026,830000.000000,100,OPTSTK,BFO,5.000000,7000,False
867736,ADANIENT26OCT3300CE,ADANIENT,29OCT2026,330000.000000,309,OPTSTK,BFO,5.000000,9000,False
867743,GODFRYPHLP26OCT2400PE,GODFRYPHLP,29OCT2026,240000.000000,275,OPTSTK,BFO,5.000000,100000000,False
867753,NAUKRI26OCT1180CE,NAUKRI,29OCT2026,118000.000000,550,OPTSTK,BFO,5.000000,6000,False
867760,BANKBARODA26OCT245PE,BANKBARODA,29OCT2026,24500.000000,2925,OPTSTK,BFO,5.000000,175500,False
867777,GMRAIRPORT26OCT102CE,GMRAIRPORT,29OCT2026,10200.000000,6975,OPTSTK,BFO,5.000000,675000,False
867779,OBEROIRLTY26OCT1860PE,OBEROIRLTY,29OCT2026,186000.000000,350,OPTSTK,BFO,5.000000,28000,False
867798,MAZDOCK26OCT2000CE,MAZDOCK,29OCT2026,200000.000000,225,OPTSTK,BFO,5.000000,100000000,False
867810,CHOLAFIN26OCTFUT,CHOLAFIN,29OCT2026,0.000000,625,FUTSTK,BFO,5.000000,25000,False
867838,BRITANNIA26OCT5250PE,BRITANNIA,29OCT2026,525000.000000,125,OPTSTK,BFO,5.000000,6000,False
867842,YESBANK26OCT30PE,YESBANK,29OCT2026,3000.000000,31100,OPTSTK,BFO,5.000000,100000000,False
867852,RECLTD26OCT400PE,RECLTD,29OCT2026,40000.000000,1575,OPTSTK,BFO,5.000000,160000,False
867878,CIPLA26OCT1510PE,CIPLA,29OCT2026,151000.000000,425,OPTSTK,BFO,5.000000,26000,False
867882,SENSEX5026OCT25650PE,SENSEX50,29OCT2026,2565000.000000,75,OPTIDX,BFO,5.000000,1800,False
867912,FORTIS26OCT960CE,FORTIS,29OCT2026,96000.000000,775,OPTSTK,BFO,5.000000,100000000,False
867923,ICICIPRULI26OCT510CE,ICICIPRULI,29OCT2026,51000.000000,925,OPTSTK,BFO,5.000000,60000,False
867924,SBIN26OCT1050CE,SBIN,29OCT2026,105000.000000,750,OPTSTK,BFO,5.000000,45000,False
867947,SENSEX2691772800PE,SENSEX,17SEP2026,7280000.000000,20,OPTIDX,BFO,5.000000,1000,False
867957,TRENT26OCT2950CE,TRENT,29OCT2026,295000.000000,225,OPTSTK,BFO,5.000000,16000,False
867958,BPCL26OCT285CE,BPCL,29OCT2026,28500.000000,1975,OPTSTK,BFO,5.000000,72000,False
867961,ICICIBANK26OCT1490PE,ICICIBANK,29OCT2026,149000.000000,700,OPTSTK,BFO,5.000000,28000,False
868006,BANKEX26OCT57800CE,BANKEX,29OCT2026,5780000.000000,30,OPTIDX,BFO,5.000000,900,False
868022,SENSEX5026OCT24950CE,SENSEX50,29OCT2026,2495000.000000,75,OPTIDX,BFO,5.000000,1800,False
868023,JSWENERGY26OCT480PE,JSWENERGY,29OCT2026,48000.000000,1075,OPTSTK,BFO,5.000000,100000000,False
868029,PHOENIXLTD26OCT1900PE,PHOENIXLTD,29OCT2026,190000.000000,350,OPTSTK,BFO,5.000000,100000000,False
868035,MCX26OCT2950PE,MCX,29OCT2026,295000.000000,225,OPTSTK,BFO,5.000000,16000,False
868038,DIVISLAB26OCT8300CE,DIVISLAB,29OCT2026,830000.000000,100,OPTSTK,BFO,5.000000,8000,False
868039,NAM-INDIA26OCT1140PE,NAM-INDIA,29OCT2026,114000.000000,625,OPTSTK,BFO,5.000000,100000000,False
868049,LICHSGFIN26OCT490CE,LICHSGFIN,29OCT2026,49000.000000,1000,OPTSTK,BFO,5.000000,60000,False
868060,BANKINDIA26OCT122.5PE,BANKINDIA,29OCT2026,12250.000000,5200,OPTSTK,BFO,5.000000,100000000,False
868061,SIEMENS26OCT3900CE,SIEMENS,29OCT2026,390000.000000,175,OPTSTK,BFO,5.000000,8250,False
868065,SENSEX2691782800PE,SENSEX,17SEP2026,8280000.000000,20,OPTIDX,BFO,5.000000,1000,False
868075,UNIONBANK26OCT152.5PE,UNIONBANK,29OCT2026,15250.000000,4425,OPTSTK,BFO,5.000000,100000000,False
868093,PAGEIND26OCT42000CE,PAGEIND,29OCT2026,4200000.000000,20,OPTSTK,BFO,5.000000,600,False
868126,HDFCLIFE26OCT580PE,HDFCLIFE,29OCT2026,58000.000000,1100,OPTSTK,BFO,5.000000,44000,False
868148,FOCIT26OCT38700PE,FOCIT,29OCT2026,3870000.000000,45,OPTIDX,BFO,5.000000,1350,False
868171,CUMMINSIND26OCT5600PE,CUMMINSIND,29OCT2026,560000.000000,200,OPTSTK,BFO,5.000000,18000,False
868176,BAJFINANCE26OCT1110CE,BAJFINANCE,29OCT2026,111000.000000,750,OPTSTK,BFO,5.000000,3750,False
868198,IEX26OCT127.5PE,IEX,29OCT2026,12750.000000,4350,OPTSTK,BFO,5.000000,150000,False
868200,ULTRACEMCO26OCT11400CE,ULTRACEMCO,29OCT2026,1140000.000000,50,OPTSTK,BFO,5.000000,3000,False
868201,HINDALCO26OCT940PE,HINDALCO,29OCT2026,94000.000000,700,OPTSTK,BFO,5.000000,56000,False
868207,GRASIM26OCTFUT,GRASIM,29OCT2026,0.000000,250,FUTSTK,BFO,5.000000,14250,False
868210,FORTIS26OCT960PE,FORTIS,29OCT2026,96000.000000,775,OPTSTK,BFO,5.000000,100000000,False
868219,HINDUNILVR26OCT2080CE,HINDUNILVR,29OCT2026,208000.000000,300,OPTSTK,BFO,5.000000,9000,False
868221,ADANIPOWER26OCT225CE,ADANIPOWER,29OCT2026,22500.000000,3550,OPTSTK,BFO,5.000000,100000000,False
868240,SENSEX5026OCT25550CE,SENSEX50,29OCT2026,2555000.000000,75,OPTIDX,BFO,5.000000,1800,False
868243,BHARTIARTL26OCT2020CE,BHARTIARTL,29OCT2026,202000.000000,475,OPTSTK,BFO,5.000000,28500,False
868262,UPL26OCT530CE,UPL,29OCT2026,53000.000000,1355,OPTSTK,BFO,5.000000,39000,False
868264,SONACOMS26SEP820CE,SONACOMS,24SEP2026,82000.000000,1225,OPTSTK,BFO,5.000000,100000000,False
868276,FOCIT26SEP36700PE,FOCIT,24SEP2026,3670000.000000,45,OPTIDX,BFO,5.000000,1350,False
868286,OIL26OCT465CE,OIL,29OCT2026,46500.000000,1400,OPTSTK,BFO,5.000000,100000000,False
868288,WIPRO26OCTFUT,WIPRO,29OCT2026,0.000000,3000,FUTSTK,BFO,5.000000,60000,False
868290,PERSISTENT26OCT5700PE,PERSISTENT,29OCT2026,570000.000000,125,OPTSTK,BFO,5.000000,5250,False
868297,BPCL26OCTFUT,BPCL,29OCT2026,0.000000,1975,FUTSTK,BFO,5.000000,72000,False
868306,POLICYBZR26OCT1680CE,POLICYBZR,29OCT2026,168000.000000,350,OPTSTK,BFO,5.000000,100000000,False
868320,BRITANNIA26OCT5700PE,BRITANNIA,29OCT2026,570000.000000,125,OPTSTK,BFO,5.000000,6000,False
868321,BANKEX26OCT69500PE,BANKEX,29OCT2026,6950000.000000,30,OPTIDX,BFO,5.000000,900,False
868336,SENSEX26OCT79500CE,SENSEX,29OCT2026,7950000.000000,20,OPTIDX,BFO,5.000000,1000,False
868353,LTF26OCT315PE,LTF,29OCT2026,31500.000000,2250,OPTSTK,BFO,5.000000,267720,False
868362,INOXWIND26OCT60PE,INOXWIND,29OCT2026,6000.000000,6400,OPTSTK,BFO,5.000000,100000000,False
868363,ANGELONE26OCT310PE,ANGELONE,29OCT2026,31000.000000,2500,OPTSTK,BFO,5.000000,100000000,False
868383,LICHSGFIN26OCT560PE,LICHSGFIN,29OCT2026,56000.000000,1000,OPTSTK,BFO,5.000000,60000,False
868416,DELHIVERY26OCT435PE,DELHIVERY,29OCT2026,43500.000000,2075,OPTSTK,BFO,5.000000,100000000,False
868442,NESTLEIND26OCT1460PE,NESTLEIND,29OCT2026,146000.000000,500,OPTSTK,BFO,5.000000,1200,False
868466,BANKINDIA26OCT130CE,BANKINDIA,29OCT2026,13000.000000,5200,OPTSTK,BFO,5.000000,100000000,False
868474,FOCIT26OCT44000CE,FOCIT,29OCT2026,4400000.000000,45,OPTIDX,BFO,5.000000,1350,False
868480,OIL26OCT465PE,OIL,29OCT2026,46500.000000,1400,OPTSTK,BFO,5.000000,100000000,False
868488,GAIL26OCT162.5CE,GAIL,29OCT2026,16250.000000,3550,OPTSTK,BFO,5.000000,274500,False
868495,BANKEX26OCT59400CE,BANKEX,29OCT2026,5940000.000000,30,OPTIDX,BFO,5.000000,900,False
868496,CIPLA26OCT1540CE,CIPLA,29OCT2026,154000.000000,425,OPTSTK,BFO,5.000000,26000,False
868507,ASTRAL26OCT1480CE,ASTRAL,29OCT2026,148000.000000,425,OPTSTK,BFO,5.000000,14680,False
868525,TCS26OCT2420CE,TCS,29OCT2026,242000.000000,225,OPTSTK,BFO,5.000000,7000,False
868529,MCX26OCT2400CE,MCX,29OCT2026,240000.000000,225,OPTSTK,BFO,5.000000,16000,False
868556,TMPV26OCT370CE,TMPV,29OCT2026,37000.000000,1600,OPTSTK,BFO,5.000000,42750,False
868567,BANKEX26OCT67100CE,BANKEX,29OCT2026,6710000.000000,30,OPTIDX,BFO,5.000000,900,False
868573,BANKEX26OCT69400CE,BANKEX,29OCT2026,6940000.000000,30,OPTIDX,BFO,5.000000,900,False
868575,HDFCAMC26OCT2250CE,HDFCAMC,29OCT2026,225000.000000,300,OPTSTK,BFO,5.000000,12000,False
868587,ITC26OCT295CE,ITC,29OCT2026,29500.000000,1725,OPTSTK,BFO,5.000000,64000,False
868599,SENSEX26OCT71500PE,SENSEX,29OCT2026,7150000.000000,20,OPTIDX,BFO,5.000000,1000,False
868602,POWERGRID26OCT302.5PE,POWERGRID,29OCT2026,30250.000000,1900,OPTSTK,BFO,5.000000,108000,False
868605,SENSEX26OCT73800PE,SENSEX,29OCT2026,7380000.000000,20,OPTIDX,BFO,5.000000,1000,False
868610,BDL26OCT1340CE,BDL,29OCT2026,134000.000000,425,OPTSTK,BFO,5.000000,100000000,False
868622,PETRONET26OCT305PE,PETRONET,29OCT2026,30500.000000,1900,OPTSTK,BFO,5.000000,120000,False
868633,BANKEX26OCT65700CE,BANKEX,29OCT2026,6570000.000000,30,OPTIDX,BFO,5.000000,900,False
868638,LAURUSLABS26OCTFUT,LAURUSLABS,29OCT2026,0.000000,850,FUTSTK,BFO,5.000000,68000,False
868641,FORCEMOT26OCT14500PE,FORCEMOT,29OCT2026,1450000.000000,25,OPTSTK,BFO,5.000000,100000000,False
868644,IRFC26OCT85PE,IRFC,29OCT2026,8500.000000,5425,OPTSTK,BFO,5.000000,100000000,False
868655,MAXHEALTH26OCT1100CE,MAXHEALTH,29OCT2026,110000.000000,525,OPTSTK,BFO,5.000000,100000000,False
868682,PNB26OCT109CE,PNB,29OCT2026,10900.000000,8000,OPTSTK,BFO,5.000000,480000,False
868683,KAYNES26OCTFUT,KAYNES,29OCT2026,0.000000,150,FUTSTK,BFO,5.000000,100000000,False
868889,BANKEX26OCT71100CE,BANKEX,29OCT2026,7110000.000000,30,OPTIDX,BFO,5.000000,900,False
869040,ABCAPITAL26OCT410PE,ABCAPITAL,29OCT2026,41000.000000,3100,OPTSTK,BFO,5.000000,162000,False
869380,M&M26OCT3250CE,M&M,29OCT2026,325000.000000,200,OPTSTK,BFO,5.000000,21000,False
869567,AMBER26OCT7800CE,AMBER,29OCT2026,780000.000000,100,OPTSTK,BFO,5.000000,100000000,False
869840,FOCIT26OCT40600PE,FOCIT,29OCT2026,4060000.000000,45,OPTIDX,BFO,5.000000,1350,False
870118,GODFRYPHLP26OCT1950PE,GODFRYPHLP,29OCT2026,195000.000000,275,OPTSTK,BFO,5.000000,100000000,False
870164,BANKEX26OCT58100CE,BANKEX,29OCT2026,5810000.000000,30,OPTIDX,BFO,5.000000,900,False
870206,BAJAJHLDNG26OCT11700CE,BAJAJHLDNG,29OCT2026,1170000.000000,75,OPTSTK,BFO,5.000000,100000000,False
870345,KOTAKBANK26OCT370CE,KOTAKBANK,29OCT2026,37000.000000,2000,OPTSTK,BFO,5.000000,12000,False
870357,IDFCFIRSTB26OCT92PE,IDFCFIRSTB,29OCT2026,9200.000000,9275,OPTSTK,BFO,5.000000,450000,False
870648,OFSS26OCT11500PE,OFSS,29OCT2026,1150000.000000,100,OPTSTK,BFO,5.000000,8000,False
870754,PETRONET26OCT270PE,PETRONET,29OCT2026,27000.000000,1900,OPTSTK,BFO,5.000000,120000,False
871117,PNB26OCT109PE,PNB,29OCT2026,10900.000000,8000,OPTSTK,BFO,5.000000,480000,False
870827,KAYNES26OCT3300CE,KAYNES,29OCT2026,330000.000000,150,OPTSTK,BFO,5.000000,100000000,False
870947,MPHASIS26OCT2650CE,MPHASIS,29OCT2026,265000.000000,275,OPTSTK,BFO,5.000000,11000,False
871093,BANKEX26OCT63700PE,BANKEX,29OCT2026,6370000.000000,30,OPTIDX,BFO,5.000000,900,False
871239,TIINDIA26OCT2500CE,TIINDIA,29OCT2026,250000.000000,200,OPTSTK,BFO,5.000000,100000000,False
871318,COFORGE26OCT1660PE,COFORGE,29OCT2026,166000.000000,475,OPTSTK,BFO,5.000000,6000,False
871583,MOTHERSON26OCT142.5CE,MOTHERSON,29OCT2026,14250.000000,6150,OPTSTK,BFO,5.000000,284000,False
871674,HINDALCO26OCT1000CE,HINDALCO,29OCT2026,100000.000000,700,OPTSTK,BFO,5.000000,56000,False
871730,IOC26OCT137.5CE,IOC,29OCT2026,13750.000000,4875,OPTSTK,BFO,5.000000,292500,False
871860,DMART26OCT3800CE,DMART,29OCT2026,380000.000000,150,OPTSTK,BFO,5.000000,100000000,False
871866,YESBANK26OCT25CE,YESBANK,29OCT2026,2500.000000,31100,OPTSTK,BFO,5.000000,100000000,False
871869,SHRIRAMFIN26OCT1140PE,SHRIRAMFIN,29OCT2026,114000.000000,825,OPTSTK,BFO,5.000000,18000,False
871958,KPITTECH26OCT640CE,KPITTECH,29OCT2026,64000.000000,775,OPTSTK,BFO,5.000000,100000000,False
872065,GODREJCP26OCT1130PE,GODREJCP,29OCT2026,113000.000000,500,OPTSTK,BFO,5.000000,30000,False
872115,NMDC26OCT78CE,NMDC,29OCT2026,7800.000000,6750,OPTSTK,BFO,5.000000,225000,False
872303,CANBK26OCT125CE,CANBK,29OCT2026,12500.000000,6750,OPTSTK,BFO,5.000000,81000,False
872431,NYKAA26OCT320CE,NYKAA,29OCT2026,32000.000000,3125,OPTSTK,BFO,5.000000,100000000,False
872455,SENSEX2691776900PE,SENSEX,17SEP2026,7690000.000000,20,OPTIDX,BFO,5.000000,1000,False
872666,ADANIPORTS26OCT1800PE,ADANIPORTS,29OCT2026,180000.000000,475,OPTSTK,BFO,5.000000,32000,False
872776,FOCIT26OCT40500CE,FOCIT,29OCT2026,4050000.000000,45,OPTIDX,BFO,5.000000,1350,False
872784,INDIGO26OCT5100CE,INDIGO,29OCT2026,510000.000000,150,OPTSTK,BFO,5.000000,12000,False
872933,SENSEX2691770900PE,SENSEX,17SEP2026,7090000.000000,20,OPTIDX,BFO,5.000000,1000,False
873067,POWERGRID26OCT277.5CE,POWERGRID,29OCT2026,27750.000000,1900,OPTSTK,BFO,5.000000,108000,False
873210,AMBER26OCT7200PE,AMBER,29OCT2026,720000.000000,100,OPTSTK,BFO,5.000000,100000000,False
873312,SENSEX26OCT77700PE,SENSEX,29OCT2026,7770000.000000,20,OPTIDX,BFO,5.000000,1000,False
873335,JSWSTEEL26OCT1420CE,JSWSTEEL,29OCT2026,142000.000000,675,OPTSTK,BFO,5.000000,40500,False
873359,CROMPTON26OCT280CE,CROMPTON,29OCT2026,28000.000000,2150,OPTSTK,BFO,5.000000,90000,False
873428,POLYCAB26OCT8900CE,POLYCAB,29OCT2026,890000.000000,125,OPTSTK,BFO,5.000000,9000,False
873438,BPCL26OCT320CE,BPCL,29OCT2026,32000.000000,1975,OPTSTK,BFO,5.000000,72000,False
873511,DMART26OCT4250PE,DMART,29OCT2026,425000.000000,150,OPTSTK,BFO,5.000000,100000000,False
873558,FOCIT26SEP30800CE,FOCIT,24SEP2026,3080000.000000,45,OPTIDX,BFO,5.000000,1350,False
873745,WAAREEENER26SEP2300CE,WAAREEENER,24SEP2026,230000.000000,175,OPTSTK,BFO,5.000000,100000000,False
873844,WIPRO26OCT197.5PE,WIPRO,29OCT2026,19750.000000,3000,OPTSTK,BFO,5.000000,60000,False
873977,OBEROIRLTY26OCT1900PE,OBEROIRLTY,29OCT2026,190000.000000,350,OPTSTK,BFO,5.000000,28000,False
873983,BANKBARODA26OCT250CE,BANKBARODA,29OCT2026,25000.000000,2925,OPTSTK,BFO,5.000000,175500,False
874324,NAUKRI26OCT1300PE,NAUKRI,29OCT2026,130000.000000,550,OPTSTK,BFO,5.000000,6000,False
874399,JUBLFOOD26OCT425PE,JUBLFOOD,29OCT2026,42500.000000,1250,OPTSTK,BFO,5.000000,50000,False
874459,FOCIT26OCT36800PE,FOCIT,29OCT2026,3680000.000000,45,OPTIDX,BFO,5.000000,1350,False
874615,SUZLON26OCT41CE,SUZLON,29OCT2026,4100.000000,12700,OPTSTK,BFO,5.000000,100000000,False
874627,GVT&D26OCT4600PE,GVT&D,29OCT2026,460000.000000,125,OPTSTK,BFO,5.000000,100000000,False
874632,ADANIPORTS26OCT1540CE,ADANIPORTS,29OCT2026,154000.000000,475,OPTSTK,BFO,5.000000,32000,False
874653,ADANIGREEN26OCT1400PE,ADANIGREEN,29OCT2026,140000.000000,600,OPTSTK,BFO,5.000000,100000000,False
874697,TMPV26OCT355PE,TMPV,29OCT2026,35500.000000,1600,OPTSTK,BFO,5.000000,42750,False
874808,CHOLAFIN26OCT1860PE,CHOLAFIN,29OCT2026,186000.000000,625,OPTSTK,BFO,5.000000,25000,False
874931,MANAPPURAM26OCT385PE,MANAPPURAM,29OCT2026,38500.000000,3000,OPTSTK,BFO,5.000000,180000,False
875105,SENSEX2691778200CE,SENSEX,17SEP2026,7820000.000000,20,OPTIDX,BFO,5.000000,1000,False
875225,KAYNES26OCT3600PE,KAYNES,29OCT2026,360000.000000,150,OPTSTK,BFO,5.000000,100000000,False
875364,PAYTM26OCT1420CE,PAYTM,29OCT2026,142000.000000,725,OPTSTK,BFO,5.000000,100000000,False
875591,EICHERMOT26OCT7300CE,EICHERMOT,29OCT2026,730000.000000,100,OPTSTK,BFO,5.000000,7000,False
875757,SRF26OCT2250PE,SRF,29OCT2026,225000.000000,200,OPTSTK,BFO,5.000000,11250,False
876122,RECLTD26OCT395PE,RECLTD,29OCT2026,39500.000000,1575,OPTSTK,BFO,5.000000,160000,False
876176,LTM26OCT4500PE,LTM,29OCT2026,450000.000000,150,OPTSTK,BFO,5.000000,4500,False
876240,TATAPOWER26OCT405PE,TATAPOWER,29OCT2026,40500.000000,1450,OPTSTK,BFO,5.000000,101250,False
876296,SBIN26OCT1010PE,SBIN,29OCT2026,101000.000000,750,OPTSTK,BFO,5.000000,45000,False
876348,ASTRAL26OCT1400PE,ASTRAL,29OCT2026,140000.000000,425,OPTSTK,BFO,5.000000,14680,False
876371,SUNPHARMA26OCT2060PE,SUNPHARMA,29OCT2026,206000.000000,350,OPTSTK,BFO,5.000000,28000,False
876386,GMRAIRPORT26OCT103PE,GMRAIRPORT,29OCT2026,10300.000000,6975,OPTSTK,BFO,5.000000,675000,False
876387,WAAREEENER26OCT2500PE,WAAREEENER,29OCT2026,250000.000000,175,OPTSTK,BFO,5.000000,100000000,False
876396,BAJAJ-AUTO26OCT11900PE,BAJAJ-AUTO,29OCT2026,1190000.000000,75,OPTSTK,BFO,5.000000,5000,False
876419,CGPOWER26OCT720PE,CGPOWER,29OCT2026,72000.000000,850,OPTSTK,BFO,5.000000,100000000,False
876449,MFSL26OCT1520PE,MFSL,29OCT2026,152000.000000,400,OPTSTK,BFO,5.000000,32000,False
876452,NYKAA26OCT325PE,NYKAA,29OCT2026,32500.000000,3125,OPTSTK,BFO,5.000000,100000000,False
876454,IOC26OCT152.5CE,IOC,29OCT2026,15250.000000,4875,OPTSTK,BFO,5.000000,292500,False
876464,MOTILALOFS26OCT700PE,MOTILALOFS,29OCT2026,70000.000000,775,OPTSTK,BFO,5.000000,100000000,False
876468,BANKEX26OCT64600CE,BANKEX,29OCT2026,6460000.000000,30,OPTIDX,BFO,5.000000,900,False
876508,WAAREEENER26OCT2250PE,WAAREEENER,29OCT2026,225000.000000,175,OPTSTK,BFO,5.000000,100000000,False
876528,JIOFIN26OCT250PE,JIOFIN,29OCT2026,25000.000000,2350,OPTSTK,BFO,5.000000,100000000,False
876550,MANKIND26OCT2680CE,MANKIND,29OCT2026,268000.000000,250,OPTSTK,BFO,5.000000,100000000,False
876555,HINDUNILVR26OCT2040PE,HINDUNILVR,29OCT2026,204000.000000,300,OPTSTK,BFO,5.000000,9000,False
876593,POLICYBZR26OCT1720CE,POLICYBZR,29OCT2026,172000.000000,350,OPTSTK,BFO,5.000000,100000000,False
876582,FOCIT26SEP32400CE,FOCIT,24SEP2026,3240000.000000,45,OPTIDX,BFO,5.000000,1350,False
876585,FORTIS26OCT910PE,FORTIS,29OCT2026,91000.000000,775,OPTSTK,BFO,5.000000,100000000,False
876598,DLF26OCT660CE,DLF,29OCT2026,66000.000000,950,OPTSTK,BFO,5.000000,49500,False
876599,ICICIGI26OCT1520PE,ICICIGI,29OCT2026,152000.000000,325,OPTSTK,BFO,5.000000,20000,False
876602,AXISBANK26OCT1180PE,AXISBANK,29OCT2026,118000.000000,625,OPTSTK,BFO,5.000000,25000,False
876605,DMART26OCT3750CE,DMART,29OCT2026,375000.000000,150,OPTSTK,BFO,5.000000,100000000,False
876611,POLICYBZR26OCT1560CE,POLICYBZR,29OCT2026,156000.000000,350,OPTSTK,BFO,5.000000,100000000,False
876620,M&M26OCT3000CE,M&M,29OCT2026,300000.000000,200,OPTSTK,BFO,5.000000,21000,False
876629,BANKEX26OCT65200CE,BANKEX,29OCT2026,6520000.000000,30,OPTIDX,BFO,5.000000,900,False
876630,UNITDSPR26OCT1420PE,UNITDSPR,29OCT2026,142000.000000,400,OPTSTK,BFO,5.000000,28000,False
876633,BEL26OCT350CE,BEL,29OCT2026,35000.000000,1425,OPTSTK,BFO,5.000000,228000,False
876634,HDFCAMC26OCT2650CE,HDFCAMC,29OCT2026,265000.000000,300,OPTSTK,BFO,5.000000,12000,False
876636,CONCOR26OCT555PE,CONCOR,29OCT2026,55500.000000,1250,OPTSTK,BFO,5.000000,40000,False
876642,FOCIT26OCT36100PE,FOCIT,29OCT2026,3610000.000000,45,OPTIDX,BFO,5.000000,1350,False
876653,IOC26OCT152.5PE,IOC,29OCT2026,15250.000000,4875,OPTSTK,BFO,5.000000,292500,False
876664,BAJAJ-AUTO26OCT11800CE,BAJAJ-AUTO,29OCT2026,1180000.000000,75,OPTSTK,BFO,5.000000,5000,False
876675,GMRAIRPORT26SEP97CE,GMRAIRPORT,24SEP2026,9700.000000,6975,OPTSTK,BFO,5.000000,675000,False
876679,LICI26OCT420CE,LICI,29OCT2026,42000.000000,1400,OPTSTK,BFO,5.000000,100000000,False
876680,JSWENERGY26OCT560CE,JSWENERGY,29OCT2026,56000.000000,1075,OPTSTK,BFO,5.000000,100000000,False
876684,DLF26OCT730CE,DLF,29OCT2026,73000.000000,950,OPTSTK,BFO,5.000000,49500,False
876686,SUNPHARMA26SEP2140PE,SUNPHARMA,24SEP2026,214000.000000,350,OPTSTK,BFO,5.000000,28000,False
876706,PERSISTENT26OCT6100CE,PERSISTENT,29OCT2026,610000.000000,125,OPTSTK,BFO,5.000000,5250,False
876731,HDFCLIFE26OCT535PE,HDFCLIFE,29OCT2026,53500.000000,1100,OPTSTK,BFO,5.000000,44000,False
876754,SENSEX2691776100CE,SENSEX,17SEP2026,7610000.000000,20,OPTIDX,BFO,5.000000,1000,False
876755,TVSMOTOR26OCT4550PE,TVSMOTOR,29OCT2026,455000.000000,175,OPTSTK,BFO,5.000000,21000,False
876919,LICHSGFIN26OCT510PE,LICHSGFIN,29OCT2026,51000.000000,1000,OPTSTK,BFO,5.000000,60000,False
876976,PNB26OCT113CE,PNB,29OCT2026,11300.000000,8000,OPTSTK,BFO,5.000000,480000,False
876979,PAYTM26OCT1460CE,PAYTM,29OCT2026,146000.000000,725,OPTSTK,BFO,5.000000,100000000,False
877010,KFINTECH26OCT960PE,KFINTECH,29OCT2026,96000.000000,575,OPTSTK,BFO,5.000000,100000000,False
877024,PATANJALI26OCT355CE,PATANJALI,29OCT2026,35500.000000,1075,OPTSTK,BFO,5.000000,100000000,False
877079,HINDALCO26OCT860CE,HINDALCO,29OCT2026,86000.000000,700,OPTSTK,BFO,5.000000,56000,False
877122,BRITANNIA26OCT5400PE,BRITANNIA,29OCT2026,540000.000000,125,OPTSTK,BFO,5.000000,6000,False
877138,CIPLA26OCT1420CE,CIPLA,29OCT2026,142000.000000,425,OPTSTK,BFO,5.000000,26000,False
877142,TORNTPHARM26OCT5000CE,TORNTPHARM,29OCT2026,500000.000000,125,OPTSTK,BFO,5.000000,15000,False
877182,BEL26OCT350PE,BEL,29OCT2026,35000.000000,1425,OPTSTK,BFO,5.000000,228000,False
877208,SUPREMEIND26OCT3200PE,SUPREMEIND,29OCT2026,320000.000000,175,OPTSTK,BFO,5.000000,100000000,False
877216,UNIONBANK26OCT167.5CE,UNIONBANK,29OCT2026,16750.000000,4425,OPTSTK,BFO,5.000000,100000000,False
877225,BANKEX26OCT58500CE,BANKEX,29OCT2026,5850000.000000,30,OPTIDX,BFO,5.000000,900,False
877239,LT26OCT4000CE,LT,29OCT2026,400000.000000,175,OPTSTK,BFO,5.000000,12000,False
877271,TECHM26OCT1800CE,TECHM,29OCT2026,180000.000000,600,OPTSTK,BFO,5.000000,24000,False
877312,POWERGRID26OCT285PE,POWERGRID,29OCT2026,28500.000000,1900,OPTSTK,BFO,5.000000,108000,False
877349,TECHM26OCT1640CE,TECHM,29OCT2026,164000.000000,600,OPTSTK,BFO,5.000000,24000,False
877353,CIPLA26OCT1500PE,CIPLA,29OCT2026,150000.000000,425,OPTSTK,BFO,5.000000,26000,False
877361,IDFCFIRSTB26OCT79CE,IDFCFIRSTB,29OCT2026,7900.000000,9275,OPTSTK,BFO,5.000000,450000,False
877473,AMBUJACEM26OCT415PE,AMBUJACEM,29OCT2026,41500.000000,1200,OPTSTK,BFO,5.000000,54000,False
877510,AUBANK26OCT1100CE,AUBANK,29OCT2026,110000.000000,1000,OPTSTK,BFO,5.000000,30000,False
877527,KPITTECH26OCT660PE,KPITTECH,29OCT2026,66000.000000,775,OPTSTK,BFO,5.000000,100000000,False
877535,GODREJPROP26OCT2220CE,GODREJPROP,29OCT2026,222000.000000,325,OPTSTK,BFO,5.000000,19000,False
877549,MOTHERSON26OCT130PE,MOTHERSON,29OCT2026,13000.000000,6150,OPTSTK,BFO,5.000000,284000,False
877559,TIINDIA26OCT2750PE,TIINDIA,29OCT2026,275000.000000,200,OPTSTK,BFO,5.000000,100000000,False
877599,BANKEX26OCT61800PE,BANKEX,29OCT2026,6180000.000000,30,OPTIDX,BFO,5.000000,900,False
877741,TMPV26OCT320CE,TMPV,29OCT2026,32000.000000,1600,OPTSTK,BFO,5.000000,42750,False
877694,ITC26OCT272.5PE,ITC,29OCT2026,27250.000000,1725,OPTSTK,BFO,5.000000,64000,False
877722,SOLARINDS26OCT19750CE,SOLARINDS,29OCT2026,1975000.000000,50,OPTSTK,BFO,5.000000,100000000,False
877757,IRFC26OCT94PE,IRFC,29OCT2026,9400.000000,5425,OPTSTK,BFO,5.000000,100000000,False
877777,DMART26OCT4000PE,DMART,29OCT2026,400000.000000,150,OPTSTK,BFO,5.000000,100000000,False
877817,BHEL26OCT430CE,BHEL,29OCT2026,43000.000000,2625,OPTSTK,BFO,5.000000,315000,False
877820,ULTRACEMCO26OCT12100CE,ULTRACEMCO,29OCT2026,1210000.000000,50,OPTSTK,BFO,5.000000,3000,False
877850,SENSEX27DEC75000PE,SENSEX,30DEC2027,7500000.000000,20,OPTIDX,BFO,5.000000,1000,False
877866,SENSEX2691778700PE,SENSEX,17SEP2026,7870000.000000,20,OPTIDX,BFO,5.000000,1000,False
877875,HYUNDAI26OCT2160PE,HYUNDAI,29OCT2026,216000.000000,275,OPTSTK,BFO,5.000000,100000000,False
877879,DABUR26OCT445PE,DABUR,29OCT2026,44500.000000,1250,OPTSTK,BFO,5.000000,50000,False
877886,KFINTECH26OCT1080PE,KFINTECH,29OCT2026,108000.000000,575,OPTSTK,BFO,5.000000,100000000,False
877894,TVSMOTOR26SEP4550CE,TVSMOTOR,24SEP2026,455000.000000,175,OPTSTK,BFO,5.000000,21000,False
877901,SHRIRAMFIN26OCT900PE,SHRIRAMFIN,29OCT2026,90000.000000,825,OPTSTK,BFO,5.000000,18000,False
877919,RADICO26OCT4400PE,RADICO,29OCT2026,440000.000000,150,OPTSTK,BFO,5.000000,100000000,False
877933,FOCIT26OCT40000CE,FOCIT,29OCT2026,4000000.000000,45,OPTIDX,BFO,5.000000,1350,False
877936,BPCL26OCT340PE,BPCL,29OCT2026,34000.000000,1975,OPTSTK,BFO,5.000000,72000,False
878053,UPL26OCT610CE,UPL,29OCT2026,61000.000000,1355,OPTSTK,BFO,5.000000,39000,False
878089,SONACOMS26OCT780PE,SONACOMS,29OCT2026,78000.000000,1225,OPTSTK,BFO,5.000000,100000000,False
878090,AMBER26OCT6900CE,AMBER,29OCT2026,690000.000000,100,OPTSTK,BFO,5.000000,100000000,False
878142,PRESTIGE26OCT1660CE,PRESTIGE,29OCT2026,166000.000000,450,OPTSTK,BFO,5.000000,100000000,False
878145,BDL26OCT1200CE,BDL,29OCT2026,120000.000000,425,OPTSTK,BFO,5.000000,100000000,False
878168,ADANIPOWER26OCT210PE,ADANIPOWER,29OCT2026,21000.000000,3550,OPTSTK,BFO,5.000000,100000000,False
878180,SENSEX26OCT73500PE,SENSEX,29OCT2026,7350000.000000,20,OPTIDX,BFO,5.000000,1000,False
878183,SENSEX2691782700PE,SENSEX,17SEP2026,8270000.000000,20,OPTIDX,BFO,5.000000,1000,False
878229,BANKEX26OCT63100CE,BANKEX,29OCT2026,6310000.000000,30,OPTIDX,BFO,5.000000,900,False
878243,DRREDDY26OCT1200CE,DRREDDY,29OCT2026,120000.000000,625,OPTSTK,BFO,5.000000,5000,False
878244,ITC26OCT277.5PE,ITC,29OCT2026,27750.000000,1725,OPTSTK,BFO,5.000000,64000,False
878251,FORCEMOT26OCT16500PE,FORCEMOT,29OCT2026,1650000.000000,25,OPTSTK,BFO,5.000000,100000000,False
878260,INDIANB26OCT830CE,INDIANB,29OCT2026,83000.000000,1000,OPTSTK,BFO,5.000000,100000000,False
878264,PETRONET26OCT315CE,PETRONET,29OCT2026,31500.000000,1900,OPTSTK,BFO,5.000000,120000,False
878266,PRESTIGE26OCT1740PE,PRESTIGE,29OCT2026,174000.000000,450,OPTSTK,BFO,5.000000,100000000,False
878288,OFSS26OCT11800CE,OFSS,29OCT2026,1180000.000000,100,OPTSTK,BFO,5.000000,8000,False
878523,WIPRO26OCT200PE,WIPRO,29OCT2026,20000.000000,3000,OPTSTK,BFO,5.000000,60000,False
878528,NATIONALUM26OCT410PE,NATIONALUM,29OCT2026,41000.000000,1875,OPTSTK,BFO,5.000000,300000,False
878555,PGEL26OCT630CE,PGEL,29OCT2026,63000.000000,950,OPTSTK,BFO,5.000000,100000000,False
878558,APOLLOHOSP26OCT8500PE,APOLLOHOSP,29OCT2026,850000.000000,125,OPTSTK,BFO,5.000000,5000,False
878572,VEDL26OCT240PE,VEDL,29OCT2026,24000.000000,1150,OPTSTK,BFO,5.000000,80000,False
878575,PREMIERENE26OCT920PE,PREMIERENE,29OCT2026,92000.000000,650,OPTSTK,BFO,5.000000,100000000,False
878578,SENSEX29JUN75000CE,SENSEX,28JUN2029,7500000.000000,20,OPTIDX,BFO,5.000000,1000,False
878593,360ONE26OCT1140CE,,29OCT2026,114000.000000,500,OPTSTK,BFO,5.000000,100000000,False
878617,PERSISTENT26OCT4900CE,PERSISTENT,29OCT2026,490000.000000,125,OPTSTK,BFO,5.000000,5250,False
878628,COLPAL26OCT2000PE,COLPAL,29OCT2026,200000.000000,275,OPTSTK,BFO,5.000000,14000,False
878630,TATAPOWER26OCT390PE,TATAPOWER,29OCT2026,39000.000000,1450,OPTSTK,BFO,5.000000,101250,False
878634,IEX26OCT145CE,IEX,29OCT2026,14500.000000,4350,OPTSTK,BFO,5.000000,150000,False
878639,FOCIT26SEP34300PE,FOCIT,24SEP2026,3430000.000000,45,OPTIDX,BFO,5.000000,1350,False
878650,LICI26OCT405PE,LICI,29OCT2026,40500.000000,1400,OPTSTK,BFO,5.000000,100000000,False
878665,FOCIT26SEP38900PE,FOCIT,24SEP2026,3890000.000000,45,OPTIDX,BFO,5.000000,1350,False
878679,BANDHANBNK26OCT175PE,BANDHANBNK,29OCT2026,17500.000000,3600,OPTSTK,BFO,5.000000,100000,False
878701,FOCIT26OCT31900CE,FOCIT,29OCT2026,3190000.000000,45,OPTIDX,BFO,5.000000,1350,False
879234,SENSEX29JUN74000CE,SENSEX,28JUN2029,7400000.000000,20,OPTIDX,BFO,5.000000,1000,False
879431,SENSEX27DEC74000CE,SENSEX,30DEC2027,7400000.000000,20,OPTIDX,BFO,5.000000,1000,False
880056,SENSEX28JUN74000PE,SENSEX,29JUN2028,7400000.000000,20,OPTIDX,BFO,5.000000,1000,False
880071,SENSEX28DEC74000PE,SENSEX,28DEC2028,7400000.000000,20,OPTIDX,BFO,5.000000,1000,False
880141,MANKIND26OCT2420PE,MANKIND,29OCT2026,242000.000000,250,OPTSTK,BFO,5.000000,100000000,False
880205,OIL26OCT495CE,OIL,29OCT2026,49500.000000,1400,OPTSTK,BFO,5.000000,100000000,False
880225,HYUNDAI26SEP2280PE,HYUNDAI,24SEP2026,228000.000000,275,OPTSTK,BFO,5.000000,100000000,False
880239,SIEMENS26OCT4100CE,SIEMENS,29OCT2026,410000.000000,175,OPTSTK,BFO,5.000000,8250,False
880298,GAIL26OCT197.5CE,GAIL,29OCT2026,19750.000000,3550,OPTSTK,BFO,5.000000,274500,False
880300,JIOFIN26OCT272.5CE,JIOFIN,29OCT2026,27250.000000,2350,OPTSTK,BFO,5.000000,100000000,False
880302,BHARATFORG26OCT2340CE,BHARATFORG,29OCT2026,234000.000000,500,OPTSTK,BFO,5.000000,30000,False
880310,MAXHEALTH26OCT1040CE,MAXHEALTH,29OCT2026,104000.000000,525,OPTSTK,BFO,5.000000,100000000,False
880349,SHREECEM26OCT24250CE,SHREECEM,29OCT2026,2425000.000000,25,OPTSTK,BFO,5.000000,1000,False
880365,SIEMENS26OCT4050CE,SIEMENS,29OCT2026,405000.000000,175,OPTSTK,BFO,5.000000,8250,False
880388,SENSEX27JUN80000PE,SENSEX,24JUN2027,8000000.000000,20,OPTIDX,BFO,5.000000,1000,False
880395,ASHOKLEY26OCT180CE,ASHOKLEY,29OCT2026,18000.000000,5000,OPTSTK,BFO,5.000000,150000,False
880463,LAURUSLABS26SEP1940PE,LAURUSLABS,24SEP2026,194000.000000,850,OPTSTK,BFO,5.000000,68000,False
880465,KAYNES26OCT4150CE,KAYNES,29OCT2026,415000.000000,150,OPTSTK,BFO,5.000000,100000000,False
880485,BAJAJFINSV26SEP2100CE,BAJAJFINSV,24SEP2026,210000.000000,300,OPTSTK,BFO,5.000000,20000,False
880526,HYUNDAI26OCT2300CE,HYUNDAI,29OCT2026,230000.000000,275,OPTSTK,BFO,5.000000,100000000,False
880589,GAIL26OCT200CE,GAIL,29OCT2026,20000.000000,3550,OPTSTK,BFO,5.000000,274500,False
880600,MANKIND26OCT2340PE,MANKIND,29OCT2026,234000.000000,250,OPTSTK,BFO,5.000000,100000000,False
880639,BDL26OCT1400PE,BDL,29OCT2026,140000.000000,425,OPTSTK,BFO,5.000000,100000000,False
880642,HAL26SEP5000PE,HAL,24SEP2026,500000.000000,150,OPTSTK,BFO,5.000000,9000,False
880650,APLAPOLLO26OCT1720PE,APLAPOLLO,29OCT2026,172000.000000,350,OPTSTK,BFO,5.000000,100000000,False
880653,WIPRO26OCT165CE,WIPRO,29OCT2026,16500.000000,3000,OPTSTK,BFO,5.000000,60000,False
880691,SIEMENS26OCT4100PE,SIEMENS,29OCT2026,410000.000000,175,OPTSTK,BFO,5.000000,8250,False
880692,FEDERALBNK26OCT395PE,FEDERALBNK,29OCT2026,39500.000000,2500,OPTSTK,BFO,5.000000,200000,False
880701,BHARTIARTL26SEP2120CE,BHARTIARTL,24SEP2026,212000.000000,475,OPTSTK,BFO,5.000000,28500,False
880709,BAJAJ-AUTO26OCT12200CE,BAJAJ-AUTO,29OCT2026,1220000.000000,75,OPTSTK,BFO,5.000000,5000,False
880712,DIVISLAB26OCT8600PE,DIVISLAB,29OCT2026,860000.000000,100,OPTSTK,BFO,5.000000,8000,False
880731,SHREECEM26OCT24250PE,SHREECEM,29OCT2026,2425000.000000,25,OPTSTK,BFO,5.000000,1000,False
880751,SIEMENS26OCT4050PE,SIEMENS,29OCT2026,405000.000000,175,OPTSTK,BFO,5.000000,8250,False
880759,TORNTPHARM26SEP5450PE,TORNTPHARM,24SEP2026,545000.000000,125,OPTSTK,BFO,5.000000,15000,False
880780,BAJAJFINSV26SEP2100PE,BAJAJFINSV,24SEP2026,210000.000000,300,OPTSTK,BFO,5.000000,20000,False
880781,BRITANNIA26OCT5050CE,BRITANNIA,29OCT2026,505000.000000,125,OPTSTK,BFO,5.000000,6000,False
880796,GAIL26OCT195PE,GAIL,29OCT2026,19500.000000,3550,OPTSTK,BFO,5.000000,274500,False
880797,JIOFIN26OCT270PE,JIOFIN,29OCT2026,27000.000000,2350,OPTSTK,BFO,5.000000,100000000,False
880802,BAJAJFINSV26OCT2060PE,BAJAJFINSV,29OCT2026,206000.000000,300,OPTSTK,BFO,5.000000,20000,False
880807,LAURUSLABS26OCT1960PE,LAURUSLABS,29OCT2026,196000.000000,850,OPTSTK,BFO,5.000000,68000,False
880815,TVSMOTOR26OCT4650CE,TVSMOTOR,29OCT2026,465000.000000,175,OPTSTK,BFO,5.000000,21000,False
880817,BAJAJFINSV26OCT2120CE,BAJAJFINSV,29OCT2026,212000.000000,300,OPTSTK,BFO,5.000000,20000,False
880824,BAJAJHLDNG26OCT12000CE,BAJAJHLDNG,29OCT2026,1200000.000000,75,OPTSTK,BFO,5.000000,100000000,False
880853,APLAPOLLO26OCT1700CE,APLAPOLLO,29OCT2026,170000.000000,350,OPTSTK,BFO,5.000000,100000000,False
880854,DRREDDY26OCT1220CE,DRREDDY,29OCT2026,122000.000000,625,OPTSTK,BFO,5.000000,5000,False
880866,JIOFIN26SEP275CE,JIOFIN,24SEP2026,27500.000000,2350,OPTSTK,BFO,5.000000,100000000,False
880875,GLENMARK26OCT2380CE,GLENMARK,29OCT2026,238000.000000,375,OPTSTK,BFO,5.000000,43500,False
880895,PNB26SEP120PE,PNB,24SEP2026,12000.000000,8000,OPTSTK,BFO,5.000000,480000,False
880917,TORNTPHARM26OCT5350CE,TORNTPHARM,29OCT2026,535000.000000,125,OPTSTK,BFO,5.000000,15000,False
880933,LTF26OCT345PE,LTF,29OCT2026,34500.000000,2250,OPTSTK,BFO,5.000000,267720,False
880936,TATAPOWER26OCT415CE,TATAPOWER,29OCT2026,41500.000000,1450,OPTSTK,BFO,5.000000,101250,False
880943,CHOLAFIN26OCT1940PE,CHOLAFIN,29OCT2026,194000.000000,625,OPTSTK,BFO,5.000000,25000,False
880947,HEROMOTOCO26OCT6100PE,HEROMOTOCO,29OCT2026,610000.000000,150,OPTSTK,BFO,5.000000,9000,False
880950,DIVISLAB26SEP8800PE,DIVISLAB,24SEP2026,880000.000000,100,OPTSTK,BFO,5.000000,8000,False
880960,MFSL26OCT1360CE,MFSL,29OCT2026,136000.000000,400,OPTSTK,BFO,5.000000,32000,False
880979,BAJAJFINSV26OCT2120PE,BAJAJFINSV,29OCT2026,212000.000000,300,OPTSTK,BFO,5.000000,20000,False
881013,BAJAJ-AUTO26SEP12200PE,BAJAJ-AUTO,24SEP2026,1220000.000000,75,OPTSTK,BFO,5.000000,5000,False
881024,APLAPOLLO26OCT1700PE,APLAPOLLO,29OCT2026,170000.000000,350,OPTSTK,BFO,5.000000,100000000,False
881034,BAJAJFINSV26OCT2160PE,BAJAJFINSV,29OCT2026,216000.000000,300,OPTSTK,BFO,5.000000,20000,False
881037,FORTIS26OCT870PE,FORTIS,29OCT2026,87000.000000,775,OPTSTK,BFO,5.000000,100000000,False
881042,BPCL26OCT355PE,BPCL,29OCT2026,35500.000000,1975,OPTSTK,BFO,5.000000,72000,False
881059,SENSEX5026OCT26550CE,SENSEX50,29OCT2026,2655000.000000,75,OPTIDX,BFO,5.000000,1800,False
881063,BAJAJFINSV26SEP2160CE,BAJAJFINSV,24SEP2026,216000.000000,300,OPTSTK,BFO,5.000000,20000,False
881090,MUTHOOTFIN26OCT3450PE,MUTHOOTFIN,29OCT2026,345000.000000,275,OPTSTK,BFO,5.000000,22000,False
881120,M&M26OCT3700CE,M&M,29OCT2026,370000.000000,200,OPTSTK,BFO,5.000000,21000,False
881144,HYUNDAI26OCT2200CE,HYUNDAI,29OCT2026,220000.000000,275,OPTSTK,BFO,5.000000,100000000,False
881155,PNB26OCT120PE,PNB,29OCT2026,12000.000000,8000,OPTSTK,BFO,5.000000,480000,False
881181,M&M26SEP3750CE,M&M,24SEP2026,375000.000000,200,OPTSTK,BFO,5.000000,21000,False
881183,LAURUSLABS26SEP1940CE,LAURUSLABS,24SEP2026,194000.000000,850,OPTSTK,BFO,5.000000,68000,False
881193,DELHIVERY26OCT510PE,DELHIVERY,29OCT2026,51000.000000,2075,OPTSTK,BFO,5.000000,100000000,False
881194,DELHIVERY26OCT515CE,DELHIVERY,29OCT2026,51500.000000,2075,OPTSTK,BFO,5.000000,100000000,False
881196,MOTHERSON26OCT167.5PE,MOTHERSON,29OCT2026,16750.000000,6150,OPTSTK,BFO,5.000000,284000,False
881199,FOCIT26SEP30300CE,FOCIT,24SEP2026,3030000.000000,45,OPTIDX,BFO,5.000000,1350,False
881219,MARICO26OCT800PE,MARICO,29OCT2026,80000.000000,1200,OPTSTK,BFO,5.000000,48000,False
881232,HYUNDAI26SEP2320CE,HYUNDAI,24SEP2026,232000.000000,275,OPTSTK,BFO,5.000000,100000000,False
881330,ULTRACEMCO26SEP12700PE,ULTRACEMCO,24SEP2026,1270000.000000,50,OPTSTK,BFO,5.000000,3000,False
881333,LTM26OCT4900PE,LTM,29OCT2026,490000.000000,150,OPTSTK,BFO,5.000000,4500,False
881360,GODFRYPHLP26SEP2600PE,GODFRYPHLP,24SEP2026,260000.000000,275,OPTSTK,BFO,5.000000,100000000,False
881389,COFORGE26OCT1900PE,COFORGE,29OCT2026,190000.000000,475,OPTSTK,BFO,5.000000,6000,False
881396,BANKINDIA26OCT157.5PE,BANKINDIA,29OCT2026,15750.000000,5200,OPTSTK,BFO,5.000000,100000000,False
881404,GODREJPROP26OCT1940PE,GODREJPROP,29OCT2026,194000.000000,325,OPTSTK,BFO,5.000000,19000,False
881418,LTM26OCT4850PE,LTM,29OCT2026,485000.000000,150,OPTSTK,BFO,5.000000,4500,False
881464,UNOMINDA26SEP1340CE,UNOMINDA,24SEP2026,134000.000000,550,OPTSTK,BFO,5.000000,100000000,False
881493,SENSEX26OCT85200CE,SENSEX,29OCT2026,8520000.000000,20,OPTIDX,BFO,5.000000,1000,False
881515,BANKEX26OCT72200CE,BANKEX,29OCT2026,7220000.000000,30,OPTIDX,BFO,5.000000,900,False
881529,CHOLAFIN26OCT2000PE,CHOLAFIN,29OCT2026,200000.000000,625,OPTSTK,BFO,5.000000,25000,False
881568,VMM26OCT127.5CE,VMM,29OCT2026,12750.000000,4850,OPTSTK,BFO,5.000000,100000000,False
881583,IRFC26OCT97CE,IRFC,29OCT2026,9700.000000,5425,OPTSTK,BFO,5.000000,100000000,False
881608,SIEMENS26OCT4250CE,SIEMENS,29OCT2026,425000.000000,175,OPTSTK,BFO,5.000000,8250,False
881648,NMDC26OCT77CE,NMDC,29OCT2026,7700.000000,6750,OPTSTK,BFO,5.000000,225000,False
881662,JUBLFOOD26SEP500PE,JUBLFOOD,24SEP2026,50000.000000,1250,OPTSTK,BFO,5.000000,50000,False
881692,ASHOKLEY26SEP192.5PE,ASHOKLEY,24SEP2026,19250.000000,5000,OPTSTK,BFO,5.000000,150000,False
881729,GRASIM26OCT3300CE,GRASIM,29OCT2026,330000.000000,250,OPTSTK,BFO,5.000000,14250,False
881738,APLAPOLLO26SEP2080PE,APLAPOLLO,24SEP2026,208000.000000,350,OPTSTK,BFO,5.000000,100000000,False
881765,SENSEX26DEC84000PE,SENSEX,31DEC2026,8400000.000000,20,OPTIDX,BFO,5.000000,1000,False
881808,JSWENERGY26OCT630CE,JSWENERGY,29OCT2026,63000.000000,1075,OPTSTK,BFO,5.000000,100000000,False
881815,NHPC26OCT87CE,NHPC,29OCT2026,8700.000000,6950,OPTSTK,BFO,5.000000,100000000,False
881825,SENSEX27JUN84000PE,SENSEX,24JUN2027,8400000.000000,20,OPTIDX,BFO,5.000000,1000,False
881834,SENSEX29JUN84000PE,SENSEX,28JUN2029,8400000.000000,20,OPTIDX,BFO,5.000000,1000,False
881846,SENSEX2691785300CE,SENSEX,17SEP2026,8530000.000000,20,OPTIDX,BFO,5.000000,1000,False
881864,JUBLFOOD26OCT480PE,JUBLFOOD,29OCT2026,48000.000000,1250,OPTSTK,BFO,5.000000,50000,False
881911,PNBHOUSING26OCT1220CE,PNBHOUSING,29OCT2026,122000.000000,650,OPTSTK,BFO,5.000000,100000000,False
881938,HINDUNILVR26OCT2260PE,HINDUNILVR,29OCT2026,226000.000000,300,OPTSTK,BFO,5.000000,9000,False
881969,NATIONALUM26OCT430PE,NATIONALUM,29OCT2026,43000.000000,1875,OPTSTK,BFO,5.000000,300000,False
881997,DMART26OCT4300CE,DMART,29OCT2026,430000.000000,150,OPTSTK,BFO,5.000000,100000000,False
882010,GRASIM26OCT3300PE,GRASIM,29OCT2026,330000.000000,250,OPTSTK,BFO,5.000000,14250,False
882048,ASHOKLEY26SEP190PE,ASHOKLEY,24SEP2026,19000.000000,5000,OPTSTK,BFO,5.000000,150000,False
882049,AXISBANK26OCT1400PE,AXISBANK,29OCT2026,140000.000000,625,OPTSTK,BFO,5.000000,25000,False
882057,RVNL26OCT265PE,RVNL,29OCT2026,26500.000000,1925,OPTSTK,BFO,5.000000,100000000,False
882064,JUBLFOOD26OCT500PE,JUBLFOOD,29OCT2026,50000.000000,1250,OPTSTK,BFO,5.000000,50000,False
882065,SHRIRAMFIN26OCT1220PE,SHRIRAMFIN,29OCT2026,122000.000000,825,OPTSTK,BFO,5.000000,18000,False
882085,TATACONSUM26OCT1170PE,TATACONSUM,29OCT2026,117000.000000,550,OPTSTK,BFO,5.000000,36000,False
882086,COFORGE26SEP1900CE,COFORGE,24SEP2026,190000.000000,475,OPTSTK,BFO,5.000000,6000,False
882107,PAYTM26OCT1500CE,PAYTM,29OCT2026,150000.000000,725,OPTSTK,BFO,5.000000,100000000,False
882111,ASHOKLEY26OCT192.5PE,ASHOKLEY,29OCT2026,19250.000000,5000,OPTSTK,BFO,5.000000,150000,False
882122,GMRAIRPORT26OCT113PE,GMRAIRPORT,29OCT2026,11300.000000,6975,OPTSTK,BFO,5.000000,675000,False
882151,RECLTD26OCT330CE,RECLTD,29OCT2026,33000.000000,1575,OPTSTK,BFO,5.000000,160000,False
882153,FOCIT26SEP44800CE,FOCIT,24SEP2026,4480000.000000,45,OPTIDX,BFO,5.000000,1350,False
882175,CHOLAFIN26OCT2020PE,CHOLAFIN,29OCT2026,202000.000000,625,OPTSTK,BFO,5.000000,25000,False
882195,SENSEX26SEP73000PE,SENSEX,24SEP2026,7300000.000000,20,OPTIDX,BFO,5.000000,1000,False
882293,TATAELXSI26OCT4100CE,TATAELXSI,29OCT2026,410000.000000,125,OPTSTK,BFO,5.000000,100000000,False
882314,MFSL26OCT1680PE,MFSL,29OCT2026,168000.000000,400,OPTSTK,BFO,5.000000,32000,False
882325,SENSEX30JUN84000PE,SENSEX,27JUN2030,8400000.000000,20,OPTIDX,BFO,5.000000,1000,False
882352,GODFRYPHLP26OCT2550PE,GODFRYPHLP,29OCT2026,255000.000000,275,OPTSTK,BFO,5.000000,100000000,False
882358,JUBLFOOD26SEP495CE,JUBLFOOD,24SEP2026,49500.000000,1250,OPTSTK,BFO,5.000000,50000,False
882366,JIOFIN26SEP280PE,JIOFIN,24SEP2026,28000.000000,2350,OPTSTK,BFO,5.000000,100000000,False
882384,GRASIM26OCT3320CE,GRASIM,29OCT2026,332000.000000,250,OPTSTK,BFO,5.000000,14250,False
882393,FOCIT26OCT44500PE,FOCIT,29OCT2026,4450000.000000,45,OPTIDX,BFO,5.000000,1350,False
882396,JUBLFOOD26SEP495PE,JUBLFOOD,24SEP2026,49500.000000,1250,OPTSTK,BFO,5.000000,50000,False
882399,SHRIRAMFIN26SEP1220PE,SHRIRAMFIN,24SEP2026,122000.000000,825,OPTSTK,BFO,5.000000,18000,False
882428,SIEMENS26OCT4150CE,SIEMENS,29OCT2026,415000.000000,175,OPTSTK,BFO,5.000000,8250,False
882436,BAJAJFINSV26OCT2200PE,BAJAJFINSV,29OCT2026,220000.000000,300,OPTSTK,BFO,5.000000,20000,False
882438,ASHOKLEY26OCT187.5PE,ASHOKLEY,29OCT2026,18750.000000,5000,OPTSTK,BFO,5.000000,150000,False
882439,SENSEX26SEP85600CE,SENSEX,24SEP2026,8560000.000000,20,OPTIDX,BFO,5.000000,1000,False
882448,DIXON26OCT12000PE,DIXON,29OCT2026,1200000.000000,50,OPTSTK,BFO,5.000000,6000,False
882459,SENSEX30DEC84000CE,SENSEX,26DEC2030,8400000.000000,20,OPTIDX,BFO,5.000000,1000,False
882464,ASHOKLEY26OCT190CE,ASHOKLEY,29OCT2026,19000.000000,5000,OPTSTK,BFO,5.000000,150000,False
882475,JINDALSTEL26OCT1260CE,JINDALSTEL,29OCT2026,126000.000000,625,OPTSTK,BFO,5.000000,37500,False
882487,IEX26OCT112.5PE,IEX,29OCT2026,11250.000000,4350,OPTSTK,BFO,5.000000,150000,False
882516,UPL26OCT700CE,UPL,29OCT2026,70000.000000,1355,OPTSTK,BFO,5.000000,39000,False
882517,ABCAPITAL26SEP455CE,ABCAPITAL,24SEP2026,45500.000000,3100,OPTSTK,BFO,5.000000,162000,False
882520,INDUSINDBK26OCT1090CE,INDUSINDBK,29OCT2026,109000.000000,700,OPTSTK,BFO,5.000000,20000,False
882522,FOCIT26OCT44600CE,FOCIT,29OCT2026,4460000.000000,45,OPTIDX,BFO,5.000000,1350,False
882579,CIPLA26OCT1380PE,CIPLA,29OCT2026,138000.000000,425,OPTSTK,BFO,5.000000,26000,False
882592,SENSEX30DEC73000PE,SENSEX,26DEC2030,7300000.000000,20,OPTIDX,BFO,5.000000,1000,False
882599,MAXHEALTH26OCT1000CE,MAXHEALTH,29OCT2026,100000.000000,525,OPTSTK,BFO,5.000000,100000000,False
882647,ICICIBANK26OCT1520PE,ICICIBANK,29OCT2026,152000.000000,700,OPTSTK,BFO,5.000000,28000,False
882654,TECHM26OCT1500CE,TECHM,29OCT2026,150000.000000,600,OPTSTK,BFO,5.000000,24000,False
882656,GODREJCP26OCT1160PE,GODREJCP,29OCT2026,116000.000000,500,OPTSTK,BFO,5.000000,30000,False
882739,MANAPPURAM26OCT320PE,MANAPPURAM,29OCT2026,32000.000000,3000,OPTSTK,BFO,5.000000,180000,False
882759,SENSEX28JUN73000PE,SENSEX,29JUN2028,7300000.000000,20,OPTIDX,BFO,5.000000,1000,False
882781,HINDUNILVR26OCT1940PE,HINDUNILVR,29OCT2026,194000.000000,300,OPTSTK,BFO,5.000000,9000,False
882782,TITAN26SEP5300PE,TITAN,24SEP2026,530000.000000,175,OPTSTK,BFO,5.000000,11250,False
882835,KEI26OCT6000CE,KEI,29OCT2026,600000.000000,175,OPTSTK,BFO,5.000000,100000000,False
882842,CONCOR26OCT480PE,CONCOR,29OCT2026,48000.000000,1250,OPTSTK,BFO,5.000000,40000,False
882879,PNB26OCT121CE,PNB,29OCT2026,12100.000000,8000,OPTSTK,BFO,5.000000,480000,False
882886,ALKEM26OCT5200CE,ALKEM,29OCT2026,520000.000000,125,OPTSTK,BFO,5.000000,8000,False
882928,GVT&D26OCT5100PE,GVT&D,29OCT2026,510000.000000,125,OPTSTK,BFO,5.000000,100000000,False
882930,CAMS26SEP880PE,CAMS,24SEP2026,88000.000000,825,OPTSTK,BFO,5.000000,100000000,False
882934,UNITDSPR26OCT1680PE,UNITDSPR,29OCT2026,168000.000000,400,OPTSTK,BFO,5.000000,28000,False
882946,SENSEX26DEC73000PE,SENSEX,31DEC2026,7300000.000000,20,OPTIDX,BFO,5.000000,1000,False
882979,HAVELLS26OCT1420CE,HAVELLS,29OCT2026,142000.000000,500,OPTSTK,BFO,5.000000,20000,False
883001,DLF26OCT580CE,DLF,29OCT2026,58000.000000,950,OPTSTK,BFO,5.000000,49500,False
883007,HDFCLIFE26SEP505CE,HDFCLIFE,24SEP2026,50500.000000,1100,OPTSTK,BFO,5.000000,44000,False
883023,PAYTM26OCT1540CE,PAYTM,29OCT2026,154000.000000,725,OPTSTK,BFO,5.000000,100000000,False
883029,KEI26OCT5800PE,KEI,29OCT2026,580000.000000,175,OPTSTK,BFO,5.000000,100000000,False
883047,LICI26OCT385CE,LICI,29OCT2026,38500.000000,1400,OPTSTK,BFO,5.000000,100000000,False
883092,HINDZINC26OCT630CE,HINDZINC,29OCT2026,63000.000000,1225,OPTSTK,BFO,5.000000,100000000,False
883111,NATIONALUM26SEP440CE,NATIONALUM,24SEP2026,44000.000000,1875,OPTSTK,BFO,5.000000,300000,False
883127,KAYNES26OCT4250CE,KAYNES,29OCT2026,425000.000000,150,OPTSTK,BFO,5.000000,100000000,False
883136,HEROMOTOCO26OCT6200PE,HEROMOTOCO,29OCT2026,620000.000000,150,OPTSTK,BFO,5.000000,9000,False
883149,KAYNES26SEP4250PE,KAYNES,24SEP2026,425000.000000,150,OPTSTK,BFO,5.000000,100000000,False
883189,RBLBANK26SEP425PE,RBLBANK,24SEP2026,42500.000000,3175,OPTSTK,BFO,5.000000,150000,False
883206,PAYTM26SEP1580CE,PAYTM,24SEP2026,158000.000000,725,OPTSTK,BFO,5.000000,100000000,False
883258,ULTRACEMCO26SEP12800CE,ULTRACEMCO,24SEP2026,1280000.000000,50,OPTSTK,BFO,5.000000,3000,False
883281,SHRIRAMFIN26OCT1240PE,SHRIRAMFIN,29OCT2026,124000.000000,825,OPTSTK,BFO,5.000000,18000,False
883304,SUNPHARMA26OCT1800CE,SUNPHARMA,29OCT2026,180000.000000,350,OPTSTK,BFO,5.000000,28000,False
883332,PIDILITIND26SEP1780PE,PIDILITIND,24SEP2026,178000.000000,500,OPTSTK,BFO,5.000000,10000,False
883371,JUBLFOOD26SEP505PE,JUBLFOOD,24SEP2026,50500.000000,1250,OPTSTK,BFO,5.000000,50000,False
883388,HINDZINC26SEP640PE,HINDZINC,24SEP2026,64000.000000,1225,OPTSTK,BFO,5.000000,100000000,False
883489,JSWSTEEL26OCT1480CE,JSWSTEEL,29OCT2026,148000.000000,675,OPTSTK,BFO,5.000000,40500,False
883497,AUROPHARMA26OCT1760PE,AUROPHARMA,29OCT2026,176000.000000,550,OPTSTK,BFO,5.000000,44000,False
883504,BOSCHLTD26SEP46500CE,BOSCHLTD,24SEP2026,4650000.000000,25,OPTSTK,BFO,5.000000,1500,False
883517,BOSCHLTD26OCT46500PE,BOSCHLTD,29OCT2026,4650000.000000,25,OPTSTK,BFO,5.000000,1500,False
883570,M&M26OCT3800CE,M&M,29OCT2026,380000.000000,200,OPTSTK,BFO,5.000000,21000,False
883582,GRASIM26OCT3340PE,GRASIM,29OCT2026,334000.000000,250,OPTSTK,BFO,5.000000,14250,False
883585,FORTIS26SEP860PE,FORTIS,24SEP2026,86000.000000,775,OPTSTK,BFO,5.000000,100000000,False
883602,SENSEX29DEC72000PE,SENSEX,27DEC2029,7200000.000000,20,OPTIDX,BFO,5.000000,1000,False
883605,TRENT26OCT3450PE,TRENT,29OCT2026,345000.000000,225,OPTSTK,BFO,5.000000,16000,False
883615,JSWSTEEL26OCT1480PE,JSWSTEEL,29OCT2026,148000.000000,675,OPTSTK,BFO,5.000000,40500,False
883670,SENSEX27DEC72000PE,SENSEX,30DEC2027,7200000.000000,20,OPTIDX,BFO,5.000000,1000,False
883674,MARICO26OCT780CE,MARICO,29OCT2026,78000.000000,1200,OPTSTK,BFO,5.000000,48000,False
883676,PAYTM26OCT1580CE,PAYTM,29OCT2026,158000.000000,725,OPTSTK,BFO,5.000000,100000000,False
883717,OIL26OCT410CE,OIL,29OCT2026,41000.000000,1400,OPTSTK,BFO,5.000000,100000000,False
883731,SHRIRAMFIN26OCT1240CE,SHRIRAMFIN,29OCT2026,124000.000000,825,OPTSTK,BFO,5.000000,18000,False
883733,BOSCHLTD26OCT45500PE,BOSCHLTD,29OCT2026,4550000.000000,25,OPTSTK,BFO,5.000000,1500,False
883742,KALYANKJIL26OCT545PE,KALYANKJIL,29OCT2026,54500.000000,1350,OPTSTK,BFO,5.000000,100000000,False
883767,SENSEX5026OCT26800PE,SENSEX50,29OCT2026,2680000.000000,75,OPTIDX,BFO,5.000000,1800,False
883794,SENSEX26OCT85700CE,SENSEX,29OCT2026,8570000.000000,20,OPTIDX,BFO,5.000000,1000,False
883832,CANBK26OCT147.5CE,CANBK,29OCT2026,14750.000000,6750,OPTSTK,BFO,5.000000,81000,False
883856,BDL26OCT1440CE,BDL,29OCT2026,144000.000000,425,OPTSTK,BFO,5.000000,100000000,False
883871,UNIONBANK26OCT195PE,UNIONBANK,29OCT2026,19500.000000,4425,OPTSTK,BFO,5.000000,100000000,False
883899,SENSEX26SEP72000PE,SENSEX,24SEP2026,7200000.000000,20,OPTIDX,BFO,5.000000,1000,False
883935,UNIONBANK26SEP195CE,UNIONBANK,24SEP2026,19500.000000,4425,OPTSTK,BFO,5.000000,100000000,False
883962,UNIONBANK26OCT197.5CE,UNIONBANK,29OCT2026,19750.000000,4425,OPTSTK,BFO,5.000000,100000000,False
883969,CHOLAFIN26SEP2040CE,CHOLAFIN,24SEP2026,204000.000000,625,OPTSTK,BFO,5.000000,25000,False
883971,ADANIENSOL26OCT1460PE,ADANIENSOL,29OCT2026,146000.000000,675,OPTSTK,BFO,5.000000,100000000,False
883889,TITAN26SEP5350PE,TITAN,24SEP2026,535000.000000,175,OPTSTK,BFO,5.000000,11250,False
883983,SENSEX28DEC72000CE,SENSEX,28DEC2028,7200000.000000,20,OPTIDX,BFO,5.000000,1000,False
883989,POWERGRID26OCT252.5CE,POWERGRID,29OCT2026,25250.000000,1900,OPTSTK,BFO,5.000000,108000,False
884023,POLYCAB26OCT10000CE,POLYCAB,29OCT2026,1000000.000000,125,OPTSTK,BFO,5.000000,9000,False
883920,BANKEX26OCT72500PE,BANKEX,29OCT2026,7250000.000000,30,OPTIDX,BFO,5.000000,900,False
883922,ICICIBANK26OCT1550CE,ICICIBANK,29OCT2026,155000.000000,700,OPTSTK,BFO,5.000000,28000,False
883975,BANKEX26OCT72600CE,BANKEX,29OCT2026,7260000.000000,30,OPTIDX,BFO,5.000000,900,False
883994,SENSEX2691785800CE,SENSEX,17SEP2026,8580000.000000,20,OPTIDX,BFO,5.000000,1000,False
883996,POWERGRID26SEP255PE,POWERGRID,24SEP2026,25500.000000,1900,OPTSTK,BFO,5.000000,108000,False
884000,BLUESTARCO26OCT1500PE,BLUESTARCO,29OCT2026,150000.000000,325,OPTSTK,BFO,5.000000,100000000,False
884001,PNBHOUSING26OCT1280PE,PNBHOUSING,29OCT2026,128000.000000,650,OPTSTK,BFO,5.000000,100000000,False
884036,BANKEX26OCT72800CE,BANKEX,29OCT2026,7280000.000000,30,OPTIDX,BFO,5.000000,900,False
884092,BIOCON26OCT465PE,BIOCON,29OCT2026,46500.000000,2500,OPTSTK,BFO,5.000000,100000,False
884095,ICICIBANK26OCT1540CE,ICICIBANK,29OCT2026,154000.000000,700,OPTSTK,BFO,5.000000,28000,False
884135,CHOLAFIN26SEP2040PE,CHOLAFIN,24SEP2026,204000.000000,625,OPTSTK,BFO,5.000000,25000,False
884158,BANKEX26OCT72500CE,BANKEX,29OCT2026,7250000.000000,30,OPTIDX,BFO,5.000000,900,False
884203,AUBANK26SEP1240CE,AUBANK,24SEP2026,124000.000000,1000,OPTSTK,BFO,5.000000,30000,False
884184,PNBHOUSING26SEP1280PE,PNBHOUSING,24SEP2026,128000.000000,650,OPTSTK,BFO,5.000000,100000000,False
884193,SENSEX26SEP71000PE,SENSEX,24SEP2026,7100000.000000,20,OPTIDX,BFO,5.000000,1000,False
884198,ONGC26OCT220CE,ONGC,29OCT2026,22000.000000,2250,OPTSTK,BFO,5.000000,154000,False
884218,PIDILITIND26SEP1800CE,PIDILITIND,24SEP2026,180000.000000,500,OPTSTK,BFO,5.000000,10000,False
884232,HAL26SEP5150CE,HAL,24SEP2026,515000.000000,150,OPTSTK,BFO,5.000000,9000,False
884244,POWERGRID26OCT255PE,POWERGRID,29OCT2026,25500.000000,1900,OPTSTK,BFO,5.000000,108000,False
884319,AUBANK26OCT1240CE,AUBANK,29OCT2026,124000.000000,1000,OPTSTK,BFO,5.000000,30000,False
884345,AUBANK26SEP1240PE,AUBANK,24SEP2026,124000.000000,1000,OPTSTK,BFO,5.000000,30000,False
884353,BIOCON26OCT465CE,BIOCON,29OCT2026,46500.000000,2500,OPTSTK,BFO,5.000000,100000,False
884398,GLENMARK26OCT2420PE,GLENMARK,29OCT2026,242000.000000,375,OPTSTK,BFO,5.000000,43500,False
884415,SBIN26OCT1130CE,SBIN,29OCT2026,113000.000000,750,OPTSTK,BFO,5.000000,45000,False
884444,CHOLAFIN26OCT2040CE,CHOLAFIN,29OCT2026,204000.000000,625,OPTSTK,BFO,5.000000,25000,False
884489,GODREJCP26OCT990PE,GODREJCP,29OCT2026,99000.000000,500,OPTSTK,BFO,5.000000,30000,False
884495,INDUSTOWER26OCT340PE,INDUSTOWER,29OCT2026,34000.000000,1700,OPTSTK,BFO,5.000000,170000,False
884508,BHARATFORG26SEP2400CE,BHARATFORG,24SEP2026,240000.000000,500,OPTSTK,BFO,5.000000,30000,False
884549,PNB26OCT122PE,PNB,29OCT2026,12200.000000,8000,OPTSTK,BFO,5.000000,480000,False
884558,INDUSTOWER26SEP345CE,INDUSTOWER,24SEP2026,34500.000000,1700,OPTSTK,BFO,5.000000,170000,False
884559,LICHSGFIN26OCT430CE,LICHSGFIN,29OCT2026,43000.000000,1000,OPTSTK,BFO,5.000000,60000,False
884568,JUBLFOOD26OCT520PE,JUBLFOOD,29OCT2026,52000.000000,1250,OPTSTK,BFO,5.000000,50000,False
884589,MOTHERSON26OCT180CE,MOTHERSON,29OCT2026,18000.000000,6150,OPTSTK,BFO,5.000000,284000,False
884590,JUBLFOOD26SEP520CE,JUBLFOOD,24SEP2026,52000.000000,1250,OPTSTK,BFO,5.000000,50000,False
884617,CROMPTON26OCT220CE,CROMPTON,29OCT2026,22000.000000,2150,OPTSTK,BFO,5.000000,90000,False
884618,GRASIM26SEP3480PE,GRASIM,24SEP2026,348000.000000,250,OPTSTK,BFO,5.000000,14250,False
884619,AUROPHARMA26SEP1780PE,AUROPHARMA,24SEP2026,178000.000000,550,OPTSTK,BFO,5.000000,44000,False
884644,INDUSTOWER26OCT335PE,INDUSTOWER,29OCT2026,33500.000000,1700,OPTSTK,BFO,5.000000,170000,False
884647,UNOMINDA26OCT1420PE,UNOMINDA,29OCT2026,142000.000000,550,OPTSTK,BFO,5.000000,100000000,False
884657,FORTIS26OCT1030PE,FORTIS,29OCT2026,103000.000000,775,OPTSTK,BFO,5.000000,100000000,False
884677,FOCIT26OCT45000CE,FOCIT,29OCT2026,4500000.000000,45,OPTIDX,BFO,5.000000,1350,False
884679,BLUESTARCO26OCT1380PE,BLUESTARCO,29OCT2026,138000.000000,325,OPTSTK,BFO,5.000000,100000000,False
884752,INDIANB26SEP950PE,INDIANB,24SEP2026,95000.000000,1000,OPTSTK,BFO,5.000000,100000000,False
884761,INDUSTOWER26SEP390PE,INDUSTOWER,24SEP2026,39000.000000,1700,OPTSTK,BFO,5.000000,170000,False
884773,CROMPTON26OCT215PE,CROMPTON,29OCT2026,21500.000000,2150,OPTSTK,BFO,5.000000,90000,False
884774,INDUSTOWER26SEP395PE,INDUSTOWER,24SEP2026,39500.000000,1700,OPTSTK,BFO,5.000000,170000,False
884780,INDUSTOWER26OCT360CE,INDUSTOWER,29OCT2026,36000.000000,1700,OPTSTK,BFO,5.000000,170000,False
884812,INDUSTOWER26OCT365PE,INDUSTOWER,29OCT2026,36500.000000,1700,OPTSTK,BFO,5.000000,170000,False
884849,LUPIN26OCT2220PE,LUPIN,29OCT2026,222000.000000,425,OPTSTK,BFO,5.000000,34000,False
884912,INDUSTOWER26SEP385PE,INDUSTOWER,24SEP2026,38500.000000,1700,OPTSTK,BFO,5.000000,170000,False
884843,GRASIM26SEP3420PE,GRASIM,24SEP2026,342000.000000,250,OPTSTK,BFO,5.000000,14250,False
884864,MOTHERSON26SEP175PE,MOTHERSON,24SEP2026,17500.000000,6150,OPTSTK,BFO,5.000000,284000,False
884917,INDUSTOWER26OCT350CE,INDUSTOWER,29OCT2026,35000.000000,1700,OPTSTK,BFO,5.000000,170000,False
884928,COCHINSHIP26OCT1660PE,COCHINSHIP,29OCT2026,166000.000000,400,OPTSTK,BFO,5.000000,100000000,False
884945,INDUSTOWER26OCT355CE,INDUSTOWER,29OCT2026,35500.000000,1700,OPTSTK,BFO,5.000000,170000,False
884991,INDUSTOWER26OCT395CE,INDUSTOWER,29OCT2026,39500.000000,1700,OPTSTK,BFO,5.000000,170000,False
884997,AUROPHARMA26SEP1800PE,AUROPHARMA,24SEP2026,180000.000000,550,OPTSTK,BFO,5.000000,44000,False
885040,INDUSTOWER26SEP395CE,INDUSTOWER,24SEP2026,39500.000000,1700,OPTSTK,BFO,5.000000,170000,False
885060,AUROPHARMA26OCT1780PE,AUROPHARMA,29OCT2026,178000.000000,550,OPTSTK,BFO,5.000000,44000,False
885122,BOSCHLTD26OCT47000CE,BOSCHLTD,29OCT2026,4700000.000000,25,OPTSTK,BFO,5.000000,1500,False
885138,HEROMOTOCO26SEP6500PE,HEROMOTOCO,24SEP2026,650000.000000,150,OPTSTK,BFO,5.000000,9000,False
885143,HYUNDAI26SEP2360CE,HYUNDAI,24SEP2026,236000.000000,275,OPTSTK,BFO,5.000000,100000000,False
885149,DMART26OCT4400PE,DMART,29OCT2026,440000.000000,150,OPTSTK,BFO,5.000000,100000000,False
885162,INDHOTEL26OCT660PE,INDHOTEL,29OCT2026,66000.000000,1000,OPTSTK,BFO,5.000000,60000,False
885195,RECLTD26OCT310PE,RECLTD,29OCT2026,31000.000000,1575,OPTSTK,BFO,5.000000,160000,False
885240,APLAPOLLO26OCT2120PE,APLAPOLLO,29OCT2026,212000.000000,350,OPTSTK,BFO,5.000000,100000000,False
885261,PAYTM26SEP1640CE,PAYTM,24SEP2026,164000.000000,725,OPTSTK,BFO,5.000000,100000000,False
885265,FOCIT26SEP45200PE,FOCIT,24SEP2026,4520000.000000,45,OPTIDX,BFO,5.000000,1350,False
885271,SBILIFE26OCT1700CE,SBILIFE,29OCT2026,170000.000000,375,OPTSTK,BFO,5.000000,22500,False
885294,NAUKRI26SEP1420PE,NAUKRI,24SEP2026,142000.000000,550,OPTSTK,BFO,5.000000,6000,False
885297,OFSS26OCT12500PE,OFSS,29OCT2026,1250000.000000,100,OPTSTK,BFO,5.000000,8000,False
885314,RADICO26OCT4950CE,RADICO,29OCT2026,495000.000000,150,OPTSTK,BFO,5.000000,100000000,False
885348,LTM26OCT5150CE,LTM,29OCT2026,515000.000000,150,OPTSTK,BFO,5.000000,4500,False
885407,PFC26OCT370PE,PFC,29OCT2026,37000.000000,1300,OPTSTK,BFO,5.000000,124000,False
885438,PAYTM26SEP1600CE,PAYTM,24SEP2026,160000.000000,725,OPTSTK,BFO,5.000000,100000000,False
885445,RADICO26OCT4950PE,RADICO,29OCT2026,495000.000000,150,OPTSTK,BFO,5.000000,100000000,False
885492,VOLTAS26OCT1120PE,VOLTAS,29OCT2026,112000.000000,375,OPTSTK,BFO,5.000000,30000,False
885496,ICICIPRULI26OCT460CE,ICICIPRULI,29OCT2026,46000.000000,925,OPTSTK,BFO,5.000000,60000,False
885534,BHARTIARTL26OCT1800CE,BHARTIARTL,29OCT2026,180000.000000,475,OPTSTK,BFO,5.000000,28500,False
885559,BHARATFORG26OCT1960PE,BHARATFORG,29OCT2026,196000.000000,500,OPTSTK,BFO,5.000000,30000,False
885566,TVSMOTOR26OCT4800PE,TVSMOTOR,29OCT2026,480000.000000,175,OPTSTK,BFO,5.000000,21000,False
885604,POWERINDIA26SEP39000PE,POWERINDIA,24SEP2026,3900000.000000,25,OPTSTK,BFO,5.000000,100000000,False
885615,PAYTM26OCT1660CE,PAYTM,29OCT2026,166000.000000,725,OPTSTK,BFO,5.000000,100000000,False
885624,ZYDUSLIFE26OCT1210PE,ZYDUSLIFE,29OCT2026,121000.000000,900,OPTSTK,BFO,5.000000,54000,False
885643,BOSCHLTD26SEP47500CE,BOSCHLTD,24SEP2026,4750000.000000,25,OPTSTK,BFO,5.000000,1500,False
885671,MCX26OCT3250CE,MCX,29OCT2026,325000.000000,225,OPTSTK,BFO,5.000000,16000,False
885688,POLICYBZR26OCT1840CE,POLICYBZR,29OCT2026,184000.000000,350,OPTSTK,BFO,5.000000,100000000,False
885718,POLICYBZR26OCT1880CE,POLICYBZR,29OCT2026,188000.000000,350,OPTSTK,BFO,5.000000,100000000,False
885721,MAXHEALTH26OCT970CE,MAXHEALTH,29OCT2026,97000.000000,525,OPTSTK,BFO,5.000000,100000000,False
885739,DRREDDY26OCT1270CE,DRREDDY,29OCT2026,127000.000000,625,OPTSTK,BFO,5.000000,5000,False
885745,FOCIT26SEP45400PE,FOCIT,24SEP2026,4540000.000000,45,OPTIDX,BFO,5.000000,1350,False
885763,IRFC26OCT81PE,IRFC,29OCT2026,8100.000000,5425,OPTSTK,BFO,5.000000,100000000,False
885802,NYKAA26OCT290PE,NYKAA,29OCT2026,29000.000000,3125,OPTSTK,BFO,5.000000,100000000,False
885810,OIL26OCT505PE,OIL,29OCT2026,50500.000000,1400,OPTSTK,BFO,5.000000,100000000,False
885815,MOTHERSON26OCT187.5PE,MOTHERSON,29OCT2026,18750.000000,6150,OPTSTK,BFO,5.000000,284000,False
885817,OIL26SEP500CE,OIL,24SEP2026,50000.000000,1400,OPTSTK,BFO,5.000000,100000000,False
885820,MCX26OCT3200PE,MCX,29OCT2026,320000.000000,225,OPTSTK,BFO,5.000000,16000,False
885851,MAXHEALTH26OCT980PE,MAXHEALTH,29OCT2026,98000.000000,525,OPTSTK,BFO,5.000000,100000000,False
885852,BHARATFORG26OCT1920CE,BHARATFORG,29OCT2026,192000.000000,500,OPTSTK,BFO,5.000000,30000,False
885873,MAXHEALTH26SEP980PE,MAXHEALTH,24SEP2026,98000.000000,525,OPTSTK,BFO,5.000000,100000000,False
885908,MANKIND26SEP2280PE,MANKIND,24SEP2026,228000.000000,250,OPTSTK,BFO,5.000000,100000000,False
885910,BOSCHLTD26SEP49000CE,BOSCHLTD,24SEP2026,4900000.000000,25,OPTSTK,BFO,5.000000,1500,False
885940,MAXHEALTH26SEP970PE,MAXHEALTH,24SEP2026,97000.000000,525,OPTSTK,BFO,5.000000,100000000,False
885999,NATIONALUM26OCT490PE,NATIONALUM,29OCT2026,49000.000000,1875,OPTSTK,BFO,5.000000,300000,False
886002,INDUSTOWER26SEP410PE,INDUSTOWER,24SEP2026,41000.000000,1700,OPTSTK,BFO,5.000000,170000,False
886015,BRITANNIA26OCT6000CE,BRITANNIA,29OCT2026,600000.000000,125,OPTSTK,BFO,5.000000,6000,False
886021,LUPIN26SEP2120PE,LUPIN,24SEP2026,212000.000000,425,OPTSTK,BFO,5.000000,34000,False
886028,TCS26OCT2200CE,TCS,29OCT2026,220000.000000,225,OPTSTK,BFO,5.000000,7000,False
886030,SOLARINDS26OCT20750CE,SOLARINDS,29OCT2026,2075000.000000,50,OPTSTK,BFO,5.000000,100000000,False
886044,KEI26OCT6400PE,KEI,29OCT2026,640000.000000,175,OPTSTK,BFO,5.000000,100000000,False
886071,GODREJCP26OCT890PE,GODREJCP,29OCT2026,89000.000000,500,OPTSTK,BFO,5.000000,30000,False
886105,NATIONALUM26OCT480CE,NATIONALUM,29OCT2026,48000.000000,1875,OPTSTK,BFO,5.000000,300000,False
886109,AMBER26OCT6300CE,AMBER,29OCT2026,630000.000000,100,OPTSTK,BFO,5.000000,100000000,False
886110,BLUESTARCO26SEP1340CE,BLUESTARCO,24SEP2026,134000.000000,325,OPTSTK,BFO,5.000000,100000000,False
886115,NATIONALUM26OCT480PE,NATIONALUM,29OCT2026,48000.000000,1875,OPTSTK,BFO,5.000000,300000,False
886117,LUPIN26OCT2120PE,LUPIN,29OCT2026,212000.000000,425,OPTSTK,BFO,5.000000,34000,False
886124,GODREJCP26SEP890PE,GODREJCP,24SEP2026,89000.000000,500,OPTSTK,BFO,5.000000,30000,False
886153,MAXHEALTH26SEP950PE,MAXHEALTH,24SEP2026,95000.000000,525,OPTSTK,BFO,5.000000,100000000,False
886165,GODREJCP26OCT930PE,GODREJCP,29OCT2026,93000.000000,500,OPTSTK,BFO,5.000000,30000,False
886184,INDUSTOWER26OCT410CE,INDUSTOWER,29OCT2026,41000.000000,1700,OPTSTK,BFO,5.000000,170000,False
886196,MAXHEALTH26OCT960CE,MAXHEALTH,29OCT2026,96000.000000,525,OPTSTK,BFO,5.000000,100000000,False
886208,BHEL26OCT455CE,BHEL,29OCT2026,45500.000000,2625,OPTSTK,BFO,5.000000,315000,False
886229,FORTIS26SEP820PE,FORTIS,24SEP2026,82000.000000,775,OPTSTK,BFO,5.000000,100000000,False
886242,MAXHEALTH26SEP940CE,MAXHEALTH,24SEP2026,94000.000000,525,OPTSTK,BFO,5.000000,100000000,False
886302,TATACONSUM26OCT1000CE,TATACONSUM,29OCT2026,100000.000000,550,OPTSTK,BFO,5.000000,36000,False
886349,LODHA26OCT1060CE,LODHA,29OCT2026,106000.000000,625,OPTSTK,BFO,5.000000,100000000,False
886395,PNB26SEP124CE,PNB,24SEP2026,12400.000000,8000,OPTSTK,BFO,5.000000,480000,False
886399,TATACONSUM26OCT1000PE,TATACONSUM,29OCT2026,100000.000000,550,OPTSTK,BFO,5.000000,36000,False
886402,UNIONBANK26OCT205CE,UNIONBANK,29OCT2026,20500.000000,4425,OPTSTK,BFO,5.000000,100000000,False
886419,NATIONALUM26SEP480CE,NATIONALUM,24SEP2026,48000.000000,1875,OPTSTK,BFO,5.000000,300000,False
886420,AMBUJACEM26OCT385CE,AMBUJACEM,29OCT2026,38500.000000,1200,OPTSTK,BFO,5.000000,54000,False
886485,SENSEX26O0176500PE,SENSEX,01OCT2026,7650000.000000,20,OPTIDX,BFO,5.000000,1000,False
886515,HINDPETRO26OCT320PE,HINDPETRO,29OCT2026,32000.000000,2025,OPTSTK,BFO,5.000000,108000,False
886586,HINDPETRO26OCT360PE,HINDPETRO,29OCT2026,36000.000000,2025,OPTSTK,BFO,5.000000,108000,False
886595,SENSEX26O0182000CE,SENSEX,01OCT2026,8200000.000000,20,OPTIDX,BFO,5.000000,1000,False
886614,SAIL26OCT150PE,SAIL,29OCT2026,15000.000000,4700,OPTSTK,BFO,5.000000,320000,False
886671,SENSEX26O0171900PE,SENSEX,01OCT2026,7190000.000000,20,OPTIDX,BFO,5.000000,1000,False
886673,SENSEX26O0184500CE,SENSEX,01OCT2026,8450000.000000,20,OPTIDX,BFO,5.000000,1000,False
886678,ADANIGREEN26SEP1180CE,ADANIGREEN,24SEP2026,118000.000000,600,OPTSTK,BFO,5.000000,100000000,False
886691,HINDPETRO26SEP430PE,HINDPETRO,24SEP2026,43000.000000,2025,OPTSTK,BFO,5.000000,108000,False
886695,SENSEX26O0177800CE,SENSEX,01OCT2026,7780000.000000,20,OPTIDX,BFO,5.000000,1000,False
886714,SENSEX26O0177200PE,SENSEX,01OCT2026,7720000.000000,20,OPTIDX,BFO,5.000000,1000,False
886740,SENSEX26O0177100CE,SENSEX,01OCT2026,7710000.000000,20,OPTIDX,BFO,5.000000,1000,False
886748,SENSEX26O0175700CE,SENSEX,01OCT2026,7570000.000000,20,OPTIDX,BFO,5.000000,1000,False
886756,SENSEX26O0181100CE,SENSEX,01OCT2026,8110000.000000,20,OPTIDX,BFO,5.000000,1000,False
886758,HINDPETRO26SEP380PE,HINDPETRO,24SEP2026,38000.000000,2025,OPTSTK,BFO,5.000000,108000,False
886779,BDL26OCT1520CE,BDL,29OCT2026,152000.000000,425,OPTSTK,BFO,5.000000,100000000,False
886805,SENSEX26O0173600CE,SENSEX,01OCT2026,7360000.000000,20,OPTIDX,BFO,5.000000,1000,False
886815,SENSEX26O0181300CE,SENSEX,01OCT2026,8130000.000000,20,OPTIDX,BFO,5.000000,1000,False
886828,SENSEX26O0179900PE,SENSEX,01OCT2026,7990000.000000,20,OPTIDX,BFO,5.000000,1000,False
886863,RADICO26OCT5000PE,RADICO,29OCT2026,500000.000000,150,OPTSTK,BFO,5.000000,100000000,False
886898,SENSEX26O0173100CE,SENSEX,01OCT2026,7310000.000000,20,OPTIDX,BFO,5.000000,1000,False
886906,SENSEX26O0171700CE,SENSEX,01OCT2026,7170000.000000,20,OPTIDX,BFO,5.000000,1000,False
886941,KEI26OCT6500PE,KEI,29OCT2026,650000.000000,175,OPTSTK,BFO,5.000000,100000000,False
886946,SENSEX26O0177000CE,SENSEX,01OCT2026,7700000.000000,20,OPTIDX,BFO,5.000000,1000,False
886947,SENSEX26O0179300CE,SENSEX,01OCT2026,7930000.000000,20,OPTIDX,BFO,5.000000,1000,False
886993,SENSEX26O0178900CE,SENSEX,01OCT2026,7890000.000000,20,OPTIDX,BFO,5.000000,1000,False
886997,SENSEX26O0183600PE,SENSEX,01OCT2026,8360000.000000,20,OPTIDX,BFO,5.000000,1000,False
887001,SENSEX26O0172900CE,SENSEX,01OCT2026,7290000.000000,20,OPTIDX,BFO,5.000000,1000,False
887002,HINDPETRO26OCT430PE,HINDPETRO,29OCT2026,43000.000000,2025,OPTSTK,BFO,5.000000,108000,False
887023,PAGEIND26SEP33500PE,PAGEIND,24SEP2026,3350000.000000,20,OPTSTK,BFO,5.000000,600,False
887028,SENSEX26O0183500CE,SENSEX,01OCT2026,8350000.000000,20,OPTIDX,BFO,5.000000,1000,False
887034,SENSEX26O0177500PE,SENSEX,01OCT2026,7750000.000000,20,OPTIDX,BFO,5.000000,1000,False
887040,SENSEX26O0174500CE,SENSEX,01OCT2026,7450000.000000,20,OPTIDX,BFO,5.000000,1000,False
887067,SENSEX26O0175400PE,SENSEX,01OCT2026,7540000.000000,20,OPTIDX,BFO,5.000000,1000,False
887073,SENSEX26O0176100CE,SENSEX,01OCT2026,7610000.000000,20,OPTIDX,BFO,5.000000,1000,False
887075,SENSEX26O0178400CE,SENSEX,01OCT2026,7840000.000000,20,OPTIDX,BFO,5.000000,1000,False
887078,SENSEX26O0183100PE,SENSEX,01OCT2026,8310000.000000,20,OPTIDX,BFO,5.000000,1000,False
887085,CUMMINSIND26OCT4600PE,CUMMINSIND,29OCT2026,460000.000000,200,OPTSTK,BFO,5.000000,18000,False
887094,SENSEX26O0176400PE,SENSEX,01OCT2026,7640000.000000,20,OPTIDX,BFO,5.000000,1000,False
887101,SENSEX26O0183000CE,SENSEX,01OCT2026,8300000.000000,20,OPTIDX,BFO,5.000000,1000,False
887117,SENSEX26O0177000PE,SENSEX,01OCT2026,7700000.000000,20,OPTIDX,BFO,5.000000,1000,False
887131,OBEROIRLTY26OCT1980CE,OBEROIRLTY,29OCT2026,198000.000000,350,OPTSTK,BFO,5.000000,28000,False
887135,SENSEX26O0172600CE,SENSEX,01OCT2026,7260000.000000,20,OPTIDX,BFO,5.000000,1000,False
887140,SENSEX26O0181900PE,SENSEX,01OCT2026,8190000.000000,20,OPTIDX,BFO,5.000000,1000,False
887142,SENSEX26O0184000CE,SENSEX,01OCT2026,8400000.000000,20,OPTIDX,BFO,5.000000,1000,False
887145,SENSEX26O0180300CE,SENSEX,01OCT2026,8030000.000000,20,OPTIDX,BFO,5.000000,1000,False
887168,HINDPETRO26OCT420CE,HINDPETRO,29OCT2026,42000.000000,2025,OPTSTK,BFO,5.000000,108000,False
887195,SENSEX26O0178800CE,SENSEX,01OCT2026,7880000.000000,20,OPTIDX,BFO,5.000000,1000,False
887197,SENSEX26O0181200PE,SENSEX,01OCT2026,8120000.000000,20,OPTIDX,BFO,5.000000,1000,False
887206,ALKEM26OCT5050CE,ALKEM,29OCT2026,505000.000000,125,OPTSTK,BFO,5.000000,8000,False
887216,SENSEX26O0172200PE,SENSEX,01OCT2026,7220000.000000,20,OPTIDX,BFO,5.000000,1000,False
887228,SENSEX26O0184500PE,SENSEX,01OCT2026,8450000.000000,20,OPTIDX,BFO,5.000000,1000,False
887229,APLAPOLLO26SEP2180CE,APLAPOLLO,24SEP2026,218000.000000,350,OPTSTK,BFO,5.000000,100000000,False
887261,SENSEX26O0181400PE,SENSEX,01OCT2026,8140000.000000,20,OPTIDX,BFO,5.000000,1000,False
887292,SENSEX26O0184700PE,SENSEX,01OCT2026,8470000.000000,20,OPTIDX,BFO,5.000000,1000,False
887296,PNBHOUSING26OCT1300PE,PNBHOUSING,29OCT2026,130000.000000,650,OPTSTK,BFO,5.000000,100000000,False
887317,ADANIGREEN26OCT1180CE,ADANIGREEN,29OCT2026,118000.000000,600,OPTSTK,BFO,5.000000,100000000,False
887335,SENSEX26O0180900CE,SENSEX,01OCT2026,8090000.000000,20,OPTIDX,BFO,5.000000,1000,False
887338,MUTHOOTFIN26SEP2500PE,MUTHOOTFIN,24SEP2026,250000.000000,275,OPTSTK,BFO,5.000000,22000,False
887341,CUMMINSIND26SEP4600PE,CUMMINSIND,24SEP2026,460000.000000,200,OPTSTK,BFO,5.000000,18000,False
887355,SENSEX26O0172600PE,SENSEX,01OCT2026,7260000.000000,20,OPTIDX,BFO,5.000000,1000,False
887364,SENSEX26O0177900CE,SENSEX,01OCT2026,7790000.000000,20,OPTIDX,BFO,5.000000,1000,False
887369,SOLARINDS26SEP21750CE,SOLARINDS,24SEP2026,2175000.000000,50,OPTSTK,BFO,5.000000,100000000,False
887386,JSWSTEEL26OCT1120CE,JSWSTEEL,29OCT2026,112000.000000,675,OPTSTK,BFO,5.000000,40500,False
887439,HAVELLS26SEP1440PE,HAVELLS,24SEP2026,144000.000000,500,OPTSTK,BFO,5.000000,20000,False
887465,PIDILITIND26OCT1840CE,PIDILITIND,29OCT2026,184000.000000,500,OPTSTK,BFO,5.000000,10000,False
887469,RECLTD26OCT305PE,RECLTD,29OCT2026,30500.000000,1575,OPTSTK,BFO,5.000000,160000,False
887487,COLPAL26OCT1840CE,COLPAL,29OCT2026,184000.000000,275,OPTSTK,BFO,5.000000,14000,False
887490,VMM26SEP87.5PE,VMM,24SEP2026,8750.000000,4850,OPTSTK,BFO,5.000000,100000000,False
887522,APLAPOLLO26SEP2220CE,APLAPOLLO,24SEP2026,222000.000000,350,OPTSTK,BFO,5.000000,100000000,False
887530,BHARTIARTL26OCT2140CE,BHARTIARTL,29OCT2026,214000.000000,475,OPTSTK,BFO,5.000000,28500,False
887550,DELHIVERY26SEP425PE,DELHIVERY,24SEP2026,42500.000000,2075,OPTSTK,BFO,5.000000,100000000,False
887562,COLPAL26OCT1840PE,COLPAL,29OCT2026,184000.000000,275,OPTSTK,BFO,5.000000,14000,False
887570,COLPAL26SEP1840CE,COLPAL,24SEP2026,184000.000000,275,OPTSTK,BFO,5.000000,14000,False
887603,GMRAIRPORT26OCT95PE,GMRAIRPORT,29OCT2026,9500.000000,6975,OPTSTK,BFO,5.000000,675000,False
887604,GLENMARK26SEP2460PE,GLENMARK,24SEP2026,246000.000000,375,OPTSTK,BFO,5.000000,43500,False
887671,LUPIN26OCT2100PE,LUPIN,29OCT2026,210000.000000,425,OPTSTK,BFO,5.000000,34000,False
887676,GMRAIRPORT26SEP95PE,GMRAIRPORT,24SEP2026,9500.000000,6975,OPTSTK,BFO,5.000000,675000,False
887727,SHREECEM26OCT23000PE,SHREECEM,29OCT2026,2300000.000000,25,OPTSTK,BFO,5.000000,1000,False
887751,VMM26SEP87.5CE,VMM,24SEP2026,8750.000000,4850,OPTSTK,BFO,5.000000,100000000,False
887779,GLENMARK26OCT2460PE,GLENMARK,29OCT2026,246000.000000,375,OPTSTK,BFO,5.000000,43500,False
887853,ULTRACEMCO26OCT10900CE,ULTRACEMCO,29OCT2026,1090000.000000,50,OPTSTK,BFO,5.000000,3000,False
887944,LT26OCT4450PE,LT,29OCT2026,445000.000000,175,OPTSTK,BFO,5.000000,12000,False
887951,HCLTECH26OCT1260CE,HCLTECH,29OCT2026,126000.000000,400,OPTSTK,BFO,5.000000,21000,False
888017,IRFC26OCT80CE,IRFC,29OCT2026,8000.000000,5425,OPTSTK,BFO,5.000000,100000000,False
888088,TRENT26OCT2600PE,TRENT,29OCT2026,260000.000000,225,OPTSTK,BFO,5.000000,16000,False
888108,JUBLFOOD26SEP545PE,JUBLFOOD,24SEP2026,54500.000000,1250,OPTSTK,BFO,5.000000,50000,False
888129,MOTILALOFS26OCT1060CE,MOTILALOFS,29OCT2026,106000.000000,775,OPTSTK,BFO,5.000000,100000000,False
888142,ULTRACEMCO26SEP10900PE,ULTRACEMCO,24SEP2026,1090000.000000,50,OPTSTK,BFO,5.000000,3000,False
888146,ITC26OCT257.5PE,ITC,29OCT2026,25750.000000,1725,OPTSTK,BFO,5.000000,64000,False
888153,SUNPHARMA26OCT1740CE,SUNPHARMA,29OCT2026,174000.000000,350,OPTSTK,BFO,5.000000,28000,False
888169,POWERGRID26OCT247.5CE,POWERGRID,29OCT2026,24750.000000,1900,OPTSTK,BFO,5.000000,108000,False
888175,OBEROIRLTY26OCT2080PE,OBEROIRLTY,29OCT2026,208000.000000,350,OPTSTK,BFO,5.000000,28000,False
888206,JUBLFOOD26OCT545PE,JUBLFOOD,29OCT2026,54500.000000,1250,OPTSTK,BFO,5.000000,50000,False
888215,JUBLFOOD26SEP540CE,JUBLFOOD,24SEP2026,54000.000000,1250,OPTSTK,BFO,5.000000,50000,False
888226,TCS26OCT2180PE,TCS,29OCT2026,218000.000000,225,OPTSTK,BFO,5.000000,7000,False
888244,MAXHEALTH26SEP930PE,MAXHEALTH,24SEP2026,93000.000000,525,OPTSTK,BFO,5.000000,100000000,False
888255,IOC26OCT120PE,IOC,29OCT2026,12000.000000,4875,OPTSTK,BFO,5.000000,292500,False
888297,SENSEX2691770600PE,SENSEX,17SEP2026,7060000.000000,20,OPTIDX,BFO,5.000000,1000,False
888299,MARICO26OCT770PE,MARICO,29OCT2026,77000.000000,1200,OPTSTK,BFO,5.000000,48000,False
888301,SENSEX26O0170500PE,SENSEX,01OCT2026,7050000.000000,20,OPTIDX,BFO,5.000000,1000,False
888310,HCLTECH26OCT1230PE,HCLTECH,29OCT2026,123000.000000,400,OPTSTK,BFO,5.000000,21000,False
888333,SENSEX26O0170600CE,SENSEX,01OCT2026,7060000.000000,20,OPTIDX,BFO,5.000000,1000,False
888348,HAL26OCT5450CE,HAL,29OCT2026,545000.000000,150,OPTSTK,BFO,5.000000,9000,False
888374,COALINDIA26OCT370CE,COALINDIA,29OCT2026,37000.000000,1350,OPTSTK,BFO,5.000000,126000,False
888385,SENSEX26O0170400PE,SENSEX,01OCT2026,7040000.000000,20,OPTIDX,BFO,5.000000,1000,False
888392,COLPAL26SEP1780PE,COLPAL,24SEP2026,178000.000000,275,OPTSTK,BFO,5.000000,14000,False
888393,SENSEX26OCT70600CE,SENSEX,29OCT2026,7060000.000000,20,OPTIDX,BFO,5.000000,1000,False
888394,JIOFIN26OCT227.5CE,JIOFIN,29OCT2026,22750.000000,2350,OPTSTK,BFO,5.000000,100000000,False
888395,DELHIVERY26SEP415CE,DELHIVERY,24SEP2026,41500.000000,2075,OPTSTK,BFO,5.000000,100000000,False
888404,KOTAKBANK26OCT350PE,KOTAKBANK,29OCT2026,35000.000000,2000,OPTSTK,BFO,5.000000,12000,False
888425,HCLTECH26OCT1250CE,HCLTECH,29OCT2026,125000.000000,400,OPTSTK,BFO,5.000000,21000,False
888426,SENSEX26OCT70200PE,SENSEX,29OCT2026,7020000.000000,20,OPTIDX,BFO,5.000000,1000,False
888447,TIINDIA26OCT3250CE,TIINDIA,29OCT2026,325000.000000,200,OPTSTK,BFO,5.000000,100000000,False
888453,SENSEX26OCT70400PE,SENSEX,29OCT2026,7040000.000000,20,OPTIDX,BFO,5.000000,1000,False
888461,COLPAL26OCT1780PE,COLPAL,29OCT2026,178000.000000,275,OPTSTK,BFO,5.000000,14000,False
888538,COLPAL26SEP1800CE,COLPAL,24SEP2026,180000.000000,275,OPTSTK,BFO,5.000000,14000,False
888554,NYKAA26OCT285PE,NYKAA,29OCT2026,28500.000000,3125,OPTSTK,BFO,5.000000,100000000,False
888572,SENSEX26O0170500CE,SENSEX,01OCT2026,7050000.000000,20,OPTIDX,BFO,5.000000,1000,False
888616,SONACOMS26OCT900PE,SONACOMS,29OCT2026,90000.000000,1225,OPTSTK,BFO,5.000000,100000000,False
888654,SENSEX26O0170300PE,SENSEX,01OCT2026,7030000.000000,20,OPTIDX,BFO,5.000000,1000,False
888655,LUPIN26OCT2080CE,LUPIN,29OCT2026,208000.000000,425,OPTSTK,BFO,5.000000,34000,False
888687,PAGEIND26SEP32000PE,PAGEIND,24SEP2026,3200000.000000,20,OPTSTK,BFO,5.000000,600,False
888710,CUMMINSIND26SEP4500PE,CUMMINSIND,24SEP2026,450000.000000,200,OPTSTK,BFO,5.000000,18000,False
888791,COALINDIA26OCT365CE,COALINDIA,29OCT2026,36500.000000,1350,OPTSTK,BFO,5.000000,126000,False
888815,SENSEX26OCT70000CE,SENSEX,29OCT2026,7000000.000000,20,OPTIDX,BFO,5.000000,1000,False
888828,CIPLA26OCT1350PE,CIPLA,29OCT2026,135000.000000,425,OPTSTK,BFO,5.000000,26000,False
888842,IRFC26SEP78CE,IRFC,24SEP2026,7800.000000,5425,OPTSTK,BFO,5.000000,100000000,False
888843,PAGEIND26SEP32500CE,PAGEIND,24SEP2026,3250000.000000,20,OPTSTK,BFO,5.000000,600,False
888911,POLICYBZR26OCT1920CE,POLICYBZR,29OCT2026,192000.000000,350,OPTSTK,BFO,5.000000,100000000,False
888913,GVT&D26OCT3400CE,GVT&D,29OCT2026,340000.000000,125,OPTSTK,BFO,5.000000,100000000,False
888949,SENSEX26O0879900PE,SENSEX,08OCT2026,7990000.000000,20,OPTIDX,BFO,5.000000,1000,False
888952,SENSEX26O0873900PE,SENSEX,08OCT2026,7390000.000000,20,OPTIDX,BFO,5.000000,1000,False
888982,SENSEX26O0877800PE,SENSEX,08OCT2026,7780000.000000,20,OPTIDX,BFO,5.000000,1000,False
888990,SENSEX26O0874800CE,SENSEX,08OCT2026,7480000.000000,20,OPTIDX,BFO,5.000000,1000,False
888993,SENSEX26O0881800PE,SENSEX,08OCT2026,8180000.000000,20,OPTIDX,BFO,5.000000,1000,False
888995,SENSEX26O0873100CE,SENSEX,08OCT2026,7310000.000000,20,OPTIDX,BFO,5.000000,1000,False
888999,SENSEX26O0871700CE,SENSEX,08OCT2026,7170000.000000,20,OPTIDX,BFO,5.000000,1000,False
889002,RBLBANK26SEP430CE,RBLBANK,24SEP2026,43000.000000,3175,OPTSTK,BFO,5.000000,150000,False
889007,APLAPOLLO26SEP2280CE,APLAPOLLO,24SEP2026,228000.000000,350,OPTSTK,BFO,5.000000,100000000,False
889026,SENSEX26O0883400PE,SENSEX,08OCT2026,8340000.000000,20,OPTIDX,BFO,5.000000,1000,False
889064,MANKIND26OCT2240CE,MANKIND,29OCT2026,224000.000000,250,OPTSTK,BFO,5.000000,100000000,False
889078,SENSEX26O0870900PE,SENSEX,08OCT2026,7090000.000000,20,OPTIDX,BFO,5.000000,1000,False
889101,SENSEX26O0883800PE,SENSEX,08OCT2026,8380000.000000,20,OPTIDX,BFO,5.000000,1000,False
889102,SENSEX26O0870800CE,SENSEX,08OCT2026,7080000.000000,20,OPTIDX,BFO,5.000000,1000,False
889104,MOTILALOFS26OCT1120PE,MOTILALOFS,29OCT2026,112000.000000,775,OPTSTK,BFO,5.000000,100000000,False
889154,SENSEX26O0881000PE,SENSEX,08OCT2026,8100000.000000,20,OPTIDX,BFO,5.000000,1000,False
889162,SENSEX26O0884000CE,SENSEX,08OCT2026,8400000.000000,20,OPTIDX,BFO,5.000000,1000,False
889176,SENSEX26O0876600PE,SENSEX,08OCT2026,7660000.000000,20,OPTIDX,BFO,5.000000,1000,False
889186,SENSEX26O0880600PE,SENSEX,08OCT2026,8060000.000000,20,OPTIDX,BFO,5.000000,1000,False
889192,MANKIND26OCT2240PE,MANKIND,29OCT2026,224000.000000,250,OPTSTK,BFO,5.000000,100000000,False
889194,SENSEX26O0878800CE,SENSEX,08OCT2026,7880000.000000,20,OPTIDX,BFO,5.000000,1000,False
889231,RECLTD26OCT295CE,RECLTD,29OCT2026,29500.000000,1575,OPTSTK,BFO,5.000000,160000,False
889236,SENSEX26O0878100CE,SENSEX,08OCT2026,7810000.000000,20,OPTIDX,BFO,5.000000,1000,False
889242,PFC26OCT335PE,PFC,29OCT2026,33500.000000,1300,OPTSTK,BFO,5.000000,124000,False
889246,SENSEX26O0870700CE,SENSEX,08OCT2026,7070000.000000,20,OPTIDX,BFO,5.000000,1000,False
889247,RECLTD26OCT295PE,RECLTD,29OCT2026,29500.000000,1575,OPTSTK,BFO,5.000000,160000,False
889249,SENSEX26O0882100CE,SENSEX,08OCT2026,8210000.000000,20,OPTIDX,BFO,5.000000,1000,False
889305,MCX26OCT3450CE,MCX,29OCT2026,345000.000000,225,OPTSTK,BFO,5.000000,16000,False
889330,SENSEX26O0876200CE,SENSEX,08OCT2026,7620000.000000,20,OPTIDX,BFO,5.000000,1000,False
889388,SENSEX26O0882700CE,SENSEX,08OCT2026,8270000.000000,20,OPTIDX,BFO,5.000000,1000,False
889429,SENSEX26O0871700PE,SENSEX,08OCT2026,7170000.000000,20,OPTIDX,BFO,5.000000,1000,False
889458,SENSEX26O0880900PE,SENSEX,08OCT2026,8090000.000000,20,OPTIDX,BFO,5.000000,1000,False
889477,IOC26OCT117.5PE,IOC,29OCT2026,11750.000000,4875,OPTSTK,BFO,5.000000,292500,False
889495,SENSEX26O0883200CE,SENSEX,08OCT2026,8320000.000000,20,OPTIDX,BFO,5.000000,1000,False
889512,SENSEX26O0883500PE,SENSEX,08OCT2026,8350000.000000,20,OPTIDX,BFO,5.000000,1000,False
889530,SENSEX26O0883400CE,SENSEX,08OCT2026,8340000.000000,20,OPTIDX,BFO,5.000000,1000,False
889541,COFORGE26SEP1980PE,COFORGE,24SEP2026,198000.000000,475,OPTSTK,BFO,5.000000,6000,False
889557,PREMIERENE26OCT1200CE,PREMIERENE,29OCT2026,120000.000000,650,OPTSTK,BFO,5.000000,100000000,False
889581,BEL26OCT450PE,BEL,29OCT2026,45000.000000,1425,OPTSTK,BFO,5.000000,228000,False
889659,KOTAKBANK26OCT440PE,KOTAKBANK,29OCT2026,44000.000000,2000,OPTSTK,BFO,5.000000,12000,False
889674,UNITDSPR26OCT1700CE,UNITDSPR,29OCT2026,170000.000000,400,OPTSTK,BFO,5.000000,28000,False
889706,PETRONET26OCT330PE,PETRONET,29OCT2026,33000.000000,1900,OPTSTK,BFO,5.000000,120000,False
889736,VMM26OCT130CE,VMM,29OCT2026,13000.000000,4850,OPTSTK,BFO,5.000000,100000000,False
889747,ALKEM26SEP5000CE,ALKEM,24SEP2026,500000.000000,125,OPTSTK,BFO,5.000000,8000,False
889779,TATAPOWER26OCT335PE,TATAPOWER,29OCT2026,33500.000000,1450,OPTSTK,BFO,5.000000,101250,False
889818,SIEMENS26SEP4400CE,SIEMENS,24SEP2026,440000.000000,175,OPTSTK,BFO,5.000000,8250,False
889827,SIEMENS26SEP4450PE,SIEMENS,24SEP2026,445000.000000,175,OPTSTK,BFO,5.000000,8250,False
889855,MCX26SEP3600PE,MCX,24SEP2026,360000.000000,225,OPTSTK,BFO,5.000000,16000,False
889871,GLENMARK26SEP2500PE,GLENMARK,24SEP2026,250000.000000,375,OPTSTK,BFO,5.000000,43500,False
889901,ONGC26OCT217.5PE,ONGC,29OCT2026,21750.000000,2250,OPTSTK,BFO,5.000000,154000,False
889943,KAYNES26OCT4300CE,KAYNES,29OCT2026,430000.000000,150,OPTSTK,BFO,5.000000,100000000,False
889995,KAYNES26OCT4300PE,KAYNES,29OCT2026,430000.000000,150,OPTSTK,BFO,5.000000,100000000,False
884020,CHOLAFIN26SEP2080CE,CHOLAFIN,24SEP2026,208000.000000,625,OPTSTK,BFO,5.000000,25000,False
884056,HAL26OCT5150CE,HAL,29OCT2026,515000.000000,150,OPTSTK,BFO,5.000000,9000,False
884077,COFORGE26SEP1920PE,COFORGE,24SEP2026,192000.000000,475,OPTSTK,BFO,5.000000,6000,False
884090,KFINTECH26OCT780PE,KFINTECH,29OCT2026,78000.000000,575,OPTSTK,BFO,5.000000,100000000,False
884126,SHRIRAMFIN26SEP1280PE,SHRIRAMFIN,24SEP2026,128000.000000,825,OPTSTK,BFO,5.000000,18000,False
884172,POLYCAB26OCT10000PE,POLYCAB,29OCT2026,1000000.000000,125,OPTSTK,BFO,5.000000,9000,False
884228,POWERGRID26OCT255CE,POWERGRID,29OCT2026,25500.000000,1900,OPTSTK,BFO,5.000000,108000,False
884253,BHARATFORG26SEP2380PE,BHARATFORG,24SEP2026,238000.000000,500,OPTSTK,BFO,5.000000,30000,False
884273,CANBK26OCT150PE,CANBK,29OCT2026,15000.000000,6750,OPTSTK,BFO,5.000000,81000,False
884297,SENSEX26SEP85900CE,SENSEX,24SEP2026,8590000.000000,20,OPTIDX,BFO,5.000000,1000,False
884312,CHOLAFIN26OCT2060PE,CHOLAFIN,29OCT2026,206000.000000,625,OPTSTK,BFO,5.000000,25000,False
884323,UNIONBANK26SEP195PE,UNIONBANK,24SEP2026,19500.000000,4425,OPTSTK,BFO,5.000000,100000000,False
884334,SENSEX5026SEP26850CE,SENSEX50,24SEP2026,2685000.000000,75,OPTIDX,BFO,5.000000,1800,False
884355,BLUESTARCO26OCT1440CE,BLUESTARCO,29OCT2026,144000.000000,325,OPTSTK,BFO,5.000000,100000000,False
884395,ICICIBANK26SEP1540PE,ICICIBANK,24SEP2026,154000.000000,700,OPTSTK,BFO,5.000000,28000,False
884396,NBCC26OCT115CE,NBCC,29OCT2026,11500.000000,6500,OPTSTK,BFO,5.000000,100000000,False
884411,POWERGRID26SEP252.5CE,POWERGRID,24SEP2026,25250.000000,1900,OPTSTK,BFO,5.000000,108000,False
884423,SBIN26SEP1150PE,SBIN,24SEP2026,115000.000000,750,OPTSTK,BFO,5.000000,45000,False
884430,SHRIRAMFIN26OCT1280CE,SHRIRAMFIN,29OCT2026,128000.000000,825,OPTSTK,BFO,5.000000,18000,False
884469,NESTLEIND26OCT1610PE,NESTLEIND,29OCT2026,161000.000000,500,OPTSTK,BFO,5.000000,1200,False
884481,BHARATFORG26OCT2400PE,BHARATFORG,29OCT2026,240000.000000,500,OPTSTK,BFO,5.000000,30000,False
884487,PGEL26OCT700PE,PGEL,29OCT2026,70000.000000,950,OPTSTK,BFO,5.000000,100000000,False
884529,INDUSTOWER26OCT380PE,INDUSTOWER,29OCT2026,38000.000000,1700,OPTSTK,BFO,5.000000,170000,False
884536,MOTHERSON26SEP175CE,MOTHERSON,24SEP2026,17500.000000,6150,OPTSTK,BFO,5.000000,284000,False
884547,MPHASIS26OCT2850PE,MPHASIS,29OCT2026,285000.000000,275,OPTSTK,BFO,5.000000,11000,False
884548,ICICIBANK26OCT1350CE,ICICIBANK,29OCT2026,135000.000000,700,OPTSTK,BFO,5.000000,28000,False
884574,GRASIM26OCT3360PE,GRASIM,29OCT2026,336000.000000,250,OPTSTK,BFO,5.000000,14250,False
884550,FOCIT26OCT45100CE,FOCIT,29OCT2026,4510000.000000,45,OPTIDX,BFO,5.000000,1350,False
884648,INDUSTOWER26OCT370CE,INDUSTOWER,29OCT2026,37000.000000,1700,OPTSTK,BFO,5.000000,170000,False
884579,MOTHERSON26OCT177.5CE,MOTHERSON,29OCT2026,17750.000000,6150,OPTSTK,BFO,5.000000,284000,False
884586,GRASIM26SEP3440PE,GRASIM,24SEP2026,344000.000000,250,OPTSTK,BFO,5.000000,14250,False
884623,SBIN26SEP1170CE,SBIN,24SEP2026,117000.000000,750,OPTSTK,BFO,5.000000,45000,False
884691,INDIANB26OCT970PE,INDIANB,29OCT2026,97000.000000,1000,OPTSTK,BFO,5.000000,100000000,False
884703,ICICIPRULI26OCT465PE,ICICIPRULI,29OCT2026,46500.000000,925,OPTSTK,BFO,5.000000,60000,False
884716,UNITDSPR26OCT1360CE,UNITDSPR,29OCT2026,136000.000000,400,OPTSTK,BFO,5.000000,28000,False
884722,PGEL26OCT700CE,PGEL,29OCT2026,70000.000000,950,OPTSTK,BFO,5.000000,100000000,False
884798,INDUSTOWER26OCT360PE,INDUSTOWER,29OCT2026,36000.000000,1700,OPTSTK,BFO,5.000000,170000,False
884804,BLUESTARCO26SEP1400CE,BLUESTARCO,24SEP2026,140000.000000,325,OPTSTK,BFO,5.000000,100000000,False
884815,TATAELXSI26OCT4150CE,TATAELXSI,29OCT2026,415000.000000,125,OPTSTK,BFO,5.000000,100000000,False
884837,AUROPHARMA26SEP1800CE,AUROPHARMA,24SEP2026,180000.000000,550,OPTSTK,BFO,5.000000,44000,False
884852,M&M26OCT3850PE,M&M,29OCT2026,385000.000000,200,OPTSTK,BFO,5.000000,21000,False
884858,INDIANB26SEP960CE,INDIANB,24SEP2026,96000.000000,1000,OPTSTK,BFO,5.000000,100000000,False
884860,GODREJCP26OCT980CE,GODREJCP,29OCT2026,98000.000000,500,OPTSTK,BFO,5.000000,30000,False
884861,GRASIM26OCT3380PE,GRASIM,29OCT2026,338000.000000,250,OPTSTK,BFO,5.000000,14250,False
884885,GRASIM26SEP3380CE,GRASIM,24SEP2026,338000.000000,250,OPTSTK,BFO,5.000000,14250,False
884925,MOTHERSON26OCT180PE,MOTHERSON,29OCT2026,18000.000000,6150,OPTSTK,BFO,5.000000,284000,False
884941,LICHSGFIN26SEP430PE,LICHSGFIN,24SEP2026,43000.000000,1000,OPTSTK,BFO,5.000000,60000,False
884964,INDUSTOWER26OCT355PE,INDUSTOWER,29OCT2026,35500.000000,1700,OPTSTK,BFO,5.000000,170000,False
885013,NHPC26SEP70CE,NHPC,24SEP2026,7000.000000,6950,OPTSTK,BFO,5.000000,100000000,False
885026,MPHASIS26SEP2850PE,MPHASIS,24SEP2026,285000.000000,275,OPTSTK,BFO,5.000000,11000,False
885129,INOXWIND26OCT55PE,INOXWIND,29OCT2026,5500.000000,6400,OPTSTK,BFO,5.000000,100000000,False
885139,PAYTM26SEP1660PE,PAYTM,24SEP2026,166000.000000,725,OPTSTK,BFO,5.000000,100000000,False
885182,PAGEIND26OCT35000PE,PAGEIND,29OCT2026,3500000.000000,20,OPTSTK,BFO,5.000000,600,False
885211,POWERINDIA26SEP39500CE,POWERINDIA,24SEP2026,3950000.000000,25,OPTSTK,BFO,5.000000,100000000,False
885219,BOSCHLTD26SEP47000CE,BOSCHLTD,24SEP2026,4700000.000000,25,OPTSTK,BFO,5.000000,1500,False
885253,PFC26OCT360CE,PFC,29OCT2026,36000.000000,1300,OPTSTK,BFO,5.000000,124000,False
885258,COALINDIA26OCT375CE,COALINDIA,29OCT2026,37500.000000,1350,OPTSTK,BFO,5.000000,126000,False
885260,PFC26OCT365CE,PFC,29OCT2026,36500.000000,1300,OPTSTK,BFO,5.000000,124000,False
885264,HYUNDAI26SEP2360PE,HYUNDAI,24SEP2026,236000.000000,275,OPTSTK,BFO,5.000000,100000000,False
885275,LUPIN26OCT2200CE,LUPIN,29OCT2026,220000.000000,425,OPTSTK,BFO,5.000000,34000,False
885279,PAGEIND26OCT35500CE,PAGEIND,29OCT2026,3550000.000000,20,OPTSTK,BFO,5.000000,600,False
885283,FOCIT26SEP45300CE,FOCIT,24SEP2026,4530000.000000,45,OPTIDX,BFO,5.000000,1350,False
885349,NYKAA26OCT295PE,NYKAA,29OCT2026,29500.000000,3125,OPTSTK,BFO,5.000000,100000000,False
885374,PAGEIND26OCT36000CE,PAGEIND,29OCT2026,3600000.000000,20,OPTSTK,BFO,5.000000,600,False
885375,APLAPOLLO26OCT2140CE,APLAPOLLO,29OCT2026,214000.000000,350,OPTSTK,BFO,5.000000,100000000,False
885383,JUBLFOOD26SEP530PE,JUBLFOOD,24SEP2026,53000.000000,1250,OPTSTK,BFO,5.000000,50000,False
885384,SBILIFE26OCT1700PE,SBILIFE,29OCT2026,170000.000000,375,OPTSTK,BFO,5.000000,22500,False
885417,PFC26OCT375PE,PFC,29OCT2026,37500.000000,1300,OPTSTK,BFO,5.000000,124000,False
885419,AMBER26OCT6500PE,AMBER,29OCT2026,650000.000000,100,OPTSTK,BFO,5.000000,100000000,False
885421,FOCIT26SEP45200CE,FOCIT,24SEP2026,4520000.000000,45,OPTIDX,BFO,5.000000,1350,False
885426,FOCIT26OCT45200PE,FOCIT,29OCT2026,4520000.000000,45,OPTIDX,BFO,5.000000,1350,False
885459,LUPIN26SEP2140PE,LUPIN,24SEP2026,214000.000000,425,OPTSTK,BFO,5.000000,34000,False
885460,PAYTM26OCT1700CE,PAYTM,29OCT2026,170000.000000,725,OPTSTK,BFO,5.000000,100000000,False
885470,LTM26OCT5150PE,LTM,29OCT2026,515000.000000,150,OPTSTK,BFO,5.000000,4500,False
885476,PFC26SEP355PE,PFC,24SEP2026,35500.000000,1300,OPTSTK,BFO,5.000000,124000,False
885486,POWERINDIA26OCT39000PE,POWERINDIA,29OCT2026,3900000.000000,25,OPTSTK,BFO,5.000000,100000000,False
885504,POWERINDIA26OCT37500CE,POWERINDIA,29OCT2026,3750000.000000,25,OPTSTK,BFO,5.000000,100000000,False
885518,PFC26OCT360PE,PFC,29OCT2026,36000.000000,1300,OPTSTK,BFO,5.000000,124000,False
885523,TITAN26SEP5400CE,TITAN,24SEP2026,540000.000000,175,OPTSTK,BFO,5.000000,11250,False
885526,DMART26OCT4400CE,DMART,29OCT2026,440000.000000,150,OPTSTK,BFO,5.000000,100000000,False
885577,BEL26OCT440PE,BEL,29OCT2026,44000.000000,1425,OPTSTK,BFO,5.000000,228000,False
885620,PAYTM26OCT1740PE,PAYTM,29OCT2026,174000.000000,725,OPTSTK,BFO,5.000000,100000000,False
885645,ZYDUSLIFE26OCT1240CE,ZYDUSLIFE,29OCT2026,124000.000000,900,OPTSTK,BFO,5.000000,54000,False
885686,BHARATFORG26SEP1940PE,BHARATFORG,24SEP2026,194000.000000,500,OPTSTK,BFO,5.000000,30000,False
885714,COLPAL26OCT1860PE,COLPAL,29OCT2026,186000.000000,275,OPTSTK,BFO,5.000000,14000,False
885748,POLICYBZR26OCT1800PE,POLICYBZR,29OCT2026,180000.000000,350,OPTSTK,BFO,5.000000,100000000,False
885772,COFORGE26OCT1960CE,COFORGE,29OCT2026,196000.000000,475,OPTSTK,BFO,5.000000,6000,False
885779,POLICYBZR26OCT1840PE,POLICYBZR,29OCT2026,184000.000000,350,OPTSTK,BFO,5.000000,100000000,False
885782,MAXHEALTH26SEP990CE,MAXHEALTH,24SEP2026,99000.000000,525,OPTSTK,BFO,5.000000,100000000,False
885821,POLICYBZR26SEP1860CE,POLICYBZR,24SEP2026,186000.000000,350,OPTSTK,BFO,5.000000,100000000,False
885840,ZYDUSLIFE26SEP1240PE,ZYDUSLIFE,24SEP2026,124000.000000,900,OPTSTK,BFO,5.000000,54000,False
885860,LTM26OCT5200PE,LTM,29OCT2026,520000.000000,150,OPTSTK,BFO,5.000000,4500,False
885861,BHARATFORG26SEP1920PE,BHARATFORG,24SEP2026,192000.000000,500,OPTSTK,BFO,5.000000,30000,False
885894,ZYDUSLIFE26OCT1220PE,ZYDUSLIFE,29OCT2026,122000.000000,900,OPTSTK,BFO,5.000000,54000,False
885915,MAXHEALTH26OCT970PE,MAXHEALTH,29OCT2026,97000.000000,525,OPTSTK,BFO,5.000000,100000000,False
885921,BLUESTARCO26SEP1360CE,BLUESTARCO,24SEP2026,136000.000000,325,OPTSTK,BFO,5.000000,100000000,False
885922,MOTILALOFS26OCT1040CE,MOTILALOFS,29OCT2026,104000.000000,775,OPTSTK,BFO,5.000000,100000000,False
885929,NYKAA26OCT290CE,NYKAA,29OCT2026,29000.000000,3125,OPTSTK,BFO,5.000000,100000000,False
885950,GODREJCP26OCT950PE,GODREJCP,29OCT2026,95000.000000,500,OPTSTK,BFO,5.000000,30000,False
885960,IDEA26OCT21CE,IDEA,29OCT2026,2100.000000,71475,OPTSTK,BFO,5.000000,2400000,False
885986,HAL26SEP5300PE,HAL,24SEP2026,530000.000000,150,OPTSTK,BFO,5.000000,9000,False
885989,BHEL26OCT455PE,BHEL,29OCT2026,45500.000000,2625,OPTSTK,BFO,5.000000,315000,False
886003,INDUSTOWER26SEP415CE,INDUSTOWER,24SEP2026,41500.000000,1700,OPTSTK,BFO,5.000000,170000,False
886024,TECHM26OCT1480PE,TECHM,29OCT2026,148000.000000,600,OPTSTK,BFO,5.000000,24000,False
886045,GODREJCP26OCT850PE,GODREJCP,29OCT2026,85000.000000,500,OPTSTK,BFO,5.000000,30000,False
886058,HDFCAMC26OCT2150PE,HDFCAMC,29OCT2026,215000.000000,300,OPTSTK,BFO,5.000000,12000,False
886085,PFC26OCT340PE,PFC,29OCT2026,34000.000000,1300,OPTSTK,BFO,5.000000,124000,False
886097,GODREJCP26SEP920PE,GODREJCP,24SEP2026,92000.000000,500,OPTSTK,BFO,5.000000,30000,False
886147,PIIND26OCT2200CE,PIIND,29OCT2026,220000.000000,175,OPTSTK,BFO,5.000000,7500,False
886152,GODREJCP26OCT860CE,GODREJCP,29OCT2026,86000.000000,500,OPTSTK,BFO,5.000000,30000,False
886190,BHEL26OCT450CE,BHEL,29OCT2026,45000.000000,2625,OPTSTK,BFO,5.000000,315000,False
886206,GODREJCP26SEP840CE,GODREJCP,24SEP2026,84000.000000,500,OPTSTK,BFO,5.000000,30000,False
886238,GODREJPROP26OCT1880CE,GODREJPROP,29OCT2026,188000.000000,325,OPTSTK,BFO,5.000000,19000,False
886239,AMBER26SEP6300CE,AMBER,24SEP2026,630000.000000,100,OPTSTK,BFO,5.000000,100000000,False
886255,UNIONBANK26OCT202.5CE,UNIONBANK,29OCT2026,20250.000000,4425,OPTSTK,BFO,5.000000,100000000,False
886271,BOSCHLTD26OCT50000PE,BOSCHLTD,29OCT2026,5000000.000000,25,OPTSTK,BFO,5.000000,1500,False
886273,UNIONBANK26OCT202.5PE,UNIONBANK,29OCT2026,20250.000000,4425,OPTSTK,BFO,5.000000,100000000,False
886331,HINDUNILVR26OCT1920PE,HINDUNILVR,29OCT2026,192000.000000,300,OPTSTK,BFO,5.000000,9000,False
886343,AMBER26SEP6300PE,AMBER,24SEP2026,630000.000000,100,OPTSTK,BFO,5.000000,100000000,False
886347,BOSCHLTD26SEP50000PE,BOSCHLTD,24SEP2026,5000000.000000,25,OPTSTK,BFO,5.000000,1500,False
886359,BDL26OCT1460PE,BDL,29OCT2026,146000.000000,425,OPTSTK,BFO,5.000000,100000000,False
886438,ALKEM26OCT5100PE,ALKEM,29OCT2026,510000.000000,125,OPTSTK,BFO,5.000000,8000,False
886440,KEI26OCT6400CE,KEI,29OCT2026,640000.000000,175,OPTSTK,BFO,5.000000,100000000,False
886455,ASTRAL26OCT1720CE,ASTRAL,29OCT2026,172000.000000,425,OPTSTK,BFO,5.000000,14680,False
886496,SENSEX26O0179500CE,SENSEX,01OCT2026,7950000.000000,20,OPTIDX,BFO,5.000000,1000,False
886514,ALKEM26OCT5050PE,ALKEM,29OCT2026,505000.000000,125,OPTSTK,BFO,5.000000,8000,False
886517,SENSEX26O0174100CE,SENSEX,01OCT2026,7410000.000000,20,OPTIDX,BFO,5.000000,1000,False
886569,PAGEIND26SEP34000CE,PAGEIND,24SEP2026,3400000.000000,20,OPTSTK,BFO,5.000000,600,False
886600,SENSEX26O0180600CE,SENSEX,01OCT2026,8060000.000000,20,OPTIDX,BFO,5.000000,1000,False
886635,SENSEX26O0184600PE,SENSEX,01OCT2026,8460000.000000,20,OPTIDX,BFO,5.000000,1000,False
886655,SENSEX26O0179300PE,SENSEX,01OCT2026,7930000.000000,20,OPTIDX,BFO,5.000000,1000,False
886662,SENSEX26O0177900PE,SENSEX,01OCT2026,7790000.000000,20,OPTIDX,BFO,5.000000,1000,False
886710,CONCOR26OCT565PE,CONCOR,29OCT2026,56500.000000,1250,OPTSTK,BFO,5.000000,40000,False
886719,SENSEX26O0175800PE,SENSEX,01OCT2026,7580000.000000,20,OPTIDX,BFO,5.000000,1000,False
886724,SENSEX26O0180100CE,SENSEX,01OCT2026,8010000.000000,20,OPTIDX,BFO,5.000000,1000,False
886730,SENSEX26O0174100PE,SENSEX,01OCT2026,7410000.000000,20,OPTIDX,BFO,5.000000,1000,False
886736,HINDPETRO26OCT400PE,HINDPETRO,29OCT2026,40000.000000,2025,OPTSTK,BFO,5.000000,108000,False
886747,SENSEX26O0173400CE,SENSEX,01OCT2026,7340000.000000,20,OPTIDX,BFO,5.000000,1000,False
886749,SENSEX26O0180400PE,SENSEX,01OCT2026,8040000.000000,20,OPTIDX,BFO,5.000000,1000,False
886764,HINDPETRO26OCT370CE,HINDPETRO,29OCT2026,37000.000000,2025,OPTSTK,BFO,5.000000,108000,False
886769,GMRAIRPORT26SEP96CE,GMRAIRPORT,24SEP2026,9600.000000,6975,OPTSTK,BFO,5.000000,675000,False
886777,HINDPETRO26OCT440CE,HINDPETRO,29OCT2026,44000.000000,2025,OPTSTK,BFO,5.000000,108000,False
886789,ASTRAL26SEP1680PE,ASTRAL,24SEP2026,168000.000000,425,OPTSTK,BFO,5.000000,14680,False
886803,ASTRAL26SEP1740CE,ASTRAL,24SEP2026,174000.000000,425,OPTSTK,BFO,5.000000,14680,False
886818,SENSEX26O0179000PE,SENSEX,01OCT2026,7900000.000000,20,OPTIDX,BFO,5.000000,1000,False
886822,SENSEX26O0175300PE,SENSEX,01OCT2026,7530000.000000,20,OPTIDX,BFO,5.000000,1000,False
886836,PAGEIND26SEP33500CE,PAGEIND,24SEP2026,3350000.000000,20,OPTSTK,BFO,5.000000,600,False
886852,HINDPETRO26OCT390PE,HINDPETRO,29OCT2026,39000.000000,2025,OPTSTK,BFO,5.000000,108000,False
886853,HINDPETRO26SEP350CE,HINDPETRO,24SEP2026,35000.000000,2025,OPTSTK,BFO,5.000000,108000,False
886861,SENSEX26O0183800CE,SENSEX,01OCT2026,8380000.000000,20,OPTIDX,BFO,5.000000,1000,False
886920,ADANIENSOL26OCT1440CE,ADANIENSOL,29OCT2026,144000.000000,675,OPTSTK,BFO,5.000000,100000000,False
886938,ASTRAL26SEP1700PE,ASTRAL,24SEP2026,170000.000000,425,OPTSTK,BFO,5.000000,14680,False
886950,ASTRAL26OCT1740CE,ASTRAL,29OCT2026,174000.000000,425,OPTSTK,BFO,5.000000,14680,False
886951,SENSEX26O0173300CE,SENSEX,01OCT2026,7330000.000000,20,OPTIDX,BFO,5.000000,1000,False
886984,SENSEX26O0185000PE,SENSEX,01OCT2026,8500000.000000,20,OPTIDX,BFO,5.000000,1000,False
886991,SAIL26OCT150CE,SAIL,29OCT2026,15000.000000,4700,OPTSTK,BFO,5.000000,320000,False
886998,ASTRAL26SEP1660CE,ASTRAL,24SEP2026,166000.000000,425,OPTSTK,BFO,5.000000,14680,False
887014,SENSEX26O0171200CE,SENSEX,01OCT2026,7120000.000000,20,OPTIDX,BFO,5.000000,1000,False
887016,APLAPOLLO26OCT2180CE,APLAPOLLO,29OCT2026,218000.000000,350,OPTSTK,BFO,5.000000,100000000,False
887018,SBICARD26OCT570CE,SBICARD,29OCT2026,57000.000000,800,OPTSTK,BFO,5.000000,32000,False
887025,SENSEX26O0181200CE,SENSEX,01OCT2026,8120000.000000,20,OPTIDX,BFO,5.000000,1000,False
887038,SENSEX26O0178200CE,SENSEX,01OCT2026,7820000.000000,20,OPTIDX,BFO,5.000000,1000,False
887042,SENSEX26O0181500PE,SENSEX,01OCT2026,8150000.000000,20,OPTIDX,BFO,5.000000,1000,False
887053,SENSEX26O0171400CE,SENSEX,01OCT2026,7140000.000000,20,OPTIDX,BFO,5.000000,1000,False
887056,SENSEX26O0174800PE,SENSEX,01OCT2026,7480000.000000,20,OPTIDX,BFO,5.000000,1000,False
887081,SENSEX26O0174700CE,SENSEX,01OCT2026,7470000.000000,20,OPTIDX,BFO,5.000000,1000,False
887089,SENSEX26O0184700CE,SENSEX,01OCT2026,8470000.000000,20,OPTIDX,BFO,5.000000,1000,False
887128,SENSEX26O0178600CE,SENSEX,01OCT2026,7860000.000000,20,OPTIDX,BFO,5.000000,1000,False
887158,KEI26SEP6500PE,KEI,24SEP2026,650000.000000,175,OPTSTK,BFO,5.000000,100000000,False
887169,SENSEX26O0172900PE,SENSEX,01OCT2026,7290000.000000,20,OPTIDX,BFO,5.000000,1000,False
887191,SENSEX26O0174200CE,SENSEX,01OCT2026,7420000.000000,20,OPTIDX,BFO,5.000000,1000,False
887207,SENSEX26O0180500CE,SENSEX,01OCT2026,8050000.000000,20,OPTIDX,BFO,5.000000,1000,False
887265,HINDPETRO26SEP330CE,HINDPETRO,24SEP2026,33000.000000,2025,OPTSTK,BFO,5.000000,108000,False
887267,SOLARINDS26OCT21500CE,SOLARINDS,29OCT2026,2150000.000000,50,OPTSTK,BFO,5.000000,100000000,False
887275,SENSEX26O0176100PE,SENSEX,01OCT2026,7610000.000000,20,OPTIDX,BFO,5.000000,1000,False
887294,HINDPETRO26SEP400PE,HINDPETRO,24SEP2026,40000.000000,2025,OPTSTK,BFO,5.000000,108000,False
887304,HINDPETRO26SEP310PE,HINDPETRO,24SEP2026,31000.000000,2025,OPTSTK,BFO,5.000000,108000,False
887320,SENSEX26O0180000CE,SENSEX,01OCT2026,8000000.000000,20,OPTIDX,BFO,5.000000,1000,False
887321,SENSEX26O0182300CE,SENSEX,01OCT2026,8230000.000000,20,OPTIDX,BFO,5.000000,1000,False
887365,SENSEX26O0180300PE,SENSEX,01OCT2026,8030000.000000,20,OPTIDX,BFO,5.000000,1000,False
887375,HINDPETRO26SEP440PE,HINDPETRO,24SEP2026,44000.000000,2025,OPTSTK,BFO,5.000000,108000,False
887381,RECLTD26SEP300CE,RECLTD,24SEP2026,30000.000000,1575,OPTSTK,BFO,5.000000,160000,False
887426,ANGELONE26SEP250CE,ANGELONE,24SEP2026,25000.000000,2500,OPTSTK,BFO,5.000000,100000000,False
887430,DELHIVERY26OCT430CE,DELHIVERY,29OCT2026,43000.000000,2075,OPTSTK,BFO,5.000000,100000000,False
887461,RECLTD26OCT300PE,RECLTD,29OCT2026,30000.000000,1575,OPTSTK,BFO,5.000000,160000,False
887463,RECLTD26OCT305CE,RECLTD,29OCT2026,30500.000000,1575,OPTSTK,BFO,5.000000,160000,False
887467,SBICARD26OCT560PE,SBICARD,29OCT2026,56000.000000,800,OPTSTK,BFO,5.000000,32000,False
887481,SWIGGY26OCT240CE,SWIGGY,29OCT2026,24000.000000,1825,OPTSTK,BFO,5.000000,100000000,False
887565,DELHIVERY26OCT430PE,DELHIVERY,29OCT2026,43000.000000,2075,OPTSTK,BFO,5.000000,100000000,False
887566,SENSEX26O0171000PE,SENSEX,01OCT2026,7100000.000000,20,OPTIDX,BFO,5.000000,1000,False
887619,APLAPOLLO26SEP2220PE,APLAPOLLO,24SEP2026,222000.000000,350,OPTSTK,BFO,5.000000,100000000,False
887685,SBILIFE26OCT1660PE,SBILIFE,29OCT2026,166000.000000,375,OPTSTK,BFO,5.000000,22500,False
887857,RADICO26OCT5050CE,RADICO,29OCT2026,505000.000000,150,OPTSTK,BFO,5.000000,100000000,False
887906,SBILIFE26OCT1640CE,SBILIFE,29OCT2026,164000.000000,375,OPTSTK,BFO,5.000000,22500,False
887954,MOTILALOFS26OCT1080PE,MOTILALOFS,29OCT2026,108000.000000,775,OPTSTK,BFO,5.000000,100000000,False
888028,POWERGRID26SEP247.5CE,POWERGRID,24SEP2026,24750.000000,1900,OPTSTK,BFO,5.000000,108000,False
888095,JUBLFOOD26SEP540PE,JUBLFOOD,24SEP2026,54000.000000,1250,OPTSTK,BFO,5.000000,50000,False
888107,IOC26OCT120CE,IOC,29OCT2026,12000.000000,4875,OPTSTK,BFO,5.000000,292500,False
888113,HAL26OCT5400CE,HAL,29OCT2026,540000.000000,150,OPTSTK,BFO,5.000000,9000,False
888116,KFINTECH26OCT1100CE,KFINTECH,29OCT2026,110000.000000,575,OPTSTK,BFO,5.000000,100000000,False
888160,SUPREMEIND26OCT3950CE,SUPREMEIND,29OCT2026,395000.000000,175,OPTSTK,BFO,5.000000,100000000,False
888218,SUPREMEIND26SEP3950CE,SUPREMEIND,24SEP2026,395000.000000,175,OPTSTK,BFO,5.000000,100000000,False
888224,MAXHEALTH26OCT930PE,MAXHEALTH,29OCT2026,93000.000000,525,OPTSTK,BFO,5.000000,100000000,False
888233,HAL26SEP5400PE,HAL,24SEP2026,540000.000000,150,OPTSTK,BFO,5.000000,9000,False
888265,COLPAL26OCT1820CE,COLPAL,29OCT2026,182000.000000,275,OPTSTK,BFO,5.000000,14000,False
888266,OBEROIRLTY26OCT2020PE,OBEROIRLTY,29OCT2026,202000.000000,350,OPTSTK,BFO,5.000000,28000,False
888283,SENSEX26O0170200CE,SENSEX,01OCT2026,7020000.000000,20,OPTIDX,BFO,5.000000,1000,False
888298,TCS26OCT2160CE,TCS,29OCT2026,216000.000000,225,OPTSTK,BFO,5.000000,7000,False
888304,MCX26OCT3400PE,MCX,29OCT2026,340000.000000,225,OPTSTK,BFO,5.000000,16000,False
888342,MCX26SEP3350CE,MCX,24SEP2026,335000.000000,225,OPTSTK,BFO,5.000000,16000,False
888363,BOSCHLTD26OCT51000PE,BOSCHLTD,29OCT2026,5100000.000000,25,OPTSTK,BFO,5.000000,1500,False
888364,SENSEX26OCT70400CE,SENSEX,29OCT2026,7040000.000000,20,OPTIDX,BFO,5.000000,1000,False
888377,NBCC26SEP70CE,NBCC,24SEP2026,7000.000000,6500,OPTSTK,BFO,5.000000,100000000,False
888378,OIL26OCT515PE,OIL,29OCT2026,51500.000000,1400,OPTSTK,BFO,5.000000,100000000,False
888403,GODFRYPHLP26OCT1750PE,GODFRYPHLP,29OCT2026,175000.000000,275,OPTSTK,BFO,5.000000,100000000,False
888406,NBCC26OCT70PE,NBCC,29OCT2026,7000.000000,6500,OPTSTK,BFO,5.000000,100000000,False
888421,BANDHANBNK26OCT135CE,BANDHANBNK,29OCT2026,13500.000000,3600,OPTSTK,BFO,5.000000,100000,False
888437,ITC26OCT252.5CE,ITC,29OCT2026,25250.000000,1725,OPTSTK,BFO,5.000000,64000,False
888441,HAL26OCT5450PE,HAL,29OCT2026,545000.000000,150,OPTSTK,BFO,5.000000,9000,False
888443,ADANIGREEN26OCT1160CE,ADANIGREEN,29OCT2026,116000.000000,600,OPTSTK,BFO,5.000000,100000000,False
888458,LUPIN26SEP2080PE,LUPIN,24SEP2026,208000.000000,425,OPTSTK,BFO,5.000000,34000,False
888467,SENSEX26OCT70600PE,SENSEX,29OCT2026,7060000.000000,20,OPTIDX,BFO,5.000000,1000,False
888490,DIVISLAB26SEP9300CE,DIVISLAB,24SEP2026,930000.000000,100,OPTSTK,BFO,5.000000,8000,False
888501,HCLTECH26OCT1240CE,HCLTECH,29OCT2026,124000.000000,400,OPTSTK,BFO,5.000000,21000,False
888547,YESBANK26SEP15PE,YESBANK,24SEP2026,1500.000000,31100,OPTSTK,BFO,5.000000,100000000,False
888555,SENSEX2691770400CE,SENSEX,17SEP2026,7040000.000000,20,OPTIDX,BFO,5.000000,1000,False
888565,VMM26SEP85PE,VMM,24SEP2026,8500.000000,4850,OPTSTK,BFO,5.000000,100000000,False
888571,MCX26OCT3400CE,MCX,29OCT2026,340000.000000,225,OPTSTK,BFO,5.000000,16000,False
888591,APLAPOLLO26SEP2260PE,APLAPOLLO,24SEP2026,226000.000000,350,OPTSTK,BFO,5.000000,100000000,False
888594,IRFC26OCT79CE,IRFC,29OCT2026,7900.000000,5425,OPTSTK,BFO,5.000000,100000000,False
888604,COALINDIA26SEP370CE,COALINDIA,24SEP2026,37000.000000,1350,OPTSTK,BFO,5.000000,126000,False
888617,COLPAL26SEP1800PE,COLPAL,24SEP2026,180000.000000,275,OPTSTK,BFO,5.000000,14000,False
888624,DABUR26OCT370PE,DABUR,29OCT2026,37000.000000,1250,OPTSTK,BFO,5.000000,50000,False
888625,ULTRACEMCO26OCT10800PE,ULTRACEMCO,29OCT2026,1080000.000000,50,OPTSTK,BFO,5.000000,3000,False
888653,SONACOMS26SEP900CE,SONACOMS,24SEP2026,90000.000000,1225,OPTSTK,BFO,5.000000,100000000,False
888674,SHREECEM26SEP22750CE,SHREECEM,24SEP2026,2275000.000000,25,OPTSTK,BFO,5.000000,1000,False
888686,TECHM26OCT1440PE,TECHM,29OCT2026,144000.000000,600,OPTSTK,BFO,5.000000,24000,False
888700,COLPAL26OCT1740CE,COLPAL,29OCT2026,174000.000000,275,OPTSTK,BFO,5.000000,14000,False
888703,ASIANPAINT26OCT2480PE,ASIANPAINT,29OCT2026,248000.000000,250,OPTSTK,BFO,5.000000,8000,False
888707,NMDC26OCT76PE,NMDC,29OCT2026,7600.000000,6750,OPTSTK,BFO,5.000000,225000,False
888711,AMBUJACEM26OCT370PE,AMBUJACEM,29OCT2026,37000.000000,1200,OPTSTK,BFO,5.000000,54000,False
888748,DIXON26OCT16250CE,DIXON,29OCT2026,1625000.000000,50,OPTSTK,BFO,5.000000,6000,False
888757,POLICYBZR26OCT1900CE,POLICYBZR,29OCT2026,190000.000000,350,OPTSTK,BFO,5.000000,100000000,False
888764,PNBHOUSING26OCT1320PE,PNBHOUSING,29OCT2026,132000.000000,650,OPTSTK,BFO,5.000000,100000000,False
888777,SHREECEM26OCT22500CE,SHREECEM,29OCT2026,2250000.000000,25,OPTSTK,BFO,5.000000,1000,False
888783,POWERGRID26SEP245CE,POWERGRID,24SEP2026,24500.000000,1900,OPTSTK,BFO,5.000000,108000,False
888813,NHPC26OCT69PE,NHPC,29OCT2026,6900.000000,6950,OPTSTK,BFO,5.000000,100000000,False
888820,POLICYBZR26SEP1900CE,POLICYBZR,24SEP2026,190000.000000,350,OPTSTK,BFO,5.000000,100000000,False
888839,MANAPPURAM26OCT305PE,MANAPPURAM,29OCT2026,30500.000000,3000,OPTSTK,BFO,5.000000,180000,False
888850,ICICIBANK26OCT1330PE,ICICIBANK,29OCT2026,133000.000000,700,OPTSTK,BFO,5.000000,28000,False
888861,VOLTAS26OCT1080CE,VOLTAS,29OCT2026,108000.000000,375,OPTSTK,BFO,5.000000,30000,False
888868,IRFC26OCT78PE,IRFC,29OCT2026,7800.000000,5425,OPTSTK,BFO,5.000000,100000000,False
888879,TECHM26OCT1440CE,TECHM,29OCT2026,144000.000000,600,OPTSTK,BFO,5.000000,24000,False
888882,VOLTAS26SEP1080PE,VOLTAS,24SEP2026,108000.000000,375,OPTSTK,BFO,5.000000,30000,False
888884,VEDL26OCT225CE,VEDL,29OCT2026,22500.000000,1150,OPTSTK,BFO,5.000000,80000,False
888905,ASIANPAINT26OCT2480CE,ASIANPAINT,29OCT2026,248000.000000,250,OPTSTK,BFO,5.000000,8000,False
888928,SENSEX26O0883700PE,SENSEX,08OCT2026,8370000.000000,20,OPTIDX,BFO,5.000000,1000,False
888938,SENSEX26O0873600CE,SENSEX,08OCT2026,7360000.000000,20,OPTIDX,BFO,5.000000,1000,False
888939,SENSEX26O0875900CE,SENSEX,08OCT2026,7590000.000000,20,OPTIDX,BFO,5.000000,1000,False
888940,SENSEX26O0881300CE,SENSEX,08OCT2026,8130000.000000,20,OPTIDX,BFO,5.000000,1000,False
889004,COFORGE26OCT2020PE,COFORGE,29OCT2026,202000.000000,475,OPTSTK,BFO,5.000000,6000,False
889005,OFSS26OCT12600PE,OFSS,29OCT2026,1260000.000000,100,OPTSTK,BFO,5.000000,8000,False
889017,SENSEX26O0871100PE,SENSEX,08OCT2026,7110000.000000,20,OPTIDX,BFO,5.000000,1000,False
889022,INDUSINDBK26OCT930CE,INDUSINDBK,29OCT2026,93000.000000,700,OPTSTK,BFO,5.000000,20000,False
889080,SENSEX26O0881200CE,SENSEX,08OCT2026,8120000.000000,20,OPTIDX,BFO,5.000000,1000,False
889028,PFC26SEP335PE,PFC,24SEP2026,33500.000000,1300,OPTSTK,BFO,5.000000,124000,False
889042,SENSEX26O0877300PE,SENSEX,08OCT2026,7730000.000000,20,OPTIDX,BFO,5.000000,1000,False
889051,SENSEX26O0874300CE,SENSEX,08OCT2026,7430000.000000,20,OPTIDX,BFO,5.000000,1000,False
889084,SENSEX26O0875200PE,SENSEX,08OCT2026,7520000.000000,20,OPTIDX,BFO,5.000000,1000,False
889088,SENSEX26O0871500PE,SENSEX,08OCT2026,7150000.000000,20,OPTIDX,BFO,5.000000,1000,False
889096,SENSEX26O0874500CE,SENSEX,08OCT2026,7450000.000000,20,OPTIDX,BFO,5.000000,1000,False
889109,SENSEX26O0878500PE,SENSEX,08OCT2026,7850000.000000,20,OPTIDX,BFO,5.000000,1000,False
889140,SENSEX26O0878700PE,SENSEX,08OCT2026,7870000.000000,20,OPTIDX,BFO,5.000000,1000,False
889158,MCX26OCT3450PE,MCX,29OCT2026,345000.000000,225,OPTSTK,BFO,5.000000,16000,False
889170,SENSEX26O0878000PE,SENSEX,08OCT2026,7800000.000000,20,OPTIDX,BFO,5.000000,1000,False
889182,SUPREMEIND26OCT4000PE,SUPREMEIND,29OCT2026,400000.000000,175,OPTSTK,BFO,5.000000,100000000,False
889212,SENSEX26O0878200PE,SENSEX,08OCT2026,7820000.000000,20,OPTIDX,BFO,5.000000,1000,False
889223,SENSEX26O0870800PE,SENSEX,08OCT2026,7080000.000000,20,OPTIDX,BFO,5.000000,1000,False
889226,SENSEX26O0882200PE,SENSEX,08OCT2026,8220000.000000,20,OPTIDX,BFO,5.000000,1000,False
889237,GMRAIRPORT26OCT93PE,GMRAIRPORT,29OCT2026,9300.000000,6975,OPTSTK,BFO,5.000000,675000,False
889239,SENSEX26O0872100CE,SENSEX,08OCT2026,7210000.000000,20,OPTIDX,BFO,5.000000,1000,False
889266,DIXON26SEP16500CE,DIXON,24SEP2026,1650000.000000,50,OPTSTK,BFO,5.000000,6000,False
889267,SENSEX26O0880100PE,SENSEX,08OCT2026,8010000.000000,20,OPTIDX,BFO,5.000000,1000,False
889270,SENSEX26O0882400PE,SENSEX,08OCT2026,8240000.000000,20,OPTIDX,BFO,5.000000,1000,False
889301,SENSEX26O0880900CE,SENSEX,08OCT2026,8090000.000000,20,OPTIDX,BFO,5.000000,1000,False
889322,SENSEX26O0871900CE,SENSEX,08OCT2026,7190000.000000,20,OPTIDX,BFO,5.000000,1000,False
889323,HINDPETRO26OCT290PE,HINDPETRO,29OCT2026,29000.000000,2025,OPTSTK,BFO,5.000000,108000,False
889345,SENSEX26O0874200PE,SENSEX,08OCT2026,7420000.000000,20,OPTIDX,BFO,5.000000,1000,False
889391,INDUSINDBK26OCT930PE,INDUSINDBK,29OCT2026,93000.000000,700,OPTSTK,BFO,5.000000,20000,False
889408,SENSEX26O0884400PE,SENSEX,08OCT2026,8440000.000000,20,OPTIDX,BFO,5.000000,1000,False
889412,PERSISTENT26SEP6400PE,PERSISTENT,24SEP2026,640000.000000,125,OPTSTK,BFO,5.000000,5250,False
889427,SENSEX26O0877700PE,SENSEX,08OCT2026,7770000.000000,20,OPTIDX,BFO,5.000000,1000,False
889438,SENSEX26O0876000PE,SENSEX,08OCT2026,7600000.000000,20,OPTIDX,BFO,5.000000,1000,False
889440,SENSEX26O0872300PE,SENSEX,08OCT2026,7230000.000000,20,OPTIDX,BFO,5.000000,1000,False
889445,SENSEX26O0877600CE,SENSEX,08OCT2026,7760000.000000,20,OPTIDX,BFO,5.000000,1000,False
889453,SENSEX26O0873900CE,SENSEX,08OCT2026,7390000.000000,20,OPTIDX,BFO,5.000000,1000,False
889461,SENSEX26O0883900CE,SENSEX,08OCT2026,8390000.000000,20,OPTIDX,BFO,5.000000,1000,False
889464,SENSEX26O0877000PE,SENSEX,08OCT2026,7700000.000000,20,OPTIDX,BFO,5.000000,1000,False
889480,BAJAJ-AUTO26SEP12500CE,BAJAJ-AUTO,24SEP2026,1250000.000000,75,OPTSTK,BFO,5.000000,5000,False
889500,LUPIN26SEP2060PE,LUPIN,24SEP2026,206000.000000,425,OPTSTK,BFO,5.000000,34000,False
889517,PFC26OCT330CE,PFC,29OCT2026,33000.000000,1300,OPTSTK,BFO,5.000000,124000,False
889524,SENSEX26O0871100CE,SENSEX,08OCT2026,7110000.000000,20,OPTIDX,BFO,5.000000,1000,False
889528,SENSEX26O0880400PE,SENSEX,08OCT2026,8040000.000000,20,OPTIDX,BFO,5.000000,1000,False
889535,PFC26OCT335CE,PFC,29OCT2026,33500.000000,1300,OPTSTK,BFO,5.000000,124000,False
889579,NAM-INDIA26OCT1400CE,NAM-INDIA,29OCT2026,140000.000000,625,OPTSTK,BFO,5.000000,100000000,False
889587,NAM-INDIA26SEP1400PE,NAM-INDIA,24SEP2026,140000.000000,625,OPTSTK,BFO,5.000000,100000000,False
889592,MCX26SEP3500CE,MCX,24SEP2026,350000.000000,225,OPTSTK,BFO,5.000000,16000,False
889603,MOTILALOFS26SEP1140CE,MOTILALOFS,24SEP2026,114000.000000,775,OPTSTK,BFO,5.000000,100000000,False
889614,NAM-INDIA26OCT1400PE,NAM-INDIA,29OCT2026,140000.000000,625,OPTSTK,BFO,5.000000,100000000,False
889633,TRENT26OCT2550CE,TRENT,29OCT2026,255000.000000,225,OPTSTK,BFO,5.000000,16000,False
889647,BEL26OCT450CE,BEL,29OCT2026,45000.000000,1425,OPTSTK,BFO,5.000000,228000,False
889703,SAIL26SEP197.5PE,SAIL,24SEP2026,19750.000000,4700,OPTSTK,BFO,5.000000,320000,False
889705,LICHSGFIN26SEP420PE,LICHSGFIN,24SEP2026,42000.000000,1000,OPTSTK,BFO,5.000000,60000,False
889711,MAXHEALTH26SEP920CE,MAXHEALTH,24SEP2026,92000.000000,525,OPTSTK,BFO,5.000000,100000000,False
889718,MCX26OCT3600PE,MCX,29OCT2026,360000.000000,225,OPTSTK,BFO,5.000000,16000,False
889734,GLENMARK26OCT2520PE,GLENMARK,29OCT2026,252000.000000,375,OPTSTK,BFO,5.000000,43500,False
889735,ALKEM26OCT5000PE,ALKEM,29OCT2026,500000.000000,125,OPTSTK,BFO,5.000000,8000,False
889758,PIIND26OCT2100PE,PIIND,29OCT2026,210000.000000,175,OPTSTK,BFO,5.000000,7500,False
889760,MUTHOOTFIN26OCT3550CE,MUTHOOTFIN,29OCT2026,355000.000000,275,OPTSTK,BFO,5.000000,22000,False
889785,GLENMARK26OCT2500CE,GLENMARK,29OCT2026,250000.000000,375,OPTSTK,BFO,5.000000,43500,False
889786,TMPV26SEP280PE,TMPV,24SEP2026,28000.000000,1600,OPTSTK,BFO,5.000000,42750,False
889798,SIEMENS26SEP4450CE,SIEMENS,24SEP2026,445000.000000,175,OPTSTK,BFO,5.000000,8250,False
889800,SBILIFE26OCT1620CE,SBILIFE,29OCT2026,162000.000000,375,OPTSTK,BFO,5.000000,22500,False
889848,SIEMENS26OCT4400CE,SIEMENS,29OCT2026,440000.000000,175,OPTSTK,BFO,5.000000,8250,False
889860,SAIL26OCT197.5PE,SAIL,29OCT2026,19750.000000,4700,OPTSTK,BFO,5.000000,320000,False
889865,SIEMENS26OCT4450PE,SIEMENS,29OCT2026,445000.000000,175,OPTSTK,BFO,5.000000,8250,False
889872,JINDALSTEL26SEP1280PE,JINDALSTEL,24SEP2026,128000.000000,625,OPTSTK,BFO,5.000000,37500,False
889890,ADANIENT26OCT3450PE,ADANIENT,29OCT2026,345000.000000,309,OPTSTK,BFO,5.000000,9000,False
889913,FEDERALBNK26OCT310PE,FEDERALBNK,29OCT2026,31000.000000,2500,OPTSTK,BFO,5.000000,200000,False
889933,DIXON26OCT16750CE,DIXON,29OCT2026,1675000.000000,50,OPTSTK,BFO,5.000000,6000,False
889939,JINDALSTEL26OCT1300PE,JINDALSTEL,29OCT2026,130000.000000,625,OPTSTK,BFO,5.000000,37500,False
884063,KFINTECH26OCT780CE,KFINTECH,29OCT2026,78000.000000,575,OPTSTK,BFO,5.000000,100000000,False
884143,KEI26SEP6300CE,KEI,24SEP2026,630000.000000,175,OPTSTK,BFO,5.000000,100000000,False
884166,HAL26OCT5100CE,HAL,29OCT2026,510000.000000,150,OPTSTK,BFO,5.000000,9000,False
884174,CIPLA26OCT1550CE,CIPLA,29OCT2026,155000.000000,425,OPTSTK,BFO,5.000000,26000,False
884176,BANKEX26OCT72800PE,BANKEX,29OCT2026,7280000.000000,30,OPTIDX,BFO,5.000000,900,False
884188,BIOCON26OCT470CE,BIOCON,29OCT2026,47000.000000,2500,OPTSTK,BFO,5.000000,100000,False
884214,BIOCON26OCT475CE,BIOCON,29OCT2026,47500.000000,2500,OPTSTK,BFO,5.000000,100000,False
884246,CANBK26OCT147.5PE,CANBK,29OCT2026,14750.000000,6750,OPTSTK,BFO,5.000000,81000,False
884269,GLENMARK26OCT2420CE,GLENMARK,29OCT2026,242000.000000,375,OPTSTK,BFO,5.000000,43500,False
884282,AUBANK26OCT1200CE,AUBANK,29OCT2026,120000.000000,1000,OPTSTK,BFO,5.000000,30000,False
884306,SENSEX26OCT85900PE,SENSEX,29OCT2026,8590000.000000,20,OPTIDX,BFO,5.000000,1000,False
884311,CANBK26SEP150CE,CANBK,24SEP2026,15000.000000,6750,OPTSTK,BFO,5.000000,81000,False
884342,DRREDDY26OCT1250CE,DRREDDY,29OCT2026,125000.000000,625,OPTSTK,BFO,5.000000,5000,False
884405,AUBANK26OCT1200PE,AUBANK,29OCT2026,120000.000000,1000,OPTSTK,BFO,5.000000,30000,False
884418,UNIONBANK26OCT200PE,UNIONBANK,29OCT2026,20000.000000,4425,OPTSTK,BFO,5.000000,100000000,False
884420,MANKIND26OCT2300CE,MANKIND,29OCT2026,230000.000000,250,OPTSTK,BFO,5.000000,100000000,False
884482,INDIANB26SEP970PE,INDIANB,24SEP2026,97000.000000,1000,OPTSTK,BFO,5.000000,100000000,False
884483,GRASIM26SEP3480CE,GRASIM,24SEP2026,348000.000000,250,OPTSTK,BFO,5.000000,14250,False
884485,AUROPHARMA26SEP1780CE,AUROPHARMA,24SEP2026,178000.000000,550,OPTSTK,BFO,5.000000,44000,False
884501,SONACOMS26OCT890PE,SONACOMS,29OCT2026,89000.000000,1225,OPTSTK,BFO,5.000000,100000000,False
884578,HINDALCO26SEP1200CE,HINDALCO,24SEP2026,120000.000000,700,OPTSTK,BFO,5.000000,56000,False
884597,INDUSTOWER26SEP360PE,INDUSTOWER,24SEP2026,36000.000000,1700,OPTSTK,BFO,5.000000,170000,False
884658,FOCIT26OCT45100PE,FOCIT,29OCT2026,4510000.000000,45,OPTIDX,BFO,5.000000,1350,False
884673,INDUSTOWER26OCT375PE,INDUSTOWER,29OCT2026,37500.000000,1700,OPTSTK,BFO,5.000000,170000,False
884698,AUROPHARMA26OCT1800CE,AUROPHARMA,29OCT2026,180000.000000,550,OPTSTK,BFO,5.000000,44000,False
884725,INDUSTOWER26SEP350PE,INDUSTOWER,24SEP2026,35000.000000,1700,OPTSTK,BFO,5.000000,170000,False
884734,MOTHERSON26OCT175CE,MOTHERSON,29OCT2026,17500.000000,6150,OPTSTK,BFO,5.000000,284000,False
884753,SBIN26SEP1170PE,SBIN,24SEP2026,117000.000000,750,OPTSTK,BFO,5.000000,45000,False
884789,BHARATFORG26OCT2420PE,BHARATFORG,29OCT2026,242000.000000,500,OPTSTK,BFO,5.000000,30000,False
884792,JUBLFOOD26OCT520CE,JUBLFOOD,29OCT2026,52000.000000,1250,OPTSTK,BFO,5.000000,50000,False
884793,FOCIT26SEP45000CE,FOCIT,24SEP2026,4500000.000000,45,OPTIDX,BFO,5.000000,1350,False
884886,GRASIM26SEP3460PE,GRASIM,24SEP2026,346000.000000,250,OPTSTK,BFO,5.000000,14250,False
884913,NESTLEIND26OCT1610CE,NESTLEIND,29OCT2026,161000.000000,500,OPTSTK,BFO,5.000000,1200,False
884946,MOTHERSON26OCT185PE,MOTHERSON,29OCT2026,18500.000000,6150,OPTSTK,BFO,5.000000,284000,False
884948,CAMS26OCT710PE,CAMS,29OCT2026,71000.000000,825,OPTSTK,BFO,5.000000,100000000,False
884949,BLUESTARCO26SEP1400PE,BLUESTARCO,24SEP2026,140000.000000,325,OPTSTK,BFO,5.000000,100000000,False
884958,ICICIPRULI26OCT465CE,ICICIPRULI,29OCT2026,46500.000000,925,OPTSTK,BFO,5.000000,60000,False
884987,INDUSTOWER26OCT390PE,INDUSTOWER,29OCT2026,39000.000000,1700,OPTSTK,BFO,5.000000,170000,False
885033,GRASIM26SEP3380PE,GRASIM,24SEP2026,338000.000000,250,OPTSTK,BFO,5.000000,14250,False
885146,TITAN26SEP5400PE,TITAN,24SEP2026,540000.000000,175,OPTSTK,BFO,5.000000,11250,False
885148,BRITANNIA26SEP5900PE,BRITANNIA,24SEP2026,590000.000000,125,OPTSTK,BFO,5.000000,6000,False
885156,COFORGE26OCT1940PE,COFORGE,29OCT2026,194000.000000,475,OPTSTK,BFO,5.000000,6000,False
885158,LTM26OCT5100CE,LTM,29OCT2026,510000.000000,150,OPTSTK,BFO,5.000000,4500,False
885163,PFC26SEP350CE,PFC,24SEP2026,35000.000000,1300,OPTSTK,BFO,5.000000,124000,False
885168,PAGEIND26SEP35000CE,PAGEIND,24SEP2026,3500000.000000,20,OPTSTK,BFO,5.000000,600,False
885189,PFC26SEP355CE,PFC,24SEP2026,35500.000000,1300,OPTSTK,BFO,5.000000,124000,False
885194,PAYTM26OCT1620PE,PAYTM,29OCT2026,162000.000000,725,OPTSTK,BFO,5.000000,100000000,False
885218,OFSS26OCT12500CE,OFSS,29OCT2026,1250000.000000,100,OPTSTK,BFO,5.000000,8000,False
885304,BRITANNIA26OCT5950CE,BRITANNIA,29OCT2026,595000.000000,125,OPTSTK,BFO,5.000000,6000,False
885308,POWERINDIA26OCT36500PE,POWERINDIA,29OCT2026,3650000.000000,25,OPTSTK,BFO,5.000000,100000000,False
885309,FOCIT26OCT45200CE,FOCIT,29OCT2026,4520000.000000,45,OPTIDX,BFO,5.000000,1350,False
885335,CROMPTON26OCT210CE,CROMPTON,29OCT2026,21000.000000,2150,OPTSTK,BFO,5.000000,90000,False
885313,PAYTM26SEP1600PE,PAYTM,24SEP2026,160000.000000,725,OPTSTK,BFO,5.000000,100000000,False
885316,VEDL26OCT315CE,VEDL,29OCT2026,31500.000000,1150,OPTSTK,BFO,5.000000,80000,False
885345,GODREJCP26OCT970PE,GODREJCP,29OCT2026,97000.000000,500,OPTSTK,BFO,5.000000,30000,False
885369,BAJAJHLDNG26OCT12200CE,BAJAJHLDNG,29OCT2026,1220000.000000,75,OPTSTK,BFO,5.000000,100000000,False
885380,LUPIN26SEP2180CE,LUPIN,24SEP2026,218000.000000,425,OPTSTK,BFO,5.000000,34000,False
885392,PAGEIND26SEP35500CE,PAGEIND,24SEP2026,3550000.000000,20,OPTSTK,BFO,5.000000,600,False
885401,BRITANNIA26OCT5900CE,BRITANNIA,29OCT2026,590000.000000,125,OPTSTK,BFO,5.000000,6000,False
885405,FOCIT26SEP45300PE,FOCIT,24SEP2026,4530000.000000,45,OPTIDX,BFO,5.000000,1350,False
885411,POWERINDIA26OCT38500PE,POWERINDIA,29OCT2026,3850000.000000,25,OPTSTK,BFO,5.000000,100000000,False
885452,PAYTM26OCT1640PE,PAYTM,29OCT2026,164000.000000,725,OPTSTK,BFO,5.000000,100000000,False
885477,PAGEIND26OCT36000PE,PAGEIND,29OCT2026,3600000.000000,20,OPTSTK,BFO,5.000000,600,False
885488,HEROMOTOCO26OCT6500PE,HEROMOTOCO,29OCT2026,650000.000000,150,OPTSTK,BFO,5.000000,9000,False
885497,APLAPOLLO26SEP2140CE,APLAPOLLO,24SEP2026,214000.000000,350,OPTSTK,BFO,5.000000,100000000,False
885539,INOXWIND26OCT55CE,INOXWIND,29OCT2026,5500.000000,6400,OPTSTK,BFO,5.000000,100000000,False
885561,BRITANNIA26SEP5950PE,BRITANNIA,24SEP2026,595000.000000,125,OPTSTK,BFO,5.000000,6000,False
885571,LUPIN26SEP2140CE,LUPIN,24SEP2026,214000.000000,425,OPTSTK,BFO,5.000000,34000,False
885573,SENSEX26SEP70000CE,SENSEX,24SEP2026,7000000.000000,20,OPTIDX,BFO,5.000000,1000,False
885588,PAYTM26OCT1620CE,PAYTM,29OCT2026,162000.000000,725,OPTSTK,BFO,5.000000,100000000,False
885602,INOXWIND26SEP55CE,INOXWIND,24SEP2026,5500.000000,6400,OPTSTK,BFO,5.000000,100000000,False
885639,IREDA26OCT100CE,IREDA,29OCT2026,10000.000000,4525,OPTSTK,BFO,5.000000,100000000,False
885644,ZYDUSLIFE26OCT1250PE,ZYDUSLIFE,29OCT2026,125000.000000,900,OPTSTK,BFO,5.000000,54000,False
885661,OIL26SEP505PE,OIL,24SEP2026,50500.000000,1400,OPTSTK,BFO,5.000000,100000000,False
885692,COFORGE26SEP1960CE,COFORGE,24SEP2026,196000.000000,475,OPTSTK,BFO,5.000000,6000,False
885705,POWERGRID26SEP250CE,POWERGRID,24SEP2026,25000.000000,1900,OPTSTK,BFO,5.000000,108000,False
885732,ZYDUSLIFE26OCT1230CE,ZYDUSLIFE,29OCT2026,123000.000000,900,OPTSTK,BFO,5.000000,54000,False
885746,ZYDUSLIFE26SEP1250PE,ZYDUSLIFE,24SEP2026,125000.000000,900,OPTSTK,BFO,5.000000,54000,False
885765,BHARATFORG26OCT1940PE,BHARATFORG,29OCT2026,194000.000000,500,OPTSTK,BFO,5.000000,30000,False
885806,BHARTIARTL26OCT1780PE,BHARTIARTL,29OCT2026,178000.000000,475,OPTSTK,BFO,5.000000,28500,False
885812,FOCIT26OCT45400CE,FOCIT,29OCT2026,4540000.000000,45,OPTIDX,BFO,5.000000,1350,False
885816,NAUKRI26OCT1480CE,NAUKRI,29OCT2026,148000.000000,550,OPTSTK,BFO,5.000000,6000,False
885824,OIL26SEP505CE,OIL,24SEP2026,50500.000000,1400,OPTSTK,BFO,5.000000,100000000,False
885848,MANKIND26SEP2280CE,MANKIND,24SEP2026,228000.000000,250,OPTSTK,BFO,5.000000,100000000,False
885850,BLUESTARCO26OCT1360CE,BLUESTARCO,29OCT2026,136000.000000,325,OPTSTK,BFO,5.000000,100000000,False
885857,SHREECEM26OCT23750PE,SHREECEM,29OCT2026,2375000.000000,25,OPTSTK,BFO,5.000000,1000,False
885870,LTM26SEP5200CE,LTM,24SEP2026,520000.000000,150,OPTSTK,BFO,5.000000,4500,False
885880,POLICYBZR26OCT1860CE,POLICYBZR,29OCT2026,186000.000000,350,OPTSTK,BFO,5.000000,100000000,False
885914,BLUESTARCO26OCT1360PE,BLUESTARCO,29OCT2026,136000.000000,325,OPTSTK,BFO,5.000000,100000000,False
885919,MPHASIS26SEP2900PE,MPHASIS,24SEP2026,290000.000000,275,OPTSTK,BFO,5.000000,11000,False
885941,NAUKRI26SEP1440PE,NAUKRI,24SEP2026,144000.000000,550,OPTSTK,BFO,5.000000,6000,False
885943,ASTRAL26OCT1280PE,ASTRAL,29OCT2026,128000.000000,425,OPTSTK,BFO,5.000000,14680,False
885974,MCX26OCT3300CE,MCX,29OCT2026,330000.000000,225,OPTSTK,BFO,5.000000,16000,False
885979,BLUESTARCO26OCT1340CE,BLUESTARCO,29OCT2026,134000.000000,325,OPTSTK,BFO,5.000000,100000000,False
885985,GODREJCP26OCT920CE,GODREJCP,29OCT2026,92000.000000,500,OPTSTK,BFO,5.000000,30000,False
885990,FORTIS26SEP840PE,FORTIS,24SEP2026,84000.000000,775,OPTSTK,BFO,5.000000,100000000,False
886025,FORCEMOT26OCT22500PE,FORCEMOT,29OCT2026,2250000.000000,25,OPTSTK,BFO,5.000000,100000000,False
886034,PAGEIND26SEP34500PE,PAGEIND,24SEP2026,3450000.000000,20,OPTSTK,BFO,5.000000,600,False
886049,PIIND26OCT2250CE,PIIND,29OCT2026,225000.000000,175,OPTSTK,BFO,5.000000,7500,False
886065,HAL26OCT5300PE,HAL,29OCT2026,530000.000000,150,OPTSTK,BFO,5.000000,9000,False
886112,FORTIS26OCT820CE,FORTIS,29OCT2026,82000.000000,775,OPTSTK,BFO,5.000000,100000000,False
886114,PNB26SEP123CE,PNB,24SEP2026,12300.000000,8000,OPTSTK,BFO,5.000000,480000,False
886162,BOSCHLTD26OCT50000CE,BOSCHLTD,29OCT2026,5000000.000000,25,OPTSTK,BFO,5.000000,1500,False
886166,BRITANNIA26SEP6000CE,BRITANNIA,24SEP2026,600000.000000,125,OPTSTK,BFO,5.000000,6000,False
886214,GODREJCP26SEP840PE,GODREJCP,24SEP2026,84000.000000,500,OPTSTK,BFO,5.000000,30000,False
886219,TATACONSUM26OCT990PE,TATACONSUM,29OCT2026,99000.000000,550,OPTSTK,BFO,5.000000,36000,False
886226,AMBER26OCT6300PE,AMBER,29OCT2026,630000.000000,100,OPTSTK,BFO,5.000000,100000000,False
886249,GODREJCP26OCT940CE,GODREJCP,29OCT2026,94000.000000,500,OPTSTK,BFO,5.000000,30000,False
886256,BOSCHLTD26SEP50000CE,BOSCHLTD,24SEP2026,5000000.000000,25,OPTSTK,BFO,5.000000,1500,False
886260,ZYDUSLIFE26OCT1260CE,ZYDUSLIFE,29OCT2026,126000.000000,900,OPTSTK,BFO,5.000000,54000,False
886264,GODREJCP26OCT850CE,GODREJCP,29OCT2026,85000.000000,500,OPTSTK,BFO,5.000000,30000,False
886272,OIL26OCT510CE,OIL,29OCT2026,51000.000000,1400,OPTSTK,BFO,5.000000,100000000,False
886279,BRITANNIA26SEP6000PE,BRITANNIA,24SEP2026,600000.000000,125,OPTSTK,BFO,5.000000,6000,False
886305,PIIND26SEP2150CE,PIIND,24SEP2026,215000.000000,175,OPTSTK,BFO,5.000000,7500,False
886312,GODREJCP26OCT870PE,GODREJCP,29OCT2026,87000.000000,500,OPTSTK,BFO,5.000000,30000,False
886314,ALKEM26OCT5100CE,ALKEM,29OCT2026,510000.000000,125,OPTSTK,BFO,5.000000,8000,False
886317,FORTIS26SEP830CE,FORTIS,24SEP2026,83000.000000,775,OPTSTK,BFO,5.000000,100000000,False
886327,GODREJCP26SEP900PE,GODREJCP,24SEP2026,90000.000000,500,OPTSTK,BFO,5.000000,30000,False
886367,FORTIS26OCT840CE,FORTIS,29OCT2026,84000.000000,775,OPTSTK,BFO,5.000000,100000000,False
886370,APOLLOHOSP26OCT8000CE,APOLLOHOSP,29OCT2026,800000.000000,125,OPTSTK,BFO,5.000000,5000,False
886376,ZYDUSLIFE26SEP1260CE,ZYDUSLIFE,24SEP2026,126000.000000,900,OPTSTK,BFO,5.000000,54000,False
886380,PNB26OCT125CE,PNB,29OCT2026,12500.000000,8000,OPTSTK,BFO,5.000000,480000,False
886412,GODREJCP26SEP910CE,GODREJCP,24SEP2026,91000.000000,500,OPTSTK,BFO,5.000000,30000,False
886443,FORTIS26SEP820CE,FORTIS,24SEP2026,82000.000000,775,OPTSTK,BFO,5.000000,100000000,False
886457,HINDPETRO26SEP350PE,HINDPETRO,24SEP2026,35000.000000,2025,OPTSTK,BFO,5.000000,108000,False
886463,SENSEX26O0174800CE,SENSEX,01OCT2026,7480000.000000,20,OPTIDX,BFO,5.000000,1000,False
886473,SENSEX26O0184800CE,SENSEX,01OCT2026,8480000.000000,20,OPTIDX,BFO,5.000000,1000,False
886572,SENSEX26O0173700CE,SENSEX,01OCT2026,7370000.000000,20,OPTIDX,BFO,5.000000,1000,False
886581,SOLARINDS26OCT21250PE,SOLARINDS,29OCT2026,2125000.000000,50,OPTSTK,BFO,5.000000,100000000,False
886609,ADANIENT26OCT2600PE,ADANIENT,29OCT2026,260000.000000,309,OPTSTK,BFO,5.000000,9000,False
886628,SENSEX26O0175300CE,SENSEX,01OCT2026,7530000.000000,20,OPTIDX,BFO,5.000000,1000,False
886658,PNBHOUSING26SEP1300PE,PNBHOUSING,24SEP2026,130000.000000,650,OPTSTK,BFO,5.000000,100000000,False
886638,SENSEX26O0171600CE,SENSEX,01OCT2026,7160000.000000,20,OPTIDX,BFO,5.000000,1000,False
886643,SENSEX26O0180900PE,SENSEX,01OCT2026,8090000.000000,20,OPTIDX,BFO,5.000000,1000,False
886685,SENSEX26O0172500PE,SENSEX,01OCT2026,7250000.000000,20,OPTIDX,BFO,5.000000,1000,False
886707,SENSEX26O0171800CE,SENSEX,01OCT2026,7180000.000000,20,OPTIDX,BFO,5.000000,1000,False
886717,HINDPETRO26OCT400CE,HINDPETRO,29OCT2026,40000.000000,2025,OPTSTK,BFO,5.000000,108000,False
886727,APLAPOLLO26SEP2200PE,APLAPOLLO,24SEP2026,220000.000000,350,OPTSTK,BFO,5.000000,100000000,False
886729,ASTRAL26SEP1640PE,ASTRAL,24SEP2026,164000.000000,425,OPTSTK,BFO,5.000000,14680,False
886743,SENSEX26O0184100PE,SENSEX,01OCT2026,8410000.000000,20,OPTIDX,BFO,5.000000,1000,False
886746,SENSEX26O0171100CE,SENSEX,01OCT2026,7110000.000000,20,OPTIDX,BFO,5.000000,1000,False
886750,SENSEX26O0182700PE,SENSEX,01OCT2026,8270000.000000,20,OPTIDX,BFO,5.000000,1000,False
886755,APLAPOLLO26OCT2160PE,APLAPOLLO,29OCT2026,216000.000000,350,OPTSTK,BFO,5.000000,100000000,False
886774,SENSEX26O0171400PE,SENSEX,01OCT2026,7140000.000000,20,OPTIDX,BFO,5.000000,1000,False
886784,CONCOR26SEP565PE,CONCOR,24SEP2026,56500.000000,1250,OPTSTK,BFO,5.000000,40000,False
886814,HINDPETRO26SEP310CE,HINDPETRO,24SEP2026,31000.000000,2025,OPTSTK,BFO,5.000000,108000,False
886820,SENSEX26O0173000PE,SENSEX,01OCT2026,7300000.000000,20,OPTIDX,BFO,5.000000,1000,False
886830,SENSEX26O0171600PE,SENSEX,01OCT2026,7160000.000000,20,OPTIDX,BFO,5.000000,1000,False
886831,SENSEX26O0173900PE,SENSEX,01OCT2026,7390000.000000,20,OPTIDX,BFO,5.000000,1000,False
886835,SENSEX26O0183900PE,SENSEX,01OCT2026,8390000.000000,20,OPTIDX,BFO,5.000000,1000,False
886838,CONCOR26OCT570CE,CONCOR,29OCT2026,57000.000000,1250,OPTSTK,BFO,5.000000,40000,False
886840,PAGEIND26OCT33500PE,PAGEIND,29OCT2026,3350000.000000,20,OPTSTK,BFO,5.000000,600,False
886845,SENSEX26O0177500CE,SENSEX,01OCT2026,7750000.000000,20,OPTIDX,BFO,5.000000,1000,False
886848,SENSEX26O0171500CE,SENSEX,01OCT2026,7150000.000000,20,OPTIDX,BFO,5.000000,1000,False
886868,ADANIGREEN26SEP1180PE,ADANIGREEN,24SEP2026,118000.000000,600,OPTSTK,BFO,5.000000,100000000,False
886872,SENSEX26O0173200PE,SENSEX,01OCT2026,7320000.000000,20,OPTIDX,BFO,5.000000,1000,False
886874,SENSEX26O0177800PE,SENSEX,01OCT2026,7780000.000000,20,OPTIDX,BFO,5.000000,1000,False
886876,SENSEX26O0171800PE,SENSEX,01OCT2026,7180000.000000,20,OPTIDX,BFO,5.000000,1000,False
886879,MANAPPURAM26OCT310CE,MANAPPURAM,29OCT2026,31000.000000,3000,OPTSTK,BFO,5.000000,180000,False
886880,IDFCFIRSTB26OCT94CE,IDFCFIRSTB,29OCT2026,9400.000000,9275,OPTSTK,BFO,5.000000,450000,False
886885,HINDPETRO26SEP420PE,HINDPETRO,24SEP2026,42000.000000,2025,OPTSTK,BFO,5.000000,108000,False
886889,RADICO26SEP5000CE,RADICO,24SEP2026,500000.000000,150,OPTSTK,BFO,5.000000,100000000,False
886912,SENSEX26O0181700CE,SENSEX,01OCT2026,8170000.000000,20,OPTIDX,BFO,5.000000,1000,False
886913,HINDPETRO26SEP390CE,HINDPETRO,24SEP2026,39000.000000,2025,OPTSTK,BFO,5.000000,108000,False
886918,SENSEX26O0179400PE,SENSEX,01OCT2026,7940000.000000,20,OPTIDX,BFO,5.000000,1000,False
886960,SHREECEM26OCT23250CE,SHREECEM,29OCT2026,2325000.000000,25,OPTSTK,BFO,5.000000,1000,False
886962,ASTRAL26OCT1660PE,ASTRAL,29OCT2026,166000.000000,425,OPTSTK,BFO,5.000000,14680,False
886976,SENSEX26O0177300PE,SENSEX,01OCT2026,7730000.000000,20,OPTIDX,BFO,5.000000,1000,False
886977,SENSEX26O0179600PE,SENSEX,01OCT2026,7960000.000000,20,OPTIDX,BFO,5.000000,1000,False
886981,SENSEX26O0173600PE,SENSEX,01OCT2026,7360000.000000,20,OPTIDX,BFO,5.000000,1000,False
887010,HINDPETRO26SEP300CE,HINDPETRO,24SEP2026,30000.000000,2025,OPTSTK,BFO,5.000000,108000,False
887050,HINDPETRO26SEP340CE,HINDPETRO,24SEP2026,34000.000000,2025,OPTSTK,BFO,5.000000,108000,False
887092,SENSEX26O0173000CE,SENSEX,01OCT2026,7300000.000000,20,OPTIDX,BFO,5.000000,1000,False
887098,SENSEX26O0178700PE,SENSEX,01OCT2026,7870000.000000,20,OPTIDX,BFO,5.000000,1000,False
887111,SENSEX26O0181600CE,SENSEX,01OCT2026,8160000.000000,20,OPTIDX,BFO,5.000000,1000,False
887127,SENSEX26O0176300CE,SENSEX,01OCT2026,7630000.000000,20,OPTIDX,BFO,5.000000,1000,False
887129,SENSEX26O0181000PE,SENSEX,01OCT2026,8100000.000000,20,OPTIDX,BFO,5.000000,1000,False
887162,SENSEX26O0178900PE,SENSEX,01OCT2026,7890000.000000,20,OPTIDX,BFO,5.000000,1000,False
887171,BDL26OCT1500CE,BDL,29OCT2026,150000.000000,425,OPTSTK,BFO,5.000000,100000000,False
887176,SENSEX26O0182900PE,SENSEX,01OCT2026,8290000.000000,20,OPTIDX,BFO,5.000000,1000,False
887178,SOLARINDS26SEP22000CE,SOLARINDS,24SEP2026,2200000.000000,50,OPTSTK,BFO,5.000000,100000000,False
887209,EICHERMOT26SEP8800PE,EICHERMOT,24SEP2026,880000.000000,100,OPTSTK,BFO,5.000000,7000,False
887211,PAYTM26OCT1780CE,PAYTM,29OCT2026,178000.000000,725,OPTSTK,BFO,5.000000,100000000,False
887212,HINDPETRO26OCT390CE,HINDPETRO,29OCT2026,39000.000000,2025,OPTSTK,BFO,5.000000,108000,False
887274,INDUSTOWER26SEP420PE,INDUSTOWER,24SEP2026,42000.000000,1700,OPTSTK,BFO,5.000000,170000,False
887276,SENSEX26O0178400PE,SENSEX,01OCT2026,7840000.000000,20,OPTIDX,BFO,5.000000,1000,False
887277,PAGEIND26OCT34000CE,PAGEIND,29OCT2026,3400000.000000,20,OPTSTK,BFO,5.000000,600,False
887280,SENSEX26O0174700PE,SENSEX,01OCT2026,7470000.000000,20,OPTIDX,BFO,5.000000,1000,False
887323,SENSEX26O0184600CE,SENSEX,01OCT2026,8460000.000000,20,OPTIDX,BFO,5.000000,1000,False
887343,ADANIENT26SEP2600PE,ADANIENT,24SEP2026,260000.000000,309,OPTSTK,BFO,5.000000,9000,False
887345,HINDPETRO26SEP440CE,HINDPETRO,24SEP2026,44000.000000,2025,OPTSTK,BFO,5.000000,108000,False
887346,SENSEX26O0174000PE,SENSEX,01OCT2026,7400000.000000,20,OPTIDX,BFO,5.000000,1000,False
887370,OBEROIRLTY26OCT1980PE,OBEROIRLTY,29OCT2026,198000.000000,350,OPTSTK,BFO,5.000000,28000,False
887383,ULTRACEMCO26SEP11000PE,ULTRACEMCO,24SEP2026,1100000.000000,50,OPTSTK,BFO,5.000000,3000,False
887391,UPL26OCT490CE,UPL,29OCT2026,49000.000000,1355,OPTSTK,BFO,5.000000,39000,False
887398,RECLTD26SEP305CE,RECLTD,24SEP2026,30500.000000,1575,OPTSTK,BFO,5.000000,160000,False
887400,SHREECEM26SEP23000PE,SHREECEM,24SEP2026,2300000.000000,25,OPTSTK,BFO,5.000000,1000,False
887413,BHARTIARTL26SEP2140PE,BHARTIARTL,24SEP2026,214000.000000,475,OPTSTK,BFO,5.000000,28500,False
887435,HAVELLS26OCT1440CE,HAVELLS,29OCT2026,144000.000000,500,OPTSTK,BFO,5.000000,20000,False
887456,RECLTD26OCT300CE,RECLTD,29OCT2026,30000.000000,1575,OPTSTK,BFO,5.000000,160000,False
887697,BHARTIARTL26SEP2140CE,BHARTIARTL,24SEP2026,214000.000000,475,OPTSTK,BFO,5.000000,28500,False
887758,NBCC26SEP72.5CE,NBCC,24SEP2026,7250.000000,6500,OPTSTK,BFO,5.000000,100000000,False
887817,SUNPHARMA26OCT1760CE,SUNPHARMA,29OCT2026,176000.000000,350,OPTSTK,BFO,5.000000,28000,False
887856,MANKIND26OCT2260PE,MANKIND,29OCT2026,226000.000000,250,OPTSTK,BFO,5.000000,100000000,False
888053,ULTRACEMCO26SEP10900CE,ULTRACEMCO,24SEP2026,1090000.000000,50,OPTSTK,BFO,5.000000,3000,False
888073,SENSEX26OCT70700PE,SENSEX,29OCT2026,7070000.000000,20,OPTIDX,BFO,5.000000,1000,False
888077,BHEL26OCT465CE,BHEL,29OCT2026,46500.000000,2625,OPTSTK,BFO,5.000000,315000,False
888084,MANKIND26SEP2260PE,MANKIND,24SEP2026,226000.000000,250,OPTSTK,BFO,5.000000,100000000,False
888090,KEI26SEP6600CE,KEI,24SEP2026,660000.000000,175,OPTSTK,BFO,5.000000,100000000,False
888091,SBILIFE26OCT1640PE,SBILIFE,29OCT2026,164000.000000,375,OPTSTK,BFO,5.000000,22500,False
888128,ITC26SEP255PE,ITC,24SEP2026,25500.000000,1725,OPTSTK,BFO,5.000000,64000,False
888132,ASIANPAINT26OCT2560PE,ASIANPAINT,29OCT2026,256000.000000,250,OPTSTK,BFO,5.000000,8000,False
888172,MOTILALOFS26OCT1100CE,MOTILALOFS,29OCT2026,110000.000000,775,OPTSTK,BFO,5.000000,100000000,False
888187,AMBUJACEM26SEP380CE,AMBUJACEM,24SEP2026,38000.000000,1200,OPTSTK,BFO,5.000000,54000,False
888197,SENSEX26O0170800CE,SENSEX,01OCT2026,7080000.000000,20,OPTIDX,BFO,5.000000,1000,False
888212,DLF26OCT740PE,DLF,29OCT2026,74000.000000,950,OPTSTK,BFO,5.000000,49500,False
888242,BIOCON26OCT375PE,BIOCON,29OCT2026,37500.000000,2500,OPTSTK,BFO,5.000000,100000,False
888263,SENSEX26O0170900CE,SENSEX,01OCT2026,7090000.000000,20,OPTIDX,BFO,5.000000,1000,False
888267,AMBUJACEM26OCT380PE,AMBUJACEM,29OCT2026,38000.000000,1200,OPTSTK,BFO,5.000000,54000,False
888270,SUPREMEIND26SEP3950PE,SUPREMEIND,24SEP2026,395000.000000,175,OPTSTK,BFO,5.000000,100000000,False
888313,ITC26SEP252.5PE,ITC,24SEP2026,25250.000000,1725,OPTSTK,BFO,5.000000,64000,False
888332,ULTRACEMCO26SEP10800PE,ULTRACEMCO,24SEP2026,1080000.000000,50,OPTSTK,BFO,5.000000,3000,False
888387,KOTAKBANK26OCT350CE,KOTAKBANK,29OCT2026,35000.000000,2000,OPTSTK,BFO,5.000000,12000,False
888420,ASIANPAINT26OCT2520PE,ASIANPAINT,29OCT2026,252000.000000,250,OPTSTK,BFO,5.000000,8000,False
888450,BOSCHLTD26SEP51000PE,BOSCHLTD,24SEP2026,5100000.000000,25,OPTSTK,BFO,5.000000,1500,False
888452,HAL26SEP5450CE,HAL,24SEP2026,545000.000000,150,OPTSTK,BFO,5.000000,9000,False
888459,HINDUNILVR26OCT1900CE,HINDUNILVR,29OCT2026,190000.000000,300,OPTSTK,BFO,5.000000,9000,False
888469,PAGEIND26SEP33000CE,PAGEIND,24SEP2026,3300000.000000,20,OPTSTK,BFO,5.000000,600,False
888493,ASIANPAINT26OCT2500CE,ASIANPAINT,29OCT2026,250000.000000,250,OPTSTK,BFO,5.000000,8000,False
888520,ASIANPAINT26OCT2540CE,ASIANPAINT,29OCT2026,254000.000000,250,OPTSTK,BFO,5.000000,8000,False
888524,DELHIVERY26OCT415CE,DELHIVERY,29OCT2026,41500.000000,2075,OPTSTK,BFO,5.000000,100000000,False
888548,PAGEIND26SEP33000PE,PAGEIND,24SEP2026,3300000.000000,20,OPTSTK,BFO,5.000000,600,False
888570,APLAPOLLO26OCT2260CE,APLAPOLLO,29OCT2026,226000.000000,350,OPTSTK,BFO,5.000000,100000000,False
888579,HCLTECH26OCT1230CE,HCLTECH,29OCT2026,123000.000000,400,OPTSTK,BFO,5.000000,21000,False
888581,SENSEX5026OCT24450CE,SENSEX50,29OCT2026,2445000.000000,75,OPTIDX,BFO,5.000000,1800,False
888601,DELHIVERY26SEP415PE,DELHIVERY,24SEP2026,41500.000000,2075,OPTSTK,BFO,5.000000,100000000,False
888607,DABUR26OCT370CE,DABUR,29OCT2026,37000.000000,1250,OPTSTK,BFO,5.000000,50000,False
888609,BOSCHLTD26OCT51500CE,BOSCHLTD,29OCT2026,5150000.000000,25,OPTSTK,BFO,5.000000,1500,False
888672,VOLTAS26OCT1100CE,VOLTAS,29OCT2026,110000.000000,375,OPTSTK,BFO,5.000000,30000,False
888682,COALINDIA26OCT365PE,COALINDIA,29OCT2026,36500.000000,1350,OPTSTK,BFO,5.000000,126000,False
888697,DABUR26OCT365CE,DABUR,29OCT2026,36500.000000,1250,OPTSTK,BFO,5.000000,50000,False
888705,POLICYBZR26OCT1920PE,POLICYBZR,29OCT2026,192000.000000,350,OPTSTK,BFO,5.000000,100000000,False
888731,SWIGGY26OCT235PE,SWIGGY,29OCT2026,23500.000000,1825,OPTSTK,BFO,5.000000,100000000,False
888738,SHREECEM26SEP22500PE,SHREECEM,24SEP2026,2250000.000000,25,OPTSTK,BFO,5.000000,1000,False
888739,SENSEX26O0169900PE,SENSEX,01OCT2026,6990000.000000,20,OPTIDX,BFO,5.000000,1000,False
888788,VOLTAS26SEP1100PE,VOLTAS,24SEP2026,110000.000000,375,OPTSTK,BFO,5.000000,30000,False
888792,POWERGRID26SEP245PE,POWERGRID,24SEP2026,24500.000000,1900,OPTSTK,BFO,5.000000,108000,False
888798,ICICIBANK26OCT1330CE,ICICIBANK,29OCT2026,133000.000000,700,OPTSTK,BFO,5.000000,28000,False
888863,SENSEX2691769900CE,SENSEX,17SEP2026,6990000.000000,20,OPTIDX,BFO,5.000000,1000,False
888875,POWERGRID26OCT245CE,POWERGRID,29OCT2026,24500.000000,1900,OPTSTK,BFO,5.000000,108000,False
888877,CAMS26OCT680PE,CAMS,29OCT2026,68000.000000,825,OPTSTK,BFO,5.000000,100000000,False
888932,SENSEX26O0877300CE,SENSEX,08OCT2026,7730000.000000,20,OPTIDX,BFO,5.000000,1000,False
888936,SENSEX26O0882000PE,SENSEX,08OCT2026,8200000.000000,20,OPTIDX,BFO,5.000000,1000,False
888946,SENSEX26O0873000PE,SENSEX,08OCT2026,7300000.000000,20,OPTIDX,BFO,5.000000,1000,False
888948,SENSEX26O0877600PE,SENSEX,08OCT2026,7760000.000000,20,OPTIDX,BFO,5.000000,1000,False
888959,SENSEX26O0883900PE,SENSEX,08OCT2026,8390000.000000,20,OPTIDX,BFO,5.000000,1000,False
888976,SENSEX26O0879200PE,SENSEX,08OCT2026,7920000.000000,20,OPTIDX,BFO,5.000000,1000,False
888981,SENSEX26O0875500PE,SENSEX,08OCT2026,7550000.000000,20,OPTIDX,BFO,5.000000,1000,False
888984,SENSEX26O0871800PE,SENSEX,08OCT2026,7180000.000000,20,OPTIDX,BFO,5.000000,1000,False
888997,SENSEX26O0877700CE,SENSEX,08OCT2026,7770000.000000,20,OPTIDX,BFO,5.000000,1000,False
889003,GMRAIRPORT26OCT94PE,GMRAIRPORT,29OCT2026,9400.000000,6975,OPTSTK,BFO,5.000000,675000,False
889006,SENSEX26O0881700CE,SENSEX,08OCT2026,8170000.000000,20,OPTIDX,BFO,5.000000,1000,False
889016,COFORGE26OCT1980PE,COFORGE,29OCT2026,198000.000000,475,OPTSTK,BFO,5.000000,6000,False
889030,RECLTD26SEP295PE,RECLTD,24SEP2026,29500.000000,1575,OPTSTK,BFO,5.000000,160000,False
889034,COFORGE26SEP2000CE,COFORGE,24SEP2026,200000.000000,475,OPTSTK,BFO,5.000000,6000,False
889040,GMRAIRPORT26SEP94PE,GMRAIRPORT,24SEP2026,9400.000000,6975,OPTSTK,BFO,5.000000,675000,False
889041,SENSEX26O0875000PE,SENSEX,08OCT2026,7500000.000000,20,OPTIDX,BFO,5.000000,1000,False
889046,SENSEX26O0871300PE,SENSEX,08OCT2026,7130000.000000,20,OPTIDX,BFO,5.000000,1000,False
889047,SENSEX26O0873600PE,SENSEX,08OCT2026,7360000.000000,20,OPTIDX,BFO,5.000000,1000,False
889053,SENSEX26O0876600CE,SENSEX,08OCT2026,7660000.000000,20,OPTIDX,BFO,5.000000,1000,False
889060,SENSEX26O0870600CE,SENSEX,08OCT2026,7060000.000000,20,OPTIDX,BFO,5.000000,1000,False
889061,SENSEX26O0872900CE,SENSEX,08OCT2026,7290000.000000,20,OPTIDX,BFO,5.000000,1000,False
889074,SENSEX26O0876900PE,SENSEX,08OCT2026,7690000.000000,20,OPTIDX,BFO,5.000000,1000,False
889083,IOC26OCT117.5CE,IOC,29OCT2026,11750.000000,4875,OPTSTK,BFO,5.000000,292500,False
889093,SENSEX26O0872200CE,SENSEX,08OCT2026,7220000.000000,20,OPTIDX,BFO,5.000000,1000,False
889115,SENSEX26O0881400CE,SENSEX,08OCT2026,8140000.000000,20,OPTIDX,BFO,5.000000,1000,False
889124,SENSEX26O0878400CE,SENSEX,08OCT2026,7840000.000000,20,OPTIDX,BFO,5.000000,1000,False
889130,SENSEX26O0881700PE,SENSEX,08OCT2026,8170000.000000,20,OPTIDX,BFO,5.000000,1000,False
889152,SENSEX26O0876300CE,SENSEX,08OCT2026,7630000.000000,20,OPTIDX,BFO,5.000000,1000,False
889164,SENSEX26O0880300CE,SENSEX,08OCT2026,8030000.000000,20,OPTIDX,BFO,5.000000,1000,False
889202,SENSEX26O0884200CE,SENSEX,08OCT2026,8420000.000000,20,OPTIDX,BFO,5.000000,1000,False
889252,APLAPOLLO26OCT2280PE,APLAPOLLO,29OCT2026,228000.000000,350,OPTSTK,BFO,5.000000,100000000,False
889272,PFC26SEP330CE,PFC,24SEP2026,33000.000000,1300,OPTSTK,BFO,5.000000,124000,False
889292,SENSEX26O0870900CE,SENSEX,08OCT2026,7090000.000000,20,OPTIDX,BFO,5.000000,1000,False
889303,SENSEX26O0876300PE,SENSEX,08OCT2026,7630000.000000,20,OPTIDX,BFO,5.000000,1000,False
889307,SENSEX26O0872600PE,SENSEX,08OCT2026,7260000.000000,20,OPTIDX,BFO,5.000000,1000,False
889331,SENSEX26O0872500CE,SENSEX,08OCT2026,7250000.000000,20,OPTIDX,BFO,5.000000,1000,False
889352,SENSEX26O0879500CE,SENSEX,08OCT2026,7950000.000000,20,OPTIDX,BFO,5.000000,1000,False
889382,SENSEX26O0873800PE,SENSEX,08OCT2026,7380000.000000,20,OPTIDX,BFO,5.000000,1000,False
889385,MANKIND26SEP2240PE,MANKIND,24SEP2026,224000.000000,250,OPTSTK,BFO,5.000000,100000000,False
889404,SENSEX26O0879700CE,SENSEX,08OCT2026,7970000.000000,20,OPTIDX,BFO,5.000000,1000,False
889443,SENSEX26O0873000CE,SENSEX,08OCT2026,7300000.000000,20,OPTIDX,BFO,5.000000,1000,False
889448,SENSEX26O0880000PE,SENSEX,08OCT2026,8000000.000000,20,OPTIDX,BFO,5.000000,1000,False
889469,SENSEX26O0873300PE,SENSEX,08OCT2026,7330000.000000,20,OPTIDX,BFO,5.000000,1000,False
889473,SENSEX26O0871900PE,SENSEX,08OCT2026,7190000.000000,20,OPTIDX,BFO,5.000000,1000,False
889484,SENSEX26O0873200CE,SENSEX,08OCT2026,7320000.000000,20,OPTIDX,BFO,5.000000,1000,False
889523,SENSEX26O0884100PE,SENSEX,08OCT2026,8410000.000000,20,OPTIDX,BFO,5.000000,1000,False
889585,PREMIERENE26OCT1200PE,PREMIERENE,29OCT2026,120000.000000,650,OPTSTK,BFO,5.000000,100000000,False
889586,KOTAKBANK26OCT440CE,KOTAKBANK,29OCT2026,44000.000000,2000,OPTSTK,BFO,5.000000,12000,False
889622,POLICYBZR26OCT1940CE,POLICYBZR,29OCT2026,194000.000000,350,OPTSTK,BFO,5.000000,100000000,False
889632,RECLTD26OCT290PE,RECLTD,29OCT2026,29000.000000,1575,OPTSTK,BFO,5.000000,160000,False
889643,NAM-INDIA26OCT1380CE,NAM-INDIA,29OCT2026,138000.000000,625,OPTSTK,BFO,5.000000,100000000,False
889652,POLICYBZR26SEP1940CE,POLICYBZR,24SEP2026,194000.000000,350,OPTSTK,BFO,5.000000,100000000,False
889654,TRENT26OCT2550PE,TRENT,29OCT2026,255000.000000,225,OPTSTK,BFO,5.000000,16000,False
889661,MOTILALOFS26OCT1140PE,MOTILALOFS,29OCT2026,114000.000000,775,OPTSTK,BFO,5.000000,100000000,False
889699,LICHSGFIN26SEP420CE,LICHSGFIN,24SEP2026,42000.000000,1000,OPTSTK,BFO,5.000000,60000,False
889713,PIIND26OCT2100CE,PIIND,29OCT2026,210000.000000,175,OPTSTK,BFO,5.000000,7500,False
889723,BHARATFORG26SEP1900PE,BHARATFORG,24SEP2026,190000.000000,500,OPTSTK,BFO,5.000000,30000,False
889733,DELHIVERY26OCT410PE,DELHIVERY,29OCT2026,41000.000000,2075,OPTSTK,BFO,5.000000,100000000,False
889739,VMM26OCT130PE,VMM,29OCT2026,13000.000000,4850,OPTSTK,BFO,5.000000,100000000,False
889744,GLENMARK26SEP2520CE,GLENMARK,24SEP2026,252000.000000,375,OPTSTK,BFO,5.000000,43500,False
889797,MUTHOOTFIN26OCT3500CE,MUTHOOTFIN,29OCT2026,350000.000000,275,OPTSTK,BFO,5.000000,22000,False
889820,SIEMENS26OCT4450CE,SIEMENS,29OCT2026,445000.000000,175,OPTSTK,BFO,5.000000,8250,False
889822,GLENMARK26SEP2500CE,GLENMARK,24SEP2026,250000.000000,375,OPTSTK,BFO,5.000000,43500,False
889832,KPITTECH26OCT510PE,KPITTECH,29OCT2026,51000.000000,775,OPTSTK,BFO,5.000000,100000000,False
889845,DELHIVERY26SEP410PE,DELHIVERY,24SEP2026,41000.000000,2075,OPTSTK,BFO,5.000000,100000000,False
889859,SIEMENS26SEP4400PE,SIEMENS,24SEP2026,440000.000000,175,OPTSTK,BFO,5.000000,8250,False
889868,GMRAIRPORT26OCT92PE,GMRAIRPORT,29OCT2026,9200.000000,6975,OPTSTK,BFO,5.000000,675000,False
889911,SAIL26SEP200CE,SAIL,24SEP2026,20000.000000,4700,OPTSTK,BFO,5.000000,320000,False
889912,JINDALSTEL26SEP1300PE,JINDALSTEL,24SEP2026,130000.000000,625,OPTSTK,BFO,5.000000,37500,False
889925,PAYTM26SEP1820CE,PAYTM,24SEP2026,182000.000000,725,OPTSTK,BFO,5.000000,100000000,False
889932,PAYTM26OCT1860PE,PAYTM,29OCT2026,186000.000000,725,OPTSTK,BFO,5.000000,100000000,False
889937,PAYTM26SEP1860CE,PAYTM,24SEP2026,186000.000000,725,OPTSTK,BFO,5.000000,100000000,False
121610,SILVER26DEC199500PE,SILVER,01DEC2026,19950000.000000,1,OPTBLN,NCO,50.000000,20,False
121611,ALUMINI26SEPFUT,ALUMINI,30SEP2026,-1.000000,1,FUTBAS,NCO,5.000000,150,False
121614,SILVER26DEC259000CE,SILVER,01DEC2026,25900000.000000,1,OPTBLN,NCO,50.000000,20,False
121620,SILVER26DEC196250CE,SILVER,01DEC2026,19625000.000000,1,OPTBLN,NCO,50.000000,20,False
121622,LEADMINI26SEPFUT,LEADMINI,30SEP2026,-1.000000,1,FUTBAS,NCO,5.000000,100,False
121623,SILVER26DEC200000PE,SILVER,01DEC2026,20000000.000000,1,OPTBLN,NCO,50.000000,20,False
121628,GOLD27JAN169000CE,GOLD,29JAN2027,16900000.000000,1,OPTFUT,NCO,50.000000,10,False
121629,COPPER26OCT1415PE,COPPER,23OCT2026,141500.000000,1,OPTFUT,NCO,1.000000,70,False
121654,COPPER26OCT1410PE,COPPER,23OCT2026,141000.000000,1,OPTFUT,NCO,1.000000,70,False
121660,CRUDEOIL26OCT5550CE,CRUDEOIL,08OCT2026,555000.000000,1,OPTFUT,NCO,10.000000,100,False
121674,SILVER27MAR203750CE,SILVER,02MAR2027,20375000.000000,1,OPTBLN,NCO,50.000000,20,False
121675,SILVER27MAR203750PE,SILVER,02MAR2027,20375000.000000,1,OPTBLN,NCO,50.000000,20,False
121677,SILVER27MAR204000CE,SILVER,02MAR2027,20400000.000000,1,OPTBLN,NCO,50.000000,20,False
121682,SILVER27MAR204250PE,SILVER,02MAR2027,20425000.000000,1,OPTBLN,NCO,50.000000,20,False
121687,GOLD27JAN171700PE,GOLD,29JAN2027,17170000.000000,1,OPTFUT,NCO,50.000000,10,False
121694,GOLD27JAN169800CE,GOLD,29JAN2027,16980000.000000,1,OPTFUT,NCO,50.000000,10,False
121714,SILVER27MAR204750CE,SILVER,02MAR2027,20475000.000000,1,OPTBLN,NCO,50.000000,20,False
121729,BRCRUDEOIL27APRFUT,BRCRUDEOIL,30APR2027,-1.000000,1,FUTENR,NCO,100.000000,100,False
121731,SILVER27MAR205500PE,SILVER,02MAR2027,20550000.000000,1,OPTBLN,NCO,50.000000,20,False
121737,SILVER27MAR206250PE,SILVER,02MAR2027,20625000.000000,1,OPTBLN,NCO,50.000000,20,False
121745,SILVER26DEC196500CE,SILVER,01DEC2026,19650000.000000,1,OPTBLN,NCO,50.000000,20,False
121747,SILVERM27JUN232500PE,SILVERM,23JUN2027,23250000.000000,1,OPTFUT,NCO,50.000000,120,False
121750,COPPER26DEC1460CE,COPPER,23DEC2026,146000.000000,1,OPTFUT,NCO,1.000000,70,False
121759,CRUDEOIL26NOV11200PE,CRUDEOIL,10NOV2026,1120000.000000,1,OPTFUT,NCO,10.000000,100,False
121771,SILVERM27AUG236000CE,SILVERM,24AUG2027,23600000.000000,1,OPTFUT,NCO,50.000000,120,False
121780,GOLD27JAN170600CE,GOLD,29JAN2027,17060000.000000,1,OPTFUT,NCO,50.000000,10,False
121798,GOLD27JAN171100CE,GOLD,29JAN2027,17110000.000000,1,OPTFUT,NCO,50.000000,10,False
121835,SILVERM27AUG237750CE,SILVERM,24AUG2027,23775000.000000,1,OPTFUT,NCO,50.000000,120,False
121839,ZINC26SEP442.5PE,ZINC,23SEP2026,44250.000000,1,OPTFUT,NCO,1.000000,20,False
121842,SILVERM27AUG238250PE,SILVERM,24AUG2027,23825000.000000,1,OPTFUT,NCO,50.000000,120,False
121844,SILVERM26DEC236500CE,SILVERM,23DEC2026,23650000.000000,1,OPTFUT,NCO,50.000000,120,False
121852,SILVER26DEC252250PE,SILVER,01DEC2026,25225000.000000,1,OPTBLN,NCO,50.000000,20,False
121862,SILVERM27AUG238750PE,SILVERM,24AUG2027,23875000.000000,1,OPTFUT,NCO,50.000000,120,False
121873,ZINC26SEP445PE,ZINC,23SEP2026,44500.000000,1,OPTFUT,NCO,1.000000,20,False
121893,NATURALGAS27FEBFUT,NATURALGAS,23FEB2027,-1.000000,1,FUTENR,NCO,10.000000,48,False
121898,COPPER26NOV1425PE,COPPER,23NOV2026,142500.000000,1,OPTFUT,NCO,1.000000,70,False
121913,COPPER26OCT1330PE,COPPER,23OCT2026,133000.000000,1,OPTFUT,NCO,1.000000,70,False
121917,COPPER26OCT1340PE,COPPER,23OCT2026,134000.000000,1,OPTFUT,NCO,1.000000,70,False
121919,SILVERM27JUN246000PE,SILVERM,23JUN2027,24600000.000000,1,OPTFUT,NCO,50.000000,120,False
121922,SILVERM27JUN246500CE,SILVERM,23JUN2027,24650000.000000,1,OPTFUT,NCO,50.000000,120,False
121923,ALUMINI26NOVFUT,ALUMINI,30NOV2026,-1.000000,1,FUTBAS,NCO,5.000000,150,False
121924,BRCRUDEOIL26NOVFUT,BRCRUDEOIL,30NOV2026,-1.000000,1,FUTENR,NCO,100.000000,100,False
121926,BRCRUDEOIL27JANFUT,BRCRUDEOIL,29JAN2027,-1.000000,1,FUTENR,NCO,100.000000,100,False
121931,BRCRUDEOIL27FEBFUT,BRCRUDEOIL,26FEB2027,-1.000000,1,FUTENR,NCO,100.000000,100,False
121938,SILVERM27JUN247500PE,SILVERM,23JUN2027,24750000.000000,1,OPTFUT,NCO,50.000000,120,False
121940,SILVERM27JUN247750PE,SILVERM,23JUN2027,24775000.000000,1,OPTFUT,NCO,50.000000,120,False
121944,SILVER27MAR257250CE,SILVER,02MAR2027,25725000.000000,1,OPTBLN,NCO,50.000000,20,False
121956,SILVERM27JUN248250PE,SILVERM,23JUN2027,24825000.000000,1,OPTFUT,NCO,50.000000,120,False
121957,SILVERM27JUN248500CE,SILVERM,23JUN2027,24850000.000000,1,OPTFUT,NCO,50.000000,120,False
121966,SILVERM27JUN249250CE,SILVERM,23JUN2027,24925000.000000,1,OPTFUT,NCO,50.000000,120,False
121975,SILVERM27JUN249750PE,SILVERM,23JUN2027,24975000.000000,1,OPTFUT,NCO,50.000000,120,False
121982,GOLD27AUG160100CE,GOLD,27AUG2027,16010000.000000,1,OPTFUT,NCO,50.000000,10,False
122008,GOLD27AUG158500PE,GOLD,27AUG2027,15850000.000000,1,OPTFUT,NCO,50.000000,10,False
122011,GOLD27AUG158600PE,GOLD,27AUG2027,15860000.000000,1,OPTFUT,NCO,50.000000,10,False
122029,SILVERM27JAN251000PE,SILVERM,21JAN2027,25100000.000000,1,OPTFUT,NCO,50.000000,120,False
122034,GOLD27JUN161900CE,GOLD,28JUN2027,16190000.000000,1,OPTFUT,NCO,50.000000,10,False
122049,SILVERM27JAN251500PE,SILVERM,21JAN2027,25150000.000000,1,OPTFUT,NCO,50.000000,120,False
122050,SILVERM27JAN251750CE,SILVERM,21JAN2027,25175000.000000,1,OPTFUT,NCO,50.000000,120,False
122054,SILVER26DEC255500CE,SILVER,01DEC2026,25550000.000000,1,OPTBLN,NCO,50.000000,20,False
122055,SILVER26DEC255500PE,SILVER,01DEC2026,25550000.000000,1,OPTBLN,NCO,50.000000,20,False
122064,GOLD27JUN162100CE,GOLD,28JUN2027,16210000.000000,1,OPTFUT,NCO,50.000000,10,False
122071,SILVERM27MAY286500CE,SILVERM,24MAY2027,28650000.000000,1,OPTFUT,NCO,50.000000,120,False
122075,SILVERM27MAY286500PE,SILVERM,24MAY2027,28650000.000000,1,OPTFUT,NCO,50.000000,120,False
122076,SILVER26DEC256750PE,SILVER,01DEC2026,25675000.000000,1,OPTBLN,NCO,50.000000,20,False
122080,SILVERM27JAN251750PE,SILVERM,21JAN2027,25175000.000000,1,OPTFUT,NCO,50.000000,120,False
122082,SILVERM27JAN252000PE,SILVERM,21JAN2027,25200000.000000,1,OPTFUT,NCO,50.000000,120,False
122095,GOLDM26NOV151300CE,GOLDM,27NOV2026,15130000.000000,1,OPTFUT,NCO,50.000000,100,False
122097,GOLD27AUG160700PE,GOLD,27AUG2027,16070000.000000,1,OPTFUT,NCO,50.000000,10,False
122100,GOLD27AUG160900CE,GOLD,27AUG2027,16090000.000000,1,OPTFUT,NCO,50.000000,10,False
122136,SILVERM26NOV170750PE,SILVERM,23NOV2026,17075000.000000,1,OPTFUT,NCO,50.000000,120,False
122140,GOLD27JUN162500PE,GOLD,28JUN2027,16250000.000000,1,OPTFUT,NCO,50.000000,10,False
122143,SILVERM26NOV171000PE,SILVERM,23NOV2026,17100000.000000,1,OPTFUT,NCO,50.000000,120,False
122147,CRUDEOIL26OCT5200PE,CRUDEOIL,08OCT2026,520000.000000,1,OPTFUT,NCO,10.000000,100,False
122152,CRUDEOIL26OCT5300CE,CRUDEOIL,08OCT2026,530000.000000,1,OPTFUT,NCO,10.000000,100,False
122156,CRUDEOIL26OCT5300PE,CRUDEOIL,08OCT2026,530000.000000,1,OPTFUT,NCO,10.000000,100,False
122159,GOLD27AUG161000PE,GOLD,27AUG2027,16100000.000000,1,OPTFUT,NCO,50.000000,10,False
122169,SILVER26DEC258750CE,SILVER,01DEC2026,25875000.000000,1,OPTBLN,NCO,50.000000,20,False
122182,NATURALGAS26NOV210PE,NATURALGAS,18NOV2026,21000.000000,1,OPTFUT,NCO,5.000000,48,False
122187,SILVERM26NOV172250CE,SILVERM,23NOV2026,17225000.000000,1,OPTFUT,NCO,50.000000,120,False
122191,SILVER26DEC264500PE,SILVER,01DEC2026,26450000.000000,1,OPTBLN,NCO,50.000000,20,False
122200,SILVERM27MAY287000PE,SILVERM,24MAY2027,28700000.000000,1,OPTFUT,NCO,50.000000,120,False
122214,NATURALGAS26NOV220CE,NATURALGAS,18NOV2026,22000.000000,1,OPTFUT,NCO,5.000000,48,False
122240,GOLD27JUN152800CE,GOLD,28JUN2027,15280000.000000,1,OPTFUT,NCO,50.000000,10,False
122243,GOLD27AUG161200PE,GOLD,27AUG2027,16120000.000000,1,OPTFUT,NCO,50.000000,10,False
122251,CRUDEOIL26OCT5450CE,CRUDEOIL,08OCT2026,545000.000000,1,OPTFUT,NCO,10.000000,100,False
122253,SILVERM26NOV175500PE,SILVERM,23NOV2026,17550000.000000,1,OPTFUT,NCO,50.000000,120,False
122255,SILVERM26NOV175750PE,SILVERM,23NOV2026,17575000.000000,1,OPTFUT,NCO,50.000000,120,False
122280,NATURALGAS26NOV255CE,NATURALGAS,18NOV2026,25500.000000,1,OPTFUT,NCO,5.000000,48,False
122288,ALUMINIUM26NOVFUT,ALUMINIUM,30NOV2026,-1.000000,1,FUTBAS,NCO,5.000000,30,False
122299,SILVER26DEC265000CE,SILVER,01DEC2026,26500000.000000,1,OPTBLN,NCO,50.000000,20,False
122304,SILVER26DEC265250CE,SILVER,01DEC2026,26525000.000000,1,OPTBLN,NCO,50.000000,20,False
122311,SILVERM27APR252000PE,SILVERM,23APR2027,25200000.000000,1,OPTFUT,NCO,50.000000,120,False
122318,SILVERM26NOV177000CE,SILVERM,23NOV2026,17700000.000000,1,OPTFUT,NCO,50.000000,120,False
122343,ZINCMINI26NOVFUT,ZINCMINI,30NOV2026,-1.000000,1,FUTBAS,NCO,5.000000,100,False
122362,SILVER26DEC266750CE,SILVER,01DEC2026,26675000.000000,1,OPTBLN,NCO,50.000000,20,False
122379,GOLD27AUG161500PE,GOLD,27AUG2027,16150000.000000,1,OPTFUT,NCO,50.000000,10,False
122380,GOLD27AUG161600CE,GOLD,27AUG2027,16160000.000000,1,OPTFUT,NCO,50.000000,10,False
122386,GOLD27AUG161900CE,GOLD,27AUG2027,16190000.000000,1,OPTFUT,NCO,50.000000,10,False
122391,SILVERM26OCT192750PE,SILVERM,23OCT2026,19275000.000000,1,OPTFUT,NCO,50.000000,120,False
122413,SILVERM26NOV193000CE,SILVERM,23NOV2026,19300000.000000,1,OPTFUT,NCO,50.000000,120,False
122414,SILVERM26NOV193000PE,SILVERM,23NOV2026,19300000.000000,1,OPTFUT,NCO,50.000000,120,False
122421,GOLDGUINEA26NOVFUT,GOLDGUINEA,30NOV2026,-1.000000,1,FUTBLN,NCO,100.000000,1250,False
122443,SILVERM26NOV179000PE,SILVERM,23NOV2026,17900000.000000,1,OPTFUT,NCO,50.000000,120,False
122444,SILVERM26NOV179250CE,SILVERM,23NOV2026,17925000.000000,1,OPTFUT,NCO,50.000000,120,False
122446,SILVERM26NOV179500CE,SILVERM,23NOV2026,17950000.000000,1,OPTFUT,NCO,50.000000,120,False
122452,SILVERM26NOV180250CE,SILVERM,23NOV2026,18025000.000000,1,OPTFUT,NCO,50.000000,120,False
122462,SILVERM26NOV180250PE,SILVERM,23NOV2026,18025000.000000,1,OPTFUT,NCO,50.000000,120,False
122464,GOLD27JUN153000CE,GOLD,28JUN2027,15300000.000000,1,OPTFUT,NCO,50.000000,10,False
122469,SILVER26DEC268750CE,SILVER,01DEC2026,26875000.000000,1,OPTBLN,NCO,50.000000,20,False
122485,GOLD27AUG162500PE,GOLD,27AUG2027,16250000.000000,1,OPTFUT,NCO,50.000000,10,False
122488,GOLD27AUG162600CE,GOLD,27AUG2027,16260000.000000,1,OPTFUT,NCO,50.000000,10,False
122494,GOLD27AUG162800CE,GOLD,27AUG2027,16280000.000000,1,OPTFUT,NCO,50.000000,10,False
122495,GOLD27AUG162800PE,GOLD,27AUG2027,16280000.000000,1,OPTFUT,NCO,50.000000,10,False
122496,GOLD27JUN153200CE,GOLD,28JUN2027,15320000.000000,1,OPTFUT,NCO,50.000000,10,False
122510,GOLD27AUG163300CE,GOLD,27AUG2027,16330000.000000,1,OPTFUT,NCO,50.000000,10,False
122511,GOLD27AUG163300PE,GOLD,27AUG2027,16330000.000000,1,OPTFUT,NCO,50.000000,10,False
122516,SILVERM27MAY287250PE,SILVERM,24MAY2027,28725000.000000,1,OPTFUT,NCO,50.000000,120,False
122540,GOLD27JUN153900CE,GOLD,28JUN2027,15390000.000000,1,OPTFUT,NCO,50.000000,10,False
122542,GOLD26OCT137300PE,GOLD,29OCT2026,13730000.000000,1,OPTFUT,NCO,50.000000,10,False
122555,COPPER26SEP1295PE,COPPER,23SEP2026,129500.000000,1,OPTFUT,NCO,1.000000,70,False
122558,SILVER26DEC269750PE,SILVER,01DEC2026,26975000.000000,1,OPTBLN,NCO,50.000000,20,False
122560,SILVER26DEC197000CE,SILVER,01DEC2026,19700000.000000,1,OPTBLN,NCO,50.000000,20,False
122567,SILVERM27MAY287500PE,SILVERM,24MAY2027,28750000.000000,1,OPTFUT,NCO,50.000000,120,False
122577,GOLD27JUN154100CE,GOLD,28JUN2027,15410000.000000,1,OPTFUT,NCO,50.000000,10,False
122591,GOLD27JAN158900CE,GOLD,29JAN2027,15890000.000000,1,OPTFUT,NCO,50.000000,10,False
122601,GOLD26OCT138200CE,GOLD,29OCT2026,13820000.000000,1,OPTFUT,NCO,50.000000,10,False
122603,GOLD26OCT138300CE,GOLD,29OCT2026,13830000.000000,1,OPTFUT,NCO,50.000000,10,False
122607,GOLD26OCT138500CE,GOLD,29OCT2026,13850000.000000,1,OPTFUT,NCO,50.000000,10,False
122617,GOLD27MAY167400CE,GOLD,28MAY2027,16740000.000000,1,OPTFUT,NCO,50.000000,10,False
122622,GOLD27MAY167500PE,GOLD,28MAY2027,16750000.000000,1,OPTFUT,NCO,50.000000,10,False
122636,SILVERM27MAY272250CE,SILVERM,24MAY2027,27225000.000000,1,OPTFUT,NCO,50.000000,120,False
122642,SILVERM27MAY272750CE,SILVERM,24MAY2027,27275000.000000,1,OPTFUT,NCO,50.000000,120,False
122645,GOLD27AUG163800CE,GOLD,27AUG2027,16380000.000000,1,OPTFUT,NCO,50.000000,10,False
122656,SILVERM27JAN243000PE,SILVERM,21JAN2027,24300000.000000,1,OPTFUT,NCO,50.000000,120,False
122660,SILVERM27JAN243500PE,SILVERM,21JAN2027,24350000.000000,1,OPTFUT,NCO,50.000000,120,False
122709,GOLD27MAY150800CE,GOLD,28MAY2027,15080000.000000,1,OPTFUT,NCO,50.000000,10,False
122722,GOLD27JUN154700PE,GOLD,28JUN2027,15470000.000000,1,OPTFUT,NCO,50.000000,10,False
122728,CRUDEOIL26OCT11150CE,CRUDEOIL,08OCT2026,1115000.000000,1,OPTFUT,NCO,10.000000,100,False
122733,GOLD27MAY167900CE,GOLD,28MAY2027,16790000.000000,1,OPTFUT,NCO,50.000000,10,False
122740,ALUMINIUM26OCTFUT,ALUMINIUM,30OCT2026,-1.000000,1,FUTBAS,NCO,5.000000,30,False
122744,NICKEL26OCTFUT,NICKEL,30OCT2026,-1.000000,1,FUTBAS,NCO,10.000000,16,False
122749,GOLD27JUN154800PE,GOLD,28JUN2027,15480000.000000,1,OPTFUT,NCO,50.000000,10,False
122757,CRUDEOIL26OCT11200PE,CRUDEOIL,08OCT2026,1120000.000000,1,OPTFUT,NCO,10.000000,100,False
122760,CRUDEOIL26OCT11300CE,CRUDEOIL,08OCT2026,1130000.000000,1,OPTFUT,NCO,10.000000,100,False
122773,SILVERM27JAN348750PE,SILVERM,21JAN2027,34875000.000000,1,OPTFUT,NCO,50.000000,120,False
122774,SILVERM27JAN349000CE,SILVERM,21JAN2027,34900000.000000,1,OPTFUT,NCO,50.000000,120,False
122793,SILVERM27JAN350000CE,SILVERM,21JAN2027,35000000.000000,1,OPTFUT,NCO,50.000000,120,False
122796,SILVERM27JAN350250PE,SILVERM,21JAN2027,35025000.000000,1,OPTFUT,NCO,50.000000,120,False
122798,SILVERM27JAN350500PE,SILVERM,21JAN2027,35050000.000000,1,OPTFUT,NCO,50.000000,120,False
122811,SILVERM27JAN352000CE,SILVERM,21JAN2027,35200000.000000,1,OPTFUT,NCO,50.000000,120,False
122813,SILVERM27JAN352250CE,SILVERM,21JAN2027,35225000.000000,1,OPTFUT,NCO,50.000000,120,False
122856,NATURALGAS26OCT195CE,NATURALGAS,21OCT2026,19500.000000,1,OPTFUT,NCO,5.000000,48,False
122872,SILVERM26OCT180500PE,SILVERM,23OCT2026,18050000.000000,1,OPTFUT,NCO,50.000000,120,False
122894,GOLD27JUN155500PE,GOLD,28JUN2027,15550000.000000,1,OPTFUT,NCO,50.000000,10,False
122890,SILVERM26OCT180750PE,SILVERM,23OCT2026,18075000.000000,1,OPTFUT,NCO,50.000000,120,False
122912,SILVERM26OCT181250CE,SILVERM,23OCT2026,18125000.000000,1,OPTFUT,NCO,50.000000,120,False
122938,GOLD26OCT163900PE,GOLD,29OCT2026,16390000.000000,1,OPTFUT,NCO,50.000000,10,False
122941,GOLD26OCT164100CE,GOLD,29OCT2026,16410000.000000,1,OPTFUT,NCO,50.000000,10,False
122943,GOLD26OCT164100PE,GOLD,29OCT2026,16410000.000000,1,OPTFUT,NCO,50.000000,10,False
122949,ZINC26SEP405CE,ZINC,23SEP2026,40500.000000,1,OPTFUT,NCO,1.000000,20,False
122956,SILVERM26OCT182000PE,SILVERM,23OCT2026,18200000.000000,1,OPTFUT,NCO,50.000000,120,False
122960,GOLD27JUN156300CE,GOLD,28JUN2027,15630000.000000,1,OPTFUT,NCO,50.000000,10,False
122969,GOLD26OCT164200CE,GOLD,29OCT2026,16420000.000000,1,OPTFUT,NCO,50.000000,10,False
122981,ZINC26OCT412.5CE,ZINC,23OCT2026,41250.000000,1,OPTFUT,NCO,1.000000,20,False
122985,GOLD26NOV164600PE,GOLD,27NOV2026,16460000.000000,1,OPTFUT,NCO,50.000000,10,False
122986,GOLD26NOV164700CE,GOLD,27NOV2026,16470000.000000,1,OPTFUT,NCO,50.000000,10,False
123003,SILVERM26OCT152750CE,SILVERM,23OCT2026,15275000.000000,1,OPTFUT,NCO,50.000000,120,False
123012,NATURALGAS26OCT225CE,NATURALGAS,21OCT2026,22500.000000,1,OPTFUT,NCO,5.000000,48,False
123014,NATURALGAS26OCT230CE,NATURALGAS,21OCT2026,23000.000000,1,OPTFUT,NCO,5.000000,48,False
123019,SILVERM26OCT153500PE,SILVERM,23OCT2026,15350000.000000,1,OPTFUT,NCO,50.000000,120,False
123023,SILVERM26OCT154000PE,SILVERM,23OCT2026,15400000.000000,1,OPTFUT,NCO,50.000000,120,False
123026,SILVERM26OCT183250PE,SILVERM,23OCT2026,18325000.000000,1,OPTFUT,NCO,50.000000,120,False
123035,SILVERM26OCT184000CE,SILVERM,23OCT2026,18400000.000000,1,OPTFUT,NCO,50.000000,120,False
123062,NATGASIND27JUNFUT,NATGASIND,30JUN2027,-1.000000,1,FUTENR,NCO,100.000000,50,False
123063,NATURALGAS26OCT245PE,NATURALGAS,21OCT2026,24500.000000,1,OPTFUT,NCO,5.000000,48,False
123067,NATURALGAS26OCT250PE,NATURALGAS,21OCT2026,25000.000000,1,OPTFUT,NCO,5.000000,48,False
123070,NATURALGAS26OCT255CE,NATURALGAS,21OCT2026,25500.000000,1,OPTFUT,NCO,5.000000,48,False
123071,NATURALGAS26OCT255PE,NATURALGAS,21OCT2026,25500.000000,1,OPTFUT,NCO,5.000000,48,False
123077,SILVER10027JANFUT,SILVER100,29JAN2027,-1.000000,1,FUTBLN,NCO,100.000000,6000,False
123079,GOLD27MAY168200CE,GOLD,28MAY2027,16820000.000000,1,OPTFUT,NCO,50.000000,10,False
123095,NATURALGAS26SEP205CE,NATURALGAS,21SEP2026,20500.000000,1,OPTFUT,NCO,5.000000,48,False
123106,SILVERM26OCT155500PE,SILVERM,23OCT2026,15550000.000000,1,OPTFUT,NCO,50.000000,120,False
123107,SILVERM26OCT155750CE,SILVERM,23OCT2026,15575000.000000,1,OPTFUT,NCO,50.000000,120,False
123108,SILVERM26OCT155750PE,SILVERM,23OCT2026,15575000.000000,1,OPTFUT,NCO,50.000000,120,False
123120,GOLDM26NOV153500CE,GOLDM,27NOV2026,15350000.000000,1,OPTFUT,NCO,50.000000,100,False
123131,SILVERM26OCT157000CE,SILVERM,23OCT2026,15700000.000000,1,OPTFUT,NCO,50.000000,120,False
123156,SILVERM27JAN356750PE,SILVERM,21JAN2027,35675000.000000,1,OPTFUT,NCO,50.000000,120,False
123167,SILVERM27MAR233750CE,SILVERM,24MAR2027,23375000.000000,1,OPTFUT,NCO,50.000000,120,False
123192,SILVERM27MAY270750PE,SILVERM,24MAY2027,27075000.000000,1,OPTFUT,NCO,50.000000,120,False
123193,SILVERM27MAY271000CE,SILVERM,24MAY2027,27100000.000000,1,OPTFUT,NCO,50.000000,120,False
123195,SILVERM27MAY271250CE,SILVERM,24MAY2027,27125000.000000,1,OPTFUT,NCO,50.000000,120,False
123196,SILVERM27MAY271250PE,SILVERM,24MAY2027,27125000.000000,1,OPTFUT,NCO,50.000000,120,False
123220,GOLD27MAY161900CE,GOLD,28MAY2027,16190000.000000,1,OPTFUT,NCO,50.000000,10,False
123228,GOLD27MAY162300CE,GOLD,28MAY2027,16230000.000000,1,OPTFUT,NCO,50.000000,10,False
123251,COPPER26SEP1360PE,COPPER,23SEP2026,136000.000000,1,OPTFUT,NCO,1.000000,70,False
123265,GOLD27MAY163100PE,GOLD,28MAY2027,16310000.000000,1,OPTFUT,NCO,50.000000,10,False
123267,GOLD27MAY163200PE,GOLD,28MAY2027,16320000.000000,1,OPTFUT,NCO,50.000000,10,False
123275,GOLD27MAY163600PE,GOLD,28MAY2027,16360000.000000,1,OPTFUT,NCO,50.000000,10,False
123279,GOLD27MAY163800PE,GOLD,28MAY2027,16380000.000000,1,OPTFUT,NCO,50.000000,10,False
123285,GOLD27MAY164100PE,GOLD,28MAY2027,16410000.000000,1,OPTFUT,NCO,50.000000,10,False
123308,NATURALGAS26OCT310CE,NATURALGAS,21OCT2026,31000.000000,1,OPTFUT,NCO,5.000000,48,False
123321,GOLDM26NOV154200CE,GOLDM,27NOV2026,15420000.000000,1,OPTFUT,NCO,50.000000,100,False
123331,SILVERM27JUN228750PE,SILVERM,23JUN2027,22875000.000000,1,OPTFUT,NCO,50.000000,120,False
123370,COPPER26NOV1355CE,COPPER,23NOV2026,135500.000000,1,OPTFUT,NCO,1.000000,70,False
123371,COPPER26NOV1355PE,COPPER,23NOV2026,135500.000000,1,OPTFUT,NCO,1.000000,70,False
123384,COPPER26NOV1390CE,COPPER,23NOV2026,139000.000000,1,OPTFUT,NCO,1.000000,70,False
123400,GOLD27MAY164900PE,GOLD,28MAY2027,16490000.000000,1,OPTFUT,NCO,50.000000,10,False
123412,SILVER26DEC195250CE,SILVER,01DEC2026,19525000.000000,1,OPTBLN,NCO,50.000000,20,False
123413,SILVER26DEC195250PE,SILVER,01DEC2026,19525000.000000,1,OPTBLN,NCO,50.000000,20,False
123422,SILVERM27JAN248750CE,SILVERM,21JAN2027,24875000.000000,1,OPTFUT,NCO,50.000000,120,False
123460,SILVERM26OCT185500PE,SILVERM,23OCT2026,18550000.000000,1,OPTFUT,NCO,50.000000,120,False
123463,COPPER26DEC1400PE,COPPER,23DEC2026,140000.000000,1,OPTFUT,NCO,1.000000,70,False
123464,SILVERM27JUL226500CE,SILVERM,23JUL2027,22650000.000000,1,OPTFUT,NCO,50.000000,120,False
123470,SILVERM27APR254250PE,SILVERM,23APR2027,25425000.000000,1,OPTFUT,NCO,50.000000,120,False
123494,SILVERM27JUL227750CE,SILVERM,23JUL2027,22775000.000000,1,OPTFUT,NCO,50.000000,120,False
123496,SILVERM27JUL228000CE,SILVERM,23JUL2027,22800000.000000,1,OPTFUT,NCO,50.000000,120,False
123503,SILVERM27JUL228500CE,SILVERM,23JUL2027,22850000.000000,1,OPTFUT,NCO,50.000000,120,False
123527,SILVERM27APR255250CE,SILVERM,23APR2027,25525000.000000,1,OPTFUT,NCO,50.000000,120,False
123532,SILVERM27JUL229750CE,SILVERM,23JUL2027,22975000.000000,1,OPTFUT,NCO,50.000000,120,False
123559,SILVERM26OCT188750CE,SILVERM,23OCT2026,18875000.000000,1,OPTFUT,NCO,50.000000,120,False
123562,SILVERM26OCT189000PE,SILVERM,23OCT2026,18900000.000000,1,OPTFUT,NCO,50.000000,120,False
123567,SILVERM26OCT189750CE,SILVERM,23OCT2026,18975000.000000,1,OPTFUT,NCO,50.000000,120,False
123577,SILVERM26OCT191000CE,SILVERM,23OCT2026,19100000.000000,1,OPTFUT,NCO,50.000000,120,False
123580,SILVERM26OCT191250PE,SILVERM,23OCT2026,19125000.000000,1,OPTFUT,NCO,50.000000,120,False
123588,COPPER26DEC1410CE,COPPER,23DEC2026,141000.000000,1,OPTFUT,NCO,1.000000,70,False
123608,SILVER26DEC201750CE,SILVER,01DEC2026,20175000.000000,1,OPTBLN,NCO,50.000000,20,False
123619,SILVERM27JUL230750CE,SILVERM,23JUL2027,23075000.000000,1,OPTFUT,NCO,50.000000,120,False
123620,SILVERM27JUL230750PE,SILVERM,23JUL2027,23075000.000000,1,OPTFUT,NCO,50.000000,120,False
123627,SILVERM27JUL231750CE,SILVERM,23JUL2027,23175000.000000,1,OPTFUT,NCO,50.000000,120,False
123642,SILVERM26NOV182000PE,SILVERM,23NOV2026,18200000.000000,1,OPTFUT,NCO,50.000000,120,False
123643,SILVERM26NOV182250CE,SILVERM,23NOV2026,18225000.000000,1,OPTFUT,NCO,50.000000,120,False
123652,SILVERM26NOV183250PE,SILVERM,23NOV2026,18325000.000000,1,OPTFUT,NCO,50.000000,120,False
123680,SILVERM27JAN357750PE,SILVERM,21JAN2027,35775000.000000,1,OPTFUT,NCO,50.000000,120,False
123681,SILVERM27JAN358000CE,SILVERM,21JAN2027,35800000.000000,1,OPTFUT,NCO,50.000000,120,False
123686,SILVERM27JUL232750CE,SILVERM,23JUL2027,23275000.000000,1,OPTFUT,NCO,50.000000,120,False
123692,SILVERM26NOV187000CE,SILVERM,23NOV2026,18700000.000000,1,OPTFUT,NCO,50.000000,120,False
123693,SILVERM26NOV187000PE,SILVERM,23NOV2026,18700000.000000,1,OPTFUT,NCO,50.000000,120,False
123713,SILVERM26NOV188250CE,SILVERM,23NOV2026,18825000.000000,1,OPTFUT,NCO,50.000000,120,False
123720,SILVERM26NOV189000PE,SILVERM,23NOV2026,18900000.000000,1,OPTFUT,NCO,50.000000,120,False
123737,SILVERM26NOV191250CE,SILVERM,23NOV2026,19125000.000000,1,OPTFUT,NCO,50.000000,120,False
123739,SILVERM26NOV191500CE,SILVERM,23NOV2026,19150000.000000,1,OPTFUT,NCO,50.000000,120,False
123751,SILVERM27APR255250PE,SILVERM,23APR2027,25525000.000000,1,OPTFUT,NCO,50.000000,120,False
123791,SILVERM26OCT160000PE,SILVERM,23OCT2026,16000000.000000,1,OPTFUT,NCO,50.000000,120,False
123798,SILVERM26OCT161000CE,SILVERM,23OCT2026,16100000.000000,1,OPTFUT,NCO,50.000000,120,False
123816,SILVERM27JAN360250PE,SILVERM,21JAN2027,36025000.000000,1,OPTFUT,NCO,50.000000,120,False
123829,GOLDM26SEP146500PE,GOLDM,25SEP2026,14650000.000000,1,OPTFUT,NCO,50.000000,100,False
123834,GOLDM26SEP146700CE,GOLDM,25SEP2026,14670000.000000,1,OPTFUT,NCO,50.000000,100,False
123837,SILVER26DEC196000CE,SILVER,01DEC2026,19600000.000000,1,OPTBLN,NCO,50.000000,20,False
123844,SILVERM27AUG247250CE,SILVERM,24AUG2027,24725000.000000,1,OPTFUT,NCO,50.000000,120,False
123853,SILVERM27AUG248250PE,SILVERM,24AUG2027,24825000.000000,1,OPTFUT,NCO,50.000000,120,False
123864,SILVERM27JUL233500PE,SILVERM,23JUL2027,23350000.000000,1,OPTFUT,NCO,50.000000,120,False
123868,SILVERM27JUL234000PE,SILVERM,23JUL2027,23400000.000000,1,OPTFUT,NCO,50.000000,120,False
123886,SILVERM26OCT162500CE,SILVERM,23OCT2026,16250000.000000,1,OPTFUT,NCO,50.000000,120,False
123908,GOLDM26SEP147000CE,GOLDM,25SEP2026,14700000.000000,1,OPTFUT,NCO,50.000000,100,False
123926,SILVERM27JUL234750PE,SILVERM,23JUL2027,23475000.000000,1,OPTFUT,NCO,50.000000,120,False
123929,SILVERM27JUL235250CE,SILVERM,23JUL2027,23525000.000000,1,OPTFUT,NCO,50.000000,120,False
123935,SILVERM27JUL236000CE,SILVERM,23JUL2027,23600000.000000,1,OPTFUT,NCO,50.000000,120,False
123955,GOLDM26SEP148000PE,GOLDM,25SEP2026,14800000.000000,1,OPTFUT,NCO,50.000000,100,False
123956,GOLDM26SEP148100CE,GOLDM,25SEP2026,14810000.000000,1,OPTFUT,NCO,50.000000,100,False
123981,GOLD27JUL162400CE,GOLD,29JUL2027,16240000.000000,1,OPTFUT,NCO,50.000000,10,False
123983,GOLD27JUL162500CE,GOLD,29JUL2027,16250000.000000,1,OPTFUT,NCO,50.000000,10,False
123987,SILVERM27APR258750PE,SILVERM,23APR2027,25875000.000000,1,OPTFUT,NCO,50.000000,120,False
123994,SILVERM27APR259250PE,SILVERM,23APR2027,25925000.000000,1,OPTFUT,NCO,50.000000,120,False
124006,GOLD27JUL163000CE,GOLD,29JUL2027,16300000.000000,1,OPTFUT,NCO,50.000000,10,False
124007,GOLD27JUL163000PE,GOLD,29JUL2027,16300000.000000,1,OPTFUT,NCO,50.000000,10,False
124023,GOLD27MAR147100PE,GOLD,29MAR2027,14710000.000000,1,OPTFUT,NCO,50.000000,10,False
124027,NATURALGAS26NOV290CE,NATURALGAS,18NOV2026,29000.000000,1,OPTFUT,NCO,5.000000,48,False
124069,SILVERM27APR260500PE,SILVERM,23APR2027,26050000.000000,1,OPTFUT,NCO,50.000000,120,False
124046,SILVERM27FEB280750PE,SILVERM,19FEB2027,28075000.000000,1,OPTFUT,NCO,50.000000,120,False
124056,SILVERM27FEB282000PE,SILVERM,19FEB2027,28200000.000000,1,OPTFUT,NCO,50.000000,120,False
124062,SILVERM27FEB282750PE,SILVERM,19FEB2027,28275000.000000,1,OPTFUT,NCO,50.000000,120,False
124093,NATURALGAS26NOV315PE,NATURALGAS,18NOV2026,31500.000000,1,OPTFUT,NCO,5.000000,48,False
124097,NATURALGAS26NOV325PE,NATURALGAS,18NOV2026,32500.000000,1,OPTFUT,NCO,5.000000,48,False
124117,SILVERM27APR247250CE,SILVERM,23APR2027,24725000.000000,1,OPTFUT,NCO,50.000000,120,False
124123,SILVERM27APR248000CE,SILVERM,23APR2027,24800000.000000,1,OPTFUT,NCO,50.000000,120,False
124124,SILVERM27FEB283500CE,SILVERM,19FEB2027,28350000.000000,1,OPTFUT,NCO,50.000000,120,False
124151,SILVERM27FEB284750PE,SILVERM,19FEB2027,28475000.000000,1,OPTFUT,NCO,50.000000,120,False
124171,SILVERM27FEB286000CE,SILVERM,19FEB2027,28600000.000000,1,OPTFUT,NCO,50.000000,120,False
124184,SILVERM27FEB286500PE,SILVERM,19FEB2027,28650000.000000,1,OPTFUT,NCO,50.000000,120,False
124185,GOLDM26NOV155900PE,GOLDM,27NOV2026,15590000.000000,1,OPTFUT,NCO,50.000000,100,False
124191,GOLD27APR153600PE,GOLD,28APR2027,15360000.000000,1,OPTFUT,NCO,50.000000,10,False
124196,GOLD27APR153900CE,GOLD,28APR2027,15390000.000000,1,OPTFUT,NCO,50.000000,10,False
124213,GOLD27APR154500PE,GOLD,28APR2027,15450000.000000,1,OPTFUT,NCO,50.000000,10,False
124226,GOLD27APR155200CE,GOLD,28APR2027,15520000.000000,1,OPTFUT,NCO,50.000000,10,False
124228,GOLD27APR155200PE,GOLD,28APR2027,15520000.000000,1,OPTFUT,NCO,50.000000,10,False
124260,GOLD27APR156300CE,GOLD,28APR2027,15630000.000000,1,OPTFUT,NCO,50.000000,10,False
124291,SILVERM27JAN249000PE,SILVERM,21JAN2027,24900000.000000,1,OPTFUT,NCO,50.000000,120,False
124292,GOLD26NOV133500CE,GOLD,27NOV2026,13350000.000000,1,OPTFUT,NCO,50.000000,10,False
124307,GOLD27MAR148200CE,GOLD,29MAR2027,14820000.000000,1,OPTFUT,NCO,50.000000,10,False
124311,GOLD27MAR148400CE,GOLD,29MAR2027,14840000.000000,1,OPTFUT,NCO,50.000000,10,False
124328,SILVERM26DEC238000CE,SILVERM,23DEC2026,23800000.000000,1,OPTFUT,NCO,50.000000,120,False
124339,GOLD27MAR148600PE,GOLD,29MAR2027,14860000.000000,1,OPTFUT,NCO,50.000000,10,False
124341,GOLD26NOV134300CE,GOLD,27NOV2026,13430000.000000,1,OPTFUT,NCO,50.000000,10,False
124346,SILVERM27FEB289250PE,SILVERM,19FEB2027,28925000.000000,1,OPTFUT,NCO,50.000000,120,False
124347,SILVERM27FEB289500CE,SILVERM,19FEB2027,28950000.000000,1,OPTFUT,NCO,50.000000,120,False
124352,SILVERM27FEB290000PE,SILVERM,19FEB2027,29000000.000000,1,OPTFUT,NCO,50.000000,120,False
124368,SILVER26DEC204000PE,SILVER,01DEC2026,20400000.000000,1,OPTBLN,NCO,50.000000,20,False
124371,SILVER26DEC204500CE,SILVER,01DEC2026,20450000.000000,1,OPTBLN,NCO,50.000000,20,False
124377,SILVERM26DEC238500PE,SILVERM,23DEC2026,23850000.000000,1,OPTFUT,NCO,50.000000,120,False
124394,GOLD26NOVFUT,GOLD,05NOV2026,-1.000000,1,FUTBLN,NCO,100.000000,10,False
124412,SILVERM27MAR242250PE,SILVERM,24MAR2027,24225000.000000,1,OPTFUT,NCO,50.000000,120,False
124445,SILVERM27MAR243000PE,SILVERM,24MAR2027,24300000.000000,1,OPTFUT,NCO,50.000000,120,False
124458,SILVERM27MAR243500CE,SILVERM,24MAR2027,24350000.000000,1,OPTFUT,NCO,50.000000,120,False
124467,GOLD27APR158300PE,GOLD,28APR2027,15830000.000000,1,OPTFUT,NCO,50.000000,10,False
124472,SILVERM27MAR243750CE,SILVERM,24MAR2027,24375000.000000,1,OPTFUT,NCO,50.000000,120,False
124484,SILVERM27JUL237250CE,SILVERM,23JUL2027,23725000.000000,1,OPTFUT,NCO,50.000000,120,False
124485,GOLD27APR158500PE,GOLD,28APR2027,15850000.000000,1,OPTFUT,NCO,50.000000,10,False
124486,SILVERM27JUL237250PE,SILVERM,23JUL2027,23725000.000000,1,OPTFUT,NCO,50.000000,120,False
124488,GOLD27APR147700CE,GOLD,28APR2027,14770000.000000,1,OPTFUT,NCO,50.000000,10,False
124495,SILVERM27JUL237750CE,SILVERM,23JUL2027,23775000.000000,1,OPTFUT,NCO,50.000000,120,False
124501,ZINC26NOV382.5CE,ZINC,23NOV2026,38250.000000,1,OPTFUT,NCO,1.000000,20,False
124508,GOLD26NOV135100CE,GOLD,27NOV2026,13510000.000000,1,OPTFUT,NCO,50.000000,10,False
124509,GOLD26NOV135100PE,GOLD,27NOV2026,13510000.000000,1,OPTFUT,NCO,50.000000,10,False
124540,GOLD27APR148000PE,GOLD,28APR2027,14800000.000000,1,OPTFUT,NCO,50.000000,10,False
124561,GOLD27APR148400CE,GOLD,28APR2027,14840000.000000,1,OPTFUT,NCO,50.000000,10,False
124571,CRUDEOIL26OCT4900PE,CRUDEOIL,08OCT2026,490000.000000,1,OPTFUT,NCO,10.000000,100,False
124579,GOLD26NOV135500PE,GOLD,27NOV2026,13550000.000000,1,OPTFUT,NCO,50.000000,10,False
124616,COPPER26NOV1445PE,COPPER,23NOV2026,144500.000000,1,OPTFUT,NCO,1.000000,70,False
124617,SILVER26DEC205750CE,SILVER,01DEC2026,20575000.000000,1,OPTBLN,NCO,50.000000,20,False
124622,GOLD26NOV136100CE,GOLD,27NOV2026,13610000.000000,1,OPTFUT,NCO,50.000000,10,False
124627,CRUDEOIL26OCT4750CE,CRUDEOIL,08OCT2026,475000.000000,1,OPTFUT,NCO,10.000000,100,False
124632,GOLD26NOV136200PE,GOLD,27NOV2026,13620000.000000,1,OPTFUT,NCO,50.000000,10,False
124639,SILVERM27AUG249000PE,SILVERM,24AUG2027,24900000.000000,1,OPTFUT,NCO,50.000000,120,False
124659,GOLD27JUL151500PE,GOLD,29JUL2027,15150000.000000,1,OPTFUT,NCO,50.000000,10,False
124668,GOLD26NOV137000CE,GOLD,27NOV2026,13700000.000000,1,OPTFUT,NCO,50.000000,10,False
124675,GOLD27JUL152100CE,GOLD,29JUL2027,15210000.000000,1,OPTFUT,NCO,50.000000,10,False
124679,GOLD27JUL152300CE,GOLD,29JUL2027,15230000.000000,1,OPTFUT,NCO,50.000000,10,False
124683,SILVERM27AUG249500PE,SILVERM,24AUG2027,24950000.000000,1,OPTFUT,NCO,50.000000,120,False
124684,SILVERM27AUG249750CE,SILVERM,24AUG2027,24975000.000000,1,OPTFUT,NCO,50.000000,120,False
124698,GOLD26OCT125500CE,GOLD,29OCT2026,12550000.000000,1,OPTFUT,NCO,50.000000,10,False
124700,GOLD27JUL153100CE,GOLD,29JUL2027,15310000.000000,1,OPTFUT,NCO,50.000000,10,False
124730,SILVERM27AUG252000PE,SILVERM,24AUG2027,25200000.000000,1,OPTFUT,NCO,50.000000,120,False
124731,SILVERM27AUG252250CE,SILVERM,24AUG2027,25225000.000000,1,OPTFUT,NCO,50.000000,120,False
124736,GOLD26OCT125700CE,GOLD,29OCT2026,12570000.000000,1,OPTFUT,NCO,50.000000,10,False
124738,GOLD26OCT125800CE,GOLD,29OCT2026,12580000.000000,1,OPTFUT,NCO,50.000000,10,False
124739,GOLD26OCT125800PE,GOLD,29OCT2026,12580000.000000,1,OPTFUT,NCO,50.000000,10,False
124757,GOLD27JUL153600PE,GOLD,29JUL2027,15360000.000000,1,OPTFUT,NCO,50.000000,10,False
124762,GOLD27JUL153900CE,GOLD,29JUL2027,15390000.000000,1,OPTFUT,NCO,50.000000,10,False
124766,GOLD26OCT126700PE,GOLD,29OCT2026,12670000.000000,1,OPTFUT,NCO,50.000000,10,False
124767,GOLD26OCT126800CE,GOLD,29OCT2026,12680000.000000,1,OPTFUT,NCO,50.000000,10,False
124768,GOLD26OCT126800PE,GOLD,29OCT2026,12680000.000000,1,OPTFUT,NCO,50.000000,10,False
124770,GOLD26OCT126900PE,GOLD,29OCT2026,12690000.000000,1,OPTFUT,NCO,50.000000,10,False
124775,GOLD26NOV137100PE,GOLD,27NOV2026,13710000.000000,1,OPTFUT,NCO,50.000000,10,False
124777,GOLD26NOV137200PE,GOLD,27NOV2026,13720000.000000,1,OPTFUT,NCO,50.000000,10,False
124784,SILVERM27AUG252750PE,SILVERM,24AUG2027,25275000.000000,1,OPTFUT,NCO,50.000000,120,False
124791,GOLD27JUL154000CE,GOLD,29JUL2027,15400000.000000,1,OPTFUT,NCO,50.000000,10,False
124802,GOLD26NOV137600CE,GOLD,27NOV2026,13760000.000000,1,OPTFUT,NCO,50.000000,10,False
124822,SILVER26DEC206000CE,SILVER,01DEC2026,20600000.000000,1,OPTBLN,NCO,50.000000,20,False
124833,GOLD26NOV137900CE,GOLD,27NOV2026,13790000.000000,1,OPTFUT,NCO,50.000000,10,False
124839,GOLD26NOV138100CE,GOLD,27NOV2026,13810000.000000,1,OPTFUT,NCO,50.000000,10,False
124856,GOLD27JUL154200CE,GOLD,29JUL2027,15420000.000000,1,OPTFUT,NCO,50.000000,10,False
124861,GOLD26NOV138200PE,GOLD,27NOV2026,13820000.000000,1,OPTFUT,NCO,50.000000,10,False
124865,GOLD26NOV138400PE,GOLD,27NOV2026,13840000.000000,1,OPTFUT,NCO,50.000000,10,False
124869,GOLD27APR149900PE,GOLD,28APR2027,14990000.000000,1,OPTFUT,NCO,50.000000,10,False
124873,GOLD27MAY148500PE,GOLD,28MAY2027,14850000.000000,1,OPTFUT,NCO,50.000000,10,False
124883,GOLD27JUL154500CE,GOLD,29JUL2027,15450000.000000,1,OPTFUT,NCO,50.000000,10,False
124884,GOLD27MAY148800CE,GOLD,28MAY2027,14880000.000000,1,OPTFUT,NCO,50.000000,10,False
124888,GOLD27JUL154500PE,GOLD,29JUL2027,15450000.000000,1,OPTFUT,NCO,50.000000,10,False
124896,GOLD27JUL154900CE,GOLD,29JUL2027,15490000.000000,1,OPTFUT,NCO,50.000000,10,False
124898,GOLD26OCT127600CE,GOLD,29OCT2026,12760000.000000,1,OPTFUT,NCO,50.000000,10,False
124906,GOLD27JUL155000CE,GOLD,29JUL2027,15500000.000000,1,OPTFUT,NCO,50.000000,10,False
124907,GOLD27JUL155000PE,GOLD,29JUL2027,15500000.000000,1,OPTFUT,NCO,50.000000,10,False
124911,GOLDM26NOV156200CE,GOLDM,27NOV2026,15620000.000000,1,OPTFUT,NCO,50.000000,100,False
124925,GOLD27MAY149300PE,GOLD,28MAY2027,14930000.000000,1,OPTFUT,NCO,50.000000,10,False
124939,SILVERM27AUG256000CE,SILVERM,24AUG2027,25600000.000000,1,OPTFUT,NCO,50.000000,120,False
124962,SILVER26DEC208500CE,SILVER,01DEC2026,20850000.000000,1,OPTBLN,NCO,50.000000,20,False
124970,SILVERM27MAY277000PE,SILVERM,24MAY2027,27700000.000000,1,OPTFUT,NCO,50.000000,120,False
124974,SILVERM27FEB272250PE,SILVERM,19FEB2027,27225000.000000,1,OPTFUT,NCO,50.000000,120,False
124979,GOLDM26SEP148400PE,GOLDM,25SEP2026,14840000.000000,1,OPTFUT,NCO,50.000000,100,False
124980,GOLDM26SEP148500CE,GOLDM,25SEP2026,14850000.000000,1,OPTFUT,NCO,50.000000,100,False
124985,GOLD27MAY149700CE,GOLD,28MAY2027,14970000.000000,1,OPTFUT,NCO,50.000000,10,False
124992,GOLDM26SEP148800CE,GOLDM,25SEP2026,14880000.000000,1,OPTFUT,NCO,50.000000,100,False
124994,GOLDM26SEP148900CE,GOLDM,25SEP2026,14890000.000000,1,OPTFUT,NCO,50.000000,100,False
125008,GOLDM26OCT144300CE,GOLDM,29OCT2026,14430000.000000,1,OPTFUT,NCO,50.000000,100,False
125036,GOLD27MAY149900CE,GOLD,28MAY2027,14990000.000000,1,OPTFUT,NCO,50.000000,10,False
125038,GOLD27MAY150000CE,GOLD,28MAY2027,15000000.000000,1,OPTFUT,NCO,50.000000,10,False
125042,GOLD27MAY150200CE,GOLD,28MAY2027,15020000.000000,1,OPTFUT,NCO,50.000000,10,False
125045,GOLDM26OCT144900CE,GOLDM,29OCT2026,14490000.000000,1,OPTFUT,NCO,50.000000,100,False
125048,GOLDM26SEP150100CE,GOLDM,25SEP2026,15010000.000000,1,OPTFUT,NCO,50.000000,100,False
125051,GOLDM26SEP150200PE,GOLDM,25SEP2026,15020000.000000,1,OPTFUT,NCO,50.000000,100,False
125055,GOLD26OCT127900CE,GOLD,29OCT2026,12790000.000000,1,OPTFUT,NCO,50.000000,10,False
125060,GOLDM26SEP150400PE,GOLDM,25SEP2026,15040000.000000,1,OPTFUT,NCO,50.000000,100,False
125070,GOLDM26OCT145400CE,GOLDM,29OCT2026,14540000.000000,1,OPTFUT,NCO,50.000000,100,False
125073,GOLDM26OCT145500PE,GOLDM,29OCT2026,14550000.000000,1,OPTFUT,NCO,50.000000,100,False
125074,GOLDM26OCT145600CE,GOLDM,29OCT2026,14560000.000000,1,OPTFUT,NCO,50.000000,100,False
125090,GOLD27MAY150600PE,GOLD,28MAY2027,15060000.000000,1,OPTFUT,NCO,50.000000,10,False
125093,GOLDM26OCT146000CE,GOLDM,29OCT2026,14600000.000000,1,OPTFUT,NCO,50.000000,100,False
125108,GOLD27MAR162500PE,GOLD,29MAR2027,16250000.000000,1,OPTFUT,NCO,50.000000,10,False
125119,GOLD26OCT128200CE,GOLD,29OCT2026,12820000.000000,1,OPTFUT,NCO,50.000000,10,False
125124,GOLDM26OCT146200CE,GOLDM,29OCT2026,14620000.000000,1,OPTFUT,NCO,50.000000,100,False
125127,GOLDM26OCT146300PE,GOLDM,29OCT2026,14630000.000000,1,OPTFUT,NCO,50.000000,100,False
125143,SILVERM27MAR243750PE,SILVERM,24MAR2027,24375000.000000,1,OPTFUT,NCO,50.000000,120,False
125160,SILVERM26DEC239500PE,SILVERM,23DEC2026,23950000.000000,1,OPTFUT,NCO,50.000000,120,False
125164,SILVERM26DEC240000PE,SILVERM,23DEC2026,24000000.000000,1,OPTFUT,NCO,50.000000,120,False
125169,SILVERM26DEC240750CE,SILVERM,23DEC2026,24075000.000000,1,OPTFUT,NCO,50.000000,120,False
125178,SILVERM26DEC241750PE,SILVERM,23DEC2026,24175000.000000,1,OPTFUT,NCO,50.000000,120,False
125184,SILVERM26DEC242500PE,SILVERM,23DEC2026,24250000.000000,1,OPTFUT,NCO,50.000000,120,False
125199,GOLDM26OCT146700CE,GOLDM,29OCT2026,14670000.000000,1,OPTFUT,NCO,50.000000,100,False
125220,GOLD26OCT128800CE,GOLD,29OCT2026,12880000.000000,1,OPTFUT,NCO,50.000000,10,False
125232,GOLD26OCT129100PE,GOLD,29OCT2026,12910000.000000,1,OPTFUT,NCO,50.000000,10,False
125251,SILVERM27MAR244500CE,SILVERM,24MAR2027,24450000.000000,1,OPTFUT,NCO,50.000000,120,False
125255,SILVERM27MAR244750CE,SILVERM,24MAR2027,24475000.000000,1,OPTFUT,NCO,50.000000,120,False
125257,SILVERM27MAR245000CE,SILVERM,24MAR2027,24500000.000000,1,OPTFUT,NCO,50.000000,120,False
125265,GOLD26OCT129800PE,GOLD,29OCT2026,12980000.000000,1,OPTFUT,NCO,50.000000,10,False
125278,SILVER26DEC210500CE,SILVER,01DEC2026,21050000.000000,1,OPTBLN,NCO,50.000000,20,False
125282,SILVER26DEC211000CE,SILVER,01DEC2026,21100000.000000,1,OPTBLN,NCO,50.000000,20,False
125283,SILVER26DEC211000PE,SILVER,01DEC2026,21100000.000000,1,OPTBLN,NCO,50.000000,20,False
125289,SILVER26DEC211750PE,SILVER,01DEC2026,21175000.000000,1,OPTBLN,NCO,50.000000,20,False
125299,SILVERM27JAN266000PE,SILVERM,21JAN2027,26600000.000000,1,OPTFUT,NCO,50.000000,120,False
125301,SILVERM27JAN266250PE,SILVERM,21JAN2027,26625000.000000,1,OPTFUT,NCO,50.000000,120,False
125303,SILVERM27JAN266500PE,SILVERM,21JAN2027,26650000.000000,1,OPTFUT,NCO,50.000000,120,False
125308,SILVER26DEC212500CE,SILVER,01DEC2026,21250000.000000,1,OPTBLN,NCO,50.000000,20,False
125312,SILVER26DEC212750CE,SILVER,01DEC2026,21275000.000000,1,OPTBLN,NCO,50.000000,20,False
125314,SILVER26DEC213000CE,SILVER,01DEC2026,21300000.000000,1,OPTBLN,NCO,50.000000,20,False
125331,SILVERM27JAN267250CE,SILVERM,21JAN2027,26725000.000000,1,OPTFUT,NCO,50.000000,120,False
125333,SILVERM27JAN267500CE,SILVERM,21JAN2027,26750000.000000,1,OPTFUT,NCO,50.000000,120,False
125357,GOLD26NOV133400PE,GOLD,27NOV2026,13340000.000000,1,OPTFUT,NCO,50.000000,10,False
125359,SILVERM27AUG257000CE,SILVERM,24AUG2027,25700000.000000,1,OPTFUT,NCO,50.000000,120,False
125369,SILVERM27APR261750CE,SILVERM,23APR2027,26175000.000000,1,OPTFUT,NCO,50.000000,120,False
125396,SILVERM27JAN269500PE,SILVERM,21JAN2027,26950000.000000,1,OPTFUT,NCO,50.000000,120,False
125397,SILVERM27JAN269750CE,SILVERM,21JAN2027,26975000.000000,1,OPTFUT,NCO,50.000000,120,False
125405,SILVERM27JAN270750CE,SILVERM,21JAN2027,27075000.000000,1,OPTFUT,NCO,50.000000,120,False
125407,SILVERM27JAN271000CE,SILVERM,21JAN2027,27100000.000000,1,OPTFUT,NCO,50.000000,120,False
125413,SILVERM27MAR246500PE,SILVERM,24MAR2027,24650000.000000,1,OPTFUT,NCO,50.000000,120,False
125432,SILVERM27JAN271750PE,SILVERM,21JAN2027,27175000.000000,1,OPTFUT,NCO,50.000000,120,False
125463,SILVERM27MAR249500PE,SILVERM,24MAR2027,24950000.000000,1,OPTFUT,NCO,50.000000,120,False
125480,GOLDM26NOV156500CE,GOLDM,27NOV2026,15650000.000000,1,OPTFUT,NCO,50.000000,100,False
125484,SILVERM27JAN273000PE,SILVERM,21JAN2027,27300000.000000,1,OPTFUT,NCO,50.000000,120,False
125501,SILVERM27JAN275250CE,SILVERM,21JAN2027,27525000.000000,1,OPTFUT,NCO,50.000000,120,False
125506,SILVERM27JAN275250PE,SILVERM,21JAN2027,27525000.000000,1,OPTFUT,NCO,50.000000,120,False
125510,SILVERM27JAN275500PE,SILVERM,21JAN2027,27550000.000000,1,OPTFUT,NCO,50.000000,120,False
125516,SILVERM27JAN276250PE,SILVERM,21JAN2027,27625000.000000,1,OPTFUT,NCO,50.000000,120,False
125520,SILVERM27JAN276750PE,SILVERM,21JAN2027,27675000.000000,1,OPTFUT,NCO,50.000000,120,False
125541,SILVERM27JAN277000CE,SILVERM,21JAN2027,27700000.000000,1,OPTFUT,NCO,50.000000,120,False
125542,SILVERM27JAN277000PE,SILVERM,21JAN2027,27700000.000000,1,OPTFUT,NCO,50.000000,120,False
125552,ZINC26DEC415PE,ZINC,23DEC2026,41500.000000,1,OPTFUT,NCO,1.000000,20,False
125557,GOLDM26NOV156800PE,GOLDM,27NOV2026,15680000.000000,1,OPTFUT,NCO,50.000000,100,False
125579,SILVERM26OCT149750PE,SILVERM,23OCT2026,14975000.000000,1,OPTFUT,NCO,50.000000,120,False
125590,SILVERM26OCT150250PE,SILVERM,23OCT2026,15025000.000000,1,OPTFUT,NCO,50.000000,120,False
125594,GOLDM26OCT148700PE,GOLDM,29OCT2026,14870000.000000,1,OPTFUT,NCO,50.000000,100,False
125600,GOLDM26NOV157400PE,GOLDM,27NOV2026,15740000.000000,1,OPTFUT,NCO,50.000000,100,False
125607,GOLDM26NOV157800CE,GOLDM,27NOV2026,15780000.000000,1,OPTFUT,NCO,50.000000,100,False
125608,GOLDM26NOV157800PE,GOLDM,27NOV2026,15780000.000000,1,OPTFUT,NCO,50.000000,100,False
125618,SILVERM27MAY277750CE,SILVERM,24MAY2027,27775000.000000,1,OPTFUT,NCO,50.000000,120,False
125629,GOLD27AUG159100PE,GOLD,27AUG2027,15910000.000000,1,OPTFUT,NCO,50.000000,10,False
125640,GOLD27AUG159700CE,GOLD,27AUG2027,15970000.000000,1,OPTFUT,NCO,50.000000,10,False
125645,GOLDM26NOV152000PE,GOLDM,27NOV2026,15200000.000000,1,OPTFUT,NCO,50.000000,100,False
125652,GOLDM26NOV152400CE,GOLDM,27NOV2026,15240000.000000,1,OPTFUT,NCO,50.000000,100,False
125659,GOLDM26NOV152700PE,GOLDM,27NOV2026,15270000.000000,1,OPTFUT,NCO,50.000000,100,False
125663,SILVERM27JAN278000PE,SILVERM,21JAN2027,27800000.000000,1,OPTFUT,NCO,50.000000,120,False
125676,SILVERM27JAN279750CE,SILVERM,21JAN2027,27975000.000000,1,OPTFUT,NCO,50.000000,120,False
125707,SILVERM27JAN283250CE,SILVERM,21JAN2027,28325000.000000,1,OPTFUT,NCO,50.000000,120,False
125689,SILVERM27JAN281250PE,SILVERM,21JAN2027,28125000.000000,1,OPTFUT,NCO,50.000000,120,False
125700,SILVERM27JAN282500CE,SILVERM,21JAN2027,28250000.000000,1,OPTFUT,NCO,50.000000,120,False
125704,GOLDM26OCT148900CE,GOLDM,29OCT2026,14890000.000000,1,OPTFUT,NCO,50.000000,100,False
125735,SILVERM27JAN286000CE,SILVERM,21JAN2027,28600000.000000,1,OPTFUT,NCO,50.000000,120,False
125741,SILVERM27JAN286750CE,SILVERM,21JAN2027,28675000.000000,1,OPTFUT,NCO,50.000000,120,False
125765,SILVERM27JAN289750CE,SILVERM,21JAN2027,28975000.000000,1,OPTFUT,NCO,50.000000,120,False
125766,SILVERM27JAN289750PE,SILVERM,21JAN2027,28975000.000000,1,OPTFUT,NCO,50.000000,120,False
125771,SILVERM27JAN290500CE,SILVERM,21JAN2027,29050000.000000,1,OPTFUT,NCO,50.000000,120,False
125772,SILVERM27JAN290500PE,SILVERM,21JAN2027,29050000.000000,1,OPTFUT,NCO,50.000000,120,False
125780,SILVER26DEC214500PE,SILVER,01DEC2026,21450000.000000,1,OPTBLN,NCO,50.000000,20,False
125784,SILVER26DEC215000PE,SILVER,01DEC2026,21500000.000000,1,OPTBLN,NCO,50.000000,20,False
125793,SILVERM27MAR253500CE,SILVERM,24MAR2027,25350000.000000,1,OPTFUT,NCO,50.000000,120,False
125835,SILVERM27JUL242250PE,SILVERM,23JUL2027,24225000.000000,1,OPTFUT,NCO,50.000000,120,False
125840,SILVERM27JUL242500CE,SILVERM,23JUL2027,24250000.000000,1,OPTFUT,NCO,50.000000,120,False
125843,SILVER27MAR258750PE,SILVER,02MAR2027,25875000.000000,1,OPTBLN,NCO,50.000000,20,False
125868,SILVERM27JUL243750PE,SILVERM,23JUL2027,24375000.000000,1,OPTFUT,NCO,50.000000,120,False
125870,SILVERM27JAN291500PE,SILVERM,21JAN2027,29150000.000000,1,OPTFUT,NCO,50.000000,120,False
125872,SILVERM27JUL244000PE,SILVERM,23JUL2027,24400000.000000,1,OPTFUT,NCO,50.000000,120,False
125875,SILVERM26OCT151000PE,SILVERM,23OCT2026,15100000.000000,1,OPTFUT,NCO,50.000000,120,False
125877,SILVERM27JUL244500PE,SILVERM,23JUL2027,24450000.000000,1,OPTFUT,NCO,50.000000,120,False
125889,SILVERM27MAR253750CE,SILVERM,24MAR2027,25375000.000000,1,OPTFUT,NCO,50.000000,120,False
125892,SILVERM27MAR254000PE,SILVERM,24MAR2027,25400000.000000,1,OPTFUT,NCO,50.000000,120,False
125895,SILVERM27MAR254500CE,SILVERM,24MAR2027,25450000.000000,1,OPTFUT,NCO,50.000000,120,False
125899,ZINC26DEC460PE,ZINC,23DEC2026,46000.000000,1,OPTFUT,NCO,1.000000,20,False
125904,SILVERM27JAN292000CE,SILVERM,21JAN2027,29200000.000000,1,OPTFUT,NCO,50.000000,120,False
125906,SILVERM27JAN292250CE,SILVERM,21JAN2027,29225000.000000,1,OPTFUT,NCO,50.000000,120,False
125910,SILVERM27JAN292500PE,SILVERM,21JAN2027,29250000.000000,1,OPTFUT,NCO,50.000000,120,False
125941,SILVERM27JAN293750CE,SILVERM,21JAN2027,29375000.000000,1,OPTFUT,NCO,50.000000,120,False
125979,GOLD27JAN171900PE,GOLD,29JAN2027,17190000.000000,1,OPTFUT,NCO,50.000000,10,False
125946,GOLD27JUN157700CE,GOLD,28JUN2027,15770000.000000,1,OPTFUT,NCO,50.000000,10,False
125970,ZINC26DEC422.5PE,ZINC,23DEC2026,42250.000000,1,OPTFUT,NCO,1.000000,20,False
125986,GOLD27JUN158200PE,GOLD,28JUN2027,15820000.000000,1,OPTFUT,NCO,50.000000,10,False
125998,GOLD27JUN158400PE,GOLD,28JUN2027,15840000.000000,1,OPTFUT,NCO,50.000000,10,False
126004,GOLD27JAN172300CE,GOLD,29JAN2027,17230000.000000,1,OPTFUT,NCO,50.000000,10,False
126006,GOLD27JAN172400CE,GOLD,29JAN2027,17240000.000000,1,OPTFUT,NCO,50.000000,10,False
126007,SILVERM27JAN294000PE,SILVERM,21JAN2027,29400000.000000,1,OPTFUT,NCO,50.000000,120,False
126019,GOLD27JAN172900PE,GOLD,29JAN2027,17290000.000000,1,OPTFUT,NCO,50.000000,10,False
126022,SILVERM27JAN294500PE,SILVERM,21JAN2027,29450000.000000,1,OPTFUT,NCO,50.000000,120,False
126034,GOLD27APR158900CE,GOLD,28APR2027,15890000.000000,1,OPTFUT,NCO,50.000000,10,False
126086,SILVERM26SEP333750CE,SILVERM,23SEP2026,33375000.000000,1,OPTFUT,NCO,50.000000,120,False
126090,SILVERM26SEP334000CE,SILVERM,23SEP2026,33400000.000000,1,OPTFUT,NCO,50.000000,120,False
126096,SILVERM26SEP334750CE,SILVERM,23SEP2026,33475000.000000,1,OPTFUT,NCO,50.000000,120,False
126105,SILVERM26OCT335500PE,SILVERM,23OCT2026,33550000.000000,1,OPTFUT,NCO,50.000000,120,False
126122,SILVERM26DEC243750PE,SILVERM,23DEC2026,24375000.000000,1,OPTFUT,NCO,50.000000,120,False
126135,GOLD27JAN173900CE,GOLD,29JAN2027,17390000.000000,1,OPTFUT,NCO,50.000000,10,False
126159,GOLD27JAN174800PE,GOLD,29JAN2027,17480000.000000,1,OPTFUT,NCO,50.000000,10,False
126163,GOLD27JAN175000PE,GOLD,29JAN2027,17500000.000000,1,OPTFUT,NCO,50.000000,10,False
126165,GOLD27JAN175100PE,GOLD,29JAN2027,17510000.000000,1,OPTFUT,NCO,50.000000,10,False
126167,GOLD27JAN175200PE,GOLD,29JAN2027,17520000.000000,1,OPTFUT,NCO,50.000000,10,False
126178,GOLD27JAN175800CE,GOLD,29JAN2027,17580000.000000,1,OPTFUT,NCO,50.000000,10,False
126211,GOLD27JUL156700PE,GOLD,29JUL2027,15670000.000000,1,OPTFUT,NCO,50.000000,10,False
126212,GOLD27JUL156800CE,GOLD,29JUL2027,15680000.000000,1,OPTFUT,NCO,50.000000,10,False
126217,SILVERM27MAR254750CE,SILVERM,24MAR2027,25475000.000000,1,OPTFUT,NCO,50.000000,120,False
126224,SILVERM27MAR255500PE,SILVERM,24MAR2027,25550000.000000,1,OPTFUT,NCO,50.000000,120,False
126229,SILVERM27MAR256250CE,SILVERM,24MAR2027,25625000.000000,1,OPTFUT,NCO,50.000000,120,False
126237,SILVERM27MAR256500CE,SILVERM,24MAR2027,25650000.000000,1,OPTFUT,NCO,50.000000,120,False
126243,GOLD27JUL157300CE,GOLD,29JUL2027,15730000.000000,1,OPTFUT,NCO,50.000000,10,False
126251,SILVERM26NOV338500PE,SILVERM,23NOV2026,33850000.000000,1,OPTFUT,NCO,50.000000,120,False
126256,SILVERM26DEC339250CE,SILVERM,23DEC2026,33925000.000000,1,OPTFUT,NCO,50.000000,120,False
126260,SILVERM26DEC339750CE,SILVERM,23DEC2026,33975000.000000,1,OPTFUT,NCO,50.000000,120,False
126264,SILVERM27MAR257000CE,SILVERM,24MAR2027,25700000.000000,1,OPTFUT,NCO,50.000000,120,False
126291,GOLD27JAN177000CE,GOLD,29JAN2027,17700000.000000,1,OPTFUT,NCO,50.000000,10,False
126292,GOLD27JAN177000PE,GOLD,29JAN2027,17700000.000000,1,OPTFUT,NCO,50.000000,10,False
126306,SILVERM26DEC340250CE,SILVERM,23DEC2026,34025000.000000,1,OPTFUT,NCO,50.000000,120,False
126320,GOLD27JAN177200PE,GOLD,29JAN2027,17720000.000000,1,OPTFUT,NCO,50.000000,10,False
126330,GOLD27JAN177700PE,GOLD,29JAN2027,17770000.000000,1,OPTFUT,NCO,50.000000,10,False
126350,GOLD27APR160100CE,GOLD,28APR2027,16010000.000000,1,OPTFUT,NCO,50.000000,10,False
126352,GOLD27APR160200CE,GOLD,28APR2027,16020000.000000,1,OPTFUT,NCO,50.000000,10,False
126361,GOLD27APR160200PE,GOLD,28APR2027,16020000.000000,1,OPTFUT,NCO,50.000000,10,False
126370,SILVER26DEC218500CE,SILVER,01DEC2026,21850000.000000,1,OPTBLN,NCO,50.000000,20,False
126372,SILVER26DEC218750CE,SILVER,01DEC2026,21875000.000000,1,OPTBLN,NCO,50.000000,20,False
126392,SILVER27MAR209250CE,SILVER,02MAR2027,20925000.000000,1,OPTBLN,NCO,50.000000,20,False
126393,SILVER27MAR209250PE,SILVER,02MAR2027,20925000.000000,1,OPTBLN,NCO,50.000000,20,False
126403,GOLD27APR161000PE,GOLD,28APR2027,16100000.000000,1,OPTFUT,NCO,50.000000,10,False
126418,GOLD27APR161600PE,GOLD,28APR2027,16160000.000000,1,OPTFUT,NCO,50.000000,10,False
126426,GOLD27JAN178100PE,GOLD,29JAN2027,17810000.000000,1,OPTFUT,NCO,50.000000,10,False
126430,GOLD27JAN178300PE,GOLD,29JAN2027,17830000.000000,1,OPTFUT,NCO,50.000000,10,False
126442,SILVER27MAR210500CE,SILVER,02MAR2027,21050000.000000,1,OPTBLN,NCO,50.000000,20,False
126447,GOLD27JUL158200CE,GOLD,29JUL2027,15820000.000000,1,OPTFUT,NCO,50.000000,10,False
126467,SILVER27MAR211000PE,SILVER,02MAR2027,21100000.000000,1,OPTBLN,NCO,50.000000,20,False
126468,SILVER27MAR211250CE,SILVER,02MAR2027,21125000.000000,1,OPTBLN,NCO,50.000000,20,False
126515,GOLD27JAN179900CE,GOLD,29JAN2027,17990000.000000,1,OPTFUT,NCO,50.000000,10,False
126524,GOLD26OCT130500PE,GOLD,29OCT2026,13050000.000000,1,OPTFUT,NCO,50.000000,10,False
126528,GOLD26OCT130700PE,GOLD,29OCT2026,13070000.000000,1,OPTFUT,NCO,50.000000,10,False
126531,GOLD27JUL158300CE,GOLD,29JUL2027,15830000.000000,1,OPTFUT,NCO,50.000000,10,False
126532,GOLD27JUL158300PE,GOLD,29JUL2027,15830000.000000,1,OPTFUT,NCO,50.000000,10,False
126536,GOLD27JAN180000CE,GOLD,29JAN2027,18000000.000000,1,OPTFUT,NCO,50.000000,10,False
126542,GOLD27JAN180300CE,GOLD,29JAN2027,18030000.000000,1,OPTFUT,NCO,50.000000,10,False
126545,GOLD27JAN180400PE,GOLD,29JAN2027,18040000.000000,1,OPTFUT,NCO,50.000000,10,False
126548,GOLD27JUL158500CE,GOLD,29JUL2027,15850000.000000,1,OPTFUT,NCO,50.000000,10,False
126573,GOLD27JUL159000PE,GOLD,29JUL2027,15900000.000000,1,OPTFUT,NCO,50.000000,10,False
126582,GOLD26OCT131000CE,GOLD,29OCT2026,13100000.000000,1,OPTFUT,NCO,50.000000,10,False
126585,SILVERM27MAY283750CE,SILVERM,24MAY2027,28375000.000000,1,OPTFUT,NCO,50.000000,120,False
126607,SILVER27MAR214750CE,SILVER,02MAR2027,21475000.000000,1,OPTBLN,NCO,50.000000,20,False
126611,SILVER27MAR215250CE,SILVER,02MAR2027,21525000.000000,1,OPTBLN,NCO,50.000000,20,False
126616,SILVER27MAR215750PE,SILVER,02MAR2027,21575000.000000,1,OPTBLN,NCO,50.000000,20,False
126617,SILVERM27JAN296500CE,SILVERM,21JAN2027,29650000.000000,1,OPTFUT,NCO,50.000000,120,False
126618,SILVERM27JAN296500PE,SILVERM,21JAN2027,29650000.000000,1,OPTFUT,NCO,50.000000,120,False
126623,GOLD27JUL159600PE,GOLD,29JUL2027,15960000.000000,1,OPTFUT,NCO,50.000000,10,False
126649,GOLDM26SEP151100PE,GOLDM,25SEP2026,15110000.000000,1,OPTFUT,NCO,50.000000,100,False
126657,GOLDM26SEP151500PE,GOLDM,25SEP2026,15150000.000000,1,OPTFUT,NCO,50.000000,100,False
126673,GOLDM26SEP151800PE,GOLDM,25SEP2026,15180000.000000,1,OPTFUT,NCO,50.000000,100,False
126678,SILVERM27MAR261250CE,SILVERM,24MAR2027,26125000.000000,1,OPTFUT,NCO,50.000000,120,False
126687,SILVERM27MAR261750PE,SILVERM,24MAR2027,26175000.000000,1,OPTFUT,NCO,50.000000,120,False
126695,GOLDM26OCT149500PE,GOLDM,29OCT2026,14950000.000000,1,OPTFUT,NCO,50.000000,100,False
126706,SILVERM27MAR264250CE,SILVERM,24MAR2027,26425000.000000,1,OPTFUT,NCO,50.000000,120,False
126708,SILVERM27MAR264500CE,SILVERM,24MAR2027,26450000.000000,1,OPTFUT,NCO,50.000000,120,False
126716,GOLDM26OCT150000CE,GOLDM,29OCT2026,15000000.000000,1,OPTFUT,NCO,50.000000,100,False
126723,GOLDM26OCT150300CE,GOLDM,29OCT2026,15030000.000000,1,OPTFUT,NCO,50.000000,100,False
126726,GOLDM26OCT150300PE,GOLDM,29OCT2026,15030000.000000,1,OPTFUT,NCO,50.000000,100,False
126731,GOLD26OCT131800CE,GOLD,29OCT2026,13180000.000000,1,OPTFUT,NCO,50.000000,10,False
126737,GOLDM26OCT150700CE,GOLDM,29OCT2026,15070000.000000,1,OPTFUT,NCO,50.000000,100,False
126738,GOLD26OCT131900CE,GOLD,29OCT2026,13190000.000000,1,OPTFUT,NCO,50.000000,10,False
126739,GOLD26OCT131900PE,GOLD,29OCT2026,13190000.000000,1,OPTFUT,NCO,50.000000,10,False
126745,SILVERM27JAN298750PE,SILVERM,21JAN2027,29875000.000000,1,OPTFUT,NCO,50.000000,120,False
126756,SILVERM27APR262250CE,SILVERM,23APR2027,26225000.000000,1,OPTFUT,NCO,50.000000,120,False
126760,SILVERM27APR262750CE,SILVERM,23APR2027,26275000.000000,1,OPTFUT,NCO,50.000000,120,False
121619,SILVER26DEC199750PE,SILVER,01DEC2026,19975000.000000,1,OPTBLN,NCO,50.000000,20,False
121633,GOLD27JAN169100CE,GOLD,29JAN2027,16910000.000000,1,OPTFUT,NCO,50.000000,10,False
121638,NICKEL26SEPFUT,NICKEL,30SEP2026,-1.000000,1,FUTBAS,NCO,10.000000,16,False
121652,COPPER26SEP1420CE,COPPER,23SEP2026,142000.000000,1,OPTFUT,NCO,1.000000,70,False
121681,SILVER26DEC263500CE,SILVER,01DEC2026,26350000.000000,1,OPTBLN,NCO,50.000000,20,False
121683,SILVER27MAR204500CE,SILVER,02MAR2027,20450000.000000,1,OPTBLN,NCO,50.000000,20,False
121710,GOLD27AUG158200CE,GOLD,27AUG2027,15820000.000000,1,OPTFUT,NCO,50.000000,10,False
121711,GOLD27AUG158200PE,GOLD,27AUG2027,15820000.000000,1,OPTFUT,NCO,50.000000,10,False
121757,CRUDEOIL26NOV11150PE,CRUDEOIL,10NOV2026,1115000.000000,1,OPTFUT,NCO,10.000000,100,False
121762,ZINC26OCT357.5CE,ZINC,23OCT2026,35750.000000,1,OPTFUT,NCO,1.000000,20,False
121767,SILVER26DEC250250PE,SILVER,01DEC2026,25025000.000000,1,OPTBLN,NCO,50.000000,20,False
121773,ALUMINIUM27JANFUT,ALUMINIUM,29JAN2027,-1.000000,1,FUTBAS,NCO,5.000000,30,False
121781,GOLD27JAN170600PE,GOLD,29JAN2027,17060000.000000,1,OPTFUT,NCO,50.000000,10,False
121787,GOLD27JAN170900PE,GOLD,29JAN2027,17090000.000000,1,OPTFUT,NCO,50.000000,10,False
121788,GOLD27JAN171000CE,GOLD,29JAN2027,17100000.000000,1,OPTFUT,NCO,50.000000,10,False
121792,SILVER26DEC251000PE,SILVER,01DEC2026,25100000.000000,1,OPTBLN,NCO,50.000000,20,False
121794,SILVER26DEC251250PE,SILVER,01DEC2026,25125000.000000,1,OPTBLN,NCO,50.000000,20,False
121800,SILVERM27AUG236500PE,SILVERM,24AUG2027,23650000.000000,1,OPTFUT,NCO,50.000000,120,False
121802,GOLD27JAN171100PE,GOLD,29JAN2027,17110000.000000,1,OPTFUT,NCO,50.000000,10,False
121811,GOLD27JAN171500CE,GOLD,29JAN2027,17150000.000000,1,OPTFUT,NCO,50.000000,10,False
121816,SILVERM27AUG237250CE,SILVERM,24AUG2027,23725000.000000,1,OPTFUT,NCO,50.000000,120,False
121817,SILVER26DEC251500PE,SILVER,01DEC2026,25150000.000000,1,OPTBLN,NCO,50.000000,20,False
121822,SILVERM27AUG237250PE,SILVERM,24AUG2027,23725000.000000,1,OPTFUT,NCO,50.000000,120,False
121851,COPPER26NOV1415CE,COPPER,23NOV2026,141500.000000,1,OPTFUT,NCO,1.000000,70,False
121856,SILVERM27AUG238750CE,SILVERM,24AUG2027,23875000.000000,1,OPTFUT,NCO,50.000000,120,False
121863,SILVERM27AUG239000CE,SILVERM,24AUG2027,23900000.000000,1,OPTFUT,NCO,50.000000,120,False
121878,ZINC26OCT445PE,ZINC,23OCT2026,44500.000000,1,OPTFUT,NCO,1.000000,20,False
121884,ZINC26NOV447.5CE,ZINC,23NOV2026,44750.000000,1,OPTFUT,NCO,1.000000,20,False
121912,COPPER26OCT1330CE,COPPER,23OCT2026,133000.000000,1,OPTFUT,NCO,1.000000,70,False
121935,SILVERM27JUN247250CE,SILVERM,23JUN2027,24725000.000000,1,OPTFUT,NCO,50.000000,120,False
121937,SILVERM27JUN247500CE,SILVERM,23JUN2027,24750000.000000,1,OPTFUT,NCO,50.000000,120,False
121951,GOLDM26DECFUT,GOLDM,04DEC2026,-1.000000,1,FUTBLN,NCO,100.000000,100,False
121962,SILVER26DEC263750PE,SILVER,01DEC2026,26375000.000000,1,OPTBLN,NCO,50.000000,20,False
121986,SILVERM26SEP143000PE,SILVERM,23SEP2026,14300000.000000,1,OPTFUT,NCO,50.000000,120,False
122015,GOLD27JUN161400CE,GOLD,28JUN2027,16140000.000000,1,OPTFUT,NCO,50.000000,10,False
122016,GOLD27JUN161400PE,GOLD,28JUN2027,16140000.000000,1,OPTFUT,NCO,50.000000,10,False
122023,GOLD27JUN161600CE,GOLD,28JUN2027,16160000.000000,1,OPTFUT,NCO,50.000000,10,False
122026,GOLD27JUN161700PE,GOLD,28JUN2027,16170000.000000,1,OPTFUT,NCO,50.000000,10,False
122033,GOLD27JUN161800PE,GOLD,28JUN2027,16180000.000000,1,OPTFUT,NCO,50.000000,10,False
122039,SILVER26DEC254750CE,SILVER,01DEC2026,25475000.000000,1,OPTBLN,NCO,50.000000,20,False
122047,COPPER26SEP1435CE,COPPER,23SEP2026,143500.000000,1,OPTFUT,NCO,1.000000,70,False
122048,SILVERM27JAN251500CE,SILVERM,21JAN2027,25150000.000000,1,OPTFUT,NCO,50.000000,120,False
122060,COPPER26SEP1440PE,COPPER,23SEP2026,144000.000000,1,OPTFUT,NCO,1.000000,70,False
122061,COPPER26SEP1445CE,COPPER,23SEP2026,144500.000000,1,OPTFUT,NCO,1.000000,70,False
122077,GOLD27AUG160400CE,GOLD,27AUG2027,16040000.000000,1,OPTFUT,NCO,50.000000,10,False
122083,SILVERM27JAN252250CE,SILVERM,21JAN2027,25225000.000000,1,OPTFUT,NCO,50.000000,120,False
122087,NATURALGAS26SEP230CE,NATURALGAS,21SEP2026,23000.000000,1,OPTFUT,NCO,5.000000,48,False
122111,SILVER26DEC257250CE,SILVER,01DEC2026,25725000.000000,1,OPTBLN,NCO,50.000000,20,False
122116,SILVERM26NOV169000CE,SILVERM,23NOV2026,16900000.000000,1,OPTFUT,NCO,50.000000,120,False
122120,SILVER26DEC257250PE,SILVER,01DEC2026,25725000.000000,1,OPTBLN,NCO,50.000000,20,False
122123,SILVERM26DEC236750CE,SILVERM,23DEC2026,23675000.000000,1,OPTFUT,NCO,50.000000,120,False
122135,SILVERM26NOV170750CE,SILVERM,23NOV2026,17075000.000000,1,OPTFUT,NCO,50.000000,120,False
122137,SILVER26DEC257500CE,SILVER,01DEC2026,25750000.000000,1,OPTBLN,NCO,50.000000,20,False
122157,SILVERM26NOV171500CE,SILVERM,23NOV2026,17150000.000000,1,OPTFUT,NCO,50.000000,120,False
122161,CRUDEOIL26OCT5350CE,CRUDEOIL,08OCT2026,535000.000000,1,OPTFUT,NCO,10.000000,100,False
122167,SILVERM26NOV171500PE,SILVERM,23NOV2026,17150000.000000,1,OPTFUT,NCO,50.000000,120,False
122196,SILVER26DEC264750CE,SILVER,01DEC2026,26475000.000000,1,OPTBLN,NCO,50.000000,20,False
122213,NATURALGAS26NOV215PE,NATURALGAS,18NOV2026,21500.000000,1,OPTFUT,NCO,5.000000,48,False
122215,SILVERM26NOV174250CE,SILVERM,23NOV2026,17425000.000000,1,OPTFUT,NCO,50.000000,120,False
122224,GOLD27JUN152500PE,GOLD,28JUN2027,15250000.000000,1,OPTFUT,NCO,50.000000,10,False
122239,GOLD27AUG161200CE,GOLD,27AUG2027,16120000.000000,1,OPTFUT,NCO,50.000000,10,False
122254,SILVERM26NOV175750CE,SILVERM,23NOV2026,17575000.000000,1,OPTFUT,NCO,50.000000,120,False
122258,GOLDM26NOV151500CE,GOLDM,27NOV2026,15150000.000000,1,OPTFUT,NCO,50.000000,100,False
122272,SILVERM27APR249250CE,SILVERM,23APR2027,24925000.000000,1,OPTFUT,NCO,50.000000,120,False
122294,SILVERM27APR250500CE,SILVERM,23APR2027,25050000.000000,1,OPTFUT,NCO,50.000000,120,False
122298,SILVERM27APR251000CE,SILVERM,23APR2027,25100000.000000,1,OPTFUT,NCO,50.000000,120,False
122316,SILVER26DEC265500PE,SILVER,01DEC2026,26550000.000000,1,OPTBLN,NCO,50.000000,20,False
122335,SILVERM27APR253500CE,SILVERM,23APR2027,25350000.000000,1,OPTFUT,NCO,50.000000,120,False
122336,SILVERM26NOV178000PE,SILVERM,23NOV2026,17800000.000000,1,OPTFUT,NCO,50.000000,120,False
122341,ZINC26NOVFUT,ZINC,30NOV2026,-1.000000,1,FUTBAS,NCO,5.000000,20,False
122355,NATURALGAS26OCT340PE,NATURALGAS,21OCT2026,34000.000000,1,OPTFUT,NCO,5.000000,48,False
122364,SILVER26DEC267000CE,SILVER,01DEC2026,26700000.000000,1,OPTBLN,NCO,50.000000,20,False
122373,SILVER26DEC267500PE,SILVER,01DEC2026,26750000.000000,1,OPTBLN,NCO,50.000000,20,False
122381,GOLD27AUG161600PE,GOLD,27AUG2027,16160000.000000,1,OPTFUT,NCO,50.000000,10,False
122384,GOLD27AUG161800CE,GOLD,27AUG2027,16180000.000000,1,OPTFUT,NCO,50.000000,10,False
122404,SILVERM26OCT193500PE,SILVERM,23OCT2026,19350000.000000,1,OPTFUT,NCO,50.000000,120,False
122411,SILVERM26OCT194250CE,SILVERM,23OCT2026,19425000.000000,1,OPTFUT,NCO,50.000000,120,False
122422,SILVERM26NOV178250PE,SILVERM,23NOV2026,17825000.000000,1,OPTFUT,NCO,50.000000,120,False
122438,GOLD27JUN152900CE,GOLD,28JUN2027,15290000.000000,1,OPTFUT,NCO,50.000000,10,False
122441,SILVERM26NOV178750PE,SILVERM,23NOV2026,17875000.000000,1,OPTFUT,NCO,50.000000,120,False
122451,SILVERM26NOV180000PE,SILVERM,23NOV2026,18000000.000000,1,OPTFUT,NCO,50.000000,120,False
122456,NICKEL27JANFUT,NICKEL,29JAN2027,-1.000000,1,FUTBAS,NCO,10.000000,16,False
122458,ZINCMINI27JANFUT,ZINCMINI,29JAN2027,-1.000000,1,FUTBAS,NCO,5.000000,100,False
122466,SILVERM27AUGFUT,SILVERM,31AUG2027,-1.000000,1,FUTBLN,NCO,100.000000,120,False
122480,GOLD27AUG162300CE,GOLD,27AUG2027,16230000.000000,1,OPTFUT,NCO,50.000000,10,False
122482,GOLD27AUG162400CE,GOLD,27AUG2027,16240000.000000,1,OPTFUT,NCO,50.000000,10,False
122493,GOLD27AUG162700PE,GOLD,27AUG2027,16270000.000000,1,OPTFUT,NCO,50.000000,10,False
122501,SILVERM26NOV194750PE,SILVERM,23NOV2026,19475000.000000,1,OPTFUT,NCO,50.000000,120,False
122507,SILVERM26NOV195000CE,SILVERM,23NOV2026,19500000.000000,1,OPTFUT,NCO,50.000000,120,False
122514,GOLDM26NOV151700CE,GOLDM,27NOV2026,15170000.000000,1,OPTFUT,NCO,50.000000,100,False
122515,GOLDM26NOV151700PE,GOLDM,27NOV2026,15170000.000000,1,OPTFUT,NCO,50.000000,100,False
122554,GOLD26OCT137600PE,GOLD,29OCT2026,13760000.000000,1,OPTFUT,NCO,50.000000,10,False
122578,GOLD26OCT137700PE,GOLD,29OCT2026,13770000.000000,1,OPTFUT,NCO,50.000000,10,False
122582,GOLD26OCT137800PE,GOLD,29OCT2026,13780000.000000,1,OPTFUT,NCO,50.000000,10,False
122585,SILVER26DEC270250PE,SILVER,01DEC2026,27025000.000000,1,OPTBLN,NCO,50.000000,20,False
122589,GOLD26OCT138000PE,GOLD,29OCT2026,13800000.000000,1,OPTFUT,NCO,50.000000,10,False
122598,GOLD27MAY167100PE,GOLD,28MAY2027,16710000.000000,1,OPTFUT,NCO,50.000000,10,False
122604,GOLD26OCT138300PE,GOLD,29OCT2026,13830000.000000,1,OPTFUT,NCO,50.000000,10,False
122606,GOLD26OCT138400PE,GOLD,29OCT2026,13840000.000000,1,OPTFUT,NCO,50.000000,10,False
122612,GOLD27MAY167200CE,GOLD,28MAY2027,16720000.000000,1,OPTFUT,NCO,50.000000,10,False
122621,GOLD27MAY167500CE,GOLD,28MAY2027,16750000.000000,1,OPTFUT,NCO,50.000000,10,False
122624,GOLD27JUN154200CE,GOLD,28JUN2027,15420000.000000,1,OPTFUT,NCO,50.000000,10,False
122644,GOLD27JAN159000PE,GOLD,29JAN2027,15900000.000000,1,OPTFUT,NCO,50.000000,10,False
122646,GOLD27AUG163800PE,GOLD,27AUG2027,16380000.000000,1,OPTFUT,NCO,50.000000,10,False
122651,GOLD27AUG164100CE,GOLD,27AUG2027,16410000.000000,1,OPTFUT,NCO,50.000000,10,False
122657,SILVERM27JAN243250CE,SILVERM,21JAN2027,24325000.000000,1,OPTFUT,NCO,50.000000,120,False
122661,SILVERM27JAN243750CE,SILVERM,21JAN2027,24375000.000000,1,OPTFUT,NCO,50.000000,120,False
122670,SILVERM27JAN244750PE,SILVERM,21JAN2027,24475000.000000,1,OPTFUT,NCO,50.000000,120,False
122675,SILVERM27JAN245500CE,SILVERM,21JAN2027,24550000.000000,1,OPTFUT,NCO,50.000000,120,False
122693,SILVERM27JAN247000CE,SILVERM,21JAN2027,24700000.000000,1,OPTFUT,NCO,50.000000,120,False
122703,CRUDEOIL26OCT11050CE,CRUDEOIL,08OCT2026,1105000.000000,1,OPTFUT,NCO,10.000000,100,False
122710,GOLD27MAY150800PE,GOLD,28MAY2027,15080000.000000,1,OPTFUT,NCO,50.000000,10,False
122729,CRUDEOIL26OCT11150PE,CRUDEOIL,08OCT2026,1115000.000000,1,OPTFUT,NCO,10.000000,100,False
122768,CRUDEOIL26OCT11500CE,CRUDEOIL,08OCT2026,1150000.000000,1,OPTFUT,NCO,10.000000,100,False
122781,GOLD27AUG164200CE,GOLD,27AUG2027,16420000.000000,1,OPTFUT,NCO,50.000000,10,False
122797,SILVERM27JAN350500CE,SILVERM,21JAN2027,35050000.000000,1,OPTFUT,NCO,50.000000,120,False
122815,SILVERM27JAN352500CE,SILVERM,21JAN2027,35250000.000000,1,OPTFUT,NCO,50.000000,120,False
122834,NATGASIND27AUGFUT,NATGASIND,31AUG2027,-1.000000,1,FUTENR,NCO,100.000000,50,False
122844,GOLD27AUG164500CE,GOLD,27AUG2027,16450000.000000,1,OPTFUT,NCO,50.000000,10,False
122867,GOLD27AUG164800CE,GOLD,27AUG2027,16480000.000000,1,OPTFUT,NCO,50.000000,10,False
122869,GOLDM26NOV152800CE,GOLDM,27NOV2026,15280000.000000,1,OPTFUT,NCO,50.000000,100,False
122871,SILVERM26OCT180500CE,SILVERM,23OCT2026,18050000.000000,1,OPTFUT,NCO,50.000000,120,False
122898,GOLD27JUN155700PE,GOLD,28JUN2027,15570000.000000,1,OPTFUT,NCO,50.000000,10,False
122902,GOLD26SEP163100CE,GOLD,25SEP2026,16310000.000000,1,OPTFUT,NCO,50.000000,10,False
122907,SILVERM27JAN247750CE,SILVERM,21JAN2027,24775000.000000,1,OPTFUT,NCO,50.000000,120,False
122936,SILVERM26OCT181750PE,SILVERM,23OCT2026,18175000.000000,1,OPTFUT,NCO,50.000000,120,False
122939,GOLD26OCT164000CE,GOLD,29OCT2026,16400000.000000,1,OPTFUT,NCO,50.000000,10,False
122958,SILVERM26OCT182250PE,SILVERM,23OCT2026,18225000.000000,1,OPTFUT,NCO,50.000000,120,False
122963,SILVERM26OCT182500PE,SILVERM,23OCT2026,18250000.000000,1,OPTFUT,NCO,50.000000,120,False
122966,NATURALGAS26OCT205CE,NATURALGAS,21OCT2026,20500.000000,1,OPTFUT,NCO,5.000000,48,False
122972,GOLDM26NOV153200PE,GOLDM,27NOV2026,15320000.000000,1,OPTFUT,NCO,50.000000,100,False
122983,GOLD26NOV164600CE,GOLD,27NOV2026,16460000.000000,1,OPTFUT,NCO,50.000000,10,False
122987,GOLD26NOV164700PE,GOLD,27NOV2026,16470000.000000,1,OPTFUT,NCO,50.000000,10,False
122989,SILVERM26OCT151750CE,SILVERM,23OCT2026,15175000.000000,1,OPTFUT,NCO,50.000000,120,False
122992,GOLD27JUN156600PE,GOLD,28JUN2027,15660000.000000,1,OPTFUT,NCO,50.000000,10,False
122997,SILVERM26OCT152250CE,SILVERM,23OCT2026,15225000.000000,1,OPTFUT,NCO,50.000000,120,False
123006,SILVERM26OCT153000PE,SILVERM,23OCT2026,15300000.000000,1,OPTFUT,NCO,50.000000,120,False
123030,NATURALGAS26OCT240CE,NATURALGAS,21OCT2026,24000.000000,1,OPTFUT,NCO,5.000000,48,False
123051,NATGASIND26DECFUT,NATGASIND,31DEC2026,-1.000000,1,FUTENR,NCO,100.000000,50,False
123054,NATGASIND27MARFUT,NATGASIND,31MAR2027,-1.000000,1,FUTENR,NCO,100.000000,50,False
123084,SILVER10027APRFUT,SILVER100,30APR2027,-1.000000,1,FUTBLN,NCO,100.000000,6000,False
123104,SILVERM26OCT155250PE,SILVERM,23OCT2026,15525000.000000,1,OPTFUT,NCO,50.000000,120,False
123113,GOLD26NOV164900CE,GOLD,27NOV2026,16490000.000000,1,OPTFUT,NCO,50.000000,10,False
123118,GOLD26DEC141000CE,GOLD,29DEC2026,14100000.000000,1,OPTFUT,NCO,50.000000,10,False
123119,GOLD26DEC141000PE,GOLD,29DEC2026,14100000.000000,1,OPTFUT,NCO,50.000000,10,False
123141,SILVERM27JAN356250CE,SILVERM,21JAN2027,35625000.000000,1,OPTFUT,NCO,50.000000,120,False
123146,SILVERM26OCT157750CE,SILVERM,23OCT2026,15775000.000000,1,OPTFUT,NCO,50.000000,120,False
123151,COPPER26SEP1350CE,COPPER,23SEP2026,135000.000000,1,OPTFUT,NCO,1.000000,70,False
123154,NATURALGAS26OCT270CE,NATURALGAS,21OCT2026,27000.000000,1,OPTFUT,NCO,5.000000,48,False
123157,NATURALGAS26OCT270PE,NATURALGAS,21OCT2026,27000.000000,1,OPTFUT,NCO,5.000000,48,False
123160,NATURALGAS26OCT280CE,NATURALGAS,21OCT2026,28000.000000,1,OPTFUT,NCO,5.000000,48,False
123169,GOLDM26NOV153600PE,GOLDM,27NOV2026,15360000.000000,1,OPTFUT,NCO,50.000000,100,False
123185,SILVERM27MAY270250CE,SILVERM,24MAY2027,27025000.000000,1,OPTFUT,NCO,50.000000,120,False
123187,SILVERM27MAY270500CE,SILVERM,24MAY2027,27050000.000000,1,OPTFUT,NCO,50.000000,120,False
123209,GOLD27MAY161300PE,GOLD,28MAY2027,16130000.000000,1,OPTFUT,NCO,50.000000,10,False
123210,GOLD27MAY161400CE,GOLD,28MAY2027,16140000.000000,1,OPTFUT,NCO,50.000000,10,False
123212,GOLD27MAY161500CE,GOLD,28MAY2027,16150000.000000,1,OPTFUT,NCO,50.000000,10,False
123217,GOLD27MAY161700PE,GOLD,28MAY2027,16170000.000000,1,OPTFUT,NCO,50.000000,10,False
123222,GOLD27MAY162000CE,GOLD,28MAY2027,16200000.000000,1,OPTFUT,NCO,50.000000,10,False
123229,GOLD27MAY162300PE,GOLD,28MAY2027,16230000.000000,1,OPTFUT,NCO,50.000000,10,False
123244,GOLD27JUN156900CE,GOLD,28JUN2027,15690000.000000,1,OPTFUT,NCO,50.000000,10,False
123270,GOLD27MAY163400CE,GOLD,28MAY2027,16340000.000000,1,OPTFUT,NCO,50.000000,10,False
123281,GOLD27MAY163900PE,GOLD,28MAY2027,16390000.000000,1,OPTFUT,NCO,50.000000,10,False
123292,GOLD27MAY164500CE,GOLD,28MAY2027,16450000.000000,1,OPTFUT,NCO,50.000000,10,False
123303,GOLDM26NOV153900PE,GOLDM,27NOV2026,15390000.000000,1,OPTFUT,NCO,50.000000,100,False
123311,NATURALGAS26NOV285CE,NATURALGAS,18NOV2026,28500.000000,1,OPTFUT,NCO,5.000000,48,False
123313,SILVERM27MAR275250CE,SILVERM,24MAR2027,27525000.000000,1,OPTFUT,NCO,50.000000,120,False
123317,SILVERM27APR276750CE,SILVERM,23APR2027,27675000.000000,1,OPTFUT,NCO,50.000000,120,False
123320,GOLDM26NOV154100PE,GOLDM,27NOV2026,15410000.000000,1,OPTFUT,NCO,50.000000,100,False
123324,GOLDM26NOV154300PE,GOLDM,27NOV2026,15430000.000000,1,OPTFUT,NCO,50.000000,100,False
123329,GOLDM26NOV154600CE,GOLDM,27NOV2026,15460000.000000,1,OPTFUT,NCO,50.000000,100,False
123330,SILVERM27JUN228750CE,SILVERM,23JUN2027,22875000.000000,1,OPTFUT,NCO,50.000000,120,False
123334,SILVERM27JUN229250CE,SILVERM,23JUN2027,22925000.000000,1,OPTFUT,NCO,50.000000,120,False
123343,ZINC26OCT405PE,ZINC,23OCT2026,40500.000000,1,OPTFUT,NCO,1.000000,20,False
123368,COPPER26NOV1350CE,COPPER,23NOV2026,135000.000000,1,OPTFUT,NCO,1.000000,70,False
123369,COPPER26NOV1350PE,COPPER,23NOV2026,135000.000000,1,OPTFUT,NCO,1.000000,70,False
123376,COPPER26NOV1370CE,COPPER,23NOV2026,137000.000000,1,OPTFUT,NCO,1.000000,70,False
123387,COPPER26NOV1395PE,COPPER,23NOV2026,139500.000000,1,OPTFUT,NCO,1.000000,70,False
123390,COPPER26NOV1405CE,COPPER,23NOV2026,140500.000000,1,OPTFUT,NCO,1.000000,70,False
123401,GOLD27MAY165000CE,GOLD,28MAY2027,16500000.000000,1,OPTFUT,NCO,50.000000,10,False
123425,SILVERM27JUL225500PE,SILVERM,23JUL2027,22550000.000000,1,OPTFUT,NCO,50.000000,120,False
123427,SILVER26DECFUT,SILVER,04DEC2026,-1.000000,1,FUTBLN,NCO,100.000000,20,False
123439,SILVERM27JUL226250CE,SILVERM,23JUL2027,22625000.000000,1,OPTFUT,NCO,50.000000,120,False
123465,SILVERM27JUL226500PE,SILVERM,23JUL2027,22650000.000000,1,OPTFUT,NCO,50.000000,120,False
123466,SILVERM27JUL226750CE,SILVERM,23JUL2027,22675000.000000,1,OPTFUT,NCO,50.000000,120,False
123474,GOLDM26SEP146000CE,GOLDM,25SEP2026,14600000.000000,1,OPTFUT,NCO,50.000000,100,False
123493,SILVERM27JUL227500PE,SILVERM,23JUL2027,22750000.000000,1,OPTFUT,NCO,50.000000,120,False
123502,SILVERM27JUL228250PE,SILVERM,23JUL2027,22825000.000000,1,OPTFUT,NCO,50.000000,120,False
123505,GOLD27MAY165300PE,GOLD,28MAY2027,16530000.000000,1,OPTFUT,NCO,50.000000,10,False
123511,GOLD27MAY165500CE,GOLD,28MAY2027,16550000.000000,1,OPTFUT,NCO,50.000000,10,False
123541,SILVERM26OCT186750CE,SILVERM,23OCT2026,18675000.000000,1,OPTFUT,NCO,50.000000,120,False
123543,SILVERM27JUL230000PE,SILVERM,23JUL2027,23000000.000000,1,OPTFUT,NCO,50.000000,120,False
123554,SILVERM26OCT188000PE,SILVERM,23OCT2026,18800000.000000,1,OPTFUT,NCO,50.000000,120,False
123584,SILVERM27JUL230250CE,SILVERM,23JUL2027,23025000.000000,1,OPTFUT,NCO,50.000000,120,False
123595,SILVERM27JUL230500PE,SILVERM,23JUL2027,23050000.000000,1,OPTFUT,NCO,50.000000,120,False
123596,COPPER26DEC1420CE,COPPER,23DEC2026,142000.000000,1,OPTFUT,NCO,1.000000,70,False
123600,COPPER26DEC1425CE,COPPER,23DEC2026,142500.000000,1,OPTFUT,NCO,1.000000,70,False
123607,SILVER26DEC201500PE,SILVER,01DEC2026,20150000.000000,1,OPTBLN,NCO,50.000000,20,False
123622,SILVERM27JUL231000PE,SILVERM,23JUL2027,23100000.000000,1,OPTFUT,NCO,50.000000,120,False
123634,SILVERM27JUL232500PE,SILVERM,23JUL2027,23250000.000000,1,OPTFUT,NCO,50.000000,120,False
123664,SILVERM26NOV184750PE,SILVERM,23NOV2026,18475000.000000,1,OPTFUT,NCO,50.000000,120,False
123676,SILVERM26NOV186250PE,SILVERM,23NOV2026,18625000.000000,1,OPTFUT,NCO,50.000000,120,False
123684,SILVERM26NOV186750CE,SILVERM,23NOV2026,18675000.000000,1,OPTFUT,NCO,50.000000,120,False
123702,COPPER26DEC1430PE,COPPER,23DEC2026,143000.000000,1,OPTFUT,NCO,1.000000,70,False
123703,SILVERM26OCT158500CE,SILVERM,23OCT2026,15850000.000000,1,OPTFUT,NCO,50.000000,120,False
123715,SILVERM26NOV188500CE,SILVERM,23NOV2026,18850000.000000,1,OPTFUT,NCO,50.000000,120,False
123717,SILVERM26NOV188750CE,SILVERM,23NOV2026,18875000.000000,1,OPTFUT,NCO,50.000000,120,False
123723,SILVERM26NOV189500CE,SILVERM,23NOV2026,18950000.000000,1,OPTFUT,NCO,50.000000,120,False
123738,SILVERM26NOV191250PE,SILVERM,23NOV2026,19125000.000000,1,OPTFUT,NCO,50.000000,120,False
123742,SILVERM26NOV191750PE,SILVERM,23NOV2026,19175000.000000,1,OPTFUT,NCO,50.000000,120,False
123748,SILVERM26NOV192500PE,SILVERM,23NOV2026,19250000.000000,1,OPTFUT,NCO,50.000000,120,False
123766,COPPER26DEC1455CE,COPPER,23DEC2026,145500.000000,1,OPTFUT,NCO,1.000000,70,False
123770,SILVERM27AUG245250CE,SILVERM,24AUG2027,24525000.000000,1,OPTFUT,NCO,50.000000,120,False
123783,SILVERM26OCT159000PE,SILVERM,23OCT2026,15900000.000000,1,OPTFUT,NCO,50.000000,120,False
123790,SILVERM26OCT160000CE,SILVERM,23OCT2026,16000000.000000,1,OPTFUT,NCO,50.000000,120,False
123797,SILVERM26OCT160750PE,SILVERM,23OCT2026,16075000.000000,1,OPTFUT,NCO,50.000000,120,False
123804,SILVERM27AUG246250CE,SILVERM,24AUG2027,24625000.000000,1,OPTFUT,NCO,50.000000,120,False
123810,SILVERM27AUG247000CE,SILVERM,24AUG2027,24700000.000000,1,OPTFUT,NCO,50.000000,120,False
123811,SILVER26DEC203000PE,SILVER,01DEC2026,20300000.000000,1,OPTBLN,NCO,50.000000,20,False
123812,SILVERM27JAN359750PE,SILVERM,21JAN2027,35975000.000000,1,OPTFUT,NCO,50.000000,120,False
123813,SILVERM27JAN360000CE,SILVERM,21JAN2027,36000000.000000,1,OPTFUT,NCO,50.000000,120,False
123822,GOLDM26SEP146200CE,GOLDM,25SEP2026,14620000.000000,1,OPTFUT,NCO,50.000000,100,False
123835,GOLDM26SEP146700PE,GOLDM,25SEP2026,14670000.000000,1,OPTFUT,NCO,50.000000,100,False
123838,GOLDM26SEP146800PE,GOLDM,25SEP2026,14680000.000000,1,OPTFUT,NCO,50.000000,100,False
123852,SILVERM27AUG248250CE,SILVERM,24AUG2027,24825000.000000,1,OPTFUT,NCO,50.000000,120,False
123856,SILVERM26OCT161250CE,SILVERM,23OCT2026,16125000.000000,1,OPTFUT,NCO,50.000000,120,False
123881,SILVERM27JUL234750CE,SILVERM,23JUL2027,23475000.000000,1,OPTFUT,NCO,50.000000,120,False
123884,SILVERM26OCT162250CE,SILVERM,23OCT2026,16225000.000000,1,OPTFUT,NCO,50.000000,120,False
123888,SILVERM27APR255750CE,SILVERM,23APR2027,25575000.000000,1,OPTFUT,NCO,50.000000,120,False
123893,SILVERM26OCT163000PE,SILVERM,23OCT2026,16300000.000000,1,OPTFUT,NCO,50.000000,120,False
123901,COPPER26OCT1370PE,COPPER,23OCT2026,137000.000000,1,OPTFUT,NCO,1.000000,70,False
123911,GOLDM26SEP147100PE,GOLDM,25SEP2026,14710000.000000,1,OPTFUT,NCO,50.000000,100,False
123912,GOLDM26SEP147200CE,GOLDM,25SEP2026,14720000.000000,1,OPTFUT,NCO,50.000000,100,False
123914,GOLDM26SEP147300CE,GOLDM,25SEP2026,14730000.000000,1,OPTFUT,NCO,50.000000,100,False
123932,SILVERM27JUL235500PE,SILVERM,23JUL2027,23550000.000000,1,OPTFUT,NCO,50.000000,120,False
123951,SILVERM27APR257750PE,SILVERM,23APR2027,25775000.000000,1,OPTFUT,NCO,50.000000,120,False
123954,GOLDM26SEP148000CE,GOLDM,25SEP2026,14800000.000000,1,OPTFUT,NCO,50.000000,100,False
123960,SILVERM26OCT163500PE,SILVERM,23OCT2026,16350000.000000,1,OPTFUT,NCO,50.000000,120,False
123961,SILVERM26OCT163750CE,SILVERM,23OCT2026,16375000.000000,1,OPTFUT,NCO,50.000000,120,False
123969,GOLD27JUL162300CE,GOLD,29JUL2027,16230000.000000,1,OPTFUT,NCO,50.000000,10,False
123970,SILVERM26OCT163750PE,SILVERM,23OCT2026,16375000.000000,1,OPTFUT,NCO,50.000000,120,False
123977,COPPER26OCT1385PE,COPPER,23OCT2026,138500.000000,1,OPTFUT,NCO,1.000000,70,False
123992,GOLD27JUL162700PE,GOLD,29JUL2027,16270000.000000,1,OPTFUT,NCO,50.000000,10,False
123993,SILVERM27APR259250CE,SILVERM,23APR2027,25925000.000000,1,OPTFUT,NCO,50.000000,120,False
124002,GOLD27JUL162800CE,GOLD,29JUL2027,16280000.000000,1,OPTFUT,NCO,50.000000,10,False
124022,GOLD27MAR147100CE,GOLD,29MAR2027,14710000.000000,1,OPTFUT,NCO,50.000000,10,False
124028,NATURALGAS26NOV290PE,NATURALGAS,18NOV2026,29000.000000,1,OPTFUT,NCO,5.000000,48,False
124038,SILVERM27FEB279750PE,SILVERM,19FEB2027,27975000.000000,1,OPTFUT,NCO,50.000000,120,False
124043,SILVERM27FEB280500CE,SILVERM,19FEB2027,28050000.000000,1,OPTFUT,NCO,50.000000,120,False
124045,SILVERM27FEB280750CE,SILVERM,19FEB2027,28075000.000000,1,OPTFUT,NCO,50.000000,120,False
124047,SILVERM27FEB281000CE,SILVERM,19FEB2027,28100000.000000,1,OPTFUT,NCO,50.000000,120,False
124053,SILVERM27FEB281750CE,SILVERM,19FEB2027,28175000.000000,1,OPTFUT,NCO,50.000000,120,False
124057,SILVERM27FEB282250CE,SILVERM,19FEB2027,28225000.000000,1,OPTFUT,NCO,50.000000,120,False
124068,SILVERM27FEB283250PE,SILVERM,19FEB2027,28325000.000000,1,OPTFUT,NCO,50.000000,120,False
124081,GOLD26OCT145800PE,GOLD,29OCT2026,14580000.000000,1,OPTFUT,NCO,50.000000,10,False
124088,NATURALGAS26NOV305CE,NATURALGAS,18NOV2026,30500.000000,1,OPTFUT,NCO,5.000000,48,False
124105,NATURALGAS26NOV340PE,NATURALGAS,18NOV2026,34000.000000,1,OPTFUT,NCO,5.000000,48,False
124106,NATURALGAS26NOV345CE,NATURALGAS,18NOV2026,34500.000000,1,OPTFUT,NCO,5.000000,48,False
124107,NATURALGAS26NOV345PE,NATURALGAS,18NOV2026,34500.000000,1,OPTFUT,NCO,5.000000,48,False
124120,SILVERM27APR247500PE,SILVERM,23APR2027,24750000.000000,1,OPTFUT,NCO,50.000000,120,False
124130,GOLD27JUL163200CE,GOLD,29JUL2027,16320000.000000,1,OPTFUT,NCO,50.000000,10,False
124132,SILVERM27JUL236250PE,SILVERM,23JUL2027,23625000.000000,1,OPTFUT,NCO,50.000000,120,False
124144,SILVERM27FEB284000CE,SILVERM,19FEB2027,28400000.000000,1,OPTFUT,NCO,50.000000,120,False
124145,SILVERM27FEB284000PE,SILVERM,19FEB2027,28400000.000000,1,OPTFUT,NCO,50.000000,120,False
124163,GOLDM26NOV155600PE,GOLDM,27NOV2026,15560000.000000,1,OPTFUT,NCO,50.000000,100,False
124164,GOLDM26NOV155700CE,GOLDM,27NOV2026,15570000.000000,1,OPTFUT,NCO,50.000000,100,False
124165,GOLDM26NOV155700PE,GOLDM,27NOV2026,15570000.000000,1,OPTFUT,NCO,50.000000,100,False
124174,SILVERM27FEB286250CE,SILVERM,19FEB2027,28625000.000000,1,OPTFUT,NCO,50.000000,120,False
124181,SILVERM27MAY274000CE,SILVERM,24MAY2027,27400000.000000,1,OPTFUT,NCO,50.000000,120,False
124227,GOLD27MAR147600PE,GOLD,29MAR2027,14760000.000000,1,OPTFUT,NCO,50.000000,10,False
124232,GOLD27APR155400PE,GOLD,28APR2027,15540000.000000,1,OPTFUT,NCO,50.000000,10,False
124243,GOLD27APR155800CE,GOLD,28APR2027,15580000.000000,1,OPTFUT,NCO,50.000000,10,False
124248,SILVER26DEC203250PE,SILVER,01DEC2026,20325000.000000,1,OPTBLN,NCO,50.000000,20,False
124252,SILVER26DEC203750PE,SILVER,01DEC2026,20375000.000000,1,OPTBLN,NCO,50.000000,20,False
124254,GOLD27APR156000CE,GOLD,28APR2027,15600000.000000,1,OPTFUT,NCO,50.000000,10,False
124257,GOLD27APR156100PE,GOLD,28APR2027,15610000.000000,1,OPTFUT,NCO,50.000000,10,False
124261,GOLD26NOV146400PE,GOLD,27NOV2026,14640000.000000,1,OPTFUT,NCO,50.000000,10,False
124267,GOLD26NOV146500PE,GOLD,27NOV2026,14650000.000000,1,OPTFUT,NCO,50.000000,10,False
124276,GOLD27MAR147900PE,GOLD,29MAR2027,14790000.000000,1,OPTFUT,NCO,50.000000,10,False
124289,SILVERM27MAR242000CE,SILVERM,24MAR2027,24200000.000000,1,OPTFUT,NCO,50.000000,120,False
124300,GOLD26NOV133900CE,GOLD,27NOV2026,13390000.000000,1,OPTFUT,NCO,50.000000,10,False
124303,GOLD26NOV134000PE,GOLD,27NOV2026,13400000.000000,1,OPTFUT,NCO,50.000000,10,False
124304,GOLD26NOV134100CE,GOLD,27NOV2026,13410000.000000,1,OPTFUT,NCO,50.000000,10,False
124320,SILVERM26DEC237500CE,SILVERM,23DEC2026,23750000.000000,1,OPTFUT,NCO,50.000000,120,False
124322,SILVERM26DEC237750CE,SILVERM,23DEC2026,23775000.000000,1,OPTFUT,NCO,50.000000,120,False
124324,GOLD27APR156300PE,GOLD,28APR2027,15630000.000000,1,OPTFUT,NCO,50.000000,10,False
124331,SILVERM27FEB288250CE,SILVERM,19FEB2027,28825000.000000,1,OPTFUT,NCO,50.000000,120,False
124337,SILVERM27FEB288750CE,SILVERM,19FEB2027,28875000.000000,1,OPTFUT,NCO,50.000000,120,False
124345,SILVERM27FEB289250CE,SILVERM,19FEB2027,28925000.000000,1,OPTFUT,NCO,50.000000,120,False
124362,GOLD27APR156900PE,GOLD,28APR2027,15690000.000000,1,OPTFUT,NCO,50.000000,10,False
124364,GOLD27APR157000PE,GOLD,28APR2027,15700000.000000,1,OPTFUT,NCO,50.000000,10,False
124366,GOLD27APR157100PE,GOLD,28APR2027,15710000.000000,1,OPTFUT,NCO,50.000000,10,False
124375,SILVERM26DEC238250PE,SILVERM,23DEC2026,23825000.000000,1,OPTFUT,NCO,50.000000,120,False
124381,SILVERM26DEC238750CE,SILVERM,23DEC2026,23875000.000000,1,OPTFUT,NCO,50.000000,120,False
124390,SILVERM27MAY274500PE,SILVERM,24MAY2027,27450000.000000,1,OPTFUT,NCO,50.000000,120,False
124409,GOLD27MAR148800PE,GOLD,29MAR2027,14880000.000000,1,OPTFUT,NCO,50.000000,10,False
124413,SILVERM27MAR242500CE,SILVERM,24MAR2027,24250000.000000,1,OPTFUT,NCO,50.000000,120,False
124414,SILVERM27MAR242500PE,SILVERM,24MAR2027,24250000.000000,1,OPTFUT,NCO,50.000000,120,False
124415,GOLD27MAR148900CE,GOLD,29MAR2027,14890000.000000,1,OPTFUT,NCO,50.000000,10,False
124416,SILVERM27MAR242750CE,SILVERM,24MAR2027,24275000.000000,1,OPTFUT,NCO,50.000000,120,False
124420,GOLD27APR157400CE,GOLD,28APR2027,15740000.000000,1,OPTFUT,NCO,50.000000,10,False
124429,SILVERM27FEB290750PE,SILVERM,19FEB2027,29075000.000000,1,OPTFUT,NCO,50.000000,120,False
124434,SILVERM27FEB291250CE,SILVERM,19FEB2027,29125000.000000,1,OPTFUT,NCO,50.000000,120,False
124462,GOLD26NOV135000CE,GOLD,27NOV2026,13500000.000000,1,OPTFUT,NCO,50.000000,10,False
124471,GOLD26NOV135000PE,GOLD,27NOV2026,13500000.000000,1,OPTFUT,NCO,50.000000,10,False
124512,ZINC26NOV390CE,ZINC,23NOV2026,39000.000000,1,OPTFUT,NCO,1.000000,20,False
124513,ZINC26NOV390PE,ZINC,23NOV2026,39000.000000,1,OPTFUT,NCO,1.000000,20,False
124520,ZINC26NOV400CE,ZINC,23NOV2026,40000.000000,1,OPTFUT,NCO,1.000000,20,False
124528,ZINC26NOV410CE,ZINC,23NOV2026,41000.000000,1,OPTFUT,NCO,1.000000,20,False
124538,GOLD26NOV135200PE,GOLD,27NOV2026,13520000.000000,1,OPTFUT,NCO,50.000000,10,False
124539,GOLD27APR148000CE,GOLD,28APR2027,14800000.000000,1,OPTFUT,NCO,50.000000,10,False
124548,ZINC26SEP412.5CE,ZINC,23SEP2026,41250.000000,1,OPTFUT,NCO,1.000000,20,False
124554,ZINC26OCT415PE,ZINC,23OCT2026,41500.000000,1,OPTFUT,NCO,1.000000,20,False
124556,ZINC26OCT417.5PE,ZINC,23OCT2026,41750.000000,1,OPTFUT,NCO,1.000000,20,False
124562,GOLD26OCT125100CE,GOLD,29OCT2026,12510000.000000,1,OPTFUT,NCO,50.000000,10,False
124564,GOLD26OCT125200CE,GOLD,29OCT2026,12520000.000000,1,OPTFUT,NCO,50.000000,10,False
124569,CRUDEOIL26OCT4850PE,CRUDEOIL,08OCT2026,485000.000000,1,OPTFUT,NCO,10.000000,100,False
124576,GOLD26NOV135400CE,GOLD,27NOV2026,13540000.000000,1,OPTFUT,NCO,50.000000,10,False
124584,GOLD26NOV135600PE,GOLD,27NOV2026,13560000.000000,1,OPTFUT,NCO,50.000000,10,False
124587,CRUDEOIL26OCT5050CE,CRUDEOIL,08OCT2026,505000.000000,1,OPTFUT,NCO,10.000000,100,False
124588,CRUDEOIL26OCT5050PE,CRUDEOIL,08OCT2026,505000.000000,1,OPTFUT,NCO,10.000000,100,False
124592,GOLD27APR148400PE,GOLD,28APR2027,14840000.000000,1,OPTFUT,NCO,50.000000,10,False
124594,SILVER26DEC204750PE,SILVER,01DEC2026,20475000.000000,1,OPTBLN,NCO,50.000000,20,False
124603,NATURALGAS26SEP180PE,NATURALGAS,21SEP2026,18000.000000,1,OPTFUT,NCO,5.000000,48,False
124604,SILVERM27JUL238250CE,SILVERM,23JUL2027,23825000.000000,1,OPTFUT,NCO,50.000000,120,False
124609,GOLD1G26DECFUT,GOLD1G,04DEC2026,-1.000000,1,FUTBLN,NCO,100.000000,10000,False
124613,COPPER26OCT1440CE,COPPER,23OCT2026,144000.000000,1,OPTFUT,NCO,1.000000,70,False
124637,SILVERM27AUG248750PE,SILVERM,24AUG2027,24875000.000000,1,OPTFUT,NCO,50.000000,120,False
124643,GOLD26NOV136500CE,GOLD,27NOV2026,13650000.000000,1,OPTFUT,NCO,50.000000,10,False
124650,GOLD26NOV136700PE,GOLD,27NOV2026,13670000.000000,1,OPTFUT,NCO,50.000000,10,False
124667,GOLD26NOV136900PE,GOLD,27NOV2026,13690000.000000,1,OPTFUT,NCO,50.000000,10,False
124691,GOLD27JUL152700PE,GOLD,29JUL2027,15270000.000000,1,OPTFUT,NCO,50.000000,10,False
124699,GOLD27JUL153000PE,GOLD,29JUL2027,15300000.000000,1,OPTFUT,NCO,50.000000,10,False
124721,SILVERM27AUG251000CE,SILVERM,24AUG2027,25100000.000000,1,OPTFUT,NCO,50.000000,120,False
124717,SILVERM27AUG250500PE,SILVERM,24AUG2027,25050000.000000,1,OPTFUT,NCO,50.000000,120,False
124743,GOLD26OCT126000PE,GOLD,29OCT2026,12600000.000000,1,OPTFUT,NCO,50.000000,10,False
124754,GOLD26OCT126500PE,GOLD,29OCT2026,12650000.000000,1,OPTFUT,NCO,50.000000,10,False
124761,GOLD27JUL153800PE,GOLD,29JUL2027,15380000.000000,1,OPTFUT,NCO,50.000000,10,False
124769,GOLD26OCT126900CE,GOLD,29OCT2026,12690000.000000,1,OPTFUT,NCO,50.000000,10,False
124786,GOLD26OCT127200CE,GOLD,29OCT2026,12720000.000000,1,OPTFUT,NCO,50.000000,10,False
124787,SILVERM27AUG253000PE,SILVERM,24AUG2027,25300000.000000,1,OPTFUT,NCO,50.000000,120,False
124835,GOLD26NOV138000CE,GOLD,27NOV2026,13800000.000000,1,OPTFUT,NCO,50.000000,10,False
124843,SILVER26DEC207250PE,SILVER,01DEC2026,20725000.000000,1,OPTBLN,NCO,50.000000,20,False
124845,GOLD27APR149500PE,GOLD,28APR2027,14950000.000000,1,OPTFUT,NCO,50.000000,10,False
124877,GOLD27JUL154300PE,GOLD,29JUL2027,15430000.000000,1,OPTFUT,NCO,50.000000,10,False
124914,SILVERM27AUG254250PE,SILVERM,24AUG2027,25425000.000000,1,OPTFUT,NCO,50.000000,120,False
124928,GOLD27MAY149500CE,GOLD,28MAY2027,14950000.000000,1,OPTFUT,NCO,50.000000,10,False
124932,SILVERM27AUG255250PE,SILVERM,24AUG2027,25525000.000000,1,OPTFUT,NCO,50.000000,120,False
124960,GOLDM26NOV156300PE,GOLDM,27NOV2026,15630000.000000,1,OPTFUT,NCO,50.000000,100,False
124967,GOLD27JUL155800PE,GOLD,29JUL2027,15580000.000000,1,OPTFUT,NCO,50.000000,10,False
124987,GOLD27MAY149800CE,GOLD,28MAY2027,14980000.000000,1,OPTFUT,NCO,50.000000,10,False
125002,GOLDM26SEP149300CE,GOLDM,25SEP2026,14930000.000000,1,OPTFUT,NCO,50.000000,100,False
125005,GOLDM26OCT144200CE,GOLDM,29OCT2026,14420000.000000,1,OPTFUT,NCO,50.000000,100,False
125025,GOLD26OCT127700CE,GOLD,29OCT2026,12770000.000000,1,OPTFUT,NCO,50.000000,10,False
125030,GOLDM26SEP149700PE,GOLDM,25SEP2026,14970000.000000,1,OPTFUT,NCO,50.000000,100,False
125031,GOLDM26SEP149800CE,GOLDM,25SEP2026,14980000.000000,1,OPTFUT,NCO,50.000000,100,False
125050,GOLDM26SEP150200CE,GOLDM,25SEP2026,15020000.000000,1,OPTFUT,NCO,50.000000,100,False
125052,GOLD26OCT127700PE,GOLD,29OCT2026,12770000.000000,1,OPTFUT,NCO,50.000000,10,False
125077,GOLDM26OCT145700PE,GOLDM,29OCT2026,14570000.000000,1,OPTFUT,NCO,50.000000,100,False
125083,GOLDM26OCT145900PE,GOLDM,29OCT2026,14590000.000000,1,OPTFUT,NCO,50.000000,100,False
125085,GOLD27MAY150400CE,GOLD,28MAY2027,15040000.000000,1,OPTFUT,NCO,50.000000,10,False
125088,GOLD27MAY150500PE,GOLD,28MAY2027,15050000.000000,1,OPTFUT,NCO,50.000000,10,False
125089,GOLD27MAY150600CE,GOLD,28MAY2027,15060000.000000,1,OPTFUT,NCO,50.000000,10,False
125092,GOLD27MAR162000CE,GOLD,29MAR2027,16200000.000000,1,OPTFUT,NCO,50.000000,10,False
125107,GOLD27MAR162500CE,GOLD,29MAR2027,16250000.000000,1,OPTFUT,NCO,50.000000,10,False
125111,GOLD27MAR162700CE,GOLD,29MAR2027,16270000.000000,1,OPTFUT,NCO,50.000000,10,False
125113,GOLD26OCT128000CE,GOLD,29OCT2026,12800000.000000,1,OPTFUT,NCO,50.000000,10,False
125118,GOLD26OCT128100PE,GOLD,29OCT2026,12810000.000000,1,OPTFUT,NCO,50.000000,10,False
125130,GOLD27MAR163000PE,GOLD,29MAR2027,16300000.000000,1,OPTFUT,NCO,50.000000,10,False
125140,SILVER26DEC208500PE,SILVER,01DEC2026,20850000.000000,1,OPTBLN,NCO,50.000000,20,False
125145,GOLD26OCT128500CE,GOLD,29OCT2026,12850000.000000,1,OPTFUT,NCO,50.000000,10,False
125154,SILVERM26DEC239000PE,SILVERM,23DEC2026,23900000.000000,1,OPTFUT,NCO,50.000000,120,False
125189,SILVERM26DEC243250CE,SILVERM,23DEC2026,24325000.000000,1,OPTFUT,NCO,50.000000,120,False
125218,SILVERM27JAN264500CE,SILVERM,21JAN2027,26450000.000000,1,OPTFUT,NCO,50.000000,120,False
125227,GOLD26OCT128900PE,GOLD,29OCT2026,12890000.000000,1,OPTFUT,NCO,50.000000,10,False
125263,SILVERM27MAR245500CE,SILVERM,24MAR2027,24550000.000000,1,OPTFUT,NCO,50.000000,120,False
125271,GOLD26OCT130100CE,GOLD,29OCT2026,13010000.000000,1,OPTFUT,NCO,50.000000,10,False
125273,SILVER26DEC209750PE,SILVER,01DEC2026,20975000.000000,1,OPTBLN,NCO,50.000000,20,False
125281,SILVER26DEC210750PE,SILVER,01DEC2026,21075000.000000,1,OPTBLN,NCO,50.000000,20,False
125293,SILVERM27JAN265250PE,SILVERM,21JAN2027,26525000.000000,1,OPTFUT,NCO,50.000000,120,False
125296,SILVERM27JAN265750CE,SILVERM,21JAN2027,26575000.000000,1,OPTFUT,NCO,50.000000,120,False
125306,SILVER26DEC212250CE,SILVER,01DEC2026,21225000.000000,1,OPTBLN,NCO,50.000000,20,False
125317,SILVER26DEC213250PE,SILVER,01DEC2026,21325000.000000,1,OPTBLN,NCO,50.000000,20,False
125325,GOLDM26OCT147500CE,GOLDM,29OCT2026,14750000.000000,1,OPTFUT,NCO,50.000000,100,False
125319,SILVER26DEC213500PE,SILVER,01DEC2026,21350000.000000,1,OPTBLN,NCO,50.000000,20,False
125322,GOLDM26OCT147300PE,GOLDM,29OCT2026,14730000.000000,1,OPTFUT,NCO,50.000000,100,False
125323,GOLDM26OCT147400CE,GOLDM,29OCT2026,14740000.000000,1,OPTFUT,NCO,50.000000,100,False
125332,SILVERM27JAN267250PE,SILVERM,21JAN2027,26725000.000000,1,OPTFUT,NCO,50.000000,120,False
125337,SILVERM27JAN267750CE,SILVERM,21JAN2027,26775000.000000,1,OPTFUT,NCO,50.000000,120,False
125342,GOLDM26OCT147800PE,GOLDM,29OCT2026,14780000.000000,1,OPTFUT,NCO,50.000000,100,False
125364,SILVERM26OCT194750CE,SILVERM,23OCT2026,19475000.000000,1,OPTFUT,NCO,50.000000,120,False
125368,SILVERM27APR261500PE,SILVERM,23APR2027,26150000.000000,1,OPTFUT,NCO,50.000000,120,False
125375,SILVERM27JAN268250PE,SILVERM,21JAN2027,26825000.000000,1,OPTFUT,NCO,50.000000,120,False
125391,GOLDM26OCT148100CE,GOLDM,29OCT2026,14810000.000000,1,OPTFUT,NCO,50.000000,100,False
125400,SILVERM27JAN270000PE,SILVERM,21JAN2027,27000000.000000,1,OPTFUT,NCO,50.000000,120,False
125401,SILVERM27JAN270250CE,SILVERM,21JAN2027,27025000.000000,1,OPTFUT,NCO,50.000000,120,False
125404,SILVERM27JAN270500PE,SILVERM,21JAN2027,27050000.000000,1,OPTFUT,NCO,50.000000,120,False
125420,SILVERM27MAR275750CE,SILVERM,24MAR2027,27575000.000000,1,OPTFUT,NCO,50.000000,120,False
125428,SILVERM27JAN271250PE,SILVERM,21JAN2027,27125000.000000,1,OPTFUT,NCO,50.000000,120,False
125429,SILVERM27JAN271500CE,SILVERM,21JAN2027,27150000.000000,1,OPTFUT,NCO,50.000000,120,False
125466,SILVERM27MAR250000CE,SILVERM,24MAR2027,25000000.000000,1,OPTFUT,NCO,50.000000,120,False
125473,SILVERM27MAR250750PE,SILVERM,24MAR2027,25075000.000000,1,OPTFUT,NCO,50.000000,120,False
125494,SILVERM27JAN274250PE,SILVERM,21JAN2027,27425000.000000,1,OPTFUT,NCO,50.000000,120,False
125505,SILVERM27AUG257500PE,SILVERM,24AUG2027,25750000.000000,1,OPTFUT,NCO,50.000000,120,False
125509,GOLD26NOV133000PE,GOLD,27NOV2026,13300000.000000,1,OPTFUT,NCO,50.000000,10,False
125512,SILVERM27JAN275750PE,SILVERM,21JAN2027,27575000.000000,1,OPTFUT,NCO,50.000000,120,False
125514,SILVERM27JAN276000PE,SILVERM,21JAN2027,27600000.000000,1,OPTFUT,NCO,50.000000,120,False
125524,SILVERM27MAR252000PE,SILVERM,24MAR2027,25200000.000000,1,OPTFUT,NCO,50.000000,120,False
125526,SILVERM27MAR252250PE,SILVERM,24MAR2027,25225000.000000,1,OPTFUT,NCO,50.000000,120,False
125548,SILVERM27JAN277750PE,SILVERM,21JAN2027,27775000.000000,1,OPTFUT,NCO,50.000000,120,False
125560,ZINC26DEC420CE,ZINC,23DEC2026,42000.000000,1,OPTFUT,NCO,1.000000,20,False
125570,SILVERM26OCT149000CE,SILVERM,23OCT2026,14900000.000000,1,OPTFUT,NCO,50.000000,120,False
125604,GOLDM26NOV157600PE,GOLDM,27NOV2026,15760000.000000,1,OPTFUT,NCO,50.000000,100,False
125619,SILVERM27MAY277750PE,SILVERM,24MAY2027,27775000.000000,1,OPTFUT,NCO,50.000000,120,False
125621,SILVERM27MAY278000PE,SILVERM,24MAY2027,27800000.000000,1,OPTFUT,NCO,50.000000,120,False
125628,GOLD27AUG159100CE,GOLD,27AUG2027,15910000.000000,1,OPTFUT,NCO,50.000000,10,False
125643,GOLDM26NOV151900PE,GOLDM,27NOV2026,15190000.000000,1,OPTFUT,NCO,50.000000,100,False
125646,GOLDM26NOV152100CE,GOLDM,27NOV2026,15210000.000000,1,OPTFUT,NCO,50.000000,100,False
125657,GOLDM26NOV152600PE,GOLDM,27NOV2026,15260000.000000,1,OPTFUT,NCO,50.000000,100,False
125665,SILVERM27JAN278250PE,SILVERM,21JAN2027,27825000.000000,1,OPTFUT,NCO,50.000000,120,False
125667,SILVERM27JAN278500PE,SILVERM,21JAN2027,27850000.000000,1,OPTFUT,NCO,50.000000,120,False
125669,SILVERM27JAN278750PE,SILVERM,21JAN2027,27875000.000000,1,OPTFUT,NCO,50.000000,120,False
125672,SILVERM27JAN279250CE,SILVERM,21JAN2027,27925000.000000,1,OPTFUT,NCO,50.000000,120,False
121627,GOLD27JAN168600PE,GOLD,29JAN2027,16860000.000000,1,OPTFUT,NCO,50.000000,10,False
125677,SILVERM27JAN279750PE,SILVERM,21JAN2027,27975000.000000,1,OPTFUT,NCO,50.000000,120,False
125710,SILVERM27JAN283500PE,SILVERM,21JAN2027,28350000.000000,1,OPTFUT,NCO,50.000000,120,False
125693,SILVERM27JAN281750PE,SILVERM,21JAN2027,28175000.000000,1,OPTFUT,NCO,50.000000,120,False
125701,SILVERM27JAN282500PE,SILVERM,21JAN2027,28250000.000000,1,OPTFUT,NCO,50.000000,120,False
121643,COPPER26OCT1410CE,COPPER,23OCT2026,141000.000000,1,OPTFUT,NCO,1.000000,70,False
121649,GOLD27JAN169300PE,GOLD,29JAN2027,16930000.000000,1,OPTFUT,NCO,50.000000,10,False
121657,GOLD27JAN169400PE,GOLD,29JAN2027,16940000.000000,1,OPTFUT,NCO,50.000000,10,False
121662,COPPER26OCT1245PE,COPPER,23OCT2026,124500.000000,1,OPTFUT,NCO,1.000000,70,False
125714,SILVERM27JAN284000PE,SILVERM,21JAN2027,28400000.000000,1,OPTFUT,NCO,50.000000,120,False
125720,SILVERM27JAN284750PE,SILVERM,21JAN2027,28475000.000000,1,OPTFUT,NCO,50.000000,120,False
125724,GOLDM26OCT149000PE,GOLDM,29OCT2026,14900000.000000,1,OPTFUT,NCO,50.000000,100,False
125726,SILVER27MAR257500CE,SILVER,02MAR2027,25750000.000000,1,OPTBLN,NCO,50.000000,20,False
121666,SILVER27MAR203250PE,SILVER,02MAR2027,20325000.000000,1,OPTBLN,NCO,50.000000,20,False
121684,SILVER27MAR204500PE,SILVER,02MAR2027,20450000.000000,1,OPTBLN,NCO,50.000000,20,False
121702,GOLD27JAN170200CE,GOLD,29JAN2027,17020000.000000,1,OPTFUT,NCO,50.000000,10,False
121705,GOLD27JAN170300PE,GOLD,29JAN2027,17030000.000000,1,OPTFUT,NCO,50.000000,10,False
125749,SILVERM27JAN287750CE,SILVERM,21JAN2027,28775000.000000,1,OPTFUT,NCO,50.000000,120,False
125739,SILVERM27JAN286500CE,SILVERM,21JAN2027,28650000.000000,1,OPTFUT,NCO,50.000000,120,False
125744,SILVERM27JAN287000PE,SILVERM,21JAN2027,28700000.000000,1,OPTFUT,NCO,50.000000,120,False
125746,SILVERM27JAN287250PE,SILVERM,21JAN2027,28725000.000000,1,OPTFUT,NCO,50.000000,120,False
121715,SILVER27MAR204750PE,SILVER,02MAR2027,20475000.000000,1,OPTBLN,NCO,50.000000,20,False
121721,SILVER27MAR205250PE,SILVER,02MAR2027,20525000.000000,1,OPTBLN,NCO,50.000000,20,False
121725,SILVERM27JUN232000PE,SILVERM,23JUN2027,23200000.000000,1,OPTFUT,NCO,50.000000,120,False
121735,SILVER27MAR206000PE,SILVER,02MAR2027,20600000.000000,1,OPTBLN,NCO,50.000000,20,False
125760,SILVERM27JAN289000PE,SILVERM,21JAN2027,28900000.000000,1,OPTFUT,NCO,50.000000,120,False
125750,SILVERM27JAN287750PE,SILVERM,21JAN2027,28775000.000000,1,OPTFUT,NCO,50.000000,120,False
125751,SILVERM27JAN288000CE,SILVERM,21JAN2027,28800000.000000,1,OPTFUT,NCO,50.000000,120,False
125753,SILVERM27JAN288250CE,SILVERM,21JAN2027,28825000.000000,1,OPTFUT,NCO,50.000000,120,False
121744,SILVERM27JUN232500CE,SILVERM,23JUN2027,23250000.000000,1,OPTFUT,NCO,50.000000,120,False
121756,CRUDEOIL26NOV11150CE,CRUDEOIL,10NOV2026,1115000.000000,1,OPTFUT,NCO,10.000000,100,False
121783,GOLD27JAN170700PE,GOLD,29JAN2027,17070000.000000,1,OPTFUT,NCO,50.000000,10,False
121785,GOLD27JAN170800PE,GOLD,29JAN2027,17080000.000000,1,OPTFUT,NCO,50.000000,10,False
125762,SILVERM27JAN289250PE,SILVERM,21JAN2027,28925000.000000,1,OPTFUT,NCO,50.000000,120,False
125769,SILVERM27JAN290250CE,SILVERM,21JAN2027,29025000.000000,1,OPTFUT,NCO,50.000000,120,False
125796,SILVERM27JUL238500CE,SILVERM,23JUL2027,23850000.000000,1,OPTFUT,NCO,50.000000,120,False
125778,SILVERM27MAR252750PE,SILVERM,24MAR2027,25275000.000000,1,OPTFUT,NCO,50.000000,120,False
121790,SILVER26DEC250750PE,SILVER,01DEC2026,25075000.000000,1,OPTBLN,NCO,50.000000,20,False
121804,GOLD27JAN171200CE,GOLD,29JAN2027,17120000.000000,1,OPTFUT,NCO,50.000000,10,False
121812,GOLD27JAN171500PE,GOLD,29JAN2027,17150000.000000,1,OPTFUT,NCO,50.000000,10,False
121813,CRUDEOIL26NOV5550CE,CRUDEOIL,10NOV2026,555000.000000,1,OPTFUT,NCO,10.000000,100,False
125797,SILVERM27JUL238500PE,SILVERM,23JUL2027,23850000.000000,1,OPTFUT,NCO,50.000000,120,False
125841,SILVERM27JUL242500PE,SILVERM,23JUL2027,24250000.000000,1,OPTFUT,NCO,50.000000,120,False
125852,SILVERM27JUL242750CE,SILVERM,23JUL2027,24275000.000000,1,OPTFUT,NCO,50.000000,120,False
125854,SILVERM27JAN290750CE,SILVERM,21JAN2027,29075000.000000,1,OPTFUT,NCO,50.000000,120,False
121814,CRUDEOIL26NOV5550PE,CRUDEOIL,10NOV2026,555000.000000,1,OPTFUT,NCO,10.000000,100,False
121824,CRUDEOIL26NOV5600PE,CRUDEOIL,10NOV2026,560000.000000,1,OPTFUT,NCO,10.000000,100,False
121834,SILVERM27AUG237500PE,SILVERM,24AUG2027,23750000.000000,1,OPTFUT,NCO,50.000000,120,False
121849,SILVERM27AUG238500PE,SILVERM,24AUG2027,23850000.000000,1,OPTFUT,NCO,50.000000,120,False
125864,SILVERM27JUL243250PE,SILVERM,23JUL2027,24325000.000000,1,OPTFUT,NCO,50.000000,120,False
125865,SILVERM27JUL243500CE,SILVERM,23JUL2027,24350000.000000,1,OPTFUT,NCO,50.000000,120,False
125866,SILVERM27JUL243500PE,SILVERM,23JUL2027,24350000.000000,1,OPTFUT,NCO,50.000000,120,False
125887,SILVERM27MAR234500CE,SILVERM,24MAR2027,23450000.000000,1,OPTFUT,NCO,50.000000,120,False
121853,SILVERM26NOVFUT,SILVERM,30NOV2026,-1.000000,1,FUTBLN,NCO,100.000000,120,False
121854,COPPER26SEP1425PE,COPPER,23SEP2026,142500.000000,1,OPTFUT,NCO,1.000000,70,False
121861,SILVER26DEC253000CE,SILVER,01DEC2026,25300000.000000,1,OPTBLN,NCO,50.000000,20,False
121864,SILVER26DEC253000PE,SILVER,01DEC2026,25300000.000000,1,OPTBLN,NCO,50.000000,20,False
125890,SILVERM27MAR253750PE,SILVERM,24MAR2027,25375000.000000,1,OPTFUT,NCO,50.000000,120,False
125901,SILVER27MAR259000PE,SILVER,02MAR2027,25900000.000000,1,OPTBLN,NCO,50.000000,20,False
125911,SILVERM27JAN292750CE,SILVERM,21JAN2027,29275000.000000,1,OPTFUT,NCO,50.000000,120,False
125915,SILVER27MAR259500CE,SILVER,02MAR2027,25950000.000000,1,OPTBLN,NCO,50.000000,20,False
121866,SILVERM27AUG239000PE,SILVERM,24AUG2027,23900000.000000,1,OPTFUT,NCO,50.000000,120,False
121872,ZINC26SEP445CE,ZINC,23SEP2026,44500.000000,1,OPTFUT,NCO,1.000000,20,False
121877,ZINC26OCT445CE,ZINC,23OCT2026,44500.000000,1,OPTFUT,NCO,1.000000,20,False
121892,NATGASMINI27FEBFUT,NATGASMINI,23FEB2027,-1.000000,1,FUTENR,NCO,10.000000,240,False
125918,SILVER27MAR259750PE,SILVER,02MAR2027,25975000.000000,1,OPTBLN,NCO,50.000000,20,False
125973,GOLD27JUN158000CE,GOLD,28JUN2027,15800000.000000,1,OPTFUT,NCO,50.000000,10,False
126008,SILVERM27JAN294250CE,SILVERM,21JAN2027,29425000.000000,1,OPTFUT,NCO,50.000000,120,False
125974,CRUDEOIL26NOV11650PE,CRUDEOIL,10NOV2026,1165000.000000,1,OPTFUT,NCO,10.000000,100,False
121899,COPPER26NOV1430CE,COPPER,23NOV2026,143000.000000,1,OPTFUT,NCO,1.000000,70,False
121916,COPPER26OCT1340CE,COPPER,23OCT2026,134000.000000,1,OPTFUT,NCO,1.000000,70,False
121953,SILVER26DEC263750CE,SILVER,01DEC2026,26375000.000000,1,OPTBLN,NCO,50.000000,20,False
121965,SILVERM27JUN249000PE,SILVERM,23JUN2027,24900000.000000,1,OPTFUT,NCO,50.000000,120,False
126010,GOLD27JAN172500CE,GOLD,29JAN2027,17250000.000000,1,OPTFUT,NCO,50.000000,10,False
126014,GOLD27JAN172700CE,GOLD,29JAN2027,17270000.000000,1,OPTFUT,NCO,50.000000,10,False
126020,SILVERM27JAN294250PE,SILVERM,21JAN2027,29425000.000000,1,OPTFUT,NCO,50.000000,120,False
126029,GOLD27JAN173000CE,GOLD,29JAN2027,17300000.000000,1,OPTFUT,NCO,50.000000,10,False
121969,COPPER26OCT1425CE,COPPER,23OCT2026,142500.000000,1,OPTFUT,NCO,1.000000,70,False
121979,GOLD27AUG159900PE,GOLD,27AUG2027,15990000.000000,1,OPTFUT,NCO,50.000000,10,False
121981,GOLD27AUG160000PE,GOLD,27AUG2027,16000000.000000,1,OPTFUT,NCO,50.000000,10,False
121996,NATURALGAS26SEP195PE,NATURALGAS,21SEP2026,19500.000000,1,OPTFUT,NCO,5.000000,48,False
126039,GOLD27APR159100PE,GOLD,28APR2027,15910000.000000,1,OPTFUT,NCO,50.000000,10,False
126053,GOLD27JUN158600CE,GOLD,28JUN2027,15860000.000000,1,OPTFUT,NCO,50.000000,10,False
126055,GOLD27JUN158600PE,GOLD,28JUN2027,15860000.000000,1,OPTFUT,NCO,50.000000,10,False
126077,ZINC26DEC440CE,ZINC,23DEC2026,44000.000000,1,OPTFUT,NCO,1.000000,20,False
126078,ZINC26DEC440PE,ZINC,23DEC2026,44000.000000,1,OPTFUT,NCO,1.000000,20,False
126091,SILVERM26SEP334000PE,SILVERM,23SEP2026,33400000.000000,1,OPTFUT,NCO,50.000000,120,False
126093,SILVERM26SEP334250PE,SILVERM,23SEP2026,33425000.000000,1,OPTFUT,NCO,50.000000,120,False
126094,SILVERM26SEP334500CE,SILVERM,23SEP2026,33450000.000000,1,OPTFUT,NCO,50.000000,120,False
122001,GOLD27AUG158300CE,GOLD,27AUG2027,15830000.000000,1,OPTFUT,NCO,50.000000,10,False
122002,GOLD27AUG158300PE,GOLD,27AUG2027,15830000.000000,1,OPTFUT,NCO,50.000000,10,False
122028,SILVER26DEC254500CE,SILVER,01DEC2026,25450000.000000,1,OPTBLN,NCO,50.000000,20,False
122030,GOLD27AUG160200PE,GOLD,27AUG2027,16020000.000000,1,OPTFUT,NCO,50.000000,10,False
122032,GOLD27JUN161800CE,GOLD,28JUN2027,16180000.000000,1,OPTFUT,NCO,50.000000,10,False
122069,SILVER26DEC256250PE,SILVER,01DEC2026,25625000.000000,1,OPTBLN,NCO,50.000000,20,False
122088,GOLD27AUG160400PE,GOLD,27AUG2027,16040000.000000,1,OPTFUT,NCO,50.000000,10,False
122093,GOLD27AUG160600PE,GOLD,27AUG2027,16060000.000000,1,OPTFUT,NCO,50.000000,10,False
126099,SILVERM26SEP335000PE,SILVERM,23SEP2026,33500000.000000,1,OPTFUT,NCO,50.000000,120,False
126101,SILVERM26SEP335250PE,SILVERM,23SEP2026,33525000.000000,1,OPTFUT,NCO,50.000000,120,False
126110,SILVERM26OCT336250CE,SILVERM,23OCT2026,33625000.000000,1,OPTFUT,NCO,50.000000,120,False
126116,GOLD27JAN173500PE,GOLD,29JAN2027,17350000.000000,1,OPTFUT,NCO,50.000000,10,False
122101,GOLD27AUG160900PE,GOLD,27AUG2027,16090000.000000,1,OPTFUT,NCO,50.000000,10,False
122113,SILVERM26NOV168500PE,SILVERM,23NOV2026,16850000.000000,1,OPTFUT,NCO,50.000000,120,False
122114,SILVERM26NOV168750CE,SILVERM,23NOV2026,16875000.000000,1,OPTFUT,NCO,50.000000,120,False
122122,SILVERM26NOV169500PE,SILVERM,23NOV2026,16950000.000000,1,OPTFUT,NCO,50.000000,120,False
126121,GOLD27JAN173700CE,GOLD,29JAN2027,17370000.000000,1,OPTFUT,NCO,50.000000,10,False
126133,GOLD27JAN173800CE,GOLD,29JAN2027,17380000.000000,1,OPTFUT,NCO,50.000000,10,False
126161,GOLD27JAN174900PE,GOLD,29JAN2027,17490000.000000,1,OPTFUT,NCO,50.000000,10,False
126171,GOLD27JAN175400PE,GOLD,29JAN2027,17540000.000000,1,OPTFUT,NCO,50.000000,10,False
122134,SILVERM26NOV170500PE,SILVERM,23NOV2026,17050000.000000,1,OPTFUT,NCO,50.000000,120,False
122145,SILVER26DEC258000CE,SILVER,01DEC2026,25800000.000000,1,OPTBLN,NCO,50.000000,20,False
122162,CRUDEOIL26OCT5350PE,CRUDEOIL,08OCT2026,535000.000000,1,OPTFUT,NCO,10.000000,100,False
122176,SILVERM26NOV171750PE,SILVERM,23NOV2026,17175000.000000,1,OPTFUT,NCO,50.000000,120,False
126182,SILVERM26OCT337000CE,SILVERM,23OCT2026,33700000.000000,1,OPTFUT,NCO,50.000000,120,False
126188,GOLD27JAN176000CE,GOLD,29JAN2027,17600000.000000,1,OPTFUT,NCO,50.000000,10,False
126190,GOLD26OCT130400CE,GOLD,29OCT2026,13040000.000000,1,OPTFUT,NCO,50.000000,10,False
126209,GOLD27JUL156600PE,GOLD,29JUL2027,15660000.000000,1,OPTFUT,NCO,50.000000,10,False
122185,SILVERM26NOV172000PE,SILVERM,23NOV2026,17200000.000000,1,OPTFUT,NCO,50.000000,120,False
122186,SILVER26DEC264250CE,SILVER,01DEC2026,26425000.000000,1,OPTBLN,NCO,50.000000,20,False
122199,SILVER27MAR207250PE,SILVER,02MAR2027,20725000.000000,1,OPTBLN,NCO,50.000000,20,False
122212,SILVERM26NOV174000PE,SILVERM,23NOV2026,17400000.000000,1,OPTFUT,NCO,50.000000,120,False
126241,SILVERM27MAR256750CE,SILVERM,24MAR2027,25675000.000000,1,OPTFUT,NCO,50.000000,120,False
126250,SILVERM26NOV338500CE,SILVERM,23NOV2026,33850000.000000,1,OPTFUT,NCO,50.000000,120,False
126269,SILVERM27MAR257500PE,SILVERM,24MAR2027,25750000.000000,1,OPTFUT,NCO,50.000000,120,False
126293,GOLD27JAN177100CE,GOLD,29JAN2027,17710000.000000,1,OPTFUT,NCO,50.000000,10,False
126301,SILVERM27MAR259750PE,SILVERM,24MAR2027,25975000.000000,1,OPTFUT,NCO,50.000000,120,False
126309,SILVERM26DEC340500PE,SILVERM,23DEC2026,34050000.000000,1,OPTFUT,NCO,50.000000,120,False
126311,GOLD27APR159200PE,GOLD,28APR2027,15920000.000000,1,OPTFUT,NCO,50.000000,10,False
126333,GOLD27JAN177900CE,GOLD,29JAN2027,17790000.000000,1,OPTFUT,NCO,50.000000,10,False
122219,SILVERM26NOV174500CE,SILVERM,23NOV2026,17450000.000000,1,OPTFUT,NCO,50.000000,120,False
122222,SILVERM26NOV174750PE,SILVERM,23NOV2026,17475000.000000,1,OPTFUT,NCO,50.000000,120,False
122232,NATURALGAS26NOV225PE,NATURALGAS,18NOV2026,22500.000000,1,OPTFUT,NCO,5.000000,48,False
122249,SILVERM26NOV175250PE,SILVERM,23NOV2026,17525000.000000,1,OPTFUT,NCO,50.000000,120,False
126354,SILVERM27MAY268500CE,SILVERM,24MAY2027,26850000.000000,1,OPTFUT,NCO,50.000000,120,False
126355,SILVERM27MAY268500PE,SILVERM,24MAY2027,26850000.000000,1,OPTFUT,NCO,50.000000,120,False
126363,GOLD27APR160300PE,GOLD,28APR2027,16030000.000000,1,OPTFUT,NCO,50.000000,10,False
126364,GOLD27APR160400CE,GOLD,28APR2027,16040000.000000,1,OPTFUT,NCO,50.000000,10,False
122252,CRUDEOIL26OCT5450PE,CRUDEOIL,08OCT2026,545000.000000,1,OPTFUT,NCO,10.000000,100,False
122259,GOLDM26NOV151500PE,GOLDM,27NOV2026,15150000.000000,1,OPTFUT,NCO,50.000000,100,False
122261,SILVERM27APR248250PE,SILVERM,23APR2027,24825000.000000,1,OPTFUT,NCO,50.000000,120,False
122262,SILVERM27APR248500CE,SILVERM,23APR2027,24850000.000000,1,OPTFUT,NCO,50.000000,120,False
126367,GOLD27APR160500PE,GOLD,28APR2027,16050000.000000,1,OPTFUT,NCO,50.000000,10,False
126375,SILVERM27MAY278750PE,SILVERM,24MAY2027,27875000.000000,1,OPTFUT,NCO,50.000000,120,False
126378,SILVERM27MAY279250CE,SILVERM,24MAY2027,27925000.000000,1,OPTFUT,NCO,50.000000,120,False
126379,SILVER26DEC219000CE,SILVER,01DEC2026,21900000.000000,1,OPTBLN,NCO,50.000000,20,False
122265,GOLD27AUG161300PE,GOLD,27AUG2027,16130000.000000,1,OPTFUT,NCO,50.000000,10,False
122285,SILVERM27APR250000CE,SILVERM,23APR2027,25000000.000000,1,OPTFUT,NCO,50.000000,120,False
122291,SILVERM27APR250000PE,SILVERM,23APR2027,25000000.000000,1,OPTFUT,NCO,50.000000,120,False
122296,SILVERM27APR250750CE,SILVERM,23APR2027,25075000.000000,1,OPTFUT,NCO,50.000000,120,False
126383,GOLD27JUL157600CE,GOLD,29JUL2027,15760000.000000,1,OPTFUT,NCO,50.000000,10,False
126386,GOLD27JUL157700PE,GOLD,29JUL2027,15770000.000000,1,OPTFUT,NCO,50.000000,10,False
126407,SILVER27MAR209750CE,SILVER,02MAR2027,20975000.000000,1,OPTBLN,NCO,50.000000,20,False
126408,SILVER27MAR209750PE,SILVER,02MAR2027,20975000.000000,1,OPTBLN,NCO,50.000000,20,False
122307,SILVERM27APR251500PE,SILVERM,23APR2027,25150000.000000,1,OPTFUT,NCO,50.000000,120,False
122315,SILVER26DEC265500CE,SILVER,01DEC2026,26550000.000000,1,OPTBLN,NCO,50.000000,20,False
122317,SILVERM27APR252500CE,SILVERM,23APR2027,25250000.000000,1,OPTFUT,NCO,50.000000,120,False
122323,SILVERM27APR252750PE,SILVERM,23APR2027,25275000.000000,1,OPTFUT,NCO,50.000000,120,False
126421,GOLD27APR161800CE,GOLD,28APR2027,16180000.000000,1,OPTFUT,NCO,50.000000,10,False
126422,GOLD27APR161800PE,GOLD,28APR2027,16180000.000000,1,OPTFUT,NCO,50.000000,10,False
126434,GOLD27JAN178500PE,GOLD,29JAN2027,17850000.000000,1,OPTFUT,NCO,50.000000,10,False
126435,SILVER26DEC219000PE,SILVER,01DEC2026,21900000.000000,1,OPTBLN,NCO,50.000000,20,False
126448,GOLD27JUL158200PE,GOLD,29JUL2027,15820000.000000,1,OPTFUT,NCO,50.000000,10,False
126474,SILVER27MAR211500CE,SILVER,02MAR2027,21150000.000000,1,OPTBLN,NCO,50.000000,20,False
126489,SILVER27MAR212500PE,SILVER,02MAR2027,21250000.000000,1,OPTBLN,NCO,50.000000,20,False
126493,SILVER27MAR213000PE,SILVER,02MAR2027,21300000.000000,1,OPTBLN,NCO,50.000000,20,False
122330,SILVERM26NOV177750CE,SILVERM,23NOV2026,17775000.000000,1,OPTFUT,NCO,50.000000,120,False
122366,SILVERM26OCT192000PE,SILVERM,23OCT2026,19200000.000000,1,OPTFUT,NCO,50.000000,120,False
122393,SILVERM26OCT193000CE,SILVERM,23OCT2026,19300000.000000,1,OPTFUT,NCO,50.000000,120,False
122396,SILVER26DEC268000PE,SILVER,01DEC2026,26800000.000000,1,OPTBLN,NCO,50.000000,20,False
126494,SILVER27MAR213250CE,SILVER,02MAR2027,21325000.000000,1,OPTBLN,NCO,50.000000,20,False
126510,SILVER27MAR213500PE,SILVER,02MAR2027,21350000.000000,1,OPTBLN,NCO,50.000000,20,False
126512,SILVER27MAR213750PE,SILVER,02MAR2027,21375000.000000,1,OPTBLN,NCO,50.000000,20,False
126520,SILVERM27MAY281250PE,SILVERM,24MAY2027,28125000.000000,1,OPTFUT,NCO,50.000000,120,False
122399,SILVER26DEC268500CE,SILVER,01DEC2026,26850000.000000,1,OPTBLN,NCO,50.000000,20,False
122403,SILVERM26OCT193500CE,SILVERM,23OCT2026,19350000.000000,1,OPTFUT,NCO,50.000000,120,False
122408,SILVERM26OCT194000PE,SILVERM,23OCT2026,19400000.000000,1,OPTFUT,NCO,50.000000,120,False
122418,ZINC26DECFUT,ZINC,31DEC2026,-1.000000,1,FUTBAS,NCO,5.000000,20,False
126522,GOLD27JAN179900PE,GOLD,29JAN2027,17990000.000000,1,OPTFUT,NCO,50.000000,10,False
126533,GOLD27JUL158400CE,GOLD,29JUL2027,15840000.000000,1,OPTFUT,NCO,50.000000,10,False
126534,GOLD27JUL158400PE,GOLD,29JUL2027,15840000.000000,1,OPTFUT,NCO,50.000000,10,False
126538,GOLD27JAN180100CE,GOLD,29JAN2027,18010000.000000,1,OPTFUT,NCO,50.000000,10,False
122423,SILVERM26NOV178500CE,SILVERM,23NOV2026,17850000.000000,1,OPTFUT,NCO,50.000000,120,False
122425,SILVERM26NOV193250PE,SILVERM,23NOV2026,19325000.000000,1,OPTFUT,NCO,50.000000,120,False
122426,SILVERM26NOV193500CE,SILVERM,23NOV2026,19350000.000000,1,OPTFUT,NCO,50.000000,120,False
122447,SILVERM26NOV179500PE,SILVERM,23NOV2026,17950000.000000,1,OPTFUT,NCO,50.000000,120,False
126540,GOLD27JAN180200CE,GOLD,29JAN2027,18020000.000000,1,OPTFUT,NCO,50.000000,10,False
126547,GOLD27JAN180500PE,GOLD,29JAN2027,18050000.000000,1,OPTFUT,NCO,50.000000,10,False
126564,SILVERM27MAY282500PE,SILVERM,24MAY2027,28250000.000000,1,OPTFUT,NCO,50.000000,120,False
126571,GOLD27JUL158900PE,GOLD,29JUL2027,15890000.000000,1,OPTFUT,NCO,50.000000,10,False
122453,LEAD27JANFUT,LEAD,29JAN2027,-1.000000,1,FUTBAS,NCO,5.000000,20,False
122470,SILVER26DEC268750PE,SILVER,01DEC2026,26875000.000000,1,OPTBLN,NCO,50.000000,20,False
122497,GOLD27JUN153200PE,GOLD,28JUN2027,15320000.000000,1,OPTFUT,NCO,50.000000,10,False
122502,GOLD27AUG163000PE,GOLD,27AUG2027,16300000.000000,1,OPTFUT,NCO,50.000000,10,False
126587,SILVERM27MAY284000CE,SILVERM,24MAY2027,28400000.000000,1,OPTFUT,NCO,50.000000,120,False
126598,SILVERM27JAN296000PE,SILVERM,21JAN2027,29600000.000000,1,OPTFUT,NCO,50.000000,120,False
126600,GOLD27JUL159300CE,GOLD,29JUL2027,15930000.000000,1,OPTFUT,NCO,50.000000,10,False
126613,SILVER27MAR215500CE,SILVER,02MAR2027,21550000.000000,1,OPTBLN,NCO,50.000000,20,False
122503,GOLD27AUG163100CE,GOLD,27AUG2027,16310000.000000,1,OPTFUT,NCO,50.000000,10,False
122508,GOLD27JUN153300CE,GOLD,28JUN2027,15330000.000000,1,OPTFUT,NCO,50.000000,10,False
122524,GOLD27JUN153700PE,GOLD,28JUN2027,15370000.000000,1,OPTFUT,NCO,50.000000,10,False
122526,GOLD27JUN153800PE,GOLD,28JUN2027,15380000.000000,1,OPTFUT,NCO,50.000000,10,False
126614,SILVER27MAR215500PE,SILVER,02MAR2027,21550000.000000,1,OPTBLN,NCO,50.000000,20,False
126620,SILVERM27JAN296750PE,SILVERM,21JAN2027,29675000.000000,1,OPTFUT,NCO,50.000000,120,False
126621,GOLD27JUL159500PE,GOLD,29JUL2027,15950000.000000,1,OPTFUT,NCO,50.000000,10,False
126629,SILVERM27JAN297250CE,SILVERM,21JAN2027,29725000.000000,1,OPTFUT,NCO,50.000000,120,False
122529,GOLD27AUG163400PE,GOLD,27AUG2027,16340000.000000,1,OPTFUT,NCO,50.000000,10,False
122532,GOLD26OCT137100PE,GOLD,29OCT2026,13710000.000000,1,OPTFUT,NCO,50.000000,10,False
122544,GOLD26OCT137400PE,GOLD,29OCT2026,13740000.000000,1,OPTFUT,NCO,50.000000,10,False
122571,SILVERM27MAY288000PE,SILVERM,24MAY2027,28800000.000000,1,OPTFUT,NCO,50.000000,120,False
126638,SILVERM27JAN298250PE,SILVERM,21JAN2027,29825000.000000,1,OPTFUT,NCO,50.000000,120,False
126642,GOLDM26SEP150800CE,GOLDM,25SEP2026,15080000.000000,1,OPTFUT,NCO,50.000000,100,False
126645,GOLDM26SEP150900PE,GOLDM,25SEP2026,15090000.000000,1,OPTFUT,NCO,50.000000,100,False
126662,GOLD26OCT131300CE,GOLD,29OCT2026,13130000.000000,1,OPTFUT,NCO,50.000000,10,False
122579,SILVER26DEC270000PE,SILVER,01DEC2026,27000000.000000,1,OPTBLN,NCO,50.000000,20,False
122586,SILVERM27MAY271750CE,SILVERM,24MAY2027,27175000.000000,1,OPTFUT,NCO,50.000000,120,False
122595,SILVERM27MAY272000PE,SILVERM,24MAY2027,27200000.000000,1,OPTFUT,NCO,50.000000,120,False
122597,GOLD27MAY167100CE,GOLD,28MAY2027,16710000.000000,1,OPTFUT,NCO,50.000000,10,False
126665,GOLD26OCT131400PE,GOLD,29OCT2026,13140000.000000,1,OPTFUT,NCO,50.000000,10,False
126672,GOLDM26SEP151800CE,GOLDM,25SEP2026,15180000.000000,1,OPTFUT,NCO,50.000000,100,False
126674,GOLD26OCT131500CE,GOLD,29OCT2026,13150000.000000,1,OPTFUT,NCO,50.000000,10,False
126677,SILVERM27MAR261000PE,SILVERM,24MAR2027,26100000.000000,1,OPTFUT,NCO,50.000000,120,False
122600,GOLD26OCT138100PE,GOLD,29OCT2026,13810000.000000,1,OPTFUT,NCO,50.000000,10,False
122602,GOLD26OCT138200PE,GOLD,29OCT2026,13820000.000000,1,OPTFUT,NCO,50.000000,10,False
122605,GOLD26OCT138400CE,GOLD,29OCT2026,13840000.000000,1,OPTFUT,NCO,50.000000,10,False
122611,GOLD26OCT138700CE,GOLD,29OCT2026,13870000.000000,1,OPTFUT,NCO,50.000000,10,False
126682,GOLDM26OCT149300PE,GOLDM,29OCT2026,14930000.000000,1,OPTFUT,NCO,50.000000,100,False
126683,SILVERM27MAR261250PE,SILVERM,24MAR2027,26125000.000000,1,OPTFUT,NCO,50.000000,120,False
126686,SILVERM27MAR261750CE,SILVERM,24MAR2027,26175000.000000,1,OPTFUT,NCO,50.000000,120,False
126688,SILVERM27MAR262000CE,SILVERM,24MAR2027,26200000.000000,1,OPTFUT,NCO,50.000000,120,False
126689,SILVERM27MAR262000PE,SILVERM,24MAR2027,26200000.000000,1,OPTFUT,NCO,50.000000,120,False
126700,GOLDM26OCT149800CE,GOLDM,29OCT2026,14980000.000000,1,OPTFUT,NCO,50.000000,100,False
126710,GOLDM26OCT149900CE,GOLDM,29OCT2026,14990000.000000,1,OPTFUT,NCO,50.000000,100,False
126718,GOLDM26OCT150100CE,GOLDM,29OCT2026,15010000.000000,1,OPTFUT,NCO,50.000000,100,False
122613,GOLD27MAY167200PE,GOLD,28MAY2027,16720000.000000,1,OPTFUT,NCO,50.000000,10,False
122625,GOLD27JUN154200PE,GOLD,28JUN2027,15420000.000000,1,OPTFUT,NCO,50.000000,10,False
122631,GOLD27JAN159000CE,GOLD,29JAN2027,15900000.000000,1,OPTFUT,NCO,50.000000,10,False
122634,GOLD27APR150000CE,GOLD,28APR2027,15000000.000000,1,OPTFUT,NCO,50.000000,10,False
126722,GOLDM26OCT150200PE,GOLDM,29OCT2026,15020000.000000,1,OPTFUT,NCO,50.000000,100,False
126736,GOLDM26OCT150600PE,GOLDM,29OCT2026,15060000.000000,1,OPTFUT,NCO,50.000000,100,False
126744,SILVERM27JAN298750CE,SILVERM,21JAN2027,29875000.000000,1,OPTFUT,NCO,50.000000,120,False
126776,SILVERM27APR264750CE,SILVERM,23APR2027,26475000.000000,1,OPTFUT,NCO,50.000000,120,False
122635,GOLD27APR150000PE,GOLD,28APR2027,15000000.000000,1,OPTFUT,NCO,50.000000,10,False
122647,GOLD27AUG163900CE,GOLD,27AUG2027,16390000.000000,1,OPTFUT,NCO,50.000000,10,False
122655,SILVERM27JAN243000CE,SILVERM,21JAN2027,24300000.000000,1,OPTFUT,NCO,50.000000,120,False
122658,SILVERM27JAN243250PE,SILVERM,21JAN2027,24325000.000000,1,OPTFUT,NCO,50.000000,120,False
126777,SILVERM27APR264750PE,SILVERM,23APR2027,26475000.000000,1,OPTFUT,NCO,50.000000,120,False
126787,SILVERM27APR266000PE,SILVERM,23APR2027,26600000.000000,1,OPTFUT,NCO,50.000000,120,False
126806,GOLDM26OCT151800CE,GOLDM,29OCT2026,15180000.000000,1,OPTFUT,NCO,50.000000,100,False
126840,SILVER27MAR217500CE,SILVER,02MAR2027,21750000.000000,1,OPTBLN,NCO,50.000000,20,False
122663,SILVERM27JAN244000CE,SILVERM,21JAN2027,24400000.000000,1,OPTFUT,NCO,50.000000,120,False
122677,SILVERM27JAN245750CE,SILVERM,21JAN2027,24575000.000000,1,OPTFUT,NCO,50.000000,120,False
122685,SILVERM27JAN246500CE,SILVERM,21JAN2027,24650000.000000,1,OPTFUT,NCO,50.000000,120,False
122694,SILVERM27JAN247000PE,SILVERM,21JAN2027,24700000.000000,1,OPTFUT,NCO,50.000000,120,False
126867,SILVERM26OCT164500PE,SILVERM,23OCT2026,16450000.000000,1,OPTFUT,NCO,50.000000,120,False
126871,SILVERM26OCT165000PE,SILVERM,23OCT2026,16500000.000000,1,OPTFUT,NCO,50.000000,120,False
126883,SILVER27MAR219250PE,SILVER,02MAR2027,21925000.000000,1,OPTBLN,NCO,50.000000,20,False
126891,SILVERM26OCT165500PE,SILVERM,23OCT2026,16550000.000000,1,OPTFUT,NCO,50.000000,120,False
122701,CRUDEOIL26OCT11000CE,CRUDEOIL,08OCT2026,1100000.000000,1,OPTFUT,NCO,10.000000,100,False
122713,SILVER10027JULFUT,SILVER100,30JUL2027,-1.000000,1,FUTBLN,NCO,100.000000,6000,False
122745,SILVERM27JAN348250CE,SILVERM,21JAN2027,34825000.000000,1,OPTFUT,NCO,50.000000,120,False
122750,GOLD27JUN154900CE,GOLD,28JUN2027,15490000.000000,1,OPTFUT,NCO,50.000000,10,False
126895,SILVER27MAR220250PE,SILVER,02MAR2027,22025000.000000,1,OPTBLN,NCO,50.000000,20,False
126896,SILVER27MAR220500CE,SILVER,02MAR2027,22050000.000000,1,OPTBLN,NCO,50.000000,20,False
126911,SILVERM26OCT166500PE,SILVERM,23OCT2026,16650000.000000,1,OPTFUT,NCO,50.000000,120,False
126913,SILVERM26OCT166750PE,SILVERM,23OCT2026,16675000.000000,1,OPTFUT,NCO,50.000000,120,False
122753,GOLD27JUN155000PE,GOLD,28JUN2027,15500000.000000,1,OPTFUT,NCO,50.000000,10,False
122754,SILVERM26DECFUT,SILVERM,31DEC2026,-1.000000,1,FUTBLN,NCO,100.000000,120,False
122758,CRUDEOIL26OCT11250CE,CRUDEOIL,08OCT2026,1125000.000000,1,OPTFUT,NCO,10.000000,100,False
122770,CRUDEOIL26OCT11550CE,CRUDEOIL,08OCT2026,1155000.000000,1,OPTFUT,NCO,10.000000,100,False
126919,SILVERM27APR268250PE,SILVERM,23APR2027,26825000.000000,1,OPTFUT,NCO,50.000000,120,False
126930,SILVERM26DEC244500PE,SILVERM,23DEC2026,24450000.000000,1,OPTFUT,NCO,50.000000,120,False
126938,SILVERM26DEC245500PE,SILVERM,23DEC2026,24550000.000000,1,OPTFUT,NCO,50.000000,120,False
126946,SILVER27MAR221500CE,SILVER,02MAR2027,22150000.000000,1,OPTBLN,NCO,50.000000,20,False
122771,CRUDEOIL26OCT11550PE,CRUDEOIL,08OCT2026,1155000.000000,1,OPTFUT,NCO,10.000000,100,False
122812,SILVERM27JAN352000PE,SILVERM,21JAN2027,35200000.000000,1,OPTFUT,NCO,50.000000,120,False
122818,SILVERM27JAN352750PE,SILVERM,21JAN2027,35275000.000000,1,OPTFUT,NCO,50.000000,120,False
122820,SILVERM27JAN353000PE,SILVERM,21JAN2027,35300000.000000,1,OPTFUT,NCO,50.000000,120,False
126797,GOLDM26OCT151300PE,GOLDM,29OCT2026,15130000.000000,1,OPTFUT,NCO,50.000000,100,False
126820,SILVERM27JAN299000PE,SILVERM,21JAN2027,29900000.000000,1,OPTFUT,NCO,50.000000,120,False
126960,SILVER27MAR222000CE,SILVER,02MAR2027,22200000.000000,1,OPTBLN,NCO,50.000000,20,False
126964,SILVER27MAR222500CE,SILVER,02MAR2027,22250000.000000,1,OPTBLN,NCO,50.000000,20,False
122823,SILVERM27JAN353500CE,SILVERM,21JAN2027,35350000.000000,1,OPTFUT,NCO,50.000000,120,False
122841,SILVER27MAR207500PE,SILVER,02MAR2027,20750000.000000,1,OPTBLN,NCO,50.000000,20,False
122842,SILVER27MAR207750CE,SILVER,02MAR2027,20775000.000000,1,OPTBLN,NCO,50.000000,20,False
122855,NATURALGAS26OCT190PE,NATURALGAS,21OCT2026,19000.000000,1,OPTFUT,NCO,5.000000,48,False
126834,SILVERM27JAN300250CE,SILVERM,21JAN2027,30025000.000000,1,OPTFUT,NCO,50.000000,120,False
126854,SILVERM27JAN301500CE,SILVERM,21JAN2027,30150000.000000,1,OPTFUT,NCO,50.000000,120,False
126857,SILVERM27JAN301750PE,SILVERM,21JAN2027,30175000.000000,1,OPTFUT,NCO,50.000000,120,False
126866,SILVERM26OCT164500CE,SILVERM,23OCT2026,16450000.000000,1,OPTFUT,NCO,50.000000,120,False
122859,NATURALGAS26NOV275CE,NATURALGAS,18NOV2026,27500.000000,1,OPTFUT,NCO,5.000000,48,False
122870,GOLDM26NOV152800PE,GOLDM,27NOV2026,15280000.000000,1,OPTFUT,NCO,50.000000,100,False
122881,GOLD27JUN155400CE,GOLD,28JUN2027,15540000.000000,1,OPTFUT,NCO,50.000000,10,False
122888,ZINC26SEP402.5PE,ZINC,23SEP2026,40250.000000,1,OPTFUT,NCO,1.000000,20,False
126875,SILVER27MAR218500PE,SILVER,02MAR2027,21850000.000000,1,OPTBLN,NCO,50.000000,20,False
126876,SILVER27MAR218750CE,SILVER,02MAR2027,21875000.000000,1,OPTBLN,NCO,50.000000,20,False
126884,SILVER27MAR219500CE,SILVER,02MAR2027,21950000.000000,1,OPTBLN,NCO,50.000000,20,False
126888,SILVER27MAR220000CE,SILVER,02MAR2027,22000000.000000,1,OPTBLN,NCO,50.000000,20,False
122895,GOLD27JUN155600CE,GOLD,28JUN2027,15560000.000000,1,OPTFUT,NCO,50.000000,10,False
122899,GOLD27JUN155800CE,GOLD,28JUN2027,15580000.000000,1,OPTFUT,NCO,50.000000,10,False
122903,GOLD27JUN155800PE,GOLD,28JUN2027,15580000.000000,1,OPTFUT,NCO,50.000000,10,False
122909,SILVERM27JAN248000CE,SILVERM,21JAN2027,24800000.000000,1,OPTFUT,NCO,50.000000,120,False
126900,SILVERM27APR267250PE,SILVERM,23APR2027,26725000.000000,1,OPTFUT,NCO,50.000000,120,False
126904,SILVERM27APR267750PE,SILVERM,23APR2027,26775000.000000,1,OPTFUT,NCO,50.000000,120,False
126907,SILVERM26OCT166000PE,SILVERM,23OCT2026,16600000.000000,1,OPTFUT,NCO,50.000000,120,False
126925,SILVERM27APR269000PE,SILVERM,23APR2027,26900000.000000,1,OPTFUT,NCO,50.000000,120,False
122927,GOLD26SEP163500CE,GOLD,25SEP2026,16350000.000000,1,OPTFUT,NCO,50.000000,10,False
122929,GOLD27JUN156200PE,GOLD,28JUN2027,15620000.000000,1,OPTFUT,NCO,50.000000,10,False
122950,SILVER27MAR208250PE,SILVER,02MAR2027,20825000.000000,1,OPTBLN,NCO,50.000000,20,False
122990,GOLD27JUN156600CE,GOLD,28JUN2027,15660000.000000,1,OPTFUT,NCO,50.000000,10,False
126939,SILVER27MAR220750PE,SILVER,02MAR2027,22075000.000000,1,OPTBLN,NCO,50.000000,20,False
126940,SILVER27MAR221000CE,SILVER,02MAR2027,22100000.000000,1,OPTBLN,NCO,50.000000,20,False
126951,SILVERM27APR270000CE,SILVERM,23APR2027,27000000.000000,1,OPTFUT,NCO,50.000000,120,False
126963,SILVER27MAR222250PE,SILVER,02MAR2027,22225000.000000,1,OPTBLN,NCO,50.000000,20,False
122991,NATURALGAS26OCT210CE,NATURALGAS,21OCT2026,21000.000000,1,OPTFUT,NCO,5.000000,48,False
122994,SILVERM26OCT152000CE,SILVERM,23OCT2026,15200000.000000,1,OPTFUT,NCO,50.000000,120,False
122999,NATURALGAS26OCT215CE,NATURALGAS,21OCT2026,21500.000000,1,OPTFUT,NCO,5.000000,48,False
123000,NATURALGAS26OCT215PE,NATURALGAS,21OCT2026,21500.000000,1,OPTFUT,NCO,5.000000,48,False
126965,SILVER27MAR222500PE,SILVER,02MAR2027,22250000.000000,1,OPTBLN,NCO,50.000000,20,False
126966,SILVER27MAR222750CE,SILVER,02MAR2027,22275000.000000,1,OPTBLN,NCO,50.000000,20,False
126972,SILVERM27JAN303250PE,SILVERM,21JAN2027,30325000.000000,1,OPTFUT,NCO,50.000000,120,False
126973,SILVERM27JAN303500CE,SILVERM,21JAN2027,30350000.000000,1,OPTFUT,NCO,50.000000,120,False
123001,SILVERM26OCT152500CE,SILVERM,23OCT2026,15250000.000000,1,OPTFUT,NCO,50.000000,120,False
123011,NATURALGAS26OCT220PE,NATURALGAS,21OCT2026,22000.000000,1,OPTFUT,NCO,5.000000,48,False
123015,NATURALGAS26OCT230PE,NATURALGAS,21OCT2026,23000.000000,1,OPTFUT,NCO,5.000000,48,False
123017,SILVERM26OCT153250PE,SILVERM,23OCT2026,15325000.000000,1,OPTFUT,NCO,50.000000,120,False
126974,SILVERM27JAN303500PE,SILVERM,21JAN2027,30350000.000000,1,OPTFUT,NCO,50.000000,120,False
126978,SILVERM26DEC245750PE,SILVERM,23DEC2026,24575000.000000,1,OPTFUT,NCO,50.000000,120,False
126981,SILVERM26DEC246250CE,SILVERM,23DEC2026,24625000.000000,1,OPTFUT,NCO,50.000000,120,False
126989,SILVERM26DEC246750CE,SILVERM,23DEC2026,24675000.000000,1,OPTFUT,NCO,50.000000,120,False
123025,SILVERM26OCT183250CE,SILVERM,23OCT2026,18325000.000000,1,OPTFUT,NCO,50.000000,120,False
123034,SILVERM26OCT183750PE,SILVERM,23OCT2026,18375000.000000,1,OPTFUT,NCO,50.000000,120,False
123041,SILVERM26OCT184750CE,SILVERM,23OCT2026,18475000.000000,1,OPTFUT,NCO,50.000000,120,False
123047,SILVER27MAR208500PE,SILVER,02MAR2027,20850000.000000,1,OPTBLN,NCO,50.000000,20,False
126994,SILVERM26DEC247250PE,SILVERM,23DEC2026,24725000.000000,1,OPTFUT,NCO,50.000000,120,False
127007,SILVERM27JAN304500CE,SILVERM,21JAN2027,30450000.000000,1,OPTFUT,NCO,50.000000,120,False
127014,ZINC26DEC462.5CE,ZINC,23DEC2026,46250.000000,1,OPTFUT,NCO,1.000000,20,False
127021,SILVERM26DEC249250CE,SILVERM,23DEC2026,24925000.000000,1,OPTFUT,NCO,50.000000,120,False
127029,ZINC26DEC462.5PE,ZINC,23DEC2026,46250.000000,1,OPTFUT,NCO,1.000000,20,False
127037,SILVER27MAR223750PE,SILVER,02MAR2027,22375000.000000,1,OPTBLN,NCO,50.000000,20,False
127041,SILVER27MAR260250PE,SILVER,02MAR2027,26025000.000000,1,OPTBLN,NCO,50.000000,20,False
127046,SILVER27MAR261000CE,SILVER,02MAR2027,26100000.000000,1,OPTBLN,NCO,50.000000,20,False
123048,NATGASIND26SEPFUT,NATGASIND,30SEP2026,-1.000000,1,FUTENR,NCO,100.000000,50,False
123064,SILVERM26OCT185250PE,SILVERM,23OCT2026,18525000.000000,1,OPTFUT,NCO,50.000000,120,False
123068,SILVER10026OCTFUT,SILVER100,30OCT2026,-1.000000,1,FUTBLN,NCO,100.000000,6000,False
123085,SILVERM26OCT154250PE,SILVERM,23OCT2026,15425000.000000,1,OPTFUT,NCO,50.000000,120,False
127047,SILVER27MAR261000PE,SILVER,02MAR2027,26100000.000000,1,OPTBLN,NCO,50.000000,20,False
127057,CRUDEOIL26OCT11800PE,CRUDEOIL,08OCT2026,1180000.000000,1,OPTFUT,NCO,10.000000,100,False
127090,SILVERM26DEC250500CE,SILVERM,23DEC2026,25050000.000000,1,OPTFUT,NCO,50.000000,120,False
127100,SILVERM26DEC251750CE,SILVERM,23DEC2026,25175000.000000,1,OPTFUT,NCO,50.000000,120,False
123089,SILVERM27JAN355500CE,SILVERM,21JAN2027,35550000.000000,1,OPTFUT,NCO,50.000000,120,False
123091,SILVERM26OCT154500CE,SILVERM,23OCT2026,15450000.000000,1,OPTFUT,NCO,50.000000,120,False
123094,GOLD27MAY168200PE,GOLD,28MAY2027,16820000.000000,1,OPTFUT,NCO,50.000000,10,False
123100,SILVERM26OCT154750PE,SILVERM,23OCT2026,15475000.000000,1,OPTFUT,NCO,50.000000,120,False
127125,SILVERM27MAR271750PE,SILVERM,24MAR2027,27175000.000000,1,OPTFUT,NCO,50.000000,120,False
127129,SILVERM27MAR272250PE,SILVERM,24MAR2027,27225000.000000,1,OPTFUT,NCO,50.000000,120,False
127133,SILVERM27MAR272750PE,SILVERM,24MAR2027,27275000.000000,1,OPTFUT,NCO,50.000000,120,False
127152,CRUDEOIL26NOV11950CE,CRUDEOIL,10NOV2026,1195000.000000,1,OPTFUT,NCO,10.000000,100,False
127176,SILVERM27MAR273500CE,SILVERM,24MAR2027,27350000.000000,1,OPTFUT,NCO,50.000000,120,False
127218,SILVERM27FEB293000CE,SILVERM,19FEB2027,29300000.000000,1,OPTFUT,NCO,50.000000,120,False
127230,SILVERM27FEB294500CE,SILVERM,19FEB2027,29450000.000000,1,OPTFUT,NCO,50.000000,120,False
127235,ZINC26SEP362.5CE,ZINC,23SEP2026,36250.000000,1,OPTFUT,NCO,1.000000,20,False
123105,SILVERM26OCT155500CE,SILVERM,23OCT2026,15550000.000000,1,OPTFUT,NCO,50.000000,120,False
123117,COPPER26SEP1345CE,COPPER,23SEP2026,134500.000000,1,OPTFUT,NCO,1.000000,70,False
123122,SILVERM27JAN248500CE,SILVERM,21JAN2027,24850000.000000,1,OPTFUT,NCO,50.000000,120,False
123129,SILVERM26OCT156750CE,SILVERM,23OCT2026,15675000.000000,1,OPTFUT,NCO,50.000000,120,False
123137,SILVERM26OCT157500CE,SILVERM,23OCT2026,15750000.000000,1,OPTFUT,NCO,50.000000,120,False
123139,SILVERM27JAN356000CE,SILVERM,21JAN2027,35600000.000000,1,OPTFUT,NCO,50.000000,120,False
123144,SILVERM27JAN356500PE,SILVERM,21JAN2027,35650000.000000,1,OPTFUT,NCO,50.000000,120,False
123159,NATURALGAS26OCT275PE,NATURALGAS,21OCT2026,27500.000000,1,OPTFUT,NCO,5.000000,48,False
127237,CRUDEOIL26NOV12250CE,CRUDEOIL,10NOV2026,1225000.000000,1,OPTFUT,NCO,10.000000,100,False
127279,SILVERM27APR271250CE,SILVERM,23APR2027,27125000.000000,1,OPTFUT,NCO,50.000000,120,False
127283,SILVERM27APR271750CE,SILVERM,23APR2027,27175000.000000,1,OPTFUT,NCO,50.000000,120,False
127284,SILVERM27APR271750PE,SILVERM,23APR2027,27175000.000000,1,OPTFUT,NCO,50.000000,120,False
127311,SILVERM27FEB299500CE,SILVERM,19FEB2027,29950000.000000,1,OPTFUT,NCO,50.000000,120,False
127320,SILVERM27FEB300500PE,SILVERM,19FEB2027,30050000.000000,1,OPTFUT,NCO,50.000000,120,False
127337,GOLD27MAR152800PE,GOLD,29MAR2027,15280000.000000,1,OPTFUT,NCO,50.000000,10,False
127350,GOLD27MAR153500CE,GOLD,29MAR2027,15350000.000000,1,OPTFUT,NCO,50.000000,10,False
123165,COPPER26SEP1355CE,COPPER,23SEP2026,135500.000000,1,OPTFUT,NCO,1.000000,70,False
123181,SILVER26DEC200250PE,SILVER,01DEC2026,20025000.000000,1,OPTBLN,NCO,50.000000,20,False
123191,SILVERM27MAY270750CE,SILVERM,24MAY2027,27075000.000000,1,OPTFUT,NCO,50.000000,120,False
123197,SILVERM27MAY271500CE,SILVERM,24MAY2027,27150000.000000,1,OPTFUT,NCO,50.000000,120,False
127352,GOLD27MAR153600CE,GOLD,29MAR2027,15360000.000000,1,OPTFUT,NCO,50.000000,10,False
127365,SILVERM27APR274250CE,SILVERM,23APR2027,27425000.000000,1,OPTFUT,NCO,50.000000,120,False
127392,ZINC26SEP417.5PE,ZINC,23SEP2026,41750.000000,1,OPTFUT,NCO,1.000000,20,False
127393,ZINC26SEP420CE,ZINC,23SEP2026,42000.000000,1,OPTFUT,NCO,1.000000,20,False
123200,GOLD1G26OCTFUT,GOLD1G,05OCT2026,-1.000000,1,FUTBLN,NCO,100.000000,10000,False
123214,GOLD27MAY161600CE,GOLD,28MAY2027,16160000.000000,1,OPTFUT,NCO,50.000000,10,False
123216,GOLD27MAY161700CE,GOLD,28MAY2027,16170000.000000,1,OPTFUT,NCO,50.000000,10,False
123226,GOLD27MAY162200CE,GOLD,28MAY2027,16220000.000000,1,OPTFUT,NCO,50.000000,10,False
127396,ZINC26OCT420PE,ZINC,23OCT2026,42000.000000,1,OPTFUT,NCO,1.000000,20,False
127408,GOLD27JUN159100PE,GOLD,28JUN2027,15910000.000000,1,OPTFUT,NCO,50.000000,10,False
127409,GOLD27JUN159200CE,GOLD,28JUN2027,15920000.000000,1,OPTFUT,NCO,50.000000,10,False
127414,GOLD27JUN159400PE,GOLD,28JUN2027,15940000.000000,1,OPTFUT,NCO,50.000000,10,False
123234,GOLD27MAY162600CE,GOLD,28MAY2027,16260000.000000,1,OPTFUT,NCO,50.000000,10,False
123238,GOLD27MAY162700CE,GOLD,28MAY2027,16270000.000000,1,OPTFUT,NCO,50.000000,10,False
123247,GOLD27JUN157000PE,GOLD,28JUN2027,15700000.000000,1,OPTFUT,NCO,50.000000,10,False
123274,GOLD27MAY163600CE,GOLD,28MAY2027,16360000.000000,1,OPTFUT,NCO,50.000000,10,False
127447,SILVERM27JAN308750CE,SILVERM,21JAN2027,30875000.000000,1,OPTFUT,NCO,50.000000,120,False
127419,SILVERM27JAN305250CE,SILVERM,21JAN2027,30525000.000000,1,OPTFUT,NCO,50.000000,120,False
127439,SILVERM27JAN307750CE,SILVERM,21JAN2027,30775000.000000,1,OPTFUT,NCO,50.000000,120,False
127446,SILVERM27JAN308500PE,SILVERM,21JAN2027,30850000.000000,1,OPTFUT,NCO,50.000000,120,False
123280,GOLD27MAY163900CE,GOLD,28MAY2027,16390000.000000,1,OPTFUT,NCO,50.000000,10,False
123284,GOLD27MAY164100CE,GOLD,28MAY2027,16410000.000000,1,OPTFUT,NCO,50.000000,10,False
123289,GOLD27MAY164300PE,GOLD,28MAY2027,16430000.000000,1,OPTFUT,NCO,50.000000,10,False
123295,GOLDM26SEP145400PE,GOLDM,25SEP2026,14540000.000000,1,OPTFUT,NCO,50.000000,100,False
127448,SILVERM27JAN308750PE,SILVERM,21JAN2027,30875000.000000,1,OPTFUT,NCO,50.000000,120,False
127450,SILVERM27JAN309000PE,SILVERM,21JAN2027,30900000.000000,1,OPTFUT,NCO,50.000000,120,False
127451,SILVERM27JAN309250CE,SILVERM,21JAN2027,30925000.000000,1,OPTFUT,NCO,50.000000,120,False
127454,GOLD27MAR153800CE,GOLD,29MAR2027,15380000.000000,1,OPTFUT,NCO,50.000000,10,False
123296,GOLDM26SEP145500CE,GOLDM,25SEP2026,14550000.000000,1,OPTFUT,NCO,50.000000,100,False
123298,GOLDM26SEP145600CE,GOLDM,25SEP2026,14560000.000000,1,OPTFUT,NCO,50.000000,100,False
123307,NATURALGAS26OCT305PE,NATURALGAS,21OCT2026,30500.000000,1,OPTFUT,NCO,5.000000,48,False
123315,SILVERM27APR276500CE,SILVERM,23APR2027,27650000.000000,1,OPTFUT,NCO,50.000000,120,False
127463,GOLD27MAR154200PE,GOLD,29MAR2027,15420000.000000,1,OPTFUT,NCO,50.000000,10,False
127489,GOLD27MAR155500PE,GOLD,29MAR2027,15550000.000000,1,OPTFUT,NCO,50.000000,10,False
127495,GOLD27MAR155800PE,GOLD,29MAR2027,15580000.000000,1,OPTFUT,NCO,50.000000,10,False
127512,GOLD27MAR156700CE,GOLD,29MAR2027,15670000.000000,1,OPTFUT,NCO,50.000000,10,False
123322,GOLDM26NOV154200PE,GOLDM,27NOV2026,15420000.000000,1,OPTFUT,NCO,50.000000,100,False
123342,ZINC26OCT405CE,ZINC,23OCT2026,40500.000000,1,OPTFUT,NCO,1.000000,20,False
123344,GOLDM26NOV154600PE,GOLDM,27NOV2026,15460000.000000,1,OPTFUT,NCO,50.000000,100,False
123353,NATURALGAS26OCT320PE,NATURALGAS,21OCT2026,32000.000000,1,OPTFUT,NCO,5.000000,48,False
127515,GOLD27MAR156800PE,GOLD,29MAR2027,15680000.000000,1,OPTFUT,NCO,50.000000,10,False
127521,SILVERM27APR275500CE,SILVERM,23APR2027,27550000.000000,1,OPTFUT,NCO,50.000000,120,False
127522,SILVERM27APR275500PE,SILVERM,23APR2027,27550000.000000,1,OPTFUT,NCO,50.000000,120,False
127529,ZINC26SEP362.5PE,ZINC,23SEP2026,36250.000000,1,OPTFUT,NCO,1.000000,20,False
123374,COPPER26NOV1365CE,COPPER,23NOV2026,136500.000000,1,OPTFUT,NCO,1.000000,70,False
123404,GOLD27MAY165100PE,GOLD,28MAY2027,16510000.000000,1,OPTFUT,NCO,50.000000,10,False
123408,SILVER26DEC194750CE,SILVER,01DEC2026,19475000.000000,1,OPTBLN,NCO,50.000000,20,False
123411,SILVER26DEC195000PE,SILVER,01DEC2026,19500000.000000,1,OPTBLN,NCO,50.000000,20,False
127543,SILVERM27MAR228250CE,SILVERM,24MAR2027,22825000.000000,1,OPTFUT,NCO,50.000000,120,False
127548,SILVERM27MAR228750PE,SILVERM,24MAR2027,22875000.000000,1,OPTFUT,NCO,50.000000,120,False
127555,SILVERM27MAR229750CE,SILVERM,24MAR2027,22975000.000000,1,OPTFUT,NCO,50.000000,120,False
127569,GOLD27JUN160000CE,GOLD,28JUN2027,16000000.000000,1,OPTFUT,NCO,50.000000,10,False
127607,GOLD27APR162800CE,GOLD,28APR2027,16280000.000000,1,OPTFUT,NCO,50.000000,10,False
123417,SILVER26DEC195750PE,SILVER,01DEC2026,19575000.000000,1,OPTBLN,NCO,50.000000,20,False
123418,SILVERM27JUL225250PE,SILVERM,23JUL2027,22525000.000000,1,OPTFUT,NCO,50.000000,120,False
123461,SILVERM26OCT185750CE,SILVERM,23OCT2026,18575000.000000,1,OPTFUT,NCO,50.000000,120,False
123469,SILVERM27APR254250CE,SILVERM,23APR2027,25425000.000000,1,OPTFUT,NCO,50.000000,120,False
127578,SILVER27MAR228000PE,SILVER,02MAR2027,22800000.000000,1,OPTBLN,NCO,50.000000,20,False
127594,SILVER27MAR230000PE,SILVER,02MAR2027,23000000.000000,1,OPTBLN,NCO,50.000000,20,False
127598,GOLD27APR162300PE,GOLD,28APR2027,16230000.000000,1,OPTFUT,NCO,50.000000,10,False
123476,GOLDM26NOV154800PE,GOLDM,27NOV2026,15480000.000000,1,OPTFUT,NCO,50.000000,100,False
123481,GOLDM26NOV155100CE,GOLDM,27NOV2026,15510000.000000,1,OPTFUT,NCO,50.000000,100,False
123488,SILVERM27JUL227000CE,SILVERM,23JUL2027,22700000.000000,1,OPTFUT,NCO,50.000000,120,False
123497,SILVERM27APR254500PE,SILVERM,23APR2027,25450000.000000,1,OPTFUT,NCO,50.000000,120,False
127612,SILVER26DEC220250PE,SILVER,01DEC2026,22025000.000000,1,OPTBLN,NCO,50.000000,20,False
127625,SILVER26DEC222000CE,SILVER,01DEC2026,22200000.000000,1,OPTBLN,NCO,50.000000,20,False
127638,SILVER26DEC223500PE,SILVER,01DEC2026,22350000.000000,1,OPTBLN,NCO,50.000000,20,False
127639,SILVER26DEC223750CE,SILVER,01DEC2026,22375000.000000,1,OPTBLN,NCO,50.000000,20,False
123507,SILVERM27JUL228750CE,SILVERM,23JUL2027,22875000.000000,1,OPTFUT,NCO,50.000000,120,False
123513,SILVERM27APR254750PE,SILVERM,23APR2027,25475000.000000,1,OPTFUT,NCO,50.000000,120,False
123519,GOLD27MAY165800CE,GOLD,28MAY2027,16580000.000000,1,OPTFUT,NCO,50.000000,10,False
123539,SILVERM26OCT186500CE,SILVERM,23OCT2026,18650000.000000,1,OPTFUT,NCO,50.000000,120,False
127653,SILVER26DEC225500CE,SILVER,01DEC2026,22550000.000000,1,OPTBLN,NCO,50.000000,20,False
127655,SILVER26DEC225750CE,SILVER,01DEC2026,22575000.000000,1,OPTBLN,NCO,50.000000,20,False
127666,SILVER26DEC227000PE,SILVER,01DEC2026,22700000.000000,1,OPTBLN,NCO,50.000000,20,False
127693,SILVER26DEC230500CE,SILVER,01DEC2026,23050000.000000,1,OPTBLN,NCO,50.000000,20,False
123545,SILVERM26OCT187000CE,SILVERM,23OCT2026,18700000.000000,1,OPTFUT,NCO,50.000000,120,False
123549,SILVERM26OCT187500CE,SILVERM,23OCT2026,18750000.000000,1,OPTFUT,NCO,50.000000,120,False
123560,SILVERM26OCT188750PE,SILVERM,23OCT2026,18875000.000000,1,OPTFUT,NCO,50.000000,120,False
123564,SILVERM26OCT189250PE,SILVERM,23OCT2026,18925000.000000,1,OPTFUT,NCO,50.000000,120,False
127699,SILVER26DEC231250CE,SILVER,01DEC2026,23125000.000000,1,OPTBLN,NCO,50.000000,20,False
127708,SILVER26DEC232250PE,SILVER,01DEC2026,23225000.000000,1,OPTBLN,NCO,50.000000,20,False
127709,SILVER26DEC232500CE,SILVER,01DEC2026,23250000.000000,1,OPTBLN,NCO,50.000000,20,False
127710,SILVERM27FEB301500PE,SILVERM,19FEB2027,30150000.000000,1,OPTFUT,NCO,50.000000,120,False
123583,SILVERM26OCT191500PE,SILVERM,23OCT2026,19150000.000000,1,OPTFUT,NCO,50.000000,120,False
123605,SILVER26DEC201250PE,SILVER,01DEC2026,20125000.000000,1,OPTBLN,NCO,50.000000,20,False
123611,SILVER26DEC202000PE,SILVER,01DEC2026,20200000.000000,1,OPTBLN,NCO,50.000000,20,False
123617,SILVER26DEC202750PE,SILVER,01DEC2026,20275000.000000,1,OPTBLN,NCO,50.000000,20,False
127722,SILVERM27FEB303000PE,SILVERM,19FEB2027,30300000.000000,1,OPTFUT,NCO,50.000000,120,False
127725,SILVERM27FEB303500CE,SILVERM,19FEB2027,30350000.000000,1,OPTFUT,NCO,50.000000,120,False
127731,SILVERM27FEB304250CE,SILVERM,19FEB2027,30425000.000000,1,OPTFUT,NCO,50.000000,120,False
127742,GOLD27MAR157500PE,GOLD,29MAR2027,15750000.000000,1,OPTFUT,NCO,50.000000,10,False
127743,GOLD27MAR157600CE,GOLD,29MAR2027,15760000.000000,1,OPTFUT,NCO,50.000000,10,False
127747,SILVER26DEC232750PE,SILVER,01DEC2026,23275000.000000,1,OPTBLN,NCO,50.000000,20,False
127759,GOLD27JUL160200CE,GOLD,29JUL2027,16020000.000000,1,OPTFUT,NCO,50.000000,10,False
127761,GOLD27JUL160300CE,GOLD,29JUL2027,16030000.000000,1,OPTFUT,NCO,50.000000,10,False
123618,SILVER26DEC203000CE,SILVER,01DEC2026,20300000.000000,1,OPTBLN,NCO,50.000000,20,False
123641,SILVERM26NOV182000CE,SILVERM,23NOV2026,18200000.000000,1,OPTFUT,NCO,50.000000,120,False
123621,SILVERM27JUL231000CE,SILVERM,23JUL2027,23100000.000000,1,OPTFUT,NCO,50.000000,120,False
123632,SILVERM27JUL232250PE,SILVERM,23JUL2027,23225000.000000,1,OPTFUT,NCO,50.000000,120,False
127773,SILVER26DEC235000CE,SILVER,01DEC2026,23500000.000000,1,OPTBLN,NCO,50.000000,20,False
127784,SILVER26DEC236250PE,SILVER,01DEC2026,23625000.000000,1,OPTBLN,NCO,50.000000,20,False
127786,SILVER26DEC236500PE,SILVER,01DEC2026,23650000.000000,1,OPTBLN,NCO,50.000000,20,False
127794,SILVERM27MAR276500PE,SILVERM,24MAR2027,27650000.000000,1,OPTFUT,NCO,50.000000,120,False
123645,SILVERM26NOV182500CE,SILVERM,23NOV2026,18250000.000000,1,OPTFUT,NCO,50.000000,120,False
123650,SILVERM26NOV183000PE,SILVERM,23NOV2026,18300000.000000,1,OPTFUT,NCO,50.000000,120,False
123657,SILVERM26NOV184000CE,SILVERM,23NOV2026,18400000.000000,1,OPTFUT,NCO,50.000000,120,False
123658,SILVERM26NOV184000PE,SILVERM,23NOV2026,18400000.000000,1,OPTFUT,NCO,50.000000,120,False
127797,SILVERM27MAR277000CE,SILVERM,24MAR2027,27700000.000000,1,OPTFUT,NCO,50.000000,120,False
127811,GOLD27JUL160600CE,GOLD,29JUL2027,16060000.000000,1,OPTFUT,NCO,50.000000,10,False
127829,SILVER27MAR231500CE,SILVER,02MAR2027,23150000.000000,1,OPTBLN,NCO,50.000000,20,False
127840,SILVERM27JAN310000PE,SILVERM,21JAN2027,31000000.000000,1,OPTFUT,NCO,50.000000,120,False
123665,SILVERM26NOV185000CE,SILVERM,23NOV2026,18500000.000000,1,OPTFUT,NCO,50.000000,120,False
123672,SILVERM26NOV185750PE,SILVERM,23NOV2026,18575000.000000,1,OPTFUT,NCO,50.000000,120,False
123675,SILVERM26NOV186250CE,SILVERM,23NOV2026,18625000.000000,1,OPTFUT,NCO,50.000000,120,False
123682,SILVERM27JAN358000PE,SILVERM,21JAN2027,35800000.000000,1,OPTFUT,NCO,50.000000,120,False
127850,SILVERM27JAN311250PE,SILVERM,21JAN2027,31125000.000000,1,OPTFUT,NCO,50.000000,120,False
127854,SILVERM27JAN311750PE,SILVERM,21JAN2027,31175000.000000,1,OPTFUT,NCO,50.000000,120,False
127870,SILVER26DEC238000PE,SILVER,01DEC2026,23800000.000000,1,OPTBLN,NCO,50.000000,20,False
127876,SILVER26DEC238750PE,SILVER,01DEC2026,23875000.000000,1,OPTBLN,NCO,50.000000,20,False
123685,SILVERM26NOV186750PE,SILVERM,23NOV2026,18675000.000000,1,OPTFUT,NCO,50.000000,120,False
123704,SILVERM26OCT158500PE,SILVERM,23OCT2026,15850000.000000,1,OPTFUT,NCO,50.000000,120,False
123710,SILVERM26NOV187750PE,SILVERM,23NOV2026,18775000.000000,1,OPTFUT,NCO,50.000000,120,False
123712,SILVERM26NOV188000PE,SILVERM,23NOV2026,18800000.000000,1,OPTFUT,NCO,50.000000,120,False
127883,SILVERM27MAR278750CE,SILVERM,24MAR2027,27875000.000000,1,OPTFUT,NCO,50.000000,120,False
127891,SILVERM27MAR279750CE,SILVERM,24MAR2027,27975000.000000,1,OPTFUT,NCO,50.000000,120,False
127894,ZINC26SEP380PE,ZINC,23SEP2026,38000.000000,1,OPTFUT,NCO,1.000000,20,False
127896,ZINC26SEP382.5PE,ZINC,23SEP2026,38250.000000,1,OPTFUT,NCO,1.000000,20,False
123734,SILVERM26NOV190750PE,SILVERM,23NOV2026,19075000.000000,1,OPTFUT,NCO,50.000000,120,False
123741,SILVERM26NOV191750CE,SILVERM,23NOV2026,19175000.000000,1,OPTFUT,NCO,50.000000,120,False
123746,SILVERM26NOV192250PE,SILVERM,23NOV2026,19225000.000000,1,OPTFUT,NCO,50.000000,120,False
127899,ZINC26SEP387.5CE,ZINC,23SEP2026,38750.000000,1,OPTFUT,NCO,1.000000,20,False
127916,SILVERM27MAR231000CE,SILVERM,24MAR2027,23100000.000000,1,OPTFUT,NCO,50.000000,120,False
127920,SILVERM27MAR231500CE,SILVERM,24MAR2027,23150000.000000,1,OPTFUT,NCO,50.000000,120,False
127926,SILVERM27MAR232250CE,SILVERM,24MAR2027,23225000.000000,1,OPTFUT,NCO,50.000000,120,False
123724,SILVERM26NOV189500PE,SILVERM,23NOV2026,18950000.000000,1,OPTFUT,NCO,50.000000,120,False
123762,GOLD26SEP145000CE,GOLD,25SEP2026,14500000.000000,1,OPTFUT,NCO,50.000000,10,False
123768,NATURALGAS26NOV360CE,NATURALGAS,18NOV2026,36000.000000,1,OPTFUT,NCO,5.000000,48,False
123773,SILVERM27AUG245500PE,SILVERM,24AUG2027,24550000.000000,1,OPTFUT,NCO,50.000000,120,False
123776,GOLDM26SEP146000PE,GOLDM,25SEP2026,14600000.000000,1,OPTFUT,NCO,50.000000,100,False
127935,GOLD26OCT132300PE,GOLD,29OCT2026,13230000.000000,1,OPTFUT,NCO,50.000000,10,False
127936,GOLD26OCT132400CE,GOLD,29OCT2026,13240000.000000,1,OPTFUT,NCO,50.000000,10,False
127939,GOLD26OCT132500PE,GOLD,29OCT2026,13250000.000000,1,OPTFUT,NCO,50.000000,10,False
127953,GOLD26OCT133200PE,GOLD,29OCT2026,13320000.000000,1,OPTFUT,NCO,50.000000,10,False
123778,GOLDM26NOV155100PE,GOLDM,27NOV2026,15510000.000000,1,OPTFUT,NCO,50.000000,100,False
123786,SILVERM26OCT159500CE,SILVERM,23OCT2026,15950000.000000,1,OPTFUT,NCO,50.000000,120,False
123800,GOLDM26SEP146100PE,GOLDM,25SEP2026,14610000.000000,1,OPTFUT,NCO,50.000000,100,False
123803,SILVERM27AUG246000PE,SILVERM,24AUG2027,24600000.000000,1,OPTFUT,NCO,50.000000,120,False
127957,GOLD26OCT133400PE,GOLD,29OCT2026,13340000.000000,1,OPTFUT,NCO,50.000000,10,False
127960,SILVER26DEC239750PE,SILVER,01DEC2026,23975000.000000,1,OPTBLN,NCO,50.000000,20,False
127990,SILVERM27MAY269750PE,SILVERM,24MAY2027,26975000.000000,1,OPTFUT,NCO,50.000000,120,False
127991,SILVERM27MAY270000CE,SILVERM,24MAY2027,27000000.000000,1,OPTFUT,NCO,50.000000,120,False
123825,GOLDM26SEP146300PE,GOLDM,25SEP2026,14630000.000000,1,OPTFUT,NCO,50.000000,100,False
123830,GOLDM26SEP146600CE,GOLDM,25SEP2026,14660000.000000,1,OPTFUT,NCO,50.000000,100,False
123851,SILVERM27AUG248000PE,SILVERM,24AUG2027,24800000.000000,1,OPTFUT,NCO,50.000000,120,False
123854,SILVERM27AUG248500CE,SILVERM,24AUG2027,24850000.000000,1,OPTFUT,NCO,50.000000,120,False
128025,SILVER27MAR233750CE,SILVER,02MAR2027,23375000.000000,1,OPTBLN,NCO,50.000000,20,False
128030,SILVER27MAR234250PE,SILVER,02MAR2027,23425000.000000,1,OPTBLN,NCO,50.000000,20,False
128033,SILVER27MAR234750CE,SILVER,02MAR2027,23475000.000000,1,OPTBLN,NCO,50.000000,20,False
128046,SILVERM26SEP195250PE,SILVERM,23SEP2026,19525000.000000,1,OPTFUT,NCO,50.000000,120,False
123855,SILVERM27AUG248500PE,SILVERM,24AUG2027,24850000.000000,1,OPTFUT,NCO,50.000000,120,False
123859,SILVERM27JUL233000CE,SILVERM,23JUL2027,23300000.000000,1,OPTFUT,NCO,50.000000,120,False
123863,SILVERM27JUL233500CE,SILVERM,23JUL2027,23350000.000000,1,OPTFUT,NCO,50.000000,120,False
123866,SILVERM27JUL233750PE,SILVERM,23JUL2027,23375000.000000,1,OPTFUT,NCO,50.000000,120,False
128048,SILVERM26SEP195500PE,SILVERM,23SEP2026,19550000.000000,1,OPTFUT,NCO,50.000000,120,False
128054,SILVERM27JAN313000PE,SILVERM,21JAN2027,31300000.000000,1,OPTFUT,NCO,50.000000,120,False
128067,SILVERM27JAN314750CE,SILVERM,21JAN2027,31475000.000000,1,OPTFUT,NCO,50.000000,120,False
128074,SILVERM27JAN315500PE,SILVERM,21JAN2027,31550000.000000,1,OPTFUT,NCO,50.000000,120,False
123870,SILVERM27JUL234250PE,SILVERM,23JUL2027,23425000.000000,1,OPTFUT,NCO,50.000000,120,False
123874,GOLDM26NOV155300PE,GOLDM,27NOV2026,15530000.000000,1,OPTFUT,NCO,50.000000,100,False
123883,SILVERM26OCT162000PE,SILVERM,23OCT2026,16200000.000000,1,OPTFUT,NCO,50.000000,120,False
123898,COPPER26OCT1365CE,COPPER,23OCT2026,136500.000000,1,OPTFUT,NCO,1.000000,70,False
128076,SILVERM27JAN315750PE,SILVERM,21JAN2027,31575000.000000,1,OPTFUT,NCO,50.000000,120,False
128080,SILVERM27JAN316250PE,SILVERM,21JAN2027,31625000.000000,1,OPTFUT,NCO,50.000000,120,False
128092,SILVER26DEC242000CE,SILVER,01DEC2026,24200000.000000,1,OPTBLN,NCO,50.000000,20,False
128103,SILVER26DEC243250PE,SILVER,01DEC2026,24325000.000000,1,OPTBLN,NCO,50.000000,20,False
128105,SILVER26DEC243500PE,SILVER,01DEC2026,24350000.000000,1,OPTBLN,NCO,50.000000,20,False
128109,SILVER26DEC244000PE,SILVER,01DEC2026,24400000.000000,1,OPTBLN,NCO,50.000000,20,False
128131,SILVERM27JAN317250PE,SILVERM,21JAN2027,31725000.000000,1,OPTFUT,NCO,50.000000,120,False
128141,SILVERM27JAN318500PE,SILVERM,21JAN2027,31850000.000000,1,OPTFUT,NCO,50.000000,120,False
123902,COPPER26OCT1375CE,COPPER,23OCT2026,137500.000000,1,OPTFUT,NCO,1.000000,70,False
123922,GOLDM26SEP147700CE,GOLDM,25SEP2026,14770000.000000,1,OPTFUT,NCO,50.000000,100,False
123930,SILVERM27JUL235250PE,SILVERM,23JUL2027,23525000.000000,1,OPTFUT,NCO,50.000000,120,False
123933,SILVERM27JUL235750CE,SILVERM,23JUL2027,23575000.000000,1,OPTFUT,NCO,50.000000,120,False
123946,SILVERM27APR257250PE,SILVERM,23APR2027,25725000.000000,1,OPTFUT,NCO,50.000000,120,False
123965,SILVERM27APR258500PE,SILVERM,23APR2027,25850000.000000,1,OPTFUT,NCO,50.000000,120,False
123991,GOLD27JUL162700CE,GOLD,29JUL2027,16270000.000000,1,OPTFUT,NCO,50.000000,10,False
124000,SILVERM27APR260000PE,SILVERM,23APR2027,26000000.000000,1,OPTFUT,NCO,50.000000,120,False
128148,SILVERM27JAN319500CE,SILVERM,21JAN2027,31950000.000000,1,OPTFUT,NCO,50.000000,120,False
128158,SILVERM27JAN320750CE,SILVERM,21JAN2027,32075000.000000,1,OPTFUT,NCO,50.000000,120,False
128161,SILVERM27JAN321000PE,SILVERM,21JAN2027,32100000.000000,1,OPTFUT,NCO,50.000000,120,False
128162,SILVERM27JAN321250CE,SILVERM,21JAN2027,32125000.000000,1,OPTFUT,NCO,50.000000,120,False
124019,GOLD27MAR146900PE,GOLD,29MAR2027,14690000.000000,1,OPTFUT,NCO,50.000000,10,False
124020,GOLD27MAR147000CE,GOLD,29MAR2027,14700000.000000,1,OPTFUT,NCO,50.000000,10,False
124052,SILVERM27FEB281500PE,SILVERM,19FEB2027,28150000.000000,1,OPTFUT,NCO,50.000000,120,False
124060,SILVERM27FEB282500PE,SILVERM,19FEB2027,28250000.000000,1,OPTFUT,NCO,50.000000,120,False
128180,SILVERM27FEB305000PE,SILVERM,19FEB2027,30500000.000000,1,OPTFUT,NCO,50.000000,120,False
128186,SILVERM26OCT167750CE,SILVERM,23OCT2026,16775000.000000,1,OPTFUT,NCO,50.000000,120,False
128193,SILVERM27MAR235250PE,SILVERM,24MAR2027,23525000.000000,1,OPTFUT,NCO,50.000000,120,False
128200,SILVERM27MAR236250CE,SILVERM,24MAR2027,23625000.000000,1,OPTFUT,NCO,50.000000,120,False
128208,SILVERM27MAR237250CE,SILVERM,24MAR2027,23725000.000000,1,OPTFUT,NCO,50.000000,120,False
128213,SILVERM27MAR237750PE,SILVERM,24MAR2027,23775000.000000,1,OPTFUT,NCO,50.000000,120,False
128215,SILVERM27MAR238000PE,SILVERM,24MAR2027,23800000.000000,1,OPTFUT,NCO,50.000000,120,False
128223,SILVERM27MAR239000PE,SILVERM,24MAR2027,23900000.000000,1,OPTFUT,NCO,50.000000,120,False
124066,SILVERM27FEB283000PE,SILVERM,19FEB2027,28300000.000000,1,OPTFUT,NCO,50.000000,120,False
124095,NATURALGAS26NOV320PE,NATURALGAS,18NOV2026,32000.000000,1,OPTFUT,NCO,5.000000,48,False
124096,NATURALGAS26NOV325CE,NATURALGAS,18NOV2026,32500.000000,1,OPTFUT,NCO,5.000000,48,False
124125,GOLDM26NOV155500CE,GOLDM,27NOV2026,15550000.000000,1,OPTFUT,NCO,50.000000,100,False
128235,SILVERM27MAR282500PE,SILVERM,24MAR2027,28250000.000000,1,OPTFUT,NCO,50.000000,120,False
128249,SILVERM27MAR284250PE,SILVERM,24MAR2027,28425000.000000,1,OPTFUT,NCO,50.000000,120,False
128253,SILVERM27MAR284750PE,SILVERM,24MAR2027,28475000.000000,1,OPTFUT,NCO,50.000000,120,False
128257,SILVERM27MAR285250PE,SILVERM,24MAR2027,28525000.000000,1,OPTFUT,NCO,50.000000,120,False
124131,GOLD27JUL163200PE,GOLD,29JUL2027,16320000.000000,1,OPTFUT,NCO,50.000000,10,False
124134,GOLD27MAY168400CE,GOLD,28MAY2027,16840000.000000,1,OPTFUT,NCO,50.000000,10,False
124147,SILVERM27FEB284250PE,SILVERM,19FEB2027,28425000.000000,1,OPTFUT,NCO,50.000000,120,False
124155,SILVERM27FEB285250PE,SILVERM,19FEB2027,28525000.000000,1,OPTFUT,NCO,50.000000,120,False
128260,SILVERM27MAR285750CE,SILVERM,24MAR2027,28575000.000000,1,OPTFUT,NCO,50.000000,120,False
128264,SILVERM27MAR286250CE,SILVERM,24MAR2027,28625000.000000,1,OPTFUT,NCO,50.000000,120,False
128270,SILVERM27APR277500CE,SILVERM,23APR2027,27750000.000000,1,OPTFUT,NCO,50.000000,120,False
128274,SILVERM27APR278000CE,SILVERM,23APR2027,27800000.000000,1,OPTFUT,NCO,50.000000,120,False
124159,SILVER27MAYFUT,SILVER,05MAY2027,-1.000000,1,FUTBLN,NCO,100.000000,20,False
124179,GOLD27MAR147500PE,GOLD,29MAR2027,14750000.000000,1,OPTFUT,NCO,50.000000,10,False
124199,GOLDM26NOV156100CE,GOLDM,27NOV2026,15610000.000000,1,OPTFUT,NCO,50.000000,100,False
124200,SILVERM27MAR234000CE,SILVERM,24MAR2027,23400000.000000,1,OPTFUT,NCO,50.000000,120,False
128281,SILVERM27APR278750PE,SILVERM,23APR2027,27875000.000000,1,OPTFUT,NCO,50.000000,120,False
128283,SILVERM27APR279000PE,SILVERM,23APR2027,27900000.000000,1,OPTFUT,NCO,50.000000,120,False
128300,SILVERM27APR281250CE,SILVERM,23APR2027,28125000.000000,1,OPTFUT,NCO,50.000000,120,False
128356,SILVERM27APR230000PE,SILVERM,23APR2027,23000000.000000,1,OPTFUT,NCO,50.000000,120,False
128369,SILVERM26SEP197750CE,SILVERM,23SEP2026,19775000.000000,1,OPTFUT,NCO,50.000000,120,False
128373,SILVERM26SEP198250CE,SILVERM,23SEP2026,19825000.000000,1,OPTFUT,NCO,50.000000,120,False
128418,SILVERM27JAN323750PE,SILVERM,21JAN2027,32375000.000000,1,OPTFUT,NCO,50.000000,120,False
128422,SILVERM27JAN324250PE,SILVERM,21JAN2027,32425000.000000,1,OPTFUT,NCO,50.000000,120,False
124202,SILVERM27MAR234250CE,SILVERM,24MAR2027,23425000.000000,1,OPTFUT,NCO,50.000000,120,False
124218,GOLD27APR154800CE,GOLD,28APR2027,15480000.000000,1,OPTFUT,NCO,50.000000,10,False
124220,GOLD27APR154900CE,GOLD,28APR2027,15490000.000000,1,OPTFUT,NCO,50.000000,10,False
124224,GOLD27APR155100CE,GOLD,28APR2027,15510000.000000,1,OPTFUT,NCO,50.000000,10,False
128427,SILVERM27JAN325000CE,SILVERM,21JAN2027,32500000.000000,1,OPTFUT,NCO,50.000000,120,False
128435,SILVERM27JAN326000CE,SILVERM,21JAN2027,32600000.000000,1,OPTFUT,NCO,50.000000,120,False
128441,SILVERM27MAR240250CE,SILVERM,24MAR2027,24025000.000000,1,OPTFUT,NCO,50.000000,120,False
128452,SILVERM27MAR267000CE,SILVERM,24MAR2027,26700000.000000,1,OPTFUT,NCO,50.000000,120,False
124233,GOLD27APR155500CE,GOLD,28APR2027,15550000.000000,1,OPTFUT,NCO,50.000000,10,False
124234,GOLD27APR155500PE,GOLD,28APR2027,15550000.000000,1,OPTFUT,NCO,50.000000,10,False
124235,SILVERM27FEB286750CE,SILVERM,19FEB2027,28675000.000000,1,OPTFUT,NCO,50.000000,120,False
124255,GOLD27APR156000PE,GOLD,28APR2027,15600000.000000,1,OPTFUT,NCO,50.000000,10,False
128490,SILVERM27APR283750PE,SILVERM,23APR2027,28375000.000000,1,OPTFUT,NCO,50.000000,120,False
128503,SILVERM27FEB306000CE,SILVERM,19FEB2027,30600000.000000,1,OPTFUT,NCO,50.000000,120,False
128507,SILVERM27FEB306500CE,SILVERM,19FEB2027,30650000.000000,1,OPTFUT,NCO,50.000000,120,False
128511,SILVERM27FEB307000CE,SILVERM,19FEB2027,30700000.000000,1,OPTFUT,NCO,50.000000,120,False
124269,GOLD26NOV146600PE,GOLD,27NOV2026,14660000.000000,1,OPTFUT,NCO,50.000000,10,False
124283,SILVERM27MAR241250CE,SILVERM,24MAR2027,24125000.000000,1,OPTFUT,NCO,50.000000,120,False
124287,SILVERM27MAR241750CE,SILVERM,24MAR2027,24175000.000000,1,OPTFUT,NCO,50.000000,120,False
124296,GOLD26NOV133700CE,GOLD,27NOV2026,13370000.000000,1,OPTFUT,NCO,50.000000,10,False
128522,SILVERM27FEB308250PE,SILVERM,19FEB2027,30825000.000000,1,OPTFUT,NCO,50.000000,120,False
128541,SILVERM27FEB310750CE,SILVERM,19FEB2027,31075000.000000,1,OPTFUT,NCO,50.000000,120,False
128542,SILVERM27FEB310750PE,SILVERM,19FEB2027,31075000.000000,1,OPTFUT,NCO,50.000000,120,False
128547,SILVERM27FEB311500CE,SILVERM,19FEB2027,31150000.000000,1,OPTFUT,NCO,50.000000,120,False
124306,GOLD27MAR148100PE,GOLD,29MAR2027,14810000.000000,1,OPTFUT,NCO,50.000000,10,False
124309,GOLD27MAR148300CE,GOLD,29MAR2027,14830000.000000,1,OPTFUT,NCO,50.000000,10,False
124312,GOLD27MAR148400PE,GOLD,29MAR2027,14840000.000000,1,OPTFUT,NCO,50.000000,10,False
124314,GOLD26NOV134200CE,GOLD,27NOV2026,13420000.000000,1,OPTFUT,NCO,50.000000,10,False
128553,SILVERM27FEB312250CE,SILVERM,19FEB2027,31225000.000000,1,OPTFUT,NCO,50.000000,120,False
128567,SILVERM27FEB314000CE,SILVERM,19FEB2027,31400000.000000,1,OPTFUT,NCO,50.000000,120,False
128581,SILVERM27FEB315750CE,SILVERM,19FEB2027,31575000.000000,1,OPTFUT,NCO,50.000000,120,False
128587,SILVERM27JUN250250PE,SILVERM,23JUN2027,25025000.000000,1,OPTFUT,NCO,50.000000,120,False
124317,SILVERM27FEB287750CE,SILVERM,19FEB2027,28775000.000000,1,OPTFUT,NCO,50.000000,120,False
124327,GOLD27APR156500CE,GOLD,28APR2027,15650000.000000,1,OPTFUT,NCO,50.000000,10,False
124335,SILVERM27FEB288500CE,SILVERM,19FEB2027,28850000.000000,1,OPTFUT,NCO,50.000000,120,False
124344,SILVERM27FEB289000PE,SILVERM,19FEB2027,28900000.000000,1,OPTFUT,NCO,50.000000,120,False
128602,GOLD27MAR158600CE,GOLD,29MAR2027,15860000.000000,1,OPTFUT,NCO,50.000000,10,False
128605,GOLD27MAR158700PE,GOLD,29MAR2027,15870000.000000,1,OPTFUT,NCO,50.000000,10,False
128606,GOLD27MAR158800CE,GOLD,29MAR2027,15880000.000000,1,OPTFUT,NCO,50.000000,10,False
128612,GOLD27MAR159100CE,GOLD,29MAR2027,15910000.000000,1,OPTFUT,NCO,50.000000,10,False
124382,SILVERM27MAY274000PE,SILVERM,24MAY2027,27400000.000000,1,OPTFUT,NCO,50.000000,120,False
124385,SILVERM27MAY274500CE,SILVERM,24MAY2027,27450000.000000,1,OPTFUT,NCO,50.000000,120,False
124397,SILVERM27FEB290750CE,SILVERM,19FEB2027,29075000.000000,1,OPTFUT,NCO,50.000000,120,False
124400,GOLD26NOV134400PE,GOLD,27NOV2026,13440000.000000,1,OPTFUT,NCO,50.000000,10,False
128632,SILVER26DEC245750PE,SILVER,01DEC2026,24575000.000000,1,OPTBLN,NCO,50.000000,20,False
128639,SILVER26DEC246750CE,SILVER,01DEC2026,24675000.000000,1,OPTBLN,NCO,50.000000,20,False
128640,SILVER26DEC246750PE,SILVER,01DEC2026,24675000.000000,1,OPTBLN,NCO,50.000000,20,False
128662,SILVER26DEC249500PE,SILVER,01DEC2026,24950000.000000,1,OPTBLN,NCO,50.000000,20,False
128670,COPPER26OCT1265PE,COPPER,23OCT2026,126500.000000,1,OPTFUT,NCO,1.000000,70,False
128691,GOLD27MAR160400PE,GOLD,29MAR2027,16040000.000000,1,OPTFUT,NCO,50.000000,10,False
128762,COPPER26SEP1340CE,COPPER,23SEP2026,134000.000000,1,OPTFUT,NCO,1.000000,70,False
128771,GOLD27MAY157200PE,GOLD,28MAY2027,15720000.000000,1,OPTFUT,NCO,50.000000,10,False
124406,GOLD27MAR148700CE,GOLD,29MAR2027,14870000.000000,1,OPTFUT,NCO,50.000000,10,False
124418,GOLD27APR157300CE,GOLD,28APR2027,15730000.000000,1,OPTFUT,NCO,50.000000,10,False
124436,GOLD27MAR149200CE,GOLD,29MAR2027,14920000.000000,1,OPTFUT,NCO,50.000000,10,False
124439,SILVERM27MAY275500CE,SILVERM,24MAY2027,27550000.000000,1,OPTFUT,NCO,50.000000,120,False
128778,GOLD27MAY157600CE,GOLD,28MAY2027,15760000.000000,1,OPTFUT,NCO,50.000000,10,False
128788,GOLD27MAY158100CE,GOLD,28MAY2027,15810000.000000,1,OPTFUT,NCO,50.000000,10,False
128809,SILVERM26OCT168750PE,SILVERM,23OCT2026,16875000.000000,1,OPTFUT,NCO,50.000000,120,False
128817,SILVERM26OCT169750PE,SILVERM,23OCT2026,16975000.000000,1,OPTFUT,NCO,50.000000,120,False
124442,GOLD27APR157600PE,GOLD,28APR2027,15760000.000000,1,OPTFUT,NCO,50.000000,10,False
124451,GOLD27APR157900CE,GOLD,28APR2027,15790000.000000,1,OPTFUT,NCO,50.000000,10,False
124460,GOLD26NOV134900CE,GOLD,27NOV2026,13490000.000000,1,OPTFUT,NCO,50.000000,10,False
124466,GOLD27APR158300CE,GOLD,28APR2027,15830000.000000,1,OPTFUT,NCO,50.000000,10,False
128842,GOLD26OCT134100CE,GOLD,29OCT2026,13410000.000000,1,OPTFUT,NCO,50.000000,10,False
128867,SILVERM26OCT198750PE,SILVERM,23OCT2026,19875000.000000,1,OPTFUT,NCO,50.000000,120,False
128877,SILVERM26OCT200000PE,SILVERM,23OCT2026,20000000.000000,1,OPTFUT,NCO,50.000000,120,False
128879,SILVERM26OCT200250PE,SILVERM,23OCT2026,20025000.000000,1,OPTFUT,NCO,50.000000,120,False
124503,ZINC26NOV385CE,ZINC,23NOV2026,38500.000000,1,OPTFUT,NCO,1.000000,20,False
124504,ZINC26NOV385PE,ZINC,23NOV2026,38500.000000,1,OPTFUT,NCO,1.000000,20,False
124505,COPPER26OCT1445PE,COPPER,23OCT2026,144500.000000,1,OPTFUT,NCO,1.000000,70,False
124511,ZINC26NOV387.5PE,ZINC,23NOV2026,38750.000000,1,OPTFUT,NCO,1.000000,20,False
128891,SILVERM26NOV196500PE,SILVERM,23NOV2026,19650000.000000,1,OPTFUT,NCO,50.000000,120,False
128894,SILVERM26NOV197000CE,SILVERM,23NOV2026,19700000.000000,1,OPTFUT,NCO,50.000000,120,False
128896,SILVERM26NOV197250CE,SILVERM,23NOV2026,19725000.000000,1,OPTFUT,NCO,50.000000,120,False
128899,SILVERM26NOV197500PE,SILVERM,23NOV2026,19750000.000000,1,OPTFUT,NCO,50.000000,120,False
124522,ZINC26NOV402.5CE,ZINC,23NOV2026,40250.000000,1,OPTFUT,NCO,1.000000,20,False
124529,ZINC26NOV410PE,ZINC,23NOV2026,41000.000000,1,OPTFUT,NCO,1.000000,20,False
124533,SILVERM27JUL238000CE,SILVERM,23JUL2027,23800000.000000,1,OPTFUT,NCO,50.000000,120,False
124536,ZINC26OCT447.5PE,ZINC,23OCT2026,44750.000000,1,OPTFUT,NCO,1.000000,20,False
128901,SILVERM26NOV197750PE,SILVERM,23NOV2026,19775000.000000,1,OPTFUT,NCO,50.000000,120,False
128922,GOLD26OCT134400CE,GOLD,29OCT2026,13440000.000000,1,OPTFUT,NCO,50.000000,10,False
128931,GOLD26OCT134800PE,GOLD,29OCT2026,13480000.000000,1,OPTFUT,NCO,50.000000,10,False
128944,SILVERM27MAR268000PE,SILVERM,24MAR2027,26800000.000000,1,OPTFUT,NCO,50.000000,120,False
124549,ZINC26SEP412.5PE,ZINC,23SEP2026,41250.000000,1,OPTFUT,NCO,1.000000,20,False
124566,CRUDEOIL26OCT4800CE,CRUDEOIL,08OCT2026,480000.000000,1,OPTFUT,NCO,10.000000,100,False
128946,SILVERM27MAR268250PE,SILVERM,24MAR2027,26825000.000000,1,OPTFUT,NCO,50.000000,120,False
128951,SILVERM27MAR269000CE,SILVERM,24MAR2027,26900000.000000,1,OPTFUT,NCO,50.000000,120,False
128952,SILVERM27MAR269000PE,SILVERM,24MAR2027,26900000.000000,1,OPTFUT,NCO,50.000000,120,False
128962,SILVERM27APR285750CE,SILVERM,23APR2027,28575000.000000,1,OPTFUT,NCO,50.000000,120,False
124550,ZINC26SEP415CE,ZINC,23SEP2026,41500.000000,1,OPTFUT,NCO,1.000000,20,False
124552,ZINC26SEP415PE,ZINC,23SEP2026,41500.000000,1,OPTFUT,NCO,1.000000,20,False
124570,CRUDEOIL26OCT4900CE,CRUDEOIL,08OCT2026,490000.000000,1,OPTFUT,NCO,10.000000,100,False
124572,CRUDEOIL26OCT4950CE,CRUDEOIL,08OCT2026,495000.000000,1,OPTFUT,NCO,10.000000,100,False
124573,CRUDEOIL26OCT4950PE,CRUDEOIL,08OCT2026,495000.000000,1,OPTFUT,NCO,10.000000,100,False
124578,GOLD26NOV135500CE,GOLD,27NOV2026,13550000.000000,1,OPTFUT,NCO,50.000000,10,False
128973,COPPER26OCT1280CE,COPPER,23OCT2026,128000.000000,1,OPTFUT,NCO,1.000000,70,False
128974,COPPER26OCT1280PE,COPPER,23OCT2026,128000.000000,1,OPTFUT,NCO,1.000000,70,False
128979,COPPER26OCT1295CE,COPPER,23OCT2026,129500.000000,1,OPTFUT,NCO,1.000000,70,False
128986,SILVERM27APR230750PE,SILVERM,23APR2027,23075000.000000,1,OPTFUT,NCO,50.000000,120,False
128989,SILVERM27APR231250CE,SILVERM,23APR2027,23125000.000000,1,OPTFUT,NCO,50.000000,120,False
128994,GOLDM26SEP152800CE,GOLDM,25SEP2026,15280000.000000,1,OPTFUT,NCO,50.000000,100,False
129004,SILVERM27APR287250CE,SILVERM,23APR2027,28725000.000000,1,OPTFUT,NCO,50.000000,120,False
129035,GOLD27MAY160100PE,GOLD,28MAY2027,16010000.000000,1,OPTFUT,NCO,50.000000,10,False
124591,GOLD26NOV135800PE,GOLD,27NOV2026,13580000.000000,1,OPTFUT,NCO,50.000000,10,False
124599,SILVER26DEC205500CE,SILVER,01DEC2026,20550000.000000,1,OPTBLN,NCO,50.000000,20,False
124608,GOLD27AUGFUT,GOLD,05AUG2027,-1.000000,1,FUTBLN,NCO,100.000000,10,False
124634,GOLD26NOV136300CE,GOLD,27NOV2026,13630000.000000,1,OPTFUT,NCO,50.000000,10,False
129038,GOLD27MAY160300CE,GOLD,28MAY2027,16030000.000000,1,OPTFUT,NCO,50.000000,10,False
129045,GOLD26OCT135200PE,GOLD,29OCT2026,13520000.000000,1,OPTFUT,NCO,50.000000,10,False
129050,GOLD26OCT135500CE,GOLD,29OCT2026,13550000.000000,1,OPTFUT,NCO,50.000000,10,False
129051,GOLD26OCT135500PE,GOLD,29OCT2026,13550000.000000,1,OPTFUT,NCO,50.000000,10,False
129056,SILVERM27APR288000CE,SILVERM,23APR2027,28800000.000000,1,OPTFUT,NCO,50.000000,120,False
129075,SILVER27MAR236000PE,SILVER,02MAR2027,23600000.000000,1,OPTBLN,NCO,50.000000,20,False
129089,SILVER27MAR236750PE,SILVER,02MAR2027,23675000.000000,1,OPTBLN,NCO,50.000000,20,False
129094,COPPER26OCT1305PE,COPPER,23OCT2026,130500.000000,1,OPTFUT,NCO,1.000000,70,False
124635,GOLD26NOV136300PE,GOLD,27NOV2026,13630000.000000,1,OPTFUT,NCO,50.000000,10,False
124636,GOLD26NOV136400CE,GOLD,27NOV2026,13640000.000000,1,OPTFUT,NCO,50.000000,10,False
124651,GOLD26NOV136800CE,GOLD,27NOV2026,13680000.000000,1,OPTFUT,NCO,50.000000,10,False
124654,SILVERM27AUG249250PE,SILVERM,24AUG2027,24925000.000000,1,OPTFUT,NCO,50.000000,120,False
129099,COPPER26OCT1320CE,COPPER,23OCT2026,132000.000000,1,OPTFUT,NCO,1.000000,70,False
129115,SILVERM27APR233250PE,SILVERM,23APR2027,23325000.000000,1,OPTFUT,NCO,50.000000,120,False
129135,GOLD26OCT135800PE,GOLD,29OCT2026,13580000.000000,1,OPTFUT,NCO,50.000000,10,False
129143,SILVERM26NOV199000PE,SILVERM,23NOV2026,19900000.000000,1,OPTFUT,NCO,50.000000,120,False
124663,GOLD27JUL151700PE,GOLD,29JUL2027,15170000.000000,1,OPTFUT,NCO,50.000000,10,False
124666,GOLD26NOV136900CE,GOLD,27NOV2026,13690000.000000,1,OPTFUT,NCO,50.000000,10,False
124674,GOLD27JUL152000PE,GOLD,29JUL2027,15200000.000000,1,OPTFUT,NCO,50.000000,10,False
124676,GOLD27JUL152100PE,GOLD,29JUL2027,15210000.000000,1,OPTFUT,NCO,50.000000,10,False
129144,SILVER27MAR237500CE,SILVER,02MAR2027,23750000.000000,1,OPTBLN,NCO,50.000000,20,False
129177,SILVER27MAR238750PE,SILVER,02MAR2027,23875000.000000,1,OPTBLN,NCO,50.000000,20,False
129179,SILVERM27MAY230500PE,SILVERM,24MAY2027,23050000.000000,1,OPTFUT,NCO,50.000000,120,False
129181,SILVERM27MAY230750PE,SILVERM,24MAY2027,23075000.000000,1,OPTFUT,NCO,50.000000,120,False
124678,GOLD27JUL152200PE,GOLD,29JUL2027,15220000.000000,1,OPTFUT,NCO,50.000000,10,False
124680,GOLD27JUL152300PE,GOLD,29JUL2027,15230000.000000,1,OPTFUT,NCO,50.000000,10,False
124689,GOLD27JUL152600PE,GOLD,29JUL2027,15260000.000000,1,OPTFUT,NCO,50.000000,10,False
124690,GOLD27JUL152700CE,GOLD,29JUL2027,15270000.000000,1,OPTFUT,NCO,50.000000,10,False
129207,SILVERM26NOV199500PE,SILVERM,23NOV2026,19950000.000000,1,OPTFUT,NCO,50.000000,120,False
129208,SILVERM26NOV199750CE,SILVERM,23NOV2026,19975000.000000,1,OPTFUT,NCO,50.000000,120,False
129213,SILVERM26NOV200250PE,SILVERM,23NOV2026,20025000.000000,1,OPTFUT,NCO,50.000000,120,False
129214,SILVERM26NOV200500CE,SILVERM,23NOV2026,20050000.000000,1,OPTFUT,NCO,50.000000,120,False
124706,GOLD27JUL153300CE,GOLD,29JUL2027,15330000.000000,1,OPTFUT,NCO,50.000000,10,False
124709,GOLD27JUL153400PE,GOLD,29JUL2027,15340000.000000,1,OPTFUT,NCO,50.000000,10,False
124720,SILVERM27AUG250750PE,SILVERM,24AUG2027,25075000.000000,1,OPTFUT,NCO,50.000000,120,False
124732,SILVERM27AUG252250PE,SILVERM,24AUG2027,25225000.000000,1,OPTFUT,NCO,50.000000,120,False
129215,SILVERM26NOV200500PE,SILVERM,23NOV2026,20050000.000000,1,OPTFUT,NCO,50.000000,120,False
129225,SILVERM27JUN234250PE,SILVERM,23JUN2027,23425000.000000,1,OPTFUT,NCO,50.000000,120,False
129246,SILVERM27MAY231500CE,SILVERM,24MAY2027,23150000.000000,1,OPTFUT,NCO,50.000000,120,False
129269,SILVERM27JAN328250PE,SILVERM,21JAN2027,32825000.000000,1,OPTFUT,NCO,50.000000,120,False
124744,GOLD26OCT126100CE,GOLD,29OCT2026,12610000.000000,1,OPTFUT,NCO,50.000000,10,False
124747,SILVERM27AUG252750CE,SILVERM,24AUG2027,25275000.000000,1,OPTFUT,NCO,50.000000,120,False
124763,GOLD27JUL153900PE,GOLD,29JUL2027,15390000.000000,1,OPTFUT,NCO,50.000000,10,False
124764,GOLD26OCT126600PE,GOLD,29OCT2026,12660000.000000,1,OPTFUT,NCO,50.000000,10,False
129342,SILVER27MAR240000PE,SILVER,02MAR2027,24000000.000000,1,OPTBLN,NCO,50.000000,20,False
129343,SILVER27MAR240250CE,SILVER,02MAR2027,24025000.000000,1,OPTBLN,NCO,50.000000,20,False
129355,SILVERM27JUN237500PE,SILVERM,23JUN2027,23750000.000000,1,OPTFUT,NCO,50.000000,120,False
129361,SILVERM27JUN238250PE,SILVERM,23JUN2027,23825000.000000,1,OPTFUT,NCO,50.000000,120,False
124765,GOLD26OCT126700CE,GOLD,29OCT2026,12670000.000000,1,OPTFUT,NCO,50.000000,10,False
124773,GOLD26OCT127100CE,GOLD,29OCT2026,12710000.000000,1,OPTFUT,NCO,50.000000,10,False
124778,GOLD26NOV137300CE,GOLD,27NOV2026,13730000.000000,1,OPTFUT,NCO,50.000000,10,False
124792,GOLD27APR148700PE,GOLD,28APR2027,14870000.000000,1,OPTFUT,NCO,50.000000,10,False
129367,SILVERM27JUN239000PE,SILVERM,23JUN2027,23900000.000000,1,OPTFUT,NCO,50.000000,120,False
129376,SILVERM27JUN240250CE,SILVERM,23JUN2027,24025000.000000,1,OPTFUT,NCO,50.000000,120,False
129380,SILVERM27JUN240750CE,SILVERM,23JUN2027,24075000.000000,1,OPTFUT,NCO,50.000000,120,False
129383,SILVERM27JUN241000PE,SILVERM,23JUN2027,24100000.000000,1,OPTFUT,NCO,50.000000,120,False
124793,GOLD27APR148800CE,GOLD,28APR2027,14880000.000000,1,OPTFUT,NCO,50.000000,10,False
124804,GOLD26NOV137600PE,GOLD,27NOV2026,13760000.000000,1,OPTFUT,NCO,50.000000,10,False
124813,SILVERM27AUG253500PE,SILVERM,24AUG2027,25350000.000000,1,OPTFUT,NCO,50.000000,120,False
124819,GOLD26OCT127400CE,GOLD,29OCT2026,12740000.000000,1,OPTFUT,NCO,50.000000,10,False
129384,SILVERM27JUN241250CE,SILVERM,23JUN2027,24125000.000000,1,OPTFUT,NCO,50.000000,120,False
129397,GOLDM26OCT153700CE,GOLDM,29OCT2026,15370000.000000,1,OPTFUT,NCO,50.000000,100,False
129401,SILVERM27MAY232000PE,SILVERM,24MAY2027,23200000.000000,1,OPTFUT,NCO,50.000000,120,False
129414,SILVERM27JUL246750PE,SILVERM,23JUL2027,24675000.000000,1,OPTFUT,NCO,50.000000,120,False
124823,GOLD27APR149400PE,GOLD,28APR2027,14940000.000000,1,OPTFUT,NCO,50.000000,10,False
124826,SILVER26DEC206250PE,SILVER,01DEC2026,20625000.000000,1,OPTBLN,NCO,50.000000,20,False
124832,GOLD26NOV137800PE,GOLD,27NOV2026,13780000.000000,1,OPTFUT,NCO,50.000000,10,False
124836,SILVER26DEC207000CE,SILVER,01DEC2026,20700000.000000,1,OPTBLN,NCO,50.000000,20,False
129415,SILVERM27JUL247000CE,SILVERM,23JUL2027,24700000.000000,1,OPTFUT,NCO,50.000000,120,False
129429,SILVERM27JUL248500CE,SILVERM,23JUL2027,24850000.000000,1,OPTFUT,NCO,50.000000,120,False
129435,SILVERM27JUL249250CE,SILVERM,23JUL2027,24925000.000000,1,OPTFUT,NCO,50.000000,120,False
129462,SILVERM26NOV200750CE,SILVERM,23NOV2026,20075000.000000,1,OPTFUT,NCO,50.000000,120,False
129527,SILVERM27JUN242750PE,SILVERM,23JUN2027,24275000.000000,1,OPTFUT,NCO,50.000000,120,False
129549,SILVER27MAR245750CE,SILVER,02MAR2027,24575000.000000,1,OPTBLN,NCO,50.000000,20,False
129558,SILVERM27MAY233250CE,SILVERM,24MAY2027,23325000.000000,1,OPTFUT,NCO,50.000000,120,False
129567,SILVERM27MAY234250PE,SILVERM,24MAY2027,23425000.000000,1,OPTFUT,NCO,50.000000,120,False
124837,SILVER26DEC207000PE,SILVER,01DEC2026,20700000.000000,1,OPTBLN,NCO,50.000000,20,False
124849,SILVER26DEC207750CE,SILVER,01DEC2026,20775000.000000,1,OPTBLN,NCO,50.000000,20,False
124855,GOLD27JUL154100PE,GOLD,29JUL2027,15410000.000000,1,OPTFUT,NCO,50.000000,10,False
124859,GOLD27APR149800PE,GOLD,28APR2027,14980000.000000,1,OPTFUT,NCO,50.000000,10,False
129570,SILVERM27JUL249250PE,SILVERM,23JUL2027,24925000.000000,1,OPTFUT,NCO,50.000000,120,False
129574,SILVERM27JAN330000CE,SILVERM,21JAN2027,33000000.000000,1,OPTFUT,NCO,50.000000,120,False
129589,SILVERM27JUL251250CE,SILVERM,23JUL2027,25125000.000000,1,OPTFUT,NCO,50.000000,120,False
129590,SILVERM27JUL251250PE,SILVERM,23JUL2027,25125000.000000,1,OPTFUT,NCO,50.000000,120,False
124874,GOLD27MAY148600CE,GOLD,28MAY2027,14860000.000000,1,OPTFUT,NCO,50.000000,10,False
124890,GOLD27MAY149000CE,GOLD,28MAY2027,14900000.000000,1,OPTFUT,NCO,50.000000,10,False
124892,GOLD27JUL154700CE,GOLD,29JUL2027,15470000.000000,1,OPTFUT,NCO,50.000000,10,False
124897,GOLD26OCT127500PE,GOLD,29OCT2026,12750000.000000,1,OPTFUT,NCO,50.000000,10,False
129595,SILVERM27JUL252000CE,SILVERM,23JUL2027,25200000.000000,1,OPTFUT,NCO,50.000000,120,False
129603,GOLD27JUN160200CE,GOLD,28JUN2027,16020000.000000,1,OPTFUT,NCO,50.000000,10,False
129604,GOLD27JUN160200PE,GOLD,28JUN2027,16020000.000000,1,OPTFUT,NCO,50.000000,10,False
129612,GOLD27JUN160600PE,GOLD,28JUN2027,16060000.000000,1,OPTFUT,NCO,50.000000,10,False
124904,GOLD27MAY149200CE,GOLD,28MAY2027,14920000.000000,1,OPTFUT,NCO,50.000000,10,False
124905,GOLD27JUL154900PE,GOLD,29JUL2027,15490000.000000,1,OPTFUT,NCO,50.000000,10,False
124922,GOLD27JUL155200CE,GOLD,29JUL2027,15520000.000000,1,OPTFUT,NCO,50.000000,10,False
124924,GOLD27MAY149300CE,GOLD,28MAY2027,14930000.000000,1,OPTFUT,NCO,50.000000,10,False
129618,GOLD27JUN160900PE,GOLD,28JUN2027,16090000.000000,1,OPTFUT,NCO,50.000000,10,False
129620,GOLD27JUN161000PE,GOLD,28JUN2027,16100000.000000,1,OPTFUT,NCO,50.000000,10,False
129626,GOLD27JUL160900PE,GOLD,29JUL2027,16090000.000000,1,OPTFUT,NCO,50.000000,10,False
129638,SILVERM27JAN330750PE,SILVERM,21JAN2027,33075000.000000,1,OPTFUT,NCO,50.000000,120,False
124927,GOLD27MAY149400PE,GOLD,28MAY2027,14940000.000000,1,OPTFUT,NCO,50.000000,10,False
124930,SILVERM27AUG255000PE,SILVERM,24AUG2027,25500000.000000,1,OPTFUT,NCO,50.000000,120,False
124937,SILVERM27AUG255750CE,SILVERM,24AUG2027,25575000.000000,1,OPTFUT,NCO,50.000000,120,False
124944,SILVERM27AUG256250PE,SILVERM,24AUG2027,25625000.000000,1,OPTFUT,NCO,50.000000,120,False
129641,SILVERM27JAN331250CE,SILVERM,21JAN2027,33125000.000000,1,OPTFUT,NCO,50.000000,120,False
129654,SILVERM27JAN332750PE,SILVERM,21JAN2027,33275000.000000,1,OPTFUT,NCO,50.000000,120,False
129684,SILVER27MAR248500CE,SILVER,02MAR2027,24850000.000000,1,OPTBLN,NCO,50.000000,20,False
129698,SILVER27MAR250250CE,SILVER,02MAR2027,25025000.000000,1,OPTBLN,NCO,50.000000,20,False
124947,SILVERM27AUG256500PE,SILVERM,24AUG2027,25650000.000000,1,OPTFUT,NCO,50.000000,120,False
124951,SILVERM27AUG256750CE,SILVERM,24AUG2027,25675000.000000,1,OPTFUT,NCO,50.000000,120,False
124954,GOLD27JUL155700PE,GOLD,29JUL2027,15570000.000000,1,OPTFUT,NCO,50.000000,10,False
124958,GOLDM26NOV156200PE,GOLDM,27NOV2026,15620000.000000,1,OPTFUT,NCO,50.000000,100,False
129710,SILVER27MAR251750CE,SILVER,02MAR2027,25175000.000000,1,OPTBLN,NCO,50.000000,20,False
129737,SILVERM26OCT174250CE,SILVERM,23OCT2026,17425000.000000,1,OPTFUT,NCO,50.000000,120,False
129743,SILVERM26OCT175000CE,SILVERM,23OCT2026,17500000.000000,1,OPTFUT,NCO,50.000000,120,False
129744,SILVERM26OCT175000PE,SILVERM,23OCT2026,17500000.000000,1,OPTFUT,NCO,50.000000,120,False
124964,SILVERM27MAY276500CE,SILVERM,24MAY2027,27650000.000000,1,OPTFUT,NCO,50.000000,120,False
124969,SILVERM27MAY277000CE,SILVERM,24MAY2027,27700000.000000,1,OPTFUT,NCO,50.000000,120,False
124975,GOLD27MAY149500PE,GOLD,28MAY2027,14950000.000000,1,OPTFUT,NCO,50.000000,10,False
124996,GOLDM26SEP149000CE,GOLDM,25SEP2026,14900000.000000,1,OPTFUT,NCO,50.000000,100,False
129755,SILVERM26OCT176500CE,SILVERM,23OCT2026,17650000.000000,1,OPTFUT,NCO,50.000000,120,False
129794,SILVER27MAR253000CE,SILVER,02MAR2027,25300000.000000,1,OPTBLN,NCO,50.000000,20,False
129798,SILVERM27MAY235000PE,SILVERM,24MAY2027,23500000.000000,1,OPTFUT,NCO,50.000000,120,False
129805,SILVER27MAR253250PE,SILVER,02MAR2027,25325000.000000,1,OPTBLN,NCO,50.000000,20,False
125016,GOLDM26OCT144600CE,GOLDM,29OCT2026,14460000.000000,1,OPTFUT,NCO,50.000000,100,False
125018,GOLDM26OCT144700CE,GOLDM,29OCT2026,14470000.000000,1,OPTFUT,NCO,50.000000,100,False
125020,GOLDM26SEP149400PE,GOLDM,25SEP2026,14940000.000000,1,OPTFUT,NCO,50.000000,100,False
125022,GOLDM26OCT144800CE,GOLDM,29OCT2026,14480000.000000,1,OPTFUT,NCO,50.000000,100,False
129830,SILVERM27MAY252000CE,SILVERM,24MAY2027,25200000.000000,1,OPTFUT,NCO,50.000000,120,False
129833,SILVERM27MAY252250PE,SILVERM,24MAY2027,25225000.000000,1,OPTFUT,NCO,50.000000,120,False
129838,SILVERM27MAY253000CE,SILVERM,24MAY2027,25300000.000000,1,OPTFUT,NCO,50.000000,120,False
129863,GOLD27MAR164500CE,GOLD,29MAR2027,16450000.000000,1,OPTFUT,NCO,50.000000,10,False
125053,GOLD26OCT127800CE,GOLD,29OCT2026,12780000.000000,1,OPTFUT,NCO,50.000000,10,False
125069,GOLDM26OCT145300PE,GOLDM,29OCT2026,14530000.000000,1,OPTFUT,NCO,50.000000,100,False
125084,GOLD27MAY150300PE,GOLD,28MAY2027,15030000.000000,1,OPTFUT,NCO,50.000000,10,False
125106,GOLD27MAR162400PE,GOLD,29MAR2027,16240000.000000,1,OPTFUT,NCO,50.000000,10,False
125114,GOLD26OCT128000PE,GOLD,29OCT2026,12800000.000000,1,OPTFUT,NCO,50.000000,10,False
125137,GOLD27MAR163400CE,GOLD,29MAR2027,16340000.000000,1,OPTFUT,NCO,50.000000,10,False
125147,GOLD26OCT128600CE,GOLD,29OCT2026,12860000.000000,1,OPTFUT,NCO,50.000000,10,False
125151,SILVERM27MAR244250PE,SILVERM,24MAR2027,24425000.000000,1,OPTFUT,NCO,50.000000,120,False
129865,GOLD27MAR164600CE,GOLD,29MAR2027,16460000.000000,1,OPTFUT,NCO,50.000000,10,False
129872,GOLD27MAR164900PE,GOLD,29MAR2027,16490000.000000,1,OPTFUT,NCO,50.000000,10,False
129884,GOLD27MAR165500PE,GOLD,29MAR2027,16550000.000000,1,OPTFUT,NCO,50.000000,10,False
129926,GOLD27MAR167600PE,GOLD,29MAR2027,16760000.000000,1,OPTFUT,NCO,50.000000,10,False
125153,SILVERM26DEC239000CE,SILVERM,23DEC2026,23900000.000000,1,OPTFUT,NCO,50.000000,120,False
125157,SILVERM26DEC239250CE,SILVERM,23DEC2026,23925000.000000,1,OPTFUT,NCO,50.000000,120,False
125161,SILVERM26DEC239750CE,SILVERM,23DEC2026,23975000.000000,1,OPTFUT,NCO,50.000000,120,False
125165,SILVERM26DEC240250CE,SILVERM,23DEC2026,24025000.000000,1,OPTFUT,NCO,50.000000,120,False
129929,GOLD27MAR167800CE,GOLD,29MAR2027,16780000.000000,1,OPTFUT,NCO,50.000000,10,False
129930,GOLD27MAR167800PE,GOLD,29MAR2027,16780000.000000,1,OPTFUT,NCO,50.000000,10,False
129939,SILVERM27JUN243750CE,SILVERM,23JUN2027,24375000.000000,1,OPTFUT,NCO,50.000000,120,False
129948,SILVERM27JUN244750PE,SILVERM,23JUN2027,24475000.000000,1,OPTFUT,NCO,50.000000,120,False
125166,SILVERM26DEC240250PE,SILVERM,23DEC2026,24025000.000000,1,OPTFUT,NCO,50.000000,120,False
125179,SILVERM26DEC242000CE,SILVERM,23DEC2026,24200000.000000,1,OPTFUT,NCO,50.000000,120,False
125180,SILVERM26DEC242000PE,SILVERM,23DEC2026,24200000.000000,1,OPTFUT,NCO,50.000000,120,False
125185,SILVERM26DEC242750CE,SILVERM,23DEC2026,24275000.000000,1,OPTFUT,NCO,50.000000,120,False
129949,SILVERM27JUN245000CE,SILVERM,23JUN2027,24500000.000000,1,OPTFUT,NCO,50.000000,120,False
129966,SILVERM27MAY253750PE,SILVERM,24MAY2027,25375000.000000,1,OPTFUT,NCO,50.000000,120,False
129974,SILVERM27MAR262250CE,SILVERM,24MAR2027,26225000.000000,1,OPTFUT,NCO,50.000000,120,False
129995,GOLD27MAR169000CE,GOLD,29MAR2027,16900000.000000,1,OPTFUT,NCO,50.000000,10,False
130017,GOLD27MAR170100CE,GOLD,29MAR2027,17010000.000000,1,OPTFUT,NCO,50.000000,10,False
130023,SILVERM27MAY254500PE,SILVERM,24MAY2027,25450000.000000,1,OPTFUT,NCO,50.000000,120,False
130034,SILVERM27MAY256000CE,SILVERM,24MAY2027,25600000.000000,1,OPTFUT,NCO,50.000000,120,False
130120,GOLD27JUL161900PE,GOLD,29JUL2027,16190000.000000,1,OPTFUT,NCO,50.000000,10,False
125193,SILVERM26DEC243750CE,SILVERM,23DEC2026,24375000.000000,1,OPTFUT,NCO,50.000000,120,False
125206,GOLDM26OCT147000PE,GOLDM,29OCT2026,14700000.000000,1,OPTFUT,NCO,50.000000,100,False
125230,SILVERM27MAY277250CE,SILVERM,24MAY2027,27725000.000000,1,OPTFUT,NCO,50.000000,120,False
125237,SILVER26DEC208750CE,SILVER,01DEC2026,20875000.000000,1,OPTBLN,NCO,50.000000,20,False
125248,SILVER26DEC209500CE,SILVER,01DEC2026,20950000.000000,1,OPTBLN,NCO,50.000000,20,False
125264,SILVER26DEC209500PE,SILVER,01DEC2026,20950000.000000,1,OPTBLN,NCO,50.000000,20,False
125268,SILVER26DEC209750CE,SILVER,01DEC2026,20975000.000000,1,OPTBLN,NCO,50.000000,20,False
125275,SILVER26DEC210000PE,SILVER,01DEC2026,21000000.000000,1,OPTBLN,NCO,50.000000,20,False
130127,GOLDM26SEP153200CE,GOLDM,25SEP2026,15320000.000000,1,OPTFUT,NCO,50.000000,100,False
130134,GOLDM26SEP153500PE,GOLDM,25SEP2026,15350000.000000,1,OPTFUT,NCO,50.000000,100,False
130137,GOLDM26SEP153700CE,GOLDM,25SEP2026,15370000.000000,1,OPTFUT,NCO,50.000000,100,False
130138,GOLDM26SEP153700PE,GOLDM,25SEP2026,15370000.000000,1,OPTFUT,NCO,50.000000,100,False
130145,GOLDM26SEP154100CE,GOLDM,25SEP2026,15410000.000000,1,OPTFUT,NCO,50.000000,100,False
130179,CRUDEOIL26NOV11100CE,CRUDEOIL,10NOV2026,1110000.000000,1,OPTFUT,NCO,10.000000,100,False
130193,SILVERM27AUG241500CE,SILVERM,24AUG2027,24150000.000000,1,OPTFUT,NCO,50.000000,120,False
130195,SILVERM27AUG241750CE,SILVERM,24AUG2027,24175000.000000,1,OPTFUT,NCO,50.000000,120,False
125276,SILVER26DEC210250CE,SILVER,01DEC2026,21025000.000000,1,OPTBLN,NCO,50.000000,20,False
125277,SILVER26DEC210250PE,SILVER,01DEC2026,21025000.000000,1,OPTBLN,NCO,50.000000,20,False
125280,SILVER26DEC210750CE,SILVER,01DEC2026,21075000.000000,1,OPTBLN,NCO,50.000000,20,False
125287,SILVER26DEC211500PE,SILVER,01DEC2026,21150000.000000,1,OPTBLN,NCO,50.000000,20,False
125294,SILVERM27JAN265500CE,SILVERM,21JAN2027,26550000.000000,1,OPTFUT,NCO,50.000000,120,False
125300,SILVERM27JAN266250CE,SILVERM,21JAN2027,26625000.000000,1,OPTFUT,NCO,50.000000,120,False
125315,SILVER26DEC213000PE,SILVER,01DEC2026,21300000.000000,1,OPTBLN,NCO,50.000000,20,False
125353,SILVERM27MAR245750CE,SILVERM,24MAR2027,24575000.000000,1,OPTFUT,NCO,50.000000,120,False
130203,GOLD27MAR170300CE,GOLD,29MAR2027,17030000.000000,1,OPTFUT,NCO,50.000000,10,False
130207,GOLD27MAR170500CE,GOLD,29MAR2027,17050000.000000,1,OPTFUT,NCO,50.000000,10,False
130220,GOLD27MAR171100PE,GOLD,29MAR2027,17110000.000000,1,OPTFUT,NCO,50.000000,10,False
130221,GOLD27MAR171200CE,GOLD,29MAR2027,17120000.000000,1,OPTFUT,NCO,50.000000,10,False
125354,GOLD26NOV133300CE,GOLD,27NOV2026,13330000.000000,1,OPTFUT,NCO,50.000000,10,False
125370,SILVERM27APR261750PE,SILVERM,23APR2027,26175000.000000,1,OPTFUT,NCO,50.000000,120,False
125376,SILVERM27JAN268500CE,SILVERM,21JAN2027,26850000.000000,1,OPTFUT,NCO,50.000000,120,False
125388,SILVERM27JAN269250CE,SILVERM,21JAN2027,26925000.000000,1,OPTFUT,NCO,50.000000,120,False
130237,GOLD27APR163400CE,GOLD,28APR2027,16340000.000000,1,OPTFUT,NCO,50.000000,10,False
130241,GOLD27APR163600CE,GOLD,28APR2027,16360000.000000,1,OPTFUT,NCO,50.000000,10,False
130242,GOLD27APR163600PE,GOLD,28APR2027,16360000.000000,1,OPTFUT,NCO,50.000000,10,False
130260,GOLD27APR164500PE,GOLD,28APR2027,16450000.000000,1,OPTFUT,NCO,50.000000,10,False
125389,SILVERM26NOV196000CE,SILVERM,23NOV2026,19600000.000000,1,OPTFUT,NCO,50.000000,120,False
125433,SILVERM27JAN272000CE,SILVERM,21JAN2027,27200000.000000,1,OPTFUT,NCO,50.000000,120,False
125434,SILVERM27JAN272000PE,SILVERM,21JAN2027,27200000.000000,1,OPTFUT,NCO,50.000000,120,False
125437,SILVERM27MAR275750PE,SILVERM,24MAR2027,27575000.000000,1,OPTFUT,NCO,50.000000,120,False
130277,GOLD27APR165400CE,GOLD,28APR2027,16540000.000000,1,OPTFUT,NCO,50.000000,10,False
130282,GOLD27APR165600PE,GOLD,28APR2027,16560000.000000,1,OPTFUT,NCO,50.000000,10,False
130297,GOLDM26SEP144500CE,GOLDM,25SEP2026,14450000.000000,1,OPTFUT,NCO,50.000000,100,False
130300,GOLDM26SEP144600PE,GOLDM,25SEP2026,14460000.000000,1,OPTFUT,NCO,50.000000,100,False
125446,SILVERM27APR277250CE,SILVERM,23APR2027,27725000.000000,1,OPTFUT,NCO,50.000000,120,False
125449,SILVERM27MAR247750PE,SILVERM,24MAR2027,24775000.000000,1,OPTFUT,NCO,50.000000,120,False
125458,SILVERM27MAR249000CE,SILVERM,24MAR2027,24900000.000000,1,OPTFUT,NCO,50.000000,120,False
125460,SILVERM27MAR249250CE,SILVERM,24MAR2027,24925000.000000,1,OPTFUT,NCO,50.000000,120,False
130304,GOLDM26SEP144800PE,GOLDM,25SEP2026,14480000.000000,1,OPTFUT,NCO,50.000000,100,False
130315,GOLD27APR166100PE,GOLD,28APR2027,16610000.000000,1,OPTFUT,NCO,50.000000,10,False
130316,GOLD27APR166200CE,GOLD,28APR2027,16620000.000000,1,OPTFUT,NCO,50.000000,10,False
130340,SILVERM27AUG242750PE,SILVERM,24AUG2027,24275000.000000,1,OPTFUT,NCO,50.000000,120,False
125467,SILVERM27MAR250000PE,SILVERM,24MAR2027,25000000.000000,1,OPTFUT,NCO,50.000000,120,False
125470,SILVERM27MAR250500CE,SILVERM,24MAR2027,25050000.000000,1,OPTFUT,NCO,50.000000,120,False
125476,SILVERM27MAR251250CE,SILVERM,24MAR2027,25125000.000000,1,OPTFUT,NCO,50.000000,120,False
125479,GOLDM26NOV156400PE,GOLDM,27NOV2026,15640000.000000,1,OPTFUT,NCO,50.000000,100,False
130345,GOLD26NOV138600CE,GOLD,27NOV2026,13860000.000000,1,OPTFUT,NCO,50.000000,10,False
130351,GOLD26NOV138700CE,GOLD,27NOV2026,13870000.000000,1,OPTFUT,NCO,50.000000,10,False
130358,GOLDM26SEP145000PE,GOLDM,25SEP2026,14500000.000000,1,OPTFUT,NCO,50.000000,100,False
130362,GOLDM26SEP145100PE,GOLDM,25SEP2026,14510000.000000,1,OPTFUT,NCO,50.000000,100,False
130369,ZINC26OCT400CE,ZINC,23OCT2026,40000.000000,1,OPTFUT,NCO,1.000000,20,False
130373,GOLD27JUN149900CE,GOLD,28JUN2027,14990000.000000,1,OPTFUT,NCO,50.000000,10,False
130382,GOLD27APR166700CE,GOLD,28APR2027,16670000.000000,1,OPTFUT,NCO,50.000000,10,False
130386,SILVERM27JAN334250PE,SILVERM,21JAN2027,33425000.000000,1,OPTFUT,NCO,50.000000,120,False
125481,GOLDM26NOV156500PE,GOLDM,27NOV2026,15650000.000000,1,OPTFUT,NCO,50.000000,100,False
125485,SILVERM27JAN273250CE,SILVERM,21JAN2027,27325000.000000,1,OPTFUT,NCO,50.000000,120,False
125493,SILVERM27JAN274250CE,SILVERM,21JAN2027,27425000.000000,1,OPTFUT,NCO,50.000000,120,False
125499,SILVERM27JAN275000CE,SILVERM,21JAN2027,27500000.000000,1,OPTFUT,NCO,50.000000,120,False
130389,GOLD27JUN150000CE,GOLD,28JUN2027,15000000.000000,1,OPTFUT,NCO,50.000000,10,False
130396,SILVERM27MAR263000CE,SILVERM,24MAR2027,26300000.000000,1,OPTFUT,NCO,50.000000,120,False
130416,ZINC26OCT372.5CE,ZINC,23OCT2026,37250.000000,1,OPTFUT,NCO,1.000000,20,False
130423,GOLDM26OCT154400CE,GOLDM,29OCT2026,15440000.000000,1,OPTFUT,NCO,50.000000,100,False
125500,SILVERM27JAN275000PE,SILVERM,21JAN2027,27500000.000000,1,OPTFUT,NCO,50.000000,120,False
125503,SILVERM27MAR251500PE,SILVERM,24MAR2027,25150000.000000,1,OPTFUT,NCO,50.000000,120,False
125511,SILVERM27JAN275750CE,SILVERM,21JAN2027,27575000.000000,1,OPTFUT,NCO,50.000000,120,False
125521,SILVERM27MAR251750CE,SILVERM,24MAR2027,25175000.000000,1,OPTFUT,NCO,50.000000,120,False
130429,SILVERM26SEPFUT,SILVERM,30SEP2026,-1.000000,1,FUTBLN,NCO,100.000000,120,False
130455,SILVERM27AUG243750PE,SILVERM,24AUG2027,24375000.000000,1,OPTFUT,NCO,50.000000,120,False
130470,GOLD27APR167200CE,GOLD,28APR2027,16720000.000000,1,OPTFUT,NCO,50.000000,10,False
130472,SILVERM27MAY261250CE,SILVERM,24MAY2027,26125000.000000,1,OPTFUT,NCO,50.000000,120,False
125572,SILVERM27MAY267750CE,SILVERM,24MAY2027,26775000.000000,1,OPTFUT,NCO,50.000000,120,False
125578,SILVERM26OCT149750CE,SILVERM,23OCT2026,14975000.000000,1,OPTFUT,NCO,50.000000,120,False
125586,GOLDM26OCT148500PE,GOLDM,29OCT2026,14850000.000000,1,OPTFUT,NCO,50.000000,100,False
125596,GOLDM26NOV157200PE,GOLDM,27NOV2026,15720000.000000,1,OPTFUT,NCO,50.000000,100,False
130475,SILVERM27AUG244000CE,SILVERM,24AUG2027,24400000.000000,1,OPTFUT,NCO,50.000000,120,False
130476,SILVERM27AUG244000PE,SILVERM,24AUG2027,24400000.000000,1,OPTFUT,NCO,50.000000,120,False
130494,GOLD27JUN150600CE,GOLD,28JUN2027,15060000.000000,1,OPTFUT,NCO,50.000000,10,False
130500,COPPER26SEP1255CE,COPPER,23SEP2026,125500.000000,1,OPTFUT,NCO,1.000000,70,False
125606,GOLDM26NOV157700PE,GOLDM,27NOV2026,15770000.000000,1,OPTFUT,NCO,50.000000,100,False
125614,GOLD27AUG159000PE,GOLD,27AUG2027,15900000.000000,1,OPTFUT,NCO,50.000000,10,False
125631,GOLD27AUG159200PE,GOLD,27AUG2027,15920000.000000,1,OPTFUT,NCO,50.000000,10,False
125642,GOLDM26NOV151900CE,GOLDM,27NOV2026,15190000.000000,1,OPTFUT,NCO,50.000000,100,False
130505,COPPER26SEP1265PE,COPPER,23SEP2026,126500.000000,1,OPTFUT,NCO,1.000000,70,False
130506,GOLD27MAR163600PE,GOLD,29MAR2027,16360000.000000,1,OPTFUT,NCO,50.000000,10,False
130510,GOLD27APR167300CE,GOLD,28APR2027,16730000.000000,1,OPTFUT,NCO,50.000000,10,False
130513,GOLD27APR167400PE,GOLD,28APR2027,16740000.000000,1,OPTFUT,NCO,50.000000,10,False
125649,GOLDM26NOV152200PE,GOLDM,27NOV2026,15220000.000000,1,OPTFUT,NCO,50.000000,100,False
125655,GOLDM26NOV152500PE,GOLDM,27NOV2026,15250000.000000,1,OPTFUT,NCO,50.000000,100,False
125666,SILVERM27JAN278500CE,SILVERM,21JAN2027,27850000.000000,1,OPTFUT,NCO,50.000000,120,False
125670,SILVERM27JAN279000CE,SILVERM,21JAN2027,27900000.000000,1,OPTFUT,NCO,50.000000,120,False
130515,SILVERM27JAN335000CE,SILVERM,21JAN2027,33500000.000000,1,OPTFUT,NCO,50.000000,120,False
130517,SILVERM27JAN335250CE,SILVERM,21JAN2027,33525000.000000,1,OPTFUT,NCO,50.000000,120,False
130518,SILVERM27JAN335250PE,SILVERM,21JAN2027,33525000.000000,1,OPTFUT,NCO,50.000000,120,False
130521,ZINC26OCT377.5PE,ZINC,23OCT2026,37750.000000,1,OPTFUT,NCO,1.000000,20,False
125684,SILVERM27JAN280750CE,SILVERM,21JAN2027,28075000.000000,1,OPTFUT,NCO,50.000000,120,False
125696,GOLDM26OCT148800CE,GOLDM,29OCT2026,14880000.000000,1,OPTFUT,NCO,50.000000,100,False
125697,GOLDM26OCT148800PE,GOLDM,29OCT2026,14880000.000000,1,OPTFUT,NCO,50.000000,100,False
125712,SILVERM27JAN283750PE,SILVERM,21JAN2027,28375000.000000,1,OPTFUT,NCO,50.000000,120,False
130528,GOLDM26OCT154700CE,GOLDM,29OCT2026,15470000.000000,1,OPTFUT,NCO,50.000000,100,False
130553,GOLDM26OCT154900PE,GOLDM,29OCT2026,15490000.000000,1,OPTFUT,NCO,50.000000,100,False
130670,GOLD27APR168200CE,GOLD,28APR2027,16820000.000000,1,OPTFUT,NCO,50.000000,10,False
130675,GOLD27APR168400PE,GOLD,28APR2027,16840000.000000,1,OPTFUT,NCO,50.000000,10,False
125713,SILVERM27JAN284000CE,SILVERM,21JAN2027,28400000.000000,1,OPTFUT,NCO,50.000000,120,False
125722,GOLDM26OCT148900PE,GOLDM,29OCT2026,14890000.000000,1,OPTFUT,NCO,50.000000,100,False
125752,SILVERM27JAN288000PE,SILVERM,21JAN2027,28800000.000000,1,OPTFUT,NCO,50.000000,120,False
125759,SILVERM27JAN289000CE,SILVERM,21JAN2027,28900000.000000,1,OPTFUT,NCO,50.000000,120,False
130683,GOLD27APR168800PE,GOLD,28APR2027,16880000.000000,1,OPTFUT,NCO,50.000000,10,False
130690,SILVERM27MAR270000CE,SILVERM,24MAR2027,27000000.000000,1,OPTFUT,NCO,50.000000,120,False
130692,SILVERM27MAR270250CE,SILVERM,24MAR2027,27025000.000000,1,OPTFUT,NCO,50.000000,120,False
130700,GOLD27APR169500PE,GOLD,28APR2027,16950000.000000,1,OPTFUT,NCO,50.000000,10,False
130719,SILVERM27MAR270250PE,SILVERM,24MAR2027,27025000.000000,1,OPTFUT,NCO,50.000000,120,False
130720,SILVERM27MAR270500CE,SILVERM,24MAR2027,27050000.000000,1,OPTFUT,NCO,50.000000,120,False
130726,SILVERM27MAR271250CE,SILVERM,24MAR2027,27125000.000000,1,OPTFUT,NCO,50.000000,120,False
130747,GOLD27APR170000PE,GOLD,28APR2027,17000000.000000,1,OPTFUT,NCO,50.000000,10,False
125761,SILVERM27JAN289250CE,SILVERM,21JAN2027,28925000.000000,1,OPTFUT,NCO,50.000000,120,False
125767,SILVERM27JAN290000CE,SILVERM,21JAN2027,29000000.000000,1,OPTFUT,NCO,50.000000,120,False
125791,SILVERM27MAR253250CE,SILVERM,24MAR2027,25325000.000000,1,OPTFUT,NCO,50.000000,120,False
125792,SILVERM27MAR253250PE,SILVERM,24MAR2027,25325000.000000,1,OPTFUT,NCO,50.000000,120,False
130796,GOLD27APR171800PE,GOLD,28APR2027,17180000.000000,1,OPTFUT,NCO,50.000000,10,False
130799,GOLD27APR172000CE,GOLD,28APR2027,17200000.000000,1,OPTFUT,NCO,50.000000,10,False
130806,SILVERM27MAY263500CE,SILVERM,24MAY2027,26350000.000000,1,OPTFUT,NCO,50.000000,120,False
130812,SILVERM26SEP144750CE,SILVERM,23SEP2026,14475000.000000,1,OPTFUT,NCO,50.000000,120,False
125806,SILVER27MAR257750CE,SILVER,02MAR2027,25775000.000000,1,OPTBLN,NCO,50.000000,20,False
125807,SILVER27MAR257750PE,SILVER,02MAR2027,25775000.000000,1,OPTBLN,NCO,50.000000,20,False
125810,SILVERM27JUL240000CE,SILVERM,23JUL2027,24000000.000000,1,OPTFUT,NCO,50.000000,120,False
125811,SILVERM27JUL240000PE,SILVERM,23JUL2027,24000000.000000,1,OPTFUT,NCO,50.000000,120,False
130825,SILVERM27MAY264000CE,SILVERM,24MAY2027,26400000.000000,1,OPTFUT,NCO,50.000000,120,False
130836,SILVERM27MAY265250PE,SILVERM,24MAY2027,26525000.000000,1,OPTFUT,NCO,50.000000,120,False
130858,GOLD27MAR144800CE,GOLD,29MAR2027,14480000.000000,1,OPTFUT,NCO,50.000000,10,False
130863,GOLD27MAR145000PE,GOLD,29MAR2027,14500000.000000,1,OPTFUT,NCO,50.000000,10,False
125831,SILVERM27JUL241750PE,SILVERM,23JUL2027,24175000.000000,1,OPTFUT,NCO,50.000000,120,False
125838,SILVERM26OCT150750PE,SILVERM,23OCT2026,15075000.000000,1,OPTFUT,NCO,50.000000,120,False
125844,NATURALGAS26NOV200CE,NATURALGAS,18NOV2026,20000.000000,1,OPTFUT,NCO,5.000000,48,False
125847,ZINC26SEP452.5PE,ZINC,23SEP2026,45250.000000,1,OPTFUT,NCO,1.000000,20,False
130870,GOLD27MAR145400CE,GOLD,29MAR2027,14540000.000000,1,OPTFUT,NCO,50.000000,10,False
130887,GOLDM26SEP154800PE,GOLDM,25SEP2026,15480000.000000,1,OPTFUT,NCO,50.000000,100,False
130888,GOLDM26SEP154900CE,GOLDM,25SEP2026,15490000.000000,1,OPTFUT,NCO,50.000000,100,False
130893,GOLD27APR172300PE,GOLD,28APR2027,17230000.000000,1,OPTFUT,NCO,50.000000,10,False
125855,SILVERM27JAN290750PE,SILVERM,21JAN2027,29075000.000000,1,OPTFUT,NCO,50.000000,120,False
125869,SILVERM27JUL244000CE,SILVERM,23JUL2027,24400000.000000,1,OPTFUT,NCO,50.000000,120,False
125905,SILVERM27JAN292000PE,SILVERM,21JAN2027,29200000.000000,1,OPTFUT,NCO,50.000000,120,False
125909,SILVERM27JAN292500CE,SILVERM,21JAN2027,29250000.000000,1,OPTFUT,NCO,50.000000,120,False
130901,GOLD27JUN150800PE,GOLD,28JUN2027,15080000.000000,1,OPTFUT,NCO,50.000000,10,False
130903,GOLD27JUN150900PE,GOLD,28JUN2027,15090000.000000,1,OPTFUT,NCO,50.000000,10,False
130906,GOLD27JUN151100CE,GOLD,28JUN2027,15110000.000000,1,OPTFUT,NCO,50.000000,10,False
130908,GOLD26DEC141700CE,GOLD,29DEC2026,14170000.000000,1,OPTFUT,NCO,50.000000,10,False
125912,SILVERM27JAN292750PE,SILVERM,21JAN2027,29275000.000000,1,OPTFUT,NCO,50.000000,120,False
125923,SILVERM26OCT151500PE,SILVERM,23OCT2026,15150000.000000,1,OPTFUT,NCO,50.000000,120,False
125926,GOLD26OCT130300PE,GOLD,29OCT2026,13030000.000000,1,OPTFUT,NCO,50.000000,10,False
125930,GOLD27JUN157400CE,GOLD,28JUN2027,15740000.000000,1,OPTFUT,NCO,50.000000,10,False
130909,GOLD26DEC141700PE,GOLD,29DEC2026,14170000.000000,1,OPTFUT,NCO,50.000000,10,False
130914,GOLD26DEC142000CE,GOLD,29DEC2026,14200000.000000,1,OPTFUT,NCO,50.000000,10,False
130915,GOLD26DEC142000PE,GOLD,29DEC2026,14200000.000000,1,OPTFUT,NCO,50.000000,10,False
130916,GOLD26DEC142100CE,GOLD,29DEC2026,14210000.000000,1,OPTFUT,NCO,50.000000,10,False
125936,SILVERM27JAN293000PE,SILVERM,21JAN2027,29300000.000000,1,OPTFUT,NCO,50.000000,120,False
125947,GOLD27JUN157700PE,GOLD,28JUN2027,15770000.000000,1,OPTFUT,NCO,50.000000,10,False
125952,CRUDEOIL26OCT11600CE,CRUDEOIL,08OCT2026,1160000.000000,1,OPTFUT,NCO,10.000000,100,False
125961,CRUDEOIL26NOV11450CE,CRUDEOIL,10NOV2026,1145000.000000,1,OPTFUT,NCO,10.000000,100,False
130921,GOLD26DEC142300PE,GOLD,29DEC2026,14230000.000000,1,OPTFUT,NCO,50.000000,10,False
130931,SILVERM27JAN336500CE,SILVERM,21JAN2027,33650000.000000,1,OPTFUT,NCO,50.000000,120,False
130933,SILVERM27JAN336750CE,SILVERM,21JAN2027,33675000.000000,1,OPTFUT,NCO,50.000000,120,False
130947,SILVERM27JAN338500CE,SILVERM,21JAN2027,33850000.000000,1,OPTFUT,NCO,50.000000,120,False
125967,CRUDEOIL26NOV11600CE,CRUDEOIL,10NOV2026,1160000.000000,1,OPTFUT,NCO,10.000000,100,False
125969,CRUDEOIL26NOV11650CE,CRUDEOIL,10NOV2026,1165000.000000,1,OPTFUT,NCO,10.000000,100,False
125975,CRUDEOIL26NOV11700CE,CRUDEOIL,10NOV2026,1170000.000000,1,OPTFUT,NCO,10.000000,100,False
125981,GOLD27JAN172000PE,GOLD,29JAN2027,17200000.000000,1,OPTFUT,NCO,50.000000,10,False
130954,SILVERM27JAN339250PE,SILVERM,21JAN2027,33925000.000000,1,OPTFUT,NCO,50.000000,120,False
130965,GOLD27FEB169800PE,GOLD,26FEB2027,16980000.000000,1,OPTFUT,NCO,50.000000,10,False
130976,GOLD27FEB170400CE,GOLD,26FEB2027,17040000.000000,1,OPTFUT,NCO,50.000000,10,False
130978,GOLD27FEB170500CE,GOLD,26FEB2027,17050000.000000,1,OPTFUT,NCO,50.000000,10,False
125985,GOLD27JUN158200CE,GOLD,28JUN2027,15820000.000000,1,OPTFUT,NCO,50.000000,10,False
126001,GOLD27JAN172100PE,GOLD,29JAN2027,17210000.000000,1,OPTFUT,NCO,50.000000,10,False
126013,GOLD27JAN172600PE,GOLD,29JAN2027,17260000.000000,1,OPTFUT,NCO,50.000000,10,False
126026,GOLD27APR158700CE,GOLD,28APR2027,15870000.000000,1,OPTFUT,NCO,50.000000,10,False
130985,GOLD27FEB170800PE,GOLD,26FEB2027,17080000.000000,1,OPTFUT,NCO,50.000000,10,False
131018,GOLD27JUN148100PE,GOLD,28JUN2027,14810000.000000,1,OPTFUT,NCO,50.000000,10,False
131021,GOLDM26SEP141300CE,GOLDM,25SEP2026,14130000.000000,1,OPTFUT,NCO,50.000000,100,False
131032,GOLDM26SEP143200PE,GOLDM,25SEP2026,14320000.000000,1,OPTFUT,NCO,50.000000,100,False
126037,GOLD27APR159000PE,GOLD,28APR2027,15900000.000000,1,OPTFUT,NCO,50.000000,10,False
126043,SILVER26DEC215500CE,SILVER,01DEC2026,21550000.000000,1,OPTBLN,NCO,50.000000,20,False
126047,SILVER26DEC216000CE,SILVER,01DEC2026,21600000.000000,1,OPTBLN,NCO,50.000000,20,False
126056,GOLD27JUN158700CE,GOLD,28JUN2027,15870000.000000,1,OPTFUT,NCO,50.000000,10,False
131039,GOLDM26SEP143600CE,GOLDM,25SEP2026,14360000.000000,1,OPTFUT,NCO,50.000000,100,False
131046,GOLDM26SEP143900PE,GOLDM,25SEP2026,14390000.000000,1,OPTFUT,NCO,50.000000,100,False
131041,GOLDM26SEP143700CE,GOLDM,25SEP2026,14370000.000000,1,OPTFUT,NCO,50.000000,100,False
131044,GOLDM26SEP143800PE,GOLDM,25SEP2026,14380000.000000,1,OPTFUT,NCO,50.000000,100,False
126057,GOLD27JUN158700PE,GOLD,28JUN2027,15870000.000000,1,OPTFUT,NCO,50.000000,10,False
126059,GOLD27JUN158800PE,GOLD,28JUN2027,15880000.000000,1,OPTFUT,NCO,50.000000,10,False
126060,GOLD27JUL156100CE,GOLD,29JUL2027,15610000.000000,1,OPTFUT,NCO,50.000000,10,False
126076,ZINC26DEC437.5PE,ZINC,23DEC2026,43750.000000,1,OPTFUT,NCO,1.000000,20,False
131047,GOLDM26SEP144000CE,GOLDM,25SEP2026,14400000.000000,1,OPTFUT,NCO,50.000000,100,False
131062,SILVER26DEC197750PE,SILVER,01DEC2026,19775000.000000,1,OPTBLN,NCO,50.000000,20,False
131072,ZINC26SEP360CE,ZINC,23SEP2026,36000.000000,1,OPTFUT,NCO,1.000000,20,False
131074,GOLD27MAR152100CE,GOLD,29MAR2027,15210000.000000,1,OPTFUT,NCO,50.000000,10,False
126082,ZINC26DEC445PE,ZINC,23DEC2026,44500.000000,1,OPTFUT,NCO,1.000000,20,False
126092,SILVERM26SEP334250CE,SILVERM,23SEP2026,33425000.000000,1,OPTFUT,NCO,50.000000,120,False
126104,SILVERM26OCT335500CE,SILVERM,23OCT2026,33550000.000000,1,OPTFUT,NCO,50.000000,120,False
126127,SILVERM26DEC244500CE,SILVERM,23DEC2026,24450000.000000,1,OPTFUT,NCO,50.000000,120,False
131076,GOLD27MAR152200CE,GOLD,29MAR2027,15220000.000000,1,OPTFUT,NCO,50.000000,10,False
131084,GOLD27APR152200CE,GOLD,28APR2027,15220000.000000,1,OPTFUT,NCO,50.000000,10,False
131099,SILVER26DEC198250CE,SILVER,01DEC2026,19825000.000000,1,OPTBLN,NCO,50.000000,20,False
131105,GOLD27JUN148300CE,GOLD,28JUN2027,14830000.000000,1,OPTFUT,NCO,50.000000,10,False
126136,GOLD27JAN173900PE,GOLD,29JAN2027,17390000.000000,1,OPTFUT,NCO,50.000000,10,False
126145,GOLD27JAN174300PE,GOLD,29JAN2027,17430000.000000,1,OPTFUT,NCO,50.000000,10,False
126158,SILVERM27JAN295750PE,SILVERM,21JAN2027,29575000.000000,1,OPTFUT,NCO,50.000000,120,False
126160,GOLD27JAN174900CE,GOLD,29JAN2027,17490000.000000,1,OPTFUT,NCO,50.000000,10,False
126170,GOLD27JAN175400CE,GOLD,29JAN2027,17540000.000000,1,OPTFUT,NCO,50.000000,10,False
126191,GOLD26OCT130400PE,GOLD,29OCT2026,13040000.000000,1,OPTFUT,NCO,50.000000,10,False
126176,GOLD27JAN175700CE,GOLD,29JAN2027,17570000.000000,1,OPTFUT,NCO,50.000000,10,False
126183,SILVERM26OCT337000PE,SILVERM,23OCT2026,33700000.000000,1,OPTFUT,NCO,50.000000,120,False
126254,SILVERM26DEC339000CE,SILVERM,23DEC2026,33900000.000000,1,OPTFUT,NCO,50.000000,120,False
126219,SILVERM27MAR255000CE,SILVERM,24MAR2027,25500000.000000,1,OPTFUT,NCO,50.000000,120,False
126226,SILVERM27MAR255750PE,SILVERM,24MAR2027,25575000.000000,1,OPTFUT,NCO,50.000000,120,False
126233,GOLD27JUL157000PE,GOLD,29JUL2027,15700000.000000,1,OPTFUT,NCO,50.000000,10,False
126266,SILVERM27MAR257250CE,SILVERM,24MAR2027,25725000.000000,1,OPTFUT,NCO,50.000000,120,False
126275,SILVERM27MAR258250PE,SILVERM,24MAR2027,25825000.000000,1,OPTFUT,NCO,50.000000,120,False
126284,GOLD27JAN176600PE,GOLD,29JAN2027,17660000.000000,1,OPTFUT,NCO,50.000000,10,False
126300,SILVERM27MAR259750CE,SILVERM,24MAR2027,25975000.000000,1,OPTFUT,NCO,50.000000,120,False
126312,GOLD27APR159300CE,GOLD,28APR2027,15930000.000000,1,OPTFUT,NCO,50.000000,10,False
126317,GOLD27APR159500PE,GOLD,28APR2027,15950000.000000,1,OPTFUT,NCO,50.000000,10,False
126325,GOLD27JAN177500CE,GOLD,29JAN2027,17750000.000000,1,OPTFUT,NCO,50.000000,10,False
126326,GOLD27JAN177500PE,GOLD,29JAN2027,17750000.000000,1,OPTFUT,NCO,50.000000,10,False
126331,GOLD27JAN177800CE,GOLD,29JAN2027,17780000.000000,1,OPTFUT,NCO,50.000000,10,False
126345,GOLD27APR159800PE,GOLD,28APR2027,15980000.000000,1,OPTFUT,NCO,50.000000,10,False
126346,GOLD27APR159900CE,GOLD,28APR2027,15990000.000000,1,OPTFUT,NCO,50.000000,10,False
126351,GOLD27APR160100PE,GOLD,28APR2027,16010000.000000,1,OPTFUT,NCO,50.000000,10,False
126360,SILVERM27MAY269250CE,SILVERM,24MAY2027,26925000.000000,1,OPTFUT,NCO,50.000000,120,False
126373,SILVER26DEC218750PE,SILVER,01DEC2026,21875000.000000,1,OPTBLN,NCO,50.000000,20,False
126377,SILVERM27MAY279000PE,SILVERM,24MAY2027,27900000.000000,1,OPTFUT,NCO,50.000000,120,False
126389,SILVER27MAR208750PE,SILVER,02MAR2027,20875000.000000,1,OPTBLN,NCO,50.000000,20,False
131109,GOLD27JUN148500CE,GOLD,28JUN2027,14850000.000000,1,OPTFUT,NCO,50.000000,10,False
131114,GOLD27JUN148700PE,GOLD,28JUN2027,14870000.000000,1,OPTFUT,NCO,50.000000,10,False
131121,GOLD27JUN149100CE,GOLD,28JUN2027,14910000.000000,1,OPTFUT,NCO,50.000000,10,False
131126,GOLD27JUN149300PE,GOLD,28JUN2027,14930000.000000,1,OPTFUT,NCO,50.000000,10,False
126395,GOLD27APR160600PE,GOLD,28APR2027,16060000.000000,1,OPTFUT,NCO,50.000000,10,False
126397,GOLD27APR160700PE,GOLD,28APR2027,16070000.000000,1,OPTFUT,NCO,50.000000,10,False
126400,GOLD27APR160900CE,GOLD,28APR2027,16090000.000000,1,OPTFUT,NCO,50.000000,10,False
126419,GOLD27APR161700CE,GOLD,28APR2027,16170000.000000,1,OPTFUT,NCO,50.000000,10,False
131136,GOLDM26SEP155100CE,GOLDM,25SEP2026,15510000.000000,1,OPTFUT,NCO,50.000000,100,False
131149,GOLDM26SEP155700PE,GOLDM,25SEP2026,15570000.000000,1,OPTFUT,NCO,50.000000,100,False
131168,GOLDM26OCT156000CE,GOLDM,29OCT2026,15600000.000000,1,OPTFUT,NCO,50.000000,100,False
131216,SILVERM26SEP147250CE,SILVERM,23SEP2026,14725000.000000,1,OPTFUT,NCO,50.000000,120,False
131223,SILVERM26SEP148000PE,SILVERM,23SEP2026,14800000.000000,1,OPTFUT,NCO,50.000000,120,False
131225,SILVERM26SEP148250PE,SILVERM,23SEP2026,14825000.000000,1,OPTFUT,NCO,50.000000,120,False
131239,SILVERM26SEP150000PE,SILVERM,23SEP2026,15000000.000000,1,OPTFUT,NCO,50.000000,120,False
131285,SILVERM26SEP201250PE,SILVERM,23SEP2026,20125000.000000,1,OPTFUT,NCO,50.000000,120,False
131288,SILVERM26SEP201750CE,SILVERM,23SEP2026,20175000.000000,1,OPTFUT,NCO,50.000000,120,False
131299,SILVERM26SEP203000PE,SILVERM,23SEP2026,20300000.000000,1,OPTFUT,NCO,50.000000,120,False
131300,SILVERM26SEP203250CE,SILVERM,23SEP2026,20325000.000000,1,OPTFUT,NCO,50.000000,120,False
131332,GOLD27MAR145500PE,GOLD,29MAR2027,14550000.000000,1,OPTFUT,NCO,50.000000,10,False
131344,GOLDM26SEP141700PE,GOLDM,25SEP2026,14170000.000000,1,OPTFUT,NCO,50.000000,100,False
131352,GOLD27FEB171500CE,GOLD,26FEB2027,17150000.000000,1,OPTFUT,NCO,50.000000,10,False
131365,GOLDM26SEP142000CE,GOLDM,25SEP2026,14200000.000000,1,OPTFUT,NCO,50.000000,100,False
131380,GOLD27MAR145900PE,GOLD,29MAR2027,14590000.000000,1,OPTFUT,NCO,50.000000,10,False
131388,SILVERM27JUL252750PE,SILVERM,23JUL2027,25275000.000000,1,OPTFUT,NCO,50.000000,120,False
131390,SILVERM27JUL253000PE,SILVERM,23JUL2027,25300000.000000,1,OPTFUT,NCO,50.000000,120,False
131411,SILVERM26SEP151500PE,SILVERM,23SEP2026,15150000.000000,1,OPTFUT,NCO,50.000000,120,False
131421,SILVERM26SEP152750PE,SILVERM,23SEP2026,15275000.000000,1,OPTFUT,NCO,50.000000,120,False
131430,SILVERM26SEP154000CE,SILVERM,23SEP2026,15400000.000000,1,OPTFUT,NCO,50.000000,120,False
131439,SILVERM26OCT204250PE,SILVERM,23OCT2026,20425000.000000,1,OPTFUT,NCO,50.000000,120,False
131442,SILVERM26OCT204750CE,SILVERM,23OCT2026,20475000.000000,1,OPTFUT,NCO,50.000000,120,False
131447,SILVERM26NOV202500PE,SILVERM,23NOV2026,20250000.000000,1,OPTFUT,NCO,50.000000,120,False
131450,SILVERM26NOV203000CE,SILVERM,23NOV2026,20300000.000000,1,OPTFUT,NCO,50.000000,120,False
131456,SILVERM26NOV203750CE,SILVERM,23NOV2026,20375000.000000,1,OPTFUT,NCO,50.000000,120,False
131483,GOLD27FEB172100CE,GOLD,26FEB2027,17210000.000000,1,OPTFUT,NCO,50.000000,10,False
131488,GOLD26DEC142600CE,GOLD,29DEC2026,14260000.000000,1,OPTFUT,NCO,50.000000,10,False
131499,GOLD26DEC143100PE,GOLD,29DEC2026,14310000.000000,1,OPTFUT,NCO,50.000000,10,False
131500,GOLD26DEC143200CE,GOLD,29DEC2026,14320000.000000,1,OPTFUT,NCO,50.000000,10,False
131505,GOLD26DEC143400PE,GOLD,29DEC2026,14340000.000000,1,OPTFUT,NCO,50.000000,10,False
131510,GOLD26DEC143700CE,GOLD,29DEC2026,14370000.000000,1,OPTFUT,NCO,50.000000,10,False
131536,SILVERM27JAN342500PE,SILVERM,21JAN2027,34250000.000000,1,OPTFUT,NCO,50.000000,120,False
131544,GOLD27FEB172300PE,GOLD,26FEB2027,17230000.000000,1,OPTFUT,NCO,50.000000,10,False
131564,GOLD27FEB173300PE,GOLD,26FEB2027,17330000.000000,1,OPTFUT,NCO,50.000000,10,False
131565,GOLD27FEB173400CE,GOLD,26FEB2027,17340000.000000,1,OPTFUT,NCO,50.000000,10,False
126431,GOLD27JAN178400CE,GOLD,29JAN2027,17840000.000000,1,OPTFUT,NCO,50.000000,10,False
126437,SILVER27MAR210000PE,SILVER,02MAR2027,21000000.000000,1,OPTBLN,NCO,50.000000,20,False
126473,SILVER27MAR211250PE,SILVER,02MAR2027,21125000.000000,1,OPTBLN,NCO,50.000000,20,False
126483,SILVER27MAR212250CE,SILVER,02MAR2027,21225000.000000,1,OPTBLN,NCO,50.000000,20,False
131573,SILVERM27APR223250CE,SILVERM,23APR2027,22325000.000000,1,OPTFUT,NCO,50.000000,120,False
131579,SILVERM27APR224000CE,SILVERM,23APR2027,22400000.000000,1,OPTFUT,NCO,50.000000,120,False
131583,SILVERM27MAY224500CE,SILVERM,24MAY2027,22450000.000000,1,OPTFUT,NCO,50.000000,120,False
131587,SILVERM27MAY225000CE,SILVERM,24MAY2027,22500000.000000,1,OPTFUT,NCO,50.000000,120,False
126486,SILVERM27MAY279500PE,SILVERM,24MAY2027,27950000.000000,1,OPTFUT,NCO,50.000000,120,False
126503,GOLD27JAN179800CE,GOLD,29JAN2027,17980000.000000,1,OPTFUT,NCO,50.000000,10,False
126506,SILVERM27MAY280500PE,SILVERM,24MAY2027,28050000.000000,1,OPTFUT,NCO,50.000000,120,False
126526,GOLD26OCT130600PE,GOLD,29OCT2026,13060000.000000,1,OPTFUT,NCO,50.000000,10,False
131602,GOLDM26SEP142400PE,GOLDM,25SEP2026,14240000.000000,1,OPTFUT,NCO,50.000000,100,False
131611,GOLDM26SEP142900CE,GOLDM,25SEP2026,14290000.000000,1,OPTFUT,NCO,50.000000,100,False
131616,GOLDM26SEP143100PE,GOLDM,25SEP2026,14310000.000000,1,OPTFUT,NCO,50.000000,100,False
131632,GOLD27MAY153100CE,GOLD,28MAY2027,15310000.000000,1,OPTFUT,NCO,50.000000,10,False
126530,GOLD26OCT130800PE,GOLD,29OCT2026,13080000.000000,1,OPTFUT,NCO,50.000000,10,False
126537,GOLD27JAN180000PE,GOLD,29JAN2027,18000000.000000,1,OPTFUT,NCO,50.000000,10,False
126541,GOLD27JAN180200PE,GOLD,29JAN2027,18020000.000000,1,OPTFUT,NCO,50.000000,10,False
126577,SILVERM27MAY283250PE,SILVERM,24MAY2027,28325000.000000,1,OPTFUT,NCO,50.000000,120,False
131640,GOLD27MAY153500CE,GOLD,28MAY2027,15350000.000000,1,OPTFUT,NCO,50.000000,10,False
131667,SILVERM27JUN226250CE,SILVERM,23JUN2027,22625000.000000,1,OPTFUT,NCO,50.000000,120,False
131668,SILVERM27JUN226250PE,SILVERM,23JUN2027,22625000.000000,1,OPTFUT,NCO,50.000000,120,False
131669,SILVERM27JUN226500CE,SILVERM,23JUN2027,22650000.000000,1,OPTFUT,NCO,50.000000,120,False
131676,SILVERM27JUN227250PE,SILVERM,23JUN2027,22725000.000000,1,OPTFUT,NCO,50.000000,120,False
131679,SILVERM27JUN227750CE,SILVERM,23JUN2027,22775000.000000,1,OPTFUT,NCO,50.000000,120,False
131689,SILVERM27JUL254500CE,SILVERM,23JUL2027,25450000.000000,1,OPTFUT,NCO,50.000000,120,False
131692,SILVERM27JUL254750PE,SILVERM,23JUL2027,25475000.000000,1,OPTFUT,NCO,50.000000,120,False
126583,GOLD26OCT131000PE,GOLD,29OCT2026,13100000.000000,1,OPTFUT,NCO,50.000000,10,False
126596,SILVERM27MAY284500CE,SILVERM,24MAY2027,28450000.000000,1,OPTFUT,NCO,50.000000,120,False
126604,GOLD27JUL159400CE,GOLD,29JUL2027,15940000.000000,1,OPTFUT,NCO,50.000000,10,False
126609,SILVER27MAR215000CE,SILVER,02MAR2027,21500000.000000,1,OPTBLN,NCO,50.000000,20,False
131696,SILVERM27JUL255250PE,SILVERM,23JUL2027,25525000.000000,1,OPTFUT,NCO,50.000000,120,False
131743,SILVERM26SEP155000PE,SILVERM,23SEP2026,15500000.000000,1,OPTFUT,NCO,50.000000,120,False
131747,SILVERM26SEP155500PE,SILVERM,23SEP2026,15550000.000000,1,OPTFUT,NCO,50.000000,120,False
131749,SILVERM26SEP155750PE,SILVERM,23SEP2026,15575000.000000,1,OPTFUT,NCO,50.000000,120,False
126624,GOLDM26SEP150500CE,GOLDM,25SEP2026,15050000.000000,1,OPTFUT,NCO,50.000000,100,False
126627,SILVERM27JAN297000CE,SILVERM,21JAN2027,29700000.000000,1,OPTFUT,NCO,50.000000,120,False
126637,SILVERM27JAN298250CE,SILVERM,21JAN2027,29825000.000000,1,OPTFUT,NCO,50.000000,120,False
126643,GOLDM26SEP150800PE,GOLDM,25SEP2026,15080000.000000,1,OPTFUT,NCO,50.000000,100,False
131776,GOLD27MAY154700CE,GOLD,28MAY2027,15470000.000000,1,OPTFUT,NCO,50.000000,10,False
131783,GOLD27MAY155000PE,GOLD,28MAY2027,15500000.000000,1,OPTFUT,NCO,50.000000,10,False
131793,GOLD27MAY155500PE,GOLD,28MAY2027,15550000.000000,1,OPTFUT,NCO,50.000000,10,False
131801,GOLD27JUN147200CE,GOLD,28JUN2027,14720000.000000,1,OPTFUT,NCO,50.000000,10,False
126650,GOLDM26SEP151200CE,GOLDM,25SEP2026,15120000.000000,1,OPTFUT,NCO,50.000000,100,False
126680,GOLDM26SEP151900PE,GOLDM,25SEP2026,15190000.000000,1,OPTFUT,NCO,50.000000,100,False
126707,SILVERM27MAR264250PE,SILVERM,24MAR2027,26425000.000000,1,OPTFUT,NCO,50.000000,120,False
126714,SILVERM27MAR264750CE,SILVERM,24MAR2027,26475000.000000,1,OPTFUT,NCO,50.000000,120,False
131807,GOLD27JUN147500CE,GOLD,28JUN2027,14750000.000000,1,OPTFUT,NCO,50.000000,10,False
131814,GOLD27JUN147800PE,GOLD,28JUN2027,14780000.000000,1,OPTFUT,NCO,50.000000,10,False
131843,GOLD27MAR146400CE,GOLD,29MAR2027,14640000.000000,1,OPTFUT,NCO,50.000000,10,False
131858,SILVERM27JAN343500PE,SILVERM,21JAN2027,34350000.000000,1,OPTFUT,NCO,50.000000,120,False
126725,GOLD26OCT131700PE,GOLD,29OCT2026,13170000.000000,1,OPTFUT,NCO,50.000000,10,False
126728,GOLDM26OCT150400PE,GOLDM,29OCT2026,15040000.000000,1,OPTFUT,NCO,50.000000,100,False
126730,SILVER27MAR216500PE,SILVER,02MAR2027,21650000.000000,1,OPTBLN,NCO,50.000000,20,False
126753,GOLDM26OCT151000PE,GOLDM,29OCT2026,15100000.000000,1,OPTFUT,NCO,50.000000,100,False
131863,GOLD27MAY168500CE,GOLD,28MAY2027,16850000.000000,1,OPTFUT,NCO,50.000000,10,False
131877,SILVERM27APR222750CE,SILVERM,23APR2027,22275000.000000,1,OPTFUT,NCO,50.000000,120,False
131883,GOLD27JUN162900CE,GOLD,28JUN2027,16290000.000000,1,OPTFUT,NCO,50.000000,10,False
131895,GOLD27JUN163200CE,GOLD,28JUN2027,16320000.000000,1,OPTFUT,NCO,50.000000,10,False
126762,SILVERM27APR263000CE,SILVERM,23APR2027,26300000.000000,1,OPTFUT,NCO,50.000000,120,False
131896,GOLD27JUN163200PE,GOLD,28JUN2027,16320000.000000,1,OPTFUT,NCO,50.000000,10,False
131897,GOLD27JUN163300CE,GOLD,28JUN2027,16330000.000000,1,OPTFUT,NCO,50.000000,10,False
131898,GOLD27MAY156300CE,GOLD,28MAY2027,15630000.000000,1,OPTFUT,NCO,50.000000,10,False
131903,GOLD27MAY156500PE,GOLD,28MAY2027,15650000.000000,1,OPTFUT,NCO,50.000000,10,False
131911,SILVERM27MAY223750PE,SILVERM,24MAY2027,22375000.000000,1,OPTFUT,NCO,50.000000,120,False
131918,GOLD27JUN163300PE,GOLD,28JUN2027,16330000.000000,1,OPTFUT,NCO,50.000000,10,False
131934,GOLD26DEC144000PE,GOLD,29DEC2026,14400000.000000,1,OPTFUT,NCO,50.000000,10,False
131939,GOLD27JUN163400PE,GOLD,28JUN2027,16340000.000000,1,OPTFUT,NCO,50.000000,10,False
131970,GOLD27JUN163900CE,GOLD,28JUN2027,16390000.000000,1,OPTFUT,NCO,50.000000,10,False
131975,GOLD27JUL163700PE,GOLD,29JUL2027,16370000.000000,1,OPTFUT,NCO,50.000000,10,False
132002,GOLD26DEC144900PE,GOLD,29DEC2026,14490000.000000,1,OPTFUT,NCO,50.000000,10,False
132004,GOLD26DEC145000PE,GOLD,29DEC2026,14500000.000000,1,OPTFUT,NCO,50.000000,10,False
132014,GOLD27JUL164900CE,GOLD,29JUL2027,16490000.000000,1,OPTFUT,NCO,50.000000,10,False
132018,SILVERM27JAN344250CE,SILVERM,21JAN2027,34425000.000000,1,OPTFUT,NCO,50.000000,120,False
132023,SILVERM27JAN344750PE,SILVERM,21JAN2027,34475000.000000,1,OPTFUT,NCO,50.000000,120,False
132030,SILVERM27JAN345750CE,SILVERM,21JAN2027,34575000.000000,1,OPTFUT,NCO,50.000000,120,False
132047,GOLDM26SEP156500CE,GOLDM,25SEP2026,15650000.000000,1,OPTFUT,NCO,50.000000,100,False
132080,GOLD27APR145100PE,GOLD,28APR2027,14510000.000000,1,OPTFUT,NCO,50.000000,10,False
132088,GOLDM26OCT157000PE,GOLDM,29OCT2026,15700000.000000,1,OPTFUT,NCO,50.000000,100,False
132100,GOLDM26OCT157600PE,GOLDM,29OCT2026,15760000.000000,1,OPTFUT,NCO,50.000000,100,False
132101,GOLDM26OCT157700CE,GOLDM,29OCT2026,15770000.000000,1,OPTFUT,NCO,50.000000,100,False
132108,SILVERM27JUN255500PE,SILVERM,23JUN2027,25550000.000000,1,OPTFUT,NCO,50.000000,120,False
132111,SILVERM27JUN256000CE,SILVERM,23JUN2027,25600000.000000,1,OPTFUT,NCO,50.000000,120,False
132116,SILVERM27JUN256500PE,SILVERM,23JUN2027,25650000.000000,1,OPTFUT,NCO,50.000000,120,False
132120,SILVERM27JUN257000PE,SILVERM,23JUN2027,25700000.000000,1,OPTFUT,NCO,50.000000,120,False
132125,SILVERM27JUL255750CE,SILVERM,23JUL2027,25575000.000000,1,OPTFUT,NCO,50.000000,120,False
132126,SILVERM27JUL255750PE,SILVERM,23JUL2027,25575000.000000,1,OPTFUT,NCO,50.000000,120,False
132128,SILVERM27JUL256000PE,SILVERM,23JUL2027,25600000.000000,1,OPTFUT,NCO,50.000000,120,False
132156,SILVERM27FEB277250PE,SILVERM,19FEB2027,27725000.000000,1,OPTFUT,NCO,50.000000,120,False
132180,GOLDM26SEP140000PE,GOLDM,25SEP2026,14000000.000000,1,OPTFUT,NCO,50.000000,100,False
132183,SILVERM27JUL256500PE,SILVERM,23JUL2027,25650000.000000,1,OPTFUT,NCO,50.000000,120,False
132199,SILVERM27JUL258500PE,SILVERM,23JUL2027,25850000.000000,1,OPTFUT,NCO,50.000000,120,False
132245,GOLD27APR145900CE,GOLD,28APR2027,14590000.000000,1,OPTFUT,NCO,50.000000,10,False
132246,GOLD27APR145900PE,GOLD,28APR2027,14590000.000000,1,OPTFUT,NCO,50.000000,10,False
132247,GOLD27APR146000CE,GOLD,28APR2027,14600000.000000,1,OPTFUT,NCO,50.000000,10,False
132248,GOLD27APR146000PE,GOLD,28APR2027,14600000.000000,1,OPTFUT,NCO,50.000000,10,False
132264,ZINC26NOV430CE,ZINC,23NOV2026,43000.000000,1,OPTFUT,NCO,1.000000,20,False
132269,GOLD27JUN164200PE,GOLD,28JUN2027,16420000.000000,1,OPTFUT,NCO,50.000000,10,False
132284,GOLD27JUL165300CE,GOLD,29JUL2027,16530000.000000,1,OPTFUT,NCO,50.000000,10,False
132334,GOLDM26SEP157300PE,GOLDM,25SEP2026,15730000.000000,1,OPTFUT,NCO,50.000000,100,False
132341,GOLDM26SEP140200PE,GOLDM,25SEP2026,14020000.000000,1,OPTFUT,NCO,50.000000,100,False
132348,SILVERM27FEB278000PE,SILVERM,19FEB2027,27800000.000000,1,OPTFUT,NCO,50.000000,120,False
132353,GOLDM26SEP157400CE,GOLDM,25SEP2026,15740000.000000,1,OPTFUT,NCO,50.000000,100,False
132354,GOLDM26SEP157400PE,GOLDM,25SEP2026,15740000.000000,1,OPTFUT,NCO,50.000000,100,False
132357,GOLDM26SEP140500PE,GOLDM,25SEP2026,14050000.000000,1,OPTFUT,NCO,50.000000,100,False
132371,GOLDM26OCT158000PE,GOLDM,29OCT2026,15800000.000000,1,OPTFUT,NCO,50.000000,100,False
132372,GOLDM26OCT158100CE,GOLDM,29OCT2026,15810000.000000,1,OPTFUT,NCO,50.000000,100,False
132373,GOLDM26OCT158100PE,GOLDM,29OCT2026,15810000.000000,1,OPTFUT,NCO,50.000000,100,False
132400,GOLD26SEP140600CE,GOLD,25SEP2026,14060000.000000,1,OPTFUT,NCO,50.000000,10,False
132407,GOLD26SEP140900PE,GOLD,25SEP2026,14090000.000000,1,OPTFUT,NCO,50.000000,10,False
132416,GOLD26OCT139100CE,GOLD,29OCT2026,13910000.000000,1,OPTFUT,NCO,50.000000,10,False
132463,SILVERM27FEB278500CE,SILVERM,19FEB2027,27850000.000000,1,OPTFUT,NCO,50.000000,120,False
132471,SILVERM27MAR220750CE,SILVERM,24MAR2027,22075000.000000,1,OPTFUT,NCO,50.000000,120,False
132486,SILVERM27APR221000PE,SILVERM,23APR2027,22100000.000000,1,OPTFUT,NCO,50.000000,120,False
132490,SILVERM27APR221500PE,SILVERM,23APR2027,22150000.000000,1,OPTFUT,NCO,50.000000,120,False
132493,SILVERM27APR222000CE,SILVERM,23APR2027,22200000.000000,1,OPTFUT,NCO,50.000000,120,False
132494,SILVERM27APR222000PE,SILVERM,23APR2027,22200000.000000,1,OPTFUT,NCO,50.000000,120,False
132498,SILVERM27MAY221250PE,SILVERM,24MAY2027,22125000.000000,1,OPTFUT,NCO,50.000000,120,False
132520,COPPER26SEP1450PE,COPPER,23SEP2026,145000.000000,1,OPTFUT,NCO,1.000000,70,False
132524,COPPER26SEP1460PE,COPPER,23SEP2026,146000.000000,1,OPTFUT,NCO,1.000000,70,False
132555,SILVERM27MAY223250CE,SILVERM,24MAY2027,22325000.000000,1,OPTFUT,NCO,50.000000,120,False
132557,SILVERM27MAY223500CE,SILVERM,24MAY2027,22350000.000000,1,OPTFUT,NCO,50.000000,120,False
132563,SILVERM27JUN222750CE,SILVERM,23JUN2027,22275000.000000,1,OPTFUT,NCO,50.000000,120,False
132582,COPPER26OCT1460PE,COPPER,23OCT2026,146000.000000,1,OPTFUT,NCO,1.000000,70,False
132583,COPPER26OCT1465CE,COPPER,23OCT2026,146500.000000,1,OPTFUT,NCO,1.000000,70,False
132588,COPPER26OCT1475PE,COPPER,23OCT2026,147500.000000,1,OPTFUT,NCO,1.000000,70,False
132635,GOLD26OCT140200PE,GOLD,29OCT2026,14020000.000000,1,OPTFUT,NCO,50.000000,10,False
132642,GOLD26OCT140600CE,GOLD,29OCT2026,14060000.000000,1,OPTFUT,NCO,50.000000,10,False
132645,GOLD26OCT140700PE,GOLD,29OCT2026,14070000.000000,1,OPTFUT,NCO,50.000000,10,False
132649,GOLD26OCT140900PE,GOLD,29OCT2026,14090000.000000,1,OPTFUT,NCO,50.000000,10,False
132654,GOLD26OCT141200CE,GOLD,29OCT2026,14120000.000000,1,OPTFUT,NCO,50.000000,10,False
132655,GOLD26OCT141200PE,GOLD,29OCT2026,14120000.000000,1,OPTFUT,NCO,50.000000,10,False
132667,GOLD26NOV138900PE,GOLD,27NOV2026,13890000.000000,1,OPTFUT,NCO,50.000000,10,False
132676,GOLD26NOV139400CE,GOLD,27NOV2026,13940000.000000,1,OPTFUT,NCO,50.000000,10,False
132687,GOLD26NOV139900PE,GOLD,27NOV2026,13990000.000000,1,OPTFUT,NCO,50.000000,10,False
132688,GOLD26NOV140000CE,GOLD,27NOV2026,14000000.000000,1,OPTFUT,NCO,50.000000,10,False
132689,GOLD26NOV140000PE,GOLD,27NOV2026,14000000.000000,1,OPTFUT,NCO,50.000000,10,False
132691,GOLD26NOV140100PE,GOLD,27NOV2026,14010000.000000,1,OPTFUT,NCO,50.000000,10,False
132694,GOLD26NOV140300CE,GOLD,27NOV2026,14030000.000000,1,OPTFUT,NCO,50.000000,10,False
132707,COPPER26NOV1460CE,COPPER,23NOV2026,146000.000000,1,OPTFUT,NCO,1.000000,70,False
132719,SILVERM27JUN223750CE,SILVERM,23JUN2027,22375000.000000,1,OPTFUT,NCO,50.000000,120,False
132727,CRUDEOIL27JANFUT,CRUDEOIL,19JAN2027,-1.000000,1,FUTENR,NCO,100.000000,100,False
132732,CRUDEOIL26OCT5600PE,CRUDEOIL,08OCT2026,560000.000000,1,OPTFUT,NCO,10.000000,100,False
132734,CRUDEOIL26OCT5650PE,CRUDEOIL,08OCT2026,565000.000000,1,OPTFUT,NCO,10.000000,100,False
132735,COPPER26NOV1490CE,COPPER,23NOV2026,149000.000000,1,OPTFUT,NCO,1.000000,70,False
132757,GOLD27APR147000CE,GOLD,28APR2027,14700000.000000,1,OPTFUT,NCO,50.000000,10,False
132782,CRUDEOIL26OCT5850PE,CRUDEOIL,08OCT2026,585000.000000,1,OPTFUT,NCO,10.000000,100,False
132788,GOLD26NOV140800CE,GOLD,27NOV2026,14080000.000000,1,OPTFUT,NCO,50.000000,10,False
132795,GOLD26NOV141100PE,GOLD,27NOV2026,14110000.000000,1,OPTFUT,NCO,50.000000,10,False
132807,GOLD26DEC146300PE,GOLD,29DEC2026,14630000.000000,1,OPTFUT,NCO,50.000000,10,False
132815,GOLD26NOV141900PE,GOLD,27NOV2026,14190000.000000,1,OPTFUT,NCO,50.000000,10,False
132840,CRUDEOIL26OCT6150PE,CRUDEOIL,08OCT2026,615000.000000,1,OPTFUT,NCO,10.000000,100,False
132855,CRUDEOIL26OCT6350PE,CRUDEOIL,08OCT2026,635000.000000,1,OPTFUT,NCO,10.000000,100,False
132859,CRUDEOIL26OCT6450PE,CRUDEOIL,08OCT2026,645000.000000,1,OPTFUT,NCO,10.000000,100,False
132866,CRUDEOIL26OCT6650CE,CRUDEOIL,08OCT2026,665000.000000,1,OPTFUT,NCO,10.000000,100,False
132876,GOLD27JAN159300PE,GOLD,29JAN2027,15930000.000000,1,OPTFUT,NCO,50.000000,10,False
132881,GOLD27JAN159600CE,GOLD,29JAN2027,15960000.000000,1,OPTFUT,NCO,50.000000,10,False
132885,GOLD27JAN159800CE,GOLD,29JAN2027,15980000.000000,1,OPTFUT,NCO,50.000000,10,False
132892,CRUDEOIL26OCT6800CE,CRUDEOIL,08OCT2026,680000.000000,1,OPTFUT,NCO,10.000000,100,False
132899,CRUDEOIL26OCT6950PE,CRUDEOIL,08OCT2026,695000.000000,1,OPTFUT,NCO,10.000000,100,False
132907,CRUDEOIL26OCT7150PE,CRUDEOIL,08OCT2026,715000.000000,1,OPTFUT,NCO,10.000000,100,False
132908,CRUDEOIL26OCT7200CE,CRUDEOIL,08OCT2026,720000.000000,1,OPTFUT,NCO,10.000000,100,False
132925,CRUDEOIL26OCT7600PE,CRUDEOIL,08OCT2026,760000.000000,1,OPTFUT,NCO,10.000000,100,False
132928,CRUDEOIL26OCT7700CE,CRUDEOIL,08OCT2026,770000.000000,1,OPTFUT,NCO,10.000000,100,False
132932,CRUDEOIL26OCT7800CE,CRUDEOIL,08OCT2026,780000.000000,1,OPTFUT,NCO,10.000000,100,False
132933,CRUDEOIL26OCT7800PE,CRUDEOIL,08OCT2026,780000.000000,1,OPTFUT,NCO,10.000000,100,False
132934,CRUDEOIL26OCT7850CE,CRUDEOIL,08OCT2026,785000.000000,1,OPTFUT,NCO,10.000000,100,False
132936,CRUDEOIL26NOV6100CE,CRUDEOIL,10NOV2026,610000.000000,1,OPTFUT,NCO,10.000000,100,False
132938,CRUDEOIL26NOV6150CE,CRUDEOIL,10NOV2026,615000.000000,1,OPTFUT,NCO,10.000000,100,False
132940,CRUDEOIL26NOV6200CE,CRUDEOIL,10NOV2026,620000.000000,1,OPTFUT,NCO,10.000000,100,False
132952,CRUDEOIL26NOV6500CE,CRUDEOIL,10NOV2026,650000.000000,1,OPTFUT,NCO,10.000000,100,False
132957,SILVERM27APR242000CE,SILVERM,23APR2027,24200000.000000,1,OPTFUT,NCO,50.000000,120,False
132959,SILVERM27APR242250CE,SILVERM,23APR2027,24225000.000000,1,OPTFUT,NCO,50.000000,120,False
132963,SILVERM27APR242750CE,SILVERM,23APR2027,24275000.000000,1,OPTFUT,NCO,50.000000,120,False
132978,SILVERM27APR244500PE,SILVERM,23APR2027,24450000.000000,1,OPTFUT,NCO,50.000000,120,False
132980,CRUDEOIL26OCT7900CE,CRUDEOIL,08OCT2026,790000.000000,1,OPTFUT,NCO,10.000000,100,False
132985,CRUDEOIL26OCT8000PE,CRUDEOIL,08OCT2026,800000.000000,1,OPTFUT,NCO,10.000000,100,False
133061,CRUDEOIL26OCT8700PE,CRUDEOIL,08OCT2026,870000.000000,1,OPTFUT,NCO,10.000000,100,False
133069,GOLD27JAN160200CE,GOLD,29JAN2027,16020000.000000,1,OPTFUT,NCO,50.000000,10,False
133070,GOLD27JAN160200PE,GOLD,29JAN2027,16020000.000000,1,OPTFUT,NCO,50.000000,10,False
133077,GOLD27JAN160600CE,GOLD,29JAN2027,16060000.000000,1,OPTFUT,NCO,50.000000,10,False
133092,GOLD27JAN161300PE,GOLD,29JAN2027,16130000.000000,1,OPTFUT,NCO,50.000000,10,False
133093,GOLD27JAN161400CE,GOLD,29JAN2027,16140000.000000,1,OPTFUT,NCO,50.000000,10,False
133097,GOLD27JAN161600CE,GOLD,29JAN2027,16160000.000000,1,OPTFUT,NCO,50.000000,10,False
133101,GOLD27JAN161800CE,GOLD,29JAN2027,16180000.000000,1,OPTFUT,NCO,50.000000,10,False
133121,CRUDEOIL26NOV7300CE,CRUDEOIL,10NOV2026,730000.000000,1,OPTFUT,NCO,10.000000,100,False
133127,GOLD27JAN162400CE,GOLD,29JAN2027,16240000.000000,1,OPTFUT,NCO,50.000000,10,False
133137,GOLD27JAN162900CE,GOLD,29JAN2027,16290000.000000,1,OPTFUT,NCO,50.000000,10,False
133138,GOLD27JAN162900PE,GOLD,29JAN2027,16290000.000000,1,OPTFUT,NCO,50.000000,10,False
133150,CRUDEOIL26OCT8950PE,CRUDEOIL,08OCT2026,895000.000000,1,OPTFUT,NCO,10.000000,100,False
133152,CRUDEOIL26OCT9000PE,CRUDEOIL,08OCT2026,900000.000000,1,OPTFUT,NCO,10.000000,100,False
133160,CRUDEOIL26OCT9100PE,CRUDEOIL,08OCT2026,910000.000000,1,OPTFUT,NCO,10.000000,100,False
133163,CRUDEOIL26OCT9200CE,CRUDEOIL,08OCT2026,920000.000000,1,OPTFUT,NCO,10.000000,100,False
133176,CRUDEOIL26NOV7400CE,CRUDEOIL,10NOV2026,740000.000000,1,OPTFUT,NCO,10.000000,100,False
133183,CRUDEOIL26NOV7550PE,CRUDEOIL,10NOV2026,755000.000000,1,OPTFUT,NCO,10.000000,100,False
133186,CRUDEOIL26NOV7650CE,CRUDEOIL,10NOV2026,765000.000000,1,OPTFUT,NCO,10.000000,100,False
133187,CRUDEOIL26NOV7650PE,CRUDEOIL,10NOV2026,765000.000000,1,OPTFUT,NCO,10.000000,100,False
133199,CRUDEOIL26NOV7900CE,CRUDEOIL,10NOV2026,790000.000000,1,OPTFUT,NCO,10.000000,100,False
133202,CRUDEOIL26NOV7950PE,CRUDEOIL,10NOV2026,795000.000000,1,OPTFUT,NCO,10.000000,100,False
133215,CRUDEOIL26NOV8300CE,CRUDEOIL,10NOV2026,830000.000000,1,OPTFUT,NCO,10.000000,100,False
133218,CRUDEOIL26NOV8350PE,CRUDEOIL,10NOV2026,835000.000000,1,OPTFUT,NCO,10.000000,100,False
133219,CRUDEOIL26NOV8400CE,CRUDEOIL,10NOV2026,840000.000000,1,OPTFUT,NCO,10.000000,100,False
133220,CRUDEOIL26NOV8400PE,CRUDEOIL,10NOV2026,840000.000000,1,OPTFUT,NCO,10.000000,100,False
133228,SILVERM27MAR287750CE,SILVERM,24MAR2027,28775000.000000,1,OPTFUT,NCO,50.000000,120,False
133233,SILVERM27MAR288250PE,SILVERM,24MAR2027,28825000.000000,1,OPTFUT,NCO,50.000000,120,False
133243,SILVERM27MAR289500PE,SILVERM,24MAR2027,28950000.000000,1,OPTFUT,NCO,50.000000,120,False
133248,SILVERM27MAR290250CE,SILVERM,24MAR2027,29025000.000000,1,OPTFUT,NCO,50.000000,120,False
133255,SILVERM27MAR291000PE,SILVERM,24MAR2027,29100000.000000,1,OPTFUT,NCO,50.000000,120,False
133256,SILVERM27MAR291250CE,SILVERM,24MAR2027,29125000.000000,1,OPTFUT,NCO,50.000000,120,False
133262,SILVERM27MAR292000CE,SILVERM,24MAR2027,29200000.000000,1,OPTFUT,NCO,50.000000,120,False
133284,SILVERM27MAR294750CE,SILVERM,24MAR2027,29475000.000000,1,OPTFUT,NCO,50.000000,120,False
133299,SILVERM27MAR296500PE,SILVERM,24MAR2027,29650000.000000,1,OPTFUT,NCO,50.000000,120,False
133313,SILVERM27MAR298250PE,SILVERM,24MAR2027,29825000.000000,1,OPTFUT,NCO,50.000000,120,False
133325,SILVERM27MAR299750PE,SILVERM,24MAR2027,29975000.000000,1,OPTFUT,NCO,50.000000,120,False
133329,SILVERM27MAR300250PE,SILVERM,24MAR2027,30025000.000000,1,OPTFUT,NCO,50.000000,120,False
133354,SILVERM27APR246750PE,SILVERM,23APR2027,24675000.000000,1,OPTFUT,NCO,50.000000,120,False
133358,SILVERM27MAY241500PE,SILVERM,24MAY2027,24150000.000000,1,OPTFUT,NCO,50.000000,120,False
133359,SILVERM27MAY241750CE,SILVERM,24MAY2027,24175000.000000,1,OPTFUT,NCO,50.000000,120,False
133379,GOLD27MAY145600CE,GOLD,28MAY2027,14560000.000000,1,OPTFUT,NCO,50.000000,10,False
133398,GOLD27MAY146500PE,GOLD,28MAY2027,14650000.000000,1,OPTFUT,NCO,50.000000,10,False
133402,GOLD27MAY146700PE,GOLD,28MAY2027,14670000.000000,1,OPTFUT,NCO,50.000000,10,False
133404,CRUDEOIL26NOV8550PE,CRUDEOIL,10NOV2026,855000.000000,1,OPTFUT,NCO,10.000000,100,False
133418,CRUDEOIL26NOV8900PE,CRUDEOIL,10NOV2026,890000.000000,1,OPTFUT,NCO,10.000000,100,False
133465,SILVERM27MAR302250PE,SILVERM,24MAR2027,30225000.000000,1,OPTFUT,NCO,50.000000,120,False
133466,SILVERM27MAR302500CE,SILVERM,24MAR2027,30250000.000000,1,OPTFUT,NCO,50.000000,120,False
133473,GOLD27FEB166600PE,GOLD,26FEB2027,16660000.000000,1,OPTFUT,NCO,50.000000,10,False
133476,GOLD27FEB166800CE,GOLD,26FEB2027,16680000.000000,1,OPTFUT,NCO,50.000000,10,False
133479,GOLD27FEB166900PE,GOLD,26FEB2027,16690000.000000,1,OPTFUT,NCO,50.000000,10,False
133501,GOLD27FEB168000PE,GOLD,26FEB2027,16800000.000000,1,OPTFUT,NCO,50.000000,10,False
133516,GOLD27JAN164100CE,GOLD,29JAN2027,16410000.000000,1,OPTFUT,NCO,50.000000,10,False
133529,SILVERM27MAR304250PE,SILVERM,24MAR2027,30425000.000000,1,OPTFUT,NCO,50.000000,120,False
133541,SILVERM27MAY243500PE,SILVERM,24MAY2027,24350000.000000,1,OPTFUT,NCO,50.000000,120,False
133548,SILVERM27MAY244500CE,SILVERM,24MAY2027,24450000.000000,1,OPTFUT,NCO,50.000000,120,False
133607,SILVERM27MAR306250CE,SILVERM,24MAR2027,30625000.000000,1,OPTFUT,NCO,50.000000,120,False
133614,SILVERM27MAR307000PE,SILVERM,24MAR2027,30700000.000000,1,OPTFUT,NCO,50.000000,120,False
133616,SILVERM27MAR307250PE,SILVERM,24MAR2027,30725000.000000,1,OPTFUT,NCO,50.000000,120,False
133625,SILVERM27MAR308500CE,SILVERM,24MAR2027,30850000.000000,1,OPTFUT,NCO,50.000000,120,False
133633,SILVERM27MAR309500CE,SILVERM,24MAR2027,30950000.000000,1,OPTFUT,NCO,50.000000,120,False
133636,SILVERM27MAR309750PE,SILVERM,24MAR2027,30975000.000000,1,OPTFUT,NCO,50.000000,120,False
133638,SILVERM27APR288500PE,SILVERM,23APR2027,28850000.000000,1,OPTFUT,NCO,50.000000,120,False
133639,SILVERM27APR288750CE,SILVERM,23APR2027,28875000.000000,1,OPTFUT,NCO,50.000000,120,False
133649,SILVERM27APR290000CE,SILVERM,23APR2027,29000000.000000,1,OPTFUT,NCO,50.000000,120,False
133660,SILVERM27APR291250PE,SILVERM,23APR2027,29125000.000000,1,OPTFUT,NCO,50.000000,120,False
133669,SILVERM27APR292500CE,SILVERM,23APR2027,29250000.000000,1,OPTFUT,NCO,50.000000,120,False
133679,SILVERM27MAY245750PE,SILVERM,24MAY2027,24575000.000000,1,OPTFUT,NCO,50.000000,120,False
133682,SILVERM27APR293000PE,SILVERM,23APR2027,29300000.000000,1,OPTFUT,NCO,50.000000,120,False
133684,SILVERM27APR293250PE,SILVERM,23APR2027,29325000.000000,1,OPTFUT,NCO,50.000000,120,False
133689,SILVERM27APR294000CE,SILVERM,23APR2027,29400000.000000,1,OPTFUT,NCO,50.000000,120,False
133706,SILVERM27APR296000PE,SILVERM,23APR2027,29600000.000000,1,OPTFUT,NCO,50.000000,120,False
133712,SILVERM27APR296750PE,SILVERM,23APR2027,29675000.000000,1,OPTFUT,NCO,50.000000,120,False
133715,SILVERM27APR297250CE,SILVERM,23APR2027,29725000.000000,1,OPTFUT,NCO,50.000000,120,False
133719,SILVERM27APR297750CE,SILVERM,23APR2027,29775000.000000,1,OPTFUT,NCO,50.000000,120,False
133720,SILVERM27APR297750PE,SILVERM,23APR2027,29775000.000000,1,OPTFUT,NCO,50.000000,120,False
133750,SILVERM27MAY248500PE,SILVERM,24MAY2027,24850000.000000,1,OPTFUT,NCO,50.000000,120,False
133762,SILVERM27FEB273250PE,SILVERM,19FEB2027,27325000.000000,1,OPTFUT,NCO,50.000000,120,False
133764,SILVERM27FEB273500PE,SILVERM,19FEB2027,27350000.000000,1,OPTFUT,NCO,50.000000,120,False
133765,SILVERM27FEB273750CE,SILVERM,19FEB2027,27375000.000000,1,OPTFUT,NCO,50.000000,120,False
133767,SILVERM27FEB274000CE,SILVERM,19FEB2027,27400000.000000,1,OPTFUT,NCO,50.000000,120,False
133779,SILVERM27APR299750CE,SILVERM,23APR2027,29975000.000000,1,OPTFUT,NCO,50.000000,120,False
133786,SILVERM27APR300500PE,SILVERM,23APR2027,30050000.000000,1,OPTFUT,NCO,50.000000,120,False
133799,SILVERM27APR302250CE,SILVERM,23APR2027,30225000.000000,1,OPTFUT,NCO,50.000000,120,False
133803,SILVERM27APR302750CE,SILVERM,23APR2027,30275000.000000,1,OPTFUT,NCO,50.000000,120,False
133814,SILVERM27APR304000PE,SILVERM,23APR2027,30400000.000000,1,OPTFUT,NCO,50.000000,120,False
133822,SILVERM27APR305000PE,SILVERM,23APR2027,30500000.000000,1,OPTFUT,NCO,50.000000,120,False
133848,SILVERM27APR308250PE,SILVERM,23APR2027,30825000.000000,1,OPTFUT,NCO,50.000000,120,False
133849,SILVERM27APR308500CE,SILVERM,23APR2027,30850000.000000,1,OPTFUT,NCO,50.000000,120,False
133862,SILVERM27APR310000PE,SILVERM,23APR2027,31000000.000000,1,OPTFUT,NCO,50.000000,120,False
133863,SILVERM27APR310250CE,SILVERM,23APR2027,31025000.000000,1,OPTFUT,NCO,50.000000,120,False
133868,SILVERM27MAY249500PE,SILVERM,24MAY2027,24950000.000000,1,OPTFUT,NCO,50.000000,120,False
133884,GOLD27MAR149800PE,GOLD,29MAR2027,14980000.000000,1,OPTFUT,NCO,50.000000,10,False
133890,GOLD27MAR150100PE,GOLD,29MAR2027,15010000.000000,1,OPTFUT,NCO,50.000000,10,False
133891,GOLD27MAR150200CE,GOLD,29MAR2027,15020000.000000,1,OPTFUT,NCO,50.000000,10,False
133893,GOLD27MAR150300CE,GOLD,29MAR2027,15030000.000000,1,OPTFUT,NCO,50.000000,10,False
133912,CRUDEOIL26OCT9500PE,CRUDEOIL,08OCT2026,950000.000000,1,OPTFUT,NCO,10.000000,100,False
133918,CRUDEOIL26OCT9650PE,CRUDEOIL,08OCT2026,965000.000000,1,OPTFUT,NCO,10.000000,100,False
133940,CRUDEOIL26OCT10200PE,CRUDEOIL,08OCT2026,1020000.000000,1,OPTFUT,NCO,10.000000,100,False
133955,CRUDEOIL26OCT10600CE,CRUDEOIL,08OCT2026,1060000.000000,1,OPTFUT,NCO,10.000000,100,False
133982,CRUDEOIL26NOV10050PE,CRUDEOIL,10NOV2026,1005000.000000,1,OPTFUT,NCO,10.000000,100,False
133984,CRUDEOIL26NOV10100PE,CRUDEOIL,10NOV2026,1010000.000000,1,OPTFUT,NCO,10.000000,100,False
133988,CRUDEOIL26NOV10200PE,CRUDEOIL,10NOV2026,1020000.000000,1,OPTFUT,NCO,10.000000,100,False
133999,CRUDEOIL26NOV10500CE,CRUDEOIL,10NOV2026,1050000.000000,1,OPTFUT,NCO,10.000000,100,False
134004,CRUDEOIL26NOV10600PE,CRUDEOIL,10NOV2026,1060000.000000,1,OPTFUT,NCO,10.000000,100,False
134060,GOLD27MAY147000PE,GOLD,28MAY2027,14700000.000000,1,OPTFUT,NCO,50.000000,10,False
134099,GOLD27MAY147700PE,GOLD,28MAY2027,14770000.000000,1,OPTFUT,NCO,50.000000,10,False
134130,GOLD27FEB173900CE,GOLD,26FEB2027,17390000.000000,1,OPTFUT,NCO,50.000000,10,False
134131,GOLD27FEB173900PE,GOLD,26FEB2027,17390000.000000,1,OPTFUT,NCO,50.000000,10,False
134132,GOLD27APR150600CE,GOLD,28APR2027,15060000.000000,1,OPTFUT,NCO,50.000000,10,False
134134,GOLD27FEB162900CE,GOLD,26FEB2027,16290000.000000,1,OPTFUT,NCO,50.000000,10,False
134135,GOLD27FEB162900PE,GOLD,26FEB2027,16290000.000000,1,OPTFUT,NCO,50.000000,10,False
134139,GOLD27FEB163100PE,GOLD,26FEB2027,16310000.000000,1,OPTFUT,NCO,50.000000,10,False
134145,GOLD27MAY166100CE,GOLD,28MAY2027,16610000.000000,1,OPTFUT,NCO,50.000000,10,False
134157,GOLD27MAY166700CE,GOLD,28MAY2027,16670000.000000,1,OPTFUT,NCO,50.000000,10,False
134165,GOLD27JUN164900CE,GOLD,28JUN2027,16490000.000000,1,OPTFUT,NCO,50.000000,10,False
134173,GOLD27JUN165300CE,GOLD,28JUN2027,16530000.000000,1,OPTFUT,NCO,50.000000,10,False
134184,GOLD27JUN165800PE,GOLD,28JUN2027,16580000.000000,1,OPTFUT,NCO,50.000000,10,False
134192,GOLD27JUN166200PE,GOLD,28JUN2027,16620000.000000,1,OPTFUT,NCO,50.000000,10,False
134207,GOLD27JUN167000CE,GOLD,28JUN2027,16700000.000000,1,OPTFUT,NCO,50.000000,10,False
134213,GOLD27JUN167300CE,GOLD,28JUN2027,16730000.000000,1,OPTFUT,NCO,50.000000,10,False
134219,GOLD27JUN167600CE,GOLD,28JUN2027,16760000.000000,1,OPTFUT,NCO,50.000000,10,False
134221,GOLD27JUN167700CE,GOLD,28JUN2027,16770000.000000,1,OPTFUT,NCO,50.000000,10,False
134273,GOLD27FEB163800CE,GOLD,26FEB2027,16380000.000000,1,OPTFUT,NCO,50.000000,10,False
134288,GOLD27JUL166900PE,GOLD,29JUL2027,16690000.000000,1,OPTFUT,NCO,50.000000,10,False
134300,GOLD27JUL167500PE,GOLD,29JUL2027,16750000.000000,1,OPTFUT,NCO,50.000000,10,False
134304,GOLD27JUL167700PE,GOLD,29JUL2027,16770000.000000,1,OPTFUT,NCO,50.000000,10,False
134328,GOLD27APR151300PE,GOLD,28APR2027,15130000.000000,1,OPTFUT,NCO,50.000000,10,False
134329,GOLD27APR151400CE,GOLD,28APR2027,15140000.000000,1,OPTFUT,NCO,50.000000,10,False
134335,GOLD27MAY147800CE,GOLD,28MAY2027,14780000.000000,1,OPTFUT,NCO,50.000000,10,False
134344,GOLD27MAY148200PE,GOLD,28MAY2027,14820000.000000,1,OPTFUT,NCO,50.000000,10,False
134355,GOLD27JUL168300CE,GOLD,29JUL2027,16830000.000000,1,OPTFUT,NCO,50.000000,10,False
134399,GOLDM26SEP157500CE,GOLDM,25SEP2026,15750000.000000,1,OPTFUT,NCO,50.000000,100,False
134403,GOLDM26SEP157700CE,GOLDM,25SEP2026,15770000.000000,1,OPTFUT,NCO,50.000000,100,False
134411,GOLDM26SEP158100CE,GOLDM,25SEP2026,15810000.000000,1,OPTFUT,NCO,50.000000,100,False
134423,GOLDM26SEP158700CE,GOLDM,25SEP2026,15870000.000000,1,OPTFUT,NCO,50.000000,100,False
134436,GOLDM26SEP159300PE,GOLDM,25SEP2026,15930000.000000,1,OPTFUT,NCO,50.000000,100,False
134479,GOLD27MAY151500CE,GOLD,28MAY2027,15150000.000000,1,OPTFUT,NCO,50.000000,10,False
134498,GOLD27MAY152400PE,GOLD,28MAY2027,15240000.000000,1,OPTFUT,NCO,50.000000,10,False
134506,COPPER26OCT1400PE,COPPER,23OCT2026,140000.000000,1,OPTFUT,NCO,1.000000,70,False
134516,CRUDEOIL26OCT10850PE,CRUDEOIL,08OCT2026,1085000.000000,1,OPTFUT,NCO,10.000000,100,False
134534,GOLDM26OCT158500PE,GOLDM,29OCT2026,15850000.000000,1,OPTFUT,NCO,50.000000,100,False
134536,GOLDM26OCT158600PE,GOLDM,29OCT2026,15860000.000000,1,OPTFUT,NCO,50.000000,100,False
134537,GOLDM26OCT158700CE,GOLDM,29OCT2026,15870000.000000,1,OPTFUT,NCO,50.000000,100,False
134551,GOLDM26OCT159400CE,GOLDM,29OCT2026,15940000.000000,1,OPTFUT,NCO,50.000000,100,False
134552,GOLDM26OCT159400PE,GOLDM,29OCT2026,15940000.000000,1,OPTFUT,NCO,50.000000,100,False
134570,GOLDM26OCT160300PE,GOLDM,29OCT2026,16030000.000000,1,OPTFUT,NCO,50.000000,100,False
134584,GOLDM26OCT161000PE,GOLDM,29OCT2026,16100000.000000,1,OPTFUT,NCO,50.000000,100,False
134588,GOLDM26OCT161200PE,GOLDM,29OCT2026,16120000.000000,1,OPTFUT,NCO,50.000000,100,False
134644,GOLD27MAY168700PE,GOLD,28MAY2027,16870000.000000,1,OPTFUT,NCO,50.000000,10,False
134654,GOLD27MAY169200PE,GOLD,28MAY2027,16920000.000000,1,OPTFUT,NCO,50.000000,10,False
134659,GOLD27MAY169500CE,GOLD,28MAY2027,16950000.000000,1,OPTFUT,NCO,50.000000,10,False
134661,GOLD27MAY169600CE,GOLD,28MAY2027,16960000.000000,1,OPTFUT,NCO,50.000000,10,False
134680,GOLD27JUN168400PE,GOLD,28JUN2027,16840000.000000,1,OPTFUT,NCO,50.000000,10,False
134683,GOLD27JUN168600CE,GOLD,28JUN2027,16860000.000000,1,OPTFUT,NCO,50.000000,10,False
134695,GOLD27JUN169200CE,GOLD,28JUN2027,16920000.000000,1,OPTFUT,NCO,50.000000,10,False
134704,GOLD27JUN169600PE,GOLD,28JUN2027,16960000.000000,1,OPTFUT,NCO,50.000000,10,False
134706,GOLD27JUN169700PE,GOLD,28JUN2027,16970000.000000,1,OPTFUT,NCO,50.000000,10,False
134708,GOLD27JUN169800PE,GOLD,28JUN2027,16980000.000000,1,OPTFUT,NCO,50.000000,10,False
134739,GOLD27JUL169000CE,GOLD,29JUL2027,16900000.000000,1,OPTFUT,NCO,50.000000,10,False
134742,GOLD27JUL169100PE,GOLD,29JUL2027,16910000.000000,1,OPTFUT,NCO,50.000000,10,False
134743,GOLD27JUL169200CE,GOLD,29JUL2027,16920000.000000,1,OPTFUT,NCO,50.000000,10,False
134770,GOLD27FEB164300PE,GOLD,26FEB2027,16430000.000000,1,OPTFUT,NCO,50.000000,10,False
134781,GOLD27JUL170300CE,GOLD,29JUL2027,17030000.000000,1,OPTFUT,NCO,50.000000,10,False
134782,GOLD27JUL170300PE,GOLD,29JUL2027,17030000.000000,1,OPTFUT,NCO,50.000000,10,False
134840,SILVERM26SEP159500PE,SILVERM,23SEP2026,15950000.000000,1,OPTFUT,NCO,50.000000,120,False
134866,SILVERM26SEP227000CE,SILVERM,23SEP2026,22700000.000000,1,OPTFUT,NCO,50.000000,120,False
134898,GOLD26SEP122100CE,GOLD,25SEP2026,12210000.000000,1,OPTFUT,NCO,50.000000,10,False
134901,GOLD26SEP122200PE,GOLD,25SEP2026,12220000.000000,1,OPTFUT,NCO,50.000000,10,False
134904,GOLD26SEP122400CE,GOLD,25SEP2026,12240000.000000,1,OPTFUT,NCO,50.000000,10,False
134911,GOLD26SEP122700PE,GOLD,25SEP2026,12270000.000000,1,OPTFUT,NCO,50.000000,10,False
134926,GOLD26SEP123500CE,GOLD,25SEP2026,12350000.000000,1,OPTFUT,NCO,50.000000,10,False
134945,GOLD26SEP124400PE,GOLD,25SEP2026,12440000.000000,1,OPTFUT,NCO,50.000000,10,False
134949,GOLD26SEP124600PE,GOLD,25SEP2026,12460000.000000,1,OPTFUT,NCO,50.000000,10,False
134951,GOLD26SEP124700PE,GOLD,25SEP2026,12470000.000000,1,OPTFUT,NCO,50.000000,10,False
134953,GOLD26SEP124800PE,GOLD,25SEP2026,12480000.000000,1,OPTFUT,NCO,50.000000,10,False
134955,GOLD26SEP124900PE,GOLD,25SEP2026,12490000.000000,1,OPTFUT,NCO,50.000000,10,False
134956,GOLD26SEP125000CE,GOLD,25SEP2026,12500000.000000,1,OPTFUT,NCO,50.000000,10,False
134960,GOLD26SEP125200CE,GOLD,25SEP2026,12520000.000000,1,OPTFUT,NCO,50.000000,10,False
134966,GOLD26SEP125500CE,GOLD,25SEP2026,12550000.000000,1,OPTFUT,NCO,50.000000,10,False
134972,GOLD26SEP125800CE,GOLD,25SEP2026,12580000.000000,1,OPTFUT,NCO,50.000000,10,False
135021,GOLDM26SEP160700PE,GOLDM,25SEP2026,16070000.000000,1,OPTFUT,NCO,50.000000,100,False
135023,GOLD27FEB164700PE,GOLD,26FEB2027,16470000.000000,1,OPTFUT,NCO,50.000000,10,False
135031,GOLD27FEB165100PE,GOLD,26FEB2027,16510000.000000,1,OPTFUT,NCO,50.000000,10,False
135053,GOLD27FEB166200PE,GOLD,26FEB2027,16620000.000000,1,OPTFUT,NCO,50.000000,10,False
135094,GOLDM26SEP161000PE,GOLDM,25SEP2026,16100000.000000,1,OPTFUT,NCO,50.000000,100,False
135100,SILVERM26SEP227500CE,SILVERM,23SEP2026,22750000.000000,1,OPTFUT,NCO,50.000000,120,False
135143,GOLDM26SEP161600CE,GOLDM,25SEP2026,16160000.000000,1,OPTFUT,NCO,50.000000,100,False
135156,GOLDM26SEP162200PE,GOLDM,25SEP2026,16220000.000000,1,OPTFUT,NCO,50.000000,100,False
135170,SILVERM26SEP228000PE,SILVERM,23SEP2026,22800000.000000,1,OPTFUT,NCO,50.000000,120,False
135171,GOLDM26SEP162400CE,GOLDM,25SEP2026,16240000.000000,1,OPTFUT,NCO,50.000000,100,False
135172,GOLDM26SEP162400PE,GOLDM,25SEP2026,16240000.000000,1,OPTFUT,NCO,50.000000,100,False
135211,SILVERM26SEP207250CE,SILVERM,23SEP2026,20725000.000000,1,OPTFUT,NCO,50.000000,120,False
135213,SILVERM26SEP207500CE,SILVERM,23SEP2026,20750000.000000,1,OPTFUT,NCO,50.000000,120,False
135214,SILVERM26SEP207500PE,SILVERM,23SEP2026,20750000.000000,1,OPTFUT,NCO,50.000000,120,False
135216,SILVERM26SEP207750PE,SILVERM,23SEP2026,20775000.000000,1,OPTFUT,NCO,50.000000,120,False
135224,SILVERM26SEP208750PE,SILVERM,23SEP2026,20875000.000000,1,OPTFUT,NCO,50.000000,120,False
135226,SILVERM26SEP209000PE,SILVERM,23SEP2026,20900000.000000,1,OPTFUT,NCO,50.000000,120,False
135235,SILVERM26OCT205750CE,SILVERM,23OCT2026,20575000.000000,1,OPTFUT,NCO,50.000000,120,False
135246,SILVERM26OCT207000PE,SILVERM,23OCT2026,20700000.000000,1,OPTFUT,NCO,50.000000,120,False
135257,GOLDM26SEP163100CE,GOLDM,25SEP2026,16310000.000000,1,OPTFUT,NCO,50.000000,100,False
135283,GOLDM26OCT162400CE,GOLDM,29OCT2026,16240000.000000,1,OPTFUT,NCO,50.000000,100,False
135305,SILVERM27JAN253250CE,SILVERM,21JAN2027,25325000.000000,1,OPTFUT,NCO,50.000000,120,False
135309,SILVERM27JAN253750CE,SILVERM,21JAN2027,25375000.000000,1,OPTFUT,NCO,50.000000,120,False
135315,SILVERM27JAN254500CE,SILVERM,21JAN2027,25450000.000000,1,OPTFUT,NCO,50.000000,120,False
135325,GOLDM26OCT163400PE,GOLDM,29OCT2026,16340000.000000,1,OPTFUT,NCO,50.000000,100,False
135327,GOLDM26OCT163500PE,GOLDM,29OCT2026,16350000.000000,1,OPTFUT,NCO,50.000000,100,False
135332,CRUDEOIL26DECFUT,CRUDEOIL,18DEC2026,-1.000000,1,FUTENR,NCO,100.000000,100,False
135334,GOLDM26OCT163800CE,GOLDM,29OCT2026,16380000.000000,1,OPTFUT,NCO,50.000000,100,False
135463,SILVERM27JUN258000CE,SILVERM,23JUN2027,25800000.000000,1,OPTFUT,NCO,50.000000,120,False
135476,SILVERM27JUN259500PE,SILVERM,23JUN2027,25950000.000000,1,OPTFUT,NCO,50.000000,120,False
135478,SILVERM27JUN259750PE,SILVERM,23JUN2027,25975000.000000,1,OPTFUT,NCO,50.000000,120,False
135486,SILVERM27JUN260750PE,SILVERM,23JUN2027,26075000.000000,1,OPTFUT,NCO,50.000000,120,False
135487,SILVERM27JUN261000CE,SILVERM,23JUN2027,26100000.000000,1,OPTFUT,NCO,50.000000,120,False
135501,SILVERM27JUN262750CE,SILVERM,23JUN2027,26275000.000000,1,OPTFUT,NCO,50.000000,120,False
135508,SILVERM27JUN263500PE,SILVERM,23JUN2027,26350000.000000,1,OPTFUT,NCO,50.000000,120,False
135517,SILVERM27JUN264750CE,SILVERM,23JUN2027,26475000.000000,1,OPTFUT,NCO,50.000000,120,False
135529,SILVERM27JUL260250CE,SILVERM,23JUL2027,26025000.000000,1,OPTFUT,NCO,50.000000,120,False
135579,GOLD26SEP126800CE,GOLD,25SEP2026,12680000.000000,1,OPTFUT,NCO,50.000000,10,False
135603,GOLD26SEP128000CE,GOLD,25SEP2026,12800000.000000,1,OPTFUT,NCO,50.000000,10,False
135612,GOLD26SEP128400PE,GOLD,25SEP2026,12840000.000000,1,OPTFUT,NCO,50.000000,10,False
135620,SILVERM26OCT207250PE,SILVERM,23OCT2026,20725000.000000,1,OPTFUT,NCO,50.000000,120,False
135635,SILVERM26OCT209250CE,SILVERM,23OCT2026,20925000.000000,1,OPTFUT,NCO,50.000000,120,False
135653,SILVERM26NOV207000CE,SILVERM,23NOV2026,20700000.000000,1,OPTFUT,NCO,50.000000,120,False
135654,SILVERM26NOV207000PE,SILVERM,23NOV2026,20700000.000000,1,OPTFUT,NCO,50.000000,120,False
135657,SILVERM26NOV207500CE,SILVERM,23NOV2026,20750000.000000,1,OPTFUT,NCO,50.000000,120,False
135659,SILVERM26NOV207750CE,SILVERM,23NOV2026,20775000.000000,1,OPTFUT,NCO,50.000000,120,False
135664,SILVERM26NOV208250PE,SILVERM,23NOV2026,20825000.000000,1,OPTFUT,NCO,50.000000,120,False
135682,SILVERM26NOV210500PE,SILVERM,23NOV2026,21050000.000000,1,OPTFUT,NCO,50.000000,120,False
135684,SILVERM26NOV210750PE,SILVERM,23NOV2026,21075000.000000,1,OPTFUT,NCO,50.000000,120,False
135687,SILVERM26NOV211250CE,SILVERM,23NOV2026,21125000.000000,1,OPTFUT,NCO,50.000000,120,False
135739,SILVERM26SEP228250CE,SILVERM,23SEP2026,22825000.000000,1,OPTFUT,NCO,50.000000,120,False
135743,SILVERM26SEP228750CE,SILVERM,23SEP2026,22875000.000000,1,OPTFUT,NCO,50.000000,120,False
135774,SILVERM27JUL261000CE,SILVERM,23JUL2027,26100000.000000,1,OPTFUT,NCO,50.000000,120,False
135778,SILVERM27JUL261500CE,SILVERM,23JUL2027,26150000.000000,1,OPTFUT,NCO,50.000000,120,False
135790,SILVERM27JAN256000PE,SILVERM,21JAN2027,25600000.000000,1,OPTFUT,NCO,50.000000,120,False
135801,SILVERM26SEP230000CE,SILVERM,23SEP2026,23000000.000000,1,OPTFUT,NCO,50.000000,120,False
135817,SILVERM26SEP232000CE,SILVERM,23SEP2026,23200000.000000,1,OPTFUT,NCO,50.000000,120,False
135830,SILVERM27JAN257250PE,SILVERM,21JAN2027,25725000.000000,1,OPTFUT,NCO,50.000000,120,False
135831,SILVERM27JAN257500CE,SILVERM,21JAN2027,25750000.000000,1,OPTFUT,NCO,50.000000,120,False
135836,SILVERM27JAN258000PE,SILVERM,21JAN2027,25800000.000000,1,OPTFUT,NCO,50.000000,120,False
135841,SILVERM27JAN258750CE,SILVERM,21JAN2027,25875000.000000,1,OPTFUT,NCO,50.000000,120,False
135870,SILVERM27FEB258000CE,SILVERM,19FEB2027,25800000.000000,1,OPTFUT,NCO,50.000000,120,False
135872,SILVERM27FEB258250CE,SILVERM,19FEB2027,25825000.000000,1,OPTFUT,NCO,50.000000,120,False
135876,SILVERM27FEB258750CE,SILVERM,19FEB2027,25875000.000000,1,OPTFUT,NCO,50.000000,120,False
135877,SILVERM27FEB258750PE,SILVERM,19FEB2027,25875000.000000,1,OPTFUT,NCO,50.000000,120,False
135880,SILVERM27FEB259250CE,SILVERM,19FEB2027,25925000.000000,1,OPTFUT,NCO,50.000000,120,False
135881,SILVERM27FEB259250PE,SILVERM,19FEB2027,25925000.000000,1,OPTFUT,NCO,50.000000,120,False
135916,GOLD27MAR149300CE,GOLD,29MAR2027,14930000.000000,1,OPTFUT,NCO,50.000000,10,False
135919,GOLD27MAR149400PE,GOLD,29MAR2027,14940000.000000,1,OPTFUT,NCO,50.000000,10,False
135920,GOLD27MAR149500CE,GOLD,29MAR2027,14950000.000000,1,OPTFUT,NCO,50.000000,10,False
135922,GOLD27APR150100CE,GOLD,28APR2027,15010000.000000,1,OPTFUT,NCO,50.000000,10,False
135926,GOLD27APR150300CE,GOLD,28APR2027,15030000.000000,1,OPTFUT,NCO,50.000000,10,False
135928,GOLD27MAY150900CE,GOLD,28MAY2027,15090000.000000,1,OPTFUT,NCO,50.000000,10,False
135930,GOLD27MAY151000CE,GOLD,28MAY2027,15100000.000000,1,OPTFUT,NCO,50.000000,10,False
135934,SILVERM27JUL262250PE,SILVERM,23JUL2027,26225000.000000,1,OPTFUT,NCO,50.000000,120,False
135937,SILVERM27JUL262750CE,SILVERM,23JUL2027,26275000.000000,1,OPTFUT,NCO,50.000000,120,False
135957,SILVERM27APR239250PE,SILVERM,23APR2027,23925000.000000,1,OPTFUT,NCO,50.000000,120,False
135969,SILVERM27MAY241000PE,SILVERM,24MAY2027,24100000.000000,1,OPTFUT,NCO,50.000000,120,False
135983,SILVERM27JUL265000PE,SILVERM,23JUL2027,26500000.000000,1,OPTFUT,NCO,50.000000,120,False
135999,ZINC26NOV435PE,ZINC,23NOV2026,43500.000000,1,OPTFUT,NCO,1.000000,20,False
136010,GOLD27MAY170000CE,GOLD,28MAY2027,17000000.000000,1,OPTFUT,NCO,50.000000,10,False
136015,GOLD27MAY170200PE,GOLD,28MAY2027,17020000.000000,1,OPTFUT,NCO,50.000000,10,False
136020,GOLD27MAY170500CE,GOLD,28MAY2027,17050000.000000,1,OPTFUT,NCO,50.000000,10,False
136068,SILVERM26SEP160750PE,SILVERM,23SEP2026,16075000.000000,1,OPTFUT,NCO,50.000000,120,False
136069,SILVERM26SEP161000CE,SILVERM,23SEP2026,16100000.000000,1,OPTFUT,NCO,50.000000,120,False
136080,SILVERM26SEP162250PE,SILVERM,23SEP2026,16225000.000000,1,OPTFUT,NCO,50.000000,120,False
136092,SILVERM26SEP163750PE,SILVERM,23SEP2026,16375000.000000,1,OPTFUT,NCO,50.000000,120,False
136118,SILVERM27FEB261000CE,SILVERM,19FEB2027,26100000.000000,1,OPTFUT,NCO,50.000000,120,False
136160,GOLD27JAN164500PE,GOLD,29JAN2027,16450000.000000,1,OPTFUT,NCO,50.000000,10,False
136166,SILVERM27FEB263250CE,SILVERM,19FEB2027,26325000.000000,1,OPTFUT,NCO,50.000000,120,False
136168,SILVERM27FEB263500CE,SILVERM,19FEB2027,26350000.000000,1,OPTFUT,NCO,50.000000,120,False
136170,SILVERM27FEB263750CE,SILVERM,19FEB2027,26375000.000000,1,OPTFUT,NCO,50.000000,120,False
136173,SILVERM27APR236000PE,SILVERM,23APR2027,23600000.000000,1,OPTFUT,NCO,50.000000,120,False
136175,SILVERM27APR236250PE,SILVERM,23APR2027,23625000.000000,1,OPTFUT,NCO,50.000000,120,False
136177,SILVERM27APR236500PE,SILVERM,23APR2027,23650000.000000,1,OPTFUT,NCO,50.000000,120,False
136178,SILVERM27APR236750CE,SILVERM,23APR2027,23675000.000000,1,OPTFUT,NCO,50.000000,120,False
136197,SILVERM27MAY235500PE,SILVERM,24MAY2027,23550000.000000,1,OPTFUT,NCO,50.000000,120,False
136210,GOLD27MAY171600PE,GOLD,28MAY2027,17160000.000000,1,OPTFUT,NCO,50.000000,10,False
136213,GOLD27MAY171800CE,GOLD,28MAY2027,17180000.000000,1,OPTFUT,NCO,50.000000,10,False
136215,GOLD27MAY171900CE,GOLD,28MAY2027,17190000.000000,1,OPTFUT,NCO,50.000000,10,False
136229,GOLD27JUN171300CE,GOLD,28JUN2027,17130000.000000,1,OPTFUT,NCO,50.000000,10,False
136230,GOLD27JUN171300PE,GOLD,28JUN2027,17130000.000000,1,OPTFUT,NCO,50.000000,10,False
136266,SILVERM27MAY238000CE,SILVERM,24MAY2027,23800000.000000,1,OPTFUT,NCO,50.000000,120,False
136267,SILVERM27MAY238000PE,SILVERM,24MAY2027,23800000.000000,1,OPTFUT,NCO,50.000000,120,False
136280,SILVERM27MAY239750CE,SILVERM,24MAY2027,23975000.000000,1,OPTFUT,NCO,50.000000,120,False
136282,SILVERM27MAY240000CE,SILVERM,24MAY2027,24000000.000000,1,OPTFUT,NCO,50.000000,120,False
136343,GOLD27JUN171600CE,GOLD,28JUN2027,17160000.000000,1,OPTFUT,NCO,50.000000,10,False
136347,SILVERM27FEB264250PE,SILVERM,19FEB2027,26425000.000000,1,OPTFUT,NCO,50.000000,120,False
136350,SILVERM27FEB264750CE,SILVERM,19FEB2027,26475000.000000,1,OPTFUT,NCO,50.000000,120,False
136351,SILVERM27FEB264750PE,SILVERM,19FEB2027,26475000.000000,1,OPTFUT,NCO,50.000000,120,False
136352,SILVERM27FEB265000CE,SILVERM,19FEB2027,26500000.000000,1,OPTFUT,NCO,50.000000,120,False
136354,SILVERM27FEB265250CE,SILVERM,19FEB2027,26525000.000000,1,OPTFUT,NCO,50.000000,120,False
136364,SILVERM27FEB266500CE,SILVERM,19FEB2027,26650000.000000,1,OPTFUT,NCO,50.000000,120,False
136380,GOLD27JAN164700PE,GOLD,29JAN2027,16470000.000000,1,OPTFUT,NCO,50.000000,10,False
136391,GOLD27JUN172600CE,GOLD,28JUN2027,17260000.000000,1,OPTFUT,NCO,50.000000,10,False
136394,GOLD27JUN172700PE,GOLD,28JUN2027,17270000.000000,1,OPTFUT,NCO,50.000000,10,False
136434,GOLD26SEP141400PE,GOLD,25SEP2026,14140000.000000,1,OPTFUT,NCO,50.000000,10,False
136443,GOLD26SEP141900CE,GOLD,25SEP2026,14190000.000000,1,OPTFUT,NCO,50.000000,10,False
136445,GOLD26SEP142000CE,GOLD,25SEP2026,14200000.000000,1,OPTFUT,NCO,50.000000,10,False
136446,GOLD26SEP142000PE,GOLD,25SEP2026,14200000.000000,1,OPTFUT,NCO,50.000000,10,False
136448,GOLD26OCT141800PE,GOLD,29OCT2026,14180000.000000,1,OPTFUT,NCO,50.000000,10,False
136449,GOLD26OCT141900CE,GOLD,29OCT2026,14190000.000000,1,OPTFUT,NCO,50.000000,10,False
136451,GOLD26OCT142000CE,GOLD,29OCT2026,14200000.000000,1,OPTFUT,NCO,50.000000,10,False
136456,GOLD26OCT142200PE,GOLD,29OCT2026,14220000.000000,1,OPTFUT,NCO,50.000000,10,False
136458,GOLD26OCT142300PE,GOLD,29OCT2026,14230000.000000,1,OPTFUT,NCO,50.000000,10,False
136460,GOLD26OCT142400PE,GOLD,29OCT2026,14240000.000000,1,OPTFUT,NCO,50.000000,10,False
136463,GOLD26OCT142600CE,GOLD,29OCT2026,14260000.000000,1,OPTFUT,NCO,50.000000,10,False
136489,GOLD27JUL172500PE,GOLD,29JUL2027,17250000.000000,1,OPTFUT,NCO,50.000000,10,False
136491,GOLD27JUL172600PE,GOLD,29JUL2027,17260000.000000,1,OPTFUT,NCO,50.000000,10,False
136495,GOLD27JUL172800PE,GOLD,29JUL2027,17280000.000000,1,OPTFUT,NCO,50.000000,10,False
136497,GOLD27JUL172900PE,GOLD,29JUL2027,17290000.000000,1,OPTFUT,NCO,50.000000,10,False
136499,GOLD27JUL173000PE,GOLD,29JUL2027,17300000.000000,1,OPTFUT,NCO,50.000000,10,False
136506,GOLD27JUL173400CE,GOLD,29JUL2027,17340000.000000,1,OPTFUT,NCO,50.000000,10,False
136535,GOLD27JAN165200CE,GOLD,29JAN2027,16520000.000000,1,OPTFUT,NCO,50.000000,10,False
136539,GOLD27JAN165400CE,GOLD,29JAN2027,16540000.000000,1,OPTFUT,NCO,50.000000,10,False
136540,GOLD27JAN165400PE,GOLD,29JAN2027,16540000.000000,1,OPTFUT,NCO,50.000000,10,False
136567,GOLD27JAN166800CE,GOLD,29JAN2027,16680000.000000,1,OPTFUT,NCO,50.000000,10,False
136570,GOLD27JAN166900PE,GOLD,29JAN2027,16690000.000000,1,OPTFUT,NCO,50.000000,10,False
136573,GOLD27JAN167100CE,GOLD,29JAN2027,16710000.000000,1,OPTFUT,NCO,50.000000,10,False
136590,SILVERM27FEB269250CE,SILVERM,19FEB2027,26925000.000000,1,OPTFUT,NCO,50.000000,120,False
136591,SILVERM27FEB269250PE,SILVERM,19FEB2027,26925000.000000,1,OPTFUT,NCO,50.000000,120,False
136597,SILVERM27FEB270000PE,SILVERM,19FEB2027,27000000.000000,1,OPTFUT,NCO,50.000000,120,False
136610,SILVERM27FEB271750CE,SILVERM,19FEB2027,27175000.000000,1,OPTFUT,NCO,50.000000,120,False
136615,NATURALGAS26SEP250CE,NATURALGAS,21SEP2026,25000.000000,1,OPTFUT,NCO,5.000000,48,False
136629,NATURALGAS26SEP285CE,NATURALGAS,21SEP2026,28500.000000,1,OPTFUT,NCO,5.000000,48,False
136634,NATURALGAS26SEP295PE,NATURALGAS,21SEP2026,29500.000000,1,OPTFUT,NCO,5.000000,48,False
136637,NATURALGAS26SEP305CE,NATURALGAS,21SEP2026,30500.000000,1,OPTFUT,NCO,5.000000,48,False
136641,NATURALGAS26SEP315CE,NATURALGAS,21SEP2026,31500.000000,1,OPTFUT,NCO,5.000000,48,False
136643,NATURALGAS26SEP320CE,NATURALGAS,21SEP2026,32000.000000,1,OPTFUT,NCO,5.000000,48,False
136651,NATURALGAS26SEP340CE,NATURALGAS,21SEP2026,34000.000000,1,OPTFUT,NCO,5.000000,48,False
136667,NATURALGAS26SEP380CE,NATURALGAS,21SEP2026,38000.000000,1,OPTFUT,NCO,5.000000,48,False
136671,NATURALGAS26SEP390CE,NATURALGAS,21SEP2026,39000.000000,1,OPTFUT,NCO,5.000000,48,False
136672,NATURALGAS26SEP390PE,NATURALGAS,21SEP2026,39000.000000,1,OPTFUT,NCO,5.000000,48,False
136700,SILVERM27MAR226500PE,SILVERM,24MAR2027,22650000.000000,1,OPTFUT,NCO,50.000000,120,False
136702,SILVERM27MAR226750PE,SILVERM,24MAR2027,22675000.000000,1,OPTFUT,NCO,50.000000,120,False
136703,SILVERM27MAR227000CE,SILVERM,24MAR2027,22700000.000000,1,OPTFUT,NCO,50.000000,120,False
136707,SILVERM27MAR227500CE,SILVERM,24MAR2027,22750000.000000,1,OPTFUT,NCO,50.000000,120,False
136708,SILVERM27MAR227500PE,SILVERM,24MAR2027,22750000.000000,1,OPTFUT,NCO,50.000000,120,False
136722,SILVERM27APR225250PE,SILVERM,23APR2027,22525000.000000,1,OPTFUT,NCO,50.000000,120,False
136725,SILVERM27APR225750CE,SILVERM,23APR2027,22575000.000000,1,OPTFUT,NCO,50.000000,120,False
136726,SILVERM27APR225750PE,SILVERM,23APR2027,22575000.000000,1,OPTFUT,NCO,50.000000,120,False
136734,SILVERM27APR226750PE,SILVERM,23APR2027,22675000.000000,1,OPTFUT,NCO,50.000000,120,False
136739,SILVERM27APR227500CE,SILVERM,23APR2027,22750000.000000,1,OPTFUT,NCO,50.000000,120,False
136750,SILVERM27APR228750PE,SILVERM,23APR2027,22875000.000000,1,OPTFUT,NCO,50.000000,120,False
136757,SILVERM27MAY226000CE,SILVERM,24MAY2027,22600000.000000,1,OPTFUT,NCO,50.000000,120,False
136758,SILVERM27MAY226000PE,SILVERM,24MAY2027,22600000.000000,1,OPTFUT,NCO,50.000000,120,False
136764,SILVERM27MAY226750PE,SILVERM,24MAY2027,22675000.000000,1,OPTFUT,NCO,50.000000,120,False
136768,SILVERM27MAY227250PE,SILVERM,24MAY2027,22725000.000000,1,OPTFUT,NCO,50.000000,120,False
136770,SILVERM27MAY227500PE,SILVERM,24MAY2027,22750000.000000,1,OPTFUT,NCO,50.000000,120,False
136823,GOLDM26SEP163800CE,GOLDM,25SEP2026,16380000.000000,1,OPTFUT,NCO,50.000000,100,False
136827,GOLDM26SEP164000CE,GOLDM,25SEP2026,16400000.000000,1,OPTFUT,NCO,50.000000,100,False
136828,GOLDM26SEP164000PE,GOLDM,25SEP2026,16400000.000000,1,OPTFUT,NCO,50.000000,100,False
136830,GOLDM26SEP164100PE,GOLDM,25SEP2026,16410000.000000,1,OPTFUT,NCO,50.000000,100,False
136839,GOLDM26SEP164600CE,GOLDM,25SEP2026,16460000.000000,1,OPTFUT,NCO,50.000000,100,False
136841,GOLDM26SEP164700CE,GOLDM,25SEP2026,16470000.000000,1,OPTFUT,NCO,50.000000,100,False
136843,GOLDM26SEP164800CE,GOLDM,25SEP2026,16480000.000000,1,OPTFUT,NCO,50.000000,100,False
136862,GOLDM26OCT164500PE,GOLDM,29OCT2026,16450000.000000,1,OPTFUT,NCO,50.000000,100,False
136865,GOLDM26OCT164700CE,GOLDM,29OCT2026,16470000.000000,1,OPTFUT,NCO,50.000000,100,False
136939,GOLD26SEP129800CE,GOLD,25SEP2026,12980000.000000,1,OPTFUT,NCO,50.000000,10,False
136956,GOLD26SEP130600PE,GOLD,25SEP2026,13060000.000000,1,OPTFUT,NCO,50.000000,10,False
136972,GOLD26SEP131400PE,GOLD,25SEP2026,13140000.000000,1,OPTFUT,NCO,50.000000,10,False
136973,GOLD26SEP131500CE,GOLD,25SEP2026,13150000.000000,1,OPTFUT,NCO,50.000000,10,False
136974,GOLD26SEP131500PE,GOLD,25SEP2026,13150000.000000,1,OPTFUT,NCO,50.000000,10,False
136982,GOLD26SEP131900PE,GOLD,25SEP2026,13190000.000000,1,OPTFUT,NCO,50.000000,10,False
136989,GOLD26NOV143200CE,GOLD,27NOV2026,14320000.000000,1,OPTFUT,NCO,50.000000,10,False
137014,GOLD27JAN167300PE,GOLD,29JAN2027,16730000.000000,1,OPTFUT,NCO,50.000000,10,False
137015,GOLD27JAN167400CE,GOLD,29JAN2027,16740000.000000,1,OPTFUT,NCO,50.000000,10,False
137032,CRUDEOIL26SEPFUT,CRUDEOIL,21SEP2026,-1.000000,1,FUTENR,NCO,100.000000,100,False
137036,GOLDM26OCT165600CE,GOLDM,29OCT2026,16560000.000000,1,OPTFUT,NCO,50.000000,100,False
137039,GOLDM26OCT165700PE,GOLDM,29OCT2026,16570000.000000,1,OPTFUT,NCO,50.000000,100,False
137043,GOLDM26OCT165900PE,GOLDM,29OCT2026,16590000.000000,1,OPTFUT,NCO,50.000000,100,False
137045,GOLDM26OCT166000PE,GOLDM,29OCT2026,16600000.000000,1,OPTFUT,NCO,50.000000,100,False
137062,ZINC26SEP440CE,ZINC,23SEP2026,44000.000000,1,OPTFUT,NCO,1.000000,20,False
137063,ZINC26SEP440PE,ZINC,23SEP2026,44000.000000,1,OPTFUT,NCO,1.000000,20,False
137067,ZINC26OCT437.5PE,ZINC,23OCT2026,43750.000000,1,OPTFUT,NCO,1.000000,20,False
137075,ZINC26NOV440PE,ZINC,23NOV2026,44000.000000,1,OPTFUT,NCO,1.000000,20,False
137098,SILVERM26SEP250750CE,SILVERM,23SEP2026,25075000.000000,1,OPTFUT,NCO,50.000000,120,False
137101,SILVERM26SEP251000PE,SILVERM,23SEP2026,25100000.000000,1,OPTFUT,NCO,50.000000,120,False
137116,SILVERM26SEP253000CE,SILVERM,23SEP2026,25300000.000000,1,OPTFUT,NCO,50.000000,120,False
137117,SILVERM26SEP253000PE,SILVERM,23SEP2026,25300000.000000,1,OPTFUT,NCO,50.000000,120,False
137155,SILVERM27MAY230000PE,SILVERM,24MAY2027,23000000.000000,1,OPTFUT,NCO,50.000000,120,False
137183,SILVERM26SEP233750CE,SILVERM,23SEP2026,23375000.000000,1,OPTFUT,NCO,50.000000,120,False
137186,SILVERM26SEP234000PE,SILVERM,23SEP2026,23400000.000000,1,OPTFUT,NCO,50.000000,120,False
137199,SILVERM26OCT228250CE,SILVERM,23OCT2026,22825000.000000,1,OPTFUT,NCO,50.000000,120,False
137201,SILVERM26OCT228500CE,SILVERM,23OCT2026,22850000.000000,1,OPTFUT,NCO,50.000000,120,False
137206,SILVERM26OCT229000PE,SILVERM,23OCT2026,22900000.000000,1,OPTFUT,NCO,50.000000,120,False
137431,SILVERM26SEP165750CE,SILVERM,23SEP2026,16575000.000000,1,OPTFUT,NCO,50.000000,120,False
137447,SILVERM26SEP167750CE,SILVERM,23SEP2026,16775000.000000,1,OPTFUT,NCO,50.000000,120,False
137457,SILVERM26OCT229500CE,SILVERM,23OCT2026,22950000.000000,1,OPTFUT,NCO,50.000000,120,False
137486,SILVERM26OCT230750PE,SILVERM,23OCT2026,23075000.000000,1,OPTFUT,NCO,50.000000,120,False
137488,SILVERM26OCT231000PE,SILVERM,23OCT2026,23100000.000000,1,OPTFUT,NCO,50.000000,120,False
137494,SILVERM26OCT231750PE,SILVERM,23OCT2026,23175000.000000,1,OPTFUT,NCO,50.000000,120,False
137550,SILVERM26OCT233500PE,SILVERM,23OCT2026,23350000.000000,1,OPTFUT,NCO,50.000000,120,False
137564,SILVERM26OCT234750PE,SILVERM,23OCT2026,23475000.000000,1,OPTFUT,NCO,50.000000,120,False
137565,SILVERM26OCT235000CE,SILVERM,23OCT2026,23500000.000000,1,OPTFUT,NCO,50.000000,120,False
137578,SILVERM26SEP255000CE,SILVERM,23SEP2026,25500000.000000,1,OPTFUT,NCO,50.000000,120,False
137579,SILVERM26SEP255000PE,SILVERM,23SEP2026,25500000.000000,1,OPTFUT,NCO,50.000000,120,False
137746,SILVERM26OCT236500PE,SILVERM,23OCT2026,23650000.000000,1,OPTFUT,NCO,50.000000,120,False
137757,SILVERM26NOV230250CE,SILVERM,23NOV2026,23025000.000000,1,OPTFUT,NCO,50.000000,120,False
137767,SILVERM26NOV231500CE,SILVERM,23NOV2026,23150000.000000,1,OPTFUT,NCO,50.000000,120,False
137772,SILVERM26NOV232000PE,SILVERM,23NOV2026,23200000.000000,1,OPTFUT,NCO,50.000000,120,False
137864,GOLD27JAN154300CE,GOLD,29JAN2027,15430000.000000,1,OPTFUT,NCO,50.000000,10,False
138127,SILVERM26SEP168250CE,SILVERM,23SEP2026,16825000.000000,1,OPTFUT,NCO,50.000000,120,False
138165,SILVERM26SEP173000CE,SILVERM,23SEP2026,17300000.000000,1,OPTFUT,NCO,50.000000,120,False
138229,GOLD27JAN155200PE,GOLD,29JAN2027,15520000.000000,1,OPTFUT,NCO,50.000000,10,False
138230,GOLD27JAN155300CE,GOLD,29JAN2027,15530000.000000,1,OPTFUT,NCO,50.000000,10,False
138232,GOLD27JAN155400CE,GOLD,29JAN2027,15540000.000000,1,OPTFUT,NCO,50.000000,10,False
138235,GOLD27JAN155500PE,GOLD,29JAN2027,15550000.000000,1,OPTFUT,NCO,50.000000,10,False
138237,GOLD27JAN155600PE,GOLD,29JAN2027,15560000.000000,1,OPTFUT,NCO,50.000000,10,False
138243,GOLD27JAN155900PE,GOLD,29JAN2027,15590000.000000,1,OPTFUT,NCO,50.000000,10,False
138245,GOLD27JAN156000PE,GOLD,29JAN2027,15600000.000000,1,OPTFUT,NCO,50.000000,10,False
138247,GOLD27JAN156100PE,GOLD,29JAN2027,15610000.000000,1,OPTFUT,NCO,50.000000,10,False
138251,GOLD27JAN156300PE,GOLD,29JAN2027,15630000.000000,1,OPTFUT,NCO,50.000000,10,False
138256,GOLD27JAN156600CE,GOLD,29JAN2027,15660000.000000,1,OPTFUT,NCO,50.000000,10,False
138259,SILVERM26OCT252750PE,SILVERM,23OCT2026,25275000.000000,1,OPTFUT,NCO,50.000000,120,False
138264,SILVERM26OCT253500CE,SILVERM,23OCT2026,25350000.000000,1,OPTFUT,NCO,50.000000,120,False
138375,SILVERM26NOV235250CE,SILVERM,23NOV2026,23525000.000000,1,OPTFUT,NCO,50.000000,120,False
138376,SILVERM26NOV235250PE,SILVERM,23NOV2026,23525000.000000,1,OPTFUT,NCO,50.000000,120,False
138380,SILVERM26NOV235750PE,SILVERM,23NOV2026,23575000.000000,1,OPTFUT,NCO,50.000000,120,False
138392,SILVERM26NOV237250PE,SILVERM,23NOV2026,23725000.000000,1,OPTFUT,NCO,50.000000,120,False
138400,GOLD27JAN156800CE,GOLD,29JAN2027,15680000.000000,1,OPTFUT,NCO,50.000000,10,False
138402,GOLD27JAN156900CE,GOLD,29JAN2027,15690000.000000,1,OPTFUT,NCO,50.000000,10,False
138451,GOLD27JAN157200PE,GOLD,29JAN2027,15720000.000000,1,OPTFUT,NCO,50.000000,10,False
138457,GOLD27JAN157500PE,GOLD,29JAN2027,15750000.000000,1,OPTFUT,NCO,50.000000,10,False
138763,SILVERM26SEP175750CE,SILVERM,23SEP2026,17575000.000000,1,OPTFUT,NCO,50.000000,120,False
138775,SILVERM26SEP177250CE,SILVERM,23SEP2026,17725000.000000,1,OPTFUT,NCO,50.000000,120,False
138778,SILVERM26SEP177500PE,SILVERM,23SEP2026,17750000.000000,1,OPTFUT,NCO,50.000000,120,False
138779,SILVERM26SEP177750CE,SILVERM,23SEP2026,17775000.000000,1,OPTFUT,NCO,50.000000,120,False
138782,SILVERM26SEP178000PE,SILVERM,23SEP2026,17800000.000000,1,OPTFUT,NCO,50.000000,120,False
138787,SILVERM26SEP178750CE,SILVERM,23SEP2026,17875000.000000,1,OPTFUT,NCO,50.000000,120,False
138862,GOLD27FEB156200CE,GOLD,26FEB2027,15620000.000000,1,OPTFUT,NCO,50.000000,10,False
138876,GOLD27FEB156900CE,GOLD,26FEB2027,15690000.000000,1,OPTFUT,NCO,50.000000,10,False
138877,GOLD27FEB156900PE,GOLD,26FEB2027,15690000.000000,1,OPTFUT,NCO,50.000000,10,False
138893,GOLD27FEB157700PE,GOLD,26FEB2027,15770000.000000,1,OPTFUT,NCO,50.000000,10,False
138895,GOLD27FEB157800PE,GOLD,26FEB2027,15780000.000000,1,OPTFUT,NCO,50.000000,10,False
138896,GOLD27FEB157900CE,GOLD,26FEB2027,15790000.000000,1,OPTFUT,NCO,50.000000,10,False
138897,GOLD27FEB157900PE,GOLD,26FEB2027,15790000.000000,1,OPTFUT,NCO,50.000000,10,False
138906,GOLD27FEB158400CE,GOLD,26FEB2027,15840000.000000,1,OPTFUT,NCO,50.000000,10,False
138914,GOLD27FEB158800CE,GOLD,26FEB2027,15880000.000000,1,OPTFUT,NCO,50.000000,10,False
138968,SILVERM26OCT254000CE,SILVERM,23OCT2026,25400000.000000,1,OPTFUT,NCO,50.000000,120,False
138979,SILVERM26OCT255250PE,SILVERM,23OCT2026,25525000.000000,1,OPTFUT,NCO,50.000000,120,False
138988,SILVERM26NOV253000CE,SILVERM,23NOV2026,25300000.000000,1,OPTFUT,NCO,50.000000,120,False
139013,GOLD27FEB159000PE,GOLD,26FEB2027,15900000.000000,1,OPTFUT,NCO,50.000000,10,False
139019,GOLD27FEB159300PE,GOLD,26FEB2027,15930000.000000,1,OPTFUT,NCO,50.000000,10,False
139029,GOLD27FEB159800PE,GOLD,26FEB2027,15980000.000000,1,OPTFUT,NCO,50.000000,10,False
139031,GOLD27FEB159900PE,GOLD,26FEB2027,15990000.000000,1,OPTFUT,NCO,50.000000,10,False
139188,GOLD26SEP132500PE,GOLD,25SEP2026,13250000.000000,1,OPTFUT,NCO,50.000000,10,False
139198,GOLD26SEP133000PE,GOLD,25SEP2026,13300000.000000,1,OPTFUT,NCO,50.000000,10,False
139202,GOLD26SEP133200PE,GOLD,25SEP2026,13320000.000000,1,OPTFUT,NCO,50.000000,10,False
139259,SILVERM26NOV253250PE,SILVERM,23NOV2026,25325000.000000,1,OPTFUT,NCO,50.000000,120,False
139260,SILVERM26NOV253500CE,SILVERM,23NOV2026,25350000.000000,1,OPTFUT,NCO,50.000000,120,False
139267,SILVERM26NOV254250PE,SILVERM,23NOV2026,25425000.000000,1,OPTFUT,NCO,50.000000,120,False
139269,SILVERM26NOV254500PE,SILVERM,23NOV2026,25450000.000000,1,OPTFUT,NCO,50.000000,120,False
139278,SILVERM26NOV255750CE,SILVERM,23NOV2026,25575000.000000,1,OPTFUT,NCO,50.000000,120,False
139303,SILVERM26SEP212000CE,SILVERM,23SEP2026,21200000.000000,1,OPTFUT,NCO,50.000000,120,False
139313,SILVERM26SEP213250CE,SILVERM,23SEP2026,21325000.000000,1,OPTFUT,NCO,50.000000,120,False
139321,SILVERM26SEP214250CE,SILVERM,23SEP2026,21425000.000000,1,OPTFUT,NCO,50.000000,120,False
139330,SILVERM26SEP215250PE,SILVERM,23SEP2026,21525000.000000,1,OPTFUT,NCO,50.000000,120,False
139335,SILVERM26SEP216000CE,SILVERM,23SEP2026,21600000.000000,1,OPTFUT,NCO,50.000000,120,False
139339,SILVERM26OCT211000CE,SILVERM,23OCT2026,21100000.000000,1,OPTFUT,NCO,50.000000,120,False
139343,SILVERM26OCT211500CE,SILVERM,23OCT2026,21150000.000000,1,OPTFUT,NCO,50.000000,120,False
139350,SILVERM26OCT212250PE,SILVERM,23OCT2026,21225000.000000,1,OPTFUT,NCO,50.000000,120,False
139352,SILVERM26OCT212500PE,SILVERM,23OCT2026,21250000.000000,1,OPTFUT,NCO,50.000000,120,False
139365,SILVERM26OCT214250CE,SILVERM,23OCT2026,21425000.000000,1,OPTFUT,NCO,50.000000,120,False
139355,SILVERM26OCT213000CE,SILVERM,23OCT2026,21300000.000000,1,OPTFUT,NCO,50.000000,120,False
139357,SILVERM26OCT213250CE,SILVERM,23OCT2026,21325000.000000,1,OPTFUT,NCO,50.000000,120,False
139386,SILVERM26OCT216750PE,SILVERM,23OCT2026,21675000.000000,1,OPTFUT,NCO,50.000000,120,False
139397,SILVERM26NOV213000CE,SILVERM,23NOV2026,21300000.000000,1,OPTFUT,NCO,50.000000,120,False
139398,SILVERM26NOV213000PE,SILVERM,23NOV2026,21300000.000000,1,OPTFUT,NCO,50.000000,120,False
139400,SILVERM26NOV213250PE,SILVERM,23NOV2026,21325000.000000,1,OPTFUT,NCO,50.000000,120,False
139402,SILVERM26NOV213500PE,SILVERM,23NOV2026,21350000.000000,1,OPTFUT,NCO,50.000000,120,False
139428,GOLD27FEB161200CE,GOLD,26FEB2027,16120000.000000,1,OPTFUT,NCO,50.000000,10,False
139441,GOLD27FEB161800PE,GOLD,26FEB2027,16180000.000000,1,OPTFUT,NCO,50.000000,10,False
139444,GOLD27FEB162000CE,GOLD,26FEB2027,16200000.000000,1,OPTFUT,NCO,50.000000,10,False
139445,GOLD27FEB162000PE,GOLD,26FEB2027,16200000.000000,1,OPTFUT,NCO,50.000000,10,False
139448,GOLD27FEB162200CE,GOLD,26FEB2027,16220000.000000,1,OPTFUT,NCO,50.000000,10,False
139454,GOLD27FEB162500CE,GOLD,26FEB2027,16250000.000000,1,OPTFUT,NCO,50.000000,10,False
139458,GOLD27FEB162700CE,GOLD,26FEB2027,16270000.000000,1,OPTFUT,NCO,50.000000,10,False
140015,SILVERM26SEP180500CE,SILVERM,23SEP2026,18050000.000000,1,OPTFUT,NCO,50.000000,120,False
140022,SILVERM26SEP181250PE,SILVERM,23SEP2026,18125000.000000,1,OPTFUT,NCO,50.000000,120,False
140026,SILVERM26SEP181750PE,SILVERM,23SEP2026,18175000.000000,1,OPTFUT,NCO,50.000000,120,False
140038,SILVERM26SEP183250PE,SILVERM,23SEP2026,18325000.000000,1,OPTFUT,NCO,50.000000,120,False
140045,SILVERM26SEP184250CE,SILVERM,23SEP2026,18425000.000000,1,OPTFUT,NCO,50.000000,120,False
140061,SILVERM26SEP186250CE,SILVERM,23SEP2026,18625000.000000,1,OPTFUT,NCO,50.000000,120,False
140073,SILVERM26NOV214750CE,SILVERM,23NOV2026,21475000.000000,1,OPTFUT,NCO,50.000000,120,False
140083,SILVERM26NOV216000CE,SILVERM,23NOV2026,21600000.000000,1,OPTFUT,NCO,50.000000,120,False
140089,SILVERM26NOV216750CE,SILVERM,23NOV2026,21675000.000000,1,OPTFUT,NCO,50.000000,120,False
140093,SILVERM26NOV217250CE,SILVERM,23NOV2026,21725000.000000,1,OPTFUT,NCO,50.000000,120,False
140181,SILVERM27JAN239250PE,SILVERM,21JAN2027,23925000.000000,1,OPTFUT,NCO,50.000000,120,False
140191,SILVERM27JAN240250PE,SILVERM,21JAN2027,24025000.000000,1,OPTFUT,NCO,50.000000,120,False
140205,SILVERM27JAN242000PE,SILVERM,21JAN2027,24200000.000000,1,OPTFUT,NCO,50.000000,120,False
140210,SILVERM27FEB240500CE,SILVERM,19FEB2027,24050000.000000,1,OPTFUT,NCO,50.000000,120,False
140218,SILVERM27FEB241500CE,SILVERM,19FEB2027,24150000.000000,1,OPTFUT,NCO,50.000000,120,False
140226,SILVERM27FEB242500CE,SILVERM,19FEB2027,24250000.000000,1,OPTFUT,NCO,50.000000,120,False
140232,SILVERM27FEB243250CE,SILVERM,19FEB2027,24325000.000000,1,OPTFUT,NCO,50.000000,120,False
140237,SILVERM27FEB243750PE,SILVERM,19FEB2027,24375000.000000,1,OPTFUT,NCO,50.000000,120,False
140241,SILVERM27FEB244250PE,SILVERM,19FEB2027,24425000.000000,1,OPTFUT,NCO,50.000000,120,False
140250,SILVERM27FEB245500CE,SILVERM,19FEB2027,24550000.000000,1,OPTFUT,NCO,50.000000,120,False
140256,SILVERM27FEB246250CE,SILVERM,19FEB2027,24625000.000000,1,OPTFUT,NCO,50.000000,120,False
140270,SILVERM27FEB248000CE,SILVERM,19FEB2027,24800000.000000,1,OPTFUT,NCO,50.000000,120,False
140273,SILVERM27FEB248250PE,SILVERM,19FEB2027,24825000.000000,1,OPTFUT,NCO,50.000000,120,False
140286,SILVERM26NOV257750CE,SILVERM,23NOV2026,25775000.000000,1,OPTFUT,NCO,50.000000,120,False
140298,SILVERM26DEC255000CE,SILVERM,23DEC2026,25500000.000000,1,OPTFUT,NCO,50.000000,120,False
140304,SILVERM26DEC255750CE,SILVERM,23DEC2026,25575000.000000,1,OPTFUT,NCO,50.000000,120,False
140309,SILVERM26DEC256250PE,SILVERM,23DEC2026,25625000.000000,1,OPTFUT,NCO,50.000000,120,False
140310,SILVERM26DEC256500CE,SILVERM,23DEC2026,25650000.000000,1,OPTFUT,NCO,50.000000,120,False
140344,GOLD27JAN167900PE,GOLD,29JAN2027,16790000.000000,1,OPTFUT,NCO,50.000000,10,False
140351,GOLD27JAN168300CE,GOLD,29JAN2027,16830000.000000,1,OPTFUT,NCO,50.000000,10,False
140368,SILVERM27FEB249000CE,SILVERM,19FEB2027,24900000.000000,1,OPTFUT,NCO,50.000000,120,False
140384,SILVERM27FEB251000CE,SILVERM,19FEB2027,25100000.000000,1,OPTFUT,NCO,50.000000,120,False
140391,SILVERM27FEB251750PE,SILVERM,19FEB2027,25175000.000000,1,OPTFUT,NCO,50.000000,120,False
140394,SILVERM27FEB252250CE,SILVERM,19FEB2027,25225000.000000,1,OPTFUT,NCO,50.000000,120,False
140401,SILVERM27FEB253000PE,SILVERM,19FEB2027,25300000.000000,1,OPTFUT,NCO,50.000000,120,False
140408,SILVERM27FEB254000CE,SILVERM,19FEB2027,25400000.000000,1,OPTFUT,NCO,50.000000,120,False
140681,GOLD26SEP133700CE,GOLD,25SEP2026,13370000.000000,1,OPTFUT,NCO,50.000000,10,False
140706,GOLD26SEP134900PE,GOLD,25SEP2026,13490000.000000,1,OPTFUT,NCO,50.000000,10,False
140733,SILVERM27FEB254750PE,SILVERM,19FEB2027,25475000.000000,1,OPTFUT,NCO,50.000000,120,False
140791,SILVERM26OCT217500CE,SILVERM,23OCT2026,21750000.000000,1,OPTFUT,NCO,50.000000,120,False
140796,SILVERM26NOV218250PE,SILVERM,23NOV2026,21825000.000000,1,OPTFUT,NCO,50.000000,120,False
140827,SILVERM26DEC259000PE,SILVERM,23DEC2026,25900000.000000,1,OPTFUT,NCO,50.000000,120,False
140847,GOLD27JAN153900CE,GOLD,29JAN2027,15390000.000000,1,OPTFUT,NCO,50.000000,10,False
140850,GOLD27JAN154000PE,GOLD,29JAN2027,15400000.000000,1,OPTFUT,NCO,50.000000,10,False
140851,GOLD27JAN154100CE,GOLD,29JAN2027,15410000.000000,1,OPTFUT,NCO,50.000000,10,False
140903,SILVERM27FEB240250CE,SILVERM,19FEB2027,24025000.000000,1,OPTFUT,NCO,50.000000,120,False
141499,SILVERM26SEP188000CE,SILVERM,23SEP2026,18800000.000000,1,OPTFUT,NCO,50.000000,120,False
141506,SILVERM26SEP188750PE,SILVERM,23SEP2026,18875000.000000,1,OPTFUT,NCO,50.000000,120,False
141510,SILVERM26SEP189250PE,SILVERM,23SEP2026,18925000.000000,1,OPTFUT,NCO,50.000000,120,False
141523,SILVERM26SEP191000CE,SILVERM,23SEP2026,19100000.000000,1,OPTFUT,NCO,50.000000,120,False
141525,SILVERM26SEP191250CE,SILVERM,23SEP2026,19125000.000000,1,OPTFUT,NCO,50.000000,120,False
141535,SILVERM26SEP192500CE,SILVERM,23SEP2026,19250000.000000,1,OPTFUT,NCO,50.000000,120,False
141612,GOLD27JAN158700PE,GOLD,29JAN2027,15870000.000000,1,OPTFUT,NCO,50.000000,10,False
141738,GOLD26SEP136100PE,GOLD,25SEP2026,13610000.000000,1,OPTFUT,NCO,50.000000,10,False
141741,GOLD26SEP136300CE,GOLD,25SEP2026,13630000.000000,1,OPTFUT,NCO,50.000000,10,False
142466,GOLD26SEP137300PE,GOLD,25SEP2026,13730000.000000,1,OPTFUT,NCO,50.000000,10,False
142474,GOLD26SEP137700PE,GOLD,25SEP2026,13770000.000000,1,OPTFUT,NCO,50.000000,10,False
142476,GOLD26SEP137800PE,GOLD,25SEP2026,13780000.000000,1,OPTFUT,NCO,50.000000,10,False
142491,GOLD26SEP138600CE,GOLD,25SEP2026,13860000.000000,1,OPTFUT,NCO,50.000000,10,False
142495,GOLD26SEP138800CE,GOLD,25SEP2026,13880000.000000,1,OPTFUT,NCO,50.000000,10,False
142497,GOLD26SEP138900CE,GOLD,25SEP2026,13890000.000000,1,OPTFUT,NCO,50.000000,10,False
142505,GOLD26SEP139300CE,GOLD,25SEP2026,13930000.000000,1,OPTFUT,NCO,50.000000,10,False
142522,GOLD26SEP140100PE,GOLD,25SEP2026,14010000.000000,1,OPTFUT,NCO,50.000000,10,False
142527,GOLD26SEP142100CE,GOLD,25SEP2026,14210000.000000,1,OPTFUT,NCO,50.000000,10,False
142529,GOLD26SEP142200CE,GOLD,25SEP2026,14220000.000000,1,OPTFUT,NCO,50.000000,10,False
142534,GOLD26SEP142400PE,GOLD,25SEP2026,14240000.000000,1,OPTFUT,NCO,50.000000,10,False
142543,GOLD26OCT143000CE,GOLD,29OCT2026,14300000.000000,1,OPTFUT,NCO,50.000000,10,False
142549,GOLD26OCT143300CE,GOLD,29OCT2026,14330000.000000,1,OPTFUT,NCO,50.000000,10,False
142712,GOLD26DEC141300PE,GOLD,29DEC2026,14130000.000000,1,OPTFUT,NCO,50.000000,10,False
142787,GOLD26DEC140500CE,GOLD,29DEC2026,14050000.000000,1,OPTFUT,NCO,50.000000,10,False
142791,GOLD26DEC140700CE,GOLD,29DEC2026,14070000.000000,1,OPTFUT,NCO,50.000000,10,False
142794,GOLD26DEC140800PE,GOLD,29DEC2026,14080000.000000,1,OPTFUT,NCO,50.000000,10,False
142795,GOLD26DEC140900CE,GOLD,29DEC2026,14090000.000000,1,OPTFUT,NCO,50.000000,10,False
142798,GOLD27JAN141400PE,GOLD,29JAN2027,14140000.000000,1,OPTFUT,NCO,50.000000,10,False
142801,GOLD27JAN141600CE,GOLD,29JAN2027,14160000.000000,1,OPTFUT,NCO,50.000000,10,False
142806,GOLD27JAN141800PE,GOLD,29JAN2027,14180000.000000,1,OPTFUT,NCO,50.000000,10,False
142807,GOLD27JAN141900CE,GOLD,29JAN2027,14190000.000000,1,OPTFUT,NCO,50.000000,10,False
142809,GOLD27JAN142000CE,GOLD,29JAN2027,14200000.000000,1,OPTFUT,NCO,50.000000,10,False
142816,GOLD27JAN142300PE,GOLD,29JAN2027,14230000.000000,1,OPTFUT,NCO,50.000000,10,False
142894,GOLD27JAN142900PE,GOLD,29JAN2027,14290000.000000,1,OPTFUT,NCO,50.000000,10,False
142902,GOLD27JAN143300PE,GOLD,29JAN2027,14330000.000000,1,OPTFUT,NCO,50.000000,10,False
142904,GOLD27JAN143400PE,GOLD,29JAN2027,14340000.000000,1,OPTFUT,NCO,50.000000,10,False
142920,GOLD27JAN144200PE,GOLD,29JAN2027,14420000.000000,1,OPTFUT,NCO,50.000000,10,False
142923,GOLD27JAN144400CE,GOLD,29JAN2027,14440000.000000,1,OPTFUT,NCO,50.000000,10,False
143299,SILVERM26SEP217750CE,SILVERM,23SEP2026,21775000.000000,1,OPTFUT,NCO,50.000000,120,False
143313,SILVERM26SEP219500CE,SILVERM,23SEP2026,21950000.000000,1,OPTFUT,NCO,50.000000,120,False
143314,SILVERM26SEP219500PE,SILVERM,23SEP2026,21950000.000000,1,OPTFUT,NCO,50.000000,120,False
143341,SILVERM26SEP223000CE,SILVERM,23SEP2026,22300000.000000,1,OPTFUT,NCO,50.000000,120,False
143361,SILVERM26OCT219250CE,SILVERM,23OCT2026,21925000.000000,1,OPTFUT,NCO,50.000000,120,False
143372,SILVERM26OCT220500PE,SILVERM,23OCT2026,22050000.000000,1,OPTFUT,NCO,50.000000,120,False
143381,SILVERM26OCT221750CE,SILVERM,23OCT2026,22175000.000000,1,OPTFUT,NCO,50.000000,120,False
143384,SILVERM26OCT222000PE,SILVERM,23OCT2026,22200000.000000,1,OPTFUT,NCO,50.000000,120,False
143385,SILVERM26OCT222250CE,SILVERM,23OCT2026,22225000.000000,1,OPTFUT,NCO,50.000000,120,False
143389,SILVERM26OCT222750CE,SILVERM,23OCT2026,22275000.000000,1,OPTFUT,NCO,50.000000,120,False
143390,SILVERM26OCT222750PE,SILVERM,23OCT2026,22275000.000000,1,OPTFUT,NCO,50.000000,120,False
143391,SILVERM26OCT223000CE,SILVERM,23OCT2026,22300000.000000,1,OPTFUT,NCO,50.000000,120,False
143392,SILVERM26OCT223000PE,SILVERM,23OCT2026,22300000.000000,1,OPTFUT,NCO,50.000000,120,False
143396,SILVERM26OCT223500PE,SILVERM,23OCT2026,22350000.000000,1,OPTFUT,NCO,50.000000,120,False
143398,SILVERM26OCT223750PE,SILVERM,23OCT2026,22375000.000000,1,OPTFUT,NCO,50.000000,120,False
143412,SILVERM26NOV219250PE,SILVERM,23NOV2026,21925000.000000,1,OPTFUT,NCO,50.000000,120,False
143448,SILVERM26NOV223750PE,SILVERM,23NOV2026,22375000.000000,1,OPTFUT,NCO,50.000000,120,False
143469,GOLD27JAN145800CE,GOLD,29JAN2027,14580000.000000,1,OPTFUT,NCO,50.000000,10,False
143447,SILVERM26NOV223750CE,SILVERM,23NOV2026,22375000.000000,1,OPTFUT,NCO,50.000000,120,False
143457,SILVERM26NOV225000CE,SILVERM,23NOV2026,22500000.000000,1,OPTFUT,NCO,50.000000,120,False
143475,GOLD27JAN146100CE,GOLD,29JAN2027,14610000.000000,1,OPTFUT,NCO,50.000000,10,False
143489,GOLD27JAN146800CE,GOLD,29JAN2027,14680000.000000,1,OPTFUT,NCO,50.000000,10,False
143518,GOLD27JAN146900PE,GOLD,29JAN2027,14690000.000000,1,OPTFUT,NCO,50.000000,10,False
143526,GOLD27JAN147100PE,GOLD,29JAN2027,14710000.000000,1,OPTFUT,NCO,50.000000,10,False
143547,GOLD27JAN147500CE,GOLD,29JAN2027,14750000.000000,1,OPTFUT,NCO,50.000000,10,False
143553,GOLD27JAN147800CE,GOLD,29JAN2027,14780000.000000,1,OPTFUT,NCO,50.000000,10,False
143559,GOLD27JAN148100CE,GOLD,29JAN2027,14810000.000000,1,OPTFUT,NCO,50.000000,10,False
143619,GOLD27JAN148700CE,GOLD,29JAN2027,14870000.000000,1,OPTFUT,NCO,50.000000,10,False
143624,GOLD27JAN148900PE,GOLD,29JAN2027,14890000.000000,1,OPTFUT,NCO,50.000000,10,False
143627,GOLD27JAN149100CE,GOLD,29JAN2027,14910000.000000,1,OPTFUT,NCO,50.000000,10,False
143637,GOLD27JAN149600CE,GOLD,29JAN2027,14960000.000000,1,OPTFUT,NCO,50.000000,10,False
143648,GOLD27JAN150100PE,GOLD,29JAN2027,15010000.000000,1,OPTFUT,NCO,50.000000,10,False
143650,GOLD27JAN150200PE,GOLD,29JAN2027,15020000.000000,1,OPTFUT,NCO,50.000000,10,False
143656,GOLD27JAN150500PE,GOLD,29JAN2027,15050000.000000,1,OPTFUT,NCO,50.000000,10,False
143926,GOLD26SEP142700PE,GOLD,25SEP2026,14270000.000000,1,OPTFUT,NCO,50.000000,10,False
143936,GOLD26SEP143200PE,GOLD,25SEP2026,14320000.000000,1,OPTFUT,NCO,50.000000,10,False
143947,GOLD26SEP143800CE,GOLD,25SEP2026,14380000.000000,1,OPTFUT,NCO,50.000000,10,False
143963,GOLD26SEP144600CE,GOLD,25SEP2026,14460000.000000,1,OPTFUT,NCO,50.000000,10,False
143975,GOLD26OCT143600CE,GOLD,29OCT2026,14360000.000000,1,OPTFUT,NCO,50.000000,10,False
143985,GOLD26OCT144100CE,GOLD,29OCT2026,14410000.000000,1,OPTFUT,NCO,50.000000,10,False
143995,GOLD26OCT144600CE,GOLD,29OCT2026,14460000.000000,1,OPTFUT,NCO,50.000000,10,False
143997,GOLD26OCT144700CE,GOLD,29OCT2026,14470000.000000,1,OPTFUT,NCO,50.000000,10,False
144002,GOLD26OCT144900PE,GOLD,29OCT2026,14490000.000000,1,OPTFUT,NCO,50.000000,10,False
144003,GOLD26OCT145000CE,GOLD,29OCT2026,14500000.000000,1,OPTFUT,NCO,50.000000,10,False
144025,GOLD26NOV144500CE,GOLD,27NOV2026,14450000.000000,1,OPTFUT,NCO,50.000000,10,False
144028,GOLD26NOV144600PE,GOLD,27NOV2026,14460000.000000,1,OPTFUT,NCO,50.000000,10,False
144030,GOLD26NOV144700PE,GOLD,27NOV2026,14470000.000000,1,OPTFUT,NCO,50.000000,10,False
144056,GOLD26NOV146000PE,GOLD,27NOV2026,14600000.000000,1,OPTFUT,NCO,50.000000,10,False
144061,GOLD26NOV146300CE,GOLD,27NOV2026,14630000.000000,1,OPTFUT,NCO,50.000000,10,False
144119,GOLD27JAN151000CE,GOLD,29JAN2027,15100000.000000,1,OPTFUT,NCO,50.000000,10,False
144122,GOLD27JAN151100PE,GOLD,29JAN2027,15110000.000000,1,OPTFUT,NCO,50.000000,10,False
144131,GOLD27JAN151600CE,GOLD,29JAN2027,15160000.000000,1,OPTFUT,NCO,50.000000,10,False
144140,GOLD27JAN152000PE,GOLD,29JAN2027,15200000.000000,1,OPTFUT,NCO,50.000000,10,False
144143,GOLD27JAN152200CE,GOLD,29JAN2027,15220000.000000,1,OPTFUT,NCO,50.000000,10,False
144146,GOLD27JAN152300PE,GOLD,29JAN2027,15230000.000000,1,OPTFUT,NCO,50.000000,10,False
144148,GOLD27JAN152400PE,GOLD,29JAN2027,15240000.000000,1,OPTFUT,NCO,50.000000,10,False
144168,GOLD27JAN153400PE,GOLD,29JAN2027,15340000.000000,1,OPTFUT,NCO,50.000000,10,False
144171,GOLD27FEB142300CE,GOLD,26FEB2027,14230000.000000,1,OPTFUT,NCO,50.000000,10,False
144180,GOLD27FEB142700PE,GOLD,26FEB2027,14270000.000000,1,OPTFUT,NCO,50.000000,10,False
144183,GOLD27FEB142900CE,GOLD,26FEB2027,14290000.000000,1,OPTFUT,NCO,50.000000,10,False
144213,GOLD27FEB143400CE,GOLD,26FEB2027,14340000.000000,1,OPTFUT,NCO,50.000000,10,False
144369,SILVERM26SEP224750CE,SILVERM,23SEP2026,22475000.000000,1,OPTFUT,NCO,50.000000,120,False
144377,SILVERM26SEP225750CE,SILVERM,23SEP2026,22575000.000000,1,OPTFUT,NCO,50.000000,120,False
144399,SILVERM26OCT226750CE,SILVERM,23OCT2026,22675000.000000,1,OPTFUT,NCO,50.000000,120,False
144402,SILVERM26OCT227000PE,SILVERM,23OCT2026,22700000.000000,1,OPTFUT,NCO,50.000000,120,False
144405,SILVERM26OCT227500CE,SILVERM,23OCT2026,22750000.000000,1,OPTFUT,NCO,50.000000,120,False
144414,SILVERM26NOV226750PE,SILVERM,23NOV2026,22675000.000000,1,OPTFUT,NCO,50.000000,120,False
144419,SILVERM26NOV227500CE,SILVERM,23NOV2026,22750000.000000,1,OPTFUT,NCO,50.000000,120,False
144426,SILVERM26NOV228250PE,SILVERM,23NOV2026,22825000.000000,1,OPTFUT,NCO,50.000000,120,False
144429,SILVERM26NOV228750CE,SILVERM,23NOV2026,22875000.000000,1,OPTFUT,NCO,50.000000,120,False
144435,GOLD27FEB144500CE,GOLD,26FEB2027,14450000.000000,1,OPTFUT,NCO,50.000000,10,False
144437,GOLD27FEB144600CE,GOLD,26FEB2027,14460000.000000,1,OPTFUT,NCO,50.000000,10,False
144438,GOLD27FEB144600PE,GOLD,26FEB2027,14460000.000000,1,OPTFUT,NCO,50.000000,10,False
144452,GOLD27FEB145300PE,GOLD,26FEB2027,14530000.000000,1,OPTFUT,NCO,50.000000,10,False
144463,GOLD27FEB145900CE,GOLD,26FEB2027,14590000.000000,1,OPTFUT,NCO,50.000000,10,False
144535,GOLD27FEB146500CE,GOLD,26FEB2027,14650000.000000,1,OPTFUT,NCO,50.000000,10,False
144548,GOLD27FEB147100PE,GOLD,26FEB2027,14710000.000000,1,OPTFUT,NCO,50.000000,10,False
144558,GOLD27FEB147600PE,GOLD,26FEB2027,14760000.000000,1,OPTFUT,NCO,50.000000,10,False
144743,GOLD26SEP145500CE,GOLD,25SEP2026,14550000.000000,1,OPTFUT,NCO,50.000000,10,False
144757,GOLD26SEP146200CE,GOLD,25SEP2026,14620000.000000,1,OPTFUT,NCO,50.000000,10,False
144779,GOLD26OCT146700CE,GOLD,29OCT2026,14670000.000000,1,OPTFUT,NCO,50.000000,10,False
144787,GOLD26OCT147100CE,GOLD,29OCT2026,14710000.000000,1,OPTFUT,NCO,50.000000,10,False
144793,GOLD26NOV146700CE,GOLD,27NOV2026,14670000.000000,1,OPTFUT,NCO,50.000000,10,False
144794,GOLD26NOV146700PE,GOLD,27NOV2026,14670000.000000,1,OPTFUT,NCO,50.000000,10,False
144802,GOLD26NOV147100PE,GOLD,27NOV2026,14710000.000000,1,OPTFUT,NCO,50.000000,10,False
144810,GOLD26NOV147500PE,GOLD,27NOV2026,14750000.000000,1,OPTFUT,NCO,50.000000,10,False
144812,GOLD26NOV147600PE,GOLD,27NOV2026,14760000.000000,1,OPTFUT,NCO,50.000000,10,False
144817,GOLD26NOV147900CE,GOLD,27NOV2026,14790000.000000,1,OPTFUT,NCO,50.000000,10,False
144849,GOLD27FEB148700CE,GOLD,26FEB2027,14870000.000000,1,OPTFUT,NCO,50.000000,10,False
144854,GOLD27FEB148900PE,GOLD,26FEB2027,14890000.000000,1,OPTFUT,NCO,50.000000,10,False
144856,GOLD27FEB149000PE,GOLD,26FEB2027,14900000.000000,1,OPTFUT,NCO,50.000000,10,False
144860,GOLD27FEB149200PE,GOLD,26FEB2027,14920000.000000,1,OPTFUT,NCO,50.000000,10,False
144881,GOLD27FEB150300CE,GOLD,26FEB2027,15030000.000000,1,OPTFUT,NCO,50.000000,10,False
144893,GOLD27FEB150900CE,GOLD,26FEB2027,15090000.000000,1,OPTFUT,NCO,50.000000,10,False
144895,GOLD27FEB151000CE,GOLD,26FEB2027,15100000.000000,1,OPTFUT,NCO,50.000000,10,False
145041,GOLD27FEB151300CE,GOLD,26FEB2027,15130000.000000,1,OPTFUT,NCO,50.000000,10,False
145045,GOLD27FEB151500CE,GOLD,26FEB2027,15150000.000000,1,OPTFUT,NCO,50.000000,10,False
145051,GOLD27FEB151800CE,GOLD,26FEB2027,15180000.000000,1,OPTFUT,NCO,50.000000,10,False
145053,GOLD27FEB151900CE,GOLD,26FEB2027,15190000.000000,1,OPTFUT,NCO,50.000000,10,False
145055,GOLD27FEB152000CE,GOLD,26FEB2027,15200000.000000,1,OPTFUT,NCO,50.000000,10,False
145070,GOLD27FEB152700PE,GOLD,26FEB2027,15270000.000000,1,OPTFUT,NCO,50.000000,10,False
145083,GOLD27FEB153400CE,GOLD,26FEB2027,15340000.000000,1,OPTFUT,NCO,50.000000,10,False
145086,GOLD27FEB153500PE,GOLD,26FEB2027,15350000.000000,1,OPTFUT,NCO,50.000000,10,False
145099,GOLD27FEB154200CE,GOLD,26FEB2027,15420000.000000,1,OPTFUT,NCO,50.000000,10,False
145597,SILVERM26SEP235750CE,SILVERM,23SEP2026,23575000.000000,1,OPTFUT,NCO,50.000000,120,False
145598,SILVERM26SEP235750PE,SILVERM,23SEP2026,23575000.000000,1,OPTFUT,NCO,50.000000,120,False
145599,SILVERM26SEP236000CE,SILVERM,23SEP2026,23600000.000000,1,OPTFUT,NCO,50.000000,120,False
145613,SILVERM26SEP237750CE,SILVERM,23SEP2026,23775000.000000,1,OPTFUT,NCO,50.000000,120,False
145624,SILVERM26SEP239000PE,SILVERM,23SEP2026,23900000.000000,1,OPTFUT,NCO,50.000000,120,False
145632,SILVERM26SEP240000PE,SILVERM,23SEP2026,24000000.000000,1,OPTFUT,NCO,50.000000,120,False
145661,SILVERM26SEP243750CE,SILVERM,23SEP2026,24375000.000000,1,OPTFUT,NCO,50.000000,120,False
145665,SILVERM26SEP244250CE,SILVERM,23SEP2026,24425000.000000,1,OPTFUT,NCO,50.000000,120,False
145682,SILVERM26OCT237500PE,SILVERM,23OCT2026,23750000.000000,1,OPTFUT,NCO,50.000000,120,False
145698,SILVERM26OCT239500PE,SILVERM,23OCT2026,23950000.000000,1,OPTFUT,NCO,50.000000,120,False
145699,SILVERM26OCT239750CE,SILVERM,23OCT2026,23975000.000000,1,OPTFUT,NCO,50.000000,120,False
145701,SILVERM26OCT240000CE,SILVERM,23OCT2026,24000000.000000,1,OPTFUT,NCO,50.000000,120,False
145707,SILVERM26OCT240750CE,SILVERM,23OCT2026,24075000.000000,1,OPTFUT,NCO,50.000000,120,False
145712,SILVERM26OCT241250PE,SILVERM,23OCT2026,24125000.000000,1,OPTFUT,NCO,50.000000,120,False
145714,SILVERM26OCT241500PE,SILVERM,23OCT2026,24150000.000000,1,OPTFUT,NCO,50.000000,120,False
145732,SILVERM26OCT243750PE,SILVERM,23OCT2026,24375000.000000,1,OPTFUT,NCO,50.000000,120,False
11,WTICRUDEOIL,CRUDEOIL,,-1.000000,1,UNDCOM,NCO,100.000000,100,False
121604,SILVER26DEC199000CE,SILVER,01DEC2026,19900000.000000,1,OPTBLN,NCO,50.000000,20,False
121606,SILVER26DEC199250CE,SILVER,01DEC2026,19925000.000000,1,OPTBLN,NCO,50.000000,20,False
145736,SILVERM26OCT244250PE,SILVERM,23OCT2026,24425000.000000,1,OPTFUT,NCO,50.000000,120,False
145739,SILVERM26OCT244750CE,SILVERM,23OCT2026,24475000.000000,1,OPTFUT,NCO,50.000000,120,False
145741,SILVERM26OCT245000CE,SILVERM,23OCT2026,24500000.000000,1,OPTFUT,NCO,50.000000,120,False
145744,SILVERM26OCT245250PE,SILVERM,23OCT2026,24525000.000000,1,OPTFUT,NCO,50.000000,120,False
121608,SILVER26DEC199250PE,SILVER,01DEC2026,19925000.000000,1,OPTBLN,NCO,50.000000,20,False
121640,CRUDEOIL26NOV5450PE,CRUDEOIL,10NOV2026,545000.000000,1,OPTFUT,NCO,10.000000,100,False
121641,CRUDEOIL26NOV5500CE,CRUDEOIL,10NOV2026,550000.000000,1,OPTFUT,NCO,10.000000,100,False
121642,CRUDEOIL26NOV5500PE,CRUDEOIL,10NOV2026,550000.000000,1,OPTFUT,NCO,10.000000,100,False
145774,SILVERM26NOV240000PE,SILVERM,23NOV2026,24000000.000000,1,OPTFUT,NCO,50.000000,120,False
145784,SILVERM26NOV241250PE,SILVERM,23NOV2026,24125000.000000,1,OPTFUT,NCO,50.000000,120,False
145787,SILVERM26NOV241750CE,SILVERM,23NOV2026,24175000.000000,1,OPTFUT,NCO,50.000000,120,False
145792,SILVERM26NOV242250PE,SILVERM,23NOV2026,24225000.000000,1,OPTFUT,NCO,50.000000,120,False
121663,COPPER26OCT1430CE,COPPER,23OCT2026,143000.000000,1,OPTFUT,NCO,1.000000,70,False
121688,GOLD27JAN169500CE,GOLD,29JAN2027,16950000.000000,1,OPTFUT,NCO,50.000000,10,False
121689,GOLD27JAN169500PE,GOLD,29JAN2027,16950000.000000,1,OPTFUT,NCO,50.000000,10,False
121665,SILVER27MAR203250CE,SILVER,02MAR2027,20325000.000000,1,OPTBLN,NCO,50.000000,20,False
145793,SILVERM26NOV242500CE,SILVERM,23NOV2026,24250000.000000,1,OPTFUT,NCO,50.000000,120,False
145809,SILVERM26NOV244500CE,SILVERM,23NOV2026,24450000.000000,1,OPTFUT,NCO,50.000000,120,False
145816,SILVERM26NOV245250PE,SILVERM,23NOV2026,24525000.000000,1,OPTFUT,NCO,50.000000,120,False
145817,SILVERM26NOV245500CE,SILVERM,23NOV2026,24550000.000000,1,OPTFUT,NCO,50.000000,120,False
121690,GOLD27JAN169600CE,GOLD,29JAN2027,16960000.000000,1,OPTFUT,NCO,50.000000,10,False
121693,GOLD27JAN169700PE,GOLD,29JAN2027,16970000.000000,1,OPTFUT,NCO,50.000000,10,False
121708,SILVER26DEC259500PE,SILVER,01DEC2026,25950000.000000,1,OPTBLN,NCO,50.000000,20,False
121733,SILVER27MAR205750PE,SILVER,02MAR2027,20575000.000000,1,OPTBLN,NCO,50.000000,20,False
145827,SILVERM26NOV246750CE,SILVERM,23NOV2026,24675000.000000,1,OPTFUT,NCO,50.000000,120,False
145828,SILVERM26NOV246750PE,SILVERM,23NOV2026,24675000.000000,1,OPTFUT,NCO,50.000000,120,False
145833,SILVERM26NOV247500CE,SILVERM,23NOV2026,24750000.000000,1,OPTFUT,NCO,50.000000,120,False
146207,SILVERM26SEP246500CE,SILVERM,23SEP2026,24650000.000000,1,OPTFUT,NCO,50.000000,120,False
121751,SILVERM27JUN232750PE,SILVERM,23JUN2027,23275000.000000,1,OPTFUT,NCO,50.000000,120,False
121758,CRUDEOIL26NOV11200CE,CRUDEOIL,10NOV2026,1120000.000000,1,OPTFUT,NCO,10.000000,100,False
121774,SILVERM27AUG236000PE,SILVERM,24AUG2027,23600000.000000,1,OPTFUT,NCO,50.000000,120,False
121775,SILVERM27AUG236250CE,SILVERM,24AUG2027,23625000.000000,1,OPTFUT,NCO,50.000000,120,False
146208,SILVERM26SEP246500PE,SILVERM,23SEP2026,24650000.000000,1,OPTFUT,NCO,50.000000,120,False
146210,SILVERM26SEP246750PE,SILVERM,23SEP2026,24675000.000000,1,OPTFUT,NCO,50.000000,120,False
146212,SILVERM26SEP247000PE,SILVERM,23SEP2026,24700000.000000,1,OPTFUT,NCO,50.000000,120,False
146229,SILVERM26SEP249250CE,SILVERM,23SEP2026,24925000.000000,1,OPTFUT,NCO,50.000000,120,False
121777,GOLD26OCT125000PE,GOLD,29OCT2026,12500000.000000,1,OPTFUT,NCO,50.000000,10,False
121789,SILVER26DEC250750CE,SILVER,01DEC2026,25075000.000000,1,OPTBLN,NCO,50.000000,20,False
121805,GOLD27JAN171200PE,GOLD,29JAN2027,17120000.000000,1,OPTFUT,NCO,50.000000,10,False
121806,SILVERM27AUG237000CE,SILVERM,24AUG2027,23700000.000000,1,OPTFUT,NCO,50.000000,120,False
146230,SILVERM26SEP249250PE,SILVERM,23SEP2026,24925000.000000,1,OPTFUT,NCO,50.000000,120,False
146236,SILVERM26SEP250000PE,SILVERM,23SEP2026,25000000.000000,1,OPTFUT,NCO,50.000000,120,False
146247,SILVERM26OCT248000CE,SILVERM,23OCT2026,24800000.000000,1,OPTFUT,NCO,50.000000,120,False
146249,SILVERM26OCT248250CE,SILVERM,23OCT2026,24825000.000000,1,OPTFUT,NCO,50.000000,120,False
121825,CRUDEOIL26NOV5650CE,CRUDEOIL,10NOV2026,565000.000000,1,OPTFUT,NCO,10.000000,100,False
121829,SILVERM27AUG237500CE,SILVERM,24AUG2027,23750000.000000,1,OPTFUT,NCO,50.000000,120,False
121838,SILVERM27AUG238000CE,SILVERM,24AUG2027,23800000.000000,1,OPTFUT,NCO,50.000000,120,False
121848,SILVER26DEC196750PE,SILVER,01DEC2026,19675000.000000,1,OPTBLN,NCO,50.000000,20,False
146251,SILVERM26OCT248500CE,SILVERM,23OCT2026,24850000.000000,1,OPTFUT,NCO,50.000000,120,False
146281,SILVERM26NOV248750CE,SILVERM,23NOV2026,24875000.000000,1,OPTFUT,NCO,50.000000,120,False
146299,SILVERM26NOV251000CE,SILVERM,23NOV2026,25100000.000000,1,OPTFUT,NCO,50.000000,120,False
146311,SILVERM26NOV252500CE,SILVERM,23NOV2026,25250000.000000,1,OPTFUT,NCO,50.000000,120,False
121857,SILVER26DEC252500PE,SILVER,01DEC2026,25250000.000000,1,OPTBLN,NCO,50.000000,20,False
121859,SILVER26DEC252750CE,SILVER,01DEC2026,25275000.000000,1,OPTBLN,NCO,50.000000,20,False
121870,SILVER26DEC253250PE,SILVER,01DEC2026,25325000.000000,1,OPTBLN,NCO,50.000000,20,False
121875,BRCRUDEOIL26OCTFUT,BRCRUDEOIL,30OCT2026,-1.000000,1,FUTENR,NCO,100.000000,100,False
146395,SILVERM26SEP256750CE,SILVERM,23SEP2026,25675000.000000,1,OPTFUT,NCO,50.000000,120,False
146397,SILVERM26SEP257000CE,SILVERM,23SEP2026,25700000.000000,1,OPTFUT,NCO,50.000000,120,False
146401,SILVERM26SEP257500CE,SILVERM,23SEP2026,25750000.000000,1,OPTFUT,NCO,50.000000,120,False
146407,SILVERM26SEP258250CE,SILVERM,23SEP2026,25825000.000000,1,OPTFUT,NCO,50.000000,120,False
146412,SILVERM26SEP258750PE,SILVERM,23SEP2026,25875000.000000,1,OPTFUT,NCO,50.000000,120,False
146431,SILVERM26OCT258750CE,SILVERM,23OCT2026,25875000.000000,1,OPTFUT,NCO,50.000000,120,False
146433,SILVERM26OCT259000CE,SILVERM,23OCT2026,25900000.000000,1,OPTFUT,NCO,50.000000,120,False
146434,SILVERM26OCT259000PE,SILVERM,23OCT2026,25900000.000000,1,OPTFUT,NCO,50.000000,120,False
121889,SILVERM27AUG239750CE,SILVERM,24AUG2027,23975000.000000,1,OPTFUT,NCO,50.000000,120,False
121891,COPPER26NOV1420CE,COPPER,23NOV2026,142000.000000,1,OPTFUT,NCO,1.000000,70,False
121895,COPPER26NOV1425CE,COPPER,23NOV2026,142500.000000,1,OPTFUT,NCO,1.000000,70,False
121896,GOLD27JAN171600CE,GOLD,29JAN2027,17160000.000000,1,OPTFUT,NCO,50.000000,10,False
146444,SILVERM26NOV258000PE,SILVERM,23NOV2026,25800000.000000,1,OPTFUT,NCO,50.000000,120,False
146457,SILVERM26NOV259750CE,SILVERM,23NOV2026,25975000.000000,1,OPTFUT,NCO,50.000000,120,False
146464,SILVERM26NOV260500PE,SILVERM,23NOV2026,26050000.000000,1,OPTFUT,NCO,50.000000,120,False
146479,SILVERM26DEC260250CE,SILVERM,23DEC2026,26025000.000000,1,OPTFUT,NCO,50.000000,120,False
121903,SILVERM27FEBFUT,SILVERM,26FEB2027,-1.000000,1,FUTBLN,NCO,100.000000,120,False
121908,SILVERM27JAN250500CE,SILVERM,21JAN2027,25050000.000000,1,OPTFUT,NCO,50.000000,120,False
121914,COPPER26OCT1335CE,COPPER,23OCT2026,133500.000000,1,OPTFUT,NCO,1.000000,70,False
121941,SILVERM27JUN248000CE,SILVERM,23JUN2027,24800000.000000,1,OPTFUT,NCO,50.000000,120,False
121942,SILVER27MAR257000CE,SILVER,02MAR2027,25700000.000000,1,OPTBLN,NCO,50.000000,20,False
121947,GOLD27JUN161300CE,GOLD,28JUN2027,16130000.000000,1,OPTFUT,NCO,50.000000,10,False
121949,GOLD27JUN161300PE,GOLD,28JUN2027,16130000.000000,1,OPTFUT,NCO,50.000000,10,False
121961,SILVERM27JUN249000CE,SILVERM,23JUN2027,24900000.000000,1,OPTFUT,NCO,50.000000,120,False
146484,SILVERM26DEC260750PE,SILVERM,23DEC2026,26075000.000000,1,OPTFUT,NCO,50.000000,120,False
146489,SILVERM26DEC261500CE,SILVERM,23DEC2026,26150000.000000,1,OPTFUT,NCO,50.000000,120,False
146490,SILVERM26DEC261500PE,SILVERM,23DEC2026,26150000.000000,1,OPTFUT,NCO,50.000000,120,False
146951,SILVERM26SEP261250CE,SILVERM,23SEP2026,26125000.000000,1,OPTFUT,NCO,50.000000,120,False
121964,GOLD27AUG159800PE,GOLD,27AUG2027,15980000.000000,1,OPTFUT,NCO,50.000000,10,False
121967,SILVERM27JUN249250PE,SILVERM,23JUN2027,24925000.000000,1,OPTFUT,NCO,50.000000,120,False
121974,SILVERM27JUN249750CE,SILVERM,23JUN2027,24975000.000000,1,OPTFUT,NCO,50.000000,120,False
121980,GOLD27AUG160000CE,GOLD,27AUG2027,16000000.000000,1,OPTFUT,NCO,50.000000,10,False
146953,SILVERM26SEP261500CE,SILVERM,23SEP2026,26150000.000000,1,OPTFUT,NCO,50.000000,120,False
146972,SILVERM26OCT260250PE,SILVERM,23OCT2026,26025000.000000,1,OPTFUT,NCO,50.000000,120,False
146975,SILVERM26OCT260750CE,SILVERM,23OCT2026,26075000.000000,1,OPTFUT,NCO,50.000000,120,False
146977,SILVERM26OCT261000CE,SILVERM,23OCT2026,26100000.000000,1,OPTFUT,NCO,50.000000,120,False
121983,GOLD27AUG160100PE,GOLD,27AUG2027,16010000.000000,1,OPTFUT,NCO,50.000000,10,False
121985,SILVERM26SEP143000CE,SILVERM,23SEP2026,14300000.000000,1,OPTFUT,NCO,50.000000,120,False
121987,SILVERM26SEP143250CE,SILVERM,23SEP2026,14325000.000000,1,OPTFUT,NCO,50.000000,120,False
121992,SILVERM26SEP143750PE,SILVERM,23SEP2026,14375000.000000,1,OPTFUT,NCO,50.000000,120,False
146983,SILVERM26OCT261750CE,SILVERM,23OCT2026,26175000.000000,1,OPTFUT,NCO,50.000000,120,False
146996,SILVERM26OCT263250PE,SILVERM,23OCT2026,26325000.000000,1,OPTFUT,NCO,50.000000,120,False
147019,SILVERM26NOV262500CE,SILVERM,23NOV2026,26250000.000000,1,OPTFUT,NCO,50.000000,120,False
147022,SILVERM26NOV262750PE,SILVERM,23NOV2026,26275000.000000,1,OPTFUT,NCO,50.000000,120,False
122003,SILVERM26SEP144000CE,SILVERM,23SEP2026,14400000.000000,1,OPTFUT,NCO,50.000000,120,False
122025,GOLD27JUN161700CE,GOLD,28JUN2027,16170000.000000,1,OPTFUT,NCO,50.000000,10,False
122031,SILVERM27MAY286250CE,SILVERM,24MAY2027,28625000.000000,1,OPTFUT,NCO,50.000000,120,False
122041,SILVERM27JAN251250PE,SILVERM,21JAN2027,25125000.000000,1,OPTFUT,NCO,50.000000,120,False
147044,SILVERM26NOV265500PE,SILVERM,23NOV2026,26550000.000000,1,OPTFUT,NCO,50.000000,120,False
147049,SILVERM26NOV266250CE,SILVERM,23NOV2026,26625000.000000,1,OPTFUT,NCO,50.000000,120,False
147054,SILVERM26DEC263000PE,SILVERM,23DEC2026,26300000.000000,1,OPTFUT,NCO,50.000000,120,False
147068,SILVERM26DEC264750PE,SILVERM,23DEC2026,26475000.000000,1,OPTFUT,NCO,50.000000,120,False
122045,SILVER26DEC255250CE,SILVER,01DEC2026,25525000.000000,1,OPTBLN,NCO,50.000000,20,False
122053,SILVER26DEC255250PE,SILVER,01DEC2026,25525000.000000,1,OPTBLN,NCO,50.000000,20,False
122065,GOLD27JUN162100PE,GOLD,28JUN2027,16210000.000000,1,OPTFUT,NCO,50.000000,10,False
122085,SILVERM27JAN252500CE,SILVERM,21JAN2027,25250000.000000,1,OPTFUT,NCO,50.000000,120,False
147072,SILVERM26DEC265250PE,SILVERM,23DEC2026,26525000.000000,1,OPTFUT,NCO,50.000000,120,False
147074,SILVERM26DEC265500PE,SILVERM,23DEC2026,26550000.000000,1,OPTFUT,NCO,50.000000,120,False
147081,SILVERM26DEC266500CE,SILVERM,23DEC2026,26650000.000000,1,OPTFUT,NCO,50.000000,120,False
147082,SILVERM26DEC266500PE,SILVERM,23DEC2026,26650000.000000,1,OPTFUT,NCO,50.000000,120,False
147480,GOLD26SEP146700PE,GOLD,25SEP2026,14670000.000000,1,OPTFUT,NCO,50.000000,10,False
147483,GOLD26SEP146900CE,GOLD,25SEP2026,14690000.000000,1,OPTFUT,NCO,50.000000,10,False
147493,GOLD26SEP147400CE,GOLD,25SEP2026,14740000.000000,1,OPTFUT,NCO,50.000000,10,False
147494,GOLD26SEP147400PE,GOLD,25SEP2026,14740000.000000,1,OPTFUT,NCO,50.000000,10,False
122090,GOLD27AUG160500CE,GOLD,27AUG2027,16050000.000000,1,OPTFUT,NCO,50.000000,10,False
122096,GOLD27AUG160700CE,GOLD,27AUG2027,16070000.000000,1,OPTFUT,NCO,50.000000,10,False
122098,GOLD27AUG160800CE,GOLD,27AUG2027,16080000.000000,1,OPTFUT,NCO,50.000000,10,False
122103,GOLDM26NOV151300PE,GOLDM,27NOV2026,15130000.000000,1,OPTFUT,NCO,50.000000,100,False
147510,GOLD26SEP148200PE,GOLD,25SEP2026,14820000.000000,1,OPTFUT,NCO,50.000000,10,False
147519,GOLD26OCT147500CE,GOLD,29OCT2026,14750000.000000,1,OPTFUT,NCO,50.000000,10,False
147531,GOLD26OCT148100CE,GOLD,29OCT2026,14810000.000000,1,OPTFUT,NCO,50.000000,10,False
147538,GOLD26OCT148400PE,GOLD,29OCT2026,14840000.000000,1,OPTFUT,NCO,50.000000,10,False
122112,SILVERM26NOV168500CE,SILVERM,23NOV2026,16850000.000000,1,OPTFUT,NCO,50.000000,120,False
122117,SILVERM26NOV169000PE,SILVERM,23NOV2026,16900000.000000,1,OPTFUT,NCO,50.000000,120,False
122130,SILVERM26NOV170000PE,SILVERM,23NOV2026,17000000.000000,1,OPTFUT,NCO,50.000000,120,False
122153,SILVER26DEC258500CE,SILVER,01DEC2026,25850000.000000,1,OPTBLN,NCO,50.000000,20,False
147550,GOLD26OCT149000PE,GOLD,29OCT2026,14900000.000000,1,OPTFUT,NCO,50.000000,10,False
147558,GOLD26NOV148200PE,GOLD,27NOV2026,14820000.000000,1,OPTFUT,NCO,50.000000,10,False
147576,GOLD26NOV149100PE,GOLD,27NOV2026,14910000.000000,1,OPTFUT,NCO,50.000000,10,False
147594,GOLD26DEC147600PE,GOLD,29DEC2026,14760000.000000,1,OPTFUT,NCO,50.000000,10,False
122158,GOLD27AUG161000CE,GOLD,27AUG2027,16100000.000000,1,OPTFUT,NCO,50.000000,10,False
122160,GOLD27AUG161100CE,GOLD,27AUG2027,16110000.000000,1,OPTFUT,NCO,50.000000,10,False
122164,NATGASMINI26NOVFUT,NATGASMINI,24NOV2026,-1.000000,1,FUTENR,NCO,10.000000,240,False
122170,SILVER26DEC258750PE,SILVER,01DEC2026,25875000.000000,1,OPTBLN,NCO,50.000000,20,False
147596,GOLD26DEC147700PE,GOLD,29DEC2026,14770000.000000,1,OPTFUT,NCO,50.000000,10,False
147619,GOLD26DEC148900CE,GOLD,29DEC2026,14890000.000000,1,OPTFUT,NCO,50.000000,10,False
147628,GOLD26DEC149300PE,GOLD,29DEC2026,14930000.000000,1,OPTFUT,NCO,50.000000,10,False
147629,GOLD26DEC149400CE,GOLD,29DEC2026,14940000.000000,1,OPTFUT,NCO,50.000000,10,False
147642,GOLD26DEC150000PE,GOLD,29DEC2026,15000000.000000,1,OPTFUT,NCO,50.000000,10,False
147649,GOLD26DEC150400CE,GOLD,29DEC2026,15040000.000000,1,OPTFUT,NCO,50.000000,10,False
147655,GOLD26DEC150700CE,GOLD,29DEC2026,15070000.000000,1,OPTFUT,NCO,50.000000,10,False
147701,SILVERM26DEC212750CE,SILVERM,23DEC2026,21275000.000000,1,OPTFUT,NCO,50.000000,120,False
122174,SILVER26DEC264000PE,SILVER,01DEC2026,26400000.000000,1,OPTBLN,NCO,50.000000,20,False
122175,SILVERM26NOV171750CE,SILVERM,23NOV2026,17175000.000000,1,OPTFUT,NCO,50.000000,120,False
122180,NATURALGAS26NOV205PE,NATURALGAS,18NOV2026,20500.000000,1,OPTFUT,NCO,5.000000,48,False
122183,NATURALGAS26NOV215CE,NATURALGAS,18NOV2026,21500.000000,1,OPTFUT,NCO,5.000000,48,False
122203,SILVERM26NOV173000CE,SILVERM,23NOV2026,17300000.000000,1,OPTFUT,NCO,50.000000,120,False
122205,SILVERM26NOV173250CE,SILVERM,23NOV2026,17325000.000000,1,OPTFUT,NCO,50.000000,120,False
122206,SILVERM26NOV173250PE,SILVERM,23NOV2026,17325000.000000,1,OPTFUT,NCO,50.000000,120,False
122227,NATURALGAS26NOV225CE,NATURALGAS,18NOV2026,22500.000000,1,OPTFUT,NCO,5.000000,48,False
147713,SILVERM26DEC214250CE,SILVERM,23DEC2026,21425000.000000,1,OPTFUT,NCO,50.000000,120,False
147718,SILVERM26DEC214750PE,SILVERM,23DEC2026,21475000.000000,1,OPTFUT,NCO,50.000000,120,False
147725,SILVERM26DEC215750CE,SILVERM,23DEC2026,21575000.000000,1,OPTFUT,NCO,50.000000,120,False
147728,SILVERM26DEC216000PE,SILVERM,23DEC2026,21600000.000000,1,OPTFUT,NCO,50.000000,120,False
122246,NATURALGAS26NOV245PE,NATURALGAS,18NOV2026,24500.000000,1,OPTFUT,NCO,5.000000,48,False
122273,SILVERM27APR249250PE,SILVERM,23APR2027,24925000.000000,1,OPTFUT,NCO,50.000000,120,False
122276,SILVERM26NOV176250CE,SILVERM,23NOV2026,17625000.000000,1,OPTFUT,NCO,50.000000,120,False
122282,SILVERM27APR249500PE,SILVERM,23APR2027,24950000.000000,1,OPTFUT,NCO,50.000000,120,False
147816,GOLD26SEP163600PE,GOLD,25SEP2026,16360000.000000,1,OPTFUT,NCO,50.000000,10,False
147825,GOLD26SEP164100CE,GOLD,25SEP2026,16410000.000000,1,OPTFUT,NCO,50.000000,10,False
147831,GOLD26SEP164400CE,GOLD,25SEP2026,16440000.000000,1,OPTFUT,NCO,50.000000,10,False
147832,GOLD26SEP164400PE,GOLD,25SEP2026,16440000.000000,1,OPTFUT,NCO,50.000000,10,False
122283,SILVERM27APR249750CE,SILVERM,23APR2027,24975000.000000,1,OPTFUT,NCO,50.000000,120,False
122292,SILVERM27APR250250CE,SILVERM,23APR2027,25025000.000000,1,OPTFUT,NCO,50.000000,120,False
122306,SILVERM27APR251500CE,SILVERM,23APR2027,25150000.000000,1,OPTFUT,NCO,50.000000,120,False
122319,SILVERM26NOV177000PE,SILVERM,23NOV2026,17700000.000000,1,OPTFUT,NCO,50.000000,120,False
147857,GOLD26SEP165700CE,GOLD,25SEP2026,16570000.000000,1,OPTFUT,NCO,50.000000,10,False
147865,GOLD26SEP166100CE,GOLD,25SEP2026,16610000.000000,1,OPTFUT,NCO,50.000000,10,False
147880,SILVERM26DEC217750PE,SILVERM,23DEC2026,21775000.000000,1,OPTFUT,NCO,50.000000,120,False
147896,SILVERM26DEC219750PE,SILVERM,23DEC2026,21975000.000000,1,OPTFUT,NCO,50.000000,120,False
122320,SILVERM26NOV177250CE,SILVERM,23NOV2026,17725000.000000,1,OPTFUT,NCO,50.000000,120,False
122321,SILVERM27APR252500PE,SILVERM,23APR2027,25250000.000000,1,OPTFUT,NCO,50.000000,120,False
122328,SILVERM26NOV177500PE,SILVERM,23NOV2026,17750000.000000,1,OPTFUT,NCO,50.000000,120,False
122332,SILVERM26NOV178000CE,SILVERM,23NOV2026,17800000.000000,1,OPTFUT,NCO,50.000000,120,False
147900,SILVERM26DEC220250PE,SILVERM,23DEC2026,22025000.000000,1,OPTFUT,NCO,50.000000,120,False
147908,SILVERM26DEC221250PE,SILVERM,23DEC2026,22125000.000000,1,OPTFUT,NCO,50.000000,120,False
147910,SILVERM26DEC221500PE,SILVERM,23DEC2026,22150000.000000,1,OPTFUT,NCO,50.000000,120,False
147912,SILVERM26DEC221750PE,SILVERM,23DEC2026,22175000.000000,1,OPTFUT,NCO,50.000000,120,False
122333,SILVERM27APR253250CE,SILVERM,23APR2027,25325000.000000,1,OPTFUT,NCO,50.000000,120,False
122383,GOLD27AUG161700PE,GOLD,27AUG2027,16170000.000000,1,OPTFUT,NCO,50.000000,10,False
122389,GOLDM26NOV151600PE,GOLDM,27NOV2026,15160000.000000,1,OPTFUT,NCO,50.000000,100,False
122390,SILVERM26OCT192750CE,SILVERM,23OCT2026,19275000.000000,1,OPTFUT,NCO,50.000000,120,False
147924,SILVERM26DEC223250PE,SILVERM,23DEC2026,22325000.000000,1,OPTFUT,NCO,50.000000,120,False
147940,SILVERM26DEC225250PE,SILVERM,23DEC2026,22525000.000000,1,OPTFUT,NCO,50.000000,120,False
148419,SILVERM26SEP264000CE,SILVERM,23SEP2026,26400000.000000,1,OPTFUT,NCO,50.000000,120,False
148436,SILVERM26SEP266000PE,SILVERM,23SEP2026,26600000.000000,1,OPTFUT,NCO,50.000000,120,False
122406,SILVERM26OCT193750PE,SILVERM,23OCT2026,19375000.000000,1,OPTFUT,NCO,50.000000,120,False
122410,GOLD27AUG162100CE,GOLD,27AUG2027,16210000.000000,1,OPTFUT,NCO,50.000000,10,False
122412,SILVERM26OCT194250PE,SILVERM,23OCT2026,19425000.000000,1,OPTFUT,NCO,50.000000,120,False
122417,NICKEL26DECFUT,NICKEL,31DEC2026,-1.000000,1,FUTBAS,NCO,10.000000,16,False
148451,SILVERM26SEP268000CE,SILVERM,23SEP2026,26800000.000000,1,OPTFUT,NCO,50.000000,120,False
148459,SILVERM26SEP269000CE,SILVERM,23SEP2026,26900000.000000,1,OPTFUT,NCO,50.000000,120,False
148475,SILVERM26SEP271000CE,SILVERM,23SEP2026,27100000.000000,1,OPTFUT,NCO,50.000000,120,False
148482,SILVERM26SEP271750PE,SILVERM,23SEP2026,27175000.000000,1,OPTFUT,NCO,50.000000,120,False
148490,SILVERM26SEP272750PE,SILVERM,23SEP2026,27275000.000000,1,OPTFUT,NCO,50.000000,120,False
148505,SILVERM26OCT266250CE,SILVERM,23OCT2026,26625000.000000,1,OPTFUT,NCO,50.000000,120,False
148507,SILVERM26OCT266500CE,SILVERM,23OCT2026,26650000.000000,1,OPTFUT,NCO,50.000000,120,False
148543,SILVERM26OCT271000CE,SILVERM,23OCT2026,27100000.000000,1,OPTFUT,NCO,50.000000,120,False
122420,GOLD10G26OCTFUT,GOLD10G,30OCT2026,-1.000000,1,FUTBLN,NCO,100.000000,1000,False
122424,SILVERM26NOV193250CE,SILVERM,23NOV2026,19325000.000000,1,OPTFUT,NCO,50.000000,120,False
122429,SILVERM26NOV193750PE,SILVERM,23NOV2026,19375000.000000,1,OPTFUT,NCO,50.000000,120,False
122439,SILVERM26NOV178500PE,SILVERM,23NOV2026,17850000.000000,1,OPTFUT,NCO,50.000000,120,False
127003,NATURALGAS26NOV195PE,NATURALGAS,18NOV2026,19500.000000,1,OPTFUT,NCO,5.000000,48,False
127008,SILVERM27JAN304500PE,SILVERM,21JAN2027,30450000.000000,1,OPTFUT,NCO,50.000000,120,False
127012,ZINC26NOV460CE,ZINC,23NOV2026,46000.000000,1,OPTFUT,NCO,1.000000,20,False
127015,SILVERM26DEC248500CE,SILVERM,23DEC2026,24850000.000000,1,OPTFUT,NCO,50.000000,120,False
122448,SILVERM26NOV179750CE,SILVERM,23NOV2026,17975000.000000,1,OPTFUT,NCO,50.000000,120,False
122472,SILVERM26NOV180750CE,SILVERM,23NOV2026,18075000.000000,1,OPTFUT,NCO,50.000000,120,False
122479,GOLD27AUG162200PE,GOLD,27AUG2027,16220000.000000,1,OPTFUT,NCO,50.000000,10,False
122484,GOLD27AUG162500CE,GOLD,27AUG2027,16250000.000000,1,OPTFUT,NCO,50.000000,10,False
127027,SILVERM26DEC250000CE,SILVERM,23DEC2026,25000000.000000,1,OPTFUT,NCO,50.000000,120,False
127048,COPPER26DEC1480CE,COPPER,23DEC2026,148000.000000,1,OPTFUT,NCO,1.000000,70,False
127053,CRUDEOIL26OCT11700PE,CRUDEOIL,08OCT2026,1170000.000000,1,OPTFUT,NCO,10.000000,100,False
127055,CRUDEOIL26OCT11750PE,CRUDEOIL,08OCT2026,1175000.000000,1,OPTFUT,NCO,10.000000,100,False
122522,GOLD27JUN153600PE,GOLD,28JUN2027,15360000.000000,1,OPTFUT,NCO,50.000000,10,False
122530,GOLD27AUG163500CE,GOLD,27AUG2027,16350000.000000,1,OPTFUT,NCO,50.000000,10,False
122534,GOLD26OCT137200PE,GOLD,29OCT2026,13720000.000000,1,OPTFUT,NCO,50.000000,10,False
122545,GOLD27AUG163700PE,GOLD,27AUG2027,16370000.000000,1,OPTFUT,NCO,50.000000,10,False
127056,CRUDEOIL26OCT11800CE,CRUDEOIL,08OCT2026,1180000.000000,1,OPTFUT,NCO,10.000000,100,False
127069,CRUDEOIL26OCT12100PE,CRUDEOIL,08OCT2026,1210000.000000,1,OPTFUT,NCO,10.000000,100,False
127075,CRUDEOIL26OCT12200PE,CRUDEOIL,08OCT2026,1220000.000000,1,OPTFUT,NCO,10.000000,100,False
127093,SILVERM26DEC250750PE,SILVERM,23DEC2026,25075000.000000,1,OPTFUT,NCO,50.000000,120,False
122552,GOLD26OCT137500PE,GOLD,29OCT2026,13750000.000000,1,OPTFUT,NCO,50.000000,10,False
122553,GOLD26OCT137600CE,GOLD,29OCT2026,13760000.000000,1,OPTFUT,NCO,50.000000,10,False
122565,GOLD27JUN162700PE,GOLD,28JUN2027,16270000.000000,1,OPTFUT,NCO,50.000000,10,False
122576,GOLD26OCT137700CE,GOLD,29OCT2026,13770000.000000,1,OPTFUT,NCO,50.000000,10,False
127101,SILVERM26DEC251750PE,SILVERM,23DEC2026,25175000.000000,1,OPTFUT,NCO,50.000000,120,False
127113,GOLD27APR162000PE,GOLD,28APR2027,16200000.000000,1,OPTFUT,NCO,50.000000,10,False
127116,GOLDM26OCT152600CE,GOLDM,29OCT2026,15260000.000000,1,OPTFUT,NCO,50.000000,100,False
127117,GOLDM26OCT152600PE,GOLDM,29OCT2026,15260000.000000,1,OPTFUT,NCO,50.000000,100,False
122596,GOLD27MAY167000PE,GOLD,28MAY2027,16700000.000000,1,OPTFUT,NCO,50.000000,10,False
122616,GOLD26OCT138700PE,GOLD,29OCT2026,13870000.000000,1,OPTFUT,NCO,50.000000,10,False
122618,GOLD27JUN162800CE,GOLD,28JUN2027,16280000.000000,1,OPTFUT,NCO,50.000000,10,False
122626,GOLDM26NOV151800CE,GOLDM,27NOV2026,15180000.000000,1,OPTFUT,NCO,50.000000,100,False
127139,SILVERM27MAR266000PE,SILVERM,24MAR2027,26600000.000000,1,OPTFUT,NCO,50.000000,120,False
127141,SILVERM27MAR266250PE,SILVERM,24MAR2027,26625000.000000,1,OPTFUT,NCO,50.000000,120,False
127146,CRUDEOIL26NOV11800CE,CRUDEOIL,10NOV2026,1180000.000000,1,OPTFUT,NCO,10.000000,100,False
127147,CRUDEOIL26NOV11800PE,CRUDEOIL,10NOV2026,1180000.000000,1,OPTFUT,NCO,10.000000,100,False
122637,SILVERM27MAY272250PE,SILVERM,24MAY2027,27225000.000000,1,OPTFUT,NCO,50.000000,120,False
122650,GOLD27AUG164000PE,GOLD,27AUG2027,16400000.000000,1,OPTFUT,NCO,50.000000,10,False
122665,SILVERM27JAN244250CE,SILVERM,21JAN2027,24425000.000000,1,OPTFUT,NCO,50.000000,120,False
122669,SILVERM27JAN244750CE,SILVERM,21JAN2027,24475000.000000,1,OPTFUT,NCO,50.000000,120,False
122672,SILVERM27JAN245000PE,SILVERM,21JAN2027,24500000.000000,1,OPTFUT,NCO,50.000000,120,False
122681,SILVERM27JAN246250CE,SILVERM,21JAN2027,24625000.000000,1,OPTFUT,NCO,50.000000,120,False
122705,GOLD27MAY167700CE,GOLD,28MAY2027,16770000.000000,1,OPTFUT,NCO,50.000000,10,False
122707,GOLD27JUL162200CE,GOLD,29JUL2027,16220000.000000,1,OPTFUT,NCO,50.000000,10,False
122714,GOLD27JUN154300PE,GOLD,28JUN2027,15430000.000000,1,OPTFUT,NCO,50.000000,10,False
122717,GOLD27JUN154500CE,GOLD,28JUN2027,15450000.000000,1,OPTFUT,NCO,50.000000,10,False
122723,GOLD27JUN154800CE,GOLD,28JUN2027,15480000.000000,1,OPTFUT,NCO,50.000000,10,False
122739,ALUMINI26OCTFUT,ALUMINI,30OCT2026,-1.000000,1,FUTBAS,NCO,5.000000,150,False
122747,SILVERM27JAN348500CE,SILVERM,21JAN2027,34850000.000000,1,OPTFUT,NCO,50.000000,120,False
122752,GOLD27JUN155000CE,GOLD,28JUN2027,15500000.000000,1,OPTFUT,NCO,50.000000,10,False
122761,CRUDEOIL26OCT11300PE,CRUDEOIL,08OCT2026,1130000.000000,1,OPTFUT,NCO,10.000000,100,False
122766,CRUDEOIL26OCT11450CE,CRUDEOIL,08OCT2026,1145000.000000,1,OPTFUT,NCO,10.000000,100,False
122767,CRUDEOIL26OCT11450PE,CRUDEOIL,08OCT2026,1145000.000000,1,OPTFUT,NCO,10.000000,100,False
122769,CRUDEOIL26OCT11500PE,CRUDEOIL,08OCT2026,1150000.000000,1,OPTFUT,NCO,10.000000,100,False
122778,ZINC26OCTFUT,ZINC,30OCT2026,-1.000000,1,FUTBAS,NCO,5.000000,20,False
122779,ZINCMINI26OCTFUT,ZINCMINI,30OCT2026,-1.000000,1,FUTBAS,NCO,5.000000,100,False
122785,NATURALGAS26OCT185PE,NATURALGAS,21OCT2026,18500.000000,1,OPTFUT,NCO,5.000000,48,False
122790,GOLD27AUG164400PE,GOLD,27AUG2027,16440000.000000,1,OPTFUT,NCO,50.000000,10,False
122824,SILVERM27JAN353500PE,SILVERM,21JAN2027,35350000.000000,1,OPTFUT,NCO,50.000000,120,False
122829,SILVERM27JAN354250CE,SILVERM,21JAN2027,35425000.000000,1,OPTFUT,NCO,50.000000,120,False
127153,CRUDEOIL26NOV11950PE,CRUDEOIL,10NOV2026,1195000.000000,1,OPTFUT,NCO,10.000000,100,False
127156,SILVER27MAR224750PE,SILVER,02MAR2027,22475000.000000,1,OPTBLN,NCO,50.000000,20,False
127161,SILVER27MAR225500CE,SILVER,02MAR2027,22550000.000000,1,OPTBLN,NCO,50.000000,20,False
127162,SILVER27MAR225500PE,SILVER,02MAR2027,22550000.000000,1,OPTBLN,NCO,50.000000,20,False
122836,SILVERM27MAR233000CE,SILVERM,24MAR2027,23300000.000000,1,OPTFUT,NCO,50.000000,120,False
122840,SILVER27MAR207500CE,SILVER,02MAR2027,20750000.000000,1,OPTBLN,NCO,50.000000,20,False
122849,COPPER26DEC1390CE,COPPER,23DEC2026,139000.000000,1,OPTFUT,NCO,1.000000,70,False
122851,GOLD27AUG164700CE,GOLD,27AUG2027,16470000.000000,1,OPTFUT,NCO,50.000000,10,False
127164,SILVER27MAR225750PE,SILVER,02MAR2027,22575000.000000,1,OPTBLN,NCO,50.000000,20,False
127168,SILVER27MAR226250PE,SILVER,02MAR2027,22625000.000000,1,OPTBLN,NCO,50.000000,20,False
127177,SILVERM27MAR273500PE,SILVERM,24MAR2027,27350000.000000,1,OPTFUT,NCO,50.000000,120,False
127181,SILVERM27MAR274000PE,SILVERM,24MAR2027,27400000.000000,1,OPTFUT,NCO,50.000000,120,False
122853,COPPER26DEC1395CE,COPPER,23DEC2026,139500.000000,1,OPTFUT,NCO,1.000000,70,False
122858,NATURALGAS26NOV270PE,NATURALGAS,18NOV2026,27000.000000,1,OPTFUT,NCO,5.000000,48,False
122864,SILVERM26OCT180000PE,SILVERM,23OCT2026,18000000.000000,1,OPTFUT,NCO,50.000000,120,False
122873,SILVERM26OCT180750CE,SILVERM,23OCT2026,18075000.000000,1,OPTFUT,NCO,50.000000,120,False
127189,CRUDEOIL26NOV12050CE,CRUDEOIL,10NOV2026,1205000.000000,1,OPTFUT,NCO,10.000000,100,False
127202,CRUDEOIL26NOV12100PE,CRUDEOIL,10NOV2026,1210000.000000,1,OPTFUT,NCO,10.000000,100,False
127223,SILVERM27FEB293500PE,SILVERM,19FEB2027,29350000.000000,1,OPTFUT,NCO,50.000000,120,False
127216,SILVERM27FEB292750CE,SILVERM,19FEB2027,29275000.000000,1,OPTFUT,NCO,50.000000,120,False
122874,SILVERM27JAN354500PE,SILVERM,21JAN2027,35450000.000000,1,OPTFUT,NCO,50.000000,120,False
122876,SILVERM27JAN354750PE,SILVERM,21JAN2027,35475000.000000,1,OPTFUT,NCO,50.000000,120,False
122900,SILVERM27JAN247250PE,SILVERM,21JAN2027,24725000.000000,1,OPTFUT,NCO,50.000000,120,False
122932,SILVERM26OCT181500CE,SILVERM,23OCT2026,18150000.000000,1,OPTFUT,NCO,50.000000,120,False
127239,SILVERM27FEB294750CE,SILVERM,19FEB2027,29475000.000000,1,OPTFUT,NCO,50.000000,120,False
127245,SILVERM27FEB295500CE,SILVERM,19FEB2027,29550000.000000,1,OPTFUT,NCO,50.000000,120,False
127252,SILVERM27FEB296000PE,SILVERM,19FEB2027,29600000.000000,1,OPTFUT,NCO,50.000000,120,False
127271,SILVERM27FEB298500CE,SILVERM,19FEB2027,29850000.000000,1,OPTFUT,NCO,50.000000,120,False
122948,GOLDM26NOV153100PE,GOLDM,27NOV2026,15310000.000000,1,OPTFUT,NCO,50.000000,100,False
122954,SILVERM27MARFUT,SILVERM,31MAR2027,-1.000000,1,FUTBLN,NCO,100.000000,120,False
122955,SILVERM27MAR233500CE,SILVERM,24MAR2027,23350000.000000,1,OPTFUT,NCO,50.000000,120,False
122967,SILVERM26OCT182750PE,SILVERM,23OCT2026,18275000.000000,1,OPTFUT,NCO,50.000000,120,False
127274,SILVERM27FEB298750PE,SILVERM,19FEB2027,29875000.000000,1,OPTFUT,NCO,50.000000,120,False
127282,SILVERM27APR271500PE,SILVERM,23APR2027,27150000.000000,1,OPTFUT,NCO,50.000000,120,False
127286,SILVERM27APR272000PE,SILVERM,23APR2027,27200000.000000,1,OPTFUT,NCO,50.000000,120,False
127287,SILVERM27APR272250CE,SILVERM,23APR2027,27225000.000000,1,OPTFUT,NCO,50.000000,120,False
122988,GOLD27JUN156500PE,GOLD,28JUN2027,15650000.000000,1,OPTFUT,NCO,50.000000,10,False
122993,SILVERM26OCT151750PE,SILVERM,23OCT2026,15175000.000000,1,OPTFUT,NCO,50.000000,120,False
123005,SILVERM26OCT153000CE,SILVERM,23OCT2026,15300000.000000,1,OPTFUT,NCO,50.000000,120,False
123027,SILVERM26OCT183500CE,SILVERM,23OCT2026,18350000.000000,1,OPTFUT,NCO,50.000000,120,False
127315,SILVERM27FEB300000CE,SILVERM,19FEB2027,30000000.000000,1,OPTFUT,NCO,50.000000,120,False
127341,GOLD27MAR153000PE,GOLD,29MAR2027,15300000.000000,1,OPTFUT,NCO,50.000000,10,False
127343,GOLD27MAR153100PE,GOLD,29MAR2027,15310000.000000,1,OPTFUT,NCO,50.000000,10,False
127362,SILVERM27APR273750PE,SILVERM,23APR2027,27375000.000000,1,OPTFUT,NCO,50.000000,120,False
123028,SILVERM26OCT183500PE,SILVERM,23OCT2026,18350000.000000,1,OPTFUT,NCO,50.000000,120,False
123031,NATURALGAS26OCT240PE,NATURALGAS,21OCT2026,24000.000000,1,OPTFUT,NCO,5.000000,48,False
123042,SILVERM26OCT184750PE,SILVERM,23OCT2026,18475000.000000,1,OPTFUT,NCO,50.000000,120,False
123044,SILVERM26OCT185000PE,SILVERM,23OCT2026,18500000.000000,1,OPTFUT,NCO,50.000000,120,False
127385,SILVERM27JUL246250CE,SILVERM,23JUL2027,24625000.000000,1,OPTFUT,NCO,50.000000,120,False
127387,SILVER27MAR227250CE,SILVER,02MAR2027,22725000.000000,1,OPTBLN,NCO,50.000000,20,False
127403,GOLD27JUN158900CE,GOLD,28JUN2027,15890000.000000,1,OPTFUT,NCO,50.000000,10,False
127410,GOLD27JUN159200PE,GOLD,28JUN2027,15920000.000000,1,OPTFUT,NCO,50.000000,10,False
123057,COPPER26NOV1440CE,COPPER,23NOV2026,144000.000000,1,OPTFUT,NCO,1.000000,70,False
123080,SILVERM27JAN355250CE,SILVERM,21JAN2027,35525000.000000,1,OPTFUT,NCO,50.000000,120,False
123086,SILVER10027MAYFUT,SILVER100,31MAY2027,-1.000000,1,FUTBLN,NCO,100.000000,6000,False
123090,SILVERM27JAN355500PE,SILVERM,21JAN2027,35550000.000000,1,OPTFUT,NCO,50.000000,120,False
127434,SILVERM27JAN307000PE,SILVERM,21JAN2027,30700000.000000,1,OPTFUT,NCO,50.000000,120,False
127441,SILVERM27JAN308000CE,SILVERM,21JAN2027,30800000.000000,1,OPTFUT,NCO,50.000000,120,False
127444,SILVERM27JAN308250PE,SILVERM,21JAN2027,30825000.000000,1,OPTFUT,NCO,50.000000,120,False
127449,SILVERM27JAN309000CE,SILVERM,21JAN2027,30900000.000000,1,OPTFUT,NCO,50.000000,120,False
123102,SILVERM26OCT155000PE,SILVERM,23OCT2026,15500000.000000,1,OPTFUT,NCO,50.000000,120,False
123124,NATURALGAS26SEP210PE,NATURALGAS,21SEP2026,21000.000000,1,OPTFUT,NCO,5.000000,48,False
123126,SILVERM27JAN355750PE,SILVERM,21JAN2027,35575000.000000,1,OPTFUT,NCO,50.000000,120,False
123128,SILVERM26OCT156500PE,SILVERM,23OCT2026,15650000.000000,1,OPTFUT,NCO,50.000000,120,False
127464,GOLD27MAR154300CE,GOLD,29MAR2027,15430000.000000,1,OPTFUT,NCO,50.000000,10,False
127465,GOLD27MAR154300PE,GOLD,29MAR2027,15430000.000000,1,OPTFUT,NCO,50.000000,10,False
127474,GOLD27MAR154800CE,GOLD,29MAR2027,15480000.000000,1,OPTFUT,NCO,50.000000,10,False
127483,GOLD27MAR155200PE,GOLD,29MAR2027,15520000.000000,1,OPTFUT,NCO,50.000000,10,False
123132,SILVERM26OCT157000PE,SILVERM,23OCT2026,15700000.000000,1,OPTFUT,NCO,50.000000,120,False
123135,GOLDM26NOV153600CE,GOLDM,27NOV2026,15360000.000000,1,OPTFUT,NCO,50.000000,100,False
123143,SILVERM27JAN356500CE,SILVERM,21JAN2027,35650000.000000,1,OPTFUT,NCO,50.000000,120,False
123145,NATURALGAS26OCT265CE,NATURALGAS,21OCT2026,26500.000000,1,OPTFUT,NCO,5.000000,48,False
123155,SILVERM27JAN356750CE,SILVERM,21JAN2027,35675000.000000,1,OPTFUT,NCO,50.000000,120,False
123177,GOLDM26NOV153800CE,GOLDM,27NOV2026,15380000.000000,1,OPTFUT,NCO,50.000000,100,False
123178,GOLDM26NOV153800PE,GOLDM,27NOV2026,15380000.000000,1,OPTFUT,NCO,50.000000,100,False
123198,SILVERM27MAY271500PE,SILVERM,24MAY2027,27150000.000000,1,OPTFUT,NCO,50.000000,120,False
127496,GOLD27MAR155900CE,GOLD,29MAR2027,15590000.000000,1,OPTFUT,NCO,50.000000,10,False
127501,GOLD27MAR156100PE,GOLD,29MAR2027,15610000.000000,1,OPTFUT,NCO,50.000000,10,False
127518,GOLD27MAR157000CE,GOLD,29MAR2027,15700000.000000,1,OPTFUT,NCO,50.000000,10,False
127526,SILVERM27APR276000PE,SILVERM,23APR2027,27600000.000000,1,OPTFUT,NCO,50.000000,120,False
127533,ZINC26SEP367.5PE,ZINC,23SEP2026,36750.000000,1,OPTFUT,NCO,1.000000,20,False
127549,SILVERM27MAR229000CE,SILVERM,24MAR2027,22900000.000000,1,OPTFUT,NCO,50.000000,120,False
127574,GOLD27JUL159800PE,GOLD,29JUL2027,15980000.000000,1,OPTFUT,NCO,50.000000,10,False
127582,SILVER27MAR228500PE,SILVER,02MAR2027,22850000.000000,1,OPTBLN,NCO,50.000000,20,False
123202,GOLD27MAY161000CE,GOLD,28MAY2027,16100000.000000,1,OPTFUT,NCO,50.000000,10,False
123207,GOLD27MAY161200PE,GOLD,28MAY2027,16120000.000000,1,OPTFUT,NCO,50.000000,10,False
123208,GOLD27MAY161300CE,GOLD,28MAY2027,16130000.000000,1,OPTFUT,NCO,50.000000,10,False
123237,SILVERM27JAN357250PE,SILVERM,21JAN2027,35725000.000000,1,OPTFUT,NCO,50.000000,120,False
127592,SILVER27MAR229750PE,SILVER,02MAR2027,22975000.000000,1,OPTBLN,NCO,50.000000,20,False
127604,GOLD27APR162600PE,GOLD,28APR2027,16260000.000000,1,OPTFUT,NCO,50.000000,10,False
127614,SILVER26DEC220500PE,SILVER,01DEC2026,22050000.000000,1,OPTBLN,NCO,50.000000,20,False
127623,SILVER26DEC221750CE,SILVER,01DEC2026,22175000.000000,1,OPTBLN,NCO,50.000000,20,False
123245,GOLD27JUN156900PE,GOLD,28JUN2027,15690000.000000,1,OPTFUT,NCO,50.000000,10,False
123252,COPPER26SEP1365CE,COPPER,23SEP2026,136500.000000,1,OPTFUT,NCO,1.000000,70,False
123262,NATURALGAS26OCT295PE,NATURALGAS,21OCT2026,29500.000000,1,OPTFUT,NCO,5.000000,48,False
123269,GOLD27MAY163300PE,GOLD,28MAY2027,16330000.000000,1,OPTFUT,NCO,50.000000,10,False
123273,GOLD27MAY163500PE,GOLD,28MAY2027,16350000.000000,1,OPTFUT,NCO,50.000000,10,False
123276,GOLD27MAY163700CE,GOLD,28MAY2027,16370000.000000,1,OPTFUT,NCO,50.000000,10,False
123299,GOLDM26SEP145600PE,GOLDM,25SEP2026,14560000.000000,1,OPTFUT,NCO,50.000000,100,False
123319,GOLDM26NOV154100CE,GOLDM,27NOV2026,15410000.000000,1,OPTFUT,NCO,50.000000,100,False
127647,SILVER26DEC224750CE,SILVER,01DEC2026,22475000.000000,1,OPTBLN,NCO,50.000000,20,False
127656,SILVER26DEC225750PE,SILVER,01DEC2026,22575000.000000,1,OPTBLN,NCO,50.000000,20,False
127681,SILVER26DEC229000CE,SILVER,01DEC2026,22900000.000000,1,OPTBLN,NCO,50.000000,20,False
127695,SILVER26DEC230750CE,SILVER,01DEC2026,23075000.000000,1,OPTBLN,NCO,50.000000,20,False
127698,SILVER26DEC231000PE,SILVER,01DEC2026,23100000.000000,1,OPTBLN,NCO,50.000000,20,False
127720,SILVERM27FEB302750PE,SILVERM,19FEB2027,30275000.000000,1,OPTFUT,NCO,50.000000,120,False
127726,SILVERM27FEB303500PE,SILVERM,19FEB2027,30350000.000000,1,OPTFUT,NCO,50.000000,120,False
127735,GOLD27MAR157200CE,GOLD,29MAR2027,15720000.000000,1,OPTFUT,NCO,50.000000,10,False
123323,GOLDM26NOV154300CE,GOLDM,27NOV2026,15430000.000000,1,OPTFUT,NCO,50.000000,100,False
123340,NATURALGAS26OCT310PE,NATURALGAS,21OCT2026,31000.000000,1,OPTFUT,NCO,5.000000,48,False
123345,GOLDM26NOV154700CE,GOLDM,27NOV2026,15470000.000000,1,OPTFUT,NCO,50.000000,100,False
123346,SILVER26DEC193750CE,SILVER,01DEC2026,19375000.000000,1,OPTBLN,NCO,50.000000,20,False
127738,GOLD27MAR157300PE,GOLD,29MAR2027,15730000.000000,1,OPTFUT,NCO,50.000000,10,False
127739,GOLD27MAR157400CE,GOLD,29MAR2027,15740000.000000,1,OPTFUT,NCO,50.000000,10,False
127765,SILVER26DEC234000CE,SILVER,01DEC2026,23400000.000000,1,OPTBLN,NCO,50.000000,20,False
127795,SILVERM27MAR276750CE,SILVERM,24MAR2027,27675000.000000,1,OPTFUT,NCO,50.000000,120,False
127804,SILVERM27MAR277750PE,SILVERM,24MAR2027,27775000.000000,1,OPTFUT,NCO,50.000000,120,False
127812,GOLD27JUL160600PE,GOLD,29JUL2027,16060000.000000,1,OPTFUT,NCO,50.000000,10,False
127815,GOLD27JUL160800CE,GOLD,29JUL2027,16080000.000000,1,OPTFUT,NCO,50.000000,10,False
127823,SILVER27MAR230750CE,SILVER,02MAR2027,23075000.000000,1,OPTBLN,NCO,50.000000,20,False
123351,SILVER26DEC194250CE,SILVER,01DEC2026,19425000.000000,1,OPTBLN,NCO,50.000000,20,False
123358,NATURALGAS26OCT330PE,NATURALGAS,21OCT2026,33000.000000,1,OPTFUT,NCO,5.000000,48,False
123360,NATURALGAS26OCT335PE,NATURALGAS,21OCT2026,33500.000000,1,OPTFUT,NCO,5.000000,48,False
123361,BRCRUDEOIL27JULFUT,BRCRUDEOIL,30JUL2027,-1.000000,1,FUTENR,NCO,100.000000,100,False
123363,NATGASIND27JULFUT,NATGASIND,30JUL2027,-1.000000,1,FUTENR,NCO,100.000000,50,False
123377,COPPER26NOV1370PE,COPPER,23NOV2026,137000.000000,1,OPTFUT,NCO,1.000000,70,False
123382,COPPER26NOV1385CE,COPPER,23NOV2026,138500.000000,1,OPTFUT,NCO,1.000000,70,False
123383,COPPER26NOV1385PE,COPPER,23NOV2026,138500.000000,1,OPTFUT,NCO,1.000000,70,False
127825,SILVER27MAR231000CE,SILVER,02MAR2027,23100000.000000,1,OPTBLN,NCO,50.000000,20,False
127863,SILVER26DEC237250CE,SILVER,01DEC2026,23725000.000000,1,OPTBLN,NCO,50.000000,20,False
127864,SILVER26DEC237250PE,SILVER,01DEC2026,23725000.000000,1,OPTBLN,NCO,50.000000,20,False
127885,SILVERM27MAR279000CE,SILVERM,24MAR2027,27900000.000000,1,OPTFUT,NCO,50.000000,120,False
127902,ZINC26SEP390PE,ZINC,23SEP2026,39000.000000,1,OPTFUT,NCO,1.000000,20,False
127909,SILVERM27MAY269250PE,SILVERM,24MAY2027,26925000.000000,1,OPTFUT,NCO,50.000000,120,False
127918,SILVERM27MAR231250CE,SILVERM,24MAR2027,23125000.000000,1,OPTFUT,NCO,50.000000,120,False
127919,SILVERM27MAR231250PE,SILVERM,24MAR2027,23125000.000000,1,OPTFUT,NCO,50.000000,120,False
127925,SILVERM27MAR232000PE,SILVERM,24MAR2027,23200000.000000,1,OPTFUT,NCO,50.000000,120,False
127955,GOLD26OCT133300PE,GOLD,29OCT2026,13330000.000000,1,OPTFUT,NCO,50.000000,10,False
127965,SILVER26DEC240500CE,SILVER,01DEC2026,24050000.000000,1,OPTBLN,NCO,50.000000,20,False
127988,SILVERM27MAY269500PE,SILVERM,24MAY2027,26950000.000000,1,OPTFUT,NCO,50.000000,120,False
128015,SILVER27MAR232500CE,SILVER,02MAR2027,23250000.000000,1,OPTBLN,NCO,50.000000,20,False
128035,SILVER27MAR235000CE,SILVER,02MAR2027,23500000.000000,1,OPTBLN,NCO,50.000000,20,False
128038,SILVER27MAR235250PE,SILVER,02MAR2027,23525000.000000,1,OPTBLN,NCO,50.000000,20,False
128063,SILVERM27JAN314250CE,SILVERM,21JAN2027,31425000.000000,1,OPTFUT,NCO,50.000000,120,False
128071,SILVERM27JAN315250CE,SILVERM,21JAN2027,31525000.000000,1,OPTFUT,NCO,50.000000,120,False
128079,SILVERM27JAN316250CE,SILVERM,21JAN2027,31625000.000000,1,OPTFUT,NCO,50.000000,120,False
128086,SILVER26DEC241250CE,SILVER,01DEC2026,24125000.000000,1,OPTBLN,NCO,50.000000,20,False
128118,GOLD26OCT133600CE,GOLD,29OCT2026,13360000.000000,1,OPTFUT,NCO,50.000000,10,False
128123,GOLD26OCT133800PE,GOLD,29OCT2026,13380000.000000,1,OPTFUT,NCO,50.000000,10,False
128133,SILVERM27JAN317500PE,SILVERM,21JAN2027,31750000.000000,1,OPTFUT,NCO,50.000000,120,False
128145,SILVERM27JAN319000PE,SILVERM,21JAN2027,31900000.000000,1,OPTFUT,NCO,50.000000,120,False
128163,SILVERM27JAN321250PE,SILVERM,21JAN2027,32125000.000000,1,OPTFUT,NCO,50.000000,120,False
128164,SILVERM26SEP195750CE,SILVERM,23SEP2026,19575000.000000,1,OPTFUT,NCO,50.000000,120,False
128178,SILVERM27FEB304750PE,SILVERM,19FEB2027,30475000.000000,1,OPTFUT,NCO,50.000000,120,False
128182,SILVERM26OCT167250CE,SILVERM,23OCT2026,16725000.000000,1,OPTFUT,NCO,50.000000,120,False
128184,SILVERM26OCT167500CE,SILVERM,23OCT2026,16750000.000000,1,OPTFUT,NCO,50.000000,120,False
128188,SILVERM26OCT168000CE,SILVERM,23OCT2026,16800000.000000,1,OPTFUT,NCO,50.000000,120,False
128191,SILVERM26OCT168250PE,SILVERM,23OCT2026,16825000.000000,1,OPTFUT,NCO,50.000000,120,False
128198,SILVERM27MAR236000CE,SILVERM,24MAR2027,23600000.000000,1,OPTFUT,NCO,50.000000,120,False
128199,SILVERM27MAR236000PE,SILVERM,24MAR2027,23600000.000000,1,OPTFUT,NCO,50.000000,120,False
123385,COPPER26NOV1390PE,COPPER,23NOV2026,139000.000000,1,OPTFUT,NCO,1.000000,70,False
123405,SILVER26DEC194250PE,SILVER,01DEC2026,19425000.000000,1,OPTBLN,NCO,50.000000,20,False
123406,SILVER26DEC194500CE,SILVER,01DEC2026,19450000.000000,1,OPTBLN,NCO,50.000000,20,False
123415,SILVER26DEC195500PE,SILVER,01DEC2026,19550000.000000,1,OPTBLN,NCO,50.000000,20,False
128204,SILVERM27MAR236750CE,SILVERM,24MAR2027,23675000.000000,1,OPTFUT,NCO,50.000000,120,False
128220,SILVERM27MAR238750CE,SILVERM,24MAR2027,23875000.000000,1,OPTFUT,NCO,50.000000,120,False
128222,SILVERM27MAR239000CE,SILVERM,24MAR2027,23900000.000000,1,OPTFUT,NCO,50.000000,120,False
128225,SILVERM27MAR239250PE,SILVERM,24MAR2027,23925000.000000,1,OPTFUT,NCO,50.000000,120,False
123433,SILVER26DEC200500PE,SILVER,01DEC2026,20050000.000000,1,OPTBLN,NCO,50.000000,20,False
123434,SILVER26DEC200750CE,SILVER,01DEC2026,20075000.000000,1,OPTBLN,NCO,50.000000,20,False
123447,GOLD26DEC165400PE,GOLD,29DEC2026,16540000.000000,1,OPTFUT,NCO,50.000000,10,False
123450,GOLD26DEC165600CE,GOLD,29DEC2026,16560000.000000,1,OPTFUT,NCO,50.000000,10,False
128228,SILVERM27MAR239750CE,SILVERM,24MAR2027,23975000.000000,1,OPTFUT,NCO,50.000000,120,False
128277,SILVERM27APR278250PE,SILVERM,23APR2027,27825000.000000,1,OPTFUT,NCO,50.000000,120,False
128278,SILVERM27APR278500CE,SILVERM,23APR2027,27850000.000000,1,OPTFUT,NCO,50.000000,120,False
128280,SILVERM27APR278750CE,SILVERM,23APR2027,27875000.000000,1,OPTFUT,NCO,50.000000,120,False
123454,COPPER26SEP1385PE,COPPER,23SEP2026,138500.000000,1,OPTFUT,NCO,1.000000,70,False
123459,GOLDM26SEP145800CE,GOLDM,25SEP2026,14580000.000000,1,OPTFUT,NCO,50.000000,100,False
123467,SILVERM27JUL226750PE,SILVERM,23JUL2027,22675000.000000,1,OPTFUT,NCO,50.000000,120,False
123489,SILVERM27JUL227000PE,SILVERM,23JUL2027,22700000.000000,1,OPTFUT,NCO,50.000000,120,False
128296,SILVERM27APR280750CE,SILVERM,23APR2027,28075000.000000,1,OPTFUT,NCO,50.000000,120,False
128304,SILVERM27APR281750CE,SILVERM,23APR2027,28175000.000000,1,OPTFUT,NCO,50.000000,120,False
128345,SILVERM27MAR232500CE,SILVERM,24MAR2027,23250000.000000,1,OPTFUT,NCO,50.000000,120,False
128351,SILVERM27APR229500CE,SILVERM,23APR2027,22950000.000000,1,OPTFUT,NCO,50.000000,120,False
123534,SILVERM26OCT185750PE,SILVERM,23OCT2026,18575000.000000,1,OPTFUT,NCO,50.000000,120,False
123544,SILVERM26OCT186750PE,SILVERM,23OCT2026,18675000.000000,1,OPTFUT,NCO,50.000000,120,False
123566,SILVERM26OCT189500PE,SILVERM,23OCT2026,18950000.000000,1,OPTFUT,NCO,50.000000,120,False
123571,SILVERM26OCT190250CE,SILVERM,23OCT2026,19025000.000000,1,OPTFUT,NCO,50.000000,120,False
128353,SILVERM27APR229750CE,SILVERM,23APR2027,22975000.000000,1,OPTFUT,NCO,50.000000,120,False
128370,SILVERM26SEP197750PE,SILVERM,23SEP2026,19775000.000000,1,OPTFUT,NCO,50.000000,120,False
128377,SILVERM26SEP198750CE,SILVERM,23SEP2026,19875000.000000,1,OPTFUT,NCO,50.000000,120,False
128379,SILVERM26SEP199000CE,SILVERM,23SEP2026,19900000.000000,1,OPTFUT,NCO,50.000000,120,False
123585,COPPER26DEC1405CE,COPPER,23DEC2026,140500.000000,1,OPTFUT,NCO,1.000000,70,False
123610,SILVER26DEC202000CE,SILVER,01DEC2026,20200000.000000,1,OPTBLN,NCO,50.000000,20,False
123589,COPPER26DEC1410PE,COPPER,23DEC2026,141000.000000,1,OPTFUT,NCO,1.000000,70,False
123594,SILVERM27JUL230500CE,SILVERM,23JUL2027,23050000.000000,1,OPTFUT,NCO,50.000000,120,False
128395,SILVERM26OCT195750CE,SILVERM,23OCT2026,19575000.000000,1,OPTFUT,NCO,50.000000,120,False
128399,SILVERM27JAN321500CE,SILVERM,21JAN2027,32150000.000000,1,OPTFUT,NCO,50.000000,120,False
128400,SILVERM27JAN321500PE,SILVERM,21JAN2027,32150000.000000,1,OPTFUT,NCO,50.000000,120,False
128409,SILVERM27JAN322750CE,SILVERM,21JAN2027,32275000.000000,1,OPTFUT,NCO,50.000000,120,False
123612,SILVER26DEC202250CE,SILVER,01DEC2026,20225000.000000,1,OPTBLN,NCO,50.000000,20,False
123647,SILVERM26NOV182750CE,SILVERM,23NOV2026,18275000.000000,1,OPTFUT,NCO,50.000000,120,False
123636,SILVERM26NOV181250PE,SILVERM,23NOV2026,18125000.000000,1,OPTFUT,NCO,50.000000,120,False
123637,SILVERM26NOV181500CE,SILVERM,23NOV2026,18150000.000000,1,OPTFUT,NCO,50.000000,120,False
128420,SILVERM27JAN324000PE,SILVERM,21JAN2027,32400000.000000,1,OPTFUT,NCO,50.000000,120,False
128428,SILVERM27JAN325000PE,SILVERM,21JAN2027,32500000.000000,1,OPTFUT,NCO,50.000000,120,False
128432,SILVERM27JAN325500PE,SILVERM,21JAN2027,32550000.000000,1,OPTFUT,NCO,50.000000,120,False
128446,SILVERM27MAR240750PE,SILVERM,24MAR2027,24075000.000000,1,OPTFUT,NCO,50.000000,120,False
123648,SILVERM26NOV182750PE,SILVERM,23NOV2026,18275000.000000,1,OPTFUT,NCO,50.000000,120,False
123669,SILVERM26NOV185500CE,SILVERM,23NOV2026,18550000.000000,1,OPTFUT,NCO,50.000000,120,False
123673,SILVERM26NOV186000CE,SILVERM,23NOV2026,18600000.000000,1,OPTFUT,NCO,50.000000,120,False
123677,SILVERM26NOV186500CE,SILVERM,23NOV2026,18650000.000000,1,OPTFUT,NCO,50.000000,120,False
128447,GOLDM26SEP152300CE,GOLDM,25SEP2026,15230000.000000,1,OPTFUT,NCO,50.000000,100,False
128470,GOLD27MAR157800PE,GOLD,29MAR2027,15780000.000000,1,OPTFUT,NCO,50.000000,10,False
128477,GOLD27MAR158200CE,GOLD,29MAR2027,15820000.000000,1,OPTFUT,NCO,50.000000,10,False
128480,GOLD27MAR158300PE,GOLD,29MAR2027,15830000.000000,1,OPTFUT,NCO,50.000000,10,False
123679,SILVERM27JAN357750CE,SILVERM,21JAN2027,35775000.000000,1,OPTFUT,NCO,50.000000,120,False
123683,COPPER26DEC1425PE,COPPER,23DEC2026,142500.000000,1,OPTFUT,NCO,1.000000,70,False
123691,SILVERM27JAN358500PE,SILVERM,21JAN2027,35850000.000000,1,OPTFUT,NCO,50.000000,120,False
123718,SILVERM26NOV188750PE,SILVERM,23NOV2026,18875000.000000,1,OPTFUT,NCO,50.000000,120,False
128485,SILVERM27APR283250CE,SILVERM,23APR2027,28325000.000000,1,OPTFUT,NCO,50.000000,120,False
128489,SILVERM27APR283750CE,SILVERM,23APR2027,28375000.000000,1,OPTFUT,NCO,50.000000,120,False
128492,SILVERM27APR284000PE,SILVERM,23APR2027,28400000.000000,1,OPTFUT,NCO,50.000000,120,False
128514,SILVERM27FEB307250PE,SILVERM,19FEB2027,30725000.000000,1,OPTFUT,NCO,50.000000,120,False
128533,SILVERM27FEB309750CE,SILVERM,19FEB2027,30975000.000000,1,OPTFUT,NCO,50.000000,120,False
128556,SILVERM27FEB312500PE,SILVERM,19FEB2027,31250000.000000,1,OPTFUT,NCO,50.000000,120,False
128571,SILVERM27FEB314500CE,SILVERM,19FEB2027,31450000.000000,1,OPTFUT,NCO,50.000000,120,False
128578,SILVERM27FEB315250PE,SILVERM,19FEB2027,31525000.000000,1,OPTFUT,NCO,50.000000,120,False
123719,SILVERM26NOV189000CE,SILVERM,23NOV2026,18900000.000000,1,OPTFUT,NCO,50.000000,120,False
123725,SILVERM26NOV189750CE,SILVERM,23NOV2026,18975000.000000,1,OPTFUT,NCO,50.000000,120,False
123728,SILVERM26NOV190000PE,SILVERM,23NOV2026,19000000.000000,1,OPTFUT,NCO,50.000000,120,False
123730,SILVERM26NOV190250PE,SILVERM,23NOV2026,19025000.000000,1,OPTFUT,NCO,50.000000,120,False
123745,SILVERM26NOV192250CE,SILVERM,23NOV2026,19225000.000000,1,OPTFUT,NCO,50.000000,120,False
123754,COPPER26DEC1435PE,COPPER,23DEC2026,143500.000000,1,OPTFUT,NCO,1.000000,70,False
123761,COPPER26DEC1450CE,COPPER,23DEC2026,145000.000000,1,OPTFUT,NCO,1.000000,70,False
123765,SILVERM26OCT158750CE,SILVERM,23OCT2026,15875000.000000,1,OPTFUT,NCO,50.000000,120,False
128584,SILVERM27FEB316000PE,SILVERM,19FEB2027,31600000.000000,1,OPTFUT,NCO,50.000000,120,False
128607,GOLD27MAR158800PE,GOLD,29MAR2027,15880000.000000,1,OPTFUT,NCO,50.000000,10,False
128646,SILVER26DEC247500PE,SILVER,01DEC2026,24750000.000000,1,OPTBLN,NCO,50.000000,20,False
128654,SILVER26DEC248500PE,SILVER,01DEC2026,24850000.000000,1,OPTBLN,NCO,50.000000,20,False
123777,GOLDM26SEP146100CE,GOLDM,25SEP2026,14610000.000000,1,OPTFUT,NCO,50.000000,100,False
123785,SILVERM26OCT159250PE,SILVERM,23OCT2026,15925000.000000,1,OPTFUT,NCO,50.000000,120,False
123788,SILVERM26OCT159750CE,SILVERM,23OCT2026,15975000.000000,1,OPTFUT,NCO,50.000000,120,False
123796,SILVERM26OCT160750CE,SILVERM,23OCT2026,16075000.000000,1,OPTFUT,NCO,50.000000,120,False
128674,GOLDM26SEP152500CE,GOLDM,25SEP2026,15250000.000000,1,OPTFUT,NCO,50.000000,100,False
128678,SILVERM27MAR267500PE,SILVERM,24MAR2027,26750000.000000,1,OPTFUT,NCO,50.000000,120,False
128683,GOLD27MAR160000PE,GOLD,29MAR2027,16000000.000000,1,OPTFUT,NCO,50.000000,10,False
128688,GOLD27MAR160300CE,GOLD,29MAR2027,16030000.000000,1,OPTFUT,NCO,50.000000,10,False
123802,COPPER26SEP1285PE,COPPER,23SEP2026,128500.000000,1,OPTFUT,NCO,1.000000,70,False
123818,SILVERM27JAN360500PE,SILVERM,21JAN2027,36050000.000000,1,OPTFUT,NCO,50.000000,120,False
123819,SILVERM27JAN360750CE,SILVERM,21JAN2027,36075000.000000,1,OPTFUT,NCO,50.000000,120,False
123827,GOLDM26SEP146400PE,GOLDM,25SEP2026,14640000.000000,1,OPTFUT,NCO,50.000000,100,False
128689,GOLD27MAR160300PE,GOLD,29MAR2027,16030000.000000,1,OPTFUT,NCO,50.000000,10,False
128764,GOLD27MAY156900CE,GOLD,28MAY2027,15690000.000000,1,OPTFUT,NCO,50.000000,10,False
128795,GOLD27MAY158400PE,GOLD,28MAY2027,15840000.000000,1,OPTFUT,NCO,50.000000,10,False
128800,GOLD27MAY158700CE,GOLD,28MAY2027,15870000.000000,1,OPTFUT,NCO,50.000000,10,False
123836,GOLDM26SEP146800CE,GOLDM,25SEP2026,14680000.000000,1,OPTFUT,NCO,50.000000,100,False
123846,SILVERM27AUG247500CE,SILVERM,24AUG2027,24750000.000000,1,OPTFUT,NCO,50.000000,120,False
123850,SILVERM27AUG248000CE,SILVERM,24AUG2027,24800000.000000,1,OPTFUT,NCO,50.000000,120,False
123857,SILVERM26OCT161250PE,SILVERM,23OCT2026,16125000.000000,1,OPTFUT,NCO,50.000000,120,False
128824,SILVERM26OCT170750CE,SILVERM,23OCT2026,17075000.000000,1,OPTFUT,NCO,50.000000,120,False
128839,SILVERM27JUN252250PE,SILVERM,23JUN2027,25225000.000000,1,OPTFUT,NCO,50.000000,120,False
128859,SILVERM26OCT197750PE,SILVERM,23OCT2026,19775000.000000,1,OPTFUT,NCO,50.000000,120,False
128864,SILVERM26OCT198500CE,SILVERM,23OCT2026,19850000.000000,1,OPTFUT,NCO,50.000000,120,False
123860,SILVERM27JUL233000PE,SILVERM,23JUL2027,23300000.000000,1,OPTFUT,NCO,50.000000,120,False
123871,SILVERM27JUL234500CE,SILVERM,23JUL2027,23450000.000000,1,OPTFUT,NCO,50.000000,120,False
123873,GOLDM26NOV155300CE,GOLDM,27NOV2026,15530000.000000,1,OPTFUT,NCO,50.000000,100,False
123880,SILVERM26OCT162000CE,SILVERM,23OCT2026,16200000.000000,1,OPTFUT,NCO,50.000000,120,False
128868,SILVERM26OCT199000CE,SILVERM,23OCT2026,19900000.000000,1,OPTFUT,NCO,50.000000,120,False
128869,SILVERM26OCT199000PE,SILVERM,23OCT2026,19900000.000000,1,OPTFUT,NCO,50.000000,120,False
128874,SILVERM26OCT199750CE,SILVERM,23OCT2026,19975000.000000,1,OPTFUT,NCO,50.000000,120,False
128911,GOLD27MAY159000PE,GOLD,28MAY2027,15900000.000000,1,OPTFUT,NCO,50.000000,10,False
123927,SILVERM27JUL235000CE,SILVERM,23JUL2027,23500000.000000,1,OPTFUT,NCO,50.000000,120,False
123942,GOLDM26SEP147900CE,GOLDM,25SEP2026,14790000.000000,1,OPTFUT,NCO,50.000000,100,False
123949,COPPER26SEP1410CE,COPPER,23SEP2026,141000.000000,1,OPTFUT,NCO,1.000000,70,False
123950,SILVERM27APR257750CE,SILVERM,23APR2027,25775000.000000,1,OPTFUT,NCO,50.000000,120,False
128915,GOLD27MAY159200PE,GOLD,28MAY2027,15920000.000000,1,OPTFUT,NCO,50.000000,10,False
128926,GOLD26OCT134600CE,GOLD,29OCT2026,13460000.000000,1,OPTFUT,NCO,50.000000,10,False
128945,SILVERM27MAR268250CE,SILVERM,24MAR2027,26825000.000000,1,OPTFUT,NCO,50.000000,120,False
128947,SILVERM27MAR268500CE,SILVERM,24MAR2027,26850000.000000,1,OPTFUT,NCO,50.000000,120,False
123972,SILVERM26OCT164000PE,SILVERM,23OCT2026,16400000.000000,1,OPTFUT,NCO,50.000000,120,False
123973,SILVERM26OCT164250CE,SILVERM,23OCT2026,16425000.000000,1,OPTFUT,NCO,50.000000,120,False
123976,COPPER26OCT1385CE,COPPER,23OCT2026,138500.000000,1,OPTFUT,NCO,1.000000,70,False
123982,GOLD27JUL162400PE,GOLD,29JUL2027,16240000.000000,1,OPTFUT,NCO,50.000000,10,False
128954,GOLD27MAY159500PE,GOLD,28MAY2027,15950000.000000,1,OPTFUT,NCO,50.000000,10,False
128959,SILVERM27APR285250PE,SILVERM,23APR2027,28525000.000000,1,OPTFUT,NCO,50.000000,120,False
128964,SILVERM27APR286000CE,SILVERM,23APR2027,28600000.000000,1,OPTFUT,NCO,50.000000,120,False
128968,SILVERM27APR286500CE,SILVERM,23APR2027,28650000.000000,1,OPTFUT,NCO,50.000000,120,False
123995,SILVERM27APR259500CE,SILVERM,23APR2027,25950000.000000,1,OPTFUT,NCO,50.000000,120,False
124001,SILVERM27APR260250CE,SILVERM,23APR2027,26025000.000000,1,OPTFUT,NCO,50.000000,120,False
124003,GOLD27JUL162800PE,GOLD,29JUL2027,16280000.000000,1,OPTFUT,NCO,50.000000,10,False
124004,GOLD27JUL162900CE,GOLD,29JUL2027,16290000.000000,1,OPTFUT,NCO,50.000000,10,False
128977,COPPER26OCT1290CE,COPPER,23OCT2026,129000.000000,1,OPTFUT,NCO,1.000000,70,False
128985,SILVERM27APR230750CE,SILVERM,23APR2027,23075000.000000,1,OPTFUT,NCO,50.000000,120,False
129007,GOLD27MAR163500CE,GOLD,29MAR2027,16350000.000000,1,OPTFUT,NCO,50.000000,10,False
129012,GOLD27MAR161100PE,GOLD,29MAR2027,16110000.000000,1,OPTFUT,NCO,50.000000,10,False
124005,GOLD27JUL162900PE,GOLD,29JUL2027,16290000.000000,1,OPTFUT,NCO,50.000000,10,False
124034,SILVERM27FEB279250PE,SILVERM,19FEB2027,27925000.000000,1,OPTFUT,NCO,50.000000,120,False
124051,SILVERM27FEB281500CE,SILVERM,19FEB2027,28150000.000000,1,OPTFUT,NCO,50.000000,120,False
124059,SILVERM27FEB282500CE,SILVERM,19FEB2027,28250000.000000,1,OPTFUT,NCO,50.000000,120,False
129014,GOLD27MAR161200PE,GOLD,29MAR2027,16120000.000000,1,OPTFUT,NCO,50.000000,10,False
129022,SILVERM27APR231500CE,SILVERM,23APR2027,23150000.000000,1,OPTFUT,NCO,50.000000,120,False
129029,SILVERM27APR287500PE,SILVERM,23APR2027,28750000.000000,1,OPTFUT,NCO,50.000000,120,False
129034,GOLD27MAY160100CE,GOLD,28MAY2027,16010000.000000,1,OPTFUT,NCO,50.000000,10,False
129042,GOLD26OCT135100CE,GOLD,29OCT2026,13510000.000000,1,OPTFUT,NCO,50.000000,10,False
129043,GOLD26OCT135100PE,GOLD,29OCT2026,13510000.000000,1,OPTFUT,NCO,50.000000,10,False
129065,GOLD27MAY160700PE,GOLD,28MAY2027,16070000.000000,1,OPTFUT,NCO,50.000000,10,False
129067,SILVERM27APR231750PE,SILVERM,23APR2027,23175000.000000,1,OPTFUT,NCO,50.000000,120,False
124061,SILVERM27FEB282750CE,SILVERM,19FEB2027,28275000.000000,1,OPTFUT,NCO,50.000000,120,False
124063,SILVERM27APR260250PE,SILVERM,23APR2027,26025000.000000,1,OPTFUT,NCO,50.000000,120,False
124064,SILVERM27APR260500CE,SILVERM,23APR2027,26050000.000000,1,OPTFUT,NCO,50.000000,120,False
124071,GOLD27JUL163100CE,GOLD,29JUL2027,16310000.000000,1,OPTFUT,NCO,50.000000,10,False
129068,SILVERM27APR232000CE,SILVERM,23APR2027,23200000.000000,1,OPTFUT,NCO,50.000000,120,False
129119,SILVERM27APR233750PE,SILVERM,23APR2027,23375000.000000,1,OPTFUT,NCO,50.000000,120,False
129124,SILVER27MAR237250CE,SILVER,02MAR2027,23725000.000000,1,OPTBLN,NCO,50.000000,20,False
129126,GOLDM26OCT152900CE,GOLDM,29OCT2026,15290000.000000,1,OPTFUT,NCO,50.000000,100,False
124074,GOLD26SEP145100CE,GOLD,25SEP2026,14510000.000000,1,OPTFUT,NCO,50.000000,10,False
124076,GOLD26SEP145200CE,GOLD,25SEP2026,14520000.000000,1,OPTFUT,NCO,50.000000,10,False
124083,SILVERM27APR260750PE,SILVERM,23APR2027,26075000.000000,1,OPTFUT,NCO,50.000000,120,False
124084,NATURALGAS26NOV295CE,NATURALGAS,18NOV2026,29500.000000,1,OPTFUT,NCO,5.000000,48,False
129129,GOLDM26OCT153000PE,GOLDM,29OCT2026,15300000.000000,1,OPTFUT,NCO,50.000000,100,False
129131,GOLDM26OCT153100PE,GOLDM,29OCT2026,15310000.000000,1,OPTFUT,NCO,50.000000,100,False
129136,GOLD26OCT135900CE,GOLD,29OCT2026,13590000.000000,1,OPTFUT,NCO,50.000000,10,False
129141,SILVERM26NOV198750PE,SILVERM,23NOV2026,19875000.000000,1,OPTFUT,NCO,50.000000,120,False
124091,NATURALGAS26NOV310PE,NATURALGAS,18NOV2026,31000.000000,1,OPTFUT,NCO,5.000000,48,False
124099,NATURALGAS26NOV330PE,NATURALGAS,18NOV2026,33000.000000,1,OPTFUT,NCO,5.000000,48,False
124102,GOLD26OCT146000CE,GOLD,29OCT2026,14600000.000000,1,OPTFUT,NCO,50.000000,10,False
124103,NATURALGAS26NOV335PE,NATURALGAS,18NOV2026,33500.000000,1,OPTFUT,NCO,5.000000,48,False
129146,SILVER27MAR237750CE,SILVER,02MAR2027,23775000.000000,1,OPTBLN,NCO,50.000000,20,False
129165,GOLD27MAR161500CE,GOLD,29MAR2027,16150000.000000,1,OPTFUT,NCO,50.000000,10,False
129183,SILVER27MAR239000PE,SILVER,02MAR2027,23900000.000000,1,OPTBLN,NCO,50.000000,20,False
129185,GOLDM26OCT153200PE,GOLDM,29OCT2026,15320000.000000,1,OPTFUT,NCO,50.000000,100,False
129200,GOLD26OCT136500CE,GOLD,29OCT2026,13650000.000000,1,OPTFUT,NCO,50.000000,10,False
129230,SILVERM27JUN235000CE,SILVERM,23JUN2027,23500000.000000,1,OPTFUT,NCO,50.000000,120,False
129240,SILVERM27JUN236250CE,SILVERM,23JUN2027,23625000.000000,1,OPTFUT,NCO,50.000000,120,False
129249,GOLD26OCT136700PE,GOLD,29OCT2026,13670000.000000,1,OPTFUT,NCO,50.000000,10,False
124109,NATURALGAS26NOV350PE,NATURALGAS,18NOV2026,35000.000000,1,OPTFUT,NCO,5.000000,48,False
124110,NATURALGAS26NOV355CE,NATURALGAS,18NOV2026,35500.000000,1,OPTFUT,NCO,5.000000,48,False
124113,ZINC26SEP447.5PE,ZINC,23SEP2026,44750.000000,1,OPTFUT,NCO,1.000000,20,False
124114,ZINC26SEP450CE,ZINC,23SEP2026,45000.000000,1,OPTFUT,NCO,1.000000,20,False
124118,SILVERM27APR247250PE,SILVERM,23APR2027,24725000.000000,1,OPTFUT,NCO,50.000000,120,False
124119,SILVERM27APR247500CE,SILVERM,23APR2027,24750000.000000,1,OPTFUT,NCO,50.000000,120,False
124121,SILVERM27APR247750CE,SILVERM,23APR2027,24775000.000000,1,OPTFUT,NCO,50.000000,120,False
124137,SILVERM27MAY273250PE,SILVERM,24MAY2027,27325000.000000,1,OPTFUT,NCO,50.000000,120,False
129267,SILVERM27JAN328000PE,SILVERM,21JAN2027,32800000.000000,1,OPTFUT,NCO,50.000000,120,False
129268,SILVERM27JAN328250CE,SILVERM,21JAN2027,32825000.000000,1,OPTFUT,NCO,50.000000,120,False
129341,SILVER27MAR240000CE,SILVER,02MAR2027,24000000.000000,1,OPTBLN,NCO,50.000000,20,False
129346,SILVER27MAR240500PE,SILVER,02MAR2027,24050000.000000,1,OPTBLN,NCO,50.000000,20,False
129349,SILVER27MAR241000CE,SILVER,02MAR2027,24100000.000000,1,OPTBLN,NCO,50.000000,20,False
129352,SILVERM27JUN237250CE,SILVERM,23JUN2027,23725000.000000,1,OPTFUT,NCO,50.000000,120,False
129373,SILVERM27JUN239750PE,SILVERM,23JUN2027,23975000.000000,1,OPTFUT,NCO,50.000000,120,False
129374,SILVERM27JUN240000CE,SILVERM,23JUN2027,24000000.000000,1,OPTFUT,NCO,50.000000,120,False
124152,SILVERM27FEB285000CE,SILVERM,19FEB2027,28500000.000000,1,OPTFUT,NCO,50.000000,120,False
124158,COPPER26OCT1445CE,COPPER,23OCT2026,144500.000000,1,OPTFUT,NCO,1.000000,70,False
124162,GOLD27MAR147400CE,GOLD,29MAR2027,14740000.000000,1,OPTFUT,NCO,50.000000,10,False
124175,SILVERM27FEB286250PE,SILVERM,19FEB2027,28625000.000000,1,OPTFUT,NCO,50.000000,120,False
129387,SILVERM27JUN241500PE,SILVERM,23JUN2027,24150000.000000,1,OPTFUT,NCO,50.000000,120,False
129388,SILVERM27JUN241750CE,SILVERM,23JUN2027,24175000.000000,1,OPTFUT,NCO,50.000000,120,False
129391,GOLDM26OCT153400CE,GOLDM,29OCT2026,15340000.000000,1,OPTFUT,NCO,50.000000,100,False
129406,SILVERM27MAY232750CE,SILVERM,24MAY2027,23275000.000000,1,OPTFUT,NCO,50.000000,120,False
124180,GOLD27MAR147600CE,GOLD,29MAR2027,14760000.000000,1,OPTFUT,NCO,50.000000,10,False
124182,GOLDM26NOV155800PE,GOLDM,27NOV2026,15580000.000000,1,OPTFUT,NCO,50.000000,100,False
124186,GOLDM26NOV156000CE,GOLDM,27NOV2026,15600000.000000,1,OPTFUT,NCO,50.000000,100,False
124210,GOLD27APR154400CE,GOLD,28APR2027,15440000.000000,1,OPTFUT,NCO,50.000000,10,False
129407,SILVERM27MAY232750PE,SILVERM,24MAY2027,23275000.000000,1,OPTFUT,NCO,50.000000,120,False
129408,GOLDM26OCT153700PE,GOLDM,29OCT2026,15370000.000000,1,OPTFUT,NCO,50.000000,100,False
129424,SILVERM27JUL247750PE,SILVERM,23JUL2027,24775000.000000,1,OPTFUT,NCO,50.000000,120,False
129427,SILVERM27JUL248250CE,SILVERM,23JUL2027,24825000.000000,1,OPTFUT,NCO,50.000000,120,False
124219,GOLD27APR154800PE,GOLD,28APR2027,15480000.000000,1,OPTFUT,NCO,50.000000,10,False
124222,GOLD27APR155000CE,GOLD,28APR2027,15500000.000000,1,OPTFUT,NCO,50.000000,10,False
124223,GOLD27APR155000PE,GOLD,28APR2027,15500000.000000,1,OPTFUT,NCO,50.000000,10,False
124229,GOLD27APR155300CE,GOLD,28APR2027,15530000.000000,1,OPTFUT,NCO,50.000000,10,False
129437,SILVER27MAR241500CE,SILVER,02MAR2027,24150000.000000,1,OPTBLN,NCO,50.000000,20,False
129461,SILVERM27JAN329750PE,SILVERM,21JAN2027,32975000.000000,1,OPTFUT,NCO,50.000000,120,False
129464,SILVERM26NOV201000CE,SILVERM,23NOV2026,20100000.000000,1,OPTFUT,NCO,50.000000,120,False
129466,SILVERM26NOV201250CE,SILVERM,23NOV2026,20125000.000000,1,OPTFUT,NCO,50.000000,120,False
124230,GOLD27APR155300PE,GOLD,28APR2027,15530000.000000,1,OPTFUT,NCO,50.000000,10,False
124231,GOLD27APR155400CE,GOLD,28APR2027,15540000.000000,1,OPTFUT,NCO,50.000000,10,False
124236,SILVERM27FEB286750PE,SILVERM,19FEB2027,28675000.000000,1,OPTFUT,NCO,50.000000,120,False
124237,SILVERM27FEB287000CE,SILVERM,19FEB2027,28700000.000000,1,OPTFUT,NCO,50.000000,120,False
129472,SILVERM26NOV202000CE,SILVERM,23NOV2026,20200000.000000,1,OPTFUT,NCO,50.000000,120,False
129473,SILVERM26NOV202000PE,SILVERM,23NOV2026,20200000.000000,1,OPTFUT,NCO,50.000000,120,False
129484,SILVER27MAR244250PE,SILVER,02MAR2027,24425000.000000,1,OPTBLN,NCO,50.000000,20,False
129515,GOLD27MAR161700CE,GOLD,29MAR2027,16170000.000000,1,OPTFUT,NCO,50.000000,10,False
124274,GOLD27MAR147800PE,GOLD,29MAR2027,14780000.000000,1,OPTFUT,NCO,50.000000,10,False
124290,SILVERM27JAN249000CE,SILVERM,21JAN2027,24900000.000000,1,OPTFUT,NCO,50.000000,120,False
124295,GOLD26NOV133600PE,GOLD,27NOV2026,13360000.000000,1,OPTFUT,NCO,50.000000,10,False
124299,GOLD26NOV133800PE,GOLD,27NOV2026,13380000.000000,1,OPTFUT,NCO,50.000000,10,False
129551,SILVER27MAR246000CE,SILVER,02MAR2027,24600000.000000,1,OPTBLN,NCO,50.000000,20,False
129554,SILVER27MAR246250PE,SILVER,02MAR2027,24625000.000000,1,OPTBLN,NCO,50.000000,20,False
129555,SILVER27MAR246500CE,SILVER,02MAR2027,24650000.000000,1,OPTBLN,NCO,50.000000,20,False
129562,SILVERM27MAY233750CE,SILVERM,24MAY2027,23375000.000000,1,OPTFUT,NCO,50.000000,120,False
124301,GOLD26NOV133900PE,GOLD,27NOV2026,13390000.000000,1,OPTFUT,NCO,50.000000,10,False
124302,GOLD26NOV134000CE,GOLD,27NOV2026,13400000.000000,1,OPTFUT,NCO,50.000000,10,False
124310,GOLD27MAR148300PE,GOLD,29MAR2027,14830000.000000,1,OPTFUT,NCO,50.000000,10,False
124323,SILVERM26DEC237750PE,SILVERM,23DEC2026,23775000.000000,1,OPTFUT,NCO,50.000000,120,False
129563,SILVERM27MAY233750PE,SILVERM,24MAY2027,23375000.000000,1,OPTFUT,NCO,50.000000,120,False
129571,SILVERM27JUL249500CE,SILVERM,23JUL2027,24950000.000000,1,OPTFUT,NCO,50.000000,120,False
129579,SILVERM27JUL250000CE,SILVERM,23JUL2027,25000000.000000,1,OPTFUT,NCO,50.000000,120,False
129582,SILVERM27JUL250250PE,SILVERM,23JUL2027,25025000.000000,1,OPTFUT,NCO,50.000000,120,False
124333,GOLD27MAR148500PE,GOLD,29MAR2027,14850000.000000,1,OPTFUT,NCO,50.000000,10,False
124334,SILVERM27FEB288250PE,SILVERM,19FEB2027,28825000.000000,1,OPTFUT,NCO,50.000000,120,False
124353,SILVERM27FEB290250CE,SILVERM,19FEB2027,29025000.000000,1,OPTFUT,NCO,50.000000,120,False
124354,GOLD27APR156500PE,GOLD,28APR2027,15650000.000000,1,OPTFUT,NCO,50.000000,10,False
129600,SILVERM27JUL252500PE,SILVERM,23JUL2027,25250000.000000,1,OPTFUT,NCO,50.000000,120,False
129601,GOLD27JUN160100CE,GOLD,28JUN2027,16010000.000000,1,OPTFUT,NCO,50.000000,10,False
129633,SILVER27MAR246500PE,SILVER,02MAR2027,24650000.000000,1,OPTBLN,NCO,50.000000,20,False
129637,SILVERM27JAN330750CE,SILVERM,21JAN2027,33075000.000000,1,OPTFUT,NCO,50.000000,120,False
124370,SILVER26DEC204250PE,SILVER,01DEC2026,20425000.000000,1,OPTBLN,NCO,50.000000,20,False
124383,SILVERM27MAY274250CE,SILVERM,24MAY2027,27425000.000000,1,OPTFUT,NCO,50.000000,120,False
124398,GOLD26NOV134300PE,GOLD,27NOV2026,13430000.000000,1,OPTFUT,NCO,50.000000,10,False
124401,GOLD26NOV134500CE,GOLD,27NOV2026,13450000.000000,1,OPTFUT,NCO,50.000000,10,False
129647,SILVERM27JAN332000CE,SILVERM,21JAN2027,33200000.000000,1,OPTFUT,NCO,50.000000,120,False
129659,SILVERM27JAN333500CE,SILVERM,21JAN2027,33350000.000000,1,OPTFUT,NCO,50.000000,120,False
129671,SILVER27MAR247000PE,SILVER,02MAR2027,24700000.000000,1,OPTBLN,NCO,50.000000,20,False
129677,SILVER27MAR247500PE,SILVER,02MAR2027,24750000.000000,1,OPTBLN,NCO,50.000000,20,False
124402,GOLD26NOV134500PE,GOLD,27NOV2026,13450000.000000,1,OPTFUT,NCO,50.000000,10,False
124404,GOLD26NOV134600PE,GOLD,27NOV2026,13460000.000000,1,OPTFUT,NCO,50.000000,10,False
124419,GOLD27APR157300PE,GOLD,28APR2027,15730000.000000,1,OPTFUT,NCO,50.000000,10,False
124423,GOLD27MAR149000CE,GOLD,29MAR2027,14900000.000000,1,OPTFUT,NCO,50.000000,10,False
129695,SILVER27MAR249750PE,SILVER,02MAR2027,24975000.000000,1,OPTBLN,NCO,50.000000,20,False
129696,SILVER27MAR250000CE,SILVER,02MAR2027,25000000.000000,1,OPTBLN,NCO,50.000000,20,False
129705,SILVER27MAR251000PE,SILVER,02MAR2027,25100000.000000,1,OPTBLN,NCO,50.000000,20,False
129707,SILVER27MAR251250PE,SILVER,02MAR2027,25125000.000000,1,OPTBLN,NCO,50.000000,20,False
124463,GOLD27APR158100PE,GOLD,28APR2027,15810000.000000,1,OPTFUT,NCO,50.000000,10,False
124473,SILVERM27MAY275750CE,SILVERM,24MAY2027,27575000.000000,1,OPTFUT,NCO,50.000000,120,False
124487,GOLD27MAR149200PE,GOLD,29MAR2027,14920000.000000,1,OPTFUT,NCO,50.000000,10,False
124489,GOLD27APR147700PE,GOLD,28APR2027,14770000.000000,1,OPTFUT,NCO,50.000000,10,False
129716,SILVER27MAR252500CE,SILVER,02MAR2027,25250000.000000,1,OPTBLN,NCO,50.000000,20,False
129725,SILVERM26OCT172750CE,SILVERM,23OCT2026,17275000.000000,1,OPTFUT,NCO,50.000000,120,False
129750,SILVERM26OCT175750PE,SILVERM,23OCT2026,17575000.000000,1,OPTFUT,NCO,50.000000,120,False
129758,SILVERM26OCT176750PE,SILVERM,23OCT2026,17675000.000000,1,OPTFUT,NCO,50.000000,120,False
124496,SILVERM27JUL237750PE,SILVERM,23JUL2027,23775000.000000,1,OPTFUT,NCO,50.000000,120,False
124506,GOLD27APR147900PE,GOLD,28APR2027,14790000.000000,1,OPTFUT,NCO,50.000000,10,False
124517,ZINC26NOV395PE,ZINC,23NOV2026,39500.000000,1,OPTFUT,NCO,1.000000,20,False
124523,ZINC26NOV402.5PE,ZINC,23NOV2026,40250.000000,1,OPTFUT,NCO,1.000000,20,False
129796,SILVERM27MAY234750PE,SILVERM,24MAY2027,23475000.000000,1,OPTFUT,NCO,50.000000,120,False
129797,SILVERM27MAY235000CE,SILVERM,24MAY2027,23500000.000000,1,OPTFUT,NCO,50.000000,120,False
129802,GOLD27JUL161400PE,GOLD,29JUL2027,16140000.000000,1,OPTFUT,NCO,50.000000,10,False
129807,SILVER27MAR253500PE,SILVER,02MAR2027,25350000.000000,1,OPTBLN,NCO,50.000000,20,False
124524,ZINC26NOV405CE,ZINC,23NOV2026,40500.000000,1,OPTFUT,NCO,1.000000,20,False
124525,ZINC26NOV405PE,ZINC,23NOV2026,40500.000000,1,OPTFUT,NCO,1.000000,20,False
124532,COPPER26NOV1440PE,COPPER,23NOV2026,144000.000000,1,OPTFUT,NCO,1.000000,70,False
124534,SILVERM27JUL238000PE,SILVERM,23JUL2027,23800000.000000,1,OPTFUT,NCO,50.000000,120,False
129814,SILVERM27MAY250000CE,SILVERM,24MAY2027,25000000.000000,1,OPTFUT,NCO,50.000000,120,False
129818,SILVERM27MAY250500CE,SILVERM,24MAY2027,25050000.000000,1,OPTFUT,NCO,50.000000,120,False
129832,SILVERM27MAY252250CE,SILVERM,24MAY2027,25225000.000000,1,OPTFUT,NCO,50.000000,120,False
129834,SILVERM27MAY252500CE,SILVERM,24MAY2027,25250000.000000,1,OPTFUT,NCO,50.000000,120,False
124537,GOLD26NOV135200CE,GOLD,27NOV2026,13520000.000000,1,OPTFUT,NCO,50.000000,10,False
124545,GOLD27APR148300CE,GOLD,28APR2027,14830000.000000,1,OPTFUT,NCO,50.000000,10,False
124547,GOLD26NOV135300CE,GOLD,27NOV2026,13530000.000000,1,OPTFUT,NCO,50.000000,10,False
124559,ZINC26NOV417.5CE,ZINC,23NOV2026,41750.000000,1,OPTFUT,NCO,1.000000,20,False
129851,GOLD27MAR163900CE,GOLD,29MAR2027,16390000.000000,1,OPTFUT,NCO,50.000000,10,False
129860,GOLD27MAR164300PE,GOLD,29MAR2027,16430000.000000,1,OPTFUT,NCO,50.000000,10,False
129870,GOLD27MAR164800PE,GOLD,29MAR2027,16480000.000000,1,OPTFUT,NCO,50.000000,10,False
129875,GOLD27MAR165100CE,GOLD,29MAR2027,16510000.000000,1,OPTFUT,NCO,50.000000,10,False
124574,CRUDEOIL26OCT5000CE,CRUDEOIL,08OCT2026,500000.000000,1,OPTFUT,NCO,10.000000,100,False
124575,GOLD26OCT125300CE,GOLD,29OCT2026,12530000.000000,1,OPTFUT,NCO,50.000000,10,False
124580,GOLD26NOV135600CE,GOLD,27NOV2026,13560000.000000,1,OPTFUT,NCO,50.000000,10,False
124602,SILVER26DEC205500PE,SILVER,01DEC2026,20550000.000000,1,OPTBLN,NCO,50.000000,20,False
129877,GOLD27MAR165200CE,GOLD,29MAR2027,16520000.000000,1,OPTFUT,NCO,50.000000,10,False
129892,GOLD27MAR165900PE,GOLD,29MAR2027,16590000.000000,1,OPTFUT,NCO,50.000000,10,False
129895,GOLD27MAR166100CE,GOLD,29MAR2027,16610000.000000,1,OPTFUT,NCO,50.000000,10,False
129896,GOLD27MAR166100PE,GOLD,29MAR2027,16610000.000000,1,OPTFUT,NCO,50.000000,10,False
124646,GOLD26NOV136600PE,GOLD,27NOV2026,13660000.000000,1,OPTFUT,NCO,50.000000,10,False
124647,GOLD26NOV136700CE,GOLD,27NOV2026,13670000.000000,1,OPTFUT,NCO,50.000000,10,False
124672,GOLD27JUL151900PE,GOLD,29JUL2027,15190000.000000,1,OPTFUT,NCO,50.000000,10,False
124685,GOLD27JUL152400PE,GOLD,29JUL2027,15240000.000000,1,OPTFUT,NCO,50.000000,10,False
129899,GOLD27MAR166300CE,GOLD,29MAR2027,16630000.000000,1,OPTFUT,NCO,50.000000,10,False
129911,GOLD27MAR166900CE,GOLD,29MAR2027,16690000.000000,1,OPTFUT,NCO,50.000000,10,False
129915,GOLD27MAR167100CE,GOLD,29MAR2027,16710000.000000,1,OPTFUT,NCO,50.000000,10,False
129920,GOLD27MAR167300PE,GOLD,29MAR2027,16730000.000000,1,OPTFUT,NCO,50.000000,10,False
124686,GOLD27JUL152500CE,GOLD,29JUL2027,15250000.000000,1,OPTFUT,NCO,50.000000,10,False
124692,GOLD27JUL152800CE,GOLD,29JUL2027,15280000.000000,1,OPTFUT,NCO,50.000000,10,False
124694,GOLD26OCT125400PE,GOLD,29OCT2026,12540000.000000,1,OPTFUT,NCO,50.000000,10,False
124697,GOLD27JUL153000CE,GOLD,29JUL2027,15300000.000000,1,OPTFUT,NCO,50.000000,10,False
129925,GOLD27MAR167600CE,GOLD,29MAR2027,16760000.000000,1,OPTFUT,NCO,50.000000,10,False
129950,SILVERM27JUN245000PE,SILVERM,23JUN2027,24500000.000000,1,OPTFUT,NCO,50.000000,120,False
129951,SILVERM27JUN245250CE,SILVERM,23JUN2027,24525000.000000,1,OPTFUT,NCO,50.000000,120,False
129960,ZINC26OCT362.5PE,ZINC,23OCT2026,36250.000000,1,OPTFUT,NCO,1.000000,20,False
124701,GOLD27JUL153100PE,GOLD,29JUL2027,15310000.000000,1,OPTFUT,NCO,50.000000,10,False
124702,GOLD27JUL153200CE,GOLD,29JUL2027,15320000.000000,1,OPTFUT,NCO,50.000000,10,False
124703,GOLD27JUL153200PE,GOLD,29JUL2027,15320000.000000,1,OPTFUT,NCO,50.000000,10,False
124710,SILVERM27AUG250000PE,SILVERM,24AUG2027,25000000.000000,1,OPTFUT,NCO,50.000000,120,False
129963,ZINC26OCT367.5CE,ZINC,23OCT2026,36750.000000,1,OPTFUT,NCO,1.000000,20,False
129978,GOLD27MAR168100PE,GOLD,29MAR2027,16810000.000000,1,OPTFUT,NCO,50.000000,10,False
129980,GOLD27MAR168200PE,GOLD,29MAR2027,16820000.000000,1,OPTFUT,NCO,50.000000,10,False
129994,GOLD27MAR168900PE,GOLD,29MAR2027,16890000.000000,1,OPTFUT,NCO,50.000000,10,False
124712,SILVERM27AUG250250PE,SILVERM,24AUG2027,25025000.000000,1,OPTFUT,NCO,50.000000,120,False
124722,SILVERM27AUG251000PE,SILVERM,24AUG2027,25100000.000000,1,OPTFUT,NCO,50.000000,120,False
124723,SILVERM27AUG251250CE,SILVERM,24AUG2027,25125000.000000,1,OPTFUT,NCO,50.000000,120,False
124741,GOLD26OCT125900PE,GOLD,29OCT2026,12590000.000000,1,OPTFUT,NCO,50.000000,10,False
130008,GOLD27MAR169600PE,GOLD,29MAR2027,16960000.000000,1,OPTFUT,NCO,50.000000,10,False
130013,GOLD27MAR169900CE,GOLD,29MAR2027,16990000.000000,1,OPTFUT,NCO,50.000000,10,False
130022,SILVERM27MAY254500CE,SILVERM,24MAY2027,25450000.000000,1,OPTFUT,NCO,50.000000,120,False
130024,SILVERM27MAY254750CE,SILVERM,24MAY2027,25475000.000000,1,OPTFUT,NCO,50.000000,120,False
124759,GOLD27JUL153700PE,GOLD,29JUL2027,15370000.000000,1,OPTFUT,NCO,50.000000,10,False
124782,GOLD26OCT127100PE,GOLD,29OCT2026,12710000.000000,1,OPTFUT,NCO,50.000000,10,False
124808,GOLD26NOV137700CE,GOLD,27NOV2026,13770000.000000,1,OPTFUT,NCO,50.000000,10,False
124810,GOLD26OCT127200PE,GOLD,29OCT2026,12720000.000000,1,OPTFUT,NCO,50.000000,10,False
130027,SILVERM27MAY255000PE,SILVERM,24MAY2027,25500000.000000,1,OPTFUT,NCO,50.000000,120,False
130037,SILVERM27MAY256250PE,SILVERM,24MAY2027,25625000.000000,1,OPTFUT,NCO,50.000000,120,False
130038,SILVERM27MAY256500CE,SILVERM,24MAY2027,25650000.000000,1,OPTFUT,NCO,50.000000,120,False
130039,SILVERM27MAY256500PE,SILVERM,24MAY2027,25650000.000000,1,OPTFUT,NCO,50.000000,120,False
124840,GOLD26NOV138100PE,GOLD,27NOV2026,13810000.000000,1,OPTFUT,NCO,50.000000,10,False
124864,GOLD26NOV138400CE,GOLD,27NOV2026,13840000.000000,1,OPTFUT,NCO,50.000000,10,False
124882,GOLD27JUL154400PE,GOLD,29JUL2027,15440000.000000,1,OPTFUT,NCO,50.000000,10,False
124885,GOLD27MAY148800PE,GOLD,28MAY2027,14880000.000000,1,OPTFUT,NCO,50.000000,10,False
130040,SILVERM27MAY256750CE,SILVERM,24MAY2027,25675000.000000,1,OPTFUT,NCO,50.000000,120,False
130042,SILVERM27MAY257000CE,SILVERM,24MAY2027,25700000.000000,1,OPTFUT,NCO,50.000000,120,False
130045,SILVERM27MAY257250PE,SILVERM,24MAY2027,25725000.000000,1,OPTFUT,NCO,50.000000,120,False
130048,SILVERM27MAY257750CE,SILVERM,24MAY2027,25775000.000000,1,OPTFUT,NCO,50.000000,120,False
124913,SILVERM27AUG254250CE,SILVERM,24AUG2027,25425000.000000,1,OPTFUT,NCO,50.000000,120,False
124918,SILVERM27AUG254500PE,SILVERM,24AUG2027,25450000.000000,1,OPTFUT,NCO,50.000000,120,False
124935,GOLD27JUL155300PE,GOLD,29JUL2027,15530000.000000,1,OPTFUT,NCO,50.000000,10,False
124945,SILVERM27AUG256500CE,SILVERM,24AUG2027,25650000.000000,1,OPTFUT,NCO,50.000000,120,False
130058,SILVERM27MAY259000CE,SILVERM,24MAY2027,25900000.000000,1,OPTFUT,NCO,50.000000,120,False
130062,SILVERM27MAY259500CE,SILVERM,24MAY2027,25950000.000000,1,OPTFUT,NCO,50.000000,120,False
130063,SILVERM27MAY259500PE,SILVERM,24MAY2027,25950000.000000,1,OPTFUT,NCO,50.000000,120,False
130066,SILVERM27MAY235250PE,SILVERM,24MAY2027,23525000.000000,1,OPTFUT,NCO,50.000000,120,False
124946,GOLD27JUL155500CE,GOLD,29JUL2027,15550000.000000,1,OPTFUT,NCO,50.000000,10,False
124965,SILVERM27MAY276500PE,SILVERM,24MAY2027,27650000.000000,1,OPTFUT,NCO,50.000000,120,False
124971,SILVERM27FEB272000CE,SILVERM,19FEB2027,27200000.000000,1,OPTFUT,NCO,50.000000,120,False
124973,SILVERM27FEB272250CE,SILVERM,19FEB2027,27225000.000000,1,OPTFUT,NCO,50.000000,120,False
130069,NATGASMINI26DECFUT,NATGASMINI,28DEC2026,-1.000000,1,FUTENR,NCO,10.000000,240,False
130079,SILVERM27JUN253750PE,SILVERM,23JUN2027,25375000.000000,1,OPTFUT,NCO,50.000000,120,False
130084,SILVERM27JUN254500CE,SILVERM,23JUN2027,25450000.000000,1,OPTFUT,NCO,50.000000,120,False
130091,COPPER26OCT1360CE,COPPER,23OCT2026,136000.000000,1,OPTFUT,NCO,1.000000,70,False
124977,GOLDM26SEP148300PE,GOLDM,25SEP2026,14830000.000000,1,OPTFUT,NCO,50.000000,100,False
124993,GOLDM26SEP148800PE,GOLDM,25SEP2026,14880000.000000,1,OPTFUT,NCO,50.000000,100,False
125014,GOLDM26OCT144500PE,GOLDM,29OCT2026,14450000.000000,1,OPTFUT,NCO,50.000000,100,False
125027,GOLDM26SEP149600CE,GOLDM,25SEP2026,14960000.000000,1,OPTFUT,NCO,50.000000,100,False
130105,GOLD27JUN151900CE,GOLD,28JUN2027,15190000.000000,1,OPTFUT,NCO,50.000000,10,False
130106,GOLD27JUN151900PE,GOLD,28JUN2027,15190000.000000,1,OPTFUT,NCO,50.000000,10,False
130112,GOLD27JUL161500PE,GOLD,29JUL2027,16150000.000000,1,OPTFUT,NCO,50.000000,10,False
130114,GOLD27JUL161600PE,GOLD,29JUL2027,16160000.000000,1,OPTFUT,NCO,50.000000,10,False
130119,GOLD27JUL161900CE,GOLD,29JUL2027,16190000.000000,1,OPTFUT,NCO,50.000000,10,False
130133,GOLDM26SEP153500CE,GOLDM,25SEP2026,15350000.000000,1,OPTFUT,NCO,50.000000,100,False
130142,GOLDM26SEP153900PE,GOLDM,25SEP2026,15390000.000000,1,OPTFUT,NCO,50.000000,100,False
130143,GOLDM26SEP154000CE,GOLDM,25SEP2026,15400000.000000,1,OPTFUT,NCO,50.000000,100,False
125028,GOLDM26SEP149600PE,GOLDM,25SEP2026,14960000.000000,1,OPTFUT,NCO,50.000000,100,False
125041,GOLD27MAY150100PE,GOLD,28MAY2027,15010000.000000,1,OPTFUT,NCO,50.000000,10,False
125131,GOLD27MAR163100CE,GOLD,29MAR2027,16310000.000000,1,OPTFUT,NCO,50.000000,10,False
125132,GOLD27MAR163100PE,GOLD,29MAR2027,16310000.000000,1,OPTFUT,NCO,50.000000,10,False
130156,SILVER27MAR254750PE,SILVER,02MAR2027,25475000.000000,1,OPTBLN,NCO,50.000000,20,False
130160,SILVER27MAR255250PE,SILVER,02MAR2027,25525000.000000,1,OPTBLN,NCO,50.000000,20,False
130173,COPPER26DEC1375CE,COPPER,23DEC2026,137500.000000,1,OPTFUT,NCO,1.000000,70,False
130174,COPPER26DEC1375PE,COPPER,23DEC2026,137500.000000,1,OPTFUT,NCO,1.000000,70,False
125136,GOLD27MAR163300PE,GOLD,29MAR2027,16330000.000000,1,OPTFUT,NCO,50.000000,10,False
125144,SILVERM27MAR244000CE,SILVERM,24MAR2027,24400000.000000,1,OPTFUT,NCO,50.000000,120,False
125150,SILVERM27MAR244250CE,SILVERM,24MAR2027,24425000.000000,1,OPTFUT,NCO,50.000000,120,False
125163,SILVERM26DEC240000CE,SILVERM,23DEC2026,24000000.000000,1,OPTFUT,NCO,50.000000,120,False
130175,COPPER26DEC1380CE,COPPER,23DEC2026,138000.000000,1,OPTFUT,NCO,1.000000,70,False
130176,COPPER26DEC1380PE,COPPER,23DEC2026,138000.000000,1,OPTFUT,NCO,1.000000,70,False
130209,GOLD27MAR170600CE,GOLD,29MAR2027,17060000.000000,1,OPTFUT,NCO,50.000000,10,False
130211,GOLD27MAR170700CE,GOLD,29MAR2027,17070000.000000,1,OPTFUT,NCO,50.000000,10,False
125167,SILVERM26DEC240500CE,SILVERM,23DEC2026,24050000.000000,1,OPTFUT,NCO,50.000000,120,False
125177,SILVERM26DEC241750CE,SILVERM,23DEC2026,24175000.000000,1,OPTFUT,NCO,50.000000,120,False
125183,SILVERM26DEC242500CE,SILVERM,23DEC2026,24250000.000000,1,OPTFUT,NCO,50.000000,120,False
125186,SILVERM26DEC242750PE,SILVERM,23DEC2026,24275000.000000,1,OPTFUT,NCO,50.000000,120,False
130214,GOLD27MAR170800PE,GOLD,29MAR2027,17080000.000000,1,OPTFUT,NCO,50.000000,10,False
130225,GOLD27MAR171400CE,GOLD,29MAR2027,17140000.000000,1,OPTFUT,NCO,50.000000,10,False
130226,GOLD27MAR171400PE,GOLD,29MAR2027,17140000.000000,1,OPTFUT,NCO,50.000000,10,False
130251,GOLD27APR164100CE,GOLD,28APR2027,16410000.000000,1,OPTFUT,NCO,50.000000,10,False
125188,SILVERM26DEC243000PE,SILVERM,23DEC2026,24300000.000000,1,OPTFUT,NCO,50.000000,120,False
125202,GOLDM26OCT146800PE,GOLDM,29OCT2026,14680000.000000,1,OPTFUT,NCO,50.000000,100,False
125211,SILVERM27JAN263500PE,SILVERM,21JAN2027,26350000.000000,1,OPTFUT,NCO,50.000000,120,False
125217,SILVERM27JAN264250PE,SILVERM,21JAN2027,26425000.000000,1,OPTFUT,NCO,50.000000,120,False
130256,GOLD27APR164300PE,GOLD,28APR2027,16430000.000000,1,OPTFUT,NCO,50.000000,10,False
130258,GOLD27APR164400PE,GOLD,28APR2027,16440000.000000,1,OPTFUT,NCO,50.000000,10,False
130262,GOLD27APR164600PE,GOLD,28APR2027,16460000.000000,1,OPTFUT,NCO,50.000000,10,False
130267,GOLD27APR164900CE,GOLD,28APR2027,16490000.000000,1,OPTFUT,NCO,50.000000,10,False
125219,SILVERM27JAN264500PE,SILVERM,21JAN2027,26450000.000000,1,OPTFUT,NCO,50.000000,120,False
125224,SILVERM27JAN265000CE,SILVERM,21JAN2027,26500000.000000,1,OPTFUT,NCO,50.000000,120,False
125225,SILVERM27JAN265000PE,SILVERM,21JAN2027,26500000.000000,1,OPTFUT,NCO,50.000000,120,False
125229,GOLD26OCT129000PE,GOLD,29OCT2026,12900000.000000,1,OPTFUT,NCO,50.000000,10,False
130269,GOLD27APR165000CE,GOLD,28APR2027,16500000.000000,1,OPTFUT,NCO,50.000000,10,False
130273,GOLD27APR165200CE,GOLD,28APR2027,16520000.000000,1,OPTFUT,NCO,50.000000,10,False
130281,GOLD27APR165600CE,GOLD,28APR2027,16560000.000000,1,OPTFUT,NCO,50.000000,10,False
130285,GOLD27APR165800CE,GOLD,28APR2027,16580000.000000,1,OPTFUT,NCO,50.000000,10,False
125235,GOLD26OCT129300CE,GOLD,29OCT2026,12930000.000000,1,OPTFUT,NCO,50.000000,10,False
125260,SILVERM27MAR245250PE,SILVERM,24MAR2027,24525000.000000,1,OPTFUT,NCO,50.000000,120,False
125262,GOLD26OCT129800CE,GOLD,29OCT2026,12980000.000000,1,OPTFUT,NCO,50.000000,10,False
125274,SILVER26DEC210000CE,SILVER,01DEC2026,21000000.000000,1,OPTBLN,NCO,50.000000,20,False
130302,GOLDM26SEP144700PE,GOLDM,25SEP2026,14470000.000000,1,OPTFUT,NCO,50.000000,100,False
130306,GOLD27APR166000CE,GOLD,28APR2027,16600000.000000,1,OPTFUT,NCO,50.000000,10,False
130357,GOLDM26SEP145000CE,GOLDM,25SEP2026,14500000.000000,1,OPTFUT,NCO,50.000000,100,False
130361,GOLDM26SEP145100CE,GOLDM,25SEP2026,14510000.000000,1,OPTFUT,NCO,50.000000,100,False
125324,GOLDM26OCT147400PE,GOLDM,29OCT2026,14740000.000000,1,OPTFUT,NCO,50.000000,100,False
125328,GOLDM26OCT147600PE,GOLDM,29OCT2026,14760000.000000,1,OPTFUT,NCO,50.000000,100,False
125334,SILVERM27JAN267500PE,SILVERM,21JAN2027,26750000.000000,1,OPTFUT,NCO,50.000000,120,False
125346,SILVERM27APR261000PE,SILVERM,23APR2027,26100000.000000,1,OPTFUT,NCO,50.000000,120,False
130364,GOLDM26SEP145200PE,GOLDM,25SEP2026,14520000.000000,1,OPTFUT,NCO,50.000000,100,False
130378,GOLD27APR166500CE,GOLD,28APR2027,16650000.000000,1,OPTFUT,NCO,50.000000,10,False
130399,SILVERM27MAR263250PE,SILVERM,24MAR2027,26325000.000000,1,OPTFUT,NCO,50.000000,120,False
130422,GOLDM26OCT154300PE,GOLDM,29OCT2026,15430000.000000,1,OPTFUT,NCO,50.000000,100,False
125349,SILVERM27JAN268000CE,SILVERM,21JAN2027,26800000.000000,1,OPTFUT,NCO,50.000000,120,False
125350,SILVERM27APR261250PE,SILVERM,23APR2027,26125000.000000,1,OPTFUT,NCO,50.000000,120,False
125360,SILVERM27AUG257000PE,SILVERM,24AUG2027,25700000.000000,1,OPTFUT,NCO,50.000000,120,False
125367,SILVERM26OCT195000PE,SILVERM,23OCT2026,19500000.000000,1,OPTFUT,NCO,50.000000,120,False
130453,SILVERM27AUG243500PE,SILVERM,24AUG2027,24350000.000000,1,OPTFUT,NCO,50.000000,120,False
130457,GOLD27JUN150100CE,GOLD,28JUN2027,15010000.000000,1,OPTFUT,NCO,50.000000,10,False
130465,SILVERM27MAR263750PE,SILVERM,24MAR2027,26375000.000000,1,OPTFUT,NCO,50.000000,120,False
130467,GOLD27APR167000PE,GOLD,28APR2027,16700000.000000,1,OPTFUT,NCO,50.000000,10,False
130469,GOLD27APR167100PE,GOLD,28APR2027,16710000.000000,1,OPTFUT,NCO,50.000000,10,False
130483,SILVERM27AUG244500CE,SILVERM,24AUG2027,24450000.000000,1,OPTFUT,NCO,50.000000,120,False
130486,SILVERM27AUG244750PE,SILVERM,24AUG2027,24475000.000000,1,OPTFUT,NCO,50.000000,120,False
130492,GOLD27JUN150500CE,GOLD,28JUN2027,15050000.000000,1,OPTFUT,NCO,50.000000,10,False
125378,SILVERM26NOV195500PE,SILVERM,23NOV2026,19550000.000000,1,OPTFUT,NCO,50.000000,120,False
125383,SILVERM27JAN268500PE,SILVERM,21JAN2027,26850000.000000,1,OPTFUT,NCO,50.000000,120,False
125385,SILVERM27JAN268750PE,SILVERM,21JAN2027,26875000.000000,1,OPTFUT,NCO,50.000000,120,False
125417,GOLDM26OCT148200PE,GOLDM,29OCT2026,14820000.000000,1,OPTFUT,NCO,50.000000,100,False
130519,SILVERM27JAN335500CE,SILVERM,21JAN2027,33550000.000000,1,OPTFUT,NCO,50.000000,120,False
130522,ZINC26OCT380CE,ZINC,23OCT2026,38000.000000,1,OPTFUT,NCO,1.000000,20,False
130527,SILVERM27MAR264000PE,SILVERM,24MAR2027,26400000.000000,1,OPTFUT,NCO,50.000000,120,False
130529,GOLDM26OCT154700PE,GOLDM,29OCT2026,15470000.000000,1,OPTFUT,NCO,50.000000,100,False
125418,SILVERM27MAR275500CE,SILVERM,24MAR2027,27550000.000000,1,OPTFUT,NCO,50.000000,120,False
125447,SILVERM27MAR247500PE,SILVERM,24MAR2027,24750000.000000,1,OPTFUT,NCO,50.000000,120,False
130693,GOLD27APR169200CE,GOLD,28APR2027,16920000.000000,1,OPTFUT,NCO,50.000000,10,False
125441,SILVERM27JAN272750CE,SILVERM,21JAN2027,27275000.000000,1,OPTFUT,NCO,50.000000,120,False
125443,SILVERM27MAR276000PE,SILVERM,24MAR2027,27600000.000000,1,OPTFUT,NCO,50.000000,120,False
130545,ZINC26OCT382.5PE,ZINC,23OCT2026,38250.000000,1,OPTFUT,NCO,1.000000,20,False
130562,ZINC26NOV455PE,ZINC,23NOV2026,45500.000000,1,OPTFUT,NCO,1.000000,20,False
130660,SILVERM27MAR269500PE,SILVERM,24MAR2027,26950000.000000,1,OPTFUT,NCO,50.000000,120,False
125454,SILVERM27MAR248500CE,SILVERM,24MAR2027,24850000.000000,1,OPTFUT,NCO,50.000000,120,False
125457,SILVERM27MAR248750PE,SILVERM,24MAR2027,24875000.000000,1,OPTFUT,NCO,50.000000,120,False
125465,SILVERM27MAR249750PE,SILVERM,24MAR2027,24975000.000000,1,OPTFUT,NCO,50.000000,120,False
125475,SILVERM27MAR251000PE,SILVERM,24MAR2027,25100000.000000,1,OPTFUT,NCO,50.000000,120,False
130695,GOLD27APR169300CE,GOLD,28APR2027,16930000.000000,1,OPTFUT,NCO,50.000000,10,False
130705,GOLD27APR169800CE,GOLD,28APR2027,16980000.000000,1,OPTFUT,NCO,50.000000,10,False
130707,GOLD27APR169900CE,GOLD,28APR2027,16990000.000000,1,OPTFUT,NCO,50.000000,10,False
130709,GOLD27FEB168600CE,GOLD,26FEB2027,16860000.000000,1,OPTFUT,NCO,50.000000,10,False
125489,SILVERM27JAN273750CE,SILVERM,21JAN2027,27375000.000000,1,OPTFUT,NCO,50.000000,120,False
125490,SILVERM27JAN273750PE,SILVERM,21JAN2027,27375000.000000,1,OPTFUT,NCO,50.000000,120,False
125522,SILVERM27MAR251750PE,SILVERM,24MAR2027,25175000.000000,1,OPTFUT,NCO,50.000000,120,False
125525,SILVERM27MAR252250CE,SILVERM,24MAR2027,25225000.000000,1,OPTFUT,NCO,50.000000,120,False
130711,GOLD27FEB168700CE,GOLD,26FEB2027,16870000.000000,1,OPTFUT,NCO,50.000000,10,False
130718,NATURALGAS26OCT345PE,NATURALGAS,21OCT2026,34500.000000,1,OPTFUT,NCO,5.000000,48,False
130725,SILVERM27MAR271000PE,SILVERM,24MAR2027,27100000.000000,1,OPTFUT,NCO,50.000000,120,False
130746,GOLD27APR170000CE,GOLD,28APR2027,17000000.000000,1,OPTFUT,NCO,50.000000,10,False
125527,SILVERM27MAR252500CE,SILVERM,24MAR2027,25250000.000000,1,OPTFUT,NCO,50.000000,120,False
125531,GOLD26NOV133100PE,GOLD,27NOV2026,13310000.000000,1,OPTFUT,NCO,50.000000,10,False
125533,GOLD26NOV133200PE,GOLD,27NOV2026,13320000.000000,1,OPTFUT,NCO,50.000000,10,False
125535,GOLDM26OCT148300CE,GOLDM,29OCT2026,14830000.000000,1,OPTFUT,NCO,50.000000,100,False
130752,GOLD27APR170300CE,GOLD,28APR2027,17030000.000000,1,OPTFUT,NCO,50.000000,10,False
130759,GOLD27APR170600PE,GOLD,28APR2027,17060000.000000,1,OPTFUT,NCO,50.000000,10,False
130767,GOLD27APR171000PE,GOLD,28APR2027,17100000.000000,1,OPTFUT,NCO,50.000000,10,False
130771,GOLD27APR171200PE,GOLD,28APR2027,17120000.000000,1,OPTFUT,NCO,50.000000,10,False
125555,GOLDM26NOV156700PE,GOLDM,27NOV2026,15670000.000000,1,OPTFUT,NCO,50.000000,100,False
125562,SILVERM27MAY267000PE,SILVERM,24MAY2027,26700000.000000,1,OPTFUT,NCO,50.000000,120,False
125568,SILVERM27MAY267250PE,SILVERM,24MAY2027,26725000.000000,1,OPTFUT,NCO,50.000000,120,False
125588,GOLDM26OCT148600PE,GOLDM,29OCT2026,14860000.000000,1,OPTFUT,NCO,50.000000,100,False
130777,SILVERM27MAY263000CE,SILVERM,24MAY2027,26300000.000000,1,OPTFUT,NCO,50.000000,120,False
130785,GOLD27FEB169300PE,GOLD,26FEB2027,16930000.000000,1,OPTFUT,NCO,50.000000,10,False
130788,GOLD27FEB169500CE,GOLD,26FEB2027,16950000.000000,1,OPTFUT,NCO,50.000000,10,False
130808,COPPER26SEP1275CE,COPPER,23SEP2026,127500.000000,1,OPTFUT,NCO,1.000000,70,False
130817,SILVERM26SEP145250PE,SILVERM,23SEP2026,14525000.000000,1,OPTFUT,NCO,50.000000,120,False
130824,SILVERM27MAY263750PE,SILVERM,24MAY2027,26375000.000000,1,OPTFUT,NCO,50.000000,120,False
130833,SILVERM27MAY265000CE,SILVERM,24MAY2027,26500000.000000,1,OPTFUT,NCO,50.000000,120,False
130851,GOLD27MAR144400PE,GOLD,29MAR2027,14440000.000000,1,OPTFUT,NCO,50.000000,10,False
125589,GOLDM26OCT148700CE,GOLDM,29OCT2026,14870000.000000,1,OPTFUT,NCO,50.000000,100,False
125603,GOLDM26NOV157600CE,GOLDM,27NOV2026,15760000.000000,1,OPTFUT,NCO,50.000000,100,False
125610,CRUDEOIL26NOV11350PE,CRUDEOIL,10NOV2026,1135000.000000,1,OPTFUT,NCO,10.000000,100,False
125616,SILVERM27MAY277500CE,SILVERM,24MAY2027,27750000.000000,1,OPTFUT,NCO,50.000000,120,False
125630,GOLD27AUG159200CE,GOLD,27AUG2027,15920000.000000,1,OPTFUT,NCO,50.000000,10,False
125635,GOLD27AUG159400PE,GOLD,27AUG2027,15940000.000000,1,OPTFUT,NCO,50.000000,10,False
125678,SILVERM27JAN280000CE,SILVERM,21JAN2027,28000000.000000,1,OPTFUT,NCO,50.000000,120,False
125679,SILVERM27JAN280000PE,SILVERM,21JAN2027,28000000.000000,1,OPTFUT,NCO,50.000000,120,False
130861,GOLD27MAR144900PE,GOLD,29MAR2027,14490000.000000,1,OPTFUT,NCO,50.000000,10,False
130868,GOLD27MAR145300CE,GOLD,29MAR2027,14530000.000000,1,OPTFUT,NCO,50.000000,10,False
130878,GOLDM26SEP154400CE,GOLDM,25SEP2026,15440000.000000,1,OPTFUT,NCO,50.000000,100,False
130883,GOLDM26SEP154600PE,GOLDM,25SEP2026,15460000.000000,1,OPTFUT,NCO,50.000000,100,False
125681,SILVERM27JAN280250PE,SILVERM,21JAN2027,28025000.000000,1,OPTFUT,NCO,50.000000,120,False
125685,SILVERM27JAN280750PE,SILVERM,21JAN2027,28075000.000000,1,OPTFUT,NCO,50.000000,120,False
125694,SILVERM27JAN282000CE,SILVERM,21JAN2027,28200000.000000,1,OPTFUT,NCO,50.000000,120,False
125698,SILVERM27JAN282250CE,SILVERM,21JAN2027,28225000.000000,1,OPTFUT,NCO,50.000000,120,False
130886,GOLDM26SEP154800CE,GOLDM,25SEP2026,15480000.000000,1,OPTFUT,NCO,50.000000,100,False
130904,GOLD27JUN151000CE,GOLD,28JUN2027,15100000.000000,1,OPTFUT,NCO,50.000000,10,False
130918,GOLD26DEC142200CE,GOLD,29DEC2026,14220000.000000,1,OPTFUT,NCO,50.000000,10,False
130920,GOLD26DEC142300CE,GOLD,29DEC2026,14230000.000000,1,OPTFUT,NCO,50.000000,10,False
125708,SILVERM27JAN283250PE,SILVERM,21JAN2027,28325000.000000,1,OPTFUT,NCO,50.000000,120,False
125711,SILVERM27JAN283750CE,SILVERM,21JAN2027,28375000.000000,1,OPTFUT,NCO,50.000000,120,False
125716,SILVERM27JAN284250PE,SILVERM,21JAN2027,28425000.000000,1,OPTFUT,NCO,50.000000,120,False
125728,SILVERM27JAN285250CE,SILVERM,21JAN2027,28525000.000000,1,OPTFUT,NCO,50.000000,120,False
130932,SILVERM27JAN336500PE,SILVERM,21JAN2027,33650000.000000,1,OPTFUT,NCO,50.000000,120,False
130948,SILVERM27JAN338500PE,SILVERM,21JAN2027,33850000.000000,1,OPTFUT,NCO,50.000000,120,False
130953,SILVERM27JAN339250CE,SILVERM,21JAN2027,33925000.000000,1,OPTFUT,NCO,50.000000,120,False
130957,SILVERM27JAN339750CE,SILVERM,21JAN2027,33975000.000000,1,OPTFUT,NCO,50.000000,120,False
125736,SILVERM27JAN286000PE,SILVERM,21JAN2027,28600000.000000,1,OPTFUT,NCO,50.000000,120,False
125747,SILVERM27JAN287500CE,SILVERM,21JAN2027,28750000.000000,1,OPTFUT,NCO,50.000000,120,False
125748,SILVERM27JAN287500PE,SILVERM,21JAN2027,28750000.000000,1,OPTFUT,NCO,50.000000,120,False
125777,SILVER26DEC214250PE,SILVER,01DEC2026,21425000.000000,1,OPTBLN,NCO,50.000000,20,False
130960,GOLD27FEB169600CE,GOLD,26FEB2027,16960000.000000,1,OPTFUT,NCO,50.000000,10,False
130972,GOLD27FEB170200CE,GOLD,26FEB2027,17020000.000000,1,OPTFUT,NCO,50.000000,10,False
130973,GOLD27FEB170200PE,GOLD,26FEB2027,17020000.000000,1,OPTFUT,NCO,50.000000,10,False
130975,GOLD27FEB170300PE,GOLD,26FEB2027,17030000.000000,1,OPTFUT,NCO,50.000000,10,False
125800,SILVERM27JUL239000CE,SILVERM,23JUL2027,23900000.000000,1,OPTFUT,NCO,50.000000,120,False
125825,SILVER27MAR258250PE,SILVER,02MAR2027,25825000.000000,1,OPTBLN,NCO,50.000000,20,False
125859,SILVERM27JAN291250PE,SILVERM,21JAN2027,29125000.000000,1,OPTFUT,NCO,50.000000,120,False
125871,SILVERM27JAN291750CE,SILVERM,21JAN2027,29175000.000000,1,OPTFUT,NCO,50.000000,120,False
131000,GOLD27MAR151500PE,GOLD,29MAR2027,15150000.000000,1,OPTFUT,NCO,50.000000,10,False
131007,GOLD27MAR151900CE,GOLD,29MAR2027,15190000.000000,1,OPTFUT,NCO,50.000000,10,False
131028,SILVERM27MAR221750PE,SILVERM,24MAR2027,22175000.000000,1,OPTFUT,NCO,50.000000,120,False
131050,GOLDM26SEP144100PE,GOLDM,25SEP2026,14410000.000000,1,OPTFUT,NCO,50.000000,100,False
131055,GOLDM26SEP144400CE,GOLDM,25SEP2026,14440000.000000,1,OPTFUT,NCO,50.000000,100,False
131056,GOLDM26SEP144400PE,GOLDM,25SEP2026,14440000.000000,1,OPTFUT,NCO,50.000000,100,False
131061,SILVER26DEC197750CE,SILVER,01DEC2026,19775000.000000,1,OPTBLN,NCO,50.000000,20,False
131069,SILVERM27MAY266750PE,SILVERM,24MAY2027,26675000.000000,1,OPTFUT,NCO,50.000000,120,False
125883,ZINC26DEC422.5CE,ZINC,23DEC2026,42250.000000,1,OPTFUT,NCO,1.000000,20,False
125884,COPPER26OCT1450CE,COPPER,23OCT2026,145000.000000,1,OPTFUT,NCO,1.000000,70,False
125896,ZINC26NOV457.5CE,ZINC,23NOV2026,45750.000000,1,OPTFUT,NCO,1.000000,20,False
125917,SILVER27MAR259750CE,SILVER,02MAR2027,25975000.000000,1,OPTBLN,NCO,50.000000,20,False
131077,GOLD27MAR152200PE,GOLD,29MAR2027,15220000.000000,1,OPTFUT,NCO,50.000000,10,False
131081,GOLD27MAR152400PE,GOLD,29MAR2027,15240000.000000,1,OPTFUT,NCO,50.000000,10,False
131106,GOLD27JUN148300PE,GOLD,28JUN2027,14830000.000000,1,OPTFUT,NCO,50.000000,10,False
131116,GOLD27JUN148800PE,GOLD,28JUN2027,14880000.000000,1,OPTFUT,NCO,50.000000,10,False
125929,COPPER26NOV1455PE,COPPER,23NOV2026,145500.000000,1,OPTFUT,NCO,1.000000,70,False
125943,SILVERM27JAN294000CE,SILVERM,21JAN2027,29400000.000000,1,OPTFUT,NCO,50.000000,120,False
125972,GOLD27JUN157900PE,GOLD,28JUN2027,15790000.000000,1,OPTFUT,NCO,50.000000,10,False
125983,GOLD27JUN158100CE,GOLD,28JUN2027,15810000.000000,1,OPTFUT,NCO,50.000000,10,False
131123,GOLD27JUN149200CE,GOLD,28JUN2027,14920000.000000,1,OPTFUT,NCO,50.000000,10,False
131124,GOLD27JUN149200PE,GOLD,28JUN2027,14920000.000000,1,OPTFUT,NCO,50.000000,10,False
131133,GOLD27JUN149700CE,GOLD,28JUN2027,14970000.000000,1,OPTFUT,NCO,50.000000,10,False
131138,GOLDM26SEP155200CE,GOLDM,25SEP2026,15520000.000000,1,OPTFUT,NCO,50.000000,100,False
131139,GOLDM26SEP155200PE,GOLDM,25SEP2026,15520000.000000,1,OPTFUT,NCO,50.000000,100,False
131155,GOLDM26OCT155300PE,GOLDM,29OCT2026,15530000.000000,1,OPTFUT,NCO,50.000000,100,False
131156,GOLDM26OCT155400CE,GOLDM,29OCT2026,15540000.000000,1,OPTFUT,NCO,50.000000,100,False
131170,GOLDM26OCT156100CE,GOLDM,29OCT2026,15610000.000000,1,OPTFUT,NCO,50.000000,100,False
126012,GOLD27JAN172600CE,GOLD,29JAN2027,17260000.000000,1,OPTFUT,NCO,50.000000,10,False
126058,GOLD27JUN158800CE,GOLD,28JUN2027,15880000.000000,1,OPTFUT,NCO,50.000000,10,False
126061,GOLD27JAN173300CE,GOLD,29JAN2027,17330000.000000,1,OPTFUT,NCO,50.000000,10,False
126063,GOLD27JAN173400CE,GOLD,29JAN2027,17340000.000000,1,OPTFUT,NCO,50.000000,10,False
131213,SILVERM26SEP146750PE,SILVERM,23SEP2026,14675000.000000,1,OPTFUT,NCO,50.000000,120,False
131221,SILVERM26SEP147750PE,SILVERM,23SEP2026,14775000.000000,1,OPTFUT,NCO,50.000000,120,False
131236,SILVERM26SEP149750CE,SILVERM,23SEP2026,14975000.000000,1,OPTFUT,NCO,50.000000,120,False
131244,GOLDM26OCT156300CE,GOLDM,29OCT2026,15630000.000000,1,OPTFUT,NCO,50.000000,100,False
126083,ZINC26DEC447.5CE,ZINC,23DEC2026,44750.000000,1,OPTFUT,NCO,1.000000,20,False
126088,SILVER26DEC216500PE,SILVER,01DEC2026,21650000.000000,1,OPTBLN,NCO,50.000000,20,False
126102,SILVER26DEC216750PE,SILVER,01DEC2026,21675000.000000,1,OPTBLN,NCO,50.000000,20,False
126120,SILVER26DEC217250CE,SILVER,01DEC2026,21725000.000000,1,OPTBLN,NCO,50.000000,20,False
131247,GOLDM26OCT156400PE,GOLDM,29OCT2026,15640000.000000,1,OPTFUT,NCO,50.000000,100,False
131281,SILVERM26SEP200750PE,SILVERM,23SEP2026,20075000.000000,1,OPTFUT,NCO,50.000000,120,False
131290,SILVERM26SEP202000CE,SILVERM,23SEP2026,20200000.000000,1,OPTFUT,NCO,50.000000,120,False
131295,SILVERM26SEP202500PE,SILVERM,23SEP2026,20250000.000000,1,OPTFUT,NCO,50.000000,120,False
126146,GOLD27JAN174400CE,GOLD,29JAN2027,17440000.000000,1,OPTFUT,NCO,50.000000,10,False
126148,GOLD27JAN174500CE,GOLD,29JAN2027,17450000.000000,1,OPTFUT,NCO,50.000000,10,False
126149,GOLD27JAN174500PE,GOLD,29JAN2027,17450000.000000,1,OPTFUT,NCO,50.000000,10,False
126150,GOLD27JAN174600CE,GOLD,29JAN2027,17460000.000000,1,OPTFUT,NCO,50.000000,10,False
131306,SILVERM26SEP204000CE,SILVERM,23SEP2026,20400000.000000,1,OPTFUT,NCO,50.000000,120,False
131307,SILVERM26SEP204000PE,SILVERM,23SEP2026,20400000.000000,1,OPTFUT,NCO,50.000000,120,False
131359,SILVERM27MAR222500CE,SILVERM,24MAR2027,22250000.000000,1,OPTFUT,NCO,50.000000,120,False
131363,GOLDM26SEP141900CE,GOLDM,25SEP2026,14190000.000000,1,OPTFUT,NCO,50.000000,100,False
126154,GOLD27JAN174800CE,GOLD,29JAN2027,17480000.000000,1,OPTFUT,NCO,50.000000,10,False
126168,GOLD27JAN175300CE,GOLD,29JAN2027,17530000.000000,1,OPTFUT,NCO,50.000000,10,False
126175,GOLD27JAN175600PE,GOLD,29JAN2027,17560000.000000,1,OPTFUT,NCO,50.000000,10,False
126185,SILVERM26NOV337250PE,SILVERM,23NOV2026,33725000.000000,1,OPTFUT,NCO,50.000000,120,False
131364,GOLDM26SEP141900PE,GOLDM,25SEP2026,14190000.000000,1,OPTFUT,NCO,50.000000,100,False
131372,GOLD27APR153000CE,GOLD,28APR2027,15300000.000000,1,OPTFUT,NCO,50.000000,10,False
131376,GOLD27APR153200CE,GOLD,28APR2027,15320000.000000,1,OPTFUT,NCO,50.000000,10,False
131387,SILVERM27JUL252750CE,SILVERM,23JUL2027,25275000.000000,1,OPTFUT,NCO,50.000000,120,False
126189,SILVER26DEC217500CE,SILVER,01DEC2026,21750000.000000,1,OPTBLN,NCO,50.000000,20,False
126192,SILVER26DEC217500PE,SILVER,01DEC2026,21750000.000000,1,OPTBLN,NCO,50.000000,20,False
126206,GOLD27JUL156500CE,GOLD,29JUL2027,15650000.000000,1,OPTFUT,NCO,50.000000,10,False
126235,GOLD27JUL157100PE,GOLD,29JUL2027,15710000.000000,1,OPTFUT,NCO,50.000000,10,False
131410,SILVERM26SEP151500CE,SILVERM,23SEP2026,15150000.000000,1,OPTFUT,NCO,50.000000,120,False
131414,SILVERM26SEP152000CE,SILVERM,23SEP2026,15200000.000000,1,OPTFUT,NCO,50.000000,120,False
131416,SILVERM26SEP152250CE,SILVERM,23SEP2026,15225000.000000,1,OPTFUT,NCO,50.000000,120,False
131419,SILVERM26SEP152500PE,SILVERM,23SEP2026,15250000.000000,1,OPTFUT,NCO,50.000000,120,False
126252,SILVERM26NOV338750CE,SILVERM,23NOV2026,33875000.000000,1,OPTFUT,NCO,50.000000,120,False
126271,SILVERM27MAR257750PE,SILVERM,24MAR2027,25775000.000000,1,OPTFUT,NCO,50.000000,120,False
126287,GOLD27JAN176800CE,GOLD,29JAN2027,17680000.000000,1,OPTFUT,NCO,50.000000,10,False
126302,SILVERM27MAR260000CE,SILVERM,24MAR2027,26000000.000000,1,OPTFUT,NCO,50.000000,120,False
131431,SILVERM26SEP154000PE,SILVERM,23SEP2026,15400000.000000,1,OPTFUT,NCO,50.000000,120,False
131438,SILVERM26OCT204250CE,SILVERM,23OCT2026,20425000.000000,1,OPTFUT,NCO,50.000000,120,False
131453,SILVERM26NOV203250PE,SILVERM,23NOV2026,20325000.000000,1,OPTFUT,NCO,50.000000,120,False
131479,GOLD27FEB171900CE,GOLD,26FEB2027,17190000.000000,1,OPTFUT,NCO,50.000000,10,False
126316,GOLD27APR159500CE,GOLD,28APR2027,15950000.000000,1,OPTFUT,NCO,50.000000,10,False
126335,GOLD27JAN178000CE,GOLD,29JAN2027,17800000.000000,1,OPTFUT,NCO,50.000000,10,False
126340,GOLD27APR159600PE,GOLD,28APR2027,15960000.000000,1,OPTFUT,NCO,50.000000,10,False
126343,SILVERM27MAR261000CE,SILVERM,24MAR2027,26100000.000000,1,OPTFUT,NCO,50.000000,120,False
131490,GOLD26DEC142700CE,GOLD,29DEC2026,14270000.000000,1,OPTFUT,NCO,50.000000,10,False
131504,GOLD26DEC143400CE,GOLD,29DEC2026,14340000.000000,1,OPTFUT,NCO,50.000000,10,False
131509,GOLD26DEC143600PE,GOLD,29DEC2026,14360000.000000,1,OPTFUT,NCO,50.000000,10,False
131513,GOLD26DEC143800PE,GOLD,29DEC2026,14380000.000000,1,OPTFUT,NCO,50.000000,10,False
126347,GOLD27APR159900PE,GOLD,28APR2027,15990000.000000,1,OPTFUT,NCO,50.000000,10,False
126359,SILVERM27MAY269000PE,SILVERM,24MAY2027,26900000.000000,1,OPTFUT,NCO,50.000000,120,False
126369,SILVER26DEC218250PE,SILVER,01DEC2026,21825000.000000,1,OPTBLN,NCO,50.000000,20,False
126385,GOLD27JUL157700CE,GOLD,29JUL2027,15770000.000000,1,OPTFUT,NCO,50.000000,10,False
131514,GOLD26DEC143900CE,GOLD,29DEC2026,14390000.000000,1,OPTFUT,NCO,50.000000,10,False
131518,SILVERM27JAN340250PE,SILVERM,21JAN2027,34025000.000000,1,OPTFUT,NCO,50.000000,120,False
131524,SILVERM27JAN341000PE,SILVERM,21JAN2027,34100000.000000,1,OPTFUT,NCO,50.000000,120,False
131529,SILVERM27JAN341750CE,SILVERM,21JAN2027,34175000.000000,1,OPTFUT,NCO,50.000000,120,False
126388,ZINC26DEC450PE,ZINC,23DEC2026,45000.000000,1,OPTFUT,NCO,1.000000,20,False
126394,SILVER27MAR209500CE,SILVER,02MAR2027,20950000.000000,1,OPTBLN,NCO,50.000000,20,False
126398,GOLD27APR160800CE,GOLD,28APR2027,16080000.000000,1,OPTFUT,NCO,50.000000,10,False
126404,GOLD27APR161100CE,GOLD,28APR2027,16110000.000000,1,OPTFUT,NCO,50.000000,10,False
131532,SILVERM27JAN342000PE,SILVERM,21JAN2027,34200000.000000,1,OPTFUT,NCO,50.000000,120,False
131543,GOLD27FEB172300CE,GOLD,26FEB2027,17230000.000000,1,OPTFUT,NCO,50.000000,10,False
131548,GOLD27FEB172500PE,GOLD,26FEB2027,17250000.000000,1,OPTFUT,NCO,50.000000,10,False
131556,GOLD27FEB172900PE,GOLD,26FEB2027,17290000.000000,1,OPTFUT,NCO,50.000000,10,False
126405,GOLD27APR161100PE,GOLD,28APR2027,16110000.000000,1,OPTFUT,NCO,50.000000,10,False
126425,GOLD27JAN178100CE,GOLD,29JAN2027,17810000.000000,1,OPTFUT,NCO,50.000000,10,False
126455,GOLD27JAN178900CE,GOLD,29JAN2027,17890000.000000,1,OPTFUT,NCO,50.000000,10,False
126459,GOLD27JAN179100CE,GOLD,29JAN2027,17910000.000000,1,OPTFUT,NCO,50.000000,10,False
131558,GOLD27FEB173000PE,GOLD,26FEB2027,17300000.000000,1,OPTFUT,NCO,50.000000,10,False
131569,GOLD27FEB173600CE,GOLD,26FEB2027,17360000.000000,1,OPTFUT,NCO,50.000000,10,False
131570,GOLD27FEB173600PE,GOLD,26FEB2027,17360000.000000,1,OPTFUT,NCO,50.000000,10,False
131576,SILVERM27APR223500PE,SILVERM,23APR2027,22350000.000000,1,OPTFUT,NCO,50.000000,120,False
126462,GOLD27JAN179200PE,GOLD,29JAN2027,17920000.000000,1,OPTFUT,NCO,50.000000,10,False
126465,SILVER27MAR210750PE,SILVER,02MAR2027,21075000.000000,1,OPTBLN,NCO,50.000000,20,False
126485,SILVERM27MAY279500CE,SILVERM,24MAY2027,27950000.000000,1,OPTFUT,NCO,50.000000,120,False
126490,SILVER27MAR212750CE,SILVER,02MAR2027,21275000.000000,1,OPTBLN,NCO,50.000000,20,False
131586,SILVERM27MAY224750PE,SILVERM,24MAY2027,22475000.000000,1,OPTFUT,NCO,50.000000,120,False
131594,SILVERM27JUN225500PE,SILVERM,23JUN2027,22550000.000000,1,OPTFUT,NCO,50.000000,120,False
131612,GOLDM26SEP142900PE,GOLDM,25SEP2026,14290000.000000,1,OPTFUT,NCO,50.000000,100,False
131613,GOLDM26SEP143000CE,GOLDM,25SEP2026,14300000.000000,1,OPTFUT,NCO,50.000000,100,False
126495,SILVERM27MAY279750CE,SILVERM,24MAY2027,27975000.000000,1,OPTFUT,NCO,50.000000,120,False
126508,SILVER27MAR213250PE,SILVER,02MAR2027,21325000.000000,1,OPTBLN,NCO,50.000000,20,False
126511,SILVER27MAR213750CE,SILVER,02MAR2027,21375000.000000,1,OPTBLN,NCO,50.000000,20,False
126527,GOLD26OCT130700CE,GOLD,29OCT2026,13070000.000000,1,OPTFUT,NCO,50.000000,10,False
131617,SILVERM27JUN229500CE,SILVERM,23JUN2027,22950000.000000,1,OPTFUT,NCO,50.000000,120,False
131619,SILVERM27JUN229750CE,SILVERM,23JUN2027,22975000.000000,1,OPTFUT,NCO,50.000000,120,False
131621,SILVERM27JUN230000CE,SILVERM,23JUN2027,23000000.000000,1,OPTFUT,NCO,50.000000,120,False
131648,GOLD27MAY153900CE,GOLD,28MAY2027,15390000.000000,1,OPTFUT,NCO,50.000000,10,False
126549,GOLD27JUL158500PE,GOLD,29JUL2027,15850000.000000,1,OPTFUT,NCO,50.000000,10,False
126555,GOLD27JUL158800PE,GOLD,29JUL2027,15880000.000000,1,OPTFUT,NCO,50.000000,10,False
126566,SILVERM27MAY282750PE,SILVERM,24MAY2027,28275000.000000,1,OPTFUT,NCO,50.000000,120,False
126574,SILVER27MAR214000PE,SILVER,02MAR2027,21400000.000000,1,OPTBLN,NCO,50.000000,20,False
131662,NATURALGAS26SEP215PE,NATURALGAS,21SEP2026,21500.000000,1,OPTFUT,NCO,5.000000,48,False
131677,SILVERM27JUN227500CE,SILVERM,23JUN2027,22750000.000000,1,OPTFUT,NCO,50.000000,120,False
131682,SILVERM27JUN228000PE,SILVERM,23JUN2027,22800000.000000,1,OPTFUT,NCO,50.000000,120,False
131698,SILVER26DEC259750PE,SILVER,01DEC2026,25975000.000000,1,OPTBLN,NCO,50.000000,20,False
131742,SILVERM26SEP155000CE,SILVERM,23SEP2026,15500000.000000,1,OPTFUT,NCO,50.000000,120,False
131777,GOLD27MAY154700PE,GOLD,28MAY2027,15470000.000000,1,OPTFUT,NCO,50.000000,10,False
131787,GOLD27MAY155200PE,GOLD,28MAY2027,15520000.000000,1,OPTFUT,NCO,50.000000,10,False
131797,GOLD27MAY155700PE,GOLD,28MAY2027,15570000.000000,1,OPTFUT,NCO,50.000000,10,False
126576,SILVER27MAR214250PE,SILVER,02MAR2027,21425000.000000,1,OPTBLN,NCO,50.000000,20,False
126581,GOLD26OCT130900PE,GOLD,29OCT2026,13090000.000000,1,OPTFUT,NCO,50.000000,10,False
126603,GOLD27JUL159300PE,GOLD,29JUL2027,15930000.000000,1,OPTFUT,NCO,50.000000,10,False
126612,SILVER27MAR215250PE,SILVER,02MAR2027,21525000.000000,1,OPTBLN,NCO,50.000000,20,False
126615,SILVER27MAR215750CE,SILVER,02MAR2027,21575000.000000,1,OPTBLN,NCO,50.000000,20,False
126630,SILVERM27JAN297250PE,SILVERM,21JAN2027,29725000.000000,1,OPTFUT,NCO,50.000000,120,False
126633,SILVERM27JAN297750CE,SILVERM,21JAN2027,29775000.000000,1,OPTFUT,NCO,50.000000,120,False
126644,GOLDM26SEP150900CE,GOLDM,25SEP2026,15090000.000000,1,OPTFUT,NCO,50.000000,100,False
131803,GOLD27JUN147300CE,GOLD,28JUN2027,14730000.000000,1,OPTFUT,NCO,50.000000,10,False
131823,GOLDM26SEP141000CE,GOLDM,25SEP2026,14100000.000000,1,OPTFUT,NCO,50.000000,100,False
131825,GOLDM26SEP141100CE,GOLDM,25SEP2026,14110000.000000,1,OPTFUT,NCO,50.000000,100,False
131829,GOLD27MAR146300CE,GOLD,29MAR2027,14630000.000000,1,OPTFUT,NCO,50.000000,10,False
126655,GOLDM26SEP151400PE,GOLDM,25SEP2026,15140000.000000,1,OPTFUT,NCO,50.000000,100,False
126698,GOLDM26OCT149700CE,GOLDM,29OCT2026,14970000.000000,1,OPTFUT,NCO,50.000000,100,False
126699,GOLDM26OCT149700PE,GOLDM,29OCT2026,14970000.000000,1,OPTFUT,NCO,50.000000,100,False
126704,SILVER26DEC219500PE,SILVER,01DEC2026,21950000.000000,1,OPTBLN,NCO,50.000000,20,False
131860,GOLD27MAY156100PE,GOLD,28MAY2027,15610000.000000,1,OPTFUT,NCO,50.000000,10,False
131876,GOLD27MAR146500PE,GOLD,29MAR2027,14650000.000000,1,OPTFUT,NCO,50.000000,10,False
131881,SILVER26DEC262500CE,SILVER,01DEC2026,26250000.000000,1,OPTBLN,NCO,50.000000,20,False
131882,SILVER26DEC262500PE,SILVER,01DEC2026,26250000.000000,1,OPTBLN,NCO,50.000000,20,False
131889,GOLD27MAR146700PE,GOLD,29MAR2027,14670000.000000,1,OPTFUT,NCO,50.000000,10,False
131892,GOLD27JUN163000PE,GOLD,28JUN2027,16300000.000000,1,OPTFUT,NCO,50.000000,10,False
131894,GOLD27JUN163100PE,GOLD,28JUN2027,16310000.000000,1,OPTFUT,NCO,50.000000,10,False
131900,GOLD27MAY156400CE,GOLD,28MAY2027,15640000.000000,1,OPTFUT,NCO,50.000000,10,False
126721,GOLDM26OCT150200CE,GOLDM,29OCT2026,15020000.000000,1,OPTFUT,NCO,50.000000,100,False
126724,GOLD26OCT131700CE,GOLD,29OCT2026,13170000.000000,1,OPTFUT,NCO,50.000000,10,False
126735,GOLDM26OCT150600CE,GOLDM,29OCT2026,15060000.000000,1,OPTFUT,NCO,50.000000,100,False
126741,GOLD26OCT132000PE,GOLD,29OCT2026,13200000.000000,1,OPTFUT,NCO,50.000000,10,False
126754,SILVERM27APR262000CE,SILVERM,23APR2027,26200000.000000,1,OPTFUT,NCO,50.000000,120,False
126764,SILVERM27APR263250CE,SILVERM,23APR2027,26325000.000000,1,OPTFUT,NCO,50.000000,120,False
126765,SILVERM27APR263250PE,SILVERM,23APR2027,26325000.000000,1,OPTFUT,NCO,50.000000,120,False
126778,SILVERM27APR265000CE,SILVERM,23APR2027,26500000.000000,1,OPTFUT,NCO,50.000000,120,False
131907,GOLD27MAY156700PE,GOLD,28MAY2027,15670000.000000,1,OPTFUT,NCO,50.000000,10,False
131917,SILVERM27JUN225000PE,SILVERM,23JUN2027,22500000.000000,1,OPTFUT,NCO,50.000000,120,False
131937,GOLD27APR145000CE,GOLD,28APR2027,14500000.000000,1,OPTFUT,NCO,50.000000,10,False
131942,GOLD27JUN163600CE,GOLD,28JUN2027,16360000.000000,1,OPTFUT,NCO,50.000000,10,False
131955,GOLD26DEC144600CE,GOLD,29DEC2026,14460000.000000,1,OPTFUT,NCO,50.000000,10,False
131964,GOLD27JUN163800CE,GOLD,28JUN2027,16380000.000000,1,OPTFUT,NCO,50.000000,10,False
131971,GOLD27JUN163900PE,GOLD,28JUN2027,16390000.000000,1,OPTFUT,NCO,50.000000,10,False
131974,GOLD27JUL163700CE,GOLD,29JUL2027,16370000.000000,1,OPTFUT,NCO,50.000000,10,False
126783,SILVERM27APR265500PE,SILVERM,23APR2027,26550000.000000,1,OPTFUT,NCO,50.000000,120,False
126812,GOLDM26OCT152100CE,GOLDM,29OCT2026,15210000.000000,1,OPTFUT,NCO,50.000000,100,False
126821,SILVERM27JAN299250CE,SILVERM,21JAN2027,29925000.000000,1,OPTFUT,NCO,50.000000,120,False
126830,SILVERM27APR266500PE,SILVERM,23APR2027,26650000.000000,1,OPTFUT,NCO,50.000000,120,False
131991,GOLD27JUL164100PE,GOLD,29JUL2027,16410000.000000,1,OPTFUT,NCO,50.000000,10,False
131996,GOLD27JUL164400CE,GOLD,29JUL2027,16440000.000000,1,OPTFUT,NCO,50.000000,10,False
132029,SILVERM27JAN345500PE,SILVERM,21JAN2027,34550000.000000,1,OPTFUT,NCO,50.000000,120,False
132034,GOLDM26SEP155800PE,GOLDM,25SEP2026,15580000.000000,1,OPTFUT,NCO,50.000000,100,False
126835,SILVERM27JAN300250PE,SILVERM,21JAN2027,30025000.000000,1,OPTFUT,NCO,50.000000,120,False
126838,SILVER27MAR217250CE,SILVER,02MAR2027,21725000.000000,1,OPTBLN,NCO,50.000000,20,False
126870,SILVERM26OCT165000CE,SILVERM,23OCT2026,16500000.000000,1,OPTFUT,NCO,50.000000,120,False
126886,SILVER27MAR219750CE,SILVER,02MAR2027,21975000.000000,1,OPTBLN,NCO,50.000000,20,False
132037,GOLDM26SEP156000CE,GOLDM,25SEP2026,15600000.000000,1,OPTFUT,NCO,50.000000,100,False
132040,GOLDM26SEP156100PE,GOLDM,25SEP2026,15610000.000000,1,OPTFUT,NCO,50.000000,100,False
132042,GOLDM26SEP156200PE,GOLDM,25SEP2026,15620000.000000,1,OPTFUT,NCO,50.000000,100,False
132049,GOLDM26SEP156600CE,GOLDM,25SEP2026,15660000.000000,1,OPTFUT,NCO,50.000000,100,False
126887,SILVER27MAR219750PE,SILVER,02MAR2027,21975000.000000,1,OPTBLN,NCO,50.000000,20,False
126968,SILVER27MAR223000CE,SILVER,02MAR2027,22300000.000000,1,OPTBLN,NCO,50.000000,20,False
126975,SILVERM27JAN303750CE,SILVERM,21JAN2027,30375000.000000,1,OPTFUT,NCO,50.000000,120,False
126983,SILVERM27JAN304000CE,SILVERM,21JAN2027,30400000.000000,1,OPTFUT,NCO,50.000000,120,False
132050,GOLDM26SEP156600PE,GOLDM,25SEP2026,15660000.000000,1,OPTFUT,NCO,50.000000,100,False
132068,GOLDM26SEP156700PE,GOLDM,25SEP2026,15670000.000000,1,OPTFUT,NCO,50.000000,100,False
132074,GOLDM26OCT156600PE,GOLDM,29OCT2026,15660000.000000,1,OPTFUT,NCO,50.000000,100,False
132081,GOLD27APR145200CE,GOLD,28APR2027,14520000.000000,1,OPTFUT,NCO,50.000000,10,False
126767,SILVERM27APR263500PE,SILVERM,23APR2027,26350000.000000,1,OPTFUT,NCO,50.000000,120,False
126771,SILVERM27APR264000PE,SILVERM,23APR2027,26400000.000000,1,OPTFUT,NCO,50.000000,120,False
126784,SILVERM27APR265750CE,SILVERM,23APR2027,26575000.000000,1,OPTFUT,NCO,50.000000,120,False
126785,SILVERM27APR265750PE,SILVERM,23APR2027,26575000.000000,1,OPTFUT,NCO,50.000000,120,False
132089,GOLDM26OCT157100CE,GOLDM,29OCT2026,15710000.000000,1,OPTFUT,NCO,50.000000,100,False
132093,GOLDM26OCT157300CE,GOLDM,29OCT2026,15730000.000000,1,OPTFUT,NCO,50.000000,100,False
132103,SILVERM27JUN255000CE,SILVERM,23JUN2027,25500000.000000,1,OPTFUT,NCO,50.000000,120,False
132109,SILVERM27JUN255750CE,SILVERM,23JUN2027,25575000.000000,1,OPTFUT,NCO,50.000000,120,False
126800,GOLDM26OCT151500CE,GOLDM,29OCT2026,15150000.000000,1,OPTFUT,NCO,50.000000,100,False
126789,SILVERM27MAR264750PE,SILVERM,24MAR2027,26475000.000000,1,OPTFUT,NCO,50.000000,120,False
126795,GOLDM26OCT151200PE,GOLDM,29OCT2026,15120000.000000,1,OPTFUT,NCO,50.000000,100,False
126798,GOLDM26OCT151400CE,GOLDM,29OCT2026,15140000.000000,1,OPTFUT,NCO,50.000000,100,False
132113,SILVERM27JUN256250CE,SILVERM,23JUN2027,25625000.000000,1,OPTFUT,NCO,50.000000,120,False
132119,SILVERM27JUN257000CE,SILVERM,23JUN2027,25700000.000000,1,OPTFUT,NCO,50.000000,120,False
132149,SILVERM27FEB276500CE,SILVERM,19FEB2027,27650000.000000,1,OPTFUT,NCO,50.000000,120,False
132169,GOLD27JUN146700CE,GOLD,28JUN2027,14670000.000000,1,OPTFUT,NCO,50.000000,10,False
126822,SILVERM27JAN299250PE,SILVERM,21JAN2027,29925000.000000,1,OPTFUT,NCO,50.000000,120,False
126826,SILVERM27JAN299750PE,SILVERM,21JAN2027,29975000.000000,1,OPTFUT,NCO,50.000000,120,False
126833,SILVERM27JAN300000PE,SILVERM,21JAN2027,30000000.000000,1,OPTFUT,NCO,50.000000,120,False
126845,SILVER27MAR218000PE,SILVER,02MAR2027,21800000.000000,1,OPTBLN,NCO,50.000000,20,False
132172,GOLD27JUN146800PE,GOLD,28JUN2027,14680000.000000,1,OPTFUT,NCO,50.000000,10,False
132189,SILVERM27JUL257250PE,SILVERM,23JUL2027,25725000.000000,1,OPTFUT,NCO,50.000000,120,False
132251,GOLD27APR146200CE,GOLD,28APR2027,14620000.000000,1,OPTFUT,NCO,50.000000,10,False
132255,GOLD27APR146400CE,GOLD,28APR2027,14640000.000000,1,OPTFUT,NCO,50.000000,10,False
132266,GOLD27JUN164100CE,GOLD,28JUN2027,16410000.000000,1,OPTFUT,NCO,50.000000,10,False
132278,GOLD27JUL165000CE,GOLD,29JUL2027,16500000.000000,1,OPTFUT,NCO,50.000000,10,False
132282,GOLD27JUL165200CE,GOLD,29JUL2027,16520000.000000,1,OPTFUT,NCO,50.000000,10,False
132319,GOLDM26SEP157100PE,GOLDM,25SEP2026,15710000.000000,1,OPTFUT,NCO,50.000000,100,False
126847,SILVERM27JAN300500PE,SILVERM,21JAN2027,30050000.000000,1,OPTFUT,NCO,50.000000,120,False
126862,SILVERM27JAN302500CE,SILVERM,21JAN2027,30250000.000000,1,OPTFUT,NCO,50.000000,120,False
126864,SILVERM27JAN302750CE,SILVERM,21JAN2027,30275000.000000,1,OPTFUT,NCO,50.000000,120,False
126872,SILVERM26OCT165250CE,SILVERM,23OCT2026,16525000.000000,1,OPTFUT,NCO,50.000000,120,False
132343,SILVERM27FEB277500CE,SILVERM,19FEB2027,27750000.000000,1,OPTFUT,NCO,50.000000,120,False
132349,SILVERM27FEB278250CE,SILVERM,19FEB2027,27825000.000000,1,OPTFUT,NCO,50.000000,120,False
132355,GOLDM26SEP140400PE,GOLDM,25SEP2026,14040000.000000,1,OPTFUT,NCO,50.000000,100,False
132356,GOLDM26SEP140500CE,GOLDM,25SEP2026,14050000.000000,1,OPTFUT,NCO,50.000000,100,False
126882,SILVER27MAR219250CE,SILVER,02MAR2027,21925000.000000,1,OPTBLN,NCO,50.000000,20,False
126934,SILVERM26DEC245000PE,SILVERM,23DEC2026,24500000.000000,1,OPTFUT,NCO,50.000000,120,False
126944,SILVER27MAR221250CE,SILVER,02MAR2027,22125000.000000,1,OPTBLN,NCO,50.000000,20,False
126945,SILVER27MAR221250PE,SILVER,02MAR2027,22125000.000000,1,OPTBLN,NCO,50.000000,20,False
132363,SILVERM27MAR219500PE,SILVERM,24MAR2027,21950000.000000,1,OPTFUT,NCO,50.000000,120,False
132405,GOLD26SEP140800PE,GOLD,25SEP2026,14080000.000000,1,OPTFUT,NCO,50.000000,10,False
132411,GOLD26OCT138800PE,GOLD,29OCT2026,13880000.000000,1,OPTFUT,NCO,50.000000,10,False
132414,GOLD26OCT139000CE,GOLD,29OCT2026,13900000.000000,1,OPTFUT,NCO,50.000000,10,False
126962,SILVER27MAR222250CE,SILVER,02MAR2027,22225000.000000,1,OPTBLN,NCO,50.000000,20,False
126977,SILVERM26DEC245750CE,SILVERM,23DEC2026,24575000.000000,1,OPTFUT,NCO,50.000000,120,False
126987,SILVERM26DEC246500CE,SILVERM,23DEC2026,24650000.000000,1,OPTFUT,NCO,50.000000,120,False
126992,SILVERM26DEC247000PE,SILVERM,23DEC2026,24700000.000000,1,OPTFUT,NCO,50.000000,120,False
132423,GOLD26DEC145300PE,GOLD,29DEC2026,14530000.000000,1,OPTFUT,NCO,50.000000,10,False
132433,GOLD26DEC145800PE,GOLD,29DEC2026,14580000.000000,1,OPTFUT,NCO,50.000000,10,False
132441,SILVERM27JAN346250CE,SILVERM,21JAN2027,34625000.000000,1,OPTFUT,NCO,50.000000,120,False
132446,SILVERM27JAN346750PE,SILVERM,21JAN2027,34675000.000000,1,OPTFUT,NCO,50.000000,120,False
127009,SILVERM26DEC248250CE,SILVERM,23DEC2026,24825000.000000,1,OPTFUT,NCO,50.000000,120,False
127013,ZINC26NOV460PE,ZINC,23NOV2026,46000.000000,1,OPTFUT,NCO,1.000000,20,False
127039,SILVER27MAR260000PE,SILVER,02MAR2027,26000000.000000,1,OPTBLN,NCO,50.000000,20,False
127022,SILVERM26DEC249250PE,SILVERM,23DEC2026,24925000.000000,1,OPTFUT,NCO,50.000000,120,False
132466,SILVERM27MAR220000PE,SILVERM,24MAR2027,22000000.000000,1,OPTFUT,NCO,50.000000,120,False
132495,SILVERM27APR222250CE,SILVERM,23APR2027,22225000.000000,1,OPTFUT,NCO,50.000000,120,False
132497,SILVERM27MAY221250CE,SILVERM,24MAY2027,22125000.000000,1,OPTFUT,NCO,50.000000,120,False
132504,SILVERM27MAY222000PE,SILVERM,24MAY2027,22200000.000000,1,OPTFUT,NCO,50.000000,120,False
127044,SILVER27MAR260750CE,SILVER,02MAR2027,26075000.000000,1,OPTBLN,NCO,50.000000,20,False
127045,SILVER27MAR260750PE,SILVER,02MAR2027,26075000.000000,1,OPTBLN,NCO,50.000000,20,False
127063,CRUDEOIL26OCT11950PE,CRUDEOIL,08OCT2026,1195000.000000,1,OPTFUT,NCO,10.000000,100,False
127065,CRUDEOIL26OCT12000PE,CRUDEOIL,08OCT2026,1200000.000000,1,OPTFUT,NCO,10.000000,100,False
132508,ZINC26OCT430PE,ZINC,23OCT2026,43000.000000,1,OPTFUT,NCO,1.000000,20,False
132521,COPPER26SEP1455CE,COPPER,23SEP2026,145500.000000,1,OPTFUT,NCO,1.000000,70,False
132526,COPPER26SEP1465PE,COPPER,23SEP2026,146500.000000,1,OPTFUT,NCO,1.000000,70,False
132558,SILVERM27MAY223500PE,SILVERM,24MAY2027,22350000.000000,1,OPTFUT,NCO,50.000000,120,False
127074,SILVER27MAR224250CE,SILVER,02MAR2027,22425000.000000,1,OPTBLN,NCO,50.000000,20,False
127082,SILVERM26DEC237250CE,SILVERM,23DEC2026,23725000.000000,1,OPTFUT,NCO,50.000000,120,False
127087,GOLDM26OCT152500PE,GOLDM,29OCT2026,15250000.000000,1,OPTFUT,NCO,50.000000,100,False
127089,SILVERM26DEC250250PE,SILVERM,23DEC2026,25025000.000000,1,OPTFUT,NCO,50.000000,120,False
132560,SILVERM27JUN222250PE,SILVERM,23JUN2027,22225000.000000,1,OPTFUT,NCO,50.000000,120,False
132561,SILVERM27JUN222500CE,SILVERM,23JUN2027,22250000.000000,1,OPTFUT,NCO,50.000000,120,False
132562,SILVERM27JUN222500PE,SILVERM,23JUN2027,22250000.000000,1,OPTFUT,NCO,50.000000,120,False
132567,SILVERM27JUN223250CE,SILVERM,23JUN2027,22325000.000000,1,OPTFUT,NCO,50.000000,120,False
127098,SILVERM26DEC251500CE,SILVERM,23DEC2026,25150000.000000,1,OPTFUT,NCO,50.000000,120,False
127105,SILVERM26DEC252250PE,SILVERM,23DEC2026,25225000.000000,1,OPTFUT,NCO,50.000000,120,False
127119,GOLDM26OCT152700PE,GOLDM,29OCT2026,15270000.000000,1,OPTFUT,NCO,50.000000,100,False
127130,SILVERM27MAR272500CE,SILVERM,24MAR2027,27250000.000000,1,OPTFUT,NCO,50.000000,120,False
132574,COPPER26SEP1475PE,COPPER,23SEP2026,147500.000000,1,OPTFUT,NCO,1.000000,70,False
132633,GOLD26OCT140100PE,GOLD,29OCT2026,14010000.000000,1,OPTFUT,NCO,50.000000,10,False
132636,GOLD26OCT140300CE,GOLD,29OCT2026,14030000.000000,1,OPTFUT,NCO,50.000000,10,False
132672,GOLD26NOV139200CE,GOLD,27NOV2026,13920000.000000,1,OPTFUT,NCO,50.000000,10,False
127148,CRUDEOIL26NOV11850CE,CRUDEOIL,10NOV2026,1185000.000000,1,OPTFUT,NCO,10.000000,100,False
127154,CRUDEOIL26NOV12000CE,CRUDEOIL,10NOV2026,1200000.000000,1,OPTFUT,NCO,10.000000,100,False
127165,SILVER27MAR226000CE,SILVER,02MAR2027,22600000.000000,1,OPTBLN,NCO,50.000000,20,False
127178,SILVERM27MAR273750CE,SILVERM,24MAR2027,27375000.000000,1,OPTFUT,NCO,50.000000,120,False
132684,GOLD26NOV139800CE,GOLD,27NOV2026,13980000.000000,1,OPTFUT,NCO,50.000000,10,False
132693,GOLD26NOV140200PE,GOLD,27NOV2026,14020000.000000,1,OPTFUT,NCO,50.000000,10,False
132696,GOLD26NOV140400CE,GOLD,27NOV2026,14040000.000000,1,OPTFUT,NCO,50.000000,10,False
132718,COPPER26NOV1485PE,COPPER,23NOV2026,148500.000000,1,OPTFUT,NCO,1.000000,70,False
127184,SILVERM27MAR274500CE,SILVERM,24MAR2027,27450000.000000,1,OPTFUT,NCO,50.000000,120,False
127185,SILVERM27MAR274500PE,SILVERM,24MAR2027,27450000.000000,1,OPTFUT,NCO,50.000000,120,False
127195,SILVERM27APR270750CE,SILVERM,23APR2027,27075000.000000,1,OPTFUT,NCO,50.000000,120,False
127206,SILVERM27MAY285000PE,SILVERM,24MAY2027,28500000.000000,1,OPTFUT,NCO,50.000000,120,False
132747,SILVERM27APR240750PE,SILVERM,23APR2027,24075000.000000,1,OPTFUT,NCO,50.000000,120,False
132750,SILVERM27APR241250CE,SILVERM,23APR2027,24125000.000000,1,OPTFUT,NCO,50.000000,120,False
132758,GOLD27APR147000PE,GOLD,28APR2027,14700000.000000,1,OPTFUT,NCO,50.000000,10,False
132759,CRUDEOIL26NOV5850CE,CRUDEOIL,10NOV2026,585000.000000,1,OPTFUT,NCO,10.000000,100,False
132766,CRUDEOIL26NOV6000PE,CRUDEOIL,10NOV2026,600000.000000,1,OPTFUT,NCO,10.000000,100,False
132792,GOLD26NOV141000CE,GOLD,27NOV2026,14100000.000000,1,OPTFUT,NCO,50.000000,10,False
132811,GOLD26NOV141700PE,GOLD,27NOV2026,14170000.000000,1,OPTFUT,NCO,50.000000,10,False
132813,GOLD26NOV141800PE,GOLD,27NOV2026,14180000.000000,1,OPTFUT,NCO,50.000000,10,False
127209,SILVERM27MAY285500CE,SILVERM,24MAY2027,28550000.000000,1,OPTFUT,NCO,50.000000,120,False
127212,SILVERM27FEB292250CE,SILVERM,19FEB2027,29225000.000000,1,OPTFUT,NCO,50.000000,120,False
127224,SILVERM27FEB293750CE,SILVERM,19FEB2027,29375000.000000,1,OPTFUT,NCO,50.000000,120,False
127236,CRUDEOIL26NOV12200PE,CRUDEOIL,10NOV2026,1220000.000000,1,OPTFUT,NCO,10.000000,100,False
132836,CRUDEOIL26OCT6050PE,CRUDEOIL,08OCT2026,605000.000000,1,OPTFUT,NCO,10.000000,100,False
132844,GOLD27FEBFUT,GOLD,05FEB2027,-1.000000,1,FUTBLN,NCO,100.000000,10,False
132857,CRUDEOIL26OCT6400PE,CRUDEOIL,08OCT2026,640000.000000,1,OPTFUT,NCO,10.000000,100,False
132871,GOLD27JAN159100CE,GOLD,29JAN2027,15910000.000000,1,OPTFUT,NCO,50.000000,10,False
127244,SILVERM27FEB295250PE,SILVERM,19FEB2027,29525000.000000,1,OPTFUT,NCO,50.000000,120,False
127247,SILVERM27FEB295750CE,SILVERM,19FEB2027,29575000.000000,1,OPTFUT,NCO,50.000000,120,False
127254,SILVERM27FEB296250PE,SILVERM,19FEB2027,29625000.000000,1,OPTFUT,NCO,50.000000,120,False
127288,SILVERM27APR272250PE,SILVERM,23APR2027,27225000.000000,1,OPTFUT,NCO,50.000000,120,False
132878,GOLD27JAN159400PE,GOLD,29JAN2027,15940000.000000,1,OPTFUT,NCO,50.000000,10,False
132918,CRUDEOIL26OCT7450CE,CRUDEOIL,08OCT2026,745000.000000,1,OPTFUT,NCO,10.000000,100,False
132920,CRUDEOIL26OCT7500CE,CRUDEOIL,08OCT2026,750000.000000,1,OPTFUT,NCO,10.000000,100,False
132926,CRUDEOIL26OCT7650CE,CRUDEOIL,08OCT2026,765000.000000,1,OPTFUT,NCO,10.000000,100,False
127316,SILVERM27FEB300000PE,SILVERM,19FEB2027,30000000.000000,1,OPTFUT,NCO,50.000000,120,False
127319,SILVERM27FEB300500CE,SILVERM,19FEB2027,30050000.000000,1,OPTFUT,NCO,50.000000,120,False
127323,SILVERM27FEB301000CE,SILVERM,19FEB2027,30100000.000000,1,OPTFUT,NCO,50.000000,120,False
127326,SILVERM27FEB301250PE,SILVERM,19FEB2027,30125000.000000,1,OPTFUT,NCO,50.000000,120,False
132937,CRUDEOIL26NOV6100PE,CRUDEOIL,10NOV2026,610000.000000,1,OPTFUT,NCO,10.000000,100,False
132954,CRUDEOIL26NOV6550CE,CRUDEOIL,10NOV2026,655000.000000,1,OPTFUT,NCO,10.000000,100,False
132958,SILVERM27APR242000PE,SILVERM,23APR2027,24200000.000000,1,OPTFUT,NCO,50.000000,120,False
132962,SILVERM27APR242500PE,SILVERM,23APR2027,24250000.000000,1,OPTFUT,NCO,50.000000,120,False
127336,GOLD27MAR152800CE,GOLD,29MAR2027,15280000.000000,1,OPTFUT,NCO,50.000000,10,False
127345,GOLD27MAR153200PE,GOLD,29MAR2027,15320000.000000,1,OPTFUT,NCO,50.000000,10,False
127355,SILVERM27APR273000CE,SILVERM,23APR2027,27300000.000000,1,OPTFUT,NCO,50.000000,120,False
127378,SILVERM27JUL245250PE,SILVERM,23JUL2027,24525000.000000,1,OPTFUT,NCO,50.000000,120,False
132979,CRUDEOIL26OCT7850PE,CRUDEOIL,08OCT2026,785000.000000,1,OPTFUT,NCO,10.000000,100,False
132981,CRUDEOIL26OCT7900PE,CRUDEOIL,08OCT2026,790000.000000,1,OPTFUT,NCO,10.000000,100,False
132991,CRUDEOIL26OCT8150PE,CRUDEOIL,08OCT2026,815000.000000,1,OPTFUT,NCO,10.000000,100,False
132995,CRUDEOIL26OCT8250PE,CRUDEOIL,08OCT2026,825000.000000,1,OPTFUT,NCO,10.000000,100,False
127405,GOLD27JUN159000CE,GOLD,28JUN2027,15900000.000000,1,OPTFUT,NCO,50.000000,10,False
127426,SILVERM27JAN306000PE,SILVERM,21JAN2027,30600000.000000,1,OPTFUT,NCO,50.000000,120,False
127460,GOLD27MAR154100CE,GOLD,29MAR2027,15410000.000000,1,OPTFUT,NCO,50.000000,10,False
127468,GOLD27MAR154500CE,GOLD,29MAR2027,15450000.000000,1,OPTFUT,NCO,50.000000,10,False
132998,CRUDEOIL26OCT8350CE,CRUDEOIL,08OCT2026,835000.000000,1,OPTFUT,NCO,10.000000,100,False
133012,CRUDEOIL26NOV6900CE,CRUDEOIL,10NOV2026,690000.000000,1,OPTFUT,NCO,10.000000,100,False
133050,CRUDEOIL26OCT8550CE,CRUDEOIL,08OCT2026,855000.000000,1,OPTFUT,NCO,10.000000,100,False
133073,GOLD27JAN160400CE,GOLD,29JAN2027,16040000.000000,1,OPTFUT,NCO,50.000000,10,False
127486,GOLD27MAR155400CE,GOLD,29MAR2027,15540000.000000,1,OPTFUT,NCO,50.000000,10,False
127491,GOLD27MAR155600PE,GOLD,29MAR2027,15560000.000000,1,OPTFUT,NCO,50.000000,10,False
127498,GOLD27MAR156000CE,GOLD,29MAR2027,15600000.000000,1,OPTFUT,NCO,50.000000,10,False
127500,GOLD27MAR156100CE,GOLD,29MAR2027,15610000.000000,1,OPTFUT,NCO,50.000000,10,False
133085,GOLD27JAN161000CE,GOLD,29JAN2027,16100000.000000,1,OPTFUT,NCO,50.000000,10,False
133136,GOLD27JAN162800PE,GOLD,29JAN2027,16280000.000000,1,OPTFUT,NCO,50.000000,10,False
133147,GOLD27JAN163400CE,GOLD,29JAN2027,16340000.000000,1,OPTFUT,NCO,50.000000,10,False
133148,CRUDEOIL26OCT8900PE,CRUDEOIL,08OCT2026,890000.000000,1,OPTFUT,NCO,10.000000,100,False
127506,GOLD27MAR156400CE,GOLD,29MAR2027,15640000.000000,1,OPTFUT,NCO,50.000000,10,False
127527,SILVERM27APR276250CE,SILVERM,23APR2027,27625000.000000,1,OPTFUT,NCO,50.000000,120,False
127532,ZINC26SEP367.5CE,ZINC,23SEP2026,36750.000000,1,OPTFUT,NCO,1.000000,20,False
127534,ZINC26SEP370CE,ZINC,23SEP2026,37000.000000,1,OPTFUT,NCO,1.000000,20,False
133156,CRUDEOIL26NOV7350CE,CRUDEOIL,10NOV2026,735000.000000,1,OPTFUT,NCO,10.000000,100,False
133161,CRUDEOIL26OCT9150CE,CRUDEOIL,08OCT2026,915000.000000,1,OPTFUT,NCO,10.000000,100,False
133174,CRUDEOIL26OCT9450PE,CRUDEOIL,08OCT2026,945000.000000,1,OPTFUT,NCO,10.000000,100,False
133197,CRUDEOIL26NOV7850CE,CRUDEOIL,10NOV2026,785000.000000,1,OPTFUT,NCO,10.000000,100,False
127541,SILVER27MAR227750CE,SILVER,02MAR2027,22775000.000000,1,OPTBLN,NCO,50.000000,20,False
127542,SILVER27MAR227750PE,SILVER,02MAR2027,22775000.000000,1,OPTBLN,NCO,50.000000,20,False
127545,SILVERM27MAR228500CE,SILVERM,24MAR2027,22850000.000000,1,OPTFUT,NCO,50.000000,120,False
127552,SILVERM27MAR229250PE,SILVERM,24MAR2027,22925000.000000,1,OPTFUT,NCO,50.000000,120,False
133203,CRUDEOIL26NOV8000CE,CRUDEOIL,10NOV2026,800000.000000,1,OPTFUT,NCO,10.000000,100,False
133225,SILVERM27MAR287250PE,SILVERM,24MAR2027,28725000.000000,1,OPTFUT,NCO,50.000000,120,False
133235,SILVERM27MAR288500PE,SILVERM,24MAR2027,28850000.000000,1,OPTFUT,NCO,50.000000,120,False
133236,SILVERM27MAR288750CE,SILVERM,24MAR2027,28875000.000000,1,OPTFUT,NCO,50.000000,120,False
127562,GOLD27JUN159600PE,GOLD,28JUN2027,15960000.000000,1,OPTFUT,NCO,50.000000,10,False
127564,GOLD27JUN159700PE,GOLD,28JUN2027,15970000.000000,1,OPTFUT,NCO,50.000000,10,False
127609,SILVER26DEC220000CE,SILVER,01DEC2026,22000000.000000,1,OPTBLN,NCO,50.000000,20,False
127620,SILVER26DEC221250PE,SILVER,01DEC2026,22125000.000000,1,OPTBLN,NCO,50.000000,20,False
133249,SILVERM27MAR290250PE,SILVERM,24MAR2027,29025000.000000,1,OPTFUT,NCO,50.000000,120,False
133250,SILVERM27MAR290500CE,SILVERM,24MAR2027,29050000.000000,1,OPTFUT,NCO,50.000000,120,False
133253,SILVERM27MAR290750PE,SILVERM,24MAR2027,29075000.000000,1,OPTFUT,NCO,50.000000,120,False
133258,SILVERM27MAR291500CE,SILVERM,24MAR2027,29150000.000000,1,OPTFUT,NCO,50.000000,120,False
127629,SILVER26DEC222500CE,SILVER,01DEC2026,22250000.000000,1,OPTBLN,NCO,50.000000,20,False
127632,SILVER26DEC222750PE,SILVER,01DEC2026,22275000.000000,1,OPTBLN,NCO,50.000000,20,False
127633,SILVER26DEC223000CE,SILVER,01DEC2026,22300000.000000,1,OPTBLN,NCO,50.000000,20,False
127634,SILVER26DEC223000PE,SILVER,01DEC2026,22300000.000000,1,OPTBLN,NCO,50.000000,20,False
133280,SILVERM27MAR294250CE,SILVERM,24MAR2027,29425000.000000,1,OPTFUT,NCO,50.000000,120,False
133285,SILVERM27MAR294750PE,SILVERM,24MAR2027,29475000.000000,1,OPTFUT,NCO,50.000000,120,False
133291,SILVERM27MAR295500PE,SILVERM,24MAR2027,29550000.000000,1,OPTFUT,NCO,50.000000,120,False
133292,SILVERM27MAR295750CE,SILVERM,24MAR2027,29575000.000000,1,OPTFUT,NCO,50.000000,120,False
127640,SILVER26DEC223750PE,SILVER,01DEC2026,22375000.000000,1,OPTBLN,NCO,50.000000,20,False
127642,SILVER26DEC224000PE,SILVER,01DEC2026,22400000.000000,1,OPTBLN,NCO,50.000000,20,False
127644,SILVER26DEC224250PE,SILVER,01DEC2026,22425000.000000,1,OPTBLN,NCO,50.000000,20,False
127648,SILVER26DEC224750PE,SILVER,01DEC2026,22475000.000000,1,OPTBLN,NCO,50.000000,20,False
133302,SILVERM27MAR297000CE,SILVERM,24MAR2027,29700000.000000,1,OPTFUT,NCO,50.000000,120,False
133310,SILVERM27MAR298000CE,SILVERM,24MAR2027,29800000.000000,1,OPTFUT,NCO,50.000000,120,False
133327,SILVERM27MAR300000PE,SILVERM,24MAR2027,30000000.000000,1,OPTFUT,NCO,50.000000,120,False
133334,SILVERM27MAR301000CE,SILVERM,24MAR2027,30100000.000000,1,OPTFUT,NCO,50.000000,120,False
127668,SILVER26DEC227250PE,SILVER,01DEC2026,22725000.000000,1,OPTBLN,NCO,50.000000,20,False
127669,SILVER26DEC227500CE,SILVER,01DEC2026,22750000.000000,1,OPTBLN,NCO,50.000000,20,False
127670,SILVER26DEC227500PE,SILVER,01DEC2026,22750000.000000,1,OPTBLN,NCO,50.000000,20,False
127671,SILVER26DEC227750CE,SILVER,01DEC2026,22775000.000000,1,OPTBLN,NCO,50.000000,20,False
133339,SILVERM27MAR301500PE,SILVERM,24MAR2027,30150000.000000,1,OPTFUT,NCO,50.000000,120,False
133340,SILVERM27MAR301750CE,SILVERM,24MAR2027,30175000.000000,1,OPTFUT,NCO,50.000000,120,False
133342,SILVERM27MAR302000CE,SILVERM,24MAR2027,30200000.000000,1,OPTFUT,NCO,50.000000,120,False
133343,SILVERM27APR245500CE,SILVERM,23APR2027,24550000.000000,1,OPTFUT,NCO,50.000000,120,False
133367,SILVERM27MAY242750CE,SILVERM,24MAY2027,24275000.000000,1,OPTFUT,NCO,50.000000,120,False
133373,GOLD27APR147400CE,GOLD,28APR2027,14740000.000000,1,OPTFUT,NCO,50.000000,10,False
133387,GOLD27MAY146000CE,GOLD,28MAY2027,14600000.000000,1,OPTFUT,NCO,50.000000,10,False
133391,GOLD27MAY146200CE,GOLD,28MAY2027,14620000.000000,1,OPTFUT,NCO,50.000000,10,False
127675,SILVER26DEC228250CE,SILVER,01DEC2026,22825000.000000,1,OPTBLN,NCO,50.000000,20,False
127679,SILVER26DEC228750CE,SILVER,01DEC2026,22875000.000000,1,OPTBLN,NCO,50.000000,20,False
127684,SILVER26DEC229250PE,SILVER,01DEC2026,22925000.000000,1,OPTBLN,NCO,50.000000,20,False
127685,SILVER26DEC229500CE,SILVER,01DEC2026,22950000.000000,1,OPTBLN,NCO,50.000000,20,False
133399,GOLD27MAY146600CE,GOLD,28MAY2027,14660000.000000,1,OPTFUT,NCO,50.000000,10,False
133406,CRUDEOIL26NOV8600PE,CRUDEOIL,10NOV2026,860000.000000,1,OPTFUT,NCO,10.000000,100,False
133411,CRUDEOIL26NOV8750CE,CRUDEOIL,10NOV2026,875000.000000,1,OPTFUT,NCO,10.000000,100,False
133422,CRUDEOIL26NOV9000PE,CRUDEOIL,10NOV2026,900000.000000,1,OPTFUT,NCO,10.000000,100,False
127687,SILVER26DEC229750CE,SILVER,01DEC2026,22975000.000000,1,OPTBLN,NCO,50.000000,20,False
127703,SILVER26DEC231750CE,SILVER,01DEC2026,23175000.000000,1,OPTBLN,NCO,50.000000,20,False
127712,SILVERM27FEB301750PE,SILVERM,19FEB2027,30175000.000000,1,OPTFUT,NCO,50.000000,120,False
127727,SILVERM27FEB303750CE,SILVERM,19FEB2027,30375000.000000,1,OPTFUT,NCO,50.000000,120,False
133432,CRUDEOIL26NOV9250PE,CRUDEOIL,10NOV2026,925000.000000,1,OPTFUT,NCO,10.000000,100,False
133463,SILVERM27MAR302000PE,SILVERM,24MAR2027,30200000.000000,1,OPTFUT,NCO,50.000000,120,False
133464,SILVERM27MAR302250CE,SILVERM,24MAR2027,30225000.000000,1,OPTFUT,NCO,50.000000,120,False
133467,SILVERM27MAR302500PE,SILVERM,24MAR2027,30250000.000000,1,OPTFUT,NCO,50.000000,120,False
127730,SILVERM27FEB304000PE,SILVERM,19FEB2027,30400000.000000,1,OPTFUT,NCO,50.000000,120,False
127737,GOLD27MAR157300CE,GOLD,29MAR2027,15730000.000000,1,OPTFUT,NCO,50.000000,10,False
127741,GOLD27MAR157500CE,GOLD,29MAR2027,15750000.000000,1,OPTFUT,NCO,50.000000,10,False
127764,SILVER26DEC233750PE,SILVER,01DEC2026,23375000.000000,1,OPTBLN,NCO,50.000000,20,False
127792,SILVERM27MAR276250PE,SILVERM,24MAR2027,27625000.000000,1,OPTFUT,NCO,50.000000,120,False
127799,SILVERM27MAR277250CE,SILVERM,24MAR2027,27725000.000000,1,OPTFUT,NCO,50.000000,120,False
127805,SILVERM27MAR278000CE,SILVERM,24MAR2027,27800000.000000,1,OPTFUT,NCO,50.000000,120,False
127807,SILVERM27MAR278250CE,SILVERM,24MAR2027,27825000.000000,1,OPTFUT,NCO,50.000000,120,False
133471,GOLD27FEB166500PE,GOLD,26FEB2027,16650000.000000,1,OPTFUT,NCO,50.000000,10,False
133484,GOLD27FEB167200CE,GOLD,26FEB2027,16720000.000000,1,OPTFUT,NCO,50.000000,10,False
133485,GOLD27FEB167200PE,GOLD,26FEB2027,16720000.000000,1,OPTFUT,NCO,50.000000,10,False
133496,GOLD27FEB167800CE,GOLD,26FEB2027,16780000.000000,1,OPTFUT,NCO,50.000000,10,False
127808,SILVERM27MAR278250PE,SILVERM,24MAR2027,27825000.000000,1,OPTFUT,NCO,50.000000,120,False
127809,SILVERM27MAR278500CE,SILVERM,24MAR2027,27850000.000000,1,OPTFUT,NCO,50.000000,120,False
127828,SILVER27MAR231250PE,SILVER,02MAR2027,23125000.000000,1,OPTBLN,NCO,50.000000,20,False
127833,SILVER27MAR232000CE,SILVER,02MAR2027,23200000.000000,1,OPTBLN,NCO,50.000000,20,False
133508,GOLD27JAN163700CE,GOLD,29JAN2027,16370000.000000,1,OPTFUT,NCO,50.000000,10,False
133511,GOLD27JAN163800PE,GOLD,29JAN2027,16380000.000000,1,OPTFUT,NCO,50.000000,10,False
133517,GOLD27JAN164100PE,GOLD,29JAN2027,16410000.000000,1,OPTFUT,NCO,50.000000,10,False
133518,SILVERM27MAR303000CE,SILVERM,24MAR2027,30300000.000000,1,OPTFUT,NCO,50.000000,120,False
127839,SILVERM27JAN310000CE,SILVERM,21JAN2027,31000000.000000,1,OPTFUT,NCO,50.000000,120,False
127853,SILVERM27JAN311750CE,SILVERM,21JAN2027,31175000.000000,1,OPTFUT,NCO,50.000000,120,False
127877,SILVER26DEC239000CE,SILVER,01DEC2026,23900000.000000,1,OPTBLN,NCO,50.000000,20,False
133534,GOLD27FEB168300CE,GOLD,26FEB2027,16830000.000000,1,OPTFUT,NCO,50.000000,10,False
133538,GOLD27FEB168500CE,GOLD,26FEB2027,16850000.000000,1,OPTFUT,NCO,50.000000,10,False
133545,SILVERM27MAY244000PE,SILVERM,24MAY2027,24400000.000000,1,OPTFUT,NCO,50.000000,120,False
133550,SILVERM27MAY244750CE,SILVERM,24MAY2027,24475000.000000,1,OPTFUT,NCO,50.000000,120,False
127862,SILVER26DEC237000PE,SILVER,01DEC2026,23700000.000000,1,OPTBLN,NCO,50.000000,20,False
133631,SILVERM27MAR309250CE,SILVERM,24MAR2027,30925000.000000,1,OPTFUT,NCO,50.000000,120,False
133634,SILVERM27MAR309500PE,SILVERM,24MAR2027,30950000.000000,1,OPTFUT,NCO,50.000000,120,False
133647,SILVERM27APR289750CE,SILVERM,23APR2027,28975000.000000,1,OPTFUT,NCO,50.000000,120,False
133650,SILVERM27APR290000PE,SILVERM,23APR2027,29000000.000000,1,OPTFUT,NCO,50.000000,120,False
127895,ZINC26SEP382.5CE,ZINC,23SEP2026,38250.000000,1,OPTFUT,NCO,1.000000,20,False
127897,ZINC26SEP385CE,ZINC,23SEP2026,38500.000000,1,OPTFUT,NCO,1.000000,20,False
127923,SILVERM27MAR231750PE,SILVERM,24MAR2027,23175000.000000,1,OPTFUT,NCO,50.000000,120,False
127924,SILVERM27MAR232000CE,SILVERM,24MAR2027,23200000.000000,1,OPTFUT,NCO,50.000000,120,False
133658,SILVERM27APR291000PE,SILVERM,23APR2027,29100000.000000,1,OPTFUT,NCO,50.000000,120,False
133666,SILVERM27APR292000PE,SILVERM,23APR2027,29200000.000000,1,OPTFUT,NCO,50.000000,120,False
133668,SILVERM27APR292250PE,SILVERM,23APR2027,29225000.000000,1,OPTFUT,NCO,50.000000,120,False
133671,SILVERM27APR292750CE,SILVERM,23APR2027,29275000.000000,1,OPTFUT,NCO,50.000000,120,False
127927,SILVERM27MAR232250PE,SILVERM,24MAR2027,23225000.000000,1,OPTFUT,NCO,50.000000,120,False
127929,GOLDM26SEP152100PE,GOLDM,25SEP2026,15210000.000000,1,OPTFUT,NCO,50.000000,100,False
127932,GOLD26OCT132200CE,GOLD,29OCT2026,13220000.000000,1,OPTFUT,NCO,50.000000,10,False
127934,GOLD26OCT132300CE,GOLD,29OCT2026,13230000.000000,1,OPTFUT,NCO,50.000000,10,False
127937,GOLD26OCT132400PE,GOLD,29OCT2026,13240000.000000,1,OPTFUT,NCO,50.000000,10,False
127940,GOLD26OCT132600CE,GOLD,29OCT2026,13260000.000000,1,OPTFUT,NCO,50.000000,10,False
127948,GOLD26OCT133000CE,GOLD,29OCT2026,13300000.000000,1,OPTFUT,NCO,50.000000,10,False
127974,SILVERM27MAR280500PE,SILVERM,24MAR2027,28050000.000000,1,OPTFUT,NCO,50.000000,120,False
133672,SILVERM27MAY245000CE,SILVERM,24MAY2027,24500000.000000,1,OPTFUT,NCO,50.000000,120,False
133680,SILVERM27APR292750PE,SILVERM,23APR2027,29275000.000000,1,OPTFUT,NCO,50.000000,120,False
133694,SILVERM27APR294500PE,SILVERM,23APR2027,29450000.000000,1,OPTFUT,NCO,50.000000,120,False
133700,SILVERM27APR295250PE,SILVERM,23APR2027,29525000.000000,1,OPTFUT,NCO,50.000000,120,False
127985,SILVERM27MAR282000CE,SILVERM,24MAR2027,28200000.000000,1,OPTFUT,NCO,50.000000,120,False
127992,SILVERM27MAY270000PE,SILVERM,24MAY2027,27000000.000000,1,OPTFUT,NCO,50.000000,120,False
128024,SILVER27MAR233500PE,SILVER,02MAR2027,23350000.000000,1,OPTBLN,NCO,50.000000,20,False
128028,SILVER27MAR234000PE,SILVER,02MAR2027,23400000.000000,1,OPTBLN,NCO,50.000000,20,False
133734,SILVERM27MAY246500PE,SILVERM,24MAY2027,24650000.000000,1,OPTFUT,NCO,50.000000,120,False
133735,SILVERM27MAY246750CE,SILVERM,24MAY2027,24675000.000000,1,OPTFUT,NCO,50.000000,120,False
133738,SILVERM27MAY247000PE,SILVERM,24MAY2027,24700000.000000,1,OPTFUT,NCO,50.000000,120,False
133760,SILVERM27FEB273000PE,SILVERM,19FEB2027,27300000.000000,1,OPTFUT,NCO,50.000000,120,False
128045,SILVERM26SEP195250CE,SILVERM,23SEP2026,19525000.000000,1,OPTFUT,NCO,50.000000,120,False
128049,SILVERM27JAN312500CE,SILVERM,21JAN2027,31250000.000000,1,OPTFUT,NCO,50.000000,120,False
128059,SILVERM27JAN313750CE,SILVERM,21JAN2027,31375000.000000,1,OPTFUT,NCO,50.000000,120,False
128060,SILVERM27JAN313750PE,SILVERM,21JAN2027,31375000.000000,1,OPTFUT,NCO,50.000000,120,False
133772,SILVERM27FEB274500PE,SILVERM,19FEB2027,27450000.000000,1,OPTFUT,NCO,50.000000,120,False
133791,SILVERM27APR301250CE,SILVERM,23APR2027,30125000.000000,1,OPTFUT,NCO,50.000000,120,False
133797,SILVERM27APR302000CE,SILVERM,23APR2027,30200000.000000,1,OPTFUT,NCO,50.000000,120,False
133802,SILVERM27APR302500PE,SILVERM,23APR2027,30250000.000000,1,OPTFUT,NCO,50.000000,120,False
128072,SILVERM27JAN315250PE,SILVERM,21JAN2027,31525000.000000,1,OPTFUT,NCO,50.000000,120,False
128093,SILVER26DEC242000PE,SILVER,01DEC2026,24200000.000000,1,OPTBLN,NCO,50.000000,20,False
128101,SILVER26DEC243000PE,SILVER,01DEC2026,24300000.000000,1,OPTBLN,NCO,50.000000,20,False
128108,SILVER26DEC244000CE,SILVER,01DEC2026,24400000.000000,1,OPTBLN,NCO,50.000000,20,False
133808,SILVERM27APR303250PE,SILVERM,23APR2027,30325000.000000,1,OPTFUT,NCO,50.000000,120,False
133811,SILVERM27APR303750CE,SILVERM,23APR2027,30375000.000000,1,OPTFUT,NCO,50.000000,120,False
133817,SILVERM27APR304500CE,SILVERM,23APR2027,30450000.000000,1,OPTFUT,NCO,50.000000,120,False
133825,SILVERM27APR305500CE,SILVERM,23APR2027,30550000.000000,1,OPTFUT,NCO,50.000000,120,False
133831,SILVERM27APR306250CE,SILVERM,23APR2027,30625000.000000,1,OPTFUT,NCO,50.000000,120,False
133833,SILVERM27APR306500CE,SILVERM,23APR2027,30650000.000000,1,OPTFUT,NCO,50.000000,120,False
133853,SILVERM27APR309000CE,SILVERM,23APR2027,30900000.000000,1,OPTFUT,NCO,50.000000,120,False
133859,SILVERM27APR309750CE,SILVERM,23APR2027,30975000.000000,1,OPTFUT,NCO,50.000000,120,False
128110,SILVER26DEC244250CE,SILVER,01DEC2026,24425000.000000,1,OPTBLN,NCO,50.000000,20,False
128129,SILVERM27JAN317000PE,SILVERM,21JAN2027,31700000.000000,1,OPTFUT,NCO,50.000000,120,False
128138,SILVERM27JAN318250CE,SILVERM,21JAN2027,31825000.000000,1,OPTFUT,NCO,50.000000,120,False
128140,SILVERM27JAN318500CE,SILVERM,21JAN2027,31850000.000000,1,OPTFUT,NCO,50.000000,120,False
133881,GOLD27MAR149700CE,GOLD,29MAR2027,14970000.000000,1,OPTFUT,NCO,50.000000,10,False
133898,GOLD27MAR150500PE,GOLD,29MAR2027,15050000.000000,1,OPTFUT,NCO,50.000000,10,False
133900,GOLD27MAR150600PE,GOLD,29MAR2027,15060000.000000,1,OPTFUT,NCO,50.000000,10,False
133914,CRUDEOIL26OCT9550PE,CRUDEOIL,08OCT2026,955000.000000,1,OPTFUT,NCO,10.000000,100,False
128142,SILVERM27JAN318750CE,SILVERM,21JAN2027,31875000.000000,1,OPTFUT,NCO,50.000000,120,False
128143,SILVERM27JAN318750PE,SILVERM,21JAN2027,31875000.000000,1,OPTFUT,NCO,50.000000,120,False
128147,SILVERM27JAN319250PE,SILVERM,21JAN2027,31925000.000000,1,OPTFUT,NCO,50.000000,120,False
128160,SILVERM27JAN321000CE,SILVERM,21JAN2027,32100000.000000,1,OPTFUT,NCO,50.000000,120,False
133915,CRUDEOIL26OCT9600CE,CRUDEOIL,08OCT2026,960000.000000,1,OPTFUT,NCO,10.000000,100,False
133934,CRUDEOIL26OCT10050PE,CRUDEOIL,08OCT2026,1005000.000000,1,OPTFUT,NCO,10.000000,100,False
133936,CRUDEOIL26OCT10100PE,CRUDEOIL,08OCT2026,1010000.000000,1,OPTFUT,NCO,10.000000,100,False
133950,CRUDEOIL26OCT10450PE,CRUDEOIL,08OCT2026,1045000.000000,1,OPTFUT,NCO,10.000000,100,False
128189,SILVERM26OCT168000PE,SILVERM,23OCT2026,16800000.000000,1,OPTFUT,NCO,50.000000,120,False
128217,SILVERM27MAR238250PE,SILVERM,24MAR2027,23825000.000000,1,OPTFUT,NCO,50.000000,120,False
128227,SILVERM27MAR239500PE,SILVERM,24MAR2027,23950000.000000,1,OPTFUT,NCO,50.000000,120,False
128231,SILVERM27MAR240000PE,SILVERM,24MAR2027,24000000.000000,1,OPTFUT,NCO,50.000000,120,False
133963,CRUDEOIL26NOV9600CE,CRUDEOIL,10NOV2026,960000.000000,1,OPTFUT,NCO,10.000000,100,False
133967,CRUDEOIL26NOV9700CE,CRUDEOIL,10NOV2026,970000.000000,1,OPTFUT,NCO,10.000000,100,False
133976,CRUDEOIL26NOV9900PE,CRUDEOIL,10NOV2026,990000.000000,1,OPTFUT,NCO,10.000000,100,False
133986,CRUDEOIL26NOV10150PE,CRUDEOIL,10NOV2026,1015000.000000,1,OPTFUT,NCO,10.000000,100,False
128269,SILVERM27MAR286750PE,SILVERM,24MAR2027,28675000.000000,1,OPTFUT,NCO,50.000000,120,False
128275,SILVERM27APR278000PE,SILVERM,23APR2027,27800000.000000,1,OPTFUT,NCO,50.000000,120,False
128279,SILVERM27APR278500PE,SILVERM,23APR2027,27850000.000000,1,OPTFUT,NCO,50.000000,120,False
128285,SILVERM27APR279250PE,SILVERM,23APR2027,27925000.000000,1,OPTFUT,NCO,50.000000,120,False
133989,CRUDEOIL26NOV10250CE,CRUDEOIL,10NOV2026,1025000.000000,1,OPTFUT,NCO,10.000000,100,False
134001,CRUDEOIL26NOV10550CE,CRUDEOIL,10NOV2026,1055000.000000,1,OPTFUT,NCO,10.000000,100,False
134055,GOLD27MAY146800CE,GOLD,28MAY2027,14680000.000000,1,OPTFUT,NCO,50.000000,10,False
134076,GOLD27MAY147200PE,GOLD,28MAY2027,14720000.000000,1,OPTFUT,NCO,50.000000,10,False
128286,SILVERM27APR279500CE,SILVERM,23APR2027,27950000.000000,1,OPTFUT,NCO,50.000000,120,False
128287,SILVERM27APR279500PE,SILVERM,23APR2027,27950000.000000,1,OPTFUT,NCO,50.000000,120,False
128291,SILVERM27APR280000PE,SILVERM,23APR2027,28000000.000000,1,OPTFUT,NCO,50.000000,120,False
128298,SILVERM27APR281000CE,SILVERM,23APR2027,28100000.000000,1,OPTFUT,NCO,50.000000,120,False
134080,SILVERM27APR311000PE,SILVERM,23APR2027,31100000.000000,1,OPTFUT,NCO,50.000000,120,False
134081,GOLD27MAR151400CE,GOLD,29MAR2027,15140000.000000,1,OPTFUT,NCO,50.000000,10,False
134082,GOLD27MAR151400PE,GOLD,29MAR2027,15140000.000000,1,OPTFUT,NCO,50.000000,10,False
134105,CRUDEOIL26NOV10750CE,CRUDEOIL,10NOV2026,1075000.000000,1,OPTFUT,NCO,10.000000,100,False
128301,SILVERM27APR281250PE,SILVERM,23APR2027,28125000.000000,1,OPTFUT,NCO,50.000000,120,False
128350,SILVERM27APR229250PE,SILVERM,23APR2027,22925000.000000,1,OPTFUT,NCO,50.000000,120,False
128361,SILVERM26SEP196750CE,SILVERM,23SEP2026,19675000.000000,1,OPTFUT,NCO,50.000000,120,False
128362,SILVERM26SEP196750PE,SILVERM,23SEP2026,19675000.000000,1,OPTFUT,NCO,50.000000,120,False
134122,SILVER26DEC263000PE,SILVER,01DEC2026,26300000.000000,1,OPTBLN,NCO,50.000000,20,False
134146,GOLD27MAY166100PE,GOLD,28MAY2027,16610000.000000,1,OPTFUT,NCO,50.000000,10,False
134152,GOLD27MAY166400PE,GOLD,28MAY2027,16640000.000000,1,OPTFUT,NCO,50.000000,10,False
134155,GOLD27MAY166600CE,GOLD,28MAY2027,16660000.000000,1,OPTFUT,NCO,50.000000,10,False
128364,SILVERM26SEP197000PE,SILVERM,23SEP2026,19700000.000000,1,OPTFUT,NCO,50.000000,120,False
128371,SILVERM26SEP198000CE,SILVERM,23SEP2026,19800000.000000,1,OPTFUT,NCO,50.000000,120,False
128390,SILVERM26SEP200250PE,SILVERM,23SEP2026,20025000.000000,1,OPTFUT,NCO,50.000000,120,False
128397,SILVERM26OCT196000CE,SILVERM,23OCT2026,19600000.000000,1,OPTFUT,NCO,50.000000,120,False
134159,GOLD27MAY166800CE,GOLD,28MAY2027,16680000.000000,1,OPTFUT,NCO,50.000000,10,False
134161,GOLD27JUN164700CE,GOLD,28JUN2027,16470000.000000,1,OPTFUT,NCO,50.000000,10,False
134172,GOLD27JUN165200PE,GOLD,28JUN2027,16520000.000000,1,OPTFUT,NCO,50.000000,10,False
134176,GOLD27JUN165400PE,GOLD,28JUN2027,16540000.000000,1,OPTFUT,NCO,50.000000,10,False
134178,GOLD27JUN165500PE,GOLD,28JUN2027,16550000.000000,1,OPTFUT,NCO,50.000000,10,False
134198,GOLD27JUN166500PE,GOLD,28JUN2027,16650000.000000,1,OPTFUT,NCO,50.000000,10,False
134212,GOLD27JUN167200PE,GOLD,28JUN2027,16720000.000000,1,OPTFUT,NCO,50.000000,10,False
134218,GOLD27JUN167500PE,GOLD,28JUN2027,16750000.000000,1,OPTFUT,NCO,50.000000,10,False
128402,SILVERM27JAN321750PE,SILVERM,21JAN2027,32175000.000000,1,OPTFUT,NCO,50.000000,120,False
128424,SILVERM27JAN324500PE,SILVERM,21JAN2027,32450000.000000,1,OPTFUT,NCO,50.000000,120,False
128433,SILVERM27JAN325750CE,SILVERM,21JAN2027,32575000.000000,1,OPTFUT,NCO,50.000000,120,False
128436,SILVERM27JAN326000PE,SILVERM,21JAN2027,32600000.000000,1,OPTFUT,NCO,50.000000,120,False
134241,GOLD27JUL165500CE,GOLD,29JUL2027,16550000.000000,1,OPTFUT,NCO,50.000000,10,False
134243,GOLD27JUL165600CE,GOLD,29JUL2027,16560000.000000,1,OPTFUT,NCO,50.000000,10,False
134247,GOLD27JUL165800CE,GOLD,29JUL2027,16580000.000000,1,OPTFUT,NCO,50.000000,10,False
134252,GOLD27JUL166000PE,GOLD,29JUL2027,16600000.000000,1,OPTFUT,NCO,50.000000,10,False
128439,SILVERM27JAN326500CE,SILVERM,21JAN2027,32650000.000000,1,OPTFUT,NCO,50.000000,120,False
128444,SILVERM27MAR240500PE,SILVERM,24MAR2027,24050000.000000,1,OPTFUT,NCO,50.000000,120,False
128445,SILVERM27MAR240750CE,SILVERM,24MAR2027,24075000.000000,1,OPTFUT,NCO,50.000000,120,False
128453,SILVERM27MAR267000PE,SILVERM,24MAR2027,26700000.000000,1,OPTFUT,NCO,50.000000,120,False
134283,GOLD27JUL166700CE,GOLD,29JUL2027,16670000.000000,1,OPTFUT,NCO,50.000000,10,False
134253,GOLD27JUL166100CE,GOLD,29JUL2027,16610000.000000,1,OPTFUT,NCO,50.000000,10,False
134257,GOLD27JUL166300CE,GOLD,29JUL2027,16630000.000000,1,OPTFUT,NCO,50.000000,10,False
134268,GOLD27FEB163500PE,GOLD,26FEB2027,16350000.000000,1,OPTFUT,NCO,50.000000,10,False
128458,SILVERM27APR282500PE,SILVERM,23APR2027,28250000.000000,1,OPTFUT,NCO,50.000000,120,False
128459,SILVERM27APR282750CE,SILVERM,23APR2027,28275000.000000,1,OPTFUT,NCO,50.000000,120,False
128475,GOLD27MAR158100CE,GOLD,29MAR2027,15810000.000000,1,OPTFUT,NCO,50.000000,10,False
128484,SILVERM27APR283000PE,SILVERM,23APR2027,28300000.000000,1,OPTFUT,NCO,50.000000,120,False
134287,GOLD27JUL166900CE,GOLD,29JUL2027,16690000.000000,1,OPTFUT,NCO,50.000000,10,False
134295,GOLD27JUL167300CE,GOLD,29JUL2027,16730000.000000,1,OPTFUT,NCO,50.000000,10,False
134299,GOLD27JUL167500CE,GOLD,29JUL2027,16750000.000000,1,OPTFUT,NCO,50.000000,10,False
134307,GOLD27JUL167900CE,GOLD,29JUL2027,16790000.000000,1,OPTFUT,NCO,50.000000,10,False
128494,SILVERM27APR284250PE,SILVERM,23APR2027,28425000.000000,1,OPTFUT,NCO,50.000000,120,False
128500,SILVERM27FEB305500PE,SILVERM,19FEB2027,30550000.000000,1,OPTFUT,NCO,50.000000,120,False
128505,SILVERM27FEB306250CE,SILVERM,19FEB2027,30625000.000000,1,OPTFUT,NCO,50.000000,120,False
128510,SILVERM27FEB306750PE,SILVERM,19FEB2027,30675000.000000,1,OPTFUT,NCO,50.000000,120,False
134314,GOLD27JUL168200PE,GOLD,29JUL2027,16820000.000000,1,OPTFUT,NCO,50.000000,10,False
134323,GOLD27APR151100CE,GOLD,28APR2027,15110000.000000,1,OPTFUT,NCO,50.000000,10,False
134325,GOLD27APR151200CE,GOLD,28APR2027,15120000.000000,1,OPTFUT,NCO,50.000000,10,False
134331,GOLD27APR151500CE,GOLD,28APR2027,15150000.000000,1,OPTFUT,NCO,50.000000,10,False
128512,SILVERM27FEB307000PE,SILVERM,19FEB2027,30700000.000000,1,OPTFUT,NCO,50.000000,120,False
128516,SILVERM27FEB307500PE,SILVERM,19FEB2027,30750000.000000,1,OPTFUT,NCO,50.000000,120,False
128519,SILVERM27FEB308000CE,SILVERM,19FEB2027,30800000.000000,1,OPTFUT,NCO,50.000000,120,False
128523,SILVERM27FEB308500CE,SILVERM,19FEB2027,30850000.000000,1,OPTFUT,NCO,50.000000,120,False
134339,GOLD27MAY148000CE,GOLD,28MAY2027,14800000.000000,1,OPTFUT,NCO,50.000000,10,False
134346,GOLD27MAY148300PE,GOLD,28MAY2027,14830000.000000,1,OPTFUT,NCO,50.000000,10,False
134359,GOLD27JUL168500CE,GOLD,29JUL2027,16850000.000000,1,OPTFUT,NCO,50.000000,10,False
134407,GOLDM26SEP157900CE,GOLDM,25SEP2026,15790000.000000,1,OPTFUT,NCO,50.000000,100,False
128525,SILVERM27FEB308750CE,SILVERM,19FEB2027,30875000.000000,1,OPTFUT,NCO,50.000000,120,False
128529,SILVERM27FEB309250CE,SILVERM,19FEB2027,30925000.000000,1,OPTFUT,NCO,50.000000,120,False
128537,SILVERM27FEB310250CE,SILVERM,19FEB2027,31025000.000000,1,OPTFUT,NCO,50.000000,120,False
128544,SILVERM27FEB311000PE,SILVERM,19FEB2027,31100000.000000,1,OPTFUT,NCO,50.000000,120,False
134444,GOLDM26SEP159700PE,GOLDM,25SEP2026,15970000.000000,1,OPTFUT,NCO,50.000000,100,False
134410,GOLDM26SEP158000PE,GOLDM,25SEP2026,15800000.000000,1,OPTFUT,NCO,50.000000,100,False
134417,GOLDM26SEP158400CE,GOLDM,25SEP2026,15840000.000000,1,OPTFUT,NCO,50.000000,100,False
134438,GOLDM26SEP159400PE,GOLDM,25SEP2026,15940000.000000,1,OPTFUT,NCO,50.000000,100,False
128551,SILVERM27FEB312000CE,SILVERM,19FEB2027,31200000.000000,1,OPTFUT,NCO,50.000000,120,False
128570,SILVERM27FEB314250PE,SILVERM,19FEB2027,31425000.000000,1,OPTFUT,NCO,50.000000,120,False
128572,SILVERM27FEB314500PE,SILVERM,19FEB2027,31450000.000000,1,OPTFUT,NCO,50.000000,120,False
128597,SILVERM27JUN251500PE,SILVERM,23JUN2027,25150000.000000,1,OPTFUT,NCO,50.000000,120,False
134457,SILVERM27APR235000CE,SILVERM,23APR2027,23500000.000000,1,OPTFUT,NCO,50.000000,120,False
134471,GOLD27APR152100CE,GOLD,28APR2027,15210000.000000,1,OPTFUT,NCO,50.000000,10,False
134485,GOLD27MAY151800CE,GOLD,28MAY2027,15180000.000000,1,OPTFUT,NCO,50.000000,10,False
134489,GOLD27MAY152000CE,GOLD,28MAY2027,15200000.000000,1,OPTFUT,NCO,50.000000,10,False
128610,GOLD27MAR159000CE,GOLD,29MAR2027,15900000.000000,1,OPTFUT,NCO,50.000000,10,False
128622,GOLD27MAR159600CE,GOLD,29MAR2027,15960000.000000,1,OPTFUT,NCO,50.000000,10,False
128641,SILVER26DEC247000CE,SILVER,01DEC2026,24700000.000000,1,OPTBLN,NCO,50.000000,20,False
128657,SILVER26DEC249000CE,SILVER,01DEC2026,24900000.000000,1,OPTBLN,NCO,50.000000,20,False
134504,GOLD27MAY152700PE,GOLD,28MAY2027,15270000.000000,1,OPTFUT,NCO,50.000000,10,False
134526,ZINC26OCT410PE,ZINC,23OCT2026,41000.000000,1,OPTFUT,NCO,1.000000,20,False
134542,GOLDM26OCT158900PE,GOLDM,29OCT2026,15890000.000000,1,OPTFUT,NCO,50.000000,100,False
134546,GOLDM26OCT159100PE,GOLDM,29OCT2026,15910000.000000,1,OPTFUT,NCO,50.000000,100,False
128661,SILVER26DEC249500CE,SILVER,01DEC2026,24950000.000000,1,OPTBLN,NCO,50.000000,20,False
128669,COPPER26OCT1265CE,COPPER,23OCT2026,126500.000000,1,OPTFUT,NCO,1.000000,70,False
128671,COPPER26OCT1270CE,COPPER,23OCT2026,127000.000000,1,OPTFUT,NCO,1.000000,70,False
128696,GOLD27MAR160700CE,GOLD,29MAR2027,16070000.000000,1,OPTFUT,NCO,50.000000,10,False
134553,GOLDM26OCT159500CE,GOLDM,29OCT2026,15950000.000000,1,OPTFUT,NCO,50.000000,100,False
134555,GOLDM26OCT159600CE,GOLDM,29OCT2026,15960000.000000,1,OPTFUT,NCO,50.000000,100,False
134577,GOLDM26OCT160700CE,GOLDM,29OCT2026,16070000.000000,1,OPTFUT,NCO,50.000000,100,False
134642,GOLD27MAY168600PE,GOLD,28MAY2027,16860000.000000,1,OPTFUT,NCO,50.000000,10,False
128757,COPPER26SEP1325PE,COPPER,23SEP2026,132500.000000,1,OPTFUT,NCO,1.000000,70,False
128761,COPPER26SEP1335PE,COPPER,23SEP2026,133500.000000,1,OPTFUT,NCO,1.000000,70,False
128780,GOLD27MAY157700CE,GOLD,28MAY2027,15770000.000000,1,OPTFUT,NCO,50.000000,10,False
128784,GOLD27MAY157900CE,GOLD,28MAY2027,15790000.000000,1,OPTFUT,NCO,50.000000,10,False
134662,GOLD27MAY169600PE,GOLD,28MAY2027,16960000.000000,1,OPTFUT,NCO,50.000000,10,False
134663,GOLD27MAY169700CE,GOLD,28MAY2027,16970000.000000,1,OPTFUT,NCO,50.000000,10,False
134672,GOLD27JUN168000PE,GOLD,28JUN2027,16800000.000000,1,OPTFUT,NCO,50.000000,10,False
134684,GOLD27JUN168600PE,GOLD,28JUN2027,16860000.000000,1,OPTFUT,NCO,50.000000,10,False
128786,GOLD27MAY158000CE,GOLD,28MAY2027,15800000.000000,1,OPTFUT,NCO,50.000000,10,False
128791,GOLD27MAY158200PE,GOLD,28MAY2027,15820000.000000,1,OPTFUT,NCO,50.000000,10,False
128804,SILVERM27JUN252000CE,SILVERM,23JUN2027,25200000.000000,1,OPTFUT,NCO,50.000000,120,False
128807,SILVERM26OCT168500PE,SILVERM,23OCT2026,16850000.000000,1,OPTFUT,NCO,50.000000,120,False
134697,GOLD27JUN169300CE,GOLD,28JUN2027,16930000.000000,1,OPTFUT,NCO,50.000000,10,False
134699,GOLD27JUN169400CE,GOLD,28JUN2027,16940000.000000,1,OPTFUT,NCO,50.000000,10,False
134724,GOLD27JUN170600PE,GOLD,28JUN2027,17060000.000000,1,OPTFUT,NCO,50.000000,10,False
134741,GOLD27JUL169100CE,GOLD,29JUL2027,16910000.000000,1,OPTFUT,NCO,50.000000,10,False
128808,SILVERM26OCT168750CE,SILVERM,23OCT2026,16875000.000000,1,OPTFUT,NCO,50.000000,120,False
128822,SILVERM26OCT170500CE,SILVERM,23OCT2026,17050000.000000,1,OPTFUT,NCO,50.000000,120,False
128830,SILVERM26OCT171500CE,SILVERM,23OCT2026,17150000.000000,1,OPTFUT,NCO,50.000000,120,False
128831,SILVERM26OCT171500PE,SILVERM,23OCT2026,17150000.000000,1,OPTFUT,NCO,50.000000,120,False
134747,GOLD27JUL169400CE,GOLD,29JUL2027,16940000.000000,1,OPTFUT,NCO,50.000000,10,False
134748,GOLD27JUL169400PE,GOLD,29JUL2027,16940000.000000,1,OPTFUT,NCO,50.000000,10,False
134774,GOLD27JUL169900PE,GOLD,29JUL2027,16990000.000000,1,OPTFUT,NCO,50.000000,10,False
134807,GOLD27JUL171600CE,GOLD,29JUL2027,17160000.000000,1,OPTFUT,NCO,50.000000,10,False
128840,GOLD26OCT134000CE,GOLD,29OCT2026,13400000.000000,1,OPTFUT,NCO,50.000000,10,False
128846,SILVERM26OCT196250CE,SILVERM,23OCT2026,19625000.000000,1,OPTFUT,NCO,50.000000,120,False
128847,SILVERM26OCT196250PE,SILVERM,23OCT2026,19625000.000000,1,OPTFUT,NCO,50.000000,120,False
128856,SILVERM26OCT197500CE,SILVERM,23OCT2026,19750000.000000,1,OPTFUT,NCO,50.000000,120,False
134822,SILVERM26SEP157250PE,SILVERM,23SEP2026,15725000.000000,1,OPTFUT,NCO,50.000000,120,False
134844,SILVERM26SEP160000PE,SILVERM,23SEP2026,16000000.000000,1,OPTFUT,NCO,50.000000,120,False
134850,GOLD27JAN164200CE,GOLD,29JAN2027,16420000.000000,1,OPTFUT,NCO,50.000000,10,False
134851,GOLD27FEB164500CE,GOLD,26FEB2027,16450000.000000,1,OPTFUT,NCO,50.000000,10,False
134854,GOLD27FEB164500PE,GOLD,26FEB2027,16450000.000000,1,OPTFUT,NCO,50.000000,10,False
134889,GOLD26SEP121600PE,GOLD,25SEP2026,12160000.000000,1,OPTFUT,NCO,50.000000,10,False
134896,GOLD26SEP122000CE,GOLD,25SEP2026,12200000.000000,1,OPTFUT,NCO,50.000000,10,False
134913,GOLD26SEP122800PE,GOLD,25SEP2026,12280000.000000,1,OPTFUT,NCO,50.000000,10,False
128857,SILVERM26OCT197500PE,SILVERM,23OCT2026,19750000.000000,1,OPTFUT,NCO,50.000000,120,False
128865,SILVERM26OCT198500PE,SILVERM,23OCT2026,19850000.000000,1,OPTFUT,NCO,50.000000,120,False
128888,SILVERM26NOV196250CE,SILVERM,23NOV2026,19625000.000000,1,OPTFUT,NCO,50.000000,120,False
128893,SILVERM26NOV196750PE,SILVERM,23NOV2026,19675000.000000,1,OPTFUT,NCO,50.000000,120,False
134914,GOLD26SEP122900CE,GOLD,25SEP2026,12290000.000000,1,OPTFUT,NCO,50.000000,10,False
134916,GOLD26SEP123000CE,GOLD,25SEP2026,12300000.000000,1,OPTFUT,NCO,50.000000,10,False
134935,GOLD26SEP123900PE,GOLD,25SEP2026,12390000.000000,1,OPTFUT,NCO,50.000000,10,False
134938,GOLD26SEP124100CE,GOLD,25SEP2026,12410000.000000,1,OPTFUT,NCO,50.000000,10,False
128904,SILVERM26DEC252750CE,SILVERM,23DEC2026,25275000.000000,1,OPTFUT,NCO,50.000000,120,False
128912,GOLD27MAY159100CE,GOLD,28MAY2027,15910000.000000,1,OPTFUT,NCO,50.000000,10,False
128923,GOLD26OCT134400PE,GOLD,29OCT2026,13440000.000000,1,OPTFUT,NCO,50.000000,10,False
128942,SILVERM27MAR267750PE,SILVERM,24MAR2027,26775000.000000,1,OPTFUT,NCO,50.000000,120,False
134961,GOLD26SEP125200PE,GOLD,25SEP2026,12520000.000000,1,OPTFUT,NCO,50.000000,10,False
134965,GOLD26SEP125400PE,GOLD,25SEP2026,12540000.000000,1,OPTFUT,NCO,50.000000,10,False
134973,GOLD26SEP125800PE,GOLD,25SEP2026,12580000.000000,1,OPTFUT,NCO,50.000000,10,False
135016,GOLDM26SEP160500CE,GOLDM,25SEP2026,16050000.000000,1,OPTFUT,NCO,50.000000,100,False
128955,SILVERM27APR230500CE,SILVERM,23APR2027,23050000.000000,1,OPTFUT,NCO,50.000000,120,False
128965,SILVERM27APR286000PE,SILVERM,23APR2027,28600000.000000,1,OPTFUT,NCO,50.000000,120,False
128969,SILVERM27APR286500PE,SILVERM,23APR2027,28650000.000000,1,OPTFUT,NCO,50.000000,120,False
128982,COPPER26OCT1300PE,COPPER,23OCT2026,130000.000000,1,OPTFUT,NCO,1.000000,70,False
135024,GOLD27FEB164800CE,GOLD,26FEB2027,16480000.000000,1,OPTFUT,NCO,50.000000,10,False
135038,GOLD27FEB165500CE,GOLD,26FEB2027,16550000.000000,1,OPTFUT,NCO,50.000000,10,False
135040,GOLD27FEB165600CE,GOLD,26FEB2027,16560000.000000,1,OPTFUT,NCO,50.000000,10,False
135042,GOLD27FEB165700CE,GOLD,26FEB2027,16570000.000000,1,OPTFUT,NCO,50.000000,10,False
128998,GOLD26OCT135000CE,GOLD,29OCT2026,13500000.000000,1,OPTFUT,NCO,50.000000,10,False
129001,SILVERM27APR286750PE,SILVERM,23APR2027,28675000.000000,1,OPTFUT,NCO,50.000000,120,False
129003,SILVERM27APR287000PE,SILVERM,23APR2027,28700000.000000,1,OPTFUT,NCO,50.000000,120,False
129006,SILVERM27APR231250PE,SILVERM,23APR2027,23125000.000000,1,OPTFUT,NCO,50.000000,120,False
135093,GOLDM26SEP161000CE,GOLDM,25SEP2026,16100000.000000,1,OPTFUT,NCO,50.000000,100,False
135106,GOLDM26SEP161200PE,GOLDM,25SEP2026,16120000.000000,1,OPTFUT,NCO,50.000000,100,False
135136,ZINC26SEP352.5PE,ZINC,23SEP2026,35250.000000,1,OPTFUT,NCO,1.000000,20,False
135148,GOLDM26SEP161800PE,GOLDM,25SEP2026,16180000.000000,1,OPTFUT,NCO,50.000000,100,False
129010,GOLD27MAR161000PE,GOLD,29MAR2027,16100000.000000,1,OPTFUT,NCO,50.000000,10,False
129027,SILVERM26NOV198500PE,SILVERM,23NOV2026,19850000.000000,1,OPTFUT,NCO,50.000000,120,False
129032,GOLD27MAY160000CE,GOLD,28MAY2027,16000000.000000,1,OPTFUT,NCO,50.000000,10,False
129037,GOLD27MAY160200PE,GOLD,28MAY2027,16020000.000000,1,OPTFUT,NCO,50.000000,10,False
135151,GOLDM26SEP162000CE,GOLDM,25SEP2026,16200000.000000,1,OPTFUT,NCO,50.000000,100,False
135155,GOLDM26SEP162200CE,GOLDM,25SEP2026,16220000.000000,1,OPTFUT,NCO,50.000000,100,False
135167,SILVERM26SEP227750CE,SILVERM,23SEP2026,22775000.000000,1,OPTFUT,NCO,50.000000,120,False
135168,SILVERM26SEP227750PE,SILVERM,23SEP2026,22775000.000000,1,OPTFUT,NCO,50.000000,120,False
129066,SILVERM27APR231750CE,SILVERM,23APR2027,23175000.000000,1,OPTFUT,NCO,50.000000,120,False
129072,GOLD27MAY160900CE,GOLD,28MAY2027,16090000.000000,1,OPTFUT,NCO,50.000000,10,False
129077,SILVERM27APR232250PE,SILVERM,23APR2027,23225000.000000,1,OPTFUT,NCO,50.000000,120,False
129085,SILVER27MAR236250PE,SILVER,02MAR2027,23625000.000000,1,OPTBLN,NCO,50.000000,20,False
135189,SILVERM26SEP204500CE,SILVERM,23SEP2026,20450000.000000,1,OPTFUT,NCO,50.000000,120,False
135205,SILVERM26SEP206500CE,SILVERM,23SEP2026,20650000.000000,1,OPTFUT,NCO,50.000000,120,False
135210,SILVERM26SEP207000PE,SILVERM,23SEP2026,20700000.000000,1,OPTFUT,NCO,50.000000,120,False
135228,SILVERM26SEP209250PE,SILVERM,23SEP2026,20925000.000000,1,OPTFUT,NCO,50.000000,120,False
129088,SILVER27MAR236750CE,SILVER,02MAR2027,23675000.000000,1,OPTBLN,NCO,50.000000,20,False
129097,COPPER26OCT1315CE,COPPER,23OCT2026,131500.000000,1,OPTFUT,NCO,1.000000,70,False
129098,COPPER26OCT1315PE,COPPER,23OCT2026,131500.000000,1,OPTFUT,NCO,1.000000,70,False
129108,SILVERM27APR232500CE,SILVERM,23APR2027,23250000.000000,1,OPTFUT,NCO,50.000000,120,False
135232,SILVERM26OCT205250PE,SILVERM,23OCT2026,20525000.000000,1,OPTFUT,NCO,50.000000,120,False
135244,SILVERM26OCT206750PE,SILVERM,23OCT2026,20675000.000000,1,OPTFUT,NCO,50.000000,120,False
135253,GOLDM26SEP162900CE,GOLDM,25SEP2026,16290000.000000,1,OPTFUT,NCO,50.000000,100,False
135254,GOLDM26SEP162900PE,GOLDM,25SEP2026,16290000.000000,1,OPTFUT,NCO,50.000000,100,False
129122,SILVER27MAR237000CE,SILVER,02MAR2027,23700000.000000,1,OPTBLN,NCO,50.000000,20,False
129128,GOLDM26OCT153000CE,GOLDM,29OCT2026,15300000.000000,1,OPTFUT,NCO,50.000000,100,False
129137,GOLD26OCT135900PE,GOLD,29OCT2026,13590000.000000,1,OPTFUT,NCO,50.000000,10,False
129162,GOLD27MAR161300PE,GOLD,29MAR2027,16130000.000000,1,OPTFUT,NCO,50.000000,10,False
135259,GOLDM26SEP163200CE,GOLDM,25SEP2026,16320000.000000,1,OPTFUT,NCO,50.000000,100,False
135268,GOLDM26OCT161600PE,GOLDM,29OCT2026,16160000.000000,1,OPTFUT,NCO,50.000000,100,False
135277,GOLDM26OCT162100CE,GOLDM,29OCT2026,16210000.000000,1,OPTFUT,NCO,50.000000,100,False
135284,GOLDM26OCT162400PE,GOLDM,29OCT2026,16240000.000000,1,OPTFUT,NCO,50.000000,100,False
135286,GOLDM26OCT162500PE,GOLDM,29OCT2026,16250000.000000,1,OPTFUT,NCO,50.000000,100,False
135287,GOLDM26OCT162600CE,GOLDM,29OCT2026,16260000.000000,1,OPTFUT,NCO,50.000000,100,False
135292,GOLDM26OCT162700PE,GOLDM,29OCT2026,16270000.000000,1,OPTFUT,NCO,50.000000,100,False
135300,GOLDM26OCT163000CE,GOLDM,29OCT2026,16300000.000000,1,OPTFUT,NCO,50.000000,100,False
129184,GOLDM26OCT153200CE,GOLDM,29OCT2026,15320000.000000,1,OPTFUT,NCO,50.000000,100,False
129188,GOLD26OCT136100CE,GOLD,29OCT2026,13610000.000000,1,OPTFUT,NCO,50.000000,10,False
129191,GOLD26OCT136200PE,GOLD,29OCT2026,13620000.000000,1,OPTFUT,NCO,50.000000,10,False
129197,GOLD26OCT136300PE,GOLD,29OCT2026,13630000.000000,1,OPTFUT,NCO,50.000000,10,False
135322,GOLDM26OCT163300CE,GOLDM,29OCT2026,16330000.000000,1,OPTFUT,NCO,50.000000,100,False
135326,GOLDM26OCT163500CE,GOLDM,29OCT2026,16350000.000000,1,OPTFUT,NCO,50.000000,100,False
135329,GOLDM26OCT163600PE,GOLDM,29OCT2026,16360000.000000,1,OPTFUT,NCO,50.000000,100,False
135335,GOLDM26OCT163800PE,GOLDM,29OCT2026,16380000.000000,1,OPTFUT,NCO,50.000000,100,False
129204,SILVERM26NOV199250CE,SILVERM,23NOV2026,19925000.000000,1,OPTFUT,NCO,50.000000,120,False
129209,SILVERM26NOV199750PE,SILVERM,23NOV2026,19975000.000000,1,OPTFUT,NCO,50.000000,120,False
129220,SILVER27MAR239500CE,SILVER,02MAR2027,23950000.000000,1,OPTBLN,NCO,50.000000,20,False
129233,SILVERM27JUN235250PE,SILVERM,23JUN2027,23525000.000000,1,OPTFUT,NCO,50.000000,120,False
135336,GOLDM26OCT163900CE,GOLDM,29OCT2026,16390000.000000,1,OPTFUT,NCO,50.000000,100,False
135461,SILVERM27JUN257750CE,SILVERM,23JUN2027,25775000.000000,1,OPTFUT,NCO,50.000000,120,False
135469,SILVERM27JUN258750CE,SILVERM,23JUN2027,25875000.000000,1,OPTFUT,NCO,50.000000,120,False
135477,SILVERM27JUN259750CE,SILVERM,23JUN2027,25975000.000000,1,OPTFUT,NCO,50.000000,120,False
129235,SILVERM27JUN235500PE,SILVERM,23JUN2027,23550000.000000,1,OPTFUT,NCO,50.000000,120,False
129237,SILVERM27JUN235750PE,SILVERM,23JUN2027,23575000.000000,1,OPTFUT,NCO,50.000000,120,False
129241,SILVERM27JUN236250PE,SILVERM,23JUN2027,23625000.000000,1,OPTFUT,NCO,50.000000,120,False
129245,SILVERM27JUN236750PE,SILVERM,23JUN2027,23675000.000000,1,OPTFUT,NCO,50.000000,120,False
135479,SILVERM27JUN260000CE,SILVERM,23JUN2027,26000000.000000,1,OPTFUT,NCO,50.000000,120,False
135505,SILVERM27JUN263250CE,SILVERM,23JUN2027,26325000.000000,1,OPTFUT,NCO,50.000000,120,False
135573,GOLD26SEP126500CE,GOLD,25SEP2026,12650000.000000,1,OPTFUT,NCO,50.000000,10,False
135581,GOLD26SEP126900CE,GOLD,25SEP2026,12690000.000000,1,OPTFUT,NCO,50.000000,10,False
129247,SILVERM27MAY231500PE,SILVERM,24MAY2027,23150000.000000,1,OPTFUT,NCO,50.000000,120,False
129251,GOLD26OCT136800PE,GOLD,29OCT2026,13680000.000000,1,OPTFUT,NCO,50.000000,10,False
129255,GOLD26OCT137000PE,GOLD,29OCT2026,13700000.000000,1,OPTFUT,NCO,50.000000,10,False
129257,SILVERM27JAN326750PE,SILVERM,21JAN2027,32675000.000000,1,OPTFUT,NCO,50.000000,120,False
135599,GOLD26SEP127800CE,GOLD,25SEP2026,12780000.000000,1,OPTFUT,NCO,50.000000,10,False
135602,GOLD26SEP127900PE,GOLD,25SEP2026,12790000.000000,1,OPTFUT,NCO,50.000000,10,False
135623,SILVERM26OCT207750CE,SILVERM,23OCT2026,20775000.000000,1,OPTFUT,NCO,50.000000,120,False
135627,SILVERM26OCT208250CE,SILVERM,23OCT2026,20825000.000000,1,OPTFUT,NCO,50.000000,120,False
129260,SILVERM27JAN327250CE,SILVERM,21JAN2027,32725000.000000,1,OPTFUT,NCO,50.000000,120,False
129338,SILVER27MAR239500PE,SILVER,02MAR2027,23950000.000000,1,OPTBLN,NCO,50.000000,20,False
129339,SILVER27MAR239750CE,SILVER,02MAR2027,23975000.000000,1,OPTBLN,NCO,50.000000,20,False
129356,SILVERM27JUN237750CE,SILVERM,23JUN2027,23775000.000000,1,OPTFUT,NCO,50.000000,120,False
135639,SILVERM26OCT209750CE,SILVERM,23OCT2026,20975000.000000,1,OPTFUT,NCO,50.000000,120,False
135641,SILVERM26OCT210000CE,SILVERM,23OCT2026,21000000.000000,1,OPTFUT,NCO,50.000000,120,False
135644,SILVERM26OCT210250PE,SILVERM,23OCT2026,21025000.000000,1,OPTFUT,NCO,50.000000,120,False
135647,SILVERM26NOV206250CE,SILVERM,23NOV2026,20625000.000000,1,OPTFUT,NCO,50.000000,120,False
129375,SILVERM27JUN240000PE,SILVERM,23JUN2027,24000000.000000,1,OPTFUT,NCO,50.000000,120,False
129378,SILVERM27JUN240500CE,SILVERM,23JUN2027,24050000.000000,1,OPTFUT,NCO,50.000000,120,False
129399,SILVERM27MAY231750PE,SILVERM,24MAY2027,23175000.000000,1,OPTFUT,NCO,50.000000,120,False
129403,SILVERM27MAY232250PE,SILVERM,24MAY2027,23225000.000000,1,OPTFUT,NCO,50.000000,120,False
135649,SILVERM26NOV206500CE,SILVERM,23NOV2026,20650000.000000,1,OPTFUT,NCO,50.000000,120,False
135652,SILVERM26NOV206750PE,SILVERM,23NOV2026,20675000.000000,1,OPTFUT,NCO,50.000000,120,False
135661,SILVERM26NOV208000CE,SILVERM,23NOV2026,20800000.000000,1,OPTFUT,NCO,50.000000,120,False
135662,SILVERM26NOV208000PE,SILVERM,23NOV2026,20800000.000000,1,OPTFUT,NCO,50.000000,120,False
129418,SILVERM27JUL247250PE,SILVERM,23JUL2027,24725000.000000,1,OPTFUT,NCO,50.000000,120,False
129430,SILVERM27JUL248500PE,SILVERM,23JUL2027,24850000.000000,1,OPTFUT,NCO,50.000000,120,False
129431,SILVERM27JUL248750CE,SILVERM,23JUL2027,24875000.000000,1,OPTFUT,NCO,50.000000,120,False
129446,SILVER27MAR242500PE,SILVER,02MAR2027,24250000.000000,1,OPTBLN,NCO,50.000000,20,False
135669,SILVERM26NOV209000CE,SILVERM,23NOV2026,20900000.000000,1,OPTFUT,NCO,50.000000,120,False
135671,SILVERM26NOV209250CE,SILVERM,23NOV2026,20925000.000000,1,OPTFUT,NCO,50.000000,120,False
135678,SILVERM26NOV210000PE,SILVERM,23NOV2026,21000000.000000,1,OPTFUT,NCO,50.000000,120,False
135683,SILVERM26NOV210750CE,SILVERM,23NOV2026,21075000.000000,1,OPTFUT,NCO,50.000000,120,False
129455,SILVERM27JAN329000PE,SILVERM,21JAN2027,32900000.000000,1,OPTFUT,NCO,50.000000,120,False
129465,SILVERM26NOV201000PE,SILVERM,23NOV2026,20100000.000000,1,OPTFUT,NCO,50.000000,120,False
129469,SILVERM26NOV201500PE,SILVERM,23NOV2026,20150000.000000,1,OPTFUT,NCO,50.000000,120,False
129516,GOLD27MAR161700PE,GOLD,29MAR2027,16170000.000000,1,OPTFUT,NCO,50.000000,10,False
135746,SILVERM26SEP229000PE,SILVERM,23SEP2026,22900000.000000,1,OPTFUT,NCO,50.000000,120,False
135751,SILVERM27JAN255250CE,SILVERM,21JAN2027,25525000.000000,1,OPTFUT,NCO,50.000000,120,False
135775,SILVERM27JUL261000PE,SILVERM,23JUL2027,26100000.000000,1,OPTFUT,NCO,50.000000,120,False
135777,SILVERM27JUL261250PE,SILVERM,23JUL2027,26125000.000000,1,OPTFUT,NCO,50.000000,120,False
129517,GOLD27MAR161800CE,GOLD,29MAR2027,16180000.000000,1,OPTFUT,NCO,50.000000,10,False
129546,SILVER27MAR245250PE,SILVER,02MAR2027,24525000.000000,1,OPTBLN,NCO,50.000000,20,False
129553,SILVER27MAR246250CE,SILVER,02MAR2027,24625000.000000,1,OPTBLN,NCO,50.000000,20,False
129560,SILVERM27MAY233500CE,SILVERM,24MAY2027,23350000.000000,1,OPTFUT,NCO,50.000000,120,False
135783,SILVERM27JUL262000PE,SILVERM,23JUL2027,26200000.000000,1,OPTFUT,NCO,50.000000,120,False
135787,SILVERM27JAN255750CE,SILVERM,21JAN2027,25575000.000000,1,OPTFUT,NCO,50.000000,120,False
135807,SILVERM26SEP230750CE,SILVERM,23SEP2026,23075000.000000,1,OPTFUT,NCO,50.000000,120,False
135814,SILVERM26SEP231500PE,SILVERM,23SEP2026,23150000.000000,1,OPTFUT,NCO,50.000000,120,False
129581,SILVERM27JUL250250CE,SILVERM,23JUL2027,25025000.000000,1,OPTFUT,NCO,50.000000,120,False
129588,SILVERM27JUL251000PE,SILVERM,23JUL2027,25100000.000000,1,OPTFUT,NCO,50.000000,120,False
129608,GOLD27JUN160400PE,GOLD,28JUN2027,16040000.000000,1,OPTFUT,NCO,50.000000,10,False
129616,GOLD27JUN160800PE,GOLD,28JUN2027,16080000.000000,1,OPTFUT,NCO,50.000000,10,False
129676,SILVER27MAR247500CE,SILVER,02MAR2027,24750000.000000,1,OPTBLN,NCO,50.000000,20,False
129690,SILVER27MAR249250CE,SILVER,02MAR2027,24925000.000000,1,OPTBLN,NCO,50.000000,20,False
129711,SILVER27MAR251750PE,SILVER,02MAR2027,25175000.000000,1,OPTBLN,NCO,50.000000,20,False
129713,SILVER27MAR252000PE,SILVER,02MAR2027,25200000.000000,1,OPTBLN,NCO,50.000000,20,False
135842,SILVERM27JAN258750PE,SILVERM,21JAN2027,25875000.000000,1,OPTFUT,NCO,50.000000,120,False
135845,SILVERM27JAN259250CE,SILVERM,21JAN2027,25925000.000000,1,OPTFUT,NCO,50.000000,120,False
135855,SILVERM27FEB256000PE,SILVERM,19FEB2027,25600000.000000,1,OPTFUT,NCO,50.000000,120,False
135867,SILVERM27FEB257500PE,SILVERM,19FEB2027,25750000.000000,1,OPTFUT,NCO,50.000000,120,False
129726,SILVERM26OCT172750PE,SILVERM,23OCT2026,17275000.000000,1,OPTFUT,NCO,50.000000,120,False
129727,SILVERM26OCT173000CE,SILVERM,23OCT2026,17300000.000000,1,OPTFUT,NCO,50.000000,120,False
129799,GOLD27JUL161300CE,GOLD,29JUL2027,16130000.000000,1,OPTFUT,NCO,50.000000,10,False
129809,SILVER27MAR253750PE,SILVER,02MAR2027,25375000.000000,1,OPTBLN,NCO,50.000000,20,False
135879,SILVERM27FEB259000PE,SILVERM,19FEB2027,25900000.000000,1,OPTFUT,NCO,50.000000,120,False
135932,GOLD27MAY151100CE,GOLD,28MAY2027,15110000.000000,1,OPTFUT,NCO,50.000000,10,False
135935,SILVERM27JUL262500CE,SILVERM,23JUL2027,26250000.000000,1,OPTFUT,NCO,50.000000,120,False
135938,SILVERM27JUL262750PE,SILVERM,23JUL2027,26275000.000000,1,OPTFUT,NCO,50.000000,120,False
129819,SILVERM27MAY250500PE,SILVERM,24MAY2027,25050000.000000,1,OPTFUT,NCO,50.000000,120,False
129821,SILVERM27MAY250750PE,SILVERM,24MAY2027,25075000.000000,1,OPTFUT,NCO,50.000000,120,False
129828,SILVERM27MAY251750CE,SILVERM,24MAY2027,25175000.000000,1,OPTFUT,NCO,50.000000,120,False
129829,SILVERM27MAY251750PE,SILVERM,24MAY2027,25175000.000000,1,OPTFUT,NCO,50.000000,120,False
135962,SILVERM27APR240000CE,SILVERM,23APR2027,24000000.000000,1,OPTFUT,NCO,50.000000,120,False
135965,SILVERM27MAY240500PE,SILVERM,24MAY2027,24050000.000000,1,OPTFUT,NCO,50.000000,120,False
135967,SILVERM27MAY240750PE,SILVERM,24MAY2027,24075000.000000,1,OPTFUT,NCO,50.000000,120,False
135982,SILVERM27JUL265000CE,SILVERM,23JUL2027,26500000.000000,1,OPTFUT,NCO,50.000000,120,False
129845,SILVER27MAR254500CE,SILVER,02MAR2027,25450000.000000,1,OPTBLN,NCO,50.000000,20,False
129846,SILVER27MAR254500PE,SILVER,02MAR2027,25450000.000000,1,OPTBLN,NCO,50.000000,20,False
129852,GOLD27MAR163900PE,GOLD,29MAR2027,16390000.000000,1,OPTFUT,NCO,50.000000,10,False
129855,GOLD27MAR164100CE,GOLD,29MAR2027,16410000.000000,1,OPTFUT,NCO,50.000000,10,False
135985,SILVERM27JUL265250PE,SILVERM,23JUL2027,26525000.000000,1,OPTFUT,NCO,50.000000,120,False
135989,SILVERM27JUL265750PE,SILVERM,23JUL2027,26575000.000000,1,OPTFUT,NCO,50.000000,120,False
136008,GOLD27MAY169900CE,GOLD,28MAY2027,16990000.000000,1,OPTFUT,NCO,50.000000,10,False
136021,GOLD27MAY170500PE,GOLD,28MAY2027,17050000.000000,1,OPTFUT,NCO,50.000000,10,False
129856,GOLD27MAR164100PE,GOLD,29MAR2027,16410000.000000,1,OPTFUT,NCO,50.000000,10,False
129869,GOLD27MAR164800CE,GOLD,29MAR2027,16480000.000000,1,OPTFUT,NCO,50.000000,10,False
129873,GOLD27MAR165000CE,GOLD,29MAR2027,16500000.000000,1,OPTFUT,NCO,50.000000,10,False
129894,GOLD27MAR166000PE,GOLD,29MAR2027,16600000.000000,1,OPTFUT,NCO,50.000000,10,False
136033,GOLD27MAY171100PE,GOLD,28MAY2027,17110000.000000,1,OPTFUT,NCO,50.000000,10,False
136072,SILVERM26SEP161250PE,SILVERM,23SEP2026,16125000.000000,1,OPTFUT,NCO,50.000000,120,False
136079,SILVERM26SEP162250CE,SILVERM,23SEP2026,16225000.000000,1,OPTFUT,NCO,50.000000,120,False
136084,SILVERM26SEP162750PE,SILVERM,23SEP2026,16275000.000000,1,OPTFUT,NCO,50.000000,120,False
129897,GOLD27MAR166200CE,GOLD,29MAR2027,16620000.000000,1,OPTFUT,NCO,50.000000,10,False
129904,GOLD27MAR166500PE,GOLD,29MAR2027,16650000.000000,1,OPTFUT,NCO,50.000000,10,False
129923,GOLD27MAR167500CE,GOLD,29MAR2027,16750000.000000,1,OPTFUT,NCO,50.000000,10,False
129940,SILVERM27JUN243750PE,SILVERM,23JUN2027,24375000.000000,1,OPTFUT,NCO,50.000000,120,False
136090,SILVERM26SEP163500PE,SILVERM,23SEP2026,16350000.000000,1,OPTFUT,NCO,50.000000,120,False
136097,SILVERM27JAN260500CE,SILVERM,21JAN2027,26050000.000000,1,OPTFUT,NCO,50.000000,120,False
136107,SILVERM26SEP233000CE,SILVERM,23SEP2026,23300000.000000,1,OPTFUT,NCO,50.000000,120,False
136112,SILVERM27JAN261500PE,SILVERM,21JAN2027,26150000.000000,1,OPTFUT,NCO,50.000000,120,False
129947,SILVERM27JUN244750CE,SILVERM,23JUN2027,24475000.000000,1,OPTFUT,NCO,50.000000,120,False
129954,SILVERM27JUN245500PE,SILVERM,23JUN2027,24550000.000000,1,OPTFUT,NCO,50.000000,120,False
129957,ZINC26OCT360CE,ZINC,23OCT2026,36000.000000,1,OPTFUT,NCO,1.000000,20,False
129958,ZINC26OCT360PE,ZINC,23OCT2026,36000.000000,1,OPTFUT,NCO,1.000000,20,False
136119,SILVERM27FEB261000PE,SILVERM,19FEB2027,26100000.000000,1,OPTFUT,NCO,50.000000,120,False
136124,SILVERM27FEB261750CE,SILVERM,19FEB2027,26175000.000000,1,OPTFUT,NCO,50.000000,120,False
136137,GOLD27MAY171400PE,GOLD,28MAY2027,17140000.000000,1,OPTFUT,NCO,50.000000,10,False
136156,SILVERM27JAN262750PE,SILVERM,21JAN2027,26275000.000000,1,OPTFUT,NCO,50.000000,120,False
129967,SILVERM27MAY254000CE,SILVERM,24MAY2027,25400000.000000,1,OPTFUT,NCO,50.000000,120,False
129982,GOLD27MAR168300PE,GOLD,29MAR2027,16830000.000000,1,OPTFUT,NCO,50.000000,10,False
129992,GOLD27MAR168800PE,GOLD,29MAR2027,16880000.000000,1,OPTFUT,NCO,50.000000,10,False
130002,GOLD27MAR169300PE,GOLD,29MAR2027,16930000.000000,1,OPTFUT,NCO,50.000000,10,False
136161,SILVERM27FEB262500PE,SILVERM,19FEB2027,26250000.000000,1,OPTFUT,NCO,50.000000,120,False
136164,SILVERM27FEB263000CE,SILVERM,19FEB2027,26300000.000000,1,OPTFUT,NCO,50.000000,120,False
136192,SILVERM27APR238500CE,SILVERM,23APR2027,23850000.000000,1,OPTFUT,NCO,50.000000,120,False
136194,SILVERM27APR238750CE,SILVERM,23APR2027,23875000.000000,1,OPTFUT,NCO,50.000000,120,False
130006,GOLD27MAR169500PE,GOLD,29MAR2027,16950000.000000,1,OPTFUT,NCO,50.000000,10,False
130011,GOLD27MAR169800CE,GOLD,29MAR2027,16980000.000000,1,OPTFUT,NCO,50.000000,10,False
130031,SILVERM27MAY255500PE,SILVERM,24MAY2027,25550000.000000,1,OPTFUT,NCO,50.000000,120,False
130032,SILVERM27MAY255750CE,SILVERM,24MAY2027,25575000.000000,1,OPTFUT,NCO,50.000000,120,False
136200,SILVERM27MAY236000CE,SILVERM,24MAY2027,23600000.000000,1,OPTFUT,NCO,50.000000,120,False
136204,SILVERM27MAY236500CE,SILVERM,24MAY2027,23650000.000000,1,OPTFUT,NCO,50.000000,120,False
136220,GOLD27JUN170800PE,GOLD,28JUN2027,17080000.000000,1,OPTFUT,NCO,50.000000,10,False
136222,GOLD27JUN170900PE,GOLD,28JUN2027,17090000.000000,1,OPTFUT,NCO,50.000000,10,False
130047,SILVERM27MAY257500PE,SILVERM,24MAY2027,25750000.000000,1,OPTFUT,NCO,50.000000,120,False
130056,SILVERM27MAY258750CE,SILVERM,24MAY2027,25875000.000000,1,OPTFUT,NCO,50.000000,120,False
130064,SILVERM27MAY259750CE,SILVERM,24MAY2027,25975000.000000,1,OPTFUT,NCO,50.000000,120,False
130100,GOLD27JUN151600PE,GOLD,28JUN2027,15160000.000000,1,OPTFUT,NCO,50.000000,10,False
136268,SILVERM27MAY238250CE,SILVERM,24MAY2027,23825000.000000,1,OPTFUT,NCO,50.000000,120,False
136303,GOLD27JAN164600CE,GOLD,29JAN2027,16460000.000000,1,OPTFUT,NCO,50.000000,10,False
136348,SILVERM27FEB264500CE,SILVERM,19FEB2027,26450000.000000,1,OPTFUT,NCO,50.000000,120,False
136355,SILVERM27FEB265250PE,SILVERM,19FEB2027,26525000.000000,1,OPTFUT,NCO,50.000000,120,False
136359,SILVERM27FEB265750PE,SILVERM,19FEB2027,26575000.000000,1,OPTFUT,NCO,50.000000,120,False
136361,SILVERM27FEB266000PE,SILVERM,19FEB2027,26600000.000000,1,OPTFUT,NCO,50.000000,120,False
136362,SILVERM27FEB266250CE,SILVERM,19FEB2027,26625000.000000,1,OPTFUT,NCO,50.000000,120,False
136390,GOLD27JUN172500PE,GOLD,28JUN2027,17250000.000000,1,OPTFUT,NCO,50.000000,10,False
130103,GOLD27JUN151800CE,GOLD,28JUN2027,15180000.000000,1,OPTFUT,NCO,50.000000,10,False
130121,GOLD27JUL162000CE,GOLD,29JUL2027,16200000.000000,1,OPTFUT,NCO,50.000000,10,False
130135,GOLDM26SEP153600CE,GOLDM,25SEP2026,15360000.000000,1,OPTFUT,NCO,50.000000,100,False
130148,GOLDM26SEP154200PE,GOLDM,25SEP2026,15420000.000000,1,OPTFUT,NCO,50.000000,100,False
136429,GOLD26SEP141200CE,GOLD,25SEP2026,14120000.000000,1,OPTFUT,NCO,50.000000,10,False
136439,GOLD26SEP141700CE,GOLD,25SEP2026,14170000.000000,1,OPTFUT,NCO,50.000000,10,False
136466,GOLD26OCT142700PE,GOLD,29OCT2026,14270000.000000,1,OPTFUT,NCO,50.000000,10,False
136470,GOLD26NOV142600PE,GOLD,27NOV2026,14260000.000000,1,OPTFUT,NCO,50.000000,10,False
130151,GOLDM26OCT154000CE,GOLDM,29OCT2026,15400000.000000,1,OPTFUT,NCO,50.000000,100,False
130184,SILVERM27AUG240250PE,SILVERM,24AUG2027,24025000.000000,1,OPTFUT,NCO,50.000000,120,False
130188,SILVERM27AUG240750PE,SILVERM,24AUG2027,24075000.000000,1,OPTFUT,NCO,50.000000,120,False
130196,SILVERM27AUG241750PE,SILVERM,24AUG2027,24175000.000000,1,OPTFUT,NCO,50.000000,120,False
136498,GOLD27JUL173000CE,GOLD,29JUL2027,17300000.000000,1,OPTFUT,NCO,50.000000,10,False
136500,GOLD27JUL173100CE,GOLD,29JUL2027,17310000.000000,1,OPTFUT,NCO,50.000000,10,False
136528,GOLD27JAN164800PE,GOLD,29JAN2027,16480000.000000,1,OPTFUT,NCO,50.000000,10,False
136529,GOLD27JAN164900CE,GOLD,29JAN2027,16490000.000000,1,OPTFUT,NCO,50.000000,10,False
130231,GOLD27APR163100CE,GOLD,28APR2027,16310000.000000,1,OPTFUT,NCO,50.000000,10,False
130247,GOLD27APR163900CE,GOLD,28APR2027,16390000.000000,1,OPTFUT,NCO,50.000000,10,False
130257,GOLD27APR164400CE,GOLD,28APR2027,16440000.000000,1,OPTFUT,NCO,50.000000,10,False
130271,GOLD27APR165100CE,GOLD,28APR2027,16510000.000000,1,OPTFUT,NCO,50.000000,10,False
136531,GOLD27JAN165000CE,GOLD,29JAN2027,16500000.000000,1,OPTFUT,NCO,50.000000,10,False
136538,GOLD27JAN165300PE,GOLD,29JAN2027,16530000.000000,1,OPTFUT,NCO,50.000000,10,False
136545,GOLD27JAN165700CE,GOLD,29JAN2027,16570000.000000,1,OPTFUT,NCO,50.000000,10,False
136548,GOLD27JAN165800PE,GOLD,29JAN2027,16580000.000000,1,OPTFUT,NCO,50.000000,10,False
136554,GOLD27JAN166100PE,GOLD,29JAN2027,16610000.000000,1,OPTFUT,NCO,50.000000,10,False
136566,GOLD27JAN166700PE,GOLD,29JAN2027,16670000.000000,1,OPTFUT,NCO,50.000000,10,False
136557,GOLD27JAN166300CE,GOLD,29JAN2027,16630000.000000,1,OPTFUT,NCO,50.000000,10,False
136559,GOLD27JAN166400CE,GOLD,29JAN2027,16640000.000000,1,OPTFUT,NCO,50.000000,10,False
130274,GOLD27APR165200PE,GOLD,28APR2027,16520000.000000,1,OPTFUT,NCO,50.000000,10,False
130309,SILVERM27MAR262500PE,SILVERM,24MAR2027,26250000.000000,1,OPTFUT,NCO,50.000000,120,False
130310,SILVERM27MAR262750CE,SILVERM,24MAR2027,26275000.000000,1,OPTFUT,NCO,50.000000,120,False
130320,SILVERM26OCT177500PE,SILVERM,23OCT2026,17750000.000000,1,OPTFUT,NCO,50.000000,120,False
136572,GOLD27JAN167000PE,GOLD,29JAN2027,16700000.000000,1,OPTFUT,NCO,50.000000,10,False
136580,SILVERM27FEB268000CE,SILVERM,19FEB2027,26800000.000000,1,OPTFUT,NCO,50.000000,120,False
136606,SILVERM27FEB271250CE,SILVERM,19FEB2027,27125000.000000,1,OPTFUT,NCO,50.000000,120,False
136614,NATURALGAS26SEP245PE,NATURALGAS,21SEP2026,24500.000000,1,OPTFUT,NCO,5.000000,48,False
130334,SILVERM26OCT179250PE,SILVERM,23OCT2026,17925000.000000,1,OPTFUT,NCO,50.000000,120,False
130366,GOLDM26SEP145300PE,GOLDM,25SEP2026,14530000.000000,1,OPTFUT,NCO,50.000000,100,False
130371,ZINC26OCT402.5CE,ZINC,23OCT2026,40250.000000,1,OPTFUT,NCO,1.000000,20,False
130377,GOLD27APR166400PE,GOLD,28APR2027,16640000.000000,1,OPTFUT,NCO,50.000000,10,False
136625,NATURALGAS26SEP275CE,NATURALGAS,21SEP2026,27500.000000,1,OPTFUT,NCO,5.000000,48,False
136628,NATURALGAS26SEP280PE,NATURALGAS,21SEP2026,28000.000000,1,OPTFUT,NCO,5.000000,48,False
136658,NATURALGAS26SEP355PE,NATURALGAS,21SEP2026,35500.000000,1,OPTFUT,NCO,5.000000,48,False
136661,NATURALGAS26SEP365CE,NATURALGAS,21SEP2026,36500.000000,1,OPTFUT,NCO,5.000000,48,False
130380,GOLD27APR166600CE,GOLD,28APR2027,16660000.000000,1,OPTFUT,NCO,50.000000,10,False
130381,GOLD27APR166600PE,GOLD,28APR2027,16660000.000000,1,OPTFUT,NCO,50.000000,10,False
130383,SILVERM27JAN334000CE,SILVERM,21JAN2027,33400000.000000,1,OPTFUT,NCO,50.000000,120,False
130385,SILVERM27JAN334250CE,SILVERM,21JAN2027,33425000.000000,1,OPTFUT,NCO,50.000000,120,False
136662,NATURALGAS26SEP365PE,NATURALGAS,21SEP2026,36500.000000,1,OPTFUT,NCO,5.000000,48,False
136676,SILVERM27MAR223500PE,SILVERM,24MAR2027,22350000.000000,1,OPTFUT,NCO,50.000000,120,False
136681,SILVERM27MAR224250CE,SILVERM,24MAR2027,22425000.000000,1,OPTFUT,NCO,50.000000,120,False
136684,SILVERM27MAR224500PE,SILVERM,24MAR2027,22450000.000000,1,OPTFUT,NCO,50.000000,120,False
130398,SILVERM27MAR263250CE,SILVERM,24MAR2027,26325000.000000,1,OPTFUT,NCO,50.000000,120,False
130417,ZINC26OCT372.5PE,ZINC,23OCT2026,37250.000000,1,OPTFUT,NCO,1.000000,20,False
130419,GOLDM26OCT154200CE,GOLDM,29OCT2026,15420000.000000,1,OPTFUT,NCO,50.000000,100,False
130452,SILVERM27AUG243500CE,SILVERM,24AUG2027,24350000.000000,1,OPTFUT,NCO,50.000000,120,False
136689,SILVERM27MAR225250CE,SILVERM,24MAR2027,22525000.000000,1,OPTFUT,NCO,50.000000,120,False
136691,SILVERM27MAR225500CE,SILVERM,24MAR2027,22550000.000000,1,OPTFUT,NCO,50.000000,120,False
136692,SILVERM27MAR225500PE,SILVERM,24MAR2027,22550000.000000,1,OPTFUT,NCO,50.000000,120,False
136694,SILVERM27MAR225750PE,SILVERM,24MAR2027,22575000.000000,1,OPTFUT,NCO,50.000000,120,False
130477,SILVERM27AUG244250CE,SILVERM,24AUG2027,24425000.000000,1,OPTFUT,NCO,50.000000,120,False
130484,SILVERM27AUG244500PE,SILVERM,24AUG2027,24450000.000000,1,OPTFUT,NCO,50.000000,120,False
130488,GOLD27JUN150400CE,GOLD,28JUN2027,15040000.000000,1,OPTFUT,NCO,50.000000,10,False
130498,COPPER26SEP1250CE,COPPER,23SEP2026,125000.000000,1,OPTFUT,NCO,1.000000,70,False
136697,SILVERM27MAR226250CE,SILVERM,24MAR2027,22625000.000000,1,OPTFUT,NCO,50.000000,120,False
136701,SILVERM27MAR226750CE,SILVERM,24MAR2027,22675000.000000,1,OPTFUT,NCO,50.000000,120,False
136728,SILVERM27APR226000PE,SILVERM,23APR2027,22600000.000000,1,OPTFUT,NCO,50.000000,120,False
136736,SILVERM27APR227000PE,SILVERM,23APR2027,22700000.000000,1,OPTFUT,NCO,50.000000,120,False
130499,COPPER26SEP1250PE,COPPER,23SEP2026,125000.000000,1,OPTFUT,NCO,1.000000,70,False
130535,GOLD27APR167600PE,GOLD,28APR2027,16760000.000000,1,OPTFUT,NCO,50.000000,10,False
130538,GOLD27APR167800CE,GOLD,28APR2027,16780000.000000,1,OPTFUT,NCO,50.000000,10,False
130554,GOLDM26OCT155000CE,GOLDM,29OCT2026,15500000.000000,1,OPTFUT,NCO,50.000000,100,False
136742,SILVERM27APR227750PE,SILVERM,23APR2027,22775000.000000,1,OPTFUT,NCO,50.000000,120,False
136765,SILVERM27MAY227000CE,SILVERM,24MAY2027,22700000.000000,1,OPTFUT,NCO,50.000000,120,False
136767,SILVERM27MAY227250CE,SILVERM,24MAY2027,22725000.000000,1,OPTFUT,NCO,50.000000,120,False
136813,GOLDM26SEP163300CE,GOLDM,25SEP2026,16330000.000000,1,OPTFUT,NCO,50.000000,100,False
130659,SILVERM27MAR269500CE,SILVERM,24MAR2027,26950000.000000,1,OPTFUT,NCO,50.000000,120,False
130662,SILVERM27MAR269750PE,SILVERM,24MAR2027,26975000.000000,1,OPTFUT,NCO,50.000000,120,False
130681,GOLD27APR168700PE,GOLD,28APR2027,16870000.000000,1,OPTFUT,NCO,50.000000,10,False
130672,GOLD27APR168300CE,GOLD,28APR2027,16830000.000000,1,OPTFUT,NCO,50.000000,10,False
136817,GOLDM26SEP163500CE,GOLDM,25SEP2026,16350000.000000,1,OPTFUT,NCO,50.000000,100,False
136818,GOLDM26SEP163500PE,GOLDM,25SEP2026,16350000.000000,1,OPTFUT,NCO,50.000000,100,False
136822,GOLDM26SEP163700PE,GOLDM,25SEP2026,16370000.000000,1,OPTFUT,NCO,50.000000,100,False
136824,GOLDM26SEP163800PE,GOLDM,25SEP2026,16380000.000000,1,OPTFUT,NCO,50.000000,100,False
130688,GOLD27APR169100CE,GOLD,28APR2027,16910000.000000,1,OPTFUT,NCO,50.000000,10,False
130713,GOLD27FEB168800CE,GOLD,26FEB2027,16880000.000000,1,OPTFUT,NCO,50.000000,10,False
130735,GOLD27JUL163300PE,GOLD,29JUL2027,16330000.000000,1,OPTFUT,NCO,50.000000,10,False
130736,GOLD27JUL163400CE,GOLD,29JUL2027,16340000.000000,1,OPTFUT,NCO,50.000000,10,False
136831,GOLDM26SEP164200CE,GOLDM,25SEP2026,16420000.000000,1,OPTFUT,NCO,50.000000,100,False
136835,GOLDM26SEP164400CE,GOLDM,25SEP2026,16440000.000000,1,OPTFUT,NCO,50.000000,100,False
136836,GOLDM26SEP164400PE,GOLDM,25SEP2026,16440000.000000,1,OPTFUT,NCO,50.000000,100,False
136842,GOLDM26SEP164700PE,GOLDM,25SEP2026,16470000.000000,1,OPTFUT,NCO,50.000000,100,False
130756,GOLD27APR170500CE,GOLD,28APR2027,17050000.000000,1,OPTFUT,NCO,50.000000,10,False
130761,GOLD27APR170700PE,GOLD,28APR2027,17070000.000000,1,OPTFUT,NCO,50.000000,10,False
130763,GOLD27APR170800PE,GOLD,28APR2027,17080000.000000,1,OPTFUT,NCO,50.000000,10,False
130776,SILVERM27MAY262750PE,SILVERM,24MAY2027,26275000.000000,1,OPTFUT,NCO,50.000000,120,False
136845,GOLDM26SEP164900CE,GOLDM,25SEP2026,16490000.000000,1,OPTFUT,NCO,50.000000,100,False
136866,GOLDM26OCT164700PE,GOLDM,29OCT2026,16470000.000000,1,OPTFUT,NCO,50.000000,100,False
136876,GOLDM26OCT165200PE,GOLDM,29OCT2026,16520000.000000,1,OPTFUT,NCO,50.000000,100,False
136937,GOLD26SEP129700CE,GOLD,25SEP2026,12970000.000000,1,OPTFUT,NCO,50.000000,10,False
130783,GOLD27FEB169200PE,GOLD,26FEB2027,16920000.000000,1,OPTFUT,NCO,50.000000,10,False
130790,GOLD27APR171500PE,GOLD,28APR2027,17150000.000000,1,OPTFUT,NCO,50.000000,10,False
130793,GOLD27APR171700CE,GOLD,28APR2027,17170000.000000,1,OPTFUT,NCO,50.000000,10,False
130804,SILVERM27MAY263250CE,SILVERM,24MAY2027,26325000.000000,1,OPTFUT,NCO,50.000000,120,False
136946,GOLD26SEP130100PE,GOLD,25SEP2026,13010000.000000,1,OPTFUT,NCO,50.000000,10,False
136954,GOLD26SEP130500PE,GOLD,25SEP2026,13050000.000000,1,OPTFUT,NCO,50.000000,10,False
136959,GOLD26SEP130800CE,GOLD,25SEP2026,13080000.000000,1,OPTFUT,NCO,50.000000,10,False
136969,GOLD26SEP131300CE,GOLD,25SEP2026,13130000.000000,1,OPTFUT,NCO,50.000000,10,False
130811,SILVERM26SEP144500PE,SILVERM,23SEP2026,14450000.000000,1,OPTFUT,NCO,50.000000,120,False
130816,SILVERM26SEP145250CE,SILVERM,23SEP2026,14525000.000000,1,OPTFUT,NCO,50.000000,120,False
130819,SILVERM26SEP145500PE,SILVERM,23SEP2026,14550000.000000,1,OPTFUT,NCO,50.000000,120,False
130822,SILVERM26SEP146000CE,SILVERM,23SEP2026,14600000.000000,1,OPTFUT,NCO,50.000000,120,False
136983,GOLD26SEP132000CE,GOLD,25SEP2026,13200000.000000,1,OPTFUT,NCO,50.000000,10,False
136987,GOLD26NOV143100CE,GOLD,27NOV2026,14310000.000000,1,OPTFUT,NCO,50.000000,10,False
137033,CRUDEOILM26SEPFUT,CRUDEOILM,21SEP2026,-1.000000,1,FUTENR,NCO,100.000000,1000,False
137038,GOLDM26OCT165700CE,GOLDM,29OCT2026,16570000.000000,1,OPTFUT,NCO,50.000000,100,False
137044,GOLDM26OCT166000CE,GOLDM,29OCT2026,16600000.000000,1,OPTFUT,NCO,50.000000,100,False
137047,SILVERM27JAN249500CE,SILVERM,21JAN2027,24950000.000000,1,OPTFUT,NCO,50.000000,120,False
137048,SILVERM27JAN249500PE,SILVERM,21JAN2027,24950000.000000,1,OPTFUT,NCO,50.000000,120,False
137053,SILVERM27JUN265000PE,SILVERM,23JUN2027,26500000.000000,1,OPTFUT,NCO,50.000000,120,False
130830,SILVERM27MAY264500PE,SILVERM,24MAY2027,26450000.000000,1,OPTFUT,NCO,50.000000,120,False
130838,SILVERM27MAY265500PE,SILVERM,24MAY2027,26550000.000000,1,OPTFUT,NCO,50.000000,120,False
130841,SILVERM27MAY266000CE,SILVERM,24MAY2027,26600000.000000,1,OPTFUT,NCO,50.000000,120,False
130850,GOLD27MAR144400CE,GOLD,29MAR2027,14440000.000000,1,OPTFUT,NCO,50.000000,10,False
137099,SILVERM26SEP250750PE,SILVERM,23SEP2026,25075000.000000,1,OPTFUT,NCO,50.000000,120,False
137106,SILVERM26SEP251750CE,SILVERM,23SEP2026,25175000.000000,1,OPTFUT,NCO,50.000000,120,False
137119,SILVERM26SEP253250PE,SILVERM,23SEP2026,25325000.000000,1,OPTFUT,NCO,50.000000,120,False
137176,SILVERM27MAR223000CE,SILVERM,24MAR2027,22300000.000000,1,OPTFUT,NCO,50.000000,120,False
130854,GOLD27MAR144600CE,GOLD,29MAR2027,14460000.000000,1,OPTFUT,NCO,50.000000,10,False
130866,GOLD27MAR145200CE,GOLD,29MAR2027,14520000.000000,1,OPTFUT,NCO,50.000000,10,False
130873,GOLD27JUL163500PE,GOLD,29JUL2027,16350000.000000,1,OPTFUT,NCO,50.000000,10,False
130876,GOLDM26SEP154300CE,GOLDM,25SEP2026,15430000.000000,1,OPTFUT,NCO,50.000000,100,False
130877,GOLDM26SEP154300PE,GOLDM,25SEP2026,15430000.000000,1,OPTFUT,NCO,50.000000,100,False
130884,GOLDM26SEP154700CE,GOLDM,25SEP2026,15470000.000000,1,OPTFUT,NCO,50.000000,100,False
130885,GOLDM26SEP154700PE,GOLDM,25SEP2026,15470000.000000,1,OPTFUT,NCO,50.000000,100,False
130900,GOLD27JUN150800CE,GOLD,28JUN2027,15080000.000000,1,OPTFUT,NCO,50.000000,10,False
137177,SILVERM27MAR223000PE,SILVERM,24MAR2027,22300000.000000,1,OPTFUT,NCO,50.000000,120,False
137187,SILVERM26SEP234250CE,SILVERM,23SEP2026,23425000.000000,1,OPTFUT,NCO,50.000000,120,False
137191,SILVERM26SEP234750CE,SILVERM,23SEP2026,23475000.000000,1,OPTFUT,NCO,50.000000,120,False
137197,SILVERM26SEP235500CE,SILVERM,23SEP2026,23550000.000000,1,OPTFUT,NCO,50.000000,120,False
137198,SILVERM26SEP235500PE,SILVERM,23SEP2026,23550000.000000,1,OPTFUT,NCO,50.000000,120,False
137441,SILVERM26SEP167000CE,SILVERM,23SEP2026,16700000.000000,1,OPTFUT,NCO,50.000000,120,False
137487,SILVERM26OCT231000CE,SILVERM,23OCT2026,23100000.000000,1,OPTFUT,NCO,50.000000,120,False
137495,SILVERM26OCT232000CE,SILVERM,23OCT2026,23200000.000000,1,OPTFUT,NCO,50.000000,120,False
130911,GOLD26DEC141800PE,GOLD,29DEC2026,14180000.000000,1,OPTFUT,NCO,50.000000,10,False
130926,SILVERM27JAN335750PE,SILVERM,21JAN2027,33575000.000000,1,OPTFUT,NCO,50.000000,120,False
130934,SILVERM27JAN336750PE,SILVERM,21JAN2027,33675000.000000,1,OPTFUT,NCO,50.000000,120,False
130940,SILVERM27JAN337500PE,SILVERM,21JAN2027,33750000.000000,1,OPTFUT,NCO,50.000000,120,False
137555,SILVERM26OCT234250CE,SILVERM,23OCT2026,23425000.000000,1,OPTFUT,NCO,50.000000,120,False
137566,SILVERM26OCT235000PE,SILVERM,23OCT2026,23500000.000000,1,OPTFUT,NCO,50.000000,120,False
137573,SILVERM26OCT236000CE,SILVERM,23OCT2026,23600000.000000,1,OPTFUT,NCO,50.000000,120,False
137577,SILVERM26SEP254750PE,SILVERM,23SEP2026,25475000.000000,1,OPTFUT,NCO,50.000000,120,False
130959,GOLD27FEB169500PE,GOLD,26FEB2027,16950000.000000,1,OPTFUT,NCO,50.000000,10,False
131004,GOLD27MAR151700PE,GOLD,29MAR2027,15170000.000000,1,OPTFUT,NCO,50.000000,10,False
131008,GOLD27MAR151900PE,GOLD,29MAR2027,15190000.000000,1,OPTFUT,NCO,50.000000,10,False
131012,CRUDEOILM26OCTFUT,CRUDEOILM,19OCT2026,-1.000000,1,FUTENR,NCO,100.000000,1000,False
137639,GOLD26SEP132200CE,GOLD,25SEP2026,13220000.000000,1,OPTFUT,NCO,50.000000,10,False
137758,SILVERM26NOV230250PE,SILVERM,23NOV2026,23025000.000000,1,OPTFUT,NCO,50.000000,120,False
137769,SILVERM26NOV231750CE,SILVERM,23NOV2026,23175000.000000,1,OPTFUT,NCO,50.000000,120,False
137784,SILVERM26NOV233500PE,SILVERM,23NOV2026,23350000.000000,1,OPTFUT,NCO,50.000000,120,False
131019,GOLD27JUN148200CE,GOLD,28JUN2027,14820000.000000,1,OPTFUT,NCO,50.000000,10,False
131024,GOLDM26SEP141400PE,GOLDM,25SEP2026,14140000.000000,1,OPTFUT,NCO,50.000000,100,False
131036,GOLDM26SEP143400PE,GOLDM,25SEP2026,14340000.000000,1,OPTFUT,NCO,50.000000,100,False
131063,SILVER26DEC198000CE,SILVER,01DEC2026,19800000.000000,1,OPTBLN,NCO,50.000000,20,False
138159,SILVERM26SEP172250CE,SILVERM,23SEP2026,17225000.000000,1,OPTFUT,NCO,50.000000,120,False
138171,GOLD27JAN154500PE,GOLD,29JAN2027,15450000.000000,1,OPTFUT,NCO,50.000000,10,False
138173,SILVERM26NOV233750CE,SILVERM,23NOV2026,23375000.000000,1,OPTFUT,NCO,50.000000,120,False
138174,SILVERM26NOV233750PE,SILVERM,23NOV2026,23375000.000000,1,OPTFUT,NCO,50.000000,120,False
131092,GOLD27APR152600CE,GOLD,28APR2027,15260000.000000,1,OPTFUT,NCO,50.000000,10,False
131103,SILVER26DEC198750CE,SILVER,01DEC2026,19875000.000000,1,OPTBLN,NCO,50.000000,20,False
131112,GOLD27JUN148600PE,GOLD,28JUN2027,14860000.000000,1,OPTFUT,NCO,50.000000,10,False
131130,GOLD27JUN149500PE,GOLD,28JUN2027,14950000.000000,1,OPTFUT,NCO,50.000000,10,False
138238,GOLD27JAN155700CE,GOLD,29JAN2027,15570000.000000,1,OPTFUT,NCO,50.000000,10,False
138244,GOLD27JAN156000CE,GOLD,29JAN2027,15600000.000000,1,OPTFUT,NCO,50.000000,10,False
138255,GOLD27JAN156500PE,GOLD,29JAN2027,15650000.000000,1,OPTFUT,NCO,50.000000,10,False
138369,SILVERM26NOV234500CE,SILVERM,23NOV2026,23450000.000000,1,OPTFUT,NCO,50.000000,120,False
131135,GOLDM26SEP155000PE,GOLDM,25SEP2026,15500000.000000,1,OPTFUT,NCO,50.000000,100,False
131163,GOLDM26OCT155700PE,GOLDM,29OCT2026,15570000.000000,1,OPTFUT,NCO,50.000000,100,False
131208,SILVERM26SEP146250CE,SILVERM,23SEP2026,14625000.000000,1,OPTFUT,NCO,50.000000,120,False
131214,SILVERM26SEP147000CE,SILVERM,23SEP2026,14700000.000000,1,OPTFUT,NCO,50.000000,120,False
138386,SILVERM26NOV236500PE,SILVERM,23NOV2026,23650000.000000,1,OPTFUT,NCO,50.000000,120,False
138387,SILVERM26NOV236750CE,SILVERM,23NOV2026,23675000.000000,1,OPTFUT,NCO,50.000000,120,False
138394,SILVERM26NOV237500PE,SILVERM,23NOV2026,23750000.000000,1,OPTFUT,NCO,50.000000,120,False
138396,SILVERM26NOV237750PE,SILVERM,23NOV2026,23775000.000000,1,OPTFUT,NCO,50.000000,120,False
138404,GOLD27JAN157000CE,GOLD,29JAN2027,15700000.000000,1,OPTFUT,NCO,50.000000,10,False
138453,GOLD27JAN157300PE,GOLD,29JAN2027,15730000.000000,1,OPTFUT,NCO,50.000000,10,False
138455,GOLD27JAN157400PE,GOLD,29JAN2027,15740000.000000,1,OPTFUT,NCO,50.000000,10,False
138456,GOLD27JAN157500CE,GOLD,29JAN2027,15750000.000000,1,OPTFUT,NCO,50.000000,10,False
131231,SILVERM26SEP149000PE,SILVERM,23SEP2026,14900000.000000,1,OPTFUT,NCO,50.000000,120,False
131233,SILVERM26SEP149250PE,SILVERM,23SEP2026,14925000.000000,1,OPTFUT,NCO,50.000000,120,False
131240,SILVERM26SEP150250CE,SILVERM,23SEP2026,15025000.000000,1,OPTFUT,NCO,50.000000,120,False
131246,GOLDM26OCT156400CE,GOLDM,29OCT2026,15640000.000000,1,OPTFUT,NCO,50.000000,100,False
138466,GOLD27JAN158000CE,GOLD,29JAN2027,15800000.000000,1,OPTFUT,NCO,50.000000,10,False
138467,GOLD27JAN158000PE,GOLD,29JAN2027,15800000.000000,1,OPTFUT,NCO,50.000000,10,False
138475,GOLD27JAN158400PE,GOLD,29JAN2027,15840000.000000,1,OPTFUT,NCO,50.000000,10,False
138477,GOLD27JAN158500PE,GOLD,29JAN2027,15850000.000000,1,OPTFUT,NCO,50.000000,10,False
131248,GOLDM26OCT156500CE,GOLDM,29OCT2026,15650000.000000,1,OPTFUT,NCO,50.000000,100,False
131249,GOLDM26OCT156500PE,GOLDM,29OCT2026,15650000.000000,1,OPTFUT,NCO,50.000000,100,False
131291,SILVERM26SEP202000PE,SILVERM,23SEP2026,20200000.000000,1,OPTFUT,NCO,50.000000,120,False
131297,SILVERM26SEP202750PE,SILVERM,23SEP2026,20275000.000000,1,OPTFUT,NCO,50.000000,120,False
138482,GOLD27FEB155400CE,GOLD,26FEB2027,15540000.000000,1,OPTFUT,NCO,50.000000,10,False
138488,GOLD27FEB155700CE,GOLD,26FEB2027,15570000.000000,1,OPTFUT,NCO,50.000000,10,False
138489,GOLD27FEB155700PE,GOLD,26FEB2027,15570000.000000,1,OPTFUT,NCO,50.000000,10,False
138750,SILVERM26SEP174000PE,SILVERM,23SEP2026,17400000.000000,1,OPTFUT,NCO,50.000000,120,False
131305,SILVERM26SEP203750PE,SILVERM,23SEP2026,20375000.000000,1,OPTFUT,NCO,50.000000,120,False
131310,SILVERM26SEP150500CE,SILVERM,23SEP2026,15050000.000000,1,OPTFUT,NCO,50.000000,120,False
131326,SILVERM26OCT203000CE,SILVERM,23OCT2026,20300000.000000,1,OPTFUT,NCO,50.000000,120,False
131335,GOLD27MAR145700CE,GOLD,29MAR2027,14570000.000000,1,OPTFUT,NCO,50.000000,10,False
138762,SILVERM26SEP175500PE,SILVERM,23SEP2026,17550000.000000,1,OPTFUT,NCO,50.000000,120,False
138768,SILVERM26SEP176250PE,SILVERM,23SEP2026,17625000.000000,1,OPTFUT,NCO,50.000000,120,False
138777,SILVERM26SEP177500CE,SILVERM,23SEP2026,17750000.000000,1,OPTFUT,NCO,50.000000,120,False
138783,SILVERM26SEP178250CE,SILVERM,23SEP2026,17825000.000000,1,OPTFUT,NCO,50.000000,120,False
131337,GOLD27MAR145800CE,GOLD,29MAR2027,14580000.000000,1,OPTFUT,NCO,50.000000,10,False
131350,GOLD27FEB171400CE,GOLD,26FEB2027,17140000.000000,1,OPTFUT,NCO,50.000000,10,False
131360,SILVERM27MAR222500PE,SILVERM,24MAR2027,22250000.000000,1,OPTFUT,NCO,50.000000,120,False
131361,SILVERM27MAR222750CE,SILVERM,24MAR2027,22275000.000000,1,OPTFUT,NCO,50.000000,120,False
138784,SILVERM26SEP178250PE,SILVERM,23SEP2026,17825000.000000,1,OPTFUT,NCO,50.000000,120,False
138856,GOLD27FEB155900CE,GOLD,26FEB2027,15590000.000000,1,OPTFUT,NCO,50.000000,10,False
138969,SILVERM26OCT254000PE,SILVERM,23OCT2026,25400000.000000,1,OPTFUT,NCO,50.000000,120,False
138970,SILVERM26OCT254250CE,SILVERM,23OCT2026,25425000.000000,1,OPTFUT,NCO,50.000000,120,False
131367,GOLDM26SEP142100CE,GOLDM,25SEP2026,14210000.000000,1,OPTFUT,NCO,50.000000,100,False
131369,GOLDM26SEP142200CE,GOLDM,25SEP2026,14220000.000000,1,OPTFUT,NCO,50.000000,100,False
131381,GOLD27MAR146000CE,GOLD,29MAR2027,14600000.000000,1,OPTFUT,NCO,50.000000,10,False
131426,SILVERM26SEP153500CE,SILVERM,23SEP2026,15350000.000000,1,OPTFUT,NCO,50.000000,120,False
139014,GOLD27FEB159100CE,GOLD,26FEB2027,15910000.000000,1,OPTFUT,NCO,50.000000,10,False
139018,GOLD27FEB159300CE,GOLD,26FEB2027,15930000.000000,1,OPTFUT,NCO,50.000000,10,False
139196,GOLD26SEP132900PE,GOLD,25SEP2026,13290000.000000,1,OPTFUT,NCO,50.000000,10,False
139201,GOLD26SEP133200CE,GOLD,25SEP2026,13320000.000000,1,OPTFUT,NCO,50.000000,10,False
139205,GOLD26SEP133400CE,GOLD,25SEP2026,13340000.000000,1,OPTFUT,NCO,50.000000,10,False
139208,GOLD26SEP133500PE,GOLD,25SEP2026,13350000.000000,1,OPTFUT,NCO,50.000000,10,False
139264,SILVERM26NOV254000CE,SILVERM,23NOV2026,25400000.000000,1,OPTFUT,NCO,50.000000,120,False
139276,SILVERM26NOV255500CE,SILVERM,23NOV2026,25550000.000000,1,OPTFUT,NCO,50.000000,120,False
131436,SILVERM26OCT204000CE,SILVERM,23OCT2026,20400000.000000,1,OPTFUT,NCO,50.000000,120,False
131437,SILVERM26OCT204000PE,SILVERM,23OCT2026,20400000.000000,1,OPTFUT,NCO,50.000000,120,False
131463,SILVERM26NOV204500PE,SILVERM,23NOV2026,20450000.000000,1,OPTFUT,NCO,50.000000,120,False
131475,SILVERM26NOV206000PE,SILVERM,23NOV2026,20600000.000000,1,OPTFUT,NCO,50.000000,120,False
131478,GOLD27FEB171800PE,GOLD,26FEB2027,17180000.000000,1,OPTFUT,NCO,50.000000,10,False
131487,GOLD26DEC142500PE,GOLD,29DEC2026,14250000.000000,1,OPTFUT,NCO,50.000000,10,False
131494,GOLD26DEC142900CE,GOLD,29DEC2026,14290000.000000,1,OPTFUT,NCO,50.000000,10,False
131508,GOLD26DEC143600CE,GOLD,29DEC2026,14360000.000000,1,OPTFUT,NCO,50.000000,10,False
139289,SILVERM26SEP210250CE,SILVERM,23SEP2026,21025000.000000,1,OPTFUT,NCO,50.000000,120,False
139304,SILVERM26SEP212000PE,SILVERM,23SEP2026,21200000.000000,1,OPTFUT,NCO,50.000000,120,False
139309,SILVERM26SEP212750CE,SILVERM,23SEP2026,21275000.000000,1,OPTFUT,NCO,50.000000,120,False
139310,SILVERM26SEP212750PE,SILVERM,23SEP2026,21275000.000000,1,OPTFUT,NCO,50.000000,120,False
139317,SILVERM26SEP213750CE,SILVERM,23SEP2026,21375000.000000,1,OPTFUT,NCO,50.000000,120,False
139322,SILVERM26SEP214250PE,SILVERM,23SEP2026,21425000.000000,1,OPTFUT,NCO,50.000000,120,False
139324,SILVERM26SEP214500PE,SILVERM,23SEP2026,21450000.000000,1,OPTFUT,NCO,50.000000,120,False
139325,SILVERM26SEP214750CE,SILVERM,23SEP2026,21475000.000000,1,OPTFUT,NCO,50.000000,120,False
131515,SILVERM27JAN340000CE,SILVERM,21JAN2027,34000000.000000,1,OPTFUT,NCO,50.000000,120,False
131517,SILVERM27JAN340250CE,SILVERM,21JAN2027,34025000.000000,1,OPTFUT,NCO,50.000000,120,False
131520,SILVERM27JAN340500PE,SILVERM,21JAN2027,34050000.000000,1,OPTFUT,NCO,50.000000,120,False
131538,SILVERM27JAN342750PE,SILVERM,21JAN2027,34275000.000000,1,OPTFUT,NCO,50.000000,120,False
139327,SILVERM26SEP215000CE,SILVERM,23SEP2026,21500000.000000,1,OPTFUT,NCO,50.000000,120,False
139329,SILVERM26SEP215250CE,SILVERM,23SEP2026,21525000.000000,1,OPTFUT,NCO,50.000000,120,False
139344,SILVERM26OCT211500PE,SILVERM,23OCT2026,21150000.000000,1,OPTFUT,NCO,50.000000,120,False
139367,SILVERM26OCT214500CE,SILVERM,23OCT2026,21450000.000000,1,OPTFUT,NCO,50.000000,120,False
131549,GOLD27FEB172600CE,GOLD,26FEB2027,17260000.000000,1,OPTFUT,NCO,50.000000,10,False
131555,GOLD27FEB172900CE,GOLD,26FEB2027,17290000.000000,1,OPTFUT,NCO,50.000000,10,False
131557,GOLD27FEB173000CE,GOLD,26FEB2027,17300000.000000,1,OPTFUT,NCO,50.000000,10,False
131568,GOLD27FEB173500PE,GOLD,26FEB2027,17350000.000000,1,OPTFUT,NCO,50.000000,10,False
139368,SILVERM26OCT214500PE,SILVERM,23OCT2026,21450000.000000,1,OPTFUT,NCO,50.000000,120,False
139392,SILVERM26NOV212250PE,SILVERM,23NOV2026,21225000.000000,1,OPTFUT,NCO,50.000000,120,False
139394,SILVERM26NOV212500PE,SILVERM,23NOV2026,21250000.000000,1,OPTFUT,NCO,50.000000,120,False
139404,SILVERM26NOV213750PE,SILVERM,23NOV2026,21375000.000000,1,OPTFUT,NCO,50.000000,120,False
139433,GOLD27FEB161400PE,GOLD,26FEB2027,16140000.000000,1,OPTFUT,NCO,50.000000,10,False
139452,GOLD27FEB162400CE,GOLD,26FEB2027,16240000.000000,1,OPTFUT,NCO,50.000000,10,False
131600,GOLDM26SEP142300PE,GOLDM,25SEP2026,14230000.000000,1,OPTFUT,NCO,50.000000,100,False
131622,SILVERM27JUN230000PE,SILVERM,23JUN2027,23000000.000000,1,OPTFUT,NCO,50.000000,120,False
131627,GOLD27APR153300PE,GOLD,28APR2027,15330000.000000,1,OPTFUT,NCO,50.000000,10,False
131644,GOLD27MAY153700CE,GOLD,28MAY2027,15370000.000000,1,OPTFUT,NCO,50.000000,10,False
139442,GOLD27FEB161900CE,GOLD,26FEB2027,16190000.000000,1,OPTFUT,NCO,50.000000,10,False
139446,GOLD27FEB162100CE,GOLD,26FEB2027,16210000.000000,1,OPTFUT,NCO,50.000000,10,False
14,NATURALGASHENRYHUB,NATURALGAS,,-1.000000,1,UNDCOM,NCO,10.000000,48,False
131645,GOLD27MAY153700PE,GOLD,28MAY2027,15370000.000000,1,OPTFUT,NCO,50.000000,10,False
131646,GOLD27MAY153800CE,GOLD,28MAY2027,15380000.000000,1,OPTFUT,NCO,50.000000,10,False
131652,GOLD27MAY154100CE,GOLD,28MAY2027,15410000.000000,1,OPTFUT,NCO,50.000000,10,False
131658,SILVERM27JUN231000PE,SILVERM,23JUN2027,23100000.000000,1,OPTFUT,NCO,50.000000,120,False
139456,GOLD27FEB162600CE,GOLD,26FEB2027,16260000.000000,1,OPTFUT,NCO,50.000000,10,False
140011,SILVERM26SEP180000CE,SILVERM,23SEP2026,18000000.000000,1,OPTFUT,NCO,50.000000,120,False
140024,SILVERM26SEP181500PE,SILVERM,23SEP2026,18150000.000000,1,OPTFUT,NCO,50.000000,120,False
140035,SILVERM26SEP183000CE,SILVERM,23SEP2026,18300000.000000,1,OPTFUT,NCO,50.000000,120,False
140039,SILVERM26SEP183500CE,SILVERM,23SEP2026,18350000.000000,1,OPTFUT,NCO,50.000000,120,False
140055,SILVERM26SEP185500CE,SILVERM,23SEP2026,18550000.000000,1,OPTFUT,NCO,50.000000,120,False
140059,SILVERM26SEP186000CE,SILVERM,23SEP2026,18600000.000000,1,OPTFUT,NCO,50.000000,120,False
131674,SILVERM27JUN227000PE,SILVERM,23JUN2027,22700000.000000,1,OPTFUT,NCO,50.000000,120,False
131678,SILVERM27JUN227500PE,SILVERM,23JUN2027,22750000.000000,1,OPTFUT,NCO,50.000000,120,False
131684,SILVERM27JUL253750PE,SILVERM,23JUL2027,25375000.000000,1,OPTFUT,NCO,50.000000,120,False
131700,SILVER26DEC260000PE,SILVER,01DEC2026,26000000.000000,1,OPTBLN,NCO,50.000000,20,False
140091,SILVERM26NOV217000CE,SILVERM,23NOV2026,21700000.000000,1,OPTFUT,NCO,50.000000,120,False
140095,SILVERM26NOV217500CE,SILVERM,23NOV2026,21750000.000000,1,OPTFUT,NCO,50.000000,120,False
140097,SILVERM26NOV217750CE,SILVERM,23NOV2026,21775000.000000,1,OPTFUT,NCO,50.000000,120,False
140184,SILVERM26NOV256250CE,SILVERM,23NOV2026,25625000.000000,1,OPTFUT,NCO,50.000000,120,False
131704,SILVER26DEC260500PE,SILVER,01DEC2026,26050000.000000,1,OPTBLN,NCO,50.000000,20,False
131709,SILVER26DEC261250CE,SILVER,01DEC2026,26125000.000000,1,OPTBLN,NCO,50.000000,20,False
131744,SILVERM26SEP155250CE,SILVERM,23SEP2026,15525000.000000,1,OPTFUT,NCO,50.000000,120,False
131759,SILVERM26SEP157000PE,SILVERM,23SEP2026,15700000.000000,1,OPTFUT,NCO,50.000000,120,False
140185,SILVERM27JAN239500PE,SILVERM,21JAN2027,23950000.000000,1,OPTFUT,NCO,50.000000,120,False
140200,SILVERM27JAN241500CE,SILVERM,21JAN2027,24150000.000000,1,OPTFUT,NCO,50.000000,120,False
140206,SILVERM27JAN242250CE,SILVERM,21JAN2027,24225000.000000,1,OPTFUT,NCO,50.000000,120,False
140212,SILVERM27FEB240750CE,SILVERM,19FEB2027,24075000.000000,1,OPTFUT,NCO,50.000000,120,False
131786,GOLD27MAY155200CE,GOLD,28MAY2027,15520000.000000,1,OPTFUT,NCO,50.000000,10,False
131792,GOLD27MAY155500CE,GOLD,28MAY2027,15550000.000000,1,OPTFUT,NCO,50.000000,10,False
131798,GOLD27MAY155800CE,GOLD,28MAY2027,15580000.000000,1,OPTFUT,NCO,50.000000,10,False
131816,GOLDM26SEP140600PE,GOLDM,25SEP2026,14060000.000000,1,OPTFUT,NCO,50.000000,100,False
131820,GOLDM26SEP140800PE,GOLDM,25SEP2026,14080000.000000,1,OPTFUT,NCO,50.000000,100,False
131839,SILVER26DEC193250CE,SILVER,01DEC2026,19325000.000000,1,OPTBLN,NCO,50.000000,20,False
131844,GOLD27MAR146400PE,GOLD,29MAR2027,14640000.000000,1,OPTFUT,NCO,50.000000,10,False
131846,SILVER26DEC261500PE,SILVER,01DEC2026,26150000.000000,1,OPTBLN,NCO,50.000000,20,False
131848,SILVER26DEC261750PE,SILVER,01DEC2026,26175000.000000,1,OPTBLN,NCO,50.000000,20,False
131851,SILVER26DEC193500CE,SILVER,01DEC2026,19350000.000000,1,OPTBLN,NCO,50.000000,20,False
131865,SILVER26DEC262000CE,SILVER,01DEC2026,26200000.000000,1,OPTBLN,NCO,50.000000,20,False
131870,NATURALGAS26SEP200PE,NATURALGAS,21SEP2026,20000.000000,1,OPTFUT,NCO,5.000000,48,False
131871,SILVERM27MAR221500CE,SILVERM,24MAR2027,22150000.000000,1,OPTFUT,NCO,50.000000,120,False
131875,GOLD27MAR146500CE,GOLD,29MAR2027,14650000.000000,1,OPTFUT,NCO,50.000000,10,False
131880,SILVER26DEC262250PE,SILVER,01DEC2026,26225000.000000,1,OPTBLN,NCO,50.000000,20,False
131888,GOLD27MAR146700CE,GOLD,29MAR2027,14670000.000000,1,OPTFUT,NCO,50.000000,10,False
131904,GOLD27MAY156600CE,GOLD,28MAY2027,15660000.000000,1,OPTFUT,NCO,50.000000,10,False
131909,GOLD27MAY156800PE,GOLD,28MAY2027,15680000.000000,1,OPTFUT,NCO,50.000000,10,False
131919,GOLD27JUN163400CE,GOLD,28JUN2027,16340000.000000,1,OPTFUT,NCO,50.000000,10,False
131941,GOLD27JUN163500PE,GOLD,28JUN2027,16350000.000000,1,OPTFUT,NCO,50.000000,10,False
131943,GOLD27JUN163600PE,GOLD,28JUN2027,16360000.000000,1,OPTFUT,NCO,50.000000,10,False
131954,GOLD26DEC144500PE,GOLD,29DEC2026,14450000.000000,1,OPTFUT,NCO,50.000000,10,False
131956,GOLD26DEC144600PE,GOLD,29DEC2026,14460000.000000,1,OPTFUT,NCO,50.000000,10,False
131958,SILVERM27JAN343750PE,SILVERM,21JAN2027,34375000.000000,1,OPTFUT,NCO,50.000000,120,False
131973,GOLD27JUN164000PE,GOLD,28JUN2027,16400000.000000,1,OPTFUT,NCO,50.000000,10,False
131986,GOLD27JUL164100CE,GOLD,29JUL2027,16410000.000000,1,OPTFUT,NCO,50.000000,10,False
131992,GOLD27JUL164200CE,GOLD,29JUL2027,16420000.000000,1,OPTFUT,NCO,50.000000,10,False
131994,GOLD27JUL164300CE,GOLD,29JUL2027,16430000.000000,1,OPTFUT,NCO,50.000000,10,False
140213,SILVERM27FEB240750PE,SILVERM,19FEB2027,24075000.000000,1,OPTFUT,NCO,50.000000,120,False
140214,SILVERM27FEB241000CE,SILVERM,19FEB2027,24100000.000000,1,OPTFUT,NCO,50.000000,120,False
140227,SILVERM27FEB242500PE,SILVERM,19FEB2027,24250000.000000,1,OPTFUT,NCO,50.000000,120,False
140229,SILVERM27FEB242750PE,SILVERM,19FEB2027,24275000.000000,1,OPTFUT,NCO,50.000000,120,False
132003,GOLD26DEC145000CE,GOLD,29DEC2026,14500000.000000,1,OPTFUT,NCO,50.000000,10,False
132011,GOLD27JUL164700PE,GOLD,29JUL2027,16470000.000000,1,OPTFUT,NCO,50.000000,10,False
132012,GOLD27JUL164800CE,GOLD,29JUL2027,16480000.000000,1,OPTFUT,NCO,50.000000,10,False
132026,SILVERM27JAN345250CE,SILVERM,21JAN2027,34525000.000000,1,OPTFUT,NCO,50.000000,120,False
140231,SILVERM27FEB243000PE,SILVERM,19FEB2027,24300000.000000,1,OPTFUT,NCO,50.000000,120,False
140236,SILVERM27FEB243750CE,SILVERM,19FEB2027,24375000.000000,1,OPTFUT,NCO,50.000000,120,False
140259,SILVERM27FEB246500PE,SILVERM,19FEB2027,24650000.000000,1,OPTFUT,NCO,50.000000,120,False
140262,SILVERM27FEB247000CE,SILVERM,19FEB2027,24700000.000000,1,OPTFUT,NCO,50.000000,120,False
132036,GOLDM26SEP155900PE,GOLDM,25SEP2026,15590000.000000,1,OPTFUT,NCO,50.000000,100,False
132038,GOLDM26SEP156000PE,GOLDM,25SEP2026,15600000.000000,1,OPTFUT,NCO,50.000000,100,False
132048,GOLDM26SEP156500PE,GOLDM,25SEP2026,15650000.000000,1,OPTFUT,NCO,50.000000,100,False
132051,GOLDM26SEP156700CE,GOLDM,25SEP2026,15670000.000000,1,OPTFUT,NCO,50.000000,100,False
140280,SILVERM26NOV257000CE,SILVERM,23NOV2026,25700000.000000,1,OPTFUT,NCO,50.000000,120,False
140281,SILVERM26NOV257000PE,SILVERM,23NOV2026,25700000.000000,1,OPTFUT,NCO,50.000000,120,False
140289,SILVERM26DEC253750PE,SILVERM,23DEC2026,25375000.000000,1,OPTFUT,NCO,50.000000,120,False
140300,SILVERM26DEC255250CE,SILVERM,23DEC2026,25525000.000000,1,OPTFUT,NCO,50.000000,120,False
132053,SILVER26DEC191750PE,SILVER,01DEC2026,19175000.000000,1,OPTBLN,NCO,50.000000,20,False
132058,SILVER26DEC192500CE,SILVER,01DEC2026,19250000.000000,1,OPTBLN,NCO,50.000000,20,False
132070,GOLDM26SEP156800PE,GOLDM,25SEP2026,15680000.000000,1,OPTFUT,NCO,50.000000,100,False
132071,GOLDM26SEP156900CE,GOLDM,25SEP2026,15690000.000000,1,OPTFUT,NCO,50.000000,100,False
140302,SILVERM26DEC255500CE,SILVERM,23DEC2026,25550000.000000,1,OPTFUT,NCO,50.000000,120,False
140308,SILVERM26DEC256250CE,SILVERM,23DEC2026,25625000.000000,1,OPTFUT,NCO,50.000000,120,False
140339,GOLD27JAN167700CE,GOLD,29JAN2027,16770000.000000,1,OPTFUT,NCO,50.000000,10,False
140349,GOLD27JAN168200CE,GOLD,29JAN2027,16820000.000000,1,OPTFUT,NCO,50.000000,10,False
132073,GOLDM26OCT156600CE,GOLDM,29OCT2026,15660000.000000,1,OPTFUT,NCO,50.000000,100,False
132075,GOLDM26OCT156700CE,GOLDM,29OCT2026,15670000.000000,1,OPTFUT,NCO,50.000000,100,False
132076,GOLDM26OCT156700PE,GOLDM,29OCT2026,15670000.000000,1,OPTFUT,NCO,50.000000,100,False
132084,GOLD27APR145300PE,GOLD,28APR2027,14530000.000000,1,OPTFUT,NCO,50.000000,10,False
140369,SILVERM27FEB249000PE,SILVERM,19FEB2027,24900000.000000,1,OPTFUT,NCO,50.000000,120,False
140371,SILVERM27FEB249250PE,SILVERM,19FEB2027,24925000.000000,1,OPTFUT,NCO,50.000000,120,False
140373,SILVERM27FEB249500PE,SILVERM,19FEB2027,24950000.000000,1,OPTFUT,NCO,50.000000,120,False
140376,SILVERM27FEB250000CE,SILVERM,19FEB2027,25000000.000000,1,OPTFUT,NCO,50.000000,120,False
132090,GOLDM26OCT157100PE,GOLDM,29OCT2026,15710000.000000,1,OPTFUT,NCO,50.000000,100,False
132091,GOLDM26OCT157200CE,GOLDM,29OCT2026,15720000.000000,1,OPTFUT,NCO,50.000000,100,False
132099,GOLDM26OCT157600CE,GOLDM,29OCT2026,15760000.000000,1,OPTFUT,NCO,50.000000,100,False
132118,SILVERM27JUN256750PE,SILVERM,23JUN2027,25675000.000000,1,OPTFUT,NCO,50.000000,120,False
140378,SILVERM27FEB250250CE,SILVERM,19FEB2027,25025000.000000,1,OPTFUT,NCO,50.000000,120,False
140380,SILVERM27FEB250500CE,SILVERM,19FEB2027,25050000.000000,1,OPTFUT,NCO,50.000000,120,False
140386,SILVERM27FEB251250CE,SILVERM,19FEB2027,25125000.000000,1,OPTFUT,NCO,50.000000,120,False
140701,GOLD26SEP134700CE,GOLD,25SEP2026,13470000.000000,1,OPTFUT,NCO,50.000000,10,False
132121,SILVERM27JUN257250CE,SILVERM,23JUN2027,25725000.000000,1,OPTFUT,NCO,50.000000,120,False
132148,SILVERM27FEB276250PE,SILVERM,19FEB2027,27625000.000000,1,OPTFUT,NCO,50.000000,120,False
132155,SILVERM27FEB277250CE,SILVERM,19FEB2027,27725000.000000,1,OPTFUT,NCO,50.000000,120,False
132181,GOLDM26SEP140100CE,GOLDM,25SEP2026,14010000.000000,1,OPTFUT,NCO,50.000000,100,False
140714,GOLD26SEP135300PE,GOLD,25SEP2026,13530000.000000,1,OPTFUT,NCO,50.000000,10,False
140719,GOLD26SEP135600CE,GOLD,25SEP2026,13560000.000000,1,OPTFUT,NCO,50.000000,10,False
140724,GOLD26SEP135800PE,GOLD,25SEP2026,13580000.000000,1,OPTFUT,NCO,50.000000,10,False
140725,GOLD26SEP135900CE,GOLD,25SEP2026,13590000.000000,1,OPTFUT,NCO,50.000000,10,False
140728,SILVERM27FEB254250CE,SILVERM,19FEB2027,25425000.000000,1,OPTFUT,NCO,50.000000,120,False
140731,SILVERM27FEB254500PE,SILVERM,19FEB2027,25450000.000000,1,OPTFUT,NCO,50.000000,120,False
140784,SILVERM26SEP216250PE,SILVERM,23SEP2026,21625000.000000,1,OPTFUT,NCO,50.000000,120,False
140793,SILVERM26OCT217750CE,SILVERM,23OCT2026,21775000.000000,1,OPTFUT,NCO,50.000000,120,False
132201,ZINC26SEP422.5PE,ZINC,23SEP2026,42250.000000,1,OPTFUT,NCO,1.000000,20,False
132258,GOLD27APR146500PE,GOLD,28APR2027,14650000.000000,1,OPTFUT,NCO,50.000000,10,False
132262,ZINC26OCT427.5CE,ZINC,23OCT2026,42750.000000,1,OPTFUT,NCO,1.000000,20,False
132273,GOLD27JUN164400PE,GOLD,28JUN2027,16440000.000000,1,OPTFUT,NCO,50.000000,10,False
132332,GOLDM26SEP157200PE,GOLDM,25SEP2026,15720000.000000,1,OPTFUT,NCO,50.000000,100,False
132342,GOLDM26SEP140300CE,GOLDM,25SEP2026,14030000.000000,1,OPTFUT,NCO,50.000000,100,False
132346,SILVERM27FEB277750PE,SILVERM,19FEB2027,27775000.000000,1,OPTFUT,NCO,50.000000,120,False
132362,SILVERM27MAR219500CE,SILVERM,24MAR2027,21950000.000000,1,OPTFUT,NCO,50.000000,120,False
140795,SILVERM26NOV218250CE,SILVERM,23NOV2026,21825000.000000,1,OPTFUT,NCO,50.000000,120,False
140798,SILVERM26NOV218500PE,SILVERM,23NOV2026,21850000.000000,1,OPTFUT,NCO,50.000000,120,False
140872,GOLD27FEB154600PE,GOLD,26FEB2027,15460000.000000,1,OPTFUT,NCO,50.000000,10,False
140876,GOLD27FEB154800PE,GOLD,26FEB2027,15480000.000000,1,OPTFUT,NCO,50.000000,10,False
132367,GOLDM26OCT157800PE,GOLDM,29OCT2026,15780000.000000,1,OPTFUT,NCO,50.000000,100,False
132368,GOLDM26OCT157900CE,GOLDM,29OCT2026,15790000.000000,1,OPTFUT,NCO,50.000000,100,False
132419,GOLD26DEC145100PE,GOLD,29DEC2026,14510000.000000,1,OPTFUT,NCO,50.000000,10,False
132428,GOLD26DEC145600CE,GOLD,29DEC2026,14560000.000000,1,OPTFUT,NCO,50.000000,10,False
140878,GOLD27FEB154900PE,GOLD,26FEB2027,15490000.000000,1,OPTFUT,NCO,50.000000,10,False
140882,GOLD27FEB155100PE,GOLD,26FEB2027,15510000.000000,1,OPTFUT,NCO,50.000000,10,False
140902,SILVERM27JAN239000PE,SILVERM,21JAN2027,23900000.000000,1,OPTFUT,NCO,50.000000,120,False
141496,SILVERM26SEP187500PE,SILVERM,23SEP2026,18750000.000000,1,OPTFUT,NCO,50.000000,120,False
132485,SILVERM27APR221000CE,SILVERM,23APR2027,22100000.000000,1,OPTFUT,NCO,50.000000,120,False
132492,SILVERM27APR221750PE,SILVERM,23APR2027,22175000.000000,1,OPTFUT,NCO,50.000000,120,False
132507,ZINC26OCT430CE,ZINC,23OCT2026,43000.000000,1,OPTFUT,NCO,1.000000,20,False
132509,ZINC26NOV432.5CE,ZINC,23NOV2026,43250.000000,1,OPTFUT,NCO,1.000000,20,False
141516,SILVERM26SEP190000PE,SILVERM,23SEP2026,19000000.000000,1,OPTFUT,NCO,50.000000,120,False
141522,SILVERM26SEP190750PE,SILVERM,23SEP2026,19075000.000000,1,OPTFUT,NCO,50.000000,120,False
141526,SILVERM26SEP191250PE,SILVERM,23SEP2026,19125000.000000,1,OPTFUT,NCO,50.000000,120,False
141544,SILVERM26SEP193500PE,SILVERM,23SEP2026,19350000.000000,1,OPTFUT,NCO,50.000000,120,False
132519,COPPER26SEP1450CE,COPPER,23SEP2026,145000.000000,1,OPTFUT,NCO,1.000000,70,False
132566,SILVERM27JUN223000PE,SILVERM,23JUN2027,22300000.000000,1,OPTFUT,NCO,50.000000,120,False
132573,COPPER26SEP1475CE,COPPER,23SEP2026,147500.000000,1,OPTFUT,NCO,1.000000,70,False
132617,GOLD26OCT139300PE,GOLD,29OCT2026,13930000.000000,1,OPTFUT,NCO,50.000000,10,False
141547,SILVERM26SEP194000CE,SILVERM,23SEP2026,19400000.000000,1,OPTFUT,NCO,50.000000,120,False
141746,GOLD26SEP136500PE,GOLD,25SEP2026,13650000.000000,1,OPTFUT,NCO,50.000000,10,False
141749,GOLD26SEP136700CE,GOLD,25SEP2026,13670000.000000,1,OPTFUT,NCO,50.000000,10,False
141913,GOLD26SEP137100CE,GOLD,25SEP2026,13710000.000000,1,OPTFUT,NCO,50.000000,10,False
132631,GOLD26OCT140000PE,GOLD,29OCT2026,14000000.000000,1,OPTFUT,NCO,50.000000,10,False
132632,GOLD26OCT140100CE,GOLD,29OCT2026,14010000.000000,1,OPTFUT,NCO,50.000000,10,False
132641,GOLD26OCT140500PE,GOLD,29OCT2026,14050000.000000,1,OPTFUT,NCO,50.000000,10,False
132647,GOLD26OCT140800PE,GOLD,29OCT2026,14080000.000000,1,OPTFUT,NCO,50.000000,10,False
142472,GOLD26SEP137600PE,GOLD,25SEP2026,13760000.000000,1,OPTFUT,NCO,50.000000,10,False
142480,GOLD26SEP138000PE,GOLD,25SEP2026,13800000.000000,1,OPTFUT,NCO,50.000000,10,False
142518,GOLD26SEP139900PE,GOLD,25SEP2026,13990000.000000,1,OPTFUT,NCO,50.000000,10,False
142536,GOLD26SEP142500PE,GOLD,25SEP2026,14250000.000000,1,OPTFUT,NCO,50.000000,10,False
132674,GOLD26NOV139300CE,GOLD,27NOV2026,13930000.000000,1,OPTFUT,NCO,50.000000,10,False
132685,GOLD26NOV139800PE,GOLD,27NOV2026,13980000.000000,1,OPTFUT,NCO,50.000000,10,False
132686,GOLD26NOV139900CE,GOLD,27NOV2026,13990000.000000,1,OPTFUT,NCO,50.000000,10,False
132697,GOLD26NOV140400PE,GOLD,27NOV2026,14040000.000000,1,OPTFUT,NCO,50.000000,10,False
142541,GOLD26OCT142900CE,GOLD,29OCT2026,14290000.000000,1,OPTFUT,NCO,50.000000,10,False
142546,GOLD26OCT143100PE,GOLD,29OCT2026,14310000.000000,1,OPTFUT,NCO,50.000000,10,False
142547,GOLD26OCT143200CE,GOLD,29OCT2026,14320000.000000,1,OPTFUT,NCO,50.000000,10,False
142561,GOLD26NOV143900CE,GOLD,27NOV2026,14390000.000000,1,OPTFUT,NCO,50.000000,10,False
132708,COPPER26NOV1460PE,COPPER,23NOV2026,146000.000000,1,OPTFUT,NCO,1.000000,70,False
132709,COPPER26NOV1465CE,COPPER,23NOV2026,146500.000000,1,OPTFUT,NCO,1.000000,70,False
132710,COPPER26NOV1465PE,COPPER,23NOV2026,146500.000000,1,OPTFUT,NCO,1.000000,70,False
132713,COPPER26NOV1475CE,COPPER,23NOV2026,147500.000000,1,OPTFUT,NCO,1.000000,70,False
142563,GOLD26NOV144000CE,GOLD,27NOV2026,14400000.000000,1,OPTFUT,NCO,50.000000,10,False
142564,GOLD26NOV144000PE,GOLD,27NOV2026,14400000.000000,1,OPTFUT,NCO,50.000000,10,False
142802,GOLD27JAN141600PE,GOLD,29JAN2027,14160000.000000,1,OPTFUT,NCO,50.000000,10,False
142814,GOLD27JAN142200PE,GOLD,29JAN2027,14220000.000000,1,OPTFUT,NCO,50.000000,10,False
132738,COPPER26NOV1495PE,COPPER,23NOV2026,149500.000000,1,OPTFUT,NCO,1.000000,70,False
132789,GOLD26NOV140800PE,GOLD,27NOV2026,14080000.000000,1,OPTFUT,NCO,50.000000,10,False
132791,GOLD26NOV140900PE,GOLD,27NOV2026,14090000.000000,1,OPTFUT,NCO,50.000000,10,False
132794,GOLD26NOV141100CE,GOLD,27NOV2026,14110000.000000,1,OPTFUT,NCO,50.000000,10,False
142821,GOLD27JAN142600CE,GOLD,29JAN2027,14260000.000000,1,OPTFUT,NCO,50.000000,10,False
142835,GOLD27JAN142800CE,GOLD,29JAN2027,14280000.000000,1,OPTFUT,NCO,50.000000,10,False
142895,GOLD27JAN143000CE,GOLD,29JAN2027,14300000.000000,1,OPTFUT,NCO,50.000000,10,False
142897,GOLD27JAN143100CE,GOLD,29JAN2027,14310000.000000,1,OPTFUT,NCO,50.000000,10,False
132804,GOLD26NOV141600CE,GOLD,27NOV2026,14160000.000000,1,OPTFUT,NCO,50.000000,10,False
132808,GOLD26DEC146400CE,GOLD,29DEC2026,14640000.000000,1,OPTFUT,NCO,50.000000,10,False
132829,GOLD26DEC146600CE,GOLD,29DEC2026,14660000.000000,1,OPTFUT,NCO,50.000000,10,False
132830,GOLD26DEC146600PE,GOLD,29DEC2026,14660000.000000,1,OPTFUT,NCO,50.000000,10,False
142899,GOLD27JAN143200CE,GOLD,29JAN2027,14320000.000000,1,OPTFUT,NCO,50.000000,10,False
142914,GOLD27JAN143900PE,GOLD,29JAN2027,14390000.000000,1,OPTFUT,NCO,50.000000,10,False
142919,GOLD27JAN144200CE,GOLD,29JAN2027,14420000.000000,1,OPTFUT,NCO,50.000000,10,False
142940,GOLD27JAN145200PE,GOLD,29JAN2027,14520000.000000,1,OPTFUT,NCO,50.000000,10,False
132834,CRUDEOIL26OCT6000PE,CRUDEOIL,08OCT2026,600000.000000,1,OPTFUT,NCO,10.000000,100,False
132856,CRUDEOIL26OCT6400CE,CRUDEOIL,08OCT2026,640000.000000,1,OPTFUT,NCO,10.000000,100,False
132858,CRUDEOIL26OCT6450CE,CRUDEOIL,08OCT2026,645000.000000,1,OPTFUT,NCO,10.000000,100,False
132861,CRUDEOIL26OCT6500PE,CRUDEOIL,08OCT2026,650000.000000,1,OPTFUT,NCO,10.000000,100,False
142943,GOLD27JAN145400CE,GOLD,29JAN2027,14540000.000000,1,OPTFUT,NCO,50.000000,10,False
142946,GOLD27JAN145500PE,GOLD,29JAN2027,14550000.000000,1,OPTFUT,NCO,50.000000,10,False
143297,SILVERM26SEP217500CE,SILVERM,23SEP2026,21750000.000000,1,OPTFUT,NCO,50.000000,120,False
143308,SILVERM26SEP218750PE,SILVERM,23SEP2026,21875000.000000,1,OPTFUT,NCO,50.000000,120,False
143318,SILVERM26SEP220000PE,SILVERM,23SEP2026,22000000.000000,1,OPTFUT,NCO,50.000000,120,False
143321,SILVERM26SEP220500CE,SILVERM,23SEP2026,22050000.000000,1,OPTFUT,NCO,50.000000,120,False
143331,SILVERM26SEP221750CE,SILVERM,23SEP2026,22175000.000000,1,OPTFUT,NCO,50.000000,120,False
143358,SILVERM26OCT218750PE,SILVERM,23OCT2026,21875000.000000,1,OPTFUT,NCO,50.000000,120,False
132869,CRUDEOIL26OCT6700PE,CRUDEOIL,08OCT2026,670000.000000,1,OPTFUT,NCO,10.000000,100,False
132873,GOLD27JAN159200CE,GOLD,29JAN2027,15920000.000000,1,OPTFUT,NCO,50.000000,10,False
132883,GOLD27JAN159700CE,GOLD,29JAN2027,15970000.000000,1,OPTFUT,NCO,50.000000,10,False
132887,GOLD27JAN159900CE,GOLD,29JAN2027,15990000.000000,1,OPTFUT,NCO,50.000000,10,False
143380,SILVERM26OCT221500PE,SILVERM,23OCT2026,22150000.000000,1,OPTFUT,NCO,50.000000,120,False
143386,SILVERM26OCT222250PE,SILVERM,23OCT2026,22225000.000000,1,OPTFUT,NCO,50.000000,120,False
143407,SILVERM26OCT225000CE,SILVERM,23OCT2026,22500000.000000,1,OPTFUT,NCO,50.000000,120,False
143424,SILVERM26NOV220750PE,SILVERM,23NOV2026,22075000.000000,1,OPTFUT,NCO,50.000000,120,False
132890,GOLD27JAN160000PE,GOLD,29JAN2027,16000000.000000,1,OPTFUT,NCO,50.000000,10,False
132891,CRUDEOIL26OCT6750PE,CRUDEOIL,08OCT2026,675000.000000,1,OPTFUT,NCO,10.000000,100,False
132904,CRUDEOIL26OCT7100CE,CRUDEOIL,08OCT2026,710000.000000,1,OPTFUT,NCO,10.000000,100,False
132915,CRUDEOIL26OCT7350PE,CRUDEOIL,08OCT2026,735000.000000,1,OPTFUT,NCO,10.000000,100,False
143427,SILVERM26NOV221250CE,SILVERM,23NOV2026,22125000.000000,1,OPTFUT,NCO,50.000000,120,False
143430,SILVERM26NOV221500PE,SILVERM,23NOV2026,22150000.000000,1,OPTFUT,NCO,50.000000,120,False
143433,SILVERM26NOV222000CE,SILVERM,23NOV2026,22200000.000000,1,OPTFUT,NCO,50.000000,120,False
143439,SILVERM26NOV222750CE,SILVERM,23NOV2026,22275000.000000,1,OPTFUT,NCO,50.000000,120,False
132941,CRUDEOIL26NOV6200PE,CRUDEOIL,10NOV2026,620000.000000,1,OPTFUT,NCO,10.000000,100,False
132970,SILVERM27APR243500PE,SILVERM,23APR2027,24350000.000000,1,OPTFUT,NCO,50.000000,120,False
132973,SILVERM27APR244000CE,SILVERM,23APR2027,24400000.000000,1,OPTFUT,NCO,50.000000,120,False
133007,CRUDEOIL26NOV6750PE,CRUDEOIL,10NOV2026,675000.000000,1,OPTFUT,NCO,10.000000,100,False
143441,SILVERM26NOV223000CE,SILVERM,23NOV2026,22300000.000000,1,OPTFUT,NCO,50.000000,120,False
143468,SILVERM26NOV226250PE,SILVERM,23NOV2026,22625000.000000,1,OPTFUT,NCO,50.000000,120,False
143473,GOLD27JAN146000CE,GOLD,29JAN2027,14600000.000000,1,OPTFUT,NCO,50.000000,10,False
143479,GOLD27JAN146300CE,GOLD,29JAN2027,14630000.000000,1,OPTFUT,NCO,50.000000,10,False
133011,CRUDEOIL26NOV6850PE,CRUDEOIL,10NOV2026,685000.000000,1,OPTFUT,NCO,10.000000,100,False
133017,CRUDEOIL26NOV7000PE,CRUDEOIL,10NOV2026,700000.000000,1,OPTFUT,NCO,10.000000,100,False
133019,CRUDEOIL26NOV7050PE,CRUDEOIL,10NOV2026,705000.000000,1,OPTFUT,NCO,10.000000,100,False
133051,CRUDEOIL26OCT8550PE,CRUDEOIL,08OCT2026,855000.000000,1,OPTFUT,NCO,10.000000,100,False
143486,GOLD27JAN146600PE,GOLD,29JAN2027,14660000.000000,1,OPTFUT,NCO,50.000000,10,False
143542,GOLD27JAN147200PE,GOLD,29JAN2027,14720000.000000,1,OPTFUT,NCO,50.000000,10,False
143564,GOLD27JAN148300PE,GOLD,29JAN2027,14830000.000000,1,OPTFUT,NCO,50.000000,10,False
143632,GOLD27JAN149300PE,GOLD,29JAN2027,14930000.000000,1,OPTFUT,NCO,50.000000,10,False
133053,GOLD27APR147100PE,GOLD,28APR2027,14710000.000000,1,OPTFUT,NCO,50.000000,10,False
133067,GOLD27JAN160100CE,GOLD,29JAN2027,16010000.000000,1,OPTFUT,NCO,50.000000,10,False
133068,GOLD27JAN160100PE,GOLD,29JAN2027,16010000.000000,1,OPTFUT,NCO,50.000000,10,False
133075,GOLD27JAN160500CE,GOLD,29JAN2027,16050000.000000,1,OPTFUT,NCO,50.000000,10,False
143633,GOLD27JAN149400CE,GOLD,29JAN2027,14940000.000000,1,OPTFUT,NCO,50.000000,10,False
143928,GOLD26SEP142800PE,GOLD,25SEP2026,14280000.000000,1,OPTFUT,NCO,50.000000,10,False
143929,GOLD26SEP142900CE,GOLD,25SEP2026,14290000.000000,1,OPTFUT,NCO,50.000000,10,False
143943,GOLD26SEP143600CE,GOLD,25SEP2026,14360000.000000,1,OPTFUT,NCO,50.000000,10,False
133087,GOLD27JAN161100CE,GOLD,29JAN2027,16110000.000000,1,OPTFUT,NCO,50.000000,10,False
133108,GOLD27JAN162100PE,GOLD,29JAN2027,16210000.000000,1,OPTFUT,NCO,50.000000,10,False
133122,CRUDEOIL26OCT8900CE,CRUDEOIL,08OCT2026,890000.000000,1,OPTFUT,NCO,10.000000,100,False
133123,GOLD27JAN162200CE,GOLD,29JAN2027,16220000.000000,1,OPTFUT,NCO,50.000000,10,False
143976,GOLD26OCT143600PE,GOLD,29OCT2026,14360000.000000,1,OPTFUT,NCO,50.000000,10,False
143945,GOLD26SEP143700CE,GOLD,25SEP2026,14370000.000000,1,OPTFUT,NCO,50.000000,10,False
143946,GOLD26SEP143700PE,GOLD,25SEP2026,14370000.000000,1,OPTFUT,NCO,50.000000,10,False
143973,GOLD26OCT143500CE,GOLD,29OCT2026,14350000.000000,1,OPTFUT,NCO,50.000000,10,False
133132,GOLD27JAN162600PE,GOLD,29JAN2027,16260000.000000,1,OPTFUT,NCO,50.000000,10,False
133141,GOLD27JAN163100CE,GOLD,29JAN2027,16310000.000000,1,OPTFUT,NCO,50.000000,10,False
133142,GOLD27JAN163100PE,GOLD,29JAN2027,16310000.000000,1,OPTFUT,NCO,50.000000,10,False
133166,CRUDEOIL26OCT9250PE,CRUDEOIL,08OCT2026,925000.000000,1,OPTFUT,NCO,10.000000,100,False
143980,GOLD26OCT143800PE,GOLD,29OCT2026,14380000.000000,1,OPTFUT,NCO,50.000000,10,False
144014,GOLD26OCT145500PE,GOLD,29OCT2026,14550000.000000,1,OPTFUT,NCO,50.000000,10,False
144027,GOLD26NOV144600CE,GOLD,27NOV2026,14460000.000000,1,OPTFUT,NCO,50.000000,10,False
144029,GOLD26NOV144700CE,GOLD,27NOV2026,14470000.000000,1,OPTFUT,NCO,50.000000,10,False
133169,CRUDEOIL26OCT9350CE,CRUDEOIL,08OCT2026,935000.000000,1,OPTFUT,NCO,10.000000,100,False
133172,CRUDEOIL26OCT9400PE,CRUDEOIL,08OCT2026,940000.000000,1,OPTFUT,NCO,10.000000,100,False
133181,CRUDEOIL26NOV7500PE,CRUDEOIL,10NOV2026,750000.000000,1,OPTFUT,NCO,10.000000,100,False
133185,CRUDEOIL26NOV7600PE,CRUDEOIL,10NOV2026,760000.000000,1,OPTFUT,NCO,10.000000,100,False
144033,GOLD26NOV144900CE,GOLD,27NOV2026,14490000.000000,1,OPTFUT,NCO,50.000000,10,False
144035,GOLD26NOV145000CE,GOLD,27NOV2026,14500000.000000,1,OPTFUT,NCO,50.000000,10,False
144041,GOLD26NOV145300CE,GOLD,27NOV2026,14530000.000000,1,OPTFUT,NCO,50.000000,10,False
144042,GOLD26NOV145300PE,GOLD,27NOV2026,14530000.000000,1,OPTFUT,NCO,50.000000,10,False
133190,CRUDEOIL26NOV7750CE,CRUDEOIL,10NOV2026,775000.000000,1,OPTFUT,NCO,10.000000,100,False
133192,SILVERM27MAR287000CE,SILVERM,24MAR2027,28700000.000000,1,OPTFUT,NCO,50.000000,120,False
133193,SILVERM27MAR287000PE,SILVERM,24MAR2027,28700000.000000,1,OPTFUT,NCO,50.000000,120,False
133206,CRUDEOIL26NOV8050PE,CRUDEOIL,10NOV2026,805000.000000,1,OPTFUT,NCO,10.000000,100,False
144111,GOLD27JAN150600CE,GOLD,29JAN2027,15060000.000000,1,OPTFUT,NCO,50.000000,10,False
144113,GOLD27JAN150700CE,GOLD,29JAN2027,15070000.000000,1,OPTFUT,NCO,50.000000,10,False
144115,GOLD27JAN150800CE,GOLD,29JAN2027,15080000.000000,1,OPTFUT,NCO,50.000000,10,False
144118,GOLD27JAN150900PE,GOLD,29JAN2027,15090000.000000,1,OPTFUT,NCO,50.000000,10,False
133207,CRUDEOIL26NOV8100CE,CRUDEOIL,10NOV2026,810000.000000,1,OPTFUT,NCO,10.000000,100,False
133216,CRUDEOIL26NOV8300PE,CRUDEOIL,10NOV2026,830000.000000,1,OPTFUT,NCO,10.000000,100,False
133229,SILVERM27MAR287750PE,SILVERM,24MAR2027,28775000.000000,1,OPTFUT,NCO,50.000000,120,False
133232,SILVERM27MAR288250CE,SILVERM,24MAR2027,28825000.000000,1,OPTFUT,NCO,50.000000,120,False
144141,GOLD27JAN152100CE,GOLD,29JAN2027,15210000.000000,1,OPTFUT,NCO,50.000000,10,False
144142,GOLD27JAN152100PE,GOLD,29JAN2027,15210000.000000,1,OPTFUT,NCO,50.000000,10,False
144144,GOLD27JAN152200PE,GOLD,29JAN2027,15220000.000000,1,OPTFUT,NCO,50.000000,10,False
144160,GOLD27JAN153000PE,GOLD,29JAN2027,15300000.000000,1,OPTFUT,NCO,50.000000,10,False
133240,SILVERM27MAR289250CE,SILVERM,24MAR2027,28925000.000000,1,OPTFUT,NCO,50.000000,120,False
133245,SILVERM27MAR289750PE,SILVERM,24MAR2027,28975000.000000,1,OPTFUT,NCO,50.000000,120,False
133247,SILVERM27MAR290000PE,SILVERM,24MAR2027,29000000.000000,1,OPTFUT,NCO,50.000000,120,False
133263,SILVERM27MAR292000PE,SILVERM,24MAR2027,29200000.000000,1,OPTFUT,NCO,50.000000,120,False
144162,GOLD27JAN153100PE,GOLD,29JAN2027,15310000.000000,1,OPTFUT,NCO,50.000000,10,False
144173,GOLD27FEB142400CE,GOLD,26FEB2027,14240000.000000,1,OPTFUT,NCO,50.000000,10,False
144179,GOLD27FEB142700CE,GOLD,26FEB2027,14270000.000000,1,OPTFUT,NCO,50.000000,10,False
144186,GOLD27FEB143000PE,GOLD,26FEB2027,14300000.000000,1,OPTFUT,NCO,50.000000,10,False
133266,SILVERM27MAR292500CE,SILVERM,24MAR2027,29250000.000000,1,OPTFUT,NCO,50.000000,120,False
133273,SILVERM27MAR293250PE,SILVERM,24MAR2027,29325000.000000,1,OPTFUT,NCO,50.000000,120,False
133277,SILVERM27MAR293750PE,SILVERM,24MAR2027,29375000.000000,1,OPTFUT,NCO,50.000000,120,False
133279,SILVERM27MAR294000PE,SILVERM,24MAR2027,29400000.000000,1,OPTFUT,NCO,50.000000,120,False
144190,GOLD27FEB143200PE,GOLD,26FEB2027,14320000.000000,1,OPTFUT,NCO,50.000000,10,False
144219,GOLD27FEB143700CE,GOLD,26FEB2027,14370000.000000,1,OPTFUT,NCO,50.000000,10,False
144223,GOLD27FEB143900CE,GOLD,26FEB2027,14390000.000000,1,OPTFUT,NCO,50.000000,10,False
144228,GOLD27FEB144100PE,GOLD,26FEB2027,14410000.000000,1,OPTFUT,NCO,50.000000,10,False
133283,SILVERM27MAR294500PE,SILVERM,24MAR2027,29450000.000000,1,OPTFUT,NCO,50.000000,120,False
133288,SILVERM27MAR295250CE,SILVERM,24MAR2027,29525000.000000,1,OPTFUT,NCO,50.000000,120,False
133295,SILVERM27MAR296000PE,SILVERM,24MAR2027,29600000.000000,1,OPTFUT,NCO,50.000000,120,False
133309,SILVERM27MAR297750PE,SILVERM,24MAR2027,29775000.000000,1,OPTFUT,NCO,50.000000,120,False
144229,GOLD27FEB144200CE,GOLD,26FEB2027,14420000.000000,1,OPTFUT,NCO,50.000000,10,False
144232,GOLD27FEB144300PE,GOLD,26FEB2027,14430000.000000,1,OPTFUT,NCO,50.000000,10,False
144372,SILVERM26SEP225000PE,SILVERM,23SEP2026,22500000.000000,1,OPTFUT,NCO,50.000000,120,False
144380,SILVERM26SEP226000PE,SILVERM,23SEP2026,22600000.000000,1,OPTFUT,NCO,50.000000,120,False
133314,SILVERM27MAR298500CE,SILVERM,24MAR2027,29850000.000000,1,OPTFUT,NCO,50.000000,120,False
133320,SILVERM27MAR299250CE,SILVERM,24MAR2027,29925000.000000,1,OPTFUT,NCO,50.000000,120,False
133324,SILVERM27MAR299750CE,SILVERM,24MAR2027,29975000.000000,1,OPTFUT,NCO,50.000000,120,False
133330,SILVERM27MAR300500CE,SILVERM,24MAR2027,30050000.000000,1,OPTFUT,NCO,50.000000,120,False
144395,SILVERM26OCT226250CE,SILVERM,23OCT2026,22625000.000000,1,OPTFUT,NCO,50.000000,120,False
144416,SILVERM26NOV227000PE,SILVERM,23NOV2026,22700000.000000,1,OPTFUT,NCO,50.000000,120,False
144422,SILVERM26NOV227750PE,SILVERM,23NOV2026,22775000.000000,1,OPTFUT,NCO,50.000000,120,False
144436,GOLD27FEB144500PE,GOLD,26FEB2027,14450000.000000,1,OPTFUT,NCO,50.000000,10,False
133336,SILVERM27MAR301250CE,SILVERM,24MAR2027,30125000.000000,1,OPTFUT,NCO,50.000000,120,False
133341,SILVERM27MAR301750PE,SILVERM,24MAR2027,30175000.000000,1,OPTFUT,NCO,50.000000,120,False
133351,SILVERM27APR246500CE,SILVERM,23APR2027,24650000.000000,1,OPTFUT,NCO,50.000000,120,False
133368,SILVERM27MAY242750PE,SILVERM,24MAY2027,24275000.000000,1,OPTFUT,NCO,50.000000,120,False
144447,GOLD27FEB145100CE,GOLD,26FEB2027,14510000.000000,1,OPTFUT,NCO,50.000000,10,False
144530,GOLD27FEB146200PE,GOLD,26FEB2027,14620000.000000,1,OPTFUT,NCO,50.000000,10,False
144538,GOLD27FEB146600PE,GOLD,26FEB2027,14660000.000000,1,OPTFUT,NCO,50.000000,10,False
144543,GOLD27FEB146900CE,GOLD,26FEB2027,14690000.000000,1,OPTFUT,NCO,50.000000,10,False
133371,SILVERM27MAY243250CE,SILVERM,24MAY2027,24325000.000000,1,OPTFUT,NCO,50.000000,120,False
133395,GOLD27MAY146400CE,GOLD,28MAY2027,14640000.000000,1,OPTFUT,NCO,50.000000,10,False
133413,CRUDEOIL26NOV8800CE,CRUDEOIL,10NOV2026,880000.000000,1,OPTFUT,NCO,10.000000,100,False
133430,CRUDEOIL26NOV9200PE,CRUDEOIL,10NOV2026,920000.000000,1,OPTFUT,NCO,10.000000,100,False
144545,GOLD27FEB147000CE,GOLD,26FEB2027,14700000.000000,1,OPTFUT,NCO,50.000000,10,False
144566,GOLD27FEB148000PE,GOLD,26FEB2027,14800000.000000,1,OPTFUT,NCO,50.000000,10,False
144740,GOLD26SEP145300PE,GOLD,25SEP2026,14530000.000000,1,OPTFUT,NCO,50.000000,10,False
144755,GOLD26SEP146100CE,GOLD,25SEP2026,14610000.000000,1,OPTFUT,NCO,50.000000,10,False
133490,GOLD27FEB167500CE,GOLD,26FEB2027,16750000.000000,1,OPTFUT,NCO,50.000000,10,False
133500,GOLD27FEB168000CE,GOLD,26FEB2027,16800000.000000,1,OPTFUT,NCO,50.000000,10,False
133509,GOLD27JAN163700PE,GOLD,29JAN2027,16370000.000000,1,OPTFUT,NCO,50.000000,10,False
133510,GOLD27JAN163800CE,GOLD,29JAN2027,16380000.000000,1,OPTFUT,NCO,50.000000,10,False
144761,GOLD26SEP146400CE,GOLD,25SEP2026,14640000.000000,1,OPTFUT,NCO,50.000000,10,False
144769,GOLD26OCT146200CE,GOLD,29OCT2026,14620000.000000,1,OPTFUT,NCO,50.000000,10,False
144778,GOLD26OCT146600PE,GOLD,29OCT2026,14660000.000000,1,OPTFUT,NCO,50.000000,10,False
144820,GOLD26NOV148000PE,GOLD,27NOV2026,14800000.000000,1,OPTFUT,NCO,50.000000,10,False
133512,GOLD27JAN163900CE,GOLD,29JAN2027,16390000.000000,1,OPTFUT,NCO,50.000000,10,False
133551,SILVERM27MAY244750PE,SILVERM,24MAY2027,24475000.000000,1,OPTFUT,NCO,50.000000,120,False
133598,SILVERM27MAR305000PE,SILVERM,24MAR2027,30500000.000000,1,OPTFUT,NCO,50.000000,120,False
133603,SILVERM27MAR305750CE,SILVERM,24MAR2027,30575000.000000,1,OPTFUT,NCO,50.000000,120,False
144848,GOLD27FEB148600PE,GOLD,26FEB2027,14860000.000000,1,OPTFUT,NCO,50.000000,10,False
144862,GOLD27FEB149300PE,GOLD,26FEB2027,14930000.000000,1,OPTFUT,NCO,50.000000,10,False
144864,GOLD27FEB149400PE,GOLD,26FEB2027,14940000.000000,1,OPTFUT,NCO,50.000000,10,False
144865,GOLD27FEB149500CE,GOLD,26FEB2027,14950000.000000,1,OPTFUT,NCO,50.000000,10,False
144877,GOLD27FEB150100CE,GOLD,26FEB2027,15010000.000000,1,OPTFUT,NCO,50.000000,10,False
144882,GOLD27FEB150300PE,GOLD,26FEB2027,15030000.000000,1,OPTFUT,NCO,50.000000,10,False
144888,GOLD27FEB150600PE,GOLD,26FEB2027,15060000.000000,1,OPTFUT,NCO,50.000000,10,False
144896,GOLD27FEB151000PE,GOLD,26FEB2027,15100000.000000,1,OPTFUT,NCO,50.000000,10,False
144897,GOLD27FEB151100CE,GOLD,26FEB2027,15110000.000000,1,OPTFUT,NCO,50.000000,10,False
145043,GOLD27FEB151400CE,GOLD,26FEB2027,15140000.000000,1,OPTFUT,NCO,50.000000,10,False
145048,GOLD27FEB151600PE,GOLD,26FEB2027,15160000.000000,1,OPTFUT,NCO,50.000000,10,False
145049,GOLD27FEB151700CE,GOLD,26FEB2027,15170000.000000,1,OPTFUT,NCO,50.000000,10,False
145066,GOLD27FEB152500PE,GOLD,26FEB2027,15250000.000000,1,OPTFUT,NCO,50.000000,10,False
145072,GOLD27FEB152800PE,GOLD,26FEB2027,15280000.000000,1,OPTFUT,NCO,50.000000,10,False
145076,GOLD27FEB153000PE,GOLD,26FEB2027,15300000.000000,1,OPTFUT,NCO,50.000000,10,False
145085,GOLD27FEB153500CE,GOLD,26FEB2027,15350000.000000,1,OPTFUT,NCO,50.000000,10,False
145092,GOLD27FEB153800PE,GOLD,26FEB2027,15380000.000000,1,OPTFUT,NCO,50.000000,10,False
145094,GOLD27FEB153900PE,GOLD,26FEB2027,15390000.000000,1,OPTFUT,NCO,50.000000,10,False
145098,GOLD27FEB154100PE,GOLD,26FEB2027,15410000.000000,1,OPTFUT,NCO,50.000000,10,False
145607,SILVERM26SEP237000CE,SILVERM,23SEP2026,23700000.000000,1,OPTFUT,NCO,50.000000,120,False
145610,SILVERM26SEP237250PE,SILVERM,23SEP2026,23725000.000000,1,OPTFUT,NCO,50.000000,120,False
145614,SILVERM26SEP237750PE,SILVERM,23SEP2026,23775000.000000,1,OPTFUT,NCO,50.000000,120,False
145618,SILVERM26SEP238250PE,SILVERM,23SEP2026,23825000.000000,1,OPTFUT,NCO,50.000000,120,False
145633,SILVERM26SEP240250CE,SILVERM,23SEP2026,24025000.000000,1,OPTFUT,NCO,50.000000,120,False
145640,SILVERM26SEP241000PE,SILVERM,23SEP2026,24100000.000000,1,OPTFUT,NCO,50.000000,120,False
145649,SILVERM26SEP242250CE,SILVERM,23SEP2026,24225000.000000,1,OPTFUT,NCO,50.000000,120,False
145651,SILVERM26SEP242500CE,SILVERM,23SEP2026,24250000.000000,1,OPTFUT,NCO,50.000000,120,False
145662,SILVERM26SEP243750PE,SILVERM,23SEP2026,24375000.000000,1,OPTFUT,NCO,50.000000,120,False
145663,SILVERM26SEP244000CE,SILVERM,23SEP2026,24400000.000000,1,OPTFUT,NCO,50.000000,120,False
145683,SILVERM26OCT237750CE,SILVERM,23OCT2026,23775000.000000,1,OPTFUT,NCO,50.000000,120,False
145685,SILVERM26OCT238000CE,SILVERM,23OCT2026,23800000.000000,1,OPTFUT,NCO,50.000000,120,False
145688,SILVERM26OCT238250PE,SILVERM,23OCT2026,23825000.000000,1,OPTFUT,NCO,50.000000,120,False
133609,SILVERM27MAR306500CE,SILVERM,24MAR2027,30650000.000000,1,OPTFUT,NCO,50.000000,120,False
133610,SILVERM27MAR306500PE,SILVERM,24MAR2027,30650000.000000,1,OPTFUT,NCO,50.000000,120,False
133626,SILVERM27MAR308500PE,SILVERM,24MAR2027,30850000.000000,1,OPTFUT,NCO,50.000000,120,False
133629,SILVERM27MAR309000CE,SILVERM,24MAR2027,30900000.000000,1,OPTFUT,NCO,50.000000,120,False
145696,SILVERM26OCT239250PE,SILVERM,23OCT2026,23925000.000000,1,OPTFUT,NCO,50.000000,120,False
145705,SILVERM26OCT240500CE,SILVERM,23OCT2026,24050000.000000,1,OPTFUT,NCO,50.000000,120,False
145717,SILVERM26OCT242000CE,SILVERM,23OCT2026,24200000.000000,1,OPTFUT,NCO,50.000000,120,False
145724,SILVERM26OCT242750PE,SILVERM,23OCT2026,24275000.000000,1,OPTFUT,NCO,50.000000,120,False
145727,SILVERM26OCT243250CE,SILVERM,23OCT2026,24325000.000000,1,OPTFUT,NCO,50.000000,120,False
145730,SILVERM26OCT243500PE,SILVERM,23OCT2026,24350000.000000,1,OPTFUT,NCO,50.000000,120,False
145738,SILVERM26OCT244500PE,SILVERM,23OCT2026,24450000.000000,1,OPTFUT,NCO,50.000000,120,False
145743,SILVERM26OCT245250CE,SILVERM,23OCT2026,24525000.000000,1,OPTFUT,NCO,50.000000,120,False
133637,SILVERM27APR288500CE,SILVERM,23APR2027,28850000.000000,1,OPTFUT,NCO,50.000000,120,False
133657,SILVERM27APR291000CE,SILVERM,23APR2027,29100000.000000,1,OPTFUT,NCO,50.000000,120,False
133661,SILVERM27APR291500CE,SILVERM,23APR2027,29150000.000000,1,OPTFUT,NCO,50.000000,120,False
133665,SILVERM27APR292000CE,SILVERM,23APR2027,29200000.000000,1,OPTFUT,NCO,50.000000,120,False
133675,SILVERM27MAY245250PE,SILVERM,24MAY2027,24525000.000000,1,OPTFUT,NCO,50.000000,120,False
133695,SILVERM27APR294750CE,SILVERM,23APR2027,29475000.000000,1,OPTFUT,NCO,50.000000,120,False
133698,SILVERM27APR295000PE,SILVERM,23APR2027,29500000.000000,1,OPTFUT,NCO,50.000000,120,False
133708,SILVERM27APR296250PE,SILVERM,23APR2027,29625000.000000,1,OPTFUT,NCO,50.000000,120,False
145756,SILVERM26OCT246750PE,SILVERM,23OCT2026,24675000.000000,1,OPTFUT,NCO,50.000000,120,False
145759,SILVERM26NOV238250CE,SILVERM,23NOV2026,23825000.000000,1,OPTFUT,NCO,50.000000,120,False
145761,SILVERM26NOV238500CE,SILVERM,23NOV2026,23850000.000000,1,OPTFUT,NCO,50.000000,120,False
145771,SILVERM26NOV239750CE,SILVERM,23NOV2026,23975000.000000,1,OPTFUT,NCO,50.000000,120,False
133716,SILVERM27APR297250PE,SILVERM,23APR2027,29725000.000000,1,OPTFUT,NCO,50.000000,120,False
133727,SILVERM27APR298750CE,SILVERM,23APR2027,29875000.000000,1,OPTFUT,NCO,50.000000,120,False
133728,SILVERM27APR298750PE,SILVERM,23APR2027,29875000.000000,1,OPTFUT,NCO,50.000000,120,False
133743,SILVERM27MAY247750CE,SILVERM,24MAY2027,24775000.000000,1,OPTFUT,NCO,50.000000,120,False
145799,SILVERM26NOV243250CE,SILVERM,23NOV2026,24325000.000000,1,OPTFUT,NCO,50.000000,120,False
145808,SILVERM26NOV244250PE,SILVERM,23NOV2026,24425000.000000,1,OPTFUT,NCO,50.000000,120,False
145821,SILVERM26NOV246000CE,SILVERM,23NOV2026,24600000.000000,1,OPTFUT,NCO,50.000000,120,False
146201,SILVERM26SEP245750CE,SILVERM,23SEP2026,24575000.000000,1,OPTFUT,NCO,50.000000,120,False
133757,SILVERM27FEB272750CE,SILVERM,19FEB2027,27275000.000000,1,OPTFUT,NCO,50.000000,120,False
133785,SILVERM27APR300500CE,SILVERM,23APR2027,30050000.000000,1,OPTFUT,NCO,50.000000,120,False
133787,SILVERM27APR300750CE,SILVERM,23APR2027,30075000.000000,1,OPTFUT,NCO,50.000000,120,False
133800,SILVERM27APR302250PE,SILVERM,23APR2027,30225000.000000,1,OPTFUT,NCO,50.000000,120,False
146213,SILVERM26SEP247250CE,SILVERM,23SEP2026,24725000.000000,1,OPTFUT,NCO,50.000000,120,False
146214,SILVERM26SEP247250PE,SILVERM,23SEP2026,24725000.000000,1,OPTFUT,NCO,50.000000,120,False
146237,SILVERM26SEP250250CE,SILVERM,23SEP2026,25025000.000000,1,OPTFUT,NCO,50.000000,120,False
146243,SILVERM26OCT247500CE,SILVERM,23OCT2026,24750000.000000,1,OPTFUT,NCO,50.000000,120,False
133843,SILVERM27APR307750CE,SILVERM,23APR2027,30775000.000000,1,OPTFUT,NCO,50.000000,120,False
133866,SILVERM27MAY249250PE,SILVERM,24MAY2027,24925000.000000,1,OPTFUT,NCO,50.000000,120,False
133880,GOLD27MAR149600PE,GOLD,29MAR2027,14960000.000000,1,OPTFUT,NCO,50.000000,10,False
133886,GOLD27MAR149900PE,GOLD,29MAR2027,14990000.000000,1,OPTFUT,NCO,50.000000,10,False
146244,SILVERM26OCT247500PE,SILVERM,23OCT2026,24750000.000000,1,OPTFUT,NCO,50.000000,120,False
146258,SILVERM26OCT249250PE,SILVERM,23OCT2026,24925000.000000,1,OPTFUT,NCO,50.000000,120,False
146262,SILVERM26OCT249750PE,SILVERM,23OCT2026,24975000.000000,1,OPTFUT,NCO,50.000000,120,False
146277,SILVERM26NOV248250CE,SILVERM,23NOV2026,24825000.000000,1,OPTFUT,NCO,50.000000,120,False
133896,GOLD27MAR150400PE,GOLD,29MAR2027,15040000.000000,1,OPTFUT,NCO,50.000000,10,False
133909,GOLD27MAR151100CE,GOLD,29MAR2027,15110000.000000,1,OPTFUT,NCO,50.000000,10,False
133916,CRUDEOIL26OCT9600PE,CRUDEOIL,08OCT2026,960000.000000,1,OPTFUT,NCO,10.000000,100,False
133919,CRUDEOIL26OCT9700CE,CRUDEOIL,08OCT2026,970000.000000,1,OPTFUT,NCO,10.000000,100,False
146285,SILVERM26NOV249250CE,SILVERM,23NOV2026,24925000.000000,1,OPTFUT,NCO,50.000000,120,False
146286,SILVERM26NOV249250PE,SILVERM,23NOV2026,24925000.000000,1,OPTFUT,NCO,50.000000,120,False
146292,SILVERM26NOV250000PE,SILVERM,23NOV2026,25000000.000000,1,OPTFUT,NCO,50.000000,120,False
146298,SILVERM26NOV250750PE,SILVERM,23NOV2026,25075000.000000,1,OPTFUT,NCO,50.000000,120,False
133921,CRUDEOIL26OCT9750CE,CRUDEOIL,08OCT2026,975000.000000,1,OPTFUT,NCO,10.000000,100,False
133922,CRUDEOIL26OCT9750PE,CRUDEOIL,08OCT2026,975000.000000,1,OPTFUT,NCO,10.000000,100,False
133923,CRUDEOIL26OCT9800CE,CRUDEOIL,08OCT2026,980000.000000,1,OPTFUT,NCO,10.000000,100,False
133927,CRUDEOIL26OCT9900CE,CRUDEOIL,08OCT2026,990000.000000,1,OPTFUT,NCO,10.000000,100,False
146305,SILVERM26NOV251750CE,SILVERM,23NOV2026,25175000.000000,1,OPTFUT,NCO,50.000000,120,False
146312,SILVERM26NOV252500PE,SILVERM,23NOV2026,25250000.000000,1,OPTFUT,NCO,50.000000,120,False
146383,SILVERM26SEP255250CE,SILVERM,23SEP2026,25525000.000000,1,OPTFUT,NCO,50.000000,120,False
146386,SILVERM26SEP255500PE,SILVERM,23SEP2026,25550000.000000,1,OPTFUT,NCO,50.000000,120,False
133929,CRUDEOIL26OCT9950CE,CRUDEOIL,08OCT2026,995000.000000,1,OPTFUT,NCO,10.000000,100,False
133952,CRUDEOIL26OCT10500PE,CRUDEOIL,08OCT2026,1050000.000000,1,OPTFUT,NCO,10.000000,100,False
133959,CRUDEOIL26NOV9500CE,CRUDEOIL,10NOV2026,950000.000000,1,OPTFUT,NCO,10.000000,100,False
133960,CRUDEOIL26NOV9500PE,CRUDEOIL,10NOV2026,950000.000000,1,OPTFUT,NCO,10.000000,100,False
146396,SILVERM26SEP256750PE,SILVERM,23SEP2026,25675000.000000,1,OPTFUT,NCO,50.000000,120,False
146405,SILVERM26SEP258000CE,SILVERM,23SEP2026,25800000.000000,1,OPTFUT,NCO,50.000000,120,False
146410,SILVERM26SEP258500PE,SILVERM,23SEP2026,25850000.000000,1,OPTFUT,NCO,50.000000,120,False
146416,SILVERM26OCT256750PE,SILVERM,23OCT2026,25675000.000000,1,OPTFUT,NCO,50.000000,120,False
133961,CRUDEOIL26NOV9550CE,CRUDEOIL,10NOV2026,955000.000000,1,OPTFUT,NCO,10.000000,100,False
133964,CRUDEOIL26NOV9600PE,CRUDEOIL,10NOV2026,960000.000000,1,OPTFUT,NCO,10.000000,100,False
133966,CRUDEOIL26NOV9650PE,CRUDEOIL,10NOV2026,965000.000000,1,OPTFUT,NCO,10.000000,100,False
133970,CRUDEOIL26NOV9750PE,CRUDEOIL,10NOV2026,975000.000000,1,OPTFUT,NCO,10.000000,100,False
146424,SILVERM26OCT257750PE,SILVERM,23OCT2026,25775000.000000,1,OPTFUT,NCO,50.000000,120,False
146426,SILVERM26OCT258000PE,SILVERM,23OCT2026,25800000.000000,1,OPTFUT,NCO,50.000000,120,False
146443,SILVERM26NOV258000CE,SILVERM,23NOV2026,25800000.000000,1,OPTFUT,NCO,50.000000,120,False
146448,SILVERM26NOV258500PE,SILVERM,23NOV2026,25850000.000000,1,OPTFUT,NCO,50.000000,120,False
146451,SILVERM26NOV259000CE,SILVERM,23NOV2026,25900000.000000,1,OPTFUT,NCO,50.000000,120,False
146463,SILVERM26NOV260500CE,SILVERM,23NOV2026,26050000.000000,1,OPTFUT,NCO,50.000000,120,False
146470,SILVERM26NOV261250PE,SILVERM,23NOV2026,26125000.000000,1,OPTFUT,NCO,50.000000,120,False
146473,SILVERM26DEC259500CE,SILVERM,23DEC2026,25950000.000000,1,OPTFUT,NCO,50.000000,120,False
133974,CRUDEOIL26NOV9850PE,CRUDEOIL,10NOV2026,985000.000000,1,OPTFUT,NCO,10.000000,100,False
133980,CRUDEOIL26NOV10000PE,CRUDEOIL,10NOV2026,1000000.000000,1,OPTFUT,NCO,10.000000,100,False
133983,CRUDEOIL26NOV10100CE,CRUDEOIL,10NOV2026,1010000.000000,1,OPTFUT,NCO,10.000000,100,False
134054,SILVERM27FEB274750PE,SILVERM,19FEB2027,27475000.000000,1,OPTFUT,NCO,50.000000,120,False
146475,SILVERM26DEC259750CE,SILVERM,23DEC2026,25975000.000000,1,OPTFUT,NCO,50.000000,120,False
146487,SILVERM26DEC261250CE,SILVERM,23DEC2026,26125000.000000,1,OPTFUT,NCO,50.000000,120,False
146492,SILVERM26DEC261750PE,SILVERM,23DEC2026,26175000.000000,1,OPTFUT,NCO,50.000000,120,False
146496,SILVERM26DEC262250PE,SILVERM,23DEC2026,26225000.000000,1,OPTFUT,NCO,50.000000,120,False
134058,GOLD27MAY146900PE,GOLD,28MAY2027,14690000.000000,1,OPTFUT,NCO,50.000000,10,False
134062,GOLD27MAY147100PE,GOLD,28MAY2027,14710000.000000,1,OPTFUT,NCO,50.000000,10,False
134070,SILVERM27APR310750PE,SILVERM,23APR2027,31075000.000000,1,OPTFUT,NCO,50.000000,120,False
134096,GOLD27MAY147600PE,GOLD,28MAY2027,14760000.000000,1,OPTFUT,NCO,50.000000,10,False
146954,SILVERM26SEP261500PE,SILVERM,23SEP2026,26150000.000000,1,OPTFUT,NCO,50.000000,120,False
146964,SILVERM26SEP262750PE,SILVERM,23SEP2026,26275000.000000,1,OPTFUT,NCO,50.000000,120,False
146968,SILVERM26SEP263250PE,SILVERM,23SEP2026,26325000.000000,1,OPTFUT,NCO,50.000000,120,False
146978,SILVERM26OCT261000PE,SILVERM,23OCT2026,26100000.000000,1,OPTFUT,NCO,50.000000,120,False
134100,CRUDEOIL26NOV10700PE,CRUDEOIL,10NOV2026,1070000.000000,1,OPTFUT,NCO,10.000000,100,False
134115,CRUDEOIL26NOV10850CE,CRUDEOIL,10NOV2026,1085000.000000,1,OPTFUT,NCO,10.000000,100,False
134116,CRUDEOIL26NOV10850PE,CRUDEOIL,10NOV2026,1085000.000000,1,OPTFUT,NCO,10.000000,100,False
134120,SILVER26DEC262750PE,SILVER,01DEC2026,26275000.000000,1,OPTBLN,NCO,50.000000,20,False
146982,SILVERM26OCT261500PE,SILVERM,23OCT2026,26150000.000000,1,OPTFUT,NCO,50.000000,120,False
146984,SILVERM26OCT261750PE,SILVERM,23OCT2026,26175000.000000,1,OPTFUT,NCO,50.000000,120,False
146998,SILVERM26OCT263500PE,SILVERM,23OCT2026,26350000.000000,1,OPTFUT,NCO,50.000000,120,False
147030,SILVERM26NOV263750PE,SILVERM,23NOV2026,26375000.000000,1,OPTFUT,NCO,50.000000,120,False
134127,GOLD27FEB173700PE,GOLD,26FEB2027,17370000.000000,1,OPTFUT,NCO,50.000000,10,False
134129,GOLD27FEB173800PE,GOLD,26FEB2027,17380000.000000,1,OPTFUT,NCO,50.000000,10,False
134154,GOLD27MAY166500PE,GOLD,28MAY2027,16650000.000000,1,OPTFUT,NCO,50.000000,10,False
134167,GOLD27JUN165000CE,GOLD,28JUN2027,16500000.000000,1,OPTFUT,NCO,50.000000,10,False
147045,SILVERM26NOV265750CE,SILVERM,23NOV2026,26575000.000000,1,OPTFUT,NCO,50.000000,120,False
147055,SILVERM26DEC263250CE,SILVERM,23DEC2026,26325000.000000,1,OPTFUT,NCO,50.000000,120,False
147078,SILVERM26DEC266000PE,SILVERM,23DEC2026,26600000.000000,1,OPTFUT,NCO,50.000000,120,False
147484,GOLD26SEP146900PE,GOLD,25SEP2026,14690000.000000,1,OPTFUT,NCO,50.000000,10,False
134168,GOLD27JUN165000PE,GOLD,28JUN2027,16500000.000000,1,OPTFUT,NCO,50.000000,10,False
134187,GOLD27JUN166000CE,GOLD,28JUN2027,16600000.000000,1,OPTFUT,NCO,50.000000,10,False
134193,GOLD27JUN166300CE,GOLD,28JUN2027,16630000.000000,1,OPTFUT,NCO,50.000000,10,False
134211,GOLD27JUN167200CE,GOLD,28JUN2027,16720000.000000,1,OPTFUT,NCO,50.000000,10,False
147487,GOLD26SEP147100CE,GOLD,25SEP2026,14710000.000000,1,OPTFUT,NCO,50.000000,10,False
147491,GOLD26SEP147300CE,GOLD,25SEP2026,14730000.000000,1,OPTFUT,NCO,50.000000,10,False
147497,GOLD26SEP147600CE,GOLD,25SEP2026,14760000.000000,1,OPTFUT,NCO,50.000000,10,False
147502,GOLD26SEP147800PE,GOLD,25SEP2026,14780000.000000,1,OPTFUT,NCO,50.000000,10,False
134214,GOLD27JUN167300PE,GOLD,28JUN2027,16730000.000000,1,OPTFUT,NCO,50.000000,10,False
134215,GOLD27JUN167400CE,GOLD,28JUN2027,16740000.000000,1,OPTFUT,NCO,50.000000,10,False
134222,GOLD27JUN167700PE,GOLD,28JUN2027,16770000.000000,1,OPTFUT,NCO,50.000000,10,False
134260,GOLD27JUL166400PE,GOLD,29JUL2027,16640000.000000,1,OPTFUT,NCO,50.000000,10,False
147505,GOLD26SEP148000CE,GOLD,25SEP2026,14800000.000000,1,OPTFUT,NCO,50.000000,10,False
147508,GOLD26SEP148100PE,GOLD,25SEP2026,14810000.000000,1,OPTFUT,NCO,50.000000,10,False
147509,GOLD26SEP148200CE,GOLD,25SEP2026,14820000.000000,1,OPTFUT,NCO,50.000000,10,False
147521,GOLD26OCT147600CE,GOLD,29OCT2026,14760000.000000,1,OPTFUT,NCO,50.000000,10,False
134269,GOLD27FEB163600CE,GOLD,26FEB2027,16360000.000000,1,OPTFUT,NCO,50.000000,10,False
134270,GOLD27FEB163600PE,GOLD,26FEB2027,16360000.000000,1,OPTFUT,NCO,50.000000,10,False
134277,GOLD27FEB164000CE,GOLD,26FEB2027,16400000.000000,1,OPTFUT,NCO,50.000000,10,False
134281,GOLD27JUL166600CE,GOLD,29JUL2027,16660000.000000,1,OPTFUT,NCO,50.000000,10,False
147522,GOLD26OCT147600PE,GOLD,29OCT2026,14760000.000000,1,OPTFUT,NCO,50.000000,10,False
147535,GOLD26OCT148300CE,GOLD,29OCT2026,14830000.000000,1,OPTFUT,NCO,50.000000,10,False
147537,GOLD26OCT148400CE,GOLD,29OCT2026,14840000.000000,1,OPTFUT,NCO,50.000000,10,False
147548,GOLD26OCT148900PE,GOLD,29OCT2026,14890000.000000,1,OPTFUT,NCO,50.000000,10,False
147551,GOLD26OCT149100CE,GOLD,29OCT2026,14910000.000000,1,OPTFUT,NCO,50.000000,10,False
147553,GOLD26OCT149200CE,GOLD,29OCT2026,14920000.000000,1,OPTFUT,NCO,50.000000,10,False
147559,GOLD26NOV148300CE,GOLD,27NOV2026,14830000.000000,1,OPTFUT,NCO,50.000000,10,False
147561,GOLD26NOV148400CE,GOLD,27NOV2026,14840000.000000,1,OPTFUT,NCO,50.000000,10,False
134282,GOLD27JUL166600PE,GOLD,29JUL2027,16660000.000000,1,OPTFUT,NCO,50.000000,10,False
134306,GOLD27JUL167800PE,GOLD,29JUL2027,16780000.000000,1,OPTFUT,NCO,50.000000,10,False
134315,GOLD27APR150700CE,GOLD,28APR2027,15070000.000000,1,OPTFUT,NCO,50.000000,10,False
134326,GOLD27APR151200PE,GOLD,28APR2027,15120000.000000,1,OPTFUT,NCO,50.000000,10,False
147567,GOLD26NOV148700CE,GOLD,27NOV2026,14870000.000000,1,OPTFUT,NCO,50.000000,10,False
147579,GOLD26NOV149300CE,GOLD,27NOV2026,14930000.000000,1,OPTFUT,NCO,50.000000,10,False
147589,GOLD26NOV149800CE,GOLD,27NOV2026,14980000.000000,1,OPTFUT,NCO,50.000000,10,False
147614,GOLD26DEC148600PE,GOLD,29DEC2026,14860000.000000,1,OPTFUT,NCO,50.000000,10,False
134338,GOLD27MAY147900PE,GOLD,28MAY2027,14790000.000000,1,OPTFUT,NCO,50.000000,10,False
134345,GOLD27MAY148300CE,GOLD,28MAY2027,14830000.000000,1,OPTFUT,NCO,50.000000,10,False
134354,CRUDEOIL26OCT10800PE,CRUDEOIL,08OCT2026,1080000.000000,1,OPTFUT,NCO,10.000000,100,False
134358,GOLD27JUL168400PE,GOLD,29JUL2027,16840000.000000,1,OPTFUT,NCO,50.000000,10,False
147634,GOLD26DEC149600PE,GOLD,29DEC2026,14960000.000000,1,OPTFUT,NCO,50.000000,10,False
147637,GOLD26DEC149800CE,GOLD,29DEC2026,14980000.000000,1,OPTFUT,NCO,50.000000,10,False
147644,GOLD26DEC150100PE,GOLD,29DEC2026,15010000.000000,1,OPTFUT,NCO,50.000000,10,False
147704,SILVERM26DEC213000PE,SILVERM,23DEC2026,21300000.000000,1,OPTFUT,NCO,50.000000,120,False
134406,GOLDM26SEP157800PE,GOLDM,25SEP2026,15780000.000000,1,OPTFUT,NCO,50.000000,100,False
134416,GOLDM26SEP158300PE,GOLDM,25SEP2026,15830000.000000,1,OPTFUT,NCO,50.000000,100,False
134425,GOLDM26SEP158800CE,GOLDM,25SEP2026,15880000.000000,1,OPTFUT,NCO,50.000000,100,False
134430,GOLDM26SEP159000PE,GOLDM,25SEP2026,15900000.000000,1,OPTFUT,NCO,50.000000,100,False
147714,SILVERM26DEC214250PE,SILVERM,23DEC2026,21425000.000000,1,OPTFUT,NCO,50.000000,120,False
147719,SILVERM26DEC215000CE,SILVERM,23DEC2026,21500000.000000,1,OPTFUT,NCO,50.000000,120,False
147829,GOLD26SEP164300CE,GOLD,25SEP2026,16430000.000000,1,OPTFUT,NCO,50.000000,10,False
147835,GOLD26SEP164600CE,GOLD,25SEP2026,16460000.000000,1,OPTFUT,NCO,50.000000,10,False
147840,GOLD26SEP164800PE,GOLD,25SEP2026,16480000.000000,1,OPTFUT,NCO,50.000000,10,False
147841,GOLD26SEP164900CE,GOLD,25SEP2026,16490000.000000,1,OPTFUT,NCO,50.000000,10,False
147844,GOLD26SEP165000PE,GOLD,25SEP2026,16500000.000000,1,OPTFUT,NCO,50.000000,10,False
147855,GOLD26SEP165600CE,GOLD,25SEP2026,16560000.000000,1,OPTFUT,NCO,50.000000,10,False
134440,GOLDM26SEP159500PE,GOLDM,25SEP2026,15950000.000000,1,OPTFUT,NCO,50.000000,100,False
134441,GOLDM26SEP159600CE,GOLDM,25SEP2026,15960000.000000,1,OPTFUT,NCO,50.000000,100,False
134442,GOLDM26SEP159600PE,GOLDM,25SEP2026,15960000.000000,1,OPTFUT,NCO,50.000000,100,False
134452,COPPER26OCT1395PE,COPPER,23OCT2026,139500.000000,1,OPTFUT,NCO,1.000000,70,False
147891,SILVERM26DEC219250CE,SILVERM,23DEC2026,21925000.000000,1,OPTFUT,NCO,50.000000,120,False
147894,SILVERM26DEC219500PE,SILVERM,23DEC2026,21950000.000000,1,OPTFUT,NCO,50.000000,120,False
147897,SILVERM26DEC220000CE,SILVERM,23DEC2026,22000000.000000,1,OPTFUT,NCO,50.000000,120,False
147901,SILVERM26DEC220500CE,SILVERM,23DEC2026,22050000.000000,1,OPTFUT,NCO,50.000000,120,False
134475,GOLD27MAY151300CE,GOLD,28MAY2027,15130000.000000,1,OPTFUT,NCO,50.000000,10,False
134476,GOLD27MAY151300PE,GOLD,28MAY2027,15130000.000000,1,OPTFUT,NCO,50.000000,10,False
134480,GOLD27MAY151500PE,GOLD,28MAY2027,15150000.000000,1,OPTFUT,NCO,50.000000,10,False
134483,GOLD27MAY151700CE,GOLD,28MAY2027,15170000.000000,1,OPTFUT,NCO,50.000000,10,False
147934,SILVERM26DEC224500PE,SILVERM,23DEC2026,22450000.000000,1,OPTFUT,NCO,50.000000,120,False
147943,SILVERM26DEC225750CE,SILVERM,23DEC2026,22575000.000000,1,OPTFUT,NCO,50.000000,120,False
147944,SILVERM26DEC225750PE,SILVERM,23DEC2026,22575000.000000,1,OPTFUT,NCO,50.000000,120,False
148420,SILVERM26SEP264000PE,SILVERM,23SEP2026,26400000.000000,1,OPTFUT,NCO,50.000000,120,False
134488,GOLD27MAY151900PE,GOLD,28MAY2027,15190000.000000,1,OPTFUT,NCO,50.000000,10,False
134499,GOLD27MAY152500CE,GOLD,28MAY2027,15250000.000000,1,OPTFUT,NCO,50.000000,10,False
134502,GOLD27MAY152600PE,GOLD,28MAY2027,15260000.000000,1,OPTFUT,NCO,50.000000,10,False
134507,COPPER26OCT1405CE,COPPER,23OCT2026,140500.000000,1,OPTFUT,NCO,1.000000,70,False
148432,SILVERM26SEP265500PE,SILVERM,23SEP2026,26550000.000000,1,OPTFUT,NCO,50.000000,120,False
148438,SILVERM26SEP266250PE,SILVERM,23SEP2026,26625000.000000,1,OPTFUT,NCO,50.000000,120,False
148466,SILVERM26SEP269750PE,SILVERM,23SEP2026,26975000.000000,1,OPTFUT,NCO,50.000000,120,False
148477,SILVERM26SEP271250CE,SILVERM,23SEP2026,27125000.000000,1,OPTFUT,NCO,50.000000,120,False
134519,CRUDEOIL26OCT10950CE,CRUDEOIL,08OCT2026,1095000.000000,1,OPTFUT,NCO,10.000000,100,False
134535,GOLDM26OCT158600CE,GOLDM,29OCT2026,15860000.000000,1,OPTFUT,NCO,50.000000,100,False
134547,GOLDM26OCT159200CE,GOLDM,29OCT2026,15920000.000000,1,OPTFUT,NCO,50.000000,100,False
134562,GOLDM26OCT159900PE,GOLDM,29OCT2026,15990000.000000,1,OPTFUT,NCO,50.000000,100,False
148485,SILVERM26SEP272250CE,SILVERM,23SEP2026,27225000.000000,1,OPTFUT,NCO,50.000000,120,False
148486,SILVERM26SEP272250PE,SILVERM,23SEP2026,27225000.000000,1,OPTFUT,NCO,50.000000,120,False
148510,SILVERM26OCT266750PE,SILVERM,23OCT2026,26675000.000000,1,OPTFUT,NCO,50.000000,120,False
148517,SILVERM26OCT267750CE,SILVERM,23OCT2026,26775000.000000,1,OPTFUT,NCO,50.000000,120,False
134563,GOLDM26OCT160000CE,GOLDM,29OCT2026,16000000.000000,1,OPTFUT,NCO,50.000000,100,False
134574,GOLDM26OCT160500PE,GOLDM,29OCT2026,16050000.000000,1,OPTFUT,NCO,50.000000,100,False
134575,GOLDM26OCT160600CE,GOLDM,29OCT2026,16060000.000000,1,OPTFUT,NCO,50.000000,100,False
134590,SILVERM27JUN257500PE,SILVERM,23JUN2027,25750000.000000,1,OPTFUT,NCO,50.000000,120,False
148541,SILVERM26OCT270750CE,SILVERM,23OCT2026,27075000.000000,1,OPTFUT,NCO,50.000000,120,False
148546,SILVERM26OCT271250PE,SILVERM,23OCT2026,27125000.000000,1,OPTFUT,NCO,50.000000,120,False
148548,SILVERM26OCT271500PE,SILVERM,23OCT2026,27150000.000000,1,OPTFUT,NCO,50.000000,120,False
148565,SILVERM26OCT273750CE,SILVERM,23OCT2026,27375000.000000,1,OPTFUT,NCO,50.000000,120,False
134636,GOLD27MAY152800CE,GOLD,28MAY2027,15280000.000000,1,OPTFUT,NCO,50.000000,10,False
134643,GOLD27MAY168700CE,GOLD,28MAY2027,16870000.000000,1,OPTFUT,NCO,50.000000,10,False
134666,GOLD27MAY169800PE,GOLD,28MAY2027,16980000.000000,1,OPTFUT,NCO,50.000000,10,False
134673,GOLD27JUN168100CE,GOLD,28JUN2027,16810000.000000,1,OPTFUT,NCO,50.000000,10,False
148570,SILVERM26OCT274250PE,SILVERM,23OCT2026,27425000.000000,1,OPTFUT,NCO,50.000000,120,False
148576,SILVERM26OCT275000PE,SILVERM,23OCT2026,27500000.000000,1,OPTFUT,NCO,50.000000,120,False
148581,SILVERM26NOV267000CE,SILVERM,23NOV2026,26700000.000000,1,OPTFUT,NCO,50.000000,120,False
148583,SILVERM26NOV267250CE,SILVERM,23NOV2026,26725000.000000,1,OPTFUT,NCO,50.000000,120,False
134678,GOLD27JUN168300PE,GOLD,28JUN2027,16830000.000000,1,OPTFUT,NCO,50.000000,10,False
134694,GOLD27JUN169100PE,GOLD,28JUN2027,16910000.000000,1,OPTFUT,NCO,50.000000,10,False
134696,GOLD27JUN169200PE,GOLD,28JUN2027,16920000.000000,1,OPTFUT,NCO,50.000000,10,False
134700,GOLD27JUN169400PE,GOLD,28JUN2027,16940000.000000,1,OPTFUT,NCO,50.000000,10,False
148584,SILVERM26NOV267250PE,SILVERM,23NOV2026,26725000.000000,1,OPTFUT,NCO,50.000000,120,False
148601,SILVERM26NOV269500CE,SILVERM,23NOV2026,26950000.000000,1,OPTFUT,NCO,50.000000,120,False
148602,SILVERM26NOV269500PE,SILVERM,23NOV2026,26950000.000000,1,OPTFUT,NCO,50.000000,120,False
148608,SILVERM26NOV270250PE,SILVERM,23NOV2026,27025000.000000,1,OPTFUT,NCO,50.000000,120,False
148613,SILVERM26NOV271000CE,SILVERM,23NOV2026,27100000.000000,1,OPTFUT,NCO,50.000000,120,False
148620,SILVERM26NOV271750PE,SILVERM,23NOV2026,27175000.000000,1,OPTFUT,NCO,50.000000,120,False
148631,SILVERM26NOV273250CE,SILVERM,23NOV2026,27325000.000000,1,OPTFUT,NCO,50.000000,120,False
148639,SILVERM26NOV274250CE,SILVERM,23NOV2026,27425000.000000,1,OPTFUT,NCO,50.000000,120,False
134710,GOLD27JUN169900PE,GOLD,28JUN2027,16990000.000000,1,OPTFUT,NCO,50.000000,10,False
134717,GOLD27JUN170300CE,GOLD,28JUN2027,17030000.000000,1,OPTFUT,NCO,50.000000,10,False
134722,GOLD27JUN170500PE,GOLD,28JUN2027,17050000.000000,1,OPTFUT,NCO,50.000000,10,False
134736,GOLD27JUL168800PE,GOLD,29JUL2027,16880000.000000,1,OPTFUT,NCO,50.000000,10,False
148643,SILVERM26NOV274750CE,SILVERM,23NOV2026,27475000.000000,1,OPTFUT,NCO,50.000000,120,False
148661,SILVERM26DEC268250CE,SILVERM,23DEC2026,26825000.000000,1,OPTFUT,NCO,50.000000,120,False
148685,SILVERM26DEC271250CE,SILVERM,23DEC2026,27125000.000000,1,OPTFUT,NCO,50.000000,120,False
148699,SILVERM26DEC273000CE,SILVERM,23DEC2026,27300000.000000,1,OPTFUT,NCO,50.000000,120,False
134758,GOLD27JUL169500PE,GOLD,29JUL2027,16950000.000000,1,OPTFUT,NCO,50.000000,10,False
134760,GOLD27JUL169600PE,GOLD,29JUL2027,16960000.000000,1,OPTFUT,NCO,50.000000,10,False
134771,GOLD27FEB164400CE,GOLD,26FEB2027,16440000.000000,1,OPTFUT,NCO,50.000000,10,False
134788,GOLD27JUL170600PE,GOLD,29JUL2027,17060000.000000,1,OPTFUT,NCO,50.000000,10,False
148709,SILVERM26DEC274250CE,SILVERM,23DEC2026,27425000.000000,1,OPTFUT,NCO,50.000000,120,False
148712,SILVERM26DEC274500PE,SILVERM,23DEC2026,27450000.000000,1,OPTFUT,NCO,50.000000,120,False
148720,SILVERM26DEC275500PE,SILVERM,23DEC2026,27550000.000000,1,OPTFUT,NCO,50.000000,120,False
148729,SILVERM26DEC276750CE,SILVERM,23DEC2026,27675000.000000,1,OPTFUT,NCO,50.000000,120,False
134794,GOLD27JUL170900PE,GOLD,29JUL2027,17090000.000000,1,OPTFUT,NCO,50.000000,10,False
134800,GOLD27JUL171200PE,GOLD,29JUL2027,17120000.000000,1,OPTFUT,NCO,50.000000,10,False
134802,GOLD27JUL171300PE,GOLD,29JUL2027,17130000.000000,1,OPTFUT,NCO,50.000000,10,False
134825,SILVERM26SEP157750CE,SILVERM,23SEP2026,15775000.000000,1,OPTFUT,NCO,50.000000,120,False
148550,SILVERM26OCT271750PE,SILVERM,23OCT2026,27175000.000000,1,OPTFUT,NCO,50.000000,120,False
148557,SILVERM26OCT272750CE,SILVERM,23OCT2026,27275000.000000,1,OPTFUT,NCO,50.000000,120,False
148561,SILVERM26OCT273250CE,SILVERM,23OCT2026,27325000.000000,1,OPTFUT,NCO,50.000000,120,False
148747,SILVERM26DEC227250CE,SILVERM,23DEC2026,22725000.000000,1,OPTFUT,NCO,50.000000,120,False
134836,SILVERM26SEP159000PE,SILVERM,23SEP2026,15900000.000000,1,OPTFUT,NCO,50.000000,120,False
134839,SILVERM26SEP159500CE,SILVERM,23SEP2026,15950000.000000,1,OPTFUT,NCO,50.000000,120,False
134855,GOLD27FEB164600CE,GOLD,26FEB2027,16460000.000000,1,OPTFUT,NCO,50.000000,10,False
148572,SILVERM26OCT274500PE,SILVERM,23OCT2026,27450000.000000,1,OPTFUT,NCO,50.000000,120,False
148574,SILVERM26OCT274750PE,SILVERM,23OCT2026,27475000.000000,1,OPTFUT,NCO,50.000000,120,False
148575,SILVERM26OCT275000CE,SILVERM,23OCT2026,27500000.000000,1,OPTFUT,NCO,50.000000,120,False
148586,SILVERM26NOV267500PE,SILVERM,23NOV2026,26750000.000000,1,OPTFUT,NCO,50.000000,120,False
134841,SILVERM26SEP159750CE,SILVERM,23SEP2026,15975000.000000,1,OPTFUT,NCO,50.000000,120,False
134882,GOLD26SEP121300CE,GOLD,25SEP2026,12130000.000000,1,OPTFUT,NCO,50.000000,10,False
134893,GOLD26SEP121800PE,GOLD,25SEP2026,12180000.000000,1,OPTFUT,NCO,50.000000,10,False
134909,GOLD26SEP122600PE,GOLD,25SEP2026,12260000.000000,1,OPTFUT,NCO,50.000000,10,False
134917,GOLD26SEP123000PE,GOLD,25SEP2026,12300000.000000,1,OPTFUT,NCO,50.000000,10,False
148595,SILVERM26NOV268750CE,SILVERM,23NOV2026,26875000.000000,1,OPTFUT,NCO,50.000000,120,False
148598,SILVERM26NOV269000PE,SILVERM,23NOV2026,26900000.000000,1,OPTFUT,NCO,50.000000,120,False
148606,SILVERM26NOV270000PE,SILVERM,23NOV2026,27000000.000000,1,OPTFUT,NCO,50.000000,120,False
148614,SILVERM26NOV271000PE,SILVERM,23NOV2026,27100000.000000,1,OPTFUT,NCO,50.000000,120,False
134922,GOLD26SEP123300CE,GOLD,25SEP2026,12330000.000000,1,OPTFUT,NCO,50.000000,10,False
134923,GOLD26SEP123300PE,GOLD,25SEP2026,12330000.000000,1,OPTFUT,NCO,50.000000,10,False
134924,GOLD26SEP123400CE,GOLD,25SEP2026,12340000.000000,1,OPTFUT,NCO,50.000000,10,False
134957,GOLD26SEP125000PE,GOLD,25SEP2026,12500000.000000,1,OPTFUT,NCO,50.000000,10,False
148623,SILVERM26NOV272250CE,SILVERM,23NOV2026,27225000.000000,1,OPTFUT,NCO,50.000000,120,False
148624,SILVERM26NOV272250PE,SILVERM,23NOV2026,27225000.000000,1,OPTFUT,NCO,50.000000,120,False
148625,SILVERM26NOV272500CE,SILVERM,23NOV2026,27250000.000000,1,OPTFUT,NCO,50.000000,120,False
148642,SILVERM26NOV274500PE,SILVERM,23NOV2026,27450000.000000,1,OPTFUT,NCO,50.000000,120,False
134958,GOLD26SEP125100CE,GOLD,25SEP2026,12510000.000000,1,OPTFUT,NCO,50.000000,10,False
134963,GOLD26SEP125300PE,GOLD,25SEP2026,12530000.000000,1,OPTFUT,NCO,50.000000,10,False
134967,GOLD26SEP125500PE,GOLD,25SEP2026,12550000.000000,1,OPTFUT,NCO,50.000000,10,False
134970,GOLD26SEP125700CE,GOLD,25SEP2026,12570000.000000,1,OPTFUT,NCO,50.000000,10,False
148672,SILVERM26DEC269500PE,SILVERM,23DEC2026,26950000.000000,1,OPTFUT,NCO,50.000000,120,False
148675,SILVERM26DEC270000CE,SILVERM,23DEC2026,27000000.000000,1,OPTFUT,NCO,50.000000,120,False
148680,SILVERM26DEC270500PE,SILVERM,23DEC2026,27050000.000000,1,OPTFUT,NCO,50.000000,120,False
148684,SILVERM26DEC271000PE,SILVERM,23DEC2026,27100000.000000,1,OPTFUT,NCO,50.000000,120,False
134971,GOLD26SEP125700PE,GOLD,25SEP2026,12570000.000000,1,OPTFUT,NCO,50.000000,10,False
134983,GOLD26SEP126300PE,GOLD,25SEP2026,12630000.000000,1,OPTFUT,NCO,50.000000,10,False
135033,GOLD27FEB165200PE,GOLD,26FEB2027,16520000.000000,1,OPTFUT,NCO,50.000000,10,False
135034,GOLD27FEB165300CE,GOLD,26FEB2027,16530000.000000,1,OPTFUT,NCO,50.000000,10,False
148693,SILVERM26DEC272250CE,SILVERM,23DEC2026,27225000.000000,1,OPTFUT,NCO,50.000000,120,False
148719,SILVERM26DEC275500CE,SILVERM,23DEC2026,27550000.000000,1,OPTFUT,NCO,50.000000,120,False
148725,SILVERM26DEC276250CE,SILVERM,23DEC2026,27625000.000000,1,OPTFUT,NCO,50.000000,120,False
148726,SILVERM26DEC276250PE,SILVERM,23DEC2026,27625000.000000,1,OPTFUT,NCO,50.000000,120,False
135090,GOLDM26SEP160800PE,GOLDM,25SEP2026,16080000.000000,1,OPTFUT,NCO,50.000000,100,False
135096,GOLDM26SEP161100PE,GOLDM,25SEP2026,16110000.000000,1,OPTFUT,NCO,50.000000,100,False
135140,GOLDM26SEP161400PE,GOLDM,25SEP2026,16140000.000000,1,OPTFUT,NCO,50.000000,100,False
135147,GOLDM26SEP161800CE,GOLDM,25SEP2026,16180000.000000,1,OPTFUT,NCO,50.000000,100,False
148737,SILVERM26DEC277750CE,SILVERM,23DEC2026,27775000.000000,1,OPTFUT,NCO,50.000000,120,False
148739,SILVERM26DEC226250CE,SILVERM,23DEC2026,22625000.000000,1,OPTFUT,NCO,50.000000,120,False
148757,SILVERM26DEC228500CE,SILVERM,23DEC2026,22850000.000000,1,OPTFUT,NCO,50.000000,120,False
148759,SILVERM26DEC228750CE,SILVERM,23DEC2026,22875000.000000,1,OPTFUT,NCO,50.000000,120,False
135197,SILVERM26SEP205500CE,SILVERM,23SEP2026,20550000.000000,1,OPTFUT,NCO,50.000000,120,False
135199,SILVERM26SEP205750CE,SILVERM,23SEP2026,20575000.000000,1,OPTFUT,NCO,50.000000,120,False
135206,SILVERM26SEP206500PE,SILVERM,23SEP2026,20650000.000000,1,OPTFUT,NCO,50.000000,120,False
135208,SILVERM26SEP206750PE,SILVERM,23SEP2026,20675000.000000,1,OPTFUT,NCO,50.000000,120,False
148778,SILVERM26DEC231000PE,SILVERM,23DEC2026,23100000.000000,1,OPTFUT,NCO,50.000000,120,False
148786,SILVERM26DEC232000PE,SILVERM,23DEC2026,23200000.000000,1,OPTFUT,NCO,50.000000,120,False
148844,SILVERM26DEC233000PE,SILVERM,23DEC2026,23300000.000000,1,OPTFUT,NCO,50.000000,120,False
148845,SILVERM26DEC233250CE,SILVERM,23DEC2026,23325000.000000,1,OPTFUT,NCO,50.000000,120,False
135220,SILVERM26SEP208250PE,SILVERM,23SEP2026,20825000.000000,1,OPTFUT,NCO,50.000000,120,False
135227,SILVERM26SEP209250CE,SILVERM,23SEP2026,20925000.000000,1,OPTFUT,NCO,50.000000,120,False
135233,SILVERM26OCT205500CE,SILVERM,23OCT2026,20550000.000000,1,OPTFUT,NCO,50.000000,120,False
135239,SILVERM26OCT206250CE,SILVERM,23OCT2026,20625000.000000,1,OPTFUT,NCO,50.000000,120,False
148847,GOLD26SEP166300CE,GOLD,25SEP2026,16630000.000000,1,OPTFUT,NCO,50.000000,10,False
148855,GOLD26SEP166700CE,GOLD,25SEP2026,16670000.000000,1,OPTFUT,NCO,50.000000,10,False
148856,GOLD26SEP166700PE,GOLD,25SEP2026,16670000.000000,1,OPTFUT,NCO,50.000000,10,False
148860,GOLD26SEP166900PE,GOLD,25SEP2026,16690000.000000,1,OPTFUT,NCO,50.000000,10,False
135247,GOLDM26SEP162600CE,GOLDM,25SEP2026,16260000.000000,1,OPTFUT,NCO,50.000000,100,False
135250,GOLDM26SEP162700PE,GOLDM,25SEP2026,16270000.000000,1,OPTFUT,NCO,50.000000,100,False
135260,GOLDM26SEP163200PE,GOLDM,25SEP2026,16320000.000000,1,OPTFUT,NCO,50.000000,100,False
135264,GOLDM26OCT161400PE,GOLDM,29OCT2026,16140000.000000,1,OPTFUT,NCO,50.000000,100,False
148870,GOLD26SEP167400PE,GOLD,25SEP2026,16740000.000000,1,OPTFUT,NCO,50.000000,10,False
148891,GOLD26OCT164600CE,GOLD,29OCT2026,16460000.000000,1,OPTFUT,NCO,50.000000,10,False
148900,SILVERM26DEC233750PE,SILVERM,23DEC2026,23375000.000000,1,OPTFUT,NCO,50.000000,120,False
148908,SILVERM26DEC234750PE,SILVERM,23DEC2026,23475000.000000,1,OPTFUT,NCO,50.000000,120,False
135267,GOLDM26OCT161600CE,GOLDM,29OCT2026,16160000.000000,1,OPTFUT,NCO,50.000000,100,False
135269,GOLDM26OCT161700CE,GOLDM,29OCT2026,16170000.000000,1,OPTFUT,NCO,50.000000,100,False
135296,GOLD27JAN164200PE,GOLD,29JAN2027,16420000.000000,1,OPTFUT,NCO,50.000000,10,False
135306,SILVERM27JAN253250PE,SILVERM,21JAN2027,25325000.000000,1,OPTFUT,NCO,50.000000,120,False
148922,SILVERM27JAN214000PE,SILVERM,21JAN2027,21400000.000000,1,OPTFUT,NCO,50.000000,120,False
148928,SILVERM27JAN214750PE,SILVERM,21JAN2027,21475000.000000,1,OPTFUT,NCO,50.000000,120,False
149253,SILVERM26SEP275000CE,SILVERM,23SEP2026,27500000.000000,1,OPTFUT,NCO,50.000000,120,False
149255,SILVERM26SEP275250CE,SILVERM,23SEP2026,27525000.000000,1,OPTFUT,NCO,50.000000,120,False
135307,SILVERM27JAN253500CE,SILVERM,21JAN2027,25350000.000000,1,OPTFUT,NCO,50.000000,120,False
135313,SILVERM27JAN254250CE,SILVERM,21JAN2027,25425000.000000,1,OPTFUT,NCO,50.000000,120,False
135321,GOLDM26OCT163200PE,GOLDM,29OCT2026,16320000.000000,1,OPTFUT,NCO,50.000000,100,False
135330,GOLDM26OCT163700CE,GOLDM,29OCT2026,16370000.000000,1,OPTFUT,NCO,50.000000,100,False
149290,SILVERM26SEP279500PE,SILVERM,23SEP2026,27950000.000000,1,OPTFUT,NCO,50.000000,120,False
149294,SILVERM26SEP280000PE,SILVERM,23SEP2026,28000000.000000,1,OPTFUT,NCO,50.000000,120,False
149298,SILVERM26OCT275500PE,SILVERM,23OCT2026,27550000.000000,1,OPTFUT,NCO,50.000000,120,False
149326,SILVERM26OCT279000PE,SILVERM,23OCT2026,27900000.000000,1,OPTFUT,NCO,50.000000,120,False
135465,SILVERM27JUN258250CE,SILVERM,23JUN2027,25825000.000000,1,OPTFUT,NCO,50.000000,120,False
135481,SILVERM27JUN260250CE,SILVERM,23JUN2027,26025000.000000,1,OPTFUT,NCO,50.000000,120,False
135512,SILVERM27JUN264000PE,SILVERM,23JUN2027,26400000.000000,1,OPTFUT,NCO,50.000000,120,False
135516,SILVERM27JUN264500PE,SILVERM,23JUN2027,26450000.000000,1,OPTFUT,NCO,50.000000,120,False
149341,SILVERM26OCT281000CE,SILVERM,23OCT2026,28100000.000000,1,OPTFUT,NCO,50.000000,120,False
149348,SILVERM26NOV276750PE,SILVERM,23NOV2026,27675000.000000,1,OPTFUT,NCO,50.000000,120,False
149351,SILVERM26NOV277250CE,SILVERM,23NOV2026,27725000.000000,1,OPTFUT,NCO,50.000000,120,False
149366,SILVERM26NOV279000PE,SILVERM,23NOV2026,27900000.000000,1,OPTFUT,NCO,50.000000,120,False
149381,SILVERM26NOV281000CE,SILVERM,23NOV2026,28100000.000000,1,OPTFUT,NCO,50.000000,120,False
149385,SILVERM26NOV281500CE,SILVERM,23NOV2026,28150000.000000,1,OPTFUT,NCO,50.000000,120,False
149387,SILVERM26NOV281750CE,SILVERM,23NOV2026,28175000.000000,1,OPTFUT,NCO,50.000000,120,False
149395,SILVERM26NOV282750CE,SILVERM,23NOV2026,28275000.000000,1,OPTFUT,NCO,50.000000,120,False
135518,SILVERM27JUN264750PE,SILVERM,23JUN2027,26475000.000000,1,OPTFUT,NCO,50.000000,120,False
135590,GOLD26SEP127300PE,GOLD,25SEP2026,12730000.000000,1,OPTFUT,NCO,50.000000,10,False
135594,GOLD26SEP127500PE,GOLD,25SEP2026,12750000.000000,1,OPTFUT,NCO,50.000000,10,False
135598,GOLD26SEP127700PE,GOLD,25SEP2026,12770000.000000,1,OPTFUT,NCO,50.000000,10,False
149399,SILVERM26DEC278250CE,SILVERM,23DEC2026,27825000.000000,1,OPTFUT,NCO,50.000000,120,False
149405,SILVERM26DEC279000CE,SILVERM,23DEC2026,27900000.000000,1,OPTFUT,NCO,50.000000,120,False
149409,SILVERM26DEC279500CE,SILVERM,23DEC2026,27950000.000000,1,OPTFUT,NCO,50.000000,120,False
149416,SILVERM26DEC280250PE,SILVERM,23DEC2026,28025000.000000,1,OPTFUT,NCO,50.000000,120,False
135615,GOLD26SEP128600CE,GOLD,25SEP2026,12860000.000000,1,OPTFUT,NCO,50.000000,10,False
135617,GOLD26SEP128700CE,GOLD,25SEP2026,12870000.000000,1,OPTFUT,NCO,50.000000,10,False
135629,SILVERM26OCT208500CE,SILVERM,23OCT2026,20850000.000000,1,OPTFUT,NCO,50.000000,120,False
135632,SILVERM26OCT208750PE,SILVERM,23OCT2026,20875000.000000,1,OPTFUT,NCO,50.000000,120,False
149417,SILVERM26DEC280500CE,SILVERM,23DEC2026,28050000.000000,1,OPTFUT,NCO,50.000000,120,False
149418,SILVERM26DEC280500PE,SILVERM,23DEC2026,28050000.000000,1,OPTFUT,NCO,50.000000,120,False
149436,SILVERM26DEC282750PE,SILVERM,23DEC2026,28275000.000000,1,OPTFUT,NCO,50.000000,120,False
149453,SILVERM27JAN217500CE,SILVERM,21JAN2027,21750000.000000,1,OPTFUT,NCO,50.000000,120,False
135634,SILVERM26OCT209000PE,SILVERM,23OCT2026,20900000.000000,1,OPTFUT,NCO,50.000000,120,False
135642,SILVERM26OCT210000PE,SILVERM,23OCT2026,21000000.000000,1,OPTFUT,NCO,50.000000,120,False
135658,SILVERM26NOV207500PE,SILVERM,23NOV2026,20750000.000000,1,OPTFUT,NCO,50.000000,120,False
135660,SILVERM26NOV207750PE,SILVERM,23NOV2026,20775000.000000,1,OPTFUT,NCO,50.000000,120,False
149454,SILVERM27JAN217500PE,SILVERM,21JAN2027,21750000.000000,1,OPTFUT,NCO,50.000000,120,False
149461,SILVERM27JAN217750CE,SILVERM,21JAN2027,21775000.000000,1,OPTFUT,NCO,50.000000,120,False
149462,SILVERM27JAN217750PE,SILVERM,21JAN2027,21775000.000000,1,OPTFUT,NCO,50.000000,120,False
149478,SILVERM27JAN218500PE,SILVERM,21JAN2027,21850000.000000,1,OPTFUT,NCO,50.000000,120,False
135677,SILVERM26NOV210000CE,SILVERM,23NOV2026,21000000.000000,1,OPTFUT,NCO,50.000000,120,False
135681,SILVERM26NOV210500CE,SILVERM,23NOV2026,21050000.000000,1,OPTFUT,NCO,50.000000,120,False
135741,SILVERM26SEP228500CE,SILVERM,23SEP2026,22850000.000000,1,OPTFUT,NCO,50.000000,120,False
135752,SILVERM27JAN255250PE,SILVERM,21JAN2027,25525000.000000,1,OPTFUT,NCO,50.000000,120,False
149479,SILVERM27JAN218750CE,SILVERM,21JAN2027,21875000.000000,1,OPTFUT,NCO,50.000000,120,False
149481,SILVERM27JAN219000CE,SILVERM,21JAN2027,21900000.000000,1,OPTFUT,NCO,50.000000,120,False
149485,SILVERM27JAN219500CE,SILVERM,21JAN2027,21950000.000000,1,OPTFUT,NCO,50.000000,120,False
149503,SILVERM27JAN221750CE,SILVERM,21JAN2027,22175000.000000,1,OPTFUT,NCO,50.000000,120,False
135782,SILVERM27JUL262000CE,SILVERM,23JUL2027,26200000.000000,1,OPTFUT,NCO,50.000000,120,False
135792,SILVERM27JAN256250PE,SILVERM,21JAN2027,25625000.000000,1,OPTFUT,NCO,50.000000,120,False
135800,SILVERM26SEP229750PE,SILVERM,23SEP2026,22975000.000000,1,OPTFUT,NCO,50.000000,120,False
135802,SILVERM26SEP230000PE,SILVERM,23SEP2026,23000000.000000,1,OPTFUT,NCO,50.000000,120,False
149530,SILVERM27JAN225000PE,SILVERM,21JAN2027,22500000.000000,1,OPTFUT,NCO,50.000000,120,False
149532,SILVERM27JAN225250PE,SILVERM,21JAN2027,22525000.000000,1,OPTFUT,NCO,50.000000,120,False
149537,SILVERM27JAN226000CE,SILVERM,21JAN2027,22600000.000000,1,OPTFUT,NCO,50.000000,120,False
149538,SILVERM27JAN226000PE,SILVERM,21JAN2027,22600000.000000,1,OPTFUT,NCO,50.000000,120,False
135804,SILVERM26SEP230250PE,SILVERM,23SEP2026,23025000.000000,1,OPTFUT,NCO,50.000000,120,False
135806,SILVERM26SEP230500PE,SILVERM,23SEP2026,23050000.000000,1,OPTFUT,NCO,50.000000,120,False
135809,SILVERM26SEP231000CE,SILVERM,23SEP2026,23100000.000000,1,OPTFUT,NCO,50.000000,120,False
135810,SILVERM26SEP231000PE,SILVERM,23SEP2026,23100000.000000,1,OPTFUT,NCO,50.000000,120,False
149545,SILVERM27JAN227000CE,SILVERM,21JAN2027,22700000.000000,1,OPTFUT,NCO,50.000000,120,False
149547,SILVERM27JAN227250CE,SILVERM,21JAN2027,22725000.000000,1,OPTFUT,NCO,50.000000,120,False
149552,SILVERM27JAN227750PE,SILVERM,21JAN2027,22775000.000000,1,OPTFUT,NCO,50.000000,120,False
149560,SILVERM27JAN228750PE,SILVERM,21JAN2027,22875000.000000,1,OPTFUT,NCO,50.000000,120,False
135821,SILVERM26SEP232500CE,SILVERM,23SEP2026,23250000.000000,1,OPTFUT,NCO,50.000000,120,False
135822,SILVERM26SEP232500PE,SILVERM,23SEP2026,23250000.000000,1,OPTFUT,NCO,50.000000,120,False
135828,SILVERM27JAN257000PE,SILVERM,21JAN2027,25700000.000000,1,OPTFUT,NCO,50.000000,120,False
135847,SILVERM27JAN259500CE,SILVERM,21JAN2027,25950000.000000,1,OPTFUT,NCO,50.000000,120,False
149567,SILVERM27JAN229750CE,SILVERM,21JAN2027,22975000.000000,1,OPTFUT,NCO,50.000000,120,False
149569,SILVERM27JAN230000CE,SILVERM,21JAN2027,23000000.000000,1,OPTFUT,NCO,50.000000,120,False
149583,SILVERM27JAN231750CE,SILVERM,21JAN2027,23175000.000000,1,OPTFUT,NCO,50.000000,120,False
149589,SILVERM27JAN232500CE,SILVERM,21JAN2027,23250000.000000,1,OPTFUT,NCO,50.000000,120,False
135852,SILVERM27JAN260000PE,SILVERM,21JAN2027,26000000.000000,1,OPTFUT,NCO,50.000000,120,False
135860,SILVERM27FEB256750CE,SILVERM,19FEB2027,25675000.000000,1,OPTFUT,NCO,50.000000,120,False
135861,SILVERM27FEB256750PE,SILVERM,19FEB2027,25675000.000000,1,OPTFUT,NCO,50.000000,120,False
135878,SILVERM27FEB259000CE,SILVERM,19FEB2027,25900000.000000,1,OPTFUT,NCO,50.000000,120,False
149638,SILVERM27JAN238500PE,SILVERM,21JAN2027,23850000.000000,1,OPTFUT,NCO,50.000000,120,False
149922,SILVERM27FEB216000PE,SILVERM,19FEB2027,21600000.000000,1,OPTFUT,NCO,50.000000,120,False
149925,SILVERM27FEB216500CE,SILVERM,19FEB2027,21650000.000000,1,OPTFUT,NCO,50.000000,120,False
149932,SILVERM27FEB217250PE,SILVERM,19FEB2027,21725000.000000,1,OPTFUT,NCO,50.000000,120,False
135924,GOLD27APR150200CE,GOLD,28APR2027,15020000.000000,1,OPTFUT,NCO,50.000000,10,False
135929,GOLD27MAY150900PE,GOLD,28MAY2027,15090000.000000,1,OPTFUT,NCO,50.000000,10,False
135942,SILVERM27JUL263250PE,SILVERM,23JUL2027,26325000.000000,1,OPTFUT,NCO,50.000000,120,False
135972,SILVERM27APR235250CE,SILVERM,23APR2027,23525000.000000,1,OPTFUT,NCO,50.000000,120,False
149949,SILVERM27FEB219500CE,SILVERM,19FEB2027,21950000.000000,1,OPTFUT,NCO,50.000000,120,False
149954,SILVERM27FEB220000PE,SILVERM,19FEB2027,22000000.000000,1,OPTFUT,NCO,50.000000,120,False
149955,SILVERM27FEB220250CE,SILVERM,19FEB2027,22025000.000000,1,OPTFUT,NCO,50.000000,120,False
149964,SILVERM27FEB221250PE,SILVERM,19FEB2027,22125000.000000,1,OPTFUT,NCO,50.000000,120,False
149965,SILVERM27FEB221500CE,SILVERM,19FEB2027,22150000.000000,1,OPTFUT,NCO,50.000000,120,False
150146,GOLD26SEP149000PE,GOLD,25SEP2026,14900000.000000,1,OPTFUT,NCO,50.000000,10,False
150150,GOLD26SEP149200PE,GOLD,25SEP2026,14920000.000000,1,OPTFUT,NCO,50.000000,10,False
150152,GOLD26SEP149300PE,GOLD,25SEP2026,14930000.000000,1,OPTFUT,NCO,50.000000,10,False
135977,SILVERM27JUL264250PE,SILVERM,23JUL2027,26425000.000000,1,OPTFUT,NCO,50.000000,120,False
135991,SILVERM27JUL266000PE,SILVERM,23JUL2027,26600000.000000,1,OPTFUT,NCO,50.000000,120,False
136001,SILVER26DEC270500PE,SILVER,01DEC2026,27050000.000000,1,OPTBLN,NCO,50.000000,20,False
136002,CRUDEOIL26NOV5700CE,CRUDEOIL,10NOV2026,570000.000000,1,OPTFUT,NCO,10.000000,100,False
150156,GOLD26SEP149500PE,GOLD,25SEP2026,14950000.000000,1,OPTFUT,NCO,50.000000,10,False
150186,GOLD26OCT150300PE,GOLD,29OCT2026,15030000.000000,1,OPTFUT,NCO,50.000000,10,False
136017,GOLD27MAY170300PE,GOLD,28MAY2027,17030000.000000,1,OPTFUT,NCO,50.000000,10,False
136022,GOLD27MAY170600CE,GOLD,28MAY2027,17060000.000000,1,OPTFUT,NCO,50.000000,10,False
136023,GOLD27MAY170600PE,GOLD,28MAY2027,17060000.000000,1,OPTFUT,NCO,50.000000,10,False
136076,SILVERM26SEP161750PE,SILVERM,23SEP2026,16175000.000000,1,OPTFUT,NCO,50.000000,120,False
150158,GOLD26SEP149600PE,GOLD,25SEP2026,14960000.000000,1,OPTFUT,NCO,50.000000,10,False
150164,GOLD26SEP149900PE,GOLD,25SEP2026,14990000.000000,1,OPTFUT,NCO,50.000000,10,False
150187,GOLD26OCT150400CE,GOLD,29OCT2026,15040000.000000,1,OPTFUT,NCO,50.000000,10,False
150194,GOLD26OCT150700PE,GOLD,29OCT2026,15070000.000000,1,OPTFUT,NCO,50.000000,10,False
150199,GOLD26NOV150200CE,GOLD,27NOV2026,15020000.000000,1,OPTFUT,NCO,50.000000,10,False
150205,GOLD26NOV150500CE,GOLD,27NOV2026,15050000.000000,1,OPTFUT,NCO,50.000000,10,False
136087,SILVERM26SEP163250CE,SILVERM,23SEP2026,16325000.000000,1,OPTFUT,NCO,50.000000,120,False
136100,SILVERM27JAN260750PE,SILVERM,21JAN2027,26075000.000000,1,OPTFUT,NCO,50.000000,120,False
136102,SILVERM27FEB260000CE,SILVERM,19FEB2027,26000000.000000,1,OPTFUT,NCO,50.000000,120,False
136114,SILVERM27FEB260500CE,SILVERM,19FEB2027,26050000.000000,1,OPTFUT,NCO,50.000000,120,False
150214,GOLD26NOV150900PE,GOLD,27NOV2026,15090000.000000,1,OPTFUT,NCO,50.000000,10,False
150223,GOLD26NOV151400CE,GOLD,27NOV2026,15140000.000000,1,OPTFUT,NCO,50.000000,10,False
150230,GOLD26DEC151000PE,GOLD,29DEC2026,15100000.000000,1,OPTFUT,NCO,50.000000,10,False
150232,GOLD26DEC151100PE,GOLD,29DEC2026,15110000.000000,1,OPTFUT,NCO,50.000000,10,False
136116,SILVERM27FEB260750CE,SILVERM,19FEB2027,26075000.000000,1,OPTFUT,NCO,50.000000,120,False
136125,SILVERM27FEB261750PE,SILVERM,19FEB2027,26175000.000000,1,OPTFUT,NCO,50.000000,120,False
136131,SILVERM27APR235500PE,SILVERM,23APR2027,23550000.000000,1,OPTFUT,NCO,50.000000,120,False
136132,SILVERM27APR235750CE,SILVERM,23APR2027,23575000.000000,1,OPTFUT,NCO,50.000000,120,False
150236,GOLD26DEC151300PE,GOLD,29DEC2026,15130000.000000,1,OPTFUT,NCO,50.000000,10,False
150239,GOLD26DEC151500CE,GOLD,29DEC2026,15150000.000000,1,OPTFUT,NCO,50.000000,10,False
150245,GOLD26DEC151800CE,GOLD,29DEC2026,15180000.000000,1,OPTFUT,NCO,50.000000,10,False
150268,SILVERM27FEB223500PE,SILVERM,19FEB2027,22350000.000000,1,OPTFUT,NCO,50.000000,120,False
150275,SILVERM27FEB224500CE,SILVERM,19FEB2027,22450000.000000,1,OPTFUT,NCO,50.000000,120,False
150279,SILVERM27FEB225000CE,SILVERM,19FEB2027,22500000.000000,1,OPTFUT,NCO,50.000000,120,False
150290,SILVERM27FEB226250PE,SILVERM,19FEB2027,22625000.000000,1,OPTFUT,NCO,50.000000,120,False
150295,SILVERM27FEB227000CE,SILVERM,19FEB2027,22700000.000000,1,OPTFUT,NCO,50.000000,120,False
136159,GOLD27JAN164500CE,GOLD,29JAN2027,16450000.000000,1,OPTFUT,NCO,50.000000,10,False
136185,SILVERM27APR237500PE,SILVERM,23APR2027,23750000.000000,1,OPTFUT,NCO,50.000000,120,False
136206,SILVERM27MAY236750CE,SILVERM,24MAY2027,23675000.000000,1,OPTFUT,NCO,50.000000,120,False
136207,SILVERM27MAY236750PE,SILVERM,24MAY2027,23675000.000000,1,OPTFUT,NCO,50.000000,120,False
150298,SILVERM27FEB227250PE,SILVERM,19FEB2027,22725000.000000,1,OPTFUT,NCO,50.000000,120,False
150306,SILVERM27FEB228250PE,SILVERM,19FEB2027,22825000.000000,1,OPTFUT,NCO,50.000000,120,False
150337,SILVERM27FEB228750CE,SILVERM,19FEB2027,22875000.000000,1,OPTFUT,NCO,50.000000,120,False
150346,GOLD26OCT165600PE,GOLD,29OCT2026,16560000.000000,1,OPTFUT,NCO,50.000000,10,False
136225,GOLD27JUN171100CE,GOLD,28JUN2027,17110000.000000,1,OPTFUT,NCO,50.000000,10,False
136232,GOLD27JUN171400PE,GOLD,28JUN2027,17140000.000000,1,OPTFUT,NCO,50.000000,10,False
136246,GOLD26SEP128800PE,GOLD,25SEP2026,12880000.000000,1,OPTFUT,NCO,50.000000,10,False
136258,GOLD26SEP129400PE,GOLD,25SEP2026,12940000.000000,1,OPTFUT,NCO,50.000000,10,False
150348,GOLD26OCT165700PE,GOLD,29OCT2026,16570000.000000,1,OPTFUT,NCO,50.000000,10,False
150365,GOLD26OCT166600CE,GOLD,29OCT2026,16660000.000000,1,OPTFUT,NCO,50.000000,10,False
150367,GOLD26OCT166700CE,GOLD,29OCT2026,16670000.000000,1,OPTFUT,NCO,50.000000,10,False
150372,GOLD26OCT166900PE,GOLD,29OCT2026,16690000.000000,1,OPTFUT,NCO,50.000000,10,False
136261,SILVERM27MAY237250PE,SILVERM,24MAY2027,23725000.000000,1,OPTFUT,NCO,50.000000,120,False
136265,SILVERM27MAY237750PE,SILVERM,24MAY2027,23775000.000000,1,OPTFUT,NCO,50.000000,120,False
136277,SILVERM27MAY239250PE,SILVERM,24MAY2027,23925000.000000,1,OPTFUT,NCO,50.000000,120,False
136296,SILVERM27MAY240250CE,SILVERM,24MAY2027,24025000.000000,1,OPTFUT,NCO,50.000000,120,False
150381,GOLD26OCT167400CE,GOLD,29OCT2026,16740000.000000,1,OPTFUT,NCO,50.000000,10,False
150387,GOLD26OCT167700CE,GOLD,29OCT2026,16770000.000000,1,OPTFUT,NCO,50.000000,10,False
150394,GOLD26OCT168000PE,GOLD,29OCT2026,16800000.000000,1,OPTFUT,NCO,50.000000,10,False
150399,GOLD26OCT168300CE,GOLD,29OCT2026,16830000.000000,1,OPTFUT,NCO,50.000000,10,False
136357,SILVERM27FEB265500PE,SILVERM,19FEB2027,26550000.000000,1,OPTFUT,NCO,50.000000,120,False
136360,SILVERM27FEB266000CE,SILVERM,19FEB2027,26600000.000000,1,OPTFUT,NCO,50.000000,120,False
136365,SILVERM27FEB266500PE,SILVERM,19FEB2027,26650000.000000,1,OPTFUT,NCO,50.000000,120,False
136368,SILVERM27FEB267000CE,SILVERM,19FEB2027,26700000.000000,1,OPTFUT,NCO,50.000000,120,False
150402,GOLD26OCT168400PE,GOLD,29OCT2026,16840000.000000,1,OPTFUT,NCO,50.000000,10,False
150404,GOLD26OCT168500PE,GOLD,29OCT2026,16850000.000000,1,OPTFUT,NCO,50.000000,10,False
150410,GOLD26OCT168800PE,GOLD,29OCT2026,16880000.000000,1,OPTFUT,NCO,50.000000,10,False
150453,GOLD26NOV167100CE,GOLD,27NOV2026,16710000.000000,1,OPTFUT,NCO,50.000000,10,False
136375,GOLD27JUN172000CE,GOLD,28JUN2027,17200000.000000,1,OPTFUT,NCO,50.000000,10,False
136379,GOLD27JAN164700CE,GOLD,29JAN2027,16470000.000000,1,OPTFUT,NCO,50.000000,10,False
136389,GOLD27JUN172500CE,GOLD,28JUN2027,17250000.000000,1,OPTFUT,NCO,50.000000,10,False
136396,GOLD27JUN172800PE,GOLD,28JUN2027,17280000.000000,1,OPTFUT,NCO,50.000000,10,False
150455,GOLD26NOV167200CE,GOLD,27NOV2026,16720000.000000,1,OPTFUT,NCO,50.000000,10,False
150456,GOLD26NOV167200PE,GOLD,27NOV2026,16720000.000000,1,OPTFUT,NCO,50.000000,10,False
150474,GOLD26NOV168100PE,GOLD,27NOV2026,16810000.000000,1,OPTFUT,NCO,50.000000,10,False
150507,SILVERM27FEB229000CE,SILVERM,19FEB2027,22900000.000000,1,OPTFUT,NCO,50.000000,120,False
136398,GOLD27JUN172900PE,GOLD,28JUN2027,17290000.000000,1,OPTFUT,NCO,50.000000,10,False
136432,GOLD26SEP141300PE,GOLD,25SEP2026,14130000.000000,1,OPTFUT,NCO,50.000000,10,False
136436,GOLD26SEP141500PE,GOLD,25SEP2026,14150000.000000,1,OPTFUT,NCO,50.000000,10,False
136444,GOLD26SEP141900PE,GOLD,25SEP2026,14190000.000000,1,OPTFUT,NCO,50.000000,10,False
150520,SILVERM27FEB230500PE,SILVERM,19FEB2027,23050000.000000,1,OPTFUT,NCO,50.000000,120,False
150521,SILVERM27FEB230750CE,SILVERM,19FEB2027,23075000.000000,1,OPTFUT,NCO,50.000000,120,False
150533,SILVERM27FEB232250CE,SILVERM,19FEB2027,23225000.000000,1,OPTFUT,NCO,50.000000,120,False
150540,SILVERM27FEB233000PE,SILVERM,19FEB2027,23300000.000000,1,OPTFUT,NCO,50.000000,120,False
136457,GOLD26OCT142300CE,GOLD,29OCT2026,14230000.000000,1,OPTFUT,NCO,50.000000,10,False
136468,GOLD26NOV142500PE,GOLD,27NOV2026,14250000.000000,1,OPTFUT,NCO,50.000000,10,False
136482,GOLD27JUL172200CE,GOLD,29JUL2027,17220000.000000,1,OPTFUT,NCO,50.000000,10,False
136485,GOLD27JUL172300PE,GOLD,29JUL2027,17230000.000000,1,OPTFUT,NCO,50.000000,10,False
150542,SILVERM27FEB233250PE,SILVERM,19FEB2027,23325000.000000,1,OPTFUT,NCO,50.000000,120,False
150544,SILVERM27FEB233500PE,SILVERM,19FEB2027,23350000.000000,1,OPTFUT,NCO,50.000000,120,False
150547,SILVERM27FEB234000CE,SILVERM,19FEB2027,23400000.000000,1,OPTFUT,NCO,50.000000,120,False
150551,SILVERM27FEB234500CE,SILVERM,19FEB2027,23450000.000000,1,OPTFUT,NCO,50.000000,120,False
136486,GOLD27JUL172400CE,GOLD,29JUL2027,17240000.000000,1,OPTFUT,NCO,50.000000,10,False
136536,GOLD27JAN165200PE,GOLD,29JAN2027,16520000.000000,1,OPTFUT,NCO,50.000000,10,False
136549,GOLD27JAN165900CE,GOLD,29JAN2027,16590000.000000,1,OPTFUT,NCO,50.000000,10,False
136551,GOLD27JAN166000CE,GOLD,29JAN2027,16600000.000000,1,OPTFUT,NCO,50.000000,10,False
150575,SILVERM27FEB237500CE,SILVERM,19FEB2027,23750000.000000,1,OPTFUT,NCO,50.000000,120,False
151714,SILVERM26SEP280250PE,SILVERM,23SEP2026,28025000.000000,1,OPTFUT,NCO,50.000000,120,False
151721,SILVERM26SEP281250CE,SILVERM,23SEP2026,28125000.000000,1,OPTFUT,NCO,50.000000,120,False
151731,SILVERM26SEP282500CE,SILVERM,23SEP2026,28250000.000000,1,OPTFUT,NCO,50.000000,120,False
136563,GOLD27JAN166600CE,GOLD,29JAN2027,16660000.000000,1,OPTFUT,NCO,50.000000,10,False
136599,SILVERM27FEB270250PE,SILVERM,19FEB2027,27025000.000000,1,OPTFUT,NCO,50.000000,120,False
136604,SILVERM27FEB271000CE,SILVERM,19FEB2027,27100000.000000,1,OPTFUT,NCO,50.000000,120,False
136605,SILVERM27FEB271000PE,SILVERM,19FEB2027,27100000.000000,1,OPTFUT,NCO,50.000000,120,False
151734,SILVERM26SEP282750PE,SILVERM,23SEP2026,28275000.000000,1,OPTFUT,NCO,50.000000,120,False
151742,SILVERM26SEP283750PE,SILVERM,23SEP2026,28375000.000000,1,OPTFUT,NCO,50.000000,120,False
151744,SILVERM26SEP284000PE,SILVERM,23SEP2026,28400000.000000,1,OPTFUT,NCO,50.000000,120,False
151769,SILVERM26SEP287250CE,SILVERM,23SEP2026,28725000.000000,1,OPTFUT,NCO,50.000000,120,False
136613,NATURALGAS26SEP245CE,NATURALGAS,21SEP2026,24500.000000,1,OPTFUT,NCO,5.000000,48,False
136624,NATURALGAS26SEP270PE,NATURALGAS,21SEP2026,27000.000000,1,OPTFUT,NCO,5.000000,48,False
136638,NATURALGAS26SEP305PE,NATURALGAS,21SEP2026,30500.000000,1,OPTFUT,NCO,5.000000,48,False
136645,NATURALGAS26SEP325CE,NATURALGAS,21SEP2026,32500.000000,1,OPTFUT,NCO,5.000000,48,False
151783,SILVERM26SEP289000CE,SILVERM,23SEP2026,28900000.000000,1,OPTFUT,NCO,50.000000,120,False
151790,SILVERM26SEP289750PE,SILVERM,23SEP2026,28975000.000000,1,OPTFUT,NCO,50.000000,120,False
151793,SILVERM26SEP290250CE,SILVERM,23SEP2026,29025000.000000,1,OPTFUT,NCO,50.000000,120,False
151797,SILVERM26SEP290750CE,SILVERM,23SEP2026,29075000.000000,1,OPTFUT,NCO,50.000000,120,False
136650,NATURALGAS26SEP335PE,NATURALGAS,21SEP2026,33500.000000,1,OPTFUT,NCO,5.000000,48,False
136669,NATURALGAS26SEP385CE,NATURALGAS,21SEP2026,38500.000000,1,OPTFUT,NCO,5.000000,48,False
136675,SILVERM27MAR223500CE,SILVERM,24MAR2027,22350000.000000,1,OPTFUT,NCO,50.000000,120,False
136680,SILVERM27MAR224000PE,SILVERM,24MAR2027,22400000.000000,1,OPTFUT,NCO,50.000000,120,False
151798,SILVERM26SEP290750PE,SILVERM,23SEP2026,29075000.000000,1,OPTFUT,NCO,50.000000,120,False
151801,SILVERM26SEP291250CE,SILVERM,23SEP2026,29125000.000000,1,OPTFUT,NCO,50.000000,120,False
151811,SILVERM26SEP292500CE,SILVERM,23SEP2026,29250000.000000,1,OPTFUT,NCO,50.000000,120,False
151846,SILVERM26SEP296750PE,SILVERM,23SEP2026,29675000.000000,1,OPTFUT,NCO,50.000000,120,False
136693,SILVERM27MAR225750CE,SILVERM,24MAR2027,22575000.000000,1,OPTFUT,NCO,50.000000,120,False
136696,SILVERM27MAR226000PE,SILVERM,24MAR2027,22600000.000000,1,OPTFUT,NCO,50.000000,120,False
136705,SILVERM27MAR227250CE,SILVERM,24MAR2027,22725000.000000,1,OPTFUT,NCO,50.000000,120,False
136717,SILVERM27APR224750CE,SILVERM,23APR2027,22475000.000000,1,OPTFUT,NCO,50.000000,120,False
151849,SILVERM26SEP297250CE,SILVERM,23SEP2026,29725000.000000,1,OPTFUT,NCO,50.000000,120,False
151875,SILVERM26SEP300500CE,SILVERM,23SEP2026,30050000.000000,1,OPTFUT,NCO,50.000000,120,False
151882,SILVERM26SEP301250PE,SILVERM,23SEP2026,30125000.000000,1,OPTFUT,NCO,50.000000,120,False
151907,SILVERM26OCT284000CE,SILVERM,23OCT2026,28400000.000000,1,OPTFUT,NCO,50.000000,120,False
136732,SILVERM27APR226500PE,SILVERM,23APR2027,22650000.000000,1,OPTFUT,NCO,50.000000,120,False
136760,SILVERM27MAY226250PE,SILVERM,24MAY2027,22625000.000000,1,OPTFUT,NCO,50.000000,120,False
136769,SILVERM27MAY227500CE,SILVERM,24MAY2027,22750000.000000,1,OPTFUT,NCO,50.000000,120,False
136816,GOLDM26SEP163400PE,GOLDM,25SEP2026,16340000.000000,1,OPTFUT,NCO,50.000000,100,False
151943,SILVERM26OCT288500CE,SILVERM,23OCT2026,28850000.000000,1,OPTFUT,NCO,50.000000,120,False
151951,SILVERM26OCT289500CE,SILVERM,23OCT2026,28950000.000000,1,OPTFUT,NCO,50.000000,120,False
151952,SILVERM26OCT289500PE,SILVERM,23OCT2026,28950000.000000,1,OPTFUT,NCO,50.000000,120,False
151961,SILVERM26OCT290750CE,SILVERM,23OCT2026,29075000.000000,1,OPTFUT,NCO,50.000000,120,False
136826,GOLDM26SEP163900PE,GOLDM,25SEP2026,16390000.000000,1,OPTFUT,NCO,50.000000,100,False
136856,GOLDM26OCT164200PE,GOLDM,29OCT2026,16420000.000000,1,OPTFUT,NCO,50.000000,100,False
136858,GOLDM26OCT164300PE,GOLDM,29OCT2026,16430000.000000,1,OPTFUT,NCO,50.000000,100,False
136859,GOLDM26OCT164400CE,GOLDM,29OCT2026,16440000.000000,1,OPTFUT,NCO,50.000000,100,False
151967,SILVERM26OCT291500CE,SILVERM,23OCT2026,29150000.000000,1,OPTFUT,NCO,50.000000,120,False
151974,SILVERM26OCT292250PE,SILVERM,23OCT2026,29225000.000000,1,OPTFUT,NCO,50.000000,120,False
151984,SILVERM26OCT293500PE,SILVERM,23OCT2026,29350000.000000,1,OPTFUT,NCO,50.000000,120,False
151988,SILVERM26OCT294000PE,SILVERM,23OCT2026,29400000.000000,1,OPTFUT,NCO,50.000000,120,False
136864,GOLDM26OCT164600PE,GOLDM,29OCT2026,16460000.000000,1,OPTFUT,NCO,50.000000,100,False
136875,GOLDM26OCT165200CE,GOLDM,29OCT2026,16520000.000000,1,OPTFUT,NCO,50.000000,100,False
136878,GOLDM26OCT165300PE,GOLDM,29OCT2026,16530000.000000,1,OPTFUT,NCO,50.000000,100,False
136940,GOLD26SEP129800PE,GOLD,25SEP2026,12980000.000000,1,OPTFUT,NCO,50.000000,10,False
151996,SILVERM26OCT295000PE,SILVERM,23OCT2026,29500000.000000,1,OPTFUT,NCO,50.000000,120,False
152000,SILVERM26OCT295500PE,SILVERM,23OCT2026,29550000.000000,1,OPTFUT,NCO,50.000000,120,False
152002,SILVERM26OCT295750PE,SILVERM,23OCT2026,29575000.000000,1,OPTFUT,NCO,50.000000,120,False
152009,SILVERM26OCT296750CE,SILVERM,23OCT2026,29675000.000000,1,OPTFUT,NCO,50.000000,120,False
136945,GOLD26SEP130100CE,GOLD,25SEP2026,13010000.000000,1,OPTFUT,NCO,50.000000,10,False
136947,GOLD26SEP130200CE,GOLD,25SEP2026,13020000.000000,1,OPTFUT,NCO,50.000000,10,False
136950,GOLD26SEP130300PE,GOLD,25SEP2026,13030000.000000,1,OPTFUT,NCO,50.000000,10,False
136953,GOLD26SEP130500CE,GOLD,25SEP2026,13050000.000000,1,OPTFUT,NCO,50.000000,10,False
152031,SILVERM26OCT299500CE,SILVERM,23OCT2026,29950000.000000,1,OPTFUT,NCO,50.000000,120,False
152036,SILVERM26OCT300000PE,SILVERM,23OCT2026,30000000.000000,1,OPTFUT,NCO,50.000000,120,False
152037,SILVERM26OCT300250CE,SILVERM,23OCT2026,30025000.000000,1,OPTFUT,NCO,50.000000,120,False
152051,SILVERM26OCT302000CE,SILVERM,23OCT2026,30200000.000000,1,OPTFUT,NCO,50.000000,120,False
136955,GOLD26SEP130600CE,GOLD,25SEP2026,13060000.000000,1,OPTFUT,NCO,50.000000,10,False
136970,GOLD26SEP131300PE,GOLD,25SEP2026,13130000.000000,1,OPTFUT,NCO,50.000000,10,False
136971,GOLD26SEP131400CE,GOLD,25SEP2026,13140000.000000,1,OPTFUT,NCO,50.000000,10,False
136981,GOLD26SEP131900CE,GOLD,25SEP2026,13190000.000000,1,OPTFUT,NCO,50.000000,10,False
152079,SILVERM26NOV285000CE,SILVERM,23NOV2026,28500000.000000,1,OPTFUT,NCO,50.000000,120,False
152084,SILVERM26NOV285500PE,SILVERM,23NOV2026,28550000.000000,1,OPTFUT,NCO,50.000000,120,False
152086,SILVERM26NOV285750PE,SILVERM,23NOV2026,28575000.000000,1,OPTFUT,NCO,50.000000,120,False
152087,SILVERM26NOV286000CE,SILVERM,23NOV2026,28600000.000000,1,OPTFUT,NCO,50.000000,120,False
136986,GOLD26NOV143000PE,GOLD,27NOV2026,14300000.000000,1,OPTFUT,NCO,50.000000,10,False
137020,SILVERM27MAY228500PE,SILVERM,24MAY2027,22850000.000000,1,OPTFUT,NCO,50.000000,120,False
137025,SILVERM27MAY229250CE,SILVERM,24MAY2027,22925000.000000,1,OPTFUT,NCO,50.000000,120,False
137027,SILVERM27MAY229500CE,SILVERM,24MAY2027,22950000.000000,1,OPTFUT,NCO,50.000000,120,False
152092,SILVERM26NOV286500PE,SILVERM,23NOV2026,28650000.000000,1,OPTFUT,NCO,50.000000,120,False
152093,SILVERM26NOV286750CE,SILVERM,23NOV2026,28675000.000000,1,OPTFUT,NCO,50.000000,120,False
152099,SILVERM26NOV287500CE,SILVERM,23NOV2026,28750000.000000,1,OPTFUT,NCO,50.000000,120,False
152106,SILVERM26NOV288250PE,SILVERM,23NOV2026,28825000.000000,1,OPTFUT,NCO,50.000000,120,False
137035,GOLDM26OCT165500PE,GOLDM,29OCT2026,16550000.000000,1,OPTFUT,NCO,50.000000,100,False
137049,SILVERM27JAN249750CE,SILVERM,21JAN2027,24975000.000000,1,OPTFUT,NCO,50.000000,120,False
137051,GOLDM26OCT166100PE,GOLDM,29OCT2026,16610000.000000,1,OPTFUT,NCO,50.000000,100,False
137060,ZINC26SEP437.5CE,ZINC,23SEP2026,43750.000000,1,OPTFUT,NCO,1.000000,20,False
152129,SILVERM26NOV291250CE,SILVERM,23NOV2026,29125000.000000,1,OPTFUT,NCO,50.000000,120,False
152130,SILVERM26NOV291250PE,SILVERM,23NOV2026,29125000.000000,1,OPTFUT,NCO,50.000000,120,False
152137,SILVERM26NOV292250CE,SILVERM,23NOV2026,29225000.000000,1,OPTFUT,NCO,50.000000,120,False
152140,SILVERM26NOV292500PE,SILVERM,23NOV2026,29250000.000000,1,OPTFUT,NCO,50.000000,120,False
137065,ZINC26OCT435PE,ZINC,23OCT2026,43500.000000,1,OPTFUT,NCO,1.000000,20,False
137066,ZINC26OCT437.5CE,ZINC,23OCT2026,43750.000000,1,OPTFUT,NCO,1.000000,20,False
137068,ZINC26OCT440CE,ZINC,23OCT2026,44000.000000,1,OPTFUT,NCO,1.000000,20,False
137069,ZINC26OCT440PE,ZINC,23OCT2026,44000.000000,1,OPTFUT,NCO,1.000000,20,False
152143,SILVERM26NOV293000CE,SILVERM,23NOV2026,29300000.000000,1,OPTFUT,NCO,50.000000,120,False
152145,SILVERM26NOV293250CE,SILVERM,23NOV2026,29325000.000000,1,OPTFUT,NCO,50.000000,120,False
152170,SILVERM26NOV296250PE,SILVERM,23NOV2026,29625000.000000,1,OPTFUT,NCO,50.000000,120,False
152174,SILVERM26NOV296750PE,SILVERM,23NOV2026,29675000.000000,1,OPTFUT,NCO,50.000000,120,False
137070,ZINC26OCT442.5CE,ZINC,23OCT2026,44250.000000,1,OPTFUT,NCO,1.000000,20,False
137096,SILVERM26SEP250500CE,SILVERM,23SEP2026,25050000.000000,1,OPTFUT,NCO,50.000000,120,False
137114,SILVERM26SEP252750CE,SILVERM,23SEP2026,25275000.000000,1,OPTFUT,NCO,50.000000,120,False
137128,SILVERM26SEP254500CE,SILVERM,23SEP2026,25450000.000000,1,OPTFUT,NCO,50.000000,120,False
152179,SILVERM26NOV297500CE,SILVERM,23NOV2026,29750000.000000,1,OPTFUT,NCO,50.000000,120,False
152188,SILVERM26NOV298500PE,SILVERM,23NOV2026,29850000.000000,1,OPTFUT,NCO,50.000000,120,False
152194,SILVERM26NOV299250PE,SILVERM,23NOV2026,29925000.000000,1,OPTFUT,NCO,50.000000,120,False
152202,SILVERM26NOV300250PE,SILVERM,23NOV2026,30025000.000000,1,OPTFUT,NCO,50.000000,120,False
137156,SILVERM27MAY230250CE,SILVERM,24MAY2027,23025000.000000,1,OPTFUT,NCO,50.000000,120,False
137194,SILVERM26SEP235000PE,SILVERM,23SEP2026,23500000.000000,1,OPTFUT,NCO,50.000000,120,False
137426,SILVERM26SEP165000PE,SILVERM,23SEP2026,16500000.000000,1,OPTFUT,NCO,50.000000,120,False
137429,SILVERM26SEP165500CE,SILVERM,23SEP2026,16550000.000000,1,OPTFUT,NCO,50.000000,120,False
152205,SILVERM26NOV300750CE,SILVERM,23NOV2026,30075000.000000,1,OPTFUT,NCO,50.000000,120,False
152208,SILVERM26NOV301000PE,SILVERM,23NOV2026,30100000.000000,1,OPTFUT,NCO,50.000000,120,False
152209,SILVERM26NOV301250CE,SILVERM,23NOV2026,30125000.000000,1,OPTFUT,NCO,50.000000,120,False
152218,SILVERM26NOV302250PE,SILVERM,23NOV2026,30225000.000000,1,OPTFUT,NCO,50.000000,120,False
137430,SILVERM26SEP165500PE,SILVERM,23SEP2026,16550000.000000,1,OPTFUT,NCO,50.000000,120,False
137438,SILVERM26SEP166500PE,SILVERM,23SEP2026,16650000.000000,1,OPTFUT,NCO,50.000000,120,False
137446,SILVERM26SEP167500PE,SILVERM,23SEP2026,16750000.000000,1,OPTFUT,NCO,50.000000,120,False
137480,SILVERM26OCT230000PE,SILVERM,23OCT2026,23000000.000000,1,OPTFUT,NCO,50.000000,120,False
152219,SILVERM26NOV302500CE,SILVERM,23NOV2026,30250000.000000,1,OPTFUT,NCO,50.000000,120,False
152223,SILVERM26NOV303000CE,SILVERM,23NOV2026,30300000.000000,1,OPTFUT,NCO,50.000000,120,False
152233,SILVERM26NOV304250CE,SILVERM,23NOV2026,30425000.000000,1,OPTFUT,NCO,50.000000,120,False
152236,SILVERM26NOV304500PE,SILVERM,23NOV2026,30450000.000000,1,OPTFUT,NCO,50.000000,120,False
152247,SILVERM26DEC285500CE,SILVERM,23DEC2026,28550000.000000,1,OPTFUT,NCO,50.000000,120,False
152251,SILVERM26DEC286000CE,SILVERM,23DEC2026,28600000.000000,1,OPTFUT,NCO,50.000000,120,False
152263,SILVERM26DEC287500CE,SILVERM,23DEC2026,28750000.000000,1,OPTFUT,NCO,50.000000,120,False
152264,SILVERM26DEC287500PE,SILVERM,23DEC2026,28750000.000000,1,OPTFUT,NCO,50.000000,120,False
137491,SILVERM26OCT231500CE,SILVERM,23OCT2026,23150000.000000,1,OPTFUT,NCO,50.000000,120,False
137551,SILVERM26OCT233750CE,SILVERM,23OCT2026,23375000.000000,1,OPTFUT,NCO,50.000000,120,False
137581,SILVERM26OCT251750PE,SILVERM,23OCT2026,25175000.000000,1,OPTFUT,NCO,50.000000,120,False
137582,SILVERM26OCT252000CE,SILVERM,23OCT2026,25200000.000000,1,OPTFUT,NCO,50.000000,120,False
152270,SILVERM26DEC288250PE,SILVERM,23DEC2026,28825000.000000,1,OPTFUT,NCO,50.000000,120,False
152284,SILVERM26DEC290000PE,SILVERM,23DEC2026,29000000.000000,1,OPTFUT,NCO,50.000000,120,False
152302,SILVERM26DEC292250PE,SILVERM,23DEC2026,29225000.000000,1,OPTFUT,NCO,50.000000,120,False
152310,SILVERM26DEC293250PE,SILVERM,23DEC2026,29325000.000000,1,OPTFUT,NCO,50.000000,120,False
137752,SILVERM26NOV229500PE,SILVERM,23NOV2026,22950000.000000,1,OPTFUT,NCO,50.000000,120,False
137768,SILVERM26NOV231500PE,SILVERM,23NOV2026,23150000.000000,1,OPTFUT,NCO,50.000000,120,False
138132,SILVERM26SEP168750PE,SILVERM,23SEP2026,16875000.000000,1,OPTFUT,NCO,50.000000,120,False
138133,SILVERM26SEP169000CE,SILVERM,23SEP2026,16900000.000000,1,OPTFUT,NCO,50.000000,120,False
152316,SILVERM26DEC294000PE,SILVERM,23DEC2026,29400000.000000,1,OPTFUT,NCO,50.000000,120,False
152334,SILVERM26DEC296250PE,SILVERM,23DEC2026,29625000.000000,1,OPTFUT,NCO,50.000000,120,False
152341,SILVERM26DEC297250CE,SILVERM,23DEC2026,29725000.000000,1,OPTFUT,NCO,50.000000,120,False
152393,SILVERM26DEC303750CE,SILVERM,23DEC2026,30375000.000000,1,OPTFUT,NCO,50.000000,120,False
138154,SILVERM26SEP171500PE,SILVERM,23SEP2026,17150000.000000,1,OPTFUT,NCO,50.000000,120,False
138220,GOLD27JAN154800CE,GOLD,29JAN2027,15480000.000000,1,OPTFUT,NCO,50.000000,10,False
138221,GOLD27JAN154800PE,GOLD,29JAN2027,15480000.000000,1,OPTFUT,NCO,50.000000,10,False
138239,GOLD27JAN155700PE,GOLD,29JAN2027,15570000.000000,1,OPTFUT,NCO,50.000000,10,False
152410,SILVERM26DEC305750PE,SILVERM,23DEC2026,30575000.000000,1,OPTFUT,NCO,50.000000,120,False
152411,SILVERM26DEC306000CE,SILVERM,23DEC2026,30600000.000000,1,OPTFUT,NCO,50.000000,120,False
152415,SILVERM26DEC306500CE,SILVERM,23DEC2026,30650000.000000,1,OPTFUT,NCO,50.000000,120,False
152951,GOLD26SEP150000CE,GOLD,25SEP2026,15000000.000000,1,OPTFUT,NCO,50.000000,10,False
138379,SILVERM26NOV235750CE,SILVERM,23NOV2026,23575000.000000,1,OPTFUT,NCO,50.000000,120,False
138393,SILVERM26NOV237500CE,SILVERM,23NOV2026,23750000.000000,1,OPTFUT,NCO,50.000000,120,False
138450,GOLD27JAN157200CE,GOLD,29JAN2027,15720000.000000,1,OPTFUT,NCO,50.000000,10,False
138461,GOLD27JAN157700PE,GOLD,29JAN2027,15770000.000000,1,OPTFUT,NCO,50.000000,10,False
152960,GOLD26SEP150400PE,GOLD,25SEP2026,15040000.000000,1,OPTFUT,NCO,50.000000,10,False
152986,GOLD26SEP151700PE,GOLD,25SEP2026,15170000.000000,1,OPTFUT,NCO,50.000000,10,False
152999,GOLD26SEP152400CE,GOLD,25SEP2026,15240000.000000,1,OPTFUT,NCO,50.000000,10,False
153002,GOLD26OCT150800PE,GOLD,29OCT2026,15080000.000000,1,OPTFUT,NCO,50.000000,10,False
138464,GOLD27JAN157900CE,GOLD,29JAN2027,15790000.000000,1,OPTFUT,NCO,50.000000,10,False
138469,GOLD27JAN158100PE,GOLD,29JAN2027,15810000.000000,1,OPTFUT,NCO,50.000000,10,False
138478,GOLD27FEB155200CE,GOLD,26FEB2027,15520000.000000,1,OPTFUT,NCO,50.000000,10,False
138749,SILVERM26SEP174000CE,SILVERM,23SEP2026,17400000.000000,1,OPTFUT,NCO,50.000000,120,False
153016,GOLD26OCT151500PE,GOLD,29OCT2026,15150000.000000,1,OPTFUT,NCO,50.000000,10,False
153020,GOLD26OCT151700PE,GOLD,29OCT2026,15170000.000000,1,OPTFUT,NCO,50.000000,10,False
153037,GOLD26OCT152600CE,GOLD,29OCT2026,15260000.000000,1,OPTFUT,NCO,50.000000,10,False
153073,GOLD26NOV152700CE,GOLD,27NOV2026,15270000.000000,1,OPTFUT,NCO,50.000000,10,False
153092,GOLD26NOV153600PE,GOLD,27NOV2026,15360000.000000,1,OPTFUT,NCO,50.000000,10,False
153093,GOLD26NOV153700CE,GOLD,27NOV2026,15370000.000000,1,OPTFUT,NCO,50.000000,10,False
153098,GOLD26NOV153900PE,GOLD,27NOV2026,15390000.000000,1,OPTFUT,NCO,50.000000,10,False
153100,GOLD26DEC152300PE,GOLD,29DEC2026,15230000.000000,1,OPTFUT,NCO,50.000000,10,False
138755,SILVERM26SEP174750CE,SILVERM,23SEP2026,17475000.000000,1,OPTFUT,NCO,50.000000,120,False
138771,SILVERM26SEP176750CE,SILVERM,23SEP2026,17675000.000000,1,OPTFUT,NCO,50.000000,120,False
138774,SILVERM26SEP177000PE,SILVERM,23SEP2026,17700000.000000,1,OPTFUT,NCO,50.000000,120,False
138788,SILVERM26SEP178750PE,SILVERM,23SEP2026,17875000.000000,1,OPTFUT,NCO,50.000000,120,False
138864,GOLD27FEB156300CE,GOLD,26FEB2027,15630000.000000,1,OPTFUT,NCO,50.000000,10,False
138867,GOLD27FEB156400PE,GOLD,26FEB2027,15640000.000000,1,OPTFUT,NCO,50.000000,10,False
138872,GOLD27FEB156700CE,GOLD,26FEB2027,15670000.000000,1,OPTFUT,NCO,50.000000,10,False
138873,GOLD27FEB156700PE,GOLD,26FEB2027,15670000.000000,1,OPTFUT,NCO,50.000000,10,False
153107,GOLD26DEC152700CE,GOLD,29DEC2026,15270000.000000,1,OPTFUT,NCO,50.000000,10,False
153109,GOLD26DEC152800CE,GOLD,29DEC2026,15280000.000000,1,OPTFUT,NCO,50.000000,10,False
153117,GOLD26DEC153200CE,GOLD,29DEC2026,15320000.000000,1,OPTFUT,NCO,50.000000,10,False
153118,GOLD26DEC153200PE,GOLD,29DEC2026,15320000.000000,1,OPTFUT,NCO,50.000000,10,False
138875,GOLD27FEB156800PE,GOLD,26FEB2027,15680000.000000,1,OPTFUT,NCO,50.000000,10,False
138882,GOLD27FEB157200CE,GOLD,26FEB2027,15720000.000000,1,OPTFUT,NCO,50.000000,10,False
138888,GOLD27FEB157500CE,GOLD,26FEB2027,15750000.000000,1,OPTFUT,NCO,50.000000,10,False
138889,GOLD27FEB157500PE,GOLD,26FEB2027,15750000.000000,1,OPTFUT,NCO,50.000000,10,False
153120,GOLD26DEC153300PE,GOLD,29DEC2026,15330000.000000,1,OPTFUT,NCO,50.000000,10,False
153123,GOLD26DEC153500CE,GOLD,29DEC2026,15350000.000000,1,OPTFUT,NCO,50.000000,10,False
153292,GOLD26NOV169900PE,GOLD,27NOV2026,16990000.000000,1,OPTFUT,NCO,50.000000,10,False
153297,GOLD26DEC166300CE,GOLD,29DEC2026,16630000.000000,1,OPTFUT,NCO,50.000000,10,False
138899,GOLD27FEB158000PE,GOLD,26FEB2027,15800000.000000,1,OPTFUT,NCO,50.000000,10,False
138908,GOLD27FEB158500CE,GOLD,26FEB2027,15850000.000000,1,OPTFUT,NCO,50.000000,10,False
138909,GOLD27FEB158500PE,GOLD,26FEB2027,15850000.000000,1,OPTFUT,NCO,50.000000,10,False
138972,SILVERM26OCT254500CE,SILVERM,23OCT2026,25450000.000000,1,OPTFUT,NCO,50.000000,120,False
153317,GOLD26DEC167300CE,GOLD,29DEC2026,16730000.000000,1,OPTFUT,NCO,50.000000,10,False
153323,GOLD26DEC167600CE,GOLD,29DEC2026,16760000.000000,1,OPTFUT,NCO,50.000000,10,False
153359,GOLD26DEC169400CE,GOLD,29DEC2026,16940000.000000,1,OPTFUT,NCO,50.000000,10,False
153914,SILVERM26SEP302000PE,SILVERM,23SEP2026,30200000.000000,1,OPTFUT,NCO,50.000000,120,False
153922,SILVERM26SEP303000PE,SILVERM,23SEP2026,30300000.000000,1,OPTFUT,NCO,50.000000,120,False
153935,SILVERM26SEP304750CE,SILVERM,23SEP2026,30475000.000000,1,OPTFUT,NCO,50.000000,120,False
153936,SILVERM26SEP304750PE,SILVERM,23SEP2026,30475000.000000,1,OPTFUT,NCO,50.000000,120,False
153937,SILVERM26SEP305000CE,SILVERM,23SEP2026,30500000.000000,1,OPTFUT,NCO,50.000000,120,False
138987,SILVERM26OCT256250PE,SILVERM,23OCT2026,25625000.000000,1,OPTFUT,NCO,50.000000,120,False
139020,GOLD27FEB159400CE,GOLD,26FEB2027,15940000.000000,1,OPTFUT,NCO,50.000000,10,False
139021,GOLD27FEB159400PE,GOLD,26FEB2027,15940000.000000,1,OPTFUT,NCO,50.000000,10,False
139195,GOLD26SEP132900CE,GOLD,25SEP2026,13290000.000000,1,OPTFUT,NCO,50.000000,10,False
153993,SILVERM26SEP312000CE,SILVERM,23SEP2026,31200000.000000,1,OPTFUT,NCO,50.000000,120,False
154007,SILVERM26OCT305000CE,SILVERM,23OCT2026,30500000.000000,1,OPTFUT,NCO,50.000000,120,False
154009,SILVERM26OCT305250CE,SILVERM,23OCT2026,30525000.000000,1,OPTFUT,NCO,50.000000,120,False
154017,SILVERM26OCT306250CE,SILVERM,23OCT2026,30625000.000000,1,OPTFUT,NCO,50.000000,120,False
139199,GOLD26SEP133100CE,GOLD,25SEP2026,13310000.000000,1,OPTFUT,NCO,50.000000,10,False
139200,GOLD26SEP133100PE,GOLD,25SEP2026,13310000.000000,1,OPTFUT,NCO,50.000000,10,False
139265,SILVERM26NOV254000PE,SILVERM,23NOV2026,25400000.000000,1,OPTFUT,NCO,50.000000,120,False
139277,SILVERM26NOV255500PE,SILVERM,23NOV2026,25550000.000000,1,OPTFUT,NCO,50.000000,120,False
154018,SILVERM26OCT306250PE,SILVERM,23OCT2026,30625000.000000,1,OPTFUT,NCO,50.000000,120,False
154019,SILVERM26OCT306500CE,SILVERM,23OCT2026,30650000.000000,1,OPTFUT,NCO,50.000000,120,False
154027,SILVERM26OCT307500CE,SILVERM,23OCT2026,30750000.000000,1,OPTFUT,NCO,50.000000,120,False
154037,SILVERM26OCT308750CE,SILVERM,23OCT2026,30875000.000000,1,OPTFUT,NCO,50.000000,120,False
139290,SILVERM26SEP210250PE,SILVERM,23SEP2026,21025000.000000,1,OPTFUT,NCO,50.000000,120,False
139293,SILVERM26SEP210750CE,SILVERM,23SEP2026,21075000.000000,1,OPTFUT,NCO,50.000000,120,False
139307,SILVERM26SEP212500CE,SILVERM,23SEP2026,21250000.000000,1,OPTFUT,NCO,50.000000,120,False
139311,SILVERM26SEP213000CE,SILVERM,23SEP2026,21300000.000000,1,OPTFUT,NCO,50.000000,120,False
154045,SILVERM26OCT309750CE,SILVERM,23OCT2026,30975000.000000,1,OPTFUT,NCO,50.000000,120,False
154054,SILVERM26OCT310750PE,SILVERM,23OCT2026,31075000.000000,1,OPTFUT,NCO,50.000000,120,False
154066,SILVERM26OCT312250PE,SILVERM,23OCT2026,31225000.000000,1,OPTFUT,NCO,50.000000,120,False
154078,SILVERM26NOV305000PE,SILVERM,23NOV2026,30500000.000000,1,OPTFUT,NCO,50.000000,120,False
139314,SILVERM26SEP213250PE,SILVERM,23SEP2026,21325000.000000,1,OPTFUT,NCO,50.000000,120,False
139318,SILVERM26SEP213750PE,SILVERM,23SEP2026,21375000.000000,1,OPTFUT,NCO,50.000000,120,False
139328,SILVERM26SEP215000PE,SILVERM,23SEP2026,21500000.000000,1,OPTFUT,NCO,50.000000,120,False
139334,SILVERM26SEP215750PE,SILVERM,23SEP2026,21575000.000000,1,OPTFUT,NCO,50.000000,120,False
154079,SILVERM26NOV305250CE,SILVERM,23NOV2026,30525000.000000,1,OPTFUT,NCO,50.000000,120,False
154084,SILVERM26NOV305750PE,SILVERM,23NOV2026,30575000.000000,1,OPTFUT,NCO,50.000000,120,False
154095,SILVERM26NOV307250CE,SILVERM,23NOV2026,30725000.000000,1,OPTFUT,NCO,50.000000,120,False
154104,SILVERM26NOV308250PE,SILVERM,23NOV2026,30825000.000000,1,OPTFUT,NCO,50.000000,120,False
139342,SILVERM26OCT211250PE,SILVERM,23OCT2026,21125000.000000,1,OPTFUT,NCO,50.000000,120,False
139369,SILVERM26OCT214750CE,SILVERM,23OCT2026,21475000.000000,1,OPTFUT,NCO,50.000000,120,False
139401,SILVERM26NOV213500CE,SILVERM,23NOV2026,21350000.000000,1,OPTFUT,NCO,50.000000,120,False
139405,SILVERM26NOV214000CE,SILVERM,23NOV2026,21400000.000000,1,OPTFUT,NCO,50.000000,120,False
154110,SILVERM26NOV309000PE,SILVERM,23NOV2026,30900000.000000,1,OPTFUT,NCO,50.000000,120,False
154120,SILVERM26NOV310250PE,SILVERM,23NOV2026,31025000.000000,1,OPTFUT,NCO,50.000000,120,False
154123,SILVERM26NOV310750CE,SILVERM,23NOV2026,31075000.000000,1,OPTFUT,NCO,50.000000,120,False
154136,SILVERM26NOV312250PE,SILVERM,23NOV2026,31225000.000000,1,OPTFUT,NCO,50.000000,120,False
139412,GOLD27FEB160400CE,GOLD,26FEB2027,16040000.000000,1,OPTFUT,NCO,50.000000,10,False
139423,GOLD27FEB160900PE,GOLD,26FEB2027,16090000.000000,1,OPTFUT,NCO,50.000000,10,False
139427,GOLD27FEB161100PE,GOLD,26FEB2027,16110000.000000,1,OPTFUT,NCO,50.000000,10,False
139435,GOLD27FEB161500PE,GOLD,26FEB2027,16150000.000000,1,OPTFUT,NCO,50.000000,10,False
154144,SILVERM26NOV313250PE,SILVERM,23NOV2026,31325000.000000,1,OPTFUT,NCO,50.000000,120,False
154161,SILVERM26DEC307000CE,SILVERM,23DEC2026,30700000.000000,1,OPTFUT,NCO,50.000000,120,False
154170,SILVERM26DEC308000PE,SILVERM,23DEC2026,30800000.000000,1,OPTFUT,NCO,50.000000,120,False
154173,SILVERM26DEC308500CE,SILVERM,23DEC2026,30850000.000000,1,OPTFUT,NCO,50.000000,120,False
139437,GOLD27FEB161600PE,GOLD,26FEB2027,16160000.000000,1,OPTFUT,NCO,50.000000,10,False
139438,GOLD27FEB161700CE,GOLD,26FEB2027,16170000.000000,1,OPTFUT,NCO,50.000000,10,False
139453,GOLD27FEB162400PE,GOLD,26FEB2027,16240000.000000,1,OPTFUT,NCO,50.000000,10,False
139461,GOLD27FEB162800PE,GOLD,26FEB2027,16280000.000000,1,OPTFUT,NCO,50.000000,10,False
154192,SILVERM26DEC310750PE,SILVERM,23DEC2026,31075000.000000,1,OPTFUT,NCO,50.000000,120,False
154196,SILVERM26DEC311250PE,SILVERM,23DEC2026,31125000.000000,1,OPTFUT,NCO,50.000000,120,False
154226,SILVERM26DEC315000PE,SILVERM,23DEC2026,31500000.000000,1,OPTFUT,NCO,50.000000,120,False
154234,SILVERM26DEC316000PE,SILVERM,23DEC2026,31600000.000000,1,OPTFUT,NCO,50.000000,120,False
155073,GOLD26SEP152600CE,GOLD,25SEP2026,15260000.000000,1,OPTFUT,NCO,50.000000,10,False
155077,GOLD26SEP152800CE,GOLD,25SEP2026,15280000.000000,1,OPTFUT,NCO,50.000000,10,False
155100,GOLD26SEP153900PE,GOLD,25SEP2026,15390000.000000,1,OPTFUT,NCO,50.000000,10,False
155105,GOLD26SEP154200CE,GOLD,25SEP2026,15420000.000000,1,OPTFUT,NCO,50.000000,10,False
140009,SILVERM26SEP179750CE,SILVERM,23SEP2026,17975000.000000,1,OPTFUT,NCO,50.000000,120,False
140017,SILVERM26SEP180750CE,SILVERM,23SEP2026,18075000.000000,1,OPTFUT,NCO,50.000000,120,False
140019,SILVERM26SEP181000CE,SILVERM,23SEP2026,18100000.000000,1,OPTFUT,NCO,50.000000,120,False
140027,SILVERM26SEP182000CE,SILVERM,23SEP2026,18200000.000000,1,OPTFUT,NCO,50.000000,120,False
155116,GOLD26SEP154700PE,GOLD,25SEP2026,15470000.000000,1,OPTFUT,NCO,50.000000,10,False
155120,GOLD26SEP154900PE,GOLD,25SEP2026,15490000.000000,1,OPTFUT,NCO,50.000000,10,False
155122,GOLD26SEP155000PE,GOLD,25SEP2026,15500000.000000,1,OPTFUT,NCO,50.000000,10,False
155127,GOLD26SEP155300CE,GOLD,25SEP2026,15530000.000000,1,OPTFUT,NCO,50.000000,10,False
140033,SILVERM26SEP182750CE,SILVERM,23SEP2026,18275000.000000,1,OPTFUT,NCO,50.000000,120,False
140052,SILVERM26SEP185000PE,SILVERM,23SEP2026,18500000.000000,1,OPTFUT,NCO,50.000000,120,False
140057,SILVERM26SEP185750CE,SILVERM,23SEP2026,18575000.000000,1,OPTFUT,NCO,50.000000,120,False
140063,SILVERM26SEP186500CE,SILVERM,23SEP2026,18650000.000000,1,OPTFUT,NCO,50.000000,120,False
155187,GOLD26OCT155400CE,GOLD,29OCT2026,15540000.000000,1,OPTFUT,NCO,50.000000,10,False
155191,GOLD26OCT155600CE,GOLD,29OCT2026,15560000.000000,1,OPTFUT,NCO,50.000000,10,False
155208,GOLD26OCT156400PE,GOLD,29OCT2026,15640000.000000,1,OPTFUT,NCO,50.000000,10,False
155221,GOLD26NOV154200CE,GOLD,27NOV2026,15420000.000000,1,OPTFUT,NCO,50.000000,10,False
140085,SILVERM26NOV216250CE,SILVERM,23NOV2026,21625000.000000,1,OPTFUT,NCO,50.000000,120,False
140188,SILVERM27JAN240000CE,SILVERM,21JAN2027,24000000.000000,1,OPTFUT,NCO,50.000000,120,False
140209,SILVERM27JAN242500PE,SILVERM,21JAN2027,24250000.000000,1,OPTFUT,NCO,50.000000,120,False
140240,SILVERM27FEB244250CE,SILVERM,19FEB2027,24425000.000000,1,OPTFUT,NCO,50.000000,120,False
155230,GOLD26NOV154600PE,GOLD,27NOV2026,15460000.000000,1,OPTFUT,NCO,50.000000,10,False
155248,GOLD26NOV155500PE,GOLD,27NOV2026,15550000.000000,1,OPTFUT,NCO,50.000000,10,False
155267,GOLD26NOV156500CE,GOLD,27NOV2026,15650000.000000,1,OPTFUT,NCO,50.000000,10,False
155284,GOLD26NOV157300PE,GOLD,27NOV2026,15730000.000000,1,OPTFUT,NCO,50.000000,10,False
140245,SILVERM27FEB244750PE,SILVERM,19FEB2027,24475000.000000,1,OPTFUT,NCO,50.000000,120,False
140252,SILVERM27FEB245750CE,SILVERM,19FEB2027,24575000.000000,1,OPTFUT,NCO,50.000000,120,False
140264,SILVERM27FEB247250CE,SILVERM,19FEB2027,24725000.000000,1,OPTFUT,NCO,50.000000,120,False
140265,SILVERM27FEB247250PE,SILVERM,19FEB2027,24725000.000000,1,OPTFUT,NCO,50.000000,120,False
155294,GOLD26DEC155000PE,GOLD,29DEC2026,15500000.000000,1,OPTFUT,NCO,50.000000,10,False
155306,GOLD26DEC155600PE,GOLD,29DEC2026,15560000.000000,1,OPTFUT,NCO,50.000000,10,False
155308,GOLD26DEC155700PE,GOLD,29DEC2026,15570000.000000,1,OPTFUT,NCO,50.000000,10,False
155316,GOLD26DEC156100PE,GOLD,29DEC2026,15610000.000000,1,OPTFUT,NCO,50.000000,10,False
155317,GOLD26DEC156200CE,GOLD,29DEC2026,15620000.000000,1,OPTFUT,NCO,50.000000,10,False
155323,GOLD26DEC156500CE,GOLD,29DEC2026,15650000.000000,1,OPTFUT,NCO,50.000000,10,False
155326,GOLD26DEC156600PE,GOLD,29DEC2026,15660000.000000,1,OPTFUT,NCO,50.000000,10,False
155334,GOLD26DEC157000PE,GOLD,29DEC2026,15700000.000000,1,OPTFUT,NCO,50.000000,10,False
140266,SILVERM27FEB247500CE,SILVERM,19FEB2027,24750000.000000,1,OPTFUT,NCO,50.000000,120,False
140267,SILVERM27FEB247500PE,SILVERM,19FEB2027,24750000.000000,1,OPTFUT,NCO,50.000000,120,False
140271,SILVERM27FEB248000PE,SILVERM,19FEB2027,24800000.000000,1,OPTFUT,NCO,50.000000,120,False
140284,SILVERM26NOV257500CE,SILVERM,23NOV2026,25750000.000000,1,OPTFUT,NCO,50.000000,120,False
155342,GOLD26DEC157400PE,GOLD,29DEC2026,15740000.000000,1,OPTFUT,NCO,50.000000,10,False
155585,GOLD26DEC170400CE,GOLD,29DEC2026,17040000.000000,1,OPTFUT,NCO,50.000000,10,False
156625,SILVERM26SEP313000CE,SILVERM,23SEP2026,31300000.000000,1,OPTFUT,NCO,50.000000,120,False
156629,SILVERM26SEP313500CE,SILVERM,23SEP2026,31350000.000000,1,OPTFUT,NCO,50.000000,120,False
140299,SILVERM26DEC255000PE,SILVERM,23DEC2026,25500000.000000,1,OPTFUT,NCO,50.000000,120,False
140307,SILVERM26DEC256000PE,SILVERM,23DEC2026,25600000.000000,1,OPTFUT,NCO,50.000000,120,False
140342,GOLD27JAN167800PE,GOLD,29JAN2027,16780000.000000,1,OPTFUT,NCO,50.000000,10,False
140346,GOLD27JAN168000PE,GOLD,29JAN2027,16800000.000000,1,OPTFUT,NCO,50.000000,10,False
156638,SILVERM26SEP314500PE,SILVERM,23SEP2026,31450000.000000,1,OPTFUT,NCO,50.000000,120,False
156639,SILVERM26SEP314750CE,SILVERM,23SEP2026,31475000.000000,1,OPTFUT,NCO,50.000000,120,False
156643,SILVERM26SEP315250CE,SILVERM,23SEP2026,31525000.000000,1,OPTFUT,NCO,50.000000,120,False
156645,SILVERM26SEP315500CE,SILVERM,23SEP2026,31550000.000000,1,OPTFUT,NCO,50.000000,120,False
140375,SILVERM27FEB249750PE,SILVERM,19FEB2027,24975000.000000,1,OPTFUT,NCO,50.000000,120,False
140387,SILVERM27FEB251250PE,SILVERM,19FEB2027,25125000.000000,1,OPTFUT,NCO,50.000000,120,False
140402,SILVERM27FEB253250CE,SILVERM,19FEB2027,25325000.000000,1,OPTFUT,NCO,50.000000,120,False
140403,SILVERM27FEB253250PE,SILVERM,19FEB2027,25325000.000000,1,OPTFUT,NCO,50.000000,120,False
156650,SILVERM26SEP316000PE,SILVERM,23SEP2026,31600000.000000,1,OPTFUT,NCO,50.000000,120,False
156664,SILVERM26SEP317750PE,SILVERM,23SEP2026,31775000.000000,1,OPTFUT,NCO,50.000000,120,False
156667,SILVERM26SEP318250CE,SILVERM,23SEP2026,31825000.000000,1,OPTFUT,NCO,50.000000,120,False
156677,SILVERM26SEP319500CE,SILVERM,23SEP2026,31950000.000000,1,OPTFUT,NCO,50.000000,120,False
156693,SILVERM26SEP321500CE,SILVERM,23SEP2026,32150000.000000,1,OPTFUT,NCO,50.000000,120,False
156712,SILVERM26SEP323750PE,SILVERM,23SEP2026,32375000.000000,1,OPTFUT,NCO,50.000000,120,False
156715,SILVERM26SEP324250CE,SILVERM,23SEP2026,32425000.000000,1,OPTFUT,NCO,50.000000,120,False
156724,SILVERM26SEP325250PE,SILVERM,23SEP2026,32525000.000000,1,OPTFUT,NCO,50.000000,120,False
140405,SILVERM27FEB253500PE,SILVERM,19FEB2027,25350000.000000,1,OPTFUT,NCO,50.000000,120,False
140702,GOLD26SEP134700PE,GOLD,25SEP2026,13470000.000000,1,OPTFUT,NCO,50.000000,10,False
140720,GOLD26SEP135600PE,GOLD,25SEP2026,13560000.000000,1,OPTFUT,NCO,50.000000,10,False
140727,SILVERM27FEB254000PE,SILVERM,19FEB2027,25400000.000000,1,OPTFUT,NCO,50.000000,120,False
140786,SILVERM26SEP216500PE,SILVERM,23SEP2026,21650000.000000,1,OPTFUT,NCO,50.000000,120,False
140849,GOLD27JAN154000CE,GOLD,29JAN2027,15400000.000000,1,OPTFUT,NCO,50.000000,10,False
140871,GOLD27FEB154600CE,GOLD,26FEB2027,15460000.000000,1,OPTFUT,NCO,50.000000,10,False
140873,GOLD27FEB154700CE,GOLD,26FEB2027,15470000.000000,1,OPTFUT,NCO,50.000000,10,False
156730,SILVERM26SEP326000PE,SILVERM,23SEP2026,32600000.000000,1,OPTFUT,NCO,50.000000,120,False
156733,SILVERM26SEP326500CE,SILVERM,23SEP2026,32650000.000000,1,OPTFUT,NCO,50.000000,120,False
156746,SILVERM26SEP328000PE,SILVERM,23SEP2026,32800000.000000,1,OPTFUT,NCO,50.000000,120,False
156747,SILVERM26SEP328250CE,SILVERM,23SEP2026,32825000.000000,1,OPTFUT,NCO,50.000000,120,False
156757,SILVERM26OCT314250CE,SILVERM,23OCT2026,31425000.000000,1,OPTFUT,NCO,50.000000,120,False
156774,SILVERM26OCT316250PE,SILVERM,23OCT2026,31625000.000000,1,OPTFUT,NCO,50.000000,120,False
156779,SILVERM26OCT317000CE,SILVERM,23OCT2026,31700000.000000,1,OPTFUT,NCO,50.000000,120,False
156784,SILVERM26OCT317500PE,SILVERM,23OCT2026,31750000.000000,1,OPTFUT,NCO,50.000000,120,False
140879,GOLD27FEB155000CE,GOLD,26FEB2027,15500000.000000,1,OPTFUT,NCO,50.000000,10,False
141509,SILVERM26SEP189250CE,SILVERM,23SEP2026,18925000.000000,1,OPTFUT,NCO,50.000000,120,False
141511,SILVERM26SEP189500CE,SILVERM,23SEP2026,18950000.000000,1,OPTFUT,NCO,50.000000,120,False
141524,SILVERM26SEP191000PE,SILVERM,23SEP2026,19100000.000000,1,OPTFUT,NCO,50.000000,120,False
156795,SILVERM26OCT319000CE,SILVERM,23OCT2026,31900000.000000,1,OPTFUT,NCO,50.000000,120,False
156796,SILVERM26OCT319000PE,SILVERM,23OCT2026,31900000.000000,1,OPTFUT,NCO,50.000000,120,False
156815,SILVERM26OCT321500CE,SILVERM,23OCT2026,32150000.000000,1,OPTFUT,NCO,50.000000,120,False
156816,SILVERM26OCT321500PE,SILVERM,23OCT2026,32150000.000000,1,OPTFUT,NCO,50.000000,120,False
141541,SILVERM26SEP193250CE,SILVERM,23SEP2026,19325000.000000,1,OPTFUT,NCO,50.000000,120,False
141543,SILVERM26SEP193500CE,SILVERM,23SEP2026,19350000.000000,1,OPTFUT,NCO,50.000000,120,False
141613,GOLD27JAN158800CE,GOLD,29JAN2027,15880000.000000,1,OPTFUT,NCO,50.000000,10,False
141908,GOLD26SEP136800PE,GOLD,25SEP2026,13680000.000000,1,OPTFUT,NCO,50.000000,10,False
156820,SILVERM26OCT322000PE,SILVERM,23OCT2026,32200000.000000,1,OPTFUT,NCO,50.000000,120,False
156823,SILVERM26OCT322500CE,SILVERM,23OCT2026,32250000.000000,1,OPTFUT,NCO,50.000000,120,False
156827,SILVERM26OCT323000CE,SILVERM,23OCT2026,32300000.000000,1,OPTFUT,NCO,50.000000,120,False
156844,SILVERM26OCT325000PE,SILVERM,23OCT2026,32500000.000000,1,OPTFUT,NCO,50.000000,120,False
141910,GOLD26SEP136900PE,GOLD,25SEP2026,13690000.000000,1,OPTFUT,NCO,50.000000,10,False
142486,GOLD26SEP138300PE,GOLD,25SEP2026,13830000.000000,1,OPTFUT,NCO,50.000000,10,False
156851,SILVERM26OCT326000CE,SILVERM,23OCT2026,32600000.000000,1,OPTFUT,NCO,50.000000,120,False
156853,SILVERM26OCT326250CE,SILVERM,23OCT2026,32625000.000000,1,OPTFUT,NCO,50.000000,120,False
156854,SILVERM26OCT326250PE,SILVERM,23OCT2026,32625000.000000,1,OPTFUT,NCO,50.000000,120,False
156866,SILVERM26OCT327750PE,SILVERM,23OCT2026,32775000.000000,1,OPTFUT,NCO,50.000000,120,False
142471,GOLD26SEP137600CE,GOLD,25SEP2026,13760000.000000,1,OPTFUT,NCO,50.000000,10,False
142481,GOLD26SEP138100CE,GOLD,25SEP2026,13810000.000000,1,OPTFUT,NCO,50.000000,10,False
142494,GOLD26SEP138700PE,GOLD,25SEP2026,13870000.000000,1,OPTFUT,NCO,50.000000,10,False
142525,GOLD26SEP140300CE,GOLD,25SEP2026,14030000.000000,1,OPTFUT,NCO,50.000000,10,False
142532,GOLD26SEP142300PE,GOLD,25SEP2026,14230000.000000,1,OPTFUT,NCO,50.000000,10,False
142555,GOLD26NOV143600CE,GOLD,27NOV2026,14360000.000000,1,OPTFUT,NCO,50.000000,10,False
156873,SILVERM26OCT328750CE,SILVERM,23OCT2026,32875000.000000,1,OPTFUT,NCO,50.000000,120,False
156875,SILVERM26OCT329000CE,SILVERM,23OCT2026,32900000.000000,1,OPTFUT,NCO,50.000000,120,False
156879,SILVERM26OCT329500CE,SILVERM,23OCT2026,32950000.000000,1,OPTFUT,NCO,50.000000,120,False
156895,SILVERM26NOV316250CE,SILVERM,23NOV2026,31625000.000000,1,OPTFUT,NCO,50.000000,120,False
156919,SILVERM26NOV319250CE,SILVERM,23NOV2026,31925000.000000,1,OPTFUT,NCO,50.000000,120,False
156927,SILVERM26NOV320250CE,SILVERM,23NOV2026,32025000.000000,1,OPTFUT,NCO,50.000000,120,False
156963,SILVERM26NOV324750CE,SILVERM,23NOV2026,32475000.000000,1,OPTFUT,NCO,50.000000,120,False
156975,SILVERM26NOV326250CE,SILVERM,23NOV2026,32625000.000000,1,OPTFUT,NCO,50.000000,120,False
142556,GOLD26NOV143600PE,GOLD,27NOV2026,14360000.000000,1,OPTFUT,NCO,50.000000,10,False
142558,GOLD26NOV143700PE,GOLD,27NOV2026,14370000.000000,1,OPTFUT,NCO,50.000000,10,False
142559,GOLD26NOV143800CE,GOLD,27NOV2026,14380000.000000,1,OPTFUT,NCO,50.000000,10,False
142668,GOLD26DEC146900PE,GOLD,29DEC2026,14690000.000000,1,OPTFUT,NCO,50.000000,10,False
156979,SILVERM26NOV326750CE,SILVERM,23NOV2026,32675000.000000,1,OPTFUT,NCO,50.000000,120,False
156980,SILVERM26NOV326750PE,SILVERM,23NOV2026,32675000.000000,1,OPTFUT,NCO,50.000000,120,False
157004,SILVERM26NOV329750PE,SILVERM,23NOV2026,32975000.000000,1,OPTFUT,NCO,50.000000,120,False
157007,SILVERM26NOV330250CE,SILVERM,23NOV2026,33025000.000000,1,OPTFUT,NCO,50.000000,120,False
142709,GOLD26DEC141200CE,GOLD,29DEC2026,14120000.000000,1,OPTFUT,NCO,50.000000,10,False
142714,GOLD26DEC141400PE,GOLD,29DEC2026,14140000.000000,1,OPTFUT,NCO,50.000000,10,False
142737,GOLD26DEC147200CE,GOLD,29DEC2026,14720000.000000,1,OPTFUT,NCO,50.000000,10,False
142738,GOLD26DEC147200PE,GOLD,29DEC2026,14720000.000000,1,OPTFUT,NCO,50.000000,10,False
157012,SILVERM26NOV330750PE,SILVERM,23NOV2026,33075000.000000,1,OPTFUT,NCO,50.000000,120,False
157030,SILVERM26DEC317750PE,SILVERM,23DEC2026,31775000.000000,1,OPTFUT,NCO,50.000000,120,False
157086,SILVERM26DEC324750PE,SILVERM,23DEC2026,32475000.000000,1,OPTFUT,NCO,50.000000,120,False
157091,SILVERM26DEC325500CE,SILVERM,23DEC2026,32550000.000000,1,OPTFUT,NCO,50.000000,120,False
142740,GOLD26DEC147300PE,GOLD,29DEC2026,14730000.000000,1,OPTFUT,NCO,50.000000,10,False
142792,GOLD26DEC140700PE,GOLD,29DEC2026,14070000.000000,1,OPTFUT,NCO,50.000000,10,False
142796,GOLD26DEC140900PE,GOLD,29DEC2026,14090000.000000,1,OPTFUT,NCO,50.000000,10,False
142810,GOLD27JAN142000PE,GOLD,29JAN2027,14200000.000000,1,OPTFUT,NCO,50.000000,10,False
157102,SILVERM26DEC326750PE,SILVERM,23DEC2026,32675000.000000,1,OPTFUT,NCO,50.000000,120,False
157109,SILVERM26DEC327750CE,SILVERM,23DEC2026,32775000.000000,1,OPTFUT,NCO,50.000000,120,False
157119,SILVERM26DEC329000CE,SILVERM,23DEC2026,32900000.000000,1,OPTFUT,NCO,50.000000,120,False
157151,SILVERM26DEC333000CE,SILVERM,23DEC2026,33300000.000000,1,OPTFUT,NCO,50.000000,120,False
142811,GOLD27JAN142100CE,GOLD,29JAN2027,14210000.000000,1,OPTFUT,NCO,50.000000,10,False
142813,GOLD27JAN142200CE,GOLD,29JAN2027,14220000.000000,1,OPTFUT,NCO,50.000000,10,False
142818,GOLD27JAN142400PE,GOLD,29JAN2027,14240000.000000,1,OPTFUT,NCO,50.000000,10,False
142833,GOLD27JAN142700CE,GOLD,29JAN2027,14270000.000000,1,OPTFUT,NCO,50.000000,10,False
157153,SILVERM26DEC333250CE,SILVERM,23DEC2026,33325000.000000,1,OPTFUT,NCO,50.000000,120,False
157157,SILVERM26DEC333750CE,SILVERM,23DEC2026,33375000.000000,1,OPTFUT,NCO,50.000000,120,False
158319,GOLD26SEP156900CE,GOLD,25SEP2026,15690000.000000,1,OPTFUT,NCO,50.000000,10,False
158325,GOLD26SEP157200CE,GOLD,25SEP2026,15720000.000000,1,OPTFUT,NCO,50.000000,10,False
142834,GOLD27JAN142700PE,GOLD,29JAN2027,14270000.000000,1,OPTFUT,NCO,50.000000,10,False
142898,GOLD27JAN143100PE,GOLD,29JAN2027,14310000.000000,1,OPTFUT,NCO,50.000000,10,False
142922,GOLD27JAN144300PE,GOLD,29JAN2027,14430000.000000,1,OPTFUT,NCO,50.000000,10,False
142925,GOLD27JAN144500CE,GOLD,29JAN2027,14450000.000000,1,OPTFUT,NCO,50.000000,10,False
158334,GOLD26SEP157600PE,GOLD,25SEP2026,15760000.000000,1,OPTFUT,NCO,50.000000,10,False
158341,GOLD26SEP158000CE,GOLD,25SEP2026,15800000.000000,1,OPTFUT,NCO,50.000000,10,False
158345,GOLD26SEP158200CE,GOLD,25SEP2026,15820000.000000,1,OPTFUT,NCO,50.000000,10,False
158346,GOLD26SEP158200PE,GOLD,25SEP2026,15820000.000000,1,OPTFUT,NCO,50.000000,10,False
142926,GOLD27JAN144500PE,GOLD,29JAN2027,14450000.000000,1,OPTFUT,NCO,50.000000,10,False
142944,GOLD27JAN145400PE,GOLD,29JAN2027,14540000.000000,1,OPTFUT,NCO,50.000000,10,False
142948,GOLD27JAN145600PE,GOLD,29JAN2027,14560000.000000,1,OPTFUT,NCO,50.000000,10,False
143298,SILVERM26SEP217500PE,SILVERM,23SEP2026,21750000.000000,1,OPTFUT,NCO,50.000000,120,False
158347,GOLD26SEP158300CE,GOLD,25SEP2026,15830000.000000,1,OPTFUT,NCO,50.000000,10,False
158354,GOLD26SEP158600PE,GOLD,25SEP2026,15860000.000000,1,OPTFUT,NCO,50.000000,10,False
158363,GOLD26SEP159100CE,GOLD,25SEP2026,15910000.000000,1,OPTFUT,NCO,50.000000,10,False
158364,GOLD26SEP159100PE,GOLD,25SEP2026,15910000.000000,1,OPTFUT,NCO,50.000000,10,False
143300,SILVERM26SEP217750PE,SILVERM,23SEP2026,21775000.000000,1,OPTFUT,NCO,50.000000,120,False
143310,SILVERM26SEP219000PE,SILVERM,23SEP2026,21900000.000000,1,OPTFUT,NCO,50.000000,120,False
143324,SILVERM26SEP220750PE,SILVERM,23SEP2026,22075000.000000,1,OPTFUT,NCO,50.000000,120,False
143336,SILVERM26SEP222250PE,SILVERM,23SEP2026,22225000.000000,1,OPTFUT,NCO,50.000000,120,False
158378,GOLD26SEP159800PE,GOLD,25SEP2026,15980000.000000,1,OPTFUT,NCO,50.000000,10,False
158386,GOLD26SEP160200PE,GOLD,25SEP2026,16020000.000000,1,OPTFUT,NCO,50.000000,10,False
158390,GOLD26SEP160400PE,GOLD,25SEP2026,16040000.000000,1,OPTFUT,NCO,50.000000,10,False
158398,GOLD26SEP160800PE,GOLD,25SEP2026,16080000.000000,1,OPTFUT,NCO,50.000000,10,False
158400,GOLD26SEP160900PE,GOLD,25SEP2026,16090000.000000,1,OPTFUT,NCO,50.000000,10,False
158416,GOLD26SEP161700PE,GOLD,25SEP2026,16170000.000000,1,OPTFUT,NCO,50.000000,10,False
143339,SILVERM26SEP222750CE,SILVERM,23SEP2026,22275000.000000,1,OPTFUT,NCO,50.000000,120,False
143344,SILVERM26SEP223250PE,SILVERM,23SEP2026,22325000.000000,1,OPTFUT,NCO,50.000000,120,False
143351,SILVERM26OCT218000CE,SILVERM,23OCT2026,21800000.000000,1,OPTFUT,NCO,50.000000,120,False
143352,SILVERM26OCT218000PE,SILVERM,23OCT2026,21800000.000000,1,OPTFUT,NCO,50.000000,120,False
158408,GOLD26SEP161300PE,GOLD,25SEP2026,16130000.000000,1,OPTFUT,NCO,50.000000,10,False
158415,GOLD26SEP161700CE,GOLD,25SEP2026,16170000.000000,1,OPTFUT,NCO,50.000000,10,False
158434,GOLD26SEP162600PE,GOLD,25SEP2026,16260000.000000,1,OPTFUT,NCO,50.000000,10,False
158438,GOLD26SEP162800PE,GOLD,25SEP2026,16280000.000000,1,OPTFUT,NCO,50.000000,10,False
158446,GOLD26OCT157100PE,GOLD,29OCT2026,15710000.000000,1,OPTFUT,NCO,50.000000,10,False
158460,GOLD26OCT157800PE,GOLD,29OCT2026,15780000.000000,1,OPTFUT,NCO,50.000000,10,False
143353,SILVERM26OCT218250CE,SILVERM,23OCT2026,21825000.000000,1,OPTFUT,NCO,50.000000,120,False
143354,SILVERM26OCT218250PE,SILVERM,23OCT2026,21825000.000000,1,OPTFUT,NCO,50.000000,120,False
143359,SILVERM26OCT219000CE,SILVERM,23OCT2026,21900000.000000,1,OPTFUT,NCO,50.000000,120,False
143362,SILVERM26OCT219250PE,SILVERM,23OCT2026,21925000.000000,1,OPTFUT,NCO,50.000000,120,False
158468,GOLD26OCT158200PE,GOLD,29OCT2026,15820000.000000,1,OPTFUT,NCO,50.000000,10,False
158493,GOLD26OCT159500CE,GOLD,29OCT2026,15950000.000000,1,OPTFUT,NCO,50.000000,10,False
158525,GOLD26OCT161100CE,GOLD,29OCT2026,16110000.000000,1,OPTFUT,NCO,50.000000,10,False
158527,GOLD26OCT161200CE,GOLD,29OCT2026,16120000.000000,1,OPTFUT,NCO,50.000000,10,False
143365,SILVERM26OCT219750CE,SILVERM,23OCT2026,21975000.000000,1,OPTFUT,NCO,50.000000,120,False
143370,SILVERM26OCT220250PE,SILVERM,23OCT2026,22025000.000000,1,OPTFUT,NCO,50.000000,120,False
143371,SILVERM26OCT220500CE,SILVERM,23OCT2026,22050000.000000,1,OPTFUT,NCO,50.000000,120,False
143382,SILVERM26OCT221750PE,SILVERM,23OCT2026,22175000.000000,1,OPTFUT,NCO,50.000000,120,False
158548,GOLD26OCT162200PE,GOLD,29OCT2026,16220000.000000,1,OPTFUT,NCO,50.000000,10,False
158555,GOLD26OCT162600CE,GOLD,29OCT2026,16260000.000000,1,OPTFUT,NCO,50.000000,10,False
158559,GOLD26OCT162800CE,GOLD,29OCT2026,16280000.000000,1,OPTFUT,NCO,50.000000,10,False
158567,GOLD26OCT163200CE,GOLD,29OCT2026,16320000.000000,1,OPTFUT,NCO,50.000000,10,False
158568,GOLD26OCT163200PE,GOLD,29OCT2026,16320000.000000,1,OPTFUT,NCO,50.000000,10,False
158570,GOLD26OCT163300PE,GOLD,29OCT2026,16330000.000000,1,OPTFUT,NCO,50.000000,10,False
158573,GOLD26OCT163500CE,GOLD,29OCT2026,16350000.000000,1,OPTFUT,NCO,50.000000,10,False
158595,GOLD26NOV158400CE,GOLD,27NOV2026,15840000.000000,1,OPTFUT,NCO,50.000000,10,False
143400,SILVERM26OCT224000PE,SILVERM,23OCT2026,22400000.000000,1,OPTFUT,NCO,50.000000,120,False
143411,SILVERM26NOV219250CE,SILVERM,23NOV2026,21925000.000000,1,OPTFUT,NCO,50.000000,120,False
143414,SILVERM26NOV219500PE,SILVERM,23NOV2026,21950000.000000,1,OPTFUT,NCO,50.000000,120,False
143429,SILVERM26NOV221500CE,SILVERM,23NOV2026,22150000.000000,1,OPTFUT,NCO,50.000000,120,False
158616,GOLD26NOV159400PE,GOLD,27NOV2026,15940000.000000,1,OPTFUT,NCO,50.000000,10,False
158618,GOLD26NOV159500PE,GOLD,27NOV2026,15950000.000000,1,OPTFUT,NCO,50.000000,10,False
158624,GOLD26NOV159800PE,GOLD,27NOV2026,15980000.000000,1,OPTFUT,NCO,50.000000,10,False
158630,GOLD26NOV160100PE,GOLD,27NOV2026,16010000.000000,1,OPTFUT,NCO,50.000000,10,False
143435,SILVERM26NOV222250CE,SILVERM,23NOV2026,22225000.000000,1,OPTFUT,NCO,50.000000,120,False
143436,SILVERM26NOV222250PE,SILVERM,23NOV2026,22225000.000000,1,OPTFUT,NCO,50.000000,120,False
143444,SILVERM26NOV223250PE,SILVERM,23NOV2026,22325000.000000,1,OPTFUT,NCO,50.000000,120,False
143454,SILVERM26NOV224500PE,SILVERM,23NOV2026,22450000.000000,1,OPTFUT,NCO,50.000000,120,False
158633,GOLD26NOV160300CE,GOLD,27NOV2026,16030000.000000,1,OPTFUT,NCO,50.000000,10,False
158639,GOLD26NOV160600CE,GOLD,27NOV2026,16060000.000000,1,OPTFUT,NCO,50.000000,10,False
158643,GOLD26NOV160800CE,GOLD,27NOV2026,16080000.000000,1,OPTFUT,NCO,50.000000,10,False
158646,GOLD26NOV160900PE,GOLD,27NOV2026,16090000.000000,1,OPTFUT,NCO,50.000000,10,False
143462,SILVERM26NOV225500PE,SILVERM,23NOV2026,22550000.000000,1,OPTFUT,NCO,50.000000,120,False
143464,SILVERM26NOV225750PE,SILVERM,23NOV2026,22575000.000000,1,OPTFUT,NCO,50.000000,120,False
143474,GOLD27JAN146000PE,GOLD,29JAN2027,14600000.000000,1,OPTFUT,NCO,50.000000,10,False
143541,GOLD27JAN147200CE,GOLD,29JAN2027,14720000.000000,1,OPTFUT,NCO,50.000000,10,False
158648,GOLD26NOV161000PE,GOLD,27NOV2026,16100000.000000,1,OPTFUT,NCO,50.000000,10,False
158650,GOLD26NOV161100PE,GOLD,27NOV2026,16110000.000000,1,OPTFUT,NCO,50.000000,10,False
158658,GOLD26NOV161500PE,GOLD,27NOV2026,16150000.000000,1,OPTFUT,NCO,50.000000,10,False
158674,GOLD26NOV162300PE,GOLD,27NOV2026,16230000.000000,1,OPTFUT,NCO,50.000000,10,False
143616,GOLD27JAN148500PE,GOLD,29JAN2027,14850000.000000,1,OPTFUT,NCO,50.000000,10,False
143618,GOLD27JAN148600PE,GOLD,29JAN2027,14860000.000000,1,OPTFUT,NCO,50.000000,10,False
143621,GOLD27JAN148800CE,GOLD,29JAN2027,14880000.000000,1,OPTFUT,NCO,50.000000,10,False
143622,GOLD27JAN148800PE,GOLD,29JAN2027,14880000.000000,1,OPTFUT,NCO,50.000000,10,False
158675,GOLD26NOV162400CE,GOLD,27NOV2026,16240000.000000,1,OPTFUT,NCO,50.000000,10,False
158680,GOLD26NOV162600PE,GOLD,27NOV2026,16260000.000000,1,OPTFUT,NCO,50.000000,10,False
158695,GOLD26NOV163400CE,GOLD,27NOV2026,16340000.000000,1,OPTFUT,NCO,50.000000,10,False
158712,GOLD26NOV164200PE,GOLD,27NOV2026,16420000.000000,1,OPTFUT,NCO,50.000000,10,False
158713,GOLD26NOV164300CE,GOLD,27NOV2026,16430000.000000,1,OPTFUT,NCO,50.000000,10,False
158715,GOLD26NOV164400CE,GOLD,27NOV2026,16440000.000000,1,OPTFUT,NCO,50.000000,10,False
158735,GOLD26DEC159200CE,GOLD,29DEC2026,15920000.000000,1,OPTFUT,NCO,50.000000,10,False
158740,GOLD26DEC159400PE,GOLD,29DEC2026,15940000.000000,1,OPTFUT,NCO,50.000000,10,False
143623,GOLD27JAN148900CE,GOLD,29JAN2027,14890000.000000,1,OPTFUT,NCO,50.000000,10,False
143645,GOLD27JAN150000CE,GOLD,29JAN2027,15000000.000000,1,OPTFUT,NCO,50.000000,10,False
143653,GOLD27JAN150400CE,GOLD,29JAN2027,15040000.000000,1,OPTFUT,NCO,50.000000,10,False
143935,GOLD26SEP143200CE,GOLD,25SEP2026,14320000.000000,1,OPTFUT,NCO,50.000000,10,False
158745,GOLD26DEC159700CE,GOLD,29DEC2026,15970000.000000,1,OPTFUT,NCO,50.000000,10,False
158757,GOLD26DEC160300CE,GOLD,29DEC2026,16030000.000000,1,OPTFUT,NCO,50.000000,10,False
158761,GOLD26DEC160500CE,GOLD,29DEC2026,16050000.000000,1,OPTFUT,NCO,50.000000,10,False
158766,GOLD26DEC160700PE,GOLD,29DEC2026,16070000.000000,1,OPTFUT,NCO,50.000000,10,False
143957,GOLD26SEP144300CE,GOLD,25SEP2026,14430000.000000,1,OPTFUT,NCO,50.000000,10,False
143970,GOLD26SEP144900PE,GOLD,25SEP2026,14490000.000000,1,OPTFUT,NCO,50.000000,10,False
143971,GOLD26OCT143400CE,GOLD,29OCT2026,14340000.000000,1,OPTFUT,NCO,50.000000,10,False
143993,GOLD26OCT144500CE,GOLD,29OCT2026,14450000.000000,1,OPTFUT,NCO,50.000000,10,False
158775,GOLD26DEC161200CE,GOLD,29DEC2026,16120000.000000,1,OPTFUT,NCO,50.000000,10,False
158790,GOLD26DEC161900PE,GOLD,29DEC2026,16190000.000000,1,OPTFUT,NCO,50.000000,10,False
158788,GOLD26DEC161800PE,GOLD,29DEC2026,16180000.000000,1,OPTFUT,NCO,50.000000,10,False
158789,GOLD26DEC161900CE,GOLD,29DEC2026,16190000.000000,1,OPTFUT,NCO,50.000000,10,False
144008,GOLD26OCT145200PE,GOLD,29OCT2026,14520000.000000,1,OPTFUT,NCO,50.000000,10,False
144020,GOLD26NOV144200PE,GOLD,27NOV2026,14420000.000000,1,OPTFUT,NCO,50.000000,10,False
144037,GOLD26NOV145100CE,GOLD,27NOV2026,14510000.000000,1,OPTFUT,NCO,50.000000,10,False
144038,GOLD26NOV145100PE,GOLD,27NOV2026,14510000.000000,1,OPTFUT,NCO,50.000000,10,False
158792,GOLD26DEC162000PE,GOLD,29DEC2026,16200000.000000,1,OPTFUT,NCO,50.000000,10,False
158797,GOLD26DEC162300CE,GOLD,29DEC2026,16230000.000000,1,OPTFUT,NCO,50.000000,10,False
158800,GOLD26DEC162400PE,GOLD,29DEC2026,16240000.000000,1,OPTFUT,NCO,50.000000,10,False
158814,GOLD26DEC163100PE,GOLD,29DEC2026,16310000.000000,1,OPTFUT,NCO,50.000000,10,False
144060,GOLD26NOV146200PE,GOLD,27NOV2026,14620000.000000,1,OPTFUT,NCO,50.000000,10,False
144120,GOLD27JAN151000PE,GOLD,29JAN2027,15100000.000000,1,OPTFUT,NCO,50.000000,10,False
144124,GOLD27JAN151200PE,GOLD,29JAN2027,15120000.000000,1,OPTFUT,NCO,50.000000,10,False
144137,GOLD27JAN151900CE,GOLD,29JAN2027,15190000.000000,1,OPTFUT,NCO,50.000000,10,False
158826,GOLD26DEC163700PE,GOLD,29DEC2026,16370000.000000,1,OPTFUT,NCO,50.000000,10,False
158838,GOLD26DEC164300PE,GOLD,29DEC2026,16430000.000000,1,OPTFUT,NCO,50.000000,10,False
158839,GOLD26DEC164400CE,GOLD,29DEC2026,16440000.000000,1,OPTFUT,NCO,50.000000,10,False
158840,GOLD26DEC164400PE,GOLD,29DEC2026,16440000.000000,1,OPTFUT,NCO,50.000000,10,False
144147,GOLD27JAN152400CE,GOLD,29JAN2027,15240000.000000,1,OPTFUT,NCO,50.000000,10,False
144153,GOLD27JAN152700CE,GOLD,29JAN2027,15270000.000000,1,OPTFUT,NCO,50.000000,10,False
144154,GOLD27JAN152700PE,GOLD,29JAN2027,15270000.000000,1,OPTFUT,NCO,50.000000,10,False
144172,GOLD27FEB142300PE,GOLD,26FEB2027,14230000.000000,1,OPTFUT,NCO,50.000000,10,False
159576,SILVERM26SEP329000PE,SILVERM,23SEP2026,32900000.000000,1,OPTFUT,NCO,50.000000,120,False
159582,SILVERM26SEP329750PE,SILVERM,23SEP2026,32975000.000000,1,OPTFUT,NCO,50.000000,120,False
159584,SILVERM26SEP330000PE,SILVERM,23SEP2026,33000000.000000,1,OPTFUT,NCO,50.000000,120,False
159585,SILVERM26SEP330250CE,SILVERM,23SEP2026,33025000.000000,1,OPTFUT,NCO,50.000000,120,False
144182,GOLD27FEB142800PE,GOLD,26FEB2027,14280000.000000,1,OPTFUT,NCO,50.000000,10,False
144191,GOLD27FEB143300CE,GOLD,26FEB2027,14330000.000000,1,OPTFUT,NCO,50.000000,10,False
144215,GOLD27FEB143500CE,GOLD,26FEB2027,14350000.000000,1,OPTFUT,NCO,50.000000,10,False
144371,SILVERM26SEP225000CE,SILVERM,23SEP2026,22500000.000000,1,OPTFUT,NCO,50.000000,120,False
159589,SILVERM26SEP330750CE,SILVERM,23SEP2026,33075000.000000,1,OPTFUT,NCO,50.000000,120,False
159604,SILVERM26SEP332500PE,SILVERM,23SEP2026,33250000.000000,1,OPTFUT,NCO,50.000000,120,False
159607,SILVERM26SEP333000CE,SILVERM,23SEP2026,33300000.000000,1,OPTFUT,NCO,50.000000,120,False
159614,SILVERM26OCT330500PE,SILVERM,23OCT2026,33050000.000000,1,OPTFUT,NCO,50.000000,120,False
144376,SILVERM26SEP225500PE,SILVERM,23SEP2026,22550000.000000,1,OPTFUT,NCO,50.000000,120,False
144382,SILVERM26SEP226250PE,SILVERM,23SEP2026,22625000.000000,1,OPTFUT,NCO,50.000000,120,False
144384,SILVERM26SEP226500PE,SILVERM,23SEP2026,22650000.000000,1,OPTFUT,NCO,50.000000,120,False
144386,SILVERM26SEP226750PE,SILVERM,23SEP2026,22675000.000000,1,OPTFUT,NCO,50.000000,120,False
144392,SILVERM26OCT225750PE,SILVERM,23OCT2026,22575000.000000,1,OPTFUT,NCO,50.000000,120,False
144408,SILVERM26OCT227750PE,SILVERM,23OCT2026,22775000.000000,1,OPTFUT,NCO,50.000000,120,False
144424,SILVERM26NOV228000PE,SILVERM,23NOV2026,22800000.000000,1,OPTFUT,NCO,50.000000,120,False
144439,GOLD27FEB144700CE,GOLD,26FEB2027,14470000.000000,1,OPTFUT,NCO,50.000000,10,False
159616,SILVERM26OCT330750PE,SILVERM,23OCT2026,33075000.000000,1,OPTFUT,NCO,50.000000,120,False
159621,SILVERM26OCT331500CE,SILVERM,23OCT2026,33150000.000000,1,OPTFUT,NCO,50.000000,120,False
159638,SILVERM26OCT333500PE,SILVERM,23OCT2026,33350000.000000,1,OPTFUT,NCO,50.000000,120,False
159650,SILVERM26OCT335000PE,SILVERM,23OCT2026,33500000.000000,1,OPTFUT,NCO,50.000000,120,False
144440,GOLD27FEB144700PE,GOLD,26FEB2027,14470000.000000,1,OPTFUT,NCO,50.000000,10,False
144443,GOLD27FEB144900CE,GOLD,26FEB2027,14490000.000000,1,OPTFUT,NCO,50.000000,10,False
144450,GOLD27FEB145200PE,GOLD,26FEB2027,14520000.000000,1,OPTFUT,NCO,50.000000,10,False
144531,GOLD27FEB146300CE,GOLD,26FEB2027,14630000.000000,1,OPTFUT,NCO,50.000000,10,False
159652,SILVERM26OCT335250PE,SILVERM,23OCT2026,33525000.000000,1,OPTFUT,NCO,50.000000,120,False
159656,SILVERM26NOV332500PE,SILVERM,23NOV2026,33250000.000000,1,OPTFUT,NCO,50.000000,120,False
159671,SILVERM26NOV334500CE,SILVERM,23NOV2026,33450000.000000,1,OPTFUT,NCO,50.000000,120,False
159688,SILVERM26NOV336500PE,SILVERM,23NOV2026,33650000.000000,1,OPTFUT,NCO,50.000000,120,False
161689,SILVERM26SEP335750CE,SILVERM,23SEP2026,33575000.000000,1,OPTFUT,NCO,50.000000,120,False
121601,GOLD27JAN168500CE,GOLD,29JAN2027,16850000.000000,1,OPTFUT,NCO,50.000000,10,False
144534,GOLD27FEB146400PE,GOLD,26FEB2027,14640000.000000,1,OPTFUT,NCO,50.000000,10,False
144551,GOLD27FEB147300CE,GOLD,26FEB2027,14730000.000000,1,OPTFUT,NCO,50.000000,10,False
144555,GOLD27FEB147500CE,GOLD,26FEB2027,14750000.000000,1,OPTFUT,NCO,50.000000,10,False
144570,GOLD27FEB148200PE,GOLD,26FEB2027,14820000.000000,1,OPTFUT,NCO,50.000000,10,False
159694,SILVERM26DEC334000PE,SILVERM,23DEC2026,33400000.000000,1,OPTFUT,NCO,50.000000,120,False
159717,SILVERM26DEC337000CE,SILVERM,23DEC2026,33700000.000000,1,OPTFUT,NCO,50.000000,120,False
159726,SILVERM26DEC338000PE,SILVERM,23DEC2026,33800000.000000,1,OPTFUT,NCO,50.000000,120,False
121609,SILVER26DEC199500CE,SILVER,01DEC2026,19950000.000000,1,OPTBLN,NCO,50.000000,20,False
121618,SILVER26DEC199750CE,SILVER,01DEC2026,19975000.000000,1,OPTBLN,NCO,50.000000,20,False
121621,SILVER26DEC200000CE,SILVER,01DEC2026,20000000.000000,1,OPTBLN,NCO,50.000000,20,False
121634,GOLD27JAN169100PE,GOLD,29JAN2027,16910000.000000,1,OPTFUT,NCO,50.000000,10,False
144575,GOLD27FEB148500CE,GOLD,26FEB2027,14850000.000000,1,OPTFUT,NCO,50.000000,10,False
144576,GOLD27FEB148500PE,GOLD,26FEB2027,14850000.000000,1,OPTFUT,NCO,50.000000,10,False
144770,GOLD26OCT146200PE,GOLD,29OCT2026,14620000.000000,1,OPTFUT,NCO,50.000000,10,False
144771,GOLD26OCT146300CE,GOLD,29OCT2026,14630000.000000,1,OPTFUT,NCO,50.000000,10,False
161702,SILVERM26SEP337250PE,SILVERM,23SEP2026,33725000.000000,1,OPTFUT,NCO,50.000000,120,False
161704,SILVERM26SEP337500PE,SILVERM,23SEP2026,33750000.000000,1,OPTFUT,NCO,50.000000,120,False
161706,SILVERM26SEP337750PE,SILVERM,23SEP2026,33775000.000000,1,OPTFUT,NCO,50.000000,120,False
161716,SILVERM26SEP339000PE,SILVERM,23SEP2026,33900000.000000,1,OPTFUT,NCO,50.000000,120,False
161774,SILVERM26SEP346250PE,SILVERM,23SEP2026,34625000.000000,1,OPTFUT,NCO,50.000000,120,False
121646,ZINC26SEPFUT,ZINC,30SEP2026,-1.000000,1,FUTBAS,NCO,5.000000,20,False
121667,GOLD27JAN168800CE,GOLD,29JAN2027,16880000.000000,1,OPTFUT,NCO,50.000000,10,False
121670,SILVER27MAR207250CE,SILVER,02MAR2027,20725000.000000,1,OPTBLN,NCO,50.000000,20,False
121678,SILVER27MAR204000PE,SILVER,02MAR2027,20400000.000000,1,OPTBLN,NCO,50.000000,20,False
144774,GOLD26OCT146400PE,GOLD,29OCT2026,14640000.000000,1,OPTFUT,NCO,50.000000,10,False
144775,GOLD26OCT146500CE,GOLD,29OCT2026,14650000.000000,1,OPTFUT,NCO,50.000000,10,False
144776,GOLD26OCT146500PE,GOLD,29OCT2026,14650000.000000,1,OPTFUT,NCO,50.000000,10,False
144781,GOLD26OCT146800CE,GOLD,29OCT2026,14680000.000000,1,OPTFUT,NCO,50.000000,10,False
161722,SILVERM26SEP339750PE,SILVERM,23SEP2026,33975000.000000,1,OPTFUT,NCO,50.000000,120,False
161736,SILVERM26SEP341500PE,SILVERM,23SEP2026,34150000.000000,1,OPTFUT,NCO,50.000000,120,False
161744,SILVERM26SEP342500PE,SILVERM,23SEP2026,34250000.000000,1,OPTFUT,NCO,50.000000,120,False
161776,SILVERM26SEP346500PE,SILVERM,23SEP2026,34650000.000000,1,OPTFUT,NCO,50.000000,120,False
161778,SILVERM26SEP346750PE,SILVERM,23SEP2026,34675000.000000,1,OPTFUT,NCO,50.000000,120,False
161788,SILVERM26SEP348000PE,SILVERM,23SEP2026,34800000.000000,1,OPTFUT,NCO,50.000000,120,False
161804,SILVERM26SEP350000PE,SILVERM,23SEP2026,35000000.000000,1,OPTFUT,NCO,50.000000,120,False
121679,SILVER27MAR204250CE,SILVER,02MAR2027,20425000.000000,1,OPTBLN,NCO,50.000000,20,False
121701,GOLD27JAN170100PE,GOLD,29JAN2027,17010000.000000,1,OPTFUT,NCO,50.000000,10,False
121713,GOLD27JAN170500PE,GOLD,29JAN2027,17050000.000000,1,OPTFUT,NCO,50.000000,10,False
121717,SILVERM27JUN231500PE,SILVERM,23JUN2027,23150000.000000,1,OPTFUT,NCO,50.000000,120,False
144797,GOLD26NOV146900CE,GOLD,27NOV2026,14690000.000000,1,OPTFUT,NCO,50.000000,10,False
144799,GOLD26NOV147000CE,GOLD,27NOV2026,14700000.000000,1,OPTFUT,NCO,50.000000,10,False
144800,GOLD26NOV147000PE,GOLD,27NOV2026,14700000.000000,1,OPTFUT,NCO,50.000000,10,False
144808,GOLD26NOV147400PE,GOLD,27NOV2026,14740000.000000,1,OPTFUT,NCO,50.000000,10,False
161814,SILVERM26SEP351250PE,SILVERM,23SEP2026,35125000.000000,1,OPTFUT,NCO,50.000000,120,False
161815,SILVERM26SEP351500CE,SILVERM,23SEP2026,35150000.000000,1,OPTFUT,NCO,50.000000,120,False
161819,SILVERM26SEP352000CE,SILVERM,23SEP2026,35200000.000000,1,OPTFUT,NCO,50.000000,120,False
161821,SILVERM26SEP352250CE,SILVERM,23SEP2026,35225000.000000,1,OPTFUT,NCO,50.000000,120,False
121724,SILVERM27JUN232000CE,SILVERM,23JUN2027,23200000.000000,1,OPTFUT,NCO,50.000000,120,False
121728,COPPER26SEP1420PE,COPPER,23SEP2026,142000.000000,1,OPTFUT,NCO,1.000000,70,False
121732,SILVER27MAR205750CE,SILVER,02MAR2027,20575000.000000,1,OPTBLN,NCO,50.000000,20,False
121734,SILVER27MAR206000CE,SILVER,02MAR2027,20600000.000000,1,OPTBLN,NCO,50.000000,20,False
144815,GOLD26NOV147800CE,GOLD,27NOV2026,14780000.000000,1,OPTFUT,NCO,50.000000,10,False
144819,GOLD26NOV148000CE,GOLD,27NOV2026,14800000.000000,1,OPTFUT,NCO,50.000000,10,False
144847,GOLD27FEB148600CE,GOLD,26FEB2027,14860000.000000,1,OPTFUT,NCO,50.000000,10,False
144855,GOLD27FEB149000CE,GOLD,26FEB2027,14900000.000000,1,OPTFUT,NCO,50.000000,10,False
161825,SILVERM26SEP352750CE,SILVERM,23SEP2026,35275000.000000,1,OPTFUT,NCO,50.000000,120,False
161831,SILVERM26SEP353500CE,SILVERM,23SEP2026,35350000.000000,1,OPTFUT,NCO,50.000000,120,False
161835,SILVERM26SEP354000CE,SILVERM,23SEP2026,35400000.000000,1,OPTFUT,NCO,50.000000,120,False
161841,SILVERM26SEP354750CE,SILVERM,23SEP2026,35475000.000000,1,OPTFUT,NCO,50.000000,120,False
161843,SILVERM26SEP355000CE,SILVERM,23SEP2026,35500000.000000,1,OPTFUT,NCO,50.000000,120,False
161852,SILVERM26SEP356000PE,SILVERM,23SEP2026,35600000.000000,1,OPTFUT,NCO,50.000000,120,False
161868,SILVERM26SEP358000PE,SILVERM,23SEP2026,35800000.000000,1,OPTFUT,NCO,50.000000,120,False
161879,SILVERM26SEP359500CE,SILVERM,23SEP2026,35950000.000000,1,OPTFUT,NCO,50.000000,120,False
121736,SILVER27MAR206250CE,SILVER,02MAR2027,20625000.000000,1,OPTBLN,NCO,50.000000,20,False
121740,SILVERM27JUN232250PE,SILVERM,23JUN2027,23225000.000000,1,OPTFUT,NCO,50.000000,120,False
121741,SILVER27MAR206750CE,SILVER,02MAR2027,20675000.000000,1,OPTBLN,NCO,50.000000,20,False
121754,COPPER26DEC1465CE,COPPER,23DEC2026,146500.000000,1,OPTFUT,NCO,1.000000,70,False
144861,GOLD27FEB149300CE,GOLD,26FEB2027,14930000.000000,1,OPTFUT,NCO,50.000000,10,False
145039,GOLD27FEB151200CE,GOLD,26FEB2027,15120000.000000,1,OPTFUT,NCO,50.000000,10,False
145047,GOLD27FEB151600CE,GOLD,26FEB2027,15160000.000000,1,OPTFUT,NCO,50.000000,10,False
145052,GOLD27FEB151800PE,GOLD,26FEB2027,15180000.000000,1,OPTFUT,NCO,50.000000,10,False
145054,GOLD27FEB151900PE,GOLD,26FEB2027,15190000.000000,1,OPTFUT,NCO,50.000000,10,False
145058,GOLD27FEB152100PE,GOLD,26FEB2027,15210000.000000,1,OPTFUT,NCO,50.000000,10,False
145061,GOLD27FEB152300CE,GOLD,26FEB2027,15230000.000000,1,OPTFUT,NCO,50.000000,10,False
145062,GOLD27FEB152300PE,GOLD,26FEB2027,15230000.000000,1,OPTFUT,NCO,50.000000,10,False
161881,SILVERM26SEP359750CE,SILVERM,23SEP2026,35975000.000000,1,OPTFUT,NCO,50.000000,120,False
161882,SILVERM26SEP359750PE,SILVERM,23SEP2026,35975000.000000,1,OPTFUT,NCO,50.000000,120,False
161885,SILVERM26SEP360250CE,SILVERM,23SEP2026,36025000.000000,1,OPTFUT,NCO,50.000000,120,False
161890,SILVERM26SEP360750PE,SILVERM,23SEP2026,36075000.000000,1,OPTFUT,NCO,50.000000,120,False
121769,SILVERM27AUG235750CE,SILVERM,24AUG2027,23575000.000000,1,OPTFUT,NCO,50.000000,120,False
121778,SILVERM27AUG236250PE,SILVERM,24AUG2027,23625000.000000,1,OPTFUT,NCO,50.000000,120,False
121799,COPPER26OCT1345CE,COPPER,23OCT2026,134500.000000,1,OPTFUT,NCO,1.000000,70,False
121823,SILVER26DEC252000PE,SILVER,01DEC2026,25200000.000000,1,OPTBLN,NCO,50.000000,20,False
161896,SILVERM26SEP361500PE,SILVERM,23SEP2026,36150000.000000,1,OPTFUT,NCO,50.000000,120,False
161899,SILVERM26SEP362000CE,SILVERM,23SEP2026,36200000.000000,1,OPTFUT,NCO,50.000000,120,False
161906,SILVERM26SEP362750PE,SILVERM,23SEP2026,36275000.000000,1,OPTFUT,NCO,50.000000,120,False
161910,SILVERM26SEP363250PE,SILVERM,23SEP2026,36325000.000000,1,OPTFUT,NCO,50.000000,120,False
145063,GOLD27FEB152400CE,GOLD,26FEB2027,15240000.000000,1,OPTFUT,NCO,50.000000,10,False
145067,GOLD27FEB152600CE,GOLD,26FEB2027,15260000.000000,1,OPTFUT,NCO,50.000000,10,False
145077,GOLD27FEB153100CE,GOLD,26FEB2027,15310000.000000,1,OPTFUT,NCO,50.000000,10,False
145078,GOLD27FEB153100PE,GOLD,26FEB2027,15310000.000000,1,OPTFUT,NCO,50.000000,10,False
121827,ZINC26SEP442.5CE,ZINC,23SEP2026,44250.000000,1,OPTFUT,NCO,1.000000,20,False
121837,SILVERM27AUG237750PE,SILVERM,24AUG2027,23775000.000000,1,OPTFUT,NCO,50.000000,120,False
121855,SILVER26DEC252500CE,SILVER,01DEC2026,25250000.000000,1,OPTBLN,NCO,50.000000,20,False
121869,SILVERM27AUG239500CE,SILVERM,24AUG2027,23950000.000000,1,OPTFUT,NCO,50.000000,120,False
161914,SILVERM26SEP363750PE,SILVERM,23SEP2026,36375000.000000,1,OPTFUT,NCO,50.000000,120,False
161920,SILVERM26SEP364500PE,SILVERM,23SEP2026,36450000.000000,1,OPTFUT,NCO,50.000000,120,False
161928,SILVERM26SEP365500PE,SILVERM,23SEP2026,36550000.000000,1,OPTFUT,NCO,50.000000,120,False
161946,SILVERM26OCT338750PE,SILVERM,23OCT2026,33875000.000000,1,OPTFUT,NCO,50.000000,120,False
121880,SILVER26DEC253750PE,SILVER,01DEC2026,25375000.000000,1,OPTBLN,NCO,50.000000,20,False
121885,ZINC26NOV447.5PE,ZINC,23NOV2026,44750.000000,1,OPTFUT,NCO,1.000000,20,False
121888,SILVERM27JAN250250CE,SILVERM,21JAN2027,25025000.000000,1,OPTFUT,NCO,50.000000,120,False
121897,NATURALGAS26OCT355CE,NATURALGAS,21OCT2026,35500.000000,1,OPTFUT,NCO,5.000000,48,False
145079,GOLD27FEB153200CE,GOLD,26FEB2027,15320000.000000,1,OPTFUT,NCO,50.000000,10,False
145087,GOLD27FEB153600CE,GOLD,26FEB2027,15360000.000000,1,OPTFUT,NCO,50.000000,10,False
145095,GOLD27FEB154000CE,GOLD,26FEB2027,15400000.000000,1,OPTFUT,NCO,50.000000,10,False
145096,GOLD27FEB154000PE,GOLD,26FEB2027,15400000.000000,1,OPTFUT,NCO,50.000000,10,False
161951,SILVERM26OCT339500CE,SILVERM,23OCT2026,33950000.000000,1,OPTFUT,NCO,50.000000,120,False
161953,SILVERM26OCT339750CE,SILVERM,23OCT2026,33975000.000000,1,OPTFUT,NCO,50.000000,120,False
161965,SILVERM26OCT341250CE,SILVERM,23OCT2026,34125000.000000,1,OPTFUT,NCO,50.000000,120,False
161966,SILVERM26OCT341250PE,SILVERM,23OCT2026,34125000.000000,1,OPTFUT,NCO,50.000000,120,False
121905,SILVER26DEC254000PE,SILVER,01DEC2026,25400000.000000,1,OPTBLN,NCO,50.000000,20,False
121906,SILVERM27MAY286000PE,SILVERM,24MAY2027,28600000.000000,1,OPTFUT,NCO,50.000000,120,False
121909,SILVER26DEC254250CE,SILVER,01DEC2026,25425000.000000,1,OPTBLN,NCO,50.000000,20,False
121943,SILVER27MAR257000PE,SILVER,02MAR2027,25700000.000000,1,OPTBLN,NCO,50.000000,20,False
145100,GOLD27FEB154200PE,GOLD,26FEB2027,15420000.000000,1,OPTFUT,NCO,50.000000,10,False
145602,SILVERM26SEP236250PE,SILVERM,23SEP2026,23625000.000000,1,OPTFUT,NCO,50.000000,120,False
145609,SILVERM26SEP237250CE,SILVERM,23SEP2026,23725000.000000,1,OPTFUT,NCO,50.000000,120,False
145621,SILVERM26SEP238750CE,SILVERM,23SEP2026,23875000.000000,1,OPTFUT,NCO,50.000000,120,False
161968,SILVERM26OCT341500PE,SILVERM,23OCT2026,34150000.000000,1,OPTFUT,NCO,50.000000,120,False
161991,SILVERM26OCT344500CE,SILVERM,23OCT2026,34450000.000000,1,OPTFUT,NCO,50.000000,120,False
161997,SILVERM26OCT345250CE,SILVERM,23OCT2026,34525000.000000,1,OPTFUT,NCO,50.000000,120,False
162006,SILVERM26OCT346250PE,SILVERM,23OCT2026,34625000.000000,1,OPTFUT,NCO,50.000000,120,False
121946,GOLD27SEPFUT,GOLD,03SEP2027,-1.000000,1,FUTBLN,NCO,100.000000,10,False
121958,SILVERM27JUN248500PE,SILVERM,23JUN2027,24850000.000000,1,OPTFUT,NCO,50.000000,120,False
121960,SILVERM27JUN248750PE,SILVERM,23JUN2027,24875000.000000,1,OPTFUT,NCO,50.000000,120,False
121963,GOLD27AUG159800CE,GOLD,27AUG2027,15980000.000000,1,OPTFUT,NCO,50.000000,10,False
162022,SILVERM26OCT348250PE,SILVERM,23OCT2026,34825000.000000,1,OPTFUT,NCO,50.000000,120,False
162033,SILVERM26OCT349750CE,SILVERM,23OCT2026,34975000.000000,1,OPTFUT,NCO,50.000000,120,False
162048,SILVERM26OCT351500PE,SILVERM,23OCT2026,35150000.000000,1,OPTFUT,NCO,50.000000,120,False
162065,SILVERM26OCT353750CE,SILVERM,23OCT2026,35375000.000000,1,OPTFUT,NCO,50.000000,120,False
145646,SILVERM26SEP241750PE,SILVERM,23SEP2026,24175000.000000,1,OPTFUT,NCO,50.000000,120,False
145664,SILVERM26SEP244000PE,SILVERM,23SEP2026,24400000.000000,1,OPTFUT,NCO,50.000000,120,False
145684,SILVERM26OCT237750PE,SILVERM,23OCT2026,23775000.000000,1,OPTFUT,NCO,50.000000,120,False
145713,SILVERM26OCT241500CE,SILVERM,23OCT2026,24150000.000000,1,OPTFUT,NCO,50.000000,120,False
121970,GOLD27AUG159900CE,GOLD,27AUG2027,15990000.000000,1,OPTFUT,NCO,50.000000,10,False
121977,SILVERM27JUN250000PE,SILVERM,23JUN2027,25000000.000000,1,OPTFUT,NCO,50.000000,120,False
121991,SILVERM26SEP143750CE,SILVERM,23SEP2026,14375000.000000,1,OPTFUT,NCO,50.000000,120,False
121993,NATGASMINI26OCTFUT,NATGASMINI,27OCT2026,-1.000000,1,FUTENR,NCO,10.000000,240,False
162071,SILVERM26OCT354500CE,SILVERM,23OCT2026,35450000.000000,1,OPTFUT,NCO,50.000000,120,False
162084,SILVERM26OCT356000PE,SILVERM,23OCT2026,35600000.000000,1,OPTFUT,NCO,50.000000,120,False
162087,SILVERM26OCT356500CE,SILVERM,23OCT2026,35650000.000000,1,OPTFUT,NCO,50.000000,120,False
162099,SILVERM26OCT358000CE,SILVERM,23OCT2026,35800000.000000,1,OPTFUT,NCO,50.000000,120,False
121994,NATURALGAS26OCTFUT,NATURALGAS,27OCT2026,-1.000000,1,FUTENR,NCO,10.000000,48,False
122027,SILVER27JULFUT,SILVER,05JUL2027,-1.000000,1,FUTBLN,NCO,100.000000,20,False
122043,SILVER26DEC255000CE,SILVER,01DEC2026,25500000.000000,1,OPTBLN,NCO,50.000000,20,False
122059,COPPER26SEP1440CE,COPPER,23SEP2026,144000.000000,1,OPTFUT,NCO,1.000000,70,False
145733,SILVERM26OCT244000CE,SILVERM,23OCT2026,24400000.000000,1,OPTFUT,NCO,50.000000,120,False
145745,SILVERM26OCT245500CE,SILVERM,23OCT2026,24550000.000000,1,OPTFUT,NCO,50.000000,120,False
145751,SILVERM26OCT246250CE,SILVERM,23OCT2026,24625000.000000,1,OPTFUT,NCO,50.000000,120,False
145757,SILVERM26NOV238000CE,SILVERM,23NOV2026,23800000.000000,1,OPTFUT,NCO,50.000000,120,False
162107,SILVERM26OCT359000CE,SILVERM,23OCT2026,35900000.000000,1,OPTFUT,NCO,50.000000,120,False
162113,SILVERM26OCT359750CE,SILVERM,23OCT2026,35975000.000000,1,OPTFUT,NCO,50.000000,120,False
162127,SILVERM26OCT361500CE,SILVERM,23OCT2026,36150000.000000,1,OPTFUT,NCO,50.000000,120,False
162133,SILVERM26OCT362250CE,SILVERM,23OCT2026,36225000.000000,1,OPTFUT,NCO,50.000000,120,False
122063,GOLD27AUG160300PE,GOLD,27AUG2027,16030000.000000,1,OPTFUT,NCO,50.000000,10,False
122078,SILVERM27MAY286750CE,SILVERM,24MAY2027,28675000.000000,1,OPTFUT,NCO,50.000000,120,False
122084,SILVERM27JAN252250PE,SILVERM,21JAN2027,25225000.000000,1,OPTFUT,NCO,50.000000,120,False
122086,GOLD27JUN162200CE,GOLD,28JUN2027,16220000.000000,1,OPTFUT,NCO,50.000000,10,False
162140,SILVERM26OCT363000PE,SILVERM,23OCT2026,36300000.000000,1,OPTFUT,NCO,50.000000,120,False
162144,SILVERM26OCT363500PE,SILVERM,23OCT2026,36350000.000000,1,OPTFUT,NCO,50.000000,120,False
162154,SILVERM26OCT364750PE,SILVERM,23OCT2026,36475000.000000,1,OPTFUT,NCO,50.000000,120,False
162157,SILVERM26OCT365250CE,SILVERM,23OCT2026,36525000.000000,1,OPTFUT,NCO,50.000000,120,False
145766,SILVERM26NOV239000PE,SILVERM,23NOV2026,23900000.000000,1,OPTFUT,NCO,50.000000,120,False
145800,SILVERM26NOV243250PE,SILVERM,23NOV2026,24325000.000000,1,OPTFUT,NCO,50.000000,120,False
145804,SILVERM26NOV243750PE,SILVERM,23NOV2026,24375000.000000,1,OPTFUT,NCO,50.000000,120,False
146204,SILVERM26SEP246000PE,SILVERM,23SEP2026,24600000.000000,1,OPTFUT,NCO,50.000000,120,False
122089,GOLD27JUN162200PE,GOLD,28JUN2027,16220000.000000,1,OPTFUT,NCO,50.000000,10,False
122092,GOLD27AUG160600CE,GOLD,27AUG2027,16060000.000000,1,OPTFUT,NCO,50.000000,10,False
122106,SILVERM27JAN252500PE,SILVERM,21JAN2027,25250000.000000,1,OPTFUT,NCO,50.000000,120,False
122107,GOLD27JUN162300PE,GOLD,28JUN2027,16230000.000000,1,OPTFUT,NCO,50.000000,10,False
162161,SILVERM26OCT365750CE,SILVERM,23OCT2026,36575000.000000,1,OPTFUT,NCO,50.000000,120,False
162179,SILVERM26NOV339000CE,SILVERM,23NOV2026,33900000.000000,1,OPTFUT,NCO,50.000000,120,False
162187,SILVERM26NOV340000CE,SILVERM,23NOV2026,34000000.000000,1,OPTFUT,NCO,50.000000,120,False
162190,SILVERM26NOV340250PE,SILVERM,23NOV2026,34025000.000000,1,OPTFUT,NCO,50.000000,120,False
146209,SILVERM26SEP246750CE,SILVERM,23SEP2026,24675000.000000,1,OPTFUT,NCO,50.000000,120,False
146221,SILVERM26SEP248250CE,SILVERM,23SEP2026,24825000.000000,1,OPTFUT,NCO,50.000000,120,False
146226,SILVERM26SEP248750PE,SILVERM,23SEP2026,24875000.000000,1,OPTFUT,NCO,50.000000,120,False
146233,SILVERM26SEP249750CE,SILVERM,23SEP2026,24975000.000000,1,OPTFUT,NCO,50.000000,120,False
162201,SILVERM26NOV341750CE,SILVERM,23NOV2026,34175000.000000,1,OPTFUT,NCO,50.000000,120,False
162209,SILVERM26NOV342750CE,SILVERM,23NOV2026,34275000.000000,1,OPTFUT,NCO,50.000000,120,False
162215,SILVERM26NOV343500CE,SILVERM,23NOV2026,34350000.000000,1,OPTFUT,NCO,50.000000,120,False
162218,SILVERM26NOV343750PE,SILVERM,23NOV2026,34375000.000000,1,OPTFUT,NCO,50.000000,120,False
122121,SILVERM26NOV169500CE,SILVERM,23NOV2026,16950000.000000,1,OPTFUT,NCO,50.000000,120,False
122129,SILVERM26NOV170000CE,SILVERM,23NOV2026,17000000.000000,1,OPTFUT,NCO,50.000000,120,False
122132,SILVERM26NOV170250PE,SILVERM,23NOV2026,17025000.000000,1,OPTFUT,NCO,50.000000,120,False
122154,SILVERM26NOV171250CE,SILVERM,23NOV2026,17125000.000000,1,OPTFUT,NCO,50.000000,120,False
146240,SILVERM26OCT247000PE,SILVERM,23OCT2026,24700000.000000,1,OPTFUT,NCO,50.000000,120,False
146256,SILVERM26OCT249000PE,SILVERM,23OCT2026,24900000.000000,1,OPTFUT,NCO,50.000000,120,False
146264,SILVERM26OCT250000PE,SILVERM,23OCT2026,25000000.000000,1,OPTFUT,NCO,50.000000,120,False
146265,SILVERM26OCT250250CE,SILVERM,23OCT2026,25025000.000000,1,OPTFUT,NCO,50.000000,120,False
162233,SILVERM26NOV345750CE,SILVERM,23NOV2026,34575000.000000,1,OPTFUT,NCO,50.000000,120,False
162234,SILVERM26NOV345750PE,SILVERM,23NOV2026,34575000.000000,1,OPTFUT,NCO,50.000000,120,False
162235,SILVERM26NOV346000CE,SILVERM,23NOV2026,34600000.000000,1,OPTFUT,NCO,50.000000,120,False
162239,SILVERM26NOV346500CE,SILVERM,23NOV2026,34650000.000000,1,OPTFUT,NCO,50.000000,120,False
146280,SILVERM26NOV248500PE,SILVERM,23NOV2026,24850000.000000,1,OPTFUT,NCO,50.000000,120,False
146303,SILVERM26NOV251500CE,SILVERM,23NOV2026,25150000.000000,1,OPTFUT,NCO,50.000000,120,False
146308,SILVERM26NOV252000PE,SILVERM,23NOV2026,25200000.000000,1,OPTFUT,NCO,50.000000,120,False
146310,SILVERM26NOV252250PE,SILVERM,23NOV2026,25225000.000000,1,OPTFUT,NCO,50.000000,120,False
122171,GOLD27JUN152300CE,GOLD,28JUN2027,15230000.000000,1,OPTFUT,NCO,50.000000,10,False
122173,GOLD27JUN152400CE,GOLD,28JUN2027,15240000.000000,1,OPTFUT,NCO,50.000000,10,False
122179,NATURALGAS26NOV205CE,NATURALGAS,18NOV2026,20500.000000,1,OPTFUT,NCO,5.000000,48,False
122197,SILVER26DEC264750PE,SILVER,01DEC2026,26475000.000000,1,OPTBLN,NCO,50.000000,20,False
162246,SILVERM26NOV347250PE,SILVERM,23NOV2026,34725000.000000,1,OPTFUT,NCO,50.000000,120,False
162271,SILVERM26NOV350500CE,SILVERM,23NOV2026,35050000.000000,1,OPTFUT,NCO,50.000000,120,False
162272,SILVERM26NOV350500PE,SILVERM,23NOV2026,35050000.000000,1,OPTFUT,NCO,50.000000,120,False
162285,SILVERM26NOV352250CE,SILVERM,23NOV2026,35225000.000000,1,OPTFUT,NCO,50.000000,120,False
146384,SILVERM26SEP255250PE,SILVERM,23SEP2026,25525000.000000,1,OPTFUT,NCO,50.000000,120,False
146390,SILVERM26SEP256000PE,SILVERM,23SEP2026,25600000.000000,1,OPTFUT,NCO,50.000000,120,False
146399,SILVERM26SEP257250CE,SILVERM,23SEP2026,25725000.000000,1,OPTFUT,NCO,50.000000,120,False
146420,SILVERM26OCT257250PE,SILVERM,23OCT2026,25725000.000000,1,OPTFUT,NCO,50.000000,120,False
122201,SILVERM27MAY287250CE,SILVERM,24MAY2027,28725000.000000,1,OPTFUT,NCO,50.000000,120,False
122202,SILVERM26NOV172750PE,SILVERM,23NOV2026,17275000.000000,1,OPTFUT,NCO,50.000000,120,False
122208,SILVERM26NOV173500PE,SILVERM,23NOV2026,17350000.000000,1,OPTFUT,NCO,50.000000,120,False
122229,GOLD27JUN152600PE,GOLD,28JUN2027,15260000.000000,1,OPTFUT,NCO,50.000000,10,False
162292,SILVERM26NOV353000PE,SILVERM,23NOV2026,35300000.000000,1,OPTFUT,NCO,50.000000,120,False
162302,SILVERM26NOV354250PE,SILVERM,23NOV2026,35425000.000000,1,OPTFUT,NCO,50.000000,120,False
162318,SILVERM26NOV356250PE,SILVERM,23NOV2026,35625000.000000,1,OPTFUT,NCO,50.000000,120,False
162345,SILVERM26NOV359750CE,SILVERM,23NOV2026,35975000.000000,1,OPTFUT,NCO,50.000000,120,False
146445,SILVERM26NOV258250CE,SILVERM,23NOV2026,25825000.000000,1,OPTFUT,NCO,50.000000,120,False
146455,SILVERM26NOV259500CE,SILVERM,23NOV2026,25950000.000000,1,OPTFUT,NCO,50.000000,120,False
146460,SILVERM26NOV260000PE,SILVERM,23NOV2026,26000000.000000,1,OPTFUT,NCO,50.000000,120,False
146476,SILVERM26DEC259750PE,SILVERM,23DEC2026,25975000.000000,1,OPTFUT,NCO,50.000000,120,False
162346,SILVERM26NOV359750PE,SILVERM,23NOV2026,35975000.000000,1,OPTFUT,NCO,50.000000,120,False
162348,SILVERM26NOV360000PE,SILVERM,23NOV2026,36000000.000000,1,OPTFUT,NCO,50.000000,120,False
162353,SILVERM26NOV360750CE,SILVERM,23NOV2026,36075000.000000,1,OPTFUT,NCO,50.000000,120,False
162358,SILVERM26NOV361250PE,SILVERM,23NOV2026,36125000.000000,1,OPTFUT,NCO,50.000000,120,False
122238,NATURALGAS26SEP235PE,NATURALGAS,21SEP2026,23500.000000,1,OPTFUT,NCO,5.000000,48,False
122245,NATURALGAS26NOV245CE,NATURALGAS,18NOV2026,24500.000000,1,OPTFUT,NCO,5.000000,48,False
122248,NATURALGAS26NOV250PE,NATURALGAS,18NOV2026,25000.000000,1,OPTFUT,NCO,5.000000,48,False
122250,SILVERM26NOV175500CE,SILVERM,23NOV2026,17550000.000000,1,OPTFUT,NCO,50.000000,120,False
146493,SILVERM26DEC262000CE,SILVERM,23DEC2026,26200000.000000,1,OPTFUT,NCO,50.000000,120,False
146935,SILVERM26SEP259250CE,SILVERM,23SEP2026,25925000.000000,1,OPTFUT,NCO,50.000000,120,False
146941,SILVERM26SEP260000CE,SILVERM,23SEP2026,26000000.000000,1,OPTFUT,NCO,50.000000,120,False
146946,SILVERM26SEP260500PE,SILVERM,23SEP2026,26050000.000000,1,OPTFUT,NCO,50.000000,120,False
162373,SILVERM26NOV363250CE,SILVERM,23NOV2026,36325000.000000,1,OPTFUT,NCO,50.000000,120,False
162380,SILVERM26NOV364000PE,SILVERM,23NOV2026,36400000.000000,1,OPTFUT,NCO,50.000000,120,False
162386,SILVERM26NOV364750PE,SILVERM,23NOV2026,36475000.000000,1,OPTFUT,NCO,50.000000,120,False
162391,SILVERM26NOV365500CE,SILVERM,23NOV2026,36550000.000000,1,OPTFUT,NCO,50.000000,120,False
122264,GOLD27AUG161300CE,GOLD,27AUG2027,16130000.000000,1,OPTFUT,NCO,50.000000,10,False
122266,SILVERM26NOV176000CE,SILVERM,23NOV2026,17600000.000000,1,OPTFUT,NCO,50.000000,120,False
122267,SILVERM26NOV176000PE,SILVERM,23NOV2026,17600000.000000,1,OPTFUT,NCO,50.000000,120,False
122270,SILVERM27APR249000CE,SILVERM,23APR2027,24900000.000000,1,OPTFUT,NCO,50.000000,120,False
146965,SILVERM26SEP263000CE,SILVERM,23SEP2026,26300000.000000,1,OPTFUT,NCO,50.000000,120,False
146969,SILVERM26SEP263500CE,SILVERM,23SEP2026,26350000.000000,1,OPTFUT,NCO,50.000000,120,False
146970,SILVERM26SEP263500PE,SILVERM,23SEP2026,26350000.000000,1,OPTFUT,NCO,50.000000,120,False
146988,SILVERM26OCT262250PE,SILVERM,23OCT2026,26225000.000000,1,OPTFUT,NCO,50.000000,120,False
162400,SILVERM26NOV366500PE,SILVERM,23NOV2026,36650000.000000,1,OPTFUT,NCO,50.000000,120,False
162419,SILVERM26NOV369000CE,SILVERM,23NOV2026,36900000.000000,1,OPTFUT,NCO,50.000000,120,False
162438,SILVERM26DEC342000PE,SILVERM,23DEC2026,34200000.000000,1,OPTFUT,NCO,50.000000,120,False
162442,SILVERM26DEC342500PE,SILVERM,23DEC2026,34250000.000000,1,OPTFUT,NCO,50.000000,120,False
147001,SILVERM26OCT264000CE,SILVERM,23OCT2026,26400000.000000,1,OPTFUT,NCO,50.000000,120,False
147002,SILVERM26OCT264000PE,SILVERM,23OCT2026,26400000.000000,1,OPTFUT,NCO,50.000000,120,False
147006,SILVERM26OCT264500PE,SILVERM,23OCT2026,26450000.000000,1,OPTFUT,NCO,50.000000,120,False
147008,SILVERM26OCT264750PE,SILVERM,23OCT2026,26475000.000000,1,OPTFUT,NCO,50.000000,120,False
122271,SILVERM27APR249000PE,SILVERM,23APR2027,24900000.000000,1,OPTFUT,NCO,50.000000,120,False
122274,SILVERM27APR249500CE,SILVERM,23APR2027,24950000.000000,1,OPTFUT,NCO,50.000000,120,False
122284,SILVERM27APR249750PE,SILVERM,23APR2027,24975000.000000,1,OPTFUT,NCO,50.000000,120,False
122290,SILVERM26NOV176750CE,SILVERM,23NOV2026,17675000.000000,1,OPTFUT,NCO,50.000000,120,False
162448,SILVERM26DEC343250PE,SILVERM,23DEC2026,34325000.000000,1,OPTFUT,NCO,50.000000,120,False
162453,SILVERM26DEC344000CE,SILVERM,23DEC2026,34400000.000000,1,OPTFUT,NCO,50.000000,120,False
162459,SILVERM26DEC344750CE,SILVERM,23DEC2026,34475000.000000,1,OPTFUT,NCO,50.000000,120,False
162472,SILVERM26DEC346250PE,SILVERM,23DEC2026,34625000.000000,1,OPTFUT,NCO,50.000000,120,False
147040,SILVERM26NOV265000PE,SILVERM,23NOV2026,26500000.000000,1,OPTFUT,NCO,50.000000,120,False
147031,SILVERM26NOV264000CE,SILVERM,23NOV2026,26400000.000000,1,OPTFUT,NCO,50.000000,120,False
147034,SILVERM26NOV264250PE,SILVERM,23NOV2026,26425000.000000,1,OPTFUT,NCO,50.000000,120,False
147036,SILVERM26NOV264500PE,SILVERM,23NOV2026,26450000.000000,1,OPTFUT,NCO,50.000000,120,False
122301,SILVERM27APR251000PE,SILVERM,23APR2027,25100000.000000,1,OPTFUT,NCO,50.000000,120,False
122309,SILVERM27APR251750PE,SILVERM,23APR2027,25175000.000000,1,OPTFUT,NCO,50.000000,120,False
122313,SILVERM27APR252250PE,SILVERM,23APR2027,25225000.000000,1,OPTFUT,NCO,50.000000,120,False
122322,SILVERM27APR252750CE,SILVERM,23APR2027,25275000.000000,1,OPTFUT,NCO,50.000000,120,False
162479,SILVERM26DEC347250CE,SILVERM,23DEC2026,34725000.000000,1,OPTFUT,NCO,50.000000,120,False
162480,SILVERM26DEC347250PE,SILVERM,23DEC2026,34725000.000000,1,OPTFUT,NCO,50.000000,120,False
162482,SILVERM26DEC347500PE,SILVERM,23DEC2026,34750000.000000,1,OPTFUT,NCO,50.000000,120,False
162484,SILVERM26DEC347750PE,SILVERM,23DEC2026,34775000.000000,1,OPTFUT,NCO,50.000000,120,False
147043,SILVERM26NOV265500CE,SILVERM,23NOV2026,26550000.000000,1,OPTFUT,NCO,50.000000,120,False
147057,SILVERM26DEC263500CE,SILVERM,23DEC2026,26350000.000000,1,OPTFUT,NCO,50.000000,120,False
147058,SILVERM26DEC263500PE,SILVERM,23DEC2026,26350000.000000,1,OPTFUT,NCO,50.000000,120,False
147061,SILVERM26DEC264000CE,SILVERM,23DEC2026,26400000.000000,1,OPTFUT,NCO,50.000000,120,False
122326,SILVERM27APR253000CE,SILVERM,23APR2027,25300000.000000,1,OPTFUT,NCO,50.000000,120,False
122340,NICKEL26NOVFUT,NICKEL,30NOV2026,-1.000000,1,FUTBAS,NCO,10.000000,16,False
122352,SILVER26DEC266000CE,SILVER,01DEC2026,26600000.000000,1,OPTBLN,NCO,50.000000,20,False
122356,ALUMINIUM26DECFUT,ALUMINIUM,31DEC2026,-1.000000,1,FUTBAS,NCO,5.000000,30,False
162487,SILVERM26DEC348250CE,SILVERM,23DEC2026,34825000.000000,1,OPTFUT,NCO,50.000000,120,False
162509,SILVERM26DEC351000CE,SILVERM,23DEC2026,35100000.000000,1,OPTFUT,NCO,50.000000,120,False
162522,SILVERM26DEC352500PE,SILVERM,23DEC2026,35250000.000000,1,OPTFUT,NCO,50.000000,120,False
162531,SILVERM26DEC353750CE,SILVERM,23DEC2026,35375000.000000,1,OPTFUT,NCO,50.000000,120,False
147063,SILVERM26DEC264250CE,SILVERM,23DEC2026,26425000.000000,1,OPTFUT,NCO,50.000000,120,False
147073,SILVERM26DEC265500CE,SILVERM,23DEC2026,26550000.000000,1,OPTFUT,NCO,50.000000,120,False
147075,SILVERM26DEC265750CE,SILVERM,23DEC2026,26575000.000000,1,OPTFUT,NCO,50.000000,120,False
147481,GOLD26SEP146800CE,GOLD,25SEP2026,14680000.000000,1,OPTFUT,NCO,50.000000,10,False
162536,SILVERM26DEC354250PE,SILVERM,23DEC2026,35425000.000000,1,OPTFUT,NCO,50.000000,120,False
162549,SILVERM26DEC356000CE,SILVERM,23DEC2026,35600000.000000,1,OPTFUT,NCO,50.000000,120,False
162559,SILVERM26DEC357250CE,SILVERM,23DEC2026,35725000.000000,1,OPTFUT,NCO,50.000000,120,False
162560,SILVERM26DEC357250PE,SILVERM,23DEC2026,35725000.000000,1,OPTFUT,NCO,50.000000,120,False
122357,COPPER26DECFUT,COPPER,31DEC2026,-1.000000,1,FUTBAS,NCO,5.000000,70,False
122363,SILVER26DEC266750PE,SILVER,01DEC2026,26675000.000000,1,OPTBLN,NCO,50.000000,20,False
122371,SILVER26DEC267250PE,SILVER,01DEC2026,26725000.000000,1,OPTBLN,NCO,50.000000,20,False
122378,SILVERM26OCT192500PE,SILVERM,23OCT2026,19250000.000000,1,OPTFUT,NCO,50.000000,120,False
147488,GOLD26SEP147100PE,GOLD,25SEP2026,14710000.000000,1,OPTFUT,NCO,50.000000,10,False
147499,GOLD26SEP147700CE,GOLD,25SEP2026,14770000.000000,1,OPTFUT,NCO,50.000000,10,False
147501,GOLD26SEP147800CE,GOLD,25SEP2026,14780000.000000,1,OPTFUT,NCO,50.000000,10,False
147514,GOLD26SEP148400PE,GOLD,25SEP2026,14840000.000000,1,OPTFUT,NCO,50.000000,10,False
162575,SILVERM26DEC359250CE,SILVERM,23DEC2026,35925000.000000,1,OPTFUT,NCO,50.000000,120,False
162586,SILVERM26DEC360500PE,SILVERM,23DEC2026,36050000.000000,1,OPTFUT,NCO,50.000000,120,False
162593,SILVERM26DEC361500CE,SILVERM,23DEC2026,36150000.000000,1,OPTFUT,NCO,50.000000,120,False
162596,SILVERM26DEC361750PE,SILVERM,23DEC2026,36175000.000000,1,OPTFUT,NCO,50.000000,120,False
122382,GOLD27AUG161700CE,GOLD,27AUG2027,16170000.000000,1,OPTFUT,NCO,50.000000,10,False
122401,SILVERM26OCT193250CE,SILVERM,23OCT2026,19325000.000000,1,OPTFUT,NCO,50.000000,120,False
122428,SILVERM26NOV193750CE,SILVERM,23NOV2026,19375000.000000,1,OPTFUT,NCO,50.000000,120,False
122430,SILVERM26NOV194000CE,SILVERM,23NOV2026,19400000.000000,1,OPTFUT,NCO,50.000000,120,False
147517,GOLD26OCT147400CE,GOLD,29OCT2026,14740000.000000,1,OPTFUT,NCO,50.000000,10,False
147528,GOLD26OCT147900PE,GOLD,29OCT2026,14790000.000000,1,OPTFUT,NCO,50.000000,10,False
147543,GOLD26OCT148700CE,GOLD,29OCT2026,14870000.000000,1,OPTFUT,NCO,50.000000,10,False
147545,GOLD26OCT148800CE,GOLD,29OCT2026,14880000.000000,1,OPTFUT,NCO,50.000000,10,False
162598,SILVERM26DEC362000PE,SILVERM,23DEC2026,36200000.000000,1,OPTFUT,NCO,50.000000,120,False
162600,SILVERM26DEC362250PE,SILVERM,23DEC2026,36225000.000000,1,OPTFUT,NCO,50.000000,120,False
162606,SILVERM26DEC363000PE,SILVERM,23DEC2026,36300000.000000,1,OPTFUT,NCO,50.000000,120,False
162612,SILVERM26DEC363750PE,SILVERM,23DEC2026,36375000.000000,1,OPTFUT,NCO,50.000000,120,False
147552,GOLD26OCT149100PE,GOLD,29OCT2026,14910000.000000,1,OPTFUT,NCO,50.000000,10,False
147565,GOLD26NOV148600CE,GOLD,27NOV2026,14860000.000000,1,OPTFUT,NCO,50.000000,10,False
147582,GOLD26NOV149400PE,GOLD,27NOV2026,14940000.000000,1,OPTFUT,NCO,50.000000,10,False
147583,GOLD26NOV149500CE,GOLD,27NOV2026,14950000.000000,1,OPTFUT,NCO,50.000000,10,False
162618,SILVERM26DEC364500PE,SILVERM,23DEC2026,36450000.000000,1,OPTFUT,NCO,50.000000,120,False
162627,SILVERM26DEC365750CE,SILVERM,23DEC2026,36575000.000000,1,OPTFUT,NCO,50.000000,120,False
162630,SILVERM26DEC366000PE,SILVERM,23DEC2026,36600000.000000,1,OPTFUT,NCO,50.000000,120,False
162632,SILVERM26DEC366250PE,SILVERM,23DEC2026,36625000.000000,1,OPTFUT,NCO,50.000000,120,False
122433,SILVERM26NOV194250PE,SILVERM,23NOV2026,19425000.000000,1,OPTFUT,NCO,50.000000,120,False
122440,SILVERM26NOV178750CE,SILVERM,23NOV2026,17875000.000000,1,OPTFUT,NCO,50.000000,120,False
122449,SILVERM26NOV179750PE,SILVERM,23NOV2026,17975000.000000,1,OPTFUT,NCO,50.000000,120,False
122450,SILVERM26NOV180000CE,SILVERM,23NOV2026,18000000.000000,1,OPTFUT,NCO,50.000000,120,False
122455,GOLD27JUN152900PE,GOLD,28JUN2027,15290000.000000,1,OPTFUT,NCO,50.000000,10,False
122460,GOLDGUINEA26DECFUT,GOLDGUINEA,31DEC2026,-1.000000,1,FUTBLN,NCO,100.000000,1250,False
122477,NATURALGAS26SEP185PE,NATURALGAS,21SEP2026,18500.000000,1,OPTFUT,NCO,5.000000,48,False
122483,GOLD27AUG162400PE,GOLD,27AUG2027,16240000.000000,1,OPTFUT,NCO,50.000000,10,False
147591,GOLD26NOV149900CE,GOLD,27NOV2026,14990000.000000,1,OPTFUT,NCO,50.000000,10,False
147595,GOLD26DEC147700CE,GOLD,29DEC2026,14770000.000000,1,OPTFUT,NCO,50.000000,10,False
147602,GOLD26DEC148000PE,GOLD,29DEC2026,14800000.000000,1,OPTFUT,NCO,50.000000,10,False
147605,GOLD26DEC148200CE,GOLD,29DEC2026,14820000.000000,1,OPTFUT,NCO,50.000000,10,False
162636,SILVERM26DEC366750PE,SILVERM,23DEC2026,36675000.000000,1,OPTFUT,NCO,50.000000,120,False
162647,SILVERM26DEC368250CE,SILVERM,23DEC2026,36825000.000000,1,OPTFUT,NCO,50.000000,120,False
162673,SILVERM26DEC371500CE,SILVERM,23DEC2026,37150000.000000,1,OPTFUT,NCO,50.000000,120,False
162674,SILVERM26DEC371500PE,SILVERM,23DEC2026,37150000.000000,1,OPTFUT,NCO,50.000000,120,False
147607,GOLD26DEC148300CE,GOLD,29DEC2026,14830000.000000,1,OPTFUT,NCO,50.000000,10,False
147618,GOLD26DEC148800PE,GOLD,29DEC2026,14880000.000000,1,OPTFUT,NCO,50.000000,10,False
147625,GOLD26DEC149200CE,GOLD,29DEC2026,14920000.000000,1,OPTFUT,NCO,50.000000,10,False
162675,SILVERM26DEC371750CE,SILVERM,23DEC2026,37175000.000000,1,OPTFUT,NCO,50.000000,120,False
163928,GOLD26SEP168500PE,GOLD,25SEP2026,16850000.000000,1,OPTFUT,NCO,50.000000,10,False
163937,GOLD26SEP169000CE,GOLD,25SEP2026,16900000.000000,1,OPTFUT,NCO,50.000000,10,False
163940,GOLD26SEP169100PE,GOLD,25SEP2026,16910000.000000,1,OPTFUT,NCO,50.000000,10,False
147623,GOLD26DEC149100CE,GOLD,29DEC2026,14910000.000000,1,OPTFUT,NCO,50.000000,10,False
122499,GOLD27AUG162900PE,GOLD,27AUG2027,16290000.000000,1,OPTFUT,NCO,50.000000,10,False
122500,GOLD27AUG163000CE,GOLD,27AUG2027,16300000.000000,1,OPTFUT,NCO,50.000000,10,False
122517,GOLD27JUN153400PE,GOLD,28JUN2027,15340000.000000,1,OPTFUT,NCO,50.000000,10,False
122518,SILVER26DEC269250PE,SILVER,01DEC2026,26925000.000000,1,OPTBLN,NCO,50.000000,20,False
147626,GOLD26DEC149200PE,GOLD,29DEC2026,14920000.000000,1,OPTFUT,NCO,50.000000,10,False
147639,GOLD26DEC149900CE,GOLD,29DEC2026,14990000.000000,1,OPTFUT,NCO,50.000000,10,False
147640,GOLD26DEC149900PE,GOLD,29DEC2026,14990000.000000,1,OPTFUT,NCO,50.000000,10,False
147645,GOLD26DEC150200CE,GOLD,29DEC2026,15020000.000000,1,OPTFUT,NCO,50.000000,10,False
163942,GOLD26SEP169200PE,GOLD,25SEP2026,16920000.000000,1,OPTFUT,NCO,50.000000,10,False
163949,GOLD26SEP169600CE,GOLD,25SEP2026,16960000.000000,1,OPTFUT,NCO,50.000000,10,False
163951,GOLD26SEP169700CE,GOLD,25SEP2026,16970000.000000,1,OPTFUT,NCO,50.000000,10,False
163956,GOLD26SEP169900PE,GOLD,25SEP2026,16990000.000000,1,OPTFUT,NCO,50.000000,10,False
122519,GOLD27JUN153500CE,GOLD,28JUN2027,15350000.000000,1,OPTFUT,NCO,50.000000,10,False
122575,ZINC26SEP400PE,ZINC,23SEP2026,40000.000000,1,OPTFUT,NCO,1.000000,20,False
147656,GOLD26DEC150700PE,GOLD,29DEC2026,15070000.000000,1,OPTFUT,NCO,50.000000,10,False
147699,SILVERM26DEC212500CE,SILVERM,23DEC2026,21250000.000000,1,OPTFUT,NCO,50.000000,120,False
147720,SILVERM26DEC215000PE,SILVERM,23DEC2026,21500000.000000,1,OPTFUT,NCO,50.000000,120,False
147819,GOLD26SEP163800CE,GOLD,25SEP2026,16380000.000000,1,OPTFUT,NCO,50.000000,10,False
122521,GOLD27JUN153600CE,GOLD,28JUN2027,15360000.000000,1,OPTFUT,NCO,50.000000,10,False
122523,GOLD27JUN153700CE,GOLD,28JUN2027,15370000.000000,1,OPTFUT,NCO,50.000000,10,False
163958,GOLD26SEP170000PE,GOLD,25SEP2026,17000000.000000,1,OPTFUT,NCO,50.000000,10,False
163959,GOLD26SEP170100CE,GOLD,25SEP2026,17010000.000000,1,OPTFUT,NCO,50.000000,10,False
163961,GOLD26SEP170200CE,GOLD,25SEP2026,17020000.000000,1,OPTFUT,NCO,50.000000,10,False
163990,GOLD26SEP171600PE,GOLD,25SEP2026,17160000.000000,1,OPTFUT,NCO,50.000000,10,False
122587,SILVERM27MAY271750PE,SILVERM,24MAY2027,27175000.000000,1,OPTFUT,NCO,50.000000,120,False
122588,GOLD26OCT138000CE,GOLD,29OCT2026,13800000.000000,1,OPTFUT,NCO,50.000000,10,False
122609,GOLD26OCT138600CE,GOLD,29OCT2026,13860000.000000,1,OPTFUT,NCO,50.000000,10,False
122614,GOLD27MAY167300CE,GOLD,28MAY2027,16730000.000000,1,OPTFUT,NCO,50.000000,10,False
147827,GOLD26SEP164200CE,GOLD,25SEP2026,16420000.000000,1,OPTFUT,NCO,50.000000,10,False
147849,GOLD26SEP165300CE,GOLD,25SEP2026,16530000.000000,1,OPTFUT,NCO,50.000000,10,False
147858,GOLD26SEP165700PE,GOLD,25SEP2026,16570000.000000,1,OPTFUT,NCO,50.000000,10,False
147863,GOLD26SEP166000CE,GOLD,25SEP2026,16600000.000000,1,OPTFUT,NCO,50.000000,10,False
164000,GOLD26SEP172100PE,GOLD,25SEP2026,17210000.000000,1,OPTFUT,NCO,50.000000,10,False
164006,GOLD26SEP172400PE,GOLD,25SEP2026,17240000.000000,1,OPTFUT,NCO,50.000000,10,False
164016,GOLD26SEP172900PE,GOLD,25SEP2026,17290000.000000,1,OPTFUT,NCO,50.000000,10,False
164031,GOLD26SEP173700CE,GOLD,25SEP2026,17370000.000000,1,OPTFUT,NCO,50.000000,10,False
122615,GOLD27MAY167300PE,GOLD,28MAY2027,16730000.000000,1,OPTFUT,NCO,50.000000,10,False
122627,GOLDM26NOV151800PE,GOLDM,27NOV2026,15180000.000000,1,OPTFUT,NCO,50.000000,100,False
122630,GOLD27JAN158900PE,GOLD,29JAN2027,15890000.000000,1,OPTFUT,NCO,50.000000,10,False
122641,NATURALGAS26OCT185CE,NATURALGAS,21OCT2026,18500.000000,1,OPTFUT,NCO,5.000000,48,False
147875,SILVERM26DEC217250CE,SILVERM,23DEC2026,21725000.000000,1,OPTFUT,NCO,50.000000,120,False
147882,SILVERM26DEC218000PE,SILVERM,23DEC2026,21800000.000000,1,OPTFUT,NCO,50.000000,120,False
147889,SILVERM26DEC219000CE,SILVERM,23DEC2026,21900000.000000,1,OPTFUT,NCO,50.000000,120,False
147919,SILVERM26DEC222750CE,SILVERM,23DEC2026,22275000.000000,1,OPTFUT,NCO,50.000000,120,False
164060,GOLD26OCT169700PE,GOLD,29OCT2026,16970000.000000,1,OPTFUT,NCO,50.000000,10,False
164062,GOLD26OCT169800PE,GOLD,29OCT2026,16980000.000000,1,OPTFUT,NCO,50.000000,10,False
164076,GOLD26OCT170500PE,GOLD,29OCT2026,17050000.000000,1,OPTFUT,NCO,50.000000,10,False
164080,GOLD26OCT170700PE,GOLD,29OCT2026,17070000.000000,1,OPTFUT,NCO,50.000000,10,False
122652,GOLD27AUG164100PE,GOLD,27AUG2027,16410000.000000,1,OPTFUT,NCO,50.000000,10,False
122662,SILVERM27JAN243750PE,SILVERM,21JAN2027,24375000.000000,1,OPTFUT,NCO,50.000000,120,False
122676,SILVERM27JAN245500PE,SILVERM,21JAN2027,24550000.000000,1,OPTFUT,NCO,50.000000,120,False
122682,SILVERM27MAY273000CE,SILVERM,24MAY2027,27300000.000000,1,OPTFUT,NCO,50.000000,120,False
147923,SILVERM26DEC223250CE,SILVERM,23DEC2026,22325000.000000,1,OPTFUT,NCO,50.000000,120,False
147931,SILVERM26DEC224250CE,SILVERM,23DEC2026,22425000.000000,1,OPTFUT,NCO,50.000000,120,False
147936,SILVERM26DEC224750PE,SILVERM,23DEC2026,22475000.000000,1,OPTFUT,NCO,50.000000,120,False
147946,SILVERM26DEC226000PE,SILVERM,23DEC2026,22600000.000000,1,OPTFUT,NCO,50.000000,120,False
164082,GOLD26OCT170800PE,GOLD,29OCT2026,17080000.000000,1,OPTFUT,NCO,50.000000,10,False
164094,GOLD26OCT171400PE,GOLD,29OCT2026,17140000.000000,1,OPTFUT,NCO,50.000000,10,False
164130,GOLD26OCT173200PE,GOLD,29OCT2026,17320000.000000,1,OPTFUT,NCO,50.000000,10,False
164146,GOLD26OCT174000PE,GOLD,29OCT2026,17400000.000000,1,OPTFUT,NCO,50.000000,10,False
148430,SILVERM26SEP265250PE,SILVERM,23SEP2026,26525000.000000,1,OPTFUT,NCO,50.000000,120,False
164156,GOLD26OCT174500PE,GOLD,29OCT2026,17450000.000000,1,OPTFUT,NCO,50.000000,10,False
164165,GOLD26OCT175000CE,GOLD,29OCT2026,17500000.000000,1,OPTFUT,NCO,50.000000,10,False
164170,GOLD26OCT175200PE,GOLD,29OCT2026,17520000.000000,1,OPTFUT,NCO,50.000000,10,False
164171,GOLD26OCT175300CE,GOLD,29OCT2026,17530000.000000,1,OPTFUT,NCO,50.000000,10,False
122690,GOLD27JUN154300CE,GOLD,28JUN2027,15430000.000000,1,OPTFUT,NCO,50.000000,10,False
122706,GOLD27MAY167700PE,GOLD,28MAY2027,16770000.000000,1,OPTFUT,NCO,50.000000,10,False
122715,GOLD27JUN154400CE,GOLD,28JUN2027,15440000.000000,1,OPTFUT,NCO,50.000000,10,False
122716,GOLD27JUN154400PE,GOLD,28JUN2027,15440000.000000,1,OPTFUT,NCO,50.000000,10,False
148418,SILVERM26SEP263750PE,SILVERM,23SEP2026,26375000.000000,1,OPTFUT,NCO,50.000000,120,False
148423,SILVERM26SEP264500CE,SILVERM,23SEP2026,26450000.000000,1,OPTFUT,NCO,50.000000,120,False
148424,SILVERM26SEP264500PE,SILVERM,23SEP2026,26450000.000000,1,OPTFUT,NCO,50.000000,120,False
122724,SILVERM27JULFUT,SILVERM,30JUL2027,-1.000000,1,FUTBLN,NCO,100.000000,120,False
122743,LEADMINI26OCTFUT,LEADMINI,30OCT2026,-1.000000,1,FUTBAS,NCO,5.000000,100,False
122756,SILVERM27APR253750CE,SILVERM,23APR2027,25375000.000000,1,OPTFUT,NCO,50.000000,120,False
122759,CRUDEOIL26OCT11250PE,CRUDEOIL,08OCT2026,1125000.000000,1,OPTFUT,NCO,10.000000,100,False
148442,SILVERM26SEP266750PE,SILVERM,23SEP2026,26675000.000000,1,OPTFUT,NCO,50.000000,120,False
148444,SILVERM26SEP267000PE,SILVERM,23SEP2026,26700000.000000,1,OPTFUT,NCO,50.000000,120,False
148449,SILVERM26SEP267750CE,SILVERM,23SEP2026,26775000.000000,1,OPTFUT,NCO,50.000000,120,False
148460,SILVERM26SEP269000PE,SILVERM,23SEP2026,26900000.000000,1,OPTFUT,NCO,50.000000,120,False
164195,GOLD26NOV171100CE,GOLD,27NOV2026,17110000.000000,1,OPTFUT,NCO,50.000000,10,False
164214,GOLD26NOV172000PE,GOLD,27NOV2026,17200000.000000,1,OPTFUT,NCO,50.000000,10,False
164224,GOLD26NOV172500PE,GOLD,27NOV2026,17250000.000000,1,OPTFUT,NCO,50.000000,10,False
164238,GOLD26NOV173200PE,GOLD,27NOV2026,17320000.000000,1,OPTFUT,NCO,50.000000,10,False
164239,GOLD26NOV173300CE,GOLD,27NOV2026,17330000.000000,1,OPTFUT,NCO,50.000000,10,False
164241,GOLD26NOV173400CE,GOLD,27NOV2026,17340000.000000,1,OPTFUT,NCO,50.000000,10,False
164243,GOLD26NOV173500CE,GOLD,27NOV2026,17350000.000000,1,OPTFUT,NCO,50.000000,10,False
164254,GOLD26NOV174000PE,GOLD,27NOV2026,17400000.000000,1,OPTFUT,NCO,50.000000,10,False
122780,GOLD27JUN155100CE,GOLD,28JUN2027,15510000.000000,1,OPTFUT,NCO,50.000000,10,False
122784,SILVERM27JAN349500PE,SILVERM,21JAN2027,34950000.000000,1,OPTFUT,NCO,50.000000,120,False
122799,SILVERM27JAN350750CE,SILVERM,21JAN2027,35075000.000000,1,OPTFUT,NCO,50.000000,120,False
122809,SILVERM27JAN351750CE,SILVERM,21JAN2027,35175000.000000,1,OPTFUT,NCO,50.000000,120,False
148472,SILVERM26SEP270500PE,SILVERM,23SEP2026,27050000.000000,1,OPTFUT,NCO,50.000000,120,False
148473,SILVERM26SEP270750CE,SILVERM,23SEP2026,27075000.000000,1,OPTFUT,NCO,50.000000,120,False
148483,SILVERM26SEP272000CE,SILVERM,23SEP2026,27200000.000000,1,OPTFUT,NCO,50.000000,120,False
148487,SILVERM26SEP272500CE,SILVERM,23SEP2026,27250000.000000,1,OPTFUT,NCO,50.000000,120,False
122816,SILVERM27JAN352500PE,SILVERM,21JAN2027,35250000.000000,1,OPTFUT,NCO,50.000000,120,False
122827,SILVERM27JAN354000CE,SILVERM,21JAN2027,35400000.000000,1,OPTFUT,NCO,50.000000,120,False
122831,SILVERM26NOV195000PE,SILVERM,23NOV2026,19500000.000000,1,OPTFUT,NCO,50.000000,120,False
122852,GOLD27AUG164700PE,GOLD,27AUG2027,16470000.000000,1,OPTFUT,NCO,50.000000,10,False
148493,SILVERM26SEP273250CE,SILVERM,23SEP2026,27325000.000000,1,OPTFUT,NCO,50.000000,120,False
148498,SILVERM26OCT265250PE,SILVERM,23OCT2026,26525000.000000,1,OPTFUT,NCO,50.000000,120,False
148509,SILVERM26OCT266750CE,SILVERM,23OCT2026,26675000.000000,1,OPTFUT,NCO,50.000000,120,False
148526,SILVERM26OCT268750PE,SILVERM,23OCT2026,26875000.000000,1,OPTFUT,NCO,50.000000,120,False
164271,GOLD26NOV174900CE,GOLD,27NOV2026,17490000.000000,1,OPTFUT,NCO,50.000000,10,False
164287,GOLD26NOV175700CE,GOLD,27NOV2026,17570000.000000,1,OPTFUT,NCO,50.000000,10,False
164290,GOLD26NOV175800PE,GOLD,27NOV2026,17580000.000000,1,OPTFUT,NCO,50.000000,10,False
164291,GOLD26NOV175900CE,GOLD,27NOV2026,17590000.000000,1,OPTFUT,NCO,50.000000,10,False
122857,NATURALGAS26NOV270CE,NATURALGAS,18NOV2026,27000.000000,1,OPTFUT,NCO,5.000000,48,False
122860,NATURALGAS26NOV275PE,NATURALGAS,18NOV2026,27500.000000,1,OPTFUT,NCO,5.000000,48,False
122862,SILVERM27MAR233250PE,SILVERM,24MAR2027,23325000.000000,1,OPTFUT,NCO,50.000000,120,False
122868,GOLD27AUG164800PE,GOLD,27AUG2027,16480000.000000,1,OPTFUT,NCO,50.000000,10,False
126990,SILVERM26DEC246750PE,SILVERM,23DEC2026,24675000.000000,1,OPTFUT,NCO,50.000000,120,False
148532,SILVERM26OCT269500PE,SILVERM,23OCT2026,26950000.000000,1,OPTFUT,NCO,50.000000,120,False
148535,SILVERM26OCT270000CE,SILVERM,23OCT2026,27000000.000000,1,OPTFUT,NCO,50.000000,120,False
148539,SILVERM26OCT270500CE,SILVERM,23OCT2026,27050000.000000,1,OPTFUT,NCO,50.000000,120,False
164293,GOLD26NOV176000CE,GOLD,27NOV2026,17600000.000000,1,OPTFUT,NCO,50.000000,10,False
164322,GOLD26DEC172000PE,GOLD,29DEC2026,17200000.000000,1,OPTFUT,NCO,50.000000,10,False
164335,GOLD26DEC172700CE,GOLD,29DEC2026,17270000.000000,1,OPTFUT,NCO,50.000000,10,False
164340,GOLD26DEC172900PE,GOLD,29DEC2026,17290000.000000,1,OPTFUT,NCO,50.000000,10,False
164348,GOLD26DEC173300PE,GOLD,29DEC2026,17330000.000000,1,OPTFUT,NCO,50.000000,10,False
164351,GOLD26DEC173500CE,GOLD,29DEC2026,17350000.000000,1,OPTFUT,NCO,50.000000,10,False
164353,GOLD26DEC173600CE,GOLD,29DEC2026,17360000.000000,1,OPTFUT,NCO,50.000000,10,False
164358,GOLD26DEC173800PE,GOLD,29DEC2026,17380000.000000,1,OPTFUT,NCO,50.000000,10,False
122875,SILVERM27JAN354750CE,SILVERM,21JAN2027,35475000.000000,1,OPTFUT,NCO,50.000000,120,False
122877,SILVERM27JAN355000CE,SILVERM,21JAN2027,35500000.000000,1,OPTFUT,NCO,50.000000,120,False
122878,SILVERM27JAN355000PE,SILVERM,21JAN2027,35500000.000000,1,OPTFUT,NCO,50.000000,120,False
122896,GOLD27JUN155600PE,GOLD,28JUN2027,15560000.000000,1,OPTFUT,NCO,50.000000,10,False
126999,SILVERM26DEC247750CE,SILVERM,23DEC2026,24775000.000000,1,OPTFUT,NCO,50.000000,120,False
127001,SILVERM26DEC248000CE,SILVERM,23DEC2026,24800000.000000,1,OPTFUT,NCO,50.000000,120,False
127010,SILVERM26DEC248250PE,SILVERM,23DEC2026,24825000.000000,1,OPTFUT,NCO,50.000000,120,False
127016,SILVERM26DEC248500PE,SILVERM,23DEC2026,24850000.000000,1,OPTFUT,NCO,50.000000,120,False
122897,GOLD27JUN155700CE,GOLD,28JUN2027,15570000.000000,1,OPTFUT,NCO,50.000000,10,False
122908,SILVERM27JAN247750PE,SILVERM,21JAN2027,24775000.000000,1,OPTFUT,NCO,50.000000,120,False
122911,GOLD27JUN155900CE,GOLD,28JUN2027,15590000.000000,1,OPTFUT,NCO,50.000000,10,False
122925,GOLD26SEP163400CE,GOLD,25SEP2026,16340000.000000,1,OPTFUT,NCO,50.000000,10,False
127017,SILVERM26DEC248750CE,SILVERM,23DEC2026,24875000.000000,1,OPTFUT,NCO,50.000000,120,False
127023,SILVERM26DEC249500CE,SILVERM,23DEC2026,24950000.000000,1,OPTFUT,NCO,50.000000,120,False
127028,SILVERM26DEC250000PE,SILVERM,23DEC2026,25000000.000000,1,OPTFUT,NCO,50.000000,120,False
127038,SILVER27MAR224000CE,SILVER,02MAR2027,22400000.000000,1,OPTBLN,NCO,50.000000,20,False
164363,GOLD26DEC174100CE,GOLD,29DEC2026,17410000.000000,1,OPTFUT,NCO,50.000000,10,False
164385,GOLD26DEC175200CE,GOLD,29DEC2026,17520000.000000,1,OPTFUT,NCO,50.000000,10,False
164388,GOLD26DEC175300PE,GOLD,29DEC2026,17530000.000000,1,OPTFUT,NCO,50.000000,10,False
164395,GOLD26DEC175700CE,GOLD,29DEC2026,17570000.000000,1,OPTFUT,NCO,50.000000,10,False
122928,GOLD26SEP163500PE,GOLD,25SEP2026,16350000.000000,1,OPTFUT,NCO,50.000000,10,False
122931,SILVERM26OCT181250PE,SILVERM,23OCT2026,18125000.000000,1,OPTFUT,NCO,50.000000,120,False
122935,SILVERM26OCT181750CE,SILVERM,23OCT2026,18175000.000000,1,OPTFUT,NCO,50.000000,120,False
122937,GOLD26OCT163900CE,GOLD,29OCT2026,16390000.000000,1,OPTFUT,NCO,50.000000,10,False
127059,CRUDEOIL26OCT11850PE,CRUDEOIL,08OCT2026,1185000.000000,1,OPTFUT,NCO,10.000000,100,False
127085,GOLDM26OCT152400PE,GOLDM,29OCT2026,15240000.000000,1,OPTFUT,NCO,50.000000,100,False
127091,SILVERM26DEC250500PE,SILVERM,23DEC2026,25050000.000000,1,OPTFUT,NCO,50.000000,120,False
127097,SILVERM26DEC251250PE,SILVERM,23DEC2026,25125000.000000,1,OPTFUT,NCO,50.000000,120,False
164399,GOLD26DEC175900CE,GOLD,29DEC2026,17590000.000000,1,OPTFUT,NCO,50.000000,10,False
164418,GOLD26DEC176800PE,GOLD,29DEC2026,17680000.000000,1,OPTFUT,NCO,50.000000,10,False
165728,SILVERM26SEP366500PE,SILVERM,23SEP2026,36650000.000000,1,OPTFUT,NCO,50.000000,120,False
165750,SILVERM26SEP369250PE,SILVERM,23SEP2026,36925000.000000,1,OPTFUT,NCO,50.000000,120,False
127106,SILVERM26DEC252500CE,SILVERM,23DEC2026,25250000.000000,1,OPTFUT,NCO,50.000000,120,False
127118,GOLDM26OCT152700CE,GOLDM,29OCT2026,15270000.000000,1,OPTFUT,NCO,50.000000,100,False
127124,SILVERM27MAR271750CE,SILVERM,24MAR2027,27175000.000000,1,OPTFUT,NCO,50.000000,120,False
127135,SILVERM27MAR265500PE,SILVERM,24MAR2027,26550000.000000,1,OPTFUT,NCO,50.000000,120,False
165761,SILVERM26SEP370750CE,SILVERM,23SEP2026,37075000.000000,1,OPTFUT,NCO,50.000000,120,False
165762,SILVERM26SEP370750PE,SILVERM,23SEP2026,37075000.000000,1,OPTFUT,NCO,50.000000,120,False
165767,SILVERM26SEP371500CE,SILVERM,23SEP2026,37150000.000000,1,OPTFUT,NCO,50.000000,120,False
165772,SILVERM26SEP372000PE,SILVERM,23SEP2026,37200000.000000,1,OPTFUT,NCO,50.000000,120,False
122951,ZINC26SEP405PE,ZINC,23SEP2026,40500.000000,1,OPTFUT,NCO,1.000000,20,False
122952,SILVER27MAR208500CE,SILVER,02MAR2027,20850000.000000,1,OPTBLN,NCO,50.000000,20,False
122964,SILVERM26OCT182750CE,SILVERM,23OCT2026,18275000.000000,1,OPTFUT,NCO,50.000000,120,False
122971,GOLD26OCT164200PE,GOLD,29OCT2026,16420000.000000,1,OPTFUT,NCO,50.000000,10,False
165782,SILVERM26SEP373250PE,SILVERM,23SEP2026,37325000.000000,1,OPTFUT,NCO,50.000000,120,False
165785,SILVERM26SEP373750CE,SILVERM,23SEP2026,37375000.000000,1,OPTFUT,NCO,50.000000,120,False
165786,SILVERM26SEP373750PE,SILVERM,23SEP2026,37375000.000000,1,OPTFUT,NCO,50.000000,120,False
165788,SILVERM26SEP374000PE,SILVERM,23SEP2026,37400000.000000,1,OPTFUT,NCO,50.000000,120,False
127142,SILVERM27MAR266500CE,SILVERM,24MAR2027,26650000.000000,1,OPTFUT,NCO,50.000000,120,False
127143,CRUDEOIL26OCT12250PE,CRUDEOIL,08OCT2026,1225000.000000,1,OPTFUT,NCO,10.000000,100,False
127149,CRUDEOIL26NOV11850PE,CRUDEOIL,10NOV2026,1185000.000000,1,OPTFUT,NCO,10.000000,100,False
127155,CRUDEOIL26NOV12000PE,CRUDEOIL,10NOV2026,1200000.000000,1,OPTFUT,NCO,10.000000,100,False
122996,NATURALGAS26OCT210PE,NATURALGAS,21OCT2026,21000.000000,1,OPTFUT,NCO,5.000000,48,False
123004,SILVERM26OCT152750PE,SILVERM,23OCT2026,15275000.000000,1,OPTFUT,NCO,50.000000,120,False
123018,SILVERM26OCT153500CE,SILVERM,23OCT2026,15350000.000000,1,OPTFUT,NCO,50.000000,120,False
123039,SILVERM26OCT184500CE,SILVERM,23OCT2026,18450000.000000,1,OPTFUT,NCO,50.000000,120,False
165794,SILVERM26SEP374750PE,SILVERM,23SEP2026,37475000.000000,1,OPTFUT,NCO,50.000000,120,False
165797,SILVERM26SEP375250CE,SILVERM,23SEP2026,37525000.000000,1,OPTFUT,NCO,50.000000,120,False
165798,SILVERM26SEP375250PE,SILVERM,23SEP2026,37525000.000000,1,OPTFUT,NCO,50.000000,120,False
165800,SILVERM26SEP375500PE,SILVERM,23SEP2026,37550000.000000,1,OPTFUT,NCO,50.000000,120,False
123040,SILVERM26OCT184500PE,SILVERM,23OCT2026,18450000.000000,1,OPTFUT,NCO,50.000000,120,False
123056,NATGASIND27MAYFUT,NATGASIND,31MAY2027,-1.000000,1,FUTENR,NCO,100.000000,50,False
123066,NATURALGAS26OCT250CE,NATURALGAS,21OCT2026,25000.000000,1,OPTFUT,NCO,5.000000,48,False
123076,SILVERM26OCT154250CE,SILVERM,23OCT2026,15425000.000000,1,OPTFUT,NCO,50.000000,120,False
127186,SILVERM27MAR274750CE,SILVERM,24MAR2027,27475000.000000,1,OPTFUT,NCO,50.000000,120,False
127190,CRUDEOIL26NOV12050PE,CRUDEOIL,10NOV2026,1205000.000000,1,OPTFUT,NCO,10.000000,100,False
127196,SILVERM27APR270750PE,SILVERM,23APR2027,27075000.000000,1,OPTFUT,NCO,50.000000,120,False
127198,SILVERM27FEB291500CE,SILVERM,19FEB2027,29150000.000000,1,OPTFUT,NCO,50.000000,120,False
165804,SILVERM26SEP376000PE,SILVERM,23SEP2026,37600000.000000,1,OPTFUT,NCO,50.000000,120,False
165811,SILVERM26SEP377000CE,SILVERM,23SEP2026,37700000.000000,1,OPTFUT,NCO,50.000000,120,False
165813,SILVERM26SEP377250CE,SILVERM,23SEP2026,37725000.000000,1,OPTFUT,NCO,50.000000,120,False
165814,SILVERM26SEP377250PE,SILVERM,23SEP2026,37725000.000000,1,OPTFUT,NCO,50.000000,120,False
123082,SILVER10027FEBFUT,SILVER100,26FEB2027,-1.000000,1,FUTBLN,NCO,100.000000,6000,False
123083,SILVER10027MARFUT,SILVER100,31MAR2027,-1.000000,1,FUTBLN,NCO,100.000000,6000,False
123096,NATURALGAS26SEP205PE,NATURALGAS,21SEP2026,20500.000000,1,OPTFUT,NCO,5.000000,48,False
123099,GOLD26NOV164800PE,GOLD,27NOV2026,16480000.000000,1,OPTFUT,NCO,50.000000,10,False
127208,SILVERM27MAY285250PE,SILVERM,24MAY2027,28525000.000000,1,OPTFUT,NCO,50.000000,120,False
127213,SILVERM27FEB292250PE,SILVERM,19FEB2027,29225000.000000,1,OPTFUT,NCO,50.000000,120,False
127217,SILVERM27FEB292750PE,SILVERM,19FEB2027,29275000.000000,1,OPTFUT,NCO,50.000000,120,False
127219,SILVERM27FEB293000PE,SILVERM,19FEB2027,29300000.000000,1,OPTFUT,NCO,50.000000,120,False
165824,SILVERM26SEP378500PE,SILVERM,23SEP2026,37850000.000000,1,OPTFUT,NCO,50.000000,120,False
165832,SILVERM26SEP379500PE,SILVERM,23SEP2026,37950000.000000,1,OPTFUT,NCO,50.000000,120,False
165849,SILVERM26SEP381750CE,SILVERM,23SEP2026,38175000.000000,1,OPTFUT,NCO,50.000000,120,False
165881,SILVERM26OCT371000CE,SILVERM,23OCT2026,37100000.000000,1,OPTFUT,NCO,50.000000,120,False
123125,SILVERM27JAN355750CE,SILVERM,21JAN2027,35575000.000000,1,OPTFUT,NCO,50.000000,120,False
127228,SILVERM27FEB294250CE,SILVERM,19FEB2027,29425000.000000,1,OPTFUT,NCO,50.000000,120,False
127260,SILVERM27FEB297000PE,SILVERM,19FEB2027,29700000.000000,1,OPTFUT,NCO,50.000000,120,False
127269,SILVERM27FEB298250CE,SILVERM,19FEB2027,29825000.000000,1,OPTFUT,NCO,50.000000,120,False
127276,SILVERM27FEB299000PE,SILVERM,19FEB2027,29900000.000000,1,OPTFUT,NCO,50.000000,120,False
165898,SILVERM26OCT373000PE,SILVERM,23OCT2026,37300000.000000,1,OPTFUT,NCO,50.000000,120,False
165900,SILVERM26OCT373250PE,SILVERM,23OCT2026,37325000.000000,1,OPTFUT,NCO,50.000000,120,False
165901,SILVERM26OCT373500CE,SILVERM,23OCT2026,37350000.000000,1,OPTFUT,NCO,50.000000,120,False
165903,SILVERM26OCT373750CE,SILVERM,23OCT2026,37375000.000000,1,OPTFUT,NCO,50.000000,120,False
123127,SILVERM27JUN228250CE,SILVERM,23JUN2027,22825000.000000,1,OPTFUT,NCO,50.000000,120,False
123130,SILVERM26OCT156750PE,SILVERM,23OCT2026,15675000.000000,1,OPTFUT,NCO,50.000000,120,False
123134,GOLDM26NOV153500PE,GOLDM,27NOV2026,15350000.000000,1,OPTFUT,NCO,50.000000,100,False
123136,SILVERM26OCT157250PE,SILVERM,23OCT2026,15725000.000000,1,OPTFUT,NCO,50.000000,120,False
123147,SILVERM26OCT157750PE,SILVERM,23OCT2026,15775000.000000,1,OPTFUT,NCO,50.000000,120,False
123152,COPPER26SEP1350PE,COPPER,23SEP2026,135000.000000,1,OPTFUT,NCO,1.000000,70,False
123153,NATURALGAS26OCT265PE,NATURALGAS,21OCT2026,26500.000000,1,OPTFUT,NCO,5.000000,48,False
127278,SILVERM27APR271000PE,SILVERM,23APR2027,27100000.000000,1,OPTFUT,NCO,50.000000,120,False
127280,SILVERM27APR271250PE,SILVERM,23APR2027,27125000.000000,1,OPTFUT,NCO,50.000000,120,False
127289,SILVERM27APR272500CE,SILVERM,23APR2027,27250000.000000,1,OPTFUT,NCO,50.000000,120,False
127327,SILVERM27FEB301500CE,SILVERM,19FEB2027,30150000.000000,1,OPTFUT,NCO,50.000000,120,False
165908,SILVERM26OCT374250PE,SILVERM,23OCT2026,37425000.000000,1,OPTFUT,NCO,50.000000,120,False
165913,SILVERM26OCT375000CE,SILVERM,23OCT2026,37500000.000000,1,OPTFUT,NCO,50.000000,120,False
165920,SILVERM26OCT375750PE,SILVERM,23OCT2026,37575000.000000,1,OPTFUT,NCO,50.000000,120,False
165934,SILVERM26OCT377500PE,SILVERM,23OCT2026,37750000.000000,1,OPTFUT,NCO,50.000000,120,False
123158,NATURALGAS26OCT275CE,NATURALGAS,21OCT2026,27500.000000,1,OPTFUT,NCO,5.000000,48,False
123161,NATURALGAS26OCT280PE,NATURALGAS,21OCT2026,28000.000000,1,OPTFUT,NCO,5.000000,48,False
123163,SILVERM27JUN228250PE,SILVERM,23JUN2027,22825000.000000,1,OPTFUT,NCO,50.000000,120,False
123175,NATURALGAS26OCT290CE,NATURALGAS,21OCT2026,29000.000000,1,OPTFUT,NCO,5.000000,48,False
127332,GOLD27MAR152600CE,GOLD,29MAR2027,15260000.000000,1,OPTFUT,NCO,50.000000,10,False
127333,GOLD27MAR152600PE,GOLD,29MAR2027,15260000.000000,1,OPTFUT,NCO,50.000000,10,False
127335,GOLD27MAR152700PE,GOLD,29MAR2027,15270000.000000,1,OPTFUT,NCO,50.000000,10,False
127344,GOLD27MAR153200CE,GOLD,29MAR2027,15320000.000000,1,OPTFUT,NCO,50.000000,10,False
165936,SILVERM26OCT377750PE,SILVERM,23OCT2026,37775000.000000,1,OPTFUT,NCO,50.000000,120,False
165950,SILVERM26OCT379500PE,SILVERM,23OCT2026,37950000.000000,1,OPTFUT,NCO,50.000000,120,False
165958,SILVERM26OCT380500PE,SILVERM,23OCT2026,38050000.000000,1,OPTFUT,NCO,50.000000,120,False
165964,SILVERM26OCT381250PE,SILVERM,23OCT2026,38125000.000000,1,OPTFUT,NCO,50.000000,120,False
166000,SILVERM26NOV371000PE,SILVERM,23NOV2026,37100000.000000,1,OPTFUT,NCO,50.000000,120,False
123176,NATURALGAS26OCT290PE,NATURALGAS,21OCT2026,29000.000000,1,OPTFUT,NCO,5.000000,48,False
123180,SILVER26DEC200250CE,SILVER,01DEC2026,20025000.000000,1,OPTBLN,NCO,50.000000,20,False
123184,GOLD27MAY168300PE,GOLD,28MAY2027,16830000.000000,1,OPTFUT,NCO,50.000000,10,False
123186,SILVERM27MAY270250PE,SILVERM,24MAY2027,27025000.000000,1,OPTFUT,NCO,50.000000,120,False
165980,SILVERM26OCT383250PE,SILVERM,23OCT2026,38325000.000000,1,OPTFUT,NCO,50.000000,120,False
165986,SILVERM26OCT384000PE,SILVERM,23OCT2026,38400000.000000,1,OPTFUT,NCO,50.000000,120,False
165990,SILVERM26OCT384500PE,SILVERM,23OCT2026,38450000.000000,1,OPTFUT,NCO,50.000000,120,False
127346,GOLD27MAR153300CE,GOLD,29MAR2027,15330000.000000,1,OPTFUT,NCO,50.000000,10,False
127351,GOLD27MAR153500PE,GOLD,29MAR2027,15350000.000000,1,OPTFUT,NCO,50.000000,10,False
127371,SILVERM27APR275000CE,SILVERM,23APR2027,27500000.000000,1,OPTFUT,NCO,50.000000,120,False
127372,SILVERM27APR275000PE,SILVERM,23APR2027,27500000.000000,1,OPTFUT,NCO,50.000000,120,False
166044,SILVERM26NOV376500PE,SILVERM,23NOV2026,37650000.000000,1,OPTFUT,NCO,50.000000,120,False
166045,SILVERM26NOV376750CE,SILVERM,23NOV2026,37675000.000000,1,OPTFUT,NCO,50.000000,120,False
166051,SILVERM26NOV377500CE,SILVERM,23NOV2026,37750000.000000,1,OPTFUT,NCO,50.000000,120,False
166064,SILVERM26NOV379000PE,SILVERM,23NOV2026,37900000.000000,1,OPTFUT,NCO,50.000000,120,False
123188,SILVERM27MAY270500PE,SILVERM,24MAY2027,27050000.000000,1,OPTFUT,NCO,50.000000,120,False
123189,SILVERM27JAN357000CE,SILVERM,21JAN2027,35700000.000000,1,OPTFUT,NCO,50.000000,120,False
123190,SILVERM27JAN357000PE,SILVERM,21JAN2027,35700000.000000,1,OPTFUT,NCO,50.000000,120,False
123205,GOLD27MAY161100PE,GOLD,28MAY2027,16110000.000000,1,OPTFUT,NCO,50.000000,10,False
127379,SILVERM27JUL245500CE,SILVERM,23JUL2027,24550000.000000,1,OPTFUT,NCO,50.000000,120,False
127381,SILVERM27JUL245750CE,SILVERM,23JUL2027,24575000.000000,1,OPTFUT,NCO,50.000000,120,False
127389,SILVER27MAR227500CE,SILVER,02MAR2027,22750000.000000,1,OPTBLN,NCO,50.000000,20,False
127416,SILVERM27JAN304750PE,SILVERM,21JAN2027,30475000.000000,1,OPTFUT,NCO,50.000000,120,False
166065,SILVERM26NOV379250CE,SILVERM,23NOV2026,37925000.000000,1,OPTFUT,NCO,50.000000,120,False
166071,SILVERM26NOV380000CE,SILVERM,23NOV2026,38000000.000000,1,OPTFUT,NCO,50.000000,120,False
166083,SILVERM26NOV381500CE,SILVERM,23NOV2026,38150000.000000,1,OPTFUT,NCO,50.000000,120,False
166087,SILVERM26NOV382000CE,SILVERM,23NOV2026,38200000.000000,1,OPTFUT,NCO,50.000000,120,False
123225,GOLD27MAY162100PE,GOLD,28MAY2027,16210000.000000,1,OPTFUT,NCO,50.000000,10,False
123232,GOLD27MAY162500CE,GOLD,28MAY2027,16250000.000000,1,OPTFUT,NCO,50.000000,10,False
123241,GOLD27MAY162800PE,GOLD,28MAY2027,16280000.000000,1,OPTFUT,NCO,50.000000,10,False
123249,GOLD27JUN157100PE,GOLD,28JUN2027,15710000.000000,1,OPTFUT,NCO,50.000000,10,False
166091,SILVERM26NOV382500CE,SILVERM,23NOV2026,38250000.000000,1,OPTFUT,NCO,50.000000,120,False
166093,SILVERM26NOV382750CE,SILVERM,23NOV2026,38275000.000000,1,OPTFUT,NCO,50.000000,120,False
166094,SILVERM26NOV382750PE,SILVERM,23NOV2026,38275000.000000,1,OPTFUT,NCO,50.000000,120,False
166111,SILVERM26NOV385000CE,SILVERM,23NOV2026,38500000.000000,1,OPTFUT,NCO,50.000000,120,False
127420,SILVERM27JAN305250PE,SILVERM,21JAN2027,30525000.000000,1,OPTFUT,NCO,50.000000,120,False
127427,SILVERM27JAN306250CE,SILVERM,21JAN2027,30625000.000000,1,OPTFUT,NCO,50.000000,120,False
127432,SILVERM27JAN306750PE,SILVERM,21JAN2027,30675000.000000,1,OPTFUT,NCO,50.000000,120,False
127433,SILVERM27JAN307000CE,SILVERM,21JAN2027,30700000.000000,1,OPTFUT,NCO,50.000000,120,False
123250,COPPER26SEP1360CE,COPPER,23SEP2026,136000.000000,1,OPTFUT,NCO,1.000000,70,False
123253,COPPER26SEP1365PE,COPPER,23SEP2026,136500.000000,1,OPTFUT,NCO,1.000000,70,False
123272,GOLD27MAY163500CE,GOLD,28MAY2027,16350000.000000,1,OPTFUT,NCO,50.000000,10,False
123282,GOLD27MAY164000CE,GOLD,28MAY2027,16400000.000000,1,OPTFUT,NCO,50.000000,10,False
166123,SILVERM26NOV386500CE,SILVERM,23NOV2026,38650000.000000,1,OPTFUT,NCO,50.000000,120,False
166128,SILVERM26DEC372250PE,SILVERM,23DEC2026,37225000.000000,1,OPTFUT,NCO,50.000000,120,False
166130,SILVERM26DEC372500PE,SILVERM,23DEC2026,37250000.000000,1,OPTFUT,NCO,50.000000,120,False
166144,SILVERM26DEC374250PE,SILVERM,23DEC2026,37425000.000000,1,OPTFUT,NCO,50.000000,120,False
127445,SILVERM27JAN308500CE,SILVERM,21JAN2027,30850000.000000,1,OPTFUT,NCO,50.000000,120,False
127456,GOLD27MAR153900CE,GOLD,29MAR2027,15390000.000000,1,OPTFUT,NCO,50.000000,10,False
127470,GOLD27MAR154600CE,GOLD,29MAR2027,15460000.000000,1,OPTFUT,NCO,50.000000,10,False
127475,GOLD27MAR154800PE,GOLD,29MAR2027,15480000.000000,1,OPTFUT,NCO,50.000000,10,False
123293,GOLD27JUN157300PE,GOLD,28JUN2027,15730000.000000,1,OPTFUT,NCO,50.000000,10,False
123306,NATURALGAS26OCT305CE,NATURALGAS,21OCT2026,30500.000000,1,OPTFUT,NCO,5.000000,48,False
123310,NATURALGAS26NOV280PE,NATURALGAS,18NOV2026,28000.000000,1,OPTFUT,NCO,5.000000,48,False
123316,SILVERM27APR276500PE,SILVERM,23APR2027,27650000.000000,1,OPTFUT,NCO,50.000000,120,False
166147,SILVERM26DEC374750CE,SILVERM,23DEC2026,37475000.000000,1,OPTFUT,NCO,50.000000,120,False
166148,SILVERM26DEC374750PE,SILVERM,23DEC2026,37475000.000000,1,OPTFUT,NCO,50.000000,120,False
166160,SILVERM26DEC376250PE,SILVERM,23DEC2026,37625000.000000,1,OPTFUT,NCO,50.000000,120,False
166180,SILVERM26DEC378750PE,SILVERM,23DEC2026,37875000.000000,1,OPTFUT,NCO,50.000000,120,False
127477,GOLD27MAR154900PE,GOLD,29MAR2027,15490000.000000,1,OPTFUT,NCO,50.000000,10,False
127481,GOLD27MAR155100PE,GOLD,29MAR2027,15510000.000000,1,OPTFUT,NCO,50.000000,10,False
127493,GOLD27MAR155700PE,GOLD,29MAR2027,15570000.000000,1,OPTFUT,NCO,50.000000,10,False
127508,GOLD27MAR156500CE,GOLD,29MAR2027,15650000.000000,1,OPTFUT,NCO,50.000000,10,False
166185,SILVERM26DEC379500CE,SILVERM,23DEC2026,37950000.000000,1,OPTFUT,NCO,50.000000,120,False
166197,SILVERM26DEC381000CE,SILVERM,23DEC2026,38100000.000000,1,OPTFUT,NCO,50.000000,120,False
166200,SILVERM26DEC381250PE,SILVERM,23DEC2026,38125000.000000,1,OPTFUT,NCO,50.000000,120,False
166202,SILVERM26DEC381500PE,SILVERM,23DEC2026,38150000.000000,1,OPTFUT,NCO,50.000000,120,False
123327,GOLDM26NOV154500CE,GOLDM,27NOV2026,15450000.000000,1,OPTFUT,NCO,50.000000,100,False
123349,SILVER26DEC194000CE,SILVER,01DEC2026,19400000.000000,1,OPTBLN,NCO,50.000000,20,False
127513,GOLD27MAR156700PE,GOLD,29MAR2027,15670000.000000,1,OPTFUT,NCO,50.000000,10,False
127517,GOLD27MAR156900PE,GOLD,29MAR2027,15690000.000000,1,OPTFUT,NCO,50.000000,10,False
127520,GOLD27MAR157100CE,GOLD,29MAR2027,15710000.000000,1,OPTFUT,NCO,50.000000,10,False
127540,ZINC26SEP377.5CE,ZINC,23SEP2026,37750.000000,1,OPTFUT,NCO,1.000000,20,False
123332,SILVERM27JUN229000CE,SILVERM,23JUN2027,22900000.000000,1,OPTFUT,NCO,50.000000,120,False
123333,SILVERM27JUN229000PE,SILVERM,23JUN2027,22900000.000000,1,OPTFUT,NCO,50.000000,120,False
127546,SILVERM27MAR228500PE,SILVERM,24MAR2027,22850000.000000,1,OPTFUT,NCO,50.000000,120,False
127553,SILVERM27MAR229500CE,SILVERM,24MAR2027,22950000.000000,1,OPTFUT,NCO,50.000000,120,False
127556,SILVERM27MAR229750PE,SILVERM,24MAR2027,22975000.000000,1,OPTFUT,NCO,50.000000,120,False
127579,SILVER27MAR228250CE,SILVER,02MAR2027,22825000.000000,1,OPTBLN,NCO,50.000000,20,False
123362,ELECMBL26NOVFUT,ELECMBL,27NOV2026,-1.000000,1,FUTENR,NCO,100.000000,50,False
123375,COPPER26NOV1365PE,COPPER,23NOV2026,136500.000000,1,OPTFUT,NCO,1.000000,70,False
123379,COPPER26NOV1375PE,COPPER,23NOV2026,137500.000000,1,OPTFUT,NCO,1.000000,70,False
123410,SILVER26DEC195000CE,SILVER,01DEC2026,19500000.000000,1,OPTBLN,NCO,50.000000,20,False
127580,SILVER27MAR228250PE,SILVER,02MAR2027,22825000.000000,1,OPTBLN,NCO,50.000000,20,False
127595,GOLD27APR162200CE,GOLD,28APR2027,16220000.000000,1,OPTFUT,NCO,50.000000,10,False
127599,GOLD27APR162400CE,GOLD,28APR2027,16240000.000000,1,OPTFUT,NCO,50.000000,10,False
127602,GOLD27APR162500PE,GOLD,28APR2027,16250000.000000,1,OPTFUT,NCO,50.000000,10,False
123419,SILVERM27JUL225500CE,SILVERM,23JUL2027,22550000.000000,1,OPTFUT,NCO,50.000000,120,False
123423,SILVERM27JAN248750PE,SILVERM,21JAN2027,24875000.000000,1,OPTFUT,NCO,50.000000,120,False
123426,GOLDM26SEP145700CE,GOLDM,25SEP2026,14570000.000000,1,OPTFUT,NCO,50.000000,100,False
123436,SILVERM27JUL225750PE,SILVERM,23JUL2027,22575000.000000,1,OPTFUT,NCO,50.000000,120,False
127613,SILVER26DEC220500CE,SILVER,01DEC2026,22050000.000000,1,OPTBLN,NCO,50.000000,20,False
127624,SILVER26DEC221750PE,SILVER,01DEC2026,22175000.000000,1,OPTBLN,NCO,50.000000,20,False
127635,SILVER26DEC223250CE,SILVER,01DEC2026,22325000.000000,1,OPTBLN,NCO,50.000000,20,False
127652,SILVER26DEC225250PE,SILVER,01DEC2026,22525000.000000,1,OPTBLN,NCO,50.000000,20,False
123438,SILVERM27JUL226000PE,SILVERM,23JUL2027,22600000.000000,1,OPTFUT,NCO,50.000000,120,False
123455,COPPER26SEP1390CE,COPPER,23SEP2026,139000.000000,1,OPTFUT,NCO,1.000000,70,False
123458,GOLDM26SEP145700PE,GOLDM,25SEP2026,14570000.000000,1,OPTFUT,NCO,50.000000,100,False
123462,COPPER26DEC1400CE,COPPER,23DEC2026,140000.000000,1,OPTFUT,NCO,1.000000,70,False
127678,SILVER26DEC228500PE,SILVER,01DEC2026,22850000.000000,1,OPTBLN,NCO,50.000000,20,False
127689,SILVER26DEC230000CE,SILVER,01DEC2026,23000000.000000,1,OPTBLN,NCO,50.000000,20,False
127694,SILVER26DEC230500PE,SILVER,01DEC2026,23050000.000000,1,OPTBLN,NCO,50.000000,20,False
127713,SILVERM27FEB302000CE,SILVERM,19FEB2027,30200000.000000,1,OPTFUT,NCO,50.000000,120,False
123480,GOLDM26NOV155000PE,GOLDM,27NOV2026,15500000.000000,1,OPTFUT,NCO,50.000000,100,False
123500,SILVERM27JUL228000PE,SILVERM,23JUL2027,22800000.000000,1,OPTFUT,NCO,50.000000,120,False
123509,GOLD27MAY165400CE,GOLD,28MAY2027,16540000.000000,1,OPTFUT,NCO,50.000000,10,False
123517,GOLD27MAY165700CE,GOLD,28MAY2027,16570000.000000,1,OPTFUT,NCO,50.000000,10,False
127744,GOLD27MAR157600PE,GOLD,29MAR2027,15760000.000000,1,OPTFUT,NCO,50.000000,10,False
127746,SILVER26DEC232750CE,SILVER,01DEC2026,23275000.000000,1,OPTBLN,NCO,50.000000,20,False
127763,SILVER26DEC233750CE,SILVER,01DEC2026,23375000.000000,1,OPTBLN,NCO,50.000000,20,False
127767,SILVER26DEC234250CE,SILVER,01DEC2026,23425000.000000,1,OPTBLN,NCO,50.000000,20,False
127781,SILVER26DEC236000CE,SILVER,01DEC2026,23600000.000000,1,OPTBLN,NCO,50.000000,20,False
127783,SILVER26DEC236250CE,SILVER,01DEC2026,23625000.000000,1,OPTBLN,NCO,50.000000,20,False
127789,GOLD27JUL160500CE,GOLD,29JUL2027,16050000.000000,1,OPTFUT,NCO,50.000000,10,False
127801,SILVERM27MAR277500CE,SILVERM,24MAR2027,27750000.000000,1,OPTFUT,NCO,50.000000,120,False
123522,SILVERM27JUL229250CE,SILVERM,23JUL2027,22925000.000000,1,OPTFUT,NCO,50.000000,120,False
123525,SILVERM27JUL229500PE,SILVERM,23JUL2027,22950000.000000,1,OPTFUT,NCO,50.000000,120,False
123529,GOLD27MAY165900CE,GOLD,28MAY2027,16590000.000000,1,OPTFUT,NCO,50.000000,10,False
123530,GOLD27MAY165900PE,GOLD,28MAY2027,16590000.000000,1,OPTFUT,NCO,50.000000,10,False
127820,SILVER27MAR230250PE,SILVER,02MAR2027,23025000.000000,1,OPTBLN,NCO,50.000000,20,False
127826,SILVER27MAR231000PE,SILVER,02MAR2027,23100000.000000,1,OPTBLN,NCO,50.000000,20,False
127835,SILVERM27JAN309500CE,SILVERM,21JAN2027,30950000.000000,1,OPTFUT,NCO,50.000000,120,False
127836,SILVERM27JAN309500PE,SILVERM,21JAN2027,30950000.000000,1,OPTFUT,NCO,50.000000,120,False
123536,SILVERM26OCT186000PE,SILVERM,23OCT2026,18600000.000000,1,OPTFUT,NCO,50.000000,120,False
123563,SILVERM26OCT189250CE,SILVERM,23OCT2026,18925000.000000,1,OPTFUT,NCO,50.000000,120,False
123592,SILVERM26OCT191750CE,SILVERM,23OCT2026,19175000.000000,1,OPTFUT,NCO,50.000000,120,False
123603,SILVER26DEC201000PE,SILVER,01DEC2026,20100000.000000,1,OPTBLN,NCO,50.000000,20,False
166210,SILVERM26DEC382500PE,SILVERM,23DEC2026,38250000.000000,1,OPTFUT,NCO,50.000000,120,False
166220,SILVERM26DEC383750PE,SILVERM,23DEC2026,38375000.000000,1,OPTFUT,NCO,50.000000,120,False
166230,SILVERM26DEC385000PE,SILVERM,23DEC2026,38500000.000000,1,OPTFUT,NCO,50.000000,120,False
166237,SILVERM26DEC386000CE,SILVERM,23DEC2026,38600000.000000,1,OPTFUT,NCO,50.000000,120,False
127838,SILVERM27JAN309750PE,SILVERM,21JAN2027,30975000.000000,1,OPTFUT,NCO,50.000000,120,False
127844,SILVERM27JAN310500PE,SILVERM,21JAN2027,31050000.000000,1,OPTFUT,NCO,50.000000,120,False
127848,SILVERM27JAN311000PE,SILVERM,21JAN2027,31100000.000000,1,OPTFUT,NCO,50.000000,120,False
127852,SILVERM27JAN311500PE,SILVERM,21JAN2027,31150000.000000,1,OPTFUT,NCO,50.000000,120,False
166254,SILVERM26DEC388000PE,SILVERM,23DEC2026,38800000.000000,1,OPTFUT,NCO,50.000000,120,False
168188,GOLD26SEP174900PE,GOLD,25SEP2026,17490000.000000,1,OPTFUT,NCO,50.000000,10,False
168192,GOLD26SEP175100PE,GOLD,25SEP2026,17510000.000000,1,OPTFUT,NCO,50.000000,10,False
168193,GOLD26SEP175200CE,GOLD,25SEP2026,17520000.000000,1,OPTFUT,NCO,50.000000,10,False
123604,SILVER26DEC201250CE,SILVER,01DEC2026,20125000.000000,1,OPTBLN,NCO,50.000000,20,False
123614,SILVER26DEC202500CE,SILVER,01DEC2026,20250000.000000,1,OPTBLN,NCO,50.000000,20,False
123635,SILVERM26NOV181250CE,SILVERM,23NOV2026,18125000.000000,1,OPTFUT,NCO,50.000000,120,False
123646,SILVERM26NOV182500PE,SILVERM,23NOV2026,18250000.000000,1,OPTFUT,NCO,50.000000,120,False
127856,SILVERM27JAN312000PE,SILVERM,21JAN2027,31200000.000000,1,OPTFUT,NCO,50.000000,120,False
127857,SILVERM27JAN312250CE,SILVERM,21JAN2027,31225000.000000,1,OPTFUT,NCO,50.000000,120,False
127858,SILVERM27JAN312250PE,SILVERM,21JAN2027,31225000.000000,1,OPTFUT,NCO,50.000000,120,False
127867,SILVER26DEC237750CE,SILVER,01DEC2026,23775000.000000,1,OPTBLN,NCO,50.000000,20,False
168201,GOLD26SEP175600CE,GOLD,25SEP2026,17560000.000000,1,OPTFUT,NCO,50.000000,10,False
168217,GOLD26SEP176400CE,GOLD,25SEP2026,17640000.000000,1,OPTFUT,NCO,50.000000,10,False
168224,GOLD26SEP176700PE,GOLD,25SEP2026,17670000.000000,1,OPTFUT,NCO,50.000000,10,False
168247,GOLD26SEP177900CE,GOLD,25SEP2026,17790000.000000,1,OPTFUT,NCO,50.000000,10,False
123660,SILVERM26NOV184250PE,SILVERM,23NOV2026,18425000.000000,1,OPTFUT,NCO,50.000000,120,False
123661,SILVERM26NOV184500CE,SILVERM,23NOV2026,18450000.000000,1,OPTFUT,NCO,50.000000,120,False
123690,SILVERM27JAN358500CE,SILVERM,21JAN2027,35850000.000000,1,OPTFUT,NCO,50.000000,120,False
127868,SILVER26DEC237750PE,SILVER,01DEC2026,23775000.000000,1,OPTBLN,NCO,50.000000,20,False
127905,ZINC26SEP395CE,ZINC,23SEP2026,39500.000000,1,OPTFUT,NCO,1.000000,20,False
127915,SILVERM27MAR230750PE,SILVERM,24MAR2027,23075000.000000,1,OPTFUT,NCO,50.000000,120,False
127942,GOLD26OCT132700CE,GOLD,29OCT2026,13270000.000000,1,OPTFUT,NCO,50.000000,10,False
168267,GOLD26SEP178900CE,GOLD,25SEP2026,17890000.000000,1,OPTFUT,NCO,50.000000,10,False
168271,GOLD26SEP179100CE,GOLD,25SEP2026,17910000.000000,1,OPTFUT,NCO,50.000000,10,False
168274,GOLD26SEP179200PE,GOLD,25SEP2026,17920000.000000,1,OPTFUT,NCO,50.000000,10,False
168279,GOLD26SEP179500CE,GOLD,25SEP2026,17950000.000000,1,OPTFUT,NCO,50.000000,10,False
123671,SILVERM26NOV185750CE,SILVERM,23NOV2026,18575000.000000,1,OPTFUT,NCO,50.000000,120,False
123696,SILVERM27JAN359000CE,SILVERM,21JAN2027,35900000.000000,1,OPTFUT,NCO,50.000000,120,False
123698,SILVERM27JAN359250CE,SILVERM,21JAN2027,35925000.000000,1,OPTFUT,NCO,50.000000,120,False
123706,SILVERM26NOV187250PE,SILVERM,23NOV2026,18725000.000000,1,OPTFUT,NCO,50.000000,120,False
123708,SILVERM26NOV187500PE,SILVERM,23NOV2026,18750000.000000,1,OPTFUT,NCO,50.000000,120,False
127949,GOLD26OCT133000PE,GOLD,29OCT2026,13300000.000000,1,OPTFUT,NCO,50.000000,10,False
127950,GOLD26OCT133100CE,GOLD,29OCT2026,13310000.000000,1,OPTFUT,NCO,50.000000,10,False
127967,SILVER26DEC240750CE,SILVER,01DEC2026,24075000.000000,1,OPTBLN,NCO,50.000000,20,False
127969,SILVERM27MAR280000CE,SILVERM,24MAR2027,28000000.000000,1,OPTFUT,NCO,50.000000,120,False
168302,GOLD26SEP180600PE,GOLD,25SEP2026,18060000.000000,1,OPTFUT,NCO,50.000000,10,False
168308,GOLD26SEP180900PE,GOLD,25SEP2026,18090000.000000,1,OPTFUT,NCO,50.000000,10,False
168350,GOLD26SEP183000PE,GOLD,25SEP2026,18300000.000000,1,OPTFUT,NCO,50.000000,10,False
168362,GOLD26SEP183600PE,GOLD,25SEP2026,18360000.000000,1,OPTFUT,NCO,50.000000,10,False
168377,GOLD26SEP184400CE,GOLD,25SEP2026,18440000.000000,1,OPTFUT,NCO,50.000000,10,False
168385,GOLD26SEP184800CE,GOLD,25SEP2026,18480000.000000,1,OPTFUT,NCO,50.000000,10,False
168398,GOLD26OCT175400PE,GOLD,29OCT2026,17540000.000000,1,OPTFUT,NCO,50.000000,10,False
168400,GOLD26OCT175500PE,GOLD,29OCT2026,17550000.000000,1,OPTFUT,NCO,50.000000,10,False
123726,SILVERM26NOV189750PE,SILVERM,23NOV2026,18975000.000000,1,OPTFUT,NCO,50.000000,120,False
123727,SILVERM26NOV190000CE,SILVERM,23NOV2026,19000000.000000,1,OPTFUT,NCO,50.000000,120,False
123736,SILVERM26NOV191000PE,SILVERM,23NOV2026,19100000.000000,1,OPTFUT,NCO,50.000000,120,False
123740,SILVERM26NOV191500PE,SILVERM,23NOV2026,19150000.000000,1,OPTFUT,NCO,50.000000,120,False
127987,SILVERM27MAY269500CE,SILVERM,24MAY2027,26950000.000000,1,OPTFUT,NCO,50.000000,120,False
127989,SILVERM27MAY269750CE,SILVERM,24MAY2027,26975000.000000,1,OPTFUT,NCO,50.000000,120,False
128016,SILVER27MAR232500PE,SILVER,02MAR2027,23250000.000000,1,OPTBLN,NCO,50.000000,20,False
128018,SILVER27MAR232750PE,SILVER,02MAR2027,23275000.000000,1,OPTBLN,NCO,50.000000,20,False
123743,SILVERM26NOV192000CE,SILVERM,23NOV2026,19200000.000000,1,OPTFUT,NCO,50.000000,120,False
123763,COPPER26DEC1450PE,COPPER,23DEC2026,145000.000000,1,OPTFUT,NCO,1.000000,70,False
123767,COPPER26DEC1455PE,COPPER,23DEC2026,145500.000000,1,OPTFUT,NCO,1.000000,70,False
123772,SILVERM27AUG245500CE,SILVERM,24AUG2027,24550000.000000,1,OPTFUT,NCO,50.000000,120,False
128023,SILVER27MAR233500CE,SILVER,02MAR2027,23350000.000000,1,OPTBLN,NCO,50.000000,20,False
128042,SILVER27MAR235750PE,SILVER,02MAR2027,23575000.000000,1,OPTBLN,NCO,50.000000,20,False
128050,SILVERM27JAN312500PE,SILVERM,21JAN2027,31250000.000000,1,OPTFUT,NCO,50.000000,120,False
128053,SILVERM27JAN313000CE,SILVERM,21JAN2027,31300000.000000,1,OPTFUT,NCO,50.000000,120,False
168412,GOLD26OCT176100PE,GOLD,29OCT2026,17610000.000000,1,OPTFUT,NCO,50.000000,10,False
168413,GOLD26OCT176200CE,GOLD,29OCT2026,17620000.000000,1,OPTFUT,NCO,50.000000,10,False
168417,GOLD26OCT176400CE,GOLD,29OCT2026,17640000.000000,1,OPTFUT,NCO,50.000000,10,False
168429,GOLD26OCT177000CE,GOLD,29OCT2026,17700000.000000,1,OPTFUT,NCO,50.000000,10,False
128057,SILVERM27JAN313500CE,SILVERM,21JAN2027,31350000.000000,1,OPTFUT,NCO,50.000000,120,False
128066,SILVERM27JAN314500PE,SILVERM,21JAN2027,31450000.000000,1,OPTFUT,NCO,50.000000,120,False
128081,SILVERM27JAN316500CE,SILVERM,21JAN2027,31650000.000000,1,OPTFUT,NCO,50.000000,120,False
128094,SILVER26DEC242250CE,SILVER,01DEC2026,24225000.000000,1,OPTBLN,NCO,50.000000,20,False
168433,GOLD26OCT177200CE,GOLD,29OCT2026,17720000.000000,1,OPTFUT,NCO,50.000000,10,False
168444,GOLD26OCT177700PE,GOLD,29OCT2026,17770000.000000,1,OPTFUT,NCO,50.000000,10,False
168445,GOLD26OCT177800CE,GOLD,29OCT2026,17780000.000000,1,OPTFUT,NCO,50.000000,10,False
168461,GOLD26OCT178600CE,GOLD,29OCT2026,17860000.000000,1,OPTFUT,NCO,50.000000,10,False
123774,SILVERM27AUG245750CE,SILVERM,24AUG2027,24575000.000000,1,OPTFUT,NCO,50.000000,120,False
123781,SILVERM26OCT158750PE,SILVERM,23OCT2026,15875000.000000,1,OPTFUT,NCO,50.000000,120,False
123782,SILVERM26OCT159000CE,SILVERM,23OCT2026,15900000.000000,1,OPTFUT,NCO,50.000000,120,False
123799,SILVERM26OCT161000PE,SILVERM,23OCT2026,16100000.000000,1,OPTFUT,NCO,50.000000,120,False
168483,GOLD26OCT179700CE,GOLD,29OCT2026,17970000.000000,1,OPTFUT,NCO,50.000000,10,False
168489,GOLD26OCT180000CE,GOLD,29OCT2026,18000000.000000,1,OPTFUT,NCO,50.000000,10,False
168491,GOLD26OCT180100CE,GOLD,29OCT2026,18010000.000000,1,OPTFUT,NCO,50.000000,10,False
168504,GOLD26OCT180700PE,GOLD,29OCT2026,18070000.000000,1,OPTFUT,NCO,50.000000,10,False
123817,SILVERM27JAN360500CE,SILVERM,21JAN2027,36050000.000000,1,OPTFUT,NCO,50.000000,120,False
123823,GOLDM26SEP146200PE,GOLDM,25SEP2026,14620000.000000,1,OPTFUT,NCO,50.000000,100,False
123826,GOLDM26SEP146400CE,GOLDM,25SEP2026,14640000.000000,1,OPTFUT,NCO,50.000000,100,False
123828,GOLDM26SEP146500CE,GOLDM,25SEP2026,14650000.000000,1,OPTFUT,NCO,50.000000,100,False
128102,SILVER26DEC243250CE,SILVER,01DEC2026,24325000.000000,1,OPTBLN,NCO,50.000000,20,False
128115,SILVER26DEC244750PE,SILVER,01DEC2026,24475000.000000,1,OPTBLN,NCO,50.000000,20,False
128117,GOLD26OCT133500PE,GOLD,29OCT2026,13350000.000000,1,OPTFUT,NCO,50.000000,10,False
128126,SILVERM27JAN316750CE,SILVERM,21JAN2027,31675000.000000,1,OPTFUT,NCO,50.000000,120,False
168509,GOLD26OCT181000CE,GOLD,29OCT2026,18100000.000000,1,OPTFUT,NCO,50.000000,10,False
168514,GOLD26OCT181200PE,GOLD,29OCT2026,18120000.000000,1,OPTFUT,NCO,50.000000,10,False
168530,GOLD26OCT182000PE,GOLD,29OCT2026,18200000.000000,1,OPTFUT,NCO,50.000000,10,False
168535,GOLD26OCT182300CE,GOLD,29OCT2026,18230000.000000,1,OPTFUT,NCO,50.000000,10,False
123831,COPPER26SEP1400CE,COPPER,23SEP2026,140000.000000,1,OPTFUT,NCO,1.000000,70,False
123847,SILVERM27AUG247500PE,SILVERM,24AUG2027,24750000.000000,1,OPTFUT,NCO,50.000000,120,False
123858,SILVERM26OCT161500CE,SILVERM,23OCT2026,16150000.000000,1,OPTFUT,NCO,50.000000,120,False
123862,SILVERM27JUL233250PE,SILVERM,23JUL2027,23325000.000000,1,OPTFUT,NCO,50.000000,120,False
128136,SILVERM27JAN318000CE,SILVERM,21JAN2027,31800000.000000,1,OPTFUT,NCO,50.000000,120,False
128149,SILVERM27JAN319500PE,SILVERM,21JAN2027,31950000.000000,1,OPTFUT,NCO,50.000000,120,False
128175,SILVERM27MAR235000PE,SILVERM,24MAR2027,23500000.000000,1,OPTFUT,NCO,50.000000,120,False
128177,SILVERM27FEB304750CE,SILVERM,19FEB2027,30475000.000000,1,OPTFUT,NCO,50.000000,120,False
168536,GOLD26OCT182300PE,GOLD,29OCT2026,18230000.000000,1,OPTFUT,NCO,50.000000,10,False
168544,GOLD26OCT182700PE,GOLD,29OCT2026,18270000.000000,1,OPTFUT,NCO,50.000000,10,False
168546,GOLD26OCT182800PE,GOLD,29OCT2026,18280000.000000,1,OPTFUT,NCO,50.000000,10,False
168548,GOLD26OCT182900PE,GOLD,29OCT2026,18290000.000000,1,OPTFUT,NCO,50.000000,10,False
128185,SILVERM26OCT167500PE,SILVERM,23OCT2026,16750000.000000,1,OPTFUT,NCO,50.000000,120,False
128187,SILVERM26OCT167750PE,SILVERM,23OCT2026,16775000.000000,1,OPTFUT,NCO,50.000000,120,False
128201,SILVERM27MAR236250PE,SILVERM,24MAR2027,23625000.000000,1,OPTFUT,NCO,50.000000,120,False
128207,SILVERM27MAR237000PE,SILVERM,24MAR2027,23700000.000000,1,OPTFUT,NCO,50.000000,120,False
123869,SILVERM27JUL234250CE,SILVERM,23JUL2027,23425000.000000,1,OPTFUT,NCO,50.000000,120,False
123879,SILVERM26OCT161750PE,SILVERM,23OCT2026,16175000.000000,1,OPTFUT,NCO,50.000000,120,False
123887,SILVERM27APR255500PE,SILVERM,23APR2027,25550000.000000,1,OPTFUT,NCO,50.000000,120,False
123890,SILVERM26OCT162750CE,SILVERM,23OCT2026,16275000.000000,1,OPTFUT,NCO,50.000000,120,False
168575,GOLD26OCT184300CE,GOLD,29OCT2026,18430000.000000,1,OPTFUT,NCO,50.000000,10,False
168577,GOLD26OCT184400CE,GOLD,29OCT2026,18440000.000000,1,OPTFUT,NCO,50.000000,10,False
168596,GOLD26OCT185300PE,GOLD,29OCT2026,18530000.000000,1,OPTFUT,NCO,50.000000,10,False
168600,GOLD26OCT185500PE,GOLD,29OCT2026,18550000.000000,1,OPTFUT,NCO,50.000000,10,False
128209,SILVERM27MAR237250PE,SILVERM,24MAR2027,23725000.000000,1,OPTFUT,NCO,50.000000,120,False
128218,SILVERM27MAR238500CE,SILVERM,24MAR2027,23850000.000000,1,OPTFUT,NCO,50.000000,120,False
128244,SILVERM27MAR283750CE,SILVERM,24MAR2027,28375000.000000,1,OPTFUT,NCO,50.000000,120,False
128267,SILVERM27MAR286500PE,SILVERM,24MAR2027,28650000.000000,1,OPTFUT,NCO,50.000000,120,False
168609,GOLD26OCT186000CE,GOLD,29OCT2026,18600000.000000,1,OPTFUT,NCO,50.000000,10,False
168616,GOLD26OCT186300PE,GOLD,29OCT2026,18630000.000000,1,OPTFUT,NCO,50.000000,10,False
168650,GOLD26NOV177900PE,GOLD,27NOV2026,17790000.000000,1,OPTFUT,NCO,50.000000,10,False
168660,GOLD26NOV178400PE,GOLD,27NOV2026,17840000.000000,1,OPTFUT,NCO,50.000000,10,False
123894,SILVERM27APR255750PE,SILVERM,23APR2027,25575000.000000,1,OPTFUT,NCO,50.000000,120,False
123900,COPPER26OCT1370CE,COPPER,23OCT2026,137000.000000,1,OPTFUT,NCO,1.000000,70,False
123903,COPPER26OCT1375PE,COPPER,23OCT2026,137500.000000,1,OPTFUT,NCO,1.000000,70,False
123921,GOLDM26SEP147600PE,GOLDM,25SEP2026,14760000.000000,1,OPTFUT,NCO,50.000000,100,False
128273,SILVERM27APR277750PE,SILVERM,23APR2027,27775000.000000,1,OPTFUT,NCO,50.000000,120,False
128288,SILVERM27APR279750CE,SILVERM,23APR2027,27975000.000000,1,OPTFUT,NCO,50.000000,120,False
128293,SILVERM27APR280250PE,SILVERM,23APR2027,28025000.000000,1,OPTFUT,NCO,50.000000,120,False
128306,SILVERM27APR282000CE,SILVERM,23APR2027,28200000.000000,1,OPTFUT,NCO,50.000000,120,False
168661,GOLD26NOV178500CE,GOLD,27NOV2026,17850000.000000,1,OPTFUT,NCO,50.000000,10,False
168676,GOLD26NOV179200PE,GOLD,27NOV2026,17920000.000000,1,OPTFUT,NCO,50.000000,10,False
168717,GOLD26NOV181300CE,GOLD,27NOV2026,18130000.000000,1,OPTFUT,NCO,50.000000,10,False
168732,GOLD26NOV182000PE,GOLD,27NOV2026,18200000.000000,1,OPTFUT,NCO,50.000000,10,False
123923,GOLDM26SEP147700PE,GOLDM,25SEP2026,14770000.000000,1,OPTFUT,NCO,50.000000,100,False
123943,GOLDM26SEP147900PE,GOLDM,25SEP2026,14790000.000000,1,OPTFUT,NCO,50.000000,100,False
123962,SILVERM27APR258250CE,SILVERM,23APR2027,25825000.000000,1,OPTFUT,NCO,50.000000,120,False
123974,SILVERM26OCT164250PE,SILVERM,23OCT2026,16425000.000000,1,OPTFUT,NCO,50.000000,120,False
128348,SILVERM27MAR232750PE,SILVERM,24MAR2027,23275000.000000,1,OPTFUT,NCO,50.000000,120,False
128355,SILVERM27APR230000CE,SILVERM,23APR2027,23000000.000000,1,OPTFUT,NCO,50.000000,120,False
128360,SILVERM26SEP196500PE,SILVERM,23SEP2026,19650000.000000,1,OPTFUT,NCO,50.000000,120,False
128366,SILVERM26SEP197250PE,SILVERM,23SEP2026,19725000.000000,1,OPTFUT,NCO,50.000000,120,False
168746,GOLD26NOV182700PE,GOLD,27NOV2026,18270000.000000,1,OPTFUT,NCO,50.000000,10,False
168748,GOLD26NOV182800PE,GOLD,27NOV2026,18280000.000000,1,OPTFUT,NCO,50.000000,10,False
168749,GOLD26NOV182900CE,GOLD,27NOV2026,18290000.000000,1,OPTFUT,NCO,50.000000,10,False
168751,GOLD26NOV183000CE,GOLD,27NOV2026,18300000.000000,1,OPTFUT,NCO,50.000000,10,False
123998,SILVERM27APR259750PE,SILVERM,23APR2027,25975000.000000,1,OPTFUT,NCO,50.000000,120,False
124030,SILVERM27FEB278750PE,SILVERM,19FEB2027,27875000.000000,1,OPTFUT,NCO,50.000000,120,False
124031,SILVERM27FEB279000CE,SILVERM,19FEB2027,27900000.000000,1,OPTFUT,NCO,50.000000,120,False
124035,SILVERM27FEB279500CE,SILVERM,19FEB2027,27950000.000000,1,OPTFUT,NCO,50.000000,120,False
128380,SILVERM26SEP199000PE,SILVERM,23SEP2026,19900000.000000,1,OPTFUT,NCO,50.000000,120,False
128381,SILVERM26SEP199250CE,SILVERM,23SEP2026,19925000.000000,1,OPTFUT,NCO,50.000000,120,False
128386,SILVERM26SEP199750PE,SILVERM,23SEP2026,19975000.000000,1,OPTFUT,NCO,50.000000,120,False
128387,SILVERM26SEP200000CE,SILVERM,23SEP2026,20000000.000000,1,OPTFUT,NCO,50.000000,120,False
168756,GOLD26NOV183200PE,GOLD,27NOV2026,18320000.000000,1,OPTFUT,NCO,50.000000,10,False
168765,GOLD26NOV183700CE,GOLD,27NOV2026,18370000.000000,1,OPTFUT,NCO,50.000000,10,False
168773,GOLD26NOV184100CE,GOLD,27NOV2026,18410000.000000,1,OPTFUT,NCO,50.000000,10,False
168779,GOLD26NOV184400CE,GOLD,27NOV2026,18440000.000000,1,OPTFUT,NCO,50.000000,10,False
124058,SILVERM27FEB282250PE,SILVERM,19FEB2027,28225000.000000,1,OPTFUT,NCO,50.000000,120,False
124077,GOLD26SEP145200PE,GOLD,25SEP2026,14520000.000000,1,OPTFUT,NCO,50.000000,10,False
124082,GOLD26OCT145900CE,GOLD,29OCT2026,14590000.000000,1,OPTFUT,NCO,50.000000,10,False
124092,NATURALGAS26NOV315CE,NATURALGAS,18NOV2026,31500.000000,1,OPTFUT,NCO,5.000000,48,False
128396,SILVERM26OCT195750PE,SILVERM,23OCT2026,19575000.000000,1,OPTFUT,NCO,50.000000,120,False
128398,SILVERM26OCT196000PE,SILVERM,23OCT2026,19600000.000000,1,OPTFUT,NCO,50.000000,120,False
128406,SILVERM27JAN322250PE,SILVERM,21JAN2027,32225000.000000,1,OPTFUT,NCO,50.000000,120,False
128419,SILVERM27JAN324000CE,SILVERM,21JAN2027,32400000.000000,1,OPTFUT,NCO,50.000000,120,False
168788,GOLD26NOV184800PE,GOLD,27NOV2026,18480000.000000,1,OPTFUT,NCO,50.000000,10,False
168807,GOLD26NOV185800CE,GOLD,27NOV2026,18580000.000000,1,OPTFUT,NCO,50.000000,10,False
168808,GOLD26NOV185800PE,GOLD,27NOV2026,18580000.000000,1,OPTFUT,NCO,50.000000,10,False
168809,GOLD26NOV185900CE,GOLD,27NOV2026,18590000.000000,1,OPTFUT,NCO,50.000000,10,False
168818,GOLD26NOV186300PE,GOLD,27NOV2026,18630000.000000,1,OPTFUT,NCO,50.000000,10,False
168823,GOLD26NOV186600CE,GOLD,27NOV2026,18660000.000000,1,OPTFUT,NCO,50.000000,10,False
168828,GOLD26NOV186800PE,GOLD,27NOV2026,18680000.000000,1,OPTFUT,NCO,50.000000,10,False
168840,GOLD26DEC177300PE,GOLD,29DEC2026,17730000.000000,1,OPTFUT,NCO,50.000000,10,False
124094,NATURALGAS26NOV320CE,NATURALGAS,18NOV2026,32000.000000,1,OPTFUT,NCO,5.000000,48,False
124104,NATURALGAS26NOV340CE,NATURALGAS,18NOV2026,34000.000000,1,OPTFUT,NCO,5.000000,48,False
124108,NATURALGAS26NOV350CE,NATURALGAS,18NOV2026,35000.000000,1,OPTFUT,NCO,5.000000,48,False
124133,SILVERM27JUL236500CE,SILVERM,23JUL2027,23650000.000000,1,OPTFUT,NCO,50.000000,120,False
128426,SILVERM27JAN324750PE,SILVERM,21JAN2027,32475000.000000,1,OPTFUT,NCO,50.000000,120,False
128431,SILVERM27JAN325500CE,SILVERM,21JAN2027,32550000.000000,1,OPTFUT,NCO,50.000000,120,False
128440,SILVERM27JAN326500PE,SILVERM,21JAN2027,32650000.000000,1,OPTFUT,NCO,50.000000,120,False
128449,SILVERM27MAR266500PE,SILVERM,24MAR2027,26650000.000000,1,OPTFUT,NCO,50.000000,120,False
168845,GOLD26DEC177600CE,GOLD,29DEC2026,17760000.000000,1,OPTFUT,NCO,50.000000,10,False
168846,GOLD26DEC177600PE,GOLD,29DEC2026,17760000.000000,1,OPTFUT,NCO,50.000000,10,False
168854,GOLD26DEC178000PE,GOLD,29DEC2026,17800000.000000,1,OPTFUT,NCO,50.000000,10,False
168858,GOLD26DEC178200PE,GOLD,29DEC2026,17820000.000000,1,OPTFUT,NCO,50.000000,10,False
124135,GOLD27MAY168400PE,GOLD,28MAY2027,16840000.000000,1,OPTFUT,NCO,50.000000,10,False
124139,SILVERM27MAY273500CE,SILVERM,24MAY2027,27350000.000000,1,OPTFUT,NCO,50.000000,120,False
124150,SILVERM27FEB284750CE,SILVERM,19FEB2027,28475000.000000,1,OPTFUT,NCO,50.000000,120,False
124166,GOLDM26NOV155800CE,GOLDM,27NOV2026,15580000.000000,1,OPTFUT,NCO,50.000000,100,False
128451,SILVERM27MAR266750PE,SILVERM,24MAR2027,26675000.000000,1,OPTFUT,NCO,50.000000,120,False
128473,GOLD27MAR158000CE,GOLD,29MAR2027,15800000.000000,1,OPTFUT,NCO,50.000000,10,False
128476,GOLD27MAR158100PE,GOLD,29MAR2027,15810000.000000,1,OPTFUT,NCO,50.000000,10,False
128481,GOLD27MAR158400CE,GOLD,29MAR2027,15840000.000000,1,OPTFUT,NCO,50.000000,10,False
168859,GOLD26DEC178300CE,GOLD,29DEC2026,17830000.000000,1,OPTFUT,NCO,50.000000,10,False
168869,GOLD26DEC178800CE,GOLD,29DEC2026,17880000.000000,1,OPTFUT,NCO,50.000000,10,False
168883,GOLD26DEC179500CE,GOLD,29DEC2026,17950000.000000,1,OPTFUT,NCO,50.000000,10,False
168886,GOLD26DEC179600PE,GOLD,29DEC2026,17960000.000000,1,OPTFUT,NCO,50.000000,10,False
124176,SILVERM27FEB286500CE,SILVERM,19FEB2027,28650000.000000,1,OPTFUT,NCO,50.000000,120,False
124177,GOLD27MAR147400PE,GOLD,29MAR2027,14740000.000000,1,OPTFUT,NCO,50.000000,10,False
124187,GOLDM26NOV156000PE,GOLDM,27NOV2026,15600000.000000,1,OPTFUT,NCO,50.000000,100,False
124201,SILVERM27MAR234000PE,SILVERM,24MAR2027,23400000.000000,1,OPTFUT,NCO,50.000000,120,False
128518,SILVERM27FEB307750PE,SILVERM,19FEB2027,30775000.000000,1,OPTFUT,NCO,50.000000,120,False
128520,SILVERM27FEB308000PE,SILVERM,19FEB2027,30800000.000000,1,OPTFUT,NCO,50.000000,120,False
128527,SILVERM27FEB309000CE,SILVERM,19FEB2027,30900000.000000,1,OPTFUT,NCO,50.000000,120,False
128538,SILVERM27FEB310250PE,SILVERM,19FEB2027,31025000.000000,1,OPTFUT,NCO,50.000000,120,False
168887,GOLD26DEC179700CE,GOLD,29DEC2026,17970000.000000,1,OPTFUT,NCO,50.000000,10,False
168889,GOLD26DEC179800CE,GOLD,29DEC2026,17980000.000000,1,OPTFUT,NCO,50.000000,10,False
168893,GOLD26DEC180000CE,GOLD,29DEC2026,18000000.000000,1,OPTFUT,NCO,50.000000,10,False
168894,GOLD26DEC180000PE,GOLD,29DEC2026,18000000.000000,1,OPTFUT,NCO,50.000000,10,False
168903,GOLD26DEC180500CE,GOLD,29DEC2026,18050000.000000,1,OPTFUT,NCO,50.000000,10,False
168905,GOLD26DEC180600CE,GOLD,29DEC2026,18060000.000000,1,OPTFUT,NCO,50.000000,10,False
168908,GOLD26DEC180700PE,GOLD,29DEC2026,18070000.000000,1,OPTFUT,NCO,50.000000,10,False
168914,GOLD26DEC181000PE,GOLD,29DEC2026,18100000.000000,1,OPTFUT,NCO,50.000000,10,False
124203,GOLD27APR154000PE,GOLD,28APR2027,15400000.000000,1,OPTFUT,NCO,50.000000,10,False
124206,GOLD27APR154200CE,GOLD,28APR2027,15420000.000000,1,OPTFUT,NCO,50.000000,10,False
124238,SILVERM27FEB287000PE,SILVERM,19FEB2027,28700000.000000,1,OPTFUT,NCO,50.000000,120,False
124244,GOLD27APR155800PE,GOLD,28APR2027,15580000.000000,1,OPTFUT,NCO,50.000000,10,False
128548,SILVERM27FEB311500PE,SILVERM,19FEB2027,31150000.000000,1,OPTFUT,NCO,50.000000,120,False
128555,SILVERM27FEB312500CE,SILVERM,19FEB2027,31250000.000000,1,OPTFUT,NCO,50.000000,120,False
128558,SILVERM27FEB312750PE,SILVERM,19FEB2027,31275000.000000,1,OPTFUT,NCO,50.000000,120,False
128561,SILVERM27FEB313250CE,SILVERM,19FEB2027,31325000.000000,1,OPTFUT,NCO,50.000000,120,False
128576,SILVERM27FEB315000PE,SILVERM,19FEB2027,31500000.000000,1,OPTFUT,NCO,50.000000,120,False
128580,SILVERM27FEB315500PE,SILVERM,19FEB2027,31550000.000000,1,OPTFUT,NCO,50.000000,120,False
128593,SILVERM27JUN251000PE,SILVERM,23JUN2027,25100000.000000,1,OPTFUT,NCO,50.000000,120,False
128598,SILVERM27JUN251750CE,SILVERM,23JUN2027,25175000.000000,1,OPTFUT,NCO,50.000000,120,False
168916,GOLD26DEC181100PE,GOLD,29DEC2026,18110000.000000,1,OPTFUT,NCO,50.000000,10,False
168926,GOLD26DEC181600PE,GOLD,29DEC2026,18160000.000000,1,OPTFUT,NCO,50.000000,10,False
168966,GOLD26DEC183600PE,GOLD,29DEC2026,18360000.000000,1,OPTFUT,NCO,50.000000,10,False
168982,GOLD26DEC184400PE,GOLD,29DEC2026,18440000.000000,1,OPTFUT,NCO,50.000000,10,False
124250,SILVER26DEC203500PE,SILVER,01DEC2026,20350000.000000,1,OPTBLN,NCO,50.000000,20,False
124256,GOLD27APR156100CE,GOLD,28APR2027,15610000.000000,1,OPTFUT,NCO,50.000000,10,False
124259,GOLD27APR156200PE,GOLD,28APR2027,15620000.000000,1,OPTFUT,NCO,50.000000,10,False
124262,GOLD26NOV146500CE,GOLD,27NOV2026,14650000.000000,1,OPTFUT,NCO,50.000000,10,False
128601,GOLD27MAR158500PE,GOLD,29MAR2027,15850000.000000,1,OPTFUT,NCO,50.000000,10,False
128603,GOLD27MAR158600PE,GOLD,29MAR2027,15860000.000000,1,OPTFUT,NCO,50.000000,10,False
128608,GOLD27MAR158900CE,GOLD,29MAR2027,15890000.000000,1,OPTFUT,NCO,50.000000,10,False
128614,GOLD27MAR159200CE,GOLD,29MAR2027,15920000.000000,1,OPTFUT,NCO,50.000000,10,False
168996,GOLD26DEC185100PE,GOLD,29DEC2026,18510000.000000,1,OPTFUT,NCO,50.000000,10,False
168999,GOLD26DEC185300CE,GOLD,29DEC2026,18530000.000000,1,OPTFUT,NCO,50.000000,10,False
169007,GOLD26DEC185700CE,GOLD,29DEC2026,18570000.000000,1,OPTFUT,NCO,50.000000,10,False
169021,GOLD26DEC186400CE,GOLD,29DEC2026,18640000.000000,1,OPTFUT,NCO,50.000000,10,False
124268,GOLD26NOV146600CE,GOLD,27NOV2026,14660000.000000,1,OPTFUT,NCO,50.000000,10,False
124281,SILVERM27FEB287250CE,SILVERM,19FEB2027,28725000.000000,1,OPTFUT,NCO,50.000000,120,False
124284,SILVERM27MAR241250PE,SILVERM,24MAR2027,24125000.000000,1,OPTFUT,NCO,50.000000,120,False
124316,SILVERM27FEB287500PE,SILVERM,19FEB2027,28750000.000000,1,OPTFUT,NCO,50.000000,120,False
128618,GOLD27MAR159400CE,GOLD,29MAR2027,15940000.000000,1,OPTFUT,NCO,50.000000,10,False
128624,GOLD27MAR159700CE,GOLD,29MAR2027,15970000.000000,1,OPTFUT,NCO,50.000000,10,False
128626,GOLD27MAR159800CE,GOLD,29MAR2027,15980000.000000,1,OPTFUT,NCO,50.000000,10,False
128629,SILVER26DEC245500CE,SILVER,01DEC2026,24550000.000000,1,OPTBLN,NCO,50.000000,20,False
169023,GOLD26DEC186500CE,GOLD,29DEC2026,18650000.000000,1,OPTFUT,NCO,50.000000,10,False
169027,GOLD26DEC186700CE,GOLD,29DEC2026,18670000.000000,1,OPTFUT,NCO,50.000000,10,False
169030,GOLD26DEC186800PE,GOLD,29DEC2026,18680000.000000,1,OPTFUT,NCO,50.000000,10,False
169040,GOLD26DEC187300PE,GOLD,29DEC2026,18730000.000000,1,OPTFUT,NCO,50.000000,10,False
170806,SILVERM26SEP384000PE,SILVERM,23SEP2026,38400000.000000,1,OPTFUT,NCO,50.000000,120,False
170818,SILVERM26SEP385500PE,SILVERM,23SEP2026,38550000.000000,1,OPTFUT,NCO,50.000000,120,False
170826,SILVERM26SEP386500PE,SILVERM,23SEP2026,38650000.000000,1,OPTFUT,NCO,50.000000,120,False
170829,SILVERM26SEP387000CE,SILVERM,23SEP2026,38700000.000000,1,OPTFUT,NCO,50.000000,120,False
124321,SILVERM26DEC237500PE,SILVERM,23DEC2026,23750000.000000,1,OPTFUT,NCO,50.000000,120,False
124325,GOLD27APR156400CE,GOLD,28APR2027,15640000.000000,1,OPTFUT,NCO,50.000000,10,False
124326,GOLD27APR156400PE,GOLD,28APR2027,15640000.000000,1,OPTFUT,NCO,50.000000,10,False
124343,SILVERM27FEB289000CE,SILVERM,19FEB2027,28900000.000000,1,OPTFUT,NCO,50.000000,120,False
128637,SILVER26DEC246500CE,SILVER,01DEC2026,24650000.000000,1,OPTBLN,NCO,50.000000,20,False
128645,SILVER26DEC247500CE,SILVER,01DEC2026,24750000.000000,1,OPTBLN,NCO,50.000000,20,False
128647,SILVER26DEC247750CE,SILVER,01DEC2026,24775000.000000,1,OPTBLN,NCO,50.000000,20,False
128649,SILVER26DEC248000CE,SILVER,01DEC2026,24800000.000000,1,OPTBLN,NCO,50.000000,20,False
170834,SILVERM26SEP387500PE,SILVERM,23SEP2026,38750000.000000,1,OPTFUT,NCO,50.000000,120,False
170854,SILVERM26SEP390000PE,SILVERM,23SEP2026,39000000.000000,1,OPTFUT,NCO,50.000000,120,False
170863,SILVERM26SEP391250CE,SILVERM,23SEP2026,39125000.000000,1,OPTFUT,NCO,50.000000,120,False
170875,SILVERM26SEP392750CE,SILVERM,23SEP2026,39275000.000000,1,OPTFUT,NCO,50.000000,120,False
124356,GOLD27APR156600PE,GOLD,28APR2027,15660000.000000,1,OPTFUT,NCO,50.000000,10,False
124359,GOLD27APR156800CE,GOLD,28APR2027,15680000.000000,1,OPTFUT,NCO,50.000000,10,False
124360,GOLD27APR156800PE,GOLD,28APR2027,15680000.000000,1,OPTFUT,NCO,50.000000,10,False
124363,GOLD27APR157000CE,GOLD,28APR2027,15700000.000000,1,OPTFUT,NCO,50.000000,10,False
128653,SILVER26DEC248500CE,SILVER,01DEC2026,24850000.000000,1,OPTBLN,NCO,50.000000,20,False
128660,SILVER26DEC249250PE,SILVER,01DEC2026,24925000.000000,1,OPTBLN,NCO,50.000000,20,False
128663,SILVER26DEC249750CE,SILVER,01DEC2026,24975000.000000,1,OPTBLN,NCO,50.000000,20,False
128673,GOLDM26SEP152400PE,GOLDM,25SEP2026,15240000.000000,1,OPTFUT,NCO,50.000000,100,False
170923,SILVERM26SEP398750CE,SILVERM,23SEP2026,39875000.000000,1,OPTFUT,NCO,50.000000,120,False
170930,SILVERM26SEP399500PE,SILVERM,23SEP2026,39950000.000000,1,OPTFUT,NCO,50.000000,120,False
170951,SILVERM26SEP402250CE,SILVERM,23SEP2026,40225000.000000,1,OPTFUT,NCO,50.000000,120,False
170966,SILVERM26SEP404000PE,SILVERM,23SEP2026,40400000.000000,1,OPTFUT,NCO,50.000000,120,False
124372,SILVER26DEC204500PE,SILVER,01DEC2026,20450000.000000,1,OPTBLN,NCO,50.000000,20,False
124378,SILVERM27FEB290250PE,SILVERM,19FEB2027,29025000.000000,1,OPTFUT,NCO,50.000000,120,False
124387,GOLD26DEC165900PE,GOLD,29DEC2026,16590000.000000,1,OPTFUT,NCO,50.000000,10,False
124393,SILVERM27MAY275000CE,SILVERM,24MAY2027,27500000.000000,1,OPTFUT,NCO,50.000000,120,False
128690,GOLD27MAR160400CE,GOLD,29MAR2027,16040000.000000,1,OPTFUT,NCO,50.000000,10,False
128772,GOLD27MAY157300CE,GOLD,28MAY2027,15730000.000000,1,OPTFUT,NCO,50.000000,10,False
128777,GOLD27MAY157500PE,GOLD,28MAY2027,15750000.000000,1,OPTFUT,NCO,50.000000,10,False
128790,GOLD27MAY158200CE,GOLD,28MAY2027,15820000.000000,1,OPTFUT,NCO,50.000000,10,False
170977,SILVERM26OCT385250CE,SILVERM,23OCT2026,38525000.000000,1,OPTFUT,NCO,50.000000,120,False
170985,SILVERM26OCT386250CE,SILVERM,23OCT2026,38625000.000000,1,OPTFUT,NCO,50.000000,120,False
171001,SILVERM26OCT388250CE,SILVERM,23OCT2026,38825000.000000,1,OPTFUT,NCO,50.000000,120,False
171009,SILVERM26OCT389250CE,SILVERM,23OCT2026,38925000.000000,1,OPTFUT,NCO,50.000000,120,False
124403,GOLD26NOV134600CE,GOLD,27NOV2026,13460000.000000,1,OPTFUT,NCO,50.000000,10,False
124405,GOLD26NOV134700CE,GOLD,27NOV2026,13470000.000000,1,OPTFUT,NCO,50.000000,10,False
124417,GOLD27APR157200PE,GOLD,28APR2027,15720000.000000,1,OPTFUT,NCO,50.000000,10,False
124421,GOLD27APR157400PE,GOLD,28APR2027,15740000.000000,1,OPTFUT,NCO,50.000000,10,False
128799,GOLD27MAY158600PE,GOLD,28MAY2027,15860000.000000,1,OPTFUT,NCO,50.000000,10,False
128801,GOLD27MAY158700PE,GOLD,28MAY2027,15870000.000000,1,OPTFUT,NCO,50.000000,10,False
128806,SILVERM26OCT168500CE,SILVERM,23OCT2026,16850000.000000,1,OPTFUT,NCO,50.000000,120,False
128818,SILVERM26OCT170000CE,SILVERM,23OCT2026,17000000.000000,1,OPTFUT,NCO,50.000000,120,False
171018,SILVERM26OCT390250PE,SILVERM,23OCT2026,39025000.000000,1,OPTFUT,NCO,50.000000,120,False
171029,SILVERM26OCT391750CE,SILVERM,23OCT2026,39175000.000000,1,OPTFUT,NCO,50.000000,120,False
171040,SILVERM26OCT393000PE,SILVERM,23OCT2026,39300000.000000,1,OPTFUT,NCO,50.000000,120,False
171041,SILVERM26OCT393250CE,SILVERM,23OCT2026,39325000.000000,1,OPTFUT,NCO,50.000000,120,False
124428,GOLD27MAR149100PE,GOLD,29MAR2027,14910000.000000,1,OPTFUT,NCO,50.000000,10,False
124443,SILVERM27MAR242750PE,SILVERM,24MAR2027,24275000.000000,1,OPTFUT,NCO,50.000000,120,False
124447,GOLD27APR157700PE,GOLD,28APR2027,15770000.000000,1,OPTFUT,NCO,50.000000,10,False
124452,GOLD27APR157900PE,GOLD,28APR2027,15790000.000000,1,OPTFUT,NCO,50.000000,10,False
171064,SILVERM26OCT396000PE,SILVERM,23OCT2026,39600000.000000,1,OPTFUT,NCO,50.000000,120,False
171067,SILVERM26OCT396500CE,SILVERM,23OCT2026,39650000.000000,1,OPTFUT,NCO,50.000000,120,False
171081,SILVERM26OCT398250CE,SILVERM,23OCT2026,39825000.000000,1,OPTFUT,NCO,50.000000,120,False
171097,SILVERM26OCT400250CE,SILVERM,23OCT2026,40025000.000000,1,OPTFUT,NCO,50.000000,120,False
128827,SILVERM26OCT171000PE,SILVERM,23OCT2026,17100000.000000,1,OPTFUT,NCO,50.000000,120,False
128829,SILVERM26OCT171250PE,SILVERM,23OCT2026,17125000.000000,1,OPTFUT,NCO,50.000000,120,False
128841,GOLD26OCT134000PE,GOLD,29OCT2026,13400000.000000,1,OPTFUT,NCO,50.000000,10,False
128843,GOLD26OCT134100PE,GOLD,29OCT2026,13410000.000000,1,OPTFUT,NCO,50.000000,10,False
171099,SILVERM26OCT400500CE,SILVERM,23OCT2026,40050000.000000,1,OPTFUT,NCO,50.000000,120,False
171106,SILVERM26OCT401250PE,SILVERM,23OCT2026,40125000.000000,1,OPTFUT,NCO,50.000000,120,False
171110,SILVERM26OCT401750PE,SILVERM,23OCT2026,40175000.000000,1,OPTFUT,NCO,50.000000,120,False
171116,SILVERM26OCT402500PE,SILVERM,23OCT2026,40250000.000000,1,OPTFUT,NCO,50.000000,120,False
128855,SILVERM26OCT197250PE,SILVERM,23OCT2026,19725000.000000,1,OPTFUT,NCO,50.000000,120,False
128860,SILVERM26OCT198000CE,SILVERM,23OCT2026,19800000.000000,1,OPTFUT,NCO,50.000000,120,False
124453,GOLD27APR158000CE,GOLD,28APR2027,15800000.000000,1,OPTFUT,NCO,50.000000,10,False
124455,GOLD27APR158100CE,GOLD,28APR2027,15810000.000000,1,OPTFUT,NCO,50.000000,10,False
124464,GOLD27APR158200CE,GOLD,28APR2027,15820000.000000,1,OPTFUT,NCO,50.000000,10,False
124465,GOLD27APR158200PE,GOLD,28APR2027,15820000.000000,1,OPTFUT,NCO,50.000000,10,False
128852,SILVERM26OCT197000CE,SILVERM,23OCT2026,19700000.000000,1,OPTFUT,NCO,50.000000,120,False
128858,SILVERM26OCT197750CE,SILVERM,23OCT2026,19775000.000000,1,OPTFUT,NCO,50.000000,120,False
171149,SILVERM26OCT406750CE,SILVERM,23OCT2026,40675000.000000,1,OPTFUT,NCO,50.000000,120,False
171163,SILVERM26NOV388250CE,SILVERM,23NOV2026,38825000.000000,1,OPTFUT,NCO,50.000000,120,False
171175,SILVERM26NOV389750CE,SILVERM,23NOV2026,38975000.000000,1,OPTFUT,NCO,50.000000,120,False
171185,SILVERM26NOV391000CE,SILVERM,23NOV2026,39100000.000000,1,OPTFUT,NCO,50.000000,120,False
128866,SILVERM26OCT198750CE,SILVERM,23OCT2026,19875000.000000,1,OPTFUT,NCO,50.000000,120,False
128872,SILVERM26OCT199500CE,SILVERM,23OCT2026,19950000.000000,1,OPTFUT,NCO,50.000000,120,False
128875,SILVERM26OCT199750PE,SILVERM,23OCT2026,19975000.000000,1,OPTFUT,NCO,50.000000,120,False
128882,SILVERM26OCT200750CE,SILVERM,23OCT2026,20075000.000000,1,OPTFUT,NCO,50.000000,120,False
124470,GOLD27APR158500CE,GOLD,28APR2027,15850000.000000,1,OPTFUT,NCO,50.000000,10,False
124481,SILVERM27JUL236750PE,SILVERM,23JUL2027,23675000.000000,1,OPTFUT,NCO,50.000000,120,False
124483,SILVERM27JUL237000PE,SILVERM,23JUL2027,23700000.000000,1,OPTFUT,NCO,50.000000,120,False
124498,ZINC26NOV377.5PE,ZINC,23NOV2026,37750.000000,1,OPTFUT,NCO,1.000000,20,False
171200,SILVERM26NOV392750PE,SILVERM,23NOV2026,39275000.000000,1,OPTFUT,NCO,50.000000,120,False
171202,SILVERM26NOV393000PE,SILVERM,23NOV2026,39300000.000000,1,OPTFUT,NCO,50.000000,120,False
171206,SILVERM26NOV393500PE,SILVERM,23NOV2026,39350000.000000,1,OPTFUT,NCO,50.000000,120,False
171209,SILVERM26NOV394000CE,SILVERM,23NOV2026,39400000.000000,1,OPTFUT,NCO,50.000000,120,False
128890,SILVERM26NOV196500CE,SILVERM,23NOV2026,19650000.000000,1,OPTFUT,NCO,50.000000,120,False
128892,SILVERM26NOV196750CE,SILVERM,23NOV2026,19675000.000000,1,OPTFUT,NCO,50.000000,120,False
128900,SILVERM26NOV197750CE,SILVERM,23NOV2026,19775000.000000,1,OPTFUT,NCO,50.000000,120,False
128916,GOLD27MAY159300CE,GOLD,28MAY2027,15930000.000000,1,OPTFUT,NCO,50.000000,10,False
124518,ZINC26NOV397.5CE,ZINC,23NOV2026,39750.000000,1,OPTFUT,NCO,1.000000,20,False
124521,ZINC26NOV400PE,ZINC,23NOV2026,40000.000000,1,OPTFUT,NCO,1.000000,20,False
124526,ZINC26NOV407.5CE,ZINC,23NOV2026,40750.000000,1,OPTFUT,NCO,1.000000,20,False
124527,ZINC26NOV407.5PE,ZINC,23NOV2026,40750.000000,1,OPTFUT,NCO,1.000000,20,False
171217,SILVERM26NOV395000CE,SILVERM,23NOV2026,39500000.000000,1,OPTFUT,NCO,50.000000,120,False
171246,SILVERM26NOV398500PE,SILVERM,23NOV2026,39850000.000000,1,OPTFUT,NCO,50.000000,120,False
171266,SILVERM26NOV401000PE,SILVERM,23NOV2026,40100000.000000,1,OPTFUT,NCO,50.000000,120,False
171269,SILVERM26NOV401500CE,SILVERM,23NOV2026,40150000.000000,1,OPTFUT,NCO,50.000000,120,False
128918,GOLD27MAY159400CE,GOLD,28MAY2027,15940000.000000,1,OPTFUT,NCO,50.000000,10,False
128981,COPPER26OCT1300CE,COPPER,23OCT2026,130000.000000,1,OPTFUT,NCO,1.000000,70,False
128984,SILVERM27APR230500PE,SILVERM,23APR2027,23050000.000000,1,OPTFUT,NCO,50.000000,120,False
128988,SILVERM27APR231000PE,SILVERM,23APR2027,23100000.000000,1,OPTFUT,NCO,50.000000,120,False
171284,SILVERM26NOV403250PE,SILVERM,23NOV2026,40325000.000000,1,OPTFUT,NCO,50.000000,120,False
171312,SILVERM26NOV406750PE,SILVERM,23NOV2026,40675000.000000,1,OPTFUT,NCO,50.000000,120,False
171313,SILVERM26NOV407000CE,SILVERM,23NOV2026,40700000.000000,1,OPTFUT,NCO,50.000000,120,False
171331,SILVERM26DEC388750CE,SILVERM,23DEC2026,38875000.000000,1,OPTFUT,NCO,50.000000,120,False
124535,ZINC26OCT447.5CE,ZINC,23OCT2026,44750.000000,1,OPTFUT,NCO,1.000000,20,False
124546,GOLD27APR148300PE,GOLD,28APR2027,14830000.000000,1,OPTFUT,NCO,50.000000,10,False
124583,GOLD26OCT125400CE,GOLD,29OCT2026,12540000.000000,1,OPTFUT,NCO,50.000000,10,False
124595,SILVER26DEC205000CE,SILVER,01DEC2026,20500000.000000,1,OPTBLN,NCO,50.000000,20,False
129000,SILVERM27APR286750CE,SILVERM,23APR2027,28675000.000000,1,OPTFUT,NCO,50.000000,120,False
129002,SILVERM27APR287000CE,SILVERM,23APR2027,28700000.000000,1,OPTFUT,NCO,50.000000,120,False
129011,GOLD27MAR161100CE,GOLD,29MAR2027,16110000.000000,1,OPTFUT,NCO,50.000000,10,False
129015,GOLD27MAR161300CE,GOLD,29MAR2027,16130000.000000,1,OPTFUT,NCO,50.000000,10,False
171334,SILVERM26DEC389000PE,SILVERM,23DEC2026,38900000.000000,1,OPTFUT,NCO,50.000000,120,False
171337,SILVERM26DEC389500CE,SILVERM,23DEC2026,38950000.000000,1,OPTFUT,NCO,50.000000,120,False
171343,SILVERM26DEC390250CE,SILVERM,23DEC2026,39025000.000000,1,OPTFUT,NCO,50.000000,120,False
171350,SILVERM26DEC391000PE,SILVERM,23DEC2026,39100000.000000,1,OPTFUT,NCO,50.000000,120,False
124596,SILVER26DEC205000PE,SILVER,01DEC2026,20500000.000000,1,OPTBLN,NCO,50.000000,20,False
124600,CRUDEOIL26OCT5100PE,CRUDEOIL,08OCT2026,510000.000000,1,OPTFUT,NCO,10.000000,100,False
124612,COPPER26OCT1435PE,COPPER,23OCT2026,143500.000000,1,OPTFUT,NCO,1.000000,70,False
124618,GOLD26NOV135900CE,GOLD,27NOV2026,13590000.000000,1,OPTFUT,NCO,50.000000,10,False
129025,SILVERM26NOV198250PE,SILVERM,23NOV2026,19825000.000000,1,OPTFUT,NCO,50.000000,120,False
129026,SILVERM26NOV198500CE,SILVERM,23NOV2026,19850000.000000,1,OPTFUT,NCO,50.000000,120,False
129030,GOLD27MAY159900CE,GOLD,28MAY2027,15990000.000000,1,OPTFUT,NCO,50.000000,10,False
129040,GOLD27MAY160400CE,GOLD,28MAY2027,16040000.000000,1,OPTFUT,NCO,50.000000,10,False
171353,SILVERM26DEC391500CE,SILVERM,23DEC2026,39150000.000000,1,OPTFUT,NCO,50.000000,120,False
171369,SILVERM26DEC393500CE,SILVERM,23DEC2026,39350000.000000,1,OPTFUT,NCO,50.000000,120,False
171391,SILVERM26DEC396250CE,SILVERM,23DEC2026,39625000.000000,1,OPTFUT,NCO,50.000000,120,False
171392,SILVERM26DEC396250PE,SILVERM,23DEC2026,39625000.000000,1,OPTFUT,NCO,50.000000,120,False
124624,GOLD26NOV136200CE,GOLD,27NOV2026,13620000.000000,1,OPTFUT,NCO,50.000000,10,False
124629,GOLD27JUL151000CE,GOLD,29JUL2027,15100000.000000,1,OPTFUT,NCO,50.000000,10,False
124641,GOLD27APR148600CE,GOLD,28APR2027,14860000.000000,1,OPTFUT,NCO,50.000000,10,False
124645,GOLD26NOV136600CE,GOLD,27NOV2026,13660000.000000,1,OPTFUT,NCO,50.000000,10,False
171397,SILVERM26DEC397000CE,SILVERM,23DEC2026,39700000.000000,1,OPTFUT,NCO,50.000000,120,False
171408,SILVERM26DEC398250PE,SILVERM,23DEC2026,39825000.000000,1,OPTFUT,NCO,50.000000,120,False
171410,SILVERM26DEC398500PE,SILVERM,23DEC2026,39850000.000000,1,OPTFUT,NCO,50.000000,120,False
171424,SILVERM26DEC400250PE,SILVERM,23DEC2026,40025000.000000,1,OPTFUT,NCO,50.000000,120,False
129057,SILVERM27APR288000PE,SILVERM,23APR2027,28800000.000000,1,OPTFUT,NCO,50.000000,120,False
129058,SILVERM27APR288250CE,SILVERM,23APR2027,28825000.000000,1,OPTFUT,NCO,50.000000,120,False
129061,GOLD27MAY160500PE,GOLD,28MAY2027,16050000.000000,1,OPTFUT,NCO,50.000000,10,False
129070,GOLD27MAY160800CE,GOLD,28MAY2027,16080000.000000,1,OPTFUT,NCO,50.000000,10,False
171425,SILVERM26DEC400500CE,SILVERM,23DEC2026,40050000.000000,1,OPTFUT,NCO,50.000000,120,False
171430,SILVERM26DEC401000PE,SILVERM,23DEC2026,40100000.000000,1,OPTFUT,NCO,50.000000,120,False
171434,SILVERM26DEC401500PE,SILVERM,23DEC2026,40150000.000000,1,OPTFUT,NCO,50.000000,120,False
171439,SILVERM26DEC402250CE,SILVERM,23DEC2026,40225000.000000,1,OPTFUT,NCO,50.000000,120,False
124653,SILVERM27AUG249250CE,SILVERM,24AUG2027,24925000.000000,1,OPTFUT,NCO,50.000000,120,False
124655,GOLD27JUL151300PE,GOLD,29JUL2027,15130000.000000,1,OPTFUT,NCO,50.000000,10,False
124656,GOLD27JUL151400CE,GOLD,29JUL2027,15140000.000000,1,OPTFUT,NCO,50.000000,10,False
124677,GOLD27JUL152200CE,GOLD,29JUL2027,15220000.000000,1,OPTFUT,NCO,50.000000,10,False
129082,GOLDM26OCT152800CE,GOLDM,29OCT2026,15280000.000000,1,OPTFUT,NCO,50.000000,100,False
129105,SILVERM27JUN233500CE,SILVERM,23JUN2027,23350000.000000,1,OPTFUT,NCO,50.000000,120,False
129109,SILVERM27APR232500PE,SILVERM,23APR2027,23250000.000000,1,OPTFUT,NCO,50.000000,120,False
129112,SILVERM27APR233000CE,SILVERM,23APR2027,23300000.000000,1,OPTFUT,NCO,50.000000,120,False
171448,SILVERM26DEC403250PE,SILVERM,23DEC2026,40325000.000000,1,OPTFUT,NCO,50.000000,120,False
171456,SILVERM26DEC404250PE,SILVERM,23DEC2026,40425000.000000,1,OPTFUT,NCO,50.000000,120,False
171500,SILVERM26DEC409750PE,SILVERM,23DEC2026,40975000.000000,1,OPTFUT,NCO,50.000000,120,False
171505,SILVERM26DEC410500CE,SILVERM,23DEC2026,41050000.000000,1,OPTFUT,NCO,50.000000,120,False
19,ALUMINIUMFUTURES,ALUMINIUM,,-1.000000,1,UNDCOM,NCO,5.000000,30,False
124695,GOLD27JUL152900CE,GOLD,29JUL2027,15290000.000000,1,OPTFUT,NCO,50.000000,10,False
124728,SILVERM27AUG251750PE,SILVERM,24AUG2027,25175000.000000,1,OPTFUT,NCO,50.000000,120,False
124742,GOLD26OCT126000CE,GOLD,29OCT2026,12600000.000000,1,OPTFUT,NCO,50.000000,10,False
124751,GOLD26OCT126400CE,GOLD,29OCT2026,12640000.000000,1,OPTFUT,NCO,50.000000,10,False
129116,SILVERM27APR233500CE,SILVERM,23APR2027,23350000.000000,1,OPTFUT,NCO,50.000000,120,False
129123,SILVER27MAR237000PE,SILVER,02MAR2027,23700000.000000,1,OPTBLN,NCO,50.000000,20,False
129127,GOLDM26OCT152900PE,GOLDM,29OCT2026,15290000.000000,1,OPTFUT,NCO,50.000000,100,False
129132,GOLD26OCT135700CE,GOLD,29OCT2026,13570000.000000,1,OPTFUT,NCO,50.000000,10,False
124755,GOLD26OCT126600CE,GOLD,29OCT2026,12660000.000000,1,OPTFUT,NCO,50.000000,10,False
124758,GOLD27JUL153700CE,GOLD,29JUL2027,15370000.000000,1,OPTFUT,NCO,50.000000,10,False
124772,GOLD26OCT127000PE,GOLD,29OCT2026,12700000.000000,1,OPTFUT,NCO,50.000000,10,False
124783,GOLD27APR148600PE,GOLD,28APR2027,14860000.000000,1,OPTFUT,NCO,50.000000,10,False
129134,GOLD26OCT135800CE,GOLD,29OCT2026,13580000.000000,1,OPTFUT,NCO,50.000000,10,False
129164,GOLD27MAR161400PE,GOLD,29MAR2027,16140000.000000,1,OPTFUT,NCO,50.000000,10,False
129178,SILVERM27MAY230500CE,SILVERM,24MAY2027,23050000.000000,1,OPTFUT,NCO,50.000000,120,False
129187,SILVER27MAR239250PE,SILVER,02MAR2027,23925000.000000,1,OPTBLN,NCO,50.000000,20,False
129203,GOLD26OCT136600PE,GOLD,29OCT2026,13660000.000000,1,OPTFUT,NCO,50.000000,10,False
129224,SILVERM27JUN234250CE,SILVERM,23JUN2027,23425000.000000,1,OPTFUT,NCO,50.000000,120,False
129232,SILVERM27JUN235250CE,SILVERM,23JUN2027,23525000.000000,1,OPTFUT,NCO,50.000000,120,False
129234,SILVERM27JUN235500CE,SILVERM,23JUN2027,23550000.000000,1,OPTFUT,NCO,50.000000,120,False
124794,GOLD27APR148800PE,GOLD,28APR2027,14880000.000000,1,OPTFUT,NCO,50.000000,10,False
124795,GOLD27APR148900CE,GOLD,28APR2027,14890000.000000,1,OPTFUT,NCO,50.000000,10,False
124796,GOLD26NOV137500CE,GOLD,27NOV2026,13750000.000000,1,OPTFUT,NCO,50.000000,10,False
124806,GOLD27APR149200PE,GOLD,28APR2027,14920000.000000,1,OPTFUT,NCO,50.000000,10,False
129254,GOLD26OCT137000CE,GOLD,29OCT2026,13700000.000000,1,OPTFUT,NCO,50.000000,10,False
129258,SILVERM27JAN327000CE,SILVERM,21JAN2027,32700000.000000,1,OPTFUT,NCO,50.000000,120,False
129261,SILVERM27JAN327250PE,SILVERM,21JAN2027,32725000.000000,1,OPTFUT,NCO,50.000000,120,False
129266,SILVERM27JAN328000CE,SILVERM,21JAN2027,32800000.000000,1,OPTFUT,NCO,50.000000,120,False
124821,SILVER26DEC205750PE,SILVER,01DEC2026,20575000.000000,1,OPTBLN,NCO,50.000000,20,False
124829,GOLD26NOV137800CE,GOLD,27NOV2026,13780000.000000,1,OPTFUT,NCO,50.000000,10,False
124834,GOLD26NOV137900PE,GOLD,27NOV2026,13790000.000000,1,OPTFUT,NCO,50.000000,10,False
124838,GOLD26NOV138000PE,GOLD,27NOV2026,13800000.000000,1,OPTFUT,NCO,50.000000,10,False
129340,SILVER27MAR239750PE,SILVER,02MAR2027,23975000.000000,1,OPTBLN,NCO,50.000000,20,False
129348,SILVER27MAR240750PE,SILVER,02MAR2027,24075000.000000,1,OPTBLN,NCO,50.000000,20,False
129350,SILVERM27JUN237000CE,SILVERM,23JUN2027,23700000.000000,1,OPTFUT,NCO,50.000000,120,False
129363,SILVERM27JUN238500PE,SILVERM,23JUN2027,23850000.000000,1,OPTFUT,NCO,50.000000,120,False
124862,GOLD26NOV138300CE,GOLD,27NOV2026,13830000.000000,1,OPTFUT,NCO,50.000000,10,False
124871,GOLD27MAY148400PE,GOLD,28MAY2027,14840000.000000,1,OPTFUT,NCO,50.000000,10,False
124872,GOLD27MAY148500CE,GOLD,28MAY2027,14850000.000000,1,OPTFUT,NCO,50.000000,10,False
124875,GOLD27MAY148600PE,GOLD,28MAY2027,14860000.000000,1,OPTFUT,NCO,50.000000,10,False
129364,SILVERM27JUN238750CE,SILVERM,23JUN2027,23875000.000000,1,OPTFUT,NCO,50.000000,120,False
129382,SILVERM27JUN241000CE,SILVERM,23JUN2027,24100000.000000,1,OPTFUT,NCO,50.000000,120,False
129405,SILVERM27MAY232500PE,SILVERM,24MAY2027,23250000.000000,1,OPTFUT,NCO,50.000000,120,False
129409,GOLDM26OCT153800CE,GOLDM,29OCT2026,15380000.000000,1,OPTFUT,NCO,50.000000,100,False
124879,GOLD27MAY148700PE,GOLD,28MAY2027,14870000.000000,1,OPTFUT,NCO,50.000000,10,False
124895,GOLD27JUL154800PE,GOLD,29JUL2027,15480000.000000,1,OPTFUT,NCO,50.000000,10,False
124903,GOLD27MAY149100PE,GOLD,28MAY2027,14910000.000000,1,OPTFUT,NCO,50.000000,10,False
124910,GOLDM26NOV156100PE,GOLDM,27NOV2026,15610000.000000,1,OPTFUT,NCO,50.000000,100,False
129412,SILVERM27JUL246500PE,SILVERM,23JUL2027,24650000.000000,1,OPTFUT,NCO,50.000000,120,False
129425,SILVERM27JUL248000CE,SILVERM,23JUL2027,24800000.000000,1,OPTFUT,NCO,50.000000,120,False
129426,SILVERM27JUL248000PE,SILVERM,23JUL2027,24800000.000000,1,OPTFUT,NCO,50.000000,120,False
129436,SILVER27MAR241250PE,SILVER,02MAR2027,24125000.000000,1,OPTBLN,NCO,50.000000,20,False
124917,GOLD27JUL155100PE,GOLD,29JUL2027,15510000.000000,1,OPTFUT,NCO,50.000000,10,False
124919,SILVERM27AUG254750CE,SILVERM,24AUG2027,25475000.000000,1,OPTFUT,NCO,50.000000,120,False
124923,GOLD27MAY149200PE,GOLD,28MAY2027,14920000.000000,1,OPTFUT,NCO,50.000000,10,False
124933,SILVERM27AUG255500CE,SILVERM,24AUG2027,25550000.000000,1,OPTFUT,NCO,50.000000,120,False
129451,SILVERM27JAN328500PE,SILVERM,21JAN2027,32850000.000000,1,OPTFUT,NCO,50.000000,120,False
129453,SILVERM27JAN328750PE,SILVERM,21JAN2027,32875000.000000,1,OPTFUT,NCO,50.000000,120,False
129457,SILVERM27JAN329250PE,SILVERM,21JAN2027,32925000.000000,1,OPTFUT,NCO,50.000000,120,False
129463,SILVERM26NOV200750PE,SILVERM,23NOV2026,20075000.000000,1,OPTFUT,NCO,50.000000,120,False
129467,SILVERM26NOV201250PE,SILVERM,23NOV2026,20125000.000000,1,OPTFUT,NCO,50.000000,120,False
129478,SILVER27MAR243500PE,SILVER,02MAR2027,24350000.000000,1,OPTBLN,NCO,50.000000,20,False
129485,SILVER27MAR244500CE,SILVER,02MAR2027,24450000.000000,1,OPTBLN,NCO,50.000000,20,False
129518,GOLD27MAR161800PE,GOLD,29MAR2027,16180000.000000,1,OPTFUT,NCO,50.000000,10,False
124936,SILVERM27AUG255500PE,SILVERM,24AUG2027,25550000.000000,1,OPTFUT,NCO,50.000000,120,False
124940,SILVERM27AUG256000PE,SILVERM,24AUG2027,25600000.000000,1,OPTFUT,NCO,50.000000,120,False
124948,GOLD27JUL155500PE,GOLD,29JUL2027,15550000.000000,1,OPTFUT,NCO,50.000000,10,False
124949,GOLD27JUL155600CE,GOLD,29JUL2027,15560000.000000,1,OPTFUT,NCO,50.000000,10,False
129522,SILVERM27JUN242250CE,SILVERM,23JUN2027,24225000.000000,1,OPTFUT,NCO,50.000000,120,False
129524,SILVERM27JUN242500CE,SILVERM,23JUN2027,24250000.000000,1,OPTFUT,NCO,50.000000,120,False
129543,SILVER27MAR245000CE,SILVER,02MAR2027,24500000.000000,1,OPTBLN,NCO,50.000000,20,False
129547,SILVER27MAR245500CE,SILVER,02MAR2027,24550000.000000,1,OPTBLN,NCO,50.000000,20,False
124955,GOLD27JUL155800CE,GOLD,29JUL2027,15580000.000000,1,OPTFUT,NCO,50.000000,10,False
124972,SILVERM27FEB272000PE,SILVERM,19FEB2027,27200000.000000,1,OPTFUT,NCO,50.000000,120,False
124982,GOLDM26SEP148600CE,GOLDM,25SEP2026,14860000.000000,1,OPTFUT,NCO,50.000000,100,False
124986,GOLD27MAY149700PE,GOLD,28MAY2027,14970000.000000,1,OPTFUT,NCO,50.000000,10,False
129565,SILVERM27MAY234000PE,SILVERM,24MAY2027,23400000.000000,1,OPTFUT,NCO,50.000000,120,False
129587,SILVERM27JUL251000CE,SILVERM,23JUL2027,25100000.000000,1,OPTFUT,NCO,50.000000,120,False
129596,SILVERM27JUL252000PE,SILVERM,23JUL2027,25200000.000000,1,OPTFUT,NCO,50.000000,120,False
129602,GOLD27JUN160100PE,GOLD,28JUN2027,16010000.000000,1,OPTFUT,NCO,50.000000,10,False
124997,GOLDM26SEP149000PE,GOLDM,25SEP2026,14900000.000000,1,OPTFUT,NCO,50.000000,100,False
124999,GOLDM26SEP149100PE,GOLDM,25SEP2026,14910000.000000,1,OPTFUT,NCO,50.000000,100,False
125012,GOLDM26OCT144400PE,GOLDM,29OCT2026,14440000.000000,1,OPTFUT,NCO,50.000000,100,False
125017,GOLDM26OCT144600PE,GOLDM,29OCT2026,14460000.000000,1,OPTFUT,NCO,50.000000,100,False
129609,GOLD27JUN160500CE,GOLD,28JUN2027,16050000.000000,1,OPTFUT,NCO,50.000000,10,False
129619,GOLD27JUN161000CE,GOLD,28JUN2027,16100000.000000,1,OPTFUT,NCO,50.000000,10,False
129625,GOLD27JUL160900CE,GOLD,29JUL2027,16090000.000000,1,OPTFUT,NCO,50.000000,10,False
129630,GOLD27JUL161100PE,GOLD,29JUL2027,16110000.000000,1,OPTFUT,NCO,50.000000,10,False
125033,GOLDM26SEP149900CE,GOLDM,25SEP2026,14990000.000000,1,OPTFUT,NCO,50.000000,100,False
125034,GOLDM26SEP149900PE,GOLDM,25SEP2026,14990000.000000,1,OPTFUT,NCO,50.000000,100,False
125054,GOLD26OCT127800PE,GOLD,29OCT2026,12780000.000000,1,OPTFUT,NCO,50.000000,10,False
125062,GOLDM26OCT145000CE,GOLDM,29OCT2026,14500000.000000,1,OPTFUT,NCO,50.000000,100,False
125068,GOLDM26OCT145300CE,GOLDM,29OCT2026,14530000.000000,1,OPTFUT,NCO,50.000000,100,False
125072,GOLDM26OCT145500CE,GOLDM,29OCT2026,14550000.000000,1,OPTFUT,NCO,50.000000,100,False
125104,GOLD27MAR162300PE,GOLD,29MAR2027,16230000.000000,1,OPTFUT,NCO,50.000000,10,False
125105,GOLD27MAR162400CE,GOLD,29MAR2027,16240000.000000,1,OPTFUT,NCO,50.000000,10,False
129631,GOLD27JUL161200CE,GOLD,29JUL2027,16120000.000000,1,OPTFUT,NCO,50.000000,10,False
129632,GOLD27JUL161200PE,GOLD,29JUL2027,16120000.000000,1,OPTFUT,NCO,50.000000,10,False
129640,SILVERM27JAN331000PE,SILVERM,21JAN2027,33100000.000000,1,OPTFUT,NCO,50.000000,120,False
129651,SILVERM27JAN332500CE,SILVERM,21JAN2027,33250000.000000,1,OPTFUT,NCO,50.000000,120,False
125116,GOLD27MAR162800PE,GOLD,29MAR2027,16280000.000000,1,OPTFUT,NCO,50.000000,10,False
125117,GOLD26OCT128100CE,GOLD,29OCT2026,12810000.000000,1,OPTFUT,NCO,50.000000,10,False
125125,GOLDM26OCT146200PE,GOLDM,29OCT2026,14620000.000000,1,OPTFUT,NCO,50.000000,100,False
125134,GOLD27MAR163200PE,GOLD,29MAR2027,16320000.000000,1,OPTFUT,NCO,50.000000,10,False
129655,SILVERM27JAN333000CE,SILVERM,21JAN2027,33300000.000000,1,OPTFUT,NCO,50.000000,120,False
129661,SILVERM27JAN333750CE,SILVERM,21JAN2027,33375000.000000,1,OPTFUT,NCO,50.000000,120,False
129679,SILVER27MAR247750PE,SILVER,02MAR2027,24775000.000000,1,OPTBLN,NCO,50.000000,20,False
129683,SILVER27MAR248250PE,SILVER,02MAR2027,24825000.000000,1,OPTBLN,NCO,50.000000,20,False
129686,SILVER27MAR248750CE,SILVER,02MAR2027,24875000.000000,1,OPTBLN,NCO,50.000000,20,False
129689,SILVER27MAR249000PE,SILVER,02MAR2027,24900000.000000,1,OPTBLN,NCO,50.000000,20,False
129693,SILVER27MAR249500PE,SILVER,02MAR2027,24950000.000000,1,OPTBLN,NCO,50.000000,20,False
129704,SILVER27MAR251000CE,SILVER,02MAR2027,25100000.000000,1,OPTBLN,NCO,50.000000,20,False
129731,SILVERM26OCT173500CE,SILVERM,23OCT2026,17350000.000000,1,OPTFUT,NCO,50.000000,120,False
129754,SILVERM26OCT176250PE,SILVERM,23OCT2026,17625000.000000,1,OPTFUT,NCO,50.000000,120,False
129811,SILVER27MAR254000PE,SILVER,02MAR2027,25400000.000000,1,OPTBLN,NCO,50.000000,20,False
129820,SILVERM27MAY250750CE,SILVERM,24MAY2027,25075000.000000,1,OPTFUT,NCO,50.000000,120,False
129827,SILVERM27MAY251500PE,SILVERM,24MAY2027,25150000.000000,1,OPTFUT,NCO,50.000000,120,False
129831,SILVERM27MAY252000PE,SILVERM,24MAY2027,25200000.000000,1,OPTFUT,NCO,50.000000,120,False
129840,SILVERM27MAY253250CE,SILVERM,24MAY2027,25325000.000000,1,OPTFUT,NCO,50.000000,120,False
129842,SILVERM27MAY253500CE,SILVERM,24MAY2027,25350000.000000,1,OPTFUT,NCO,50.000000,120,False
129848,GOLD27MAR163700PE,GOLD,29MAR2027,16370000.000000,1,OPTFUT,NCO,50.000000,10,False
129859,GOLD27MAR164300CE,GOLD,29MAR2027,16430000.000000,1,OPTFUT,NCO,50.000000,10,False
129864,GOLD27MAR164500PE,GOLD,29MAR2027,16450000.000000,1,OPTFUT,NCO,50.000000,10,False
129874,GOLD27MAR165000PE,GOLD,29MAR2027,16500000.000000,1,OPTFUT,NCO,50.000000,10,False
129882,GOLD27MAR165400PE,GOLD,29MAR2027,16540000.000000,1,OPTFUT,NCO,50.000000,10,False
129886,GOLD27MAR165600PE,GOLD,29MAR2027,16560000.000000,1,OPTFUT,NCO,50.000000,10,False
129907,GOLD27MAR166700CE,GOLD,29MAR2027,16670000.000000,1,OPTFUT,NCO,50.000000,10,False
129908,GOLD27MAR166700PE,GOLD,29MAR2027,16670000.000000,1,OPTFUT,NCO,50.000000,10,False
129916,GOLD27MAR167100PE,GOLD,29MAR2027,16710000.000000,1,OPTFUT,NCO,50.000000,10,False
129918,GOLD27MAR167200PE,GOLD,29MAR2027,16720000.000000,1,OPTFUT,NCO,50.000000,10,False
129932,GOLD27MAR167900PE,GOLD,29MAR2027,16790000.000000,1,OPTFUT,NCO,50.000000,10,False
129935,SILVERM27JUN243250CE,SILVERM,23JUN2027,24325000.000000,1,OPTFUT,NCO,50.000000,120,False
129937,SILVERM27JUN243500CE,SILVERM,23JUN2027,24350000.000000,1,OPTFUT,NCO,50.000000,120,False
129964,GOLD27MAR168000CE,GOLD,29MAR2027,16800000.000000,1,OPTFUT,NCO,50.000000,10,False
129970,SILVERM27APR234250CE,SILVERM,23APR2027,23425000.000000,1,OPTFUT,NCO,50.000000,120,False
129976,SILVERM27MAR262500CE,SILVERM,24MAR2027,26250000.000000,1,OPTFUT,NCO,50.000000,120,False
129988,GOLD27MAR168600PE,GOLD,29MAR2027,16860000.000000,1,OPTFUT,NCO,50.000000,10,False
129989,GOLD27MAR168700CE,GOLD,29MAR2027,16870000.000000,1,OPTFUT,NCO,50.000000,10,False
130000,GOLD27MAR169200PE,GOLD,29MAR2027,16920000.000000,1,OPTFUT,NCO,50.000000,10,False
130009,GOLD27MAR169700CE,GOLD,29MAR2027,16970000.000000,1,OPTFUT,NCO,50.000000,10,False
130010,GOLD27MAR169700PE,GOLD,29MAR2027,16970000.000000,1,OPTFUT,NCO,50.000000,10,False
130014,GOLD27MAR169900PE,GOLD,29MAR2027,16990000.000000,1,OPTFUT,NCO,50.000000,10,False
130030,SILVERM27MAY255500CE,SILVERM,24MAY2027,25550000.000000,1,OPTFUT,NCO,50.000000,120,False
130033,SILVERM27MAY255750PE,SILVERM,24MAY2027,25575000.000000,1,OPTFUT,NCO,50.000000,120,False
125146,GOLD26OCT128500PE,GOLD,29OCT2026,12850000.000000,1,OPTFUT,NCO,50.000000,10,False
125152,SILVERM26DEC238750PE,SILVERM,23DEC2026,23875000.000000,1,OPTFUT,NCO,50.000000,120,False
125175,SILVERM26DEC241500CE,SILVERM,23DEC2026,24150000.000000,1,OPTFUT,NCO,50.000000,120,False
125197,GOLDM26OCT146600CE,GOLDM,29OCT2026,14660000.000000,1,OPTFUT,NCO,50.000000,100,False
125200,GOLDM26OCT146700PE,GOLDM,29OCT2026,14670000.000000,1,OPTFUT,NCO,50.000000,100,False
125221,GOLD26OCT128800PE,GOLD,29OCT2026,12880000.000000,1,OPTFUT,NCO,50.000000,10,False
125228,GOLD26OCT129000CE,GOLD,29OCT2026,12900000.000000,1,OPTFUT,NCO,50.000000,10,False
125234,GOLD26OCT129200PE,GOLD,29OCT2026,12920000.000000,1,OPTFUT,NCO,50.000000,10,False
125239,SILVER26DEC208750PE,SILVER,01DEC2026,20875000.000000,1,OPTBLN,NCO,50.000000,20,False
125243,GOLD26OCT129500CE,GOLD,29OCT2026,12950000.000000,1,OPTFUT,NCO,50.000000,10,False
125244,GOLD26OCT129500PE,GOLD,29OCT2026,12950000.000000,1,OPTFUT,NCO,50.000000,10,False
125256,SILVERM27MAR244750PE,SILVERM,24MAR2027,24475000.000000,1,OPTFUT,NCO,50.000000,120,False
125267,GOLD26OCT129900PE,GOLD,29OCT2026,12990000.000000,1,OPTFUT,NCO,50.000000,10,False
125270,GOLD26OCT130000PE,GOLD,29OCT2026,13000000.000000,1,OPTFUT,NCO,50.000000,10,False
125272,GOLD26OCT130100PE,GOLD,29OCT2026,13010000.000000,1,OPTFUT,NCO,50.000000,10,False
125286,SILVER26DEC211500CE,SILVER,01DEC2026,21150000.000000,1,OPTBLN,NCO,50.000000,20,False
125297,SILVERM27JAN265750PE,SILVERM,21JAN2027,26575000.000000,1,OPTFUT,NCO,50.000000,120,False
125298,SILVERM27JAN266000CE,SILVERM,21JAN2027,26600000.000000,1,OPTFUT,NCO,50.000000,120,False
125329,ZINC26OCT450CE,ZINC,23OCT2026,45000.000000,1,OPTFUT,NCO,1.000000,20,False
125330,ZINC26OCT450PE,ZINC,23OCT2026,45000.000000,1,OPTFUT,NCO,1.000000,20,False
125335,GOLDM26OCT147700CE,GOLDM,29OCT2026,14770000.000000,1,OPTFUT,NCO,50.000000,100,False
125347,SILVERM27APR261250CE,SILVERM,23APR2027,26125000.000000,1,OPTFUT,NCO,50.000000,120,False
125362,SILVERM26OCT194500CE,SILVERM,23OCT2026,19450000.000000,1,OPTFUT,NCO,50.000000,120,False
125365,SILVERM26OCT194750PE,SILVERM,23OCT2026,19475000.000000,1,OPTFUT,NCO,50.000000,120,False
130050,SILVERM27MAY258000CE,SILVERM,24MAY2027,25800000.000000,1,OPTFUT,NCO,50.000000,120,False
130053,SILVERM27MAY258250PE,SILVERM,24MAY2027,25825000.000000,1,OPTFUT,NCO,50.000000,120,False
130070,NATURALGAS26DECFUT,NATURALGAS,28DEC2026,-1.000000,1,FUTENR,NCO,10.000000,48,False
130071,SILVERM27JUN252750PE,SILVERM,23JUN2027,25275000.000000,1,OPTFUT,NCO,50.000000,120,False
125377,SILVERM26NOV195500CE,SILVERM,23NOV2026,19550000.000000,1,OPTFUT,NCO,50.000000,120,False
125366,SILVERM26OCT195000CE,SILVERM,23OCT2026,19500000.000000,1,OPTFUT,NCO,50.000000,120,False
125371,SILVERM27AUG257250CE,SILVERM,24AUG2027,25725000.000000,1,OPTFUT,NCO,50.000000,120,False
125374,SILVERM27JAN268250CE,SILVERM,21JAN2027,26825000.000000,1,OPTFUT,NCO,50.000000,120,False
130077,SILVERM27JUN253500PE,SILVERM,23JUN2027,25350000.000000,1,OPTFUT,NCO,50.000000,120,False
130080,SILVERM27JUN254000CE,SILVERM,23JUN2027,25400000.000000,1,OPTFUT,NCO,50.000000,120,False
130081,SILVERM27JUN254000PE,SILVERM,23JUN2027,25400000.000000,1,OPTFUT,NCO,50.000000,120,False
130083,SILVERM27JUN254250PE,SILVERM,23JUN2027,25425000.000000,1,OPTFUT,NCO,50.000000,120,False
125409,SILVERM27MAR246000PE,SILVERM,24MAR2027,24600000.000000,1,OPTFUT,NCO,50.000000,120,False
125424,SILVERM27MAR247500CE,SILVERM,24MAR2027,24750000.000000,1,OPTFUT,NCO,50.000000,120,False
125431,SILVERM27JAN271750CE,SILVERM,21JAN2027,27175000.000000,1,OPTFUT,NCO,50.000000,120,False
125435,SILVERM27JAN272250CE,SILVERM,21JAN2027,27225000.000000,1,OPTFUT,NCO,50.000000,120,False
130089,COPPER26OCT1355CE,COPPER,23OCT2026,135500.000000,1,OPTFUT,NCO,1.000000,70,False
130099,GOLD27JUN151600CE,GOLD,28JUN2027,15160000.000000,1,OPTFUT,NCO,50.000000,10,False
130101,GOLD27JUN151700CE,GOLD,28JUN2027,15170000.000000,1,OPTFUT,NCO,50.000000,10,False
130104,GOLD27JUN151800PE,GOLD,28JUN2027,15180000.000000,1,OPTFUT,NCO,50.000000,10,False
130111,GOLD27JUL161500CE,GOLD,29JUL2027,16150000.000000,1,OPTFUT,NCO,50.000000,10,False
130115,GOLD27JUL161700CE,GOLD,29JUL2027,16170000.000000,1,OPTFUT,NCO,50.000000,10,False
130124,GOLD27JUL162100PE,GOLD,29JUL2027,16210000.000000,1,OPTFUT,NCO,50.000000,10,False
130131,GOLDM26SEP153400CE,GOLDM,25SEP2026,15340000.000000,1,OPTFUT,NCO,50.000000,100,False
125439,SILVERM27JAN272500CE,SILVERM,21JAN2027,27250000.000000,1,OPTFUT,NCO,50.000000,120,False
125455,SILVERM27MAR248500PE,SILVERM,24MAR2027,24850000.000000,1,OPTFUT,NCO,50.000000,120,False
125459,SILVERM27MAR249000PE,SILVERM,24MAR2027,24900000.000000,1,OPTFUT,NCO,50.000000,120,False
125462,SILVERM27MAR249500CE,SILVERM,24MAR2027,24950000.000000,1,OPTFUT,NCO,50.000000,120,False
130140,GOLDM26SEP153800PE,GOLDM,25SEP2026,15380000.000000,1,OPTFUT,NCO,50.000000,100,False
130191,SILVERM27AUG241250CE,SILVERM,24AUG2027,24125000.000000,1,OPTFUT,NCO,50.000000,120,False
130192,SILVERM27AUG241250PE,SILVERM,24AUG2027,24125000.000000,1,OPTFUT,NCO,50.000000,120,False
130200,SILVERM27AUG242250PE,SILVERM,24AUG2027,24225000.000000,1,OPTFUT,NCO,50.000000,120,False
125472,SILVERM27MAR250750CE,SILVERM,24MAR2027,25075000.000000,1,OPTFUT,NCO,50.000000,120,False
125478,SILVERM27APR277250PE,SILVERM,23APR2027,27725000.000000,1,OPTFUT,NCO,50.000000,120,False
125482,SILVERM27JAN272750PE,SILVERM,21JAN2027,27275000.000000,1,OPTFUT,NCO,50.000000,120,False
125497,SILVERM27JAN274750CE,SILVERM,21JAN2027,27475000.000000,1,OPTFUT,NCO,50.000000,120,False
130215,GOLD27MAR170900CE,GOLD,29MAR2027,17090000.000000,1,OPTFUT,NCO,50.000000,10,False
130218,GOLD27MAR171000PE,GOLD,29MAR2027,17100000.000000,1,OPTFUT,NCO,50.000000,10,False
130219,GOLD27MAR171100CE,GOLD,29MAR2027,17110000.000000,1,OPTFUT,NCO,50.000000,10,False
130246,GOLD27APR163800PE,GOLD,28APR2027,16380000.000000,1,OPTFUT,NCO,50.000000,10,False
125513,SILVERM27JAN276000CE,SILVERM,21JAN2027,27600000.000000,1,OPTFUT,NCO,50.000000,120,False
125537,GOLDM26OCT148400CE,GOLDM,29OCT2026,14840000.000000,1,OPTFUT,NCO,50.000000,100,False
125540,SILVERM27AUG257750PE,SILVERM,24AUG2027,25775000.000000,1,OPTFUT,NCO,50.000000,120,False
125546,SILVERM27JAN277500PE,SILVERM,21JAN2027,27750000.000000,1,OPTFUT,NCO,50.000000,120,False
130261,GOLD27APR164600CE,GOLD,28APR2027,16460000.000000,1,OPTFUT,NCO,50.000000,10,False
130286,GOLD27APR165800PE,GOLD,28APR2027,16580000.000000,1,OPTFUT,NCO,50.000000,10,False
130296,GOLD27JUN152200PE,GOLD,28JUN2027,15220000.000000,1,OPTFUT,NCO,50.000000,10,False
130299,GOLDM26SEP144600CE,GOLDM,25SEP2026,14460000.000000,1,OPTFUT,NCO,50.000000,100,False
130312,SILVERM27AUG242500PE,SILVERM,24AUG2027,24250000.000000,1,OPTFUT,NCO,50.000000,120,False
130322,SILVERM26OCT177750PE,SILVERM,23OCT2026,17775000.000000,1,OPTFUT,NCO,50.000000,120,False
130324,SILVERM26OCT178000PE,SILVERM,23OCT2026,17800000.000000,1,OPTFUT,NCO,50.000000,120,False
130339,SILVERM27AUG242750CE,SILVERM,24AUG2027,24275000.000000,1,OPTFUT,NCO,50.000000,120,False
125550,GOLDM26NOV156700CE,GOLDM,27NOV2026,15670000.000000,1,OPTFUT,NCO,50.000000,100,False
125553,ZINC26DEC417.5CE,ZINC,23DEC2026,41750.000000,1,OPTFUT,NCO,1.000000,20,False
125567,SILVERM27MAY267250CE,SILVERM,24MAY2027,26725000.000000,1,OPTFUT,NCO,50.000000,120,False
125573,SILVERM26OCT149000PE,SILVERM,23OCT2026,14900000.000000,1,OPTFUT,NCO,50.000000,120,False
130342,SILVERM26OCT179750PE,SILVERM,23OCT2026,17975000.000000,1,OPTFUT,NCO,50.000000,120,False
130352,GOLD26NOV138700PE,GOLD,27NOV2026,13870000.000000,1,OPTFUT,NCO,50.000000,10,False
130355,GOLDM26SEP144900CE,GOLDM,25SEP2026,14490000.000000,1,OPTFUT,NCO,50.000000,100,False
130359,SILVERM27AUG243000CE,SILVERM,24AUG2027,24300000.000000,1,OPTFUT,NCO,50.000000,120,False
125575,SILVERM26OCT149250PE,SILVERM,23OCT2026,14925000.000000,1,OPTFUT,NCO,50.000000,120,False
125576,SILVERM26OCT149500CE,SILVERM,23OCT2026,14950000.000000,1,OPTFUT,NCO,50.000000,120,False
125582,GOLDM26NOV157100PE,GOLDM,27NOV2026,15710000.000000,1,OPTFUT,NCO,50.000000,100,False
125598,GOLDM26NOV157300PE,GOLDM,27NOV2026,15730000.000000,1,OPTFUT,NCO,50.000000,100,False
130363,GOLDM26SEP145200CE,GOLDM,25SEP2026,14520000.000000,1,OPTFUT,NCO,50.000000,100,False
130374,GOLD27JUN149900PE,GOLD,28JUN2027,14990000.000000,1,OPTFUT,NCO,50.000000,10,False
130395,SILVERM27MAR262750PE,SILVERM,24MAR2027,26275000.000000,1,OPTFUT,NCO,50.000000,120,False
130405,GOLD27APR166900PE,GOLD,28APR2027,16690000.000000,1,OPTFUT,NCO,50.000000,10,False
125602,GOLDM26NOV157500PE,GOLDM,27NOV2026,15750000.000000,1,OPTFUT,NCO,50.000000,100,False
125612,GOLD27AUG158900PE,GOLD,27AUG2027,15890000.000000,1,OPTFUT,NCO,50.000000,10,False
125623,SILVERM27MAY278250PE,SILVERM,24MAY2027,27825000.000000,1,OPTFUT,NCO,50.000000,120,False
125624,SILVERM27MAY278500CE,SILVERM,24MAY2027,27850000.000000,1,OPTFUT,NCO,50.000000,120,False
130409,SILVERM27MAY260500CE,SILVERM,24MAY2027,26050000.000000,1,OPTFUT,NCO,50.000000,120,False
130420,GOLDM26OCT154200PE,GOLDM,29OCT2026,15420000.000000,1,OPTFUT,NCO,50.000000,100,False
130450,SILVERM27AUG243250CE,SILVERM,24AUG2027,24325000.000000,1,OPTFUT,NCO,50.000000,120,False
130454,SILVERM27AUG243750CE,SILVERM,24AUG2027,24375000.000000,1,OPTFUT,NCO,50.000000,120,False
125633,GOLD27AUG159300PE,GOLD,27AUG2027,15930000.000000,1,OPTFUT,NCO,50.000000,10,False
125637,GOLD27AUG159500PE,GOLD,27AUG2027,15950000.000000,1,OPTFUT,NCO,50.000000,10,False
125638,GOLD27AUG159600CE,GOLD,27AUG2027,15960000.000000,1,OPTFUT,NCO,50.000000,10,False
125641,GOLD27AUG159700PE,GOLD,27AUG2027,15970000.000000,1,OPTFUT,NCO,50.000000,10,False
130461,GOLD27JUN150300CE,GOLD,28JUN2027,15030000.000000,1,OPTFUT,NCO,50.000000,10,False
130474,SILVERM27MAY261500CE,SILVERM,24MAY2027,26150000.000000,1,OPTFUT,NCO,50.000000,120,False
130481,GOLDM26OCT154600CE,GOLDM,29OCT2026,15460000.000000,1,OPTFUT,NCO,50.000000,100,False
130491,GOLD27JUN150400PE,GOLD,28JUN2027,15040000.000000,1,OPTFUT,NCO,50.000000,10,False
125644,GOLDM26NOV152000CE,GOLDM,27NOV2026,15200000.000000,1,OPTFUT,NCO,50.000000,100,False
125648,GOLDM26NOV152200CE,GOLDM,27NOV2026,15220000.000000,1,OPTFUT,NCO,50.000000,100,False
125662,SILVERM27JAN278000CE,SILVERM,21JAN2027,27800000.000000,1,OPTFUT,NCO,50.000000,120,False
125686,SILVERM27JAN281000CE,SILVERM,21JAN2027,28100000.000000,1,OPTFUT,NCO,50.000000,120,False
130503,COPPER26SEP1260PE,COPPER,23SEP2026,126000.000000,1,OPTFUT,NCO,1.000000,70,False
130509,GOLD27APR167200PE,GOLD,28APR2027,16720000.000000,1,OPTFUT,NCO,50.000000,10,False
130512,GOLD27APR167400CE,GOLD,28APR2027,16740000.000000,1,OPTFUT,NCO,50.000000,10,False
130532,GOLDM26OCT154800CE,GOLDM,29OCT2026,15480000.000000,1,OPTFUT,NCO,50.000000,100,False
125703,SILVERM27JAN282750PE,SILVERM,21JAN2027,28275000.000000,1,OPTFUT,NCO,50.000000,120,False
125721,SILVERM27JAN285000CE,SILVERM,21JAN2027,28500000.000000,1,OPTFUT,NCO,50.000000,120,False
125725,GOLDM26OCT149100CE,GOLDM,29OCT2026,14910000.000000,1,OPTFUT,NCO,50.000000,100,False
125737,SILVERM27JAN286250CE,SILVERM,21JAN2027,28625000.000000,1,OPTFUT,NCO,50.000000,120,False
130534,GOLD27APR167600CE,GOLD,28APR2027,16760000.000000,1,OPTFUT,NCO,50.000000,10,False
130541,SILVERM27MAY261750PE,SILVERM,24MAY2027,26175000.000000,1,OPTFUT,NCO,50.000000,120,False
130549,ZINC26OCT387.5PE,ZINC,23OCT2026,38750.000000,1,OPTFUT,NCO,1.000000,20,False
130555,GOLDM26OCT155000PE,GOLDM,29OCT2026,15500000.000000,1,OPTFUT,NCO,50.000000,100,False
130559,ZINC26OCT452.5CE,ZINC,23OCT2026,45250.000000,1,OPTFUT,NCO,1.000000,20,False
130664,GOLD27APR167900CE,GOLD,28APR2027,16790000.000000,1,OPTFUT,NCO,50.000000,10,False
130668,GOLD27APR168100CE,GOLD,28APR2027,16810000.000000,1,OPTFUT,NCO,50.000000,10,False
130680,GOLD27APR168700CE,GOLD,28APR2027,16870000.000000,1,OPTFUT,NCO,50.000000,10,False
125754,SILVERM27JAN288250PE,SILVERM,21JAN2027,28825000.000000,1,OPTFUT,NCO,50.000000,120,False
125764,SILVERM27JAN289500PE,SILVERM,21JAN2027,28950000.000000,1,OPTFUT,NCO,50.000000,120,False
125775,SILVER26DEC214000PE,SILVER,01DEC2026,21400000.000000,1,OPTBLN,NCO,50.000000,20,False
125781,SILVER26DEC214750CE,SILVER,01DEC2026,21475000.000000,1,OPTBLN,NCO,50.000000,20,False
130682,GOLD27APR168800CE,GOLD,28APR2027,16880000.000000,1,OPTFUT,NCO,50.000000,10,False
130689,GOLD27APR169100PE,GOLD,28APR2027,16910000.000000,1,OPTFUT,NCO,50.000000,10,False
130731,SILVERM27MAY262750CE,SILVERM,24MAY2027,26275000.000000,1,OPTFUT,NCO,50.000000,120,False
130748,GOLD27APR170100CE,GOLD,28APR2027,17010000.000000,1,OPTFUT,NCO,50.000000,10,False
125786,SILVER26DEC215250PE,SILVER,01DEC2026,21525000.000000,1,OPTBLN,NCO,50.000000,20,False
125801,SILVERM27JUL239000PE,SILVERM,23JUL2027,23900000.000000,1,OPTFUT,NCO,50.000000,120,False
125805,SILVERM27JUL239500PE,SILVERM,23JUL2027,23950000.000000,1,OPTFUT,NCO,50.000000,120,False
125821,SILVERM27JUL241000PE,SILVERM,23JUL2027,24100000.000000,1,OPTFUT,NCO,50.000000,120,False
130778,SILVERM27MAY263000PE,SILVERM,24MAY2027,26300000.000000,1,OPTFUT,NCO,50.000000,120,False
130784,GOLD27FEB169300CE,GOLD,26FEB2027,16930000.000000,1,OPTFUT,NCO,50.000000,10,False
130795,GOLD27APR171800CE,GOLD,28APR2027,17180000.000000,1,OPTFUT,NCO,50.000000,10,False
130807,SILVERM27MAY263500PE,SILVERM,24MAY2027,26350000.000000,1,OPTFUT,NCO,50.000000,120,False
125822,SILVERM27JUL241250CE,SILVERM,23JUL2027,24125000.000000,1,OPTFUT,NCO,50.000000,120,False
125833,SILVERM27JUL242000PE,SILVERM,23JUL2027,24200000.000000,1,OPTFUT,NCO,50.000000,120,False
125836,SILVERM27MAY267750PE,SILVERM,24MAY2027,26775000.000000,1,OPTFUT,NCO,50.000000,120,False
125842,SILVER27MAR258750CE,SILVER,02MAR2027,25875000.000000,1,OPTBLN,NCO,50.000000,20,False
130809,COPPER26SEP1275PE,COPPER,23SEP2026,127500.000000,1,OPTFUT,NCO,1.000000,70,False
130810,SILVERM26SEP144500CE,SILVERM,23SEP2026,14450000.000000,1,OPTFUT,NCO,50.000000,120,False
130831,SILVERM27MAY264750CE,SILVERM,24MAY2027,26475000.000000,1,OPTFUT,NCO,50.000000,120,False
130834,SILVERM27MAY265000PE,SILVERM,24MAY2027,26500000.000000,1,OPTFUT,NCO,50.000000,120,False
125845,NATURALGAS26NOV200PE,NATURALGAS,18NOV2026,20000.000000,1,OPTFUT,NCO,5.000000,48,False
125860,SILVERM27JAN291500CE,SILVERM,21JAN2027,29150000.000000,1,OPTFUT,NCO,50.000000,120,False
125862,SILVERM27JUL243000PE,SILVERM,23JUL2027,24300000.000000,1,OPTFUT,NCO,50.000000,120,False
125879,SILVERM27JUL244750PE,SILVERM,23JUL2027,24475000.000000,1,OPTFUT,NCO,50.000000,120,False
130839,SILVERM27MAY265750CE,SILVERM,24MAY2027,26575000.000000,1,OPTFUT,NCO,50.000000,120,False
130862,GOLD27MAR145000CE,GOLD,29MAR2027,14500000.000000,1,OPTFUT,NCO,50.000000,10,False
130865,GOLD27MAR145100PE,GOLD,29MAR2027,14510000.000000,1,OPTFUT,NCO,50.000000,10,False
130871,GOLD27MAR145400PE,GOLD,29MAR2027,14540000.000000,1,OPTFUT,NCO,50.000000,10,False
130872,GOLD27JUL163500CE,GOLD,29JUL2027,16350000.000000,1,OPTFUT,NCO,50.000000,10,False
130875,GOLD27JUL163600PE,GOLD,29JUL2027,16360000.000000,1,OPTFUT,NCO,50.000000,10,False
130881,GOLDM26SEP154500PE,GOLDM,25SEP2026,15450000.000000,1,OPTFUT,NCO,50.000000,100,False
130910,GOLD26DEC141800CE,GOLD,29DEC2026,14180000.000000,1,OPTFUT,NCO,50.000000,10,False
125886,COPPER26NOV1450CE,COPPER,23NOV2026,145000.000000,1,OPTFUT,NCO,1.000000,70,False
125928,COPPER26NOV1455CE,COPPER,23NOV2026,145500.000000,1,OPTFUT,NCO,1.000000,70,False
125934,GOLD27JUN157600CE,GOLD,28JUN2027,15760000.000000,1,OPTFUT,NCO,50.000000,10,False
125942,SILVERM27JAN293750PE,SILVERM,21JAN2027,29375000.000000,1,OPTFUT,NCO,50.000000,120,False
130917,GOLD26DEC142100PE,GOLD,29DEC2026,14210000.000000,1,OPTFUT,NCO,50.000000,10,False
130941,SILVERM27JAN337750CE,SILVERM,21JAN2027,33775000.000000,1,OPTFUT,NCO,50.000000,120,False
130943,SILVERM27JAN338000CE,SILVERM,21JAN2027,33800000.000000,1,OPTFUT,NCO,50.000000,120,False
130944,SILVERM27JAN338000PE,SILVERM,21JAN2027,33800000.000000,1,OPTFUT,NCO,50.000000,120,False
125953,CRUDEOIL26OCT11600PE,CRUDEOIL,08OCT2026,1160000.000000,1,OPTFUT,NCO,10.000000,100,False
125954,CRUDEOIL26OCT11650CE,CRUDEOIL,08OCT2026,1165000.000000,1,OPTFUT,NCO,10.000000,100,False
125956,GOLD27JUN157800CE,GOLD,28JUN2027,15780000.000000,1,OPTFUT,NCO,50.000000,10,False
125976,GOLD27JAN171800CE,GOLD,29JAN2027,17180000.000000,1,OPTFUT,NCO,50.000000,10,False
130945,SILVERM27JAN338250CE,SILVERM,21JAN2027,33825000.000000,1,OPTFUT,NCO,50.000000,120,False
130963,GOLD27FEB169700PE,GOLD,26FEB2027,16970000.000000,1,OPTFUT,NCO,50.000000,10,False
130964,GOLD27FEB169800CE,GOLD,26FEB2027,16980000.000000,1,OPTFUT,NCO,50.000000,10,False
130969,GOLD27FEB170000PE,GOLD,26FEB2027,17000000.000000,1,OPTFUT,NCO,50.000000,10,False
130970,GOLD27FEB170100CE,GOLD,26FEB2027,17010000.000000,1,OPTFUT,NCO,50.000000,10,False
130971,GOLD27FEB170100PE,GOLD,26FEB2027,17010000.000000,1,OPTFUT,NCO,50.000000,10,False
130982,GOLD27FEB170700CE,GOLD,26FEB2027,17070000.000000,1,OPTFUT,NCO,50.000000,10,False
130984,GOLD27FEB170800CE,GOLD,26FEB2027,17080000.000000,1,OPTFUT,NCO,50.000000,10,False
125987,GOLD27JUN158300CE,GOLD,28JUN2027,15830000.000000,1,OPTFUT,NCO,50.000000,10,False
125992,ZINC26DEC430PE,ZINC,23DEC2026,43000.000000,1,OPTFUT,NCO,1.000000,20,False
125995,GOLD27APR158600PE,GOLD,28APR2027,15860000.000000,1,OPTFUT,NCO,50.000000,10,False
125999,GOLD27JUN158500CE,GOLD,28JUN2027,15850000.000000,1,OPTFUT,NCO,50.000000,10,False
130986,GOLD27FEB170900CE,GOLD,26FEB2027,17090000.000000,1,OPTFUT,NCO,50.000000,10,False
130989,GOLD27FEB171000PE,GOLD,26FEB2027,17100000.000000,1,OPTFUT,NCO,50.000000,10,False
130996,COPPER26SEP1315PE,COPPER,23SEP2026,131500.000000,1,OPTFUT,NCO,1.000000,70,False
130998,COPPER26SEP1320PE,COPPER,23SEP2026,132000.000000,1,OPTFUT,NCO,1.000000,70,False
126023,GOLD26OCT124900CE,GOLD,29OCT2026,12490000.000000,1,OPTFUT,NCO,50.000000,10,False
126038,GOLD27APR159100CE,GOLD,28APR2027,15910000.000000,1,OPTFUT,NCO,50.000000,10,False
126041,GOLD27JAN173200CE,GOLD,29JAN2027,17320000.000000,1,OPTFUT,NCO,50.000000,10,False
126042,GOLD27APR159200CE,GOLD,28APR2027,15920000.000000,1,OPTFUT,NCO,50.000000,10,False
131001,GOLD27MAR151600CE,GOLD,29MAR2027,15160000.000000,1,OPTFUT,NCO,50.000000,10,False
131011,CRUDEOIL26OCTFUT,CRUDEOIL,19OCT2026,-1.000000,1,FUTENR,NCO,100.000000,100,False
131016,GOLD27JUN148000PE,GOLD,28JUN2027,14800000.000000,1,OPTFUT,NCO,50.000000,10,False
131017,GOLD27JUN148100CE,GOLD,28JUN2027,14810000.000000,1,OPTFUT,NCO,50.000000,10,False
126046,SILVER26DEC215750PE,SILVER,01DEC2026,21575000.000000,1,OPTBLN,NCO,50.000000,20,False
126048,SILVER26DEC216000PE,SILVER,01DEC2026,21600000.000000,1,OPTBLN,NCO,50.000000,20,False
126050,SILVER26DEC216250PE,SILVER,01DEC2026,21625000.000000,1,OPTBLN,NCO,50.000000,20,False
126052,GOLD27JUN158500PE,GOLD,28JUN2027,15850000.000000,1,OPTFUT,NCO,50.000000,10,False
131026,GOLDM26SEP141500PE,GOLDM,25SEP2026,14150000.000000,1,OPTFUT,NCO,50.000000,100,False
131027,SILVERM27MAR221750CE,SILVERM,24MAR2027,22175000.000000,1,OPTFUT,NCO,50.000000,120,False
131030,GOLD27JUN151200PE,GOLD,28JUN2027,15120000.000000,1,OPTFUT,NCO,50.000000,10,False
131042,GOLDM26SEP143700PE,GOLDM,25SEP2026,14370000.000000,1,OPTFUT,NCO,50.000000,100,False
126072,ZINC26DEC432.5PE,ZINC,23DEC2026,43250.000000,1,OPTFUT,NCO,1.000000,20,False
126074,ZINC26DEC435PE,ZINC,23DEC2026,43500.000000,1,OPTFUT,NCO,1.000000,20,False
126080,ZINC26DEC442.5PE,ZINC,23DEC2026,44250.000000,1,OPTFUT,NCO,1.000000,20,False
126084,ZINC26DEC447.5PE,ZINC,23DEC2026,44750.000000,1,OPTFUT,NCO,1.000000,20,False
131045,GOLDM26SEP143900CE,GOLDM,25SEP2026,14390000.000000,1,OPTFUT,NCO,50.000000,100,False
131051,GOLDM26SEP144200CE,GOLDM,25SEP2026,14420000.000000,1,OPTFUT,NCO,50.000000,100,False
131065,SILVERM27MAY266250PE,SILVERM,24MAY2027,26625000.000000,1,OPTFUT,NCO,50.000000,120,False
131066,SILVERM27MAY266500CE,SILVERM,24MAY2027,26650000.000000,1,OPTFUT,NCO,50.000000,120,False
126113,SILVERM26OCT336500PE,SILVERM,23OCT2026,33650000.000000,1,OPTFUT,NCO,50.000000,120,False
126131,SILVERM27JAN295250PE,SILVERM,21JAN2027,29525000.000000,1,OPTFUT,NCO,50.000000,120,False
126132,GOLD27JAN173700PE,GOLD,29JAN2027,17370000.000000,1,OPTFUT,NCO,50.000000,10,False
126139,GOLD27JAN174100CE,GOLD,29JAN2027,17410000.000000,1,OPTFUT,NCO,50.000000,10,False
126141,GOLD27JAN174200CE,GOLD,29JAN2027,17420000.000000,1,OPTFUT,NCO,50.000000,10,False
126147,GOLD27JAN174400PE,GOLD,29JAN2027,17440000.000000,1,OPTFUT,NCO,50.000000,10,False
126153,GOLD27JAN174700PE,GOLD,29JAN2027,17470000.000000,1,OPTFUT,NCO,50.000000,10,False
126157,SILVERM27JAN295750CE,SILVERM,21JAN2027,29575000.000000,1,OPTFUT,NCO,50.000000,120,False
131088,GOLD27APR152400CE,GOLD,28APR2027,15240000.000000,1,OPTFUT,NCO,50.000000,10,False
131093,GOLD27APR152600PE,GOLD,28APR2027,15260000.000000,1,OPTFUT,NCO,50.000000,10,False
131098,GOLD27APR152900CE,GOLD,28APR2027,15290000.000000,1,OPTFUT,NCO,50.000000,10,False
131101,SILVER26DEC198500CE,SILVER,01DEC2026,19850000.000000,1,OPTBLN,NCO,50.000000,20,False
126177,GOLD27JAN175700PE,GOLD,29JAN2027,17570000.000000,1,OPTFUT,NCO,50.000000,10,False
126181,GOLD27JAN175900PE,GOLD,29JAN2027,17590000.000000,1,OPTFUT,NCO,50.000000,10,False
126187,SILVERM26NOV337500PE,SILVERM,23NOV2026,33750000.000000,1,OPTFUT,NCO,50.000000,120,False
126196,GOLD27JAN176200CE,GOLD,29JAN2027,17620000.000000,1,OPTFUT,NCO,50.000000,10,False
131104,SILVER26DEC198750PE,SILVER,01DEC2026,19875000.000000,1,OPTBLN,NCO,50.000000,20,False
131108,GOLD27JUN148400PE,GOLD,28JUN2027,14840000.000000,1,OPTFUT,NCO,50.000000,10,False
131115,GOLD27JUN148800CE,GOLD,28JUN2027,14880000.000000,1,OPTFUT,NCO,50.000000,10,False
131117,GOLD27JUN148900CE,GOLD,28JUN2027,14890000.000000,1,OPTFUT,NCO,50.000000,10,False
131131,GOLD27JUN149600CE,GOLD,28JUN2027,14960000.000000,1,OPTFUT,NCO,50.000000,10,False
131132,GOLD27JUN149600PE,GOLD,28JUN2027,14960000.000000,1,OPTFUT,NCO,50.000000,10,False
131141,GOLDM26SEP155300PE,GOLDM,25SEP2026,15530000.000000,1,OPTFUT,NCO,50.000000,100,False
131152,GOLDM26OCT155200CE,GOLDM,29OCT2026,15520000.000000,1,OPTFUT,NCO,50.000000,100,False
126197,GOLD27JAN176200PE,GOLD,29JAN2027,17620000.000000,1,OPTFUT,NCO,50.000000,10,False
126198,GOLD27JAN176300CE,GOLD,29JAN2027,17630000.000000,1,OPTFUT,NCO,50.000000,10,False
126205,GOLD27JUL156400PE,GOLD,29JUL2027,15640000.000000,1,OPTFUT,NCO,50.000000,10,False
126208,GOLD27JUL156600CE,GOLD,29JUL2027,15660000.000000,1,OPTFUT,NCO,50.000000,10,False
126213,GOLD27JUL156800PE,GOLD,29JUL2027,15680000.000000,1,OPTFUT,NCO,50.000000,10,False
126231,GOLD27JUL156900PE,GOLD,29JUL2027,15690000.000000,1,OPTFUT,NCO,50.000000,10,False
126239,SILVERM27MAR256500PE,SILVERM,24MAR2027,25650000.000000,1,OPTFUT,NCO,50.000000,120,False
126240,GOLD27JUL157200PE,GOLD,29JUL2027,15720000.000000,1,OPTFUT,NCO,50.000000,10,False
131207,SILVERM26SEP146000PE,SILVERM,23SEP2026,14600000.000000,1,OPTFUT,NCO,50.000000,120,False
131209,SILVERM26SEP146250PE,SILVERM,23SEP2026,14625000.000000,1,OPTFUT,NCO,50.000000,120,False
131215,SILVERM26SEP147000PE,SILVERM,23SEP2026,14700000.000000,1,OPTFUT,NCO,50.000000,120,False
131229,SILVERM26SEP148750PE,SILVERM,23SEP2026,14875000.000000,1,OPTFUT,NCO,50.000000,120,False
126242,SILVERM27MAR256750PE,SILVERM,24MAR2027,25675000.000000,1,OPTFUT,NCO,50.000000,120,False
126244,SILVERM26NOV337750CE,SILVERM,23NOV2026,33775000.000000,1,OPTFUT,NCO,50.000000,120,False
126246,SILVERM26NOV338000CE,SILVERM,23NOV2026,33800000.000000,1,OPTFUT,NCO,50.000000,120,False
126258,SILVERM26DEC339500CE,SILVERM,23DEC2026,33950000.000000,1,OPTFUT,NCO,50.000000,120,False
131287,SILVERM26SEP201500PE,SILVERM,23SEP2026,20150000.000000,1,OPTFUT,NCO,50.000000,120,False
131289,SILVERM26SEP201750PE,SILVERM,23SEP2026,20175000.000000,1,OPTFUT,NCO,50.000000,120,False
131296,SILVERM26SEP202750CE,SILVERM,23SEP2026,20275000.000000,1,OPTFUT,NCO,50.000000,120,False
131315,SILVERM26OCT201500PE,SILVERM,23OCT2026,20150000.000000,1,OPTFUT,NCO,50.000000,120,False
126263,SILVERM26DEC340000PE,SILVERM,23DEC2026,34000000.000000,1,OPTFUT,NCO,50.000000,120,False
126267,SILVERM27MAR257250PE,SILVERM,24MAR2027,25725000.000000,1,OPTFUT,NCO,50.000000,120,False
126276,SILVERM27MAR258500CE,SILVERM,24MAR2027,25850000.000000,1,OPTFUT,NCO,50.000000,120,False
126283,GOLD27JAN176600CE,GOLD,29JAN2027,17660000.000000,1,OPTFUT,NCO,50.000000,10,False
131324,SILVERM26OCT202750CE,SILVERM,23OCT2026,20275000.000000,1,OPTFUT,NCO,50.000000,120,False
131333,GOLD27MAR145600CE,GOLD,29MAR2027,14560000.000000,1,OPTFUT,NCO,50.000000,10,False
131334,GOLD27MAR145600PE,GOLD,29MAR2027,14560000.000000,1,OPTFUT,NCO,50.000000,10,False
131362,SILVERM27MAR222750PE,SILVERM,24MAR2027,22275000.000000,1,OPTFUT,NCO,50.000000,120,False
126285,GOLD27JAN176700CE,GOLD,29JAN2027,17670000.000000,1,OPTFUT,NCO,50.000000,10,False
126296,SILVERM27MAR259250CE,SILVERM,24MAR2027,25925000.000000,1,OPTFUT,NCO,50.000000,120,False
126297,SILVERM27MAR259250PE,SILVERM,24MAR2027,25925000.000000,1,OPTFUT,NCO,50.000000,120,False
126308,SILVERM26DEC340500CE,SILVERM,23DEC2026,34050000.000000,1,OPTFUT,NCO,50.000000,120,False
131366,GOLDM26SEP142000PE,GOLDM,25SEP2026,14200000.000000,1,OPTFUT,NCO,50.000000,100,False
131371,GOLD27APR152900PE,GOLD,28APR2027,15290000.000000,1,OPTFUT,NCO,50.000000,10,False
131378,GOLD27APR153300CE,GOLD,28APR2027,15330000.000000,1,OPTFUT,NCO,50.000000,10,False
131392,SILVERM27JUL253250PE,SILVERM,23JUL2027,25325000.000000,1,OPTFUT,NCO,50.000000,120,False
131404,SILVERM26OCT203750CE,SILVERM,23OCT2026,20375000.000000,1,OPTFUT,NCO,50.000000,120,False
131409,SILVERM26SEP151250PE,SILVERM,23SEP2026,15125000.000000,1,OPTFUT,NCO,50.000000,120,False
131434,SILVERM26SEP154500CE,SILVERM,23SEP2026,15450000.000000,1,OPTFUT,NCO,50.000000,120,False
131435,SILVERM26OCT203750PE,SILVERM,23OCT2026,20375000.000000,1,OPTFUT,NCO,50.000000,120,False
126310,GOLD27JUL157300PE,GOLD,29JUL2027,15730000.000000,1,OPTFUT,NCO,50.000000,10,False
126318,GOLD27APR159600CE,GOLD,28APR2027,15960000.000000,1,OPTFUT,NCO,50.000000,10,False
126321,GOLD27JAN177300CE,GOLD,29JAN2027,17730000.000000,1,OPTFUT,NCO,50.000000,10,False
126322,GOLD27JAN177300PE,GOLD,29JAN2027,17730000.000000,1,OPTFUT,NCO,50.000000,10,False
131451,SILVERM26NOV203000PE,SILVERM,23NOV2026,20300000.000000,1,OPTFUT,NCO,50.000000,120,False
131459,SILVERM26NOV204000PE,SILVERM,23NOV2026,20400000.000000,1,OPTFUT,NCO,50.000000,120,False
131460,SILVERM26NOV204250CE,SILVERM,23NOV2026,20425000.000000,1,OPTFUT,NCO,50.000000,120,False
131461,SILVERM26NOV204250PE,SILVERM,23NOV2026,20425000.000000,1,OPTFUT,NCO,50.000000,120,False
126329,GOLD27JAN177700CE,GOLD,29JAN2027,17770000.000000,1,OPTFUT,NCO,50.000000,10,False
126356,SILVERM27MAY268750CE,SILVERM,24MAY2027,26875000.000000,1,OPTFUT,NCO,50.000000,120,False
126365,GOLD27APR160400PE,GOLD,28APR2027,16040000.000000,1,OPTFUT,NCO,50.000000,10,False
126399,GOLD27APR160800PE,GOLD,28APR2027,16080000.000000,1,OPTFUT,NCO,50.000000,10,False
131474,SILVERM26NOV206000CE,SILVERM,23NOV2026,20600000.000000,1,OPTFUT,NCO,50.000000,120,False
131495,GOLD26DEC142900PE,GOLD,29DEC2026,14290000.000000,1,OPTFUT,NCO,50.000000,10,False
131496,GOLD26DEC143000CE,GOLD,29DEC2026,14300000.000000,1,OPTFUT,NCO,50.000000,10,False
131501,GOLD26DEC143200PE,GOLD,29DEC2026,14320000.000000,1,OPTFUT,NCO,50.000000,10,False
126406,SILVER27MAR209500PE,SILVER,02MAR2027,20950000.000000,1,OPTBLN,NCO,50.000000,20,False
126409,GOLD27APR161200CE,GOLD,28APR2027,16120000.000000,1,OPTFUT,NCO,50.000000,10,False
126412,GOLD27APR161300PE,GOLD,28APR2027,16130000.000000,1,OPTFUT,NCO,50.000000,10,False
126414,GOLD27APR161400PE,GOLD,28APR2027,16140000.000000,1,OPTFUT,NCO,50.000000,10,False
131511,GOLD26DEC143700PE,GOLD,29DEC2026,14370000.000000,1,OPTFUT,NCO,50.000000,10,False
131516,SILVERM27JAN340000PE,SILVERM,21JAN2027,34000000.000000,1,OPTFUT,NCO,50.000000,120,False
131522,SILVERM27JAN340750PE,SILVERM,21JAN2027,34075000.000000,1,OPTFUT,NCO,50.000000,120,False
131526,SILVERM27JAN341250PE,SILVERM,21JAN2027,34125000.000000,1,OPTFUT,NCO,50.000000,120,False
126424,GOLD27JAN178000PE,GOLD,29JAN2027,17800000.000000,1,OPTFUT,NCO,50.000000,10,False
126428,GOLD27JAN178200PE,GOLD,29JAN2027,17820000.000000,1,OPTFUT,NCO,50.000000,10,False
126432,GOLD27JAN178400PE,GOLD,29JAN2027,17840000.000000,1,OPTFUT,NCO,50.000000,10,False
126438,SILVER27MAR210250CE,SILVER,02MAR2027,21025000.000000,1,OPTBLN,NCO,50.000000,20,False
131542,SILVERM27JAN343250PE,SILVERM,21JAN2027,34325000.000000,1,OPTFUT,NCO,50.000000,120,False
131554,GOLD27FEB172800PE,GOLD,26FEB2027,17280000.000000,1,OPTFUT,NCO,50.000000,10,False
131559,GOLD27FEB173100CE,GOLD,26FEB2027,17310000.000000,1,OPTFUT,NCO,50.000000,10,False
131561,GOLD27FEB173200CE,GOLD,26FEB2027,17320000.000000,1,OPTFUT,NCO,50.000000,10,False
126443,GOLD27JUL158000CE,GOLD,29JUL2027,15800000.000000,1,OPTFUT,NCO,50.000000,10,False
126446,GOLD27JUL158100PE,GOLD,29JUL2027,15810000.000000,1,OPTFUT,NCO,50.000000,10,False
126454,GOLD27JAN178800PE,GOLD,29JAN2027,17880000.000000,1,OPTFUT,NCO,50.000000,10,False
126460,GOLD27JAN179100PE,GOLD,29JAN2027,17910000.000000,1,OPTFUT,NCO,50.000000,10,False
131590,SILVERM27MAY225250PE,SILVERM,24MAY2027,22525000.000000,1,OPTFUT,NCO,50.000000,120,False
131592,SILVERM27JUN225250PE,SILVERM,23JUN2027,22525000.000000,1,OPTFUT,NCO,50.000000,120,False
131606,GOLDM26SEP142600PE,GOLDM,25SEP2026,14260000.000000,1,OPTFUT,NCO,50.000000,100,False
131608,GOLDM26SEP142700PE,GOLDM,25SEP2026,14270000.000000,1,OPTFUT,NCO,50.000000,100,False
131614,GOLDM26SEP143000PE,GOLDM,25SEP2026,14300000.000000,1,OPTFUT,NCO,50.000000,100,False
131615,GOLDM26SEP143100CE,GOLDM,25SEP2026,14310000.000000,1,OPTFUT,NCO,50.000000,100,False
131618,SILVERM27JUN229500PE,SILVERM,23JUN2027,22950000.000000,1,OPTFUT,NCO,50.000000,120,False
131623,SILVERM27JUN230250CE,SILVERM,23JUN2027,23025000.000000,1,OPTFUT,NCO,50.000000,120,False
126488,SILVER27MAR212500CE,SILVER,02MAR2027,21250000.000000,1,OPTBLN,NCO,50.000000,20,False
126472,GOLD27JAN179400PE,GOLD,29JAN2027,17940000.000000,1,OPTFUT,NCO,50.000000,10,False
126479,GOLD27JAN179500CE,GOLD,29JAN2027,17950000.000000,1,OPTFUT,NCO,50.000000,10,False
126480,GOLD27JAN179500PE,GOLD,29JAN2027,17950000.000000,1,OPTFUT,NCO,50.000000,10,False
131655,SILVERM27JUN230750CE,SILVERM,23JUN2027,23075000.000000,1,OPTFUT,NCO,50.000000,120,False
131656,SILVERM27JUN230750PE,SILVERM,23JUN2027,23075000.000000,1,OPTFUT,NCO,50.000000,120,False
131657,SILVERM27JUN231000CE,SILVERM,23JUN2027,23100000.000000,1,OPTFUT,NCO,50.000000,120,False
131665,NATURALGAS26SEP225CE,NATURALGAS,21SEP2026,22500.000000,1,OPTFUT,NCO,5.000000,48,False
126492,SILVER27MAR213000CE,SILVER,02MAR2027,21300000.000000,1,OPTBLN,NCO,50.000000,20,False
126496,SILVERM27MAY279750PE,SILVERM,24MAY2027,27975000.000000,1,OPTFUT,NCO,50.000000,120,False
126497,SILVERM27MAY280000CE,SILVERM,24MAY2027,28000000.000000,1,OPTFUT,NCO,50.000000,120,False
126505,SILVERM27MAY280500CE,SILVERM,24MAY2027,28050000.000000,1,OPTFUT,NCO,50.000000,120,False
131675,SILVERM27JUN227250CE,SILVERM,23JUN2027,22725000.000000,1,OPTFUT,NCO,50.000000,120,False
131686,SILVERM27JUL254000PE,SILVERM,23JUL2027,25400000.000000,1,OPTFUT,NCO,50.000000,120,False
131690,SILVERM27JUL254500PE,SILVERM,23JUL2027,25450000.000000,1,OPTFUT,NCO,50.000000,120,False
131707,SILVER26DEC261000CE,SILVER,01DEC2026,26100000.000000,1,OPTBLN,NCO,50.000000,20,False
131740,SILVERM26SEP154750CE,SILVERM,23SEP2026,15475000.000000,1,OPTFUT,NCO,50.000000,120,False
131752,SILVERM26SEP156250CE,SILVERM,23SEP2026,15625000.000000,1,OPTFUT,NCO,50.000000,120,False
131757,SILVERM26SEP156750PE,SILVERM,23SEP2026,15675000.000000,1,OPTFUT,NCO,50.000000,120,False
131789,GOLD27MAY155300PE,GOLD,28MAY2027,15530000.000000,1,OPTFUT,NCO,50.000000,10,False
126507,SILVERM27MAY280750CE,SILVERM,24MAY2027,28075000.000000,1,OPTFUT,NCO,50.000000,120,False
126519,SILVERM27MAY281250CE,SILVERM,24MAY2027,28125000.000000,1,OPTFUT,NCO,50.000000,120,False
126521,SILVERM27MAY281500CE,SILVERM,24MAY2027,28150000.000000,1,OPTFUT,NCO,50.000000,120,False
126543,GOLD27JAN180300PE,GOLD,29JAN2027,18030000.000000,1,OPTFUT,NCO,50.000000,10,False
131809,GOLD27JUN147600CE,GOLD,28JUN2027,14760000.000000,1,OPTFUT,NCO,50.000000,10,False
131827,GOLDM26SEP141200CE,GOLDM,25SEP2026,14120000.000000,1,OPTFUT,NCO,50.000000,100,False
131841,GOLD27MAY156000CE,GOLD,28MAY2027,15600000.000000,1,OPTFUT,NCO,50.000000,10,False
131856,GOLD26DEC144000CE,GOLD,29DEC2026,14400000.000000,1,OPTFUT,NCO,50.000000,10,False
126544,GOLD27JAN180400CE,GOLD,29JAN2027,18040000.000000,1,OPTFUT,NCO,50.000000,10,False
126572,GOLD27JUL159000CE,GOLD,29JUL2027,15900000.000000,1,OPTFUT,NCO,50.000000,10,False
126580,SILVER27MAR214500PE,SILVER,02MAR2027,21450000.000000,1,OPTBLN,NCO,50.000000,20,False
126586,SILVERM27MAY283750PE,SILVERM,24MAY2027,28375000.000000,1,OPTFUT,NCO,50.000000,120,False
131885,GOLD27JUN163000CE,GOLD,28JUN2027,16300000.000000,1,OPTFUT,NCO,50.000000,10,False
131886,GOLD27MAR146600CE,GOLD,29MAR2027,14660000.000000,1,OPTFUT,NCO,50.000000,10,False
131887,GOLD27MAR146600PE,GOLD,29MAR2027,14660000.000000,1,OPTFUT,NCO,50.000000,10,False
131891,GOLD27MAR146800PE,GOLD,29MAR2027,14680000.000000,1,OPTFUT,NCO,50.000000,10,False
126590,GOLD27JUL159100CE,GOLD,29JUL2027,15910000.000000,1,OPTFUT,NCO,50.000000,10,False
126593,SILVERM27MAY284000PE,SILVERM,24MAY2027,28400000.000000,1,OPTFUT,NCO,50.000000,120,False
126594,SILVERM27MAY284250CE,SILVERM,24MAY2027,28425000.000000,1,OPTFUT,NCO,50.000000,120,False
126639,GOLDM26SEP150600PE,GOLDM,25SEP2026,15060000.000000,1,OPTFUT,NCO,50.000000,100,False
131893,GOLD27JUN163100CE,GOLD,28JUN2027,16310000.000000,1,OPTFUT,NCO,50.000000,10,False
131912,SILVERM27MAY224000CE,SILVERM,24MAY2027,22400000.000000,1,OPTFUT,NCO,50.000000,120,False
131916,SILVERM27JUN225000CE,SILVERM,23JUN2027,22500000.000000,1,OPTFUT,NCO,50.000000,120,False
131944,GOLD27JUN163700CE,GOLD,28JUN2027,16370000.000000,1,OPTFUT,NCO,50.000000,10,False
131948,GOLD26DEC144200PE,GOLD,29DEC2026,14420000.000000,1,OPTFUT,NCO,50.000000,10,False
131952,GOLD26DEC144400PE,GOLD,29DEC2026,14440000.000000,1,OPTFUT,NCO,50.000000,10,False
131960,SILVERM27JAN344000PE,SILVERM,21JAN2027,34400000.000000,1,OPTFUT,NCO,50.000000,120,False
131967,SILVER26DEC191000CE,SILVER,01DEC2026,19100000.000000,1,OPTBLN,NCO,50.000000,20,False
126653,GOLDM26SEP151300PE,GOLDM,25SEP2026,15130000.000000,1,OPTFUT,NCO,50.000000,100,False
126656,GOLDM26SEP151500CE,GOLDM,25SEP2026,15150000.000000,1,OPTFUT,NCO,50.000000,100,False
126661,GOLD26OCT131200PE,GOLD,29OCT2026,13120000.000000,1,OPTFUT,NCO,50.000000,10,False
126666,SILVER27MAR216000CE,SILVER,02MAR2027,21600000.000000,1,OPTBLN,NCO,50.000000,20,False
131985,GOLD27JUL164000PE,GOLD,29JUL2027,16400000.000000,1,OPTFUT,NCO,50.000000,10,False
132017,GOLD26DEC145100CE,GOLD,29DEC2026,14510000.000000,1,OPTFUT,NCO,50.000000,10,False
132020,SILVERM27JAN344500CE,SILVERM,21JAN2027,34450000.000000,1,OPTFUT,NCO,50.000000,120,False
132027,SILVERM27JAN345250PE,SILVERM,21JAN2027,34525000.000000,1,OPTFUT,NCO,50.000000,120,False
126681,GOLDM26OCT149300CE,GOLDM,29OCT2026,14930000.000000,1,OPTFUT,NCO,50.000000,100,False
126685,SILVERM27MAR261500PE,SILVERM,24MAR2027,26150000.000000,1,OPTFUT,NCO,50.000000,120,False
126694,GOLDM26OCT149500CE,GOLDM,29OCT2026,14950000.000000,1,OPTFUT,NCO,50.000000,100,False
126697,GOLDM26OCT149600PE,GOLDM,29OCT2026,14960000.000000,1,OPTFUT,NCO,50.000000,100,False
132046,GOLDM26SEP156400PE,GOLDM,25SEP2026,15640000.000000,1,OPTFUT,NCO,50.000000,100,False
132062,SILVER26DEC193000CE,SILVER,01DEC2026,19300000.000000,1,OPTBLN,NCO,50.000000,20,False
132063,SILVER26DEC193000PE,SILVER,01DEC2026,19300000.000000,1,OPTBLN,NCO,50.000000,20,False
132096,GOLDM26OCT157400PE,GOLDM,29OCT2026,15740000.000000,1,OPTFUT,NCO,50.000000,100,False
126711,SILVERM27MAY284500PE,SILVERM,24MAY2027,28450000.000000,1,OPTFUT,NCO,50.000000,120,False
126715,GOLDM26OCT149900PE,GOLDM,29OCT2026,14990000.000000,1,OPTFUT,NCO,50.000000,100,False
126717,GOLDM26OCT150000PE,GOLDM,29OCT2026,15000000.000000,1,OPTFUT,NCO,50.000000,100,False
126749,GOLDM26OCT150800PE,GOLDM,29OCT2026,15080000.000000,1,OPTFUT,NCO,50.000000,100,False
132098,GOLDM26OCT157500PE,GOLDM,29OCT2026,15750000.000000,1,OPTFUT,NCO,50.000000,100,False
132102,GOLDM26OCT157700PE,GOLDM,29OCT2026,15770000.000000,1,OPTFUT,NCO,50.000000,100,False
132110,SILVERM27JUN255750PE,SILVERM,23JUN2027,25575000.000000,1,OPTFUT,NCO,50.000000,120,False
132122,SILVERM27JUN257250PE,SILVERM,23JUN2027,25725000.000000,1,OPTFUT,NCO,50.000000,120,False
126752,GOLDM26OCT151000CE,GOLDM,29OCT2026,15100000.000000,1,OPTFUT,NCO,50.000000,100,False
126759,SILVERM27APR262500PE,SILVERM,23APR2027,26250000.000000,1,OPTFUT,NCO,50.000000,120,False
126761,SILVERM27APR262750PE,SILVERM,23APR2027,26275000.000000,1,OPTFUT,NCO,50.000000,120,False
126774,SILVERM27APR264500CE,SILVERM,23APR2027,26450000.000000,1,OPTFUT,NCO,50.000000,120,False
132123,SILVERM27JUL255500CE,SILVERM,23JUL2027,25550000.000000,1,OPTFUT,NCO,50.000000,120,False
132129,SILVERM27JUL256250CE,SILVERM,23JUL2027,25625000.000000,1,OPTFUT,NCO,50.000000,120,False
132131,SILVERM27JUL256500CE,SILVERM,23JUL2027,25650000.000000,1,OPTFUT,NCO,50.000000,120,False
132138,SILVERM27FEB275000PE,SILVERM,19FEB2027,27500000.000000,1,OPTFUT,NCO,50.000000,120,False
126775,SILVERM27APR264500PE,SILVERM,23APR2027,26450000.000000,1,OPTFUT,NCO,50.000000,120,False
126788,SILVERM27APR266250CE,SILVERM,23APR2027,26625000.000000,1,OPTFUT,NCO,50.000000,120,False
126791,SILVERM27APR266250PE,SILVERM,23APR2027,26625000.000000,1,OPTFUT,NCO,50.000000,120,False
126794,GOLDM26OCT151200CE,GOLDM,29OCT2026,15120000.000000,1,OPTFUT,NCO,50.000000,100,False
132152,SILVERM27FEB276750PE,SILVERM,19FEB2027,27675000.000000,1,OPTFUT,NCO,50.000000,120,False
132167,GOLD27JUN146600CE,GOLD,28JUN2027,14660000.000000,1,OPTFUT,NCO,50.000000,10,False
132174,GOLD27JUN146900PE,GOLD,28JUN2027,14690000.000000,1,OPTFUT,NCO,50.000000,10,False
132190,SILVERM27JUL257500CE,SILVERM,23JUL2027,25750000.000000,1,OPTFUT,NCO,50.000000,120,False
132192,SILVERM27JUL257750CE,SILVERM,23JUL2027,25775000.000000,1,OPTFUT,NCO,50.000000,120,False
132195,SILVERM27JUL258000PE,SILVERM,23JUL2027,25800000.000000,1,OPTFUT,NCO,50.000000,120,False
132205,ZINC26NOV427.5PE,ZINC,23NOV2026,42750.000000,1,OPTFUT,NCO,1.000000,20,False
132240,GOLD27APR145600PE,GOLD,28APR2027,14560000.000000,1,OPTFUT,NCO,50.000000,10,False
126804,GOLDM26OCT151700CE,GOLDM,29OCT2026,15170000.000000,1,OPTFUT,NCO,50.000000,100,False
126819,SILVER27MAR216750PE,SILVER,02MAR2027,21675000.000000,1,OPTBLN,NCO,50.000000,20,False
126829,SILVERM27APR266500CE,SILVERM,23APR2027,26650000.000000,1,OPTFUT,NCO,50.000000,120,False
126842,SILVER27MAR217750CE,SILVER,02MAR2027,21775000.000000,1,OPTBLN,NCO,50.000000,20,False
132241,GOLD27APR145700CE,GOLD,28APR2027,14570000.000000,1,OPTFUT,NCO,50.000000,10,False
132244,GOLD27APR145800PE,GOLD,28APR2027,14580000.000000,1,OPTFUT,NCO,50.000000,10,False
132272,GOLD27JUN164400CE,GOLD,28JUN2027,16440000.000000,1,OPTFUT,NCO,50.000000,10,False
132347,SILVERM27FEB278000CE,SILVERM,19FEB2027,27800000.000000,1,OPTFUT,NCO,50.000000,120,False
126844,SILVER27MAR218000CE,SILVER,02MAR2027,21800000.000000,1,OPTBLN,NCO,50.000000,20,False
126849,SILVERM27JAN300750PE,SILVERM,21JAN2027,30075000.000000,1,OPTFUT,NCO,50.000000,120,False
126859,SILVERM27JAN302000PE,SILVERM,21JAN2027,30200000.000000,1,OPTFUT,NCO,50.000000,120,False
126868,SILVERM26OCT164750CE,SILVERM,23OCT2026,16475000.000000,1,OPTFUT,NCO,50.000000,120,False
132351,GOLDM26SEP140300PE,GOLDM,25SEP2026,14030000.000000,1,OPTFUT,NCO,50.000000,100,False
132361,SILVERM27MAR219250PE,SILVERM,24MAR2027,21925000.000000,1,OPTFUT,NCO,50.000000,120,False
132380,ZINC26SEP427.5CE,ZINC,23SEP2026,42750.000000,1,OPTFUT,NCO,1.000000,20,False
132381,ZINC26SEP427.5PE,ZINC,23SEP2026,42750.000000,1,OPTFUT,NCO,1.000000,20,False
126878,SILVERM26OCT165500CE,SILVERM,23OCT2026,16550000.000000,1,OPTFUT,NCO,50.000000,120,False
126890,SILVER27MAR220250CE,SILVER,02MAR2027,22025000.000000,1,OPTBLN,NCO,50.000000,20,False
126899,SILVERM27APR267250CE,SILVERM,23APR2027,26725000.000000,1,OPTFUT,NCO,50.000000,120,False
126903,SILVERM27APR267750CE,SILVERM,23APR2027,26775000.000000,1,OPTFUT,NCO,50.000000,120,False
132408,GOLD26SEP141000CE,GOLD,25SEP2026,14100000.000000,1,OPTFUT,NCO,50.000000,10,False
132409,GOLD26SEP141000PE,GOLD,25SEP2026,14100000.000000,1,OPTFUT,NCO,50.000000,10,False
132410,GOLD26OCT138800CE,GOLD,29OCT2026,13880000.000000,1,OPTFUT,NCO,50.000000,10,False
132413,GOLD26OCT138900PE,GOLD,29OCT2026,13890000.000000,1,OPTFUT,NCO,50.000000,10,False
126906,SILVERM27APR268000PE,SILVERM,23APR2027,26800000.000000,1,OPTFUT,NCO,50.000000,120,False
126909,SILVERM26OCT166250PE,SILVERM,23OCT2026,16625000.000000,1,OPTFUT,NCO,50.000000,120,False
126912,SILVERM26OCT166750CE,SILVERM,23OCT2026,16675000.000000,1,OPTFUT,NCO,50.000000,120,False
126916,SILVER27MAR220500PE,SILVER,02MAR2027,22050000.000000,1,OPTBLN,NCO,50.000000,20,False
132417,GOLD26OCT139100PE,GOLD,29OCT2026,13910000.000000,1,OPTFUT,NCO,50.000000,10,False
132430,GOLD26DEC145700CE,GOLD,29DEC2026,14570000.000000,1,OPTFUT,NCO,50.000000,10,False
132437,GOLD26DEC146000PE,GOLD,29DEC2026,14600000.000000,1,OPTFUT,NCO,50.000000,10,False
132440,GOLD26DEC146200CE,GOLD,29DEC2026,14620000.000000,1,OPTFUT,NCO,50.000000,10,False
126917,SILVER27MAR220750CE,SILVER,02MAR2027,22075000.000000,1,OPTBLN,NCO,50.000000,20,False
126929,GOLD26OCT132100PE,GOLD,29OCT2026,13210000.000000,1,OPTFUT,NCO,50.000000,10,False
126941,SILVER27MAR221000PE,SILVER,02MAR2027,22100000.000000,1,OPTBLN,NCO,50.000000,20,False
132445,SILVERM27JAN346750CE,SILVERM,21JAN2027,34675000.000000,1,OPTFUT,NCO,50.000000,120,False
132447,SILVERM27JAN347000CE,SILVERM,21JAN2027,34700000.000000,1,OPTFUT,NCO,50.000000,120,False
132450,SILVERM27JAN347250PE,SILVERM,21JAN2027,34725000.000000,1,OPTFUT,NCO,50.000000,120,False
132464,SILVERM27FEB278500PE,SILVERM,19FEB2027,27850000.000000,1,OPTFUT,NCO,50.000000,120,False
132470,SILVERM27MAR220500PE,SILVERM,24MAR2027,22050000.000000,1,OPTFUT,NCO,50.000000,120,False
132473,SILVERM27MAR221000CE,SILVERM,24MAR2027,22100000.000000,1,OPTFUT,NCO,50.000000,120,False
132475,SILVERM27MAR221250CE,SILVERM,24MAR2027,22125000.000000,1,OPTFUT,NCO,50.000000,120,False
132478,SILVERM27APR220000PE,SILVERM,23APR2027,22000000.000000,1,OPTFUT,NCO,50.000000,120,False
132488,SILVERM27APR221250PE,SILVERM,23APR2027,22125000.000000,1,OPTFUT,NCO,50.000000,120,False
132500,SILVERM27MAY221500PE,SILVERM,24MAY2027,22150000.000000,1,OPTFUT,NCO,50.000000,120,False
132503,SILVERM27MAY222000CE,SILVERM,24MAY2027,22200000.000000,1,OPTFUT,NCO,50.000000,120,False
132522,COPPER26SEP1455PE,COPPER,23SEP2026,145500.000000,1,OPTFUT,NCO,1.000000,70,False
132525,COPPER26SEP1465CE,COPPER,23SEP2026,146500.000000,1,OPTFUT,NCO,1.000000,70,False
132548,SILVERM27APR240250CE,SILVERM,23APR2027,24025000.000000,1,OPTFUT,NCO,50.000000,120,False
132572,COPPER26SEP1470PE,COPPER,23SEP2026,147000.000000,1,OPTFUT,NCO,1.000000,70,False
132575,COPPER26SEP1480CE,COPPER,23SEP2026,148000.000000,1,OPTFUT,NCO,1.000000,70,False
132591,COPPER26OCT1485CE,COPPER,23OCT2026,148500.000000,1,OPTFUT,NCO,1.000000,70,False
132619,GOLD26OCT139400PE,GOLD,29OCT2026,13940000.000000,1,OPTFUT,NCO,50.000000,10,False
132637,GOLD26OCT140300PE,GOLD,29OCT2026,14030000.000000,1,OPTFUT,NCO,50.000000,10,False
132658,GOLD26OCT141400CE,GOLD,29OCT2026,14140000.000000,1,OPTFUT,NCO,50.000000,10,False
132666,GOLD26NOV138900CE,GOLD,27NOV2026,13890000.000000,1,OPTFUT,NCO,50.000000,10,False
132668,GOLD26NOV139000CE,GOLD,27NOV2026,13900000.000000,1,OPTFUT,NCO,50.000000,10,False
132669,GOLD26NOV139000PE,GOLD,27NOV2026,13900000.000000,1,OPTFUT,NCO,50.000000,10,False
132683,GOLD26NOV139700PE,GOLD,27NOV2026,13970000.000000,1,OPTFUT,NCO,50.000000,10,False
132700,GOLD26NOV140600CE,GOLD,27NOV2026,14060000.000000,1,OPTFUT,NCO,50.000000,10,False
132701,GOLD26NOV140600PE,GOLD,27NOV2026,14060000.000000,1,OPTFUT,NCO,50.000000,10,False
132740,COPPER26NOV1500PE,COPPER,23NOV2026,150000.000000,1,OPTFUT,NCO,1.000000,70,False
132755,GOLD27APR146900CE,GOLD,28APR2027,14690000.000000,1,OPTFUT,NCO,50.000000,10,False
132756,GOLD27APR146900PE,GOLD,28APR2027,14690000.000000,1,OPTFUT,NCO,50.000000,10,False
132777,CRUDEOIL26OCT5750CE,CRUDEOIL,08OCT2026,575000.000000,1,OPTFUT,NCO,10.000000,100,False
132785,CRUDEOIL26OCT5950CE,CRUDEOIL,08OCT2026,595000.000000,1,OPTFUT,NCO,10.000000,100,False
132796,GOLD26NOV141200CE,GOLD,27NOV2026,14120000.000000,1,OPTFUT,NCO,50.000000,10,False
132800,GOLD26NOV141400CE,GOLD,27NOV2026,14140000.000000,1,OPTFUT,NCO,50.000000,10,False
132802,GOLD26NOV141500CE,GOLD,27NOV2026,14150000.000000,1,OPTFUT,NCO,50.000000,10,False
132803,GOLD26NOV141500PE,GOLD,27NOV2026,14150000.000000,1,OPTFUT,NCO,50.000000,10,False
132817,GOLD26NOV142000PE,GOLD,27NOV2026,14200000.000000,1,OPTFUT,NCO,50.000000,10,False
132821,GOLD26NOV142200PE,GOLD,27NOV2026,14220000.000000,1,OPTFUT,NCO,50.000000,10,False
132827,GOLD26DEC146500CE,GOLD,29DEC2026,14650000.000000,1,OPTFUT,NCO,50.000000,10,False
132828,GOLD26DEC146500PE,GOLD,29DEC2026,14650000.000000,1,OPTFUT,NCO,50.000000,10,False
132832,GOLD26DEC146700PE,GOLD,29DEC2026,14670000.000000,1,OPTFUT,NCO,50.000000,10,False
132838,CRUDEOIL26OCT6100PE,CRUDEOIL,08OCT2026,610000.000000,1,OPTFUT,NCO,10.000000,100,False
132842,CRUDEOIL26OCT6200PE,CRUDEOIL,08OCT2026,620000.000000,1,OPTFUT,NCO,10.000000,100,False
132845,SILVERM27APR241250PE,SILVERM,23APR2027,24125000.000000,1,OPTFUT,NCO,50.000000,120,False
132846,CRUDEOIL26NOV6050CE,CRUDEOIL,10NOV2026,605000.000000,1,OPTFUT,NCO,10.000000,100,False
132867,CRUDEOIL26OCT6650PE,CRUDEOIL,08OCT2026,665000.000000,1,OPTFUT,NCO,10.000000,100,False
132880,GOLD27JAN159500PE,GOLD,29JAN2027,15950000.000000,1,OPTFUT,NCO,50.000000,10,False
132893,CRUDEOIL26OCT6800PE,CRUDEOIL,08OCT2026,680000.000000,1,OPTFUT,NCO,10.000000,100,False
132897,CRUDEOIL26OCT6900PE,CRUDEOIL,08OCT2026,690000.000000,1,OPTFUT,NCO,10.000000,100,False
132901,CRUDEOIL26OCT7000PE,CRUDEOIL,08OCT2026,700000.000000,1,OPTFUT,NCO,10.000000,100,False
132905,CRUDEOIL26OCT7100PE,CRUDEOIL,08OCT2026,710000.000000,1,OPTFUT,NCO,10.000000,100,False
132910,CRUDEOIL26OCT7250CE,CRUDEOIL,08OCT2026,725000.000000,1,OPTFUT,NCO,10.000000,100,False
132913,CRUDEOIL26OCT7300PE,CRUDEOIL,08OCT2026,730000.000000,1,OPTFUT,NCO,10.000000,100,False
132914,CRUDEOIL26OCT7350CE,CRUDEOIL,08OCT2026,735000.000000,1,OPTFUT,NCO,10.000000,100,False
132942,CRUDEOIL26NOV6250CE,CRUDEOIL,10NOV2026,625000.000000,1,OPTFUT,NCO,10.000000,100,False
132944,CRUDEOIL26NOV6300CE,CRUDEOIL,10NOV2026,630000.000000,1,OPTFUT,NCO,10.000000,100,False
132945,CRUDEOIL26NOV6300PE,CRUDEOIL,10NOV2026,630000.000000,1,OPTFUT,NCO,10.000000,100,False
132975,SILVERM27APR244250CE,SILVERM,23APR2027,24425000.000000,1,OPTFUT,NCO,50.000000,120,False
132976,SILVERM27APR244250PE,SILVERM,23APR2027,24425000.000000,1,OPTFUT,NCO,50.000000,120,False
133056,CRUDEOIL26OCT8600CE,CRUDEOIL,08OCT2026,860000.000000,1,OPTFUT,NCO,10.000000,100,False
133062,CRUDEOIL26OCT8750CE,CRUDEOIL,08OCT2026,875000.000000,1,OPTFUT,NCO,10.000000,100,False
133072,GOLD27JAN160300PE,GOLD,29JAN2027,16030000.000000,1,OPTFUT,NCO,50.000000,10,False
133078,GOLD27JAN160600PE,GOLD,29JAN2027,16060000.000000,1,OPTFUT,NCO,50.000000,10,False
133096,GOLD27JAN161500PE,GOLD,29JAN2027,16150000.000000,1,OPTFUT,NCO,50.000000,10,False
133103,GOLD27JAN161900CE,GOLD,29JAN2027,16190000.000000,1,OPTFUT,NCO,50.000000,10,False
133107,GOLD27JAN162100CE,GOLD,29JAN2027,16210000.000000,1,OPTFUT,NCO,50.000000,10,False
133111,SILVERM27APR244750PE,SILVERM,23APR2027,24475000.000000,1,OPTFUT,NCO,50.000000,120,False
133115,GOLD27APR147200PE,GOLD,28APR2027,14720000.000000,1,OPTFUT,NCO,50.000000,10,False
133118,CRUDEOIL26NOV7200PE,CRUDEOIL,10NOV2026,720000.000000,1,OPTFUT,NCO,10.000000,100,False
133125,GOLD27JAN162300CE,GOLD,29JAN2027,16230000.000000,1,OPTFUT,NCO,50.000000,10,False
133135,GOLD27JAN162800CE,GOLD,29JAN2027,16280000.000000,1,OPTFUT,NCO,50.000000,10,False
133153,SILVERM27APR245250CE,SILVERM,23APR2027,24525000.000000,1,OPTFUT,NCO,50.000000,120,False
133155,CRUDEOIL26NOV7300PE,CRUDEOIL,10NOV2026,730000.000000,1,OPTFUT,NCO,10.000000,100,False
133158,CRUDEOIL26OCT9050PE,CRUDEOIL,08OCT2026,905000.000000,1,OPTFUT,NCO,10.000000,100,False
133179,CRUDEOIL26NOV7450PE,CRUDEOIL,10NOV2026,745000.000000,1,OPTFUT,NCO,10.000000,100,False
133188,CRUDEOIL26NOV7700CE,CRUDEOIL,10NOV2026,770000.000000,1,OPTFUT,NCO,10.000000,100,False
133189,CRUDEOIL26NOV7700PE,CRUDEOIL,10NOV2026,770000.000000,1,OPTFUT,NCO,10.000000,100,False
133194,SILVERM27MAR287250CE,SILVERM,24MAR2027,28725000.000000,1,OPTFUT,NCO,50.000000,120,False
133195,CRUDEOIL26NOV7800CE,CRUDEOIL,10NOV2026,780000.000000,1,OPTFUT,NCO,10.000000,100,False
133198,CRUDEOIL26NOV7850PE,CRUDEOIL,10NOV2026,785000.000000,1,OPTFUT,NCO,10.000000,100,False
133200,CRUDEOIL26NOV7900PE,CRUDEOIL,10NOV2026,790000.000000,1,OPTFUT,NCO,10.000000,100,False
133212,CRUDEOIL26NOV8200PE,CRUDEOIL,10NOV2026,820000.000000,1,OPTFUT,NCO,10.000000,100,False
133221,CRUDEOIL26NOV8450CE,CRUDEOIL,10NOV2026,845000.000000,1,OPTFUT,NCO,10.000000,100,False
133238,SILVERM27MAR289000CE,SILVERM,24MAR2027,28900000.000000,1,OPTFUT,NCO,50.000000,120,False
133246,SILVERM27MAR290000CE,SILVERM,24MAR2027,29000000.000000,1,OPTFUT,NCO,50.000000,120,False
133264,SILVERM27MAR292250CE,SILVERM,24MAR2027,29225000.000000,1,OPTFUT,NCO,50.000000,120,False
133267,SILVERM27MAR292500PE,SILVERM,24MAR2027,29250000.000000,1,OPTFUT,NCO,50.000000,120,False
133269,SILVERM27MAR292750PE,SILVERM,24MAR2027,29275000.000000,1,OPTFUT,NCO,50.000000,120,False
133304,SILVERM27MAR297250CE,SILVERM,24MAR2027,29725000.000000,1,OPTFUT,NCO,50.000000,120,False
133311,SILVERM27MAR298000PE,SILVERM,24MAR2027,29800000.000000,1,OPTFUT,NCO,50.000000,120,False
133321,SILVERM27MAR299250PE,SILVERM,24MAR2027,29925000.000000,1,OPTFUT,NCO,50.000000,120,False
133323,SILVERM27MAR299500PE,SILVERM,24MAR2027,29950000.000000,1,OPTFUT,NCO,50.000000,120,False
133326,SILVERM27MAR300000CE,SILVERM,24MAR2027,30000000.000000,1,OPTFUT,NCO,50.000000,120,False
133332,SILVERM27MAR300750CE,SILVERM,24MAR2027,30075000.000000,1,OPTFUT,NCO,50.000000,120,False
133353,SILVERM27APR246750CE,SILVERM,23APR2027,24675000.000000,1,OPTFUT,NCO,50.000000,120,False
133397,GOLD27MAY146500CE,GOLD,28MAY2027,14650000.000000,1,OPTFUT,NCO,50.000000,10,False
133401,GOLD27MAY146700CE,GOLD,28MAY2027,14670000.000000,1,OPTFUT,NCO,50.000000,10,False
148761,SILVERM26DEC229000CE,SILVERM,23DEC2026,22900000.000000,1,OPTFUT,NCO,50.000000,120,False
148763,SILVERM26DEC229250CE,SILVERM,23DEC2026,22925000.000000,1,OPTFUT,NCO,50.000000,120,False
133414,CRUDEOIL26NOV8800PE,CRUDEOIL,10NOV2026,880000.000000,1,OPTFUT,NCO,10.000000,100,False
133416,CRUDEOIL26NOV8850PE,CRUDEOIL,10NOV2026,885000.000000,1,OPTFUT,NCO,10.000000,100,False
133420,CRUDEOIL26NOV8950PE,CRUDEOIL,10NOV2026,895000.000000,1,OPTFUT,NCO,10.000000,100,False
133428,CRUDEOIL26NOV9150PE,CRUDEOIL,10NOV2026,915000.000000,1,OPTFUT,NCO,10.000000,100,False
148765,SILVERM26DEC229500CE,SILVERM,23DEC2026,22950000.000000,1,OPTFUT,NCO,50.000000,120,False
148774,SILVERM26DEC230500PE,SILVERM,23DEC2026,23050000.000000,1,OPTFUT,NCO,50.000000,120,False
148776,SILVERM26DEC230750PE,SILVERM,23DEC2026,23075000.000000,1,OPTFUT,NCO,50.000000,120,False
148783,SILVERM26DEC231750CE,SILVERM,23DEC2026,23175000.000000,1,OPTFUT,NCO,50.000000,120,False
133493,GOLD27FEB167600PE,GOLD,26FEB2027,16760000.000000,1,OPTFUT,NCO,50.000000,10,False
133494,GOLD27FEB167700CE,GOLD,26FEB2027,16770000.000000,1,OPTFUT,NCO,50.000000,10,False
133495,GOLD27FEB167700PE,GOLD,26FEB2027,16770000.000000,1,OPTFUT,NCO,50.000000,10,False
133506,GOLD27JAN163600CE,GOLD,29JAN2027,16360000.000000,1,OPTFUT,NCO,50.000000,10,False
148848,GOLD26SEP166300PE,GOLD,25SEP2026,16630000.000000,1,OPTFUT,NCO,50.000000,10,False
148853,GOLD26SEP166600CE,GOLD,25SEP2026,16660000.000000,1,OPTFUT,NCO,50.000000,10,False
148857,GOLD26SEP166800CE,GOLD,25SEP2026,16680000.000000,1,OPTFUT,NCO,50.000000,10,False
148866,GOLD26SEP167200PE,GOLD,25SEP2026,16720000.000000,1,OPTFUT,NCO,50.000000,10,False
148876,GOLD26SEP167700PE,GOLD,25SEP2026,16770000.000000,1,OPTFUT,NCO,50.000000,10,False
148889,GOLD26OCT164500CE,GOLD,29OCT2026,16450000.000000,1,OPTFUT,NCO,50.000000,10,False
148895,GOLD26OCT164800CE,GOLD,29OCT2026,16480000.000000,1,OPTFUT,NCO,50.000000,10,False
148896,GOLD26OCT164800PE,GOLD,29OCT2026,16480000.000000,1,OPTFUT,NCO,50.000000,10,False
133520,SILVERM27MAR303250CE,SILVERM,24MAR2027,30325000.000000,1,OPTFUT,NCO,50.000000,120,False
133531,GOLD27FEB168100PE,GOLD,26FEB2027,16810000.000000,1,OPTFUT,NCO,50.000000,10,False
133540,SILVERM27MAY243500CE,SILVERM,24MAY2027,24350000.000000,1,OPTFUT,NCO,50.000000,120,False
133554,CRUDEOIL26NOV9350CE,CRUDEOIL,10NOV2026,935000.000000,1,OPTFUT,NCO,10.000000,100,False
148898,SILVERM26DEC233500PE,SILVERM,23DEC2026,23350000.000000,1,OPTFUT,NCO,50.000000,120,False
148902,SILVERM26DEC234000PE,SILVERM,23DEC2026,23400000.000000,1,OPTFUT,NCO,50.000000,120,False
148911,SILVERM26DEC235250CE,SILVERM,23DEC2026,23525000.000000,1,OPTFUT,NCO,50.000000,120,False
148913,SILVERM26DEC235500CE,SILVERM,23DEC2026,23550000.000000,1,OPTFUT,NCO,50.000000,120,False
133557,CRUDEOIL26NOV9400PE,CRUDEOIL,10NOV2026,940000.000000,1,OPTFUT,NCO,10.000000,100,False
133594,SILVERM27MAR304500PE,SILVERM,24MAR2027,30450000.000000,1,OPTFUT,NCO,50.000000,120,False
133605,SILVERM27MAR306000CE,SILVERM,24MAR2027,30600000.000000,1,OPTFUT,NCO,50.000000,120,False
133622,SILVERM27MAR308000PE,SILVERM,24MAR2027,30800000.000000,1,OPTFUT,NCO,50.000000,120,False
148920,SILVERM27JAN213750PE,SILVERM,21JAN2027,21375000.000000,1,OPTFUT,NCO,50.000000,120,False
148925,SILVERM27JAN214500CE,SILVERM,21JAN2027,21450000.000000,1,OPTFUT,NCO,50.000000,120,False
148937,SILVERM27JAN216000CE,SILVERM,21JAN2027,21600000.000000,1,OPTFUT,NCO,50.000000,120,False
148940,SILVERM27JAN216250PE,SILVERM,21JAN2027,21625000.000000,1,OPTFUT,NCO,50.000000,120,False
149244,SILVERM26SEP273750PE,SILVERM,23SEP2026,27375000.000000,1,OPTFUT,NCO,50.000000,120,False
149251,SILVERM26SEP274750CE,SILVERM,23SEP2026,27475000.000000,1,OPTFUT,NCO,50.000000,120,False
149257,SILVERM26SEP275500CE,SILVERM,23SEP2026,27550000.000000,1,OPTFUT,NCO,50.000000,120,False
149265,SILVERM26SEP276500CE,SILVERM,23SEP2026,27650000.000000,1,OPTFUT,NCO,50.000000,120,False
133688,SILVERM27APR293750PE,SILVERM,23APR2027,29375000.000000,1,OPTFUT,NCO,50.000000,120,False
133703,SILVERM27APR295750CE,SILVERM,23APR2027,29575000.000000,1,OPTFUT,NCO,50.000000,120,False
133704,SILVERM27APR295750PE,SILVERM,23APR2027,29575000.000000,1,OPTFUT,NCO,50.000000,120,False
133717,SILVERM27APR297500CE,SILVERM,23APR2027,29750000.000000,1,OPTFUT,NCO,50.000000,120,False
133721,SILVERM27APR298000CE,SILVERM,23APR2027,29800000.000000,1,OPTFUT,NCO,50.000000,120,False
133722,SILVERM27APR298000PE,SILVERM,23APR2027,29800000.000000,1,OPTFUT,NCO,50.000000,120,False
133733,SILVERM27MAY246500CE,SILVERM,24MAY2027,24650000.000000,1,OPTFUT,NCO,50.000000,120,False
133736,SILVERM27MAY246750PE,SILVERM,24MAY2027,24675000.000000,1,OPTFUT,NCO,50.000000,120,False
149277,SILVERM26SEP278000CE,SILVERM,23SEP2026,27800000.000000,1,OPTFUT,NCO,50.000000,120,False
149307,SILVERM26OCT276750CE,SILVERM,23OCT2026,27675000.000000,1,OPTFUT,NCO,50.000000,120,False
149322,SILVERM26OCT278500PE,SILVERM,23OCT2026,27850000.000000,1,OPTFUT,NCO,50.000000,120,False
149329,SILVERM26OCT279500CE,SILVERM,23OCT2026,27950000.000000,1,OPTFUT,NCO,50.000000,120,False
133744,SILVERM27MAY247750PE,SILVERM,24MAY2027,24775000.000000,1,OPTFUT,NCO,50.000000,120,False
133763,SILVERM27FEB273500CE,SILVERM,19FEB2027,27350000.000000,1,OPTFUT,NCO,50.000000,120,False
133770,SILVERM27FEB274250PE,SILVERM,19FEB2027,27425000.000000,1,OPTFUT,NCO,50.000000,120,False
133774,SILVERM27APR299000PE,SILVERM,23APR2027,29900000.000000,1,OPTFUT,NCO,50.000000,120,False
149332,SILVERM26OCT279750PE,SILVERM,23OCT2026,27975000.000000,1,OPTFUT,NCO,50.000000,120,False
149336,SILVERM26OCT280250PE,SILVERM,23OCT2026,28025000.000000,1,OPTFUT,NCO,50.000000,120,False
149340,SILVERM26OCT280750PE,SILVERM,23OCT2026,28075000.000000,1,OPTFUT,NCO,50.000000,120,False
149344,SILVERM26OCT281250PE,SILVERM,23OCT2026,28125000.000000,1,OPTFUT,NCO,50.000000,120,False
133776,SILVERM27APR299250PE,SILVERM,23APR2027,29925000.000000,1,OPTFUT,NCO,50.000000,120,False
133777,SILVERM27APR299500CE,SILVERM,23APR2027,29950000.000000,1,OPTFUT,NCO,50.000000,120,False
133798,SILVERM27APR302000PE,SILVERM,23APR2027,30200000.000000,1,OPTFUT,NCO,50.000000,120,False
133818,SILVERM27APR304500PE,SILVERM,23APR2027,30450000.000000,1,OPTFUT,NCO,50.000000,120,False
149346,SILVERM26NOV276500PE,SILVERM,23NOV2026,27650000.000000,1,OPTFUT,NCO,50.000000,120,False
149357,SILVERM26NOV278000CE,SILVERM,23NOV2026,27800000.000000,1,OPTFUT,NCO,50.000000,120,False
149370,SILVERM26NOV279500PE,SILVERM,23NOV2026,27950000.000000,1,OPTFUT,NCO,50.000000,120,False
149411,SILVERM26DEC279750CE,SILVERM,23DEC2026,27975000.000000,1,OPTFUT,NCO,50.000000,120,False
133819,SILVERM27APR304750CE,SILVERM,23APR2027,30475000.000000,1,OPTFUT,NCO,50.000000,120,False
133821,SILVERM27APR305000CE,SILVERM,23APR2027,30500000.000000,1,OPTFUT,NCO,50.000000,120,False
133826,SILVERM27APR305500PE,SILVERM,23APR2027,30550000.000000,1,OPTFUT,NCO,50.000000,120,False
133827,SILVERM27APR305750CE,SILVERM,23APR2027,30575000.000000,1,OPTFUT,NCO,50.000000,120,False
149415,SILVERM26DEC280250CE,SILVERM,23DEC2026,28025000.000000,1,OPTFUT,NCO,50.000000,120,False
149427,SILVERM26DEC281750CE,SILVERM,23DEC2026,28175000.000000,1,OPTFUT,NCO,50.000000,120,False
149431,SILVERM26DEC282250CE,SILVERM,23DEC2026,28225000.000000,1,OPTFUT,NCO,50.000000,120,False
149433,SILVERM26DEC282500CE,SILVERM,23DEC2026,28250000.000000,1,OPTFUT,NCO,50.000000,120,False
133830,SILVERM27APR306000PE,SILVERM,23APR2027,30600000.000000,1,OPTFUT,NCO,50.000000,120,False
133841,SILVERM27APR307500CE,SILVERM,23APR2027,30750000.000000,1,OPTFUT,NCO,50.000000,120,False
133847,SILVERM27APR308250CE,SILVERM,23APR2027,30825000.000000,1,OPTFUT,NCO,50.000000,120,False
133857,SILVERM27APR309500CE,SILVERM,23APR2027,30950000.000000,1,OPTFUT,NCO,50.000000,120,False
149487,SILVERM27JAN219750CE,SILVERM,21JAN2027,21975000.000000,1,OPTFUT,NCO,50.000000,120,False
149493,SILVERM27JAN220500CE,SILVERM,21JAN2027,22050000.000000,1,OPTFUT,NCO,50.000000,120,False
149495,SILVERM27JAN220750CE,SILVERM,21JAN2027,22075000.000000,1,OPTFUT,NCO,50.000000,120,False
149518,SILVERM27JAN223500PE,SILVERM,21JAN2027,22350000.000000,1,OPTFUT,NCO,50.000000,120,False
133867,SILVERM27MAY249500CE,SILVERM,24MAY2027,24950000.000000,1,OPTFUT,NCO,50.000000,120,False
133876,COPPER26SEP1305PE,COPPER,23SEP2026,130500.000000,1,OPTFUT,NCO,1.000000,70,False
133883,GOLD27MAR149800CE,GOLD,29MAR2027,14980000.000000,1,OPTFUT,NCO,50.000000,10,False
133901,GOLD27MAR150700CE,GOLD,29MAR2027,15070000.000000,1,OPTFUT,NCO,50.000000,10,False
149526,SILVERM27JAN224500PE,SILVERM,21JAN2027,22450000.000000,1,OPTFUT,NCO,50.000000,120,False
149544,SILVERM27JAN226750PE,SILVERM,21JAN2027,22675000.000000,1,OPTFUT,NCO,50.000000,120,False
149565,SILVERM27JAN229500CE,SILVERM,21JAN2027,22950000.000000,1,OPTFUT,NCO,50.000000,120,False
149568,SILVERM27JAN229750PE,SILVERM,21JAN2027,22975000.000000,1,OPTFUT,NCO,50.000000,120,False
133903,GOLD27MAR150800CE,GOLD,29MAR2027,15080000.000000,1,OPTFUT,NCO,50.000000,10,False
133913,CRUDEOIL26OCT9550CE,CRUDEOIL,08OCT2026,955000.000000,1,OPTFUT,NCO,10.000000,100,False
133939,CRUDEOIL26OCT10200CE,CRUDEOIL,08OCT2026,1020000.000000,1,OPTFUT,NCO,10.000000,100,False
133951,CRUDEOIL26OCT10500CE,CRUDEOIL,08OCT2026,1050000.000000,1,OPTFUT,NCO,10.000000,100,False
149580,SILVERM27JAN231250PE,SILVERM,21JAN2027,23125000.000000,1,OPTFUT,NCO,50.000000,120,False
149582,SILVERM27JAN231500PE,SILVERM,21JAN2027,23150000.000000,1,OPTFUT,NCO,50.000000,120,False
149591,SILVERM27JAN232750CE,SILVERM,21JAN2027,23275000.000000,1,OPTFUT,NCO,50.000000,120,False
149611,SILVERM27JAN235250CE,SILVERM,21JAN2027,23525000.000000,1,OPTFUT,NCO,50.000000,120,False
133969,CRUDEOIL26NOV9750CE,CRUDEOIL,10NOV2026,975000.000000,1,OPTFUT,NCO,10.000000,100,False
133972,CRUDEOIL26NOV9800PE,CRUDEOIL,10NOV2026,980000.000000,1,OPTFUT,NCO,10.000000,100,False
133990,CRUDEOIL26NOV10250PE,CRUDEOIL,10NOV2026,1025000.000000,1,OPTFUT,NCO,10.000000,100,False
133995,CRUDEOIL26NOV10400CE,CRUDEOIL,10NOV2026,1040000.000000,1,OPTFUT,NCO,10.000000,100,False
149616,SILVERM27JAN235750PE,SILVERM,21JAN2027,23575000.000000,1,OPTFUT,NCO,50.000000,120,False
149632,SILVERM27JAN237750PE,SILVERM,21JAN2027,23775000.000000,1,OPTFUT,NCO,50.000000,120,False
149634,SILVERM27JAN238000PE,SILVERM,21JAN2027,23800000.000000,1,OPTFUT,NCO,50.000000,120,False
149920,SILVERM27FEB215750PE,SILVERM,19FEB2027,21575000.000000,1,OPTFUT,NCO,50.000000,120,False
133996,CRUDEOIL26NOV10400PE,CRUDEOIL,10NOV2026,1040000.000000,1,OPTFUT,NCO,10.000000,100,False
133998,CRUDEOIL26NOV10450PE,CRUDEOIL,10NOV2026,1045000.000000,1,OPTFUT,NCO,10.000000,100,False
134002,CRUDEOIL26NOV10550PE,CRUDEOIL,10NOV2026,1055000.000000,1,OPTFUT,NCO,10.000000,100,False
134071,GOLD27MAR151200CE,GOLD,29MAR2027,15120000.000000,1,OPTFUT,NCO,50.000000,10,False
149931,SILVERM27FEB217250CE,SILVERM,19FEB2027,21725000.000000,1,OPTFUT,NCO,50.000000,120,False
149950,SILVERM27FEB219500PE,SILVERM,19FEB2027,21950000.000000,1,OPTFUT,NCO,50.000000,120,False
149951,SILVERM27FEB219750CE,SILVERM,19FEB2027,21975000.000000,1,OPTFUT,NCO,50.000000,120,False
149953,SILVERM27FEB220000CE,SILVERM,19FEB2027,22000000.000000,1,OPTFUT,NCO,50.000000,120,False
15,WTICRUDEOILMINI,CRUDEOILM,,-1.000000,1,UNDCOM,NCO,100.000000,1000,False
149957,SILVERM27FEB220500CE,SILVERM,19FEB2027,22050000.000000,1,OPTFUT,NCO,50.000000,120,False
149963,SILVERM27FEB221250CE,SILVERM,19FEB2027,22125000.000000,1,OPTFUT,NCO,50.000000,120,False
149967,SILVERM27FEB221750CE,SILVERM,19FEB2027,22175000.000000,1,OPTFUT,NCO,50.000000,120,False
134077,GOLD27MAY147300CE,GOLD,28MAY2027,14730000.000000,1,OPTFUT,NCO,50.000000,10,False
134085,CRUDEOIL26NOV10650CE,CRUDEOIL,10NOV2026,1065000.000000,1,OPTFUT,NCO,10.000000,100,False
134108,CRUDEOILM26NOVFUT,CRUDEOILM,19NOV2026,-1.000000,1,FUTENR,NCO,100.000000,1000,False
134124,SILVER26DEC263250PE,SILVER,01DEC2026,26325000.000000,1,OPTBLN,NCO,50.000000,20,False
150139,GOLD26SEP148700CE,GOLD,25SEP2026,14870000.000000,1,OPTFUT,NCO,50.000000,10,False
150143,GOLD26SEP148900CE,GOLD,25SEP2026,14890000.000000,1,OPTFUT,NCO,50.000000,10,False
150145,GOLD26SEP149000CE,GOLD,25SEP2026,14900000.000000,1,OPTFUT,NCO,50.000000,10,False
150177,GOLD26OCT149900CE,GOLD,29OCT2026,14990000.000000,1,OPTFUT,NCO,50.000000,10,False
150180,GOLD26OCT150000PE,GOLD,29OCT2026,15000000.000000,1,OPTFUT,NCO,50.000000,10,False
150197,GOLD26NOV150100CE,GOLD,27NOV2026,15010000.000000,1,OPTFUT,NCO,50.000000,10,False
134133,GOLD27APR150600PE,GOLD,28APR2027,15060000.000000,1,OPTFUT,NCO,50.000000,10,False
134140,CRUDEOIL26NOV10900PE,CRUDEOIL,10NOV2026,1090000.000000,1,OPTFUT,NCO,10.000000,100,False
134141,CRUDEOIL26NOV10950CE,CRUDEOIL,10NOV2026,1095000.000000,1,OPTFUT,NCO,10.000000,100,False
134147,GOLD27MAY166200CE,GOLD,28MAY2027,16620000.000000,1,OPTFUT,NCO,50.000000,10,False
150182,GOLD26OCT150100PE,GOLD,29OCT2026,15010000.000000,1,OPTFUT,NCO,50.000000,10,False
150195,GOLD26NOV150000CE,GOLD,27NOV2026,15000000.000000,1,OPTFUT,NCO,50.000000,10,False
134158,GOLD27MAY166700PE,GOLD,28MAY2027,16670000.000000,1,OPTFUT,NCO,50.000000,10,False
134183,GOLD27JUN165800CE,GOLD,28JUN2027,16580000.000000,1,OPTFUT,NCO,50.000000,10,False
134188,GOLD27JUN166000PE,GOLD,28JUN2027,16600000.000000,1,OPTFUT,NCO,50.000000,10,False
134209,GOLD27JUN167100CE,GOLD,28JUN2027,16710000.000000,1,OPTFUT,NCO,50.000000,10,False
150206,GOLD26NOV150500PE,GOLD,27NOV2026,15050000.000000,1,OPTFUT,NCO,50.000000,10,False
150211,GOLD26NOV150800CE,GOLD,27NOV2026,15080000.000000,1,OPTFUT,NCO,50.000000,10,False
150221,GOLD26NOV151300CE,GOLD,27NOV2026,15130000.000000,1,OPTFUT,NCO,50.000000,10,False
150228,GOLD26DEC150900PE,GOLD,29DEC2026,15090000.000000,1,OPTFUT,NCO,50.000000,10,False
150240,GOLD26DEC151500PE,GOLD,29DEC2026,15150000.000000,1,OPTFUT,NCO,50.000000,10,False
150247,GOLD26DEC151900CE,GOLD,29DEC2026,15190000.000000,1,OPTFUT,NCO,50.000000,10,False
150251,GOLD26DEC152100CE,GOLD,29DEC2026,15210000.000000,1,OPTFUT,NCO,50.000000,10,False
150267,SILVERM27FEB223500CE,SILVERM,19FEB2027,22350000.000000,1,OPTFUT,NCO,50.000000,120,False
134210,GOLD27JUN167100PE,GOLD,28JUN2027,16710000.000000,1,OPTFUT,NCO,50.000000,10,False
134217,GOLD27JUN167500CE,GOLD,28JUN2027,16750000.000000,1,OPTFUT,NCO,50.000000,10,False
134246,GOLD27JUL165700PE,GOLD,29JUL2027,16570000.000000,1,OPTFUT,NCO,50.000000,10,False
134248,GOLD27JUL165800PE,GOLD,29JUL2027,16580000.000000,1,OPTFUT,NCO,50.000000,10,False
134262,GOLD27FEB163200PE,GOLD,26FEB2027,16320000.000000,1,OPTFUT,NCO,50.000000,10,False
134265,GOLD27FEB163400CE,GOLD,26FEB2027,16340000.000000,1,OPTFUT,NCO,50.000000,10,False
134267,GOLD27FEB163500CE,GOLD,26FEB2027,16350000.000000,1,OPTFUT,NCO,50.000000,10,False
134285,GOLD27JUL166800CE,GOLD,29JUL2027,16680000.000000,1,OPTFUT,NCO,50.000000,10,False
150274,SILVERM27FEB224250PE,SILVERM,19FEB2027,22425000.000000,1,OPTFUT,NCO,50.000000,120,False
150281,SILVERM27FEB225250CE,SILVERM,19FEB2027,22525000.000000,1,OPTFUT,NCO,50.000000,120,False
150285,SILVERM27FEB225750CE,SILVERM,19FEB2027,22575000.000000,1,OPTFUT,NCO,50.000000,120,False
150287,SILVERM27FEB226000CE,SILVERM,19FEB2027,22600000.000000,1,OPTFUT,NCO,50.000000,120,False
134303,GOLD27JUL167700CE,GOLD,29JUL2027,16770000.000000,1,OPTFUT,NCO,50.000000,10,False
134309,GOLD27JUL168000CE,GOLD,29JUL2027,16800000.000000,1,OPTFUT,NCO,50.000000,10,False
134311,GOLD27JUL168100CE,GOLD,29JUL2027,16810000.000000,1,OPTFUT,NCO,50.000000,10,False
134319,GOLD27APR150900CE,GOLD,28APR2027,15090000.000000,1,OPTFUT,NCO,50.000000,10,False
150296,SILVERM27FEB227000PE,SILVERM,19FEB2027,22700000.000000,1,OPTFUT,NCO,50.000000,120,False
150297,SILVERM27FEB227250CE,SILVERM,19FEB2027,22725000.000000,1,OPTFUT,NCO,50.000000,120,False
150301,SILVERM27FEB227750CE,SILVERM,19FEB2027,22775000.000000,1,OPTFUT,NCO,50.000000,120,False
150308,SILVERM27FEB228500PE,SILVERM,19FEB2027,22850000.000000,1,OPTFUT,NCO,50.000000,120,False
150340,GOLD26OCT165300PE,GOLD,29OCT2026,16530000.000000,1,OPTFUT,NCO,50.000000,10,False
150345,GOLD26OCT165600CE,GOLD,29OCT2026,16560000.000000,1,OPTFUT,NCO,50.000000,10,False
150369,GOLD26OCT166800CE,GOLD,29OCT2026,16680000.000000,1,OPTFUT,NCO,50.000000,10,False
150371,GOLD26OCT166900CE,GOLD,29OCT2026,16690000.000000,1,OPTFUT,NCO,50.000000,10,False
134334,GOLD27APR151600PE,GOLD,28APR2027,15160000.000000,1,OPTFUT,NCO,50.000000,10,False
134343,GOLD27MAY148200CE,GOLD,28MAY2027,14820000.000000,1,OPTFUT,NCO,50.000000,10,False
134348,CRUDEOIL26OCT10650PE,CRUDEOIL,08OCT2026,1065000.000000,1,OPTFUT,NCO,10.000000,100,False
134349,CRUDEOIL26OCT10700CE,CRUDEOIL,08OCT2026,1070000.000000,1,OPTFUT,NCO,10.000000,100,False
150384,GOLD26OCT167500PE,GOLD,29OCT2026,16750000.000000,1,OPTFUT,NCO,50.000000,10,False
150398,GOLD26OCT168200PE,GOLD,29OCT2026,16820000.000000,1,OPTFUT,NCO,50.000000,10,False
150408,GOLD26OCT168700PE,GOLD,29OCT2026,16870000.000000,1,OPTFUT,NCO,50.000000,10,False
150413,GOLD26OCT169000CE,GOLD,29OCT2026,16900000.000000,1,OPTFUT,NCO,50.000000,10,False
134350,CRUDEOIL26OCT10700PE,CRUDEOIL,08OCT2026,1070000.000000,1,OPTFUT,NCO,10.000000,100,False
134418,GOLDM26SEP158400PE,GOLDM,25SEP2026,15840000.000000,1,OPTFUT,NCO,50.000000,100,False
134419,GOLDM26SEP158500CE,GOLDM,25SEP2026,15850000.000000,1,OPTFUT,NCO,50.000000,100,False
134420,GOLDM26SEP158500PE,GOLDM,25SEP2026,15850000.000000,1,OPTFUT,NCO,50.000000,100,False
150414,GOLD26OCT169000PE,GOLD,29OCT2026,16900000.000000,1,OPTFUT,NCO,50.000000,10,False
150421,GOLD26NOV165500CE,GOLD,27NOV2026,16550000.000000,1,OPTFUT,NCO,50.000000,10,False
150428,GOLD26NOV165800PE,GOLD,27NOV2026,16580000.000000,1,OPTFUT,NCO,50.000000,10,False
150439,GOLD26NOV166400CE,GOLD,27NOV2026,16640000.000000,1,OPTFUT,NCO,50.000000,10,False
134445,GOLDM26SEP159800CE,GOLDM,25SEP2026,15980000.000000,1,OPTFUT,NCO,50.000000,100,False
134453,GOLDM26SEP160100CE,GOLDM,25SEP2026,16010000.000000,1,OPTFUT,NCO,50.000000,100,False
134456,GOLDM26SEP160200PE,GOLDM,25SEP2026,16020000.000000,1,OPTFUT,NCO,50.000000,100,False
134459,GOLDM26SEP160300CE,GOLDM,25SEP2026,16030000.000000,1,OPTFUT,NCO,50.000000,100,False
150448,GOLD26NOV166800PE,GOLD,27NOV2026,16680000.000000,1,OPTFUT,NCO,50.000000,10,False
150449,GOLD26NOV166900CE,GOLD,27NOV2026,16690000.000000,1,OPTFUT,NCO,50.000000,10,False
150452,GOLD26NOV167000PE,GOLD,27NOV2026,16700000.000000,1,OPTFUT,NCO,50.000000,10,False
150462,GOLD26NOV167500PE,GOLD,27NOV2026,16750000.000000,1,OPTFUT,NCO,50.000000,10,False
134466,GOLD27APR151800PE,GOLD,28APR2027,15180000.000000,1,OPTFUT,NCO,50.000000,10,False
134474,GOLD27MAY151200PE,GOLD,28MAY2027,15120000.000000,1,OPTFUT,NCO,50.000000,10,False
134486,GOLD27MAY151800PE,GOLD,28MAY2027,15180000.000000,1,OPTFUT,NCO,50.000000,10,False
134491,GOLD27MAY152100CE,GOLD,28MAY2027,15210000.000000,1,OPTFUT,NCO,50.000000,10,False
150466,GOLD26NOV167700PE,GOLD,27NOV2026,16770000.000000,1,OPTFUT,NCO,50.000000,10,False
150491,GOLD26NOV169000CE,GOLD,27NOV2026,16900000.000000,1,OPTFUT,NCO,50.000000,10,False
150518,SILVERM27FEB230250PE,SILVERM,19FEB2027,23025000.000000,1,OPTFUT,NCO,50.000000,120,False
150523,SILVERM27FEB231000CE,SILVERM,19FEB2027,23100000.000000,1,OPTFUT,NCO,50.000000,120,False
134492,GOLD27MAY152100PE,GOLD,28MAY2027,15210000.000000,1,OPTFUT,NCO,50.000000,10,False
134494,GOLD27MAY152200PE,GOLD,28MAY2027,15220000.000000,1,OPTFUT,NCO,50.000000,10,False
134501,GOLD27MAY152600CE,GOLD,28MAY2027,15260000.000000,1,OPTFUT,NCO,50.000000,10,False
134503,GOLD27MAY152700CE,GOLD,28MAY2027,15270000.000000,1,OPTFUT,NCO,50.000000,10,False
150526,SILVERM27FEB231250PE,SILVERM,19FEB2027,23125000.000000,1,OPTFUT,NCO,50.000000,120,False
150532,SILVERM27FEB232000PE,SILVERM,19FEB2027,23200000.000000,1,OPTFUT,NCO,50.000000,120,False
150546,SILVERM27FEB233750PE,SILVERM,19FEB2027,23375000.000000,1,OPTFUT,NCO,50.000000,120,False
150534,SILVERM27FEB232250PE,SILVERM,19FEB2027,23225000.000000,1,OPTFUT,NCO,50.000000,120,False
134523,ZINC26SEP407.5CE,ZINC,23SEP2026,40750.000000,1,OPTFUT,NCO,1.000000,20,False
134524,ZINC26SEP407.5PE,ZINC,23SEP2026,40750.000000,1,OPTFUT,NCO,1.000000,20,False
134525,ZINC26OCT410CE,ZINC,23OCT2026,41000.000000,1,OPTFUT,NCO,1.000000,20,False
134527,GOLDM26SEP160400CE,GOLDM,25SEP2026,16040000.000000,1,OPTFUT,NCO,50.000000,100,False
150548,SILVERM27FEB234000PE,SILVERM,19FEB2027,23400000.000000,1,OPTFUT,NCO,50.000000,120,False
150564,SILVERM27FEB236000PE,SILVERM,19FEB2027,23600000.000000,1,OPTFUT,NCO,50.000000,120,False
150577,SILVERM27FEB237750CE,SILVERM,19FEB2027,23775000.000000,1,OPTFUT,NCO,50.000000,120,False
150592,SILVERM27FEB239500PE,SILVERM,19FEB2027,23950000.000000,1,OPTFUT,NCO,50.000000,120,False
134544,GOLDM26OCT159000PE,GOLDM,29OCT2026,15900000.000000,1,OPTFUT,NCO,50.000000,100,False
134548,GOLDM26OCT159200PE,GOLDM,29OCT2026,15920000.000000,1,OPTFUT,NCO,50.000000,100,False
134557,GOLDM26OCT159700CE,GOLDM,29OCT2026,15970000.000000,1,OPTFUT,NCO,50.000000,100,False
134561,GOLDM26OCT159900CE,GOLDM,29OCT2026,15990000.000000,1,OPTFUT,NCO,50.000000,100,False
151713,SILVERM26SEP280250CE,SILVERM,23SEP2026,28025000.000000,1,OPTFUT,NCO,50.000000,120,False
151718,SILVERM26SEP280750PE,SILVERM,23SEP2026,28075000.000000,1,OPTFUT,NCO,50.000000,120,False
151719,SILVERM26SEP281000CE,SILVERM,23SEP2026,28100000.000000,1,OPTFUT,NCO,50.000000,120,False
151732,SILVERM26SEP282500PE,SILVERM,23SEP2026,28250000.000000,1,OPTFUT,NCO,50.000000,120,False
134564,GOLDM26OCT160000PE,GOLDM,29OCT2026,16000000.000000,1,OPTFUT,NCO,50.000000,100,False
134648,GOLD27MAY168900PE,GOLD,28MAY2027,16890000.000000,1,OPTFUT,NCO,50.000000,10,False
134656,GOLD27MAY169300PE,GOLD,28MAY2027,16930000.000000,1,OPTFUT,NCO,50.000000,10,False
134668,GOLD27JUN167800PE,GOLD,28JUN2027,16780000.000000,1,OPTFUT,NCO,50.000000,10,False
151736,SILVERM26SEP283000PE,SILVERM,23SEP2026,28300000.000000,1,OPTFUT,NCO,50.000000,120,False
151737,SILVERM26SEP283250CE,SILVERM,23SEP2026,28325000.000000,1,OPTFUT,NCO,50.000000,120,False
151738,SILVERM26SEP283250PE,SILVERM,23SEP2026,28325000.000000,1,OPTFUT,NCO,50.000000,120,False
151750,SILVERM26SEP284750PE,SILVERM,23SEP2026,28475000.000000,1,OPTFUT,NCO,50.000000,120,False
134676,GOLD27JUN168200PE,GOLD,28JUN2027,16820000.000000,1,OPTFUT,NCO,50.000000,10,False
134685,GOLD27JUN168700CE,GOLD,28JUN2027,16870000.000000,1,OPTFUT,NCO,50.000000,10,False
134705,GOLD27JUN169700CE,GOLD,28JUN2027,16970000.000000,1,OPTFUT,NCO,50.000000,10,False
134711,GOLD27JUN170000CE,GOLD,28JUN2027,17000000.000000,1,OPTFUT,NCO,50.000000,10,False
151753,SILVERM26SEP285250CE,SILVERM,23SEP2026,28525000.000000,1,OPTFUT,NCO,50.000000,120,False
151773,SILVERM26SEP287750CE,SILVERM,23SEP2026,28775000.000000,1,OPTFUT,NCO,50.000000,120,False
151780,SILVERM26SEP288500PE,SILVERM,23SEP2026,28850000.000000,1,OPTFUT,NCO,50.000000,120,False
151805,SILVERM26SEP291750CE,SILVERM,23SEP2026,29175000.000000,1,OPTFUT,NCO,50.000000,120,False
134726,GOLD27JUN170700PE,GOLD,28JUN2027,17070000.000000,1,OPTFUT,NCO,50.000000,10,False
134727,GOLD27JUL168600CE,GOLD,29JUL2027,16860000.000000,1,OPTFUT,NCO,50.000000,10,False
134738,GOLD27JUL168900PE,GOLD,29JUL2027,16890000.000000,1,OPTFUT,NCO,50.000000,10,False
134746,GOLD27JUL169300PE,GOLD,29JUL2027,16930000.000000,1,OPTFUT,NCO,50.000000,10,False
151806,SILVERM26SEP291750PE,SILVERM,23SEP2026,29175000.000000,1,OPTFUT,NCO,50.000000,120,False
151814,SILVERM26SEP292750PE,SILVERM,23SEP2026,29275000.000000,1,OPTFUT,NCO,50.000000,120,False
151830,SILVERM26SEP294750PE,SILVERM,23SEP2026,29475000.000000,1,OPTFUT,NCO,50.000000,120,False
151856,SILVERM26SEP298000PE,SILVERM,23SEP2026,29800000.000000,1,OPTFUT,NCO,50.000000,120,False
134759,GOLD27JUL169600CE,GOLD,29JUL2027,16960000.000000,1,OPTFUT,NCO,50.000000,10,False
134768,GOLD27FEB164200PE,GOLD,26FEB2027,16420000.000000,1,OPTFUT,NCO,50.000000,10,False
134784,GOLD27JUL170400PE,GOLD,29JUL2027,17040000.000000,1,OPTFUT,NCO,50.000000,10,False
134787,GOLD27JUL170600CE,GOLD,29JUL2027,17060000.000000,1,OPTFUT,NCO,50.000000,10,False
151864,SILVERM26SEP299000PE,SILVERM,23SEP2026,29900000.000000,1,OPTFUT,NCO,50.000000,120,False
151874,SILVERM26SEP300250PE,SILVERM,23SEP2026,30025000.000000,1,OPTFUT,NCO,50.000000,120,False
151888,SILVERM26OCT281500PE,SILVERM,23OCT2026,28150000.000000,1,OPTFUT,NCO,50.000000,120,False
151899,SILVERM26OCT283000CE,SILVERM,23OCT2026,28300000.000000,1,OPTFUT,NCO,50.000000,120,False
134798,GOLD27JUL171100PE,GOLD,29JUL2027,17110000.000000,1,OPTFUT,NCO,50.000000,10,False
134801,GOLD27JUL171300CE,GOLD,29JUL2027,17130000.000000,1,OPTFUT,NCO,50.000000,10,False
134806,GOLD27JUL171500PE,GOLD,29JUL2027,17150000.000000,1,OPTFUT,NCO,50.000000,10,False
134827,SILVERM26SEP158000CE,SILVERM,23SEP2026,15800000.000000,1,OPTFUT,NCO,50.000000,120,False
151905,SILVERM26OCT283750CE,SILVERM,23OCT2026,28375000.000000,1,OPTFUT,NCO,50.000000,120,False
151922,SILVERM26OCT285750PE,SILVERM,23OCT2026,28575000.000000,1,OPTFUT,NCO,50.000000,120,False
151924,SILVERM26OCT286000PE,SILVERM,23OCT2026,28600000.000000,1,OPTFUT,NCO,50.000000,120,False
151926,SILVERM26OCT286250PE,SILVERM,23OCT2026,28625000.000000,1,OPTFUT,NCO,50.000000,120,False
134831,SILVERM26SEP158500CE,SILVERM,23SEP2026,15850000.000000,1,OPTFUT,NCO,50.000000,120,False
134832,SILVERM26SEP158500PE,SILVERM,23SEP2026,15850000.000000,1,OPTFUT,NCO,50.000000,120,False
134834,SILVERM26SEP158750PE,SILVERM,23SEP2026,15875000.000000,1,OPTFUT,NCO,50.000000,120,False
134849,GOLD26OCTFUT,GOLD,05OCT2026,-1.000000,1,FUTBLN,NCO,100.000000,10,False
151931,SILVERM26OCT287000CE,SILVERM,23OCT2026,28700000.000000,1,OPTFUT,NCO,50.000000,120,False
151935,SILVERM26OCT287500CE,SILVERM,23OCT2026,28750000.000000,1,OPTFUT,NCO,50.000000,120,False
151940,SILVERM26OCT288000PE,SILVERM,23OCT2026,28800000.000000,1,OPTFUT,NCO,50.000000,120,False
151948,SILVERM26OCT289000PE,SILVERM,23OCT2026,28900000.000000,1,OPTFUT,NCO,50.000000,120,False
134883,GOLD26SEP121300PE,GOLD,25SEP2026,12130000.000000,1,OPTFUT,NCO,50.000000,10,False
134895,GOLD26SEP121900PE,GOLD,25SEP2026,12190000.000000,1,OPTFUT,NCO,50.000000,10,False
134902,GOLD26SEP122300CE,GOLD,25SEP2026,12230000.000000,1,OPTFUT,NCO,50.000000,10,False
134919,GOLD26SEP123100PE,GOLD,25SEP2026,12310000.000000,1,OPTFUT,NCO,50.000000,10,False
151959,SILVERM26OCT290500CE,SILVERM,23OCT2026,29050000.000000,1,OPTFUT,NCO,50.000000,120,False
151966,SILVERM26OCT291250PE,SILVERM,23OCT2026,29125000.000000,1,OPTFUT,NCO,50.000000,120,False
151970,SILVERM26OCT291750PE,SILVERM,23OCT2026,29175000.000000,1,OPTFUT,NCO,50.000000,120,False
151972,SILVERM26OCT292000PE,SILVERM,23OCT2026,29200000.000000,1,OPTFUT,NCO,50.000000,120,False
134920,GOLD26SEP123200CE,GOLD,25SEP2026,12320000.000000,1,OPTFUT,NCO,50.000000,10,False
134932,GOLD26SEP123800CE,GOLD,25SEP2026,12380000.000000,1,OPTFUT,NCO,50.000000,10,False
134933,GOLD26SEP123800PE,GOLD,25SEP2026,12380000.000000,1,OPTFUT,NCO,50.000000,10,False
134941,GOLD26SEP124200PE,GOLD,25SEP2026,12420000.000000,1,OPTFUT,NCO,50.000000,10,False
151982,SILVERM26OCT293250PE,SILVERM,23OCT2026,29325000.000000,1,OPTFUT,NCO,50.000000,120,False
151985,SILVERM26OCT293750CE,SILVERM,23OCT2026,29375000.000000,1,OPTFUT,NCO,50.000000,120,False
151994,SILVERM26OCT294750PE,SILVERM,23OCT2026,29475000.000000,1,OPTFUT,NCO,50.000000,120,False
152006,SILVERM26OCT296250PE,SILVERM,23OCT2026,29625000.000000,1,OPTFUT,NCO,50.000000,120,False
134946,GOLD26SEP124500CE,GOLD,25SEP2026,12450000.000000,1,OPTFUT,NCO,50.000000,10,False
134962,GOLD26SEP125300CE,GOLD,25SEP2026,12530000.000000,1,OPTFUT,NCO,50.000000,10,False
134982,GOLD26SEP126300CE,GOLD,25SEP2026,12630000.000000,1,OPTFUT,NCO,50.000000,10,False
134989,GOLD27FEB164600PE,GOLD,26FEB2027,16460000.000000,1,OPTFUT,NCO,50.000000,10,False
152011,SILVERM26OCT297000CE,SILVERM,23OCT2026,29700000.000000,1,OPTFUT,NCO,50.000000,120,False
152013,SILVERM26OCT297250CE,SILVERM,23OCT2026,29725000.000000,1,OPTFUT,NCO,50.000000,120,False
152027,SILVERM26OCT299000CE,SILVERM,23OCT2026,29900000.000000,1,OPTFUT,NCO,50.000000,120,False
152034,SILVERM26OCT299750PE,SILVERM,23OCT2026,29975000.000000,1,OPTFUT,NCO,50.000000,120,False
135017,GOLDM26SEP160500PE,GOLDM,25SEP2026,16050000.000000,1,OPTFUT,NCO,50.000000,100,False
135026,GOLD27FEB164900CE,GOLD,26FEB2027,16490000.000000,1,OPTFUT,NCO,50.000000,10,False
135028,GOLD27FEB165000CE,GOLD,26FEB2027,16500000.000000,1,OPTFUT,NCO,50.000000,10,False
135044,GOLD27FEB165800CE,GOLD,26FEB2027,16580000.000000,1,OPTFUT,NCO,50.000000,10,False
152055,SILVERM26OCT302500CE,SILVERM,23OCT2026,30250000.000000,1,OPTFUT,NCO,50.000000,120,False
152076,SILVERM26NOV284500PE,SILVERM,23NOV2026,28450000.000000,1,OPTFUT,NCO,50.000000,120,False
152097,SILVERM26NOV287250CE,SILVERM,23NOV2026,28725000.000000,1,OPTFUT,NCO,50.000000,120,False
152101,SILVERM26NOV287750CE,SILVERM,23NOV2026,28775000.000000,1,OPTFUT,NCO,50.000000,120,False
135046,GOLD27FEB165900CE,GOLD,26FEB2027,16590000.000000,1,OPTFUT,NCO,50.000000,10,False
135089,SILVERM26SEP160500PE,SILVERM,23SEP2026,16050000.000000,1,OPTFUT,NCO,50.000000,120,False
135144,GOLDM26SEP161600PE,GOLDM,25SEP2026,16160000.000000,1,OPTFUT,NCO,50.000000,100,False
135190,SILVERM26SEP204500PE,SILVERM,23SEP2026,20450000.000000,1,OPTFUT,NCO,50.000000,120,False
152116,SILVERM26NOV289500PE,SILVERM,23NOV2026,28950000.000000,1,OPTFUT,NCO,50.000000,120,False
152128,SILVERM26NOV291000PE,SILVERM,23NOV2026,29100000.000000,1,OPTFUT,NCO,50.000000,120,False
152151,SILVERM26NOV294000CE,SILVERM,23NOV2026,29400000.000000,1,OPTFUT,NCO,50.000000,120,False
152177,SILVERM26NOV297250CE,SILVERM,23NOV2026,29725000.000000,1,OPTFUT,NCO,50.000000,120,False
135191,SILVERM26SEP204750CE,SILVERM,23SEP2026,20475000.000000,1,OPTFUT,NCO,50.000000,120,False
135198,SILVERM26SEP205500PE,SILVERM,23SEP2026,20550000.000000,1,OPTFUT,NCO,50.000000,120,False
135200,SILVERM26SEP205750PE,SILVERM,23SEP2026,20575000.000000,1,OPTFUT,NCO,50.000000,120,False
135202,SILVERM26SEP206000PE,SILVERM,23SEP2026,20600000.000000,1,OPTFUT,NCO,50.000000,120,False
152178,SILVERM26NOV297250PE,SILVERM,23NOV2026,29725000.000000,1,OPTFUT,NCO,50.000000,120,False
152191,SILVERM26NOV299000CE,SILVERM,23NOV2026,29900000.000000,1,OPTFUT,NCO,50.000000,120,False
152192,SILVERM26NOV299000PE,SILVERM,23NOV2026,29900000.000000,1,OPTFUT,NCO,50.000000,120,False
152200,SILVERM26NOV300000PE,SILVERM,23NOV2026,30000000.000000,1,OPTFUT,NCO,50.000000,120,False
135209,SILVERM26SEP207000CE,SILVERM,23SEP2026,20700000.000000,1,OPTFUT,NCO,50.000000,120,False
135237,SILVERM26OCT206000CE,SILVERM,23OCT2026,20600000.000000,1,OPTFUT,NCO,50.000000,120,False
135293,GOLDM26OCT162800CE,GOLDM,29OCT2026,16280000.000000,1,OPTFUT,NCO,50.000000,100,False
135294,GOLDM26OCT162800PE,GOLDM,29OCT2026,16280000.000000,1,OPTFUT,NCO,50.000000,100,False
152213,SILVERM26NOV301750CE,SILVERM,23NOV2026,30175000.000000,1,OPTFUT,NCO,50.000000,120,False
152217,SILVERM26NOV302250CE,SILVERM,23NOV2026,30225000.000000,1,OPTFUT,NCO,50.000000,120,False
152222,SILVERM26NOV302750PE,SILVERM,23NOV2026,30275000.000000,1,OPTFUT,NCO,50.000000,120,False
152224,SILVERM26NOV303000PE,SILVERM,23NOV2026,30300000.000000,1,OPTFUT,NCO,50.000000,120,False
135295,GOLDM26OCT162900CE,GOLDM,29OCT2026,16290000.000000,1,OPTFUT,NCO,50.000000,100,False
135302,SILVERM27JAN252750PE,SILVERM,21JAN2027,25275000.000000,1,OPTFUT,NCO,50.000000,120,False
135319,GOLDM26OCT163100PE,GOLDM,29OCT2026,16310000.000000,1,OPTFUT,NCO,50.000000,100,False
135333,CRUDEOILM26DECFUT,CRUDEOILM,18DEC2026,-1.000000,1,FUTENR,NCO,100.000000,1000,False
152225,SILVERM26NOV303250CE,SILVERM,23NOV2026,30325000.000000,1,OPTFUT,NCO,50.000000,120,False
152231,SILVERM26NOV304000CE,SILVERM,23NOV2026,30400000.000000,1,OPTFUT,NCO,50.000000,120,False
152240,SILVERM26DEC284500PE,SILVERM,23DEC2026,28450000.000000,1,OPTFUT,NCO,50.000000,120,False
152244,SILVERM26DEC285000PE,SILVERM,23DEC2026,28500000.000000,1,OPTFUT,NCO,50.000000,120,False
135341,GOLDM26OCT164100PE,GOLDM,29OCT2026,16410000.000000,1,OPTFUT,NCO,50.000000,100,False
135464,SILVERM27JUN258000PE,SILVERM,23JUN2027,25800000.000000,1,OPTFUT,NCO,50.000000,120,False
135468,SILVERM27JUN258500PE,SILVERM,23JUN2027,25850000.000000,1,OPTFUT,NCO,50.000000,120,False
135483,SILVERM27JUN260500CE,SILVERM,23JUN2027,26050000.000000,1,OPTFUT,NCO,50.000000,120,False
152255,SILVERM26DEC286500CE,SILVERM,23DEC2026,28650000.000000,1,OPTFUT,NCO,50.000000,120,False
152279,SILVERM26DEC289500CE,SILVERM,23DEC2026,28950000.000000,1,OPTFUT,NCO,50.000000,120,False
152298,SILVERM26DEC291750PE,SILVERM,23DEC2026,29175000.000000,1,OPTFUT,NCO,50.000000,120,False
152306,SILVERM26DEC292750PE,SILVERM,23DEC2026,29275000.000000,1,OPTFUT,NCO,50.000000,120,False
135490,SILVERM27JUN261250PE,SILVERM,23JUN2027,26125000.000000,1,OPTFUT,NCO,50.000000,120,False
135491,SILVERM27JUN261500CE,SILVERM,23JUN2027,26150000.000000,1,OPTFUT,NCO,50.000000,120,False
135495,SILVERM27JUN262000CE,SILVERM,23JUN2027,26200000.000000,1,OPTFUT,NCO,50.000000,120,False
135503,SILVERM27JUN263000CE,SILVERM,23JUN2027,26300000.000000,1,OPTFUT,NCO,50.000000,120,False
152308,SILVERM26DEC293000PE,SILVERM,23DEC2026,29300000.000000,1,OPTFUT,NCO,50.000000,120,False
152317,SILVERM26DEC294250CE,SILVERM,23DEC2026,29425000.000000,1,OPTFUT,NCO,50.000000,120,False
152318,SILVERM26DEC294250PE,SILVERM,23DEC2026,29425000.000000,1,OPTFUT,NCO,50.000000,120,False
152349,SILVERM26DEC298250CE,SILVERM,23DEC2026,29825000.000000,1,OPTFUT,NCO,50.000000,120,False
152358,SILVERM26DEC299250PE,SILVERM,23DEC2026,29925000.000000,1,OPTFUT,NCO,50.000000,120,False
152371,SILVERM26DEC301000CE,SILVERM,23DEC2026,30100000.000000,1,OPTFUT,NCO,50.000000,120,False
152378,SILVERM26DEC301750PE,SILVERM,23DEC2026,30175000.000000,1,OPTFUT,NCO,50.000000,120,False
152384,SILVERM26DEC302500PE,SILVERM,23DEC2026,30250000.000000,1,OPTFUT,NCO,50.000000,120,False
135509,SILVERM27JUN263750CE,SILVERM,23JUN2027,26375000.000000,1,OPTFUT,NCO,50.000000,120,False
135520,SILVERM27JUL259000PE,SILVERM,23JUL2027,25900000.000000,1,OPTFUT,NCO,50.000000,120,False
135524,SILVERM27JUL259500PE,SILVERM,23JUL2027,25950000.000000,1,OPTFUT,NCO,50.000000,120,False
135532,SILVERM27JUL260500PE,SILVERM,23JUL2027,26050000.000000,1,OPTFUT,NCO,50.000000,120,False
152390,SILVERM26DEC303250PE,SILVERM,23DEC2026,30325000.000000,1,OPTFUT,NCO,50.000000,120,False
152956,GOLD26SEP150200PE,GOLD,25SEP2026,15020000.000000,1,OPTFUT,NCO,50.000000,10,False
152958,GOLD26SEP150300PE,GOLD,25SEP2026,15030000.000000,1,OPTFUT,NCO,50.000000,10,False
152961,GOLD26SEP150500CE,GOLD,25SEP2026,15050000.000000,1,OPTFUT,NCO,50.000000,10,False
135571,GOLD26SEP126400CE,GOLD,25SEP2026,12640000.000000,1,OPTFUT,NCO,50.000000,10,False
135576,GOLD26SEP126600PE,GOLD,25SEP2026,12660000.000000,1,OPTFUT,NCO,50.000000,10,False
135592,GOLD26SEP127400PE,GOLD,25SEP2026,12740000.000000,1,OPTFUT,NCO,50.000000,10,False
135606,GOLD26SEP128100PE,GOLD,25SEP2026,12810000.000000,1,OPTFUT,NCO,50.000000,10,False
152975,GOLD26SEP151200CE,GOLD,25SEP2026,15120000.000000,1,OPTFUT,NCO,50.000000,10,False
152990,GOLD26SEP151900PE,GOLD,25SEP2026,15190000.000000,1,OPTFUT,NCO,50.000000,10,False
152994,GOLD26SEP152100PE,GOLD,25SEP2026,15210000.000000,1,OPTFUT,NCO,50.000000,10,False
152996,GOLD26SEP152200PE,GOLD,25SEP2026,15220000.000000,1,OPTFUT,NCO,50.000000,10,False
135608,GOLD26SEP128200PE,GOLD,25SEP2026,12820000.000000,1,OPTFUT,NCO,50.000000,10,False
135611,GOLD26SEP128400CE,GOLD,25SEP2026,12840000.000000,1,OPTFUT,NCO,50.000000,10,False
135618,GOLD26SEP128700PE,GOLD,25SEP2026,12870000.000000,1,OPTFUT,NCO,50.000000,10,False
135633,SILVERM26OCT209000CE,SILVERM,23OCT2026,20900000.000000,1,OPTFUT,NCO,50.000000,120,False
152997,GOLD26SEP152300CE,GOLD,25SEP2026,15230000.000000,1,OPTFUT,NCO,50.000000,10,False
153006,GOLD26OCT151000PE,GOLD,29OCT2026,15100000.000000,1,OPTFUT,NCO,50.000000,10,False
153010,GOLD26OCT151200PE,GOLD,29OCT2026,15120000.000000,1,OPTFUT,NCO,50.000000,10,False
153013,GOLD26OCT151400CE,GOLD,29OCT2026,15140000.000000,1,OPTFUT,NCO,50.000000,10,False
153018,GOLD26OCT151600PE,GOLD,29OCT2026,15160000.000000,1,OPTFUT,NCO,50.000000,10,False
153026,GOLD26OCT152000PE,GOLD,29OCT2026,15200000.000000,1,OPTFUT,NCO,50.000000,10,False
153039,GOLD26OCT152700CE,GOLD,29OCT2026,15270000.000000,1,OPTFUT,NCO,50.000000,10,False
153043,GOLD26OCT152900CE,GOLD,29OCT2026,15290000.000000,1,OPTFUT,NCO,50.000000,10,False
135637,SILVERM26OCT209500CE,SILVERM,23OCT2026,20950000.000000,1,OPTFUT,NCO,50.000000,120,False
135667,SILVERM26NOV208750CE,SILVERM,23NOV2026,20875000.000000,1,OPTFUT,NCO,50.000000,120,False
135672,SILVERM26NOV209250PE,SILVERM,23NOV2026,20925000.000000,1,OPTFUT,NCO,50.000000,120,False
135680,SILVERM26NOV210250PE,SILVERM,23NOV2026,21025000.000000,1,OPTFUT,NCO,50.000000,120,False
153047,GOLD26OCT153100CE,GOLD,29OCT2026,15310000.000000,1,OPTFUT,NCO,50.000000,10,False
153051,GOLD26NOV151600CE,GOLD,27NOV2026,15160000.000000,1,OPTFUT,NCO,50.000000,10,False
153062,GOLD26NOV152100PE,GOLD,27NOV2026,15210000.000000,1,OPTFUT,NCO,50.000000,10,False
153068,GOLD26NOV152400PE,GOLD,27NOV2026,15240000.000000,1,OPTFUT,NCO,50.000000,10,False
135738,SILVERM26NOV211750PE,SILVERM,23NOV2026,21175000.000000,1,OPTFUT,NCO,50.000000,120,False
135779,SILVERM27JUL261500PE,SILVERM,23JUL2027,26150000.000000,1,OPTFUT,NCO,50.000000,120,False
135815,SILVERM26SEP231750CE,SILVERM,23SEP2026,23175000.000000,1,OPTFUT,NCO,50.000000,120,False
135813,SILVERM26SEP231500CE,SILVERM,23SEP2026,23150000.000000,1,OPTFUT,NCO,50.000000,120,False
153070,GOLD26NOV152500PE,GOLD,27NOV2026,15250000.000000,1,OPTFUT,NCO,50.000000,10,False
153076,GOLD26NOV152800PE,GOLD,27NOV2026,15280000.000000,1,OPTFUT,NCO,50.000000,10,False
153078,GOLD26NOV152900PE,GOLD,27NOV2026,15290000.000000,1,OPTFUT,NCO,50.000000,10,False
153096,GOLD26NOV153800PE,GOLD,27NOV2026,15380000.000000,1,OPTFUT,NCO,50.000000,10,False
153127,GOLD26DEC153700CE,GOLD,29DEC2026,15370000.000000,1,OPTFUT,NCO,50.000000,10,False
135835,SILVERM27JAN258000CE,SILVERM,21JAN2027,25800000.000000,1,OPTFUT,NCO,50.000000,120,False
135853,SILVERM27JAN260250CE,SILVERM,21JAN2027,26025000.000000,1,OPTFUT,NCO,50.000000,120,False
135854,SILVERM27JAN260250PE,SILVERM,21JAN2027,26025000.000000,1,OPTFUT,NCO,50.000000,120,False
135871,SILVERM27FEB258000PE,SILVERM,19FEB2027,25800000.000000,1,OPTFUT,NCO,50.000000,120,False
153097,GOLD26NOV153900CE,GOLD,27NOV2026,15390000.000000,1,OPTFUT,NCO,50.000000,10,False
153124,GOLD26DEC153500PE,GOLD,29DEC2026,15350000.000000,1,OPTFUT,NCO,50.000000,10,False
153125,GOLD26DEC153600CE,GOLD,29DEC2026,15360000.000000,1,OPTFUT,NCO,50.000000,10,False
153133,GOLD26DEC154000CE,GOLD,29DEC2026,15400000.000000,1,OPTFUT,NCO,50.000000,10,False
153134,GOLD26DEC154000PE,GOLD,29DEC2026,15400000.000000,1,OPTFUT,NCO,50.000000,10,False
153135,GOLD26DEC154100CE,GOLD,29DEC2026,15410000.000000,1,OPTFUT,NCO,50.000000,10,False
153138,GOLD26DEC154200PE,GOLD,29DEC2026,15420000.000000,1,OPTFUT,NCO,50.000000,10,False
135882,SILVERM27FEB259500CE,SILVERM,19FEB2027,25950000.000000,1,OPTFUT,NCO,50.000000,120,False
135931,GOLD27MAY151000PE,GOLD,28MAY2027,15100000.000000,1,OPTFUT,NCO,50.000000,10,False
135933,GOLD27MAY151100PE,GOLD,28MAY2027,15110000.000000,1,OPTFUT,NCO,50.000000,10,False
135936,SILVERM27JUL262500PE,SILVERM,23JUL2027,26250000.000000,1,OPTFUT,NCO,50.000000,120,False
153324,GOLD26DEC167600PE,GOLD,29DEC2026,16760000.000000,1,OPTFUT,NCO,50.000000,10,False
153148,GOLD26DEC154700PE,GOLD,29DEC2026,15470000.000000,1,OPTFUT,NCO,50.000000,10,False
153305,GOLD26DEC166700CE,GOLD,29DEC2026,16670000.000000,1,OPTFUT,NCO,50.000000,10,False
153320,GOLD26DEC167400PE,GOLD,29DEC2026,16740000.000000,1,OPTFUT,NCO,50.000000,10,False
135945,SILVERM27JUL263750CE,SILVERM,23JUL2027,26375000.000000,1,OPTFUT,NCO,50.000000,120,False
135956,SILVERM27APR239250CE,SILVERM,23APR2027,23925000.000000,1,OPTFUT,NCO,50.000000,120,False
135961,SILVERM27APR239750PE,SILVERM,23APR2027,23975000.000000,1,OPTFUT,NCO,50.000000,120,False
135978,SILVERM27JUL264500CE,SILVERM,23JUL2027,26450000.000000,1,OPTFUT,NCO,50.000000,120,False
153331,GOLD26DEC168000CE,GOLD,29DEC2026,16800000.000000,1,OPTFUT,NCO,50.000000,10,False
153338,GOLD26DEC168300PE,GOLD,29DEC2026,16830000.000000,1,OPTFUT,NCO,50.000000,10,False
153343,GOLD26DEC168600CE,GOLD,29DEC2026,16860000.000000,1,OPTFUT,NCO,50.000000,10,False
153344,GOLD26DEC168600PE,GOLD,29DEC2026,16860000.000000,1,OPTFUT,NCO,50.000000,10,False
135980,SILVERM27JUL264750CE,SILVERM,23JUL2027,26475000.000000,1,OPTFUT,NCO,50.000000,120,False
135981,SILVERM27JUL264750PE,SILVERM,23JUL2027,26475000.000000,1,OPTFUT,NCO,50.000000,120,False
135987,SILVERM27JUL265500PE,SILVERM,23JUL2027,26550000.000000,1,OPTFUT,NCO,50.000000,120,False
136016,GOLD27MAY170300CE,GOLD,28MAY2027,17030000.000000,1,OPTFUT,NCO,50.000000,10,False
153916,SILVERM26SEP302250PE,SILVERM,23SEP2026,30225000.000000,1,OPTFUT,NCO,50.000000,120,False
153917,SILVERM26SEP302500CE,SILVERM,23SEP2026,30250000.000000,1,OPTFUT,NCO,50.000000,120,False
153918,SILVERM26SEP302500PE,SILVERM,23SEP2026,30250000.000000,1,OPTFUT,NCO,50.000000,120,False
153931,SILVERM26SEP304250CE,SILVERM,23SEP2026,30425000.000000,1,OPTFUT,NCO,50.000000,120,False
136019,GOLD27MAY170400PE,GOLD,28MAY2027,17040000.000000,1,OPTFUT,NCO,50.000000,10,False
136030,GOLD27MAY171000CE,GOLD,28MAY2027,17100000.000000,1,OPTFUT,NCO,50.000000,10,False
136031,GOLD27MAY171000PE,GOLD,28MAY2027,17100000.000000,1,OPTFUT,NCO,50.000000,10,False
136036,GOLD27MAY171300CE,GOLD,28MAY2027,17130000.000000,1,OPTFUT,NCO,50.000000,10,False
153939,SILVERM26SEP305250CE,SILVERM,23SEP2026,30525000.000000,1,OPTFUT,NCO,50.000000,120,False
153946,SILVERM26SEP306000PE,SILVERM,23SEP2026,30600000.000000,1,OPTFUT,NCO,50.000000,120,False
153947,SILVERM26SEP306250CE,SILVERM,23SEP2026,30625000.000000,1,OPTFUT,NCO,50.000000,120,False
153960,SILVERM26SEP307750PE,SILVERM,23SEP2026,30775000.000000,1,OPTFUT,NCO,50.000000,120,False
136086,SILVERM26SEP163000PE,SILVERM,23SEP2026,16300000.000000,1,OPTFUT,NCO,50.000000,120,False
136098,SILVERM27JAN260500PE,SILVERM,21JAN2027,26050000.000000,1,OPTFUT,NCO,50.000000,120,False
136104,SILVERM27FEB260250CE,SILVERM,19FEB2027,26025000.000000,1,OPTFUT,NCO,50.000000,120,False
136121,SILVERM27FEB261250PE,SILVERM,19FEB2027,26125000.000000,1,OPTFUT,NCO,50.000000,120,False
153976,SILVERM26SEP309750PE,SILVERM,23SEP2026,30975000.000000,1,OPTFUT,NCO,50.000000,120,False
153981,SILVERM26SEP310500CE,SILVERM,23SEP2026,31050000.000000,1,OPTFUT,NCO,50.000000,120,False
153983,SILVERM26SEP310750CE,SILVERM,23SEP2026,31075000.000000,1,OPTFUT,NCO,50.000000,120,False
153998,SILVERM26OCT303750PE,SILVERM,23OCT2026,30375000.000000,1,OPTFUT,NCO,50.000000,120,False
154004,SILVERM26OCT304500PE,SILVERM,23OCT2026,30450000.000000,1,OPTFUT,NCO,50.000000,120,False
154014,SILVERM26OCT305750PE,SILVERM,23OCT2026,30575000.000000,1,OPTFUT,NCO,50.000000,120,False
154026,SILVERM26OCT307250PE,SILVERM,23OCT2026,30725000.000000,1,OPTFUT,NCO,50.000000,120,False
154030,SILVERM26OCT307750PE,SILVERM,23OCT2026,30775000.000000,1,OPTFUT,NCO,50.000000,120,False
136138,GOLD27MAY171500CE,GOLD,28MAY2027,17150000.000000,1,OPTFUT,NCO,50.000000,10,False
136151,SILVERM27JAN262250CE,SILVERM,21JAN2027,26225000.000000,1,OPTFUT,NCO,50.000000,120,False
136152,SILVERM27JAN262250PE,SILVERM,21JAN2027,26225000.000000,1,OPTFUT,NCO,50.000000,120,False
136174,SILVERM27APR236250CE,SILVERM,23APR2027,23625000.000000,1,OPTFUT,NCO,50.000000,120,False
136182,SILVERM27APR237250CE,SILVERM,23APR2027,23725000.000000,1,OPTFUT,NCO,50.000000,120,False
136183,SILVERM27APR237250PE,SILVERM,23APR2027,23725000.000000,1,OPTFUT,NCO,50.000000,120,False
136191,SILVERM27APR238250PE,SILVERM,23APR2027,23825000.000000,1,OPTFUT,NCO,50.000000,120,False
136198,SILVERM27MAY235750CE,SILVERM,24MAY2027,23575000.000000,1,OPTFUT,NCO,50.000000,120,False
154031,SILVERM26OCT308000CE,SILVERM,23OCT2026,30800000.000000,1,OPTFUT,NCO,50.000000,120,False
154043,SILVERM26OCT309500CE,SILVERM,23OCT2026,30950000.000000,1,OPTFUT,NCO,50.000000,120,False
154049,SILVERM26OCT310250CE,SILVERM,23OCT2026,31025000.000000,1,OPTFUT,NCO,50.000000,120,False
154051,SILVERM26OCT310500CE,SILVERM,23OCT2026,31050000.000000,1,OPTFUT,NCO,50.000000,120,False
136205,SILVERM27MAY236500PE,SILVERM,24MAY2027,23650000.000000,1,OPTFUT,NCO,50.000000,120,False
136216,GOLD27MAY171900PE,GOLD,28MAY2027,17190000.000000,1,OPTFUT,NCO,50.000000,10,False
136221,GOLD27JUN170900CE,GOLD,28JUN2027,17090000.000000,1,OPTFUT,NCO,50.000000,10,False
136227,GOLD27JUN171200CE,GOLD,28JUN2027,17120000.000000,1,OPTFUT,NCO,50.000000,10,False
154074,SILVERM26OCT313250PE,SILVERM,23OCT2026,31325000.000000,1,OPTFUT,NCO,50.000000,120,False
154076,SILVERM26OCT313500PE,SILVERM,23OCT2026,31350000.000000,1,OPTFUT,NCO,50.000000,120,False
154103,SILVERM26NOV308250CE,SILVERM,23NOV2026,30825000.000000,1,OPTFUT,NCO,50.000000,120,False
154114,SILVERM26NOV309500PE,SILVERM,23NOV2026,30950000.000000,1,OPTFUT,NCO,50.000000,120,False
136250,GOLD26SEP129000PE,GOLD,25SEP2026,12900000.000000,1,OPTFUT,NCO,50.000000,10,False
136275,SILVERM27MAY239000PE,SILVERM,24MAY2027,23900000.000000,1,OPTFUT,NCO,50.000000,120,False
136301,SILVERM26SEP233250CE,SILVERM,23SEP2026,23325000.000000,1,OPTFUT,NCO,50.000000,120,False
136302,SILVERM26SEP233250PE,SILVERM,23SEP2026,23325000.000000,1,OPTFUT,NCO,50.000000,120,False
154137,SILVERM26NOV312500CE,SILVERM,23NOV2026,31250000.000000,1,OPTFUT,NCO,50.000000,120,False
154138,SILVERM26NOV312500PE,SILVERM,23NOV2026,31250000.000000,1,OPTFUT,NCO,50.000000,120,False
154147,SILVERM26NOV313750CE,SILVERM,23NOV2026,31375000.000000,1,OPTFUT,NCO,50.000000,120,False
154149,SILVERM26NOV314000CE,SILVERM,23NOV2026,31400000.000000,1,OPTFUT,NCO,50.000000,120,False
136371,GOLD27JUN171800CE,GOLD,28JUN2027,17180000.000000,1,OPTFUT,NCO,50.000000,10,False
136381,GOLD27JUN172100CE,GOLD,28JUN2027,17210000.000000,1,OPTFUT,NCO,50.000000,10,False
136382,GOLD27JUN172100PE,GOLD,28JUN2027,17210000.000000,1,OPTFUT,NCO,50.000000,10,False
136399,GOLD27JUL171700CE,GOLD,29JUL2027,17170000.000000,1,OPTFUT,NCO,50.000000,10,False
154152,SILVERM26NOV314250PE,SILVERM,23NOV2026,31425000.000000,1,OPTFUT,NCO,50.000000,120,False
154158,SILVERM26NOV315000PE,SILVERM,23NOV2026,31500000.000000,1,OPTFUT,NCO,50.000000,120,False
154159,SILVERM26DEC306750CE,SILVERM,23DEC2026,30675000.000000,1,OPTFUT,NCO,50.000000,120,False
154162,SILVERM26DEC307000PE,SILVERM,23DEC2026,30700000.000000,1,OPTFUT,NCO,50.000000,120,False
136430,GOLD26SEP141200PE,GOLD,25SEP2026,14120000.000000,1,OPTFUT,NCO,50.000000,10,False
136433,GOLD26SEP141400CE,GOLD,25SEP2026,14140000.000000,1,OPTFUT,NCO,50.000000,10,False
136450,GOLD26OCT141900PE,GOLD,29OCT2026,14190000.000000,1,OPTFUT,NCO,50.000000,10,False
136472,GOLD26NOV142700PE,GOLD,27NOV2026,14270000.000000,1,OPTFUT,NCO,50.000000,10,False
154164,SILVERM26DEC307250PE,SILVERM,23DEC2026,30725000.000000,1,OPTFUT,NCO,50.000000,120,False
154169,SILVERM26DEC308000CE,SILVERM,23DEC2026,30800000.000000,1,OPTFUT,NCO,50.000000,120,False
154178,SILVERM26DEC309000PE,SILVERM,23DEC2026,30900000.000000,1,OPTFUT,NCO,50.000000,120,False
154179,SILVERM26DEC309250CE,SILVERM,23DEC2026,30925000.000000,1,OPTFUT,NCO,50.000000,120,False
154205,SILVERM26DEC312500CE,SILVERM,23DEC2026,31250000.000000,1,OPTFUT,NCO,50.000000,120,False
136475,GOLD26NOV142900CE,GOLD,27NOV2026,14290000.000000,1,OPTFUT,NCO,50.000000,10,False
136494,GOLD27JUL172800CE,GOLD,29JUL2027,17280000.000000,1,OPTFUT,NCO,50.000000,10,False
136502,GOLD27JUL173200CE,GOLD,29JUL2027,17320000.000000,1,OPTFUT,NCO,50.000000,10,False
136504,GOLD27JUL173300CE,GOLD,29JUL2027,17330000.000000,1,OPTFUT,NCO,50.000000,10,False
154190,SILVERM26DEC310500PE,SILVERM,23DEC2026,31050000.000000,1,OPTFUT,NCO,50.000000,120,False
154191,SILVERM26DEC310750CE,SILVERM,23DEC2026,31075000.000000,1,OPTFUT,NCO,50.000000,120,False
154204,SILVERM26DEC312250PE,SILVERM,23DEC2026,31225000.000000,1,OPTFUT,NCO,50.000000,120,False
154223,SILVERM26DEC314750CE,SILVERM,23DEC2026,31475000.000000,1,OPTFUT,NCO,50.000000,120,False
154230,SILVERM26DEC315500PE,SILVERM,23DEC2026,31550000.000000,1,OPTFUT,NCO,50.000000,120,False
155086,GOLD26SEP153200PE,GOLD,25SEP2026,15320000.000000,1,OPTFUT,NCO,50.000000,10,False
155095,GOLD26SEP153700CE,GOLD,25SEP2026,15370000.000000,1,OPTFUT,NCO,50.000000,10,False
136511,GOLD27JUL173600PE,GOLD,29JUL2027,17360000.000000,1,OPTFUT,NCO,50.000000,10,False
136512,GOLD27JUL173700CE,GOLD,29JUL2027,17370000.000000,1,OPTFUT,NCO,50.000000,10,False
136532,GOLD27JAN165000PE,GOLD,29JAN2027,16500000.000000,1,OPTFUT,NCO,50.000000,10,False
136534,GOLD27JAN165100PE,GOLD,29JAN2027,16510000.000000,1,OPTFUT,NCO,50.000000,10,False
136537,GOLD27JAN165300CE,GOLD,29JAN2027,16530000.000000,1,OPTFUT,NCO,50.000000,10,False
136542,GOLD27JAN165500PE,GOLD,29JAN2027,16550000.000000,1,OPTFUT,NCO,50.000000,10,False
136588,SILVERM27FEB269000CE,SILVERM,19FEB2027,26900000.000000,1,OPTFUT,NCO,50.000000,120,False
136593,SILVERM27FEB269500PE,SILVERM,19FEB2027,26950000.000000,1,OPTFUT,NCO,50.000000,120,False
155101,GOLD26SEP154000CE,GOLD,25SEP2026,15400000.000000,1,OPTFUT,NCO,50.000000,10,False
155108,GOLD26SEP154300PE,GOLD,25SEP2026,15430000.000000,1,OPTFUT,NCO,50.000000,10,False
155110,GOLD26SEP154400PE,GOLD,25SEP2026,15440000.000000,1,OPTFUT,NCO,50.000000,10,False
155130,GOLD26SEP155400PE,GOLD,25SEP2026,15540000.000000,1,OPTFUT,NCO,50.000000,10,False
155131,GOLD26SEP155500CE,GOLD,25SEP2026,15550000.000000,1,OPTFUT,NCO,50.000000,10,False
155133,GOLD26SEP155600CE,GOLD,25SEP2026,15560000.000000,1,OPTFUT,NCO,50.000000,10,False
155140,GOLD26SEP155900PE,GOLD,25SEP2026,15590000.000000,1,OPTFUT,NCO,50.000000,10,False
155144,GOLD26OCT153200PE,GOLD,29OCT2026,15320000.000000,1,OPTFUT,NCO,50.000000,10,False
136594,SILVERM27FEB269750CE,SILVERM,19FEB2027,26975000.000000,1,OPTFUT,NCO,50.000000,120,False
136595,SILVERM27FEB269750PE,SILVERM,19FEB2027,26975000.000000,1,OPTFUT,NCO,50.000000,120,False
136598,SILVERM27FEB270250CE,SILVERM,19FEB2027,27025000.000000,1,OPTFUT,NCO,50.000000,120,False
136602,SILVERM27FEB270750CE,SILVERM,19FEB2027,27075000.000000,1,OPTFUT,NCO,50.000000,120,False
136608,SILVERM27FEB271500CE,SILVERM,19FEB2027,27150000.000000,1,OPTFUT,NCO,50.000000,120,False
136609,SILVERM27FEB271500PE,SILVERM,19FEB2027,27150000.000000,1,OPTFUT,NCO,50.000000,120,False
136617,NATURALGAS26SEP255CE,NATURALGAS,21SEP2026,25500.000000,1,OPTFUT,NCO,5.000000,48,False
136621,NATURALGAS26SEP265CE,NATURALGAS,21SEP2026,26500.000000,1,OPTFUT,NCO,5.000000,48,False
155146,GOLD26OCT153300PE,GOLD,29OCT2026,15330000.000000,1,OPTFUT,NCO,50.000000,10,False
155157,GOLD26OCT153900CE,GOLD,29OCT2026,15390000.000000,1,OPTFUT,NCO,50.000000,10,False
155168,GOLD26OCT154400PE,GOLD,29OCT2026,15440000.000000,1,OPTFUT,NCO,50.000000,10,False
155171,GOLD26OCT154600CE,GOLD,29OCT2026,15460000.000000,1,OPTFUT,NCO,50.000000,10,False
155178,GOLD26OCT154900PE,GOLD,29OCT2026,15490000.000000,1,OPTFUT,NCO,50.000000,10,False
155192,GOLD26OCT155600PE,GOLD,29OCT2026,15560000.000000,1,OPTFUT,NCO,50.000000,10,False
155199,GOLD26OCT156000CE,GOLD,29OCT2026,15600000.000000,1,OPTFUT,NCO,50.000000,10,False
155200,GOLD26OCT156000PE,GOLD,29OCT2026,15600000.000000,1,OPTFUT,NCO,50.000000,10,False
136653,NATURALGAS26SEP345CE,NATURALGAS,21SEP2026,34500.000000,1,OPTFUT,NCO,5.000000,48,False
136655,NATURALGAS26SEP350CE,NATURALGAS,21SEP2026,35000.000000,1,OPTFUT,NCO,5.000000,48,False
136656,NATURALGAS26SEP350PE,NATURALGAS,21SEP2026,35000.000000,1,OPTFUT,NCO,5.000000,48,False
136660,NATURALGAS26SEP360PE,NATURALGAS,21SEP2026,36000.000000,1,OPTFUT,NCO,5.000000,48,False
136666,NATURALGAS26SEP375PE,NATURALGAS,21SEP2026,37500.000000,1,OPTFUT,NCO,5.000000,48,False
136677,SILVERM27MAR223750CE,SILVERM,24MAR2027,22375000.000000,1,OPTFUT,NCO,50.000000,120,False
136718,SILVERM27APR224750PE,SILVERM,23APR2027,22475000.000000,1,OPTFUT,NCO,50.000000,120,False
136755,SILVERM27MAY225750CE,SILVERM,24MAY2027,22575000.000000,1,OPTFUT,NCO,50.000000,120,False
155203,GOLD26OCT156200CE,GOLD,29OCT2026,15620000.000000,1,OPTFUT,NCO,50.000000,10,False
155206,GOLD26OCT156300PE,GOLD,29OCT2026,15630000.000000,1,OPTFUT,NCO,50.000000,10,False
155211,GOLD26OCT156600CE,GOLD,29OCT2026,15660000.000000,1,OPTFUT,NCO,50.000000,10,False
155229,GOLD26NOV154600CE,GOLD,27NOV2026,15460000.000000,1,OPTFUT,NCO,50.000000,10,False
136762,SILVERM27MAY226500PE,SILVERM,24MAY2027,22650000.000000,1,OPTFUT,NCO,50.000000,120,False
136772,SILVERM27MAY227750PE,SILVERM,24MAY2027,22775000.000000,1,OPTFUT,NCO,50.000000,120,False
136844,GOLDM26SEP164800PE,GOLDM,25SEP2026,16480000.000000,1,OPTFUT,NCO,50.000000,100,False
136855,GOLDM26OCT164200CE,GOLDM,29OCT2026,16420000.000000,1,OPTFUT,NCO,50.000000,100,False
155233,GOLD26NOV154800CE,GOLD,27NOV2026,15480000.000000,1,OPTFUT,NCO,50.000000,10,False
155236,GOLD26NOV154900PE,GOLD,27NOV2026,15490000.000000,1,OPTFUT,NCO,50.000000,10,False
155238,GOLD26NOV155000PE,GOLD,27NOV2026,15500000.000000,1,OPTFUT,NCO,50.000000,10,False
155246,GOLD26NOV155400PE,GOLD,27NOV2026,15540000.000000,1,OPTFUT,NCO,50.000000,10,False
136863,GOLDM26OCT164600CE,GOLDM,29OCT2026,16460000.000000,1,OPTFUT,NCO,50.000000,100,False
136873,GOLDM26OCT165100CE,GOLDM,29OCT2026,16510000.000000,1,OPTFUT,NCO,50.000000,100,False
136944,GOLD26SEP130000PE,GOLD,25SEP2026,13000000.000000,1,OPTFUT,NCO,50.000000,10,False
136960,GOLD26SEP130800PE,GOLD,25SEP2026,13080000.000000,1,OPTFUT,NCO,50.000000,10,False
155249,GOLD26NOV155600CE,GOLD,27NOV2026,15560000.000000,1,OPTFUT,NCO,50.000000,10,False
155264,GOLD26NOV156300PE,GOLD,27NOV2026,15630000.000000,1,OPTFUT,NCO,50.000000,10,False
155273,GOLD26NOV156800CE,GOLD,27NOV2026,15680000.000000,1,OPTFUT,NCO,50.000000,10,False
155276,GOLD26NOV156900PE,GOLD,27NOV2026,15690000.000000,1,OPTFUT,NCO,50.000000,10,False
136961,GOLD26SEP130900CE,GOLD,25SEP2026,13090000.000000,1,OPTFUT,NCO,50.000000,10,False
136962,GOLD26SEP130900PE,GOLD,25SEP2026,13090000.000000,1,OPTFUT,NCO,50.000000,10,False
136985,GOLD26NOV143000CE,GOLD,27NOV2026,14300000.000000,1,OPTFUT,NCO,50.000000,10,False
136991,GOLD26NOV143300CE,GOLD,27NOV2026,14330000.000000,1,OPTFUT,NCO,50.000000,10,False
155277,GOLD26NOV157000CE,GOLD,27NOV2026,15700000.000000,1,OPTFUT,NCO,50.000000,10,False
155281,GOLD26NOV157200CE,GOLD,27NOV2026,15720000.000000,1,OPTFUT,NCO,50.000000,10,False
155287,GOLD26NOV157500CE,GOLD,27NOV2026,15750000.000000,1,OPTFUT,NCO,50.000000,10,False
155288,GOLD26NOV157500PE,GOLD,27NOV2026,15750000.000000,1,OPTFUT,NCO,50.000000,10,False
137028,SILVERM27MAY229500PE,SILVERM,24MAY2027,22950000.000000,1,OPTFUT,NCO,50.000000,120,False
137052,SILVERM27JUN265000CE,SILVERM,23JUN2027,26500000.000000,1,OPTFUT,NCO,50.000000,120,False
137078,ZINC26NOV445CE,ZINC,23NOV2026,44500.000000,1,OPTFUT,NCO,1.000000,20,False
137102,SILVERM26SEP251250CE,SILVERM,23SEP2026,25125000.000000,1,OPTFUT,NCO,50.000000,120,False
155305,GOLD26DEC155600CE,GOLD,29DEC2026,15560000.000000,1,OPTFUT,NCO,50.000000,10,False
155309,GOLD26DEC155800CE,GOLD,29DEC2026,15580000.000000,1,OPTFUT,NCO,50.000000,10,False
155321,GOLD26DEC156400CE,GOLD,29DEC2026,15640000.000000,1,OPTFUT,NCO,50.000000,10,False
155322,GOLD26DEC156400PE,GOLD,29DEC2026,15640000.000000,1,OPTFUT,NCO,50.000000,10,False
155331,GOLD26DEC156900CE,GOLD,29DEC2026,15690000.000000,1,OPTFUT,NCO,50.000000,10,False
155333,GOLD26DEC157000CE,GOLD,29DEC2026,15700000.000000,1,OPTFUT,NCO,50.000000,10,False
155355,GOLD26DEC158100CE,GOLD,29DEC2026,15810000.000000,1,OPTFUT,NCO,50.000000,10,False
155357,GOLD26DEC158200CE,GOLD,29DEC2026,15820000.000000,1,OPTFUT,NCO,50.000000,10,False
137112,SILVERM26SEP252500CE,SILVERM,23SEP2026,25250000.000000,1,OPTFUT,NCO,50.000000,120,False
137189,SILVERM26SEP234500CE,SILVERM,23SEP2026,23450000.000000,1,OPTFUT,NCO,50.000000,120,False
137195,SILVERM26SEP235250CE,SILVERM,23SEP2026,23525000.000000,1,OPTFUT,NCO,50.000000,120,False
137427,SILVERM26SEP165250CE,SILVERM,23SEP2026,16525000.000000,1,OPTFUT,NCO,50.000000,120,False
155575,GOLD26DEC169900CE,GOLD,29DEC2026,16990000.000000,1,OPTFUT,NCO,50.000000,10,False
155590,GOLD26DEC170600PE,GOLD,29DEC2026,17060000.000000,1,OPTFUT,NCO,50.000000,10,False
155593,GOLD26DEC170800CE,GOLD,29DEC2026,17080000.000000,1,OPTFUT,NCO,50.000000,10,False
156620,SILVERM26SEP312250PE,SILVERM,23SEP2026,31225000.000000,1,OPTFUT,NCO,50.000000,120,False
156649,SILVERM26SEP316000CE,SILVERM,23SEP2026,31600000.000000,1,OPTFUT,NCO,50.000000,120,False
137428,SILVERM26SEP165250PE,SILVERM,23SEP2026,16525000.000000,1,OPTFUT,NCO,50.000000,120,False
137458,SILVERM26OCT229500PE,SILVERM,23OCT2026,22950000.000000,1,OPTFUT,NCO,50.000000,120,False
137549,SILVERM26OCT233500CE,SILVERM,23OCT2026,23350000.000000,1,OPTFUT,NCO,50.000000,120,False
137553,SILVERM26OCT234000CE,SILVERM,23OCT2026,23400000.000000,1,OPTFUT,NCO,50.000000,120,False
156627,SILVERM26SEP313250CE,SILVERM,23SEP2026,31325000.000000,1,OPTFUT,NCO,50.000000,120,False
156631,SILVERM26SEP313750CE,SILVERM,23SEP2026,31375000.000000,1,OPTFUT,NCO,50.000000,120,False
156635,SILVERM26SEP314250CE,SILVERM,23SEP2026,31425000.000000,1,OPTFUT,NCO,50.000000,120,False
137557,SILVERM26OCT234500CE,SILVERM,23OCT2026,23450000.000000,1,OPTFUT,NCO,50.000000,120,False
137567,SILVERM26OCT235250CE,SILVERM,23OCT2026,23525000.000000,1,OPTFUT,NCO,50.000000,120,False
137569,SILVERM26OCT235500CE,SILVERM,23OCT2026,23550000.000000,1,OPTFUT,NCO,50.000000,120,False
137571,SILVERM26OCT235750CE,SILVERM,23OCT2026,23575000.000000,1,OPTFUT,NCO,50.000000,120,False
156657,SILVERM26SEP317000CE,SILVERM,23SEP2026,31700000.000000,1,OPTFUT,NCO,50.000000,120,False
156679,SILVERM26SEP319750CE,SILVERM,23SEP2026,31975000.000000,1,OPTFUT,NCO,50.000000,120,False
156682,SILVERM26SEP320000PE,SILVERM,23SEP2026,32000000.000000,1,OPTFUT,NCO,50.000000,120,False
156684,SILVERM26SEP320250PE,SILVERM,23SEP2026,32025000.000000,1,OPTFUT,NCO,50.000000,120,False
156686,SILVERM26SEP320500PE,SILVERM,23SEP2026,32050000.000000,1,OPTFUT,NCO,50.000000,120,False
156706,SILVERM26SEP323000PE,SILVERM,23SEP2026,32300000.000000,1,OPTFUT,NCO,50.000000,120,False
156754,SILVERM26OCT313750PE,SILVERM,23OCT2026,31375000.000000,1,OPTFUT,NCO,50.000000,120,False
156762,SILVERM26OCT314750PE,SILVERM,23OCT2026,31475000.000000,1,OPTFUT,NCO,50.000000,120,False
137637,GOLD26SEP132100CE,GOLD,25SEP2026,13210000.000000,1,OPTFUT,NCO,50.000000,10,False
137660,SILVERM26OCT252500CE,SILVERM,23OCT2026,25250000.000000,1,OPTFUT,NCO,50.000000,120,False
137747,SILVERM26OCT236750CE,SILVERM,23OCT2026,23675000.000000,1,OPTFUT,NCO,50.000000,120,False
137749,SILVERM26NOV229250CE,SILVERM,23NOV2026,22925000.000000,1,OPTFUT,NCO,50.000000,120,False
156764,SILVERM26OCT315000PE,SILVERM,23OCT2026,31500000.000000,1,OPTFUT,NCO,50.000000,120,False
156771,SILVERM26OCT316000CE,SILVERM,23OCT2026,31600000.000000,1,OPTFUT,NCO,50.000000,120,False
156787,SILVERM26OCT318000CE,SILVERM,23OCT2026,31800000.000000,1,OPTFUT,NCO,50.000000,120,False
156791,SILVERM26OCT318500CE,SILVERM,23OCT2026,31850000.000000,1,OPTFUT,NCO,50.000000,120,False
137754,SILVERM26NOV229750PE,SILVERM,23NOV2026,22975000.000000,1,OPTFUT,NCO,50.000000,120,False
137774,SILVERM26NOV232250PE,SILVERM,23NOV2026,23225000.000000,1,OPTFUT,NCO,50.000000,120,False
137778,SILVERM26NOV232750PE,SILVERM,23NOV2026,23275000.000000,1,OPTFUT,NCO,50.000000,120,False
137782,SILVERM26NOV233250PE,SILVERM,23NOV2026,23325000.000000,1,OPTFUT,NCO,50.000000,120,False
138147,SILVERM26SEP170750CE,SILVERM,23SEP2026,17075000.000000,1,OPTFUT,NCO,50.000000,120,False
138153,SILVERM26SEP171500CE,SILVERM,23SEP2026,17150000.000000,1,OPTFUT,NCO,50.000000,120,False
138160,SILVERM26SEP172250PE,SILVERM,23SEP2026,17225000.000000,1,OPTFUT,NCO,50.000000,120,False
138161,SILVERM26SEP172500CE,SILVERM,23SEP2026,17250000.000000,1,OPTFUT,NCO,50.000000,120,False
138163,SILVERM26SEP172750CE,SILVERM,23SEP2026,17275000.000000,1,OPTFUT,NCO,50.000000,120,False
138168,SILVERM26SEP173250PE,SILVERM,23SEP2026,17325000.000000,1,OPTFUT,NCO,50.000000,120,False
138219,GOLD27JAN154700PE,GOLD,29JAN2027,15470000.000000,1,OPTFUT,NCO,50.000000,10,False
138236,GOLD27JAN155600CE,GOLD,29JAN2027,15560000.000000,1,OPTFUT,NCO,50.000000,10,False
138240,GOLD27JAN155800CE,GOLD,29JAN2027,15580000.000000,1,OPTFUT,NCO,50.000000,10,False
138248,GOLD27JAN156200CE,GOLD,29JAN2027,15620000.000000,1,OPTFUT,NCO,50.000000,10,False
138260,SILVERM26OCT253000CE,SILVERM,23OCT2026,25300000.000000,1,OPTFUT,NCO,50.000000,120,False
138382,SILVERM26NOV236000PE,SILVERM,23NOV2026,23600000.000000,1,OPTFUT,NCO,50.000000,120,False
138391,SILVERM26NOV237250CE,SILVERM,23NOV2026,23725000.000000,1,OPTFUT,NCO,50.000000,120,False
138406,GOLD27JAN157100CE,GOLD,29JAN2027,15710000.000000,1,OPTFUT,NCO,50.000000,10,False
138458,GOLD27JAN157600CE,GOLD,29JAN2027,15760000.000000,1,OPTFUT,NCO,50.000000,10,False
138476,GOLD27JAN158500CE,GOLD,29JAN2027,15850000.000000,1,OPTFUT,NCO,50.000000,10,False
138485,GOLD27FEB155500PE,GOLD,26FEB2027,15550000.000000,1,OPTFUT,NCO,50.000000,10,False
138753,SILVERM26SEP174500CE,SILVERM,23SEP2026,17450000.000000,1,OPTFUT,NCO,50.000000,120,False
138756,SILVERM26SEP174750PE,SILVERM,23SEP2026,17475000.000000,1,OPTFUT,NCO,50.000000,120,False
138758,SILVERM26SEP175000PE,SILVERM,23SEP2026,17500000.000000,1,OPTFUT,NCO,50.000000,120,False
156792,SILVERM26OCT318500PE,SILVERM,23OCT2026,31850000.000000,1,OPTFUT,NCO,50.000000,120,False
156808,SILVERM26OCT320500PE,SILVERM,23OCT2026,32050000.000000,1,OPTFUT,NCO,50.000000,120,False
156811,SILVERM26OCT321000CE,SILVERM,23OCT2026,32100000.000000,1,OPTFUT,NCO,50.000000,120,False
156821,SILVERM26OCT322250CE,SILVERM,23OCT2026,32225000.000000,1,OPTFUT,NCO,50.000000,120,False
138765,SILVERM26SEP176000CE,SILVERM,23SEP2026,17600000.000000,1,OPTFUT,NCO,50.000000,120,False
138858,GOLD27FEB156000CE,GOLD,26FEB2027,15600000.000000,1,OPTFUT,NCO,50.000000,10,False
138865,GOLD27FEB156300PE,GOLD,26FEB2027,15630000.000000,1,OPTFUT,NCO,50.000000,10,False
138870,GOLD27FEB156600CE,GOLD,26FEB2027,15660000.000000,1,OPTFUT,NCO,50.000000,10,False
156825,SILVERM26OCT322750CE,SILVERM,23OCT2026,32275000.000000,1,OPTFUT,NCO,50.000000,120,False
156831,SILVERM26OCT323500CE,SILVERM,23OCT2026,32350000.000000,1,OPTFUT,NCO,50.000000,120,False
156857,SILVERM26OCT326750CE,SILVERM,23OCT2026,32675000.000000,1,OPTFUT,NCO,50.000000,120,False
156859,SILVERM26OCT327000CE,SILVERM,23OCT2026,32700000.000000,1,OPTFUT,NCO,50.000000,120,False
138871,GOLD27FEB156600PE,GOLD,26FEB2027,15660000.000000,1,OPTFUT,NCO,50.000000,10,False
138890,GOLD27FEB157600CE,GOLD,26FEB2027,15760000.000000,1,OPTFUT,NCO,50.000000,10,False
138891,GOLD27FEB157600PE,GOLD,26FEB2027,15760000.000000,1,OPTFUT,NCO,50.000000,10,False
138894,GOLD27FEB157800CE,GOLD,26FEB2027,15780000.000000,1,OPTFUT,NCO,50.000000,10,False
156878,SILVERM26OCT329250PE,SILVERM,23OCT2026,32925000.000000,1,OPTFUT,NCO,50.000000,120,False
156880,SILVERM26OCT329500PE,SILVERM,23OCT2026,32950000.000000,1,OPTFUT,NCO,50.000000,120,False
156903,SILVERM26NOV317250CE,SILVERM,23NOV2026,31725000.000000,1,OPTFUT,NCO,50.000000,120,False
156904,SILVERM26NOV317250PE,SILVERM,23NOV2026,31725000.000000,1,OPTFUT,NCO,50.000000,120,False
138980,SILVERM26OCT255500CE,SILVERM,23OCT2026,25550000.000000,1,OPTFUT,NCO,50.000000,120,False
156908,SILVERM26NOV317750PE,SILVERM,23NOV2026,31775000.000000,1,OPTFUT,NCO,50.000000,120,False
156910,SILVERM26NOV318000PE,SILVERM,23NOV2026,31800000.000000,1,OPTFUT,NCO,50.000000,120,False
156912,SILVERM26NOV318250PE,SILVERM,23NOV2026,31825000.000000,1,OPTFUT,NCO,50.000000,120,False
156915,SILVERM26NOV318750CE,SILVERM,23NOV2026,31875000.000000,1,OPTFUT,NCO,50.000000,120,False
138915,GOLD27FEB158800PE,GOLD,26FEB2027,15880000.000000,1,OPTFUT,NCO,50.000000,10,False
138966,SILVERM26OCT253750CE,SILVERM,23OCT2026,25375000.000000,1,OPTFUT,NCO,50.000000,120,False
138975,SILVERM26OCT254750PE,SILVERM,23OCT2026,25475000.000000,1,OPTFUT,NCO,50.000000,120,False
138982,SILVERM26OCT255750CE,SILVERM,23OCT2026,25575000.000000,1,OPTFUT,NCO,50.000000,120,False
138984,SILVERM26OCT256000CE,SILVERM,23OCT2026,25600000.000000,1,OPTFUT,NCO,50.000000,120,False
139017,GOLD27FEB159200PE,GOLD,26FEB2027,15920000.000000,1,OPTFUT,NCO,50.000000,10,False
139026,GOLD27FEB159700CE,GOLD,26FEB2027,15970000.000000,1,OPTFUT,NCO,50.000000,10,False
156929,SILVERM26NOV320500CE,SILVERM,23NOV2026,32050000.000000,1,OPTFUT,NCO,50.000000,120,False
156932,SILVERM26NOV320750PE,SILVERM,23NOV2026,32075000.000000,1,OPTFUT,NCO,50.000000,120,False
156935,SILVERM26NOV321250CE,SILVERM,23NOV2026,32125000.000000,1,OPTFUT,NCO,50.000000,120,False
156949,SILVERM26NOV323000CE,SILVERM,23NOV2026,32300000.000000,1,OPTFUT,NCO,50.000000,120,False
139034,GOLD27FEB160100CE,GOLD,26FEB2027,16010000.000000,1,OPTFUT,NCO,50.000000,10,False
139270,SILVERM26NOV254750CE,SILVERM,23NOV2026,25475000.000000,1,OPTFUT,NCO,50.000000,120,False
156951,SILVERM26NOV323250CE,SILVERM,23NOV2026,32325000.000000,1,OPTFUT,NCO,50.000000,120,False
156962,SILVERM26NOV324500PE,SILVERM,23NOV2026,32450000.000000,1,OPTFUT,NCO,50.000000,120,False
156965,SILVERM26NOV325000CE,SILVERM,23NOV2026,32500000.000000,1,OPTFUT,NCO,50.000000,120,False
156972,SILVERM26NOV325750PE,SILVERM,23NOV2026,32575000.000000,1,OPTFUT,NCO,50.000000,120,False
139185,GOLD26SEP132400CE,GOLD,25SEP2026,13240000.000000,1,OPTFUT,NCO,50.000000,10,False
139262,SILVERM26NOV253750CE,SILVERM,23NOV2026,25375000.000000,1,OPTFUT,NCO,50.000000,120,False
139273,SILVERM26NOV255000PE,SILVERM,23NOV2026,25500000.000000,1,OPTFUT,NCO,50.000000,120,False
139287,SILVERM26SEP210000CE,SILVERM,23SEP2026,21000000.000000,1,OPTFUT,NCO,50.000000,120,False
139288,SILVERM26SEP210000PE,SILVERM,23SEP2026,21000000.000000,1,OPTFUT,NCO,50.000000,120,False
139292,SILVERM26SEP210500PE,SILVERM,23SEP2026,21050000.000000,1,OPTFUT,NCO,50.000000,120,False
156974,SILVERM26NOV326000PE,SILVERM,23NOV2026,32600000.000000,1,OPTFUT,NCO,50.000000,120,False
156981,SILVERM26NOV327000CE,SILVERM,23NOV2026,32700000.000000,1,OPTFUT,NCO,50.000000,120,False
156985,SILVERM26NOV327500CE,SILVERM,23NOV2026,32750000.000000,1,OPTFUT,NCO,50.000000,120,False
156997,SILVERM26NOV329000CE,SILVERM,23NOV2026,32900000.000000,1,OPTFUT,NCO,50.000000,120,False
157000,SILVERM26NOV329250PE,SILVERM,23NOV2026,32925000.000000,1,OPTFUT,NCO,50.000000,120,False
157003,SILVERM26NOV329750CE,SILVERM,23NOV2026,32975000.000000,1,OPTFUT,NCO,50.000000,120,False
157008,SILVERM26NOV330250PE,SILVERM,23NOV2026,33025000.000000,1,OPTFUT,NCO,50.000000,120,False
157011,SILVERM26NOV330750CE,SILVERM,23NOV2026,33075000.000000,1,OPTFUT,NCO,50.000000,120,False
139295,SILVERM26SEP211000CE,SILVERM,23SEP2026,21100000.000000,1,OPTFUT,NCO,50.000000,120,False
139298,SILVERM26SEP211250PE,SILVERM,23SEP2026,21125000.000000,1,OPTFUT,NCO,50.000000,120,False
139300,SILVERM26SEP211500PE,SILVERM,23SEP2026,21150000.000000,1,OPTFUT,NCO,50.000000,120,False
139323,SILVERM26SEP214500CE,SILVERM,23SEP2026,21450000.000000,1,OPTFUT,NCO,50.000000,120,False
157019,SILVERM26NOV331750CE,SILVERM,23NOV2026,33175000.000000,1,OPTFUT,NCO,50.000000,120,False
157036,SILVERM26DEC318500PE,SILVERM,23DEC2026,31850000.000000,1,OPTFUT,NCO,50.000000,120,False
157043,SILVERM26DEC319500CE,SILVERM,23DEC2026,31950000.000000,1,OPTFUT,NCO,50.000000,120,False
157051,SILVERM26DEC320500CE,SILVERM,23DEC2026,32050000.000000,1,OPTFUT,NCO,50.000000,120,False
139326,SILVERM26SEP214750PE,SILVERM,23SEP2026,21475000.000000,1,OPTFUT,NCO,50.000000,120,False
139331,SILVERM26SEP215500CE,SILVERM,23SEP2026,21550000.000000,1,OPTFUT,NCO,50.000000,120,False
139372,SILVERM26OCT215000PE,SILVERM,23OCT2026,21500000.000000,1,OPTFUT,NCO,50.000000,120,False
139374,SILVERM26OCT215250PE,SILVERM,23OCT2026,21525000.000000,1,OPTFUT,NCO,50.000000,120,False
157056,SILVERM26DEC321000PE,SILVERM,23DEC2026,32100000.000000,1,OPTFUT,NCO,50.000000,120,False
157064,SILVERM26DEC322000PE,SILVERM,23DEC2026,32200000.000000,1,OPTFUT,NCO,50.000000,120,False
157089,SILVERM26DEC325250CE,SILVERM,23DEC2026,32525000.000000,1,OPTFUT,NCO,50.000000,120,False
157100,SILVERM26DEC326500PE,SILVERM,23DEC2026,32650000.000000,1,OPTFUT,NCO,50.000000,120,False
139375,SILVERM26OCT215500CE,SILVERM,23OCT2026,21550000.000000,1,OPTFUT,NCO,50.000000,120,False
139378,SILVERM26OCT215750PE,SILVERM,23OCT2026,21575000.000000,1,OPTFUT,NCO,50.000000,120,False
139381,SILVERM26OCT216250CE,SILVERM,23OCT2026,21625000.000000,1,OPTFUT,NCO,50.000000,120,False
139390,SILVERM26NOV212000PE,SILVERM,23NOV2026,21200000.000000,1,OPTFUT,NCO,50.000000,120,False
157121,SILVERM26DEC329250CE,SILVERM,23DEC2026,32925000.000000,1,OPTFUT,NCO,50.000000,120,False
157124,SILVERM26DEC329500PE,SILVERM,23DEC2026,32950000.000000,1,OPTFUT,NCO,50.000000,120,False
157125,SILVERM26DEC329750CE,SILVERM,23DEC2026,32975000.000000,1,OPTFUT,NCO,50.000000,120,False
157129,SILVERM26DEC330250CE,SILVERM,23DEC2026,33025000.000000,1,OPTFUT,NCO,50.000000,120,False
139396,SILVERM26NOV212750PE,SILVERM,23NOV2026,21275000.000000,1,OPTFUT,NCO,50.000000,120,False
139403,SILVERM26NOV213750CE,SILVERM,23NOV2026,21375000.000000,1,OPTFUT,NCO,50.000000,120,False
139414,GOLD27FEB160500CE,GOLD,26FEB2027,16050000.000000,1,OPTFUT,NCO,50.000000,10,False
139415,GOLD27FEB160500PE,GOLD,26FEB2027,16050000.000000,1,OPTFUT,NCO,50.000000,10,False
157145,SILVERM26DEC332250CE,SILVERM,23DEC2026,33225000.000000,1,OPTFUT,NCO,50.000000,120,False
157150,SILVERM26DEC332750PE,SILVERM,23DEC2026,33275000.000000,1,OPTFUT,NCO,50.000000,120,False
158303,GOLD26SEP156100CE,GOLD,25SEP2026,15610000.000000,1,OPTFUT,NCO,50.000000,10,False
158326,GOLD26SEP157200PE,GOLD,25SEP2026,15720000.000000,1,OPTFUT,NCO,50.000000,10,False
139417,GOLD27FEB160600PE,GOLD,26FEB2027,16060000.000000,1,OPTFUT,NCO,50.000000,10,False
139420,GOLD27FEB160800CE,GOLD,26FEB2027,16080000.000000,1,OPTFUT,NCO,50.000000,10,False
139421,GOLD27FEB160800PE,GOLD,26FEB2027,16080000.000000,1,OPTFUT,NCO,50.000000,10,False
139422,GOLD27FEB160900CE,GOLD,26FEB2027,16090000.000000,1,OPTFUT,NCO,50.000000,10,False
158333,GOLD26SEP157600CE,GOLD,25SEP2026,15760000.000000,1,OPTFUT,NCO,50.000000,10,False
158338,GOLD26SEP157800PE,GOLD,25SEP2026,15780000.000000,1,OPTFUT,NCO,50.000000,10,False
158342,GOLD26SEP158000PE,GOLD,25SEP2026,15800000.000000,1,OPTFUT,NCO,50.000000,10,False
158343,GOLD26SEP158100CE,GOLD,25SEP2026,15810000.000000,1,OPTFUT,NCO,50.000000,10,False
139436,GOLD27FEB161600CE,GOLD,26FEB2027,16160000.000000,1,OPTFUT,NCO,50.000000,10,False
139443,GOLD27FEB161900PE,GOLD,26FEB2027,16190000.000000,1,OPTFUT,NCO,50.000000,10,False
139447,GOLD27FEB162100PE,GOLD,26FEB2027,16210000.000000,1,OPTFUT,NCO,50.000000,10,False
140008,SILVERM26SEP179500PE,SILVERM,23SEP2026,17950000.000000,1,OPTFUT,NCO,50.000000,120,False
158355,GOLD26SEP158700CE,GOLD,25SEP2026,15870000.000000,1,OPTFUT,NCO,50.000000,10,False
158365,GOLD26SEP159200CE,GOLD,25SEP2026,15920000.000000,1,OPTFUT,NCO,50.000000,10,False
158367,GOLD26SEP159300CE,GOLD,25SEP2026,15930000.000000,1,OPTFUT,NCO,50.000000,10,False
158391,GOLD26SEP160500CE,GOLD,25SEP2026,16050000.000000,1,OPTFUT,NCO,50.000000,10,False
140031,SILVERM26SEP182500CE,SILVERM,23SEP2026,18250000.000000,1,OPTFUT,NCO,50.000000,120,False
140047,SILVERM26SEP184500CE,SILVERM,23SEP2026,18450000.000000,1,OPTFUT,NCO,50.000000,120,False
140048,SILVERM26SEP184500PE,SILVERM,23SEP2026,18450000.000000,1,OPTFUT,NCO,50.000000,120,False
140064,SILVERM26SEP186500PE,SILVERM,23SEP2026,18650000.000000,1,OPTFUT,NCO,50.000000,120,False
158397,GOLD26SEP160800CE,GOLD,25SEP2026,16080000.000000,1,OPTFUT,NCO,50.000000,10,False
158399,GOLD26SEP160900CE,GOLD,25SEP2026,16090000.000000,1,OPTFUT,NCO,50.000000,10,False
158407,GOLD26SEP161300CE,GOLD,25SEP2026,16130000.000000,1,OPTFUT,NCO,50.000000,10,False
158411,GOLD26SEP161500CE,GOLD,25SEP2026,16150000.000000,1,OPTFUT,NCO,50.000000,10,False
140067,SILVERM26SEP187000CE,SILVERM,23SEP2026,18700000.000000,1,OPTFUT,NCO,50.000000,120,False
140069,SILVERM26SEP187250CE,SILVERM,23SEP2026,18725000.000000,1,OPTFUT,NCO,50.000000,120,False
140071,SILVERM26NOV214500CE,SILVERM,23NOV2026,21450000.000000,1,OPTFUT,NCO,50.000000,120,False
140074,SILVERM26NOV214750PE,SILVERM,23NOV2026,21475000.000000,1,OPTFUT,NCO,50.000000,120,False
158425,GOLD26SEP162200CE,GOLD,25SEP2026,16220000.000000,1,OPTFUT,NCO,50.000000,10,False
158435,GOLD26SEP162700CE,GOLD,25SEP2026,16270000.000000,1,OPTFUT,NCO,50.000000,10,False
158439,GOLD26SEP162900CE,GOLD,25SEP2026,16290000.000000,1,OPTFUT,NCO,50.000000,10,False
158457,GOLD26OCT157700CE,GOLD,29OCT2026,15770000.000000,1,OPTFUT,NCO,50.000000,10,False
140180,SILVERM27JAN239250CE,SILVERM,21JAN2027,23925000.000000,1,OPTFUT,NCO,50.000000,120,False
140195,SILVERM27JAN240750PE,SILVERM,21JAN2027,24075000.000000,1,OPTFUT,NCO,50.000000,120,False
140202,SILVERM27JAN241750CE,SILVERM,21JAN2027,24175000.000000,1,OPTFUT,NCO,50.000000,120,False
140204,SILVERM27JAN242000CE,SILVERM,21JAN2027,24200000.000000,1,OPTFUT,NCO,50.000000,120,False
158475,GOLD26OCT158600CE,GOLD,29OCT2026,15860000.000000,1,OPTFUT,NCO,50.000000,10,False
158478,GOLD26OCT158700PE,GOLD,29OCT2026,15870000.000000,1,OPTFUT,NCO,50.000000,10,False
158479,GOLD26OCT158800CE,GOLD,29OCT2026,15880000.000000,1,OPTFUT,NCO,50.000000,10,False
158490,GOLD26OCT159300PE,GOLD,29OCT2026,15930000.000000,1,OPTFUT,NCO,50.000000,10,False
140223,SILVERM27FEB242000PE,SILVERM,19FEB2027,24200000.000000,1,OPTFUT,NCO,50.000000,120,False
140228,SILVERM27FEB242750CE,SILVERM,19FEB2027,24275000.000000,1,OPTFUT,NCO,50.000000,120,False
140233,SILVERM27FEB243250PE,SILVERM,19FEB2027,24325000.000000,1,OPTFUT,NCO,50.000000,120,False
140235,SILVERM27FEB243500PE,SILVERM,19FEB2027,24350000.000000,1,OPTFUT,NCO,50.000000,120,False
158491,GOLD26OCT159400CE,GOLD,29OCT2026,15940000.000000,1,OPTFUT,NCO,50.000000,10,False
158494,GOLD26OCT159500PE,GOLD,29OCT2026,15950000.000000,1,OPTFUT,NCO,50.000000,10,False
158500,GOLD26OCT159800PE,GOLD,29OCT2026,15980000.000000,1,OPTFUT,NCO,50.000000,10,False
158509,GOLD26OCT160300CE,GOLD,29OCT2026,16030000.000000,1,OPTFUT,NCO,50.000000,10,False
140242,SILVERM27FEB244500CE,SILVERM,19FEB2027,24450000.000000,1,OPTFUT,NCO,50.000000,120,False
140247,SILVERM27FEB245000PE,SILVERM,19FEB2027,24500000.000000,1,OPTFUT,NCO,50.000000,120,False
140249,SILVERM27FEB245250PE,SILVERM,19FEB2027,24525000.000000,1,OPTFUT,NCO,50.000000,120,False
140253,SILVERM27FEB245750PE,SILVERM,19FEB2027,24575000.000000,1,OPTFUT,NCO,50.000000,120,False
158538,GOLD26OCT161700PE,GOLD,29OCT2026,16170000.000000,1,OPTFUT,NCO,50.000000,10,False
158550,GOLD26OCT162300PE,GOLD,29OCT2026,16230000.000000,1,OPTFUT,NCO,50.000000,10,False
158551,GOLD26OCT162400CE,GOLD,29OCT2026,16240000.000000,1,OPTFUT,NCO,50.000000,10,False
158552,GOLD26OCT162400PE,GOLD,29OCT2026,16240000.000000,1,OPTFUT,NCO,50.000000,10,False
140278,SILVERM26NOV256750CE,SILVERM,23NOV2026,25675000.000000,1,OPTFUT,NCO,50.000000,120,False
140283,SILVERM26NOV257250PE,SILVERM,23NOV2026,25725000.000000,1,OPTFUT,NCO,50.000000,120,False
140292,SILVERM26DEC254250CE,SILVERM,23DEC2026,25425000.000000,1,OPTFUT,NCO,50.000000,120,False
140301,SILVERM26DEC255250PE,SILVERM,23DEC2026,25525000.000000,1,OPTFUT,NCO,50.000000,120,False
158565,GOLD26OCT163100CE,GOLD,29OCT2026,16310000.000000,1,OPTFUT,NCO,50.000000,10,False
158572,GOLD26OCT163400PE,GOLD,29OCT2026,16340000.000000,1,OPTFUT,NCO,50.000000,10,False
158612,GOLD26NOV159200PE,GOLD,27NOV2026,15920000.000000,1,OPTFUT,NCO,50.000000,10,False
158613,GOLD26NOV159300CE,GOLD,27NOV2026,15930000.000000,1,OPTFUT,NCO,50.000000,10,False
140303,SILVERM26DEC255500PE,SILVERM,23DEC2026,25550000.000000,1,OPTFUT,NCO,50.000000,120,False
140311,SILVERM26DEC256500PE,SILVERM,23DEC2026,25650000.000000,1,OPTFUT,NCO,50.000000,120,False
140319,SILVERM26DEC257500PE,SILVERM,23DEC2026,25750000.000000,1,OPTFUT,NCO,50.000000,120,False
140337,GOLD27JAN167600CE,GOLD,29JAN2027,16760000.000000,1,OPTFUT,NCO,50.000000,10,False
158625,GOLD26NOV159900CE,GOLD,27NOV2026,15990000.000000,1,OPTFUT,NCO,50.000000,10,False
158628,GOLD26NOV160000PE,GOLD,27NOV2026,16000000.000000,1,OPTFUT,NCO,50.000000,10,False
158637,GOLD26NOV160500CE,GOLD,27NOV2026,16050000.000000,1,OPTFUT,NCO,50.000000,10,False
158642,GOLD26NOV160700PE,GOLD,27NOV2026,16070000.000000,1,OPTFUT,NCO,50.000000,10,False
158649,GOLD26NOV161100CE,GOLD,27NOV2026,16110000.000000,1,OPTFUT,NCO,50.000000,10,False
158654,GOLD26NOV161300PE,GOLD,27NOV2026,16130000.000000,1,OPTFUT,NCO,50.000000,10,False
158655,GOLD26NOV161400CE,GOLD,27NOV2026,16140000.000000,1,OPTFUT,NCO,50.000000,10,False
158656,GOLD26NOV161400PE,GOLD,27NOV2026,16140000.000000,1,OPTFUT,NCO,50.000000,10,False
140341,GOLD27JAN167800CE,GOLD,29JAN2027,16780000.000000,1,OPTFUT,NCO,50.000000,10,False
140348,GOLD27JAN168100PE,GOLD,29JAN2027,16810000.000000,1,OPTFUT,NCO,50.000000,10,False
140350,GOLD27JAN168200PE,GOLD,29JAN2027,16820000.000000,1,OPTFUT,NCO,50.000000,10,False
140365,SILVERM27FEB248500PE,SILVERM,19FEB2027,24850000.000000,1,OPTFUT,NCO,50.000000,120,False
158659,GOLD26NOV161600CE,GOLD,27NOV2026,16160000.000000,1,OPTFUT,NCO,50.000000,10,False
158660,GOLD26NOV161600PE,GOLD,27NOV2026,16160000.000000,1,OPTFUT,NCO,50.000000,10,False
158665,GOLD26NOV161900CE,GOLD,27NOV2026,16190000.000000,1,OPTFUT,NCO,50.000000,10,False
158667,GOLD26NOV162000CE,GOLD,27NOV2026,16200000.000000,1,OPTFUT,NCO,50.000000,10,False
158671,GOLD26NOV162200CE,GOLD,27NOV2026,16220000.000000,1,OPTFUT,NCO,50.000000,10,False
158711,GOLD26NOV164200CE,GOLD,27NOV2026,16420000.000000,1,OPTFUT,NCO,50.000000,10,False
140374,SILVERM27FEB249750CE,SILVERM,19FEB2027,24975000.000000,1,OPTFUT,NCO,50.000000,120,False
140395,SILVERM27FEB252250PE,SILVERM,19FEB2027,25225000.000000,1,OPTFUT,NCO,50.000000,120,False
140686,GOLD26SEP133900PE,GOLD,25SEP2026,13390000.000000,1,OPTFUT,NCO,50.000000,10,False
140689,GOLD26SEP134100CE,GOLD,25SEP2026,13410000.000000,1,OPTFUT,NCO,50.000000,10,False
158679,GOLD26NOV162600CE,GOLD,27NOV2026,16260000.000000,1,OPTFUT,NCO,50.000000,10,False
158683,GOLD26NOV162800CE,GOLD,27NOV2026,16280000.000000,1,OPTFUT,NCO,50.000000,10,False
158739,GOLD26DEC159400CE,GOLD,29DEC2026,15940000.000000,1,OPTFUT,NCO,50.000000,10,False
158748,GOLD26DEC159800PE,GOLD,29DEC2026,15980000.000000,1,OPTFUT,NCO,50.000000,10,False
158758,GOLD26DEC160300PE,GOLD,29DEC2026,16030000.000000,1,OPTFUT,NCO,50.000000,10,False
158760,GOLD26DEC160400PE,GOLD,29DEC2026,16040000.000000,1,OPTFUT,NCO,50.000000,10,False
140691,GOLD26SEP134200CE,GOLD,25SEP2026,13420000.000000,1,OPTFUT,NCO,50.000000,10,False
140692,GOLD26SEP134200PE,GOLD,25SEP2026,13420000.000000,1,OPTFUT,NCO,50.000000,10,False
140697,GOLD26SEP134500CE,GOLD,25SEP2026,13450000.000000,1,OPTFUT,NCO,50.000000,10,False
140699,GOLD26SEP134600CE,GOLD,25SEP2026,13460000.000000,1,OPTFUT,NCO,50.000000,10,False
158762,GOLD26DEC160500PE,GOLD,29DEC2026,16050000.000000,1,OPTFUT,NCO,50.000000,10,False
158771,GOLD26DEC161000CE,GOLD,29DEC2026,16100000.000000,1,OPTFUT,NCO,50.000000,10,False
158773,GOLD26DEC161100CE,GOLD,29DEC2026,16110000.000000,1,OPTFUT,NCO,50.000000,10,False
158778,GOLD26DEC161300PE,GOLD,29DEC2026,16130000.000000,1,OPTFUT,NCO,50.000000,10,False
140726,GOLD26SEP135900PE,GOLD,25SEP2026,13590000.000000,1,OPTFUT,NCO,50.000000,10,False
140734,SILVERM27FEB255000CE,SILVERM,19FEB2027,25500000.000000,1,OPTFUT,NCO,50.000000,120,False
140736,SILVERM27FEB255250CE,SILVERM,19FEB2027,25525000.000000,1,OPTFUT,NCO,50.000000,120,False
140788,SILVERM26SEP216750PE,SILVERM,23SEP2026,21675000.000000,1,OPTFUT,NCO,50.000000,120,False
158783,GOLD26DEC161600CE,GOLD,29DEC2026,16160000.000000,1,OPTFUT,NCO,50.000000,10,False
158795,GOLD26DEC162200CE,GOLD,29DEC2026,16220000.000000,1,OPTFUT,NCO,50.000000,10,False
158798,GOLD26DEC162300PE,GOLD,29DEC2026,16230000.000000,1,OPTFUT,NCO,50.000000,10,False
158804,GOLD26DEC162600PE,GOLD,29DEC2026,16260000.000000,1,OPTFUT,NCO,50.000000,10,False
140820,SILVERM26DEC258250CE,SILVERM,23DEC2026,25825000.000000,1,OPTFUT,NCO,50.000000,120,False
140842,GOLD27JAN153600PE,GOLD,29JAN2027,15360000.000000,1,OPTFUT,NCO,50.000000,10,False
140843,GOLD27JAN153700CE,GOLD,29JAN2027,15370000.000000,1,OPTFUT,NCO,50.000000,10,False
140864,GOLD27JAN154200PE,GOLD,29JAN2027,15420000.000000,1,OPTFUT,NCO,50.000000,10,False
158805,GOLD26DEC162700CE,GOLD,29DEC2026,16270000.000000,1,OPTFUT,NCO,50.000000,10,False
158811,GOLD26DEC163000CE,GOLD,29DEC2026,16300000.000000,1,OPTFUT,NCO,50.000000,10,False
158820,GOLD26DEC163400PE,GOLD,29DEC2026,16340000.000000,1,OPTFUT,NCO,50.000000,10,False
158856,GOLD26DEC165200PE,GOLD,29DEC2026,16520000.000000,1,OPTFUT,NCO,50.000000,10,False
159577,SILVERM26SEP329250CE,SILVERM,23SEP2026,32925000.000000,1,OPTFUT,NCO,50.000000,120,False
159587,SILVERM26SEP330500CE,SILVERM,23SEP2026,33050000.000000,1,OPTFUT,NCO,50.000000,120,False
159597,SILVERM26SEP331750CE,SILVERM,23SEP2026,33175000.000000,1,OPTFUT,NCO,50.000000,120,False
159599,SILVERM26SEP332000CE,SILVERM,23SEP2026,33200000.000000,1,OPTFUT,NCO,50.000000,120,False
141495,SILVERM26SEP187500CE,SILVERM,23SEP2026,18750000.000000,1,OPTFUT,NCO,50.000000,120,False
141508,SILVERM26SEP189000PE,SILVERM,23SEP2026,18900000.000000,1,OPTFUT,NCO,50.000000,120,False
141512,SILVERM26SEP189500PE,SILVERM,23SEP2026,18950000.000000,1,OPTFUT,NCO,50.000000,120,False
141514,SILVERM26SEP189750PE,SILVERM,23SEP2026,18975000.000000,1,OPTFUT,NCO,50.000000,120,False
159619,SILVERM26OCT331250CE,SILVERM,23OCT2026,33125000.000000,1,OPTFUT,NCO,50.000000,120,False
159623,SILVERM26OCT331750CE,SILVERM,23OCT2026,33175000.000000,1,OPTFUT,NCO,50.000000,120,False
159628,SILVERM26OCT332250PE,SILVERM,23OCT2026,33225000.000000,1,OPTFUT,NCO,50.000000,120,False
159632,SILVERM26OCT332750PE,SILVERM,23OCT2026,33275000.000000,1,OPTFUT,NCO,50.000000,120,False
141521,SILVERM26SEP190750CE,SILVERM,23SEP2026,19075000.000000,1,OPTFUT,NCO,50.000000,120,False
141527,SILVERM26SEP191500CE,SILVERM,23SEP2026,19150000.000000,1,OPTFUT,NCO,50.000000,120,False
141534,SILVERM26SEP192250PE,SILVERM,23SEP2026,19225000.000000,1,OPTFUT,NCO,50.000000,120,False
141546,SILVERM26SEP193750PE,SILVERM,23SEP2026,19375000.000000,1,OPTFUT,NCO,50.000000,120,False
159634,SILVERM26OCT333000PE,SILVERM,23OCT2026,33300000.000000,1,OPTFUT,NCO,50.000000,120,False
159635,SILVERM26OCT333250CE,SILVERM,23OCT2026,33325000.000000,1,OPTFUT,NCO,50.000000,120,False
159643,SILVERM26OCT334250CE,SILVERM,23OCT2026,33425000.000000,1,OPTFUT,NCO,50.000000,120,False
159658,SILVERM26NOV332750PE,SILVERM,23NOV2026,33275000.000000,1,OPTFUT,NCO,50.000000,120,False
141551,SILVERM26SEP194500CE,SILVERM,23SEP2026,19450000.000000,1,OPTFUT,NCO,50.000000,120,False
141553,SILVERM26SEP194750CE,SILVERM,23SEP2026,19475000.000000,1,OPTFUT,NCO,50.000000,120,False
141609,GOLD27JAN158600CE,GOLD,29JAN2027,15860000.000000,1,OPTFUT,NCO,50.000000,10,False
141611,GOLD27JAN158700CE,GOLD,29JAN2027,15870000.000000,1,OPTFUT,NCO,50.000000,10,False
159680,SILVERM26NOV335500PE,SILVERM,23NOV2026,33550000.000000,1,OPTFUT,NCO,50.000000,120,False
159686,SILVERM26NOV336250PE,SILVERM,23NOV2026,33625000.000000,1,OPTFUT,NCO,50.000000,120,False
159692,SILVERM26NOV337000PE,SILVERM,23NOV2026,33700000.000000,1,OPTFUT,NCO,50.000000,120,False
159705,SILVERM26DEC335500CE,SILVERM,23DEC2026,33550000.000000,1,OPTFUT,NCO,50.000000,120,False
141737,GOLD26SEP136100CE,GOLD,25SEP2026,13610000.000000,1,OPTFUT,NCO,50.000000,10,False
141740,GOLD26SEP136200PE,GOLD,25SEP2026,13620000.000000,1,OPTFUT,NCO,50.000000,10,False
141747,GOLD26SEP136600CE,GOLD,25SEP2026,13660000.000000,1,OPTFUT,NCO,50.000000,10,False
141748,GOLD26SEP136600PE,GOLD,25SEP2026,13660000.000000,1,OPTFUT,NCO,50.000000,10,False
159723,SILVERM26DEC337750CE,SILVERM,23DEC2026,33775000.000000,1,OPTFUT,NCO,50.000000,120,False
159724,SILVERM26DEC337750PE,SILVERM,23DEC2026,33775000.000000,1,OPTFUT,NCO,50.000000,120,False
161688,SILVERM26SEP335500PE,SILVERM,23SEP2026,33550000.000000,1,OPTFUT,NCO,50.000000,120,False
161691,SILVERM26SEP336000CE,SILVERM,23SEP2026,33600000.000000,1,OPTFUT,NCO,50.000000,120,False
142465,GOLD26SEP137300CE,GOLD,25SEP2026,13730000.000000,1,OPTFUT,NCO,50.000000,10,False
142467,GOLD26SEP137400CE,GOLD,25SEP2026,13740000.000000,1,OPTFUT,NCO,50.000000,10,False
142469,GOLD26SEP137500CE,GOLD,25SEP2026,13750000.000000,1,OPTFUT,NCO,50.000000,10,False
142473,GOLD26SEP137700CE,GOLD,25SEP2026,13770000.000000,1,OPTFUT,NCO,50.000000,10,False
161700,SILVERM26SEP337000PE,SILVERM,23SEP2026,33700000.000000,1,OPTFUT,NCO,50.000000,120,False
161719,SILVERM26SEP339500CE,SILVERM,23SEP2026,33950000.000000,1,OPTFUT,NCO,50.000000,120,False
161731,SILVERM26SEP341000CE,SILVERM,23SEP2026,34100000.000000,1,OPTFUT,NCO,50.000000,120,False
161748,SILVERM26SEP343000PE,SILVERM,23SEP2026,34300000.000000,1,OPTFUT,NCO,50.000000,120,False
161764,SILVERM26SEP345000PE,SILVERM,23SEP2026,34500000.000000,1,OPTFUT,NCO,50.000000,120,False
161768,SILVERM26SEP345500PE,SILVERM,23SEP2026,34550000.000000,1,OPTFUT,NCO,50.000000,120,False
161780,SILVERM26SEP347000PE,SILVERM,23SEP2026,34700000.000000,1,OPTFUT,NCO,50.000000,120,False
161784,SILVERM26SEP347500PE,SILVERM,23SEP2026,34750000.000000,1,OPTFUT,NCO,50.000000,120,False
142475,GOLD26SEP137800CE,GOLD,25SEP2026,13780000.000000,1,OPTFUT,NCO,50.000000,10,False
142489,GOLD26SEP138500CE,GOLD,25SEP2026,13850000.000000,1,OPTFUT,NCO,50.000000,10,False
142490,GOLD26SEP138500PE,GOLD,25SEP2026,13850000.000000,1,OPTFUT,NCO,50.000000,10,False
142496,GOLD26SEP138800PE,GOLD,25SEP2026,13880000.000000,1,OPTFUT,NCO,50.000000,10,False
161792,SILVERM26SEP348500PE,SILVERM,23SEP2026,34850000.000000,1,OPTFUT,NCO,50.000000,120,False
161795,SILVERM26SEP349000CE,SILVERM,23SEP2026,34900000.000000,1,OPTFUT,NCO,50.000000,120,False
161818,SILVERM26SEP351750PE,SILVERM,23SEP2026,35175000.000000,1,OPTFUT,NCO,50.000000,120,False
161840,SILVERM26SEP354500PE,SILVERM,23SEP2026,35450000.000000,1,OPTFUT,NCO,50.000000,120,False
142507,GOLD26SEP139400CE,GOLD,25SEP2026,13940000.000000,1,OPTFUT,NCO,50.000000,10,False
142511,GOLD26SEP139600CE,GOLD,25SEP2026,13960000.000000,1,OPTFUT,NCO,50.000000,10,False
142519,GOLD26SEP140000CE,GOLD,25SEP2026,14000000.000000,1,OPTFUT,NCO,50.000000,10,False
142523,GOLD26SEP140200CE,GOLD,25SEP2026,14020000.000000,1,OPTFUT,NCO,50.000000,10,False
161865,SILVERM26SEP357750CE,SILVERM,23SEP2026,35775000.000000,1,OPTFUT,NCO,50.000000,120,False
161867,SILVERM26SEP358000CE,SILVERM,23SEP2026,35800000.000000,1,OPTFUT,NCO,50.000000,120,False
161870,SILVERM26SEP358250PE,SILVERM,23SEP2026,35825000.000000,1,OPTFUT,NCO,50.000000,120,False
161872,SILVERM26SEP358500PE,SILVERM,23SEP2026,35850000.000000,1,OPTFUT,NCO,50.000000,120,False
142544,GOLD26OCT143000PE,GOLD,29OCT2026,14300000.000000,1,OPTFUT,NCO,50.000000,10,False
142554,GOLD26NOV143500PE,GOLD,27NOV2026,14350000.000000,1,OPTFUT,NCO,50.000000,10,False
142557,GOLD26NOV143700CE,GOLD,27NOV2026,14370000.000000,1,OPTFUT,NCO,50.000000,10,False
142708,GOLD26DEC141100PE,GOLD,29DEC2026,14110000.000000,1,OPTFUT,NCO,50.000000,10,False
161888,SILVERM26SEP360500PE,SILVERM,23SEP2026,36050000.000000,1,OPTFUT,NCO,50.000000,120,False
161894,SILVERM26SEP361250PE,SILVERM,23SEP2026,36125000.000000,1,OPTFUT,NCO,50.000000,120,False
161903,SILVERM26SEP362500CE,SILVERM,23SEP2026,36250000.000000,1,OPTFUT,NCO,50.000000,120,False
161905,SILVERM26SEP362750CE,SILVERM,23SEP2026,36275000.000000,1,OPTFUT,NCO,50.000000,120,False
142716,GOLD26DEC141500PE,GOLD,29DEC2026,14150000.000000,1,OPTFUT,NCO,50.000000,10,False
142739,GOLD26DEC147300CE,GOLD,29DEC2026,14730000.000000,1,OPTFUT,NCO,50.000000,10,False
142788,GOLD26DEC140500PE,GOLD,29DEC2026,14050000.000000,1,OPTFUT,NCO,50.000000,10,False
142812,GOLD27JAN142100PE,GOLD,29JAN2027,14210000.000000,1,OPTFUT,NCO,50.000000,10,False
161907,SILVERM26SEP363000CE,SILVERM,23SEP2026,36300000.000000,1,OPTFUT,NCO,50.000000,120,False
161913,SILVERM26SEP363750CE,SILVERM,23SEP2026,36375000.000000,1,OPTFUT,NCO,50.000000,120,False
161931,SILVERM26SEP366000CE,SILVERM,23SEP2026,36600000.000000,1,OPTFUT,NCO,50.000000,120,False
161935,SILVERM26OCT337500CE,SILVERM,23OCT2026,33750000.000000,1,OPTFUT,NCO,50.000000,120,False
142927,GOLD27JAN144600CE,GOLD,29JAN2027,14460000.000000,1,OPTFUT,NCO,50.000000,10,False
142928,GOLD27JAN144600PE,GOLD,29JAN2027,14460000.000000,1,OPTFUT,NCO,50.000000,10,False
142930,GOLD27JAN144700PE,GOLD,29JAN2027,14470000.000000,1,OPTFUT,NCO,50.000000,10,False
142934,GOLD27JAN144900PE,GOLD,29JAN2027,14490000.000000,1,OPTFUT,NCO,50.000000,10,False
161940,SILVERM26OCT338000PE,SILVERM,23OCT2026,33800000.000000,1,OPTFUT,NCO,50.000000,120,False
161948,SILVERM26OCT339000PE,SILVERM,23OCT2026,33900000.000000,1,OPTFUT,NCO,50.000000,120,False
161959,SILVERM26OCT340500CE,SILVERM,23OCT2026,34050000.000000,1,OPTFUT,NCO,50.000000,120,False
161974,SILVERM26OCT342250PE,SILVERM,23OCT2026,34225000.000000,1,OPTFUT,NCO,50.000000,120,False
143295,SILVERM26SEP217250CE,SILVERM,23SEP2026,21725000.000000,1,OPTFUT,NCO,50.000000,120,False
143296,SILVERM26SEP217250PE,SILVERM,23SEP2026,21725000.000000,1,OPTFUT,NCO,50.000000,120,False
143304,SILVERM26SEP218250PE,SILVERM,23SEP2026,21825000.000000,1,OPTFUT,NCO,50.000000,120,False
143317,SILVERM26SEP220000CE,SILVERM,23SEP2026,22000000.000000,1,OPTFUT,NCO,50.000000,120,False
161977,SILVERM26OCT342750CE,SILVERM,23OCT2026,34275000.000000,1,OPTFUT,NCO,50.000000,120,False
161979,SILVERM26OCT343000CE,SILVERM,23OCT2026,34300000.000000,1,OPTFUT,NCO,50.000000,120,False
161983,SILVERM26OCT343500CE,SILVERM,23OCT2026,34350000.000000,1,OPTFUT,NCO,50.000000,120,False
161985,SILVERM26OCT343750CE,SILVERM,23OCT2026,34375000.000000,1,OPTFUT,NCO,50.000000,120,False
162000,SILVERM26OCT345500PE,SILVERM,23OCT2026,34550000.000000,1,OPTFUT,NCO,50.000000,120,False
162002,SILVERM26OCT345750PE,SILVERM,23OCT2026,34575000.000000,1,OPTFUT,NCO,50.000000,120,False
162003,SILVERM26OCT346000CE,SILVERM,23OCT2026,34600000.000000,1,OPTFUT,NCO,50.000000,120,False
162010,SILVERM26OCT346750PE,SILVERM,23OCT2026,34675000.000000,1,OPTFUT,NCO,50.000000,120,False
143338,SILVERM26SEP222500PE,SILVERM,23SEP2026,22250000.000000,1,OPTFUT,NCO,50.000000,120,False
143343,SILVERM26SEP223250CE,SILVERM,23SEP2026,22325000.000000,1,OPTFUT,NCO,50.000000,120,False
143348,SILVERM26SEP223750PE,SILVERM,23SEP2026,22375000.000000,1,OPTFUT,NCO,50.000000,120,False
143357,SILVERM26OCT218750CE,SILVERM,23OCT2026,21875000.000000,1,OPTFUT,NCO,50.000000,120,False
162011,SILVERM26OCT347000CE,SILVERM,23OCT2026,34700000.000000,1,OPTFUT,NCO,50.000000,120,False
162017,SILVERM26OCT347750CE,SILVERM,23OCT2026,34775000.000000,1,OPTFUT,NCO,50.000000,120,False
162029,SILVERM26OCT349250CE,SILVERM,23OCT2026,34925000.000000,1,OPTFUT,NCO,50.000000,120,False
162037,SILVERM26OCT350250CE,SILVERM,23OCT2026,35025000.000000,1,OPTFUT,NCO,50.000000,120,False
143364,SILVERM26OCT219500PE,SILVERM,23OCT2026,21950000.000000,1,OPTFUT,NCO,50.000000,120,False
143378,SILVERM26OCT221250PE,SILVERM,23OCT2026,22125000.000000,1,OPTFUT,NCO,50.000000,120,False
143405,SILVERM26OCT224750CE,SILVERM,23OCT2026,22475000.000000,1,OPTFUT,NCO,50.000000,120,False
143406,SILVERM26OCT224750PE,SILVERM,23OCT2026,22475000.000000,1,OPTFUT,NCO,50.000000,120,False
162040,SILVERM26OCT350500PE,SILVERM,23OCT2026,35050000.000000,1,OPTFUT,NCO,50.000000,120,False
162045,SILVERM26OCT351250CE,SILVERM,23OCT2026,35125000.000000,1,OPTFUT,NCO,50.000000,120,False
162046,SILVERM26OCT351250PE,SILVERM,23OCT2026,35125000.000000,1,OPTFUT,NCO,50.000000,120,False
162058,SILVERM26OCT352750PE,SILVERM,23OCT2026,35275000.000000,1,OPTFUT,NCO,50.000000,120,False
143450,SILVERM26NOV224000PE,SILVERM,23NOV2026,22400000.000000,1,OPTFUT,NCO,50.000000,120,False
143453,SILVERM26NOV224500CE,SILVERM,23NOV2026,22450000.000000,1,OPTFUT,NCO,50.000000,120,False
143455,SILVERM26NOV224750CE,SILVERM,23NOV2026,22475000.000000,1,OPTFUT,NCO,50.000000,120,False
143477,GOLD27JAN146200CE,GOLD,29JAN2027,14620000.000000,1,OPTFUT,NCO,50.000000,10,False
162076,SILVERM26OCT355000PE,SILVERM,23OCT2026,35500000.000000,1,OPTFUT,NCO,50.000000,120,False
162089,SILVERM26OCT356750CE,SILVERM,23OCT2026,35675000.000000,1,OPTFUT,NCO,50.000000,120,False
162093,SILVERM26OCT357250CE,SILVERM,23OCT2026,35725000.000000,1,OPTFUT,NCO,50.000000,120,False
162094,SILVERM26OCT357250PE,SILVERM,23OCT2026,35725000.000000,1,OPTFUT,NCO,50.000000,120,False
143484,GOLD27JAN146500PE,GOLD,29JAN2027,14650000.000000,1,OPTFUT,NCO,50.000000,10,False
143519,GOLD27JAN147000CE,GOLD,29JAN2027,14700000.000000,1,OPTFUT,NCO,50.000000,10,False
143545,GOLD27JAN147400CE,GOLD,29JAN2027,14740000.000000,1,OPTFUT,NCO,50.000000,10,False
143551,GOLD27JAN147700CE,GOLD,29JAN2027,14770000.000000,1,OPTFUT,NCO,50.000000,10,False
162102,SILVERM26OCT358250PE,SILVERM,23OCT2026,35825000.000000,1,OPTFUT,NCO,50.000000,120,False
162118,SILVERM26OCT360250PE,SILVERM,23OCT2026,36025000.000000,1,OPTFUT,NCO,50.000000,120,False
162120,SILVERM26OCT360500PE,SILVERM,23OCT2026,36050000.000000,1,OPTFUT,NCO,50.000000,120,False
162128,SILVERM26OCT361500PE,SILVERM,23OCT2026,36150000.000000,1,OPTFUT,NCO,50.000000,120,False
143634,GOLD27JAN149400PE,GOLD,29JAN2027,14940000.000000,1,OPTFUT,NCO,50.000000,10,False
143641,GOLD27JAN149800CE,GOLD,29JAN2027,14980000.000000,1,OPTFUT,NCO,50.000000,10,False
143642,GOLD27JAN149800PE,GOLD,29JAN2027,14980000.000000,1,OPTFUT,NCO,50.000000,10,False
143651,GOLD27JAN150300CE,GOLD,29JAN2027,15030000.000000,1,OPTFUT,NCO,50.000000,10,False
162142,SILVERM26OCT363250PE,SILVERM,23OCT2026,36325000.000000,1,OPTFUT,NCO,50.000000,120,False
162146,SILVERM26OCT363750PE,SILVERM,23OCT2026,36375000.000000,1,OPTFUT,NCO,50.000000,120,False
162149,SILVERM26OCT364250CE,SILVERM,23OCT2026,36425000.000000,1,OPTFUT,NCO,50.000000,120,False
162168,SILVERM26OCT366500PE,SILVERM,23OCT2026,36650000.000000,1,OPTFUT,NCO,50.000000,120,False
162169,SILVERM26OCT366750CE,SILVERM,23OCT2026,36675000.000000,1,OPTFUT,NCO,50.000000,120,False
162170,SILVERM26OCT366750PE,SILVERM,23OCT2026,36675000.000000,1,OPTFUT,NCO,50.000000,120,False
162189,SILVERM26NOV340250CE,SILVERM,23NOV2026,34025000.000000,1,OPTFUT,NCO,50.000000,120,False
162211,SILVERM26NOV343000CE,SILVERM,23NOV2026,34300000.000000,1,OPTFUT,NCO,50.000000,120,False
143927,GOLD26SEP142800CE,GOLD,25SEP2026,14280000.000000,1,OPTFUT,NCO,50.000000,10,False
143941,GOLD26SEP143500CE,GOLD,25SEP2026,14350000.000000,1,OPTFUT,NCO,50.000000,10,False
143949,GOLD26SEP143900CE,GOLD,25SEP2026,14390000.000000,1,OPTFUT,NCO,50.000000,10,False
143959,GOLD26SEP144400CE,GOLD,25SEP2026,14440000.000000,1,OPTFUT,NCO,50.000000,10,False
143982,GOLD26OCT143900PE,GOLD,29OCT2026,14390000.000000,1,OPTFUT,NCO,50.000000,10,False
143994,GOLD26OCT144500PE,GOLD,29OCT2026,14450000.000000,1,OPTFUT,NCO,50.000000,10,False
143996,GOLD26OCT144600PE,GOLD,29OCT2026,14460000.000000,1,OPTFUT,NCO,50.000000,10,False
144006,GOLD26OCT145100PE,GOLD,29OCT2026,14510000.000000,1,OPTFUT,NCO,50.000000,10,False
162223,SILVERM26NOV344500CE,SILVERM,23NOV2026,34450000.000000,1,OPTFUT,NCO,50.000000,120,False
162224,SILVERM26NOV344500PE,SILVERM,23NOV2026,34450000.000000,1,OPTFUT,NCO,50.000000,120,False
162229,SILVERM26NOV345250CE,SILVERM,23NOV2026,34525000.000000,1,OPTFUT,NCO,50.000000,120,False
162238,SILVERM26NOV346250PE,SILVERM,23NOV2026,34625000.000000,1,OPTFUT,NCO,50.000000,120,False
144010,GOLD26OCT145300PE,GOLD,29OCT2026,14530000.000000,1,OPTFUT,NCO,50.000000,10,False
144031,GOLD26NOV144800CE,GOLD,27NOV2026,14480000.000000,1,OPTFUT,NCO,50.000000,10,False
144045,GOLD26NOV145500CE,GOLD,27NOV2026,14550000.000000,1,OPTFUT,NCO,50.000000,10,False
144055,GOLD26NOV146000CE,GOLD,27NOV2026,14600000.000000,1,OPTFUT,NCO,50.000000,10,False
162243,SILVERM26NOV347000CE,SILVERM,23NOV2026,34700000.000000,1,OPTFUT,NCO,50.000000,120,False
162248,SILVERM26NOV347500PE,SILVERM,23NOV2026,34750000.000000,1,OPTFUT,NCO,50.000000,120,False
162250,SILVERM26NOV347750PE,SILVERM,23NOV2026,34775000.000000,1,OPTFUT,NCO,50.000000,120,False
162260,SILVERM26NOV349000PE,SILVERM,23NOV2026,34900000.000000,1,OPTFUT,NCO,50.000000,120,False
162266,SILVERM26NOV349750PE,SILVERM,23NOV2026,34975000.000000,1,OPTFUT,NCO,50.000000,120,False
162293,SILVERM26NOV353250CE,SILVERM,23NOV2026,35325000.000000,1,OPTFUT,NCO,50.000000,120,False
162297,SILVERM26NOV353750CE,SILVERM,23NOV2026,35375000.000000,1,OPTFUT,NCO,50.000000,120,False
162315,SILVERM26NOV356000CE,SILVERM,23NOV2026,35600000.000000,1,OPTFUT,NCO,50.000000,120,False
144117,GOLD27JAN150900CE,GOLD,29JAN2027,15090000.000000,1,OPTFUT,NCO,50.000000,10,False
144123,GOLD27JAN151200CE,GOLD,29JAN2027,15120000.000000,1,OPTFUT,NCO,50.000000,10,False
144125,GOLD27JAN151300CE,GOLD,29JAN2027,15130000.000000,1,OPTFUT,NCO,50.000000,10,False
144126,GOLD27JAN151300PE,GOLD,29JAN2027,15130000.000000,1,OPTFUT,NCO,50.000000,10,False
162324,SILVERM26NOV357000PE,SILVERM,23NOV2026,35700000.000000,1,OPTFUT,NCO,50.000000,120,False
162340,SILVERM26NOV359000PE,SILVERM,23NOV2026,35900000.000000,1,OPTFUT,NCO,50.000000,120,False
162361,SILVERM26NOV361750CE,SILVERM,23NOV2026,36175000.000000,1,OPTFUT,NCO,50.000000,120,False
162366,SILVERM26NOV362250PE,SILVERM,23NOV2026,36225000.000000,1,OPTFUT,NCO,50.000000,120,False
144133,GOLD27JAN151700CE,GOLD,29JAN2027,15170000.000000,1,OPTFUT,NCO,50.000000,10,False
144138,GOLD27JAN151900PE,GOLD,29JAN2027,15190000.000000,1,OPTFUT,NCO,50.000000,10,False
144150,GOLD27JAN152500PE,GOLD,29JAN2027,15250000.000000,1,OPTFUT,NCO,50.000000,10,False
144151,GOLD27JAN152600CE,GOLD,29JAN2027,15260000.000000,1,OPTFUT,NCO,50.000000,10,False
162384,SILVERM26NOV364500PE,SILVERM,23NOV2026,36450000.000000,1,OPTFUT,NCO,50.000000,120,False
162385,SILVERM26NOV364750CE,SILVERM,23NOV2026,36475000.000000,1,OPTFUT,NCO,50.000000,120,False
162387,SILVERM26NOV365000CE,SILVERM,23NOV2026,36500000.000000,1,OPTFUT,NCO,50.000000,120,False
162388,SILVERM26NOV365000PE,SILVERM,23NOV2026,36500000.000000,1,OPTFUT,NCO,50.000000,120,False
144152,GOLD27JAN152600PE,GOLD,29JAN2027,15260000.000000,1,OPTFUT,NCO,50.000000,10,False
144156,GOLD27JAN152800PE,GOLD,29JAN2027,15280000.000000,1,OPTFUT,NCO,50.000000,10,False
144158,GOLD27JAN152900PE,GOLD,29JAN2027,15290000.000000,1,OPTFUT,NCO,50.000000,10,False
144161,GOLD27JAN153100CE,GOLD,29JAN2027,15310000.000000,1,OPTFUT,NCO,50.000000,10,False
162422,SILVERM26NOV369250PE,SILVERM,23NOV2026,36925000.000000,1,OPTFUT,NCO,50.000000,120,False
162423,SILVERM26NOV369500CE,SILVERM,23NOV2026,36950000.000000,1,OPTFUT,NCO,50.000000,120,False
162429,SILVERM26DEC341000CE,SILVERM,23DEC2026,34100000.000000,1,OPTFUT,NCO,50.000000,120,False
162457,SILVERM26DEC344500CE,SILVERM,23DEC2026,34450000.000000,1,OPTFUT,NCO,50.000000,120,False
144169,GOLD27FEB142200CE,GOLD,26FEB2027,14220000.000000,1,OPTFUT,NCO,50.000000,10,False
144368,SILVERM26SEP224500PE,SILVERM,23SEP2026,22450000.000000,1,OPTFUT,NCO,50.000000,120,False
144374,SILVERM26SEP225250PE,SILVERM,23SEP2026,22525000.000000,1,OPTFUT,NCO,50.000000,120,False
144378,SILVERM26SEP225750PE,SILVERM,23SEP2026,22575000.000000,1,OPTFUT,NCO,50.000000,120,False
162464,SILVERM26DEC345250PE,SILVERM,23DEC2026,34525000.000000,1,OPTFUT,NCO,50.000000,120,False
162477,SILVERM26DEC347000CE,SILVERM,23DEC2026,34700000.000000,1,OPTFUT,NCO,50.000000,120,False
162494,SILVERM26DEC349000PE,SILVERM,23DEC2026,34900000.000000,1,OPTFUT,NCO,50.000000,120,False
162523,SILVERM26DEC352750CE,SILVERM,23DEC2026,35275000.000000,1,OPTFUT,NCO,50.000000,120,False
144381,SILVERM26SEP226250CE,SILVERM,23SEP2026,22625000.000000,1,OPTFUT,NCO,50.000000,120,False
144393,SILVERM26OCT226000CE,SILVERM,23OCT2026,22600000.000000,1,OPTFUT,NCO,50.000000,120,False
144409,SILVERM26OCT228000CE,SILVERM,23OCT2026,22800000.000000,1,OPTFUT,NCO,50.000000,120,False
144431,SILVERM26NOV229000CE,SILVERM,23NOV2026,22900000.000000,1,OPTFUT,NCO,50.000000,120,False
162539,SILVERM26DEC354750CE,SILVERM,23DEC2026,35475000.000000,1,OPTFUT,NCO,50.000000,120,False
162551,SILVERM26DEC356250CE,SILVERM,23DEC2026,35625000.000000,1,OPTFUT,NCO,50.000000,120,False
162556,SILVERM26DEC356750PE,SILVERM,23DEC2026,35675000.000000,1,OPTFUT,NCO,50.000000,120,False
162558,SILVERM26DEC357000PE,SILVERM,23DEC2026,35700000.000000,1,OPTFUT,NCO,50.000000,120,False
144460,GOLD27FEB145700PE,GOLD,26FEB2027,14570000.000000,1,OPTFUT,NCO,50.000000,10,False
144464,GOLD27FEB145900PE,GOLD,26FEB2027,14590000.000000,1,OPTFUT,NCO,50.000000,10,False
144526,GOLD27FEB146000PE,GOLD,26FEB2027,14600000.000000,1,OPTFUT,NCO,50.000000,10,False
144537,GOLD27FEB146600CE,GOLD,26FEB2027,14660000.000000,1,OPTFUT,NCO,50.000000,10,False
162584,SILVERM26DEC360250PE,SILVERM,23DEC2026,36025000.000000,1,OPTFUT,NCO,50.000000,120,False
162588,SILVERM26DEC360750PE,SILVERM,23DEC2026,36075000.000000,1,OPTFUT,NCO,50.000000,120,False
162626,SILVERM26DEC365500PE,SILVERM,23DEC2026,36550000.000000,1,OPTFUT,NCO,50.000000,120,False
162628,SILVERM26DEC365750PE,SILVERM,23DEC2026,36575000.000000,1,OPTFUT,NCO,50.000000,120,False
162645,SILVERM26DEC368000CE,SILVERM,23DEC2026,36800000.000000,1,OPTFUT,NCO,50.000000,120,False
162658,SILVERM26DEC369500PE,SILVERM,23DEC2026,36950000.000000,1,OPTFUT,NCO,50.000000,120,False
162659,SILVERM26DEC369750CE,SILVERM,23DEC2026,36975000.000000,1,OPTFUT,NCO,50.000000,120,False
162666,SILVERM26DEC370500PE,SILVERM,23DEC2026,37050000.000000,1,OPTFUT,NCO,50.000000,120,False
144559,GOLD27FEB147700CE,GOLD,26FEB2027,14770000.000000,1,OPTFUT,NCO,50.000000,10,False
144571,GOLD27FEB148300CE,GOLD,26FEB2027,14830000.000000,1,OPTFUT,NCO,50.000000,10,False
144747,GOLD26SEP145700CE,GOLD,25SEP2026,14570000.000000,1,OPTFUT,NCO,50.000000,10,False
144752,GOLD26SEP145900PE,GOLD,25SEP2026,14590000.000000,1,OPTFUT,NCO,50.000000,10,False
144758,GOLD26SEP146200PE,GOLD,25SEP2026,14620000.000000,1,OPTFUT,NCO,50.000000,10,False
144760,GOLD26SEP146300PE,GOLD,25SEP2026,14630000.000000,1,OPTFUT,NCO,50.000000,10,False
144764,GOLD26SEP146500PE,GOLD,25SEP2026,14650000.000000,1,OPTFUT,NCO,50.000000,10,False
144767,GOLD26OCT146100CE,GOLD,29OCT2026,14610000.000000,1,OPTFUT,NCO,50.000000,10,False
163936,GOLD26SEP168900PE,GOLD,25SEP2026,16890000.000000,1,OPTFUT,NCO,50.000000,10,False
163946,GOLD26SEP169400PE,GOLD,25SEP2026,16940000.000000,1,OPTFUT,NCO,50.000000,10,False
163954,GOLD26SEP169800PE,GOLD,25SEP2026,16980000.000000,1,OPTFUT,NCO,50.000000,10,False
163965,GOLD26SEP170400CE,GOLD,25SEP2026,17040000.000000,1,OPTFUT,NCO,50.000000,10,False
163979,GOLD26SEP171100CE,GOLD,25SEP2026,17110000.000000,1,OPTFUT,NCO,50.000000,10,False
163982,GOLD26SEP171200PE,GOLD,25SEP2026,17120000.000000,1,OPTFUT,NCO,50.000000,10,False
163984,GOLD26SEP171300PE,GOLD,25SEP2026,17130000.000000,1,OPTFUT,NCO,50.000000,10,False
164010,GOLD26SEP172600PE,GOLD,25SEP2026,17260000.000000,1,OPTFUT,NCO,50.000000,10,False
144768,GOLD26OCT146100PE,GOLD,29OCT2026,14610000.000000,1,OPTFUT,NCO,50.000000,10,False
144773,GOLD26OCT146400CE,GOLD,29OCT2026,14640000.000000,1,OPTFUT,NCO,50.000000,10,False
144804,GOLD26NOV147200PE,GOLD,27NOV2026,14720000.000000,1,OPTFUT,NCO,50.000000,10,False
144850,GOLD27FEB148700PE,GOLD,26FEB2027,14870000.000000,1,OPTFUT,NCO,50.000000,10,False
164019,GOLD26SEP173100CE,GOLD,25SEP2026,17310000.000000,1,OPTFUT,NCO,50.000000,10,False
164024,GOLD26SEP173300PE,GOLD,25SEP2026,17330000.000000,1,OPTFUT,NCO,50.000000,10,False
164029,GOLD26SEP173600CE,GOLD,25SEP2026,17360000.000000,1,OPTFUT,NCO,50.000000,10,False
164045,GOLD26SEP174400CE,GOLD,25SEP2026,17440000.000000,1,OPTFUT,NCO,50.000000,10,False
144852,GOLD27FEB148800PE,GOLD,26FEB2027,14880000.000000,1,OPTFUT,NCO,50.000000,10,False
144858,GOLD27FEB149100PE,GOLD,26FEB2027,14910000.000000,1,OPTFUT,NCO,50.000000,10,False
144863,GOLD27FEB149400CE,GOLD,26FEB2027,14940000.000000,1,OPTFUT,NCO,50.000000,10,False
144871,GOLD27FEB149800CE,GOLD,26FEB2027,14980000.000000,1,OPTFUT,NCO,50.000000,10,False
164057,GOLD26OCT169600CE,GOLD,29OCT2026,16960000.000000,1,OPTFUT,NCO,50.000000,10,False
164061,GOLD26OCT169800CE,GOLD,29OCT2026,16980000.000000,1,OPTFUT,NCO,50.000000,10,False
164073,GOLD26OCT170400CE,GOLD,29OCT2026,17040000.000000,1,OPTFUT,NCO,50.000000,10,False
164088,GOLD26OCT171100PE,GOLD,29OCT2026,17110000.000000,1,OPTFUT,NCO,50.000000,10,False
164092,GOLD26OCT171300PE,GOLD,29OCT2026,17130000.000000,1,OPTFUT,NCO,50.000000,10,False
164100,GOLD26OCT171700PE,GOLD,29OCT2026,17170000.000000,1,OPTFUT,NCO,50.000000,10,False
164106,GOLD26OCT172000PE,GOLD,29OCT2026,17200000.000000,1,OPTFUT,NCO,50.000000,10,False
164125,GOLD26OCT173000CE,GOLD,29OCT2026,17300000.000000,1,OPTFUT,NCO,50.000000,10,False
144880,GOLD27FEB150200PE,GOLD,26FEB2027,15020000.000000,1,OPTFUT,NCO,50.000000,10,False
144883,GOLD27FEB150400CE,GOLD,26FEB2027,15040000.000000,1,OPTFUT,NCO,50.000000,10,False
144894,GOLD27FEB150900PE,GOLD,26FEB2027,15090000.000000,1,OPTFUT,NCO,50.000000,10,False
145044,GOLD27FEB151400PE,GOLD,26FEB2027,15140000.000000,1,OPTFUT,NCO,50.000000,10,False
164136,GOLD26OCT173500PE,GOLD,29OCT2026,17350000.000000,1,OPTFUT,NCO,50.000000,10,False
164147,GOLD26OCT174100CE,GOLD,29OCT2026,17410000.000000,1,OPTFUT,NCO,50.000000,10,False
164153,GOLD26OCT174400CE,GOLD,29OCT2026,17440000.000000,1,OPTFUT,NCO,50.000000,10,False
164160,GOLD26OCT174700PE,GOLD,29OCT2026,17470000.000000,1,OPTFUT,NCO,50.000000,10,False
145074,GOLD27FEB152900PE,GOLD,26FEB2027,15290000.000000,1,OPTFUT,NCO,50.000000,10,False
145084,GOLD27FEB153400PE,GOLD,26FEB2027,15340000.000000,1,OPTFUT,NCO,50.000000,10,False
145093,GOLD27FEB153900CE,GOLD,26FEB2027,15390000.000000,1,OPTFUT,NCO,50.000000,10,False
145603,SILVERM26SEP236500CE,SILVERM,23SEP2026,23650000.000000,1,OPTFUT,NCO,50.000000,120,False
164166,GOLD26OCT175000PE,GOLD,29OCT2026,17500000.000000,1,OPTFUT,NCO,50.000000,10,False
164175,GOLD26NOV170100CE,GOLD,27NOV2026,17010000.000000,1,OPTFUT,NCO,50.000000,10,False
164176,GOLD26NOV170100PE,GOLD,27NOV2026,17010000.000000,1,OPTFUT,NCO,50.000000,10,False
164179,GOLD26NOV170300CE,GOLD,27NOV2026,17030000.000000,1,OPTFUT,NCO,50.000000,10,False
145616,SILVERM26SEP238000PE,SILVERM,23SEP2026,23800000.000000,1,OPTFUT,NCO,50.000000,120,False
145617,SILVERM26SEP238250CE,SILVERM,23SEP2026,23825000.000000,1,OPTFUT,NCO,50.000000,120,False
145626,SILVERM26SEP239250PE,SILVERM,23SEP2026,23925000.000000,1,OPTFUT,NCO,50.000000,120,False
145631,SILVERM26SEP240000CE,SILVERM,23SEP2026,24000000.000000,1,OPTFUT,NCO,50.000000,120,False
164180,GOLD26NOV170300PE,GOLD,27NOV2026,17030000.000000,1,OPTFUT,NCO,50.000000,10,False
164189,GOLD26NOV170800CE,GOLD,27NOV2026,17080000.000000,1,OPTFUT,NCO,50.000000,10,False
164210,GOLD26NOV171800PE,GOLD,27NOV2026,17180000.000000,1,OPTFUT,NCO,50.000000,10,False
164216,GOLD26NOV172100PE,GOLD,27NOV2026,17210000.000000,1,OPTFUT,NCO,50.000000,10,False
145634,SILVERM26SEP240250PE,SILVERM,23SEP2026,24025000.000000,1,OPTFUT,NCO,50.000000,120,False
145636,SILVERM26SEP240500PE,SILVERM,23SEP2026,24050000.000000,1,OPTFUT,NCO,50.000000,120,False
145637,SILVERM26SEP240750CE,SILVERM,23SEP2026,24075000.000000,1,OPTFUT,NCO,50.000000,120,False
145639,SILVERM26SEP241000CE,SILVERM,23SEP2026,24100000.000000,1,OPTFUT,NCO,50.000000,120,False
164225,GOLD26NOV172600CE,GOLD,27NOV2026,17260000.000000,1,OPTFUT,NCO,50.000000,10,False
164227,GOLD26NOV172700CE,GOLD,27NOV2026,17270000.000000,1,OPTFUT,NCO,50.000000,10,False
164242,GOLD26NOV173400PE,GOLD,27NOV2026,17340000.000000,1,OPTFUT,NCO,50.000000,10,False
164253,GOLD26NOV174000CE,GOLD,27NOV2026,17400000.000000,1,OPTFUT,NCO,50.000000,10,False
164264,GOLD26NOV174500PE,GOLD,27NOV2026,17450000.000000,1,OPTFUT,NCO,50.000000,10,False
164288,GOLD26NOV175700PE,GOLD,27NOV2026,17570000.000000,1,OPTFUT,NCO,50.000000,10,False
164298,GOLD26NOV176200PE,GOLD,27NOV2026,17620000.000000,1,OPTFUT,NCO,50.000000,10,False
164299,GOLD26DEC170900CE,GOLD,29DEC2026,17090000.000000,1,OPTFUT,NCO,50.000000,10,False
145642,SILVERM26SEP241250PE,SILVERM,23SEP2026,24125000.000000,1,OPTFUT,NCO,50.000000,120,False
145654,SILVERM26SEP242750PE,SILVERM,23SEP2026,24275000.000000,1,OPTFUT,NCO,50.000000,120,False
145657,SILVERM26SEP243250CE,SILVERM,23SEP2026,24325000.000000,1,OPTFUT,NCO,50.000000,120,False
145658,SILVERM26SEP243250PE,SILVERM,23SEP2026,24325000.000000,1,OPTFUT,NCO,50.000000,120,False
164307,GOLD26DEC171300CE,GOLD,29DEC2026,17130000.000000,1,OPTFUT,NCO,50.000000,10,False
164308,GOLD26DEC171300PE,GOLD,29DEC2026,17130000.000000,1,OPTFUT,NCO,50.000000,10,False
164312,GOLD26DEC171500PE,GOLD,29DEC2026,17150000.000000,1,OPTFUT,NCO,50.000000,10,False
164346,GOLD26DEC173200PE,GOLD,29DEC2026,17320000.000000,1,OPTFUT,NCO,50.000000,10,False
145668,SILVERM26SEP244500PE,SILVERM,23SEP2026,24450000.000000,1,OPTFUT,NCO,50.000000,120,False
145674,SILVERM26SEP245250PE,SILVERM,23SEP2026,24525000.000000,1,OPTFUT,NCO,50.000000,120,False
145681,SILVERM26OCT237500CE,SILVERM,23OCT2026,23750000.000000,1,OPTFUT,NCO,50.000000,120,False
145686,SILVERM26OCT238000PE,SILVERM,23OCT2026,23800000.000000,1,OPTFUT,NCO,50.000000,120,False
164364,GOLD26DEC174100PE,GOLD,29DEC2026,17410000.000000,1,OPTFUT,NCO,50.000000,10,False
164367,GOLD26DEC174300CE,GOLD,29DEC2026,17430000.000000,1,OPTFUT,NCO,50.000000,10,False
164368,GOLD26DEC174300PE,GOLD,29DEC2026,17430000.000000,1,OPTFUT,NCO,50.000000,10,False
164383,GOLD26DEC175100CE,GOLD,29DEC2026,17510000.000000,1,OPTFUT,NCO,50.000000,10,False
145687,SILVERM26OCT238250CE,SILVERM,23OCT2026,23825000.000000,1,OPTFUT,NCO,50.000000,120,False
145700,SILVERM26OCT239750PE,SILVERM,23OCT2026,23975000.000000,1,OPTFUT,NCO,50.000000,120,False
145703,SILVERM26OCT240250CE,SILVERM,23OCT2026,24025000.000000,1,OPTFUT,NCO,50.000000,120,False
145704,SILVERM26OCT240250PE,SILVERM,23OCT2026,24025000.000000,1,OPTFUT,NCO,50.000000,120,False
164386,GOLD26DEC175200PE,GOLD,29DEC2026,17520000.000000,1,OPTFUT,NCO,50.000000,10,False
164401,GOLD26DEC176000CE,GOLD,29DEC2026,17600000.000000,1,OPTFUT,NCO,50.000000,10,False
164413,GOLD26DEC176600CE,GOLD,29DEC2026,17660000.000000,1,OPTFUT,NCO,50.000000,10,False
165737,SILVERM26SEP367750CE,SILVERM,23SEP2026,36775000.000000,1,OPTFUT,NCO,50.000000,120,False
145706,SILVERM26OCT240500PE,SILVERM,23OCT2026,24050000.000000,1,OPTFUT,NCO,50.000000,120,False
145710,SILVERM26OCT241000PE,SILVERM,23OCT2026,24100000.000000,1,OPTFUT,NCO,50.000000,120,False
145718,SILVERM26OCT242000PE,SILVERM,23OCT2026,24200000.000000,1,OPTFUT,NCO,50.000000,120,False
145719,SILVERM26OCT242250CE,SILVERM,23OCT2026,24225000.000000,1,OPTFUT,NCO,50.000000,120,False
165765,SILVERM26SEP371250CE,SILVERM,23SEP2026,37125000.000000,1,OPTFUT,NCO,50.000000,120,False
165746,SILVERM26SEP368750PE,SILVERM,23SEP2026,36875000.000000,1,OPTFUT,NCO,50.000000,120,False
165755,SILVERM26SEP370000CE,SILVERM,23SEP2026,37000000.000000,1,OPTFUT,NCO,50.000000,120,False
165760,SILVERM26SEP370500PE,SILVERM,23SEP2026,37050000.000000,1,OPTFUT,NCO,50.000000,120,False
145723,SILVERM26OCT242750CE,SILVERM,23OCT2026,24275000.000000,1,OPTFUT,NCO,50.000000,120,False
145746,SILVERM26OCT245500PE,SILVERM,23OCT2026,24550000.000000,1,OPTFUT,NCO,50.000000,120,False
145758,SILVERM26NOV238000PE,SILVERM,23NOV2026,23800000.000000,1,OPTFUT,NCO,50.000000,120,False
145762,SILVERM26NOV238500PE,SILVERM,23NOV2026,23850000.000000,1,OPTFUT,NCO,50.000000,120,False
165783,SILVERM26SEP373500CE,SILVERM,23SEP2026,37350000.000000,1,OPTFUT,NCO,50.000000,120,False
165784,SILVERM26SEP373500PE,SILVERM,23SEP2026,37350000.000000,1,OPTFUT,NCO,50.000000,120,False
165790,SILVERM26SEP374250PE,SILVERM,23SEP2026,37425000.000000,1,OPTFUT,NCO,50.000000,120,False
165792,SILVERM26SEP374500PE,SILVERM,23SEP2026,37450000.000000,1,OPTFUT,NCO,50.000000,120,False
145767,SILVERM26NOV239250CE,SILVERM,23NOV2026,23925000.000000,1,OPTFUT,NCO,50.000000,120,False
145768,SILVERM26NOV239250PE,SILVERM,23NOV2026,23925000.000000,1,OPTFUT,NCO,50.000000,120,False
145778,SILVERM26NOV240500PE,SILVERM,23NOV2026,24050000.000000,1,OPTFUT,NCO,50.000000,120,False
145781,SILVERM26NOV241000CE,SILVERM,23NOV2026,24100000.000000,1,OPTFUT,NCO,50.000000,120,False
165801,SILVERM26SEP375750CE,SILVERM,23SEP2026,37575000.000000,1,OPTFUT,NCO,50.000000,120,False
165815,SILVERM26SEP377500CE,SILVERM,23SEP2026,37750000.000000,1,OPTFUT,NCO,50.000000,120,False
165838,SILVERM26SEP380250PE,SILVERM,23SEP2026,38025000.000000,1,OPTFUT,NCO,50.000000,120,False
165852,SILVERM26SEP382000PE,SILVERM,23SEP2026,38200000.000000,1,OPTFUT,NCO,50.000000,120,False
145783,SILVERM26NOV241250CE,SILVERM,23NOV2026,24125000.000000,1,OPTFUT,NCO,50.000000,120,False
145788,SILVERM26NOV241750PE,SILVERM,23NOV2026,24175000.000000,1,OPTFUT,NCO,50.000000,120,False
145796,SILVERM26NOV242750PE,SILVERM,23NOV2026,24275000.000000,1,OPTFUT,NCO,50.000000,120,False
145806,SILVERM26NOV244000PE,SILVERM,23NOV2026,24400000.000000,1,OPTFUT,NCO,50.000000,120,False
146215,SILVERM26SEP247500CE,SILVERM,23SEP2026,24750000.000000,1,OPTFUT,NCO,50.000000,120,False
146217,SILVERM26SEP247750CE,SILVERM,23SEP2026,24775000.000000,1,OPTFUT,NCO,50.000000,120,False
146222,SILVERM26SEP248250PE,SILVERM,23SEP2026,24825000.000000,1,OPTFUT,NCO,50.000000,120,False
146227,SILVERM26SEP249000CE,SILVERM,23SEP2026,24900000.000000,1,OPTFUT,NCO,50.000000,120,False
165854,SILVERM26SEP382250PE,SILVERM,23SEP2026,38225000.000000,1,OPTFUT,NCO,50.000000,120,False
165857,SILVERM26OCT368000CE,SILVERM,23OCT2026,36800000.000000,1,OPTFUT,NCO,50.000000,120,False
165859,SILVERM26OCT368250CE,SILVERM,23OCT2026,36825000.000000,1,OPTFUT,NCO,50.000000,120,False
165862,SILVERM26OCT368500PE,SILVERM,23OCT2026,36850000.000000,1,OPTFUT,NCO,50.000000,120,False
146231,SILVERM26SEP249500CE,SILVERM,23SEP2026,24950000.000000,1,OPTFUT,NCO,50.000000,120,False
146270,SILVERM26OCT250750PE,SILVERM,23OCT2026,25075000.000000,1,OPTFUT,NCO,50.000000,120,False
146273,SILVERM26OCT251250CE,SILVERM,23OCT2026,25125000.000000,1,OPTFUT,NCO,50.000000,120,False
146293,SILVERM26NOV250250CE,SILVERM,23NOV2026,25025000.000000,1,OPTFUT,NCO,50.000000,120,False
165869,SILVERM26OCT369500CE,SILVERM,23OCT2026,36950000.000000,1,OPTFUT,NCO,50.000000,120,False
165875,SILVERM26OCT370250CE,SILVERM,23OCT2026,37025000.000000,1,OPTFUT,NCO,50.000000,120,False
165885,SILVERM26OCT371500CE,SILVERM,23OCT2026,37150000.000000,1,OPTFUT,NCO,50.000000,120,False
165897,SILVERM26OCT373000CE,SILVERM,23OCT2026,37300000.000000,1,OPTFUT,NCO,50.000000,120,False
146295,SILVERM26NOV250500CE,SILVERM,23NOV2026,25050000.000000,1,OPTFUT,NCO,50.000000,120,False
146394,SILVERM26SEP256500PE,SILVERM,23SEP2026,25650000.000000,1,OPTFUT,NCO,50.000000,120,False
146398,SILVERM26SEP257000PE,SILVERM,23SEP2026,25700000.000000,1,OPTFUT,NCO,50.000000,120,False
146403,SILVERM26SEP257750CE,SILVERM,23SEP2026,25775000.000000,1,OPTFUT,NCO,50.000000,120,False
165902,SILVERM26OCT373500PE,SILVERM,23OCT2026,37350000.000000,1,OPTFUT,NCO,50.000000,120,False
165905,SILVERM26OCT374000CE,SILVERM,23OCT2026,37400000.000000,1,OPTFUT,NCO,50.000000,120,False
165918,SILVERM26OCT375500PE,SILVERM,23OCT2026,37550000.000000,1,OPTFUT,NCO,50.000000,120,False
165922,SILVERM26OCT376000PE,SILVERM,23OCT2026,37600000.000000,1,OPTFUT,NCO,50.000000,120,False
146415,SILVERM26OCT256750CE,SILVERM,23OCT2026,25675000.000000,1,OPTFUT,NCO,50.000000,120,False
146432,SILVERM26OCT258750PE,SILVERM,23OCT2026,25875000.000000,1,OPTFUT,NCO,50.000000,120,False
146435,SILVERM26OCT259250CE,SILVERM,23OCT2026,25925000.000000,1,OPTFUT,NCO,50.000000,120,False
146437,SILVERM26OCT259500CE,SILVERM,23OCT2026,25950000.000000,1,OPTFUT,NCO,50.000000,120,False
165924,SILVERM26OCT376250PE,SILVERM,23OCT2026,37625000.000000,1,OPTFUT,NCO,50.000000,120,False
165928,SILVERM26OCT376750PE,SILVERM,23OCT2026,37675000.000000,1,OPTFUT,NCO,50.000000,120,False
165932,SILVERM26OCT377250PE,SILVERM,23OCT2026,37725000.000000,1,OPTFUT,NCO,50.000000,120,False
165945,SILVERM26OCT379000CE,SILVERM,23OCT2026,37900000.000000,1,OPTFUT,NCO,50.000000,120,False
146441,SILVERM26OCT260000CE,SILVERM,23OCT2026,26000000.000000,1,OPTFUT,NCO,50.000000,120,False
146446,SILVERM26NOV258250PE,SILVERM,23NOV2026,25825000.000000,1,OPTFUT,NCO,50.000000,120,False
146462,SILVERM26NOV260250PE,SILVERM,23NOV2026,26025000.000000,1,OPTFUT,NCO,50.000000,120,False
146466,SILVERM26NOV260750PE,SILVERM,23NOV2026,26075000.000000,1,OPTFUT,NCO,50.000000,120,False
165946,SILVERM26OCT379000PE,SILVERM,23OCT2026,37900000.000000,1,OPTFUT,NCO,50.000000,120,False
165955,SILVERM26OCT380250CE,SILVERM,23OCT2026,38025000.000000,1,OPTFUT,NCO,50.000000,120,False
165961,SILVERM26OCT381000CE,SILVERM,23OCT2026,38100000.000000,1,OPTFUT,NCO,50.000000,120,False
165967,SILVERM26OCT381750CE,SILVERM,23OCT2026,38175000.000000,1,OPTFUT,NCO,50.000000,120,False
165969,SILVERM26OCT382000CE,SILVERM,23OCT2026,38200000.000000,1,OPTFUT,NCO,50.000000,120,False
165970,SILVERM26OCT382000PE,SILVERM,23OCT2026,38200000.000000,1,OPTFUT,NCO,50.000000,120,False
166012,SILVERM26NOV372500PE,SILVERM,23NOV2026,37250000.000000,1,OPTFUT,NCO,50.000000,120,False
166025,SILVERM26NOV374250CE,SILVERM,23NOV2026,37425000.000000,1,OPTFUT,NCO,50.000000,120,False
146468,SILVERM26NOV261000PE,SILVERM,23NOV2026,26100000.000000,1,OPTFUT,NCO,50.000000,120,False
146471,SILVERM26DEC259250CE,SILVERM,23DEC2026,25925000.000000,1,OPTFUT,NCO,50.000000,120,False
146472,SILVERM26DEC259250PE,SILVERM,23DEC2026,25925000.000000,1,OPTFUT,NCO,50.000000,120,False
146495,SILVERM26DEC262250CE,SILVERM,23DEC2026,26225000.000000,1,OPTFUT,NCO,50.000000,120,False
166027,SILVERM26NOV374500CE,SILVERM,23NOV2026,37450000.000000,1,OPTFUT,NCO,50.000000,120,False
166028,SILVERM26NOV374500PE,SILVERM,23NOV2026,37450000.000000,1,OPTFUT,NCO,50.000000,120,False
166034,SILVERM26NOV375250PE,SILVERM,23NOV2026,37525000.000000,1,OPTFUT,NCO,50.000000,120,False
166039,SILVERM26NOV376000CE,SILVERM,23NOV2026,37600000.000000,1,OPTFUT,NCO,50.000000,120,False
146497,SILVERM26DEC262500CE,SILVERM,23DEC2026,26250000.000000,1,OPTFUT,NCO,50.000000,120,False
146958,SILVERM26SEP262000PE,SILVERM,23SEP2026,26200000.000000,1,OPTFUT,NCO,50.000000,120,False
146974,SILVERM26OCT260500PE,SILVERM,23OCT2026,26050000.000000,1,OPTFUT,NCO,50.000000,120,False
146976,SILVERM26OCT260750PE,SILVERM,23OCT2026,26075000.000000,1,OPTFUT,NCO,50.000000,120,False
166046,SILVERM26NOV376750PE,SILVERM,23NOV2026,37675000.000000,1,OPTFUT,NCO,50.000000,120,False
166050,SILVERM26NOV377250PE,SILVERM,23NOV2026,37725000.000000,1,OPTFUT,NCO,50.000000,120,False
166054,SILVERM26NOV377750PE,SILVERM,23NOV2026,37775000.000000,1,OPTFUT,NCO,50.000000,120,False
166060,SILVERM26NOV378500PE,SILVERM,23NOV2026,37850000.000000,1,OPTFUT,NCO,50.000000,120,False
146980,SILVERM26OCT261250PE,SILVERM,23OCT2026,26125000.000000,1,OPTFUT,NCO,50.000000,120,False
146989,SILVERM26OCT262500CE,SILVERM,23OCT2026,26250000.000000,1,OPTFUT,NCO,50.000000,120,False
146992,SILVERM26OCT262750PE,SILVERM,23OCT2026,26275000.000000,1,OPTFUT,NCO,50.000000,120,False
147005,SILVERM26OCT264500CE,SILVERM,23OCT2026,26450000.000000,1,OPTFUT,NCO,50.000000,120,False
166062,SILVERM26NOV378750PE,SILVERM,23NOV2026,37875000.000000,1,OPTFUT,NCO,50.000000,120,False
166074,SILVERM26NOV380250PE,SILVERM,23NOV2026,38025000.000000,1,OPTFUT,NCO,50.000000,120,False
166078,SILVERM26NOV380750PE,SILVERM,23NOV2026,38075000.000000,1,OPTFUT,NCO,50.000000,120,False
166084,SILVERM26NOV381500PE,SILVERM,23NOV2026,38150000.000000,1,OPTFUT,NCO,50.000000,120,False
147009,SILVERM26OCT265000CE,SILVERM,23OCT2026,26500000.000000,1,OPTFUT,NCO,50.000000,120,False
147012,SILVERM26NOV261500PE,SILVERM,23NOV2026,26150000.000000,1,OPTFUT,NCO,50.000000,120,False
147017,SILVERM26NOV262250CE,SILVERM,23NOV2026,26225000.000000,1,OPTFUT,NCO,50.000000,120,False
147062,SILVERM26DEC264000PE,SILVERM,23DEC2026,26400000.000000,1,OPTFUT,NCO,50.000000,120,False
166086,SILVERM26NOV381750PE,SILVERM,23NOV2026,38175000.000000,1,OPTFUT,NCO,50.000000,120,False
166105,SILVERM26NOV384250CE,SILVERM,23NOV2026,38425000.000000,1,OPTFUT,NCO,50.000000,120,False
166108,SILVERM26NOV384500PE,SILVERM,23NOV2026,38450000.000000,1,OPTFUT,NCO,50.000000,120,False
166137,SILVERM26DEC373500CE,SILVERM,23DEC2026,37350000.000000,1,OPTFUT,NCO,50.000000,120,False
147065,SILVERM26DEC264500CE,SILVERM,23DEC2026,26450000.000000,1,OPTFUT,NCO,50.000000,120,False
147089,SILVERM26DEC267500CE,SILVERM,23DEC2026,26750000.000000,1,OPTFUT,NCO,50.000000,120,False
147489,GOLD26SEP147200CE,GOLD,25SEP2026,14720000.000000,1,OPTFUT,NCO,50.000000,10,False
147496,GOLD26SEP147500PE,GOLD,25SEP2026,14750000.000000,1,OPTFUT,NCO,50.000000,10,False
166140,SILVERM26DEC373750PE,SILVERM,23DEC2026,37375000.000000,1,OPTFUT,NCO,50.000000,120,False
166143,SILVERM26DEC374250CE,SILVERM,23DEC2026,37425000.000000,1,OPTFUT,NCO,50.000000,120,False
166149,SILVERM26DEC375000CE,SILVERM,23DEC2026,37500000.000000,1,OPTFUT,NCO,50.000000,120,False
166175,SILVERM26DEC378250CE,SILVERM,23DEC2026,37825000.000000,1,OPTFUT,NCO,50.000000,120,False
147513,GOLD26SEP148400CE,GOLD,25SEP2026,14840000.000000,1,OPTFUT,NCO,50.000000,10,False
147515,GOLD26SEP148500CE,GOLD,25SEP2026,14850000.000000,1,OPTFUT,NCO,50.000000,10,False
147516,GOLD26SEP148500PE,GOLD,25SEP2026,14850000.000000,1,OPTFUT,NCO,50.000000,10,False
147518,GOLD26OCT147400PE,GOLD,29OCT2026,14740000.000000,1,OPTFUT,NCO,50.000000,10,False
166186,SILVERM26DEC379500PE,SILVERM,23DEC2026,37950000.000000,1,OPTFUT,NCO,50.000000,120,False
166189,SILVERM26DEC380000CE,SILVERM,23DEC2026,38000000.000000,1,OPTFUT,NCO,50.000000,120,False
166213,SILVERM26DEC383000CE,SILVERM,23DEC2026,38300000.000000,1,OPTFUT,NCO,50.000000,120,False
166215,SILVERM26DEC383250CE,SILVERM,23DEC2026,38325000.000000,1,OPTFUT,NCO,50.000000,120,False
147523,GOLD26OCT147700CE,GOLD,29OCT2026,14770000.000000,1,OPTFUT,NCO,50.000000,10,False
147534,GOLD26OCT148200PE,GOLD,29OCT2026,14820000.000000,1,OPTFUT,NCO,50.000000,10,False
147539,GOLD26OCT148500CE,GOLD,29OCT2026,14850000.000000,1,OPTFUT,NCO,50.000000,10,False
147554,GOLD26OCT149200PE,GOLD,29OCT2026,14920000.000000,1,OPTFUT,NCO,50.000000,10,False
147555,GOLD26NOV148100CE,GOLD,27NOV2026,14810000.000000,1,OPTFUT,NCO,50.000000,10,False
147562,GOLD26NOV148400PE,GOLD,27NOV2026,14840000.000000,1,OPTFUT,NCO,50.000000,10,False
147572,GOLD26NOV148900PE,GOLD,27NOV2026,14890000.000000,1,OPTFUT,NCO,50.000000,10,False
147598,GOLD26DEC147800PE,GOLD,29DEC2026,14780000.000000,1,OPTFUT,NCO,50.000000,10,False
166221,SILVERM26DEC384000CE,SILVERM,23DEC2026,38400000.000000,1,OPTFUT,NCO,50.000000,120,False
166234,SILVERM26DEC385500PE,SILVERM,23DEC2026,38550000.000000,1,OPTFUT,NCO,50.000000,120,False
166249,SILVERM26DEC387500CE,SILVERM,23DEC2026,38750000.000000,1,OPTFUT,NCO,50.000000,120,False
166256,SILVERM26DEC388250PE,SILVERM,23DEC2026,38825000.000000,1,OPTFUT,NCO,50.000000,120,False
168182,GOLD26SEP174600PE,GOLD,25SEP2026,17460000.000000,1,OPTFUT,NCO,50.000000,10,False
168184,GOLD26SEP174700PE,GOLD,25SEP2026,17470000.000000,1,OPTFUT,NCO,50.000000,10,False
168202,GOLD26SEP175600PE,GOLD,25SEP2026,17560000.000000,1,OPTFUT,NCO,50.000000,10,False
168205,GOLD26SEP175800CE,GOLD,25SEP2026,17580000.000000,1,OPTFUT,NCO,50.000000,10,False
147615,GOLD26DEC148700CE,GOLD,29DEC2026,14870000.000000,1,OPTFUT,NCO,50.000000,10,False
147616,GOLD26DEC148700PE,GOLD,29DEC2026,14870000.000000,1,OPTFUT,NCO,50.000000,10,False
147617,GOLD26DEC148800CE,GOLD,29DEC2026,14880000.000000,1,OPTFUT,NCO,50.000000,10,False
147624,GOLD26DEC149100PE,GOLD,29DEC2026,14910000.000000,1,OPTFUT,NCO,50.000000,10,False
168208,GOLD26SEP175900PE,GOLD,25SEP2026,17590000.000000,1,OPTFUT,NCO,50.000000,10,False
168213,GOLD26SEP176200CE,GOLD,25SEP2026,17620000.000000,1,OPTFUT,NCO,50.000000,10,False
168220,GOLD26SEP176500PE,GOLD,25SEP2026,17650000.000000,1,OPTFUT,NCO,50.000000,10,False
168222,GOLD26SEP176600PE,GOLD,25SEP2026,17660000.000000,1,OPTFUT,NCO,50.000000,10,False
147635,GOLD26DEC149700CE,GOLD,29DEC2026,14970000.000000,1,OPTFUT,NCO,50.000000,10,False
147638,GOLD26DEC149800PE,GOLD,29DEC2026,14980000.000000,1,OPTFUT,NCO,50.000000,10,False
147647,GOLD26DEC150300CE,GOLD,29DEC2026,15030000.000000,1,OPTFUT,NCO,50.000000,10,False
147653,GOLD26DEC150600CE,GOLD,29DEC2026,15060000.000000,1,OPTFUT,NCO,50.000000,10,False
168252,GOLD26SEP178100PE,GOLD,25SEP2026,17810000.000000,1,OPTFUT,NCO,50.000000,10,False
168255,GOLD26SEP178300CE,GOLD,25SEP2026,17830000.000000,1,OPTFUT,NCO,50.000000,10,False
168256,GOLD26SEP178300PE,GOLD,25SEP2026,17830000.000000,1,OPTFUT,NCO,50.000000,10,False
168263,GOLD26SEP178700CE,GOLD,25SEP2026,17870000.000000,1,OPTFUT,NCO,50.000000,10,False
147730,SILVERM26DEC216250PE,SILVERM,23DEC2026,21625000.000000,1,OPTFUT,NCO,50.000000,120,False
147702,SILVERM26DEC212750PE,SILVERM,23DEC2026,21275000.000000,1,OPTFUT,NCO,50.000000,120,False
147715,SILVERM26DEC214500CE,SILVERM,23DEC2026,21450000.000000,1,OPTFUT,NCO,50.000000,120,False
147721,SILVERM26DEC215250CE,SILVERM,23DEC2026,21525000.000000,1,OPTFUT,NCO,50.000000,120,False
168266,GOLD26SEP178800PE,GOLD,25SEP2026,17880000.000000,1,OPTFUT,NCO,50.000000,10,False
168281,GOLD26SEP179600CE,GOLD,25SEP2026,17960000.000000,1,OPTFUT,NCO,50.000000,10,False
168291,GOLD26SEP180100CE,GOLD,25SEP2026,18010000.000000,1,OPTFUT,NCO,50.000000,10,False
168292,GOLD26SEP180100PE,GOLD,25SEP2026,18010000.000000,1,OPTFUT,NCO,50.000000,10,False
147822,GOLD26SEP163900PE,GOLD,25SEP2026,16390000.000000,1,OPTFUT,NCO,50.000000,10,False
147830,GOLD26SEP164300PE,GOLD,25SEP2026,16430000.000000,1,OPTFUT,NCO,50.000000,10,False
147839,GOLD26SEP164800CE,GOLD,25SEP2026,16480000.000000,1,OPTFUT,NCO,50.000000,10,False
147845,GOLD26SEP165100CE,GOLD,25SEP2026,16510000.000000,1,OPTFUT,NCO,50.000000,10,False
168305,GOLD26SEP180800CE,GOLD,25SEP2026,18080000.000000,1,OPTFUT,NCO,50.000000,10,False
168309,GOLD26SEP181000CE,GOLD,25SEP2026,18100000.000000,1,OPTFUT,NCO,50.000000,10,False
168317,GOLD26SEP181400CE,GOLD,25SEP2026,18140000.000000,1,OPTFUT,NCO,50.000000,10,False
168327,GOLD26SEP181900CE,GOLD,25SEP2026,18190000.000000,1,OPTFUT,NCO,50.000000,10,False
168338,GOLD26SEP182400PE,GOLD,25SEP2026,18240000.000000,1,OPTFUT,NCO,50.000000,10,False
168373,GOLD26SEP184200CE,GOLD,25SEP2026,18420000.000000,1,OPTFUT,NCO,50.000000,10,False
168397,GOLD26OCT175400CE,GOLD,29OCT2026,17540000.000000,1,OPTFUT,NCO,50.000000,10,False
168401,GOLD26OCT175600CE,GOLD,29OCT2026,17560000.000000,1,OPTFUT,NCO,50.000000,10,False
147847,GOLD26SEP165200CE,GOLD,25SEP2026,16520000.000000,1,OPTFUT,NCO,50.000000,10,False
147859,GOLD26SEP165800CE,GOLD,25SEP2026,16580000.000000,1,OPTFUT,NCO,50.000000,10,False
147893,SILVERM26DEC219500CE,SILVERM,23DEC2026,21950000.000000,1,OPTFUT,NCO,50.000000,120,False
147907,SILVERM26DEC221250CE,SILVERM,23DEC2026,22125000.000000,1,OPTFUT,NCO,50.000000,120,False
168402,GOLD26OCT175600PE,GOLD,29OCT2026,17560000.000000,1,OPTFUT,NCO,50.000000,10,False
168406,GOLD26OCT175800PE,GOLD,29OCT2026,17580000.000000,1,OPTFUT,NCO,50.000000,10,False
168407,GOLD26OCT175900CE,GOLD,29OCT2026,17590000.000000,1,OPTFUT,NCO,50.000000,10,False
168423,GOLD26OCT176700CE,GOLD,29OCT2026,17670000.000000,1,OPTFUT,NCO,50.000000,10,False
147914,SILVERM26DEC222000PE,SILVERM,23DEC2026,22200000.000000,1,OPTFUT,NCO,50.000000,120,False
147915,SILVERM26DEC222250CE,SILVERM,23DEC2026,22225000.000000,1,OPTFUT,NCO,50.000000,120,False
147932,SILVERM26DEC224250PE,SILVERM,23DEC2026,22425000.000000,1,OPTFUT,NCO,50.000000,120,False
148427,SILVERM26SEP265000CE,SILVERM,23SEP2026,26500000.000000,1,OPTFUT,NCO,50.000000,120,False
168424,GOLD26OCT176700PE,GOLD,29OCT2026,17670000.000000,1,OPTFUT,NCO,50.000000,10,False
168426,GOLD26OCT176800PE,GOLD,29OCT2026,17680000.000000,1,OPTFUT,NCO,50.000000,10,False
168427,GOLD26OCT176900CE,GOLD,29OCT2026,17690000.000000,1,OPTFUT,NCO,50.000000,10,False
168434,GOLD26OCT177200PE,GOLD,29OCT2026,17720000.000000,1,OPTFUT,NCO,50.000000,10,False
148434,SILVERM26SEP265750PE,SILVERM,23SEP2026,26575000.000000,1,OPTFUT,NCO,50.000000,120,False
148445,SILVERM26SEP267250CE,SILVERM,23SEP2026,26725000.000000,1,OPTFUT,NCO,50.000000,120,False
148447,SILVERM26SEP267500CE,SILVERM,23SEP2026,26750000.000000,1,OPTFUT,NCO,50.000000,120,False
148450,SILVERM26SEP267750PE,SILVERM,23SEP2026,26775000.000000,1,OPTFUT,NCO,50.000000,120,False
168435,GOLD26OCT177300CE,GOLD,29OCT2026,17730000.000000,1,OPTFUT,NCO,50.000000,10,False
168437,GOLD26OCT177400CE,GOLD,29OCT2026,17740000.000000,1,OPTFUT,NCO,50.000000,10,False
168453,GOLD26OCT178200CE,GOLD,29OCT2026,17820000.000000,1,OPTFUT,NCO,50.000000,10,False
168455,GOLD26OCT178300CE,GOLD,29OCT2026,17830000.000000,1,OPTFUT,NCO,50.000000,10,False
148465,SILVERM26SEP269750CE,SILVERM,23SEP2026,26975000.000000,1,OPTFUT,NCO,50.000000,120,False
148469,SILVERM26SEP270250CE,SILVERM,23SEP2026,27025000.000000,1,OPTFUT,NCO,50.000000,120,False
148470,SILVERM26SEP270250PE,SILVERM,23SEP2026,27025000.000000,1,OPTFUT,NCO,50.000000,120,False
148479,SILVERM26SEP271500CE,SILVERM,23SEP2026,27150000.000000,1,OPTFUT,NCO,50.000000,120,False
168469,GOLD26OCT179000CE,GOLD,29OCT2026,17900000.000000,1,OPTFUT,NCO,50.000000,10,False
168477,GOLD26OCT179400CE,GOLD,29OCT2026,17940000.000000,1,OPTFUT,NCO,50.000000,10,False
168500,GOLD26OCT180500PE,GOLD,29OCT2026,18050000.000000,1,OPTFUT,NCO,50.000000,10,False
168518,GOLD26OCT181400PE,GOLD,29OCT2026,18140000.000000,1,OPTFUT,NCO,50.000000,10,False
148481,SILVERM26SEP271750CE,SILVERM,23SEP2026,27175000.000000,1,OPTFUT,NCO,50.000000,120,False
148484,SILVERM26SEP272000PE,SILVERM,23SEP2026,27200000.000000,1,OPTFUT,NCO,50.000000,120,False
148497,SILVERM26OCT265250CE,SILVERM,23OCT2026,26525000.000000,1,OPTFUT,NCO,50.000000,120,False
148514,SILVERM26OCT267250PE,SILVERM,23OCT2026,26725000.000000,1,OPTFUT,NCO,50.000000,120,False
168523,GOLD26OCT181700CE,GOLD,29OCT2026,18170000.000000,1,OPTFUT,NCO,50.000000,10,False
168551,GOLD26OCT183100CE,GOLD,29OCT2026,18310000.000000,1,OPTFUT,NCO,50.000000,10,False
168552,GOLD26OCT183100PE,GOLD,29OCT2026,18310000.000000,1,OPTFUT,NCO,50.000000,10,False
168553,GOLD26OCT183200CE,GOLD,29OCT2026,18320000.000000,1,OPTFUT,NCO,50.000000,10,False
168561,GOLD26OCT183600CE,GOLD,29OCT2026,18360000.000000,1,OPTFUT,NCO,50.000000,10,False
168567,GOLD26OCT183900CE,GOLD,29OCT2026,18390000.000000,1,OPTFUT,NCO,50.000000,10,False
168572,GOLD26OCT184100PE,GOLD,29OCT2026,18410000.000000,1,OPTFUT,NCO,50.000000,10,False
168581,GOLD26OCT184600CE,GOLD,29OCT2026,18460000.000000,1,OPTFUT,NCO,50.000000,10,False
148518,SILVERM26OCT267750PE,SILVERM,23OCT2026,26775000.000000,1,OPTFUT,NCO,50.000000,120,False
148522,SILVERM26OCT268250PE,SILVERM,23OCT2026,26825000.000000,1,OPTFUT,NCO,50.000000,120,False
148544,SILVERM26OCT271000PE,SILVERM,23OCT2026,27100000.000000,1,OPTFUT,NCO,50.000000,120,False
148555,SILVERM26OCT272500CE,SILVERM,23OCT2026,27250000.000000,1,OPTFUT,NCO,50.000000,120,False
168582,GOLD26OCT184600PE,GOLD,29OCT2026,18460000.000000,1,OPTFUT,NCO,50.000000,10,False
168621,GOLD26NOV176500CE,GOLD,27NOV2026,17650000.000000,1,OPTFUT,NCO,50.000000,10,False
168584,GOLD26OCT184700PE,GOLD,29OCT2026,18470000.000000,1,OPTFUT,NCO,50.000000,10,False
168601,GOLD26OCT185600CE,GOLD,29OCT2026,18560000.000000,1,OPTFUT,NCO,50.000000,10,False
168628,GOLD26NOV176800PE,GOLD,27NOV2026,17680000.000000,1,OPTFUT,NCO,50.000000,10,False
168629,GOLD26NOV176900CE,GOLD,27NOV2026,17690000.000000,1,OPTFUT,NCO,50.000000,10,False
168630,GOLD26NOV176900PE,GOLD,27NOV2026,17690000.000000,1,OPTFUT,NCO,50.000000,10,False
168631,GOLD26NOV177000CE,GOLD,27NOV2026,17700000.000000,1,OPTFUT,NCO,50.000000,10,False
168634,GOLD26NOV177100PE,GOLD,27NOV2026,17710000.000000,1,OPTFUT,NCO,50.000000,10,False
168638,GOLD26NOV177300PE,GOLD,27NOV2026,17730000.000000,1,OPTFUT,NCO,50.000000,10,False
168639,GOLD26NOV177400CE,GOLD,27NOV2026,17740000.000000,1,OPTFUT,NCO,50.000000,10,False
168647,GOLD26NOV177800CE,GOLD,27NOV2026,17780000.000000,1,OPTFUT,NCO,50.000000,10,False
168648,GOLD26NOV177800PE,GOLD,27NOV2026,17780000.000000,1,OPTFUT,NCO,50.000000,10,False
168655,GOLD26NOV178200CE,GOLD,27NOV2026,17820000.000000,1,OPTFUT,NCO,50.000000,10,False
168657,GOLD26NOV178300CE,GOLD,27NOV2026,17830000.000000,1,OPTFUT,NCO,50.000000,10,False
168681,GOLD26NOV179500CE,GOLD,27NOV2026,17950000.000000,1,OPTFUT,NCO,50.000000,10,False
168684,GOLD26NOV179600PE,GOLD,27NOV2026,17960000.000000,1,OPTFUT,NCO,50.000000,10,False
168703,GOLD26NOV180600CE,GOLD,27NOV2026,18060000.000000,1,OPTFUT,NCO,50.000000,10,False
168713,GOLD26NOV181100CE,GOLD,27NOV2026,18110000.000000,1,OPTFUT,NCO,50.000000,10,False
168714,GOLD26NOV181100PE,GOLD,27NOV2026,18110000.000000,1,OPTFUT,NCO,50.000000,10,False
168736,GOLD26NOV182200PE,GOLD,27NOV2026,18220000.000000,1,OPTFUT,NCO,50.000000,10,False
168742,GOLD26NOV182500PE,GOLD,27NOV2026,18250000.000000,1,OPTFUT,NCO,50.000000,10,False
168762,GOLD26NOV183500PE,GOLD,27NOV2026,18350000.000000,1,OPTFUT,NCO,50.000000,10,False
168764,GOLD26NOV183600PE,GOLD,27NOV2026,18360000.000000,1,OPTFUT,NCO,50.000000,10,False
168774,GOLD26NOV184100PE,GOLD,27NOV2026,18410000.000000,1,OPTFUT,NCO,50.000000,10,False
168775,GOLD26NOV184200CE,GOLD,27NOV2026,18420000.000000,1,OPTFUT,NCO,50.000000,10,False
168780,GOLD26NOV184400PE,GOLD,27NOV2026,18440000.000000,1,OPTFUT,NCO,50.000000,10,False
168784,GOLD26NOV184600PE,GOLD,27NOV2026,18460000.000000,1,OPTFUT,NCO,50.000000,10,False
148559,SILVERM26OCT273000CE,SILVERM,23OCT2026,27300000.000000,1,OPTFUT,NCO,50.000000,120,False
148563,SILVERM26OCT273500CE,SILVERM,23OCT2026,27350000.000000,1,OPTFUT,NCO,50.000000,120,False
148564,SILVERM26OCT273500PE,SILVERM,23OCT2026,27350000.000000,1,OPTFUT,NCO,50.000000,120,False
148577,SILVERM26NOV266500CE,SILVERM,23NOV2026,26650000.000000,1,OPTFUT,NCO,50.000000,120,False
168787,GOLD26NOV184800CE,GOLD,27NOV2026,18480000.000000,1,OPTFUT,NCO,50.000000,10,False
168795,GOLD26NOV185200CE,GOLD,27NOV2026,18520000.000000,1,OPTFUT,NCO,50.000000,10,False
168799,GOLD26NOV185400CE,GOLD,27NOV2026,18540000.000000,1,OPTFUT,NCO,50.000000,10,False
168801,GOLD26NOV185500CE,GOLD,27NOV2026,18550000.000000,1,OPTFUT,NCO,50.000000,10,False
148582,SILVERM26NOV267000PE,SILVERM,23NOV2026,26700000.000000,1,OPTFUT,NCO,50.000000,120,False
148588,SILVERM26NOV267750PE,SILVERM,23NOV2026,26775000.000000,1,OPTFUT,NCO,50.000000,120,False
148593,SILVERM26NOV268500CE,SILVERM,23NOV2026,26850000.000000,1,OPTFUT,NCO,50.000000,120,False
148599,SILVERM26NOV269250CE,SILVERM,23NOV2026,26925000.000000,1,OPTFUT,NCO,50.000000,120,False
168832,GOLD26NOV187000PE,GOLD,27NOV2026,18700000.000000,1,OPTFUT,NCO,50.000000,10,False
168847,GOLD26DEC177700CE,GOLD,29DEC2026,17770000.000000,1,OPTFUT,NCO,50.000000,10,False
168855,GOLD26DEC178100CE,GOLD,29DEC2026,17810000.000000,1,OPTFUT,NCO,50.000000,10,False
168857,GOLD26DEC178200CE,GOLD,29DEC2026,17820000.000000,1,OPTFUT,NCO,50.000000,10,False
148610,SILVERM26NOV270500PE,SILVERM,23NOV2026,27050000.000000,1,OPTFUT,NCO,50.000000,120,False
148617,SILVERM26NOV271500CE,SILVERM,23NOV2026,27150000.000000,1,OPTFUT,NCO,50.000000,120,False
148647,SILVERM26NOV275250CE,SILVERM,23NOV2026,27525000.000000,1,OPTFUT,NCO,50.000000,120,False
148648,SILVERM26NOV275250PE,SILVERM,23NOV2026,27525000.000000,1,OPTFUT,NCO,50.000000,120,False
168864,GOLD26DEC178500PE,GOLD,29DEC2026,17850000.000000,1,OPTFUT,NCO,50.000000,10,False
168871,GOLD26DEC178900CE,GOLD,29DEC2026,17890000.000000,1,OPTFUT,NCO,50.000000,10,False
168872,GOLD26DEC178900PE,GOLD,29DEC2026,17890000.000000,1,OPTFUT,NCO,50.000000,10,False
168884,GOLD26DEC179500PE,GOLD,29DEC2026,17950000.000000,1,OPTFUT,NCO,50.000000,10,False
168896,GOLD26DEC180100PE,GOLD,29DEC2026,18010000.000000,1,OPTFUT,NCO,50.000000,10,False
168899,GOLD26DEC180300CE,GOLD,29DEC2026,18030000.000000,1,OPTFUT,NCO,50.000000,10,False
168901,GOLD26DEC180400CE,GOLD,29DEC2026,18040000.000000,1,OPTFUT,NCO,50.000000,10,False
168912,GOLD26DEC180900PE,GOLD,29DEC2026,18090000.000000,1,OPTFUT,NCO,50.000000,10,False
148653,SILVERM26NOV276000CE,SILVERM,23NOV2026,27600000.000000,1,OPTFUT,NCO,50.000000,120,False
148656,SILVERM26NOV276250PE,SILVERM,23NOV2026,27625000.000000,1,OPTFUT,NCO,50.000000,120,False
148666,SILVERM26DEC268750PE,SILVERM,23DEC2026,26875000.000000,1,OPTFUT,NCO,50.000000,120,False
148667,SILVERM26DEC269000CE,SILVERM,23DEC2026,26900000.000000,1,OPTFUT,NCO,50.000000,120,False
168924,GOLD26DEC181500PE,GOLD,29DEC2026,18150000.000000,1,OPTFUT,NCO,50.000000,10,False
168933,GOLD26DEC182000CE,GOLD,29DEC2026,18200000.000000,1,OPTFUT,NCO,50.000000,10,False
168958,GOLD26DEC183200PE,GOLD,29DEC2026,18320000.000000,1,OPTFUT,NCO,50.000000,10,False
168972,GOLD26DEC183900PE,GOLD,29DEC2026,18390000.000000,1,OPTFUT,NCO,50.000000,10,False
148668,SILVERM26DEC269000PE,SILVERM,23DEC2026,26900000.000000,1,OPTFUT,NCO,50.000000,120,False
148670,SILVERM26DEC269250PE,SILVERM,23DEC2026,26925000.000000,1,OPTFUT,NCO,50.000000,120,False
148676,SILVERM26DEC270000PE,SILVERM,23DEC2026,27000000.000000,1,OPTFUT,NCO,50.000000,120,False
148694,SILVERM26DEC272250PE,SILVERM,23DEC2026,27225000.000000,1,OPTFUT,NCO,50.000000,120,False
168974,GOLD26DEC184000PE,GOLD,29DEC2026,18400000.000000,1,OPTFUT,NCO,50.000000,10,False
169002,GOLD26DEC185400PE,GOLD,29DEC2026,18540000.000000,1,OPTFUT,NCO,50.000000,10,False
169006,GOLD26DEC185600PE,GOLD,29DEC2026,18560000.000000,1,OPTFUT,NCO,50.000000,10,False
169008,GOLD26DEC185700PE,GOLD,29DEC2026,18570000.000000,1,OPTFUT,NCO,50.000000,10,False
148695,SILVERM26DEC272500CE,SILVERM,23DEC2026,27250000.000000,1,OPTFUT,NCO,50.000000,120,False
148715,SILVERM26DEC275000CE,SILVERM,23DEC2026,27500000.000000,1,OPTFUT,NCO,50.000000,120,False
169012,GOLD26DEC185900PE,GOLD,29DEC2026,18590000.000000,1,OPTFUT,NCO,50.000000,10,False
169018,GOLD26DEC186200PE,GOLD,29DEC2026,18620000.000000,1,OPTFUT,NCO,50.000000,10,False
169026,GOLD26DEC186600PE,GOLD,29DEC2026,18660000.000000,1,OPTFUT,NCO,50.000000,10,False
169043,GOLD26DEC187500CE,GOLD,29DEC2026,18750000.000000,1,OPTFUT,NCO,50.000000,10,False
148711,SILVERM26DEC274500CE,SILVERM,23DEC2026,27450000.000000,1,OPTFUT,NCO,50.000000,120,False
148713,SILVERM26DEC274750CE,SILVERM,23DEC2026,27475000.000000,1,OPTFUT,NCO,50.000000,120,False
169044,GOLD26DEC187500PE,GOLD,29DEC2026,18750000.000000,1,OPTFUT,NCO,50.000000,10,False
169045,GOLD26DEC187600CE,GOLD,29DEC2026,18760000.000000,1,OPTFUT,NCO,50.000000,10,False
169051,GOLD26DEC187900CE,GOLD,29DEC2026,18790000.000000,1,OPTFUT,NCO,50.000000,10,False
169052,GOLD26DEC187900PE,GOLD,29DEC2026,18790000.000000,1,OPTFUT,NCO,50.000000,10,False
148545,SILVERM26OCT271250CE,SILVERM,23OCT2026,27125000.000000,1,OPTFUT,NCO,50.000000,120,False
148727,SILVERM26DEC276500CE,SILVERM,23DEC2026,27650000.000000,1,OPTFUT,NCO,50.000000,120,False
148733,SILVERM26DEC277250CE,SILVERM,23DEC2026,27725000.000000,1,OPTFUT,NCO,50.000000,120,False
148745,SILVERM26DEC227000CE,SILVERM,23DEC2026,22700000.000000,1,OPTFUT,NCO,50.000000,120,False
148553,SILVERM26OCT272250CE,SILVERM,23OCT2026,27225000.000000,1,OPTFUT,NCO,50.000000,120,False
148569,SILVERM26OCT274250CE,SILVERM,23OCT2026,27425000.000000,1,OPTFUT,NCO,50.000000,120,False
148585,SILVERM26NOV267500CE,SILVERM,23NOV2026,26750000.000000,1,OPTFUT,NCO,50.000000,120,False
148632,SILVERM26NOV273250PE,SILVERM,23NOV2026,27325000.000000,1,OPTFUT,NCO,50.000000,120,False
170800,SILVERM26SEP383250PE,SILVERM,23SEP2026,38325000.000000,1,OPTFUT,NCO,50.000000,120,False
170815,SILVERM26SEP385250CE,SILVERM,23SEP2026,38525000.000000,1,OPTFUT,NCO,50.000000,120,False
170821,SILVERM26SEP386000CE,SILVERM,23SEP2026,38600000.000000,1,OPTFUT,NCO,50.000000,120,False
170823,SILVERM26SEP386250CE,SILVERM,23SEP2026,38625000.000000,1,OPTFUT,NCO,50.000000,120,False
148634,SILVERM26NOV273500PE,SILVERM,23NOV2026,27350000.000000,1,OPTFUT,NCO,50.000000,120,False
148635,SILVERM26NOV273750CE,SILVERM,23NOV2026,27375000.000000,1,OPTFUT,NCO,50.000000,120,False
148649,SILVERM26NOV275500CE,SILVERM,23NOV2026,27550000.000000,1,OPTFUT,NCO,50.000000,120,False
148671,SILVERM26DEC269500CE,SILVERM,23DEC2026,26950000.000000,1,OPTFUT,NCO,50.000000,120,False
170827,SILVERM26SEP386750CE,SILVERM,23SEP2026,38675000.000000,1,OPTFUT,NCO,50.000000,120,False
170839,SILVERM26SEP388250CE,SILVERM,23SEP2026,38825000.000000,1,OPTFUT,NCO,50.000000,120,False
170861,SILVERM26SEP391000CE,SILVERM,23SEP2026,39100000.000000,1,OPTFUT,NCO,50.000000,120,False
170880,SILVERM26SEP393250PE,SILVERM,23SEP2026,39325000.000000,1,OPTFUT,NCO,50.000000,120,False
148717,SILVERM26DEC275250CE,SILVERM,23DEC2026,27525000.000000,1,OPTFUT,NCO,50.000000,120,False
148735,SILVERM26DEC277500CE,SILVERM,23DEC2026,27750000.000000,1,OPTFUT,NCO,50.000000,120,False
148738,SILVERM26DEC277750PE,SILVERM,23DEC2026,27775000.000000,1,OPTFUT,NCO,50.000000,120,False
148749,SILVERM26DEC227500CE,SILVERM,23DEC2026,22750000.000000,1,OPTFUT,NCO,50.000000,120,False
170885,SILVERM26SEP394000CE,SILVERM,23SEP2026,39400000.000000,1,OPTFUT,NCO,50.000000,120,False
170890,SILVERM26SEP394500PE,SILVERM,23SEP2026,39450000.000000,1,OPTFUT,NCO,50.000000,120,False
170891,SILVERM26SEP394750CE,SILVERM,23SEP2026,39475000.000000,1,OPTFUT,NCO,50.000000,120,False
170901,SILVERM26SEP396000CE,SILVERM,23SEP2026,39600000.000000,1,OPTFUT,NCO,50.000000,120,False
148755,SILVERM26DEC228250CE,SILVERM,23DEC2026,22825000.000000,1,OPTFUT,NCO,50.000000,120,False
148766,SILVERM26DEC229500PE,SILVERM,23DEC2026,22950000.000000,1,OPTFUT,NCO,50.000000,120,False
148780,SILVERM26DEC231250PE,SILVERM,23DEC2026,23125000.000000,1,OPTFUT,NCO,50.000000,120,False
148787,SILVERM26DEC232250CE,SILVERM,23DEC2026,23225000.000000,1,OPTFUT,NCO,50.000000,120,False
170902,SILVERM26SEP396000PE,SILVERM,23SEP2026,39600000.000000,1,OPTFUT,NCO,50.000000,120,False
170904,SILVERM26SEP396250PE,SILVERM,23SEP2026,39625000.000000,1,OPTFUT,NCO,50.000000,120,False
170910,SILVERM26SEP397000PE,SILVERM,23SEP2026,39700000.000000,1,OPTFUT,NCO,50.000000,120,False
170920,SILVERM26SEP398250PE,SILVERM,23SEP2026,39825000.000000,1,OPTFUT,NCO,50.000000,120,False
148840,SILVERM26DEC232500PE,SILVERM,23DEC2026,23250000.000000,1,OPTFUT,NCO,50.000000,120,False
148849,GOLD26SEP166400CE,GOLD,25SEP2026,16640000.000000,1,OPTFUT,NCO,50.000000,10,False
148850,GOLD26SEP166400PE,GOLD,25SEP2026,16640000.000000,1,OPTFUT,NCO,50.000000,10,False
148852,GOLD26SEP166500PE,GOLD,25SEP2026,16650000.000000,1,OPTFUT,NCO,50.000000,10,False
170925,SILVERM26SEP399000CE,SILVERM,23SEP2026,39900000.000000,1,OPTFUT,NCO,50.000000,120,False
170929,SILVERM26SEP399500CE,SILVERM,23SEP2026,39950000.000000,1,OPTFUT,NCO,50.000000,120,False
170932,SILVERM26SEP399750PE,SILVERM,23SEP2026,39975000.000000,1,OPTFUT,NCO,50.000000,120,False
170941,SILVERM26SEP401000CE,SILVERM,23SEP2026,40100000.000000,1,OPTFUT,NCO,50.000000,120,False
148869,GOLD26SEP167400CE,GOLD,25SEP2026,16740000.000000,1,OPTFUT,NCO,50.000000,10,False
148885,GOLD26SEP168200CE,GOLD,25SEP2026,16820000.000000,1,OPTFUT,NCO,50.000000,10,False
148886,GOLD26SEP168200PE,GOLD,25SEP2026,16820000.000000,1,OPTFUT,NCO,50.000000,10,False
148888,GOLD26OCT164400PE,GOLD,29OCT2026,16440000.000000,1,OPTFUT,NCO,50.000000,10,False
170952,SILVERM26SEP402250PE,SILVERM,23SEP2026,40225000.000000,1,OPTFUT,NCO,50.000000,120,False
170954,SILVERM26SEP402500PE,SILVERM,23SEP2026,40250000.000000,1,OPTFUT,NCO,50.000000,120,False
170962,SILVERM26SEP403500PE,SILVERM,23SEP2026,40350000.000000,1,OPTFUT,NCO,50.000000,120,False
170968,SILVERM26SEP404250PE,SILVERM,23SEP2026,40425000.000000,1,OPTFUT,NCO,50.000000,120,False
148894,GOLD26OCT164700PE,GOLD,29OCT2026,16470000.000000,1,OPTFUT,NCO,50.000000,10,False
148915,SILVERM26DEC235750CE,SILVERM,23DEC2026,23575000.000000,1,OPTFUT,NCO,50.000000,120,False
148921,SILVERM27JAN214000CE,SILVERM,21JAN2027,21400000.000000,1,OPTFUT,NCO,50.000000,120,False
148923,SILVERM27JAN214250CE,SILVERM,21JAN2027,21425000.000000,1,OPTFUT,NCO,50.000000,120,False
170976,SILVERM26OCT385000PE,SILVERM,23OCT2026,38500000.000000,1,OPTFUT,NCO,50.000000,120,False
170999,SILVERM26OCT388000CE,SILVERM,23OCT2026,38800000.000000,1,OPTFUT,NCO,50.000000,120,False
171007,SILVERM26OCT389000CE,SILVERM,23OCT2026,38900000.000000,1,OPTFUT,NCO,50.000000,120,False
171013,SILVERM26OCT389750CE,SILVERM,23OCT2026,38975000.000000,1,OPTFUT,NCO,50.000000,120,False
148924,SILVERM27JAN214250PE,SILVERM,21JAN2027,21425000.000000,1,OPTFUT,NCO,50.000000,120,False
148933,SILVERM27JAN215500CE,SILVERM,21JAN2027,21550000.000000,1,OPTFUT,NCO,50.000000,120,False
148936,SILVERM27JAN215750PE,SILVERM,21JAN2027,21575000.000000,1,OPTFUT,NCO,50.000000,120,False
149256,SILVERM26SEP275250PE,SILVERM,23SEP2026,27525000.000000,1,OPTFUT,NCO,50.000000,120,False
171020,SILVERM26OCT390500PE,SILVERM,23OCT2026,39050000.000000,1,OPTFUT,NCO,50.000000,120,False
171032,SILVERM26OCT392000PE,SILVERM,23OCT2026,39200000.000000,1,OPTFUT,NCO,50.000000,120,False
171037,SILVERM26OCT392750CE,SILVERM,23OCT2026,39275000.000000,1,OPTFUT,NCO,50.000000,120,False
171051,SILVERM26OCT394500CE,SILVERM,23OCT2026,39450000.000000,1,OPTFUT,NCO,50.000000,120,False
149266,SILVERM26SEP276500PE,SILVERM,23SEP2026,27650000.000000,1,OPTFUT,NCO,50.000000,120,False
149267,SILVERM26SEP276750CE,SILVERM,23SEP2026,27675000.000000,1,OPTFUT,NCO,50.000000,120,False
149270,SILVERM26SEP277000PE,SILVERM,23SEP2026,27700000.000000,1,OPTFUT,NCO,50.000000,120,False
149276,SILVERM26SEP277750PE,SILVERM,23SEP2026,27775000.000000,1,OPTFUT,NCO,50.000000,120,False
171084,SILVERM26OCT398500PE,SILVERM,23OCT2026,39850000.000000,1,OPTFUT,NCO,50.000000,120,False
171093,SILVERM26OCT399750CE,SILVERM,23OCT2026,39975000.000000,1,OPTFUT,NCO,50.000000,120,False
171095,SILVERM26OCT400000CE,SILVERM,23OCT2026,40000000.000000,1,OPTFUT,NCO,50.000000,120,False
171103,SILVERM26OCT401000CE,SILVERM,23OCT2026,40100000.000000,1,OPTFUT,NCO,50.000000,120,False
149288,SILVERM26SEP279250PE,SILVERM,23SEP2026,27925000.000000,1,OPTFUT,NCO,50.000000,120,False
149292,SILVERM26SEP279750PE,SILVERM,23SEP2026,27975000.000000,1,OPTFUT,NCO,50.000000,120,False
149293,SILVERM26SEP280000CE,SILVERM,23SEP2026,28000000.000000,1,OPTFUT,NCO,50.000000,120,False
149296,SILVERM26OCT275250PE,SILVERM,23OCT2026,27525000.000000,1,OPTFUT,NCO,50.000000,120,False
171127,SILVERM26OCT404000CE,SILVERM,23OCT2026,40400000.000000,1,OPTFUT,NCO,50.000000,120,False
171131,SILVERM26OCT404500CE,SILVERM,23OCT2026,40450000.000000,1,OPTFUT,NCO,50.000000,120,False
171147,SILVERM26OCT406500CE,SILVERM,23OCT2026,40650000.000000,1,OPTFUT,NCO,50.000000,120,False
171152,SILVERM26NOV386750PE,SILVERM,23NOV2026,38675000.000000,1,OPTFUT,NCO,50.000000,120,False
171174,SILVERM26NOV389500PE,SILVERM,23NOV2026,38950000.000000,1,OPTFUT,NCO,50.000000,120,False
171211,SILVERM26NOV394250CE,SILVERM,23NOV2026,39425000.000000,1,OPTFUT,NCO,50.000000,120,False
149308,SILVERM26OCT276750PE,SILVERM,23OCT2026,27675000.000000,1,OPTFUT,NCO,50.000000,120,False
149310,SILVERM26OCT277000PE,SILVERM,23OCT2026,27700000.000000,1,OPTFUT,NCO,50.000000,120,False
149311,SILVERM26OCT277250CE,SILVERM,23OCT2026,27725000.000000,1,OPTFUT,NCO,50.000000,120,False
149315,SILVERM26OCT277750CE,SILVERM,23OCT2026,27775000.000000,1,OPTFUT,NCO,50.000000,120,False
171203,SILVERM26NOV393250CE,SILVERM,23NOV2026,39325000.000000,1,OPTFUT,NCO,50.000000,120,False
171205,SILVERM26NOV393500CE,SILVERM,23NOV2026,39350000.000000,1,OPTFUT,NCO,50.000000,120,False
149331,SILVERM26OCT279750CE,SILVERM,23OCT2026,27975000.000000,1,OPTFUT,NCO,50.000000,120,False
149347,SILVERM26NOV276750CE,SILVERM,23NOV2026,27675000.000000,1,OPTFUT,NCO,50.000000,120,False
149354,SILVERM26NOV277500PE,SILVERM,23NOV2026,27750000.000000,1,OPTFUT,NCO,50.000000,120,False
149368,SILVERM26NOV279250PE,SILVERM,23NOV2026,27925000.000000,1,OPTFUT,NCO,50.000000,120,False
171216,SILVERM26NOV394750PE,SILVERM,23NOV2026,39475000.000000,1,OPTFUT,NCO,50.000000,120,False
171219,SILVERM26NOV395250CE,SILVERM,23NOV2026,39525000.000000,1,OPTFUT,NCO,50.000000,120,False
171224,SILVERM26NOV395750PE,SILVERM,23NOV2026,39575000.000000,1,OPTFUT,NCO,50.000000,120,False
171233,SILVERM26NOV397000CE,SILVERM,23NOV2026,39700000.000000,1,OPTFUT,NCO,50.000000,120,False
149373,SILVERM26NOV280000CE,SILVERM,23NOV2026,28000000.000000,1,OPTFUT,NCO,50.000000,120,False
149379,SILVERM26NOV280750CE,SILVERM,23NOV2026,28075000.000000,1,OPTFUT,NCO,50.000000,120,False
149386,SILVERM26NOV281500PE,SILVERM,23NOV2026,28150000.000000,1,OPTFUT,NCO,50.000000,120,False
149389,SILVERM26NOV282000CE,SILVERM,23NOV2026,28200000.000000,1,OPTFUT,NCO,50.000000,120,False
171243,SILVERM26NOV398250CE,SILVERM,23NOV2026,39825000.000000,1,OPTFUT,NCO,50.000000,120,False
171251,SILVERM26NOV399250CE,SILVERM,23NOV2026,39925000.000000,1,OPTFUT,NCO,50.000000,120,False
171277,SILVERM26NOV402500CE,SILVERM,23NOV2026,40250000.000000,1,OPTFUT,NCO,50.000000,120,False
171280,SILVERM26NOV402750PE,SILVERM,23NOV2026,40275000.000000,1,OPTFUT,NCO,50.000000,120,False
149401,SILVERM26DEC278500CE,SILVERM,23DEC2026,27850000.000000,1,OPTFUT,NCO,50.000000,120,False
149410,SILVERM26DEC279500PE,SILVERM,23DEC2026,27950000.000000,1,OPTFUT,NCO,50.000000,120,False
171283,SILVERM26NOV403250CE,SILVERM,23NOV2026,40325000.000000,1,OPTFUT,NCO,50.000000,120,False
171288,SILVERM26NOV403750PE,SILVERM,23NOV2026,40375000.000000,1,OPTFUT,NCO,50.000000,120,False
171293,SILVERM26NOV404500CE,SILVERM,23NOV2026,40450000.000000,1,OPTFUT,NCO,50.000000,120,False
171294,SILVERM26NOV404500PE,SILVERM,23NOV2026,40450000.000000,1,OPTFUT,NCO,50.000000,120,False
149404,SILVERM26DEC278750PE,SILVERM,23DEC2026,27875000.000000,1,OPTFUT,NCO,50.000000,120,False
149406,SILVERM26DEC279000PE,SILVERM,23DEC2026,27900000.000000,1,OPTFUT,NCO,50.000000,120,False
149426,SILVERM26DEC281500PE,SILVERM,23DEC2026,28150000.000000,1,OPTFUT,NCO,50.000000,120,False
149430,SILVERM26DEC282000PE,SILVERM,23DEC2026,28200000.000000,1,OPTFUT,NCO,50.000000,120,False
149443,SILVERM26DEC283750CE,SILVERM,23DEC2026,28375000.000000,1,OPTFUT,NCO,50.000000,120,False
149447,SILVERM26DEC284250CE,SILVERM,23DEC2026,28425000.000000,1,OPTFUT,NCO,50.000000,120,False
171306,SILVERM26NOV406000PE,SILVERM,23NOV2026,40600000.000000,1,OPTFUT,NCO,50.000000,120,False
171315,SILVERM26NOV407250CE,SILVERM,23NOV2026,40725000.000000,1,OPTFUT,NCO,50.000000,120,False
171324,SILVERM26NOV408250PE,SILVERM,23NOV2026,40825000.000000,1,OPTFUT,NCO,50.000000,120,False
171330,SILVERM26NOV409000PE,SILVERM,23NOV2026,40900000.000000,1,OPTFUT,NCO,50.000000,120,False
171342,SILVERM26DEC390000PE,SILVERM,23DEC2026,39000000.000000,1,OPTFUT,NCO,50.000000,120,False
171351,SILVERM26DEC391250CE,SILVERM,23DEC2026,39125000.000000,1,OPTFUT,NCO,50.000000,120,False
171352,SILVERM26DEC391250PE,SILVERM,23DEC2026,39125000.000000,1,OPTFUT,NCO,50.000000,120,False
171354,SILVERM26DEC391500PE,SILVERM,23DEC2026,39150000.000000,1,OPTFUT,NCO,50.000000,120,False
149450,SILVERM27JAN217000PE,SILVERM,21JAN2027,21700000.000000,1,OPTFUT,NCO,50.000000,120,False
149457,GOLD26OCT165000CE,GOLD,29OCT2026,16500000.000000,1,OPTFUT,NCO,50.000000,10,False
149477,SILVERM27JAN218500CE,SILVERM,21JAN2027,21850000.000000,1,OPTFUT,NCO,50.000000,120,False
149491,SILVERM27JAN220250CE,SILVERM,21JAN2027,22025000.000000,1,OPTFUT,NCO,50.000000,120,False
171356,SILVERM26DEC391750PE,SILVERM,23DEC2026,39175000.000000,1,OPTFUT,NCO,50.000000,120,False
171412,SILVERM26DEC398750PE,SILVERM,23DEC2026,39875000.000000,1,OPTFUT,NCO,50.000000,120,False
171415,SILVERM26DEC399250CE,SILVERM,23DEC2026,39925000.000000,1,OPTFUT,NCO,50.000000,120,False
171422,SILVERM26DEC400000PE,SILVERM,23DEC2026,40000000.000000,1,OPTFUT,NCO,50.000000,120,False
121617,SILVER26DEC259000PE,SILVER,01DEC2026,25900000.000000,1,OPTBLN,NCO,50.000000,20,False
121648,GOLD27JAN169300CE,GOLD,29JAN2027,16930000.000000,1,OPTFUT,NCO,50.000000,10,False
121661,CRUDEOIL26OCT5550PE,CRUDEOIL,08OCT2026,555000.000000,1,OPTFUT,NCO,10.000000,100,False
121671,SILVERM27APRFUT,SILVERM,30APR2027,-1.000000,1,FUTBLN,NCO,100.000000,120,False
149494,SILVERM27JAN220500PE,SILVERM,21JAN2027,22050000.000000,1,OPTFUT,NCO,50.000000,120,False
149496,SILVERM27JAN220750PE,SILVERM,21JAN2027,22075000.000000,1,OPTFUT,NCO,50.000000,120,False
149500,SILVERM27JAN221250PE,SILVERM,21JAN2027,22125000.000000,1,OPTFUT,NCO,50.000000,120,False
149517,SILVERM27JAN223500CE,SILVERM,21JAN2027,22350000.000000,1,OPTFUT,NCO,50.000000,120,False
171428,SILVERM26DEC400750PE,SILVERM,23DEC2026,40075000.000000,1,OPTFUT,NCO,50.000000,120,False
171431,SILVERM26DEC401250CE,SILVERM,23DEC2026,40125000.000000,1,OPTFUT,NCO,50.000000,120,False
171433,SILVERM26DEC401500CE,SILVERM,23DEC2026,40150000.000000,1,OPTFUT,NCO,50.000000,120,False
171445,SILVERM26DEC403000CE,SILVERM,23DEC2026,40300000.000000,1,OPTFUT,NCO,50.000000,120,False
149525,SILVERM27JAN224500CE,SILVERM,21JAN2027,22450000.000000,1,OPTFUT,NCO,50.000000,120,False
149535,SILVERM27JAN225750CE,SILVERM,21JAN2027,22575000.000000,1,OPTFUT,NCO,50.000000,120,False
149543,SILVERM27JAN226750CE,SILVERM,21JAN2027,22675000.000000,1,OPTFUT,NCO,50.000000,120,False
149574,SILVERM27JAN230500PE,SILVERM,21JAN2027,23050000.000000,1,OPTFUT,NCO,50.000000,120,False
171453,SILVERM26DEC404000CE,SILVERM,23DEC2026,40400000.000000,1,OPTFUT,NCO,50.000000,120,False
171455,SILVERM26DEC404250CE,SILVERM,23DEC2026,40425000.000000,1,OPTFUT,NCO,50.000000,120,False
171469,SILVERM26DEC406000CE,SILVERM,23DEC2026,40600000.000000,1,OPTFUT,NCO,50.000000,120,False
121686,GOLD27JAN171700CE,GOLD,29JAN2027,17170000.000000,1,OPTFUT,NCO,50.000000,10,False
121695,GOLD27JAN169800PE,GOLD,29JAN2027,16980000.000000,1,OPTFUT,NCO,50.000000,10,False
121697,GOLD27JAN169900PE,GOLD,29JAN2027,16990000.000000,1,OPTFUT,NCO,50.000000,10,False
121698,GOLD27JAN170000CE,GOLD,29JAN2027,17000000.000000,1,OPTFUT,NCO,50.000000,10,False
171461,SILVERM26DEC405000CE,SILVERM,23DEC2026,40500000.000000,1,OPTFUT,NCO,50.000000,120,False
149575,SILVERM27JAN230750CE,SILVERM,21JAN2027,23075000.000000,1,OPTFUT,NCO,50.000000,120,False
149602,SILVERM27JAN234000PE,SILVERM,21JAN2027,23400000.000000,1,OPTFUT,NCO,50.000000,120,False
149603,SILVERM27JAN234250CE,SILVERM,21JAN2027,23425000.000000,1,OPTFUT,NCO,50.000000,120,False
149608,SILVERM27JAN234750PE,SILVERM,21JAN2027,23475000.000000,1,OPTFUT,NCO,50.000000,120,False
171474,SILVERM26DEC406500PE,SILVERM,23DEC2026,40650000.000000,1,OPTFUT,NCO,50.000000,120,False
171475,SILVERM26DEC406750CE,SILVERM,23DEC2026,40675000.000000,1,OPTFUT,NCO,50.000000,120,False
171477,SILVERM26DEC407000CE,SILVERM,23DEC2026,40700000.000000,1,OPTFUT,NCO,50.000000,120,False
171485,SILVERM26DEC408000CE,SILVERM,23DEC2026,40800000.000000,1,OPTFUT,NCO,50.000000,120,False
5,BRENTCRUDEOILMINI,BRCRUDEM,,-1.000000,1,UNDCOM,NCO,100.000000,1000,False
9,GOLD1GM,GOLD1G,,-1.000000,1,UNDCOM,NCO,100.000000,10000,False
22,GOLD10GM,GOLD10G,,-1.000000,1,UNDCOM,NCO,100.000000,1000,False
121699,GOLD27JAN170000PE,GOLD,29JAN2027,17000000.000000,1,OPTFUT,NCO,50.000000,10,False
121703,GOLD27JAN170200PE,GOLD,29JAN2027,17020000.000000,1,OPTFUT,NCO,50.000000,10,False
121706,GOLD27JAN170400CE,GOLD,29JAN2027,17040000.000000,1,OPTFUT,NCO,50.000000,10,False
121743,SILVER27MAR207000CE,SILVER,02MAR2027,20700000.000000,1,OPTBLN,NCO,50.000000,20,False
171487,SILVERM26DEC408250CE,SILVERM,23DEC2026,40825000.000000,1,OPTFUT,NCO,50.000000,120,False
149617,SILVERM27JAN236000CE,SILVERM,21JAN2027,23600000.000000,1,OPTFUT,NCO,50.000000,120,False
149618,SILVERM27JAN236000PE,SILVERM,21JAN2027,23600000.000000,1,OPTFUT,NCO,50.000000,120,False
149623,SILVERM27JAN236750CE,SILVERM,21JAN2027,23675000.000000,1,OPTFUT,NCO,50.000000,120,False
149635,SILVERM27JAN238250CE,SILVERM,21JAN2027,23825000.000000,1,OPTFUT,NCO,50.000000,120,False
121760,CRUDEOIL26NOV11250CE,CRUDEOIL,10NOV2026,1125000.000000,1,OPTFUT,NCO,10.000000,100,False
121768,CRUDEOIL26NOV11250PE,CRUDEOIL,10NOV2026,1125000.000000,1,OPTFUT,NCO,10.000000,100,False
121793,SILVER26DEC251250CE,SILVER,01DEC2026,25125000.000000,1,OPTBLN,NCO,50.000000,20,False
121797,GOLD27JAN171000PE,GOLD,29JAN2027,17100000.000000,1,OPTFUT,NCO,50.000000,10,False
149643,SILVERM27FEB215000CE,SILVERM,19FEB2027,21500000.000000,1,OPTFUT,NCO,50.000000,120,False
149917,SILVERM27FEB215500CE,SILVERM,19FEB2027,21550000.000000,1,OPTFUT,NCO,50.000000,120,False
149927,SILVERM27FEB216750CE,SILVERM,19FEB2027,21675000.000000,1,OPTFUT,NCO,50.000000,120,False
149943,SILVERM27FEB218750CE,SILVERM,19FEB2027,21875000.000000,1,OPTFUT,NCO,50.000000,120,False
121801,SILVERM27AUG236750CE,SILVERM,24AUG2027,23675000.000000,1,OPTFUT,NCO,50.000000,120,False
121843,SILVER26DEC196750CE,SILVER,01DEC2026,19675000.000000,1,OPTBLN,NCO,50.000000,20,False
121850,COPPER26SEP1425CE,COPPER,23SEP2026,142500.000000,1,OPTFUT,NCO,1.000000,70,False
121860,SILVER26DEC252750PE,SILVER,01DEC2026,25275000.000000,1,OPTBLN,NCO,50.000000,20,False
149947,SILVERM27FEB219250CE,SILVERM,19FEB2027,21925000.000000,1,OPTFUT,NCO,50.000000,120,False
149956,SILVERM27FEB220250PE,SILVERM,19FEB2027,22025000.000000,1,OPTFUT,NCO,50.000000,120,False
149961,SILVERM27FEB221000CE,SILVERM,19FEB2027,22100000.000000,1,OPTFUT,NCO,50.000000,120,False
150137,GOLD26SEP148600CE,GOLD,25SEP2026,14860000.000000,1,OPTFUT,NCO,50.000000,10,False
121879,SILVER26DEC253750CE,SILVER,01DEC2026,25375000.000000,1,OPTBLN,NCO,50.000000,20,False
121883,COPPER26SEP1430PE,COPPER,23SEP2026,143000.000000,1,OPTFUT,NCO,1.000000,70,False
121890,COPPER26NOV1415PE,COPPER,23NOV2026,141500.000000,1,OPTFUT,NCO,1.000000,70,False
121901,COPPER26NOV1435CE,COPPER,23NOV2026,143500.000000,1,OPTFUT,NCO,1.000000,70,False
150149,GOLD26SEP149200CE,GOLD,25SEP2026,14920000.000000,1,OPTFUT,NCO,50.000000,10,False
150151,GOLD26SEP149300CE,GOLD,25SEP2026,14930000.000000,1,OPTFUT,NCO,50.000000,10,False
150160,GOLD26SEP149700PE,GOLD,25SEP2026,14970000.000000,1,OPTFUT,NCO,50.000000,10,False
150166,GOLD26OCT149300PE,GOLD,29OCT2026,14930000.000000,1,OPTFUT,NCO,50.000000,10,False
121904,NATURALGAS26OCT355PE,NATURALGAS,21OCT2026,35500.000000,1,OPTFUT,NCO,5.000000,48,False
121907,SILVERM27JAN250250PE,SILVERM,21JAN2027,25025000.000000,1,OPTFUT,NCO,50.000000,120,False
121911,SILVER26DEC254250PE,SILVER,01DEC2026,25425000.000000,1,OPTBLN,NCO,50.000000,20,False
121921,SILVERM27JUN246250PE,SILVERM,23JUN2027,24625000.000000,1,OPTFUT,NCO,50.000000,120,False
150169,GOLD26OCT149500CE,GOLD,29OCT2026,14950000.000000,1,OPTFUT,NCO,50.000000,10,False
150174,GOLD26OCT149700PE,GOLD,29OCT2026,14970000.000000,1,OPTFUT,NCO,50.000000,10,False
150179,GOLD26OCT150000CE,GOLD,29OCT2026,15000000.000000,1,OPTFUT,NCO,50.000000,10,False
150191,GOLD26OCT150600CE,GOLD,29OCT2026,15060000.000000,1,OPTFUT,NCO,50.000000,10,False
121929,SILVERM27JAN250750CE,SILVERM,21JAN2027,25075000.000000,1,OPTFUT,NCO,50.000000,120,False
121930,SILVERM27JUN246750PE,SILVERM,23JUN2027,24675000.000000,1,OPTFUT,NCO,50.000000,120,False
121932,SILVERM27AUG239750PE,SILVERM,24AUG2027,23975000.000000,1,OPTFUT,NCO,50.000000,120,False
121936,SILVERM27JUN247250PE,SILVERM,23JUN2027,24725000.000000,1,OPTFUT,NCO,50.000000,120,False
150202,GOLD26NOV150300PE,GOLD,27NOV2026,15030000.000000,1,OPTFUT,NCO,50.000000,10,False
150203,GOLD26NOV150400CE,GOLD,27NOV2026,15040000.000000,1,OPTFUT,NCO,50.000000,10,False
150219,GOLD26NOV151200CE,GOLD,27NOV2026,15120000.000000,1,OPTFUT,NCO,50.000000,10,False
150234,GOLD26DEC151200PE,GOLD,29DEC2026,15120000.000000,1,OPTFUT,NCO,50.000000,10,False
121952,SILVER27SEPFUT,SILVER,03SEP2027,-1.000000,1,FUTBLN,NCO,100.000000,20,False
121968,SILVERM27JUN249500CE,SILVERM,23JUN2027,24950000.000000,1,OPTFUT,NCO,50.000000,120,False
121984,GOLD27AUG160200CE,GOLD,27AUG2027,16020000.000000,1,OPTFUT,NCO,50.000000,10,False
121998,NATURALGAS27JANFUT,NATURALGAS,25JAN2027,-1.000000,1,FUTENR,NCO,10.000000,48,False
150244,GOLD26DEC151700PE,GOLD,29DEC2026,15170000.000000,1,OPTFUT,NCO,50.000000,10,False
150248,GOLD26DEC151900PE,GOLD,29DEC2026,15190000.000000,1,OPTFUT,NCO,50.000000,10,False
150260,SILVERM27FEB222500PE,SILVERM,19FEB2027,22250000.000000,1,OPTFUT,NCO,50.000000,120,False
150288,SILVERM27FEB226000PE,SILVERM,19FEB2027,22600000.000000,1,OPTFUT,NCO,50.000000,120,False
122000,CRUDEOIL26OCT5150PE,CRUDEOIL,08OCT2026,515000.000000,1,OPTFUT,NCO,10.000000,100,False
122010,GOLD27AUG158600CE,GOLD,27AUG2027,15860000.000000,1,OPTFUT,NCO,50.000000,10,False
122013,SILVERM26SEP144250CE,SILVERM,23SEP2026,14425000.000000,1,OPTFUT,NCO,50.000000,120,False
122020,GOLD27JULFUT,GOLD,05JUL2027,-1.000000,1,FUTBLN,NCO,100.000000,10,False
150341,GOLD26OCT165400CE,GOLD,29OCT2026,16540000.000000,1,OPTFUT,NCO,50.000000,10,False
150343,GOLD26OCT165500CE,GOLD,29OCT2026,16550000.000000,1,OPTFUT,NCO,50.000000,10,False
150353,GOLD26OCT166000CE,GOLD,29OCT2026,16600000.000000,1,OPTFUT,NCO,50.000000,10,False
150358,GOLD26OCT166200PE,GOLD,29OCT2026,16620000.000000,1,OPTFUT,NCO,50.000000,10,False
122022,GOLDM26OCTFUT,GOLDM,05OCT2026,-1.000000,1,FUTBLN,NCO,100.000000,100,False
122036,GOLD27JUN162000CE,GOLD,28JUN2027,16200000.000000,1,OPTFUT,NCO,50.000000,10,False
122066,SILVER26DEC256000CE,SILVER,01DEC2026,25600000.000000,1,OPTBLN,NCO,50.000000,20,False
122105,SILVER26DEC257000CE,SILVER,01DEC2026,25700000.000000,1,OPTBLN,NCO,50.000000,20,False
122109,GOLD27JUN162400CE,GOLD,28JUN2027,16240000.000000,1,OPTFUT,NCO,50.000000,10,False
122115,SILVERM26NOV168750PE,SILVERM,23NOV2026,16875000.000000,1,OPTFUT,NCO,50.000000,120,False
122119,SILVERM26NOV169250PE,SILVERM,23NOV2026,16925000.000000,1,OPTFUT,NCO,50.000000,120,False
122126,SILVERM27MAY287000CE,SILVERM,24MAY2027,28700000.000000,1,OPTFUT,NCO,50.000000,120,False
150362,GOLD26OCT166400PE,GOLD,29OCT2026,16640000.000000,1,OPTFUT,NCO,50.000000,10,False
150389,GOLD26OCT167800CE,GOLD,29OCT2026,16780000.000000,1,OPTFUT,NCO,50.000000,10,False
150393,GOLD26OCT168000CE,GOLD,29OCT2026,16800000.000000,1,OPTFUT,NCO,50.000000,10,False
150431,GOLD26NOV166000CE,GOLD,27NOV2026,16600000.000000,1,OPTFUT,NCO,50.000000,10,False
122131,SILVERM26NOV170250CE,SILVERM,23NOV2026,17025000.000000,1,OPTFUT,NCO,50.000000,120,False
122139,GOLD27JUN162500CE,GOLD,28JUN2027,16250000.000000,1,OPTFUT,NCO,50.000000,10,False
122144,SILVER26DEC257750PE,SILVER,01DEC2026,25775000.000000,1,OPTBLN,NCO,50.000000,20,False
122148,CRUDEOIL26OCT5250CE,CRUDEOIL,08OCT2026,525000.000000,1,OPTFUT,NCO,10.000000,100,False
150433,GOLD26NOV166100CE,GOLD,27NOV2026,16610000.000000,1,OPTFUT,NCO,50.000000,10,False
150434,GOLD26NOV166100PE,GOLD,27NOV2026,16610000.000000,1,OPTFUT,NCO,50.000000,10,False
150436,GOLD26NOV166200PE,GOLD,27NOV2026,16620000.000000,1,OPTFUT,NCO,50.000000,10,False
150443,GOLD26NOV166600CE,GOLD,27NOV2026,16660000.000000,1,OPTFUT,NCO,50.000000,10,False
122150,SILVER26DEC258250CE,SILVER,01DEC2026,25825000.000000,1,OPTBLN,NCO,50.000000,20,False
122181,NATURALGAS26NOV210CE,NATURALGAS,18NOV2026,21000.000000,1,OPTFUT,NCO,5.000000,48,False
122188,SILVERM26NOV172250PE,SILVERM,23NOV2026,17225000.000000,1,OPTFUT,NCO,50.000000,120,False
122193,SILVERM26NOV172500PE,SILVERM,23NOV2026,17250000.000000,1,OPTFUT,NCO,50.000000,120,False
150444,GOLD26NOV166600PE,GOLD,27NOV2026,16660000.000000,1,OPTFUT,NCO,50.000000,10,False
150477,GOLD26NOV168300CE,GOLD,27NOV2026,16830000.000000,1,OPTFUT,NCO,50.000000,10,False
150483,GOLD26NOV168600CE,GOLD,27NOV2026,16860000.000000,1,OPTFUT,NCO,50.000000,10,False
150494,GOLD26NOV169100PE,GOLD,27NOV2026,16910000.000000,1,OPTFUT,NCO,50.000000,10,False
122216,SILVERM26NOV174250PE,SILVERM,23NOV2026,17425000.000000,1,OPTFUT,NCO,50.000000,120,False
122217,NATURALGAS26NOV220PE,NATURALGAS,18NOV2026,22000.000000,1,OPTFUT,NCO,5.000000,48,False
122225,SILVERM26NOV175000PE,SILVERM,23NOV2026,17500000.000000,1,OPTFUT,NCO,50.000000,120,False
122228,GOLD27JUN152600CE,GOLD,28JUN2027,15260000.000000,1,OPTFUT,NCO,50.000000,10,False
150496,GOLD26NOV169200PE,GOLD,27NOV2026,16920000.000000,1,OPTFUT,NCO,50.000000,10,False
150505,GOLD26NOV169700CE,GOLD,27NOV2026,16970000.000000,1,OPTFUT,NCO,50.000000,10,False
150524,SILVERM27FEB231000PE,SILVERM,19FEB2027,23100000.000000,1,OPTFUT,NCO,50.000000,120,False
150553,SILVERM27FEB234750CE,SILVERM,19FEB2027,23475000.000000,1,OPTFUT,NCO,50.000000,120,False
122231,GOLD27JUN152700PE,GOLD,28JUN2027,15270000.000000,1,OPTFUT,NCO,50.000000,10,False
122236,CRUDEOIL26OCT5400PE,CRUDEOIL,08OCT2026,540000.000000,1,OPTFUT,NCO,10.000000,100,False
122237,NATURALGAS26SEP235CE,NATURALGAS,21SEP2026,23500.000000,1,OPTFUT,NCO,5.000000,48,False
122241,NATURALGAS26NOV235PE,NATURALGAS,18NOV2026,23500.000000,1,OPTFUT,NCO,5.000000,48,False
150581,SILVERM27FEB238250CE,SILVERM,19FEB2027,23825000.000000,1,OPTFUT,NCO,50.000000,120,False
150586,SILVERM27FEB238750PE,SILVERM,19FEB2027,23875000.000000,1,OPTFUT,NCO,50.000000,120,False
150594,SILVERM27FEB239750PE,SILVERM,19FEB2027,23975000.000000,1,OPTFUT,NCO,50.000000,120,False
151724,SILVERM26SEP281500PE,SILVERM,23SEP2026,28150000.000000,1,OPTFUT,NCO,50.000000,120,False
122244,NATURALGAS26NOV240PE,NATURALGAS,18NOV2026,24000.000000,1,OPTFUT,NCO,5.000000,48,False
122263,SILVERM27APR248500PE,SILVERM,23APR2027,24850000.000000,1,OPTFUT,NCO,50.000000,120,False
122268,SILVERM27APR248750CE,SILVERM,23APR2027,24875000.000000,1,OPTFUT,NCO,50.000000,120,False
122275,CRUDEOIL26OCT5500CE,CRUDEOIL,08OCT2026,550000.000000,1,OPTFUT,NCO,10.000000,100,False
151727,SILVERM26SEP282000CE,SILVERM,23SEP2026,28200000.000000,1,OPTFUT,NCO,50.000000,120,False
151733,SILVERM26SEP282750CE,SILVERM,23SEP2026,28275000.000000,1,OPTFUT,NCO,50.000000,120,False
151739,SILVERM26SEP283500CE,SILVERM,23SEP2026,28350000.000000,1,OPTFUT,NCO,50.000000,120,False
151740,SILVERM26SEP283500PE,SILVERM,23SEP2026,28350000.000000,1,OPTFUT,NCO,50.000000,120,False
151757,SILVERM26SEP285750CE,SILVERM,23SEP2026,28575000.000000,1,OPTFUT,NCO,50.000000,120,False
151759,SILVERM26SEP286000CE,SILVERM,23SEP2026,28600000.000000,1,OPTFUT,NCO,50.000000,120,False
151763,SILVERM26SEP286500CE,SILVERM,23SEP2026,28650000.000000,1,OPTFUT,NCO,50.000000,120,False
151772,SILVERM26SEP287500PE,SILVERM,23SEP2026,28750000.000000,1,OPTFUT,NCO,50.000000,120,False
122295,SILVERM27APR250500PE,SILVERM,23APR2027,25050000.000000,1,OPTFUT,NCO,50.000000,120,False
122297,SILVERM27APR250750PE,SILVERM,23APR2027,25075000.000000,1,OPTFUT,NCO,50.000000,120,False
122303,SILVERM27APR251250PE,SILVERM,23APR2027,25125000.000000,1,OPTFUT,NCO,50.000000,120,False
122324,SILVERM26NOV177250PE,SILVERM,23NOV2026,17725000.000000,1,OPTFUT,NCO,50.000000,120,False
151784,SILVERM26SEP289000PE,SILVERM,23SEP2026,28900000.000000,1,OPTFUT,NCO,50.000000,120,False
151789,SILVERM26SEP289750CE,SILVERM,23SEP2026,28975000.000000,1,OPTFUT,NCO,50.000000,120,False
151791,SILVERM26SEP290000CE,SILVERM,23SEP2026,29000000.000000,1,OPTFUT,NCO,50.000000,120,False
151792,SILVERM26SEP290000PE,SILVERM,23SEP2026,29000000.000000,1,OPTFUT,NCO,50.000000,120,False
122327,SILVERM27APR253000PE,SILVERM,23APR2027,25300000.000000,1,OPTFUT,NCO,50.000000,120,False
122337,SILVERM26NOV178250CE,SILVERM,23NOV2026,17825000.000000,1,OPTFUT,NCO,50.000000,120,False
122346,SILVER26DEC265750PE,SILVER,01DEC2026,26575000.000000,1,OPTBLN,NCO,50.000000,20,False
122348,GOLDGUINEA26OCTFUT,GOLDGUINEA,30OCT2026,-1.000000,1,FUTBLN,NCO,100.000000,1250,False
151796,SILVERM26SEP290500PE,SILVERM,23SEP2026,29050000.000000,1,OPTFUT,NCO,50.000000,120,False
151799,SILVERM26SEP291000CE,SILVERM,23SEP2026,29100000.000000,1,OPTFUT,NCO,50.000000,120,False
151809,SILVERM26SEP292250CE,SILVERM,23SEP2026,29225000.000000,1,OPTFUT,NCO,50.000000,120,False
151812,SILVERM26SEP292500PE,SILVERM,23SEP2026,29250000.000000,1,OPTFUT,NCO,50.000000,120,False
122351,NATURALGAS26OCT340CE,NATURALGAS,21OCT2026,34000.000000,1,OPTFUT,NCO,5.000000,48,False
122359,SILVER26DEC266250PE,SILVER,01DEC2026,26625000.000000,1,OPTBLN,NCO,50.000000,20,False
122367,SILVERM26OCT192250CE,SILVERM,23OCT2026,19225000.000000,1,OPTFUT,NCO,50.000000,120,False
122370,SILVER26DEC267250CE,SILVER,01DEC2026,26725000.000000,1,OPTBLN,NCO,50.000000,20,False
151819,SILVERM26SEP293500CE,SILVERM,23SEP2026,29350000.000000,1,OPTFUT,NCO,50.000000,120,False
151820,SILVERM26SEP293500PE,SILVERM,23SEP2026,29350000.000000,1,OPTFUT,NCO,50.000000,120,False
151822,SILVERM26SEP293750PE,SILVERM,23SEP2026,29375000.000000,1,OPTFUT,NCO,50.000000,120,False
151826,SILVERM26SEP294250PE,SILVERM,23SEP2026,29425000.000000,1,OPTFUT,NCO,50.000000,120,False
122375,SILVER26DEC267750CE,SILVER,01DEC2026,26775000.000000,1,OPTBLN,NCO,50.000000,20,False
122392,GOLD27AUG162000CE,GOLD,27AUG2027,16200000.000000,1,OPTFUT,NCO,50.000000,10,False
122405,SILVERM26OCT193750CE,SILVERM,23OCT2026,19375000.000000,1,OPTFUT,NCO,50.000000,120,False
122435,SILVERM26NOV194500PE,SILVERM,23NOV2026,19450000.000000,1,OPTFUT,NCO,50.000000,120,False
151827,SILVERM26SEP294500CE,SILVERM,23SEP2026,29450000.000000,1,OPTFUT,NCO,50.000000,120,False
151834,SILVERM26SEP295250PE,SILVERM,23SEP2026,29525000.000000,1,OPTFUT,NCO,50.000000,120,False
151839,SILVERM26SEP296000CE,SILVERM,23SEP2026,29600000.000000,1,OPTFUT,NCO,50.000000,120,False
151843,SILVERM26SEP296500CE,SILVERM,23SEP2026,29650000.000000,1,OPTFUT,NCO,50.000000,120,False
122445,SILVERM26NOV179250PE,SILVERM,23NOV2026,17925000.000000,1,OPTFUT,NCO,50.000000,120,False
122473,SILVER26DEC269000CE,SILVER,01DEC2026,26900000.000000,1,OPTBLN,NCO,50.000000,20,False
122512,GOLD27JUN153400CE,GOLD,28JUN2027,15340000.000000,1,OPTFUT,NCO,50.000000,10,False
122535,GOLD26OCT137300CE,GOLD,29OCT2026,13730000.000000,1,OPTFUT,NCO,50.000000,10,False
151859,SILVERM26SEP298500CE,SILVERM,23SEP2026,29850000.000000,1,OPTFUT,NCO,50.000000,120,False
151861,SILVERM26SEP298750CE,SILVERM,23SEP2026,29875000.000000,1,OPTFUT,NCO,50.000000,120,False
151868,SILVERM26SEP299500PE,SILVERM,23SEP2026,29950000.000000,1,OPTFUT,NCO,50.000000,120,False
151883,SILVERM26SEP301500CE,SILVERM,23SEP2026,30150000.000000,1,OPTFUT,NCO,50.000000,120,False
122537,GOLD27AUG163600CE,GOLD,27AUG2027,16360000.000000,1,OPTFUT,NCO,50.000000,10,False
122541,GOLD27JUN153900PE,GOLD,28JUN2027,15390000.000000,1,OPTFUT,NCO,50.000000,10,False
122550,GOLD27JUN154000CE,GOLD,28JUN2027,15400000.000000,1,OPTFUT,NCO,50.000000,10,False
122562,GOLD27JUN162600CE,GOLD,28JUN2027,16260000.000000,1,OPTFUT,NCO,50.000000,10,False
151896,SILVERM26OCT282500PE,SILVERM,23OCT2026,28250000.000000,1,OPTFUT,NCO,50.000000,120,False
151914,SILVERM26OCT284750PE,SILVERM,23OCT2026,28475000.000000,1,OPTFUT,NCO,50.000000,120,False
151920,SILVERM26OCT285500PE,SILVERM,23OCT2026,28550000.000000,1,OPTFUT,NCO,50.000000,120,False
151938,SILVERM26OCT287750PE,SILVERM,23OCT2026,28775000.000000,1,OPTFUT,NCO,50.000000,120,False
122564,GOLD27JUN162700CE,GOLD,28JUN2027,16270000.000000,1,OPTFUT,NCO,50.000000,10,False
122570,SILVERM27MAY288000CE,SILVERM,24MAY2027,28800000.000000,1,OPTFUT,NCO,50.000000,120,False
122594,SILVERM27MAY272000CE,SILVERM,24MAY2027,27200000.000000,1,OPTFUT,NCO,50.000000,120,False
122599,GOLD26OCT138100CE,GOLD,29OCT2026,13810000.000000,1,OPTFUT,NCO,50.000000,10,False
151941,SILVERM26OCT288250CE,SILVERM,23OCT2026,28825000.000000,1,OPTFUT,NCO,50.000000,120,False
151950,SILVERM26OCT289250PE,SILVERM,23OCT2026,28925000.000000,1,OPTFUT,NCO,50.000000,120,False
151953,SILVERM26OCT289750CE,SILVERM,23OCT2026,28975000.000000,1,OPTFUT,NCO,50.000000,120,False
151956,SILVERM26OCT290000PE,SILVERM,23OCT2026,29000000.000000,1,OPTFUT,NCO,50.000000,120,False
122648,GOLD27AUG163900PE,GOLD,27AUG2027,16390000.000000,1,OPTFUT,NCO,50.000000,10,False
122666,SILVERM27JAN244250PE,SILVERM,21JAN2027,24425000.000000,1,OPTFUT,NCO,50.000000,120,False
122691,SILVERM27JAN246750CE,SILVERM,21JAN2027,24675000.000000,1,OPTFUT,NCO,50.000000,120,False
122720,GOLD27JUN154600PE,GOLD,28JUN2027,15460000.000000,1,OPTFUT,NCO,50.000000,10,False
151958,SILVERM26OCT290250PE,SILVERM,23OCT2026,29025000.000000,1,OPTFUT,NCO,50.000000,120,False
151964,SILVERM26OCT291000PE,SILVERM,23OCT2026,29100000.000000,1,OPTFUT,NCO,50.000000,120,False
151976,SILVERM26OCT292500PE,SILVERM,23OCT2026,29250000.000000,1,OPTFUT,NCO,50.000000,120,False
152008,SILVERM26OCT296500PE,SILVERM,23OCT2026,29650000.000000,1,OPTFUT,NCO,50.000000,120,False
122721,GOLD27JUN154700CE,GOLD,28JUN2027,15470000.000000,1,OPTFUT,NCO,50.000000,10,False
122725,CRUDEOIL26OCT11050PE,CRUDEOIL,08OCT2026,1105000.000000,1,OPTFUT,NCO,10.000000,100,False
122730,CRUDEOIL26OCT11200CE,CRUDEOIL,08OCT2026,1120000.000000,1,OPTFUT,NCO,10.000000,100,False
122732,GOLD27MAY167800PE,GOLD,28MAY2027,16780000.000000,1,OPTFUT,NCO,50.000000,10,False
152035,SILVERM26OCT300000CE,SILVERM,23OCT2026,30000000.000000,1,OPTFUT,NCO,50.000000,120,False
152052,SILVERM26OCT302000PE,SILVERM,23OCT2026,30200000.000000,1,OPTFUT,NCO,50.000000,120,False
152057,SILVERM26OCT302750CE,SILVERM,23OCT2026,30275000.000000,1,OPTFUT,NCO,50.000000,120,False
152073,SILVERM26NOV284250CE,SILVERM,23NOV2026,28425000.000000,1,OPTFUT,NCO,50.000000,120,False
122734,GOLD27MAY167900PE,GOLD,28MAY2027,16790000.000000,1,OPTFUT,NCO,50.000000,10,False
122735,GOLD27MAY168000CE,GOLD,28MAY2027,16800000.000000,1,OPTFUT,NCO,50.000000,10,False
122738,GOLD27MAY168100PE,GOLD,28MAY2027,16810000.000000,1,OPTFUT,NCO,50.000000,10,False
122741,COPPER26OCTFUT,COPPER,30OCT2026,-1.000000,1,FUTBAS,NCO,5.000000,70,False
152090,SILVERM26NOV286250PE,SILVERM,23NOV2026,28625000.000000,1,OPTFUT,NCO,50.000000,120,False
152105,SILVERM26NOV288250CE,SILVERM,23NOV2026,28825000.000000,1,OPTFUT,NCO,50.000000,120,False
152108,SILVERM26NOV288500PE,SILVERM,23NOV2026,28850000.000000,1,OPTFUT,NCO,50.000000,120,False
152110,SILVERM26NOV288750PE,SILVERM,23NOV2026,28875000.000000,1,OPTFUT,NCO,50.000000,120,False
122775,SILVERM27JAN349000PE,SILVERM,21JAN2027,34900000.000000,1,OPTFUT,NCO,50.000000,120,False
122776,SILVERM27JAN349250CE,SILVERM,21JAN2027,34925000.000000,1,OPTFUT,NCO,50.000000,120,False
122777,SILVERM27JAN349250PE,SILVERM,21JAN2027,34925000.000000,1,OPTFUT,NCO,50.000000,120,False
122786,NATURALGAS26OCT190CE,NATURALGAS,21OCT2026,19000.000000,1,OPTFUT,NCO,5.000000,48,False
152126,SILVERM26NOV290750PE,SILVERM,23NOV2026,29075000.000000,1,OPTFUT,NCO,50.000000,120,False
152131,SILVERM26NOV291500CE,SILVERM,23NOV2026,29150000.000000,1,OPTFUT,NCO,50.000000,120,False
152150,SILVERM26NOV293750PE,SILVERM,23NOV2026,29375000.000000,1,OPTFUT,NCO,50.000000,120,False
152157,SILVERM26NOV294750CE,SILVERM,23NOV2026,29475000.000000,1,OPTFUT,NCO,50.000000,120,False
122787,GOLD27AUG164300CE,GOLD,27AUG2027,16430000.000000,1,OPTFUT,NCO,50.000000,10,False
122788,GOLD27AUG164300PE,GOLD,27AUG2027,16430000.000000,1,OPTFUT,NCO,50.000000,10,False
122800,SILVERM27JAN350750PE,SILVERM,21JAN2027,35075000.000000,1,OPTFUT,NCO,50.000000,120,False
122804,SILVERM27JAN351250PE,SILVERM,21JAN2027,35125000.000000,1,OPTFUT,NCO,50.000000,120,False
152158,SILVERM26NOV294750PE,SILVERM,23NOV2026,29475000.000000,1,OPTFUT,NCO,50.000000,120,False
152163,SILVERM26NOV295500CE,SILVERM,23NOV2026,29550000.000000,1,OPTFUT,NCO,50.000000,120,False
152165,SILVERM26NOV295750CE,SILVERM,23NOV2026,29575000.000000,1,OPTFUT,NCO,50.000000,120,False
152167,SILVERM26NOV296000CE,SILVERM,23NOV2026,29600000.000000,1,OPTFUT,NCO,50.000000,120,False
152168,SILVERM26NOV296000PE,SILVERM,23NOV2026,29600000.000000,1,OPTFUT,NCO,50.000000,120,False
152186,SILVERM26NOV298250PE,SILVERM,23NOV2026,29825000.000000,1,OPTFUT,NCO,50.000000,120,False
152210,SILVERM26NOV301250PE,SILVERM,23NOV2026,30125000.000000,1,OPTFUT,NCO,50.000000,120,False
152220,SILVERM26NOV302500PE,SILVERM,23NOV2026,30250000.000000,1,OPTFUT,NCO,50.000000,120,False
122808,GOLD27JUN155200CE,GOLD,28JUN2027,15520000.000000,1,OPTFUT,NCO,50.000000,10,False
122826,SILVERM27JAN353750PE,SILVERM,21JAN2027,35375000.000000,1,OPTFUT,NCO,50.000000,120,False
122828,SILVERM27JAN354000PE,SILVERM,21JAN2027,35400000.000000,1,OPTFUT,NCO,50.000000,120,False
122832,SILVERM26NOV195250CE,SILVERM,23NOV2026,19525000.000000,1,OPTFUT,NCO,50.000000,120,False
152234,SILVERM26NOV304250PE,SILVERM,23NOV2026,30425000.000000,1,OPTFUT,NCO,50.000000,120,False
152249,SILVERM26DEC285750CE,SILVERM,23DEC2026,28575000.000000,1,OPTFUT,NCO,50.000000,120,False
152254,SILVERM26DEC286250PE,SILVERM,23DEC2026,28625000.000000,1,OPTFUT,NCO,50.000000,120,False
152257,SILVERM26DEC286750CE,SILVERM,23DEC2026,28675000.000000,1,OPTFUT,NCO,50.000000,120,False
122837,GOLD27JUN155200PE,GOLD,28JUN2027,15520000.000000,1,OPTFUT,NCO,50.000000,10,False
122846,GOLD27AUG164600CE,GOLD,27AUG2027,16460000.000000,1,OPTFUT,NCO,50.000000,10,False
122854,GOLD26SEP163000CE,GOLD,25SEP2026,16300000.000000,1,OPTFUT,NCO,50.000000,10,False
122882,GOLD27JUN155400PE,GOLD,28JUN2027,15540000.000000,1,OPTFUT,NCO,50.000000,10,False
152262,SILVERM26DEC287250PE,SILVERM,23DEC2026,28725000.000000,1,OPTFUT,NCO,50.000000,120,False
152281,SILVERM26DEC289750CE,SILVERM,23DEC2026,28975000.000000,1,OPTFUT,NCO,50.000000,120,False
152288,SILVERM26DEC290500PE,SILVERM,23DEC2026,29050000.000000,1,OPTFUT,NCO,50.000000,120,False
152292,SILVERM26DEC291000PE,SILVERM,23DEC2026,29100000.000000,1,OPTFUT,NCO,50.000000,120,False
152294,SILVERM26DEC291250PE,SILVERM,23DEC2026,29125000.000000,1,OPTFUT,NCO,50.000000,120,False
152300,SILVERM26DEC292000PE,SILVERM,23DEC2026,29200000.000000,1,OPTFUT,NCO,50.000000,120,False
152301,SILVERM26DEC292250CE,SILVERM,23DEC2026,29225000.000000,1,OPTFUT,NCO,50.000000,120,False
152325,SILVERM26DEC295250CE,SILVERM,23DEC2026,29525000.000000,1,OPTFUT,NCO,50.000000,120,False
122887,ZINC26SEP402.5CE,ZINC,23SEP2026,40250.000000,1,OPTFUT,NCO,1.000000,20,False
122893,GOLD26SEP163000PE,GOLD,25SEP2026,16300000.000000,1,OPTFUT,NCO,50.000000,10,False
122918,GOLD27JUN155900PE,GOLD,28JUN2027,15590000.000000,1,OPTFUT,NCO,50.000000,10,False
122926,GOLD26SEP163400PE,GOLD,25SEP2026,16340000.000000,1,OPTFUT,NCO,50.000000,10,False
152329,SILVERM26DEC295750CE,SILVERM,23DEC2026,29575000.000000,1,OPTFUT,NCO,50.000000,120,False
152356,SILVERM26DEC299000PE,SILVERM,23DEC2026,29900000.000000,1,OPTFUT,NCO,50.000000,120,False
152385,SILVERM26DEC302750CE,SILVERM,23DEC2026,30275000.000000,1,OPTFUT,NCO,50.000000,120,False
152392,SILVERM26DEC303500PE,SILVERM,23DEC2026,30350000.000000,1,OPTFUT,NCO,50.000000,120,False
122933,GOLD26OCT163800PE,GOLD,29OCT2026,16380000.000000,1,OPTFUT,NCO,50.000000,10,False
122957,SILVERM26OCT182250CE,SILVERM,23OCT2026,18225000.000000,1,OPTFUT,NCO,50.000000,120,False
122961,SILVERM26OCT182500CE,SILVERM,23OCT2026,18250000.000000,1,OPTFUT,NCO,50.000000,120,False
122975,GOLD27JUN156300PE,GOLD,28JUN2027,15630000.000000,1,OPTFUT,NCO,50.000000,10,False
152394,SILVERM26DEC303750PE,SILVERM,23DEC2026,30375000.000000,1,OPTFUT,NCO,50.000000,120,False
152399,SILVERM26DEC304500CE,SILVERM,23DEC2026,30450000.000000,1,OPTFUT,NCO,50.000000,120,False
152954,GOLD26SEP150100PE,GOLD,25SEP2026,15010000.000000,1,OPTFUT,NCO,50.000000,10,False
152969,GOLD26SEP150900CE,GOLD,25SEP2026,15090000.000000,1,OPTFUT,NCO,50.000000,10,False
152993,GOLD26SEP152100CE,GOLD,25SEP2026,15210000.000000,1,OPTFUT,NCO,50.000000,10,False
153014,GOLD26OCT151400PE,GOLD,29OCT2026,15140000.000000,1,OPTFUT,NCO,50.000000,10,False
153015,GOLD26OCT151500CE,GOLD,29OCT2026,15150000.000000,1,OPTFUT,NCO,50.000000,10,False
153019,GOLD26OCT151700CE,GOLD,29OCT2026,15170000.000000,1,OPTFUT,NCO,50.000000,10,False
122976,GOLDM26NOV153300CE,GOLDM,27NOV2026,15330000.000000,1,OPTFUT,NCO,50.000000,100,False
122978,SILVERM27MAR233500PE,SILVERM,24MAR2027,23350000.000000,1,OPTFUT,NCO,50.000000,120,False
122979,GOLDM26NOV153300PE,GOLDM,27NOV2026,15330000.000000,1,OPTFUT,NCO,50.000000,100,False
123008,SILVERM26OCT153250CE,SILVERM,23OCT2026,15325000.000000,1,OPTFUT,NCO,50.000000,120,False
123037,SILVERM26OCT184250CE,SILVERM,23OCT2026,18425000.000000,1,OPTFUT,NCO,50.000000,120,False
123045,SILVERM26OCT185250CE,SILVERM,23OCT2026,18525000.000000,1,OPTFUT,NCO,50.000000,120,False
123046,ZINC26OCT412.5PE,ZINC,23OCT2026,41250.000000,1,OPTFUT,NCO,1.000000,20,False
123050,NATGASIND26NOVFUT,NATGASIND,30NOV2026,-1.000000,1,FUTENR,NCO,100.000000,50,False
153024,GOLD26OCT151900PE,GOLD,29OCT2026,15190000.000000,1,OPTFUT,NCO,50.000000,10,False
153034,GOLD26OCT152400PE,GOLD,29OCT2026,15240000.000000,1,OPTFUT,NCO,50.000000,10,False
153042,GOLD26OCT152800PE,GOLD,29OCT2026,15280000.000000,1,OPTFUT,NCO,50.000000,10,False
153045,GOLD26OCT153000CE,GOLD,29OCT2026,15300000.000000,1,OPTFUT,NCO,50.000000,10,False
153048,GOLD26OCT153100PE,GOLD,29OCT2026,15310000.000000,1,OPTFUT,NCO,50.000000,10,False
153052,GOLD26NOV151600PE,GOLD,27NOV2026,15160000.000000,1,OPTFUT,NCO,50.000000,10,False
153054,GOLD26NOV151700PE,GOLD,27NOV2026,15170000.000000,1,OPTFUT,NCO,50.000000,10,False
153074,GOLD26NOV152700PE,GOLD,27NOV2026,15270000.000000,1,OPTFUT,NCO,50.000000,10,False
123052,NATGASIND27JANFUT,NATGASIND,29JAN2027,-1.000000,1,FUTENR,NCO,100.000000,50,False
123058,SILVER27MAR208750CE,SILVER,02MAR2027,20875000.000000,1,OPTBLN,NCO,50.000000,20,False
123060,SILVERM27JAN248250CE,SILVERM,21JAN2027,24825000.000000,1,OPTFUT,NCO,50.000000,120,False
123073,GOLDM26NOV153400PE,GOLDM,27NOV2026,15340000.000000,1,OPTFUT,NCO,50.000000,100,False
153084,GOLD26NOV153200PE,GOLD,27NOV2026,15320000.000000,1,OPTFUT,NCO,50.000000,10,False
153087,GOLD26NOV153400CE,GOLD,27NOV2026,15340000.000000,1,OPTFUT,NCO,50.000000,10,False
153091,GOLD26NOV153600CE,GOLD,27NOV2026,15360000.000000,1,OPTFUT,NCO,50.000000,10,False
153104,GOLD26DEC152500PE,GOLD,29DEC2026,15250000.000000,1,OPTFUT,NCO,50.000000,10,False
123075,SILVER10026DECFUT,SILVER100,31DEC2026,-1.000000,1,FUTBLN,NCO,100.000000,6000,False
123078,NATURALGAS26OCT260PE,NATURALGAS,21OCT2026,26000.000000,1,OPTFUT,NCO,5.000000,48,False
123093,SILVERM26OCT154750CE,SILVERM,23OCT2026,15475000.000000,1,OPTFUT,NCO,50.000000,120,False
123098,GOLD26NOV164800CE,GOLD,27NOV2026,16480000.000000,1,OPTFUT,NCO,50.000000,10,False
153111,GOLD26DEC152900CE,GOLD,29DEC2026,15290000.000000,1,OPTFUT,NCO,50.000000,10,False
153122,GOLD26DEC153400PE,GOLD,29DEC2026,15340000.000000,1,OPTFUT,NCO,50.000000,10,False
153139,GOLD26DEC154300CE,GOLD,29DEC2026,15430000.000000,1,OPTFUT,NCO,50.000000,10,False
153140,GOLD26DEC154300PE,GOLD,29DEC2026,15430000.000000,1,OPTFUT,NCO,50.000000,10,False
123101,SILVERM26OCT155000CE,SILVERM,23OCT2026,15500000.000000,1,OPTFUT,NCO,50.000000,120,False
123166,COPPER26SEP1355PE,COPPER,23SEP2026,135500.000000,1,OPTFUT,NCO,1.000000,70,False
123171,NATURALGAS26OCT285CE,NATURALGAS,21OCT2026,28500.000000,1,OPTFUT,NCO,5.000000,48,False
123172,NATURALGAS26OCT285PE,NATURALGAS,21OCT2026,28500.000000,1,OPTFUT,NCO,5.000000,48,False
153142,GOLD26DEC154400PE,GOLD,29DEC2026,15440000.000000,1,OPTFUT,NCO,50.000000,10,False
153147,GOLD26DEC154700CE,GOLD,29DEC2026,15470000.000000,1,OPTFUT,NCO,50.000000,10,False
153303,GOLD26DEC166600CE,GOLD,29DEC2026,16660000.000000,1,OPTFUT,NCO,50.000000,10,False
153349,GOLD26DEC168900CE,GOLD,29DEC2026,16890000.000000,1,OPTFUT,NCO,50.000000,10,False
123174,GOLDM26NOV153700PE,GOLDM,27NOV2026,15370000.000000,1,OPTFUT,NCO,50.000000,100,False
123227,GOLD27MAY162200PE,GOLD,28MAY2027,16220000.000000,1,OPTFUT,NCO,50.000000,10,False
123240,GOLD27MAY162800CE,GOLD,28MAY2027,16280000.000000,1,OPTFUT,NCO,50.000000,10,False
123248,GOLD27JUN157100CE,GOLD,28JUN2027,15710000.000000,1,OPTFUT,NCO,50.000000,10,False
153357,GOLD26DEC169300CE,GOLD,29DEC2026,16930000.000000,1,OPTFUT,NCO,50.000000,10,False
153360,GOLD26DEC169400PE,GOLD,29DEC2026,16940000.000000,1,OPTFUT,NCO,50.000000,10,False
153919,SILVERM26SEP302750CE,SILVERM,23SEP2026,30275000.000000,1,OPTFUT,NCO,50.000000,120,False
153955,SILVERM26SEP307250CE,SILVERM,23SEP2026,30725000.000000,1,OPTFUT,NCO,50.000000,120,False
153956,SILVERM26SEP307250PE,SILVERM,23SEP2026,30725000.000000,1,OPTFUT,NCO,50.000000,120,False
153969,SILVERM26SEP309000CE,SILVERM,23SEP2026,30900000.000000,1,OPTFUT,NCO,50.000000,120,False
153971,SILVERM26SEP309250CE,SILVERM,23SEP2026,30925000.000000,1,OPTFUT,NCO,50.000000,120,False
153984,SILVERM26SEP310750PE,SILVERM,23SEP2026,31075000.000000,1,OPTFUT,NCO,50.000000,120,False
123254,GOLD27JUN157200CE,GOLD,28JUN2027,15720000.000000,1,OPTFUT,NCO,50.000000,10,False
123257,COPPER26SEP1370PE,COPPER,23SEP2026,137000.000000,1,OPTFUT,NCO,1.000000,70,False
123258,GOLD27MAY162900CE,GOLD,28MAY2027,16290000.000000,1,OPTFUT,NCO,50.000000,10,False
123263,GOLD27MAY163100CE,GOLD,28MAY2027,16310000.000000,1,OPTFUT,NCO,50.000000,10,False
123287,GOLD27MAY164200PE,GOLD,28MAY2027,16420000.000000,1,OPTFUT,NCO,50.000000,10,False
153994,SILVERM26SEP312000PE,SILVERM,23SEP2026,31200000.000000,1,OPTFUT,NCO,50.000000,120,False
154006,SILVERM26OCT304750PE,SILVERM,23OCT2026,30475000.000000,1,OPTFUT,NCO,50.000000,120,False
154008,SILVERM26OCT305000PE,SILVERM,23OCT2026,30500000.000000,1,OPTFUT,NCO,50.000000,120,False
154010,SILVERM26OCT305250PE,SILVERM,23OCT2026,30525000.000000,1,OPTFUT,NCO,50.000000,120,False
123264,GOLD27JUN157300CE,GOLD,28JUN2027,15730000.000000,1,OPTFUT,NCO,50.000000,10,False
123271,GOLD27MAY163400PE,GOLD,28MAY2027,16340000.000000,1,OPTFUT,NCO,50.000000,10,False
123283,GOLD27MAY164000PE,GOLD,28MAY2027,16400000.000000,1,OPTFUT,NCO,50.000000,10,False
154012,SILVERM26OCT305500PE,SILVERM,23OCT2026,30550000.000000,1,OPTFUT,NCO,50.000000,120,False
154033,SILVERM26OCT308250CE,SILVERM,23OCT2026,30825000.000000,1,OPTFUT,NCO,50.000000,120,False
154034,SILVERM26OCT308250PE,SILVERM,23OCT2026,30825000.000000,1,OPTFUT,NCO,50.000000,120,False
154035,SILVERM26OCT308500CE,SILVERM,23OCT2026,30850000.000000,1,OPTFUT,NCO,50.000000,120,False
123300,NATURALGAS26OCT300CE,NATURALGAS,21OCT2026,30000.000000,1,OPTFUT,NCO,5.000000,48,False
123325,GOLDM26NOV154400CE,GOLDM,27NOV2026,15440000.000000,1,OPTFUT,NCO,50.000000,100,False
123348,SILVER26DEC193750PE,SILVER,01DEC2026,19375000.000000,1,OPTBLN,NCO,50.000000,20,False
123350,SILVER26DEC194000PE,SILVER,01DEC2026,19400000.000000,1,OPTBLN,NCO,50.000000,20,False
154044,SILVERM26OCT309500PE,SILVERM,23OCT2026,30950000.000000,1,OPTFUT,NCO,50.000000,120,False
154052,SILVERM26OCT310500PE,SILVERM,23OCT2026,31050000.000000,1,OPTFUT,NCO,50.000000,120,False
154061,SILVERM26OCT311750CE,SILVERM,23OCT2026,31175000.000000,1,OPTFUT,NCO,50.000000,120,False
154063,SILVERM26OCT312000CE,SILVERM,23OCT2026,31200000.000000,1,OPTFUT,NCO,50.000000,120,False
123354,NATURALGAS26OCT325CE,NATURALGAS,21OCT2026,32500.000000,1,OPTFUT,NCO,5.000000,48,False
123365,COPPER26NOV1340PE,COPPER,23NOV2026,134000.000000,1,OPTFUT,NCO,1.000000,70,False
123380,COPPER26NOV1380CE,COPPER,23NOV2026,138000.000000,1,OPTFUT,NCO,1.000000,70,False
123381,COPPER26NOV1380PE,COPPER,23NOV2026,138000.000000,1,OPTFUT,NCO,1.000000,70,False
154086,SILVERM26NOV306000PE,SILVERM,23NOV2026,30600000.000000,1,OPTFUT,NCO,50.000000,120,False
154090,SILVERM26NOV306500PE,SILVERM,23NOV2026,30650000.000000,1,OPTFUT,NCO,50.000000,120,False
154102,SILVERM26NOV308000PE,SILVERM,23NOV2026,30800000.000000,1,OPTFUT,NCO,50.000000,120,False
154105,SILVERM26NOV308500CE,SILVERM,23NOV2026,30850000.000000,1,OPTFUT,NCO,50.000000,120,False
123386,COPPER26NOV1395CE,COPPER,23NOV2026,139500.000000,1,OPTFUT,NCO,1.000000,70,False
123396,GOLD27MAY164700PE,GOLD,28MAY2027,16470000.000000,1,OPTFUT,NCO,50.000000,10,False
123409,SILVER26DEC194750PE,SILVER,01DEC2026,19475000.000000,1,OPTBLN,NCO,50.000000,20,False
123424,GOLD26DECFUT,GOLD,04DEC2026,-1.000000,1,FUTBLN,NCO,100.000000,10,False
154107,SILVERM26NOV308750CE,SILVERM,23NOV2026,30875000.000000,1,OPTFUT,NCO,50.000000,120,False
154127,SILVERM26NOV311250CE,SILVERM,23NOV2026,31125000.000000,1,OPTFUT,NCO,50.000000,120,False
154131,SILVERM26NOV311750CE,SILVERM,23NOV2026,31175000.000000,1,OPTFUT,NCO,50.000000,120,False
154148,SILVERM26NOV313750PE,SILVERM,23NOV2026,31375000.000000,1,OPTFUT,NCO,50.000000,120,False
123428,COPPER26SEP1280CE,COPPER,23SEP2026,128000.000000,1,OPTFUT,NCO,1.000000,70,False
123430,SILVERM27APR253750PE,SILVERM,23APR2027,25375000.000000,1,OPTFUT,NCO,50.000000,120,False
123432,SILVER26DEC200500CE,SILVER,01DEC2026,20050000.000000,1,OPTBLN,NCO,50.000000,20,False
123442,GOLD26NOV165000CE,GOLD,27NOV2026,16500000.000000,1,OPTFUT,NCO,50.000000,10,False
154167,SILVERM26DEC307750CE,SILVERM,23DEC2026,30775000.000000,1,OPTFUT,NCO,50.000000,120,False
154172,SILVERM26DEC308250PE,SILVERM,23DEC2026,30825000.000000,1,OPTFUT,NCO,50.000000,120,False
154197,SILVERM26DEC311500CE,SILVERM,23DEC2026,31150000.000000,1,OPTFUT,NCO,50.000000,120,False
154200,SILVERM26DEC311750PE,SILVERM,23DEC2026,31175000.000000,1,OPTFUT,NCO,50.000000,120,False
123443,GOLD26NOV165000PE,GOLD,27NOV2026,16500000.000000,1,OPTFUT,NCO,50.000000,10,False
123446,GOLD26DEC165400CE,GOLD,29DEC2026,16540000.000000,1,OPTFUT,NCO,50.000000,10,False
123468,SILVERM27APR254000PE,SILVERM,23APR2027,25400000.000000,1,OPTFUT,NCO,50.000000,120,False
123471,GOLDM26SEP145800PE,GOLDM,25SEP2026,14580000.000000,1,OPTFUT,NCO,50.000000,100,False
154207,SILVERM26DEC312750CE,SILVERM,23DEC2026,31275000.000000,1,OPTFUT,NCO,50.000000,120,False
154216,SILVERM26DEC313750PE,SILVERM,23DEC2026,31375000.000000,1,OPTFUT,NCO,50.000000,120,False
154232,SILVERM26DEC315750PE,SILVERM,23DEC2026,31575000.000000,1,OPTFUT,NCO,50.000000,120,False
154238,SILVERM26DEC316500PE,SILVERM,23DEC2026,31650000.000000,1,OPTFUT,NCO,50.000000,120,False
155076,GOLD26SEP152700PE,GOLD,25SEP2026,15270000.000000,1,OPTFUT,NCO,50.000000,10,False
155079,GOLD26SEP152900CE,GOLD,25SEP2026,15290000.000000,1,OPTFUT,NCO,50.000000,10,False
155083,GOLD26SEP153100CE,GOLD,25SEP2026,15310000.000000,1,OPTFUT,NCO,50.000000,10,False
155087,GOLD26SEP153300CE,GOLD,25SEP2026,15330000.000000,1,OPTFUT,NCO,50.000000,10,False
123475,GOLDM26NOV154800CE,GOLDM,27NOV2026,15480000.000000,1,OPTFUT,NCO,50.000000,100,False
123479,GOLDM26NOV155000CE,GOLDM,27NOV2026,15500000.000000,1,OPTFUT,NCO,50.000000,100,False
123484,GOLD27MAY165200CE,GOLD,28MAY2027,16520000.000000,1,OPTFUT,NCO,50.000000,10,False
123490,SILVERM27JUL227250CE,SILVERM,23JUL2027,22725000.000000,1,OPTFUT,NCO,50.000000,120,False
155089,GOLD26SEP153400CE,GOLD,25SEP2026,15340000.000000,1,OPTFUT,NCO,50.000000,10,False
155091,GOLD26SEP153500CE,GOLD,25SEP2026,15350000.000000,1,OPTFUT,NCO,50.000000,10,False
155092,GOLD26SEP153500PE,GOLD,25SEP2026,15350000.000000,1,OPTFUT,NCO,50.000000,10,False
155106,GOLD26SEP154200PE,GOLD,25SEP2026,15420000.000000,1,OPTFUT,NCO,50.000000,10,False
123510,GOLD27MAY165400PE,GOLD,28MAY2027,16540000.000000,1,OPTFUT,NCO,50.000000,10,False
123492,SILVERM27JUL227500CE,SILVERM,23JUL2027,22750000.000000,1,OPTFUT,NCO,50.000000,120,False
123495,SILVERM27JUL227750PE,SILVERM,23JUL2027,22775000.000000,1,OPTFUT,NCO,50.000000,120,False
123508,SILVERM27JUL228750PE,SILVERM,23JUL2027,22875000.000000,1,OPTFUT,NCO,50.000000,120,False
155111,GOLD26SEP154500CE,GOLD,25SEP2026,15450000.000000,1,OPTFUT,NCO,50.000000,10,False
155114,GOLD26SEP154600PE,GOLD,25SEP2026,15460000.000000,1,OPTFUT,NCO,50.000000,10,False
155117,GOLD26SEP154800CE,GOLD,25SEP2026,15480000.000000,1,OPTFUT,NCO,50.000000,10,False
155126,GOLD26SEP155200PE,GOLD,25SEP2026,15520000.000000,1,OPTFUT,NCO,50.000000,10,False
155149,GOLD26OCT153500CE,GOLD,29OCT2026,15350000.000000,1,OPTFUT,NCO,50.000000,10,False
155153,GOLD26OCT153700CE,GOLD,29OCT2026,15370000.000000,1,OPTFUT,NCO,50.000000,10,False
155160,GOLD26OCT154000PE,GOLD,29OCT2026,15400000.000000,1,OPTFUT,NCO,50.000000,10,False
155165,GOLD26OCT154300CE,GOLD,29OCT2026,15430000.000000,1,OPTFUT,NCO,50.000000,10,False
123516,GOLD27MAY165600PE,GOLD,28MAY2027,16560000.000000,1,OPTFUT,NCO,50.000000,10,False
123528,GOLD27MAY165800PE,GOLD,28MAY2027,16580000.000000,1,OPTFUT,NCO,50.000000,10,False
123535,SILVERM26OCT186000CE,SILVERM,23OCT2026,18600000.000000,1,OPTFUT,NCO,50.000000,120,False
123548,SILVERM26OCT187250PE,SILVERM,23OCT2026,18725000.000000,1,OPTFUT,NCO,50.000000,120,False
155173,GOLD26OCT154700CE,GOLD,29OCT2026,15470000.000000,1,OPTFUT,NCO,50.000000,10,False
155201,GOLD26OCT156100CE,GOLD,29OCT2026,15610000.000000,1,OPTFUT,NCO,50.000000,10,False
155213,GOLD26OCT156700CE,GOLD,29OCT2026,15670000.000000,1,OPTFUT,NCO,50.000000,10,False
155222,GOLD26NOV154200PE,GOLD,27NOV2026,15420000.000000,1,OPTFUT,NCO,50.000000,10,False
123550,SILVERM26OCT187500PE,SILVERM,23OCT2026,18750000.000000,1,OPTFUT,NCO,50.000000,120,False
123557,SILVERM26OCT188500CE,SILVERM,23OCT2026,18850000.000000,1,OPTFUT,NCO,50.000000,120,False
123558,SILVERM26OCT188500PE,SILVERM,23OCT2026,18850000.000000,1,OPTFUT,NCO,50.000000,120,False
123569,SILVERM26OCT190000CE,SILVERM,23OCT2026,19000000.000000,1,OPTFUT,NCO,50.000000,120,False
155228,GOLD26NOV154500PE,GOLD,27NOV2026,15450000.000000,1,OPTFUT,NCO,50.000000,10,False
155235,GOLD26NOV154900CE,GOLD,27NOV2026,15490000.000000,1,OPTFUT,NCO,50.000000,10,False
155237,GOLD26NOV155000CE,GOLD,27NOV2026,15500000.000000,1,OPTFUT,NCO,50.000000,10,False
155254,GOLD26NOV155800PE,GOLD,27NOV2026,15580000.000000,1,OPTFUT,NCO,50.000000,10,False
123572,SILVERM26OCT190250PE,SILVERM,23OCT2026,19025000.000000,1,OPTFUT,NCO,50.000000,120,False
123575,SILVERM26OCT190750CE,SILVERM,23OCT2026,19075000.000000,1,OPTFUT,NCO,50.000000,120,False
123586,SILVERM27JUL230250PE,SILVERM,23JUL2027,23025000.000000,1,OPTFUT,NCO,50.000000,120,False
123615,SILVER26DEC202500PE,SILVER,01DEC2026,20250000.000000,1,OPTBLN,NCO,50.000000,20,False
155256,GOLD26NOV155900PE,GOLD,27NOV2026,15590000.000000,1,OPTFUT,NCO,50.000000,10,False
155260,GOLD26NOV156100PE,GOLD,27NOV2026,15610000.000000,1,OPTFUT,NCO,50.000000,10,False
155268,GOLD26NOV156500PE,GOLD,27NOV2026,15650000.000000,1,OPTFUT,NCO,50.000000,10,False
155270,GOLD26NOV156600PE,GOLD,27NOV2026,15660000.000000,1,OPTFUT,NCO,50.000000,10,False
155286,GOLD26NOV157400PE,GOLD,27NOV2026,15740000.000000,1,OPTFUT,NCO,50.000000,10,False
155296,GOLD26DEC155100PE,GOLD,29DEC2026,15510000.000000,1,OPTFUT,NCO,50.000000,10,False
155301,GOLD26DEC155400CE,GOLD,29DEC2026,15540000.000000,1,OPTFUT,NCO,50.000000,10,False
155314,GOLD26DEC156000PE,GOLD,29DEC2026,15600000.000000,1,OPTFUT,NCO,50.000000,10,False
123628,SILVERM27JUL231750PE,SILVERM,23JUL2027,23175000.000000,1,OPTFUT,NCO,50.000000,120,False
123629,SILVERM27JUL232000CE,SILVERM,23JUL2027,23200000.000000,1,OPTFUT,NCO,50.000000,120,False
123633,SILVERM27JUL232500CE,SILVERM,23JUL2027,23250000.000000,1,OPTFUT,NCO,50.000000,120,False
123640,SILVERM26NOV181750PE,SILVERM,23NOV2026,18175000.000000,1,OPTFUT,NCO,50.000000,120,False
155348,GOLD26DEC157700PE,GOLD,29DEC2026,15770000.000000,1,OPTFUT,NCO,50.000000,10,False
155359,GOLD26DEC158300CE,GOLD,29DEC2026,15830000.000000,1,OPTFUT,NCO,50.000000,10,False
155572,GOLD26DEC169700PE,GOLD,29DEC2026,16970000.000000,1,OPTFUT,NCO,50.000000,10,False
155577,GOLD26DEC170000CE,GOLD,29DEC2026,17000000.000000,1,OPTFUT,NCO,50.000000,10,False
123644,SILVERM26NOV182250PE,SILVERM,23NOV2026,18225000.000000,1,OPTFUT,NCO,50.000000,120,False
123687,SILVERM27JUL232750PE,SILVERM,23JUL2027,23275000.000000,1,OPTFUT,NCO,50.000000,120,False
123699,SILVERM27JAN359250PE,SILVERM,21JAN2027,35925000.000000,1,OPTFUT,NCO,50.000000,120,False
123701,COPPER26DEC1430CE,COPPER,23DEC2026,143000.000000,1,OPTFUT,NCO,1.000000,70,False
155578,GOLD26DEC170000PE,GOLD,29DEC2026,17000000.000000,1,OPTFUT,NCO,50.000000,10,False
155581,GOLD26DEC170200CE,GOLD,29DEC2026,17020000.000000,1,OPTFUT,NCO,50.000000,10,False
156623,SILVERM26SEP312750CE,SILVERM,23SEP2026,31275000.000000,1,OPTFUT,NCO,50.000000,120,False
156636,SILVERM26SEP314250PE,SILVERM,23SEP2026,31425000.000000,1,OPTFUT,NCO,50.000000,120,False
123711,SILVERM26NOV188000CE,SILVERM,23NOV2026,18800000.000000,1,OPTFUT,NCO,50.000000,120,False
123716,SILVERM26NOV188500PE,SILVERM,23NOV2026,18850000.000000,1,OPTFUT,NCO,50.000000,120,False
123722,SILVERM26NOV189250PE,SILVERM,23NOV2026,18925000.000000,1,OPTFUT,NCO,50.000000,120,False
123729,SILVERM26NOV190250CE,SILVERM,23NOV2026,19025000.000000,1,OPTFUT,NCO,50.000000,120,False
156642,SILVERM26SEP315000PE,SILVERM,23SEP2026,31500000.000000,1,OPTFUT,NCO,50.000000,120,False
156652,SILVERM26SEP316250PE,SILVERM,23SEP2026,31625000.000000,1,OPTFUT,NCO,50.000000,120,False
156655,SILVERM26SEP316750CE,SILVERM,23SEP2026,31675000.000000,1,OPTFUT,NCO,50.000000,120,False
156673,SILVERM26SEP319000CE,SILVERM,23SEP2026,31900000.000000,1,OPTFUT,NCO,50.000000,120,False
123749,SILVERM26NOV192750CE,SILVERM,23NOV2026,19275000.000000,1,OPTFUT,NCO,50.000000,120,False
123755,COPPER26DEC1440CE,COPPER,23DEC2026,144000.000000,1,OPTFUT,NCO,1.000000,70,False
123757,SILVERM27JAN359500PE,SILVERM,21JAN2027,35950000.000000,1,OPTFUT,NCO,50.000000,120,False
123769,NATURALGAS26NOV360PE,NATURALGAS,18NOV2026,36000.000000,1,OPTFUT,NCO,5.000000,48,False
156683,SILVERM26SEP320250CE,SILVERM,23SEP2026,32025000.000000,1,OPTFUT,NCO,50.000000,120,False
156688,SILVERM26SEP320750PE,SILVERM,23SEP2026,32075000.000000,1,OPTFUT,NCO,50.000000,120,False
156700,SILVERM26SEP322250PE,SILVERM,23SEP2026,32225000.000000,1,OPTFUT,NCO,50.000000,120,False
156714,SILVERM26SEP324000PE,SILVERM,23SEP2026,32400000.000000,1,OPTFUT,NCO,50.000000,120,False
123771,SILVERM27AUG245250PE,SILVERM,24AUG2027,24525000.000000,1,OPTFUT,NCO,50.000000,120,False
123775,SILVERM27AUG245750PE,SILVERM,24AUG2027,24575000.000000,1,OPTFUT,NCO,50.000000,120,False
123789,SILVERM26OCT159750PE,SILVERM,23OCT2026,15975000.000000,1,OPTFUT,NCO,50.000000,120,False
123793,SILVERM26OCT160250PE,SILVERM,23OCT2026,16025000.000000,1,OPTFUT,NCO,50.000000,120,False
156718,SILVERM26SEP324500PE,SILVERM,23SEP2026,32450000.000000,1,OPTFUT,NCO,50.000000,120,False
156719,SILVERM26SEP324750CE,SILVERM,23SEP2026,32475000.000000,1,OPTFUT,NCO,50.000000,120,False
156725,SILVERM26SEP325500CE,SILVERM,23SEP2026,32550000.000000,1,OPTFUT,NCO,50.000000,120,False
156729,SILVERM26SEP326000CE,SILVERM,23SEP2026,32600000.000000,1,OPTFUT,NCO,50.000000,120,False
123795,SILVERM26OCT160500PE,SILVERM,23OCT2026,16050000.000000,1,OPTFUT,NCO,50.000000,120,False
123806,SILVERM27AUG246500CE,SILVERM,24AUG2027,24650000.000000,1,OPTFUT,NCO,50.000000,120,False
123815,SILVERM27JAN360250CE,SILVERM,21JAN2027,36025000.000000,1,OPTFUT,NCO,50.000000,120,False
123824,GOLDM26SEP146300CE,GOLDM,25SEP2026,14630000.000000,1,OPTFUT,NCO,50.000000,100,False
156739,SILVERM26SEP327250CE,SILVERM,23SEP2026,32725000.000000,1,OPTFUT,NCO,50.000000,120,False
156740,SILVERM26SEP327250PE,SILVERM,23SEP2026,32725000.000000,1,OPTFUT,NCO,50.000000,120,False
156751,SILVERM26SEP328750CE,SILVERM,23SEP2026,32875000.000000,1,OPTFUT,NCO,50.000000,120,False
156758,SILVERM26OCT314250PE,SILVERM,23OCT2026,31425000.000000,1,OPTFUT,NCO,50.000000,120,False
123848,SILVERM27AUG247750CE,SILVERM,24AUG2027,24775000.000000,1,OPTFUT,NCO,50.000000,120,False
123849,SILVERM27AUG247750PE,SILVERM,24AUG2027,24775000.000000,1,OPTFUT,NCO,50.000000,120,False
123865,SILVERM27JUL233750CE,SILVERM,23JUL2027,23375000.000000,1,OPTFUT,NCO,50.000000,120,False
123875,GOLDM26NOV155400CE,GOLDM,27NOV2026,15540000.000000,1,OPTFUT,NCO,50.000000,100,False
156767,SILVERM26OCT315500CE,SILVERM,23OCT2026,31550000.000000,1,OPTFUT,NCO,50.000000,120,False
156769,SILVERM26OCT315750CE,SILVERM,23OCT2026,31575000.000000,1,OPTFUT,NCO,50.000000,120,False
156782,SILVERM26OCT317250PE,SILVERM,23OCT2026,31725000.000000,1,OPTFUT,NCO,50.000000,120,False
156783,SILVERM26OCT317500CE,SILVERM,23OCT2026,31750000.000000,1,OPTFUT,NCO,50.000000,120,False
123876,GOLDM26NOV155400PE,GOLDM,27NOV2026,15540000.000000,1,OPTFUT,NCO,50.000000,100,False
123878,SILVERM26OCT161750CE,SILVERM,23OCT2026,16175000.000000,1,OPTFUT,NCO,50.000000,120,False
123885,SILVERM26OCT162250PE,SILVERM,23OCT2026,16225000.000000,1,OPTFUT,NCO,50.000000,120,False
123889,SILVERM26OCT162500PE,SILVERM,23OCT2026,16250000.000000,1,OPTFUT,NCO,50.000000,120,False
156809,SILVERM26OCT320750CE,SILVERM,23OCT2026,32075000.000000,1,OPTFUT,NCO,50.000000,120,False
156814,SILVERM26OCT321250PE,SILVERM,23OCT2026,32125000.000000,1,OPTFUT,NCO,50.000000,120,False
156822,SILVERM26OCT322250PE,SILVERM,23OCT2026,32225000.000000,1,OPTFUT,NCO,50.000000,120,False
156833,SILVERM26OCT323750CE,SILVERM,23OCT2026,32375000.000000,1,OPTFUT,NCO,50.000000,120,False
123892,SILVERM26OCT163000CE,SILVERM,23OCT2026,16300000.000000,1,OPTFUT,NCO,50.000000,120,False
123904,SILVERM27APR256250CE,SILVERM,23APR2027,25625000.000000,1,OPTFUT,NCO,50.000000,120,False
123905,SILVERM27APR256250PE,SILVERM,23APR2027,25625000.000000,1,OPTFUT,NCO,50.000000,120,False
123913,GOLDM26SEP147200PE,GOLDM,25SEP2026,14720000.000000,1,OPTFUT,NCO,50.000000,100,False
156845,SILVERM26OCT325250CE,SILVERM,23OCT2026,32525000.000000,1,OPTFUT,NCO,50.000000,120,False
156856,SILVERM26OCT326500PE,SILVERM,23OCT2026,32650000.000000,1,OPTFUT,NCO,50.000000,120,False
156861,SILVERM26OCT327250CE,SILVERM,23OCT2026,32725000.000000,1,OPTFUT,NCO,50.000000,120,False
156862,SILVERM26OCT327250PE,SILVERM,23OCT2026,32725000.000000,1,OPTFUT,NCO,50.000000,120,False
123915,GOLDM26SEP147300PE,GOLDM,25SEP2026,14730000.000000,1,OPTFUT,NCO,50.000000,100,False
123925,GOLDM26SEP147800PE,GOLDM,25SEP2026,14780000.000000,1,OPTFUT,NCO,50.000000,100,False
123931,SILVERM27JUL235500CE,SILVERM,23JUL2027,23550000.000000,1,OPTFUT,NCO,50.000000,120,False
123936,SILVERM27APR256500CE,SILVERM,23APR2027,25650000.000000,1,OPTFUT,NCO,50.000000,120,False
156876,SILVERM26OCT329000PE,SILVERM,23OCT2026,32900000.000000,1,OPTFUT,NCO,50.000000,120,False
156884,SILVERM26OCT330000PE,SILVERM,23OCT2026,33000000.000000,1,OPTFUT,NCO,50.000000,120,False
156907,SILVERM26NOV317750CE,SILVERM,23NOV2026,31775000.000000,1,OPTFUT,NCO,50.000000,120,False
156911,SILVERM26NOV318250CE,SILVERM,23NOV2026,31825000.000000,1,OPTFUT,NCO,50.000000,120,False
123938,SILVERM27APR256750CE,SILVERM,23APR2027,25675000.000000,1,OPTFUT,NCO,50.000000,120,False
123939,SILVERM27APR256750PE,SILVERM,23APR2027,25675000.000000,1,OPTFUT,NCO,50.000000,120,False
123957,COPPER26SEP1410PE,COPPER,23SEP2026,141000.000000,1,OPTFUT,NCO,1.000000,70,False
123959,SILVERM26OCT163500CE,SILVERM,23OCT2026,16350000.000000,1,OPTFUT,NCO,50.000000,120,False
156913,SILVERM26NOV318500CE,SILVERM,23NOV2026,31850000.000000,1,OPTFUT,NCO,50.000000,120,False
156916,SILVERM26NOV318750PE,SILVERM,23NOV2026,31875000.000000,1,OPTFUT,NCO,50.000000,120,False
156917,SILVERM26NOV319000CE,SILVERM,23NOV2026,31900000.000000,1,OPTFUT,NCO,50.000000,120,False
156938,SILVERM26NOV321500PE,SILVERM,23NOV2026,32150000.000000,1,OPTFUT,NCO,50.000000,120,False
123967,COPPER26OCT1380CE,COPPER,23OCT2026,138000.000000,1,OPTFUT,NCO,1.000000,70,False
123971,SILVERM26OCT164000CE,SILVERM,23OCT2026,16400000.000000,1,OPTFUT,NCO,50.000000,120,False
123980,GOLD27JUL162300PE,GOLD,29JUL2027,16230000.000000,1,OPTFUT,NCO,50.000000,10,False
123985,GOLD27JUL162600CE,GOLD,29JUL2027,16260000.000000,1,OPTFUT,NCO,50.000000,10,False
156939,SILVERM26NOV321750CE,SILVERM,23NOV2026,32175000.000000,1,OPTFUT,NCO,50.000000,120,False
156941,SILVERM26NOV322000CE,SILVERM,23NOV2026,32200000.000000,1,OPTFUT,NCO,50.000000,120,False
156946,SILVERM26NOV322500PE,SILVERM,23NOV2026,32250000.000000,1,OPTFUT,NCO,50.000000,120,False
156984,SILVERM26NOV327250PE,SILVERM,23NOV2026,32725000.000000,1,OPTFUT,NCO,50.000000,120,False
123986,SILVERM27APR258750CE,SILVERM,23APR2027,25875000.000000,1,OPTFUT,NCO,50.000000,120,False
123996,SILVERM27APR259500PE,SILVERM,23APR2027,25950000.000000,1,OPTFUT,NCO,50.000000,120,False
124024,GOLD27MAR147200CE,GOLD,29MAR2027,14720000.000000,1,OPTFUT,NCO,50.000000,10,False
124029,SILVERM27FEB278750CE,SILVERM,19FEB2027,27875000.000000,1,OPTFUT,NCO,50.000000,120,False
156993,SILVERM26NOV328500CE,SILVERM,23NOV2026,32850000.000000,1,OPTFUT,NCO,50.000000,120,False
157009,SILVERM26NOV330500CE,SILVERM,23NOV2026,33050000.000000,1,OPTFUT,NCO,50.000000,120,False
157022,SILVERM26NOV332000PE,SILVERM,23NOV2026,33200000.000000,1,OPTFUT,NCO,50.000000,120,False
157027,SILVERM26DEC317500CE,SILVERM,23DEC2026,31750000.000000,1,OPTFUT,NCO,50.000000,120,False
157031,SILVERM26DEC318000CE,SILVERM,23DEC2026,31800000.000000,1,OPTFUT,NCO,50.000000,120,False
157039,SILVERM26DEC319000CE,SILVERM,23DEC2026,31900000.000000,1,OPTFUT,NCO,50.000000,120,False
157045,SILVERM26DEC319750CE,SILVERM,23DEC2026,31975000.000000,1,OPTFUT,NCO,50.000000,120,False
157057,SILVERM26DEC321250CE,SILVERM,23DEC2026,32125000.000000,1,OPTFUT,NCO,50.000000,120,False
124032,SILVERM27FEB279000PE,SILVERM,19FEB2027,27900000.000000,1,OPTFUT,NCO,50.000000,120,False
124040,SILVERM27FEB280000PE,SILVERM,19FEB2027,28000000.000000,1,OPTFUT,NCO,50.000000,120,False
124049,SILVERM27FEB281250CE,SILVERM,19FEB2027,28125000.000000,1,OPTFUT,NCO,50.000000,120,False
124067,SILVERM27FEB283250CE,SILVERM,19FEB2027,28325000.000000,1,OPTFUT,NCO,50.000000,120,False
124079,GOLD26OCT145700PE,GOLD,29OCT2026,14570000.000000,1,OPTFUT,NCO,50.000000,10,False
124089,NATURALGAS26NOV305PE,NATURALGAS,18NOV2026,30500.000000,1,OPTFUT,NCO,5.000000,48,False
124126,GOLDM26NOV155500PE,GOLDM,27NOV2026,15550000.000000,1,OPTFUT,NCO,50.000000,100,False
124127,SILVERM27FEB283500PE,SILVERM,19FEB2027,28350000.000000,1,OPTFUT,NCO,50.000000,120,False
157070,SILVERM26DEC322750PE,SILVERM,23DEC2026,32275000.000000,1,OPTFUT,NCO,50.000000,120,False
157071,SILVERM26DEC323000CE,SILVERM,23DEC2026,32300000.000000,1,OPTFUT,NCO,50.000000,120,False
157090,SILVERM26DEC325250PE,SILVERM,23DEC2026,32525000.000000,1,OPTFUT,NCO,50.000000,120,False
157092,SILVERM26DEC325500PE,SILVERM,23DEC2026,32550000.000000,1,OPTFUT,NCO,50.000000,120,False
157110,SILVERM26DEC327750PE,SILVERM,23DEC2026,32775000.000000,1,OPTFUT,NCO,50.000000,120,False
157114,SILVERM26DEC328250PE,SILVERM,23DEC2026,32825000.000000,1,OPTFUT,NCO,50.000000,120,False
157142,SILVERM26DEC331750PE,SILVERM,23DEC2026,33175000.000000,1,OPTFUT,NCO,50.000000,120,False
157143,SILVERM26DEC332000CE,SILVERM,23DEC2026,33200000.000000,1,OPTFUT,NCO,50.000000,120,False
124129,SILVERM27FEB283750PE,SILVERM,19FEB2027,28375000.000000,1,OPTFUT,NCO,50.000000,120,False
124143,GOLD27MAYFUT,GOLD,05MAY2027,-1.000000,1,FUTBLN,NCO,100.000000,10,False
124160,GOLDM26NOV155600CE,GOLDM,27NOV2026,15560000.000000,1,OPTFUT,NCO,50.000000,100,False
124168,SILVERM27FEB285500PE,SILVERM,19FEB2027,28550000.000000,1,OPTFUT,NCO,50.000000,120,False
157155,SILVERM26DEC333500CE,SILVERM,23DEC2026,33350000.000000,1,OPTFUT,NCO,50.000000,120,False
158304,GOLD26SEP156100PE,GOLD,25SEP2026,15610000.000000,1,OPTFUT,NCO,50.000000,10,False
158305,GOLD26SEP156200CE,GOLD,25SEP2026,15620000.000000,1,OPTFUT,NCO,50.000000,10,False
158308,GOLD26SEP156300PE,GOLD,25SEP2026,15630000.000000,1,OPTFUT,NCO,50.000000,10,False
124172,SILVERM27FEB286000PE,SILVERM,19FEB2027,28600000.000000,1,OPTFUT,NCO,50.000000,120,False
124183,GOLDM26NOV155900CE,GOLDM,27NOV2026,15590000.000000,1,OPTFUT,NCO,50.000000,100,False
124188,GOLD27APR153500CE,GOLD,28APR2027,15350000.000000,1,OPTFUT,NCO,50.000000,10,False
124193,GOLD27APR153700PE,GOLD,28APR2027,15370000.000000,1,OPTFUT,NCO,50.000000,10,False
158316,GOLD26SEP156700PE,GOLD,25SEP2026,15670000.000000,1,OPTFUT,NCO,50.000000,10,False
158317,GOLD26SEP156800CE,GOLD,25SEP2026,15680000.000000,1,OPTFUT,NCO,50.000000,10,False
158330,GOLD26SEP157400PE,GOLD,25SEP2026,15740000.000000,1,OPTFUT,NCO,50.000000,10,False
158335,GOLD26SEP157700CE,GOLD,25SEP2026,15770000.000000,1,OPTFUT,NCO,50.000000,10,False
124195,GOLD27APR153800PE,GOLD,28APR2027,15380000.000000,1,OPTFUT,NCO,50.000000,10,False
124197,GOLD27APR153900PE,GOLD,28APR2027,15390000.000000,1,OPTFUT,NCO,50.000000,10,False
124198,GOLD27APR154000CE,GOLD,28APR2027,15400000.000000,1,OPTFUT,NCO,50.000000,10,False
124205,GOLD27APR154100PE,GOLD,28APR2027,15410000.000000,1,OPTFUT,NCO,50.000000,10,False
158351,GOLD26SEP158500CE,GOLD,25SEP2026,15850000.000000,1,OPTFUT,NCO,50.000000,10,False
158383,GOLD26SEP160100CE,GOLD,25SEP2026,16010000.000000,1,OPTFUT,NCO,50.000000,10,False
158394,GOLD26SEP160600PE,GOLD,25SEP2026,16060000.000000,1,OPTFUT,NCO,50.000000,10,False
158421,GOLD26SEP162000CE,GOLD,25SEP2026,16200000.000000,1,OPTFUT,NCO,50.000000,10,False
124208,GOLD27APR154300CE,GOLD,28APR2027,15430000.000000,1,OPTFUT,NCO,50.000000,10,False
124215,GOLD27APR154600PE,GOLD,28APR2027,15460000.000000,1,OPTFUT,NCO,50.000000,10,False
124217,GOLD27APR154700PE,GOLD,28APR2027,15470000.000000,1,OPTFUT,NCO,50.000000,10,False
124225,GOLD27APR155100PE,GOLD,28APR2027,15510000.000000,1,OPTFUT,NCO,50.000000,10,False
158423,GOLD26SEP162100CE,GOLD,25SEP2026,16210000.000000,1,OPTFUT,NCO,50.000000,10,False
158426,GOLD26SEP162200PE,GOLD,25SEP2026,16220000.000000,1,OPTFUT,NCO,50.000000,10,False
158427,GOLD26SEP162300CE,GOLD,25SEP2026,16230000.000000,1,OPTFUT,NCO,50.000000,10,False
158442,GOLD26OCT156900PE,GOLD,29OCT2026,15690000.000000,1,OPTFUT,NCO,50.000000,10,False
158452,GOLD26OCT157400PE,GOLD,29OCT2026,15740000.000000,1,OPTFUT,NCO,50.000000,10,False
158455,GOLD26OCT157600CE,GOLD,29OCT2026,15760000.000000,1,OPTFUT,NCO,50.000000,10,False
158464,GOLD26OCT158000PE,GOLD,29OCT2026,15800000.000000,1,OPTFUT,NCO,50.000000,10,False
158473,GOLD26OCT158500CE,GOLD,29OCT2026,15850000.000000,1,OPTFUT,NCO,50.000000,10,False
124239,GOLD27APR155600CE,GOLD,28APR2027,15560000.000000,1,OPTFUT,NCO,50.000000,10,False
124242,GOLD27APR155700PE,GOLD,28APR2027,15570000.000000,1,OPTFUT,NCO,50.000000,10,False
124247,SILVER26DEC203250CE,SILVER,01DEC2026,20325000.000000,1,OPTBLN,NCO,50.000000,20,False
124253,SILVER26DEC204000CE,SILVER,01DEC2026,20400000.000000,1,OPTBLN,NCO,50.000000,20,False
158498,GOLD26OCT159700PE,GOLD,29OCT2026,15970000.000000,1,OPTFUT,NCO,50.000000,10,False
158502,GOLD26OCT159900PE,GOLD,29OCT2026,15990000.000000,1,OPTFUT,NCO,50.000000,10,False
158504,GOLD26OCT160000PE,GOLD,29OCT2026,16000000.000000,1,OPTFUT,NCO,50.000000,10,False
158519,GOLD26OCT160800CE,GOLD,29OCT2026,16080000.000000,1,OPTFUT,NCO,50.000000,10,False
158534,GOLD26OCT161500PE,GOLD,29OCT2026,16150000.000000,1,OPTFUT,NCO,50.000000,10,False
158557,GOLD26OCT162700CE,GOLD,29OCT2026,16270000.000000,1,OPTFUT,NCO,50.000000,10,False
158571,GOLD26OCT163400CE,GOLD,29OCT2026,16340000.000000,1,OPTFUT,NCO,50.000000,10,False
158575,GOLD26OCT163600CE,GOLD,29OCT2026,16360000.000000,1,OPTFUT,NCO,50.000000,10,False
124266,SILVERM27MAR241000CE,SILVERM,24MAR2027,24100000.000000,1,OPTFUT,NCO,50.000000,120,False
124271,GOLD27MAR147700CE,GOLD,29MAR2027,14770000.000000,1,OPTFUT,NCO,50.000000,10,False
124272,GOLD27MAR147700PE,GOLD,29MAR2027,14770000.000000,1,OPTFUT,NCO,50.000000,10,False
124273,GOLD27MAR147800CE,GOLD,29MAR2027,14780000.000000,1,OPTFUT,NCO,50.000000,10,False
158597,GOLD26NOV158500CE,GOLD,27NOV2026,15850000.000000,1,OPTFUT,NCO,50.000000,10,False
158608,GOLD26NOV159000PE,GOLD,27NOV2026,15900000.000000,1,OPTFUT,NCO,50.000000,10,False
158610,GOLD26NOV159100PE,GOLD,27NOV2026,15910000.000000,1,OPTFUT,NCO,50.000000,10,False
158621,GOLD26NOV159700CE,GOLD,27NOV2026,15970000.000000,1,OPTFUT,NCO,50.000000,10,False
124278,GOLD27MAR148000PE,GOLD,29MAR2027,14800000.000000,1,OPTFUT,NCO,50.000000,10,False
124280,GOLD26DEC165800PE,GOLD,29DEC2026,16580000.000000,1,OPTFUT,NCO,50.000000,10,False
124285,SILVERM27MAR241500CE,SILVERM,24MAR2027,24150000.000000,1,OPTFUT,NCO,50.000000,120,False
124286,SILVERM27MAR241500PE,SILVERM,24MAR2027,24150000.000000,1,OPTFUT,NCO,50.000000,120,False
158623,GOLD26NOV159800CE,GOLD,27NOV2026,15980000.000000,1,OPTFUT,NCO,50.000000,10,False
158627,GOLD26NOV160000CE,GOLD,27NOV2026,16000000.000000,1,OPTFUT,NCO,50.000000,10,False
158647,GOLD26NOV161000CE,GOLD,27NOV2026,16100000.000000,1,OPTFUT,NCO,50.000000,10,False
158684,GOLD26NOV162800PE,GOLD,27NOV2026,16280000.000000,1,OPTFUT,NCO,50.000000,10,False
124319,SILVERM27FEB288000CE,SILVERM,19FEB2027,28800000.000000,1,OPTFUT,NCO,50.000000,120,False
158692,GOLD26NOV163200PE,GOLD,27NOV2026,16320000.000000,1,OPTFUT,NCO,50.000000,10,False
158694,GOLD26NOV163300PE,GOLD,27NOV2026,16330000.000000,1,OPTFUT,NCO,50.000000,10,False
158719,GOLD26DEC158400CE,GOLD,29DEC2026,15840000.000000,1,OPTFUT,NCO,50.000000,10,False
158741,GOLD26DEC159500CE,GOLD,29DEC2026,15950000.000000,1,OPTFUT,NCO,50.000000,10,False
124288,SILVERM27MAR241750PE,SILVERM,24MAR2027,24175000.000000,1,OPTFUT,NCO,50.000000,120,False
124293,GOLD26NOV133500PE,GOLD,27NOV2026,13350000.000000,1,OPTFUT,NCO,50.000000,10,False
124298,GOLD26NOV133800CE,GOLD,27NOV2026,13380000.000000,1,OPTFUT,NCO,50.000000,10,False
158763,GOLD26DEC160600CE,GOLD,29DEC2026,16060000.000000,1,OPTFUT,NCO,50.000000,10,False
158782,GOLD26DEC161500PE,GOLD,29DEC2026,16150000.000000,1,OPTFUT,NCO,50.000000,10,False
158786,GOLD26DEC161700PE,GOLD,29DEC2026,16170000.000000,1,OPTFUT,NCO,50.000000,10,False
158791,GOLD26DEC162000CE,GOLD,29DEC2026,16200000.000000,1,OPTFUT,NCO,50.000000,10,False
124329,SILVERM26DEC238000PE,SILVERM,23DEC2026,23800000.000000,1,OPTFUT,NCO,50.000000,120,False
124336,SILVERM27FEB288500PE,SILVERM,19FEB2027,28850000.000000,1,OPTFUT,NCO,50.000000,120,False
124348,SILVERM27FEB289500PE,SILVERM,19FEB2027,28950000.000000,1,OPTFUT,NCO,50.000000,120,False
124351,SILVERM27FEB290000CE,SILVERM,19FEB2027,29000000.000000,1,OPTFUT,NCO,50.000000,120,False
158794,GOLD26DEC162100PE,GOLD,29DEC2026,16210000.000000,1,OPTFUT,NCO,50.000000,10,False
158801,GOLD26DEC162500CE,GOLD,29DEC2026,16250000.000000,1,OPTFUT,NCO,50.000000,10,False
158808,GOLD26DEC162800PE,GOLD,29DEC2026,16280000.000000,1,OPTFUT,NCO,50.000000,10,False
158812,GOLD26DEC163000PE,GOLD,29DEC2026,16300000.000000,1,OPTFUT,NCO,50.000000,10,False
124365,GOLD27APR157100CE,GOLD,28APR2027,15710000.000000,1,OPTFUT,NCO,50.000000,10,False
124367,GOLD27APR157200CE,GOLD,28APR2027,15720000.000000,1,OPTFUT,NCO,50.000000,10,False
124374,SILVERM26DEC238250CE,SILVERM,23DEC2026,23825000.000000,1,OPTFUT,NCO,50.000000,120,False
124376,SILVERM26DEC238500CE,SILVERM,23DEC2026,23850000.000000,1,OPTFUT,NCO,50.000000,120,False
158815,GOLD26DEC163200CE,GOLD,29DEC2026,16320000.000000,1,OPTFUT,NCO,50.000000,10,False
158824,GOLD26DEC163600PE,GOLD,29DEC2026,16360000.000000,1,OPTFUT,NCO,50.000000,10,False
158829,GOLD26DEC163900CE,GOLD,29DEC2026,16390000.000000,1,OPTFUT,NCO,50.000000,10,False
159575,SILVERM26SEP329000CE,SILVERM,23SEP2026,32900000.000000,1,OPTFUT,NCO,50.000000,120,False
124379,SILVERM27FEB290500CE,SILVERM,19FEB2027,29050000.000000,1,OPTFUT,NCO,50.000000,120,False
124380,SILVERM27FEB290500PE,SILVERM,19FEB2027,29050000.000000,1,OPTFUT,NCO,50.000000,120,False
124384,SILVERM27MAY274250PE,SILVERM,24MAY2027,27425000.000000,1,OPTFUT,NCO,50.000000,120,False
124392,SILVERM27MAY274750PE,SILVERM,24MAY2027,27475000.000000,1,OPTFUT,NCO,50.000000,120,False
159578,SILVERM26SEP329250PE,SILVERM,23SEP2026,32925000.000000,1,OPTFUT,NCO,50.000000,120,False
159601,SILVERM26SEP332250CE,SILVERM,23SEP2026,33225000.000000,1,OPTFUT,NCO,50.000000,120,False
159602,SILVERM26SEP332250PE,SILVERM,23SEP2026,33225000.000000,1,OPTFUT,NCO,50.000000,120,False
159605,SILVERM26SEP332750CE,SILVERM,23SEP2026,33275000.000000,1,OPTFUT,NCO,50.000000,120,False
124399,GOLD26NOV134400CE,GOLD,27NOV2026,13440000.000000,1,OPTFUT,NCO,50.000000,10,False
124407,GOLD27MAR148700PE,GOLD,29MAR2027,14870000.000000,1,OPTFUT,NCO,50.000000,10,False
124425,GOLD26NOV134700PE,GOLD,27NOV2026,13470000.000000,1,OPTFUT,NCO,50.000000,10,False
124430,SILVERM27FEB291000CE,SILVERM,19FEB2027,29100000.000000,1,OPTFUT,NCO,50.000000,120,False
159625,SILVERM26OCT332000CE,SILVERM,23OCT2026,33200000.000000,1,OPTFUT,NCO,50.000000,120,False
159626,SILVERM26OCT332000PE,SILVERM,23OCT2026,33200000.000000,1,OPTFUT,NCO,50.000000,120,False
159629,SILVERM26OCT332500CE,SILVERM,23OCT2026,33250000.000000,1,OPTFUT,NCO,50.000000,120,False
159655,SILVERM26NOV332500CE,SILVERM,23NOV2026,33250000.000000,1,OPTFUT,NCO,50.000000,120,False
124433,SILVERM27FEB291000PE,SILVERM,19FEB2027,29100000.000000,1,OPTFUT,NCO,50.000000,120,False
124435,SILVERM27FEB291250PE,SILVERM,19FEB2027,29125000.000000,1,OPTFUT,NCO,50.000000,120,False
124444,SILVERM27MAR243000CE,SILVERM,24MAR2027,24300000.000000,1,OPTFUT,NCO,50.000000,120,False
124454,GOLD27APR158000PE,GOLD,28APR2027,15800000.000000,1,OPTFUT,NCO,50.000000,10,False
159664,SILVERM26NOV333500PE,SILVERM,23NOV2026,33350000.000000,1,OPTFUT,NCO,50.000000,120,False
159667,SILVERM26NOV334000CE,SILVERM,23NOV2026,33400000.000000,1,OPTFUT,NCO,50.000000,120,False
159668,SILVERM26NOV334000PE,SILVERM,23NOV2026,33400000.000000,1,OPTFUT,NCO,50.000000,120,False
159683,SILVERM26NOV336000CE,SILVERM,23NOV2026,33600000.000000,1,OPTFUT,NCO,50.000000,120,False
124469,GOLD27APR158400PE,GOLD,28APR2027,15840000.000000,1,OPTFUT,NCO,50.000000,10,False
124474,SILVERM27MAY275750PE,SILVERM,24MAY2027,27575000.000000,1,OPTFUT,NCO,50.000000,120,False
124479,SILVERM27JUL236500PE,SILVERM,23JUL2027,23650000.000000,1,OPTFUT,NCO,50.000000,120,False
124492,GOLD27APR147900CE,GOLD,28APR2027,14790000.000000,1,OPTFUT,NCO,50.000000,10,False
124500,ZINC26NOV380PE,ZINC,23NOV2026,38000.000000,1,OPTFUT,NCO,1.000000,20,False
124514,ZINC26NOV392.5CE,ZINC,23NOV2026,39250.000000,1,OPTFUT,NCO,1.000000,20,False
124515,ZINC26NOV392.5PE,ZINC,23NOV2026,39250.000000,1,OPTFUT,NCO,1.000000,20,False
124563,GOLD26OCT125100PE,GOLD,29OCT2026,12510000.000000,1,OPTFUT,NCO,50.000000,10,False
159703,SILVERM26DEC335250CE,SILVERM,23DEC2026,33525000.000000,1,OPTFUT,NCO,50.000000,120,False
159708,SILVERM26DEC335750PE,SILVERM,23DEC2026,33575000.000000,1,OPTFUT,NCO,50.000000,120,False
159714,SILVERM26DEC336500PE,SILVERM,23DEC2026,33650000.000000,1,OPTFUT,NCO,50.000000,120,False
159715,SILVERM26DEC336750CE,SILVERM,23DEC2026,33675000.000000,1,OPTFUT,NCO,50.000000,120,False
124565,GOLD26OCT125200PE,GOLD,29OCT2026,12520000.000000,1,OPTFUT,NCO,50.000000,10,False
124567,CRUDEOIL26OCT4800PE,CRUDEOIL,08OCT2026,480000.000000,1,OPTFUT,NCO,10.000000,100,False
124585,GOLD26NOV135700CE,GOLD,27NOV2026,13570000.000000,1,OPTFUT,NCO,50.000000,10,False
124586,GOLD26NOV135700PE,GOLD,27NOV2026,13570000.000000,1,OPTFUT,NCO,50.000000,10,False
159721,SILVERM26DEC337500CE,SILVERM,23DEC2026,33750000.000000,1,OPTFUT,NCO,50.000000,120,False
159729,SILVERM26DEC338500CE,SILVERM,23DEC2026,33850000.000000,1,OPTFUT,NCO,50.000000,120,False
161697,SILVERM26SEP336750CE,SILVERM,23SEP2026,33675000.000000,1,OPTFUT,NCO,50.000000,120,False
161701,SILVERM26SEP337250CE,SILVERM,23SEP2026,33725000.000000,1,OPTFUT,NCO,50.000000,120,False
161732,SILVERM26SEP341000PE,SILVERM,23SEP2026,34100000.000000,1,OPTFUT,NCO,50.000000,120,False
161740,SILVERM26SEP342000PE,SILVERM,23SEP2026,34200000.000000,1,OPTFUT,NCO,50.000000,120,False
161746,SILVERM26SEP342750PE,SILVERM,23SEP2026,34275000.000000,1,OPTFUT,NCO,50.000000,120,False
161754,SILVERM26SEP343750PE,SILVERM,23SEP2026,34375000.000000,1,OPTFUT,NCO,50.000000,120,False
124589,CRUDEOIL26OCT5100CE,CRUDEOIL,08OCT2026,510000.000000,1,OPTFUT,NCO,10.000000,100,False
124605,SILVERM27JUL238250PE,SILVERM,23JUL2027,23825000.000000,1,OPTFUT,NCO,50.000000,120,False
124607,ZINC26NOV420PE,ZINC,23NOV2026,42000.000000,1,OPTFUT,NCO,1.000000,20,False
124611,COPPER26OCT1435CE,COPPER,23OCT2026,143500.000000,1,OPTFUT,NCO,1.000000,70,False
161755,SILVERM26SEP344000CE,SILVERM,23SEP2026,34400000.000000,1,OPTFUT,NCO,50.000000,120,False
161759,SILVERM26SEP344500CE,SILVERM,23SEP2026,34450000.000000,1,OPTFUT,NCO,50.000000,120,False
161763,SILVERM26SEP345000CE,SILVERM,23SEP2026,34500000.000000,1,OPTFUT,NCO,50.000000,120,False
161799,SILVERM26SEP349500CE,SILVERM,23SEP2026,34950000.000000,1,OPTFUT,NCO,50.000000,120,False
124614,COPPER26OCT1440PE,COPPER,23OCT2026,144000.000000,1,OPTFUT,NCO,1.000000,70,False
124630,GOLD27JUL151000PE,GOLD,29JUL2027,15100000.000000,1,OPTFUT,NCO,50.000000,10,False
124648,GOLD27JUL151200CE,GOLD,29JUL2027,15120000.000000,1,OPTFUT,NCO,50.000000,10,False
124661,GOLD27JUL151600PE,GOLD,29JUL2027,15160000.000000,1,OPTFUT,NCO,50.000000,10,False
161813,SILVERM26SEP351250CE,SILVERM,23SEP2026,35125000.000000,1,OPTFUT,NCO,50.000000,120,False
161816,SILVERM26SEP351500PE,SILVERM,23SEP2026,35150000.000000,1,OPTFUT,NCO,50.000000,120,False
161845,SILVERM26SEP355250CE,SILVERM,23SEP2026,35525000.000000,1,OPTFUT,NCO,50.000000,120,False
161856,SILVERM26SEP356500PE,SILVERM,23SEP2026,35650000.000000,1,OPTFUT,NCO,50.000000,120,False
124662,GOLD27JUL151700CE,GOLD,29JUL2027,15170000.000000,1,OPTFUT,NCO,50.000000,10,False
124681,GOLD27JUL152400CE,GOLD,29JUL2027,15240000.000000,1,OPTFUT,NCO,50.000000,10,False
124704,SILVERM27AUG249750PE,SILVERM,24AUG2027,24975000.000000,1,OPTFUT,NCO,50.000000,120,False
124714,GOLD27JUL153500CE,GOLD,29JUL2027,15350000.000000,1,OPTFUT,NCO,50.000000,10,False
124733,SILVERM27AUG252500CE,SILVERM,24AUG2027,25250000.000000,1,OPTFUT,NCO,50.000000,120,False
124737,GOLD26OCT125700PE,GOLD,29OCT2026,12570000.000000,1,OPTFUT,NCO,50.000000,10,False
124774,GOLD26NOV137100CE,GOLD,27NOV2026,13710000.000000,1,OPTFUT,NCO,50.000000,10,False
124797,GOLD26NOV137500PE,GOLD,27NOV2026,13750000.000000,1,OPTFUT,NCO,50.000000,10,False
161857,SILVERM26SEP356750CE,SILVERM,23SEP2026,35675000.000000,1,OPTFUT,NCO,50.000000,120,False
161858,SILVERM26SEP356750PE,SILVERM,23SEP2026,35675000.000000,1,OPTFUT,NCO,50.000000,120,False
161887,SILVERM26SEP360500CE,SILVERM,23SEP2026,36050000.000000,1,OPTFUT,NCO,50.000000,120,False
161892,SILVERM26SEP361000PE,SILVERM,23SEP2026,36100000.000000,1,OPTFUT,NCO,50.000000,120,False
161908,SILVERM26SEP363000PE,SILVERM,23SEP2026,36300000.000000,1,OPTFUT,NCO,50.000000,120,False
161909,SILVERM26SEP363250CE,SILVERM,23SEP2026,36325000.000000,1,OPTFUT,NCO,50.000000,120,False
161934,SILVERM26OCT337250PE,SILVERM,23OCT2026,33725000.000000,1,OPTFUT,NCO,50.000000,120,False
124798,GOLD27APR148900PE,GOLD,28APR2027,14890000.000000,1,OPTFUT,NCO,50.000000,10,False
124817,SILVERM27AUG253750PE,SILVERM,24AUG2027,25375000.000000,1,OPTFUT,NCO,50.000000,120,False
124818,GOLD26OCT127300PE,GOLD,29OCT2026,12730000.000000,1,OPTFUT,NCO,50.000000,10,False
124825,SILVER26DEC206250CE,SILVER,01DEC2026,20625000.000000,1,OPTBLN,NCO,50.000000,20,False
161924,SILVERM26SEP365000PE,SILVERM,23SEP2026,36500000.000000,1,OPTFUT,NCO,50.000000,120,False
124831,SILVER26DEC206750PE,SILVER,01DEC2026,20675000.000000,1,OPTBLN,NCO,50.000000,20,False
124841,GOLD27APR149500CE,GOLD,28APR2027,14950000.000000,1,OPTFUT,NCO,50.000000,10,False
124846,GOLD27APR149600CE,GOLD,28APR2027,14960000.000000,1,OPTFUT,NCO,50.000000,10,False
124852,GOLD27APR149700CE,GOLD,28APR2027,14970000.000000,1,OPTFUT,NCO,50.000000,10,False
161957,SILVERM26OCT340250CE,SILVERM,23OCT2026,34025000.000000,1,OPTFUT,NCO,50.000000,120,False
161969,SILVERM26OCT341750CE,SILVERM,23OCT2026,34175000.000000,1,OPTFUT,NCO,50.000000,120,False
162030,SILVERM26OCT349250PE,SILVERM,23OCT2026,34925000.000000,1,OPTFUT,NCO,50.000000,120,False
162032,SILVERM26OCT349500PE,SILVERM,23OCT2026,34950000.000000,1,OPTFUT,NCO,50.000000,120,False
124853,GOLD27APR149700PE,GOLD,28APR2027,14970000.000000,1,OPTFUT,NCO,50.000000,10,False
124876,GOLD27JUL154300CE,GOLD,29JUL2027,15430000.000000,1,OPTFUT,NCO,50.000000,10,False
124881,GOLD27JUL154400CE,GOLD,29JUL2027,15440000.000000,1,OPTFUT,NCO,50.000000,10,False
124894,GOLD27JUL154800CE,GOLD,29JUL2027,15480000.000000,1,OPTFUT,NCO,50.000000,10,False
162039,SILVERM26OCT350500CE,SILVERM,23OCT2026,35050000.000000,1,OPTFUT,NCO,50.000000,120,False
162042,SILVERM26OCT350750PE,SILVERM,23OCT2026,35075000.000000,1,OPTFUT,NCO,50.000000,120,False
162049,SILVERM26OCT351750CE,SILVERM,23OCT2026,35175000.000000,1,OPTFUT,NCO,50.000000,120,False
162050,SILVERM26OCT351750PE,SILVERM,23OCT2026,35175000.000000,1,OPTFUT,NCO,50.000000,120,False
124900,GOLD27MAY149100CE,GOLD,28MAY2027,14910000.000000,1,OPTFUT,NCO,50.000000,10,False
124902,SILVER26DEC208000CE,SILVER,01DEC2026,20800000.000000,1,OPTBLN,NCO,50.000000,20,False
124909,SILVER26DEC208250CE,SILVER,01DEC2026,20825000.000000,1,OPTBLN,NCO,50.000000,20,False
124916,GOLD27JUL155100CE,GOLD,29JUL2027,15510000.000000,1,OPTFUT,NCO,50.000000,10,False
162056,SILVERM26OCT352500PE,SILVERM,23OCT2026,35250000.000000,1,OPTFUT,NCO,50.000000,120,False
162061,SILVERM26OCT353250CE,SILVERM,23OCT2026,35325000.000000,1,OPTFUT,NCO,50.000000,120,False
162066,SILVERM26OCT353750PE,SILVERM,23OCT2026,35375000.000000,1,OPTFUT,NCO,50.000000,120,False
162070,SILVERM26OCT354250PE,SILVERM,23OCT2026,35425000.000000,1,OPTFUT,NCO,50.000000,120,False
124921,SILVERM27AUG255000CE,SILVERM,24AUG2027,25500000.000000,1,OPTFUT,NCO,50.000000,120,False
124926,GOLD27MAY149400CE,GOLD,28MAY2027,14940000.000000,1,OPTFUT,NCO,50.000000,10,False
124956,GOLDM26SEP148200PE,GOLDM,25SEP2026,14820000.000000,1,OPTFUT,NCO,50.000000,100,False
124957,GOLDM26SEP148300CE,GOLDM,25SEP2026,14830000.000000,1,OPTFUT,NCO,50.000000,100,False
162072,SILVERM26OCT354500PE,SILVERM,23OCT2026,35450000.000000,1,OPTFUT,NCO,50.000000,120,False
162074,SILVERM26OCT354750PE,SILVERM,23OCT2026,35475000.000000,1,OPTFUT,NCO,50.000000,120,False
162098,SILVERM26OCT357750PE,SILVERM,23OCT2026,35775000.000000,1,OPTFUT,NCO,50.000000,120,False
162114,SILVERM26OCT359750PE,SILVERM,23OCT2026,35975000.000000,1,OPTFUT,NCO,50.000000,120,False
124983,GOLDM26SEP148600PE,GOLDM,25SEP2026,14860000.000000,1,OPTFUT,NCO,50.000000,100,False
124988,GOLD27JUL155900CE,GOLD,29JUL2027,15590000.000000,1,OPTFUT,NCO,50.000000,10,False
124995,GOLDM26SEP148900PE,GOLDM,25SEP2026,14890000.000000,1,OPTFUT,NCO,50.000000,100,False
162122,SILVERM26OCT360750PE,SILVERM,23OCT2026,36075000.000000,1,OPTFUT,NCO,50.000000,120,False
162124,SILVERM26OCT361000PE,SILVERM,23OCT2026,36100000.000000,1,OPTFUT,NCO,50.000000,120,False
162131,SILVERM26OCT362000CE,SILVERM,23OCT2026,36200000.000000,1,OPTFUT,NCO,50.000000,120,False
162139,SILVERM26OCT363000CE,SILVERM,23OCT2026,36300000.000000,1,OPTFUT,NCO,50.000000,120,False
124966,SILVERM27MAY276750CE,SILVERM,24MAY2027,27675000.000000,1,OPTFUT,NCO,50.000000,120,False
162145,SILVERM26OCT363750CE,SILVERM,23OCT2026,36375000.000000,1,OPTFUT,NCO,50.000000,120,False
162151,SILVERM26OCT364500CE,SILVERM,23OCT2026,36450000.000000,1,OPTFUT,NCO,50.000000,120,False
162155,SILVERM26OCT365000CE,SILVERM,23OCT2026,36500000.000000,1,OPTFUT,NCO,50.000000,120,False
162159,SILVERM26OCT365500CE,SILVERM,23OCT2026,36550000.000000,1,OPTFUT,NCO,50.000000,120,False
124998,GOLDM26SEP149100CE,GOLDM,25SEP2026,14910000.000000,1,OPTFUT,NCO,50.000000,100,False
125006,GOLDM26SEP149300PE,GOLDM,25SEP2026,14930000.000000,1,OPTFUT,NCO,50.000000,100,False
125044,GOLD27MAY150300CE,GOLD,28MAY2027,15030000.000000,1,OPTFUT,NCO,50.000000,10,False
125059,GOLDM26SEP150400CE,GOLDM,25SEP2026,15040000.000000,1,OPTFUT,NCO,50.000000,100,False
162192,SILVERM26NOV340500PE,SILVERM,23NOV2026,34050000.000000,1,OPTFUT,NCO,50.000000,120,False
162203,SILVERM26NOV342000CE,SILVERM,23NOV2026,34200000.000000,1,OPTFUT,NCO,50.000000,120,False
162204,SILVERM26NOV342000PE,SILVERM,23NOV2026,34200000.000000,1,OPTFUT,NCO,50.000000,120,False
162213,SILVERM26NOV343250CE,SILVERM,23NOV2026,34325000.000000,1,OPTFUT,NCO,50.000000,120,False
125061,SILVERM27JUN250250CE,SILVERM,23JUN2027,25025000.000000,1,OPTFUT,NCO,50.000000,120,False
125064,GOLDM26OCT145100CE,GOLDM,29OCT2026,14510000.000000,1,OPTFUT,NCO,50.000000,100,False
125067,GOLDM26OCT145200PE,GOLDM,29OCT2026,14520000.000000,1,OPTFUT,NCO,50.000000,100,False
125078,GOLDM26OCT145800CE,GOLDM,29OCT2026,14580000.000000,1,OPTFUT,NCO,50.000000,100,False
162236,SILVERM26NOV346000PE,SILVERM,23NOV2026,34600000.000000,1,OPTFUT,NCO,50.000000,120,False
162241,SILVERM26NOV346750CE,SILVERM,23NOV2026,34675000.000000,1,OPTFUT,NCO,50.000000,120,False
162247,SILVERM26NOV347500CE,SILVERM,23NOV2026,34750000.000000,1,OPTFUT,NCO,50.000000,120,False
162255,SILVERM26NOV348500CE,SILVERM,23NOV2026,34850000.000000,1,OPTFUT,NCO,50.000000,120,False
125086,GOLD27MAY150400PE,GOLD,28MAY2027,15040000.000000,1,OPTFUT,NCO,50.000000,10,False
125095,GOLD27MAR162000PE,GOLD,29MAR2027,16200000.000000,1,OPTFUT,NCO,50.000000,10,False
125097,GOLD27MAR162100PE,GOLD,29MAR2027,16210000.000000,1,OPTFUT,NCO,50.000000,10,False
125099,GOLD27MAR162200PE,GOLD,29MAR2027,16220000.000000,1,OPTFUT,NCO,50.000000,10,False
162262,SILVERM26NOV349250PE,SILVERM,23NOV2026,34925000.000000,1,OPTFUT,NCO,50.000000,120,False
162270,SILVERM26NOV350250PE,SILVERM,23NOV2026,35025000.000000,1,OPTFUT,NCO,50.000000,120,False
162280,SILVERM26NOV351500PE,SILVERM,23NOV2026,35150000.000000,1,OPTFUT,NCO,50.000000,120,False
162300,SILVERM26NOV354000PE,SILVERM,23NOV2026,35400000.000000,1,OPTFUT,NCO,50.000000,120,False
125102,GOLDM26OCT146100PE,GOLDM,29OCT2026,14610000.000000,1,OPTFUT,NCO,50.000000,100,False
125103,GOLD27MAR162300CE,GOLD,29MAR2027,16230000.000000,1,OPTFUT,NCO,50.000000,10,False
125109,GOLD27MAR162600CE,GOLD,29MAR2027,16260000.000000,1,OPTFUT,NCO,50.000000,10,False
125112,GOLD27MAR162700PE,GOLD,29MAR2027,16270000.000000,1,OPTFUT,NCO,50.000000,10,False
162301,SILVERM26NOV354250CE,SILVERM,23NOV2026,35425000.000000,1,OPTFUT,NCO,50.000000,120,False
162308,SILVERM26NOV355000PE,SILVERM,23NOV2026,35500000.000000,1,OPTFUT,NCO,50.000000,120,False
162333,SILVERM26NOV358250CE,SILVERM,23NOV2026,35825000.000000,1,OPTFUT,NCO,50.000000,120,False
162343,SILVERM26NOV359500CE,SILVERM,23NOV2026,35950000.000000,1,OPTFUT,NCO,50.000000,120,False
125115,GOLD27MAR162800CE,GOLD,29MAR2027,16280000.000000,1,OPTFUT,NCO,50.000000,10,False
125128,GOLD27MAR162900PE,GOLD,29MAR2027,16290000.000000,1,OPTFUT,NCO,50.000000,10,False
125138,GOLD27MAR163400PE,GOLD,29MAR2027,16340000.000000,1,OPTFUT,NCO,50.000000,10,False
125155,GOLD26OCT128700CE,GOLD,29OCT2026,12870000.000000,1,OPTFUT,NCO,50.000000,10,False
162344,SILVERM26NOV359500PE,SILVERM,23NOV2026,35950000.000000,1,OPTFUT,NCO,50.000000,120,False
162347,SILVERM26NOV360000CE,SILVERM,23NOV2026,36000000.000000,1,OPTFUT,NCO,50.000000,120,False
162363,SILVERM26NOV362000CE,SILVERM,23NOV2026,36200000.000000,1,OPTFUT,NCO,50.000000,120,False
162368,SILVERM26NOV362500PE,SILVERM,23NOV2026,36250000.000000,1,OPTFUT,NCO,50.000000,120,False
125172,SILVERM26DEC241000PE,SILVERM,23DEC2026,24100000.000000,1,OPTFUT,NCO,50.000000,120,False
125190,SILVERM26DEC243250PE,SILVERM,23DEC2026,24325000.000000,1,OPTFUT,NCO,50.000000,120,False
125205,GOLDM26OCT147000CE,GOLDM,29OCT2026,14700000.000000,1,OPTFUT,NCO,50.000000,100,False
125215,SILVERM27JAN264000PE,SILVERM,21JAN2027,26400000.000000,1,OPTFUT,NCO,50.000000,120,False
162371,SILVERM26NOV363000CE,SILVERM,23NOV2026,36300000.000000,1,OPTFUT,NCO,50.000000,120,False
162375,SILVERM26NOV363500CE,SILVERM,23NOV2026,36350000.000000,1,OPTFUT,NCO,50.000000,120,False
162389,SILVERM26NOV365250CE,SILVERM,23NOV2026,36525000.000000,1,OPTFUT,NCO,50.000000,120,False
162396,SILVERM26NOV366000PE,SILVERM,23NOV2026,36600000.000000,1,OPTFUT,NCO,50.000000,120,False
125223,SILVERM27JAN264750PE,SILVERM,21JAN2027,26475000.000000,1,OPTFUT,NCO,50.000000,120,False
125226,GOLD26OCT128900CE,GOLD,29OCT2026,12890000.000000,1,OPTFUT,NCO,50.000000,10,False
125231,GOLD26OCT129100CE,GOLD,29OCT2026,12910000.000000,1,OPTFUT,NCO,50.000000,10,False
125240,SILVER26DEC209000CE,SILVER,01DEC2026,20900000.000000,1,OPTBLN,NCO,50.000000,20,False
162397,SILVERM26NOV366250CE,SILVERM,23NOV2026,36625000.000000,1,OPTFUT,NCO,50.000000,120,False
162399,SILVERM26NOV366500CE,SILVERM,23NOV2026,36650000.000000,1,OPTFUT,NCO,50.000000,120,False
162402,SILVERM26NOV366750PE,SILVERM,23NOV2026,36675000.000000,1,OPTFUT,NCO,50.000000,120,False
162406,SILVERM26NOV367250PE,SILVERM,23NOV2026,36725000.000000,1,OPTFUT,NCO,50.000000,120,False
125242,GOLD26OCT129400PE,GOLD,29OCT2026,12940000.000000,1,OPTFUT,NCO,50.000000,10,False
125246,SILVER26DEC209250CE,SILVER,01DEC2026,20925000.000000,1,OPTBLN,NCO,50.000000,20,False
125250,GOLD26OCT129700CE,GOLD,29OCT2026,12970000.000000,1,OPTFUT,NCO,50.000000,10,False
125266,GOLD26OCT129900CE,GOLD,29OCT2026,12990000.000000,1,OPTFUT,NCO,50.000000,10,False
162408,SILVERM26NOV367500PE,SILVERM,23NOV2026,36750000.000000,1,OPTFUT,NCO,50.000000,120,False
162411,SILVERM26NOV368000CE,SILVERM,23NOV2026,36800000.000000,1,OPTFUT,NCO,50.000000,120,False
162436,SILVERM26DEC341750PE,SILVERM,23DEC2026,34175000.000000,1,OPTFUT,NCO,50.000000,120,False
162440,SILVERM26DEC342250PE,SILVERM,23DEC2026,34225000.000000,1,OPTFUT,NCO,50.000000,120,False
125292,SILVERM27JAN265250CE,SILVERM,21JAN2027,26525000.000000,1,OPTFUT,NCO,50.000000,120,False
125295,SILVERM27JAN265500PE,SILVERM,21JAN2027,26550000.000000,1,OPTFUT,NCO,50.000000,120,False
125304,GOLDM26OCT147200PE,GOLDM,29OCT2026,14720000.000000,1,OPTFUT,NCO,50.000000,100,False
125313,SILVER26DEC212750PE,SILVER,01DEC2026,21275000.000000,1,OPTBLN,NCO,50.000000,20,False
162458,SILVERM26DEC344500PE,SILVERM,23DEC2026,34450000.000000,1,OPTFUT,NCO,50.000000,120,False
162465,SILVERM26DEC345500CE,SILVERM,23DEC2026,34550000.000000,1,OPTFUT,NCO,50.000000,120,False
162467,SILVERM26DEC345750CE,SILVERM,23DEC2026,34575000.000000,1,OPTFUT,NCO,50.000000,120,False
162485,SILVERM26DEC348000CE,SILVERM,23DEC2026,34800000.000000,1,OPTFUT,NCO,50.000000,120,False
125318,SILVER26DEC213500CE,SILVER,01DEC2026,21350000.000000,1,OPTBLN,NCO,50.000000,20,False
125336,GOLDM26OCT147700PE,GOLDM,29OCT2026,14770000.000000,1,OPTFUT,NCO,50.000000,100,False
125344,GOLDM26OCT147900PE,GOLDM,29OCT2026,14790000.000000,1,OPTFUT,NCO,50.000000,100,False
125348,SILVERM27JAN267750PE,SILVERM,21JAN2027,26775000.000000,1,OPTFUT,NCO,50.000000,120,False
162491,SILVERM26DEC348750CE,SILVERM,23DEC2026,34875000.000000,1,OPTFUT,NCO,50.000000,120,False
162506,SILVERM26DEC350500PE,SILVERM,23DEC2026,35050000.000000,1,OPTFUT,NCO,50.000000,120,False
162512,SILVERM26DEC351250PE,SILVERM,23DEC2026,35125000.000000,1,OPTFUT,NCO,50.000000,120,False
162527,SILVERM26DEC353250CE,SILVERM,23DEC2026,35325000.000000,1,OPTFUT,NCO,50.000000,120,False
125363,SILVERM26OCT194500PE,SILVERM,23OCT2026,19450000.000000,1,OPTFUT,NCO,50.000000,120,False
125386,SILVERM27JAN269000CE,SILVERM,21JAN2027,26900000.000000,1,OPTFUT,NCO,50.000000,120,False
125394,SILVERM27JAN269250PE,SILVERM,21JAN2027,26925000.000000,1,OPTFUT,NCO,50.000000,120,False
125408,SILVERM26NOV196000PE,SILVERM,23NOV2026,19600000.000000,1,OPTFUT,NCO,50.000000,120,False
162543,SILVERM26DEC355250CE,SILVERM,23DEC2026,35525000.000000,1,OPTFUT,NCO,50.000000,120,False
162553,SILVERM26DEC356500CE,SILVERM,23DEC2026,35650000.000000,1,OPTFUT,NCO,50.000000,120,False
162567,SILVERM26DEC358250CE,SILVERM,23DEC2026,35825000.000000,1,OPTFUT,NCO,50.000000,120,False
162571,SILVERM26DEC358750CE,SILVERM,23DEC2026,35875000.000000,1,OPTFUT,NCO,50.000000,120,False
125412,SILVERM27MAR246500CE,SILVERM,24MAR2027,24650000.000000,1,OPTFUT,NCO,50.000000,120,False
125414,SILVERM27MAR246750CE,SILVERM,24MAR2027,24675000.000000,1,OPTFUT,NCO,50.000000,120,False
125423,SILVERM27MAR247250PE,SILVERM,24MAR2027,24725000.000000,1,OPTFUT,NCO,50.000000,120,False
125427,SILVERM27JAN271250CE,SILVERM,21JAN2027,27125000.000000,1,OPTFUT,NCO,50.000000,120,False
162572,SILVERM26DEC358750PE,SILVERM,23DEC2026,35875000.000000,1,OPTFUT,NCO,50.000000,120,False
162579,SILVERM26DEC359750CE,SILVERM,23DEC2026,35975000.000000,1,OPTFUT,NCO,50.000000,120,False
162604,SILVERM26DEC362750PE,SILVERM,23DEC2026,36275000.000000,1,OPTFUT,NCO,50.000000,120,False
162608,SILVERM26DEC363250PE,SILVERM,23DEC2026,36325000.000000,1,OPTFUT,NCO,50.000000,120,False
125445,SILVERM27APR277000PE,SILVERM,23APR2027,27700000.000000,1,OPTFUT,NCO,50.000000,120,False
125464,SILVERM27MAR249750CE,SILVERM,24MAR2027,24975000.000000,1,OPTFUT,NCO,50.000000,120,False
125468,SILVERM27MAR250250CE,SILVERM,24MAR2027,25025000.000000,1,OPTFUT,NCO,50.000000,120,False
125477,SILVERM27MAR251250PE,SILVERM,24MAR2027,25125000.000000,1,OPTFUT,NCO,50.000000,120,False
162610,SILVERM26DEC363500PE,SILVERM,23DEC2026,36350000.000000,1,OPTFUT,NCO,50.000000,120,False
162620,SILVERM26DEC364750PE,SILVERM,23DEC2026,36475000.000000,1,OPTFUT,NCO,50.000000,120,False
162624,SILVERM26DEC365250PE,SILVERM,23DEC2026,36525000.000000,1,OPTFUT,NCO,50.000000,120,False
162633,SILVERM26DEC366500CE,SILVERM,23DEC2026,36650000.000000,1,OPTFUT,NCO,50.000000,120,False
125488,SILVERM27JAN273500PE,SILVERM,21JAN2027,27350000.000000,1,OPTFUT,NCO,50.000000,120,False
125508,GOLD26NOV133000CE,GOLD,27NOV2026,13300000.000000,1,OPTFUT,NCO,50.000000,10,False
125515,SILVERM27JAN276250CE,SILVERM,21JAN2027,27625000.000000,1,OPTFUT,NCO,50.000000,120,False
125529,SILVERM27MAR252500PE,SILVERM,24MAR2027,25250000.000000,1,OPTFUT,NCO,50.000000,120,False
162655,SILVERM26DEC369250CE,SILVERM,23DEC2026,36925000.000000,1,OPTFUT,NCO,50.000000,120,False
162671,SILVERM26DEC371250CE,SILVERM,23DEC2026,37125000.000000,1,OPTFUT,NCO,50.000000,120,False
163926,GOLD26SEP168400PE,GOLD,25SEP2026,16840000.000000,1,OPTFUT,NCO,50.000000,10,False
163933,GOLD26SEP168800CE,GOLD,25SEP2026,16880000.000000,1,OPTFUT,NCO,50.000000,10,False
125534,GOLDM26NOV156600CE,GOLDM,27NOV2026,15660000.000000,1,OPTFUT,NCO,50.000000,100,False
125538,GOLDM26OCT148400PE,GOLDM,29OCT2026,14840000.000000,1,OPTFUT,NCO,50.000000,100,False
125539,SILVERM27AUG257750CE,SILVERM,24AUG2027,25775000.000000,1,OPTFUT,NCO,50.000000,120,False
125544,SILVERM27JAN277250PE,SILVERM,21JAN2027,27725000.000000,1,OPTFUT,NCO,50.000000,120,False
163941,GOLD26SEP169200CE,GOLD,25SEP2026,16920000.000000,1,OPTFUT,NCO,50.000000,10,False
163957,GOLD26SEP170000CE,GOLD,25SEP2026,17000000.000000,1,OPTFUT,NCO,50.000000,10,False
163960,GOLD26SEP170100PE,GOLD,25SEP2026,17010000.000000,1,OPTFUT,NCO,50.000000,10,False
163964,GOLD26SEP170300PE,GOLD,25SEP2026,17030000.000000,1,OPTFUT,NCO,50.000000,10,False
125561,SILVERM27MAY267000CE,SILVERM,24MAY2027,26700000.000000,1,OPTFUT,NCO,50.000000,120,False
125564,GOLDM26NOV157000PE,GOLDM,27NOV2026,15700000.000000,1,OPTFUT,NCO,50.000000,100,False
125584,SILVERM26OCT150250CE,SILVERM,23OCT2026,15025000.000000,1,OPTFUT,NCO,50.000000,120,False
125611,GOLD27AUG158900CE,GOLD,27AUG2027,15890000.000000,1,OPTFUT,NCO,50.000000,10,False
163972,GOLD26SEP170700PE,GOLD,25SEP2026,17070000.000000,1,OPTFUT,NCO,50.000000,10,False
163975,GOLD26SEP170900CE,GOLD,25SEP2026,17090000.000000,1,OPTFUT,NCO,50.000000,10,False
163977,GOLD26SEP171000CE,GOLD,25SEP2026,17100000.000000,1,OPTFUT,NCO,50.000000,10,False
163980,GOLD26SEP171100PE,GOLD,25SEP2026,17110000.000000,1,OPTFUT,NCO,50.000000,10,False
125620,SILVERM27MAY278000CE,SILVERM,24MAY2027,27800000.000000,1,OPTFUT,NCO,50.000000,120,False
125622,SILVERM27MAY278250CE,SILVERM,24MAY2027,27825000.000000,1,OPTFUT,NCO,50.000000,120,False
125632,GOLD27AUG159300CE,GOLD,27AUG2027,15930000.000000,1,OPTFUT,NCO,50.000000,10,False
125639,GOLD27AUG159600PE,GOLD,27AUG2027,15960000.000000,1,OPTFUT,NCO,50.000000,10,False
163992,GOLD26SEP171700PE,GOLD,25SEP2026,17170000.000000,1,OPTFUT,NCO,50.000000,10,False
164002,GOLD26SEP172200PE,GOLD,25SEP2026,17220000.000000,1,OPTFUT,NCO,50.000000,10,False
164012,GOLD26SEP172700PE,GOLD,25SEP2026,17270000.000000,1,OPTFUT,NCO,50.000000,10,False
164013,GOLD26SEP172800CE,GOLD,25SEP2026,17280000.000000,1,OPTFUT,NCO,50.000000,10,False
164015,GOLD26SEP172900CE,GOLD,25SEP2026,17290000.000000,1,OPTFUT,NCO,50.000000,10,False
164017,GOLD26SEP173000CE,GOLD,25SEP2026,17300000.000000,1,OPTFUT,NCO,50.000000,10,False
164046,GOLD26SEP174400PE,GOLD,25SEP2026,17440000.000000,1,OPTFUT,NCO,50.000000,10,False
164058,GOLD26OCT169600PE,GOLD,29OCT2026,16960000.000000,1,OPTFUT,NCO,50.000000,10,False
125651,GOLDM26NOV152300PE,GOLDM,27NOV2026,15230000.000000,1,OPTFUT,NCO,50.000000,100,False
125654,GOLDM26NOV152500CE,GOLDM,27NOV2026,15250000.000000,1,OPTFUT,NCO,50.000000,100,False
125675,SILVERM27JAN279500PE,SILVERM,21JAN2027,27950000.000000,1,OPTFUT,NCO,50.000000,120,False
125688,SILVERM27JAN281250CE,SILVERM,21JAN2027,28125000.000000,1,OPTFUT,NCO,50.000000,120,False
125695,SILVERM27JAN282000PE,SILVERM,21JAN2027,28200000.000000,1,OPTFUT,NCO,50.000000,120,False
125718,SILVERM27JAN284500PE,SILVERM,21JAN2027,28450000.000000,1,OPTFUT,NCO,50.000000,120,False
125738,SILVERM27JAN286250PE,SILVERM,21JAN2027,28625000.000000,1,OPTFUT,NCO,50.000000,120,False
125742,SILVERM27JAN286750PE,SILVERM,21JAN2027,28675000.000000,1,OPTFUT,NCO,50.000000,120,False
164064,GOLD26OCT169900PE,GOLD,29OCT2026,16990000.000000,1,OPTFUT,NCO,50.000000,10,False
164066,GOLD26OCT170000PE,GOLD,29OCT2026,17000000.000000,1,OPTFUT,NCO,50.000000,10,False
164071,GOLD26OCT170300CE,GOLD,29OCT2026,17030000.000000,1,OPTFUT,NCO,50.000000,10,False
164103,GOLD26OCT171900CE,GOLD,29OCT2026,17190000.000000,1,OPTFUT,NCO,50.000000,10,False
125743,SILVERM27JAN287000CE,SILVERM,21JAN2027,28700000.000000,1,OPTFUT,NCO,50.000000,120,False
125745,SILVERM27JAN287250CE,SILVERM,21JAN2027,28725000.000000,1,OPTFUT,NCO,50.000000,120,False
125756,SILVERM27JAN288500PE,SILVERM,21JAN2027,28850000.000000,1,OPTFUT,NCO,50.000000,120,False
125763,SILVERM27JAN289500CE,SILVERM,21JAN2027,28950000.000000,1,OPTFUT,NCO,50.000000,120,False
164104,GOLD26OCT171900PE,GOLD,29OCT2026,17190000.000000,1,OPTFUT,NCO,50.000000,10,False
164109,GOLD26OCT172200CE,GOLD,29OCT2026,17220000.000000,1,OPTFUT,NCO,50.000000,10,False
164111,GOLD26OCT172300CE,GOLD,29OCT2026,17230000.000000,1,OPTFUT,NCO,50.000000,10,False
164113,GOLD26OCT172400CE,GOLD,29OCT2026,17240000.000000,1,OPTFUT,NCO,50.000000,10,False
125770,SILVERM27JAN290250PE,SILVERM,21JAN2027,29025000.000000,1,OPTFUT,NCO,50.000000,120,False
125776,SILVER26DEC214250CE,SILVER,01DEC2026,21425000.000000,1,OPTBLN,NCO,50.000000,20,False
125787,GOLDM26OCT149100PE,GOLDM,29OCT2026,14910000.000000,1,OPTFUT,NCO,50.000000,100,False
125789,SILVERM27MAR253000CE,SILVERM,24MAR2027,25300000.000000,1,OPTFUT,NCO,50.000000,120,False
164123,GOLD26OCT172900CE,GOLD,29OCT2026,17290000.000000,1,OPTFUT,NCO,50.000000,10,False
164124,GOLD26OCT172900PE,GOLD,29OCT2026,17290000.000000,1,OPTFUT,NCO,50.000000,10,False
164128,GOLD26OCT173100PE,GOLD,29OCT2026,17310000.000000,1,OPTFUT,NCO,50.000000,10,False
164129,GOLD26OCT173200CE,GOLD,29OCT2026,17320000.000000,1,OPTFUT,NCO,50.000000,10,False
125812,SILVER27MAR258000CE,SILVER,02MAR2027,25800000.000000,1,OPTBLN,NCO,50.000000,20,False
125813,SILVER27MAR258000PE,SILVER,02MAR2027,25800000.000000,1,OPTBLN,NCO,50.000000,20,False
125817,SILVERM27JUL240500PE,SILVERM,23JUL2027,24050000.000000,1,OPTFUT,NCO,50.000000,120,False
125818,SILVERM27JUL240750CE,SILVERM,23JUL2027,24075000.000000,1,OPTFUT,NCO,50.000000,120,False
164139,GOLD26OCT173700CE,GOLD,29OCT2026,17370000.000000,1,OPTFUT,NCO,50.000000,10,False
164144,GOLD26OCT173900PE,GOLD,29OCT2026,17390000.000000,1,OPTFUT,NCO,50.000000,10,False
164150,GOLD26OCT174200PE,GOLD,29OCT2026,17420000.000000,1,OPTFUT,NCO,50.000000,10,False
164158,GOLD26OCT174600PE,GOLD,29OCT2026,17460000.000000,1,OPTFUT,NCO,50.000000,10,False
164164,GOLD26OCT174900PE,GOLD,29OCT2026,17490000.000000,1,OPTFUT,NCO,50.000000,10,False
164167,GOLD26OCT175100CE,GOLD,29OCT2026,17510000.000000,1,OPTFUT,NCO,50.000000,10,False
164185,GOLD26NOV170600CE,GOLD,27NOV2026,17060000.000000,1,OPTFUT,NCO,50.000000,10,False
164188,GOLD26NOV170700PE,GOLD,27NOV2026,17070000.000000,1,OPTFUT,NCO,50.000000,10,False
125819,SILVERM27JUL240750PE,SILVERM,23JUL2027,24075000.000000,1,OPTFUT,NCO,50.000000,120,False
125828,SILVERM27JUL241500CE,SILVERM,23JUL2027,24150000.000000,1,OPTFUT,NCO,50.000000,120,False
125839,SILVERM26OCT151000CE,SILVERM,23OCT2026,15100000.000000,1,OPTFUT,NCO,50.000000,120,False
125885,COPPER26OCT1450PE,COPPER,23OCT2026,145000.000000,1,OPTFUT,NCO,1.000000,70,False
125891,SILVERM27MAR254000CE,SILVERM,24MAR2027,25400000.000000,1,OPTFUT,NCO,50.000000,120,False
125908,SILVER27MAR259250CE,SILVER,02MAR2027,25925000.000000,1,OPTBLN,NCO,50.000000,20,False
125913,SILVERM27JAN293000CE,SILVERM,21JAN2027,29300000.000000,1,OPTFUT,NCO,50.000000,120,False
125925,GOLD26OCT130300CE,GOLD,29OCT2026,13030000.000000,1,OPTFUT,NCO,50.000000,10,False
164190,GOLD26NOV170800PE,GOLD,27NOV2026,17080000.000000,1,OPTFUT,NCO,50.000000,10,False
164191,GOLD26NOV170900CE,GOLD,27NOV2026,17090000.000000,1,OPTFUT,NCO,50.000000,10,False
164194,GOLD26NOV171000PE,GOLD,27NOV2026,17100000.000000,1,OPTFUT,NCO,50.000000,10,False
164218,GOLD26NOV172200PE,GOLD,27NOV2026,17220000.000000,1,OPTFUT,NCO,50.000000,10,False
125938,SILVERM27JAN293250PE,SILVERM,21JAN2027,29325000.000000,1,OPTFUT,NCO,50.000000,120,False
125944,SILVERM27MAY268000PE,SILVERM,24MAY2027,26800000.000000,1,OPTFUT,NCO,50.000000,120,False
125958,GOLD27JUN157900CE,GOLD,28JUN2027,15790000.000000,1,OPTFUT,NCO,50.000000,10,False
125962,CRUDEOIL26NOV11450PE,CRUDEOIL,10NOV2026,1145000.000000,1,OPTFUT,NCO,10.000000,100,False
164221,GOLD26NOV172400CE,GOLD,27NOV2026,17240000.000000,1,OPTFUT,NCO,50.000000,10,False
164226,GOLD26NOV172600PE,GOLD,27NOV2026,17260000.000000,1,OPTFUT,NCO,50.000000,10,False
164237,GOLD26NOV173200CE,GOLD,27NOV2026,17320000.000000,1,OPTFUT,NCO,50.000000,10,False
164265,GOLD26NOV174600CE,GOLD,27NOV2026,17460000.000000,1,OPTFUT,NCO,50.000000,10,False
164266,GOLD26NOV174600PE,GOLD,27NOV2026,17460000.000000,1,OPTFUT,NCO,50.000000,10,False
164267,GOLD26NOV174700CE,GOLD,27NOV2026,17470000.000000,1,OPTFUT,NCO,50.000000,10,False
164297,GOLD26NOV176200CE,GOLD,27NOV2026,17620000.000000,1,OPTFUT,NCO,50.000000,10,False
164303,GOLD26DEC171100CE,GOLD,29DEC2026,17110000.000000,1,OPTFUT,NCO,50.000000,10,False
125963,CRUDEOIL26NOV11500CE,CRUDEOIL,10NOV2026,1150000.000000,1,OPTFUT,NCO,10.000000,100,False
125965,CRUDEOIL26NOV11550CE,CRUDEOIL,10NOV2026,1155000.000000,1,OPTFUT,NCO,10.000000,100,False
125971,ZINC26DEC425CE,ZINC,23DEC2026,42500.000000,1,OPTFUT,NCO,1.000000,20,False
125978,GOLD27JAN171900CE,GOLD,29JAN2027,17190000.000000,1,OPTFUT,NCO,50.000000,10,False
126003,GOLD27JAN172200PE,GOLD,29JAN2027,17220000.000000,1,OPTFUT,NCO,50.000000,10,False
164311,GOLD26DEC171500CE,GOLD,29DEC2026,17150000.000000,1,OPTFUT,NCO,50.000000,10,False
164315,GOLD26DEC171700CE,GOLD,29DEC2026,17170000.000000,1,OPTFUT,NCO,50.000000,10,False
164323,GOLD26DEC172100CE,GOLD,29DEC2026,17210000.000000,1,OPTFUT,NCO,50.000000,10,False
164328,GOLD26DEC172300PE,GOLD,29DEC2026,17230000.000000,1,OPTFUT,NCO,50.000000,10,False
125989,ZINC26DEC427.5CE,ZINC,23DEC2026,42750.000000,1,OPTFUT,NCO,1.000000,20,False
125997,GOLD27JUN158400CE,GOLD,28JUN2027,15840000.000000,1,OPTFUT,NCO,50.000000,10,False
126000,GOLD27JAN172100CE,GOLD,29JAN2027,17210000.000000,1,OPTFUT,NCO,50.000000,10,False
164331,GOLD26DEC172500CE,GOLD,29DEC2026,17250000.000000,1,OPTFUT,NCO,50.000000,10,False
164333,GOLD26DEC172600CE,GOLD,29DEC2026,17260000.000000,1,OPTFUT,NCO,50.000000,10,False
164344,GOLD26DEC173100PE,GOLD,29DEC2026,17310000.000000,1,OPTFUT,NCO,50.000000,10,False
164354,GOLD26DEC173600PE,GOLD,29DEC2026,17360000.000000,1,OPTFUT,NCO,50.000000,10,False
126005,GOLD27JAN172300PE,GOLD,29JAN2027,17230000.000000,1,OPTFUT,NCO,50.000000,10,False
126021,SILVERM27JAN294500CE,SILVERM,21JAN2027,29450000.000000,1,OPTFUT,NCO,50.000000,120,False
126024,GOLD26OCT124900PE,GOLD,29OCT2026,12490000.000000,1,OPTFUT,NCO,50.000000,10,False
126036,GOLD27APR159000CE,GOLD,28APR2027,15900000.000000,1,OPTFUT,NCO,50.000000,10,False
164359,GOLD26DEC173900CE,GOLD,29DEC2026,17390000.000000,1,OPTFUT,NCO,50.000000,10,False
164376,GOLD26DEC174700PE,GOLD,29DEC2026,17470000.000000,1,OPTFUT,NCO,50.000000,10,False
164377,GOLD26DEC174800CE,GOLD,29DEC2026,17480000.000000,1,OPTFUT,NCO,50.000000,10,False
164380,GOLD26DEC174900PE,GOLD,29DEC2026,17490000.000000,1,OPTFUT,NCO,50.000000,10,False
126051,SILVER26DEC216500CE,SILVER,01DEC2026,21650000.000000,1,OPTBLN,NCO,50.000000,20,False
126054,GOLD27JAN173200PE,GOLD,29JAN2027,17320000.000000,1,OPTFUT,NCO,50.000000,10,False
126062,GOLD27JAN173300PE,GOLD,29JAN2027,17330000.000000,1,OPTFUT,NCO,50.000000,10,False
126065,GOLD27JAN173500CE,GOLD,29JAN2027,17350000.000000,1,OPTFUT,NCO,50.000000,10,False
164406,GOLD26DEC176200PE,GOLD,29DEC2026,17620000.000000,1,OPTFUT,NCO,50.000000,10,False
164410,GOLD26DEC176400PE,GOLD,29DEC2026,17640000.000000,1,OPTFUT,NCO,50.000000,10,False
164415,GOLD26DEC176700CE,GOLD,29DEC2026,17670000.000000,1,OPTFUT,NCO,50.000000,10,False
164419,GOLD26DEC176900CE,GOLD,29DEC2026,17690000.000000,1,OPTFUT,NCO,50.000000,10,False
126066,GOLD27JUL156100PE,GOLD,29JUL2027,15610000.000000,1,OPTFUT,NCO,50.000000,10,False
126069,GOLD27JUL156300CE,GOLD,29JUL2027,15630000.000000,1,OPTFUT,NCO,50.000000,10,False
126073,ZINC26DEC435CE,ZINC,23DEC2026,43500.000000,1,OPTFUT,NCO,1.000000,20,False
126095,SILVERM26SEP334500PE,SILVERM,23SEP2026,33450000.000000,1,OPTFUT,NCO,50.000000,120,False
164421,GOLD26DEC177000CE,GOLD,29DEC2026,17700000.000000,1,OPTFUT,NCO,50.000000,10,False
165733,SILVERM26SEP367250CE,SILVERM,23SEP2026,36725000.000000,1,OPTFUT,NCO,50.000000,120,False
165735,SILVERM26SEP367500CE,SILVERM,23SEP2026,36750000.000000,1,OPTFUT,NCO,50.000000,120,False
165753,SILVERM26SEP369750CE,SILVERM,23SEP2026,36975000.000000,1,OPTFUT,NCO,50.000000,120,False
165754,SILVERM26SEP369750PE,SILVERM,23SEP2026,36975000.000000,1,OPTFUT,NCO,50.000000,120,False
165768,SILVERM26SEP371500PE,SILVERM,23SEP2026,37150000.000000,1,OPTFUT,NCO,50.000000,120,False
165769,SILVERM26SEP371750CE,SILVERM,23SEP2026,37175000.000000,1,OPTFUT,NCO,50.000000,120,False
165776,SILVERM26SEP372500PE,SILVERM,23SEP2026,37250000.000000,1,OPTFUT,NCO,50.000000,120,False
126098,SILVERM26SEP335000CE,SILVERM,23SEP2026,33500000.000000,1,OPTFUT,NCO,50.000000,120,False
126103,SILVER26DEC217000CE,SILVER,01DEC2026,21700000.000000,1,OPTBLN,NCO,50.000000,20,False
126109,SILVERM26OCT336000PE,SILVERM,23OCT2026,33600000.000000,1,OPTFUT,NCO,50.000000,120,False
126111,SILVERM26OCT336250PE,SILVERM,23OCT2026,33625000.000000,1,OPTFUT,NCO,50.000000,120,False
126117,GOLD27JAN173600CE,GOLD,29JAN2027,17360000.000000,1,OPTFUT,NCO,50.000000,10,False
126118,GOLD27JAN173600PE,GOLD,29JAN2027,17360000.000000,1,OPTFUT,NCO,50.000000,10,False
126119,SILVER26DEC217000PE,SILVER,01DEC2026,21700000.000000,1,OPTBLN,NCO,50.000000,20,False
126125,SILVERM26DEC244250CE,SILVERM,23DEC2026,24425000.000000,1,OPTFUT,NCO,50.000000,120,False
165780,SILVERM26SEP373000PE,SILVERM,23SEP2026,37300000.000000,1,OPTFUT,NCO,50.000000,120,False
165787,SILVERM26SEP374000CE,SILVERM,23SEP2026,37400000.000000,1,OPTFUT,NCO,50.000000,120,False
165796,SILVERM26SEP375000PE,SILVERM,23SEP2026,37500000.000000,1,OPTFUT,NCO,50.000000,120,False
165825,SILVERM26SEP378750CE,SILVERM,23SEP2026,37875000.000000,1,OPTFUT,NCO,50.000000,120,False
126126,SILVERM26DEC244250PE,SILVERM,23DEC2026,24425000.000000,1,OPTFUT,NCO,50.000000,120,False
126129,SILVERM27JAN295000PE,SILVERM,21JAN2027,29500000.000000,1,OPTFUT,NCO,50.000000,120,False
126134,GOLD27JAN173800PE,GOLD,29JAN2027,17380000.000000,1,OPTFUT,NCO,50.000000,10,False
126137,GOLD27JAN174000CE,GOLD,29JAN2027,17400000.000000,1,OPTFUT,NCO,50.000000,10,False
165831,SILVERM26SEP379500CE,SILVERM,23SEP2026,37950000.000000,1,OPTFUT,NCO,50.000000,120,False
165833,SILVERM26SEP379750CE,SILVERM,23SEP2026,37975000.000000,1,OPTFUT,NCO,50.000000,120,False
165837,SILVERM26SEP380250CE,SILVERM,23SEP2026,38025000.000000,1,OPTFUT,NCO,50.000000,120,False
165844,SILVERM26SEP381000PE,SILVERM,23SEP2026,38100000.000000,1,OPTFUT,NCO,50.000000,120,False
126151,GOLD27JAN174600PE,GOLD,29JAN2027,17460000.000000,1,OPTFUT,NCO,50.000000,10,False
126152,GOLD27JAN174700CE,GOLD,29JAN2027,17470000.000000,1,OPTFUT,NCO,50.000000,10,False
126156,SILVERM27JAN295500PE,SILVERM,21JAN2027,29550000.000000,1,OPTFUT,NCO,50.000000,120,False
126169,GOLD27JAN175300PE,GOLD,29JAN2027,17530000.000000,1,OPTFUT,NCO,50.000000,10,False
165851,SILVERM26SEP382000CE,SILVERM,23SEP2026,38200000.000000,1,OPTFUT,NCO,50.000000,120,False
165864,SILVERM26OCT368750PE,SILVERM,23OCT2026,36875000.000000,1,OPTFUT,NCO,50.000000,120,False
165880,SILVERM26OCT370750PE,SILVERM,23OCT2026,37075000.000000,1,OPTFUT,NCO,50.000000,120,False
165895,SILVERM26OCT372750CE,SILVERM,23OCT2026,37275000.000000,1,OPTFUT,NCO,50.000000,120,False
126172,GOLD27JAN175500CE,GOLD,29JAN2027,17550000.000000,1,OPTFUT,NCO,50.000000,10,False
126195,GOLD27JAN176100PE,GOLD,29JAN2027,17610000.000000,1,OPTFUT,NCO,50.000000,10,False
126202,SILVER26DEC217750PE,SILVER,01DEC2026,21775000.000000,1,OPTBLN,NCO,50.000000,20,False
126214,GOLD27JAN176400PE,GOLD,29JAN2027,17640000.000000,1,OPTFUT,NCO,50.000000,10,False
165915,SILVERM26OCT375250CE,SILVERM,23OCT2026,37525000.000000,1,OPTFUT,NCO,50.000000,120,False
165925,SILVERM26OCT376500CE,SILVERM,23OCT2026,37650000.000000,1,OPTFUT,NCO,50.000000,120,False
165927,SILVERM26OCT376750CE,SILVERM,23OCT2026,37675000.000000,1,OPTFUT,NCO,50.000000,120,False
165943,SILVERM26OCT378750CE,SILVERM,23OCT2026,37875000.000000,1,OPTFUT,NCO,50.000000,120,False
165966,SILVERM26OCT381500PE,SILVERM,23OCT2026,38150000.000000,1,OPTFUT,NCO,50.000000,120,False
165971,SILVERM26OCT382250CE,SILVERM,23OCT2026,38225000.000000,1,OPTFUT,NCO,50.000000,120,False
165976,SILVERM26OCT382750PE,SILVERM,23OCT2026,38275000.000000,1,OPTFUT,NCO,50.000000,120,False
165993,SILVERM26NOV370250CE,SILVERM,23NOV2026,37025000.000000,1,OPTFUT,NCO,50.000000,120,False
126218,SILVERM27MAR254750PE,SILVERM,24MAR2027,25475000.000000,1,OPTFUT,NCO,50.000000,120,False
126220,SILVERM27MAR255000PE,SILVERM,24MAR2027,25500000.000000,1,OPTFUT,NCO,50.000000,120,False
126230,GOLD27JUL156900CE,GOLD,29JUL2027,15690000.000000,1,OPTFUT,NCO,50.000000,10,False
126261,SILVERM26DEC339750PE,SILVERM,23DEC2026,33975000.000000,1,OPTFUT,NCO,50.000000,120,False
166002,SILVERM26NOV371250PE,SILVERM,23NOV2026,37125000.000000,1,OPTFUT,NCO,50.000000,120,False
166003,SILVERM26NOV371500CE,SILVERM,23NOV2026,37150000.000000,1,OPTFUT,NCO,50.000000,120,False
166022,SILVERM26NOV373750PE,SILVERM,23NOV2026,37375000.000000,1,OPTFUT,NCO,50.000000,120,False
166043,SILVERM26NOV376500CE,SILVERM,23NOV2026,37650000.000000,1,OPTFUT,NCO,50.000000,120,False
126265,SILVERM27MAR257000PE,SILVERM,24MAR2027,25700000.000000,1,OPTFUT,NCO,50.000000,120,False
126272,SILVERM27MAR258000CE,SILVERM,24MAR2027,25800000.000000,1,OPTFUT,NCO,50.000000,120,False
126273,SILVERM27MAR258000PE,SILVERM,24MAR2027,25800000.000000,1,OPTFUT,NCO,50.000000,120,False
126274,SILVERM27MAR258250CE,SILVERM,24MAR2027,25825000.000000,1,OPTFUT,NCO,50.000000,120,False
166048,SILVERM26NOV377000PE,SILVERM,23NOV2026,37700000.000000,1,OPTFUT,NCO,50.000000,120,False
166052,SILVERM26NOV377500PE,SILVERM,23NOV2026,37750000.000000,1,OPTFUT,NCO,50.000000,120,False
166056,SILVERM26NOV378000PE,SILVERM,23NOV2026,37800000.000000,1,OPTFUT,NCO,50.000000,120,False
166063,SILVERM26NOV379000CE,SILVERM,23NOV2026,37900000.000000,1,OPTFUT,NCO,50.000000,120,False
166066,SILVERM26NOV379250PE,SILVERM,23NOV2026,37925000.000000,1,OPTFUT,NCO,50.000000,120,False
166069,SILVERM26NOV379750CE,SILVERM,23NOV2026,37975000.000000,1,OPTFUT,NCO,50.000000,120,False
166070,SILVERM26NOV379750PE,SILVERM,23NOV2026,37975000.000000,1,OPTFUT,NCO,50.000000,120,False
166073,SILVERM26NOV380250CE,SILVERM,23NOV2026,38025000.000000,1,OPTFUT,NCO,50.000000,120,False
126277,SILVERM27MAR258500PE,SILVERM,24MAR2027,25850000.000000,1,OPTFUT,NCO,50.000000,120,False
126278,SILVERM27MAR258750CE,SILVERM,24MAR2027,25875000.000000,1,OPTFUT,NCO,50.000000,120,False
126299,SILVERM27MAR259500PE,SILVERM,24MAR2027,25950000.000000,1,OPTFUT,NCO,50.000000,120,False
126314,GOLD27APR159400CE,GOLD,28APR2027,15940000.000000,1,OPTFUT,NCO,50.000000,10,False
166079,SILVERM26NOV381000CE,SILVERM,23NOV2026,38100000.000000,1,OPTFUT,NCO,50.000000,120,False
166090,SILVERM26NOV382250PE,SILVERM,23NOV2026,38225000.000000,1,OPTFUT,NCO,50.000000,120,False
166106,SILVERM26NOV384250PE,SILVERM,23NOV2026,38425000.000000,1,OPTFUT,NCO,50.000000,120,False
166131,SILVERM26DEC372750CE,SILVERM,23DEC2026,37275000.000000,1,OPTFUT,NCO,50.000000,120,False
126324,GOLD27JAN177400PE,GOLD,29JAN2027,17740000.000000,1,OPTFUT,NCO,50.000000,10,False
126328,GOLD27JAN177600PE,GOLD,29JAN2027,17760000.000000,1,OPTFUT,NCO,50.000000,10,False
126332,GOLD27JAN177800PE,GOLD,29JAN2027,17780000.000000,1,OPTFUT,NCO,50.000000,10,False
126339,SILVERM27MAR260750PE,SILVERM,24MAR2027,26075000.000000,1,OPTFUT,NCO,50.000000,120,False
166133,SILVERM26DEC373000CE,SILVERM,23DEC2026,37300000.000000,1,OPTFUT,NCO,50.000000,120,False
166142,SILVERM26DEC374000PE,SILVERM,23DEC2026,37400000.000000,1,OPTFUT,NCO,50.000000,120,False
166152,SILVERM26DEC375250PE,SILVERM,23DEC2026,37525000.000000,1,OPTFUT,NCO,50.000000,120,False
166153,SILVERM26DEC375500CE,SILVERM,23DEC2026,37550000.000000,1,OPTFUT,NCO,50.000000,120,False
126349,GOLD27APR160000PE,GOLD,28APR2027,16000000.000000,1,OPTFUT,NCO,50.000000,10,False
126358,SILVERM27MAY269000CE,SILVERM,24MAY2027,26900000.000000,1,OPTFUT,NCO,50.000000,120,False
126374,GOLD27APR160600CE,GOLD,28APR2027,16060000.000000,1,OPTFUT,NCO,50.000000,10,False
126384,GOLD27JUL157600PE,GOLD,29JUL2027,15760000.000000,1,OPTFUT,NCO,50.000000,10,False
166168,SILVERM26DEC377250PE,SILVERM,23DEC2026,37725000.000000,1,OPTFUT,NCO,50.000000,120,False
166179,SILVERM26DEC378750CE,SILVERM,23DEC2026,37875000.000000,1,OPTFUT,NCO,50.000000,120,False
166183,SILVERM26DEC379250CE,SILVERM,23DEC2026,37925000.000000,1,OPTFUT,NCO,50.000000,120,False
166218,SILVERM26DEC383500PE,SILVERM,23DEC2026,38350000.000000,1,OPTFUT,NCO,50.000000,120,False
126387,GOLD27JUL157800CE,GOLD,29JUL2027,15780000.000000,1,OPTFUT,NCO,50.000000,10,False
126402,GOLD27APR161000CE,GOLD,28APR2027,16100000.000000,1,OPTFUT,NCO,50.000000,10,False
126413,GOLD27APR161400CE,GOLD,28APR2027,16140000.000000,1,OPTFUT,NCO,50.000000,10,False
126417,GOLD27APR161600CE,GOLD,28APR2027,16160000.000000,1,OPTFUT,NCO,50.000000,10,False
126427,GOLD27JAN178200CE,GOLD,29JAN2027,17820000.000000,1,OPTFUT,NCO,50.000000,10,False
126440,GOLD27JUL157900PE,GOLD,29JUL2027,15790000.000000,1,OPTFUT,NCO,50.000000,10,False
126441,SILVER27MAR210250PE,SILVER,02MAR2027,21025000.000000,1,OPTBLN,NCO,50.000000,20,False
126450,GOLD27JAN178600PE,GOLD,29JAN2027,17860000.000000,1,OPTFUT,NCO,50.000000,10,False
166222,SILVERM26DEC384000PE,SILVERM,23DEC2026,38400000.000000,1,OPTFUT,NCO,50.000000,120,False
166239,SILVERM26DEC386250CE,SILVERM,23DEC2026,38625000.000000,1,OPTFUT,NCO,50.000000,120,False
166242,SILVERM26DEC386500PE,SILVERM,23DEC2026,38650000.000000,1,OPTFUT,NCO,50.000000,120,False
166243,SILVERM26DEC386750CE,SILVERM,23DEC2026,38675000.000000,1,OPTFUT,NCO,50.000000,120,False
126456,GOLD27JAN178900PE,GOLD,29JAN2027,17890000.000000,1,OPTFUT,NCO,50.000000,10,False
126470,GOLD27JAN179300PE,GOLD,29JAN2027,17930000.000000,1,OPTFUT,NCO,50.000000,10,False
126484,SILVERM27MAY279250PE,SILVERM,24MAY2027,27925000.000000,1,OPTFUT,NCO,50.000000,120,False
126499,SILVERM27MAY280250CE,SILVERM,24MAY2027,28025000.000000,1,OPTFUT,NCO,50.000000,120,False
166244,SILVERM26DEC386750PE,SILVERM,23DEC2026,38675000.000000,1,OPTFUT,NCO,50.000000,120,False
166251,SILVERM26DEC387750CE,SILVERM,23DEC2026,38775000.000000,1,OPTFUT,NCO,50.000000,120,False
168195,GOLD26SEP175300CE,GOLD,25SEP2026,17530000.000000,1,OPTFUT,NCO,50.000000,10,False
168204,GOLD26SEP175700PE,GOLD,25SEP2026,17570000.000000,1,OPTFUT,NCO,50.000000,10,False
168210,GOLD26SEP176000PE,GOLD,25SEP2026,17600000.000000,1,OPTFUT,NCO,50.000000,10,False
168211,GOLD26SEP176100CE,GOLD,25SEP2026,17610000.000000,1,OPTFUT,NCO,50.000000,10,False
168212,GOLD26SEP176100PE,GOLD,25SEP2026,17610000.000000,1,OPTFUT,NCO,50.000000,10,False
168219,GOLD26SEP176500CE,GOLD,25SEP2026,17650000.000000,1,OPTFUT,NCO,50.000000,10,False
126504,SILVERM27MAY280250PE,SILVERM,24MAY2027,28025000.000000,1,OPTFUT,NCO,50.000000,120,False
126516,SILVERM27MAY280750PE,SILVERM,24MAY2027,28075000.000000,1,OPTFUT,NCO,50.000000,120,False
126523,GOLD26OCT130500CE,GOLD,29OCT2026,13050000.000000,1,OPTFUT,NCO,50.000000,10,False
126529,GOLD26OCT130800CE,GOLD,29OCT2026,13080000.000000,1,OPTFUT,NCO,50.000000,10,False
126553,GOLD27JUL158700PE,GOLD,29JUL2027,15870000.000000,1,OPTFUT,NCO,50.000000,10,False
126560,SILVERM27MAY282000PE,SILVERM,24MAY2027,28200000.000000,1,OPTFUT,NCO,50.000000,120,False
126565,SILVERM27MAY282750CE,SILVERM,24MAY2027,28275000.000000,1,OPTFUT,NCO,50.000000,120,False
126567,SILVERM27MAY283000CE,SILVERM,24MAY2027,28300000.000000,1,OPTFUT,NCO,50.000000,120,False
168227,GOLD26SEP176900CE,GOLD,25SEP2026,17690000.000000,1,OPTFUT,NCO,50.000000,10,False
168236,GOLD26SEP177300PE,GOLD,25SEP2026,17730000.000000,1,OPTFUT,NCO,50.000000,10,False
168243,GOLD26SEP177700CE,GOLD,25SEP2026,17770000.000000,1,OPTFUT,NCO,50.000000,10,False
168246,GOLD26SEP177800PE,GOLD,25SEP2026,17780000.000000,1,OPTFUT,NCO,50.000000,10,False
126570,GOLD27JUL158900CE,GOLD,29JUL2027,15890000.000000,1,OPTFUT,NCO,50.000000,10,False
126578,SILVERM27MAY283500CE,SILVERM,24MAY2027,28350000.000000,1,OPTFUT,NCO,50.000000,120,False
126589,GOLD26OCT131100PE,GOLD,29OCT2026,13110000.000000,1,OPTFUT,NCO,50.000000,10,False
126591,GOLD27JUL159100PE,GOLD,29JUL2027,15910000.000000,1,OPTFUT,NCO,50.000000,10,False
168251,GOLD26SEP178100CE,GOLD,25SEP2026,17810000.000000,1,OPTFUT,NCO,50.000000,10,False
168264,GOLD26SEP178700PE,GOLD,25SEP2026,17870000.000000,1,OPTFUT,NCO,50.000000,10,False
168272,GOLD26SEP179100PE,GOLD,25SEP2026,17910000.000000,1,OPTFUT,NCO,50.000000,10,False
168273,GOLD26SEP179200CE,GOLD,25SEP2026,17920000.000000,1,OPTFUT,NCO,50.000000,10,False
168280,GOLD26SEP179500PE,GOLD,25SEP2026,17950000.000000,1,OPTFUT,NCO,50.000000,10,False
168282,GOLD26SEP179600PE,GOLD,25SEP2026,17960000.000000,1,OPTFUT,NCO,50.000000,10,False
168285,GOLD26SEP179800CE,GOLD,25SEP2026,17980000.000000,1,OPTFUT,NCO,50.000000,10,False
168289,GOLD26SEP180000CE,GOLD,25SEP2026,18000000.000000,1,OPTFUT,NCO,50.000000,10,False
126602,SILVERM27JAN296250PE,SILVERM,21JAN2027,29625000.000000,1,OPTFUT,NCO,50.000000,120,False
126622,GOLD27JUL159600CE,GOLD,29JUL2027,15960000.000000,1,OPTFUT,NCO,50.000000,10,False
126626,GOLDM26SEP150600CE,GOLDM,25SEP2026,15060000.000000,1,OPTFUT,NCO,50.000000,100,False
126640,GOLDM26SEP150700CE,GOLDM,25SEP2026,15070000.000000,1,OPTFUT,NCO,50.000000,100,False
126659,GOLDM26SEP151600PE,GOLDM,25SEP2026,15160000.000000,1,OPTFUT,NCO,50.000000,100,False
126663,GOLD26OCT131300PE,GOLD,29OCT2026,13130000.000000,1,OPTFUT,NCO,50.000000,10,False
126668,SILVER27MAR216250CE,SILVER,02MAR2027,21625000.000000,1,OPTBLN,NCO,50.000000,20,False
126676,GOLD26OCT131600CE,GOLD,29OCT2026,13160000.000000,1,OPTFUT,NCO,50.000000,10,False
168294,GOLD26SEP180200PE,GOLD,25SEP2026,18020000.000000,1,OPTFUT,NCO,50.000000,10,False
168295,GOLD26SEP180300CE,GOLD,25SEP2026,18030000.000000,1,OPTFUT,NCO,50.000000,10,False
168297,GOLD26SEP180400CE,GOLD,25SEP2026,18040000.000000,1,OPTFUT,NCO,50.000000,10,False
168307,GOLD26SEP180900CE,GOLD,25SEP2026,18090000.000000,1,OPTFUT,NCO,50.000000,10,False
126705,SILVER26DEC219750CE,SILVER,01DEC2026,21975000.000000,1,OPTBLN,NCO,50.000000,20,False
126719,GOLD26OCT131600PE,GOLD,29OCT2026,13160000.000000,1,OPTFUT,NCO,50.000000,10,False
126720,GOLDM26OCT150100PE,GOLDM,29OCT2026,15010000.000000,1,OPTFUT,NCO,50.000000,100,False
126750,GOLDM26OCT150900CE,GOLDM,29OCT2026,15090000.000000,1,OPTFUT,NCO,50.000000,100,False
168312,GOLD26SEP181100PE,GOLD,25SEP2026,18110000.000000,1,OPTFUT,NCO,50.000000,10,False
168318,GOLD26SEP181400PE,GOLD,25SEP2026,18140000.000000,1,OPTFUT,NCO,50.000000,10,False
168319,GOLD26SEP181500CE,GOLD,25SEP2026,18150000.000000,1,OPTFUT,NCO,50.000000,10,False
168323,GOLD26SEP181700CE,GOLD,25SEP2026,18170000.000000,1,OPTFUT,NCO,50.000000,10,False
126758,SILVERM27APR262500CE,SILVERM,23APR2027,26250000.000000,1,OPTFUT,NCO,50.000000,120,False
126768,SILVERM27APR263750CE,SILVERM,23APR2027,26375000.000000,1,OPTFUT,NCO,50.000000,120,False
126769,SILVERM27APR263750PE,SILVERM,23APR2027,26375000.000000,1,OPTFUT,NCO,50.000000,120,False
126779,SILVERM27APR265000PE,SILVERM,23APR2027,26500000.000000,1,OPTFUT,NCO,50.000000,120,False
168326,GOLD26SEP181800PE,GOLD,25SEP2026,18180000.000000,1,OPTFUT,NCO,50.000000,10,False
168328,GOLD26SEP181900PE,GOLD,25SEP2026,18190000.000000,1,OPTFUT,NCO,50.000000,10,False
168329,GOLD26SEP182000CE,GOLD,25SEP2026,18200000.000000,1,OPTFUT,NCO,50.000000,10,False
168330,GOLD26SEP182000PE,GOLD,25SEP2026,18200000.000000,1,OPTFUT,NCO,50.000000,10,False
126792,GOLDM26OCT151100CE,GOLDM,29OCT2026,15110000.000000,1,OPTFUT,NCO,50.000000,100,False
126793,GOLDM26OCT151100PE,GOLDM,29OCT2026,15110000.000000,1,OPTFUT,NCO,50.000000,100,False
126796,GOLDM26OCT151300CE,GOLDM,29OCT2026,15130000.000000,1,OPTFUT,NCO,50.000000,100,False
126807,GOLDM26OCT151800PE,GOLDM,29OCT2026,15180000.000000,1,OPTFUT,NCO,50.000000,100,False
168331,GOLD26SEP182100CE,GOLD,25SEP2026,18210000.000000,1,OPTFUT,NCO,50.000000,10,False
168348,GOLD26SEP182900PE,GOLD,25SEP2026,18290000.000000,1,OPTFUT,NCO,50.000000,10,False
168353,GOLD26SEP183200CE,GOLD,25SEP2026,18320000.000000,1,OPTFUT,NCO,50.000000,10,False
168359,GOLD26SEP183500CE,GOLD,25SEP2026,18350000.000000,1,OPTFUT,NCO,50.000000,10,False
126808,GOLDM26OCT151900CE,GOLDM,29OCT2026,15190000.000000,1,OPTFUT,NCO,50.000000,100,False
126811,GOLDM26OCT152000PE,GOLDM,29OCT2026,15200000.000000,1,OPTFUT,NCO,50.000000,100,False
126813,GOLDM26OCT152100PE,GOLDM,29OCT2026,15210000.000000,1,OPTFUT,NCO,50.000000,100,False
126817,GOLDM26OCT152300PE,GOLDM,29OCT2026,15230000.000000,1,OPTFUT,NCO,50.000000,100,False
168361,GOLD26SEP183600CE,GOLD,25SEP2026,18360000.000000,1,OPTFUT,NCO,50.000000,10,False
168364,GOLD26SEP183700PE,GOLD,25SEP2026,18370000.000000,1,OPTFUT,NCO,50.000000,10,False
168371,GOLD26SEP184100CE,GOLD,25SEP2026,18410000.000000,1,OPTFUT,NCO,50.000000,10,False
168387,GOLD26SEP184900CE,GOLD,25SEP2026,18490000.000000,1,OPTFUT,NCO,50.000000,10,False
168395,GOLD26SEP185300CE,GOLD,25SEP2026,18530000.000000,1,OPTFUT,NCO,50.000000,10,False
168410,GOLD26OCT176000PE,GOLD,29OCT2026,17600000.000000,1,OPTFUT,NCO,50.000000,10,False
168415,GOLD26OCT176300CE,GOLD,29OCT2026,17630000.000000,1,OPTFUT,NCO,50.000000,10,False
168418,GOLD26OCT176400PE,GOLD,29OCT2026,17640000.000000,1,OPTFUT,NCO,50.000000,10,False
126839,SILVER27MAR217250PE,SILVER,02MAR2027,21725000.000000,1,OPTBLN,NCO,50.000000,20,False
126856,SILVERM27JAN301750CE,SILVERM,21JAN2027,30175000.000000,1,OPTFUT,NCO,50.000000,120,False
126861,SILVERM27JAN302250PE,SILVERM,21JAN2027,30225000.000000,1,OPTFUT,NCO,50.000000,120,False
126874,SILVER27MAR218500CE,SILVER,02MAR2027,21850000.000000,1,OPTBLN,NCO,50.000000,20,False
168420,GOLD26OCT176500PE,GOLD,29OCT2026,17650000.000000,1,OPTFUT,NCO,50.000000,10,False
168439,GOLD26OCT177500CE,GOLD,29OCT2026,17750000.000000,1,OPTFUT,NCO,50.000000,10,False
168446,GOLD26OCT177800PE,GOLD,29OCT2026,17780000.000000,1,OPTFUT,NCO,50.000000,10,False
168454,GOLD26OCT178200PE,GOLD,29OCT2026,17820000.000000,1,OPTFUT,NCO,50.000000,10,False
126881,SILVER27MAR219000PE,SILVER,02MAR2027,21900000.000000,1,OPTBLN,NCO,50.000000,20,False
126893,SILVERM26OCT165750PE,SILVERM,23OCT2026,16575000.000000,1,OPTFUT,NCO,50.000000,120,False
126897,SILVERM27APR267000CE,SILVERM,23APR2027,26700000.000000,1,OPTFUT,NCO,50.000000,120,False
126902,SILVERM27APR267500PE,SILVERM,23APR2027,26750000.000000,1,OPTFUT,NCO,50.000000,120,False
126905,SILVERM27APR268000CE,SILVERM,23APR2027,26800000.000000,1,OPTFUT,NCO,50.000000,120,False
126910,SILVERM26OCT166500CE,SILVERM,23OCT2026,16650000.000000,1,OPTFUT,NCO,50.000000,120,False
126914,SILVERM26OCT167000CE,SILVERM,23OCT2026,16700000.000000,1,OPTFUT,NCO,50.000000,120,False
126915,SILVERM26OCT167000PE,SILVERM,23OCT2026,16700000.000000,1,OPTFUT,NCO,50.000000,120,False
168470,GOLD26OCT179000PE,GOLD,29OCT2026,17900000.000000,1,OPTFUT,NCO,50.000000,10,False
168472,GOLD26OCT179100PE,GOLD,29OCT2026,17910000.000000,1,OPTFUT,NCO,50.000000,10,False
168482,GOLD26OCT179600PE,GOLD,29OCT2026,17960000.000000,1,OPTFUT,NCO,50.000000,10,False
168505,GOLD26OCT180800CE,GOLD,29OCT2026,18080000.000000,1,OPTFUT,NCO,50.000000,10,False
126920,SILVERM27APR268500CE,SILVERM,23APR2027,26850000.000000,1,OPTFUT,NCO,50.000000,120,False
126927,SILVERM27APR269250PE,SILVERM,23APR2027,26925000.000000,1,OPTFUT,NCO,50.000000,120,False
126931,SILVERM26DEC244750CE,SILVERM,23DEC2026,24475000.000000,1,OPTFUT,NCO,50.000000,120,False
126933,SILVERM26DEC245000CE,SILVERM,23DEC2026,24500000.000000,1,OPTFUT,NCO,50.000000,120,False
168510,GOLD26OCT181000PE,GOLD,29OCT2026,18100000.000000,1,OPTFUT,NCO,50.000000,10,False
168515,GOLD26OCT181300CE,GOLD,29OCT2026,18130000.000000,1,OPTFUT,NCO,50.000000,10,False
168528,GOLD26OCT181900PE,GOLD,29OCT2026,18190000.000000,1,OPTFUT,NCO,50.000000,10,False
168550,GOLD26OCT183000PE,GOLD,29OCT2026,18300000.000000,1,OPTFUT,NCO,50.000000,10,False
126935,SILVERM26DEC245250CE,SILVERM,23DEC2026,24525000.000000,1,OPTFUT,NCO,50.000000,120,False
126937,SILVERM26DEC245500CE,SILVERM,23DEC2026,24550000.000000,1,OPTFUT,NCO,50.000000,120,False
126942,SILVERM27APR269500CE,SILVERM,23APR2027,26950000.000000,1,OPTFUT,NCO,50.000000,120,False
126958,SILVERM27MAR265250CE,SILVERM,24MAR2027,26525000.000000,1,OPTFUT,NCO,50.000000,120,False
168554,GOLD26OCT183200PE,GOLD,29OCT2026,18320000.000000,1,OPTFUT,NCO,50.000000,10,False
168566,GOLD26OCT183800PE,GOLD,29OCT2026,18380000.000000,1,OPTFUT,NCO,50.000000,10,False
168573,GOLD26OCT184200CE,GOLD,29OCT2026,18420000.000000,1,OPTFUT,NCO,50.000000,10,False
168586,GOLD26OCT184800PE,GOLD,29OCT2026,18480000.000000,1,OPTFUT,NCO,50.000000,10,False
126969,SILVERM27JAN303000CE,SILVERM,21JAN2027,30300000.000000,1,OPTFUT,NCO,50.000000,120,False
126970,SILVERM27JAN303000PE,SILVERM,21JAN2027,30300000.000000,1,OPTFUT,NCO,50.000000,120,False
126979,SILVERM26DEC246000CE,SILVERM,23DEC2026,24600000.000000,1,OPTFUT,NCO,50.000000,120,False
126980,SILVERM26DEC246000PE,SILVERM,23DEC2026,24600000.000000,1,OPTFUT,NCO,50.000000,120,False
168603,GOLD26OCT185700CE,GOLD,29OCT2026,18570000.000000,1,OPTFUT,NCO,50.000000,10,False
168607,GOLD26OCT185900CE,GOLD,29OCT2026,18590000.000000,1,OPTFUT,NCO,50.000000,10,False
168632,GOLD26NOV177000PE,GOLD,27NOV2026,17700000.000000,1,OPTFUT,NCO,50.000000,10,False
168633,GOLD26NOV177100CE,GOLD,27NOV2026,17710000.000000,1,OPTFUT,NCO,50.000000,10,False
126985,SILVERM27JAN304250CE,SILVERM,21JAN2027,30425000.000000,1,OPTFUT,NCO,50.000000,120,False
126995,SILVERM26DEC247500CE,SILVERM,23DEC2026,24750000.000000,1,OPTFUT,NCO,50.000000,120,False
126997,SILVERM27MAR265250PE,SILVERM,24MAR2027,26525000.000000,1,OPTFUT,NCO,50.000000,120,False
127002,SILVERM26DEC248000PE,SILVERM,23DEC2026,24800000.000000,1,OPTFUT,NCO,50.000000,120,False
168636,GOLD26NOV177200PE,GOLD,27NOV2026,17720000.000000,1,OPTFUT,NCO,50.000000,10,False
168637,GOLD26NOV177300CE,GOLD,27NOV2026,17730000.000000,1,OPTFUT,NCO,50.000000,10,False
168663,GOLD26NOV178600CE,GOLD,27NOV2026,17860000.000000,1,OPTFUT,NCO,50.000000,10,False
168668,GOLD26NOV178800PE,GOLD,27NOV2026,17880000.000000,1,OPTFUT,NCO,50.000000,10,False
168674,GOLD26NOV179100PE,GOLD,27NOV2026,17910000.000000,1,OPTFUT,NCO,50.000000,10,False
168675,GOLD26NOV179200CE,GOLD,27NOV2026,17920000.000000,1,OPTFUT,NCO,50.000000,10,False
168677,GOLD26NOV179300CE,GOLD,27NOV2026,17930000.000000,1,OPTFUT,NCO,50.000000,10,False
168682,GOLD26NOV179500PE,GOLD,27NOV2026,17950000.000000,1,OPTFUT,NCO,50.000000,10,False
127026,SILVERM26DEC249750PE,SILVERM,23DEC2026,24975000.000000,1,OPTFUT,NCO,50.000000,120,False
127031,SILVER27MAR223000PE,SILVER,02MAR2027,22300000.000000,1,OPTBLN,NCO,50.000000,20,False
127034,SILVER27MAR223500CE,SILVER,02MAR2027,22350000.000000,1,OPTBLN,NCO,50.000000,20,False
127042,SILVER27MAR260500CE,SILVER,02MAR2027,26050000.000000,1,OPTBLN,NCO,50.000000,20,False
127050,COPPER26DEC1485CE,COPPER,23DEC2026,148500.000000,1,OPTFUT,NCO,1.000000,70,False
127060,CRUDEOIL26OCT11900CE,CRUDEOIL,08OCT2026,1190000.000000,1,OPTFUT,NCO,10.000000,100,False
127081,SILVERM26DEC237000PE,SILVERM,23DEC2026,23700000.000000,1,OPTFUT,NCO,50.000000,120,False
127102,SILVERM26DEC252000CE,SILVERM,23DEC2026,25200000.000000,1,OPTFUT,NCO,50.000000,120,False
168685,GOLD26NOV179700CE,GOLD,27NOV2026,17970000.000000,1,OPTFUT,NCO,50.000000,10,False
168692,GOLD26NOV180000PE,GOLD,27NOV2026,18000000.000000,1,OPTFUT,NCO,50.000000,10,False
168699,GOLD26NOV180400CE,GOLD,27NOV2026,18040000.000000,1,OPTFUT,NCO,50.000000,10,False
168710,GOLD26NOV180900PE,GOLD,27NOV2026,18090000.000000,1,OPTFUT,NCO,50.000000,10,False
127123,SILVERM27MAR271500PE,SILVERM,24MAR2027,27150000.000000,1,OPTFUT,NCO,50.000000,120,False
127145,CRUDEOIL26NOV11750PE,CRUDEOIL,10NOV2026,1175000.000000,1,OPTFUT,NCO,10.000000,100,False
127157,SILVER27MAR225000CE,SILVER,02MAR2027,22500000.000000,1,OPTBLN,NCO,50.000000,20,False
127166,SILVER27MAR226000PE,SILVER,02MAR2027,22600000.000000,1,OPTBLN,NCO,50.000000,20,False
168711,GOLD26NOV181000CE,GOLD,27NOV2026,18100000.000000,1,OPTFUT,NCO,50.000000,10,False
168731,GOLD26NOV182000CE,GOLD,27NOV2026,18200000.000000,1,OPTFUT,NCO,50.000000,10,False
168733,GOLD26NOV182100CE,GOLD,27NOV2026,18210000.000000,1,OPTFUT,NCO,50.000000,10,False
168735,GOLD26NOV182200CE,GOLD,27NOV2026,18220000.000000,1,OPTFUT,NCO,50.000000,10,False
168741,GOLD26NOV182500CE,GOLD,27NOV2026,18250000.000000,1,OPTFUT,NCO,50.000000,10,False
168759,GOLD26NOV183400CE,GOLD,27NOV2026,18340000.000000,1,OPTFUT,NCO,50.000000,10,False
168760,GOLD26NOV183400PE,GOLD,27NOV2026,18340000.000000,1,OPTFUT,NCO,50.000000,10,False
168770,GOLD26NOV183900PE,GOLD,27NOV2026,18390000.000000,1,OPTFUT,NCO,50.000000,10,False
127169,SILVER27MAR226500CE,SILVER,02MAR2027,22650000.000000,1,OPTBLN,NCO,50.000000,20,False
127172,SILVER27MAR226750PE,SILVER,02MAR2027,22675000.000000,1,OPTBLN,NCO,50.000000,20,False
127173,SILVERM27MAR273000PE,SILVERM,24MAR2027,27300000.000000,1,OPTFUT,NCO,50.000000,120,False
127175,SILVERM27MAR273250PE,SILVERM,24MAR2027,27325000.000000,1,OPTFUT,NCO,50.000000,120,False
168783,GOLD26NOV184600CE,GOLD,27NOV2026,18460000.000000,1,OPTFUT,NCO,50.000000,10,False
168790,GOLD26NOV184900PE,GOLD,27NOV2026,18490000.000000,1,OPTFUT,NCO,50.000000,10,False
168793,GOLD26NOV185100CE,GOLD,27NOV2026,18510000.000000,1,OPTFUT,NCO,50.000000,10,False
168848,GOLD26DEC177700PE,GOLD,29DEC2026,17770000.000000,1,OPTFUT,NCO,50.000000,10,False
127183,SILVERM27MAR274250PE,SILVERM,24MAR2027,27425000.000000,1,OPTFUT,NCO,50.000000,120,False
127192,SILVERM27MAR275000PE,SILVERM,24MAR2027,27500000.000000,1,OPTFUT,NCO,50.000000,120,False
127197,SILVERM27APR271000CE,SILVERM,23APR2027,27100000.000000,1,OPTFUT,NCO,50.000000,120,False
127203,CRUDEOIL26NOV12150CE,CRUDEOIL,10NOV2026,1215000.000000,1,OPTFUT,NCO,10.000000,100,False
168850,GOLD26DEC177800PE,GOLD,29DEC2026,17780000.000000,1,OPTFUT,NCO,50.000000,10,False
168878,GOLD26DEC179200PE,GOLD,29DEC2026,17920000.000000,1,OPTFUT,NCO,50.000000,10,False
168890,GOLD26DEC179800PE,GOLD,29DEC2026,17980000.000000,1,OPTFUT,NCO,50.000000,10,False
168902,GOLD26DEC180400PE,GOLD,29DEC2026,18040000.000000,1,OPTFUT,NCO,50.000000,10,False
127204,CRUDEOIL26NOV12150PE,CRUDEOIL,10NOV2026,1215000.000000,1,OPTFUT,NCO,10.000000,100,False
127232,SILVERM27MAY285500PE,SILVERM,24MAY2027,28550000.000000,1,OPTFUT,NCO,50.000000,120,False
127238,CRUDEOIL26NOV12250PE,CRUDEOIL,10NOV2026,1225000.000000,1,OPTFUT,NCO,10.000000,100,False
127241,SILVERM27FEB295000CE,SILVERM,19FEB2027,29500000.000000,1,OPTFUT,NCO,50.000000,120,False
168906,GOLD26DEC180600PE,GOLD,29DEC2026,18060000.000000,1,OPTFUT,NCO,50.000000,10,False
168925,GOLD26DEC181600CE,GOLD,29DEC2026,18160000.000000,1,OPTFUT,NCO,50.000000,10,False
168932,GOLD26DEC181900PE,GOLD,29DEC2026,18190000.000000,1,OPTFUT,NCO,50.000000,10,False
168934,GOLD26DEC182000PE,GOLD,29DEC2026,18200000.000000,1,OPTFUT,NCO,50.000000,10,False
168941,GOLD26DEC182400CE,GOLD,29DEC2026,18240000.000000,1,OPTFUT,NCO,50.000000,10,False
168944,GOLD26DEC182500PE,GOLD,29DEC2026,18250000.000000,1,OPTFUT,NCO,50.000000,10,False
168947,GOLD26DEC182700CE,GOLD,29DEC2026,18270000.000000,1,OPTFUT,NCO,50.000000,10,False
168961,GOLD26DEC183400CE,GOLD,29DEC2026,18340000.000000,1,OPTFUT,NCO,50.000000,10,False
127249,CRUDEOIL26NOV12300CE,CRUDEOIL,10NOV2026,1230000.000000,1,OPTFUT,NCO,10.000000,100,False
127256,SILVERM27FEB296500PE,SILVERM,19FEB2027,29650000.000000,1,OPTFUT,NCO,50.000000,120,False
127266,SILVERM27FEB297750PE,SILVERM,19FEB2027,29775000.000000,1,OPTFUT,NCO,50.000000,120,False
127268,SILVERM27FEB298000PE,SILVERM,19FEB2027,29800000.000000,1,OPTFUT,NCO,50.000000,120,False
168978,GOLD26DEC184200PE,GOLD,29DEC2026,18420000.000000,1,OPTFUT,NCO,50.000000,10,False
169010,GOLD26DEC185800PE,GOLD,29DEC2026,18580000.000000,1,OPTFUT,NCO,50.000000,10,False
169017,GOLD26DEC186200CE,GOLD,29DEC2026,18620000.000000,1,OPTFUT,NCO,50.000000,10,False
169020,GOLD26DEC186300PE,GOLD,29DEC2026,18630000.000000,1,OPTFUT,NCO,50.000000,10,False
127310,SILVERM27FEB299250PE,SILVERM,19FEB2027,29925000.000000,1,OPTFUT,NCO,50.000000,120,False
127325,SILVERM27FEB301250CE,SILVERM,19FEB2027,30125000.000000,1,OPTFUT,NCO,50.000000,120,False
127342,GOLD27MAR153100CE,GOLD,29MAR2027,15310000.000000,1,OPTFUT,NCO,50.000000,10,False
127348,GOLD27MAR153400CE,GOLD,29MAR2027,15340000.000000,1,OPTFUT,NCO,50.000000,10,False
169029,GOLD26DEC186800CE,GOLD,29DEC2026,18680000.000000,1,OPTFUT,NCO,50.000000,10,False
169038,GOLD26DEC187200PE,GOLD,29DEC2026,18720000.000000,1,OPTFUT,NCO,50.000000,10,False
169046,GOLD26DEC187600PE,GOLD,29DEC2026,18760000.000000,1,OPTFUT,NCO,50.000000,10,False
169047,GOLD26DEC187700CE,GOLD,29DEC2026,18770000.000000,1,OPTFUT,NCO,50.000000,10,False
17,ELECTRICITYFUTURES,ELECMBL,,-1.000000,1,UNDCOM,NCO,100.000000,50,False
127356,SILVERM27APR273000PE,SILVERM,23APR2027,27300000.000000,1,OPTFUT,NCO,50.000000,120,False
127357,SILVERM27APR273250CE,SILVERM,23APR2027,27325000.000000,1,OPTFUT,NCO,50.000000,120,False
127359,SILVERM27APR273500CE,SILVERM,23APR2027,27350000.000000,1,OPTFUT,NCO,50.000000,120,False
127360,SILVERM27APR273500PE,SILVERM,23APR2027,27350000.000000,1,OPTFUT,NCO,50.000000,120,False
170796,SILVERM26SEP382750PE,SILVERM,23SEP2026,38275000.000000,1,OPTFUT,NCO,50.000000,120,False
170801,SILVERM26SEP383500CE,SILVERM,23SEP2026,38350000.000000,1,OPTFUT,NCO,50.000000,120,False
170803,SILVERM26SEP383750CE,SILVERM,23SEP2026,38375000.000000,1,OPTFUT,NCO,50.000000,120,False
127361,SILVERM27APR273750CE,SILVERM,23APR2027,27375000.000000,1,OPTFUT,NCO,50.000000,120,False
127374,SILVERM27APR275250PE,SILVERM,23APR2027,27525000.000000,1,OPTFUT,NCO,50.000000,120,False
127376,SILVER27MAR227000PE,SILVER,02MAR2027,22700000.000000,1,OPTBLN,NCO,50.000000,20,False
127377,SILVERM27JUL245250CE,SILVERM,23JUL2027,24525000.000000,1,OPTFUT,NCO,50.000000,120,False
170819,SILVERM26SEP385750CE,SILVERM,23SEP2026,38575000.000000,1,OPTFUT,NCO,50.000000,120,False
170836,SILVERM26SEP387750PE,SILVERM,23SEP2026,38775000.000000,1,OPTFUT,NCO,50.000000,120,False
170846,SILVERM26SEP389000PE,SILVERM,23SEP2026,38900000.000000,1,OPTFUT,NCO,50.000000,120,False
170852,SILVERM26SEP389750PE,SILVERM,23SEP2026,38975000.000000,1,OPTFUT,NCO,50.000000,120,False
170856,SILVERM26SEP390250PE,SILVERM,23SEP2026,39025000.000000,1,OPTFUT,NCO,50.000000,120,False
170878,SILVERM26SEP393000PE,SILVERM,23SEP2026,39300000.000000,1,OPTFUT,NCO,50.000000,120,False
170883,SILVERM26SEP393750CE,SILVERM,23SEP2026,39375000.000000,1,OPTFUT,NCO,50.000000,120,False
170893,SILVERM26SEP395000CE,SILVERM,23SEP2026,39500000.000000,1,OPTFUT,NCO,50.000000,120,False
127383,SILVERM27JUL246000CE,SILVERM,23JUL2027,24600000.000000,1,OPTFUT,NCO,50.000000,120,False
127386,SILVERM27JUL246250PE,SILVERM,23JUL2027,24625000.000000,1,OPTFUT,NCO,50.000000,120,False
127404,GOLD27JUN158900PE,GOLD,28JUN2027,15890000.000000,1,OPTFUT,NCO,50.000000,10,False
127421,SILVERM27JAN305500CE,SILVERM,21JAN2027,30550000.000000,1,OPTFUT,NCO,50.000000,120,False
170931,SILVERM26SEP399750CE,SILVERM,23SEP2026,39975000.000000,1,OPTFUT,NCO,50.000000,120,False
170933,SILVERM26SEP400000CE,SILVERM,23SEP2026,40000000.000000,1,OPTFUT,NCO,50.000000,120,False
170938,SILVERM26SEP400500PE,SILVERM,23SEP2026,40050000.000000,1,OPTFUT,NCO,50.000000,120,False
170942,SILVERM26SEP401000PE,SILVERM,23SEP2026,40100000.000000,1,OPTFUT,NCO,50.000000,120,False
127424,SILVERM27JAN305750PE,SILVERM,21JAN2027,30575000.000000,1,OPTFUT,NCO,50.000000,120,False
127438,SILVERM27JAN307500PE,SILVERM,21JAN2027,30750000.000000,1,OPTFUT,NCO,50.000000,120,False
127459,GOLD27MAR154000PE,GOLD,29MAR2027,15400000.000000,1,OPTFUT,NCO,50.000000,10,False
127462,GOLD27MAR154200CE,GOLD,29MAR2027,15420000.000000,1,OPTFUT,NCO,50.000000,10,False
170946,SILVERM26SEP401500PE,SILVERM,23SEP2026,40150000.000000,1,OPTFUT,NCO,50.000000,120,False
170948,SILVERM26SEP401750PE,SILVERM,23SEP2026,40175000.000000,1,OPTFUT,NCO,50.000000,120,False
170950,SILVERM26SEP402000PE,SILVERM,23SEP2026,40200000.000000,1,OPTFUT,NCO,50.000000,120,False
170980,SILVERM26OCT385500PE,SILVERM,23OCT2026,38550000.000000,1,OPTFUT,NCO,50.000000,120,False
127473,GOLD27MAR154700PE,GOLD,29MAR2027,15470000.000000,1,OPTFUT,NCO,50.000000,10,False
127480,GOLD27MAR155100CE,GOLD,29MAR2027,15510000.000000,1,OPTFUT,NCO,50.000000,10,False
127484,GOLD27MAR155300CE,GOLD,29MAR2027,15530000.000000,1,OPTFUT,NCO,50.000000,10,False
127509,GOLD27MAR156500PE,GOLD,29MAR2027,15650000.000000,1,OPTFUT,NCO,50.000000,10,False
170981,SILVERM26OCT385750CE,SILVERM,23OCT2026,38575000.000000,1,OPTFUT,NCO,50.000000,120,False
170992,SILVERM26OCT387000PE,SILVERM,23OCT2026,38700000.000000,1,OPTFUT,NCO,50.000000,120,False
171000,SILVERM26OCT388000PE,SILVERM,23OCT2026,38800000.000000,1,OPTFUT,NCO,50.000000,120,False
171008,SILVERM26OCT389000PE,SILVERM,23OCT2026,38900000.000000,1,OPTFUT,NCO,50.000000,120,False
171015,SILVERM26OCT390000CE,SILVERM,23OCT2026,39000000.000000,1,OPTFUT,NCO,50.000000,120,False
171022,SILVERM26OCT390750PE,SILVERM,23OCT2026,39075000.000000,1,OPTFUT,NCO,50.000000,120,False
171025,SILVERM26OCT391250CE,SILVERM,23OCT2026,39125000.000000,1,OPTFUT,NCO,50.000000,120,False
171026,SILVERM26OCT391250PE,SILVERM,23OCT2026,39125000.000000,1,OPTFUT,NCO,50.000000,120,False
127566,GOLD27JUN159800PE,GOLD,28JUN2027,15980000.000000,1,OPTFUT,NCO,50.000000,10,False
127568,GOLD27JUN159900PE,GOLD,28JUN2027,15990000.000000,1,OPTFUT,NCO,50.000000,10,False
127570,GOLD27JUN160000PE,GOLD,28JUN2027,16000000.000000,1,OPTFUT,NCO,50.000000,10,False
127572,GOLD27JUL159700PE,GOLD,29JUL2027,15970000.000000,1,OPTFUT,NCO,50.000000,10,False
171027,SILVERM26OCT391500CE,SILVERM,23OCT2026,39150000.000000,1,OPTFUT,NCO,50.000000,120,False
171031,SILVERM26OCT392000CE,SILVERM,23OCT2026,39200000.000000,1,OPTFUT,NCO,50.000000,120,False
171039,SILVERM26OCT393000CE,SILVERM,23OCT2026,39300000.000000,1,OPTFUT,NCO,50.000000,120,False
171045,SILVERM26OCT393750CE,SILVERM,23OCT2026,39375000.000000,1,OPTFUT,NCO,50.000000,120,False
127575,GOLD27JUL159900CE,GOLD,29JUL2027,15990000.000000,1,OPTFUT,NCO,50.000000,10,False
127581,SILVER27MAR228500CE,SILVER,02MAR2027,22850000.000000,1,OPTBLN,NCO,50.000000,20,False
127591,SILVER27MAR229750CE,SILVER,02MAR2027,22975000.000000,1,OPTBLN,NCO,50.000000,20,False
127596,GOLD27APR162200PE,GOLD,28APR2027,16220000.000000,1,OPTFUT,NCO,50.000000,10,False
171048,SILVERM26OCT394000PE,SILVERM,23OCT2026,39400000.000000,1,OPTFUT,NCO,50.000000,120,False
171050,SILVERM26OCT394250PE,SILVERM,23OCT2026,39425000.000000,1,OPTFUT,NCO,50.000000,120,False
171052,SILVERM26OCT394500PE,SILVERM,23OCT2026,39450000.000000,1,OPTFUT,NCO,50.000000,120,False
171054,SILVERM26OCT394750PE,SILVERM,23OCT2026,39475000.000000,1,OPTFUT,NCO,50.000000,120,False
127601,GOLD27APR162500CE,GOLD,28APR2027,16250000.000000,1,OPTFUT,NCO,50.000000,10,False
127606,GOLD27APR162700PE,GOLD,28APR2027,16270000.000000,1,OPTFUT,NCO,50.000000,10,False
127616,SILVER26DEC220750PE,SILVER,01DEC2026,22075000.000000,1,OPTBLN,NCO,50.000000,20,False
127618,SILVER26DEC221000PE,SILVER,01DEC2026,22100000.000000,1,OPTBLN,NCO,50.000000,20,False
171056,SILVERM26OCT395000PE,SILVERM,23OCT2026,39500000.000000,1,OPTFUT,NCO,50.000000,120,False
171058,SILVERM26OCT395250PE,SILVERM,23OCT2026,39525000.000000,1,OPTFUT,NCO,50.000000,120,False
171060,SILVERM26OCT395500PE,SILVERM,23OCT2026,39550000.000000,1,OPTFUT,NCO,50.000000,120,False
171066,SILVERM26OCT396250PE,SILVERM,23OCT2026,39625000.000000,1,OPTFUT,NCO,50.000000,120,False
127621,SILVER26DEC221500CE,SILVER,01DEC2026,22150000.000000,1,OPTBLN,NCO,50.000000,20,False
127626,SILVER26DEC222000PE,SILVER,01DEC2026,22200000.000000,1,OPTBLN,NCO,50.000000,20,False
127627,SILVER26DEC222250CE,SILVER,01DEC2026,22225000.000000,1,OPTBLN,NCO,50.000000,20,False
127628,SILVER26DEC222250PE,SILVER,01DEC2026,22225000.000000,1,OPTBLN,NCO,50.000000,20,False
127636,SILVER26DEC223250PE,SILVER,01DEC2026,22325000.000000,1,OPTBLN,NCO,50.000000,20,False
127646,SILVER26DEC224500PE,SILVER,01DEC2026,22450000.000000,1,OPTBLN,NCO,50.000000,20,False
127650,SILVER26DEC225000PE,SILVER,01DEC2026,22500000.000000,1,OPTBLN,NCO,50.000000,20,False
127657,SILVER26DEC226000CE,SILVER,01DEC2026,22600000.000000,1,OPTBLN,NCO,50.000000,20,False
171071,SILVERM26OCT397000CE,SILVERM,23OCT2026,39700000.000000,1,OPTFUT,NCO,50.000000,120,False
171075,SILVERM26OCT397500CE,SILVERM,23OCT2026,39750000.000000,1,OPTFUT,NCO,50.000000,120,False
171079,SILVERM26OCT398000CE,SILVERM,23OCT2026,39800000.000000,1,OPTFUT,NCO,50.000000,120,False
171096,SILVERM26OCT400000PE,SILVERM,23OCT2026,40000000.000000,1,OPTFUT,NCO,50.000000,120,False
171109,SILVERM26OCT401750CE,SILVERM,23OCT2026,40175000.000000,1,OPTFUT,NCO,50.000000,120,False
171112,SILVERM26OCT402000PE,SILVERM,23OCT2026,40200000.000000,1,OPTFUT,NCO,50.000000,120,False
171117,SILVERM26OCT402750CE,SILVERM,23OCT2026,40275000.000000,1,OPTFUT,NCO,50.000000,120,False
171126,SILVERM26OCT403750PE,SILVERM,23OCT2026,40375000.000000,1,OPTFUT,NCO,50.000000,120,False
127704,SILVER26DEC231750PE,SILVER,01DEC2026,23175000.000000,1,OPTBLN,NCO,50.000000,20,False
127721,SILVERM27FEB303000CE,SILVERM,19FEB2027,30300000.000000,1,OPTFUT,NCO,50.000000,120,False
127723,SILVERM27FEB303250CE,SILVERM,19FEB2027,30325000.000000,1,OPTFUT,NCO,50.000000,120,False
127728,SILVERM27FEB303750PE,SILVERM,19FEB2027,30375000.000000,1,OPTFUT,NCO,50.000000,120,False
127733,SILVERM27FEB304500CE,SILVERM,19FEB2027,30450000.000000,1,OPTFUT,NCO,50.000000,120,False
127752,SILVER26DEC233500CE,SILVER,01DEC2026,23350000.000000,1,OPTBLN,NCO,50.000000,20,False
127755,GOLD27JUL160000CE,GOLD,29JUL2027,16000000.000000,1,OPTFUT,NCO,50.000000,10,False
127766,SILVER26DEC234000PE,SILVER,01DEC2026,23400000.000000,1,OPTBLN,NCO,50.000000,20,False
171135,SILVERM26OCT405000CE,SILVERM,23OCT2026,40500000.000000,1,OPTFUT,NCO,50.000000,120,False
171136,SILVERM26OCT405000PE,SILVERM,23OCT2026,40500000.000000,1,OPTFUT,NCO,50.000000,120,False
171137,SILVERM26OCT405250CE,SILVERM,23OCT2026,40525000.000000,1,OPTFUT,NCO,50.000000,120,False
171139,SILVERM26OCT405500CE,SILVERM,23OCT2026,40550000.000000,1,OPTFUT,NCO,50.000000,120,False
171143,SILVERM26OCT406000CE,SILVERM,23OCT2026,40600000.000000,1,OPTFUT,NCO,50.000000,120,False
171145,SILVERM26OCT406250CE,SILVERM,23OCT2026,40625000.000000,1,OPTFUT,NCO,50.000000,120,False
171150,SILVERM26OCT406750PE,SILVERM,23OCT2026,40675000.000000,1,OPTFUT,NCO,50.000000,120,False
171180,SILVERM26NOV390250PE,SILVERM,23NOV2026,39025000.000000,1,OPTFUT,NCO,50.000000,120,False
127771,SILVER26DEC234750CE,SILVER,01DEC2026,23475000.000000,1,OPTBLN,NCO,50.000000,20,False
127772,SILVER26DEC234750PE,SILVER,01DEC2026,23475000.000000,1,OPTBLN,NCO,50.000000,20,False
127780,SILVER26DEC235750PE,SILVER,01DEC2026,23575000.000000,1,OPTBLN,NCO,50.000000,20,False
127787,GOLD27JUL160400CE,GOLD,29JUL2027,16040000.000000,1,OPTFUT,NCO,50.000000,10,False
171182,SILVERM26NOV390500PE,SILVERM,23NOV2026,39050000.000000,1,OPTFUT,NCO,50.000000,120,False
171197,SILVERM26NOV392500CE,SILVERM,23NOV2026,39250000.000000,1,OPTFUT,NCO,50.000000,120,False
171214,SILVERM26NOV394500PE,SILVERM,23NOV2026,39450000.000000,1,OPTFUT,NCO,50.000000,120,False
171225,SILVERM26NOV396000CE,SILVERM,23NOV2026,39600000.000000,1,OPTFUT,NCO,50.000000,120,False
127793,SILVERM27MAR276500CE,SILVERM,24MAR2027,27650000.000000,1,OPTFUT,NCO,50.000000,120,False
127806,SILVERM27MAR278000PE,SILVERM,24MAR2027,27800000.000000,1,OPTFUT,NCO,50.000000,120,False
127834,SILVER27MAR232000PE,SILVER,02MAR2027,23200000.000000,1,OPTBLN,NCO,50.000000,20,False
127846,SILVERM27JAN310750PE,SILVERM,21JAN2027,31075000.000000,1,OPTFUT,NCO,50.000000,120,False
171227,SILVERM26NOV396250CE,SILVERM,23NOV2026,39625000.000000,1,OPTFUT,NCO,50.000000,120,False
171253,SILVERM26NOV399500CE,SILVERM,23NOV2026,39950000.000000,1,OPTFUT,NCO,50.000000,120,False
171255,SILVERM26NOV399750CE,SILVERM,23NOV2026,39975000.000000,1,OPTFUT,NCO,50.000000,120,False
171257,SILVERM26NOV400000CE,SILVERM,23NOV2026,40000000.000000,1,OPTFUT,NCO,50.000000,120,False
127851,SILVERM27JAN311500CE,SILVERM,21JAN2027,31150000.000000,1,OPTFUT,NCO,50.000000,120,False
127871,SILVER26DEC238250CE,SILVER,01DEC2026,23825000.000000,1,OPTBLN,NCO,50.000000,20,False
127872,SILVER26DEC238250PE,SILVER,01DEC2026,23825000.000000,1,OPTBLN,NCO,50.000000,20,False
127878,SILVER26DEC239000PE,SILVER,01DEC2026,23900000.000000,1,OPTBLN,NCO,50.000000,20,False
171261,SILVERM26NOV400500CE,SILVERM,23NOV2026,40050000.000000,1,OPTFUT,NCO,50.000000,120,False
171304,SILVERM26NOV405750PE,SILVERM,23NOV2026,40575000.000000,1,OPTFUT,NCO,50.000000,120,False
171336,SILVERM26DEC389250PE,SILVERM,23DEC2026,38925000.000000,1,OPTFUT,NCO,50.000000,120,False
171344,SILVERM26DEC390250PE,SILVERM,23DEC2026,39025000.000000,1,OPTFUT,NCO,50.000000,120,False
127888,SILVERM27MAR279250PE,SILVERM,24MAR2027,27925000.000000,1,OPTFUT,NCO,50.000000,120,False
127903,ZINC26SEP392.5CE,ZINC,23SEP2026,39250.000000,1,OPTFUT,NCO,1.000000,20,False
127904,ZINC26SEP392.5PE,ZINC,23SEP2026,39250.000000,1,OPTFUT,NCO,1.000000,20,False
127906,ZINC26SEP395PE,ZINC,23SEP2026,39500.000000,1,OPTFUT,NCO,1.000000,20,False
171349,SILVERM26DEC391000CE,SILVERM,23DEC2026,39100000.000000,1,OPTFUT,NCO,50.000000,120,False
171355,SILVERM26DEC391750CE,SILVERM,23DEC2026,39175000.000000,1,OPTFUT,NCO,50.000000,120,False
171364,SILVERM26DEC392750PE,SILVERM,23DEC2026,39275000.000000,1,OPTFUT,NCO,50.000000,120,False
171377,SILVERM26DEC394500CE,SILVERM,23DEC2026,39450000.000000,1,OPTFUT,NCO,50.000000,120,False
171386,SILVERM26DEC395500PE,SILVERM,23DEC2026,39550000.000000,1,OPTFUT,NCO,50.000000,120,False
171393,SILVERM26DEC396500CE,SILVERM,23DEC2026,39650000.000000,1,OPTFUT,NCO,50.000000,120,False
171396,SILVERM26DEC396750PE,SILVERM,23DEC2026,39675000.000000,1,OPTFUT,NCO,50.000000,120,False
171405,SILVERM26DEC398000CE,SILVERM,23DEC2026,39800000.000000,1,OPTFUT,NCO,50.000000,120,False
127912,SILVERM27MAR230500CE,SILVERM,24MAR2027,23050000.000000,1,OPTFUT,NCO,50.000000,120,False
127928,GOLDM26SEP152100CE,GOLDM,25SEP2026,15210000.000000,1,OPTFUT,NCO,50.000000,100,False
127931,GOLDM26SEP152200PE,GOLDM,25SEP2026,15220000.000000,1,OPTFUT,NCO,50.000000,100,False
127933,GOLD26OCT132200PE,GOLD,29OCT2026,13220000.000000,1,OPTFUT,NCO,50.000000,10,False
127945,GOLD26OCT132800PE,GOLD,29OCT2026,13280000.000000,1,OPTFUT,NCO,50.000000,10,False
127951,GOLD26OCT133100PE,GOLD,29OCT2026,13310000.000000,1,OPTFUT,NCO,50.000000,10,False
127952,GOLD26OCT133200CE,GOLD,29OCT2026,13320000.000000,1,OPTFUT,NCO,50.000000,10,False
127958,GOLD26OCT133500CE,GOLD,29OCT2026,13350000.000000,1,OPTFUT,NCO,50.000000,10,False
171416,SILVERM26DEC399250PE,SILVERM,23DEC2026,39925000.000000,1,OPTFUT,NCO,50.000000,120,False
171419,SILVERM26DEC399750CE,SILVERM,23DEC2026,39975000.000000,1,OPTFUT,NCO,50.000000,120,False
171436,SILVERM26DEC401750PE,SILVERM,23DEC2026,40175000.000000,1,OPTFUT,NCO,50.000000,120,False
171459,SILVERM26DEC404750CE,SILVERM,23DEC2026,40475000.000000,1,OPTFUT,NCO,50.000000,120,False
127970,SILVERM27MAR280000PE,SILVERM,24MAR2027,28000000.000000,1,OPTFUT,NCO,50.000000,120,False
127971,SILVERM27MAR280250CE,SILVERM,24MAR2027,28025000.000000,1,OPTFUT,NCO,50.000000,120,False
128014,SILVER27MAR232250PE,SILVER,02MAR2027,23225000.000000,1,OPTBLN,NCO,50.000000,20,False
128017,SILVER27MAR232750CE,SILVER,02MAR2027,23275000.000000,1,OPTBLN,NCO,50.000000,20,False
171466,SILVERM26DEC405500PE,SILVERM,23DEC2026,40550000.000000,1,OPTFUT,NCO,50.000000,120,False
171478,SILVERM26DEC407000PE,SILVERM,23DEC2026,40700000.000000,1,OPTFUT,NCO,50.000000,120,False
171503,SILVERM26DEC410250CE,SILVERM,23DEC2026,41025000.000000,1,OPTFUT,NCO,50.000000,120,False
171507,SILVERM26DEC410750CE,SILVERM,23DEC2026,41075000.000000,1,OPTFUT,NCO,50.000000,120,False
20,PLATTSDATEDBRENTASSESS,BRCRUDEOIL,,-1.000000,1,UNDCOM,NCO,100.000000,100,False
171509,SILVERM26DEC411000CE,SILVERM,23DEC2026,41100000.000000,1,OPTFUT,NCO,50.000000,120,False
128037,SILVER27MAR235250CE,SILVER,02MAR2027,23525000.000000,1,OPTBLN,NCO,50.000000,20,False
128041,SILVER27MAR235750CE,SILVER,02MAR2027,23575000.000000,1,OPTBLN,NCO,50.000000,20,False
128043,SILVERM26SEP195000CE,SILVERM,23SEP2026,19500000.000000,1,OPTFUT,NCO,50.000000,120,False
128047,SILVERM26SEP195500CE,SILVERM,23SEP2026,19550000.000000,1,OPTFUT,NCO,50.000000,120,False
128062,SILVERM27JAN314000PE,SILVERM,21JAN2027,31400000.000000,1,OPTFUT,NCO,50.000000,120,False
128064,SILVERM27JAN314250PE,SILVERM,21JAN2027,31425000.000000,1,OPTFUT,NCO,50.000000,120,False
128065,SILVERM27JAN314500CE,SILVERM,21JAN2027,31450000.000000,1,OPTFUT,NCO,50.000000,120,False
128068,SILVERM27JAN314750PE,SILVERM,21JAN2027,31475000.000000,1,OPTFUT,NCO,50.000000,120,False
128077,SILVERM27JAN316000CE,SILVERM,21JAN2027,31600000.000000,1,OPTFUT,NCO,50.000000,120,False
128078,SILVERM27JAN316000PE,SILVERM,21JAN2027,31600000.000000,1,OPTFUT,NCO,50.000000,120,False
128082,SILVERM27JAN316500PE,SILVERM,21JAN2027,31650000.000000,1,OPTFUT,NCO,50.000000,120,False
128084,SILVER26DEC241000CE,SILVER,01DEC2026,24100000.000000,1,OPTBLN,NCO,50.000000,20,False
128096,SILVER26DEC242500CE,SILVER,01DEC2026,24250000.000000,1,OPTBLN,NCO,50.000000,20,False
128097,SILVER26DEC242500PE,SILVER,01DEC2026,24250000.000000,1,OPTBLN,NCO,50.000000,20,False
128098,SILVER26DEC242750CE,SILVER,01DEC2026,24275000.000000,1,OPTBLN,NCO,50.000000,20,False
128100,SILVER26DEC243000CE,SILVER,01DEC2026,24300000.000000,1,OPTBLN,NCO,50.000000,20,False
128104,SILVER26DEC243500CE,SILVER,01DEC2026,24350000.000000,1,OPTBLN,NCO,50.000000,20,False
128107,SILVER26DEC243750PE,SILVER,01DEC2026,24375000.000000,1,OPTBLN,NCO,50.000000,20,False
128116,SILVER26DEC245000CE,SILVER,01DEC2026,24500000.000000,1,OPTBLN,NCO,50.000000,20,False
128119,GOLD26OCT133600PE,GOLD,29OCT2026,13360000.000000,1,OPTFUT,NCO,50.000000,10,False
128137,SILVERM27JAN318000PE,SILVERM,21JAN2027,31800000.000000,1,OPTFUT,NCO,50.000000,120,False
128156,SILVERM27JAN320500CE,SILVERM,21JAN2027,32050000.000000,1,OPTFUT,NCO,50.000000,120,False
128172,SILVERM27MAR234750CE,SILVERM,24MAR2027,23475000.000000,1,OPTFUT,NCO,50.000000,120,False
128176,SILVERM27FEB304500PE,SILVERM,19FEB2027,30450000.000000,1,OPTFUT,NCO,50.000000,120,False
128179,SILVERM27FEB305000CE,SILVERM,19FEB2027,30500000.000000,1,OPTFUT,NCO,50.000000,120,False
128196,SILVERM27MAR235750CE,SILVERM,24MAR2027,23575000.000000,1,OPTFUT,NCO,50.000000,120,False
128216,SILVERM27MAR238250CE,SILVERM,24MAR2027,23825000.000000,1,OPTFUT,NCO,50.000000,120,False
128224,SILVERM27MAR239250CE,SILVERM,24MAR2027,23925000.000000,1,OPTFUT,NCO,50.000000,120,False
128233,SILVERM27MAR282250PE,SILVERM,24MAR2027,28225000.000000,1,OPTFUT,NCO,50.000000,120,False
128237,SILVERM27MAR282750PE,SILVERM,24MAR2027,28275000.000000,1,OPTFUT,NCO,50.000000,120,False
128238,SILVERM27MAR283000CE,SILVERM,24MAR2027,28300000.000000,1,OPTFUT,NCO,50.000000,120,False
128248,SILVERM27MAR284250CE,SILVERM,24MAR2027,28425000.000000,1,OPTFUT,NCO,50.000000,120,False
128250,SILVERM27MAR284500CE,SILVERM,24MAR2027,28450000.000000,1,OPTFUT,NCO,50.000000,120,False
128261,SILVERM27MAR285750PE,SILVERM,24MAR2027,28575000.000000,1,OPTFUT,NCO,50.000000,120,False
128290,SILVERM27APR280000CE,SILVERM,23APR2027,28000000.000000,1,OPTFUT,NCO,50.000000,120,False
128295,SILVERM27APR280500PE,SILVERM,23APR2027,28050000.000000,1,OPTFUT,NCO,50.000000,120,False
128297,SILVERM27APR280750PE,SILVERM,23APR2027,28075000.000000,1,OPTFUT,NCO,50.000000,120,False
128299,SILVERM27APR281000PE,SILVERM,23APR2027,28100000.000000,1,OPTFUT,NCO,50.000000,120,False
128365,SILVERM26SEP197250CE,SILVERM,23SEP2026,19725000.000000,1,OPTFUT,NCO,50.000000,120,False
128388,SILVERM26SEP200000PE,SILVERM,23SEP2026,20000000.000000,1,OPTFUT,NCO,50.000000,120,False
128404,SILVERM27JAN322000PE,SILVERM,21JAN2027,32200000.000000,1,OPTFUT,NCO,50.000000,120,False
128410,SILVERM27JAN322750PE,SILVERM,21JAN2027,32275000.000000,1,OPTFUT,NCO,50.000000,120,False
128430,SILVERM27JAN325250PE,SILVERM,21JAN2027,32525000.000000,1,OPTFUT,NCO,50.000000,120,False
128442,SILVERM27MAR240250PE,SILVERM,24MAR2027,24025000.000000,1,OPTFUT,NCO,50.000000,120,False
128443,SILVERM27MAR240500CE,SILVERM,24MAR2027,24050000.000000,1,OPTFUT,NCO,50.000000,120,False
128450,SILVERM27MAR266750CE,SILVERM,24MAR2027,26675000.000000,1,OPTFUT,NCO,50.000000,120,False
128455,SILVERM27APR282250CE,SILVERM,23APR2027,28225000.000000,1,OPTFUT,NCO,50.000000,120,False
128471,GOLD27MAR157900CE,GOLD,29MAR2027,15790000.000000,1,OPTFUT,NCO,50.000000,10,False
128479,GOLD27MAR158300CE,GOLD,29MAR2027,15830000.000000,1,OPTFUT,NCO,50.000000,10,False
128486,SILVERM27APR283250PE,SILVERM,23APR2027,28325000.000000,1,OPTFUT,NCO,50.000000,120,False
128493,SILVERM27APR284250CE,SILVERM,23APR2027,28425000.000000,1,OPTFUT,NCO,50.000000,120,False
128560,SILVERM27FEB313000PE,SILVERM,19FEB2027,31300000.000000,1,OPTFUT,NCO,50.000000,120,False
128562,SILVERM27FEB313250PE,SILVERM,19FEB2027,31325000.000000,1,OPTFUT,NCO,50.000000,120,False
128566,SILVERM27FEB313750PE,SILVERM,19FEB2027,31375000.000000,1,OPTFUT,NCO,50.000000,120,False
128574,SILVERM27FEB314750PE,SILVERM,19FEB2027,31475000.000000,1,OPTFUT,NCO,50.000000,120,False
128579,SILVERM27FEB315500CE,SILVERM,19FEB2027,31550000.000000,1,OPTFUT,NCO,50.000000,120,False
128590,SILVERM27JUN250750CE,SILVERM,23JUN2027,25075000.000000,1,OPTFUT,NCO,50.000000,120,False
128596,SILVERM27JUN251500CE,SILVERM,23JUN2027,25150000.000000,1,OPTFUT,NCO,50.000000,120,False
128600,GOLD27MAR158500CE,GOLD,29MAR2027,15850000.000000,1,OPTFUT,NCO,50.000000,10,False
128611,GOLD27MAR159000PE,GOLD,29MAR2027,15900000.000000,1,OPTFUT,NCO,50.000000,10,False
128621,GOLD27MAR159500PE,GOLD,29MAR2027,15950000.000000,1,OPTFUT,NCO,50.000000,10,False
128634,SILVER26DEC246000PE,SILVER,01DEC2026,24600000.000000,1,OPTBLN,NCO,50.000000,20,False
128635,SILVER26DEC246250CE,SILVER,01DEC2026,24625000.000000,1,OPTBLN,NCO,50.000000,20,False
128642,SILVER26DEC247000PE,SILVER,01DEC2026,24700000.000000,1,OPTBLN,NCO,50.000000,20,False
128648,SILVER26DEC247750PE,SILVER,01DEC2026,24775000.000000,1,OPTBLN,NCO,50.000000,20,False
128672,GOLDM26SEP152400CE,GOLDM,25SEP2026,15240000.000000,1,OPTFUT,NCO,50.000000,100,False
128679,SILVERM27MAR267750CE,SILVERM,24MAR2027,26775000.000000,1,OPTFUT,NCO,50.000000,120,False
128684,GOLD27MAR160100CE,GOLD,29MAR2027,16010000.000000,1,OPTFUT,NCO,50.000000,10,False
128685,GOLD27MAR160100PE,GOLD,29MAR2027,16010000.000000,1,OPTFUT,NCO,50.000000,10,False
128692,GOLD27MAR160500CE,GOLD,29MAR2027,16050000.000000,1,OPTFUT,NCO,50.000000,10,False
128693,GOLD27MAR160500PE,GOLD,29MAR2027,16050000.000000,1,OPTFUT,NCO,50.000000,10,False
128697,GOLD27MAR160700PE,GOLD,29MAR2027,16070000.000000,1,OPTFUT,NCO,50.000000,10,False
128759,COPPER26SEP1330PE,COPPER,23SEP2026,133000.000000,1,OPTFUT,NCO,1.000000,70,False
128760,COPPER26SEP1335CE,COPPER,23SEP2026,133500.000000,1,OPTFUT,NCO,1.000000,70,False
128766,GOLD27MAY157000CE,GOLD,28MAY2027,15700000.000000,1,OPTFUT,NCO,50.000000,10,False
128776,GOLD27MAY157500CE,GOLD,28MAY2027,15750000.000000,1,OPTFUT,NCO,50.000000,10,False
128782,GOLD27MAY157800CE,GOLD,28MAY2027,15780000.000000,1,OPTFUT,NCO,50.000000,10,False
128789,GOLD27MAY158100PE,GOLD,28MAY2027,15810000.000000,1,OPTFUT,NCO,50.000000,10,False
128792,GOLD27MAY158300CE,GOLD,28MAY2027,15830000.000000,1,OPTFUT,NCO,50.000000,10,False
128797,GOLD27MAY158500PE,GOLD,28MAY2027,15850000.000000,1,OPTFUT,NCO,50.000000,10,False
128798,GOLD27MAY158600CE,GOLD,28MAY2027,15860000.000000,1,OPTFUT,NCO,50.000000,10,False
128813,SILVERM26OCT169250PE,SILVERM,23OCT2026,16925000.000000,1,OPTFUT,NCO,50.000000,120,False
128825,SILVERM26OCT170750PE,SILVERM,23OCT2026,17075000.000000,1,OPTFUT,NCO,50.000000,120,False
128833,SILVERM26OCT171750PE,SILVERM,23OCT2026,17175000.000000,1,OPTFUT,NCO,50.000000,120,False
128834,SILVERM26OCT172000CE,SILVERM,23OCT2026,17200000.000000,1,OPTFUT,NCO,50.000000,120,False
128851,SILVERM26OCT196750PE,SILVERM,23OCT2026,19675000.000000,1,OPTFUT,NCO,50.000000,120,False
128873,SILVERM26OCT199500PE,SILVERM,23OCT2026,19950000.000000,1,OPTFUT,NCO,50.000000,120,False
128880,SILVERM26OCT200500CE,SILVERM,23OCT2026,20050000.000000,1,OPTFUT,NCO,50.000000,120,False
128884,SILVERM26OCT201000CE,SILVERM,23OCT2026,20100000.000000,1,OPTFUT,NCO,50.000000,120,False
128897,SILVERM26NOV197250PE,SILVERM,23NOV2026,19725000.000000,1,OPTFUT,NCO,50.000000,120,False
128908,GOLD27MAY158900CE,GOLD,28MAY2027,15890000.000000,1,OPTFUT,NCO,50.000000,10,False
128910,GOLD27MAY159000CE,GOLD,28MAY2027,15900000.000000,1,OPTFUT,NCO,50.000000,10,False
128927,GOLD26OCT134600PE,GOLD,29OCT2026,13460000.000000,1,OPTFUT,NCO,50.000000,10,False
128929,GOLD26OCT134700PE,GOLD,29OCT2026,13470000.000000,1,OPTFUT,NCO,50.000000,10,False
128939,SILVERM27JUN252500CE,SILVERM,23JUN2027,25250000.000000,1,OPTFUT,NCO,50.000000,120,False
128940,SILVERM27JUN252500PE,SILVERM,23JUN2027,25250000.000000,1,OPTFUT,NCO,50.000000,120,False
128949,SILVERM27MAR268750CE,SILVERM,24MAR2027,26875000.000000,1,OPTFUT,NCO,50.000000,120,False
128957,SILVERM27APR285000PE,SILVERM,23APR2027,28500000.000000,1,OPTFUT,NCO,50.000000,120,False
128963,SILVERM27APR285750PE,SILVERM,23APR2027,28575000.000000,1,OPTFUT,NCO,50.000000,120,False
128966,SILVERM27APR286250CE,SILVERM,23APR2027,28625000.000000,1,OPTFUT,NCO,50.000000,120,False
128967,SILVERM27APR286250PE,SILVERM,23APR2027,28625000.000000,1,OPTFUT,NCO,50.000000,120,False
128976,COPPER26OCT1285PE,COPPER,23OCT2026,128500.000000,1,OPTFUT,NCO,1.000000,70,False
128983,COPPER26OCT1305CE,COPPER,23OCT2026,130500.000000,1,OPTFUT,NCO,1.000000,70,False
128987,SILVERM27APR231000CE,SILVERM,23APR2027,23100000.000000,1,OPTFUT,NCO,50.000000,120,False
128990,GOLDM26SEP152600CE,GOLDM,25SEP2026,15260000.000000,1,OPTFUT,NCO,50.000000,100,False
129020,GOLD27MAY159800CE,GOLD,28MAY2027,15980000.000000,1,OPTFUT,NCO,50.000000,10,False
129033,GOLD27MAY160000PE,GOLD,28MAY2027,16000000.000000,1,OPTFUT,NCO,50.000000,10,False
129039,GOLD27MAY160300PE,GOLD,28MAY2027,16030000.000000,1,OPTFUT,NCO,50.000000,10,False
129041,GOLD27MAY160400PE,GOLD,28MAY2027,16040000.000000,1,OPTFUT,NCO,50.000000,10,False
129046,GOLD26OCT135300CE,GOLD,29OCT2026,13530000.000000,1,OPTFUT,NCO,50.000000,10,False
129047,GOLD26OCT135300PE,GOLD,29OCT2026,13530000.000000,1,OPTFUT,NCO,50.000000,10,False
129055,SILVERM27APR287750PE,SILVERM,23APR2027,28775000.000000,1,OPTFUT,NCO,50.000000,120,False
129095,COPPER26OCT1310CE,COPPER,23OCT2026,131000.000000,1,OPTFUT,NCO,1.000000,70,False
129114,SILVERM27APR233250CE,SILVERM,23APR2027,23325000.000000,1,OPTFUT,NCO,50.000000,120,False
129120,SILVERM27APR234000CE,SILVERM,23APR2027,23400000.000000,1,OPTFUT,NCO,50.000000,120,False
129125,SILVER27MAR237250PE,SILVER,02MAR2027,23725000.000000,1,OPTBLN,NCO,50.000000,20,False
129166,GOLD27MAR161500PE,GOLD,29MAR2027,16150000.000000,1,OPTFUT,NCO,50.000000,10,False
129175,SILVER27MAR238500PE,SILVER,02MAR2027,23850000.000000,1,OPTBLN,NCO,50.000000,20,False
129189,GOLD26OCT136100PE,GOLD,29OCT2026,13610000.000000,1,OPTFUT,NCO,50.000000,10,False
129192,SILVERM27MAY231000CE,SILVERM,24MAY2027,23100000.000000,1,OPTFUT,NCO,50.000000,120,False
129201,GOLD26OCT136500PE,GOLD,29OCT2026,13650000.000000,1,OPTFUT,NCO,50.000000,10,False
129193,SILVERM27MAY231000PE,SILVERM,24MAY2027,23100000.000000,1,OPTFUT,NCO,50.000000,120,False
129194,SILVERM27MAY231250CE,SILVERM,24MAY2027,23125000.000000,1,OPTFUT,NCO,50.000000,120,False
129199,GOLD26OCT136400PE,GOLD,29OCT2026,13640000.000000,1,OPTFUT,NCO,50.000000,10,False
129238,SILVERM27JUN236000CE,SILVERM,23JUN2027,23600000.000000,1,OPTFUT,NCO,50.000000,120,False
129239,SILVERM27JUN236000PE,SILVERM,23JUN2027,23600000.000000,1,OPTFUT,NCO,50.000000,120,False
129243,SILVERM27JUN236500PE,SILVERM,23JUN2027,23650000.000000,1,OPTFUT,NCO,50.000000,120,False
129244,SILVERM27JUN236750CE,SILVERM,23JUN2027,23675000.000000,1,OPTFUT,NCO,50.000000,120,False
129248,GOLD26OCT136700CE,GOLD,29OCT2026,13670000.000000,1,OPTFUT,NCO,50.000000,10,False
129265,SILVERM27JAN327750PE,SILVERM,21JAN2027,32775000.000000,1,OPTFUT,NCO,50.000000,120,False
129351,SILVERM27JUN237000PE,SILVERM,23JUN2027,23700000.000000,1,OPTFUT,NCO,50.000000,120,False
129366,SILVERM27JUN239000CE,SILVERM,23JUN2027,23900000.000000,1,OPTFUT,NCO,50.000000,120,False
129368,SILVERM27JUN239250CE,SILVERM,23JUN2027,23925000.000000,1,OPTFUT,NCO,50.000000,120,False
129385,SILVERM27JUN241250PE,SILVERM,23JUN2027,24125000.000000,1,OPTFUT,NCO,50.000000,120,False
129386,SILVERM27JUN241500CE,SILVERM,23JUN2027,24150000.000000,1,OPTFUT,NCO,50.000000,120,False
129394,GOLDM26OCT153500PE,GOLDM,29OCT2026,15350000.000000,1,OPTFUT,NCO,50.000000,100,False
129395,GOLDM26OCT153600CE,GOLDM,29OCT2026,15360000.000000,1,OPTFUT,NCO,50.000000,100,False
129396,GOLDM26OCT153600PE,GOLDM,29OCT2026,15360000.000000,1,OPTFUT,NCO,50.000000,100,False
129413,SILVERM27JUL246750CE,SILVERM,23JUL2027,24675000.000000,1,OPTFUT,NCO,50.000000,120,False
129419,SILVERM27JUL247500CE,SILVERM,23JUL2027,24750000.000000,1,OPTFUT,NCO,50.000000,120,False
129441,SILVER27MAR242000CE,SILVER,02MAR2027,24200000.000000,1,OPTBLN,NCO,50.000000,20,False
129447,SILVER27MAR242750CE,SILVER,02MAR2027,24275000.000000,1,OPTBLN,NCO,50.000000,20,False
129454,SILVERM27JAN329000CE,SILVERM,21JAN2027,32900000.000000,1,OPTFUT,NCO,50.000000,120,False
129459,SILVERM27JAN329500PE,SILVERM,21JAN2027,32950000.000000,1,OPTFUT,NCO,50.000000,120,False
129474,SILVER27MAR243000PE,SILVER,02MAR2027,24300000.000000,1,OPTBLN,NCO,50.000000,20,False
129476,SILVER27MAR243250PE,SILVER,02MAR2027,24325000.000000,1,OPTBLN,NCO,50.000000,20,False
129514,GOLD27MAR161600PE,GOLD,29MAR2027,16160000.000000,1,OPTFUT,NCO,50.000000,10,False
129523,SILVERM27JUN242250PE,SILVERM,23JUN2027,24225000.000000,1,OPTFUT,NCO,50.000000,120,False
129545,SILVER27MAR245250CE,SILVER,02MAR2027,24525000.000000,1,OPTBLN,NCO,50.000000,20,False
129552,SILVER27MAR246000PE,SILVER,02MAR2027,24600000.000000,1,OPTBLN,NCO,50.000000,20,False
129557,SILVERM27MAY233000PE,SILVERM,24MAY2027,23300000.000000,1,OPTFUT,NCO,50.000000,120,False
129566,SILVERM27MAY234250CE,SILVERM,24MAY2027,23425000.000000,1,OPTFUT,NCO,50.000000,120,False
129568,SILVERM27MAY234500CE,SILVERM,24MAY2027,23450000.000000,1,OPTFUT,NCO,50.000000,120,False
129575,SILVERM27JAN330000PE,SILVERM,21JAN2027,33000000.000000,1,OPTFUT,NCO,50.000000,120,False
129578,SILVERM27JUL249750PE,SILVERM,23JUL2027,24975000.000000,1,OPTFUT,NCO,50.000000,120,False
129583,SILVERM27JUL250500CE,SILVERM,23JUL2027,25050000.000000,1,OPTFUT,NCO,50.000000,120,False
129598,SILVERM27JUL252250PE,SILVERM,23JUL2027,25225000.000000,1,OPTFUT,NCO,50.000000,120,False
129599,SILVERM27JUL252500CE,SILVERM,23JUL2027,25250000.000000,1,OPTFUT,NCO,50.000000,120,False
129607,GOLD27JUN160400CE,GOLD,28JUN2027,16040000.000000,1,OPTFUT,NCO,50.000000,10,False
129614,GOLD27JUN160700PE,GOLD,28JUN2027,16070000.000000,1,OPTFUT,NCO,50.000000,10,False
129627,GOLD27JUL161000CE,GOLD,29JUL2027,16100000.000000,1,OPTFUT,NCO,50.000000,10,False
129629,GOLD27JUL161100CE,GOLD,29JUL2027,16110000.000000,1,OPTFUT,NCO,50.000000,10,False
129639,SILVERM27JAN331000CE,SILVERM,21JAN2027,33100000.000000,1,OPTFUT,NCO,50.000000,120,False
129642,SILVERM27JAN331250PE,SILVERM,21JAN2027,33125000.000000,1,OPTFUT,NCO,50.000000,120,False
129643,SILVERM27JAN331500CE,SILVERM,21JAN2027,33150000.000000,1,OPTFUT,NCO,50.000000,120,False
129646,SILVERM27JAN331750PE,SILVERM,21JAN2027,33175000.000000,1,OPTFUT,NCO,50.000000,120,False
129649,SILVERM27JAN332250CE,SILVERM,21JAN2027,33225000.000000,1,OPTFUT,NCO,50.000000,120,False
129650,SILVERM27JAN332250PE,SILVERM,21JAN2027,33225000.000000,1,OPTFUT,NCO,50.000000,120,False
129652,SILVERM27JAN332500PE,SILVERM,21JAN2027,33250000.000000,1,OPTFUT,NCO,50.000000,120,False
129656,SILVERM27JAN333000PE,SILVERM,21JAN2027,33300000.000000,1,OPTFUT,NCO,50.000000,120,False
129672,SILVER27MAR247250CE,SILVER,02MAR2027,24725000.000000,1,OPTBLN,NCO,50.000000,20,False
129685,SILVER27MAR248500PE,SILVER,02MAR2027,24850000.000000,1,OPTBLN,NCO,50.000000,20,False
129687,SILVER27MAR248750PE,SILVER,02MAR2027,24875000.000000,1,OPTBLN,NCO,50.000000,20,False
129699,SILVER27MAR250250PE,SILVER,02MAR2027,25025000.000000,1,OPTBLN,NCO,50.000000,20,False
129700,SILVER27MAR250500CE,SILVER,02MAR2027,25050000.000000,1,OPTBLN,NCO,50.000000,20,False
129703,SILVER27MAR250750PE,SILVER,02MAR2027,25075000.000000,1,OPTBLN,NCO,50.000000,20,False
129714,SILVER27MAR252250CE,SILVER,02MAR2027,25225000.000000,1,OPTBLN,NCO,50.000000,20,False
129724,SILVERM26OCT172500PE,SILVERM,23OCT2026,17250000.000000,1,OPTFUT,NCO,50.000000,120,False
129732,SILVERM26OCT173500PE,SILVERM,23OCT2026,17350000.000000,1,OPTFUT,NCO,50.000000,120,False
129733,SILVERM26OCT173750CE,SILVERM,23OCT2026,17375000.000000,1,OPTFUT,NCO,50.000000,120,False
129735,SILVERM26OCT174000CE,SILVERM,23OCT2026,17400000.000000,1,OPTFUT,NCO,50.000000,120,False
129741,SILVERM26OCT174750CE,SILVERM,23OCT2026,17475000.000000,1,OPTFUT,NCO,50.000000,120,False
129747,SILVERM26OCT175500CE,SILVERM,23OCT2026,17550000.000000,1,OPTFUT,NCO,50.000000,120,False
129748,SILVERM26OCT175500PE,SILVERM,23OCT2026,17550000.000000,1,OPTFUT,NCO,50.000000,120,False
129752,SILVERM26OCT176000PE,SILVERM,23OCT2026,17600000.000000,1,OPTFUT,NCO,50.000000,120,False
129756,SILVERM26OCT176500PE,SILVERM,23OCT2026,17650000.000000,1,OPTFUT,NCO,50.000000,120,False
129757,SILVERM26OCT176750CE,SILVERM,23OCT2026,17675000.000000,1,OPTFUT,NCO,50.000000,120,False
129793,SILVER27MAR252750PE,SILVER,02MAR2027,25275000.000000,1,OPTBLN,NCO,50.000000,20,False
129801,GOLD27JUL161400CE,GOLD,29JUL2027,16140000.000000,1,OPTFUT,NCO,50.000000,10,False
129810,SILVER27MAR254000CE,SILVER,02MAR2027,25400000.000000,1,OPTBLN,NCO,50.000000,20,False
129812,SILVER27MAR254250CE,SILVER,02MAR2027,25425000.000000,1,OPTBLN,NCO,50.000000,20,False
129817,SILVERM27MAY250250PE,SILVERM,24MAY2027,25025000.000000,1,OPTFUT,NCO,50.000000,120,False
129823,SILVERM27MAY251000PE,SILVERM,24MAY2027,25100000.000000,1,OPTFUT,NCO,50.000000,120,False
129824,SILVERM27MAY251250CE,SILVERM,24MAY2027,25125000.000000,1,OPTFUT,NCO,50.000000,120,False
129835,SILVERM27MAY252500PE,SILVERM,24MAY2027,25250000.000000,1,OPTFUT,NCO,50.000000,120,False
129839,SILVERM27MAY253000PE,SILVERM,24MAY2027,25300000.000000,1,OPTFUT,NCO,50.000000,120,False
129841,SILVERM27MAY253250PE,SILVERM,24MAY2027,25325000.000000,1,OPTFUT,NCO,50.000000,120,False
129854,GOLD27MAR164000PE,GOLD,29MAR2027,16400000.000000,1,OPTFUT,NCO,50.000000,10,False
129881,GOLD27MAR165400CE,GOLD,29MAR2027,16540000.000000,1,OPTFUT,NCO,50.000000,10,False
129890,GOLD27MAR165800PE,GOLD,29MAR2027,16580000.000000,1,OPTFUT,NCO,50.000000,10,False
129927,GOLD27MAR167700CE,GOLD,29MAR2027,16770000.000000,1,OPTFUT,NCO,50.000000,10,False
129941,SILVERM27JUN244000CE,SILVERM,23JUN2027,24400000.000000,1,OPTFUT,NCO,50.000000,120,False
129953,SILVERM27JUN245500CE,SILVERM,23JUN2027,24550000.000000,1,OPTFUT,NCO,50.000000,120,False
129969,SILVERM27MAY254250CE,SILVERM,24MAY2027,25425000.000000,1,OPTFUT,NCO,50.000000,120,False
129973,SILVERM27APR234500PE,SILVERM,23APR2027,23450000.000000,1,OPTFUT,NCO,50.000000,120,False
129977,GOLD27MAR168100CE,GOLD,29MAR2027,16810000.000000,1,OPTFUT,NCO,50.000000,10,False
129987,GOLD27MAR168600CE,GOLD,29MAR2027,16860000.000000,1,OPTFUT,NCO,50.000000,10,False
130001,GOLD27MAR169300CE,GOLD,29MAR2027,16930000.000000,1,OPTFUT,NCO,50.000000,10,False
130018,GOLD27MAR170100PE,GOLD,29MAR2027,17010000.000000,1,OPTFUT,NCO,50.000000,10,False
130020,GOLD27MAR170200PE,GOLD,29MAR2027,17020000.000000,1,OPTFUT,NCO,50.000000,10,False
130021,SILVERM27MAY254250PE,SILVERM,24MAY2027,25425000.000000,1,OPTFUT,NCO,50.000000,120,False
130025,SILVERM27MAY254750PE,SILVERM,24MAY2027,25475000.000000,1,OPTFUT,NCO,50.000000,120,False
130036,SILVERM27MAY256250CE,SILVERM,24MAY2027,25625000.000000,1,OPTFUT,NCO,50.000000,120,False
130044,SILVERM27MAY257250CE,SILVERM,24MAY2027,25725000.000000,1,OPTFUT,NCO,50.000000,120,False
130094,GOLD27JUN151300PE,GOLD,28JUN2027,15130000.000000,1,OPTFUT,NCO,50.000000,10,False
130107,GOLD27JUN152000CE,GOLD,28JUN2027,15200000.000000,1,OPTFUT,NCO,50.000000,10,False
130117,GOLD27JUL161800CE,GOLD,29JUL2027,16180000.000000,1,OPTFUT,NCO,50.000000,10,False
130118,GOLD27JUL161800PE,GOLD,29JUL2027,16180000.000000,1,OPTFUT,NCO,50.000000,10,False
130122,GOLD27JUL162000PE,GOLD,29JUL2027,16200000.000000,1,OPTFUT,NCO,50.000000,10,False
130128,GOLDM26SEP153200PE,GOLDM,25SEP2026,15320000.000000,1,OPTFUT,NCO,50.000000,100,False
130132,GOLDM26SEP153400PE,GOLDM,25SEP2026,15340000.000000,1,OPTFUT,NCO,50.000000,100,False
130147,GOLDM26SEP154200CE,GOLDM,25SEP2026,15420000.000000,1,OPTFUT,NCO,50.000000,100,False
130155,SILVER27MAR254750CE,SILVER,02MAR2027,25475000.000000,1,OPTBLN,NCO,50.000000,20,False
130169,SILVER27MAR256500CE,SILVER,02MAR2027,25650000.000000,1,OPTBLN,NCO,50.000000,20,False
130178,CRUDEOIL26NOV11050PE,CRUDEOIL,10NOV2026,1105000.000000,1,OPTFUT,NCO,10.000000,100,False
130194,SILVERM27AUG241500PE,SILVERM,24AUG2027,24150000.000000,1,OPTFUT,NCO,50.000000,120,False
130204,GOLD27MAR170300PE,GOLD,29MAR2027,17030000.000000,1,OPTFUT,NCO,50.000000,10,False
130227,GOLD27APR162900CE,GOLD,28APR2027,16290000.000000,1,OPTFUT,NCO,50.000000,10,False
130229,GOLD27APR163000CE,GOLD,28APR2027,16300000.000000,1,OPTFUT,NCO,50.000000,10,False
130235,GOLD27APR163300CE,GOLD,28APR2027,16330000.000000,1,OPTFUT,NCO,50.000000,10,False
130240,GOLD27APR163500PE,GOLD,28APR2027,16350000.000000,1,OPTFUT,NCO,50.000000,10,False
130243,GOLD27APR163700CE,GOLD,28APR2027,16370000.000000,1,OPTFUT,NCO,50.000000,10,False
130253,GOLD27APR164200CE,GOLD,28APR2027,16420000.000000,1,OPTFUT,NCO,50.000000,10,False
130276,GOLD27APR165300PE,GOLD,28APR2027,16530000.000000,1,OPTFUT,NCO,50.000000,10,False
130298,GOLDM26SEP144500PE,GOLDM,25SEP2026,14450000.000000,1,OPTFUT,NCO,50.000000,100,False
130305,GOLD27APR165900PE,GOLD,28APR2027,16590000.000000,1,OPTFUT,NCO,50.000000,10,False
130332,SILVERM26OCT179000PE,SILVERM,23OCT2026,17900000.000000,1,OPTFUT,NCO,50.000000,120,False
130343,GOLD27APR166300PE,GOLD,28APR2027,16630000.000000,1,OPTFUT,NCO,50.000000,10,False
130346,GOLD26NOV138600PE,GOLD,27NOV2026,13860000.000000,1,OPTFUT,NCO,50.000000,10,False
130372,ZINC26OCT402.5PE,ZINC,23OCT2026,40250.000000,1,OPTFUT,NCO,1.000000,20,False
130400,SILVERM27MAR263500CE,SILVERM,24MAR2027,26350000.000000,1,OPTFUT,NCO,50.000000,120,False
130403,GOLD27APR166800PE,GOLD,28APR2027,16680000.000000,1,OPTFUT,NCO,50.000000,10,False
130408,SILVERM27MAY260250PE,SILVERM,24MAY2027,26025000.000000,1,OPTFUT,NCO,50.000000,120,False
130414,ZINC26OCT370CE,ZINC,23OCT2026,37000.000000,1,OPTFUT,NCO,1.000000,20,False
130456,GOLD27JUN150000PE,GOLD,28JUN2027,15000000.000000,1,OPTFUT,NCO,50.000000,10,False
130458,GOLD27JUN150100PE,GOLD,28JUN2027,15010000.000000,1,OPTFUT,NCO,50.000000,10,False
130462,GOLD27JUN150300PE,GOLD,28JUN2027,15030000.000000,1,OPTFUT,NCO,50.000000,10,False
130463,SILVERM27MAR263500PE,SILVERM,24MAR2027,26350000.000000,1,OPTFUT,NCO,50.000000,120,False
130479,GOLDM26OCT154500CE,GOLDM,29OCT2026,15450000.000000,1,OPTFUT,NCO,50.000000,100,False
130480,GOLDM26OCT154500PE,GOLDM,29OCT2026,15450000.000000,1,OPTFUT,NCO,50.000000,100,False
130485,SILVERM27AUG244750CE,SILVERM,24AUG2027,24475000.000000,1,OPTFUT,NCO,50.000000,120,False
130495,GOLD27JUN150600PE,GOLD,28JUN2027,15060000.000000,1,OPTFUT,NCO,50.000000,10,False
130502,COPPER26SEP1260CE,COPPER,23SEP2026,126000.000000,1,OPTFUT,NCO,1.000000,70,False
130520,SILVERM27JAN335500PE,SILVERM,21JAN2027,33550000.000000,1,OPTFUT,NCO,50.000000,120,False
130530,SILVERM27APR234750CE,SILVERM,23APR2027,23475000.000000,1,OPTFUT,NCO,50.000000,120,False
130531,SILVERM27APR234750PE,SILVERM,23APR2027,23475000.000000,1,OPTFUT,NCO,50.000000,120,False
130537,GOLD27APR167700PE,GOLD,28APR2027,16770000.000000,1,OPTFUT,NCO,50.000000,10,False
130547,ZINC26OCT385PE,ZINC,23OCT2026,38500.000000,1,OPTFUT,NCO,1.000000,20,False
130548,ZINC26OCT387.5CE,ZINC,23OCT2026,38750.000000,1,OPTFUT,NCO,1.000000,20,False
130561,ZINC26NOV455CE,ZINC,23NOV2026,45500.000000,1,OPTFUT,NCO,1.000000,20,False
130665,GOLD27APR167900PE,GOLD,28APR2027,16790000.000000,1,OPTFUT,NCO,50.000000,10,False
130673,GOLD27APR168300PE,GOLD,28APR2027,16830000.000000,1,OPTFUT,NCO,50.000000,10,False
130676,GOLD27APR168500CE,GOLD,28APR2027,16850000.000000,1,OPTFUT,NCO,50.000000,10,False
130685,GOLD27APR168900PE,GOLD,28APR2027,16890000.000000,1,OPTFUT,NCO,50.000000,10,False
130687,GOLD27APR169000PE,GOLD,28APR2027,16900000.000000,1,OPTFUT,NCO,50.000000,10,False
130694,GOLD27APR169200PE,GOLD,28APR2027,16920000.000000,1,OPTFUT,NCO,50.000000,10,False
130696,GOLD27APR169300PE,GOLD,28APR2027,16930000.000000,1,OPTFUT,NCO,50.000000,10,False
130699,GOLD27APR169500CE,GOLD,28APR2027,16950000.000000,1,OPTFUT,NCO,50.000000,10,False
130701,GOLD27APR169600CE,GOLD,28APR2027,16960000.000000,1,OPTFUT,NCO,50.000000,10,False
130702,GOLD27APR169600PE,GOLD,28APR2027,16960000.000000,1,OPTFUT,NCO,50.000000,10,False
130722,SILVERM27MAR270750CE,SILVERM,24MAR2027,27075000.000000,1,OPTFUT,NCO,50.000000,120,False
130712,GOLD27FEB168700PE,GOLD,26FEB2027,16870000.000000,1,OPTFUT,NCO,50.000000,10,False
130727,SILVERM27MAR271250PE,SILVERM,24MAR2027,27125000.000000,1,OPTFUT,NCO,50.000000,120,False
130749,GOLD27APR170100PE,GOLD,28APR2027,17010000.000000,1,OPTFUT,NCO,50.000000,10,False
130772,GOLD27APR171300CE,GOLD,28APR2027,17130000.000000,1,OPTFUT,NCO,50.000000,10,False
130789,GOLD27APR171500CE,GOLD,28APR2027,17150000.000000,1,OPTFUT,NCO,50.000000,10,False
130818,SILVERM26SEP145500CE,SILVERM,23SEP2026,14550000.000000,1,OPTFUT,NCO,50.000000,120,False
130821,SILVERM26SEP145750PE,SILVERM,23SEP2026,14575000.000000,1,OPTFUT,NCO,50.000000,120,False
130823,SILVERM27MAY263750CE,SILVERM,24MAY2027,26375000.000000,1,OPTFUT,NCO,50.000000,120,False
130840,SILVERM27MAY265750PE,SILVERM,24MAY2027,26575000.000000,1,OPTFUT,NCO,50.000000,120,False
130842,SILVERM27MAY266000PE,SILVERM,24MAY2027,26600000.000000,1,OPTFUT,NCO,50.000000,120,False
130846,GOLD27MAR144200CE,GOLD,29MAR2027,14420000.000000,1,OPTFUT,NCO,50.000000,10,False
130848,GOLD27MAR144300CE,GOLD,29MAR2027,14430000.000000,1,OPTFUT,NCO,50.000000,10,False
130849,GOLD27MAR144300PE,GOLD,29MAR2027,14430000.000000,1,OPTFUT,NCO,50.000000,10,False
130853,GOLD27MAR144500PE,GOLD,29MAR2027,14450000.000000,1,OPTFUT,NCO,50.000000,10,False
130891,GOLD27APR172200PE,GOLD,28APR2027,17220000.000000,1,OPTFUT,NCO,50.000000,10,False
130896,ZINC26OCT392.5PE,ZINC,23OCT2026,39250.000000,1,OPTFUT,NCO,1.000000,20,False
130905,GOLD27JUN151000PE,GOLD,28JUN2027,15100000.000000,1,OPTFUT,NCO,50.000000,10,False
130922,GOLD26DEC142400CE,GOLD,29DEC2026,14240000.000000,1,OPTFUT,NCO,50.000000,10,False
130923,GOLD26DEC142400PE,GOLD,29DEC2026,14240000.000000,1,OPTFUT,NCO,50.000000,10,False
130925,SILVERM27JAN335750CE,SILVERM,21JAN2027,33575000.000000,1,OPTFUT,NCO,50.000000,120,False
130958,SILVERM27JAN339750PE,SILVERM,21JAN2027,33975000.000000,1,OPTFUT,NCO,50.000000,120,False
130987,GOLD27FEB170900PE,GOLD,26FEB2027,17090000.000000,1,OPTFUT,NCO,50.000000,10,False
130988,GOLD27FEB171000CE,GOLD,26FEB2027,17100000.000000,1,OPTFUT,NCO,50.000000,10,False
131006,GOLD27MAR151800PE,GOLD,29MAR2027,15180000.000000,1,OPTFUT,NCO,50.000000,10,False
131015,GOLD27JUN148000CE,GOLD,28JUN2027,14800000.000000,1,OPTFUT,NCO,50.000000,10,False
131053,GOLDM26SEP144300CE,GOLDM,25SEP2026,14430000.000000,1,OPTFUT,NCO,50.000000,100,False
131057,SILVER26DEC197250CE,SILVER,01DEC2026,19725000.000000,1,OPTBLN,NCO,50.000000,20,False
131060,SILVER26DEC197500PE,SILVER,01DEC2026,19750000.000000,1,OPTBLN,NCO,50.000000,20,False
131064,SILVER26DEC198000PE,SILVER,01DEC2026,19800000.000000,1,OPTBLN,NCO,50.000000,20,False
131068,SILVERM27MAY266750CE,SILVERM,24MAY2027,26675000.000000,1,OPTFUT,NCO,50.000000,120,False
131078,GOLD27MAR152300CE,GOLD,29MAR2027,15230000.000000,1,OPTFUT,NCO,50.000000,10,False
131097,GOLD27APR152800PE,GOLD,28APR2027,15280000.000000,1,OPTFUT,NCO,50.000000,10,False
131107,GOLD27JUN148400CE,GOLD,28JUN2027,14840000.000000,1,OPTFUT,NCO,50.000000,10,False
131119,GOLD27JUN149000CE,GOLD,28JUN2027,14900000.000000,1,OPTFUT,NCO,50.000000,10,False
131142,GOLDM26SEP155400CE,GOLDM,25SEP2026,15540000.000000,1,OPTFUT,NCO,50.000000,100,False
131146,GOLDM26SEP155600CE,GOLDM,25SEP2026,15560000.000000,1,OPTFUT,NCO,50.000000,100,False
131151,GOLDM26OCT155100PE,GOLDM,29OCT2026,15510000.000000,1,OPTFUT,NCO,50.000000,100,False
131211,SILVERM26SEP146500PE,SILVERM,23SEP2026,14650000.000000,1,OPTFUT,NCO,50.000000,120,False
131212,SILVERM26SEP146750CE,SILVERM,23SEP2026,14675000.000000,1,OPTFUT,NCO,50.000000,120,False
131217,SILVERM26SEP147250PE,SILVERM,23SEP2026,14725000.000000,1,OPTFUT,NCO,50.000000,120,False
131234,SILVERM26SEP149500CE,SILVERM,23SEP2026,14950000.000000,1,OPTFUT,NCO,50.000000,120,False
131279,SILVERM26SEP200500PE,SILVERM,23SEP2026,20050000.000000,1,OPTFUT,NCO,50.000000,120,False
131284,SILVERM26SEP201250CE,SILVERM,23SEP2026,20125000.000000,1,OPTFUT,NCO,50.000000,120,False
131302,SILVERM26SEP203500CE,SILVERM,23SEP2026,20350000.000000,1,OPTFUT,NCO,50.000000,120,False
131304,SILVERM26SEP203750CE,SILVERM,23SEP2026,20375000.000000,1,OPTFUT,NCO,50.000000,120,False
131320,SILVERM26OCT202250CE,SILVERM,23OCT2026,20225000.000000,1,OPTFUT,NCO,50.000000,120,False
131323,SILVERM26OCT202500PE,SILVERM,23OCT2026,20250000.000000,1,OPTFUT,NCO,50.000000,120,False
131330,SILVERM26OCT203500CE,SILVERM,23OCT2026,20350000.000000,1,OPTFUT,NCO,50.000000,120,False
131331,GOLD27MAR145500CE,GOLD,29MAR2027,14550000.000000,1,OPTFUT,NCO,50.000000,10,False
131345,GOLDM26SEP141800CE,GOLDM,25SEP2026,14180000.000000,1,OPTFUT,NCO,50.000000,100,False
131346,GOLDM26SEP141800PE,GOLDM,25SEP2026,14180000.000000,1,OPTFUT,NCO,50.000000,100,False
131374,GOLD27APR153100CE,GOLD,28APR2027,15310000.000000,1,OPTFUT,NCO,50.000000,10,False
131379,GOLD27MAR145900CE,GOLD,29MAR2027,14590000.000000,1,OPTFUT,NCO,50.000000,10,False
131385,GOLD27MAR146200CE,GOLD,29MAR2027,14620000.000000,1,OPTFUT,NCO,50.000000,10,False
131389,SILVERM27JUL253000CE,SILVERM,23JUL2027,25300000.000000,1,OPTFUT,NCO,50.000000,120,False
131393,SILVERM27JUL253500CE,SILVERM,23JUL2027,25350000.000000,1,OPTFUT,NCO,50.000000,120,False
131405,GOLD27FEB171600PE,GOLD,26FEB2027,17160000.000000,1,OPTFUT,NCO,50.000000,10,False
131413,SILVERM26SEP151750PE,SILVERM,23SEP2026,15175000.000000,1,OPTFUT,NCO,50.000000,120,False
131417,SILVERM26SEP152250PE,SILVERM,23SEP2026,15225000.000000,1,OPTFUT,NCO,50.000000,120,False
131422,SILVERM26SEP153000CE,SILVERM,23SEP2026,15300000.000000,1,OPTFUT,NCO,50.000000,120,False
131427,SILVERM26SEP153500PE,SILVERM,23SEP2026,15350000.000000,1,OPTFUT,NCO,50.000000,120,False
131429,SILVERM26SEP153750PE,SILVERM,23SEP2026,15375000.000000,1,OPTFUT,NCO,50.000000,120,False
131440,SILVERM26OCT204500CE,SILVERM,23OCT2026,20450000.000000,1,OPTFUT,NCO,50.000000,120,False
131445,SILVERM26OCT205000PE,SILVERM,23OCT2026,20500000.000000,1,OPTFUT,NCO,50.000000,120,False
131446,SILVERM26NOV202500CE,SILVERM,23NOV2026,20250000.000000,1,OPTFUT,NCO,50.000000,120,False
131458,SILVERM26NOV204000CE,SILVERM,23NOV2026,20400000.000000,1,OPTFUT,NCO,50.000000,120,False
131482,GOLD27FEB172000PE,GOLD,26FEB2027,17200000.000000,1,OPTFUT,NCO,50.000000,10,False
131484,GOLD27FEB172100PE,GOLD,26FEB2027,17210000.000000,1,OPTFUT,NCO,50.000000,10,False
131485,GOLD27FEB172200CE,GOLD,26FEB2027,17220000.000000,1,OPTFUT,NCO,50.000000,10,False
131486,GOLD27FEB172200PE,GOLD,26FEB2027,17220000.000000,1,OPTFUT,NCO,50.000000,10,False
131491,GOLD26DEC142700PE,GOLD,29DEC2026,14270000.000000,1,OPTFUT,NCO,50.000000,10,False
131503,GOLD26DEC143300PE,GOLD,29DEC2026,14330000.000000,1,OPTFUT,NCO,50.000000,10,False
131507,GOLD26DEC143500PE,GOLD,29DEC2026,14350000.000000,1,OPTFUT,NCO,50.000000,10,False
131553,GOLD27FEB172800CE,GOLD,26FEB2027,17280000.000000,1,OPTFUT,NCO,50.000000,10,False
131512,GOLD26DEC143800CE,GOLD,29DEC2026,14380000.000000,1,OPTFUT,NCO,50.000000,10,False
131525,SILVERM27JAN341250CE,SILVERM,21JAN2027,34125000.000000,1,OPTFUT,NCO,50.000000,120,False
131540,SILVERM27JAN343000PE,SILVERM,21JAN2027,34300000.000000,1,OPTFUT,NCO,50.000000,120,False
131567,GOLD27FEB173500CE,GOLD,26FEB2027,17350000.000000,1,OPTFUT,NCO,50.000000,10,False
131574,SILVERM27APR223250PE,SILVERM,23APR2027,22325000.000000,1,OPTFUT,NCO,50.000000,120,False
131584,SILVERM27MAY224500PE,SILVERM,24MAY2027,22450000.000000,1,OPTFUT,NCO,50.000000,120,False
131597,SILVERM27JUN226000CE,SILVERM,23JUN2027,22600000.000000,1,OPTFUT,NCO,50.000000,120,False
131601,GOLDM26SEP142400CE,GOLDM,25SEP2026,14240000.000000,1,OPTFUT,NCO,50.000000,100,False
131626,SILVERM27JUN230500PE,SILVERM,23JUN2027,23050000.000000,1,OPTFUT,NCO,50.000000,120,False
131659,SILVERM27JUN231250CE,SILVERM,23JUN2027,23125000.000000,1,OPTFUT,NCO,50.000000,120,False
131661,NATURALGAS26SEP215CE,NATURALGAS,21SEP2026,21500.000000,1,OPTFUT,NCO,5.000000,48,False
131664,NATURALGAS26SEP220PE,NATURALGAS,21SEP2026,22000.000000,1,OPTFUT,NCO,5.000000,48,False
131671,SILVERM27JUN226750CE,SILVERM,23JUN2027,22675000.000000,1,OPTFUT,NCO,50.000000,120,False
131672,SILVERM27JUN226750PE,SILVERM,23JUN2027,22675000.000000,1,OPTFUT,NCO,50.000000,120,False
131683,SILVERM27JUL253750CE,SILVERM,23JUL2027,25375000.000000,1,OPTFUT,NCO,50.000000,120,False
131687,SILVERM27JUL254250CE,SILVERM,23JUL2027,25425000.000000,1,OPTFUT,NCO,50.000000,120,False
131708,SILVER26DEC261000PE,SILVER,01DEC2026,26100000.000000,1,OPTBLN,NCO,50.000000,20,False
131739,SILVERM26SEP154500PE,SILVERM,23SEP2026,15450000.000000,1,OPTFUT,NCO,50.000000,120,False
131745,SILVERM26SEP155250PE,SILVERM,23SEP2026,15525000.000000,1,OPTFUT,NCO,50.000000,120,False
131746,SILVERM26SEP155500CE,SILVERM,23SEP2026,15550000.000000,1,OPTFUT,NCO,50.000000,120,False
131748,SILVERM26SEP155750CE,SILVERM,23SEP2026,15575000.000000,1,OPTFUT,NCO,50.000000,120,False
131756,SILVERM26SEP156750CE,SILVERM,23SEP2026,15675000.000000,1,OPTFUT,NCO,50.000000,120,False
131768,GOLD27MAY154300CE,GOLD,28MAY2027,15430000.000000,1,OPTFUT,NCO,50.000000,10,False
131770,GOLD27MAY154400CE,GOLD,28MAY2027,15440000.000000,1,OPTFUT,NCO,50.000000,10,False
131773,GOLD27MAY154500PE,GOLD,28MAY2027,15450000.000000,1,OPTFUT,NCO,50.000000,10,False
131780,GOLD27MAY154900CE,GOLD,28MAY2027,15490000.000000,1,OPTFUT,NCO,50.000000,10,False
131782,GOLD27MAY155000CE,GOLD,28MAY2027,15500000.000000,1,OPTFUT,NCO,50.000000,10,False
131790,GOLD27MAY155400CE,GOLD,28MAY2027,15540000.000000,1,OPTFUT,NCO,50.000000,10,False
131794,GOLD27MAY155600CE,GOLD,28MAY2027,15560000.000000,1,OPTFUT,NCO,50.000000,10,False
131811,GOLD27JUN147700CE,GOLD,28JUN2027,14770000.000000,1,OPTFUT,NCO,50.000000,10,False
131818,GOLDM26SEP140700PE,GOLDM,25SEP2026,14070000.000000,1,OPTFUT,NCO,50.000000,100,False
131821,GOLDM26SEP140900CE,GOLDM,25SEP2026,14090000.000000,1,OPTFUT,NCO,50.000000,100,False
131834,GOLD27MAY155900PE,GOLD,28MAY2027,15590000.000000,1,OPTFUT,NCO,50.000000,10,False
131847,SILVER26DEC261750CE,SILVER,01DEC2026,26175000.000000,1,OPTBLN,NCO,50.000000,20,False
131852,SILVER26DEC193500PE,SILVER,01DEC2026,19350000.000000,1,OPTBLN,NCO,50.000000,20,False
131857,SILVERM27JAN343500CE,SILVERM,21JAN2027,34350000.000000,1,OPTFUT,NCO,50.000000,120,False
131861,GOLD27MAY156200CE,GOLD,28MAY2027,15620000.000000,1,OPTFUT,NCO,50.000000,10,False
131884,GOLD27JUN162900PE,GOLD,28JUN2027,16290000.000000,1,OPTFUT,NCO,50.000000,10,False
131899,GOLD27MAY156300PE,GOLD,28MAY2027,15630000.000000,1,OPTFUT,NCO,50.000000,10,False
148771,SILVERM26DEC230250CE,SILVERM,23DEC2026,23025000.000000,1,OPTFUT,NCO,50.000000,120,False
148773,SILVERM26DEC230500CE,SILVERM,23DEC2026,23050000.000000,1,OPTFUT,NCO,50.000000,120,False
148781,SILVERM26DEC231500CE,SILVERM,23DEC2026,23150000.000000,1,OPTFUT,NCO,50.000000,120,False
148784,SILVERM26DEC231750PE,SILVERM,23DEC2026,23175000.000000,1,OPTFUT,NCO,50.000000,120,False
131901,GOLD27MAY156400PE,GOLD,28MAY2027,15640000.000000,1,OPTFUT,NCO,50.000000,10,False
131902,GOLD27MAY156500CE,GOLD,28MAY2027,15650000.000000,1,OPTFUT,NCO,50.000000,10,False
131935,GOLD27APR144900CE,GOLD,28APR2027,14490000.000000,1,OPTFUT,NCO,50.000000,10,False
131946,GOLD26DEC144100PE,GOLD,29DEC2026,14410000.000000,1,OPTFUT,NCO,50.000000,10,False
148842,SILVERM26DEC232750PE,SILVERM,23DEC2026,23275000.000000,1,OPTFUT,NCO,50.000000,120,False
148843,SILVERM26DEC233000CE,SILVERM,23DEC2026,23300000.000000,1,OPTFUT,NCO,50.000000,120,False
148875,GOLD26SEP167700CE,GOLD,25SEP2026,16770000.000000,1,OPTFUT,NCO,50.000000,10,False
148878,GOLD26SEP167800PE,GOLD,25SEP2026,16780000.000000,1,OPTFUT,NCO,50.000000,10,False
148883,GOLD26SEP168100CE,GOLD,25SEP2026,16810000.000000,1,OPTFUT,NCO,50.000000,10,False
148892,GOLD26OCT164600PE,GOLD,29OCT2026,16460000.000000,1,OPTFUT,NCO,50.000000,10,False
148917,SILVERM26DEC236000CE,SILVERM,23DEC2026,23600000.000000,1,OPTFUT,NCO,50.000000,120,False
148926,SILVERM27JAN214500PE,SILVERM,21JAN2027,21450000.000000,1,OPTFUT,NCO,50.000000,120,False
131949,GOLD26DEC144300CE,GOLD,29DEC2026,14430000.000000,1,OPTFUT,NCO,50.000000,10,False
131982,SILVER26DEC191500PE,SILVER,01DEC2026,19150000.000000,1,OPTBLN,NCO,50.000000,20,False
131999,GOLD26DEC144800CE,GOLD,29DEC2026,14480000.000000,1,OPTFUT,NCO,50.000000,10,False
132000,GOLD26DEC144800PE,GOLD,29DEC2026,14480000.000000,1,OPTFUT,NCO,50.000000,10,False
148927,SILVERM27JAN214750CE,SILVERM,21JAN2027,21475000.000000,1,OPTFUT,NCO,50.000000,120,False
148929,SILVERM27JAN215000CE,SILVERM,21JAN2027,21500000.000000,1,OPTFUT,NCO,50.000000,120,False
148939,SILVERM27JAN216250CE,SILVERM,21JAN2027,21625000.000000,1,OPTFUT,NCO,50.000000,120,False
148944,SILVERM27JAN216750PE,SILVERM,21JAN2027,21675000.000000,1,OPTFUT,NCO,50.000000,120,False
132006,GOLD27JUL164500CE,GOLD,29JUL2027,16450000.000000,1,OPTFUT,NCO,50.000000,10,False
132009,GOLD27JUL164600PE,GOLD,29JUL2027,16460000.000000,1,OPTFUT,NCO,50.000000,10,False
132039,GOLDM26SEP156100CE,GOLDM,25SEP2026,15610000.000000,1,OPTFUT,NCO,50.000000,100,False
132044,GOLDM26SEP156300PE,GOLDM,25SEP2026,15630000.000000,1,OPTFUT,NCO,50.000000,100,False
149245,SILVERM26SEP274000CE,SILVERM,23SEP2026,27400000.000000,1,OPTFUT,NCO,50.000000,120,False
149246,SILVERM26SEP274000PE,SILVERM,23SEP2026,27400000.000000,1,OPTFUT,NCO,50.000000,120,False
149247,SILVERM26SEP274250CE,SILVERM,23SEP2026,27425000.000000,1,OPTFUT,NCO,50.000000,120,False
149264,SILVERM26SEP276250PE,SILVERM,23SEP2026,27625000.000000,1,OPTFUT,NCO,50.000000,120,False
149275,SILVERM26SEP277750CE,SILVERM,23SEP2026,27775000.000000,1,OPTFUT,NCO,50.000000,120,False
149278,SILVERM26SEP278000PE,SILVERM,23SEP2026,27800000.000000,1,OPTFUT,NCO,50.000000,120,False
149302,SILVERM26OCT276000PE,SILVERM,23OCT2026,27600000.000000,1,OPTFUT,NCO,50.000000,120,False
149303,SILVERM26OCT276250CE,SILVERM,23OCT2026,27625000.000000,1,OPTFUT,NCO,50.000000,120,False
132055,SILVER26DEC192000PE,SILVER,01DEC2026,19200000.000000,1,OPTBLN,NCO,50.000000,20,False
132072,GOLDM26SEP156900PE,GOLDM,25SEP2026,15690000.000000,1,OPTFUT,NCO,50.000000,100,False
132077,GOLDM26OCT156800CE,GOLDM,29OCT2026,15680000.000000,1,OPTFUT,NCO,50.000000,100,False
132083,GOLD27APR145300CE,GOLD,28APR2027,14530000.000000,1,OPTFUT,NCO,50.000000,10,False
149319,SILVERM26OCT278250CE,SILVERM,23OCT2026,27825000.000000,1,OPTFUT,NCO,50.000000,120,False
149323,SILVERM26OCT278750CE,SILVERM,23OCT2026,27875000.000000,1,OPTFUT,NCO,50.000000,120,False
149350,SILVERM26NOV277000PE,SILVERM,23NOV2026,27700000.000000,1,OPTFUT,NCO,50.000000,120,False
149363,SILVERM26NOV278750CE,SILVERM,23NOV2026,27875000.000000,1,OPTFUT,NCO,50.000000,120,False
132086,GOLDM26OCT156900PE,GOLDM,29OCT2026,15690000.000000,1,OPTFUT,NCO,50.000000,100,False
132106,SILVERM27JUN255250PE,SILVERM,23JUN2027,25525000.000000,1,OPTFUT,NCO,50.000000,120,False
132147,SILVERM27FEB276250CE,SILVERM,19FEB2027,27625000.000000,1,OPTFUT,NCO,50.000000,120,False
132150,SILVERM27FEB276500PE,SILVERM,19FEB2027,27650000.000000,1,OPTFUT,NCO,50.000000,120,False
149375,SILVERM26NOV280250CE,SILVERM,23NOV2026,28025000.000000,1,OPTFUT,NCO,50.000000,120,False
149383,SILVERM26NOV281250CE,SILVERM,23NOV2026,28125000.000000,1,OPTFUT,NCO,50.000000,120,False
149396,SILVERM26NOV282750PE,SILVERM,23NOV2026,28275000.000000,1,OPTFUT,NCO,50.000000,120,False
149421,SILVERM26DEC281000CE,SILVERM,23DEC2026,28100000.000000,1,OPTFUT,NCO,50.000000,120,False
149442,SILVERM26DEC283500PE,SILVERM,23DEC2026,28350000.000000,1,OPTFUT,NCO,50.000000,120,False
149446,SILVERM26DEC284000PE,SILVERM,23DEC2026,28400000.000000,1,OPTFUT,NCO,50.000000,120,False
149448,SILVERM26DEC284250PE,SILVERM,23DEC2026,28425000.000000,1,OPTFUT,NCO,50.000000,120,False
149460,GOLD26OCT165100PE,GOLD,29OCT2026,16510000.000000,1,OPTFUT,NCO,50.000000,10,False
132151,SILVERM27FEB276750CE,SILVERM,19FEB2027,27675000.000000,1,OPTFUT,NCO,50.000000,120,False
132191,SILVERM27JUL257500PE,SILVERM,23JUL2027,25750000.000000,1,OPTFUT,NCO,50.000000,120,False
132193,SILVERM27JUL257750PE,SILVERM,23JUL2027,25775000.000000,1,OPTFUT,NCO,50.000000,120,False
132200,ZINC26SEP422.5CE,ZINC,23SEP2026,42250.000000,1,OPTFUT,NCO,1.000000,20,False
149480,SILVERM27JAN218750PE,SILVERM,21JAN2027,21875000.000000,1,OPTFUT,NCO,50.000000,120,False
149486,SILVERM27JAN219500PE,SILVERM,21JAN2027,21950000.000000,1,OPTFUT,NCO,50.000000,120,False
149501,SILVERM27JAN221500CE,SILVERM,21JAN2027,22150000.000000,1,OPTFUT,NCO,50.000000,120,False
149515,SILVERM27JAN223250CE,SILVERM,21JAN2027,22325000.000000,1,OPTFUT,NCO,50.000000,120,False
132202,ZINC26OCT425CE,ZINC,23OCT2026,42500.000000,1,OPTFUT,NCO,1.000000,20,False
132203,ZINC26OCT425PE,ZINC,23OCT2026,42500.000000,1,OPTFUT,NCO,1.000000,20,False
132235,GOLD27APR145400CE,GOLD,28APR2027,14540000.000000,1,OPTFUT,NCO,50.000000,10,False
132237,GOLD27APR145500CE,GOLD,28APR2027,14550000.000000,1,OPTFUT,NCO,50.000000,10,False
149527,SILVERM27JAN224750CE,SILVERM,21JAN2027,22475000.000000,1,OPTFUT,NCO,50.000000,120,False
149540,SILVERM27JAN226250PE,SILVERM,21JAN2027,22625000.000000,1,OPTFUT,NCO,50.000000,120,False
149541,SILVERM27JAN226500CE,SILVERM,21JAN2027,22650000.000000,1,OPTFUT,NCO,50.000000,120,False
149542,SILVERM27JAN226500PE,SILVERM,21JAN2027,22650000.000000,1,OPTFUT,NCO,50.000000,120,False
132243,GOLD27APR145800CE,GOLD,28APR2027,14580000.000000,1,OPTFUT,NCO,50.000000,10,False
132253,GOLD27APR146300CE,GOLD,28APR2027,14630000.000000,1,OPTFUT,NCO,50.000000,10,False
132259,GOLD27APR146600CE,GOLD,28APR2027,14660000.000000,1,OPTFUT,NCO,50.000000,10,False
132261,ZINC26SEP425PE,ZINC,23SEP2026,42500.000000,1,OPTFUT,NCO,1.000000,20,False
149548,SILVERM27JAN227250PE,SILVERM,21JAN2027,22725000.000000,1,OPTFUT,NCO,50.000000,120,False
149549,SILVERM27JAN227500CE,SILVERM,21JAN2027,22750000.000000,1,OPTFUT,NCO,50.000000,120,False
149564,SILVERM27JAN229250PE,SILVERM,21JAN2027,22925000.000000,1,OPTFUT,NCO,50.000000,120,False
149579,SILVERM27JAN231250CE,SILVERM,21JAN2027,23125000.000000,1,OPTFUT,NCO,50.000000,120,False
149585,SILVERM27JAN232000CE,SILVERM,21JAN2027,23200000.000000,1,OPTFUT,NCO,50.000000,120,False
149588,SILVERM27JAN232250PE,SILVERM,21JAN2027,23225000.000000,1,OPTFUT,NCO,50.000000,120,False
149593,SILVERM27JAN233000CE,SILVERM,21JAN2027,23300000.000000,1,OPTFUT,NCO,50.000000,120,False
149599,SILVERM27JAN233750CE,SILVERM,21JAN2027,23375000.000000,1,OPTFUT,NCO,50.000000,120,False
132263,ZINC26OCT427.5PE,ZINC,23OCT2026,42750.000000,1,OPTFUT,NCO,1.000000,20,False
132265,ZINC26NOV430PE,ZINC,23NOV2026,43000.000000,1,OPTFUT,NCO,1.000000,20,False
132315,GOLD27JUL165400PE,GOLD,29JUL2027,16540000.000000,1,OPTFUT,NCO,50.000000,10,False
132340,GOLDM26SEP140200CE,GOLDM,25SEP2026,14020000.000000,1,OPTFUT,NCO,50.000000,100,False
149605,SILVERM27JAN234500CE,SILVERM,21JAN2027,23450000.000000,1,OPTFUT,NCO,50.000000,120,False
149626,SILVERM27JAN237000PE,SILVERM,21JAN2027,23700000.000000,1,OPTFUT,NCO,50.000000,120,False
149640,SILVERM27JAN238750PE,SILVERM,21JAN2027,23875000.000000,1,OPTFUT,NCO,50.000000,120,False
149915,SILVERM27FEB215250CE,SILVERM,19FEB2027,21525000.000000,1,OPTFUT,NCO,50.000000,120,False
132359,SILVERM27MAR219000PE,SILVERM,24MAR2027,21900000.000000,1,OPTFUT,NCO,50.000000,120,False
132365,SILVERM27MAR219750PE,SILVERM,24MAR2027,21975000.000000,1,OPTFUT,NCO,50.000000,120,False
132426,GOLD26DEC145500CE,GOLD,29DEC2026,14550000.000000,1,OPTFUT,NCO,50.000000,10,False
132434,GOLD26DEC145900CE,GOLD,29DEC2026,14590000.000000,1,OPTFUT,NCO,50.000000,10,False
149916,SILVERM27FEB215250PE,SILVERM,19FEB2027,21525000.000000,1,OPTFUT,NCO,50.000000,120,False
149929,SILVERM27FEB217000CE,SILVERM,19FEB2027,21700000.000000,1,OPTFUT,NCO,50.000000,120,False
149937,SILVERM27FEB218000CE,SILVERM,19FEB2027,21800000.000000,1,OPTFUT,NCO,50.000000,120,False
149945,SILVERM27FEB219000CE,SILVERM,19FEB2027,21900000.000000,1,OPTFUT,NCO,50.000000,120,False
132444,SILVERM27JAN346500PE,SILVERM,21JAN2027,34650000.000000,1,OPTFUT,NCO,50.000000,120,False
132454,SILVERM27JAN347750PE,SILVERM,21JAN2027,34775000.000000,1,OPTFUT,NCO,50.000000,120,False
132465,SILVERM27MAR220000CE,SILVERM,24MAR2027,22000000.000000,1,OPTFUT,NCO,50.000000,120,False
132467,SILVERM27MAR220250CE,SILVERM,24MAR2027,22025000.000000,1,OPTFUT,NCO,50.000000,120,False
150142,GOLD26SEP148800PE,GOLD,25SEP2026,14880000.000000,1,OPTFUT,NCO,50.000000,10,False
150144,GOLD26SEP148900PE,GOLD,25SEP2026,14890000.000000,1,OPTFUT,NCO,50.000000,10,False
150148,GOLD26SEP149100PE,GOLD,25SEP2026,14910000.000000,1,OPTFUT,NCO,50.000000,10,False
150163,GOLD26SEP149900CE,GOLD,25SEP2026,14990000.000000,1,OPTFUT,NCO,50.000000,10,False
132477,SILVERM27APR220000CE,SILVERM,23APR2027,22000000.000000,1,OPTFUT,NCO,50.000000,120,False
132487,SILVERM27APR221250CE,SILVERM,23APR2027,22125000.000000,1,OPTFUT,NCO,50.000000,120,False
132551,SILVERM27MAY222750CE,SILVERM,24MAY2027,22275000.000000,1,OPTFUT,NCO,50.000000,120,False
132553,SILVERM27MAY223000CE,SILVERM,24MAY2027,22300000.000000,1,OPTFUT,NCO,50.000000,120,False
150171,GOLD26OCT149600CE,GOLD,29OCT2026,14960000.000000,1,OPTFUT,NCO,50.000000,10,False
150183,GOLD26OCT150200CE,GOLD,29OCT2026,15020000.000000,1,OPTFUT,NCO,50.000000,10,False
150193,GOLD26OCT150700CE,GOLD,29OCT2026,15070000.000000,1,OPTFUT,NCO,50.000000,10,False
150198,GOLD26NOV150100PE,GOLD,27NOV2026,15010000.000000,1,OPTFUT,NCO,50.000000,10,False
132559,SILVERM27JUN222250CE,SILVERM,23JUN2027,22225000.000000,1,OPTFUT,NCO,50.000000,120,False
132564,SILVERM27JUN222750PE,SILVERM,23JUN2027,22275000.000000,1,OPTFUT,NCO,50.000000,120,False
132618,GOLD26OCT139400CE,GOLD,29OCT2026,13940000.000000,1,OPTFUT,NCO,50.000000,10,False
132628,GOLD26OCT139900CE,GOLD,29OCT2026,13990000.000000,1,OPTFUT,NCO,50.000000,10,False
150225,GOLD26DEC150800CE,GOLD,29DEC2026,15080000.000000,1,OPTFUT,NCO,50.000000,10,False
150233,GOLD26DEC151200CE,GOLD,29DEC2026,15120000.000000,1,OPTFUT,NCO,50.000000,10,False
150242,GOLD26DEC151600PE,GOLD,29DEC2026,15160000.000000,1,OPTFUT,NCO,50.000000,10,False
150252,GOLD26DEC152100PE,GOLD,29DEC2026,15210000.000000,1,OPTFUT,NCO,50.000000,10,False
132644,GOLD26OCT140700CE,GOLD,29OCT2026,14070000.000000,1,OPTFUT,NCO,50.000000,10,False
132648,GOLD26OCT140900CE,GOLD,29OCT2026,14090000.000000,1,OPTFUT,NCO,50.000000,10,False
132651,GOLD26OCT141000PE,GOLD,29OCT2026,14100000.000000,1,OPTFUT,NCO,50.000000,10,False
132664,GOLD26OCT141700CE,GOLD,29OCT2026,14170000.000000,1,OPTFUT,NCO,50.000000,10,False
150253,GOLD26DEC152200CE,GOLD,29DEC2026,15220000.000000,1,OPTFUT,NCO,50.000000,10,False
150263,SILVERM27FEB223000CE,SILVERM,19FEB2027,22300000.000000,1,OPTFUT,NCO,50.000000,120,False
150265,SILVERM27FEB223250CE,SILVERM,19FEB2027,22325000.000000,1,OPTFUT,NCO,50.000000,120,False
150277,SILVERM27FEB224750CE,SILVERM,19FEB2027,22475000.000000,1,OPTFUT,NCO,50.000000,120,False
150293,SILVERM27FEB226750CE,SILVERM,19FEB2027,22675000.000000,1,OPTFUT,NCO,50.000000,120,False
150299,SILVERM27FEB227500CE,SILVERM,19FEB2027,22750000.000000,1,OPTFUT,NCO,50.000000,120,False
150305,SILVERM27FEB228250CE,SILVERM,19FEB2027,22825000.000000,1,OPTFUT,NCO,50.000000,120,False
150350,GOLD26OCT165800PE,GOLD,29OCT2026,16580000.000000,1,OPTFUT,NCO,50.000000,10,False
132699,GOLD26NOV140500PE,GOLD,27NOV2026,14050000.000000,1,OPTFUT,NCO,50.000000,10,False
132712,COPPER26NOV1470PE,COPPER,23NOV2026,147000.000000,1,OPTFUT,NCO,1.000000,70,False
132715,COPPER26NOV1480CE,COPPER,23NOV2026,148000.000000,1,OPTFUT,NCO,1.000000,70,False
132742,CRUDEOILM27FEBFUT,CRUDEOILM,19FEB2027,-1.000000,1,FUTENR,NCO,100.000000,1000,False
150355,GOLD26OCT166100CE,GOLD,29OCT2026,16610000.000000,1,OPTFUT,NCO,50.000000,10,False
150377,GOLD26OCT167200CE,GOLD,29OCT2026,16720000.000000,1,OPTFUT,NCO,50.000000,10,False
150380,GOLD26OCT167300PE,GOLD,29OCT2026,16730000.000000,1,OPTFUT,NCO,50.000000,10,False
150390,GOLD26OCT167800PE,GOLD,29OCT2026,16780000.000000,1,OPTFUT,NCO,50.000000,10,False
132752,GOLD27APR146700PE,GOLD,28APR2027,14670000.000000,1,OPTFUT,NCO,50.000000,10,False
132753,GOLD27APR146800CE,GOLD,28APR2027,14680000.000000,1,OPTFUT,NCO,50.000000,10,False
132760,CRUDEOIL26NOV5850PE,CRUDEOIL,10NOV2026,585000.000000,1,OPTFUT,NCO,10.000000,100,False
132775,CRUDEOIL26OCT5700CE,CRUDEOIL,08OCT2026,570000.000000,1,OPTFUT,NCO,10.000000,100,False
150391,GOLD26OCT167900CE,GOLD,29OCT2026,16790000.000000,1,OPTFUT,NCO,50.000000,10,False
150409,GOLD26OCT168800CE,GOLD,29OCT2026,16880000.000000,1,OPTFUT,NCO,50.000000,10,False
150415,GOLD26NOV165200CE,GOLD,27NOV2026,16520000.000000,1,OPTFUT,NCO,50.000000,10,False
150422,GOLD26NOV165500PE,GOLD,27NOV2026,16550000.000000,1,OPTFUT,NCO,50.000000,10,False
150435,GOLD26NOV166200CE,GOLD,27NOV2026,16620000.000000,1,OPTFUT,NCO,50.000000,10,False
150440,GOLD26NOV166400PE,GOLD,27NOV2026,16640000.000000,1,OPTFUT,NCO,50.000000,10,False
150447,GOLD26NOV166800CE,GOLD,27NOV2026,16680000.000000,1,OPTFUT,NCO,50.000000,10,False
150459,GOLD26NOV167400CE,GOLD,27NOV2026,16740000.000000,1,OPTFUT,NCO,50.000000,10,False
132790,GOLD26NOV140900CE,GOLD,27NOV2026,14090000.000000,1,OPTFUT,NCO,50.000000,10,False
132810,GOLD26NOV141700CE,GOLD,27NOV2026,14170000.000000,1,OPTFUT,NCO,50.000000,10,False
132812,GOLD26NOV141800CE,GOLD,27NOV2026,14180000.000000,1,OPTFUT,NCO,50.000000,10,False
132824,GOLD26NOV142400CE,GOLD,27NOV2026,14240000.000000,1,OPTFUT,NCO,50.000000,10,False
150473,GOLD26NOV168100CE,GOLD,27NOV2026,16810000.000000,1,OPTFUT,NCO,50.000000,10,False
150485,GOLD26NOV168700CE,GOLD,27NOV2026,16870000.000000,1,OPTFUT,NCO,50.000000,10,False
150486,GOLD26NOV168700PE,GOLD,27NOV2026,16870000.000000,1,OPTFUT,NCO,50.000000,10,False
150489,GOLD26NOV168900CE,GOLD,27NOV2026,16890000.000000,1,OPTFUT,NCO,50.000000,10,False
132841,CRUDEOIL26OCT6200CE,CRUDEOIL,08OCT2026,620000.000000,1,OPTFUT,NCO,10.000000,100,False
132848,SILVERM27APR241500PE,SILVERM,23APR2027,24150000.000000,1,OPTFUT,NCO,50.000000,120,False
132849,SILVERM27APR241750CE,SILVERM,23APR2027,24175000.000000,1,OPTFUT,NCO,50.000000,120,False
132850,SILVERM27APR241750PE,SILVERM,23APR2027,24175000.000000,1,OPTFUT,NCO,50.000000,120,False
150490,GOLD26NOV168900PE,GOLD,27NOV2026,16890000.000000,1,OPTFUT,NCO,50.000000,10,False
150500,GOLD26NOV169400PE,GOLD,27NOV2026,16940000.000000,1,OPTFUT,NCO,50.000000,10,False
150502,GOLD26NOV169500PE,GOLD,27NOV2026,16950000.000000,1,OPTFUT,NCO,50.000000,10,False
150512,SILVERM27FEB229500PE,SILVERM,19FEB2027,22950000.000000,1,OPTFUT,NCO,50.000000,120,False
132872,GOLD27JAN159100PE,GOLD,29JAN2027,15910000.000000,1,OPTFUT,NCO,50.000000,10,False
132874,GOLD27JAN159200PE,GOLD,29JAN2027,15920000.000000,1,OPTFUT,NCO,50.000000,10,False
132877,GOLD27JAN159400CE,GOLD,29JAN2027,15940000.000000,1,OPTFUT,NCO,50.000000,10,False
132884,GOLD27JAN159700PE,GOLD,29JAN2027,15970000.000000,1,OPTFUT,NCO,50.000000,10,False
150530,SILVERM27FEB231750PE,SILVERM,19FEB2027,23175000.000000,1,OPTFUT,NCO,50.000000,120,False
150531,SILVERM27FEB232000CE,SILVERM,19FEB2027,23200000.000000,1,OPTFUT,NCO,50.000000,120,False
150555,SILVERM27FEB235000CE,SILVERM,19FEB2027,23500000.000000,1,OPTFUT,NCO,50.000000,120,False
150558,SILVERM27FEB235250PE,SILVERM,19FEB2027,23525000.000000,1,OPTFUT,NCO,50.000000,120,False
150568,SILVERM27FEB236500PE,SILVERM,19FEB2027,23650000.000000,1,OPTFUT,NCO,50.000000,120,False
150570,SILVERM27FEB236750PE,SILVERM,19FEB2027,23675000.000000,1,OPTFUT,NCO,50.000000,120,False
150572,SILVERM27FEB237000PE,SILVERM,19FEB2027,23700000.000000,1,OPTFUT,NCO,50.000000,120,False
150573,SILVERM27FEB237250CE,SILVERM,19FEB2027,23725000.000000,1,OPTFUT,NCO,50.000000,120,False
132895,CRUDEOIL26OCT6850PE,CRUDEOIL,08OCT2026,685000.000000,1,OPTFUT,NCO,10.000000,100,False
132902,CRUDEOIL26OCT7050CE,CRUDEOIL,08OCT2026,705000.000000,1,OPTFUT,NCO,10.000000,100,False
132911,CRUDEOIL26OCT7250PE,CRUDEOIL,08OCT2026,725000.000000,1,OPTFUT,NCO,10.000000,100,False
132912,CRUDEOIL26OCT7300CE,CRUDEOIL,08OCT2026,730000.000000,1,OPTFUT,NCO,10.000000,100,False
150583,SILVERM27FEB238500CE,SILVERM,19FEB2027,23850000.000000,1,OPTFUT,NCO,50.000000,120,False
150585,SILVERM27FEB238750CE,SILVERM,19FEB2027,23875000.000000,1,OPTFUT,NCO,50.000000,120,False
150589,SILVERM27FEB239250CE,SILVERM,19FEB2027,23925000.000000,1,OPTFUT,NCO,50.000000,120,False
151715,SILVERM26SEP280500CE,SILVERM,23SEP2026,28050000.000000,1,OPTFUT,NCO,50.000000,120,False
132922,CRUDEOIL26OCT7550CE,CRUDEOIL,08OCT2026,755000.000000,1,OPTFUT,NCO,10.000000,100,False
132923,CRUDEOIL26OCT7550PE,CRUDEOIL,08OCT2026,755000.000000,1,OPTFUT,NCO,10.000000,100,False
132929,CRUDEOIL26OCT7700PE,CRUDEOIL,08OCT2026,770000.000000,1,OPTFUT,NCO,10.000000,100,False
132939,CRUDEOIL26NOV6150PE,CRUDEOIL,10NOV2026,615000.000000,1,OPTFUT,NCO,10.000000,100,False
151717,SILVERM26SEP280750CE,SILVERM,23SEP2026,28075000.000000,1,OPTFUT,NCO,50.000000,120,False
151735,SILVERM26SEP283000CE,SILVERM,23SEP2026,28300000.000000,1,OPTFUT,NCO,50.000000,120,False
151755,SILVERM26SEP285500CE,SILVERM,23SEP2026,28550000.000000,1,OPTFUT,NCO,50.000000,120,False
151758,SILVERM26SEP285750PE,SILVERM,23SEP2026,28575000.000000,1,OPTFUT,NCO,50.000000,120,False
132943,CRUDEOIL26NOV6250PE,CRUDEOIL,10NOV2026,625000.000000,1,OPTFUT,NCO,10.000000,100,False
132946,CRUDEOIL26NOV6350CE,CRUDEOIL,10NOV2026,635000.000000,1,OPTFUT,NCO,10.000000,100,False
132956,CRUDEOIL26NOV6600CE,CRUDEOIL,10NOV2026,660000.000000,1,OPTFUT,NCO,10.000000,100,False
132961,SILVERM27APR242500CE,SILVERM,23APR2027,24250000.000000,1,OPTFUT,NCO,50.000000,120,False
151768,SILVERM26SEP287000PE,SILVERM,23SEP2026,28700000.000000,1,OPTFUT,NCO,50.000000,120,False
151770,SILVERM26SEP287250PE,SILVERM,23SEP2026,28725000.000000,1,OPTFUT,NCO,50.000000,120,False
151777,SILVERM26SEP288250CE,SILVERM,23SEP2026,28825000.000000,1,OPTFUT,NCO,50.000000,120,False
151781,SILVERM26SEP288750CE,SILVERM,23SEP2026,28875000.000000,1,OPTFUT,NCO,50.000000,120,False
151829,SILVERM26SEP294750CE,SILVERM,23SEP2026,29475000.000000,1,OPTFUT,NCO,50.000000,120,False
132972,SILVERM27APR243750PE,SILVERM,23APR2027,24375000.000000,1,OPTFUT,NCO,50.000000,120,False
132992,CRUDEOIL26OCT8200CE,CRUDEOIL,08OCT2026,820000.000000,1,OPTFUT,NCO,10.000000,100,False
132993,CRUDEOIL26OCT8200PE,CRUDEOIL,08OCT2026,820000.000000,1,OPTFUT,NCO,10.000000,100,False
133002,CRUDEOIL26NOV6650CE,CRUDEOIL,10NOV2026,665000.000000,1,OPTFUT,NCO,10.000000,100,False
151782,SILVERM26SEP288750PE,SILVERM,23SEP2026,28875000.000000,1,OPTFUT,NCO,50.000000,120,False
151794,SILVERM26SEP290250PE,SILVERM,23SEP2026,29025000.000000,1,OPTFUT,NCO,50.000000,120,False
151815,SILVERM26SEP293000CE,SILVERM,23SEP2026,29300000.000000,1,OPTFUT,NCO,50.000000,120,False
151840,SILVERM26SEP296000PE,SILVERM,23SEP2026,29600000.000000,1,OPTFUT,NCO,50.000000,120,False
151852,SILVERM26SEP297500PE,SILVERM,23SEP2026,29750000.000000,1,OPTFUT,NCO,50.000000,120,False
151862,SILVERM26SEP298750PE,SILVERM,23SEP2026,29875000.000000,1,OPTFUT,NCO,50.000000,120,False
133013,CRUDEOIL26NOV6900PE,CRUDEOIL,10NOV2026,690000.000000,1,OPTFUT,NCO,10.000000,100,False
133020,CRUDEOIL26NOV7100CE,CRUDEOIL,10NOV2026,710000.000000,1,OPTFUT,NCO,10.000000,100,False
133047,CRUDEOIL26OCT8450PE,CRUDEOIL,08OCT2026,845000.000000,1,OPTFUT,NCO,10.000000,100,False
133058,CRUDEOIL26OCT8650CE,CRUDEOIL,08OCT2026,865000.000000,1,OPTFUT,NCO,10.000000,100,False
151855,SILVERM26SEP298000CE,SILVERM,23SEP2026,29800000.000000,1,OPTFUT,NCO,50.000000,120,False
151869,SILVERM26SEP299750CE,SILVERM,23SEP2026,29975000.000000,1,OPTFUT,NCO,50.000000,120,False
151872,SILVERM26SEP300000PE,SILVERM,23SEP2026,30000000.000000,1,OPTFUT,NCO,50.000000,120,False
151893,SILVERM26OCT282250CE,SILVERM,23OCT2026,28225000.000000,1,OPTFUT,NCO,50.000000,120,False
151898,SILVERM26OCT282750PE,SILVERM,23OCT2026,28275000.000000,1,OPTFUT,NCO,50.000000,120,False
133060,CRUDEOIL26OCT8700CE,CRUDEOIL,08OCT2026,870000.000000,1,OPTFUT,NCO,10.000000,100,False
133066,CRUDEOIL26OCT8850CE,CRUDEOIL,08OCT2026,885000.000000,1,OPTFUT,NCO,10.000000,100,False
133076,GOLD27JAN160500PE,GOLD,29JAN2027,16050000.000000,1,OPTFUT,NCO,50.000000,10,False
133079,GOLD27JAN160700CE,GOLD,29JAN2027,16070000.000000,1,OPTFUT,NCO,50.000000,10,False
151909,SILVERM26OCT284250CE,SILVERM,23OCT2026,28425000.000000,1,OPTFUT,NCO,50.000000,120,False
151919,SILVERM26OCT285500CE,SILVERM,23OCT2026,28550000.000000,1,OPTFUT,NCO,50.000000,120,False
151928,SILVERM26OCT286500PE,SILVERM,23OCT2026,28650000.000000,1,OPTFUT,NCO,50.000000,120,False
151957,SILVERM26OCT290250CE,SILVERM,23OCT2026,29025000.000000,1,OPTFUT,NCO,50.000000,120,False
133088,GOLD27JAN161100PE,GOLD,29JAN2027,16110000.000000,1,OPTFUT,NCO,50.000000,10,False
133090,GOLD27JAN161200PE,GOLD,29JAN2027,16120000.000000,1,OPTFUT,NCO,50.000000,10,False
133091,GOLD27JAN161300CE,GOLD,29JAN2027,16130000.000000,1,OPTFUT,NCO,50.000000,10,False
133094,GOLD27JAN161400PE,GOLD,29JAN2027,16140000.000000,1,OPTFUT,NCO,50.000000,10,False
133167,CRUDEOIL26OCT9300CE,CRUDEOIL,08OCT2026,930000.000000,1,OPTFUT,NCO,10.000000,100,False
151968,SILVERM26OCT291500PE,SILVERM,23OCT2026,29150000.000000,1,OPTFUT,NCO,50.000000,120,False
151973,SILVERM26OCT292250CE,SILVERM,23OCT2026,29225000.000000,1,OPTFUT,NCO,50.000000,120,False
151980,SILVERM26OCT293000PE,SILVERM,23OCT2026,29300000.000000,1,OPTFUT,NCO,50.000000,120,False
151990,SILVERM26OCT294250PE,SILVERM,23OCT2026,29425000.000000,1,OPTFUT,NCO,50.000000,120,False
133110,SILVERM27APR244750CE,SILVERM,23APR2027,24475000.000000,1,OPTFUT,NCO,50.000000,120,False
133116,GOLD27APR147300CE,GOLD,28APR2027,14730000.000000,1,OPTFUT,NCO,50.000000,10,False
133146,GOLD27JAN163300PE,GOLD,29JAN2027,16330000.000000,1,OPTFUT,NCO,50.000000,10,False
133184,CRUDEOIL26NOV7600CE,CRUDEOIL,10NOV2026,760000.000000,1,OPTFUT,NCO,10.000000,100,False
133222,CRUDEOIL26NOV8450PE,CRUDEOIL,10NOV2026,845000.000000,1,OPTFUT,NCO,10.000000,100,False
133227,SILVERM27MAR287500PE,SILVERM,24MAR2027,28750000.000000,1,OPTFUT,NCO,50.000000,120,False
151995,SILVERM26OCT295000CE,SILVERM,23OCT2026,29500000.000000,1,OPTFUT,NCO,50.000000,120,False
152001,SILVERM26OCT295750CE,SILVERM,23OCT2026,29575000.000000,1,OPTFUT,NCO,50.000000,120,False
152003,SILVERM26OCT296000CE,SILVERM,23OCT2026,29600000.000000,1,OPTFUT,NCO,50.000000,120,False
152014,SILVERM26OCT297250PE,SILVERM,23OCT2026,29725000.000000,1,OPTFUT,NCO,50.000000,120,False
133226,SILVERM27MAR287500CE,SILVERM,24MAR2027,28750000.000000,1,OPTFUT,NCO,50.000000,120,False
133230,SILVERM27MAR288000CE,SILVERM,24MAR2027,28800000.000000,1,OPTFUT,NCO,50.000000,120,False
133234,SILVERM27MAR288500CE,SILVERM,24MAR2027,28850000.000000,1,OPTFUT,NCO,50.000000,120,False
133260,SILVERM27MAR291750CE,SILVERM,24MAR2027,29175000.000000,1,OPTFUT,NCO,50.000000,120,False
133271,SILVERM27MAR293000PE,SILVERM,24MAR2027,29300000.000000,1,OPTFUT,NCO,50.000000,120,False
152016,SILVERM26OCT297500PE,SILVERM,23OCT2026,29750000.000000,1,OPTFUT,NCO,50.000000,120,False
152025,SILVERM26OCT298750CE,SILVERM,23OCT2026,29875000.000000,1,OPTFUT,NCO,50.000000,120,False
152026,SILVERM26OCT298750PE,SILVERM,23OCT2026,29875000.000000,1,OPTFUT,NCO,50.000000,120,False
152033,SILVERM26OCT299750CE,SILVERM,23OCT2026,29975000.000000,1,OPTFUT,NCO,50.000000,120,False
133290,SILVERM27MAR295500CE,SILVERM,24MAR2027,29550000.000000,1,OPTFUT,NCO,50.000000,120,False
133293,SILVERM27MAR295750PE,SILVERM,24MAR2027,29575000.000000,1,OPTFUT,NCO,50.000000,120,False
133308,SILVERM27MAR297750CE,SILVERM,24MAR2027,29775000.000000,1,OPTFUT,NCO,50.000000,120,False
133315,SILVERM27MAR298500PE,SILVERM,24MAR2027,29850000.000000,1,OPTFUT,NCO,50.000000,120,False
152044,SILVERM26OCT301000PE,SILVERM,23OCT2026,30100000.000000,1,OPTFUT,NCO,50.000000,120,False
152049,SILVERM26OCT301750CE,SILVERM,23OCT2026,30175000.000000,1,OPTFUT,NCO,50.000000,120,False
152050,SILVERM26OCT301750PE,SILVERM,23OCT2026,30175000.000000,1,OPTFUT,NCO,50.000000,120,False
152059,SILVERM26OCT303000CE,SILVERM,23OCT2026,30300000.000000,1,OPTFUT,NCO,50.000000,120,False
133322,SILVERM27MAR299500CE,SILVERM,24MAR2027,29950000.000000,1,OPTFUT,NCO,50.000000,120,False
133331,SILVERM27MAR300500PE,SILVERM,24MAR2027,30050000.000000,1,OPTFUT,NCO,50.000000,120,False
133338,SILVERM27MAR301500CE,SILVERM,24MAR2027,30150000.000000,1,OPTFUT,NCO,50.000000,120,False
133347,SILVERM27APR246000CE,SILVERM,23APR2027,24600000.000000,1,OPTFUT,NCO,50.000000,120,False
152075,SILVERM26NOV284500CE,SILVERM,23NOV2026,28450000.000000,1,OPTFUT,NCO,50.000000,120,False
152077,SILVERM26NOV284750CE,SILVERM,23NOV2026,28475000.000000,1,OPTFUT,NCO,50.000000,120,False
152081,SILVERM26NOV285250CE,SILVERM,23NOV2026,28525000.000000,1,OPTFUT,NCO,50.000000,120,False
152096,SILVERM26NOV287000PE,SILVERM,23NOV2026,28700000.000000,1,OPTFUT,NCO,50.000000,120,False
133348,SILVERM27APR246000PE,SILVERM,23APR2027,24600000.000000,1,OPTFUT,NCO,50.000000,120,False
133360,SILVERM27MAY241750PE,SILVERM,24MAY2027,24175000.000000,1,OPTFUT,NCO,50.000000,120,False
133361,SILVERM27MAY242000CE,SILVERM,24MAY2027,24200000.000000,1,OPTFUT,NCO,50.000000,120,False
133362,SILVERM27MAY242000PE,SILVERM,24MAY2027,24200000.000000,1,OPTFUT,NCO,50.000000,120,False
152100,SILVERM26NOV287500PE,SILVERM,23NOV2026,28750000.000000,1,OPTFUT,NCO,50.000000,120,False
152107,SILVERM26NOV288500CE,SILVERM,23NOV2026,28850000.000000,1,OPTFUT,NCO,50.000000,120,False
152117,SILVERM26NOV289750CE,SILVERM,23NOV2026,28975000.000000,1,OPTFUT,NCO,50.000000,120,False
152122,SILVERM26NOV290250PE,SILVERM,23NOV2026,29025000.000000,1,OPTFUT,NCO,50.000000,120,False
133375,GOLD27APR147500CE,GOLD,28APR2027,14750000.000000,1,OPTFUT,NCO,50.000000,10,False
133378,GOLD27APR147600PE,GOLD,28APR2027,14760000.000000,1,OPTFUT,NCO,50.000000,10,False
133381,GOLD27MAY145700CE,GOLD,28MAY2027,14570000.000000,1,OPTFUT,NCO,50.000000,10,False
133382,GOLD27MAY145700PE,GOLD,28MAY2027,14570000.000000,1,OPTFUT,NCO,50.000000,10,False
152144,SILVERM26NOV293000PE,SILVERM,23NOV2026,29300000.000000,1,OPTFUT,NCO,50.000000,120,False
152162,SILVERM26NOV295250PE,SILVERM,23NOV2026,29525000.000000,1,OPTFUT,NCO,50.000000,120,False
152173,SILVERM26NOV296750CE,SILVERM,23NOV2026,29675000.000000,1,OPTFUT,NCO,50.000000,120,False
152180,SILVERM26NOV297500PE,SILVERM,23NOV2026,29750000.000000,1,OPTFUT,NCO,50.000000,120,False
133383,GOLD27MAY145800CE,GOLD,28MAY2027,14580000.000000,1,OPTFUT,NCO,50.000000,10,False
133386,GOLD27MAY145900PE,GOLD,28MAY2027,14590000.000000,1,OPTFUT,NCO,50.000000,10,False
133392,GOLD27MAY146200PE,GOLD,28MAY2027,14620000.000000,1,OPTFUT,NCO,50.000000,10,False
133412,CRUDEOIL26NOV8750PE,CRUDEOIL,10NOV2026,875000.000000,1,OPTFUT,NCO,10.000000,100,False
152187,SILVERM26NOV298500CE,SILVERM,23NOV2026,29850000.000000,1,OPTFUT,NCO,50.000000,120,False
152197,SILVERM26NOV299750CE,SILVERM,23NOV2026,29975000.000000,1,OPTFUT,NCO,50.000000,120,False
152211,SILVERM26NOV301500CE,SILVERM,23NOV2026,30150000.000000,1,OPTFUT,NCO,50.000000,120,False
152239,SILVERM26DEC284500CE,SILVERM,23DEC2026,28450000.000000,1,OPTFUT,NCO,50.000000,120,False
133415,CRUDEOIL26NOV8850CE,CRUDEOIL,10NOV2026,885000.000000,1,OPTFUT,NCO,10.000000,100,False
133419,CRUDEOIL26NOV8950CE,CRUDEOIL,10NOV2026,895000.000000,1,OPTFUT,NCO,10.000000,100,False
133424,CRUDEOIL26NOV9050PE,CRUDEOIL,10NOV2026,905000.000000,1,OPTFUT,NCO,10.000000,100,False
133425,CRUDEOIL26NOV9100CE,CRUDEOIL,10NOV2026,910000.000000,1,OPTFUT,NCO,10.000000,100,False
152242,SILVERM26DEC284750PE,SILVERM,23DEC2026,28475000.000000,1,OPTFUT,NCO,50.000000,120,False
152243,SILVERM26DEC285000CE,SILVERM,23DEC2026,28500000.000000,1,OPTFUT,NCO,50.000000,120,False
152246,SILVERM26DEC285250PE,SILVERM,23DEC2026,28525000.000000,1,OPTFUT,NCO,50.000000,120,False
152248,SILVERM26DEC285500PE,SILVERM,23DEC2026,28550000.000000,1,OPTFUT,NCO,50.000000,120,False
133470,GOLD27FEB166500CE,GOLD,26FEB2027,16650000.000000,1,OPTFUT,NCO,50.000000,10,False
133478,GOLD27FEB166900CE,GOLD,26FEB2027,16690000.000000,1,OPTFUT,NCO,50.000000,10,False
133480,GOLD27FEB167000CE,GOLD,26FEB2027,16700000.000000,1,OPTFUT,NCO,50.000000,10,False
133483,GOLD27FEB167100PE,GOLD,26FEB2027,16710000.000000,1,OPTFUT,NCO,50.000000,10,False
152256,SILVERM26DEC286500PE,SILVERM,23DEC2026,28650000.000000,1,OPTFUT,NCO,50.000000,120,False
152286,SILVERM26DEC290250PE,SILVERM,23DEC2026,29025000.000000,1,OPTFUT,NCO,50.000000,120,False
152291,SILVERM26DEC291000CE,SILVERM,23DEC2026,29100000.000000,1,OPTFUT,NCO,50.000000,120,False
152304,SILVERM26DEC292500PE,SILVERM,23DEC2026,29250000.000000,1,OPTFUT,NCO,50.000000,120,False
152311,SILVERM26DEC293500CE,SILVERM,23DEC2026,29350000.000000,1,OPTFUT,NCO,50.000000,120,False
152321,SILVERM26DEC294750CE,SILVERM,23DEC2026,29475000.000000,1,OPTFUT,NCO,50.000000,120,False
152352,SILVERM26DEC298500PE,SILVERM,23DEC2026,29850000.000000,1,OPTFUT,NCO,50.000000,120,False
133502,GOLD27FEB168100CE,GOLD,26FEB2027,16810000.000000,1,OPTFUT,NCO,50.000000,10,False
133505,GOLD27JAN163500PE,GOLD,29JAN2027,16350000.000000,1,OPTFUT,NCO,50.000000,10,False
133515,GOLD27JAN164000PE,GOLD,29JAN2027,16400000.000000,1,OPTFUT,NCO,50.000000,10,False
133522,SILVERM27MAR303500CE,SILVERM,24MAR2027,30350000.000000,1,OPTFUT,NCO,50.000000,120,False
152327,SILVERM26DEC295500CE,SILVERM,23DEC2026,29550000.000000,1,OPTFUT,NCO,50.000000,120,False
133530,SILVERM27MAR304500CE,SILVERM,24MAR2027,30450000.000000,1,OPTFUT,NCO,50.000000,120,False
133532,GOLD27FEB168200CE,GOLD,26FEB2027,16820000.000000,1,OPTFUT,NCO,50.000000,10,False
133539,GOLD27FEB168500PE,GOLD,26FEB2027,16850000.000000,1,OPTFUT,NCO,50.000000,10,False
133552,CRUDEOIL26NOV9300CE,CRUDEOIL,10NOV2026,930000.000000,1,OPTFUT,NCO,10.000000,100,False
152366,SILVERM26DEC300250PE,SILVERM,23DEC2026,30025000.000000,1,OPTFUT,NCO,50.000000,120,False
152373,SILVERM26DEC301250CE,SILVERM,23DEC2026,30125000.000000,1,OPTFUT,NCO,50.000000,120,False
152387,SILVERM26DEC303000CE,SILVERM,23DEC2026,30300000.000000,1,OPTFUT,NCO,50.000000,120,False
152414,SILVERM26DEC306250PE,SILVERM,23DEC2026,30625000.000000,1,OPTFUT,NCO,50.000000,120,False
133555,CRUDEOIL26NOV9350PE,CRUDEOIL,10NOV2026,935000.000000,1,OPTFUT,NCO,10.000000,100,False
133595,SILVERM27MAR304750CE,SILVERM,24MAR2027,30475000.000000,1,OPTFUT,NCO,50.000000,120,False
133596,SILVERM27MAR304750PE,SILVERM,24MAR2027,30475000.000000,1,OPTFUT,NCO,50.000000,120,False
133599,SILVERM27MAR305250CE,SILVERM,24MAR2027,30525000.000000,1,OPTFUT,NCO,50.000000,120,False
152962,GOLD26SEP150500PE,GOLD,25SEP2026,15050000.000000,1,OPTFUT,NCO,50.000000,10,False
152970,GOLD26SEP150900PE,GOLD,25SEP2026,15090000.000000,1,OPTFUT,NCO,50.000000,10,False
152972,GOLD26SEP151000PE,GOLD,25SEP2026,15100000.000000,1,OPTFUT,NCO,50.000000,10,False
152980,GOLD26SEP151400PE,GOLD,25SEP2026,15140000.000000,1,OPTFUT,NCO,50.000000,10,False
152981,GOLD26SEP151500CE,GOLD,25SEP2026,15150000.000000,1,OPTFUT,NCO,50.000000,10,False
152982,GOLD26SEP151500PE,GOLD,25SEP2026,15150000.000000,1,OPTFUT,NCO,50.000000,10,False
152983,GOLD26SEP151600CE,GOLD,25SEP2026,15160000.000000,1,OPTFUT,NCO,50.000000,10,False
152984,GOLD26SEP151600PE,GOLD,25SEP2026,15160000.000000,1,OPTFUT,NCO,50.000000,10,False
133604,SILVERM27MAR305750PE,SILVERM,24MAR2027,30575000.000000,1,OPTFUT,NCO,50.000000,120,False
133615,SILVERM27MAR307250CE,SILVERM,24MAR2027,30725000.000000,1,OPTFUT,NCO,50.000000,120,False
133624,SILVERM27MAR308250PE,SILVERM,24MAR2027,30825000.000000,1,OPTFUT,NCO,50.000000,120,False
133630,SILVERM27MAR309000PE,SILVERM,24MAR2027,30900000.000000,1,OPTFUT,NCO,50.000000,120,False
152985,GOLD26SEP151700CE,GOLD,25SEP2026,15170000.000000,1,OPTFUT,NCO,50.000000,10,False
153008,GOLD26OCT151100PE,GOLD,29OCT2026,15110000.000000,1,OPTFUT,NCO,50.000000,10,False
152995,GOLD26SEP152200CE,GOLD,25SEP2026,15220000.000000,1,OPTFUT,NCO,50.000000,10,False
153003,GOLD26OCT150900CE,GOLD,29OCT2026,15090000.000000,1,OPTFUT,NCO,50.000000,10,False
153011,GOLD26OCT151300CE,GOLD,29OCT2026,15130000.000000,1,OPTFUT,NCO,50.000000,10,False
153029,GOLD26OCT152200CE,GOLD,29OCT2026,15220000.000000,1,OPTFUT,NCO,50.000000,10,False
153050,GOLD26NOV151500PE,GOLD,27NOV2026,15150000.000000,1,OPTFUT,NCO,50.000000,10,False
153058,GOLD26NOV151900PE,GOLD,27NOV2026,15190000.000000,1,OPTFUT,NCO,50.000000,10,False
133632,SILVERM27MAR309250PE,SILVERM,24MAR2027,30925000.000000,1,OPTFUT,NCO,50.000000,120,False
133652,SILVERM27APR290250PE,SILVERM,23APR2027,29025000.000000,1,OPTFUT,NCO,50.000000,120,False
133656,SILVERM27APR290750PE,SILVERM,23APR2027,29075000.000000,1,OPTFUT,NCO,50.000000,120,False
133676,SILVERM27MAY245500CE,SILVERM,24MAY2027,24550000.000000,1,OPTFUT,NCO,50.000000,120,False
133683,SILVERM27APR293250CE,SILVERM,23APR2027,29325000.000000,1,OPTFUT,NCO,50.000000,120,False
133693,SILVERM27APR294500CE,SILVERM,23APR2027,29450000.000000,1,OPTFUT,NCO,50.000000,120,False
133697,SILVERM27APR295000CE,SILVERM,23APR2027,29500000.000000,1,OPTFUT,NCO,50.000000,120,False
133705,SILVERM27APR296000CE,SILVERM,23APR2027,29600000.000000,1,OPTFUT,NCO,50.000000,120,False
153065,GOLD26NOV152300CE,GOLD,27NOV2026,15230000.000000,1,OPTFUT,NCO,50.000000,10,False
153067,GOLD26NOV152400CE,GOLD,27NOV2026,15240000.000000,1,OPTFUT,NCO,50.000000,10,False
153083,GOLD26NOV153200CE,GOLD,27NOV2026,15320000.000000,1,OPTFUT,NCO,50.000000,10,False
153095,GOLD26NOV153800CE,GOLD,27NOV2026,15380000.000000,1,OPTFUT,NCO,50.000000,10,False
153103,GOLD26DEC152500CE,GOLD,29DEC2026,15250000.000000,1,OPTFUT,NCO,50.000000,10,False
153113,GOLD26DEC153000CE,GOLD,29DEC2026,15300000.000000,1,OPTFUT,NCO,50.000000,10,False
153128,GOLD26DEC153700PE,GOLD,29DEC2026,15370000.000000,1,OPTFUT,NCO,50.000000,10,False
153130,GOLD26DEC153800PE,GOLD,29DEC2026,15380000.000000,1,OPTFUT,NCO,50.000000,10,False
133710,SILVERM27APR296500PE,SILVERM,23APR2027,29650000.000000,1,OPTFUT,NCO,50.000000,120,False
133711,SILVERM27APR296750CE,SILVERM,23APR2027,29675000.000000,1,OPTFUT,NCO,50.000000,120,False
133723,SILVERM27APR298250CE,SILVERM,23APR2027,29825000.000000,1,OPTFUT,NCO,50.000000,120,False
133726,SILVERM27APR298500PE,SILVERM,23APR2027,29850000.000000,1,OPTFUT,NCO,50.000000,120,False
133739,SILVERM27MAY247250CE,SILVERM,24MAY2027,24725000.000000,1,OPTFUT,NCO,50.000000,120,False
133740,SILVERM27MAY247250PE,SILVERM,24MAY2027,24725000.000000,1,OPTFUT,NCO,50.000000,120,False
133753,SILVERM27MAY249000CE,SILVERM,24MAY2027,24900000.000000,1,OPTFUT,NCO,50.000000,120,False
133755,SILVERM27FEB272500CE,SILVERM,19FEB2027,27250000.000000,1,OPTFUT,NCO,50.000000,120,False
153143,GOLD26DEC154500CE,GOLD,29DEC2026,15450000.000000,1,OPTFUT,NCO,50.000000,10,False
153145,GOLD26DEC154600CE,GOLD,29DEC2026,15460000.000000,1,OPTFUT,NCO,50.000000,10,False
153146,GOLD26DEC154600PE,GOLD,29DEC2026,15460000.000000,1,OPTFUT,NCO,50.000000,10,False
153302,GOLD26DEC166500PE,GOLD,29DEC2026,16650000.000000,1,OPTFUT,NCO,50.000000,10,False
153306,GOLD26DEC166700PE,GOLD,29DEC2026,16670000.000000,1,OPTFUT,NCO,50.000000,10,False
153311,GOLD26DEC167000CE,GOLD,29DEC2026,16700000.000000,1,OPTFUT,NCO,50.000000,10,False
153335,GOLD26DEC168200CE,GOLD,29DEC2026,16820000.000000,1,OPTFUT,NCO,50.000000,10,False
153336,GOLD26DEC168200PE,GOLD,29DEC2026,16820000.000000,1,OPTFUT,NCO,50.000000,10,False
133769,SILVERM27FEB274250CE,SILVERM,19FEB2027,27425000.000000,1,OPTFUT,NCO,50.000000,120,False
133771,SILVERM27FEB274500CE,SILVERM,19FEB2027,27450000.000000,1,OPTFUT,NCO,50.000000,120,False
133773,SILVERM27APR299000CE,SILVERM,23APR2027,29900000.000000,1,OPTFUT,NCO,50.000000,120,False
133783,SILVERM27APR300250CE,SILVERM,23APR2027,30025000.000000,1,OPTFUT,NCO,50.000000,120,False
153342,GOLD26DEC168500PE,GOLD,29DEC2026,16850000.000000,1,OPTFUT,NCO,50.000000,10,False
153348,GOLD26DEC168800PE,GOLD,29DEC2026,16880000.000000,1,OPTFUT,NCO,50.000000,10,False
153354,GOLD26DEC169100PE,GOLD,29DEC2026,16910000.000000,1,OPTFUT,NCO,50.000000,10,False
153362,GOLD26DEC169500PE,GOLD,29DEC2026,16950000.000000,1,OPTFUT,NCO,50.000000,10,False
133784,SILVERM27APR300250PE,SILVERM,23APR2027,30025000.000000,1,OPTFUT,NCO,50.000000,120,False
133788,SILVERM27APR300750PE,SILVERM,23APR2027,30075000.000000,1,OPTFUT,NCO,50.000000,120,False
133793,SILVERM27APR301500CE,SILVERM,23APR2027,30150000.000000,1,OPTFUT,NCO,50.000000,120,False
133804,SILVERM27APR302750PE,SILVERM,23APR2027,30275000.000000,1,OPTFUT,NCO,50.000000,120,False
153920,SILVERM26SEP302750PE,SILVERM,23SEP2026,30275000.000000,1,OPTFUT,NCO,50.000000,120,False
153927,SILVERM26SEP303750CE,SILVERM,23SEP2026,30375000.000000,1,OPTFUT,NCO,50.000000,120,False
153929,SILVERM26SEP304000CE,SILVERM,23SEP2026,30400000.000000,1,OPTFUT,NCO,50.000000,120,False
153943,SILVERM26SEP305750CE,SILVERM,23SEP2026,30575000.000000,1,OPTFUT,NCO,50.000000,120,False
153964,SILVERM26SEP308250PE,SILVERM,23SEP2026,30825000.000000,1,OPTFUT,NCO,50.000000,120,False
153967,SILVERM26SEP308750CE,SILVERM,23SEP2026,30875000.000000,1,OPTFUT,NCO,50.000000,120,False
153972,SILVERM26SEP309250PE,SILVERM,23SEP2026,30925000.000000,1,OPTFUT,NCO,50.000000,120,False
153975,SILVERM26SEP309750CE,SILVERM,23SEP2026,30975000.000000,1,OPTFUT,NCO,50.000000,120,False
133807,SILVERM27APR303250CE,SILVERM,23APR2027,30325000.000000,1,OPTFUT,NCO,50.000000,120,False
133809,SILVERM27APR303500CE,SILVERM,23APR2027,30350000.000000,1,OPTFUT,NCO,50.000000,120,False
133810,SILVERM27APR303500PE,SILVERM,23APR2027,30350000.000000,1,OPTFUT,NCO,50.000000,120,False
133829,SILVERM27APR306000CE,SILVERM,23APR2027,30600000.000000,1,OPTFUT,NCO,50.000000,120,False
153989,SILVERM26SEP311500CE,SILVERM,23SEP2026,31150000.000000,1,OPTFUT,NCO,50.000000,120,False
153990,SILVERM26SEP311500PE,SILVERM,23SEP2026,31150000.000000,1,OPTFUT,NCO,50.000000,120,False
153991,SILVERM26SEP311750CE,SILVERM,23SEP2026,31175000.000000,1,OPTFUT,NCO,50.000000,120,False
153996,SILVERM26OCT303500PE,SILVERM,23OCT2026,30350000.000000,1,OPTFUT,NCO,50.000000,120,False
133836,SILVERM27APR306750PE,SILVERM,23APR2027,30675000.000000,1,OPTFUT,NCO,50.000000,120,False
133837,SILVERM27APR307000CE,SILVERM,23APR2027,30700000.000000,1,OPTFUT,NCO,50.000000,120,False
133839,SILVERM27APR307250CE,SILVERM,23APR2027,30725000.000000,1,OPTFUT,NCO,50.000000,120,False
133840,SILVERM27APR307250PE,SILVERM,23APR2027,30725000.000000,1,OPTFUT,NCO,50.000000,120,False
154013,SILVERM26OCT305750CE,SILVERM,23OCT2026,30575000.000000,1,OPTFUT,NCO,50.000000,120,False
154022,SILVERM26OCT306750PE,SILVERM,23OCT2026,30675000.000000,1,OPTFUT,NCO,50.000000,120,False
154023,SILVERM26OCT307000CE,SILVERM,23OCT2026,30700000.000000,1,OPTFUT,NCO,50.000000,120,False
154032,SILVERM26OCT308000PE,SILVERM,23OCT2026,30800000.000000,1,OPTFUT,NCO,50.000000,120,False
154036,SILVERM26OCT308500PE,SILVERM,23OCT2026,30850000.000000,1,OPTFUT,NCO,50.000000,120,False
154039,SILVERM26OCT309000CE,SILVERM,23OCT2026,30900000.000000,1,OPTFUT,NCO,50.000000,120,False
154046,SILVERM26OCT309750PE,SILVERM,23OCT2026,30975000.000000,1,OPTFUT,NCO,50.000000,120,False
154060,SILVERM26OCT311500PE,SILVERM,23OCT2026,31150000.000000,1,OPTFUT,NCO,50.000000,120,False
133851,SILVERM27APR308750CE,SILVERM,23APR2027,30875000.000000,1,OPTFUT,NCO,50.000000,120,False
133852,SILVERM27APR308750PE,SILVERM,23APR2027,30875000.000000,1,OPTFUT,NCO,50.000000,120,False
133858,SILVERM27APR309500PE,SILVERM,23APR2027,30950000.000000,1,OPTFUT,NCO,50.000000,120,False
133860,SILVERM27APR309750PE,SILVERM,23APR2027,30975000.000000,1,OPTFUT,NCO,50.000000,120,False
154067,SILVERM26OCT312500CE,SILVERM,23OCT2026,31250000.000000,1,OPTFUT,NCO,50.000000,120,False
154094,SILVERM26NOV307000PE,SILVERM,23NOV2026,30700000.000000,1,OPTFUT,NCO,50.000000,120,False
154099,SILVERM26NOV307750CE,SILVERM,23NOV2026,30775000.000000,1,OPTFUT,NCO,50.000000,120,False
154100,SILVERM26NOV307750PE,SILVERM,23NOV2026,30775000.000000,1,OPTFUT,NCO,50.000000,120,False
133864,SILVERM27APR310250PE,SILVERM,23APR2027,31025000.000000,1,OPTFUT,NCO,50.000000,120,False
133865,SILVERM27MAY249250CE,SILVERM,24MAY2027,24925000.000000,1,OPTFUT,NCO,50.000000,120,False
133872,ZINC26SEP355PE,ZINC,23SEP2026,35500.000000,1,OPTFUT,NCO,1.000000,20,False
133878,COPPER26SEP1310PE,COPPER,23SEP2026,131000.000000,1,OPTFUT,NCO,1.000000,70,False
154109,SILVERM26NOV309000CE,SILVERM,23NOV2026,30900000.000000,1,OPTFUT,NCO,50.000000,120,False
154115,SILVERM26NOV309750CE,SILVERM,23NOV2026,30975000.000000,1,OPTFUT,NCO,50.000000,120,False
154118,SILVERM26NOV310000PE,SILVERM,23NOV2026,31000000.000000,1,OPTFUT,NCO,50.000000,120,False
154133,SILVERM26NOV312000CE,SILVERM,23NOV2026,31200000.000000,1,OPTFUT,NCO,50.000000,120,False
133879,GOLD27MAR149600CE,GOLD,29MAR2027,14960000.000000,1,OPTFUT,NCO,50.000000,10,False
133885,GOLD27MAR149900CE,GOLD,29MAR2027,14990000.000000,1,OPTFUT,NCO,50.000000,10,False
133887,GOLD27MAR150000CE,GOLD,29MAR2027,15000000.000000,1,OPTFUT,NCO,50.000000,10,False
133910,GOLD27MAR151100PE,GOLD,29MAR2027,15110000.000000,1,OPTFUT,NCO,50.000000,10,False
154145,SILVERM26NOV313500CE,SILVERM,23NOV2026,31350000.000000,1,OPTFUT,NCO,50.000000,120,False
154146,SILVERM26NOV313500PE,SILVERM,23NOV2026,31350000.000000,1,OPTFUT,NCO,50.000000,120,False
154153,SILVERM26NOV314500CE,SILVERM,23NOV2026,31450000.000000,1,OPTFUT,NCO,50.000000,120,False
154166,SILVERM26DEC307500PE,SILVERM,23DEC2026,30750000.000000,1,OPTFUT,NCO,50.000000,120,False
133920,CRUDEOIL26OCT9700PE,CRUDEOIL,08OCT2026,970000.000000,1,OPTFUT,NCO,10.000000,100,False
133925,CRUDEOIL26OCT9850CE,CRUDEOIL,08OCT2026,985000.000000,1,OPTFUT,NCO,10.000000,100,False
133928,CRUDEOIL26OCT9900PE,CRUDEOIL,08OCT2026,990000.000000,1,OPTFUT,NCO,10.000000,100,False
133937,CRUDEOIL26OCT10150CE,CRUDEOIL,08OCT2026,1015000.000000,1,OPTFUT,NCO,10.000000,100,False
154181,SILVERM26DEC309500CE,SILVERM,23DEC2026,30950000.000000,1,OPTFUT,NCO,50.000000,120,False
154201,SILVERM26DEC312000CE,SILVERM,23DEC2026,31200000.000000,1,OPTFUT,NCO,50.000000,120,False
154183,SILVERM26DEC309750CE,SILVERM,23DEC2026,30975000.000000,1,OPTFUT,NCO,50.000000,120,False
154194,SILVERM26DEC311000PE,SILVERM,23DEC2026,31100000.000000,1,OPTFUT,NCO,50.000000,120,False
133943,CRUDEOIL26OCT10300CE,CRUDEOIL,08OCT2026,1030000.000000,1,OPTFUT,NCO,10.000000,100,False
133948,CRUDEOIL26OCT10400PE,CRUDEOIL,08OCT2026,1040000.000000,1,OPTFUT,NCO,10.000000,100,False
133971,CRUDEOIL26NOV9800CE,CRUDEOIL,10NOV2026,980000.000000,1,OPTFUT,NCO,10.000000,100,False
133978,CRUDEOIL26NOV9950PE,CRUDEOIL,10NOV2026,995000.000000,1,OPTFUT,NCO,10.000000,100,False
154220,SILVERM26DEC314250PE,SILVERM,23DEC2026,31425000.000000,1,OPTFUT,NCO,50.000000,120,False
154227,SILVERM26DEC315250CE,SILVERM,23DEC2026,31525000.000000,1,OPTFUT,NCO,50.000000,120,False
154229,SILVERM26DEC315500CE,SILVERM,23DEC2026,31550000.000000,1,OPTFUT,NCO,50.000000,120,False
154231,SILVERM26DEC315750CE,SILVERM,23DEC2026,31575000.000000,1,OPTFUT,NCO,50.000000,120,False
154233,SILVERM26DEC316000CE,SILVERM,23DEC2026,31600000.000000,1,OPTFUT,NCO,50.000000,120,False
155078,GOLD26SEP152800PE,GOLD,25SEP2026,15280000.000000,1,OPTFUT,NCO,50.000000,10,False
155080,GOLD26SEP152900PE,GOLD,25SEP2026,15290000.000000,1,OPTFUT,NCO,50.000000,10,False
155085,GOLD26SEP153200CE,GOLD,25SEP2026,15320000.000000,1,OPTFUT,NCO,50.000000,10,False
133979,CRUDEOIL26NOV10000CE,CRUDEOIL,10NOV2026,1000000.000000,1,OPTFUT,NCO,10.000000,100,False
133991,CRUDEOIL26NOV10300CE,CRUDEOIL,10NOV2026,1030000.000000,1,OPTFUT,NCO,10.000000,100,False
133994,CRUDEOIL26NOV10350PE,CRUDEOIL,10NOV2026,1035000.000000,1,OPTFUT,NCO,10.000000,100,False
134106,CRUDEOIL26NOV10750PE,CRUDEOIL,10NOV2026,1075000.000000,1,OPTFUT,NCO,10.000000,100,False
134166,GOLD27JUN164900PE,GOLD,28JUN2027,16490000.000000,1,OPTFUT,NCO,50.000000,10,False
134179,GOLD27JUN165600CE,GOLD,28JUN2027,16560000.000000,1,OPTFUT,NCO,50.000000,10,False
134189,GOLD27JUN166100CE,GOLD,28JUN2027,16610000.000000,1,OPTFUT,NCO,50.000000,10,False
134190,GOLD27JUN166100PE,GOLD,28JUN2027,16610000.000000,1,OPTFUT,NCO,50.000000,10,False
155094,GOLD26SEP153600PE,GOLD,25SEP2026,15360000.000000,1,OPTFUT,NCO,50.000000,10,False
155104,GOLD26SEP154100PE,GOLD,25SEP2026,15410000.000000,1,OPTFUT,NCO,50.000000,10,False
155112,GOLD26SEP154500PE,GOLD,25SEP2026,15450000.000000,1,OPTFUT,NCO,50.000000,10,False
155132,GOLD26SEP155500PE,GOLD,25SEP2026,15550000.000000,1,OPTFUT,NCO,50.000000,10,False
155138,GOLD26SEP155800PE,GOLD,25SEP2026,15580000.000000,1,OPTFUT,NCO,50.000000,10,False
155164,GOLD26OCT154200PE,GOLD,29OCT2026,15420000.000000,1,OPTFUT,NCO,50.000000,10,False
155167,GOLD26OCT154400CE,GOLD,29OCT2026,15440000.000000,1,OPTFUT,NCO,50.000000,10,False
155179,GOLD26OCT155000CE,GOLD,29OCT2026,15500000.000000,1,OPTFUT,NCO,50.000000,10,False
134194,GOLD27JUN166300PE,GOLD,28JUN2027,16630000.000000,1,OPTFUT,NCO,50.000000,10,False
134204,GOLD27JUN166800PE,GOLD,28JUN2027,16680000.000000,1,OPTFUT,NCO,50.000000,10,False
134249,GOLD27JUL165900CE,GOLD,29JUL2027,16590000.000000,1,OPTFUT,NCO,50.000000,10,False
134258,GOLD27JUL166300PE,GOLD,29JUL2027,16630000.000000,1,OPTFUT,NCO,50.000000,10,False
155218,GOLD26NOV154000PE,GOLD,27NOV2026,15400000.000000,1,OPTFUT,NCO,50.000000,10,False
155220,GOLD26NOV154100PE,GOLD,27NOV2026,15410000.000000,1,OPTFUT,NCO,50.000000,10,False
155239,GOLD26NOV155100CE,GOLD,27NOV2026,15510000.000000,1,OPTFUT,NCO,50.000000,10,False
155262,GOLD26NOV156200PE,GOLD,27NOV2026,15620000.000000,1,OPTFUT,NCO,50.000000,10,False
134259,GOLD27JUL166400CE,GOLD,29JUL2027,16640000.000000,1,OPTFUT,NCO,50.000000,10,False
134274,GOLD27FEB163800PE,GOLD,26FEB2027,16380000.000000,1,OPTFUT,NCO,50.000000,10,False
134276,GOLD27FEB163900PE,GOLD,26FEB2027,16390000.000000,1,OPTFUT,NCO,50.000000,10,False
134286,GOLD27JUL166800PE,GOLD,29JUL2027,16680000.000000,1,OPTFUT,NCO,50.000000,10,False
155266,GOLD26NOV156400PE,GOLD,27NOV2026,15640000.000000,1,OPTFUT,NCO,50.000000,10,False
155272,GOLD26NOV156700PE,GOLD,27NOV2026,15670000.000000,1,OPTFUT,NCO,50.000000,10,False
155289,GOLD26DEC154800CE,GOLD,29DEC2026,15480000.000000,1,OPTFUT,NCO,50.000000,10,False
155295,GOLD26DEC155100CE,GOLD,29DEC2026,15510000.000000,1,OPTFUT,NCO,50.000000,10,False
134289,GOLD27JUL167000CE,GOLD,29JUL2027,16700000.000000,1,OPTFUT,NCO,50.000000,10,False
134296,GOLD27JUL167300PE,GOLD,29JUL2027,16730000.000000,1,OPTFUT,NCO,50.000000,10,False
134301,GOLD27JUL167600CE,GOLD,29JUL2027,16760000.000000,1,OPTFUT,NCO,50.000000,10,False
134302,GOLD27JUL167600PE,GOLD,29JUL2027,16760000.000000,1,OPTFUT,NCO,50.000000,10,False
155297,GOLD26DEC155200CE,GOLD,29DEC2026,15520000.000000,1,OPTFUT,NCO,50.000000,10,False
155300,GOLD26DEC155300PE,GOLD,29DEC2026,15530000.000000,1,OPTFUT,NCO,50.000000,10,False
155303,GOLD26DEC155500CE,GOLD,29DEC2026,15550000.000000,1,OPTFUT,NCO,50.000000,10,False
155318,GOLD26DEC156200PE,GOLD,29DEC2026,15620000.000000,1,OPTFUT,NCO,50.000000,10,False
134322,GOLD27APR151000PE,GOLD,28APR2027,15100000.000000,1,OPTFUT,NCO,50.000000,10,False
134324,GOLD27APR151100PE,GOLD,28APR2027,15110000.000000,1,OPTFUT,NCO,50.000000,10,False
134347,CRUDEOIL26OCT10650CE,CRUDEOIL,08OCT2026,1065000.000000,1,OPTFUT,NCO,10.000000,100,False
134351,CRUDEOIL26OCT10750CE,CRUDEOIL,08OCT2026,1075000.000000,1,OPTFUT,NCO,10.000000,100,False
155320,GOLD26DEC156300PE,GOLD,29DEC2026,15630000.000000,1,OPTFUT,NCO,50.000000,10,False
155325,GOLD26DEC156600CE,GOLD,29DEC2026,15660000.000000,1,OPTFUT,NCO,50.000000,10,False
155347,GOLD26DEC157700CE,GOLD,29DEC2026,15770000.000000,1,OPTFUT,NCO,50.000000,10,False
155353,GOLD26DEC158000CE,GOLD,29DEC2026,15800000.000000,1,OPTFUT,NCO,50.000000,10,False
134356,GOLD27JUL168300PE,GOLD,29JUL2027,16830000.000000,1,OPTFUT,NCO,50.000000,10,False
134360,GOLD27JUL168500PE,GOLD,29JUL2027,16850000.000000,1,OPTFUT,NCO,50.000000,10,False
134405,GOLDM26SEP157800CE,GOLDM,25SEP2026,15780000.000000,1,OPTFUT,NCO,50.000000,100,False
134414,GOLDM26SEP158200PE,GOLDM,25SEP2026,15820000.000000,1,OPTFUT,NCO,50.000000,100,False
155576,GOLD26DEC169900PE,GOLD,29DEC2026,16990000.000000,1,OPTFUT,NCO,50.000000,10,False
155591,GOLD26DEC170700CE,GOLD,29DEC2026,17070000.000000,1,OPTFUT,NCO,50.000000,10,False
155594,GOLD26DEC170800PE,GOLD,29DEC2026,17080000.000000,1,OPTFUT,NCO,50.000000,10,False
156621,SILVERM26SEP312500CE,SILVERM,23SEP2026,31250000.000000,1,OPTFUT,NCO,50.000000,120,False
134424,GOLDM26SEP158700PE,GOLDM,25SEP2026,15870000.000000,1,OPTFUT,NCO,50.000000,100,False
134447,GOLDM26SEP159900CE,GOLDM,25SEP2026,15990000.000000,1,OPTFUT,NCO,50.000000,100,False
134460,GOLDM26SEP160300PE,GOLDM,25SEP2026,16030000.000000,1,OPTFUT,NCO,50.000000,100,False
134477,GOLD27MAY151400CE,GOLD,28MAY2027,15140000.000000,1,OPTFUT,NCO,50.000000,10,False
156624,SILVERM26SEP312750PE,SILVERM,23SEP2026,31275000.000000,1,OPTFUT,NCO,50.000000,120,False
156626,SILVERM26SEP313000PE,SILVERM,23SEP2026,31300000.000000,1,OPTFUT,NCO,50.000000,120,False
156628,SILVERM26SEP313250PE,SILVERM,23SEP2026,31325000.000000,1,OPTFUT,NCO,50.000000,120,False
156633,SILVERM26SEP314000CE,SILVERM,23SEP2026,31400000.000000,1,OPTFUT,NCO,50.000000,120,False
134481,GOLD27MAY151600CE,GOLD,28MAY2027,15160000.000000,1,OPTFUT,NCO,50.000000,10,False
134484,GOLD27MAY151700PE,GOLD,28MAY2027,15170000.000000,1,OPTFUT,NCO,50.000000,10,False
134505,COPPER26OCT1400CE,COPPER,23OCT2026,140000.000000,1,OPTFUT,NCO,1.000000,70,False
134520,CRUDEOIL26OCT10950PE,CRUDEOIL,08OCT2026,1095000.000000,1,OPTFUT,NCO,10.000000,100,False
156641,SILVERM26SEP315000CE,SILVERM,23SEP2026,31500000.000000,1,OPTFUT,NCO,50.000000,120,False
156658,SILVERM26SEP317000PE,SILVERM,23SEP2026,31700000.000000,1,OPTFUT,NCO,50.000000,120,False
156668,SILVERM26SEP318250PE,SILVERM,23SEP2026,31825000.000000,1,OPTFUT,NCO,50.000000,120,False
156672,SILVERM26SEP318750PE,SILVERM,23SEP2026,31875000.000000,1,OPTFUT,NCO,50.000000,120,False
156674,SILVERM26SEP319000PE,SILVERM,23SEP2026,31900000.000000,1,OPTFUT,NCO,50.000000,120,False
156676,SILVERM26SEP319250PE,SILVERM,23SEP2026,31925000.000000,1,OPTFUT,NCO,50.000000,120,False
156680,SILVERM26SEP319750PE,SILVERM,23SEP2026,31975000.000000,1,OPTFUT,NCO,50.000000,120,False
156681,SILVERM26SEP320000CE,SILVERM,23SEP2026,32000000.000000,1,OPTFUT,NCO,50.000000,120,False
134530,GOLDM26OCT158300PE,GOLDM,29OCT2026,15830000.000000,1,OPTFUT,NCO,50.000000,100,False
134532,GOLDM26OCT158400PE,GOLDM,29OCT2026,15840000.000000,1,OPTFUT,NCO,50.000000,100,False
134538,GOLDM26OCT158700PE,GOLDM,29OCT2026,15870000.000000,1,OPTFUT,NCO,50.000000,100,False
134539,GOLDM26OCT158800CE,GOLDM,29OCT2026,15880000.000000,1,OPTFUT,NCO,50.000000,100,False
156689,SILVERM26SEP321000CE,SILVERM,23SEP2026,32100000.000000,1,OPTFUT,NCO,50.000000,120,False
156711,SILVERM26SEP323750CE,SILVERM,23SEP2026,32375000.000000,1,OPTFUT,NCO,50.000000,120,False
156720,SILVERM26SEP324750PE,SILVERM,23SEP2026,32475000.000000,1,OPTFUT,NCO,50.000000,120,False
156731,SILVERM26SEP326250CE,SILVERM,23SEP2026,32625000.000000,1,OPTFUT,NCO,50.000000,120,False
134651,GOLD27MAY169100CE,GOLD,28MAY2027,16910000.000000,1,OPTFUT,NCO,50.000000,10,False
134658,GOLD27MAY169400PE,GOLD,28MAY2027,16940000.000000,1,OPTFUT,NCO,50.000000,10,False
134675,GOLD27JUN168200CE,GOLD,28JUN2027,16820000.000000,1,OPTFUT,NCO,50.000000,10,False
134679,GOLD27JUN168400CE,GOLD,28JUN2027,16840000.000000,1,OPTFUT,NCO,50.000000,10,False
156734,SILVERM26SEP326500PE,SILVERM,23SEP2026,32650000.000000,1,OPTFUT,NCO,50.000000,120,False
156741,SILVERM26SEP327500CE,SILVERM,23SEP2026,32750000.000000,1,OPTFUT,NCO,50.000000,120,False
156752,SILVERM26SEP328750PE,SILVERM,23SEP2026,32875000.000000,1,OPTFUT,NCO,50.000000,120,False
156759,SILVERM26OCT314500CE,SILVERM,23OCT2026,31450000.000000,1,OPTFUT,NCO,50.000000,120,False
134688,GOLD27JUN168800PE,GOLD,28JUN2027,16880000.000000,1,OPTFUT,NCO,50.000000,10,False
134701,GOLD27JUN169500CE,GOLD,28JUN2027,16950000.000000,1,OPTFUT,NCO,50.000000,10,False
134721,GOLD27JUN170500CE,GOLD,28JUN2027,17050000.000000,1,OPTFUT,NCO,50.000000,10,False
134734,GOLD27JUL168700PE,GOLD,29JUL2027,16870000.000000,1,OPTFUT,NCO,50.000000,10,False
156763,SILVERM26OCT315000CE,SILVERM,23OCT2026,31500000.000000,1,OPTFUT,NCO,50.000000,120,False
156786,SILVERM26OCT317750PE,SILVERM,23OCT2026,31775000.000000,1,OPTFUT,NCO,50.000000,120,False
156789,SILVERM26OCT318250CE,SILVERM,23OCT2026,31825000.000000,1,OPTFUT,NCO,50.000000,120,False
156798,SILVERM26OCT319250PE,SILVERM,23OCT2026,31925000.000000,1,OPTFUT,NCO,50.000000,120,False
134735,GOLD27JUL168800CE,GOLD,29JUL2027,16880000.000000,1,OPTFUT,NCO,50.000000,10,False
134764,GOLD27JUL169800PE,GOLD,29JUL2027,16980000.000000,1,OPTFUT,NCO,50.000000,10,False
134765,GOLD27FEB164100CE,GOLD,26FEB2027,16410000.000000,1,OPTFUT,NCO,50.000000,10,False
134767,GOLD27FEB164200CE,GOLD,26FEB2027,16420000.000000,1,OPTFUT,NCO,50.000000,10,False
156817,SILVERM26OCT321750CE,SILVERM,23OCT2026,32175000.000000,1,OPTFUT,NCO,50.000000,120,False
156824,SILVERM26OCT322500PE,SILVERM,23OCT2026,32250000.000000,1,OPTFUT,NCO,50.000000,120,False
156835,SILVERM26OCT324000CE,SILVERM,23OCT2026,32400000.000000,1,OPTFUT,NCO,50.000000,120,False
156847,SILVERM26OCT325500CE,SILVERM,23OCT2026,32550000.000000,1,OPTFUT,NCO,50.000000,120,False
126988,SILVERM26DEC246500PE,SILVERM,23DEC2026,24650000.000000,1,OPTFUT,NCO,50.000000,120,False
126998,SILVERM27MAR265500CE,SILVERM,24MAR2027,26550000.000000,1,OPTFUT,NCO,50.000000,120,False
127006,ZINC26OCT457.5CE,ZINC,23OCT2026,45750.000000,1,OPTFUT,NCO,1.000000,20,False
127024,SILVERM26DEC249500PE,SILVERM,23DEC2026,24950000.000000,1,OPTFUT,NCO,50.000000,120,False
156858,SILVERM26OCT326750PE,SILVERM,23OCT2026,32675000.000000,1,OPTFUT,NCO,50.000000,120,False
156864,SILVERM26OCT327500PE,SILVERM,23OCT2026,32750000.000000,1,OPTFUT,NCO,50.000000,120,False
156883,SILVERM26OCT330000CE,SILVERM,23OCT2026,33000000.000000,1,OPTFUT,NCO,50.000000,120,False
156886,SILVERM26OCT330250PE,SILVERM,23OCT2026,33025000.000000,1,OPTFUT,NCO,50.000000,120,False
156888,SILVERM26NOV315250PE,SILVERM,23NOV2026,31525000.000000,1,OPTFUT,NCO,50.000000,120,False
156893,SILVERM26NOV316000CE,SILVERM,23NOV2026,31600000.000000,1,OPTFUT,NCO,50.000000,120,False
156899,SILVERM26NOV316750CE,SILVERM,23NOV2026,31675000.000000,1,OPTFUT,NCO,50.000000,120,False
156922,SILVERM26NOV319500PE,SILVERM,23NOV2026,31950000.000000,1,OPTFUT,NCO,50.000000,120,False
127030,SILVER27MAR260000CE,SILVER,02MAR2027,26000000.000000,1,OPTBLN,NCO,50.000000,20,False
127032,SILVER27MAR223250CE,SILVER,02MAR2027,22325000.000000,1,OPTBLN,NCO,50.000000,20,False
127040,SILVER27MAR260250CE,SILVER,02MAR2027,26025000.000000,1,OPTBLN,NCO,50.000000,20,False
127054,CRUDEOIL26OCT11750CE,CRUDEOIL,08OCT2026,1175000.000000,1,OPTFUT,NCO,10.000000,100,False
127058,CRUDEOIL26OCT11850CE,CRUDEOIL,08OCT2026,1185000.000000,1,OPTFUT,NCO,10.000000,100,False
127061,CRUDEOIL26OCT11900PE,CRUDEOIL,08OCT2026,1190000.000000,1,OPTFUT,NCO,10.000000,100,False
127067,CRUDEOIL26OCT12050PE,CRUDEOIL,08OCT2026,1205000.000000,1,OPTFUT,NCO,10.000000,100,False
127070,CRUDEOIL26OCT12150CE,CRUDEOIL,08OCT2026,1215000.000000,1,OPTFUT,NCO,10.000000,100,False
156926,SILVERM26NOV320000PE,SILVERM,23NOV2026,32000000.000000,1,OPTFUT,NCO,50.000000,120,False
156947,SILVERM26NOV322750CE,SILVERM,23NOV2026,32275000.000000,1,OPTFUT,NCO,50.000000,120,False
156954,SILVERM26NOV323500PE,SILVERM,23NOV2026,32350000.000000,1,OPTFUT,NCO,50.000000,120,False
156964,SILVERM26NOV324750PE,SILVERM,23NOV2026,32475000.000000,1,OPTFUT,NCO,50.000000,120,False
127072,CRUDEOIL26OCT12200CE,CRUDEOIL,08OCT2026,1220000.000000,1,OPTFUT,NCO,10.000000,100,False
127073,SILVER27MAR224000PE,SILVER,02MAR2027,22400000.000000,1,OPTBLN,NCO,50.000000,20,False
127078,SILVERM27MAY285000CE,SILVERM,24MAY2027,28500000.000000,1,OPTFUT,NCO,50.000000,120,False
127080,SILVER27MAR224500CE,SILVER,02MAR2027,22450000.000000,1,OPTBLN,NCO,50.000000,20,False
156990,SILVERM26NOV328000PE,SILVERM,23NOV2026,32800000.000000,1,OPTFUT,NCO,50.000000,120,False
156998,SILVERM26NOV329000PE,SILVERM,23NOV2026,32900000.000000,1,OPTFUT,NCO,50.000000,120,False
156999,SILVERM26NOV329250CE,SILVERM,23NOV2026,32925000.000000,1,OPTFUT,NCO,50.000000,120,False
157001,SILVERM26NOV329500CE,SILVERM,23NOV2026,32950000.000000,1,OPTFUT,NCO,50.000000,120,False
157006,SILVERM26NOV330000PE,SILVERM,23NOV2026,33000000.000000,1,OPTFUT,NCO,50.000000,120,False
157010,SILVERM26NOV330500PE,SILVERM,23NOV2026,33050000.000000,1,OPTFUT,NCO,50.000000,120,False
157015,SILVERM26NOV331250CE,SILVERM,23NOV2026,33125000.000000,1,OPTFUT,NCO,50.000000,120,False
157018,SILVERM26NOV331500PE,SILVERM,23NOV2026,33150000.000000,1,OPTFUT,NCO,50.000000,120,False
127084,GOLDM26OCT152400CE,GOLDM,29OCT2026,15240000.000000,1,OPTFUT,NCO,50.000000,100,False
127103,SILVERM26DEC252000PE,SILVERM,23DEC2026,25200000.000000,1,OPTFUT,NCO,50.000000,120,False
127107,SILVERM26DEC252500PE,SILVERM,23DEC2026,25250000.000000,1,OPTFUT,NCO,50.000000,120,False
127112,GOLD27APR162000CE,GOLD,28APR2027,16200000.000000,1,OPTFUT,NCO,50.000000,10,False
157042,SILVERM26DEC319250PE,SILVERM,23DEC2026,31925000.000000,1,OPTFUT,NCO,50.000000,120,False
157061,SILVERM26DEC321750CE,SILVERM,23DEC2026,32175000.000000,1,OPTFUT,NCO,50.000000,120,False
157062,SILVERM26DEC321750PE,SILVERM,23DEC2026,32175000.000000,1,OPTFUT,NCO,50.000000,120,False
157094,SILVERM26DEC325750PE,SILVERM,23DEC2026,32575000.000000,1,OPTFUT,NCO,50.000000,120,False
127131,SILVERM27MAR272500PE,SILVERM,24MAR2027,27250000.000000,1,OPTFUT,NCO,50.000000,120,False
127115,GOLD27APR162100PE,GOLD,28APR2027,16210000.000000,1,OPTFUT,NCO,50.000000,10,False
127122,SILVERM27MAR271500CE,SILVERM,24MAR2027,27150000.000000,1,OPTFUT,NCO,50.000000,120,False
127128,SILVERM27MAR272250CE,SILVERM,24MAR2027,27225000.000000,1,OPTFUT,NCO,50.000000,120,False
157099,SILVERM26DEC326500CE,SILVERM,23DEC2026,32650000.000000,1,OPTFUT,NCO,50.000000,120,False
157104,SILVERM26DEC327000PE,SILVERM,23DEC2026,32700000.000000,1,OPTFUT,NCO,50.000000,120,False
157147,SILVERM26DEC332500CE,SILVERM,23DEC2026,33250000.000000,1,OPTFUT,NCO,50.000000,120,False
157148,SILVERM26DEC332500PE,SILVERM,23DEC2026,33250000.000000,1,OPTFUT,NCO,50.000000,120,False
127138,SILVERM27MAR266000CE,SILVERM,24MAR2027,26600000.000000,1,OPTFUT,NCO,50.000000,120,False
127140,SILVERM27MAR266250CE,SILVERM,24MAR2027,26625000.000000,1,OPTFUT,NCO,50.000000,120,False
127150,CRUDEOIL26NOV11900CE,CRUDEOIL,10NOV2026,1190000.000000,1,OPTFUT,NCO,10.000000,100,False
127151,CRUDEOIL26NOV11900PE,CRUDEOIL,10NOV2026,1190000.000000,1,OPTFUT,NCO,10.000000,100,False
157156,SILVERM26DEC333500PE,SILVERM,23DEC2026,33350000.000000,1,OPTFUT,NCO,50.000000,120,False
158310,GOLD26SEP156400PE,GOLD,25SEP2026,15640000.000000,1,OPTFUT,NCO,50.000000,10,False
158320,GOLD26SEP156900PE,GOLD,25SEP2026,15690000.000000,1,OPTFUT,NCO,50.000000,10,False
158323,GOLD26SEP157100CE,GOLD,25SEP2026,15710000.000000,1,OPTFUT,NCO,50.000000,10,False
127210,SILVERM27FEB292000CE,SILVERM,19FEB2027,29200000.000000,1,OPTFUT,NCO,50.000000,120,False
127215,SILVERM27FEB292500PE,SILVERM,19FEB2027,29250000.000000,1,OPTFUT,NCO,50.000000,120,False
127221,SILVERM27FEB293250PE,SILVERM,19FEB2027,29325000.000000,1,OPTFUT,NCO,50.000000,120,False
127231,SILVERM27FEB294500PE,SILVERM,19FEB2027,29450000.000000,1,OPTFUT,NCO,50.000000,120,False
158329,GOLD26SEP157400CE,GOLD,25SEP2026,15740000.000000,1,OPTFUT,NCO,50.000000,10,False
158336,GOLD26SEP157700PE,GOLD,25SEP2026,15770000.000000,1,OPTFUT,NCO,50.000000,10,False
158349,GOLD26SEP158400CE,GOLD,25SEP2026,15840000.000000,1,OPTFUT,NCO,50.000000,10,False
158371,GOLD26SEP159500CE,GOLD,25SEP2026,15950000.000000,1,OPTFUT,NCO,50.000000,10,False
158377,GOLD26SEP159800CE,GOLD,25SEP2026,15980000.000000,1,OPTFUT,NCO,50.000000,10,False
158380,GOLD26SEP159900PE,GOLD,25SEP2026,15990000.000000,1,OPTFUT,NCO,50.000000,10,False
158382,GOLD26SEP160000PE,GOLD,25SEP2026,16000000.000000,1,OPTFUT,NCO,50.000000,10,False
158385,GOLD26SEP160200CE,GOLD,25SEP2026,16020000.000000,1,OPTFUT,NCO,50.000000,10,False
127246,SILVERM27FEB295500PE,SILVERM,19FEB2027,29550000.000000,1,OPTFUT,NCO,50.000000,120,False
127263,SILVERM27FEB297500CE,SILVERM,19FEB2027,29750000.000000,1,OPTFUT,NCO,50.000000,120,False
127264,SILVERM27FEB297500PE,SILVERM,19FEB2027,29750000.000000,1,OPTFUT,NCO,50.000000,120,False
127270,SILVERM27FEB298250PE,SILVERM,19FEB2027,29825000.000000,1,OPTFUT,NCO,50.000000,120,False
127321,SILVERM27FEB300750CE,SILVERM,19FEB2027,30075000.000000,1,OPTFUT,NCO,50.000000,120,False
158403,GOLD26SEP161100CE,GOLD,25SEP2026,16110000.000000,1,OPTFUT,NCO,50.000000,10,False
158404,GOLD26SEP161100PE,GOLD,25SEP2026,16110000.000000,1,OPTFUT,NCO,50.000000,10,False
158409,GOLD26SEP161400CE,GOLD,25SEP2026,16140000.000000,1,OPTFUT,NCO,50.000000,10,False
158418,GOLD26SEP161800PE,GOLD,25SEP2026,16180000.000000,1,OPTFUT,NCO,50.000000,10,False
127290,SILVERM27APR272500PE,SILVERM,23APR2027,27250000.000000,1,OPTFUT,NCO,50.000000,120,False
127292,SILVERM27APR272750PE,SILVERM,23APR2027,27275000.000000,1,OPTFUT,NCO,50.000000,120,False
127313,SILVERM27FEB299750CE,SILVERM,19FEB2027,29975000.000000,1,OPTFUT,NCO,50.000000,120,False
127347,GOLD27MAR153300PE,GOLD,29MAR2027,15330000.000000,1,OPTFUT,NCO,50.000000,10,False
127367,SILVERM27APR274500CE,SILVERM,23APR2027,27450000.000000,1,OPTFUT,NCO,50.000000,120,False
127382,SILVERM27JUL245750PE,SILVERM,23JUL2027,24575000.000000,1,OPTFUT,NCO,50.000000,120,False
127384,SILVERM27JUL246000PE,SILVERM,23JUL2027,24600000.000000,1,OPTFUT,NCO,50.000000,120,False
158420,GOLD26SEP161900PE,GOLD,25SEP2026,16190000.000000,1,OPTFUT,NCO,50.000000,10,False
158428,GOLD26SEP162300PE,GOLD,25SEP2026,16230000.000000,1,OPTFUT,NCO,50.000000,10,False
158429,GOLD26SEP162400CE,GOLD,25SEP2026,16240000.000000,1,OPTFUT,NCO,50.000000,10,False
158432,GOLD26SEP162500PE,GOLD,25SEP2026,16250000.000000,1,OPTFUT,NCO,50.000000,10,False
158441,GOLD26OCT156900CE,GOLD,29OCT2026,15690000.000000,1,OPTFUT,NCO,50.000000,10,False
158447,GOLD26OCT157200CE,GOLD,29OCT2026,15720000.000000,1,OPTFUT,NCO,50.000000,10,False
158453,GOLD26OCT157500CE,GOLD,29OCT2026,15750000.000000,1,OPTFUT,NCO,50.000000,10,False
158463,GOLD26OCT158000CE,GOLD,29OCT2026,15800000.000000,1,OPTFUT,NCO,50.000000,10,False
127394,ZINC26SEP420PE,ZINC,23SEP2026,42000.000000,1,OPTFUT,NCO,1.000000,20,False
127397,ZINC26OCT422.5CE,ZINC,23OCT2026,42250.000000,1,OPTFUT,NCO,1.000000,20,False
127400,ZINC26NOV422.5PE,ZINC,23NOV2026,42250.000000,1,OPTFUT,NCO,1.000000,20,False
127401,ZINC26NOV425CE,ZINC,23NOV2026,42500.000000,1,OPTFUT,NCO,1.000000,20,False
158472,GOLD26OCT158400PE,GOLD,29OCT2026,15840000.000000,1,OPTFUT,NCO,50.000000,10,False
158474,GOLD26OCT158500PE,GOLD,29OCT2026,15850000.000000,1,OPTFUT,NCO,50.000000,10,False
158481,GOLD26OCT158900CE,GOLD,29OCT2026,15890000.000000,1,OPTFUT,NCO,50.000000,10,False
158499,GOLD26OCT159800CE,GOLD,29OCT2026,15980000.000000,1,OPTFUT,NCO,50.000000,10,False
127407,GOLD27JUN159100CE,GOLD,28JUN2027,15910000.000000,1,OPTFUT,NCO,50.000000,10,False
127428,SILVERM27JAN306250PE,SILVERM,21JAN2027,30625000.000000,1,OPTFUT,NCO,50.000000,120,False
127429,SILVERM27JAN306500CE,SILVERM,21JAN2027,30650000.000000,1,OPTFUT,NCO,50.000000,120,False
127430,SILVERM27JAN306500PE,SILVERM,21JAN2027,30650000.000000,1,OPTFUT,NCO,50.000000,120,False
158506,GOLD26OCT160100PE,GOLD,29OCT2026,16010000.000000,1,OPTFUT,NCO,50.000000,10,False
158531,GOLD26OCT161400CE,GOLD,29OCT2026,16140000.000000,1,OPTFUT,NCO,50.000000,10,False
158562,GOLD26OCT162900PE,GOLD,29OCT2026,16290000.000000,1,OPTFUT,NCO,50.000000,10,False
158578,GOLD26OCT163700PE,GOLD,29OCT2026,16370000.000000,1,OPTFUT,NCO,50.000000,10,False
127436,SILVERM27JAN307250PE,SILVERM,21JAN2027,30725000.000000,1,OPTFUT,NCO,50.000000,120,False
127442,SILVERM27JAN308000PE,SILVERM,21JAN2027,30800000.000000,1,OPTFUT,NCO,50.000000,120,False
127443,SILVERM27JAN308250CE,SILVERM,21JAN2027,30825000.000000,1,OPTFUT,NCO,50.000000,120,False
127455,GOLD27MAR153800PE,GOLD,29MAR2027,15380000.000000,1,OPTFUT,NCO,50.000000,10,False
158589,GOLD26NOV158100CE,GOLD,27NOV2026,15810000.000000,1,OPTFUT,NCO,50.000000,10,False
158592,GOLD26NOV158200PE,GOLD,27NOV2026,15820000.000000,1,OPTFUT,NCO,50.000000,10,False
158601,GOLD26NOV158700CE,GOLD,27NOV2026,15870000.000000,1,OPTFUT,NCO,50.000000,10,False
158605,GOLD26NOV158900CE,GOLD,27NOV2026,15890000.000000,1,OPTFUT,NCO,50.000000,10,False
158672,GOLD26NOV162200PE,GOLD,27NOV2026,16220000.000000,1,OPTFUT,NCO,50.000000,10,False
127457,GOLD27MAR153900PE,GOLD,29MAR2027,15390000.000000,1,OPTFUT,NCO,50.000000,10,False
127458,GOLD27MAR154000CE,GOLD,29MAR2027,15400000.000000,1,OPTFUT,NCO,50.000000,10,False
127466,GOLD27MAR154400CE,GOLD,29MAR2027,15440000.000000,1,OPTFUT,NCO,50.000000,10,False
127482,GOLD27MAR155200CE,GOLD,29MAR2027,15520000.000000,1,OPTFUT,NCO,50.000000,10,False
158645,GOLD26NOV160900CE,GOLD,27NOV2026,16090000.000000,1,OPTFUT,NCO,50.000000,10,False
158662,GOLD26NOV161700PE,GOLD,27NOV2026,16170000.000000,1,OPTFUT,NCO,50.000000,10,False
158663,GOLD26NOV161800CE,GOLD,27NOV2026,16180000.000000,1,OPTFUT,NCO,50.000000,10,False
158689,GOLD26NOV163100CE,GOLD,27NOV2026,16310000.000000,1,OPTFUT,NCO,50.000000,10,False
158691,GOLD26NOV163200CE,GOLD,27NOV2026,16320000.000000,1,OPTFUT,NCO,50.000000,10,False
158696,GOLD26NOV163400PE,GOLD,27NOV2026,16340000.000000,1,OPTFUT,NCO,50.000000,10,False
158698,GOLD26NOV163500PE,GOLD,27NOV2026,16350000.000000,1,OPTFUT,NCO,50.000000,10,False
127490,GOLD27MAR155600CE,GOLD,29MAR2027,15560000.000000,1,OPTFUT,NCO,50.000000,10,False
127494,GOLD27MAR155800CE,GOLD,29MAR2027,15580000.000000,1,OPTFUT,NCO,50.000000,10,False
127507,GOLD27MAR156400PE,GOLD,29MAR2027,15640000.000000,1,OPTFUT,NCO,50.000000,10,False
127519,GOLD27MAR157000PE,GOLD,29MAR2027,15700000.000000,1,OPTFUT,NCO,50.000000,10,False
158699,GOLD26NOV163600CE,GOLD,27NOV2026,16360000.000000,1,OPTFUT,NCO,50.000000,10,False
158701,GOLD26NOV163700CE,GOLD,27NOV2026,16370000.000000,1,OPTFUT,NCO,50.000000,10,False
158702,GOLD26NOV163700PE,GOLD,27NOV2026,16370000.000000,1,OPTFUT,NCO,50.000000,10,False
158718,GOLD26NOV164500PE,GOLD,27NOV2026,16450000.000000,1,OPTFUT,NCO,50.000000,10,False
127523,SILVERM27APR275750CE,SILVERM,23APR2027,27575000.000000,1,OPTFUT,NCO,50.000000,120,False
127524,SILVERM27APR275750PE,SILVERM,23APR2027,27575000.000000,1,OPTFUT,NCO,50.000000,120,False
127536,ZINC26SEP372.5CE,ZINC,23SEP2026,37250.000000,1,OPTFUT,NCO,1.000000,20,False
127538,ZINC26SEP375CE,ZINC,23SEP2026,37500.000000,1,OPTFUT,NCO,1.000000,20,False
158722,GOLD26DEC158500PE,GOLD,29DEC2026,15850000.000000,1,OPTFUT,NCO,50.000000,10,False
158746,GOLD26DEC159700PE,GOLD,29DEC2026,15970000.000000,1,OPTFUT,NCO,50.000000,10,False
158750,GOLD26DEC159900PE,GOLD,29DEC2026,15990000.000000,1,OPTFUT,NCO,50.000000,10,False
158774,GOLD26DEC161100PE,GOLD,29DEC2026,16110000.000000,1,OPTFUT,NCO,50.000000,10,False
158796,GOLD26DEC162200PE,GOLD,29DEC2026,16220000.000000,1,OPTFUT,NCO,50.000000,10,False
158816,GOLD26DEC163200PE,GOLD,29DEC2026,16320000.000000,1,OPTFUT,NCO,50.000000,10,False
158830,GOLD26DEC163900PE,GOLD,29DEC2026,16390000.000000,1,OPTFUT,NCO,50.000000,10,False
127539,ZINC26SEP375PE,ZINC,23SEP2026,37500.000000,1,OPTFUT,NCO,1.000000,20,False
127550,SILVERM27MAR229000PE,SILVERM,24MAR2027,22900000.000000,1,OPTFUT,NCO,50.000000,120,False
127554,SILVERM27MAR229500PE,SILVERM,24MAR2027,22950000.000000,1,OPTFUT,NCO,50.000000,120,False
127559,GOLD27JUN159500CE,GOLD,28JUN2027,15950000.000000,1,OPTFUT,NCO,50.000000,10,False
158825,GOLD26DEC163700CE,GOLD,29DEC2026,16370000.000000,1,OPTFUT,NCO,50.000000,10,False
127573,GOLD27JUL159800CE,GOLD,29JUL2027,15980000.000000,1,OPTFUT,NCO,50.000000,10,False
127576,GOLD27JUL159900PE,GOLD,29JUL2027,15990000.000000,1,OPTFUT,NCO,50.000000,10,False
127585,SILVER27MAR229000CE,SILVER,02MAR2027,22900000.000000,1,OPTBLN,NCO,50.000000,20,False
127586,SILVER27MAR229000PE,SILVER,02MAR2027,22900000.000000,1,OPTBLN,NCO,50.000000,20,False
158831,GOLD26DEC164000CE,GOLD,29DEC2026,16400000.000000,1,OPTFUT,NCO,50.000000,10,False
158834,GOLD26DEC164100PE,GOLD,29DEC2026,16410000.000000,1,OPTFUT,NCO,50.000000,10,False
158837,GOLD26DEC164300CE,GOLD,29DEC2026,16430000.000000,1,OPTFUT,NCO,50.000000,10,False
158845,GOLD26DEC164700CE,GOLD,29DEC2026,16470000.000000,1,OPTFUT,NCO,50.000000,10,False
127593,SILVER27MAR230000CE,SILVER,02MAR2027,23000000.000000,1,OPTBLN,NCO,50.000000,20,False
127610,SILVER26DEC220000PE,SILVER,01DEC2026,22000000.000000,1,OPTBLN,NCO,50.000000,20,False
127619,SILVER26DEC221250CE,SILVER,01DEC2026,22125000.000000,1,OPTBLN,NCO,50.000000,20,False
158857,GOLD26DEC165300CE,GOLD,29DEC2026,16530000.000000,1,OPTFUT,NCO,50.000000,10,False
159590,SILVERM26SEP330750PE,SILVERM,23SEP2026,33075000.000000,1,OPTFUT,NCO,50.000000,120,False
159598,SILVERM26SEP331750PE,SILVERM,23SEP2026,33175000.000000,1,OPTFUT,NCO,50.000000,120,False
159611,SILVERM26SEP333500CE,SILVERM,23SEP2026,33350000.000000,1,OPTFUT,NCO,50.000000,120,False
127615,SILVER26DEC220750CE,SILVER,01DEC2026,22075000.000000,1,OPTBLN,NCO,50.000000,20,False
159633,SILVERM26OCT333000CE,SILVERM,23OCT2026,33300000.000000,1,OPTFUT,NCO,50.000000,120,False
159640,SILVERM26OCT333750PE,SILVERM,23OCT2026,33375000.000000,1,OPTFUT,NCO,50.000000,120,False
159651,SILVERM26OCT335250CE,SILVERM,23OCT2026,33525000.000000,1,OPTFUT,NCO,50.000000,120,False
159654,SILVERM26NOV332250PE,SILVERM,23NOV2026,33225000.000000,1,OPTFUT,NCO,50.000000,120,False
127645,SILVER26DEC224500CE,SILVER,01DEC2026,22450000.000000,1,OPTBLN,NCO,50.000000,20,False
127658,SILVER26DEC226000PE,SILVER,01DEC2026,22600000.000000,1,OPTBLN,NCO,50.000000,20,False
127680,SILVER26DEC228750PE,SILVER,01DEC2026,22875000.000000,1,OPTBLN,NCO,50.000000,20,False
127706,SILVER26DEC232000PE,SILVER,01DEC2026,23200000.000000,1,OPTBLN,NCO,50.000000,20,False
159662,SILVERM26NOV333250PE,SILVERM,23NOV2026,33325000.000000,1,OPTFUT,NCO,50.000000,120,False
159670,SILVERM26NOV334250PE,SILVERM,23NOV2026,33425000.000000,1,OPTFUT,NCO,50.000000,120,False
159675,SILVERM26NOV335000CE,SILVERM,23NOV2026,33500000.000000,1,OPTFUT,NCO,50.000000,120,False
159709,SILVERM26DEC336000CE,SILVERM,23DEC2026,33600000.000000,1,OPTFUT,NCO,50.000000,120,False
127714,SILVERM27FEB302000PE,SILVERM,19FEB2027,30200000.000000,1,OPTFUT,NCO,50.000000,120,False
127716,SILVERM27FEB302250PE,SILVERM,19FEB2027,30225000.000000,1,OPTFUT,NCO,50.000000,120,False
127719,SILVERM27FEB302750CE,SILVERM,19FEB2027,30275000.000000,1,OPTFUT,NCO,50.000000,120,False
127748,SILVER26DEC233000CE,SILVER,01DEC2026,23300000.000000,1,OPTBLN,NCO,50.000000,20,False
159728,SILVERM26DEC338250PE,SILVERM,23DEC2026,33825000.000000,1,OPTFUT,NCO,50.000000,120,False
161690,SILVERM26SEP335750PE,SILVERM,23SEP2026,33575000.000000,1,OPTFUT,NCO,50.000000,120,False
161694,SILVERM26SEP336250PE,SILVERM,23SEP2026,33625000.000000,1,OPTFUT,NCO,50.000000,120,False
161695,SILVERM26SEP336500CE,SILVERM,23SEP2026,33650000.000000,1,OPTFUT,NCO,50.000000,120,False
127756,GOLD27JUL160000PE,GOLD,29JUL2027,16000000.000000,1,OPTFUT,NCO,50.000000,10,False
127758,GOLD27JUL160100PE,GOLD,29JUL2027,16010000.000000,1,OPTFUT,NCO,50.000000,10,False
127762,GOLD27JUL160300PE,GOLD,29JUL2027,16030000.000000,1,OPTFUT,NCO,50.000000,10,False
127768,SILVER26DEC234250PE,SILVER,01DEC2026,23425000.000000,1,OPTBLN,NCO,50.000000,20,False
161718,SILVERM26SEP339250PE,SILVERM,23SEP2026,33925000.000000,1,OPTFUT,NCO,50.000000,120,False
161696,SILVERM26SEP336500PE,SILVERM,23SEP2026,33650000.000000,1,OPTFUT,NCO,50.000000,120,False
161711,SILVERM26SEP338500CE,SILVERM,23SEP2026,33850000.000000,1,OPTFUT,NCO,50.000000,120,False
161712,SILVERM26SEP338500PE,SILVERM,23SEP2026,33850000.000000,1,OPTFUT,NCO,50.000000,120,False
127769,SILVER26DEC234500CE,SILVER,01DEC2026,23450000.000000,1,OPTBLN,NCO,50.000000,20,False
127775,SILVER26DEC235250CE,SILVER,01DEC2026,23525000.000000,1,OPTBLN,NCO,50.000000,20,False
127777,SILVER26DEC235500CE,SILVER,01DEC2026,23550000.000000,1,OPTBLN,NCO,50.000000,20,False
127778,SILVER26DEC235500PE,SILVER,01DEC2026,23550000.000000,1,OPTBLN,NCO,50.000000,20,False
161725,SILVERM26SEP340250CE,SILVERM,23SEP2026,34025000.000000,1,OPTFUT,NCO,50.000000,120,False
161735,SILVERM26SEP341500CE,SILVERM,23SEP2026,34150000.000000,1,OPTFUT,NCO,50.000000,120,False
161739,SILVERM26SEP342000CE,SILVERM,23SEP2026,34200000.000000,1,OPTFUT,NCO,50.000000,120,False
161747,SILVERM26SEP343000CE,SILVERM,23SEP2026,34300000.000000,1,OPTFUT,NCO,50.000000,120,False
161749,SILVERM26SEP343250CE,SILVERM,23SEP2026,34325000.000000,1,OPTFUT,NCO,50.000000,120,False
161753,SILVERM26SEP343750CE,SILVERM,23SEP2026,34375000.000000,1,OPTFUT,NCO,50.000000,120,False
161771,SILVERM26SEP346000CE,SILVERM,23SEP2026,34600000.000000,1,OPTFUT,NCO,50.000000,120,False
161772,SILVERM26SEP346000PE,SILVERM,23SEP2026,34600000.000000,1,OPTFUT,NCO,50.000000,120,False
127813,GOLD27JUL160700CE,GOLD,29JUL2027,16070000.000000,1,OPTFUT,NCO,50.000000,10,False
127782,SILVER26DEC236000PE,SILVER,01DEC2026,23600000.000000,1,OPTBLN,NCO,50.000000,20,False
127788,GOLD27JUL160400PE,GOLD,29JUL2027,16040000.000000,1,OPTFUT,NCO,50.000000,10,False
127810,SILVERM27MAR278500PE,SILVERM,24MAR2027,27850000.000000,1,OPTFUT,NCO,50.000000,120,False
161833,SILVERM26SEP353750CE,SILVERM,23SEP2026,35375000.000000,1,OPTFUT,NCO,50.000000,120,False
161838,SILVERM26SEP354250PE,SILVERM,23SEP2026,35425000.000000,1,OPTFUT,NCO,50.000000,120,False
161842,SILVERM26SEP354750PE,SILVERM,23SEP2026,35475000.000000,1,OPTFUT,NCO,50.000000,120,False
161855,SILVERM26SEP356500CE,SILVERM,23SEP2026,35650000.000000,1,OPTFUT,NCO,50.000000,120,False
127816,GOLD27JUL160800PE,GOLD,29JUL2027,16080000.000000,1,OPTFUT,NCO,50.000000,10,False
127821,SILVER27MAR230500CE,SILVER,02MAR2027,23050000.000000,1,OPTBLN,NCO,50.000000,20,False
127824,SILVER27MAR230750PE,SILVER,02MAR2027,23075000.000000,1,OPTBLN,NCO,50.000000,20,False
127827,SILVER27MAR231250CE,SILVER,02MAR2027,23125000.000000,1,OPTBLN,NCO,50.000000,20,False
161863,SILVERM26SEP357500CE,SILVERM,23SEP2026,35750000.000000,1,OPTFUT,NCO,50.000000,120,False
161864,SILVERM26SEP357500PE,SILVERM,23SEP2026,35750000.000000,1,OPTFUT,NCO,50.000000,120,False
161866,SILVERM26SEP357750PE,SILVERM,23SEP2026,35775000.000000,1,OPTFUT,NCO,50.000000,120,False
161883,SILVERM26SEP360000CE,SILVERM,23SEP2026,36000000.000000,1,OPTFUT,NCO,50.000000,120,False
127830,SILVER27MAR231500PE,SILVER,02MAR2027,23150000.000000,1,OPTBLN,NCO,50.000000,20,False
127832,SILVER27MAR231750PE,SILVER,02MAR2027,23175000.000000,1,OPTBLN,NCO,50.000000,20,False
127841,SILVERM27JAN310250CE,SILVERM,21JAN2027,31025000.000000,1,OPTFUT,NCO,50.000000,120,False
127861,SILVER26DEC237000CE,SILVER,01DEC2026,23700000.000000,1,OPTBLN,NCO,50.000000,20,False
161902,SILVERM26SEP362250PE,SILVERM,23SEP2026,36225000.000000,1,OPTFUT,NCO,50.000000,120,False
161919,SILVERM26SEP364500CE,SILVERM,23SEP2026,36450000.000000,1,OPTFUT,NCO,50.000000,120,False
161921,SILVERM26SEP364750CE,SILVERM,23SEP2026,36475000.000000,1,OPTFUT,NCO,50.000000,120,False
161925,SILVERM26SEP365250CE,SILVERM,23SEP2026,36525000.000000,1,OPTFUT,NCO,50.000000,120,False
127882,SILVER26DEC239500PE,SILVER,01DEC2026,23950000.000000,1,OPTBLN,NCO,50.000000,20,False
127884,SILVERM27MAR278750PE,SILVERM,24MAR2027,27875000.000000,1,OPTFUT,NCO,50.000000,120,False
127910,SILVERM27MAR230250CE,SILVERM,24MAR2027,23025000.000000,1,OPTFUT,NCO,50.000000,120,False
127913,SILVERM27MAR230500PE,SILVERM,24MAR2027,23050000.000000,1,OPTFUT,NCO,50.000000,120,False
161929,SILVERM26SEP365750CE,SILVERM,23SEP2026,36575000.000000,1,OPTFUT,NCO,50.000000,120,False
161930,SILVERM26SEP365750PE,SILVERM,23SEP2026,36575000.000000,1,OPTFUT,NCO,50.000000,120,False
161943,SILVERM26OCT338500CE,SILVERM,23OCT2026,33850000.000000,1,OPTFUT,NCO,50.000000,120,False
161945,SILVERM26OCT338750CE,SILVERM,23OCT2026,33875000.000000,1,OPTFUT,NCO,50.000000,120,False
161949,SILVERM26OCT339250CE,SILVERM,23OCT2026,33925000.000000,1,OPTFUT,NCO,50.000000,120,False
161952,SILVERM26OCT339500PE,SILVERM,23OCT2026,33950000.000000,1,OPTFUT,NCO,50.000000,120,False
161962,SILVERM26OCT340750PE,SILVERM,23OCT2026,34075000.000000,1,OPTFUT,NCO,50.000000,120,False
161978,SILVERM26OCT342750PE,SILVERM,23OCT2026,34275000.000000,1,OPTFUT,NCO,50.000000,120,False
127914,SILVERM27MAR230750CE,SILVERM,24MAR2027,23075000.000000,1,OPTFUT,NCO,50.000000,120,False
127921,SILVERM27MAR231500PE,SILVERM,24MAR2027,23150000.000000,1,OPTFUT,NCO,50.000000,120,False
127954,GOLD26OCT133300CE,GOLD,29OCT2026,13330000.000000,1,OPTFUT,NCO,50.000000,10,False
127959,SILVER26DEC239750CE,SILVER,01DEC2026,23975000.000000,1,OPTBLN,NCO,50.000000,20,False
161980,SILVERM26OCT343000PE,SILVERM,23OCT2026,34300000.000000,1,OPTFUT,NCO,50.000000,120,False
161984,SILVERM26OCT343500PE,SILVERM,23OCT2026,34350000.000000,1,OPTFUT,NCO,50.000000,120,False
161989,SILVERM26OCT344250CE,SILVERM,23OCT2026,34425000.000000,1,OPTFUT,NCO,50.000000,120,False
161996,SILVERM26OCT345000PE,SILVERM,23OCT2026,34500000.000000,1,OPTFUT,NCO,50.000000,120,False
127978,SILVERM27MAR281000PE,SILVERM,24MAR2027,28100000.000000,1,OPTFUT,NCO,50.000000,120,False
162005,SILVERM26OCT346250CE,SILVERM,23OCT2026,34625000.000000,1,OPTFUT,NCO,50.000000,120,False
162021,SILVERM26OCT348250CE,SILVERM,23OCT2026,34825000.000000,1,OPTFUT,NCO,50.000000,120,False
162051,SILVERM26OCT352000CE,SILVERM,23OCT2026,35200000.000000,1,OPTFUT,NCO,50.000000,120,False
162055,SILVERM26OCT352500CE,SILVERM,23OCT2026,35250000.000000,1,OPTFUT,NCO,50.000000,120,False
127968,SILVERM27MAR279750PE,SILVERM,24MAR2027,27975000.000000,1,OPTFUT,NCO,50.000000,120,False
127973,SILVERM27MAR280500CE,SILVERM,24MAR2027,28050000.000000,1,OPTFUT,NCO,50.000000,120,False
127976,SILVERM27MAR280750PE,SILVERM,24MAR2027,28075000.000000,1,OPTFUT,NCO,50.000000,120,False
162062,SILVERM26OCT353250PE,SILVERM,23OCT2026,35325000.000000,1,OPTFUT,NCO,50.000000,120,False
162082,SILVERM26OCT355750PE,SILVERM,23OCT2026,35575000.000000,1,OPTFUT,NCO,50.000000,120,False
162100,SILVERM26OCT358000PE,SILVERM,23OCT2026,35800000.000000,1,OPTFUT,NCO,50.000000,120,False
162105,SILVERM26OCT358750CE,SILVERM,23OCT2026,35875000.000000,1,OPTFUT,NCO,50.000000,120,False
127981,SILVERM27MAR281500CE,SILVERM,24MAR2027,28150000.000000,1,OPTFUT,NCO,50.000000,120,False
127986,SILVERM27MAR282000PE,SILVERM,24MAR2027,28200000.000000,1,OPTFUT,NCO,50.000000,120,False
128019,SILVER27MAR233000CE,SILVER,02MAR2027,23300000.000000,1,OPTBLN,NCO,50.000000,20,False
128020,SILVER27MAR233000PE,SILVER,02MAR2027,23300000.000000,1,OPTBLN,NCO,50.000000,20,False
162108,SILVERM26OCT359000PE,SILVERM,23OCT2026,35900000.000000,1,OPTFUT,NCO,50.000000,120,False
162111,SILVERM26OCT359500CE,SILVERM,23OCT2026,35950000.000000,1,OPTFUT,NCO,50.000000,120,False
162116,SILVERM26OCT360000PE,SILVERM,23OCT2026,36000000.000000,1,OPTFUT,NCO,50.000000,120,False
162136,SILVERM26OCT362500PE,SILVERM,23OCT2026,36250000.000000,1,OPTFUT,NCO,50.000000,120,False
128022,SILVER27MAR233250PE,SILVER,02MAR2027,23325000.000000,1,OPTBLN,NCO,50.000000,20,False
128040,SILVER27MAR235500PE,SILVER,02MAR2027,23550000.000000,1,OPTBLN,NCO,50.000000,20,False
128044,SILVERM26SEP195000PE,SILVERM,23SEP2026,19500000.000000,1,OPTFUT,NCO,50.000000,120,False
128058,SILVERM27JAN313500PE,SILVERM,21JAN2027,31350000.000000,1,OPTFUT,NCO,50.000000,120,False
162138,SILVERM26OCT362750PE,SILVERM,23OCT2026,36275000.000000,1,OPTFUT,NCO,50.000000,120,False
162158,SILVERM26OCT365250PE,SILVERM,23OCT2026,36525000.000000,1,OPTFUT,NCO,50.000000,120,False
162165,SILVERM26OCT366250CE,SILVERM,23OCT2026,36625000.000000,1,OPTFUT,NCO,50.000000,120,False
162180,SILVERM26NOV339000PE,SILVERM,23NOV2026,33900000.000000,1,OPTFUT,NCO,50.000000,120,False
128073,SILVERM27JAN315500CE,SILVERM,21JAN2027,31550000.000000,1,OPTFUT,NCO,50.000000,120,False
128085,SILVER26DEC241000PE,SILVER,01DEC2026,24100000.000000,1,OPTBLN,NCO,50.000000,20,False
128088,SILVER26DEC241500CE,SILVER,01DEC2026,24150000.000000,1,OPTBLN,NCO,50.000000,20,False
128091,SILVER26DEC241750PE,SILVER,01DEC2026,24175000.000000,1,OPTBLN,NCO,50.000000,20,False
162254,SILVERM26NOV348250PE,SILVERM,23NOV2026,34825000.000000,1,OPTFUT,NCO,50.000000,120,False
162193,SILVERM26NOV340750CE,SILVERM,23NOV2026,34075000.000000,1,OPTFUT,NCO,50.000000,120,False
162210,SILVERM26NOV342750PE,SILVERM,23NOV2026,34275000.000000,1,OPTFUT,NCO,50.000000,120,False
162253,SILVERM26NOV348250CE,SILVERM,23NOV2026,34825000.000000,1,OPTFUT,NCO,50.000000,120,False
128106,SILVER26DEC243750CE,SILVER,01DEC2026,24375000.000000,1,OPTBLN,NCO,50.000000,20,False
128112,SILVER26DEC244500CE,SILVER,01DEC2026,24450000.000000,1,OPTBLN,NCO,50.000000,20,False
128113,SILVER26DEC244500PE,SILVER,01DEC2026,24450000.000000,1,OPTBLN,NCO,50.000000,20,False
128122,GOLD26OCT133800CE,GOLD,29OCT2026,13380000.000000,1,OPTFUT,NCO,50.000000,10,False
162257,SILVERM26NOV348750CE,SILVERM,23NOV2026,34875000.000000,1,OPTFUT,NCO,50.000000,120,False
162263,SILVERM26NOV349500CE,SILVERM,23NOV2026,34950000.000000,1,OPTFUT,NCO,50.000000,120,False
162267,SILVERM26NOV350000CE,SILVERM,23NOV2026,35000000.000000,1,OPTFUT,NCO,50.000000,120,False
162281,SILVERM26NOV351750CE,SILVERM,23NOV2026,35175000.000000,1,OPTFUT,NCO,50.000000,120,False
128127,SILVERM27JAN316750PE,SILVERM,21JAN2027,31675000.000000,1,OPTFUT,NCO,50.000000,120,False
128135,SILVERM27JAN317750PE,SILVERM,21JAN2027,31775000.000000,1,OPTFUT,NCO,50.000000,120,False
128153,SILVERM27JAN320000PE,SILVERM,21JAN2027,32000000.000000,1,OPTFUT,NCO,50.000000,120,False
128157,SILVERM27JAN320500PE,SILVERM,21JAN2027,32050000.000000,1,OPTFUT,NCO,50.000000,120,False
162287,SILVERM26NOV352500CE,SILVERM,23NOV2026,35250000.000000,1,OPTFUT,NCO,50.000000,120,False
162303,SILVERM26NOV354500CE,SILVERM,23NOV2026,35450000.000000,1,OPTFUT,NCO,50.000000,120,False
162312,SILVERM26NOV355500PE,SILVERM,23NOV2026,35550000.000000,1,OPTFUT,NCO,50.000000,120,False
162319,SILVERM26NOV356500CE,SILVERM,23NOV2026,35650000.000000,1,OPTFUT,NCO,50.000000,120,False
162321,SILVERM26NOV356750CE,SILVERM,23NOV2026,35675000.000000,1,OPTFUT,NCO,50.000000,120,False
162322,SILVERM26NOV356750PE,SILVERM,23NOV2026,35675000.000000,1,OPTFUT,NCO,50.000000,120,False
162329,SILVERM26NOV357750CE,SILVERM,23NOV2026,35775000.000000,1,OPTFUT,NCO,50.000000,120,False
162331,SILVERM26NOV358000CE,SILVERM,23NOV2026,35800000.000000,1,OPTFUT,NCO,50.000000,120,False
128159,SILVERM27JAN320750PE,SILVERM,21JAN2027,32075000.000000,1,OPTFUT,NCO,50.000000,120,False
128194,SILVERM27MAR235500CE,SILVERM,24MAR2027,23550000.000000,1,OPTFUT,NCO,50.000000,120,False
128202,SILVERM27MAR236500CE,SILVERM,24MAR2027,23650000.000000,1,OPTFUT,NCO,50.000000,120,False
128211,SILVERM27MAR237500PE,SILVERM,24MAR2027,23750000.000000,1,OPTFUT,NCO,50.000000,120,False
128232,SILVERM27MAR282250CE,SILVERM,24MAR2027,28225000.000000,1,OPTFUT,NCO,50.000000,120,False
128243,SILVERM27MAR283500PE,SILVERM,24MAR2027,28350000.000000,1,OPTFUT,NCO,50.000000,120,False
162334,SILVERM26NOV358250PE,SILVERM,23NOV2026,35825000.000000,1,OPTFUT,NCO,50.000000,120,False
162336,SILVERM26NOV358500PE,SILVERM,23NOV2026,35850000.000000,1,OPTFUT,NCO,50.000000,120,False
162338,SILVERM26NOV358750PE,SILVERM,23NOV2026,35875000.000000,1,OPTFUT,NCO,50.000000,120,False
162339,SILVERM26NOV359000CE,SILVERM,23NOV2026,35900000.000000,1,OPTFUT,NCO,50.000000,120,False
128239,SILVERM27MAR283000PE,SILVERM,24MAR2027,28300000.000000,1,OPTFUT,NCO,50.000000,120,False
128240,SILVERM27MAR283250CE,SILVERM,24MAR2027,28325000.000000,1,OPTFUT,NCO,50.000000,120,False
128245,SILVERM27MAR283750PE,SILVERM,24MAR2027,28375000.000000,1,OPTFUT,NCO,50.000000,120,False
128258,SILVERM27MAR285500CE,SILVERM,24MAR2027,28550000.000000,1,OPTFUT,NCO,50.000000,120,False
128268,SILVERM27MAR286750CE,SILVERM,24MAR2027,28675000.000000,1,OPTFUT,NCO,50.000000,120,False
128271,SILVERM27APR277500PE,SILVERM,23APR2027,27750000.000000,1,OPTFUT,NCO,50.000000,120,False
162341,SILVERM26NOV359250CE,SILVERM,23NOV2026,35925000.000000,1,OPTFUT,NCO,50.000000,120,False
162342,SILVERM26NOV359250PE,SILVERM,23NOV2026,35925000.000000,1,OPTFUT,NCO,50.000000,120,False
162352,SILVERM26NOV360500PE,SILVERM,23NOV2026,36050000.000000,1,OPTFUT,NCO,50.000000,120,False
162357,SILVERM26NOV361250CE,SILVERM,23NOV2026,36125000.000000,1,OPTFUT,NCO,50.000000,120,False
162362,SILVERM26NOV361750PE,SILVERM,23NOV2026,36175000.000000,1,OPTFUT,NCO,50.000000,120,False
162378,SILVERM26NOV363750PE,SILVERM,23NOV2026,36375000.000000,1,OPTFUT,NCO,50.000000,120,False
162382,SILVERM26NOV364250PE,SILVERM,23NOV2026,36425000.000000,1,OPTFUT,NCO,50.000000,120,False
162407,SILVERM26NOV367500CE,SILVERM,23NOV2026,36750000.000000,1,OPTFUT,NCO,50.000000,120,False
128282,SILVERM27APR279000CE,SILVERM,23APR2027,27900000.000000,1,OPTFUT,NCO,50.000000,120,False
128294,SILVERM27APR280500CE,SILVERM,23APR2027,28050000.000000,1,OPTFUT,NCO,50.000000,120,False
128305,SILVERM27APR281750PE,SILVERM,23APR2027,28175000.000000,1,OPTFUT,NCO,50.000000,120,False
128307,SILVERM27APR282000PE,SILVERM,23APR2027,28200000.000000,1,OPTFUT,NCO,50.000000,120,False
162415,SILVERM26NOV368500CE,SILVERM,23NOV2026,36850000.000000,1,OPTFUT,NCO,50.000000,120,False
162421,SILVERM26NOV369250CE,SILVERM,23NOV2026,36925000.000000,1,OPTFUT,NCO,50.000000,120,False
162425,SILVERM26NOV369750CE,SILVERM,23NOV2026,36975000.000000,1,OPTFUT,NCO,50.000000,120,False
162434,SILVERM26DEC341500PE,SILVERM,23DEC2026,34150000.000000,1,OPTFUT,NCO,50.000000,120,False
128352,SILVERM27APR229500PE,SILVERM,23APR2027,22950000.000000,1,OPTFUT,NCO,50.000000,120,False
128357,SILVERM27APR230250CE,SILVERM,23APR2027,23025000.000000,1,OPTFUT,NCO,50.000000,120,False
128363,SILVERM26SEP197000CE,SILVERM,23SEP2026,19700000.000000,1,OPTFUT,NCO,50.000000,120,False
128368,SILVERM26SEP197500PE,SILVERM,23SEP2026,19750000.000000,1,OPTFUT,NCO,50.000000,120,False
162452,SILVERM26DEC343750PE,SILVERM,23DEC2026,34375000.000000,1,OPTFUT,NCO,50.000000,120,False
162468,SILVERM26DEC345750PE,SILVERM,23DEC2026,34575000.000000,1,OPTFUT,NCO,50.000000,120,False
162475,SILVERM26DEC346750CE,SILVERM,23DEC2026,34675000.000000,1,OPTFUT,NCO,50.000000,120,False
162495,SILVERM26DEC349250CE,SILVERM,23DEC2026,34925000.000000,1,OPTFUT,NCO,50.000000,120,False
128382,SILVERM26SEP199250PE,SILVERM,23SEP2026,19925000.000000,1,OPTFUT,NCO,50.000000,120,False
128384,SILVERM26SEP199500PE,SILVERM,23SEP2026,19950000.000000,1,OPTFUT,NCO,50.000000,120,False
128385,SILVERM26SEP199750CE,SILVERM,23SEP2026,19975000.000000,1,OPTFUT,NCO,50.000000,120,False
128389,SILVERM26SEP200250CE,SILVERM,23SEP2026,20025000.000000,1,OPTFUT,NCO,50.000000,120,False
162501,SILVERM26DEC350000CE,SILVERM,23DEC2026,35000000.000000,1,OPTFUT,NCO,50.000000,120,False
162516,SILVERM26DEC351750PE,SILVERM,23DEC2026,35175000.000000,1,OPTFUT,NCO,50.000000,120,False
162525,SILVERM26DEC353000CE,SILVERM,23DEC2026,35300000.000000,1,OPTFUT,NCO,50.000000,120,False
162532,SILVERM26DEC353750PE,SILVERM,23DEC2026,35375000.000000,1,OPTFUT,NCO,50.000000,120,False
128392,SILVERM26OCT195250PE,SILVERM,23OCT2026,19525000.000000,1,OPTFUT,NCO,50.000000,120,False
128393,SILVERM26OCT195500CE,SILVERM,23OCT2026,19550000.000000,1,OPTFUT,NCO,50.000000,120,False
128394,SILVERM26OCT195500PE,SILVERM,23OCT2026,19550000.000000,1,OPTFUT,NCO,50.000000,120,False
128403,SILVERM27JAN322000CE,SILVERM,21JAN2027,32200000.000000,1,OPTFUT,NCO,50.000000,120,False
162538,SILVERM26DEC354500PE,SILVERM,23DEC2026,35450000.000000,1,OPTFUT,NCO,50.000000,120,False
162541,SILVERM26DEC355000CE,SILVERM,23DEC2026,35500000.000000,1,OPTFUT,NCO,50.000000,120,False
162552,SILVERM26DEC356250PE,SILVERM,23DEC2026,35625000.000000,1,OPTFUT,NCO,50.000000,120,False
162566,SILVERM26DEC358000PE,SILVERM,23DEC2026,35800000.000000,1,OPTFUT,NCO,50.000000,120,False
128405,SILVERM27JAN322250CE,SILVERM,21JAN2027,32225000.000000,1,OPTFUT,NCO,50.000000,120,False
128437,SILVERM27JAN326250CE,SILVERM,21JAN2027,32625000.000000,1,OPTFUT,NCO,50.000000,120,False
128438,SILVERM27JAN326250PE,SILVERM,21JAN2027,32625000.000000,1,OPTFUT,NCO,50.000000,120,False
128454,SILVERM27MAR267250CE,SILVERM,24MAR2027,26725000.000000,1,OPTFUT,NCO,50.000000,120,False
162573,SILVERM26DEC359000CE,SILVERM,23DEC2026,35900000.000000,1,OPTFUT,NCO,50.000000,120,False
162576,SILVERM26DEC359250PE,SILVERM,23DEC2026,35925000.000000,1,OPTFUT,NCO,50.000000,120,False
162582,SILVERM26DEC360000PE,SILVERM,23DEC2026,36000000.000000,1,OPTFUT,NCO,50.000000,120,False
162589,SILVERM26DEC361000CE,SILVERM,23DEC2026,36100000.000000,1,OPTFUT,NCO,50.000000,120,False
128460,SILVERM27APR282750PE,SILVERM,23APR2027,28275000.000000,1,OPTFUT,NCO,50.000000,120,False
128467,GOLD27MAR157700CE,GOLD,29MAR2027,15770000.000000,1,OPTFUT,NCO,50.000000,10,False
128469,GOLD27MAR157800CE,GOLD,29MAR2027,15780000.000000,1,OPTFUT,NCO,50.000000,10,False
128472,GOLD27MAR157900PE,GOLD,29MAR2027,15790000.000000,1,OPTFUT,NCO,50.000000,10,False
162592,SILVERM26DEC361250PE,SILVERM,23DEC2026,36125000.000000,1,OPTFUT,NCO,50.000000,120,False
162594,SILVERM26DEC361500PE,SILVERM,23DEC2026,36150000.000000,1,OPTFUT,NCO,50.000000,120,False
162597,SILVERM26DEC362000CE,SILVERM,23DEC2026,36200000.000000,1,OPTFUT,NCO,50.000000,120,False
162602,SILVERM26DEC362500PE,SILVERM,23DEC2026,36250000.000000,1,OPTFUT,NCO,50.000000,120,False
162619,SILVERM26DEC364750CE,SILVERM,23DEC2026,36475000.000000,1,OPTFUT,NCO,50.000000,120,False
162622,SILVERM26DEC365000PE,SILVERM,23DEC2026,36500000.000000,1,OPTFUT,NCO,50.000000,120,False
162634,SILVERM26DEC366500PE,SILVERM,23DEC2026,36650000.000000,1,OPTFUT,NCO,50.000000,120,False
162638,SILVERM26DEC367000PE,SILVERM,23DEC2026,36700000.000000,1,OPTFUT,NCO,50.000000,120,False
128478,GOLD27MAR158200PE,GOLD,29MAR2027,15820000.000000,1,OPTFUT,NCO,50.000000,10,False
128488,SILVERM27APR283500PE,SILVERM,23APR2027,28350000.000000,1,OPTFUT,NCO,50.000000,120,False
128491,SILVERM27APR284000CE,SILVERM,23APR2027,28400000.000000,1,OPTFUT,NCO,50.000000,120,False
128495,SILVERM27APR284500CE,SILVERM,23APR2027,28450000.000000,1,OPTFUT,NCO,50.000000,120,False
162644,SILVERM26DEC367750PE,SILVERM,23DEC2026,36775000.000000,1,OPTFUT,NCO,50.000000,120,False
162651,SILVERM26DEC368750CE,SILVERM,23DEC2026,36875000.000000,1,OPTFUT,NCO,50.000000,120,False
162652,SILVERM26DEC368750PE,SILVERM,23DEC2026,36875000.000000,1,OPTFUT,NCO,50.000000,120,False
162664,SILVERM26DEC370250PE,SILVERM,23DEC2026,37025000.000000,1,OPTFUT,NCO,50.000000,120,False
128501,SILVERM27FEB305750CE,SILVERM,19FEB2027,30575000.000000,1,OPTFUT,NCO,50.000000,120,False
128517,SILVERM27FEB307750CE,SILVERM,19FEB2027,30775000.000000,1,OPTFUT,NCO,50.000000,120,False
128530,SILVERM27FEB309250PE,SILVERM,19FEB2027,30925000.000000,1,OPTFUT,NCO,50.000000,120,False
128536,SILVERM27FEB310000PE,SILVERM,19FEB2027,31000000.000000,1,OPTFUT,NCO,50.000000,120,False
163929,GOLD26SEP168600CE,GOLD,25SEP2026,16860000.000000,1,OPTFUT,NCO,50.000000,10,False
163930,GOLD26SEP168600PE,GOLD,25SEP2026,16860000.000000,1,OPTFUT,NCO,50.000000,10,False
163938,GOLD26SEP169000PE,GOLD,25SEP2026,16900000.000000,1,OPTFUT,NCO,50.000000,10,False
163963,GOLD26SEP170300CE,GOLD,25SEP2026,17030000.000000,1,OPTFUT,NCO,50.000000,10,False
163983,GOLD26SEP171300CE,GOLD,25SEP2026,17130000.000000,1,OPTFUT,NCO,50.000000,10,False
163985,GOLD26SEP171400CE,GOLD,25SEP2026,17140000.000000,1,OPTFUT,NCO,50.000000,10,False
163991,GOLD26SEP171700CE,GOLD,25SEP2026,17170000.000000,1,OPTFUT,NCO,50.000000,10,False
163999,GOLD26SEP172100CE,GOLD,25SEP2026,17210000.000000,1,OPTFUT,NCO,50.000000,10,False
128539,SILVERM27FEB310500CE,SILVERM,19FEB2027,31050000.000000,1,OPTFUT,NCO,50.000000,120,False
128550,SILVERM27FEB311750PE,SILVERM,19FEB2027,31175000.000000,1,OPTFUT,NCO,50.000000,120,False
128552,SILVERM27FEB312000PE,SILVERM,19FEB2027,31200000.000000,1,OPTFUT,NCO,50.000000,120,False
128564,SILVERM27FEB313500PE,SILVERM,19FEB2027,31350000.000000,1,OPTFUT,NCO,50.000000,120,False
128569,SILVERM27FEB314250CE,SILVERM,19FEB2027,31425000.000000,1,OPTFUT,NCO,50.000000,120,False
128582,SILVERM27FEB315750PE,SILVERM,19FEB2027,31575000.000000,1,OPTFUT,NCO,50.000000,120,False
128585,SILVERM27FEB316250CE,SILVERM,19FEB2027,31625000.000000,1,OPTFUT,NCO,50.000000,120,False
128589,SILVERM27JUN250500PE,SILVERM,23JUN2027,25050000.000000,1,OPTFUT,NCO,50.000000,120,False
164004,GOLD26SEP172300PE,GOLD,25SEP2026,17230000.000000,1,OPTFUT,NCO,50.000000,10,False
164049,GOLD26OCT169200CE,GOLD,29OCT2026,16920000.000000,1,OPTFUT,NCO,50.000000,10,False
164051,GOLD26OCT169300CE,GOLD,29OCT2026,16930000.000000,1,OPTFUT,NCO,50.000000,10,False
164063,GOLD26OCT169900CE,GOLD,29OCT2026,16990000.000000,1,OPTFUT,NCO,50.000000,10,False
128595,SILVERM27JUN251250PE,SILVERM,23JUN2027,25125000.000000,1,OPTFUT,NCO,50.000000,120,False
128599,SILVERM27JUN251750PE,SILVERM,23JUN2027,25175000.000000,1,OPTFUT,NCO,50.000000,120,False
128617,GOLD27MAR159300PE,GOLD,29MAR2027,15930000.000000,1,OPTFUT,NCO,50.000000,10,False
128619,GOLD27MAR159400PE,GOLD,29MAR2027,15940000.000000,1,OPTFUT,NCO,50.000000,10,False
164065,GOLD26OCT170000CE,GOLD,29OCT2026,17000000.000000,1,OPTFUT,NCO,50.000000,10,False
164070,GOLD26OCT170200PE,GOLD,29OCT2026,17020000.000000,1,OPTFUT,NCO,50.000000,10,False
164101,GOLD26OCT171800CE,GOLD,29OCT2026,17180000.000000,1,OPTFUT,NCO,50.000000,10,False
164102,GOLD26OCT171800PE,GOLD,29OCT2026,17180000.000000,1,OPTFUT,NCO,50.000000,10,False
164114,GOLD26OCT172400PE,GOLD,29OCT2026,17240000.000000,1,OPTFUT,NCO,50.000000,10,False
164115,GOLD26OCT172500CE,GOLD,29OCT2026,17250000.000000,1,OPTFUT,NCO,50.000000,10,False
164119,GOLD26OCT172700CE,GOLD,29OCT2026,17270000.000000,1,OPTFUT,NCO,50.000000,10,False
164120,GOLD26OCT172700PE,GOLD,29OCT2026,17270000.000000,1,OPTFUT,NCO,50.000000,10,False
128623,GOLD27MAR159600PE,GOLD,29MAR2027,15960000.000000,1,OPTFUT,NCO,50.000000,10,False
128627,GOLD27MAR159800PE,GOLD,29MAR2027,15980000.000000,1,OPTFUT,NCO,50.000000,10,False
128656,SILVER26DEC248750PE,SILVER,01DEC2026,24875000.000000,1,OPTBLN,NCO,50.000000,20,False
128659,SILVER26DEC249250CE,SILVER,01DEC2026,24925000.000000,1,OPTBLN,NCO,50.000000,20,False
164145,GOLD26OCT174000CE,GOLD,29OCT2026,17400000.000000,1,OPTFUT,NCO,50.000000,10,False
128682,GOLD27MAR160000CE,GOLD,29MAR2027,16000000.000000,1,OPTFUT,NCO,50.000000,10,False
128698,GOLD27MAR160800CE,GOLD,29MAR2027,16080000.000000,1,OPTFUT,NCO,50.000000,10,False
128701,GOLD27MAR160900PE,GOLD,29MAR2027,16090000.000000,1,OPTFUT,NCO,50.000000,10,False
128767,GOLD27MAY157000PE,GOLD,28MAY2027,15700000.000000,1,OPTFUT,NCO,50.000000,10,False
164121,GOLD26OCT172800CE,GOLD,29OCT2026,17280000.000000,1,OPTFUT,NCO,50.000000,10,False
164132,GOLD26OCT173300PE,GOLD,29OCT2026,17330000.000000,1,OPTFUT,NCO,50.000000,10,False
164143,GOLD26OCT173900CE,GOLD,29OCT2026,17390000.000000,1,OPTFUT,NCO,50.000000,10,False
164163,GOLD26OCT174900CE,GOLD,29OCT2026,17490000.000000,1,OPTFUT,NCO,50.000000,10,False
164174,GOLD26NOV170000PE,GOLD,27NOV2026,17000000.000000,1,OPTFUT,NCO,50.000000,10,False
164177,GOLD26NOV170200CE,GOLD,27NOV2026,17020000.000000,1,OPTFUT,NCO,50.000000,10,False
128773,GOLD27MAY157300PE,GOLD,28MAY2027,15730000.000000,1,OPTFUT,NCO,50.000000,10,False
128775,GOLD27MAY157400PE,GOLD,28MAY2027,15740000.000000,1,OPTFUT,NCO,50.000000,10,False
128779,GOLD27MAY157600PE,GOLD,28MAY2027,15760000.000000,1,OPTFUT,NCO,50.000000,10,False
128783,GOLD27MAY157800PE,GOLD,28MAY2027,15780000.000000,1,OPTFUT,NCO,50.000000,10,False
164155,GOLD26OCT174500CE,GOLD,29OCT2026,17450000.000000,1,OPTFUT,NCO,50.000000,10,False
164204,GOLD26NOV171500PE,GOLD,27NOV2026,17150000.000000,1,OPTFUT,NCO,50.000000,10,False
164223,GOLD26NOV172500CE,GOLD,27NOV2026,17250000.000000,1,OPTFUT,NCO,50.000000,10,False
164236,GOLD26NOV173100PE,GOLD,27NOV2026,17310000.000000,1,OPTFUT,NCO,50.000000,10,False
164245,GOLD26NOV173600CE,GOLD,27NOV2026,17360000.000000,1,OPTFUT,NCO,50.000000,10,False
128785,GOLD27MAY157900PE,GOLD,28MAY2027,15790000.000000,1,OPTFUT,NCO,50.000000,10,False
128787,GOLD27MAY158000PE,GOLD,28MAY2027,15800000.000000,1,OPTFUT,NCO,50.000000,10,False
128793,GOLD27MAY158300PE,GOLD,28MAY2027,15830000.000000,1,OPTFUT,NCO,50.000000,10,False
128816,SILVERM26OCT169750CE,SILVERM,23OCT2026,16975000.000000,1,OPTFUT,NCO,50.000000,120,False
164273,GOLD26NOV175000CE,GOLD,27NOV2026,17500000.000000,1,OPTFUT,NCO,50.000000,10,False
164278,GOLD26NOV175200PE,GOLD,27NOV2026,17520000.000000,1,OPTFUT,NCO,50.000000,10,False
164302,GOLD26DEC171000PE,GOLD,29DEC2026,17100000.000000,1,OPTFUT,NCO,50.000000,10,False
164316,GOLD26DEC171700PE,GOLD,29DEC2026,17170000.000000,1,OPTFUT,NCO,50.000000,10,False
128828,SILVERM26OCT171250CE,SILVERM,23OCT2026,17125000.000000,1,OPTFUT,NCO,50.000000,120,False
128837,SILVERM26OCT172250PE,SILVERM,23OCT2026,17225000.000000,1,OPTFUT,NCO,50.000000,120,False
128838,SILVERM27JUN252250CE,SILVERM,23JUN2027,25225000.000000,1,OPTFUT,NCO,50.000000,120,False
128863,SILVERM26OCT198250PE,SILVERM,23OCT2026,19825000.000000,1,OPTFUT,NCO,50.000000,120,False
128885,SILVERM26OCT201000PE,SILVERM,23OCT2026,20100000.000000,1,OPTFUT,NCO,50.000000,120,False
128898,SILVERM26NOV197500CE,SILVERM,23NOV2026,19750000.000000,1,OPTFUT,NCO,50.000000,120,False
128902,SILVERM26NOV198000CE,SILVERM,23NOV2026,19800000.000000,1,OPTFUT,NCO,50.000000,120,False
128905,SILVERM26DEC252750PE,SILVERM,23DEC2026,25275000.000000,1,OPTFUT,NCO,50.000000,120,False
164319,GOLD26DEC171900CE,GOLD,29DEC2026,17190000.000000,1,OPTFUT,NCO,50.000000,10,False
164320,GOLD26DEC171900PE,GOLD,29DEC2026,17190000.000000,1,OPTFUT,NCO,50.000000,10,False
164324,GOLD26DEC172100PE,GOLD,29DEC2026,17210000.000000,1,OPTFUT,NCO,50.000000,10,False
164325,GOLD26DEC172200CE,GOLD,29DEC2026,17220000.000000,1,OPTFUT,NCO,50.000000,10,False
164332,GOLD26DEC172500PE,GOLD,29DEC2026,17250000.000000,1,OPTFUT,NCO,50.000000,10,False
164336,GOLD26DEC172700PE,GOLD,29DEC2026,17270000.000000,1,OPTFUT,NCO,50.000000,10,False
164339,GOLD26DEC172900CE,GOLD,29DEC2026,17290000.000000,1,OPTFUT,NCO,50.000000,10,False
164345,GOLD26DEC173200CE,GOLD,29DEC2026,17320000.000000,1,OPTFUT,NCO,50.000000,10,False
128909,GOLD27MAY158900PE,GOLD,28MAY2027,15890000.000000,1,OPTFUT,NCO,50.000000,10,False
128919,GOLD27MAY159400PE,GOLD,28MAY2027,15940000.000000,1,OPTFUT,NCO,50.000000,10,False
128921,GOLD26OCT134300PE,GOLD,29OCT2026,13430000.000000,1,OPTFUT,NCO,50.000000,10,False
128932,SILVERM26DEC253250CE,SILVERM,23DEC2026,25325000.000000,1,OPTFUT,NCO,50.000000,120,False
164373,GOLD26DEC174600CE,GOLD,29DEC2026,17460000.000000,1,OPTFUT,NCO,50.000000,10,False
164375,GOLD26DEC174700CE,GOLD,29DEC2026,17470000.000000,1,OPTFUT,NCO,50.000000,10,False
164381,GOLD26DEC175000CE,GOLD,29DEC2026,17500000.000000,1,OPTFUT,NCO,50.000000,10,False
164389,GOLD26DEC175400CE,GOLD,29DEC2026,17540000.000000,1,OPTFUT,NCO,50.000000,10,False
128934,SILVERM26DEC253500CE,SILVERM,23DEC2026,25350000.000000,1,OPTFUT,NCO,50.000000,120,False
128943,SILVERM27MAR268000CE,SILVERM,24MAR2027,26800000.000000,1,OPTFUT,NCO,50.000000,120,False
128956,SILVERM27APR285000CE,SILVERM,23APR2027,28500000.000000,1,OPTFUT,NCO,50.000000,120,False
128960,SILVERM27APR285500CE,SILVERM,23APR2027,28550000.000000,1,OPTFUT,NCO,50.000000,120,False
164391,GOLD26DEC175500CE,GOLD,29DEC2026,17550000.000000,1,OPTFUT,NCO,50.000000,10,False
164408,GOLD26DEC176300PE,GOLD,29DEC2026,17630000.000000,1,OPTFUT,NCO,50.000000,10,False
164416,GOLD26DEC176700PE,GOLD,29DEC2026,17670000.000000,1,OPTFUT,NCO,50.000000,10,False
164420,GOLD26DEC176900PE,GOLD,29DEC2026,17690000.000000,1,OPTFUT,NCO,50.000000,10,False
128971,COPPER26OCT1275CE,COPPER,23OCT2026,127500.000000,1,OPTFUT,NCO,1.000000,70,False
128980,COPPER26OCT1295PE,COPPER,23OCT2026,129500.000000,1,OPTFUT,NCO,1.000000,70,False
128993,GOLDM26SEP152700PE,GOLDM,25SEP2026,15270000.000000,1,OPTFUT,NCO,50.000000,100,False
128995,GOLDM26SEP152800PE,GOLDM,25SEP2026,15280000.000000,1,OPTFUT,NCO,50.000000,100,False
165739,SILVERM26SEP368000CE,SILVERM,23SEP2026,36800000.000000,1,OPTFUT,NCO,50.000000,120,False
165742,SILVERM26SEP368250PE,SILVERM,23SEP2026,36825000.000000,1,OPTFUT,NCO,50.000000,120,False
165744,SILVERM26SEP368500PE,SILVERM,23SEP2026,36850000.000000,1,OPTFUT,NCO,50.000000,120,False
165745,SILVERM26SEP368750CE,SILVERM,23SEP2026,36875000.000000,1,OPTFUT,NCO,50.000000,120,False
128997,GOLD26OCT134900PE,GOLD,29OCT2026,13490000.000000,1,OPTFUT,NCO,50.000000,10,False
129018,GOLD27MAY159700CE,GOLD,28MAY2027,15970000.000000,1,OPTFUT,NCO,50.000000,10,False
129019,GOLD27MAY159700PE,GOLD,28MAY2027,15970000.000000,1,OPTFUT,NCO,50.000000,10,False
129054,SILVERM27APR287750CE,SILVERM,23APR2027,28775000.000000,1,OPTFUT,NCO,50.000000,120,False
165747,SILVERM26SEP369000CE,SILVERM,23SEP2026,36900000.000000,1,OPTFUT,NCO,50.000000,120,False
165778,SILVERM26SEP372750PE,SILVERM,23SEP2026,37275000.000000,1,OPTFUT,NCO,50.000000,120,False
165807,SILVERM26SEP376500CE,SILVERM,23SEP2026,37650000.000000,1,OPTFUT,NCO,50.000000,120,False
165808,SILVERM26SEP376500PE,SILVERM,23SEP2026,37650000.000000,1,OPTFUT,NCO,50.000000,120,False
165809,SILVERM26SEP376750CE,SILVERM,23SEP2026,37675000.000000,1,OPTFUT,NCO,50.000000,120,False
165810,SILVERM26SEP376750PE,SILVERM,23SEP2026,37675000.000000,1,OPTFUT,NCO,50.000000,120,False
165818,SILVERM26SEP377750PE,SILVERM,23SEP2026,37775000.000000,1,OPTFUT,NCO,50.000000,120,False
165820,SILVERM26SEP378000PE,SILVERM,23SEP2026,37800000.000000,1,OPTFUT,NCO,50.000000,120,False
129071,GOLD27MAY160800PE,GOLD,28MAY2027,16080000.000000,1,OPTFUT,NCO,50.000000,10,False
129076,SILVERM27APR232250CE,SILVERM,23APR2027,23225000.000000,1,OPTFUT,NCO,50.000000,120,False
129080,GOLDM26SEP153000CE,GOLDM,25SEP2026,15300000.000000,1,OPTFUT,NCO,50.000000,100,False
129096,COPPER26OCT1310PE,COPPER,23OCT2026,131000.000000,1,OPTFUT,NCO,1.000000,70,False
165835,SILVERM26SEP380000CE,SILVERM,23SEP2026,38000000.000000,1,OPTFUT,NCO,50.000000,120,False
165836,SILVERM26SEP380000PE,SILVERM,23SEP2026,38000000.000000,1,OPTFUT,NCO,50.000000,120,False
165845,SILVERM26SEP381250CE,SILVERM,23SEP2026,38125000.000000,1,OPTFUT,NCO,50.000000,120,False
165861,SILVERM26OCT368500CE,SILVERM,23OCT2026,36850000.000000,1,OPTFUT,NCO,50.000000,120,False
129100,COPPER26OCT1320PE,COPPER,23OCT2026,132000.000000,1,OPTFUT,NCO,1.000000,70,False
129113,SILVERM27APR233000PE,SILVERM,23APR2027,23300000.000000,1,OPTFUT,NCO,50.000000,120,False
129118,SILVERM27APR233750CE,SILVERM,23APR2027,23375000.000000,1,OPTFUT,NCO,50.000000,120,False
129138,GOLD26OCT136000CE,GOLD,29OCT2026,13600000.000000,1,OPTFUT,NCO,50.000000,10,False
165876,SILVERM26OCT370250PE,SILVERM,23OCT2026,37025000.000000,1,OPTFUT,NCO,50.000000,120,False
165878,SILVERM26OCT370500PE,SILVERM,23OCT2026,37050000.000000,1,OPTFUT,NCO,50.000000,120,False
165884,SILVERM26OCT371250PE,SILVERM,23OCT2026,37125000.000000,1,OPTFUT,NCO,50.000000,120,False
165888,SILVERM26OCT371750PE,SILVERM,23OCT2026,37175000.000000,1,OPTFUT,NCO,50.000000,120,False
129139,GOLD26OCT136000PE,GOLD,29OCT2026,13600000.000000,1,OPTFUT,NCO,50.000000,10,False
129145,SILVER27MAR237500PE,SILVER,02MAR2027,23750000.000000,1,OPTBLN,NCO,50.000000,20,False
129163,GOLD27MAR161400CE,GOLD,29MAR2027,16140000.000000,1,OPTFUT,NCO,50.000000,10,False
129186,SILVER27MAR239250CE,SILVER,02MAR2027,23925000.000000,1,OPTBLN,NCO,50.000000,20,False
165891,SILVERM26OCT372250CE,SILVERM,23OCT2026,37225000.000000,1,OPTFUT,NCO,50.000000,120,False
165896,SILVERM26OCT372750PE,SILVERM,23OCT2026,37275000.000000,1,OPTFUT,NCO,50.000000,120,False
165911,SILVERM26OCT374750CE,SILVERM,23OCT2026,37475000.000000,1,OPTFUT,NCO,50.000000,120,False
165917,SILVERM26OCT375500CE,SILVERM,23OCT2026,37550000.000000,1,OPTFUT,NCO,50.000000,120,False
129210,SILVERM26NOV200000CE,SILVERM,23NOV2026,20000000.000000,1,OPTFUT,NCO,50.000000,120,False
129253,GOLD26OCT136900PE,GOLD,29OCT2026,13690000.000000,1,OPTFUT,NCO,50.000000,10,False
129259,SILVERM27JAN327000PE,SILVERM,21JAN2027,32700000.000000,1,OPTFUT,NCO,50.000000,120,False
129262,SILVERM27JAN327500CE,SILVERM,21JAN2027,32750000.000000,1,OPTFUT,NCO,50.000000,120,False
165921,SILVERM26OCT376000CE,SILVERM,23OCT2026,37600000.000000,1,OPTFUT,NCO,50.000000,120,False
165930,SILVERM26OCT377000PE,SILVERM,23OCT2026,37700000.000000,1,OPTFUT,NCO,50.000000,120,False
165926,SILVERM26OCT376500PE,SILVERM,23OCT2026,37650000.000000,1,OPTFUT,NCO,50.000000,120,False
165929,SILVERM26OCT377000CE,SILVERM,23OCT2026,37700000.000000,1,OPTFUT,NCO,50.000000,120,False
129263,SILVERM27JAN327500PE,SILVERM,21JAN2027,32750000.000000,1,OPTFUT,NCO,50.000000,120,False
129264,SILVERM27JAN327750CE,SILVERM,21JAN2027,32775000.000000,1,OPTFUT,NCO,50.000000,120,False
129344,SILVER27MAR240250PE,SILVER,02MAR2027,24025000.000000,1,OPTBLN,NCO,50.000000,20,False
129347,SILVER27MAR240750CE,SILVER,02MAR2027,24075000.000000,1,OPTBLN,NCO,50.000000,20,False
165944,SILVERM26OCT378750PE,SILVERM,23OCT2026,37875000.000000,1,OPTFUT,NCO,50.000000,120,False
165957,SILVERM26OCT380500CE,SILVERM,23OCT2026,38050000.000000,1,OPTFUT,NCO,50.000000,120,False
165968,SILVERM26OCT381750PE,SILVERM,23OCT2026,38175000.000000,1,OPTFUT,NCO,50.000000,120,False
165972,SILVERM26OCT382250PE,SILVERM,23OCT2026,38225000.000000,1,OPTFUT,NCO,50.000000,120,False
129360,SILVERM27JUN238250CE,SILVERM,23JUN2027,23825000.000000,1,OPTFUT,NCO,50.000000,120,False
129369,SILVERM27JUN239250PE,SILVERM,23JUN2027,23925000.000000,1,OPTFUT,NCO,50.000000,120,False
129370,SILVERM27JUN239500CE,SILVERM,23JUN2027,23950000.000000,1,OPTFUT,NCO,50.000000,120,False
129393,GOLDM26OCT153500CE,GOLDM,29OCT2026,15350000.000000,1,OPTFUT,NCO,50.000000,100,False
165997,SILVERM26NOV370750CE,SILVERM,23NOV2026,37075000.000000,1,OPTFUT,NCO,50.000000,120,False
166005,SILVERM26NOV371750CE,SILVERM,23NOV2026,37175000.000000,1,OPTFUT,NCO,50.000000,120,False
166020,SILVERM26NOV373500PE,SILVERM,23NOV2026,37350000.000000,1,OPTFUT,NCO,50.000000,120,False
166029,SILVERM26NOV374750CE,SILVERM,23NOV2026,37475000.000000,1,OPTFUT,NCO,50.000000,120,False
129398,SILVERM27MAY231750CE,SILVERM,24MAY2027,23175000.000000,1,OPTFUT,NCO,50.000000,120,False
129402,SILVERM27MAY232250CE,SILVERM,24MAY2027,23225000.000000,1,OPTFUT,NCO,50.000000,120,False
129420,SILVERM27JUL247500PE,SILVERM,23JUL2027,24750000.000000,1,OPTFUT,NCO,50.000000,120,False
129422,SILVER27MAR241000PE,SILVER,02MAR2027,24100000.000000,1,OPTBLN,NCO,50.000000,20,False
166037,SILVERM26NOV375750CE,SILVERM,23NOV2026,37575000.000000,1,OPTFUT,NCO,50.000000,120,False
166040,SILVERM26NOV376000PE,SILVERM,23NOV2026,37600000.000000,1,OPTFUT,NCO,50.000000,120,False
166042,SILVERM26NOV376250PE,SILVERM,23NOV2026,37625000.000000,1,OPTFUT,NCO,50.000000,120,False
166047,SILVERM26NOV377000CE,SILVERM,23NOV2026,37700000.000000,1,OPTFUT,NCO,50.000000,120,False
129423,SILVER27MAR241250CE,SILVER,02MAR2027,24125000.000000,1,OPTBLN,NCO,50.000000,20,False
129433,SILVERM27JUL249000CE,SILVERM,23JUL2027,24900000.000000,1,OPTFUT,NCO,50.000000,120,False
129440,SILVER27MAR241750PE,SILVER,02MAR2027,24175000.000000,1,OPTBLN,NCO,50.000000,20,False
129443,SILVER27MAR242250CE,SILVER,02MAR2027,24225000.000000,1,OPTBLN,NCO,50.000000,20,False
166053,SILVERM26NOV377750CE,SILVERM,23NOV2026,37775000.000000,1,OPTFUT,NCO,50.000000,120,False
166059,SILVERM26NOV378500CE,SILVERM,23NOV2026,37850000.000000,1,OPTFUT,NCO,50.000000,120,False
166061,SILVERM26NOV378750CE,SILVERM,23NOV2026,37875000.000000,1,OPTFUT,NCO,50.000000,120,False
166075,SILVERM26NOV380500CE,SILVERM,23NOV2026,38050000.000000,1,OPTFUT,NCO,50.000000,120,False
129444,SILVER27MAR242250PE,SILVER,02MAR2027,24225000.000000,1,OPTBLN,NCO,50.000000,20,False
129445,SILVER27MAR242500CE,SILVER,02MAR2027,24250000.000000,1,OPTBLN,NCO,50.000000,20,False
129471,SILVERM26NOV201750PE,SILVERM,23NOV2026,20175000.000000,1,OPTFUT,NCO,50.000000,120,False
129480,SILVER27MAR243750PE,SILVER,02MAR2027,24375000.000000,1,OPTBLN,NCO,50.000000,20,False
166081,SILVERM26NOV381250CE,SILVERM,23NOV2026,38125000.000000,1,OPTFUT,NCO,50.000000,120,False
166089,SILVERM26NOV382250CE,SILVERM,23NOV2026,38225000.000000,1,OPTFUT,NCO,50.000000,120,False
166098,SILVERM26NOV383250PE,SILVERM,23NOV2026,38325000.000000,1,OPTFUT,NCO,50.000000,120,False
166103,SILVERM26NOV384000CE,SILVERM,23NOV2026,38400000.000000,1,OPTFUT,NCO,50.000000,120,False
129481,SILVER27MAR244000CE,SILVER,02MAR2027,24400000.000000,1,OPTBLN,NCO,50.000000,20,False
129482,SILVER27MAR244000PE,SILVER,02MAR2027,24400000.000000,1,OPTBLN,NCO,50.000000,20,False
129520,SILVERM27JUN242000CE,SILVERM,23JUN2027,24200000.000000,1,OPTFUT,NCO,50.000000,120,False
129521,SILVERM27JUN242000PE,SILVERM,23JUN2027,24200000.000000,1,OPTFUT,NCO,50.000000,120,False
166114,SILVERM26NOV385250PE,SILVERM,23NOV2026,38525000.000000,1,OPTFUT,NCO,50.000000,120,False
166125,SILVERM26DEC372000CE,SILVERM,23DEC2026,37200000.000000,1,OPTFUT,NCO,50.000000,120,False
166136,SILVERM26DEC373250PE,SILVERM,23DEC2026,37325000.000000,1,OPTFUT,NCO,50.000000,120,False
166157,SILVERM26DEC376000CE,SILVERM,23DEC2026,37600000.000000,1,OPTFUT,NCO,50.000000,120,False
129525,SILVERM27JUN242500PE,SILVERM,23JUN2027,24250000.000000,1,OPTFUT,NCO,50.000000,120,False
129526,SILVERM27JUN242750CE,SILVERM,23JUN2027,24275000.000000,1,OPTFUT,NCO,50.000000,120,False
129548,SILVER27MAR245500PE,SILVER,02MAR2027,24550000.000000,1,OPTBLN,NCO,50.000000,20,False
129559,SILVERM27MAY233250PE,SILVERM,24MAY2027,23325000.000000,1,OPTFUT,NCO,50.000000,120,False
166163,SILVERM26DEC376750CE,SILVERM,23DEC2026,37675000.000000,1,OPTFUT,NCO,50.000000,120,False
166164,SILVERM26DEC376750PE,SILVERM,23DEC2026,37675000.000000,1,OPTFUT,NCO,50.000000,120,False
166171,SILVERM26DEC377750CE,SILVERM,23DEC2026,37775000.000000,1,OPTFUT,NCO,50.000000,120,False
166178,SILVERM26DEC378500PE,SILVERM,23DEC2026,37850000.000000,1,OPTFUT,NCO,50.000000,120,False
129561,SILVERM27MAY233500PE,SILVERM,24MAY2027,23350000.000000,1,OPTFUT,NCO,50.000000,120,False
129569,SILVERM27MAY234500PE,SILVERM,24MAY2027,23450000.000000,1,OPTFUT,NCO,50.000000,120,False
129592,SILVERM27JUL251500PE,SILVERM,23JUL2027,25150000.000000,1,OPTFUT,NCO,50.000000,120,False
129610,GOLD27JUN160500PE,GOLD,28JUN2027,16050000.000000,1,OPTFUT,NCO,50.000000,10,False
166188,SILVERM26DEC379750PE,SILVERM,23DEC2026,37975000.000000,1,OPTFUT,NCO,50.000000,120,False
166191,SILVERM26DEC380250CE,SILVERM,23DEC2026,38025000.000000,1,OPTFUT,NCO,50.000000,120,False
166196,SILVERM26DEC380750PE,SILVERM,23DEC2026,38075000.000000,1,OPTFUT,NCO,50.000000,120,False
166205,SILVERM26DEC382000CE,SILVERM,23DEC2026,38200000.000000,1,OPTFUT,NCO,50.000000,120,False
166206,SILVERM26DEC382000PE,SILVERM,23DEC2026,38200000.000000,1,OPTFUT,NCO,50.000000,120,False
166208,SILVERM26DEC382250PE,SILVERM,23DEC2026,38225000.000000,1,OPTFUT,NCO,50.000000,120,False
166223,SILVERM26DEC384250CE,SILVERM,23DEC2026,38425000.000000,1,OPTFUT,NCO,50.000000,120,False
166232,SILVERM26DEC385250PE,SILVERM,23DEC2026,38525000.000000,1,OPTFUT,NCO,50.000000,120,False
129613,GOLD27JUN160700CE,GOLD,28JUN2027,16070000.000000,1,OPTFUT,NCO,50.000000,10,False
129634,SILVER27MAR246750CE,SILVER,02MAR2027,24675000.000000,1,OPTBLN,NCO,50.000000,20,False
129644,SILVERM27JAN331500PE,SILVERM,21JAN2027,33150000.000000,1,OPTFUT,NCO,50.000000,120,False
129658,SILVERM27JAN333250PE,SILVERM,21JAN2027,33325000.000000,1,OPTFUT,NCO,50.000000,120,False
129662,SILVERM27JAN333750PE,SILVERM,21JAN2027,33375000.000000,1,OPTFUT,NCO,50.000000,120,False
129678,SILVER27MAR247750CE,SILVER,02MAR2027,24775000.000000,1,OPTBLN,NCO,50.000000,20,False
129692,SILVER27MAR249500CE,SILVER,02MAR2027,24950000.000000,1,OPTBLN,NCO,50.000000,20,False
129708,SILVER27MAR251500CE,SILVER,02MAR2027,25150000.000000,1,OPTBLN,NCO,50.000000,20,False
166233,SILVERM26DEC385500CE,SILVERM,23DEC2026,38550000.000000,1,OPTFUT,NCO,50.000000,120,False
166235,SILVERM26DEC385750CE,SILVERM,23DEC2026,38575000.000000,1,OPTFUT,NCO,50.000000,120,False
166238,SILVERM26DEC386000PE,SILVERM,23DEC2026,38600000.000000,1,OPTFUT,NCO,50.000000,120,False
166250,SILVERM26DEC387500PE,SILVERM,23DEC2026,38750000.000000,1,OPTFUT,NCO,50.000000,120,False
129715,SILVER27MAR252250PE,SILVER,02MAR2027,25225000.000000,1,OPTBLN,NCO,50.000000,20,False
129718,SILVER27MAR252750CE,SILVER,02MAR2027,25275000.000000,1,OPTBLN,NCO,50.000000,20,False
129723,SILVERM26OCT172500CE,SILVERM,23OCT2026,17250000.000000,1,OPTFUT,NCO,50.000000,120,False
129734,SILVERM26OCT173750PE,SILVERM,23OCT2026,17375000.000000,1,OPTFUT,NCO,50.000000,120,False
166252,SILVERM26DEC387750PE,SILVERM,23DEC2026,38775000.000000,1,OPTFUT,NCO,50.000000,120,False
168181,GOLD26SEP174600CE,GOLD,25SEP2026,17460000.000000,1,OPTFUT,NCO,50.000000,10,False
168198,GOLD26SEP175400PE,GOLD,25SEP2026,17540000.000000,1,OPTFUT,NCO,50.000000,10,False
168209,GOLD26SEP176000CE,GOLD,25SEP2026,17600000.000000,1,OPTFUT,NCO,50.000000,10,False
168214,GOLD26SEP176200PE,GOLD,25SEP2026,17620000.000000,1,OPTFUT,NCO,50.000000,10,False
168233,GOLD26SEP177200CE,GOLD,25SEP2026,17720000.000000,1,OPTFUT,NCO,50.000000,10,False
168257,GOLD26SEP178400CE,GOLD,25SEP2026,17840000.000000,1,OPTFUT,NCO,50.000000,10,False
168262,GOLD26SEP178600PE,GOLD,25SEP2026,17860000.000000,1,OPTFUT,NCO,50.000000,10,False
129745,SILVERM26OCT175250CE,SILVERM,23OCT2026,17525000.000000,1,OPTFUT,NCO,50.000000,120,False
129804,SILVER27MAR253250CE,SILVER,02MAR2027,25325000.000000,1,OPTBLN,NCO,50.000000,20,False
129816,SILVERM27MAY250250CE,SILVERM,24MAY2027,25025000.000000,1,OPTFUT,NCO,50.000000,120,False
129836,SILVERM27MAY252750CE,SILVERM,24MAY2027,25275000.000000,1,OPTFUT,NCO,50.000000,120,False
168277,GOLD26SEP179400CE,GOLD,25SEP2026,17940000.000000,1,OPTFUT,NCO,50.000000,10,False
168284,GOLD26SEP179700PE,GOLD,25SEP2026,17970000.000000,1,OPTFUT,NCO,50.000000,10,False
168287,GOLD26SEP179900CE,GOLD,25SEP2026,17990000.000000,1,OPTFUT,NCO,50.000000,10,False
168288,GOLD26SEP179900PE,GOLD,25SEP2026,17990000.000000,1,OPTFUT,NCO,50.000000,10,False
129843,SILVERM27MAY253500PE,SILVERM,24MAY2027,25350000.000000,1,OPTFUT,NCO,50.000000,120,False
129844,SILVERM27MAY253750CE,SILVERM,24MAY2027,25375000.000000,1,OPTFUT,NCO,50.000000,120,False
129847,GOLD27MAR163700CE,GOLD,29MAR2027,16370000.000000,1,OPTFUT,NCO,50.000000,10,False
129849,GOLD27MAR163800CE,GOLD,29MAR2027,16380000.000000,1,OPTFUT,NCO,50.000000,10,False
168304,GOLD26SEP180700PE,GOLD,25SEP2026,18070000.000000,1,OPTFUT,NCO,50.000000,10,False
168306,GOLD26SEP180800PE,GOLD,25SEP2026,18080000.000000,1,OPTFUT,NCO,50.000000,10,False
168325,GOLD26SEP181800CE,GOLD,25SEP2026,18180000.000000,1,OPTFUT,NCO,50.000000,10,False
168333,GOLD26SEP182200CE,GOLD,25SEP2026,18220000.000000,1,OPTFUT,NCO,50.000000,10,False
168342,GOLD26SEP182600PE,GOLD,25SEP2026,18260000.000000,1,OPTFUT,NCO,50.000000,10,False
168344,GOLD26SEP182700PE,GOLD,25SEP2026,18270000.000000,1,OPTFUT,NCO,50.000000,10,False
168346,GOLD26SEP182800PE,GOLD,25SEP2026,18280000.000000,1,OPTFUT,NCO,50.000000,10,False
168349,GOLD26SEP183000CE,GOLD,25SEP2026,18300000.000000,1,OPTFUT,NCO,50.000000,10,False
129857,GOLD27MAR164200CE,GOLD,29MAR2027,16420000.000000,1,OPTFUT,NCO,50.000000,10,False
129858,GOLD27MAR164200PE,GOLD,29MAR2027,16420000.000000,1,OPTFUT,NCO,50.000000,10,False
129862,GOLD27MAR164400PE,GOLD,29MAR2027,16440000.000000,1,OPTFUT,NCO,50.000000,10,False
129867,GOLD27MAR164700CE,GOLD,29MAR2027,16470000.000000,1,OPTFUT,NCO,50.000000,10,False
168352,GOLD26SEP183100PE,GOLD,25SEP2026,18310000.000000,1,OPTFUT,NCO,50.000000,10,False
168379,GOLD26SEP184500CE,GOLD,25SEP2026,18450000.000000,1,OPTFUT,NCO,50.000000,10,False
168389,GOLD26SEP185000CE,GOLD,25SEP2026,18500000.000000,1,OPTFUT,NCO,50.000000,10,False
168404,GOLD26OCT175700PE,GOLD,29OCT2026,17570000.000000,1,OPTFUT,NCO,50.000000,10,False
129871,GOLD27MAR164900CE,GOLD,29MAR2027,16490000.000000,1,OPTFUT,NCO,50.000000,10,False
129888,GOLD27MAR165700PE,GOLD,29MAR2027,16570000.000000,1,OPTFUT,NCO,50.000000,10,False
129891,GOLD27MAR165900CE,GOLD,29MAR2027,16590000.000000,1,OPTFUT,NCO,50.000000,10,False
129905,GOLD27MAR166600CE,GOLD,29MAR2027,16660000.000000,1,OPTFUT,NCO,50.000000,10,False
168411,GOLD26OCT176100CE,GOLD,29OCT2026,17610000.000000,1,OPTFUT,NCO,50.000000,10,False
168414,GOLD26OCT176200PE,GOLD,29OCT2026,17620000.000000,1,OPTFUT,NCO,50.000000,10,False
168431,GOLD26OCT177100CE,GOLD,29OCT2026,17710000.000000,1,OPTFUT,NCO,50.000000,10,False
168436,GOLD26OCT177300PE,GOLD,29OCT2026,17730000.000000,1,OPTFUT,NCO,50.000000,10,False
129921,GOLD27MAR167400CE,GOLD,29MAR2027,16740000.000000,1,OPTFUT,NCO,50.000000,10,False
129931,GOLD27MAR167900CE,GOLD,29MAR2027,16790000.000000,1,OPTFUT,NCO,50.000000,10,False
129933,SILVERM27JUN243000CE,SILVERM,23JUN2027,24300000.000000,1,OPTFUT,NCO,50.000000,120,False
129952,SILVERM27JUN245250PE,SILVERM,23JUN2027,24525000.000000,1,OPTFUT,NCO,50.000000,120,False
129956,SILVERM27JUN245750PE,SILVERM,23JUN2027,24575000.000000,1,OPTFUT,NCO,50.000000,120,False
129959,ZINC26OCT362.5CE,ZINC,23OCT2026,36250.000000,1,OPTFUT,NCO,1.000000,20,False
129971,SILVERM27APR234250PE,SILVERM,23APR2027,23425000.000000,1,OPTFUT,NCO,50.000000,120,False
129972,SILVERM27APR234500CE,SILVERM,23APR2027,23450000.000000,1,OPTFUT,NCO,50.000000,120,False
129984,GOLD27MAR168400PE,GOLD,29MAR2027,16840000.000000,1,OPTFUT,NCO,50.000000,10,False
129986,GOLD27MAR168500PE,GOLD,29MAR2027,16850000.000000,1,OPTFUT,NCO,50.000000,10,False
129996,GOLD27MAR169000PE,GOLD,29MAR2027,16900000.000000,1,OPTFUT,NCO,50.000000,10,False
130005,GOLD27MAR169500CE,GOLD,29MAR2027,16950000.000000,1,OPTFUT,NCO,50.000000,10,False
130007,GOLD27MAR169600CE,GOLD,29MAR2027,16960000.000000,1,OPTFUT,NCO,50.000000,10,False
130041,SILVERM27MAY256750PE,SILVERM,24MAY2027,25675000.000000,1,OPTFUT,NCO,50.000000,120,False
130049,SILVERM27MAY257750PE,SILVERM,24MAY2027,25775000.000000,1,OPTFUT,NCO,50.000000,120,False
130055,SILVERM27MAY258500PE,SILVERM,24MAY2027,25850000.000000,1,OPTFUT,NCO,50.000000,120,False
130059,SILVERM27MAY259000PE,SILVERM,24MAY2027,25900000.000000,1,OPTFUT,NCO,50.000000,120,False
130067,ZINC26SEP350CE,ZINC,23SEP2026,35000.000000,1,OPTFUT,NCO,1.000000,20,False
130074,SILVERM27JUN253250CE,SILVERM,23JUN2027,25325000.000000,1,OPTFUT,NCO,50.000000,120,False
130087,SILVERM27JUN254750PE,SILVERM,23JUN2027,25475000.000000,1,OPTFUT,NCO,50.000000,120,False
130102,GOLD27JUN151700PE,GOLD,28JUN2027,15170000.000000,1,OPTFUT,NCO,50.000000,10,False
130126,GOLDM26SEP153100PE,GOLDM,25SEP2026,15310000.000000,1,OPTFUT,NCO,50.000000,100,False
130136,GOLDM26SEP153600PE,GOLDM,25SEP2026,15360000.000000,1,OPTFUT,NCO,50.000000,100,False
130152,GOLDM26OCT154000PE,GOLDM,29OCT2026,15400000.000000,1,OPTFUT,NCO,50.000000,100,False
130161,SILVER27MAR255500CE,SILVER,02MAR2027,25550000.000000,1,OPTBLN,NCO,50.000000,20,False
130163,SILVER27MAR255750CE,SILVER,02MAR2027,25575000.000000,1,OPTBLN,NCO,50.000000,20,False
130170,SILVER27MAR256500PE,SILVER,02MAR2027,25650000.000000,1,OPTBLN,NCO,50.000000,20,False
130172,SILVER27MAR256750PE,SILVER,02MAR2027,25675000.000000,1,OPTBLN,NCO,50.000000,20,False
168457,GOLD26OCT178400CE,GOLD,29OCT2026,17840000.000000,1,OPTFUT,NCO,50.000000,10,False
168463,GOLD26OCT178700CE,GOLD,29OCT2026,17870000.000000,1,OPTFUT,NCO,50.000000,10,False
168475,GOLD26OCT179300CE,GOLD,29OCT2026,17930000.000000,1,OPTFUT,NCO,50.000000,10,False
168486,GOLD26OCT179800PE,GOLD,29OCT2026,17980000.000000,1,OPTFUT,NCO,50.000000,10,False
130177,CRUDEOIL26NOV11050CE,CRUDEOIL,10NOV2026,1105000.000000,1,OPTFUT,NCO,10.000000,100,False
130181,SILVERM27AUG240000CE,SILVERM,24AUG2027,24000000.000000,1,OPTFUT,NCO,50.000000,120,False
130185,SILVERM27AUG240500CE,SILVERM,24AUG2027,24050000.000000,1,OPTFUT,NCO,50.000000,120,False
130202,SILVERM27MAY260000CE,SILVERM,24MAY2027,26000000.000000,1,OPTFUT,NCO,50.000000,120,False
168495,GOLD26OCT180300CE,GOLD,29OCT2026,18030000.000000,1,OPTFUT,NCO,50.000000,10,False
168497,GOLD26OCT180400CE,GOLD,29OCT2026,18040000.000000,1,OPTFUT,NCO,50.000000,10,False
168499,GOLD26OCT180500CE,GOLD,29OCT2026,18050000.000000,1,OPTFUT,NCO,50.000000,10,False
168513,GOLD26OCT181200CE,GOLD,29OCT2026,18120000.000000,1,OPTFUT,NCO,50.000000,10,False
130205,GOLD27MAR170400CE,GOLD,29MAR2027,17040000.000000,1,OPTFUT,NCO,50.000000,10,False
130223,GOLD27MAR171300CE,GOLD,29MAR2027,17130000.000000,1,OPTFUT,NCO,50.000000,10,False
130236,GOLD27APR163300PE,GOLD,28APR2027,16330000.000000,1,OPTFUT,NCO,50.000000,10,False
130238,GOLD27APR163400PE,GOLD,28APR2027,16340000.000000,1,OPTFUT,NCO,50.000000,10,False
168517,GOLD26OCT181400CE,GOLD,29OCT2026,18140000.000000,1,OPTFUT,NCO,50.000000,10,False
168522,GOLD26OCT181600PE,GOLD,29OCT2026,18160000.000000,1,OPTFUT,NCO,50.000000,10,False
168526,GOLD26OCT181800PE,GOLD,29OCT2026,18180000.000000,1,OPTFUT,NCO,50.000000,10,False
168529,GOLD26OCT182000CE,GOLD,29OCT2026,18200000.000000,1,OPTFUT,NCO,50.000000,10,False
168533,GOLD26OCT182200CE,GOLD,29OCT2026,18220000.000000,1,OPTFUT,NCO,50.000000,10,False
168540,GOLD26OCT182500PE,GOLD,29OCT2026,18250000.000000,1,OPTFUT,NCO,50.000000,10,False
168541,GOLD26OCT182600CE,GOLD,29OCT2026,18260000.000000,1,OPTFUT,NCO,50.000000,10,False
168558,GOLD26OCT183400PE,GOLD,29OCT2026,18340000.000000,1,OPTFUT,NCO,50.000000,10,False
130245,GOLD27APR163800CE,GOLD,28APR2027,16380000.000000,1,OPTFUT,NCO,50.000000,10,False
130250,GOLD27APR164000PE,GOLD,28APR2027,16400000.000000,1,OPTFUT,NCO,50.000000,10,False
130252,GOLD27APR164100PE,GOLD,28APR2027,16410000.000000,1,OPTFUT,NCO,50.000000,10,False
130254,GOLD27APR164200PE,GOLD,28APR2027,16420000.000000,1,OPTFUT,NCO,50.000000,10,False
130255,GOLD27APR164300CE,GOLD,28APR2027,16430000.000000,1,OPTFUT,NCO,50.000000,10,False
130265,GOLD27APR164800CE,GOLD,28APR2027,16480000.000000,1,OPTFUT,NCO,50.000000,10,False
130272,GOLD27APR165100PE,GOLD,28APR2027,16510000.000000,1,OPTFUT,NCO,50.000000,10,False
168560,GOLD26OCT183500PE,GOLD,29OCT2026,18350000.000000,1,OPTFUT,NCO,50.000000,10,False
168574,GOLD26OCT184200PE,GOLD,29OCT2026,18420000.000000,1,OPTFUT,NCO,50.000000,10,False
168585,GOLD26OCT184800CE,GOLD,29OCT2026,18480000.000000,1,OPTFUT,NCO,50.000000,10,False
168590,GOLD26OCT185000PE,GOLD,29OCT2026,18500000.000000,1,OPTFUT,NCO,50.000000,10,False
130270,GOLD27APR165000PE,GOLD,28APR2027,16500000.000000,1,OPTFUT,NCO,50.000000,10,False
168593,GOLD26OCT185200CE,GOLD,29OCT2026,18520000.000000,1,OPTFUT,NCO,50.000000,10,False
168594,GOLD26OCT185200PE,GOLD,29OCT2026,18520000.000000,1,OPTFUT,NCO,50.000000,10,False
168598,GOLD26OCT185400PE,GOLD,29OCT2026,18540000.000000,1,OPTFUT,NCO,50.000000,10,False
168640,GOLD26NOV177400PE,GOLD,27NOV2026,17740000.000000,1,OPTFUT,NCO,50.000000,10,False
130275,GOLD27APR165300CE,GOLD,28APR2027,16530000.000000,1,OPTFUT,NCO,50.000000,10,False
130279,GOLD27APR165500CE,GOLD,28APR2027,16550000.000000,1,OPTFUT,NCO,50.000000,10,False
130290,GOLD27MARFUT,GOLD,05MAR2027,-1.000000,1,FUTBLN,NCO,100.000000,10,False
130293,SILVER27MARFUT,SILVER,05MAR2027,-1.000000,1,FUTBLN,NCO,100.000000,20,False
168665,GOLD26NOV178700CE,GOLD,27NOV2026,17870000.000000,1,OPTFUT,NCO,50.000000,10,False
168667,GOLD26NOV178800CE,GOLD,27NOV2026,17880000.000000,1,OPTFUT,NCO,50.000000,10,False
168669,GOLD26NOV178900CE,GOLD,27NOV2026,17890000.000000,1,OPTFUT,NCO,50.000000,10,False
168671,GOLD26NOV179000CE,GOLD,27NOV2026,17900000.000000,1,OPTFUT,NCO,50.000000,10,False
130328,SILVERM26OCT178500PE,SILVERM,23OCT2026,17850000.000000,1,OPTFUT,NCO,50.000000,120,False
130336,SILVERM26OCT179500PE,SILVERM,23OCT2026,17950000.000000,1,OPTFUT,NCO,50.000000,120,False
130344,GOLD27APR166400CE,GOLD,28APR2027,16640000.000000,1,OPTFUT,NCO,50.000000,10,False
130388,SILVERM27JAN334500PE,SILVERM,21JAN2027,33450000.000000,1,OPTFUT,NCO,50.000000,120,False
168698,GOLD26NOV180300PE,GOLD,27NOV2026,18030000.000000,1,OPTFUT,NCO,50.000000,10,False
168709,GOLD26NOV180900CE,GOLD,27NOV2026,18090000.000000,1,OPTFUT,NCO,50.000000,10,False
168712,GOLD26NOV181000PE,GOLD,27NOV2026,18100000.000000,1,OPTFUT,NCO,50.000000,10,False
168716,GOLD26NOV181200PE,GOLD,27NOV2026,18120000.000000,1,OPTFUT,NCO,50.000000,10,False
130401,GOLD27APR166700PE,GOLD,28APR2027,16670000.000000,1,OPTFUT,NCO,50.000000,10,False
130406,GOLD27APR167000CE,GOLD,28APR2027,16700000.000000,1,OPTFUT,NCO,50.000000,10,False
130410,SILVERM27MAY260500PE,SILVERM,24MAY2027,26050000.000000,1,OPTFUT,NCO,50.000000,120,False
130412,SILVERM27MAY260750PE,SILVERM,24MAY2027,26075000.000000,1,OPTFUT,NCO,50.000000,120,False
168718,GOLD26NOV181300PE,GOLD,27NOV2026,18130000.000000,1,OPTFUT,NCO,50.000000,10,False
168719,GOLD26NOV181400CE,GOLD,27NOV2026,18140000.000000,1,OPTFUT,NCO,50.000000,10,False
168738,GOLD26NOV182300PE,GOLD,27NOV2026,18230000.000000,1,OPTFUT,NCO,50.000000,10,False
168739,GOLD26NOV182400CE,GOLD,27NOV2026,18240000.000000,1,OPTFUT,NCO,50.000000,10,False
130413,ZINC26OCT367.5PE,ZINC,23OCT2026,36750.000000,1,OPTFUT,NCO,1.000000,20,False
130415,ZINC26OCT370PE,ZINC,23OCT2026,37000.000000,1,OPTFUT,NCO,1.000000,20,False
130459,GOLD27JUN150200CE,GOLD,28JUN2027,15020000.000000,1,OPTFUT,NCO,50.000000,10,False
130460,GOLD27JUN150200PE,GOLD,28JUN2027,15020000.000000,1,OPTFUT,NCO,50.000000,10,False
168740,GOLD26NOV182400PE,GOLD,27NOV2026,18240000.000000,1,OPTFUT,NCO,50.000000,10,False
168747,GOLD26NOV182800CE,GOLD,27NOV2026,18280000.000000,1,OPTFUT,NCO,50.000000,10,False
168757,GOLD26NOV183300CE,GOLD,27NOV2026,18330000.000000,1,OPTFUT,NCO,50.000000,10,False
168767,GOLD26NOV183800CE,GOLD,27NOV2026,18380000.000000,1,OPTFUT,NCO,50.000000,10,False
130464,SILVERM27MAR263750CE,SILVERM,24MAR2027,26375000.000000,1,OPTFUT,NCO,50.000000,120,False
130504,COPPER26SEP1265CE,COPPER,23SEP2026,126500.000000,1,OPTFUT,NCO,1.000000,70,False
130523,ZINC26OCT380PE,ZINC,23OCT2026,38000.000000,1,OPTFUT,NCO,1.000000,20,False
130525,SILVERM27MAR269250CE,SILVERM,24MAR2027,26925000.000000,1,OPTFUT,NCO,50.000000,120,False
168797,GOLD26NOV185300CE,GOLD,27NOV2026,18530000.000000,1,OPTFUT,NCO,50.000000,10,False
168804,GOLD26NOV185600PE,GOLD,27NOV2026,18560000.000000,1,OPTFUT,NCO,50.000000,10,False
168805,GOLD26NOV185700CE,GOLD,27NOV2026,18570000.000000,1,OPTFUT,NCO,50.000000,10,False
168825,GOLD26NOV186700CE,GOLD,27NOV2026,18670000.000000,1,OPTFUT,NCO,50.000000,10,False
168831,GOLD26NOV187000CE,GOLD,27NOV2026,18700000.000000,1,OPTFUT,NCO,50.000000,10,False
168836,GOLD26NOV187200PE,GOLD,27NOV2026,18720000.000000,1,OPTFUT,NCO,50.000000,10,False
168856,GOLD26DEC178100PE,GOLD,29DEC2026,17810000.000000,1,OPTFUT,NCO,50.000000,10,False
168861,GOLD26DEC178400CE,GOLD,29DEC2026,17840000.000000,1,OPTFUT,NCO,50.000000,10,False
130539,SILVERM27MAY261500PE,SILVERM,24MAY2027,26150000.000000,1,OPTFUT,NCO,50.000000,120,False
130540,SILVERM27MAY261750CE,SILVERM,24MAY2027,26175000.000000,1,OPTFUT,NCO,50.000000,120,False
130543,SILVERM27MAY262000PE,SILVERM,24MAY2027,26200000.000000,1,OPTFUT,NCO,50.000000,120,False
130544,SILVERM27MAY262250CE,SILVERM,24MAY2027,26225000.000000,1,OPTFUT,NCO,50.000000,120,False
168866,GOLD26DEC178600PE,GOLD,29DEC2026,17860000.000000,1,OPTFUT,NCO,50.000000,10,False
168874,GOLD26DEC179000PE,GOLD,29DEC2026,17900000.000000,1,OPTFUT,NCO,50.000000,10,False
168879,GOLD26DEC179300CE,GOLD,29DEC2026,17930000.000000,1,OPTFUT,NCO,50.000000,10,False
168882,GOLD26DEC179400PE,GOLD,29DEC2026,17940000.000000,1,OPTFUT,NCO,50.000000,10,False
130551,GOLDM26OCT154800PE,GOLDM,29OCT2026,15480000.000000,1,OPTFUT,NCO,50.000000,100,False
130552,GOLDM26OCT154900CE,GOLDM,29OCT2026,15490000.000000,1,OPTFUT,NCO,50.000000,100,False
130557,SILVERM27AUG245000CE,SILVERM,24AUG2027,24500000.000000,1,OPTFUT,NCO,50.000000,120,False
130558,SILVERM27AUG245000PE,SILVERM,24AUG2027,24500000.000000,1,OPTFUT,NCO,50.000000,120,False
168892,GOLD26DEC179900PE,GOLD,29DEC2026,17990000.000000,1,OPTFUT,NCO,50.000000,10,False
168898,GOLD26DEC180200PE,GOLD,29DEC2026,18020000.000000,1,OPTFUT,NCO,50.000000,10,False
168910,GOLD26DEC180800PE,GOLD,29DEC2026,18080000.000000,1,OPTFUT,NCO,50.000000,10,False
168937,GOLD26DEC182200CE,GOLD,29DEC2026,18220000.000000,1,OPTFUT,NCO,50.000000,10,False
130560,ZINC26OCT452.5PE,ZINC,23OCT2026,45250.000000,1,OPTFUT,NCO,1.000000,20,False
130661,SILVERM27MAR269750CE,SILVERM,24MAR2027,26975000.000000,1,OPTFUT,NCO,50.000000,120,False
130666,GOLD27APR168000CE,GOLD,28APR2027,16800000.000000,1,OPTFUT,NCO,50.000000,10,False
130679,GOLD27APR168600PE,GOLD,28APR2027,16860000.000000,1,OPTFUT,NCO,50.000000,10,False
168942,GOLD26DEC182400PE,GOLD,29DEC2026,18240000.000000,1,OPTFUT,NCO,50.000000,10,False
168949,GOLD26DEC182800CE,GOLD,29DEC2026,18280000.000000,1,OPTFUT,NCO,50.000000,10,False
168952,GOLD26DEC182900PE,GOLD,29DEC2026,18290000.000000,1,OPTFUT,NCO,50.000000,10,False
168967,GOLD26DEC183700CE,GOLD,29DEC2026,18370000.000000,1,OPTFUT,NCO,50.000000,10,False
130703,GOLD27APR169700CE,GOLD,28APR2027,16970000.000000,1,OPTFUT,NCO,50.000000,10,False
130715,GOLD27FEB168900CE,GOLD,26FEB2027,16890000.000000,1,OPTFUT,NCO,50.000000,10,False
130750,GOLD27APR170200CE,GOLD,28APR2027,17020000.000000,1,OPTFUT,NCO,50.000000,10,False
130751,GOLD27APR170200PE,GOLD,28APR2027,17020000.000000,1,OPTFUT,NCO,50.000000,10,False
168969,GOLD26DEC183800CE,GOLD,29DEC2026,18380000.000000,1,OPTFUT,NCO,50.000000,10,False
168975,GOLD26DEC184100CE,GOLD,29DEC2026,18410000.000000,1,OPTFUT,NCO,50.000000,10,False
168977,GOLD26DEC184200CE,GOLD,29DEC2026,18420000.000000,1,OPTFUT,NCO,50.000000,10,False
168983,GOLD26DEC184500CE,GOLD,29DEC2026,18450000.000000,1,OPTFUT,NCO,50.000000,10,False
168993,GOLD26DEC185000CE,GOLD,29DEC2026,18500000.000000,1,OPTFUT,NCO,50.000000,10,False
169009,GOLD26DEC185800CE,GOLD,29DEC2026,18580000.000000,1,OPTFUT,NCO,50.000000,10,False
169013,GOLD26DEC186000CE,GOLD,29DEC2026,18600000.000000,1,OPTFUT,NCO,50.000000,10,False
169025,GOLD26DEC186600CE,GOLD,29DEC2026,18660000.000000,1,OPTFUT,NCO,50.000000,10,False
130753,GOLD27APR170300PE,GOLD,28APR2027,17030000.000000,1,OPTFUT,NCO,50.000000,10,False
130757,GOLD27APR170500PE,GOLD,28APR2027,17050000.000000,1,OPTFUT,NCO,50.000000,10,False
130758,GOLD27APR170600CE,GOLD,28APR2027,17060000.000000,1,OPTFUT,NCO,50.000000,10,False
130760,GOLD27APR170700CE,GOLD,28APR2027,17070000.000000,1,OPTFUT,NCO,50.000000,10,False
130769,GOLD27APR171100PE,GOLD,28APR2027,17110000.000000,1,OPTFUT,NCO,50.000000,10,False
130774,GOLD27APR171400CE,GOLD,28APR2027,17140000.000000,1,OPTFUT,NCO,50.000000,10,False
130780,GOLD27FEB169100CE,GOLD,26FEB2027,16910000.000000,1,OPTFUT,NCO,50.000000,10,False
130786,GOLD27FEB169400CE,GOLD,26FEB2027,16940000.000000,1,OPTFUT,NCO,50.000000,10,False
169054,GOLD26DEC188000PE,GOLD,29DEC2026,18800000.000000,1,OPTFUT,NCO,50.000000,10,False
170795,SILVERM26SEP382750CE,SILVERM,23SEP2026,38275000.000000,1,OPTFUT,NCO,50.000000,120,False
170809,SILVERM26SEP384500CE,SILVERM,23SEP2026,38450000.000000,1,OPTFUT,NCO,50.000000,120,False
170816,SILVERM26SEP385250PE,SILVERM,23SEP2026,38525000.000000,1,OPTFUT,NCO,50.000000,120,False
130787,GOLD27FEB169400PE,GOLD,26FEB2027,16940000.000000,1,OPTFUT,NCO,50.000000,10,False
130801,GOLD27APR172100CE,GOLD,28APR2027,17210000.000000,1,OPTFUT,NCO,50.000000,10,False
130805,SILVERM27MAY263250PE,SILVERM,24MAY2027,26325000.000000,1,OPTFUT,NCO,50.000000,120,False
130814,SILVERM26SEP145000CE,SILVERM,23SEP2026,14500000.000000,1,OPTFUT,NCO,50.000000,120,False
170824,SILVERM26SEP386250PE,SILVERM,23SEP2026,38625000.000000,1,OPTFUT,NCO,50.000000,120,False
170849,SILVERM26SEP389500CE,SILVERM,23SEP2026,38950000.000000,1,OPTFUT,NCO,50.000000,120,False
170865,SILVERM26SEP391500CE,SILVERM,23SEP2026,39150000.000000,1,OPTFUT,NCO,50.000000,120,False
170867,SILVERM26SEP391750CE,SILVERM,23SEP2026,39175000.000000,1,OPTFUT,NCO,50.000000,120,False
130844,GOLD27MAR144100CE,GOLD,29MAR2027,14410000.000000,1,OPTFUT,NCO,50.000000,10,False
130852,GOLD27MAR144500CE,GOLD,29MAR2027,14450000.000000,1,OPTFUT,NCO,50.000000,10,False
130856,GOLD27MAR144700CE,GOLD,29MAR2027,14470000.000000,1,OPTFUT,NCO,50.000000,10,False
130860,GOLD27MAR144900CE,GOLD,29MAR2027,14490000.000000,1,OPTFUT,NCO,50.000000,10,False
170871,SILVERM26SEP392250CE,SILVERM,23SEP2026,39225000.000000,1,OPTFUT,NCO,50.000000,120,False
170873,SILVERM26SEP392500CE,SILVERM,23SEP2026,39250000.000000,1,OPTFUT,NCO,50.000000,120,False
170882,SILVERM26SEP393500PE,SILVERM,23SEP2026,39350000.000000,1,OPTFUT,NCO,50.000000,120,False
170888,SILVERM26SEP394250PE,SILVERM,23SEP2026,39425000.000000,1,OPTFUT,NCO,50.000000,120,False
130879,GOLDM26SEP154400PE,GOLDM,25SEP2026,15440000.000000,1,OPTFUT,NCO,50.000000,100,False
130882,GOLDM26SEP154600CE,GOLDM,25SEP2026,15460000.000000,1,OPTFUT,NCO,50.000000,100,False
130890,GOLDM26SEP155000CE,GOLDM,25SEP2026,15500000.000000,1,OPTFUT,NCO,50.000000,100,False
130899,GOLD27JUN150700PE,GOLD,28JUN2027,15070000.000000,1,OPTFUT,NCO,50.000000,10,False
170889,SILVERM26SEP394500CE,SILVERM,23SEP2026,39450000.000000,1,OPTFUT,NCO,50.000000,120,False
170907,SILVERM26SEP396750CE,SILVERM,23SEP2026,39675000.000000,1,OPTFUT,NCO,50.000000,120,False
170909,SILVERM26SEP397000CE,SILVERM,23SEP2026,39700000.000000,1,OPTFUT,NCO,50.000000,120,False
170913,SILVERM26SEP397500CE,SILVERM,23SEP2026,39750000.000000,1,OPTFUT,NCO,50.000000,120,False
130907,GOLD27JUN151100PE,GOLD,28JUN2027,15110000.000000,1,OPTFUT,NCO,50.000000,10,False
130924,GOLD26DEC142500CE,GOLD,29DEC2026,14250000.000000,1,OPTFUT,NCO,50.000000,10,False
130930,SILVERM27JAN336250PE,SILVERM,21JAN2027,33625000.000000,1,OPTFUT,NCO,50.000000,120,False
130936,SILVERM27JAN337000PE,SILVERM,21JAN2027,33700000.000000,1,OPTFUT,NCO,50.000000,120,False
170928,SILVERM26SEP399250PE,SILVERM,23SEP2026,39925000.000000,1,OPTFUT,NCO,50.000000,120,False
170934,SILVERM26SEP400000PE,SILVERM,23SEP2026,40000000.000000,1,OPTFUT,NCO,50.000000,120,False
170935,SILVERM26SEP400250CE,SILVERM,23SEP2026,40025000.000000,1,OPTFUT,NCO,50.000000,120,False
170939,SILVERM26SEP400750CE,SILVERM,23SEP2026,40075000.000000,1,OPTFUT,NCO,50.000000,120,False
130937,SILVERM27JAN337250CE,SILVERM,21JAN2027,33725000.000000,1,OPTFUT,NCO,50.000000,120,False
130949,SILVERM27JAN338750CE,SILVERM,21JAN2027,33875000.000000,1,OPTFUT,NCO,50.000000,120,False
130951,SILVERM27JAN339000CE,SILVERM,21JAN2027,33900000.000000,1,OPTFUT,NCO,50.000000,120,False
130952,SILVERM27JAN339000PE,SILVERM,21JAN2027,33900000.000000,1,OPTFUT,NCO,50.000000,120,False
170945,SILVERM26SEP401500CE,SILVERM,23SEP2026,40150000.000000,1,OPTFUT,NCO,50.000000,120,False
170956,SILVERM26SEP402750PE,SILVERM,23SEP2026,40275000.000000,1,OPTFUT,NCO,50.000000,120,False
170957,SILVERM26SEP403000CE,SILVERM,23SEP2026,40300000.000000,1,OPTFUT,NCO,50.000000,120,False
170959,SILVERM26SEP403250CE,SILVERM,23SEP2026,40325000.000000,1,OPTFUT,NCO,50.000000,120,False
130956,SILVERM27JAN339500PE,SILVERM,21JAN2027,33950000.000000,1,OPTFUT,NCO,50.000000,120,False
130961,GOLD27FEB169600PE,GOLD,26FEB2027,16960000.000000,1,OPTFUT,NCO,50.000000,10,False
130974,GOLD27FEB170300CE,GOLD,26FEB2027,17030000.000000,1,OPTFUT,NCO,50.000000,10,False
131003,GOLD27MAR151700CE,GOLD,29MAR2027,15170000.000000,1,OPTFUT,NCO,50.000000,10,False
170995,SILVERM26OCT387500CE,SILVERM,23OCT2026,38750000.000000,1,OPTFUT,NCO,50.000000,120,False
171011,SILVERM26OCT389500CE,SILVERM,23OCT2026,38950000.000000,1,OPTFUT,NCO,50.000000,120,False
171012,SILVERM26OCT389500PE,SILVERM,23OCT2026,38950000.000000,1,OPTFUT,NCO,50.000000,120,False
171034,SILVERM26OCT392250PE,SILVERM,23OCT2026,39225000.000000,1,OPTFUT,NCO,50.000000,120,False
131005,GOLD27MAR151800CE,GOLD,29MAR2027,15180000.000000,1,OPTFUT,NCO,50.000000,10,False
131023,GOLDM26SEP141400CE,GOLDM,25SEP2026,14140000.000000,1,OPTFUT,NCO,50.000000,100,False
131029,GOLD27JUN151200CE,GOLD,28JUN2027,15120000.000000,1,OPTFUT,NCO,50.000000,10,False
131037,GOLDM26SEP143500CE,GOLDM,25SEP2026,14350000.000000,1,OPTFUT,NCO,50.000000,100,False
171038,SILVERM26OCT392750PE,SILVERM,23OCT2026,39275000.000000,1,OPTFUT,NCO,50.000000,120,False
171053,SILVERM26OCT394750CE,SILVERM,23OCT2026,39475000.000000,1,OPTFUT,NCO,50.000000,120,False
171062,SILVERM26OCT395750PE,SILVERM,23OCT2026,39575000.000000,1,OPTFUT,NCO,50.000000,120,False
171076,SILVERM26OCT397500PE,SILVERM,23OCT2026,39750000.000000,1,OPTFUT,NCO,50.000000,120,False
171082,SILVERM26OCT398250PE,SILVERM,23OCT2026,39825000.000000,1,OPTFUT,NCO,50.000000,120,False
171094,SILVERM26OCT399750PE,SILVERM,23OCT2026,39975000.000000,1,OPTFUT,NCO,50.000000,120,False
171105,SILVERM26OCT401250CE,SILVERM,23OCT2026,40125000.000000,1,OPTFUT,NCO,50.000000,120,False
171115,SILVERM26OCT402500CE,SILVERM,23OCT2026,40250000.000000,1,OPTFUT,NCO,50.000000,120,False
131043,GOLDM26SEP143800CE,GOLDM,25SEP2026,14380000.000000,1,OPTFUT,NCO,50.000000,100,False
131049,GOLDM26SEP144100CE,GOLDM,25SEP2026,14410000.000000,1,OPTFUT,NCO,50.000000,100,False
131059,SILVER26DEC197500CE,SILVER,01DEC2026,19750000.000000,1,OPTBLN,NCO,50.000000,20,False
131071,ZINC26SEP357.5PE,ZINC,23SEP2026,35750.000000,1,OPTFUT,NCO,1.000000,20,False
131079,GOLD27MAR152300PE,GOLD,29MAR2027,15230000.000000,1,OPTFUT,NCO,50.000000,10,False
131080,GOLD27MAR152400CE,GOLD,29MAR2027,15240000.000000,1,OPTFUT,NCO,50.000000,10,False
131085,GOLD27APR152200PE,GOLD,28APR2027,15220000.000000,1,OPTFUT,NCO,50.000000,10,False
131086,GOLD27APR152300CE,GOLD,28APR2027,15230000.000000,1,OPTFUT,NCO,50.000000,10,False
171124,SILVERM26OCT403500PE,SILVERM,23OCT2026,40350000.000000,1,OPTFUT,NCO,50.000000,120,False
171125,SILVERM26OCT403750CE,SILVERM,23OCT2026,40375000.000000,1,OPTFUT,NCO,50.000000,120,False
171138,SILVERM26OCT405250PE,SILVERM,23OCT2026,40525000.000000,1,OPTFUT,NCO,50.000000,120,False
171140,SILVERM26OCT405500PE,SILVERM,23OCT2026,40550000.000000,1,OPTFUT,NCO,50.000000,120,False
131089,GOLD27APR152400PE,GOLD,28APR2027,15240000.000000,1,OPTFUT,NCO,50.000000,10,False
131094,GOLD27APR152700CE,GOLD,28APR2027,15270000.000000,1,OPTFUT,NCO,50.000000,10,False
131118,GOLD27JUN148900PE,GOLD,28JUN2027,14890000.000000,1,OPTFUT,NCO,50.000000,10,False
131127,GOLD27JUN149400CE,GOLD,28JUN2027,14940000.000000,1,OPTFUT,NCO,50.000000,10,False
171148,SILVERM26OCT406500PE,SILVERM,23OCT2026,40650000.000000,1,OPTFUT,NCO,50.000000,120,False
171154,SILVERM26NOV387000PE,SILVERM,23NOV2026,38700000.000000,1,OPTFUT,NCO,50.000000,120,False
171168,SILVERM26NOV388750PE,SILVERM,23NOV2026,38875000.000000,1,OPTFUT,NCO,50.000000,120,False
171170,SILVERM26NOV389000PE,SILVERM,23NOV2026,38900000.000000,1,OPTFUT,NCO,50.000000,120,False
131128,GOLD27JUN149400PE,GOLD,28JUN2027,14940000.000000,1,OPTFUT,NCO,50.000000,10,False
131134,GOLD27JUN149700PE,GOLD,28JUN2027,14970000.000000,1,OPTFUT,NCO,50.000000,10,False
131137,GOLDM26SEP155100PE,GOLDM,25SEP2026,15510000.000000,1,OPTFUT,NCO,50.000000,100,False
131145,GOLDM26SEP155500PE,GOLDM,25SEP2026,15550000.000000,1,OPTFUT,NCO,50.000000,100,False
171184,SILVERM26NOV390750PE,SILVERM,23NOV2026,39075000.000000,1,OPTFUT,NCO,50.000000,120,False
171190,SILVERM26NOV391500PE,SILVERM,23NOV2026,39150000.000000,1,OPTFUT,NCO,50.000000,120,False
171191,SILVERM26NOV391750CE,SILVERM,23NOV2026,39175000.000000,1,OPTFUT,NCO,50.000000,120,False
171192,SILVERM26NOV391750PE,SILVERM,23NOV2026,39175000.000000,1,OPTFUT,NCO,50.000000,120,False
131148,GOLDM26SEP155700CE,GOLDM,25SEP2026,15570000.000000,1,OPTFUT,NCO,50.000000,100,False
131150,GOLDM26OCT155100CE,GOLDM,29OCT2026,15510000.000000,1,OPTFUT,NCO,50.000000,100,False
131158,GOLDM26OCT155500CE,GOLDM,29OCT2026,15550000.000000,1,OPTFUT,NCO,50.000000,100,False
131164,GOLDM26OCT155800CE,GOLDM,29OCT2026,15580000.000000,1,OPTFUT,NCO,50.000000,100,False
171198,SILVERM26NOV392500PE,SILVERM,23NOV2026,39250000.000000,1,OPTFUT,NCO,50.000000,120,False
171212,SILVERM26NOV394250PE,SILVERM,23NOV2026,39425000.000000,1,OPTFUT,NCO,50.000000,120,False
171222,SILVERM26NOV395500PE,SILVERM,23NOV2026,39550000.000000,1,OPTFUT,NCO,50.000000,120,False
171235,SILVERM26NOV397250CE,SILVERM,23NOV2026,39725000.000000,1,OPTFUT,NCO,50.000000,120,False
131165,GOLDM26OCT155800PE,GOLDM,29OCT2026,15580000.000000,1,OPTFUT,NCO,50.000000,100,False
131220,SILVERM26SEP147750CE,SILVERM,23SEP2026,14775000.000000,1,OPTFUT,NCO,50.000000,120,False
131169,GOLDM26OCT156000PE,GOLDM,29OCT2026,15600000.000000,1,OPTFUT,NCO,50.000000,100,False
131210,SILVERM26SEP146500CE,SILVERM,23SEP2026,14650000.000000,1,OPTFUT,NCO,50.000000,120,False
171240,SILVERM26NOV397750PE,SILVERM,23NOV2026,39775000.000000,1,OPTFUT,NCO,50.000000,120,False
171248,SILVERM26NOV398750PE,SILVERM,23NOV2026,39875000.000000,1,OPTFUT,NCO,50.000000,120,False
171259,SILVERM26NOV400250CE,SILVERM,23NOV2026,40025000.000000,1,OPTFUT,NCO,50.000000,120,False
171263,SILVERM26NOV400750CE,SILVERM,23NOV2026,40075000.000000,1,OPTFUT,NCO,50.000000,120,False
131228,SILVERM26SEP148750CE,SILVERM,23SEP2026,14875000.000000,1,OPTFUT,NCO,50.000000,120,False
131235,SILVERM26SEP149500PE,SILVERM,23SEP2026,14950000.000000,1,OPTFUT,NCO,50.000000,120,False
131241,GOLDM26OCT156100PE,GOLDM,29OCT2026,15610000.000000,1,OPTFUT,NCO,50.000000,100,False
131243,GOLDM26OCT156200PE,GOLDM,29OCT2026,15620000.000000,1,OPTFUT,NCO,50.000000,100,False
171267,SILVERM26NOV401250CE,SILVERM,23NOV2026,40125000.000000,1,OPTFUT,NCO,50.000000,120,False
171272,SILVERM26NOV401750PE,SILVERM,23NOV2026,40175000.000000,1,OPTFUT,NCO,50.000000,120,False
171276,SILVERM26NOV402250PE,SILVERM,23NOV2026,40225000.000000,1,OPTFUT,NCO,50.000000,120,False
171278,SILVERM26NOV402500PE,SILVERM,23NOV2026,40250000.000000,1,OPTFUT,NCO,50.000000,120,False
131282,SILVERM26SEP201000CE,SILVERM,23SEP2026,20100000.000000,1,OPTFUT,NCO,50.000000,120,False
131293,SILVERM26SEP202250PE,SILVERM,23SEP2026,20225000.000000,1,OPTFUT,NCO,50.000000,120,False
131301,SILVERM26SEP203250PE,SILVERM,23SEP2026,20325000.000000,1,OPTFUT,NCO,50.000000,120,False
131312,SILVERM26SEP150750CE,SILVERM,23SEP2026,15075000.000000,1,OPTFUT,NCO,50.000000,120,False
171279,SILVERM26NOV402750CE,SILVERM,23NOV2026,40275000.000000,1,OPTFUT,NCO,50.000000,120,False
171295,SILVERM26NOV404750CE,SILVERM,23NOV2026,40475000.000000,1,OPTFUT,NCO,50.000000,120,False
171308,SILVERM26NOV406250PE,SILVERM,23NOV2026,40625000.000000,1,OPTFUT,NCO,50.000000,120,False
171310,SILVERM26NOV406500PE,SILVERM,23NOV2026,40650000.000000,1,OPTFUT,NCO,50.000000,120,False
131313,SILVERM26SEP150750PE,SILVERM,23SEP2026,15075000.000000,1,OPTFUT,NCO,50.000000,120,False
131319,SILVERM26OCT202000PE,SILVERM,23OCT2026,20200000.000000,1,OPTFUT,NCO,50.000000,120,False
131322,SILVERM26OCT202500CE,SILVERM,23OCT2026,20250000.000000,1,OPTFUT,NCO,50.000000,120,False
131325,SILVERM26OCT202750PE,SILVERM,23OCT2026,20275000.000000,1,OPTFUT,NCO,50.000000,120,False
171311,SILVERM26NOV406750CE,SILVERM,23NOV2026,40675000.000000,1,OPTFUT,NCO,50.000000,120,False
171321,SILVERM26NOV408000CE,SILVERM,23NOV2026,40800000.000000,1,OPTFUT,NCO,50.000000,120,False
171323,SILVERM26NOV408250CE,SILVERM,23NOV2026,40825000.000000,1,OPTFUT,NCO,50.000000,120,False
171338,SILVERM26DEC389500PE,SILVERM,23DEC2026,38950000.000000,1,OPTFUT,NCO,50.000000,120,False
131329,SILVERM26OCT203250PE,SILVERM,23OCT2026,20325000.000000,1,OPTFUT,NCO,50.000000,120,False
131336,GOLD27MAR145700PE,GOLD,29MAR2027,14570000.000000,1,OPTFUT,NCO,50.000000,10,False
131341,GOLDM26SEP141600CE,GOLDM,25SEP2026,14160000.000000,1,OPTFUT,NCO,50.000000,100,False
131347,GOLD27FEB171200PE,GOLD,26FEB2027,17120000.000000,1,OPTFUT,NCO,50.000000,10,False
171346,SILVERM26DEC390500PE,SILVERM,23DEC2026,39050000.000000,1,OPTFUT,NCO,50.000000,120,False
171361,SILVERM26DEC392500CE,SILVERM,23DEC2026,39250000.000000,1,OPTFUT,NCO,50.000000,120,False
171363,SILVERM26DEC392750CE,SILVERM,23DEC2026,39275000.000000,1,OPTFUT,NCO,50.000000,120,False
171365,SILVERM26DEC393000CE,SILVERM,23DEC2026,39300000.000000,1,OPTFUT,NCO,50.000000,120,False
131349,GOLD27FEB171300PE,GOLD,26FEB2027,17130000.000000,1,OPTFUT,NCO,50.000000,10,False
131351,GOLD27FEB171400PE,GOLD,26FEB2027,17140000.000000,1,OPTFUT,NCO,50.000000,10,False
131368,GOLDM26SEP142100PE,GOLDM,25SEP2026,14210000.000000,1,OPTFUT,NCO,50.000000,100,False
131386,GOLD27MAR146200PE,GOLD,29MAR2027,14620000.000000,1,OPTFUT,NCO,50.000000,10,False
171367,SILVERM26DEC393250CE,SILVERM,23DEC2026,39325000.000000,1,OPTFUT,NCO,50.000000,120,False
171371,SILVERM26DEC393750CE,SILVERM,23DEC2026,39375000.000000,1,OPTFUT,NCO,50.000000,120,False
171375,SILVERM26DEC394250CE,SILVERM,23DEC2026,39425000.000000,1,OPTFUT,NCO,50.000000,120,False
171387,SILVERM26DEC395750CE,SILVERM,23DEC2026,39575000.000000,1,OPTFUT,NCO,50.000000,120,False
171389,SILVERM26DEC396000CE,SILVERM,23DEC2026,39600000.000000,1,OPTFUT,NCO,50.000000,120,False
171394,SILVERM26DEC396500PE,SILVERM,23DEC2026,39650000.000000,1,OPTFUT,NCO,50.000000,120,False
171395,SILVERM26DEC396750CE,SILVERM,23DEC2026,39675000.000000,1,OPTFUT,NCO,50.000000,120,False
171403,SILVERM26DEC397750CE,SILVERM,23DEC2026,39775000.000000,1,OPTFUT,NCO,50.000000,120,False
131407,SILVERM26SEP151000PE,SILVERM,23SEP2026,15100000.000000,1,OPTFUT,NCO,50.000000,120,False
131423,SILVERM26SEP153000PE,SILVERM,23SEP2026,15300000.000000,1,OPTFUT,NCO,50.000000,120,False
131424,SILVERM26SEP153250CE,SILVERM,23SEP2026,15325000.000000,1,OPTFUT,NCO,50.000000,120,False
131425,SILVERM26SEP153250PE,SILVERM,23SEP2026,15325000.000000,1,OPTFUT,NCO,50.000000,120,False
171407,SILVERM26DEC398250CE,SILVERM,23DEC2026,39825000.000000,1,OPTFUT,NCO,50.000000,120,False
171411,SILVERM26DEC398750CE,SILVERM,23DEC2026,39875000.000000,1,OPTFUT,NCO,50.000000,120,False
171427,SILVERM26DEC400750CE,SILVERM,23DEC2026,40075000.000000,1,OPTFUT,NCO,50.000000,120,False
171447,SILVERM26DEC403250CE,SILVERM,23DEC2026,40325000.000000,1,OPTFUT,NCO,50.000000,120,False
131432,SILVERM26SEP154250CE,SILVERM,23SEP2026,15425000.000000,1,OPTFUT,NCO,50.000000,120,False
131441,SILVERM26OCT204500PE,SILVERM,23OCT2026,20450000.000000,1,OPTFUT,NCO,50.000000,120,False
131455,SILVERM26NOV203500PE,SILVERM,23NOV2026,20350000.000000,1,OPTFUT,NCO,50.000000,120,False
131462,SILVERM26NOV204500CE,SILVERM,23NOV2026,20450000.000000,1,OPTFUT,NCO,50.000000,120,False
171454,SILVERM26DEC404000PE,SILVERM,23DEC2026,40400000.000000,1,OPTFUT,NCO,50.000000,120,False
171463,SILVERM26DEC405250CE,SILVERM,23DEC2026,40525000.000000,1,OPTFUT,NCO,50.000000,120,False
171464,SILVERM26DEC405250PE,SILVERM,23DEC2026,40525000.000000,1,OPTFUT,NCO,50.000000,120,False
171476,SILVERM26DEC406750PE,SILVERM,23DEC2026,40675000.000000,1,OPTFUT,NCO,50.000000,120,False
131466,SILVERM26NOV205000CE,SILVERM,23NOV2026,20500000.000000,1,OPTFUT,NCO,50.000000,120,False
131467,SILVERM26NOV205000PE,SILVERM,23NOV2026,20500000.000000,1,OPTFUT,NCO,50.000000,120,False
131470,SILVERM26NOV205500CE,SILVERM,23NOV2026,20550000.000000,1,OPTFUT,NCO,50.000000,120,False
131489,GOLD26DEC142600PE,GOLD,29DEC2026,14260000.000000,1,OPTFUT,NCO,50.000000,10,False
171481,SILVERM26DEC407500CE,SILVERM,23DEC2026,40750000.000000,1,OPTFUT,NCO,50.000000,120,False
171482,SILVERM26DEC407500PE,SILVERM,23DEC2026,40750000.000000,1,OPTFUT,NCO,50.000000,120,False
171483,SILVERM26DEC407750CE,SILVERM,23DEC2026,40775000.000000,1,OPTFUT,NCO,50.000000,120,False
171504,SILVERM26DEC410250PE,SILVERM,23DEC2026,41025000.000000,1,OPTFUT,NCO,50.000000,120,False
131523,SILVERM27JAN341000CE,SILVERM,21JAN2027,34100000.000000,1,OPTFUT,NCO,50.000000,120,False
131530,SILVERM27JAN341750PE,SILVERM,21JAN2027,34175000.000000,1,OPTFUT,NCO,50.000000,120,False
131551,GOLD27FEB172700CE,GOLD,26FEB2027,17270000.000000,1,OPTFUT,NCO,50.000000,10,False
131591,SILVERM27JUN225250CE,SILVERM,23JUN2027,22525000.000000,1,OPTFUT,NCO,50.000000,120,False
3,SILVER,SILVER,,-1.000000,1,UNDCOM,NCO,100.000000,20,False
7,CRUDEDEGUMSOYBEANOIL,DEGUMSYOIL,,-1.000000,1,UNDCOM,NCO,10.000000,70,False
21,ALUMINIUMMINIFUTURES,ALUMINI,,-1.000000,1,UNDCOM,NCO,5.000000,150,False
30,LEADMINIFUTURES,LEADMINI,,-1.000000,1,UNDCOM,NCO,5.000000,100,False
131624,SILVERM27JUN230250PE,SILVERM,23JUN2027,23025000.000000,1,OPTFUT,NCO,50.000000,120,False
131625,SILVERM27JUN230500CE,SILVERM,23JUN2027,23050000.000000,1,OPTFUT,NCO,50.000000,120,False
131629,GOLD27APR153400PE,GOLD,28APR2027,15340000.000000,1,OPTFUT,NCO,50.000000,10,False
131660,SILVERM27JUN231250PE,SILVERM,23JUN2027,23125000.000000,1,OPTFUT,NCO,50.000000,120,False
131663,NATURALGAS26SEP220CE,NATURALGAS,21SEP2026,22000.000000,1,OPTFUT,NCO,5.000000,48,False
131666,NATURALGAS26SEP225PE,NATURALGAS,21SEP2026,22500.000000,1,OPTFUT,NCO,5.000000,48,False
131673,SILVERM27JUN227000CE,SILVERM,23JUN2027,22700000.000000,1,OPTFUT,NCO,50.000000,120,False
131691,SILVERM27JUL254750CE,SILVERM,23JUL2027,25475000.000000,1,OPTFUT,NCO,50.000000,120,False
131695,SILVERM27JUL255250CE,SILVERM,23JUL2027,25525000.000000,1,OPTFUT,NCO,50.000000,120,False
131705,SILVER26DEC260750CE,SILVER,01DEC2026,26075000.000000,1,OPTBLN,NCO,50.000000,20,False
131750,SILVERM26SEP156000CE,SILVERM,23SEP2026,15600000.000000,1,OPTFUT,NCO,50.000000,120,False
131751,SILVERM26SEP156000PE,SILVERM,23SEP2026,15600000.000000,1,OPTFUT,NCO,50.000000,120,False
131775,GOLD27MAY154600PE,GOLD,28MAY2027,15460000.000000,1,OPTFUT,NCO,50.000000,10,False
131779,GOLD27MAY154800PE,GOLD,28MAY2027,15480000.000000,1,OPTFUT,NCO,50.000000,10,False
131788,GOLD27MAY155300CE,GOLD,28MAY2027,15530000.000000,1,OPTFUT,NCO,50.000000,10,False
131808,GOLD27JUN147500PE,GOLD,28JUN2027,14750000.000000,1,OPTFUT,NCO,50.000000,10,False
131819,GOLDM26SEP140800CE,GOLDM,25SEP2026,14080000.000000,1,OPTFUT,NCO,50.000000,100,False
131830,GOLD27MAR146300PE,GOLD,29MAR2027,14630000.000000,1,OPTFUT,NCO,50.000000,10,False
131840,SILVER26DEC193250PE,SILVER,01DEC2026,19325000.000000,1,OPTBLN,NCO,50.000000,20,False
131862,GOLD27MAY156200PE,GOLD,28MAY2027,15620000.000000,1,OPTFUT,NCO,50.000000,10,False
134773,GOLD27JUL169900CE,GOLD,29JUL2027,16990000.000000,1,OPTFUT,NCO,50.000000,10,False
134775,GOLD27JUL170000CE,GOLD,29JUL2027,17000000.000000,1,OPTFUT,NCO,50.000000,10,False
134777,GOLD27JUL170100CE,GOLD,29JUL2027,17010000.000000,1,OPTFUT,NCO,50.000000,10,False
134804,GOLD27JUL171400PE,GOLD,29JUL2027,17140000.000000,1,OPTFUT,NCO,50.000000,10,False
134829,SILVERM26SEP158250CE,SILVERM,23SEP2026,15825000.000000,1,OPTFUT,NCO,50.000000,120,False
134833,SILVERM26SEP158750CE,SILVERM,23SEP2026,15875000.000000,1,OPTFUT,NCO,50.000000,120,False
134845,SILVERM26SEP160250CE,SILVERM,23SEP2026,16025000.000000,1,OPTFUT,NCO,50.000000,120,False
134900,GOLD26SEP122200CE,GOLD,25SEP2026,12220000.000000,1,OPTFUT,NCO,50.000000,10,False
134921,GOLD26SEP123200PE,GOLD,25SEP2026,12320000.000000,1,OPTFUT,NCO,50.000000,10,False
134927,GOLD26SEP123500PE,GOLD,25SEP2026,12350000.000000,1,OPTFUT,NCO,50.000000,10,False
134930,GOLD26SEP123700CE,GOLD,25SEP2026,12370000.000000,1,OPTFUT,NCO,50.000000,10,False
134936,GOLD26SEP124000CE,GOLD,25SEP2026,12400000.000000,1,OPTFUT,NCO,50.000000,10,False
134940,GOLD26SEP124200CE,GOLD,25SEP2026,12420000.000000,1,OPTFUT,NCO,50.000000,10,False
134943,GOLD26SEP124300PE,GOLD,25SEP2026,12430000.000000,1,OPTFUT,NCO,50.000000,10,False
134947,GOLD26SEP124500PE,GOLD,25SEP2026,12450000.000000,1,OPTFUT,NCO,50.000000,10,False
134968,GOLD26SEP125600CE,GOLD,25SEP2026,12560000.000000,1,OPTFUT,NCO,50.000000,10,False
134977,GOLD26SEP126000PE,GOLD,25SEP2026,12600000.000000,1,OPTFUT,NCO,50.000000,10,False
134979,GOLD26SEP126100PE,GOLD,25SEP2026,12610000.000000,1,OPTFUT,NCO,50.000000,10,False
134987,SILVERM27JAN249250CE,SILVERM,21JAN2027,24925000.000000,1,OPTFUT,NCO,50.000000,120,False
135027,GOLD27FEB164900PE,GOLD,26FEB2027,16490000.000000,1,OPTFUT,NCO,50.000000,10,False
135036,GOLD27FEB165400CE,GOLD,26FEB2027,16540000.000000,1,OPTFUT,NCO,50.000000,10,False
135043,GOLD27FEB165700PE,GOLD,26FEB2027,16570000.000000,1,OPTFUT,NCO,50.000000,10,False
135051,GOLD27FEB166100PE,GOLD,26FEB2027,16610000.000000,1,OPTFUT,NCO,50.000000,10,False
135055,GOLD27FEB166300PE,GOLD,26FEB2027,16630000.000000,1,OPTFUT,NCO,50.000000,10,False
135101,SILVERM26SEP227500PE,SILVERM,23SEP2026,22750000.000000,1,OPTFUT,NCO,50.000000,120,False
135153,GOLDM26SEP162100CE,GOLDM,25SEP2026,16210000.000000,1,OPTFUT,NCO,50.000000,100,False
135188,SILVERM26SEP204250PE,SILVERM,23SEP2026,20425000.000000,1,OPTFUT,NCO,50.000000,120,False
135203,SILVERM26SEP206250CE,SILVERM,23SEP2026,20625000.000000,1,OPTFUT,NCO,50.000000,120,False
135212,SILVERM26SEP207250PE,SILVERM,23SEP2026,20725000.000000,1,OPTFUT,NCO,50.000000,120,False
135222,SILVERM26SEP208500PE,SILVERM,23SEP2026,20850000.000000,1,OPTFUT,NCO,50.000000,120,False
135234,SILVERM26OCT205500PE,SILVERM,23OCT2026,20550000.000000,1,OPTFUT,NCO,50.000000,120,False
135240,SILVERM26OCT206250PE,SILVERM,23OCT2026,20625000.000000,1,OPTFUT,NCO,50.000000,120,False
135263,GOLDM26OCT161400CE,GOLDM,29OCT2026,16140000.000000,1,OPTFUT,NCO,50.000000,100,False
135266,GOLDM26OCT161500PE,GOLDM,29OCT2026,16150000.000000,1,OPTFUT,NCO,50.000000,100,False
135270,GOLDM26OCT161700PE,GOLDM,29OCT2026,16170000.000000,1,OPTFUT,NCO,50.000000,100,False
135273,GOLDM26OCT161900CE,GOLDM,29OCT2026,16190000.000000,1,OPTFUT,NCO,50.000000,100,False
135276,GOLDM26OCT162000PE,GOLDM,29OCT2026,16200000.000000,1,OPTFUT,NCO,50.000000,100,False
135288,GOLDM26OCT162600PE,GOLDM,29OCT2026,16260000.000000,1,OPTFUT,NCO,50.000000,100,False
135290,SILVERM27JAN263000CE,SILVERM,21JAN2027,26300000.000000,1,OPTFUT,NCO,50.000000,120,False
135301,SILVERM27JAN252750CE,SILVERM,21JAN2027,25275000.000000,1,OPTFUT,NCO,50.000000,120,False
135304,SILVERM27JAN253000PE,SILVERM,21JAN2027,25300000.000000,1,OPTFUT,NCO,50.000000,120,False
135324,GOLDM26OCT163400CE,GOLDM,29OCT2026,16340000.000000,1,OPTFUT,NCO,50.000000,100,False
135328,GOLDM26OCT163600CE,GOLDM,29OCT2026,16360000.000000,1,OPTFUT,NCO,50.000000,100,False
135337,GOLDM26OCT163900PE,GOLDM,29OCT2026,16390000.000000,1,OPTFUT,NCO,50.000000,100,False
135338,GOLDM26OCT164000CE,GOLDM,29OCT2026,16400000.000000,1,OPTFUT,NCO,50.000000,100,False
135340,GOLDM26OCT164100CE,GOLDM,29OCT2026,16410000.000000,1,OPTFUT,NCO,50.000000,100,False
135492,SILVERM27JUN261500PE,SILVERM,23JUN2027,26150000.000000,1,OPTFUT,NCO,50.000000,120,False
135511,SILVERM27JUN264000CE,SILVERM,23JUN2027,26400000.000000,1,OPTFUT,NCO,50.000000,120,False
135522,SILVERM27JUL259250PE,SILVERM,23JUL2027,25925000.000000,1,OPTFUT,NCO,50.000000,120,False
135525,SILVERM27JUL259750CE,SILVERM,23JUL2027,25975000.000000,1,OPTFUT,NCO,50.000000,120,False
135527,SILVERM27JUL260000CE,SILVERM,23JUL2027,26000000.000000,1,OPTFUT,NCO,50.000000,120,False
135533,SILVERM27JUL260750CE,SILVERM,23JUL2027,26075000.000000,1,OPTFUT,NCO,50.000000,120,False
135597,GOLD26SEP127700CE,GOLD,25SEP2026,12770000.000000,1,OPTFUT,NCO,50.000000,10,False
135619,SILVERM26OCT207250CE,SILVERM,23OCT2026,20725000.000000,1,OPTFUT,NCO,50.000000,120,False
135622,SILVERM26OCT207500PE,SILVERM,23OCT2026,20750000.000000,1,OPTFUT,NCO,50.000000,120,False
135624,SILVERM26OCT207750PE,SILVERM,23OCT2026,20775000.000000,1,OPTFUT,NCO,50.000000,120,False
135636,SILVERM26OCT209250PE,SILVERM,23OCT2026,20925000.000000,1,OPTFUT,NCO,50.000000,120,False
135645,SILVERM26OCT210500CE,SILVERM,23OCT2026,21050000.000000,1,OPTFUT,NCO,50.000000,120,False
135650,SILVERM26NOV206500PE,SILVERM,23NOV2026,20650000.000000,1,OPTFUT,NCO,50.000000,120,False
135685,SILVERM26NOV211000CE,SILVERM,23NOV2026,21100000.000000,1,OPTFUT,NCO,50.000000,120,False
135686,SILVERM26NOV211000PE,SILVERM,23NOV2026,21100000.000000,1,OPTFUT,NCO,50.000000,120,False
135688,SILVERM26NOV211250PE,SILVERM,23NOV2026,21125000.000000,1,OPTFUT,NCO,50.000000,120,False
135744,SILVERM26SEP228750PE,SILVERM,23SEP2026,22875000.000000,1,OPTFUT,NCO,50.000000,120,False
135747,SILVERM27JAN254750CE,SILVERM,21JAN2027,25475000.000000,1,OPTFUT,NCO,50.000000,120,False
135776,SILVERM27JUL261250CE,SILVERM,23JUL2027,26125000.000000,1,OPTFUT,NCO,50.000000,120,False
135788,SILVERM27JAN255750PE,SILVERM,21JAN2027,25575000.000000,1,OPTFUT,NCO,50.000000,120,False
135796,SILVERM26SEP229250PE,SILVERM,23SEP2026,22925000.000000,1,OPTFUT,NCO,50.000000,120,False
135803,SILVERM26SEP230250CE,SILVERM,23SEP2026,23025000.000000,1,OPTFUT,NCO,50.000000,120,False
135812,SILVERM26SEP231250PE,SILVERM,23SEP2026,23125000.000000,1,OPTFUT,NCO,50.000000,120,False
135823,SILVERM26SEP232750CE,SILVERM,23SEP2026,23275000.000000,1,OPTFUT,NCO,50.000000,120,False
135838,SILVERM27JAN258250PE,SILVERM,21JAN2027,25825000.000000,1,OPTFUT,NCO,50.000000,120,False
135840,SILVERM27JAN258500PE,SILVERM,21JAN2027,25850000.000000,1,OPTFUT,NCO,50.000000,120,False
135858,SILVERM27FEB256500CE,SILVERM,19FEB2027,25650000.000000,1,OPTFUT,NCO,50.000000,120,False
135873,SILVERM27FEB258250PE,SILVERM,19FEB2027,25825000.000000,1,OPTFUT,NCO,50.000000,120,False
135917,GOLD27MAR149300PE,GOLD,29MAR2027,14930000.000000,1,OPTFUT,NCO,50.000000,10,False
135927,GOLD27APR150300PE,GOLD,28APR2027,15030000.000000,1,OPTFUT,NCO,50.000000,10,False
135939,SILVERM27JUL263000CE,SILVERM,23JUL2027,26300000.000000,1,OPTFUT,NCO,50.000000,120,False
135959,SILVERM27APR239500PE,SILVERM,23APR2027,23950000.000000,1,OPTFUT,NCO,50.000000,120,False
135963,SILVERM27APR240000PE,SILVERM,23APR2027,24000000.000000,1,OPTFUT,NCO,50.000000,120,False
135968,SILVERM27MAY241000CE,SILVERM,24MAY2027,24100000.000000,1,OPTFUT,NCO,50.000000,120,False
135971,SILVERM27MAY241250PE,SILVERM,24MAY2027,24125000.000000,1,OPTFUT,NCO,50.000000,120,False
135979,SILVERM27JUL264500PE,SILVERM,23JUL2027,26450000.000000,1,OPTFUT,NCO,50.000000,120,False
135988,SILVERM27JUL265750CE,SILVERM,23JUL2027,26575000.000000,1,OPTFUT,NCO,50.000000,120,False
135998,ZINC26NOV435CE,ZINC,23NOV2026,43500.000000,1,OPTFUT,NCO,1.000000,20,False
136004,CRUDEOIL26NOV5750CE,CRUDEOIL,10NOV2026,575000.000000,1,OPTFUT,NCO,10.000000,100,False
136013,GOLD27MAY170100PE,GOLD,28MAY2027,17010000.000000,1,OPTFUT,NCO,50.000000,10,False
136014,GOLD27MAY170200CE,GOLD,28MAY2027,17020000.000000,1,OPTFUT,NCO,50.000000,10,False
136026,GOLD27MAY170800CE,GOLD,28MAY2027,17080000.000000,1,OPTFUT,NCO,50.000000,10,False
136028,GOLD27MAY170900CE,GOLD,28MAY2027,17090000.000000,1,OPTFUT,NCO,50.000000,10,False
136035,GOLD27MAY171200PE,GOLD,28MAY2027,17120000.000000,1,OPTFUT,NCO,50.000000,10,False
136095,SILVERM26SEP164250CE,SILVERM,23SEP2026,16425000.000000,1,OPTFUT,NCO,50.000000,120,False
136096,SILVERM26SEP164250PE,SILVERM,23SEP2026,16425000.000000,1,OPTFUT,NCO,50.000000,120,False
136106,SILVERM27JAN261000PE,SILVERM,21JAN2027,26100000.000000,1,OPTFUT,NCO,50.000000,120,False
136108,SILVERM26SEP233000PE,SILVERM,23SEP2026,23300000.000000,1,OPTFUT,NCO,50.000000,120,False
136130,SILVERM27FEB262500CE,SILVERM,19FEB2027,26250000.000000,1,OPTFUT,NCO,50.000000,120,False
136135,GOLD27MAY171300PE,GOLD,28MAY2027,17130000.000000,1,OPTFUT,NCO,50.000000,10,False
136136,GOLD27MAY171400CE,GOLD,28MAY2027,17140000.000000,1,OPTFUT,NCO,50.000000,10,False
136153,SILVERM27JAN262500CE,SILVERM,21JAN2027,26250000.000000,1,OPTFUT,NCO,50.000000,120,False
136154,SILVERM27JAN262500PE,SILVERM,21JAN2027,26250000.000000,1,OPTFUT,NCO,50.000000,120,False
136157,GOLD27JAN164400CE,GOLD,29JAN2027,16440000.000000,1,OPTFUT,NCO,50.000000,10,False
136163,SILVERM27FEB262750PE,SILVERM,19FEB2027,26275000.000000,1,OPTFUT,NCO,50.000000,120,False
136167,SILVERM27FEB263250PE,SILVERM,19FEB2027,26325000.000000,1,OPTFUT,NCO,50.000000,120,False
136171,SILVERM27FEB263750PE,SILVERM,19FEB2027,26375000.000000,1,OPTFUT,NCO,50.000000,120,False
136190,SILVERM27APR238250CE,SILVERM,23APR2027,23825000.000000,1,OPTFUT,NCO,50.000000,120,False
136193,SILVERM27APR238500PE,SILVERM,23APR2027,23850000.000000,1,OPTFUT,NCO,50.000000,120,False
136223,GOLD27JUN171000CE,GOLD,28JUN2027,17100000.000000,1,OPTFUT,NCO,50.000000,10,False
136228,GOLD27JUN171200PE,GOLD,28JUN2027,17120000.000000,1,OPTFUT,NCO,50.000000,10,False
136245,GOLD26SEP128800CE,GOLD,25SEP2026,12880000.000000,1,OPTFUT,NCO,50.000000,10,False
136274,SILVERM27MAY239000CE,SILVERM,24MAY2027,23900000.000000,1,OPTFUT,NCO,50.000000,120,False
136306,SILVERM27FEB264250CE,SILVERM,19FEB2027,26425000.000000,1,OPTFUT,NCO,50.000000,120,False
136358,SILVERM27FEB265750CE,SILVERM,19FEB2027,26575000.000000,1,OPTFUT,NCO,50.000000,120,False
136367,SILVERM27FEB266750PE,SILVERM,19FEB2027,26675000.000000,1,OPTFUT,NCO,50.000000,120,False
136372,GOLD27JUN171800PE,GOLD,28JUN2027,17180000.000000,1,OPTFUT,NCO,50.000000,10,False
136374,GOLD27JUN171900PE,GOLD,28JUN2027,17190000.000000,1,OPTFUT,NCO,50.000000,10,False
136384,GOLD27JUN172200PE,GOLD,28JUN2027,17220000.000000,1,OPTFUT,NCO,50.000000,10,False
136403,GOLD27JUL171900CE,GOLD,29JUL2027,17190000.000000,1,OPTFUT,NCO,50.000000,10,False
136447,GOLD26OCT141800CE,GOLD,29OCT2026,14180000.000000,1,OPTFUT,NCO,50.000000,10,False
136469,GOLD26NOV142600CE,GOLD,27NOV2026,14260000.000000,1,OPTFUT,NCO,50.000000,10,False
136507,GOLD27JUL173400PE,GOLD,29JUL2027,17340000.000000,1,OPTFUT,NCO,50.000000,10,False
136533,GOLD27JAN165100CE,GOLD,29JAN2027,16510000.000000,1,OPTFUT,NCO,50.000000,10,False
136543,GOLD27JAN165600CE,GOLD,29JAN2027,16560000.000000,1,OPTFUT,NCO,50.000000,10,False
136550,GOLD27JAN165900PE,GOLD,29JAN2027,16590000.000000,1,OPTFUT,NCO,50.000000,10,False
136556,GOLD27JAN166200PE,GOLD,29JAN2027,16620000.000000,1,OPTFUT,NCO,50.000000,10,False
136577,SILVERM27FEB267500PE,SILVERM,19FEB2027,26750000.000000,1,OPTFUT,NCO,50.000000,120,False
136578,SILVERM27FEB267750CE,SILVERM,19FEB2027,26775000.000000,1,OPTFUT,NCO,50.000000,120,False
136579,SILVERM27FEB267750PE,SILVERM,19FEB2027,26775000.000000,1,OPTFUT,NCO,50.000000,120,False
136584,SILVERM27FEB268500CE,SILVERM,19FEB2027,26850000.000000,1,OPTFUT,NCO,50.000000,120,False
136620,NATURALGAS26SEP260PE,NATURALGAS,21SEP2026,26000.000000,1,OPTFUT,NCO,5.000000,48,False
136622,NATURALGAS26SEP265PE,NATURALGAS,21SEP2026,26500.000000,1,OPTFUT,NCO,5.000000,48,False
136631,NATURALGAS26SEP290CE,NATURALGAS,21SEP2026,29000.000000,1,OPTFUT,NCO,5.000000,48,False
136646,NATURALGAS26SEP325PE,NATURALGAS,21SEP2026,32500.000000,1,OPTFUT,NCO,5.000000,48,False
136647,NATURALGAS26SEP330CE,NATURALGAS,21SEP2026,33000.000000,1,OPTFUT,NCO,5.000000,48,False
136649,NATURALGAS26SEP335CE,NATURALGAS,21SEP2026,33500.000000,1,OPTFUT,NCO,5.000000,48,False
136663,NATURALGAS26SEP370CE,NATURALGAS,21SEP2026,37000.000000,1,OPTFUT,NCO,5.000000,48,False
136685,SILVERM27MAR224750CE,SILVERM,24MAR2027,22475000.000000,1,OPTFUT,NCO,50.000000,120,False
136687,SILVERM27MAR225000CE,SILVERM,24MAR2027,22500000.000000,1,OPTFUT,NCO,50.000000,120,False
136695,SILVERM27MAR226000CE,SILVERM,24MAR2027,22600000.000000,1,OPTFUT,NCO,50.000000,120,False
136712,SILVERM27MAR228000PE,SILVERM,24MAR2027,22800000.000000,1,OPTFUT,NCO,50.000000,120,False
136713,SILVERM27APR224250CE,SILVERM,23APR2027,22425000.000000,1,OPTFUT,NCO,50.000000,120,False
136719,SILVERM27APR225000CE,SILVERM,23APR2027,22500000.000000,1,OPTFUT,NCO,50.000000,120,False
136723,SILVERM27APR225500CE,SILVERM,23APR2027,22550000.000000,1,OPTFUT,NCO,50.000000,120,False
136724,SILVERM27APR225500PE,SILVERM,23APR2027,22550000.000000,1,OPTFUT,NCO,50.000000,120,False
136735,SILVERM27APR227000CE,SILVERM,23APR2027,22700000.000000,1,OPTFUT,NCO,50.000000,120,False
136737,SILVERM27APR227250CE,SILVERM,23APR2027,22725000.000000,1,OPTFUT,NCO,50.000000,120,False
136749,SILVERM27APR228750CE,SILVERM,23APR2027,22875000.000000,1,OPTFUT,NCO,50.000000,120,False
136763,SILVERM27MAY226750CE,SILVERM,24MAY2027,22675000.000000,1,OPTFUT,NCO,50.000000,120,False
136766,SILVERM27MAY227000PE,SILVERM,24MAY2027,22700000.000000,1,OPTFUT,NCO,50.000000,120,False
136773,SILVERM27MAY228000CE,SILVERM,24MAY2027,22800000.000000,1,OPTFUT,NCO,50.000000,120,False
136774,SILVERM27MAY228000PE,SILVERM,24MAY2027,22800000.000000,1,OPTFUT,NCO,50.000000,120,False
136814,GOLDM26SEP163300PE,GOLDM,25SEP2026,16330000.000000,1,OPTFUT,NCO,50.000000,100,False
136819,GOLDM26SEP163600CE,GOLDM,25SEP2026,16360000.000000,1,OPTFUT,NCO,50.000000,100,False
136821,GOLDM26SEP163700CE,GOLDM,25SEP2026,16370000.000000,1,OPTFUT,NCO,50.000000,100,False
136829,GOLDM26SEP164100CE,GOLDM,25SEP2026,16410000.000000,1,OPTFUT,NCO,50.000000,100,False
136846,GOLDM26SEP164900PE,GOLDM,25SEP2026,16490000.000000,1,OPTFUT,NCO,50.000000,100,False
136849,GOLDM26SEP165100CE,GOLDM,25SEP2026,16510000.000000,1,OPTFUT,NCO,50.000000,100,False
136877,GOLDM26OCT165300CE,GOLDM,29OCT2026,16530000.000000,1,OPTFUT,NCO,50.000000,100,False
136936,GOLD26SEP129600PE,GOLD,25SEP2026,12960000.000000,1,OPTFUT,NCO,50.000000,10,False
136958,GOLD26SEP130700PE,GOLD,25SEP2026,13070000.000000,1,OPTFUT,NCO,50.000000,10,False
136988,GOLD26NOV143100PE,GOLD,27NOV2026,14310000.000000,1,OPTFUT,NCO,50.000000,10,False
136992,GOLD26NOV143300PE,GOLD,27NOV2026,14330000.000000,1,OPTFUT,NCO,50.000000,10,False
137013,GOLD27JAN167300CE,GOLD,29JAN2027,16730000.000000,1,OPTFUT,NCO,50.000000,10,False
137016,GOLD27JAN167400PE,GOLD,29JAN2027,16740000.000000,1,OPTFUT,NCO,50.000000,10,False
137019,SILVERM27MAY228500CE,SILVERM,24MAY2027,22850000.000000,1,OPTFUT,NCO,50.000000,120,False
137021,SILVERM27MAY228750CE,SILVERM,24MAY2027,22875000.000000,1,OPTFUT,NCO,50.000000,120,False
137037,GOLDM26OCT165600PE,GOLDM,29OCT2026,16560000.000000,1,OPTFUT,NCO,50.000000,100,False
137041,GOLDM26OCT165800PE,GOLDM,29OCT2026,16580000.000000,1,OPTFUT,NCO,50.000000,100,False
137046,GOLDM26OCT166100CE,GOLDM,29OCT2026,16610000.000000,1,OPTFUT,NCO,50.000000,100,False
137054,SILVERM27JUL266250CE,SILVERM,23JUL2027,26625000.000000,1,OPTFUT,NCO,50.000000,120,False
137057,ZINC26SEP432.5PE,ZINC,23SEP2026,43250.000000,1,OPTFUT,NCO,1.000000,20,False
137059,ZINC26SEP435PE,ZINC,23SEP2026,43500.000000,1,OPTFUT,NCO,1.000000,20,False
137071,ZINC26OCT442.5PE,ZINC,23OCT2026,44250.000000,1,OPTFUT,NCO,1.000000,20,False
137077,ZINC26NOV442.5PE,ZINC,23NOV2026,44250.000000,1,OPTFUT,NCO,1.000000,20,False
137079,ZINC26NOV445PE,ZINC,23NOV2026,44500.000000,1,OPTFUT,NCO,1.000000,20,False
137104,SILVERM26SEP251500CE,SILVERM,23SEP2026,25150000.000000,1,OPTFUT,NCO,50.000000,120,False
137108,SILVERM26SEP252000CE,SILVERM,23SEP2026,25200000.000000,1,OPTFUT,NCO,50.000000,120,False
137125,SILVERM26SEP254000PE,SILVERM,23SEP2026,25400000.000000,1,OPTFUT,NCO,50.000000,120,False
137129,SILVERM26SEP254500PE,SILVERM,23SEP2026,25450000.000000,1,OPTFUT,NCO,50.000000,120,False
137173,GOLD27APR144800PE,GOLD,28APR2027,14480000.000000,1,OPTFUT,NCO,50.000000,10,False
137192,SILVERM26SEP234750PE,SILVERM,23SEP2026,23475000.000000,1,OPTFUT,NCO,50.000000,120,False
137203,SILVERM26OCT228750CE,SILVERM,23OCT2026,22875000.000000,1,OPTFUT,NCO,50.000000,120,False
137204,SILVERM26OCT228750PE,SILVERM,23OCT2026,22875000.000000,1,OPTFUT,NCO,50.000000,120,False
137432,SILVERM26SEP165750PE,SILVERM,23SEP2026,16575000.000000,1,OPTFUT,NCO,50.000000,120,False
137434,SILVERM26SEP166000PE,SILVERM,23SEP2026,16600000.000000,1,OPTFUT,NCO,50.000000,120,False
137435,SILVERM26SEP166250CE,SILVERM,23SEP2026,16625000.000000,1,OPTFUT,NCO,50.000000,120,False
137443,SILVERM26SEP167250CE,SILVERM,23SEP2026,16725000.000000,1,OPTFUT,NCO,50.000000,120,False
137444,SILVERM26SEP167250PE,SILVERM,23SEP2026,16725000.000000,1,OPTFUT,NCO,50.000000,120,False
137449,SILVERM26SEP168000CE,SILVERM,23SEP2026,16800000.000000,1,OPTFUT,NCO,50.000000,120,False
137490,SILVERM26OCT231250PE,SILVERM,23OCT2026,23125000.000000,1,OPTFUT,NCO,50.000000,120,False
137493,SILVERM26OCT231750CE,SILVERM,23OCT2026,23175000.000000,1,OPTFUT,NCO,50.000000,120,False
137554,SILVERM26OCT234000PE,SILVERM,23OCT2026,23400000.000000,1,OPTFUT,NCO,50.000000,120,False
137558,SILVERM26OCT234500PE,SILVERM,23OCT2026,23450000.000000,1,OPTFUT,NCO,50.000000,120,False
137661,SILVERM26OCT252500PE,SILVERM,23OCT2026,25250000.000000,1,OPTFUT,NCO,50.000000,120,False
137662,SILVERM26OCT252750CE,SILVERM,23OCT2026,25275000.000000,1,OPTFUT,NCO,50.000000,120,False
137745,SILVERM26OCT236500CE,SILVERM,23OCT2026,23650000.000000,1,OPTFUT,NCO,50.000000,120,False
137751,SILVERM26NOV229500CE,SILVERM,23NOV2026,22950000.000000,1,OPTFUT,NCO,50.000000,120,False
137755,SILVERM26NOV230000CE,SILVERM,23NOV2026,23000000.000000,1,OPTFUT,NCO,50.000000,120,False
137756,SILVERM26NOV230000PE,SILVERM,23NOV2026,23000000.000000,1,OPTFUT,NCO,50.000000,120,False
137761,SILVERM26NOV230750CE,SILVERM,23NOV2026,23075000.000000,1,OPTFUT,NCO,50.000000,120,False
137766,SILVERM26NOV231250PE,SILVERM,23NOV2026,23125000.000000,1,OPTFUT,NCO,50.000000,120,False
137770,SILVERM26NOV231750PE,SILVERM,23NOV2026,23175000.000000,1,OPTFUT,NCO,50.000000,120,False
137779,SILVERM26NOV233000CE,SILVERM,23NOV2026,23300000.000000,1,OPTFUT,NCO,50.000000,120,False
138134,SILVERM26SEP169000PE,SILVERM,23SEP2026,16900000.000000,1,OPTFUT,NCO,50.000000,120,False
138138,SILVERM26SEP169500PE,SILVERM,23SEP2026,16950000.000000,1,OPTFUT,NCO,50.000000,120,False
138139,SILVERM26SEP169750CE,SILVERM,23SEP2026,16975000.000000,1,OPTFUT,NCO,50.000000,120,False
138140,SILVERM26SEP169750PE,SILVERM,23SEP2026,16975000.000000,1,OPTFUT,NCO,50.000000,120,False
138172,GOLD27JAN154600CE,GOLD,29JAN2027,15460000.000000,1,OPTFUT,NCO,50.000000,10,False
138222,GOLD27JAN154900CE,GOLD,29JAN2027,15490000.000000,1,OPTFUT,NCO,50.000000,10,False
138231,GOLD27JAN155300PE,GOLD,29JAN2027,15530000.000000,1,OPTFUT,NCO,50.000000,10,False
138241,GOLD27JAN155800PE,GOLD,29JAN2027,15580000.000000,1,OPTFUT,NCO,50.000000,10,False
138261,SILVERM26OCT253000PE,SILVERM,23OCT2026,25300000.000000,1,OPTFUT,NCO,50.000000,120,False
138366,SILVERM26NOV234000PE,SILVERM,23NOV2026,23400000.000000,1,OPTFUT,NCO,50.000000,120,False
138368,SILVERM26NOV234250PE,SILVERM,23NOV2026,23425000.000000,1,OPTFUT,NCO,50.000000,120,False
138374,SILVERM26NOV235000PE,SILVERM,23NOV2026,23500000.000000,1,OPTFUT,NCO,50.000000,120,False
138449,GOLD27JAN157100PE,GOLD,29JAN2027,15710000.000000,1,OPTFUT,NCO,50.000000,10,False
138459,GOLD27JAN157600PE,GOLD,29JAN2027,15760000.000000,1,OPTFUT,NCO,50.000000,10,False
138460,GOLD27JAN157700CE,GOLD,29JAN2027,15770000.000000,1,OPTFUT,NCO,50.000000,10,False
138462,GOLD27JAN157800CE,GOLD,29JAN2027,15780000.000000,1,OPTFUT,NCO,50.000000,10,False
138468,GOLD27JAN158100CE,GOLD,29JAN2027,15810000.000000,1,OPTFUT,NCO,50.000000,10,False
138471,GOLD27JAN158200PE,GOLD,29JAN2027,15820000.000000,1,OPTFUT,NCO,50.000000,10,False
138480,GOLD27FEB155300CE,GOLD,26FEB2027,15530000.000000,1,OPTFUT,NCO,50.000000,10,False
138747,SILVERM26SEP173750CE,SILVERM,23SEP2026,17375000.000000,1,OPTFUT,NCO,50.000000,120,False
138754,SILVERM26SEP174500PE,SILVERM,23SEP2026,17450000.000000,1,OPTFUT,NCO,50.000000,120,False
138767,SILVERM26SEP176250CE,SILVERM,23SEP2026,17625000.000000,1,OPTFUT,NCO,50.000000,120,False
138770,SILVERM26SEP176500PE,SILVERM,23SEP2026,17650000.000000,1,OPTFUT,NCO,50.000000,120,False
138773,SILVERM26SEP177000CE,SILVERM,23SEP2026,17700000.000000,1,OPTFUT,NCO,50.000000,120,False
138780,SILVERM26SEP177750PE,SILVERM,23SEP2026,17775000.000000,1,OPTFUT,NCO,50.000000,120,False
138785,SILVERM26SEP178500CE,SILVERM,23SEP2026,17850000.000000,1,OPTFUT,NCO,50.000000,120,False
138859,GOLD27FEB156000PE,GOLD,26FEB2027,15600000.000000,1,OPTFUT,NCO,50.000000,10,False
138886,GOLD27FEB157400CE,GOLD,26FEB2027,15740000.000000,1,OPTFUT,NCO,50.000000,10,False
138892,GOLD27FEB157700CE,GOLD,26FEB2027,15770000.000000,1,OPTFUT,NCO,50.000000,10,False
138900,GOLD27FEB158100CE,GOLD,26FEB2027,15810000.000000,1,OPTFUT,NCO,50.000000,10,False
138901,GOLD27FEB158100PE,GOLD,26FEB2027,15810000.000000,1,OPTFUT,NCO,50.000000,10,False
138911,GOLD27FEB158600PE,GOLD,26FEB2027,15860000.000000,1,OPTFUT,NCO,50.000000,10,False
138971,SILVERM26OCT254250PE,SILVERM,23OCT2026,25425000.000000,1,OPTFUT,NCO,50.000000,120,False
138974,SILVERM26OCT254750CE,SILVERM,23OCT2026,25475000.000000,1,OPTFUT,NCO,50.000000,120,False
138976,SILVERM26OCT255000CE,SILVERM,23OCT2026,25500000.000000,1,OPTFUT,NCO,50.000000,120,False
138981,SILVERM26OCT255500PE,SILVERM,23OCT2026,25550000.000000,1,OPTFUT,NCO,50.000000,120,False
138983,SILVERM26OCT255750PE,SILVERM,23OCT2026,25575000.000000,1,OPTFUT,NCO,50.000000,120,False
139023,GOLD27FEB159500PE,GOLD,26FEB2027,15950000.000000,1,OPTFUT,NCO,50.000000,10,False
139027,GOLD27FEB159700PE,GOLD,26FEB2027,15970000.000000,1,OPTFUT,NCO,50.000000,10,False
139186,GOLD26SEP132400PE,GOLD,25SEP2026,13240000.000000,1,OPTFUT,NCO,50.000000,10,False
139189,GOLD26SEP132600CE,GOLD,25SEP2026,13260000.000000,1,OPTFUT,NCO,50.000000,10,False
139203,GOLD26SEP133300CE,GOLD,25SEP2026,13330000.000000,1,OPTFUT,NCO,50.000000,10,False
139206,GOLD26SEP133400PE,GOLD,25SEP2026,13340000.000000,1,OPTFUT,NCO,50.000000,10,False
139207,GOLD26SEP133500CE,GOLD,25SEP2026,13350000.000000,1,OPTFUT,NCO,50.000000,10,False
139210,GOLD26SEP133600PE,GOLD,25SEP2026,13360000.000000,1,OPTFUT,NCO,50.000000,10,False
139257,SILVERM26NOV253000PE,SILVERM,23NOV2026,25300000.000000,1,OPTFUT,NCO,50.000000,120,False
139261,SILVERM26NOV253500PE,SILVERM,23NOV2026,25350000.000000,1,OPTFUT,NCO,50.000000,120,False
139274,SILVERM26NOV255250CE,SILVERM,23NOV2026,25525000.000000,1,OPTFUT,NCO,50.000000,120,False
139297,SILVERM26SEP211250CE,SILVERM,23SEP2026,21125000.000000,1,OPTFUT,NCO,50.000000,120,False
139319,SILVERM26SEP214000CE,SILVERM,23SEP2026,21400000.000000,1,OPTFUT,NCO,50.000000,120,False
139348,SILVERM26OCT212000PE,SILVERM,23OCT2026,21200000.000000,1,OPTFUT,NCO,50.000000,120,False
139351,SILVERM26OCT212500CE,SILVERM,23OCT2026,21250000.000000,1,OPTFUT,NCO,50.000000,120,False
139359,SILVERM26OCT213500CE,SILVERM,23OCT2026,21350000.000000,1,OPTFUT,NCO,50.000000,120,False
139361,SILVERM26OCT213750CE,SILVERM,23OCT2026,21375000.000000,1,OPTFUT,NCO,50.000000,120,False
139377,SILVERM26OCT215750CE,SILVERM,23OCT2026,21575000.000000,1,OPTFUT,NCO,50.000000,120,False
139383,SILVERM26OCT216500CE,SILVERM,23OCT2026,21650000.000000,1,OPTFUT,NCO,50.000000,120,False
139389,SILVERM26NOV212000CE,SILVERM,23NOV2026,21200000.000000,1,OPTFUT,NCO,50.000000,120,False
139408,SILVERM26NOV214250PE,SILVERM,23NOV2026,21425000.000000,1,OPTFUT,NCO,50.000000,120,False
139419,GOLD27FEB160700PE,GOLD,26FEB2027,16070000.000000,1,OPTFUT,NCO,50.000000,10,False
139425,GOLD27FEB161000PE,GOLD,26FEB2027,16100000.000000,1,OPTFUT,NCO,50.000000,10,False
139430,GOLD27FEB161300CE,GOLD,26FEB2027,16130000.000000,1,OPTFUT,NCO,50.000000,10,False
139431,GOLD27FEB161300PE,GOLD,26FEB2027,16130000.000000,1,OPTFUT,NCO,50.000000,10,False
139439,GOLD27FEB161700PE,GOLD,26FEB2027,16170000.000000,1,OPTFUT,NCO,50.000000,10,False
139460,GOLD27FEB162800CE,GOLD,26FEB2027,16280000.000000,1,OPTFUT,NCO,50.000000,10,False
140016,SILVERM26SEP180500PE,SILVERM,23SEP2026,18050000.000000,1,OPTFUT,NCO,50.000000,120,False
140020,SILVERM26SEP181000PE,SILVERM,23SEP2026,18100000.000000,1,OPTFUT,NCO,50.000000,120,False
140034,SILVERM26SEP182750PE,SILVERM,23SEP2026,18275000.000000,1,OPTFUT,NCO,50.000000,120,False
140040,SILVERM26SEP183500PE,SILVERM,23SEP2026,18350000.000000,1,OPTFUT,NCO,50.000000,120,False
140042,SILVERM26SEP183750PE,SILVERM,23SEP2026,18375000.000000,1,OPTFUT,NCO,50.000000,120,False
140043,SILVERM26SEP184000CE,SILVERM,23SEP2026,18400000.000000,1,OPTFUT,NCO,50.000000,120,False
140049,SILVERM26SEP184750CE,SILVERM,23SEP2026,18475000.000000,1,OPTFUT,NCO,50.000000,120,False
140068,SILVERM26SEP187000PE,SILVERM,23SEP2026,18700000.000000,1,OPTFUT,NCO,50.000000,120,False
140072,SILVERM26NOV214500PE,SILVERM,23NOV2026,21450000.000000,1,OPTFUT,NCO,50.000000,120,False
140078,SILVERM26NOV215250PE,SILVERM,23NOV2026,21525000.000000,1,OPTFUT,NCO,50.000000,120,False
140079,SILVERM26NOV215500CE,SILVERM,23NOV2026,21550000.000000,1,OPTFUT,NCO,50.000000,120,False
140090,SILVERM26NOV216750PE,SILVERM,23NOV2026,21675000.000000,1,OPTFUT,NCO,50.000000,120,False
140092,SILVERM26NOV217000PE,SILVERM,23NOV2026,21700000.000000,1,OPTFUT,NCO,50.000000,120,False
140098,SILVERM26NOV217750PE,SILVERM,23NOV2026,21775000.000000,1,OPTFUT,NCO,50.000000,120,False
140186,SILVERM27JAN239750CE,SILVERM,21JAN2027,23975000.000000,1,OPTFUT,NCO,50.000000,120,False
140196,SILVERM27JAN241000CE,SILVERM,21JAN2027,24100000.000000,1,OPTFUT,NCO,50.000000,120,False
140207,SILVERM27JAN242250PE,SILVERM,21JAN2027,24225000.000000,1,OPTFUT,NCO,50.000000,120,False
140211,SILVERM27FEB240500PE,SILVERM,19FEB2027,24050000.000000,1,OPTFUT,NCO,50.000000,120,False
140221,SILVERM27FEB241750PE,SILVERM,19FEB2027,24175000.000000,1,OPTFUT,NCO,50.000000,120,False
140234,SILVERM27FEB243500CE,SILVERM,19FEB2027,24350000.000000,1,OPTFUT,NCO,50.000000,120,False
140243,SILVERM27FEB244500PE,SILVERM,19FEB2027,24450000.000000,1,OPTFUT,NCO,50.000000,120,False
140254,SILVERM27FEB246000CE,SILVERM,19FEB2027,24600000.000000,1,OPTFUT,NCO,50.000000,120,False
140260,SILVERM27FEB246750CE,SILVERM,19FEB2027,24675000.000000,1,OPTFUT,NCO,50.000000,120,False
140294,SILVERM26DEC254500CE,SILVERM,23DEC2026,25450000.000000,1,OPTFUT,NCO,50.000000,120,False
140285,SILVERM26NOV257500PE,SILVERM,23NOV2026,25750000.000000,1,OPTFUT,NCO,50.000000,120,False
140290,SILVERM26DEC254000CE,SILVERM,23DEC2026,25400000.000000,1,OPTFUT,NCO,50.000000,120,False
140293,SILVERM26DEC254250PE,SILVERM,23DEC2026,25425000.000000,1,OPTFUT,NCO,50.000000,120,False
140312,SILVERM26DEC256750CE,SILVERM,23DEC2026,25675000.000000,1,OPTFUT,NCO,50.000000,120,False
140354,GOLD27JAN168400PE,GOLD,29JAN2027,16840000.000000,1,OPTFUT,NCO,50.000000,10,False
140390,SILVERM27FEB251750CE,SILVERM,19FEB2027,25175000.000000,1,OPTFUT,NCO,50.000000,120,False
140399,SILVERM27FEB252750PE,SILVERM,19FEB2027,25275000.000000,1,OPTFUT,NCO,50.000000,120,False
140704,GOLD26SEP134800PE,GOLD,25SEP2026,13480000.000000,1,OPTFUT,NCO,50.000000,10,False
140705,GOLD26SEP134900CE,GOLD,25SEP2026,13490000.000000,1,OPTFUT,NCO,50.000000,10,False
140707,GOLD26SEP135000CE,GOLD,25SEP2026,13500000.000000,1,OPTFUT,NCO,50.000000,10,False
140744,SILVERM27FEB255500CE,SILVERM,19FEB2027,25550000.000000,1,OPTFUT,NCO,50.000000,120,False
140787,SILVERM26SEP216750CE,SILVERM,23SEP2026,21675000.000000,1,OPTFUT,NCO,50.000000,120,False
140800,SILVERM26NOV218750PE,SILVERM,23NOV2026,21875000.000000,1,OPTFUT,NCO,50.000000,120,False
140822,SILVERM26DEC258500CE,SILVERM,23DEC2026,25850000.000000,1,OPTFUT,NCO,50.000000,120,False
140841,GOLD27JAN153600CE,GOLD,29JAN2027,15360000.000000,1,OPTFUT,NCO,50.000000,10,False
140866,GOLD27FEB154300PE,GOLD,26FEB2027,15430000.000000,1,OPTFUT,NCO,50.000000,10,False
140867,GOLD27FEB154400CE,GOLD,26FEB2027,15440000.000000,1,OPTFUT,NCO,50.000000,10,False
140868,GOLD27FEB154400PE,GOLD,26FEB2027,15440000.000000,1,OPTFUT,NCO,50.000000,10,False
140877,GOLD27FEB154900CE,GOLD,26FEB2027,15490000.000000,1,OPTFUT,NCO,50.000000,10,False
140881,GOLD27FEB155100CE,GOLD,26FEB2027,15510000.000000,1,OPTFUT,NCO,50.000000,10,False
141503,SILVERM26SEP188500CE,SILVERM,23SEP2026,18850000.000000,1,OPTFUT,NCO,50.000000,120,False
141504,SILVERM26SEP188500PE,SILVERM,23SEP2026,18850000.000000,1,OPTFUT,NCO,50.000000,120,False
141518,SILVERM26SEP190250PE,SILVERM,23SEP2026,19025000.000000,1,OPTFUT,NCO,50.000000,120,False
141529,SILVERM26SEP191750CE,SILVERM,23SEP2026,19175000.000000,1,OPTFUT,NCO,50.000000,120,False
141530,SILVERM26SEP191750PE,SILVERM,23SEP2026,19175000.000000,1,OPTFUT,NCO,50.000000,120,False
141533,SILVERM26SEP192250CE,SILVERM,23SEP2026,19225000.000000,1,OPTFUT,NCO,50.000000,120,False
141548,SILVERM26SEP194000PE,SILVERM,23SEP2026,19400000.000000,1,OPTFUT,NCO,50.000000,120,False
141550,SILVERM26SEP194250PE,SILVERM,23SEP2026,19425000.000000,1,OPTFUT,NCO,50.000000,120,False
141744,GOLD26SEP136400PE,GOLD,25SEP2026,13640000.000000,1,OPTFUT,NCO,50.000000,10,False
141914,GOLD26SEP137100PE,GOLD,25SEP2026,13710000.000000,1,OPTFUT,NCO,50.000000,10,False
142477,GOLD26SEP137900CE,GOLD,25SEP2026,13790000.000000,1,OPTFUT,NCO,50.000000,10,False
142478,GOLD26SEP137900PE,GOLD,25SEP2026,13790000.000000,1,OPTFUT,NCO,50.000000,10,False
142483,GOLD26SEP138200CE,GOLD,25SEP2026,13820000.000000,1,OPTFUT,NCO,50.000000,10,False
142510,GOLD26SEP139500PE,GOLD,25SEP2026,13950000.000000,1,OPTFUT,NCO,50.000000,10,False
142537,GOLD26SEP142600CE,GOLD,25SEP2026,14260000.000000,1,OPTFUT,NCO,50.000000,10,False
142540,GOLD26OCT142800PE,GOLD,29OCT2026,14280000.000000,1,OPTFUT,NCO,50.000000,10,False
142550,GOLD26OCT143300PE,GOLD,29OCT2026,14330000.000000,1,OPTFUT,NCO,50.000000,10,False
142665,GOLD26DEC146800CE,GOLD,29DEC2026,14680000.000000,1,OPTFUT,NCO,50.000000,10,False
142711,GOLD26DEC141300CE,GOLD,29DEC2026,14130000.000000,1,OPTFUT,NCO,50.000000,10,False
142793,GOLD26DEC140800CE,GOLD,29DEC2026,14080000.000000,1,OPTFUT,NCO,50.000000,10,False
142797,GOLD27JAN141400CE,GOLD,29JAN2027,14140000.000000,1,OPTFUT,NCO,50.000000,10,False
142915,GOLD27JAN144000CE,GOLD,29JAN2027,14400000.000000,1,OPTFUT,NCO,50.000000,10,False
142929,GOLD27JAN144700CE,GOLD,29JAN2027,14470000.000000,1,OPTFUT,NCO,50.000000,10,False
142935,GOLD27JAN145000CE,GOLD,29JAN2027,14500000.000000,1,OPTFUT,NCO,50.000000,10,False
142942,GOLD27JAN145300PE,GOLD,29JAN2027,14530000.000000,1,OPTFUT,NCO,50.000000,10,False
142949,GOLD27JAN145700CE,GOLD,29JAN2027,14570000.000000,1,OPTFUT,NCO,50.000000,10,False
143305,SILVERM26SEP218500CE,SILVERM,23SEP2026,21850000.000000,1,OPTFUT,NCO,50.000000,120,False
143307,SILVERM26SEP218750CE,SILVERM,23SEP2026,21875000.000000,1,OPTFUT,NCO,50.000000,120,False
143328,SILVERM26SEP221250PE,SILVERM,23SEP2026,22125000.000000,1,OPTFUT,NCO,50.000000,120,False
143329,SILVERM26SEP221500CE,SILVERM,23SEP2026,22150000.000000,1,OPTFUT,NCO,50.000000,120,False
143345,SILVERM26SEP223500CE,SILVERM,23SEP2026,22350000.000000,1,OPTFUT,NCO,50.000000,120,False
143356,SILVERM26OCT218500PE,SILVERM,23OCT2026,21850000.000000,1,OPTFUT,NCO,50.000000,120,False
143360,SILVERM26OCT219000PE,SILVERM,23OCT2026,21900000.000000,1,OPTFUT,NCO,50.000000,120,False
143367,SILVERM26OCT220000CE,SILVERM,23OCT2026,22000000.000000,1,OPTFUT,NCO,50.000000,120,False
143374,SILVERM26OCT220750PE,SILVERM,23OCT2026,22075000.000000,1,OPTFUT,NCO,50.000000,120,False
143379,SILVERM26OCT221500CE,SILVERM,23OCT2026,22150000.000000,1,OPTFUT,NCO,50.000000,120,False
143383,SILVERM26OCT222000CE,SILVERM,23OCT2026,22200000.000000,1,OPTFUT,NCO,50.000000,120,False
143387,SILVERM26OCT222500CE,SILVERM,23OCT2026,22250000.000000,1,OPTFUT,NCO,50.000000,120,False
143408,SILVERM26OCT225000PE,SILVERM,23OCT2026,22500000.000000,1,OPTFUT,NCO,50.000000,120,False
143409,SILVERM26NOV219000CE,SILVERM,23NOV2026,21900000.000000,1,OPTFUT,NCO,50.000000,120,False
143416,SILVERM26NOV219750PE,SILVERM,23NOV2026,21975000.000000,1,OPTFUT,NCO,50.000000,120,False
143417,SILVERM26NOV220000CE,SILVERM,23NOV2026,22000000.000000,1,OPTFUT,NCO,50.000000,120,False
143422,SILVERM26NOV220500PE,SILVERM,23NOV2026,22050000.000000,1,OPTFUT,NCO,50.000000,120,False
143425,SILVERM26NOV221000CE,SILVERM,23NOV2026,22100000.000000,1,OPTFUT,NCO,50.000000,120,False
143446,SILVERM26NOV223500PE,SILVERM,23NOV2026,22350000.000000,1,OPTFUT,NCO,50.000000,120,False
143466,SILVERM26NOV226000PE,SILVERM,23NOV2026,22600000.000000,1,OPTFUT,NCO,50.000000,120,False
143470,GOLD27JAN145800PE,GOLD,29JAN2027,14580000.000000,1,OPTFUT,NCO,50.000000,10,False
143472,GOLD27JAN145900PE,GOLD,29JAN2027,14590000.000000,1,OPTFUT,NCO,50.000000,10,False
143480,GOLD27JAN146300PE,GOLD,29JAN2027,14630000.000000,1,OPTFUT,NCO,50.000000,10,False
143481,GOLD27JAN146400CE,GOLD,29JAN2027,14640000.000000,1,OPTFUT,NCO,50.000000,10,False
143517,GOLD27JAN146900CE,GOLD,29JAN2027,14690000.000000,1,OPTFUT,NCO,50.000000,10,False
143520,GOLD27JAN147000PE,GOLD,29JAN2027,14700000.000000,1,OPTFUT,NCO,50.000000,10,False
143550,GOLD27JAN147600PE,GOLD,29JAN2027,14760000.000000,1,OPTFUT,NCO,50.000000,10,False
143556,GOLD27JAN147900PE,GOLD,29JAN2027,14790000.000000,1,OPTFUT,NCO,50.000000,10,False
143563,GOLD27JAN148300CE,GOLD,29JAN2027,14830000.000000,1,OPTFUT,NCO,50.000000,10,False
143565,GOLD27JAN148400CE,GOLD,29JAN2027,14840000.000000,1,OPTFUT,NCO,50.000000,10,False
143620,GOLD27JAN148700PE,GOLD,29JAN2027,14870000.000000,1,OPTFUT,NCO,50.000000,10,False
143626,GOLD27JAN149000PE,GOLD,29JAN2027,14900000.000000,1,OPTFUT,NCO,50.000000,10,False
143629,GOLD27JAN149200CE,GOLD,29JAN2027,14920000.000000,1,OPTFUT,NCO,50.000000,10,False
143925,GOLD26SEP142700CE,GOLD,25SEP2026,14270000.000000,1,OPTFUT,NCO,50.000000,10,False
143939,GOLD26SEP143400CE,GOLD,25SEP2026,14340000.000000,1,OPTFUT,NCO,50.000000,10,False
143961,GOLD26SEP144500CE,GOLD,25SEP2026,14450000.000000,1,OPTFUT,NCO,50.000000,10,False
143965,GOLD26SEP144700CE,GOLD,25SEP2026,14470000.000000,1,OPTFUT,NCO,50.000000,10,False
143969,GOLD26SEP144900CE,GOLD,25SEP2026,14490000.000000,1,OPTFUT,NCO,50.000000,10,False
143979,GOLD26OCT143800CE,GOLD,29OCT2026,14380000.000000,1,OPTFUT,NCO,50.000000,10,False
143986,GOLD26OCT144100PE,GOLD,29OCT2026,14410000.000000,1,OPTFUT,NCO,50.000000,10,False
143998,GOLD26OCT144700PE,GOLD,29OCT2026,14470000.000000,1,OPTFUT,NCO,50.000000,10,False
144001,GOLD26OCT144900CE,GOLD,29OCT2026,14490000.000000,1,OPTFUT,NCO,50.000000,10,False
144004,GOLD26OCT145000PE,GOLD,29OCT2026,14500000.000000,1,OPTFUT,NCO,50.000000,10,False
144005,GOLD26OCT145100CE,GOLD,29OCT2026,14510000.000000,1,OPTFUT,NCO,50.000000,10,False
144007,GOLD26OCT145200CE,GOLD,29OCT2026,14520000.000000,1,OPTFUT,NCO,50.000000,10,False
144011,GOLD26OCT145400CE,GOLD,29OCT2026,14540000.000000,1,OPTFUT,NCO,50.000000,10,False
144012,GOLD26OCT145400PE,GOLD,29OCT2026,14540000.000000,1,OPTFUT,NCO,50.000000,10,False
144022,GOLD26NOV144300PE,GOLD,27NOV2026,14430000.000000,1,OPTFUT,NCO,50.000000,10,False
144024,GOLD26NOV144400PE,GOLD,27NOV2026,14440000.000000,1,OPTFUT,NCO,50.000000,10,False
144036,GOLD26NOV145000PE,GOLD,27NOV2026,14500000.000000,1,OPTFUT,NCO,50.000000,10,False
144043,GOLD26NOV145400CE,GOLD,27NOV2026,14540000.000000,1,OPTFUT,NCO,50.000000,10,False
144046,GOLD26NOV145500PE,GOLD,27NOV2026,14550000.000000,1,OPTFUT,NCO,50.000000,10,False
144048,GOLD26NOV145600PE,GOLD,27NOV2026,14560000.000000,1,OPTFUT,NCO,50.000000,10,False
144051,GOLD26NOV145800CE,GOLD,27NOV2026,14580000.000000,1,OPTFUT,NCO,50.000000,10,False
144129,GOLD27JAN151500CE,GOLD,29JAN2027,15150000.000000,1,OPTFUT,NCO,50.000000,10,False
144136,GOLD27JAN151800PE,GOLD,29JAN2027,15180000.000000,1,OPTFUT,NCO,50.000000,10,False
144139,GOLD27JAN152000CE,GOLD,29JAN2027,15200000.000000,1,OPTFUT,NCO,50.000000,10,False
144155,GOLD27JAN152800CE,GOLD,29JAN2027,15280000.000000,1,OPTFUT,NCO,50.000000,10,False
144159,GOLD27JAN153000CE,GOLD,29JAN2027,15300000.000000,1,OPTFUT,NCO,50.000000,10,False
144163,GOLD27JAN153200CE,GOLD,29JAN2027,15320000.000000,1,OPTFUT,NCO,50.000000,10,False
144166,GOLD27JAN153300PE,GOLD,29JAN2027,15330000.000000,1,OPTFUT,NCO,50.000000,10,False
144177,GOLD27FEB142600CE,GOLD,26FEB2027,14260000.000000,1,OPTFUT,NCO,50.000000,10,False
144178,GOLD27FEB142600PE,GOLD,26FEB2027,14260000.000000,1,OPTFUT,NCO,50.000000,10,False
144181,GOLD27FEB142800CE,GOLD,26FEB2027,14280000.000000,1,OPTFUT,NCO,50.000000,10,False
144185,GOLD27FEB143000CE,GOLD,26FEB2027,14300000.000000,1,OPTFUT,NCO,50.000000,10,False
144188,GOLD27FEB143100PE,GOLD,26FEB2027,14310000.000000,1,OPTFUT,NCO,50.000000,10,False
144216,GOLD27FEB143500PE,GOLD,26FEB2027,14350000.000000,1,OPTFUT,NCO,50.000000,10,False
144218,GOLD27FEB143600PE,GOLD,26FEB2027,14360000.000000,1,OPTFUT,NCO,50.000000,10,False
144220,GOLD27FEB143700PE,GOLD,26FEB2027,14370000.000000,1,OPTFUT,NCO,50.000000,10,False
144222,GOLD27FEB143800PE,GOLD,26FEB2027,14380000.000000,1,OPTFUT,NCO,50.000000,10,False
144226,GOLD27FEB144000PE,GOLD,26FEB2027,14400000.000000,1,OPTFUT,NCO,50.000000,10,False
144227,GOLD27FEB144100CE,GOLD,26FEB2027,14410000.000000,1,OPTFUT,NCO,50.000000,10,False
144365,SILVERM26SEP224250CE,SILVERM,23SEP2026,22425000.000000,1,OPTFUT,NCO,50.000000,120,False
144373,SILVERM26SEP225250CE,SILVERM,23SEP2026,22525000.000000,1,OPTFUT,NCO,50.000000,120,False
144388,SILVERM26OCT225250PE,SILVERM,23OCT2026,22525000.000000,1,OPTFUT,NCO,50.000000,120,False
144389,SILVERM26OCT225500CE,SILVERM,23OCT2026,22550000.000000,1,OPTFUT,NCO,50.000000,120,False
144391,SILVERM26OCT225750CE,SILVERM,23OCT2026,22575000.000000,1,OPTFUT,NCO,50.000000,120,False
144398,SILVERM26OCT226500PE,SILVERM,23OCT2026,22650000.000000,1,OPTFUT,NCO,50.000000,120,False
144401,SILVERM26OCT227000CE,SILVERM,23OCT2026,22700000.000000,1,OPTFUT,NCO,50.000000,120,False
144412,SILVERM26NOV226500PE,SILVERM,23NOV2026,22650000.000000,1,OPTFUT,NCO,50.000000,120,False
144420,SILVERM26NOV227500PE,SILVERM,23NOV2026,22750000.000000,1,OPTFUT,NCO,50.000000,120,False
144423,SILVERM26NOV228000CE,SILVERM,23NOV2026,22800000.000000,1,OPTFUT,NCO,50.000000,120,False
144425,SILVERM26NOV228250CE,SILVERM,23NOV2026,22825000.000000,1,OPTFUT,NCO,50.000000,120,False
144432,SILVERM26NOV229000PE,SILVERM,23NOV2026,22900000.000000,1,OPTFUT,NCO,50.000000,120,False
144442,GOLD27FEB144800PE,GOLD,26FEB2027,14480000.000000,1,OPTFUT,NCO,50.000000,10,False
144445,GOLD27FEB145000CE,GOLD,26FEB2027,14500000.000000,1,OPTFUT,NCO,50.000000,10,False
144453,GOLD27FEB145400CE,GOLD,26FEB2027,14540000.000000,1,OPTFUT,NCO,50.000000,10,False
144454,GOLD27FEB145400PE,GOLD,26FEB2027,14540000.000000,1,OPTFUT,NCO,50.000000,10,False
144456,GOLD27FEB145500PE,GOLD,26FEB2027,14550000.000000,1,OPTFUT,NCO,50.000000,10,False
144529,GOLD27FEB146200CE,GOLD,26FEB2027,14620000.000000,1,OPTFUT,NCO,50.000000,10,False
144533,GOLD27FEB146400CE,GOLD,26FEB2027,14640000.000000,1,OPTFUT,NCO,50.000000,10,False
144536,GOLD27FEB146500PE,GOLD,26FEB2027,14650000.000000,1,OPTFUT,NCO,50.000000,10,False
144539,GOLD27FEB146700CE,GOLD,26FEB2027,14670000.000000,1,OPTFUT,NCO,50.000000,10,False
144542,GOLD27FEB146800PE,GOLD,26FEB2027,14680000.000000,1,OPTFUT,NCO,50.000000,10,False
144546,GOLD27FEB147000PE,GOLD,26FEB2027,14700000.000000,1,OPTFUT,NCO,50.000000,10,False
144547,GOLD27FEB147100CE,GOLD,26FEB2027,14710000.000000,1,OPTFUT,NCO,50.000000,10,False
144549,GOLD27FEB147200CE,GOLD,26FEB2027,14720000.000000,1,OPTFUT,NCO,50.000000,10,False
144553,GOLD27FEB147400CE,GOLD,26FEB2027,14740000.000000,1,OPTFUT,NCO,50.000000,10,False
144554,GOLD27FEB147400PE,GOLD,26FEB2027,14740000.000000,1,OPTFUT,NCO,50.000000,10,False
144560,GOLD27FEB147700PE,GOLD,26FEB2027,14770000.000000,1,OPTFUT,NCO,50.000000,10,False
144569,GOLD27FEB148200CE,GOLD,26FEB2027,14820000.000000,1,OPTFUT,NCO,50.000000,10,False
144574,GOLD27FEB148400PE,GOLD,26FEB2027,14840000.000000,1,OPTFUT,NCO,50.000000,10,False
144741,GOLD26SEP145400CE,GOLD,25SEP2026,14540000.000000,1,OPTFUT,NCO,50.000000,10,False
144745,GOLD26SEP145600CE,GOLD,25SEP2026,14560000.000000,1,OPTFUT,NCO,50.000000,10,False
144749,GOLD26SEP145800CE,GOLD,25SEP2026,14580000.000000,1,OPTFUT,NCO,50.000000,10,False
144759,GOLD26SEP146300CE,GOLD,25SEP2026,14630000.000000,1,OPTFUT,NCO,50.000000,10,False
144777,GOLD26OCT146600CE,GOLD,29OCT2026,14660000.000000,1,OPTFUT,NCO,50.000000,10,False
144783,GOLD26OCT146900CE,GOLD,29OCT2026,14690000.000000,1,OPTFUT,NCO,50.000000,10,False
144796,GOLD26NOV146800PE,GOLD,27NOV2026,14680000.000000,1,OPTFUT,NCO,50.000000,10,False
144805,GOLD26NOV147300CE,GOLD,27NOV2026,14730000.000000,1,OPTFUT,NCO,50.000000,10,False
144811,GOLD26NOV147600CE,GOLD,27NOV2026,14760000.000000,1,OPTFUT,NCO,50.000000,10,False
144818,GOLD26NOV147900PE,GOLD,27NOV2026,14790000.000000,1,OPTFUT,NCO,50.000000,10,False
144859,GOLD27FEB149200CE,GOLD,26FEB2027,14920000.000000,1,OPTFUT,NCO,50.000000,10,False
144878,GOLD27FEB150100PE,GOLD,26FEB2027,15010000.000000,1,OPTFUT,NCO,50.000000,10,False
144886,GOLD27FEB150500PE,GOLD,26FEB2027,15050000.000000,1,OPTFUT,NCO,50.000000,10,False
144890,GOLD27FEB150700PE,GOLD,26FEB2027,15070000.000000,1,OPTFUT,NCO,50.000000,10,False
145046,GOLD27FEB151500PE,GOLD,26FEB2027,15150000.000000,1,OPTFUT,NCO,50.000000,10,False
145050,GOLD27FEB151700PE,GOLD,26FEB2027,15170000.000000,1,OPTFUT,NCO,50.000000,10,False
145056,GOLD27FEB152000PE,GOLD,26FEB2027,15200000.000000,1,OPTFUT,NCO,50.000000,10,False
145065,GOLD27FEB152500CE,GOLD,26FEB2027,15250000.000000,1,OPTFUT,NCO,50.000000,10,False
145069,GOLD27FEB152700CE,GOLD,26FEB2027,15270000.000000,1,OPTFUT,NCO,50.000000,10,False
145071,GOLD27FEB152800CE,GOLD,26FEB2027,15280000.000000,1,OPTFUT,NCO,50.000000,10,False
145073,GOLD27FEB152900CE,GOLD,26FEB2027,15290000.000000,1,OPTFUT,NCO,50.000000,10,False
145604,SILVERM26SEP236500PE,SILVERM,23SEP2026,23650000.000000,1,OPTFUT,NCO,50.000000,120,False
145627,SILVERM26SEP239500CE,SILVERM,23SEP2026,23950000.000000,1,OPTFUT,NCO,50.000000,120,False
145628,SILVERM26SEP239500PE,SILVERM,23SEP2026,23950000.000000,1,OPTFUT,NCO,50.000000,120,False
145629,SILVERM26SEP239750CE,SILVERM,23SEP2026,23975000.000000,1,OPTFUT,NCO,50.000000,120,False
145641,SILVERM26SEP241250CE,SILVERM,23SEP2026,24125000.000000,1,OPTFUT,NCO,50.000000,120,False
145652,SILVERM26SEP242500PE,SILVERM,23SEP2026,24250000.000000,1,OPTFUT,NCO,50.000000,120,False
145655,SILVERM26SEP243000CE,SILVERM,23SEP2026,24300000.000000,1,OPTFUT,NCO,50.000000,120,False
145666,SILVERM26SEP244250PE,SILVERM,23SEP2026,24425000.000000,1,OPTFUT,NCO,50.000000,120,False
145680,SILVERM26OCT237250PE,SILVERM,23OCT2026,23725000.000000,1,OPTFUT,NCO,50.000000,120,False
145708,SILVERM26OCT240750PE,SILVERM,23OCT2026,24075000.000000,1,OPTFUT,NCO,50.000000,120,False
145725,SILVERM26OCT243000CE,SILVERM,23OCT2026,24300000.000000,1,OPTFUT,NCO,50.000000,120,False
145729,SILVERM26OCT243500CE,SILVERM,23OCT2026,24350000.000000,1,OPTFUT,NCO,50.000000,120,False
145740,SILVERM26OCT244750PE,SILVERM,23OCT2026,24475000.000000,1,OPTFUT,NCO,50.000000,120,False
145742,SILVERM26OCT245000PE,SILVERM,23OCT2026,24500000.000000,1,OPTFUT,NCO,50.000000,120,False
145753,SILVERM26OCT246500CE,SILVERM,23OCT2026,24650000.000000,1,OPTFUT,NCO,50.000000,120,False
145754,SILVERM26OCT246500PE,SILVERM,23OCT2026,24650000.000000,1,OPTFUT,NCO,50.000000,120,False
145763,SILVERM26NOV238750CE,SILVERM,23NOV2026,23875000.000000,1,OPTFUT,NCO,50.000000,120,False
145769,SILVERM26NOV239500CE,SILVERM,23NOV2026,23950000.000000,1,OPTFUT,NCO,50.000000,120,False
145789,SILVERM26NOV242000CE,SILVERM,23NOV2026,24200000.000000,1,OPTFUT,NCO,50.000000,120,False
145791,SILVERM26NOV242250CE,SILVERM,23NOV2026,24225000.000000,1,OPTFUT,NCO,50.000000,120,False
145801,SILVERM26NOV243500CE,SILVERM,23NOV2026,24350000.000000,1,OPTFUT,NCO,50.000000,120,False
145805,SILVERM26NOV244000CE,SILVERM,23NOV2026,24400000.000000,1,OPTFUT,NCO,50.000000,120,False
145818,SILVERM26NOV245500PE,SILVERM,23NOV2026,24550000.000000,1,OPTFUT,NCO,50.000000,120,False
145819,SILVERM26NOV245750CE,SILVERM,23NOV2026,24575000.000000,1,OPTFUT,NCO,50.000000,120,False
145831,SILVERM26NOV247250CE,SILVERM,23NOV2026,24725000.000000,1,OPTFUT,NCO,50.000000,120,False
145838,SILVERM26NOV248000PE,SILVERM,23NOV2026,24800000.000000,1,OPTFUT,NCO,50.000000,120,False
146205,SILVERM26SEP246250CE,SILVERM,23SEP2026,24625000.000000,1,OPTFUT,NCO,50.000000,120,False
146216,SILVERM26SEP247500PE,SILVERM,23SEP2026,24750000.000000,1,OPTFUT,NCO,50.000000,120,False
146223,SILVERM26SEP248500CE,SILVERM,23SEP2026,24850000.000000,1,OPTFUT,NCO,50.000000,120,False
146224,SILVERM26SEP248500PE,SILVERM,23SEP2026,24850000.000000,1,OPTFUT,NCO,50.000000,120,False
146245,SILVERM26OCT247750CE,SILVERM,23OCT2026,24775000.000000,1,OPTFUT,NCO,50.000000,120,False
146246,SILVERM26OCT247750PE,SILVERM,23OCT2026,24775000.000000,1,OPTFUT,NCO,50.000000,120,False
146250,SILVERM26OCT248250PE,SILVERM,23OCT2026,24825000.000000,1,OPTFUT,NCO,50.000000,120,False
146261,SILVERM26OCT249750CE,SILVERM,23OCT2026,24975000.000000,1,OPTFUT,NCO,50.000000,120,False
146275,SILVERM26OCT251500CE,SILVERM,23OCT2026,25150000.000000,1,OPTFUT,NCO,50.000000,120,False
146290,SILVERM26NOV249750PE,SILVERM,23NOV2026,24975000.000000,1,OPTFUT,NCO,50.000000,120,False
146296,SILVERM26NOV250500PE,SILVERM,23NOV2026,25050000.000000,1,OPTFUT,NCO,50.000000,120,False
146297,SILVERM26NOV250750CE,SILVERM,23NOV2026,25075000.000000,1,OPTFUT,NCO,50.000000,120,False
146304,SILVERM26NOV251500PE,SILVERM,23NOV2026,25150000.000000,1,OPTFUT,NCO,50.000000,120,False
146307,SILVERM26NOV252000CE,SILVERM,23NOV2026,25200000.000000,1,OPTFUT,NCO,50.000000,120,False
146313,SILVERM26NOV252750CE,SILVERM,23NOV2026,25275000.000000,1,OPTFUT,NCO,50.000000,120,False
146385,SILVERM26SEP255500CE,SILVERM,23SEP2026,25550000.000000,1,OPTFUT,NCO,50.000000,120,False
146391,SILVERM26SEP256250CE,SILVERM,23SEP2026,25625000.000000,1,OPTFUT,NCO,50.000000,120,False
146408,SILVERM26SEP258250PE,SILVERM,23SEP2026,25825000.000000,1,OPTFUT,NCO,50.000000,120,False
146409,SILVERM26SEP258500CE,SILVERM,23SEP2026,25850000.000000,1,OPTFUT,NCO,50.000000,120,False
146429,SILVERM26OCT258500CE,SILVERM,23OCT2026,25850000.000000,1,OPTFUT,NCO,50.000000,120,False
146436,SILVERM26OCT259250PE,SILVERM,23OCT2026,25925000.000000,1,OPTFUT,NCO,50.000000,120,False
146450,SILVERM26NOV258750PE,SILVERM,23NOV2026,25875000.000000,1,OPTFUT,NCO,50.000000,120,False
146456,SILVERM26NOV259500PE,SILVERM,23NOV2026,25950000.000000,1,OPTFUT,NCO,50.000000,120,False
146467,SILVERM26NOV261000CE,SILVERM,23NOV2026,26100000.000000,1,OPTFUT,NCO,50.000000,120,False
146469,SILVERM26NOV261250CE,SILVERM,23NOV2026,26125000.000000,1,OPTFUT,NCO,50.000000,120,False
146478,SILVERM26DEC260000PE,SILVERM,23DEC2026,26000000.000000,1,OPTFUT,NCO,50.000000,120,False
146933,SILVERM26SEP259000CE,SILVERM,23SEP2026,25900000.000000,1,OPTFUT,NCO,50.000000,120,False
146936,SILVERM26SEP259250PE,SILVERM,23SEP2026,25925000.000000,1,OPTFUT,NCO,50.000000,120,False
146947,SILVERM26SEP260750CE,SILVERM,23SEP2026,26075000.000000,1,OPTFUT,NCO,50.000000,120,False
146960,SILVERM26SEP262250PE,SILVERM,23SEP2026,26225000.000000,1,OPTFUT,NCO,50.000000,120,False
146962,SILVERM26SEP262500PE,SILVERM,23SEP2026,26250000.000000,1,OPTFUT,NCO,50.000000,120,False
146971,SILVERM26OCT260250CE,SILVERM,23OCT2026,26025000.000000,1,OPTFUT,NCO,50.000000,120,False
147000,SILVERM26OCT263750PE,SILVERM,23OCT2026,26375000.000000,1,OPTFUT,NCO,50.000000,120,False
147004,SILVERM26OCT264250PE,SILVERM,23OCT2026,26425000.000000,1,OPTFUT,NCO,50.000000,120,False
147011,SILVERM26NOV261500CE,SILVERM,23NOV2026,26150000.000000,1,OPTFUT,NCO,50.000000,120,False
147018,SILVERM26NOV262250PE,SILVERM,23NOV2026,26225000.000000,1,OPTFUT,NCO,50.000000,120,False
147042,SILVERM26NOV265250PE,SILVERM,23NOV2026,26525000.000000,1,OPTFUT,NCO,50.000000,120,False
147050,SILVERM26NOV266250PE,SILVERM,23NOV2026,26625000.000000,1,OPTFUT,NCO,50.000000,120,False
147051,SILVERM26DEC262750CE,SILVERM,23DEC2026,26275000.000000,1,OPTFUT,NCO,50.000000,120,False
147059,SILVERM26DEC263750CE,SILVERM,23DEC2026,26375000.000000,1,OPTFUT,NCO,50.000000,120,False
147083,SILVERM26DEC266750CE,SILVERM,23DEC2026,26675000.000000,1,OPTFUT,NCO,50.000000,120,False
147492,GOLD26SEP147300PE,GOLD,25SEP2026,14730000.000000,1,OPTFUT,NCO,50.000000,10,False
147500,GOLD26SEP147700PE,GOLD,25SEP2026,14770000.000000,1,OPTFUT,NCO,50.000000,10,False
147503,GOLD26SEP147900CE,GOLD,25SEP2026,14790000.000000,1,OPTFUT,NCO,50.000000,10,False
147506,GOLD26SEP148000PE,GOLD,25SEP2026,14800000.000000,1,OPTFUT,NCO,50.000000,10,False
147526,GOLD26OCT147800PE,GOLD,29OCT2026,14780000.000000,1,OPTFUT,NCO,50.000000,10,False
147529,GOLD26OCT148000CE,GOLD,29OCT2026,14800000.000000,1,OPTFUT,NCO,50.000000,10,False
147536,GOLD26OCT148300PE,GOLD,29OCT2026,14830000.000000,1,OPTFUT,NCO,50.000000,10,False
147549,GOLD26OCT149000CE,GOLD,29OCT2026,14900000.000000,1,OPTFUT,NCO,50.000000,10,False
147560,GOLD26NOV148300PE,GOLD,27NOV2026,14830000.000000,1,OPTFUT,NCO,50.000000,10,False
147585,GOLD26NOV149600CE,GOLD,27NOV2026,14960000.000000,1,OPTFUT,NCO,50.000000,10,False
147587,GOLD26NOV149700CE,GOLD,27NOV2026,14970000.000000,1,OPTFUT,NCO,50.000000,10,False
147590,GOLD26NOV149800PE,GOLD,27NOV2026,14980000.000000,1,OPTFUT,NCO,50.000000,10,False
147592,GOLD26NOV149900PE,GOLD,27NOV2026,14990000.000000,1,OPTFUT,NCO,50.000000,10,False
147599,GOLD26DEC147900CE,GOLD,29DEC2026,14790000.000000,1,OPTFUT,NCO,50.000000,10,False
147604,GOLD26DEC148100PE,GOLD,29DEC2026,14810000.000000,1,OPTFUT,NCO,50.000000,10,False
147611,GOLD26DEC148500CE,GOLD,29DEC2026,14850000.000000,1,OPTFUT,NCO,50.000000,10,False
147621,GOLD26DEC149000CE,GOLD,29DEC2026,14900000.000000,1,OPTFUT,NCO,50.000000,10,False
147622,GOLD26DEC149000PE,GOLD,29DEC2026,14900000.000000,1,OPTFUT,NCO,50.000000,10,False
147705,SILVERM26DEC213250CE,SILVERM,23DEC2026,21325000.000000,1,OPTFUT,NCO,50.000000,120,False
147706,SILVERM26DEC213250PE,SILVERM,23DEC2026,21325000.000000,1,OPTFUT,NCO,50.000000,120,False
147708,SILVERM26DEC213500PE,SILVERM,23DEC2026,21350000.000000,1,OPTFUT,NCO,50.000000,120,False
147716,SILVERM26DEC214500PE,SILVERM,23DEC2026,21450000.000000,1,OPTFUT,NCO,50.000000,120,False
147722,SILVERM26DEC215250PE,SILVERM,23DEC2026,21525000.000000,1,OPTFUT,NCO,50.000000,120,False
147727,SILVERM26DEC216000CE,SILVERM,23DEC2026,21600000.000000,1,OPTFUT,NCO,50.000000,120,False
147817,GOLD26SEP163700CE,GOLD,25SEP2026,16370000.000000,1,OPTFUT,NCO,50.000000,10,False
147833,GOLD26SEP164500CE,GOLD,25SEP2026,16450000.000000,1,OPTFUT,NCO,50.000000,10,False
147834,GOLD26SEP164500PE,GOLD,25SEP2026,16450000.000000,1,OPTFUT,NCO,50.000000,10,False
147848,GOLD26SEP165200PE,GOLD,25SEP2026,16520000.000000,1,OPTFUT,NCO,50.000000,10,False
147860,GOLD26SEP165800PE,GOLD,25SEP2026,16580000.000000,1,OPTFUT,NCO,50.000000,10,False
147870,SILVERM26DEC216500PE,SILVERM,23DEC2026,21650000.000000,1,OPTFUT,NCO,50.000000,120,False
147871,SILVERM26DEC216750CE,SILVERM,23DEC2026,21675000.000000,1,OPTFUT,NCO,50.000000,120,False
147884,SILVERM26DEC218250PE,SILVERM,23DEC2026,21825000.000000,1,OPTFUT,NCO,50.000000,120,False
147885,SILVERM26DEC218500CE,SILVERM,23DEC2026,21850000.000000,1,OPTFUT,NCO,50.000000,120,False
147888,SILVERM26DEC218750PE,SILVERM,23DEC2026,21875000.000000,1,OPTFUT,NCO,50.000000,120,False
147911,SILVERM26DEC221750CE,SILVERM,23DEC2026,22175000.000000,1,OPTFUT,NCO,50.000000,120,False
147913,SILVERM26DEC222000CE,SILVERM,23DEC2026,22200000.000000,1,OPTFUT,NCO,50.000000,120,False
147922,SILVERM26DEC223000PE,SILVERM,23DEC2026,22300000.000000,1,OPTFUT,NCO,50.000000,120,False
147938,SILVERM26DEC225000PE,SILVERM,23DEC2026,22500000.000000,1,OPTFUT,NCO,50.000000,120,False
147939,SILVERM26DEC225250CE,SILVERM,23DEC2026,22525000.000000,1,OPTFUT,NCO,50.000000,120,False
147942,SILVERM26DEC225500PE,SILVERM,23DEC2026,22550000.000000,1,OPTFUT,NCO,50.000000,120,False
148421,SILVERM26SEP264250CE,SILVERM,23SEP2026,26425000.000000,1,OPTFUT,NCO,50.000000,120,False
148429,SILVERM26SEP265250CE,SILVERM,23SEP2026,26525000.000000,1,OPTFUT,NCO,50.000000,120,False
148431,SILVERM26SEP265500CE,SILVERM,23SEP2026,26550000.000000,1,OPTFUT,NCO,50.000000,120,False
148440,SILVERM26SEP266500PE,SILVERM,23SEP2026,26650000.000000,1,OPTFUT,NCO,50.000000,120,False
148441,SILVERM26SEP266750CE,SILVERM,23SEP2026,26675000.000000,1,OPTFUT,NCO,50.000000,120,False
148457,SILVERM26SEP268750CE,SILVERM,23SEP2026,26875000.000000,1,OPTFUT,NCO,50.000000,120,False
148462,SILVERM26SEP269250PE,SILVERM,23SEP2026,26925000.000000,1,OPTFUT,NCO,50.000000,120,False
148468,SILVERM26SEP270000PE,SILVERM,23SEP2026,27000000.000000,1,OPTFUT,NCO,50.000000,120,False
148471,SILVERM26SEP270500CE,SILVERM,23SEP2026,27050000.000000,1,OPTFUT,NCO,50.000000,120,False
148474,SILVERM26SEP270750PE,SILVERM,23SEP2026,27075000.000000,1,OPTFUT,NCO,50.000000,120,False
148480,SILVERM26SEP271500PE,SILVERM,23SEP2026,27150000.000000,1,OPTFUT,NCO,50.000000,120,False
148500,SILVERM26OCT265500PE,SILVERM,23OCT2026,26550000.000000,1,OPTFUT,NCO,50.000000,120,False
148504,SILVERM26OCT266000PE,SILVERM,23OCT2026,26600000.000000,1,OPTFUT,NCO,50.000000,120,False
148521,SILVERM26OCT268250CE,SILVERM,23OCT2026,26825000.000000,1,OPTFUT,NCO,50.000000,120,False
148542,SILVERM26OCT270750PE,SILVERM,23OCT2026,27075000.000000,1,OPTFUT,NCO,50.000000,120,False
148554,SILVERM26OCT272250PE,SILVERM,23OCT2026,27225000.000000,1,OPTFUT,NCO,50.000000,120,False
148558,SILVERM26OCT272750PE,SILVERM,23OCT2026,27275000.000000,1,OPTFUT,NCO,50.000000,120,False
148567,SILVERM26OCT274000CE,SILVERM,23OCT2026,27400000.000000,1,OPTFUT,NCO,50.000000,120,False
148571,SILVERM26OCT274500CE,SILVERM,23OCT2026,27450000.000000,1,OPTFUT,NCO,50.000000,120,False
148578,SILVERM26NOV266500PE,SILVERM,23NOV2026,26650000.000000,1,OPTFUT,NCO,50.000000,120,False
148580,SILVERM26NOV266750PE,SILVERM,23NOV2026,26675000.000000,1,OPTFUT,NCO,50.000000,120,False
148615,SILVERM26NOV271250CE,SILVERM,23NOV2026,27125000.000000,1,OPTFUT,NCO,50.000000,120,False
148633,SILVERM26NOV273500CE,SILVERM,23NOV2026,27350000.000000,1,OPTFUT,NCO,50.000000,120,False
148636,SILVERM26NOV273750PE,SILVERM,23NOV2026,27375000.000000,1,OPTFUT,NCO,50.000000,120,False
148637,SILVERM26NOV274000CE,SILVERM,23NOV2026,27400000.000000,1,OPTFUT,NCO,50.000000,120,False
148638,SILVERM26NOV274000PE,SILVERM,23NOV2026,27400000.000000,1,OPTFUT,NCO,50.000000,120,False
148641,SILVERM26NOV274500CE,SILVERM,23NOV2026,27450000.000000,1,OPTFUT,NCO,50.000000,120,False
148646,SILVERM26NOV275000PE,SILVERM,23NOV2026,27500000.000000,1,OPTFUT,NCO,50.000000,120,False
148663,SILVERM26DEC268500CE,SILVERM,23DEC2026,26850000.000000,1,OPTFUT,NCO,50.000000,120,False
148664,SILVERM26DEC268500PE,SILVERM,23DEC2026,26850000.000000,1,OPTFUT,NCO,50.000000,120,False
148683,SILVERM26DEC271000CE,SILVERM,23DEC2026,27100000.000000,1,OPTFUT,NCO,50.000000,120,False
148700,SILVERM26DEC273000PE,SILVERM,23DEC2026,27300000.000000,1,OPTFUT,NCO,50.000000,120,False
148723,SILVERM26DEC276000CE,SILVERM,23DEC2026,27600000.000000,1,OPTFUT,NCO,50.000000,120,False
148732,SILVERM26DEC277000PE,SILVERM,23DEC2026,27700000.000000,1,OPTFUT,NCO,50.000000,120,False
148742,SILVERM26DEC226500PE,SILVERM,23DEC2026,22650000.000000,1,OPTFUT,NCO,50.000000,120,False
131873,SILVERM27APR222500CE,SILVERM,23APR2027,22250000.000000,1,OPTFUT,NCO,50.000000,120,False
131913,SILVERM27MAY224000PE,SILVERM,24MAY2027,22400000.000000,1,OPTFUT,NCO,50.000000,120,False
148744,SILVERM26DEC226750PE,SILVERM,23DEC2026,22675000.000000,1,OPTFUT,NCO,50.000000,120,False
148753,SILVERM26DEC228000CE,SILVERM,23DEC2026,22800000.000000,1,OPTFUT,NCO,50.000000,120,False
131950,GOLD26DEC144300PE,GOLD,29DEC2026,14430000.000000,1,OPTFUT,NCO,50.000000,10,False
131957,SILVERM27JAN343750CE,SILVERM,21JAN2027,34375000.000000,1,OPTFUT,NCO,50.000000,120,False
131969,GOLD27JUN163800PE,GOLD,28JUN2027,16380000.000000,1,OPTFUT,NCO,50.000000,10,False
131972,GOLD27JUN164000CE,GOLD,28JUN2027,16400000.000000,1,OPTFUT,NCO,50.000000,10,False
131977,GOLD27JUL163800PE,GOLD,29JUL2027,16380000.000000,1,OPTFUT,NCO,50.000000,10,False
131978,GOLD27JUL163900CE,GOLD,29JUL2027,16390000.000000,1,OPTFUT,NCO,50.000000,10,False
131980,SILVER26DEC191250PE,SILVER,01DEC2026,19125000.000000,1,OPTBLN,NCO,50.000000,20,False
131997,GOLD26DEC144700CE,GOLD,29DEC2026,14470000.000000,1,OPTFUT,NCO,50.000000,10,False
132015,GOLD27JUL164900PE,GOLD,29JUL2027,16490000.000000,1,OPTFUT,NCO,50.000000,10,False
132022,SILVERM27JAN344750CE,SILVERM,21JAN2027,34475000.000000,1,OPTFUT,NCO,50.000000,120,False
132007,GOLD27JUL164500PE,GOLD,29JUL2027,16450000.000000,1,OPTFUT,NCO,50.000000,10,False
132016,GOLDM26SEP155800CE,GOLDM,25SEP2026,15580000.000000,1,OPTFUT,NCO,50.000000,100,False
132025,SILVERM27JAN345000PE,SILVERM,21JAN2027,34500000.000000,1,OPTFUT,NCO,50.000000,120,False
132028,SILVERM27JAN345500CE,SILVERM,21JAN2027,34550000.000000,1,OPTFUT,NCO,50.000000,120,False
132031,SILVERM27JAN345750PE,SILVERM,21JAN2027,34575000.000000,1,OPTFUT,NCO,50.000000,120,False
132041,GOLDM26SEP156200CE,GOLDM,25SEP2026,15620000.000000,1,OPTFUT,NCO,50.000000,100,False
132045,GOLDM26SEP156400CE,GOLDM,25SEP2026,15640000.000000,1,OPTFUT,NCO,50.000000,100,False
132060,SILVER26DEC192750CE,SILVER,01DEC2026,19275000.000000,1,OPTBLN,NCO,50.000000,20,False
132061,SILVER26DEC192750PE,SILVER,01DEC2026,19275000.000000,1,OPTBLN,NCO,50.000000,20,False
132082,GOLD27APR145200PE,GOLD,28APR2027,14520000.000000,1,OPTFUT,NCO,50.000000,10,False
132085,GOLDM26OCT156900CE,GOLDM,29OCT2026,15690000.000000,1,OPTFUT,NCO,50.000000,100,False
132094,GOLDM26OCT157300PE,GOLDM,29OCT2026,15730000.000000,1,OPTFUT,NCO,50.000000,100,False
132104,SILVERM27JUN255000PE,SILVERM,23JUN2027,25500000.000000,1,OPTFUT,NCO,50.000000,120,False
132114,SILVERM27JUN256250PE,SILVERM,23JUN2027,25625000.000000,1,OPTFUT,NCO,50.000000,120,False
132139,SILVERM27FEB275250CE,SILVERM,19FEB2027,27525000.000000,1,OPTFUT,NCO,50.000000,120,False
132140,SILVERM27FEB275250PE,SILVERM,19FEB2027,27525000.000000,1,OPTFUT,NCO,50.000000,120,False
132144,SILVERM27FEB275750PE,SILVERM,19FEB2027,27575000.000000,1,OPTFUT,NCO,50.000000,120,False
132153,SILVERM27FEB277000CE,SILVERM,19FEB2027,27700000.000000,1,OPTFUT,NCO,50.000000,120,False
132171,GOLD27JUN146800CE,GOLD,28JUN2027,14680000.000000,1,OPTFUT,NCO,50.000000,10,False
132175,GOLD27JUN147000CE,GOLD,28JUN2027,14700000.000000,1,OPTFUT,NCO,50.000000,10,False
132179,GOLDM26SEP140000CE,GOLDM,25SEP2026,14000000.000000,1,OPTFUT,NCO,50.000000,100,False
132197,SILVERM27JUL258250PE,SILVERM,23JUL2027,25825000.000000,1,OPTFUT,NCO,50.000000,120,False
132198,SILVERM27JUL258500CE,SILVERM,23JUL2027,25850000.000000,1,OPTFUT,NCO,50.000000,120,False
132208,ZINC26SEP425CE,ZINC,23SEP2026,42500.000000,1,OPTFUT,NCO,1.000000,20,False
132242,GOLD27APR145700PE,GOLD,28APR2027,14570000.000000,1,OPTFUT,NCO,50.000000,10,False
132249,GOLD27APR146100CE,GOLD,28APR2027,14610000.000000,1,OPTFUT,NCO,50.000000,10,False
132252,GOLD27APR146200PE,GOLD,28APR2027,14620000.000000,1,OPTFUT,NCO,50.000000,10,False
132256,GOLD27APR146400PE,GOLD,28APR2027,14640000.000000,1,OPTFUT,NCO,50.000000,10,False
132260,GOLD27APR146600PE,GOLD,28APR2027,14660000.000000,1,OPTFUT,NCO,50.000000,10,False
132267,GOLD27JUN164100PE,GOLD,28JUN2027,16410000.000000,1,OPTFUT,NCO,50.000000,10,False
132275,GOLD27JUN164500PE,GOLD,28JUN2027,16450000.000000,1,OPTFUT,NCO,50.000000,10,False
132276,GOLD27JUN164600CE,GOLD,28JUN2027,16460000.000000,1,OPTFUT,NCO,50.000000,10,False
132279,GOLD27JUL165000PE,GOLD,29JUL2027,16500000.000000,1,OPTFUT,NCO,50.000000,10,False
132280,GOLD27JUL165100CE,GOLD,29JUL2027,16510000.000000,1,OPTFUT,NCO,50.000000,10,False
132285,GOLD27JUL165300PE,GOLD,29JUL2027,16530000.000000,1,OPTFUT,NCO,50.000000,10,False
132344,SILVERM27FEB277500PE,SILVERM,19FEB2027,27750000.000000,1,OPTFUT,NCO,50.000000,120,False
132345,SILVERM27FEB277750CE,SILVERM,19FEB2027,27775000.000000,1,OPTFUT,NCO,50.000000,120,False
132350,SILVERM27FEB278250PE,SILVERM,19FEB2027,27825000.000000,1,OPTFUT,NCO,50.000000,120,False
132375,GOLDM26OCT158200PE,GOLDM,29OCT2026,15820000.000000,1,OPTFUT,NCO,50.000000,100,False
132398,GOLD26SEP140500CE,GOLD,25SEP2026,14050000.000000,1,OPTFUT,NCO,50.000000,10,False
132402,GOLD26SEP140700CE,GOLD,25SEP2026,14070000.000000,1,OPTFUT,NCO,50.000000,10,False
132421,GOLD26DEC145200PE,GOLD,29DEC2026,14520000.000000,1,OPTFUT,NCO,50.000000,10,False
132425,GOLD26DEC145400PE,GOLD,29DEC2026,14540000.000000,1,OPTFUT,NCO,50.000000,10,False
132431,GOLD26DEC145700PE,GOLD,29DEC2026,14570000.000000,1,OPTFUT,NCO,50.000000,10,False
132432,GOLD26DEC145800CE,GOLD,29DEC2026,14580000.000000,1,OPTFUT,NCO,50.000000,10,False
132449,SILVERM27JAN347250CE,SILVERM,21JAN2027,34725000.000000,1,OPTFUT,NCO,50.000000,120,False
132479,SILVERM27APR220250CE,SILVERM,23APR2027,22025000.000000,1,OPTFUT,NCO,50.000000,120,False
132501,SILVERM27MAY221750CE,SILVERM,24MAY2027,22175000.000000,1,OPTFUT,NCO,50.000000,120,False
132502,SILVERM27MAY221750PE,SILVERM,24MAY2027,22175000.000000,1,OPTFUT,NCO,50.000000,120,False
132565,SILVERM27JUN223000CE,SILVERM,23JUN2027,22300000.000000,1,OPTFUT,NCO,50.000000,120,False
132568,SILVERM27JUN223250PE,SILVERM,23JUN2027,22325000.000000,1,OPTFUT,NCO,50.000000,120,False
132569,SILVERM27JUN223500CE,SILVERM,23JUN2027,22350000.000000,1,OPTFUT,NCO,50.000000,120,False
132587,COPPER26OCT1475CE,COPPER,23OCT2026,147500.000000,1,OPTFUT,NCO,1.000000,70,False
132592,COPPER26OCT1485PE,COPPER,23OCT2026,148500.000000,1,OPTFUT,NCO,1.000000,70,False
132615,GOLD26OCT139200PE,GOLD,29OCT2026,13920000.000000,1,OPTFUT,NCO,50.000000,10,False
132621,GOLD26OCT139500PE,GOLD,29OCT2026,13950000.000000,1,OPTFUT,NCO,50.000000,10,False
132624,GOLD26OCT139700CE,GOLD,29OCT2026,13970000.000000,1,OPTFUT,NCO,50.000000,10,False
132627,GOLD26OCT139800PE,GOLD,29OCT2026,13980000.000000,1,OPTFUT,NCO,50.000000,10,False
132646,GOLD26OCT140800CE,GOLD,29OCT2026,14080000.000000,1,OPTFUT,NCO,50.000000,10,False
132652,GOLD26OCT141100CE,GOLD,29OCT2026,14110000.000000,1,OPTFUT,NCO,50.000000,10,False
132653,GOLD26OCT141100PE,GOLD,29OCT2026,14110000.000000,1,OPTFUT,NCO,50.000000,10,False
132663,GOLD26OCT141600PE,GOLD,29OCT2026,14160000.000000,1,OPTFUT,NCO,50.000000,10,False
132670,GOLD26NOV139100CE,GOLD,27NOV2026,13910000.000000,1,OPTFUT,NCO,50.000000,10,False
132679,GOLD26NOV139500PE,GOLD,27NOV2026,13950000.000000,1,OPTFUT,NCO,50.000000,10,False
132680,GOLD26NOV139600CE,GOLD,27NOV2026,13960000.000000,1,OPTFUT,NCO,50.000000,10,False
132711,COPPER26NOV1470CE,COPPER,23NOV2026,147000.000000,1,OPTFUT,NCO,1.000000,70,False
132722,SILVERM27JUN224000PE,SILVERM,23JUN2027,22400000.000000,1,OPTFUT,NCO,50.000000,120,False
132725,SILVERM27JUN224500CE,SILVERM,23JUN2027,22450000.000000,1,OPTFUT,NCO,50.000000,120,False
132733,CRUDEOIL26OCT5650CE,CRUDEOIL,08OCT2026,565000.000000,1,OPTFUT,NCO,10.000000,100,False
132736,COPPER26NOV1490PE,COPPER,23NOV2026,149000.000000,1,OPTFUT,NCO,1.000000,70,False
132739,COPPER26NOV1500CE,COPPER,23NOV2026,150000.000000,1,OPTFUT,NCO,1.000000,70,False
132743,SILVERM27APR240250PE,SILVERM,23APR2027,24025000.000000,1,OPTFUT,NCO,50.000000,120,False
132745,SILVERM27APR240500PE,SILVERM,23APR2027,24050000.000000,1,OPTFUT,NCO,50.000000,120,False
132746,SILVERM27APR240750CE,SILVERM,23APR2027,24075000.000000,1,OPTFUT,NCO,50.000000,120,False
132784,CRUDEOIL26OCT5900PE,CRUDEOIL,08OCT2026,590000.000000,1,OPTFUT,NCO,10.000000,100,False
132786,CRUDEOIL26OCT5950PE,CRUDEOIL,08OCT2026,595000.000000,1,OPTFUT,NCO,10.000000,100,False
132787,GOLD26NOV140700PE,GOLD,27NOV2026,14070000.000000,1,OPTFUT,NCO,50.000000,10,False
132797,GOLD26NOV141200PE,GOLD,27NOV2026,14120000.000000,1,OPTFUT,NCO,50.000000,10,False
132799,GOLD26NOV141300PE,GOLD,27NOV2026,14130000.000000,1,OPTFUT,NCO,50.000000,10,False
132818,GOLD26NOV142100CE,GOLD,27NOV2026,14210000.000000,1,OPTFUT,NCO,50.000000,10,False
132819,GOLD26NOV142100PE,GOLD,27NOV2026,14210000.000000,1,OPTFUT,NCO,50.000000,10,False
132875,GOLD27JAN159300CE,GOLD,29JAN2027,15930000.000000,1,OPTFUT,NCO,50.000000,10,False
132879,GOLD27JAN159500CE,GOLD,29JAN2027,15950000.000000,1,OPTFUT,NCO,50.000000,10,False
132886,GOLD27JAN159800PE,GOLD,29JAN2027,15980000.000000,1,OPTFUT,NCO,50.000000,10,False
132888,GOLD27JAN159900PE,GOLD,29JAN2027,15990000.000000,1,OPTFUT,NCO,50.000000,10,False
132896,CRUDEOIL26OCT6900CE,CRUDEOIL,08OCT2026,690000.000000,1,OPTFUT,NCO,10.000000,100,False
132916,CRUDEOIL26OCT7400CE,CRUDEOIL,08OCT2026,740000.000000,1,OPTFUT,NCO,10.000000,100,False
132921,CRUDEOIL26OCT7500PE,CRUDEOIL,08OCT2026,750000.000000,1,OPTFUT,NCO,10.000000,100,False
132927,CRUDEOIL26OCT7650PE,CRUDEOIL,08OCT2026,765000.000000,1,OPTFUT,NCO,10.000000,100,False
132950,CRUDEOIL26NOV6450CE,CRUDEOIL,10NOV2026,645000.000000,1,OPTFUT,NCO,10.000000,100,False
132960,SILVERM27APR242250PE,SILVERM,23APR2027,24225000.000000,1,OPTFUT,NCO,50.000000,120,False
132964,SILVERM27APR242750PE,SILVERM,23APR2027,24275000.000000,1,OPTFUT,NCO,50.000000,120,False
132971,SILVERM27APR243750CE,SILVERM,23APR2027,24375000.000000,1,OPTFUT,NCO,50.000000,120,False
132977,SILVERM27APR244500CE,SILVERM,23APR2027,24450000.000000,1,OPTFUT,NCO,50.000000,120,False
132988,CRUDEOIL26OCT8100CE,CRUDEOIL,08OCT2026,810000.000000,1,OPTFUT,NCO,10.000000,100,False
132989,CRUDEOIL26OCT8100PE,CRUDEOIL,08OCT2026,810000.000000,1,OPTFUT,NCO,10.000000,100,False
132997,CRUDEOIL26OCT8300PE,CRUDEOIL,08OCT2026,830000.000000,1,OPTFUT,NCO,10.000000,100,False
133000,CRUDEOIL26OCT8400CE,CRUDEOIL,08OCT2026,840000.000000,1,OPTFUT,NCO,10.000000,100,False
133008,CRUDEOIL26NOV6800CE,CRUDEOIL,10NOV2026,680000.000000,1,OPTFUT,NCO,10.000000,100,False
133014,CRUDEOIL26NOV6950CE,CRUDEOIL,10NOV2026,695000.000000,1,OPTFUT,NCO,10.000000,100,False
133046,CRUDEOIL26OCT8450CE,CRUDEOIL,08OCT2026,845000.000000,1,OPTFUT,NCO,10.000000,100,False
133048,CRUDEOIL26OCT8500CE,CRUDEOIL,08OCT2026,850000.000000,1,OPTFUT,NCO,10.000000,100,False
133054,CRUDEOIL26NOV7150PE,CRUDEOIL,10NOV2026,715000.000000,1,OPTFUT,NCO,10.000000,100,False
133055,CRUDEOIL26NOV7200CE,CRUDEOIL,10NOV2026,720000.000000,1,OPTFUT,NCO,10.000000,100,False
133065,CRUDEOIL26OCT8800PE,CRUDEOIL,08OCT2026,880000.000000,1,OPTFUT,NCO,10.000000,100,False
133086,GOLD27JAN161000PE,GOLD,29JAN2027,16100000.000000,1,OPTFUT,NCO,50.000000,10,False
133089,GOLD27JAN161200CE,GOLD,29JAN2027,16120000.000000,1,OPTFUT,NCO,50.000000,10,False
133095,GOLD27JAN161500CE,GOLD,29JAN2027,16150000.000000,1,OPTFUT,NCO,50.000000,10,False
133100,GOLD27JAN161700PE,GOLD,29JAN2027,16170000.000000,1,OPTFUT,NCO,50.000000,10,False
133106,GOLD27JAN162000PE,GOLD,29JAN2027,16200000.000000,1,OPTFUT,NCO,50.000000,10,False
133109,CRUDEOIL26OCT8850PE,CRUDEOIL,08OCT2026,885000.000000,1,OPTFUT,NCO,10.000000,100,False
133113,SILVERM27APR245000PE,SILVERM,23APR2027,24500000.000000,1,OPTFUT,NCO,50.000000,120,False
133129,GOLD27JAN162500CE,GOLD,29JAN2027,16250000.000000,1,OPTFUT,NCO,50.000000,10,False
133143,GOLD27JAN163200CE,GOLD,29JAN2027,16320000.000000,1,OPTFUT,NCO,50.000000,10,False
133145,GOLD27JAN163300CE,GOLD,29JAN2027,16330000.000000,1,OPTFUT,NCO,50.000000,10,False
133151,CRUDEOIL26OCT9000CE,CRUDEOIL,08OCT2026,900000.000000,1,OPTFUT,NCO,10.000000,100,False
133154,SILVERM27APR245250PE,SILVERM,23APR2027,24525000.000000,1,OPTFUT,NCO,50.000000,120,False
133168,CRUDEOIL26OCT9300PE,CRUDEOIL,08OCT2026,930000.000000,1,OPTFUT,NCO,10.000000,100,False
133170,CRUDEOIL26OCT9350PE,CRUDEOIL,08OCT2026,935000.000000,1,OPTFUT,NCO,10.000000,100,False
133173,CRUDEOIL26OCT9450CE,CRUDEOIL,08OCT2026,945000.000000,1,OPTFUT,NCO,10.000000,100,False
133175,CRUDEOIL26NOV7350PE,CRUDEOIL,10NOV2026,735000.000000,1,OPTFUT,NCO,10.000000,100,False
133180,CRUDEOIL26NOV7500CE,CRUDEOIL,10NOV2026,750000.000000,1,OPTFUT,NCO,10.000000,100,False
133204,CRUDEOIL26NOV8000PE,CRUDEOIL,10NOV2026,800000.000000,1,OPTFUT,NCO,10.000000,100,False
133211,CRUDEOIL26NOV8200CE,CRUDEOIL,10NOV2026,820000.000000,1,OPTFUT,NCO,10.000000,100,False
133213,CRUDEOIL26NOV8250CE,CRUDEOIL,10NOV2026,825000.000000,1,OPTFUT,NCO,10.000000,100,False
133241,SILVERM27MAR289250PE,SILVERM,24MAR2027,28925000.000000,1,OPTFUT,NCO,50.000000,120,False
133257,SILVERM27MAR291250PE,SILVERM,24MAR2027,29125000.000000,1,OPTFUT,NCO,50.000000,120,False
133275,SILVERM27MAR293500PE,SILVERM,24MAR2027,29350000.000000,1,OPTFUT,NCO,50.000000,120,False
133286,SILVERM27MAR295000CE,SILVERM,24MAR2027,29500000.000000,1,OPTFUT,NCO,50.000000,120,False
133303,SILVERM27MAR297000PE,SILVERM,24MAR2027,29700000.000000,1,OPTFUT,NCO,50.000000,120,False
133312,SILVERM27MAR298250CE,SILVERM,24MAR2027,29825000.000000,1,OPTFUT,NCO,50.000000,120,False
133319,SILVERM27MAR299000PE,SILVERM,24MAR2027,29900000.000000,1,OPTFUT,NCO,50.000000,120,False
133333,SILVERM27MAR300750PE,SILVERM,24MAR2027,30075000.000000,1,OPTFUT,NCO,50.000000,120,False
133346,SILVERM27APR245750PE,SILVERM,23APR2027,24575000.000000,1,OPTFUT,NCO,50.000000,120,False
133365,SILVERM27MAY242500CE,SILVERM,24MAY2027,24250000.000000,1,OPTFUT,NCO,50.000000,120,False
133366,SILVERM27MAY242500PE,SILVERM,24MAY2027,24250000.000000,1,OPTFUT,NCO,50.000000,120,False
133372,SILVERM27MAY243250PE,SILVERM,24MAY2027,24325000.000000,1,OPTFUT,NCO,50.000000,120,False
133377,GOLD27APR147600CE,GOLD,28APR2027,14760000.000000,1,OPTFUT,NCO,50.000000,10,False
133384,GOLD27MAY145800PE,GOLD,28MAY2027,14580000.000000,1,OPTFUT,NCO,50.000000,10,False
133389,GOLD27MAY146100CE,GOLD,28MAY2027,14610000.000000,1,OPTFUT,NCO,50.000000,10,False
133390,GOLD27MAY146100PE,GOLD,28MAY2027,14610000.000000,1,OPTFUT,NCO,50.000000,10,False
133394,GOLD27MAY146300PE,GOLD,28MAY2027,14630000.000000,1,OPTFUT,NCO,50.000000,10,False
133407,CRUDEOIL26NOV8650CE,CRUDEOIL,10NOV2026,865000.000000,1,OPTFUT,NCO,10.000000,100,False
133423,CRUDEOIL26NOV9050CE,CRUDEOIL,10NOV2026,905000.000000,1,OPTFUT,NCO,10.000000,100,False
133472,GOLD27FEB166600CE,GOLD,26FEB2027,16660000.000000,1,OPTFUT,NCO,50.000000,10,False
133431,CRUDEOIL26NOV9250CE,CRUDEOIL,10NOV2026,925000.000000,1,OPTFUT,NCO,10.000000,100,False
133477,GOLD27FEB166800PE,GOLD,26FEB2027,16680000.000000,1,OPTFUT,NCO,50.000000,10,False
133481,GOLD27FEB167000PE,GOLD,26FEB2027,16700000.000000,1,OPTFUT,NCO,50.000000,10,False
133499,GOLD27FEB167900PE,GOLD,26FEB2027,16790000.000000,1,OPTFUT,NCO,50.000000,10,False
133504,GOLD27JAN163500CE,GOLD,29JAN2027,16350000.000000,1,OPTFUT,NCO,50.000000,10,False
133523,SILVERM27MAR303500PE,SILVERM,24MAR2027,30350000.000000,1,OPTFUT,NCO,50.000000,120,False
133533,GOLD27FEB168200PE,GOLD,26FEB2027,16820000.000000,1,OPTFUT,NCO,50.000000,10,False
133536,GOLD27FEB168400CE,GOLD,26FEB2027,16840000.000000,1,OPTFUT,NCO,50.000000,10,False
133543,SILVERM27MAY243750PE,SILVERM,24MAY2027,24375000.000000,1,OPTFUT,NCO,50.000000,120,False
133549,SILVERM27MAY244500PE,SILVERM,24MAY2027,24450000.000000,1,OPTFUT,NCO,50.000000,120,False
133606,SILVERM27MAR306000PE,SILVERM,24MAR2027,30600000.000000,1,OPTFUT,NCO,50.000000,120,False
133608,SILVERM27MAR306250PE,SILVERM,24MAR2027,30625000.000000,1,OPTFUT,NCO,50.000000,120,False
133618,SILVERM27MAR307500PE,SILVERM,24MAR2027,30750000.000000,1,OPTFUT,NCO,50.000000,120,False
133628,SILVERM27MAR308750PE,SILVERM,24MAR2027,30875000.000000,1,OPTFUT,NCO,50.000000,120,False
133641,SILVERM27APR289000CE,SILVERM,23APR2027,28900000.000000,1,OPTFUT,NCO,50.000000,120,False
133664,SILVERM27APR291750PE,SILVERM,23APR2027,29175000.000000,1,OPTFUT,NCO,50.000000,120,False
133670,SILVERM27APR292500PE,SILVERM,23APR2027,29250000.000000,1,OPTFUT,NCO,50.000000,120,False
133674,SILVERM27MAY245250CE,SILVERM,24MAY2027,24525000.000000,1,OPTFUT,NCO,50.000000,120,False
133677,SILVERM27MAY245500PE,SILVERM,24MAY2027,24550000.000000,1,OPTFUT,NCO,50.000000,120,False
133678,SILVERM27MAY245750CE,SILVERM,24MAY2027,24575000.000000,1,OPTFUT,NCO,50.000000,120,False
133681,SILVERM27APR293000CE,SILVERM,23APR2027,29300000.000000,1,OPTFUT,NCO,50.000000,120,False
133686,SILVERM27APR293500PE,SILVERM,23APR2027,29350000.000000,1,OPTFUT,NCO,50.000000,120,False
133699,SILVERM27APR295250CE,SILVERM,23APR2027,29525000.000000,1,OPTFUT,NCO,50.000000,120,False
133701,SILVERM27APR295500CE,SILVERM,23APR2027,29550000.000000,1,OPTFUT,NCO,50.000000,120,False
133725,SILVERM27APR298500CE,SILVERM,23APR2027,29850000.000000,1,OPTFUT,NCO,50.000000,120,False
133730,SILVERM27MAY246000PE,SILVERM,24MAY2027,24600000.000000,1,OPTFUT,NCO,50.000000,120,False
133737,SILVERM27MAY247000CE,SILVERM,24MAY2027,24700000.000000,1,OPTFUT,NCO,50.000000,120,False
133741,SILVERM27MAY247500CE,SILVERM,24MAY2027,24750000.000000,1,OPTFUT,NCO,50.000000,120,False
133742,SILVERM27MAY247500PE,SILVERM,24MAY2027,24750000.000000,1,OPTFUT,NCO,50.000000,120,False
133745,SILVERM27MAY248000CE,SILVERM,24MAY2027,24800000.000000,1,OPTFUT,NCO,50.000000,120,False
133746,SILVERM27MAY248000PE,SILVERM,24MAY2027,24800000.000000,1,OPTFUT,NCO,50.000000,120,False
133748,SILVERM27MAY248250PE,SILVERM,24MAY2027,24825000.000000,1,OPTFUT,NCO,50.000000,120,False
133752,SILVERM27MAY248750PE,SILVERM,24MAY2027,24875000.000000,1,OPTFUT,NCO,50.000000,120,False
133754,SILVERM27MAY249000PE,SILVERM,24MAY2027,24900000.000000,1,OPTFUT,NCO,50.000000,120,False
133756,SILVERM27FEB272500PE,SILVERM,19FEB2027,27250000.000000,1,OPTFUT,NCO,50.000000,120,False
133775,SILVERM27APR299250CE,SILVERM,23APR2027,29925000.000000,1,OPTFUT,NCO,50.000000,120,False
133780,SILVERM27APR299750PE,SILVERM,23APR2027,29975000.000000,1,OPTFUT,NCO,50.000000,120,False
133795,SILVERM27APR301750CE,SILVERM,23APR2027,30175000.000000,1,OPTFUT,NCO,50.000000,120,False
133796,SILVERM27APR301750PE,SILVERM,23APR2027,30175000.000000,1,OPTFUT,NCO,50.000000,120,False
133805,SILVERM27APR303000CE,SILVERM,23APR2027,30300000.000000,1,OPTFUT,NCO,50.000000,120,False
133806,SILVERM27APR303000PE,SILVERM,23APR2027,30300000.000000,1,OPTFUT,NCO,50.000000,120,False
133813,SILVERM27APR304000CE,SILVERM,23APR2027,30400000.000000,1,OPTFUT,NCO,50.000000,120,False
133828,SILVERM27APR305750PE,SILVERM,23APR2027,30575000.000000,1,OPTFUT,NCO,50.000000,120,False
133842,SILVERM27APR307500PE,SILVERM,23APR2027,30750000.000000,1,OPTFUT,NCO,50.000000,120,False
133854,SILVERM27APR309000PE,SILVERM,23APR2027,30900000.000000,1,OPTFUT,NCO,50.000000,120,False
133855,SILVERM27APR309250CE,SILVERM,23APR2027,30925000.000000,1,OPTFUT,NCO,50.000000,120,False
133888,GOLD27MAR150000PE,GOLD,29MAR2027,15000000.000000,1,OPTFUT,NCO,50.000000,10,False
133897,GOLD27MAR150500CE,GOLD,29MAR2027,15050000.000000,1,OPTFUT,NCO,50.000000,10,False
133899,GOLD27MAR150600CE,GOLD,29MAR2027,15060000.000000,1,OPTFUT,NCO,50.000000,10,False
133905,GOLD27MAR150900CE,GOLD,29MAR2027,15090000.000000,1,OPTFUT,NCO,50.000000,10,False
133906,GOLD27MAR150900PE,GOLD,29MAR2027,15090000.000000,1,OPTFUT,NCO,50.000000,10,False
133907,GOLD27MAR151000CE,GOLD,29MAR2027,15100000.000000,1,OPTFUT,NCO,50.000000,10,False
133935,CRUDEOIL26OCT10100CE,CRUDEOIL,08OCT2026,1010000.000000,1,OPTFUT,NCO,10.000000,100,False
133938,CRUDEOIL26OCT10150PE,CRUDEOIL,08OCT2026,1015000.000000,1,OPTFUT,NCO,10.000000,100,False
133946,CRUDEOIL26OCT10350PE,CRUDEOIL,08OCT2026,1035000.000000,1,OPTFUT,NCO,10.000000,100,False
133958,CRUDEOIL26NOV9450PE,CRUDEOIL,10NOV2026,945000.000000,1,OPTFUT,NCO,10.000000,100,False
133965,CRUDEOIL26NOV9650CE,CRUDEOIL,10NOV2026,965000.000000,1,OPTFUT,NCO,10.000000,100,False
133977,CRUDEOIL26NOV9950CE,CRUDEOIL,10NOV2026,995000.000000,1,OPTFUT,NCO,10.000000,100,False
133981,CRUDEOIL26NOV10050CE,CRUDEOIL,10NOV2026,1005000.000000,1,OPTFUT,NCO,10.000000,100,False
134000,CRUDEOIL26NOV10500PE,CRUDEOIL,10NOV2026,1050000.000000,1,OPTFUT,NCO,10.000000,100,False
134061,GOLD27MAY147100CE,GOLD,28MAY2027,14710000.000000,1,OPTFUT,NCO,50.000000,10,False
134089,GOLD27APR150400CE,GOLD,28APR2027,15040000.000000,1,OPTFUT,NCO,50.000000,10,False
134121,SILVER26DEC263000CE,SILVER,01DEC2026,26300000.000000,1,OPTBLN,NCO,50.000000,20,False
134142,CRUDEOIL26NOV10950PE,CRUDEOIL,10NOV2026,1095000.000000,1,OPTFUT,NCO,10.000000,100,False
134150,GOLD27MAY166300PE,GOLD,28MAY2027,16630000.000000,1,OPTFUT,NCO,50.000000,10,False
134162,GOLD27JUN164700PE,GOLD,28JUN2027,16470000.000000,1,OPTFUT,NCO,50.000000,10,False
134164,GOLD27JUN164800PE,GOLD,28JUN2027,16480000.000000,1,OPTFUT,NCO,50.000000,10,False
134169,GOLD27JUN165100CE,GOLD,28JUN2027,16510000.000000,1,OPTFUT,NCO,50.000000,10,False
134171,GOLD27JUN165200CE,GOLD,28JUN2027,16520000.000000,1,OPTFUT,NCO,50.000000,10,False
134174,GOLD27JUN165300PE,GOLD,28JUN2027,16530000.000000,1,OPTFUT,NCO,50.000000,10,False
134177,GOLD27JUN165500CE,GOLD,28JUN2027,16550000.000000,1,OPTFUT,NCO,50.000000,10,False
134180,GOLD27JUN165600PE,GOLD,28JUN2027,16560000.000000,1,OPTFUT,NCO,50.000000,10,False
134186,GOLD27JUN165900PE,GOLD,28JUN2027,16590000.000000,1,OPTFUT,NCO,50.000000,10,False
134195,GOLD27JUN166400CE,GOLD,28JUN2027,16640000.000000,1,OPTFUT,NCO,50.000000,10,False
134199,GOLD27JUN166600CE,GOLD,28JUN2027,16660000.000000,1,OPTFUT,NCO,50.000000,10,False
134206,GOLD27JUN166900PE,GOLD,28JUN2027,16690000.000000,1,OPTFUT,NCO,50.000000,10,False
134242,GOLD27JUL165500PE,GOLD,29JUL2027,16550000.000000,1,OPTFUT,NCO,50.000000,10,False
134254,GOLD27JUL166100PE,GOLD,29JUL2027,16610000.000000,1,OPTFUT,NCO,50.000000,10,False
134263,GOLD27FEB163300CE,GOLD,26FEB2027,16330000.000000,1,OPTFUT,NCO,50.000000,10,False
134279,GOLD27JUL166500CE,GOLD,29JUL2027,16650000.000000,1,OPTFUT,NCO,50.000000,10,False
134280,GOLD27JUL166500PE,GOLD,29JUL2027,16650000.000000,1,OPTFUT,NCO,50.000000,10,False
134305,GOLD27JUL167800CE,GOLD,29JUL2027,16780000.000000,1,OPTFUT,NCO,50.000000,10,False
134308,GOLD27JUL167900PE,GOLD,29JUL2027,16790000.000000,1,OPTFUT,NCO,50.000000,10,False
134313,GOLD27JUL168200CE,GOLD,29JUL2027,16820000.000000,1,OPTFUT,NCO,50.000000,10,False
134316,GOLD27APR150700PE,GOLD,28APR2027,15070000.000000,1,OPTFUT,NCO,50.000000,10,False
134336,GOLD27MAY147800PE,GOLD,28MAY2027,14780000.000000,1,OPTFUT,NCO,50.000000,10,False
134342,GOLD27MAY148100PE,GOLD,28MAY2027,14810000.000000,1,OPTFUT,NCO,50.000000,10,False
134400,GOLDM26SEP157500PE,GOLDM,25SEP2026,15750000.000000,1,OPTFUT,NCO,50.000000,100,False
134352,CRUDEOIL26OCT10750PE,CRUDEOIL,08OCT2026,1075000.000000,1,OPTFUT,NCO,10.000000,100,False
134402,GOLDM26SEP157600PE,GOLDM,25SEP2026,15760000.000000,1,OPTFUT,NCO,50.000000,100,False
134409,GOLDM26SEP158000CE,GOLDM,25SEP2026,15800000.000000,1,OPTFUT,NCO,50.000000,100,False
134413,GOLDM26SEP158200CE,GOLDM,25SEP2026,15820000.000000,1,OPTFUT,NCO,50.000000,100,False
134421,GOLDM26SEP158600CE,GOLDM,25SEP2026,15860000.000000,1,OPTFUT,NCO,50.000000,100,False
134422,GOLDM26SEP158600PE,GOLDM,25SEP2026,15860000.000000,1,OPTFUT,NCO,50.000000,100,False
134428,GOLDM26SEP158900PE,GOLDM,25SEP2026,15890000.000000,1,OPTFUT,NCO,50.000000,100,False
134433,GOLDM26SEP159200CE,GOLDM,25SEP2026,15920000.000000,1,OPTFUT,NCO,50.000000,100,False
134451,COPPER26OCT1395CE,COPPER,23OCT2026,139500.000000,1,OPTFUT,NCO,1.000000,70,False
134455,GOLDM26SEP160200CE,GOLDM,25SEP2026,16020000.000000,1,OPTFUT,NCO,50.000000,100,False
134463,GOLD27APR151700CE,GOLD,28APR2027,15170000.000000,1,OPTFUT,NCO,50.000000,10,False
134490,GOLD27MAY152000PE,GOLD,28MAY2027,15200000.000000,1,OPTFUT,NCO,50.000000,10,False
134495,GOLD27MAY152300CE,GOLD,28MAY2027,15230000.000000,1,OPTFUT,NCO,50.000000,10,False
134497,GOLD27MAY152400CE,GOLD,28MAY2027,15240000.000000,1,OPTFUT,NCO,50.000000,10,False
134515,CRUDEOIL26OCT10850CE,CRUDEOIL,08OCT2026,1085000.000000,1,OPTFUT,NCO,10.000000,100,False
134531,GOLDM26OCT158400CE,GOLDM,29OCT2026,15840000.000000,1,OPTFUT,NCO,50.000000,100,False
134533,GOLDM26OCT158500CE,GOLDM,29OCT2026,15850000.000000,1,OPTFUT,NCO,50.000000,100,False
134554,GOLDM26OCT159500PE,GOLDM,29OCT2026,15950000.000000,1,OPTFUT,NCO,50.000000,100,False
134565,GOLDM26OCT160100CE,GOLDM,29OCT2026,16010000.000000,1,OPTFUT,NCO,50.000000,100,False
134589,SILVERM27JUN257500CE,SILVERM,23JUN2027,25750000.000000,1,OPTFUT,NCO,50.000000,120,False
134665,GOLD27MAY169800CE,GOLD,28MAY2027,16980000.000000,1,OPTFUT,NCO,50.000000,10,False
134669,GOLD27JUN167900CE,GOLD,28JUN2027,16790000.000000,1,OPTFUT,NCO,50.000000,10,False
134682,GOLD27JUN168500PE,GOLD,28JUN2027,16850000.000000,1,OPTFUT,NCO,50.000000,10,False
134687,GOLD27JUN168800CE,GOLD,28JUN2027,16880000.000000,1,OPTFUT,NCO,50.000000,10,False
134693,GOLD27JUN169100CE,GOLD,28JUN2027,16910000.000000,1,OPTFUT,NCO,50.000000,10,False
134707,GOLD27JUN169800CE,GOLD,28JUN2027,16980000.000000,1,OPTFUT,NCO,50.000000,10,False
134709,GOLD27JUN169900CE,GOLD,28JUN2027,16990000.000000,1,OPTFUT,NCO,50.000000,10,False
134714,GOLD27JUN170100PE,GOLD,28JUN2027,17010000.000000,1,OPTFUT,NCO,50.000000,10,False
134715,GOLD27JUN170200CE,GOLD,28JUN2027,17020000.000000,1,OPTFUT,NCO,50.000000,10,False
134718,GOLD27JUN170300PE,GOLD,28JUN2027,17030000.000000,1,OPTFUT,NCO,50.000000,10,False
134719,GOLD27JUN170400CE,GOLD,28JUN2027,17040000.000000,1,OPTFUT,NCO,50.000000,10,False
134740,GOLD27JUL169000PE,GOLD,29JUL2027,16900000.000000,1,OPTFUT,NCO,50.000000,10,False
134762,GOLD27JUL169700PE,GOLD,29JUL2027,16970000.000000,1,OPTFUT,NCO,50.000000,10,False
134776,GOLD27JUL170000PE,GOLD,29JUL2027,17000000.000000,1,OPTFUT,NCO,50.000000,10,False
134779,GOLD27JUL170200CE,GOLD,29JUL2027,17020000.000000,1,OPTFUT,NCO,50.000000,10,False
134785,GOLD27JUL170500CE,GOLD,29JUL2027,17050000.000000,1,OPTFUT,NCO,50.000000,10,False
134791,GOLD27JUL170800CE,GOLD,29JUL2027,17080000.000000,1,OPTFUT,NCO,50.000000,10,False
134792,GOLD27JUL170800PE,GOLD,29JUL2027,17080000.000000,1,OPTFUT,NCO,50.000000,10,False
134797,GOLD27JUL171100CE,GOLD,29JUL2027,17110000.000000,1,OPTFUT,NCO,50.000000,10,False
134808,GOLD27JUL171600PE,GOLD,29JUL2027,17160000.000000,1,OPTFUT,NCO,50.000000,10,False
134823,SILVERM26SEP157500CE,SILVERM,23SEP2026,15750000.000000,1,OPTFUT,NCO,50.000000,120,False
134824,SILVERM26SEP157500PE,SILVERM,23SEP2026,15750000.000000,1,OPTFUT,NCO,50.000000,120,False
134828,SILVERM26SEP158000PE,SILVERM,23SEP2026,15800000.000000,1,OPTFUT,NCO,50.000000,120,False
134837,SILVERM26SEP159250CE,SILVERM,23SEP2026,15925000.000000,1,OPTFUT,NCO,50.000000,120,False
134867,SILVERM26SEP227000PE,SILVERM,23SEP2026,22700000.000000,1,OPTFUT,NCO,50.000000,120,False
134884,GOLD26SEP121400CE,GOLD,25SEP2026,12140000.000000,1,OPTFUT,NCO,50.000000,10,False
134890,GOLD26SEP121700CE,GOLD,25SEP2026,12170000.000000,1,OPTFUT,NCO,50.000000,10,False
134891,GOLD26SEP121700PE,GOLD,25SEP2026,12170000.000000,1,OPTFUT,NCO,50.000000,10,False
134897,GOLD26SEP122000PE,GOLD,25SEP2026,12200000.000000,1,OPTFUT,NCO,50.000000,10,False
134910,GOLD26SEP122700CE,GOLD,25SEP2026,12270000.000000,1,OPTFUT,NCO,50.000000,10,False
134915,GOLD26SEP122900PE,GOLD,25SEP2026,12290000.000000,1,OPTFUT,NCO,50.000000,10,False
134931,GOLD26SEP123700PE,GOLD,25SEP2026,12370000.000000,1,OPTFUT,NCO,50.000000,10,False
134934,GOLD26SEP123900CE,GOLD,25SEP2026,12390000.000000,1,OPTFUT,NCO,50.000000,10,False
134944,GOLD26SEP124400CE,GOLD,25SEP2026,12440000.000000,1,OPTFUT,NCO,50.000000,10,False
134952,GOLD26SEP124800CE,GOLD,25SEP2026,12480000.000000,1,OPTFUT,NCO,50.000000,10,False
134974,GOLD26SEP125900CE,GOLD,25SEP2026,12590000.000000,1,OPTFUT,NCO,50.000000,10,False
134978,GOLD26SEP126100CE,GOLD,25SEP2026,12610000.000000,1,OPTFUT,NCO,50.000000,10,False
135018,GOLDM26SEP160600CE,GOLDM,25SEP2026,16060000.000000,1,OPTFUT,NCO,50.000000,100,False
135022,GOLDM26SEP160800CE,GOLDM,25SEP2026,16080000.000000,1,OPTFUT,NCO,50.000000,100,False
135039,GOLD27FEB165500PE,GOLD,26FEB2027,16550000.000000,1,OPTFUT,NCO,50.000000,10,False
135048,GOLD27FEB166000CE,GOLD,26FEB2027,16600000.000000,1,OPTFUT,NCO,50.000000,10,False
135095,GOLDM26SEP161100CE,GOLDM,25SEP2026,16110000.000000,1,OPTFUT,NCO,50.000000,100,False
135149,GOLDM26SEP161900CE,GOLDM,25SEP2026,16190000.000000,1,OPTFUT,NCO,50.000000,100,False
135150,GOLDM26SEP161900PE,GOLDM,25SEP2026,16190000.000000,1,OPTFUT,NCO,50.000000,100,False
135169,SILVERM26SEP228000CE,SILVERM,23SEP2026,22800000.000000,1,OPTFUT,NCO,50.000000,120,False
135192,SILVERM26SEP204750PE,SILVERM,23SEP2026,20475000.000000,1,OPTFUT,NCO,50.000000,120,False
135219,SILVERM26SEP208250CE,SILVERM,23SEP2026,20825000.000000,1,OPTFUT,NCO,50.000000,120,False
135225,SILVERM26SEP209000CE,SILVERM,23SEP2026,20900000.000000,1,OPTFUT,NCO,50.000000,120,False
135231,SILVERM26OCT205250CE,SILVERM,23OCT2026,20525000.000000,1,OPTFUT,NCO,50.000000,120,False
135241,SILVERM26OCT206500CE,SILVERM,23OCT2026,20650000.000000,1,OPTFUT,NCO,50.000000,120,False
135245,SILVERM26OCT207000CE,SILVERM,23OCT2026,20700000.000000,1,OPTFUT,NCO,50.000000,120,False
135248,GOLDM26SEP162600PE,GOLDM,25SEP2026,16260000.000000,1,OPTFUT,NCO,50.000000,100,False
135251,GOLDM26SEP162800CE,GOLDM,25SEP2026,16280000.000000,1,OPTFUT,NCO,50.000000,100,False
135256,GOLDM26SEP163000PE,GOLDM,25SEP2026,16300000.000000,1,OPTFUT,NCO,50.000000,100,False
135258,GOLDM26SEP163100PE,GOLDM,25SEP2026,16310000.000000,1,OPTFUT,NCO,50.000000,100,False
135274,GOLDM26OCT161900PE,GOLDM,29OCT2026,16190000.000000,1,OPTFUT,NCO,50.000000,100,False
135275,GOLDM26OCT162000CE,GOLDM,29OCT2026,16200000.000000,1,OPTFUT,NCO,50.000000,100,False
135278,GOLDM26OCT162100PE,GOLDM,29OCT2026,16210000.000000,1,OPTFUT,NCO,50.000000,100,False
135281,GOLDM26OCT162300CE,GOLDM,29OCT2026,16230000.000000,1,OPTFUT,NCO,50.000000,100,False
135299,GOLDM26OCT162900PE,GOLDM,29OCT2026,16290000.000000,1,OPTFUT,NCO,50.000000,100,False
135314,SILVERM27JAN254250PE,SILVERM,21JAN2027,25425000.000000,1,OPTFUT,NCO,50.000000,120,False
135472,SILVERM27JUN259000PE,SILVERM,23JUN2027,25900000.000000,1,OPTFUT,NCO,50.000000,120,False
135488,SILVERM27JUN261000PE,SILVERM,23JUN2027,26100000.000000,1,OPTFUT,NCO,50.000000,120,False
135507,SILVERM27JUN263500CE,SILVERM,23JUN2027,26350000.000000,1,OPTFUT,NCO,50.000000,120,False
135578,GOLD26SEP126700PE,GOLD,25SEP2026,12670000.000000,1,OPTFUT,NCO,50.000000,10,False
135580,GOLD26SEP126800PE,GOLD,25SEP2026,12680000.000000,1,OPTFUT,NCO,50.000000,10,False
135582,GOLD26SEP126900PE,GOLD,25SEP2026,12690000.000000,1,OPTFUT,NCO,50.000000,10,False
135584,GOLD26SEP127000PE,GOLD,25SEP2026,12700000.000000,1,OPTFUT,NCO,50.000000,10,False
135588,GOLD26SEP127200PE,GOLD,25SEP2026,12720000.000000,1,OPTFUT,NCO,50.000000,10,False
135591,GOLD26SEP127400CE,GOLD,25SEP2026,12740000.000000,1,OPTFUT,NCO,50.000000,10,False
135601,GOLD26SEP127900CE,GOLD,25SEP2026,12790000.000000,1,OPTFUT,NCO,50.000000,10,False
135604,GOLD26SEP128000PE,GOLD,25SEP2026,12800000.000000,1,OPTFUT,NCO,50.000000,10,False
135605,GOLD26SEP128100CE,GOLD,25SEP2026,12810000.000000,1,OPTFUT,NCO,50.000000,10,False
135616,GOLD26SEP128600PE,GOLD,25SEP2026,12860000.000000,1,OPTFUT,NCO,50.000000,10,False
135631,SILVERM26OCT208750CE,SILVERM,23OCT2026,20875000.000000,1,OPTFUT,NCO,50.000000,120,False
135646,SILVERM26OCT210500PE,SILVERM,23OCT2026,21050000.000000,1,OPTFUT,NCO,50.000000,120,False
135655,SILVERM26NOV207250CE,SILVERM,23NOV2026,20725000.000000,1,OPTFUT,NCO,50.000000,120,False
135656,SILVERM26NOV207250PE,SILVERM,23NOV2026,20725000.000000,1,OPTFUT,NCO,50.000000,120,False
135665,SILVERM26NOV208500CE,SILVERM,23NOV2026,20850000.000000,1,OPTFUT,NCO,50.000000,120,False
135668,SILVERM26NOV208750PE,SILVERM,23NOV2026,20875000.000000,1,OPTFUT,NCO,50.000000,120,False
135675,SILVERM26NOV209750CE,SILVERM,23NOV2026,20975000.000000,1,OPTFUT,NCO,50.000000,120,False
135679,SILVERM26NOV210250CE,SILVERM,23NOV2026,21025000.000000,1,OPTFUT,NCO,50.000000,120,False
135748,SILVERM27JAN254750PE,SILVERM,21JAN2027,25475000.000000,1,OPTFUT,NCO,50.000000,120,False
135749,SILVERM27JAN255000CE,SILVERM,21JAN2027,25500000.000000,1,OPTFUT,NCO,50.000000,120,False
135750,SILVERM27JAN255000PE,SILVERM,21JAN2027,25500000.000000,1,OPTFUT,NCO,50.000000,120,False
135780,SILVERM27JUL261750CE,SILVERM,23JUL2027,26175000.000000,1,OPTFUT,NCO,50.000000,120,False
135784,SILVERM27JUL262250CE,SILVERM,23JUL2027,26225000.000000,1,OPTFUT,NCO,50.000000,120,False
135798,SILVERM26SEP229500PE,SILVERM,23SEP2026,22950000.000000,1,OPTFUT,NCO,50.000000,120,False
135832,SILVERM27JAN257500PE,SILVERM,21JAN2027,25750000.000000,1,OPTFUT,NCO,50.000000,120,False
135837,SILVERM27JAN258250CE,SILVERM,21JAN2027,25825000.000000,1,OPTFUT,NCO,50.000000,120,False
135839,SILVERM27JAN258500CE,SILVERM,21JAN2027,25850000.000000,1,OPTFUT,NCO,50.000000,120,False
135851,SILVERM27JAN260000CE,SILVERM,21JAN2027,26000000.000000,1,OPTFUT,NCO,50.000000,120,False
135857,SILVERM27FEB256250PE,SILVERM,19FEB2027,25625000.000000,1,OPTFUT,NCO,50.000000,120,False
135863,SILVERM27FEB257000PE,SILVERM,19FEB2027,25700000.000000,1,OPTFUT,NCO,50.000000,120,False
135866,SILVERM27FEB257500CE,SILVERM,19FEB2027,25750000.000000,1,OPTFUT,NCO,50.000000,120,False
135868,SILVERM27FEB257750CE,SILVERM,19FEB2027,25775000.000000,1,OPTFUT,NCO,50.000000,120,False
135869,SILVERM27FEB257750PE,SILVERM,19FEB2027,25775000.000000,1,OPTFUT,NCO,50.000000,120,False
135883,SILVERM27FEB259500PE,SILVERM,19FEB2027,25950000.000000,1,OPTFUT,NCO,50.000000,120,False
135921,GOLD27MAR149500PE,GOLD,29MAR2027,14950000.000000,1,OPTFUT,NCO,50.000000,10,False
135940,SILVERM27JUL263000PE,SILVERM,23JUL2027,26300000.000000,1,OPTFUT,NCO,50.000000,120,False
135960,SILVERM27APR239750CE,SILVERM,23APR2027,23975000.000000,1,OPTFUT,NCO,50.000000,120,False
135986,SILVERM27JUL265500CE,SILVERM,23JUL2027,26550000.000000,1,OPTFUT,NCO,50.000000,120,False
135994,ZINC26SEP430CE,ZINC,23SEP2026,43000.000000,1,OPTFUT,NCO,1.000000,20,False
136032,GOLD27MAY171100CE,GOLD,28MAY2027,17110000.000000,1,OPTFUT,NCO,50.000000,10,False
136078,SILVERM26SEP162000PE,SILVERM,23SEP2026,16200000.000000,1,OPTFUT,NCO,50.000000,120,False
136081,SILVERM26SEP162500CE,SILVERM,23SEP2026,16250000.000000,1,OPTFUT,NCO,50.000000,120,False
136088,SILVERM26SEP163250PE,SILVERM,23SEP2026,16325000.000000,1,OPTFUT,NCO,50.000000,120,False
136089,SILVERM26SEP163500CE,SILVERM,23SEP2026,16350000.000000,1,OPTFUT,NCO,50.000000,120,False
136093,SILVERM26SEP164000CE,SILVERM,23SEP2026,16400000.000000,1,OPTFUT,NCO,50.000000,120,False
136094,SILVERM26SEP164000PE,SILVERM,23SEP2026,16400000.000000,1,OPTFUT,NCO,50.000000,120,False
136126,SILVERM27FEB262000CE,SILVERM,19FEB2027,26200000.000000,1,OPTFUT,NCO,50.000000,120,False
136134,SILVERM27APR236000CE,SILVERM,23APR2027,23600000.000000,1,OPTFUT,NCO,50.000000,120,False
136179,SILVERM27APR236750PE,SILVERM,23APR2027,23675000.000000,1,OPTFUT,NCO,50.000000,120,False
136181,SILVERM27APR237000PE,SILVERM,23APR2027,23700000.000000,1,OPTFUT,NCO,50.000000,120,False
136187,SILVERM27APR237750PE,SILVERM,23APR2027,23775000.000000,1,OPTFUT,NCO,50.000000,120,False
136188,SILVERM27APR238000CE,SILVERM,23APR2027,23800000.000000,1,OPTFUT,NCO,50.000000,120,False
136208,SILVERM27MAY237000CE,SILVERM,24MAY2027,23700000.000000,1,OPTFUT,NCO,50.000000,120,False
136209,GOLD27MAY171600CE,GOLD,28MAY2027,17160000.000000,1,OPTFUT,NCO,50.000000,10,False
136214,GOLD27MAY171800PE,GOLD,28MAY2027,17180000.000000,1,OPTFUT,NCO,50.000000,10,False
136217,GOLD27MAY172000CE,GOLD,28MAY2027,17200000.000000,1,OPTFUT,NCO,50.000000,10,False
136252,GOLD26SEP129100PE,GOLD,25SEP2026,12910000.000000,1,OPTFUT,NCO,50.000000,10,False
136253,GOLD26SEP129200CE,GOLD,25SEP2026,12920000.000000,1,OPTFUT,NCO,50.000000,10,False
136255,GOLD26SEP129300CE,GOLD,25SEP2026,12930000.000000,1,OPTFUT,NCO,50.000000,10,False
136256,GOLD26SEP129300PE,GOLD,25SEP2026,12930000.000000,1,OPTFUT,NCO,50.000000,10,False
136257,GOLD26SEP129400CE,GOLD,25SEP2026,12940000.000000,1,OPTFUT,NCO,50.000000,10,False
136260,SILVERM27MAY237250CE,SILVERM,24MAY2027,23725000.000000,1,OPTFUT,NCO,50.000000,120,False
136262,SILVERM27MAY237500CE,SILVERM,24MAY2027,23750000.000000,1,OPTFUT,NCO,50.000000,120,False
136269,SILVERM27MAY238250PE,SILVERM,24MAY2027,23825000.000000,1,OPTFUT,NCO,50.000000,120,False
136271,SILVERM27MAY238500PE,SILVERM,24MAY2027,23850000.000000,1,OPTFUT,NCO,50.000000,120,False
136272,SILVERM27MAY238750CE,SILVERM,24MAY2027,23875000.000000,1,OPTFUT,NCO,50.000000,120,False
136276,SILVERM27MAY239250CE,SILVERM,24MAY2027,23925000.000000,1,OPTFUT,NCO,50.000000,120,False
136281,SILVERM27MAY239750PE,SILVERM,24MAY2027,23975000.000000,1,OPTFUT,NCO,50.000000,120,False
136322,SILVERM26SEP164500PE,SILVERM,23SEP2026,16450000.000000,1,OPTFUT,NCO,50.000000,120,False
136344,GOLD27JUN171600PE,GOLD,28JUN2027,17160000.000000,1,OPTFUT,NCO,50.000000,10,False
136349,SILVERM27FEB264500PE,SILVERM,19FEB2027,26450000.000000,1,OPTFUT,NCO,50.000000,120,False
136356,SILVERM27FEB265500CE,SILVERM,19FEB2027,26550000.000000,1,OPTFUT,NCO,50.000000,120,False
136376,GOLD27JUN172000PE,GOLD,28JUN2027,17200000.000000,1,OPTFUT,NCO,50.000000,10,False
136387,GOLD27JUN172400CE,GOLD,28JUN2027,17240000.000000,1,OPTFUT,NCO,50.000000,10,False
136392,GOLD27JUN172600PE,GOLD,28JUN2027,17260000.000000,1,OPTFUT,NCO,50.000000,10,False
136400,GOLD27JUL171700PE,GOLD,29JUL2027,17170000.000000,1,OPTFUT,NCO,50.000000,10,False
136402,GOLD27JUL171800PE,GOLD,29JUL2027,17180000.000000,1,OPTFUT,NCO,50.000000,10,False
136405,GOLD27JUL172000CE,GOLD,29JUL2027,17200000.000000,1,OPTFUT,NCO,50.000000,10,False
136428,GOLD26SEP141100PE,GOLD,25SEP2026,14110000.000000,1,OPTFUT,NCO,50.000000,10,False
136435,GOLD26SEP141500CE,GOLD,25SEP2026,14150000.000000,1,OPTFUT,NCO,50.000000,10,False
136437,GOLD26SEP141600CE,GOLD,25SEP2026,14160000.000000,1,OPTFUT,NCO,50.000000,10,False
136454,GOLD26OCT142100PE,GOLD,29OCT2026,14210000.000000,1,OPTFUT,NCO,50.000000,10,False
136462,GOLD26OCT142500PE,GOLD,29OCT2026,14250000.000000,1,OPTFUT,NCO,50.000000,10,False
136467,GOLD26NOV142500CE,GOLD,27NOV2026,14250000.000000,1,OPTFUT,NCO,50.000000,10,False
136471,GOLD26NOV142700CE,GOLD,27NOV2026,14270000.000000,1,OPTFUT,NCO,50.000000,10,False
136476,GOLD26NOV142900PE,GOLD,27NOV2026,14290000.000000,1,OPTFUT,NCO,50.000000,10,False
136480,GOLD27JUL172100CE,GOLD,29JUL2027,17210000.000000,1,OPTFUT,NCO,50.000000,10,False
136483,GOLD27JUL172200PE,GOLD,29JUL2027,17220000.000000,1,OPTFUT,NCO,50.000000,10,False
136493,GOLD27JUL172700PE,GOLD,29JUL2027,17270000.000000,1,OPTFUT,NCO,50.000000,10,False
136552,GOLD27JAN166000PE,GOLD,29JAN2027,16600000.000000,1,OPTFUT,NCO,50.000000,10,False
136564,GOLD27JAN166600PE,GOLD,29JAN2027,16660000.000000,1,OPTFUT,NCO,50.000000,10,False
136541,GOLD27JAN165500CE,GOLD,29JAN2027,16550000.000000,1,OPTFUT,NCO,50.000000,10,False
136562,GOLD27JAN166500PE,GOLD,29JAN2027,16650000.000000,1,OPTFUT,NCO,50.000000,10,False
136601,SILVERM27FEB270500PE,SILVERM,19FEB2027,27050000.000000,1,OPTFUT,NCO,50.000000,120,False
136627,NATURALGAS26SEP280CE,NATURALGAS,21SEP2026,28000.000000,1,OPTFUT,NCO,5.000000,48,False
136648,NATURALGAS26SEP330PE,NATURALGAS,21SEP2026,33000.000000,1,OPTFUT,NCO,5.000000,48,False
136665,NATURALGAS26SEP375CE,NATURALGAS,21SEP2026,37500.000000,1,OPTFUT,NCO,5.000000,48,False
136670,NATURALGAS26SEP385PE,NATURALGAS,21SEP2026,38500.000000,1,OPTFUT,NCO,5.000000,48,False
136704,SILVERM27MAR227000PE,SILVERM,24MAR2027,22700000.000000,1,OPTFUT,NCO,50.000000,120,False
136710,SILVERM27MAR227750PE,SILVERM,24MAR2027,22775000.000000,1,OPTFUT,NCO,50.000000,120,False
136711,SILVERM27MAR228000CE,SILVERM,24MAR2027,22800000.000000,1,OPTFUT,NCO,50.000000,120,False
136730,SILVERM27APR226250PE,SILVERM,23APR2027,22625000.000000,1,OPTFUT,NCO,50.000000,120,False
136738,SILVERM27APR227250PE,SILVERM,23APR2027,22725000.000000,1,OPTFUT,NCO,50.000000,120,False
136747,SILVERM27APR228500CE,SILVERM,23APR2027,22850000.000000,1,OPTFUT,NCO,50.000000,120,False
136748,SILVERM27APR228500PE,SILVERM,23APR2027,22850000.000000,1,OPTFUT,NCO,50.000000,120,False
136751,SILVERM27APR229000CE,SILVERM,23APR2027,22900000.000000,1,OPTFUT,NCO,50.000000,120,False
136756,SILVERM27MAY225750PE,SILVERM,24MAY2027,22575000.000000,1,OPTFUT,NCO,50.000000,120,False
136759,SILVERM27MAY226250CE,SILVERM,24MAY2027,22625000.000000,1,OPTFUT,NCO,50.000000,120,False
136771,SILVERM27MAY227750CE,SILVERM,24MAY2027,22775000.000000,1,OPTFUT,NCO,50.000000,120,False
136825,GOLDM26SEP163900CE,GOLDM,25SEP2026,16390000.000000,1,OPTFUT,NCO,50.000000,100,False
136832,GOLDM26SEP164200PE,GOLDM,25SEP2026,16420000.000000,1,OPTFUT,NCO,50.000000,100,False
136838,GOLDM26SEP164500PE,GOLDM,25SEP2026,16450000.000000,1,OPTFUT,NCO,50.000000,100,False
136853,GOLDM26SEP165300CE,GOLDM,25SEP2026,16530000.000000,1,OPTFUT,NCO,50.000000,100,False
136867,GOLDM26OCT164800CE,GOLDM,29OCT2026,16480000.000000,1,OPTFUT,NCO,50.000000,100,False
136871,GOLDM26OCT165000CE,GOLDM,29OCT2026,16500000.000000,1,OPTFUT,NCO,50.000000,100,False
136879,GOLDM26OCT165400CE,GOLDM,29OCT2026,16540000.000000,1,OPTFUT,NCO,50.000000,100,False
136938,GOLD26SEP129700PE,GOLD,25SEP2026,12970000.000000,1,OPTFUT,NCO,50.000000,10,False
136967,GOLD26SEP131200CE,GOLD,25SEP2026,13120000.000000,1,OPTFUT,NCO,50.000000,10,False
136942,GOLD26SEP129900PE,GOLD,25SEP2026,12990000.000000,1,OPTFUT,NCO,50.000000,10,False
136949,GOLD26SEP130300CE,GOLD,25SEP2026,13030000.000000,1,OPTFUT,NCO,50.000000,10,False
136957,GOLD26SEP130700CE,GOLD,25SEP2026,13070000.000000,1,OPTFUT,NCO,50.000000,10,False
137011,GOLD27JAN167200CE,GOLD,29JAN2027,16720000.000000,1,OPTFUT,NCO,50.000000,10,False
137034,GOLDM26OCT165500CE,GOLDM,29OCT2026,16550000.000000,1,OPTFUT,NCO,50.000000,100,False
137056,ZINC26SEP432.5CE,ZINC,23SEP2026,43250.000000,1,OPTFUT,NCO,1.000000,20,False
137061,ZINC26SEP437.5PE,ZINC,23SEP2026,43750.000000,1,OPTFUT,NCO,1.000000,20,False
137076,ZINC26NOV442.5CE,ZINC,23NOV2026,44250.000000,1,OPTFUT,NCO,1.000000,20,False
137105,SILVERM26SEP251500PE,SILVERM,23SEP2026,25150000.000000,1,OPTFUT,NCO,50.000000,120,False
137107,SILVERM26SEP251750PE,SILVERM,23SEP2026,25175000.000000,1,OPTFUT,NCO,50.000000,120,False
137113,SILVERM26SEP252500PE,SILVERM,23SEP2026,25250000.000000,1,OPTFUT,NCO,50.000000,120,False
137115,SILVERM26SEP252750PE,SILVERM,23SEP2026,25275000.000000,1,OPTFUT,NCO,50.000000,120,False
137118,SILVERM26SEP253250CE,SILVERM,23SEP2026,25325000.000000,1,OPTFUT,NCO,50.000000,120,False
137123,SILVERM26SEP253750PE,SILVERM,23SEP2026,25375000.000000,1,OPTFUT,NCO,50.000000,120,False
137124,SILVERM26SEP254000CE,SILVERM,23SEP2026,25400000.000000,1,OPTFUT,NCO,50.000000,120,False
137157,SILVERM27MAY230250PE,SILVERM,24MAY2027,23025000.000000,1,OPTFUT,NCO,50.000000,120,False
137196,SILVERM26SEP235250PE,SILVERM,23SEP2026,23525000.000000,1,OPTFUT,NCO,50.000000,120,False
137207,SILVERM26OCT229250CE,SILVERM,23OCT2026,22925000.000000,1,OPTFUT,NCO,50.000000,120,False
137433,SILVERM26SEP166000CE,SILVERM,23SEP2026,16600000.000000,1,OPTFUT,NCO,50.000000,120,False
137448,SILVERM26SEP167750PE,SILVERM,23SEP2026,16775000.000000,1,OPTFUT,NCO,50.000000,120,False
137481,SILVERM26OCT230250CE,SILVERM,23OCT2026,23025000.000000,1,OPTFUT,NCO,50.000000,120,False
137498,SILVERM26OCT232250PE,SILVERM,23OCT2026,23225000.000000,1,OPTFUT,NCO,50.000000,120,False
137499,SILVERM26OCT232500CE,SILVERM,23OCT2026,23250000.000000,1,OPTFUT,NCO,50.000000,120,False
137501,SILVERM26OCT232750CE,SILVERM,23OCT2026,23275000.000000,1,OPTFUT,NCO,50.000000,120,False
137503,SILVERM26OCT233000CE,SILVERM,23OCT2026,23300000.000000,1,OPTFUT,NCO,50.000000,120,False
137547,SILVERM26OCT233250CE,SILVERM,23OCT2026,23325000.000000,1,OPTFUT,NCO,50.000000,120,False
137552,SILVERM26OCT233750PE,SILVERM,23OCT2026,23375000.000000,1,OPTFUT,NCO,50.000000,120,False
137574,SILVERM26OCT236000PE,SILVERM,23OCT2026,23600000.000000,1,OPTFUT,NCO,50.000000,120,False
137642,GOLD26SEP132300PE,GOLD,25SEP2026,13230000.000000,1,OPTFUT,NCO,50.000000,10,False
137658,SILVERM26OCT252250CE,SILVERM,23OCT2026,25225000.000000,1,OPTFUT,NCO,50.000000,120,False
137744,SILVERM26OCT236250PE,SILVERM,23OCT2026,23625000.000000,1,OPTFUT,NCO,50.000000,120,False
137762,SILVERM26NOV230750PE,SILVERM,23NOV2026,23075000.000000,1,OPTFUT,NCO,50.000000,120,False
137764,SILVERM26NOV231000PE,SILVERM,23NOV2026,23100000.000000,1,OPTFUT,NCO,50.000000,120,False
137776,SILVERM26NOV232500PE,SILVERM,23NOV2026,23250000.000000,1,OPTFUT,NCO,50.000000,120,False
137780,SILVERM26NOV233000PE,SILVERM,23NOV2026,23300000.000000,1,OPTFUT,NCO,50.000000,120,False
137865,GOLD27JAN154300PE,GOLD,29JAN2027,15430000.000000,1,OPTFUT,NCO,50.000000,10,False
137866,GOLD27JAN154400CE,GOLD,29JAN2027,15440000.000000,1,OPTFUT,NCO,50.000000,10,False
138128,SILVERM26SEP168250PE,SILVERM,23SEP2026,16825000.000000,1,OPTFUT,NCO,50.000000,120,False
138129,SILVERM26SEP168500CE,SILVERM,23SEP2026,16850000.000000,1,OPTFUT,NCO,50.000000,120,False
138141,SILVERM26SEP170000CE,SILVERM,23SEP2026,17000000.000000,1,OPTFUT,NCO,50.000000,120,False
138149,SILVERM26SEP171000CE,SILVERM,23SEP2026,17100000.000000,1,OPTFUT,NCO,50.000000,120,False
138152,SILVERM26SEP171250PE,SILVERM,23SEP2026,17125000.000000,1,OPTFUT,NCO,50.000000,120,False
138156,SILVERM26SEP171750PE,SILVERM,23SEP2026,17175000.000000,1,OPTFUT,NCO,50.000000,120,False
138158,SILVERM26SEP172000PE,SILVERM,23SEP2026,17200000.000000,1,OPTFUT,NCO,50.000000,120,False
138218,GOLD27JAN154700CE,GOLD,29JAN2027,15470000.000000,1,OPTFUT,NCO,50.000000,10,False
138225,GOLD27JAN155000PE,GOLD,29JAN2027,15500000.000000,1,OPTFUT,NCO,50.000000,10,False
138226,GOLD27JAN155100CE,GOLD,29JAN2027,15510000.000000,1,OPTFUT,NCO,50.000000,10,False
138228,GOLD27JAN155200CE,GOLD,29JAN2027,15520000.000000,1,OPTFUT,NCO,50.000000,10,False
138233,GOLD27JAN155400PE,GOLD,29JAN2027,15540000.000000,1,OPTFUT,NCO,50.000000,10,False
138242,GOLD27JAN155900CE,GOLD,29JAN2027,15590000.000000,1,OPTFUT,NCO,50.000000,10,False
138246,GOLD27JAN156100CE,GOLD,29JAN2027,15610000.000000,1,OPTFUT,NCO,50.000000,10,False
138249,GOLD27JAN156200PE,GOLD,29JAN2027,15620000.000000,1,OPTFUT,NCO,50.000000,10,False
138385,SILVERM26NOV236500CE,SILVERM,23NOV2026,23650000.000000,1,OPTFUT,NCO,50.000000,120,False
138388,SILVERM26NOV236750PE,SILVERM,23NOV2026,23675000.000000,1,OPTFUT,NCO,50.000000,120,False
138389,SILVERM26NOV237000CE,SILVERM,23NOV2026,23700000.000000,1,OPTFUT,NCO,50.000000,120,False
138401,GOLD27JAN156800PE,GOLD,29JAN2027,15680000.000000,1,OPTFUT,NCO,50.000000,10,False
138463,GOLD27JAN157800PE,GOLD,29JAN2027,15780000.000000,1,OPTFUT,NCO,50.000000,10,False
138465,GOLD27JAN157900PE,GOLD,29JAN2027,15790000.000000,1,OPTFUT,NCO,50.000000,10,False
138470,GOLD27JAN158200CE,GOLD,29JAN2027,15820000.000000,1,OPTFUT,NCO,50.000000,10,False
138472,GOLD27JAN158300CE,GOLD,29JAN2027,15830000.000000,1,OPTFUT,NCO,50.000000,10,False
138473,GOLD27JAN158300PE,GOLD,29JAN2027,15830000.000000,1,OPTFUT,NCO,50.000000,10,False
138481,GOLD27FEB155300PE,GOLD,26FEB2027,15530000.000000,1,OPTFUT,NCO,50.000000,10,False
138484,GOLD27FEB155500CE,GOLD,26FEB2027,15550000.000000,1,OPTFUT,NCO,50.000000,10,False
138751,SILVERM26SEP174250CE,SILVERM,23SEP2026,17425000.000000,1,OPTFUT,NCO,50.000000,120,False
138752,SILVERM26SEP174250PE,SILVERM,23SEP2026,17425000.000000,1,OPTFUT,NCO,50.000000,120,False
138757,SILVERM26SEP175000CE,SILVERM,23SEP2026,17500000.000000,1,OPTFUT,NCO,50.000000,120,False
138761,SILVERM26SEP175500CE,SILVERM,23SEP2026,17550000.000000,1,OPTFUT,NCO,50.000000,120,False
138860,GOLD27FEB156100CE,GOLD,26FEB2027,15610000.000000,1,OPTFUT,NCO,50.000000,10,False
138861,GOLD27FEB156100PE,GOLD,26FEB2027,15610000.000000,1,OPTFUT,NCO,50.000000,10,False
138863,GOLD27FEB156200PE,GOLD,26FEB2027,15620000.000000,1,OPTFUT,NCO,50.000000,10,False
138883,GOLD27FEB157200PE,GOLD,26FEB2027,15720000.000000,1,OPTFUT,NCO,50.000000,10,False
138898,GOLD27FEB158000CE,GOLD,26FEB2027,15800000.000000,1,OPTFUT,NCO,50.000000,10,False
138902,GOLD27FEB158200CE,GOLD,26FEB2027,15820000.000000,1,OPTFUT,NCO,50.000000,10,False
138905,GOLD27FEB158300PE,GOLD,26FEB2027,15830000.000000,1,OPTFUT,NCO,50.000000,10,False
138912,GOLD27FEB158700CE,GOLD,26FEB2027,15870000.000000,1,OPTFUT,NCO,50.000000,10,False
138913,GOLD27FEB158700PE,GOLD,26FEB2027,15870000.000000,1,OPTFUT,NCO,50.000000,10,False
138916,GOLD27FEB158900CE,GOLD,26FEB2027,15890000.000000,1,OPTFUT,NCO,50.000000,10,False
138967,SILVERM26OCT253750PE,SILVERM,23OCT2026,25375000.000000,1,OPTFUT,NCO,50.000000,120,False
139015,GOLD27FEB159100PE,GOLD,26FEB2027,15910000.000000,1,OPTFUT,NCO,50.000000,10,False
139028,GOLD27FEB159800CE,GOLD,26FEB2027,15980000.000000,1,OPTFUT,NCO,50.000000,10,False
139268,SILVERM26NOV254500CE,SILVERM,23NOV2026,25450000.000000,1,OPTFUT,NCO,50.000000,120,False
139271,SILVERM26NOV254750PE,SILVERM,23NOV2026,25475000.000000,1,OPTFUT,NCO,50.000000,120,False
139286,SILVERM26SEP209750PE,SILVERM,23SEP2026,20975000.000000,1,OPTFUT,NCO,50.000000,120,False
139291,SILVERM26SEP210500CE,SILVERM,23SEP2026,21050000.000000,1,OPTFUT,NCO,50.000000,120,False
139296,SILVERM26SEP211000PE,SILVERM,23SEP2026,21100000.000000,1,OPTFUT,NCO,50.000000,120,False
139299,SILVERM26SEP211500CE,SILVERM,23SEP2026,21150000.000000,1,OPTFUT,NCO,50.000000,120,False
139301,SILVERM26SEP211750CE,SILVERM,23SEP2026,21175000.000000,1,OPTFUT,NCO,50.000000,120,False
139308,SILVERM26SEP212500PE,SILVERM,23SEP2026,21250000.000000,1,OPTFUT,NCO,50.000000,120,False
139332,SILVERM26SEP215500PE,SILVERM,23SEP2026,21550000.000000,1,OPTFUT,NCO,50.000000,120,False
139340,SILVERM26OCT211000PE,SILVERM,23OCT2026,21100000.000000,1,OPTFUT,NCO,50.000000,120,False
139346,SILVERM26OCT211750PE,SILVERM,23OCT2026,21175000.000000,1,OPTFUT,NCO,50.000000,120,False
139363,SILVERM26OCT214000CE,SILVERM,23OCT2026,21400000.000000,1,OPTFUT,NCO,50.000000,120,False
139371,SILVERM26OCT215000CE,SILVERM,23OCT2026,21500000.000000,1,OPTFUT,NCO,50.000000,120,False
139380,SILVERM26OCT216000PE,SILVERM,23OCT2026,21600000.000000,1,OPTFUT,NCO,50.000000,120,False
139385,SILVERM26OCT216750CE,SILVERM,23OCT2026,21675000.000000,1,OPTFUT,NCO,50.000000,120,False
139387,SILVERM26OCT217000CE,SILVERM,23OCT2026,21700000.000000,1,OPTFUT,NCO,50.000000,120,False
139411,GOLD27FEB160300PE,GOLD,26FEB2027,16030000.000000,1,OPTFUT,NCO,50.000000,10,False
139416,GOLD27FEB160600CE,GOLD,26FEB2027,16060000.000000,1,OPTFUT,NCO,50.000000,10,False
139426,GOLD27FEB161100CE,GOLD,26FEB2027,16110000.000000,1,OPTFUT,NCO,50.000000,10,False
139451,GOLD27FEB162300PE,GOLD,26FEB2027,16230000.000000,1,OPTFUT,NCO,50.000000,10,False
140014,SILVERM26SEP180250PE,SILVERM,23SEP2026,18025000.000000,1,OPTFUT,NCO,50.000000,120,False
140018,SILVERM26SEP180750PE,SILVERM,23SEP2026,18075000.000000,1,OPTFUT,NCO,50.000000,120,False
140023,SILVERM26SEP181500CE,SILVERM,23SEP2026,18150000.000000,1,OPTFUT,NCO,50.000000,120,False
140037,SILVERM26SEP183250CE,SILVERM,23SEP2026,18325000.000000,1,OPTFUT,NCO,50.000000,120,False
140050,SILVERM26SEP184750PE,SILVERM,23SEP2026,18475000.000000,1,OPTFUT,NCO,50.000000,120,False
140051,SILVERM26SEP185000CE,SILVERM,23SEP2026,18500000.000000,1,OPTFUT,NCO,50.000000,120,False
140062,SILVERM26SEP186250PE,SILVERM,23SEP2026,18625000.000000,1,OPTFUT,NCO,50.000000,120,False
140084,SILVERM26NOV216000PE,SILVERM,23NOV2026,21600000.000000,1,OPTFUT,NCO,50.000000,120,False
140096,SILVERM26NOV217500PE,SILVERM,23NOV2026,21750000.000000,1,OPTFUT,NCO,50.000000,120,False
140182,SILVERM27JAN239500CE,SILVERM,21JAN2027,23950000.000000,1,OPTFUT,NCO,50.000000,120,False
140192,SILVERM27JAN240500CE,SILVERM,21JAN2027,24050000.000000,1,OPTFUT,NCO,50.000000,120,False
140194,SILVERM27JAN240750CE,SILVERM,21JAN2027,24075000.000000,1,OPTFUT,NCO,50.000000,120,False
140197,SILVERM27JAN241000PE,SILVERM,21JAN2027,24100000.000000,1,OPTFUT,NCO,50.000000,120,False
140198,SILVERM27JAN241250CE,SILVERM,21JAN2027,24125000.000000,1,OPTFUT,NCO,50.000000,120,False
140203,SILVERM27JAN241750PE,SILVERM,21JAN2027,24175000.000000,1,OPTFUT,NCO,50.000000,120,False
140217,SILVERM27FEB241250PE,SILVERM,19FEB2027,24125000.000000,1,OPTFUT,NCO,50.000000,120,False
140219,SILVERM27FEB241500PE,SILVERM,19FEB2027,24150000.000000,1,OPTFUT,NCO,50.000000,120,False
140244,SILVERM27FEB244750CE,SILVERM,19FEB2027,24475000.000000,1,OPTFUT,NCO,50.000000,120,False
140251,SILVERM27FEB245500PE,SILVERM,19FEB2027,24550000.000000,1,OPTFUT,NCO,50.000000,120,False
140261,SILVERM27FEB246750PE,SILVERM,19FEB2027,24675000.000000,1,OPTFUT,NCO,50.000000,120,False
140279,SILVERM26NOV256750PE,SILVERM,23NOV2026,25675000.000000,1,OPTFUT,NCO,50.000000,120,False
140282,SILVERM26NOV257250CE,SILVERM,23NOV2026,25725000.000000,1,OPTFUT,NCO,50.000000,120,False
140287,SILVERM26NOV257750PE,SILVERM,23NOV2026,25775000.000000,1,OPTFUT,NCO,50.000000,120,False
140295,SILVERM26DEC254500PE,SILVERM,23DEC2026,25450000.000000,1,OPTFUT,NCO,50.000000,120,False
140318,SILVERM26DEC257500CE,SILVERM,23DEC2026,25750000.000000,1,OPTFUT,NCO,50.000000,120,False
140347,GOLD27JAN168100CE,GOLD,29JAN2027,16810000.000000,1,OPTFUT,NCO,50.000000,10,False
140352,GOLD27JAN168300PE,GOLD,29JAN2027,16830000.000000,1,OPTFUT,NCO,50.000000,10,False
140370,SILVERM27FEB249250CE,SILVERM,19FEB2027,24925000.000000,1,OPTFUT,NCO,50.000000,120,False
140385,SILVERM27FEB251000PE,SILVERM,19FEB2027,25100000.000000,1,OPTFUT,NCO,50.000000,120,False
140389,SILVERM27FEB251500PE,SILVERM,19FEB2027,25150000.000000,1,OPTFUT,NCO,50.000000,120,False
140393,SILVERM27FEB252000PE,SILVERM,19FEB2027,25200000.000000,1,OPTFUT,NCO,50.000000,120,False
140682,GOLD26SEP133700PE,GOLD,25SEP2026,13370000.000000,1,OPTFUT,NCO,50.000000,10,False
140700,GOLD26SEP134600PE,GOLD,25SEP2026,13460000.000000,1,OPTFUT,NCO,50.000000,10,False
140703,GOLD26SEP134800CE,GOLD,25SEP2026,13480000.000000,1,OPTFUT,NCO,50.000000,10,False
140712,GOLD26SEP135200PE,GOLD,25SEP2026,13520000.000000,1,OPTFUT,NCO,50.000000,10,False
140717,GOLD26SEP135500CE,GOLD,25SEP2026,13550000.000000,1,OPTFUT,NCO,50.000000,10,False
140746,SILVERM27FEB255750CE,SILVERM,19FEB2027,25575000.000000,1,OPTFUT,NCO,50.000000,120,False
140785,SILVERM26SEP216500CE,SILVERM,23SEP2026,21650000.000000,1,OPTFUT,NCO,50.000000,120,False
140797,SILVERM26NOV218500CE,SILVERM,23NOV2026,21850000.000000,1,OPTFUT,NCO,50.000000,120,False
140803,SILVERM27FEB255750PE,SILVERM,19FEB2027,25575000.000000,1,OPTFUT,NCO,50.000000,120,False
140817,SILVERM26DEC257750PE,SILVERM,23DEC2026,25775000.000000,1,OPTFUT,NCO,50.000000,120,False
140839,GOLD27JAN153500CE,GOLD,29JAN2027,15350000.000000,1,OPTFUT,NCO,50.000000,10,False
140840,GOLD27JAN153500PE,GOLD,29JAN2027,15350000.000000,1,OPTFUT,NCO,50.000000,10,False
140845,GOLD27JAN153800CE,GOLD,29JAN2027,15380000.000000,1,OPTFUT,NCO,50.000000,10,False
140852,GOLD27JAN154100PE,GOLD,29JAN2027,15410000.000000,1,OPTFUT,NCO,50.000000,10,False
140874,GOLD27FEB154700PE,GOLD,26FEB2027,15470000.000000,1,OPTFUT,NCO,50.000000,10,False
140875,GOLD27FEB154800CE,GOLD,26FEB2027,15480000.000000,1,OPTFUT,NCO,50.000000,10,False
141520,SILVERM26SEP190500PE,SILVERM,23SEP2026,19050000.000000,1,OPTFUT,NCO,50.000000,120,False
141531,SILVERM26SEP192000CE,SILVERM,23SEP2026,19200000.000000,1,OPTFUT,NCO,50.000000,120,False
141537,SILVERM26SEP192750CE,SILVERM,23SEP2026,19275000.000000,1,OPTFUT,NCO,50.000000,120,False
141552,SILVERM26SEP194500PE,SILVERM,23SEP2026,19450000.000000,1,OPTFUT,NCO,50.000000,120,False
141911,GOLD26SEP137000CE,GOLD,25SEP2026,13700000.000000,1,OPTFUT,NCO,50.000000,10,False
141912,GOLD26SEP137000PE,GOLD,25SEP2026,13700000.000000,1,OPTFUT,NCO,50.000000,10,False
141916,GOLD26SEP137200PE,GOLD,25SEP2026,13720000.000000,1,OPTFUT,NCO,50.000000,10,False
142468,GOLD26SEP137400PE,GOLD,25SEP2026,13740000.000000,1,OPTFUT,NCO,50.000000,10,False
142493,GOLD26SEP138700CE,GOLD,25SEP2026,13870000.000000,1,OPTFUT,NCO,50.000000,10,False
142499,GOLD26SEP139000CE,GOLD,25SEP2026,13900000.000000,1,OPTFUT,NCO,50.000000,10,False
142503,GOLD26SEP139200CE,GOLD,25SEP2026,13920000.000000,1,OPTFUT,NCO,50.000000,10,False
142514,GOLD26SEP139700PE,GOLD,25SEP2026,13970000.000000,1,OPTFUT,NCO,50.000000,10,False
142515,GOLD26SEP139800CE,GOLD,25SEP2026,13980000.000000,1,OPTFUT,NCO,50.000000,10,False
142530,GOLD26SEP142200PE,GOLD,25SEP2026,14220000.000000,1,OPTFUT,NCO,50.000000,10,False
142533,GOLD26SEP142400CE,GOLD,25SEP2026,14240000.000000,1,OPTFUT,NCO,50.000000,10,False
142542,GOLD26OCT142900PE,GOLD,29OCT2026,14290000.000000,1,OPTFUT,NCO,50.000000,10,False
142551,GOLD26NOV143400CE,GOLD,27NOV2026,14340000.000000,1,OPTFUT,NCO,50.000000,10,False
142553,GOLD26NOV143500CE,GOLD,27NOV2026,14350000.000000,1,OPTFUT,NCO,50.000000,10,False
142666,GOLD26DEC146800PE,GOLD,29DEC2026,14680000.000000,1,OPTFUT,NCO,50.000000,10,False
142667,GOLD26DEC146900CE,GOLD,29DEC2026,14690000.000000,1,OPTFUT,NCO,50.000000,10,False
142669,GOLD26DEC147000CE,GOLD,29DEC2026,14700000.000000,1,OPTFUT,NCO,50.000000,10,False
142710,GOLD26DEC141200PE,GOLD,29DEC2026,14120000.000000,1,OPTFUT,NCO,50.000000,10,False
142713,GOLD26DEC141400CE,GOLD,29DEC2026,14140000.000000,1,OPTFUT,NCO,50.000000,10,False
142715,GOLD26DEC141500CE,GOLD,29DEC2026,14150000.000000,1,OPTFUT,NCO,50.000000,10,False
142741,GOLD26DEC147400CE,GOLD,29DEC2026,14740000.000000,1,OPTFUT,NCO,50.000000,10,False
142742,GOLD26DEC147400PE,GOLD,29DEC2026,14740000.000000,1,OPTFUT,NCO,50.000000,10,False
142805,GOLD27JAN141800CE,GOLD,29JAN2027,14180000.000000,1,OPTFUT,NCO,50.000000,10,False
142822,GOLD27JAN142600PE,GOLD,29JAN2027,14260000.000000,1,OPTFUT,NCO,50.000000,10,False
142901,GOLD27JAN143300CE,GOLD,29JAN2027,14330000.000000,1,OPTFUT,NCO,50.000000,10,False
142903,GOLD27JAN143400CE,GOLD,29JAN2027,14340000.000000,1,OPTFUT,NCO,50.000000,10,False
142905,GOLD27JAN143500CE,GOLD,29JAN2027,14350000.000000,1,OPTFUT,NCO,50.000000,10,False
142908,GOLD27JAN143600PE,GOLD,29JAN2027,14360000.000000,1,OPTFUT,NCO,50.000000,10,False
142910,GOLD27JAN143700PE,GOLD,29JAN2027,14370000.000000,1,OPTFUT,NCO,50.000000,10,False
142911,GOLD27JAN143800CE,GOLD,29JAN2027,14380000.000000,1,OPTFUT,NCO,50.000000,10,False
142913,GOLD27JAN143900CE,GOLD,29JAN2027,14390000.000000,1,OPTFUT,NCO,50.000000,10,False
142933,GOLD27JAN144900CE,GOLD,29JAN2027,14490000.000000,1,OPTFUT,NCO,50.000000,10,False
142936,GOLD27JAN145000PE,GOLD,29JAN2027,14500000.000000,1,OPTFUT,NCO,50.000000,10,False
142938,GOLD27JAN145100PE,GOLD,29JAN2027,14510000.000000,1,OPTFUT,NCO,50.000000,10,False
142945,GOLD27JAN145500CE,GOLD,29JAN2027,14550000.000000,1,OPTFUT,NCO,50.000000,10,False
142947,GOLD27JAN145600CE,GOLD,29JAN2027,14560000.000000,1,OPTFUT,NCO,50.000000,10,False
143301,SILVERM26SEP218000CE,SILVERM,23SEP2026,21800000.000000,1,OPTFUT,NCO,50.000000,120,False
143311,SILVERM26SEP219250CE,SILVERM,23SEP2026,21925000.000000,1,OPTFUT,NCO,50.000000,120,False
143315,SILVERM26SEP219750CE,SILVERM,23SEP2026,21975000.000000,1,OPTFUT,NCO,50.000000,120,False
143316,SILVERM26SEP219750PE,SILVERM,23SEP2026,21975000.000000,1,OPTFUT,NCO,50.000000,120,False
143346,SILVERM26SEP223500PE,SILVERM,23SEP2026,22350000.000000,1,OPTFUT,NCO,50.000000,120,False
143350,SILVERM26SEP224000PE,SILVERM,23SEP2026,22400000.000000,1,OPTFUT,NCO,50.000000,120,False
143373,SILVERM26OCT220750CE,SILVERM,23OCT2026,22075000.000000,1,OPTFUT,NCO,50.000000,120,False
143388,SILVERM26OCT222500PE,SILVERM,23OCT2026,22250000.000000,1,OPTFUT,NCO,50.000000,120,False
143393,SILVERM26OCT223250CE,SILVERM,23OCT2026,22325000.000000,1,OPTFUT,NCO,50.000000,120,False
143395,SILVERM26OCT223500CE,SILVERM,23OCT2026,22350000.000000,1,OPTFUT,NCO,50.000000,120,False
143397,SILVERM26OCT223750CE,SILVERM,23OCT2026,22375000.000000,1,OPTFUT,NCO,50.000000,120,False
143399,SILVERM26OCT224000CE,SILVERM,23OCT2026,22400000.000000,1,OPTFUT,NCO,50.000000,120,False
143401,SILVERM26OCT224250CE,SILVERM,23OCT2026,22425000.000000,1,OPTFUT,NCO,50.000000,120,False
143413,SILVERM26NOV219500CE,SILVERM,23NOV2026,21950000.000000,1,OPTFUT,NCO,50.000000,120,False
143437,SILVERM26NOV222500CE,SILVERM,23NOV2026,22250000.000000,1,OPTFUT,NCO,50.000000,120,False
143438,SILVERM26NOV222500PE,SILVERM,23NOV2026,22250000.000000,1,OPTFUT,NCO,50.000000,120,False
143449,SILVERM26NOV224000CE,SILVERM,23NOV2026,22400000.000000,1,OPTFUT,NCO,50.000000,120,False
143461,SILVERM26NOV225500CE,SILVERM,23NOV2026,22550000.000000,1,OPTFUT,NCO,50.000000,120,False
143463,SILVERM26NOV225750CE,SILVERM,23NOV2026,22575000.000000,1,OPTFUT,NCO,50.000000,120,False
143487,GOLD27JAN146700CE,GOLD,29JAN2027,14670000.000000,1,OPTFUT,NCO,50.000000,10,False
143548,GOLD27JAN147500PE,GOLD,29JAN2027,14750000.000000,1,OPTFUT,NCO,50.000000,10,False
143566,GOLD27JAN148400PE,GOLD,29JAN2027,14840000.000000,1,OPTFUT,NCO,50.000000,10,False
143628,GOLD27JAN149100PE,GOLD,29JAN2027,14910000.000000,1,OPTFUT,NCO,50.000000,10,False
143639,GOLD27JAN149700CE,GOLD,29JAN2027,14970000.000000,1,OPTFUT,NCO,50.000000,10,False
143640,GOLD27JAN149700PE,GOLD,29JAN2027,14970000.000000,1,OPTFUT,NCO,50.000000,10,False
143643,GOLD27JAN149900CE,GOLD,29JAN2027,14990000.000000,1,OPTFUT,NCO,50.000000,10,False
143649,GOLD27JAN150200CE,GOLD,29JAN2027,15020000.000000,1,OPTFUT,NCO,50.000000,10,False
143931,GOLD26SEP143000CE,GOLD,25SEP2026,14300000.000000,1,OPTFUT,NCO,50.000000,10,False
143940,GOLD26SEP143400PE,GOLD,25SEP2026,14340000.000000,1,OPTFUT,NCO,50.000000,10,False
143944,GOLD26SEP143600PE,GOLD,25SEP2026,14360000.000000,1,OPTFUT,NCO,50.000000,10,False
143948,GOLD26SEP143800PE,GOLD,25SEP2026,14380000.000000,1,OPTFUT,NCO,50.000000,10,False
143952,GOLD26SEP144000PE,GOLD,25SEP2026,14400000.000000,1,OPTFUT,NCO,50.000000,10,False
143956,GOLD26SEP144200PE,GOLD,25SEP2026,14420000.000000,1,OPTFUT,NCO,50.000000,10,False
143962,GOLD26SEP144500PE,GOLD,25SEP2026,14450000.000000,1,OPTFUT,NCO,50.000000,10,False
143967,GOLD26SEP144800CE,GOLD,25SEP2026,14480000.000000,1,OPTFUT,NCO,50.000000,10,False
143978,GOLD26OCT143700PE,GOLD,29OCT2026,14370000.000000,1,OPTFUT,NCO,50.000000,10,False
143981,GOLD26OCT143900CE,GOLD,29OCT2026,14390000.000000,1,OPTFUT,NCO,50.000000,10,False
143988,GOLD26OCT144200PE,GOLD,29OCT2026,14420000.000000,1,OPTFUT,NCO,50.000000,10,False
143999,GOLD26OCT144800CE,GOLD,29OCT2026,14480000.000000,1,OPTFUT,NCO,50.000000,10,False
144021,GOLD26NOV144300CE,GOLD,27NOV2026,14430000.000000,1,OPTFUT,NCO,50.000000,10,False
144023,GOLD26NOV144400CE,GOLD,27NOV2026,14440000.000000,1,OPTFUT,NCO,50.000000,10,False
144047,GOLD26NOV145600CE,GOLD,27NOV2026,14560000.000000,1,OPTFUT,NCO,50.000000,10,False
144049,GOLD26NOV145700CE,GOLD,27NOV2026,14570000.000000,1,OPTFUT,NCO,50.000000,10,False
144057,GOLD26NOV146100CE,GOLD,27NOV2026,14610000.000000,1,OPTFUT,NCO,50.000000,10,False
144058,GOLD26NOV146100PE,GOLD,27NOV2026,14610000.000000,1,OPTFUT,NCO,50.000000,10,False
144112,GOLD27JAN150600PE,GOLD,29JAN2027,15060000.000000,1,OPTFUT,NCO,50.000000,10,False
144114,GOLD27JAN150700PE,GOLD,29JAN2027,15070000.000000,1,OPTFUT,NCO,50.000000,10,False
144135,GOLD27JAN151800CE,GOLD,29JAN2027,15180000.000000,1,OPTFUT,NCO,50.000000,10,False
144145,GOLD27JAN152300CE,GOLD,29JAN2027,15230000.000000,1,OPTFUT,NCO,50.000000,10,False
144157,GOLD27JAN152900CE,GOLD,29JAN2027,15290000.000000,1,OPTFUT,NCO,50.000000,10,False
144164,GOLD27JAN153200PE,GOLD,29JAN2027,15320000.000000,1,OPTFUT,NCO,50.000000,10,False
144167,GOLD27JAN153400CE,GOLD,29JAN2027,15340000.000000,1,OPTFUT,NCO,50.000000,10,False
144187,GOLD27FEB143100CE,GOLD,26FEB2027,14310000.000000,1,OPTFUT,NCO,50.000000,10,False
144221,GOLD27FEB143800CE,GOLD,26FEB2027,14380000.000000,1,OPTFUT,NCO,50.000000,10,False
144230,GOLD27FEB144200PE,GOLD,26FEB2027,14420000.000000,1,OPTFUT,NCO,50.000000,10,False
144379,SILVERM26SEP226000CE,SILVERM,23SEP2026,22600000.000000,1,OPTFUT,NCO,50.000000,120,False
144385,SILVERM26SEP226750CE,SILVERM,23SEP2026,22675000.000000,1,OPTFUT,NCO,50.000000,120,False
144387,SILVERM26OCT225250CE,SILVERM,23OCT2026,22525000.000000,1,OPTFUT,NCO,50.000000,120,False
144400,SILVERM26OCT226750PE,SILVERM,23OCT2026,22675000.000000,1,OPTFUT,NCO,50.000000,120,False
144406,SILVERM26OCT227500PE,SILVERM,23OCT2026,22750000.000000,1,OPTFUT,NCO,50.000000,120,False
144413,SILVERM26NOV226750CE,SILVERM,23NOV2026,22675000.000000,1,OPTFUT,NCO,50.000000,120,False
144441,GOLD27FEB144800CE,GOLD,26FEB2027,14480000.000000,1,OPTFUT,NCO,50.000000,10,False
144451,GOLD27FEB145300CE,GOLD,26FEB2027,14530000.000000,1,OPTFUT,NCO,50.000000,10,False
144455,GOLD27FEB145500CE,GOLD,26FEB2027,14550000.000000,1,OPTFUT,NCO,50.000000,10,False
144532,GOLD27FEB146300PE,GOLD,26FEB2027,14630000.000000,1,OPTFUT,NCO,50.000000,10,False
144552,GOLD27FEB147300PE,GOLD,26FEB2027,14730000.000000,1,OPTFUT,NCO,50.000000,10,False
144573,GOLD27FEB148400CE,GOLD,26FEB2027,14840000.000000,1,OPTFUT,NCO,50.000000,10,False
144753,GOLD26SEP146000CE,GOLD,25SEP2026,14600000.000000,1,OPTFUT,NCO,50.000000,10,False
144762,GOLD26SEP146400PE,GOLD,25SEP2026,14640000.000000,1,OPTFUT,NCO,50.000000,10,False
144763,GOLD26SEP146500CE,GOLD,25SEP2026,14650000.000000,1,OPTFUT,NCO,50.000000,10,False
144782,GOLD26OCT146800PE,GOLD,29OCT2026,14680000.000000,1,OPTFUT,NCO,50.000000,10,False
144788,GOLD26OCT147100PE,GOLD,29OCT2026,14710000.000000,1,OPTFUT,NCO,50.000000,10,False
144790,GOLD26OCT147200PE,GOLD,29OCT2026,14720000.000000,1,OPTFUT,NCO,50.000000,10,False
144791,GOLD26OCT147300CE,GOLD,29OCT2026,14730000.000000,1,OPTFUT,NCO,50.000000,10,False
144814,GOLD26NOV147700PE,GOLD,27NOV2026,14770000.000000,1,OPTFUT,NCO,50.000000,10,False
144851,GOLD27FEB148800CE,GOLD,26FEB2027,14880000.000000,1,OPTFUT,NCO,50.000000,10,False
144857,GOLD27FEB149100CE,GOLD,26FEB2027,14910000.000000,1,OPTFUT,NCO,50.000000,10,False
144867,GOLD27FEB149600CE,GOLD,26FEB2027,14960000.000000,1,OPTFUT,NCO,50.000000,10,False
144869,GOLD27FEB149700CE,GOLD,26FEB2027,14970000.000000,1,OPTFUT,NCO,50.000000,10,False
144870,GOLD27FEB149700PE,GOLD,26FEB2027,14970000.000000,1,OPTFUT,NCO,50.000000,10,False
144872,GOLD27FEB149800PE,GOLD,26FEB2027,14980000.000000,1,OPTFUT,NCO,50.000000,10,False
144874,GOLD27FEB149900PE,GOLD,26FEB2027,14990000.000000,1,OPTFUT,NCO,50.000000,10,False
145059,GOLD27FEB152200CE,GOLD,26FEB2027,15220000.000000,1,OPTFUT,NCO,50.000000,10,False
145075,GOLD27FEB153000CE,GOLD,26FEB2027,15300000.000000,1,OPTFUT,NCO,50.000000,10,False
145643,SILVERM26SEP241500CE,SILVERM,23SEP2026,24150000.000000,1,OPTFUT,NCO,50.000000,120,False
145081,GOLD27FEB153300CE,GOLD,26FEB2027,15330000.000000,1,OPTFUT,NCO,50.000000,10,False
145082,GOLD27FEB153300PE,GOLD,26FEB2027,15330000.000000,1,OPTFUT,NCO,50.000000,10,False
145088,GOLD27FEB153600PE,GOLD,26FEB2027,15360000.000000,1,OPTFUT,NCO,50.000000,10,False
145644,SILVERM26SEP241500PE,SILVERM,23SEP2026,24150000.000000,1,OPTFUT,NCO,50.000000,120,False
145653,SILVERM26SEP242750CE,SILVERM,23SEP2026,24275000.000000,1,OPTFUT,NCO,50.000000,120,False
145660,SILVERM26SEP243500PE,SILVERM,23SEP2026,24350000.000000,1,OPTFUT,NCO,50.000000,120,False
145667,SILVERM26SEP244500CE,SILVERM,23SEP2026,24450000.000000,1,OPTFUT,NCO,50.000000,120,False
145692,SILVERM26OCT238750PE,SILVERM,23OCT2026,23875000.000000,1,OPTFUT,NCO,50.000000,120,False
145693,SILVERM26OCT239000CE,SILVERM,23OCT2026,23900000.000000,1,OPTFUT,NCO,50.000000,120,False
145694,SILVERM26OCT239000PE,SILVERM,23OCT2026,23900000.000000,1,OPTFUT,NCO,50.000000,120,False
145695,SILVERM26OCT239250CE,SILVERM,23OCT2026,23925000.000000,1,OPTFUT,NCO,50.000000,120,False
145726,SILVERM26OCT243000PE,SILVERM,23OCT2026,24300000.000000,1,OPTFUT,NCO,50.000000,120,False
145731,SILVERM26OCT243750CE,SILVERM,23OCT2026,24375000.000000,1,OPTFUT,NCO,50.000000,120,False
145747,SILVERM26OCT245750CE,SILVERM,23OCT2026,24575000.000000,1,OPTFUT,NCO,50.000000,120,False
145752,SILVERM26OCT246250PE,SILVERM,23OCT2026,24625000.000000,1,OPTFUT,NCO,50.000000,120,False
145760,SILVERM26NOV238250PE,SILVERM,23NOV2026,23825000.000000,1,OPTFUT,NCO,50.000000,120,False
145772,SILVERM26NOV239750PE,SILVERM,23NOV2026,23975000.000000,1,OPTFUT,NCO,50.000000,120,False
145807,SILVERM26NOV244250CE,SILVERM,23NOV2026,24425000.000000,1,OPTFUT,NCO,50.000000,120,False
145814,SILVERM26NOV245000PE,SILVERM,23NOV2026,24500000.000000,1,OPTFUT,NCO,50.000000,120,False
145820,SILVERM26NOV245750PE,SILVERM,23NOV2026,24575000.000000,1,OPTFUT,NCO,50.000000,120,False
145835,SILVERM26NOV247750CE,SILVERM,23NOV2026,24775000.000000,1,OPTFUT,NCO,50.000000,120,False
145836,SILVERM26NOV247750PE,SILVERM,23NOV2026,24775000.000000,1,OPTFUT,NCO,50.000000,120,False
145837,SILVERM26NOV248000CE,SILVERM,23NOV2026,24800000.000000,1,OPTFUT,NCO,50.000000,120,False
146225,SILVERM26SEP248750CE,SILVERM,23SEP2026,24875000.000000,1,OPTFUT,NCO,50.000000,120,False
146228,SILVERM26SEP249000PE,SILVERM,23SEP2026,24900000.000000,1,OPTFUT,NCO,50.000000,120,False
146232,SILVERM26SEP249500PE,SILVERM,23SEP2026,24950000.000000,1,OPTFUT,NCO,50.000000,120,False
146239,SILVERM26OCT247000CE,SILVERM,23OCT2026,24700000.000000,1,OPTFUT,NCO,50.000000,120,False
146257,SILVERM26OCT249250CE,SILVERM,23OCT2026,24925000.000000,1,OPTFUT,NCO,50.000000,120,False
146268,SILVERM26OCT250500PE,SILVERM,23OCT2026,25050000.000000,1,OPTFUT,NCO,50.000000,120,False
146272,SILVERM26OCT251000PE,SILVERM,23OCT2026,25100000.000000,1,OPTFUT,NCO,50.000000,120,False
146274,SILVERM26OCT251250PE,SILVERM,23OCT2026,25125000.000000,1,OPTFUT,NCO,50.000000,120,False
146276,SILVERM26OCT251500PE,SILVERM,23OCT2026,25150000.000000,1,OPTFUT,NCO,50.000000,120,False
146278,SILVERM26NOV248250PE,SILVERM,23NOV2026,24825000.000000,1,OPTFUT,NCO,50.000000,120,False
146279,SILVERM26NOV248500CE,SILVERM,23NOV2026,24850000.000000,1,OPTFUT,NCO,50.000000,120,False
146289,SILVERM26NOV249750CE,SILVERM,23NOV2026,24975000.000000,1,OPTFUT,NCO,50.000000,120,False
146291,SILVERM26NOV250000CE,SILVERM,23NOV2026,25000000.000000,1,OPTFUT,NCO,50.000000,120,False
146301,SILVERM26NOV251250CE,SILVERM,23NOV2026,25125000.000000,1,OPTFUT,NCO,50.000000,120,False
146306,SILVERM26NOV251750PE,SILVERM,23NOV2026,25175000.000000,1,OPTFUT,NCO,50.000000,120,False
146309,SILVERM26NOV252250CE,SILVERM,23NOV2026,25225000.000000,1,OPTFUT,NCO,50.000000,120,False
146314,SILVERM26NOV252750PE,SILVERM,23NOV2026,25275000.000000,1,OPTFUT,NCO,50.000000,120,False
146411,SILVERM26SEP258750CE,SILVERM,23SEP2026,25875000.000000,1,OPTFUT,NCO,50.000000,120,False
146422,SILVERM26OCT257500PE,SILVERM,23OCT2026,25750000.000000,1,OPTFUT,NCO,50.000000,120,False
146438,SILVERM26OCT259500PE,SILVERM,23OCT2026,25950000.000000,1,OPTFUT,NCO,50.000000,120,False
146481,SILVERM26DEC260500CE,SILVERM,23DEC2026,26050000.000000,1,OPTFUT,NCO,50.000000,120,False
146483,SILVERM26DEC260750CE,SILVERM,23DEC2026,26075000.000000,1,OPTFUT,NCO,50.000000,120,False
146939,SILVERM26SEP259750CE,SILVERM,23SEP2026,25975000.000000,1,OPTFUT,NCO,50.000000,120,False
146944,SILVERM26SEP260250PE,SILVERM,23SEP2026,26025000.000000,1,OPTFUT,NCO,50.000000,120,False
146945,SILVERM26SEP260500CE,SILVERM,23SEP2026,26050000.000000,1,OPTFUT,NCO,50.000000,120,False
146949,SILVERM26SEP261000CE,SILVERM,23SEP2026,26100000.000000,1,OPTFUT,NCO,50.000000,120,False
146950,SILVERM26SEP261000PE,SILVERM,23SEP2026,26100000.000000,1,OPTFUT,NCO,50.000000,120,False
146966,SILVERM26SEP263000PE,SILVERM,23SEP2026,26300000.000000,1,OPTFUT,NCO,50.000000,120,False
146985,SILVERM26OCT262000CE,SILVERM,23OCT2026,26200000.000000,1,OPTFUT,NCO,50.000000,120,False
146993,SILVERM26OCT263000CE,SILVERM,23OCT2026,26300000.000000,1,OPTFUT,NCO,50.000000,120,False
147007,SILVERM26OCT264750CE,SILVERM,23OCT2026,26475000.000000,1,OPTFUT,NCO,50.000000,120,False
147024,SILVERM26NOV263000PE,SILVERM,23NOV2026,26300000.000000,1,OPTFUT,NCO,50.000000,120,False
147026,SILVERM26NOV263250PE,SILVERM,23NOV2026,26325000.000000,1,OPTFUT,NCO,50.000000,120,False
147032,SILVERM26NOV264000PE,SILVERM,23NOV2026,26400000.000000,1,OPTFUT,NCO,50.000000,120,False
147033,SILVERM26NOV264250CE,SILVERM,23NOV2026,26425000.000000,1,OPTFUT,NCO,50.000000,120,False
147039,SILVERM26NOV265000CE,SILVERM,23NOV2026,26500000.000000,1,OPTFUT,NCO,50.000000,120,False
147056,SILVERM26DEC263250PE,SILVERM,23DEC2026,26325000.000000,1,OPTFUT,NCO,50.000000,120,False
147064,SILVERM26DEC264250PE,SILVERM,23DEC2026,26425000.000000,1,OPTFUT,NCO,50.000000,120,False
147067,SILVERM26DEC264750CE,SILVERM,23DEC2026,26475000.000000,1,OPTFUT,NCO,50.000000,120,False
147076,SILVERM26DEC265750PE,SILVERM,23DEC2026,26575000.000000,1,OPTFUT,NCO,50.000000,120,False
147084,SILVERM26DEC266750PE,SILVERM,23DEC2026,26675000.000000,1,OPTFUT,NCO,50.000000,120,False
147086,SILVERM26DEC267000PE,SILVERM,23DEC2026,26700000.000000,1,OPTFUT,NCO,50.000000,120,False
147088,SILVERM26DEC267250PE,SILVERM,23DEC2026,26725000.000000,1,OPTFUT,NCO,50.000000,120,False
147479,GOLD26SEP146700CE,GOLD,25SEP2026,14670000.000000,1,OPTFUT,NCO,50.000000,10,False
147486,GOLD26SEP147000PE,GOLD,25SEP2026,14700000.000000,1,OPTFUT,NCO,50.000000,10,False
147495,GOLD26SEP147500CE,GOLD,25SEP2026,14750000.000000,1,OPTFUT,NCO,50.000000,10,False
147498,GOLD26SEP147600PE,GOLD,25SEP2026,14760000.000000,1,OPTFUT,NCO,50.000000,10,False
147504,GOLD26SEP147900PE,GOLD,25SEP2026,14790000.000000,1,OPTFUT,NCO,50.000000,10,False
147507,GOLD26SEP148100CE,GOLD,25SEP2026,14810000.000000,1,OPTFUT,NCO,50.000000,10,False
147524,GOLD26OCT147700PE,GOLD,29OCT2026,14770000.000000,1,OPTFUT,NCO,50.000000,10,False
147542,GOLD26OCT148600PE,GOLD,29OCT2026,14860000.000000,1,OPTFUT,NCO,50.000000,10,False
147546,GOLD26OCT148800PE,GOLD,29OCT2026,14880000.000000,1,OPTFUT,NCO,50.000000,10,False
147547,GOLD26OCT148900CE,GOLD,29OCT2026,14890000.000000,1,OPTFUT,NCO,50.000000,10,False
147569,GOLD26NOV148800CE,GOLD,27NOV2026,14880000.000000,1,OPTFUT,NCO,50.000000,10,False
147573,GOLD26NOV149000CE,GOLD,27NOV2026,14900000.000000,1,OPTFUT,NCO,50.000000,10,False
147575,GOLD26NOV149100CE,GOLD,27NOV2026,14910000.000000,1,OPTFUT,NCO,50.000000,10,False
147581,GOLD26NOV149400CE,GOLD,27NOV2026,14940000.000000,1,OPTFUT,NCO,50.000000,10,False
147584,GOLD26NOV149500PE,GOLD,27NOV2026,14950000.000000,1,OPTFUT,NCO,50.000000,10,False
147600,GOLD26DEC147900PE,GOLD,29DEC2026,14790000.000000,1,OPTFUT,NCO,50.000000,10,False
147606,GOLD26DEC148200PE,GOLD,29DEC2026,14820000.000000,1,OPTFUT,NCO,50.000000,10,False
147608,GOLD26DEC148300PE,GOLD,29DEC2026,14830000.000000,1,OPTFUT,NCO,50.000000,10,False
147613,GOLD26DEC148600CE,GOLD,29DEC2026,14860000.000000,1,OPTFUT,NCO,50.000000,10,False
147620,GOLD26DEC148900PE,GOLD,29DEC2026,14890000.000000,1,OPTFUT,NCO,50.000000,10,False
147627,GOLD26DEC149300CE,GOLD,29DEC2026,14930000.000000,1,OPTFUT,NCO,50.000000,10,False
147654,GOLD26DEC150600PE,GOLD,29DEC2026,15060000.000000,1,OPTFUT,NCO,50.000000,10,False
147826,GOLD26SEP164100PE,GOLD,25SEP2026,16410000.000000,1,OPTFUT,NCO,50.000000,10,False
147828,GOLD26SEP164200PE,GOLD,25SEP2026,16420000.000000,1,OPTFUT,NCO,50.000000,10,False
147869,SILVERM26DEC216500CE,SILVERM,23DEC2026,21650000.000000,1,OPTFUT,NCO,50.000000,120,False
147879,SILVERM26DEC217750CE,SILVERM,23DEC2026,21775000.000000,1,OPTFUT,NCO,50.000000,120,False
147881,SILVERM26DEC218000CE,SILVERM,23DEC2026,21800000.000000,1,OPTFUT,NCO,50.000000,120,False
147883,SILVERM26DEC218250CE,SILVERM,23DEC2026,21825000.000000,1,OPTFUT,NCO,50.000000,120,False
147887,SILVERM26DEC218750CE,SILVERM,23DEC2026,21875000.000000,1,OPTFUT,NCO,50.000000,120,False
147902,SILVERM26DEC220500PE,SILVERM,23DEC2026,22050000.000000,1,OPTFUT,NCO,50.000000,120,False
147918,SILVERM26DEC222500PE,SILVERM,23DEC2026,22250000.000000,1,OPTFUT,NCO,50.000000,120,False
147920,SILVERM26DEC222750PE,SILVERM,23DEC2026,22275000.000000,1,OPTFUT,NCO,50.000000,120,False
147926,SILVERM26DEC223500PE,SILVERM,23DEC2026,22350000.000000,1,OPTFUT,NCO,50.000000,120,False
147928,SILVERM26DEC223750PE,SILVERM,23DEC2026,22375000.000000,1,OPTFUT,NCO,50.000000,120,False
147930,SILVERM26DEC224000PE,SILVERM,23DEC2026,22400000.000000,1,OPTFUT,NCO,50.000000,120,False
148422,SILVERM26SEP264250PE,SILVERM,23SEP2026,26425000.000000,1,OPTFUT,NCO,50.000000,120,False
148428,SILVERM26SEP265000PE,SILVERM,23SEP2026,26500000.000000,1,OPTFUT,NCO,50.000000,120,False
148448,SILVERM26SEP267500PE,SILVERM,23SEP2026,26750000.000000,1,OPTFUT,NCO,50.000000,120,False
148454,SILVERM26SEP268250PE,SILVERM,23SEP2026,26825000.000000,1,OPTFUT,NCO,50.000000,120,False
148455,SILVERM26SEP268500CE,SILVERM,23SEP2026,26850000.000000,1,OPTFUT,NCO,50.000000,120,False
148467,SILVERM26SEP270000CE,SILVERM,23SEP2026,27000000.000000,1,OPTFUT,NCO,50.000000,120,False
148495,SILVERM26SEP273500CE,SILVERM,23SEP2026,27350000.000000,1,OPTFUT,NCO,50.000000,120,False
148496,SILVERM26SEP273500PE,SILVERM,23SEP2026,27350000.000000,1,OPTFUT,NCO,50.000000,120,False
148501,SILVERM26OCT265750CE,SILVERM,23OCT2026,26575000.000000,1,OPTFUT,NCO,50.000000,120,False
148506,SILVERM26OCT266250PE,SILVERM,23OCT2026,26625000.000000,1,OPTFUT,NCO,50.000000,120,False
148519,SILVERM26OCT268000CE,SILVERM,23OCT2026,26800000.000000,1,OPTFUT,NCO,50.000000,120,False
148530,SILVERM26OCT269250PE,SILVERM,23OCT2026,26925000.000000,1,OPTFUT,NCO,50.000000,120,False
148549,SILVERM26OCT271750CE,SILVERM,23OCT2026,27175000.000000,1,OPTFUT,NCO,50.000000,120,False
148551,SILVERM26OCT272000CE,SILVERM,23OCT2026,27200000.000000,1,OPTFUT,NCO,50.000000,120,False
148566,SILVERM26OCT273750PE,SILVERM,23OCT2026,27375000.000000,1,OPTFUT,NCO,50.000000,120,False
148587,SILVERM26NOV267750CE,SILVERM,23NOV2026,26775000.000000,1,OPTFUT,NCO,50.000000,120,False
148590,SILVERM26NOV268000PE,SILVERM,23NOV2026,26800000.000000,1,OPTFUT,NCO,50.000000,120,False
148592,SILVERM26NOV268250PE,SILVERM,23NOV2026,26825000.000000,1,OPTFUT,NCO,50.000000,120,False
148594,SILVERM26NOV268500PE,SILVERM,23NOV2026,26850000.000000,1,OPTFUT,NCO,50.000000,120,False
148596,SILVERM26NOV268750PE,SILVERM,23NOV2026,26875000.000000,1,OPTFUT,NCO,50.000000,120,False
148600,SILVERM26NOV269250PE,SILVERM,23NOV2026,26925000.000000,1,OPTFUT,NCO,50.000000,120,False
148621,SILVERM26NOV272000CE,SILVERM,23NOV2026,27200000.000000,1,OPTFUT,NCO,50.000000,120,False
148630,SILVERM26NOV273000PE,SILVERM,23NOV2026,27300000.000000,1,OPTFUT,NCO,50.000000,120,False
148652,SILVERM26NOV275750PE,SILVERM,23NOV2026,27575000.000000,1,OPTFUT,NCO,50.000000,120,False
148662,SILVERM26DEC268250PE,SILVERM,23DEC2026,26825000.000000,1,OPTFUT,NCO,50.000000,120,False
148665,SILVERM26DEC268750CE,SILVERM,23DEC2026,26875000.000000,1,OPTFUT,NCO,50.000000,120,False
148674,SILVERM26DEC269750PE,SILVERM,23DEC2026,26975000.000000,1,OPTFUT,NCO,50.000000,120,False
148682,SILVERM26DEC270750PE,SILVERM,23DEC2026,27075000.000000,1,OPTFUT,NCO,50.000000,120,False
148686,SILVERM26DEC271250PE,SILVERM,23DEC2026,27125000.000000,1,OPTFUT,NCO,50.000000,120,False
148687,SILVERM26DEC271500CE,SILVERM,23DEC2026,27150000.000000,1,OPTFUT,NCO,50.000000,120,False
148689,SILVERM26DEC271750CE,SILVERM,23DEC2026,27175000.000000,1,OPTFUT,NCO,50.000000,120,False
148698,SILVERM26DEC272750PE,SILVERM,23DEC2026,27275000.000000,1,OPTFUT,NCO,50.000000,120,False
148703,SILVERM26DEC273500CE,SILVERM,23DEC2026,27350000.000000,1,OPTFUT,NCO,50.000000,120,False
148705,SILVERM26DEC273750CE,SILVERM,23DEC2026,27375000.000000,1,OPTFUT,NCO,50.000000,120,False
148710,SILVERM26DEC274250PE,SILVERM,23DEC2026,27425000.000000,1,OPTFUT,NCO,50.000000,120,False
148736,SILVERM26DEC277500PE,SILVERM,23DEC2026,27750000.000000,1,OPTFUT,NCO,50.000000,120,False
148722,SILVERM26DEC275750PE,SILVERM,23DEC2026,27575000.000000,1,OPTFUT,NCO,50.000000,120,False
148728,SILVERM26DEC276500PE,SILVERM,23DEC2026,27650000.000000,1,OPTFUT,NCO,50.000000,120,False
148758,SILVERM26DEC228500PE,SILVERM,23DEC2026,22850000.000000,1,OPTFUT,NCO,50.000000,120,False
148740,SILVERM26DEC226250PE,SILVERM,23DEC2026,22625000.000000,1,OPTFUT,NCO,50.000000,120,False
148751,SILVERM26DEC227750CE,SILVERM,23DEC2026,22775000.000000,1,OPTFUT,NCO,50.000000,120,False
148756,SILVERM26DEC228250PE,SILVERM,23DEC2026,22825000.000000,1,OPTFUT,NCO,50.000000,120,False
148768,SILVERM26DEC229750PE,SILVERM,23DEC2026,22975000.000000,1,OPTFUT,NCO,50.000000,120,False
148779,SILVERM26DEC231250CE,SILVERM,23DEC2026,23125000.000000,1,OPTFUT,NCO,50.000000,120,False
148851,GOLD26SEP166500CE,GOLD,25SEP2026,16650000.000000,1,OPTFUT,NCO,50.000000,10,False
148865,GOLD26SEP167200CE,GOLD,25SEP2026,16720000.000000,1,OPTFUT,NCO,50.000000,10,False
148867,GOLD26SEP167300CE,GOLD,25SEP2026,16730000.000000,1,OPTFUT,NCO,50.000000,10,False
148871,GOLD26SEP167500CE,GOLD,25SEP2026,16750000.000000,1,OPTFUT,NCO,50.000000,10,False
148877,GOLD26SEP167800CE,GOLD,25SEP2026,16780000.000000,1,OPTFUT,NCO,50.000000,10,False
148880,GOLD26SEP167900PE,GOLD,25SEP2026,16790000.000000,1,OPTFUT,NCO,50.000000,10,False
148897,SILVERM26DEC233500CE,SILVERM,23DEC2026,23350000.000000,1,OPTFUT,NCO,50.000000,120,False
148907,SILVERM26DEC234750CE,SILVERM,23DEC2026,23475000.000000,1,OPTFUT,NCO,50.000000,120,False
148943,SILVERM27JAN216750CE,SILVERM,21JAN2027,21675000.000000,1,OPTFUT,NCO,50.000000,120,False
149249,SILVERM26SEP274500CE,SILVERM,23SEP2026,27450000.000000,1,OPTFUT,NCO,50.000000,120,False
149271,SILVERM26SEP277250CE,SILVERM,23SEP2026,27725000.000000,1,OPTFUT,NCO,50.000000,120,False
149285,SILVERM26SEP279000CE,SILVERM,23SEP2026,27900000.000000,1,OPTFUT,NCO,50.000000,120,False
149291,SILVERM26SEP279750CE,SILVERM,23SEP2026,27975000.000000,1,OPTFUT,NCO,50.000000,120,False
149295,SILVERM26OCT275250CE,SILVERM,23OCT2026,27525000.000000,1,OPTFUT,NCO,50.000000,120,False
149300,SILVERM26OCT275750PE,SILVERM,23OCT2026,27575000.000000,1,OPTFUT,NCO,50.000000,120,False
149312,SILVERM26OCT277250PE,SILVERM,23OCT2026,27725000.000000,1,OPTFUT,NCO,50.000000,120,False
149316,SILVERM26OCT277750PE,SILVERM,23OCT2026,27775000.000000,1,OPTFUT,NCO,50.000000,120,False
149318,SILVERM26OCT278000PE,SILVERM,23OCT2026,27800000.000000,1,OPTFUT,NCO,50.000000,120,False
149325,SILVERM26OCT279000CE,SILVERM,23OCT2026,27900000.000000,1,OPTFUT,NCO,50.000000,120,False
149327,SILVERM26OCT279250CE,SILVERM,23OCT2026,27925000.000000,1,OPTFUT,NCO,50.000000,120,False
149339,SILVERM26OCT280750CE,SILVERM,23OCT2026,28075000.000000,1,OPTFUT,NCO,50.000000,120,False
149342,SILVERM26OCT281000PE,SILVERM,23OCT2026,28100000.000000,1,OPTFUT,NCO,50.000000,120,False
149345,SILVERM26NOV276500CE,SILVERM,23NOV2026,27650000.000000,1,OPTFUT,NCO,50.000000,120,False
149356,SILVERM26NOV277750PE,SILVERM,23NOV2026,27775000.000000,1,OPTFUT,NCO,50.000000,120,False
149358,SILVERM26NOV278000PE,SILVERM,23NOV2026,27800000.000000,1,OPTFUT,NCO,50.000000,120,False
149360,SILVERM26NOV278250PE,SILVERM,23NOV2026,27825000.000000,1,OPTFUT,NCO,50.000000,120,False
149362,SILVERM26NOV278500PE,SILVERM,23NOV2026,27850000.000000,1,OPTFUT,NCO,50.000000,120,False
149377,SILVERM26NOV280500CE,SILVERM,23NOV2026,28050000.000000,1,OPTFUT,NCO,50.000000,120,False
149382,SILVERM26NOV281000PE,SILVERM,23NOV2026,28100000.000000,1,OPTFUT,NCO,50.000000,120,False
149392,SILVERM26NOV282250PE,SILVERM,23NOV2026,28225000.000000,1,OPTFUT,NCO,50.000000,120,False
149397,SILVERM26DEC278000CE,SILVERM,23DEC2026,27800000.000000,1,OPTFUT,NCO,50.000000,120,False
149403,SILVERM26DEC278750CE,SILVERM,23DEC2026,27875000.000000,1,OPTFUT,NCO,50.000000,120,False
149408,SILVERM26DEC279250PE,SILVERM,23DEC2026,27925000.000000,1,OPTFUT,NCO,50.000000,120,False
149412,SILVERM26DEC279750PE,SILVERM,23DEC2026,27975000.000000,1,OPTFUT,NCO,50.000000,120,False
149413,SILVERM26DEC280000CE,SILVERM,23DEC2026,28000000.000000,1,OPTFUT,NCO,50.000000,120,False
149419,SILVERM26DEC280750CE,SILVERM,23DEC2026,28075000.000000,1,OPTFUT,NCO,50.000000,120,False
149420,SILVERM26DEC280750PE,SILVERM,23DEC2026,28075000.000000,1,OPTFUT,NCO,50.000000,120,False
149422,SILVERM26DEC281000PE,SILVERM,23DEC2026,28100000.000000,1,OPTFUT,NCO,50.000000,120,False
149434,SILVERM26DEC282500PE,SILVERM,23DEC2026,28250000.000000,1,OPTFUT,NCO,50.000000,120,False
149439,SILVERM26DEC283250CE,SILVERM,23DEC2026,28325000.000000,1,OPTFUT,NCO,50.000000,120,False
149440,SILVERM26DEC283250PE,SILVERM,23DEC2026,28325000.000000,1,OPTFUT,NCO,50.000000,120,False
149488,SILVERM27JAN219750PE,SILVERM,21JAN2027,21975000.000000,1,OPTFUT,NCO,50.000000,120,False
149502,SILVERM27JAN221500PE,SILVERM,21JAN2027,22150000.000000,1,OPTFUT,NCO,50.000000,120,False
149524,SILVERM27JAN224250PE,SILVERM,21JAN2027,22425000.000000,1,OPTFUT,NCO,50.000000,120,False
149531,SILVERM27JAN225250CE,SILVERM,21JAN2027,22525000.000000,1,OPTFUT,NCO,50.000000,120,False
149536,SILVERM27JAN225750PE,SILVERM,21JAN2027,22575000.000000,1,OPTFUT,NCO,50.000000,120,False
149550,SILVERM27JAN227500PE,SILVERM,21JAN2027,22750000.000000,1,OPTFUT,NCO,50.000000,120,False
149555,SILVERM27JAN228250CE,SILVERM,21JAN2027,22825000.000000,1,OPTFUT,NCO,50.000000,120,False
149557,SILVERM27JAN228500CE,SILVERM,21JAN2027,22850000.000000,1,OPTFUT,NCO,50.000000,120,False
149562,SILVERM27JAN229000PE,SILVERM,21JAN2027,22900000.000000,1,OPTFUT,NCO,50.000000,120,False
149573,SILVERM27JAN230500CE,SILVERM,21JAN2027,23050000.000000,1,OPTFUT,NCO,50.000000,120,False
149584,SILVERM27JAN231750PE,SILVERM,21JAN2027,23175000.000000,1,OPTFUT,NCO,50.000000,120,False
149590,SILVERM27JAN232500PE,SILVERM,21JAN2027,23250000.000000,1,OPTFUT,NCO,50.000000,120,False
149592,SILVERM27JAN232750PE,SILVERM,21JAN2027,23275000.000000,1,OPTFUT,NCO,50.000000,120,False
149595,SILVERM27JAN233250CE,SILVERM,21JAN2027,23325000.000000,1,OPTFUT,NCO,50.000000,120,False
149619,SILVERM27JAN236250CE,SILVERM,21JAN2027,23625000.000000,1,OPTFUT,NCO,50.000000,120,False
149620,SILVERM27JAN236250PE,SILVERM,21JAN2027,23625000.000000,1,OPTFUT,NCO,50.000000,120,False
149629,SILVERM27JAN237500CE,SILVERM,21JAN2027,23750000.000000,1,OPTFUT,NCO,50.000000,120,False
149631,SILVERM27JAN237750CE,SILVERM,21JAN2027,23775000.000000,1,OPTFUT,NCO,50.000000,120,False
149637,SILVERM27JAN238500CE,SILVERM,21JAN2027,23850000.000000,1,OPTFUT,NCO,50.000000,120,False
149641,SILVERM27FEB214750CE,SILVERM,19FEB2027,21475000.000000,1,OPTFUT,NCO,50.000000,120,False
149644,SILVERM27FEB215000PE,SILVERM,19FEB2027,21500000.000000,1,OPTFUT,NCO,50.000000,120,False
149921,SILVERM27FEB216000CE,SILVERM,19FEB2027,21600000.000000,1,OPTFUT,NCO,50.000000,120,False
149938,SILVERM27FEB218000PE,SILVERM,19FEB2027,21800000.000000,1,OPTFUT,NCO,50.000000,120,False
149941,SILVERM27FEB218500CE,SILVERM,19FEB2027,21850000.000000,1,OPTFUT,NCO,50.000000,120,False
149942,SILVERM27FEB218500PE,SILVERM,19FEB2027,21850000.000000,1,OPTFUT,NCO,50.000000,120,False
149966,SILVERM27FEB221500PE,SILVERM,19FEB2027,22150000.000000,1,OPTFUT,NCO,50.000000,120,False
150140,GOLD26SEP148700PE,GOLD,25SEP2026,14870000.000000,1,OPTFUT,NCO,50.000000,10,False
150141,GOLD26SEP148800CE,GOLD,25SEP2026,14880000.000000,1,OPTFUT,NCO,50.000000,10,False
150178,GOLD26OCT149900PE,GOLD,29OCT2026,14990000.000000,1,OPTFUT,NCO,50.000000,10,False
150185,GOLD26OCT150300CE,GOLD,29OCT2026,15030000.000000,1,OPTFUT,NCO,50.000000,10,False
150215,GOLD26NOV151000CE,GOLD,27NOV2026,15100000.000000,1,OPTFUT,NCO,50.000000,10,False
150216,GOLD26NOV151000PE,GOLD,27NOV2026,15100000.000000,1,OPTFUT,NCO,50.000000,10,False
150227,GOLD26DEC150900CE,GOLD,29DEC2026,15090000.000000,1,OPTFUT,NCO,50.000000,10,False
150237,GOLD26DEC151400CE,GOLD,29DEC2026,15140000.000000,1,OPTFUT,NCO,50.000000,10,False
150238,GOLD26DEC151400PE,GOLD,29DEC2026,15140000.000000,1,OPTFUT,NCO,50.000000,10,False
150246,GOLD26DEC151800PE,GOLD,29DEC2026,15180000.000000,1,OPTFUT,NCO,50.000000,10,False
150254,GOLD26DEC152200PE,GOLD,29DEC2026,15220000.000000,1,OPTFUT,NCO,50.000000,10,False
150257,SILVERM27FEB222250CE,SILVERM,19FEB2027,22225000.000000,1,OPTFUT,NCO,50.000000,120,False
150258,SILVERM27FEB222250PE,SILVERM,19FEB2027,22225000.000000,1,OPTFUT,NCO,50.000000,120,False
150266,SILVERM27FEB223250PE,SILVERM,19FEB2027,22325000.000000,1,OPTFUT,NCO,50.000000,120,False
150286,SILVERM27FEB225750PE,SILVERM,19FEB2027,22575000.000000,1,OPTFUT,NCO,50.000000,120,False
150339,GOLD26OCT165300CE,GOLD,29OCT2026,16530000.000000,1,OPTFUT,NCO,50.000000,10,False
150342,GOLD26OCT165400PE,GOLD,29OCT2026,16540000.000000,1,OPTFUT,NCO,50.000000,10,False
150347,GOLD26OCT165700CE,GOLD,29OCT2026,16570000.000000,1,OPTFUT,NCO,50.000000,10,False
150351,GOLD26OCT165900CE,GOLD,29OCT2026,16590000.000000,1,OPTFUT,NCO,50.000000,10,False
150356,GOLD26OCT166100PE,GOLD,29OCT2026,16610000.000000,1,OPTFUT,NCO,50.000000,10,False
150360,GOLD26OCT166300PE,GOLD,29OCT2026,16630000.000000,1,OPTFUT,NCO,50.000000,10,False
150363,GOLD26OCT166500CE,GOLD,29OCT2026,16650000.000000,1,OPTFUT,NCO,50.000000,10,False
150368,GOLD26OCT166700PE,GOLD,29OCT2026,16670000.000000,1,OPTFUT,NCO,50.000000,10,False
150397,GOLD26OCT168200CE,GOLD,29OCT2026,16820000.000000,1,OPTFUT,NCO,50.000000,10,False
150400,GOLD26OCT168300PE,GOLD,29OCT2026,16830000.000000,1,OPTFUT,NCO,50.000000,10,False
150411,GOLD26OCT168900CE,GOLD,29OCT2026,16890000.000000,1,OPTFUT,NCO,50.000000,10,False
150424,GOLD26NOV165600PE,GOLD,27NOV2026,16560000.000000,1,OPTFUT,NCO,50.000000,10,False
150441,GOLD26NOV166500CE,GOLD,27NOV2026,16650000.000000,1,OPTFUT,NCO,50.000000,10,False
150476,GOLD26NOV168200PE,GOLD,27NOV2026,16820000.000000,1,OPTFUT,NCO,50.000000,10,False
150495,GOLD26NOV169200CE,GOLD,27NOV2026,16920000.000000,1,OPTFUT,NCO,50.000000,10,False
150501,GOLD26NOV169500CE,GOLD,27NOV2026,16950000.000000,1,OPTFUT,NCO,50.000000,10,False
150504,GOLD26NOV169600PE,GOLD,27NOV2026,16960000.000000,1,OPTFUT,NCO,50.000000,10,False
150509,SILVERM27FEB229250CE,SILVERM,19FEB2027,22925000.000000,1,OPTFUT,NCO,50.000000,120,False
150515,SILVERM27FEB230000CE,SILVERM,19FEB2027,23000000.000000,1,OPTFUT,NCO,50.000000,120,False
150525,SILVERM27FEB231250CE,SILVERM,19FEB2027,23125000.000000,1,OPTFUT,NCO,50.000000,120,False
150528,SILVERM27FEB231500PE,SILVERM,19FEB2027,23150000.000000,1,OPTFUT,NCO,50.000000,120,False
150529,SILVERM27FEB231750CE,SILVERM,19FEB2027,23175000.000000,1,OPTFUT,NCO,50.000000,120,False
150535,SILVERM27FEB232500CE,SILVERM,19FEB2027,23250000.000000,1,OPTFUT,NCO,50.000000,120,False
150537,SILVERM27FEB232750CE,SILVERM,19FEB2027,23275000.000000,1,OPTFUT,NCO,50.000000,120,False
150539,SILVERM27FEB233000CE,SILVERM,19FEB2027,23300000.000000,1,OPTFUT,NCO,50.000000,120,False
150541,SILVERM27FEB233250CE,SILVERM,19FEB2027,23325000.000000,1,OPTFUT,NCO,50.000000,120,False
150545,SILVERM27FEB233750CE,SILVERM,19FEB2027,23375000.000000,1,OPTFUT,NCO,50.000000,120,False
150557,SILVERM27FEB235250CE,SILVERM,19FEB2027,23525000.000000,1,OPTFUT,NCO,50.000000,120,False
150580,SILVERM27FEB238000PE,SILVERM,19FEB2027,23800000.000000,1,OPTFUT,NCO,50.000000,120,False
150587,SILVERM27FEB239000CE,SILVERM,19FEB2027,23900000.000000,1,OPTFUT,NCO,50.000000,120,False
150595,SILVERM27FEB240000CE,SILVERM,19FEB2027,24000000.000000,1,OPTFUT,NCO,50.000000,120,False
151723,SILVERM26SEP281500CE,SILVERM,23SEP2026,28150000.000000,1,OPTFUT,NCO,50.000000,120,False
151729,SILVERM26SEP282250CE,SILVERM,23SEP2026,28225000.000000,1,OPTFUT,NCO,50.000000,120,False
151730,SILVERM26SEP282250PE,SILVERM,23SEP2026,28225000.000000,1,OPTFUT,NCO,50.000000,120,False
151741,SILVERM26SEP283750CE,SILVERM,23SEP2026,28375000.000000,1,OPTFUT,NCO,50.000000,120,False
151746,SILVERM26SEP284250PE,SILVERM,23SEP2026,28425000.000000,1,OPTFUT,NCO,50.000000,120,False
151747,SILVERM26SEP284500CE,SILVERM,23SEP2026,28450000.000000,1,OPTFUT,NCO,50.000000,120,False
151760,SILVERM26SEP286000PE,SILVERM,23SEP2026,28600000.000000,1,OPTFUT,NCO,50.000000,120,False
151765,SILVERM26SEP286750CE,SILVERM,23SEP2026,28675000.000000,1,OPTFUT,NCO,50.000000,120,False
151775,SILVERM26SEP288000CE,SILVERM,23SEP2026,28800000.000000,1,OPTFUT,NCO,50.000000,120,False
151778,SILVERM26SEP288250PE,SILVERM,23SEP2026,28825000.000000,1,OPTFUT,NCO,50.000000,120,False
151795,SILVERM26SEP290500CE,SILVERM,23SEP2026,29050000.000000,1,OPTFUT,NCO,50.000000,120,False
151807,SILVERM26SEP292000CE,SILVERM,23SEP2026,29200000.000000,1,OPTFUT,NCO,50.000000,120,False
151818,SILVERM26SEP293250PE,SILVERM,23SEP2026,29325000.000000,1,OPTFUT,NCO,50.000000,120,False
151823,SILVERM26SEP294000CE,SILVERM,23SEP2026,29400000.000000,1,OPTFUT,NCO,50.000000,120,False
151838,SILVERM26SEP295750PE,SILVERM,23SEP2026,29575000.000000,1,OPTFUT,NCO,50.000000,120,False
151841,SILVERM26SEP296250CE,SILVERM,23SEP2026,29625000.000000,1,OPTFUT,NCO,50.000000,120,False
151848,SILVERM26SEP297000PE,SILVERM,23SEP2026,29700000.000000,1,OPTFUT,NCO,50.000000,120,False
151854,SILVERM26SEP297750PE,SILVERM,23SEP2026,29775000.000000,1,OPTFUT,NCO,50.000000,120,False
151884,SILVERM26SEP301500PE,SILVERM,23SEP2026,30150000.000000,1,OPTFUT,NCO,50.000000,120,False
151885,SILVERM26SEP301750CE,SILVERM,23SEP2026,30175000.000000,1,OPTFUT,NCO,50.000000,120,False
151890,SILVERM26OCT281750PE,SILVERM,23OCT2026,28175000.000000,1,OPTFUT,NCO,50.000000,120,False
151900,SILVERM26OCT283000PE,SILVERM,23OCT2026,28300000.000000,1,OPTFUT,NCO,50.000000,120,False
151902,SILVERM26OCT283250PE,SILVERM,23OCT2026,28325000.000000,1,OPTFUT,NCO,50.000000,120,False
151904,SILVERM26OCT283500PE,SILVERM,23OCT2026,28350000.000000,1,OPTFUT,NCO,50.000000,120,False
151906,SILVERM26OCT283750PE,SILVERM,23OCT2026,28375000.000000,1,OPTFUT,NCO,50.000000,120,False
151910,SILVERM26OCT284250PE,SILVERM,23OCT2026,28425000.000000,1,OPTFUT,NCO,50.000000,120,False
151918,SILVERM26OCT285250PE,SILVERM,23OCT2026,28525000.000000,1,OPTFUT,NCO,50.000000,120,False
151925,SILVERM26OCT286250CE,SILVERM,23OCT2026,28625000.000000,1,OPTFUT,NCO,50.000000,120,False
151934,SILVERM26OCT287250PE,SILVERM,23OCT2026,28725000.000000,1,OPTFUT,NCO,50.000000,120,False
151945,SILVERM26OCT288750CE,SILVERM,23OCT2026,28875000.000000,1,OPTFUT,NCO,50.000000,120,False
151955,SILVERM26OCT290000CE,SILVERM,23OCT2026,29000000.000000,1,OPTFUT,NCO,50.000000,120,False
151960,SILVERM26OCT290500PE,SILVERM,23OCT2026,29050000.000000,1,OPTFUT,NCO,50.000000,120,False
151969,SILVERM26OCT291750CE,SILVERM,23OCT2026,29175000.000000,1,OPTFUT,NCO,50.000000,120,False
151983,SILVERM26OCT293500CE,SILVERM,23OCT2026,29350000.000000,1,OPTFUT,NCO,50.000000,120,False
151987,SILVERM26OCT294000CE,SILVERM,23OCT2026,29400000.000000,1,OPTFUT,NCO,50.000000,120,False
151991,SILVERM26OCT294500CE,SILVERM,23OCT2026,29450000.000000,1,OPTFUT,NCO,50.000000,120,False
151993,SILVERM26OCT294750CE,SILVERM,23OCT2026,29475000.000000,1,OPTFUT,NCO,50.000000,120,False
152007,SILVERM26OCT296500CE,SILVERM,23OCT2026,29650000.000000,1,OPTFUT,NCO,50.000000,120,False
152010,SILVERM26OCT296750PE,SILVERM,23OCT2026,29675000.000000,1,OPTFUT,NCO,50.000000,120,False
152024,SILVERM26OCT298500PE,SILVERM,23OCT2026,29850000.000000,1,OPTFUT,NCO,50.000000,120,False
152029,SILVERM26OCT299250CE,SILVERM,23OCT2026,29925000.000000,1,OPTFUT,NCO,50.000000,120,False
152032,SILVERM26OCT299500PE,SILVERM,23OCT2026,29950000.000000,1,OPTFUT,NCO,50.000000,120,False
152042,SILVERM26OCT300750PE,SILVERM,23OCT2026,30075000.000000,1,OPTFUT,NCO,50.000000,120,False
152058,SILVERM26OCT302750PE,SILVERM,23OCT2026,30275000.000000,1,OPTFUT,NCO,50.000000,120,False
152065,SILVERM26NOV283250CE,SILVERM,23NOV2026,28325000.000000,1,OPTFUT,NCO,50.000000,120,False
152072,SILVERM26NOV284000PE,SILVERM,23NOV2026,28400000.000000,1,OPTFUT,NCO,50.000000,120,False
152085,SILVERM26NOV285750CE,SILVERM,23NOV2026,28575000.000000,1,OPTFUT,NCO,50.000000,120,False
152091,SILVERM26NOV286500CE,SILVERM,23NOV2026,28650000.000000,1,OPTFUT,NCO,50.000000,120,False
152102,SILVERM26NOV287750PE,SILVERM,23NOV2026,28775000.000000,1,OPTFUT,NCO,50.000000,120,False
152111,SILVERM26NOV289000CE,SILVERM,23NOV2026,28900000.000000,1,OPTFUT,NCO,50.000000,120,False
152153,SILVERM26NOV294250CE,SILVERM,23NOV2026,29425000.000000,1,OPTFUT,NCO,50.000000,120,False
152123,SILVERM26NOV290500CE,SILVERM,23NOV2026,29050000.000000,1,OPTFUT,NCO,50.000000,120,False
152152,SILVERM26NOV294000PE,SILVERM,23NOV2026,29400000.000000,1,OPTFUT,NCO,50.000000,120,False
152161,SILVERM26NOV295250CE,SILVERM,23NOV2026,29525000.000000,1,OPTFUT,NCO,50.000000,120,False
152171,SILVERM26NOV296500CE,SILVERM,23NOV2026,29650000.000000,1,OPTFUT,NCO,50.000000,120,False
152172,SILVERM26NOV296500PE,SILVERM,23NOV2026,29650000.000000,1,OPTFUT,NCO,50.000000,120,False
152181,SILVERM26NOV297750CE,SILVERM,23NOV2026,29775000.000000,1,OPTFUT,NCO,50.000000,120,False
152193,SILVERM26NOV299250CE,SILVERM,23NOV2026,29925000.000000,1,OPTFUT,NCO,50.000000,120,False
152206,SILVERM26NOV300750PE,SILVERM,23NOV2026,30075000.000000,1,OPTFUT,NCO,50.000000,120,False
152207,SILVERM26NOV301000CE,SILVERM,23NOV2026,30100000.000000,1,OPTFUT,NCO,50.000000,120,False
152221,SILVERM26NOV302750CE,SILVERM,23NOV2026,30275000.000000,1,OPTFUT,NCO,50.000000,120,False
152227,SILVERM26NOV303500CE,SILVERM,23NOV2026,30350000.000000,1,OPTFUT,NCO,50.000000,120,False
152271,SILVERM26DEC288500CE,SILVERM,23DEC2026,28850000.000000,1,OPTFUT,NCO,50.000000,120,False
152280,SILVERM26DEC289500PE,SILVERM,23DEC2026,28950000.000000,1,OPTFUT,NCO,50.000000,120,False
152299,SILVERM26DEC292000CE,SILVERM,23DEC2026,29200000.000000,1,OPTFUT,NCO,50.000000,120,False
152303,SILVERM26DEC292500CE,SILVERM,23DEC2026,29250000.000000,1,OPTFUT,NCO,50.000000,120,False
152323,SILVERM26DEC295000CE,SILVERM,23DEC2026,29500000.000000,1,OPTFUT,NCO,50.000000,120,False
152328,SILVERM26DEC295500PE,SILVERM,23DEC2026,29550000.000000,1,OPTFUT,NCO,50.000000,120,False
152330,SILVERM26DEC295750PE,SILVERM,23DEC2026,29575000.000000,1,OPTFUT,NCO,50.000000,120,False
152344,SILVERM26DEC297500PE,SILVERM,23DEC2026,29750000.000000,1,OPTFUT,NCO,50.000000,120,False
152336,SILVERM26DEC296500PE,SILVERM,23DEC2026,29650000.000000,1,OPTFUT,NCO,50.000000,120,False
152338,SILVERM26DEC296750PE,SILVERM,23DEC2026,29675000.000000,1,OPTFUT,NCO,50.000000,120,False
152342,SILVERM26DEC297250PE,SILVERM,23DEC2026,29725000.000000,1,OPTFUT,NCO,50.000000,120,False
152367,SILVERM26DEC300500CE,SILVERM,23DEC2026,30050000.000000,1,OPTFUT,NCO,50.000000,120,False
152375,SILVERM26DEC301500CE,SILVERM,23DEC2026,30150000.000000,1,OPTFUT,NCO,50.000000,120,False
152398,SILVERM26DEC304250PE,SILVERM,23DEC2026,30425000.000000,1,OPTFUT,NCO,50.000000,120,False
152407,SILVERM26DEC305500CE,SILVERM,23DEC2026,30550000.000000,1,OPTFUT,NCO,50.000000,120,False
152408,SILVERM26DEC305500PE,SILVERM,23DEC2026,30550000.000000,1,OPTFUT,NCO,50.000000,120,False
152416,SILVERM26DEC306500PE,SILVERM,23DEC2026,30650000.000000,1,OPTFUT,NCO,50.000000,120,False
152959,GOLD26SEP150400CE,GOLD,25SEP2026,15040000.000000,1,OPTFUT,NCO,50.000000,10,False
152964,GOLD26SEP150600PE,GOLD,25SEP2026,15060000.000000,1,OPTFUT,NCO,50.000000,10,False
152967,GOLD26SEP150800CE,GOLD,25SEP2026,15080000.000000,1,OPTFUT,NCO,50.000000,10,False
152971,GOLD26SEP151000CE,GOLD,25SEP2026,15100000.000000,1,OPTFUT,NCO,50.000000,10,False
152988,GOLD26SEP151800PE,GOLD,25SEP2026,15180000.000000,1,OPTFUT,NCO,50.000000,10,False
152989,GOLD26SEP151900CE,GOLD,25SEP2026,15190000.000000,1,OPTFUT,NCO,50.000000,10,False
152992,GOLD26SEP152000PE,GOLD,25SEP2026,15200000.000000,1,OPTFUT,NCO,50.000000,10,False
153000,GOLD26SEP152400PE,GOLD,25SEP2026,15240000.000000,1,OPTFUT,NCO,50.000000,10,False
153004,GOLD26OCT150900PE,GOLD,29OCT2026,15090000.000000,1,OPTFUT,NCO,50.000000,10,False
153009,GOLD26OCT151200CE,GOLD,29OCT2026,15120000.000000,1,OPTFUT,NCO,50.000000,10,False
153017,GOLD26OCT151600CE,GOLD,29OCT2026,15160000.000000,1,OPTFUT,NCO,50.000000,10,False
153021,GOLD26OCT151800CE,GOLD,29OCT2026,15180000.000000,1,OPTFUT,NCO,50.000000,10,False
153025,GOLD26OCT152000CE,GOLD,29OCT2026,15200000.000000,1,OPTFUT,NCO,50.000000,10,False
153028,GOLD26OCT152100PE,GOLD,29OCT2026,15210000.000000,1,OPTFUT,NCO,50.000000,10,False
153040,GOLD26OCT152700PE,GOLD,29OCT2026,15270000.000000,1,OPTFUT,NCO,50.000000,10,False
153046,GOLD26OCT153000PE,GOLD,29OCT2026,15300000.000000,1,OPTFUT,NCO,50.000000,10,False
153077,GOLD26NOV152900CE,GOLD,27NOV2026,15290000.000000,1,OPTFUT,NCO,50.000000,10,False
153080,GOLD26NOV153000PE,GOLD,27NOV2026,15300000.000000,1,OPTFUT,NCO,50.000000,10,False
153082,GOLD26NOV153100PE,GOLD,27NOV2026,15310000.000000,1,OPTFUT,NCO,50.000000,10,False
153088,GOLD26NOV153400PE,GOLD,27NOV2026,15340000.000000,1,OPTFUT,NCO,50.000000,10,False
153089,GOLD26NOV153500CE,GOLD,27NOV2026,15350000.000000,1,OPTFUT,NCO,50.000000,10,False
153101,GOLD26DEC152400CE,GOLD,29DEC2026,15240000.000000,1,OPTFUT,NCO,50.000000,10,False
153102,GOLD26DEC152400PE,GOLD,29DEC2026,15240000.000000,1,OPTFUT,NCO,50.000000,10,False
153105,GOLD26DEC152600CE,GOLD,29DEC2026,15260000.000000,1,OPTFUT,NCO,50.000000,10,False
153115,GOLD26DEC153100CE,GOLD,29DEC2026,15310000.000000,1,OPTFUT,NCO,50.000000,10,False
153291,GOLD26NOV169900CE,GOLD,27NOV2026,16990000.000000,1,OPTFUT,NCO,50.000000,10,False
153307,GOLD26DEC166800CE,GOLD,29DEC2026,16680000.000000,1,OPTFUT,NCO,50.000000,10,False
153316,GOLD26DEC167200PE,GOLD,29DEC2026,16720000.000000,1,OPTFUT,NCO,50.000000,10,False
153322,GOLD26DEC167500PE,GOLD,29DEC2026,16750000.000000,1,OPTFUT,NCO,50.000000,10,False
153328,GOLD26DEC167800PE,GOLD,29DEC2026,16780000.000000,1,OPTFUT,NCO,50.000000,10,False
153347,GOLD26DEC168800CE,GOLD,29DEC2026,16880000.000000,1,OPTFUT,NCO,50.000000,10,False
153350,GOLD26DEC168900PE,GOLD,29DEC2026,16890000.000000,1,OPTFUT,NCO,50.000000,10,False
153355,GOLD26DEC169200CE,GOLD,29DEC2026,16920000.000000,1,OPTFUT,NCO,50.000000,10,False
153356,GOLD26DEC169200PE,GOLD,29DEC2026,16920000.000000,1,OPTFUT,NCO,50.000000,10,False
153926,SILVERM26SEP303500PE,SILVERM,23SEP2026,30350000.000000,1,OPTFUT,NCO,50.000000,120,False
153932,SILVERM26SEP304250PE,SILVERM,23SEP2026,30425000.000000,1,OPTFUT,NCO,50.000000,120,False
153940,SILVERM26SEP305250PE,SILVERM,23SEP2026,30525000.000000,1,OPTFUT,NCO,50.000000,120,False
153949,SILVERM26SEP306500CE,SILVERM,23SEP2026,30650000.000000,1,OPTFUT,NCO,50.000000,120,False
153951,SILVERM26SEP306750CE,SILVERM,23SEP2026,30675000.000000,1,OPTFUT,NCO,50.000000,120,False
153953,SILVERM26SEP307000CE,SILVERM,23SEP2026,30700000.000000,1,OPTFUT,NCO,50.000000,120,False
153978,SILVERM26SEP310000PE,SILVERM,23SEP2026,31000000.000000,1,OPTFUT,NCO,50.000000,120,False
153979,SILVERM26SEP310250CE,SILVERM,23SEP2026,31025000.000000,1,OPTFUT,NCO,50.000000,120,False
154011,SILVERM26OCT305500CE,SILVERM,23OCT2026,30550000.000000,1,OPTFUT,NCO,50.000000,120,False
154015,SILVERM26OCT306000CE,SILVERM,23OCT2026,30600000.000000,1,OPTFUT,NCO,50.000000,120,False
154020,SILVERM26OCT306500PE,SILVERM,23OCT2026,30650000.000000,1,OPTFUT,NCO,50.000000,120,False
154021,SILVERM26OCT306750CE,SILVERM,23OCT2026,30675000.000000,1,OPTFUT,NCO,50.000000,120,False
154024,SILVERM26OCT307000PE,SILVERM,23OCT2026,30700000.000000,1,OPTFUT,NCO,50.000000,120,False
154047,SILVERM26OCT310000CE,SILVERM,23OCT2026,31000000.000000,1,OPTFUT,NCO,50.000000,120,False
154053,SILVERM26OCT310750CE,SILVERM,23OCT2026,31075000.000000,1,OPTFUT,NCO,50.000000,120,False
154055,SILVERM26OCT311000CE,SILVERM,23OCT2026,31100000.000000,1,OPTFUT,NCO,50.000000,120,False
154062,SILVERM26OCT311750PE,SILVERM,23OCT2026,31175000.000000,1,OPTFUT,NCO,50.000000,120,False
154065,SILVERM26OCT312250CE,SILVERM,23OCT2026,31225000.000000,1,OPTFUT,NCO,50.000000,120,False
154083,SILVERM26NOV305750CE,SILVERM,23NOV2026,30575000.000000,1,OPTFUT,NCO,50.000000,120,False
154092,SILVERM26NOV306750PE,SILVERM,23NOV2026,30675000.000000,1,OPTFUT,NCO,50.000000,120,False
154098,SILVERM26NOV307500PE,SILVERM,23NOV2026,30750000.000000,1,OPTFUT,NCO,50.000000,120,False
154112,SILVERM26NOV309250PE,SILVERM,23NOV2026,30925000.000000,1,OPTFUT,NCO,50.000000,120,False
154113,SILVERM26NOV309500CE,SILVERM,23NOV2026,30950000.000000,1,OPTFUT,NCO,50.000000,120,False
154121,SILVERM26NOV310500CE,SILVERM,23NOV2026,31050000.000000,1,OPTFUT,NCO,50.000000,120,False
154128,SILVERM26NOV311250PE,SILVERM,23NOV2026,31125000.000000,1,OPTFUT,NCO,50.000000,120,False
154129,SILVERM26NOV311500CE,SILVERM,23NOV2026,31150000.000000,1,OPTFUT,NCO,50.000000,120,False
154155,SILVERM26NOV314750CE,SILVERM,23NOV2026,31475000.000000,1,OPTFUT,NCO,50.000000,120,False
154176,SILVERM26DEC308750PE,SILVERM,23DEC2026,30875000.000000,1,OPTFUT,NCO,50.000000,120,False
154177,SILVERM26DEC309000CE,SILVERM,23DEC2026,30900000.000000,1,OPTFUT,NCO,50.000000,120,False
154182,SILVERM26DEC309500PE,SILVERM,23DEC2026,30950000.000000,1,OPTFUT,NCO,50.000000,120,False
154195,SILVERM26DEC311250CE,SILVERM,23DEC2026,31125000.000000,1,OPTFUT,NCO,50.000000,120,False
154198,SILVERM26DEC311500PE,SILVERM,23DEC2026,31150000.000000,1,OPTFUT,NCO,50.000000,120,False
154202,SILVERM26DEC312000PE,SILVERM,23DEC2026,31200000.000000,1,OPTFUT,NCO,50.000000,120,False
154203,SILVERM26DEC312250CE,SILVERM,23DEC2026,31225000.000000,1,OPTFUT,NCO,50.000000,120,False
154219,SILVERM26DEC314250CE,SILVERM,23DEC2026,31425000.000000,1,OPTFUT,NCO,50.000000,120,False
155081,GOLD26SEP153000CE,GOLD,25SEP2026,15300000.000000,1,OPTFUT,NCO,50.000000,10,False
155082,GOLD26SEP153000PE,GOLD,25SEP2026,15300000.000000,1,OPTFUT,NCO,50.000000,10,False
155084,GOLD26SEP153100PE,GOLD,25SEP2026,15310000.000000,1,OPTFUT,NCO,50.000000,10,False
155124,GOLD26SEP155100PE,GOLD,25SEP2026,15510000.000000,1,OPTFUT,NCO,50.000000,10,False
155125,GOLD26SEP155200CE,GOLD,25SEP2026,15520000.000000,1,OPTFUT,NCO,50.000000,10,False
155129,GOLD26SEP155400CE,GOLD,25SEP2026,15540000.000000,1,OPTFUT,NCO,50.000000,10,False
155150,GOLD26OCT153500PE,GOLD,29OCT2026,15350000.000000,1,OPTFUT,NCO,50.000000,10,False
155156,GOLD26OCT153800PE,GOLD,29OCT2026,15380000.000000,1,OPTFUT,NCO,50.000000,10,False
155161,GOLD26OCT154100CE,GOLD,29OCT2026,15410000.000000,1,OPTFUT,NCO,50.000000,10,False
155190,GOLD26OCT155500PE,GOLD,29OCT2026,15550000.000000,1,OPTFUT,NCO,50.000000,10,False
155194,GOLD26OCT155700PE,GOLD,29OCT2026,15570000.000000,1,OPTFUT,NCO,50.000000,10,False
155195,GOLD26OCT155800CE,GOLD,29OCT2026,15580000.000000,1,OPTFUT,NCO,50.000000,10,False
155204,GOLD26OCT156200PE,GOLD,29OCT2026,15620000.000000,1,OPTFUT,NCO,50.000000,10,False
155209,GOLD26OCT156500CE,GOLD,29OCT2026,15650000.000000,1,OPTFUT,NCO,50.000000,10,False
155224,GOLD26NOV154300PE,GOLD,27NOV2026,15430000.000000,1,OPTFUT,NCO,50.000000,10,False
155234,GOLD26NOV154800PE,GOLD,27NOV2026,15480000.000000,1,OPTFUT,NCO,50.000000,10,False
155274,GOLD26NOV156800PE,GOLD,27NOV2026,15680000.000000,1,OPTFUT,NCO,50.000000,10,False
155278,GOLD26NOV157000PE,GOLD,27NOV2026,15700000.000000,1,OPTFUT,NCO,50.000000,10,False
155280,GOLD26NOV157100PE,GOLD,27NOV2026,15710000.000000,1,OPTFUT,NCO,50.000000,10,False
155283,GOLD26NOV157300CE,GOLD,27NOV2026,15730000.000000,1,OPTFUT,NCO,50.000000,10,False
155285,GOLD26NOV157400CE,GOLD,27NOV2026,15740000.000000,1,OPTFUT,NCO,50.000000,10,False
155291,GOLD26DEC154900CE,GOLD,29DEC2026,15490000.000000,1,OPTFUT,NCO,50.000000,10,False
155292,GOLD26DEC154900PE,GOLD,29DEC2026,15490000.000000,1,OPTFUT,NCO,50.000000,10,False
155307,GOLD26DEC155700CE,GOLD,29DEC2026,15570000.000000,1,OPTFUT,NCO,50.000000,10,False
155312,GOLD26DEC155900PE,GOLD,29DEC2026,15590000.000000,1,OPTFUT,NCO,50.000000,10,False
155313,GOLD26DEC156000CE,GOLD,29DEC2026,15600000.000000,1,OPTFUT,NCO,50.000000,10,False
155315,GOLD26DEC156100CE,GOLD,29DEC2026,15610000.000000,1,OPTFUT,NCO,50.000000,10,False
155327,GOLD26DEC156700CE,GOLD,29DEC2026,15670000.000000,1,OPTFUT,NCO,50.000000,10,False
155339,GOLD26DEC157300CE,GOLD,29DEC2026,15730000.000000,1,OPTFUT,NCO,50.000000,10,False
155345,GOLD26DEC157600CE,GOLD,29DEC2026,15760000.000000,1,OPTFUT,NCO,50.000000,10,False
155356,GOLD26DEC158100PE,GOLD,29DEC2026,15810000.000000,1,OPTFUT,NCO,50.000000,10,False
155574,GOLD26DEC169800PE,GOLD,29DEC2026,16980000.000000,1,OPTFUT,NCO,50.000000,10,False
155579,GOLD26DEC170100CE,GOLD,29DEC2026,17010000.000000,1,OPTFUT,NCO,50.000000,10,False
155582,GOLD26DEC170200PE,GOLD,29DEC2026,17020000.000000,1,OPTFUT,NCO,50.000000,10,False
156619,SILVERM26SEP312250CE,SILVERM,23SEP2026,31225000.000000,1,OPTFUT,NCO,50.000000,120,False
156622,SILVERM26SEP312500PE,SILVERM,23SEP2026,31250000.000000,1,OPTFUT,NCO,50.000000,120,False
156634,SILVERM26SEP314000PE,SILVERM,23SEP2026,31400000.000000,1,OPTFUT,NCO,50.000000,120,False
156644,SILVERM26SEP315250PE,SILVERM,23SEP2026,31525000.000000,1,OPTFUT,NCO,50.000000,120,False
156648,SILVERM26SEP315750PE,SILVERM,23SEP2026,31575000.000000,1,OPTFUT,NCO,50.000000,120,False
156651,SILVERM26SEP316250CE,SILVERM,23SEP2026,31625000.000000,1,OPTFUT,NCO,50.000000,120,False
156665,SILVERM26SEP318000CE,SILVERM,23SEP2026,31800000.000000,1,OPTFUT,NCO,50.000000,120,False
156666,SILVERM26SEP318000PE,SILVERM,23SEP2026,31800000.000000,1,OPTFUT,NCO,50.000000,120,False
156669,SILVERM26SEP318500CE,SILVERM,23SEP2026,31850000.000000,1,OPTFUT,NCO,50.000000,120,False
156687,SILVERM26SEP320750CE,SILVERM,23SEP2026,32075000.000000,1,OPTFUT,NCO,50.000000,120,False
156697,SILVERM26SEP322000CE,SILVERM,23SEP2026,32200000.000000,1,OPTFUT,NCO,50.000000,120,False
156704,SILVERM26SEP322750PE,SILVERM,23SEP2026,32275000.000000,1,OPTFUT,NCO,50.000000,120,False
156708,SILVERM26SEP323250PE,SILVERM,23SEP2026,32325000.000000,1,OPTFUT,NCO,50.000000,120,False
156709,SILVERM26SEP323500CE,SILVERM,23SEP2026,32350000.000000,1,OPTFUT,NCO,50.000000,120,False
156717,SILVERM26SEP324500CE,SILVERM,23SEP2026,32450000.000000,1,OPTFUT,NCO,50.000000,120,False
156721,SILVERM26SEP325000CE,SILVERM,23SEP2026,32500000.000000,1,OPTFUT,NCO,50.000000,120,False
156753,SILVERM26OCT313750CE,SILVERM,23OCT2026,31375000.000000,1,OPTFUT,NCO,50.000000,120,False
156755,SILVERM26OCT314000CE,SILVERM,23OCT2026,31400000.000000,1,OPTFUT,NCO,50.000000,120,False
156785,SILVERM26OCT317750CE,SILVERM,23OCT2026,31775000.000000,1,OPTFUT,NCO,50.000000,120,False
156834,SILVERM26OCT323750PE,SILVERM,23OCT2026,32375000.000000,1,OPTFUT,NCO,50.000000,120,False
156836,SILVERM26OCT324000PE,SILVERM,23OCT2026,32400000.000000,1,OPTFUT,NCO,50.000000,120,False
156841,SILVERM26OCT324750CE,SILVERM,23OCT2026,32475000.000000,1,OPTFUT,NCO,50.000000,120,False
156848,SILVERM26OCT325500PE,SILVERM,23OCT2026,32550000.000000,1,OPTFUT,NCO,50.000000,120,False
156850,SILVERM26OCT325750PE,SILVERM,23OCT2026,32575000.000000,1,OPTFUT,NCO,50.000000,120,False
156867,SILVERM26OCT328000CE,SILVERM,23OCT2026,32800000.000000,1,OPTFUT,NCO,50.000000,120,False
156889,SILVERM26NOV315500CE,SILVERM,23NOV2026,31550000.000000,1,OPTFUT,NCO,50.000000,120,False
156897,SILVERM26NOV316500CE,SILVERM,23NOV2026,31650000.000000,1,OPTFUT,NCO,50.000000,120,False
156898,SILVERM26NOV316500PE,SILVERM,23NOV2026,31650000.000000,1,OPTFUT,NCO,50.000000,120,False
156901,SILVERM26NOV317000CE,SILVERM,23NOV2026,31700000.000000,1,OPTFUT,NCO,50.000000,120,False
156914,SILVERM26NOV318500PE,SILVERM,23NOV2026,31850000.000000,1,OPTFUT,NCO,50.000000,120,False
156918,SILVERM26NOV319000PE,SILVERM,23NOV2026,31900000.000000,1,OPTFUT,NCO,50.000000,120,False
156934,SILVERM26NOV321000PE,SILVERM,23NOV2026,32100000.000000,1,OPTFUT,NCO,50.000000,120,False
156942,SILVERM26NOV322000PE,SILVERM,23NOV2026,32200000.000000,1,OPTFUT,NCO,50.000000,120,False
156955,SILVERM26NOV323750CE,SILVERM,23NOV2026,32375000.000000,1,OPTFUT,NCO,50.000000,120,False
156956,SILVERM26NOV323750PE,SILVERM,23NOV2026,32375000.000000,1,OPTFUT,NCO,50.000000,120,False
156958,SILVERM26NOV324000PE,SILVERM,23NOV2026,32400000.000000,1,OPTFUT,NCO,50.000000,120,False
156968,SILVERM26NOV325250PE,SILVERM,23NOV2026,32525000.000000,1,OPTFUT,NCO,50.000000,120,False
156969,SILVERM26NOV325500CE,SILVERM,23NOV2026,32550000.000000,1,OPTFUT,NCO,50.000000,120,False
156970,SILVERM26NOV325500PE,SILVERM,23NOV2026,32550000.000000,1,OPTFUT,NCO,50.000000,120,False
156971,SILVERM26NOV325750CE,SILVERM,23NOV2026,32575000.000000,1,OPTFUT,NCO,50.000000,120,False
156982,SILVERM26NOV327000PE,SILVERM,23NOV2026,32700000.000000,1,OPTFUT,NCO,50.000000,120,False
156983,SILVERM26NOV327250CE,SILVERM,23NOV2026,32725000.000000,1,OPTFUT,NCO,50.000000,120,False
156986,SILVERM26NOV327500PE,SILVERM,23NOV2026,32750000.000000,1,OPTFUT,NCO,50.000000,120,False
156987,SILVERM26NOV327750CE,SILVERM,23NOV2026,32775000.000000,1,OPTFUT,NCO,50.000000,120,False
156988,SILVERM26NOV327750PE,SILVERM,23NOV2026,32775000.000000,1,OPTFUT,NCO,50.000000,120,False
156989,SILVERM26NOV328000CE,SILVERM,23NOV2026,32800000.000000,1,OPTFUT,NCO,50.000000,120,False
156991,SILVERM26NOV328250CE,SILVERM,23NOV2026,32825000.000000,1,OPTFUT,NCO,50.000000,120,False
156996,SILVERM26NOV328750PE,SILVERM,23NOV2026,32875000.000000,1,OPTFUT,NCO,50.000000,120,False
157035,SILVERM26DEC318500CE,SILVERM,23DEC2026,31850000.000000,1,OPTFUT,NCO,50.000000,120,False
157038,SILVERM26DEC318750PE,SILVERM,23DEC2026,31875000.000000,1,OPTFUT,NCO,50.000000,120,False
157046,SILVERM26DEC319750PE,SILVERM,23DEC2026,31975000.000000,1,OPTFUT,NCO,50.000000,120,False
157049,SILVERM26DEC320250CE,SILVERM,23DEC2026,32025000.000000,1,OPTFUT,NCO,50.000000,120,False
157053,SILVERM26DEC320750CE,SILVERM,23DEC2026,32075000.000000,1,OPTFUT,NCO,50.000000,120,False
157059,SILVERM26DEC321500CE,SILVERM,23DEC2026,32150000.000000,1,OPTFUT,NCO,50.000000,120,False
157065,SILVERM26DEC322250CE,SILVERM,23DEC2026,32225000.000000,1,OPTFUT,NCO,50.000000,120,False
157087,SILVERM26DEC325000CE,SILVERM,23DEC2026,32500000.000000,1,OPTFUT,NCO,50.000000,120,False
157076,SILVERM26DEC323500PE,SILVERM,23DEC2026,32350000.000000,1,OPTFUT,NCO,50.000000,120,False
157083,SILVERM26DEC324500CE,SILVERM,23DEC2026,32450000.000000,1,OPTFUT,NCO,50.000000,120,False
157084,SILVERM26DEC324500PE,SILVERM,23DEC2026,32450000.000000,1,OPTFUT,NCO,50.000000,120,False
157088,SILVERM26DEC325000PE,SILVERM,23DEC2026,32500000.000000,1,OPTFUT,NCO,50.000000,120,False
157120,SILVERM26DEC329000PE,SILVERM,23DEC2026,32900000.000000,1,OPTFUT,NCO,50.000000,120,False
157138,SILVERM26DEC331250PE,SILVERM,23DEC2026,33125000.000000,1,OPTFUT,NCO,50.000000,120,False
157149,SILVERM26DEC332750CE,SILVERM,23DEC2026,33275000.000000,1,OPTFUT,NCO,50.000000,120,False
158309,GOLD26SEP156400CE,GOLD,25SEP2026,15640000.000000,1,OPTFUT,NCO,50.000000,10,False
158314,GOLD26SEP156600PE,GOLD,25SEP2026,15660000.000000,1,OPTFUT,NCO,50.000000,10,False
158324,GOLD26SEP157100PE,GOLD,25SEP2026,15710000.000000,1,OPTFUT,NCO,50.000000,10,False
158332,GOLD26SEP157500PE,GOLD,25SEP2026,15750000.000000,1,OPTFUT,NCO,50.000000,10,False
158340,GOLD26SEP157900PE,GOLD,25SEP2026,15790000.000000,1,OPTFUT,NCO,50.000000,10,False
158353,GOLD26SEP158600CE,GOLD,25SEP2026,15860000.000000,1,OPTFUT,NCO,50.000000,10,False
158361,GOLD26SEP159000CE,GOLD,25SEP2026,15900000.000000,1,OPTFUT,NCO,50.000000,10,False
158374,GOLD26SEP159600PE,GOLD,25SEP2026,15960000.000000,1,OPTFUT,NCO,50.000000,10,False
158376,GOLD26SEP159700PE,GOLD,25SEP2026,15970000.000000,1,OPTFUT,NCO,50.000000,10,False
158381,GOLD26SEP160000CE,GOLD,25SEP2026,16000000.000000,1,OPTFUT,NCO,50.000000,10,False
158393,GOLD26SEP160600CE,GOLD,25SEP2026,16060000.000000,1,OPTFUT,NCO,50.000000,10,False
158422,GOLD26SEP162000PE,GOLD,25SEP2026,16200000.000000,1,OPTFUT,NCO,50.000000,10,False
158424,GOLD26SEP162100PE,GOLD,25SEP2026,16210000.000000,1,OPTFUT,NCO,50.000000,10,False
158459,GOLD26OCT157800CE,GOLD,29OCT2026,15780000.000000,1,OPTFUT,NCO,50.000000,10,False
158461,GOLD26OCT157900CE,GOLD,29OCT2026,15790000.000000,1,OPTFUT,NCO,50.000000,10,False
158466,GOLD26OCT158100PE,GOLD,29OCT2026,15810000.000000,1,OPTFUT,NCO,50.000000,10,False
158513,GOLD26OCT160500CE,GOLD,29OCT2026,16050000.000000,1,OPTFUT,NCO,50.000000,10,False
158515,GOLD26OCT160600CE,GOLD,29OCT2026,16060000.000000,1,OPTFUT,NCO,50.000000,10,False
158516,GOLD26OCT160600PE,GOLD,29OCT2026,16060000.000000,1,OPTFUT,NCO,50.000000,10,False
158520,GOLD26OCT160800PE,GOLD,29OCT2026,16080000.000000,1,OPTFUT,NCO,50.000000,10,False
158524,GOLD26OCT161000PE,GOLD,29OCT2026,16100000.000000,1,OPTFUT,NCO,50.000000,10,False
158530,GOLD26OCT161300PE,GOLD,29OCT2026,16130000.000000,1,OPTFUT,NCO,50.000000,10,False
158540,GOLD26OCT161800PE,GOLD,29OCT2026,16180000.000000,1,OPTFUT,NCO,50.000000,10,False
158549,GOLD26OCT162300CE,GOLD,29OCT2026,16230000.000000,1,OPTFUT,NCO,50.000000,10,False
158558,GOLD26OCT162700PE,GOLD,29OCT2026,16270000.000000,1,OPTFUT,NCO,50.000000,10,False
158561,GOLD26OCT162900CE,GOLD,29OCT2026,16290000.000000,1,OPTFUT,NCO,50.000000,10,False
158563,GOLD26OCT163000CE,GOLD,29OCT2026,16300000.000000,1,OPTFUT,NCO,50.000000,10,False
158574,GOLD26OCT163500PE,GOLD,29OCT2026,16350000.000000,1,OPTFUT,NCO,50.000000,10,False
158577,GOLD26OCT163700CE,GOLD,29OCT2026,16370000.000000,1,OPTFUT,NCO,50.000000,10,False
158583,GOLD26NOV157800CE,GOLD,27NOV2026,15780000.000000,1,OPTFUT,NCO,50.000000,10,False
158585,GOLD26NOV157900CE,GOLD,27NOV2026,15790000.000000,1,OPTFUT,NCO,50.000000,10,False
158587,GOLD26NOV158000CE,GOLD,27NOV2026,15800000.000000,1,OPTFUT,NCO,50.000000,10,False
158599,GOLD26NOV158600CE,GOLD,27NOV2026,15860000.000000,1,OPTFUT,NCO,50.000000,10,False
158602,GOLD26NOV158700PE,GOLD,27NOV2026,15870000.000000,1,OPTFUT,NCO,50.000000,10,False
158603,GOLD26NOV158800CE,GOLD,27NOV2026,15880000.000000,1,OPTFUT,NCO,50.000000,10,False
158604,GOLD26NOV158800PE,GOLD,27NOV2026,15880000.000000,1,OPTFUT,NCO,50.000000,10,False
158607,GOLD26NOV159000CE,GOLD,27NOV2026,15900000.000000,1,OPTFUT,NCO,50.000000,10,False
158619,GOLD26NOV159600CE,GOLD,27NOV2026,15960000.000000,1,OPTFUT,NCO,50.000000,10,False
158629,GOLD26NOV160100CE,GOLD,27NOV2026,16010000.000000,1,OPTFUT,NCO,50.000000,10,False
158632,GOLD26NOV160200PE,GOLD,27NOV2026,16020000.000000,1,OPTFUT,NCO,50.000000,10,False
158653,GOLD26NOV161300CE,GOLD,27NOV2026,16130000.000000,1,OPTFUT,NCO,50.000000,10,False
158670,GOLD26NOV162100PE,GOLD,27NOV2026,16210000.000000,1,OPTFUT,NCO,50.000000,10,False
158678,GOLD26NOV162500PE,GOLD,27NOV2026,16250000.000000,1,OPTFUT,NCO,50.000000,10,False
158685,GOLD26NOV162900CE,GOLD,27NOV2026,16290000.000000,1,OPTFUT,NCO,50.000000,10,False
158700,GOLD26NOV163600PE,GOLD,27NOV2026,16360000.000000,1,OPTFUT,NCO,50.000000,10,False
158710,GOLD26NOV164100PE,GOLD,27NOV2026,16410000.000000,1,OPTFUT,NCO,50.000000,10,False
158714,GOLD26NOV164300PE,GOLD,27NOV2026,16430000.000000,1,OPTFUT,NCO,50.000000,10,False
158724,GOLD26DEC158600PE,GOLD,29DEC2026,15860000.000000,1,OPTFUT,NCO,50.000000,10,False
158728,GOLD26DEC158800PE,GOLD,29DEC2026,15880000.000000,1,OPTFUT,NCO,50.000000,10,False
158736,GOLD26DEC159200PE,GOLD,29DEC2026,15920000.000000,1,OPTFUT,NCO,50.000000,10,False
158751,GOLD26DEC160000CE,GOLD,29DEC2026,16000000.000000,1,OPTFUT,NCO,50.000000,10,False
158765,GOLD26DEC160700CE,GOLD,29DEC2026,16070000.000000,1,OPTFUT,NCO,50.000000,10,False
158779,GOLD26DEC161400CE,GOLD,29DEC2026,16140000.000000,1,OPTFUT,NCO,50.000000,10,False
158780,GOLD26DEC161400PE,GOLD,29DEC2026,16140000.000000,1,OPTFUT,NCO,50.000000,10,False
158781,GOLD26DEC161500CE,GOLD,29DEC2026,16150000.000000,1,OPTFUT,NCO,50.000000,10,False
158784,GOLD26DEC161600PE,GOLD,29DEC2026,16160000.000000,1,OPTFUT,NCO,50.000000,10,False
158793,GOLD26DEC162100CE,GOLD,29DEC2026,16210000.000000,1,OPTFUT,NCO,50.000000,10,False
158828,GOLD26DEC163800PE,GOLD,29DEC2026,16380000.000000,1,OPTFUT,NCO,50.000000,10,False
158849,GOLD26DEC164900CE,GOLD,29DEC2026,16490000.000000,1,OPTFUT,NCO,50.000000,10,False
158846,GOLD26DEC164700PE,GOLD,29DEC2026,16470000.000000,1,OPTFUT,NCO,50.000000,10,False
158853,GOLD26DEC165100CE,GOLD,29DEC2026,16510000.000000,1,OPTFUT,NCO,50.000000,10,False
159588,SILVERM26SEP330500PE,SILVERM,23SEP2026,33050000.000000,1,OPTFUT,NCO,50.000000,120,False
159594,SILVERM26SEP331250PE,SILVERM,23SEP2026,33125000.000000,1,OPTFUT,NCO,50.000000,120,False
159618,SILVERM26OCT331000PE,SILVERM,23OCT2026,33100000.000000,1,OPTFUT,NCO,50.000000,120,False
159627,SILVERM26OCT332250CE,SILVERM,23OCT2026,33225000.000000,1,OPTFUT,NCO,50.000000,120,False
159631,SILVERM26OCT332750CE,SILVERM,23OCT2026,33275000.000000,1,OPTFUT,NCO,50.000000,120,False
159637,SILVERM26OCT333500CE,SILVERM,23OCT2026,33350000.000000,1,OPTFUT,NCO,50.000000,120,False
159642,SILVERM26OCT334000PE,SILVERM,23OCT2026,33400000.000000,1,OPTFUT,NCO,50.000000,120,False
159645,SILVERM26OCT334500CE,SILVERM,23OCT2026,33450000.000000,1,OPTFUT,NCO,50.000000,120,False
159646,SILVERM26OCT334500PE,SILVERM,23OCT2026,33450000.000000,1,OPTFUT,NCO,50.000000,120,False
159649,SILVERM26OCT335000CE,SILVERM,23OCT2026,33500000.000000,1,OPTFUT,NCO,50.000000,120,False
159661,SILVERM26NOV333250CE,SILVERM,23NOV2026,33325000.000000,1,OPTFUT,NCO,50.000000,120,False
159665,SILVERM26NOV333750CE,SILVERM,23NOV2026,33375000.000000,1,OPTFUT,NCO,50.000000,120,False
159672,SILVERM26NOV334500PE,SILVERM,23NOV2026,33450000.000000,1,OPTFUT,NCO,50.000000,120,False
159681,SILVERM26NOV335750CE,SILVERM,23NOV2026,33575000.000000,1,OPTFUT,NCO,50.000000,120,False
159690,SILVERM26NOV336750PE,SILVERM,23NOV2026,33675000.000000,1,OPTFUT,NCO,50.000000,120,False
159697,SILVERM26DEC334500CE,SILVERM,23DEC2026,33450000.000000,1,OPTFUT,NCO,50.000000,120,False
159706,SILVERM26DEC335500PE,SILVERM,23DEC2026,33550000.000000,1,OPTFUT,NCO,50.000000,120,False
159722,SILVERM26DEC337500PE,SILVERM,23DEC2026,33750000.000000,1,OPTFUT,NCO,50.000000,120,False
159725,SILVERM26DEC338000CE,SILVERM,23DEC2026,33800000.000000,1,OPTFUT,NCO,50.000000,120,False
161708,SILVERM26SEP338000PE,SILVERM,23SEP2026,33800000.000000,1,OPTFUT,NCO,50.000000,120,False
161720,SILVERM26SEP339500PE,SILVERM,23SEP2026,33950000.000000,1,OPTFUT,NCO,50.000000,120,False
161723,SILVERM26SEP340000CE,SILVERM,23SEP2026,34000000.000000,1,OPTFUT,NCO,50.000000,120,False
161728,SILVERM26SEP340500PE,SILVERM,23SEP2026,34050000.000000,1,OPTFUT,NCO,50.000000,120,False
161729,SILVERM26SEP340750CE,SILVERM,23SEP2026,34075000.000000,1,OPTFUT,NCO,50.000000,120,False
161730,SILVERM26SEP340750PE,SILVERM,23SEP2026,34075000.000000,1,OPTFUT,NCO,50.000000,120,False
161742,SILVERM26SEP342250PE,SILVERM,23SEP2026,34225000.000000,1,OPTFUT,NCO,50.000000,120,False
161757,SILVERM26SEP344250CE,SILVERM,23SEP2026,34425000.000000,1,OPTFUT,NCO,50.000000,120,False
161769,SILVERM26SEP345750CE,SILVERM,23SEP2026,34575000.000000,1,OPTFUT,NCO,50.000000,120,False
161770,SILVERM26SEP345750PE,SILVERM,23SEP2026,34575000.000000,1,OPTFUT,NCO,50.000000,120,False
161775,SILVERM26SEP346500CE,SILVERM,23SEP2026,34650000.000000,1,OPTFUT,NCO,50.000000,120,False
161777,SILVERM26SEP346750CE,SILVERM,23SEP2026,34675000.000000,1,OPTFUT,NCO,50.000000,120,False
161786,SILVERM26SEP347750PE,SILVERM,23SEP2026,34775000.000000,1,OPTFUT,NCO,50.000000,120,False
161790,SILVERM26SEP348250PE,SILVERM,23SEP2026,34825000.000000,1,OPTFUT,NCO,50.000000,120,False
161791,SILVERM26SEP348500CE,SILVERM,23SEP2026,34850000.000000,1,OPTFUT,NCO,50.000000,120,False
161797,SILVERM26SEP349250CE,SILVERM,23SEP2026,34925000.000000,1,OPTFUT,NCO,50.000000,120,False
161800,SILVERM26SEP349500PE,SILVERM,23SEP2026,34950000.000000,1,OPTFUT,NCO,50.000000,120,False
161805,SILVERM26SEP350250CE,SILVERM,23SEP2026,35025000.000000,1,OPTFUT,NCO,50.000000,120,False
161809,SILVERM26SEP350750CE,SILVERM,23SEP2026,35075000.000000,1,OPTFUT,NCO,50.000000,120,False
161817,SILVERM26SEP351750CE,SILVERM,23SEP2026,35175000.000000,1,OPTFUT,NCO,50.000000,120,False
161828,SILVERM26SEP353000PE,SILVERM,23SEP2026,35300000.000000,1,OPTFUT,NCO,50.000000,120,False
161837,SILVERM26SEP354250CE,SILVERM,23SEP2026,35425000.000000,1,OPTFUT,NCO,50.000000,120,False
161839,SILVERM26SEP354500CE,SILVERM,23SEP2026,35450000.000000,1,OPTFUT,NCO,50.000000,120,False
161844,SILVERM26SEP355000PE,SILVERM,23SEP2026,35500000.000000,1,OPTFUT,NCO,50.000000,120,False
161847,SILVERM26SEP355500CE,SILVERM,23SEP2026,35550000.000000,1,OPTFUT,NCO,50.000000,120,False
161851,SILVERM26SEP356000CE,SILVERM,23SEP2026,35600000.000000,1,OPTFUT,NCO,50.000000,120,False
161861,SILVERM26SEP357250CE,SILVERM,23SEP2026,35725000.000000,1,OPTFUT,NCO,50.000000,120,False
161862,SILVERM26SEP357250PE,SILVERM,23SEP2026,35725000.000000,1,OPTFUT,NCO,50.000000,120,False
161875,SILVERM26SEP359000CE,SILVERM,23SEP2026,35900000.000000,1,OPTFUT,NCO,50.000000,120,False
161893,SILVERM26SEP361250CE,SILVERM,23SEP2026,36125000.000000,1,OPTFUT,NCO,50.000000,120,False
161897,SILVERM26SEP361750CE,SILVERM,23SEP2026,36175000.000000,1,OPTFUT,NCO,50.000000,120,False
161901,SILVERM26SEP362250CE,SILVERM,23SEP2026,36225000.000000,1,OPTFUT,NCO,50.000000,120,False
161915,SILVERM26SEP364000CE,SILVERM,23SEP2026,36400000.000000,1,OPTFUT,NCO,50.000000,120,False
161926,SILVERM26SEP365250PE,SILVERM,23SEP2026,36525000.000000,1,OPTFUT,NCO,50.000000,120,False
161932,SILVERM26SEP366000PE,SILVERM,23SEP2026,36600000.000000,1,OPTFUT,NCO,50.000000,120,False
161941,SILVERM26OCT338250CE,SILVERM,23OCT2026,33825000.000000,1,OPTFUT,NCO,50.000000,120,False
161956,SILVERM26OCT340000PE,SILVERM,23OCT2026,34000000.000000,1,OPTFUT,NCO,50.000000,120,False
161961,SILVERM26OCT340750CE,SILVERM,23OCT2026,34075000.000000,1,OPTFUT,NCO,50.000000,120,False
161976,SILVERM26OCT342500PE,SILVERM,23OCT2026,34250000.000000,1,OPTFUT,NCO,50.000000,120,False
161998,SILVERM26OCT345250PE,SILVERM,23OCT2026,34525000.000000,1,OPTFUT,NCO,50.000000,120,False
162008,SILVERM26OCT346500PE,SILVERM,23OCT2026,34650000.000000,1,OPTFUT,NCO,50.000000,120,False
162009,SILVERM26OCT346750CE,SILVERM,23OCT2026,34675000.000000,1,OPTFUT,NCO,50.000000,120,False
162013,SILVERM26OCT347250CE,SILVERM,23OCT2026,34725000.000000,1,OPTFUT,NCO,50.000000,120,False
162014,SILVERM26OCT347250PE,SILVERM,23OCT2026,34725000.000000,1,OPTFUT,NCO,50.000000,120,False
162043,SILVERM26OCT351000CE,SILVERM,23OCT2026,35100000.000000,1,OPTFUT,NCO,50.000000,120,False
162044,SILVERM26OCT351000PE,SILVERM,23OCT2026,35100000.000000,1,OPTFUT,NCO,50.000000,120,False
162054,SILVERM26OCT352250PE,SILVERM,23OCT2026,35225000.000000,1,OPTFUT,NCO,50.000000,120,False
162088,SILVERM26OCT356500PE,SILVERM,23OCT2026,35650000.000000,1,OPTFUT,NCO,50.000000,120,False
162091,SILVERM26OCT357000CE,SILVERM,23OCT2026,35700000.000000,1,OPTFUT,NCO,50.000000,120,False
162097,SILVERM26OCT357750CE,SILVERM,23OCT2026,35775000.000000,1,OPTFUT,NCO,50.000000,120,False
162141,SILVERM26OCT363250CE,SILVERM,23OCT2026,36325000.000000,1,OPTFUT,NCO,50.000000,120,False
162143,SILVERM26OCT363500CE,SILVERM,23OCT2026,36350000.000000,1,OPTFUT,NCO,50.000000,120,False
162156,SILVERM26OCT365000PE,SILVERM,23OCT2026,36500000.000000,1,OPTFUT,NCO,50.000000,120,False
162160,SILVERM26OCT365500PE,SILVERM,23OCT2026,36550000.000000,1,OPTFUT,NCO,50.000000,120,False
162167,SILVERM26OCT366500CE,SILVERM,23OCT2026,36650000.000000,1,OPTFUT,NCO,50.000000,120,False
162171,SILVERM26OCT367000CE,SILVERM,23OCT2026,36700000.000000,1,OPTFUT,NCO,50.000000,120,False
162173,SILVERM26OCT367250CE,SILVERM,23OCT2026,36725000.000000,1,OPTFUT,NCO,50.000000,120,False
162174,SILVERM26OCT367250PE,SILVERM,23OCT2026,36725000.000000,1,OPTFUT,NCO,50.000000,120,False
162176,SILVERM26OCT367500PE,SILVERM,23OCT2026,36750000.000000,1,OPTFUT,NCO,50.000000,120,False
162182,SILVERM26NOV339250PE,SILVERM,23NOV2026,33925000.000000,1,OPTFUT,NCO,50.000000,120,False
162185,SILVERM26NOV339750CE,SILVERM,23NOV2026,33975000.000000,1,OPTFUT,NCO,50.000000,120,False
162195,SILVERM26NOV341000CE,SILVERM,23NOV2026,34100000.000000,1,OPTFUT,NCO,50.000000,120,False
162207,SILVERM26NOV342500CE,SILVERM,23NOV2026,34250000.000000,1,OPTFUT,NCO,50.000000,120,False
162214,SILVERM26NOV343250PE,SILVERM,23NOV2026,34325000.000000,1,OPTFUT,NCO,50.000000,120,False
162226,SILVERM26NOV344750PE,SILVERM,23NOV2026,34475000.000000,1,OPTFUT,NCO,50.000000,120,False
162232,SILVERM26NOV345500PE,SILVERM,23NOV2026,34550000.000000,1,OPTFUT,NCO,50.000000,120,False
162244,SILVERM26NOV347000PE,SILVERM,23NOV2026,34700000.000000,1,OPTFUT,NCO,50.000000,120,False
162259,SILVERM26NOV349000CE,SILVERM,23NOV2026,34900000.000000,1,OPTFUT,NCO,50.000000,120,False
162268,SILVERM26NOV350000PE,SILVERM,23NOV2026,35000000.000000,1,OPTFUT,NCO,50.000000,120,False
162269,SILVERM26NOV350250CE,SILVERM,23NOV2026,35025000.000000,1,OPTFUT,NCO,50.000000,120,False
162274,SILVERM26NOV350750PE,SILVERM,23NOV2026,35075000.000000,1,OPTFUT,NCO,50.000000,120,False
162294,SILVERM26NOV353250PE,SILVERM,23NOV2026,35325000.000000,1,OPTFUT,NCO,50.000000,120,False
162304,SILVERM26NOV354500PE,SILVERM,23NOV2026,35450000.000000,1,OPTFUT,NCO,50.000000,120,False
162311,SILVERM26NOV355500CE,SILVERM,23NOV2026,35550000.000000,1,OPTFUT,NCO,50.000000,120,False
162317,SILVERM26NOV356250CE,SILVERM,23NOV2026,35625000.000000,1,OPTFUT,NCO,50.000000,120,False
162323,SILVERM26NOV357000CE,SILVERM,23NOV2026,35700000.000000,1,OPTFUT,NCO,50.000000,120,False
162359,SILVERM26NOV361500CE,SILVERM,23NOV2026,36150000.000000,1,OPTFUT,NCO,50.000000,120,False
162360,SILVERM26NOV361500PE,SILVERM,23NOV2026,36150000.000000,1,OPTFUT,NCO,50.000000,120,False
162364,SILVERM26NOV362000PE,SILVERM,23NOV2026,36200000.000000,1,OPTFUT,NCO,50.000000,120,False
162369,SILVERM26NOV362750CE,SILVERM,23NOV2026,36275000.000000,1,OPTFUT,NCO,50.000000,120,False
162376,SILVERM26NOV363500PE,SILVERM,23NOV2026,36350000.000000,1,OPTFUT,NCO,50.000000,120,False
162383,SILVERM26NOV364500CE,SILVERM,23NOV2026,36450000.000000,1,OPTFUT,NCO,50.000000,120,False
162417,SILVERM26NOV368750CE,SILVERM,23NOV2026,36875000.000000,1,OPTFUT,NCO,50.000000,120,False
162418,SILVERM26NOV368750PE,SILVERM,23NOV2026,36875000.000000,1,OPTFUT,NCO,50.000000,120,False
162428,SILVERM26DEC340750PE,SILVERM,23DEC2026,34075000.000000,1,OPTFUT,NCO,50.000000,120,False
162433,SILVERM26DEC341500CE,SILVERM,23DEC2026,34150000.000000,1,OPTFUT,NCO,50.000000,120,False
162439,SILVERM26DEC342250CE,SILVERM,23DEC2026,34225000.000000,1,OPTFUT,NCO,50.000000,120,False
162443,SILVERM26DEC342750CE,SILVERM,23DEC2026,34275000.000000,1,OPTFUT,NCO,50.000000,120,False
162450,SILVERM26DEC343500PE,SILVERM,23DEC2026,34350000.000000,1,OPTFUT,NCO,50.000000,120,False
162473,SILVERM26DEC346500CE,SILVERM,23DEC2026,34650000.000000,1,OPTFUT,NCO,50.000000,120,False
162463,SILVERM26DEC345250CE,SILVERM,23DEC2026,34525000.000000,1,OPTFUT,NCO,50.000000,120,False
162469,SILVERM26DEC346000CE,SILVERM,23DEC2026,34600000.000000,1,OPTFUT,NCO,50.000000,120,False
162496,SILVERM26DEC349250PE,SILVERM,23DEC2026,34925000.000000,1,OPTFUT,NCO,50.000000,120,False
162499,SILVERM26DEC349750CE,SILVERM,23DEC2026,34975000.000000,1,OPTFUT,NCO,50.000000,120,False
162502,SILVERM26DEC350000PE,SILVERM,23DEC2026,35000000.000000,1,OPTFUT,NCO,50.000000,120,False
162503,SILVERM26DEC350250CE,SILVERM,23DEC2026,35025000.000000,1,OPTFUT,NCO,50.000000,120,False
162508,SILVERM26DEC350750PE,SILVERM,23DEC2026,35075000.000000,1,OPTFUT,NCO,50.000000,120,False
162535,SILVERM26DEC354250CE,SILVERM,23DEC2026,35425000.000000,1,OPTFUT,NCO,50.000000,120,False
162540,SILVERM26DEC354750PE,SILVERM,23DEC2026,35475000.000000,1,OPTFUT,NCO,50.000000,120,False
162546,SILVERM26DEC355500PE,SILVERM,23DEC2026,35550000.000000,1,OPTFUT,NCO,50.000000,120,False
162562,SILVERM26DEC357500PE,SILVERM,23DEC2026,35750000.000000,1,OPTFUT,NCO,50.000000,120,False
162603,SILVERM26DEC362750CE,SILVERM,23DEC2026,36275000.000000,1,OPTFUT,NCO,50.000000,120,False
162609,SILVERM26DEC363500CE,SILVERM,23DEC2026,36350000.000000,1,OPTFUT,NCO,50.000000,120,False
162621,SILVERM26DEC365000CE,SILVERM,23DEC2026,36500000.000000,1,OPTFUT,NCO,50.000000,120,False
162623,SILVERM26DEC365250CE,SILVERM,23DEC2026,36525000.000000,1,OPTFUT,NCO,50.000000,120,False
162625,SILVERM26DEC365500CE,SILVERM,23DEC2026,36550000.000000,1,OPTFUT,NCO,50.000000,120,False
162637,SILVERM26DEC367000CE,SILVERM,23DEC2026,36700000.000000,1,OPTFUT,NCO,50.000000,120,False
162642,SILVERM26DEC367500PE,SILVERM,23DEC2026,36750000.000000,1,OPTFUT,NCO,50.000000,120,False
162643,SILVERM26DEC367750CE,SILVERM,23DEC2026,36775000.000000,1,OPTFUT,NCO,50.000000,120,False
162649,SILVERM26DEC368500CE,SILVERM,23DEC2026,36850000.000000,1,OPTFUT,NCO,50.000000,120,False
162650,SILVERM26DEC368500PE,SILVERM,23DEC2026,36850000.000000,1,OPTFUT,NCO,50.000000,120,False
162656,SILVERM26DEC369250PE,SILVERM,23DEC2026,36925000.000000,1,OPTFUT,NCO,50.000000,120,False
162663,SILVERM26DEC370250CE,SILVERM,23DEC2026,37025000.000000,1,OPTFUT,NCO,50.000000,120,False
162669,SILVERM26DEC371000CE,SILVERM,23DEC2026,37100000.000000,1,OPTFUT,NCO,50.000000,120,False
163952,GOLD26SEP169700PE,GOLD,25SEP2026,16970000.000000,1,OPTFUT,NCO,50.000000,10,False
163968,GOLD26SEP170500PE,GOLD,25SEP2026,17050000.000000,1,OPTFUT,NCO,50.000000,10,False
163970,GOLD26SEP170600PE,GOLD,25SEP2026,17060000.000000,1,OPTFUT,NCO,50.000000,10,False
163974,GOLD26SEP170800PE,GOLD,25SEP2026,17080000.000000,1,OPTFUT,NCO,50.000000,10,False
163989,GOLD26SEP171600CE,GOLD,25SEP2026,17160000.000000,1,OPTFUT,NCO,50.000000,10,False
164003,GOLD26SEP172300CE,GOLD,25SEP2026,17230000.000000,1,OPTFUT,NCO,50.000000,10,False
164014,GOLD26SEP172800PE,GOLD,25SEP2026,17280000.000000,1,OPTFUT,NCO,50.000000,10,False
164026,GOLD26SEP173400PE,GOLD,25SEP2026,17340000.000000,1,OPTFUT,NCO,50.000000,10,False
164037,GOLD26SEP174000CE,GOLD,25SEP2026,17400000.000000,1,OPTFUT,NCO,50.000000,10,False
164040,GOLD26SEP174100PE,GOLD,25SEP2026,17410000.000000,1,OPTFUT,NCO,50.000000,10,False
164041,GOLD26SEP174200CE,GOLD,25SEP2026,17420000.000000,1,OPTFUT,NCO,50.000000,10,False
164059,GOLD26OCT169700CE,GOLD,29OCT2026,16970000.000000,1,OPTFUT,NCO,50.000000,10,False
164069,GOLD26OCT170200CE,GOLD,29OCT2026,17020000.000000,1,OPTFUT,NCO,50.000000,10,False
164078,GOLD26OCT170600PE,GOLD,29OCT2026,17060000.000000,1,OPTFUT,NCO,50.000000,10,False
164085,GOLD26OCT171000CE,GOLD,29OCT2026,17100000.000000,1,OPTFUT,NCO,50.000000,10,False
164093,GOLD26OCT171400CE,GOLD,29OCT2026,17140000.000000,1,OPTFUT,NCO,50.000000,10,False
164126,GOLD26OCT173000PE,GOLD,29OCT2026,17300000.000000,1,OPTFUT,NCO,50.000000,10,False
164131,GOLD26OCT173300CE,GOLD,29OCT2026,17330000.000000,1,OPTFUT,NCO,50.000000,10,False
164141,GOLD26OCT173800CE,GOLD,29OCT2026,17380000.000000,1,OPTFUT,NCO,50.000000,10,False
164169,GOLD26OCT175200CE,GOLD,29OCT2026,17520000.000000,1,OPTFUT,NCO,50.000000,10,False
164183,GOLD26NOV170500CE,GOLD,27NOV2026,17050000.000000,1,OPTFUT,NCO,50.000000,10,False
164187,GOLD26NOV170700CE,GOLD,27NOV2026,17070000.000000,1,OPTFUT,NCO,50.000000,10,False
164193,GOLD26NOV171000CE,GOLD,27NOV2026,17100000.000000,1,OPTFUT,NCO,50.000000,10,False
164196,GOLD26NOV171100PE,GOLD,27NOV2026,17110000.000000,1,OPTFUT,NCO,50.000000,10,False
164203,GOLD26NOV171500CE,GOLD,27NOV2026,17150000.000000,1,OPTFUT,NCO,50.000000,10,False
164205,GOLD26NOV171600CE,GOLD,27NOV2026,17160000.000000,1,OPTFUT,NCO,50.000000,10,False
164209,GOLD26NOV171800CE,GOLD,27NOV2026,17180000.000000,1,OPTFUT,NCO,50.000000,10,False
164215,GOLD26NOV172100CE,GOLD,27NOV2026,17210000.000000,1,OPTFUT,NCO,50.000000,10,False
164217,GOLD26NOV172200CE,GOLD,27NOV2026,17220000.000000,1,OPTFUT,NCO,50.000000,10,False
164256,GOLD26NOV174100PE,GOLD,27NOV2026,17410000.000000,1,OPTFUT,NCO,50.000000,10,False
164259,GOLD26NOV174300CE,GOLD,27NOV2026,17430000.000000,1,OPTFUT,NCO,50.000000,10,False
164261,GOLD26NOV174400CE,GOLD,27NOV2026,17440000.000000,1,OPTFUT,NCO,50.000000,10,False
164275,GOLD26NOV175100CE,GOLD,27NOV2026,17510000.000000,1,OPTFUT,NCO,50.000000,10,False
164285,GOLD26NOV175600CE,GOLD,27NOV2026,17560000.000000,1,OPTFUT,NCO,50.000000,10,False
164300,GOLD26DEC170900PE,GOLD,29DEC2026,17090000.000000,1,OPTFUT,NCO,50.000000,10,False
164304,GOLD26DEC171100PE,GOLD,29DEC2026,17110000.000000,1,OPTFUT,NCO,50.000000,10,False
164310,GOLD26DEC171400PE,GOLD,29DEC2026,17140000.000000,1,OPTFUT,NCO,50.000000,10,False
164318,GOLD26DEC171800PE,GOLD,29DEC2026,17180000.000000,1,OPTFUT,NCO,50.000000,10,False
164342,GOLD26DEC173000PE,GOLD,29DEC2026,17300000.000000,1,OPTFUT,NCO,50.000000,10,False
164365,GOLD26DEC174200CE,GOLD,29DEC2026,17420000.000000,1,OPTFUT,NCO,50.000000,10,False
164371,GOLD26DEC174500CE,GOLD,29DEC2026,17450000.000000,1,OPTFUT,NCO,50.000000,10,False
164374,GOLD26DEC174600PE,GOLD,29DEC2026,17460000.000000,1,OPTFUT,NCO,50.000000,10,False
164397,GOLD26DEC175800CE,GOLD,29DEC2026,17580000.000000,1,OPTFUT,NCO,50.000000,10,False
165727,SILVERM26SEP366500CE,SILVERM,23SEP2026,36650000.000000,1,OPTFUT,NCO,50.000000,120,False
165758,SILVERM26SEP370250PE,SILVERM,23SEP2026,37025000.000000,1,OPTFUT,NCO,50.000000,120,False
165771,SILVERM26SEP372000CE,SILVERM,23SEP2026,37200000.000000,1,OPTFUT,NCO,50.000000,120,False
165777,SILVERM26SEP372750CE,SILVERM,23SEP2026,37275000.000000,1,OPTFUT,NCO,50.000000,120,False
165789,SILVERM26SEP374250CE,SILVERM,23SEP2026,37425000.000000,1,OPTFUT,NCO,50.000000,120,False
165791,SILVERM26SEP374500CE,SILVERM,23SEP2026,37450000.000000,1,OPTFUT,NCO,50.000000,120,False
165799,SILVERM26SEP375500CE,SILVERM,23SEP2026,37550000.000000,1,OPTFUT,NCO,50.000000,120,False
165821,SILVERM26SEP378250CE,SILVERM,23SEP2026,37825000.000000,1,OPTFUT,NCO,50.000000,120,False
165834,SILVERM26SEP379750PE,SILVERM,23SEP2026,37975000.000000,1,OPTFUT,NCO,50.000000,120,False
165846,SILVERM26SEP381250PE,SILVERM,23SEP2026,38125000.000000,1,OPTFUT,NCO,50.000000,120,False
165847,SILVERM26SEP381500CE,SILVERM,23SEP2026,38150000.000000,1,OPTFUT,NCO,50.000000,120,False
165848,SILVERM26SEP381500PE,SILVERM,23SEP2026,38150000.000000,1,OPTFUT,NCO,50.000000,120,False
165850,SILVERM26SEP381750PE,SILVERM,23SEP2026,38175000.000000,1,OPTFUT,NCO,50.000000,120,False
165853,SILVERM26SEP382250CE,SILVERM,23SEP2026,38225000.000000,1,OPTFUT,NCO,50.000000,120,False
165865,SILVERM26OCT369000CE,SILVERM,23OCT2026,36900000.000000,1,OPTFUT,NCO,50.000000,120,False
165871,SILVERM26OCT369750CE,SILVERM,23OCT2026,36975000.000000,1,OPTFUT,NCO,50.000000,120,False
165890,SILVERM26OCT372000PE,SILVERM,23OCT2026,37200000.000000,1,OPTFUT,NCO,50.000000,120,False
165906,SILVERM26OCT374000PE,SILVERM,23OCT2026,37400000.000000,1,OPTFUT,NCO,50.000000,120,False
165923,SILVERM26OCT376250CE,SILVERM,23OCT2026,37625000.000000,1,OPTFUT,NCO,50.000000,120,False
165931,SILVERM26OCT377250CE,SILVERM,23OCT2026,37725000.000000,1,OPTFUT,NCO,50.000000,120,False
165933,SILVERM26OCT377500CE,SILVERM,23OCT2026,37750000.000000,1,OPTFUT,NCO,50.000000,120,False
165937,SILVERM26OCT378000CE,SILVERM,23OCT2026,37800000.000000,1,OPTFUT,NCO,50.000000,120,False
165939,SILVERM26OCT378250CE,SILVERM,23OCT2026,37825000.000000,1,OPTFUT,NCO,50.000000,120,False
165951,SILVERM26OCT379750CE,SILVERM,23OCT2026,37975000.000000,1,OPTFUT,NCO,50.000000,120,False
165954,SILVERM26OCT380000PE,SILVERM,23OCT2026,38000000.000000,1,OPTFUT,NCO,50.000000,120,False
165959,SILVERM26OCT380750CE,SILVERM,23OCT2026,38075000.000000,1,OPTFUT,NCO,50.000000,120,False
165977,SILVERM26OCT383000CE,SILVERM,23OCT2026,38300000.000000,1,OPTFUT,NCO,50.000000,120,False
165979,SILVERM26OCT383250CE,SILVERM,23OCT2026,38325000.000000,1,OPTFUT,NCO,50.000000,120,False
165994,SILVERM26NOV370250PE,SILVERM,23NOV2026,37025000.000000,1,OPTFUT,NCO,50.000000,120,False
165996,SILVERM26NOV370500PE,SILVERM,23NOV2026,37050000.000000,1,OPTFUT,NCO,50.000000,120,False
165998,SILVERM26NOV370750PE,SILVERM,23NOV2026,37075000.000000,1,OPTFUT,NCO,50.000000,120,False
166017,SILVERM26NOV373250CE,SILVERM,23NOV2026,37325000.000000,1,OPTFUT,NCO,50.000000,120,False
166018,SILVERM26NOV373250PE,SILVERM,23NOV2026,37325000.000000,1,OPTFUT,NCO,50.000000,120,False
166019,SILVERM26NOV373500CE,SILVERM,23NOV2026,37350000.000000,1,OPTFUT,NCO,50.000000,120,False
166030,SILVERM26NOV374750PE,SILVERM,23NOV2026,37475000.000000,1,OPTFUT,NCO,50.000000,120,False
166032,SILVERM26NOV375000PE,SILVERM,23NOV2026,37500000.000000,1,OPTFUT,NCO,50.000000,120,False
166049,SILVERM26NOV377250CE,SILVERM,23NOV2026,37725000.000000,1,OPTFUT,NCO,50.000000,120,False
166055,SILVERM26NOV378000CE,SILVERM,23NOV2026,37800000.000000,1,OPTFUT,NCO,50.000000,120,False
166085,SILVERM26NOV381750CE,SILVERM,23NOV2026,38175000.000000,1,OPTFUT,NCO,50.000000,120,False
166096,SILVERM26NOV383000PE,SILVERM,23NOV2026,38300000.000000,1,OPTFUT,NCO,50.000000,120,False
166099,SILVERM26NOV383500CE,SILVERM,23NOV2026,38350000.000000,1,OPTFUT,NCO,50.000000,120,False
166100,SILVERM26NOV383500PE,SILVERM,23NOV2026,38350000.000000,1,OPTFUT,NCO,50.000000,120,False
166104,SILVERM26NOV384000PE,SILVERM,23NOV2026,38400000.000000,1,OPTFUT,NCO,50.000000,120,False
166112,SILVERM26NOV385000PE,SILVERM,23NOV2026,38500000.000000,1,OPTFUT,NCO,50.000000,120,False
166115,SILVERM26NOV385500CE,SILVERM,23NOV2026,38550000.000000,1,OPTFUT,NCO,50.000000,120,False
166126,SILVERM26DEC372000PE,SILVERM,23DEC2026,37200000.000000,1,OPTFUT,NCO,50.000000,120,False
166132,SILVERM26DEC372750PE,SILVERM,23DEC2026,37275000.000000,1,OPTFUT,NCO,50.000000,120,False
166134,SILVERM26DEC373000PE,SILVERM,23DEC2026,37300000.000000,1,OPTFUT,NCO,50.000000,120,False
166145,SILVERM26DEC374500CE,SILVERM,23DEC2026,37450000.000000,1,OPTFUT,NCO,50.000000,120,False
166158,SILVERM26DEC376000PE,SILVERM,23DEC2026,37600000.000000,1,OPTFUT,NCO,50.000000,120,False
166176,SILVERM26DEC378250PE,SILVERM,23DEC2026,37825000.000000,1,OPTFUT,NCO,50.000000,120,False
166181,SILVERM26DEC379000CE,SILVERM,23DEC2026,37900000.000000,1,OPTFUT,NCO,50.000000,120,False
166195,SILVERM26DEC380750CE,SILVERM,23DEC2026,38075000.000000,1,OPTFUT,NCO,50.000000,120,False
166216,SILVERM26DEC383250PE,SILVERM,23DEC2026,38325000.000000,1,OPTFUT,NCO,50.000000,120,False
166236,SILVERM26DEC385750PE,SILVERM,23DEC2026,38575000.000000,1,OPTFUT,NCO,50.000000,120,False
166245,SILVERM26DEC387000CE,SILVERM,23DEC2026,38700000.000000,1,OPTFUT,NCO,50.000000,120,False
166247,SILVERM26DEC387250CE,SILVERM,23DEC2026,38725000.000000,1,OPTFUT,NCO,50.000000,120,False
166255,SILVERM26DEC388250CE,SILVERM,23DEC2026,38825000.000000,1,OPTFUT,NCO,50.000000,120,False
168189,GOLD26SEP175000CE,GOLD,25SEP2026,17500000.000000,1,OPTFUT,NCO,50.000000,10,False
168190,GOLD26SEP175000PE,GOLD,25SEP2026,17500000.000000,1,OPTFUT,NCO,50.000000,10,False
168196,GOLD26SEP175300PE,GOLD,25SEP2026,17530000.000000,1,OPTFUT,NCO,50.000000,10,False
168215,GOLD26SEP176300CE,GOLD,25SEP2026,17630000.000000,1,OPTFUT,NCO,50.000000,10,False
168218,GOLD26SEP176400PE,GOLD,25SEP2026,17640000.000000,1,OPTFUT,NCO,50.000000,10,False
168225,GOLD26SEP176800CE,GOLD,25SEP2026,17680000.000000,1,OPTFUT,NCO,50.000000,10,False
168234,GOLD26SEP177200PE,GOLD,25SEP2026,17720000.000000,1,OPTFUT,NCO,50.000000,10,False
168235,GOLD26SEP177300CE,GOLD,25SEP2026,17730000.000000,1,OPTFUT,NCO,50.000000,10,False
168237,GOLD26SEP177400CE,GOLD,25SEP2026,17740000.000000,1,OPTFUT,NCO,50.000000,10,False
168254,GOLD26SEP178200PE,GOLD,25SEP2026,17820000.000000,1,OPTFUT,NCO,50.000000,10,False
168265,GOLD26SEP178800CE,GOLD,25SEP2026,17880000.000000,1,OPTFUT,NCO,50.000000,10,False
168276,GOLD26SEP179300PE,GOLD,25SEP2026,17930000.000000,1,OPTFUT,NCO,50.000000,10,False
168283,GOLD26SEP179700CE,GOLD,25SEP2026,17970000.000000,1,OPTFUT,NCO,50.000000,10,False
168293,GOLD26SEP180200CE,GOLD,25SEP2026,18020000.000000,1,OPTFUT,NCO,50.000000,10,False
168296,GOLD26SEP180300PE,GOLD,25SEP2026,18030000.000000,1,OPTFUT,NCO,50.000000,10,False
168298,GOLD26SEP180400PE,GOLD,25SEP2026,18040000.000000,1,OPTFUT,NCO,50.000000,10,False
168300,GOLD26SEP180500PE,GOLD,25SEP2026,18050000.000000,1,OPTFUT,NCO,50.000000,10,False
168303,GOLD26SEP180700CE,GOLD,25SEP2026,18070000.000000,1,OPTFUT,NCO,50.000000,10,False
168316,GOLD26SEP181300PE,GOLD,25SEP2026,18130000.000000,1,OPTFUT,NCO,50.000000,10,False
168336,GOLD26SEP182300PE,GOLD,25SEP2026,18230000.000000,1,OPTFUT,NCO,50.000000,10,False
168343,GOLD26SEP182700CE,GOLD,25SEP2026,18270000.000000,1,OPTFUT,NCO,50.000000,10,False
168360,GOLD26SEP183500PE,GOLD,25SEP2026,18350000.000000,1,OPTFUT,NCO,50.000000,10,False
168367,GOLD26SEP183900CE,GOLD,25SEP2026,18390000.000000,1,OPTFUT,NCO,50.000000,10,False
168370,GOLD26SEP184000PE,GOLD,25SEP2026,18400000.000000,1,OPTFUT,NCO,50.000000,10,False
168382,GOLD26SEP184600PE,GOLD,25SEP2026,18460000.000000,1,OPTFUT,NCO,50.000000,10,False
168384,GOLD26SEP184700PE,GOLD,25SEP2026,18470000.000000,1,OPTFUT,NCO,50.000000,10,False
168388,GOLD26SEP184900PE,GOLD,25SEP2026,18490000.000000,1,OPTFUT,NCO,50.000000,10,False
168394,GOLD26SEP185200PE,GOLD,25SEP2026,18520000.000000,1,OPTFUT,NCO,50.000000,10,False
168399,GOLD26OCT175500CE,GOLD,29OCT2026,17550000.000000,1,OPTFUT,NCO,50.000000,10,False
168419,GOLD26OCT176500CE,GOLD,29OCT2026,17650000.000000,1,OPTFUT,NCO,50.000000,10,False
168458,GOLD26OCT178400PE,GOLD,29OCT2026,17840000.000000,1,OPTFUT,NCO,50.000000,10,False
168459,GOLD26OCT178500CE,GOLD,29OCT2026,17850000.000000,1,OPTFUT,NCO,50.000000,10,False
168467,GOLD26OCT178900CE,GOLD,29OCT2026,17890000.000000,1,OPTFUT,NCO,50.000000,10,False
168485,GOLD26OCT179800CE,GOLD,29OCT2026,17980000.000000,1,OPTFUT,NCO,50.000000,10,False
168493,GOLD26OCT180200CE,GOLD,29OCT2026,18020000.000000,1,OPTFUT,NCO,50.000000,10,False
168494,GOLD26OCT180200PE,GOLD,29OCT2026,18020000.000000,1,OPTFUT,NCO,50.000000,10,False
168496,GOLD26OCT180300PE,GOLD,29OCT2026,18030000.000000,1,OPTFUT,NCO,50.000000,10,False
168498,GOLD26OCT180400PE,GOLD,29OCT2026,18040000.000000,1,OPTFUT,NCO,50.000000,10,False
168501,GOLD26OCT180600CE,GOLD,29OCT2026,18060000.000000,1,OPTFUT,NCO,50.000000,10,False
168511,GOLD26OCT181100CE,GOLD,29OCT2026,18110000.000000,1,OPTFUT,NCO,50.000000,10,False
168542,GOLD26OCT182600PE,GOLD,29OCT2026,18260000.000000,1,OPTFUT,NCO,50.000000,10,False
168547,GOLD26OCT182900CE,GOLD,29OCT2026,18290000.000000,1,OPTFUT,NCO,50.000000,10,False
168556,GOLD26OCT183300PE,GOLD,29OCT2026,18330000.000000,1,OPTFUT,NCO,50.000000,10,False
168559,GOLD26OCT183500CE,GOLD,29OCT2026,18350000.000000,1,OPTFUT,NCO,50.000000,10,False
168562,GOLD26OCT183600PE,GOLD,29OCT2026,18360000.000000,1,OPTFUT,NCO,50.000000,10,False
168563,GOLD26OCT183700CE,GOLD,29OCT2026,18370000.000000,1,OPTFUT,NCO,50.000000,10,False
168564,GOLD26OCT183700PE,GOLD,29OCT2026,18370000.000000,1,OPTFUT,NCO,50.000000,10,False
168570,GOLD26OCT184000PE,GOLD,29OCT2026,18400000.000000,1,OPTFUT,NCO,50.000000,10,False
168571,GOLD26OCT184100CE,GOLD,29OCT2026,18410000.000000,1,OPTFUT,NCO,50.000000,10,False
168580,GOLD26OCT184500PE,GOLD,29OCT2026,18450000.000000,1,OPTFUT,NCO,50.000000,10,False
168602,GOLD26OCT185600PE,GOLD,29OCT2026,18560000.000000,1,OPTFUT,NCO,50.000000,10,False
168608,GOLD26OCT185900PE,GOLD,29OCT2026,18590000.000000,1,OPTFUT,NCO,50.000000,10,False
168613,GOLD26OCT186200CE,GOLD,29OCT2026,18620000.000000,1,OPTFUT,NCO,50.000000,10,False
168618,GOLD26NOV176300PE,GOLD,27NOV2026,17630000.000000,1,OPTFUT,NCO,50.000000,10,False
168635,GOLD26NOV177200CE,GOLD,27NOV2026,17720000.000000,1,OPTFUT,NCO,50.000000,10,False
168642,GOLD26NOV177500PE,GOLD,27NOV2026,17750000.000000,1,OPTFUT,NCO,50.000000,10,False
168651,GOLD26NOV178000CE,GOLD,27NOV2026,17800000.000000,1,OPTFUT,NCO,50.000000,10,False
168654,GOLD26NOV178100PE,GOLD,27NOV2026,17810000.000000,1,OPTFUT,NCO,50.000000,10,False
168658,GOLD26NOV178300PE,GOLD,27NOV2026,17830000.000000,1,OPTFUT,NCO,50.000000,10,False
168659,GOLD26NOV178400CE,GOLD,27NOV2026,17840000.000000,1,OPTFUT,NCO,50.000000,10,False
168662,GOLD26NOV178500PE,GOLD,27NOV2026,17850000.000000,1,OPTFUT,NCO,50.000000,10,False
168683,GOLD26NOV179600CE,GOLD,27NOV2026,17960000.000000,1,OPTFUT,NCO,50.000000,10,False
168686,GOLD26NOV179700PE,GOLD,27NOV2026,17970000.000000,1,OPTFUT,NCO,50.000000,10,False
168688,GOLD26NOV179800PE,GOLD,27NOV2026,17980000.000000,1,OPTFUT,NCO,50.000000,10,False
168689,GOLD26NOV179900CE,GOLD,27NOV2026,17990000.000000,1,OPTFUT,NCO,50.000000,10,False
168696,GOLD26NOV180200PE,GOLD,27NOV2026,18020000.000000,1,OPTFUT,NCO,50.000000,10,False
168715,GOLD26NOV181200CE,GOLD,27NOV2026,18120000.000000,1,OPTFUT,NCO,50.000000,10,False
168721,GOLD26NOV181500CE,GOLD,27NOV2026,18150000.000000,1,OPTFUT,NCO,50.000000,10,False
168734,GOLD26NOV182100PE,GOLD,27NOV2026,18210000.000000,1,OPTFUT,NCO,50.000000,10,False
168743,GOLD26NOV182600CE,GOLD,27NOV2026,18260000.000000,1,OPTFUT,NCO,50.000000,10,False
168745,GOLD26NOV182700CE,GOLD,27NOV2026,18270000.000000,1,OPTFUT,NCO,50.000000,10,False
168755,GOLD26NOV183200CE,GOLD,27NOV2026,18320000.000000,1,OPTFUT,NCO,50.000000,10,False
168766,GOLD26NOV183700PE,GOLD,27NOV2026,18370000.000000,1,OPTFUT,NCO,50.000000,10,False
168776,GOLD26NOV184200PE,GOLD,27NOV2026,18420000.000000,1,OPTFUT,NCO,50.000000,10,False
168777,GOLD26NOV184300CE,GOLD,27NOV2026,18430000.000000,1,OPTFUT,NCO,50.000000,10,False
168792,GOLD26NOV185000PE,GOLD,27NOV2026,18500000.000000,1,OPTFUT,NCO,50.000000,10,False
168794,GOLD26NOV185100PE,GOLD,27NOV2026,18510000.000000,1,OPTFUT,NCO,50.000000,10,False
168814,GOLD26NOV186100PE,GOLD,27NOV2026,18610000.000000,1,OPTFUT,NCO,50.000000,10,False
168824,GOLD26NOV186600PE,GOLD,27NOV2026,18660000.000000,1,OPTFUT,NCO,50.000000,10,False
168837,GOLD26DEC177200CE,GOLD,29DEC2026,17720000.000000,1,OPTFUT,NCO,50.000000,10,False
168843,GOLD26DEC177500CE,GOLD,29DEC2026,17750000.000000,1,OPTFUT,NCO,50.000000,10,False
168849,GOLD26DEC177800CE,GOLD,29DEC2026,17780000.000000,1,OPTFUT,NCO,50.000000,10,False
168862,GOLD26DEC178400PE,GOLD,29DEC2026,17840000.000000,1,OPTFUT,NCO,50.000000,10,False
168865,GOLD26DEC178600CE,GOLD,29DEC2026,17860000.000000,1,OPTFUT,NCO,50.000000,10,False
168875,GOLD26DEC179100CE,GOLD,29DEC2026,17910000.000000,1,OPTFUT,NCO,50.000000,10,False
168880,GOLD26DEC179300PE,GOLD,29DEC2026,17930000.000000,1,OPTFUT,NCO,50.000000,10,False
168900,GOLD26DEC180300PE,GOLD,29DEC2026,18030000.000000,1,OPTFUT,NCO,50.000000,10,False
168907,GOLD26DEC180700CE,GOLD,29DEC2026,18070000.000000,1,OPTFUT,NCO,50.000000,10,False
168915,GOLD26DEC181100CE,GOLD,29DEC2026,18110000.000000,1,OPTFUT,NCO,50.000000,10,False
168920,GOLD26DEC181300PE,GOLD,29DEC2026,18130000.000000,1,OPTFUT,NCO,50.000000,10,False
168928,GOLD26DEC181700PE,GOLD,29DEC2026,18170000.000000,1,OPTFUT,NCO,50.000000,10,False
168943,GOLD26DEC182500CE,GOLD,29DEC2026,18250000.000000,1,OPTFUT,NCO,50.000000,10,False
168945,GOLD26DEC182600CE,GOLD,29DEC2026,18260000.000000,1,OPTFUT,NCO,50.000000,10,False
168954,GOLD26DEC183000PE,GOLD,29DEC2026,18300000.000000,1,OPTFUT,NCO,50.000000,10,False
168957,GOLD26DEC183200CE,GOLD,29DEC2026,18320000.000000,1,OPTFUT,NCO,50.000000,10,False
168960,GOLD26DEC183300PE,GOLD,29DEC2026,18330000.000000,1,OPTFUT,NCO,50.000000,10,False
168968,GOLD26DEC183700PE,GOLD,29DEC2026,18370000.000000,1,OPTFUT,NCO,50.000000,10,False
168990,GOLD26DEC184800PE,GOLD,29DEC2026,18480000.000000,1,OPTFUT,NCO,50.000000,10,False
168970,GOLD26DEC183800PE,GOLD,29DEC2026,18380000.000000,1,OPTFUT,NCO,50.000000,10,False
168988,GOLD26DEC184700PE,GOLD,29DEC2026,18470000.000000,1,OPTFUT,NCO,50.000000,10,False
168989,GOLD26DEC184800CE,GOLD,29DEC2026,18480000.000000,1,OPTFUT,NCO,50.000000,10,False
168995,GOLD26DEC185100CE,GOLD,29DEC2026,18510000.000000,1,OPTFUT,NCO,50.000000,10,False
169004,GOLD26DEC185500PE,GOLD,29DEC2026,18550000.000000,1,OPTFUT,NCO,50.000000,10,False
169014,GOLD26DEC186000PE,GOLD,29DEC2026,18600000.000000,1,OPTFUT,NCO,50.000000,10,False
169015,GOLD26DEC186100CE,GOLD,29DEC2026,18610000.000000,1,OPTFUT,NCO,50.000000,10,False
148762,SILVERM26DEC229000PE,SILVERM,23DEC2026,22900000.000000,1,OPTFUT,NCO,50.000000,120,False
148770,SILVERM26DEC230000PE,SILVERM,23DEC2026,23000000.000000,1,OPTFUT,NCO,50.000000,120,False
148782,SILVERM26DEC231500PE,SILVERM,23DEC2026,23150000.000000,1,OPTFUT,NCO,50.000000,120,False
148839,SILVERM26DEC232500CE,SILVERM,23DEC2026,23250000.000000,1,OPTFUT,NCO,50.000000,120,False
148846,SILVERM26DEC233250PE,SILVERM,23DEC2026,23325000.000000,1,OPTFUT,NCO,50.000000,120,False
148854,GOLD26SEP166600PE,GOLD,25SEP2026,16660000.000000,1,OPTFUT,NCO,50.000000,10,False
148873,GOLD26SEP167600CE,GOLD,25SEP2026,16760000.000000,1,OPTFUT,NCO,50.000000,10,False
148881,GOLD26SEP168000CE,GOLD,25SEP2026,16800000.000000,1,OPTFUT,NCO,50.000000,10,False
148899,SILVERM26DEC233750CE,SILVERM,23DEC2026,23375000.000000,1,OPTFUT,NCO,50.000000,120,False
148903,SILVERM26DEC234250CE,SILVERM,23DEC2026,23425000.000000,1,OPTFUT,NCO,50.000000,120,False
148910,SILVERM26DEC235000PE,SILVERM,23DEC2026,23500000.000000,1,OPTFUT,NCO,50.000000,120,False
148918,SILVERM26DEC236000PE,SILVERM,23DEC2026,23600000.000000,1,OPTFUT,NCO,50.000000,120,False
148930,SILVERM27JAN215000PE,SILVERM,21JAN2027,21500000.000000,1,OPTFUT,NCO,50.000000,120,False
148941,SILVERM27JAN216500CE,SILVERM,21JAN2027,21650000.000000,1,OPTFUT,NCO,50.000000,120,False
149243,SILVERM26SEP273750CE,SILVERM,23SEP2026,27375000.000000,1,OPTFUT,NCO,50.000000,120,False
149250,SILVERM26SEP274500PE,SILVERM,23SEP2026,27450000.000000,1,OPTFUT,NCO,50.000000,120,False
149259,SILVERM26SEP275750CE,SILVERM,23SEP2026,27575000.000000,1,OPTFUT,NCO,50.000000,120,False
149260,SILVERM26SEP275750PE,SILVERM,23SEP2026,27575000.000000,1,OPTFUT,NCO,50.000000,120,False
149261,SILVERM26SEP276000CE,SILVERM,23SEP2026,27600000.000000,1,OPTFUT,NCO,50.000000,120,False
149299,SILVERM26OCT275750CE,SILVERM,23OCT2026,27575000.000000,1,OPTFUT,NCO,50.000000,120,False
149305,SILVERM26OCT276500CE,SILVERM,23OCT2026,27650000.000000,1,OPTFUT,NCO,50.000000,120,False
149337,SILVERM26OCT280500CE,SILVERM,23OCT2026,28050000.000000,1,OPTFUT,NCO,50.000000,120,False
149374,SILVERM26NOV280000PE,SILVERM,23NOV2026,28000000.000000,1,OPTFUT,NCO,50.000000,120,False
149388,SILVERM26NOV281750PE,SILVERM,23NOV2026,28175000.000000,1,OPTFUT,NCO,50.000000,120,False
149393,SILVERM26NOV282500CE,SILVERM,23NOV2026,28250000.000000,1,OPTFUT,NCO,50.000000,120,False
149398,SILVERM26DEC278000PE,SILVERM,23DEC2026,27800000.000000,1,OPTFUT,NCO,50.000000,120,False
149414,SILVERM26DEC280000PE,SILVERM,23DEC2026,28000000.000000,1,OPTFUT,NCO,50.000000,120,False
149424,SILVERM26DEC281250PE,SILVERM,23DEC2026,28125000.000000,1,OPTFUT,NCO,50.000000,120,False
149428,SILVERM26DEC281750PE,SILVERM,23DEC2026,28175000.000000,1,OPTFUT,NCO,50.000000,120,False
149429,SILVERM26DEC282000CE,SILVERM,23DEC2026,28200000.000000,1,OPTFUT,NCO,50.000000,120,False
149449,SILVERM27JAN217000CE,SILVERM,21JAN2027,21700000.000000,1,OPTFUT,NCO,50.000000,120,False
149455,GOLD26OCT164900CE,GOLD,29OCT2026,16490000.000000,1,OPTFUT,NCO,50.000000,10,False
149463,SILVERM27JAN218000CE,SILVERM,21JAN2027,21800000.000000,1,OPTFUT,NCO,50.000000,120,False
149490,SILVERM27JAN220000PE,SILVERM,21JAN2027,22000000.000000,1,OPTFUT,NCO,50.000000,120,False
149498,SILVERM27JAN221000PE,SILVERM,21JAN2027,22100000.000000,1,OPTFUT,NCO,50.000000,120,False
149499,SILVERM27JAN221250CE,SILVERM,21JAN2027,22125000.000000,1,OPTFUT,NCO,50.000000,120,False
149504,SILVERM27JAN221750PE,SILVERM,21JAN2027,22175000.000000,1,OPTFUT,NCO,50.000000,120,False
149512,SILVERM27JAN222750PE,SILVERM,21JAN2027,22275000.000000,1,OPTFUT,NCO,50.000000,120,False
149513,SILVERM27JAN223000CE,SILVERM,21JAN2027,22300000.000000,1,OPTFUT,NCO,50.000000,120,False
149529,SILVERM27JAN225000CE,SILVERM,21JAN2027,22500000.000000,1,OPTFUT,NCO,50.000000,120,False
149539,SILVERM27JAN226250CE,SILVERM,21JAN2027,22625000.000000,1,OPTFUT,NCO,50.000000,120,False
149551,SILVERM27JAN227750CE,SILVERM,21JAN2027,22775000.000000,1,OPTFUT,NCO,50.000000,120,False
149553,SILVERM27JAN228000CE,SILVERM,21JAN2027,22800000.000000,1,OPTFUT,NCO,50.000000,120,False
149556,SILVERM27JAN228250PE,SILVERM,21JAN2027,22825000.000000,1,OPTFUT,NCO,50.000000,120,False
149558,SILVERM27JAN228500PE,SILVERM,21JAN2027,22850000.000000,1,OPTFUT,NCO,50.000000,120,False
149559,SILVERM27JAN228750CE,SILVERM,21JAN2027,22875000.000000,1,OPTFUT,NCO,50.000000,120,False
149572,SILVERM27JAN230250PE,SILVERM,21JAN2027,23025000.000000,1,OPTFUT,NCO,50.000000,120,False
149577,SILVERM27JAN231000CE,SILVERM,21JAN2027,23100000.000000,1,OPTFUT,NCO,50.000000,120,False
149601,SILVERM27JAN234000CE,SILVERM,21JAN2027,23400000.000000,1,OPTFUT,NCO,50.000000,120,False
149604,SILVERM27JAN234250PE,SILVERM,21JAN2027,23425000.000000,1,OPTFUT,NCO,50.000000,120,False
149607,SILVERM27JAN234750CE,SILVERM,21JAN2027,23475000.000000,1,OPTFUT,NCO,50.000000,120,False
149612,SILVERM27JAN235250PE,SILVERM,21JAN2027,23525000.000000,1,OPTFUT,NCO,50.000000,120,False
149615,SILVERM27JAN235750CE,SILVERM,21JAN2027,23575000.000000,1,OPTFUT,NCO,50.000000,120,False
149622,SILVERM27JAN236500PE,SILVERM,21JAN2027,23650000.000000,1,OPTFUT,NCO,50.000000,120,False
149624,SILVERM27JAN236750PE,SILVERM,21JAN2027,23675000.000000,1,OPTFUT,NCO,50.000000,120,False
149628,SILVERM27JAN237250PE,SILVERM,21JAN2027,23725000.000000,1,OPTFUT,NCO,50.000000,120,False
149924,SILVERM27FEB216250PE,SILVERM,19FEB2027,21625000.000000,1,OPTFUT,NCO,50.000000,120,False
149928,SILVERM27FEB216750PE,SILVERM,19FEB2027,21675000.000000,1,OPTFUT,NCO,50.000000,120,False
149936,SILVERM27FEB217750PE,SILVERM,19FEB2027,21775000.000000,1,OPTFUT,NCO,50.000000,120,False
149944,SILVERM27FEB218750PE,SILVERM,19FEB2027,21875000.000000,1,OPTFUT,NCO,50.000000,120,False
149946,SILVERM27FEB219000PE,SILVERM,19FEB2027,21900000.000000,1,OPTFUT,NCO,50.000000,120,False
149948,SILVERM27FEB219250PE,SILVERM,19FEB2027,21925000.000000,1,OPTFUT,NCO,50.000000,120,False
149968,SILVERM27FEB221750PE,SILVERM,19FEB2027,22175000.000000,1,OPTFUT,NCO,50.000000,120,False
150153,GOLD26SEP149400CE,GOLD,25SEP2026,14940000.000000,1,OPTFUT,NCO,50.000000,10,False
150155,GOLD26SEP149500CE,GOLD,25SEP2026,14950000.000000,1,OPTFUT,NCO,50.000000,10,False
150161,GOLD26SEP149800CE,GOLD,25SEP2026,14980000.000000,1,OPTFUT,NCO,50.000000,10,False
150170,GOLD26OCT149500PE,GOLD,29OCT2026,14950000.000000,1,OPTFUT,NCO,50.000000,10,False
150175,GOLD26OCT149800CE,GOLD,29OCT2026,14980000.000000,1,OPTFUT,NCO,50.000000,10,False
150184,GOLD26OCT150200PE,GOLD,29OCT2026,15020000.000000,1,OPTFUT,NCO,50.000000,10,False
150188,GOLD26OCT150400PE,GOLD,29OCT2026,15040000.000000,1,OPTFUT,NCO,50.000000,10,False
150189,GOLD26OCT150500CE,GOLD,29OCT2026,15050000.000000,1,OPTFUT,NCO,50.000000,10,False
150190,GOLD26OCT150500PE,GOLD,29OCT2026,15050000.000000,1,OPTFUT,NCO,50.000000,10,False
150192,GOLD26OCT150600PE,GOLD,29OCT2026,15060000.000000,1,OPTFUT,NCO,50.000000,10,False
150200,GOLD26NOV150200PE,GOLD,27NOV2026,15020000.000000,1,OPTFUT,NCO,50.000000,10,False
150201,GOLD26NOV150300CE,GOLD,27NOV2026,15030000.000000,1,OPTFUT,NCO,50.000000,10,False
150218,GOLD26NOV151100PE,GOLD,27NOV2026,15110000.000000,1,OPTFUT,NCO,50.000000,10,False
150220,GOLD26NOV151200PE,GOLD,27NOV2026,15120000.000000,1,OPTFUT,NCO,50.000000,10,False
150249,GOLD26DEC152000CE,GOLD,29DEC2026,15200000.000000,1,OPTFUT,NCO,50.000000,10,False
150256,SILVERM27FEB222000PE,SILVERM,19FEB2027,22200000.000000,1,OPTFUT,NCO,50.000000,120,False
150259,SILVERM27FEB222500CE,SILVERM,19FEB2027,22250000.000000,1,OPTFUT,NCO,50.000000,120,False
150269,SILVERM27FEB223750CE,SILVERM,19FEB2027,22375000.000000,1,OPTFUT,NCO,50.000000,120,False
150276,SILVERM27FEB224500PE,SILVERM,19FEB2027,22450000.000000,1,OPTFUT,NCO,50.000000,120,False
150282,SILVERM27FEB225250PE,SILVERM,19FEB2027,22525000.000000,1,OPTFUT,NCO,50.000000,120,False
150284,SILVERM27FEB225500PE,SILVERM,19FEB2027,22550000.000000,1,OPTFUT,NCO,50.000000,120,False
150304,SILVERM27FEB228000PE,SILVERM,19FEB2027,22800000.000000,1,OPTFUT,NCO,50.000000,120,False
150344,GOLD26OCT165500PE,GOLD,29OCT2026,16550000.000000,1,OPTFUT,NCO,50.000000,10,False
150349,GOLD26OCT165800CE,GOLD,29OCT2026,16580000.000000,1,OPTFUT,NCO,50.000000,10,False
150359,GOLD26OCT166300CE,GOLD,29OCT2026,16630000.000000,1,OPTFUT,NCO,50.000000,10,False
150373,GOLD26OCT167000CE,GOLD,29OCT2026,16700000.000000,1,OPTFUT,NCO,50.000000,10,False
150374,GOLD26OCT167000PE,GOLD,29OCT2026,16700000.000000,1,OPTFUT,NCO,50.000000,10,False
150376,GOLD26OCT167100PE,GOLD,29OCT2026,16710000.000000,1,OPTFUT,NCO,50.000000,10,False
150406,GOLD26OCT168600PE,GOLD,29OCT2026,16860000.000000,1,OPTFUT,NCO,50.000000,10,False
150417,GOLD26NOV165300CE,GOLD,27NOV2026,16530000.000000,1,OPTFUT,NCO,50.000000,10,False
150420,GOLD26NOV165400PE,GOLD,27NOV2026,16540000.000000,1,OPTFUT,NCO,50.000000,10,False
150423,GOLD26NOV165600CE,GOLD,27NOV2026,16560000.000000,1,OPTFUT,NCO,50.000000,10,False
150430,GOLD26NOV165900PE,GOLD,27NOV2026,16590000.000000,1,OPTFUT,NCO,50.000000,10,False
150432,GOLD26NOV166000PE,GOLD,27NOV2026,16600000.000000,1,OPTFUT,NCO,50.000000,10,False
150437,GOLD26NOV166300CE,GOLD,27NOV2026,16630000.000000,1,OPTFUT,NCO,50.000000,10,False
150451,GOLD26NOV167000CE,GOLD,27NOV2026,16700000.000000,1,OPTFUT,NCO,50.000000,10,False
150458,GOLD26NOV167300PE,GOLD,27NOV2026,16730000.000000,1,OPTFUT,NCO,50.000000,10,False
150460,GOLD26NOV167400PE,GOLD,27NOV2026,16740000.000000,1,OPTFUT,NCO,50.000000,10,False
150467,GOLD26NOV167800CE,GOLD,27NOV2026,16780000.000000,1,OPTFUT,NCO,50.000000,10,False
150472,GOLD26NOV168000PE,GOLD,27NOV2026,16800000.000000,1,OPTFUT,NCO,50.000000,10,False
150479,GOLD26NOV168400CE,GOLD,27NOV2026,16840000.000000,1,OPTFUT,NCO,50.000000,10,False
150536,SILVERM27FEB232500PE,SILVERM,19FEB2027,23250000.000000,1,OPTFUT,NCO,50.000000,120,False
150549,SILVERM27FEB234250CE,SILVERM,19FEB2027,23425000.000000,1,OPTFUT,NCO,50.000000,120,False
150578,SILVERM27FEB237750PE,SILVERM,19FEB2027,23775000.000000,1,OPTFUT,NCO,50.000000,120,False
150579,SILVERM27FEB238000CE,SILVERM,19FEB2027,23800000.000000,1,OPTFUT,NCO,50.000000,120,False
150584,SILVERM27FEB238500PE,SILVERM,19FEB2027,23850000.000000,1,OPTFUT,NCO,50.000000,120,False
151725,SILVERM26SEP281750CE,SILVERM,23SEP2026,28175000.000000,1,OPTFUT,NCO,50.000000,120,False
151743,SILVERM26SEP284000CE,SILVERM,23SEP2026,28400000.000000,1,OPTFUT,NCO,50.000000,120,False
151771,SILVERM26SEP287500CE,SILVERM,23SEP2026,28750000.000000,1,OPTFUT,NCO,50.000000,120,False
151774,SILVERM26SEP287750PE,SILVERM,23SEP2026,28775000.000000,1,OPTFUT,NCO,50.000000,120,False
151776,SILVERM26SEP288000PE,SILVERM,23SEP2026,28800000.000000,1,OPTFUT,NCO,50.000000,120,False
151788,SILVERM26SEP289500PE,SILVERM,23SEP2026,28950000.000000,1,OPTFUT,NCO,50.000000,120,False
151800,SILVERM26SEP291000PE,SILVERM,23SEP2026,29100000.000000,1,OPTFUT,NCO,50.000000,120,False
151802,SILVERM26SEP291250PE,SILVERM,23SEP2026,29125000.000000,1,OPTFUT,NCO,50.000000,120,False
151804,SILVERM26SEP291500PE,SILVERM,23SEP2026,29150000.000000,1,OPTFUT,NCO,50.000000,120,False
151816,SILVERM26SEP293000PE,SILVERM,23SEP2026,29300000.000000,1,OPTFUT,NCO,50.000000,120,False
151831,SILVERM26SEP295000CE,SILVERM,23SEP2026,29500000.000000,1,OPTFUT,NCO,50.000000,120,False
151833,SILVERM26SEP295250CE,SILVERM,23SEP2026,29525000.000000,1,OPTFUT,NCO,50.000000,120,False
151844,SILVERM26SEP296500PE,SILVERM,23SEP2026,29650000.000000,1,OPTFUT,NCO,50.000000,120,False
151858,SILVERM26SEP298250PE,SILVERM,23SEP2026,29825000.000000,1,OPTFUT,NCO,50.000000,120,False
151863,SILVERM26SEP299000CE,SILVERM,23SEP2026,29900000.000000,1,OPTFUT,NCO,50.000000,120,False
151871,SILVERM26SEP300000CE,SILVERM,23SEP2026,30000000.000000,1,OPTFUT,NCO,50.000000,120,False
151878,SILVERM26SEP300750PE,SILVERM,23SEP2026,30075000.000000,1,OPTFUT,NCO,50.000000,120,False
151908,SILVERM26OCT284000PE,SILVERM,23OCT2026,28400000.000000,1,OPTFUT,NCO,50.000000,120,False
151912,SILVERM26OCT284500PE,SILVERM,23OCT2026,28450000.000000,1,OPTFUT,NCO,50.000000,120,False
151916,SILVERM26OCT285000PE,SILVERM,23OCT2026,28500000.000000,1,OPTFUT,NCO,50.000000,120,False
151917,SILVERM26OCT285250CE,SILVERM,23OCT2026,28525000.000000,1,OPTFUT,NCO,50.000000,120,False
151927,SILVERM26OCT286500CE,SILVERM,23OCT2026,28650000.000000,1,OPTFUT,NCO,50.000000,120,False
151954,SILVERM26OCT289750PE,SILVERM,23OCT2026,28975000.000000,1,OPTFUT,NCO,50.000000,120,False
151977,SILVERM26OCT292750CE,SILVERM,23OCT2026,29275000.000000,1,OPTFUT,NCO,50.000000,120,False
151981,SILVERM26OCT293250CE,SILVERM,23OCT2026,29325000.000000,1,OPTFUT,NCO,50.000000,120,False
151992,SILVERM26OCT294500PE,SILVERM,23OCT2026,29450000.000000,1,OPTFUT,NCO,50.000000,120,False
151998,SILVERM26OCT295250PE,SILVERM,23OCT2026,29525000.000000,1,OPTFUT,NCO,50.000000,120,False
152004,SILVERM26OCT296000PE,SILVERM,23OCT2026,29600000.000000,1,OPTFUT,NCO,50.000000,120,False
152005,SILVERM26OCT296250CE,SILVERM,23OCT2026,29625000.000000,1,OPTFUT,NCO,50.000000,120,False
152015,SILVERM26OCT297500CE,SILVERM,23OCT2026,29750000.000000,1,OPTFUT,NCO,50.000000,120,False
152017,SILVERM26OCT297750CE,SILVERM,23OCT2026,29775000.000000,1,OPTFUT,NCO,50.000000,120,False
152018,SILVERM26OCT297750PE,SILVERM,23OCT2026,29775000.000000,1,OPTFUT,NCO,50.000000,120,False
152028,SILVERM26OCT299000PE,SILVERM,23OCT2026,29900000.000000,1,OPTFUT,NCO,50.000000,120,False
152030,SILVERM26OCT299250PE,SILVERM,23OCT2026,29925000.000000,1,OPTFUT,NCO,50.000000,120,False
152041,SILVERM26OCT300750CE,SILVERM,23OCT2026,30075000.000000,1,OPTFUT,NCO,50.000000,120,False
152048,SILVERM26OCT301500PE,SILVERM,23OCT2026,30150000.000000,1,OPTFUT,NCO,50.000000,120,False
152054,SILVERM26OCT302250PE,SILVERM,23OCT2026,30225000.000000,1,OPTFUT,NCO,50.000000,120,False
152062,SILVERM26OCT303250PE,SILVERM,23OCT2026,30325000.000000,1,OPTFUT,NCO,50.000000,120,False
152063,SILVERM26NOV283000CE,SILVERM,23NOV2026,28300000.000000,1,OPTFUT,NCO,50.000000,120,False
152098,SILVERM26NOV287250PE,SILVERM,23NOV2026,28725000.000000,1,OPTFUT,NCO,50.000000,120,False
152068,SILVERM26NOV283500PE,SILVERM,23NOV2026,28350000.000000,1,OPTFUT,NCO,50.000000,120,False
152069,SILVERM26NOV283750CE,SILVERM,23NOV2026,28375000.000000,1,OPTFUT,NCO,50.000000,120,False
152078,SILVERM26NOV284750PE,SILVERM,23NOV2026,28475000.000000,1,OPTFUT,NCO,50.000000,120,False
152103,SILVERM26NOV288000CE,SILVERM,23NOV2026,28800000.000000,1,OPTFUT,NCO,50.000000,120,False
152112,SILVERM26NOV289000PE,SILVERM,23NOV2026,28900000.000000,1,OPTFUT,NCO,50.000000,120,False
152115,SILVERM26NOV289500CE,SILVERM,23NOV2026,28950000.000000,1,OPTFUT,NCO,50.000000,120,False
152120,SILVERM26NOV290000PE,SILVERM,23NOV2026,29000000.000000,1,OPTFUT,NCO,50.000000,120,False
152125,SILVERM26NOV290750CE,SILVERM,23NOV2026,29075000.000000,1,OPTFUT,NCO,50.000000,120,False
152127,SILVERM26NOV291000CE,SILVERM,23NOV2026,29100000.000000,1,OPTFUT,NCO,50.000000,120,False
152135,SILVERM26NOV292000CE,SILVERM,23NOV2026,29200000.000000,1,OPTFUT,NCO,50.000000,120,False
152138,SILVERM26NOV292250PE,SILVERM,23NOV2026,29225000.000000,1,OPTFUT,NCO,50.000000,120,False
152141,SILVERM26NOV292750CE,SILVERM,23NOV2026,29275000.000000,1,OPTFUT,NCO,50.000000,120,False
152146,SILVERM26NOV293250PE,SILVERM,23NOV2026,29325000.000000,1,OPTFUT,NCO,50.000000,120,False
152155,SILVERM26NOV294500CE,SILVERM,23NOV2026,29450000.000000,1,OPTFUT,NCO,50.000000,120,False
152169,SILVERM26NOV296250CE,SILVERM,23NOV2026,29625000.000000,1,OPTFUT,NCO,50.000000,120,False
152182,SILVERM26NOV297750PE,SILVERM,23NOV2026,29775000.000000,1,OPTFUT,NCO,50.000000,120,False
152196,SILVERM26NOV299500PE,SILVERM,23NOV2026,29950000.000000,1,OPTFUT,NCO,50.000000,120,False
152199,SILVERM26NOV300000CE,SILVERM,23NOV2026,30000000.000000,1,OPTFUT,NCO,50.000000,120,False
152203,SILVERM26NOV300500CE,SILVERM,23NOV2026,30050000.000000,1,OPTFUT,NCO,50.000000,120,False
152230,SILVERM26NOV303750PE,SILVERM,23NOV2026,30375000.000000,1,OPTFUT,NCO,50.000000,120,False
152237,SILVERM26NOV304750CE,SILVERM,23NOV2026,30475000.000000,1,OPTFUT,NCO,50.000000,120,False
152261,SILVERM26DEC287250CE,SILVERM,23DEC2026,28725000.000000,1,OPTFUT,NCO,50.000000,120,False
152277,SILVERM26DEC289250CE,SILVERM,23DEC2026,28925000.000000,1,OPTFUT,NCO,50.000000,120,False
152287,SILVERM26DEC290500CE,SILVERM,23DEC2026,29050000.000000,1,OPTFUT,NCO,50.000000,120,False
152290,SILVERM26DEC290750PE,SILVERM,23DEC2026,29075000.000000,1,OPTFUT,NCO,50.000000,120,False
152309,SILVERM26DEC293250CE,SILVERM,23DEC2026,29325000.000000,1,OPTFUT,NCO,50.000000,120,False
152293,SILVERM26DEC291250CE,SILVERM,23DEC2026,29125000.000000,1,OPTFUT,NCO,50.000000,120,False
152343,SILVERM26DEC297500CE,SILVERM,23DEC2026,29750000.000000,1,OPTFUT,NCO,50.000000,120,False
152345,SILVERM26DEC297750CE,SILVERM,23DEC2026,29775000.000000,1,OPTFUT,NCO,50.000000,120,False
152353,SILVERM26DEC298750CE,SILVERM,23DEC2026,29875000.000000,1,OPTFUT,NCO,50.000000,120,False
152361,SILVERM26DEC299750CE,SILVERM,23DEC2026,29975000.000000,1,OPTFUT,NCO,50.000000,120,False
152364,SILVERM26DEC300000PE,SILVERM,23DEC2026,30000000.000000,1,OPTFUT,NCO,50.000000,120,False
152369,SILVERM26DEC300750CE,SILVERM,23DEC2026,30075000.000000,1,OPTFUT,NCO,50.000000,120,False
152372,SILVERM26DEC301000PE,SILVERM,23DEC2026,30100000.000000,1,OPTFUT,NCO,50.000000,120,False
152377,SILVERM26DEC301750CE,SILVERM,23DEC2026,30175000.000000,1,OPTFUT,NCO,50.000000,120,False
152381,SILVERM26DEC302250CE,SILVERM,23DEC2026,30225000.000000,1,OPTFUT,NCO,50.000000,120,False
152386,SILVERM26DEC302750PE,SILVERM,23DEC2026,30275000.000000,1,OPTFUT,NCO,50.000000,120,False
152389,SILVERM26DEC303250CE,SILVERM,23DEC2026,30325000.000000,1,OPTFUT,NCO,50.000000,120,False
152396,SILVERM26DEC304000PE,SILVERM,23DEC2026,30400000.000000,1,OPTFUT,NCO,50.000000,120,False
152400,SILVERM26DEC304500PE,SILVERM,23DEC2026,30450000.000000,1,OPTFUT,NCO,50.000000,120,False
152404,SILVERM26DEC305000PE,SILVERM,23DEC2026,30500000.000000,1,OPTFUT,NCO,50.000000,120,False
152413,SILVERM26DEC306250CE,SILVERM,23DEC2026,30625000.000000,1,OPTFUT,NCO,50.000000,120,False
152957,GOLD26SEP150300CE,GOLD,25SEP2026,15030000.000000,1,OPTFUT,NCO,50.000000,10,False
152965,GOLD26SEP150700CE,GOLD,25SEP2026,15070000.000000,1,OPTFUT,NCO,50.000000,10,False
152991,GOLD26SEP152000CE,GOLD,25SEP2026,15200000.000000,1,OPTFUT,NCO,50.000000,10,False
152998,GOLD26SEP152300PE,GOLD,25SEP2026,15230000.000000,1,OPTFUT,NCO,50.000000,10,False
153032,GOLD26OCT152300PE,GOLD,29OCT2026,15230000.000000,1,OPTFUT,NCO,50.000000,10,False
153033,GOLD26OCT152400CE,GOLD,29OCT2026,15240000.000000,1,OPTFUT,NCO,50.000000,10,False
153063,GOLD26NOV152200CE,GOLD,27NOV2026,15220000.000000,1,OPTFUT,NCO,50.000000,10,False
153081,GOLD26NOV153100CE,GOLD,27NOV2026,15310000.000000,1,OPTFUT,NCO,50.000000,10,False
153085,GOLD26NOV153300CE,GOLD,27NOV2026,15330000.000000,1,OPTFUT,NCO,50.000000,10,False
153094,GOLD26NOV153700PE,GOLD,27NOV2026,15370000.000000,1,OPTFUT,NCO,50.000000,10,False
153144,GOLD26DEC154500PE,GOLD,29DEC2026,15450000.000000,1,OPTFUT,NCO,50.000000,10,False
153299,GOLD26DEC166400CE,GOLD,29DEC2026,16640000.000000,1,OPTFUT,NCO,50.000000,10,False
153301,GOLD26DEC166500CE,GOLD,29DEC2026,16650000.000000,1,OPTFUT,NCO,50.000000,10,False
153308,GOLD26DEC166800PE,GOLD,29DEC2026,16680000.000000,1,OPTFUT,NCO,50.000000,10,False
153312,GOLD26DEC167000PE,GOLD,29DEC2026,16700000.000000,1,OPTFUT,NCO,50.000000,10,False
153327,GOLD26DEC167800CE,GOLD,29DEC2026,16780000.000000,1,OPTFUT,NCO,50.000000,10,False
153329,GOLD26DEC167900CE,GOLD,29DEC2026,16790000.000000,1,OPTFUT,NCO,50.000000,10,False
153333,GOLD26DEC168100CE,GOLD,29DEC2026,16810000.000000,1,OPTFUT,NCO,50.000000,10,False
153339,GOLD26DEC168400CE,GOLD,29DEC2026,16840000.000000,1,OPTFUT,NCO,50.000000,10,False
153346,GOLD26DEC168700PE,GOLD,29DEC2026,16870000.000000,1,OPTFUT,NCO,50.000000,10,False
153361,GOLD26DEC169500CE,GOLD,29DEC2026,16950000.000000,1,OPTFUT,NCO,50.000000,10,False
153363,GOLD26DEC169600CE,GOLD,29DEC2026,16960000.000000,1,OPTFUT,NCO,50.000000,10,False
153933,SILVERM26SEP304500CE,SILVERM,23SEP2026,30450000.000000,1,OPTFUT,NCO,50.000000,120,False
153944,SILVERM26SEP305750PE,SILVERM,23SEP2026,30575000.000000,1,OPTFUT,NCO,50.000000,120,False
153954,SILVERM26SEP307000PE,SILVERM,23SEP2026,30700000.000000,1,OPTFUT,NCO,50.000000,120,False
153959,SILVERM26SEP307750CE,SILVERM,23SEP2026,30775000.000000,1,OPTFUT,NCO,50.000000,120,False
153980,SILVERM26SEP310250PE,SILVERM,23SEP2026,31025000.000000,1,OPTFUT,NCO,50.000000,120,False
153987,SILVERM26SEP311250CE,SILVERM,23SEP2026,31125000.000000,1,OPTFUT,NCO,50.000000,120,False
153995,SILVERM26OCT303500CE,SILVERM,23OCT2026,30350000.000000,1,OPTFUT,NCO,50.000000,120,False
153997,SILVERM26OCT303750CE,SILVERM,23OCT2026,30375000.000000,1,OPTFUT,NCO,50.000000,120,False
154042,SILVERM26OCT309250PE,SILVERM,23OCT2026,30925000.000000,1,OPTFUT,NCO,50.000000,120,False
154056,SILVERM26OCT311000PE,SILVERM,23OCT2026,31100000.000000,1,OPTFUT,NCO,50.000000,120,False
154058,SILVERM26OCT311250PE,SILVERM,23OCT2026,31125000.000000,1,OPTFUT,NCO,50.000000,120,False
154064,SILVERM26OCT312000PE,SILVERM,23OCT2026,31200000.000000,1,OPTFUT,NCO,50.000000,120,False
154085,SILVERM26NOV306000CE,SILVERM,23NOV2026,30600000.000000,1,OPTFUT,NCO,50.000000,120,False
154093,SILVERM26NOV307000CE,SILVERM,23NOV2026,30700000.000000,1,OPTFUT,NCO,50.000000,120,False
154116,SILVERM26NOV309750PE,SILVERM,23NOV2026,30975000.000000,1,OPTFUT,NCO,50.000000,120,False
154141,SILVERM26NOV313000CE,SILVERM,23NOV2026,31300000.000000,1,OPTFUT,NCO,50.000000,120,False
154156,SILVERM26NOV314750PE,SILVERM,23NOV2026,31475000.000000,1,OPTFUT,NCO,50.000000,120,False
154163,SILVERM26DEC307250CE,SILVERM,23DEC2026,30725000.000000,1,OPTFUT,NCO,50.000000,120,False
154180,SILVERM26DEC309250PE,SILVERM,23DEC2026,30925000.000000,1,OPTFUT,NCO,50.000000,120,False
154184,SILVERM26DEC309750PE,SILVERM,23DEC2026,30975000.000000,1,OPTFUT,NCO,50.000000,120,False
154187,SILVERM26DEC310250CE,SILVERM,23DEC2026,31025000.000000,1,OPTFUT,NCO,50.000000,120,False
154214,SILVERM26DEC313500PE,SILVERM,23DEC2026,31350000.000000,1,OPTFUT,NCO,50.000000,120,False
154218,SILVERM26DEC314000PE,SILVERM,23DEC2026,31400000.000000,1,OPTFUT,NCO,50.000000,120,False
154221,SILVERM26DEC314500CE,SILVERM,23DEC2026,31450000.000000,1,OPTFUT,NCO,50.000000,120,False
154240,SILVERM26DEC316750PE,SILVERM,23DEC2026,31675000.000000,1,OPTFUT,NCO,50.000000,120,False
155096,GOLD26SEP153700PE,GOLD,25SEP2026,15370000.000000,1,OPTFUT,NCO,50.000000,10,False
155097,GOLD26SEP153800CE,GOLD,25SEP2026,15380000.000000,1,OPTFUT,NCO,50.000000,10,False
155098,GOLD26SEP153800PE,GOLD,25SEP2026,15380000.000000,1,OPTFUT,NCO,50.000000,10,False
155115,GOLD26SEP154700CE,GOLD,25SEP2026,15470000.000000,1,OPTFUT,NCO,50.000000,10,False
155134,GOLD26SEP155600PE,GOLD,25SEP2026,15560000.000000,1,OPTFUT,NCO,50.000000,10,False
155135,GOLD26SEP155700CE,GOLD,25SEP2026,15570000.000000,1,OPTFUT,NCO,50.000000,10,False
155145,GOLD26OCT153300CE,GOLD,29OCT2026,15330000.000000,1,OPTFUT,NCO,50.000000,10,False
155152,GOLD26OCT153600PE,GOLD,29OCT2026,15360000.000000,1,OPTFUT,NCO,50.000000,10,False
155154,GOLD26OCT153700PE,GOLD,29OCT2026,15370000.000000,1,OPTFUT,NCO,50.000000,10,False
155162,GOLD26OCT154100PE,GOLD,29OCT2026,15410000.000000,1,OPTFUT,NCO,50.000000,10,False
155172,GOLD26OCT154600PE,GOLD,29OCT2026,15460000.000000,1,OPTFUT,NCO,50.000000,10,False
155182,GOLD26OCT155100PE,GOLD,29OCT2026,15510000.000000,1,OPTFUT,NCO,50.000000,10,False
155202,GOLD26OCT156100PE,GOLD,29OCT2026,15610000.000000,1,OPTFUT,NCO,50.000000,10,False
155205,GOLD26OCT156300CE,GOLD,29OCT2026,15630000.000000,1,OPTFUT,NCO,50.000000,10,False
155217,GOLD26NOV154000CE,GOLD,27NOV2026,15400000.000000,1,OPTFUT,NCO,50.000000,10,False
155226,GOLD26NOV154400PE,GOLD,27NOV2026,15440000.000000,1,OPTFUT,NCO,50.000000,10,False
169016,GOLD26DEC186100PE,GOLD,29DEC2026,18610000.000000,1,OPTFUT,NCO,50.000000,10,False
169022,GOLD26DEC186400PE,GOLD,29DEC2026,18640000.000000,1,OPTFUT,NCO,50.000000,10,False
169032,GOLD26DEC186900PE,GOLD,29DEC2026,18690000.000000,1,OPTFUT,NCO,50.000000,10,False
169036,GOLD26DEC187100PE,GOLD,29DEC2026,18710000.000000,1,OPTFUT,NCO,50.000000,10,False
169041,GOLD26DEC187400CE,GOLD,29DEC2026,18740000.000000,1,OPTFUT,NCO,50.000000,10,False
169050,GOLD26DEC187800PE,GOLD,29DEC2026,18780000.000000,1,OPTFUT,NCO,50.000000,10,False
170799,SILVERM26SEP383250CE,SILVERM,23SEP2026,38325000.000000,1,OPTFUT,NCO,50.000000,120,False
170810,SILVERM26SEP384500PE,SILVERM,23SEP2026,38450000.000000,1,OPTFUT,NCO,50.000000,120,False
170813,SILVERM26SEP385000CE,SILVERM,23SEP2026,38500000.000000,1,OPTFUT,NCO,50.000000,120,False
170830,SILVERM26SEP387000PE,SILVERM,23SEP2026,38700000.000000,1,OPTFUT,NCO,50.000000,120,False
170835,SILVERM26SEP387750CE,SILVERM,23SEP2026,38775000.000000,1,OPTFUT,NCO,50.000000,120,False
170838,SILVERM26SEP388000PE,SILVERM,23SEP2026,38800000.000000,1,OPTFUT,NCO,50.000000,120,False
170843,SILVERM26SEP388750CE,SILVERM,23SEP2026,38875000.000000,1,OPTFUT,NCO,50.000000,120,False
170847,SILVERM26SEP389250CE,SILVERM,23SEP2026,38925000.000000,1,OPTFUT,NCO,50.000000,120,False
170850,SILVERM26SEP389500PE,SILVERM,23SEP2026,38950000.000000,1,OPTFUT,NCO,50.000000,120,False
170862,SILVERM26SEP391000PE,SILVERM,23SEP2026,39100000.000000,1,OPTFUT,NCO,50.000000,120,False
170869,SILVERM26SEP392000CE,SILVERM,23SEP2026,39200000.000000,1,OPTFUT,NCO,50.000000,120,False
170870,SILVERM26SEP392000PE,SILVERM,23SEP2026,39200000.000000,1,OPTFUT,NCO,50.000000,120,False
170884,SILVERM26SEP393750PE,SILVERM,23SEP2026,39375000.000000,1,OPTFUT,NCO,50.000000,120,False
170916,SILVERM26SEP397750PE,SILVERM,23SEP2026,39775000.000000,1,OPTFUT,NCO,50.000000,120,False
170922,SILVERM26SEP398500PE,SILVERM,23SEP2026,39850000.000000,1,OPTFUT,NCO,50.000000,120,False
170960,SILVERM26SEP403250PE,SILVERM,23SEP2026,40325000.000000,1,OPTFUT,NCO,50.000000,120,False
170972,SILVERM26SEP404750PE,SILVERM,23SEP2026,40475000.000000,1,OPTFUT,NCO,50.000000,120,False
170978,SILVERM26OCT385250PE,SILVERM,23OCT2026,38525000.000000,1,OPTFUT,NCO,50.000000,120,False
170982,SILVERM26OCT385750PE,SILVERM,23OCT2026,38575000.000000,1,OPTFUT,NCO,50.000000,120,False
170988,SILVERM26OCT386500PE,SILVERM,23OCT2026,38650000.000000,1,OPTFUT,NCO,50.000000,120,False
170989,SILVERM26OCT386750CE,SILVERM,23OCT2026,38675000.000000,1,OPTFUT,NCO,50.000000,120,False
170990,SILVERM26OCT386750PE,SILVERM,23OCT2026,38675000.000000,1,OPTFUT,NCO,50.000000,120,False
170993,SILVERM26OCT387250CE,SILVERM,23OCT2026,38725000.000000,1,OPTFUT,NCO,50.000000,120,False
171005,SILVERM26OCT388750CE,SILVERM,23OCT2026,38875000.000000,1,OPTFUT,NCO,50.000000,120,False
171010,SILVERM26OCT389250PE,SILVERM,23OCT2026,38925000.000000,1,OPTFUT,NCO,50.000000,120,False
171074,SILVERM26OCT397250PE,SILVERM,23OCT2026,39725000.000000,1,OPTFUT,NCO,50.000000,120,False
171035,SILVERM26OCT392500CE,SILVERM,23OCT2026,39250000.000000,1,OPTFUT,NCO,50.000000,120,False
171073,SILVERM26OCT397250CE,SILVERM,23OCT2026,39725000.000000,1,OPTFUT,NCO,50.000000,120,False
171077,SILVERM26OCT397750CE,SILVERM,23OCT2026,39775000.000000,1,OPTFUT,NCO,50.000000,120,False
171085,SILVERM26OCT398750CE,SILVERM,23OCT2026,39875000.000000,1,OPTFUT,NCO,50.000000,120,False
171087,SILVERM26OCT399000CE,SILVERM,23OCT2026,39900000.000000,1,OPTFUT,NCO,50.000000,120,False
171088,SILVERM26OCT399000PE,SILVERM,23OCT2026,39900000.000000,1,OPTFUT,NCO,50.000000,120,False
171090,SILVERM26OCT399250PE,SILVERM,23OCT2026,39925000.000000,1,OPTFUT,NCO,50.000000,120,False
171091,SILVERM26OCT399500CE,SILVERM,23OCT2026,39950000.000000,1,OPTFUT,NCO,50.000000,120,False
171098,SILVERM26OCT400250PE,SILVERM,23OCT2026,40025000.000000,1,OPTFUT,NCO,50.000000,120,False
171102,SILVERM26OCT400750PE,SILVERM,23OCT2026,40075000.000000,1,OPTFUT,NCO,50.000000,120,False
171111,SILVERM26OCT402000CE,SILVERM,23OCT2026,40200000.000000,1,OPTFUT,NCO,50.000000,120,False
171141,SILVERM26OCT405750CE,SILVERM,23OCT2026,40575000.000000,1,OPTFUT,NCO,50.000000,120,False
171142,SILVERM26OCT405750PE,SILVERM,23OCT2026,40575000.000000,1,OPTFUT,NCO,50.000000,120,False
171157,SILVERM26NOV387500CE,SILVERM,23NOV2026,38750000.000000,1,OPTFUT,NCO,50.000000,120,False
171164,SILVERM26NOV388250PE,SILVERM,23NOV2026,38825000.000000,1,OPTFUT,NCO,50.000000,120,False
171177,SILVERM26NOV390000CE,SILVERM,23NOV2026,39000000.000000,1,OPTFUT,NCO,50.000000,120,False
171181,SILVERM26NOV390500CE,SILVERM,23NOV2026,39050000.000000,1,OPTFUT,NCO,50.000000,120,False
171183,SILVERM26NOV390750CE,SILVERM,23NOV2026,39075000.000000,1,OPTFUT,NCO,50.000000,120,False
171215,SILVERM26NOV394750CE,SILVERM,23NOV2026,39475000.000000,1,OPTFUT,NCO,50.000000,120,False
171230,SILVERM26NOV396500PE,SILVERM,23NOV2026,39650000.000000,1,OPTFUT,NCO,50.000000,120,False
171238,SILVERM26NOV397500PE,SILVERM,23NOV2026,39750000.000000,1,OPTFUT,NCO,50.000000,120,False
171241,SILVERM26NOV398000CE,SILVERM,23NOV2026,39800000.000000,1,OPTFUT,NCO,50.000000,120,False
171249,SILVERM26NOV399000CE,SILVERM,23NOV2026,39900000.000000,1,OPTFUT,NCO,50.000000,120,False
171258,SILVERM26NOV400000PE,SILVERM,23NOV2026,40000000.000000,1,OPTFUT,NCO,50.000000,120,False
171281,SILVERM26NOV403000CE,SILVERM,23NOV2026,40300000.000000,1,OPTFUT,NCO,50.000000,120,False
171290,SILVERM26NOV404000PE,SILVERM,23NOV2026,40400000.000000,1,OPTFUT,NCO,50.000000,120,False
171291,SILVERM26NOV404250CE,SILVERM,23NOV2026,40425000.000000,1,OPTFUT,NCO,50.000000,120,False
171292,SILVERM26NOV404250PE,SILVERM,23NOV2026,40425000.000000,1,OPTFUT,NCO,50.000000,120,False
171296,SILVERM26NOV404750PE,SILVERM,23NOV2026,40475000.000000,1,OPTFUT,NCO,50.000000,120,False
171320,SILVERM26NOV407750PE,SILVERM,23NOV2026,40775000.000000,1,OPTFUT,NCO,50.000000,120,False
171329,SILVERM26NOV409000CE,SILVERM,23NOV2026,40900000.000000,1,OPTFUT,NCO,50.000000,120,False
171345,SILVERM26DEC390500CE,SILVERM,23DEC2026,39050000.000000,1,OPTFUT,NCO,50.000000,120,False
171357,SILVERM26DEC392000CE,SILVERM,23DEC2026,39200000.000000,1,OPTFUT,NCO,50.000000,120,False
171358,SILVERM26DEC392000PE,SILVERM,23DEC2026,39200000.000000,1,OPTFUT,NCO,50.000000,120,False
171359,SILVERM26DEC392250CE,SILVERM,23DEC2026,39225000.000000,1,OPTFUT,NCO,50.000000,120,False
171362,SILVERM26DEC392500PE,SILVERM,23DEC2026,39250000.000000,1,OPTFUT,NCO,50.000000,120,False
171368,SILVERM26DEC393250PE,SILVERM,23DEC2026,39325000.000000,1,OPTFUT,NCO,50.000000,120,False
171372,SILVERM26DEC393750PE,SILVERM,23DEC2026,39375000.000000,1,OPTFUT,NCO,50.000000,120,False
171373,SILVERM26DEC394000CE,SILVERM,23DEC2026,39400000.000000,1,OPTFUT,NCO,50.000000,120,False
171378,SILVERM26DEC394500PE,SILVERM,23DEC2026,39450000.000000,1,OPTFUT,NCO,50.000000,120,False
171390,SILVERM26DEC396000PE,SILVERM,23DEC2026,39600000.000000,1,OPTFUT,NCO,50.000000,120,False
171398,SILVERM26DEC397000PE,SILVERM,23DEC2026,39700000.000000,1,OPTFUT,NCO,50.000000,120,False
171399,SILVERM26DEC397250CE,SILVERM,23DEC2026,39725000.000000,1,OPTFUT,NCO,50.000000,120,False
171409,SILVERM26DEC398500CE,SILVERM,23DEC2026,39850000.000000,1,OPTFUT,NCO,50.000000,120,False
171435,SILVERM26DEC401750CE,SILVERM,23DEC2026,40175000.000000,1,OPTFUT,NCO,50.000000,120,False
171465,SILVERM26DEC405500CE,SILVERM,23DEC2026,40550000.000000,1,OPTFUT,NCO,50.000000,120,False
171467,SILVERM26DEC405750CE,SILVERM,23DEC2026,40575000.000000,1,OPTFUT,NCO,50.000000,120,False
171472,SILVERM26DEC406250PE,SILVERM,23DEC2026,40625000.000000,1,OPTFUT,NCO,50.000000,120,False
171473,SILVERM26DEC406500CE,SILVERM,23DEC2026,40650000.000000,1,OPTFUT,NCO,50.000000,120,False
171495,SILVERM26DEC409250CE,SILVERM,23DEC2026,40925000.000000,1,OPTFUT,NCO,50.000000,120,False
18,GOLDGUINEA8GM,GOLDGUINEA,,-1.000000,1,UNDCOM,NCO,100.000000,1250,False
26,SILVER100GMS,SILVER100,,-1.000000,1,UNDCOM,NCO,100.000000,6000,False
171498,SILVERM26DEC409500PE,SILVERM,23DEC2026,40950000.000000,1,OPTFUT,NCO,50.000000,120,False
171499,SILVERM26DEC409750CE,SILVERM,23DEC2026,40975000.000000,1,OPTFUT,NCO,50.000000,120,False
155227,GOLD26NOV154500CE,GOLD,27NOV2026,15450000.000000,1,OPTFUT,NCO,50.000000,10,False
155243,GOLD26NOV155300CE,GOLD,27NOV2026,15530000.000000,1,OPTFUT,NCO,50.000000,10,False
155250,GOLD26NOV155600PE,GOLD,27NOV2026,15560000.000000,1,OPTFUT,NCO,50.000000,10,False
155253,GOLD26NOV155800CE,GOLD,27NOV2026,15580000.000000,1,OPTFUT,NCO,50.000000,10,False
155263,GOLD26NOV156300CE,GOLD,27NOV2026,15630000.000000,1,OPTFUT,NCO,50.000000,10,False
155299,GOLD26DEC155300CE,GOLD,29DEC2026,15530000.000000,1,OPTFUT,NCO,50.000000,10,False
155304,GOLD26DEC155500PE,GOLD,29DEC2026,15550000.000000,1,OPTFUT,NCO,50.000000,10,False
155310,GOLD26DEC155800PE,GOLD,29DEC2026,15580000.000000,1,OPTFUT,NCO,50.000000,10,False
155328,GOLD26DEC156700PE,GOLD,29DEC2026,15670000.000000,1,OPTFUT,NCO,50.000000,10,False
155329,GOLD26DEC156800CE,GOLD,29DEC2026,15680000.000000,1,OPTFUT,NCO,50.000000,10,False
155330,GOLD26DEC156800PE,GOLD,29DEC2026,15680000.000000,1,OPTFUT,NCO,50.000000,10,False
155332,GOLD26DEC156900PE,GOLD,29DEC2026,15690000.000000,1,OPTFUT,NCO,50.000000,10,False
155337,GOLD26DEC157200CE,GOLD,29DEC2026,15720000.000000,1,OPTFUT,NCO,50.000000,10,False
155341,GOLD26DEC157400CE,GOLD,29DEC2026,15740000.000000,1,OPTFUT,NCO,50.000000,10,False
155343,GOLD26DEC157500CE,GOLD,29DEC2026,15750000.000000,1,OPTFUT,NCO,50.000000,10,False
155344,GOLD26DEC157500PE,GOLD,29DEC2026,15750000.000000,1,OPTFUT,NCO,50.000000,10,False
155349,GOLD26DEC157800CE,GOLD,29DEC2026,15780000.000000,1,OPTFUT,NCO,50.000000,10,False
155352,GOLD26DEC157900PE,GOLD,29DEC2026,15790000.000000,1,OPTFUT,NCO,50.000000,10,False
155358,GOLD26DEC158200PE,GOLD,29DEC2026,15820000.000000,1,OPTFUT,NCO,50.000000,10,False
155587,GOLD26DEC170500CE,GOLD,29DEC2026,17050000.000000,1,OPTFUT,NCO,50.000000,10,False
156632,SILVERM26SEP313750PE,SILVERM,23SEP2026,31375000.000000,1,OPTFUT,NCO,50.000000,120,False
156662,SILVERM26SEP317500PE,SILVERM,23SEP2026,31750000.000000,1,OPTFUT,NCO,50.000000,120,False
156670,SILVERM26SEP318500PE,SILVERM,23SEP2026,31850000.000000,1,OPTFUT,NCO,50.000000,120,False
156690,SILVERM26SEP321000PE,SILVERM,23SEP2026,32100000.000000,1,OPTFUT,NCO,50.000000,120,False
156695,SILVERM26SEP321750CE,SILVERM,23SEP2026,32175000.000000,1,OPTFUT,NCO,50.000000,120,False
156698,SILVERM26SEP322000PE,SILVERM,23SEP2026,32200000.000000,1,OPTFUT,NCO,50.000000,120,False
156701,SILVERM26SEP322500CE,SILVERM,23SEP2026,32250000.000000,1,OPTFUT,NCO,50.000000,120,False
156703,SILVERM26SEP322750CE,SILVERM,23SEP2026,32275000.000000,1,OPTFUT,NCO,50.000000,120,False
156705,SILVERM26SEP323000CE,SILVERM,23SEP2026,32300000.000000,1,OPTFUT,NCO,50.000000,120,False
156713,SILVERM26SEP324000CE,SILVERM,23SEP2026,32400000.000000,1,OPTFUT,NCO,50.000000,120,False
156716,SILVERM26SEP324250PE,SILVERM,23SEP2026,32425000.000000,1,OPTFUT,NCO,50.000000,120,False
156735,SILVERM26SEP326750CE,SILVERM,23SEP2026,32675000.000000,1,OPTFUT,NCO,50.000000,120,False
156744,SILVERM26SEP327750PE,SILVERM,23SEP2026,32775000.000000,1,OPTFUT,NCO,50.000000,120,False
156750,SILVERM26SEP328500PE,SILVERM,23SEP2026,32850000.000000,1,OPTFUT,NCO,50.000000,120,False
156761,SILVERM26OCT314750CE,SILVERM,23OCT2026,31475000.000000,1,OPTFUT,NCO,50.000000,120,False
156765,SILVERM26OCT315250CE,SILVERM,23OCT2026,31525000.000000,1,OPTFUT,NCO,50.000000,120,False
156766,SILVERM26OCT315250PE,SILVERM,23OCT2026,31525000.000000,1,OPTFUT,NCO,50.000000,120,False
156768,SILVERM26OCT315500PE,SILVERM,23OCT2026,31550000.000000,1,OPTFUT,NCO,50.000000,120,False
156773,SILVERM26OCT316250CE,SILVERM,23OCT2026,31625000.000000,1,OPTFUT,NCO,50.000000,120,False
156788,SILVERM26OCT318000PE,SILVERM,23OCT2026,31800000.000000,1,OPTFUT,NCO,50.000000,120,False
156794,SILVERM26OCT318750PE,SILVERM,23OCT2026,31875000.000000,1,OPTFUT,NCO,50.000000,120,False
156800,SILVERM26OCT319500PE,SILVERM,23OCT2026,31950000.000000,1,OPTFUT,NCO,50.000000,120,False
156805,SILVERM26OCT320250CE,SILVERM,23OCT2026,32025000.000000,1,OPTFUT,NCO,50.000000,120,False
156806,SILVERM26OCT320250PE,SILVERM,23OCT2026,32025000.000000,1,OPTFUT,NCO,50.000000,120,False
156813,SILVERM26OCT321250CE,SILVERM,23OCT2026,32125000.000000,1,OPTFUT,NCO,50.000000,120,False
156832,SILVERM26OCT323500PE,SILVERM,23OCT2026,32350000.000000,1,OPTFUT,NCO,50.000000,120,False
156839,SILVERM26OCT324500CE,SILVERM,23OCT2026,32450000.000000,1,OPTFUT,NCO,50.000000,120,False
156840,SILVERM26OCT324500PE,SILVERM,23OCT2026,32450000.000000,1,OPTFUT,NCO,50.000000,120,False
156843,SILVERM26OCT325000CE,SILVERM,23OCT2026,32500000.000000,1,OPTFUT,NCO,50.000000,120,False
156849,SILVERM26OCT325750CE,SILVERM,23OCT2026,32575000.000000,1,OPTFUT,NCO,50.000000,120,False
156852,SILVERM26OCT326000PE,SILVERM,23OCT2026,32600000.000000,1,OPTFUT,NCO,50.000000,120,False
156863,SILVERM26OCT327500CE,SILVERM,23OCT2026,32750000.000000,1,OPTFUT,NCO,50.000000,120,False
156865,SILVERM26OCT327750CE,SILVERM,23OCT2026,32775000.000000,1,OPTFUT,NCO,50.000000,120,False
156891,SILVERM26NOV315750CE,SILVERM,23NOV2026,31575000.000000,1,OPTFUT,NCO,50.000000,120,False
156869,SILVERM26OCT328250CE,SILVERM,23OCT2026,32825000.000000,1,OPTFUT,NCO,50.000000,120,False
156885,SILVERM26OCT330250CE,SILVERM,23OCT2026,33025000.000000,1,OPTFUT,NCO,50.000000,120,False
156892,SILVERM26NOV315750PE,SILVERM,23NOV2026,31575000.000000,1,OPTFUT,NCO,50.000000,120,False
156894,SILVERM26NOV316000PE,SILVERM,23NOV2026,31600000.000000,1,OPTFUT,NCO,50.000000,120,False
156896,SILVERM26NOV316250PE,SILVERM,23NOV2026,31625000.000000,1,OPTFUT,NCO,50.000000,120,False
156905,SILVERM26NOV317500CE,SILVERM,23NOV2026,31750000.000000,1,OPTFUT,NCO,50.000000,120,False
156906,SILVERM26NOV317500PE,SILVERM,23NOV2026,31750000.000000,1,OPTFUT,NCO,50.000000,120,False
156924,SILVERM26NOV319750PE,SILVERM,23NOV2026,31975000.000000,1,OPTFUT,NCO,50.000000,120,False
156925,SILVERM26NOV320000CE,SILVERM,23NOV2026,32000000.000000,1,OPTFUT,NCO,50.000000,120,False
156945,SILVERM26NOV322500CE,SILVERM,23NOV2026,32250000.000000,1,OPTFUT,NCO,50.000000,120,False
156952,SILVERM26NOV323250PE,SILVERM,23NOV2026,32325000.000000,1,OPTFUT,NCO,50.000000,120,False
156957,SILVERM26NOV324000CE,SILVERM,23NOV2026,32400000.000000,1,OPTFUT,NCO,50.000000,120,False
156977,SILVERM26NOV326500CE,SILVERM,23NOV2026,32650000.000000,1,OPTFUT,NCO,50.000000,120,False
156978,SILVERM26NOV326500PE,SILVERM,23NOV2026,32650000.000000,1,OPTFUT,NCO,50.000000,120,False
156992,SILVERM26NOV328250PE,SILVERM,23NOV2026,32825000.000000,1,OPTFUT,NCO,50.000000,120,False
157005,SILVERM26NOV330000CE,SILVERM,23NOV2026,33000000.000000,1,OPTFUT,NCO,50.000000,120,False
157014,SILVERM26NOV331000PE,SILVERM,23NOV2026,33100000.000000,1,OPTFUT,NCO,50.000000,120,False
157023,SILVERM26DEC317000CE,SILVERM,23DEC2026,31700000.000000,1,OPTFUT,NCO,50.000000,120,False
157041,SILVERM26DEC319250CE,SILVERM,23DEC2026,31925000.000000,1,OPTFUT,NCO,50.000000,120,False
157047,SILVERM26DEC320000CE,SILVERM,23DEC2026,32000000.000000,1,OPTFUT,NCO,50.000000,120,False
157054,SILVERM26DEC320750PE,SILVERM,23DEC2026,32075000.000000,1,OPTFUT,NCO,50.000000,120,False
157055,SILVERM26DEC321000CE,SILVERM,23DEC2026,32100000.000000,1,OPTFUT,NCO,50.000000,120,False
157074,SILVERM26DEC323250PE,SILVERM,23DEC2026,32325000.000000,1,OPTFUT,NCO,50.000000,120,False
157075,SILVERM26DEC323500CE,SILVERM,23DEC2026,32350000.000000,1,OPTFUT,NCO,50.000000,120,False
157082,SILVERM26DEC324250PE,SILVERM,23DEC2026,32425000.000000,1,OPTFUT,NCO,50.000000,120,False
157095,SILVERM26DEC326000CE,SILVERM,23DEC2026,32600000.000000,1,OPTFUT,NCO,50.000000,120,False
157105,SILVERM26DEC327250CE,SILVERM,23DEC2026,32725000.000000,1,OPTFUT,NCO,50.000000,120,False
157108,SILVERM26DEC327500PE,SILVERM,23DEC2026,32750000.000000,1,OPTFUT,NCO,50.000000,120,False
157115,SILVERM26DEC328500CE,SILVERM,23DEC2026,32850000.000000,1,OPTFUT,NCO,50.000000,120,False
157132,SILVERM26DEC330500PE,SILVERM,23DEC2026,33050000.000000,1,OPTFUT,NCO,50.000000,120,False
157139,SILVERM26DEC331500CE,SILVERM,23DEC2026,33150000.000000,1,OPTFUT,NCO,50.000000,120,False
157140,SILVERM26DEC331500PE,SILVERM,23DEC2026,33150000.000000,1,OPTFUT,NCO,50.000000,120,False
157154,SILVERM26DEC333250PE,SILVERM,23DEC2026,33325000.000000,1,OPTFUT,NCO,50.000000,120,False
158307,GOLD26SEP156300CE,GOLD,25SEP2026,15630000.000000,1,OPTFUT,NCO,50.000000,10,False
158328,GOLD26SEP157300PE,GOLD,25SEP2026,15730000.000000,1,OPTFUT,NCO,50.000000,10,False
158339,GOLD26SEP157900CE,GOLD,25SEP2026,15790000.000000,1,OPTFUT,NCO,50.000000,10,False
158352,GOLD26SEP158500PE,GOLD,25SEP2026,15850000.000000,1,OPTFUT,NCO,50.000000,10,False
158356,GOLD26SEP158700PE,GOLD,25SEP2026,15870000.000000,1,OPTFUT,NCO,50.000000,10,False
158366,GOLD26SEP159200PE,GOLD,25SEP2026,15920000.000000,1,OPTFUT,NCO,50.000000,10,False
158373,GOLD26SEP159600CE,GOLD,25SEP2026,15960000.000000,1,OPTFUT,NCO,50.000000,10,False
158388,GOLD26SEP160300PE,GOLD,25SEP2026,16030000.000000,1,OPTFUT,NCO,50.000000,10,False
158392,GOLD26SEP160500PE,GOLD,25SEP2026,16050000.000000,1,OPTFUT,NCO,50.000000,10,False
158401,GOLD26SEP161000CE,GOLD,25SEP2026,16100000.000000,1,OPTFUT,NCO,50.000000,10,False
158412,GOLD26SEP161500PE,GOLD,25SEP2026,16150000.000000,1,OPTFUT,NCO,50.000000,10,False
158414,GOLD26SEP161600PE,GOLD,25SEP2026,16160000.000000,1,OPTFUT,NCO,50.000000,10,False
158430,GOLD26SEP162400PE,GOLD,25SEP2026,16240000.000000,1,OPTFUT,NCO,50.000000,10,False
158437,GOLD26SEP162800CE,GOLD,25SEP2026,16280000.000000,1,OPTFUT,NCO,50.000000,10,False
158456,GOLD26OCT157600PE,GOLD,29OCT2026,15760000.000000,1,OPTFUT,NCO,50.000000,10,False
158469,GOLD26OCT158300CE,GOLD,29OCT2026,15830000.000000,1,OPTFUT,NCO,50.000000,10,False
158470,GOLD26OCT158300PE,GOLD,29OCT2026,15830000.000000,1,OPTFUT,NCO,50.000000,10,False
158471,GOLD26OCT158400CE,GOLD,29OCT2026,15840000.000000,1,OPTFUT,NCO,50.000000,10,False
158476,GOLD26OCT158600PE,GOLD,29OCT2026,15860000.000000,1,OPTFUT,NCO,50.000000,10,False
158477,GOLD26OCT158700CE,GOLD,29OCT2026,15870000.000000,1,OPTFUT,NCO,50.000000,10,False
158487,GOLD26OCT159200CE,GOLD,29OCT2026,15920000.000000,1,OPTFUT,NCO,50.000000,10,False
158492,GOLD26OCT159400PE,GOLD,29OCT2026,15940000.000000,1,OPTFUT,NCO,50.000000,10,False
158496,GOLD26OCT159600PE,GOLD,29OCT2026,15960000.000000,1,OPTFUT,NCO,50.000000,10,False
158497,GOLD26OCT159700CE,GOLD,29OCT2026,15970000.000000,1,OPTFUT,NCO,50.000000,10,False
158501,GOLD26OCT159900CE,GOLD,29OCT2026,15990000.000000,1,OPTFUT,NCO,50.000000,10,False
158505,GOLD26OCT160100CE,GOLD,29OCT2026,16010000.000000,1,OPTFUT,NCO,50.000000,10,False
158510,GOLD26OCT160300PE,GOLD,29OCT2026,16030000.000000,1,OPTFUT,NCO,50.000000,10,False
158512,GOLD26OCT160400PE,GOLD,29OCT2026,16040000.000000,1,OPTFUT,NCO,50.000000,10,False
158535,GOLD26OCT161600CE,GOLD,29OCT2026,16160000.000000,1,OPTFUT,NCO,50.000000,10,False
158539,GOLD26OCT161800CE,GOLD,29OCT2026,16180000.000000,1,OPTFUT,NCO,50.000000,10,False
158544,GOLD26OCT162000PE,GOLD,29OCT2026,16200000.000000,1,OPTFUT,NCO,50.000000,10,False
158546,GOLD26OCT162100PE,GOLD,29OCT2026,16210000.000000,1,OPTFUT,NCO,50.000000,10,False
158566,GOLD26OCT163100PE,GOLD,29OCT2026,16310000.000000,1,OPTFUT,NCO,50.000000,10,False
158591,GOLD26NOV158200CE,GOLD,27NOV2026,15820000.000000,1,OPTFUT,NCO,50.000000,10,False
158620,GOLD26NOV159600PE,GOLD,27NOV2026,15960000.000000,1,OPTFUT,NCO,50.000000,10,False
158631,GOLD26NOV160200CE,GOLD,27NOV2026,16020000.000000,1,OPTFUT,NCO,50.000000,10,False
158644,GOLD26NOV160800PE,GOLD,27NOV2026,16080000.000000,1,OPTFUT,NCO,50.000000,10,False
158651,GOLD26NOV161200CE,GOLD,27NOV2026,16120000.000000,1,OPTFUT,NCO,50.000000,10,False
158652,GOLD26NOV161200PE,GOLD,27NOV2026,16120000.000000,1,OPTFUT,NCO,50.000000,10,False
158664,GOLD26NOV161800PE,GOLD,27NOV2026,16180000.000000,1,OPTFUT,NCO,50.000000,10,False
158666,GOLD26NOV161900PE,GOLD,27NOV2026,16190000.000000,1,OPTFUT,NCO,50.000000,10,False
158668,GOLD26NOV162000PE,GOLD,27NOV2026,16200000.000000,1,OPTFUT,NCO,50.000000,10,False
158677,GOLD26NOV162500CE,GOLD,27NOV2026,16250000.000000,1,OPTFUT,NCO,50.000000,10,False
158686,GOLD26NOV162900PE,GOLD,27NOV2026,16290000.000000,1,OPTFUT,NCO,50.000000,10,False
158709,GOLD26NOV164100CE,GOLD,27NOV2026,16410000.000000,1,OPTFUT,NCO,50.000000,10,False
158721,GOLD26DEC158500CE,GOLD,29DEC2026,15850000.000000,1,OPTFUT,NCO,50.000000,10,False
158726,GOLD26DEC158700PE,GOLD,29DEC2026,15870000.000000,1,OPTFUT,NCO,50.000000,10,False
158732,GOLD26DEC159000PE,GOLD,29DEC2026,15900000.000000,1,OPTFUT,NCO,50.000000,10,False
158738,GOLD26DEC159300PE,GOLD,29DEC2026,15930000.000000,1,OPTFUT,NCO,50.000000,10,False
158747,GOLD26DEC159800CE,GOLD,29DEC2026,15980000.000000,1,OPTFUT,NCO,50.000000,10,False
158749,GOLD26DEC159900CE,GOLD,29DEC2026,15990000.000000,1,OPTFUT,NCO,50.000000,10,False
158756,GOLD26DEC160200PE,GOLD,29DEC2026,16020000.000000,1,OPTFUT,NCO,50.000000,10,False
158770,GOLD26DEC160900PE,GOLD,29DEC2026,16090000.000000,1,OPTFUT,NCO,50.000000,10,False
158772,GOLD26DEC161000PE,GOLD,29DEC2026,16100000.000000,1,OPTFUT,NCO,50.000000,10,False
158777,GOLD26DEC161300CE,GOLD,29DEC2026,16130000.000000,1,OPTFUT,NCO,50.000000,10,False
158803,GOLD26DEC162600CE,GOLD,29DEC2026,16260000.000000,1,OPTFUT,NCO,50.000000,10,False
158806,GOLD26DEC162700PE,GOLD,29DEC2026,16270000.000000,1,OPTFUT,NCO,50.000000,10,False
158813,GOLD26DEC163100CE,GOLD,29DEC2026,16310000.000000,1,OPTFUT,NCO,50.000000,10,False
158818,GOLD26DEC163300PE,GOLD,29DEC2026,16330000.000000,1,OPTFUT,NCO,50.000000,10,False
158835,GOLD26DEC164200CE,GOLD,29DEC2026,16420000.000000,1,OPTFUT,NCO,50.000000,10,False
158847,GOLD26DEC164800CE,GOLD,29DEC2026,16480000.000000,1,OPTFUT,NCO,50.000000,10,False
158850,GOLD26DEC164900PE,GOLD,29DEC2026,16490000.000000,1,OPTFUT,NCO,50.000000,10,False
158858,GOLD26DEC165300PE,GOLD,29DEC2026,16530000.000000,1,OPTFUT,NCO,50.000000,10,False
159595,SILVERM26SEP331500CE,SILVERM,23SEP2026,33150000.000000,1,OPTFUT,NCO,50.000000,120,False
159613,SILVERM26OCT330500CE,SILVERM,23OCT2026,33050000.000000,1,OPTFUT,NCO,50.000000,120,False
159659,SILVERM26NOV333000CE,SILVERM,23NOV2026,33300000.000000,1,OPTFUT,NCO,50.000000,120,False
159674,SILVERM26NOV334750PE,SILVERM,23NOV2026,33475000.000000,1,OPTFUT,NCO,50.000000,120,False
159678,SILVERM26NOV335250PE,SILVERM,23NOV2026,33525000.000000,1,OPTFUT,NCO,50.000000,120,False
159696,SILVERM26DEC334250PE,SILVERM,23DEC2026,33425000.000000,1,OPTFUT,NCO,50.000000,120,False
159698,SILVERM26DEC334500PE,SILVERM,23DEC2026,33450000.000000,1,OPTFUT,NCO,50.000000,120,False
159707,SILVERM26DEC335750CE,SILVERM,23DEC2026,33575000.000000,1,OPTFUT,NCO,50.000000,120,False
159710,SILVERM26DEC336000PE,SILVERM,23DEC2026,33600000.000000,1,OPTFUT,NCO,50.000000,120,False
159716,SILVERM26DEC336750PE,SILVERM,23DEC2026,33675000.000000,1,OPTFUT,NCO,50.000000,120,False
159718,SILVERM26DEC337000PE,SILVERM,23DEC2026,33700000.000000,1,OPTFUT,NCO,50.000000,120,False
159730,SILVERM26DEC338500PE,SILVERM,23DEC2026,33850000.000000,1,OPTFUT,NCO,50.000000,120,False
159732,SILVERM26DEC338750PE,SILVERM,23DEC2026,33875000.000000,1,OPTFUT,NCO,50.000000,120,False
161698,SILVERM26SEP336750PE,SILVERM,23SEP2026,33675000.000000,1,OPTFUT,NCO,50.000000,120,False
161705,SILVERM26SEP337750CE,SILVERM,23SEP2026,33775000.000000,1,OPTFUT,NCO,50.000000,120,False
161710,SILVERM26SEP338250PE,SILVERM,23SEP2026,33825000.000000,1,OPTFUT,NCO,50.000000,120,False
161713,SILVERM26SEP338750CE,SILVERM,23SEP2026,33875000.000000,1,OPTFUT,NCO,50.000000,120,False
161715,SILVERM26SEP339000CE,SILVERM,23SEP2026,33900000.000000,1,OPTFUT,NCO,50.000000,120,False
161717,SILVERM26SEP339250CE,SILVERM,23SEP2026,33925000.000000,1,OPTFUT,NCO,50.000000,120,False
161726,SILVERM26SEP340250PE,SILVERM,23SEP2026,34025000.000000,1,OPTFUT,NCO,50.000000,120,False
161734,SILVERM26SEP341250PE,SILVERM,23SEP2026,34125000.000000,1,OPTFUT,NCO,50.000000,120,False
161737,SILVERM26SEP341750CE,SILVERM,23SEP2026,34175000.000000,1,OPTFUT,NCO,50.000000,120,False
161741,SILVERM26SEP342250CE,SILVERM,23SEP2026,34225000.000000,1,OPTFUT,NCO,50.000000,120,False
161750,SILVERM26SEP343250PE,SILVERM,23SEP2026,34325000.000000,1,OPTFUT,NCO,50.000000,120,False
161752,SILVERM26SEP343500PE,SILVERM,23SEP2026,34350000.000000,1,OPTFUT,NCO,50.000000,120,False
161773,SILVERM26SEP346250CE,SILVERM,23SEP2026,34625000.000000,1,OPTFUT,NCO,50.000000,120,False
161779,SILVERM26SEP347000CE,SILVERM,23SEP2026,34700000.000000,1,OPTFUT,NCO,50.000000,120,False
161781,SILVERM26SEP347250CE,SILVERM,23SEP2026,34725000.000000,1,OPTFUT,NCO,50.000000,120,False
161787,SILVERM26SEP348000CE,SILVERM,23SEP2026,34800000.000000,1,OPTFUT,NCO,50.000000,120,False
161789,SILVERM26SEP348250CE,SILVERM,23SEP2026,34825000.000000,1,OPTFUT,NCO,50.000000,120,False
161798,SILVERM26SEP349250PE,SILVERM,23SEP2026,34925000.000000,1,OPTFUT,NCO,50.000000,120,False
161826,SILVERM26SEP352750PE,SILVERM,23SEP2026,35275000.000000,1,OPTFUT,NCO,50.000000,120,False
161830,SILVERM26SEP353250PE,SILVERM,23SEP2026,35325000.000000,1,OPTFUT,NCO,50.000000,120,False
161846,SILVERM26SEP355250PE,SILVERM,23SEP2026,35525000.000000,1,OPTFUT,NCO,50.000000,120,False
161853,SILVERM26SEP356250CE,SILVERM,23SEP2026,35625000.000000,1,OPTFUT,NCO,50.000000,120,False
161860,SILVERM26SEP357000PE,SILVERM,23SEP2026,35700000.000000,1,OPTFUT,NCO,50.000000,120,False
161869,SILVERM26SEP358250CE,SILVERM,23SEP2026,35825000.000000,1,OPTFUT,NCO,50.000000,120,False
161877,SILVERM26SEP359250CE,SILVERM,23SEP2026,35925000.000000,1,OPTFUT,NCO,50.000000,120,False
161884,SILVERM26SEP360000PE,SILVERM,23SEP2026,36000000.000000,1,OPTFUT,NCO,50.000000,120,False
161886,SILVERM26SEP360250PE,SILVERM,23SEP2026,36025000.000000,1,OPTFUT,NCO,50.000000,120,False
161889,SILVERM26SEP360750CE,SILVERM,23SEP2026,36075000.000000,1,OPTFUT,NCO,50.000000,120,False
161898,SILVERM26SEP361750PE,SILVERM,23SEP2026,36175000.000000,1,OPTFUT,NCO,50.000000,120,False
161904,SILVERM26SEP362500PE,SILVERM,23SEP2026,36250000.000000,1,OPTFUT,NCO,50.000000,120,False
161922,SILVERM26SEP364750PE,SILVERM,23SEP2026,36475000.000000,1,OPTFUT,NCO,50.000000,120,False
161938,SILVERM26OCT337750PE,SILVERM,23OCT2026,33775000.000000,1,OPTFUT,NCO,50.000000,120,False
161955,SILVERM26OCT340000CE,SILVERM,23OCT2026,34000000.000000,1,OPTFUT,NCO,50.000000,120,False
161967,SILVERM26OCT341500CE,SILVERM,23OCT2026,34150000.000000,1,OPTFUT,NCO,50.000000,120,False
161971,SILVERM26OCT342000CE,SILVERM,23OCT2026,34200000.000000,1,OPTFUT,NCO,50.000000,120,False
161972,SILVERM26OCT342000PE,SILVERM,23OCT2026,34200000.000000,1,OPTFUT,NCO,50.000000,120,False
161982,SILVERM26OCT343250PE,SILVERM,23OCT2026,34325000.000000,1,OPTFUT,NCO,50.000000,120,False
161993,SILVERM26OCT344750CE,SILVERM,23OCT2026,34475000.000000,1,OPTFUT,NCO,50.000000,120,False
161994,SILVERM26OCT344750PE,SILVERM,23OCT2026,34475000.000000,1,OPTFUT,NCO,50.000000,120,False
161995,SILVERM26OCT345000CE,SILVERM,23OCT2026,34500000.000000,1,OPTFUT,NCO,50.000000,120,False
162012,SILVERM26OCT347000PE,SILVERM,23OCT2026,34700000.000000,1,OPTFUT,NCO,50.000000,120,False
162020,SILVERM26OCT348000PE,SILVERM,23OCT2026,34800000.000000,1,OPTFUT,NCO,50.000000,120,False
162038,SILVERM26OCT350250PE,SILVERM,23OCT2026,35025000.000000,1,OPTFUT,NCO,50.000000,120,False
162052,SILVERM26OCT352000PE,SILVERM,23OCT2026,35200000.000000,1,OPTFUT,NCO,50.000000,120,False
162053,SILVERM26OCT352250CE,SILVERM,23OCT2026,35225000.000000,1,OPTFUT,NCO,50.000000,120,False
162059,SILVERM26OCT353000CE,SILVERM,23OCT2026,35300000.000000,1,OPTFUT,NCO,50.000000,120,False
162064,SILVERM26OCT353500PE,SILVERM,23OCT2026,35350000.000000,1,OPTFUT,NCO,50.000000,120,False
162067,SILVERM26OCT354000CE,SILVERM,23OCT2026,35400000.000000,1,OPTFUT,NCO,50.000000,120,False
162068,SILVERM26OCT354000PE,SILVERM,23OCT2026,35400000.000000,1,OPTFUT,NCO,50.000000,120,False
162077,SILVERM26OCT355250CE,SILVERM,23OCT2026,35525000.000000,1,OPTFUT,NCO,50.000000,120,False
162095,SILVERM26OCT357500CE,SILVERM,23OCT2026,35750000.000000,1,OPTFUT,NCO,50.000000,120,False
162080,SILVERM26OCT355500PE,SILVERM,23OCT2026,35550000.000000,1,OPTFUT,NCO,50.000000,120,False
162086,SILVERM26OCT356250PE,SILVERM,23OCT2026,35625000.000000,1,OPTFUT,NCO,50.000000,120,False
162103,SILVERM26OCT358500CE,SILVERM,23OCT2026,35850000.000000,1,OPTFUT,NCO,50.000000,120,False
162112,SILVERM26OCT359500PE,SILVERM,23OCT2026,35950000.000000,1,OPTFUT,NCO,50.000000,120,False
162115,SILVERM26OCT360000CE,SILVERM,23OCT2026,36000000.000000,1,OPTFUT,NCO,50.000000,120,False
162123,SILVERM26OCT361000CE,SILVERM,23OCT2026,36100000.000000,1,OPTFUT,NCO,50.000000,120,False
162130,SILVERM26OCT361750PE,SILVERM,23OCT2026,36175000.000000,1,OPTFUT,NCO,50.000000,120,False
162134,SILVERM26OCT362250PE,SILVERM,23OCT2026,36225000.000000,1,OPTFUT,NCO,50.000000,120,False
162162,SILVERM26OCT365750PE,SILVERM,23OCT2026,36575000.000000,1,OPTFUT,NCO,50.000000,120,False
162164,SILVERM26OCT366000PE,SILVERM,23OCT2026,36600000.000000,1,OPTFUT,NCO,50.000000,120,False
162172,SILVERM26OCT367000PE,SILVERM,23OCT2026,36700000.000000,1,OPTFUT,NCO,50.000000,120,False
162188,SILVERM26NOV340000PE,SILVERM,23NOV2026,34000000.000000,1,OPTFUT,NCO,50.000000,120,False
162196,SILVERM26NOV341000PE,SILVERM,23NOV2026,34100000.000000,1,OPTFUT,NCO,50.000000,120,False
162198,SILVERM26NOV341250PE,SILVERM,23NOV2026,34125000.000000,1,OPTFUT,NCO,50.000000,120,False
162219,SILVERM26NOV344000CE,SILVERM,23NOV2026,34400000.000000,1,OPTFUT,NCO,50.000000,120,False
162222,SILVERM26NOV344250PE,SILVERM,23NOV2026,34425000.000000,1,OPTFUT,NCO,50.000000,120,False
162227,SILVERM26NOV345000CE,SILVERM,23NOV2026,34500000.000000,1,OPTFUT,NCO,50.000000,120,False
162252,SILVERM26NOV348000PE,SILVERM,23NOV2026,34800000.000000,1,OPTFUT,NCO,50.000000,120,False
162273,SILVERM26NOV350750CE,SILVERM,23NOV2026,35075000.000000,1,OPTFUT,NCO,50.000000,120,False
162282,SILVERM26NOV351750PE,SILVERM,23NOV2026,35175000.000000,1,OPTFUT,NCO,50.000000,120,False
162283,SILVERM26NOV352000CE,SILVERM,23NOV2026,35200000.000000,1,OPTFUT,NCO,50.000000,120,False
162284,SILVERM26NOV352000PE,SILVERM,23NOV2026,35200000.000000,1,OPTFUT,NCO,50.000000,120,False
162306,SILVERM26NOV354750PE,SILVERM,23NOV2026,35475000.000000,1,OPTFUT,NCO,50.000000,120,False
162309,SILVERM26NOV355250CE,SILVERM,23NOV2026,35525000.000000,1,OPTFUT,NCO,50.000000,120,False
162327,SILVERM26NOV357500CE,SILVERM,23NOV2026,35750000.000000,1,OPTFUT,NCO,50.000000,120,False
162330,SILVERM26NOV357750PE,SILVERM,23NOV2026,35775000.000000,1,OPTFUT,NCO,50.000000,120,False
162332,SILVERM26NOV358000PE,SILVERM,23NOV2026,35800000.000000,1,OPTFUT,NCO,50.000000,120,False
162335,SILVERM26NOV358500CE,SILVERM,23NOV2026,35850000.000000,1,OPTFUT,NCO,50.000000,120,False
162354,SILVERM26NOV360750PE,SILVERM,23NOV2026,36075000.000000,1,OPTFUT,NCO,50.000000,120,False
162356,SILVERM26NOV361000PE,SILVERM,23NOV2026,36100000.000000,1,OPTFUT,NCO,50.000000,120,False
162370,SILVERM26NOV362750PE,SILVERM,23NOV2026,36275000.000000,1,OPTFUT,NCO,50.000000,120,False
162374,SILVERM26NOV363250PE,SILVERM,23NOV2026,36325000.000000,1,OPTFUT,NCO,50.000000,120,False
162393,SILVERM26NOV365750CE,SILVERM,23NOV2026,36575000.000000,1,OPTFUT,NCO,50.000000,120,False
162398,SILVERM26NOV366250PE,SILVERM,23NOV2026,36625000.000000,1,OPTFUT,NCO,50.000000,120,False
162401,SILVERM26NOV366750CE,SILVERM,23NOV2026,36675000.000000,1,OPTFUT,NCO,50.000000,120,False
162404,SILVERM26NOV367000PE,SILVERM,23NOV2026,36700000.000000,1,OPTFUT,NCO,50.000000,120,False
162412,SILVERM26NOV368000PE,SILVERM,23NOV2026,36800000.000000,1,OPTFUT,NCO,50.000000,120,False
162416,SILVERM26NOV368500PE,SILVERM,23NOV2026,36850000.000000,1,OPTFUT,NCO,50.000000,120,False
162435,SILVERM26DEC341750CE,SILVERM,23DEC2026,34175000.000000,1,OPTFUT,NCO,50.000000,120,False
162449,SILVERM26DEC343500CE,SILVERM,23DEC2026,34350000.000000,1,OPTFUT,NCO,50.000000,120,False
162451,SILVERM26DEC343750CE,SILVERM,23DEC2026,34375000.000000,1,OPTFUT,NCO,50.000000,120,False
162456,SILVERM26DEC344250PE,SILVERM,23DEC2026,34425000.000000,1,OPTFUT,NCO,50.000000,120,False
162471,SILVERM26DEC346250CE,SILVERM,23DEC2026,34625000.000000,1,OPTFUT,NCO,50.000000,120,False
162474,SILVERM26DEC346500PE,SILVERM,23DEC2026,34650000.000000,1,OPTFUT,NCO,50.000000,120,False
162476,SILVERM26DEC346750PE,SILVERM,23DEC2026,34675000.000000,1,OPTFUT,NCO,50.000000,120,False
162488,SILVERM26DEC348250PE,SILVERM,23DEC2026,34825000.000000,1,OPTFUT,NCO,50.000000,120,False
162489,SILVERM26DEC348500CE,SILVERM,23DEC2026,34850000.000000,1,OPTFUT,NCO,50.000000,120,False
162515,SILVERM26DEC351750CE,SILVERM,23DEC2026,35175000.000000,1,OPTFUT,NCO,50.000000,120,False
162528,SILVERM26DEC353250PE,SILVERM,23DEC2026,35325000.000000,1,OPTFUT,NCO,50.000000,120,False
162533,SILVERM26DEC354000CE,SILVERM,23DEC2026,35400000.000000,1,OPTFUT,NCO,50.000000,120,False
162537,SILVERM26DEC354500CE,SILVERM,23DEC2026,35450000.000000,1,OPTFUT,NCO,50.000000,120,False
162545,SILVERM26DEC355500CE,SILVERM,23DEC2026,35550000.000000,1,OPTFUT,NCO,50.000000,120,False
162547,SILVERM26DEC355750CE,SILVERM,23DEC2026,35575000.000000,1,OPTFUT,NCO,50.000000,120,False
162548,SILVERM26DEC355750PE,SILVERM,23DEC2026,35575000.000000,1,OPTFUT,NCO,50.000000,120,False
162554,SILVERM26DEC356500PE,SILVERM,23DEC2026,35650000.000000,1,OPTFUT,NCO,50.000000,120,False
162555,SILVERM26DEC356750CE,SILVERM,23DEC2026,35675000.000000,1,OPTFUT,NCO,50.000000,120,False
162564,SILVERM26DEC357750PE,SILVERM,23DEC2026,35775000.000000,1,OPTFUT,NCO,50.000000,120,False
162580,SILVERM26DEC359750PE,SILVERM,23DEC2026,35975000.000000,1,OPTFUT,NCO,50.000000,120,False
162591,SILVERM26DEC361250CE,SILVERM,23DEC2026,36125000.000000,1,OPTFUT,NCO,50.000000,120,False
162613,SILVERM26DEC364000CE,SILVERM,23DEC2026,36400000.000000,1,OPTFUT,NCO,50.000000,120,False
162614,SILVERM26DEC364000PE,SILVERM,23DEC2026,36400000.000000,1,OPTFUT,NCO,50.000000,120,False
162616,SILVERM26DEC364250PE,SILVERM,23DEC2026,36425000.000000,1,OPTFUT,NCO,50.000000,120,False
162631,SILVERM26DEC366250CE,SILVERM,23DEC2026,36625000.000000,1,OPTFUT,NCO,50.000000,120,False
162635,SILVERM26DEC366750CE,SILVERM,23DEC2026,36675000.000000,1,OPTFUT,NCO,50.000000,120,False
162641,SILVERM26DEC367500CE,SILVERM,23DEC2026,36750000.000000,1,OPTFUT,NCO,50.000000,120,False
162660,SILVERM26DEC369750PE,SILVERM,23DEC2026,36975000.000000,1,OPTFUT,NCO,50.000000,120,False
162661,SILVERM26DEC370000CE,SILVERM,23DEC2026,37000000.000000,1,OPTFUT,NCO,50.000000,120,False
162670,SILVERM26DEC371000PE,SILVERM,23DEC2026,37100000.000000,1,OPTFUT,NCO,50.000000,120,False
163924,GOLD26SEP168300PE,GOLD,25SEP2026,16830000.000000,1,OPTFUT,NCO,50.000000,10,False
163925,GOLD26SEP168400CE,GOLD,25SEP2026,16840000.000000,1,OPTFUT,NCO,50.000000,10,False
163935,GOLD26SEP168900CE,GOLD,25SEP2026,16890000.000000,1,OPTFUT,NCO,50.000000,10,False
163939,GOLD26SEP169100CE,GOLD,25SEP2026,16910000.000000,1,OPTFUT,NCO,50.000000,10,False
163944,GOLD26SEP169300PE,GOLD,25SEP2026,16930000.000000,1,OPTFUT,NCO,50.000000,10,False
163955,GOLD26SEP169900CE,GOLD,25SEP2026,16990000.000000,1,OPTFUT,NCO,50.000000,10,False
163962,GOLD26SEP170200PE,GOLD,25SEP2026,17020000.000000,1,OPTFUT,NCO,50.000000,10,False
163978,GOLD26SEP171000PE,GOLD,25SEP2026,17100000.000000,1,OPTFUT,NCO,50.000000,10,False
163996,GOLD26SEP171900PE,GOLD,25SEP2026,17190000.000000,1,OPTFUT,NCO,50.000000,10,False
163998,GOLD26SEP172000PE,GOLD,25SEP2026,17200000.000000,1,OPTFUT,NCO,50.000000,10,False
164001,GOLD26SEP172200CE,GOLD,25SEP2026,17220000.000000,1,OPTFUT,NCO,50.000000,10,False
164005,GOLD26SEP172400CE,GOLD,25SEP2026,17240000.000000,1,OPTFUT,NCO,50.000000,10,False
164021,GOLD26SEP173200CE,GOLD,25SEP2026,17320000.000000,1,OPTFUT,NCO,50.000000,10,False
164025,GOLD26SEP173400CE,GOLD,25SEP2026,17340000.000000,1,OPTFUT,NCO,50.000000,10,False
164032,GOLD26SEP173700PE,GOLD,25SEP2026,17370000.000000,1,OPTFUT,NCO,50.000000,10,False
164042,GOLD26SEP174200PE,GOLD,25SEP2026,17420000.000000,1,OPTFUT,NCO,50.000000,10,False
164043,GOLD26SEP174300CE,GOLD,25SEP2026,17430000.000000,1,OPTFUT,NCO,50.000000,10,False
164044,GOLD26SEP174300PE,GOLD,25SEP2026,17430000.000000,1,OPTFUT,NCO,50.000000,10,False
164083,GOLD26OCT170900CE,GOLD,29OCT2026,17090000.000000,1,OPTFUT,NCO,50.000000,10,False
164090,GOLD26OCT171200PE,GOLD,29OCT2026,17120000.000000,1,OPTFUT,NCO,50.000000,10,False
164097,GOLD26OCT171600CE,GOLD,29OCT2026,17160000.000000,1,OPTFUT,NCO,50.000000,10,False
164105,GOLD26OCT172000CE,GOLD,29OCT2026,17200000.000000,1,OPTFUT,NCO,50.000000,10,False
164107,GOLD26OCT172100CE,GOLD,29OCT2026,17210000.000000,1,OPTFUT,NCO,50.000000,10,False
164110,GOLD26OCT172200PE,GOLD,29OCT2026,17220000.000000,1,OPTFUT,NCO,50.000000,10,False
164112,GOLD26OCT172300PE,GOLD,29OCT2026,17230000.000000,1,OPTFUT,NCO,50.000000,10,False
164118,GOLD26OCT172600PE,GOLD,29OCT2026,17260000.000000,1,OPTFUT,NCO,50.000000,10,False
164135,GOLD26OCT173500CE,GOLD,29OCT2026,17350000.000000,1,OPTFUT,NCO,50.000000,10,False
164148,GOLD26OCT174100PE,GOLD,29OCT2026,17410000.000000,1,OPTFUT,NCO,50.000000,10,False
164154,GOLD26OCT174400PE,GOLD,29OCT2026,17440000.000000,1,OPTFUT,NCO,50.000000,10,False
164173,GOLD26NOV170000CE,GOLD,27NOV2026,17000000.000000,1,OPTFUT,NCO,50.000000,10,False
164181,GOLD26NOV170400CE,GOLD,27NOV2026,17040000.000000,1,OPTFUT,NCO,50.000000,10,False
164182,GOLD26NOV170400PE,GOLD,27NOV2026,17040000.000000,1,OPTFUT,NCO,50.000000,10,False
164201,GOLD26NOV171400CE,GOLD,27NOV2026,17140000.000000,1,OPTFUT,NCO,50.000000,10,False
164206,GOLD26NOV171600PE,GOLD,27NOV2026,17160000.000000,1,OPTFUT,NCO,50.000000,10,False
164208,GOLD26NOV171700PE,GOLD,27NOV2026,17170000.000000,1,OPTFUT,NCO,50.000000,10,False
164211,GOLD26NOV171900CE,GOLD,27NOV2026,17190000.000000,1,OPTFUT,NCO,50.000000,10,False
164222,GOLD26NOV172400PE,GOLD,27NOV2026,17240000.000000,1,OPTFUT,NCO,50.000000,10,False
164235,GOLD26NOV173100CE,GOLD,27NOV2026,17310000.000000,1,OPTFUT,NCO,50.000000,10,False
164240,GOLD26NOV173300PE,GOLD,27NOV2026,17330000.000000,1,OPTFUT,NCO,50.000000,10,False
164246,GOLD26NOV173600PE,GOLD,27NOV2026,17360000.000000,1,OPTFUT,NCO,50.000000,10,False
164249,GOLD26NOV173800CE,GOLD,27NOV2026,17380000.000000,1,OPTFUT,NCO,50.000000,10,False
164255,GOLD26NOV174100CE,GOLD,27NOV2026,17410000.000000,1,OPTFUT,NCO,50.000000,10,False
164260,GOLD26NOV174300PE,GOLD,27NOV2026,17430000.000000,1,OPTFUT,NCO,50.000000,10,False
164274,GOLD26NOV175000PE,GOLD,27NOV2026,17500000.000000,1,OPTFUT,NCO,50.000000,10,False
164277,GOLD26NOV175200CE,GOLD,27NOV2026,17520000.000000,1,OPTFUT,NCO,50.000000,10,False
164286,GOLD26NOV175600PE,GOLD,27NOV2026,17560000.000000,1,OPTFUT,NCO,50.000000,10,False
164313,GOLD26DEC171600CE,GOLD,29DEC2026,17160000.000000,1,OPTFUT,NCO,50.000000,10,False
164334,GOLD26DEC172600PE,GOLD,29DEC2026,17260000.000000,1,OPTFUT,NCO,50.000000,10,False
164352,GOLD26DEC173500PE,GOLD,29DEC2026,17350000.000000,1,OPTFUT,NCO,50.000000,10,False
164356,GOLD26DEC173700PE,GOLD,29DEC2026,17370000.000000,1,OPTFUT,NCO,50.000000,10,False
164361,GOLD26DEC174000CE,GOLD,29DEC2026,17400000.000000,1,OPTFUT,NCO,50.000000,10,False
164366,GOLD26DEC174200PE,GOLD,29DEC2026,17420000.000000,1,OPTFUT,NCO,50.000000,10,False
164369,GOLD26DEC174400CE,GOLD,29DEC2026,17440000.000000,1,OPTFUT,NCO,50.000000,10,False
164392,GOLD26DEC175500PE,GOLD,29DEC2026,17550000.000000,1,OPTFUT,NCO,50.000000,10,False
164398,GOLD26DEC175800PE,GOLD,29DEC2026,17580000.000000,1,OPTFUT,NCO,50.000000,10,False
164400,GOLD26DEC175900PE,GOLD,29DEC2026,17590000.000000,1,OPTFUT,NCO,50.000000,10,False
164402,GOLD26DEC176000PE,GOLD,29DEC2026,17600000.000000,1,OPTFUT,NCO,50.000000,10,False
164422,GOLD26DEC177000PE,GOLD,29DEC2026,17700000.000000,1,OPTFUT,NCO,50.000000,10,False
164409,GOLD26DEC176400CE,GOLD,29DEC2026,17640000.000000,1,OPTFUT,NCO,50.000000,10,False
165726,SILVERM26SEP366250PE,SILVERM,23SEP2026,36625000.000000,1,OPTFUT,NCO,50.000000,120,False
165730,SILVERM26SEP366750PE,SILVERM,23SEP2026,36675000.000000,1,OPTFUT,NCO,50.000000,120,False
165731,SILVERM26SEP367000CE,SILVERM,23SEP2026,36700000.000000,1,OPTFUT,NCO,50.000000,120,False
165732,SILVERM26SEP367000PE,SILVERM,23SEP2026,36700000.000000,1,OPTFUT,NCO,50.000000,120,False
165736,SILVERM26SEP367500PE,SILVERM,23SEP2026,36750000.000000,1,OPTFUT,NCO,50.000000,120,False
165741,SILVERM26SEP368250CE,SILVERM,23SEP2026,36825000.000000,1,OPTFUT,NCO,50.000000,120,False
165743,SILVERM26SEP368500CE,SILVERM,23SEP2026,36850000.000000,1,OPTFUT,NCO,50.000000,120,False
165748,SILVERM26SEP369000PE,SILVERM,23SEP2026,36900000.000000,1,OPTFUT,NCO,50.000000,120,False
165770,SILVERM26SEP371750PE,SILVERM,23SEP2026,37175000.000000,1,OPTFUT,NCO,50.000000,120,False
165773,SILVERM26SEP372250CE,SILVERM,23SEP2026,37225000.000000,1,OPTFUT,NCO,50.000000,120,False
165775,SILVERM26SEP372500CE,SILVERM,23SEP2026,37250000.000000,1,OPTFUT,NCO,50.000000,120,False
165802,SILVERM26SEP375750PE,SILVERM,23SEP2026,37575000.000000,1,OPTFUT,NCO,50.000000,120,False
165806,SILVERM26SEP376250PE,SILVERM,23SEP2026,37625000.000000,1,OPTFUT,NCO,50.000000,120,False
165812,SILVERM26SEP377000PE,SILVERM,23SEP2026,37700000.000000,1,OPTFUT,NCO,50.000000,120,False
165822,SILVERM26SEP378250PE,SILVERM,23SEP2026,37825000.000000,1,OPTFUT,NCO,50.000000,120,False
165826,SILVERM26SEP378750PE,SILVERM,23SEP2026,37875000.000000,1,OPTFUT,NCO,50.000000,120,False
165828,SILVERM26SEP379000PE,SILVERM,23SEP2026,37900000.000000,1,OPTFUT,NCO,50.000000,120,False
165830,SILVERM26SEP379250PE,SILVERM,23SEP2026,37925000.000000,1,OPTFUT,NCO,50.000000,120,False
165839,SILVERM26SEP380500CE,SILVERM,23SEP2026,38050000.000000,1,OPTFUT,NCO,50.000000,120,False
165840,SILVERM26SEP380500PE,SILVERM,23SEP2026,38050000.000000,1,OPTFUT,NCO,50.000000,120,False
165855,SILVERM26SEP382500CE,SILVERM,23SEP2026,38250000.000000,1,OPTFUT,NCO,50.000000,120,False
165856,SILVERM26SEP382500PE,SILVERM,23SEP2026,38250000.000000,1,OPTFUT,NCO,50.000000,120,False
165868,SILVERM26OCT369250PE,SILVERM,23OCT2026,36925000.000000,1,OPTFUT,NCO,50.000000,120,False
165870,SILVERM26OCT369500PE,SILVERM,23OCT2026,36950000.000000,1,OPTFUT,NCO,50.000000,120,False
165872,SILVERM26OCT369750PE,SILVERM,23OCT2026,36975000.000000,1,OPTFUT,NCO,50.000000,120,False
165874,SILVERM26OCT370000PE,SILVERM,23OCT2026,37000000.000000,1,OPTFUT,NCO,50.000000,120,False
165886,SILVERM26OCT371500PE,SILVERM,23OCT2026,37150000.000000,1,OPTFUT,NCO,50.000000,120,False
165889,SILVERM26OCT372000CE,SILVERM,23OCT2026,37200000.000000,1,OPTFUT,NCO,50.000000,120,False
165899,SILVERM26OCT373250CE,SILVERM,23OCT2026,37325000.000000,1,OPTFUT,NCO,50.000000,120,False
165935,SILVERM26OCT377750CE,SILVERM,23OCT2026,37775000.000000,1,OPTFUT,NCO,50.000000,120,False
165941,SILVERM26OCT378500CE,SILVERM,23OCT2026,37850000.000000,1,OPTFUT,NCO,50.000000,120,False
165947,SILVERM26OCT379250CE,SILVERM,23OCT2026,37925000.000000,1,OPTFUT,NCO,50.000000,120,False
165962,SILVERM26OCT381000PE,SILVERM,23OCT2026,38100000.000000,1,OPTFUT,NCO,50.000000,120,False
165973,SILVERM26OCT382500CE,SILVERM,23OCT2026,38250000.000000,1,OPTFUT,NCO,50.000000,120,False
165975,SILVERM26OCT382750CE,SILVERM,23OCT2026,38275000.000000,1,OPTFUT,NCO,50.000000,120,False
165982,SILVERM26OCT383500PE,SILVERM,23OCT2026,38350000.000000,1,OPTFUT,NCO,50.000000,120,False
165989,SILVERM26OCT384500CE,SILVERM,23OCT2026,38450000.000000,1,OPTFUT,NCO,50.000000,120,False
166001,SILVERM26NOV371250CE,SILVERM,23NOV2026,37125000.000000,1,OPTFUT,NCO,50.000000,120,False
166013,SILVERM26NOV372750CE,SILVERM,23NOV2026,37275000.000000,1,OPTFUT,NCO,50.000000,120,False
166014,SILVERM26NOV372750PE,SILVERM,23NOV2026,37275000.000000,1,OPTFUT,NCO,50.000000,120,False
166015,SILVERM26NOV373000CE,SILVERM,23NOV2026,37300000.000000,1,OPTFUT,NCO,50.000000,120,False
166023,SILVERM26NOV374000CE,SILVERM,23NOV2026,37400000.000000,1,OPTFUT,NCO,50.000000,120,False
166036,SILVERM26NOV375500PE,SILVERM,23NOV2026,37550000.000000,1,OPTFUT,NCO,50.000000,120,False
166072,SILVERM26NOV380000PE,SILVERM,23NOV2026,38000000.000000,1,OPTFUT,NCO,50.000000,120,False
166076,SILVERM26NOV380500PE,SILVERM,23NOV2026,38050000.000000,1,OPTFUT,NCO,50.000000,120,False
166097,SILVERM26NOV383250CE,SILVERM,23NOV2026,38325000.000000,1,OPTFUT,NCO,50.000000,120,False
166120,SILVERM26NOV386000PE,SILVERM,23NOV2026,38600000.000000,1,OPTFUT,NCO,50.000000,120,False
166121,SILVERM26NOV386250CE,SILVERM,23NOV2026,38625000.000000,1,OPTFUT,NCO,50.000000,120,False
166129,SILVERM26DEC372500CE,SILVERM,23DEC2026,37250000.000000,1,OPTFUT,NCO,50.000000,120,False
166139,SILVERM26DEC373750CE,SILVERM,23DEC2026,37375000.000000,1,OPTFUT,NCO,50.000000,120,False
166146,SILVERM26DEC374500PE,SILVERM,23DEC2026,37450000.000000,1,OPTFUT,NCO,50.000000,120,False
166150,SILVERM26DEC375000PE,SILVERM,23DEC2026,37500000.000000,1,OPTFUT,NCO,50.000000,120,False
166155,SILVERM26DEC375750CE,SILVERM,23DEC2026,37575000.000000,1,OPTFUT,NCO,50.000000,120,False
166165,SILVERM26DEC377000CE,SILVERM,23DEC2026,37700000.000000,1,OPTFUT,NCO,50.000000,120,False
166167,SILVERM26DEC377250CE,SILVERM,23DEC2026,37725000.000000,1,OPTFUT,NCO,50.000000,120,False
166173,SILVERM26DEC378000CE,SILVERM,23DEC2026,37800000.000000,1,OPTFUT,NCO,50.000000,120,False
166182,SILVERM26DEC379000PE,SILVERM,23DEC2026,37900000.000000,1,OPTFUT,NCO,50.000000,120,False
166192,SILVERM26DEC380250PE,SILVERM,23DEC2026,38025000.000000,1,OPTFUT,NCO,50.000000,120,False
166198,SILVERM26DEC381000PE,SILVERM,23DEC2026,38100000.000000,1,OPTFUT,NCO,50.000000,120,False
166199,SILVERM26DEC381250CE,SILVERM,23DEC2026,38125000.000000,1,OPTFUT,NCO,50.000000,120,False
166201,SILVERM26DEC381500CE,SILVERM,23DEC2026,38150000.000000,1,OPTFUT,NCO,50.000000,120,False
166207,SILVERM26DEC382250CE,SILVERM,23DEC2026,38225000.000000,1,OPTFUT,NCO,50.000000,120,False
166211,SILVERM26DEC382750CE,SILVERM,23DEC2026,38275000.000000,1,OPTFUT,NCO,50.000000,120,False
166226,SILVERM26DEC384500PE,SILVERM,23DEC2026,38450000.000000,1,OPTFUT,NCO,50.000000,120,False
166231,SILVERM26DEC385250CE,SILVERM,23DEC2026,38525000.000000,1,OPTFUT,NCO,50.000000,120,False
166248,SILVERM26DEC387250PE,SILVERM,23DEC2026,38725000.000000,1,OPTFUT,NCO,50.000000,120,False
166257,SILVERM26DEC388500CE,SILVERM,23DEC2026,38850000.000000,1,OPTFUT,NCO,50.000000,120,False
168180,GOLD26SEP174500PE,GOLD,25SEP2026,17450000.000000,1,OPTFUT,NCO,50.000000,10,False
168186,GOLD26SEP174800PE,GOLD,25SEP2026,17480000.000000,1,OPTFUT,NCO,50.000000,10,False
168194,GOLD26SEP175200PE,GOLD,25SEP2026,17520000.000000,1,OPTFUT,NCO,50.000000,10,False
168203,GOLD26SEP175700CE,GOLD,25SEP2026,17570000.000000,1,OPTFUT,NCO,50.000000,10,False
168207,GOLD26SEP175900CE,GOLD,25SEP2026,17590000.000000,1,OPTFUT,NCO,50.000000,10,False
168228,GOLD26SEP176900PE,GOLD,25SEP2026,17690000.000000,1,OPTFUT,NCO,50.000000,10,False
168232,GOLD26SEP177100PE,GOLD,25SEP2026,17710000.000000,1,OPTFUT,NCO,50.000000,10,False
168245,GOLD26SEP177800CE,GOLD,25SEP2026,17780000.000000,1,OPTFUT,NCO,50.000000,10,False
168259,GOLD26SEP178500CE,GOLD,25SEP2026,17850000.000000,1,OPTFUT,NCO,50.000000,10,False
168286,GOLD26SEP179800PE,GOLD,25SEP2026,17980000.000000,1,OPTFUT,NCO,50.000000,10,False
168301,GOLD26SEP180600CE,GOLD,25SEP2026,18060000.000000,1,OPTFUT,NCO,50.000000,10,False
168310,GOLD26SEP181000PE,GOLD,25SEP2026,18100000.000000,1,OPTFUT,NCO,50.000000,10,False
168322,GOLD26SEP181600PE,GOLD,25SEP2026,18160000.000000,1,OPTFUT,NCO,50.000000,10,False
168335,GOLD26SEP182300CE,GOLD,25SEP2026,18230000.000000,1,OPTFUT,NCO,50.000000,10,False
168337,GOLD26SEP182400CE,GOLD,25SEP2026,18240000.000000,1,OPTFUT,NCO,50.000000,10,False
168341,GOLD26SEP182600CE,GOLD,25SEP2026,18260000.000000,1,OPTFUT,NCO,50.000000,10,False
168351,GOLD26SEP183100CE,GOLD,25SEP2026,18310000.000000,1,OPTFUT,NCO,50.000000,10,False
168354,GOLD26SEP183200PE,GOLD,25SEP2026,18320000.000000,1,OPTFUT,NCO,50.000000,10,False
168358,GOLD26SEP183400PE,GOLD,25SEP2026,18340000.000000,1,OPTFUT,NCO,50.000000,10,False
168363,GOLD26SEP183700CE,GOLD,25SEP2026,18370000.000000,1,OPTFUT,NCO,50.000000,10,False
168366,GOLD26SEP183800PE,GOLD,25SEP2026,18380000.000000,1,OPTFUT,NCO,50.000000,10,False
168372,GOLD26SEP184100PE,GOLD,25SEP2026,18410000.000000,1,OPTFUT,NCO,50.000000,10,False
168383,GOLD26SEP184700CE,GOLD,25SEP2026,18470000.000000,1,OPTFUT,NCO,50.000000,10,False
168390,GOLD26SEP185000PE,GOLD,25SEP2026,18500000.000000,1,OPTFUT,NCO,50.000000,10,False
168391,GOLD26SEP185100CE,GOLD,25SEP2026,18510000.000000,1,OPTFUT,NCO,50.000000,10,False
168408,GOLD26OCT175900PE,GOLD,29OCT2026,17590000.000000,1,OPTFUT,NCO,50.000000,10,False
168409,GOLD26OCT176000CE,GOLD,29OCT2026,17600000.000000,1,OPTFUT,NCO,50.000000,10,False
168421,GOLD26OCT176600CE,GOLD,29OCT2026,17660000.000000,1,OPTFUT,NCO,50.000000,10,False
168442,GOLD26OCT177600PE,GOLD,29OCT2026,17760000.000000,1,OPTFUT,NCO,50.000000,10,False
168443,GOLD26OCT177700CE,GOLD,29OCT2026,17770000.000000,1,OPTFUT,NCO,50.000000,10,False
168473,GOLD26OCT179200CE,GOLD,29OCT2026,17920000.000000,1,OPTFUT,NCO,50.000000,10,False
168474,GOLD26OCT179200PE,GOLD,29OCT2026,17920000.000000,1,OPTFUT,NCO,50.000000,10,False
168478,GOLD26OCT179400PE,GOLD,29OCT2026,17940000.000000,1,OPTFUT,NCO,50.000000,10,False
168487,GOLD26OCT179900CE,GOLD,29OCT2026,17990000.000000,1,OPTFUT,NCO,50.000000,10,False
168506,GOLD26OCT180800PE,GOLD,29OCT2026,18080000.000000,1,OPTFUT,NCO,50.000000,10,False
168525,GOLD26OCT181800CE,GOLD,29OCT2026,18180000.000000,1,OPTFUT,NCO,50.000000,10,False
168527,GOLD26OCT181900CE,GOLD,29OCT2026,18190000.000000,1,OPTFUT,NCO,50.000000,10,False
168539,GOLD26OCT182500CE,GOLD,29OCT2026,18250000.000000,1,OPTFUT,NCO,50.000000,10,False
168549,GOLD26OCT183000CE,GOLD,29OCT2026,18300000.000000,1,OPTFUT,NCO,50.000000,10,False
168555,GOLD26OCT183300CE,GOLD,29OCT2026,18330000.000000,1,OPTFUT,NCO,50.000000,10,False
168588,GOLD26OCT184900PE,GOLD,29OCT2026,18490000.000000,1,OPTFUT,NCO,50.000000,10,False
168592,GOLD26OCT185100PE,GOLD,29OCT2026,18510000.000000,1,OPTFUT,NCO,50.000000,10,False
168595,GOLD26OCT185300CE,GOLD,29OCT2026,18530000.000000,1,OPTFUT,NCO,50.000000,10,False
168606,GOLD26OCT185800PE,GOLD,29OCT2026,18580000.000000,1,OPTFUT,NCO,50.000000,10,False
168610,GOLD26OCT186000PE,GOLD,29OCT2026,18600000.000000,1,OPTFUT,NCO,50.000000,10,False
168611,GOLD26OCT186100CE,GOLD,29OCT2026,18610000.000000,1,OPTFUT,NCO,50.000000,10,False
168612,GOLD26OCT186100PE,GOLD,29OCT2026,18610000.000000,1,OPTFUT,NCO,50.000000,10,False
168627,GOLD26NOV176800CE,GOLD,27NOV2026,17680000.000000,1,OPTFUT,NCO,50.000000,10,False
168643,GOLD26NOV177600CE,GOLD,27NOV2026,17760000.000000,1,OPTFUT,NCO,50.000000,10,False
168649,GOLD26NOV177900CE,GOLD,27NOV2026,17790000.000000,1,OPTFUT,NCO,50.000000,10,False
168656,GOLD26NOV178200PE,GOLD,27NOV2026,17820000.000000,1,OPTFUT,NCO,50.000000,10,False
168687,GOLD26NOV179800CE,GOLD,27NOV2026,17980000.000000,1,OPTFUT,NCO,50.000000,10,False
168693,GOLD26NOV180100CE,GOLD,27NOV2026,18010000.000000,1,OPTFUT,NCO,50.000000,10,False
168701,GOLD26NOV180500CE,GOLD,27NOV2026,18050000.000000,1,OPTFUT,NCO,50.000000,10,False
168702,GOLD26NOV180500PE,GOLD,27NOV2026,18050000.000000,1,OPTFUT,NCO,50.000000,10,False
168704,GOLD26NOV180600PE,GOLD,27NOV2026,18060000.000000,1,OPTFUT,NCO,50.000000,10,False
168706,GOLD26NOV180700PE,GOLD,27NOV2026,18070000.000000,1,OPTFUT,NCO,50.000000,10,False
168708,GOLD26NOV180800PE,GOLD,27NOV2026,18080000.000000,1,OPTFUT,NCO,50.000000,10,False
168730,GOLD26NOV181900PE,GOLD,27NOV2026,18190000.000000,1,OPTFUT,NCO,50.000000,10,False
168761,GOLD26NOV183500CE,GOLD,27NOV2026,18350000.000000,1,OPTFUT,NCO,50.000000,10,False
168796,GOLD26NOV185200PE,GOLD,27NOV2026,18520000.000000,1,OPTFUT,NCO,50.000000,10,False
168819,GOLD26NOV186400CE,GOLD,27NOV2026,18640000.000000,1,OPTFUT,NCO,50.000000,10,False
168826,GOLD26NOV186700PE,GOLD,27NOV2026,18670000.000000,1,OPTFUT,NCO,50.000000,10,False
168833,GOLD26NOV187100CE,GOLD,27NOV2026,18710000.000000,1,OPTFUT,NCO,50.000000,10,False
168834,GOLD26NOV187100PE,GOLD,27NOV2026,18710000.000000,1,OPTFUT,NCO,50.000000,10,False
168838,GOLD26DEC177200PE,GOLD,29DEC2026,17720000.000000,1,OPTFUT,NCO,50.000000,10,False
168842,GOLD26DEC177400PE,GOLD,29DEC2026,17740000.000000,1,OPTFUT,NCO,50.000000,10,False
168851,GOLD26DEC177900CE,GOLD,29DEC2026,17790000.000000,1,OPTFUT,NCO,50.000000,10,False
168860,GOLD26DEC178300PE,GOLD,29DEC2026,17830000.000000,1,OPTFUT,NCO,50.000000,10,False
168863,GOLD26DEC178500CE,GOLD,29DEC2026,17850000.000000,1,OPTFUT,NCO,50.000000,10,False
168876,GOLD26DEC179100PE,GOLD,29DEC2026,17910000.000000,1,OPTFUT,NCO,50.000000,10,False
168885,GOLD26DEC179600CE,GOLD,29DEC2026,17960000.000000,1,OPTFUT,NCO,50.000000,10,False
168913,GOLD26DEC181000CE,GOLD,29DEC2026,18100000.000000,1,OPTFUT,NCO,50.000000,10,False
168946,GOLD26DEC182600PE,GOLD,29DEC2026,18260000.000000,1,OPTFUT,NCO,50.000000,10,False
168955,GOLD26DEC183100CE,GOLD,29DEC2026,18310000.000000,1,OPTFUT,NCO,50.000000,10,False
168956,GOLD26DEC183100PE,GOLD,29DEC2026,18310000.000000,1,OPTFUT,NCO,50.000000,10,False
168959,GOLD26DEC183300CE,GOLD,29DEC2026,18330000.000000,1,OPTFUT,NCO,50.000000,10,False
168963,GOLD26DEC183500CE,GOLD,29DEC2026,18350000.000000,1,OPTFUT,NCO,50.000000,10,False
168976,GOLD26DEC184100PE,GOLD,29DEC2026,18410000.000000,1,OPTFUT,NCO,50.000000,10,False
168979,GOLD26DEC184300CE,GOLD,29DEC2026,18430000.000000,1,OPTFUT,NCO,50.000000,10,False
168984,GOLD26DEC184500PE,GOLD,29DEC2026,18450000.000000,1,OPTFUT,NCO,50.000000,10,False
168987,GOLD26DEC184700CE,GOLD,29DEC2026,18470000.000000,1,OPTFUT,NCO,50.000000,10,False
169001,GOLD26DEC185400CE,GOLD,29DEC2026,18540000.000000,1,OPTFUT,NCO,50.000000,10,False
169003,GOLD26DEC185500CE,GOLD,29DEC2026,18550000.000000,1,OPTFUT,NCO,50.000000,10,False
169005,GOLD26DEC185600CE,GOLD,29DEC2026,18560000.000000,1,OPTFUT,NCO,50.000000,10,False
169011,GOLD26DEC185900CE,GOLD,29DEC2026,18590000.000000,1,OPTFUT,NCO,50.000000,10,False
169031,GOLD26DEC186900CE,GOLD,29DEC2026,18690000.000000,1,OPTFUT,NCO,50.000000,10,False
169056,GOLD26DEC188100PE,GOLD,29DEC2026,18810000.000000,1,OPTFUT,NCO,50.000000,10,False
169057,GOLD26DEC188200CE,GOLD,29DEC2026,18820000.000000,1,OPTFUT,NCO,50.000000,10,False
169058,GOLD26DEC188200PE,GOLD,29DEC2026,18820000.000000,1,OPTFUT,NCO,50.000000,10,False
170808,SILVERM26SEP384250PE,SILVERM,23SEP2026,38425000.000000,1,OPTFUT,NCO,50.000000,120,False
170820,SILVERM26SEP385750PE,SILVERM,23SEP2026,38575000.000000,1,OPTFUT,NCO,50.000000,120,False
170825,SILVERM26SEP386500CE,SILVERM,23SEP2026,38650000.000000,1,OPTFUT,NCO,50.000000,120,False
170828,SILVERM26SEP386750PE,SILVERM,23SEP2026,38675000.000000,1,OPTFUT,NCO,50.000000,120,False
170831,SILVERM26SEP387250CE,SILVERM,23SEP2026,38725000.000000,1,OPTFUT,NCO,50.000000,120,False
170841,SILVERM26SEP388500CE,SILVERM,23SEP2026,38850000.000000,1,OPTFUT,NCO,50.000000,120,False
170855,SILVERM26SEP390250CE,SILVERM,23SEP2026,39025000.000000,1,OPTFUT,NCO,50.000000,120,False
170858,SILVERM26SEP390500PE,SILVERM,23SEP2026,39050000.000000,1,OPTFUT,NCO,50.000000,120,False
170881,SILVERM26SEP393500CE,SILVERM,23SEP2026,39350000.000000,1,OPTFUT,NCO,50.000000,120,False
170896,SILVERM26SEP395250PE,SILVERM,23SEP2026,39525000.000000,1,OPTFUT,NCO,50.000000,120,False
170903,SILVERM26SEP396250CE,SILVERM,23SEP2026,39625000.000000,1,OPTFUT,NCO,50.000000,120,False
170905,SILVERM26SEP396500CE,SILVERM,23SEP2026,39650000.000000,1,OPTFUT,NCO,50.000000,120,False
170908,SILVERM26SEP396750PE,SILVERM,23SEP2026,39675000.000000,1,OPTFUT,NCO,50.000000,120,False
170918,SILVERM26SEP398000PE,SILVERM,23SEP2026,39800000.000000,1,OPTFUT,NCO,50.000000,120,False
170936,SILVERM26SEP400250PE,SILVERM,23SEP2026,40025000.000000,1,OPTFUT,NCO,50.000000,120,False
170937,SILVERM26SEP400500CE,SILVERM,23SEP2026,40050000.000000,1,OPTFUT,NCO,50.000000,120,False
170961,SILVERM26SEP403500CE,SILVERM,23SEP2026,40350000.000000,1,OPTFUT,NCO,50.000000,120,False
170967,SILVERM26SEP404250CE,SILVERM,23SEP2026,40425000.000000,1,OPTFUT,NCO,50.000000,120,False
170971,SILVERM26SEP404750CE,SILVERM,23SEP2026,40475000.000000,1,OPTFUT,NCO,50.000000,120,False
170984,SILVERM26OCT386000PE,SILVERM,23OCT2026,38600000.000000,1,OPTFUT,NCO,50.000000,120,False
170986,SILVERM26OCT386250PE,SILVERM,23OCT2026,38625000.000000,1,OPTFUT,NCO,50.000000,120,False
170987,SILVERM26OCT386500CE,SILVERM,23OCT2026,38650000.000000,1,OPTFUT,NCO,50.000000,120,False
171016,SILVERM26OCT390000PE,SILVERM,23OCT2026,39000000.000000,1,OPTFUT,NCO,50.000000,120,False
171019,SILVERM26OCT390500CE,SILVERM,23OCT2026,39050000.000000,1,OPTFUT,NCO,50.000000,120,False
171021,SILVERM26OCT390750CE,SILVERM,23OCT2026,39075000.000000,1,OPTFUT,NCO,50.000000,120,False
171042,SILVERM26OCT393250PE,SILVERM,23OCT2026,39325000.000000,1,OPTFUT,NCO,50.000000,120,False
171044,SILVERM26OCT393500PE,SILVERM,23OCT2026,39350000.000000,1,OPTFUT,NCO,50.000000,120,False
171046,SILVERM26OCT393750PE,SILVERM,23OCT2026,39375000.000000,1,OPTFUT,NCO,50.000000,120,False
171049,SILVERM26OCT394250CE,SILVERM,23OCT2026,39425000.000000,1,OPTFUT,NCO,50.000000,120,False
171057,SILVERM26OCT395250CE,SILVERM,23OCT2026,39525000.000000,1,OPTFUT,NCO,50.000000,120,False
171065,SILVERM26OCT396250CE,SILVERM,23OCT2026,39625000.000000,1,OPTFUT,NCO,50.000000,120,False
171092,SILVERM26OCT399500PE,SILVERM,23OCT2026,39950000.000000,1,OPTFUT,NCO,50.000000,120,False
171108,SILVERM26OCT401500PE,SILVERM,23OCT2026,40150000.000000,1,OPTFUT,NCO,50.000000,120,False
171113,SILVERM26OCT402250CE,SILVERM,23OCT2026,40225000.000000,1,OPTFUT,NCO,50.000000,120,False
171114,SILVERM26OCT402250PE,SILVERM,23OCT2026,40225000.000000,1,OPTFUT,NCO,50.000000,120,False
171118,SILVERM26OCT402750PE,SILVERM,23OCT2026,40275000.000000,1,OPTFUT,NCO,50.000000,120,False
171128,SILVERM26OCT404000PE,SILVERM,23OCT2026,40400000.000000,1,OPTFUT,NCO,50.000000,120,False
171129,SILVERM26OCT404250CE,SILVERM,23OCT2026,40425000.000000,1,OPTFUT,NCO,50.000000,120,False
171130,SILVERM26OCT404250PE,SILVERM,23OCT2026,40425000.000000,1,OPTFUT,NCO,50.000000,120,False
171146,SILVERM26OCT406250PE,SILVERM,23OCT2026,40625000.000000,1,OPTFUT,NCO,50.000000,120,False
171151,SILVERM26NOV386750CE,SILVERM,23NOV2026,38675000.000000,1,OPTFUT,NCO,50.000000,120,False
171153,SILVERM26NOV387000CE,SILVERM,23NOV2026,38700000.000000,1,OPTFUT,NCO,50.000000,120,False
171162,SILVERM26NOV388000PE,SILVERM,23NOV2026,38800000.000000,1,OPTFUT,NCO,50.000000,120,False
171166,SILVERM26NOV388500PE,SILVERM,23NOV2026,38850000.000000,1,OPTFUT,NCO,50.000000,120,False
171167,SILVERM26NOV388750CE,SILVERM,23NOV2026,38875000.000000,1,OPTFUT,NCO,50.000000,120,False
171178,SILVERM26NOV390000PE,SILVERM,23NOV2026,39000000.000000,1,OPTFUT,NCO,50.000000,120,False
171179,SILVERM26NOV390250CE,SILVERM,23NOV2026,39025000.000000,1,OPTFUT,NCO,50.000000,120,False
171188,SILVERM26NOV391250PE,SILVERM,23NOV2026,39125000.000000,1,OPTFUT,NCO,50.000000,120,False
171189,SILVERM26NOV391500CE,SILVERM,23NOV2026,39150000.000000,1,OPTFUT,NCO,50.000000,120,False
171204,SILVERM26NOV393250PE,SILVERM,23NOV2026,39325000.000000,1,OPTFUT,NCO,50.000000,120,False
171207,SILVERM26NOV393750CE,SILVERM,23NOV2026,39375000.000000,1,OPTFUT,NCO,50.000000,120,False
171208,SILVERM26NOV393750PE,SILVERM,23NOV2026,39375000.000000,1,OPTFUT,NCO,50.000000,120,False
171223,SILVERM26NOV395750CE,SILVERM,23NOV2026,39575000.000000,1,OPTFUT,NCO,50.000000,120,False
171234,SILVERM26NOV397000PE,SILVERM,23NOV2026,39700000.000000,1,OPTFUT,NCO,50.000000,120,False
171237,SILVERM26NOV397500CE,SILVERM,23NOV2026,39750000.000000,1,OPTFUT,NCO,50.000000,120,False
171242,SILVERM26NOV398000PE,SILVERM,23NOV2026,39800000.000000,1,OPTFUT,NCO,50.000000,120,False
171252,SILVERM26NOV399250PE,SILVERM,23NOV2026,39925000.000000,1,OPTFUT,NCO,50.000000,120,False
171254,SILVERM26NOV399500PE,SILVERM,23NOV2026,39950000.000000,1,OPTFUT,NCO,50.000000,120,False
171265,SILVERM26NOV401000CE,SILVERM,23NOV2026,40100000.000000,1,OPTFUT,NCO,50.000000,120,False
171274,SILVERM26NOV402000PE,SILVERM,23NOV2026,40200000.000000,1,OPTFUT,NCO,50.000000,120,False
171286,SILVERM26NOV403500PE,SILVERM,23NOV2026,40350000.000000,1,OPTFUT,NCO,50.000000,120,False
171305,SILVERM26NOV406000CE,SILVERM,23NOV2026,40600000.000000,1,OPTFUT,NCO,50.000000,120,False
171317,SILVERM26NOV407500CE,SILVERM,23NOV2026,40750000.000000,1,OPTFUT,NCO,50.000000,120,False
171319,SILVERM26NOV407750CE,SILVERM,23NOV2026,40775000.000000,1,OPTFUT,NCO,50.000000,120,False
171325,SILVERM26NOV408500CE,SILVERM,23NOV2026,40850000.000000,1,OPTFUT,NCO,50.000000,120,False
171332,SILVERM26DEC388750PE,SILVERM,23DEC2026,38875000.000000,1,OPTFUT,NCO,50.000000,120,False
171347,SILVERM26DEC390750CE,SILVERM,23DEC2026,39075000.000000,1,OPTFUT,NCO,50.000000,120,False
171366,SILVERM26DEC393000PE,SILVERM,23DEC2026,39300000.000000,1,OPTFUT,NCO,50.000000,120,False
171385,SILVERM26DEC395500CE,SILVERM,23DEC2026,39550000.000000,1,OPTFUT,NCO,50.000000,120,False
171418,SILVERM26DEC399500PE,SILVERM,23DEC2026,39950000.000000,1,OPTFUT,NCO,50.000000,120,False
171438,SILVERM26DEC402000PE,SILVERM,23DEC2026,40200000.000000,1,OPTFUT,NCO,50.000000,120,False
171440,SILVERM26DEC402250PE,SILVERM,23DEC2026,40225000.000000,1,OPTFUT,NCO,50.000000,120,False
171443,SILVERM26DEC402750CE,SILVERM,23DEC2026,40275000.000000,1,OPTFUT,NCO,50.000000,120,False
171444,SILVERM26DEC402750PE,SILVERM,23DEC2026,40275000.000000,1,OPTFUT,NCO,50.000000,120,False
171457,SILVERM26DEC404500CE,SILVERM,23DEC2026,40450000.000000,1,OPTFUT,NCO,50.000000,120,False
6,XAUGOLD,XAUGOLD,,-1.000000,1,UNDCOM,NCO,100.000000,10,False
171494,SILVERM26DEC409000PE,SILVERM,23DEC2026,40900000.000000,1,OPTFUT,NCO,50.000000,120,False
171497,SILVERM26DEC409500CE,SILVERM,23DEC2026,40950000.000000,1,OPTFUT,NCO,50.000000,120,False
171506,SILVERM26DEC410500PE,SILVERM,23DEC2026,41050000.000000,1,OPTFUT,NCO,50.000000,120,False
12,11NSETEST,11NSETEST,,-1.000000,1,UNDCOM,NCO,100.000000,100,False
121603,GOLD27JAN168900CE,GOLD,29JAN2027,16890000.000000,1,OPTFUT,NCO,50.000000,10,False
121607,GOLD27JAN168900PE,GOLD,29JAN2027,16890000.000000,1,OPTFUT,NCO,50.000000,10,False
121625,SILVER26DEC196250PE,SILVER,01DEC2026,19625000.000000,1,OPTBLN,NCO,50.000000,20,False
121630,COPPER26OCT1420CE,COPPER,23OCT2026,142000.000000,1,OPTFUT,NCO,1.000000,70,False
121631,GOLD27JAN169000PE,GOLD,29JAN2027,16900000.000000,1,OPTFUT,NCO,50.000000,10,False
121636,GOLD27JAN168700PE,GOLD,29JAN2027,16870000.000000,1,OPTFUT,NCO,50.000000,10,False
121653,COPPER26OCT1240CE,COPPER,23OCT2026,124000.000000,1,OPTFUT,NCO,1.000000,70,False
121655,COPPER26OCT1240PE,COPPER,23OCT2026,124000.000000,1,OPTFUT,NCO,1.000000,70,False
121656,GOLD27JAN169400CE,GOLD,29JAN2027,16940000.000000,1,OPTFUT,NCO,50.000000,10,False
121659,COPPER26OCT1245CE,COPPER,23OCT2026,124500.000000,1,OPTFUT,NCO,1.000000,70,False
121664,COPPER26OCT1250CE,COPPER,23OCT2026,125000.000000,1,OPTFUT,NCO,1.000000,70,False
121668,GOLD27JAN168800PE,GOLD,29JAN2027,16880000.000000,1,OPTFUT,NCO,50.000000,10,False
121685,SILVER26DEC263500PE,SILVER,01DEC2026,26350000.000000,1,OPTBLN,NCO,50.000000,20,False
121691,GOLD27JAN169600PE,GOLD,29JAN2027,16960000.000000,1,OPTFUT,NCO,50.000000,10,False
121700,GOLD27JAN170100CE,GOLD,29JAN2027,17010000.000000,1,OPTFUT,NCO,50.000000,10,False
121707,SILVER26DEC259500CE,SILVER,01DEC2026,25950000.000000,1,OPTBLN,NCO,50.000000,20,False
121712,GOLD27JAN170500CE,GOLD,29JAN2027,17050000.000000,1,OPTFUT,NCO,50.000000,10,False
121718,SILVER27MAR205000CE,SILVER,02MAR2027,20500000.000000,1,OPTBLN,NCO,50.000000,20,False
121723,SILVERM27JUN231750PE,SILVERM,23JUN2027,23175000.000000,1,OPTFUT,NCO,50.000000,120,False
121726,SILVERM27JUN232250CE,SILVERM,23JUN2027,23225000.000000,1,OPTFUT,NCO,50.000000,120,False
121738,SILVER27MAR206500CE,SILVER,02MAR2027,20650000.000000,1,OPTBLN,NCO,50.000000,20,False
121753,COPPER26DEC1460PE,COPPER,23DEC2026,146000.000000,1,OPTFUT,NCO,1.000000,70,False
121755,COPPER26DEC1465PE,COPPER,23DEC2026,146500.000000,1,OPTFUT,NCO,1.000000,70,False
121763,ZINC26OCT357.5PE,ZINC,23OCT2026,35750.000000,1,OPTFUT,NCO,1.000000,20,False
121766,SILVER26DEC250250CE,SILVER,01DEC2026,25025000.000000,1,OPTBLN,NCO,50.000000,20,False
121770,SILVERM27AUG235750PE,SILVERM,24AUG2027,23575000.000000,1,OPTFUT,NCO,50.000000,120,False
121779,SILVER26DEC250500PE,SILVER,01DEC2026,25050000.000000,1,OPTBLN,NCO,50.000000,20,False
121786,GOLD27JAN170900CE,GOLD,29JAN2027,17090000.000000,1,OPTFUT,NCO,50.000000,10,False
121796,SILVERM27AUG236500CE,SILVERM,24AUG2027,23650000.000000,1,OPTFUT,NCO,50.000000,120,False
121803,SILVERM27AUG236750PE,SILVERM,24AUG2027,23675000.000000,1,OPTFUT,NCO,50.000000,120,False
121828,SILVER26DEC252250CE,SILVER,01DEC2026,25225000.000000,1,OPTBLN,NCO,50.000000,20,False
121830,COPPER26OCT1345PE,COPPER,23OCT2026,134500.000000,1,OPTFUT,NCO,1.000000,70,False
121832,NATURALGAS26SEPFUT,NATURALGAS,25SEP2026,-1.000000,1,FUTENR,NCO,10.000000,48,False
121841,SILVERM27AUG238250CE,SILVERM,24AUG2027,23825000.000000,1,OPTFUT,NCO,50.000000,120,False
121847,COPPER26OCT1430PE,COPPER,23OCT2026,143000.000000,1,OPTFUT,NCO,1.000000,70,False
121867,SILVERM27AUG239250CE,SILVERM,24AUG2027,23925000.000000,1,OPTFUT,NCO,50.000000,120,False
121874,BRCRUDEOIL26SEPFUT,BRCRUDEOIL,30SEP2026,-1.000000,1,FUTENR,NCO,100.000000,100,False
121886,SILVERM27MAY286000CE,SILVERM,24MAY2027,28600000.000000,1,OPTFUT,NCO,50.000000,120,False
121887,SILVERM27AUG239500PE,SILVERM,24AUG2027,23950000.000000,1,OPTFUT,NCO,50.000000,120,False
121894,COPPER26NOV1420PE,COPPER,23NOV2026,142000.000000,1,OPTFUT,NCO,1.000000,70,False
121915,COPPER26OCT1335PE,COPPER,23OCT2026,133500.000000,1,OPTFUT,NCO,1.000000,70,False
121934,SILVERM27JUN247000PE,SILVERM,23JUN2027,24700000.000000,1,OPTFUT,NCO,50.000000,120,False
121950,GOLD1G27JANFUT,GOLD1G,05JAN2027,-1.000000,1,FUTBLN,NCO,100.000000,10000,False
121954,SILVERM27JUN248000PE,SILVERM,23JUN2027,24800000.000000,1,OPTFUT,NCO,50.000000,120,False
121978,ZINC26OCT355CE,ZINC,23OCT2026,35500.000000,1,OPTFUT,NCO,1.000000,20,False
121990,SILVERM26SEP143500PE,SILVERM,23SEP2026,14350000.000000,1,OPTFUT,NCO,50.000000,120,False
121999,CRUDEOIL26OCT5150CE,CRUDEOIL,08OCT2026,515000.000000,1,OPTFUT,NCO,10.000000,100,False
122004,SILVERM26SEP144000PE,SILVERM,23SEP2026,14400000.000000,1,OPTFUT,NCO,50.000000,120,False
122005,GOLD27AUG158400CE,GOLD,27AUG2027,15840000.000000,1,OPTFUT,NCO,50.000000,10,False
122009,GOLD27JAN171600PE,GOLD,29JAN2027,17160000.000000,1,OPTFUT,NCO,50.000000,10,False
122012,GOLD27AUG158700CE,GOLD,27AUG2027,15870000.000000,1,OPTFUT,NCO,50.000000,10,False
122017,GOLD27JUN161500CE,GOLD,28JUN2027,16150000.000000,1,OPTFUT,NCO,50.000000,10,False
122024,GOLD27JUN161600PE,GOLD,28JUN2027,16160000.000000,1,OPTFUT,NCO,50.000000,10,False
122035,GOLD27JUN161900PE,GOLD,28JUN2027,16190000.000000,1,OPTFUT,NCO,50.000000,10,False
122037,GOLD27JUN162000PE,GOLD,28JUN2027,16200000.000000,1,OPTFUT,NCO,50.000000,10,False
122038,SILVER26DEC254500PE,SILVER,01DEC2026,25450000.000000,1,OPTBLN,NCO,50.000000,20,False
122052,GOLD27AUG158800CE,GOLD,27AUG2027,15880000.000000,1,OPTFUT,NCO,50.000000,10,False
122057,SILVER26DEC255750PE,SILVER,01DEC2026,25575000.000000,1,OPTBLN,NCO,50.000000,20,False
122074,SILVER26DEC256750CE,SILVER,01DEC2026,25675000.000000,1,OPTBLN,NCO,50.000000,20,False
122110,SILVER26DEC257000PE,SILVER,01DEC2026,25700000.000000,1,OPTBLN,NCO,50.000000,20,False
122124,GOLD27JUN162400PE,GOLD,28JUN2027,16240000.000000,1,OPTFUT,NCO,50.000000,10,False
122127,SILVERM26NOV169750CE,SILVERM,23NOV2026,16975000.000000,1,OPTFUT,NCO,50.000000,120,False
122128,SILVERM26NOV169750PE,SILVERM,23NOV2026,16975000.000000,1,OPTFUT,NCO,50.000000,120,False
122146,SILVER26DEC258000PE,SILVER,01DEC2026,25800000.000000,1,OPTBLN,NCO,50.000000,20,False
122149,CRUDEOIL26OCT5250PE,CRUDEOIL,08OCT2026,525000.000000,1,OPTFUT,NCO,10.000000,100,False
122155,SILVERM26NOV171250PE,SILVERM,23NOV2026,17125000.000000,1,OPTFUT,NCO,50.000000,120,False
122189,SILVER26DEC264250PE,SILVER,01DEC2026,26425000.000000,1,OPTBLN,NCO,50.000000,20,False
122195,GOLD27AUG161100PE,GOLD,27AUG2027,16110000.000000,1,OPTFUT,NCO,50.000000,10,False
122198,SILVERM26DEC236750PE,SILVERM,23DEC2026,23675000.000000,1,OPTFUT,NCO,50.000000,120,False
122209,SILVERM26NOV173750CE,SILVERM,23NOV2026,17375000.000000,1,OPTFUT,NCO,50.000000,120,False
122211,SILVERM26NOV174000CE,SILVERM,23NOV2026,17400000.000000,1,OPTFUT,NCO,50.000000,120,False
122221,SILVERM26NOV174750CE,SILVERM,23NOV2026,17475000.000000,1,OPTFUT,NCO,50.000000,120,False
122242,NATURALGAS26NOV240CE,NATURALGAS,18NOV2026,24000.000000,1,OPTFUT,NCO,5.000000,48,False
122269,SILVERM27APR248750PE,SILVERM,23APR2027,24875000.000000,1,OPTFUT,NCO,50.000000,120,False
122279,SILVERM26NOV176500PE,SILVERM,23NOV2026,17650000.000000,1,OPTFUT,NCO,50.000000,120,False
122289,COPPER26NOVFUT,COPPER,30NOV2026,-1.000000,1,FUTBAS,NCO,5.000000,70,False
122293,SILVERM27APR250250PE,SILVERM,23APR2027,25025000.000000,1,OPTFUT,NCO,50.000000,120,False
122300,SILVER26DEC265000PE,SILVER,01DEC2026,26500000.000000,1,OPTBLN,NCO,50.000000,20,False
122302,SILVERM27APR251250CE,SILVERM,23APR2027,25125000.000000,1,OPTFUT,NCO,50.000000,120,False
122308,SILVERM27APR251750CE,SILVERM,23APR2027,25175000.000000,1,OPTFUT,NCO,50.000000,120,False
122310,SILVERM27APR252000CE,SILVERM,23APR2027,25200000.000000,1,OPTFUT,NCO,50.000000,120,False
122312,SILVERM27APR252250CE,SILVERM,23APR2027,25225000.000000,1,OPTFUT,NCO,50.000000,120,False
122329,LEAD26NOVFUT,LEAD,30NOV2026,-1.000000,1,FUTBAS,NCO,5.000000,20,False
122338,LEADMINI26NOVFUT,LEADMINI,30NOV2026,-1.000000,1,FUTBAS,NCO,5.000000,100,False
122342,GOLD27AUG161400CE,GOLD,27AUG2027,16140000.000000,1,OPTFUT,NCO,50.000000,10,False
122350,COPPER26OCT1425PE,COPPER,23OCT2026,142500.000000,1,OPTFUT,NCO,1.000000,70,False
122353,SILVER26DEC266000PE,SILVER,01DEC2026,26600000.000000,1,OPTBLN,NCO,50.000000,20,False
122354,SILVER26DEC266250CE,SILVER,01DEC2026,26625000.000000,1,OPTBLN,NCO,50.000000,20,False
122361,SILVER26DEC266500PE,SILVER,01DEC2026,26650000.000000,1,OPTBLN,NCO,50.000000,20,False
122365,SILVERM26OCT192000CE,SILVERM,23OCT2026,19200000.000000,1,OPTFUT,NCO,50.000000,120,False
122368,SILVERM26OCT192250PE,SILVERM,23OCT2026,19225000.000000,1,OPTFUT,NCO,50.000000,120,False
122374,GOLD27AUG161500CE,GOLD,27AUG2027,16150000.000000,1,OPTFUT,NCO,50.000000,10,False
122376,SILVER26DEC267750PE,SILVER,01DEC2026,26775000.000000,1,OPTBLN,NCO,50.000000,20,False
122385,GOLD27AUG161800PE,GOLD,27AUG2027,16180000.000000,1,OPTFUT,NCO,50.000000,10,False
122388,GOLDM26NOV151600CE,GOLDM,27NOV2026,15160000.000000,1,OPTFUT,NCO,50.000000,100,False
122394,SILVERM26OCT193000PE,SILVERM,23OCT2026,19300000.000000,1,OPTFUT,NCO,50.000000,120,False
122402,SILVERM26OCT193250PE,SILVERM,23OCT2026,19325000.000000,1,OPTFUT,NCO,50.000000,120,False
122407,SILVERM26OCT194000CE,SILVERM,23OCT2026,19400000.000000,1,OPTFUT,NCO,50.000000,120,False
122409,GOLD27AUG162000PE,GOLD,27AUG2027,16200000.000000,1,OPTFUT,NCO,50.000000,10,False
122432,SILVERM26NOV194250CE,SILVERM,23NOV2026,19425000.000000,1,OPTFUT,NCO,50.000000,120,False
122434,SILVERM26NOV194500CE,SILVERM,23NOV2026,19450000.000000,1,OPTFUT,NCO,50.000000,120,False
122436,SILVERM26NOV194750CE,SILVERM,23NOV2026,19475000.000000,1,OPTFUT,NCO,50.000000,120,False
122457,ZINC27JANFUT,ZINC,29JAN2027,-1.000000,1,FUTBAS,NCO,5.000000,20,False
122461,SILVER10027AUGFUT,SILVER100,31AUG2027,-1.000000,1,FUTBLN,NCO,100.000000,6000,False
122467,ELECMBL26DECFUT,ELECMBL,30DEC2026,-1.000000,1,FUTENR,NCO,100.000000,50,False
122468,CRUDEOIL26OCT5500PE,CRUDEOIL,08OCT2026,550000.000000,1,OPTFUT,NCO,10.000000,100,False
122474,SILVER26DEC269000PE,SILVER,01DEC2026,26900000.000000,1,OPTBLN,NCO,50.000000,20,False
122489,GOLD27AUG162600PE,GOLD,27AUG2027,16260000.000000,1,OPTFUT,NCO,50.000000,10,False
122509,GOLD27JUN153300PE,GOLD,28JUN2027,15330000.000000,1,OPTFUT,NCO,50.000000,10,False
122520,GOLD27JUN153500PE,GOLD,28JUN2027,15350000.000000,1,OPTFUT,NCO,50.000000,10,False
122527,SILVER26DEC269500CE,SILVER,01DEC2026,26950000.000000,1,OPTBLN,NCO,50.000000,20,False
122528,GOLD27AUG163400CE,GOLD,27AUG2027,16340000.000000,1,OPTFUT,NCO,50.000000,10,False
122536,GOLD27AUG163500PE,GOLD,27AUG2027,16350000.000000,1,OPTFUT,NCO,50.000000,10,False
122539,GOLD27AUG163700CE,GOLD,27AUG2027,16370000.000000,1,OPTFUT,NCO,50.000000,10,False
122548,COPPER26SEP1290PE,COPPER,23SEP2026,129000.000000,1,OPTFUT,NCO,1.000000,70,False
122549,COPPER26SEP1295CE,COPPER,23SEP2026,129500.000000,1,OPTFUT,NCO,1.000000,70,False
122557,SILVER26DEC269750CE,SILVER,01DEC2026,26975000.000000,1,OPTBLN,NCO,50.000000,20,False
122559,SILVER26DEC270000CE,SILVER,01DEC2026,27000000.000000,1,OPTBLN,NCO,50.000000,20,False
122561,SILVER26DEC197000PE,SILVER,01DEC2026,19700000.000000,1,OPTBLN,NCO,50.000000,20,False
122572,SILVERM27MAY288250CE,SILVERM,24MAY2027,28825000.000000,1,OPTFUT,NCO,50.000000,120,False
122574,ZINC26SEP400CE,ZINC,23SEP2026,40000.000000,1,OPTFUT,NCO,1.000000,20,False
122580,SILVER26DEC270250CE,SILVER,01DEC2026,27025000.000000,1,OPTBLN,NCO,50.000000,20,False
122590,GOLD27MAY166900CE,GOLD,28MAY2027,16690000.000000,1,OPTFUT,NCO,50.000000,10,False
122608,GOLD26OCT138500PE,GOLD,29OCT2026,13850000.000000,1,OPTFUT,NCO,50.000000,10,False
122620,GOLD27MAY167400PE,GOLD,28MAY2027,16740000.000000,1,OPTFUT,NCO,50.000000,10,False
122638,SILVERM27MAY272500CE,SILVERM,24MAY2027,27250000.000000,1,OPTFUT,NCO,50.000000,120,False
122640,NATURALGAS26SEP190PE,NATURALGAS,21SEP2026,19000.000000,1,OPTFUT,NCO,5.000000,48,False
122654,SILVERM27JAN242750PE,SILVERM,21JAN2027,24275000.000000,1,OPTFUT,NCO,50.000000,120,False
122664,SILVERM27JAN244000PE,SILVERM,21JAN2027,24400000.000000,1,OPTFUT,NCO,50.000000,120,False
122668,SILVERM27JAN244500PE,SILVERM,21JAN2027,24450000.000000,1,OPTFUT,NCO,50.000000,120,False
122671,SILVERM27JAN245000CE,SILVERM,21JAN2027,24500000.000000,1,OPTFUT,NCO,50.000000,120,False
122687,NATURALGAS26NOV265PE,NATURALGAS,18NOV2026,26500.000000,1,OPTFUT,NCO,5.000000,48,False
122688,GOLD27MAY167600CE,GOLD,28MAY2027,16760000.000000,1,OPTFUT,NCO,50.000000,10,False
122692,SILVERM27JAN246750PE,SILVERM,21JAN2027,24675000.000000,1,OPTFUT,NCO,50.000000,120,False
122708,GOLD27JUL162200PE,GOLD,29JUL2027,16220000.000000,1,OPTFUT,NCO,50.000000,10,False
122711,SILVERM27JUNFUT,SILVERM,30JUN2027,-1.000000,1,FUTBLN,NCO,100.000000,120,False
122727,CRUDEOIL26OCT11100PE,CRUDEOIL,08OCT2026,1110000.000000,1,OPTFUT,NCO,10.000000,100,False
122731,GOLD27MAY167800CE,GOLD,28MAY2027,16780000.000000,1,OPTFUT,NCO,50.000000,10,False
122736,GOLD27MAY168000PE,GOLD,28MAY2027,16800000.000000,1,OPTFUT,NCO,50.000000,10,False
122746,SILVERM27JAN348250PE,SILVERM,21JAN2027,34825000.000000,1,OPTFUT,NCO,50.000000,120,False
122764,CRUDEOIL26OCT11400CE,CRUDEOIL,08OCT2026,1140000.000000,1,OPTFUT,NCO,10.000000,100,False
122765,CRUDEOIL26OCT11400PE,CRUDEOIL,08OCT2026,1140000.000000,1,OPTFUT,NCO,10.000000,100,False
122792,SILVERM27JAN349750PE,SILVERM,21JAN2027,34975000.000000,1,OPTFUT,NCO,50.000000,120,False
122822,SILVERM27JAN353250PE,SILVERM,21JAN2027,35325000.000000,1,OPTFUT,NCO,50.000000,120,False
122825,SILVERM27JAN353750CE,SILVERM,21JAN2027,35375000.000000,1,OPTFUT,NCO,50.000000,120,False
122833,SILVERM26NOV195250PE,SILVERM,23NOV2026,19525000.000000,1,OPTFUT,NCO,50.000000,120,False
122843,SILVER27MAR207750PE,SILVER,02MAR2027,20775000.000000,1,OPTBLN,NCO,50.000000,20,False
122845,GOLD27AUG164500PE,GOLD,27AUG2027,16450000.000000,1,OPTFUT,NCO,50.000000,10,False
122848,COPPER26DEC1385PE,COPPER,23DEC2026,138500.000000,1,OPTFUT,NCO,1.000000,70,False
122866,SILVERM26OCT180250PE,SILVERM,23OCT2026,18025000.000000,1,OPTFUT,NCO,50.000000,120,False
122880,GOLD27JUN155300PE,GOLD,28JUN2027,15530000.000000,1,OPTFUT,NCO,50.000000,10,False
122884,ZINC26SEP410CE,ZINC,23SEP2026,41000.000000,1,OPTFUT,NCO,1.000000,20,False
122885,ZINC26SEP410PE,ZINC,23SEP2026,41000.000000,1,OPTFUT,NCO,1.000000,20,False
122892,SILVERM26OCT181000PE,SILVERM,23OCT2026,18100000.000000,1,OPTFUT,NCO,50.000000,120,False
122901,SILVERM27JAN247500CE,SILVERM,21JAN2027,24750000.000000,1,OPTFUT,NCO,50.000000,120,False
122905,GOLD26SEP163200CE,GOLD,25SEP2026,16320000.000000,1,OPTFUT,NCO,50.000000,10,False
122914,SILVER27MAR208000CE,SILVER,02MAR2027,20800000.000000,1,OPTBLN,NCO,50.000000,20,False
122923,GOLD27JUN156200CE,GOLD,28JUN2027,15620000.000000,1,OPTFUT,NCO,50.000000,10,False
122962,NATURALGAS26OCT200CE,NATURALGAS,21OCT2026,20000.000000,1,OPTFUT,NCO,5.000000,48,False
122970,SILVERM26OCT183000CE,SILVERM,23OCT2026,18300000.000000,1,OPTFUT,NCO,50.000000,120,False
122973,GOLD26OCT164300CE,GOLD,29OCT2026,16430000.000000,1,OPTFUT,NCO,50.000000,10,False
122995,SILVERM26OCT152000PE,SILVERM,23OCT2026,15200000.000000,1,OPTFUT,NCO,50.000000,120,False
122998,SILVERM26OCT152250PE,SILVERM,23OCT2026,15225000.000000,1,OPTFUT,NCO,50.000000,120,False
123010,NATURALGAS26OCT220CE,NATURALGAS,21OCT2026,22000.000000,1,OPTFUT,NCO,5.000000,48,False
123016,NATURALGAS26OCT235CE,NATURALGAS,21OCT2026,23500.000000,1,OPTFUT,NCO,5.000000,48,False
123021,SILVERM26OCT153750PE,SILVERM,23OCT2026,15375000.000000,1,OPTFUT,NCO,50.000000,120,False
123032,NATURALGAS26OCT245CE,NATURALGAS,21OCT2026,24500.000000,1,OPTFUT,NCO,5.000000,48,False
123033,SILVERM26OCT183750CE,SILVERM,23OCT2026,18375000.000000,1,OPTFUT,NCO,50.000000,120,False
123036,SILVERM26OCT184000PE,SILVERM,23OCT2026,18400000.000000,1,OPTFUT,NCO,50.000000,120,False
123049,NATGASIND26OCTFUT,NATGASIND,30OCT2026,-1.000000,1,FUTENR,NCO,100.000000,50,False
123055,NATGASIND27APRFUT,NATGASIND,30APR2027,-1.000000,1,FUTENR,NCO,100.000000,50,False
123061,SILVERM27JAN248250PE,SILVERM,21JAN2027,24825000.000000,1,OPTFUT,NCO,50.000000,120,False
123069,SILVER10026NOVFUT,SILVER100,30NOV2026,-1.000000,1,FUTBLN,NCO,100.000000,6000,False
123088,BRCRUDEOIL27MAYFUT,BRCRUDEOIL,31MAY2027,-1.000000,1,FUTENR,NCO,100.000000,100,False
123092,SILVERM26OCT154500PE,SILVERM,23OCT2026,15450000.000000,1,OPTFUT,NCO,50.000000,120,False
123097,NATURALGAS26SEP210CE,NATURALGAS,21SEP2026,21000.000000,1,OPTFUT,NCO,5.000000,48,False
123110,SILVERM26OCT156000PE,SILVERM,23OCT2026,15600000.000000,1,OPTFUT,NCO,50.000000,120,False
123115,SILVERM26OCT156500CE,SILVERM,23OCT2026,15650000.000000,1,OPTFUT,NCO,50.000000,120,False
123121,ELECMBL26OCTFUT,ELECMBL,30OCT2026,-1.000000,1,FUTENR,NCO,100.000000,50,False
123123,SILVERM27JAN248500PE,SILVERM,21JAN2027,24850000.000000,1,OPTFUT,NCO,50.000000,120,False
123138,SILVERM26OCT157500PE,SILVERM,23OCT2026,15750000.000000,1,OPTFUT,NCO,50.000000,120,False
123142,SILVERM27JAN356250PE,SILVERM,21JAN2027,35625000.000000,1,OPTFUT,NCO,50.000000,120,False
123148,SILVERM26OCT158000CE,SILVERM,23OCT2026,15800000.000000,1,OPTFUT,NCO,50.000000,120,False
123150,COPPER26SEP1345PE,COPPER,23SEP2026,134500.000000,1,OPTFUT,NCO,1.000000,70,False
123164,SILVERM27JUN228500CE,SILVERM,23JUN2027,22850000.000000,1,OPTFUT,NCO,50.000000,120,False
123170,GOLDM26NOV153700CE,GOLDM,27NOV2026,15370000.000000,1,OPTFUT,NCO,50.000000,100,False
123182,NATURALGAS26OCT295CE,NATURALGAS,21OCT2026,29500.000000,1,OPTFUT,NCO,5.000000,48,False
123221,GOLD27MAY161900PE,GOLD,28MAY2027,16190000.000000,1,OPTFUT,NCO,50.000000,10,False
123223,GOLD27MAY162000PE,GOLD,28MAY2027,16200000.000000,1,OPTFUT,NCO,50.000000,10,False
123231,GOLD27MAY162400PE,GOLD,28MAY2027,16240000.000000,1,OPTFUT,NCO,50.000000,10,False
123255,GOLD27JUN157200PE,GOLD,28JUN2027,15720000.000000,1,OPTFUT,NCO,50.000000,10,False
123256,COPPER26SEP1370CE,COPPER,23SEP2026,137000.000000,1,OPTFUT,NCO,1.000000,70,False
123266,GOLD27MAY163200CE,GOLD,28MAY2027,16320000.000000,1,OPTFUT,NCO,50.000000,10,False
123268,GOLD27MAY163300CE,GOLD,28MAY2027,16330000.000000,1,OPTFUT,NCO,50.000000,10,False
123277,GOLD27MAY163700PE,GOLD,28MAY2027,16370000.000000,1,OPTFUT,NCO,50.000000,10,False
123278,GOLD27MAY163800CE,GOLD,28MAY2027,16380000.000000,1,OPTFUT,NCO,50.000000,10,False
123288,GOLD27MAY164300CE,GOLD,28MAY2027,16430000.000000,1,OPTFUT,NCO,50.000000,10,False
123291,GOLD27MAY164400PE,GOLD,28MAY2027,16440000.000000,1,OPTFUT,NCO,50.000000,10,False
123297,GOLDM26SEP145500PE,GOLDM,25SEP2026,14550000.000000,1,OPTFUT,NCO,50.000000,100,False
123302,COPPER26SEP1375PE,COPPER,23SEP2026,137500.000000,1,OPTFUT,NCO,1.000000,70,False
123309,NATURALGAS26NOV280CE,NATURALGAS,18NOV2026,28000.000000,1,OPTFUT,NCO,5.000000,48,False
123314,SILVERM27MAR275250PE,SILVERM,24MAR2027,27525000.000000,1,OPTFUT,NCO,50.000000,120,False
123318,GOLDM26NOV154000PE,GOLDM,27NOV2026,15400000.000000,1,OPTFUT,NCO,50.000000,100,False
123347,NATURALGAS26OCT315PE,NATURALGAS,21OCT2026,31500.000000,1,OPTFUT,NCO,5.000000,48,False
123352,NATURALGAS26OCT320CE,NATURALGAS,21OCT2026,32000.000000,1,OPTFUT,NCO,5.000000,48,False
123355,NATURALGAS26OCT325PE,NATURALGAS,21OCT2026,32500.000000,1,OPTFUT,NCO,5.000000,48,False
123359,NATURALGAS26OCT335CE,NATURALGAS,21OCT2026,33500.000000,1,OPTFUT,NCO,5.000000,48,False
123364,COPPER26NOV1340CE,COPPER,23NOV2026,134000.000000,1,OPTFUT,NCO,1.000000,70,False
123373,COPPER26NOV1360PE,COPPER,23NOV2026,136000.000000,1,OPTFUT,NCO,1.000000,70,False
123388,COPPER26NOV1400CE,COPPER,23NOV2026,140000.000000,1,OPTFUT,NCO,1.000000,70,False
123398,GOLD27MAY164800PE,GOLD,28MAY2027,16480000.000000,1,OPTFUT,NCO,50.000000,10,False
123402,GOLD27MAY165000PE,GOLD,28MAY2027,16500000.000000,1,OPTFUT,NCO,50.000000,10,False
123407,SILVER26DEC194500PE,SILVER,01DEC2026,19450000.000000,1,OPTBLN,NCO,50.000000,20,False
123416,SILVER26DEC195750CE,SILVER,01DEC2026,19575000.000000,1,OPTBLN,NCO,50.000000,20,False
123421,GOLDM26NOV154700PE,GOLDM,27NOV2026,15470000.000000,1,OPTFUT,NCO,50.000000,100,False
123429,COPPER26SEP1280PE,COPPER,23SEP2026,128000.000000,1,OPTFUT,NCO,1.000000,70,False
123444,GOLD26NOV165100CE,GOLD,27NOV2026,16510000.000000,1,OPTFUT,NCO,50.000000,10,False
123445,GOLD26NOV165100PE,GOLD,27NOV2026,16510000.000000,1,OPTFUT,NCO,50.000000,10,False
123448,GOLD26DEC165500CE,GOLD,29DEC2026,16550000.000000,1,OPTFUT,NCO,50.000000,10,False
123451,GOLD26DEC165600PE,GOLD,29DEC2026,16560000.000000,1,OPTFUT,NCO,50.000000,10,False
123453,COPPER26SEP1385CE,COPPER,23SEP2026,138500.000000,1,OPTFUT,NCO,1.000000,70,False
123472,GOLDM26SEP145900CE,GOLDM,25SEP2026,14590000.000000,1,OPTFUT,NCO,50.000000,100,False
123498,SILVERM27APR254750CE,SILVERM,23APR2027,25475000.000000,1,OPTFUT,NCO,50.000000,120,False
123501,SILVERM27JUL228250CE,SILVERM,23JUL2027,22825000.000000,1,OPTFUT,NCO,50.000000,120,False
123504,GOLD27MAY165300CE,GOLD,28MAY2027,16530000.000000,1,OPTFUT,NCO,50.000000,10,False
123523,SILVERM27JUL229250PE,SILVERM,23JUL2027,22925000.000000,1,OPTFUT,NCO,50.000000,120,False
123533,SILVERM27JUL229750PE,SILVERM,23JUL2027,22975000.000000,1,OPTFUT,NCO,50.000000,120,False
123542,SILVERM27JUL230000CE,SILVERM,23JUL2027,23000000.000000,1,OPTFUT,NCO,50.000000,120,False
123546,SILVERM26OCT187000PE,SILVERM,23OCT2026,18700000.000000,1,OPTFUT,NCO,50.000000,120,False
123552,SILVERM26OCT187750PE,SILVERM,23OCT2026,18775000.000000,1,OPTFUT,NCO,50.000000,120,False
123556,SILVERM26OCT188250PE,SILVERM,23OCT2026,18825000.000000,1,OPTFUT,NCO,50.000000,120,False
123565,SILVERM26OCT189500CE,SILVERM,23OCT2026,18950000.000000,1,OPTFUT,NCO,50.000000,120,False
123570,SILVERM26OCT190000PE,SILVERM,23OCT2026,19000000.000000,1,OPTFUT,NCO,50.000000,120,False
123581,GOLD27MAY166000PE,GOLD,28MAY2027,16600000.000000,1,OPTFUT,NCO,50.000000,10,False
123587,COPPER26DEC1405PE,COPPER,23DEC2026,140500.000000,1,OPTFUT,NCO,1.000000,70,False
123591,COPPER26DEC1415PE,COPPER,23DEC2026,141500.000000,1,OPTFUT,NCO,1.000000,70,False
123597,SILVERM26NOV181000CE,SILVERM,23NOV2026,18100000.000000,1,OPTFUT,NCO,50.000000,120,False
123601,SILVER26DEC200750PE,SILVER,01DEC2026,20075000.000000,1,OPTBLN,NCO,50.000000,20,False
123609,SILVER26DEC201750PE,SILVER,01DEC2026,20175000.000000,1,OPTBLN,NCO,50.000000,20,False
123613,SILVER26DEC202250PE,SILVER,01DEC2026,20225000.000000,1,OPTBLN,NCO,50.000000,20,False
123623,SILVERM27JUL231250CE,SILVERM,23JUL2027,23125000.000000,1,OPTFUT,NCO,50.000000,120,False
123626,SILVERM27JUL231500PE,SILVERM,23JUL2027,23150000.000000,1,OPTFUT,NCO,50.000000,120,False
123630,SILVERM27JUL232000PE,SILVERM,23JUL2027,23200000.000000,1,OPTFUT,NCO,50.000000,120,False
123631,SILVERM27JUL232250CE,SILVERM,23JUL2027,23225000.000000,1,OPTFUT,NCO,50.000000,120,False
123651,SILVERM26NOV183250CE,SILVERM,23NOV2026,18325000.000000,1,OPTFUT,NCO,50.000000,120,False
123654,SILVERM26NOV183500PE,SILVERM,23NOV2026,18350000.000000,1,OPTFUT,NCO,50.000000,120,False
123655,SILVERM26NOV183750CE,SILVERM,23NOV2026,18375000.000000,1,OPTFUT,NCO,50.000000,120,False
123656,SILVERM26NOV183750PE,SILVERM,23NOV2026,18375000.000000,1,OPTFUT,NCO,50.000000,120,False
123659,SILVERM26NOV184250CE,SILVERM,23NOV2026,18425000.000000,1,OPTFUT,NCO,50.000000,120,False
123663,SILVERM26NOV184750CE,SILVERM,23NOV2026,18475000.000000,1,OPTFUT,NCO,50.000000,120,False
123666,SILVERM26NOV185000PE,SILVERM,23NOV2026,18500000.000000,1,OPTFUT,NCO,50.000000,120,False
123695,SILVERM27JAN358750PE,SILVERM,21JAN2027,35875000.000000,1,OPTFUT,NCO,50.000000,120,False
123697,SILVERM27JAN359000PE,SILVERM,21JAN2027,35900000.000000,1,OPTFUT,NCO,50.000000,120,False
123700,SILVERM27JAN359500CE,SILVERM,21JAN2027,35950000.000000,1,OPTFUT,NCO,50.000000,120,False
123732,SILVERM26NOV190500PE,SILVERM,23NOV2026,19050000.000000,1,OPTFUT,NCO,50.000000,120,False
123733,SILVERM26NOV190750CE,SILVERM,23NOV2026,19075000.000000,1,OPTFUT,NCO,50.000000,120,False
123744,SILVERM26NOV192000PE,SILVERM,23NOV2026,19200000.000000,1,OPTFUT,NCO,50.000000,120,False
123752,SILVERM27APR255500CE,SILVERM,23APR2027,25550000.000000,1,OPTFUT,NCO,50.000000,120,False
123753,COPPER26DEC1435CE,COPPER,23DEC2026,143500.000000,1,OPTFUT,NCO,1.000000,70,False
123764,COPPER26SEP1285CE,COPPER,23SEP2026,128500.000000,1,OPTFUT,NCO,1.000000,70,False
123756,COPPER26DEC1440PE,COPPER,23DEC2026,144000.000000,1,OPTFUT,NCO,1.000000,70,False
123758,SILVERM27JAN359750CE,SILVERM,21JAN2027,35975000.000000,1,OPTFUT,NCO,50.000000,120,False
123784,SILVERM26OCT159250CE,SILVERM,23OCT2026,15925000.000000,1,OPTFUT,NCO,50.000000,120,False
123787,SILVERM26OCT159500PE,SILVERM,23OCT2026,15950000.000000,1,OPTFUT,NCO,50.000000,120,False
123792,SILVERM26OCT160250CE,SILVERM,23OCT2026,16025000.000000,1,OPTFUT,NCO,50.000000,120,False
123809,SILVERM27AUG246750PE,SILVERM,24AUG2027,24675000.000000,1,OPTFUT,NCO,50.000000,120,False
123821,COPPER26SEP1395PE,COPPER,23SEP2026,139500.000000,1,OPTFUT,NCO,1.000000,70,False
123832,COPPER26SEP1400PE,COPPER,23SEP2026,140000.000000,1,OPTFUT,NCO,1.000000,70,False
123833,GOLDM26SEP146600PE,GOLDM,25SEP2026,14660000.000000,1,OPTFUT,NCO,50.000000,100,False
123841,COPPER26SEP1405CE,COPPER,23SEP2026,140500.000000,1,OPTFUT,NCO,1.000000,70,False
123867,SILVERM27JUL234000CE,SILVERM,23JUL2027,23400000.000000,1,OPTFUT,NCO,50.000000,120,False
123872,SILVERM27JUL234500PE,SILVERM,23JUL2027,23450000.000000,1,OPTFUT,NCO,50.000000,120,False
123897,SILVER26DEC196000PE,SILVER,01DEC2026,19600000.000000,1,OPTBLN,NCO,50.000000,20,False
123907,SILVERM26OCT163250PE,SILVERM,23OCT2026,16325000.000000,1,OPTFUT,NCO,50.000000,120,False
123916,GOLDM26SEP147400CE,GOLDM,25SEP2026,14740000.000000,1,OPTFUT,NCO,50.000000,100,False
123917,GOLDM26SEP147400PE,GOLDM,25SEP2026,14740000.000000,1,OPTFUT,NCO,50.000000,100,False
123918,GOLDM26SEP147500CE,GOLDM,25SEP2026,14750000.000000,1,OPTFUT,NCO,50.000000,100,False
123920,GOLDM26SEP147600CE,GOLDM,25SEP2026,14760000.000000,1,OPTFUT,NCO,50.000000,100,False
123934,SILVERM27JUL235750PE,SILVERM,23JUL2027,23575000.000000,1,OPTFUT,NCO,50.000000,120,False
123937,SILVERM27APR256500PE,SILVERM,23APR2027,25650000.000000,1,OPTFUT,NCO,50.000000,120,False
123944,SILVERM27JUL236000PE,SILVERM,23JUL2027,23600000.000000,1,OPTFUT,NCO,50.000000,120,False
123952,SILVERM27APR258000CE,SILVERM,23APR2027,25800000.000000,1,OPTFUT,NCO,50.000000,120,False
123958,COPPER26SEP1415CE,COPPER,23SEP2026,141500.000000,1,OPTFUT,NCO,1.000000,70,False
123963,SILVERM27APR258250PE,SILVERM,23APR2027,25825000.000000,1,OPTFUT,NCO,50.000000,120,False
123964,SILVERM27APR258500CE,SILVERM,23APR2027,25850000.000000,1,OPTFUT,NCO,50.000000,120,False
123975,GOLDM26SEP148100PE,GOLDM,25SEP2026,14810000.000000,1,OPTFUT,NCO,50.000000,100,False
123989,SILVERM27APR259000PE,SILVERM,23APR2027,25900000.000000,1,OPTFUT,NCO,50.000000,120,False
123990,GOLD27JUL162600PE,GOLD,29JUL2027,16260000.000000,1,OPTFUT,NCO,50.000000,10,False
124033,SILVERM27FEB279250CE,SILVERM,19FEB2027,27925000.000000,1,OPTFUT,NCO,50.000000,120,False
124041,SILVERM27FEB280250CE,SILVERM,19FEB2027,28025000.000000,1,OPTFUT,NCO,50.000000,120,False
124072,GOLD27JUL163100PE,GOLD,29JUL2027,16310000.000000,1,OPTFUT,NCO,50.000000,10,False
124075,GOLD26SEP145100PE,GOLD,25SEP2026,14510000.000000,1,OPTFUT,NCO,50.000000,10,False
124090,NATURALGAS26NOV310CE,NATURALGAS,18NOV2026,31000.000000,1,OPTFUT,NCO,5.000000,48,False
124098,NATURALGAS26NOV330CE,NATURALGAS,18NOV2026,33000.000000,1,OPTFUT,NCO,5.000000,48,False
124112,ZINC26SEP447.5CE,ZINC,23SEP2026,44750.000000,1,OPTFUT,NCO,1.000000,20,False
124115,ZINC26SEP450PE,ZINC,23SEP2026,45000.000000,1,OPTFUT,NCO,1.000000,20,False
124122,SILVERM27APR247750PE,SILVERM,23APR2027,24775000.000000,1,OPTFUT,NCO,50.000000,120,False
124138,GOLD26OCT146000PE,GOLD,29OCT2026,14600000.000000,1,OPTFUT,NCO,50.000000,10,False
124141,SILVERM27MAY273750CE,SILVERM,24MAY2027,27375000.000000,1,OPTFUT,NCO,50.000000,120,False
124146,SILVERM27FEB284250CE,SILVERM,19FEB2027,28425000.000000,1,OPTFUT,NCO,50.000000,120,False
124149,SILVERM27FEB284500PE,SILVERM,19FEB2027,28450000.000000,1,OPTFUT,NCO,50.000000,120,False
124156,SILVERM27FEB285500CE,SILVERM,19FEB2027,28550000.000000,1,OPTFUT,NCO,50.000000,120,False
124170,SILVERM27FEB285750PE,SILVERM,19FEB2027,28575000.000000,1,OPTFUT,NCO,50.000000,120,False
124178,GOLD27MAR147500CE,GOLD,29MAR2027,14750000.000000,1,OPTFUT,NCO,50.000000,10,False
124189,GOLD27APR153500PE,GOLD,28APR2027,15350000.000000,1,OPTFUT,NCO,50.000000,10,False
124194,GOLD27APR153800CE,GOLD,28APR2027,15380000.000000,1,OPTFUT,NCO,50.000000,10,False
124207,GOLD27APR154200PE,GOLD,28APR2027,15420000.000000,1,OPTFUT,NCO,50.000000,10,False
124211,GOLD27APR154400PE,GOLD,28APR2027,15440000.000000,1,OPTFUT,NCO,50.000000,10,False
124212,GOLD27APR154500CE,GOLD,28APR2027,15450000.000000,1,OPTFUT,NCO,50.000000,10,False
124245,GOLD27APR155900CE,GOLD,28APR2027,15590000.000000,1,OPTFUT,NCO,50.000000,10,False
124249,SILVER26DEC203500CE,SILVER,01DEC2026,20350000.000000,1,OPTBLN,NCO,50.000000,20,False
124265,SILVERM27MAR234250PE,SILVERM,24MAR2027,23425000.000000,1,OPTFUT,NCO,50.000000,120,False
124270,SILVERM27MAR241000PE,SILVERM,24MAR2027,24100000.000000,1,OPTFUT,NCO,50.000000,120,False
124279,GOLD26DEC165800CE,GOLD,29DEC2026,16580000.000000,1,OPTFUT,NCO,50.000000,10,False
124294,GOLD26NOV133600CE,GOLD,27NOV2026,13360000.000000,1,OPTFUT,NCO,50.000000,10,False
124313,GOLD26NOV134100PE,GOLD,27NOV2026,13410000.000000,1,OPTFUT,NCO,50.000000,10,False
124318,SILVERM27FEB287750PE,SILVERM,19FEB2027,28775000.000000,1,OPTFUT,NCO,50.000000,120,False
124342,SILVERM27FEB288750PE,SILVERM,19FEB2027,28875000.000000,1,OPTFUT,NCO,50.000000,120,False
124350,SILVERM27FEB289750PE,SILVERM,19FEB2027,28975000.000000,1,OPTFUT,NCO,50.000000,120,False
124357,GOLD27APR156700CE,GOLD,28APR2027,15670000.000000,1,OPTFUT,NCO,50.000000,10,False
124358,GOLD27APR156700PE,GOLD,28APR2027,15670000.000000,1,OPTFUT,NCO,50.000000,10,False
124373,SILVER26DEC204750CE,SILVER,01DEC2026,20475000.000000,1,OPTBLN,NCO,50.000000,20,False
124389,GOLD26DEC166000PE,GOLD,29DEC2026,16600000.000000,1,OPTFUT,NCO,50.000000,10,False
124395,GOLDM26SEP148200CE,GOLDM,25SEP2026,14820000.000000,1,OPTFUT,NCO,50.000000,100,False
124408,GOLD27MAR148800CE,GOLD,29MAR2027,14880000.000000,1,OPTFUT,NCO,50.000000,10,False
124410,SILVERM27MAR242000PE,SILVERM,24MAR2027,24200000.000000,1,OPTFUT,NCO,50.000000,120,False
124427,GOLD27MAR149100CE,GOLD,29MAR2027,14910000.000000,1,OPTFUT,NCO,50.000000,10,False
124431,GOLD27APR157500CE,GOLD,28APR2027,15750000.000000,1,OPTFUT,NCO,50.000000,10,False
124449,GOLD26NOV134800PE,GOLD,27NOV2026,13480000.000000,1,OPTFUT,NCO,50.000000,10,False
124478,SILVERM27MAY276250PE,SILVERM,24MAY2027,27625000.000000,1,OPTFUT,NCO,50.000000,120,False
124482,SILVERM27JUL237000CE,SILVERM,23JUL2027,23700000.000000,1,OPTFUT,NCO,50.000000,120,False
124491,GOLD27APR147800PE,GOLD,28APR2027,14780000.000000,1,OPTFUT,NCO,50.000000,10,False
124493,SILVERM27JUL237500CE,SILVERM,23JUL2027,23750000.000000,1,OPTFUT,NCO,50.000000,120,False
124494,SILVERM27JUL237500PE,SILVERM,23JUL2027,23750000.000000,1,OPTFUT,NCO,50.000000,120,False
124499,ZINC26NOV380CE,ZINC,23NOV2026,38000.000000,1,OPTFUT,NCO,1.000000,20,False
124502,ZINC26NOV382.5PE,ZINC,23NOV2026,38250.000000,1,OPTFUT,NCO,1.000000,20,False
124516,ZINC26NOV395CE,ZINC,23NOV2026,39500.000000,1,OPTFUT,NCO,1.000000,20,False
124553,ZINC26OCT415CE,ZINC,23OCT2026,41500.000000,1,OPTFUT,NCO,1.000000,20,False
124558,ZINC26NOV415PE,ZINC,23NOV2026,41500.000000,1,OPTFUT,NCO,1.000000,20,False
124581,CRUDEOIL26OCT5000PE,CRUDEOIL,08OCT2026,500000.000000,1,OPTFUT,NCO,10.000000,100,False
124598,SILVER26DEC205250PE,SILVER,01DEC2026,20525000.000000,1,OPTBLN,NCO,50.000000,20,False
124601,NATURALGAS26SEP180CE,NATURALGAS,21SEP2026,18000.000000,1,OPTFUT,NCO,5.000000,48,False
124606,ZINC26NOV420CE,ZINC,23NOV2026,42000.000000,1,OPTFUT,NCO,1.000000,20,False
124620,GOLD26NOV136000CE,GOLD,27NOV2026,13600000.000000,1,OPTFUT,NCO,50.000000,10,False
124623,GOLD26NOV136100PE,GOLD,27NOV2026,13610000.000000,1,OPTFUT,NCO,50.000000,10,False
124633,GOLD27JUL151100PE,GOLD,29JUL2027,15110000.000000,1,OPTFUT,NCO,50.000000,10,False
124640,GOLD27APR148500PE,GOLD,28APR2027,14850000.000000,1,OPTFUT,NCO,50.000000,10,False
124652,GOLD27JUL151300CE,GOLD,29JUL2027,15130000.000000,1,OPTFUT,NCO,50.000000,10,False
124664,GOLD27JUL151800CE,GOLD,29JUL2027,15180000.000000,1,OPTFUT,NCO,50.000000,10,False
124665,GOLD26NOV136800PE,GOLD,27NOV2026,13680000.000000,1,OPTFUT,NCO,50.000000,10,False
124669,GOLD26NOV137000PE,GOLD,27NOV2026,13700000.000000,1,OPTFUT,NCO,50.000000,10,False
124670,GOLD27JUL151800PE,GOLD,29JUL2027,15180000.000000,1,OPTFUT,NCO,50.000000,10,False
124673,GOLD27JUL152000CE,GOLD,29JUL2027,15200000.000000,1,OPTFUT,NCO,50.000000,10,False
124696,GOLD27JUL152900PE,GOLD,29JUL2027,15290000.000000,1,OPTFUT,NCO,50.000000,10,False
124705,SILVERM27AUG250000CE,SILVERM,24AUG2027,25000000.000000,1,OPTFUT,NCO,50.000000,120,False
124707,GOLD27JUL153300PE,GOLD,29JUL2027,15330000.000000,1,OPTFUT,NCO,50.000000,10,False
124719,SILVERM27AUG250750CE,SILVERM,24AUG2027,25075000.000000,1,OPTFUT,NCO,50.000000,120,False
124725,SILVERM27AUG251500CE,SILVERM,24AUG2027,25150000.000000,1,OPTFUT,NCO,50.000000,120,False
124726,SILVERM27AUG251500PE,SILVERM,24AUG2027,25150000.000000,1,OPTFUT,NCO,50.000000,120,False
124729,SILVERM27AUG252000CE,SILVERM,24AUG2027,25200000.000000,1,OPTFUT,NCO,50.000000,120,False
124740,GOLD26OCT125900CE,GOLD,29OCT2026,12590000.000000,1,OPTFUT,NCO,50.000000,10,False
124746,GOLD26OCT126200CE,GOLD,29OCT2026,12620000.000000,1,OPTFUT,NCO,50.000000,10,False
124748,GOLD26OCT126200PE,GOLD,29OCT2026,12620000.000000,1,OPTFUT,NCO,50.000000,10,False
124760,GOLD27JUL153800CE,GOLD,29JUL2027,15380000.000000,1,OPTFUT,NCO,50.000000,10,False
124771,GOLD26OCT127000CE,GOLD,29OCT2026,12700000.000000,1,OPTFUT,NCO,50.000000,10,False
124790,SILVERM27AUG253250PE,SILVERM,24AUG2027,25325000.000000,1,OPTFUT,NCO,50.000000,120,False
124811,GOLD26OCT127300CE,GOLD,29OCT2026,12730000.000000,1,OPTFUT,NCO,50.000000,10,False
124812,SILVERM27AUG253500CE,SILVERM,24AUG2027,25350000.000000,1,OPTFUT,NCO,50.000000,120,False
124820,SILVERM27AUG254000CE,SILVERM,24AUG2027,25400000.000000,1,OPTFUT,NCO,50.000000,120,False
124827,SILVER26DEC206500CE,SILVER,01DEC2026,20650000.000000,1,OPTBLN,NCO,50.000000,20,False
124850,GOLD27JUL154000PE,GOLD,29JUL2027,15400000.000000,1,OPTFUT,NCO,50.000000,10,False
124854,GOLD27JUL154100CE,GOLD,29JUL2027,15410000.000000,1,OPTFUT,NCO,50.000000,10,False
124857,GOLD27JUL154200PE,GOLD,29JUL2027,15420000.000000,1,OPTFUT,NCO,50.000000,10,False
124858,GOLD27APR149800CE,GOLD,28APR2027,14980000.000000,1,OPTFUT,NCO,50.000000,10,False
124863,GOLD26NOV138300PE,GOLD,27NOV2026,13830000.000000,1,OPTFUT,NCO,50.000000,10,False
124867,GOLD26OCT127400PE,GOLD,29OCT2026,12740000.000000,1,OPTFUT,NCO,50.000000,10,False
124868,GOLD26OCT127500CE,GOLD,29OCT2026,12750000.000000,1,OPTFUT,NCO,50.000000,10,False
124886,GOLD27MAY148900CE,GOLD,28MAY2027,14890000.000000,1,OPTFUT,NCO,50.000000,10,False
124887,GOLD27MAY148900PE,GOLD,28MAY2027,14890000.000000,1,OPTFUT,NCO,50.000000,10,False
124893,GOLD27JUL154700PE,GOLD,29JUL2027,15470000.000000,1,OPTFUT,NCO,50.000000,10,False
124912,SILVERM27AUG254000PE,SILVERM,24AUG2027,25400000.000000,1,OPTFUT,NCO,50.000000,120,False
124915,SILVERM27AUG254500CE,SILVERM,24AUG2027,25450000.000000,1,OPTFUT,NCO,50.000000,120,False
124931,SILVERM27AUG255250CE,SILVERM,24AUG2027,25525000.000000,1,OPTFUT,NCO,50.000000,120,False
124938,SILVERM27AUG255750PE,SILVERM,24AUG2027,25575000.000000,1,OPTFUT,NCO,50.000000,120,False
124950,GOLD27JUL155600PE,GOLD,29JUL2027,15560000.000000,1,OPTFUT,NCO,50.000000,10,False
124953,SILVERM27AUG256750PE,SILVERM,24AUG2027,25675000.000000,1,OPTFUT,NCO,50.000000,120,False
124989,GOLD27JUL155900PE,GOLD,29JUL2027,15590000.000000,1,OPTFUT,NCO,50.000000,10,False
125001,GOLDM26SEP149200PE,GOLDM,25SEP2026,14920000.000000,1,OPTFUT,NCO,50.000000,100,False
125004,GOLD27JUL156000PE,GOLD,29JUL2027,15600000.000000,1,OPTFUT,NCO,50.000000,10,False
125009,GOLDM26OCT144300PE,GOLDM,29OCT2026,14430000.000000,1,OPTFUT,NCO,50.000000,100,False
125019,GOLDM26OCT144700PE,GOLDM,29OCT2026,14470000.000000,1,OPTFUT,NCO,50.000000,100,False
125024,GOLD26OCT127600PE,GOLD,29OCT2026,12760000.000000,1,OPTFUT,NCO,50.000000,10,False
125026,GOLDM26SEP149500PE,GOLDM,25SEP2026,14950000.000000,1,OPTFUT,NCO,50.000000,100,False
125029,GOLDM26SEP149700CE,GOLDM,25SEP2026,14970000.000000,1,OPTFUT,NCO,50.000000,100,False
125039,GOLD27MAY150000PE,GOLD,28MAY2027,15000000.000000,1,OPTFUT,NCO,50.000000,10,False
125040,GOLD27MAY150100CE,GOLD,28MAY2027,15010000.000000,1,OPTFUT,NCO,50.000000,10,False
125046,GOLDM26OCT144900PE,GOLDM,29OCT2026,14490000.000000,1,OPTFUT,NCO,50.000000,100,False
125047,GOLDM26SEP150000PE,GOLDM,25SEP2026,15000000.000000,1,OPTFUT,NCO,50.000000,100,False
125058,GOLDM26SEP150300PE,GOLDM,25SEP2026,15030000.000000,1,OPTFUT,NCO,50.000000,100,False
125065,GOLDM26OCT145100PE,GOLDM,29OCT2026,14510000.000000,1,OPTFUT,NCO,50.000000,100,False
125066,GOLDM26OCT145200CE,GOLDM,29OCT2026,14520000.000000,1,OPTFUT,NCO,50.000000,100,False
125071,GOLDM26OCT145400PE,GOLDM,29OCT2026,14540000.000000,1,OPTFUT,NCO,50.000000,100,False
125075,GOLDM26OCT145600PE,GOLDM,29OCT2026,14560000.000000,1,OPTFUT,NCO,50.000000,100,False
125076,GOLDM26OCT145700CE,GOLDM,29OCT2026,14570000.000000,1,OPTFUT,NCO,50.000000,100,False
125079,GOLDM26OCT145800PE,GOLDM,29OCT2026,14580000.000000,1,OPTFUT,NCO,50.000000,100,False
125081,GOLD27MAR161900PE,GOLD,29MAR2027,16190000.000000,1,OPTFUT,NCO,50.000000,10,False
125101,GOLDM26OCT146100CE,GOLDM,29OCT2026,14610000.000000,1,OPTFUT,NCO,50.000000,100,False
125110,GOLD27MAR162600PE,GOLD,29MAR2027,16260000.000000,1,OPTFUT,NCO,50.000000,10,False
125120,GOLD26OCT128200PE,GOLD,29OCT2026,12820000.000000,1,OPTFUT,NCO,50.000000,10,False
125122,GOLD26OCT128300PE,GOLD,29OCT2026,12830000.000000,1,OPTFUT,NCO,50.000000,10,False
125141,GOLD26OCT128400CE,GOLD,29OCT2026,12840000.000000,1,OPTFUT,NCO,50.000000,10,False
125142,GOLD26OCT128400PE,GOLD,29OCT2026,12840000.000000,1,OPTFUT,NCO,50.000000,10,False
125168,SILVERM26DEC240500PE,SILVERM,23DEC2026,24050000.000000,1,OPTFUT,NCO,50.000000,120,False
125170,SILVERM26DEC240750PE,SILVERM,23DEC2026,24075000.000000,1,OPTFUT,NCO,50.000000,120,False
125171,SILVERM26DEC241000CE,SILVERM,23DEC2026,24100000.000000,1,OPTFUT,NCO,50.000000,120,False
125176,SILVERM26DEC241500PE,SILVERM,23DEC2026,24150000.000000,1,OPTFUT,NCO,50.000000,120,False
125181,SILVERM26DEC242250CE,SILVERM,23DEC2026,24225000.000000,1,OPTFUT,NCO,50.000000,120,False
125191,SILVERM26DEC243500CE,SILVERM,23DEC2026,24350000.000000,1,OPTFUT,NCO,50.000000,120,False
125198,GOLDM26OCT146600PE,GOLDM,29OCT2026,14660000.000000,1,OPTFUT,NCO,50.000000,100,False
125207,GOLDM26OCT147100CE,GOLDM,29OCT2026,14710000.000000,1,OPTFUT,NCO,50.000000,100,False
125209,SILVERM27JAN263250PE,SILVERM,21JAN2027,26325000.000000,1,OPTFUT,NCO,50.000000,120,False
125236,GOLD26OCT129300PE,GOLD,29OCT2026,12930000.000000,1,OPTFUT,NCO,50.000000,10,False
125241,SILVER26DEC209000PE,SILVER,01DEC2026,20900000.000000,1,OPTBLN,NCO,50.000000,20,False
125245,GOLD26OCT129600CE,GOLD,29OCT2026,12960000.000000,1,OPTFUT,NCO,50.000000,10,False
125249,GOLD26OCT129600PE,GOLD,29OCT2026,12960000.000000,1,OPTFUT,NCO,50.000000,10,False
125269,GOLD26OCT130000CE,GOLD,29OCT2026,13000000.000000,1,OPTFUT,NCO,50.000000,10,False
125284,SILVER26DEC211250CE,SILVER,01DEC2026,21125000.000000,1,OPTBLN,NCO,50.000000,20,False
125305,GOLDM26OCT147300CE,GOLDM,29OCT2026,14730000.000000,1,OPTFUT,NCO,50.000000,100,False
125309,SILVER26DEC212500PE,SILVER,01DEC2026,21250000.000000,1,OPTBLN,NCO,50.000000,20,False
125310,SILVERM27JAN266750CE,SILVERM,21JAN2027,26675000.000000,1,OPTFUT,NCO,50.000000,120,False
125326,GOLDM26OCT147500PE,GOLDM,29OCT2026,14750000.000000,1,OPTFUT,NCO,50.000000,100,False
125338,ZINC26NOV450CE,ZINC,23NOV2026,45000.000000,1,OPTFUT,NCO,1.000000,20,False
125340,ZINC26NOV452.5CE,ZINC,23NOV2026,45250.000000,1,OPTFUT,NCO,1.000000,20,False
125343,GOLDM26OCT147900CE,GOLDM,29OCT2026,14790000.000000,1,OPTFUT,NCO,50.000000,100,False
125352,SILVERM27MAR245500PE,SILVERM,24MAR2027,24550000.000000,1,OPTFUT,NCO,50.000000,120,False
125379,SILVERM26NOV195750CE,SILVERM,23NOV2026,19575000.000000,1,OPTFUT,NCO,50.000000,120,False
125380,SILVERM26NOV195750PE,SILVERM,23NOV2026,19575000.000000,1,OPTFUT,NCO,50.000000,120,False
125390,GOLDM26OCT148000PE,GOLDM,29OCT2026,14800000.000000,1,OPTFUT,NCO,50.000000,100,False
125393,GOLDM26OCT148200CE,GOLDM,29OCT2026,14820000.000000,1,OPTFUT,NCO,50.000000,100,False
125395,SILVERM27JAN269500CE,SILVERM,21JAN2027,26950000.000000,1,OPTFUT,NCO,50.000000,120,False
125406,SILVERM27JAN270750PE,SILVERM,21JAN2027,27075000.000000,1,OPTFUT,NCO,50.000000,120,False
125410,SILVERM27MAR246250CE,SILVERM,24MAR2027,24625000.000000,1,OPTFUT,NCO,50.000000,120,False
125411,SILVERM27MAR246250PE,SILVERM,24MAR2027,24625000.000000,1,OPTFUT,NCO,50.000000,120,False
125415,SILVERM27MAR246750PE,SILVERM,24MAR2027,24675000.000000,1,OPTFUT,NCO,50.000000,120,False
125419,SILVERM27MAR275500PE,SILVERM,24MAR2027,27550000.000000,1,OPTFUT,NCO,50.000000,120,False
125422,SILVERM27MAR247250CE,SILVERM,24MAR2027,24725000.000000,1,OPTFUT,NCO,50.000000,120,False
125425,GOLD26NOV132900CE,GOLD,27NOV2026,13290000.000000,1,OPTFUT,NCO,50.000000,10,False
125436,GOLD26NOV132900PE,GOLD,27NOV2026,13290000.000000,1,OPTFUT,NCO,50.000000,10,False
125450,SILVERM27MAR248000CE,SILVERM,24MAR2027,24800000.000000,1,OPTFUT,NCO,50.000000,120,False
125461,SILVERM27MAR249250PE,SILVERM,24MAR2027,24925000.000000,1,OPTFUT,NCO,50.000000,120,False
125471,SILVERM27MAR250500PE,SILVERM,24MAR2027,25050000.000000,1,OPTFUT,NCO,50.000000,120,False
125474,SILVERM27MAR251000CE,SILVERM,24MAR2027,25100000.000000,1,OPTFUT,NCO,50.000000,120,False
125486,SILVERM27JAN273250PE,SILVERM,21JAN2027,27325000.000000,1,OPTFUT,NCO,50.000000,120,False
125487,SILVERM27JAN273500CE,SILVERM,21JAN2027,27350000.000000,1,OPTFUT,NCO,50.000000,120,False
125491,SILVERM27JAN274000CE,SILVERM,21JAN2027,27400000.000000,1,OPTFUT,NCO,50.000000,120,False
125504,SILVERM27AUG257500CE,SILVERM,24AUG2027,25750000.000000,1,OPTFUT,NCO,50.000000,120,False
125517,SILVERM27JAN276500CE,SILVERM,21JAN2027,27650000.000000,1,OPTFUT,NCO,50.000000,120,False
125519,SILVERM27JAN276750CE,SILVERM,21JAN2027,27675000.000000,1,OPTFUT,NCO,50.000000,120,False
125523,SILVERM27MAR252000CE,SILVERM,24MAR2027,25200000.000000,1,OPTFUT,NCO,50.000000,120,False
125528,GOLD26NOV133100CE,GOLD,27NOV2026,13310000.000000,1,OPTFUT,NCO,50.000000,10,False
125530,SILVERM27MAR252750CE,SILVERM,24MAR2027,25275000.000000,1,OPTFUT,NCO,50.000000,120,False
125532,GOLD26NOV133200CE,GOLD,27NOV2026,13320000.000000,1,OPTFUT,NCO,50.000000,10,False
125543,SILVERM27JAN277250CE,SILVERM,21JAN2027,27725000.000000,1,OPTFUT,NCO,50.000000,120,False
125551,ZINC26DEC415CE,ZINC,23DEC2026,41500.000000,1,OPTFUT,NCO,1.000000,20,False
125580,SILVERM26OCT150000CE,SILVERM,23OCT2026,15000000.000000,1,OPTFUT,NCO,50.000000,120,False
125581,GOLDM26NOV157100CE,GOLDM,27NOV2026,15710000.000000,1,OPTFUT,NCO,50.000000,100,False
125599,GOLDM26NOV157400CE,GOLDM,27NOV2026,15740000.000000,1,OPTFUT,NCO,50.000000,100,False
125609,CRUDEOIL26NOV11350CE,CRUDEOIL,10NOV2026,1135000.000000,1,OPTFUT,NCO,10.000000,100,False
125613,GOLD27AUG159000CE,GOLD,27AUG2027,15900000.000000,1,OPTFUT,NCO,50.000000,10,False
125615,SILVERM27MAY277250PE,SILVERM,24MAY2027,27725000.000000,1,OPTFUT,NCO,50.000000,120,False
125617,SILVERM27MAY277500PE,SILVERM,24MAY2027,27750000.000000,1,OPTFUT,NCO,50.000000,120,False
125625,SILVERM27MAY278500PE,SILVERM,24MAY2027,27850000.000000,1,OPTFUT,NCO,50.000000,120,False
125636,GOLD27AUG159500CE,GOLD,27AUG2027,15950000.000000,1,OPTFUT,NCO,50.000000,10,False
125647,GOLDM26NOV152100PE,GOLDM,27NOV2026,15210000.000000,1,OPTFUT,NCO,50.000000,100,False
125658,GOLDM26NOV152700CE,GOLDM,27NOV2026,15270000.000000,1,OPTFUT,NCO,50.000000,100,False
125660,ZINC26DEC457.5CE,ZINC,23DEC2026,45750.000000,1,OPTFUT,NCO,1.000000,20,False
125668,SILVERM27JAN278750CE,SILVERM,21JAN2027,27875000.000000,1,OPTFUT,NCO,50.000000,120,False
125673,SILVERM27JAN279250PE,SILVERM,21JAN2027,27925000.000000,1,OPTFUT,NCO,50.000000,120,False
125690,SILVERM27JAN281500CE,SILVERM,21JAN2027,28150000.000000,1,OPTFUT,NCO,50.000000,120,False
125699,SILVERM27JAN282250PE,SILVERM,21JAN2027,28225000.000000,1,OPTFUT,NCO,50.000000,120,False
125709,SILVERM27JAN283500CE,SILVERM,21JAN2027,28350000.000000,1,OPTFUT,NCO,50.000000,120,False
125717,SILVERM27JAN284500CE,SILVERM,21JAN2027,28450000.000000,1,OPTFUT,NCO,50.000000,120,False
125719,SILVERM27JAN284750CE,SILVERM,21JAN2027,28475000.000000,1,OPTFUT,NCO,50.000000,120,False
125723,GOLDM26OCT149000CE,GOLDM,29OCT2026,14900000.000000,1,OPTFUT,NCO,50.000000,100,False
125727,SILVERM27JAN285000PE,SILVERM,21JAN2027,28500000.000000,1,OPTFUT,NCO,50.000000,120,False
125729,SILVERM27JAN285250PE,SILVERM,21JAN2027,28525000.000000,1,OPTFUT,NCO,50.000000,120,False
125733,SILVER27MAR257500PE,SILVER,02MAR2027,25750000.000000,1,OPTBLN,NCO,50.000000,20,False
125740,SILVERM27JAN286500PE,SILVERM,21JAN2027,28650000.000000,1,OPTFUT,NCO,50.000000,120,False
125757,SILVERM27JAN288750CE,SILVERM,21JAN2027,28875000.000000,1,OPTFUT,NCO,50.000000,120,False
125788,GOLDM26OCT149200CE,GOLDM,29OCT2026,14920000.000000,1,OPTFUT,NCO,50.000000,100,False
125798,SILVERM27JUL238750CE,SILVERM,23JUL2027,23875000.000000,1,OPTFUT,NCO,50.000000,120,False
125803,SILVERM27JUL239250PE,SILVERM,23JUL2027,23925000.000000,1,OPTFUT,NCO,50.000000,120,False
125808,SILVERM27JUL239750CE,SILVERM,23JUL2027,23975000.000000,1,OPTFUT,NCO,50.000000,120,False
125816,SILVERM27JUL240500CE,SILVERM,23JUL2027,24050000.000000,1,OPTFUT,NCO,50.000000,120,False
125820,SILVERM27JUL241000CE,SILVERM,23JUL2027,24100000.000000,1,OPTFUT,NCO,50.000000,120,False
125823,SILVERM27JUL241250PE,SILVERM,23JUL2027,24125000.000000,1,OPTFUT,NCO,50.000000,120,False
125827,SILVER27MAR258500PE,SILVER,02MAR2027,25850000.000000,1,OPTBLN,NCO,50.000000,20,False
125832,SILVERM27JUL242000CE,SILVERM,23JUL2027,24200000.000000,1,OPTFUT,NCO,50.000000,120,False
125851,ZINC26OCT455PE,ZINC,23OCT2026,45500.000000,1,OPTFUT,NCO,1.000000,20,False
125861,SILVERM27JUL243000CE,SILVERM,23JUL2027,24300000.000000,1,OPTFUT,NCO,50.000000,120,False
125867,SILVERM27JUL243750CE,SILVERM,23JUL2027,24375000.000000,1,OPTFUT,NCO,50.000000,120,False
125873,SILVERM27JUL244250CE,SILVERM,23JUL2027,24425000.000000,1,OPTFUT,NCO,50.000000,120,False
125874,SILVERM27JUL244250PE,SILVERM,23JUL2027,24425000.000000,1,OPTFUT,NCO,50.000000,120,False
125881,SILVERM27JUL245000PE,SILVERM,23JUL2027,24500000.000000,1,OPTFUT,NCO,50.000000,120,False
125888,SILVERM27MAR234500PE,SILVERM,24MAR2027,23450000.000000,1,OPTFUT,NCO,50.000000,120,False
125893,SILVERM27MAR254250CE,SILVERM,24MAR2027,25425000.000000,1,OPTFUT,NCO,50.000000,120,False
125894,SILVERM27MAR254250PE,SILVERM,24MAR2027,25425000.000000,1,OPTFUT,NCO,50.000000,120,False
125897,ZINC26NOV457.5PE,ZINC,23NOV2026,45750.000000,1,OPTFUT,NCO,1.000000,20,False
125898,ZINC26DEC460CE,ZINC,23DEC2026,46000.000000,1,OPTFUT,NCO,1.000000,20,False
125903,SILVERM27JAN291750PE,SILVERM,21JAN2027,29175000.000000,1,OPTFUT,NCO,50.000000,120,False
125921,SILVERM26OCT151250PE,SILVERM,23OCT2026,15125000.000000,1,OPTFUT,NCO,50.000000,120,False
125922,SILVERM26OCT151500CE,SILVERM,23OCT2026,15150000.000000,1,OPTFUT,NCO,50.000000,120,False
125932,GOLD27JUN157500CE,GOLD,28JUN2027,15750000.000000,1,OPTFUT,NCO,50.000000,10,False
125937,SILVERM27JAN293250CE,SILVERM,21JAN2027,29325000.000000,1,OPTFUT,NCO,50.000000,120,False
125945,SILVERM27MAY268250CE,SILVERM,24MAY2027,26825000.000000,1,OPTFUT,NCO,50.000000,120,False
125949,COPPER26DEC1475PE,COPPER,23DEC2026,147500.000000,1,OPTFUT,NCO,1.000000,70,False
125957,GOLD27JUN157800PE,GOLD,28JUN2027,15780000.000000,1,OPTFUT,NCO,50.000000,10,False
125959,CRUDEOIL26NOV11400CE,CRUDEOIL,10NOV2026,1140000.000000,1,OPTFUT,NCO,10.000000,100,False
125964,CRUDEOIL26NOV11500PE,CRUDEOIL,10NOV2026,1150000.000000,1,OPTFUT,NCO,10.000000,100,False
125980,GOLD27JAN172000CE,GOLD,29JAN2027,17200000.000000,1,OPTFUT,NCO,50.000000,10,False
125968,CRUDEOIL26NOV11600PE,CRUDEOIL,10NOV2026,1160000.000000,1,OPTFUT,NCO,10.000000,100,False
125977,GOLD27JAN171800PE,GOLD,29JAN2027,17180000.000000,1,OPTFUT,NCO,50.000000,10,False
125988,ZINC26DEC425PE,ZINC,23DEC2026,42500.000000,1,OPTFUT,NCO,1.000000,20,False
125991,ZINC26DEC430CE,ZINC,23DEC2026,43000.000000,1,OPTFUT,NCO,1.000000,20,False
125993,ZINC26DEC432.5CE,ZINC,23DEC2026,43250.000000,1,OPTFUT,NCO,1.000000,20,False
125996,GOLD27JUN158300PE,GOLD,28JUN2027,15830000.000000,1,OPTFUT,NCO,50.000000,10,False
126016,GOLD27JAN172800CE,GOLD,29JAN2027,17280000.000000,1,OPTFUT,NCO,50.000000,10,False
126027,GOLD27APR158700PE,GOLD,28APR2027,15870000.000000,1,OPTFUT,NCO,50.000000,10,False
126030,GOLD27JAN173000PE,GOLD,29JAN2027,17300000.000000,1,OPTFUT,NCO,50.000000,10,False
126035,GOLD27APR158900PE,GOLD,28APR2027,15890000.000000,1,OPTFUT,NCO,50.000000,10,False
126044,SILVER26DEC215500PE,SILVER,01DEC2026,21550000.000000,1,OPTBLN,NCO,50.000000,20,False
126045,SILVER26DEC215750CE,SILVER,01DEC2026,21575000.000000,1,OPTBLN,NCO,50.000000,20,False
126068,GOLD27JUL156200PE,GOLD,29JUL2027,15620000.000000,1,OPTFUT,NCO,50.000000,10,False
126079,ZINC26DEC442.5CE,ZINC,23DEC2026,44250.000000,1,OPTFUT,NCO,1.000000,20,False
126087,SILVERM26SEP333750PE,SILVERM,23SEP2026,33375000.000000,1,OPTFUT,NCO,50.000000,120,False
126097,SILVERM26SEP334750PE,SILVERM,23SEP2026,33475000.000000,1,OPTFUT,NCO,50.000000,120,False
126100,SILVERM26SEP335250CE,SILVERM,23SEP2026,33525000.000000,1,OPTFUT,NCO,50.000000,120,False
126106,SILVERM26OCT335750CE,SILVERM,23OCT2026,33575000.000000,1,OPTFUT,NCO,50.000000,120,False
126112,SILVERM26OCT336500CE,SILVERM,23OCT2026,33650000.000000,1,OPTFUT,NCO,50.000000,120,False
126114,SILVERM26OCT336750CE,SILVERM,23OCT2026,33675000.000000,1,OPTFUT,NCO,50.000000,120,False
126124,SILVERM26DEC244000PE,SILVERM,23DEC2026,24400000.000000,1,OPTFUT,NCO,50.000000,120,False
126155,SILVERM27JAN295500CE,SILVERM,21JAN2027,29550000.000000,1,OPTFUT,NCO,50.000000,120,False
126164,GOLD27JAN175100CE,GOLD,29JAN2027,17510000.000000,1,OPTFUT,NCO,50.000000,10,False
126166,GOLD27JAN175200CE,GOLD,29JAN2027,17520000.000000,1,OPTFUT,NCO,50.000000,10,False
126173,GOLD27JAN175500PE,GOLD,29JAN2027,17550000.000000,1,OPTFUT,NCO,50.000000,10,False
126174,GOLD27JAN175600CE,GOLD,29JAN2027,17560000.000000,1,OPTFUT,NCO,50.000000,10,False
126180,GOLD27JAN175900CE,GOLD,29JAN2027,17590000.000000,1,OPTFUT,NCO,50.000000,10,False
126186,SILVERM26NOV337500CE,SILVERM,23NOV2026,33750000.000000,1,OPTFUT,NCO,50.000000,120,False
126193,GOLD27JAN176000PE,GOLD,29JAN2027,17600000.000000,1,OPTFUT,NCO,50.000000,10,False
126194,GOLD27JAN176100CE,GOLD,29JAN2027,17610000.000000,1,OPTFUT,NCO,50.000000,10,False
126207,GOLD27JUL156500PE,GOLD,29JUL2027,15650000.000000,1,OPTFUT,NCO,50.000000,10,False
126215,GOLD27JAN176500CE,GOLD,29JAN2027,17650000.000000,1,OPTFUT,NCO,50.000000,10,False
126222,SILVERM27MAR255250PE,SILVERM,24MAR2027,25525000.000000,1,OPTFUT,NCO,50.000000,120,False
126228,SILVERM27MAR256000PE,SILVERM,24MAR2027,25600000.000000,1,OPTFUT,NCO,50.000000,120,False
126232,GOLD27JUL157000CE,GOLD,29JUL2027,15700000.000000,1,OPTFUT,NCO,50.000000,10,False
126268,SILVERM27MAR257500CE,SILVERM,24MAR2027,25750000.000000,1,OPTFUT,NCO,50.000000,120,False
126270,SILVERM27MAR257750CE,SILVERM,24MAR2027,25775000.000000,1,OPTFUT,NCO,50.000000,120,False
126279,SILVERM27MAR258750PE,SILVERM,24MAR2027,25875000.000000,1,OPTFUT,NCO,50.000000,120,False
126281,SILVERM27MAR259000PE,SILVERM,24MAR2027,25900000.000000,1,OPTFUT,NCO,50.000000,120,False
126288,GOLD27JAN176800PE,GOLD,29JAN2027,17680000.000000,1,OPTFUT,NCO,50.000000,10,False
126294,GOLD27JAN177100PE,GOLD,29JAN2027,17710000.000000,1,OPTFUT,NCO,50.000000,10,False
126305,SILVERM27MAR260250PE,SILVERM,24MAR2027,26025000.000000,1,OPTFUT,NCO,50.000000,120,False
126313,GOLD27APR159300PE,GOLD,28APR2027,15930000.000000,1,OPTFUT,NCO,50.000000,10,False
126315,GOLD27APR159400PE,GOLD,28APR2027,15940000.000000,1,OPTFUT,NCO,50.000000,10,False
126319,GOLD27JUL157400CE,GOLD,29JUL2027,15740000.000000,1,OPTFUT,NCO,50.000000,10,False
126327,GOLD27JAN177600CE,GOLD,29JAN2027,17760000.000000,1,OPTFUT,NCO,50.000000,10,False
126337,SILVERM27MAR260500PE,SILVERM,24MAR2027,26050000.000000,1,OPTFUT,NCO,50.000000,120,False
126341,GOLD27APR159700CE,GOLD,28APR2027,15970000.000000,1,OPTFUT,NCO,50.000000,10,False
126353,SILVERM27MAY268250PE,SILVERM,24MAY2027,26825000.000000,1,OPTFUT,NCO,50.000000,120,False
126357,SILVERM27MAY268750PE,SILVERM,24MAY2027,26875000.000000,1,OPTFUT,NCO,50.000000,120,False
126366,GOLD27APR160500CE,GOLD,28APR2027,16050000.000000,1,OPTFUT,NCO,50.000000,10,False
126368,SILVER26DEC218250CE,SILVER,01DEC2026,21825000.000000,1,OPTBLN,NCO,50.000000,20,False
126381,GOLD27JUL157500CE,GOLD,29JUL2027,15750000.000000,1,OPTFUT,NCO,50.000000,10,False
126390,SILVER27MAR209000CE,SILVER,02MAR2027,20900000.000000,1,OPTBLN,NCO,50.000000,20,False
126396,GOLD27APR160700CE,GOLD,28APR2027,16070000.000000,1,OPTFUT,NCO,50.000000,10,False
126401,GOLD27APR160900PE,GOLD,28APR2027,16090000.000000,1,OPTFUT,NCO,50.000000,10,False
126420,GOLD27APR161700PE,GOLD,28APR2027,16170000.000000,1,OPTFUT,NCO,50.000000,10,False
126429,GOLD27JAN178300CE,GOLD,29JAN2027,17830000.000000,1,OPTFUT,NCO,50.000000,10,False
126433,GOLD27JAN178500CE,GOLD,29JAN2027,17850000.000000,1,OPTFUT,NCO,50.000000,10,False
126439,GOLD27JUL157900CE,GOLD,29JUL2027,15790000.000000,1,OPTFUT,NCO,50.000000,10,False
126445,GOLD27JUL158100CE,GOLD,29JUL2027,15810000.000000,1,OPTFUT,NCO,50.000000,10,False
126449,GOLD27JAN178600CE,GOLD,29JAN2027,17860000.000000,1,OPTFUT,NCO,50.000000,10,False
126458,GOLD27JAN179000PE,GOLD,29JAN2027,17900000.000000,1,OPTFUT,NCO,50.000000,10,False
126476,SILVER27MAR211750CE,SILVER,02MAR2027,21175000.000000,1,OPTBLN,NCO,50.000000,20,False
126478,SILVER27MAR212000CE,SILVER,02MAR2027,21200000.000000,1,OPTBLN,NCO,50.000000,20,False
126500,GOLD27JAN179600PE,GOLD,29JAN2027,17960000.000000,1,OPTFUT,NCO,50.000000,10,False
126501,GOLD27JAN179700CE,GOLD,29JAN2027,17970000.000000,1,OPTFUT,NCO,50.000000,10,False
126502,GOLD27JAN179700PE,GOLD,29JAN2027,17970000.000000,1,OPTFUT,NCO,50.000000,10,False
126509,SILVER27MAR213500CE,SILVER,02MAR2027,21350000.000000,1,OPTBLN,NCO,50.000000,20,False
126539,GOLD27JAN180100PE,GOLD,29JAN2027,18010000.000000,1,OPTFUT,NCO,50.000000,10,False
126546,GOLD27JAN180500CE,GOLD,29JAN2027,18050000.000000,1,OPTFUT,NCO,50.000000,10,False
126550,GOLD27JUL158600CE,GOLD,29JUL2027,15860000.000000,1,OPTFUT,NCO,50.000000,10,False
126551,GOLD27JUL158600PE,GOLD,29JUL2027,15860000.000000,1,OPTFUT,NCO,50.000000,10,False
126552,GOLD27JUL158700CE,GOLD,29JUL2027,15870000.000000,1,OPTFUT,NCO,50.000000,10,False
126559,SILVERM27MAY282000CE,SILVERM,24MAY2027,28200000.000000,1,OPTFUT,NCO,50.000000,120,False
126562,SILVERM27MAY282250PE,SILVERM,24MAY2027,28225000.000000,1,OPTFUT,NCO,50.000000,120,False
126595,SILVERM27MAY284250PE,SILVERM,24MAY2027,28425000.000000,1,OPTFUT,NCO,50.000000,120,False
126597,SILVERM27JAN296000CE,SILVERM,21JAN2027,29600000.000000,1,OPTFUT,NCO,50.000000,120,False
126606,GOLD27JUL159500CE,GOLD,29JUL2027,15950000.000000,1,OPTFUT,NCO,50.000000,10,False
126608,SILVER27MAR214750PE,SILVER,02MAR2027,21475000.000000,1,OPTBLN,NCO,50.000000,20,False
126628,SILVERM27JAN297000PE,SILVERM,21JAN2027,29700000.000000,1,OPTFUT,NCO,50.000000,120,False
126631,SILVERM27JAN297500CE,SILVERM,21JAN2027,29750000.000000,1,OPTFUT,NCO,50.000000,120,False
126632,SILVERM27JAN297500PE,SILVERM,21JAN2027,29750000.000000,1,OPTFUT,NCO,50.000000,120,False
126636,SILVERM27JAN298000PE,SILVERM,21JAN2027,29800000.000000,1,OPTFUT,NCO,50.000000,120,False
126641,GOLDM26SEP150700PE,GOLDM,25SEP2026,15070000.000000,1,OPTFUT,NCO,50.000000,100,False
126647,GOLDM26SEP151000PE,GOLDM,25SEP2026,15100000.000000,1,OPTFUT,NCO,50.000000,100,False
126654,GOLDM26SEP151400CE,GOLDM,25SEP2026,15140000.000000,1,OPTFUT,NCO,50.000000,100,False
126648,GOLDM26SEP151100CE,GOLDM,25SEP2026,15110000.000000,1,OPTFUT,NCO,50.000000,100,False
126651,GOLDM26SEP151200PE,GOLDM,25SEP2026,15120000.000000,1,OPTFUT,NCO,50.000000,100,False
126652,GOLDM26SEP151300CE,GOLDM,25SEP2026,15130000.000000,1,OPTFUT,NCO,50.000000,100,False
126658,GOLDM26SEP151600CE,GOLDM,25SEP2026,15160000.000000,1,OPTFUT,NCO,50.000000,100,False
126670,GOLDM26SEP151700CE,GOLDM,25SEP2026,15170000.000000,1,OPTFUT,NCO,50.000000,100,False
126684,SILVERM27MAR261500CE,SILVERM,24MAR2027,26150000.000000,1,OPTFUT,NCO,50.000000,120,False
126701,SILVER26DEC219250CE,SILVER,01DEC2026,21925000.000000,1,OPTBLN,NCO,50.000000,20,False
126729,SILVER27MAR216500CE,SILVER,02MAR2027,21650000.000000,1,OPTBLN,NCO,50.000000,20,False
126743,SILVERM27JAN298500PE,SILVERM,21JAN2027,29850000.000000,1,OPTFUT,NCO,50.000000,120,False
126746,SILVERM27JAN299000CE,SILVERM,21JAN2027,29900000.000000,1,OPTFUT,NCO,50.000000,120,False
121615,COPPER26OCT1415CE,COPPER,23OCT2026,141500.000000,1,OPTFUT,NCO,1.000000,70,False
121626,GOLD27JAN168600CE,GOLD,29JAN2027,16860000.000000,1,OPTFUT,NCO,50.000000,10,False
121632,COPPER26OCT1420PE,COPPER,23OCT2026,142000.000000,1,OPTFUT,NCO,1.000000,70,False
121637,GOLD27JAN169200CE,GOLD,29JAN2027,16920000.000000,1,OPTFUT,NCO,50.000000,10,False
121639,GOLD27JAN169200PE,GOLD,29JAN2027,16920000.000000,1,OPTFUT,NCO,50.000000,10,False
121644,COPPER26SEP1235CE,COPPER,23SEP2026,123500.000000,1,OPTFUT,NCO,1.000000,70,False
121645,COPPER26SEP1235PE,COPPER,23SEP2026,123500.000000,1,OPTFUT,NCO,1.000000,70,False
121651,COPPER26SEP1240PE,COPPER,23SEP2026,124000.000000,1,OPTFUT,NCO,1.000000,70,False
121669,COPPER26OCT1250PE,COPPER,23OCT2026,125000.000000,1,OPTFUT,NCO,1.000000,70,False
121673,SILVER27MAR203500PE,SILVER,02MAR2027,20350000.000000,1,OPTBLN,NCO,50.000000,20,False
121680,SILVER26DEC259250PE,SILVER,01DEC2026,25925000.000000,1,OPTBLN,NCO,50.000000,20,False
121692,GOLD27JAN169700CE,GOLD,29JAN2027,16970000.000000,1,OPTFUT,NCO,50.000000,10,False
121696,GOLD27JAN169900CE,GOLD,29JAN2027,16990000.000000,1,OPTFUT,NCO,50.000000,10,False
121704,GOLD27JAN170300CE,GOLD,29JAN2027,17030000.000000,1,OPTFUT,NCO,50.000000,10,False
121709,GOLD27JAN170400PE,GOLD,29JAN2027,17040000.000000,1,OPTFUT,NCO,50.000000,10,False
121720,SILVER27MAR205250CE,SILVER,02MAR2027,20525000.000000,1,OPTBLN,NCO,50.000000,20,False
121722,SILVERM27JUN231750CE,SILVERM,23JUN2027,23175000.000000,1,OPTFUT,NCO,50.000000,120,False
121727,SILVER27MAR205500CE,SILVER,02MAR2027,20550000.000000,1,OPTBLN,NCO,50.000000,20,False
121730,ALUMINI27JANFUT,ALUMINI,29JAN2027,-1.000000,1,FUTBAS,NCO,5.000000,150,False
121739,SILVER27MAR206500PE,SILVER,02MAR2027,20650000.000000,1,OPTBLN,NCO,50.000000,20,False
121742,SILVER27MAR206750PE,SILVER,02MAR2027,20675000.000000,1,OPTBLN,NCO,50.000000,20,False
121761,SILVERM27JUN233000PE,SILVERM,23JUN2027,23300000.000000,1,OPTFUT,NCO,50.000000,120,False
121764,SILVER26DEC250000CE,SILVER,01DEC2026,25000000.000000,1,OPTBLN,NCO,50.000000,20,False
121765,SILVER26DEC250000PE,SILVER,01DEC2026,25000000.000000,1,OPTBLN,NCO,50.000000,20,False
121772,BRCRUDEOIL27AUGFUT,BRCRUDEOIL,31AUG2027,-1.000000,1,FUTENR,NCO,100.000000,100,False
121782,GOLD27JAN170700CE,GOLD,29JAN2027,17070000.000000,1,OPTFUT,NCO,50.000000,10,False
121807,GOLD27JAN171300CE,GOLD,29JAN2027,17130000.000000,1,OPTFUT,NCO,50.000000,10,False
121808,GOLD27JAN171300PE,GOLD,29JAN2027,17130000.000000,1,OPTFUT,NCO,50.000000,10,False
121809,GOLD27JAN171400CE,GOLD,29JAN2027,17140000.000000,1,OPTFUT,NCO,50.000000,10,False
121810,GOLD27JAN171400PE,GOLD,29JAN2027,17140000.000000,1,OPTFUT,NCO,50.000000,10,False
121815,SILVERM27AUG237000PE,SILVERM,24AUG2027,23700000.000000,1,OPTFUT,NCO,50.000000,120,False
121820,SILVER26DEC252000CE,SILVER,01DEC2026,25200000.000000,1,OPTBLN,NCO,50.000000,20,False
121826,CRUDEOIL26NOV5650PE,CRUDEOIL,10NOV2026,565000.000000,1,OPTFUT,NCO,10.000000,100,False
121833,SILVERM26DEC236250CE,SILVERM,23DEC2026,23625000.000000,1,OPTFUT,NCO,50.000000,120,False
121840,SILVERM27AUG238000PE,SILVERM,24AUG2027,23800000.000000,1,OPTFUT,NCO,50.000000,120,False
121846,SILVERM27AUG238500CE,SILVERM,24AUG2027,23850000.000000,1,OPTFUT,NCO,50.000000,120,False
121868,SILVERM27AUG239250PE,SILVERM,24AUG2027,23925000.000000,1,OPTFUT,NCO,50.000000,120,False
121871,SILVER26DEC253500CE,SILVER,01DEC2026,25350000.000000,1,OPTBLN,NCO,50.000000,20,False
121876,SILVER26DEC253500PE,SILVER,01DEC2026,25350000.000000,1,OPTBLN,NCO,50.000000,20,False
121881,COPPER26SEP1430CE,COPPER,23SEP2026,143000.000000,1,OPTFUT,NCO,1.000000,70,False
121902,SILVER26DEC254000CE,SILVER,01DEC2026,25400000.000000,1,OPTBLN,NCO,50.000000,20,False
121910,SILVERM27JAN250500PE,SILVERM,21JAN2027,25050000.000000,1,OPTFUT,NCO,50.000000,120,False
121918,SILVERM27JUN246000CE,SILVERM,23JUN2027,24600000.000000,1,OPTFUT,NCO,50.000000,120,False
121927,SILVERM27JUN246500PE,SILVERM,23JUN2027,24650000.000000,1,OPTFUT,NCO,50.000000,120,False
121928,SILVERM27JUN246750CE,SILVERM,23JUN2027,24675000.000000,1,OPTFUT,NCO,50.000000,120,False
121933,SILVERM27JUN247000CE,SILVERM,23JUN2027,24700000.000000,1,OPTFUT,NCO,50.000000,120,False
121939,SILVERM27JUN247750CE,SILVERM,23JUN2027,24775000.000000,1,OPTFUT,NCO,50.000000,120,False
121945,SILVER27MAR257250PE,SILVER,02MAR2027,25725000.000000,1,OPTBLN,NCO,50.000000,20,False
121971,SILVERM27JAN250750PE,SILVERM,21JAN2027,25075000.000000,1,OPTFUT,NCO,50.000000,120,False
121976,SILVERM27JUN250000CE,SILVERM,23JUN2027,25000000.000000,1,OPTFUT,NCO,50.000000,120,False
121988,SILVERM26SEP143250PE,SILVERM,23SEP2026,14325000.000000,1,OPTFUT,NCO,50.000000,120,False
121989,SILVERM26SEP143500CE,SILVERM,23SEP2026,14350000.000000,1,OPTFUT,NCO,50.000000,120,False
121995,NATURALGAS26SEP195CE,NATURALGAS,21SEP2026,19500.000000,1,OPTFUT,NCO,5.000000,48,False
121997,NATGASMINI27JANFUT,NATGASMINI,25JAN2027,-1.000000,1,FUTENR,NCO,10.000000,240,False
122014,SILVERM26SEP144250PE,SILVERM,23SEP2026,14425000.000000,1,OPTFUT,NCO,50.000000,120,False
122021,GOLD1G26NOVFUT,GOLD1G,05NOV2026,-1.000000,1,FUTBLN,NCO,100.000000,10000,False
122042,SILVER26DEC254750PE,SILVER,01DEC2026,25475000.000000,1,OPTBLN,NCO,50.000000,20,False
122046,SILVERM27MAY286250PE,SILVERM,24MAY2027,28625000.000000,1,OPTFUT,NCO,50.000000,120,False
122056,SILVER26DEC255750CE,SILVER,01DEC2026,25575000.000000,1,OPTBLN,NCO,50.000000,20,False
122058,COPPER26SEP1435PE,COPPER,23SEP2026,143500.000000,1,OPTFUT,NCO,1.000000,70,False
122062,GOLD27AUG160300CE,GOLD,27AUG2027,16030000.000000,1,OPTFUT,NCO,50.000000,10,False
122067,SILVER26DEC256000PE,SILVER,01DEC2026,25600000.000000,1,OPTBLN,NCO,50.000000,20,False
122073,SILVER26DEC256500PE,SILVER,01DEC2026,25650000.000000,1,OPTBLN,NCO,50.000000,20,False
122099,GOLD27AUG160800PE,GOLD,27AUG2027,16080000.000000,1,OPTFUT,NCO,50.000000,10,False
122102,SILVERM26NOV168250CE,SILVERM,23NOV2026,16825000.000000,1,OPTFUT,NCO,50.000000,120,False
122108,SILVERM26NOV168250PE,SILVERM,23NOV2026,16825000.000000,1,OPTFUT,NCO,50.000000,120,False
122118,SILVERM26NOV169250CE,SILVERM,23NOV2026,16925000.000000,1,OPTFUT,NCO,50.000000,120,False
122133,SILVERM26NOV170500CE,SILVERM,23NOV2026,17050000.000000,1,OPTFUT,NCO,50.000000,120,False
122141,SILVER26DEC257750CE,SILVER,01DEC2026,25775000.000000,1,OPTBLN,NCO,50.000000,20,False
122142,SILVERM26NOV171000CE,SILVERM,23NOV2026,17100000.000000,1,OPTFUT,NCO,50.000000,120,False
122151,SILVER26DEC258250PE,SILVER,01DEC2026,25825000.000000,1,OPTBLN,NCO,50.000000,20,False
122163,CRUDEOIL26OCT5400CE,CRUDEOIL,08OCT2026,540000.000000,1,OPTFUT,NCO,10.000000,100,False
122165,NATURALGAS26NOVFUT,NATURALGAS,24NOV2026,-1.000000,1,FUTENR,NCO,10.000000,48,False
122166,SILVER26DEC264000CE,SILVER,01DEC2026,26400000.000000,1,OPTBLN,NCO,50.000000,20,False
122172,GOLD27JUN152300PE,GOLD,28JUN2027,15230000.000000,1,OPTFUT,NCO,50.000000,10,False
122177,GOLD27JUN152400PE,GOLD,28JUN2027,15240000.000000,1,OPTFUT,NCO,50.000000,10,False
122178,GOLD27JUN152500CE,GOLD,28JUN2027,15250000.000000,1,OPTFUT,NCO,50.000000,10,False
122207,SILVERM26NOV173500CE,SILVERM,23NOV2026,17350000.000000,1,OPTFUT,NCO,50.000000,120,False
122210,SILVERM26NOV173750PE,SILVERM,23NOV2026,17375000.000000,1,OPTFUT,NCO,50.000000,120,False
122220,SILVERM26NOV174500PE,SILVERM,23NOV2026,17450000.000000,1,OPTFUT,NCO,50.000000,120,False
122223,SILVERM26NOV175000CE,SILVERM,23NOV2026,17500000.000000,1,OPTFUT,NCO,50.000000,120,False
122230,GOLD27JUN152700CE,GOLD,28JUN2027,15270000.000000,1,OPTFUT,NCO,50.000000,10,False
122256,GOLDM26NOV151400CE,GOLDM,27NOV2026,15140000.000000,1,OPTFUT,NCO,50.000000,100,False
122260,SILVERM27APR248250CE,SILVERM,23APR2027,24825000.000000,1,OPTFUT,NCO,50.000000,120,False
122286,NATURALGAS26NOV260CE,NATURALGAS,18NOV2026,26000.000000,1,OPTFUT,NCO,5.000000,48,False
122287,NATURALGAS26NOV260PE,NATURALGAS,18NOV2026,26000.000000,1,OPTFUT,NCO,5.000000,48,False
122325,SILVERM26NOV177500CE,SILVERM,23NOV2026,17750000.000000,1,OPTFUT,NCO,50.000000,120,False
122339,SILVERM27APR253500PE,SILVERM,23APR2027,25350000.000000,1,OPTFUT,NCO,50.000000,120,False
122344,GOLD27AUG161400PE,GOLD,27AUG2027,16140000.000000,1,OPTFUT,NCO,50.000000,10,False
122345,SILVER26DEC265750CE,SILVER,01DEC2026,26575000.000000,1,OPTBLN,NCO,50.000000,20,False
122358,LEAD26DECFUT,LEAD,31DEC2026,-1.000000,1,FUTBAS,NCO,5.000000,20,False
122360,SILVER26DEC266500CE,SILVER,01DEC2026,26650000.000000,1,OPTBLN,NCO,50.000000,20,False
122372,SILVER26DEC267500CE,SILVER,01DEC2026,26750000.000000,1,OPTBLN,NCO,50.000000,20,False
122377,SILVERM26OCT192500CE,SILVERM,23OCT2026,19250000.000000,1,OPTFUT,NCO,50.000000,120,False
122395,SILVER26DEC268000CE,SILVER,01DEC2026,26800000.000000,1,OPTBLN,NCO,50.000000,20,False
122400,SILVER26DEC268500PE,SILVER,01DEC2026,26850000.000000,1,OPTBLN,NCO,50.000000,20,False
122415,GOLD27AUG162100PE,GOLD,27AUG2027,16210000.000000,1,OPTFUT,NCO,50.000000,10,False
122416,LEADMINI26DECFUT,LEADMINI,31DEC2026,-1.000000,1,FUTBAS,NCO,5.000000,100,False
122427,SILVERM26NOV193500PE,SILVERM,23NOV2026,19350000.000000,1,OPTFUT,NCO,50.000000,120,False
122431,SILVERM26NOV194000PE,SILVERM,23NOV2026,19400000.000000,1,OPTFUT,NCO,50.000000,120,False
122437,GOLD27JUN152800PE,GOLD,28JUN2027,15280000.000000,1,OPTFUT,NCO,50.000000,10,False
122471,GOLD27AUG162200CE,GOLD,27AUG2027,16220000.000000,1,OPTFUT,NCO,50.000000,10,False
122475,SILVER26DEC269250CE,SILVER,01DEC2026,26925000.000000,1,OPTBLN,NCO,50.000000,20,False
122476,NATURALGAS26SEP185CE,NATURALGAS,21SEP2026,18500.000000,1,OPTFUT,NCO,5.000000,48,False
122478,SILVERM26NOV180750PE,SILVERM,23NOV2026,18075000.000000,1,OPTFUT,NCO,50.000000,120,False
122486,GOLD27JUN153000PE,GOLD,28JUN2027,15300000.000000,1,OPTFUT,NCO,50.000000,10,False
122487,GOLD27JUN153100CE,GOLD,28JUN2027,15310000.000000,1,OPTFUT,NCO,50.000000,10,False
122490,GOLD27AUG162700CE,GOLD,27AUG2027,16270000.000000,1,OPTFUT,NCO,50.000000,10,False
122498,GOLD27AUG162900CE,GOLD,27AUG2027,16290000.000000,1,OPTFUT,NCO,50.000000,10,False
122504,GOLD27AUG163100PE,GOLD,27AUG2027,16310000.000000,1,OPTFUT,NCO,50.000000,10,False
122505,GOLD27AUG163200CE,GOLD,27AUG2027,16320000.000000,1,OPTFUT,NCO,50.000000,10,False
122506,GOLD27AUG163200PE,GOLD,27AUG2027,16320000.000000,1,OPTFUT,NCO,50.000000,10,False
122525,GOLD27JUN153800CE,GOLD,28JUN2027,15380000.000000,1,OPTFUT,NCO,50.000000,10,False
122546,COPPER26SEP1290CE,COPPER,23SEP2026,129000.000000,1,OPTFUT,NCO,1.000000,70,False
122547,GOLD26OCT137500CE,GOLD,29OCT2026,13750000.000000,1,OPTFUT,NCO,50.000000,10,False
122563,GOLD27JUN162600PE,GOLD,28JUN2027,16260000.000000,1,OPTFUT,NCO,50.000000,10,False
122573,SILVERM27MAY288250PE,SILVERM,24MAY2027,28825000.000000,1,OPTFUT,NCO,50.000000,120,False
122593,GOLD27MAY167000CE,GOLD,28MAY2027,16700000.000000,1,OPTFUT,NCO,50.000000,10,False
122610,GOLD26OCT138600PE,GOLD,29OCT2026,13860000.000000,1,OPTFUT,NCO,50.000000,10,False
122619,GOLD27JUN162800PE,GOLD,28JUN2027,16280000.000000,1,OPTFUT,NCO,50.000000,10,False
122623,GOLD27JUN154100PE,GOLD,28JUN2027,15410000.000000,1,OPTFUT,NCO,50.000000,10,False
122639,SILVERM27MAY272500PE,SILVERM,24MAY2027,27250000.000000,1,OPTFUT,NCO,50.000000,120,False
122643,SILVERM27MAY272750PE,SILVERM,24MAY2027,27275000.000000,1,OPTFUT,NCO,50.000000,120,False
122649,GOLD27AUG164000CE,GOLD,27AUG2027,16400000.000000,1,OPTFUT,NCO,50.000000,10,False
122702,CRUDEOIL26OCT11000PE,CRUDEOIL,08OCT2026,1100000.000000,1,OPTFUT,NCO,10.000000,100,False
122653,SILVERM27JAN242750CE,SILVERM,21JAN2027,24275000.000000,1,OPTFUT,NCO,50.000000,120,False
122659,SILVERM27JAN243500CE,SILVERM,21JAN2027,24350000.000000,1,OPTFUT,NCO,50.000000,120,False
122686,NATURALGAS26NOV265CE,NATURALGAS,18NOV2026,26500.000000,1,OPTFUT,NCO,5.000000,48,False
122712,BRCRUDEOIL27JUNFUT,BRCRUDEOIL,30JUN2027,-1.000000,1,FUTENR,NCO,100.000000,100,False
122718,GOLD27JUN154500PE,GOLD,28JUN2027,15450000.000000,1,OPTFUT,NCO,50.000000,10,False
122719,GOLD27JUN154600CE,GOLD,28JUN2027,15460000.000000,1,OPTFUT,NCO,50.000000,10,False
122737,GOLD27MAY168100CE,GOLD,28MAY2027,16810000.000000,1,OPTFUT,NCO,50.000000,10,False
122742,LEAD26OCTFUT,LEAD,30OCT2026,-1.000000,1,FUTBAS,NCO,5.000000,20,False
122748,SILVERM27JAN348500PE,SILVERM,21JAN2027,34850000.000000,1,OPTFUT,NCO,50.000000,120,False
122751,GOLD27JUN154900PE,GOLD,28JUN2027,15490000.000000,1,OPTFUT,NCO,50.000000,10,False
122762,CRUDEOIL26OCT11350CE,CRUDEOIL,08OCT2026,1135000.000000,1,OPTFUT,NCO,10.000000,100,False
122763,CRUDEOIL26OCT11350PE,CRUDEOIL,08OCT2026,1135000.000000,1,OPTFUT,NCO,10.000000,100,False
122782,GOLD27AUG164200PE,GOLD,27AUG2027,16420000.000000,1,OPTFUT,NCO,50.000000,10,False
122789,GOLD27AUG164400CE,GOLD,27AUG2027,16440000.000000,1,OPTFUT,NCO,50.000000,10,False
122802,SILVERM27JAN351000PE,SILVERM,21JAN2027,35100000.000000,1,OPTFUT,NCO,50.000000,120,False
122805,SILVERM27JAN351500CE,SILVERM,21JAN2027,35150000.000000,1,OPTFUT,NCO,50.000000,120,False
122806,SILVERM27JAN351500PE,SILVERM,21JAN2027,35150000.000000,1,OPTFUT,NCO,50.000000,120,False
122810,SILVERM27JAN351750PE,SILVERM,21JAN2027,35175000.000000,1,OPTFUT,NCO,50.000000,120,False
122814,SILVERM27JAN352250PE,SILVERM,21JAN2027,35225000.000000,1,OPTFUT,NCO,50.000000,120,False
122821,SILVERM27JAN353250CE,SILVERM,21JAN2027,35325000.000000,1,OPTFUT,NCO,50.000000,120,False
122830,SILVERM27JAN354250PE,SILVERM,21JAN2027,35425000.000000,1,OPTFUT,NCO,50.000000,120,False
122835,COPPER26DEC1385CE,COPPER,23DEC2026,138500.000000,1,OPTFUT,NCO,1.000000,70,False
122839,SILVERM27MAR233250CE,SILVERM,24MAR2027,23325000.000000,1,OPTFUT,NCO,50.000000,120,False
122847,GOLD27AUG164600PE,GOLD,27AUG2027,16460000.000000,1,OPTFUT,NCO,50.000000,10,False
122850,COPPER26DEC1390PE,COPPER,23DEC2026,139000.000000,1,OPTFUT,NCO,1.000000,70,False
122861,SILVERM27JAN354500CE,SILVERM,21JAN2027,35450000.000000,1,OPTFUT,NCO,50.000000,120,False
122863,SILVERM26OCT180000CE,SILVERM,23OCT2026,18000000.000000,1,OPTFUT,NCO,50.000000,120,False
122879,GOLD27JUN155300CE,GOLD,28JUN2027,15530000.000000,1,OPTFUT,NCO,50.000000,10,False
122889,GOLDM26NOV152900PE,GOLDM,27NOV2026,15290000.000000,1,OPTFUT,NCO,50.000000,100,False
122906,SILVERM27JAN247500PE,SILVERM,21JAN2027,24750000.000000,1,OPTFUT,NCO,50.000000,120,False
122913,GOLD26SEP163200PE,GOLD,25SEP2026,16320000.000000,1,OPTFUT,NCO,50.000000,10,False
122915,GOLD26SEP163300CE,GOLD,25SEP2026,16330000.000000,1,OPTFUT,NCO,50.000000,10,False
122916,GOLD26SEP163300PE,GOLD,25SEP2026,16330000.000000,1,OPTFUT,NCO,50.000000,10,False
122917,GOLDGUINEA26SEPFUT,GOLDGUINEA,30SEP2026,-1.000000,1,FUTBLN,NCO,100.000000,1250,False
122921,GOLD27JUN156100CE,GOLD,28JUN2027,15610000.000000,1,OPTFUT,NCO,50.000000,10,False
122942,GOLDM26NOV153000PE,GOLDM,27NOV2026,15300000.000000,1,OPTFUT,NCO,50.000000,100,False
122944,SILVER27MAR208000PE,SILVER,02MAR2027,20800000.000000,1,OPTBLN,NCO,50.000000,20,False
122945,SILVERM26OCT182000CE,SILVERM,23OCT2026,18200000.000000,1,OPTFUT,NCO,50.000000,120,False
122947,SILVER27MAR208250CE,SILVER,02MAR2027,20825000.000000,1,OPTBLN,NCO,50.000000,20,False
122953,COPPER26NOV1435PE,COPPER,23NOV2026,143500.000000,1,OPTFUT,NCO,1.000000,70,False
122959,NATURALGAS26OCT195PE,NATURALGAS,21OCT2026,19500.000000,1,OPTFUT,NCO,5.000000,48,False
122968,GOLDM26NOV153200CE,GOLDM,27NOV2026,15320000.000000,1,OPTFUT,NCO,50.000000,100,False
122974,NATURALGAS26OCT205PE,NATURALGAS,21OCT2026,20500.000000,1,OPTFUT,NCO,5.000000,48,False
122977,GOLD27JUN156400CE,GOLD,28JUN2027,15640000.000000,1,OPTFUT,NCO,50.000000,10,False
122982,GOLD26OCT164300PE,GOLD,29OCT2026,16430000.000000,1,OPTFUT,NCO,50.000000,10,False
123002,SILVERM26OCT152500PE,SILVERM,23OCT2026,15250000.000000,1,OPTFUT,NCO,50.000000,120,False
123013,NATURALGAS26OCT225PE,NATURALGAS,21OCT2026,22500.000000,1,OPTFUT,NCO,5.000000,48,False
123053,NATGASIND27FEBFUT,NATGASIND,26FEB2027,-1.000000,1,FUTENR,NCO,100.000000,50,False
123059,SILVER10026SEPFUT,SILVER100,30SEP2026,-1.000000,1,FUTBLN,NCO,100.000000,6000,False
123065,SILVERM26OCT185500CE,SILVERM,23OCT2026,18550000.000000,1,OPTFUT,NCO,50.000000,120,False
123074,NATURALGAS26OCT260CE,NATURALGAS,21OCT2026,26000.000000,1,OPTFUT,NCO,5.000000,48,False
123081,SILVERM27JAN355250PE,SILVERM,21JAN2027,35525000.000000,1,OPTFUT,NCO,50.000000,120,False
123087,SILVERM27MAYFUT,SILVERM,31MAY2027,-1.000000,1,FUTBLN,NCO,100.000000,120,False
123109,SILVERM26OCT156000CE,SILVERM,23OCT2026,15600000.000000,1,OPTFUT,NCO,50.000000,120,False
123114,GOLD26NOV164900PE,GOLD,27NOV2026,16490000.000000,1,OPTFUT,NCO,50.000000,10,False
123116,ELECMBL26SEPFUT,ELECMBL,29SEP2026,-1.000000,1,FUTENR,NCO,100.000000,50,False
123133,SILVERM26OCT157250CE,SILVERM,23OCT2026,15725000.000000,1,OPTFUT,NCO,50.000000,120,False
123140,SILVERM27JAN356000PE,SILVERM,21JAN2027,35600000.000000,1,OPTFUT,NCO,50.000000,120,False
123173,SILVERM27JUN228500PE,SILVERM,23JUN2027,22850000.000000,1,OPTFUT,NCO,50.000000,120,False
123194,SILVERM27MAY271000PE,SILVERM,24MAY2027,27100000.000000,1,OPTFUT,NCO,50.000000,120,False
123199,GOLD27JUNFUT,GOLD,04JUN2027,-1.000000,1,FUTBLN,NCO,100.000000,10,False
123204,GOLD27MAY161100CE,GOLD,28MAY2027,16110000.000000,1,OPTFUT,NCO,50.000000,10,False
123206,GOLD27MAY161200CE,GOLD,28MAY2027,16120000.000000,1,OPTFUT,NCO,50.000000,10,False
123211,GOLD27MAY161400PE,GOLD,28MAY2027,16140000.000000,1,OPTFUT,NCO,50.000000,10,False
123215,GOLD27MAY161600PE,GOLD,28MAY2027,16160000.000000,1,OPTFUT,NCO,50.000000,10,False
123218,GOLD27MAY161800CE,GOLD,28MAY2027,16180000.000000,1,OPTFUT,NCO,50.000000,10,False
123224,GOLD27MAY162100CE,GOLD,28MAY2027,16210000.000000,1,OPTFUT,NCO,50.000000,10,False
123236,SILVERM27JAN357250CE,SILVERM,21JAN2027,35725000.000000,1,OPTFUT,NCO,50.000000,120,False
123239,GOLD27MAY162700PE,GOLD,28MAY2027,16270000.000000,1,OPTFUT,NCO,50.000000,10,False
123243,GOLD27JUN156800PE,GOLD,28JUN2027,15680000.000000,1,OPTFUT,NCO,50.000000,10,False
123246,GOLD27JUN157000CE,GOLD,28JUN2027,15700000.000000,1,OPTFUT,NCO,50.000000,10,False
123260,GOLD27MAY163000CE,GOLD,28MAY2027,16300000.000000,1,OPTFUT,NCO,50.000000,10,False
123286,GOLD27MAY164200CE,GOLD,28MAY2027,16420000.000000,1,OPTFUT,NCO,50.000000,10,False
123301,COPPER26SEP1375CE,COPPER,23SEP2026,137500.000000,1,OPTFUT,NCO,1.000000,70,False
123305,NATURALGAS26OCT300PE,NATURALGAS,21OCT2026,30000.000000,1,OPTFUT,NCO,5.000000,48,False
123326,GOLDM26NOV154400PE,GOLDM,27NOV2026,15440000.000000,1,OPTFUT,NCO,50.000000,100,False
123336,GOLD27MAY164500PE,GOLD,28MAY2027,16450000.000000,1,OPTFUT,NCO,50.000000,10,False
123341,NATURALGAS26OCT315CE,NATURALGAS,21OCT2026,31500.000000,1,OPTFUT,NCO,5.000000,48,False
123356,GOLD27MAY164600PE,GOLD,28MAY2027,16460000.000000,1,OPTFUT,NCO,50.000000,10,False
123367,COPPER26NOV1345PE,COPPER,23NOV2026,134500.000000,1,OPTFUT,NCO,1.000000,70,False
123391,COPPER26NOV1405PE,COPPER,23NOV2026,140500.000000,1,OPTFUT,NCO,1.000000,70,False
123394,SILVERM27JUL225250CE,SILVERM,23JUL2027,22525000.000000,1,OPTFUT,NCO,50.000000,120,False
123395,GOLD27MAY164700CE,GOLD,28MAY2027,16470000.000000,1,OPTFUT,NCO,50.000000,10,False
123399,GOLD27MAY164900CE,GOLD,28MAY2027,16490000.000000,1,OPTFUT,NCO,50.000000,10,False
123403,GOLD27MAY165100CE,GOLD,28MAY2027,16510000.000000,1,OPTFUT,NCO,50.000000,10,False
123420,SILVERM27APR276750PE,SILVERM,23APR2027,27675000.000000,1,OPTFUT,NCO,50.000000,120,False
123431,SILVERM27APR254000CE,SILVERM,23APR2027,25400000.000000,1,OPTFUT,NCO,50.000000,120,False
123449,GOLD26DEC165500PE,GOLD,29DEC2026,16550000.000000,1,OPTFUT,NCO,50.000000,10,False
123452,COPPER26SEP1380PE,COPPER,23SEP2026,138000.000000,1,OPTFUT,NCO,1.000000,70,False
123456,COPPER26SEP1390PE,COPPER,23SEP2026,139000.000000,1,OPTFUT,NCO,1.000000,70,False
123478,GOLDM26NOV154900PE,GOLDM,27NOV2026,15490000.000000,1,OPTFUT,NCO,50.000000,100,False
123482,SILVERM27JAN357500CE,SILVERM,21JAN2027,35750000.000000,1,OPTFUT,NCO,50.000000,120,False
123499,GOLD27MAY165200PE,GOLD,28MAY2027,16520000.000000,1,OPTFUT,NCO,50.000000,10,False
123515,GOLD27MAY165600CE,GOLD,28MAY2027,16560000.000000,1,OPTFUT,NCO,50.000000,10,False
123524,SILVERM27JUL229500CE,SILVERM,23JUL2027,22950000.000000,1,OPTFUT,NCO,50.000000,120,False
123531,GOLD27MAY166000CE,GOLD,28MAY2027,16600000.000000,1,OPTFUT,NCO,50.000000,10,False
123538,SILVERM26OCT186250PE,SILVERM,23OCT2026,18625000.000000,1,OPTFUT,NCO,50.000000,120,False
123547,SILVERM26OCT187250CE,SILVERM,23OCT2026,18725000.000000,1,OPTFUT,NCO,50.000000,120,False
123551,SILVERM26OCT187750CE,SILVERM,23OCT2026,18775000.000000,1,OPTFUT,NCO,50.000000,120,False
123555,SILVERM26OCT188250CE,SILVERM,23OCT2026,18825000.000000,1,OPTFUT,NCO,50.000000,120,False
123578,SILVERM26OCT191000PE,SILVERM,23OCT2026,19100000.000000,1,OPTFUT,NCO,50.000000,120,False
123579,SILVERM26OCT191250CE,SILVERM,23OCT2026,19125000.000000,1,OPTFUT,NCO,50.000000,120,False
123593,SILVERM26OCT191750PE,SILVERM,23OCT2026,19175000.000000,1,OPTFUT,NCO,50.000000,120,False
123598,SILVERM26NOV181000PE,SILVERM,23NOV2026,18100000.000000,1,OPTFUT,NCO,50.000000,120,False
123599,COPPER26DEC1420PE,COPPER,23DEC2026,142000.000000,1,OPTFUT,NCO,1.000000,70,False
123602,SILVER26DEC201000CE,SILVER,01DEC2026,20100000.000000,1,OPTBLN,NCO,50.000000,20,False
123624,SILVERM27JUL231250PE,SILVERM,23JUL2027,23125000.000000,1,OPTFUT,NCO,50.000000,120,False
123625,SILVERM27JUL231500CE,SILVERM,23JUL2027,23150000.000000,1,OPTFUT,NCO,50.000000,120,False
123649,SILVERM26NOV183000CE,SILVERM,23NOV2026,18300000.000000,1,OPTFUT,NCO,50.000000,120,False
123653,SILVERM26NOV183500CE,SILVERM,23NOV2026,18350000.000000,1,OPTFUT,NCO,50.000000,120,False
123705,SILVERM26NOV187250CE,SILVERM,23NOV2026,18725000.000000,1,OPTFUT,NCO,50.000000,120,False
123707,SILVERM26NOV187500CE,SILVERM,23NOV2026,18750000.000000,1,OPTFUT,NCO,50.000000,120,False
123721,SILVERM26NOV189250CE,SILVERM,23NOV2026,18925000.000000,1,OPTFUT,NCO,50.000000,120,False
123731,SILVERM26NOV190500CE,SILVERM,23NOV2026,19050000.000000,1,OPTFUT,NCO,50.000000,120,False
123760,COPPER26DEC1445PE,COPPER,23DEC2026,144500.000000,1,OPTFUT,NCO,1.000000,70,False
123805,SILVERM27AUG246250PE,SILVERM,24AUG2027,24625000.000000,1,OPTFUT,NCO,50.000000,120,False
123808,SILVERM27AUG246750CE,SILVERM,24AUG2027,24675000.000000,1,OPTFUT,NCO,50.000000,120,False
123814,SILVERM27JAN360000PE,SILVERM,21JAN2027,36000000.000000,1,OPTFUT,NCO,50.000000,120,False
123820,SILVERM27JAN360750PE,SILVERM,21JAN2027,36075000.000000,1,OPTFUT,NCO,50.000000,120,False
123842,COPPER26SEP1405PE,COPPER,23SEP2026,140500.000000,1,OPTFUT,NCO,1.000000,70,False
123843,SILVERM27AUG247000PE,SILVERM,24AUG2027,24700000.000000,1,OPTFUT,NCO,50.000000,120,False
123877,SILVERM26OCT161500PE,SILVERM,23OCT2026,16150000.000000,1,OPTFUT,NCO,50.000000,120,False
123882,SILVERM27AUG248750CE,SILVERM,24AUG2027,24875000.000000,1,OPTFUT,NCO,50.000000,120,False
123895,SILVERM27APR256000CE,SILVERM,23APR2027,25600000.000000,1,OPTFUT,NCO,50.000000,120,False
123896,SILVERM27APR256000PE,SILVERM,23APR2027,25600000.000000,1,OPTFUT,NCO,50.000000,120,False
123919,GOLDM26SEP147500PE,GOLDM,25SEP2026,14750000.000000,1,OPTFUT,NCO,50.000000,100,False
123940,SILVERM27APR257000CE,SILVERM,23APR2027,25700000.000000,1,OPTFUT,NCO,50.000000,120,False
123953,SILVERM27APR258000PE,SILVERM,23APR2027,25800000.000000,1,OPTFUT,NCO,50.000000,120,False
123966,COPPER26SEP1415PE,COPPER,23SEP2026,141500.000000,1,OPTFUT,NCO,1.000000,70,False
123968,COPPER26OCT1380PE,COPPER,23OCT2026,138000.000000,1,OPTFUT,NCO,1.000000,70,False
123984,GOLD27JUL162500PE,GOLD,29JUL2027,16250000.000000,1,OPTFUT,NCO,50.000000,10,False
123988,SILVERM27APR259000CE,SILVERM,23APR2027,25900000.000000,1,OPTFUT,NCO,50.000000,120,False
123997,SILVERM27APR259750CE,SILVERM,23APR2027,25975000.000000,1,OPTFUT,NCO,50.000000,120,False
124018,GOLD27MAR146900CE,GOLD,29MAR2027,14690000.000000,1,OPTFUT,NCO,50.000000,10,False
124021,GOLD27MAR147000PE,GOLD,29MAR2027,14700000.000000,1,OPTFUT,NCO,50.000000,10,False
124025,GOLD27MAR147200PE,GOLD,29MAR2027,14720000.000000,1,OPTFUT,NCO,50.000000,10,False
124026,GOLD27MAR147300CE,GOLD,29MAR2027,14730000.000000,1,OPTFUT,NCO,50.000000,10,False
124037,SILVERM27FEB279750CE,SILVERM,19FEB2027,27975000.000000,1,OPTFUT,NCO,50.000000,120,False
124042,SILVERM27FEB280250PE,SILVERM,19FEB2027,28025000.000000,1,OPTFUT,NCO,50.000000,120,False
124044,SILVERM27FEB280500PE,SILVERM,19FEB2027,28050000.000000,1,OPTFUT,NCO,50.000000,120,False
124054,SILVERM27FEB281750PE,SILVERM,19FEB2027,28175000.000000,1,OPTFUT,NCO,50.000000,120,False
124055,SILVERM27FEB282000CE,SILVERM,19FEB2027,28200000.000000,1,OPTFUT,NCO,50.000000,120,False
124070,SILVERM27APR260750CE,SILVERM,23APR2027,26075000.000000,1,OPTFUT,NCO,50.000000,120,False
124085,NATURALGAS26NOV295PE,NATURALGAS,18NOV2026,29500.000000,1,OPTFUT,NCO,5.000000,48,False
124086,NATURALGAS26NOV300CE,NATURALGAS,18NOV2026,30000.000000,1,OPTFUT,NCO,5.000000,48,False
124101,GOLD26OCT145900PE,GOLD,29OCT2026,14590000.000000,1,OPTFUT,NCO,50.000000,10,False
124128,SILVERM27FEB283750CE,SILVERM,19FEB2027,28375000.000000,1,OPTFUT,NCO,50.000000,120,False
124136,SILVERM27MAY273250CE,SILVERM,24MAY2027,27325000.000000,1,OPTFUT,NCO,50.000000,120,False
124140,SILVERM27MAY273500PE,SILVERM,24MAY2027,27350000.000000,1,OPTFUT,NCO,50.000000,120,False
124142,SILVERM27APR248000PE,SILVERM,23APR2027,24800000.000000,1,OPTFUT,NCO,50.000000,120,False
124154,SILVERM27FEB285250CE,SILVERM,19FEB2027,28525000.000000,1,OPTFUT,NCO,50.000000,120,False
124157,CRUDEOIL26NOV11300PE,CRUDEOIL,10NOV2026,1130000.000000,1,OPTFUT,NCO,10.000000,100,False
124221,GOLD27APR154900PE,GOLD,28APR2027,15490000.000000,1,OPTFUT,NCO,50.000000,10,False
124258,GOLD27APR156200CE,GOLD,28APR2027,15620000.000000,1,OPTFUT,NCO,50.000000,10,False
124263,GOLD26DEC165700CE,GOLD,29DEC2026,16570000.000000,1,OPTFUT,NCO,50.000000,10,False
124264,GOLD26DEC165700PE,GOLD,29DEC2026,16570000.000000,1,OPTFUT,NCO,50.000000,10,False
124277,GOLD27MAR148000CE,GOLD,29MAR2027,14800000.000000,1,OPTFUT,NCO,50.000000,10,False
124282,SILVERM27FEB287250PE,SILVERM,19FEB2027,28725000.000000,1,OPTFUT,NCO,50.000000,120,False
124305,GOLD27MAR148100CE,GOLD,29MAR2027,14810000.000000,1,OPTFUT,NCO,50.000000,10,False
124308,GOLD27MAR148200PE,GOLD,29MAR2027,14820000.000000,1,OPTFUT,NCO,50.000000,10,False
124315,SILVERM27FEB287500CE,SILVERM,19FEB2027,28750000.000000,1,OPTFUT,NCO,50.000000,120,False
124332,GOLD27MAR148500CE,GOLD,29MAR2027,14850000.000000,1,OPTFUT,NCO,50.000000,10,False
124349,SILVERM27FEB289750CE,SILVERM,19FEB2027,28975000.000000,1,OPTFUT,NCO,50.000000,120,False
124361,GOLD27APR156900CE,GOLD,28APR2027,15690000.000000,1,OPTFUT,NCO,50.000000,10,False
124386,GOLD26DEC165900CE,GOLD,29DEC2026,16590000.000000,1,OPTFUT,NCO,50.000000,10,False
124388,GOLD26DEC166000CE,GOLD,29DEC2026,16600000.000000,1,OPTFUT,NCO,50.000000,10,False
124391,SILVERM27MAY274750CE,SILVERM,24MAY2027,27475000.000000,1,OPTFUT,NCO,50.000000,120,False
124448,GOLD27APR157800CE,GOLD,28APR2027,15780000.000000,1,OPTFUT,NCO,50.000000,10,False
124422,GOLD27MAR148900PE,GOLD,29MAR2027,14890000.000000,1,OPTFUT,NCO,50.000000,10,False
124437,SILVERM27MAY275250CE,SILVERM,24MAY2027,27525000.000000,1,OPTFUT,NCO,50.000000,120,False
124438,SILVERM27MAY275250PE,SILVERM,24MAY2027,27525000.000000,1,OPTFUT,NCO,50.000000,120,False
124457,SILVERM27MAR243250PE,SILVERM,24MAR2027,24325000.000000,1,OPTFUT,NCO,50.000000,120,False
124459,SILVERM27MAR243500PE,SILVERM,24MAR2027,24350000.000000,1,OPTFUT,NCO,50.000000,120,False
124461,GOLD26NOV134900PE,GOLD,27NOV2026,13490000.000000,1,OPTFUT,NCO,50.000000,10,False
124475,SILVERM27MAY276000CE,SILVERM,24MAY2027,27600000.000000,1,OPTFUT,NCO,50.000000,120,False
124480,SILVERM27JUL236750CE,SILVERM,23JUL2027,23675000.000000,1,OPTFUT,NCO,50.000000,120,False
124510,ZINC26NOV387.5CE,ZINC,23NOV2026,38750.000000,1,OPTFUT,NCO,1.000000,20,False
124530,ZINC26NOV412.5CE,ZINC,23NOV2026,41250.000000,1,OPTFUT,NCO,1.000000,20,False
124542,GOLD27APR148100PE,GOLD,28APR2027,14810000.000000,1,OPTFUT,NCO,50.000000,10,False
124543,GOLD27APR148200CE,GOLD,28APR2027,14820000.000000,1,OPTFUT,NCO,50.000000,10,False
124555,ZINC26OCT417.5CE,ZINC,23OCT2026,41750.000000,1,OPTFUT,NCO,1.000000,20,False
124557,ZINC26NOV415CE,ZINC,23NOV2026,41500.000000,1,OPTFUT,NCO,1.000000,20,False
124560,ZINC26NOV417.5PE,ZINC,23NOV2026,41750.000000,1,OPTFUT,NCO,1.000000,20,False
124568,CRUDEOIL26OCT4850CE,CRUDEOIL,08OCT2026,485000.000000,1,OPTFUT,NCO,10.000000,100,False
124577,GOLD26NOV135400PE,GOLD,27NOV2026,13540000.000000,1,OPTFUT,NCO,50.000000,10,False
124582,GOLD26OCT125300PE,GOLD,29OCT2026,12530000.000000,1,OPTFUT,NCO,50.000000,10,False
124597,SILVER26DEC205250CE,SILVER,01DEC2026,20525000.000000,1,OPTBLN,NCO,50.000000,20,False
124610,GOLDM26NOVFUT,GOLDM,05NOV2026,-1.000000,1,FUTBLN,NCO,100.000000,100,False
124619,GOLD26NOV135900PE,GOLD,27NOV2026,13590000.000000,1,OPTFUT,NCO,50.000000,10,False
124621,GOLD26NOV136000PE,GOLD,27NOV2026,13600000.000000,1,OPTFUT,NCO,50.000000,10,False
124626,CRUDEOIL26OCT4700PE,CRUDEOIL,08OCT2026,470000.000000,1,OPTFUT,NCO,10.000000,100,False
124628,CRUDEOIL26OCT4750PE,CRUDEOIL,08OCT2026,475000.000000,1,OPTFUT,NCO,10.000000,100,False
124657,GOLD27JUL151400PE,GOLD,29JUL2027,15140000.000000,1,OPTFUT,NCO,50.000000,10,False
124682,SILVERM27AUG249500CE,SILVERM,24AUG2027,24950000.000000,1,OPTFUT,NCO,50.000000,120,False
124693,GOLD27JUL152800PE,GOLD,29JUL2027,15280000.000000,1,OPTFUT,NCO,50.000000,10,False
124713,SILVERM27AUG250500CE,SILVERM,24AUG2027,25050000.000000,1,OPTFUT,NCO,50.000000,120,False
124715,GOLD26OCT125500PE,GOLD,29OCT2026,12550000.000000,1,OPTFUT,NCO,50.000000,10,False
124716,GOLD26OCT125600CE,GOLD,29OCT2026,12560000.000000,1,OPTFUT,NCO,50.000000,10,False
124734,SILVERM27AUG252500PE,SILVERM,24AUG2027,25250000.000000,1,OPTFUT,NCO,50.000000,120,False
124735,GOLD26OCT125600PE,GOLD,29OCT2026,12560000.000000,1,OPTFUT,NCO,50.000000,10,False
124750,GOLD26OCT126300PE,GOLD,29OCT2026,12630000.000000,1,OPTFUT,NCO,50.000000,10,False
124776,GOLD26NOV137200CE,GOLD,27NOV2026,13720000.000000,1,OPTFUT,NCO,50.000000,10,False
124779,GOLD26NOV137300PE,GOLD,27NOV2026,13730000.000000,1,OPTFUT,NCO,50.000000,10,False
124780,GOLD26NOV137400CE,GOLD,27NOV2026,13740000.000000,1,OPTFUT,NCO,50.000000,10,False
124785,SILVERM27AUG253000CE,SILVERM,24AUG2027,25300000.000000,1,OPTFUT,NCO,50.000000,120,False
124803,GOLD27APR149100PE,GOLD,28APR2027,14910000.000000,1,OPTFUT,NCO,50.000000,10,False
124809,GOLD26NOV137700PE,GOLD,27NOV2026,13770000.000000,1,OPTFUT,NCO,50.000000,10,False
124814,GOLD27APR149300PE,GOLD,28APR2027,14930000.000000,1,OPTFUT,NCO,50.000000,10,False
124824,SILVER26DEC206000PE,SILVER,01DEC2026,20600000.000000,1,OPTBLN,NCO,50.000000,20,False
124842,SILVER26DEC207250CE,SILVER,01DEC2026,20725000.000000,1,OPTBLN,NCO,50.000000,20,False
124844,GOLD26NOV138200CE,GOLD,27NOV2026,13820000.000000,1,OPTFUT,NCO,50.000000,10,False
124870,GOLD27MAY148400CE,GOLD,28MAY2027,14840000.000000,1,OPTFUT,NCO,50.000000,10,False
124878,GOLD27MAY148700CE,GOLD,28MAY2027,14870000.000000,1,OPTFUT,NCO,50.000000,10,False
124880,GOLD26NOV138500PE,GOLD,27NOV2026,13850000.000000,1,OPTFUT,NCO,50.000000,10,False
124891,GOLD27JUL154600PE,GOLD,29JUL2027,15460000.000000,1,OPTFUT,NCO,50.000000,10,False
124908,SILVER26DEC208000PE,SILVER,01DEC2026,20800000.000000,1,OPTBLN,NCO,50.000000,20,False
124952,GOLD27JUL155700CE,GOLD,29JUL2027,15570000.000000,1,OPTFUT,NCO,50.000000,10,False
124929,GOLD27JUL155200PE,GOLD,29JUL2027,15520000.000000,1,OPTFUT,NCO,50.000000,10,False
124943,GOLD27JUL155400PE,GOLD,29JUL2027,15540000.000000,1,OPTFUT,NCO,50.000000,10,False
124959,GOLDM26NOV156300CE,GOLDM,27NOV2026,15630000.000000,1,OPTFUT,NCO,50.000000,100,False
124963,GOLDM26NOV156400CE,GOLDM,27NOV2026,15640000.000000,1,OPTFUT,NCO,50.000000,100,False
124976,GOLD27MAY149600CE,GOLD,28MAY2027,14960000.000000,1,OPTFUT,NCO,50.000000,10,False
124978,GOLDM26SEP148400CE,GOLDM,25SEP2026,14840000.000000,1,OPTFUT,NCO,50.000000,100,False
124981,GOLDM26SEP148500PE,GOLDM,25SEP2026,14850000.000000,1,OPTFUT,NCO,50.000000,100,False
124984,GOLD27MAY149600PE,GOLD,28MAY2027,14960000.000000,1,OPTFUT,NCO,50.000000,10,False
124990,GOLDM26SEP148700CE,GOLDM,25SEP2026,14870000.000000,1,OPTFUT,NCO,50.000000,100,False
124991,GOLDM26SEP148700PE,GOLDM,25SEP2026,14870000.000000,1,OPTFUT,NCO,50.000000,100,False
125000,GOLDM26SEP149200CE,GOLDM,25SEP2026,14920000.000000,1,OPTFUT,NCO,50.000000,100,False
125007,GOLDM26OCT144200PE,GOLDM,29OCT2026,14420000.000000,1,OPTFUT,NCO,50.000000,100,False
125011,GOLDM26OCT144400CE,GOLDM,29OCT2026,14440000.000000,1,OPTFUT,NCO,50.000000,100,False
125021,GOLDM26SEP149500CE,GOLDM,25SEP2026,14950000.000000,1,OPTFUT,NCO,50.000000,100,False
125032,GOLDM26SEP149800PE,GOLDM,25SEP2026,14980000.000000,1,OPTFUT,NCO,50.000000,100,False
125043,GOLD27MAY150200PE,GOLD,28MAY2027,15020000.000000,1,OPTFUT,NCO,50.000000,10,False
125049,GOLDM26SEP150100PE,GOLDM,25SEP2026,15010000.000000,1,OPTFUT,NCO,50.000000,100,False
125057,GOLDM26SEP150300CE,GOLDM,25SEP2026,15030000.000000,1,OPTFUT,NCO,50.000000,100,False
125063,GOLDM26OCT145000PE,GOLDM,29OCT2026,14500000.000000,1,OPTFUT,NCO,50.000000,100,False
125094,GOLD27MAY150700PE,GOLD,28MAY2027,15070000.000000,1,OPTFUT,NCO,50.000000,10,False
125123,GOLD27MAR162900CE,GOLD,29MAR2027,16290000.000000,1,OPTFUT,NCO,50.000000,10,False
125126,GOLDM26OCT146300CE,GOLDM,29OCT2026,14630000.000000,1,OPTFUT,NCO,50.000000,100,False
125129,GOLD27MAR163000CE,GOLD,29MAR2027,16300000.000000,1,OPTFUT,NCO,50.000000,10,False
125135,GOLD27MAR163300CE,GOLD,29MAR2027,16330000.000000,1,OPTFUT,NCO,50.000000,10,False
125139,GOLDM26OCT146400CE,GOLDM,29OCT2026,14640000.000000,1,OPTFUT,NCO,50.000000,100,False
125156,GOLD26OCT128700PE,GOLD,29OCT2026,12870000.000000,1,OPTFUT,NCO,50.000000,10,False
125158,SILVERM26DEC239250PE,SILVERM,23DEC2026,23925000.000000,1,OPTFUT,NCO,50.000000,120,False
125159,SILVERM26DEC239500CE,SILVERM,23DEC2026,23950000.000000,1,OPTFUT,NCO,50.000000,120,False
125162,SILVERM26DEC239750PE,SILVERM,23DEC2026,23975000.000000,1,OPTFUT,NCO,50.000000,120,False
125173,SILVERM26DEC241250CE,SILVERM,23DEC2026,24125000.000000,1,OPTFUT,NCO,50.000000,120,False
125182,SILVERM26DEC242250PE,SILVERM,23DEC2026,24225000.000000,1,OPTFUT,NCO,50.000000,120,False
125187,SILVERM26DEC243000CE,SILVERM,23DEC2026,24300000.000000,1,OPTFUT,NCO,50.000000,120,False
125192,SILVERM26DEC243500PE,SILVERM,23DEC2026,24350000.000000,1,OPTFUT,NCO,50.000000,120,False
125194,GOLDM26OCT146400PE,GOLDM,29OCT2026,14640000.000000,1,OPTFUT,NCO,50.000000,100,False
125195,GOLDM26OCT146500CE,GOLDM,29OCT2026,14650000.000000,1,OPTFUT,NCO,50.000000,100,False
125203,GOLDM26OCT146900CE,GOLDM,29OCT2026,14690000.000000,1,OPTFUT,NCO,50.000000,100,False
125208,SILVERM27JAN263250CE,SILVERM,21JAN2027,26325000.000000,1,OPTFUT,NCO,50.000000,120,False
125210,SILVERM27JAN263500CE,SILVERM,21JAN2027,26350000.000000,1,OPTFUT,NCO,50.000000,120,False
125216,SILVERM27JAN264250CE,SILVERM,21JAN2027,26425000.000000,1,OPTFUT,NCO,50.000000,120,False
125222,SILVERM27JAN264750CE,SILVERM,21JAN2027,26475000.000000,1,OPTFUT,NCO,50.000000,120,False
125252,SILVERM27MAR244500PE,SILVERM,24MAR2027,24450000.000000,1,OPTFUT,NCO,50.000000,120,False
125258,SILVERM27MAR245000PE,SILVERM,24MAR2027,24500000.000000,1,OPTFUT,NCO,50.000000,120,False
125259,SILVERM27MAR245250CE,SILVERM,24MAR2027,24525000.000000,1,OPTFUT,NCO,50.000000,120,False
125279,SILVER26DEC210500PE,SILVER,01DEC2026,21050000.000000,1,OPTBLN,NCO,50.000000,20,False
125288,SILVER26DEC211750CE,SILVER,01DEC2026,21175000.000000,1,OPTBLN,NCO,50.000000,20,False
125302,SILVERM27JAN266500CE,SILVERM,21JAN2027,26650000.000000,1,OPTFUT,NCO,50.000000,120,False
125307,SILVER26DEC212250PE,SILVER,01DEC2026,21225000.000000,1,OPTBLN,NCO,50.000000,20,False
125320,SILVERM27JAN267000CE,SILVERM,21JAN2027,26700000.000000,1,OPTFUT,NCO,50.000000,120,False
125321,SILVERM27JAN267000PE,SILVERM,21JAN2027,26700000.000000,1,OPTFUT,NCO,50.000000,120,False
125327,GOLDM26OCT147600CE,GOLDM,29OCT2026,14760000.000000,1,OPTFUT,NCO,50.000000,100,False
125341,GOLDM26OCT147800CE,GOLDM,29OCT2026,14780000.000000,1,OPTFUT,NCO,50.000000,100,False
125345,SILVERM27APR261000CE,SILVERM,23APR2027,26100000.000000,1,OPTFUT,NCO,50.000000,120,False
125351,SILVERM27APR261500CE,SILVERM,23APR2027,26150000.000000,1,OPTFUT,NCO,50.000000,120,False
125355,GOLD26NOV133300PE,GOLD,27NOV2026,13330000.000000,1,OPTFUT,NCO,50.000000,10,False
125387,SILVERM27JAN269000PE,SILVERM,21JAN2027,26900000.000000,1,OPTFUT,NCO,50.000000,120,False
125356,GOLD26NOV133400CE,GOLD,27NOV2026,13340000.000000,1,OPTFUT,NCO,50.000000,10,False
125372,SILVERM27AUG257250PE,SILVERM,24AUG2027,25725000.000000,1,OPTFUT,NCO,50.000000,120,False
125373,SILVERM27JAN268000PE,SILVERM,21JAN2027,26800000.000000,1,OPTFUT,NCO,50.000000,120,False
125392,GOLDM26OCT148100PE,GOLDM,29OCT2026,14810000.000000,1,OPTFUT,NCO,50.000000,100,False
125398,SILVERM27JAN269750PE,SILVERM,21JAN2027,26975000.000000,1,OPTFUT,NCO,50.000000,120,False
125399,SILVERM27JAN270000CE,SILVERM,21JAN2027,27000000.000000,1,OPTFUT,NCO,50.000000,120,False
125402,SILVERM27JAN270250PE,SILVERM,21JAN2027,27025000.000000,1,OPTFUT,NCO,50.000000,120,False
125426,SILVERM27JAN271000PE,SILVERM,21JAN2027,27100000.000000,1,OPTFUT,NCO,50.000000,120,False
125444,SILVERM27APR277000CE,SILVERM,23APR2027,27700000.000000,1,OPTFUT,NCO,50.000000,120,False
125456,SILVERM27MAR248750CE,SILVERM,24MAR2027,24875000.000000,1,OPTFUT,NCO,50.000000,120,False
125483,SILVERM27JAN273000CE,SILVERM,21JAN2027,27300000.000000,1,OPTFUT,NCO,50.000000,120,False
125492,SILVERM27JAN274000PE,SILVERM,21JAN2027,27400000.000000,1,OPTFUT,NCO,50.000000,120,False
125495,SILVERM27JAN274500CE,SILVERM,21JAN2027,27450000.000000,1,OPTFUT,NCO,50.000000,120,False
125498,SILVERM27JAN274750PE,SILVERM,21JAN2027,27475000.000000,1,OPTFUT,NCO,50.000000,120,False
125507,SILVERM27JAN275500CE,SILVERM,21JAN2027,27550000.000000,1,OPTFUT,NCO,50.000000,120,False
125536,GOLDM26OCT148300PE,GOLDM,29OCT2026,14830000.000000,1,OPTFUT,NCO,50.000000,100,False
125545,SILVERM27JAN277500CE,SILVERM,21JAN2027,27750000.000000,1,OPTFUT,NCO,50.000000,120,False
125554,ZINC26DEC417.5PE,ZINC,23DEC2026,41750.000000,1,OPTFUT,NCO,1.000000,20,False
125556,GOLDM26NOV156800CE,GOLDM,27NOV2026,15680000.000000,1,OPTFUT,NCO,50.000000,100,False
125558,GOLDM26NOV156900CE,GOLDM,27NOV2026,15690000.000000,1,OPTFUT,NCO,50.000000,100,False
125559,GOLDM26NOV156900PE,GOLDM,27NOV2026,15690000.000000,1,OPTFUT,NCO,50.000000,100,False
125563,GOLDM26NOV157000CE,GOLDM,27NOV2026,15700000.000000,1,OPTFUT,NCO,50.000000,100,False
125565,SILVERM26OCT148750CE,SILVERM,23OCT2026,14875000.000000,1,OPTFUT,NCO,50.000000,120,False
125566,SILVERM26OCT148750PE,SILVERM,23OCT2026,14875000.000000,1,OPTFUT,NCO,50.000000,120,False
125574,SILVERM26OCT149250CE,SILVERM,23OCT2026,14925000.000000,1,OPTFUT,NCO,50.000000,120,False
125583,SILVERM26OCT150000PE,SILVERM,23OCT2026,15000000.000000,1,OPTFUT,NCO,50.000000,120,False
125587,GOLDM26OCT148600CE,GOLDM,29OCT2026,14860000.000000,1,OPTFUT,NCO,50.000000,100,False
125592,SILVERM26OCT150500PE,SILVERM,23OCT2026,15050000.000000,1,OPTFUT,NCO,50.000000,120,False
125593,SILVERM26OCT150750CE,SILVERM,23OCT2026,15075000.000000,1,OPTFUT,NCO,50.000000,120,False
125597,GOLDM26NOV157300CE,GOLDM,27NOV2026,15730000.000000,1,OPTFUT,NCO,50.000000,100,False
125605,GOLDM26NOV157700CE,GOLDM,27NOV2026,15770000.000000,1,OPTFUT,NCO,50.000000,100,False
125627,SILVER26DEC213750CE,SILVER,01DEC2026,21375000.000000,1,OPTBLN,NCO,50.000000,20,False
125650,GOLDM26NOV152300CE,GOLDM,27NOV2026,15230000.000000,1,OPTFUT,NCO,50.000000,100,False
125653,GOLDM26NOV152400PE,GOLDM,27NOV2026,15240000.000000,1,OPTFUT,NCO,50.000000,100,False
125661,ZINC26DEC457.5PE,ZINC,23DEC2026,45750.000000,1,OPTFUT,NCO,1.000000,20,False
125664,SILVERM27JAN278250CE,SILVERM,21JAN2027,27825000.000000,1,OPTFUT,NCO,50.000000,120,False
125692,SILVERM27JAN281750CE,SILVERM,21JAN2027,28175000.000000,1,OPTFUT,NCO,50.000000,120,False
125702,SILVERM27JAN282750CE,SILVERM,21JAN2027,28275000.000000,1,OPTFUT,NCO,50.000000,120,False
125706,SILVERM27JAN283000PE,SILVERM,21JAN2027,28300000.000000,1,OPTFUT,NCO,50.000000,120,False
125730,SILVERM27JAN285500CE,SILVERM,21JAN2027,28550000.000000,1,OPTFUT,NCO,50.000000,120,False
125732,SILVERM27JAN285750CE,SILVERM,21JAN2027,28575000.000000,1,OPTFUT,NCO,50.000000,120,False
125734,SILVERM27JAN285750PE,SILVERM,21JAN2027,28575000.000000,1,OPTFUT,NCO,50.000000,120,False
125768,SILVERM27JAN290000PE,SILVERM,21JAN2027,29000000.000000,1,OPTFUT,NCO,50.000000,120,False
125773,SILVER26DEC213750PE,SILVER,01DEC2026,21375000.000000,1,OPTBLN,NCO,50.000000,20,False
125783,SILVER26DEC215000CE,SILVER,01DEC2026,21500000.000000,1,OPTBLN,NCO,50.000000,20,False
125785,SILVER26DEC215250CE,SILVER,01DEC2026,21525000.000000,1,OPTBLN,NCO,50.000000,20,False
125802,SILVERM27JUL239250CE,SILVERM,23JUL2027,23925000.000000,1,OPTFUT,NCO,50.000000,120,False
125804,SILVERM27JUL239500CE,SILVERM,23JUL2027,23950000.000000,1,OPTFUT,NCO,50.000000,120,False
125809,SILVERM27JUL239750PE,SILVERM,23JUL2027,23975000.000000,1,OPTFUT,NCO,50.000000,120,False
125814,SILVERM27JUL240250CE,SILVERM,23JUL2027,24025000.000000,1,OPTFUT,NCO,50.000000,120,False
125815,SILVERM27JUL240250PE,SILVERM,23JUL2027,24025000.000000,1,OPTFUT,NCO,50.000000,120,False
125826,SILVER27MAR258500CE,SILVER,02MAR2027,25850000.000000,1,OPTBLN,NCO,50.000000,20,False
125829,SILVERM27JUL241500PE,SILVERM,23JUL2027,24150000.000000,1,OPTFUT,NCO,50.000000,120,False
125830,SILVERM27JUL241750CE,SILVERM,23JUL2027,24175000.000000,1,OPTFUT,NCO,50.000000,120,False
125834,SILVERM27JUL242250CE,SILVERM,23JUL2027,24225000.000000,1,OPTFUT,NCO,50.000000,120,False
125846,ZINC26SEP452.5CE,ZINC,23SEP2026,45250.000000,1,OPTFUT,NCO,1.000000,20,False
125853,SILVERM27JUL242750PE,SILVERM,23JUL2027,24275000.000000,1,OPTFUT,NCO,50.000000,120,False
125863,SILVERM27JUL243250CE,SILVERM,23JUL2027,24325000.000000,1,OPTFUT,NCO,50.000000,120,False
125876,SILVERM27JUL244500CE,SILVERM,23JUL2027,24450000.000000,1,OPTFUT,NCO,50.000000,120,False
125878,SILVERM27JUL244750CE,SILVERM,23JUL2027,24475000.000000,1,OPTFUT,NCO,50.000000,120,False
125882,ZINC26DEC420PE,ZINC,23DEC2026,42000.000000,1,OPTFUT,NCO,1.000000,20,False
125916,SILVER27MAR259500PE,SILVER,02MAR2027,25950000.000000,1,OPTBLN,NCO,50.000000,20,False
125919,COPPER26DEC1470CE,COPPER,23DEC2026,147000.000000,1,OPTFUT,NCO,1.000000,70,False
125920,COPPER26DEC1470PE,COPPER,23DEC2026,147000.000000,1,OPTFUT,NCO,1.000000,70,False
125927,COPPER26NOV1450PE,COPPER,23NOV2026,145000.000000,1,OPTFUT,NCO,1.000000,70,False
125931,GOLD27JUN157400PE,GOLD,28JUN2027,15740000.000000,1,OPTFUT,NCO,50.000000,10,False
125933,GOLD27JUN157500PE,GOLD,28JUN2027,15750000.000000,1,OPTFUT,NCO,50.000000,10,False
125935,GOLD27JUN157600PE,GOLD,28JUN2027,15760000.000000,1,OPTFUT,NCO,50.000000,10,False
125940,SILVERM27JAN293500PE,SILVERM,21JAN2027,29350000.000000,1,OPTFUT,NCO,50.000000,120,False
125948,COPPER26DEC1475CE,COPPER,23DEC2026,147500.000000,1,OPTFUT,NCO,1.000000,70,False
125955,CRUDEOIL26OCT11650PE,CRUDEOIL,08OCT2026,1165000.000000,1,OPTFUT,NCO,10.000000,100,False
125960,CRUDEOIL26NOV11400PE,CRUDEOIL,10NOV2026,1140000.000000,1,OPTFUT,NCO,10.000000,100,False
125966,CRUDEOIL26NOV11550PE,CRUDEOIL,10NOV2026,1155000.000000,1,OPTFUT,NCO,10.000000,100,False
125984,GOLD27JUN158100PE,GOLD,28JUN2027,15810000.000000,1,OPTFUT,NCO,50.000000,10,False
126002,GOLD27JAN172200CE,GOLD,29JAN2027,17220000.000000,1,OPTFUT,NCO,50.000000,10,False
126009,GOLD27JAN172400PE,GOLD,29JAN2027,17240000.000000,1,OPTFUT,NCO,50.000000,10,False
126015,GOLD27JAN172700PE,GOLD,29JAN2027,17270000.000000,1,OPTFUT,NCO,50.000000,10,False
126025,SILVERM27JAN294750CE,SILVERM,21JAN2027,29475000.000000,1,OPTFUT,NCO,50.000000,120,False
126032,GOLD27APR158800CE,GOLD,28APR2027,15880000.000000,1,OPTFUT,NCO,50.000000,10,False
126040,GOLD27JAN173100PE,GOLD,29JAN2027,17310000.000000,1,OPTFUT,NCO,50.000000,10,False
126064,GOLD27JAN173400PE,GOLD,29JAN2027,17340000.000000,1,OPTFUT,NCO,50.000000,10,False
126067,GOLD27JUL156200CE,GOLD,29JUL2027,15620000.000000,1,OPTFUT,NCO,50.000000,10,False
126070,GOLD27JUL156300PE,GOLD,29JUL2027,15630000.000000,1,OPTFUT,NCO,50.000000,10,False
126081,ZINC26DEC445CE,ZINC,23DEC2026,44500.000000,1,OPTFUT,NCO,1.000000,20,False
126108,SILVERM26OCT336000CE,SILVERM,23OCT2026,33600000.000000,1,OPTFUT,NCO,50.000000,120,False
126115,SILVERM26OCT336750PE,SILVERM,23OCT2026,33675000.000000,1,OPTFUT,NCO,50.000000,120,False
126128,SILVERM27JAN295000CE,SILVERM,21JAN2027,29500000.000000,1,OPTFUT,NCO,50.000000,120,False
126130,SILVERM27JAN295250CE,SILVERM,21JAN2027,29525000.000000,1,OPTFUT,NCO,50.000000,120,False
126138,GOLD27JAN174000PE,GOLD,29JAN2027,17400000.000000,1,OPTFUT,NCO,50.000000,10,False
126143,GOLD27JAN174300CE,GOLD,29JAN2027,17430000.000000,1,OPTFUT,NCO,50.000000,10,False
126179,GOLD27JAN175800PE,GOLD,29JAN2027,17580000.000000,1,OPTFUT,NCO,50.000000,10,False
126200,GOLD27JAN176400CE,GOLD,29JAN2027,17640000.000000,1,OPTFUT,NCO,50.000000,10,False
126203,SILVER26DEC218000CE,SILVER,01DEC2026,21800000.000000,1,OPTBLN,NCO,50.000000,20,False
126210,GOLD27JUL156700CE,GOLD,29JUL2027,15670000.000000,1,OPTFUT,NCO,50.000000,10,False
126216,SILVERM27MAR254500PE,SILVERM,24MAR2027,25450000.000000,1,OPTFUT,NCO,50.000000,120,False
126223,SILVERM27MAR255500CE,SILVERM,24MAR2027,25550000.000000,1,OPTFUT,NCO,50.000000,120,False
126225,SILVERM27MAR255750CE,SILVERM,24MAR2027,25575000.000000,1,OPTFUT,NCO,50.000000,120,False
126236,SILVERM27MAR256250PE,SILVERM,24MAR2027,25625000.000000,1,OPTFUT,NCO,50.000000,120,False
126247,SILVERM26NOV338000PE,SILVERM,23NOV2026,33800000.000000,1,OPTFUT,NCO,50.000000,120,False
126248,SILVERM26NOV338250CE,SILVERM,23NOV2026,33825000.000000,1,OPTFUT,NCO,50.000000,120,False
126253,SILVERM26NOV338750PE,SILVERM,23NOV2026,33875000.000000,1,OPTFUT,NCO,50.000000,120,False
126262,SILVERM26DEC340000CE,SILVERM,23DEC2026,34000000.000000,1,OPTFUT,NCO,50.000000,120,False
126282,GOLD27JAN176500PE,GOLD,29JAN2027,17650000.000000,1,OPTFUT,NCO,50.000000,10,False
126303,SILVERM27MAR260000PE,SILVERM,24MAR2027,26000000.000000,1,OPTFUT,NCO,50.000000,120,False
126323,GOLD27JAN177400CE,GOLD,29JAN2027,17740000.000000,1,OPTFUT,NCO,50.000000,10,False
126334,GOLD27JAN177900PE,GOLD,29JAN2027,17790000.000000,1,OPTFUT,NCO,50.000000,10,False
126336,SILVERM27MAR260500CE,SILVERM,24MAR2027,26050000.000000,1,OPTFUT,NCO,50.000000,120,False
126338,SILVERM27MAR260750CE,SILVERM,24MAR2027,26075000.000000,1,OPTFUT,NCO,50.000000,120,False
126342,GOLD27APR159700PE,GOLD,28APR2027,15970000.000000,1,OPTFUT,NCO,50.000000,10,False
126344,GOLD27APR159800CE,GOLD,28APR2027,15980000.000000,1,OPTFUT,NCO,50.000000,10,False
126362,GOLD27APR160300CE,GOLD,28APR2027,16030000.000000,1,OPTFUT,NCO,50.000000,10,False
126371,SILVER26DEC218500PE,SILVER,01DEC2026,21850000.000000,1,OPTBLN,NCO,50.000000,20,False
126380,GOLD27JUL157400PE,GOLD,29JUL2027,15740000.000000,1,OPTFUT,NCO,50.000000,10,False
126382,GOLD27JUL157500PE,GOLD,29JUL2027,15750000.000000,1,OPTFUT,NCO,50.000000,10,False
126410,GOLD27APR161200PE,GOLD,28APR2027,16120000.000000,1,OPTFUT,NCO,50.000000,10,False
126411,GOLD27APR161300CE,GOLD,28APR2027,16130000.000000,1,OPTFUT,NCO,50.000000,10,False
126416,GOLD27APR161500PE,GOLD,28APR2027,16150000.000000,1,OPTFUT,NCO,50.000000,10,False
126436,SILVER27MAR210000CE,SILVER,02MAR2027,21000000.000000,1,OPTBLN,NCO,50.000000,20,False
126444,GOLD27JUL158000PE,GOLD,29JUL2027,15800000.000000,1,OPTFUT,NCO,50.000000,10,False
126451,GOLD27JAN178700CE,GOLD,29JAN2027,17870000.000000,1,OPTFUT,NCO,50.000000,10,False
126453,GOLD27JAN178800CE,GOLD,29JAN2027,17880000.000000,1,OPTFUT,NCO,50.000000,10,False
126461,GOLD27JAN179200CE,GOLD,29JAN2027,17920000.000000,1,OPTFUT,NCO,50.000000,10,False
126463,SILVER27MAR210500PE,SILVER,02MAR2027,21050000.000000,1,OPTBLN,NCO,50.000000,20,False
126471,GOLD27JAN179400CE,GOLD,29JAN2027,17940000.000000,1,OPTFUT,NCO,50.000000,10,False
126481,GOLD27JAN179600CE,GOLD,29JAN2027,17960000.000000,1,OPTFUT,NCO,50.000000,10,False
126482,SILVER27MAR212000PE,SILVER,02MAR2027,21200000.000000,1,OPTBLN,NCO,50.000000,20,False
126487,SILVER27MAR212250PE,SILVER,02MAR2027,21225000.000000,1,OPTBLN,NCO,50.000000,20,False
126491,SILVER27MAR212750PE,SILVER,02MAR2027,21275000.000000,1,OPTBLN,NCO,50.000000,20,False
126513,SILVER27MAR214000CE,SILVER,02MAR2027,21400000.000000,1,OPTBLN,NCO,50.000000,20,False
126514,GOLD27JAN179800PE,GOLD,29JAN2027,17980000.000000,1,OPTFUT,NCO,50.000000,10,False
126517,SILVERM27MAY281000CE,SILVERM,24MAY2027,28100000.000000,1,OPTFUT,NCO,50.000000,120,False
126525,GOLD26OCT130600CE,GOLD,29OCT2026,13060000.000000,1,OPTFUT,NCO,50.000000,10,False
126556,SILVERM27MAY281500PE,SILVERM,24MAY2027,28150000.000000,1,OPTFUT,NCO,50.000000,120,False
126557,SILVERM27MAY281750CE,SILVERM,24MAY2027,28175000.000000,1,OPTFUT,NCO,50.000000,120,False
126558,SILVERM27MAY281750PE,SILVERM,24MAY2027,28175000.000000,1,OPTFUT,NCO,50.000000,120,False
126563,SILVERM27MAY282500CE,SILVERM,24MAY2027,28250000.000000,1,OPTFUT,NCO,50.000000,120,False
126579,SILVER27MAR214500CE,SILVER,02MAR2027,21450000.000000,1,OPTBLN,NCO,50.000000,20,False
126599,GOLD27JUL159200PE,GOLD,29JUL2027,15920000.000000,1,OPTFUT,NCO,50.000000,10,False
126619,SILVERM27JAN296750CE,SILVERM,21JAN2027,29675000.000000,1,OPTFUT,NCO,50.000000,120,False
126634,SILVERM27JAN297750PE,SILVERM,21JAN2027,29775000.000000,1,OPTFUT,NCO,50.000000,120,False
126635,SILVERM27JAN298000CE,SILVERM,21JAN2027,29800000.000000,1,OPTFUT,NCO,50.000000,120,False
126664,GOLD26OCT131400CE,GOLD,29OCT2026,13140000.000000,1,OPTFUT,NCO,50.000000,10,False
126669,SILVER27MAR216250PE,SILVER,02MAR2027,21625000.000000,1,OPTBLN,NCO,50.000000,20,False
126675,GOLD26OCT131500PE,GOLD,29OCT2026,13150000.000000,1,OPTFUT,NCO,50.000000,10,False
126679,GOLDM26SEP151900CE,GOLDM,25SEP2026,15190000.000000,1,OPTFUT,NCO,50.000000,100,False
126690,GOLD27APRFUT,GOLD,05APR2027,-1.000000,1,FUTBLN,NCO,100.000000,10,False
126693,GOLDM26OCT149400PE,GOLDM,29OCT2026,14940000.000000,1,OPTFUT,NCO,50.000000,100,False
126713,SILVERM27MAR264500PE,SILVERM,24MAR2027,26450000.000000,1,OPTFUT,NCO,50.000000,120,False
126727,GOLDM26OCT150400CE,GOLDM,29OCT2026,15040000.000000,1,OPTFUT,NCO,50.000000,100,False
126732,GOLD26OCT131800PE,GOLD,29OCT2026,13180000.000000,1,OPTFUT,NCO,50.000000,10,False
126709,GOLDM26OCT149800PE,GOLDM,29OCT2026,14980000.000000,1,OPTFUT,NCO,50.000000,100,False
126742,SILVERM27JAN298500CE,SILVERM,21JAN2027,29850000.000000,1,OPTFUT,NCO,50.000000,120,False
126755,SILVERM27APR262000PE,SILVERM,23APR2027,26200000.000000,1,OPTFUT,NCO,50.000000,120,False
126757,SILVERM27APR262250PE,SILVERM,23APR2027,26225000.000000,1,OPTFUT,NCO,50.000000,120,False
126770,SILVERM27APR264000CE,SILVERM,23APR2027,26400000.000000,1,OPTFUT,NCO,50.000000,120,False
126780,SILVERM27APR265250CE,SILVERM,23APR2027,26525000.000000,1,OPTFUT,NCO,50.000000,120,False
126781,SILVERM27APR265250PE,SILVERM,23APR2027,26525000.000000,1,OPTFUT,NCO,50.000000,120,False
126782,SILVERM27APR265500CE,SILVERM,23APR2027,26550000.000000,1,OPTFUT,NCO,50.000000,120,False
126786,SILVERM27APR266000CE,SILVERM,23APR2027,26600000.000000,1,OPTFUT,NCO,50.000000,120,False
126799,GOLDM26OCT151400PE,GOLDM,29OCT2026,15140000.000000,1,OPTFUT,NCO,50.000000,100,False
126810,GOLDM26OCT152000CE,GOLDM,29OCT2026,15200000.000000,1,OPTFUT,NCO,50.000000,100,False
126815,GOLDM26OCT152200PE,GOLDM,29OCT2026,15220000.000000,1,OPTFUT,NCO,50.000000,100,False
126818,SILVER27MAR216750CE,SILVER,02MAR2027,21675000.000000,1,OPTBLN,NCO,50.000000,20,False
126828,SILVER27MAR217000CE,SILVER,02MAR2027,21700000.000000,1,OPTBLN,NCO,50.000000,20,False
126831,SILVERM27APR266750CE,SILVERM,23APR2027,26675000.000000,1,OPTFUT,NCO,50.000000,120,False
126832,SILVERM27APR266750PE,SILVERM,23APR2027,26675000.000000,1,OPTFUT,NCO,50.000000,120,False
126837,SILVER27MAR217000PE,SILVER,02MAR2027,21700000.000000,1,OPTBLN,NCO,50.000000,20,False
126846,SILVER27MAR218250CE,SILVER,02MAR2027,21825000.000000,1,OPTBLN,NCO,50.000000,20,False
126850,SILVERM27JAN301000CE,SILVERM,21JAN2027,30100000.000000,1,OPTFUT,NCO,50.000000,120,False
126853,SILVERM27JAN301250PE,SILVERM,21JAN2027,30125000.000000,1,OPTFUT,NCO,50.000000,120,False
126855,SILVERM27JAN301500PE,SILVERM,21JAN2027,30150000.000000,1,OPTFUT,NCO,50.000000,120,False
126865,SILVERM27JAN302750PE,SILVERM,21JAN2027,30275000.000000,1,OPTFUT,NCO,50.000000,120,False
126873,SILVER27MAR218250PE,SILVER,02MAR2027,21825000.000000,1,OPTBLN,NCO,50.000000,20,False
126879,SILVER27MAR218750PE,SILVER,02MAR2027,21875000.000000,1,OPTBLN,NCO,50.000000,20,False
126885,SILVER27MAR219500PE,SILVER,02MAR2027,21950000.000000,1,OPTBLN,NCO,50.000000,20,False
126889,SILVER27MAR220000PE,SILVER,02MAR2027,22000000.000000,1,OPTBLN,NCO,50.000000,20,False
126918,SILVERM27APR268250CE,SILVERM,23APR2027,26825000.000000,1,OPTFUT,NCO,50.000000,120,False
126926,SILVERM27APR269250CE,SILVERM,23APR2027,26925000.000000,1,OPTFUT,NCO,50.000000,120,False
126932,SILVERM26DEC244750PE,SILVERM,23DEC2026,24475000.000000,1,OPTFUT,NCO,50.000000,120,False
126936,SILVERM26DEC245250PE,SILVERM,23DEC2026,24525000.000000,1,OPTFUT,NCO,50.000000,120,False
126947,SILVER27MAR221500PE,SILVER,02MAR2027,22150000.000000,1,OPTBLN,NCO,50.000000,20,False
126952,SILVERM27APR270000PE,SILVERM,23APR2027,27000000.000000,1,OPTFUT,NCO,50.000000,120,False
126953,SILVERM27APR270250CE,SILVERM,23APR2027,27025000.000000,1,OPTFUT,NCO,50.000000,120,False
126954,SILVERM27APR270250PE,SILVERM,23APR2027,27025000.000000,1,OPTFUT,NCO,50.000000,120,False
126961,SILVER27MAR222000PE,SILVER,02MAR2027,22200000.000000,1,OPTBLN,NCO,50.000000,20,False
1,GOLD,GOLD,,-1.000000,1,UNDCOM,NCO,100.000000,10,False
10,SILVERMINI,SILVERM,,-1.000000,1,UNDCOM,NCO,100.000000,120,False
121602,GOLD27JAN168500PE,GOLD,29JAN2027,16850000.000000,1,OPTFUT,NCO,50.000000,10,False
121605,SILVER26DEC199000PE,SILVER,01DEC2026,19900000.000000,1,OPTBLN,NCO,50.000000,20,False
121612,ALUMINIUM26SEPFUT,ALUMINIUM,30SEP2026,-1.000000,1,FUTBAS,NCO,5.000000,30,False
121613,COPPER26SEPFUT,COPPER,30SEP2026,-1.000000,1,FUTBAS,NCO,5.000000,70,False
121616,LEAD26SEPFUT,LEAD,30SEP2026,-1.000000,1,FUTBAS,NCO,5.000000,20,False
121624,CRUDEOIL26NOV5450CE,CRUDEOIL,10NOV2026,545000.000000,1,OPTFUT,NCO,10.000000,100,False
121635,GOLD27JAN168700CE,GOLD,29JAN2027,16870000.000000,1,OPTFUT,NCO,50.000000,10,False
121647,GOLD26OCT125000CE,GOLD,29OCT2026,12500000.000000,1,OPTFUT,NCO,50.000000,10,False
121650,COPPER26SEP1240CE,COPPER,23SEP2026,124000.000000,1,OPTFUT,NCO,1.000000,70,False
121658,ZINCMINI26SEPFUT,ZINCMINI,30SEP2026,-1.000000,1,FUTBAS,NCO,5.000000,100,False
121672,SILVER27MAR203500CE,SILVER,02MAR2027,20350000.000000,1,OPTBLN,NCO,50.000000,20,False
121676,SILVER26DEC259250CE,SILVER,01DEC2026,25925000.000000,1,OPTBLN,NCO,50.000000,20,False
121716,SILVERM27JUN231500CE,SILVERM,23JUN2027,23150000.000000,1,OPTFUT,NCO,50.000000,120,False
121719,SILVER27MAR205000PE,SILVER,02MAR2027,20500000.000000,1,OPTBLN,NCO,50.000000,20,False
121746,SILVER27MAR207000PE,SILVER,02MAR2027,20700000.000000,1,OPTBLN,NCO,50.000000,20,False
121748,SILVER26DEC196500PE,SILVER,01DEC2026,19650000.000000,1,OPTBLN,NCO,50.000000,20,False
121749,SILVERM27JUN232750CE,SILVERM,23JUN2027,23275000.000000,1,OPTFUT,NCO,50.000000,120,False
121752,SILVERM27JUN233000CE,SILVERM,23JUN2027,23300000.000000,1,OPTFUT,NCO,50.000000,120,False
121776,SILVER26DEC250500CE,SILVER,01DEC2026,25050000.000000,1,OPTBLN,NCO,50.000000,20,False
121784,GOLD27JAN170800CE,GOLD,29JAN2027,17080000.000000,1,OPTFUT,NCO,50.000000,10,False
121791,SILVER26DEC251000CE,SILVER,01DEC2026,25100000.000000,1,OPTBLN,NCO,50.000000,20,False
121795,SILVER26DEC251500CE,SILVER,01DEC2026,25150000.000000,1,OPTBLN,NCO,50.000000,20,False
121818,SILVER26DEC251750CE,SILVER,01DEC2026,25175000.000000,1,OPTBLN,NCO,50.000000,20,False
121819,SILVER26DEC251750PE,SILVER,01DEC2026,25175000.000000,1,OPTBLN,NCO,50.000000,20,False
121821,CRUDEOIL26NOV5600CE,CRUDEOIL,10NOV2026,560000.000000,1,OPTFUT,NCO,10.000000,100,False
121831,NATGASMINI26SEPFUT,NATGASMINI,25SEP2026,-1.000000,1,FUTENR,NCO,10.000000,240,False
121836,SILVERM26DEC236250PE,SILVERM,23DEC2026,23625000.000000,1,OPTFUT,NCO,50.000000,120,False
121845,SILVERM26DEC236500PE,SILVERM,23DEC2026,23650000.000000,1,OPTFUT,NCO,50.000000,120,False
121858,COPPER27JANFUT,COPPER,29JAN2027,-1.000000,1,FUTBAS,NCO,5.000000,70,False
121865,SILVER26DEC253250CE,SILVER,01DEC2026,25325000.000000,1,OPTBLN,NCO,50.000000,20,False
121882,SILVERM27JANFUT,SILVERM,29JAN2027,-1.000000,1,FUTBLN,NCO,100.000000,120,False
121920,SILVERM27JUN246250CE,SILVERM,23JUN2027,24625000.000000,1,OPTFUT,NCO,50.000000,120,False
121925,BRCRUDEOIL26DECFUT,BRCRUDEOIL,31DEC2026,-1.000000,1,FUTENR,NCO,100.000000,100,False
121948,ALUMINI26DECFUT,ALUMINI,31DEC2026,-1.000000,1,FUTBAS,NCO,5.000000,150,False
121900,COPPER26NOV1430PE,COPPER,23NOV2026,143000.000000,1,OPTFUT,NCO,1.000000,70,False
121955,SILVERM27JUN248250CE,SILVERM,23JUN2027,24825000.000000,1,OPTFUT,NCO,50.000000,120,False
121959,SILVERM27JUN248750CE,SILVERM,23JUN2027,24875000.000000,1,OPTFUT,NCO,50.000000,120,False
121972,SILVERM27JAN251000CE,SILVERM,21JAN2027,25100000.000000,1,OPTFUT,NCO,50.000000,120,False
121973,SILVERM27JUN249500PE,SILVERM,23JUN2027,24950000.000000,1,OPTFUT,NCO,50.000000,120,False
122006,GOLD27AUG158400PE,GOLD,27AUG2027,15840000.000000,1,OPTFUT,NCO,50.000000,10,False
122007,GOLD27AUG158500CE,GOLD,27AUG2027,15850000.000000,1,OPTFUT,NCO,50.000000,10,False
122018,GOLD27JUN161500PE,GOLD,28JUN2027,16150000.000000,1,OPTFUT,NCO,50.000000,10,False
122019,ZINC26OCT355PE,ZINC,23OCT2026,35500.000000,1,OPTFUT,NCO,1.000000,20,False
122040,SILVERM27JAN251250CE,SILVERM,21JAN2027,25125000.000000,1,OPTFUT,NCO,50.000000,120,False
122044,SILVER26DEC255000PE,SILVER,01DEC2026,25500000.000000,1,OPTBLN,NCO,50.000000,20,False
122051,GOLD27AUG158700PE,GOLD,27AUG2027,15870000.000000,1,OPTFUT,NCO,50.000000,10,False
122068,SILVER26DEC256250CE,SILVER,01DEC2026,25625000.000000,1,OPTBLN,NCO,50.000000,20,False
122070,COPPER26SEP1445PE,COPPER,23SEP2026,144500.000000,1,OPTFUT,NCO,1.000000,70,False
122072,SILVER26DEC256500CE,SILVER,01DEC2026,25650000.000000,1,OPTBLN,NCO,50.000000,20,False
122079,SILVERM27MAY286750PE,SILVERM,24MAY2027,28675000.000000,1,OPTFUT,NCO,50.000000,120,False
122081,SILVERM27JAN252000CE,SILVERM,21JAN2027,25200000.000000,1,OPTFUT,NCO,50.000000,120,False
122091,GOLD27AUG160500PE,GOLD,27AUG2027,16050000.000000,1,OPTFUT,NCO,50.000000,10,False
122094,GOLD27AUG158800PE,GOLD,27AUG2027,15880000.000000,1,OPTFUT,NCO,50.000000,10,False
122104,GOLD27JUN162300CE,GOLD,28JUN2027,16230000.000000,1,OPTFUT,NCO,50.000000,10,False
122125,CRUDEOIL26OCT5200CE,CRUDEOIL,08OCT2026,520000.000000,1,OPTFUT,NCO,10.000000,100,False
122138,SILVER26DEC257500PE,SILVER,01DEC2026,25750000.000000,1,OPTBLN,NCO,50.000000,20,False
122168,SILVER26DEC258500PE,SILVER,01DEC2026,25850000.000000,1,OPTBLN,NCO,50.000000,20,False
122184,SILVERM26NOV172000CE,SILVERM,23NOV2026,17200000.000000,1,OPTFUT,NCO,50.000000,120,False
122190,SILVER26DEC264500CE,SILVER,01DEC2026,26450000.000000,1,OPTBLN,NCO,50.000000,20,False
122192,SILVERM26NOV172500CE,SILVERM,23NOV2026,17250000.000000,1,OPTFUT,NCO,50.000000,120,False
122194,SILVERM26NOV172750CE,SILVERM,23NOV2026,17275000.000000,1,OPTFUT,NCO,50.000000,120,False
122204,SILVERM26NOV173000PE,SILVERM,23NOV2026,17300000.000000,1,OPTFUT,NCO,50.000000,120,False
122218,NATURALGAS26SEP230PE,NATURALGAS,21SEP2026,23000.000000,1,OPTFUT,NCO,5.000000,48,False
122226,SILVERM26NOV175250CE,SILVERM,23NOV2026,17525000.000000,1,OPTFUT,NCO,50.000000,120,False
122233,NATURALGAS26NOV230CE,NATURALGAS,18NOV2026,23000.000000,1,OPTFUT,NCO,5.000000,48,False
122234,NATURALGAS26NOV230PE,NATURALGAS,18NOV2026,23000.000000,1,OPTFUT,NCO,5.000000,48,False
122235,NATURALGAS26NOV235CE,NATURALGAS,18NOV2026,23500.000000,1,OPTFUT,NCO,5.000000,48,False
122247,NATURALGAS26NOV250CE,NATURALGAS,18NOV2026,25000.000000,1,OPTFUT,NCO,5.000000,48,False
122257,GOLDM26NOV151400PE,GOLDM,27NOV2026,15140000.000000,1,OPTFUT,NCO,50.000000,100,False
122277,SILVERM26NOV176250PE,SILVERM,23NOV2026,17625000.000000,1,OPTFUT,NCO,50.000000,120,False
122278,SILVERM26NOV176500CE,SILVERM,23NOV2026,17650000.000000,1,OPTFUT,NCO,50.000000,120,False
122281,NATURALGAS26NOV255PE,NATURALGAS,18NOV2026,25500.000000,1,OPTFUT,NCO,5.000000,48,False
122305,SILVERM26NOV176750PE,SILVERM,23NOV2026,17675000.000000,1,OPTFUT,NCO,50.000000,120,False
122314,SILVER26DEC265250PE,SILVER,01DEC2026,26525000.000000,1,OPTBLN,NCO,50.000000,20,False
122331,SILVERM26NOV177750PE,SILVERM,23NOV2026,17775000.000000,1,OPTFUT,NCO,50.000000,120,False
122334,SILVERM27APR253250PE,SILVERM,23APR2027,25325000.000000,1,OPTFUT,NCO,50.000000,120,False
122347,GOLD10G26SEPFUT,GOLD10G,30SEP2026,-1.000000,1,FUTBLN,NCO,100.000000,1000,False
122349,SILVER10027JUNFUT,SILVER100,30JUN2027,-1.000000,1,FUTBLN,NCO,100.000000,6000,False
122369,SILVER26DEC267000PE,SILVER,01DEC2026,26700000.000000,1,OPTBLN,NCO,50.000000,20,False
122387,GOLD27AUG161900PE,GOLD,27AUG2027,16190000.000000,1,OPTFUT,NCO,50.000000,10,False
122397,SILVER26DEC268250CE,SILVER,01DEC2026,26825000.000000,1,OPTBLN,NCO,50.000000,20,False
122398,SILVER26DEC268250PE,SILVER,01DEC2026,26825000.000000,1,OPTBLN,NCO,50.000000,20,False
122419,ZINCMINI26DECFUT,ZINCMINI,31DEC2026,-1.000000,1,FUTBAS,NCO,5.000000,100,False
122442,SILVERM26NOV179000CE,SILVERM,23NOV2026,17900000.000000,1,OPTFUT,NCO,50.000000,120,False
122454,LEADMINI27JANFUT,LEADMINI,29JAN2027,-1.000000,1,FUTBAS,NCO,5.000000,100,False
122459,GOLD10G26NOVFUT,GOLD10G,30NOV2026,-1.000000,1,FUTBLN,NCO,100.000000,1000,False
122463,SILVERM26NOV180500CE,SILVERM,23NOV2026,18050000.000000,1,OPTFUT,NCO,50.000000,120,False
122465,SILVERM26NOV180500PE,SILVERM,23NOV2026,18050000.000000,1,OPTFUT,NCO,50.000000,120,False
122481,GOLD27AUG162300PE,GOLD,27AUG2027,16230000.000000,1,OPTFUT,NCO,50.000000,10,False
122491,NATURALGAS26SEP190CE,NATURALGAS,21SEP2026,19000.000000,1,OPTFUT,NCO,5.000000,48,False
122492,GOLD27JUN153100PE,GOLD,28JUN2027,15310000.000000,1,OPTFUT,NCO,50.000000,10,False
122513,SILVERM26OCTFUT,SILVERM,30OCT2026,-1.000000,1,FUTBLN,NCO,100.000000,120,False
122531,GOLD26OCT137100CE,GOLD,29OCT2026,13710000.000000,1,OPTFUT,NCO,50.000000,10,False
122533,GOLD26OCT137200CE,GOLD,29OCT2026,13720000.000000,1,OPTFUT,NCO,50.000000,10,False
122538,GOLD27AUG163600PE,GOLD,27AUG2027,16360000.000000,1,OPTFUT,NCO,50.000000,10,False
122543,GOLD26OCT137400CE,GOLD,29OCT2026,13740000.000000,1,OPTFUT,NCO,50.000000,10,False
122551,GOLD27JUN154000PE,GOLD,28JUN2027,15400000.000000,1,OPTFUT,NCO,50.000000,10,False
122556,SILVER26DEC269500PE,SILVER,01DEC2026,26950000.000000,1,OPTBLN,NCO,50.000000,20,False
122566,SILVERM27MAY287500CE,SILVERM,24MAY2027,28750000.000000,1,OPTFUT,NCO,50.000000,120,False
122568,SILVERM27MAY287750CE,SILVERM,24MAY2027,28775000.000000,1,OPTFUT,NCO,50.000000,120,False
122569,SILVERM27MAY287750PE,SILVERM,24MAY2027,28775000.000000,1,OPTFUT,NCO,50.000000,120,False
122581,GOLD26OCT137800CE,GOLD,29OCT2026,13780000.000000,1,OPTFUT,NCO,50.000000,10,False
122583,GOLD26OCT137900CE,GOLD,29OCT2026,13790000.000000,1,OPTFUT,NCO,50.000000,10,False
122584,GOLD26OCT137900PE,GOLD,29OCT2026,13790000.000000,1,OPTFUT,NCO,50.000000,10,False
122592,GOLD27MAY166900PE,GOLD,28MAY2027,16690000.000000,1,OPTFUT,NCO,50.000000,10,False
122667,SILVERM27JAN244500CE,SILVERM,21JAN2027,24450000.000000,1,OPTFUT,NCO,50.000000,120,False
122673,SILVERM27JAN245250CE,SILVERM,21JAN2027,24525000.000000,1,OPTFUT,NCO,50.000000,120,False
122674,SILVERM27JAN245250PE,SILVERM,21JAN2027,24525000.000000,1,OPTFUT,NCO,50.000000,120,False
122678,SILVERM27JAN245750PE,SILVERM,21JAN2027,24575000.000000,1,OPTFUT,NCO,50.000000,120,False
122679,SILVERM27JAN246000CE,SILVERM,21JAN2027,24600000.000000,1,OPTFUT,NCO,50.000000,120,False
122680,SILVERM27JAN246000PE,SILVERM,21JAN2027,24600000.000000,1,OPTFUT,NCO,50.000000,120,False
122684,SILVERM27JAN246250PE,SILVERM,21JAN2027,24625000.000000,1,OPTFUT,NCO,50.000000,120,False
122689,SILVERM27JAN246500PE,SILVERM,21JAN2027,24650000.000000,1,OPTFUT,NCO,50.000000,120,False
122695,SILVERM27JAN247250CE,SILVERM,21JAN2027,24725000.000000,1,OPTFUT,NCO,50.000000,120,False
122704,GOLD27MAY167600PE,GOLD,28MAY2027,16760000.000000,1,OPTFUT,NCO,50.000000,10,False
122726,CRUDEOIL26OCT11100CE,CRUDEOIL,08OCT2026,1110000.000000,1,OPTFUT,NCO,10.000000,100,False
122755,SILVERM27MAY273000PE,SILVERM,24MAY2027,27300000.000000,1,OPTFUT,NCO,50.000000,120,False
122772,SILVERM27JAN348750CE,SILVERM,21JAN2027,34875000.000000,1,OPTFUT,NCO,50.000000,120,False
122783,SILVERM27JAN349500CE,SILVERM,21JAN2027,34950000.000000,1,OPTFUT,NCO,50.000000,120,False
122791,SILVERM27JAN349750CE,SILVERM,21JAN2027,34975000.000000,1,OPTFUT,NCO,50.000000,120,False
122794,SILVERM27JAN350000PE,SILVERM,21JAN2027,35000000.000000,1,OPTFUT,NCO,50.000000,120,False
122795,SILVERM27JAN350250CE,SILVERM,21JAN2027,35025000.000000,1,OPTFUT,NCO,50.000000,120,False
122801,SILVERM27JAN351000CE,SILVERM,21JAN2027,35100000.000000,1,OPTFUT,NCO,50.000000,120,False
122803,SILVERM27JAN351250CE,SILVERM,21JAN2027,35125000.000000,1,OPTFUT,NCO,50.000000,120,False
122807,GOLD27JUN155100PE,GOLD,28JUN2027,15510000.000000,1,OPTFUT,NCO,50.000000,10,False
122817,SILVERM27JAN352750CE,SILVERM,21JAN2027,35275000.000000,1,OPTFUT,NCO,50.000000,120,False
122819,SILVERM27JAN353000CE,SILVERM,21JAN2027,35300000.000000,1,OPTFUT,NCO,50.000000,120,False
122838,SILVERM27MAR233000PE,SILVERM,24MAR2027,23300000.000000,1,OPTFUT,NCO,50.000000,120,False
122865,SILVERM26OCT180250CE,SILVERM,23OCT2026,18025000.000000,1,OPTFUT,NCO,50.000000,120,False
122883,GOLD27JUN155500CE,GOLD,28JUN2027,15550000.000000,1,OPTFUT,NCO,50.000000,10,False
122886,GOLDM26NOV152900CE,GOLDM,27NOV2026,15290000.000000,1,OPTFUT,NCO,50.000000,100,False
122891,SILVERM26OCT181000CE,SILVERM,23OCT2026,18100000.000000,1,OPTFUT,NCO,50.000000,120,False
122904,GOLD26SEP163100PE,GOLD,25SEP2026,16310000.000000,1,OPTFUT,NCO,50.000000,10,False
122910,SILVERM27JAN248000PE,SILVERM,21JAN2027,24800000.000000,1,OPTFUT,NCO,50.000000,120,False
122919,GOLD27JUN156000CE,GOLD,28JUN2027,15600000.000000,1,OPTFUT,NCO,50.000000,10,False
122920,GOLD27JUN156000PE,GOLD,28JUN2027,15600000.000000,1,OPTFUT,NCO,50.000000,10,False
122922,GOLD27JUN156100PE,GOLD,28JUN2027,15610000.000000,1,OPTFUT,NCO,50.000000,10,False
122924,GOLDM26NOV153000CE,GOLDM,27NOV2026,15300000.000000,1,OPTFUT,NCO,50.000000,100,False
122930,GOLD26OCT163800CE,GOLD,29OCT2026,16380000.000000,1,OPTFUT,NCO,50.000000,10,False
122934,SILVERM26OCT181500PE,SILVERM,23OCT2026,18150000.000000,1,OPTFUT,NCO,50.000000,120,False
122940,GOLD26OCT164000PE,GOLD,29OCT2026,16400000.000000,1,OPTFUT,NCO,50.000000,10,False
122946,GOLDM26NOV153100CE,GOLDM,27NOV2026,15310000.000000,1,OPTFUT,NCO,50.000000,100,False
122965,NATURALGAS26OCT200PE,NATURALGAS,21OCT2026,20000.000000,1,OPTFUT,NCO,5.000000,48,False
122980,GOLD27JUN156400PE,GOLD,28JUN2027,15640000.000000,1,OPTFUT,NCO,50.000000,10,False
122984,GOLD27JUN156500CE,GOLD,28JUN2027,15650000.000000,1,OPTFUT,NCO,50.000000,10,False
123007,GOLD27JUN156700CE,GOLD,28JUN2027,15670000.000000,1,OPTFUT,NCO,50.000000,10,False
123009,GOLD27JUN156700PE,GOLD,28JUN2027,15670000.000000,1,OPTFUT,NCO,50.000000,10,False
123020,SILVERM26OCT153750CE,SILVERM,23OCT2026,15375000.000000,1,OPTFUT,NCO,50.000000,120,False
123022,SILVERM26OCT154000CE,SILVERM,23OCT2026,15400000.000000,1,OPTFUT,NCO,50.000000,120,False
123024,SILVERM26OCT183000PE,SILVERM,23OCT2026,18300000.000000,1,OPTFUT,NCO,50.000000,120,False
123029,NATURALGAS26OCT235PE,NATURALGAS,21OCT2026,23500.000000,1,OPTFUT,NCO,5.000000,48,False
123038,SILVERM26OCT184250PE,SILVERM,23OCT2026,18425000.000000,1,OPTFUT,NCO,50.000000,120,False
123043,SILVERM26OCT185000CE,SILVERM,23OCT2026,18500000.000000,1,OPTFUT,NCO,50.000000,120,False
123072,GOLDM26NOV153400CE,GOLDM,27NOV2026,15340000.000000,1,OPTFUT,NCO,50.000000,100,False
123103,SILVERM26OCT155250CE,SILVERM,23OCT2026,15525000.000000,1,OPTFUT,NCO,50.000000,120,False
123111,SILVERM26OCT156250CE,SILVERM,23OCT2026,15625000.000000,1,OPTFUT,NCO,50.000000,120,False
123112,SILVERM26OCT156250PE,SILVERM,23OCT2026,15625000.000000,1,OPTFUT,NCO,50.000000,120,False
123149,SILVERM26OCT158000PE,SILVERM,23OCT2026,15800000.000000,1,OPTFUT,NCO,50.000000,120,False
123162,BRCRUDEOIL27MARFUT,BRCRUDEOIL,31MAR2027,-1.000000,1,FUTENR,NCO,100.000000,100,False
123168,SILVERM27MAR233750PE,SILVERM,24MAR2027,23375000.000000,1,OPTFUT,NCO,50.000000,120,False
123179,GOLDM26NOV153900CE,GOLDM,27NOV2026,15390000.000000,1,OPTFUT,NCO,50.000000,100,False
123183,GOLD27MAY168300CE,GOLD,28MAY2027,16830000.000000,1,OPTFUT,NCO,50.000000,10,False
123201,CRUDEOIL26NOV11300CE,CRUDEOIL,10NOV2026,1130000.000000,1,OPTFUT,NCO,10.000000,100,False
123203,GOLD27MAY161000PE,GOLD,28MAY2027,16100000.000000,1,OPTFUT,NCO,50.000000,10,False
123213,GOLD27MAY161500PE,GOLD,28MAY2027,16150000.000000,1,OPTFUT,NCO,50.000000,10,False
123219,GOLD27MAY161800PE,GOLD,28MAY2027,16180000.000000,1,OPTFUT,NCO,50.000000,10,False
123230,GOLD27MAY162400CE,GOLD,28MAY2027,16240000.000000,1,OPTFUT,NCO,50.000000,10,False
123233,GOLD27MAY162500PE,GOLD,28MAY2027,16250000.000000,1,OPTFUT,NCO,50.000000,10,False
123235,GOLD27MAY162600PE,GOLD,28MAY2027,16260000.000000,1,OPTFUT,NCO,50.000000,10,False
123242,GOLD27JUN156800CE,GOLD,28JUN2027,15680000.000000,1,OPTFUT,NCO,50.000000,10,False
123259,GOLD27MAY162900PE,GOLD,28MAY2027,16290000.000000,1,OPTFUT,NCO,50.000000,10,False
123261,GOLD27MAY163000PE,GOLD,28MAY2027,16300000.000000,1,OPTFUT,NCO,50.000000,10,False
123290,GOLD27MAY164400CE,GOLD,28MAY2027,16440000.000000,1,OPTFUT,NCO,50.000000,10,False
123294,GOLDM26SEP145400CE,GOLDM,25SEP2026,14540000.000000,1,OPTFUT,NCO,50.000000,100,False
123304,GOLDM26NOV154000CE,GOLDM,27NOV2026,15400000.000000,1,OPTFUT,NCO,50.000000,100,False
123312,NATURALGAS26NOV285PE,NATURALGAS,18NOV2026,28500.000000,1,OPTFUT,NCO,5.000000,48,False
123328,GOLDM26NOV154500PE,GOLDM,27NOV2026,15450000.000000,1,OPTFUT,NCO,50.000000,100,False
123335,SILVERM27JUN229250PE,SILVERM,23JUN2027,22925000.000000,1,OPTFUT,NCO,50.000000,120,False
123337,GOLD27MAY164600CE,GOLD,28MAY2027,16460000.000000,1,OPTFUT,NCO,50.000000,10,False
123338,SILVERM26DEC237000CE,SILVERM,23DEC2026,23700000.000000,1,OPTFUT,NCO,50.000000,120,False
123339,COPPER26SEP1380CE,COPPER,23SEP2026,138000.000000,1,OPTFUT,NCO,1.000000,70,False
123357,NATURALGAS26OCT330CE,NATURALGAS,21OCT2026,33000.000000,1,OPTFUT,NCO,5.000000,48,False
123366,COPPER26NOV1345CE,COPPER,23NOV2026,134500.000000,1,OPTFUT,NCO,1.000000,70,False
123372,COPPER26NOV1360CE,COPPER,23NOV2026,136000.000000,1,OPTFUT,NCO,1.000000,70,False
123378,COPPER26NOV1375CE,COPPER,23NOV2026,137500.000000,1,OPTFUT,NCO,1.000000,70,False
123389,COPPER26NOV1400PE,COPPER,23NOV2026,140000.000000,1,OPTFUT,NCO,1.000000,70,False
123392,COPPER26NOV1410CE,COPPER,23NOV2026,141000.000000,1,OPTFUT,NCO,1.000000,70,False
123393,COPPER26NOV1410PE,COPPER,23NOV2026,141000.000000,1,OPTFUT,NCO,1.000000,70,False
123397,GOLD27MAY164800CE,GOLD,28MAY2027,16480000.000000,1,OPTFUT,NCO,50.000000,10,False
123414,SILVER26DEC195500CE,SILVER,01DEC2026,19550000.000000,1,OPTBLN,NCO,50.000000,20,False
123435,SILVERM27JUL225750CE,SILVERM,23JUL2027,22575000.000000,1,OPTFUT,NCO,50.000000,120,False
123437,SILVERM27JUL226000CE,SILVERM,23JUL2027,22600000.000000,1,OPTFUT,NCO,50.000000,120,False
123440,SILVERM27JUL226250PE,SILVERM,23JUL2027,22625000.000000,1,OPTFUT,NCO,50.000000,120,False
123441,COPPER26DEC1395PE,COPPER,23DEC2026,139500.000000,1,OPTFUT,NCO,1.000000,70,False
123457,COPPER26SEP1395CE,COPPER,23SEP2026,139500.000000,1,OPTFUT,NCO,1.000000,70,False
123473,GOLDM26SEP145900PE,GOLDM,25SEP2026,14590000.000000,1,OPTFUT,NCO,50.000000,100,False
123477,GOLDM26NOV154900CE,GOLDM,27NOV2026,15490000.000000,1,OPTFUT,NCO,50.000000,100,False
123483,SILVERM27JAN357500PE,SILVERM,21JAN2027,35750000.000000,1,OPTFUT,NCO,50.000000,120,False
123485,SILVERM26OCT158250CE,SILVERM,23OCT2026,15825000.000000,1,OPTFUT,NCO,50.000000,120,False
123486,SILVERM26OCT158250PE,SILVERM,23OCT2026,15825000.000000,1,OPTFUT,NCO,50.000000,120,False
123487,SILVERM27APR254500CE,SILVERM,23APR2027,25450000.000000,1,OPTFUT,NCO,50.000000,120,False
123491,SILVERM27JUL227250PE,SILVERM,23JUL2027,22725000.000000,1,OPTFUT,NCO,50.000000,120,False
123506,SILVERM27JUL228500PE,SILVERM,23JUL2027,22850000.000000,1,OPTFUT,NCO,50.000000,120,False
123512,GOLD27MAY165500PE,GOLD,28MAY2027,16550000.000000,1,OPTFUT,NCO,50.000000,10,False
123514,SILVERM27APR255000CE,SILVERM,23APR2027,25500000.000000,1,OPTFUT,NCO,50.000000,120,False
123518,GOLD27MAY165700PE,GOLD,28MAY2027,16570000.000000,1,OPTFUT,NCO,50.000000,10,False
123520,SILVERM27JUL229000CE,SILVERM,23JUL2027,22900000.000000,1,OPTFUT,NCO,50.000000,120,False
123521,SILVERM27JUL229000PE,SILVERM,23JUL2027,22900000.000000,1,OPTFUT,NCO,50.000000,120,False
123526,SILVERM27APR255000PE,SILVERM,23APR2027,25500000.000000,1,OPTFUT,NCO,50.000000,120,False
123537,SILVERM26OCT186250CE,SILVERM,23OCT2026,18625000.000000,1,OPTFUT,NCO,50.000000,120,False
123540,SILVERM26OCT186500PE,SILVERM,23OCT2026,18650000.000000,1,OPTFUT,NCO,50.000000,120,False
123553,SILVERM26OCT188000CE,SILVERM,23OCT2026,18800000.000000,1,OPTFUT,NCO,50.000000,120,False
123561,SILVERM26OCT189000CE,SILVERM,23OCT2026,18900000.000000,1,OPTFUT,NCO,50.000000,120,False
123568,SILVERM26OCT189750PE,SILVERM,23OCT2026,18975000.000000,1,OPTFUT,NCO,50.000000,120,False
123573,SILVERM26OCT190500CE,SILVERM,23OCT2026,19050000.000000,1,OPTFUT,NCO,50.000000,120,False
123574,SILVERM26OCT190500PE,SILVERM,23OCT2026,19050000.000000,1,OPTFUT,NCO,50.000000,120,False
123576,SILVERM26OCT190750PE,SILVERM,23OCT2026,19075000.000000,1,OPTFUT,NCO,50.000000,120,False
123582,SILVERM26OCT191500CE,SILVERM,23OCT2026,19150000.000000,1,OPTFUT,NCO,50.000000,120,False
123590,COPPER26DEC1415CE,COPPER,23DEC2026,141500.000000,1,OPTFUT,NCO,1.000000,70,False
123606,SILVER26DEC201500CE,SILVER,01DEC2026,20150000.000000,1,OPTBLN,NCO,50.000000,20,False
123616,SILVER26DEC202750CE,SILVER,01DEC2026,20275000.000000,1,OPTBLN,NCO,50.000000,20,False
123638,SILVERM26NOV181500PE,SILVERM,23NOV2026,18150000.000000,1,OPTFUT,NCO,50.000000,120,False
123639,SILVERM26NOV181750CE,SILVERM,23NOV2026,18175000.000000,1,OPTFUT,NCO,50.000000,120,False
123662,SILVERM26NOV184500PE,SILVERM,23NOV2026,18450000.000000,1,OPTFUT,NCO,50.000000,120,False
123667,SILVERM26NOV185250CE,SILVERM,23NOV2026,18525000.000000,1,OPTFUT,NCO,50.000000,120,False
123668,SILVERM26NOV185250PE,SILVERM,23NOV2026,18525000.000000,1,OPTFUT,NCO,50.000000,120,False
123670,SILVERM26NOV185500PE,SILVERM,23NOV2026,18550000.000000,1,OPTFUT,NCO,50.000000,120,False
123674,SILVERM26NOV186000PE,SILVERM,23NOV2026,18600000.000000,1,OPTFUT,NCO,50.000000,120,False
123678,SILVERM26NOV186500PE,SILVERM,23NOV2026,18650000.000000,1,OPTFUT,NCO,50.000000,120,False
123688,SILVERM27JAN358250CE,SILVERM,21JAN2027,35825000.000000,1,OPTFUT,NCO,50.000000,120,False
123689,SILVERM27JAN358250PE,SILVERM,21JAN2027,35825000.000000,1,OPTFUT,NCO,50.000000,120,False
123694,SILVERM27JAN358750CE,SILVERM,21JAN2027,35875000.000000,1,OPTFUT,NCO,50.000000,120,False
123709,SILVERM26NOV187750CE,SILVERM,23NOV2026,18775000.000000,1,OPTFUT,NCO,50.000000,120,False
123714,SILVERM26NOV188250PE,SILVERM,23NOV2026,18825000.000000,1,OPTFUT,NCO,50.000000,120,False
123735,SILVERM26NOV191000CE,SILVERM,23NOV2026,19100000.000000,1,OPTFUT,NCO,50.000000,120,False
123747,SILVERM26NOV192500CE,SILVERM,23NOV2026,19250000.000000,1,OPTFUT,NCO,50.000000,120,False
123750,SILVERM26NOV192750PE,SILVERM,23NOV2026,19275000.000000,1,OPTFUT,NCO,50.000000,120,False
123759,COPPER26DEC1445CE,COPPER,23DEC2026,144500.000000,1,OPTFUT,NCO,1.000000,70,False
123779,GOLDM26NOV155200CE,GOLDM,27NOV2026,15520000.000000,1,OPTFUT,NCO,50.000000,100,False
123780,GOLDM26NOV155200PE,GOLDM,27NOV2026,15520000.000000,1,OPTFUT,NCO,50.000000,100,False
123794,SILVERM26OCT160500CE,SILVERM,23OCT2026,16050000.000000,1,OPTFUT,NCO,50.000000,120,False
123801,SILVERM27AUG246000CE,SILVERM,24AUG2027,24600000.000000,1,OPTFUT,NCO,50.000000,120,False
123807,SILVERM27AUG246500PE,SILVERM,24AUG2027,24650000.000000,1,OPTFUT,NCO,50.000000,120,False
123839,GOLDM26SEP146900CE,GOLDM,25SEP2026,14690000.000000,1,OPTFUT,NCO,50.000000,100,False
123840,GOLDM26SEP146900PE,GOLDM,25SEP2026,14690000.000000,1,OPTFUT,NCO,50.000000,100,False
123845,SILVERM27AUG247250PE,SILVERM,24AUG2027,24725000.000000,1,OPTFUT,NCO,50.000000,120,False
123861,SILVERM27JUL233250CE,SILVERM,23JUL2027,23325000.000000,1,OPTFUT,NCO,50.000000,120,False
123891,SILVERM26OCT162750PE,SILVERM,23OCT2026,16275000.000000,1,OPTFUT,NCO,50.000000,120,False
123899,COPPER26OCT1365PE,COPPER,23OCT2026,136500.000000,1,OPTFUT,NCO,1.000000,70,False
123906,SILVERM26OCT163250CE,SILVERM,23OCT2026,16325000.000000,1,OPTFUT,NCO,50.000000,120,False
123909,GOLDM26SEP147000PE,GOLDM,25SEP2026,14700000.000000,1,OPTFUT,NCO,50.000000,100,False
123910,GOLDM26SEP147100CE,GOLDM,25SEP2026,14710000.000000,1,OPTFUT,NCO,50.000000,100,False
123924,GOLDM26SEP147800CE,GOLDM,25SEP2026,14780000.000000,1,OPTFUT,NCO,50.000000,100,False
123928,SILVERM27JUL235000PE,SILVERM,23JUL2027,23500000.000000,1,OPTFUT,NCO,50.000000,120,False
123941,SILVERM27APR257000PE,SILVERM,23APR2027,25700000.000000,1,OPTFUT,NCO,50.000000,120,False
123945,SILVERM27APR257250CE,SILVERM,23APR2027,25725000.000000,1,OPTFUT,NCO,50.000000,120,False
123947,SILVERM27APR257500CE,SILVERM,23APR2027,25750000.000000,1,OPTFUT,NCO,50.000000,120,False
123948,SILVERM27APR257500PE,SILVERM,23APR2027,25750000.000000,1,OPTFUT,NCO,50.000000,120,False
123999,SILVERM27APR260000CE,SILVERM,23APR2027,26000000.000000,1,OPTFUT,NCO,50.000000,120,False
124036,SILVERM27FEB279500PE,SILVERM,19FEB2027,27950000.000000,1,OPTFUT,NCO,50.000000,120,False
124039,SILVERM27FEB280000CE,SILVERM,19FEB2027,28000000.000000,1,OPTFUT,NCO,50.000000,120,False
124048,SILVERM27FEB281000PE,SILVERM,19FEB2027,28100000.000000,1,OPTFUT,NCO,50.000000,120,False
124050,SILVERM27FEB281250PE,SILVERM,19FEB2027,28125000.000000,1,OPTFUT,NCO,50.000000,120,False
124065,SILVERM27FEB283000CE,SILVERM,19FEB2027,28300000.000000,1,OPTFUT,NCO,50.000000,120,False
124073,GOLD26SEP145000PE,GOLD,25SEP2026,14500000.000000,1,OPTFUT,NCO,50.000000,10,False
124078,GOLD26OCT145700CE,GOLD,29OCT2026,14570000.000000,1,OPTFUT,NCO,50.000000,10,False
124080,GOLD26OCT145800CE,GOLD,29OCT2026,14580000.000000,1,OPTFUT,NCO,50.000000,10,False
124087,NATURALGAS26NOV300PE,NATURALGAS,18NOV2026,30000.000000,1,OPTFUT,NCO,5.000000,48,False
124100,NATURALGAS26NOV335CE,NATURALGAS,18NOV2026,33500.000000,1,OPTFUT,NCO,5.000000,48,False
124111,NATURALGAS26NOV355PE,NATURALGAS,18NOV2026,35500.000000,1,OPTFUT,NCO,5.000000,48,False
124116,SILVERM27JUL236250CE,SILVERM,23JUL2027,23625000.000000,1,OPTFUT,NCO,50.000000,120,False
124148,SILVERM27FEB284500CE,SILVERM,19FEB2027,28450000.000000,1,OPTFUT,NCO,50.000000,120,False
124153,SILVERM27FEB285000PE,SILVERM,19FEB2027,28500000.000000,1,OPTFUT,NCO,50.000000,120,False
124161,GOLD27MAR147300PE,GOLD,29MAR2027,14730000.000000,1,OPTFUT,NCO,50.000000,10,False
124167,GOLD26NOV146400CE,GOLD,27NOV2026,14640000.000000,1,OPTFUT,NCO,50.000000,10,False
124169,SILVERM27FEB285750CE,SILVERM,19FEB2027,28575000.000000,1,OPTFUT,NCO,50.000000,120,False
124173,SILVERM27MAY273750PE,SILVERM,24MAY2027,27375000.000000,1,OPTFUT,NCO,50.000000,120,False
124190,GOLD27APR153600CE,GOLD,28APR2027,15360000.000000,1,OPTFUT,NCO,50.000000,10,False
124192,GOLD27APR153700CE,GOLD,28APR2027,15370000.000000,1,OPTFUT,NCO,50.000000,10,False
124204,GOLD27APR154100CE,GOLD,28APR2027,15410000.000000,1,OPTFUT,NCO,50.000000,10,False
124209,GOLD27APR154300PE,GOLD,28APR2027,15430000.000000,1,OPTFUT,NCO,50.000000,10,False
124214,GOLD27APR154600CE,GOLD,28APR2027,15460000.000000,1,OPTFUT,NCO,50.000000,10,False
124216,GOLD27APR154700CE,GOLD,28APR2027,15470000.000000,1,OPTFUT,NCO,50.000000,10,False
124240,GOLD27APR155600PE,GOLD,28APR2027,15560000.000000,1,OPTFUT,NCO,50.000000,10,False
124241,GOLD27APR155700CE,GOLD,28APR2027,15570000.000000,1,OPTFUT,NCO,50.000000,10,False
124246,GOLD27APR155900PE,GOLD,28APR2027,15590000.000000,1,OPTFUT,NCO,50.000000,10,False
124251,SILVER26DEC203750CE,SILVER,01DEC2026,20375000.000000,1,OPTBLN,NCO,50.000000,20,False
124275,GOLD27MAR147900CE,GOLD,29MAR2027,14790000.000000,1,OPTFUT,NCO,50.000000,10,False
124297,GOLD26NOV133700PE,GOLD,27NOV2026,13370000.000000,1,OPTFUT,NCO,50.000000,10,False
124330,SILVERM27FEB288000PE,SILVERM,19FEB2027,28800000.000000,1,OPTFUT,NCO,50.000000,120,False
124338,GOLD27MAR148600CE,GOLD,29MAR2027,14860000.000000,1,OPTFUT,NCO,50.000000,10,False
124340,GOLD26NOV134200PE,GOLD,27NOV2026,13420000.000000,1,OPTFUT,NCO,50.000000,10,False
124355,GOLD27APR156600CE,GOLD,28APR2027,15660000.000000,1,OPTFUT,NCO,50.000000,10,False
124369,SILVER26DEC204250CE,SILVER,01DEC2026,20425000.000000,1,OPTBLN,NCO,50.000000,20,False
124396,SILVERM27MAY275000PE,SILVERM,24MAY2027,27500000.000000,1,OPTFUT,NCO,50.000000,120,False
124411,SILVERM27MAR242250CE,SILVERM,24MAR2027,24225000.000000,1,OPTFUT,NCO,50.000000,120,False
124424,GOLD27MAR149000PE,GOLD,29MAR2027,14900000.000000,1,OPTFUT,NCO,50.000000,10,False
124426,GOLD26NOV134800CE,GOLD,27NOV2026,13480000.000000,1,OPTFUT,NCO,50.000000,10,False
124432,GOLD27APR157500PE,GOLD,28APR2027,15750000.000000,1,OPTFUT,NCO,50.000000,10,False
124440,SILVERM27MAY275500PE,SILVERM,24MAY2027,27550000.000000,1,OPTFUT,NCO,50.000000,120,False
124441,GOLD27APR157600CE,GOLD,28APR2027,15760000.000000,1,OPTFUT,NCO,50.000000,10,False
124446,GOLD27APR157700CE,GOLD,28APR2027,15770000.000000,1,OPTFUT,NCO,50.000000,10,False
124450,GOLD27APR157800PE,GOLD,28APR2027,15780000.000000,1,OPTFUT,NCO,50.000000,10,False
124456,SILVERM27MAR243250CE,SILVERM,24MAR2027,24325000.000000,1,OPTFUT,NCO,50.000000,120,False
124468,GOLD27APR158400CE,GOLD,28APR2027,15840000.000000,1,OPTFUT,NCO,50.000000,10,False
124476,SILVERM27MAY276000PE,SILVERM,24MAY2027,27600000.000000,1,OPTFUT,NCO,50.000000,120,False
124477,SILVERM27MAY276250CE,SILVERM,24MAY2027,27625000.000000,1,OPTFUT,NCO,50.000000,120,False
124490,GOLD27APR147800CE,GOLD,28APR2027,14780000.000000,1,OPTFUT,NCO,50.000000,10,False
124497,ZINC26NOV377.5CE,ZINC,23NOV2026,37750.000000,1,OPTFUT,NCO,1.000000,20,False
124507,GOLD26OCT130200CE,GOLD,29OCT2026,13020000.000000,1,OPTFUT,NCO,50.000000,10,False
124519,ZINC26NOV397.5PE,ZINC,23NOV2026,39750.000000,1,OPTFUT,NCO,1.000000,20,False
124531,ZINC26NOV412.5PE,ZINC,23NOV2026,41250.000000,1,OPTFUT,NCO,1.000000,20,False
124541,GOLD27APR148100CE,GOLD,28APR2027,14810000.000000,1,OPTFUT,NCO,50.000000,10,False
124544,GOLD27APR148200PE,GOLD,28APR2027,14820000.000000,1,OPTFUT,NCO,50.000000,10,False
124551,GOLD26NOV135300PE,GOLD,27NOV2026,13530000.000000,1,OPTFUT,NCO,50.000000,10,False
124590,GOLD26NOV135800CE,GOLD,27NOV2026,13580000.000000,1,OPTFUT,NCO,50.000000,10,False
124593,GOLD27APR148500CE,GOLD,28APR2027,14850000.000000,1,OPTFUT,NCO,50.000000,10,False
124615,COPPER26NOV1445CE,COPPER,23NOV2026,144500.000000,1,OPTFUT,NCO,1.000000,70,False
124625,CRUDEOIL26OCT4700CE,CRUDEOIL,08OCT2026,470000.000000,1,OPTFUT,NCO,10.000000,100,False
124631,GOLD27JUL151100CE,GOLD,29JUL2027,15110000.000000,1,OPTFUT,NCO,50.000000,10,False
124638,SILVERM27AUG249000CE,SILVERM,24AUG2027,24900000.000000,1,OPTFUT,NCO,50.000000,120,False
124642,GOLD26NOV136400PE,GOLD,27NOV2026,13640000.000000,1,OPTFUT,NCO,50.000000,10,False
124644,GOLD26NOV136500PE,GOLD,27NOV2026,13650000.000000,1,OPTFUT,NCO,50.000000,10,False
124649,GOLD27JUL151200PE,GOLD,29JUL2027,15120000.000000,1,OPTFUT,NCO,50.000000,10,False
124658,GOLD27JUL151500CE,GOLD,29JUL2027,15150000.000000,1,OPTFUT,NCO,50.000000,10,False
124660,GOLD27JUL151600CE,GOLD,29JUL2027,15160000.000000,1,OPTFUT,NCO,50.000000,10,False
124671,GOLD27JUL151900CE,GOLD,29JUL2027,15190000.000000,1,OPTFUT,NCO,50.000000,10,False
124687,GOLD27JUL152500PE,GOLD,29JUL2027,15250000.000000,1,OPTFUT,NCO,50.000000,10,False
124688,GOLD27JUL152600CE,GOLD,29JUL2027,15260000.000000,1,OPTFUT,NCO,50.000000,10,False
124708,GOLD27JUL153400CE,GOLD,29JUL2027,15340000.000000,1,OPTFUT,NCO,50.000000,10,False
124711,SILVERM27AUG250250CE,SILVERM,24AUG2027,25025000.000000,1,OPTFUT,NCO,50.000000,120,False
124718,GOLD27JUL153500PE,GOLD,29JUL2027,15350000.000000,1,OPTFUT,NCO,50.000000,10,False
124724,SILVERM27AUG251250PE,SILVERM,24AUG2027,25125000.000000,1,OPTFUT,NCO,50.000000,120,False
124727,SILVERM27AUG251750CE,SILVERM,24AUG2027,25175000.000000,1,OPTFUT,NCO,50.000000,120,False
124745,GOLD26OCT126100PE,GOLD,29OCT2026,12610000.000000,1,OPTFUT,NCO,50.000000,10,False
124749,GOLD26OCT126300CE,GOLD,29OCT2026,12630000.000000,1,OPTFUT,NCO,50.000000,10,False
124752,GOLD26OCT126400PE,GOLD,29OCT2026,12640000.000000,1,OPTFUT,NCO,50.000000,10,False
124753,GOLD26OCT126500CE,GOLD,29OCT2026,12650000.000000,1,OPTFUT,NCO,50.000000,10,False
124756,GOLD27JUL153600CE,GOLD,29JUL2027,15360000.000000,1,OPTFUT,NCO,50.000000,10,False
124781,GOLD26NOV137400PE,GOLD,27NOV2026,13740000.000000,1,OPTFUT,NCO,50.000000,10,False
124788,SILVERM27AUG253250CE,SILVERM,24AUG2027,25325000.000000,1,OPTFUT,NCO,50.000000,120,False
124789,GOLD27APR148700CE,GOLD,28APR2027,14870000.000000,1,OPTFUT,NCO,50.000000,10,False
124799,GOLD27APR149000CE,GOLD,28APR2027,14900000.000000,1,OPTFUT,NCO,50.000000,10,False
124800,GOLD27APR149000PE,GOLD,28APR2027,14900000.000000,1,OPTFUT,NCO,50.000000,10,False
124801,GOLD27APR149100CE,GOLD,28APR2027,14910000.000000,1,OPTFUT,NCO,50.000000,10,False
124805,GOLD27APR149200CE,GOLD,28APR2027,14920000.000000,1,OPTFUT,NCO,50.000000,10,False
124807,GOLD27APR149300CE,GOLD,28APR2027,14930000.000000,1,OPTFUT,NCO,50.000000,10,False
124815,GOLD27APR149400CE,GOLD,28APR2027,14940000.000000,1,OPTFUT,NCO,50.000000,10,False
124816,SILVERM27AUG253750CE,SILVERM,24AUG2027,25375000.000000,1,OPTFUT,NCO,50.000000,120,False
124828,SILVER26DEC206500PE,SILVER,01DEC2026,20650000.000000,1,OPTBLN,NCO,50.000000,20,False
124830,SILVER26DEC206750CE,SILVER,01DEC2026,20675000.000000,1,OPTBLN,NCO,50.000000,20,False
124847,SILVER26DEC207500CE,SILVER,01DEC2026,20750000.000000,1,OPTBLN,NCO,50.000000,20,False
124848,SILVER26DEC207500PE,SILVER,01DEC2026,20750000.000000,1,OPTBLN,NCO,50.000000,20,False
124851,GOLD27APR149600PE,GOLD,28APR2027,14960000.000000,1,OPTFUT,NCO,50.000000,10,False
124860,GOLD27APR149900CE,GOLD,28APR2027,14990000.000000,1,OPTFUT,NCO,50.000000,10,False
124866,GOLD26NOV138500CE,GOLD,27NOV2026,13850000.000000,1,OPTFUT,NCO,50.000000,10,False
124889,GOLD27JUL154600CE,GOLD,29JUL2027,15460000.000000,1,OPTFUT,NCO,50.000000,10,False
124899,GOLD27MAY149000PE,GOLD,28MAY2027,14900000.000000,1,OPTFUT,NCO,50.000000,10,False
124901,SILVER26DEC207750PE,SILVER,01DEC2026,20775000.000000,1,OPTBLN,NCO,50.000000,20,False
124920,SILVERM27AUG254750PE,SILVERM,24AUG2027,25475000.000000,1,OPTFUT,NCO,50.000000,120,False
124934,GOLD27JUL155300CE,GOLD,29JUL2027,15530000.000000,1,OPTFUT,NCO,50.000000,10,False
124941,SILVERM27AUG256250CE,SILVERM,24AUG2027,25625000.000000,1,OPTFUT,NCO,50.000000,120,False
124942,GOLD27JUL155400CE,GOLD,29JUL2027,15540000.000000,1,OPTFUT,NCO,50.000000,10,False
124961,SILVER26DEC208250PE,SILVER,01DEC2026,20825000.000000,1,OPTBLN,NCO,50.000000,20,False
124968,SILVERM27MAY276750PE,SILVERM,24MAY2027,27675000.000000,1,OPTFUT,NCO,50.000000,120,False
125003,GOLD27JUL156000CE,GOLD,29JUL2027,15600000.000000,1,OPTFUT,NCO,50.000000,10,False
125010,GOLDM26SEP149400CE,GOLDM,25SEP2026,14940000.000000,1,OPTFUT,NCO,50.000000,100,False
125013,GOLDM26OCT144500CE,GOLDM,29OCT2026,14450000.000000,1,OPTFUT,NCO,50.000000,100,False
125015,GOLD27MAY149800PE,GOLD,28MAY2027,14980000.000000,1,OPTFUT,NCO,50.000000,10,False
125023,GOLDM26OCT144800PE,GOLDM,29OCT2026,14480000.000000,1,OPTFUT,NCO,50.000000,100,False
125035,GOLDM26SEP150000CE,GOLDM,25SEP2026,15000000.000000,1,OPTFUT,NCO,50.000000,100,False
125037,GOLD27MAY149900PE,GOLD,28MAY2027,14990000.000000,1,OPTFUT,NCO,50.000000,10,False
125056,GOLD26OCT127900PE,GOLD,29OCT2026,12790000.000000,1,OPTFUT,NCO,50.000000,10,False
125080,GOLD27MAR161900CE,GOLD,29MAR2027,16190000.000000,1,OPTFUT,NCO,50.000000,10,False
125082,GOLDM26OCT145900CE,GOLDM,29OCT2026,14590000.000000,1,OPTFUT,NCO,50.000000,100,False
125087,GOLD27MAY150500CE,GOLD,28MAY2027,15050000.000000,1,OPTFUT,NCO,50.000000,10,False
125091,GOLD27MAY150700CE,GOLD,28MAY2027,15070000.000000,1,OPTFUT,NCO,50.000000,10,False
125096,GOLD27MAR162100CE,GOLD,29MAR2027,16210000.000000,1,OPTFUT,NCO,50.000000,10,False
125098,GOLD27MAR162200CE,GOLD,29MAR2027,16220000.000000,1,OPTFUT,NCO,50.000000,10,False
125100,GOLDM26OCT146000PE,GOLDM,29OCT2026,14600000.000000,1,OPTFUT,NCO,50.000000,100,False
125121,GOLD26OCT128300CE,GOLD,29OCT2026,12830000.000000,1,OPTFUT,NCO,50.000000,10,False
125133,GOLD27MAR163200CE,GOLD,29MAR2027,16320000.000000,1,OPTFUT,NCO,50.000000,10,False
125148,GOLD26OCT128600PE,GOLD,29OCT2026,12860000.000000,1,OPTFUT,NCO,50.000000,10,False
125149,SILVERM27MAR244000PE,SILVERM,24MAR2027,24400000.000000,1,OPTFUT,NCO,50.000000,120,False
125174,SILVERM26DEC241250PE,SILVERM,23DEC2026,24125000.000000,1,OPTFUT,NCO,50.000000,120,False
125196,GOLDM26OCT146500PE,GOLDM,29OCT2026,14650000.000000,1,OPTFUT,NCO,50.000000,100,False
125201,GOLDM26OCT146800CE,GOLDM,29OCT2026,14680000.000000,1,OPTFUT,NCO,50.000000,100,False
125204,GOLDM26OCT146900PE,GOLDM,29OCT2026,14690000.000000,1,OPTFUT,NCO,50.000000,100,False
125212,SILVERM27JAN263750CE,SILVERM,21JAN2027,26375000.000000,1,OPTFUT,NCO,50.000000,120,False
125213,SILVERM27JAN263750PE,SILVERM,21JAN2027,26375000.000000,1,OPTFUT,NCO,50.000000,120,False
125214,SILVERM27JAN264000CE,SILVERM,21JAN2027,26400000.000000,1,OPTFUT,NCO,50.000000,120,False
125233,GOLD26OCT129200CE,GOLD,29OCT2026,12920000.000000,1,OPTFUT,NCO,50.000000,10,False
125238,GOLD26OCT129400CE,GOLD,29OCT2026,12940000.000000,1,OPTFUT,NCO,50.000000,10,False
125247,SILVER26DEC209250PE,SILVER,01DEC2026,20925000.000000,1,OPTBLN,NCO,50.000000,20,False
125253,GOLDM26OCT147100PE,GOLDM,29OCT2026,14710000.000000,1,OPTFUT,NCO,50.000000,100,False
125254,GOLDM26OCT147200CE,GOLDM,29OCT2026,14720000.000000,1,OPTFUT,NCO,50.000000,100,False
125261,GOLD26OCT129700PE,GOLD,29OCT2026,12970000.000000,1,OPTFUT,NCO,50.000000,10,False
125285,SILVER26DEC211250PE,SILVER,01DEC2026,21125000.000000,1,OPTBLN,NCO,50.000000,20,False
125290,SILVER26DEC212000CE,SILVER,01DEC2026,21200000.000000,1,OPTBLN,NCO,50.000000,20,False
125291,SILVER26DEC212000PE,SILVER,01DEC2026,21200000.000000,1,OPTBLN,NCO,50.000000,20,False
125311,SILVERM27JAN266750PE,SILVERM,21JAN2027,26675000.000000,1,OPTFUT,NCO,50.000000,120,False
125316,SILVER26DEC213250CE,SILVER,01DEC2026,21325000.000000,1,OPTBLN,NCO,50.000000,20,False
125339,ZINC26NOV450PE,ZINC,23NOV2026,45000.000000,1,OPTFUT,NCO,1.000000,20,False
125358,ZINC26NOV452.5PE,ZINC,23NOV2026,45250.000000,1,OPTFUT,NCO,1.000000,20,False
125361,GOLDM26OCT148000CE,GOLDM,29OCT2026,14800000.000000,1,OPTFUT,NCO,50.000000,100,False
125381,SILVERM27MAR245750PE,SILVERM,24MAR2027,24575000.000000,1,OPTFUT,NCO,50.000000,120,False
125382,SILVERM27MAR246000CE,SILVERM,24MAR2027,24600000.000000,1,OPTFUT,NCO,50.000000,120,False
125384,SILVERM27JAN268750CE,SILVERM,21JAN2027,26875000.000000,1,OPTFUT,NCO,50.000000,120,False
125403,SILVERM27JAN270500CE,SILVERM,21JAN2027,27050000.000000,1,OPTFUT,NCO,50.000000,120,False
125416,SILVERM27MAR247000CE,SILVERM,24MAR2027,24700000.000000,1,OPTFUT,NCO,50.000000,120,False
125421,SILVERM27MAR247000PE,SILVERM,24MAR2027,24700000.000000,1,OPTFUT,NCO,50.000000,120,False
125430,SILVERM27JAN271500PE,SILVERM,21JAN2027,27150000.000000,1,OPTFUT,NCO,50.000000,120,False
125438,SILVERM27JAN272250PE,SILVERM,21JAN2027,27225000.000000,1,OPTFUT,NCO,50.000000,120,False
125440,SILVERM27JAN272500PE,SILVERM,21JAN2027,27250000.000000,1,OPTFUT,NCO,50.000000,120,False
125442,SILVERM27MAR276000CE,SILVERM,24MAR2027,27600000.000000,1,OPTFUT,NCO,50.000000,120,False
125448,SILVERM27MAR247750CE,SILVERM,24MAR2027,24775000.000000,1,OPTFUT,NCO,50.000000,120,False
125451,SILVERM27MAR248000PE,SILVERM,24MAR2027,24800000.000000,1,OPTFUT,NCO,50.000000,120,False
125452,SILVERM27MAR248250CE,SILVERM,24MAR2027,24825000.000000,1,OPTFUT,NCO,50.000000,120,False
125453,SILVERM27MAR248250PE,SILVERM,24MAR2027,24825000.000000,1,OPTFUT,NCO,50.000000,120,False
125469,SILVERM27MAR250250PE,SILVERM,24MAR2027,25025000.000000,1,OPTFUT,NCO,50.000000,120,False
125496,SILVERM27JAN274500PE,SILVERM,21JAN2027,27450000.000000,1,OPTFUT,NCO,50.000000,120,False
125502,SILVERM27MAR251500CE,SILVERM,24MAR2027,25150000.000000,1,OPTFUT,NCO,50.000000,120,False
125518,SILVERM27JAN276500PE,SILVERM,21JAN2027,27650000.000000,1,OPTFUT,NCO,50.000000,120,False
125547,SILVERM27JAN277750CE,SILVERM,21JAN2027,27775000.000000,1,OPTFUT,NCO,50.000000,120,False
125549,GOLDM26NOV156600PE,GOLDM,27NOV2026,15660000.000000,1,OPTFUT,NCO,50.000000,100,False
125569,SILVERM27MAY267500CE,SILVERM,24MAY2027,26750000.000000,1,OPTFUT,NCO,50.000000,120,False
125571,SILVERM27MAY267500PE,SILVERM,24MAY2027,26750000.000000,1,OPTFUT,NCO,50.000000,120,False
125577,SILVERM26OCT149500PE,SILVERM,23OCT2026,14950000.000000,1,OPTFUT,NCO,50.000000,120,False
125585,GOLDM26OCT148500CE,GOLDM,29OCT2026,14850000.000000,1,OPTFUT,NCO,50.000000,100,False
125591,SILVERM26OCT150500CE,SILVERM,23OCT2026,15050000.000000,1,OPTFUT,NCO,50.000000,120,False
125595,GOLDM26NOV157200CE,GOLDM,27NOV2026,15720000.000000,1,OPTFUT,NCO,50.000000,100,False
125601,GOLDM26NOV157500CE,GOLDM,27NOV2026,15750000.000000,1,OPTFUT,NCO,50.000000,100,False
125626,SILVERM27MAY278750CE,SILVERM,24MAY2027,27875000.000000,1,OPTFUT,NCO,50.000000,120,False
125634,GOLD27AUG159400CE,GOLD,27AUG2027,15940000.000000,1,OPTFUT,NCO,50.000000,10,False
125656,GOLDM26NOV152600CE,GOLDM,27NOV2026,15260000.000000,1,OPTFUT,NCO,50.000000,100,False
125671,SILVERM27JAN279000PE,SILVERM,21JAN2027,27900000.000000,1,OPTFUT,NCO,50.000000,120,False
125674,SILVERM27JAN279500CE,SILVERM,21JAN2027,27950000.000000,1,OPTFUT,NCO,50.000000,120,False
125680,SILVERM27JAN280250CE,SILVERM,21JAN2027,28025000.000000,1,OPTFUT,NCO,50.000000,120,False
125682,SILVERM27JAN280500CE,SILVERM,21JAN2027,28050000.000000,1,OPTFUT,NCO,50.000000,120,False
125683,SILVERM27JAN280500PE,SILVERM,21JAN2027,28050000.000000,1,OPTFUT,NCO,50.000000,120,False
125687,SILVERM27JAN281000PE,SILVERM,21JAN2027,28100000.000000,1,OPTFUT,NCO,50.000000,120,False
125691,SILVERM27JAN281500PE,SILVERM,21JAN2027,28150000.000000,1,OPTFUT,NCO,50.000000,120,False
125705,SILVERM27JAN283000CE,SILVERM,21JAN2027,28300000.000000,1,OPTFUT,NCO,50.000000,120,False
125715,SILVERM27JAN284250CE,SILVERM,21JAN2027,28425000.000000,1,OPTFUT,NCO,50.000000,120,False
125731,SILVERM27JAN285500PE,SILVERM,21JAN2027,28550000.000000,1,OPTFUT,NCO,50.000000,120,False
125755,SILVERM27JAN288500CE,SILVERM,21JAN2027,28850000.000000,1,OPTFUT,NCO,50.000000,120,False
125758,SILVERM27JAN288750PE,SILVERM,21JAN2027,28875000.000000,1,OPTFUT,NCO,50.000000,120,False
125774,SILVER26DEC214000CE,SILVER,01DEC2026,21400000.000000,1,OPTBLN,NCO,50.000000,20,False
125779,SILVER26DEC214500CE,SILVER,01DEC2026,21450000.000000,1,OPTBLN,NCO,50.000000,20,False
125782,SILVER26DEC214750PE,SILVER,01DEC2026,21475000.000000,1,OPTBLN,NCO,50.000000,20,False
125790,SILVERM27MAR253000PE,SILVERM,24MAR2027,25300000.000000,1,OPTFUT,NCO,50.000000,120,False
125794,SILVERM27MAR253500PE,SILVERM,24MAR2027,25350000.000000,1,OPTFUT,NCO,50.000000,120,False
125795,GOLDM26OCT149200PE,GOLDM,29OCT2026,14920000.000000,1,OPTFUT,NCO,50.000000,100,False
125799,SILVERM27JUL238750PE,SILVERM,23JUL2027,23875000.000000,1,OPTFUT,NCO,50.000000,120,False
125824,SILVER27MAR258250CE,SILVER,02MAR2027,25825000.000000,1,OPTBLN,NCO,50.000000,20,False
125837,SILVERM27MAY268000CE,SILVERM,24MAY2027,26800000.000000,1,OPTFUT,NCO,50.000000,120,False
125848,GOLD26NOV132800CE,GOLD,27NOV2026,13280000.000000,1,OPTFUT,NCO,50.000000,10,False
125849,GOLD26NOV132800PE,GOLD,27NOV2026,13280000.000000,1,OPTFUT,NCO,50.000000,10,False
125850,ZINC26OCT455CE,ZINC,23OCT2026,45500.000000,1,OPTFUT,NCO,1.000000,20,False
125856,SILVERM27JAN291000CE,SILVERM,21JAN2027,29100000.000000,1,OPTFUT,NCO,50.000000,120,False
125857,SILVERM27JAN291000PE,SILVERM,21JAN2027,29100000.000000,1,OPTFUT,NCO,50.000000,120,False
125858,SILVERM27JAN291250CE,SILVERM,21JAN2027,29125000.000000,1,OPTFUT,NCO,50.000000,120,False
125880,SILVERM27JUL245000CE,SILVERM,23JUL2027,24500000.000000,1,OPTFUT,NCO,50.000000,120,False
125900,SILVER27MAR259000CE,SILVER,02MAR2027,25900000.000000,1,OPTBLN,NCO,50.000000,20,False
125902,SILVERM26OCT151250CE,SILVERM,23OCT2026,15125000.000000,1,OPTFUT,NCO,50.000000,120,False
125907,SILVERM27JAN292250PE,SILVERM,21JAN2027,29225000.000000,1,OPTFUT,NCO,50.000000,120,False
125914,SILVER27MAR259250PE,SILVER,02MAR2027,25925000.000000,1,OPTBLN,NCO,50.000000,20,False
125924,GOLD26OCT130200PE,GOLD,29OCT2026,13020000.000000,1,OPTFUT,NCO,50.000000,10,False
125939,SILVERM27JAN293500CE,SILVERM,21JAN2027,29350000.000000,1,OPTFUT,NCO,50.000000,120,False
125982,GOLD27JUN158000PE,GOLD,28JUN2027,15800000.000000,1,OPTFUT,NCO,50.000000,10,False
125990,ZINC26DEC427.5PE,ZINC,23DEC2026,42750.000000,1,OPTFUT,NCO,1.000000,20,False
125994,GOLD27APR158600CE,GOLD,28APR2027,15860000.000000,1,OPTFUT,NCO,50.000000,10,False
126011,GOLD27JAN172500PE,GOLD,29JAN2027,17250000.000000,1,OPTFUT,NCO,50.000000,10,False
126017,GOLD27JAN172800PE,GOLD,29JAN2027,17280000.000000,1,OPTFUT,NCO,50.000000,10,False
126018,GOLD27JAN172900CE,GOLD,29JAN2027,17290000.000000,1,OPTFUT,NCO,50.000000,10,False
126028,SILVERM27JAN294750PE,SILVERM,21JAN2027,29475000.000000,1,OPTFUT,NCO,50.000000,120,False
126031,GOLD27JAN173100CE,GOLD,29JAN2027,17310000.000000,1,OPTFUT,NCO,50.000000,10,False
126033,GOLD27APR158800PE,GOLD,28APR2027,15880000.000000,1,OPTFUT,NCO,50.000000,10,False
126049,SILVER26DEC216250CE,SILVER,01DEC2026,21625000.000000,1,OPTBLN,NCO,50.000000,20,False
126071,GOLD27JUL156400CE,GOLD,29JUL2027,15640000.000000,1,OPTFUT,NCO,50.000000,10,False
126075,ZINC26DEC437.5CE,ZINC,23DEC2026,43750.000000,1,OPTFUT,NCO,1.000000,20,False
126085,ZINC26DEC450CE,ZINC,23DEC2026,45000.000000,1,OPTFUT,NCO,1.000000,20,False
126089,SILVER26DEC216750CE,SILVER,01DEC2026,21675000.000000,1,OPTBLN,NCO,50.000000,20,False
126107,SILVERM26OCT335750PE,SILVERM,23OCT2026,33575000.000000,1,OPTFUT,NCO,50.000000,120,False
126123,SILVERM26DEC244000CE,SILVERM,23DEC2026,24400000.000000,1,OPTFUT,NCO,50.000000,120,False
126140,GOLD27JAN174100PE,GOLD,29JAN2027,17410000.000000,1,OPTFUT,NCO,50.000000,10,False
126142,GOLD27JAN174200PE,GOLD,29JAN2027,17420000.000000,1,OPTFUT,NCO,50.000000,10,False
126144,SILVER26DEC217250PE,SILVER,01DEC2026,21725000.000000,1,OPTBLN,NCO,50.000000,20,False
126162,GOLD27JAN175000CE,GOLD,29JAN2027,17500000.000000,1,OPTFUT,NCO,50.000000,10,False
126184,SILVERM26NOV337250CE,SILVERM,23NOV2026,33725000.000000,1,OPTFUT,NCO,50.000000,120,False
126199,GOLD27JAN176300PE,GOLD,29JAN2027,17630000.000000,1,OPTFUT,NCO,50.000000,10,False
126201,SILVER26DEC217750CE,SILVER,01DEC2026,21775000.000000,1,OPTBLN,NCO,50.000000,20,False
126204,SILVER26DEC218000PE,SILVER,01DEC2026,21800000.000000,1,OPTBLN,NCO,50.000000,20,False
126221,SILVERM27MAR255250CE,SILVERM,24MAR2027,25525000.000000,1,OPTFUT,NCO,50.000000,120,False
126227,SILVERM27MAR256000CE,SILVERM,24MAR2027,25600000.000000,1,OPTFUT,NCO,50.000000,120,False
126234,GOLD27JUL157100CE,GOLD,29JUL2027,15710000.000000,1,OPTFUT,NCO,50.000000,10,False
126238,GOLD27JUL157200CE,GOLD,29JUL2027,15720000.000000,1,OPTFUT,NCO,50.000000,10,False
126245,SILVERM26NOV337750PE,SILVERM,23NOV2026,33775000.000000,1,OPTFUT,NCO,50.000000,120,False
126249,SILVERM26NOV338250PE,SILVERM,23NOV2026,33825000.000000,1,OPTFUT,NCO,50.000000,120,False
126255,SILVERM26DEC339000PE,SILVERM,23DEC2026,33900000.000000,1,OPTFUT,NCO,50.000000,120,False
126257,SILVERM26DEC339250PE,SILVERM,23DEC2026,33925000.000000,1,OPTFUT,NCO,50.000000,120,False
126259,SILVERM26DEC339500PE,SILVERM,23DEC2026,33950000.000000,1,OPTFUT,NCO,50.000000,120,False
126280,SILVERM27MAR259000CE,SILVERM,24MAR2027,25900000.000000,1,OPTFUT,NCO,50.000000,120,False
126286,GOLD27JAN176700PE,GOLD,29JAN2027,17670000.000000,1,OPTFUT,NCO,50.000000,10,False
126289,GOLD27JAN176900CE,GOLD,29JAN2027,17690000.000000,1,OPTFUT,NCO,50.000000,10,False
126290,GOLD27JAN176900PE,GOLD,29JAN2027,17690000.000000,1,OPTFUT,NCO,50.000000,10,False
126295,GOLD27JAN177200CE,GOLD,29JAN2027,17720000.000000,1,OPTFUT,NCO,50.000000,10,False
126298,SILVERM27MAR259500CE,SILVERM,24MAR2027,25950000.000000,1,OPTFUT,NCO,50.000000,120,False
126304,SILVERM27MAR260250CE,SILVERM,24MAR2027,26025000.000000,1,OPTFUT,NCO,50.000000,120,False
126307,SILVERM26DEC340250PE,SILVERM,23DEC2026,34025000.000000,1,OPTFUT,NCO,50.000000,120,False
126348,GOLD27APR160000CE,GOLD,28APR2027,16000000.000000,1,OPTFUT,NCO,50.000000,10,False
126376,SILVERM27MAY279000CE,SILVERM,24MAY2027,27900000.000000,1,OPTFUT,NCO,50.000000,120,False
126391,SILVER27MAR209000PE,SILVER,02MAR2027,20900000.000000,1,OPTBLN,NCO,50.000000,20,False
126415,GOLD27APR161500CE,GOLD,28APR2027,16150000.000000,1,OPTFUT,NCO,50.000000,10,False
126423,GOLD27JUL157800PE,GOLD,29JUL2027,15780000.000000,1,OPTFUT,NCO,50.000000,10,False
126452,GOLD27JAN178700PE,GOLD,29JAN2027,17870000.000000,1,OPTFUT,NCO,50.000000,10,False
126457,GOLD27JAN179000CE,GOLD,29JAN2027,17900000.000000,1,OPTFUT,NCO,50.000000,10,False
126464,SILVER27MAR210750CE,SILVER,02MAR2027,21075000.000000,1,OPTBLN,NCO,50.000000,20,False
126466,SILVER27MAR211000CE,SILVER,02MAR2027,21100000.000000,1,OPTBLN,NCO,50.000000,20,False
126469,GOLD27JAN179300CE,GOLD,29JAN2027,17930000.000000,1,OPTFUT,NCO,50.000000,10,False
126475,SILVER27MAR211500PE,SILVER,02MAR2027,21150000.000000,1,OPTBLN,NCO,50.000000,20,False
126477,SILVER27MAR211750PE,SILVER,02MAR2027,21175000.000000,1,OPTBLN,NCO,50.000000,20,False
126498,SILVERM27MAY280000PE,SILVERM,24MAY2027,28000000.000000,1,OPTFUT,NCO,50.000000,120,False
126518,SILVERM27MAY281000PE,SILVERM,24MAY2027,28100000.000000,1,OPTFUT,NCO,50.000000,120,False
126535,GOLD26OCT130900CE,GOLD,29OCT2026,13090000.000000,1,OPTFUT,NCO,50.000000,10,False
126554,GOLD27JUL158800CE,GOLD,29JUL2027,15880000.000000,1,OPTFUT,NCO,50.000000,10,False
126561,SILVERM27MAY282250CE,SILVERM,24MAY2027,28225000.000000,1,OPTFUT,NCO,50.000000,120,False
126568,SILVERM27MAY283000PE,SILVERM,24MAY2027,28300000.000000,1,OPTFUT,NCO,50.000000,120,False
126569,SILVERM27MAY283250CE,SILVERM,24MAY2027,28325000.000000,1,OPTFUT,NCO,50.000000,120,False
126575,SILVER27MAR214250CE,SILVER,02MAR2027,21425000.000000,1,OPTBLN,NCO,50.000000,20,False
126584,SILVERM27MAY283500PE,SILVERM,24MAY2027,28350000.000000,1,OPTFUT,NCO,50.000000,120,False
126588,GOLD26OCT131100CE,GOLD,29OCT2026,13110000.000000,1,OPTFUT,NCO,50.000000,10,False
126592,GOLD27JUL159200CE,GOLD,29JUL2027,15920000.000000,1,OPTFUT,NCO,50.000000,10,False
126601,SILVERM27JAN296250CE,SILVERM,21JAN2027,29625000.000000,1,OPTFUT,NCO,50.000000,120,False
126605,GOLD27JUL159400PE,GOLD,29JUL2027,15940000.000000,1,OPTFUT,NCO,50.000000,10,False
126610,SILVER27MAR215000PE,SILVER,02MAR2027,21500000.000000,1,OPTBLN,NCO,50.000000,20,False
126660,GOLD26OCT131200CE,GOLD,29OCT2026,13120000.000000,1,OPTFUT,NCO,50.000000,10,False
126625,GOLDM26SEP150500PE,GOLDM,25SEP2026,15050000.000000,1,OPTFUT,NCO,50.000000,100,False
126646,GOLDM26SEP151000CE,GOLDM,25SEP2026,15100000.000000,1,OPTFUT,NCO,50.000000,100,False
126667,SILVER27MAR216000PE,SILVER,02MAR2027,21600000.000000,1,OPTBLN,NCO,50.000000,20,False
126692,COPPER26OCT1350CE,COPPER,23OCT2026,135000.000000,1,OPTFUT,NCO,1.000000,70,False
126671,GOLDM26SEP151700PE,GOLDM,25SEP2026,15170000.000000,1,OPTFUT,NCO,50.000000,100,False
126691,GOLDM26OCT149400CE,GOLDM,29OCT2026,14940000.000000,1,OPTFUT,NCO,50.000000,100,False
126696,GOLDM26OCT149600CE,GOLDM,29OCT2026,14960000.000000,1,OPTFUT,NCO,50.000000,100,False
126702,SILVER26DEC219250PE,SILVER,01DEC2026,21925000.000000,1,OPTBLN,NCO,50.000000,20,False
126703,SILVER26DEC219500CE,SILVER,01DEC2026,21950000.000000,1,OPTBLN,NCO,50.000000,20,False
126712,SILVERM27MAY284750CE,SILVERM,24MAY2027,28475000.000000,1,OPTFUT,NCO,50.000000,120,False
126733,GOLDM26OCT150500CE,GOLDM,29OCT2026,15050000.000000,1,OPTFUT,NCO,50.000000,100,False
126734,GOLDM26OCT150500PE,GOLDM,29OCT2026,15050000.000000,1,OPTFUT,NCO,50.000000,100,False
126740,GOLD26OCT132000CE,GOLD,29OCT2026,13200000.000000,1,OPTFUT,NCO,50.000000,10,False
126747,GOLDM26OCT150700PE,GOLDM,29OCT2026,15070000.000000,1,OPTFUT,NCO,50.000000,100,False
126748,GOLDM26OCT150800CE,GOLDM,29OCT2026,15080000.000000,1,OPTFUT,NCO,50.000000,100,False
126751,GOLDM26OCT150900PE,GOLDM,29OCT2026,15090000.000000,1,OPTFUT,NCO,50.000000,100,False
126763,SILVERM27APR263000PE,SILVERM,23APR2027,26300000.000000,1,OPTFUT,NCO,50.000000,120,False
126773,SILVERM27APR264250PE,SILVERM,23APR2027,26425000.000000,1,OPTFUT,NCO,50.000000,120,False
126790,SILVERM27MAR265000CE,SILVERM,24MAR2027,26500000.000000,1,OPTFUT,NCO,50.000000,120,False
126801,GOLDM26OCT151500PE,GOLDM,29OCT2026,15150000.000000,1,OPTFUT,NCO,50.000000,100,False
126803,GOLDM26OCT151600PE,GOLDM,29OCT2026,15160000.000000,1,OPTFUT,NCO,50.000000,100,False
126809,GOLDM26OCT151900PE,GOLDM,29OCT2026,15190000.000000,1,OPTFUT,NCO,50.000000,100,False
126816,GOLDM26OCT152300CE,GOLDM,29OCT2026,15230000.000000,1,OPTFUT,NCO,50.000000,100,False
126824,SILVERM27JAN299500PE,SILVERM,21JAN2027,29950000.000000,1,OPTFUT,NCO,50.000000,120,False
126825,SILVERM27JAN299750CE,SILVERM,21JAN2027,29975000.000000,1,OPTFUT,NCO,50.000000,120,False
126841,SILVER27MAR217500PE,SILVER,02MAR2027,21750000.000000,1,OPTBLN,NCO,50.000000,20,False
126848,SILVERM27JAN300750CE,SILVERM,21JAN2027,30075000.000000,1,OPTFUT,NCO,50.000000,120,False
126851,SILVERM27JAN301000PE,SILVERM,21JAN2027,30100000.000000,1,OPTFUT,NCO,50.000000,120,False
126852,SILVERM27JAN301250CE,SILVERM,21JAN2027,30125000.000000,1,OPTFUT,NCO,50.000000,120,False
126858,SILVERM27JAN302000CE,SILVERM,21JAN2027,30200000.000000,1,OPTFUT,NCO,50.000000,120,False
126860,SILVERM27JAN302250CE,SILVERM,21JAN2027,30225000.000000,1,OPTFUT,NCO,50.000000,120,False
126863,SILVERM27JAN302500PE,SILVERM,21JAN2027,30250000.000000,1,OPTFUT,NCO,50.000000,120,False
126869,SILVERM26OCT164750PE,SILVERM,23OCT2026,16475000.000000,1,OPTFUT,NCO,50.000000,120,False
126894,SILVERM26OCT166000CE,SILVERM,23OCT2026,16600000.000000,1,OPTFUT,NCO,50.000000,120,False
126943,SILVERM27APR269500PE,SILVERM,23APR2027,26950000.000000,1,OPTFUT,NCO,50.000000,120,False
126898,SILVERM27APR267000PE,SILVERM,23APR2027,26700000.000000,1,OPTFUT,NCO,50.000000,120,False
126901,SILVERM27APR267500CE,SILVERM,23APR2027,26750000.000000,1,OPTFUT,NCO,50.000000,120,False
126924,SILVERM27APR269000CE,SILVERM,23APR2027,26900000.000000,1,OPTFUT,NCO,50.000000,120,False
126766,SILVERM27APR263500CE,SILVERM,23APR2027,26350000.000000,1,OPTFUT,NCO,50.000000,120,False
126772,SILVERM27APR264250CE,SILVERM,23APR2027,26425000.000000,1,OPTFUT,NCO,50.000000,120,False
126950,SILVERM27APR269750PE,SILVERM,23APR2027,26975000.000000,1,OPTFUT,NCO,50.000000,120,False
126956,NATURALGAS26NOV195CE,NATURALGAS,18NOV2026,19500.000000,1,OPTFUT,NCO,5.000000,48,False
126802,GOLDM26OCT151600CE,GOLDM,29OCT2026,15160000.000000,1,OPTFUT,NCO,50.000000,100,False
126805,GOLDM26OCT151700PE,GOLDM,29OCT2026,15170000.000000,1,OPTFUT,NCO,50.000000,100,False
126814,GOLDM26OCT152200CE,GOLDM,29OCT2026,15220000.000000,1,OPTFUT,NCO,50.000000,100,False
126823,SILVERM27JAN299500CE,SILVERM,21JAN2027,29950000.000000,1,OPTFUT,NCO,50.000000,120,False
126877,SILVERM26OCT165250PE,SILVERM,23OCT2026,16525000.000000,1,OPTFUT,NCO,50.000000,120,False
126827,SILVERM27JAN300000CE,SILVERM,21JAN2027,30000000.000000,1,OPTFUT,NCO,50.000000,120,False
126836,SILVERM27JAN300500CE,SILVERM,21JAN2027,30050000.000000,1,OPTFUT,NCO,50.000000,120,False
126843,SILVER27MAR217750PE,SILVER,02MAR2027,21775000.000000,1,OPTBLN,NCO,50.000000,20,False
126880,SILVER27MAR219000CE,SILVER,02MAR2027,21900000.000000,1,OPTBLN,NCO,50.000000,20,False
126892,SILVERM26OCT165750CE,SILVERM,23OCT2026,16575000.000000,1,OPTFUT,NCO,50.000000,120,False
126908,SILVERM26OCT166250CE,SILVERM,23OCT2026,16625000.000000,1,OPTFUT,NCO,50.000000,120,False
126921,SILVERM27APR268500PE,SILVERM,23APR2027,26850000.000000,1,OPTFUT,NCO,50.000000,120,False
126922,SILVERM27APR268750CE,SILVERM,23APR2027,26875000.000000,1,OPTFUT,NCO,50.000000,120,False
126923,SILVERM27APR268750PE,SILVERM,23APR2027,26875000.000000,1,OPTFUT,NCO,50.000000,120,False
126928,GOLD26OCT132100CE,GOLD,29OCT2026,13210000.000000,1,OPTFUT,NCO,50.000000,10,False
126948,SILVER27MAR221750CE,SILVER,02MAR2027,22175000.000000,1,OPTBLN,NCO,50.000000,20,False
126949,SILVERM27APR269750CE,SILVERM,23APR2027,26975000.000000,1,OPTFUT,NCO,50.000000,120,False
126955,CRUDEOIL26NOV11700PE,CRUDEOIL,10NOV2026,1170000.000000,1,OPTFUT,NCO,10.000000,100,False
126957,SILVERM27MAR265000PE,SILVERM,24MAR2027,26500000.000000,1,OPTFUT,NCO,50.000000,120,False
126959,SILVER27MAR221750PE,SILVER,02MAR2027,22175000.000000,1,OPTBLN,NCO,50.000000,20,False
126967,SILVER27MAR222750PE,SILVER,02MAR2027,22275000.000000,1,OPTBLN,NCO,50.000000,20,False
126971,SILVERM27JAN303250CE,SILVERM,21JAN2027,30325000.000000,1,OPTFUT,NCO,50.000000,120,False
126976,SILVERM27JAN303750PE,SILVERM,21JAN2027,30375000.000000,1,OPTFUT,NCO,50.000000,120,False
126982,SILVERM26DEC246250PE,SILVERM,23DEC2026,24625000.000000,1,OPTFUT,NCO,50.000000,120,False
127000,SILVERM26DEC247750PE,SILVERM,23DEC2026,24775000.000000,1,OPTFUT,NCO,50.000000,120,False
127004,ZINC26SEP455CE,ZINC,23SEP2026,45500.000000,1,OPTFUT,NCO,1.000000,20,False
127011,ZINC26OCT457.5PE,ZINC,23OCT2026,45750.000000,1,OPTFUT,NCO,1.000000,20,False
127018,SILVERM26DEC248750PE,SILVERM,23DEC2026,24875000.000000,1,OPTFUT,NCO,50.000000,120,False
127019,SILVERM26DEC249000CE,SILVERM,23DEC2026,24900000.000000,1,OPTFUT,NCO,50.000000,120,False
127035,SILVER27MAR223500PE,SILVER,02MAR2027,22350000.000000,1,OPTBLN,NCO,50.000000,20,False
127036,SILVER27MAR223750CE,SILVER,02MAR2027,22375000.000000,1,OPTBLN,NCO,50.000000,20,False
127049,COPPER26DEC1480PE,COPPER,23DEC2026,148000.000000,1,OPTFUT,NCO,1.000000,70,False
127062,CRUDEOIL26OCT11950CE,CRUDEOIL,08OCT2026,1195000.000000,1,OPTFUT,NCO,10.000000,100,False
127068,CRUDEOIL26OCT12100CE,CRUDEOIL,08OCT2026,1210000.000000,1,OPTFUT,NCO,10.000000,100,False
127071,CRUDEOIL26OCT12150PE,CRUDEOIL,08OCT2026,1215000.000000,1,OPTFUT,NCO,10.000000,100,False
127079,SILVER27MAR224250PE,SILVER,02MAR2027,22425000.000000,1,OPTBLN,NCO,50.000000,20,False
127088,SILVERM26DEC250250CE,SILVERM,23DEC2026,25025000.000000,1,OPTFUT,NCO,50.000000,120,False
127096,SILVERM26DEC251250CE,SILVERM,23DEC2026,25125000.000000,1,OPTFUT,NCO,50.000000,120,False
127099,SILVERM26DEC251500PE,SILVERM,23DEC2026,25150000.000000,1,OPTFUT,NCO,50.000000,120,False
127110,GOLD27APR161900CE,GOLD,28APR2027,16190000.000000,1,OPTFUT,NCO,50.000000,10,False
127114,GOLD27APR162100CE,GOLD,28APR2027,16210000.000000,1,OPTFUT,NCO,50.000000,10,False
127134,SILVERM27MAR273000CE,SILVERM,24MAR2027,27300000.000000,1,OPTFUT,NCO,50.000000,120,False
127158,SILVER27MAR225000PE,SILVER,02MAR2027,22500000.000000,1,OPTBLN,NCO,50.000000,20,False
127159,SILVER27MAR225250CE,SILVER,02MAR2027,22525000.000000,1,OPTBLN,NCO,50.000000,20,False
127160,SILVER27MAR225250PE,SILVER,02MAR2027,22525000.000000,1,OPTBLN,NCO,50.000000,20,False
127180,SILVERM27MAR274000CE,SILVERM,24MAR2027,27400000.000000,1,OPTFUT,NCO,50.000000,120,False
127188,SILVERM27MAR275000CE,SILVERM,24MAR2027,27500000.000000,1,OPTFUT,NCO,50.000000,120,False
127193,SILVERM27APR270500CE,SILVERM,23APR2027,27050000.000000,1,OPTFUT,NCO,50.000000,120,False
127199,SILVERM27FEB291500PE,SILVERM,19FEB2027,29150000.000000,1,OPTFUT,NCO,50.000000,120,False
127205,CRUDEOIL26NOV12200CE,CRUDEOIL,10NOV2026,1220000.000000,1,OPTFUT,NCO,10.000000,100,False
127207,SILVERM27MAY285250CE,SILVERM,24MAY2027,28525000.000000,1,OPTFUT,NCO,50.000000,120,False
127220,SILVERM27FEB293250CE,SILVERM,19FEB2027,29325000.000000,1,OPTFUT,NCO,50.000000,120,False
127222,SILVERM27FEB293500CE,SILVERM,19FEB2027,29350000.000000,1,OPTFUT,NCO,50.000000,120,False
127226,SILVERM27FEB294000CE,SILVERM,19FEB2027,29400000.000000,1,OPTFUT,NCO,50.000000,120,False
127234,SILVERM27MAY285750PE,SILVERM,24MAY2027,28575000.000000,1,OPTFUT,NCO,50.000000,120,False
127243,SILVERM27FEB295250CE,SILVERM,19FEB2027,29525000.000000,1,OPTFUT,NCO,50.000000,120,False
127248,SILVERM27FEB295750PE,SILVERM,19FEB2027,29575000.000000,1,OPTFUT,NCO,50.000000,120,False
127250,CRUDEOIL26NOV12300PE,CRUDEOIL,10NOV2026,1230000.000000,1,OPTFUT,NCO,10.000000,100,False
127257,SILVERM27FEB296750CE,SILVERM,19FEB2027,29675000.000000,1,OPTFUT,NCO,50.000000,120,False
127258,SILVERM27FEB296750PE,SILVERM,19FEB2027,29675000.000000,1,OPTFUT,NCO,50.000000,120,False
127267,SILVERM27FEB298000CE,SILVERM,19FEB2027,29800000.000000,1,OPTFUT,NCO,50.000000,120,False
127273,SILVERM27FEB298750CE,SILVERM,19FEB2027,29875000.000000,1,OPTFUT,NCO,50.000000,120,False
127275,SILVERM27FEB299000CE,SILVERM,19FEB2027,29900000.000000,1,OPTFUT,NCO,50.000000,120,False
127277,SILVERM27FEB299250CE,SILVERM,19FEB2027,29925000.000000,1,OPTFUT,NCO,50.000000,120,False
127285,SILVERM27APR272000CE,SILVERM,23APR2027,27200000.000000,1,OPTFUT,NCO,50.000000,120,False
127314,SILVERM27FEB299750PE,SILVERM,19FEB2027,29975000.000000,1,OPTFUT,NCO,50.000000,120,False
127317,SILVERM27FEB300250CE,SILVERM,19FEB2027,30025000.000000,1,OPTFUT,NCO,50.000000,120,False
127324,SILVERM27FEB301000PE,SILVERM,19FEB2027,30100000.000000,1,OPTFUT,NCO,50.000000,120,False
127334,GOLD27MAR152700CE,GOLD,29MAR2027,15270000.000000,1,OPTFUT,NCO,50.000000,10,False
127349,GOLD27MAR153400PE,GOLD,29MAR2027,15340000.000000,1,OPTFUT,NCO,50.000000,10,False
127353,GOLD27MAR153600PE,GOLD,29MAR2027,15360000.000000,1,OPTFUT,NCO,50.000000,10,False
127366,SILVERM27APR274250PE,SILVERM,23APR2027,27425000.000000,1,OPTFUT,NCO,50.000000,120,False
127368,SILVERM27APR274500PE,SILVERM,23APR2027,27450000.000000,1,OPTFUT,NCO,50.000000,120,False
127375,SILVER27MAR227000CE,SILVER,02MAR2027,22700000.000000,1,OPTBLN,NCO,50.000000,20,False
127380,SILVERM27JUL245500PE,SILVERM,23JUL2027,24550000.000000,1,OPTFUT,NCO,50.000000,120,False
127388,SILVER27MAR227250PE,SILVER,02MAR2027,22725000.000000,1,OPTBLN,NCO,50.000000,20,False
127390,SILVER27MAR227500PE,SILVER,02MAR2027,22750000.000000,1,OPTBLN,NCO,50.000000,20,False
127391,ZINC26SEP417.5CE,ZINC,23SEP2026,41750.000000,1,OPTFUT,NCO,1.000000,20,False
127395,ZINC26OCT420CE,ZINC,23OCT2026,42000.000000,1,OPTFUT,NCO,1.000000,20,False
127398,ZINC26OCT422.5PE,ZINC,23OCT2026,42250.000000,1,OPTFUT,NCO,1.000000,20,False
127406,GOLD27JUN159000PE,GOLD,28JUN2027,15900000.000000,1,OPTFUT,NCO,50.000000,10,False
127412,GOLD27JUN159300PE,GOLD,28JUN2027,15930000.000000,1,OPTFUT,NCO,50.000000,10,False
127415,SILVERM27JAN304750CE,SILVERM,21JAN2027,30475000.000000,1,OPTFUT,NCO,50.000000,120,False
127437,SILVERM27JAN307500CE,SILVERM,21JAN2027,30750000.000000,1,OPTFUT,NCO,50.000000,120,False
127472,GOLD27MAR154700CE,GOLD,29MAR2027,15470000.000000,1,OPTFUT,NCO,50.000000,10,False
127485,GOLD27MAR155300PE,GOLD,29MAR2027,15530000.000000,1,OPTFUT,NCO,50.000000,10,False
127488,GOLD27MAR155500CE,GOLD,29MAR2027,15550000.000000,1,OPTFUT,NCO,50.000000,10,False
127497,GOLD27MAR155900PE,GOLD,29MAR2027,15590000.000000,1,OPTFUT,NCO,50.000000,10,False
127505,GOLD27MAR156300PE,GOLD,29MAR2027,15630000.000000,1,OPTFUT,NCO,50.000000,10,False
127511,GOLD27MAR156600PE,GOLD,29MAR2027,15660000.000000,1,OPTFUT,NCO,50.000000,10,False
127516,GOLD27MAR156900CE,GOLD,29MAR2027,15690000.000000,1,OPTFUT,NCO,50.000000,10,False
127525,SILVERM27APR276000CE,SILVERM,23APR2027,27600000.000000,1,OPTFUT,NCO,50.000000,120,False
127528,SILVERM27APR276250PE,SILVERM,23APR2027,27625000.000000,1,OPTFUT,NCO,50.000000,120,False
127530,ZINC26SEP365CE,ZINC,23SEP2026,36500.000000,1,OPTFUT,NCO,1.000000,20,False
127577,SILVER27MAR228000CE,SILVER,02MAR2027,22800000.000000,1,OPTBLN,NCO,50.000000,20,False
127584,SILVER27MAR228750PE,SILVER,02MAR2027,22875000.000000,1,OPTBLN,NCO,50.000000,20,False
127587,SILVER27MAR229250CE,SILVER,02MAR2027,22925000.000000,1,OPTBLN,NCO,50.000000,20,False
127588,SILVER27MAR229250PE,SILVER,02MAR2027,22925000.000000,1,OPTBLN,NCO,50.000000,20,False
127597,GOLD27APR162300CE,GOLD,28APR2027,16230000.000000,1,OPTFUT,NCO,50.000000,10,False
127600,GOLD27APR162400PE,GOLD,28APR2027,16240000.000000,1,OPTFUT,NCO,50.000000,10,False
127611,SILVER26DEC220250CE,SILVER,01DEC2026,22025000.000000,1,OPTBLN,NCO,50.000000,20,False
127617,SILVER26DEC221000CE,SILVER,01DEC2026,22100000.000000,1,OPTBLN,NCO,50.000000,20,False
127630,SILVER26DEC222500PE,SILVER,01DEC2026,22250000.000000,1,OPTBLN,NCO,50.000000,20,False
127637,SILVER26DEC223500CE,SILVER,01DEC2026,22350000.000000,1,OPTBLN,NCO,50.000000,20,False
127651,SILVER26DEC225250CE,SILVER,01DEC2026,22525000.000000,1,OPTBLN,NCO,50.000000,20,False
127654,SILVER26DEC225500PE,SILVER,01DEC2026,22550000.000000,1,OPTBLN,NCO,50.000000,20,False
127659,SILVER26DEC226250CE,SILVER,01DEC2026,22625000.000000,1,OPTBLN,NCO,50.000000,20,False
127662,SILVER26DEC226500PE,SILVER,01DEC2026,22650000.000000,1,OPTBLN,NCO,50.000000,20,False
127663,SILVER26DEC226750CE,SILVER,01DEC2026,22675000.000000,1,OPTBLN,NCO,50.000000,20,False
127673,SILVER26DEC228000CE,SILVER,01DEC2026,22800000.000000,1,OPTBLN,NCO,50.000000,20,False
127676,SILVER26DEC228250PE,SILVER,01DEC2026,22825000.000000,1,OPTBLN,NCO,50.000000,20,False
127677,SILVER26DEC228500CE,SILVER,01DEC2026,22850000.000000,1,OPTBLN,NCO,50.000000,20,False
127682,SILVER26DEC229000PE,SILVER,01DEC2026,22900000.000000,1,OPTBLN,NCO,50.000000,20,False
127683,SILVER26DEC229250CE,SILVER,01DEC2026,22925000.000000,1,OPTBLN,NCO,50.000000,20,False
127690,SILVER26DEC230000PE,SILVER,01DEC2026,23000000.000000,1,OPTBLN,NCO,50.000000,20,False
127697,SILVER26DEC231000CE,SILVER,01DEC2026,23100000.000000,1,OPTBLN,NCO,50.000000,20,False
127702,SILVER26DEC231500PE,SILVER,01DEC2026,23150000.000000,1,OPTBLN,NCO,50.000000,20,False
127705,SILVER26DEC232000CE,SILVER,01DEC2026,23200000.000000,1,OPTBLN,NCO,50.000000,20,False
127717,SILVERM27FEB302500CE,SILVERM,19FEB2027,30250000.000000,1,OPTFUT,NCO,50.000000,120,False
127718,SILVERM27FEB302500PE,SILVERM,19FEB2027,30250000.000000,1,OPTFUT,NCO,50.000000,120,False
127724,SILVERM27FEB303250PE,SILVERM,19FEB2027,30325000.000000,1,OPTFUT,NCO,50.000000,120,False
127740,GOLD27MAR157400PE,GOLD,29MAR2027,15740000.000000,1,OPTFUT,NCO,50.000000,10,False
127753,SILVER26DEC233500PE,SILVER,01DEC2026,23350000.000000,1,OPTBLN,NCO,50.000000,20,False
127754,GOLD27APR162800PE,GOLD,28APR2027,16280000.000000,1,OPTFUT,NCO,50.000000,10,False
127770,SILVER26DEC234500PE,SILVER,01DEC2026,23450000.000000,1,OPTBLN,NCO,50.000000,20,False
127791,SILVERM27MAR276250CE,SILVERM,24MAR2027,27625000.000000,1,OPTFUT,NCO,50.000000,120,False
127798,SILVERM27MAR277000PE,SILVERM,24MAR2027,27700000.000000,1,OPTFUT,NCO,50.000000,120,False
127800,SILVERM27MAR277250PE,SILVERM,24MAR2027,27725000.000000,1,OPTFUT,NCO,50.000000,120,False
127818,GOLDM26SEP152000PE,GOLDM,25SEP2026,15200000.000000,1,OPTFUT,NCO,50.000000,100,False
127819,SILVER27MAR230250CE,SILVER,02MAR2027,23025000.000000,1,OPTBLN,NCO,50.000000,20,False
127822,SILVER27MAR230500PE,SILVER,02MAR2027,23050000.000000,1,OPTBLN,NCO,50.000000,20,False
127831,SILVER27MAR231750CE,SILVER,02MAR2027,23175000.000000,1,OPTBLN,NCO,50.000000,20,False
127837,SILVERM27JAN309750CE,SILVERM,21JAN2027,30975000.000000,1,OPTFUT,NCO,50.000000,120,False
127842,SILVERM27JAN310250PE,SILVERM,21JAN2027,31025000.000000,1,OPTFUT,NCO,50.000000,120,False
127847,SILVERM27JAN311000CE,SILVERM,21JAN2027,31100000.000000,1,OPTFUT,NCO,50.000000,120,False
127866,SILVER26DEC237500PE,SILVER,01DEC2026,23750000.000000,1,OPTBLN,NCO,50.000000,20,False
127874,SILVER26DEC238500PE,SILVER,01DEC2026,23850000.000000,1,OPTBLN,NCO,50.000000,20,False
127887,SILVERM27MAR279250CE,SILVERM,24MAR2027,27925000.000000,1,OPTFUT,NCO,50.000000,120,False
127908,ZINC26SEP397.5PE,ZINC,23SEP2026,39750.000000,1,OPTFUT,NCO,1.000000,20,False
127930,GOLDM26SEP152200CE,GOLDM,25SEP2026,15220000.000000,1,OPTFUT,NCO,50.000000,100,False
127941,GOLD26OCT132600PE,GOLD,29OCT2026,13260000.000000,1,OPTFUT,NCO,50.000000,10,False
127943,GOLD26OCT132700PE,GOLD,29OCT2026,13270000.000000,1,OPTFUT,NCO,50.000000,10,False
127947,GOLD26OCT132900PE,GOLD,29OCT2026,13290000.000000,1,OPTFUT,NCO,50.000000,10,False
127956,GOLD26OCT133400CE,GOLD,29OCT2026,13340000.000000,1,OPTFUT,NCO,50.000000,10,False
127962,SILVER26DEC240000PE,SILVER,01DEC2026,24000000.000000,1,OPTBLN,NCO,50.000000,20,False
127964,SILVER26DEC240250PE,SILVER,01DEC2026,24025000.000000,1,OPTBLN,NCO,50.000000,20,False
127972,SILVERM27MAR280250PE,SILVERM,24MAR2027,28025000.000000,1,OPTFUT,NCO,50.000000,120,False
127975,SILVERM27MAR280750CE,SILVERM,24MAR2027,28075000.000000,1,OPTFUT,NCO,50.000000,120,False
127980,SILVERM27MAR281250PE,SILVERM,24MAR2027,28125000.000000,1,OPTFUT,NCO,50.000000,120,False
127982,SILVERM27MAR281500PE,SILVERM,24MAR2027,28150000.000000,1,OPTFUT,NCO,50.000000,120,False
127983,SILVERM27MAR281750CE,SILVERM,24MAR2027,28175000.000000,1,OPTFUT,NCO,50.000000,120,False
128026,SILVER27MAR233750PE,SILVER,02MAR2027,23375000.000000,1,OPTBLN,NCO,50.000000,20,False
128031,SILVER27MAR234500CE,SILVER,02MAR2027,23450000.000000,1,OPTBLN,NCO,50.000000,20,False
128034,SILVER27MAR234750PE,SILVER,02MAR2027,23475000.000000,1,OPTBLN,NCO,50.000000,20,False
128036,SILVER27MAR235000PE,SILVER,02MAR2027,23500000.000000,1,OPTBLN,NCO,50.000000,20,False
128039,SILVER27MAR235500CE,SILVER,02MAR2027,23550000.000000,1,OPTBLN,NCO,50.000000,20,False
128061,SILVERM27JAN314000CE,SILVERM,21JAN2027,31400000.000000,1,OPTFUT,NCO,50.000000,120,False
128089,SILVER26DEC241500PE,SILVER,01DEC2026,24150000.000000,1,OPTBLN,NCO,50.000000,20,False
128114,SILVER26DEC244750CE,SILVER,01DEC2026,24475000.000000,1,OPTBLN,NCO,50.000000,20,False
128125,GOLD26OCT133900PE,GOLD,29OCT2026,13390000.000000,1,OPTFUT,NCO,50.000000,10,False
128130,SILVERM27JAN317250CE,SILVERM,21JAN2027,31725000.000000,1,OPTFUT,NCO,50.000000,120,False
128132,SILVERM27JAN317500CE,SILVERM,21JAN2027,31750000.000000,1,OPTFUT,NCO,50.000000,120,False
128152,SILVERM27JAN320000CE,SILVERM,21JAN2027,32000000.000000,1,OPTFUT,NCO,50.000000,120,False
128154,SILVERM27JAN320250CE,SILVERM,21JAN2027,32025000.000000,1,OPTFUT,NCO,50.000000,120,False
128166,SILVERM26SEP196000CE,SILVERM,23SEP2026,19600000.000000,1,OPTFUT,NCO,50.000000,120,False
128168,SILVERM26SEP196250CE,SILVERM,23SEP2026,19625000.000000,1,OPTFUT,NCO,50.000000,120,False
128183,SILVERM26OCT167250PE,SILVERM,23OCT2026,16725000.000000,1,OPTFUT,NCO,50.000000,120,False
128190,SILVERM26OCT168250CE,SILVERM,23OCT2026,16825000.000000,1,OPTFUT,NCO,50.000000,120,False
128192,SILVERM27MAR235250CE,SILVERM,24MAR2027,23525000.000000,1,OPTFUT,NCO,50.000000,120,False
128197,SILVERM27MAR235750PE,SILVERM,24MAR2027,23575000.000000,1,OPTFUT,NCO,50.000000,120,False
128219,SILVERM27MAR238500PE,SILVERM,24MAR2027,23850000.000000,1,OPTFUT,NCO,50.000000,120,False
128241,SILVERM27MAR283250PE,SILVERM,24MAR2027,28325000.000000,1,OPTFUT,NCO,50.000000,120,False
128246,SILVERM27MAR284000CE,SILVERM,24MAR2027,28400000.000000,1,OPTFUT,NCO,50.000000,120,False
128251,SILVERM27MAR284500PE,SILVERM,24MAR2027,28450000.000000,1,OPTFUT,NCO,50.000000,120,False
128252,SILVERM27MAR284750CE,SILVERM,24MAR2027,28475000.000000,1,OPTFUT,NCO,50.000000,120,False
128256,SILVERM27MAR285250CE,SILVERM,24MAR2027,28525000.000000,1,OPTFUT,NCO,50.000000,120,False
128259,SILVERM27MAR285500PE,SILVERM,24MAR2027,28550000.000000,1,OPTFUT,NCO,50.000000,120,False
128272,SILVERM27APR277750CE,SILVERM,23APR2027,27775000.000000,1,OPTFUT,NCO,50.000000,120,False
128284,SILVERM27APR279250CE,SILVERM,23APR2027,27925000.000000,1,OPTFUT,NCO,50.000000,120,False
128289,SILVERM27APR279750PE,SILVERM,23APR2027,27975000.000000,1,OPTFUT,NCO,50.000000,120,False
128292,SILVERM27APR280250CE,SILVERM,23APR2027,28025000.000000,1,OPTFUT,NCO,50.000000,120,False
128347,SILVERM27MAR232750CE,SILVERM,24MAR2027,23275000.000000,1,OPTFUT,NCO,50.000000,120,False
128349,SILVERM27APR229250CE,SILVERM,23APR2027,22925000.000000,1,OPTFUT,NCO,50.000000,120,False
128358,SILVERM27APR230250PE,SILVERM,23APR2027,23025000.000000,1,OPTFUT,NCO,50.000000,120,False
128401,SILVERM27JAN321750CE,SILVERM,21JAN2027,32175000.000000,1,OPTFUT,NCO,50.000000,120,False
128411,SILVERM27JAN323000CE,SILVERM,21JAN2027,32300000.000000,1,OPTFUT,NCO,50.000000,120,False
128413,SILVERM27JAN323250CE,SILVERM,21JAN2027,32325000.000000,1,OPTFUT,NCO,50.000000,120,False
128414,SILVERM27JAN323250PE,SILVERM,21JAN2027,32325000.000000,1,OPTFUT,NCO,50.000000,120,False
128415,SILVERM27JAN323500CE,SILVERM,21JAN2027,32350000.000000,1,OPTFUT,NCO,50.000000,120,False
128416,SILVERM27JAN323500PE,SILVERM,21JAN2027,32350000.000000,1,OPTFUT,NCO,50.000000,120,False
128421,SILVERM27JAN324250CE,SILVERM,21JAN2027,32425000.000000,1,OPTFUT,NCO,50.000000,120,False
128423,SILVERM27JAN324500CE,SILVERM,21JAN2027,32450000.000000,1,OPTFUT,NCO,50.000000,120,False
128425,SILVERM27JAN324750CE,SILVERM,21JAN2027,32475000.000000,1,OPTFUT,NCO,50.000000,120,False
128483,SILVERM27APR283000CE,SILVERM,23APR2027,28300000.000000,1,OPTFUT,NCO,50.000000,120,False
128509,SILVERM27FEB306750CE,SILVERM,19FEB2027,30675000.000000,1,OPTFUT,NCO,50.000000,120,False
128515,SILVERM27FEB307500CE,SILVERM,19FEB2027,30750000.000000,1,OPTFUT,NCO,50.000000,120,False
128528,SILVERM27FEB309000PE,SILVERM,19FEB2027,30900000.000000,1,OPTFUT,NCO,50.000000,120,False
128540,SILVERM27FEB310500PE,SILVERM,19FEB2027,31050000.000000,1,OPTFUT,NCO,50.000000,120,False
128543,SILVERM27FEB311000CE,SILVERM,19FEB2027,31100000.000000,1,OPTFUT,NCO,50.000000,120,False
128546,SILVERM27FEB311250PE,SILVERM,19FEB2027,31125000.000000,1,OPTFUT,NCO,50.000000,120,False
128549,SILVERM27FEB311750CE,SILVERM,19FEB2027,31175000.000000,1,OPTFUT,NCO,50.000000,120,False
128559,SILVERM27FEB313000CE,SILVERM,19FEB2027,31300000.000000,1,OPTFUT,NCO,50.000000,120,False
128563,SILVERM27FEB313500CE,SILVERM,19FEB2027,31350000.000000,1,OPTFUT,NCO,50.000000,120,False
128583,SILVERM27FEB316000CE,SILVERM,19FEB2027,31600000.000000,1,OPTFUT,NCO,50.000000,120,False
128604,GOLD27MAR158700CE,GOLD,29MAR2027,15870000.000000,1,OPTFUT,NCO,50.000000,10,False
128620,GOLD27MAR159500CE,GOLD,29MAR2027,15950000.000000,1,OPTFUT,NCO,50.000000,10,False
128625,GOLD27MAR159700PE,GOLD,29MAR2027,15970000.000000,1,OPTFUT,NCO,50.000000,10,False
128636,SILVER26DEC246250PE,SILVER,01DEC2026,24625000.000000,1,OPTBLN,NCO,50.000000,20,False
128665,COPPER26OCT1255CE,COPPER,23OCT2026,125500.000000,1,OPTFUT,NCO,1.000000,70,False
128666,COPPER26OCT1255PE,COPPER,23OCT2026,125500.000000,1,OPTFUT,NCO,1.000000,70,False
128667,COPPER26OCT1260CE,COPPER,23OCT2026,126000.000000,1,OPTFUT,NCO,1.000000,70,False
128677,SILVERM27MAR267500CE,SILVERM,24MAR2027,26750000.000000,1,OPTFUT,NCO,50.000000,120,False
128686,GOLD27MAR160200CE,GOLD,29MAR2027,16020000.000000,1,OPTFUT,NCO,50.000000,10,False
128695,GOLD27MAR160600PE,GOLD,29MAR2027,16060000.000000,1,OPTFUT,NCO,50.000000,10,False
128700,GOLD27MAR160900CE,GOLD,29MAR2027,16090000.000000,1,OPTFUT,NCO,50.000000,10,False
128758,COPPER26SEP1330CE,COPPER,23SEP2026,133000.000000,1,OPTFUT,NCO,1.000000,70,False
128770,GOLD27MAY157200CE,GOLD,28MAY2027,15720000.000000,1,OPTFUT,NCO,50.000000,10,False
128811,SILVERM26OCT169000PE,SILVERM,23OCT2026,16900000.000000,1,OPTFUT,NCO,50.000000,120,False
128815,SILVERM26OCT169500PE,SILVERM,23OCT2026,16950000.000000,1,OPTFUT,NCO,50.000000,120,False
128835,SILVERM26OCT172000PE,SILVERM,23OCT2026,17200000.000000,1,OPTFUT,NCO,50.000000,120,False
128836,SILVERM26OCT172250CE,SILVERM,23OCT2026,17225000.000000,1,OPTFUT,NCO,50.000000,120,False
128845,GOLD26OCT134200PE,GOLD,29OCT2026,13420000.000000,1,OPTFUT,NCO,50.000000,10,False
128848,SILVERM26OCT196500CE,SILVERM,23OCT2026,19650000.000000,1,OPTFUT,NCO,50.000000,120,False
128849,SILVERM26OCT196500PE,SILVERM,23OCT2026,19650000.000000,1,OPTFUT,NCO,50.000000,120,False
128854,SILVERM26OCT197250CE,SILVERM,23OCT2026,19725000.000000,1,OPTFUT,NCO,50.000000,120,False
128871,SILVERM26OCT199250PE,SILVERM,23OCT2026,19925000.000000,1,OPTFUT,NCO,50.000000,120,False
128876,SILVERM26OCT200000CE,SILVERM,23OCT2026,20000000.000000,1,OPTFUT,NCO,50.000000,120,False
128887,SILVERM26OCT201250PE,SILVERM,23OCT2026,20125000.000000,1,OPTFUT,NCO,50.000000,120,False
128889,SILVERM26NOV196250PE,SILVERM,23NOV2026,19625000.000000,1,OPTFUT,NCO,50.000000,120,False
128895,SILVERM26NOV197000PE,SILVERM,23NOV2026,19700000.000000,1,OPTFUT,NCO,50.000000,120,False
128903,SILVERM26NOV198000PE,SILVERM,23NOV2026,19800000.000000,1,OPTFUT,NCO,50.000000,120,False
128906,SILVERM26DEC253000CE,SILVERM,23DEC2026,25300000.000000,1,OPTFUT,NCO,50.000000,120,False
128907,SILVERM26DEC253000PE,SILVERM,23DEC2026,25300000.000000,1,OPTFUT,NCO,50.000000,120,False
128913,GOLD27MAY159100PE,GOLD,28MAY2027,15910000.000000,1,OPTFUT,NCO,50.000000,10,False
128917,GOLD27MAY159300PE,GOLD,28MAY2027,15930000.000000,1,OPTFUT,NCO,50.000000,10,False
128920,GOLD26OCT134300CE,GOLD,29OCT2026,13430000.000000,1,OPTFUT,NCO,50.000000,10,False
128924,GOLD26OCT134500CE,GOLD,29OCT2026,13450000.000000,1,OPTFUT,NCO,50.000000,10,False
128928,GOLD26OCT134700CE,GOLD,29OCT2026,13470000.000000,1,OPTFUT,NCO,50.000000,10,False
128930,GOLD26OCT134800CE,GOLD,29OCT2026,13480000.000000,1,OPTFUT,NCO,50.000000,10,False
128933,SILVERM26DEC253250PE,SILVERM,23DEC2026,25325000.000000,1,OPTFUT,NCO,50.000000,120,False
128938,GOLD27MAR161000CE,GOLD,29MAR2027,16100000.000000,1,OPTFUT,NCO,50.000000,10,False
128958,SILVERM27APR285250CE,SILVERM,23APR2027,28525000.000000,1,OPTFUT,NCO,50.000000,120,False
128961,SILVERM27APR285500PE,SILVERM,23APR2027,28550000.000000,1,OPTFUT,NCO,50.000000,120,False
128970,COPPER26OCT1270PE,COPPER,23OCT2026,127000.000000,1,OPTFUT,NCO,1.000000,70,False
129017,GOLD27MAY159600PE,GOLD,28MAY2027,15960000.000000,1,OPTFUT,NCO,50.000000,10,False
129009,GOLD27MAR163600CE,GOLD,29MAR2027,16360000.000000,1,OPTFUT,NCO,50.000000,10,False
129013,GOLD27MAR161200CE,GOLD,29MAR2027,16120000.000000,1,OPTFUT,NCO,50.000000,10,False
129016,GOLD27MAY159600CE,GOLD,28MAY2027,15960000.000000,1,OPTFUT,NCO,50.000000,10,False
129023,SILVERM27APR231500PE,SILVERM,23APR2027,23150000.000000,1,OPTFUT,NCO,50.000000,120,False
129024,SILVERM26NOV198250CE,SILVERM,23NOV2026,19825000.000000,1,OPTFUT,NCO,50.000000,120,False
129044,GOLD26OCT135200CE,GOLD,29OCT2026,13520000.000000,1,OPTFUT,NCO,50.000000,10,False
129052,GOLD26OCT135600CE,GOLD,29OCT2026,13560000.000000,1,OPTFUT,NCO,50.000000,10,False
129073,GOLD27MAY160900PE,GOLD,28MAY2027,16090000.000000,1,OPTFUT,NCO,50.000000,10,False
129078,GOLDM26SEP152900CE,GOLDM,25SEP2026,15290000.000000,1,OPTFUT,NCO,50.000000,100,False
129079,GOLDM26SEP152900PE,GOLDM,25SEP2026,15290000.000000,1,OPTFUT,NCO,50.000000,100,False
129081,GOLDM26SEP153000PE,GOLDM,25SEP2026,15300000.000000,1,OPTFUT,NCO,50.000000,100,False
1291,11NSETEST05DEC2036,11NSETEST,05DEC2036,-1.000000,1,FUTBLN,NCO,100.000000,100,False
129087,SILVER27MAR236500PE,SILVER,02MAR2027,23650000.000000,1,OPTBLN,NCO,50.000000,20,False
129101,COPPER26OCT1325CE,COPPER,23OCT2026,132500.000000,1,OPTFUT,NCO,1.000000,70,False
129102,COPPER26OCT1325PE,COPPER,23OCT2026,132500.000000,1,OPTFUT,NCO,1.000000,70,False
129103,SILVERM27JUN233250CE,SILVERM,23JUN2027,23325000.000000,1,OPTFUT,NCO,50.000000,120,False
129104,SILVERM27JUN233250PE,SILVERM,23JUN2027,23325000.000000,1,OPTFUT,NCO,50.000000,120,False
129110,SILVERM27APR232750CE,SILVERM,23APR2027,23275000.000000,1,OPTFUT,NCO,50.000000,120,False
129140,SILVERM26NOV198750CE,SILVERM,23NOV2026,19875000.000000,1,OPTFUT,NCO,50.000000,120,False
129142,SILVERM26NOV199000CE,SILVERM,23NOV2026,19900000.000000,1,OPTFUT,NCO,50.000000,120,False
129167,GOLD27MAR161600CE,GOLD,29MAR2027,16160000.000000,1,OPTFUT,NCO,50.000000,10,False
129176,SILVER27MAR238750CE,SILVER,02MAR2027,23875000.000000,1,OPTBLN,NCO,50.000000,20,False
129182,SILVER27MAR239000CE,SILVER,02MAR2027,23900000.000000,1,OPTBLN,NCO,50.000000,20,False
129190,GOLD26OCT136200CE,GOLD,29OCT2026,13620000.000000,1,OPTFUT,NCO,50.000000,10,False
129195,SILVERM27MAY231250PE,SILVERM,24MAY2027,23125000.000000,1,OPTFUT,NCO,50.000000,120,False
129222,SILVERM27JUN234000CE,SILVERM,23JUN2027,23400000.000000,1,OPTFUT,NCO,50.000000,120,False
129228,SILVERM27JUN234750CE,SILVERM,23JUN2027,23475000.000000,1,OPTFUT,NCO,50.000000,120,False
129229,SILVERM27JUN234750PE,SILVERM,23JUN2027,23475000.000000,1,OPTFUT,NCO,50.000000,120,False
129236,SILVERM27JUN235750CE,SILVERM,23JUN2027,23575000.000000,1,OPTFUT,NCO,50.000000,120,False
129242,SILVERM27JUN236500CE,SILVERM,23JUN2027,23650000.000000,1,OPTFUT,NCO,50.000000,120,False
129345,SILVER27MAR240500CE,SILVER,02MAR2027,24050000.000000,1,OPTBLN,NCO,50.000000,20,False
129359,SILVERM27JUN238000PE,SILVERM,23JUN2027,23800000.000000,1,OPTFUT,NCO,50.000000,120,False
129379,SILVERM27JUN240500PE,SILVERM,23JUN2027,24050000.000000,1,OPTFUT,NCO,50.000000,120,False
129390,GOLDM26OCT153300PE,GOLDM,29OCT2026,15330000.000000,1,OPTFUT,NCO,50.000000,100,False
129411,SILVERM27JUL246500CE,SILVERM,23JUL2027,24650000.000000,1,OPTFUT,NCO,50.000000,120,False
129421,SILVERM27JUL247750CE,SILVERM,23JUL2027,24775000.000000,1,OPTFUT,NCO,50.000000,120,False
129450,SILVERM27JAN328500CE,SILVERM,21JAN2027,32850000.000000,1,OPTFUT,NCO,50.000000,120,False
129458,SILVERM27JAN329500CE,SILVERM,21JAN2027,32950000.000000,1,OPTFUT,NCO,50.000000,120,False
129483,SILVER27MAR244250CE,SILVER,02MAR2027,24425000.000000,1,OPTBLN,NCO,50.000000,20,False
129519,SILVERM27JUN241750PE,SILVERM,23JUN2027,24175000.000000,1,OPTFUT,NCO,50.000000,120,False
129544,SILVER27MAR245000PE,SILVER,02MAR2027,24500000.000000,1,OPTBLN,NCO,50.000000,20,False
129564,SILVERM27MAY234000CE,SILVERM,24MAY2027,23400000.000000,1,OPTFUT,NCO,50.000000,120,False
129576,SILVERM27JAN330250CE,SILVERM,21JAN2027,33025000.000000,1,OPTFUT,NCO,50.000000,120,False
129580,SILVERM27JUL250000PE,SILVERM,23JUL2027,25000000.000000,1,OPTFUT,NCO,50.000000,120,False
129584,SILVERM27JUL250500PE,SILVERM,23JUL2027,25050000.000000,1,OPTFUT,NCO,50.000000,120,False
129591,SILVERM27JUL251500CE,SILVERM,23JUL2027,25150000.000000,1,OPTFUT,NCO,50.000000,120,False
129606,GOLD27JUN160300PE,GOLD,28JUN2027,16030000.000000,1,OPTFUT,NCO,50.000000,10,False
129623,GOLD27JUN161200CE,GOLD,28JUN2027,16120000.000000,1,OPTFUT,NCO,50.000000,10,False
129624,GOLD27JUN161200PE,GOLD,28JUN2027,16120000.000000,1,OPTFUT,NCO,50.000000,10,False
129635,SILVERM27JAN330500CE,SILVERM,21JAN2027,33050000.000000,1,OPTFUT,NCO,50.000000,120,False
129663,SILVERM26NOV202250CE,SILVERM,23NOV2026,20225000.000000,1,OPTFUT,NCO,50.000000,120,False
129688,SILVER27MAR249000CE,SILVER,02MAR2027,24900000.000000,1,OPTBLN,NCO,50.000000,20,False
129691,SILVER27MAR249250PE,SILVER,02MAR2027,24925000.000000,1,OPTBLN,NCO,50.000000,20,False
129697,SILVER27MAR250000PE,SILVER,02MAR2027,25000000.000000,1,OPTBLN,NCO,50.000000,20,False
129702,SILVER27MAR250750CE,SILVER,02MAR2027,25075000.000000,1,OPTBLN,NCO,50.000000,20,False
129712,SILVER27MAR252000CE,SILVER,02MAR2027,25200000.000000,1,OPTBLN,NCO,50.000000,20,False
129736,SILVERM26OCT174000PE,SILVERM,23OCT2026,17400000.000000,1,OPTFUT,NCO,50.000000,120,False
129738,SILVERM26OCT174250PE,SILVERM,23OCT2026,17425000.000000,1,OPTFUT,NCO,50.000000,120,False
129795,SILVERM27MAY234750CE,SILVERM,24MAY2027,23475000.000000,1,OPTFUT,NCO,50.000000,120,False
129803,SILVER27MAR253000PE,SILVER,02MAR2027,25300000.000000,1,OPTBLN,NCO,50.000000,20,False
129813,SILVER27MAR254250PE,SILVER,02MAR2027,25425000.000000,1,OPTBLN,NCO,50.000000,20,False
129815,SILVERM27MAY250000PE,SILVERM,24MAY2027,25000000.000000,1,OPTFUT,NCO,50.000000,120,False
129825,SILVERM27MAY251250PE,SILVERM,24MAY2027,25125000.000000,1,OPTFUT,NCO,50.000000,120,False
129853,GOLD27MAR164000CE,GOLD,29MAR2027,16400000.000000,1,OPTFUT,NCO,50.000000,10,False
129898,GOLD27MAR166200PE,GOLD,29MAR2027,16620000.000000,1,OPTFUT,NCO,50.000000,10,False
129900,GOLD27MAR166300PE,GOLD,29MAR2027,16630000.000000,1,OPTFUT,NCO,50.000000,10,False
129901,GOLD27MAR166400CE,GOLD,29MAR2027,16640000.000000,1,OPTFUT,NCO,50.000000,10,False
129912,GOLD27MAR166900PE,GOLD,29MAR2027,16690000.000000,1,OPTFUT,NCO,50.000000,10,False
129913,GOLD27MAR167000CE,GOLD,29MAR2027,16700000.000000,1,OPTFUT,NCO,50.000000,10,False
129922,GOLD27MAR167400PE,GOLD,29MAR2027,16740000.000000,1,OPTFUT,NCO,50.000000,10,False
129928,GOLD27MAR167700PE,GOLD,29MAR2027,16770000.000000,1,OPTFUT,NCO,50.000000,10,False
129938,SILVERM27JUN243500PE,SILVERM,23JUN2027,24350000.000000,1,OPTFUT,NCO,50.000000,120,False
129942,SILVERM27JUN244000PE,SILVERM,23JUN2027,24400000.000000,1,OPTFUT,NCO,50.000000,120,False
129945,SILVERM27JUN244500CE,SILVERM,23JUN2027,24450000.000000,1,OPTFUT,NCO,50.000000,120,False
129961,ZINC26OCT365CE,ZINC,23OCT2026,36500.000000,1,OPTFUT,NCO,1.000000,20,False
129965,GOLD27MAR168000PE,GOLD,29MAR2027,16800000.000000,1,OPTFUT,NCO,50.000000,10,False
129981,GOLD27MAR168300CE,GOLD,29MAR2027,16830000.000000,1,OPTFUT,NCO,50.000000,10,False
129983,GOLD27MAR168400CE,GOLD,29MAR2027,16840000.000000,1,OPTFUT,NCO,50.000000,10,False
129998,GOLD27MAR169100PE,GOLD,29MAR2027,16910000.000000,1,OPTFUT,NCO,50.000000,10,False
130012,GOLD27MAR169800PE,GOLD,29MAR2027,16980000.000000,1,OPTFUT,NCO,50.000000,10,False
130015,GOLD27MAR170000CE,GOLD,29MAR2027,17000000.000000,1,OPTFUT,NCO,50.000000,10,False
130016,GOLD27MAR170000PE,GOLD,29MAR2027,17000000.000000,1,OPTFUT,NCO,50.000000,10,False
130043,SILVERM27MAY257000PE,SILVERM,24MAY2027,25700000.000000,1,OPTFUT,NCO,50.000000,120,False
130046,SILVERM27MAY257500CE,SILVERM,24MAY2027,25750000.000000,1,OPTFUT,NCO,50.000000,120,False
130052,SILVERM27MAY258250CE,SILVERM,24MAY2027,25825000.000000,1,OPTFUT,NCO,50.000000,120,False
130060,SILVERM27MAY259250CE,SILVERM,24MAY2027,25925000.000000,1,OPTFUT,NCO,50.000000,120,False
130076,SILVERM27JUN253500CE,SILVERM,23JUN2027,25350000.000000,1,OPTFUT,NCO,50.000000,120,False
130090,COPPER26OCT1355PE,COPPER,23OCT2026,135500.000000,1,OPTFUT,NCO,1.000000,70,False
130095,GOLD27JUN151400CE,GOLD,28JUN2027,15140000.000000,1,OPTFUT,NCO,50.000000,10,False
130098,GOLD27JUN151500PE,GOLD,28JUN2027,15150000.000000,1,OPTFUT,NCO,50.000000,10,False
130113,GOLD27JUL161600CE,GOLD,29JUL2027,16160000.000000,1,OPTFUT,NCO,50.000000,10,False
130116,GOLD27JUL161700PE,GOLD,29JUL2027,16170000.000000,1,OPTFUT,NCO,50.000000,10,False
130125,GOLDM26SEP153100CE,GOLDM,25SEP2026,15310000.000000,1,OPTFUT,NCO,50.000000,100,False
130130,GOLDM26SEP153300PE,GOLDM,25SEP2026,15330000.000000,1,OPTFUT,NCO,50.000000,100,False
130139,GOLDM26SEP153800CE,GOLDM,25SEP2026,15380000.000000,1,OPTFUT,NCO,50.000000,100,False
130144,GOLDM26SEP154000PE,GOLDM,25SEP2026,15400000.000000,1,OPTFUT,NCO,50.000000,100,False
130149,GOLDM26OCT153900CE,GOLDM,29OCT2026,15390000.000000,1,OPTFUT,NCO,50.000000,100,False
130153,GOLDM26OCT154100CE,GOLDM,29OCT2026,15410000.000000,1,OPTFUT,NCO,50.000000,100,False
130158,SILVER27MAR255000PE,SILVER,02MAR2027,25500000.000000,1,OPTBLN,NCO,50.000000,20,False
130162,SILVER27MAR255500PE,SILVER,02MAR2027,25550000.000000,1,OPTBLN,NCO,50.000000,20,False
130164,SILVER27MAR255750PE,SILVER,02MAR2027,25575000.000000,1,OPTBLN,NCO,50.000000,20,False
130183,SILVERM27AUG240250CE,SILVERM,24AUG2027,24025000.000000,1,OPTFUT,NCO,50.000000,120,False
130186,SILVERM27AUG240500PE,SILVERM,24AUG2027,24050000.000000,1,OPTFUT,NCO,50.000000,120,False
130199,SILVERM27AUG242250CE,SILVERM,24AUG2027,24225000.000000,1,OPTFUT,NCO,50.000000,120,False
130206,GOLD27MAR170400PE,GOLD,29MAR2027,17040000.000000,1,OPTFUT,NCO,50.000000,10,False
130217,GOLD27MAR171000CE,GOLD,29MAR2027,17100000.000000,1,OPTFUT,NCO,50.000000,10,False
130224,GOLD27MAR171300PE,GOLD,29MAR2027,17130000.000000,1,OPTFUT,NCO,50.000000,10,False
130228,GOLD27APR162900PE,GOLD,28APR2027,16290000.000000,1,OPTFUT,NCO,50.000000,10,False
130266,GOLD27APR164800PE,GOLD,28APR2027,16480000.000000,1,OPTFUT,NCO,50.000000,10,False
130268,GOLD27APR164900PE,GOLD,28APR2027,16490000.000000,1,OPTFUT,NCO,50.000000,10,False
130284,GOLD27APR165700PE,GOLD,28APR2027,16570000.000000,1,OPTFUT,NCO,50.000000,10,False
130307,GOLD27APR166000PE,GOLD,28APR2027,16600000.000000,1,OPTFUT,NCO,50.000000,10,False
130313,SILVERM26OCT177250CE,SILVERM,23OCT2026,17725000.000000,1,OPTFUT,NCO,50.000000,120,False
130331,SILVERM26OCT179000CE,SILVERM,23OCT2026,17900000.000000,1,OPTFUT,NCO,50.000000,120,False
130333,SILVERM26OCT179250CE,SILVERM,23OCT2026,17925000.000000,1,OPTFUT,NCO,50.000000,120,False
130335,SILVERM26OCT179500CE,SILVERM,23OCT2026,17950000.000000,1,OPTFUT,NCO,50.000000,120,False
130338,GOLD27APR166300CE,GOLD,28APR2027,16630000.000000,1,OPTFUT,NCO,50.000000,10,False
130341,SILVERM26OCT179750CE,SILVERM,23OCT2026,17975000.000000,1,OPTFUT,NCO,50.000000,120,False
130356,GOLDM26SEP144900PE,GOLDM,25SEP2026,14490000.000000,1,OPTFUT,NCO,50.000000,100,False
130368,ZINC26OCT397.5PE,ZINC,23OCT2026,39750.000000,1,OPTFUT,NCO,1.000000,20,False
130402,GOLD27APR166800CE,GOLD,28APR2027,16680000.000000,1,OPTFUT,NCO,50.000000,10,False
130418,ZINC26OCT375CE,ZINC,23OCT2026,37500.000000,1,OPTFUT,NCO,1.000000,20,False
130421,GOLDM26OCT154300CE,GOLDM,29OCT2026,15430000.000000,1,OPTFUT,NCO,50.000000,100,False
130424,GOLDM26OCT154400PE,GOLDM,29OCT2026,15440000.000000,1,OPTFUT,NCO,50.000000,100,False
130428,SILVERM27JAN334750CE,SILVERM,21JAN2027,33475000.000000,1,OPTFUT,NCO,50.000000,120,False
130430,SILVERM27MAY261000CE,SILVERM,24MAY2027,26100000.000000,1,OPTFUT,NCO,50.000000,120,False
130466,SILVERM27MAR264000CE,SILVERM,24MAR2027,26400000.000000,1,OPTFUT,NCO,50.000000,120,False
130468,GOLD27APR167100CE,GOLD,28APR2027,16710000.000000,1,OPTFUT,NCO,50.000000,10,False
130471,SILVERM27MAY261000PE,SILVERM,24MAY2027,26100000.000000,1,OPTFUT,NCO,50.000000,120,False
130473,SILVERM27MAY261250PE,SILVERM,24MAY2027,26125000.000000,1,OPTFUT,NCO,50.000000,120,False
130496,GOLD27JUN150700CE,GOLD,28JUN2027,15070000.000000,1,OPTFUT,NCO,50.000000,10,False
130501,COPPER26SEP1255PE,COPPER,23SEP2026,125500.000000,1,OPTFUT,NCO,1.000000,70,False
130508,ZINC26OCT377.5CE,ZINC,23OCT2026,37750.000000,1,OPTFUT,NCO,1.000000,20,False
130511,GOLD27APR167300PE,GOLD,28APR2027,16730000.000000,1,OPTFUT,NCO,50.000000,10,False
130526,SILVERM27MAR269250PE,SILVERM,24MAR2027,26925000.000000,1,OPTFUT,NCO,50.000000,120,False
130677,GOLD27APR168500PE,GOLD,28APR2027,16850000.000000,1,OPTFUT,NCO,50.000000,10,False
130686,GOLD27APR169000CE,GOLD,28APR2027,16900000.000000,1,OPTFUT,NCO,50.000000,10,False
130697,GOLD27APR169400CE,GOLD,28APR2027,16940000.000000,1,OPTFUT,NCO,50.000000,10,False
130704,GOLD27APR169700PE,GOLD,28APR2027,16970000.000000,1,OPTFUT,NCO,50.000000,10,False
130723,SILVERM27MAR270750PE,SILVERM,24MAR2027,27075000.000000,1,OPTFUT,NCO,50.000000,120,False
130724,SILVERM27MAR271000CE,SILVERM,24MAR2027,27100000.000000,1,OPTFUT,NCO,50.000000,120,False
130728,SILVERM27MAY262250PE,SILVERM,24MAY2027,26225000.000000,1,OPTFUT,NCO,50.000000,120,False
130764,GOLD27APR170900CE,GOLD,28APR2027,17090000.000000,1,OPTFUT,NCO,50.000000,10,False
130781,GOLD27FEB169100PE,GOLD,26FEB2027,16910000.000000,1,OPTFUT,NCO,50.000000,10,False
130782,GOLD27FEB169200CE,GOLD,26FEB2027,16920000.000000,1,OPTFUT,NCO,50.000000,10,False
130791,GOLD27APR171600CE,GOLD,28APR2027,17160000.000000,1,OPTFUT,NCO,50.000000,10,False
130800,GOLD27APR172000PE,GOLD,28APR2027,17200000.000000,1,OPTFUT,NCO,50.000000,10,False
130815,SILVERM26SEP145000PE,SILVERM,23SEP2026,14500000.000000,1,OPTFUT,NCO,50.000000,120,False
130832,SILVERM27MAY264750PE,SILVERM,24MAY2027,26475000.000000,1,OPTFUT,NCO,50.000000,120,False
130837,SILVERM27MAY265500CE,SILVERM,24MAY2027,26550000.000000,1,OPTFUT,NCO,50.000000,120,False
130864,GOLD27MAR145100CE,GOLD,29MAR2027,14510000.000000,1,OPTFUT,NCO,50.000000,10,False
130867,GOLD27MAR145200PE,GOLD,29MAR2027,14520000.000000,1,OPTFUT,NCO,50.000000,10,False
130874,GOLD27JUL163600CE,GOLD,29JUL2027,16360000.000000,1,OPTFUT,NCO,50.000000,10,False
130880,GOLDM26SEP154500CE,GOLDM,25SEP2026,15450000.000000,1,OPTFUT,NCO,50.000000,100,False
130895,ZINC26OCT392.5CE,ZINC,23OCT2026,39250.000000,1,OPTFUT,NCO,1.000000,20,False
130898,ZINC26OCT395PE,ZINC,23OCT2026,39500.000000,1,OPTFUT,NCO,1.000000,20,False
130902,GOLD27JUN150900CE,GOLD,28JUN2027,15090000.000000,1,OPTFUT,NCO,50.000000,10,False
130928,SILVERM27JAN336000PE,SILVERM,21JAN2027,33600000.000000,1,OPTFUT,NCO,50.000000,120,False
130929,SILVERM27JAN336250CE,SILVERM,21JAN2027,33625000.000000,1,OPTFUT,NCO,50.000000,120,False
130935,SILVERM27JAN337000CE,SILVERM,21JAN2027,33700000.000000,1,OPTFUT,NCO,50.000000,120,False
130938,SILVERM27JAN337250PE,SILVERM,21JAN2027,33725000.000000,1,OPTFUT,NCO,50.000000,120,False
130955,SILVERM27JAN339500CE,SILVERM,21JAN2027,33950000.000000,1,OPTFUT,NCO,50.000000,120,False
130966,GOLD27FEB169900CE,GOLD,26FEB2027,16990000.000000,1,OPTFUT,NCO,50.000000,10,False
130999,GOLD27MAR151500CE,GOLD,29MAR2027,15150000.000000,1,OPTFUT,NCO,50.000000,10,False
130967,GOLD27FEB169900PE,GOLD,26FEB2027,16990000.000000,1,OPTFUT,NCO,50.000000,10,False
130991,GOLD27FEB171100PE,GOLD,26FEB2027,17110000.000000,1,OPTFUT,NCO,50.000000,10,False
130997,COPPER26SEP1320CE,COPPER,23SEP2026,132000.000000,1,OPTFUT,NCO,1.000000,70,False
131009,GOLD27MAR152000CE,GOLD,29MAR2027,15200000.000000,1,OPTFUT,NCO,50.000000,10,False
131013,GOLD27JUN147900CE,GOLD,28JUN2027,14790000.000000,1,OPTFUT,NCO,50.000000,10,False
131025,GOLDM26SEP141500CE,GOLDM,25SEP2026,14150000.000000,1,OPTFUT,NCO,50.000000,100,False
131048,GOLDM26SEP144000PE,GOLDM,25SEP2026,14400000.000000,1,OPTFUT,NCO,50.000000,100,False
131058,SILVER26DEC197250PE,SILVER,01DEC2026,19725000.000000,1,OPTBLN,NCO,50.000000,20,False
131075,GOLD27MAR152100PE,GOLD,29MAR2027,15210000.000000,1,OPTFUT,NCO,50.000000,10,False
131090,GOLD27APR152500CE,GOLD,28APR2027,15250000.000000,1,OPTFUT,NCO,50.000000,10,False
131091,GOLD27APR152500PE,GOLD,28APR2027,15250000.000000,1,OPTFUT,NCO,50.000000,10,False
131100,SILVER26DEC198250PE,SILVER,01DEC2026,19825000.000000,1,OPTBLN,NCO,50.000000,20,False
131102,SILVER26DEC198500PE,SILVER,01DEC2026,19850000.000000,1,OPTBLN,NCO,50.000000,20,False
131144,GOLDM26SEP155500CE,GOLDM,25SEP2026,15550000.000000,1,OPTFUT,NCO,50.000000,100,False
131147,GOLDM26SEP155600PE,GOLDM,25SEP2026,15560000.000000,1,OPTFUT,NCO,50.000000,100,False
131160,GOLDM26OCT155600CE,GOLDM,29OCT2026,15560000.000000,1,OPTFUT,NCO,50.000000,100,False
131162,GOLDM26OCT155700CE,GOLDM,29OCT2026,15570000.000000,1,OPTFUT,NCO,50.000000,100,False
131237,SILVERM26SEP149750PE,SILVERM,23SEP2026,14975000.000000,1,OPTFUT,NCO,50.000000,120,False
131245,GOLDM26OCT156300PE,GOLDM,29OCT2026,15630000.000000,1,OPTFUT,NCO,50.000000,100,False
131278,SILVERM26SEP200500CE,SILVERM,23SEP2026,20050000.000000,1,OPTFUT,NCO,50.000000,120,False
131292,SILVERM26SEP202250CE,SILVERM,23SEP2026,20225000.000000,1,OPTFUT,NCO,50.000000,120,False
131303,SILVERM26SEP203500PE,SILVERM,23SEP2026,20350000.000000,1,OPTFUT,NCO,50.000000,120,False
131309,SILVERM26SEP150250PE,SILVERM,23SEP2026,15025000.000000,1,OPTFUT,NCO,50.000000,120,False
131311,SILVERM26SEP150500PE,SILVERM,23SEP2026,15050000.000000,1,OPTFUT,NCO,50.000000,120,False
131316,SILVERM26OCT201750CE,SILVERM,23OCT2026,20175000.000000,1,OPTFUT,NCO,50.000000,120,False
131318,SILVERM26OCT202000CE,SILVERM,23OCT2026,20200000.000000,1,OPTFUT,NCO,50.000000,120,False
131327,SILVERM26OCT203000PE,SILVERM,23OCT2026,20300000.000000,1,OPTFUT,NCO,50.000000,120,False
131339,GOLD27JUN149800CE,GOLD,28JUN2027,14980000.000000,1,OPTFUT,NCO,50.000000,10,False
131354,GOLD27FEB171600CE,GOLD,26FEB2027,17160000.000000,1,OPTFUT,NCO,50.000000,10,False
131355,SILVERM27MAR222000CE,SILVERM,24MAR2027,22200000.000000,1,OPTFUT,NCO,50.000000,120,False
131356,SILVERM27MAR222000PE,SILVERM,24MAR2027,22200000.000000,1,OPTFUT,NCO,50.000000,120,False
131357,SILVERM27MAR222250CE,SILVERM,24MAR2027,22225000.000000,1,OPTFUT,NCO,50.000000,120,False
131373,GOLD27APR153000PE,GOLD,28APR2027,15300000.000000,1,OPTFUT,NCO,50.000000,10,False
131377,GOLD27APR153200PE,GOLD,28APR2027,15320000.000000,1,OPTFUT,NCO,50.000000,10,False
131383,GOLD27MAR146100CE,GOLD,29MAR2027,14610000.000000,1,OPTFUT,NCO,50.000000,10,False
131403,SILVERM26OCT203500PE,SILVERM,23OCT2026,20350000.000000,1,OPTFUT,NCO,50.000000,120,False
131406,GOLD27FEB171700CE,GOLD,26FEB2027,17170000.000000,1,OPTFUT,NCO,50.000000,10,False
131415,SILVERM26SEP152000PE,SILVERM,23SEP2026,15200000.000000,1,OPTFUT,NCO,50.000000,120,False
131391,SILVERM27JUL253250CE,SILVERM,23JUL2027,25325000.000000,1,OPTFUT,NCO,50.000000,120,False
131420,SILVERM26SEP152750CE,SILVERM,23SEP2026,15275000.000000,1,OPTFUT,NCO,50.000000,120,False
131433,SILVERM26SEP154250PE,SILVERM,23SEP2026,15425000.000000,1,OPTFUT,NCO,50.000000,120,False
131443,SILVERM26OCT204750PE,SILVERM,23OCT2026,20475000.000000,1,OPTFUT,NCO,50.000000,120,False
131454,SILVERM26NOV203500CE,SILVERM,23NOV2026,20350000.000000,1,OPTFUT,NCO,50.000000,120,False
131457,SILVERM26NOV203750PE,SILVERM,23NOV2026,20375000.000000,1,OPTFUT,NCO,50.000000,120,False
131464,SILVERM26NOV204750CE,SILVERM,23NOV2026,20475000.000000,1,OPTFUT,NCO,50.000000,120,False
131469,SILVERM26NOV205250PE,SILVERM,23NOV2026,20525000.000000,1,OPTFUT,NCO,50.000000,120,False
131471,SILVERM26NOV205500PE,SILVERM,23NOV2026,20550000.000000,1,OPTFUT,NCO,50.000000,120,False
131472,SILVERM26NOV205750CE,SILVERM,23NOV2026,20575000.000000,1,OPTFUT,NCO,50.000000,120,False
131493,GOLD26DEC142800PE,GOLD,29DEC2026,14280000.000000,1,OPTFUT,NCO,50.000000,10,False
131476,GOLD27FEB171700PE,GOLD,26FEB2027,17170000.000000,1,OPTFUT,NCO,50.000000,10,False
131481,GOLD27FEB172000CE,GOLD,26FEB2027,17200000.000000,1,OPTFUT,NCO,50.000000,10,False
131502,GOLD26DEC143300CE,GOLD,29DEC2026,14330000.000000,1,OPTFUT,NCO,50.000000,10,False
131533,SILVERM27JAN342250CE,SILVERM,21JAN2027,34225000.000000,1,OPTFUT,NCO,50.000000,120,False
131534,SILVERM27JAN342250PE,SILVERM,21JAN2027,34225000.000000,1,OPTFUT,NCO,50.000000,120,False
131546,GOLD27FEB172400PE,GOLD,26FEB2027,17240000.000000,1,OPTFUT,NCO,50.000000,10,False
131547,GOLD27FEB172500CE,GOLD,26FEB2027,17250000.000000,1,OPTFUT,NCO,50.000000,10,False
131552,GOLD27FEB172700PE,GOLD,26FEB2027,17270000.000000,1,OPTFUT,NCO,50.000000,10,False
131572,SILVERM27APR223000PE,SILVERM,23APR2027,22300000.000000,1,OPTFUT,NCO,50.000000,120,False
131582,SILVERM27MAY224250PE,SILVERM,24MAY2027,22425000.000000,1,OPTFUT,NCO,50.000000,120,False
131595,SILVERM27JUN225750CE,SILVERM,23JUN2027,22575000.000000,1,OPTFUT,NCO,50.000000,120,False
131598,SILVERM27JUN226000PE,SILVERM,23JUN2027,22600000.000000,1,OPTFUT,NCO,50.000000,120,False
131599,GOLDM26SEP142300CE,GOLDM,25SEP2026,14230000.000000,1,OPTFUT,NCO,50.000000,100,False
131604,GOLDM26SEP142500PE,GOLDM,25SEP2026,14250000.000000,1,OPTFUT,NCO,50.000000,100,False
131609,GOLDM26SEP142800CE,GOLDM,25SEP2026,14280000.000000,1,OPTFUT,NCO,50.000000,100,False
131620,SILVERM27JUN229750PE,SILVERM,23JUN2027,22975000.000000,1,OPTFUT,NCO,50.000000,120,False
131635,GOLD27MAY153200PE,GOLD,28MAY2027,15320000.000000,1,OPTFUT,NCO,50.000000,10,False
131637,GOLD27MAY153300PE,GOLD,28MAY2027,15330000.000000,1,OPTFUT,NCO,50.000000,10,False
131638,GOLD27MAY153400CE,GOLD,28MAY2027,15340000.000000,1,OPTFUT,NCO,50.000000,10,False
131639,GOLD27MAY153400PE,GOLD,28MAY2027,15340000.000000,1,OPTFUT,NCO,50.000000,10,False
131643,GOLD27MAY153600PE,GOLD,28MAY2027,15360000.000000,1,OPTFUT,NCO,50.000000,10,False
131651,GOLD27MAY154000PE,GOLD,28MAY2027,15400000.000000,1,OPTFUT,NCO,50.000000,10,False
131653,GOLD27MAY154100PE,GOLD,28MAY2027,15410000.000000,1,OPTFUT,NCO,50.000000,10,False
131685,SILVERM27JUL254000CE,SILVERM,23JUL2027,25400000.000000,1,OPTFUT,NCO,50.000000,120,False
131693,SILVERM27JUL255000CE,SILVERM,23JUL2027,25500000.000000,1,OPTFUT,NCO,50.000000,120,False
131697,SILVER26DEC259750CE,SILVER,01DEC2026,25975000.000000,1,OPTBLN,NCO,50.000000,20,False
131699,SILVER26DEC260000CE,SILVER,01DEC2026,26000000.000000,1,OPTBLN,NCO,50.000000,20,False
131702,SILVER26DEC260250PE,SILVER,01DEC2026,26025000.000000,1,OPTBLN,NCO,50.000000,20,False
131703,SILVER26DEC260500CE,SILVER,01DEC2026,26050000.000000,1,OPTBLN,NCO,50.000000,20,False
131710,SILVER26DEC261250PE,SILVER,01DEC2026,26125000.000000,1,OPTBLN,NCO,50.000000,20,False
131774,GOLD27MAY154600CE,GOLD,28MAY2027,15460000.000000,1,OPTFUT,NCO,50.000000,10,False
131795,GOLD27MAY155600PE,GOLD,28MAY2027,15560000.000000,1,OPTFUT,NCO,50.000000,10,False
131806,GOLD27JUN147400PE,GOLD,28JUN2027,14740000.000000,1,OPTFUT,NCO,50.000000,10,False
131812,GOLD27JUN147700PE,GOLD,28JUN2027,14770000.000000,1,OPTFUT,NCO,50.000000,10,False
131828,GOLDM26SEP141200PE,GOLDM,25SEP2026,14120000.000000,1,OPTFUT,NCO,50.000000,100,False
131831,ZINC26OCT407.5CE,ZINC,23OCT2026,40750.000000,1,OPTFUT,NCO,1.000000,20,False
131833,GOLD27MAY155900CE,GOLD,28MAY2027,15590000.000000,1,OPTFUT,NCO,50.000000,10,False
131866,SILVER26DEC262000PE,SILVER,01DEC2026,26200000.000000,1,OPTBLN,NCO,50.000000,20,False
131872,SILVERM27MAR221500PE,SILVERM,24MAR2027,22150000.000000,1,OPTFUT,NCO,50.000000,120,False
131908,GOLD27MAY156800CE,GOLD,28MAY2027,15680000.000000,1,OPTFUT,NCO,50.000000,10,False
131910,SILVERM27MAY223750CE,SILVERM,24MAY2027,22375000.000000,1,OPTFUT,NCO,50.000000,120,False
131914,SILVERM27JUN224750CE,SILVERM,23JUN2027,22475000.000000,1,OPTFUT,NCO,50.000000,120,False
131936,GOLD27APR144900PE,GOLD,28APR2027,14490000.000000,1,OPTFUT,NCO,50.000000,10,False
131940,GOLD27JUN163500CE,GOLD,28JUN2027,16350000.000000,1,OPTFUT,NCO,50.000000,10,False
131947,GOLD26DEC144200CE,GOLD,29DEC2026,14420000.000000,1,OPTFUT,NCO,50.000000,10,False
131963,GOLD27JUN163700PE,GOLD,28JUN2027,16370000.000000,1,OPTFUT,NCO,50.000000,10,False
131993,GOLD27JUL164200PE,GOLD,29JUL2027,16420000.000000,1,OPTFUT,NCO,50.000000,10,False
132024,SILVERM27JAN345000CE,SILVERM,21JAN2027,34500000.000000,1,OPTFUT,NCO,50.000000,120,False
132035,GOLDM26SEP155900CE,GOLDM,25SEP2026,15590000.000000,1,OPTFUT,NCO,50.000000,100,False
132078,GOLDM26OCT156800PE,GOLDM,29OCT2026,15680000.000000,1,OPTFUT,NCO,50.000000,100,False
132079,GOLD27APR145100CE,GOLD,28APR2027,14510000.000000,1,OPTFUT,NCO,50.000000,10,False
132105,SILVERM27JUN255250CE,SILVERM,23JUN2027,25525000.000000,1,OPTFUT,NCO,50.000000,120,False
132115,SILVERM27JUN256500CE,SILVERM,23JUN2027,25650000.000000,1,OPTFUT,NCO,50.000000,120,False
132117,SILVERM27JUN256750CE,SILVERM,23JUN2027,25675000.000000,1,OPTFUT,NCO,50.000000,120,False
132137,SILVERM27FEB275000CE,SILVERM,19FEB2027,27500000.000000,1,OPTFUT,NCO,50.000000,120,False
132154,SILVERM27FEB277000PE,SILVERM,19FEB2027,27700000.000000,1,OPTFUT,NCO,50.000000,120,False
132173,GOLD27JUN146900CE,GOLD,28JUN2027,14690000.000000,1,OPTFUT,NCO,50.000000,10,False
132196,SILVERM27JUL258250CE,SILVERM,23JUL2027,25825000.000000,1,OPTFUT,NCO,50.000000,120,False
132236,GOLD27APR145400PE,GOLD,28APR2027,14540000.000000,1,OPTFUT,NCO,50.000000,10,False
132270,GOLD27JUN164300CE,GOLD,28JUN2027,16430000.000000,1,OPTFUT,NCO,50.000000,10,False
132271,GOLD27JUN164300PE,GOLD,28JUN2027,16430000.000000,1,OPTFUT,NCO,50.000000,10,False
132283,GOLD27JUL165200PE,GOLD,29JUL2027,16520000.000000,1,OPTFUT,NCO,50.000000,10,False
132286,GOLD27JUL165400CE,GOLD,29JUL2027,16540000.000000,1,OPTFUT,NCO,50.000000,10,False
132316,GOLDM26SEP157000CE,GOLDM,25SEP2026,15700000.000000,1,OPTFUT,NCO,50.000000,100,False
132317,GOLDM26SEP157000PE,GOLDM,25SEP2026,15700000.000000,1,OPTFUT,NCO,50.000000,100,False
132318,GOLDM26SEP157100CE,GOLDM,25SEP2026,15710000.000000,1,OPTFUT,NCO,50.000000,100,False
132358,SILVERM27MAR219000CE,SILVERM,24MAR2027,21900000.000000,1,OPTFUT,NCO,50.000000,120,False
132399,GOLD26SEP140500PE,GOLD,25SEP2026,14050000.000000,1,OPTFUT,NCO,50.000000,10,False
132403,GOLD26SEP140700PE,GOLD,25SEP2026,14070000.000000,1,OPTFUT,NCO,50.000000,10,False
132420,GOLD26DEC145200CE,GOLD,29DEC2026,14520000.000000,1,OPTFUT,NCO,50.000000,10,False
132422,GOLD26DEC145300CE,GOLD,29DEC2026,14530000.000000,1,OPTFUT,NCO,50.000000,10,False
132435,GOLD26DEC145900PE,GOLD,29DEC2026,14590000.000000,1,OPTFUT,NCO,50.000000,10,False
132436,GOLD26DEC146000CE,GOLD,29DEC2026,14600000.000000,1,OPTFUT,NCO,50.000000,10,False
132442,SILVERM27JAN346250PE,SILVERM,21JAN2027,34625000.000000,1,OPTFUT,NCO,50.000000,120,False
132448,SILVERM27JAN347000PE,SILVERM,21JAN2027,34700000.000000,1,OPTFUT,NCO,50.000000,120,False
132456,SILVERM27JAN348000PE,SILVERM,21JAN2027,34800000.000000,1,OPTFUT,NCO,50.000000,120,False
132469,SILVERM27MAR220500CE,SILVERM,24MAR2027,22050000.000000,1,OPTFUT,NCO,50.000000,120,False
132476,SILVERM27MAR221250PE,SILVERM,24MAR2027,22125000.000000,1,OPTFUT,NCO,50.000000,120,False
132484,SILVERM27APR220750PE,SILVERM,23APR2027,22075000.000000,1,OPTFUT,NCO,50.000000,120,False
132506,SILVERM27MAY222250PE,SILVERM,24MAY2027,22225000.000000,1,OPTFUT,NCO,50.000000,120,False
132523,COPPER26SEP1460CE,COPPER,23SEP2026,146000.000000,1,OPTFUT,NCO,1.000000,70,False
132556,SILVERM27MAY223250PE,SILVERM,24MAY2027,22325000.000000,1,OPTFUT,NCO,50.000000,120,False
132571,COPPER26SEP1470CE,COPPER,23SEP2026,147000.000000,1,OPTFUT,NCO,1.000000,70,False
132577,COPPER26SEP1485CE,COPPER,23SEP2026,148500.000000,1,OPTFUT,NCO,1.000000,70,False
132580,COPPER26OCT1455PE,COPPER,23OCT2026,145500.000000,1,OPTFUT,NCO,1.000000,70,False
132586,COPPER26OCT1470PE,COPPER,23OCT2026,147000.000000,1,OPTFUT,NCO,1.000000,70,False
132638,GOLD26OCT140400CE,GOLD,29OCT2026,14040000.000000,1,OPTFUT,NCO,50.000000,10,False
132622,GOLD26OCT139600CE,GOLD,29OCT2026,13960000.000000,1,OPTFUT,NCO,50.000000,10,False
132623,GOLD26OCT139600PE,GOLD,29OCT2026,13960000.000000,1,OPTFUT,NCO,50.000000,10,False
132626,GOLD26OCT139800CE,GOLD,29OCT2026,13980000.000000,1,OPTFUT,NCO,50.000000,10,False
132643,GOLD26OCT140600PE,GOLD,29OCT2026,14060000.000000,1,OPTFUT,NCO,50.000000,10,False
132656,GOLD26OCT141300CE,GOLD,29OCT2026,14130000.000000,1,OPTFUT,NCO,50.000000,10,False
132675,GOLD26NOV139300PE,GOLD,27NOV2026,13930000.000000,1,OPTFUT,NCO,50.000000,10,False
132677,GOLD26NOV139400PE,GOLD,27NOV2026,13940000.000000,1,OPTFUT,NCO,50.000000,10,False
132702,GOLD26NOV140700CE,GOLD,27NOV2026,14070000.000000,1,OPTFUT,NCO,50.000000,10,False
132703,COPPER26OCT1490CE,COPPER,23OCT2026,149000.000000,1,OPTFUT,NCO,1.000000,70,False
132721,SILVERM27JUN224000CE,SILVERM,23JUN2027,22400000.000000,1,OPTFUT,NCO,50.000000,120,False
132729,COPPER26OCT1390CE,COPPER,23OCT2026,139000.000000,1,OPTFUT,NCO,1.000000,70,False
132730,COPPER26OCT1390PE,COPPER,23OCT2026,139000.000000,1,OPTFUT,NCO,1.000000,70,False
132737,COPPER26NOV1495CE,COPPER,23NOV2026,149500.000000,1,OPTFUT,NCO,1.000000,70,False
132744,SILVERM27APR240500CE,SILVERM,23APR2027,24050000.000000,1,OPTFUT,NCO,50.000000,120,False
132748,SILVERM27APR241000CE,SILVERM,23APR2027,24100000.000000,1,OPTFUT,NCO,50.000000,120,False
132762,CRUDEOIL26NOV5900PE,CRUDEOIL,10NOV2026,590000.000000,1,OPTFUT,NCO,10.000000,100,False
132763,CRUDEOIL26NOV5950CE,CRUDEOIL,10NOV2026,595000.000000,1,OPTFUT,NCO,10.000000,100,False
132764,CRUDEOIL26NOV5950PE,CRUDEOIL,10NOV2026,595000.000000,1,OPTFUT,NCO,10.000000,100,False
132765,CRUDEOIL26NOV6000CE,CRUDEOIL,10NOV2026,600000.000000,1,OPTFUT,NCO,10.000000,100,False
132783,CRUDEOIL26OCT5900CE,CRUDEOIL,08OCT2026,590000.000000,1,OPTFUT,NCO,10.000000,100,False
132809,GOLD26NOV141600PE,GOLD,27NOV2026,14160000.000000,1,OPTFUT,NCO,50.000000,10,False
132814,GOLD26NOV141900CE,GOLD,27NOV2026,14190000.000000,1,OPTFUT,NCO,50.000000,10,False
132833,CRUDEOIL26OCT6000CE,CRUDEOIL,08OCT2026,600000.000000,1,OPTFUT,NCO,10.000000,100,False
132863,CRUDEOIL26OCT6550PE,CRUDEOIL,08OCT2026,655000.000000,1,OPTFUT,NCO,10.000000,100,False
132882,GOLD27JAN159600PE,GOLD,29JAN2027,15960000.000000,1,OPTFUT,NCO,50.000000,10,False
132894,CRUDEOIL26OCT6850CE,CRUDEOIL,08OCT2026,685000.000000,1,OPTFUT,NCO,10.000000,100,False
132903,CRUDEOIL26OCT7050PE,CRUDEOIL,08OCT2026,705000.000000,1,OPTFUT,NCO,10.000000,100,False
132909,CRUDEOIL26OCT7200PE,CRUDEOIL,08OCT2026,720000.000000,1,OPTFUT,NCO,10.000000,100,False
132930,CRUDEOIL26OCT7750CE,CRUDEOIL,08OCT2026,775000.000000,1,OPTFUT,NCO,10.000000,100,False
132948,CRUDEOIL26NOV6400CE,CRUDEOIL,10NOV2026,640000.000000,1,OPTFUT,NCO,10.000000,100,False
132955,CRUDEOIL26NOV6550PE,CRUDEOIL,10NOV2026,655000.000000,1,OPTFUT,NCO,10.000000,100,False
132966,SILVERM27APR243000PE,SILVERM,23APR2027,24300000.000000,1,OPTFUT,NCO,50.000000,120,False
132967,SILVERM27APR243250CE,SILVERM,23APR2027,24325000.000000,1,OPTFUT,NCO,50.000000,120,False
132968,SILVERM27APR243250PE,SILVERM,23APR2027,24325000.000000,1,OPTFUT,NCO,50.000000,120,False
132974,SILVERM27APR244000PE,SILVERM,23APR2027,24400000.000000,1,OPTFUT,NCO,50.000000,120,False
132982,CRUDEOIL26OCT7950CE,CRUDEOIL,08OCT2026,795000.000000,1,OPTFUT,NCO,10.000000,100,False
132986,CRUDEOIL26OCT8050CE,CRUDEOIL,08OCT2026,805000.000000,1,OPTFUT,NCO,10.000000,100,False
132987,CRUDEOIL26OCT8050PE,CRUDEOIL,08OCT2026,805000.000000,1,OPTFUT,NCO,10.000000,100,False
133001,CRUDEOIL26NOV6600PE,CRUDEOIL,10NOV2026,660000.000000,1,OPTFUT,NCO,10.000000,100,False
133003,CRUDEOIL26NOV6650PE,CRUDEOIL,10NOV2026,665000.000000,1,OPTFUT,NCO,10.000000,100,False
133004,CRUDEOIL26NOV6700CE,CRUDEOIL,10NOV2026,670000.000000,1,OPTFUT,NCO,10.000000,100,False
133005,CRUDEOIL26NOV6700PE,CRUDEOIL,10NOV2026,670000.000000,1,OPTFUT,NCO,10.000000,100,False
133015,CRUDEOIL26NOV6950PE,CRUDEOIL,10NOV2026,695000.000000,1,OPTFUT,NCO,10.000000,100,False
133045,CRUDEOIL26OCT8400PE,CRUDEOIL,08OCT2026,840000.000000,1,OPTFUT,NCO,10.000000,100,False
133049,CRUDEOIL26OCT8500PE,CRUDEOIL,08OCT2026,850000.000000,1,OPTFUT,NCO,10.000000,100,False
133052,GOLD27APR147100CE,GOLD,28APR2027,14710000.000000,1,OPTFUT,NCO,50.000000,10,False
133059,CRUDEOIL26OCT8650PE,CRUDEOIL,08OCT2026,865000.000000,1,OPTFUT,NCO,10.000000,100,False
133074,GOLD27JAN160400PE,GOLD,29JAN2027,16040000.000000,1,OPTFUT,NCO,50.000000,10,False
133080,GOLD27JAN160700PE,GOLD,29JAN2027,16070000.000000,1,OPTFUT,NCO,50.000000,10,False
133084,GOLD27JAN160900PE,GOLD,29JAN2027,16090000.000000,1,OPTFUT,NCO,50.000000,10,False
133099,GOLD27JAN161700CE,GOLD,29JAN2027,16170000.000000,1,OPTFUT,NCO,50.000000,10,False
133104,GOLD27JAN161900PE,GOLD,29JAN2027,16190000.000000,1,OPTFUT,NCO,50.000000,10,False
133117,GOLD27APR147300PE,GOLD,28APR2027,14730000.000000,1,OPTFUT,NCO,50.000000,10,False
133119,CRUDEOIL26NOV7250CE,CRUDEOIL,10NOV2026,725000.000000,1,OPTFUT,NCO,10.000000,100,False
133157,CRUDEOIL26OCT9050CE,CRUDEOIL,08OCT2026,905000.000000,1,OPTFUT,NCO,10.000000,100,False
133162,CRUDEOIL26OCT9150PE,CRUDEOIL,08OCT2026,915000.000000,1,OPTFUT,NCO,10.000000,100,False
133164,CRUDEOIL26OCT9200PE,CRUDEOIL,08OCT2026,920000.000000,1,OPTFUT,NCO,10.000000,100,False
133165,CRUDEOIL26OCT9250CE,CRUDEOIL,08OCT2026,925000.000000,1,OPTFUT,NCO,10.000000,100,False
133196,CRUDEOIL26NOV7800PE,CRUDEOIL,10NOV2026,780000.000000,1,OPTFUT,NCO,10.000000,100,False
133210,CRUDEOIL26NOV8150PE,CRUDEOIL,10NOV2026,815000.000000,1,OPTFUT,NCO,10.000000,100,False
133223,CRUDEOIL26NOV8500CE,CRUDEOIL,10NOV2026,850000.000000,1,OPTFUT,NCO,10.000000,100,False
133252,SILVERM27MAR290750CE,SILVERM,24MAR2027,29075000.000000,1,OPTFUT,NCO,50.000000,120,False
133254,SILVERM27MAR291000CE,SILVERM,24MAR2027,29100000.000000,1,OPTFUT,NCO,50.000000,120,False
133265,SILVERM27MAR292250PE,SILVERM,24MAR2027,29225000.000000,1,OPTFUT,NCO,50.000000,120,False
133278,SILVERM27MAR294000CE,SILVERM,24MAR2027,29400000.000000,1,OPTFUT,NCO,50.000000,120,False
133282,SILVERM27MAR294500CE,SILVERM,24MAR2027,29450000.000000,1,OPTFUT,NCO,50.000000,120,False
133296,SILVERM27MAR296250CE,SILVERM,24MAR2027,29625000.000000,1,OPTFUT,NCO,50.000000,120,False
133297,SILVERM27MAR296250PE,SILVERM,24MAR2027,29625000.000000,1,OPTFUT,NCO,50.000000,120,False
133298,SILVERM27MAR296500CE,SILVERM,24MAR2027,29650000.000000,1,OPTFUT,NCO,50.000000,120,False
133305,SILVERM27MAR297250PE,SILVERM,24MAR2027,29725000.000000,1,OPTFUT,NCO,50.000000,120,False
133306,SILVERM27MAR297500CE,SILVERM,24MAR2027,29750000.000000,1,OPTFUT,NCO,50.000000,120,False
133307,SILVERM27MAR297500PE,SILVERM,24MAR2027,29750000.000000,1,OPTFUT,NCO,50.000000,120,False
133335,SILVERM27MAR301000PE,SILVERM,24MAR2027,30100000.000000,1,OPTFUT,NCO,50.000000,120,False
133344,SILVERM27APR245500PE,SILVERM,23APR2027,24550000.000000,1,OPTFUT,NCO,50.000000,120,False
133357,SILVERM27MAY241500CE,SILVERM,24MAY2027,24150000.000000,1,OPTFUT,NCO,50.000000,120,False
133369,SILVERM27MAY243000CE,SILVERM,24MAY2027,24300000.000000,1,OPTFUT,NCO,50.000000,120,False
133380,GOLD27MAY145600PE,GOLD,28MAY2027,14560000.000000,1,OPTFUT,NCO,50.000000,10,False
133396,GOLD27MAY146400PE,GOLD,28MAY2027,14640000.000000,1,OPTFUT,NCO,50.000000,10,False
133405,CRUDEOIL26NOV8600CE,CRUDEOIL,10NOV2026,860000.000000,1,OPTFUT,NCO,10.000000,100,False
133409,CRUDEOIL26NOV8700CE,CRUDEOIL,10NOV2026,870000.000000,1,OPTFUT,NCO,10.000000,100,False
133417,CRUDEOIL26NOV8900CE,CRUDEOIL,10NOV2026,890000.000000,1,OPTFUT,NCO,10.000000,100,False
133498,GOLD27FEB167900CE,GOLD,26FEB2027,16790000.000000,1,OPTFUT,NCO,50.000000,10,False
133503,GOLD27JAN163400PE,GOLD,29JAN2027,16340000.000000,1,OPTFUT,NCO,50.000000,10,False
133514,GOLD27JAN164000CE,GOLD,29JAN2027,16400000.000000,1,OPTFUT,NCO,50.000000,10,False
133526,SILVERM27MAR304000CE,SILVERM,24MAR2027,30400000.000000,1,OPTFUT,NCO,50.000000,120,False
133528,SILVERM27MAR304250CE,SILVERM,24MAR2027,30425000.000000,1,OPTFUT,NCO,50.000000,120,False
133547,SILVERM27MAY244250PE,SILVERM,24MAY2027,24425000.000000,1,OPTFUT,NCO,50.000000,120,False
133613,SILVERM27MAR307000CE,SILVERM,24MAR2027,30700000.000000,1,OPTFUT,NCO,50.000000,120,False
133619,SILVERM27MAR307750CE,SILVERM,24MAR2027,30775000.000000,1,OPTFUT,NCO,50.000000,120,False
133623,SILVERM27MAR308250CE,SILVERM,24MAR2027,30825000.000000,1,OPTFUT,NCO,50.000000,120,False
133635,SILVERM27MAR309750CE,SILVERM,24MAR2027,30975000.000000,1,OPTFUT,NCO,50.000000,120,False
133640,SILVERM27APR288750PE,SILVERM,23APR2027,28875000.000000,1,OPTFUT,NCO,50.000000,120,False
133642,SILVERM27APR289000PE,SILVERM,23APR2027,28900000.000000,1,OPTFUT,NCO,50.000000,120,False
133644,SILVERM27APR289250PE,SILVERM,23APR2027,28925000.000000,1,OPTFUT,NCO,50.000000,120,False
133646,SILVERM27APR289500PE,SILVERM,23APR2027,28950000.000000,1,OPTFUT,NCO,50.000000,120,False
133653,SILVERM27APR290500CE,SILVERM,23APR2027,29050000.000000,1,OPTFUT,NCO,50.000000,120,False
133655,SILVERM27APR290750CE,SILVERM,23APR2027,29075000.000000,1,OPTFUT,NCO,50.000000,120,False
133659,SILVERM27APR291250CE,SILVERM,23APR2027,29125000.000000,1,OPTFUT,NCO,50.000000,120,False
133663,SILVERM27APR291750CE,SILVERM,23APR2027,29175000.000000,1,OPTFUT,NCO,50.000000,120,False
133667,SILVERM27APR292250CE,SILVERM,23APR2027,29225000.000000,1,OPTFUT,NCO,50.000000,120,False
133718,SILVERM27APR297500PE,SILVERM,23APR2027,29750000.000000,1,OPTFUT,NCO,50.000000,120,False
133751,SILVERM27MAY248750CE,SILVERM,24MAY2027,24875000.000000,1,OPTFUT,NCO,50.000000,120,False
133761,SILVERM27FEB273250CE,SILVERM,19FEB2027,27325000.000000,1,OPTFUT,NCO,50.000000,120,False
133768,SILVERM27FEB274000PE,SILVERM,19FEB2027,27400000.000000,1,OPTFUT,NCO,50.000000,120,False
133782,SILVERM27APR300000PE,SILVERM,23APR2027,30000000.000000,1,OPTFUT,NCO,50.000000,120,False
133792,SILVERM27APR301250PE,SILVERM,23APR2027,30125000.000000,1,OPTFUT,NCO,50.000000,120,False
133794,SILVERM27APR301500PE,SILVERM,23APR2027,30150000.000000,1,OPTFUT,NCO,50.000000,120,False
133801,SILVERM27APR302500CE,SILVERM,23APR2027,30250000.000000,1,OPTFUT,NCO,50.000000,120,False
133823,SILVERM27APR305250CE,SILVERM,23APR2027,30525000.000000,1,OPTFUT,NCO,50.000000,120,False
133838,SILVERM27APR307000PE,SILVERM,23APR2027,30700000.000000,1,OPTFUT,NCO,50.000000,120,False
133844,SILVERM27APR307750PE,SILVERM,23APR2027,30775000.000000,1,OPTFUT,NCO,50.000000,120,False
133850,SILVERM27APR308500PE,SILVERM,23APR2027,30850000.000000,1,OPTFUT,NCO,50.000000,120,False
133870,SILVERM27MAY249750PE,SILVERM,24MAY2027,24975000.000000,1,OPTFUT,NCO,50.000000,120,False
133873,COPPER26SEP1300CE,COPPER,23SEP2026,130000.000000,1,OPTFUT,NCO,1.000000,70,False
133874,COPPER26SEP1300PE,COPPER,23SEP2026,130000.000000,1,OPTFUT,NCO,1.000000,70,False
133882,GOLD27MAR149700PE,GOLD,29MAR2027,14970000.000000,1,OPTFUT,NCO,50.000000,10,False
133892,GOLD27MAR150200PE,GOLD,29MAR2027,15020000.000000,1,OPTFUT,NCO,50.000000,10,False
133904,GOLD27MAR150800PE,GOLD,29MAR2027,15080000.000000,1,OPTFUT,NCO,50.000000,10,False
133911,CRUDEOIL26OCT9500CE,CRUDEOIL,08OCT2026,950000.000000,1,OPTFUT,NCO,10.000000,100,False
133926,CRUDEOIL26OCT9850PE,CRUDEOIL,08OCT2026,985000.000000,1,OPTFUT,NCO,10.000000,100,False
133930,CRUDEOIL26OCT9950PE,CRUDEOIL,08OCT2026,995000.000000,1,OPTFUT,NCO,10.000000,100,False
133931,CRUDEOIL26OCT10000CE,CRUDEOIL,08OCT2026,1000000.000000,1,OPTFUT,NCO,10.000000,100,False
133941,CRUDEOIL26OCT10250CE,CRUDEOIL,08OCT2026,1025000.000000,1,OPTFUT,NCO,10.000000,100,False
133942,CRUDEOIL26OCT10250PE,CRUDEOIL,08OCT2026,1025000.000000,1,OPTFUT,NCO,10.000000,100,False
133944,CRUDEOIL26OCT10300PE,CRUDEOIL,08OCT2026,1030000.000000,1,OPTFUT,NCO,10.000000,100,False
133947,CRUDEOIL26OCT10400CE,CRUDEOIL,08OCT2026,1040000.000000,1,OPTFUT,NCO,10.000000,100,False
133949,CRUDEOIL26OCT10450CE,CRUDEOIL,08OCT2026,1045000.000000,1,OPTFUT,NCO,10.000000,100,False
133953,CRUDEOIL26OCT10550CE,CRUDEOIL,08OCT2026,1055000.000000,1,OPTFUT,NCO,10.000000,100,False
133956,CRUDEOIL26OCT10600PE,CRUDEOIL,08OCT2026,1060000.000000,1,OPTFUT,NCO,10.000000,100,False
133957,CRUDEOIL26NOV9450CE,CRUDEOIL,10NOV2026,945000.000000,1,OPTFUT,NCO,10.000000,100,False
133968,CRUDEOIL26NOV9700PE,CRUDEOIL,10NOV2026,970000.000000,1,OPTFUT,NCO,10.000000,100,False
133975,CRUDEOIL26NOV9900CE,CRUDEOIL,10NOV2026,990000.000000,1,OPTFUT,NCO,10.000000,100,False
133987,CRUDEOIL26NOV10200CE,CRUDEOIL,10NOV2026,1020000.000000,1,OPTFUT,NCO,10.000000,100,False
134068,SILVERM27APR310500PE,SILVERM,23APR2027,31050000.000000,1,OPTFUT,NCO,50.000000,120,False
134069,SILVERM27APR310750CE,SILVERM,23APR2027,31075000.000000,1,OPTFUT,NCO,50.000000,120,False
134075,GOLD27MAY147200CE,GOLD,28MAY2027,14720000.000000,1,OPTFUT,NCO,50.000000,10,False
134079,SILVERM27APR311000CE,SILVERM,23APR2027,31100000.000000,1,OPTFUT,NCO,50.000000,120,False
134083,GOLD27MAY147400CE,GOLD,28MAY2027,14740000.000000,1,OPTFUT,NCO,50.000000,10,False
134084,GOLD27MAY147400PE,GOLD,28MAY2027,14740000.000000,1,OPTFUT,NCO,50.000000,10,False
134090,GOLD27APR150400PE,GOLD,28APR2027,15040000.000000,1,OPTFUT,NCO,50.000000,10,False
134092,GOLD27APR150500PE,GOLD,28APR2027,15050000.000000,1,OPTFUT,NCO,50.000000,10,False
134093,GOLD27MAY147500CE,GOLD,28MAY2027,14750000.000000,1,OPTFUT,NCO,50.000000,10,False
134095,GOLD27MAY147600CE,GOLD,28MAY2027,14760000.000000,1,OPTFUT,NCO,50.000000,10,False
134097,CRUDEOIL26NOV10700CE,CRUDEOIL,10NOV2026,1070000.000000,1,OPTFUT,NCO,10.000000,100,False
134107,CRUDEOIL26NOVFUT,CRUDEOIL,19NOV2026,-1.000000,1,FUTENR,NCO,100.000000,100,False
134114,CRUDEOIL26NOV10800PE,CRUDEOIL,10NOV2026,1080000.000000,1,OPTFUT,NCO,10.000000,100,False
134117,NATURALGAS26OCT350CE,NATURALGAS,21OCT2026,35000.000000,1,OPTFUT,NCO,5.000000,48,False
134118,NATURALGAS26OCT350PE,NATURALGAS,21OCT2026,35000.000000,1,OPTFUT,NCO,5.000000,48,False
134119,SILVER26DEC262750CE,SILVER,01DEC2026,26275000.000000,1,OPTBLN,NCO,50.000000,20,False
134125,CRUDEOIL26NOV10900CE,CRUDEOIL,10NOV2026,1090000.000000,1,OPTFUT,NCO,10.000000,100,False
134128,GOLD27FEB173800CE,GOLD,26FEB2027,17380000.000000,1,OPTFUT,NCO,50.000000,10,False
134136,GOLD27FEB163000CE,GOLD,26FEB2027,16300000.000000,1,OPTFUT,NCO,50.000000,10,False
134143,CRUDEOIL26NOV11000CE,CRUDEOIL,10NOV2026,1100000.000000,1,OPTFUT,NCO,10.000000,100,False
134144,CRUDEOIL26NOV11000PE,CRUDEOIL,10NOV2026,1100000.000000,1,OPTFUT,NCO,10.000000,100,False
134149,GOLD27MAY166300CE,GOLD,28MAY2027,16630000.000000,1,OPTFUT,NCO,50.000000,10,False
134163,GOLD27JUN164800CE,GOLD,28JUN2027,16480000.000000,1,OPTFUT,NCO,50.000000,10,False
134181,GOLD27JUN165700CE,GOLD,28JUN2027,16570000.000000,1,OPTFUT,NCO,50.000000,10,False
134203,GOLD27JUN166800CE,GOLD,28JUN2027,16680000.000000,1,OPTFUT,NCO,50.000000,10,False
134256,GOLD27JUL166200PE,GOLD,29JUL2027,16620000.000000,1,OPTFUT,NCO,50.000000,10,False
134261,GOLD27FEB163200CE,GOLD,26FEB2027,16320000.000000,1,OPTFUT,NCO,50.000000,10,False
134264,GOLD27FEB163300PE,GOLD,26FEB2027,16330000.000000,1,OPTFUT,NCO,50.000000,10,False
134266,GOLD27FEB163400PE,GOLD,26FEB2027,16340000.000000,1,OPTFUT,NCO,50.000000,10,False
134275,GOLD27FEB163900CE,GOLD,26FEB2027,16390000.000000,1,OPTFUT,NCO,50.000000,10,False
134278,GOLD27FEB164000PE,GOLD,26FEB2027,16400000.000000,1,OPTFUT,NCO,50.000000,10,False
134293,GOLD27JUL167200CE,GOLD,29JUL2027,16720000.000000,1,OPTFUT,NCO,50.000000,10,False
134294,GOLD27JUL167200PE,GOLD,29JUL2027,16720000.000000,1,OPTFUT,NCO,50.000000,10,False
134317,GOLD27APR150800CE,GOLD,28APR2027,15080000.000000,1,OPTFUT,NCO,50.000000,10,False
134320,GOLD27APR150900PE,GOLD,28APR2027,15090000.000000,1,OPTFUT,NCO,50.000000,10,False
134327,GOLD27APR151300CE,GOLD,28APR2027,15130000.000000,1,OPTFUT,NCO,50.000000,10,False
134337,GOLD27MAY147900CE,GOLD,28MAY2027,14790000.000000,1,OPTFUT,NCO,50.000000,10,False
134341,GOLD27MAY148100CE,GOLD,28MAY2027,14810000.000000,1,OPTFUT,NCO,50.000000,10,False
134401,GOLDM26SEP157600CE,GOLDM,25SEP2026,15760000.000000,1,OPTFUT,NCO,50.000000,100,False
134454,GOLDM26SEP160100PE,GOLDM,25SEP2026,16010000.000000,1,OPTFUT,NCO,50.000000,100,False
134468,GOLD27APR151900PE,GOLD,28APR2027,15190000.000000,1,OPTFUT,NCO,50.000000,10,False
134469,GOLD27APR152000CE,GOLD,28APR2027,15200000.000000,1,OPTFUT,NCO,50.000000,10,False
134482,GOLD27MAY151600PE,GOLD,28MAY2027,15160000.000000,1,OPTFUT,NCO,50.000000,10,False
134487,GOLD27MAY151900CE,GOLD,28MAY2027,15190000.000000,1,OPTFUT,NCO,50.000000,10,False
134493,GOLD27MAY152200CE,GOLD,28MAY2027,15220000.000000,1,OPTFUT,NCO,50.000000,10,False
134518,CRUDEOIL26OCT10900PE,CRUDEOIL,08OCT2026,1090000.000000,1,OPTFUT,NCO,10.000000,100,False
134541,GOLDM26OCT158900CE,GOLDM,29OCT2026,15890000.000000,1,OPTFUT,NCO,50.000000,100,False
134545,GOLDM26OCT159100CE,GOLDM,29OCT2026,15910000.000000,1,OPTFUT,NCO,50.000000,100,False
134558,GOLDM26OCT159700PE,GOLDM,29OCT2026,15970000.000000,1,OPTFUT,NCO,50.000000,100,False
134567,GOLDM26OCT160200CE,GOLDM,29OCT2026,16020000.000000,1,OPTFUT,NCO,50.000000,100,False
134569,GOLDM26OCT160300CE,GOLDM,29OCT2026,16030000.000000,1,OPTFUT,NCO,50.000000,100,False
134579,GOLDM26OCT160800CE,GOLDM,29OCT2026,16080000.000000,1,OPTFUT,NCO,50.000000,100,False
134582,GOLDM26OCT160900PE,GOLDM,29OCT2026,16090000.000000,1,OPTFUT,NCO,50.000000,100,False
134635,SILVERM27JUL258750CE,SILVERM,23JUL2027,25875000.000000,1,OPTFUT,NCO,50.000000,120,False
134641,GOLD27MAY168600CE,GOLD,28MAY2027,16860000.000000,1,OPTFUT,NCO,50.000000,10,False
134652,GOLD27MAY169100PE,GOLD,28MAY2027,16910000.000000,1,OPTFUT,NCO,50.000000,10,False
134664,GOLD27MAY169700PE,GOLD,28MAY2027,16970000.000000,1,OPTFUT,NCO,50.000000,10,False
134670,GOLD27JUN167900PE,GOLD,28JUN2027,16790000.000000,1,OPTFUT,NCO,50.000000,10,False
134671,GOLD27JUN168000CE,GOLD,28JUN2027,16800000.000000,1,OPTFUT,NCO,50.000000,10,False
134689,GOLD27JUN168900CE,GOLD,28JUN2027,16890000.000000,1,OPTFUT,NCO,50.000000,10,False
134692,GOLD27JUN169000PE,GOLD,28JUN2027,16900000.000000,1,OPTFUT,NCO,50.000000,10,False
134698,GOLD27JUN169300PE,GOLD,28JUN2027,16930000.000000,1,OPTFUT,NCO,50.000000,10,False
134703,GOLD27JUN169600CE,GOLD,28JUN2027,16960000.000000,1,OPTFUT,NCO,50.000000,10,False
134745,GOLD27JUL169300CE,GOLD,29JUL2027,16930000.000000,1,OPTFUT,NCO,50.000000,10,False
134761,GOLD27JUL169700CE,GOLD,29JUL2027,16970000.000000,1,OPTFUT,NCO,50.000000,10,False
134763,GOLD27JUL169800CE,GOLD,29JUL2027,16980000.000000,1,OPTFUT,NCO,50.000000,10,False
134778,GOLD27JUL170100PE,GOLD,29JUL2027,17010000.000000,1,OPTFUT,NCO,50.000000,10,False
134783,GOLD27JUL170400CE,GOLD,29JUL2027,17040000.000000,1,OPTFUT,NCO,50.000000,10,False
134786,GOLD27JUL170500PE,GOLD,29JUL2027,17050000.000000,1,OPTFUT,NCO,50.000000,10,False
134789,GOLD27JUL170700CE,GOLD,29JUL2027,17070000.000000,1,OPTFUT,NCO,50.000000,10,False
134795,GOLD27JUL171000CE,GOLD,29JUL2027,17100000.000000,1,OPTFUT,NCO,50.000000,10,False
134803,GOLD27JUL171400CE,GOLD,29JUL2027,17140000.000000,1,OPTFUT,NCO,50.000000,10,False
134805,GOLD27JUL171500CE,GOLD,29JUL2027,17150000.000000,1,OPTFUT,NCO,50.000000,10,False
134821,SILVERM26SEP157250CE,SILVERM,23SEP2026,15725000.000000,1,OPTFUT,NCO,50.000000,120,False
134826,SILVERM26SEP157750PE,SILVERM,23SEP2026,15775000.000000,1,OPTFUT,NCO,50.000000,120,False
134830,SILVERM26SEP158250PE,SILVERM,23SEP2026,15825000.000000,1,OPTFUT,NCO,50.000000,120,False
134838,SILVERM26SEP159250PE,SILVERM,23SEP2026,15925000.000000,1,OPTFUT,NCO,50.000000,120,False
134842,SILVERM26SEP159750PE,SILVERM,23SEP2026,15975000.000000,1,OPTFUT,NCO,50.000000,120,False
134887,GOLD26SEP121500PE,GOLD,25SEP2026,12150000.000000,1,OPTFUT,NCO,50.000000,10,False
134906,GOLD26SEP122500CE,GOLD,25SEP2026,12250000.000000,1,OPTFUT,NCO,50.000000,10,False
134918,GOLD26SEP123100CE,GOLD,25SEP2026,12310000.000000,1,OPTFUT,NCO,50.000000,10,False
134925,GOLD26SEP123400PE,GOLD,25SEP2026,12340000.000000,1,OPTFUT,NCO,50.000000,10,False
134928,GOLD26SEP123600CE,GOLD,25SEP2026,12360000.000000,1,OPTFUT,NCO,50.000000,10,False
134929,GOLD26SEP123600PE,GOLD,25SEP2026,12360000.000000,1,OPTFUT,NCO,50.000000,10,False
134939,GOLD26SEP124100PE,GOLD,25SEP2026,12410000.000000,1,OPTFUT,NCO,50.000000,10,False
134950,GOLD26SEP124700CE,GOLD,25SEP2026,12470000.000000,1,OPTFUT,NCO,50.000000,10,False
134954,GOLD26SEP124900CE,GOLD,25SEP2026,12490000.000000,1,OPTFUT,NCO,50.000000,10,False
134964,GOLD26SEP125400CE,GOLD,25SEP2026,12540000.000000,1,OPTFUT,NCO,50.000000,10,False
134981,GOLD26SEP126200PE,GOLD,25SEP2026,12620000.000000,1,OPTFUT,NCO,50.000000,10,False
134988,SILVERM27JAN249250PE,SILVERM,21JAN2027,24925000.000000,1,OPTFUT,NCO,50.000000,120,False
135019,GOLDM26SEP160600PE,GOLDM,25SEP2026,16060000.000000,1,OPTFUT,NCO,50.000000,100,False
135025,GOLD27FEB164800PE,GOLD,26FEB2027,16480000.000000,1,OPTFUT,NCO,50.000000,10,False
135049,GOLD27FEB166000PE,GOLD,26FEB2027,16600000.000000,1,OPTFUT,NCO,50.000000,10,False
135054,GOLD27FEB166300CE,GOLD,26FEB2027,16630000.000000,1,OPTFUT,NCO,50.000000,10,False
135057,GOLD27FEB166400PE,GOLD,26FEB2027,16640000.000000,1,OPTFUT,NCO,50.000000,10,False
135088,SILVERM26SEP160500CE,SILVERM,23SEP2026,16050000.000000,1,OPTFUT,NCO,50.000000,120,False
135141,GOLDM26SEP161500CE,GOLDM,25SEP2026,16150000.000000,1,OPTFUT,NCO,50.000000,100,False
135142,GOLDM26SEP161500PE,GOLDM,25SEP2026,16150000.000000,1,OPTFUT,NCO,50.000000,100,False
135145,GOLDM26SEP161700CE,GOLDM,25SEP2026,16170000.000000,1,OPTFUT,NCO,50.000000,100,False
135193,SILVERM26SEP205000CE,SILVERM,23SEP2026,20500000.000000,1,OPTFUT,NCO,50.000000,120,False
135154,GOLDM26SEP162100PE,GOLDM,25SEP2026,16210000.000000,1,OPTFUT,NCO,50.000000,100,False
135157,GOLDM26SEP162300CE,GOLDM,25SEP2026,16230000.000000,1,OPTFUT,NCO,50.000000,100,False
135201,SILVERM26SEP206000CE,SILVERM,23SEP2026,20600000.000000,1,OPTFUT,NCO,50.000000,120,False
135223,SILVERM26SEP208750CE,SILVERM,23SEP2026,20875000.000000,1,OPTFUT,NCO,50.000000,120,False
135229,SILVERM26SEP209500CE,SILVERM,23SEP2026,20950000.000000,1,OPTFUT,NCO,50.000000,120,False
135242,SILVERM26OCT206500PE,SILVERM,23OCT2026,20650000.000000,1,OPTFUT,NCO,50.000000,120,False
135249,GOLDM26SEP162700CE,GOLDM,25SEP2026,16270000.000000,1,OPTFUT,NCO,50.000000,100,False
135261,GOLDM26OCT161300CE,GOLDM,29OCT2026,16130000.000000,1,OPTFUT,NCO,50.000000,100,False
135262,GOLDM26OCT161300PE,GOLDM,29OCT2026,16130000.000000,1,OPTFUT,NCO,50.000000,100,False
135265,GOLDM26OCT161500CE,GOLDM,29OCT2026,16150000.000000,1,OPTFUT,NCO,50.000000,100,False
135271,GOLDM26OCT161800CE,GOLDM,29OCT2026,16180000.000000,1,OPTFUT,NCO,50.000000,100,False
135272,GOLDM26OCT161800PE,GOLDM,29OCT2026,16180000.000000,1,OPTFUT,NCO,50.000000,100,False
135280,GOLDM26OCT162200PE,GOLDM,29OCT2026,16220000.000000,1,OPTFUT,NCO,50.000000,100,False
135289,GOLDM26OCT162700CE,GOLDM,29OCT2026,16270000.000000,1,OPTFUT,NCO,50.000000,100,False
135291,SILVERM27JAN263000PE,SILVERM,21JAN2027,26300000.000000,1,OPTFUT,NCO,50.000000,120,False
135303,SILVERM27JAN253000CE,SILVERM,21JAN2027,25300000.000000,1,OPTFUT,NCO,50.000000,120,False
135318,GOLDM26OCT163100CE,GOLDM,29OCT2026,16310000.000000,1,OPTFUT,NCO,50.000000,100,False
135339,GOLDM26OCT164000PE,GOLDM,29OCT2026,16400000.000000,1,OPTFUT,NCO,50.000000,100,False
135466,SILVERM27JUN258250PE,SILVERM,23JUN2027,25825000.000000,1,OPTFUT,NCO,50.000000,120,False
135470,SILVERM27JUN258750PE,SILVERM,23JUN2027,25875000.000000,1,OPTFUT,NCO,50.000000,120,False
135471,SILVERM27JUN259000CE,SILVERM,23JUN2027,25900000.000000,1,OPTFUT,NCO,50.000000,120,False
135493,SILVERM27JUN261750CE,SILVERM,23JUN2027,26175000.000000,1,OPTFUT,NCO,50.000000,120,False
135494,SILVERM27JUN261750PE,SILVERM,23JUN2027,26175000.000000,1,OPTFUT,NCO,50.000000,120,False
135497,SILVERM27JUN262250CE,SILVERM,23JUN2027,26225000.000000,1,OPTFUT,NCO,50.000000,120,False
135506,SILVERM27JUN263250PE,SILVERM,23JUN2027,26325000.000000,1,OPTFUT,NCO,50.000000,120,False
135510,SILVERM27JUN263750PE,SILVERM,23JUN2027,26375000.000000,1,OPTFUT,NCO,50.000000,120,False
135514,SILVERM27JUN264250PE,SILVERM,23JUN2027,26425000.000000,1,OPTFUT,NCO,50.000000,120,False
135521,SILVERM27JUL259250CE,SILVERM,23JUL2027,25925000.000000,1,OPTFUT,NCO,50.000000,120,False
135531,SILVERM27JUL260500CE,SILVERM,23JUL2027,26050000.000000,1,OPTFUT,NCO,50.000000,120,False
135577,GOLD26SEP126700CE,GOLD,25SEP2026,12670000.000000,1,OPTFUT,NCO,50.000000,10,False
135585,GOLD26SEP127100CE,GOLD,25SEP2026,12710000.000000,1,OPTFUT,NCO,50.000000,10,False
135587,GOLD26SEP127200CE,GOLD,25SEP2026,12720000.000000,1,OPTFUT,NCO,50.000000,10,False
135621,SILVERM26OCT207500CE,SILVERM,23OCT2026,20750000.000000,1,OPTFUT,NCO,50.000000,120,False
135625,SILVERM26OCT208000CE,SILVERM,23OCT2026,20800000.000000,1,OPTFUT,NCO,50.000000,120,False
135628,SILVERM26OCT208250PE,SILVERM,23OCT2026,20825000.000000,1,OPTFUT,NCO,50.000000,120,False
135630,SILVERM26OCT208500PE,SILVERM,23OCT2026,20850000.000000,1,OPTFUT,NCO,50.000000,120,False
135640,SILVERM26OCT209750PE,SILVERM,23OCT2026,20975000.000000,1,OPTFUT,NCO,50.000000,120,False
135648,SILVERM26NOV206250PE,SILVERM,23NOV2026,20625000.000000,1,OPTFUT,NCO,50.000000,120,False
135663,SILVERM26NOV208250CE,SILVERM,23NOV2026,20825000.000000,1,OPTFUT,NCO,50.000000,120,False
135793,SILVERM27JAN256500CE,SILVERM,21JAN2027,25650000.000000,1,OPTFUT,NCO,50.000000,120,False
135673,SILVERM26NOV209500CE,SILVERM,23NOV2026,20950000.000000,1,OPTFUT,NCO,50.000000,120,False
135742,SILVERM26SEP228500PE,SILVERM,23SEP2026,22850000.000000,1,OPTFUT,NCO,50.000000,120,False
135795,SILVERM26SEP229250CE,SILVERM,23SEP2026,22925000.000000,1,OPTFUT,NCO,50.000000,120,False
135797,SILVERM26SEP229500CE,SILVERM,23SEP2026,22950000.000000,1,OPTFUT,NCO,50.000000,120,False
135799,SILVERM26SEP229750CE,SILVERM,23SEP2026,22975000.000000,1,OPTFUT,NCO,50.000000,120,False
135808,SILVERM26SEP230750PE,SILVERM,23SEP2026,23075000.000000,1,OPTFUT,NCO,50.000000,120,False
135811,SILVERM26SEP231250CE,SILVERM,23SEP2026,23125000.000000,1,OPTFUT,NCO,50.000000,120,False
135816,SILVERM26SEP231750PE,SILVERM,23SEP2026,23175000.000000,1,OPTFUT,NCO,50.000000,120,False
135827,SILVERM27JAN257000CE,SILVERM,21JAN2027,25700000.000000,1,OPTFUT,NCO,50.000000,120,False
135829,SILVERM27JAN257250CE,SILVERM,21JAN2027,25725000.000000,1,OPTFUT,NCO,50.000000,120,False
135843,SILVERM27JAN259000CE,SILVERM,21JAN2027,25900000.000000,1,OPTFUT,NCO,50.000000,120,False
135846,SILVERM27JAN259250PE,SILVERM,21JAN2027,25925000.000000,1,OPTFUT,NCO,50.000000,120,False
135850,SILVERM27JAN259750PE,SILVERM,21JAN2027,25975000.000000,1,OPTFUT,NCO,50.000000,120,False
135856,SILVERM27FEB256250CE,SILVERM,19FEB2027,25625000.000000,1,OPTFUT,NCO,50.000000,120,False
135862,SILVERM27FEB257000CE,SILVERM,19FEB2027,25700000.000000,1,OPTFUT,NCO,50.000000,120,False
135865,SILVERM27FEB257250PE,SILVERM,19FEB2027,25725000.000000,1,OPTFUT,NCO,50.000000,120,False
135874,SILVERM27FEB258500CE,SILVERM,19FEB2027,25850000.000000,1,OPTFUT,NCO,50.000000,120,False
135875,SILVERM27FEB258500PE,SILVERM,19FEB2027,25850000.000000,1,OPTFUT,NCO,50.000000,120,False
135884,SILVERM27FEB259750CE,SILVERM,19FEB2027,25975000.000000,1,OPTFUT,NCO,50.000000,120,False
135941,SILVERM27JUL263250CE,SILVERM,23JUL2027,26325000.000000,1,OPTFUT,NCO,50.000000,120,False
135944,SILVERM27JUL263500PE,SILVERM,23JUL2027,26350000.000000,1,OPTFUT,NCO,50.000000,120,False
135958,SILVERM27APR239500CE,SILVERM,23APR2027,23950000.000000,1,OPTFUT,NCO,50.000000,120,False
135973,SILVERM27APR235250PE,SILVERM,23APR2027,23525000.000000,1,OPTFUT,NCO,50.000000,120,False
135976,SILVERM27JUL264250CE,SILVERM,23JUL2027,26425000.000000,1,OPTFUT,NCO,50.000000,120,False
135996,ZINC26OCT432.5CE,ZINC,23OCT2026,43250.000000,1,OPTFUT,NCO,1.000000,20,False
135997,ZINC26OCT432.5PE,ZINC,23OCT2026,43250.000000,1,OPTFUT,NCO,1.000000,20,False
136005,CRUDEOIL26NOV5750PE,CRUDEOIL,10NOV2026,575000.000000,1,OPTFUT,NCO,10.000000,100,False
136009,GOLD27MAY169900PE,GOLD,28MAY2027,16990000.000000,1,OPTFUT,NCO,50.000000,10,False
136011,GOLD27MAY170000PE,GOLD,28MAY2027,17000000.000000,1,OPTFUT,NCO,50.000000,10,False
136018,GOLD27MAY170400CE,GOLD,28MAY2027,17040000.000000,1,OPTFUT,NCO,50.000000,10,False
136025,GOLD27MAY170700PE,GOLD,28MAY2027,17070000.000000,1,OPTFUT,NCO,50.000000,10,False
136027,GOLD27MAY170800PE,GOLD,28MAY2027,17080000.000000,1,OPTFUT,NCO,50.000000,10,False
136067,SILVERM26SEP160750CE,SILVERM,23SEP2026,16075000.000000,1,OPTFUT,NCO,50.000000,120,False
136070,SILVERM26SEP161000PE,SILVERM,23SEP2026,16100000.000000,1,OPTFUT,NCO,50.000000,120,False
136074,SILVERM26SEP161500PE,SILVERM,23SEP2026,16150000.000000,1,OPTFUT,NCO,50.000000,120,False
136082,SILVERM26SEP162500PE,SILVERM,23SEP2026,16250000.000000,1,OPTFUT,NCO,50.000000,120,False
136083,SILVERM26SEP162750CE,SILVERM,23SEP2026,16275000.000000,1,OPTFUT,NCO,50.000000,120,False
136109,SILVERM27JAN261250CE,SILVERM,21JAN2027,26125000.000000,1,OPTFUT,NCO,50.000000,120,False
136120,SILVERM27FEB261250CE,SILVERM,19FEB2027,26125000.000000,1,OPTFUT,NCO,50.000000,120,False
136139,GOLD27MAY171500PE,GOLD,28MAY2027,17150000.000000,1,OPTFUT,NCO,50.000000,10,False
136147,SILVERM27JAN261750CE,SILVERM,21JAN2027,26175000.000000,1,OPTFUT,NCO,50.000000,120,False
136148,SILVERM27JAN261750PE,SILVERM,21JAN2027,26175000.000000,1,OPTFUT,NCO,50.000000,120,False
136169,SILVERM27FEB263500PE,SILVERM,19FEB2027,26350000.000000,1,OPTFUT,NCO,50.000000,120,False
136172,SILVERM27FEB264000CE,SILVERM,19FEB2027,26400000.000000,1,OPTFUT,NCO,50.000000,120,False
136195,SILVERM27APR238750PE,SILVERM,23APR2027,23875000.000000,1,OPTFUT,NCO,50.000000,120,False
136199,SILVERM27MAY235750PE,SILVERM,24MAY2027,23575000.000000,1,OPTFUT,NCO,50.000000,120,False
136201,SILVERM27MAY236000PE,SILVERM,24MAY2027,23600000.000000,1,OPTFUT,NCO,50.000000,120,False
136247,GOLD26SEP128900CE,GOLD,25SEP2026,12890000.000000,1,OPTFUT,NCO,50.000000,10,False
136212,GOLD27MAY171700PE,GOLD,28MAY2027,17170000.000000,1,OPTFUT,NCO,50.000000,10,False
136219,GOLD27JUN170800CE,GOLD,28JUN2027,17080000.000000,1,OPTFUT,NCO,50.000000,10,False
136249,GOLD26SEP129000CE,GOLD,25SEP2026,12900000.000000,1,OPTFUT,NCO,50.000000,10,False
136264,SILVERM27MAY237750CE,SILVERM,24MAY2027,23775000.000000,1,OPTFUT,NCO,50.000000,120,False
136270,SILVERM27MAY238500CE,SILVERM,24MAY2027,23850000.000000,1,OPTFUT,NCO,50.000000,120,False
136273,SILVERM27MAY238750PE,SILVERM,24MAY2027,23875000.000000,1,OPTFUT,NCO,50.000000,120,False
136278,SILVERM27MAY239500CE,SILVERM,24MAY2027,23950000.000000,1,OPTFUT,NCO,50.000000,120,False
136317,GOLD27JUN171500CE,GOLD,28JUN2027,17150000.000000,1,OPTFUT,NCO,50.000000,10,False
136321,SILVERM26SEP164500CE,SILVERM,23SEP2026,16450000.000000,1,OPTFUT,NCO,50.000000,120,False
136346,GOLD27JUN171700PE,GOLD,28JUN2027,17170000.000000,1,OPTFUT,NCO,50.000000,10,False
136366,SILVERM27FEB266750CE,SILVERM,19FEB2027,26675000.000000,1,OPTFUT,NCO,50.000000,120,False
136369,SILVERM27FEB267000PE,SILVERM,19FEB2027,26700000.000000,1,OPTFUT,NCO,50.000000,120,False
136383,GOLD27JUN172200CE,GOLD,28JUN2027,17220000.000000,1,OPTFUT,NCO,50.000000,10,False
136385,GOLD27JUN172300CE,GOLD,28JUN2027,17230000.000000,1,OPTFUT,NCO,50.000000,10,False
136386,GOLD27JUN172300PE,GOLD,28JUN2027,17230000.000000,1,OPTFUT,NCO,50.000000,10,False
136393,GOLD27JUN172700CE,GOLD,28JUN2027,17270000.000000,1,OPTFUT,NCO,50.000000,10,False
136440,GOLD26SEP141700PE,GOLD,25SEP2026,14170000.000000,1,OPTFUT,NCO,50.000000,10,False
136452,GOLD26OCT142000PE,GOLD,29OCT2026,14200000.000000,1,OPTFUT,NCO,50.000000,10,False
136453,GOLD26OCT142100CE,GOLD,29OCT2026,14210000.000000,1,OPTFUT,NCO,50.000000,10,False
136473,GOLD26NOV142800CE,GOLD,27NOV2026,14280000.000000,1,OPTFUT,NCO,50.000000,10,False
136474,GOLD26NOV142800PE,GOLD,27NOV2026,14280000.000000,1,OPTFUT,NCO,50.000000,10,False
136479,NATURALGAS26SEP240CE,NATURALGAS,21SEP2026,24000.000000,1,OPTFUT,NCO,5.000000,48,False
136484,GOLD27JUL172300CE,GOLD,29JUL2027,17230000.000000,1,OPTFUT,NCO,50.000000,10,False
136487,GOLD27JUL172400PE,GOLD,29JUL2027,17240000.000000,1,OPTFUT,NCO,50.000000,10,False
136492,GOLD27JUL172700CE,GOLD,29JUL2027,17270000.000000,1,OPTFUT,NCO,50.000000,10,False
136496,GOLD27JUL172900CE,GOLD,29JUL2027,17290000.000000,1,OPTFUT,NCO,50.000000,10,False
136503,GOLD27JUL173200PE,GOLD,29JUL2027,17320000.000000,1,OPTFUT,NCO,50.000000,10,False
136544,GOLD27JAN165600PE,GOLD,29JAN2027,16560000.000000,1,OPTFUT,NCO,50.000000,10,False
136546,GOLD27JAN165700PE,GOLD,29JAN2027,16570000.000000,1,OPTFUT,NCO,50.000000,10,False
136565,GOLD27JAN166700CE,GOLD,29JAN2027,16670000.000000,1,OPTFUT,NCO,50.000000,10,False
136569,GOLD27JAN166900CE,GOLD,29JAN2027,16690000.000000,1,OPTFUT,NCO,50.000000,10,False
136582,SILVERM27FEB268250CE,SILVERM,19FEB2027,26825000.000000,1,OPTFUT,NCO,50.000000,120,False
136585,SILVERM27FEB268500PE,SILVERM,19FEB2027,26850000.000000,1,OPTFUT,NCO,50.000000,120,False
136586,SILVERM27FEB268750CE,SILVERM,19FEB2027,26875000.000000,1,OPTFUT,NCO,50.000000,120,False
136587,SILVERM27FEB268750PE,SILVERM,19FEB2027,26875000.000000,1,OPTFUT,NCO,50.000000,120,False
136612,NATURALGAS26SEP240PE,NATURALGAS,21SEP2026,24000.000000,1,OPTFUT,NCO,5.000000,48,False
136626,NATURALGAS26SEP275PE,NATURALGAS,21SEP2026,27500.000000,1,OPTFUT,NCO,5.000000,48,False
136632,NATURALGAS26SEP290PE,NATURALGAS,21SEP2026,29000.000000,1,OPTFUT,NCO,5.000000,48,False
136635,NATURALGAS26SEP300CE,NATURALGAS,21SEP2026,30000.000000,1,OPTFUT,NCO,5.000000,48,False
136644,NATURALGAS26SEP320PE,NATURALGAS,21SEP2026,32000.000000,1,OPTFUT,NCO,5.000000,48,False
136652,NATURALGAS26SEP340PE,NATURALGAS,21SEP2026,34000.000000,1,OPTFUT,NCO,5.000000,48,False
136654,NATURALGAS26SEP345PE,NATURALGAS,21SEP2026,34500.000000,1,OPTFUT,NCO,5.000000,48,False
136657,NATURALGAS26SEP355CE,NATURALGAS,21SEP2026,35500.000000,1,OPTFUT,NCO,5.000000,48,False
136664,NATURALGAS26SEP370PE,NATURALGAS,21SEP2026,37000.000000,1,OPTFUT,NCO,5.000000,48,False
136673,SILVERM27MAR223250CE,SILVERM,24MAR2027,22325000.000000,1,OPTFUT,NCO,50.000000,120,False
136678,SILVERM27MAR223750PE,SILVERM,24MAR2027,22375000.000000,1,OPTFUT,NCO,50.000000,120,False
136698,SILVERM27MAR226250PE,SILVERM,24MAR2027,22625000.000000,1,OPTFUT,NCO,50.000000,120,False
136699,SILVERM27MAR226500CE,SILVERM,24MAR2027,22650000.000000,1,OPTFUT,NCO,50.000000,120,False
136714,SILVERM27APR224250PE,SILVERM,23APR2027,22425000.000000,1,OPTFUT,NCO,50.000000,120,False
136744,SILVERM27APR228000PE,SILVERM,23APR2027,22800000.000000,1,OPTFUT,NCO,50.000000,120,False
136753,SILVERM27MAY225500CE,SILVERM,24MAY2027,22550000.000000,1,OPTFUT,NCO,50.000000,120,False
136754,SILVERM27MAY225500PE,SILVERM,24MAY2027,22550000.000000,1,OPTFUT,NCO,50.000000,120,False
136776,SILVERM27MAY228250PE,SILVERM,24MAY2027,22825000.000000,1,OPTFUT,NCO,50.000000,120,False
136820,GOLDM26SEP163600PE,GOLDM,25SEP2026,16360000.000000,1,OPTFUT,NCO,50.000000,100,False
136833,GOLDM26SEP164300CE,GOLDM,25SEP2026,16430000.000000,1,OPTFUT,NCO,50.000000,100,False
136834,GOLDM26SEP164300PE,GOLDM,25SEP2026,16430000.000000,1,OPTFUT,NCO,50.000000,100,False
136837,GOLDM26SEP164500CE,GOLDM,25SEP2026,16450000.000000,1,OPTFUT,NCO,50.000000,100,False
136848,GOLDM26SEP165000PE,GOLDM,25SEP2026,16500000.000000,1,OPTFUT,NCO,50.000000,100,False
136868,GOLDM26OCT164800PE,GOLDM,29OCT2026,16480000.000000,1,OPTFUT,NCO,50.000000,100,False
136874,GOLDM26OCT165100PE,GOLDM,29OCT2026,16510000.000000,1,OPTFUT,NCO,50.000000,100,False
136933,GOLD26SEP129500CE,GOLD,25SEP2026,12950000.000000,1,OPTFUT,NCO,50.000000,10,False
136943,GOLD26SEP130000CE,GOLD,25SEP2026,13000000.000000,1,OPTFUT,NCO,50.000000,10,False
136952,GOLD26SEP130400PE,GOLD,25SEP2026,13040000.000000,1,OPTFUT,NCO,50.000000,10,False
136964,GOLD26SEP131000PE,GOLD,25SEP2026,13100000.000000,1,OPTFUT,NCO,50.000000,10,False
136975,GOLD26SEP131600CE,GOLD,25SEP2026,13160000.000000,1,OPTFUT,NCO,50.000000,10,False
136976,GOLD26SEP131600PE,GOLD,25SEP2026,13160000.000000,1,OPTFUT,NCO,50.000000,10,False
136977,GOLD26SEP131700CE,GOLD,25SEP2026,13170000.000000,1,OPTFUT,NCO,50.000000,10,False
137012,GOLD27JAN167200PE,GOLD,29JAN2027,16720000.000000,1,OPTFUT,NCO,50.000000,10,False
137018,GOLD27JAN167500PE,GOLD,29JAN2027,16750000.000000,1,OPTFUT,NCO,50.000000,10,False
137022,SILVERM27MAY228750PE,SILVERM,24MAY2027,22875000.000000,1,OPTFUT,NCO,50.000000,120,False
137024,SILVERM27MAY229000PE,SILVERM,24MAY2027,22900000.000000,1,OPTFUT,NCO,50.000000,120,False
137055,SILVERM27JUL266250PE,SILVERM,23JUL2027,26625000.000000,1,OPTFUT,NCO,50.000000,120,False
137074,ZINC26NOV440CE,ZINC,23NOV2026,44000.000000,1,OPTFUT,NCO,1.000000,20,False
137097,SILVERM26SEP250500PE,SILVERM,23SEP2026,25050000.000000,1,OPTFUT,NCO,50.000000,120,False
137100,SILVERM26SEP251000CE,SILVERM,23SEP2026,25100000.000000,1,OPTFUT,NCO,50.000000,120,False
137103,SILVERM26SEP251250PE,SILVERM,23SEP2026,25125000.000000,1,OPTFUT,NCO,50.000000,120,False
137111,SILVERM26SEP252250PE,SILVERM,23SEP2026,25225000.000000,1,OPTFUT,NCO,50.000000,120,False
137121,SILVERM26SEP253500PE,SILVERM,23SEP2026,25350000.000000,1,OPTFUT,NCO,50.000000,120,False
137126,SILVERM26SEP254250CE,SILVERM,23SEP2026,25425000.000000,1,OPTFUT,NCO,50.000000,120,False
137172,GOLD27APR144800CE,GOLD,28APR2027,14480000.000000,1,OPTFUT,NCO,50.000000,10,False
137185,SILVERM26SEP234000CE,SILVERM,23SEP2026,23400000.000000,1,OPTFUT,NCO,50.000000,120,False
137188,SILVERM26SEP234250PE,SILVERM,23SEP2026,23425000.000000,1,OPTFUT,NCO,50.000000,120,False
137208,SILVERM26OCT229250PE,SILVERM,23OCT2026,22925000.000000,1,OPTFUT,NCO,50.000000,120,False
137440,SILVERM26SEP166750PE,SILVERM,23SEP2026,16675000.000000,1,OPTFUT,NCO,50.000000,120,False
137479,SILVERM26OCT230000CE,SILVERM,23OCT2026,23000000.000000,1,OPTFUT,NCO,50.000000,120,False
137496,SILVERM26OCT232000PE,SILVERM,23OCT2026,23200000.000000,1,OPTFUT,NCO,50.000000,120,False
137500,SILVERM26OCT232500PE,SILVERM,23OCT2026,23250000.000000,1,OPTFUT,NCO,50.000000,120,False
137556,SILVERM26OCT234250PE,SILVERM,23OCT2026,23425000.000000,1,OPTFUT,NCO,50.000000,120,False
137570,SILVERM26OCT235500PE,SILVERM,23OCT2026,23550000.000000,1,OPTFUT,NCO,50.000000,120,False
137572,SILVERM26OCT235750PE,SILVERM,23OCT2026,23575000.000000,1,OPTFUT,NCO,50.000000,120,False
137580,SILVERM26OCT251750CE,SILVERM,23OCT2026,25175000.000000,1,OPTFUT,NCO,50.000000,120,False
137641,GOLD26SEP132300CE,GOLD,25SEP2026,13230000.000000,1,OPTFUT,NCO,50.000000,10,False
137659,SILVERM26OCT252250PE,SILVERM,23OCT2026,25225000.000000,1,OPTFUT,NCO,50.000000,120,False
137773,SILVERM26NOV232250CE,SILVERM,23NOV2026,23225000.000000,1,OPTFUT,NCO,50.000000,120,False
137777,SILVERM26NOV232750CE,SILVERM,23NOV2026,23275000.000000,1,OPTFUT,NCO,50.000000,120,False
137781,SILVERM26NOV233250CE,SILVERM,23NOV2026,23325000.000000,1,OPTFUT,NCO,50.000000,120,False
138136,SILVERM26SEP169250PE,SILVERM,23SEP2026,16925000.000000,1,OPTFUT,NCO,50.000000,120,False
138143,SILVERM26SEP170250CE,SILVERM,23SEP2026,17025000.000000,1,OPTFUT,NCO,50.000000,120,False
138146,SILVERM26SEP170500PE,SILVERM,23SEP2026,17050000.000000,1,OPTFUT,NCO,50.000000,120,False
138157,SILVERM26SEP172000CE,SILVERM,23SEP2026,17200000.000000,1,OPTFUT,NCO,50.000000,120,False
138224,GOLD27JAN155000CE,GOLD,29JAN2027,15500000.000000,1,OPTFUT,NCO,50.000000,10,False
138367,SILVERM26NOV234250CE,SILVERM,23NOV2026,23425000.000000,1,OPTFUT,NCO,50.000000,120,False
138372,SILVERM26NOV234750PE,SILVERM,23NOV2026,23475000.000000,1,OPTFUT,NCO,50.000000,120,False
138373,SILVERM26NOV235000CE,SILVERM,23NOV2026,23500000.000000,1,OPTFUT,NCO,50.000000,120,False
138490,GOLD27FEB155800CE,GOLD,26FEB2027,15580000.000000,1,OPTFUT,NCO,50.000000,10,False
138748,SILVERM26SEP173750PE,SILVERM,23SEP2026,17375000.000000,1,OPTFUT,NCO,50.000000,120,False
138764,SILVERM26SEP175750PE,SILVERM,23SEP2026,17575000.000000,1,OPTFUT,NCO,50.000000,120,False
138769,SILVERM26SEP176500CE,SILVERM,23SEP2026,17650000.000000,1,OPTFUT,NCO,50.000000,120,False
138772,SILVERM26SEP176750PE,SILVERM,23SEP2026,17675000.000000,1,OPTFUT,NCO,50.000000,120,False
138776,SILVERM26SEP177250PE,SILVERM,23SEP2026,17725000.000000,1,OPTFUT,NCO,50.000000,120,False
138857,GOLD27FEB155900PE,GOLD,26FEB2027,15590000.000000,1,OPTFUT,NCO,50.000000,10,False
138866,GOLD27FEB156400CE,GOLD,26FEB2027,15640000.000000,1,OPTFUT,NCO,50.000000,10,False
138879,GOLD27FEB157000PE,GOLD,26FEB2027,15700000.000000,1,OPTFUT,NCO,50.000000,10,False
138880,GOLD27FEB157100CE,GOLD,26FEB2027,15710000.000000,1,OPTFUT,NCO,50.000000,10,False
138884,GOLD27FEB157300CE,GOLD,26FEB2027,15730000.000000,1,OPTFUT,NCO,50.000000,10,False
138885,GOLD27FEB157300PE,GOLD,26FEB2027,15730000.000000,1,OPTFUT,NCO,50.000000,10,False
138904,GOLD27FEB158300CE,GOLD,26FEB2027,15830000.000000,1,OPTFUT,NCO,50.000000,10,False
138918,GOLD27FEB159000CE,GOLD,26FEB2027,15900000.000000,1,OPTFUT,NCO,50.000000,10,False
138965,SILVERM26OCT253500PE,SILVERM,23OCT2026,25350000.000000,1,OPTFUT,NCO,50.000000,120,False
139016,GOLD27FEB159200CE,GOLD,26FEB2027,15920000.000000,1,OPTFUT,NCO,50.000000,10,False
139022,GOLD27FEB159500CE,GOLD,26FEB2027,15950000.000000,1,OPTFUT,NCO,50.000000,10,False
139033,GOLD27FEB160000PE,GOLD,26FEB2027,16000000.000000,1,OPTFUT,NCO,50.000000,10,False
139036,GOLD27FEB160200CE,GOLD,26FEB2027,16020000.000000,1,OPTFUT,NCO,50.000000,10,False
139192,GOLD26SEP132700PE,GOLD,25SEP2026,13270000.000000,1,OPTFUT,NCO,50.000000,10,False
139197,GOLD26SEP133000CE,GOLD,25SEP2026,13300000.000000,1,OPTFUT,NCO,50.000000,10,False
139258,SILVERM26NOV253250CE,SILVERM,23NOV2026,25325000.000000,1,OPTFUT,NCO,50.000000,120,False
139263,SILVERM26NOV253750PE,SILVERM,23NOV2026,25375000.000000,1,OPTFUT,NCO,50.000000,120,False
139266,SILVERM26NOV254250CE,SILVERM,23NOV2026,25425000.000000,1,OPTFUT,NCO,50.000000,120,False
139272,SILVERM26NOV255000CE,SILVERM,23NOV2026,25500000.000000,1,OPTFUT,NCO,50.000000,120,False
139275,SILVERM26NOV255250PE,SILVERM,23NOV2026,25525000.000000,1,OPTFUT,NCO,50.000000,120,False
139279,SILVERM26NOV255750PE,SILVERM,23NOV2026,25575000.000000,1,OPTFUT,NCO,50.000000,120,False
139294,SILVERM26SEP210750PE,SILVERM,23SEP2026,21075000.000000,1,OPTFUT,NCO,50.000000,120,False
139305,SILVERM26SEP212250CE,SILVERM,23SEP2026,21225000.000000,1,OPTFUT,NCO,50.000000,120,False
139312,SILVERM26SEP213000PE,SILVERM,23SEP2026,21300000.000000,1,OPTFUT,NCO,50.000000,120,False
139354,SILVERM26OCT212750PE,SILVERM,23OCT2026,21275000.000000,1,OPTFUT,NCO,50.000000,120,False
139360,SILVERM26OCT213500PE,SILVERM,23OCT2026,21350000.000000,1,OPTFUT,NCO,50.000000,120,False
139362,SILVERM26OCT213750PE,SILVERM,23OCT2026,21375000.000000,1,OPTFUT,NCO,50.000000,120,False
139364,SILVERM26OCT214000PE,SILVERM,23OCT2026,21400000.000000,1,OPTFUT,NCO,50.000000,120,False
139388,SILVERM26OCT217000PE,SILVERM,23OCT2026,21700000.000000,1,OPTFUT,NCO,50.000000,120,False
139391,SILVERM26NOV212250CE,SILVERM,23NOV2026,21225000.000000,1,OPTFUT,NCO,50.000000,120,False
139406,SILVERM26NOV214000PE,SILVERM,23NOV2026,21400000.000000,1,OPTFUT,NCO,50.000000,120,False
139413,GOLD27FEB160400PE,GOLD,26FEB2027,16040000.000000,1,OPTFUT,NCO,50.000000,10,False
139432,GOLD27FEB161400CE,GOLD,26FEB2027,16140000.000000,1,OPTFUT,NCO,50.000000,10,False
139449,GOLD27FEB162200PE,GOLD,26FEB2027,16220000.000000,1,OPTFUT,NCO,50.000000,10,False
139450,GOLD27FEB162300CE,GOLD,26FEB2027,16230000.000000,1,OPTFUT,NCO,50.000000,10,False
139457,GOLD27FEB162600PE,GOLD,26FEB2027,16260000.000000,1,OPTFUT,NCO,50.000000,10,False
140028,SILVERM26SEP182000PE,SILVERM,23SEP2026,18200000.000000,1,OPTFUT,NCO,50.000000,120,False
140030,SILVERM26SEP182250PE,SILVERM,23SEP2026,18225000.000000,1,OPTFUT,NCO,50.000000,120,False
140032,SILVERM26SEP182500PE,SILVERM,23SEP2026,18250000.000000,1,OPTFUT,NCO,50.000000,120,False
140036,SILVERM26SEP183000PE,SILVERM,23SEP2026,18300000.000000,1,OPTFUT,NCO,50.000000,120,False
140053,SILVERM26SEP185250CE,SILVERM,23SEP2026,18525000.000000,1,OPTFUT,NCO,50.000000,120,False
140054,SILVERM26SEP185250PE,SILVERM,23SEP2026,18525000.000000,1,OPTFUT,NCO,50.000000,120,False
140080,SILVERM26NOV215500PE,SILVERM,23NOV2026,21550000.000000,1,OPTFUT,NCO,50.000000,120,False
140082,SILVERM26NOV215750PE,SILVERM,23NOV2026,21575000.000000,1,OPTFUT,NCO,50.000000,120,False
140099,SILVERM26NOV218000CE,SILVERM,23NOV2026,21800000.000000,1,OPTFUT,NCO,50.000000,120,False
140187,SILVERM27JAN239750PE,SILVERM,21JAN2027,23975000.000000,1,OPTFUT,NCO,50.000000,120,False
140201,SILVERM27JAN241500PE,SILVERM,21JAN2027,24150000.000000,1,OPTFUT,NCO,50.000000,120,False
140224,SILVERM27FEB242250CE,SILVERM,19FEB2027,24225000.000000,1,OPTFUT,NCO,50.000000,120,False
140257,SILVERM27FEB246250PE,SILVERM,19FEB2027,24625000.000000,1,OPTFUT,NCO,50.000000,120,False
140258,SILVERM27FEB246500CE,SILVERM,19FEB2027,24650000.000000,1,OPTFUT,NCO,50.000000,120,False
140268,SILVERM27FEB247750CE,SILVERM,19FEB2027,24775000.000000,1,OPTFUT,NCO,50.000000,120,False
140275,SILVERM26NOV256250PE,SILVERM,23NOV2026,25625000.000000,1,OPTFUT,NCO,50.000000,120,False
140306,SILVERM26DEC256000CE,SILVERM,23DEC2026,25600000.000000,1,OPTFUT,NCO,50.000000,120,False
140338,GOLD27JAN167600PE,GOLD,29JAN2027,16760000.000000,1,OPTFUT,NCO,50.000000,10,False
140345,GOLD27JAN168000CE,GOLD,29JAN2027,16800000.000000,1,OPTFUT,NCO,50.000000,10,False
140367,SILVERM27FEB248750PE,SILVERM,19FEB2027,24875000.000000,1,OPTFUT,NCO,50.000000,120,False
140381,SILVERM27FEB250500PE,SILVERM,19FEB2027,25050000.000000,1,OPTFUT,NCO,50.000000,120,False
140388,SILVERM27FEB251500CE,SILVERM,19FEB2027,25150000.000000,1,OPTFUT,NCO,50.000000,120,False
140396,SILVERM27FEB252500CE,SILVERM,19FEB2027,25250000.000000,1,OPTFUT,NCO,50.000000,120,False
140398,SILVERM27FEB252750CE,SILVERM,19FEB2027,25275000.000000,1,OPTFUT,NCO,50.000000,120,False
140406,SILVERM27FEB253750CE,SILVERM,19FEB2027,25375000.000000,1,OPTFUT,NCO,50.000000,120,False
140683,GOLD26SEP133800CE,GOLD,25SEP2026,13380000.000000,1,OPTFUT,NCO,50.000000,10,False
140685,GOLD26SEP133900CE,GOLD,25SEP2026,13390000.000000,1,OPTFUT,NCO,50.000000,10,False
140688,GOLD26SEP134000PE,GOLD,25SEP2026,13400000.000000,1,OPTFUT,NCO,50.000000,10,False
140698,GOLD26SEP134500PE,GOLD,25SEP2026,13450000.000000,1,OPTFUT,NCO,50.000000,10,False
140708,GOLD26SEP135000PE,GOLD,25SEP2026,13500000.000000,1,OPTFUT,NCO,50.000000,10,False
140710,GOLD26SEP135100PE,GOLD,25SEP2026,13510000.000000,1,OPTFUT,NCO,50.000000,10,False
140715,GOLD26SEP135400CE,GOLD,25SEP2026,13540000.000000,1,OPTFUT,NCO,50.000000,10,False
140721,GOLD26SEP135700CE,GOLD,25SEP2026,13570000.000000,1,OPTFUT,NCO,50.000000,10,False
140722,GOLD26SEP135700PE,GOLD,25SEP2026,13570000.000000,1,OPTFUT,NCO,50.000000,10,False
140732,SILVERM27FEB254750CE,SILVERM,19FEB2027,25475000.000000,1,OPTFUT,NCO,50.000000,120,False
140735,SILVERM27FEB255000PE,SILVERM,19FEB2027,25500000.000000,1,OPTFUT,NCO,50.000000,120,False
140745,SILVERM27FEB255500PE,SILVERM,19FEB2027,25550000.000000,1,OPTFUT,NCO,50.000000,120,False
140783,SILVERM26SEP216250CE,SILVERM,23SEP2026,21625000.000000,1,OPTFUT,NCO,50.000000,120,False
140790,SILVERM26OCT217250PE,SILVERM,23OCT2026,21725000.000000,1,OPTFUT,NCO,50.000000,120,False
140819,SILVERM26DEC258000PE,SILVERM,23DEC2026,25800000.000000,1,OPTFUT,NCO,50.000000,120,False
140821,SILVERM26DEC258250PE,SILVERM,23DEC2026,25825000.000000,1,OPTFUT,NCO,50.000000,120,False
140825,SILVERM26DEC258750PE,SILVERM,23DEC2026,25875000.000000,1,OPTFUT,NCO,50.000000,120,False
140844,GOLD27JAN153700PE,GOLD,29JAN2027,15370000.000000,1,OPTFUT,NCO,50.000000,10,False
140863,GOLD27JAN154200CE,GOLD,29JAN2027,15420000.000000,1,OPTFUT,NCO,50.000000,10,False
140869,GOLD27FEB154500CE,GOLD,26FEB2027,15450000.000000,1,OPTFUT,NCO,50.000000,10,False
140870,GOLD27FEB154500PE,GOLD,26FEB2027,15450000.000000,1,OPTFUT,NCO,50.000000,10,False
140880,GOLD27FEB155000PE,GOLD,26FEB2027,15500000.000000,1,OPTFUT,NCO,50.000000,10,False
140904,SILVERM27FEB240250PE,SILVERM,19FEB2027,24025000.000000,1,OPTFUT,NCO,50.000000,120,False
141497,SILVERM26SEP187750CE,SILVERM,23SEP2026,18775000.000000,1,OPTFUT,NCO,50.000000,120,False
141502,SILVERM26SEP188250PE,SILVERM,23SEP2026,18825000.000000,1,OPTFUT,NCO,50.000000,120,False
141505,SILVERM26SEP188750CE,SILVERM,23SEP2026,18875000.000000,1,OPTFUT,NCO,50.000000,120,False
141507,SILVERM26SEP189000CE,SILVERM,23SEP2026,18900000.000000,1,OPTFUT,NCO,50.000000,120,False
141513,SILVERM26SEP189750CE,SILVERM,23SEP2026,18975000.000000,1,OPTFUT,NCO,50.000000,120,False
141532,SILVERM26SEP192000PE,SILVERM,23SEP2026,19200000.000000,1,OPTFUT,NCO,50.000000,120,False
141538,SILVERM26SEP192750PE,SILVERM,23SEP2026,19275000.000000,1,OPTFUT,NCO,50.000000,120,False
141540,SILVERM26SEP193000PE,SILVERM,23SEP2026,19300000.000000,1,OPTFUT,NCO,50.000000,120,False
141542,SILVERM26SEP193250PE,SILVERM,23SEP2026,19325000.000000,1,OPTFUT,NCO,50.000000,120,False
141614,GOLD27JAN158800PE,GOLD,29JAN2027,15880000.000000,1,OPTFUT,NCO,50.000000,10,False
141735,GOLD26SEP136000CE,GOLD,25SEP2026,13600000.000000,1,OPTFUT,NCO,50.000000,10,False
141736,GOLD26SEP136000PE,GOLD,25SEP2026,13600000.000000,1,OPTFUT,NCO,50.000000,10,False
141743,GOLD26SEP136400CE,GOLD,25SEP2026,13640000.000000,1,OPTFUT,NCO,50.000000,10,False
142479,GOLD26SEP138000CE,GOLD,25SEP2026,13800000.000000,1,OPTFUT,NCO,50.000000,10,False
142482,GOLD26SEP138100PE,GOLD,25SEP2026,13810000.000000,1,OPTFUT,NCO,50.000000,10,False
142484,GOLD26SEP138200PE,GOLD,25SEP2026,13820000.000000,1,OPTFUT,NCO,50.000000,10,False
142487,GOLD26SEP138400CE,GOLD,25SEP2026,13840000.000000,1,OPTFUT,NCO,50.000000,10,False
142488,GOLD26SEP138400PE,GOLD,25SEP2026,13840000.000000,1,OPTFUT,NCO,50.000000,10,False
142512,GOLD26SEP139600PE,GOLD,25SEP2026,13960000.000000,1,OPTFUT,NCO,50.000000,10,False
142516,GOLD26SEP139800PE,GOLD,25SEP2026,13980000.000000,1,OPTFUT,NCO,50.000000,10,False
142517,GOLD26SEP139900CE,GOLD,25SEP2026,13990000.000000,1,OPTFUT,NCO,50.000000,10,False
142552,GOLD26NOV143400PE,GOLD,27NOV2026,14340000.000000,1,OPTFUT,NCO,50.000000,10,False
142671,GOLD26DEC147100CE,GOLD,29DEC2026,14710000.000000,1,OPTFUT,NCO,50.000000,10,False
142672,GOLD26DEC147100PE,GOLD,29DEC2026,14710000.000000,1,OPTFUT,NCO,50.000000,10,False
142707,GOLD26DEC141100CE,GOLD,29DEC2026,14110000.000000,1,OPTFUT,NCO,50.000000,10,False
142717,GOLD26DEC141600CE,GOLD,29DEC2026,14160000.000000,1,OPTFUT,NCO,50.000000,10,False
142789,GOLD26DEC140600CE,GOLD,29DEC2026,14060000.000000,1,OPTFUT,NCO,50.000000,10,False
142799,GOLD27JAN141500CE,GOLD,29JAN2027,14150000.000000,1,OPTFUT,NCO,50.000000,10,False
142803,GOLD27JAN141700CE,GOLD,29JAN2027,14170000.000000,1,OPTFUT,NCO,50.000000,10,False
142817,GOLD27JAN142400CE,GOLD,29JAN2027,14240000.000000,1,OPTFUT,NCO,50.000000,10,False
142819,GOLD27JAN142500CE,GOLD,29JAN2027,14250000.000000,1,OPTFUT,NCO,50.000000,10,False
142900,GOLD27JAN143200PE,GOLD,29JAN2027,14320000.000000,1,OPTFUT,NCO,50.000000,10,False
142906,GOLD27JAN143500PE,GOLD,29JAN2027,14350000.000000,1,OPTFUT,NCO,50.000000,10,False
143302,SILVERM26SEP218000PE,SILVERM,23SEP2026,21800000.000000,1,OPTFUT,NCO,50.000000,120,False
143319,SILVERM26SEP220250CE,SILVERM,23SEP2026,22025000.000000,1,OPTFUT,NCO,50.000000,120,False
143323,SILVERM26SEP220750CE,SILVERM,23SEP2026,22075000.000000,1,OPTFUT,NCO,50.000000,120,False
143326,SILVERM26SEP221000PE,SILVERM,23SEP2026,22100000.000000,1,OPTFUT,NCO,50.000000,120,False
143334,SILVERM26SEP222000PE,SILVERM,23SEP2026,22200000.000000,1,OPTFUT,NCO,50.000000,120,False
143335,SILVERM26SEP222250CE,SILVERM,23SEP2026,22225000.000000,1,OPTFUT,NCO,50.000000,120,False
143337,SILVERM26SEP222500CE,SILVERM,23SEP2026,22250000.000000,1,OPTFUT,NCO,50.000000,120,False
143347,SILVERM26SEP223750CE,SILVERM,23SEP2026,22375000.000000,1,OPTFUT,NCO,50.000000,120,False
143369,SILVERM26OCT220250CE,SILVERM,23OCT2026,22025000.000000,1,OPTFUT,NCO,50.000000,120,False
143375,SILVERM26OCT221000CE,SILVERM,23OCT2026,22100000.000000,1,OPTFUT,NCO,50.000000,120,False
143377,SILVERM26OCT221250CE,SILVERM,23OCT2026,22125000.000000,1,OPTFUT,NCO,50.000000,120,False
143394,SILVERM26OCT223250PE,SILVERM,23OCT2026,22325000.000000,1,OPTFUT,NCO,50.000000,120,False
143404,SILVERM26OCT224500PE,SILVERM,23OCT2026,22450000.000000,1,OPTFUT,NCO,50.000000,120,False
143418,SILVERM26NOV220000PE,SILVERM,23NOV2026,22000000.000000,1,OPTFUT,NCO,50.000000,120,False
143420,SILVERM26NOV220250PE,SILVERM,23NOV2026,22025000.000000,1,OPTFUT,NCO,50.000000,120,False
143423,SILVERM26NOV220750CE,SILVERM,23NOV2026,22075000.000000,1,OPTFUT,NCO,50.000000,120,False
143426,SILVERM26NOV221000PE,SILVERM,23NOV2026,22100000.000000,1,OPTFUT,NCO,50.000000,120,False
143428,SILVERM26NOV221250PE,SILVERM,23NOV2026,22125000.000000,1,OPTFUT,NCO,50.000000,120,False
143442,SILVERM26NOV223000PE,SILVERM,23NOV2026,22300000.000000,1,OPTFUT,NCO,50.000000,120,False
143452,SILVERM26NOV224250PE,SILVERM,23NOV2026,22425000.000000,1,OPTFUT,NCO,50.000000,120,False
143456,SILVERM26NOV224750PE,SILVERM,23NOV2026,22475000.000000,1,OPTFUT,NCO,50.000000,120,False
143478,GOLD27JAN146200PE,GOLD,29JAN2027,14620000.000000,1,OPTFUT,NCO,50.000000,10,False
143482,GOLD27JAN146400PE,GOLD,29JAN2027,14640000.000000,1,OPTFUT,NCO,50.000000,10,False
143488,GOLD27JAN146700PE,GOLD,29JAN2027,14670000.000000,1,OPTFUT,NCO,50.000000,10,False
143544,GOLD27JAN147300PE,GOLD,29JAN2027,14730000.000000,1,OPTFUT,NCO,50.000000,10,False
143549,GOLD27JAN147600CE,GOLD,29JAN2027,14760000.000000,1,OPTFUT,NCO,50.000000,10,False
143558,GOLD27JAN148000PE,GOLD,29JAN2027,14800000.000000,1,OPTFUT,NCO,50.000000,10,False
143562,GOLD27JAN148200PE,GOLD,29JAN2027,14820000.000000,1,OPTFUT,NCO,50.000000,10,False
143615,GOLD27JAN148500CE,GOLD,29JAN2027,14850000.000000,1,OPTFUT,NCO,50.000000,10,False
143625,GOLD27JAN149000CE,GOLD,29JAN2027,14900000.000000,1,OPTFUT,NCO,50.000000,10,False
143630,GOLD27JAN149200PE,GOLD,29JAN2027,14920000.000000,1,OPTFUT,NCO,50.000000,10,False
143631,GOLD27JAN149300CE,GOLD,29JAN2027,14930000.000000,1,OPTFUT,NCO,50.000000,10,False
143636,GOLD27JAN149500PE,GOLD,29JAN2027,14950000.000000,1,OPTFUT,NCO,50.000000,10,False
143652,GOLD27JAN150300PE,GOLD,29JAN2027,15030000.000000,1,OPTFUT,NCO,50.000000,10,False
143950,GOLD26SEP143900PE,GOLD,25SEP2026,14390000.000000,1,OPTFUT,NCO,50.000000,10,False
143953,GOLD26SEP144100CE,GOLD,25SEP2026,14410000.000000,1,OPTFUT,NCO,50.000000,10,False
143954,GOLD26SEP144100PE,GOLD,25SEP2026,14410000.000000,1,OPTFUT,NCO,50.000000,10,False
143955,GOLD26SEP144200CE,GOLD,25SEP2026,14420000.000000,1,OPTFUT,NCO,50.000000,10,False
143958,GOLD26SEP144300PE,GOLD,25SEP2026,14430000.000000,1,OPTFUT,NCO,50.000000,10,False
143989,GOLD26OCT144300CE,GOLD,29OCT2026,14430000.000000,1,OPTFUT,NCO,50.000000,10,False
143990,GOLD26OCT144300PE,GOLD,29OCT2026,14430000.000000,1,OPTFUT,NCO,50.000000,10,False
143992,GOLD26OCT144400PE,GOLD,29OCT2026,14440000.000000,1,OPTFUT,NCO,50.000000,10,False
144000,GOLD26OCT144800PE,GOLD,29OCT2026,14480000.000000,1,OPTFUT,NCO,50.000000,10,False
144016,GOLD26OCT145600PE,GOLD,29OCT2026,14560000.000000,1,OPTFUT,NCO,50.000000,10,False
144017,GOLD26NOV144100CE,GOLD,27NOV2026,14410000.000000,1,OPTFUT,NCO,50.000000,10,False
144032,GOLD26NOV144800PE,GOLD,27NOV2026,14480000.000000,1,OPTFUT,NCO,50.000000,10,False
144040,GOLD26NOV145200PE,GOLD,27NOV2026,14520000.000000,1,OPTFUT,NCO,50.000000,10,False
144053,GOLD26NOV145900CE,GOLD,27NOV2026,14590000.000000,1,OPTFUT,NCO,50.000000,10,False
144054,GOLD26NOV145900PE,GOLD,27NOV2026,14590000.000000,1,OPTFUT,NCO,50.000000,10,False
144116,GOLD27JAN150800PE,GOLD,29JAN2027,15080000.000000,1,OPTFUT,NCO,50.000000,10,False
144128,GOLD27JAN151400PE,GOLD,29JAN2027,15140000.000000,1,OPTFUT,NCO,50.000000,10,False
144130,GOLD27JAN151500PE,GOLD,29JAN2027,15150000.000000,1,OPTFUT,NCO,50.000000,10,False
144165,GOLD27JAN153300CE,GOLD,29JAN2027,15330000.000000,1,OPTFUT,NCO,50.000000,10,False
144189,GOLD27FEB143200CE,GOLD,26FEB2027,14320000.000000,1,OPTFUT,NCO,50.000000,10,False
144225,GOLD27FEB144000CE,GOLD,26FEB2027,14400000.000000,1,OPTFUT,NCO,50.000000,10,False
144231,GOLD27FEB144300CE,GOLD,26FEB2027,14430000.000000,1,OPTFUT,NCO,50.000000,10,False
144367,SILVERM26SEP224500CE,SILVERM,23SEP2026,22450000.000000,1,OPTFUT,NCO,50.000000,120,False
144370,SILVERM26SEP224750PE,SILVERM,23SEP2026,22475000.000000,1,OPTFUT,NCO,50.000000,120,False
144383,SILVERM26SEP226500CE,SILVERM,23SEP2026,22650000.000000,1,OPTFUT,NCO,50.000000,120,False
144410,SILVERM26OCT228000PE,SILVERM,23OCT2026,22800000.000000,1,OPTFUT,NCO,50.000000,120,False
144421,SILVERM26NOV227750CE,SILVERM,23NOV2026,22775000.000000,1,OPTFUT,NCO,50.000000,120,False
144427,SILVERM26NOV228500CE,SILVERM,23NOV2026,22850000.000000,1,OPTFUT,NCO,50.000000,120,False
144433,GOLD27FEB144400CE,GOLD,26FEB2027,14440000.000000,1,OPTFUT,NCO,50.000000,10,False
144444,GOLD27FEB144900PE,GOLD,26FEB2027,14490000.000000,1,OPTFUT,NCO,50.000000,10,False
144459,GOLD27FEB145700CE,GOLD,26FEB2027,14570000.000000,1,OPTFUT,NCO,50.000000,10,False
144556,GOLD27FEB147500PE,GOLD,26FEB2027,14750000.000000,1,OPTFUT,NCO,50.000000,10,False
144564,GOLD27FEB147900PE,GOLD,26FEB2027,14790000.000000,1,OPTFUT,NCO,50.000000,10,False
144568,GOLD27FEB148100PE,GOLD,26FEB2027,14810000.000000,1,OPTFUT,NCO,50.000000,10,False
144572,GOLD27FEB148300PE,GOLD,26FEB2027,14830000.000000,1,OPTFUT,NCO,50.000000,10,False
144748,GOLD26SEP145700PE,GOLD,25SEP2026,14570000.000000,1,OPTFUT,NCO,50.000000,10,False
144750,GOLD26SEP145800PE,GOLD,25SEP2026,14580000.000000,1,OPTFUT,NCO,50.000000,10,False
144806,GOLD26NOV147300PE,GOLD,27NOV2026,14730000.000000,1,OPTFUT,NCO,50.000000,10,False
144813,GOLD26NOV147700CE,GOLD,27NOV2026,14770000.000000,1,OPTFUT,NCO,50.000000,10,False
144853,GOLD27FEB148900CE,GOLD,26FEB2027,14890000.000000,1,OPTFUT,NCO,50.000000,10,False
144879,GOLD27FEB150200CE,GOLD,26FEB2027,15020000.000000,1,OPTFUT,NCO,50.000000,10,False
144884,GOLD27FEB150400PE,GOLD,26FEB2027,15040000.000000,1,OPTFUT,NCO,50.000000,10,False
144885,GOLD27FEB150500CE,GOLD,26FEB2027,15050000.000000,1,OPTFUT,NCO,50.000000,10,False
144891,GOLD27FEB150800CE,GOLD,26FEB2027,15080000.000000,1,OPTFUT,NCO,50.000000,10,False
144892,GOLD27FEB150800PE,GOLD,26FEB2027,15080000.000000,1,OPTFUT,NCO,50.000000,10,False
144898,GOLD27FEB151100PE,GOLD,26FEB2027,15110000.000000,1,OPTFUT,NCO,50.000000,10,False
145040,GOLD27FEB151200PE,GOLD,26FEB2027,15120000.000000,1,OPTFUT,NCO,50.000000,10,False
145064,GOLD27FEB152400PE,GOLD,26FEB2027,15240000.000000,1,OPTFUT,NCO,50.000000,10,False
145080,GOLD27FEB153200PE,GOLD,26FEB2027,15320000.000000,1,OPTFUT,NCO,50.000000,10,False
145090,GOLD27FEB153700PE,GOLD,26FEB2027,15370000.000000,1,OPTFUT,NCO,50.000000,10,False
145091,GOLD27FEB153800CE,GOLD,26FEB2027,15380000.000000,1,OPTFUT,NCO,50.000000,10,False
145600,SILVERM26SEP236000PE,SILVERM,23SEP2026,23600000.000000,1,OPTFUT,NCO,50.000000,120,False
145608,SILVERM26SEP237000PE,SILVERM,23SEP2026,23700000.000000,1,OPTFUT,NCO,50.000000,120,False
145611,SILVERM26SEP237500CE,SILVERM,23SEP2026,23750000.000000,1,OPTFUT,NCO,50.000000,120,False
145612,SILVERM26SEP237500PE,SILVERM,23SEP2026,23750000.000000,1,OPTFUT,NCO,50.000000,120,False
145623,SILVERM26SEP239000CE,SILVERM,23SEP2026,23900000.000000,1,OPTFUT,NCO,50.000000,120,False
145638,SILVERM26SEP240750PE,SILVERM,23SEP2026,24075000.000000,1,OPTFUT,NCO,50.000000,120,False
145650,SILVERM26SEP242250PE,SILVERM,23SEP2026,24225000.000000,1,OPTFUT,NCO,50.000000,120,False
145670,SILVERM26SEP244750PE,SILVERM,23SEP2026,24475000.000000,1,OPTFUT,NCO,50.000000,120,False
145671,SILVERM26SEP245000CE,SILVERM,23SEP2026,24500000.000000,1,OPTFUT,NCO,50.000000,120,False
145675,SILVERM26SEP245500CE,SILVERM,23SEP2026,24550000.000000,1,OPTFUT,NCO,50.000000,120,False
145677,SILVERM26OCT237000CE,SILVERM,23OCT2026,23700000.000000,1,OPTFUT,NCO,50.000000,120,False
145679,SILVERM26OCT237250CE,SILVERM,23OCT2026,23725000.000000,1,OPTFUT,NCO,50.000000,120,False
145697,SILVERM26OCT239500CE,SILVERM,23OCT2026,23950000.000000,1,OPTFUT,NCO,50.000000,120,False
145721,SILVERM26OCT242500CE,SILVERM,23OCT2026,24250000.000000,1,OPTFUT,NCO,50.000000,120,False
145755,SILVERM26OCT246750CE,SILVERM,23OCT2026,24675000.000000,1,OPTFUT,NCO,50.000000,120,False
145764,SILVERM26NOV238750PE,SILVERM,23NOV2026,23875000.000000,1,OPTFUT,NCO,50.000000,120,False
145765,SILVERM26NOV239000CE,SILVERM,23NOV2026,23900000.000000,1,OPTFUT,NCO,50.000000,120,False
145775,SILVERM26NOV240250CE,SILVERM,23NOV2026,24025000.000000,1,OPTFUT,NCO,50.000000,120,False
145777,SILVERM26NOV240500CE,SILVERM,23NOV2026,24050000.000000,1,OPTFUT,NCO,50.000000,120,False
145779,SILVERM26NOV240750CE,SILVERM,23NOV2026,24075000.000000,1,OPTFUT,NCO,50.000000,120,False
145785,SILVERM26NOV241500CE,SILVERM,23NOV2026,24150000.000000,1,OPTFUT,NCO,50.000000,120,False
145790,SILVERM26NOV242000PE,SILVERM,23NOV2026,24200000.000000,1,OPTFUT,NCO,50.000000,120,False
145794,SILVERM26NOV242500PE,SILVERM,23NOV2026,24250000.000000,1,OPTFUT,NCO,50.000000,120,False
145811,SILVERM26NOV244750CE,SILVERM,23NOV2026,24475000.000000,1,OPTFUT,NCO,50.000000,120,False
145812,SILVERM26NOV244750PE,SILVERM,23NOV2026,24475000.000000,1,OPTFUT,NCO,50.000000,120,False
145815,SILVERM26NOV245250CE,SILVERM,23NOV2026,24525000.000000,1,OPTFUT,NCO,50.000000,120,False
145830,SILVERM26NOV247000PE,SILVERM,23NOV2026,24700000.000000,1,OPTFUT,NCO,50.000000,120,False
145832,SILVERM26NOV247250PE,SILVERM,23NOV2026,24725000.000000,1,OPTFUT,NCO,50.000000,120,False
145834,SILVERM26NOV247500PE,SILVERM,23NOV2026,24750000.000000,1,OPTFUT,NCO,50.000000,120,False
146211,SILVERM26SEP247000CE,SILVERM,23SEP2026,24700000.000000,1,OPTFUT,NCO,50.000000,120,False
146220,SILVERM26SEP248000PE,SILVERM,23SEP2026,24800000.000000,1,OPTFUT,NCO,50.000000,120,False
146234,SILVERM26SEP249750PE,SILVERM,23SEP2026,24975000.000000,1,OPTFUT,NCO,50.000000,120,False
146235,SILVERM26SEP250000CE,SILVERM,23SEP2026,25000000.000000,1,OPTFUT,NCO,50.000000,120,False
146260,SILVERM26OCT249500PE,SILVERM,23OCT2026,24950000.000000,1,OPTFUT,NCO,50.000000,120,False
146269,SILVERM26OCT250750CE,SILVERM,23OCT2026,25075000.000000,1,OPTFUT,NCO,50.000000,120,False
146387,SILVERM26SEP255750CE,SILVERM,23SEP2026,25575000.000000,1,OPTFUT,NCO,50.000000,120,False
146400,SILVERM26SEP257250PE,SILVERM,23SEP2026,25725000.000000,1,OPTFUT,NCO,50.000000,120,False
146404,SILVERM26SEP257750PE,SILVERM,23SEP2026,25775000.000000,1,OPTFUT,NCO,50.000000,120,False
146406,SILVERM26SEP258000PE,SILVERM,23SEP2026,25800000.000000,1,OPTFUT,NCO,50.000000,120,False
146413,SILVERM26OCT256500CE,SILVERM,23OCT2026,25650000.000000,1,OPTFUT,NCO,50.000000,120,False
146421,SILVERM26OCT257500CE,SILVERM,23OCT2026,25750000.000000,1,OPTFUT,NCO,50.000000,120,False
146423,SILVERM26OCT257750CE,SILVERM,23OCT2026,25775000.000000,1,OPTFUT,NCO,50.000000,120,False
146425,SILVERM26OCT258000CE,SILVERM,23OCT2026,25800000.000000,1,OPTFUT,NCO,50.000000,120,False
146440,SILVERM26OCT259750PE,SILVERM,23OCT2026,25975000.000000,1,OPTFUT,NCO,50.000000,120,False
146442,SILVERM26OCT260000PE,SILVERM,23OCT2026,26000000.000000,1,OPTFUT,NCO,50.000000,120,False
146447,SILVERM26NOV258500CE,SILVERM,23NOV2026,25850000.000000,1,OPTFUT,NCO,50.000000,120,False
146458,SILVERM26NOV259750PE,SILVERM,23NOV2026,25975000.000000,1,OPTFUT,NCO,50.000000,120,False
146465,SILVERM26NOV260750CE,SILVERM,23NOV2026,26075000.000000,1,OPTFUT,NCO,50.000000,120,False
146477,SILVERM26DEC260000CE,SILVERM,23DEC2026,26000000.000000,1,OPTFUT,NCO,50.000000,120,False
146488,SILVERM26DEC261250PE,SILVERM,23DEC2026,26125000.000000,1,OPTFUT,NCO,50.000000,120,False
146934,SILVERM26SEP259000PE,SILVERM,23SEP2026,25900000.000000,1,OPTFUT,NCO,50.000000,120,False
146937,SILVERM26SEP259500CE,SILVERM,23SEP2026,25950000.000000,1,OPTFUT,NCO,50.000000,120,False
146942,SILVERM26SEP260000PE,SILVERM,23SEP2026,26000000.000000,1,OPTFUT,NCO,50.000000,120,False
146943,SILVERM26SEP260250CE,SILVERM,23SEP2026,26025000.000000,1,OPTFUT,NCO,50.000000,120,False
146948,SILVERM26SEP260750PE,SILVERM,23SEP2026,26075000.000000,1,OPTFUT,NCO,50.000000,120,False
146957,SILVERM26SEP262000CE,SILVERM,23SEP2026,26200000.000000,1,OPTFUT,NCO,50.000000,120,False
146967,SILVERM26SEP263250CE,SILVERM,23SEP2026,26325000.000000,1,OPTFUT,NCO,50.000000,120,False
146997,SILVERM26OCT263500CE,SILVERM,23OCT2026,26350000.000000,1,OPTFUT,NCO,50.000000,120,False
147020,SILVERM26NOV262500PE,SILVERM,23NOV2026,26250000.000000,1,OPTFUT,NCO,50.000000,120,False
147029,SILVERM26NOV263750CE,SILVERM,23NOV2026,26375000.000000,1,OPTFUT,NCO,50.000000,120,False
147037,SILVERM26NOV264750CE,SILVERM,23NOV2026,26475000.000000,1,OPTFUT,NCO,50.000000,120,False
147047,SILVERM26NOV266000CE,SILVERM,23NOV2026,26600000.000000,1,OPTFUT,NCO,50.000000,120,False
147071,SILVERM26DEC265250CE,SILVERM,23DEC2026,26525000.000000,1,OPTFUT,NCO,50.000000,120,False
147079,SILVERM26DEC266250CE,SILVERM,23DEC2026,26625000.000000,1,OPTFUT,NCO,50.000000,120,False
147485,GOLD26SEP147000CE,GOLD,25SEP2026,14700000.000000,1,OPTFUT,NCO,50.000000,10,False
147520,GOLD26OCT147500PE,GOLD,29OCT2026,14750000.000000,1,OPTFUT,NCO,50.000000,10,False
147525,GOLD26OCT147800CE,GOLD,29OCT2026,14780000.000000,1,OPTFUT,NCO,50.000000,10,False
147527,GOLD26OCT147900CE,GOLD,29OCT2026,14790000.000000,1,OPTFUT,NCO,50.000000,10,False
147533,GOLD26OCT148200CE,GOLD,29OCT2026,14820000.000000,1,OPTFUT,NCO,50.000000,10,False
147544,GOLD26OCT148700PE,GOLD,29OCT2026,14870000.000000,1,OPTFUT,NCO,50.000000,10,False
147564,GOLD26NOV148500PE,GOLD,27NOV2026,14850000.000000,1,OPTFUT,NCO,50.000000,10,False
147571,GOLD26NOV148900CE,GOLD,27NOV2026,14890000.000000,1,OPTFUT,NCO,50.000000,10,False
147593,GOLD26DEC147600CE,GOLD,29DEC2026,14760000.000000,1,OPTFUT,NCO,50.000000,10,False
147609,GOLD26DEC148400CE,GOLD,29DEC2026,14840000.000000,1,OPTFUT,NCO,50.000000,10,False
147631,GOLD26DEC149500CE,GOLD,29DEC2026,14950000.000000,1,OPTFUT,NCO,50.000000,10,False
147641,GOLD26DEC150000CE,GOLD,29DEC2026,15000000.000000,1,OPTFUT,NCO,50.000000,10,False
147650,GOLD26DEC150400PE,GOLD,29DEC2026,15040000.000000,1,OPTFUT,NCO,50.000000,10,False
147711,SILVERM26DEC214000CE,SILVERM,23DEC2026,21400000.000000,1,OPTFUT,NCO,50.000000,120,False
147717,SILVERM26DEC214750CE,SILVERM,23DEC2026,21475000.000000,1,OPTFUT,NCO,50.000000,120,False
147724,SILVERM26DEC215500PE,SILVERM,23DEC2026,21550000.000000,1,OPTFUT,NCO,50.000000,120,False
147815,GOLD26SEP163600CE,GOLD,25SEP2026,16360000.000000,1,OPTFUT,NCO,50.000000,10,False
147821,GOLD26SEP163900CE,GOLD,25SEP2026,16390000.000000,1,OPTFUT,NCO,50.000000,10,False
147823,GOLD26SEP164000CE,GOLD,25SEP2026,16400000.000000,1,OPTFUT,NCO,50.000000,10,False
147824,GOLD26SEP164000PE,GOLD,25SEP2026,16400000.000000,1,OPTFUT,NCO,50.000000,10,False
147836,GOLD26SEP164600PE,GOLD,25SEP2026,16460000.000000,1,OPTFUT,NCO,50.000000,10,False
147838,GOLD26SEP164700PE,GOLD,25SEP2026,16470000.000000,1,OPTFUT,NCO,50.000000,10,False
147851,GOLD26SEP165400CE,GOLD,25SEP2026,16540000.000000,1,OPTFUT,NCO,50.000000,10,False
147856,GOLD26SEP165600PE,GOLD,25SEP2026,16560000.000000,1,OPTFUT,NCO,50.000000,10,False
147866,GOLD26SEP166100PE,GOLD,25SEP2026,16610000.000000,1,OPTFUT,NCO,50.000000,10,False
147868,GOLD26SEP166200PE,GOLD,25SEP2026,16620000.000000,1,OPTFUT,NCO,50.000000,10,False
147878,SILVERM26DEC217500PE,SILVERM,23DEC2026,21750000.000000,1,OPTFUT,NCO,50.000000,120,False
147898,SILVERM26DEC220000PE,SILVERM,23DEC2026,22000000.000000,1,OPTFUT,NCO,50.000000,120,False
147899,SILVERM26DEC220250CE,SILVERM,23DEC2026,22025000.000000,1,OPTFUT,NCO,50.000000,120,False
147903,SILVERM26DEC220750CE,SILVERM,23DEC2026,22075000.000000,1,OPTFUT,NCO,50.000000,120,False
147905,SILVERM26DEC221000CE,SILVERM,23DEC2026,22100000.000000,1,OPTFUT,NCO,50.000000,120,False
147916,SILVERM26DEC222250PE,SILVERM,23DEC2026,22225000.000000,1,OPTFUT,NCO,50.000000,120,False
147927,SILVERM26DEC223750CE,SILVERM,23DEC2026,22375000.000000,1,OPTFUT,NCO,50.000000,120,False
147929,SILVERM26DEC224000CE,SILVERM,23DEC2026,22400000.000000,1,OPTFUT,NCO,50.000000,120,False
147937,SILVERM26DEC225000CE,SILVERM,23DEC2026,22500000.000000,1,OPTFUT,NCO,50.000000,120,False
147945,SILVERM26DEC226000CE,SILVERM,23DEC2026,22600000.000000,1,OPTFUT,NCO,50.000000,120,False
148417,SILVERM26SEP263750CE,SILVERM,23SEP2026,26375000.000000,1,OPTFUT,NCO,50.000000,120,False
148425,SILVERM26SEP264750CE,SILVERM,23SEP2026,26475000.000000,1,OPTFUT,NCO,50.000000,120,False
148426,SILVERM26SEP264750PE,SILVERM,23SEP2026,26475000.000000,1,OPTFUT,NCO,50.000000,120,False
148435,SILVERM26SEP266000CE,SILVERM,23SEP2026,26600000.000000,1,OPTFUT,NCO,50.000000,120,False
148439,SILVERM26SEP266500CE,SILVERM,23SEP2026,26650000.000000,1,OPTFUT,NCO,50.000000,120,False
148452,SILVERM26SEP268000PE,SILVERM,23SEP2026,26800000.000000,1,OPTFUT,NCO,50.000000,120,False
148476,SILVERM26SEP271000PE,SILVERM,23SEP2026,27100000.000000,1,OPTFUT,NCO,50.000000,120,False
148488,SILVERM26SEP272500PE,SILVERM,23SEP2026,27250000.000000,1,OPTFUT,NCO,50.000000,120,False
148491,SILVERM26SEP273000CE,SILVERM,23SEP2026,27300000.000000,1,OPTFUT,NCO,50.000000,120,False
148492,SILVERM26SEP273000PE,SILVERM,23SEP2026,27300000.000000,1,OPTFUT,NCO,50.000000,120,False
148494,SILVERM26SEP273250PE,SILVERM,23SEP2026,27325000.000000,1,OPTFUT,NCO,50.000000,120,False
148502,SILVERM26OCT265750PE,SILVERM,23OCT2026,26575000.000000,1,OPTFUT,NCO,50.000000,120,False
148508,SILVERM26OCT266500PE,SILVERM,23OCT2026,26650000.000000,1,OPTFUT,NCO,50.000000,120,False
148511,SILVERM26OCT267000CE,SILVERM,23OCT2026,26700000.000000,1,OPTFUT,NCO,50.000000,120,False
148512,SILVERM26OCT267000PE,SILVERM,23OCT2026,26700000.000000,1,OPTFUT,NCO,50.000000,120,False
148520,SILVERM26OCT268000PE,SILVERM,23OCT2026,26800000.000000,1,OPTFUT,NCO,50.000000,120,False
148524,SILVERM26OCT268500PE,SILVERM,23OCT2026,26850000.000000,1,OPTFUT,NCO,50.000000,120,False
148533,SILVERM26OCT269750CE,SILVERM,23OCT2026,26975000.000000,1,OPTFUT,NCO,50.000000,120,False
126984,SILVERM27JAN304000PE,SILVERM,21JAN2027,30400000.000000,1,OPTFUT,NCO,50.000000,120,False
126986,SILVERM27JAN304250PE,SILVERM,21JAN2027,30425000.000000,1,OPTFUT,NCO,50.000000,120,False
148534,SILVERM26OCT269750PE,SILVERM,23OCT2026,26975000.000000,1,OPTFUT,NCO,50.000000,120,False
148536,SILVERM26OCT270000PE,SILVERM,23OCT2026,27000000.000000,1,OPTFUT,NCO,50.000000,120,False
126993,SILVERM26DEC247250CE,SILVERM,23DEC2026,24725000.000000,1,OPTFUT,NCO,50.000000,120,False
127005,ZINC26SEP455PE,ZINC,23SEP2026,45500.000000,1,OPTFUT,NCO,1.000000,20,False
127043,SILVER27MAR260500PE,SILVER,02MAR2027,26050000.000000,1,OPTBLN,NCO,50.000000,20,False
127064,CRUDEOIL26OCT12000CE,CRUDEOIL,08OCT2026,1200000.000000,1,OPTFUT,NCO,10.000000,100,False
127077,SILVERM27MAY284750PE,SILVERM,24MAY2027,28475000.000000,1,OPTFUT,NCO,50.000000,120,False
127083,SILVERM26DEC237250PE,SILVERM,23DEC2026,23725000.000000,1,OPTFUT,NCO,50.000000,120,False
127086,GOLDM26OCT152500CE,GOLDM,29OCT2026,15250000.000000,1,OPTFUT,NCO,50.000000,100,False
127092,SILVERM26DEC250750CE,SILVERM,23DEC2026,25075000.000000,1,OPTFUT,NCO,50.000000,120,False
127095,SILVERM26DEC251000PE,SILVERM,23DEC2026,25100000.000000,1,OPTFUT,NCO,50.000000,120,False
127111,GOLD27APR161900PE,GOLD,28APR2027,16190000.000000,1,OPTFUT,NCO,50.000000,10,False
127127,SILVERM27MAR272000PE,SILVERM,24MAR2027,27200000.000000,1,OPTFUT,NCO,50.000000,120,False
127132,SILVERM27MAR272750CE,SILVERM,24MAR2027,27275000.000000,1,OPTFUT,NCO,50.000000,120,False
127136,SILVERM27MAR265750CE,SILVERM,24MAR2027,26575000.000000,1,OPTFUT,NCO,50.000000,120,False
127144,CRUDEOIL26NOV11750CE,CRUDEOIL,10NOV2026,1175000.000000,1,OPTFUT,NCO,10.000000,100,False
127163,SILVER27MAR225750CE,SILVER,02MAR2027,22575000.000000,1,OPTBLN,NCO,50.000000,20,False
127170,SILVER27MAR226500PE,SILVER,02MAR2027,22650000.000000,1,OPTBLN,NCO,50.000000,20,False
127171,SILVER27MAR226750CE,SILVER,02MAR2027,22675000.000000,1,OPTBLN,NCO,50.000000,20,False
127187,SILVERM27MAR274750PE,SILVERM,24MAR2027,27475000.000000,1,OPTFUT,NCO,50.000000,120,False
127191,CRUDEOIL26NOV12100CE,CRUDEOIL,10NOV2026,1210000.000000,1,OPTFUT,NCO,10.000000,100,False
127214,SILVERM27FEB292500CE,SILVERM,19FEB2027,29250000.000000,1,OPTFUT,NCO,50.000000,120,False
127229,SILVERM27FEB294250PE,SILVERM,19FEB2027,29425000.000000,1,OPTFUT,NCO,50.000000,120,False
127233,SILVERM27MAY285750CE,SILVERM,24MAY2027,28575000.000000,1,OPTFUT,NCO,50.000000,120,False
127240,SILVERM27FEB294750PE,SILVERM,19FEB2027,29475000.000000,1,OPTFUT,NCO,50.000000,120,False
127242,SILVERM27FEB295000PE,SILVERM,19FEB2027,29500000.000000,1,OPTFUT,NCO,50.000000,120,False
127255,SILVERM27FEB296500CE,SILVERM,19FEB2027,29650000.000000,1,OPTFUT,NCO,50.000000,120,False
127259,SILVERM27FEB297000CE,SILVERM,19FEB2027,29700000.000000,1,OPTFUT,NCO,50.000000,120,False
127265,SILVERM27FEB297750CE,SILVERM,19FEB2027,29775000.000000,1,OPTFUT,NCO,50.000000,120,False
127272,SILVERM27FEB298500PE,SILVERM,19FEB2027,29850000.000000,1,OPTFUT,NCO,50.000000,120,False
127281,SILVERM27APR271500CE,SILVERM,23APR2027,27150000.000000,1,OPTFUT,NCO,50.000000,120,False
127291,SILVERM27APR272750CE,SILVERM,23APR2027,27275000.000000,1,OPTFUT,NCO,50.000000,120,False
127312,SILVERM27FEB299500PE,SILVERM,19FEB2027,29950000.000000,1,OPTFUT,NCO,50.000000,120,False
127318,SILVERM27FEB300250PE,SILVERM,19FEB2027,30025000.000000,1,OPTFUT,NCO,50.000000,120,False
127340,GOLD27MAR153000CE,GOLD,29MAR2027,15300000.000000,1,OPTFUT,NCO,50.000000,10,False
127354,GOLD27MAR153700CE,GOLD,29MAR2027,15370000.000000,1,OPTFUT,NCO,50.000000,10,False
127358,SILVERM27APR273250PE,SILVERM,23APR2027,27325000.000000,1,OPTFUT,NCO,50.000000,120,False
127363,SILVERM27APR274000CE,SILVERM,23APR2027,27400000.000000,1,OPTFUT,NCO,50.000000,120,False
127364,SILVERM27APR274000PE,SILVERM,23APR2027,27400000.000000,1,OPTFUT,NCO,50.000000,120,False
127369,SILVERM27APR274750CE,SILVERM,23APR2027,27475000.000000,1,OPTFUT,NCO,50.000000,120,False
127402,ZINC26NOV425PE,ZINC,23NOV2026,42500.000000,1,OPTFUT,NCO,1.000000,20,False
127411,GOLD27JUN159300CE,GOLD,28JUN2027,15930000.000000,1,OPTFUT,NCO,50.000000,10,False
127413,GOLD27JUN159400CE,GOLD,28JUN2027,15940000.000000,1,OPTFUT,NCO,50.000000,10,False
127418,SILVERM27JAN305000PE,SILVERM,21JAN2027,30500000.000000,1,OPTFUT,NCO,50.000000,120,False
127423,SILVERM27JAN305750CE,SILVERM,21JAN2027,30575000.000000,1,OPTFUT,NCO,50.000000,120,False
127431,SILVERM27JAN306750CE,SILVERM,21JAN2027,30675000.000000,1,OPTFUT,NCO,50.000000,120,False
127435,SILVERM27JAN307250CE,SILVERM,21JAN2027,30725000.000000,1,OPTFUT,NCO,50.000000,120,False
127440,SILVERM27JAN307750PE,SILVERM,21JAN2027,30775000.000000,1,OPTFUT,NCO,50.000000,120,False
127478,GOLD27MAR155000CE,GOLD,29MAR2027,15500000.000000,1,OPTFUT,NCO,50.000000,10,False
127479,GOLD27MAR155000PE,GOLD,29MAR2027,15500000.000000,1,OPTFUT,NCO,50.000000,10,False
127499,GOLD27MAR156000PE,GOLD,29MAR2027,15600000.000000,1,OPTFUT,NCO,50.000000,10,False
127514,GOLD27MAR156800CE,GOLD,29MAR2027,15680000.000000,1,OPTFUT,NCO,50.000000,10,False
127535,ZINC26SEP370PE,ZINC,23SEP2026,37000.000000,1,OPTFUT,NCO,1.000000,20,False
127558,SILVERM27MAR230000PE,SILVERM,24MAR2027,23000000.000000,1,OPTFUT,NCO,50.000000,120,False
127561,GOLD27JUN159600CE,GOLD,28JUN2027,15960000.000000,1,OPTFUT,NCO,50.000000,10,False
127563,GOLD27JUN159700CE,GOLD,28JUN2027,15970000.000000,1,OPTFUT,NCO,50.000000,10,False
127565,GOLD27JUN159800CE,GOLD,28JUN2027,15980000.000000,1,OPTFUT,NCO,50.000000,10,False
127567,GOLD27JUN159900CE,GOLD,28JUN2027,15990000.000000,1,OPTFUT,NCO,50.000000,10,False
127571,GOLD27JUL159700CE,GOLD,29JUL2027,15970000.000000,1,OPTFUT,NCO,50.000000,10,False
127589,SILVER27MAR229500CE,SILVER,02MAR2027,22950000.000000,1,OPTBLN,NCO,50.000000,20,False
127590,SILVER27MAR229500PE,SILVER,02MAR2027,22950000.000000,1,OPTBLN,NCO,50.000000,20,False
127603,GOLD27APR162600CE,GOLD,28APR2027,16260000.000000,1,OPTFUT,NCO,50.000000,10,False
127608,SILVER26DEC219750PE,SILVER,01DEC2026,21975000.000000,1,OPTBLN,NCO,50.000000,20,False
127622,SILVER26DEC221500PE,SILVER,01DEC2026,22150000.000000,1,OPTBLN,NCO,50.000000,20,False
127641,SILVER26DEC224000CE,SILVER,01DEC2026,22400000.000000,1,OPTBLN,NCO,50.000000,20,False
127643,SILVER26DEC224250CE,SILVER,01DEC2026,22425000.000000,1,OPTBLN,NCO,50.000000,20,False
127672,SILVER26DEC227750PE,SILVER,01DEC2026,22775000.000000,1,OPTBLN,NCO,50.000000,20,False
127674,SILVER26DEC228000PE,SILVER,01DEC2026,22800000.000000,1,OPTBLN,NCO,50.000000,20,False
127686,SILVER26DEC229500PE,SILVER,01DEC2026,22950000.000000,1,OPTBLN,NCO,50.000000,20,False
127692,SILVER26DEC230250PE,SILVER,01DEC2026,23025000.000000,1,OPTBLN,NCO,50.000000,20,False
127715,SILVERM27FEB302250CE,SILVERM,19FEB2027,30225000.000000,1,OPTFUT,NCO,50.000000,120,False
127736,GOLD27MAR157200PE,GOLD,29MAR2027,15720000.000000,1,OPTFUT,NCO,50.000000,10,False
127745,SILVER26DEC232500PE,SILVER,01DEC2026,23250000.000000,1,OPTBLN,NCO,50.000000,20,False
127751,SILVER26DEC233250PE,SILVER,01DEC2026,23325000.000000,1,OPTBLN,NCO,50.000000,20,False
127757,GOLD27JUL160100CE,GOLD,29JUL2027,16010000.000000,1,OPTFUT,NCO,50.000000,10,False
127760,GOLD27JUL160200PE,GOLD,29JUL2027,16020000.000000,1,OPTFUT,NCO,50.000000,10,False
127776,SILVER26DEC235250PE,SILVER,01DEC2026,23525000.000000,1,OPTBLN,NCO,50.000000,20,False
127779,SILVER26DEC235750CE,SILVER,01DEC2026,23575000.000000,1,OPTBLN,NCO,50.000000,20,False
127785,SILVER26DEC236500CE,SILVER,01DEC2026,23650000.000000,1,OPTBLN,NCO,50.000000,20,False
127790,GOLD27JUL160500PE,GOLD,29JUL2027,16050000.000000,1,OPTFUT,NCO,50.000000,10,False
127796,SILVERM27MAR276750PE,SILVERM,24MAR2027,27675000.000000,1,OPTFUT,NCO,50.000000,120,False
127803,SILVERM27MAR277750CE,SILVERM,24MAR2027,27775000.000000,1,OPTFUT,NCO,50.000000,120,False
127814,GOLD27JUL160700PE,GOLD,29JUL2027,16070000.000000,1,OPTFUT,NCO,50.000000,10,False
127817,GOLDM26SEP152000CE,GOLDM,25SEP2026,15200000.000000,1,OPTFUT,NCO,50.000000,100,False
127855,SILVERM27JAN312000CE,SILVERM,21JAN2027,31200000.000000,1,OPTFUT,NCO,50.000000,120,False
127860,SILVER26DEC236750PE,SILVER,01DEC2026,23675000.000000,1,OPTBLN,NCO,50.000000,20,False
127873,SILVER26DEC238500CE,SILVER,01DEC2026,23850000.000000,1,OPTBLN,NCO,50.000000,20,False
127875,SILVER26DEC238750CE,SILVER,01DEC2026,23875000.000000,1,OPTBLN,NCO,50.000000,20,False
127886,SILVERM27MAR279000PE,SILVERM,24MAR2027,27900000.000000,1,OPTFUT,NCO,50.000000,120,False
127890,SILVERM27MAR279500PE,SILVERM,24MAR2027,27950000.000000,1,OPTFUT,NCO,50.000000,120,False
127892,ZINC26SEP377.5PE,ZINC,23SEP2026,37750.000000,1,OPTFUT,NCO,1.000000,20,False
127893,ZINC26SEP380CE,ZINC,23SEP2026,38000.000000,1,OPTFUT,NCO,1.000000,20,False
127898,ZINC26SEP385PE,ZINC,23SEP2026,38500.000000,1,OPTFUT,NCO,1.000000,20,False
127901,ZINC26SEP390CE,ZINC,23SEP2026,39000.000000,1,OPTFUT,NCO,1.000000,20,False
127907,ZINC26SEP397.5CE,ZINC,23SEP2026,39750.000000,1,OPTFUT,NCO,1.000000,20,False
127911,SILVERM27MAR230250PE,SILVERM,24MAR2027,23025000.000000,1,OPTFUT,NCO,50.000000,120,False
127917,SILVERM27MAR231000PE,SILVERM,24MAR2027,23100000.000000,1,OPTFUT,NCO,50.000000,120,False
127922,SILVERM27MAR231750CE,SILVERM,24MAR2027,23175000.000000,1,OPTFUT,NCO,50.000000,120,False
127963,SILVER26DEC240250CE,SILVER,01DEC2026,24025000.000000,1,OPTBLN,NCO,50.000000,20,False
127966,SILVER26DEC240500PE,SILVER,01DEC2026,24050000.000000,1,OPTBLN,NCO,50.000000,20,False
127977,SILVERM27MAR281000CE,SILVERM,24MAR2027,28100000.000000,1,OPTFUT,NCO,50.000000,120,False
127979,SILVERM27MAR281250CE,SILVERM,24MAR2027,28125000.000000,1,OPTFUT,NCO,50.000000,120,False
127984,SILVERM27MAR281750PE,SILVERM,24MAR2027,28175000.000000,1,OPTFUT,NCO,50.000000,120,False
128013,SILVER27MAR232250CE,SILVER,02MAR2027,23225000.000000,1,OPTBLN,NCO,50.000000,20,False
128029,SILVER27MAR234250CE,SILVER,02MAR2027,23425000.000000,1,OPTBLN,NCO,50.000000,20,False
128021,SILVER27MAR233250CE,SILVER,02MAR2027,23325000.000000,1,OPTBLN,NCO,50.000000,20,False
128052,SILVERM27JAN312750PE,SILVERM,21JAN2027,31275000.000000,1,OPTFUT,NCO,50.000000,120,False
128055,SILVERM27JAN313250CE,SILVERM,21JAN2027,31325000.000000,1,OPTFUT,NCO,50.000000,120,False
128056,SILVERM27JAN313250PE,SILVERM,21JAN2027,31325000.000000,1,OPTFUT,NCO,50.000000,120,False
128095,SILVER26DEC242250PE,SILVER,01DEC2026,24225000.000000,1,OPTBLN,NCO,50.000000,20,False
128111,SILVER26DEC244250PE,SILVER,01DEC2026,24425000.000000,1,OPTBLN,NCO,50.000000,20,False
128120,GOLD26OCT133700CE,GOLD,29OCT2026,13370000.000000,1,OPTFUT,NCO,50.000000,10,False
128134,SILVERM27JAN317750CE,SILVERM,21JAN2027,31775000.000000,1,OPTFUT,NCO,50.000000,120,False
128144,SILVERM27JAN319000CE,SILVERM,21JAN2027,31900000.000000,1,OPTFUT,NCO,50.000000,120,False
128150,SILVERM27JAN319750CE,SILVERM,21JAN2027,31975000.000000,1,OPTFUT,NCO,50.000000,120,False
128151,SILVERM27JAN319750PE,SILVERM,21JAN2027,31975000.000000,1,OPTFUT,NCO,50.000000,120,False
128155,SILVERM27JAN320250PE,SILVERM,21JAN2027,32025000.000000,1,OPTFUT,NCO,50.000000,120,False
128167,SILVERM26SEP196000PE,SILVERM,23SEP2026,19600000.000000,1,OPTFUT,NCO,50.000000,120,False
128171,SILVER26DEC245250CE,SILVER,01DEC2026,24525000.000000,1,OPTBLN,NCO,50.000000,20,False
128181,SILVERM27FEB305250CE,SILVERM,19FEB2027,30525000.000000,1,OPTFUT,NCO,50.000000,120,False
128203,SILVERM27MAR236500PE,SILVERM,24MAR2027,23650000.000000,1,OPTFUT,NCO,50.000000,120,False
128205,SILVERM27MAR236750PE,SILVERM,24MAR2027,23675000.000000,1,OPTFUT,NCO,50.000000,120,False
128206,SILVERM27MAR237000CE,SILVERM,24MAR2027,23700000.000000,1,OPTFUT,NCO,50.000000,120,False
128210,SILVERM27MAR237500CE,SILVERM,24MAR2027,23750000.000000,1,OPTFUT,NCO,50.000000,120,False
128221,SILVERM27MAR238750PE,SILVERM,24MAR2027,23875000.000000,1,OPTFUT,NCO,50.000000,120,False
128234,SILVERM27MAR282500CE,SILVERM,24MAR2027,28250000.000000,1,OPTFUT,NCO,50.000000,120,False
128236,SILVERM27MAR282750CE,SILVERM,24MAR2027,28275000.000000,1,OPTFUT,NCO,50.000000,120,False
128255,SILVERM27MAR285000PE,SILVERM,24MAR2027,28500000.000000,1,OPTFUT,NCO,50.000000,120,False
128262,SILVERM27MAR286000CE,SILVERM,24MAR2027,28600000.000000,1,OPTFUT,NCO,50.000000,120,False
128265,SILVERM27MAR286250PE,SILVERM,24MAR2027,28625000.000000,1,OPTFUT,NCO,50.000000,120,False
128266,SILVERM27MAR286500CE,SILVERM,24MAR2027,28650000.000000,1,OPTFUT,NCO,50.000000,120,False
128303,SILVERM27APR281500PE,SILVERM,23APR2027,28150000.000000,1,OPTFUT,NCO,50.000000,120,False
128354,SILVERM27APR229750PE,SILVERM,23APR2027,22975000.000000,1,OPTFUT,NCO,50.000000,120,False
128372,SILVERM26SEP198000PE,SILVERM,23SEP2026,19800000.000000,1,OPTFUT,NCO,50.000000,120,False
128374,SILVERM26SEP198250PE,SILVERM,23SEP2026,19825000.000000,1,OPTFUT,NCO,50.000000,120,False
128375,SILVERM26SEP198500CE,SILVERM,23SEP2026,19850000.000000,1,OPTFUT,NCO,50.000000,120,False
128376,SILVERM26SEP198500PE,SILVERM,23SEP2026,19850000.000000,1,OPTFUT,NCO,50.000000,120,False
128391,SILVERM26OCT195250CE,SILVERM,23OCT2026,19525000.000000,1,OPTFUT,NCO,50.000000,120,False
128408,SILVERM27JAN322500PE,SILVERM,21JAN2027,32250000.000000,1,OPTFUT,NCO,50.000000,120,False
128434,SILVERM27JAN325750PE,SILVERM,21JAN2027,32575000.000000,1,OPTFUT,NCO,50.000000,120,False
128448,GOLDM26SEP152300PE,GOLDM,25SEP2026,15230000.000000,1,OPTFUT,NCO,50.000000,100,False
128456,SILVERM27APR282250PE,SILVERM,23APR2027,28225000.000000,1,OPTFUT,NCO,50.000000,120,False
128474,GOLD27MAR158000PE,GOLD,29MAR2027,15800000.000000,1,OPTFUT,NCO,50.000000,10,False
128497,SILVERM27APR284750CE,SILVERM,23APR2027,28475000.000000,1,OPTFUT,NCO,50.000000,120,False
128499,SILVERM27FEB305500CE,SILVERM,19FEB2027,30550000.000000,1,OPTFUT,NCO,50.000000,120,False
128502,SILVERM27FEB305750PE,SILVERM,19FEB2027,30575000.000000,1,OPTFUT,NCO,50.000000,120,False
128504,SILVERM27FEB306000PE,SILVERM,19FEB2027,30600000.000000,1,OPTFUT,NCO,50.000000,120,False
128506,SILVERM27FEB306250PE,SILVERM,19FEB2027,30625000.000000,1,OPTFUT,NCO,50.000000,120,False
128508,SILVERM27FEB306500PE,SILVERM,19FEB2027,30650000.000000,1,OPTFUT,NCO,50.000000,120,False
128513,SILVERM27FEB307250CE,SILVERM,19FEB2027,30725000.000000,1,OPTFUT,NCO,50.000000,120,False
128521,SILVERM27FEB308250CE,SILVERM,19FEB2027,30825000.000000,1,OPTFUT,NCO,50.000000,120,False
128524,SILVERM27FEB308500PE,SILVERM,19FEB2027,30850000.000000,1,OPTFUT,NCO,50.000000,120,False
128531,SILVERM27FEB309500CE,SILVERM,19FEB2027,30950000.000000,1,OPTFUT,NCO,50.000000,120,False
128535,SILVERM27FEB310000CE,SILVERM,19FEB2027,31000000.000000,1,OPTFUT,NCO,50.000000,120,False
128545,SILVERM27FEB311250CE,SILVERM,19FEB2027,31125000.000000,1,OPTFUT,NCO,50.000000,120,False
128554,SILVERM27FEB312250PE,SILVERM,19FEB2027,31225000.000000,1,OPTFUT,NCO,50.000000,120,False
128557,SILVERM27FEB312750CE,SILVERM,19FEB2027,31275000.000000,1,OPTFUT,NCO,50.000000,120,False
128565,SILVERM27FEB313750CE,SILVERM,19FEB2027,31375000.000000,1,OPTFUT,NCO,50.000000,120,False
128568,SILVERM27FEB314000PE,SILVERM,19FEB2027,31400000.000000,1,OPTFUT,NCO,50.000000,120,False
128573,SILVERM27FEB314750CE,SILVERM,19FEB2027,31475000.000000,1,OPTFUT,NCO,50.000000,120,False
128592,SILVERM27JUN251000CE,SILVERM,23JUN2027,25100000.000000,1,OPTFUT,NCO,50.000000,120,False
128609,GOLD27MAR158900PE,GOLD,29MAR2027,15890000.000000,1,OPTFUT,NCO,50.000000,10,False
128613,GOLD27MAR159100PE,GOLD,29MAR2027,15910000.000000,1,OPTFUT,NCO,50.000000,10,False
128615,GOLD27MAR159200PE,GOLD,29MAR2027,15920000.000000,1,OPTFUT,NCO,50.000000,10,False
128628,SILVER26DEC245250PE,SILVER,01DEC2026,24525000.000000,1,OPTBLN,NCO,50.000000,20,False
128630,SILVER26DEC245500PE,SILVER,01DEC2026,24550000.000000,1,OPTBLN,NCO,50.000000,20,False
128631,SILVER26DEC245750CE,SILVER,01DEC2026,24575000.000000,1,OPTBLN,NCO,50.000000,20,False
128638,SILVER26DEC246500PE,SILVER,01DEC2026,24650000.000000,1,OPTBLN,NCO,50.000000,20,False
128644,SILVER26DEC247250PE,SILVER,01DEC2026,24725000.000000,1,OPTBLN,NCO,50.000000,20,False
128652,SILVER26DEC248250PE,SILVER,01DEC2026,24825000.000000,1,OPTBLN,NCO,50.000000,20,False
128664,SILVER26DEC249750PE,SILVER,01DEC2026,24975000.000000,1,OPTBLN,NCO,50.000000,20,False
128687,GOLD27MAR160200PE,GOLD,29MAR2027,16020000.000000,1,OPTFUT,NCO,50.000000,10,False
128756,COPPER26SEP1325CE,COPPER,23SEP2026,132500.000000,1,OPTFUT,NCO,1.000000,70,False
128763,COPPER26SEP1340PE,COPPER,23SEP2026,134000.000000,1,OPTFUT,NCO,1.000000,70,False
128769,GOLD27MAY157100PE,GOLD,28MAY2027,15710000.000000,1,OPTFUT,NCO,50.000000,10,False
128774,GOLD27MAY157400CE,GOLD,28MAY2027,15740000.000000,1,OPTFUT,NCO,50.000000,10,False
128794,GOLD27MAY158400CE,GOLD,28MAY2027,15840000.000000,1,OPTFUT,NCO,50.000000,10,False
128796,GOLD27MAY158500CE,GOLD,28MAY2027,15850000.000000,1,OPTFUT,NCO,50.000000,10,False
128810,SILVERM26OCT169000CE,SILVERM,23OCT2026,16900000.000000,1,OPTFUT,NCO,50.000000,120,False
128814,SILVERM26OCT169500CE,SILVERM,23OCT2026,16950000.000000,1,OPTFUT,NCO,50.000000,120,False
128821,SILVERM26OCT170250PE,SILVERM,23OCT2026,17025000.000000,1,OPTFUT,NCO,50.000000,120,False
128826,SILVERM26OCT171000CE,SILVERM,23OCT2026,17100000.000000,1,OPTFUT,NCO,50.000000,120,False
128850,SILVERM26OCT196750CE,SILVERM,23OCT2026,19675000.000000,1,OPTFUT,NCO,50.000000,120,False
128862,SILVERM26OCT198250CE,SILVERM,23OCT2026,19825000.000000,1,OPTFUT,NCO,50.000000,120,False
128870,SILVERM26OCT199250CE,SILVERM,23OCT2026,19925000.000000,1,OPTFUT,NCO,50.000000,120,False
128883,SILVERM26OCT200750PE,SILVERM,23OCT2026,20075000.000000,1,OPTFUT,NCO,50.000000,120,False
128925,GOLD26OCT134500PE,GOLD,29OCT2026,13450000.000000,1,OPTFUT,NCO,50.000000,10,False
128948,SILVERM27MAR268500PE,SILVERM,24MAR2027,26850000.000000,1,OPTFUT,NCO,50.000000,120,False
128975,COPPER26OCT1285CE,COPPER,23OCT2026,128500.000000,1,OPTFUT,NCO,1.000000,70,False
128999,GOLD26OCT135000PE,GOLD,29OCT2026,13500000.000000,1,OPTFUT,NCO,50.000000,10,False
129005,SILVERM27APR287250PE,SILVERM,23APR2027,28725000.000000,1,OPTFUT,NCO,50.000000,120,False
129008,GOLD27MAR163500PE,GOLD,29MAR2027,16350000.000000,1,OPTFUT,NCO,50.000000,10,False
129028,SILVERM27APR287500CE,SILVERM,23APR2027,28750000.000000,1,OPTFUT,NCO,50.000000,120,False
129036,GOLD27MAY160200CE,GOLD,28MAY2027,16020000.000000,1,OPTFUT,NCO,50.000000,10,False
129063,GOLD27MAY160600PE,GOLD,28MAY2027,16060000.000000,1,OPTFUT,NCO,50.000000,10,False
129064,GOLD27MAY160700CE,GOLD,28MAY2027,16070000.000000,1,OPTFUT,NCO,50.000000,10,False
129084,SILVER27MAR236250CE,SILVER,02MAR2027,23625000.000000,1,OPTBLN,NCO,50.000000,20,False
129069,SILVERM27APR232000PE,SILVERM,23APR2027,23200000.000000,1,OPTFUT,NCO,50.000000,120,False
129086,SILVER27MAR236500CE,SILVER,02MAR2027,23650000.000000,1,OPTBLN,NCO,50.000000,20,False
129106,SILVERM27JUN233500PE,SILVERM,23JUN2027,23350000.000000,1,OPTFUT,NCO,50.000000,120,False
129107,SILVERM27JUN233750CE,SILVERM,23JUN2027,23375000.000000,1,OPTFUT,NCO,50.000000,120,False
129117,SILVERM27APR233500PE,SILVERM,23APR2027,23350000.000000,1,OPTFUT,NCO,50.000000,120,False
129121,SILVERM27APR234000PE,SILVERM,23APR2027,23400000.000000,1,OPTFUT,NCO,50.000000,120,False
129130,GOLDM26OCT153100CE,GOLDM,29OCT2026,15310000.000000,1,OPTFUT,NCO,50.000000,100,False
129133,GOLD26OCT135700PE,GOLD,29OCT2026,13570000.000000,1,OPTFUT,NCO,50.000000,10,False
129172,SILVER27MAR238250CE,SILVER,02MAR2027,23825000.000000,1,OPTBLN,NCO,50.000000,20,False
129173,SILVER27MAR238250PE,SILVER,02MAR2027,23825000.000000,1,OPTBLN,NCO,50.000000,20,False
129180,SILVERM27MAY230750CE,SILVERM,24MAY2027,23075000.000000,1,OPTFUT,NCO,50.000000,120,False
129196,GOLD26OCT136300CE,GOLD,29OCT2026,13630000.000000,1,OPTFUT,NCO,50.000000,10,False
129198,GOLD26OCT136400CE,GOLD,29OCT2026,13640000.000000,1,OPTFUT,NCO,50.000000,10,False
129202,GOLD26OCT136600CE,GOLD,29OCT2026,13660000.000000,1,OPTFUT,NCO,50.000000,10,False
129206,SILVERM26NOV199500CE,SILVERM,23NOV2026,19950000.000000,1,OPTFUT,NCO,50.000000,120,False
129231,SILVERM27JUN235000PE,SILVERM,23JUN2027,23500000.000000,1,OPTFUT,NCO,50.000000,120,False
129250,GOLD26OCT136800CE,GOLD,29OCT2026,13680000.000000,1,OPTFUT,NCO,50.000000,10,False
129252,GOLD26OCT136900CE,GOLD,29OCT2026,13690000.000000,1,OPTFUT,NCO,50.000000,10,False
129357,SILVERM27JUN237750PE,SILVERM,23JUN2027,23775000.000000,1,OPTFUT,NCO,50.000000,120,False
129365,SILVERM27JUN238750PE,SILVERM,23JUN2027,23875000.000000,1,OPTFUT,NCO,50.000000,120,False
129372,SILVERM27JUN239750CE,SILVERM,23JUN2027,23975000.000000,1,OPTFUT,NCO,50.000000,120,False
129381,SILVERM27JUN240750PE,SILVERM,23JUN2027,24075000.000000,1,OPTFUT,NCO,50.000000,120,False
129392,GOLDM26OCT153400PE,GOLDM,29OCT2026,15340000.000000,1,OPTFUT,NCO,50.000000,100,False
129400,SILVERM27MAY232000CE,SILVERM,24MAY2027,23200000.000000,1,OPTFUT,NCO,50.000000,120,False
129410,GOLDM26OCT153800PE,GOLDM,29OCT2026,15380000.000000,1,OPTFUT,NCO,50.000000,100,False
129416,SILVERM27JUL247000PE,SILVERM,23JUL2027,24700000.000000,1,OPTFUT,NCO,50.000000,120,False
129417,SILVERM27JUL247250CE,SILVERM,23JUL2027,24725000.000000,1,OPTFUT,NCO,50.000000,120,False
129438,SILVER27MAR241500PE,SILVER,02MAR2027,24150000.000000,1,OPTBLN,NCO,50.000000,20,False
129439,SILVER27MAR241750CE,SILVER,02MAR2027,24175000.000000,1,OPTBLN,NCO,50.000000,20,False
129442,SILVER27MAR242000PE,SILVER,02MAR2027,24200000.000000,1,OPTBLN,NCO,50.000000,20,False
129449,SILVER27MAR243000CE,SILVER,02MAR2027,24300000.000000,1,OPTBLN,NCO,50.000000,20,False
129460,SILVERM27JAN329750CE,SILVERM,21JAN2027,32975000.000000,1,OPTFUT,NCO,50.000000,120,False
129477,SILVER27MAR243500CE,SILVER,02MAR2027,24350000.000000,1,OPTBLN,NCO,50.000000,20,False
129479,SILVER27MAR243750CE,SILVER,02MAR2027,24375000.000000,1,OPTBLN,NCO,50.000000,20,False
129487,SILVER27MAR244750CE,SILVER,02MAR2027,24475000.000000,1,OPTBLN,NCO,50.000000,20,False
129550,SILVER27MAR245750PE,SILVER,02MAR2027,24575000.000000,1,OPTBLN,NCO,50.000000,20,False
129572,SILVERM27JUL249500PE,SILVERM,23JUL2027,24950000.000000,1,OPTFUT,NCO,50.000000,120,False
129573,SILVERM27JUL249750CE,SILVERM,23JUL2027,24975000.000000,1,OPTFUT,NCO,50.000000,120,False
129577,SILVERM27JAN330250PE,SILVERM,21JAN2027,33025000.000000,1,OPTFUT,NCO,50.000000,120,False
129586,SILVERM27JUL250750PE,SILVERM,23JUL2027,25075000.000000,1,OPTFUT,NCO,50.000000,120,False
129597,SILVERM27JUL252250CE,SILVERM,23JUL2027,25225000.000000,1,OPTFUT,NCO,50.000000,120,False
129611,GOLD27JUN160600CE,GOLD,28JUN2027,16060000.000000,1,OPTFUT,NCO,50.000000,10,False
129615,GOLD27JUN160800CE,GOLD,28JUN2027,16080000.000000,1,OPTFUT,NCO,50.000000,10,False
129617,GOLD27JUN160900CE,GOLD,28JUN2027,16090000.000000,1,OPTFUT,NCO,50.000000,10,False
129622,GOLD27JUN161100PE,GOLD,28JUN2027,16110000.000000,1,OPTFUT,NCO,50.000000,10,False
129636,SILVERM27JAN330500PE,SILVERM,21JAN2027,33050000.000000,1,OPTFUT,NCO,50.000000,120,False
129648,SILVERM27JAN332000PE,SILVERM,21JAN2027,33200000.000000,1,OPTFUT,NCO,50.000000,120,False
129653,SILVERM27JAN332750CE,SILVERM,21JAN2027,33275000.000000,1,OPTFUT,NCO,50.000000,120,False
129657,SILVERM27JAN333250CE,SILVERM,21JAN2027,33325000.000000,1,OPTFUT,NCO,50.000000,120,False
129669,SILVER27MAR246750PE,SILVER,02MAR2027,24675000.000000,1,OPTBLN,NCO,50.000000,20,False
129675,SILVER27MAR247250PE,SILVER,02MAR2027,24725000.000000,1,OPTBLN,NCO,50.000000,20,False
129680,SILVER27MAR248000CE,SILVER,02MAR2027,24800000.000000,1,OPTBLN,NCO,50.000000,20,False
129706,SILVER27MAR251250CE,SILVER,02MAR2027,25125000.000000,1,OPTBLN,NCO,50.000000,20,False
129729,SILVERM26OCT173250CE,SILVERM,23OCT2026,17325000.000000,1,OPTFUT,NCO,50.000000,120,False
129742,SILVERM26OCT174750PE,SILVERM,23OCT2026,17475000.000000,1,OPTFUT,NCO,50.000000,120,False
129746,SILVERM26OCT175250PE,SILVERM,23OCT2026,17525000.000000,1,OPTFUT,NCO,50.000000,120,False
129749,SILVERM26OCT175750CE,SILVERM,23OCT2026,17575000.000000,1,OPTFUT,NCO,50.000000,120,False
129760,SILVERM26OCT177000PE,SILVERM,23OCT2026,17700000.000000,1,OPTFUT,NCO,50.000000,120,False
129806,SILVER27MAR253500CE,SILVER,02MAR2027,25350000.000000,1,OPTBLN,NCO,50.000000,20,False
129826,SILVERM27MAY251500CE,SILVERM,24MAY2027,25150000.000000,1,OPTFUT,NCO,50.000000,120,False
129868,GOLD27MAR164700PE,GOLD,29MAR2027,16470000.000000,1,OPTFUT,NCO,50.000000,10,False
129878,GOLD27MAR165200PE,GOLD,29MAR2027,16520000.000000,1,OPTFUT,NCO,50.000000,10,False
129880,GOLD27MAR165300PE,GOLD,29MAR2027,16530000.000000,1,OPTFUT,NCO,50.000000,10,False
129887,GOLD27MAR165700CE,GOLD,29MAR2027,16570000.000000,1,OPTFUT,NCO,50.000000,10,False
129902,GOLD27MAR166400PE,GOLD,29MAR2027,16640000.000000,1,OPTFUT,NCO,50.000000,10,False
129903,GOLD27MAR166500CE,GOLD,29MAR2027,16650000.000000,1,OPTFUT,NCO,50.000000,10,False
129909,GOLD27MAR166800CE,GOLD,29MAR2027,16680000.000000,1,OPTFUT,NCO,50.000000,10,False
129910,GOLD27MAR166800PE,GOLD,29MAR2027,16680000.000000,1,OPTFUT,NCO,50.000000,10,False
129917,GOLD27MAR167200CE,GOLD,29MAR2027,16720000.000000,1,OPTFUT,NCO,50.000000,10,False
129934,SILVERM27JUN243000PE,SILVERM,23JUN2027,24300000.000000,1,OPTFUT,NCO,50.000000,120,False
129936,SILVERM27JUN243250PE,SILVERM,23JUN2027,24325000.000000,1,OPTFUT,NCO,50.000000,120,False
129943,SILVERM27JUN244250CE,SILVERM,23JUN2027,24425000.000000,1,OPTFUT,NCO,50.000000,120,False
129944,SILVERM27JUN244250PE,SILVERM,23JUN2027,24425000.000000,1,OPTFUT,NCO,50.000000,120,False
129955,SILVERM27JUN245750CE,SILVERM,23JUN2027,24575000.000000,1,OPTFUT,NCO,50.000000,120,False
129962,ZINC26OCT365PE,ZINC,23OCT2026,36500.000000,1,OPTFUT,NCO,1.000000,20,False
129990,GOLD27MAR168700PE,GOLD,29MAR2027,16870000.000000,1,OPTFUT,NCO,50.000000,10,False
129997,GOLD27MAR169100CE,GOLD,29MAR2027,16910000.000000,1,OPTFUT,NCO,50.000000,10,False
13,SILVERMICRO,SILVERMIC,,-1.000000,1,UNDCOM,NCO,100.000000,600,False
130019,GOLD27MAR170200CE,GOLD,29MAR2027,17020000.000000,1,OPTFUT,NCO,50.000000,10,False
130026,SILVERM27MAY255000CE,SILVERM,24MAY2027,25500000.000000,1,OPTFUT,NCO,50.000000,120,False
130028,SILVERM27MAY255250CE,SILVERM,24MAY2027,25525000.000000,1,OPTFUT,NCO,50.000000,120,False
130061,SILVERM27MAY259250PE,SILVERM,24MAY2027,25925000.000000,1,OPTFUT,NCO,50.000000,120,False
130035,SILVERM27MAY256000PE,SILVERM,24MAY2027,25600000.000000,1,OPTFUT,NCO,50.000000,120,False
130051,SILVERM27MAY258000PE,SILVERM,24MAY2027,25800000.000000,1,OPTFUT,NCO,50.000000,120,False
130054,SILVERM27MAY258500CE,SILVERM,24MAY2027,25850000.000000,1,OPTFUT,NCO,50.000000,120,False
130068,ZINC26SEP350PE,ZINC,23SEP2026,35000.000000,1,OPTFUT,NCO,1.000000,20,False
130072,SILVERM27JUN253000CE,SILVERM,23JUN2027,25300000.000000,1,OPTFUT,NCO,50.000000,120,False
130073,SILVERM27JUN253000PE,SILVERM,23JUN2027,25300000.000000,1,OPTFUT,NCO,50.000000,120,False
130075,SILVERM27JUN253250PE,SILVERM,23JUN2027,25325000.000000,1,OPTFUT,NCO,50.000000,120,False
130085,SILVERM27JUN254500PE,SILVERM,23JUN2027,25450000.000000,1,OPTFUT,NCO,50.000000,120,False
130092,COPPER26OCT1360PE,COPPER,23OCT2026,136000.000000,1,OPTFUT,NCO,1.000000,70,False
130093,GOLD27JUN151300CE,GOLD,28JUN2027,15130000.000000,1,OPTFUT,NCO,50.000000,10,False
130096,GOLD27JUN151400PE,GOLD,28JUN2027,15140000.000000,1,OPTFUT,NCO,50.000000,10,False
130097,GOLD27JUN151500CE,GOLD,28JUN2027,15150000.000000,1,OPTFUT,NCO,50.000000,10,False
130141,GOLDM26SEP153900CE,GOLDM,25SEP2026,15390000.000000,1,OPTFUT,NCO,50.000000,100,False
130146,GOLDM26SEP154100PE,GOLDM,25SEP2026,15410000.000000,1,OPTFUT,NCO,50.000000,100,False
130154,GOLDM26OCT154100PE,GOLDM,29OCT2026,15410000.000000,1,OPTFUT,NCO,50.000000,100,False
130159,SILVER27MAR255250CE,SILVER,02MAR2027,25525000.000000,1,OPTBLN,NCO,50.000000,20,False
130167,SILVER27MAR256250CE,SILVER,02MAR2027,25625000.000000,1,OPTBLN,NCO,50.000000,20,False
130168,SILVER27MAR256250PE,SILVER,02MAR2027,25625000.000000,1,OPTBLN,NCO,50.000000,20,False
130171,SILVER27MAR256750CE,SILVER,02MAR2027,25675000.000000,1,OPTBLN,NCO,50.000000,20,False
130180,CRUDEOIL26NOV11100PE,CRUDEOIL,10NOV2026,1110000.000000,1,OPTFUT,NCO,10.000000,100,False
130182,SILVERM27AUG240000PE,SILVERM,24AUG2027,24000000.000000,1,OPTFUT,NCO,50.000000,120,False
130187,SILVERM27AUG240750CE,SILVERM,24AUG2027,24075000.000000,1,OPTFUT,NCO,50.000000,120,False
130198,SILVERM27AUG242000PE,SILVERM,24AUG2027,24200000.000000,1,OPTFUT,NCO,50.000000,120,False
130208,GOLD27MAR170500PE,GOLD,29MAR2027,17050000.000000,1,OPTFUT,NCO,50.000000,10,False
130210,GOLD27MAR170600PE,GOLD,29MAR2027,17060000.000000,1,OPTFUT,NCO,50.000000,10,False
130212,GOLD27MAR170700PE,GOLD,29MAR2027,17070000.000000,1,OPTFUT,NCO,50.000000,10,False
130216,GOLD27MAR170900PE,GOLD,29MAR2027,17090000.000000,1,OPTFUT,NCO,50.000000,10,False
130222,GOLD27MAR171200PE,GOLD,29MAR2027,17120000.000000,1,OPTFUT,NCO,50.000000,10,False
130233,GOLD27APR163200CE,GOLD,28APR2027,16320000.000000,1,OPTFUT,NCO,50.000000,10,False
130239,GOLD27APR163500CE,GOLD,28APR2027,16350000.000000,1,OPTFUT,NCO,50.000000,10,False
130244,GOLD27APR163700PE,GOLD,28APR2027,16370000.000000,1,OPTFUT,NCO,50.000000,10,False
130259,GOLD27APR164500CE,GOLD,28APR2027,16450000.000000,1,OPTFUT,NCO,50.000000,10,False
130263,GOLD27APR164700CE,GOLD,28APR2027,16470000.000000,1,OPTFUT,NCO,50.000000,10,False
130264,GOLD27APR164700PE,GOLD,28APR2027,16470000.000000,1,OPTFUT,NCO,50.000000,10,False
130278,GOLD27APR165400PE,GOLD,28APR2027,16540000.000000,1,OPTFUT,NCO,50.000000,10,False
130294,GOLD27JUN152100PE,GOLD,28JUN2027,15210000.000000,1,OPTFUT,NCO,50.000000,10,False
130301,GOLDM26SEP144700CE,GOLDM,25SEP2026,14470000.000000,1,OPTFUT,NCO,50.000000,100,False
130308,GOLD27APR166100CE,GOLD,28APR2027,16610000.000000,1,OPTFUT,NCO,50.000000,10,False
130314,SILVERM26OCT177250PE,SILVERM,23OCT2026,17725000.000000,1,OPTFUT,NCO,50.000000,120,False
130321,SILVERM26OCT177750CE,SILVERM,23OCT2026,17775000.000000,1,OPTFUT,NCO,50.000000,120,False
130325,SILVERM26OCT178250CE,SILVERM,23OCT2026,17825000.000000,1,OPTFUT,NCO,50.000000,120,False
130326,SILVERM26OCT178250PE,SILVERM,23OCT2026,17825000.000000,1,OPTFUT,NCO,50.000000,120,False
130330,SILVERM26OCT178750PE,SILVERM,23OCT2026,17875000.000000,1,OPTFUT,NCO,50.000000,120,False
130337,GOLD27APR166200PE,GOLD,28APR2027,16620000.000000,1,OPTFUT,NCO,50.000000,10,False
130353,GOLD26NOV138800CE,GOLD,27NOV2026,13880000.000000,1,OPTFUT,NCO,50.000000,10,False
130360,SILVERM27AUG243000PE,SILVERM,24AUG2027,24300000.000000,1,OPTFUT,NCO,50.000000,120,False
130367,ZINC26OCT397.5CE,ZINC,23OCT2026,39750.000000,1,OPTFUT,NCO,1.000000,20,False
130370,ZINC26OCT400PE,ZINC,23OCT2026,40000.000000,1,OPTFUT,NCO,1.000000,20,False
130384,SILVERM27JAN334000PE,SILVERM,21JAN2027,33400000.000000,1,OPTFUT,NCO,50.000000,120,False
130404,GOLD27APR166900CE,GOLD,28APR2027,16690000.000000,1,OPTFUT,NCO,50.000000,10,False
130411,SILVERM27MAY260750CE,SILVERM,24MAY2027,26075000.000000,1,OPTFUT,NCO,50.000000,120,False
130439,SILVERM27JAN334750PE,SILVERM,21JAN2027,33475000.000000,1,OPTFUT,NCO,50.000000,120,False
130489,COPPER26SEP1245CE,COPPER,23SEP2026,124500.000000,1,OPTFUT,NCO,1.000000,70,False
130497,COPPER26SEP1245PE,COPPER,23SEP2026,124500.000000,1,OPTFUT,NCO,1.000000,70,False
130514,GOLD27APR167500CE,GOLD,28APR2027,16750000.000000,1,OPTFUT,NCO,50.000000,10,False
130516,SILVERM27JAN335000PE,SILVERM,21JAN2027,33500000.000000,1,OPTFUT,NCO,50.000000,120,False
130524,ZINC26OCT382.5CE,ZINC,23OCT2026,38250.000000,1,OPTFUT,NCO,1.000000,20,False
130536,GOLD27APR167700CE,GOLD,28APR2027,16770000.000000,1,OPTFUT,NCO,50.000000,10,False
130550,ZINC26OCT390CE,ZINC,23OCT2026,39000.000000,1,OPTFUT,NCO,1.000000,20,False
130556,NATURALGAS26OCT345CE,NATURALGAS,21OCT2026,34500.000000,1,OPTFUT,NCO,5.000000,48,False
130563,ZINC26DEC452.5CE,ZINC,23DEC2026,45250.000000,1,OPTFUT,NCO,1.000000,20,False
130564,ZINC26DEC452.5PE,ZINC,23DEC2026,45250.000000,1,OPTFUT,NCO,1.000000,20,False
130565,ZINC26DEC455CE,ZINC,23DEC2026,45500.000000,1,OPTFUT,NCO,1.000000,20,False
130566,ZINC26DEC455PE,ZINC,23DEC2026,45500.000000,1,OPTFUT,NCO,1.000000,20,False
130684,GOLD27APR168900CE,GOLD,28APR2027,16890000.000000,1,OPTFUT,NCO,50.000000,10,False
130708,GOLD27APR169900PE,GOLD,28APR2027,16990000.000000,1,OPTFUT,NCO,50.000000,10,False
130710,GOLD27FEB168600PE,GOLD,26FEB2027,16860000.000000,1,OPTFUT,NCO,50.000000,10,False
130730,SILVERM27MAY262500PE,SILVERM,24MAY2027,26250000.000000,1,OPTFUT,NCO,50.000000,120,False
130733,COPPER26SEP1270PE,COPPER,23SEP2026,127000.000000,1,OPTFUT,NCO,1.000000,70,False
130737,GOLD27JUL163400PE,GOLD,29JUL2027,16340000.000000,1,OPTFUT,NCO,50.000000,10,False
130754,GOLD27APR170400CE,GOLD,28APR2027,17040000.000000,1,OPTFUT,NCO,50.000000,10,False
130765,GOLD27APR170900PE,GOLD,28APR2027,17090000.000000,1,OPTFUT,NCO,50.000000,10,False
130768,GOLD27APR171100CE,GOLD,28APR2027,17110000.000000,1,OPTFUT,NCO,50.000000,10,False
130773,GOLD27APR171300PE,GOLD,28APR2027,17130000.000000,1,OPTFUT,NCO,50.000000,10,False
130775,GOLD27APR171400PE,GOLD,28APR2027,17140000.000000,1,OPTFUT,NCO,50.000000,10,False
130797,GOLD27APR171900CE,GOLD,28APR2027,17190000.000000,1,OPTFUT,NCO,50.000000,10,False
130802,GOLD27APR172100PE,GOLD,28APR2027,17210000.000000,1,OPTFUT,NCO,50.000000,10,False
130803,GOLD27APR172200CE,GOLD,28APR2027,17220000.000000,1,OPTFUT,NCO,50.000000,10,False
130813,SILVERM26SEP144750PE,SILVERM,23SEP2026,14475000.000000,1,OPTFUT,NCO,50.000000,120,False
130820,SILVERM26SEP145750CE,SILVERM,23SEP2026,14575000.000000,1,OPTFUT,NCO,50.000000,120,False
130828,SILVERM27MAY264250PE,SILVERM,24MAY2027,26425000.000000,1,OPTFUT,NCO,50.000000,120,False
130845,GOLD27MAR144100PE,GOLD,29MAR2027,14410000.000000,1,OPTFUT,NCO,50.000000,10,False
130847,GOLD27MAR144200PE,GOLD,29MAR2027,14420000.000000,1,OPTFUT,NCO,50.000000,10,False
130855,GOLD27MAR144600PE,GOLD,29MAR2027,14460000.000000,1,OPTFUT,NCO,50.000000,10,False
130857,GOLD27MAR144700PE,GOLD,29MAR2027,14470000.000000,1,OPTFUT,NCO,50.000000,10,False
130869,GOLD27MAR145300PE,GOLD,29MAR2027,14530000.000000,1,OPTFUT,NCO,50.000000,10,False
130889,GOLDM26SEP154900PE,GOLDM,25SEP2026,15490000.000000,1,OPTFUT,NCO,50.000000,100,False
130894,ZINC26OCT390PE,ZINC,23OCT2026,39000.000000,1,OPTFUT,NCO,1.000000,20,False
130913,GOLD26DEC141900PE,GOLD,29DEC2026,14190000.000000,1,OPTFUT,NCO,50.000000,10,False
130919,GOLD26DEC142200PE,GOLD,29DEC2026,14220000.000000,1,OPTFUT,NCO,50.000000,10,False
130927,SILVERM27JAN336000CE,SILVERM,21JAN2027,33600000.000000,1,OPTFUT,NCO,50.000000,120,False
130950,SILVERM27JAN338750PE,SILVERM,21JAN2027,33875000.000000,1,OPTFUT,NCO,50.000000,120,False
130979,GOLD27FEB170500PE,GOLD,26FEB2027,17050000.000000,1,OPTFUT,NCO,50.000000,10,False
130980,GOLD27FEB170600CE,GOLD,26FEB2027,17060000.000000,1,OPTFUT,NCO,50.000000,10,False
130981,GOLD27FEB170600PE,GOLD,26FEB2027,17060000.000000,1,OPTFUT,NCO,50.000000,10,False
131010,GOLD27MAR152000PE,GOLD,29MAR2027,15200000.000000,1,OPTFUT,NCO,50.000000,10,False
131014,GOLD27JUN147900PE,GOLD,28JUN2027,14790000.000000,1,OPTFUT,NCO,50.000000,10,False
131031,GOLDM26SEP143200CE,GOLDM,25SEP2026,14320000.000000,1,OPTFUT,NCO,50.000000,100,False
131033,GOLDM26SEP143300CE,GOLDM,25SEP2026,14330000.000000,1,OPTFUT,NCO,50.000000,100,False
131034,GOLDM26SEP143300PE,GOLDM,25SEP2026,14330000.000000,1,OPTFUT,NCO,50.000000,100,False
131052,GOLDM26SEP144200PE,GOLDM,25SEP2026,14420000.000000,1,OPTFUT,NCO,50.000000,100,False
131054,GOLDM26SEP144300PE,GOLDM,25SEP2026,14430000.000000,1,OPTFUT,NCO,50.000000,100,False
131083,GOLD27MAR152500PE,GOLD,29MAR2027,15250000.000000,1,OPTFUT,NCO,50.000000,10,False
131095,GOLD27APR152700PE,GOLD,28APR2027,15270000.000000,1,OPTFUT,NCO,50.000000,10,False
131110,GOLD27JUN148500PE,GOLD,28JUN2027,14850000.000000,1,OPTFUT,NCO,50.000000,10,False
131111,GOLD27JUN148600CE,GOLD,28JUN2027,14860000.000000,1,OPTFUT,NCO,50.000000,10,False
131122,GOLD27JUN149100PE,GOLD,28JUN2027,14910000.000000,1,OPTFUT,NCO,50.000000,10,False
131125,GOLD27JUN149300CE,GOLD,28JUN2027,14930000.000000,1,OPTFUT,NCO,50.000000,10,False
131143,GOLDM26SEP155400PE,GOLDM,25SEP2026,15540000.000000,1,OPTFUT,NCO,50.000000,100,False
131166,GOLDM26OCT155900CE,GOLDM,29OCT2026,15590000.000000,1,OPTFUT,NCO,50.000000,100,False
131167,GOLDM26OCT155900PE,GOLDM,29OCT2026,15590000.000000,1,OPTFUT,NCO,50.000000,100,False
131218,SILVERM26SEP147500CE,SILVERM,23SEP2026,14750000.000000,1,OPTFUT,NCO,50.000000,120,False
131219,SILVERM26SEP147500PE,SILVERM,23SEP2026,14750000.000000,1,OPTFUT,NCO,50.000000,120,False
131226,SILVERM26SEP148500CE,SILVERM,23SEP2026,14850000.000000,1,OPTFUT,NCO,50.000000,120,False
131227,SILVERM26SEP148500PE,SILVERM,23SEP2026,14850000.000000,1,OPTFUT,NCO,50.000000,120,False
131230,SILVERM26SEP149000CE,SILVERM,23SEP2026,14900000.000000,1,OPTFUT,NCO,50.000000,120,False
131232,SILVERM26SEP149250CE,SILVERM,23SEP2026,14925000.000000,1,OPTFUT,NCO,50.000000,120,False
131242,GOLDM26OCT156200CE,GOLDM,29OCT2026,15620000.000000,1,OPTFUT,NCO,50.000000,100,False
131283,SILVERM26SEP201000PE,SILVERM,23SEP2026,20100000.000000,1,OPTFUT,NCO,50.000000,120,False
131286,SILVERM26SEP201500CE,SILVERM,23SEP2026,20150000.000000,1,OPTFUT,NCO,50.000000,120,False
131298,SILVERM26SEP203000CE,SILVERM,23SEP2026,20300000.000000,1,OPTFUT,NCO,50.000000,120,False
131308,SILVERM26OCT201500CE,SILVERM,23OCT2026,20150000.000000,1,OPTFUT,NCO,50.000000,120,False
131317,SILVERM26OCT201750PE,SILVERM,23OCT2026,20175000.000000,1,OPTFUT,NCO,50.000000,120,False
131328,SILVERM26OCT203250CE,SILVERM,23OCT2026,20325000.000000,1,OPTFUT,NCO,50.000000,120,False
131338,GOLD27MAR145800PE,GOLD,29MAR2027,14580000.000000,1,OPTFUT,NCO,50.000000,10,False
131358,SILVERM27MAR222250PE,SILVERM,24MAR2027,22225000.000000,1,OPTFUT,NCO,50.000000,120,False
131370,GOLDM26SEP142200PE,GOLDM,25SEP2026,14220000.000000,1,OPTFUT,NCO,50.000000,100,False
131384,GOLD27MAR146100PE,GOLD,29MAR2027,14610000.000000,1,OPTFUT,NCO,50.000000,10,False
131394,SILVERM27JUL253500PE,SILVERM,23JUL2027,25350000.000000,1,OPTFUT,NCO,50.000000,120,False
131412,SILVERM26SEP151750CE,SILVERM,23SEP2026,15175000.000000,1,OPTFUT,NCO,50.000000,120,False
131418,SILVERM26SEP152500CE,SILVERM,23SEP2026,15250000.000000,1,OPTFUT,NCO,50.000000,120,False
131428,SILVERM26SEP153750CE,SILVERM,23SEP2026,15375000.000000,1,OPTFUT,NCO,50.000000,120,False
131444,SILVERM26OCT205000CE,SILVERM,23OCT2026,20500000.000000,1,OPTFUT,NCO,50.000000,120,False
131452,SILVERM26NOV203250CE,SILVERM,23NOV2026,20325000.000000,1,OPTFUT,NCO,50.000000,120,False
131468,SILVERM26NOV205250CE,SILVERM,23NOV2026,20525000.000000,1,OPTFUT,NCO,50.000000,120,False
131477,GOLD27FEB171800CE,GOLD,26FEB2027,17180000.000000,1,OPTFUT,NCO,50.000000,10,False
131480,GOLD27FEB171900PE,GOLD,26FEB2027,17190000.000000,1,OPTFUT,NCO,50.000000,10,False
131506,GOLD26DEC143500CE,GOLD,29DEC2026,14350000.000000,1,OPTFUT,NCO,50.000000,10,False
131541,SILVERM27JAN343250CE,SILVERM,21JAN2027,34325000.000000,1,OPTFUT,NCO,50.000000,120,False
131560,GOLD27FEB173100PE,GOLD,26FEB2027,17310000.000000,1,OPTFUT,NCO,50.000000,10,False
131563,GOLD27FEB173300CE,GOLD,26FEB2027,17330000.000000,1,OPTFUT,NCO,50.000000,10,False
131566,GOLD27FEB173400PE,GOLD,26FEB2027,17340000.000000,1,OPTFUT,NCO,50.000000,10,False
131571,SILVERM27APR223000CE,SILVERM,23APR2027,22300000.000000,1,OPTFUT,NCO,50.000000,120,False
131575,SILVERM27APR223500CE,SILVERM,23APR2027,22350000.000000,1,OPTFUT,NCO,50.000000,120,False
131577,SILVERM27APR223750CE,SILVERM,23APR2027,22375000.000000,1,OPTFUT,NCO,50.000000,120,False
131580,SILVERM27APR224000PE,SILVERM,23APR2027,22400000.000000,1,OPTFUT,NCO,50.000000,120,False
131588,SILVERM27MAY225000PE,SILVERM,24MAY2027,22500000.000000,1,OPTFUT,NCO,50.000000,120,False
131630,GOLD27MAY153000CE,GOLD,28MAY2027,15300000.000000,1,OPTFUT,NCO,50.000000,10,False
131593,SILVERM27JUN225500CE,SILVERM,23JUN2027,22550000.000000,1,OPTFUT,NCO,50.000000,120,False
131605,GOLDM26SEP142600CE,GOLDM,25SEP2026,14260000.000000,1,OPTFUT,NCO,50.000000,100,False
131628,GOLD27APR153400CE,GOLD,28APR2027,15340000.000000,1,OPTFUT,NCO,50.000000,10,False
131633,GOLD27MAY153100PE,GOLD,28MAY2027,15310000.000000,1,OPTFUT,NCO,50.000000,10,False
131634,GOLD27MAY153200CE,GOLD,28MAY2027,15320000.000000,1,OPTFUT,NCO,50.000000,10,False
131642,GOLD27MAY153600CE,GOLD,28MAY2027,15360000.000000,1,OPTFUT,NCO,50.000000,10,False
131681,SILVERM27JUN228000CE,SILVERM,23JUN2027,22800000.000000,1,OPTFUT,NCO,50.000000,120,False
131694,SILVERM27JUL255000PE,SILVERM,23JUL2027,25500000.000000,1,OPTFUT,NCO,50.000000,120,False
131755,SILVERM26SEP156500PE,SILVERM,23SEP2026,15650000.000000,1,OPTFUT,NCO,50.000000,120,False
131769,GOLD27MAY154300PE,GOLD,28MAY2027,15430000.000000,1,OPTFUT,NCO,50.000000,10,False
131771,GOLD27MAY154400PE,GOLD,28MAY2027,15440000.000000,1,OPTFUT,NCO,50.000000,10,False
131772,GOLD27MAY154500CE,GOLD,28MAY2027,15450000.000000,1,OPTFUT,NCO,50.000000,10,False
131778,GOLD27MAY154800CE,GOLD,28MAY2027,15480000.000000,1,OPTFUT,NCO,50.000000,10,False
131781,GOLD27MAY154900PE,GOLD,28MAY2027,15490000.000000,1,OPTFUT,NCO,50.000000,10,False
131784,GOLD27MAY155100CE,GOLD,28MAY2027,15510000.000000,1,OPTFUT,NCO,50.000000,10,False
131785,GOLD27MAY155100PE,GOLD,28MAY2027,15510000.000000,1,OPTFUT,NCO,50.000000,10,False
131796,GOLD27MAY155700CE,GOLD,28MAY2027,15570000.000000,1,OPTFUT,NCO,50.000000,10,False
131799,GOLD27MAY155800PE,GOLD,28MAY2027,15580000.000000,1,OPTFUT,NCO,50.000000,10,False
131815,GOLDM26SEP140600CE,GOLDM,25SEP2026,14060000.000000,1,OPTFUT,NCO,50.000000,100,False
131824,GOLDM26SEP141000PE,GOLDM,25SEP2026,14100000.000000,1,OPTFUT,NCO,50.000000,100,False
131832,ZINC26OCT407.5PE,ZINC,23OCT2026,40750.000000,1,OPTFUT,NCO,1.000000,20,False
131842,GOLD27MAY156000PE,GOLD,28MAY2027,15600000.000000,1,OPTFUT,NCO,50.000000,10,False
131845,SILVER26DEC261500CE,SILVER,01DEC2026,26150000.000000,1,OPTBLN,NCO,50.000000,20,False
131859,GOLD27MAY156100CE,GOLD,28MAY2027,15610000.000000,1,OPTFUT,NCO,50.000000,10,False
131878,SILVERM27APR222750PE,SILVERM,23APR2027,22275000.000000,1,OPTFUT,NCO,50.000000,120,False
131905,GOLD27MAY156600PE,GOLD,28MAY2027,15660000.000000,1,OPTFUT,NCO,50.000000,10,False
131906,GOLD27MAY156700CE,GOLD,28MAY2027,15670000.000000,1,OPTFUT,NCO,50.000000,10,False
131938,GOLD27APR145000PE,GOLD,28APR2027,14500000.000000,1,OPTFUT,NCO,50.000000,10,False
131951,GOLD26DEC144400CE,GOLD,29DEC2026,14440000.000000,1,OPTFUT,NCO,50.000000,10,False
131953,GOLD26DEC144500CE,GOLD,29DEC2026,14450000.000000,1,OPTFUT,NCO,50.000000,10,False
131959,SILVERM27JAN344000CE,SILVERM,21JAN2027,34400000.000000,1,OPTFUT,NCO,50.000000,120,False
131976,GOLD27JUL163800CE,GOLD,29JUL2027,16380000.000000,1,OPTFUT,NCO,50.000000,10,False
131979,SILVER26DEC191250CE,SILVER,01DEC2026,19125000.000000,1,OPTBLN,NCO,50.000000,20,False
131981,SILVER26DEC191500CE,SILVER,01DEC2026,19150000.000000,1,OPTBLN,NCO,50.000000,20,False
131983,GOLD27JUL163900PE,GOLD,29JUL2027,16390000.000000,1,OPTFUT,NCO,50.000000,10,False
131984,GOLD27JUL164000CE,GOLD,29JUL2027,16400000.000000,1,OPTFUT,NCO,50.000000,10,False
132001,GOLD26DEC144900CE,GOLD,29DEC2026,14490000.000000,1,OPTFUT,NCO,50.000000,10,False
132013,GOLD27JUL164800PE,GOLD,29JUL2027,16480000.000000,1,OPTFUT,NCO,50.000000,10,False
132054,SILVER26DEC192000CE,SILVER,01DEC2026,19200000.000000,1,OPTBLN,NCO,50.000000,20,False
132056,SILVER26DEC192250CE,SILVER,01DEC2026,19225000.000000,1,OPTBLN,NCO,50.000000,20,False
132057,SILVER26DEC192250PE,SILVER,01DEC2026,19225000.000000,1,OPTBLN,NCO,50.000000,20,False
132059,SILVER26DEC192500PE,SILVER,01DEC2026,19250000.000000,1,OPTBLN,NCO,50.000000,20,False
132069,GOLDM26SEP156800CE,GOLDM,25SEP2026,15680000.000000,1,OPTFUT,NCO,50.000000,100,False
132087,GOLDM26OCT157000CE,GOLDM,29OCT2026,15700000.000000,1,OPTFUT,NCO,50.000000,100,False
132092,GOLDM26OCT157200PE,GOLDM,29OCT2026,15720000.000000,1,OPTFUT,NCO,50.000000,100,False
132107,SILVERM27JUN255500CE,SILVERM,23JUN2027,25550000.000000,1,OPTFUT,NCO,50.000000,120,False
132112,SILVERM27JUN256000PE,SILVERM,23JUN2027,25600000.000000,1,OPTFUT,NCO,50.000000,120,False
132124,SILVERM27JUL255500PE,SILVERM,23JUL2027,25550000.000000,1,OPTFUT,NCO,50.000000,120,False
132127,SILVERM27JUL256000CE,SILVERM,23JUL2027,25600000.000000,1,OPTFUT,NCO,50.000000,120,False
132142,SILVERM27FEB275500PE,SILVERM,19FEB2027,27550000.000000,1,OPTFUT,NCO,50.000000,120,False
132143,SILVERM27FEB275750CE,SILVERM,19FEB2027,27575000.000000,1,OPTFUT,NCO,50.000000,120,False
132145,SILVERM27FEB276000CE,SILVERM,19FEB2027,27600000.000000,1,OPTFUT,NCO,50.000000,120,False
132146,SILVERM27FEB276000PE,SILVERM,19FEB2027,27600000.000000,1,OPTFUT,NCO,50.000000,120,False
132177,GOLD27JUN147100CE,GOLD,28JUN2027,14710000.000000,1,OPTFUT,NCO,50.000000,10,False
132182,GOLDM26SEP140100PE,GOLDM,25SEP2026,14010000.000000,1,OPTFUT,NCO,50.000000,100,False
132184,SILVERM27JUL256750CE,SILVERM,23JUL2027,25675000.000000,1,OPTFUT,NCO,50.000000,120,False
132187,SILVERM27JUL257000PE,SILVERM,23JUL2027,25700000.000000,1,OPTFUT,NCO,50.000000,120,False
132188,SILVERM27JUL257250CE,SILVERM,23JUL2027,25725000.000000,1,OPTFUT,NCO,50.000000,120,False
132238,GOLD27APR145500PE,GOLD,28APR2027,14550000.000000,1,OPTFUT,NCO,50.000000,10,False
132250,GOLD27APR146100PE,GOLD,28APR2027,14610000.000000,1,OPTFUT,NCO,50.000000,10,False
132254,GOLD27APR146300PE,GOLD,28APR2027,14630000.000000,1,OPTFUT,NCO,50.000000,10,False
132268,GOLD27JUN164200CE,GOLD,28JUN2027,16420000.000000,1,OPTFUT,NCO,50.000000,10,False
132277,GOLD27JUN164600PE,GOLD,28JUN2027,16460000.000000,1,OPTFUT,NCO,50.000000,10,False
132331,GOLDM26SEP157200CE,GOLDM,25SEP2026,15720000.000000,1,OPTFUT,NCO,50.000000,100,False
132333,GOLDM26SEP157300CE,GOLDM,25SEP2026,15730000.000000,1,OPTFUT,NCO,50.000000,100,False
132352,GOLDM26SEP140400CE,GOLDM,25SEP2026,14040000.000000,1,OPTFUT,NCO,50.000000,100,False
132366,GOLDM26OCT157800CE,GOLDM,29OCT2026,15780000.000000,1,OPTFUT,NCO,50.000000,100,False
132396,GOLD26SEP140400CE,GOLD,25SEP2026,14040000.000000,1,OPTFUT,NCO,50.000000,10,False
132401,GOLD26SEP140600PE,GOLD,25SEP2026,14060000.000000,1,OPTFUT,NCO,50.000000,10,False
132418,GOLD26OCT139200CE,GOLD,29OCT2026,13920000.000000,1,OPTFUT,NCO,50.000000,10,False
132427,GOLD26DEC145500PE,GOLD,29DEC2026,14550000.000000,1,OPTFUT,NCO,50.000000,10,False
132429,GOLD26DEC145600PE,GOLD,29DEC2026,14560000.000000,1,OPTFUT,NCO,50.000000,10,False
132453,SILVERM27JAN347750CE,SILVERM,21JAN2027,34775000.000000,1,OPTFUT,NCO,50.000000,120,False
132455,SILVERM27JAN348000CE,SILVERM,21JAN2027,34800000.000000,1,OPTFUT,NCO,50.000000,120,False
132474,SILVERM27MAR221000PE,SILVERM,24MAR2027,22100000.000000,1,OPTFUT,NCO,50.000000,120,False
132480,SILVERM27APR220250PE,SILVERM,23APR2027,22025000.000000,1,OPTFUT,NCO,50.000000,120,False
132481,SILVERM27APR220500CE,SILVERM,23APR2027,22050000.000000,1,OPTFUT,NCO,50.000000,120,False
132483,SILVERM27APR220750CE,SILVERM,23APR2027,22075000.000000,1,OPTFUT,NCO,50.000000,120,False
132489,SILVERM27APR221500CE,SILVERM,23APR2027,22150000.000000,1,OPTFUT,NCO,50.000000,120,False
132491,SILVERM27APR221750CE,SILVERM,23APR2027,22175000.000000,1,OPTFUT,NCO,50.000000,120,False
132496,SILVERM27APR222250PE,SILVERM,23APR2027,22225000.000000,1,OPTFUT,NCO,50.000000,120,False
132499,SILVERM27MAY221500CE,SILVERM,24MAY2027,22150000.000000,1,OPTFUT,NCO,50.000000,120,False
132550,SILVERM27MAY222500PE,SILVERM,24MAY2027,22250000.000000,1,OPTFUT,NCO,50.000000,120,False
132554,SILVERM27MAY223000PE,SILVERM,24MAY2027,22300000.000000,1,OPTFUT,NCO,50.000000,120,False
132576,COPPER26SEP1480PE,COPPER,23SEP2026,148000.000000,1,OPTFUT,NCO,1.000000,70,False
132589,COPPER26OCT1480CE,COPPER,23OCT2026,148000.000000,1,OPTFUT,NCO,1.000000,70,False
132625,GOLD26OCT139700PE,GOLD,29OCT2026,13970000.000000,1,OPTFUT,NCO,50.000000,10,False
132629,GOLD26OCT139900PE,GOLD,29OCT2026,13990000.000000,1,OPTFUT,NCO,50.000000,10,False
132639,GOLD26OCT140400PE,GOLD,29OCT2026,14040000.000000,1,OPTFUT,NCO,50.000000,10,False
132650,GOLD26OCT141000CE,GOLD,29OCT2026,14100000.000000,1,OPTFUT,NCO,50.000000,10,False
132657,GOLD26OCT141300PE,GOLD,29OCT2026,14130000.000000,1,OPTFUT,NCO,50.000000,10,False
132659,GOLD26OCT141400PE,GOLD,29OCT2026,14140000.000000,1,OPTFUT,NCO,50.000000,10,False
132661,GOLD26OCT141500PE,GOLD,29OCT2026,14150000.000000,1,OPTFUT,NCO,50.000000,10,False
132662,GOLD26OCT141600CE,GOLD,29OCT2026,14160000.000000,1,OPTFUT,NCO,50.000000,10,False
132665,GOLD26OCT141700PE,GOLD,29OCT2026,14170000.000000,1,OPTFUT,NCO,50.000000,10,False
132692,GOLD26NOV140200CE,GOLD,27NOV2026,14020000.000000,1,OPTFUT,NCO,50.000000,10,False
132673,GOLD26NOV139200PE,GOLD,27NOV2026,13920000.000000,1,OPTFUT,NCO,50.000000,10,False
132681,GOLD26NOV139600PE,GOLD,27NOV2026,13960000.000000,1,OPTFUT,NCO,50.000000,10,False
132682,GOLD26NOV139700CE,GOLD,27NOV2026,13970000.000000,1,OPTFUT,NCO,50.000000,10,False
132698,GOLD26NOV140500CE,GOLD,27NOV2026,14050000.000000,1,OPTFUT,NCO,50.000000,10,False
132706,COPPER26OCT1495PE,COPPER,23OCT2026,149500.000000,1,OPTFUT,NCO,1.000000,70,False
132714,COPPER26NOV1475PE,COPPER,23NOV2026,147500.000000,1,OPTFUT,NCO,1.000000,70,False
132716,COPPER26NOV1480PE,COPPER,23NOV2026,148000.000000,1,OPTFUT,NCO,1.000000,70,False
132717,COPPER26NOV1485CE,COPPER,23NOV2026,148500.000000,1,OPTFUT,NCO,1.000000,70,False
132720,SILVERM27JUN223750PE,SILVERM,23JUN2027,22375000.000000,1,OPTFUT,NCO,50.000000,120,False
132724,SILVERM27JUN224250PE,SILVERM,23JUN2027,22425000.000000,1,OPTFUT,NCO,50.000000,120,False
132726,SILVERM27JUN224500PE,SILVERM,23JUN2027,22450000.000000,1,OPTFUT,NCO,50.000000,120,False
132728,CRUDEOILM27JANFUT,CRUDEOILM,19JAN2027,-1.000000,1,FUTENR,NCO,100.000000,1000,False
132751,GOLD27APR146700CE,GOLD,28APR2027,14670000.000000,1,OPTFUT,NCO,50.000000,10,False
132778,CRUDEOIL26OCT5750PE,CRUDEOIL,08OCT2026,575000.000000,1,OPTFUT,NCO,10.000000,100,False
132779,CRUDEOIL26OCT5800CE,CRUDEOIL,08OCT2026,580000.000000,1,OPTFUT,NCO,10.000000,100,False
132781,CRUDEOIL26OCT5850CE,CRUDEOIL,08OCT2026,585000.000000,1,OPTFUT,NCO,10.000000,100,False
132793,GOLD26NOV141000PE,GOLD,27NOV2026,14100000.000000,1,OPTFUT,NCO,50.000000,10,False
132798,GOLD26NOV141300CE,GOLD,27NOV2026,14130000.000000,1,OPTFUT,NCO,50.000000,10,False
132801,GOLD26NOV141400PE,GOLD,27NOV2026,14140000.000000,1,OPTFUT,NCO,50.000000,10,False
132805,GOLD26DEC146200PE,GOLD,29DEC2026,14620000.000000,1,OPTFUT,NCO,50.000000,10,False
132816,GOLD26NOV142000CE,GOLD,27NOV2026,14200000.000000,1,OPTFUT,NCO,50.000000,10,False
132820,GOLD26NOV142200CE,GOLD,27NOV2026,14220000.000000,1,OPTFUT,NCO,50.000000,10,False
132835,CRUDEOIL26OCT6050CE,CRUDEOIL,08OCT2026,605000.000000,1,OPTFUT,NCO,10.000000,100,False
132839,CRUDEOIL26OCT6150CE,CRUDEOIL,08OCT2026,615000.000000,1,OPTFUT,NCO,10.000000,100,False
132847,SILVERM27APR241500CE,SILVERM,23APR2027,24150000.000000,1,OPTFUT,NCO,50.000000,120,False
132851,CRUDEOIL26OCT6250PE,CRUDEOIL,08OCT2026,625000.000000,1,OPTFUT,NCO,10.000000,100,False
132852,CRUDEOIL26OCT6300CE,CRUDEOIL,08OCT2026,630000.000000,1,OPTFUT,NCO,10.000000,100,False
132862,CRUDEOIL26OCT6550CE,CRUDEOIL,08OCT2026,655000.000000,1,OPTFUT,NCO,10.000000,100,False
132864,CRUDEOIL26OCT6600CE,CRUDEOIL,08OCT2026,660000.000000,1,OPTFUT,NCO,10.000000,100,False
132889,GOLD27JAN160000CE,GOLD,29JAN2027,16000000.000000,1,OPTFUT,NCO,50.000000,10,False
132898,CRUDEOIL26OCT6950CE,CRUDEOIL,08OCT2026,695000.000000,1,OPTFUT,NCO,10.000000,100,False
132900,CRUDEOIL26OCT7000CE,CRUDEOIL,08OCT2026,700000.000000,1,OPTFUT,NCO,10.000000,100,False
132906,CRUDEOIL26OCT7150CE,CRUDEOIL,08OCT2026,715000.000000,1,OPTFUT,NCO,10.000000,100,False
132917,CRUDEOIL26OCT7400PE,CRUDEOIL,08OCT2026,740000.000000,1,OPTFUT,NCO,10.000000,100,False
132924,CRUDEOIL26OCT7600CE,CRUDEOIL,08OCT2026,760000.000000,1,OPTFUT,NCO,10.000000,100,False
132949,CRUDEOIL26NOV6400PE,CRUDEOIL,10NOV2026,640000.000000,1,OPTFUT,NCO,10.000000,100,False
132983,CRUDEOIL26OCT7950PE,CRUDEOIL,08OCT2026,795000.000000,1,OPTFUT,NCO,10.000000,100,False
132990,CRUDEOIL26OCT8150CE,CRUDEOIL,08OCT2026,815000.000000,1,OPTFUT,NCO,10.000000,100,False
132994,CRUDEOIL26OCT8250CE,CRUDEOIL,08OCT2026,825000.000000,1,OPTFUT,NCO,10.000000,100,False
132996,CRUDEOIL26OCT8300CE,CRUDEOIL,08OCT2026,830000.000000,1,OPTFUT,NCO,10.000000,100,False
132999,CRUDEOIL26OCT8350PE,CRUDEOIL,08OCT2026,835000.000000,1,OPTFUT,NCO,10.000000,100,False
133006,CRUDEOIL26NOV6750CE,CRUDEOIL,10NOV2026,675000.000000,1,OPTFUT,NCO,10.000000,100,False
133009,CRUDEOIL26NOV6800PE,CRUDEOIL,10NOV2026,680000.000000,1,OPTFUT,NCO,10.000000,100,False
133018,CRUDEOIL26NOV7050CE,CRUDEOIL,10NOV2026,705000.000000,1,OPTFUT,NCO,10.000000,100,False
133022,CRUDEOIL26NOV7150CE,CRUDEOIL,10NOV2026,715000.000000,1,OPTFUT,NCO,10.000000,100,False
133057,CRUDEOIL26OCT8600PE,CRUDEOIL,08OCT2026,860000.000000,1,OPTFUT,NCO,10.000000,100,False
133064,CRUDEOIL26OCT8800CE,CRUDEOIL,08OCT2026,880000.000000,1,OPTFUT,NCO,10.000000,100,False
133071,GOLD27JAN160300CE,GOLD,29JAN2027,16030000.000000,1,OPTFUT,NCO,50.000000,10,False
133083,GOLD27JAN160900CE,GOLD,29JAN2027,16090000.000000,1,OPTFUT,NCO,50.000000,10,False
133098,GOLD27JAN161600PE,GOLD,29JAN2027,16160000.000000,1,OPTFUT,NCO,50.000000,10,False
133102,GOLD27JAN161800PE,GOLD,29JAN2027,16180000.000000,1,OPTFUT,NCO,50.000000,10,False
133112,SILVERM27APR245000CE,SILVERM,23APR2027,24500000.000000,1,OPTFUT,NCO,50.000000,120,False
133114,GOLD27APR147200CE,GOLD,28APR2027,14720000.000000,1,OPTFUT,NCO,50.000000,10,False
133120,CRUDEOIL26NOV7250PE,CRUDEOIL,10NOV2026,725000.000000,1,OPTFUT,NCO,10.000000,100,False
133124,GOLD27JAN162200PE,GOLD,29JAN2027,16220000.000000,1,OPTFUT,NCO,50.000000,10,False
133126,GOLD27JAN162300PE,GOLD,29JAN2027,16230000.000000,1,OPTFUT,NCO,50.000000,10,False
133128,GOLD27JAN162400PE,GOLD,29JAN2027,16240000.000000,1,OPTFUT,NCO,50.000000,10,False
133133,GOLD27JAN162700CE,GOLD,29JAN2027,16270000.000000,1,OPTFUT,NCO,50.000000,10,False
133139,GOLD27JAN163000CE,GOLD,29JAN2027,16300000.000000,1,OPTFUT,NCO,50.000000,10,False
133149,CRUDEOIL26OCT8950CE,CRUDEOIL,08OCT2026,895000.000000,1,OPTFUT,NCO,10.000000,100,False
133159,CRUDEOIL26OCT9100CE,CRUDEOIL,08OCT2026,910000.000000,1,OPTFUT,NCO,10.000000,100,False
133171,CRUDEOIL26OCT9400CE,CRUDEOIL,08OCT2026,940000.000000,1,OPTFUT,NCO,10.000000,100,False
133177,CRUDEOIL26NOV7400PE,CRUDEOIL,10NOV2026,740000.000000,1,OPTFUT,NCO,10.000000,100,False
133178,CRUDEOIL26NOV7450CE,CRUDEOIL,10NOV2026,745000.000000,1,OPTFUT,NCO,10.000000,100,False
133191,CRUDEOIL26NOV7750PE,CRUDEOIL,10NOV2026,775000.000000,1,OPTFUT,NCO,10.000000,100,False
133201,CRUDEOIL26NOV7950CE,CRUDEOIL,10NOV2026,795000.000000,1,OPTFUT,NCO,10.000000,100,False
133205,CRUDEOIL26NOV8050CE,CRUDEOIL,10NOV2026,805000.000000,1,OPTFUT,NCO,10.000000,100,False
133209,CRUDEOIL26NOV8150CE,CRUDEOIL,10NOV2026,815000.000000,1,OPTFUT,NCO,10.000000,100,False
133214,CRUDEOIL26NOV8250PE,CRUDEOIL,10NOV2026,825000.000000,1,OPTFUT,NCO,10.000000,100,False
133239,SILVERM27MAR289000PE,SILVERM,24MAR2027,28900000.000000,1,OPTFUT,NCO,50.000000,120,False
133251,SILVERM27MAR290500PE,SILVERM,24MAR2027,29050000.000000,1,OPTFUT,NCO,50.000000,120,False
133261,SILVERM27MAR291750PE,SILVERM,24MAR2027,29175000.000000,1,OPTFUT,NCO,50.000000,120,False
133268,SILVERM27MAR292750CE,SILVERM,24MAR2027,29275000.000000,1,OPTFUT,NCO,50.000000,120,False
133270,SILVERM27MAR293000CE,SILVERM,24MAR2027,29300000.000000,1,OPTFUT,NCO,50.000000,120,False
133272,SILVERM27MAR293250CE,SILVERM,24MAR2027,29325000.000000,1,OPTFUT,NCO,50.000000,120,False
133287,SILVERM27MAR295000PE,SILVERM,24MAR2027,29500000.000000,1,OPTFUT,NCO,50.000000,120,False
133289,SILVERM27MAR295250PE,SILVERM,24MAR2027,29525000.000000,1,OPTFUT,NCO,50.000000,120,False
133294,SILVERM27MAR296000CE,SILVERM,24MAR2027,29600000.000000,1,OPTFUT,NCO,50.000000,120,False
133301,SILVERM27MAR296750PE,SILVERM,24MAR2027,29675000.000000,1,OPTFUT,NCO,50.000000,120,False
133328,SILVERM27MAR300250CE,SILVERM,24MAR2027,30025000.000000,1,OPTFUT,NCO,50.000000,120,False
133345,SILVERM27APR245750CE,SILVERM,23APR2027,24575000.000000,1,OPTFUT,NCO,50.000000,120,False
133349,SILVERM27APR246250CE,SILVERM,23APR2027,24625000.000000,1,OPTFUT,NCO,50.000000,120,False
133352,SILVERM27APR246500PE,SILVERM,23APR2027,24650000.000000,1,OPTFUT,NCO,50.000000,120,False
133355,SILVERM27APR247000CE,SILVERM,23APR2027,24700000.000000,1,OPTFUT,NCO,50.000000,120,False
133364,SILVERM27MAY242250PE,SILVERM,24MAY2027,24225000.000000,1,OPTFUT,NCO,50.000000,120,False
133374,GOLD27APR147400PE,GOLD,28APR2027,14740000.000000,1,OPTFUT,NCO,50.000000,10,False
133388,GOLD27MAY146000PE,GOLD,28MAY2027,14600000.000000,1,OPTFUT,NCO,50.000000,10,False
133393,GOLD27MAY146300CE,GOLD,28MAY2027,14630000.000000,1,OPTFUT,NCO,50.000000,10,False
133400,GOLD27MAY146600PE,GOLD,28MAY2027,14660000.000000,1,OPTFUT,NCO,50.000000,10,False
133403,CRUDEOIL26NOV8550CE,CRUDEOIL,10NOV2026,855000.000000,1,OPTFUT,NCO,10.000000,100,False
133408,CRUDEOIL26NOV8650PE,CRUDEOIL,10NOV2026,865000.000000,1,OPTFUT,NCO,10.000000,100,False
133410,CRUDEOIL26NOV8700PE,CRUDEOIL,10NOV2026,870000.000000,1,OPTFUT,NCO,10.000000,100,False
133421,CRUDEOIL26NOV9000CE,CRUDEOIL,10NOV2026,900000.000000,1,OPTFUT,NCO,10.000000,100,False
133426,CRUDEOIL26NOV9100PE,CRUDEOIL,10NOV2026,910000.000000,1,OPTFUT,NCO,10.000000,100,False
133427,CRUDEOIL26NOV9150CE,CRUDEOIL,10NOV2026,915000.000000,1,OPTFUT,NCO,10.000000,100,False
133429,CRUDEOIL26NOV9200CE,CRUDEOIL,10NOV2026,920000.000000,1,OPTFUT,NCO,10.000000,100,False
133468,SILVERM27MAR302750CE,SILVERM,24MAR2027,30275000.000000,1,OPTFUT,NCO,50.000000,120,False
133469,SILVERM27MAR302750PE,SILVERM,24MAR2027,30275000.000000,1,OPTFUT,NCO,50.000000,120,False
133475,GOLD27FEB166700PE,GOLD,26FEB2027,16670000.000000,1,OPTFUT,NCO,50.000000,10,False
133482,GOLD27FEB167100CE,GOLD,26FEB2027,16710000.000000,1,OPTFUT,NCO,50.000000,10,False
133489,GOLD27FEB167400PE,GOLD,26FEB2027,16740000.000000,1,OPTFUT,NCO,50.000000,10,False
133491,GOLD27FEB167500PE,GOLD,26FEB2027,16750000.000000,1,OPTFUT,NCO,50.000000,10,False
133497,GOLD27FEB167800PE,GOLD,26FEB2027,16780000.000000,1,OPTFUT,NCO,50.000000,10,False
133507,GOLD27JAN163600PE,GOLD,29JAN2027,16360000.000000,1,OPTFUT,NCO,50.000000,10,False
133513,GOLD27JAN163900PE,GOLD,29JAN2027,16390000.000000,1,OPTFUT,NCO,50.000000,10,False
133525,SILVERM27MAR303750PE,SILVERM,24MAR2027,30375000.000000,1,OPTFUT,NCO,50.000000,120,False
133527,SILVERM27MAR304000PE,SILVERM,24MAR2027,30400000.000000,1,OPTFUT,NCO,50.000000,120,False
133535,GOLD27FEB168300PE,GOLD,26FEB2027,16830000.000000,1,OPTFUT,NCO,50.000000,10,False
133537,GOLD27FEB168400PE,GOLD,26FEB2027,16840000.000000,1,OPTFUT,NCO,50.000000,10,False
133553,CRUDEOIL26NOV9300PE,CRUDEOIL,10NOV2026,930000.000000,1,OPTFUT,NCO,10.000000,100,False
133556,CRUDEOIL26NOV9400CE,CRUDEOIL,10NOV2026,940000.000000,1,OPTFUT,NCO,10.000000,100,False
133597,SILVERM27MAR305000CE,SILVERM,24MAR2027,30500000.000000,1,OPTFUT,NCO,50.000000,120,False
133602,SILVERM27MAR305500PE,SILVERM,24MAR2027,30550000.000000,1,OPTFUT,NCO,50.000000,120,False
133611,SILVERM27MAR306750CE,SILVERM,24MAR2027,30675000.000000,1,OPTFUT,NCO,50.000000,120,False
133612,SILVERM27MAR306750PE,SILVERM,24MAR2027,30675000.000000,1,OPTFUT,NCO,50.000000,120,False
133617,SILVERM27MAR307500CE,SILVERM,24MAR2027,30750000.000000,1,OPTFUT,NCO,50.000000,120,False
133621,SILVERM27MAR308000CE,SILVERM,24MAR2027,30800000.000000,1,OPTFUT,NCO,50.000000,120,False
133643,SILVERM27APR289250CE,SILVERM,23APR2027,28925000.000000,1,OPTFUT,NCO,50.000000,120,False
133651,SILVERM27APR290250CE,SILVERM,23APR2027,29025000.000000,1,OPTFUT,NCO,50.000000,120,False
133654,SILVERM27APR290500PE,SILVERM,23APR2027,29050000.000000,1,OPTFUT,NCO,50.000000,120,False
133687,SILVERM27APR293750CE,SILVERM,23APR2027,29375000.000000,1,OPTFUT,NCO,50.000000,120,False
133690,SILVERM27APR294000PE,SILVERM,23APR2027,29400000.000000,1,OPTFUT,NCO,50.000000,120,False
133696,SILVERM27APR294750PE,SILVERM,23APR2027,29475000.000000,1,OPTFUT,NCO,50.000000,120,False
133713,SILVERM27APR297000CE,SILVERM,23APR2027,29700000.000000,1,OPTFUT,NCO,50.000000,120,False
133714,SILVERM27APR297000PE,SILVERM,23APR2027,29700000.000000,1,OPTFUT,NCO,50.000000,120,False
133724,SILVERM27APR298250PE,SILVERM,23APR2027,29825000.000000,1,OPTFUT,NCO,50.000000,120,False
133729,SILVERM27MAY246000CE,SILVERM,24MAY2027,24600000.000000,1,OPTFUT,NCO,50.000000,120,False
133732,SILVERM27MAY246250PE,SILVERM,24MAY2027,24625000.000000,1,OPTFUT,NCO,50.000000,120,False
133747,SILVERM27MAY248250CE,SILVERM,24MAY2027,24825000.000000,1,OPTFUT,NCO,50.000000,120,False
133749,SILVERM27MAY248500CE,SILVERM,24MAY2027,24850000.000000,1,OPTFUT,NCO,50.000000,120,False
133758,SILVERM27FEB272750PE,SILVERM,19FEB2027,27275000.000000,1,OPTFUT,NCO,50.000000,120,False
133789,SILVERM27APR301000CE,SILVERM,23APR2027,30100000.000000,1,OPTFUT,NCO,50.000000,120,False
133815,SILVERM27APR304250CE,SILVERM,23APR2027,30425000.000000,1,OPTFUT,NCO,50.000000,120,False
133816,SILVERM27APR304250PE,SILVERM,23APR2027,30425000.000000,1,OPTFUT,NCO,50.000000,120,False
133824,SILVERM27APR305250PE,SILVERM,23APR2027,30525000.000000,1,OPTFUT,NCO,50.000000,120,False
133832,SILVERM27APR306250PE,SILVERM,23APR2027,30625000.000000,1,OPTFUT,NCO,50.000000,120,False
133835,SILVERM27APR306750CE,SILVERM,23APR2027,30675000.000000,1,OPTFUT,NCO,50.000000,120,False
133845,SILVERM27APR308000CE,SILVERM,23APR2027,30800000.000000,1,OPTFUT,NCO,50.000000,120,False
133861,SILVERM27APR310000CE,SILVERM,23APR2027,31000000.000000,1,OPTFUT,NCO,50.000000,120,False
133871,ZINC26SEP355CE,ZINC,23SEP2026,35500.000000,1,OPTFUT,NCO,1.000000,20,False
133875,COPPER26SEP1305CE,COPPER,23SEP2026,130500.000000,1,OPTFUT,NCO,1.000000,70,False
133889,GOLD27MAR150100CE,GOLD,29MAR2027,15010000.000000,1,OPTFUT,NCO,50.000000,10,False
133894,GOLD27MAR150300PE,GOLD,29MAR2027,15030000.000000,1,OPTFUT,NCO,50.000000,10,False
133895,GOLD27MAR150400CE,GOLD,29MAR2027,15040000.000000,1,OPTFUT,NCO,50.000000,10,False
133902,GOLD27MAR150700PE,GOLD,29MAR2027,15070000.000000,1,OPTFUT,NCO,50.000000,10,False
133908,GOLD27MAR151000PE,GOLD,29MAR2027,15100000.000000,1,OPTFUT,NCO,50.000000,10,False
133917,CRUDEOIL26OCT9650CE,CRUDEOIL,08OCT2026,965000.000000,1,OPTFUT,NCO,10.000000,100,False
133962,CRUDEOIL26NOV9550PE,CRUDEOIL,10NOV2026,955000.000000,1,OPTFUT,NCO,10.000000,100,False
133985,CRUDEOIL26NOV10150CE,CRUDEOIL,10NOV2026,1015000.000000,1,OPTFUT,NCO,10.000000,100,False
133993,CRUDEOIL26NOV10350CE,CRUDEOIL,10NOV2026,1035000.000000,1,OPTFUT,NCO,10.000000,100,False
134053,SILVERM27FEB274750CE,SILVERM,19FEB2027,27475000.000000,1,OPTFUT,NCO,50.000000,120,False
134067,SILVERM27APR310500CE,SILVERM,23APR2027,31050000.000000,1,OPTFUT,NCO,50.000000,120,False
134072,GOLD27MAR151200PE,GOLD,29MAR2027,15120000.000000,1,OPTFUT,NCO,50.000000,10,False
134078,GOLD27MAY147300PE,GOLD,28MAY2027,14730000.000000,1,OPTFUT,NCO,50.000000,10,False
134098,GOLD27MAY147700CE,GOLD,28MAY2027,14770000.000000,1,OPTFUT,NCO,50.000000,10,False
134113,CRUDEOIL26NOV10800CE,CRUDEOIL,10NOV2026,1080000.000000,1,OPTFUT,NCO,10.000000,100,False
134123,SILVER26DEC263250CE,SILVER,01DEC2026,26325000.000000,1,OPTBLN,NCO,50.000000,20,False
134138,GOLD27FEB163100CE,GOLD,26FEB2027,16310000.000000,1,OPTFUT,NCO,50.000000,10,False
134148,GOLD27MAY166200PE,GOLD,28MAY2027,16620000.000000,1,OPTFUT,NCO,50.000000,10,False
134151,GOLD27MAY166400CE,GOLD,28MAY2027,16640000.000000,1,OPTFUT,NCO,50.000000,10,False
134153,GOLD27MAY166500CE,GOLD,28MAY2027,16650000.000000,1,OPTFUT,NCO,50.000000,10,False
134160,GOLD27MAY166800PE,GOLD,28MAY2027,16680000.000000,1,OPTFUT,NCO,50.000000,10,False
134170,GOLD27JUN165100PE,GOLD,28JUN2027,16510000.000000,1,OPTFUT,NCO,50.000000,10,False
134175,GOLD27JUN165400CE,GOLD,28JUN2027,16540000.000000,1,OPTFUT,NCO,50.000000,10,False
134185,GOLD27JUN165900CE,GOLD,28JUN2027,16590000.000000,1,OPTFUT,NCO,50.000000,10,False
134200,GOLD27JUN166600PE,GOLD,28JUN2027,16660000.000000,1,OPTFUT,NCO,50.000000,10,False
134201,GOLD27JUN166700CE,GOLD,28JUN2027,16670000.000000,1,OPTFUT,NCO,50.000000,10,False
134202,GOLD27JUN166700PE,GOLD,28JUN2027,16670000.000000,1,OPTFUT,NCO,50.000000,10,False
134205,GOLD27JUN166900CE,GOLD,28JUN2027,16690000.000000,1,OPTFUT,NCO,50.000000,10,False
134216,GOLD27JUN167400PE,GOLD,28JUN2027,16740000.000000,1,OPTFUT,NCO,50.000000,10,False
134250,GOLD27JUL165900PE,GOLD,29JUL2027,16590000.000000,1,OPTFUT,NCO,50.000000,10,False
134251,GOLD27JUL166000CE,GOLD,29JUL2027,16600000.000000,1,OPTFUT,NCO,50.000000,10,False
134271,GOLD27FEB163700CE,GOLD,26FEB2027,16370000.000000,1,OPTFUT,NCO,50.000000,10,False
134291,GOLD27JUL167100CE,GOLD,29JUL2027,16710000.000000,1,OPTFUT,NCO,50.000000,10,False
134292,GOLD27JUL167100PE,GOLD,29JUL2027,16710000.000000,1,OPTFUT,NCO,50.000000,10,False
134321,GOLD27APR151000CE,GOLD,28APR2027,15100000.000000,1,OPTFUT,NCO,50.000000,10,False
134333,GOLD27APR151600CE,GOLD,28APR2027,15160000.000000,1,OPTFUT,NCO,50.000000,10,False
134353,CRUDEOIL26OCT10800CE,CRUDEOIL,08OCT2026,1080000.000000,1,OPTFUT,NCO,10.000000,100,False
134404,GOLDM26SEP157700PE,GOLDM,25SEP2026,15770000.000000,1,OPTFUT,NCO,50.000000,100,False
134408,GOLDM26SEP157900PE,GOLDM,25SEP2026,15790000.000000,1,OPTFUT,NCO,50.000000,100,False
134426,GOLDM26SEP158800PE,GOLDM,25SEP2026,15880000.000000,1,OPTFUT,NCO,50.000000,100,False
134427,GOLDM26SEP158900CE,GOLDM,25SEP2026,15890000.000000,1,OPTFUT,NCO,50.000000,100,False
134429,GOLDM26SEP159000CE,GOLDM,25SEP2026,15900000.000000,1,OPTFUT,NCO,50.000000,100,False
134432,GOLDM26SEP159100PE,GOLDM,25SEP2026,15910000.000000,1,OPTFUT,NCO,50.000000,100,False
134434,GOLDM26SEP159200PE,GOLDM,25SEP2026,15920000.000000,1,OPTFUT,NCO,50.000000,100,False
134435,GOLDM26SEP159300CE,GOLDM,25SEP2026,15930000.000000,1,OPTFUT,NCO,50.000000,100,False
134437,GOLDM26SEP159400CE,GOLDM,25SEP2026,15940000.000000,1,OPTFUT,NCO,50.000000,100,False
134439,GOLDM26SEP159500CE,GOLDM,25SEP2026,15950000.000000,1,OPTFUT,NCO,50.000000,100,False
134443,GOLDM26SEP159700CE,GOLDM,25SEP2026,15970000.000000,1,OPTFUT,NCO,50.000000,100,False
134446,GOLDM26SEP159800PE,GOLDM,25SEP2026,15980000.000000,1,OPTFUT,NCO,50.000000,100,False
134448,GOLDM26SEP159900PE,GOLDM,25SEP2026,15990000.000000,1,OPTFUT,NCO,50.000000,100,False
134449,GOLDM26SEP160000CE,GOLDM,25SEP2026,16000000.000000,1,OPTFUT,NCO,50.000000,100,False
134458,SILVERM27APR235000PE,SILVERM,23APR2027,23500000.000000,1,OPTFUT,NCO,50.000000,120,False
134473,GOLD27MAY151200CE,GOLD,28MAY2027,15120000.000000,1,OPTFUT,NCO,50.000000,10,False
134478,GOLD27MAY151400PE,GOLD,28MAY2027,15140000.000000,1,OPTFUT,NCO,50.000000,10,False
134496,GOLD27MAY152300PE,GOLD,28MAY2027,15230000.000000,1,OPTFUT,NCO,50.000000,10,False
134508,COPPER26OCT1405PE,COPPER,23OCT2026,140500.000000,1,OPTFUT,NCO,1.000000,70,False
134517,CRUDEOIL26OCT10900CE,CRUDEOIL,08OCT2026,1090000.000000,1,OPTFUT,NCO,10.000000,100,False
134543,GOLDM26OCT159000CE,GOLDM,29OCT2026,15900000.000000,1,OPTFUT,NCO,50.000000,100,False
134549,GOLDM26OCT159300CE,GOLDM,29OCT2026,15930000.000000,1,OPTFUT,NCO,50.000000,100,False
134550,GOLDM26OCT159300PE,GOLDM,29OCT2026,15930000.000000,1,OPTFUT,NCO,50.000000,100,False
134559,GOLDM26OCT159800CE,GOLDM,29OCT2026,15980000.000000,1,OPTFUT,NCO,50.000000,100,False
134566,GOLDM26OCT160100PE,GOLDM,29OCT2026,16010000.000000,1,OPTFUT,NCO,50.000000,100,False
134571,GOLDM26OCT160400CE,GOLDM,29OCT2026,16040000.000000,1,OPTFUT,NCO,50.000000,100,False
134581,GOLDM26OCT160900CE,GOLDM,29OCT2026,16090000.000000,1,OPTFUT,NCO,50.000000,100,False
134586,GOLDM26OCT161100PE,GOLDM,29OCT2026,16110000.000000,1,OPTFUT,NCO,50.000000,100,False
134587,GOLDM26OCT161200CE,GOLDM,29OCT2026,16120000.000000,1,OPTFUT,NCO,50.000000,100,False
134637,GOLD27MAY152800PE,GOLD,28MAY2027,15280000.000000,1,OPTFUT,NCO,50.000000,10,False
134639,GOLD27MAY152900PE,GOLD,28MAY2027,15290000.000000,1,OPTFUT,NCO,50.000000,10,False
134645,GOLD27MAY168800CE,GOLD,28MAY2027,16880000.000000,1,OPTFUT,NCO,50.000000,10,False
134647,GOLD27MAY168900CE,GOLD,28MAY2027,16890000.000000,1,OPTFUT,NCO,50.000000,10,False
134653,GOLD27MAY169200CE,GOLD,28MAY2027,16920000.000000,1,OPTFUT,NCO,50.000000,10,False
134655,GOLD27MAY169300CE,GOLD,28MAY2027,16930000.000000,1,OPTFUT,NCO,50.000000,10,False
134657,GOLD27MAY169400CE,GOLD,28MAY2027,16940000.000000,1,OPTFUT,NCO,50.000000,10,False
134667,GOLD27JUN167800CE,GOLD,28JUN2027,16780000.000000,1,OPTFUT,NCO,50.000000,10,False
134674,GOLD27JUN168100PE,GOLD,28JUN2027,16810000.000000,1,OPTFUT,NCO,50.000000,10,False
134677,GOLD27JUN168300CE,GOLD,28JUN2027,16830000.000000,1,OPTFUT,NCO,50.000000,10,False
134681,GOLD27JUN168500CE,GOLD,28JUN2027,16850000.000000,1,OPTFUT,NCO,50.000000,10,False
134686,GOLD27JUN168700PE,GOLD,28JUN2027,16870000.000000,1,OPTFUT,NCO,50.000000,10,False
134691,GOLD27JUN169000CE,GOLD,28JUN2027,16900000.000000,1,OPTFUT,NCO,50.000000,10,False
134702,GOLD27JUN169500PE,GOLD,28JUN2027,16950000.000000,1,OPTFUT,NCO,50.000000,10,False
134716,GOLD27JUN170200PE,GOLD,28JUN2027,17020000.000000,1,OPTFUT,NCO,50.000000,10,False
134737,GOLD27JUL168900CE,GOLD,29JUL2027,16890000.000000,1,OPTFUT,NCO,50.000000,10,False
134757,GOLD27JUL169500CE,GOLD,29JUL2027,16950000.000000,1,OPTFUT,NCO,50.000000,10,False
134769,GOLD27FEB164300CE,GOLD,26FEB2027,16430000.000000,1,OPTFUT,NCO,50.000000,10,False
134780,GOLD27JUL170200PE,GOLD,29JUL2027,17020000.000000,1,OPTFUT,NCO,50.000000,10,False
134790,GOLD27JUL170700PE,GOLD,29JUL2027,17070000.000000,1,OPTFUT,NCO,50.000000,10,False
134793,GOLD27JUL170900CE,GOLD,29JUL2027,17090000.000000,1,OPTFUT,NCO,50.000000,10,False
134796,GOLD27JUL171000PE,GOLD,29JUL2027,17100000.000000,1,OPTFUT,NCO,50.000000,10,False
134799,GOLD27JUL171200CE,GOLD,29JUL2027,17120000.000000,1,OPTFUT,NCO,50.000000,10,False
134843,SILVERM26SEP160000CE,SILVERM,23SEP2026,16000000.000000,1,OPTFUT,NCO,50.000000,120,False
134846,SILVERM26SEP160250PE,SILVERM,23SEP2026,16025000.000000,1,OPTFUT,NCO,50.000000,120,False
134885,GOLD26SEP121400PE,GOLD,25SEP2026,12140000.000000,1,OPTFUT,NCO,50.000000,10,False
134892,GOLD26SEP121800CE,GOLD,25SEP2026,12180000.000000,1,OPTFUT,NCO,50.000000,10,False
134899,GOLD26SEP122100PE,GOLD,25SEP2026,12210000.000000,1,OPTFUT,NCO,50.000000,10,False
134905,GOLD26SEP122400PE,GOLD,25SEP2026,12240000.000000,1,OPTFUT,NCO,50.000000,10,False
134908,GOLD26SEP122600CE,GOLD,25SEP2026,12260000.000000,1,OPTFUT,NCO,50.000000,10,False
134937,GOLD26SEP124000PE,GOLD,25SEP2026,12400000.000000,1,OPTFUT,NCO,50.000000,10,False
134948,GOLD26SEP124600CE,GOLD,25SEP2026,12460000.000000,1,OPTFUT,NCO,50.000000,10,False
134959,GOLD26SEP125100PE,GOLD,25SEP2026,12510000.000000,1,OPTFUT,NCO,50.000000,10,False
134975,GOLD26SEP125900PE,GOLD,25SEP2026,12590000.000000,1,OPTFUT,NCO,50.000000,10,False
135020,GOLDM26SEP160700CE,GOLDM,25SEP2026,16070000.000000,1,OPTFUT,NCO,50.000000,100,False
135029,GOLD27FEB165000PE,GOLD,26FEB2027,16500000.000000,1,OPTFUT,NCO,50.000000,10,False
135030,GOLD27FEB165100CE,GOLD,26FEB2027,16510000.000000,1,OPTFUT,NCO,50.000000,10,False
135035,GOLD27FEB165300PE,GOLD,26FEB2027,16530000.000000,1,OPTFUT,NCO,50.000000,10,False
135047,GOLD27FEB165900PE,GOLD,26FEB2027,16590000.000000,1,OPTFUT,NCO,50.000000,10,False
135050,GOLD27FEB166100CE,GOLD,26FEB2027,16610000.000000,1,OPTFUT,NCO,50.000000,10,False
135052,GOLD27FEB166200CE,GOLD,26FEB2027,16620000.000000,1,OPTFUT,NCO,50.000000,10,False
135056,GOLD27FEB166400CE,GOLD,26FEB2027,16640000.000000,1,OPTFUT,NCO,50.000000,10,False
135091,GOLDM26SEP160900CE,GOLDM,25SEP2026,16090000.000000,1,OPTFUT,NCO,50.000000,100,False
135098,SILVERM26SEP227250CE,SILVERM,23SEP2026,22725000.000000,1,OPTFUT,NCO,50.000000,120,False
135135,ZINC26SEP352.5CE,ZINC,23SEP2026,35250.000000,1,OPTFUT,NCO,1.000000,20,False
135137,GOLDM26SEP161300CE,GOLDM,25SEP2026,16130000.000000,1,OPTFUT,NCO,50.000000,100,False
135138,GOLDM26SEP161300PE,GOLDM,25SEP2026,16130000.000000,1,OPTFUT,NCO,50.000000,100,False
135158,GOLDM26SEP162300PE,GOLDM,25SEP2026,16230000.000000,1,OPTFUT,NCO,50.000000,100,False
135187,SILVERM26SEP204250CE,SILVERM,23SEP2026,20425000.000000,1,OPTFUT,NCO,50.000000,120,False
135215,SILVERM26SEP207750CE,SILVERM,23SEP2026,20775000.000000,1,OPTFUT,NCO,50.000000,120,False
135217,SILVERM26SEP208000CE,SILVERM,23SEP2026,20800000.000000,1,OPTFUT,NCO,50.000000,120,False
135218,SILVERM26SEP208000PE,SILVERM,23SEP2026,20800000.000000,1,OPTFUT,NCO,50.000000,120,False
135221,SILVERM26SEP208500CE,SILVERM,23SEP2026,20850000.000000,1,OPTFUT,NCO,50.000000,120,False
135243,SILVERM26OCT206750CE,SILVERM,23OCT2026,20675000.000000,1,OPTFUT,NCO,50.000000,120,False
135252,GOLDM26SEP162800PE,GOLDM,25SEP2026,16280000.000000,1,OPTFUT,NCO,50.000000,100,False
135297,GOLD27JAN164300CE,GOLD,29JAN2027,16430000.000000,1,OPTFUT,NCO,50.000000,10,False
135310,SILVERM27JAN253750PE,SILVERM,21JAN2027,25375000.000000,1,OPTFUT,NCO,50.000000,120,False
135312,SILVERM27JAN254000PE,SILVERM,21JAN2027,25400000.000000,1,OPTFUT,NCO,50.000000,120,False
135323,GOLDM26OCT163300PE,GOLDM,29OCT2026,16330000.000000,1,OPTFUT,NCO,50.000000,100,False
135462,SILVERM27JUN257750PE,SILVERM,23JUN2027,25775000.000000,1,OPTFUT,NCO,50.000000,120,False
135467,SILVERM27JUN258500CE,SILVERM,23JUN2027,25850000.000000,1,OPTFUT,NCO,50.000000,120,False
135473,SILVERM27JUN259250CE,SILVERM,23JUN2027,25925000.000000,1,OPTFUT,NCO,50.000000,120,False
135484,SILVERM27JUN260500PE,SILVERM,23JUN2027,26050000.000000,1,OPTFUT,NCO,50.000000,120,False
135485,SILVERM27JUN260750CE,SILVERM,23JUN2027,26075000.000000,1,OPTFUT,NCO,50.000000,120,False
135498,SILVERM27JUN262250PE,SILVERM,23JUN2027,26225000.000000,1,OPTFUT,NCO,50.000000,120,False
135499,SILVERM27JUN262500CE,SILVERM,23JUN2027,26250000.000000,1,OPTFUT,NCO,50.000000,120,False
135502,SILVERM27JUN262750PE,SILVERM,23JUN2027,26275000.000000,1,OPTFUT,NCO,50.000000,120,False
135513,SILVERM27JUN264250CE,SILVERM,23JUN2027,26425000.000000,1,OPTFUT,NCO,50.000000,120,False
135523,SILVERM27JUL259500CE,SILVERM,23JUL2027,25950000.000000,1,OPTFUT,NCO,50.000000,120,False
135528,SILVERM27JUL260000PE,SILVERM,23JUL2027,26000000.000000,1,OPTFUT,NCO,50.000000,120,False
135575,GOLD26SEP126600CE,GOLD,25SEP2026,12660000.000000,1,OPTFUT,NCO,50.000000,10,False
135589,GOLD26SEP127300CE,GOLD,25SEP2026,12730000.000000,1,OPTFUT,NCO,50.000000,10,False
135596,GOLD26SEP127600PE,GOLD,25SEP2026,12760000.000000,1,OPTFUT,NCO,50.000000,10,False
135609,GOLD26SEP128300CE,GOLD,25SEP2026,12830000.000000,1,OPTFUT,NCO,50.000000,10,False
135613,GOLD26SEP128500CE,GOLD,25SEP2026,12850000.000000,1,OPTFUT,NCO,50.000000,10,False
135638,SILVERM26OCT209500PE,SILVERM,23OCT2026,20950000.000000,1,OPTFUT,NCO,50.000000,120,False
135643,SILVERM26OCT210250CE,SILVERM,23OCT2026,21025000.000000,1,OPTFUT,NCO,50.000000,120,False
135651,SILVERM26NOV206750CE,SILVERM,23NOV2026,20675000.000000,1,OPTFUT,NCO,50.000000,120,False
135666,SILVERM26NOV208500PE,SILVERM,23NOV2026,20850000.000000,1,OPTFUT,NCO,50.000000,120,False
135674,SILVERM26NOV209500PE,SILVERM,23NOV2026,20950000.000000,1,OPTFUT,NCO,50.000000,120,False
135676,SILVERM26NOV209750PE,SILVERM,23NOV2026,20975000.000000,1,OPTFUT,NCO,50.000000,120,False
135689,SILVERM26NOV211500CE,SILVERM,23NOV2026,21150000.000000,1,OPTFUT,NCO,50.000000,120,False
135740,SILVERM26SEP228250PE,SILVERM,23SEP2026,22825000.000000,1,OPTFUT,NCO,50.000000,120,False
135758,SILVERM27FEB256000CE,SILVERM,19FEB2027,25600000.000000,1,OPTFUT,NCO,50.000000,120,False
135786,SILVERM27JAN255500PE,SILVERM,21JAN2027,25550000.000000,1,OPTFUT,NCO,50.000000,120,False
135789,SILVERM27JAN256000CE,SILVERM,21JAN2027,25600000.000000,1,OPTFUT,NCO,50.000000,120,False
135805,SILVERM26SEP230500CE,SILVERM,23SEP2026,23050000.000000,1,OPTFUT,NCO,50.000000,120,False
135818,SILVERM26SEP232000PE,SILVERM,23SEP2026,23200000.000000,1,OPTFUT,NCO,50.000000,120,False
135819,SILVERM26SEP232250CE,SILVERM,23SEP2026,23225000.000000,1,OPTFUT,NCO,50.000000,120,False
135820,SILVERM26SEP232250PE,SILVERM,23SEP2026,23225000.000000,1,OPTFUT,NCO,50.000000,120,False
135824,SILVERM26SEP232750PE,SILVERM,23SEP2026,23275000.000000,1,OPTFUT,NCO,50.000000,120,False
135825,SILVERM27JAN256750CE,SILVERM,21JAN2027,25675000.000000,1,OPTFUT,NCO,50.000000,120,False
135826,SILVERM27JAN256750PE,SILVERM,21JAN2027,25675000.000000,1,OPTFUT,NCO,50.000000,120,False
135833,SILVERM27JAN257750CE,SILVERM,21JAN2027,25775000.000000,1,OPTFUT,NCO,50.000000,120,False
135848,SILVERM27JAN259500PE,SILVERM,21JAN2027,25950000.000000,1,OPTFUT,NCO,50.000000,120,False
135849,SILVERM27JAN259750CE,SILVERM,21JAN2027,25975000.000000,1,OPTFUT,NCO,50.000000,120,False
135943,SILVERM27JUL263500CE,SILVERM,23JUL2027,26350000.000000,1,OPTFUT,NCO,50.000000,120,False
135954,SILVERM27APR239000CE,SILVERM,23APR2027,23900000.000000,1,OPTFUT,NCO,50.000000,120,False
135955,SILVERM27APR239000PE,SILVERM,23APR2027,23900000.000000,1,OPTFUT,NCO,50.000000,120,False
135964,SILVERM27MAY240500CE,SILVERM,24MAY2027,24050000.000000,1,OPTFUT,NCO,50.000000,120,False
135974,SILVERM27APR235500CE,SILVERM,23APR2027,23550000.000000,1,OPTFUT,NCO,50.000000,120,False
135995,ZINC26SEP430PE,ZINC,23SEP2026,43000.000000,1,OPTFUT,NCO,1.000000,20,False
136007,CRUDEOIL26NOV5800PE,CRUDEOIL,10NOV2026,580000.000000,1,OPTFUT,NCO,10.000000,100,False
136012,GOLD27MAY170100CE,GOLD,28MAY2027,17010000.000000,1,OPTFUT,NCO,50.000000,10,False
136073,SILVERM26SEP161500CE,SILVERM,23SEP2026,16150000.000000,1,OPTFUT,NCO,50.000000,120,False
136077,SILVERM26SEP162000CE,SILVERM,23SEP2026,16200000.000000,1,OPTFUT,NCO,50.000000,120,False
136091,SILVERM26SEP163750CE,SILVERM,23SEP2026,16375000.000000,1,OPTFUT,NCO,50.000000,120,False
136105,SILVERM27JAN261000CE,SILVERM,21JAN2027,26100000.000000,1,OPTFUT,NCO,50.000000,120,False
136115,SILVERM27FEB260500PE,SILVERM,19FEB2027,26050000.000000,1,OPTFUT,NCO,50.000000,120,False
136117,SILVERM27FEB260750PE,SILVERM,19FEB2027,26075000.000000,1,OPTFUT,NCO,50.000000,120,False
136122,SILVERM27FEB261500CE,SILVERM,19FEB2027,26150000.000000,1,OPTFUT,NCO,50.000000,120,False
136127,SILVERM27FEB262000PE,SILVERM,19FEB2027,26200000.000000,1,OPTFUT,NCO,50.000000,120,False
136128,SILVERM27FEB262250CE,SILVERM,19FEB2027,26225000.000000,1,OPTFUT,NCO,50.000000,120,False
136133,SILVERM27APR235750PE,SILVERM,23APR2027,23575000.000000,1,OPTFUT,NCO,50.000000,120,False
136149,SILVERM27JAN262000CE,SILVERM,21JAN2027,26200000.000000,1,OPTFUT,NCO,50.000000,120,False
136155,SILVERM27JAN262750CE,SILVERM,21JAN2027,26275000.000000,1,OPTFUT,NCO,50.000000,120,False
136158,GOLD27JAN164400PE,GOLD,29JAN2027,16440000.000000,1,OPTFUT,NCO,50.000000,10,False
136165,SILVERM27FEB263000PE,SILVERM,19FEB2027,26300000.000000,1,OPTFUT,NCO,50.000000,120,False
136176,SILVERM27APR236500CE,SILVERM,23APR2027,23650000.000000,1,OPTFUT,NCO,50.000000,120,False
136184,SILVERM27APR237500CE,SILVERM,23APR2027,23750000.000000,1,OPTFUT,NCO,50.000000,120,False
136186,SILVERM27APR237750CE,SILVERM,23APR2027,23775000.000000,1,OPTFUT,NCO,50.000000,120,False
136189,SILVERM27APR238000PE,SILVERM,23APR2027,23800000.000000,1,OPTFUT,NCO,50.000000,120,False
136196,SILVERM27MAY235500CE,SILVERM,24MAY2027,23550000.000000,1,OPTFUT,NCO,50.000000,120,False
136211,GOLD27MAY171700CE,GOLD,28MAY2027,17170000.000000,1,OPTFUT,NCO,50.000000,10,False
136231,GOLD27JUN171400CE,GOLD,28JUN2027,17140000.000000,1,OPTFUT,NCO,50.000000,10,False
136263,SILVERM27MAY237500PE,SILVERM,24MAY2027,23750000.000000,1,OPTFUT,NCO,50.000000,120,False
136279,SILVERM27MAY239500PE,SILVERM,24MAY2027,23950000.000000,1,OPTFUT,NCO,50.000000,120,False
136295,SILVERM27MAY240000PE,SILVERM,24MAY2027,24000000.000000,1,OPTFUT,NCO,50.000000,120,False
136297,SILVERM27MAY240250PE,SILVERM,24MAY2027,24025000.000000,1,OPTFUT,NCO,50.000000,120,False
136305,SILVERM27FEB264000PE,SILVERM,19FEB2027,26400000.000000,1,OPTFUT,NCO,50.000000,120,False
136318,GOLD27JUN171500PE,GOLD,28JUN2027,17150000.000000,1,OPTFUT,NCO,50.000000,10,False
136345,GOLD27JUN171700CE,GOLD,28JUN2027,17170000.000000,1,OPTFUT,NCO,50.000000,10,False
136353,SILVERM27FEB265000PE,SILVERM,19FEB2027,26500000.000000,1,OPTFUT,NCO,50.000000,120,False
136363,SILVERM27FEB266250PE,SILVERM,19FEB2027,26625000.000000,1,OPTFUT,NCO,50.000000,120,False
136373,GOLD27JUN171900CE,GOLD,28JUN2027,17190000.000000,1,OPTFUT,NCO,50.000000,10,False
136377,SILVERM26SEP233500CE,SILVERM,23SEP2026,23350000.000000,1,OPTFUT,NCO,50.000000,120,False
136388,GOLD27JUN172400PE,GOLD,28JUN2027,17240000.000000,1,OPTFUT,NCO,50.000000,10,False
136395,GOLD27JUN172800CE,GOLD,28JUN2027,17280000.000000,1,OPTFUT,NCO,50.000000,10,False
136397,GOLD27JUN172900CE,GOLD,28JUN2027,17290000.000000,1,OPTFUT,NCO,50.000000,10,False
136404,GOLD27JUL171900PE,GOLD,29JUL2027,17190000.000000,1,OPTFUT,NCO,50.000000,10,False
136431,GOLD26SEP141300CE,GOLD,25SEP2026,14130000.000000,1,OPTFUT,NCO,50.000000,10,False
136438,GOLD26SEP141600PE,GOLD,25SEP2026,14160000.000000,1,OPTFUT,NCO,50.000000,10,False
136441,GOLD26SEP141800CE,GOLD,25SEP2026,14180000.000000,1,OPTFUT,NCO,50.000000,10,False
136455,GOLD26OCT142200CE,GOLD,29OCT2026,14220000.000000,1,OPTFUT,NCO,50.000000,10,False
136459,GOLD26OCT142400CE,GOLD,29OCT2026,14240000.000000,1,OPTFUT,NCO,50.000000,10,False
136461,GOLD26OCT142500CE,GOLD,29OCT2026,14250000.000000,1,OPTFUT,NCO,50.000000,10,False
136464,GOLD26OCT142600PE,GOLD,29OCT2026,14260000.000000,1,OPTFUT,NCO,50.000000,10,False
136481,GOLD27JUL172100PE,GOLD,29JUL2027,17210000.000000,1,OPTFUT,NCO,50.000000,10,False
136490,GOLD27JUL172600CE,GOLD,29JUL2027,17260000.000000,1,OPTFUT,NCO,50.000000,10,False
136508,GOLD27JUL173500CE,GOLD,29JUL2027,17350000.000000,1,OPTFUT,NCO,50.000000,10,False
136510,GOLD27JUL173600CE,GOLD,29JUL2027,17360000.000000,1,OPTFUT,NCO,50.000000,10,False
136527,GOLD27JAN164800CE,GOLD,29JAN2027,16480000.000000,1,OPTFUT,NCO,50.000000,10,False
136530,GOLD27JAN164900PE,GOLD,29JAN2027,16490000.000000,1,OPTFUT,NCO,50.000000,10,False
136547,GOLD27JAN165800CE,GOLD,29JAN2027,16580000.000000,1,OPTFUT,NCO,50.000000,10,False
136553,GOLD27JAN166100CE,GOLD,29JAN2027,16610000.000000,1,OPTFUT,NCO,50.000000,10,False
136555,GOLD27JAN166200CE,GOLD,29JAN2027,16620000.000000,1,OPTFUT,NCO,50.000000,10,False
136568,GOLD27JAN166800PE,GOLD,29JAN2027,16680000.000000,1,OPTFUT,NCO,50.000000,10,False
136571,GOLD27JAN167000CE,GOLD,29JAN2027,16700000.000000,1,OPTFUT,NCO,50.000000,10,False
136581,SILVERM27FEB268000PE,SILVERM,19FEB2027,26800000.000000,1,OPTFUT,NCO,50.000000,120,False
136600,SILVERM27FEB270500CE,SILVERM,19FEB2027,27050000.000000,1,OPTFUT,NCO,50.000000,120,False
136611,SILVERM27FEB271750PE,SILVERM,19FEB2027,27175000.000000,1,OPTFUT,NCO,50.000000,120,False
136618,NATURALGAS26SEP255PE,NATURALGAS,21SEP2026,25500.000000,1,OPTFUT,NCO,5.000000,48,False
136623,NATURALGAS26SEP270CE,NATURALGAS,21SEP2026,27000.000000,1,OPTFUT,NCO,5.000000,48,False
136639,NATURALGAS26SEP310CE,NATURALGAS,21SEP2026,31000.000000,1,OPTFUT,NCO,5.000000,48,False
136640,NATURALGAS26SEP310PE,NATURALGAS,21SEP2026,31000.000000,1,OPTFUT,NCO,5.000000,48,False
136642,NATURALGAS26SEP315PE,NATURALGAS,21SEP2026,31500.000000,1,OPTFUT,NCO,5.000000,48,False
136659,NATURALGAS26SEP360CE,NATURALGAS,21SEP2026,36000.000000,1,OPTFUT,NCO,5.000000,48,False
136668,NATURALGAS26SEP380PE,NATURALGAS,21SEP2026,38000.000000,1,OPTFUT,NCO,5.000000,48,False
136674,SILVERM27MAR223250PE,SILVERM,24MAR2027,22325000.000000,1,OPTFUT,NCO,50.000000,120,False
136682,SILVERM27MAR224250PE,SILVERM,24MAR2027,22425000.000000,1,OPTFUT,NCO,50.000000,120,False
136686,SILVERM27MAR224750PE,SILVERM,24MAR2027,22475000.000000,1,OPTFUT,NCO,50.000000,120,False
136690,SILVERM27MAR225250PE,SILVERM,24MAR2027,22525000.000000,1,OPTFUT,NCO,50.000000,120,False
136706,SILVERM27MAR227250PE,SILVERM,24MAR2027,22725000.000000,1,OPTFUT,NCO,50.000000,120,False
136709,SILVERM27MAR227750CE,SILVERM,24MAR2027,22775000.000000,1,OPTFUT,NCO,50.000000,120,False
136720,SILVERM27APR225000PE,SILVERM,23APR2027,22500000.000000,1,OPTFUT,NCO,50.000000,120,False
136727,SILVERM27APR226000CE,SILVERM,23APR2027,22600000.000000,1,OPTFUT,NCO,50.000000,120,False
136731,SILVERM27APR226500CE,SILVERM,23APR2027,22650000.000000,1,OPTFUT,NCO,50.000000,120,False
136743,SILVERM27APR228000CE,SILVERM,23APR2027,22800000.000000,1,OPTFUT,NCO,50.000000,120,False
136745,SILVERM27APR228250CE,SILVERM,23APR2027,22825000.000000,1,OPTFUT,NCO,50.000000,120,False
136746,SILVERM27APR228250PE,SILVERM,23APR2027,22825000.000000,1,OPTFUT,NCO,50.000000,120,False
136752,SILVERM27APR229000PE,SILVERM,23APR2027,22900000.000000,1,OPTFUT,NCO,50.000000,120,False
136815,GOLDM26SEP163400CE,GOLDM,25SEP2026,16340000.000000,1,OPTFUT,NCO,50.000000,100,False
136854,GOLDM26SEP165300PE,GOLDM,25SEP2026,16530000.000000,1,OPTFUT,NCO,50.000000,100,False
136857,GOLDM26OCT164300CE,GOLDM,29OCT2026,16430000.000000,1,OPTFUT,NCO,50.000000,100,False
136861,GOLDM26OCT164500CE,GOLDM,29OCT2026,16450000.000000,1,OPTFUT,NCO,50.000000,100,False
136869,GOLDM26OCT164900CE,GOLDM,29OCT2026,16490000.000000,1,OPTFUT,NCO,50.000000,100,False
136948,GOLD26SEP130200PE,GOLD,25SEP2026,13020000.000000,1,OPTFUT,NCO,50.000000,10,False
136965,GOLD26SEP131100CE,GOLD,25SEP2026,13110000.000000,1,OPTFUT,NCO,50.000000,10,False
136968,GOLD26SEP131200PE,GOLD,25SEP2026,13120000.000000,1,OPTFUT,NCO,50.000000,10,False
137017,GOLD27JAN167500CE,GOLD,29JAN2027,16750000.000000,1,OPTFUT,NCO,50.000000,10,False
137029,SILVERM27MAY229750CE,SILVERM,24MAY2027,22975000.000000,1,OPTFUT,NCO,50.000000,120,False
137030,SILVERM27MAY229750PE,SILVERM,24MAY2027,22975000.000000,1,OPTFUT,NCO,50.000000,120,False
137031,SILVERM27MAY230000CE,SILVERM,24MAY2027,23000000.000000,1,OPTFUT,NCO,50.000000,120,False
137050,SILVERM27JAN249750PE,SILVERM,21JAN2027,24975000.000000,1,OPTFUT,NCO,50.000000,120,False
137058,ZINC26SEP435CE,ZINC,23SEP2026,43500.000000,1,OPTFUT,NCO,1.000000,20,False
137072,ZINC26NOV437.5CE,ZINC,23NOV2026,43750.000000,1,OPTFUT,NCO,1.000000,20,False
137073,ZINC26NOV437.5PE,ZINC,23NOV2026,43750.000000,1,OPTFUT,NCO,1.000000,20,False
137109,SILVERM26SEP252000PE,SILVERM,23SEP2026,25200000.000000,1,OPTFUT,NCO,50.000000,120,False
137110,SILVERM26SEP252250CE,SILVERM,23SEP2026,25225000.000000,1,OPTFUT,NCO,50.000000,120,False
137120,SILVERM26SEP253500CE,SILVERM,23SEP2026,25350000.000000,1,OPTFUT,NCO,50.000000,120,False
137130,SILVERM26SEP254750CE,SILVERM,23SEP2026,25475000.000000,1,OPTFUT,NCO,50.000000,120,False
137190,SILVERM26SEP234500PE,SILVERM,23SEP2026,23450000.000000,1,OPTFUT,NCO,50.000000,120,False
137200,SILVERM26OCT228250PE,SILVERM,23OCT2026,22825000.000000,1,OPTFUT,NCO,50.000000,120,False
137205,SILVERM26OCT229000CE,SILVERM,23OCT2026,22900000.000000,1,OPTFUT,NCO,50.000000,120,False
137423,SILVERM26SEP164750CE,SILVERM,23SEP2026,16475000.000000,1,OPTFUT,NCO,50.000000,120,False
137424,SILVERM26SEP164750PE,SILVERM,23SEP2026,16475000.000000,1,OPTFUT,NCO,50.000000,120,False
137436,SILVERM26SEP166250PE,SILVERM,23SEP2026,16625000.000000,1,OPTFUT,NCO,50.000000,120,False
137437,SILVERM26SEP166500CE,SILVERM,23SEP2026,16650000.000000,1,OPTFUT,NCO,50.000000,120,False
137439,SILVERM26SEP166750CE,SILVERM,23SEP2026,16675000.000000,1,OPTFUT,NCO,50.000000,120,False
137442,SILVERM26SEP167000PE,SILVERM,23SEP2026,16700000.000000,1,OPTFUT,NCO,50.000000,120,False
137482,SILVERM26OCT230250PE,SILVERM,23OCT2026,23025000.000000,1,OPTFUT,NCO,50.000000,120,False
137485,SILVERM26OCT230750CE,SILVERM,23OCT2026,23075000.000000,1,OPTFUT,NCO,50.000000,120,False
137492,SILVERM26OCT231500PE,SILVERM,23OCT2026,23150000.000000,1,OPTFUT,NCO,50.000000,120,False
137548,SILVERM26OCT233250PE,SILVERM,23OCT2026,23325000.000000,1,OPTFUT,NCO,50.000000,120,False
137638,GOLD26SEP132100PE,GOLD,25SEP2026,13210000.000000,1,OPTFUT,NCO,50.000000,10,False
137657,SILVERM26OCT252000PE,SILVERM,23OCT2026,25200000.000000,1,OPTFUT,NCO,50.000000,120,False
137748,SILVERM26OCT236750PE,SILVERM,23OCT2026,23675000.000000,1,OPTFUT,NCO,50.000000,120,False
137760,SILVERM26NOV230500PE,SILVERM,23NOV2026,23050000.000000,1,OPTFUT,NCO,50.000000,120,False
137765,SILVERM26NOV231250CE,SILVERM,23NOV2026,23125000.000000,1,OPTFUT,NCO,50.000000,120,False
137783,SILVERM26NOV233500CE,SILVERM,23NOV2026,23350000.000000,1,OPTFUT,NCO,50.000000,120,False
137867,GOLD27JAN154400PE,GOLD,29JAN2027,15440000.000000,1,OPTFUT,NCO,50.000000,10,False
137868,GOLD27JAN154500CE,GOLD,29JAN2027,15450000.000000,1,OPTFUT,NCO,50.000000,10,False
138130,SILVERM26SEP168500PE,SILVERM,23SEP2026,16850000.000000,1,OPTFUT,NCO,50.000000,120,False
138135,SILVERM26SEP169250CE,SILVERM,23SEP2026,16925000.000000,1,OPTFUT,NCO,50.000000,120,False
138144,SILVERM26SEP170250PE,SILVERM,23SEP2026,17025000.000000,1,OPTFUT,NCO,50.000000,120,False
138150,SILVERM26SEP171000PE,SILVERM,23SEP2026,17100000.000000,1,OPTFUT,NCO,50.000000,120,False
138170,SILVERM26SEP173500PE,SILVERM,23SEP2026,17350000.000000,1,OPTFUT,NCO,50.000000,120,False
138217,GOLD27JAN154600PE,GOLD,29JAN2027,15460000.000000,1,OPTFUT,NCO,50.000000,10,False
138223,GOLD27JAN154900PE,GOLD,29JAN2027,15490000.000000,1,OPTFUT,NCO,50.000000,10,False
138234,GOLD27JAN155500CE,GOLD,29JAN2027,15550000.000000,1,OPTFUT,NCO,50.000000,10,False
138253,GOLD27JAN156400PE,GOLD,29JAN2027,15640000.000000,1,OPTFUT,NCO,50.000000,10,False
138257,GOLD27JAN156600PE,GOLD,29JAN2027,15660000.000000,1,OPTFUT,NCO,50.000000,10,False
138258,GOLD27JAN156700CE,GOLD,29JAN2027,15670000.000000,1,OPTFUT,NCO,50.000000,10,False
138262,SILVERM26OCT253250CE,SILVERM,23OCT2026,25325000.000000,1,OPTFUT,NCO,50.000000,120,False
138365,SILVERM26NOV234000CE,SILVERM,23NOV2026,23400000.000000,1,OPTFUT,NCO,50.000000,120,False
138370,SILVERM26NOV234500PE,SILVERM,23NOV2026,23450000.000000,1,OPTFUT,NCO,50.000000,120,False
138377,SILVERM26NOV235500CE,SILVERM,23NOV2026,23550000.000000,1,OPTFUT,NCO,50.000000,120,False
138378,SILVERM26NOV235500PE,SILVERM,23NOV2026,23550000.000000,1,OPTFUT,NCO,50.000000,120,False
138381,SILVERM26NOV236000CE,SILVERM,23NOV2026,23600000.000000,1,OPTFUT,NCO,50.000000,120,False
138390,SILVERM26NOV237000PE,SILVERM,23NOV2026,23700000.000000,1,OPTFUT,NCO,50.000000,120,False
138395,SILVERM26NOV237750CE,SILVERM,23NOV2026,23775000.000000,1,OPTFUT,NCO,50.000000,120,False
138399,GOLD27JAN156700PE,GOLD,29JAN2027,15670000.000000,1,OPTFUT,NCO,50.000000,10,False
138474,GOLD27JAN158400CE,GOLD,29JAN2027,15840000.000000,1,OPTFUT,NCO,50.000000,10,False
138483,GOLD27FEB155400PE,GOLD,26FEB2027,15540000.000000,1,OPTFUT,NCO,50.000000,10,False
138486,GOLD27FEB155600CE,GOLD,26FEB2027,15560000.000000,1,OPTFUT,NCO,50.000000,10,False
138487,GOLD27FEB155600PE,GOLD,26FEB2027,15560000.000000,1,OPTFUT,NCO,50.000000,10,False
138759,SILVERM26SEP175250CE,SILVERM,23SEP2026,17525000.000000,1,OPTFUT,NCO,50.000000,120,False
138766,SILVERM26SEP176000PE,SILVERM,23SEP2026,17600000.000000,1,OPTFUT,NCO,50.000000,120,False
138781,SILVERM26SEP178000CE,SILVERM,23SEP2026,17800000.000000,1,OPTFUT,NCO,50.000000,120,False
138869,GOLD27FEB156500PE,GOLD,26FEB2027,15650000.000000,1,OPTFUT,NCO,50.000000,10,False
138874,GOLD27FEB156800CE,GOLD,26FEB2027,15680000.000000,1,OPTFUT,NCO,50.000000,10,False
138878,GOLD27FEB157000CE,GOLD,26FEB2027,15700000.000000,1,OPTFUT,NCO,50.000000,10,False
138881,GOLD27FEB157100PE,GOLD,26FEB2027,15710000.000000,1,OPTFUT,NCO,50.000000,10,False
138977,SILVERM26OCT255000PE,SILVERM,23OCT2026,25500000.000000,1,OPTFUT,NCO,50.000000,120,False
139024,GOLD27FEB159600CE,GOLD,26FEB2027,15960000.000000,1,OPTFUT,NCO,50.000000,10,False
139025,GOLD27FEB159600PE,GOLD,26FEB2027,15960000.000000,1,OPTFUT,NCO,50.000000,10,False
139191,GOLD26SEP132700CE,GOLD,25SEP2026,13270000.000000,1,OPTFUT,NCO,50.000000,10,False
139204,GOLD26SEP133300PE,GOLD,25SEP2026,13330000.000000,1,OPTFUT,NCO,50.000000,10,False
139285,SILVERM26SEP209750CE,SILVERM,23SEP2026,20975000.000000,1,OPTFUT,NCO,50.000000,120,False
139345,SILVERM26OCT211750CE,SILVERM,23OCT2026,21175000.000000,1,OPTFUT,NCO,50.000000,120,False
139347,SILVERM26OCT212000CE,SILVERM,23OCT2026,21200000.000000,1,OPTFUT,NCO,50.000000,120,False
139356,SILVERM26OCT213000PE,SILVERM,23OCT2026,21300000.000000,1,OPTFUT,NCO,50.000000,120,False
139358,SILVERM26OCT213250PE,SILVERM,23OCT2026,21325000.000000,1,OPTFUT,NCO,50.000000,120,False
139366,SILVERM26OCT214250PE,SILVERM,23OCT2026,21425000.000000,1,OPTFUT,NCO,50.000000,120,False
139407,SILVERM26NOV214250CE,SILVERM,23NOV2026,21425000.000000,1,OPTFUT,NCO,50.000000,120,False
139373,SILVERM26OCT215250CE,SILVERM,23OCT2026,21525000.000000,1,OPTFUT,NCO,50.000000,120,False
139379,SILVERM26OCT216000CE,SILVERM,23OCT2026,21600000.000000,1,OPTFUT,NCO,50.000000,120,False
139395,SILVERM26NOV212750CE,SILVERM,23NOV2026,21275000.000000,1,OPTFUT,NCO,50.000000,120,False
139409,GOLD27FEB160200PE,GOLD,26FEB2027,16020000.000000,1,OPTFUT,NCO,50.000000,10,False
139418,GOLD27FEB160700CE,GOLD,26FEB2027,16070000.000000,1,OPTFUT,NCO,50.000000,10,False
139424,GOLD27FEB161000CE,GOLD,26FEB2027,16100000.000000,1,OPTFUT,NCO,50.000000,10,False
139429,GOLD27FEB161200PE,GOLD,26FEB2027,16120000.000000,1,OPTFUT,NCO,50.000000,10,False
139440,GOLD27FEB161800CE,GOLD,26FEB2027,16180000.000000,1,OPTFUT,NCO,50.000000,10,False
140005,SILVERM26SEP179250CE,SILVERM,23SEP2026,17925000.000000,1,OPTFUT,NCO,50.000000,120,False
140007,SILVERM26SEP179500CE,SILVERM,23SEP2026,17950000.000000,1,OPTFUT,NCO,50.000000,120,False
140012,SILVERM26SEP180000PE,SILVERM,23SEP2026,18000000.000000,1,OPTFUT,NCO,50.000000,120,False
140013,SILVERM26SEP180250CE,SILVERM,23SEP2026,18025000.000000,1,OPTFUT,NCO,50.000000,120,False
140029,SILVERM26SEP182250CE,SILVERM,23SEP2026,18225000.000000,1,OPTFUT,NCO,50.000000,120,False
140041,SILVERM26SEP183750CE,SILVERM,23SEP2026,18375000.000000,1,OPTFUT,NCO,50.000000,120,False
140044,SILVERM26SEP184000PE,SILVERM,23SEP2026,18400000.000000,1,OPTFUT,NCO,50.000000,120,False
140058,SILVERM26SEP185750PE,SILVERM,23SEP2026,18575000.000000,1,OPTFUT,NCO,50.000000,120,False
140060,SILVERM26SEP186000PE,SILVERM,23SEP2026,18600000.000000,1,OPTFUT,NCO,50.000000,120,False
140065,SILVERM26SEP186750CE,SILVERM,23SEP2026,18675000.000000,1,OPTFUT,NCO,50.000000,120,False
140066,SILVERM26SEP186750PE,SILVERM,23SEP2026,18675000.000000,1,OPTFUT,NCO,50.000000,120,False
140070,SILVERM26SEP187250PE,SILVERM,23SEP2026,18725000.000000,1,OPTFUT,NCO,50.000000,120,False
140075,SILVERM26NOV215000CE,SILVERM,23NOV2026,21500000.000000,1,OPTFUT,NCO,50.000000,120,False
140076,SILVERM26NOV215000PE,SILVERM,23NOV2026,21500000.000000,1,OPTFUT,NCO,50.000000,120,False
140081,SILVERM26NOV215750CE,SILVERM,23NOV2026,21575000.000000,1,OPTFUT,NCO,50.000000,120,False
140088,SILVERM26NOV216500PE,SILVERM,23NOV2026,21650000.000000,1,OPTFUT,NCO,50.000000,120,False
140094,SILVERM26NOV217250PE,SILVERM,23NOV2026,21725000.000000,1,OPTFUT,NCO,50.000000,120,False
140100,SILVERM26NOV218000PE,SILVERM,23NOV2026,21800000.000000,1,OPTFUT,NCO,50.000000,120,False
140189,SILVERM27JAN240000PE,SILVERM,21JAN2027,24000000.000000,1,OPTFUT,NCO,50.000000,120,False
140216,SILVERM27FEB241250CE,SILVERM,19FEB2027,24125000.000000,1,OPTFUT,NCO,50.000000,120,False
140225,SILVERM27FEB242250PE,SILVERM,19FEB2027,24225000.000000,1,OPTFUT,NCO,50.000000,120,False
140230,SILVERM27FEB243000CE,SILVERM,19FEB2027,24300000.000000,1,OPTFUT,NCO,50.000000,120,False
140239,SILVERM27FEB244000PE,SILVERM,19FEB2027,24400000.000000,1,OPTFUT,NCO,50.000000,120,False
140246,SILVERM27FEB245000CE,SILVERM,19FEB2027,24500000.000000,1,OPTFUT,NCO,50.000000,120,False
140272,SILVERM27FEB248250CE,SILVERM,19FEB2027,24825000.000000,1,OPTFUT,NCO,50.000000,120,False
140277,SILVERM26NOV256500PE,SILVERM,23NOV2026,25650000.000000,1,OPTFUT,NCO,50.000000,120,False
140288,SILVERM26DEC253750CE,SILVERM,23DEC2026,25375000.000000,1,OPTFUT,NCO,50.000000,120,False
140291,SILVERM26DEC254000PE,SILVERM,23DEC2026,25400000.000000,1,OPTFUT,NCO,50.000000,120,False
140296,SILVERM26DEC254750CE,SILVERM,23DEC2026,25475000.000000,1,OPTFUT,NCO,50.000000,120,False
140297,SILVERM26DEC254750PE,SILVERM,23DEC2026,25475000.000000,1,OPTFUT,NCO,50.000000,120,False
140305,SILVERM26DEC255750PE,SILVERM,23DEC2026,25575000.000000,1,OPTFUT,NCO,50.000000,120,False
140313,SILVERM26DEC256750PE,SILVERM,23DEC2026,25675000.000000,1,OPTFUT,NCO,50.000000,120,False
140315,SILVERM26DEC257000PE,SILVERM,23DEC2026,25700000.000000,1,OPTFUT,NCO,50.000000,120,False
140317,SILVERM26DEC257250PE,SILVERM,23DEC2026,25725000.000000,1,OPTFUT,NCO,50.000000,120,False
140340,GOLD27JAN167700PE,GOLD,29JAN2027,16770000.000000,1,OPTFUT,NCO,50.000000,10,False
140343,GOLD27JAN167900CE,GOLD,29JAN2027,16790000.000000,1,OPTFUT,NCO,50.000000,10,False
140379,SILVERM27FEB250250PE,SILVERM,19FEB2027,25025000.000000,1,OPTFUT,NCO,50.000000,120,False
140383,SILVERM27FEB250750PE,SILVERM,19FEB2027,25075000.000000,1,OPTFUT,NCO,50.000000,120,False
140392,SILVERM27FEB252000CE,SILVERM,19FEB2027,25200000.000000,1,OPTFUT,NCO,50.000000,120,False
140400,SILVERM27FEB253000CE,SILVERM,19FEB2027,25300000.000000,1,OPTFUT,NCO,50.000000,120,False
140687,GOLD26SEP134000CE,GOLD,25SEP2026,13400000.000000,1,OPTFUT,NCO,50.000000,10,False
140690,GOLD26SEP134100PE,GOLD,25SEP2026,13410000.000000,1,OPTFUT,NCO,50.000000,10,False
140693,GOLD26SEP134300CE,GOLD,25SEP2026,13430000.000000,1,OPTFUT,NCO,50.000000,10,False
140694,GOLD26SEP134300PE,GOLD,25SEP2026,13430000.000000,1,OPTFUT,NCO,50.000000,10,False
140696,GOLD26SEP134400PE,GOLD,25SEP2026,13440000.000000,1,OPTFUT,NCO,50.000000,10,False
140711,GOLD26SEP135200CE,GOLD,25SEP2026,13520000.000000,1,OPTFUT,NCO,50.000000,10,False
140716,GOLD26SEP135400PE,GOLD,25SEP2026,13540000.000000,1,OPTFUT,NCO,50.000000,10,False
140730,SILVERM27FEB254500CE,SILVERM,19FEB2027,25450000.000000,1,OPTFUT,NCO,50.000000,120,False
140743,SILVERM27FEB255250PE,SILVERM,19FEB2027,25525000.000000,1,OPTFUT,NCO,50.000000,120,False
140792,SILVERM26OCT217500PE,SILVERM,23OCT2026,21750000.000000,1,OPTFUT,NCO,50.000000,120,False
140794,SILVERM26OCT217750PE,SILVERM,23OCT2026,21775000.000000,1,OPTFUT,NCO,50.000000,120,False
140823,SILVERM26DEC258500PE,SILVERM,23DEC2026,25850000.000000,1,OPTFUT,NCO,50.000000,120,False
140824,SILVERM26DEC258750CE,SILVERM,23DEC2026,25875000.000000,1,OPTFUT,NCO,50.000000,120,False
140846,GOLD27JAN153800PE,GOLD,29JAN2027,15380000.000000,1,OPTFUT,NCO,50.000000,10,False
140865,GOLD27FEB154300CE,GOLD,26FEB2027,15430000.000000,1,OPTFUT,NCO,50.000000,10,False
140901,SILVERM27JAN239000CE,SILVERM,21JAN2027,23900000.000000,1,OPTFUT,NCO,50.000000,120,False
141498,SILVERM26SEP187750PE,SILVERM,23SEP2026,18775000.000000,1,OPTFUT,NCO,50.000000,120,False
141500,SILVERM26SEP188000PE,SILVERM,23SEP2026,18800000.000000,1,OPTFUT,NCO,50.000000,120,False
141515,SILVERM26SEP190000CE,SILVERM,23SEP2026,19000000.000000,1,OPTFUT,NCO,50.000000,120,False
141519,SILVERM26SEP190500CE,SILVERM,23SEP2026,19050000.000000,1,OPTFUT,NCO,50.000000,120,False
141536,SILVERM26SEP192500PE,SILVERM,23SEP2026,19250000.000000,1,OPTFUT,NCO,50.000000,120,False
141549,SILVERM26SEP194250CE,SILVERM,23SEP2026,19425000.000000,1,OPTFUT,NCO,50.000000,120,False
141576,SILVERM27JAN250000PE,SILVERM,21JAN2027,25000000.000000,1,OPTFUT,NCO,50.000000,120,False
141742,GOLD26SEP136300PE,GOLD,25SEP2026,13630000.000000,1,OPTFUT,NCO,50.000000,10,False
141745,GOLD26SEP136500CE,GOLD,25SEP2026,13650000.000000,1,OPTFUT,NCO,50.000000,10,False
141750,GOLD26SEP136700PE,GOLD,25SEP2026,13670000.000000,1,OPTFUT,NCO,50.000000,10,False
141909,GOLD26SEP136900CE,GOLD,25SEP2026,13690000.000000,1,OPTFUT,NCO,50.000000,10,False
142470,GOLD26SEP137500PE,GOLD,25SEP2026,13750000.000000,1,OPTFUT,NCO,50.000000,10,False
142485,GOLD26SEP138300CE,GOLD,25SEP2026,13830000.000000,1,OPTFUT,NCO,50.000000,10,False
142492,GOLD26SEP138600PE,GOLD,25SEP2026,13860000.000000,1,OPTFUT,NCO,50.000000,10,False
142500,GOLD26SEP139000PE,GOLD,25SEP2026,13900000.000000,1,OPTFUT,NCO,50.000000,10,False
142501,GOLD26SEP139100CE,GOLD,25SEP2026,13910000.000000,1,OPTFUT,NCO,50.000000,10,False
142504,GOLD26SEP139200PE,GOLD,25SEP2026,13920000.000000,1,OPTFUT,NCO,50.000000,10,False
142508,GOLD26SEP139400PE,GOLD,25SEP2026,13940000.000000,1,OPTFUT,NCO,50.000000,10,False
142509,GOLD26SEP139500CE,GOLD,25SEP2026,13950000.000000,1,OPTFUT,NCO,50.000000,10,False
142513,GOLD26SEP139700CE,GOLD,25SEP2026,13970000.000000,1,OPTFUT,NCO,50.000000,10,False
142520,GOLD26SEP140000PE,GOLD,25SEP2026,14000000.000000,1,OPTFUT,NCO,50.000000,10,False
142521,GOLD26SEP140100CE,GOLD,25SEP2026,14010000.000000,1,OPTFUT,NCO,50.000000,10,False
142524,GOLD26SEP140200PE,GOLD,25SEP2026,14020000.000000,1,OPTFUT,NCO,50.000000,10,False
142528,GOLD26SEP142100PE,GOLD,25SEP2026,14210000.000000,1,OPTFUT,NCO,50.000000,10,False
142531,GOLD26SEP142300CE,GOLD,25SEP2026,14230000.000000,1,OPTFUT,NCO,50.000000,10,False
142535,GOLD26SEP142500CE,GOLD,25SEP2026,14250000.000000,1,OPTFUT,NCO,50.000000,10,False
142538,GOLD26SEP142600PE,GOLD,25SEP2026,14260000.000000,1,OPTFUT,NCO,50.000000,10,False
142562,GOLD26NOV143900PE,GOLD,27NOV2026,14390000.000000,1,OPTFUT,NCO,50.000000,10,False
142670,GOLD26DEC147000PE,GOLD,29DEC2026,14700000.000000,1,OPTFUT,NCO,50.000000,10,False
142718,GOLD26DEC141600PE,GOLD,29DEC2026,14160000.000000,1,OPTFUT,NCO,50.000000,10,False
142743,GOLD26DEC147500CE,GOLD,29DEC2026,14750000.000000,1,OPTFUT,NCO,50.000000,10,False
142744,GOLD26DEC147500PE,GOLD,29DEC2026,14750000.000000,1,OPTFUT,NCO,50.000000,10,False
142800,GOLD27JAN141500PE,GOLD,29JAN2027,14150000.000000,1,OPTFUT,NCO,50.000000,10,False
142804,GOLD27JAN141700PE,GOLD,29JAN2027,14170000.000000,1,OPTFUT,NCO,50.000000,10,False
142808,GOLD27JAN141900PE,GOLD,29JAN2027,14190000.000000,1,OPTFUT,NCO,50.000000,10,False
142836,GOLD27JAN142800PE,GOLD,29JAN2027,14280000.000000,1,OPTFUT,NCO,50.000000,10,False
142909,GOLD27JAN143700CE,GOLD,29JAN2027,14370000.000000,1,OPTFUT,NCO,50.000000,10,False
142912,GOLD27JAN143800PE,GOLD,29JAN2027,14380000.000000,1,OPTFUT,NCO,50.000000,10,False
142916,GOLD27JAN144000PE,GOLD,29JAN2027,14400000.000000,1,OPTFUT,NCO,50.000000,10,False
142918,GOLD27JAN144100PE,GOLD,29JAN2027,14410000.000000,1,OPTFUT,NCO,50.000000,10,False
142921,GOLD27JAN144300CE,GOLD,29JAN2027,14430000.000000,1,OPTFUT,NCO,50.000000,10,False
142932,GOLD27JAN144800PE,GOLD,29JAN2027,14480000.000000,1,OPTFUT,NCO,50.000000,10,False
142941,GOLD27JAN145300CE,GOLD,29JAN2027,14530000.000000,1,OPTFUT,NCO,50.000000,10,False
142950,GOLD27JAN145700PE,GOLD,29JAN2027,14570000.000000,1,OPTFUT,NCO,50.000000,10,False
143293,SILVERM26SEP217000CE,SILVERM,23SEP2026,21700000.000000,1,OPTFUT,NCO,50.000000,120,False
143303,SILVERM26SEP218250CE,SILVERM,23SEP2026,21825000.000000,1,OPTFUT,NCO,50.000000,120,False
143320,SILVERM26SEP220250PE,SILVERM,23SEP2026,22025000.000000,1,OPTFUT,NCO,50.000000,120,False
143322,SILVERM26SEP220500PE,SILVERM,23SEP2026,22050000.000000,1,OPTFUT,NCO,50.000000,120,False
143325,SILVERM26SEP221000CE,SILVERM,23SEP2026,22100000.000000,1,OPTFUT,NCO,50.000000,120,False
143327,SILVERM26SEP221250CE,SILVERM,23SEP2026,22125000.000000,1,OPTFUT,NCO,50.000000,120,False
143332,SILVERM26SEP221750PE,SILVERM,23SEP2026,22175000.000000,1,OPTFUT,NCO,50.000000,120,False
143340,SILVERM26SEP222750PE,SILVERM,23SEP2026,22275000.000000,1,OPTFUT,NCO,50.000000,120,False
143342,SILVERM26SEP223000PE,SILVERM,23SEP2026,22300000.000000,1,OPTFUT,NCO,50.000000,120,False
143349,SILVERM26SEP224000CE,SILVERM,23SEP2026,22400000.000000,1,OPTFUT,NCO,50.000000,120,False
143368,SILVERM26OCT220000PE,SILVERM,23OCT2026,22000000.000000,1,OPTFUT,NCO,50.000000,120,False
143376,SILVERM26OCT221000PE,SILVERM,23OCT2026,22100000.000000,1,OPTFUT,NCO,50.000000,120,False
143403,SILVERM26OCT224500CE,SILVERM,23OCT2026,22450000.000000,1,OPTFUT,NCO,50.000000,120,False
143415,SILVERM26NOV219750CE,SILVERM,23NOV2026,21975000.000000,1,OPTFUT,NCO,50.000000,120,False
143440,SILVERM26NOV222750PE,SILVERM,23NOV2026,22275000.000000,1,OPTFUT,NCO,50.000000,120,False
143445,SILVERM26NOV223500CE,SILVERM,23NOV2026,22350000.000000,1,OPTFUT,NCO,50.000000,120,False
143458,SILVERM26NOV225000PE,SILVERM,23NOV2026,22500000.000000,1,OPTFUT,NCO,50.000000,120,False
143459,SILVERM26NOV225250CE,SILVERM,23NOV2026,22525000.000000,1,OPTFUT,NCO,50.000000,120,False
143546,GOLD27JAN147400PE,GOLD,29JAN2027,14740000.000000,1,OPTFUT,NCO,50.000000,10,False
143552,GOLD27JAN147700PE,GOLD,29JAN2027,14770000.000000,1,OPTFUT,NCO,50.000000,10,False
143554,GOLD27JAN147800PE,GOLD,29JAN2027,14780000.000000,1,OPTFUT,NCO,50.000000,10,False
143560,GOLD27JAN148100PE,GOLD,29JAN2027,14810000.000000,1,OPTFUT,NCO,50.000000,10,False
143561,GOLD27JAN148200CE,GOLD,29JAN2027,14820000.000000,1,OPTFUT,NCO,50.000000,10,False
143638,GOLD27JAN149600PE,GOLD,29JAN2027,14960000.000000,1,OPTFUT,NCO,50.000000,10,False
143644,GOLD27JAN149900PE,GOLD,29JAN2027,14990000.000000,1,OPTFUT,NCO,50.000000,10,False
143646,GOLD27JAN150000PE,GOLD,29JAN2027,15000000.000000,1,OPTFUT,NCO,50.000000,10,False
143655,GOLD27JAN150500CE,GOLD,29JAN2027,15050000.000000,1,OPTFUT,NCO,50.000000,10,False
143930,GOLD26SEP142900PE,GOLD,25SEP2026,14290000.000000,1,OPTFUT,NCO,50.000000,10,False
143932,GOLD26SEP143000PE,GOLD,25SEP2026,14300000.000000,1,OPTFUT,NCO,50.000000,10,False
143933,GOLD26SEP143100CE,GOLD,25SEP2026,14310000.000000,1,OPTFUT,NCO,50.000000,10,False
143934,GOLD26SEP143100PE,GOLD,25SEP2026,14310000.000000,1,OPTFUT,NCO,50.000000,10,False
143942,GOLD26SEP143500PE,GOLD,25SEP2026,14350000.000000,1,OPTFUT,NCO,50.000000,10,False
143964,GOLD26SEP144600PE,GOLD,25SEP2026,14460000.000000,1,OPTFUT,NCO,50.000000,10,False
143968,GOLD26SEP144800PE,GOLD,25SEP2026,14480000.000000,1,OPTFUT,NCO,50.000000,10,False
143987,GOLD26OCT144200CE,GOLD,29OCT2026,14420000.000000,1,OPTFUT,NCO,50.000000,10,False
144009,GOLD26OCT145300CE,GOLD,29OCT2026,14530000.000000,1,OPTFUT,NCO,50.000000,10,False
144013,GOLD26OCT145500CE,GOLD,29OCT2026,14550000.000000,1,OPTFUT,NCO,50.000000,10,False
144015,GOLD26OCT145600CE,GOLD,29OCT2026,14560000.000000,1,OPTFUT,NCO,50.000000,10,False
144018,GOLD26NOV144100PE,GOLD,27NOV2026,14410000.000000,1,OPTFUT,NCO,50.000000,10,False
144019,GOLD26NOV144200CE,GOLD,27NOV2026,14420000.000000,1,OPTFUT,NCO,50.000000,10,False
144026,GOLD26NOV144500PE,GOLD,27NOV2026,14450000.000000,1,OPTFUT,NCO,50.000000,10,False
144034,GOLD26NOV144900PE,GOLD,27NOV2026,14490000.000000,1,OPTFUT,NCO,50.000000,10,False
144039,GOLD26NOV145200CE,GOLD,27NOV2026,14520000.000000,1,OPTFUT,NCO,50.000000,10,False
144050,GOLD26NOV145700PE,GOLD,27NOV2026,14570000.000000,1,OPTFUT,NCO,50.000000,10,False
144052,GOLD26NOV145800PE,GOLD,27NOV2026,14580000.000000,1,OPTFUT,NCO,50.000000,10,False
144121,GOLD27JAN151100CE,GOLD,29JAN2027,15110000.000000,1,OPTFUT,NCO,50.000000,10,False
144127,GOLD27JAN151400CE,GOLD,29JAN2027,15140000.000000,1,OPTFUT,NCO,50.000000,10,False
144132,GOLD27JAN151600PE,GOLD,29JAN2027,15160000.000000,1,OPTFUT,NCO,50.000000,10,False
144175,GOLD27FEB142500CE,GOLD,26FEB2027,14250000.000000,1,OPTFUT,NCO,50.000000,10,False
144149,GOLD27JAN152500CE,GOLD,29JAN2027,15250000.000000,1,OPTFUT,NCO,50.000000,10,False
144174,GOLD27FEB142400PE,GOLD,26FEB2027,14240000.000000,1,OPTFUT,NCO,50.000000,10,False
144184,GOLD27FEB142900PE,GOLD,26FEB2027,14290000.000000,1,OPTFUT,NCO,50.000000,10,False
144214,GOLD27FEB143400PE,GOLD,26FEB2027,14340000.000000,1,OPTFUT,NCO,50.000000,10,False
144224,GOLD27FEB143900PE,GOLD,26FEB2027,14390000.000000,1,OPTFUT,NCO,50.000000,10,False
144366,SILVERM26SEP224250PE,SILVERM,23SEP2026,22425000.000000,1,OPTFUT,NCO,50.000000,120,False
144396,SILVERM26OCT226250PE,SILVERM,23OCT2026,22625000.000000,1,OPTFUT,NCO,50.000000,120,False
144397,SILVERM26OCT226500CE,SILVERM,23OCT2026,22650000.000000,1,OPTFUT,NCO,50.000000,120,False
144403,SILVERM26OCT227250CE,SILVERM,23OCT2026,22725000.000000,1,OPTFUT,NCO,50.000000,120,False
144404,SILVERM26OCT227250PE,SILVERM,23OCT2026,22725000.000000,1,OPTFUT,NCO,50.000000,120,False
144411,SILVERM26NOV226500CE,SILVERM,23NOV2026,22650000.000000,1,OPTFUT,NCO,50.000000,120,False
144417,SILVERM26NOV227250CE,SILVERM,23NOV2026,22725000.000000,1,OPTFUT,NCO,50.000000,120,False
144418,SILVERM26NOV227250PE,SILVERM,23NOV2026,22725000.000000,1,OPTFUT,NCO,50.000000,120,False
144430,SILVERM26NOV228750PE,SILVERM,23NOV2026,22875000.000000,1,OPTFUT,NCO,50.000000,120,False
144446,GOLD27FEB145000PE,GOLD,26FEB2027,14500000.000000,1,OPTFUT,NCO,50.000000,10,False
144448,GOLD27FEB145100PE,GOLD,26FEB2027,14510000.000000,1,OPTFUT,NCO,50.000000,10,False
144449,GOLD27FEB145200CE,GOLD,26FEB2027,14520000.000000,1,OPTFUT,NCO,50.000000,10,False
144457,GOLD27FEB145600CE,GOLD,26FEB2027,14560000.000000,1,OPTFUT,NCO,50.000000,10,False
144461,GOLD27FEB145800CE,GOLD,26FEB2027,14580000.000000,1,OPTFUT,NCO,50.000000,10,False
144525,GOLD27FEB146000CE,GOLD,26FEB2027,14600000.000000,1,OPTFUT,NCO,50.000000,10,False
144540,GOLD27FEB146700PE,GOLD,26FEB2027,14670000.000000,1,OPTFUT,NCO,50.000000,10,False
144541,GOLD27FEB146800CE,GOLD,26FEB2027,14680000.000000,1,OPTFUT,NCO,50.000000,10,False
144544,GOLD27FEB146900PE,GOLD,26FEB2027,14690000.000000,1,OPTFUT,NCO,50.000000,10,False
144550,GOLD27FEB147200PE,GOLD,26FEB2027,14720000.000000,1,OPTFUT,NCO,50.000000,10,False
144561,GOLD27FEB147800CE,GOLD,26FEB2027,14780000.000000,1,OPTFUT,NCO,50.000000,10,False
144562,GOLD27FEB147800PE,GOLD,26FEB2027,14780000.000000,1,OPTFUT,NCO,50.000000,10,False
144565,GOLD27FEB148000CE,GOLD,26FEB2027,14800000.000000,1,OPTFUT,NCO,50.000000,10,False
144742,GOLD26SEP145400PE,GOLD,25SEP2026,14540000.000000,1,OPTFUT,NCO,50.000000,10,False
144744,GOLD26SEP145500PE,GOLD,25SEP2026,14550000.000000,1,OPTFUT,NCO,50.000000,10,False
144746,GOLD26SEP145600PE,GOLD,25SEP2026,14560000.000000,1,OPTFUT,NCO,50.000000,10,False
144772,GOLD26OCT146300PE,GOLD,29OCT2026,14630000.000000,1,OPTFUT,NCO,50.000000,10,False
144780,GOLD26OCT146700PE,GOLD,29OCT2026,14670000.000000,1,OPTFUT,NCO,50.000000,10,False
144784,GOLD26OCT146900PE,GOLD,29OCT2026,14690000.000000,1,OPTFUT,NCO,50.000000,10,False
144786,GOLD26OCT147000PE,GOLD,29OCT2026,14700000.000000,1,OPTFUT,NCO,50.000000,10,False
144795,GOLD26NOV146800CE,GOLD,27NOV2026,14680000.000000,1,OPTFUT,NCO,50.000000,10,False
144803,GOLD26NOV147200CE,GOLD,27NOV2026,14720000.000000,1,OPTFUT,NCO,50.000000,10,False
144809,GOLD26NOV147500CE,GOLD,27NOV2026,14750000.000000,1,OPTFUT,NCO,50.000000,10,False
144816,GOLD26NOV147800PE,GOLD,27NOV2026,14780000.000000,1,OPTFUT,NCO,50.000000,10,False
144868,GOLD27FEB149600PE,GOLD,26FEB2027,14960000.000000,1,OPTFUT,NCO,50.000000,10,False
144873,GOLD27FEB149900CE,GOLD,26FEB2027,14990000.000000,1,OPTFUT,NCO,50.000000,10,False
144876,GOLD27FEB150000PE,GOLD,26FEB2027,15000000.000000,1,OPTFUT,NCO,50.000000,10,False
144887,GOLD27FEB150600CE,GOLD,26FEB2027,15060000.000000,1,OPTFUT,NCO,50.000000,10,False
145042,GOLD27FEB151300PE,GOLD,26FEB2027,15130000.000000,1,OPTFUT,NCO,50.000000,10,False
145097,GOLD27FEB154100CE,GOLD,26FEB2027,15410000.000000,1,OPTFUT,NCO,50.000000,10,False
145625,SILVERM26SEP239250CE,SILVERM,23SEP2026,23925000.000000,1,OPTFUT,NCO,50.000000,120,False
145635,SILVERM26SEP240500CE,SILVERM,23SEP2026,24050000.000000,1,OPTFUT,NCO,50.000000,120,False
145659,SILVERM26SEP243500CE,SILVERM,23SEP2026,24350000.000000,1,OPTFUT,NCO,50.000000,120,False
145669,SILVERM26SEP244750CE,SILVERM,23SEP2026,24475000.000000,1,OPTFUT,NCO,50.000000,120,False
145672,SILVERM26SEP245000PE,SILVERM,23SEP2026,24500000.000000,1,OPTFUT,NCO,50.000000,120,False
145689,SILVERM26OCT238500CE,SILVERM,23OCT2026,23850000.000000,1,OPTFUT,NCO,50.000000,120,False
145709,SILVERM26OCT241000CE,SILVERM,23OCT2026,24100000.000000,1,OPTFUT,NCO,50.000000,120,False
145711,SILVERM26OCT241250CE,SILVERM,23OCT2026,24125000.000000,1,OPTFUT,NCO,50.000000,120,False
145720,SILVERM26OCT242250PE,SILVERM,23OCT2026,24225000.000000,1,OPTFUT,NCO,50.000000,120,False
145722,SILVERM26OCT242500PE,SILVERM,23OCT2026,24250000.000000,1,OPTFUT,NCO,50.000000,120,False
145737,SILVERM26OCT244500CE,SILVERM,23OCT2026,24450000.000000,1,OPTFUT,NCO,50.000000,120,False
145750,SILVERM26OCT246000PE,SILVERM,23OCT2026,24600000.000000,1,OPTFUT,NCO,50.000000,120,False
145770,SILVERM26NOV239500PE,SILVERM,23NOV2026,23950000.000000,1,OPTFUT,NCO,50.000000,120,False
145782,SILVERM26NOV241000PE,SILVERM,23NOV2026,24100000.000000,1,OPTFUT,NCO,50.000000,120,False
145786,SILVERM26NOV241500PE,SILVERM,23NOV2026,24150000.000000,1,OPTFUT,NCO,50.000000,120,False
145823,SILVERM26NOV246250CE,SILVERM,23NOV2026,24625000.000000,1,OPTFUT,NCO,50.000000,120,False
145825,SILVERM26NOV246500CE,SILVERM,23NOV2026,24650000.000000,1,OPTFUT,NCO,50.000000,120,False
146203,SILVERM26SEP246000CE,SILVERM,23SEP2026,24600000.000000,1,OPTFUT,NCO,50.000000,120,False
146206,SILVERM26SEP246250PE,SILVERM,23SEP2026,24625000.000000,1,OPTFUT,NCO,50.000000,120,False
146218,SILVERM26SEP247750PE,SILVERM,23SEP2026,24775000.000000,1,OPTFUT,NCO,50.000000,120,False
146238,SILVERM26SEP250250PE,SILVERM,23SEP2026,25025000.000000,1,OPTFUT,NCO,50.000000,120,False
146241,SILVERM26OCT247250CE,SILVERM,23OCT2026,24725000.000000,1,OPTFUT,NCO,50.000000,120,False
146242,SILVERM26OCT247250PE,SILVERM,23OCT2026,24725000.000000,1,OPTFUT,NCO,50.000000,120,False
146248,SILVERM26OCT248000PE,SILVERM,23OCT2026,24800000.000000,1,OPTFUT,NCO,50.000000,120,False
146252,SILVERM26OCT248500PE,SILVERM,23OCT2026,24850000.000000,1,OPTFUT,NCO,50.000000,120,False
146254,SILVERM26OCT248750PE,SILVERM,23OCT2026,24875000.000000,1,OPTFUT,NCO,50.000000,120,False
146255,SILVERM26OCT249000CE,SILVERM,23OCT2026,24900000.000000,1,OPTFUT,NCO,50.000000,120,False
146263,SILVERM26OCT250000CE,SILVERM,23OCT2026,25000000.000000,1,OPTFUT,NCO,50.000000,120,False
146266,SILVERM26OCT250250PE,SILVERM,23OCT2026,25025000.000000,1,OPTFUT,NCO,50.000000,120,False
146267,SILVERM26OCT250500CE,SILVERM,23OCT2026,25050000.000000,1,OPTFUT,NCO,50.000000,120,False
146271,SILVERM26OCT251000CE,SILVERM,23OCT2026,25100000.000000,1,OPTFUT,NCO,50.000000,120,False
146284,SILVERM26NOV249000PE,SILVERM,23NOV2026,24900000.000000,1,OPTFUT,NCO,50.000000,120,False
146287,SILVERM26NOV249500CE,SILVERM,23NOV2026,24950000.000000,1,OPTFUT,NCO,50.000000,120,False
146302,SILVERM26NOV251250PE,SILVERM,23NOV2026,25125000.000000,1,OPTFUT,NCO,50.000000,120,False
146402,SILVERM26SEP257500PE,SILVERM,23SEP2026,25750000.000000,1,OPTFUT,NCO,50.000000,120,False
146414,SILVERM26OCT256500PE,SILVERM,23OCT2026,25650000.000000,1,OPTFUT,NCO,50.000000,120,False
146417,SILVERM26OCT257000CE,SILVERM,23OCT2026,25700000.000000,1,OPTFUT,NCO,50.000000,120,False
146419,SILVERM26OCT257250CE,SILVERM,23OCT2026,25725000.000000,1,OPTFUT,NCO,50.000000,120,False
146428,SILVERM26OCT258250PE,SILVERM,23OCT2026,25825000.000000,1,OPTFUT,NCO,50.000000,120,False
146453,SILVERM26NOV259250CE,SILVERM,23NOV2026,25925000.000000,1,OPTFUT,NCO,50.000000,120,False
146461,SILVERM26NOV260250CE,SILVERM,23NOV2026,26025000.000000,1,OPTFUT,NCO,50.000000,120,False
146482,SILVERM26DEC260500PE,SILVERM,23DEC2026,26050000.000000,1,OPTFUT,NCO,50.000000,120,False
146486,SILVERM26DEC261000PE,SILVERM,23DEC2026,26100000.000000,1,OPTFUT,NCO,50.000000,120,False
146498,SILVERM26DEC262500PE,SILVERM,23DEC2026,26250000.000000,1,OPTFUT,NCO,50.000000,120,False
146940,SILVERM26SEP259750PE,SILVERM,23SEP2026,25975000.000000,1,OPTFUT,NCO,50.000000,120,False
146955,SILVERM26SEP261750CE,SILVERM,23SEP2026,26175000.000000,1,OPTFUT,NCO,50.000000,120,False
146956,SILVERM26SEP261750PE,SILVERM,23SEP2026,26175000.000000,1,OPTFUT,NCO,50.000000,120,False
146973,SILVERM26OCT260500CE,SILVERM,23OCT2026,26050000.000000,1,OPTFUT,NCO,50.000000,120,False
146979,SILVERM26OCT261250CE,SILVERM,23OCT2026,26125000.000000,1,OPTFUT,NCO,50.000000,120,False
146981,SILVERM26OCT261500CE,SILVERM,23OCT2026,26150000.000000,1,OPTFUT,NCO,50.000000,120,False
146986,SILVERM26OCT262000PE,SILVERM,23OCT2026,26200000.000000,1,OPTFUT,NCO,50.000000,120,False
146990,SILVERM26OCT262500PE,SILVERM,23OCT2026,26250000.000000,1,OPTFUT,NCO,50.000000,120,False
146994,SILVERM26OCT263000PE,SILVERM,23OCT2026,26300000.000000,1,OPTFUT,NCO,50.000000,120,False
146995,SILVERM26OCT263250CE,SILVERM,23OCT2026,26325000.000000,1,OPTFUT,NCO,50.000000,120,False
147003,SILVERM26OCT264250CE,SILVERM,23OCT2026,26425000.000000,1,OPTFUT,NCO,50.000000,120,False
147015,SILVERM26NOV262000CE,SILVERM,23NOV2026,26200000.000000,1,OPTFUT,NCO,50.000000,120,False
147035,SILVERM26NOV264500CE,SILVERM,23NOV2026,26450000.000000,1,OPTFUT,NCO,50.000000,120,False
147038,SILVERM26NOV264750PE,SILVERM,23NOV2026,26475000.000000,1,OPTFUT,NCO,50.000000,120,False
147041,SILVERM26NOV265250CE,SILVERM,23NOV2026,26525000.000000,1,OPTFUT,NCO,50.000000,120,False
147048,SILVERM26NOV266000PE,SILVERM,23NOV2026,26600000.000000,1,OPTFUT,NCO,50.000000,120,False
147052,SILVERM26DEC262750PE,SILVERM,23DEC2026,26275000.000000,1,OPTFUT,NCO,50.000000,120,False
147060,SILVERM26DEC263750PE,SILVERM,23DEC2026,26375000.000000,1,OPTFUT,NCO,50.000000,120,False
147511,GOLD26SEP148300CE,GOLD,25SEP2026,14830000.000000,1,OPTFUT,NCO,50.000000,10,False
147512,GOLD26SEP148300PE,GOLD,25SEP2026,14830000.000000,1,OPTFUT,NCO,50.000000,10,False
147541,GOLD26OCT148600CE,GOLD,29OCT2026,14860000.000000,1,OPTFUT,NCO,50.000000,10,False
147556,GOLD26NOV148100PE,GOLD,27NOV2026,14810000.000000,1,OPTFUT,NCO,50.000000,10,False
147557,GOLD26NOV148200CE,GOLD,27NOV2026,14820000.000000,1,OPTFUT,NCO,50.000000,10,False
147570,GOLD26NOV148800PE,GOLD,27NOV2026,14880000.000000,1,OPTFUT,NCO,50.000000,10,False
147578,GOLD26NOV149200PE,GOLD,27NOV2026,14920000.000000,1,OPTFUT,NCO,50.000000,10,False
147580,GOLD26NOV149300PE,GOLD,27NOV2026,14930000.000000,1,OPTFUT,NCO,50.000000,10,False
147601,GOLD26DEC148000CE,GOLD,29DEC2026,14800000.000000,1,OPTFUT,NCO,50.000000,10,False
147610,GOLD26DEC148400PE,GOLD,29DEC2026,14840000.000000,1,OPTFUT,NCO,50.000000,10,False
147612,GOLD26DEC148500PE,GOLD,29DEC2026,14850000.000000,1,OPTFUT,NCO,50.000000,10,False
147632,GOLD26DEC149500PE,GOLD,29DEC2026,14950000.000000,1,OPTFUT,NCO,50.000000,10,False
147636,GOLD26DEC149700PE,GOLD,29DEC2026,14970000.000000,1,OPTFUT,NCO,50.000000,10,False
147651,GOLD26DEC150500CE,GOLD,29DEC2026,15050000.000000,1,OPTFUT,NCO,50.000000,10,False
147652,GOLD26DEC150500PE,GOLD,29DEC2026,15050000.000000,1,OPTFUT,NCO,50.000000,10,False
147707,SILVERM26DEC213500CE,SILVERM,23DEC2026,21350000.000000,1,OPTFUT,NCO,50.000000,120,False
147723,SILVERM26DEC215500CE,SILVERM,23DEC2026,21550000.000000,1,OPTFUT,NCO,50.000000,120,False
147729,SILVERM26DEC216250CE,SILVERM,23DEC2026,21625000.000000,1,OPTFUT,NCO,50.000000,120,False
147820,GOLD26SEP163800PE,GOLD,25SEP2026,16380000.000000,1,OPTFUT,NCO,50.000000,10,False
147852,GOLD26SEP165400PE,GOLD,25SEP2026,16540000.000000,1,OPTFUT,NCO,50.000000,10,False
147867,GOLD26SEP166200CE,GOLD,25SEP2026,16620000.000000,1,OPTFUT,NCO,50.000000,10,False
147872,SILVERM26DEC216750PE,SILVERM,23DEC2026,21675000.000000,1,OPTFUT,NCO,50.000000,120,False
147876,SILVERM26DEC217250PE,SILVERM,23DEC2026,21725000.000000,1,OPTFUT,NCO,50.000000,120,False
147892,SILVERM26DEC219250PE,SILVERM,23DEC2026,21925000.000000,1,OPTFUT,NCO,50.000000,120,False
147906,SILVERM26DEC221000PE,SILVERM,23DEC2026,22100000.000000,1,OPTFUT,NCO,50.000000,120,False
147921,SILVERM26DEC223000CE,SILVERM,23DEC2026,22300000.000000,1,OPTFUT,NCO,50.000000,120,False
147933,SILVERM26DEC224500CE,SILVERM,23DEC2026,22450000.000000,1,OPTFUT,NCO,50.000000,120,False
147941,SILVERM26DEC225500CE,SILVERM,23DEC2026,22550000.000000,1,OPTFUT,NCO,50.000000,120,False
148433,SILVERM26SEP265750CE,SILVERM,23SEP2026,26575000.000000,1,OPTFUT,NCO,50.000000,120,False
148437,SILVERM26SEP266250CE,SILVERM,23SEP2026,26625000.000000,1,OPTFUT,NCO,50.000000,120,False
148443,SILVERM26SEP267000CE,SILVERM,23SEP2026,26700000.000000,1,OPTFUT,NCO,50.000000,120,False
148489,SILVERM26SEP272750CE,SILVERM,23SEP2026,27275000.000000,1,OPTFUT,NCO,50.000000,120,False
148499,SILVERM26OCT265500CE,SILVERM,23OCT2026,26550000.000000,1,OPTFUT,NCO,50.000000,120,False
148503,SILVERM26OCT266000CE,SILVERM,23OCT2026,26600000.000000,1,OPTFUT,NCO,50.000000,120,False
148513,SILVERM26OCT267250CE,SILVERM,23OCT2026,26725000.000000,1,OPTFUT,NCO,50.000000,120,False
148523,SILVERM26OCT268500CE,SILVERM,23OCT2026,26850000.000000,1,OPTFUT,NCO,50.000000,120,False
148525,SILVERM26OCT268750CE,SILVERM,23OCT2026,26875000.000000,1,OPTFUT,NCO,50.000000,120,False
148527,SILVERM26OCT269000CE,SILVERM,23OCT2026,26900000.000000,1,OPTFUT,NCO,50.000000,120,False
148528,SILVERM26OCT269000PE,SILVERM,23OCT2026,26900000.000000,1,OPTFUT,NCO,50.000000,120,False
148531,SILVERM26OCT269500CE,SILVERM,23OCT2026,26950000.000000,1,OPTFUT,NCO,50.000000,120,False
148538,SILVERM26OCT270250PE,SILVERM,23OCT2026,27025000.000000,1,OPTFUT,NCO,50.000000,120,False
148556,SILVERM26OCT272500PE,SILVERM,23OCT2026,27250000.000000,1,OPTFUT,NCO,50.000000,120,False
148560,SILVERM26OCT273000PE,SILVERM,23OCT2026,27300000.000000,1,OPTFUT,NCO,50.000000,120,False
148562,SILVERM26OCT273250PE,SILVERM,23OCT2026,27325000.000000,1,OPTFUT,NCO,50.000000,120,False
148589,SILVERM26NOV268000CE,SILVERM,23NOV2026,26800000.000000,1,OPTFUT,NCO,50.000000,120,False
148597,SILVERM26NOV269000CE,SILVERM,23NOV2026,26900000.000000,1,OPTFUT,NCO,50.000000,120,False
148605,SILVERM26NOV270000CE,SILVERM,23NOV2026,27000000.000000,1,OPTFUT,NCO,50.000000,120,False
148607,SILVERM26NOV270250CE,SILVERM,23NOV2026,27025000.000000,1,OPTFUT,NCO,50.000000,120,False
148611,SILVERM26NOV270750CE,SILVERM,23NOV2026,27075000.000000,1,OPTFUT,NCO,50.000000,120,False
148616,SILVERM26NOV271250PE,SILVERM,23NOV2026,27125000.000000,1,OPTFUT,NCO,50.000000,120,False
148622,SILVERM26NOV272000PE,SILVERM,23NOV2026,27200000.000000,1,OPTFUT,NCO,50.000000,120,False
148644,SILVERM26NOV274750PE,SILVERM,23NOV2026,27475000.000000,1,OPTFUT,NCO,50.000000,120,False
148651,SILVERM26NOV275750CE,SILVERM,23NOV2026,27575000.000000,1,OPTFUT,NCO,50.000000,120,False
148654,SILVERM26NOV276000PE,SILVERM,23NOV2026,27600000.000000,1,OPTFUT,NCO,50.000000,120,False
148659,SILVERM26DEC268000CE,SILVERM,23DEC2026,26800000.000000,1,OPTFUT,NCO,50.000000,120,False
148669,SILVERM26DEC269250CE,SILVERM,23DEC2026,26925000.000000,1,OPTFUT,NCO,50.000000,120,False
126991,SILVERM26DEC247000CE,SILVERM,23DEC2026,24700000.000000,1,OPTFUT,NCO,50.000000,120,False
148673,SILVERM26DEC269750CE,SILVERM,23DEC2026,26975000.000000,1,OPTFUT,NCO,50.000000,120,False
148716,SILVERM26DEC275000PE,SILVERM,23DEC2026,27500000.000000,1,OPTFUT,NCO,50.000000,120,False
148724,SILVERM26DEC276000PE,SILVERM,23DEC2026,27600000.000000,1,OPTFUT,NCO,50.000000,120,False
126996,SILVERM26DEC247500PE,SILVERM,23DEC2026,24750000.000000,1,OPTFUT,NCO,50.000000,120,False
127020,SILVERM26DEC249000PE,SILVERM,23DEC2026,24900000.000000,1,OPTFUT,NCO,50.000000,120,False
127025,SILVERM26DEC249750CE,SILVERM,23DEC2026,24975000.000000,1,OPTFUT,NCO,50.000000,120,False
127033,SILVER27MAR223250PE,SILVER,02MAR2027,22325000.000000,1,OPTBLN,NCO,50.000000,20,False
127051,COPPER26DEC1485PE,COPPER,23DEC2026,148500.000000,1,OPTFUT,NCO,1.000000,70,False
127052,CRUDEOIL26OCT11700CE,CRUDEOIL,08OCT2026,1170000.000000,1,OPTFUT,NCO,10.000000,100,False
127066,CRUDEOIL26OCT12050CE,CRUDEOIL,08OCT2026,1205000.000000,1,OPTFUT,NCO,10.000000,100,False
127076,CRUDEOIL26OCT12250CE,CRUDEOIL,08OCT2026,1225000.000000,1,OPTFUT,NCO,10.000000,100,False
127094,SILVERM26DEC251000CE,SILVERM,23DEC2026,25100000.000000,1,OPTFUT,NCO,50.000000,120,False
127104,SILVERM26DEC252250CE,SILVERM,23DEC2026,25225000.000000,1,OPTFUT,NCO,50.000000,120,False
127108,SILVER27MAR224500PE,SILVER,02MAR2027,22450000.000000,1,OPTBLN,NCO,50.000000,20,False
127109,SILVER27MAR224750CE,SILVER,02MAR2027,22475000.000000,1,OPTBLN,NCO,50.000000,20,False
127120,NATURALGAS26OCT180CE,NATURALGAS,21OCT2026,18000.000000,1,OPTFUT,NCO,5.000000,48,False
127121,NATURALGAS26OCT180PE,NATURALGAS,21OCT2026,18000.000000,1,OPTFUT,NCO,5.000000,48,False
127126,SILVERM27MAR272000CE,SILVERM,24MAR2027,27200000.000000,1,OPTFUT,NCO,50.000000,120,False
127137,SILVERM27MAR265750PE,SILVERM,24MAR2027,26575000.000000,1,OPTFUT,NCO,50.000000,120,False
127167,SILVER27MAR226250CE,SILVER,02MAR2027,22625000.000000,1,OPTBLN,NCO,50.000000,20,False
127174,SILVERM27MAR273250CE,SILVERM,24MAR2027,27325000.000000,1,OPTFUT,NCO,50.000000,120,False
127179,SILVERM27MAR273750PE,SILVERM,24MAR2027,27375000.000000,1,OPTFUT,NCO,50.000000,120,False
127182,SILVERM27MAR274250CE,SILVERM,24MAR2027,27425000.000000,1,OPTFUT,NCO,50.000000,120,False
127194,SILVERM27APR270500PE,SILVERM,23APR2027,27050000.000000,1,OPTFUT,NCO,50.000000,120,False
127200,SILVERM27FEB291750CE,SILVERM,19FEB2027,29175000.000000,1,OPTFUT,NCO,50.000000,120,False
127201,SILVERM27FEB291750PE,SILVERM,19FEB2027,29175000.000000,1,OPTFUT,NCO,50.000000,120,False
127211,SILVERM27FEB292000PE,SILVERM,19FEB2027,29200000.000000,1,OPTFUT,NCO,50.000000,120,False
127225,SILVERM27FEB293750PE,SILVERM,19FEB2027,29375000.000000,1,OPTFUT,NCO,50.000000,120,False
127227,SILVERM27FEB294000PE,SILVERM,19FEB2027,29400000.000000,1,OPTFUT,NCO,50.000000,120,False
127251,SILVERM27FEB296000CE,SILVERM,19FEB2027,29600000.000000,1,OPTFUT,NCO,50.000000,120,False
127253,SILVERM27FEB296250CE,SILVERM,19FEB2027,29625000.000000,1,OPTFUT,NCO,50.000000,120,False
127338,GOLD27MAR152900CE,GOLD,29MAR2027,15290000.000000,1,OPTFUT,NCO,50.000000,10,False
127261,SILVERM27FEB297250CE,SILVERM,19FEB2027,29725000.000000,1,OPTFUT,NCO,50.000000,120,False
127262,SILVERM27FEB297250PE,SILVERM,19FEB2027,29725000.000000,1,OPTFUT,NCO,50.000000,120,False
127322,SILVERM27FEB300750PE,SILVERM,19FEB2027,30075000.000000,1,OPTFUT,NCO,50.000000,120,False
127339,GOLD27MAR152900PE,GOLD,29MAR2027,15290000.000000,1,OPTFUT,NCO,50.000000,10,False
127370,SILVERM27APR274750PE,SILVERM,23APR2027,27475000.000000,1,OPTFUT,NCO,50.000000,120,False
127373,SILVERM27APR275250CE,SILVERM,23APR2027,27525000.000000,1,OPTFUT,NCO,50.000000,120,False
127399,ZINC26NOV422.5CE,ZINC,23NOV2026,42250.000000,1,OPTFUT,NCO,1.000000,20,False
127417,SILVERM27JAN305000CE,SILVERM,21JAN2027,30500000.000000,1,OPTFUT,NCO,50.000000,120,False
127422,SILVERM27JAN305500PE,SILVERM,21JAN2027,30550000.000000,1,OPTFUT,NCO,50.000000,120,False
127425,SILVERM27JAN306000CE,SILVERM,21JAN2027,30600000.000000,1,OPTFUT,NCO,50.000000,120,False
127452,SILVERM27JAN309250PE,SILVERM,21JAN2027,30925000.000000,1,OPTFUT,NCO,50.000000,120,False
127453,GOLD27MAR153700PE,GOLD,29MAR2027,15370000.000000,1,OPTFUT,NCO,50.000000,10,False
127461,GOLD27MAR154100PE,GOLD,29MAR2027,15410000.000000,1,OPTFUT,NCO,50.000000,10,False
127467,GOLD27MAR154400PE,GOLD,29MAR2027,15440000.000000,1,OPTFUT,NCO,50.000000,10,False
127469,GOLD27MAR154500PE,GOLD,29MAR2027,15450000.000000,1,OPTFUT,NCO,50.000000,10,False
127471,GOLD27MAR154600PE,GOLD,29MAR2027,15460000.000000,1,OPTFUT,NCO,50.000000,10,False
127476,GOLD27MAR154900CE,GOLD,29MAR2027,15490000.000000,1,OPTFUT,NCO,50.000000,10,False
127487,GOLD27MAR155400PE,GOLD,29MAR2027,15540000.000000,1,OPTFUT,NCO,50.000000,10,False
127492,GOLD27MAR155700CE,GOLD,29MAR2027,15570000.000000,1,OPTFUT,NCO,50.000000,10,False
127502,GOLD27MAR156200CE,GOLD,29MAR2027,15620000.000000,1,OPTFUT,NCO,50.000000,10,False
127503,GOLD27MAR156200PE,GOLD,29MAR2027,15620000.000000,1,OPTFUT,NCO,50.000000,10,False
127504,GOLD27MAR156300CE,GOLD,29MAR2027,15630000.000000,1,OPTFUT,NCO,50.000000,10,False
127510,GOLD27MAR156600CE,GOLD,29MAR2027,15660000.000000,1,OPTFUT,NCO,50.000000,10,False
127531,ZINC26SEP365PE,ZINC,23SEP2026,36500.000000,1,OPTFUT,NCO,1.000000,20,False
127537,ZINC26SEP372.5PE,ZINC,23SEP2026,37250.000000,1,OPTFUT,NCO,1.000000,20,False
127544,SILVERM27MAR228250PE,SILVERM,24MAR2027,22825000.000000,1,OPTFUT,NCO,50.000000,120,False
127547,SILVERM27MAR228750CE,SILVERM,24MAR2027,22875000.000000,1,OPTFUT,NCO,50.000000,120,False
127551,SILVERM27MAR229250CE,SILVERM,24MAR2027,22925000.000000,1,OPTFUT,NCO,50.000000,120,False
127557,SILVERM27MAR230000CE,SILVERM,24MAR2027,23000000.000000,1,OPTFUT,NCO,50.000000,120,False
127560,GOLD27JUN159500PE,GOLD,28JUN2027,15950000.000000,1,OPTFUT,NCO,50.000000,10,False
127583,SILVER27MAR228750CE,SILVER,02MAR2027,22875000.000000,1,OPTBLN,NCO,50.000000,20,False
127605,GOLD27APR162700CE,GOLD,28APR2027,16270000.000000,1,OPTFUT,NCO,50.000000,10,False
127631,SILVER26DEC222750CE,SILVER,01DEC2026,22275000.000000,1,OPTBLN,NCO,50.000000,20,False
127649,SILVER26DEC225000CE,SILVER,01DEC2026,22500000.000000,1,OPTBLN,NCO,50.000000,20,False
127660,SILVER26DEC226250PE,SILVER,01DEC2026,22625000.000000,1,OPTBLN,NCO,50.000000,20,False
127661,SILVER26DEC226500CE,SILVER,01DEC2026,22650000.000000,1,OPTBLN,NCO,50.000000,20,False
127664,SILVER26DEC226750PE,SILVER,01DEC2026,22675000.000000,1,OPTBLN,NCO,50.000000,20,False
127665,SILVER26DEC227000CE,SILVER,01DEC2026,22700000.000000,1,OPTBLN,NCO,50.000000,20,False
127667,SILVER26DEC227250CE,SILVER,01DEC2026,22725000.000000,1,OPTBLN,NCO,50.000000,20,False
127688,SILVER26DEC229750PE,SILVER,01DEC2026,22975000.000000,1,OPTBLN,NCO,50.000000,20,False
127691,SILVER26DEC230250CE,SILVER,01DEC2026,23025000.000000,1,OPTBLN,NCO,50.000000,20,False
127696,SILVER26DEC230750PE,SILVER,01DEC2026,23075000.000000,1,OPTBLN,NCO,50.000000,20,False
127700,SILVER26DEC231250PE,SILVER,01DEC2026,23125000.000000,1,OPTBLN,NCO,50.000000,20,False
127729,SILVERM27FEB304000CE,SILVERM,19FEB2027,30400000.000000,1,OPTFUT,NCO,50.000000,120,False
127701,SILVER26DEC231500CE,SILVER,01DEC2026,23150000.000000,1,OPTBLN,NCO,50.000000,20,False
127707,SILVER26DEC232250CE,SILVER,01DEC2026,23225000.000000,1,OPTBLN,NCO,50.000000,20,False
127711,SILVERM27FEB301750CE,SILVERM,19FEB2027,30175000.000000,1,OPTFUT,NCO,50.000000,120,False
127732,SILVERM27FEB304250PE,SILVERM,19FEB2027,30425000.000000,1,OPTFUT,NCO,50.000000,120,False
127734,GOLD27MAR157100PE,GOLD,29MAR2027,15710000.000000,1,OPTFUT,NCO,50.000000,10,False
127749,SILVER26DEC233000PE,SILVER,01DEC2026,23300000.000000,1,OPTBLN,NCO,50.000000,20,False
127750,SILVER26DEC233250CE,SILVER,01DEC2026,23325000.000000,1,OPTBLN,NCO,50.000000,20,False
127774,SILVER26DEC235000PE,SILVER,01DEC2026,23500000.000000,1,OPTBLN,NCO,50.000000,20,False
127802,SILVERM27MAR277500PE,SILVERM,24MAR2027,27750000.000000,1,OPTFUT,NCO,50.000000,120,False
127843,SILVERM27JAN310500CE,SILVERM,21JAN2027,31050000.000000,1,OPTFUT,NCO,50.000000,120,False
127845,SILVERM27JAN310750CE,SILVERM,21JAN2027,31075000.000000,1,OPTFUT,NCO,50.000000,120,False
127849,SILVERM27JAN311250CE,SILVERM,21JAN2027,31125000.000000,1,OPTFUT,NCO,50.000000,120,False
127859,SILVER26DEC236750CE,SILVER,01DEC2026,23675000.000000,1,OPTBLN,NCO,50.000000,20,False
127865,SILVER26DEC237500CE,SILVER,01DEC2026,23750000.000000,1,OPTBLN,NCO,50.000000,20,False
127869,SILVER26DEC238000CE,SILVER,01DEC2026,23800000.000000,1,OPTBLN,NCO,50.000000,20,False
127879,SILVER26DEC239250CE,SILVER,01DEC2026,23925000.000000,1,OPTBLN,NCO,50.000000,20,False
127880,SILVER26DEC239250PE,SILVER,01DEC2026,23925000.000000,1,OPTBLN,NCO,50.000000,20,False
127881,SILVER26DEC239500CE,SILVER,01DEC2026,23950000.000000,1,OPTBLN,NCO,50.000000,20,False
127889,SILVERM27MAR279500CE,SILVERM,24MAR2027,27950000.000000,1,OPTFUT,NCO,50.000000,120,False
127900,ZINC26SEP387.5PE,ZINC,23SEP2026,38750.000000,1,OPTFUT,NCO,1.000000,20,False
127938,GOLD26OCT132500CE,GOLD,29OCT2026,13250000.000000,1,OPTFUT,NCO,50.000000,10,False
127944,GOLD26OCT132800CE,GOLD,29OCT2026,13280000.000000,1,OPTFUT,NCO,50.000000,10,False
127946,GOLD26OCT132900CE,GOLD,29OCT2026,13290000.000000,1,OPTFUT,NCO,50.000000,10,False
127961,SILVER26DEC240000CE,SILVER,01DEC2026,24000000.000000,1,OPTBLN,NCO,50.000000,20,False
128027,SILVER27MAR234000CE,SILVER,02MAR2027,23400000.000000,1,OPTBLN,NCO,50.000000,20,False
128032,SILVER27MAR234500PE,SILVER,02MAR2027,23450000.000000,1,OPTBLN,NCO,50.000000,20,False
128051,SILVERM27JAN312750CE,SILVERM,21JAN2027,31275000.000000,1,OPTFUT,NCO,50.000000,120,False
128069,SILVERM27JAN315000CE,SILVERM,21JAN2027,31500000.000000,1,OPTFUT,NCO,50.000000,120,False
128070,SILVERM27JAN315000PE,SILVERM,21JAN2027,31500000.000000,1,OPTFUT,NCO,50.000000,120,False
128075,SILVERM27JAN315750CE,SILVERM,21JAN2027,31575000.000000,1,OPTFUT,NCO,50.000000,120,False
128083,SILVER26DEC240750PE,SILVER,01DEC2026,24075000.000000,1,OPTBLN,NCO,50.000000,20,False
128087,SILVER26DEC241250PE,SILVER,01DEC2026,24125000.000000,1,OPTBLN,NCO,50.000000,20,False
128090,SILVER26DEC241750CE,SILVER,01DEC2026,24175000.000000,1,OPTBLN,NCO,50.000000,20,False
128099,SILVER26DEC242750PE,SILVER,01DEC2026,24275000.000000,1,OPTBLN,NCO,50.000000,20,False
128121,GOLD26OCT133700PE,GOLD,29OCT2026,13370000.000000,1,OPTFUT,NCO,50.000000,10,False
128124,GOLD26OCT133900CE,GOLD,29OCT2026,13390000.000000,1,OPTFUT,NCO,50.000000,10,False
128128,SILVERM27JAN317000CE,SILVERM,21JAN2027,31700000.000000,1,OPTFUT,NCO,50.000000,120,False
128139,SILVERM27JAN318250PE,SILVERM,21JAN2027,31825000.000000,1,OPTFUT,NCO,50.000000,120,False
128146,SILVERM27JAN319250CE,SILVERM,21JAN2027,31925000.000000,1,OPTFUT,NCO,50.000000,120,False
128165,SILVERM26SEP195750PE,SILVERM,23SEP2026,19575000.000000,1,OPTFUT,NCO,50.000000,120,False
128169,SILVERM26SEP196250PE,SILVERM,23SEP2026,19625000.000000,1,OPTFUT,NCO,50.000000,120,False
128170,SILVER26DEC245000PE,SILVER,01DEC2026,24500000.000000,1,OPTBLN,NCO,50.000000,20,False
128173,SILVERM27MAR234750PE,SILVERM,24MAR2027,23475000.000000,1,OPTFUT,NCO,50.000000,120,False
128174,SILVERM27MAR235000CE,SILVERM,24MAR2027,23500000.000000,1,OPTFUT,NCO,50.000000,120,False
128195,SILVERM27MAR235500PE,SILVERM,24MAR2027,23550000.000000,1,OPTFUT,NCO,50.000000,120,False
128212,SILVERM27MAR237750CE,SILVERM,24MAR2027,23775000.000000,1,OPTFUT,NCO,50.000000,120,False
128214,SILVERM27MAR238000CE,SILVERM,24MAR2027,23800000.000000,1,OPTFUT,NCO,50.000000,120,False
128226,SILVERM27MAR239500CE,SILVERM,24MAR2027,23950000.000000,1,OPTFUT,NCO,50.000000,120,False
128229,SILVERM27MAR239750PE,SILVERM,24MAR2027,23975000.000000,1,OPTFUT,NCO,50.000000,120,False
128230,SILVERM27MAR240000CE,SILVERM,24MAR2027,24000000.000000,1,OPTFUT,NCO,50.000000,120,False
128242,SILVERM27MAR283500CE,SILVERM,24MAR2027,28350000.000000,1,OPTFUT,NCO,50.000000,120,False
128247,SILVERM27MAR284000PE,SILVERM,24MAR2027,28400000.000000,1,OPTFUT,NCO,50.000000,120,False
128254,SILVERM27MAR285000CE,SILVERM,24MAR2027,28500000.000000,1,OPTFUT,NCO,50.000000,120,False
128263,SILVERM27MAR286000PE,SILVERM,24MAR2027,28600000.000000,1,OPTFUT,NCO,50.000000,120,False
128276,SILVERM27APR278250CE,SILVERM,23APR2027,27825000.000000,1,OPTFUT,NCO,50.000000,120,False
128302,SILVERM27APR281500CE,SILVERM,23APR2027,28150000.000000,1,OPTFUT,NCO,50.000000,120,False
128346,SILVERM27MAR232500PE,SILVERM,24MAR2027,23250000.000000,1,OPTFUT,NCO,50.000000,120,False
128359,SILVERM26SEP196500CE,SILVERM,23SEP2026,19650000.000000,1,OPTFUT,NCO,50.000000,120,False
128367,SILVERM26SEP197500CE,SILVERM,23SEP2026,19750000.000000,1,OPTFUT,NCO,50.000000,120,False
128378,SILVERM26SEP198750PE,SILVERM,23SEP2026,19875000.000000,1,OPTFUT,NCO,50.000000,120,False
128383,SILVERM26SEP199500CE,SILVERM,23SEP2026,19950000.000000,1,OPTFUT,NCO,50.000000,120,False
128407,SILVERM27JAN322500CE,SILVERM,21JAN2027,32250000.000000,1,OPTFUT,NCO,50.000000,120,False
128412,SILVERM27JAN323000PE,SILVERM,21JAN2027,32300000.000000,1,OPTFUT,NCO,50.000000,120,False
128417,SILVERM27JAN323750CE,SILVERM,21JAN2027,32375000.000000,1,OPTFUT,NCO,50.000000,120,False
128429,SILVERM27JAN325250CE,SILVERM,21JAN2027,32525000.000000,1,OPTFUT,NCO,50.000000,120,False
128457,SILVERM27APR282500CE,SILVERM,23APR2027,28250000.000000,1,OPTFUT,NCO,50.000000,120,False
128468,GOLD27MAR157700PE,GOLD,29MAR2027,15770000.000000,1,OPTFUT,NCO,50.000000,10,False
128482,GOLD27MAR158400PE,GOLD,29MAR2027,15840000.000000,1,OPTFUT,NCO,50.000000,10,False
128487,SILVERM27APR283500CE,SILVERM,23APR2027,28350000.000000,1,OPTFUT,NCO,50.000000,120,False
128496,SILVERM27APR284500PE,SILVERM,23APR2027,28450000.000000,1,OPTFUT,NCO,50.000000,120,False
128498,SILVERM27FEB305250PE,SILVERM,19FEB2027,30525000.000000,1,OPTFUT,NCO,50.000000,120,False
128526,SILVERM27FEB308750PE,SILVERM,19FEB2027,30875000.000000,1,OPTFUT,NCO,50.000000,120,False
128532,SILVERM27FEB309500PE,SILVERM,19FEB2027,30950000.000000,1,OPTFUT,NCO,50.000000,120,False
128534,SILVERM27FEB309750PE,SILVERM,19FEB2027,30975000.000000,1,OPTFUT,NCO,50.000000,120,False
128575,SILVERM27FEB315000CE,SILVERM,19FEB2027,31500000.000000,1,OPTFUT,NCO,50.000000,120,False
128577,SILVERM27FEB315250CE,SILVERM,19FEB2027,31525000.000000,1,OPTFUT,NCO,50.000000,120,False
128586,SILVERM27FEB316250PE,SILVERM,19FEB2027,31625000.000000,1,OPTFUT,NCO,50.000000,120,False
128588,SILVERM27JUN250500CE,SILVERM,23JUN2027,25050000.000000,1,OPTFUT,NCO,50.000000,120,False
128591,SILVERM27JUN250750PE,SILVERM,23JUN2027,25075000.000000,1,OPTFUT,NCO,50.000000,120,False
128594,SILVERM27JUN251250CE,SILVERM,23JUN2027,25125000.000000,1,OPTFUT,NCO,50.000000,120,False
128616,GOLD27MAR159300CE,GOLD,29MAR2027,15930000.000000,1,OPTFUT,NCO,50.000000,10,False
128633,SILVER26DEC246000CE,SILVER,01DEC2026,24600000.000000,1,OPTBLN,NCO,50.000000,20,False
128643,SILVER26DEC247250CE,SILVER,01DEC2026,24725000.000000,1,OPTBLN,NCO,50.000000,20,False
128650,SILVER26DEC248000PE,SILVER,01DEC2026,24800000.000000,1,OPTBLN,NCO,50.000000,20,False
128651,SILVER26DEC248250CE,SILVER,01DEC2026,24825000.000000,1,OPTBLN,NCO,50.000000,20,False
128655,SILVER26DEC248750CE,SILVER,01DEC2026,24875000.000000,1,OPTBLN,NCO,50.000000,20,False
128658,SILVER26DEC249000PE,SILVER,01DEC2026,24900000.000000,1,OPTBLN,NCO,50.000000,20,False
128668,COPPER26OCT1260PE,COPPER,23OCT2026,126000.000000,1,OPTFUT,NCO,1.000000,70,False
128675,GOLDM26SEP152500PE,GOLDM,25SEP2026,15250000.000000,1,OPTFUT,NCO,50.000000,100,False
128676,SILVERM27MAR267250PE,SILVERM,24MAR2027,26725000.000000,1,OPTFUT,NCO,50.000000,120,False
128680,GOLD27MAR159900CE,GOLD,29MAR2027,15990000.000000,1,OPTFUT,NCO,50.000000,10,False
128681,GOLD27MAR159900PE,GOLD,29MAR2027,15990000.000000,1,OPTFUT,NCO,50.000000,10,False
128694,GOLD27MAR160600CE,GOLD,29MAR2027,16060000.000000,1,OPTFUT,NCO,50.000000,10,False
128699,GOLD27MAR160800PE,GOLD,29MAR2027,16080000.000000,1,OPTFUT,NCO,50.000000,10,False
128765,GOLD27MAY156900PE,GOLD,28MAY2027,15690000.000000,1,OPTFUT,NCO,50.000000,10,False
128768,GOLD27MAY157100CE,GOLD,28MAY2027,15710000.000000,1,OPTFUT,NCO,50.000000,10,False
128781,GOLD27MAY157700PE,GOLD,28MAY2027,15770000.000000,1,OPTFUT,NCO,50.000000,10,False
128802,GOLD27MAY158800CE,GOLD,28MAY2027,15880000.000000,1,OPTFUT,NCO,50.000000,10,False
128803,GOLD27MAY158800PE,GOLD,28MAY2027,15880000.000000,1,OPTFUT,NCO,50.000000,10,False
128805,SILVERM27JUN252000PE,SILVERM,23JUN2027,25200000.000000,1,OPTFUT,NCO,50.000000,120,False
128812,SILVERM26OCT169250CE,SILVERM,23OCT2026,16925000.000000,1,OPTFUT,NCO,50.000000,120,False
128819,SILVERM26OCT170000PE,SILVERM,23OCT2026,17000000.000000,1,OPTFUT,NCO,50.000000,120,False
128820,SILVERM26OCT170250CE,SILVERM,23OCT2026,17025000.000000,1,OPTFUT,NCO,50.000000,120,False
128823,SILVERM26OCT170500PE,SILVERM,23OCT2026,17050000.000000,1,OPTFUT,NCO,50.000000,120,False
128832,SILVERM26OCT171750CE,SILVERM,23OCT2026,17175000.000000,1,OPTFUT,NCO,50.000000,120,False
128844,GOLD26OCT134200CE,GOLD,29OCT2026,13420000.000000,1,OPTFUT,NCO,50.000000,10,False
128853,SILVERM26OCT197000PE,SILVERM,23OCT2026,19700000.000000,1,OPTFUT,NCO,50.000000,120,False
128861,SILVERM26OCT198000PE,SILVERM,23OCT2026,19800000.000000,1,OPTFUT,NCO,50.000000,120,False
128878,SILVERM26OCT200250CE,SILVERM,23OCT2026,20025000.000000,1,OPTFUT,NCO,50.000000,120,False
128881,SILVERM26OCT200500PE,SILVERM,23OCT2026,20050000.000000,1,OPTFUT,NCO,50.000000,120,False
128886,SILVERM26OCT201250CE,SILVERM,23OCT2026,20125000.000000,1,OPTFUT,NCO,50.000000,120,False
128914,GOLD27MAY159200CE,GOLD,28MAY2027,15920000.000000,1,OPTFUT,NCO,50.000000,10,False
128935,SILVERM26DEC253500PE,SILVERM,23DEC2026,25350000.000000,1,OPTFUT,NCO,50.000000,120,False
128936,GOLD27JANFUT,GOLD,05JAN2027,-1.000000,1,FUTBLN,NCO,100.000000,10,False
128937,SILVERM27APR284750PE,SILVERM,23APR2027,28475000.000000,1,OPTFUT,NCO,50.000000,120,False
128972,COPPER26OCT1275PE,COPPER,23OCT2026,127500.000000,1,OPTFUT,NCO,1.000000,70,False
128941,SILVERM27JUN252750CE,SILVERM,23JUN2027,25275000.000000,1,OPTFUT,NCO,50.000000,120,False
128950,SILVERM27MAR268750PE,SILVERM,24MAR2027,26875000.000000,1,OPTFUT,NCO,50.000000,120,False
128953,GOLD27MAY159500CE,GOLD,28MAY2027,15950000.000000,1,OPTFUT,NCO,50.000000,10,False
128978,COPPER26OCT1290PE,COPPER,23OCT2026,129000.000000,1,OPTFUT,NCO,1.000000,70,False
128991,GOLDM26SEP152600PE,GOLDM,25SEP2026,15260000.000000,1,OPTFUT,NCO,50.000000,100,False
128992,GOLDM26SEP152700CE,GOLDM,25SEP2026,15270000.000000,1,OPTFUT,NCO,50.000000,100,False
128996,GOLD26OCT134900CE,GOLD,29OCT2026,13490000.000000,1,OPTFUT,NCO,50.000000,10,False
129021,GOLD27MAY159800PE,GOLD,28MAY2027,15980000.000000,1,OPTFUT,NCO,50.000000,10,False
129031,GOLD27MAY159900PE,GOLD,28MAY2027,15990000.000000,1,OPTFUT,NCO,50.000000,10,False
129048,GOLD26OCT135400CE,GOLD,29OCT2026,13540000.000000,1,OPTFUT,NCO,50.000000,10,False
129049,GOLD26OCT135400PE,GOLD,29OCT2026,13540000.000000,1,OPTFUT,NCO,50.000000,10,False
129053,GOLD26OCT135600PE,GOLD,29OCT2026,13560000.000000,1,OPTFUT,NCO,50.000000,10,False
129059,SILVERM27APR288250PE,SILVERM,23APR2027,28825000.000000,1,OPTFUT,NCO,50.000000,120,False
129060,GOLD27MAY160500CE,GOLD,28MAY2027,16050000.000000,1,OPTFUT,NCO,50.000000,10,False
129062,GOLD27MAY160600CE,GOLD,28MAY2027,16060000.000000,1,OPTFUT,NCO,50.000000,10,False
129074,SILVER27MAR236000CE,SILVER,02MAR2027,23600000.000000,1,OPTBLN,NCO,50.000000,20,False
129083,GOLDM26OCT152800PE,GOLDM,29OCT2026,15280000.000000,1,OPTFUT,NCO,50.000000,100,False
129111,SILVERM27APR232750PE,SILVERM,23APR2027,23275000.000000,1,OPTFUT,NCO,50.000000,120,False
129147,SILVER27MAR237750PE,SILVER,02MAR2027,23775000.000000,1,OPTBLN,NCO,50.000000,20,False
129148,SILVER27MAR238000CE,SILVER,02MAR2027,23800000.000000,1,OPTBLN,NCO,50.000000,20,False
129149,SILVER27MAR238000PE,SILVER,02MAR2027,23800000.000000,1,OPTBLN,NCO,50.000000,20,False
129174,SILVER27MAR238500CE,SILVER,02MAR2027,23850000.000000,1,OPTBLN,NCO,50.000000,20,False
129205,SILVERM26NOV199250PE,SILVERM,23NOV2026,19925000.000000,1,OPTFUT,NCO,50.000000,120,False
129211,SILVERM26NOV200000PE,SILVERM,23NOV2026,20000000.000000,1,OPTFUT,NCO,50.000000,120,False
129212,SILVERM26NOV200250CE,SILVERM,23NOV2026,20025000.000000,1,OPTFUT,NCO,50.000000,120,False
129221,SILVERM27JUN233750PE,SILVERM,23JUN2027,23375000.000000,1,OPTFUT,NCO,50.000000,120,False
129223,SILVERM27JUN234000PE,SILVERM,23JUN2027,23400000.000000,1,OPTFUT,NCO,50.000000,120,False
129226,SILVERM27JUN234500CE,SILVERM,23JUN2027,23450000.000000,1,OPTFUT,NCO,50.000000,120,False
129227,SILVERM27JUN234500PE,SILVERM,23JUN2027,23450000.000000,1,OPTFUT,NCO,50.000000,120,False
129256,SILVERM27JAN326750CE,SILVERM,21JAN2027,32675000.000000,1,OPTFUT,NCO,50.000000,120,False
129353,SILVERM27JUN237250PE,SILVERM,23JUN2027,23725000.000000,1,OPTFUT,NCO,50.000000,120,False
129354,SILVERM27JUN237500CE,SILVERM,23JUN2027,23750000.000000,1,OPTFUT,NCO,50.000000,120,False
129358,SILVERM27JUN238000CE,SILVERM,23JUN2027,23800000.000000,1,OPTFUT,NCO,50.000000,120,False
129362,SILVERM27JUN238500CE,SILVERM,23JUN2027,23850000.000000,1,OPTFUT,NCO,50.000000,120,False
129371,SILVERM27JUN239500PE,SILVERM,23JUN2027,23950000.000000,1,OPTFUT,NCO,50.000000,120,False
129377,SILVERM27JUN240250PE,SILVERM,23JUN2027,24025000.000000,1,OPTFUT,NCO,50.000000,120,False
129389,GOLDM26OCT153300CE,GOLDM,29OCT2026,15330000.000000,1,OPTFUT,NCO,50.000000,100,False
129404,SILVERM27MAY232500CE,SILVERM,24MAY2027,23250000.000000,1,OPTFUT,NCO,50.000000,120,False
129428,SILVERM27JUL248250PE,SILVERM,23JUL2027,24825000.000000,1,OPTFUT,NCO,50.000000,120,False
129432,SILVERM27JUL248750PE,SILVERM,23JUL2027,24875000.000000,1,OPTFUT,NCO,50.000000,120,False
129434,SILVERM27JUL249000PE,SILVERM,23JUL2027,24900000.000000,1,OPTFUT,NCO,50.000000,120,False
129448,SILVER27MAR242750PE,SILVER,02MAR2027,24275000.000000,1,OPTBLN,NCO,50.000000,20,False
129452,SILVERM27JAN328750CE,SILVERM,21JAN2027,32875000.000000,1,OPTFUT,NCO,50.000000,120,False
129456,SILVERM27JAN329250CE,SILVERM,21JAN2027,32925000.000000,1,OPTFUT,NCO,50.000000,120,False
129468,SILVERM26NOV201500CE,SILVERM,23NOV2026,20150000.000000,1,OPTFUT,NCO,50.000000,120,False
129470,SILVERM26NOV201750CE,SILVERM,23NOV2026,20175000.000000,1,OPTFUT,NCO,50.000000,120,False
129475,SILVER27MAR243250CE,SILVER,02MAR2027,24325000.000000,1,OPTBLN,NCO,50.000000,20,False
129486,SILVER27MAR244500PE,SILVER,02MAR2027,24450000.000000,1,OPTBLN,NCO,50.000000,20,False
129542,SILVER27MAR244750PE,SILVER,02MAR2027,24475000.000000,1,OPTBLN,NCO,50.000000,20,False
129556,SILVERM27MAY233000CE,SILVERM,24MAY2027,23300000.000000,1,OPTFUT,NCO,50.000000,120,False
129585,SILVERM27JUL250750CE,SILVERM,23JUL2027,25075000.000000,1,OPTFUT,NCO,50.000000,120,False
129593,SILVERM27JUL251750CE,SILVERM,23JUL2027,25175000.000000,1,OPTFUT,NCO,50.000000,120,False
129594,SILVERM27JUL251750PE,SILVERM,23JUL2027,25175000.000000,1,OPTFUT,NCO,50.000000,120,False
129605,GOLD27JUN160300CE,GOLD,28JUN2027,16030000.000000,1,OPTFUT,NCO,50.000000,10,False
129621,GOLD27JUN161100CE,GOLD,28JUN2027,16110000.000000,1,OPTFUT,NCO,50.000000,10,False
129628,GOLD27JUL161000PE,GOLD,29JUL2027,16100000.000000,1,OPTFUT,NCO,50.000000,10,False
129645,SILVERM27JAN331750CE,SILVERM,21JAN2027,33175000.000000,1,OPTFUT,NCO,50.000000,120,False
129660,SILVERM27JAN333500PE,SILVERM,21JAN2027,33350000.000000,1,OPTFUT,NCO,50.000000,120,False
129664,SILVERM26NOV202250PE,SILVERM,23NOV2026,20225000.000000,1,OPTFUT,NCO,50.000000,120,False
129670,SILVER27MAR247000CE,SILVER,02MAR2027,24700000.000000,1,OPTBLN,NCO,50.000000,20,False
129681,SILVER27MAR248000PE,SILVER,02MAR2027,24800000.000000,1,OPTBLN,NCO,50.000000,20,False
129682,SILVER27MAR248250CE,SILVER,02MAR2027,24825000.000000,1,OPTBLN,NCO,50.000000,20,False
129694,SILVER27MAR249750CE,SILVER,02MAR2027,24975000.000000,1,OPTBLN,NCO,50.000000,20,False
129701,SILVER27MAR250500PE,SILVER,02MAR2027,25050000.000000,1,OPTBLN,NCO,50.000000,20,False
129709,SILVER27MAR251500PE,SILVER,02MAR2027,25150000.000000,1,OPTBLN,NCO,50.000000,20,False
129717,SILVER27MAR252500PE,SILVER,02MAR2027,25250000.000000,1,OPTBLN,NCO,50.000000,20,False
129728,SILVERM26OCT173000PE,SILVERM,23OCT2026,17300000.000000,1,OPTFUT,NCO,50.000000,120,False
129730,SILVERM26OCT173250PE,SILVERM,23OCT2026,17325000.000000,1,OPTFUT,NCO,50.000000,120,False
129739,SILVERM26OCT174500CE,SILVERM,23OCT2026,17450000.000000,1,OPTFUT,NCO,50.000000,120,False
129740,SILVERM26OCT174500PE,SILVERM,23OCT2026,17450000.000000,1,OPTFUT,NCO,50.000000,120,False
129751,SILVERM26OCT176000CE,SILVERM,23OCT2026,17600000.000000,1,OPTFUT,NCO,50.000000,120,False
129753,SILVERM26OCT176250CE,SILVERM,23OCT2026,17625000.000000,1,OPTFUT,NCO,50.000000,120,False
129759,SILVERM26OCT177000CE,SILVERM,23OCT2026,17700000.000000,1,OPTFUT,NCO,50.000000,120,False
129800,GOLD27JUL161300PE,GOLD,29JUL2027,16130000.000000,1,OPTFUT,NCO,50.000000,10,False
129808,SILVER27MAR253750CE,SILVER,02MAR2027,25375000.000000,1,OPTBLN,NCO,50.000000,20,False
129822,SILVERM27MAY251000CE,SILVERM,24MAY2027,25100000.000000,1,OPTFUT,NCO,50.000000,120,False
129837,SILVERM27MAY252750PE,SILVERM,24MAY2027,25275000.000000,1,OPTFUT,NCO,50.000000,120,False
129850,GOLD27MAR163800PE,GOLD,29MAR2027,16380000.000000,1,OPTFUT,NCO,50.000000,10,False
129861,GOLD27MAR164400CE,GOLD,29MAR2027,16440000.000000,1,OPTFUT,NCO,50.000000,10,False
129866,GOLD27MAR164600PE,GOLD,29MAR2027,16460000.000000,1,OPTFUT,NCO,50.000000,10,False
129876,GOLD27MAR165100PE,GOLD,29MAR2027,16510000.000000,1,OPTFUT,NCO,50.000000,10,False
129879,GOLD27MAR165300CE,GOLD,29MAR2027,16530000.000000,1,OPTFUT,NCO,50.000000,10,False
129883,GOLD27MAR165500CE,GOLD,29MAR2027,16550000.000000,1,OPTFUT,NCO,50.000000,10,False
129885,GOLD27MAR165600CE,GOLD,29MAR2027,16560000.000000,1,OPTFUT,NCO,50.000000,10,False
129889,GOLD27MAR165800CE,GOLD,29MAR2027,16580000.000000,1,OPTFUT,NCO,50.000000,10,False
129893,GOLD27MAR166000CE,GOLD,29MAR2027,16600000.000000,1,OPTFUT,NCO,50.000000,10,False
129906,GOLD27MAR166600PE,GOLD,29MAR2027,16660000.000000,1,OPTFUT,NCO,50.000000,10,False
129914,GOLD27MAR167000PE,GOLD,29MAR2027,16700000.000000,1,OPTFUT,NCO,50.000000,10,False
129919,GOLD27MAR167300CE,GOLD,29MAR2027,16730000.000000,1,OPTFUT,NCO,50.000000,10,False
129924,GOLD27MAR167500PE,GOLD,29MAR2027,16750000.000000,1,OPTFUT,NCO,50.000000,10,False
129946,SILVERM27JUN244500PE,SILVERM,23JUN2027,24450000.000000,1,OPTFUT,NCO,50.000000,120,False
129968,SILVERM27MAY254000PE,SILVERM,24MAY2027,25400000.000000,1,OPTFUT,NCO,50.000000,120,False
129975,SILVERM27MAR262250PE,SILVERM,24MAR2027,26225000.000000,1,OPTFUT,NCO,50.000000,120,False
129979,GOLD27MAR168200CE,GOLD,29MAR2027,16820000.000000,1,OPTFUT,NCO,50.000000,10,False
129985,GOLD27MAR168500CE,GOLD,29MAR2027,16850000.000000,1,OPTFUT,NCO,50.000000,10,False
129991,GOLD27MAR168800CE,GOLD,29MAR2027,16880000.000000,1,OPTFUT,NCO,50.000000,10,False
129993,GOLD27MAR168900CE,GOLD,29MAR2027,16890000.000000,1,OPTFUT,NCO,50.000000,10,False
129999,GOLD27MAR169200CE,GOLD,29MAR2027,16920000.000000,1,OPTFUT,NCO,50.000000,10,False
130003,GOLD27MAR169400CE,GOLD,29MAR2027,16940000.000000,1,OPTFUT,NCO,50.000000,10,False
130004,GOLD27MAR169400PE,GOLD,29MAR2027,16940000.000000,1,OPTFUT,NCO,50.000000,10,False
130029,SILVERM27MAY255250PE,SILVERM,24MAY2027,25525000.000000,1,OPTFUT,NCO,50.000000,120,False
130057,SILVERM27MAY258750PE,SILVERM,24MAY2027,25875000.000000,1,OPTFUT,NCO,50.000000,120,False
130065,SILVERM27MAY235250CE,SILVERM,24MAY2027,23525000.000000,1,OPTFUT,NCO,50.000000,120,False
130078,SILVERM27JUN253750CE,SILVERM,23JUN2027,25375000.000000,1,OPTFUT,NCO,50.000000,120,False
130082,SILVERM27JUN254250CE,SILVERM,23JUN2027,25425000.000000,1,OPTFUT,NCO,50.000000,120,False
130086,SILVERM27JUN254750CE,SILVERM,23JUN2027,25475000.000000,1,OPTFUT,NCO,50.000000,120,False
130088,COPPER26OCT1350PE,COPPER,23OCT2026,135000.000000,1,OPTFUT,NCO,1.000000,70,False
130108,GOLD27JUN152000PE,GOLD,28JUN2027,15200000.000000,1,OPTFUT,NCO,50.000000,10,False
130123,GOLD27JUL162100CE,GOLD,29JUL2027,16210000.000000,1,OPTFUT,NCO,50.000000,10,False
130129,GOLDM26SEP153300CE,GOLDM,25SEP2026,15330000.000000,1,OPTFUT,NCO,50.000000,100,False
130150,GOLDM26OCT153900PE,GOLDM,29OCT2026,15390000.000000,1,OPTFUT,NCO,50.000000,100,False
130157,SILVER27MAR255000CE,SILVER,02MAR2027,25500000.000000,1,OPTBLN,NCO,50.000000,20,False
130165,SILVER27MAR256000CE,SILVER,02MAR2027,25600000.000000,1,OPTBLN,NCO,50.000000,20,False
130166,SILVER27MAR256000PE,SILVER,02MAR2027,25600000.000000,1,OPTBLN,NCO,50.000000,20,False
130189,SILVERM27AUG241000CE,SILVERM,24AUG2027,24100000.000000,1,OPTFUT,NCO,50.000000,120,False
130190,SILVERM27AUG241000PE,SILVERM,24AUG2027,24100000.000000,1,OPTFUT,NCO,50.000000,120,False
130197,SILVERM27AUG242000CE,SILVERM,24AUG2027,24200000.000000,1,OPTFUT,NCO,50.000000,120,False
130201,SILVERM27MAY259750PE,SILVERM,24MAY2027,25975000.000000,1,OPTFUT,NCO,50.000000,120,False
130213,GOLD27MAR170800CE,GOLD,29MAR2027,17080000.000000,1,OPTFUT,NCO,50.000000,10,False
130230,GOLD27APR163000PE,GOLD,28APR2027,16300000.000000,1,OPTFUT,NCO,50.000000,10,False
130232,GOLD27APR163100PE,GOLD,28APR2027,16310000.000000,1,OPTFUT,NCO,50.000000,10,False
130234,GOLD27APR163200PE,GOLD,28APR2027,16320000.000000,1,OPTFUT,NCO,50.000000,10,False
130248,GOLD27APR163900PE,GOLD,28APR2027,16390000.000000,1,OPTFUT,NCO,50.000000,10,False
130249,GOLD27APR164000CE,GOLD,28APR2027,16400000.000000,1,OPTFUT,NCO,50.000000,10,False
130280,GOLD27APR165500PE,GOLD,28APR2027,16550000.000000,1,OPTFUT,NCO,50.000000,10,False
130283,GOLD27APR165700CE,GOLD,28APR2027,16570000.000000,1,OPTFUT,NCO,50.000000,10,False
130287,GOLD27APR165900CE,GOLD,28APR2027,16590000.000000,1,OPTFUT,NCO,50.000000,10,False
130291,GOLD27JUN152100CE,GOLD,28JUN2027,15210000.000000,1,OPTFUT,NCO,50.000000,10,False
130292,SILVERM27MAY260000PE,SILVERM,24MAY2027,26000000.000000,1,OPTFUT,NCO,50.000000,120,False
130295,GOLD27JUN152200CE,GOLD,28JUN2027,15220000.000000,1,OPTFUT,NCO,50.000000,10,False
130303,GOLDM26SEP144800CE,GOLDM,25SEP2026,14480000.000000,1,OPTFUT,NCO,50.000000,100,False
130311,SILVERM27AUG242500CE,SILVERM,24AUG2027,24250000.000000,1,OPTFUT,NCO,50.000000,120,False
130319,SILVERM26OCT177500CE,SILVERM,23OCT2026,17750000.000000,1,OPTFUT,NCO,50.000000,120,False
130323,SILVERM26OCT178000CE,SILVERM,23OCT2026,17800000.000000,1,OPTFUT,NCO,50.000000,120,False
130327,SILVERM26OCT178500CE,SILVERM,23OCT2026,17850000.000000,1,OPTFUT,NCO,50.000000,120,False
130329,SILVERM26OCT178750CE,SILVERM,23OCT2026,17875000.000000,1,OPTFUT,NCO,50.000000,120,False
130354,GOLD26NOV138800PE,GOLD,27NOV2026,13880000.000000,1,OPTFUT,NCO,50.000000,10,False
130365,GOLDM26SEP145300CE,GOLDM,25SEP2026,14530000.000000,1,OPTFUT,NCO,50.000000,100,False
130379,GOLD27APR166500PE,GOLD,28APR2027,16650000.000000,1,OPTFUT,NCO,50.000000,10,False
130387,SILVERM27JAN334500CE,SILVERM,21JAN2027,33450000.000000,1,OPTFUT,NCO,50.000000,120,False
130397,SILVERM27MAR263000PE,SILVERM,24MAR2027,26300000.000000,1,OPTFUT,NCO,50.000000,120,False
130407,SILVERM27MAY260250CE,SILVERM,24MAY2027,26025000.000000,1,OPTFUT,NCO,50.000000,120,False
130451,SILVERM27AUG243250PE,SILVERM,24AUG2027,24325000.000000,1,OPTFUT,NCO,50.000000,120,False
130478,SILVERM27AUG244250PE,SILVERM,24AUG2027,24425000.000000,1,OPTFUT,NCO,50.000000,120,False
130482,GOLDM26OCT154600PE,GOLDM,29OCT2026,15460000.000000,1,OPTFUT,NCO,50.000000,100,False
130493,GOLD27JUN150500PE,GOLD,28JUN2027,15050000.000000,1,OPTFUT,NCO,50.000000,10,False
130507,ZINC26OCT375PE,ZINC,23OCT2026,37500.000000,1,OPTFUT,NCO,1.000000,20,False
130533,GOLD27APR167500PE,GOLD,28APR2027,16750000.000000,1,OPTFUT,NCO,50.000000,10,False
130542,SILVERM27MAY262000CE,SILVERM,24MAY2027,26200000.000000,1,OPTFUT,NCO,50.000000,120,False
130546,ZINC26OCT385CE,ZINC,23OCT2026,38500.000000,1,OPTFUT,NCO,1.000000,20,False
130663,GOLD27APR167800PE,GOLD,28APR2027,16780000.000000,1,OPTFUT,NCO,50.000000,10,False
130667,GOLD27APR168000PE,GOLD,28APR2027,16800000.000000,1,OPTFUT,NCO,50.000000,10,False
130669,GOLD27APR168100PE,GOLD,28APR2027,16810000.000000,1,OPTFUT,NCO,50.000000,10,False
130671,GOLD27APR168200PE,GOLD,28APR2027,16820000.000000,1,OPTFUT,NCO,50.000000,10,False
130674,GOLD27APR168400CE,GOLD,28APR2027,16840000.000000,1,OPTFUT,NCO,50.000000,10,False
130678,GOLD27APR168600CE,GOLD,28APR2027,16860000.000000,1,OPTFUT,NCO,50.000000,10,False
130691,SILVERM27MAR270000PE,SILVERM,24MAR2027,27000000.000000,1,OPTFUT,NCO,50.000000,120,False
130698,GOLD27APR169400PE,GOLD,28APR2027,16940000.000000,1,OPTFUT,NCO,50.000000,10,False
130706,GOLD27APR169800PE,GOLD,28APR2027,16980000.000000,1,OPTFUT,NCO,50.000000,10,False
130714,GOLD27FEB168800PE,GOLD,26FEB2027,16880000.000000,1,OPTFUT,NCO,50.000000,10,False
130716,GOLD27FEB168900PE,GOLD,26FEB2027,16890000.000000,1,OPTFUT,NCO,50.000000,10,False
130717,GOLD27FEB169000CE,GOLD,26FEB2027,16900000.000000,1,OPTFUT,NCO,50.000000,10,False
130721,SILVERM27MAR270500PE,SILVERM,24MAR2027,27050000.000000,1,OPTFUT,NCO,50.000000,120,False
130729,SILVERM27MAY262500CE,SILVERM,24MAY2027,26250000.000000,1,OPTFUT,NCO,50.000000,120,False
130732,COPPER26SEP1270CE,COPPER,23SEP2026,127000.000000,1,OPTFUT,NCO,1.000000,70,False
130734,GOLD27JUL163300CE,GOLD,29JUL2027,16330000.000000,1,OPTFUT,NCO,50.000000,10,False
130755,GOLD27APR170400PE,GOLD,28APR2027,17040000.000000,1,OPTFUT,NCO,50.000000,10,False
130762,GOLD27APR170800CE,GOLD,28APR2027,17080000.000000,1,OPTFUT,NCO,50.000000,10,False
130766,GOLD27APR171000CE,GOLD,28APR2027,17100000.000000,1,OPTFUT,NCO,50.000000,10,False
130770,GOLD27APR171200CE,GOLD,28APR2027,17120000.000000,1,OPTFUT,NCO,50.000000,10,False
130779,GOLD27FEB169000PE,GOLD,26FEB2027,16900000.000000,1,OPTFUT,NCO,50.000000,10,False
130792,GOLD27APR171600PE,GOLD,28APR2027,17160000.000000,1,OPTFUT,NCO,50.000000,10,False
130794,GOLD27APR171700PE,GOLD,28APR2027,17170000.000000,1,OPTFUT,NCO,50.000000,10,False
130798,GOLD27APR171900PE,GOLD,28APR2027,17190000.000000,1,OPTFUT,NCO,50.000000,10,False
130826,SILVERM27MAY264000PE,SILVERM,24MAY2027,26400000.000000,1,OPTFUT,NCO,50.000000,120,False
130827,SILVERM27MAY264250CE,SILVERM,24MAY2027,26425000.000000,1,OPTFUT,NCO,50.000000,120,False
130829,SILVERM27MAY264500CE,SILVERM,24MAY2027,26450000.000000,1,OPTFUT,NCO,50.000000,120,False
130835,SILVERM27MAY265250CE,SILVERM,24MAY2027,26525000.000000,1,OPTFUT,NCO,50.000000,120,False
130843,SILVERM27MAY266250CE,SILVERM,24MAY2027,26625000.000000,1,OPTFUT,NCO,50.000000,120,False
130859,GOLD27MAR144800PE,GOLD,29MAR2027,14480000.000000,1,OPTFUT,NCO,50.000000,10,False
130892,GOLD27APR172300CE,GOLD,28APR2027,17230000.000000,1,OPTFUT,NCO,50.000000,10,False
130897,ZINC26OCT395CE,ZINC,23OCT2026,39500.000000,1,OPTFUT,NCO,1.000000,20,False
130912,GOLD26DEC141900CE,GOLD,29DEC2026,14190000.000000,1,OPTFUT,NCO,50.000000,10,False
130939,SILVERM27JAN337500CE,SILVERM,21JAN2027,33750000.000000,1,OPTFUT,NCO,50.000000,120,False
130942,SILVERM27JAN337750PE,SILVERM,21JAN2027,33775000.000000,1,OPTFUT,NCO,50.000000,120,False
130946,SILVERM27JAN338250PE,SILVERM,21JAN2027,33825000.000000,1,OPTFUT,NCO,50.000000,120,False
130962,GOLD27FEB169700CE,GOLD,26FEB2027,16970000.000000,1,OPTFUT,NCO,50.000000,10,False
130968,GOLD27FEB170000CE,GOLD,26FEB2027,17000000.000000,1,OPTFUT,NCO,50.000000,10,False
130977,GOLD27FEB170400PE,GOLD,26FEB2027,17040000.000000,1,OPTFUT,NCO,50.000000,10,False
130983,GOLD27FEB170700PE,GOLD,26FEB2027,17070000.000000,1,OPTFUT,NCO,50.000000,10,False
130990,GOLD27FEB171100CE,GOLD,26FEB2027,17110000.000000,1,OPTFUT,NCO,50.000000,10,False
130992,GOLD27FEB171200CE,GOLD,26FEB2027,17120000.000000,1,OPTFUT,NCO,50.000000,10,False
130995,COPPER26SEP1315CE,COPPER,23SEP2026,131500.000000,1,OPTFUT,NCO,1.000000,70,False
131002,GOLD27MAR151600PE,GOLD,29MAR2027,15160000.000000,1,OPTFUT,NCO,50.000000,10,False
131020,GOLD27JUN148200PE,GOLD,28JUN2027,14820000.000000,1,OPTFUT,NCO,50.000000,10,False
131022,GOLDM26SEP141300PE,GOLDM,25SEP2026,14130000.000000,1,OPTFUT,NCO,50.000000,100,False
131035,GOLDM26SEP143400CE,GOLDM,25SEP2026,14340000.000000,1,OPTFUT,NCO,50.000000,100,False
131040,GOLDM26SEP143600PE,GOLDM,25SEP2026,14360000.000000,1,OPTFUT,NCO,50.000000,100,False
131038,GOLDM26SEP143500PE,GOLDM,25SEP2026,14350000.000000,1,OPTFUT,NCO,50.000000,100,False
131067,SILVERM27MAY266500PE,SILVERM,24MAY2027,26650000.000000,1,OPTFUT,NCO,50.000000,120,False
131070,ZINC26SEP357.5CE,ZINC,23SEP2026,35750.000000,1,OPTFUT,NCO,1.000000,20,False
131073,ZINC26SEP360PE,ZINC,23SEP2026,36000.000000,1,OPTFUT,NCO,1.000000,20,False
131082,GOLD27MAR152500CE,GOLD,29MAR2027,15250000.000000,1,OPTFUT,NCO,50.000000,10,False
131087,GOLD27APR152300PE,GOLD,28APR2027,15230000.000000,1,OPTFUT,NCO,50.000000,10,False
131096,GOLD27APR152800CE,GOLD,28APR2027,15280000.000000,1,OPTFUT,NCO,50.000000,10,False
131113,GOLD27JUN148700CE,GOLD,28JUN2027,14870000.000000,1,OPTFUT,NCO,50.000000,10,False
131120,GOLD27JUN149000PE,GOLD,28JUN2027,14900000.000000,1,OPTFUT,NCO,50.000000,10,False
131129,GOLD27JUN149500CE,GOLD,28JUN2027,14950000.000000,1,OPTFUT,NCO,50.000000,10,False
131140,GOLDM26SEP155300CE,GOLDM,25SEP2026,15530000.000000,1,OPTFUT,NCO,50.000000,100,False
131153,GOLDM26OCT155200PE,GOLDM,29OCT2026,15520000.000000,1,OPTFUT,NCO,50.000000,100,False
131154,GOLDM26OCT155300CE,GOLDM,29OCT2026,15530000.000000,1,OPTFUT,NCO,50.000000,100,False
131157,GOLDM26OCT155400PE,GOLDM,29OCT2026,15540000.000000,1,OPTFUT,NCO,50.000000,100,False
131159,GOLDM26OCT155500PE,GOLDM,29OCT2026,15550000.000000,1,OPTFUT,NCO,50.000000,100,False
131161,GOLDM26OCT155600PE,GOLDM,29OCT2026,15560000.000000,1,OPTFUT,NCO,50.000000,100,False
131222,SILVERM26SEP148000CE,SILVERM,23SEP2026,14800000.000000,1,OPTFUT,NCO,50.000000,120,False
131224,SILVERM26SEP148250CE,SILVERM,23SEP2026,14825000.000000,1,OPTFUT,NCO,50.000000,120,False
131238,SILVERM26SEP150000CE,SILVERM,23SEP2026,15000000.000000,1,OPTFUT,NCO,50.000000,120,False
131280,SILVERM26SEP200750CE,SILVERM,23SEP2026,20075000.000000,1,OPTFUT,NCO,50.000000,120,False
131294,SILVERM26SEP202500CE,SILVERM,23SEP2026,20250000.000000,1,OPTFUT,NCO,50.000000,120,False
131314,SILVERM26SEP151000CE,SILVERM,23SEP2026,15100000.000000,1,OPTFUT,NCO,50.000000,120,False
131321,SILVERM26OCT202250PE,SILVERM,23OCT2026,20225000.000000,1,OPTFUT,NCO,50.000000,120,False
131340,GOLD27JUN149800PE,GOLD,28JUN2027,14980000.000000,1,OPTFUT,NCO,50.000000,10,False
131342,GOLDM26SEP141600PE,GOLDM,25SEP2026,14160000.000000,1,OPTFUT,NCO,50.000000,100,False
131343,GOLDM26SEP141700CE,GOLDM,25SEP2026,14170000.000000,1,OPTFUT,NCO,50.000000,100,False
131348,GOLD27FEB171300CE,GOLD,26FEB2027,17130000.000000,1,OPTFUT,NCO,50.000000,10,False
131353,GOLD27FEB171500PE,GOLD,26FEB2027,17150000.000000,1,OPTFUT,NCO,50.000000,10,False
131375,GOLD27APR153100PE,GOLD,28APR2027,15310000.000000,1,OPTFUT,NCO,50.000000,10,False
131382,GOLD27MAR146000PE,GOLD,29MAR2027,14600000.000000,1,OPTFUT,NCO,50.000000,10,False
131408,SILVERM26SEP151250CE,SILVERM,23SEP2026,15125000.000000,1,OPTFUT,NCO,50.000000,120,False
131448,SILVERM26NOV202750CE,SILVERM,23NOV2026,20275000.000000,1,OPTFUT,NCO,50.000000,120,False
131449,SILVERM26NOV202750PE,SILVERM,23NOV2026,20275000.000000,1,OPTFUT,NCO,50.000000,120,False
131465,SILVERM26NOV204750PE,SILVERM,23NOV2026,20475000.000000,1,OPTFUT,NCO,50.000000,120,False
131473,SILVERM26NOV205750PE,SILVERM,23NOV2026,20575000.000000,1,OPTFUT,NCO,50.000000,120,False
131492,GOLD26DEC142800CE,GOLD,29DEC2026,14280000.000000,1,OPTFUT,NCO,50.000000,10,False
131497,GOLD26DEC143000PE,GOLD,29DEC2026,14300000.000000,1,OPTFUT,NCO,50.000000,10,False
131498,GOLD26DEC143100CE,GOLD,29DEC2026,14310000.000000,1,OPTFUT,NCO,50.000000,10,False
131519,SILVERM27JAN340500CE,SILVERM,21JAN2027,34050000.000000,1,OPTFUT,NCO,50.000000,120,False
131521,SILVERM27JAN340750CE,SILVERM,21JAN2027,34075000.000000,1,OPTFUT,NCO,50.000000,120,False
131527,SILVERM27JAN341500CE,SILVERM,21JAN2027,34150000.000000,1,OPTFUT,NCO,50.000000,120,False
131528,SILVERM27JAN341500PE,SILVERM,21JAN2027,34150000.000000,1,OPTFUT,NCO,50.000000,120,False
131531,SILVERM27JAN342000CE,SILVERM,21JAN2027,34200000.000000,1,OPTFUT,NCO,50.000000,120,False
131535,SILVERM27JAN342500CE,SILVERM,21JAN2027,34250000.000000,1,OPTFUT,NCO,50.000000,120,False
131537,SILVERM27JAN342750CE,SILVERM,21JAN2027,34275000.000000,1,OPTFUT,NCO,50.000000,120,False
131539,SILVERM27JAN343000CE,SILVERM,21JAN2027,34300000.000000,1,OPTFUT,NCO,50.000000,120,False
131545,GOLD27FEB172400CE,GOLD,26FEB2027,17240000.000000,1,OPTFUT,NCO,50.000000,10,False
131550,GOLD27FEB172600PE,GOLD,26FEB2027,17260000.000000,1,OPTFUT,NCO,50.000000,10,False
131562,GOLD27FEB173200PE,GOLD,26FEB2027,17320000.000000,1,OPTFUT,NCO,50.000000,10,False
131578,SILVERM27APR223750PE,SILVERM,23APR2027,22375000.000000,1,OPTFUT,NCO,50.000000,120,False
131581,SILVERM27MAY224250CE,SILVERM,24MAY2027,22425000.000000,1,OPTFUT,NCO,50.000000,120,False
131585,SILVERM27MAY224750CE,SILVERM,24MAY2027,22475000.000000,1,OPTFUT,NCO,50.000000,120,False
131589,SILVERM27MAY225250CE,SILVERM,24MAY2027,22525000.000000,1,OPTFUT,NCO,50.000000,120,False
131596,SILVERM27JUN225750PE,SILVERM,23JUN2027,22575000.000000,1,OPTFUT,NCO,50.000000,120,False
131603,GOLDM26SEP142500CE,GOLDM,25SEP2026,14250000.000000,1,OPTFUT,NCO,50.000000,100,False
131607,GOLDM26SEP142700CE,GOLDM,25SEP2026,14270000.000000,1,OPTFUT,NCO,50.000000,100,False
131610,GOLDM26SEP142800PE,GOLDM,25SEP2026,14280000.000000,1,OPTFUT,NCO,50.000000,100,False
131631,GOLD27MAY153000PE,GOLD,28MAY2027,15300000.000000,1,OPTFUT,NCO,50.000000,10,False
131636,GOLD27MAY153300CE,GOLD,28MAY2027,15330000.000000,1,OPTFUT,NCO,50.000000,10,False
131641,GOLD27MAY153500PE,GOLD,28MAY2027,15350000.000000,1,OPTFUT,NCO,50.000000,10,False
131647,GOLD27MAY153800PE,GOLD,28MAY2027,15380000.000000,1,OPTFUT,NCO,50.000000,10,False
131649,GOLD27MAY153900PE,GOLD,28MAY2027,15390000.000000,1,OPTFUT,NCO,50.000000,10,False
131650,GOLD27MAY154000CE,GOLD,28MAY2027,15400000.000000,1,OPTFUT,NCO,50.000000,10,False
131654,GOLD27MAY154200CE,GOLD,28MAY2027,15420000.000000,1,OPTFUT,NCO,50.000000,10,False
131670,SILVERM27JUN226500PE,SILVERM,23JUN2027,22650000.000000,1,OPTFUT,NCO,50.000000,120,False
131680,SILVERM27JUN227750PE,SILVERM,23JUN2027,22775000.000000,1,OPTFUT,NCO,50.000000,120,False
131688,SILVERM27JUL254250PE,SILVERM,23JUL2027,25425000.000000,1,OPTFUT,NCO,50.000000,120,False
131701,SILVER26DEC260250CE,SILVER,01DEC2026,26025000.000000,1,OPTBLN,NCO,50.000000,20,False
131706,SILVER26DEC260750PE,SILVER,01DEC2026,26075000.000000,1,OPTBLN,NCO,50.000000,20,False
131741,SILVERM26SEP154750PE,SILVERM,23SEP2026,15475000.000000,1,OPTFUT,NCO,50.000000,120,False
131753,SILVERM26SEP156250PE,SILVERM,23SEP2026,15625000.000000,1,OPTFUT,NCO,50.000000,120,False
131754,SILVERM26SEP156500CE,SILVERM,23SEP2026,15650000.000000,1,OPTFUT,NCO,50.000000,120,False
131758,SILVERM26SEP157000CE,SILVERM,23SEP2026,15700000.000000,1,OPTFUT,NCO,50.000000,120,False
131767,GOLD27MAY154200PE,GOLD,28MAY2027,15420000.000000,1,OPTFUT,NCO,50.000000,10,False
131791,GOLD27MAY155400PE,GOLD,28MAY2027,15540000.000000,1,OPTFUT,NCO,50.000000,10,False
131802,GOLD27JUN147200PE,GOLD,28JUN2027,14720000.000000,1,OPTFUT,NCO,50.000000,10,False
131804,GOLD27JUN147300PE,GOLD,28JUN2027,14730000.000000,1,OPTFUT,NCO,50.000000,10,False
131805,GOLD27JUN147400CE,GOLD,28JUN2027,14740000.000000,1,OPTFUT,NCO,50.000000,10,False
131810,GOLD27JUN147600PE,GOLD,28JUN2027,14760000.000000,1,OPTFUT,NCO,50.000000,10,False
131813,GOLD27JUN147800CE,GOLD,28JUN2027,14780000.000000,1,OPTFUT,NCO,50.000000,10,False
131817,GOLDM26SEP140700CE,GOLDM,25SEP2026,14070000.000000,1,OPTFUT,NCO,50.000000,100,False
131822,GOLDM26SEP140900PE,GOLDM,25SEP2026,14090000.000000,1,OPTFUT,NCO,50.000000,100,False
131826,GOLDM26SEP141100PE,GOLDM,25SEP2026,14110000.000000,1,OPTFUT,NCO,50.000000,100,False
131855,GOLD26DEC143900PE,GOLD,29DEC2026,14390000.000000,1,OPTFUT,NCO,50.000000,10,False
131864,GOLD27MAY168500PE,GOLD,28MAY2027,16850000.000000,1,OPTFUT,NCO,50.000000,10,False
131869,NATURALGAS26SEP200CE,NATURALGAS,21SEP2026,20000.000000,1,OPTFUT,NCO,5.000000,48,False
131874,SILVERM27APR222500PE,SILVERM,23APR2027,22250000.000000,1,OPTFUT,NCO,50.000000,120,False
131879,SILVER26DEC262250CE,SILVER,01DEC2026,26225000.000000,1,OPTBLN,NCO,50.000000,20,False
131890,GOLD27MAR146800CE,GOLD,29MAR2027,14680000.000000,1,OPTFUT,NCO,50.000000,10,False
131915,SILVERM27JUN224750PE,SILVERM,23JUN2027,22475000.000000,1,OPTFUT,NCO,50.000000,120,False
131945,GOLD26DEC144100CE,GOLD,29DEC2026,14410000.000000,1,OPTFUT,NCO,50.000000,10,False
131968,SILVER26DEC191000PE,SILVER,01DEC2026,19100000.000000,1,OPTBLN,NCO,50.000000,20,False
131995,GOLD27JUL164300PE,GOLD,29JUL2027,16430000.000000,1,OPTFUT,NCO,50.000000,10,False
131998,GOLD26DEC144700PE,GOLD,29DEC2026,14470000.000000,1,OPTFUT,NCO,50.000000,10,False
132005,GOLD27JUL164400PE,GOLD,29JUL2027,16440000.000000,1,OPTFUT,NCO,50.000000,10,False
132008,GOLD27JUL164600CE,GOLD,29JUL2027,16460000.000000,1,OPTFUT,NCO,50.000000,10,False
132010,GOLD27JUL164700CE,GOLD,29JUL2027,16470000.000000,1,OPTFUT,NCO,50.000000,10,False
132019,SILVERM27JAN344250PE,SILVERM,21JAN2027,34425000.000000,1,OPTFUT,NCO,50.000000,120,False
132021,SILVERM27JAN344500PE,SILVERM,21JAN2027,34450000.000000,1,OPTFUT,NCO,50.000000,120,False
132032,SILVERM27JAN346000CE,SILVERM,21JAN2027,34600000.000000,1,OPTFUT,NCO,50.000000,120,False
132033,SILVERM27JAN346000PE,SILVERM,21JAN2027,34600000.000000,1,OPTFUT,NCO,50.000000,120,False
132043,GOLDM26SEP156300CE,GOLDM,25SEP2026,15630000.000000,1,OPTFUT,NCO,50.000000,100,False
132052,SILVER26DEC191750CE,SILVER,01DEC2026,19175000.000000,1,OPTBLN,NCO,50.000000,20,False
132095,GOLDM26OCT157400CE,GOLDM,29OCT2026,15740000.000000,1,OPTFUT,NCO,50.000000,100,False
132097,GOLDM26OCT157500CE,GOLDM,29OCT2026,15750000.000000,1,OPTFUT,NCO,50.000000,100,False
132130,SILVERM27JUL256250PE,SILVERM,23JUL2027,25625000.000000,1,OPTFUT,NCO,50.000000,120,False
132141,SILVERM27FEB275500CE,SILVERM,19FEB2027,27550000.000000,1,OPTFUT,NCO,50.000000,120,False
132168,GOLD27JUN146600PE,GOLD,28JUN2027,14660000.000000,1,OPTFUT,NCO,50.000000,10,False
132170,GOLD27JUN146700PE,GOLD,28JUN2027,14670000.000000,1,OPTFUT,NCO,50.000000,10,False
132176,GOLD27JUN147000PE,GOLD,28JUN2027,14700000.000000,1,OPTFUT,NCO,50.000000,10,False
132178,GOLD27JUN147100PE,GOLD,28JUN2027,14710000.000000,1,OPTFUT,NCO,50.000000,10,False
132185,SILVERM27JUL256750PE,SILVERM,23JUL2027,25675000.000000,1,OPTFUT,NCO,50.000000,120,False
132186,SILVERM27JUL257000CE,SILVERM,23JUL2027,25700000.000000,1,OPTFUT,NCO,50.000000,120,False
132194,SILVERM27JUL258000CE,SILVERM,23JUL2027,25800000.000000,1,OPTFUT,NCO,50.000000,120,False
132204,ZINC26NOV427.5CE,ZINC,23NOV2026,42750.000000,1,OPTFUT,NCO,1.000000,20,False
132239,GOLD27APR145600CE,GOLD,28APR2027,14560000.000000,1,OPTFUT,NCO,50.000000,10,False
132257,GOLD27APR146500CE,GOLD,28APR2027,14650000.000000,1,OPTFUT,NCO,50.000000,10,False
132274,GOLD27JUN164500CE,GOLD,28JUN2027,16450000.000000,1,OPTFUT,NCO,50.000000,10,False
132281,GOLD27JUL165100PE,GOLD,29JUL2027,16510000.000000,1,OPTFUT,NCO,50.000000,10,False
132360,SILVERM27MAR219250CE,SILVERM,24MAR2027,21925000.000000,1,OPTFUT,NCO,50.000000,120,False
132364,SILVERM27MAR219750CE,SILVERM,24MAR2027,21975000.000000,1,OPTFUT,NCO,50.000000,120,False
132369,GOLDM26OCT157900PE,GOLDM,29OCT2026,15790000.000000,1,OPTFUT,NCO,50.000000,100,False
132370,GOLDM26OCT158000CE,GOLDM,29OCT2026,15800000.000000,1,OPTFUT,NCO,50.000000,100,False
132374,GOLDM26OCT158200CE,GOLDM,29OCT2026,15820000.000000,1,OPTFUT,NCO,50.000000,100,False
132397,GOLD26SEP140400PE,GOLD,25SEP2026,14040000.000000,1,OPTFUT,NCO,50.000000,10,False
132404,GOLD26SEP140800CE,GOLD,25SEP2026,14080000.000000,1,OPTFUT,NCO,50.000000,10,False
132406,GOLD26SEP140900CE,GOLD,25SEP2026,14090000.000000,1,OPTFUT,NCO,50.000000,10,False
132412,GOLD26OCT138900CE,GOLD,29OCT2026,13890000.000000,1,OPTFUT,NCO,50.000000,10,False
132415,GOLD26OCT139000PE,GOLD,29OCT2026,13900000.000000,1,OPTFUT,NCO,50.000000,10,False
132424,GOLD26DEC145400CE,GOLD,29DEC2026,14540000.000000,1,OPTFUT,NCO,50.000000,10,False
132438,GOLD26DEC146100CE,GOLD,29DEC2026,14610000.000000,1,OPTFUT,NCO,50.000000,10,False
132439,GOLD26DEC146100PE,GOLD,29DEC2026,14610000.000000,1,OPTFUT,NCO,50.000000,10,False
132443,SILVERM27JAN346500CE,SILVERM,21JAN2027,34650000.000000,1,OPTFUT,NCO,50.000000,120,False
132451,SILVERM27JAN347500CE,SILVERM,21JAN2027,34750000.000000,1,OPTFUT,NCO,50.000000,120,False
132452,SILVERM27JAN347500PE,SILVERM,21JAN2027,34750000.000000,1,OPTFUT,NCO,50.000000,120,False
132468,SILVERM27MAR220250PE,SILVERM,24MAR2027,22025000.000000,1,OPTFUT,NCO,50.000000,120,False
132472,SILVERM27MAR220750PE,SILVERM,24MAR2027,22075000.000000,1,OPTFUT,NCO,50.000000,120,False
132482,SILVERM27APR220500PE,SILVERM,23APR2027,22050000.000000,1,OPTFUT,NCO,50.000000,120,False
132505,SILVERM27MAY222250CE,SILVERM,24MAY2027,22225000.000000,1,OPTFUT,NCO,50.000000,120,False
132510,ZINC26NOV432.5PE,ZINC,23NOV2026,43250.000000,1,OPTFUT,NCO,1.000000,20,False
132549,SILVERM27MAY222500CE,SILVERM,24MAY2027,22250000.000000,1,OPTFUT,NCO,50.000000,120,False
132552,SILVERM27MAY222750PE,SILVERM,24MAY2027,22275000.000000,1,OPTFUT,NCO,50.000000,120,False
132570,SILVERM27JUN223500PE,SILVERM,23JUN2027,22350000.000000,1,OPTFUT,NCO,50.000000,120,False
132578,COPPER26SEP1485PE,COPPER,23SEP2026,148500.000000,1,OPTFUT,NCO,1.000000,70,False
132579,COPPER26OCT1455CE,COPPER,23OCT2026,145500.000000,1,OPTFUT,NCO,1.000000,70,False
132581,COPPER26OCT1460CE,COPPER,23OCT2026,146000.000000,1,OPTFUT,NCO,1.000000,70,False
132584,COPPER26OCT1465PE,COPPER,23OCT2026,146500.000000,1,OPTFUT,NCO,1.000000,70,False
132585,COPPER26OCT1470CE,COPPER,23OCT2026,147000.000000,1,OPTFUT,NCO,1.000000,70,False
132590,COPPER26OCT1480PE,COPPER,23OCT2026,148000.000000,1,OPTFUT,NCO,1.000000,70,False
132616,GOLD26OCT139300CE,GOLD,29OCT2026,13930000.000000,1,OPTFUT,NCO,50.000000,10,False
132620,GOLD26OCT139500CE,GOLD,29OCT2026,13950000.000000,1,OPTFUT,NCO,50.000000,10,False
132630,GOLD26OCT140000CE,GOLD,29OCT2026,14000000.000000,1,OPTFUT,NCO,50.000000,10,False
132634,GOLD26OCT140200CE,GOLD,29OCT2026,14020000.000000,1,OPTFUT,NCO,50.000000,10,False
132640,GOLD26OCT140500CE,GOLD,29OCT2026,14050000.000000,1,OPTFUT,NCO,50.000000,10,False
132660,GOLD26OCT141500CE,GOLD,29OCT2026,14150000.000000,1,OPTFUT,NCO,50.000000,10,False
132671,GOLD26NOV139100PE,GOLD,27NOV2026,13910000.000000,1,OPTFUT,NCO,50.000000,10,False
132678,GOLD26NOV139500CE,GOLD,27NOV2026,13950000.000000,1,OPTFUT,NCO,50.000000,10,False
132690,GOLD26NOV140100CE,GOLD,27NOV2026,14010000.000000,1,OPTFUT,NCO,50.000000,10,False
132695,GOLD26NOV140300PE,GOLD,27NOV2026,14030000.000000,1,OPTFUT,NCO,50.000000,10,False
132704,COPPER26OCT1490PE,COPPER,23OCT2026,149000.000000,1,OPTFUT,NCO,1.000000,70,False
132705,COPPER26OCT1495CE,COPPER,23OCT2026,149500.000000,1,OPTFUT,NCO,1.000000,70,False
132723,SILVERM27JUN224250CE,SILVERM,23JUN2027,22425000.000000,1,OPTFUT,NCO,50.000000,120,False
132731,CRUDEOIL26OCT5600CE,CRUDEOIL,08OCT2026,560000.000000,1,OPTFUT,NCO,10.000000,100,False
132741,CRUDEOIL27FEBFUT,CRUDEOIL,19FEB2027,-1.000000,1,FUTENR,NCO,100.000000,100,False
132749,SILVERM27APR241000PE,SILVERM,23APR2027,24100000.000000,1,OPTFUT,NCO,50.000000,120,False
132754,GOLD27APR146800PE,GOLD,28APR2027,14680000.000000,1,OPTFUT,NCO,50.000000,10,False
132761,CRUDEOIL26NOV5900CE,CRUDEOIL,10NOV2026,590000.000000,1,OPTFUT,NCO,10.000000,100,False
132776,CRUDEOIL26OCT5700PE,CRUDEOIL,08OCT2026,570000.000000,1,OPTFUT,NCO,10.000000,100,False
132780,CRUDEOIL26OCT5800PE,CRUDEOIL,08OCT2026,580000.000000,1,OPTFUT,NCO,10.000000,100,False
132806,GOLD26DEC146300CE,GOLD,29DEC2026,14630000.000000,1,OPTFUT,NCO,50.000000,10,False
132822,GOLD26NOV142300CE,GOLD,27NOV2026,14230000.000000,1,OPTFUT,NCO,50.000000,10,False
132823,GOLD26NOV142300PE,GOLD,27NOV2026,14230000.000000,1,OPTFUT,NCO,50.000000,10,False
132825,GOLD26NOV142400PE,GOLD,27NOV2026,14240000.000000,1,OPTFUT,NCO,50.000000,10,False
132826,GOLD26DEC146400PE,GOLD,29DEC2026,14640000.000000,1,OPTFUT,NCO,50.000000,10,False
132831,GOLD26DEC146700CE,GOLD,29DEC2026,14670000.000000,1,OPTFUT,NCO,50.000000,10,False
132837,CRUDEOIL26OCT6100CE,CRUDEOIL,08OCT2026,610000.000000,1,OPTFUT,NCO,10.000000,100,False
132843,CRUDEOIL26OCT6250CE,CRUDEOIL,08OCT2026,625000.000000,1,OPTFUT,NCO,10.000000,100,False
132853,CRUDEOIL26OCT6300PE,CRUDEOIL,08OCT2026,630000.000000,1,OPTFUT,NCO,10.000000,100,False
132854,CRUDEOIL26OCT6350CE,CRUDEOIL,08OCT2026,635000.000000,1,OPTFUT,NCO,10.000000,100,False
132860,CRUDEOIL26OCT6500CE,CRUDEOIL,08OCT2026,650000.000000,1,OPTFUT,NCO,10.000000,100,False
132865,CRUDEOIL26OCT6600PE,CRUDEOIL,08OCT2026,660000.000000,1,OPTFUT,NCO,10.000000,100,False
132868,CRUDEOIL26OCT6700CE,CRUDEOIL,08OCT2026,670000.000000,1,OPTFUT,NCO,10.000000,100,False
132870,CRUDEOIL26OCT6750CE,CRUDEOIL,08OCT2026,675000.000000,1,OPTFUT,NCO,10.000000,100,False
132919,CRUDEOIL26OCT7450PE,CRUDEOIL,08OCT2026,745000.000000,1,OPTFUT,NCO,10.000000,100,False
132931,CRUDEOIL26OCT7750PE,CRUDEOIL,08OCT2026,775000.000000,1,OPTFUT,NCO,10.000000,100,False
132935,CRUDEOIL26NOV6050PE,CRUDEOIL,10NOV2026,605000.000000,1,OPTFUT,NCO,10.000000,100,False
132947,CRUDEOIL26NOV6350PE,CRUDEOIL,10NOV2026,635000.000000,1,OPTFUT,NCO,10.000000,100,False
132951,CRUDEOIL26NOV6450PE,CRUDEOIL,10NOV2026,645000.000000,1,OPTFUT,NCO,10.000000,100,False
132953,CRUDEOIL26NOV6500PE,CRUDEOIL,10NOV2026,650000.000000,1,OPTFUT,NCO,10.000000,100,False
132965,SILVERM27APR243000CE,SILVERM,23APR2027,24300000.000000,1,OPTFUT,NCO,50.000000,120,False
132969,SILVERM27APR243500CE,SILVERM,23APR2027,24350000.000000,1,OPTFUT,NCO,50.000000,120,False
132984,CRUDEOIL26OCT8000CE,CRUDEOIL,08OCT2026,800000.000000,1,OPTFUT,NCO,10.000000,100,False
133010,CRUDEOIL26NOV6850CE,CRUDEOIL,10NOV2026,685000.000000,1,OPTFUT,NCO,10.000000,100,False
133016,CRUDEOIL26NOV7000CE,CRUDEOIL,10NOV2026,700000.000000,1,OPTFUT,NCO,10.000000,100,False
133021,CRUDEOIL26NOV7100PE,CRUDEOIL,10NOV2026,710000.000000,1,OPTFUT,NCO,10.000000,100,False
133063,CRUDEOIL26OCT8750PE,CRUDEOIL,08OCT2026,875000.000000,1,OPTFUT,NCO,10.000000,100,False
133081,GOLD27JAN160800CE,GOLD,29JAN2027,16080000.000000,1,OPTFUT,NCO,50.000000,10,False
133082,GOLD27JAN160800PE,GOLD,29JAN2027,16080000.000000,1,OPTFUT,NCO,50.000000,10,False
133105,GOLD27JAN162000CE,GOLD,29JAN2027,16200000.000000,1,OPTFUT,NCO,50.000000,10,False
133130,GOLD27JAN162500PE,GOLD,29JAN2027,16250000.000000,1,OPTFUT,NCO,50.000000,10,False
133131,GOLD27JAN162600CE,GOLD,29JAN2027,16260000.000000,1,OPTFUT,NCO,50.000000,10,False
133134,GOLD27JAN162700PE,GOLD,29JAN2027,16270000.000000,1,OPTFUT,NCO,50.000000,10,False
133140,GOLD27JAN163000PE,GOLD,29JAN2027,16300000.000000,1,OPTFUT,NCO,50.000000,10,False
133144,GOLD27JAN163200PE,GOLD,29JAN2027,16320000.000000,1,OPTFUT,NCO,50.000000,10,False
133182,CRUDEOIL26NOV7550CE,CRUDEOIL,10NOV2026,755000.000000,1,OPTFUT,NCO,10.000000,100,False
133208,CRUDEOIL26NOV8100PE,CRUDEOIL,10NOV2026,810000.000000,1,OPTFUT,NCO,10.000000,100,False
133217,CRUDEOIL26NOV8350CE,CRUDEOIL,10NOV2026,835000.000000,1,OPTFUT,NCO,10.000000,100,False
133224,CRUDEOIL26NOV8500PE,CRUDEOIL,10NOV2026,850000.000000,1,OPTFUT,NCO,10.000000,100,False
133231,SILVERM27MAR288000PE,SILVERM,24MAR2027,28800000.000000,1,OPTFUT,NCO,50.000000,120,False
133237,SILVERM27MAR288750PE,SILVERM,24MAR2027,28875000.000000,1,OPTFUT,NCO,50.000000,120,False
133242,SILVERM27MAR289500CE,SILVERM,24MAR2027,28950000.000000,1,OPTFUT,NCO,50.000000,120,False
133244,SILVERM27MAR289750CE,SILVERM,24MAR2027,28975000.000000,1,OPTFUT,NCO,50.000000,120,False
133259,SILVERM27MAR291500PE,SILVERM,24MAR2027,29150000.000000,1,OPTFUT,NCO,50.000000,120,False
133274,SILVERM27MAR293500CE,SILVERM,24MAR2027,29350000.000000,1,OPTFUT,NCO,50.000000,120,False
133276,SILVERM27MAR293750CE,SILVERM,24MAR2027,29375000.000000,1,OPTFUT,NCO,50.000000,120,False
133281,SILVERM27MAR294250PE,SILVERM,24MAR2027,29425000.000000,1,OPTFUT,NCO,50.000000,120,False
133300,SILVERM27MAR296750CE,SILVERM,24MAR2027,29675000.000000,1,OPTFUT,NCO,50.000000,120,False
133316,SILVERM27MAR298750CE,SILVERM,24MAR2027,29875000.000000,1,OPTFUT,NCO,50.000000,120,False
133317,SILVERM27MAR298750PE,SILVERM,24MAR2027,29875000.000000,1,OPTFUT,NCO,50.000000,120,False
133318,SILVERM27MAR299000CE,SILVERM,24MAR2027,29900000.000000,1,OPTFUT,NCO,50.000000,120,False
133337,SILVERM27MAR301250PE,SILVERM,24MAR2027,30125000.000000,1,OPTFUT,NCO,50.000000,120,False
133350,SILVERM27APR246250PE,SILVERM,23APR2027,24625000.000000,1,OPTFUT,NCO,50.000000,120,False
133356,SILVERM27APR247000PE,SILVERM,23APR2027,24700000.000000,1,OPTFUT,NCO,50.000000,120,False
133363,SILVERM27MAY242250CE,SILVERM,24MAY2027,24225000.000000,1,OPTFUT,NCO,50.000000,120,False
133370,SILVERM27MAY243000PE,SILVERM,24MAY2027,24300000.000000,1,OPTFUT,NCO,50.000000,120,False
133376,GOLD27APR147500PE,GOLD,28APR2027,14750000.000000,1,OPTFUT,NCO,50.000000,10,False
133385,GOLD27MAY145900CE,GOLD,28MAY2027,14590000.000000,1,OPTFUT,NCO,50.000000,10,False
133474,GOLD27FEB166700CE,GOLD,26FEB2027,16670000.000000,1,OPTFUT,NCO,50.000000,10,False
133486,GOLD27FEB167300CE,GOLD,26FEB2027,16730000.000000,1,OPTFUT,NCO,50.000000,10,False
133487,GOLD27FEB167300PE,GOLD,26FEB2027,16730000.000000,1,OPTFUT,NCO,50.000000,10,False
133488,GOLD27FEB167400CE,GOLD,26FEB2027,16740000.000000,1,OPTFUT,NCO,50.000000,10,False
133492,GOLD27FEB167600CE,GOLD,26FEB2027,16760000.000000,1,OPTFUT,NCO,50.000000,10,False
133519,SILVERM27MAR303000PE,SILVERM,24MAR2027,30300000.000000,1,OPTFUT,NCO,50.000000,120,False
133521,SILVERM27MAR303250PE,SILVERM,24MAR2027,30325000.000000,1,OPTFUT,NCO,50.000000,120,False
133524,SILVERM27MAR303750CE,SILVERM,24MAR2027,30375000.000000,1,OPTFUT,NCO,50.000000,120,False
133542,SILVERM27MAY243750CE,SILVERM,24MAY2027,24375000.000000,1,OPTFUT,NCO,50.000000,120,False
133544,SILVERM27MAY244000CE,SILVERM,24MAY2027,24400000.000000,1,OPTFUT,NCO,50.000000,120,False
133546,SILVERM27MAY244250CE,SILVERM,24MAY2027,24425000.000000,1,OPTFUT,NCO,50.000000,120,False
133600,SILVERM27MAR305250PE,SILVERM,24MAR2027,30525000.000000,1,OPTFUT,NCO,50.000000,120,False
133601,SILVERM27MAR305500CE,SILVERM,24MAR2027,30550000.000000,1,OPTFUT,NCO,50.000000,120,False
133620,SILVERM27MAR307750PE,SILVERM,24MAR2027,30775000.000000,1,OPTFUT,NCO,50.000000,120,False
133627,SILVERM27MAR308750CE,SILVERM,24MAR2027,30875000.000000,1,OPTFUT,NCO,50.000000,120,False
133645,SILVERM27APR289500CE,SILVERM,23APR2027,28950000.000000,1,OPTFUT,NCO,50.000000,120,False
133648,SILVERM27APR289750PE,SILVERM,23APR2027,28975000.000000,1,OPTFUT,NCO,50.000000,120,False
133662,SILVERM27APR291500PE,SILVERM,23APR2027,29150000.000000,1,OPTFUT,NCO,50.000000,120,False
133673,SILVERM27MAY245000PE,SILVERM,24MAY2027,24500000.000000,1,OPTFUT,NCO,50.000000,120,False
133685,SILVERM27APR293500CE,SILVERM,23APR2027,29350000.000000,1,OPTFUT,NCO,50.000000,120,False
133691,SILVERM27APR294250CE,SILVERM,23APR2027,29425000.000000,1,OPTFUT,NCO,50.000000,120,False
133692,SILVERM27APR294250PE,SILVERM,23APR2027,29425000.000000,1,OPTFUT,NCO,50.000000,120,False
133702,SILVERM27APR295500PE,SILVERM,23APR2027,29550000.000000,1,OPTFUT,NCO,50.000000,120,False
133707,SILVERM27APR296250CE,SILVERM,23APR2027,29625000.000000,1,OPTFUT,NCO,50.000000,120,False
133709,SILVERM27APR296500CE,SILVERM,23APR2027,29650000.000000,1,OPTFUT,NCO,50.000000,120,False
133731,SILVERM27MAY246250CE,SILVERM,24MAY2027,24625000.000000,1,OPTFUT,NCO,50.000000,120,False
133759,SILVERM27FEB273000CE,SILVERM,19FEB2027,27300000.000000,1,OPTFUT,NCO,50.000000,120,False
133766,SILVERM27FEB273750PE,SILVERM,19FEB2027,27375000.000000,1,OPTFUT,NCO,50.000000,120,False
133778,SILVERM27APR299500PE,SILVERM,23APR2027,29950000.000000,1,OPTFUT,NCO,50.000000,120,False
133781,SILVERM27APR300000CE,SILVERM,23APR2027,30000000.000000,1,OPTFUT,NCO,50.000000,120,False
133790,SILVERM27APR301000PE,SILVERM,23APR2027,30100000.000000,1,OPTFUT,NCO,50.000000,120,False
133812,SILVERM27APR303750PE,SILVERM,23APR2027,30375000.000000,1,OPTFUT,NCO,50.000000,120,False
133820,SILVERM27APR304750PE,SILVERM,23APR2027,30475000.000000,1,OPTFUT,NCO,50.000000,120,False
133834,SILVERM27APR306500PE,SILVERM,23APR2027,30650000.000000,1,OPTFUT,NCO,50.000000,120,False
133846,SILVERM27APR308000PE,SILVERM,23APR2027,30800000.000000,1,OPTFUT,NCO,50.000000,120,False
133856,SILVERM27APR309250PE,SILVERM,23APR2027,30925000.000000,1,OPTFUT,NCO,50.000000,120,False
133869,SILVERM27MAY249750CE,SILVERM,24MAY2027,24975000.000000,1,OPTFUT,NCO,50.000000,120,False
133877,COPPER26SEP1310CE,COPPER,23SEP2026,131000.000000,1,OPTFUT,NCO,1.000000,70,False
133924,CRUDEOIL26OCT9800PE,CRUDEOIL,08OCT2026,980000.000000,1,OPTFUT,NCO,10.000000,100,False
133932,CRUDEOIL26OCT10000PE,CRUDEOIL,08OCT2026,1000000.000000,1,OPTFUT,NCO,10.000000,100,False
133933,CRUDEOIL26OCT10050CE,CRUDEOIL,08OCT2026,1005000.000000,1,OPTFUT,NCO,10.000000,100,False
133945,CRUDEOIL26OCT10350CE,CRUDEOIL,08OCT2026,1035000.000000,1,OPTFUT,NCO,10.000000,100,False
133954,CRUDEOIL26OCT10550PE,CRUDEOIL,08OCT2026,1055000.000000,1,OPTFUT,NCO,10.000000,100,False
133997,CRUDEOIL26NOV10450CE,CRUDEOIL,10NOV2026,1045000.000000,1,OPTFUT,NCO,10.000000,100,False
133973,CRUDEOIL26NOV9850CE,CRUDEOIL,10NOV2026,985000.000000,1,OPTFUT,NCO,10.000000,100,False
133992,CRUDEOIL26NOV10300PE,CRUDEOIL,10NOV2026,1030000.000000,1,OPTFUT,NCO,10.000000,100,False
134003,CRUDEOIL26NOV10600CE,CRUDEOIL,10NOV2026,1060000.000000,1,OPTFUT,NCO,10.000000,100,False
134056,GOLD27MAY146800PE,GOLD,28MAY2027,14680000.000000,1,OPTFUT,NCO,50.000000,10,False
134057,GOLD27MAY146900CE,GOLD,28MAY2027,14690000.000000,1,OPTFUT,NCO,50.000000,10,False
134059,GOLD27MAY147000CE,GOLD,28MAY2027,14700000.000000,1,OPTFUT,NCO,50.000000,10,False
134073,GOLD27MAR151300CE,GOLD,29MAR2027,15130000.000000,1,OPTFUT,NCO,50.000000,10,False
134074,GOLD27MAR151300PE,GOLD,29MAR2027,15130000.000000,1,OPTFUT,NCO,50.000000,10,False
134086,CRUDEOIL26NOV10650PE,CRUDEOIL,10NOV2026,1065000.000000,1,OPTFUT,NCO,10.000000,100,False
134091,GOLD27APR150500CE,GOLD,28APR2027,15050000.000000,1,OPTFUT,NCO,50.000000,10,False
134094,GOLD27MAY147500PE,GOLD,28MAY2027,14750000.000000,1,OPTFUT,NCO,50.000000,10,False
134126,GOLD27FEB173700CE,GOLD,26FEB2027,17370000.000000,1,OPTFUT,NCO,50.000000,10,False
134137,GOLD27FEB163000PE,GOLD,26FEB2027,16300000.000000,1,OPTFUT,NCO,50.000000,10,False
134156,GOLD27MAY166600PE,GOLD,28MAY2027,16660000.000000,1,OPTFUT,NCO,50.000000,10,False
134182,GOLD27JUN165700PE,GOLD,28JUN2027,16570000.000000,1,OPTFUT,NCO,50.000000,10,False
134191,GOLD27JUN166200CE,GOLD,28JUN2027,16620000.000000,1,OPTFUT,NCO,50.000000,10,False
134196,GOLD27JUN166400PE,GOLD,28JUN2027,16640000.000000,1,OPTFUT,NCO,50.000000,10,False
134197,GOLD27JUN166500CE,GOLD,28JUN2027,16650000.000000,1,OPTFUT,NCO,50.000000,10,False
134208,GOLD27JUN167000PE,GOLD,28JUN2027,16700000.000000,1,OPTFUT,NCO,50.000000,10,False
134220,GOLD27JUN167600PE,GOLD,28JUN2027,16760000.000000,1,OPTFUT,NCO,50.000000,10,False
134244,GOLD27JUL165600PE,GOLD,29JUL2027,16560000.000000,1,OPTFUT,NCO,50.000000,10,False
134245,GOLD27JUL165700CE,GOLD,29JUL2027,16570000.000000,1,OPTFUT,NCO,50.000000,10,False
134255,GOLD27JUL166200CE,GOLD,29JUL2027,16620000.000000,1,OPTFUT,NCO,50.000000,10,False
134272,GOLD27FEB163700PE,GOLD,26FEB2027,16370000.000000,1,OPTFUT,NCO,50.000000,10,False
134284,GOLD27JUL166700PE,GOLD,29JUL2027,16670000.000000,1,OPTFUT,NCO,50.000000,10,False
134290,GOLD27JUL167000PE,GOLD,29JUL2027,16700000.000000,1,OPTFUT,NCO,50.000000,10,False
134297,GOLD27JUL167400CE,GOLD,29JUL2027,16740000.000000,1,OPTFUT,NCO,50.000000,10,False
134298,GOLD27JUL167400PE,GOLD,29JUL2027,16740000.000000,1,OPTFUT,NCO,50.000000,10,False
134310,GOLD27JUL168000PE,GOLD,29JUL2027,16800000.000000,1,OPTFUT,NCO,50.000000,10,False
134312,GOLD27JUL168100PE,GOLD,29JUL2027,16810000.000000,1,OPTFUT,NCO,50.000000,10,False
134318,GOLD27APR150800PE,GOLD,28APR2027,15080000.000000,1,OPTFUT,NCO,50.000000,10,False
134330,GOLD27APR151400PE,GOLD,28APR2027,15140000.000000,1,OPTFUT,NCO,50.000000,10,False
134332,GOLD27APR151500PE,GOLD,28APR2027,15150000.000000,1,OPTFUT,NCO,50.000000,10,False
134340,GOLD27MAY148000PE,GOLD,28MAY2027,14800000.000000,1,OPTFUT,NCO,50.000000,10,False
134357,GOLD27JUL168400CE,GOLD,29JUL2027,16840000.000000,1,OPTFUT,NCO,50.000000,10,False
134412,GOLDM26SEP158100PE,GOLDM,25SEP2026,15810000.000000,1,OPTFUT,NCO,50.000000,100,False
134415,GOLDM26SEP158300CE,GOLDM,25SEP2026,15830000.000000,1,OPTFUT,NCO,50.000000,100,False
134431,GOLDM26SEP159100CE,GOLDM,25SEP2026,15910000.000000,1,OPTFUT,NCO,50.000000,100,False
134450,GOLDM26SEP160000PE,GOLDM,25SEP2026,16000000.000000,1,OPTFUT,NCO,50.000000,100,False
134464,GOLD27APR151700PE,GOLD,28APR2027,15170000.000000,1,OPTFUT,NCO,50.000000,10,False
134465,GOLD27APR151800CE,GOLD,28APR2027,15180000.000000,1,OPTFUT,NCO,50.000000,10,False
134467,GOLD27APR151900CE,GOLD,28APR2027,15190000.000000,1,OPTFUT,NCO,50.000000,10,False
134470,GOLD27APR152000PE,GOLD,28APR2027,15200000.000000,1,OPTFUT,NCO,50.000000,10,False
134472,GOLD27APR152100PE,GOLD,28APR2027,15210000.000000,1,OPTFUT,NCO,50.000000,10,False
134500,GOLD27MAY152500PE,GOLD,28MAY2027,15250000.000000,1,OPTFUT,NCO,50.000000,10,False
134528,GOLDM26SEP160400PE,GOLDM,25SEP2026,16040000.000000,1,OPTFUT,NCO,50.000000,100,False
134529,GOLDM26OCT158300CE,GOLDM,29OCT2026,15830000.000000,1,OPTFUT,NCO,50.000000,100,False
134540,GOLDM26OCT158800PE,GOLDM,29OCT2026,15880000.000000,1,OPTFUT,NCO,50.000000,100,False
134556,GOLDM26OCT159600PE,GOLDM,29OCT2026,15960000.000000,1,OPTFUT,NCO,50.000000,100,False
134560,GOLDM26OCT159800PE,GOLDM,29OCT2026,15980000.000000,1,OPTFUT,NCO,50.000000,100,False
134568,GOLDM26OCT160200PE,GOLDM,29OCT2026,16020000.000000,1,OPTFUT,NCO,50.000000,100,False
134572,GOLDM26OCT160400PE,GOLDM,29OCT2026,16040000.000000,1,OPTFUT,NCO,50.000000,100,False
134573,GOLDM26OCT160500CE,GOLDM,29OCT2026,16050000.000000,1,OPTFUT,NCO,50.000000,100,False
134576,GOLDM26OCT160600PE,GOLDM,29OCT2026,16060000.000000,1,OPTFUT,NCO,50.000000,100,False
134578,GOLDM26OCT160700PE,GOLDM,29OCT2026,16070000.000000,1,OPTFUT,NCO,50.000000,100,False
134580,GOLDM26OCT160800PE,GOLDM,29OCT2026,16080000.000000,1,OPTFUT,NCO,50.000000,100,False
134583,GOLDM26OCT161000CE,GOLDM,29OCT2026,16100000.000000,1,OPTFUT,NCO,50.000000,100,False
134585,GOLDM26OCT161100CE,GOLDM,29OCT2026,16110000.000000,1,OPTFUT,NCO,50.000000,100,False
134638,GOLD27MAY152900CE,GOLD,28MAY2027,15290000.000000,1,OPTFUT,NCO,50.000000,10,False
134640,SILVERM27JUL258750PE,SILVERM,23JUL2027,25875000.000000,1,OPTFUT,NCO,50.000000,120,False
134646,GOLD27MAY168800PE,GOLD,28MAY2027,16880000.000000,1,OPTFUT,NCO,50.000000,10,False
134649,GOLD27MAY169000CE,GOLD,28MAY2027,16900000.000000,1,OPTFUT,NCO,50.000000,10,False
134650,GOLD27MAY169000PE,GOLD,28MAY2027,16900000.000000,1,OPTFUT,NCO,50.000000,10,False
134660,GOLD27MAY169500PE,GOLD,28MAY2027,16950000.000000,1,OPTFUT,NCO,50.000000,10,False
134690,GOLD27JUN168900PE,GOLD,28JUN2027,16890000.000000,1,OPTFUT,NCO,50.000000,10,False
134712,GOLD27JUN170000PE,GOLD,28JUN2027,17000000.000000,1,OPTFUT,NCO,50.000000,10,False
134713,GOLD27JUN170100CE,GOLD,28JUN2027,17010000.000000,1,OPTFUT,NCO,50.000000,10,False
134720,GOLD27JUN170400PE,GOLD,28JUN2027,17040000.000000,1,OPTFUT,NCO,50.000000,10,False
134723,GOLD27JUN170600CE,GOLD,28JUN2027,17060000.000000,1,OPTFUT,NCO,50.000000,10,False
134725,GOLD27JUN170700CE,GOLD,28JUN2027,17070000.000000,1,OPTFUT,NCO,50.000000,10,False
134728,GOLD27JUL168600PE,GOLD,29JUL2027,16860000.000000,1,OPTFUT,NCO,50.000000,10,False
134733,GOLD27JUL168700CE,GOLD,29JUL2027,16870000.000000,1,OPTFUT,NCO,50.000000,10,False
134744,GOLD27JUL169200PE,GOLD,29JUL2027,16920000.000000,1,OPTFUT,NCO,50.000000,10,False
134766,GOLD27FEB164100PE,GOLD,26FEB2027,16410000.000000,1,OPTFUT,NCO,50.000000,10,False
134772,GOLD27FEB164400PE,GOLD,26FEB2027,16440000.000000,1,OPTFUT,NCO,50.000000,10,False
134835,SILVERM26SEP159000CE,SILVERM,23SEP2026,15900000.000000,1,OPTFUT,NCO,50.000000,120,False
134886,GOLD26SEP121500CE,GOLD,25SEP2026,12150000.000000,1,OPTFUT,NCO,50.000000,10,False
134888,GOLD26SEP121600CE,GOLD,25SEP2026,12160000.000000,1,OPTFUT,NCO,50.000000,10,False
134894,GOLD26SEP121900CE,GOLD,25SEP2026,12190000.000000,1,OPTFUT,NCO,50.000000,10,False
134903,GOLD26SEP122300PE,GOLD,25SEP2026,12230000.000000,1,OPTFUT,NCO,50.000000,10,False
134907,GOLD26SEP122500PE,GOLD,25SEP2026,12250000.000000,1,OPTFUT,NCO,50.000000,10,False
134912,GOLD26SEP122800CE,GOLD,25SEP2026,12280000.000000,1,OPTFUT,NCO,50.000000,10,False
134942,GOLD26SEP124300CE,GOLD,25SEP2026,12430000.000000,1,OPTFUT,NCO,50.000000,10,False
134969,GOLD26SEP125600PE,GOLD,25SEP2026,12560000.000000,1,OPTFUT,NCO,50.000000,10,False
134976,GOLD26SEP126000CE,GOLD,25SEP2026,12600000.000000,1,OPTFUT,NCO,50.000000,10,False
134980,GOLD26SEP126200CE,GOLD,25SEP2026,12620000.000000,1,OPTFUT,NCO,50.000000,10,False
134990,GOLD27FEB164700CE,GOLD,26FEB2027,16470000.000000,1,OPTFUT,NCO,50.000000,10,False
135032,GOLD27FEB165200CE,GOLD,26FEB2027,16520000.000000,1,OPTFUT,NCO,50.000000,10,False
135037,GOLD27FEB165400PE,GOLD,26FEB2027,16540000.000000,1,OPTFUT,NCO,50.000000,10,False
135041,GOLD27FEB165600PE,GOLD,26FEB2027,16560000.000000,1,OPTFUT,NCO,50.000000,10,False
135045,GOLD27FEB165800PE,GOLD,26FEB2027,16580000.000000,1,OPTFUT,NCO,50.000000,10,False
135092,GOLDM26SEP160900PE,GOLDM,25SEP2026,16090000.000000,1,OPTFUT,NCO,50.000000,100,False
135097,GOLDM26SEP161200CE,GOLDM,25SEP2026,16120000.000000,1,OPTFUT,NCO,50.000000,100,False
135099,SILVERM26SEP227250PE,SILVERM,23SEP2026,22725000.000000,1,OPTFUT,NCO,50.000000,120,False
135139,GOLDM26SEP161400CE,GOLDM,25SEP2026,16140000.000000,1,OPTFUT,NCO,50.000000,100,False
135146,GOLDM26SEP161700PE,GOLDM,25SEP2026,16170000.000000,1,OPTFUT,NCO,50.000000,100,False
135152,GOLDM26SEP162000PE,GOLDM,25SEP2026,16200000.000000,1,OPTFUT,NCO,50.000000,100,False
135173,GOLDM26SEP162500CE,GOLDM,25SEP2026,16250000.000000,1,OPTFUT,NCO,50.000000,100,False
135174,GOLDM26SEP162500PE,GOLDM,25SEP2026,16250000.000000,1,OPTFUT,NCO,50.000000,100,False
135194,SILVERM26SEP205000PE,SILVERM,23SEP2026,20500000.000000,1,OPTFUT,NCO,50.000000,120,False
135195,SILVERM26SEP205250CE,SILVERM,23SEP2026,20525000.000000,1,OPTFUT,NCO,50.000000,120,False
135196,SILVERM26SEP205250PE,SILVERM,23SEP2026,20525000.000000,1,OPTFUT,NCO,50.000000,120,False
135204,SILVERM26SEP206250PE,SILVERM,23SEP2026,20625000.000000,1,OPTFUT,NCO,50.000000,120,False
135207,SILVERM26SEP206750CE,SILVERM,23SEP2026,20675000.000000,1,OPTFUT,NCO,50.000000,120,False
135230,SILVERM26SEP209500PE,SILVERM,23SEP2026,20950000.000000,1,OPTFUT,NCO,50.000000,120,False
135236,SILVERM26OCT205750PE,SILVERM,23OCT2026,20575000.000000,1,OPTFUT,NCO,50.000000,120,False
135238,SILVERM26OCT206000PE,SILVERM,23OCT2026,20600000.000000,1,OPTFUT,NCO,50.000000,120,False
135255,GOLDM26SEP163000CE,GOLDM,25SEP2026,16300000.000000,1,OPTFUT,NCO,50.000000,100,False
135279,GOLDM26OCT162200CE,GOLDM,29OCT2026,16220000.000000,1,OPTFUT,NCO,50.000000,100,False
135282,GOLDM26OCT162300PE,GOLDM,29OCT2026,16230000.000000,1,OPTFUT,NCO,50.000000,100,False
135285,GOLDM26OCT162500CE,GOLDM,29OCT2026,16250000.000000,1,OPTFUT,NCO,50.000000,100,False
135298,GOLD27JAN164300PE,GOLD,29JAN2027,16430000.000000,1,OPTFUT,NCO,50.000000,10,False
135308,SILVERM27JAN253500PE,SILVERM,21JAN2027,25350000.000000,1,OPTFUT,NCO,50.000000,120,False
135311,SILVERM27JAN254000CE,SILVERM,21JAN2027,25400000.000000,1,OPTFUT,NCO,50.000000,120,False
135316,SILVERM27JAN254500PE,SILVERM,21JAN2027,25450000.000000,1,OPTFUT,NCO,50.000000,120,False
135317,GOLDM26OCT163000PE,GOLDM,29OCT2026,16300000.000000,1,OPTFUT,NCO,50.000000,100,False
135320,GOLDM26OCT163200CE,GOLDM,29OCT2026,16320000.000000,1,OPTFUT,NCO,50.000000,100,False
135331,GOLDM26OCT163700PE,GOLDM,29OCT2026,16370000.000000,1,OPTFUT,NCO,50.000000,100,False
135474,SILVERM27JUN259250PE,SILVERM,23JUN2027,25925000.000000,1,OPTFUT,NCO,50.000000,120,False
135475,SILVERM27JUN259500CE,SILVERM,23JUN2027,25950000.000000,1,OPTFUT,NCO,50.000000,120,False
135480,SILVERM27JUN260000PE,SILVERM,23JUN2027,26000000.000000,1,OPTFUT,NCO,50.000000,120,False
135482,SILVERM27JUN260250PE,SILVERM,23JUN2027,26025000.000000,1,OPTFUT,NCO,50.000000,120,False
135489,SILVERM27JUN261250CE,SILVERM,23JUN2027,26125000.000000,1,OPTFUT,NCO,50.000000,120,False
135496,SILVERM27JUN262000PE,SILVERM,23JUN2027,26200000.000000,1,OPTFUT,NCO,50.000000,120,False
135500,SILVERM27JUN262500PE,SILVERM,23JUN2027,26250000.000000,1,OPTFUT,NCO,50.000000,120,False
135504,SILVERM27JUN263000PE,SILVERM,23JUN2027,26300000.000000,1,OPTFUT,NCO,50.000000,120,False
135515,SILVERM27JUN264500CE,SILVERM,23JUN2027,26450000.000000,1,OPTFUT,NCO,50.000000,120,False
135519,SILVERM27JUL259000CE,SILVERM,23JUL2027,25900000.000000,1,OPTFUT,NCO,50.000000,120,False
135526,SILVERM27JUL259750PE,SILVERM,23JUL2027,25975000.000000,1,OPTFUT,NCO,50.000000,120,False
135530,SILVERM27JUL260250PE,SILVERM,23JUL2027,26025000.000000,1,OPTFUT,NCO,50.000000,120,False
135534,SILVERM27JUL260750PE,SILVERM,23JUL2027,26075000.000000,1,OPTFUT,NCO,50.000000,120,False
135572,GOLD26SEP126400PE,GOLD,25SEP2026,12640000.000000,1,OPTFUT,NCO,50.000000,10,False
135574,GOLD26SEP126500PE,GOLD,25SEP2026,12650000.000000,1,OPTFUT,NCO,50.000000,10,False
135583,GOLD26SEP127000CE,GOLD,25SEP2026,12700000.000000,1,OPTFUT,NCO,50.000000,10,False
135586,GOLD26SEP127100PE,GOLD,25SEP2026,12710000.000000,1,OPTFUT,NCO,50.000000,10,False
135593,GOLD26SEP127500CE,GOLD,25SEP2026,12750000.000000,1,OPTFUT,NCO,50.000000,10,False
135595,GOLD26SEP127600CE,GOLD,25SEP2026,12760000.000000,1,OPTFUT,NCO,50.000000,10,False
135600,GOLD26SEP127800PE,GOLD,25SEP2026,12780000.000000,1,OPTFUT,NCO,50.000000,10,False
135607,GOLD26SEP128200CE,GOLD,25SEP2026,12820000.000000,1,OPTFUT,NCO,50.000000,10,False
135610,GOLD26SEP128300PE,GOLD,25SEP2026,12830000.000000,1,OPTFUT,NCO,50.000000,10,False
135614,GOLD26SEP128500PE,GOLD,25SEP2026,12850000.000000,1,OPTFUT,NCO,50.000000,10,False
135626,SILVERM26OCT208000PE,SILVERM,23OCT2026,20800000.000000,1,OPTFUT,NCO,50.000000,120,False
135670,SILVERM26NOV209000PE,SILVERM,23NOV2026,20900000.000000,1,OPTFUT,NCO,50.000000,120,False
135690,SILVERM26NOV211500PE,SILVERM,23NOV2026,21150000.000000,1,OPTFUT,NCO,50.000000,120,False
135737,SILVERM26NOV211750CE,SILVERM,23NOV2026,21175000.000000,1,OPTFUT,NCO,50.000000,120,False
135745,SILVERM26SEP229000CE,SILVERM,23SEP2026,22900000.000000,1,OPTFUT,NCO,50.000000,120,False
135781,SILVERM27JUL261750PE,SILVERM,23JUL2027,26175000.000000,1,OPTFUT,NCO,50.000000,120,False
135785,SILVERM27JAN255500CE,SILVERM,21JAN2027,25550000.000000,1,OPTFUT,NCO,50.000000,120,False
135791,SILVERM27JAN256250CE,SILVERM,21JAN2027,25625000.000000,1,OPTFUT,NCO,50.000000,120,False
135794,SILVERM27JAN256500PE,SILVERM,21JAN2027,25650000.000000,1,OPTFUT,NCO,50.000000,120,False
135834,SILVERM27JAN257750PE,SILVERM,21JAN2027,25775000.000000,1,OPTFUT,NCO,50.000000,120,False
135844,SILVERM27JAN259000PE,SILVERM,21JAN2027,25900000.000000,1,OPTFUT,NCO,50.000000,120,False
135859,SILVERM27FEB256500PE,SILVERM,19FEB2027,25650000.000000,1,OPTFUT,NCO,50.000000,120,False
135864,SILVERM27FEB257250CE,SILVERM,19FEB2027,25725000.000000,1,OPTFUT,NCO,50.000000,120,False
135918,GOLD27MAR149400CE,GOLD,29MAR2027,14940000.000000,1,OPTFUT,NCO,50.000000,10,False
135923,GOLD27APR150100PE,GOLD,28APR2027,15010000.000000,1,OPTFUT,NCO,50.000000,10,False
135925,GOLD27APR150200PE,GOLD,28APR2027,15020000.000000,1,OPTFUT,NCO,50.000000,10,False
135946,SILVERM27JUL263750PE,SILVERM,23JUL2027,26375000.000000,1,OPTFUT,NCO,50.000000,120,False
135947,SILVERM27JUL264000CE,SILVERM,23JUL2027,26400000.000000,1,OPTFUT,NCO,50.000000,120,False
135966,SILVERM27MAY240750CE,SILVERM,24MAY2027,24075000.000000,1,OPTFUT,NCO,50.000000,120,False
135970,SILVERM27MAY241250CE,SILVERM,24MAY2027,24125000.000000,1,OPTFUT,NCO,50.000000,120,False
135975,SILVERM27JUL264000PE,SILVERM,23JUL2027,26400000.000000,1,OPTFUT,NCO,50.000000,120,False
135984,SILVERM27JUL265250CE,SILVERM,23JUL2027,26525000.000000,1,OPTFUT,NCO,50.000000,120,False
135990,SILVERM27JUL266000CE,SILVERM,23JUL2027,26600000.000000,1,OPTFUT,NCO,50.000000,120,False
136000,SILVER26DEC270500CE,SILVER,01DEC2026,27050000.000000,1,OPTBLN,NCO,50.000000,20,False
136003,CRUDEOIL26NOV5700PE,CRUDEOIL,10NOV2026,570000.000000,1,OPTFUT,NCO,10.000000,100,False
136006,CRUDEOIL26NOV5800CE,CRUDEOIL,10NOV2026,580000.000000,1,OPTFUT,NCO,10.000000,100,False
136024,GOLD27MAY170700CE,GOLD,28MAY2027,17070000.000000,1,OPTFUT,NCO,50.000000,10,False
136029,GOLD27MAY170900PE,GOLD,28MAY2027,17090000.000000,1,OPTFUT,NCO,50.000000,10,False
136034,GOLD27MAY171200CE,GOLD,28MAY2027,17120000.000000,1,OPTFUT,NCO,50.000000,10,False
136071,SILVERM26SEP161250CE,SILVERM,23SEP2026,16125000.000000,1,OPTFUT,NCO,50.000000,120,False
136075,SILVERM26SEP161750CE,SILVERM,23SEP2026,16175000.000000,1,OPTFUT,NCO,50.000000,120,False
136085,SILVERM26SEP163000CE,SILVERM,23SEP2026,16300000.000000,1,OPTFUT,NCO,50.000000,120,False
136099,SILVERM27JAN260750CE,SILVERM,21JAN2027,26075000.000000,1,OPTFUT,NCO,50.000000,120,False
136101,SILVERM27FEB259750PE,SILVERM,19FEB2027,25975000.000000,1,OPTFUT,NCO,50.000000,120,False
136103,SILVERM27FEB260000PE,SILVERM,19FEB2027,26000000.000000,1,OPTFUT,NCO,50.000000,120,False
136110,SILVERM27JAN261250PE,SILVERM,21JAN2027,26125000.000000,1,OPTFUT,NCO,50.000000,120,False
136111,SILVERM27JAN261500CE,SILVERM,21JAN2027,26150000.000000,1,OPTFUT,NCO,50.000000,120,False
136113,SILVERM27FEB260250PE,SILVERM,19FEB2027,26025000.000000,1,OPTFUT,NCO,50.000000,120,False
136123,SILVERM27FEB261500PE,SILVERM,19FEB2027,26150000.000000,1,OPTFUT,NCO,50.000000,120,False
136129,SILVERM27FEB262250PE,SILVERM,19FEB2027,26225000.000000,1,OPTFUT,NCO,50.000000,120,False
136150,SILVERM27JAN262000PE,SILVERM,21JAN2027,26200000.000000,1,OPTFUT,NCO,50.000000,120,False
136162,SILVERM27FEB262750CE,SILVERM,19FEB2027,26275000.000000,1,OPTFUT,NCO,50.000000,120,False
136180,SILVERM27APR237000CE,SILVERM,23APR2027,23700000.000000,1,OPTFUT,NCO,50.000000,120,False
136202,SILVERM27MAY236250CE,SILVERM,24MAY2027,23625000.000000,1,OPTFUT,NCO,50.000000,120,False
136203,SILVERM27MAY236250PE,SILVERM,24MAY2027,23625000.000000,1,OPTFUT,NCO,50.000000,120,False
136218,GOLD27MAY172000PE,GOLD,28MAY2027,17200000.000000,1,OPTFUT,NCO,50.000000,10,False
136224,GOLD27JUN171000PE,GOLD,28JUN2027,17100000.000000,1,OPTFUT,NCO,50.000000,10,False
136226,GOLD27JUN171100PE,GOLD,28JUN2027,17110000.000000,1,OPTFUT,NCO,50.000000,10,False
136248,GOLD26SEP128900PE,GOLD,25SEP2026,12890000.000000,1,OPTFUT,NCO,50.000000,10,False
136251,GOLD26SEP129100CE,GOLD,25SEP2026,12910000.000000,1,OPTFUT,NCO,50.000000,10,False
136254,GOLD26SEP129200PE,GOLD,25SEP2026,12920000.000000,1,OPTFUT,NCO,50.000000,10,False
136259,SILVERM27MAY237000PE,SILVERM,24MAY2027,23700000.000000,1,OPTFUT,NCO,50.000000,120,False
136304,GOLD27JAN164600PE,GOLD,29JAN2027,16460000.000000,1,OPTFUT,NCO,50.000000,10,False
136370,SILVERM27FEB267250CE,SILVERM,19FEB2027,26725000.000000,1,OPTFUT,NCO,50.000000,120,False
136378,SILVERM26SEP233500PE,SILVERM,23SEP2026,23350000.000000,1,OPTFUT,NCO,50.000000,120,False
136401,GOLD27JUL171800CE,GOLD,29JUL2027,17180000.000000,1,OPTFUT,NCO,50.000000,10,False
136406,GOLD27JUL172000PE,GOLD,29JUL2027,17200000.000000,1,OPTFUT,NCO,50.000000,10,False
136427,GOLD26SEP141100CE,GOLD,25SEP2026,14110000.000000,1,OPTFUT,NCO,50.000000,10,False
136442,GOLD26SEP141800PE,GOLD,25SEP2026,14180000.000000,1,OPTFUT,NCO,50.000000,10,False
136465,GOLD26OCT142700CE,GOLD,29OCT2026,14270000.000000,1,OPTFUT,NCO,50.000000,10,False
136488,GOLD27JUL172500CE,GOLD,29JUL2027,17250000.000000,1,OPTFUT,NCO,50.000000,10,False
136501,GOLD27JUL173100PE,GOLD,29JUL2027,17310000.000000,1,OPTFUT,NCO,50.000000,10,False
136505,GOLD27JUL173300PE,GOLD,29JUL2027,17330000.000000,1,OPTFUT,NCO,50.000000,10,False
136509,GOLD27JUL173500PE,GOLD,29JUL2027,17350000.000000,1,OPTFUT,NCO,50.000000,10,False
136513,GOLD27JUL173700PE,GOLD,29JUL2027,17370000.000000,1,OPTFUT,NCO,50.000000,10,False
136558,GOLD27JAN166300PE,GOLD,29JAN2027,16630000.000000,1,OPTFUT,NCO,50.000000,10,False
136560,GOLD27JAN166400PE,GOLD,29JAN2027,16640000.000000,1,OPTFUT,NCO,50.000000,10,False
136561,GOLD27JAN166500CE,GOLD,29JAN2027,16650000.000000,1,OPTFUT,NCO,50.000000,10,False
136574,GOLD27JAN167100PE,GOLD,29JAN2027,16710000.000000,1,OPTFUT,NCO,50.000000,10,False
136575,SILVERM27FEB267250PE,SILVERM,19FEB2027,26725000.000000,1,OPTFUT,NCO,50.000000,120,False
136576,SILVERM27FEB267500CE,SILVERM,19FEB2027,26750000.000000,1,OPTFUT,NCO,50.000000,120,False
136583,SILVERM27FEB268250PE,SILVERM,19FEB2027,26825000.000000,1,OPTFUT,NCO,50.000000,120,False
136589,SILVERM27FEB269000PE,SILVERM,19FEB2027,26900000.000000,1,OPTFUT,NCO,50.000000,120,False
136592,SILVERM27FEB269500CE,SILVERM,19FEB2027,26950000.000000,1,OPTFUT,NCO,50.000000,120,False
136596,SILVERM27FEB270000CE,SILVERM,19FEB2027,27000000.000000,1,OPTFUT,NCO,50.000000,120,False
136603,SILVERM27FEB270750PE,SILVERM,19FEB2027,27075000.000000,1,OPTFUT,NCO,50.000000,120,False
136607,SILVERM27FEB271250PE,SILVERM,19FEB2027,27125000.000000,1,OPTFUT,NCO,50.000000,120,False
136616,NATURALGAS26SEP250PE,NATURALGAS,21SEP2026,25000.000000,1,OPTFUT,NCO,5.000000,48,False
136619,NATURALGAS26SEP260CE,NATURALGAS,21SEP2026,26000.000000,1,OPTFUT,NCO,5.000000,48,False
136630,NATURALGAS26SEP285PE,NATURALGAS,21SEP2026,28500.000000,1,OPTFUT,NCO,5.000000,48,False
136633,NATURALGAS26SEP295CE,NATURALGAS,21SEP2026,29500.000000,1,OPTFUT,NCO,5.000000,48,False
136636,NATURALGAS26SEP300PE,NATURALGAS,21SEP2026,30000.000000,1,OPTFUT,NCO,5.000000,48,False
136679,SILVERM27MAR224000CE,SILVERM,24MAR2027,22400000.000000,1,OPTFUT,NCO,50.000000,120,False
136683,SILVERM27MAR224500CE,SILVERM,24MAR2027,22450000.000000,1,OPTFUT,NCO,50.000000,120,False
136688,SILVERM27MAR225000PE,SILVERM,24MAR2027,22500000.000000,1,OPTFUT,NCO,50.000000,120,False
136715,SILVERM27APR224500CE,SILVERM,23APR2027,22450000.000000,1,OPTFUT,NCO,50.000000,120,False
136716,SILVERM27APR224500PE,SILVERM,23APR2027,22450000.000000,1,OPTFUT,NCO,50.000000,120,False
136721,SILVERM27APR225250CE,SILVERM,23APR2027,22525000.000000,1,OPTFUT,NCO,50.000000,120,False
136729,SILVERM27APR226250CE,SILVERM,23APR2027,22625000.000000,1,OPTFUT,NCO,50.000000,120,False
136733,SILVERM27APR226750CE,SILVERM,23APR2027,22675000.000000,1,OPTFUT,NCO,50.000000,120,False
136740,SILVERM27APR227500PE,SILVERM,23APR2027,22750000.000000,1,OPTFUT,NCO,50.000000,120,False
136741,SILVERM27APR227750CE,SILVERM,23APR2027,22775000.000000,1,OPTFUT,NCO,50.000000,120,False
136761,SILVERM27MAY226500CE,SILVERM,24MAY2027,22650000.000000,1,OPTFUT,NCO,50.000000,120,False
136775,SILVERM27MAY228250CE,SILVERM,24MAY2027,22825000.000000,1,OPTFUT,NCO,50.000000,120,False
136840,GOLDM26SEP164600PE,GOLDM,25SEP2026,16460000.000000,1,OPTFUT,NCO,50.000000,100,False
136847,GOLDM26SEP165000CE,GOLDM,25SEP2026,16500000.000000,1,OPTFUT,NCO,50.000000,100,False
136850,GOLDM26SEP165100PE,GOLDM,25SEP2026,16510000.000000,1,OPTFUT,NCO,50.000000,100,False
136851,GOLDM26SEP165200CE,GOLDM,25SEP2026,16520000.000000,1,OPTFUT,NCO,50.000000,100,False
136852,GOLDM26SEP165200PE,GOLDM,25SEP2026,16520000.000000,1,OPTFUT,NCO,50.000000,100,False
136860,GOLDM26OCT164400PE,GOLDM,29OCT2026,16440000.000000,1,OPTFUT,NCO,50.000000,100,False
136870,GOLDM26OCT164900PE,GOLDM,29OCT2026,16490000.000000,1,OPTFUT,NCO,50.000000,100,False
136872,GOLDM26OCT165000PE,GOLDM,29OCT2026,16500000.000000,1,OPTFUT,NCO,50.000000,100,False
136880,GOLDM26OCT165400PE,GOLDM,29OCT2026,16540000.000000,1,OPTFUT,NCO,50.000000,100,False
136934,GOLD26SEP129500PE,GOLD,25SEP2026,12950000.000000,1,OPTFUT,NCO,50.000000,10,False
136935,GOLD26SEP129600CE,GOLD,25SEP2026,12960000.000000,1,OPTFUT,NCO,50.000000,10,False
136966,GOLD26SEP131100PE,GOLD,25SEP2026,13110000.000000,1,OPTFUT,NCO,50.000000,10,False
136941,GOLD26SEP129900CE,GOLD,25SEP2026,12990000.000000,1,OPTFUT,NCO,50.000000,10,False
136951,GOLD26SEP130400CE,GOLD,25SEP2026,13040000.000000,1,OPTFUT,NCO,50.000000,10,False
136963,GOLD26SEP131000CE,GOLD,25SEP2026,13100000.000000,1,OPTFUT,NCO,50.000000,10,False
136978,GOLD26SEP131700PE,GOLD,25SEP2026,13170000.000000,1,OPTFUT,NCO,50.000000,10,False
136979,GOLD26SEP131800CE,GOLD,25SEP2026,13180000.000000,1,OPTFUT,NCO,50.000000,10,False
136980,GOLD26SEP131800PE,GOLD,25SEP2026,13180000.000000,1,OPTFUT,NCO,50.000000,10,False
136984,GOLD26SEP132000PE,GOLD,25SEP2026,13200000.000000,1,OPTFUT,NCO,50.000000,10,False
136990,GOLD26NOV143200PE,GOLD,27NOV2026,14320000.000000,1,OPTFUT,NCO,50.000000,10,False
137023,SILVERM27MAY229000CE,SILVERM,24MAY2027,22900000.000000,1,OPTFUT,NCO,50.000000,120,False
137026,SILVERM27MAY229250PE,SILVERM,24MAY2027,22925000.000000,1,OPTFUT,NCO,50.000000,120,False
137040,GOLDM26OCT165800CE,GOLDM,29OCT2026,16580000.000000,1,OPTFUT,NCO,50.000000,100,False
137042,GOLDM26OCT165900CE,GOLDM,29OCT2026,16590000.000000,1,OPTFUT,NCO,50.000000,100,False
137064,ZINC26OCT435CE,ZINC,23OCT2026,43500.000000,1,OPTFUT,NCO,1.000000,20,False
137122,SILVERM26SEP253750CE,SILVERM,23SEP2026,25375000.000000,1,OPTFUT,NCO,50.000000,120,False
137127,SILVERM26SEP254250PE,SILVERM,23SEP2026,25425000.000000,1,OPTFUT,NCO,50.000000,120,False
137184,SILVERM26SEP233750PE,SILVERM,23SEP2026,23375000.000000,1,OPTFUT,NCO,50.000000,120,False
137193,SILVERM26SEP235000CE,SILVERM,23SEP2026,23500000.000000,1,OPTFUT,NCO,50.000000,120,False
137202,SILVERM26OCT228500PE,SILVERM,23OCT2026,22850000.000000,1,OPTFUT,NCO,50.000000,120,False
137425,SILVERM26SEP165000CE,SILVERM,23SEP2026,16500000.000000,1,OPTFUT,NCO,50.000000,120,False
137445,SILVERM26SEP167500CE,SILVERM,23SEP2026,16750000.000000,1,OPTFUT,NCO,50.000000,120,False
137450,SILVERM26SEP168000PE,SILVERM,23SEP2026,16800000.000000,1,OPTFUT,NCO,50.000000,120,False
137477,SILVERM26OCT229750CE,SILVERM,23OCT2026,22975000.000000,1,OPTFUT,NCO,50.000000,120,False
137478,SILVERM26OCT229750PE,SILVERM,23OCT2026,22975000.000000,1,OPTFUT,NCO,50.000000,120,False
137483,SILVERM26OCT230500CE,SILVERM,23OCT2026,23050000.000000,1,OPTFUT,NCO,50.000000,120,False
137484,SILVERM26OCT230500PE,SILVERM,23OCT2026,23050000.000000,1,OPTFUT,NCO,50.000000,120,False
137489,SILVERM26OCT231250CE,SILVERM,23OCT2026,23125000.000000,1,OPTFUT,NCO,50.000000,120,False
137497,SILVERM26OCT232250CE,SILVERM,23OCT2026,23225000.000000,1,OPTFUT,NCO,50.000000,120,False
137502,SILVERM26OCT232750PE,SILVERM,23OCT2026,23275000.000000,1,OPTFUT,NCO,50.000000,120,False
137504,SILVERM26OCT233000PE,SILVERM,23OCT2026,23300000.000000,1,OPTFUT,NCO,50.000000,120,False
137563,SILVERM26OCT234750CE,SILVERM,23OCT2026,23475000.000000,1,OPTFUT,NCO,50.000000,120,False
137568,SILVERM26OCT235250PE,SILVERM,23OCT2026,23525000.000000,1,OPTFUT,NCO,50.000000,120,False
137753,SILVERM26NOV229750CE,SILVERM,23NOV2026,22975000.000000,1,OPTFUT,NCO,50.000000,120,False
137640,GOLD26SEP132200PE,GOLD,25SEP2026,13220000.000000,1,OPTFUT,NCO,50.000000,10,False
137743,SILVERM26OCT236250CE,SILVERM,23OCT2026,23625000.000000,1,OPTFUT,NCO,50.000000,120,False
137750,SILVERM26NOV229250PE,SILVERM,23NOV2026,22925000.000000,1,OPTFUT,NCO,50.000000,120,False
137763,SILVERM26NOV231000CE,SILVERM,23NOV2026,23100000.000000,1,OPTFUT,NCO,50.000000,120,False
137771,SILVERM26NOV232000CE,SILVERM,23NOV2026,23200000.000000,1,OPTFUT,NCO,50.000000,120,False
137775,SILVERM26NOV232500CE,SILVERM,23NOV2026,23250000.000000,1,OPTFUT,NCO,50.000000,120,False
137759,SILVERM26NOV230500CE,SILVERM,23NOV2026,23050000.000000,1,OPTFUT,NCO,50.000000,120,False
138131,SILVERM26SEP168750CE,SILVERM,23SEP2026,16875000.000000,1,OPTFUT,NCO,50.000000,120,False
138137,SILVERM26SEP169500CE,SILVERM,23SEP2026,16950000.000000,1,OPTFUT,NCO,50.000000,120,False
138142,SILVERM26SEP170000PE,SILVERM,23SEP2026,17000000.000000,1,OPTFUT,NCO,50.000000,120,False
138145,SILVERM26SEP170500CE,SILVERM,23SEP2026,17050000.000000,1,OPTFUT,NCO,50.000000,120,False
138148,SILVERM26SEP170750PE,SILVERM,23SEP2026,17075000.000000,1,OPTFUT,NCO,50.000000,120,False
138151,SILVERM26SEP171250CE,SILVERM,23SEP2026,17125000.000000,1,OPTFUT,NCO,50.000000,120,False
138155,SILVERM26SEP171750CE,SILVERM,23SEP2026,17175000.000000,1,OPTFUT,NCO,50.000000,120,False
138162,SILVERM26SEP172500PE,SILVERM,23SEP2026,17250000.000000,1,OPTFUT,NCO,50.000000,120,False
138164,SILVERM26SEP172750PE,SILVERM,23SEP2026,17275000.000000,1,OPTFUT,NCO,50.000000,120,False
138166,SILVERM26SEP173000PE,SILVERM,23SEP2026,17300000.000000,1,OPTFUT,NCO,50.000000,120,False
138167,SILVERM26SEP173250CE,SILVERM,23SEP2026,17325000.000000,1,OPTFUT,NCO,50.000000,120,False
138169,SILVERM26SEP173500CE,SILVERM,23SEP2026,17350000.000000,1,OPTFUT,NCO,50.000000,120,False
138227,GOLD27JAN155100PE,GOLD,29JAN2027,15510000.000000,1,OPTFUT,NCO,50.000000,10,False
138250,GOLD27JAN156300CE,GOLD,29JAN2027,15630000.000000,1,OPTFUT,NCO,50.000000,10,False
138252,GOLD27JAN156400CE,GOLD,29JAN2027,15640000.000000,1,OPTFUT,NCO,50.000000,10,False
138254,GOLD27JAN156500CE,GOLD,29JAN2027,15650000.000000,1,OPTFUT,NCO,50.000000,10,False
138263,SILVERM26OCT253250PE,SILVERM,23OCT2026,25325000.000000,1,OPTFUT,NCO,50.000000,120,False
138371,SILVERM26NOV234750CE,SILVERM,23NOV2026,23475000.000000,1,OPTFUT,NCO,50.000000,120,False
138383,SILVERM26NOV236250CE,SILVERM,23NOV2026,23625000.000000,1,OPTFUT,NCO,50.000000,120,False
138384,SILVERM26NOV236250PE,SILVERM,23NOV2026,23625000.000000,1,OPTFUT,NCO,50.000000,120,False
138403,GOLD27JAN156900PE,GOLD,29JAN2027,15690000.000000,1,OPTFUT,NCO,50.000000,10,False
138405,GOLD27JAN157000PE,GOLD,29JAN2027,15700000.000000,1,OPTFUT,NCO,50.000000,10,False
138452,GOLD27JAN157300CE,GOLD,29JAN2027,15730000.000000,1,OPTFUT,NCO,50.000000,10,False
138454,GOLD27JAN157400CE,GOLD,29JAN2027,15740000.000000,1,OPTFUT,NCO,50.000000,10,False
138479,GOLD27FEB155200PE,GOLD,26FEB2027,15520000.000000,1,OPTFUT,NCO,50.000000,10,False
138760,SILVERM26SEP175250PE,SILVERM,23SEP2026,17525000.000000,1,OPTFUT,NCO,50.000000,120,False
138786,SILVERM26SEP178500PE,SILVERM,23SEP2026,17850000.000000,1,OPTFUT,NCO,50.000000,120,False
138789,SILVERM26SEP179000CE,SILVERM,23SEP2026,17900000.000000,1,OPTFUT,NCO,50.000000,120,False
138790,SILVERM26SEP179000PE,SILVERM,23SEP2026,17900000.000000,1,OPTFUT,NCO,50.000000,120,False
138855,GOLD27FEB155800PE,GOLD,26FEB2027,15580000.000000,1,OPTFUT,NCO,50.000000,10,False
138868,GOLD27FEB156500CE,GOLD,26FEB2027,15650000.000000,1,OPTFUT,NCO,50.000000,10,False
138887,GOLD27FEB157400PE,GOLD,26FEB2027,15740000.000000,1,OPTFUT,NCO,50.000000,10,False
138903,GOLD27FEB158200PE,GOLD,26FEB2027,15820000.000000,1,OPTFUT,NCO,50.000000,10,False
138907,GOLD27FEB158400PE,GOLD,26FEB2027,15840000.000000,1,OPTFUT,NCO,50.000000,10,False
138910,GOLD27FEB158600CE,GOLD,26FEB2027,15860000.000000,1,OPTFUT,NCO,50.000000,10,False
138917,GOLD27FEB158900PE,GOLD,26FEB2027,15890000.000000,1,OPTFUT,NCO,50.000000,10,False
138973,SILVERM26OCT254500PE,SILVERM,23OCT2026,25450000.000000,1,OPTFUT,NCO,50.000000,120,False
138978,SILVERM26OCT255250CE,SILVERM,23OCT2026,25525000.000000,1,OPTFUT,NCO,50.000000,120,False
138985,SILVERM26OCT256000PE,SILVERM,23OCT2026,25600000.000000,1,OPTFUT,NCO,50.000000,120,False
138986,SILVERM26OCT256250CE,SILVERM,23OCT2026,25625000.000000,1,OPTFUT,NCO,50.000000,120,False
139030,GOLD27FEB159900CE,GOLD,26FEB2027,15990000.000000,1,OPTFUT,NCO,50.000000,10,False
139032,GOLD27FEB160000CE,GOLD,26FEB2027,16000000.000000,1,OPTFUT,NCO,50.000000,10,False
139035,GOLD27FEB160100PE,GOLD,26FEB2027,16010000.000000,1,OPTFUT,NCO,50.000000,10,False
139187,GOLD26SEP132500CE,GOLD,25SEP2026,13250000.000000,1,OPTFUT,NCO,50.000000,10,False
139190,GOLD26SEP132600PE,GOLD,25SEP2026,13260000.000000,1,OPTFUT,NCO,50.000000,10,False
139193,GOLD26SEP132800CE,GOLD,25SEP2026,13280000.000000,1,OPTFUT,NCO,50.000000,10,False
139194,GOLD26SEP132800PE,GOLD,25SEP2026,13280000.000000,1,OPTFUT,NCO,50.000000,10,False
139209,GOLD26SEP133600CE,GOLD,25SEP2026,13360000.000000,1,OPTFUT,NCO,50.000000,10,False
139280,SILVERM26NOV256000CE,SILVERM,23NOV2026,25600000.000000,1,OPTFUT,NCO,50.000000,120,False
139302,SILVERM26SEP211750PE,SILVERM,23SEP2026,21175000.000000,1,OPTFUT,NCO,50.000000,120,False
139306,SILVERM26SEP212250PE,SILVERM,23SEP2026,21225000.000000,1,OPTFUT,NCO,50.000000,120,False
139315,SILVERM26SEP213500CE,SILVERM,23SEP2026,21350000.000000,1,OPTFUT,NCO,50.000000,120,False
139316,SILVERM26SEP213500PE,SILVERM,23SEP2026,21350000.000000,1,OPTFUT,NCO,50.000000,120,False
139320,SILVERM26SEP214000PE,SILVERM,23SEP2026,21400000.000000,1,OPTFUT,NCO,50.000000,120,False
139333,SILVERM26SEP215750CE,SILVERM,23SEP2026,21575000.000000,1,OPTFUT,NCO,50.000000,120,False
139336,SILVERM26SEP216000PE,SILVERM,23SEP2026,21600000.000000,1,OPTFUT,NCO,50.000000,120,False
139337,SILVERM26OCT210750CE,SILVERM,23OCT2026,21075000.000000,1,OPTFUT,NCO,50.000000,120,False
139338,SILVERM26OCT210750PE,SILVERM,23OCT2026,21075000.000000,1,OPTFUT,NCO,50.000000,120,False
139341,SILVERM26OCT211250CE,SILVERM,23OCT2026,21125000.000000,1,OPTFUT,NCO,50.000000,120,False
139349,SILVERM26OCT212250CE,SILVERM,23OCT2026,21225000.000000,1,OPTFUT,NCO,50.000000,120,False
139382,SILVERM26OCT216250PE,SILVERM,23OCT2026,21625000.000000,1,OPTFUT,NCO,50.000000,120,False
139353,SILVERM26OCT212750CE,SILVERM,23OCT2026,21275000.000000,1,OPTFUT,NCO,50.000000,120,False
139370,SILVERM26OCT214750PE,SILVERM,23OCT2026,21475000.000000,1,OPTFUT,NCO,50.000000,120,False
139376,SILVERM26OCT215500PE,SILVERM,23OCT2026,21550000.000000,1,OPTFUT,NCO,50.000000,120,False
139384,SILVERM26OCT216500PE,SILVERM,23OCT2026,21650000.000000,1,OPTFUT,NCO,50.000000,120,False
139393,SILVERM26NOV212500CE,SILVERM,23NOV2026,21250000.000000,1,OPTFUT,NCO,50.000000,120,False
139399,SILVERM26NOV213250CE,SILVERM,23NOV2026,21325000.000000,1,OPTFUT,NCO,50.000000,120,False
139410,GOLD27FEB160300CE,GOLD,26FEB2027,16030000.000000,1,OPTFUT,NCO,50.000000,10,False
139434,GOLD27FEB161500CE,GOLD,26FEB2027,16150000.000000,1,OPTFUT,NCO,50.000000,10,False
139455,GOLD27FEB162500PE,GOLD,26FEB2027,16250000.000000,1,OPTFUT,NCO,50.000000,10,False
139459,GOLD27FEB162700PE,GOLD,26FEB2027,16270000.000000,1,OPTFUT,NCO,50.000000,10,False
140006,SILVERM26SEP179250PE,SILVERM,23SEP2026,17925000.000000,1,OPTFUT,NCO,50.000000,120,False
140010,SILVERM26SEP179750PE,SILVERM,23SEP2026,17975000.000000,1,OPTFUT,NCO,50.000000,120,False
140021,SILVERM26SEP181250CE,SILVERM,23SEP2026,18125000.000000,1,OPTFUT,NCO,50.000000,120,False
140025,SILVERM26SEP181750CE,SILVERM,23SEP2026,18175000.000000,1,OPTFUT,NCO,50.000000,120,False
140046,SILVERM26SEP184250PE,SILVERM,23SEP2026,18425000.000000,1,OPTFUT,NCO,50.000000,120,False
140056,SILVERM26SEP185500PE,SILVERM,23SEP2026,18550000.000000,1,OPTFUT,NCO,50.000000,120,False
140077,SILVERM26NOV215250CE,SILVERM,23NOV2026,21525000.000000,1,OPTFUT,NCO,50.000000,120,False
140086,SILVERM26NOV216250PE,SILVERM,23NOV2026,21625000.000000,1,OPTFUT,NCO,50.000000,120,False
140087,SILVERM26NOV216500CE,SILVERM,23NOV2026,21650000.000000,1,OPTFUT,NCO,50.000000,120,False
140183,SILVERM26NOV256000PE,SILVERM,23NOV2026,25600000.000000,1,OPTFUT,NCO,50.000000,120,False
140190,SILVERM27JAN240250CE,SILVERM,21JAN2027,24025000.000000,1,OPTFUT,NCO,50.000000,120,False
140193,SILVERM27JAN240500PE,SILVERM,21JAN2027,24050000.000000,1,OPTFUT,NCO,50.000000,120,False
140199,SILVERM27JAN241250PE,SILVERM,21JAN2027,24125000.000000,1,OPTFUT,NCO,50.000000,120,False
140208,SILVERM27JAN242500CE,SILVERM,21JAN2027,24250000.000000,1,OPTFUT,NCO,50.000000,120,False
140215,SILVERM27FEB241000PE,SILVERM,19FEB2027,24100000.000000,1,OPTFUT,NCO,50.000000,120,False
140220,SILVERM27FEB241750CE,SILVERM,19FEB2027,24175000.000000,1,OPTFUT,NCO,50.000000,120,False
140222,SILVERM27FEB242000CE,SILVERM,19FEB2027,24200000.000000,1,OPTFUT,NCO,50.000000,120,False
140238,SILVERM27FEB244000CE,SILVERM,19FEB2027,24400000.000000,1,OPTFUT,NCO,50.000000,120,False
140248,SILVERM27FEB245250CE,SILVERM,19FEB2027,24525000.000000,1,OPTFUT,NCO,50.000000,120,False
140255,SILVERM27FEB246000PE,SILVERM,19FEB2027,24600000.000000,1,OPTFUT,NCO,50.000000,120,False
140263,SILVERM27FEB247000PE,SILVERM,19FEB2027,24700000.000000,1,OPTFUT,NCO,50.000000,120,False
140269,SILVERM27FEB247750PE,SILVERM,19FEB2027,24775000.000000,1,OPTFUT,NCO,50.000000,120,False
140274,SILVERM27FEB248500CE,SILVERM,19FEB2027,24850000.000000,1,OPTFUT,NCO,50.000000,120,False
140276,SILVERM26NOV256500CE,SILVERM,23NOV2026,25650000.000000,1,OPTFUT,NCO,50.000000,120,False
140314,SILVERM26DEC257000CE,SILVERM,23DEC2026,25700000.000000,1,OPTFUT,NCO,50.000000,120,False
140316,SILVERM26DEC257250CE,SILVERM,23DEC2026,25725000.000000,1,OPTFUT,NCO,50.000000,120,False
140320,SILVERM26DEC257750CE,SILVERM,23DEC2026,25775000.000000,1,OPTFUT,NCO,50.000000,120,False
140353,GOLD27JAN168400CE,GOLD,29JAN2027,16840000.000000,1,OPTFUT,NCO,50.000000,10,False
140366,SILVERM27FEB248750CE,SILVERM,19FEB2027,24875000.000000,1,OPTFUT,NCO,50.000000,120,False
140372,SILVERM27FEB249500CE,SILVERM,19FEB2027,24950000.000000,1,OPTFUT,NCO,50.000000,120,False
140377,SILVERM27FEB250000PE,SILVERM,19FEB2027,25000000.000000,1,OPTFUT,NCO,50.000000,120,False
140382,SILVERM27FEB250750CE,SILVERM,19FEB2027,25075000.000000,1,OPTFUT,NCO,50.000000,120,False
140397,SILVERM27FEB252500PE,SILVERM,19FEB2027,25250000.000000,1,OPTFUT,NCO,50.000000,120,False
140404,SILVERM27FEB253500CE,SILVERM,19FEB2027,25350000.000000,1,OPTFUT,NCO,50.000000,120,False
140407,SILVERM27FEB253750PE,SILVERM,19FEB2027,25375000.000000,1,OPTFUT,NCO,50.000000,120,False
140684,GOLD26SEP133800PE,GOLD,25SEP2026,13380000.000000,1,OPTFUT,NCO,50.000000,10,False
140695,GOLD26SEP134400CE,GOLD,25SEP2026,13440000.000000,1,OPTFUT,NCO,50.000000,10,False
140709,GOLD26SEP135100CE,GOLD,25SEP2026,13510000.000000,1,OPTFUT,NCO,50.000000,10,False
140713,GOLD26SEP135300CE,GOLD,25SEP2026,13530000.000000,1,OPTFUT,NCO,50.000000,10,False
140718,GOLD26SEP135500PE,GOLD,25SEP2026,13550000.000000,1,OPTFUT,NCO,50.000000,10,False
140723,GOLD26SEP135800CE,GOLD,25SEP2026,13580000.000000,1,OPTFUT,NCO,50.000000,10,False
140729,SILVERM27FEB254250PE,SILVERM,19FEB2027,25425000.000000,1,OPTFUT,NCO,50.000000,120,False
140789,SILVERM26OCT217250CE,SILVERM,23OCT2026,21725000.000000,1,OPTFUT,NCO,50.000000,120,False
140799,SILVERM26NOV218750CE,SILVERM,23NOV2026,21875000.000000,1,OPTFUT,NCO,50.000000,120,False
140818,SILVERM26DEC258000CE,SILVERM,23DEC2026,25800000.000000,1,OPTFUT,NCO,50.000000,120,False
140826,SILVERM26DEC259000CE,SILVERM,23DEC2026,25900000.000000,1,OPTFUT,NCO,50.000000,120,False
140848,GOLD27JAN153900PE,GOLD,29JAN2027,15390000.000000,1,OPTFUT,NCO,50.000000,10,False
141501,SILVERM26SEP188250CE,SILVERM,23SEP2026,18825000.000000,1,OPTFUT,NCO,50.000000,120,False
141517,SILVERM26SEP190250CE,SILVERM,23SEP2026,19025000.000000,1,OPTFUT,NCO,50.000000,120,False
141528,SILVERM26SEP191500PE,SILVERM,23SEP2026,19150000.000000,1,OPTFUT,NCO,50.000000,120,False
141539,SILVERM26SEP193000CE,SILVERM,23SEP2026,19300000.000000,1,OPTFUT,NCO,50.000000,120,False
141545,SILVERM26SEP193750CE,SILVERM,23SEP2026,19375000.000000,1,OPTFUT,NCO,50.000000,120,False
141554,SILVERM26SEP194750PE,SILVERM,23SEP2026,19475000.000000,1,OPTFUT,NCO,50.000000,120,False
141575,SILVERM27JAN250000CE,SILVERM,21JAN2027,25000000.000000,1,OPTFUT,NCO,50.000000,120,False
141610,GOLD27JAN158600PE,GOLD,29JAN2027,15860000.000000,1,OPTFUT,NCO,50.000000,10,False
141739,GOLD26SEP136200CE,GOLD,25SEP2026,13620000.000000,1,OPTFUT,NCO,50.000000,10,False
141907,GOLD26SEP136800CE,GOLD,25SEP2026,13680000.000000,1,OPTFUT,NCO,50.000000,10,False
141915,GOLD26SEP137200CE,GOLD,25SEP2026,13720000.000000,1,OPTFUT,NCO,50.000000,10,False
142498,GOLD26SEP138900PE,GOLD,25SEP2026,13890000.000000,1,OPTFUT,NCO,50.000000,10,False
142502,GOLD26SEP139100PE,GOLD,25SEP2026,13910000.000000,1,OPTFUT,NCO,50.000000,10,False
142506,GOLD26SEP139300PE,GOLD,25SEP2026,13930000.000000,1,OPTFUT,NCO,50.000000,10,False
142526,GOLD26SEP140300PE,GOLD,25SEP2026,14030000.000000,1,OPTFUT,NCO,50.000000,10,False
142539,GOLD26OCT142800CE,GOLD,29OCT2026,14280000.000000,1,OPTFUT,NCO,50.000000,10,False
142545,GOLD26OCT143100CE,GOLD,29OCT2026,14310000.000000,1,OPTFUT,NCO,50.000000,10,False
142548,GOLD26OCT143200PE,GOLD,29OCT2026,14320000.000000,1,OPTFUT,NCO,50.000000,10,False
142560,GOLD26NOV143800PE,GOLD,27NOV2026,14380000.000000,1,OPTFUT,NCO,50.000000,10,False
142790,GOLD26DEC140600PE,GOLD,29DEC2026,14060000.000000,1,OPTFUT,NCO,50.000000,10,False
142815,GOLD27JAN142300CE,GOLD,29JAN2027,14230000.000000,1,OPTFUT,NCO,50.000000,10,False
142820,GOLD27JAN142500PE,GOLD,29JAN2027,14250000.000000,1,OPTFUT,NCO,50.000000,10,False
142893,GOLD27JAN142900CE,GOLD,29JAN2027,14290000.000000,1,OPTFUT,NCO,50.000000,10,False
142896,GOLD27JAN143000PE,GOLD,29JAN2027,14300000.000000,1,OPTFUT,NCO,50.000000,10,False
142907,GOLD27JAN143600CE,GOLD,29JAN2027,14360000.000000,1,OPTFUT,NCO,50.000000,10,False
142917,GOLD27JAN144100CE,GOLD,29JAN2027,14410000.000000,1,OPTFUT,NCO,50.000000,10,False
142924,GOLD27JAN144400PE,GOLD,29JAN2027,14440000.000000,1,OPTFUT,NCO,50.000000,10,False
142931,GOLD27JAN144800CE,GOLD,29JAN2027,14480000.000000,1,OPTFUT,NCO,50.000000,10,False
142937,GOLD27JAN145100CE,GOLD,29JAN2027,14510000.000000,1,OPTFUT,NCO,50.000000,10,False
142939,GOLD27JAN145200CE,GOLD,29JAN2027,14520000.000000,1,OPTFUT,NCO,50.000000,10,False
143294,SILVERM26SEP217000PE,SILVERM,23SEP2026,21700000.000000,1,OPTFUT,NCO,50.000000,120,False
143306,SILVERM26SEP218500PE,SILVERM,23SEP2026,21850000.000000,1,OPTFUT,NCO,50.000000,120,False
143309,SILVERM26SEP219000CE,SILVERM,23SEP2026,21900000.000000,1,OPTFUT,NCO,50.000000,120,False
143312,SILVERM26SEP219250PE,SILVERM,23SEP2026,21925000.000000,1,OPTFUT,NCO,50.000000,120,False
143330,SILVERM26SEP221500PE,SILVERM,23SEP2026,22150000.000000,1,OPTFUT,NCO,50.000000,120,False
143333,SILVERM26SEP222000CE,SILVERM,23SEP2026,22200000.000000,1,OPTFUT,NCO,50.000000,120,False
143355,SILVERM26OCT218500CE,SILVERM,23OCT2026,21850000.000000,1,OPTFUT,NCO,50.000000,120,False
143363,SILVERM26OCT219500CE,SILVERM,23OCT2026,21950000.000000,1,OPTFUT,NCO,50.000000,120,False
143366,SILVERM26OCT219750PE,SILVERM,23OCT2026,21975000.000000,1,OPTFUT,NCO,50.000000,120,False
143402,SILVERM26OCT224250PE,SILVERM,23OCT2026,22425000.000000,1,OPTFUT,NCO,50.000000,120,False
143410,SILVERM26NOV219000PE,SILVERM,23NOV2026,21900000.000000,1,OPTFUT,NCO,50.000000,120,False
143419,SILVERM26NOV220250CE,SILVERM,23NOV2026,22025000.000000,1,OPTFUT,NCO,50.000000,120,False
143421,SILVERM26NOV220500CE,SILVERM,23NOV2026,22050000.000000,1,OPTFUT,NCO,50.000000,120,False
143431,SILVERM26NOV221750CE,SILVERM,23NOV2026,22175000.000000,1,OPTFUT,NCO,50.000000,120,False
143432,SILVERM26NOV221750PE,SILVERM,23NOV2026,22175000.000000,1,OPTFUT,NCO,50.000000,120,False
143434,SILVERM26NOV222000PE,SILVERM,23NOV2026,22200000.000000,1,OPTFUT,NCO,50.000000,120,False
143443,SILVERM26NOV223250CE,SILVERM,23NOV2026,22325000.000000,1,OPTFUT,NCO,50.000000,120,False
143451,SILVERM26NOV224250CE,SILVERM,23NOV2026,22425000.000000,1,OPTFUT,NCO,50.000000,120,False
143460,SILVERM26NOV225250PE,SILVERM,23NOV2026,22525000.000000,1,OPTFUT,NCO,50.000000,120,False
143465,SILVERM26NOV226000CE,SILVERM,23NOV2026,22600000.000000,1,OPTFUT,NCO,50.000000,120,False
143467,SILVERM26NOV226250CE,SILVERM,23NOV2026,22625000.000000,1,OPTFUT,NCO,50.000000,120,False
143471,GOLD27JAN145900CE,GOLD,29JAN2027,14590000.000000,1,OPTFUT,NCO,50.000000,10,False
143476,GOLD27JAN146100PE,GOLD,29JAN2027,14610000.000000,1,OPTFUT,NCO,50.000000,10,False
143483,GOLD27JAN146500CE,GOLD,29JAN2027,14650000.000000,1,OPTFUT,NCO,50.000000,10,False
143485,GOLD27JAN146600CE,GOLD,29JAN2027,14660000.000000,1,OPTFUT,NCO,50.000000,10,False
143490,GOLD27JAN146800PE,GOLD,29JAN2027,14680000.000000,1,OPTFUT,NCO,50.000000,10,False
143525,GOLD27JAN147100CE,GOLD,29JAN2027,14710000.000000,1,OPTFUT,NCO,50.000000,10,False
143543,GOLD27JAN147300CE,GOLD,29JAN2027,14730000.000000,1,OPTFUT,NCO,50.000000,10,False
143555,GOLD27JAN147900CE,GOLD,29JAN2027,14790000.000000,1,OPTFUT,NCO,50.000000,10,False
143557,GOLD27JAN148000CE,GOLD,29JAN2027,14800000.000000,1,OPTFUT,NCO,50.000000,10,False
143617,GOLD27JAN148600CE,GOLD,29JAN2027,14860000.000000,1,OPTFUT,NCO,50.000000,10,False
143635,GOLD27JAN149500CE,GOLD,29JAN2027,14950000.000000,1,OPTFUT,NCO,50.000000,10,False
143647,GOLD27JAN150100CE,GOLD,29JAN2027,15010000.000000,1,OPTFUT,NCO,50.000000,10,False
143654,GOLD27JAN150400PE,GOLD,29JAN2027,15040000.000000,1,OPTFUT,NCO,50.000000,10,False
143937,GOLD26SEP143300CE,GOLD,25SEP2026,14330000.000000,1,OPTFUT,NCO,50.000000,10,False
143938,GOLD26SEP143300PE,GOLD,25SEP2026,14330000.000000,1,OPTFUT,NCO,50.000000,10,False
143951,GOLD26SEP144000CE,GOLD,25SEP2026,14400000.000000,1,OPTFUT,NCO,50.000000,10,False
143960,GOLD26SEP144400PE,GOLD,25SEP2026,14440000.000000,1,OPTFUT,NCO,50.000000,10,False
143966,GOLD26SEP144700PE,GOLD,25SEP2026,14470000.000000,1,OPTFUT,NCO,50.000000,10,False
143972,GOLD26OCT143400PE,GOLD,29OCT2026,14340000.000000,1,OPTFUT,NCO,50.000000,10,False
143974,GOLD26OCT143500PE,GOLD,29OCT2026,14350000.000000,1,OPTFUT,NCO,50.000000,10,False
143977,GOLD26OCT143700CE,GOLD,29OCT2026,14370000.000000,1,OPTFUT,NCO,50.000000,10,False
143983,GOLD26OCT144000CE,GOLD,29OCT2026,14400000.000000,1,OPTFUT,NCO,50.000000,10,False
143984,GOLD26OCT144000PE,GOLD,29OCT2026,14400000.000000,1,OPTFUT,NCO,50.000000,10,False
143991,GOLD26OCT144400CE,GOLD,29OCT2026,14440000.000000,1,OPTFUT,NCO,50.000000,10,False
144044,GOLD26NOV145400PE,GOLD,27NOV2026,14540000.000000,1,OPTFUT,NCO,50.000000,10,False
144059,GOLD26NOV146200CE,GOLD,27NOV2026,14620000.000000,1,OPTFUT,NCO,50.000000,10,False
144062,GOLD26NOV146300PE,GOLD,27NOV2026,14630000.000000,1,OPTFUT,NCO,50.000000,10,False
144134,GOLD27JAN151700PE,GOLD,29JAN2027,15170000.000000,1,OPTFUT,NCO,50.000000,10,False
144170,GOLD27FEB142200PE,GOLD,26FEB2027,14220000.000000,1,OPTFUT,NCO,50.000000,10,False
144176,GOLD27FEB142500PE,GOLD,26FEB2027,14250000.000000,1,OPTFUT,NCO,50.000000,10,False
144192,GOLD27FEB143300PE,GOLD,26FEB2027,14330000.000000,1,OPTFUT,NCO,50.000000,10,False
144217,GOLD27FEB143600CE,GOLD,26FEB2027,14360000.000000,1,OPTFUT,NCO,50.000000,10,False
144375,SILVERM26SEP225500CE,SILVERM,23SEP2026,22550000.000000,1,OPTFUT,NCO,50.000000,120,False
144390,SILVERM26OCT225500PE,SILVERM,23OCT2026,22550000.000000,1,OPTFUT,NCO,50.000000,120,False
144394,SILVERM26OCT226000PE,SILVERM,23OCT2026,22600000.000000,1,OPTFUT,NCO,50.000000,120,False
144407,SILVERM26OCT227750CE,SILVERM,23OCT2026,22775000.000000,1,OPTFUT,NCO,50.000000,120,False
144415,SILVERM26NOV227000CE,SILVERM,23NOV2026,22700000.000000,1,OPTFUT,NCO,50.000000,120,False
144428,SILVERM26NOV228500PE,SILVERM,23NOV2026,22850000.000000,1,OPTFUT,NCO,50.000000,120,False
144434,GOLD27FEB144400PE,GOLD,26FEB2027,14440000.000000,1,OPTFUT,NCO,50.000000,10,False
144458,GOLD27FEB145600PE,GOLD,26FEB2027,14560000.000000,1,OPTFUT,NCO,50.000000,10,False
144462,GOLD27FEB145800PE,GOLD,26FEB2027,14580000.000000,1,OPTFUT,NCO,50.000000,10,False
144527,GOLD27FEB146100CE,GOLD,26FEB2027,14610000.000000,1,OPTFUT,NCO,50.000000,10,False
144528,GOLD27FEB146100PE,GOLD,26FEB2027,14610000.000000,1,OPTFUT,NCO,50.000000,10,False
144557,GOLD27FEB147600CE,GOLD,26FEB2027,14760000.000000,1,OPTFUT,NCO,50.000000,10,False
144563,GOLD27FEB147900CE,GOLD,26FEB2027,14790000.000000,1,OPTFUT,NCO,50.000000,10,False
144567,GOLD27FEB148100CE,GOLD,26FEB2027,14810000.000000,1,OPTFUT,NCO,50.000000,10,False
144739,GOLD26SEP145300CE,GOLD,25SEP2026,14530000.000000,1,OPTFUT,NCO,50.000000,10,False
144751,GOLD26SEP145900CE,GOLD,25SEP2026,14590000.000000,1,OPTFUT,NCO,50.000000,10,False
144754,GOLD26SEP146000PE,GOLD,25SEP2026,14600000.000000,1,OPTFUT,NCO,50.000000,10,False
144756,GOLD26SEP146100PE,GOLD,25SEP2026,14610000.000000,1,OPTFUT,NCO,50.000000,10,False
144765,GOLD26SEP146600CE,GOLD,25SEP2026,14660000.000000,1,OPTFUT,NCO,50.000000,10,False
144766,GOLD26SEP146600PE,GOLD,25SEP2026,14660000.000000,1,OPTFUT,NCO,50.000000,10,False
144785,GOLD26OCT147000CE,GOLD,29OCT2026,14700000.000000,1,OPTFUT,NCO,50.000000,10,False
144789,GOLD26OCT147200CE,GOLD,29OCT2026,14720000.000000,1,OPTFUT,NCO,50.000000,10,False
144792,GOLD26OCT147300PE,GOLD,29OCT2026,14730000.000000,1,OPTFUT,NCO,50.000000,10,False
144798,GOLD26NOV146900PE,GOLD,27NOV2026,14690000.000000,1,OPTFUT,NCO,50.000000,10,False
144801,GOLD26NOV147100CE,GOLD,27NOV2026,14710000.000000,1,OPTFUT,NCO,50.000000,10,False
144807,GOLD26NOV147400CE,GOLD,27NOV2026,14740000.000000,1,OPTFUT,NCO,50.000000,10,False
144866,GOLD27FEB149500PE,GOLD,26FEB2027,14950000.000000,1,OPTFUT,NCO,50.000000,10,False
144875,GOLD27FEB150000CE,GOLD,26FEB2027,15000000.000000,1,OPTFUT,NCO,50.000000,10,False
144889,GOLD27FEB150700CE,GOLD,26FEB2027,15070000.000000,1,OPTFUT,NCO,50.000000,10,False
145057,GOLD27FEB152100CE,GOLD,26FEB2027,15210000.000000,1,OPTFUT,NCO,50.000000,10,False
145060,GOLD27FEB152200PE,GOLD,26FEB2027,15220000.000000,1,OPTFUT,NCO,50.000000,10,False
145068,GOLD27FEB152600PE,GOLD,26FEB2027,15260000.000000,1,OPTFUT,NCO,50.000000,10,False
145089,GOLD27FEB153700CE,GOLD,26FEB2027,15370000.000000,1,OPTFUT,NCO,50.000000,10,False
145601,SILVERM26SEP236250CE,SILVERM,23SEP2026,23625000.000000,1,OPTFUT,NCO,50.000000,120,False
145605,SILVERM26SEP236750CE,SILVERM,23SEP2026,23675000.000000,1,OPTFUT,NCO,50.000000,120,False
145606,SILVERM26SEP236750PE,SILVERM,23SEP2026,23675000.000000,1,OPTFUT,NCO,50.000000,120,False
145615,SILVERM26SEP238000CE,SILVERM,23SEP2026,23800000.000000,1,OPTFUT,NCO,50.000000,120,False
145619,SILVERM26SEP238500CE,SILVERM,23SEP2026,23850000.000000,1,OPTFUT,NCO,50.000000,120,False
145620,SILVERM26SEP238500PE,SILVERM,23SEP2026,23850000.000000,1,OPTFUT,NCO,50.000000,120,False
145622,SILVERM26SEP238750PE,SILVERM,23SEP2026,23875000.000000,1,OPTFUT,NCO,50.000000,120,False
145630,SILVERM26SEP239750PE,SILVERM,23SEP2026,23975000.000000,1,OPTFUT,NCO,50.000000,120,False
145645,SILVERM26SEP241750CE,SILVERM,23SEP2026,24175000.000000,1,OPTFUT,NCO,50.000000,120,False
145647,SILVERM26SEP242000CE,SILVERM,23SEP2026,24200000.000000,1,OPTFUT,NCO,50.000000,120,False
145648,SILVERM26SEP242000PE,SILVERM,23SEP2026,24200000.000000,1,OPTFUT,NCO,50.000000,120,False
145656,SILVERM26SEP243000PE,SILVERM,23SEP2026,24300000.000000,1,OPTFUT,NCO,50.000000,120,False
145673,SILVERM26SEP245250CE,SILVERM,23SEP2026,24525000.000000,1,OPTFUT,NCO,50.000000,120,False
145676,SILVERM26SEP245500PE,SILVERM,23SEP2026,24550000.000000,1,OPTFUT,NCO,50.000000,120,False
145678,SILVERM26OCT237000PE,SILVERM,23OCT2026,23700000.000000,1,OPTFUT,NCO,50.000000,120,False
145690,SILVERM26OCT238500PE,SILVERM,23OCT2026,23850000.000000,1,OPTFUT,NCO,50.000000,120,False
145691,SILVERM26OCT238750CE,SILVERM,23OCT2026,23875000.000000,1,OPTFUT,NCO,50.000000,120,False
145702,SILVERM26OCT240000PE,SILVERM,23OCT2026,24000000.000000,1,OPTFUT,NCO,50.000000,120,False
145715,SILVERM26OCT241750CE,SILVERM,23OCT2026,24175000.000000,1,OPTFUT,NCO,50.000000,120,False
145716,SILVERM26OCT241750PE,SILVERM,23OCT2026,24175000.000000,1,OPTFUT,NCO,50.000000,120,False
145728,SILVERM26OCT243250PE,SILVERM,23OCT2026,24325000.000000,1,OPTFUT,NCO,50.000000,120,False
145734,SILVERM26OCT244000PE,SILVERM,23OCT2026,24400000.000000,1,OPTFUT,NCO,50.000000,120,False
145735,SILVERM26OCT244250CE,SILVERM,23OCT2026,24425000.000000,1,OPTFUT,NCO,50.000000,120,False
145748,SILVERM26OCT245750PE,SILVERM,23OCT2026,24575000.000000,1,OPTFUT,NCO,50.000000,120,False
145749,SILVERM26OCT246000CE,SILVERM,23OCT2026,24600000.000000,1,OPTFUT,NCO,50.000000,120,False
145773,SILVERM26NOV240000CE,SILVERM,23NOV2026,24000000.000000,1,OPTFUT,NCO,50.000000,120,False
145776,SILVERM26NOV240250PE,SILVERM,23NOV2026,24025000.000000,1,OPTFUT,NCO,50.000000,120,False
145780,SILVERM26NOV240750PE,SILVERM,23NOV2026,24075000.000000,1,OPTFUT,NCO,50.000000,120,False
145795,SILVERM26NOV242750CE,SILVERM,23NOV2026,24275000.000000,1,OPTFUT,NCO,50.000000,120,False
145797,SILVERM26NOV243000CE,SILVERM,23NOV2026,24300000.000000,1,OPTFUT,NCO,50.000000,120,False
145798,SILVERM26NOV243000PE,SILVERM,23NOV2026,24300000.000000,1,OPTFUT,NCO,50.000000,120,False
145802,SILVERM26NOV243500PE,SILVERM,23NOV2026,24350000.000000,1,OPTFUT,NCO,50.000000,120,False
145803,SILVERM26NOV243750CE,SILVERM,23NOV2026,24375000.000000,1,OPTFUT,NCO,50.000000,120,False
145810,SILVERM26NOV244500PE,SILVERM,23NOV2026,24450000.000000,1,OPTFUT,NCO,50.000000,120,False
145813,SILVERM26NOV245000CE,SILVERM,23NOV2026,24500000.000000,1,OPTFUT,NCO,50.000000,120,False
145822,SILVERM26NOV246000PE,SILVERM,23NOV2026,24600000.000000,1,OPTFUT,NCO,50.000000,120,False
145824,SILVERM26NOV246250PE,SILVERM,23NOV2026,24625000.000000,1,OPTFUT,NCO,50.000000,120,False
145826,SILVERM26NOV246500PE,SILVERM,23NOV2026,24650000.000000,1,OPTFUT,NCO,50.000000,120,False
146253,SILVERM26OCT248750CE,SILVERM,23OCT2026,24875000.000000,1,OPTFUT,NCO,50.000000,120,False
145829,SILVERM26NOV247000CE,SILVERM,23NOV2026,24700000.000000,1,OPTFUT,NCO,50.000000,120,False
146202,SILVERM26SEP245750PE,SILVERM,23SEP2026,24575000.000000,1,OPTFUT,NCO,50.000000,120,False
146219,SILVERM26SEP248000CE,SILVERM,23SEP2026,24800000.000000,1,OPTFUT,NCO,50.000000,120,False
146259,SILVERM26OCT249500CE,SILVERM,23OCT2026,24950000.000000,1,OPTFUT,NCO,50.000000,120,False
146282,SILVERM26NOV248750PE,SILVERM,23NOV2026,24875000.000000,1,OPTFUT,NCO,50.000000,120,False
146283,SILVERM26NOV249000CE,SILVERM,23NOV2026,24900000.000000,1,OPTFUT,NCO,50.000000,120,False
146288,SILVERM26NOV249500PE,SILVERM,23NOV2026,24950000.000000,1,OPTFUT,NCO,50.000000,120,False
146294,SILVERM26NOV250250PE,SILVERM,23NOV2026,25025000.000000,1,OPTFUT,NCO,50.000000,120,False
146300,SILVERM26NOV251000PE,SILVERM,23NOV2026,25100000.000000,1,OPTFUT,NCO,50.000000,120,False
146388,SILVERM26SEP255750PE,SILVERM,23SEP2026,25575000.000000,1,OPTFUT,NCO,50.000000,120,False
146389,SILVERM26SEP256000CE,SILVERM,23SEP2026,25600000.000000,1,OPTFUT,NCO,50.000000,120,False
146392,SILVERM26SEP256250PE,SILVERM,23SEP2026,25625000.000000,1,OPTFUT,NCO,50.000000,120,False
146393,SILVERM26SEP256500CE,SILVERM,23SEP2026,25650000.000000,1,OPTFUT,NCO,50.000000,120,False
146418,SILVERM26OCT257000PE,SILVERM,23OCT2026,25700000.000000,1,OPTFUT,NCO,50.000000,120,False
146427,SILVERM26OCT258250CE,SILVERM,23OCT2026,25825000.000000,1,OPTFUT,NCO,50.000000,120,False
146430,SILVERM26OCT258500PE,SILVERM,23OCT2026,25850000.000000,1,OPTFUT,NCO,50.000000,120,False
146439,SILVERM26OCT259750CE,SILVERM,23OCT2026,25975000.000000,1,OPTFUT,NCO,50.000000,120,False
146449,SILVERM26NOV258750CE,SILVERM,23NOV2026,25875000.000000,1,OPTFUT,NCO,50.000000,120,False
146452,SILVERM26NOV259000PE,SILVERM,23NOV2026,25900000.000000,1,OPTFUT,NCO,50.000000,120,False
146454,SILVERM26NOV259250PE,SILVERM,23NOV2026,25925000.000000,1,OPTFUT,NCO,50.000000,120,False
146459,SILVERM26NOV260000CE,SILVERM,23NOV2026,26000000.000000,1,OPTFUT,NCO,50.000000,120,False
146474,SILVERM26DEC259500PE,SILVERM,23DEC2026,25950000.000000,1,OPTFUT,NCO,50.000000,120,False
146480,SILVERM26DEC260250PE,SILVERM,23DEC2026,26025000.000000,1,OPTFUT,NCO,50.000000,120,False
146485,SILVERM26DEC261000CE,SILVERM,23DEC2026,26100000.000000,1,OPTFUT,NCO,50.000000,120,False
146491,SILVERM26DEC261750CE,SILVERM,23DEC2026,26175000.000000,1,OPTFUT,NCO,50.000000,120,False
146494,SILVERM26DEC262000PE,SILVERM,23DEC2026,26200000.000000,1,OPTFUT,NCO,50.000000,120,False
146938,SILVERM26SEP259500PE,SILVERM,23SEP2026,25950000.000000,1,OPTFUT,NCO,50.000000,120,False
146952,SILVERM26SEP261250PE,SILVERM,23SEP2026,26125000.000000,1,OPTFUT,NCO,50.000000,120,False
146959,SILVERM26SEP262250CE,SILVERM,23SEP2026,26225000.000000,1,OPTFUT,NCO,50.000000,120,False
146961,SILVERM26SEP262500CE,SILVERM,23SEP2026,26250000.000000,1,OPTFUT,NCO,50.000000,120,False
146963,SILVERM26SEP262750CE,SILVERM,23SEP2026,26275000.000000,1,OPTFUT,NCO,50.000000,120,False
146987,SILVERM26OCT262250CE,SILVERM,23OCT2026,26225000.000000,1,OPTFUT,NCO,50.000000,120,False
146991,SILVERM26OCT262750CE,SILVERM,23OCT2026,26275000.000000,1,OPTFUT,NCO,50.000000,120,False
146999,SILVERM26OCT263750CE,SILVERM,23OCT2026,26375000.000000,1,OPTFUT,NCO,50.000000,120,False
147010,SILVERM26OCT265000PE,SILVERM,23OCT2026,26500000.000000,1,OPTFUT,NCO,50.000000,120,False
147013,SILVERM26NOV261750CE,SILVERM,23NOV2026,26175000.000000,1,OPTFUT,NCO,50.000000,120,False
147014,SILVERM26NOV261750PE,SILVERM,23NOV2026,26175000.000000,1,OPTFUT,NCO,50.000000,120,False
147016,SILVERM26NOV262000PE,SILVERM,23NOV2026,26200000.000000,1,OPTFUT,NCO,50.000000,120,False
147021,SILVERM26NOV262750CE,SILVERM,23NOV2026,26275000.000000,1,OPTFUT,NCO,50.000000,120,False
147025,SILVERM26NOV263250CE,SILVERM,23NOV2026,26325000.000000,1,OPTFUT,NCO,50.000000,120,False
147027,SILVERM26NOV263500CE,SILVERM,23NOV2026,26350000.000000,1,OPTFUT,NCO,50.000000,120,False
147028,SILVERM26NOV263500PE,SILVERM,23NOV2026,26350000.000000,1,OPTFUT,NCO,50.000000,120,False
147023,SILVERM26NOV263000CE,SILVERM,23NOV2026,26300000.000000,1,OPTFUT,NCO,50.000000,120,False
147046,SILVERM26NOV265750PE,SILVERM,23NOV2026,26575000.000000,1,OPTFUT,NCO,50.000000,120,False
147053,SILVERM26DEC263000CE,SILVERM,23DEC2026,26300000.000000,1,OPTFUT,NCO,50.000000,120,False
147066,SILVERM26DEC264500PE,SILVERM,23DEC2026,26450000.000000,1,OPTFUT,NCO,50.000000,120,False
147069,SILVERM26DEC265000CE,SILVERM,23DEC2026,26500000.000000,1,OPTFUT,NCO,50.000000,120,False
147070,SILVERM26DEC265000PE,SILVERM,23DEC2026,26500000.000000,1,OPTFUT,NCO,50.000000,120,False
147077,SILVERM26DEC266000CE,SILVERM,23DEC2026,26600000.000000,1,OPTFUT,NCO,50.000000,120,False
147080,SILVERM26DEC266250PE,SILVERM,23DEC2026,26625000.000000,1,OPTFUT,NCO,50.000000,120,False
147085,SILVERM26DEC267000CE,SILVERM,23DEC2026,26700000.000000,1,OPTFUT,NCO,50.000000,120,False
147087,SILVERM26DEC267250CE,SILVERM,23DEC2026,26725000.000000,1,OPTFUT,NCO,50.000000,120,False
147090,SILVERM26DEC267500PE,SILVERM,23DEC2026,26750000.000000,1,OPTFUT,NCO,50.000000,120,False
147482,GOLD26SEP146800PE,GOLD,25SEP2026,14680000.000000,1,OPTFUT,NCO,50.000000,10,False
147490,GOLD26SEP147200PE,GOLD,25SEP2026,14720000.000000,1,OPTFUT,NCO,50.000000,10,False
147530,GOLD26OCT148000PE,GOLD,29OCT2026,14800000.000000,1,OPTFUT,NCO,50.000000,10,False
147532,GOLD26OCT148100PE,GOLD,29OCT2026,14810000.000000,1,OPTFUT,NCO,50.000000,10,False
147540,GOLD26OCT148500PE,GOLD,29OCT2026,14850000.000000,1,OPTFUT,NCO,50.000000,10,False
147563,GOLD26NOV148500CE,GOLD,27NOV2026,14850000.000000,1,OPTFUT,NCO,50.000000,10,False
147566,GOLD26NOV148600PE,GOLD,27NOV2026,14860000.000000,1,OPTFUT,NCO,50.000000,10,False
147568,GOLD26NOV148700PE,GOLD,27NOV2026,14870000.000000,1,OPTFUT,NCO,50.000000,10,False
147574,GOLD26NOV149000PE,GOLD,27NOV2026,14900000.000000,1,OPTFUT,NCO,50.000000,10,False
147577,GOLD26NOV149200CE,GOLD,27NOV2026,14920000.000000,1,OPTFUT,NCO,50.000000,10,False
147586,GOLD26NOV149600PE,GOLD,27NOV2026,14960000.000000,1,OPTFUT,NCO,50.000000,10,False
147588,GOLD26NOV149700PE,GOLD,27NOV2026,14970000.000000,1,OPTFUT,NCO,50.000000,10,False
147597,GOLD26DEC147800CE,GOLD,29DEC2026,14780000.000000,1,OPTFUT,NCO,50.000000,10,False
147603,GOLD26DEC148100CE,GOLD,29DEC2026,14810000.000000,1,OPTFUT,NCO,50.000000,10,False
147630,GOLD26DEC149400PE,GOLD,29DEC2026,14940000.000000,1,OPTFUT,NCO,50.000000,10,False
147633,GOLD26DEC149600CE,GOLD,29DEC2026,14960000.000000,1,OPTFUT,NCO,50.000000,10,False
147643,GOLD26DEC150100CE,GOLD,29DEC2026,15010000.000000,1,OPTFUT,NCO,50.000000,10,False
147646,GOLD26DEC150200PE,GOLD,29DEC2026,15020000.000000,1,OPTFUT,NCO,50.000000,10,False
147648,GOLD26DEC150300PE,GOLD,29DEC2026,15030000.000000,1,OPTFUT,NCO,50.000000,10,False
147700,SILVERM26DEC212500PE,SILVERM,23DEC2026,21250000.000000,1,OPTFUT,NCO,50.000000,120,False
147703,SILVERM26DEC213000CE,SILVERM,23DEC2026,21300000.000000,1,OPTFUT,NCO,50.000000,120,False
147709,SILVERM26DEC213750CE,SILVERM,23DEC2026,21375000.000000,1,OPTFUT,NCO,50.000000,120,False
147710,SILVERM26DEC213750PE,SILVERM,23DEC2026,21375000.000000,1,OPTFUT,NCO,50.000000,120,False
147712,SILVERM26DEC214000PE,SILVERM,23DEC2026,21400000.000000,1,OPTFUT,NCO,50.000000,120,False
147726,SILVERM26DEC215750PE,SILVERM,23DEC2026,21575000.000000,1,OPTFUT,NCO,50.000000,120,False
147818,GOLD26SEP163700PE,GOLD,25SEP2026,16370000.000000,1,OPTFUT,NCO,50.000000,10,False
147837,GOLD26SEP164700CE,GOLD,25SEP2026,16470000.000000,1,OPTFUT,NCO,50.000000,10,False
147842,GOLD26SEP164900PE,GOLD,25SEP2026,16490000.000000,1,OPTFUT,NCO,50.000000,10,False
147843,GOLD26SEP165000CE,GOLD,25SEP2026,16500000.000000,1,OPTFUT,NCO,50.000000,10,False
147846,GOLD26SEP165100PE,GOLD,25SEP2026,16510000.000000,1,OPTFUT,NCO,50.000000,10,False
147850,GOLD26SEP165300PE,GOLD,25SEP2026,16530000.000000,1,OPTFUT,NCO,50.000000,10,False
147853,GOLD26SEP165500CE,GOLD,25SEP2026,16550000.000000,1,OPTFUT,NCO,50.000000,10,False
147854,GOLD26SEP165500PE,GOLD,25SEP2026,16550000.000000,1,OPTFUT,NCO,50.000000,10,False
147861,GOLD26SEP165900CE,GOLD,25SEP2026,16590000.000000,1,OPTFUT,NCO,50.000000,10,False
147862,GOLD26SEP165900PE,GOLD,25SEP2026,16590000.000000,1,OPTFUT,NCO,50.000000,10,False
147864,GOLD26SEP166000PE,GOLD,25SEP2026,16600000.000000,1,OPTFUT,NCO,50.000000,10,False
147873,SILVERM26DEC217000CE,SILVERM,23DEC2026,21700000.000000,1,OPTFUT,NCO,50.000000,120,False
147874,SILVERM26DEC217000PE,SILVERM,23DEC2026,21700000.000000,1,OPTFUT,NCO,50.000000,120,False
147877,SILVERM26DEC217500CE,SILVERM,23DEC2026,21750000.000000,1,OPTFUT,NCO,50.000000,120,False
147886,SILVERM26DEC218500PE,SILVERM,23DEC2026,21850000.000000,1,OPTFUT,NCO,50.000000,120,False
147890,SILVERM26DEC219000PE,SILVERM,23DEC2026,21900000.000000,1,OPTFUT,NCO,50.000000,120,False
147895,SILVERM26DEC219750CE,SILVERM,23DEC2026,21975000.000000,1,OPTFUT,NCO,50.000000,120,False
147904,SILVERM26DEC220750PE,SILVERM,23DEC2026,22075000.000000,1,OPTFUT,NCO,50.000000,120,False
147909,SILVERM26DEC221500CE,SILVERM,23DEC2026,22150000.000000,1,OPTFUT,NCO,50.000000,120,False
147917,SILVERM26DEC222500CE,SILVERM,23DEC2026,22250000.000000,1,OPTFUT,NCO,50.000000,120,False
147925,SILVERM26DEC223500CE,SILVERM,23DEC2026,22350000.000000,1,OPTFUT,NCO,50.000000,120,False
147935,SILVERM26DEC224750CE,SILVERM,23DEC2026,22475000.000000,1,OPTFUT,NCO,50.000000,120,False
148446,SILVERM26SEP267250PE,SILVERM,23SEP2026,26725000.000000,1,OPTFUT,NCO,50.000000,120,False
148453,SILVERM26SEP268250CE,SILVERM,23SEP2026,26825000.000000,1,OPTFUT,NCO,50.000000,120,False
148456,SILVERM26SEP268500PE,SILVERM,23SEP2026,26850000.000000,1,OPTFUT,NCO,50.000000,120,False
148458,SILVERM26SEP268750PE,SILVERM,23SEP2026,26875000.000000,1,OPTFUT,NCO,50.000000,120,False
148461,SILVERM26SEP269250CE,SILVERM,23SEP2026,26925000.000000,1,OPTFUT,NCO,50.000000,120,False
148463,SILVERM26SEP269500CE,SILVERM,23SEP2026,26950000.000000,1,OPTFUT,NCO,50.000000,120,False
148464,SILVERM26SEP269500PE,SILVERM,23SEP2026,26950000.000000,1,OPTFUT,NCO,50.000000,120,False
148478,SILVERM26SEP271250PE,SILVERM,23SEP2026,27125000.000000,1,OPTFUT,NCO,50.000000,120,False
148515,SILVERM26OCT267500CE,SILVERM,23OCT2026,26750000.000000,1,OPTFUT,NCO,50.000000,120,False
148516,SILVERM26OCT267500PE,SILVERM,23OCT2026,26750000.000000,1,OPTFUT,NCO,50.000000,120,False
148529,SILVERM26OCT269250CE,SILVERM,23OCT2026,26925000.000000,1,OPTFUT,NCO,50.000000,120,False
148537,SILVERM26OCT270250CE,SILVERM,23OCT2026,27025000.000000,1,OPTFUT,NCO,50.000000,120,False
148552,SILVERM26OCT272000PE,SILVERM,23OCT2026,27200000.000000,1,OPTFUT,NCO,50.000000,120,False
148591,SILVERM26NOV268250CE,SILVERM,23NOV2026,26825000.000000,1,OPTFUT,NCO,50.000000,120,False
148604,SILVERM26NOV269750PE,SILVERM,23NOV2026,26975000.000000,1,OPTFUT,NCO,50.000000,120,False
148618,SILVERM26NOV271500PE,SILVERM,23NOV2026,27150000.000000,1,OPTFUT,NCO,50.000000,120,False
148619,SILVERM26NOV271750CE,SILVERM,23NOV2026,27175000.000000,1,OPTFUT,NCO,50.000000,120,False
148627,SILVERM26NOV272750CE,SILVERM,23NOV2026,27275000.000000,1,OPTFUT,NCO,50.000000,120,False
148640,SILVERM26NOV274250PE,SILVERM,23NOV2026,27425000.000000,1,OPTFUT,NCO,50.000000,120,False
148645,SILVERM26NOV275000CE,SILVERM,23NOV2026,27500000.000000,1,OPTFUT,NCO,50.000000,120,False
148650,SILVERM26NOV275500PE,SILVERM,23NOV2026,27550000.000000,1,OPTFUT,NCO,50.000000,120,False
148655,SILVERM26NOV276250CE,SILVERM,23NOV2026,27625000.000000,1,OPTFUT,NCO,50.000000,120,False
148657,SILVERM26DEC267750CE,SILVERM,23DEC2026,26775000.000000,1,OPTFUT,NCO,50.000000,120,False
148660,SILVERM26DEC268000PE,SILVERM,23DEC2026,26800000.000000,1,OPTFUT,NCO,50.000000,120,False
148677,SILVERM26DEC270250CE,SILVERM,23DEC2026,27025000.000000,1,OPTFUT,NCO,50.000000,120,False
148678,SILVERM26DEC270250PE,SILVERM,23DEC2026,27025000.000000,1,OPTFUT,NCO,50.000000,120,False
148679,SILVERM26DEC270500CE,SILVERM,23DEC2026,27050000.000000,1,OPTFUT,NCO,50.000000,120,False
148681,SILVERM26DEC270750CE,SILVERM,23DEC2026,27075000.000000,1,OPTFUT,NCO,50.000000,120,False
148690,SILVERM26DEC271750PE,SILVERM,23DEC2026,27175000.000000,1,OPTFUT,NCO,50.000000,120,False
148691,SILVERM26DEC272000CE,SILVERM,23DEC2026,27200000.000000,1,OPTFUT,NCO,50.000000,120,False
148692,SILVERM26DEC272000PE,SILVERM,23DEC2026,27200000.000000,1,OPTFUT,NCO,50.000000,120,False
148696,SILVERM26DEC272500PE,SILVERM,23DEC2026,27250000.000000,1,OPTFUT,NCO,50.000000,120,False
148697,SILVERM26DEC272750CE,SILVERM,23DEC2026,27275000.000000,1,OPTFUT,NCO,50.000000,120,False
148701,SILVERM26DEC273250CE,SILVERM,23DEC2026,27325000.000000,1,OPTFUT,NCO,50.000000,120,False
148706,SILVERM26DEC273750PE,SILVERM,23DEC2026,27375000.000000,1,OPTFUT,NCO,50.000000,120,False
148708,SILVERM26DEC274000PE,SILVERM,23DEC2026,27400000.000000,1,OPTFUT,NCO,50.000000,120,False
148718,SILVERM26DEC275250PE,SILVERM,23DEC2026,27525000.000000,1,OPTFUT,NCO,50.000000,120,False
148730,SILVERM26DEC276750PE,SILVERM,23DEC2026,27675000.000000,1,OPTFUT,NCO,50.000000,120,False
148731,SILVERM26DEC277000CE,SILVERM,23DEC2026,27700000.000000,1,OPTFUT,NCO,50.000000,120,False
148734,SILVERM26DEC277250PE,SILVERM,23DEC2026,27725000.000000,1,OPTFUT,NCO,50.000000,120,False
148741,SILVERM26DEC226500CE,SILVERM,23DEC2026,22650000.000000,1,OPTFUT,NCO,50.000000,120,False
148743,SILVERM26DEC226750CE,SILVERM,23DEC2026,22675000.000000,1,OPTFUT,NCO,50.000000,120,False
148746,SILVERM26DEC227000PE,SILVERM,23DEC2026,22700000.000000,1,OPTFUT,NCO,50.000000,120,False
148540,SILVERM26OCT270500PE,SILVERM,23OCT2026,27050000.000000,1,OPTFUT,NCO,50.000000,120,False
148547,SILVERM26OCT271500CE,SILVERM,23OCT2026,27150000.000000,1,OPTFUT,NCO,50.000000,120,False
148568,SILVERM26OCT274000PE,SILVERM,23OCT2026,27400000.000000,1,OPTFUT,NCO,50.000000,120,False
148573,SILVERM26OCT274750CE,SILVERM,23OCT2026,27475000.000000,1,OPTFUT,NCO,50.000000,120,False
148579,SILVERM26NOV266750CE,SILVERM,23NOV2026,26675000.000000,1,OPTFUT,NCO,50.000000,120,False
148603,SILVERM26NOV269750CE,SILVERM,23NOV2026,26975000.000000,1,OPTFUT,NCO,50.000000,120,False
148609,SILVERM26NOV270500CE,SILVERM,23NOV2026,27050000.000000,1,OPTFUT,NCO,50.000000,120,False
148612,SILVERM26NOV270750PE,SILVERM,23NOV2026,27075000.000000,1,OPTFUT,NCO,50.000000,120,False
148626,SILVERM26NOV272500PE,SILVERM,23NOV2026,27250000.000000,1,OPTFUT,NCO,50.000000,120,False
148628,SILVERM26NOV272750PE,SILVERM,23NOV2026,27275000.000000,1,OPTFUT,NCO,50.000000,120,False
148629,SILVERM26NOV273000CE,SILVERM,23NOV2026,27300000.000000,1,OPTFUT,NCO,50.000000,120,False
148658,SILVERM26DEC267750PE,SILVERM,23DEC2026,26775000.000000,1,OPTFUT,NCO,50.000000,120,False
148688,SILVERM26DEC271500PE,SILVERM,23DEC2026,27150000.000000,1,OPTFUT,NCO,50.000000,120,False
148702,SILVERM26DEC273250PE,SILVERM,23DEC2026,27325000.000000,1,OPTFUT,NCO,50.000000,120,False
148704,SILVERM26DEC273500PE,SILVERM,23DEC2026,27350000.000000,1,OPTFUT,NCO,50.000000,120,False
148707,SILVERM26DEC274000CE,SILVERM,23DEC2026,27400000.000000,1,OPTFUT,NCO,50.000000,120,False
148714,SILVERM26DEC274750PE,SILVERM,23DEC2026,27475000.000000,1,OPTFUT,NCO,50.000000,120,False
148721,SILVERM26DEC275750CE,SILVERM,23DEC2026,27575000.000000,1,OPTFUT,NCO,50.000000,120,False
148748,SILVERM26DEC227250PE,SILVERM,23DEC2026,22725000.000000,1,OPTFUT,NCO,50.000000,120,False
148750,SILVERM26DEC227500PE,SILVERM,23DEC2026,22750000.000000,1,OPTFUT,NCO,50.000000,120,False
148767,SILVERM26DEC229750CE,SILVERM,23DEC2026,22975000.000000,1,OPTFUT,NCO,50.000000,120,False
148777,SILVERM26DEC231000CE,SILVERM,23DEC2026,23100000.000000,1,OPTFUT,NCO,50.000000,120,False
148788,SILVERM26DEC232250PE,SILVERM,23DEC2026,23225000.000000,1,OPTFUT,NCO,50.000000,120,False
148874,GOLD26SEP167600PE,GOLD,25SEP2026,16760000.000000,1,OPTFUT,NCO,50.000000,10,False
148901,SILVERM26DEC234000CE,SILVERM,23DEC2026,23400000.000000,1,OPTFUT,NCO,50.000000,120,False
148904,SILVERM26DEC234250PE,SILVERM,23DEC2026,23425000.000000,1,OPTFUT,NCO,50.000000,120,False
148906,SILVERM26DEC234500PE,SILVERM,23DEC2026,23450000.000000,1,OPTFUT,NCO,50.000000,120,False
148909,SILVERM26DEC235000CE,SILVERM,23DEC2026,23500000.000000,1,OPTFUT,NCO,50.000000,120,False
148912,SILVERM26DEC235250PE,SILVERM,23DEC2026,23525000.000000,1,OPTFUT,NCO,50.000000,120,False
148931,SILVERM27JAN215250CE,SILVERM,21JAN2027,21525000.000000,1,OPTFUT,NCO,50.000000,120,False
149248,SILVERM26SEP274250PE,SILVERM,23SEP2026,27425000.000000,1,OPTFUT,NCO,50.000000,120,False
149252,SILVERM26SEP274750PE,SILVERM,23SEP2026,27475000.000000,1,OPTFUT,NCO,50.000000,120,False
149263,SILVERM26SEP276250CE,SILVERM,23SEP2026,27625000.000000,1,OPTFUT,NCO,50.000000,120,False
149269,SILVERM26SEP277000CE,SILVERM,23SEP2026,27700000.000000,1,OPTFUT,NCO,50.000000,120,False
149273,SILVERM26SEP277500CE,SILVERM,23SEP2026,27750000.000000,1,OPTFUT,NCO,50.000000,120,False
149283,SILVERM26SEP278750CE,SILVERM,23SEP2026,27875000.000000,1,OPTFUT,NCO,50.000000,120,False
149286,SILVERM26SEP279000PE,SILVERM,23SEP2026,27900000.000000,1,OPTFUT,NCO,50.000000,120,False
149287,SILVERM26SEP279250CE,SILVERM,23SEP2026,27925000.000000,1,OPTFUT,NCO,50.000000,120,False
149304,SILVERM26OCT276250PE,SILVERM,23OCT2026,27625000.000000,1,OPTFUT,NCO,50.000000,120,False
149321,SILVERM26OCT278500CE,SILVERM,23OCT2026,27850000.000000,1,OPTFUT,NCO,50.000000,120,False
149328,SILVERM26OCT279250PE,SILVERM,23OCT2026,27925000.000000,1,OPTFUT,NCO,50.000000,120,False
149338,SILVERM26OCT280500PE,SILVERM,23OCT2026,28050000.000000,1,OPTFUT,NCO,50.000000,120,False
149343,SILVERM26OCT281250CE,SILVERM,23OCT2026,28125000.000000,1,OPTFUT,NCO,50.000000,120,False
149361,SILVERM26NOV278500CE,SILVERM,23NOV2026,27850000.000000,1,OPTFUT,NCO,50.000000,120,False
149367,SILVERM26NOV279250CE,SILVERM,23NOV2026,27925000.000000,1,OPTFUT,NCO,50.000000,120,False
149369,SILVERM26NOV279500CE,SILVERM,23NOV2026,27950000.000000,1,OPTFUT,NCO,50.000000,120,False
149378,SILVERM26NOV280500PE,SILVERM,23NOV2026,28050000.000000,1,OPTFUT,NCO,50.000000,120,False
149402,SILVERM26DEC278500PE,SILVERM,23DEC2026,27850000.000000,1,OPTFUT,NCO,50.000000,120,False
149423,SILVERM26DEC281250CE,SILVERM,23DEC2026,28125000.000000,1,OPTFUT,NCO,50.000000,120,False
149441,SILVERM26DEC283500CE,SILVERM,23DEC2026,28350000.000000,1,OPTFUT,NCO,50.000000,120,False
149452,SILVERM27JAN217250PE,SILVERM,21JAN2027,21725000.000000,1,OPTFUT,NCO,50.000000,120,False
149456,GOLD26OCT164900PE,GOLD,29OCT2026,16490000.000000,1,OPTFUT,NCO,50.000000,10,False
149458,GOLD26OCT165000PE,GOLD,29OCT2026,16500000.000000,1,OPTFUT,NCO,50.000000,10,False
149466,SILVERM27JAN218250PE,SILVERM,21JAN2027,21825000.000000,1,OPTFUT,NCO,50.000000,120,False
149482,SILVERM27JAN219000PE,SILVERM,21JAN2027,21900000.000000,1,OPTFUT,NCO,50.000000,120,False
149484,SILVERM27JAN219250PE,SILVERM,21JAN2027,21925000.000000,1,OPTFUT,NCO,50.000000,120,False
149489,SILVERM27JAN220000CE,SILVERM,21JAN2027,22000000.000000,1,OPTFUT,NCO,50.000000,120,False
149505,SILVERM27JAN222000CE,SILVERM,21JAN2027,22200000.000000,1,OPTFUT,NCO,50.000000,120,False
149492,SILVERM27JAN220250PE,SILVERM,21JAN2027,22025000.000000,1,OPTFUT,NCO,50.000000,120,False
149497,SILVERM27JAN221000CE,SILVERM,21JAN2027,22100000.000000,1,OPTFUT,NCO,50.000000,120,False
149506,SILVERM27JAN222000PE,SILVERM,21JAN2027,22200000.000000,1,OPTFUT,NCO,50.000000,120,False
149507,SILVERM27JAN222250CE,SILVERM,21JAN2027,22225000.000000,1,OPTFUT,NCO,50.000000,120,False
149508,SILVERM27JAN222250PE,SILVERM,21JAN2027,22225000.000000,1,OPTFUT,NCO,50.000000,120,False
149516,SILVERM27JAN223250PE,SILVERM,21JAN2027,22325000.000000,1,OPTFUT,NCO,50.000000,120,False
149521,SILVERM27JAN224000CE,SILVERM,21JAN2027,22400000.000000,1,OPTFUT,NCO,50.000000,120,False
149523,SILVERM27JAN224250CE,SILVERM,21JAN2027,22425000.000000,1,OPTFUT,NCO,50.000000,120,False
149533,SILVERM27JAN225500CE,SILVERM,21JAN2027,22550000.000000,1,OPTFUT,NCO,50.000000,120,False
149534,SILVERM27JAN225500PE,SILVERM,21JAN2027,22550000.000000,1,OPTFUT,NCO,50.000000,120,False
149561,SILVERM27JAN229000CE,SILVERM,21JAN2027,22900000.000000,1,OPTFUT,NCO,50.000000,120,False
149576,SILVERM27JAN230750PE,SILVERM,21JAN2027,23075000.000000,1,OPTFUT,NCO,50.000000,120,False
149600,SILVERM27JAN233750PE,SILVERM,21JAN2027,23375000.000000,1,OPTFUT,NCO,50.000000,120,False
149610,SILVERM27JAN235000PE,SILVERM,21JAN2027,23500000.000000,1,OPTFUT,NCO,50.000000,120,False
149642,SILVERM27FEB214750PE,SILVERM,19FEB2027,21475000.000000,1,OPTFUT,NCO,50.000000,120,False
149918,SILVERM27FEB215500PE,SILVERM,19FEB2027,21550000.000000,1,OPTFUT,NCO,50.000000,120,False
149919,SILVERM27FEB215750CE,SILVERM,19FEB2027,21575000.000000,1,OPTFUT,NCO,50.000000,120,False
149930,SILVERM27FEB217000PE,SILVERM,19FEB2027,21700000.000000,1,OPTFUT,NCO,50.000000,120,False
149935,SILVERM27FEB217750CE,SILVERM,19FEB2027,21775000.000000,1,OPTFUT,NCO,50.000000,120,False
149958,SILVERM27FEB220500PE,SILVERM,19FEB2027,22050000.000000,1,OPTFUT,NCO,50.000000,120,False
149960,SILVERM27FEB220750PE,SILVERM,19FEB2027,22075000.000000,1,OPTFUT,NCO,50.000000,120,False
149962,SILVERM27FEB221000PE,SILVERM,19FEB2027,22100000.000000,1,OPTFUT,NCO,50.000000,120,False
150138,GOLD26SEP148600PE,GOLD,25SEP2026,14860000.000000,1,OPTFUT,NCO,50.000000,10,False
150162,GOLD26SEP149800PE,GOLD,25SEP2026,14980000.000000,1,OPTFUT,NCO,50.000000,10,False
150165,GOLD26OCT149300CE,GOLD,29OCT2026,14930000.000000,1,OPTFUT,NCO,50.000000,10,False
150168,GOLD26OCT149400PE,GOLD,29OCT2026,14940000.000000,1,OPTFUT,NCO,50.000000,10,False
150176,GOLD26OCT149800PE,GOLD,29OCT2026,14980000.000000,1,OPTFUT,NCO,50.000000,10,False
150181,GOLD26OCT150100CE,GOLD,29OCT2026,15010000.000000,1,OPTFUT,NCO,50.000000,10,False
150208,GOLD26NOV150600PE,GOLD,27NOV2026,15060000.000000,1,OPTFUT,NCO,50.000000,10,False
150210,GOLD26NOV150700PE,GOLD,27NOV2026,15070000.000000,1,OPTFUT,NCO,50.000000,10,False
150212,GOLD26NOV150800PE,GOLD,27NOV2026,15080000.000000,1,OPTFUT,NCO,50.000000,10,False
150222,GOLD26NOV151300PE,GOLD,27NOV2026,15130000.000000,1,OPTFUT,NCO,50.000000,10,False
150226,GOLD26DEC150800PE,GOLD,29DEC2026,15080000.000000,1,OPTFUT,NCO,50.000000,10,False
150255,SILVERM27FEB222000CE,SILVERM,19FEB2027,22200000.000000,1,OPTFUT,NCO,50.000000,120,False
150264,SILVERM27FEB223000PE,SILVERM,19FEB2027,22300000.000000,1,OPTFUT,NCO,50.000000,120,False
150280,SILVERM27FEB225000PE,SILVERM,19FEB2027,22500000.000000,1,OPTFUT,NCO,50.000000,120,False
150307,SILVERM27FEB228500CE,SILVERM,19FEB2027,22850000.000000,1,OPTFUT,NCO,50.000000,120,False
150335,GOLD26OCT165200CE,GOLD,29OCT2026,16520000.000000,1,OPTFUT,NCO,50.000000,10,False
150354,GOLD26OCT166000PE,GOLD,29OCT2026,16600000.000000,1,OPTFUT,NCO,50.000000,10,False
150379,GOLD26OCT167300CE,GOLD,29OCT2026,16730000.000000,1,OPTFUT,NCO,50.000000,10,False
150382,GOLD26OCT167400PE,GOLD,29OCT2026,16740000.000000,1,OPTFUT,NCO,50.000000,10,False
150392,GOLD26OCT167900PE,GOLD,29OCT2026,16790000.000000,1,OPTFUT,NCO,50.000000,10,False
150407,GOLD26OCT168700CE,GOLD,29OCT2026,16870000.000000,1,OPTFUT,NCO,50.000000,10,False
150416,GOLD26NOV165200PE,GOLD,27NOV2026,16520000.000000,1,OPTFUT,NCO,50.000000,10,False
150419,GOLD26NOV165400CE,GOLD,27NOV2026,16540000.000000,1,OPTFUT,NCO,50.000000,10,False
150426,GOLD26NOV165700PE,GOLD,27NOV2026,16570000.000000,1,OPTFUT,NCO,50.000000,10,False
150429,GOLD26NOV165900CE,GOLD,27NOV2026,16590000.000000,1,OPTFUT,NCO,50.000000,10,False
150450,GOLD26NOV166900PE,GOLD,27NOV2026,16690000.000000,1,OPTFUT,NCO,50.000000,10,False
150463,GOLD26NOV167600CE,GOLD,27NOV2026,16760000.000000,1,OPTFUT,NCO,50.000000,10,False
150468,GOLD26NOV167800PE,GOLD,27NOV2026,16780000.000000,1,OPTFUT,NCO,50.000000,10,False
150471,GOLD26NOV168000CE,GOLD,27NOV2026,16800000.000000,1,OPTFUT,NCO,50.000000,10,False
150478,GOLD26NOV168300PE,GOLD,27NOV2026,16830000.000000,1,OPTFUT,NCO,50.000000,10,False
150480,GOLD26NOV168400PE,GOLD,27NOV2026,16840000.000000,1,OPTFUT,NCO,50.000000,10,False
150484,GOLD26NOV168600PE,GOLD,27NOV2026,16860000.000000,1,OPTFUT,NCO,50.000000,10,False
150487,GOLD26NOV168800CE,GOLD,27NOV2026,16880000.000000,1,OPTFUT,NCO,50.000000,10,False
150488,GOLD26NOV168800PE,GOLD,27NOV2026,16880000.000000,1,OPTFUT,NCO,50.000000,10,False
150492,GOLD26NOV169000PE,GOLD,27NOV2026,16900000.000000,1,OPTFUT,NCO,50.000000,10,False
150493,GOLD26NOV169100CE,GOLD,27NOV2026,16910000.000000,1,OPTFUT,NCO,50.000000,10,False
150508,SILVERM27FEB229000PE,SILVERM,19FEB2027,22900000.000000,1,OPTFUT,NCO,50.000000,120,False
150513,SILVERM27FEB229750CE,SILVERM,19FEB2027,22975000.000000,1,OPTFUT,NCO,50.000000,120,False
150514,SILVERM27FEB229750PE,SILVERM,19FEB2027,22975000.000000,1,OPTFUT,NCO,50.000000,120,False
150522,SILVERM27FEB230750PE,SILVERM,19FEB2027,23075000.000000,1,OPTFUT,NCO,50.000000,120,False
150527,SILVERM27FEB231500CE,SILVERM,19FEB2027,23150000.000000,1,OPTFUT,NCO,50.000000,120,False
150543,SILVERM27FEB233500CE,SILVERM,19FEB2027,23350000.000000,1,OPTFUT,NCO,50.000000,120,False
150561,SILVERM27FEB235750CE,SILVERM,19FEB2027,23575000.000000,1,OPTFUT,NCO,50.000000,120,False
150562,SILVERM27FEB235750PE,SILVERM,19FEB2027,23575000.000000,1,OPTFUT,NCO,50.000000,120,False
150565,SILVERM27FEB236250CE,SILVERM,19FEB2027,23625000.000000,1,OPTFUT,NCO,50.000000,120,False
150567,SILVERM27FEB236500CE,SILVERM,19FEB2027,23650000.000000,1,OPTFUT,NCO,50.000000,120,False
150576,SILVERM27FEB237500PE,SILVERM,19FEB2027,23750000.000000,1,OPTFUT,NCO,50.000000,120,False
150588,SILVERM27FEB239000PE,SILVERM,19FEB2027,23900000.000000,1,OPTFUT,NCO,50.000000,120,False
150596,SILVERM27FEB240000PE,SILVERM,19FEB2027,24000000.000000,1,OPTFUT,NCO,50.000000,120,False
151726,SILVERM26SEP281750PE,SILVERM,23SEP2026,28175000.000000,1,OPTFUT,NCO,50.000000,120,False
151749,SILVERM26SEP284750CE,SILVERM,23SEP2026,28475000.000000,1,OPTFUT,NCO,50.000000,120,False
151751,SILVERM26SEP285000CE,SILVERM,23SEP2026,28500000.000000,1,OPTFUT,NCO,50.000000,120,False
151754,SILVERM26SEP285250PE,SILVERM,23SEP2026,28525000.000000,1,OPTFUT,NCO,50.000000,120,False
151803,SILVERM26SEP291500CE,SILVERM,23SEP2026,29150000.000000,1,OPTFUT,NCO,50.000000,120,False
151808,SILVERM26SEP292000PE,SILVERM,23SEP2026,29200000.000000,1,OPTFUT,NCO,50.000000,120,False
151824,SILVERM26SEP294000PE,SILVERM,23SEP2026,29400000.000000,1,OPTFUT,NCO,50.000000,120,False
151825,SILVERM26SEP294250CE,SILVERM,23SEP2026,29425000.000000,1,OPTFUT,NCO,50.000000,120,False
151837,SILVERM26SEP295750CE,SILVERM,23SEP2026,29575000.000000,1,OPTFUT,NCO,50.000000,120,False
151842,SILVERM26SEP296250PE,SILVERM,23SEP2026,29625000.000000,1,OPTFUT,NCO,50.000000,120,False
151847,SILVERM26SEP297000CE,SILVERM,23SEP2026,29700000.000000,1,OPTFUT,NCO,50.000000,120,False
151851,SILVERM26SEP297500CE,SILVERM,23SEP2026,29750000.000000,1,OPTFUT,NCO,50.000000,120,False
151857,SILVERM26SEP298250CE,SILVERM,23SEP2026,29825000.000000,1,OPTFUT,NCO,50.000000,120,False
151860,SILVERM26SEP298500PE,SILVERM,23SEP2026,29850000.000000,1,OPTFUT,NCO,50.000000,120,False
151866,SILVERM26SEP299250PE,SILVERM,23SEP2026,29925000.000000,1,OPTFUT,NCO,50.000000,120,False
151870,SILVERM26SEP299750PE,SILVERM,23SEP2026,29975000.000000,1,OPTFUT,NCO,50.000000,120,False
151879,SILVERM26SEP301000CE,SILVERM,23SEP2026,30100000.000000,1,OPTFUT,NCO,50.000000,120,False
151891,SILVERM26OCT282000CE,SILVERM,23OCT2026,28200000.000000,1,OPTFUT,NCO,50.000000,120,False
151895,SILVERM26OCT282500CE,SILVERM,23OCT2026,28250000.000000,1,OPTFUT,NCO,50.000000,120,False
151921,SILVERM26OCT285750CE,SILVERM,23OCT2026,28575000.000000,1,OPTFUT,NCO,50.000000,120,False
151932,SILVERM26OCT287000PE,SILVERM,23OCT2026,28700000.000000,1,OPTFUT,NCO,50.000000,120,False
151933,SILVERM26OCT287250CE,SILVERM,23OCT2026,28725000.000000,1,OPTFUT,NCO,50.000000,120,False
151936,SILVERM26OCT287500PE,SILVERM,23OCT2026,28750000.000000,1,OPTFUT,NCO,50.000000,120,False
151944,SILVERM26OCT288500PE,SILVERM,23OCT2026,28850000.000000,1,OPTFUT,NCO,50.000000,120,False
151947,SILVERM26OCT289000CE,SILVERM,23OCT2026,28900000.000000,1,OPTFUT,NCO,50.000000,120,False
151971,SILVERM26OCT292000CE,SILVERM,23OCT2026,29200000.000000,1,OPTFUT,NCO,50.000000,120,False
151978,SILVERM26OCT292750PE,SILVERM,23OCT2026,29275000.000000,1,OPTFUT,NCO,50.000000,120,False
151999,SILVERM26OCT295500CE,SILVERM,23OCT2026,29550000.000000,1,OPTFUT,NCO,50.000000,120,False
152019,SILVERM26OCT298000CE,SILVERM,23OCT2026,29800000.000000,1,OPTFUT,NCO,50.000000,120,False
152021,SILVERM26OCT298250CE,SILVERM,23OCT2026,29825000.000000,1,OPTFUT,NCO,50.000000,120,False
152022,SILVERM26OCT298250PE,SILVERM,23OCT2026,29825000.000000,1,OPTFUT,NCO,50.000000,120,False
152066,SILVERM26NOV283250PE,SILVERM,23NOV2026,28325000.000000,1,OPTFUT,NCO,50.000000,120,False
152067,SILVERM26NOV283500CE,SILVERM,23NOV2026,28350000.000000,1,OPTFUT,NCO,50.000000,120,False
152080,SILVERM26NOV285000PE,SILVERM,23NOV2026,28500000.000000,1,OPTFUT,NCO,50.000000,120,False
152089,SILVERM26NOV286250CE,SILVERM,23NOV2026,28625000.000000,1,OPTFUT,NCO,50.000000,120,False
152104,SILVERM26NOV288000PE,SILVERM,23NOV2026,28800000.000000,1,OPTFUT,NCO,50.000000,120,False
152114,SILVERM26NOV289250PE,SILVERM,23NOV2026,28925000.000000,1,OPTFUT,NCO,50.000000,120,False
152124,SILVERM26NOV290500PE,SILVERM,23NOV2026,29050000.000000,1,OPTFUT,NCO,50.000000,120,False
152132,SILVERM26NOV291500PE,SILVERM,23NOV2026,29150000.000000,1,OPTFUT,NCO,50.000000,120,False
152134,SILVERM26NOV291750PE,SILVERM,23NOV2026,29175000.000000,1,OPTFUT,NCO,50.000000,120,False
152147,SILVERM26NOV293500CE,SILVERM,23NOV2026,29350000.000000,1,OPTFUT,NCO,50.000000,120,False
152149,SILVERM26NOV293750CE,SILVERM,23NOV2026,29375000.000000,1,OPTFUT,NCO,50.000000,120,False
152156,SILVERM26NOV294500PE,SILVERM,23NOV2026,29450000.000000,1,OPTFUT,NCO,50.000000,120,False
152160,SILVERM26NOV295000PE,SILVERM,23NOV2026,29500000.000000,1,OPTFUT,NCO,50.000000,120,False
152164,SILVERM26NOV295500PE,SILVERM,23NOV2026,29550000.000000,1,OPTFUT,NCO,50.000000,120,False
152175,SILVERM26NOV297000CE,SILVERM,23NOV2026,29700000.000000,1,OPTFUT,NCO,50.000000,120,False
152176,SILVERM26NOV297000PE,SILVERM,23NOV2026,29700000.000000,1,OPTFUT,NCO,50.000000,120,False
152185,SILVERM26NOV298250CE,SILVERM,23NOV2026,29825000.000000,1,OPTFUT,NCO,50.000000,120,False
152189,SILVERM26NOV298750CE,SILVERM,23NOV2026,29875000.000000,1,OPTFUT,NCO,50.000000,120,False
152201,SILVERM26NOV300250CE,SILVERM,23NOV2026,30025000.000000,1,OPTFUT,NCO,50.000000,120,False
152214,SILVERM26NOV301750PE,SILVERM,23NOV2026,30175000.000000,1,OPTFUT,NCO,50.000000,120,False
152226,SILVERM26NOV303250PE,SILVERM,23NOV2026,30325000.000000,1,OPTFUT,NCO,50.000000,120,False
152228,SILVERM26NOV303500PE,SILVERM,23NOV2026,30350000.000000,1,OPTFUT,NCO,50.000000,120,False
152259,SILVERM26DEC287000CE,SILVERM,23DEC2026,28700000.000000,1,OPTFUT,NCO,50.000000,120,False
152232,SILVERM26NOV304000PE,SILVERM,23NOV2026,30400000.000000,1,OPTFUT,NCO,50.000000,120,False
152272,SILVERM26DEC288500PE,SILVERM,23DEC2026,28850000.000000,1,OPTFUT,NCO,50.000000,120,False
152265,SILVERM26DEC287750CE,SILVERM,23DEC2026,28775000.000000,1,OPTFUT,NCO,50.000000,120,False
152266,SILVERM26DEC287750PE,SILVERM,23DEC2026,28775000.000000,1,OPTFUT,NCO,50.000000,120,False
152269,SILVERM26DEC288250CE,SILVERM,23DEC2026,28825000.000000,1,OPTFUT,NCO,50.000000,120,False
152275,SILVERM26DEC289000CE,SILVERM,23DEC2026,28900000.000000,1,OPTFUT,NCO,50.000000,120,False
152276,SILVERM26DEC289000PE,SILVERM,23DEC2026,28900000.000000,1,OPTFUT,NCO,50.000000,120,False
152282,SILVERM26DEC289750PE,SILVERM,23DEC2026,28975000.000000,1,OPTFUT,NCO,50.000000,120,False
152285,SILVERM26DEC290250CE,SILVERM,23DEC2026,29025000.000000,1,OPTFUT,NCO,50.000000,120,False
152296,SILVERM26DEC291500PE,SILVERM,23DEC2026,29150000.000000,1,OPTFUT,NCO,50.000000,120,False
152305,SILVERM26DEC292750CE,SILVERM,23DEC2026,29275000.000000,1,OPTFUT,NCO,50.000000,120,False
152312,SILVERM26DEC293500PE,SILVERM,23DEC2026,29350000.000000,1,OPTFUT,NCO,50.000000,120,False
152313,SILVERM26DEC293750CE,SILVERM,23DEC2026,29375000.000000,1,OPTFUT,NCO,50.000000,120,False
152314,SILVERM26DEC293750PE,SILVERM,23DEC2026,29375000.000000,1,OPTFUT,NCO,50.000000,120,False
152319,SILVERM26DEC294500CE,SILVERM,23DEC2026,29450000.000000,1,OPTFUT,NCO,50.000000,120,False
152335,SILVERM26DEC296500CE,SILVERM,23DEC2026,29650000.000000,1,OPTFUT,NCO,50.000000,120,False
152337,SILVERM26DEC296750CE,SILVERM,23DEC2026,29675000.000000,1,OPTFUT,NCO,50.000000,120,False
152339,SILVERM26DEC297000CE,SILVERM,23DEC2026,29700000.000000,1,OPTFUT,NCO,50.000000,120,False
152340,SILVERM26DEC297000PE,SILVERM,23DEC2026,29700000.000000,1,OPTFUT,NCO,50.000000,120,False
152370,SILVERM26DEC300750PE,SILVERM,23DEC2026,30075000.000000,1,OPTFUT,NCO,50.000000,120,False
152374,SILVERM26DEC301250PE,SILVERM,23DEC2026,30125000.000000,1,OPTFUT,NCO,50.000000,120,False
152388,SILVERM26DEC303000PE,SILVERM,23DEC2026,30300000.000000,1,OPTFUT,NCO,50.000000,120,False
152402,SILVERM26DEC304750PE,SILVERM,23DEC2026,30475000.000000,1,OPTFUT,NCO,50.000000,120,False
152403,SILVERM26DEC305000CE,SILVERM,23DEC2026,30500000.000000,1,OPTFUT,NCO,50.000000,120,False
152406,SILVERM26DEC305250PE,SILVERM,23DEC2026,30525000.000000,1,OPTFUT,NCO,50.000000,120,False
152412,SILVERM26DEC306000PE,SILVERM,23DEC2026,30600000.000000,1,OPTFUT,NCO,50.000000,120,False
152952,GOLD26SEP150000PE,GOLD,25SEP2026,15000000.000000,1,OPTFUT,NCO,50.000000,10,False
152978,GOLD26SEP151300PE,GOLD,25SEP2026,15130000.000000,1,OPTFUT,NCO,50.000000,10,False
152979,GOLD26SEP151400CE,GOLD,25SEP2026,15140000.000000,1,OPTFUT,NCO,50.000000,10,False
153023,GOLD26OCT151900CE,GOLD,29OCT2026,15190000.000000,1,OPTFUT,NCO,50.000000,10,False
153035,GOLD26OCT152500CE,GOLD,29OCT2026,15250000.000000,1,OPTFUT,NCO,50.000000,10,False
153041,GOLD26OCT152800CE,GOLD,29OCT2026,15280000.000000,1,OPTFUT,NCO,50.000000,10,False
153056,GOLD26NOV151800PE,GOLD,27NOV2026,15180000.000000,1,OPTFUT,NCO,50.000000,10,False
153057,GOLD26NOV151900CE,GOLD,27NOV2026,15190000.000000,1,OPTFUT,NCO,50.000000,10,False
153061,GOLD26NOV152100CE,GOLD,27NOV2026,15210000.000000,1,OPTFUT,NCO,50.000000,10,False
153064,GOLD26NOV152200PE,GOLD,27NOV2026,15220000.000000,1,OPTFUT,NCO,50.000000,10,False
153066,GOLD26NOV152300PE,GOLD,27NOV2026,15230000.000000,1,OPTFUT,NCO,50.000000,10,False
153072,GOLD26NOV152600PE,GOLD,27NOV2026,15260000.000000,1,OPTFUT,NCO,50.000000,10,False
153079,GOLD26NOV153000CE,GOLD,27NOV2026,15300000.000000,1,OPTFUT,NCO,50.000000,10,False
153106,GOLD26DEC152600PE,GOLD,29DEC2026,15260000.000000,1,OPTFUT,NCO,50.000000,10,False
153110,GOLD26DEC152800PE,GOLD,29DEC2026,15280000.000000,1,OPTFUT,NCO,50.000000,10,False
153112,GOLD26DEC152900PE,GOLD,29DEC2026,15290000.000000,1,OPTFUT,NCO,50.000000,10,False
153121,GOLD26DEC153400CE,GOLD,29DEC2026,15340000.000000,1,OPTFUT,NCO,50.000000,10,False
153132,GOLD26DEC153900PE,GOLD,29DEC2026,15390000.000000,1,OPTFUT,NCO,50.000000,10,False
153141,GOLD26DEC154400CE,GOLD,29DEC2026,15440000.000000,1,OPTFUT,NCO,50.000000,10,False
153294,GOLD26DEC166100PE,GOLD,29DEC2026,16610000.000000,1,OPTFUT,NCO,50.000000,10,False
153300,GOLD26DEC166400PE,GOLD,29DEC2026,16640000.000000,1,OPTFUT,NCO,50.000000,10,False
153296,GOLD26DEC166200PE,GOLD,29DEC2026,16620000.000000,1,OPTFUT,NCO,50.000000,10,False
153298,GOLD26DEC166300PE,GOLD,29DEC2026,16630000.000000,1,OPTFUT,NCO,50.000000,10,False
153304,GOLD26DEC166600PE,GOLD,29DEC2026,16660000.000000,1,OPTFUT,NCO,50.000000,10,False
153315,GOLD26DEC167200CE,GOLD,29DEC2026,16720000.000000,1,OPTFUT,NCO,50.000000,10,False
153325,GOLD26DEC167700CE,GOLD,29DEC2026,16770000.000000,1,OPTFUT,NCO,50.000000,10,False
153341,GOLD26DEC168500CE,GOLD,29DEC2026,16850000.000000,1,OPTFUT,NCO,50.000000,10,False
153913,SILVERM26SEP302000CE,SILVERM,23SEP2026,30200000.000000,1,OPTFUT,NCO,50.000000,120,False
153921,SILVERM26SEP303000CE,SILVERM,23SEP2026,30300000.000000,1,OPTFUT,NCO,50.000000,120,False
153923,SILVERM26SEP303250CE,SILVERM,23SEP2026,30325000.000000,1,OPTFUT,NCO,50.000000,120,False
153941,SILVERM26SEP305500CE,SILVERM,23SEP2026,30550000.000000,1,OPTFUT,NCO,50.000000,120,False
153942,SILVERM26SEP305500PE,SILVERM,23SEP2026,30550000.000000,1,OPTFUT,NCO,50.000000,120,False
153945,SILVERM26SEP306000CE,SILVERM,23SEP2026,30600000.000000,1,OPTFUT,NCO,50.000000,120,False
153948,SILVERM26SEP306250PE,SILVERM,23SEP2026,30625000.000000,1,OPTFUT,NCO,50.000000,120,False
153950,SILVERM26SEP306500PE,SILVERM,23SEP2026,30650000.000000,1,OPTFUT,NCO,50.000000,120,False
153952,SILVERM26SEP306750PE,SILVERM,23SEP2026,30675000.000000,1,OPTFUT,NCO,50.000000,120,False
153957,SILVERM26SEP307500CE,SILVERM,23SEP2026,30750000.000000,1,OPTFUT,NCO,50.000000,120,False
153973,SILVERM26SEP309500CE,SILVERM,23SEP2026,30950000.000000,1,OPTFUT,NCO,50.000000,120,False
153974,SILVERM26SEP309500PE,SILVERM,23SEP2026,30950000.000000,1,OPTFUT,NCO,50.000000,120,False
153986,SILVERM26SEP311000PE,SILVERM,23SEP2026,31100000.000000,1,OPTFUT,NCO,50.000000,120,False
153988,SILVERM26SEP311250PE,SILVERM,23SEP2026,31125000.000000,1,OPTFUT,NCO,50.000000,120,False
154001,SILVERM26OCT304250CE,SILVERM,23OCT2026,30425000.000000,1,OPTFUT,NCO,50.000000,120,False
154005,SILVERM26OCT304750CE,SILVERM,23OCT2026,30475000.000000,1,OPTFUT,NCO,50.000000,120,False
154016,SILVERM26OCT306000PE,SILVERM,23OCT2026,30600000.000000,1,OPTFUT,NCO,50.000000,120,False
154025,SILVERM26OCT307250CE,SILVERM,23OCT2026,30725000.000000,1,OPTFUT,NCO,50.000000,120,False
154040,SILVERM26OCT309000PE,SILVERM,23OCT2026,30900000.000000,1,OPTFUT,NCO,50.000000,120,False
154069,SILVERM26OCT312750CE,SILVERM,23OCT2026,31275000.000000,1,OPTFUT,NCO,50.000000,120,False
154070,SILVERM26OCT312750PE,SILVERM,23OCT2026,31275000.000000,1,OPTFUT,NCO,50.000000,120,False
154072,SILVERM26OCT313000PE,SILVERM,23OCT2026,31300000.000000,1,OPTFUT,NCO,50.000000,120,False
154073,SILVERM26OCT313250CE,SILVERM,23OCT2026,31325000.000000,1,OPTFUT,NCO,50.000000,120,False
154081,SILVERM26NOV305500CE,SILVERM,23NOV2026,30550000.000000,1,OPTFUT,NCO,50.000000,120,False
154111,SILVERM26NOV309250CE,SILVERM,23NOV2026,30925000.000000,1,OPTFUT,NCO,50.000000,120,False
154122,SILVERM26NOV310500PE,SILVERM,23NOV2026,31050000.000000,1,OPTFUT,NCO,50.000000,120,False
154124,SILVERM26NOV310750PE,SILVERM,23NOV2026,31075000.000000,1,OPTFUT,NCO,50.000000,120,False
154125,SILVERM26NOV311000CE,SILVERM,23NOV2026,31100000.000000,1,OPTFUT,NCO,50.000000,120,False
154132,SILVERM26NOV311750PE,SILVERM,23NOV2026,31175000.000000,1,OPTFUT,NCO,50.000000,120,False
154143,SILVERM26NOV313250CE,SILVERM,23NOV2026,31325000.000000,1,OPTFUT,NCO,50.000000,120,False
154150,SILVERM26NOV314000PE,SILVERM,23NOV2026,31400000.000000,1,OPTFUT,NCO,50.000000,120,False
154157,SILVERM26NOV315000CE,SILVERM,23NOV2026,31500000.000000,1,OPTFUT,NCO,50.000000,120,False
154160,SILVERM26DEC306750PE,SILVERM,23DEC2026,30675000.000000,1,OPTFUT,NCO,50.000000,120,False
154171,SILVERM26DEC308250CE,SILVERM,23DEC2026,30825000.000000,1,OPTFUT,NCO,50.000000,120,False
154174,SILVERM26DEC308500PE,SILVERM,23DEC2026,30850000.000000,1,OPTFUT,NCO,50.000000,120,False
154208,SILVERM26DEC312750PE,SILVERM,23DEC2026,31275000.000000,1,OPTFUT,NCO,50.000000,120,False
154210,SILVERM26DEC313000PE,SILVERM,23DEC2026,31300000.000000,1,OPTFUT,NCO,50.000000,120,False
154211,SILVERM26DEC313250CE,SILVERM,23DEC2026,31325000.000000,1,OPTFUT,NCO,50.000000,120,False
154215,SILVERM26DEC313750CE,SILVERM,23DEC2026,31375000.000000,1,OPTFUT,NCO,50.000000,120,False
154224,SILVERM26DEC314750PE,SILVERM,23DEC2026,31475000.000000,1,OPTFUT,NCO,50.000000,120,False
154225,SILVERM26DEC315000CE,SILVERM,23DEC2026,31500000.000000,1,OPTFUT,NCO,50.000000,120,False
154237,SILVERM26DEC316500CE,SILVERM,23DEC2026,31650000.000000,1,OPTFUT,NCO,50.000000,120,False
155088,GOLD26SEP153300PE,GOLD,25SEP2026,15330000.000000,1,OPTFUT,NCO,50.000000,10,False
155090,GOLD26SEP153400PE,GOLD,25SEP2026,15340000.000000,1,OPTFUT,NCO,50.000000,10,False
155093,GOLD26SEP153600CE,GOLD,25SEP2026,15360000.000000,1,OPTFUT,NCO,50.000000,10,False
155102,GOLD26SEP154000PE,GOLD,25SEP2026,15400000.000000,1,OPTFUT,NCO,50.000000,10,False
155119,GOLD26SEP154900CE,GOLD,25SEP2026,15490000.000000,1,OPTFUT,NCO,50.000000,10,False
155121,GOLD26SEP155000CE,GOLD,25SEP2026,15500000.000000,1,OPTFUT,NCO,50.000000,10,False
155136,GOLD26SEP155700PE,GOLD,25SEP2026,15570000.000000,1,OPTFUT,NCO,50.000000,10,False
155137,GOLD26SEP155800CE,GOLD,25SEP2026,15580000.000000,1,OPTFUT,NCO,50.000000,10,False
155141,GOLD26SEP156000CE,GOLD,25SEP2026,15600000.000000,1,OPTFUT,NCO,50.000000,10,False
155147,GOLD26OCT153400CE,GOLD,29OCT2026,15340000.000000,1,OPTFUT,NCO,50.000000,10,False
155163,GOLD26OCT154200CE,GOLD,29OCT2026,15420000.000000,1,OPTFUT,NCO,50.000000,10,False
155166,GOLD26OCT154300PE,GOLD,29OCT2026,15430000.000000,1,OPTFUT,NCO,50.000000,10,False
155170,GOLD26OCT154500PE,GOLD,29OCT2026,15450000.000000,1,OPTFUT,NCO,50.000000,10,False
155174,GOLD26OCT154700PE,GOLD,29OCT2026,15470000.000000,1,OPTFUT,NCO,50.000000,10,False
155176,GOLD26OCT154800PE,GOLD,29OCT2026,15480000.000000,1,OPTFUT,NCO,50.000000,10,False
155180,GOLD26OCT155000PE,GOLD,29OCT2026,15500000.000000,1,OPTFUT,NCO,50.000000,10,False
155183,GOLD26OCT155200CE,GOLD,29OCT2026,15520000.000000,1,OPTFUT,NCO,50.000000,10,False
155184,GOLD26OCT155200PE,GOLD,29OCT2026,15520000.000000,1,OPTFUT,NCO,50.000000,10,False
155196,GOLD26OCT155800PE,GOLD,29OCT2026,15580000.000000,1,OPTFUT,NCO,50.000000,10,False
155197,GOLD26OCT155900CE,GOLD,29OCT2026,15590000.000000,1,OPTFUT,NCO,50.000000,10,False
155207,GOLD26OCT156400CE,GOLD,29OCT2026,15640000.000000,1,OPTFUT,NCO,50.000000,10,False
155216,GOLD26OCT156800PE,GOLD,29OCT2026,15680000.000000,1,OPTFUT,NCO,50.000000,10,False
155219,GOLD26NOV154100CE,GOLD,27NOV2026,15410000.000000,1,OPTFUT,NCO,50.000000,10,False
155223,GOLD26NOV154300CE,GOLD,27NOV2026,15430000.000000,1,OPTFUT,NCO,50.000000,10,False
155231,GOLD26NOV154700CE,GOLD,27NOV2026,15470000.000000,1,OPTFUT,NCO,50.000000,10,False
155241,GOLD26NOV155200CE,GOLD,27NOV2026,15520000.000000,1,OPTFUT,NCO,50.000000,10,False
155244,GOLD26NOV155300PE,GOLD,27NOV2026,15530000.000000,1,OPTFUT,NCO,50.000000,10,False
155245,GOLD26NOV155400CE,GOLD,27NOV2026,15540000.000000,1,OPTFUT,NCO,50.000000,10,False
155251,GOLD26NOV155700CE,GOLD,27NOV2026,15570000.000000,1,OPTFUT,NCO,50.000000,10,False
155255,GOLD26NOV155900CE,GOLD,27NOV2026,15590000.000000,1,OPTFUT,NCO,50.000000,10,False
155257,GOLD26NOV156000CE,GOLD,27NOV2026,15600000.000000,1,OPTFUT,NCO,50.000000,10,False
155259,GOLD26NOV156100CE,GOLD,27NOV2026,15610000.000000,1,OPTFUT,NCO,50.000000,10,False
155265,GOLD26NOV156400CE,GOLD,27NOV2026,15640000.000000,1,OPTFUT,NCO,50.000000,10,False
155271,GOLD26NOV156700CE,GOLD,27NOV2026,15670000.000000,1,OPTFUT,NCO,50.000000,10,False
155279,GOLD26NOV157100CE,GOLD,27NOV2026,15710000.000000,1,OPTFUT,NCO,50.000000,10,False
155298,GOLD26DEC155200PE,GOLD,29DEC2026,15520000.000000,1,OPTFUT,NCO,50.000000,10,False
155302,GOLD26DEC155400PE,GOLD,29DEC2026,15540000.000000,1,OPTFUT,NCO,50.000000,10,False
155336,GOLD26DEC157100PE,GOLD,29DEC2026,15710000.000000,1,OPTFUT,NCO,50.000000,10,False
155350,GOLD26DEC157800PE,GOLD,29DEC2026,15780000.000000,1,OPTFUT,NCO,50.000000,10,False
155354,GOLD26DEC158000PE,GOLD,29DEC2026,15800000.000000,1,OPTFUT,NCO,50.000000,10,False
155571,GOLD26DEC169700CE,GOLD,29DEC2026,16970000.000000,1,OPTFUT,NCO,50.000000,10,False
155583,GOLD26DEC170300CE,GOLD,29DEC2026,17030000.000000,1,OPTFUT,NCO,50.000000,10,False
156646,SILVERM26SEP315500PE,SILVERM,23SEP2026,31550000.000000,1,OPTFUT,NCO,50.000000,120,False
156653,SILVERM26SEP316500CE,SILVERM,23SEP2026,31650000.000000,1,OPTFUT,NCO,50.000000,120,False
156654,SILVERM26SEP316500PE,SILVERM,23SEP2026,31650000.000000,1,OPTFUT,NCO,50.000000,120,False
156660,SILVERM26SEP317250PE,SILVERM,23SEP2026,31725000.000000,1,OPTFUT,NCO,50.000000,120,False
156661,SILVERM26SEP317500CE,SILVERM,23SEP2026,31750000.000000,1,OPTFUT,NCO,50.000000,120,False
156671,SILVERM26SEP318750CE,SILVERM,23SEP2026,31875000.000000,1,OPTFUT,NCO,50.000000,120,False
156678,SILVERM26SEP319500PE,SILVERM,23SEP2026,31950000.000000,1,OPTFUT,NCO,50.000000,120,False
156694,SILVERM26SEP321500PE,SILVERM,23SEP2026,32150000.000000,1,OPTFUT,NCO,50.000000,120,False
156727,SILVERM26SEP325750CE,SILVERM,23SEP2026,32575000.000000,1,OPTFUT,NCO,50.000000,120,False
156745,SILVERM26SEP328000CE,SILVERM,23SEP2026,32800000.000000,1,OPTFUT,NCO,50.000000,120,False
156749,SILVERM26SEP328500CE,SILVERM,23SEP2026,32850000.000000,1,OPTFUT,NCO,50.000000,120,False
156760,SILVERM26OCT314500PE,SILVERM,23OCT2026,31450000.000000,1,OPTFUT,NCO,50.000000,120,False
156776,SILVERM26OCT316500PE,SILVERM,23OCT2026,31650000.000000,1,OPTFUT,NCO,50.000000,120,False
156780,SILVERM26OCT317000PE,SILVERM,23OCT2026,31700000.000000,1,OPTFUT,NCO,50.000000,120,False
156781,SILVERM26OCT317250CE,SILVERM,23OCT2026,31725000.000000,1,OPTFUT,NCO,50.000000,120,False
156790,SILVERM26OCT318250PE,SILVERM,23OCT2026,31825000.000000,1,OPTFUT,NCO,50.000000,120,False
156799,SILVERM26OCT319500CE,SILVERM,23OCT2026,31950000.000000,1,OPTFUT,NCO,50.000000,120,False
156804,SILVERM26OCT320000PE,SILVERM,23OCT2026,32000000.000000,1,OPTFUT,NCO,50.000000,120,False
156807,SILVERM26OCT320500CE,SILVERM,23OCT2026,32050000.000000,1,OPTFUT,NCO,50.000000,120,False
156828,SILVERM26OCT323000PE,SILVERM,23OCT2026,32300000.000000,1,OPTFUT,NCO,50.000000,120,False
156872,SILVERM26OCT328500PE,SILVERM,23OCT2026,32850000.000000,1,OPTFUT,NCO,50.000000,120,False
156890,SILVERM26NOV315500PE,SILVERM,23NOV2026,31550000.000000,1,OPTFUT,NCO,50.000000,120,False
156838,SILVERM26OCT324250PE,SILVERM,23OCT2026,32425000.000000,1,OPTFUT,NCO,50.000000,120,False
156877,SILVERM26OCT329250CE,SILVERM,23OCT2026,32925000.000000,1,OPTFUT,NCO,50.000000,120,False
156920,SILVERM26NOV319250PE,SILVERM,23NOV2026,31925000.000000,1,OPTFUT,NCO,50.000000,120,False
156923,SILVERM26NOV319750CE,SILVERM,23NOV2026,31975000.000000,1,OPTFUT,NCO,50.000000,120,False
156931,SILVERM26NOV320750CE,SILVERM,23NOV2026,32075000.000000,1,OPTFUT,NCO,50.000000,120,False
156937,SILVERM26NOV321500CE,SILVERM,23NOV2026,32150000.000000,1,OPTFUT,NCO,50.000000,120,False
156943,SILVERM26NOV322250CE,SILVERM,23NOV2026,32225000.000000,1,OPTFUT,NCO,50.000000,120,False
156953,SILVERM26NOV323500CE,SILVERM,23NOV2026,32350000.000000,1,OPTFUT,NCO,50.000000,120,False
156959,SILVERM26NOV324250CE,SILVERM,23NOV2026,32425000.000000,1,OPTFUT,NCO,50.000000,120,False
156960,SILVERM26NOV324250PE,SILVERM,23NOV2026,32425000.000000,1,OPTFUT,NCO,50.000000,120,False
156961,SILVERM26NOV324500CE,SILVERM,23NOV2026,32450000.000000,1,OPTFUT,NCO,50.000000,120,False
156966,SILVERM26NOV325000PE,SILVERM,23NOV2026,32500000.000000,1,OPTFUT,NCO,50.000000,120,False
156973,SILVERM26NOV326000CE,SILVERM,23NOV2026,32600000.000000,1,OPTFUT,NCO,50.000000,120,False
156976,SILVERM26NOV326250PE,SILVERM,23NOV2026,32625000.000000,1,OPTFUT,NCO,50.000000,120,False
156995,SILVERM26NOV328750CE,SILVERM,23NOV2026,32875000.000000,1,OPTFUT,NCO,50.000000,120,False
157017,SILVERM26NOV331500CE,SILVERM,23NOV2026,33150000.000000,1,OPTFUT,NCO,50.000000,120,False
157029,SILVERM26DEC317750CE,SILVERM,23DEC2026,31775000.000000,1,OPTFUT,NCO,50.000000,120,False
157040,SILVERM26DEC319000PE,SILVERM,23DEC2026,31900000.000000,1,OPTFUT,NCO,50.000000,120,False
157048,SILVERM26DEC320000PE,SILVERM,23DEC2026,32000000.000000,1,OPTFUT,NCO,50.000000,120,False
157078,SILVERM26DEC323750PE,SILVERM,23DEC2026,32375000.000000,1,OPTFUT,NCO,50.000000,120,False
157058,SILVERM26DEC321250PE,SILVERM,23DEC2026,32125000.000000,1,OPTFUT,NCO,50.000000,120,False
157073,SILVERM26DEC323250CE,SILVERM,23DEC2026,32325000.000000,1,OPTFUT,NCO,50.000000,120,False
157079,SILVERM26DEC324000CE,SILVERM,23DEC2026,32400000.000000,1,OPTFUT,NCO,50.000000,120,False
157080,SILVERM26DEC324000PE,SILVERM,23DEC2026,32400000.000000,1,OPTFUT,NCO,50.000000,120,False
157096,SILVERM26DEC326000PE,SILVERM,23DEC2026,32600000.000000,1,OPTFUT,NCO,50.000000,120,False
157098,SILVERM26DEC326250PE,SILVERM,23DEC2026,32625000.000000,1,OPTFUT,NCO,50.000000,120,False
157101,SILVERM26DEC326750CE,SILVERM,23DEC2026,32675000.000000,1,OPTFUT,NCO,50.000000,120,False
157103,SILVERM26DEC327000CE,SILVERM,23DEC2026,32700000.000000,1,OPTFUT,NCO,50.000000,120,False
157112,SILVERM26DEC328000PE,SILVERM,23DEC2026,32800000.000000,1,OPTFUT,NCO,50.000000,120,False
157113,SILVERM26DEC328250CE,SILVERM,23DEC2026,32825000.000000,1,OPTFUT,NCO,50.000000,120,False
157123,SILVERM26DEC329500CE,SILVERM,23DEC2026,32950000.000000,1,OPTFUT,NCO,50.000000,120,False
157126,SILVERM26DEC329750PE,SILVERM,23DEC2026,32975000.000000,1,OPTFUT,NCO,50.000000,120,False
157127,SILVERM26DEC330000CE,SILVERM,23DEC2026,33000000.000000,1,OPTFUT,NCO,50.000000,120,False
157130,SILVERM26DEC330250PE,SILVERM,23DEC2026,33025000.000000,1,OPTFUT,NCO,50.000000,120,False
157135,SILVERM26DEC331000CE,SILVERM,23DEC2026,33100000.000000,1,OPTFUT,NCO,50.000000,120,False
157146,SILVERM26DEC332250PE,SILVERM,23DEC2026,33225000.000000,1,OPTFUT,NCO,50.000000,120,False
157152,SILVERM26DEC333000PE,SILVERM,23DEC2026,33300000.000000,1,OPTFUT,NCO,50.000000,120,False
158322,GOLD26SEP157000PE,GOLD,25SEP2026,15700000.000000,1,OPTFUT,NCO,50.000000,10,False
158331,GOLD26SEP157500CE,GOLD,25SEP2026,15750000.000000,1,OPTFUT,NCO,50.000000,10,False
158344,GOLD26SEP158100PE,GOLD,25SEP2026,15810000.000000,1,OPTFUT,NCO,50.000000,10,False
158348,GOLD26SEP158300PE,GOLD,25SEP2026,15830000.000000,1,OPTFUT,NCO,50.000000,10,False
158359,GOLD26SEP158900CE,GOLD,25SEP2026,15890000.000000,1,OPTFUT,NCO,50.000000,10,False
158369,GOLD26SEP159400CE,GOLD,25SEP2026,15940000.000000,1,OPTFUT,NCO,50.000000,10,False
158375,GOLD26SEP159700CE,GOLD,25SEP2026,15970000.000000,1,OPTFUT,NCO,50.000000,10,False
158384,GOLD26SEP160100PE,GOLD,25SEP2026,16010000.000000,1,OPTFUT,NCO,50.000000,10,False
158387,GOLD26SEP160300CE,GOLD,25SEP2026,16030000.000000,1,OPTFUT,NCO,50.000000,10,False
158396,GOLD26SEP160700PE,GOLD,25SEP2026,16070000.000000,1,OPTFUT,NCO,50.000000,10,False
158402,GOLD26SEP161000PE,GOLD,25SEP2026,16100000.000000,1,OPTFUT,NCO,50.000000,10,False
158405,GOLD26SEP161200CE,GOLD,25SEP2026,16120000.000000,1,OPTFUT,NCO,50.000000,10,False
158417,GOLD26SEP161800CE,GOLD,25SEP2026,16180000.000000,1,OPTFUT,NCO,50.000000,10,False
158433,GOLD26SEP162600CE,GOLD,25SEP2026,16260000.000000,1,OPTFUT,NCO,50.000000,10,False
158445,GOLD26OCT157100CE,GOLD,29OCT2026,15710000.000000,1,OPTFUT,NCO,50.000000,10,False
158451,GOLD26OCT157400CE,GOLD,29OCT2026,15740000.000000,1,OPTFUT,NCO,50.000000,10,False
158462,GOLD26OCT157900PE,GOLD,29OCT2026,15790000.000000,1,OPTFUT,NCO,50.000000,10,False
158467,GOLD26OCT158200CE,GOLD,29OCT2026,15820000.000000,1,OPTFUT,NCO,50.000000,10,False
158483,GOLD26OCT159000CE,GOLD,29OCT2026,15900000.000000,1,OPTFUT,NCO,50.000000,10,False
158484,GOLD26OCT159000PE,GOLD,29OCT2026,15900000.000000,1,OPTFUT,NCO,50.000000,10,False
158488,GOLD26OCT159200PE,GOLD,29OCT2026,15920000.000000,1,OPTFUT,NCO,50.000000,10,False
158503,GOLD26OCT160000CE,GOLD,29OCT2026,16000000.000000,1,OPTFUT,NCO,50.000000,10,False
158514,GOLD26OCT160500PE,GOLD,29OCT2026,16050000.000000,1,OPTFUT,NCO,50.000000,10,False
158517,GOLD26OCT160700CE,GOLD,29OCT2026,16070000.000000,1,OPTFUT,NCO,50.000000,10,False
158518,GOLD26OCT160700PE,GOLD,29OCT2026,16070000.000000,1,OPTFUT,NCO,50.000000,10,False
158522,GOLD26OCT160900PE,GOLD,29OCT2026,16090000.000000,1,OPTFUT,NCO,50.000000,10,False
158529,GOLD26OCT161300CE,GOLD,29OCT2026,16130000.000000,1,OPTFUT,NCO,50.000000,10,False
158536,GOLD26OCT161600PE,GOLD,29OCT2026,16160000.000000,1,OPTFUT,NCO,50.000000,10,False
158553,GOLD26OCT162500CE,GOLD,29OCT2026,16250000.000000,1,OPTFUT,NCO,50.000000,10,False
158576,GOLD26OCT163600PE,GOLD,29OCT2026,16360000.000000,1,OPTFUT,NCO,50.000000,10,False
158586,GOLD26NOV157900PE,GOLD,27NOV2026,15790000.000000,1,OPTFUT,NCO,50.000000,10,False
158588,GOLD26NOV158000PE,GOLD,27NOV2026,15800000.000000,1,OPTFUT,NCO,50.000000,10,False
158594,GOLD26NOV158300PE,GOLD,27NOV2026,15830000.000000,1,OPTFUT,NCO,50.000000,10,False
158614,GOLD26NOV159300PE,GOLD,27NOV2026,15930000.000000,1,OPTFUT,NCO,50.000000,10,False
158626,GOLD26NOV159900PE,GOLD,27NOV2026,15990000.000000,1,OPTFUT,NCO,50.000000,10,False
158635,GOLD26NOV160400CE,GOLD,27NOV2026,16040000.000000,1,OPTFUT,NCO,50.000000,10,False
158636,GOLD26NOV160400PE,GOLD,27NOV2026,16040000.000000,1,OPTFUT,NCO,50.000000,10,False
158638,GOLD26NOV160500PE,GOLD,27NOV2026,16050000.000000,1,OPTFUT,NCO,50.000000,10,False
158661,GOLD26NOV161700CE,GOLD,27NOV2026,16170000.000000,1,OPTFUT,NCO,50.000000,10,False
158673,GOLD26NOV162300CE,GOLD,27NOV2026,16230000.000000,1,OPTFUT,NCO,50.000000,10,False
158681,GOLD26NOV162700CE,GOLD,27NOV2026,16270000.000000,1,OPTFUT,NCO,50.000000,10,False
158703,GOLD26NOV163800CE,GOLD,27NOV2026,16380000.000000,1,OPTFUT,NCO,50.000000,10,False
158704,GOLD26NOV163800PE,GOLD,27NOV2026,16380000.000000,1,OPTFUT,NCO,50.000000,10,False
158723,GOLD26DEC158600CE,GOLD,29DEC2026,15860000.000000,1,OPTFUT,NCO,50.000000,10,False
158729,GOLD26DEC158900CE,GOLD,29DEC2026,15890000.000000,1,OPTFUT,NCO,50.000000,10,False
158733,GOLD26DEC159100CE,GOLD,29DEC2026,15910000.000000,1,OPTFUT,NCO,50.000000,10,False
158737,GOLD26DEC159300CE,GOLD,29DEC2026,15930000.000000,1,OPTFUT,NCO,50.000000,10,False
158742,GOLD26DEC159500PE,GOLD,29DEC2026,15950000.000000,1,OPTFUT,NCO,50.000000,10,False
158753,GOLD26DEC160100CE,GOLD,29DEC2026,16010000.000000,1,OPTFUT,NCO,50.000000,10,False
158754,GOLD26DEC160100PE,GOLD,29DEC2026,16010000.000000,1,OPTFUT,NCO,50.000000,10,False
158759,GOLD26DEC160400CE,GOLD,29DEC2026,16040000.000000,1,OPTFUT,NCO,50.000000,10,False
158768,GOLD26DEC160800PE,GOLD,29DEC2026,16080000.000000,1,OPTFUT,NCO,50.000000,10,False
158769,GOLD26DEC160900CE,GOLD,29DEC2026,16090000.000000,1,OPTFUT,NCO,50.000000,10,False
158802,GOLD26DEC162500PE,GOLD,29DEC2026,16250000.000000,1,OPTFUT,NCO,50.000000,10,False
158807,GOLD26DEC162800CE,GOLD,29DEC2026,16280000.000000,1,OPTFUT,NCO,50.000000,10,False
158817,GOLD26DEC163300CE,GOLD,29DEC2026,16330000.000000,1,OPTFUT,NCO,50.000000,10,False
158819,GOLD26DEC163400CE,GOLD,29DEC2026,16340000.000000,1,OPTFUT,NCO,50.000000,10,False
158821,GOLD26DEC163500CE,GOLD,29DEC2026,16350000.000000,1,OPTFUT,NCO,50.000000,10,False
158823,GOLD26DEC163600CE,GOLD,29DEC2026,16360000.000000,1,OPTFUT,NCO,50.000000,10,False
158836,GOLD26DEC164200PE,GOLD,29DEC2026,16420000.000000,1,OPTFUT,NCO,50.000000,10,False
158841,GOLD26DEC164500CE,GOLD,29DEC2026,16450000.000000,1,OPTFUT,NCO,50.000000,10,False
158842,GOLD26DEC164500PE,GOLD,29DEC2026,16450000.000000,1,OPTFUT,NCO,50.000000,10,False
158848,GOLD26DEC164800PE,GOLD,29DEC2026,16480000.000000,1,OPTFUT,NCO,50.000000,10,False
159579,SILVERM26SEP329500CE,SILVERM,23SEP2026,32950000.000000,1,OPTFUT,NCO,50.000000,120,False
159609,SILVERM26SEP333250CE,SILVERM,23SEP2026,33325000.000000,1,OPTFUT,NCO,50.000000,120,False
159612,SILVERM26SEP333500PE,SILVERM,23SEP2026,33350000.000000,1,OPTFUT,NCO,50.000000,120,False
159620,SILVERM26OCT331250PE,SILVERM,23OCT2026,33125000.000000,1,OPTFUT,NCO,50.000000,120,False
159639,SILVERM26OCT333750CE,SILVERM,23OCT2026,33375000.000000,1,OPTFUT,NCO,50.000000,120,False
159653,SILVERM26NOV332250CE,SILVERM,23NOV2026,33225000.000000,1,OPTFUT,NCO,50.000000,120,False
159657,SILVERM26NOV332750CE,SILVERM,23NOV2026,33275000.000000,1,OPTFUT,NCO,50.000000,120,False
159663,SILVERM26NOV333500CE,SILVERM,23NOV2026,33350000.000000,1,OPTFUT,NCO,50.000000,120,False
159669,SILVERM26NOV334250CE,SILVERM,23NOV2026,33425000.000000,1,OPTFUT,NCO,50.000000,120,False
159673,SILVERM26NOV334750CE,SILVERM,23NOV2026,33475000.000000,1,OPTFUT,NCO,50.000000,120,False
159677,SILVERM26NOV335250CE,SILVERM,23NOV2026,33525000.000000,1,OPTFUT,NCO,50.000000,120,False
159679,SILVERM26NOV335500CE,SILVERM,23NOV2026,33550000.000000,1,OPTFUT,NCO,50.000000,120,False
159684,SILVERM26NOV336000PE,SILVERM,23NOV2026,33600000.000000,1,OPTFUT,NCO,50.000000,120,False
159685,SILVERM26NOV336250CE,SILVERM,23NOV2026,33625000.000000,1,OPTFUT,NCO,50.000000,120,False
159713,SILVERM26DEC336500CE,SILVERM,23DEC2026,33650000.000000,1,OPTFUT,NCO,50.000000,120,False
161703,SILVERM26SEP337500CE,SILVERM,23SEP2026,33750000.000000,1,OPTFUT,NCO,50.000000,120,False
161707,SILVERM26SEP338000CE,SILVERM,23SEP2026,33800000.000000,1,OPTFUT,NCO,50.000000,120,False
161709,SILVERM26SEP338250CE,SILVERM,23SEP2026,33825000.000000,1,OPTFUT,NCO,50.000000,120,False
161714,SILVERM26SEP338750PE,SILVERM,23SEP2026,33875000.000000,1,OPTFUT,NCO,50.000000,120,False
161724,SILVERM26SEP340000PE,SILVERM,23SEP2026,34000000.000000,1,OPTFUT,NCO,50.000000,120,False
161738,SILVERM26SEP341750PE,SILVERM,23SEP2026,34175000.000000,1,OPTFUT,NCO,50.000000,120,False
161745,SILVERM26SEP342750CE,SILVERM,23SEP2026,34275000.000000,1,OPTFUT,NCO,50.000000,120,False
161756,SILVERM26SEP344000PE,SILVERM,23SEP2026,34400000.000000,1,OPTFUT,NCO,50.000000,120,False
161760,SILVERM26SEP344500PE,SILVERM,23SEP2026,34450000.000000,1,OPTFUT,NCO,50.000000,120,False
161762,SILVERM26SEP344750PE,SILVERM,23SEP2026,34475000.000000,1,OPTFUT,NCO,50.000000,120,False
161782,SILVERM26SEP347250PE,SILVERM,23SEP2026,34725000.000000,1,OPTFUT,NCO,50.000000,120,False
161783,SILVERM26SEP347500CE,SILVERM,23SEP2026,34750000.000000,1,OPTFUT,NCO,50.000000,120,False
161785,SILVERM26SEP347750CE,SILVERM,23SEP2026,34775000.000000,1,OPTFUT,NCO,50.000000,120,False
161794,SILVERM26SEP348750PE,SILVERM,23SEP2026,34875000.000000,1,OPTFUT,NCO,50.000000,120,False
161802,SILVERM26SEP349750PE,SILVERM,23SEP2026,34975000.000000,1,OPTFUT,NCO,50.000000,120,False
161808,SILVERM26SEP350500PE,SILVERM,23SEP2026,35050000.000000,1,OPTFUT,NCO,50.000000,120,False
161812,SILVERM26SEP351000PE,SILVERM,23SEP2026,35100000.000000,1,OPTFUT,NCO,50.000000,120,False
161822,SILVERM26SEP352250PE,SILVERM,23SEP2026,35225000.000000,1,OPTFUT,NCO,50.000000,120,False
161824,SILVERM26SEP352500PE,SILVERM,23SEP2026,35250000.000000,1,OPTFUT,NCO,50.000000,120,False
161827,SILVERM26SEP353000CE,SILVERM,23SEP2026,35300000.000000,1,OPTFUT,NCO,50.000000,120,False
161829,SILVERM26SEP353250CE,SILVERM,23SEP2026,35325000.000000,1,OPTFUT,NCO,50.000000,120,False
161834,SILVERM26SEP353750PE,SILVERM,23SEP2026,35375000.000000,1,OPTFUT,NCO,50.000000,120,False
161849,SILVERM26SEP355750CE,SILVERM,23SEP2026,35575000.000000,1,OPTFUT,NCO,50.000000,120,False
161850,SILVERM26SEP355750PE,SILVERM,23SEP2026,35575000.000000,1,OPTFUT,NCO,50.000000,120,False
161871,SILVERM26SEP358500CE,SILVERM,23SEP2026,35850000.000000,1,OPTFUT,NCO,50.000000,120,False
161873,SILVERM26SEP358750CE,SILVERM,23SEP2026,35875000.000000,1,OPTFUT,NCO,50.000000,120,False
161880,SILVERM26SEP359500PE,SILVERM,23SEP2026,35950000.000000,1,OPTFUT,NCO,50.000000,120,False
161891,SILVERM26SEP361000CE,SILVERM,23SEP2026,36100000.000000,1,OPTFUT,NCO,50.000000,120,False
161895,SILVERM26SEP361500CE,SILVERM,23SEP2026,36150000.000000,1,OPTFUT,NCO,50.000000,120,False
161900,SILVERM26SEP362000PE,SILVERM,23SEP2026,36200000.000000,1,OPTFUT,NCO,50.000000,120,False
161927,SILVERM26SEP365500CE,SILVERM,23SEP2026,36550000.000000,1,OPTFUT,NCO,50.000000,120,False
161939,SILVERM26OCT338000CE,SILVERM,23OCT2026,33800000.000000,1,OPTFUT,NCO,50.000000,120,False
161950,SILVERM26OCT339250PE,SILVERM,23OCT2026,33925000.000000,1,OPTFUT,NCO,50.000000,120,False
161958,SILVERM26OCT340250PE,SILVERM,23OCT2026,34025000.000000,1,OPTFUT,NCO,50.000000,120,False
161960,SILVERM26OCT340500PE,SILVERM,23OCT2026,34050000.000000,1,OPTFUT,NCO,50.000000,120,False
161987,SILVERM26OCT344000CE,SILVERM,23OCT2026,34400000.000000,1,OPTFUT,NCO,50.000000,120,False
161999,SILVERM26OCT345500CE,SILVERM,23OCT2026,34550000.000000,1,OPTFUT,NCO,50.000000,120,False
162001,SILVERM26OCT345750CE,SILVERM,23OCT2026,34575000.000000,1,OPTFUT,NCO,50.000000,120,False
162007,SILVERM26OCT346500CE,SILVERM,23OCT2026,34650000.000000,1,OPTFUT,NCO,50.000000,120,False
162015,SILVERM26OCT347500CE,SILVERM,23OCT2026,34750000.000000,1,OPTFUT,NCO,50.000000,120,False
162019,SILVERM26OCT348000CE,SILVERM,23OCT2026,34800000.000000,1,OPTFUT,NCO,50.000000,120,False
162026,SILVERM26OCT348750PE,SILVERM,23OCT2026,34875000.000000,1,OPTFUT,NCO,50.000000,120,False
162031,SILVERM26OCT349500CE,SILVERM,23OCT2026,34950000.000000,1,OPTFUT,NCO,50.000000,120,False
162034,SILVERM26OCT349750PE,SILVERM,23OCT2026,34975000.000000,1,OPTFUT,NCO,50.000000,120,False
162057,SILVERM26OCT352750CE,SILVERM,23OCT2026,35275000.000000,1,OPTFUT,NCO,50.000000,120,False
162060,SILVERM26OCT353000PE,SILVERM,23OCT2026,35300000.000000,1,OPTFUT,NCO,50.000000,120,False
162063,SILVERM26OCT353500CE,SILVERM,23OCT2026,35350000.000000,1,OPTFUT,NCO,50.000000,120,False
162073,SILVERM26OCT354750CE,SILVERM,23OCT2026,35475000.000000,1,OPTFUT,NCO,50.000000,120,False
162081,SILVERM26OCT355750CE,SILVERM,23OCT2026,35575000.000000,1,OPTFUT,NCO,50.000000,120,False
162104,SILVERM26OCT358500PE,SILVERM,23OCT2026,35850000.000000,1,OPTFUT,NCO,50.000000,120,False
162119,SILVERM26OCT360500CE,SILVERM,23OCT2026,36050000.000000,1,OPTFUT,NCO,50.000000,120,False
162148,SILVERM26OCT364000PE,SILVERM,23OCT2026,36400000.000000,1,OPTFUT,NCO,50.000000,120,False
162152,SILVERM26OCT364500PE,SILVERM,23OCT2026,36450000.000000,1,OPTFUT,NCO,50.000000,120,False
162153,SILVERM26OCT364750CE,SILVERM,23OCT2026,36475000.000000,1,OPTFUT,NCO,50.000000,120,False
162166,SILVERM26OCT366250PE,SILVERM,23OCT2026,36625000.000000,1,OPTFUT,NCO,50.000000,120,False
162177,SILVERM26OCT367750CE,SILVERM,23OCT2026,36775000.000000,1,OPTFUT,NCO,50.000000,120,False
162194,SILVERM26NOV340750PE,SILVERM,23NOV2026,34075000.000000,1,OPTFUT,NCO,50.000000,120,False
162199,SILVERM26NOV341500CE,SILVERM,23NOV2026,34150000.000000,1,OPTFUT,NCO,50.000000,120,False
162200,SILVERM26NOV341500PE,SILVERM,23NOV2026,34150000.000000,1,OPTFUT,NCO,50.000000,120,False
162202,SILVERM26NOV341750PE,SILVERM,23NOV2026,34175000.000000,1,OPTFUT,NCO,50.000000,120,False
162208,SILVERM26NOV342500PE,SILVERM,23NOV2026,34250000.000000,1,OPTFUT,NCO,50.000000,120,False
162212,SILVERM26NOV343000PE,SILVERM,23NOV2026,34300000.000000,1,OPTFUT,NCO,50.000000,120,False
162217,SILVERM26NOV343750CE,SILVERM,23NOV2026,34375000.000000,1,OPTFUT,NCO,50.000000,120,False
162220,SILVERM26NOV344000PE,SILVERM,23NOV2026,34400000.000000,1,OPTFUT,NCO,50.000000,120,False
162230,SILVERM26NOV345250PE,SILVERM,23NOV2026,34525000.000000,1,OPTFUT,NCO,50.000000,120,False
162231,SILVERM26NOV345500CE,SILVERM,23NOV2026,34550000.000000,1,OPTFUT,NCO,50.000000,120,False
162237,SILVERM26NOV346250CE,SILVERM,23NOV2026,34625000.000000,1,OPTFUT,NCO,50.000000,120,False
162240,SILVERM26NOV346500PE,SILVERM,23NOV2026,34650000.000000,1,OPTFUT,NCO,50.000000,120,False
162251,SILVERM26NOV348000CE,SILVERM,23NOV2026,34800000.000000,1,OPTFUT,NCO,50.000000,120,False
162256,SILVERM26NOV348500PE,SILVERM,23NOV2026,34850000.000000,1,OPTFUT,NCO,50.000000,120,False
162261,SILVERM26NOV349250CE,SILVERM,23NOV2026,34925000.000000,1,OPTFUT,NCO,50.000000,120,False
162276,SILVERM26NOV351000PE,SILVERM,23NOV2026,35100000.000000,1,OPTFUT,NCO,50.000000,120,False
162277,SILVERM26NOV351250CE,SILVERM,23NOV2026,35125000.000000,1,OPTFUT,NCO,50.000000,120,False
162278,SILVERM26NOV351250PE,SILVERM,23NOV2026,35125000.000000,1,OPTFUT,NCO,50.000000,120,False
162279,SILVERM26NOV351500CE,SILVERM,23NOV2026,35150000.000000,1,OPTFUT,NCO,50.000000,120,False
162291,SILVERM26NOV353000CE,SILVERM,23NOV2026,35300000.000000,1,OPTFUT,NCO,50.000000,120,False
162296,SILVERM26NOV353500PE,SILVERM,23NOV2026,35350000.000000,1,OPTFUT,NCO,50.000000,120,False
162298,SILVERM26NOV353750PE,SILVERM,23NOV2026,35375000.000000,1,OPTFUT,NCO,50.000000,120,False
162310,SILVERM26NOV355250PE,SILVERM,23NOV2026,35525000.000000,1,OPTFUT,NCO,50.000000,120,False
162314,SILVERM26NOV355750PE,SILVERM,23NOV2026,35575000.000000,1,OPTFUT,NCO,50.000000,120,False
162320,SILVERM26NOV356500PE,SILVERM,23NOV2026,35650000.000000,1,OPTFUT,NCO,50.000000,120,False
162325,SILVERM26NOV357250CE,SILVERM,23NOV2026,35725000.000000,1,OPTFUT,NCO,50.000000,120,False
162328,SILVERM26NOV357500PE,SILVERM,23NOV2026,35750000.000000,1,OPTFUT,NCO,50.000000,120,False
162350,SILVERM26NOV360250PE,SILVERM,23NOV2026,36025000.000000,1,OPTFUT,NCO,50.000000,120,False
162355,SILVERM26NOV361000CE,SILVERM,23NOV2026,36100000.000000,1,OPTFUT,NCO,50.000000,120,False
162367,SILVERM26NOV362500CE,SILVERM,23NOV2026,36250000.000000,1,OPTFUT,NCO,50.000000,120,False
162372,SILVERM26NOV363000PE,SILVERM,23NOV2026,36300000.000000,1,OPTFUT,NCO,50.000000,120,False
162403,SILVERM26NOV367000CE,SILVERM,23NOV2026,36700000.000000,1,OPTFUT,NCO,50.000000,120,False
162405,SILVERM26NOV367250CE,SILVERM,23NOV2026,36725000.000000,1,OPTFUT,NCO,50.000000,120,False
162420,SILVERM26NOV369000PE,SILVERM,23NOV2026,36900000.000000,1,OPTFUT,NCO,50.000000,120,False
162424,SILVERM26NOV369500PE,SILVERM,23NOV2026,36950000.000000,1,OPTFUT,NCO,50.000000,120,False
162432,SILVERM26DEC341250PE,SILVERM,23DEC2026,34125000.000000,1,OPTFUT,NCO,50.000000,120,False
162444,SILVERM26DEC342750PE,SILVERM,23DEC2026,34275000.000000,1,OPTFUT,NCO,50.000000,120,False
162461,SILVERM26DEC345000CE,SILVERM,23DEC2026,34500000.000000,1,OPTFUT,NCO,50.000000,120,False
162478,SILVERM26DEC347000PE,SILVERM,23DEC2026,34700000.000000,1,OPTFUT,NCO,50.000000,120,False
162492,SILVERM26DEC348750PE,SILVERM,23DEC2026,34875000.000000,1,OPTFUT,NCO,50.000000,120,False
162493,SILVERM26DEC349000CE,SILVERM,23DEC2026,34900000.000000,1,OPTFUT,NCO,50.000000,120,False
162514,SILVERM26DEC351500PE,SILVERM,23DEC2026,35150000.000000,1,OPTFUT,NCO,50.000000,120,False
162517,SILVERM26DEC352000CE,SILVERM,23DEC2026,35200000.000000,1,OPTFUT,NCO,50.000000,120,False
162521,SILVERM26DEC352500CE,SILVERM,23DEC2026,35250000.000000,1,OPTFUT,NCO,50.000000,120,False
162524,SILVERM26DEC352750PE,SILVERM,23DEC2026,35275000.000000,1,OPTFUT,NCO,50.000000,120,False
162542,SILVERM26DEC355000PE,SILVERM,23DEC2026,35500000.000000,1,OPTFUT,NCO,50.000000,120,False
162561,SILVERM26DEC357500CE,SILVERM,23DEC2026,35750000.000000,1,OPTFUT,NCO,50.000000,120,False
162574,SILVERM26DEC359000PE,SILVERM,23DEC2026,35900000.000000,1,OPTFUT,NCO,50.000000,120,False
162577,SILVERM26DEC359500CE,SILVERM,23DEC2026,35950000.000000,1,OPTFUT,NCO,50.000000,120,False
162581,SILVERM26DEC360000CE,SILVERM,23DEC2026,36000000.000000,1,OPTFUT,NCO,50.000000,120,False
162583,SILVERM26DEC360250CE,SILVERM,23DEC2026,36025000.000000,1,OPTFUT,NCO,50.000000,120,False
162585,SILVERM26DEC360500CE,SILVERM,23DEC2026,36050000.000000,1,OPTFUT,NCO,50.000000,120,False
162599,SILVERM26DEC362250CE,SILVERM,23DEC2026,36225000.000000,1,OPTFUT,NCO,50.000000,120,False
162605,SILVERM26DEC363000CE,SILVERM,23DEC2026,36300000.000000,1,OPTFUT,NCO,50.000000,120,False
162615,SILVERM26DEC364250CE,SILVERM,23DEC2026,36425000.000000,1,OPTFUT,NCO,50.000000,120,False
162629,SILVERM26DEC366000CE,SILVERM,23DEC2026,36600000.000000,1,OPTFUT,NCO,50.000000,120,False
162654,SILVERM26DEC369000PE,SILVERM,23DEC2026,36900000.000000,1,OPTFUT,NCO,50.000000,120,False
162665,SILVERM26DEC370500CE,SILVERM,23DEC2026,37050000.000000,1,OPTFUT,NCO,50.000000,120,False
162667,SILVERM26DEC370750CE,SILVERM,23DEC2026,37075000.000000,1,OPTFUT,NCO,50.000000,120,False
163931,GOLD26SEP168700CE,GOLD,25SEP2026,16870000.000000,1,OPTFUT,NCO,50.000000,10,False
163973,GOLD26SEP170800CE,GOLD,25SEP2026,17080000.000000,1,OPTFUT,NCO,50.000000,10,False
163932,GOLD26SEP168700PE,GOLD,25SEP2026,16870000.000000,1,OPTFUT,NCO,50.000000,10,False
163966,GOLD26SEP170400PE,GOLD,25SEP2026,17040000.000000,1,OPTFUT,NCO,50.000000,10,False
163986,GOLD26SEP171400PE,GOLD,25SEP2026,17140000.000000,1,OPTFUT,NCO,50.000000,10,False
163994,GOLD26SEP171800PE,GOLD,25SEP2026,17180000.000000,1,OPTFUT,NCO,50.000000,10,False
163995,GOLD26SEP171900CE,GOLD,25SEP2026,17190000.000000,1,OPTFUT,NCO,50.000000,10,False
164008,GOLD26SEP172500PE,GOLD,25SEP2026,17250000.000000,1,OPTFUT,NCO,50.000000,10,False
164018,GOLD26SEP173000PE,GOLD,25SEP2026,17300000.000000,1,OPTFUT,NCO,50.000000,10,False
164030,GOLD26SEP173600PE,GOLD,25SEP2026,17360000.000000,1,OPTFUT,NCO,50.000000,10,False
164034,GOLD26SEP173800PE,GOLD,25SEP2026,17380000.000000,1,OPTFUT,NCO,50.000000,10,False
164048,GOLD26OCT169100PE,GOLD,29OCT2026,16910000.000000,1,OPTFUT,NCO,50.000000,10,False
164050,GOLD26OCT169200PE,GOLD,29OCT2026,16920000.000000,1,OPTFUT,NCO,50.000000,10,False
164053,GOLD26OCT169400CE,GOLD,29OCT2026,16940000.000000,1,OPTFUT,NCO,50.000000,10,False
164056,GOLD26OCT169500PE,GOLD,29OCT2026,16950000.000000,1,OPTFUT,NCO,50.000000,10,False
164086,GOLD26OCT171000PE,GOLD,29OCT2026,17100000.000000,1,OPTFUT,NCO,50.000000,10,False
164098,GOLD26OCT171600PE,GOLD,29OCT2026,17160000.000000,1,OPTFUT,NCO,50.000000,10,False
164117,GOLD26OCT172600CE,GOLD,29OCT2026,17260000.000000,1,OPTFUT,NCO,50.000000,10,False
164142,GOLD26OCT173800PE,GOLD,29OCT2026,17380000.000000,1,OPTFUT,NCO,50.000000,10,False
164151,GOLD26OCT174300CE,GOLD,29OCT2026,17430000.000000,1,OPTFUT,NCO,50.000000,10,False
164161,GOLD26OCT174800CE,GOLD,29OCT2026,17480000.000000,1,OPTFUT,NCO,50.000000,10,False
164162,GOLD26OCT174800PE,GOLD,29OCT2026,17480000.000000,1,OPTFUT,NCO,50.000000,10,False
164168,GOLD26OCT175100PE,GOLD,29OCT2026,17510000.000000,1,OPTFUT,NCO,50.000000,10,False
164186,GOLD26NOV170600PE,GOLD,27NOV2026,17060000.000000,1,OPTFUT,NCO,50.000000,10,False
164192,GOLD26NOV170900PE,GOLD,27NOV2026,17090000.000000,1,OPTFUT,NCO,50.000000,10,False
164198,GOLD26NOV171200PE,GOLD,27NOV2026,17120000.000000,1,OPTFUT,NCO,50.000000,10,False
164199,GOLD26NOV171300CE,GOLD,27NOV2026,17130000.000000,1,OPTFUT,NCO,50.000000,10,False
164207,GOLD26NOV171700CE,GOLD,27NOV2026,17170000.000000,1,OPTFUT,NCO,50.000000,10,False
164213,GOLD26NOV172000CE,GOLD,27NOV2026,17200000.000000,1,OPTFUT,NCO,50.000000,10,False
164219,GOLD26NOV172300CE,GOLD,27NOV2026,17230000.000000,1,OPTFUT,NCO,50.000000,10,False
164230,GOLD26NOV172800PE,GOLD,27NOV2026,17280000.000000,1,OPTFUT,NCO,50.000000,10,False
164232,GOLD26NOV172900PE,GOLD,27NOV2026,17290000.000000,1,OPTFUT,NCO,50.000000,10,False
164248,GOLD26NOV173700PE,GOLD,27NOV2026,17370000.000000,1,OPTFUT,NCO,50.000000,10,False
164257,GOLD26NOV174200CE,GOLD,27NOV2026,17420000.000000,1,OPTFUT,NCO,50.000000,10,False
164262,GOLD26NOV174400PE,GOLD,27NOV2026,17440000.000000,1,OPTFUT,NCO,50.000000,10,False
164263,GOLD26NOV174500CE,GOLD,27NOV2026,17450000.000000,1,OPTFUT,NCO,50.000000,10,False
164269,GOLD26NOV174800CE,GOLD,27NOV2026,17480000.000000,1,OPTFUT,NCO,50.000000,10,False
164272,GOLD26NOV174900PE,GOLD,27NOV2026,17490000.000000,1,OPTFUT,NCO,50.000000,10,False
164280,GOLD26NOV175300PE,GOLD,27NOV2026,17530000.000000,1,OPTFUT,NCO,50.000000,10,False
164281,GOLD26NOV175400CE,GOLD,27NOV2026,17540000.000000,1,OPTFUT,NCO,50.000000,10,False
164282,GOLD26NOV175400PE,GOLD,27NOV2026,17540000.000000,1,OPTFUT,NCO,50.000000,10,False
164284,GOLD26NOV175500PE,GOLD,27NOV2026,17550000.000000,1,OPTFUT,NCO,50.000000,10,False
164294,GOLD26NOV176000PE,GOLD,27NOV2026,17600000.000000,1,OPTFUT,NCO,50.000000,10,False
164301,GOLD26DEC171000CE,GOLD,29DEC2026,17100000.000000,1,OPTFUT,NCO,50.000000,10,False
164305,GOLD26DEC171200CE,GOLD,29DEC2026,17120000.000000,1,OPTFUT,NCO,50.000000,10,False
164327,GOLD26DEC172300CE,GOLD,29DEC2026,17230000.000000,1,OPTFUT,NCO,50.000000,10,False
164329,GOLD26DEC172400CE,GOLD,29DEC2026,17240000.000000,1,OPTFUT,NCO,50.000000,10,False
164360,GOLD26DEC173900PE,GOLD,29DEC2026,17390000.000000,1,OPTFUT,NCO,50.000000,10,False
164372,GOLD26DEC174500PE,GOLD,29DEC2026,17450000.000000,1,OPTFUT,NCO,50.000000,10,False
164393,GOLD26DEC175600CE,GOLD,29DEC2026,17560000.000000,1,OPTFUT,NCO,50.000000,10,False
164396,GOLD26DEC175700PE,GOLD,29DEC2026,17570000.000000,1,OPTFUT,NCO,50.000000,10,False
164403,GOLD26DEC176100CE,GOLD,29DEC2026,17610000.000000,1,OPTFUT,NCO,50.000000,10,False
164407,GOLD26DEC176300CE,GOLD,29DEC2026,17630000.000000,1,OPTFUT,NCO,50.000000,10,False
164411,GOLD26DEC176500CE,GOLD,29DEC2026,17650000.000000,1,OPTFUT,NCO,50.000000,10,False
164412,GOLD26DEC176500PE,GOLD,29DEC2026,17650000.000000,1,OPTFUT,NCO,50.000000,10,False
164414,GOLD26DEC176600PE,GOLD,29DEC2026,17660000.000000,1,OPTFUT,NCO,50.000000,10,False
164423,GOLD26DEC177100CE,GOLD,29DEC2026,17710000.000000,1,OPTFUT,NCO,50.000000,10,False
164424,GOLD26DEC177100PE,GOLD,29DEC2026,17710000.000000,1,OPTFUT,NCO,50.000000,10,False
165729,SILVERM26SEP366750CE,SILVERM,23SEP2026,36675000.000000,1,OPTFUT,NCO,50.000000,120,False
165734,SILVERM26SEP367250PE,SILVERM,23SEP2026,36725000.000000,1,OPTFUT,NCO,50.000000,120,False
165738,SILVERM26SEP367750PE,SILVERM,23SEP2026,36775000.000000,1,OPTFUT,NCO,50.000000,120,False
165764,SILVERM26SEP371000PE,SILVERM,23SEP2026,37100000.000000,1,OPTFUT,NCO,50.000000,120,False
165803,SILVERM26SEP376000CE,SILVERM,23SEP2026,37600000.000000,1,OPTFUT,NCO,50.000000,120,False
165817,SILVERM26SEP377750CE,SILVERM,23SEP2026,37775000.000000,1,OPTFUT,NCO,50.000000,120,False
165823,SILVERM26SEP378500CE,SILVERM,23SEP2026,37850000.000000,1,OPTFUT,NCO,50.000000,120,False
165866,SILVERM26OCT369000PE,SILVERM,23OCT2026,36900000.000000,1,OPTFUT,NCO,50.000000,120,False
165882,SILVERM26OCT371000PE,SILVERM,23OCT2026,37100000.000000,1,OPTFUT,NCO,50.000000,120,False
165887,SILVERM26OCT371750CE,SILVERM,23OCT2026,37175000.000000,1,OPTFUT,NCO,50.000000,120,False
165893,SILVERM26OCT372500CE,SILVERM,23OCT2026,37250000.000000,1,OPTFUT,NCO,50.000000,120,False
165894,SILVERM26OCT372500PE,SILVERM,23OCT2026,37250000.000000,1,OPTFUT,NCO,50.000000,120,False
165909,SILVERM26OCT374500CE,SILVERM,23OCT2026,37450000.000000,1,OPTFUT,NCO,50.000000,120,False
165912,SILVERM26OCT374750PE,SILVERM,23OCT2026,37475000.000000,1,OPTFUT,NCO,50.000000,120,False
165938,SILVERM26OCT378000PE,SILVERM,23OCT2026,37800000.000000,1,OPTFUT,NCO,50.000000,120,False
165952,SILVERM26OCT379750PE,SILVERM,23OCT2026,37975000.000000,1,OPTFUT,NCO,50.000000,120,False
165953,SILVERM26OCT380000CE,SILVERM,23OCT2026,38000000.000000,1,OPTFUT,NCO,50.000000,120,False
165956,SILVERM26OCT380250PE,SILVERM,23OCT2026,38025000.000000,1,OPTFUT,NCO,50.000000,120,False
165974,SILVERM26OCT382500PE,SILVERM,23OCT2026,38250000.000000,1,OPTFUT,NCO,50.000000,120,False
165999,SILVERM26NOV371000CE,SILVERM,23NOV2026,37100000.000000,1,OPTFUT,NCO,50.000000,120,False
166006,SILVERM26NOV371750PE,SILVERM,23NOV2026,37175000.000000,1,OPTFUT,NCO,50.000000,120,False
166016,SILVERM26NOV373000PE,SILVERM,23NOV2026,37300000.000000,1,OPTFUT,NCO,50.000000,120,False
166021,SILVERM26NOV373750CE,SILVERM,23NOV2026,37375000.000000,1,OPTFUT,NCO,50.000000,120,False
166041,SILVERM26NOV376250CE,SILVERM,23NOV2026,37625000.000000,1,OPTFUT,NCO,50.000000,120,False
166068,SILVERM26NOV379500PE,SILVERM,23NOV2026,37950000.000000,1,OPTFUT,NCO,50.000000,120,False
166082,SILVERM26NOV381250PE,SILVERM,23NOV2026,38125000.000000,1,OPTFUT,NCO,50.000000,120,False
166101,SILVERM26NOV383750CE,SILVERM,23NOV2026,38375000.000000,1,OPTFUT,NCO,50.000000,120,False
166109,SILVERM26NOV384750CE,SILVERM,23NOV2026,38475000.000000,1,OPTFUT,NCO,50.000000,120,False
166124,SILVERM26NOV386500PE,SILVERM,23NOV2026,38650000.000000,1,OPTFUT,NCO,50.000000,120,False
166127,SILVERM26DEC372250CE,SILVERM,23DEC2026,37225000.000000,1,OPTFUT,NCO,50.000000,120,False
166135,SILVERM26DEC373250CE,SILVERM,23DEC2026,37325000.000000,1,OPTFUT,NCO,50.000000,120,False
166141,SILVERM26DEC374000CE,SILVERM,23DEC2026,37400000.000000,1,OPTFUT,NCO,50.000000,120,False
166151,SILVERM26DEC375250CE,SILVERM,23DEC2026,37525000.000000,1,OPTFUT,NCO,50.000000,120,False
166184,SILVERM26DEC379250PE,SILVERM,23DEC2026,37925000.000000,1,OPTFUT,NCO,50.000000,120,False
166193,SILVERM26DEC380500CE,SILVERM,23DEC2026,38050000.000000,1,OPTFUT,NCO,50.000000,120,False
166194,SILVERM26DEC380500PE,SILVERM,23DEC2026,38050000.000000,1,OPTFUT,NCO,50.000000,120,False
166204,SILVERM26DEC381750PE,SILVERM,23DEC2026,38175000.000000,1,OPTFUT,NCO,50.000000,120,False
166209,SILVERM26DEC382500CE,SILVERM,23DEC2026,38250000.000000,1,OPTFUT,NCO,50.000000,120,False
166219,SILVERM26DEC383750CE,SILVERM,23DEC2026,38375000.000000,1,OPTFUT,NCO,50.000000,120,False
166227,SILVERM26DEC384750CE,SILVERM,23DEC2026,38475000.000000,1,OPTFUT,NCO,50.000000,120,False
166241,SILVERM26DEC386500CE,SILVERM,23DEC2026,38650000.000000,1,OPTFUT,NCO,50.000000,120,False
166246,SILVERM26DEC387000PE,SILVERM,23DEC2026,38700000.000000,1,OPTFUT,NCO,50.000000,120,False
168179,GOLD26SEP174500CE,GOLD,25SEP2026,17450000.000000,1,OPTFUT,NCO,50.000000,10,False
168200,GOLD26SEP175500PE,GOLD,25SEP2026,17550000.000000,1,OPTFUT,NCO,50.000000,10,False
168223,GOLD26SEP176700CE,GOLD,25SEP2026,17670000.000000,1,OPTFUT,NCO,50.000000,10,False
168230,GOLD26SEP177000PE,GOLD,25SEP2026,17700000.000000,1,OPTFUT,NCO,50.000000,10,False
168240,GOLD26SEP177500PE,GOLD,25SEP2026,17750000.000000,1,OPTFUT,NCO,50.000000,10,False
168241,GOLD26SEP177600CE,GOLD,25SEP2026,17760000.000000,1,OPTFUT,NCO,50.000000,10,False
168244,GOLD26SEP177700PE,GOLD,25SEP2026,17770000.000000,1,OPTFUT,NCO,50.000000,10,False
168250,GOLD26SEP178000PE,GOLD,25SEP2026,17800000.000000,1,OPTFUT,NCO,50.000000,10,False
168260,GOLD26SEP178500PE,GOLD,25SEP2026,17850000.000000,1,OPTFUT,NCO,50.000000,10,False
168261,GOLD26SEP178600CE,GOLD,25SEP2026,17860000.000000,1,OPTFUT,NCO,50.000000,10,False
168275,GOLD26SEP179300CE,GOLD,25SEP2026,17930000.000000,1,OPTFUT,NCO,50.000000,10,False
168278,GOLD26SEP179400PE,GOLD,25SEP2026,17940000.000000,1,OPTFUT,NCO,50.000000,10,False
168313,GOLD26SEP181200CE,GOLD,25SEP2026,18120000.000000,1,OPTFUT,NCO,50.000000,10,False
168314,GOLD26SEP181200PE,GOLD,25SEP2026,18120000.000000,1,OPTFUT,NCO,50.000000,10,False
168320,GOLD26SEP181500PE,GOLD,25SEP2026,18150000.000000,1,OPTFUT,NCO,50.000000,10,False
168321,GOLD26SEP181600CE,GOLD,25SEP2026,18160000.000000,1,OPTFUT,NCO,50.000000,10,False
168347,GOLD26SEP182900CE,GOLD,25SEP2026,18290000.000000,1,OPTFUT,NCO,50.000000,10,False
168355,GOLD26SEP183300CE,GOLD,25SEP2026,18330000.000000,1,OPTFUT,NCO,50.000000,10,False
168365,GOLD26SEP183800CE,GOLD,25SEP2026,18380000.000000,1,OPTFUT,NCO,50.000000,10,False
168368,GOLD26SEP183900PE,GOLD,25SEP2026,18390000.000000,1,OPTFUT,NCO,50.000000,10,False
168378,GOLD26SEP184400PE,GOLD,25SEP2026,18440000.000000,1,OPTFUT,NCO,50.000000,10,False
168380,GOLD26SEP184500PE,GOLD,25SEP2026,18450000.000000,1,OPTFUT,NCO,50.000000,10,False
168386,GOLD26SEP184800PE,GOLD,25SEP2026,18480000.000000,1,OPTFUT,NCO,50.000000,10,False
168392,GOLD26SEP185100PE,GOLD,25SEP2026,18510000.000000,1,OPTFUT,NCO,50.000000,10,False
168430,GOLD26OCT177000PE,GOLD,29OCT2026,17700000.000000,1,OPTFUT,NCO,50.000000,10,False
168447,GOLD26OCT177900CE,GOLD,29OCT2026,17790000.000000,1,OPTFUT,NCO,50.000000,10,False
168448,GOLD26OCT177900PE,GOLD,29OCT2026,17790000.000000,1,OPTFUT,NCO,50.000000,10,False
168456,GOLD26OCT178300PE,GOLD,29OCT2026,17830000.000000,1,OPTFUT,NCO,50.000000,10,False
168484,GOLD26OCT179700PE,GOLD,29OCT2026,17970000.000000,1,OPTFUT,NCO,50.000000,10,False
168490,GOLD26OCT180000PE,GOLD,29OCT2026,18000000.000000,1,OPTFUT,NCO,50.000000,10,False
168502,GOLD26OCT180600PE,GOLD,29OCT2026,18060000.000000,1,OPTFUT,NCO,50.000000,10,False
168503,GOLD26OCT180700CE,GOLD,29OCT2026,18070000.000000,1,OPTFUT,NCO,50.000000,10,False
168516,GOLD26OCT181300PE,GOLD,29OCT2026,18130000.000000,1,OPTFUT,NCO,50.000000,10,False
168520,GOLD26OCT181500PE,GOLD,29OCT2026,18150000.000000,1,OPTFUT,NCO,50.000000,10,False
168521,GOLD26OCT181600CE,GOLD,29OCT2026,18160000.000000,1,OPTFUT,NCO,50.000000,10,False
168524,GOLD26OCT181700PE,GOLD,29OCT2026,18170000.000000,1,OPTFUT,NCO,50.000000,10,False
168583,GOLD26OCT184700CE,GOLD,29OCT2026,18470000.000000,1,OPTFUT,NCO,50.000000,10,False
168587,GOLD26OCT184900CE,GOLD,29OCT2026,18490000.000000,1,OPTFUT,NCO,50.000000,10,False
168599,GOLD26OCT185500CE,GOLD,29OCT2026,18550000.000000,1,OPTFUT,NCO,50.000000,10,False
168617,GOLD26NOV176300CE,GOLD,27NOV2026,17630000.000000,1,OPTFUT,NCO,50.000000,10,False
168624,GOLD26NOV176600PE,GOLD,27NOV2026,17660000.000000,1,OPTFUT,NCO,50.000000,10,False
168625,GOLD26NOV176700CE,GOLD,27NOV2026,17670000.000000,1,OPTFUT,NCO,50.000000,10,False
168644,GOLD26NOV177600PE,GOLD,27NOV2026,17760000.000000,1,OPTFUT,NCO,50.000000,10,False
168652,GOLD26NOV178000PE,GOLD,27NOV2026,17800000.000000,1,OPTFUT,NCO,50.000000,10,False
168673,GOLD26NOV179100CE,GOLD,27NOV2026,17910000.000000,1,OPTFUT,NCO,50.000000,10,False
168678,GOLD26NOV179300PE,GOLD,27NOV2026,17930000.000000,1,OPTFUT,NCO,50.000000,10,False
168680,GOLD26NOV179400PE,GOLD,27NOV2026,17940000.000000,1,OPTFUT,NCO,50.000000,10,False
168694,GOLD26NOV180100PE,GOLD,27NOV2026,18010000.000000,1,OPTFUT,NCO,50.000000,10,False
168697,GOLD26NOV180300CE,GOLD,27NOV2026,18030000.000000,1,OPTFUT,NCO,50.000000,10,False
168700,GOLD26NOV180400PE,GOLD,27NOV2026,18040000.000000,1,OPTFUT,NCO,50.000000,10,False
168707,GOLD26NOV180800CE,GOLD,27NOV2026,18080000.000000,1,OPTFUT,NCO,50.000000,10,False
168722,GOLD26NOV181500PE,GOLD,27NOV2026,18150000.000000,1,OPTFUT,NCO,50.000000,10,False
168727,GOLD26NOV181800CE,GOLD,27NOV2026,18180000.000000,1,OPTFUT,NCO,50.000000,10,False
168744,GOLD26NOV182600PE,GOLD,27NOV2026,18260000.000000,1,OPTFUT,NCO,50.000000,10,False
168758,GOLD26NOV183300PE,GOLD,27NOV2026,18330000.000000,1,OPTFUT,NCO,50.000000,10,False
168763,GOLD26NOV183600CE,GOLD,27NOV2026,18360000.000000,1,OPTFUT,NCO,50.000000,10,False
168768,GOLD26NOV183800PE,GOLD,27NOV2026,18380000.000000,1,OPTFUT,NCO,50.000000,10,False
168771,GOLD26NOV184000CE,GOLD,27NOV2026,18400000.000000,1,OPTFUT,NCO,50.000000,10,False
168778,GOLD26NOV184300PE,GOLD,27NOV2026,18430000.000000,1,OPTFUT,NCO,50.000000,10,False
168781,GOLD26NOV184500CE,GOLD,27NOV2026,18450000.000000,1,OPTFUT,NCO,50.000000,10,False
168786,GOLD26NOV184700PE,GOLD,27NOV2026,18470000.000000,1,OPTFUT,NCO,50.000000,10,False
168806,GOLD26NOV185700PE,GOLD,27NOV2026,18570000.000000,1,OPTFUT,NCO,50.000000,10,False
168811,GOLD26NOV186000CE,GOLD,27NOV2026,18600000.000000,1,OPTFUT,NCO,50.000000,10,False
168813,GOLD26NOV186100CE,GOLD,27NOV2026,18610000.000000,1,OPTFUT,NCO,50.000000,10,False
168815,GOLD26NOV186200CE,GOLD,27NOV2026,18620000.000000,1,OPTFUT,NCO,50.000000,10,False
168817,GOLD26NOV186300CE,GOLD,27NOV2026,18630000.000000,1,OPTFUT,NCO,50.000000,10,False
168820,GOLD26NOV186400PE,GOLD,27NOV2026,18640000.000000,1,OPTFUT,NCO,50.000000,10,False
168822,GOLD26NOV186500PE,GOLD,27NOV2026,18650000.000000,1,OPTFUT,NCO,50.000000,10,False
168873,GOLD26DEC179000CE,GOLD,29DEC2026,17900000.000000,1,OPTFUT,NCO,50.000000,10,False
168881,GOLD26DEC179400CE,GOLD,29DEC2026,17940000.000000,1,OPTFUT,NCO,50.000000,10,False
168891,GOLD26DEC179900CE,GOLD,29DEC2026,17990000.000000,1,OPTFUT,NCO,50.000000,10,False
168918,GOLD26DEC181200PE,GOLD,29DEC2026,18120000.000000,1,OPTFUT,NCO,50.000000,10,False
168921,GOLD26DEC181400CE,GOLD,29DEC2026,18140000.000000,1,OPTFUT,NCO,50.000000,10,False
168922,GOLD26DEC181400PE,GOLD,29DEC2026,18140000.000000,1,OPTFUT,NCO,50.000000,10,False
168923,GOLD26DEC181500CE,GOLD,29DEC2026,18150000.000000,1,OPTFUT,NCO,50.000000,10,False
168930,GOLD26DEC181800PE,GOLD,29DEC2026,18180000.000000,1,OPTFUT,NCO,50.000000,10,False
168938,GOLD26DEC182200PE,GOLD,29DEC2026,18220000.000000,1,OPTFUT,NCO,50.000000,10,False
168980,GOLD26DEC184300PE,GOLD,29DEC2026,18430000.000000,1,OPTFUT,NCO,50.000000,10,False
168981,GOLD26DEC184400CE,GOLD,29DEC2026,18440000.000000,1,OPTFUT,NCO,50.000000,10,False
168994,GOLD26DEC185000PE,GOLD,29DEC2026,18500000.000000,1,OPTFUT,NCO,50.000000,10,False
169024,GOLD26DEC186500PE,GOLD,29DEC2026,18650000.000000,1,OPTFUT,NCO,50.000000,10,False
169028,GOLD26DEC186700PE,GOLD,29DEC2026,18670000.000000,1,OPTFUT,NCO,50.000000,10,False
169035,GOLD26DEC187100CE,GOLD,29DEC2026,18710000.000000,1,OPTFUT,NCO,50.000000,10,False
170797,SILVERM26SEP383000CE,SILVERM,23SEP2026,38300000.000000,1,OPTFUT,NCO,50.000000,120,False
170807,SILVERM26SEP384250CE,SILVERM,23SEP2026,38425000.000000,1,OPTFUT,NCO,50.000000,120,False
170812,SILVERM26SEP384750PE,SILVERM,23SEP2026,38475000.000000,1,OPTFUT,NCO,50.000000,120,False
170833,SILVERM26SEP387500CE,SILVERM,23SEP2026,38750000.000000,1,OPTFUT,NCO,50.000000,120,False
170837,SILVERM26SEP388000CE,SILVERM,23SEP2026,38800000.000000,1,OPTFUT,NCO,50.000000,120,False
170851,SILVERM26SEP389750CE,SILVERM,23SEP2026,38975000.000000,1,OPTFUT,NCO,50.000000,120,False
170857,SILVERM26SEP390500CE,SILVERM,23SEP2026,39050000.000000,1,OPTFUT,NCO,50.000000,120,False
170864,SILVERM26SEP391250PE,SILVERM,23SEP2026,39125000.000000,1,OPTFUT,NCO,50.000000,120,False
170866,SILVERM26SEP391500PE,SILVERM,23SEP2026,39150000.000000,1,OPTFUT,NCO,50.000000,120,False
170872,SILVERM26SEP392250PE,SILVERM,23SEP2026,39225000.000000,1,OPTFUT,NCO,50.000000,120,False
170874,SILVERM26SEP392500PE,SILVERM,23SEP2026,39250000.000000,1,OPTFUT,NCO,50.000000,120,False
170886,SILVERM26SEP394000PE,SILVERM,23SEP2026,39400000.000000,1,OPTFUT,NCO,50.000000,120,False
170894,SILVERM26SEP395000PE,SILVERM,23SEP2026,39500000.000000,1,OPTFUT,NCO,50.000000,120,False
170898,SILVERM26SEP395500PE,SILVERM,23SEP2026,39550000.000000,1,OPTFUT,NCO,50.000000,120,False
170900,SILVERM26SEP395750PE,SILVERM,23SEP2026,39575000.000000,1,OPTFUT,NCO,50.000000,120,False
170906,SILVERM26SEP396500PE,SILVERM,23SEP2026,39650000.000000,1,OPTFUT,NCO,50.000000,120,False
170911,SILVERM26SEP397250CE,SILVERM,23SEP2026,39725000.000000,1,OPTFUT,NCO,50.000000,120,False
170914,SILVERM26SEP397500PE,SILVERM,23SEP2026,39750000.000000,1,OPTFUT,NCO,50.000000,120,False
170919,SILVERM26SEP398250CE,SILVERM,23SEP2026,39825000.000000,1,OPTFUT,NCO,50.000000,120,False
170921,SILVERM26SEP398500CE,SILVERM,23SEP2026,39850000.000000,1,OPTFUT,NCO,50.000000,120,False
170943,SILVERM26SEP401250CE,SILVERM,23SEP2026,40125000.000000,1,OPTFUT,NCO,50.000000,120,False
170944,SILVERM26SEP401250PE,SILVERM,23SEP2026,40125000.000000,1,OPTFUT,NCO,50.000000,120,False
170953,SILVERM26SEP402500CE,SILVERM,23SEP2026,40250000.000000,1,OPTFUT,NCO,50.000000,120,False
170969,SILVERM26SEP404500CE,SILVERM,23SEP2026,40450000.000000,1,OPTFUT,NCO,50.000000,120,False
170970,SILVERM26SEP404500PE,SILVERM,23SEP2026,40450000.000000,1,OPTFUT,NCO,50.000000,120,False
170974,SILVERM26OCT384750PE,SILVERM,23OCT2026,38475000.000000,1,OPTFUT,NCO,50.000000,120,False
170979,SILVERM26OCT385500CE,SILVERM,23OCT2026,38550000.000000,1,OPTFUT,NCO,50.000000,120,False
170991,SILVERM26OCT387000CE,SILVERM,23OCT2026,38700000.000000,1,OPTFUT,NCO,50.000000,120,False
170996,SILVERM26OCT387500PE,SILVERM,23OCT2026,38750000.000000,1,OPTFUT,NCO,50.000000,120,False
171004,SILVERM26OCT388500PE,SILVERM,23OCT2026,38850000.000000,1,OPTFUT,NCO,50.000000,120,False
171023,SILVERM26OCT391000CE,SILVERM,23OCT2026,39100000.000000,1,OPTFUT,NCO,50.000000,120,False
171033,SILVERM26OCT392250CE,SILVERM,23OCT2026,39225000.000000,1,OPTFUT,NCO,50.000000,120,False
171061,SILVERM26OCT395750CE,SILVERM,23OCT2026,39575000.000000,1,OPTFUT,NCO,50.000000,120,False
171063,SILVERM26OCT396000CE,SILVERM,23OCT2026,39600000.000000,1,OPTFUT,NCO,50.000000,120,False
171069,SILVERM26OCT396750CE,SILVERM,23OCT2026,39675000.000000,1,OPTFUT,NCO,50.000000,120,False
171070,SILVERM26OCT396750PE,SILVERM,23OCT2026,39675000.000000,1,OPTFUT,NCO,50.000000,120,False
171080,SILVERM26OCT398000PE,SILVERM,23OCT2026,39800000.000000,1,OPTFUT,NCO,50.000000,120,False
171083,SILVERM26OCT398500CE,SILVERM,23OCT2026,39850000.000000,1,OPTFUT,NCO,50.000000,120,False
171089,SILVERM26OCT399250CE,SILVERM,23OCT2026,39925000.000000,1,OPTFUT,NCO,50.000000,120,False
171104,SILVERM26OCT401000PE,SILVERM,23OCT2026,40100000.000000,1,OPTFUT,NCO,50.000000,120,False
171107,SILVERM26OCT401500CE,SILVERM,23OCT2026,40150000.000000,1,OPTFUT,NCO,50.000000,120,False
171119,SILVERM26OCT403000CE,SILVERM,23OCT2026,40300000.000000,1,OPTFUT,NCO,50.000000,120,False
171132,SILVERM26OCT404500PE,SILVERM,23OCT2026,40450000.000000,1,OPTFUT,NCO,50.000000,120,False
171144,SILVERM26OCT406000PE,SILVERM,23OCT2026,40600000.000000,1,OPTFUT,NCO,50.000000,120,False
171155,SILVERM26NOV387250CE,SILVERM,23NOV2026,38725000.000000,1,OPTFUT,NCO,50.000000,120,False
171201,SILVERM26NOV393000CE,SILVERM,23NOV2026,39300000.000000,1,OPTFUT,NCO,50.000000,120,False
171159,SILVERM26NOV387750CE,SILVERM,23NOV2026,38775000.000000,1,OPTFUT,NCO,50.000000,120,False
171160,SILVERM26NOV387750PE,SILVERM,23NOV2026,38775000.000000,1,OPTFUT,NCO,50.000000,120,False
171199,SILVERM26NOV392750CE,SILVERM,23NOV2026,39275000.000000,1,OPTFUT,NCO,50.000000,120,False
171210,SILVERM26NOV394000PE,SILVERM,23NOV2026,39400000.000000,1,OPTFUT,NCO,50.000000,120,False
171239,SILVERM26NOV397750CE,SILVERM,23NOV2026,39775000.000000,1,OPTFUT,NCO,50.000000,120,False
171245,SILVERM26NOV398500CE,SILVERM,23NOV2026,39850000.000000,1,OPTFUT,NCO,50.000000,120,False
171268,SILVERM26NOV401250PE,SILVERM,23NOV2026,40125000.000000,1,OPTFUT,NCO,50.000000,120,False
171270,SILVERM26NOV401500PE,SILVERM,23NOV2026,40150000.000000,1,OPTFUT,NCO,50.000000,120,False
171298,SILVERM26NOV405000PE,SILVERM,23NOV2026,40500000.000000,1,OPTFUT,NCO,50.000000,120,False
171299,SILVERM26NOV405250CE,SILVERM,23NOV2026,40525000.000000,1,OPTFUT,NCO,50.000000,120,False
171300,SILVERM26NOV405250PE,SILVERM,23NOV2026,40525000.000000,1,OPTFUT,NCO,50.000000,120,False
171307,SILVERM26NOV406250CE,SILVERM,23NOV2026,40625000.000000,1,OPTFUT,NCO,50.000000,120,False
171316,SILVERM26NOV407250PE,SILVERM,23NOV2026,40725000.000000,1,OPTFUT,NCO,50.000000,120,False
171322,SILVERM26NOV408000PE,SILVERM,23NOV2026,40800000.000000,1,OPTFUT,NCO,50.000000,120,False
171333,SILVERM26DEC389000CE,SILVERM,23DEC2026,38900000.000000,1,OPTFUT,NCO,50.000000,120,False
171339,SILVERM26DEC389750CE,SILVERM,23DEC2026,38975000.000000,1,OPTFUT,NCO,50.000000,120,False
171360,SILVERM26DEC392250PE,SILVERM,23DEC2026,39225000.000000,1,OPTFUT,NCO,50.000000,120,False
171400,SILVERM26DEC397250PE,SILVERM,23DEC2026,39725000.000000,1,OPTFUT,NCO,50.000000,120,False
171404,SILVERM26DEC397750PE,SILVERM,23DEC2026,39775000.000000,1,OPTFUT,NCO,50.000000,120,False
171446,SILVERM26DEC403000PE,SILVERM,23DEC2026,40300000.000000,1,OPTFUT,NCO,50.000000,120,False
171489,SILVERM26DEC408500CE,SILVERM,23DEC2026,40850000.000000,1,OPTFUT,NCO,50.000000,120,False
171462,SILVERM26DEC405000PE,SILVERM,23DEC2026,40500000.000000,1,OPTFUT,NCO,50.000000,120,False
171468,SILVERM26DEC405750PE,SILVERM,23DEC2026,40575000.000000,1,OPTFUT,NCO,50.000000,120,False
171491,SILVERM26DEC408750CE,SILVERM,23DEC2026,40875000.000000,1,OPTFUT,NCO,50.000000,120,False
171493,SILVERM26DEC409000CE,SILVERM,23DEC2026,40900000.000000,1,OPTFUT,NCO,50.000000,120,False
171501,SILVERM26DEC410000CE,SILVERM,23DEC2026,41000000.000000,1,OPTFUT,NCO,50.000000,120,False
171502,SILVERM26DEC410000PE,SILVERM,23DEC2026,41000000.000000,1,OPTFUT,NCO,50.000000,120,False
29,ZINCMINIFUTURES,ZINCMINI,,-1.000000,1,UNDCOM,NCO,5.000000,100,False
171511,SILVERM26DEC411250CE,SILVERM,23DEC2026,41125000.000000,1,OPTFUT,NCO,50.000000,120,False
171512,SILVERM26DEC411250PE,SILVERM,23DEC2026,41125000.000000,1,OPTFUT,NCO,50.000000,120,False
2,GOLDMINI,GOLDM,,-1.000000,1,UNDCOM,NCO,100.000000,100,False
4,BRENTCRUDEOIL,BRCRUDE,,-1.000000,1,UNDCOM,NCO,100.000000,100,False
8,COPPER,COPPER,,-1.000000,1,UNDCOM,NCO,5.000000,70,False
148752,SILVERM26DEC227750PE,SILVERM,23DEC2026,22775000.000000,1,OPTFUT,NCO,50.000000,120,False
148754,SILVERM26DEC228000PE,SILVERM,23DEC2026,22800000.000000,1,OPTFUT,NCO,50.000000,120,False
148760,SILVERM26DEC228750PE,SILVERM,23DEC2026,22875000.000000,1,OPTFUT,NCO,50.000000,120,False
148775,SILVERM26DEC230750CE,SILVERM,23DEC2026,23075000.000000,1,OPTFUT,NCO,50.000000,120,False
148841,SILVERM26DEC232750CE,SILVERM,23DEC2026,23275000.000000,1,OPTFUT,NCO,50.000000,120,False
148858,GOLD26SEP166800PE,GOLD,25SEP2026,16680000.000000,1,OPTFUT,NCO,50.000000,10,False
148859,GOLD26SEP166900CE,GOLD,25SEP2026,16690000.000000,1,OPTFUT,NCO,50.000000,10,False
148882,GOLD26SEP168000PE,GOLD,25SEP2026,16800000.000000,1,OPTFUT,NCO,50.000000,10,False
148884,GOLD26SEP168100PE,GOLD,25SEP2026,16810000.000000,1,OPTFUT,NCO,50.000000,10,False
148890,GOLD26OCT164500PE,GOLD,29OCT2026,16450000.000000,1,OPTFUT,NCO,50.000000,10,False
148905,SILVERM26DEC234500CE,SILVERM,23DEC2026,23450000.000000,1,OPTFUT,NCO,50.000000,120,False
148914,SILVERM26DEC235500PE,SILVERM,23DEC2026,23550000.000000,1,OPTFUT,NCO,50.000000,120,False
148932,SILVERM27JAN215250PE,SILVERM,21JAN2027,21525000.000000,1,OPTFUT,NCO,50.000000,120,False
148938,SILVERM27JAN216000PE,SILVERM,21JAN2027,21600000.000000,1,OPTFUT,NCO,50.000000,120,False
149254,SILVERM26SEP275000PE,SILVERM,23SEP2026,27500000.000000,1,OPTFUT,NCO,50.000000,120,False
149262,SILVERM26SEP276000PE,SILVERM,23SEP2026,27600000.000000,1,OPTFUT,NCO,50.000000,120,False
149268,SILVERM26SEP276750PE,SILVERM,23SEP2026,27675000.000000,1,OPTFUT,NCO,50.000000,120,False
149272,SILVERM26SEP277250PE,SILVERM,23SEP2026,27725000.000000,1,OPTFUT,NCO,50.000000,120,False
149282,SILVERM26SEP278500PE,SILVERM,23SEP2026,27850000.000000,1,OPTFUT,NCO,50.000000,120,False
149297,SILVERM26OCT275500CE,SILVERM,23OCT2026,27550000.000000,1,OPTFUT,NCO,50.000000,120,False
149301,SILVERM26OCT276000CE,SILVERM,23OCT2026,27600000.000000,1,OPTFUT,NCO,50.000000,120,False
149309,SILVERM26OCT277000CE,SILVERM,23OCT2026,27700000.000000,1,OPTFUT,NCO,50.000000,120,False
149313,SILVERM26OCT277500CE,SILVERM,23OCT2026,27750000.000000,1,OPTFUT,NCO,50.000000,120,False
149314,SILVERM26OCT277500PE,SILVERM,23OCT2026,27750000.000000,1,OPTFUT,NCO,50.000000,120,False
149317,SILVERM26OCT278000CE,SILVERM,23OCT2026,27800000.000000,1,OPTFUT,NCO,50.000000,120,False
149330,SILVERM26OCT279500PE,SILVERM,23OCT2026,27950000.000000,1,OPTFUT,NCO,50.000000,120,False
149333,SILVERM26OCT280000CE,SILVERM,23OCT2026,28000000.000000,1,OPTFUT,NCO,50.000000,120,False
149334,SILVERM26OCT280000PE,SILVERM,23OCT2026,28000000.000000,1,OPTFUT,NCO,50.000000,120,False
149349,SILVERM26NOV277000CE,SILVERM,23NOV2026,27700000.000000,1,OPTFUT,NCO,50.000000,120,False
149355,SILVERM26NOV277750CE,SILVERM,23NOV2026,27775000.000000,1,OPTFUT,NCO,50.000000,120,False
149359,SILVERM26NOV278250CE,SILVERM,23NOV2026,27825000.000000,1,OPTFUT,NCO,50.000000,120,False
149365,SILVERM26NOV279000CE,SILVERM,23NOV2026,27900000.000000,1,OPTFUT,NCO,50.000000,120,False
149371,SILVERM26NOV279750CE,SILVERM,23NOV2026,27975000.000000,1,OPTFUT,NCO,50.000000,120,False
149372,SILVERM26NOV279750PE,SILVERM,23NOV2026,27975000.000000,1,OPTFUT,NCO,50.000000,120,False
149380,SILVERM26NOV280750PE,SILVERM,23NOV2026,28075000.000000,1,OPTFUT,NCO,50.000000,120,False
149384,SILVERM26NOV281250PE,SILVERM,23NOV2026,28125000.000000,1,OPTFUT,NCO,50.000000,120,False
149390,SILVERM26NOV282000PE,SILVERM,23NOV2026,28200000.000000,1,OPTFUT,NCO,50.000000,120,False
149394,SILVERM26NOV282500PE,SILVERM,23NOV2026,28250000.000000,1,OPTFUT,NCO,50.000000,120,False
149425,SILVERM26DEC281500CE,SILVERM,23DEC2026,28150000.000000,1,OPTFUT,NCO,50.000000,120,False
149432,SILVERM26DEC282250PE,SILVERM,23DEC2026,28225000.000000,1,OPTFUT,NCO,50.000000,120,False
149438,SILVERM26DEC283000PE,SILVERM,23DEC2026,28300000.000000,1,OPTFUT,NCO,50.000000,120,False
149444,SILVERM26DEC283750PE,SILVERM,23DEC2026,28375000.000000,1,OPTFUT,NCO,50.000000,120,False
149445,SILVERM26DEC284000CE,SILVERM,23DEC2026,28400000.000000,1,OPTFUT,NCO,50.000000,120,False
149459,GOLD26OCT165100CE,GOLD,29OCT2026,16510000.000000,1,OPTFUT,NCO,50.000000,10,False
149464,SILVERM27JAN218000PE,SILVERM,21JAN2027,21800000.000000,1,OPTFUT,NCO,50.000000,120,False
149510,SILVERM27JAN222500PE,SILVERM,21JAN2027,22250000.000000,1,OPTFUT,NCO,50.000000,120,False
149511,SILVERM27JAN222750CE,SILVERM,21JAN2027,22275000.000000,1,OPTFUT,NCO,50.000000,120,False
149519,SILVERM27JAN223750CE,SILVERM,21JAN2027,22375000.000000,1,OPTFUT,NCO,50.000000,120,False
149522,SILVERM27JAN224000PE,SILVERM,21JAN2027,22400000.000000,1,OPTFUT,NCO,50.000000,120,False
149528,SILVERM27JAN224750PE,SILVERM,21JAN2027,22475000.000000,1,OPTFUT,NCO,50.000000,120,False
149554,SILVERM27JAN228000PE,SILVERM,21JAN2027,22800000.000000,1,OPTFUT,NCO,50.000000,120,False
149566,SILVERM27JAN229500PE,SILVERM,21JAN2027,22950000.000000,1,OPTFUT,NCO,50.000000,120,False
149570,SILVERM27JAN230000PE,SILVERM,21JAN2027,23000000.000000,1,OPTFUT,NCO,50.000000,120,False
149581,SILVERM27JAN231500CE,SILVERM,21JAN2027,23150000.000000,1,OPTFUT,NCO,50.000000,120,False
149587,SILVERM27JAN232250CE,SILVERM,21JAN2027,23225000.000000,1,OPTFUT,NCO,50.000000,120,False
149596,SILVERM27JAN233250PE,SILVERM,21JAN2027,23325000.000000,1,OPTFUT,NCO,50.000000,120,False
149597,SILVERM27JAN233500CE,SILVERM,21JAN2027,23350000.000000,1,OPTFUT,NCO,50.000000,120,False
149598,SILVERM27JAN233500PE,SILVERM,21JAN2027,23350000.000000,1,OPTFUT,NCO,50.000000,120,False
149609,SILVERM27JAN235000CE,SILVERM,21JAN2027,23500000.000000,1,OPTFUT,NCO,50.000000,120,False
149625,SILVERM27JAN237000CE,SILVERM,21JAN2027,23700000.000000,1,OPTFUT,NCO,50.000000,120,False
149627,SILVERM27JAN237250CE,SILVERM,21JAN2027,23725000.000000,1,OPTFUT,NCO,50.000000,120,False
149952,SILVERM27FEB219750PE,SILVERM,19FEB2027,21975000.000000,1,OPTFUT,NCO,50.000000,120,False
149633,SILVERM27JAN238000CE,SILVERM,21JAN2027,23800000.000000,1,OPTFUT,NCO,50.000000,120,False
149636,SILVERM27JAN238250PE,SILVERM,21JAN2027,23825000.000000,1,OPTFUT,NCO,50.000000,120,False
149933,SILVERM27FEB217500CE,SILVERM,19FEB2027,21750000.000000,1,OPTFUT,NCO,50.000000,120,False
150154,GOLD26SEP149400PE,GOLD,25SEP2026,14940000.000000,1,OPTFUT,NCO,50.000000,10,False
150157,GOLD26SEP149600CE,GOLD,25SEP2026,14960000.000000,1,OPTFUT,NCO,50.000000,10,False
150167,GOLD26OCT149400CE,GOLD,29OCT2026,14940000.000000,1,OPTFUT,NCO,50.000000,10,False
150196,GOLD26NOV150000PE,GOLD,27NOV2026,15000000.000000,1,OPTFUT,NCO,50.000000,10,False
150250,GOLD26DEC152000PE,GOLD,29DEC2026,15200000.000000,1,OPTFUT,NCO,50.000000,10,False
150207,GOLD26NOV150600CE,GOLD,27NOV2026,15060000.000000,1,OPTFUT,NCO,50.000000,10,False
150209,GOLD26NOV150700CE,GOLD,27NOV2026,15070000.000000,1,OPTFUT,NCO,50.000000,10,False
150241,GOLD26DEC151600CE,GOLD,29DEC2026,15160000.000000,1,OPTFUT,NCO,50.000000,10,False
150261,SILVERM27FEB222750CE,SILVERM,19FEB2027,22275000.000000,1,OPTFUT,NCO,50.000000,120,False
150262,SILVERM27FEB222750PE,SILVERM,19FEB2027,22275000.000000,1,OPTFUT,NCO,50.000000,120,False
150271,SILVERM27FEB224000CE,SILVERM,19FEB2027,22400000.000000,1,OPTFUT,NCO,50.000000,120,False
150272,SILVERM27FEB224000PE,SILVERM,19FEB2027,22400000.000000,1,OPTFUT,NCO,50.000000,120,False
150278,SILVERM27FEB224750PE,SILVERM,19FEB2027,22475000.000000,1,OPTFUT,NCO,50.000000,120,False
150283,SILVERM27FEB225500CE,SILVERM,19FEB2027,22550000.000000,1,OPTFUT,NCO,50.000000,120,False
150289,SILVERM27FEB226250CE,SILVERM,19FEB2027,22625000.000000,1,OPTFUT,NCO,50.000000,120,False
150292,SILVERM27FEB226500PE,SILVERM,19FEB2027,22650000.000000,1,OPTFUT,NCO,50.000000,120,False
150303,SILVERM27FEB228000CE,SILVERM,19FEB2027,22800000.000000,1,OPTFUT,NCO,50.000000,120,False
150338,SILVERM27FEB228750PE,SILVERM,19FEB2027,22875000.000000,1,OPTFUT,NCO,50.000000,120,False
150357,GOLD26OCT166200CE,GOLD,29OCT2026,16620000.000000,1,OPTFUT,NCO,50.000000,10,False
150361,GOLD26OCT166400CE,GOLD,29OCT2026,16640000.000000,1,OPTFUT,NCO,50.000000,10,False
150370,GOLD26OCT166800PE,GOLD,29OCT2026,16680000.000000,1,OPTFUT,NCO,50.000000,10,False
150375,GOLD26OCT167100CE,GOLD,29OCT2026,16710000.000000,1,OPTFUT,NCO,50.000000,10,False
150388,GOLD26OCT167700PE,GOLD,29OCT2026,16770000.000000,1,OPTFUT,NCO,50.000000,10,False
150401,GOLD26OCT168400CE,GOLD,29OCT2026,16840000.000000,1,OPTFUT,NCO,50.000000,10,False
150403,GOLD26OCT168500CE,GOLD,29OCT2026,16850000.000000,1,OPTFUT,NCO,50.000000,10,False
150418,GOLD26NOV165300PE,GOLD,27NOV2026,16530000.000000,1,OPTFUT,NCO,50.000000,10,False
150442,GOLD26NOV166500PE,GOLD,27NOV2026,16650000.000000,1,OPTFUT,NCO,50.000000,10,False
150445,GOLD26NOV166700CE,GOLD,27NOV2026,16670000.000000,1,OPTFUT,NCO,50.000000,10,False
150446,GOLD26NOV166700PE,GOLD,27NOV2026,16670000.000000,1,OPTFUT,NCO,50.000000,10,False
150461,GOLD26NOV167500CE,GOLD,27NOV2026,16750000.000000,1,OPTFUT,NCO,50.000000,10,False
150475,GOLD26NOV168200CE,GOLD,27NOV2026,16820000.000000,1,OPTFUT,NCO,50.000000,10,False
150482,GOLD26NOV168500PE,GOLD,27NOV2026,16850000.000000,1,OPTFUT,NCO,50.000000,10,False
150499,GOLD26NOV169400CE,GOLD,27NOV2026,16940000.000000,1,OPTFUT,NCO,50.000000,10,False
150506,GOLD26NOV169700PE,GOLD,27NOV2026,16970000.000000,1,OPTFUT,NCO,50.000000,10,False
150510,SILVERM27FEB229250PE,SILVERM,19FEB2027,22925000.000000,1,OPTFUT,NCO,50.000000,120,False
150516,SILVERM27FEB230000PE,SILVERM,19FEB2027,23000000.000000,1,OPTFUT,NCO,50.000000,120,False
150550,SILVERM27FEB234250PE,SILVERM,19FEB2027,23425000.000000,1,OPTFUT,NCO,50.000000,120,False
150554,SILVERM27FEB234750PE,SILVERM,19FEB2027,23475000.000000,1,OPTFUT,NCO,50.000000,120,False
150559,SILVERM27FEB235500CE,SILVERM,19FEB2027,23550000.000000,1,OPTFUT,NCO,50.000000,120,False
150563,SILVERM27FEB236000CE,SILVERM,19FEB2027,23600000.000000,1,OPTFUT,NCO,50.000000,120,False
150566,SILVERM27FEB236250PE,SILVERM,19FEB2027,23625000.000000,1,OPTFUT,NCO,50.000000,120,False
150569,SILVERM27FEB236750CE,SILVERM,19FEB2027,23675000.000000,1,OPTFUT,NCO,50.000000,120,False
150574,SILVERM27FEB237250PE,SILVERM,19FEB2027,23725000.000000,1,OPTFUT,NCO,50.000000,120,False
150593,SILVERM27FEB239750CE,SILVERM,19FEB2027,23975000.000000,1,OPTFUT,NCO,50.000000,120,False
151722,SILVERM26SEP281250PE,SILVERM,23SEP2026,28125000.000000,1,OPTFUT,NCO,50.000000,120,False
151728,SILVERM26SEP282000PE,SILVERM,23SEP2026,28200000.000000,1,OPTFUT,NCO,50.000000,120,False
151748,SILVERM26SEP284500PE,SILVERM,23SEP2026,28450000.000000,1,OPTFUT,NCO,50.000000,120,False
151756,SILVERM26SEP285500PE,SILVERM,23SEP2026,28550000.000000,1,OPTFUT,NCO,50.000000,120,False
151762,SILVERM26SEP286250PE,SILVERM,23SEP2026,28625000.000000,1,OPTFUT,NCO,50.000000,120,False
151764,SILVERM26SEP286500PE,SILVERM,23SEP2026,28650000.000000,1,OPTFUT,NCO,50.000000,120,False
151779,SILVERM26SEP288500CE,SILVERM,23SEP2026,28850000.000000,1,OPTFUT,NCO,50.000000,120,False
151785,SILVERM26SEP289250CE,SILVERM,23SEP2026,28925000.000000,1,OPTFUT,NCO,50.000000,120,False
151810,SILVERM26SEP292250PE,SILVERM,23SEP2026,29225000.000000,1,OPTFUT,NCO,50.000000,120,False
151821,SILVERM26SEP293750CE,SILVERM,23SEP2026,29375000.000000,1,OPTFUT,NCO,50.000000,120,False
151828,SILVERM26SEP294500PE,SILVERM,23SEP2026,29450000.000000,1,OPTFUT,NCO,50.000000,120,False
151832,SILVERM26SEP295000PE,SILVERM,23SEP2026,29500000.000000,1,OPTFUT,NCO,50.000000,120,False
151836,SILVERM26SEP295500PE,SILVERM,23SEP2026,29550000.000000,1,OPTFUT,NCO,50.000000,120,False
151853,SILVERM26SEP297750CE,SILVERM,23SEP2026,29775000.000000,1,OPTFUT,NCO,50.000000,120,False
151865,SILVERM26SEP299250CE,SILVERM,23SEP2026,29925000.000000,1,OPTFUT,NCO,50.000000,120,False
151867,SILVERM26SEP299500CE,SILVERM,23SEP2026,29950000.000000,1,OPTFUT,NCO,50.000000,120,False
151876,SILVERM26SEP300500PE,SILVERM,23SEP2026,30050000.000000,1,OPTFUT,NCO,50.000000,120,False
151877,SILVERM26SEP300750CE,SILVERM,23SEP2026,30075000.000000,1,OPTFUT,NCO,50.000000,120,False
151881,SILVERM26SEP301250CE,SILVERM,23SEP2026,30125000.000000,1,OPTFUT,NCO,50.000000,120,False
151886,SILVERM26SEP301750PE,SILVERM,23SEP2026,30175000.000000,1,OPTFUT,NCO,50.000000,120,False
151887,SILVERM26OCT281500CE,SILVERM,23OCT2026,28150000.000000,1,OPTFUT,NCO,50.000000,120,False
151889,SILVERM26OCT281750CE,SILVERM,23OCT2026,28175000.000000,1,OPTFUT,NCO,50.000000,120,False
151894,SILVERM26OCT282250PE,SILVERM,23OCT2026,28225000.000000,1,OPTFUT,NCO,50.000000,120,False
151903,SILVERM26OCT283500CE,SILVERM,23OCT2026,28350000.000000,1,OPTFUT,NCO,50.000000,120,False
151911,SILVERM26OCT284500CE,SILVERM,23OCT2026,28450000.000000,1,OPTFUT,NCO,50.000000,120,False
151946,SILVERM26OCT288750PE,SILVERM,23OCT2026,28875000.000000,1,OPTFUT,NCO,50.000000,120,False
151963,SILVERM26OCT291000CE,SILVERM,23OCT2026,29100000.000000,1,OPTFUT,NCO,50.000000,120,False
151965,SILVERM26OCT291250CE,SILVERM,23OCT2026,29125000.000000,1,OPTFUT,NCO,50.000000,120,False
151975,SILVERM26OCT292500CE,SILVERM,23OCT2026,29250000.000000,1,OPTFUT,NCO,50.000000,120,False
151986,SILVERM26OCT293750PE,SILVERM,23OCT2026,29375000.000000,1,OPTFUT,NCO,50.000000,120,False
151997,SILVERM26OCT295250CE,SILVERM,23OCT2026,29525000.000000,1,OPTFUT,NCO,50.000000,120,False
152023,SILVERM26OCT298500CE,SILVERM,23OCT2026,29850000.000000,1,OPTFUT,NCO,50.000000,120,False
152038,SILVERM26OCT300250PE,SILVERM,23OCT2026,30025000.000000,1,OPTFUT,NCO,50.000000,120,False
152039,SILVERM26OCT300500CE,SILVERM,23OCT2026,30050000.000000,1,OPTFUT,NCO,50.000000,120,False
152040,SILVERM26OCT300500PE,SILVERM,23OCT2026,30050000.000000,1,OPTFUT,NCO,50.000000,120,False
152043,SILVERM26OCT301000CE,SILVERM,23OCT2026,30100000.000000,1,OPTFUT,NCO,50.000000,120,False
152047,SILVERM26OCT301500CE,SILVERM,23OCT2026,30150000.000000,1,OPTFUT,NCO,50.000000,120,False
152053,SILVERM26OCT302250CE,SILVERM,23OCT2026,30225000.000000,1,OPTFUT,NCO,50.000000,120,False
152056,SILVERM26OCT302500PE,SILVERM,23OCT2026,30250000.000000,1,OPTFUT,NCO,50.000000,120,False
152061,SILVERM26OCT303250CE,SILVERM,23OCT2026,30325000.000000,1,OPTFUT,NCO,50.000000,120,False
152083,SILVERM26NOV285500CE,SILVERM,23NOV2026,28550000.000000,1,OPTFUT,NCO,50.000000,120,False
152088,SILVERM26NOV286000PE,SILVERM,23NOV2026,28600000.000000,1,OPTFUT,NCO,50.000000,120,False
152109,SILVERM26NOV288750CE,SILVERM,23NOV2026,28875000.000000,1,OPTFUT,NCO,50.000000,120,False
152113,SILVERM26NOV289250CE,SILVERM,23NOV2026,28925000.000000,1,OPTFUT,NCO,50.000000,120,False
152121,SILVERM26NOV290250CE,SILVERM,23NOV2026,29025000.000000,1,OPTFUT,NCO,50.000000,120,False
152133,SILVERM26NOV291750CE,SILVERM,23NOV2026,29175000.000000,1,OPTFUT,NCO,50.000000,120,False
152142,SILVERM26NOV292750PE,SILVERM,23NOV2026,29275000.000000,1,OPTFUT,NCO,50.000000,120,False
152148,SILVERM26NOV293500PE,SILVERM,23NOV2026,29350000.000000,1,OPTFUT,NCO,50.000000,120,False
152154,SILVERM26NOV294250PE,SILVERM,23NOV2026,29425000.000000,1,OPTFUT,NCO,50.000000,120,False
152159,SILVERM26NOV295000CE,SILVERM,23NOV2026,29500000.000000,1,OPTFUT,NCO,50.000000,120,False
152166,SILVERM26NOV295750PE,SILVERM,23NOV2026,29575000.000000,1,OPTFUT,NCO,50.000000,120,False
152183,SILVERM26NOV298000CE,SILVERM,23NOV2026,29800000.000000,1,OPTFUT,NCO,50.000000,120,False
152184,SILVERM26NOV298000PE,SILVERM,23NOV2026,29800000.000000,1,OPTFUT,NCO,50.000000,120,False
152190,SILVERM26NOV298750PE,SILVERM,23NOV2026,29875000.000000,1,OPTFUT,NCO,50.000000,120,False
152195,SILVERM26NOV299500CE,SILVERM,23NOV2026,29950000.000000,1,OPTFUT,NCO,50.000000,120,False
152198,SILVERM26NOV299750PE,SILVERM,23NOV2026,29975000.000000,1,OPTFUT,NCO,50.000000,120,False
152245,SILVERM26DEC285250CE,SILVERM,23DEC2026,28525000.000000,1,OPTFUT,NCO,50.000000,120,False
152212,SILVERM26NOV301500PE,SILVERM,23NOV2026,30150000.000000,1,OPTFUT,NCO,50.000000,120,False
152215,SILVERM26NOV302000CE,SILVERM,23NOV2026,30200000.000000,1,OPTFUT,NCO,50.000000,120,False
152241,SILVERM26DEC284750CE,SILVERM,23DEC2026,28475000.000000,1,OPTFUT,NCO,50.000000,120,False
152250,SILVERM26DEC285750PE,SILVERM,23DEC2026,28575000.000000,1,OPTFUT,NCO,50.000000,120,False
152252,SILVERM26DEC286000PE,SILVERM,23DEC2026,28600000.000000,1,OPTFUT,NCO,50.000000,120,False
152253,SILVERM26DEC286250CE,SILVERM,23DEC2026,28625000.000000,1,OPTFUT,NCO,50.000000,120,False
152258,SILVERM26DEC286750PE,SILVERM,23DEC2026,28675000.000000,1,OPTFUT,NCO,50.000000,120,False
152260,SILVERM26DEC287000PE,SILVERM,23DEC2026,28700000.000000,1,OPTFUT,NCO,50.000000,120,False
152274,SILVERM26DEC288750PE,SILVERM,23DEC2026,28875000.000000,1,OPTFUT,NCO,50.000000,120,False
152278,SILVERM26DEC289250PE,SILVERM,23DEC2026,28925000.000000,1,OPTFUT,NCO,50.000000,120,False
152295,SILVERM26DEC291500CE,SILVERM,23DEC2026,29150000.000000,1,OPTFUT,NCO,50.000000,120,False
152297,SILVERM26DEC291750CE,SILVERM,23DEC2026,29175000.000000,1,OPTFUT,NCO,50.000000,120,False
152315,SILVERM26DEC294000CE,SILVERM,23DEC2026,29400000.000000,1,OPTFUT,NCO,50.000000,120,False
152324,SILVERM26DEC295000PE,SILVERM,23DEC2026,29500000.000000,1,OPTFUT,NCO,50.000000,120,False
152326,SILVERM26DEC295250PE,SILVERM,23DEC2026,29525000.000000,1,OPTFUT,NCO,50.000000,120,False
152331,SILVERM26DEC296000CE,SILVERM,23DEC2026,29600000.000000,1,OPTFUT,NCO,50.000000,120,False
152350,SILVERM26DEC298250PE,SILVERM,23DEC2026,29825000.000000,1,OPTFUT,NCO,50.000000,120,False
152354,SILVERM26DEC298750PE,SILVERM,23DEC2026,29875000.000000,1,OPTFUT,NCO,50.000000,120,False
152359,SILVERM26DEC299500CE,SILVERM,23DEC2026,29950000.000000,1,OPTFUT,NCO,50.000000,120,False
152379,SILVERM26DEC302000CE,SILVERM,23DEC2026,30200000.000000,1,OPTFUT,NCO,50.000000,120,False
152380,SILVERM26DEC302000PE,SILVERM,23DEC2026,30200000.000000,1,OPTFUT,NCO,50.000000,120,False
152382,SILVERM26DEC302250PE,SILVERM,23DEC2026,30225000.000000,1,OPTFUT,NCO,50.000000,120,False
152383,SILVERM26DEC302500CE,SILVERM,23DEC2026,30250000.000000,1,OPTFUT,NCO,50.000000,120,False
152395,SILVERM26DEC304000CE,SILVERM,23DEC2026,30400000.000000,1,OPTFUT,NCO,50.000000,120,False
152397,SILVERM26DEC304250CE,SILVERM,23DEC2026,30425000.000000,1,OPTFUT,NCO,50.000000,120,False
152409,SILVERM26DEC305750CE,SILVERM,23DEC2026,30575000.000000,1,OPTFUT,NCO,50.000000,120,False
152955,GOLD26SEP150200CE,GOLD,25SEP2026,15020000.000000,1,OPTFUT,NCO,50.000000,10,False
152966,GOLD26SEP150700PE,GOLD,25SEP2026,15070000.000000,1,OPTFUT,NCO,50.000000,10,False
152976,GOLD26SEP151200PE,GOLD,25SEP2026,15120000.000000,1,OPTFUT,NCO,50.000000,10,False
152977,GOLD26SEP151300CE,GOLD,25SEP2026,15130000.000000,1,OPTFUT,NCO,50.000000,10,False
153001,GOLD26OCT150800CE,GOLD,29OCT2026,15080000.000000,1,OPTFUT,NCO,50.000000,10,False
153005,GOLD26OCT151000CE,GOLD,29OCT2026,15100000.000000,1,OPTFUT,NCO,50.000000,10,False
153007,GOLD26OCT151100CE,GOLD,29OCT2026,15110000.000000,1,OPTFUT,NCO,50.000000,10,False
153022,GOLD26OCT151800PE,GOLD,29OCT2026,15180000.000000,1,OPTFUT,NCO,50.000000,10,False
153031,GOLD26OCT152300CE,GOLD,29OCT2026,15230000.000000,1,OPTFUT,NCO,50.000000,10,False
153060,GOLD26NOV152000PE,GOLD,27NOV2026,15200000.000000,1,OPTFUT,NCO,50.000000,10,False
153036,GOLD26OCT152500PE,GOLD,29OCT2026,15250000.000000,1,OPTFUT,NCO,50.000000,10,False
153049,GOLD26NOV151500CE,GOLD,27NOV2026,15150000.000000,1,OPTFUT,NCO,50.000000,10,False
153053,GOLD26NOV151700CE,GOLD,27NOV2026,15170000.000000,1,OPTFUT,NCO,50.000000,10,False
153071,GOLD26NOV152600CE,GOLD,27NOV2026,15260000.000000,1,OPTFUT,NCO,50.000000,10,False
153086,GOLD26NOV153300PE,GOLD,27NOV2026,15330000.000000,1,OPTFUT,NCO,50.000000,10,False
153099,GOLD26DEC152300CE,GOLD,29DEC2026,15230000.000000,1,OPTFUT,NCO,50.000000,10,False
153108,GOLD26DEC152700PE,GOLD,29DEC2026,15270000.000000,1,OPTFUT,NCO,50.000000,10,False
153116,GOLD26DEC153100PE,GOLD,29DEC2026,15310000.000000,1,OPTFUT,NCO,50.000000,10,False
153119,GOLD26DEC153300CE,GOLD,29DEC2026,15330000.000000,1,OPTFUT,NCO,50.000000,10,False
153126,GOLD26DEC153600PE,GOLD,29DEC2026,15360000.000000,1,OPTFUT,NCO,50.000000,10,False
153131,GOLD26DEC153900CE,GOLD,29DEC2026,15390000.000000,1,OPTFUT,NCO,50.000000,10,False
153136,GOLD26DEC154100PE,GOLD,29DEC2026,15410000.000000,1,OPTFUT,NCO,50.000000,10,False
153137,GOLD26DEC154200CE,GOLD,29DEC2026,15420000.000000,1,OPTFUT,NCO,50.000000,10,False
153289,GOLD26NOV169800CE,GOLD,27NOV2026,16980000.000000,1,OPTFUT,NCO,50.000000,10,False
153290,GOLD26NOV169800PE,GOLD,27NOV2026,16980000.000000,1,OPTFUT,NCO,50.000000,10,False
153295,GOLD26DEC166200CE,GOLD,29DEC2026,16620000.000000,1,OPTFUT,NCO,50.000000,10,False
153309,GOLD26DEC166900CE,GOLD,29DEC2026,16690000.000000,1,OPTFUT,NCO,50.000000,10,False
153319,GOLD26DEC167400CE,GOLD,29DEC2026,16740000.000000,1,OPTFUT,NCO,50.000000,10,False
153326,GOLD26DEC167700PE,GOLD,29DEC2026,16770000.000000,1,OPTFUT,NCO,50.000000,10,False
153332,GOLD26DEC168000PE,GOLD,29DEC2026,16800000.000000,1,OPTFUT,NCO,50.000000,10,False
153337,GOLD26DEC168300CE,GOLD,29DEC2026,16830000.000000,1,OPTFUT,NCO,50.000000,10,False
153340,GOLD26DEC168400PE,GOLD,29DEC2026,16840000.000000,1,OPTFUT,NCO,50.000000,10,False
153345,GOLD26DEC168700CE,GOLD,29DEC2026,16870000.000000,1,OPTFUT,NCO,50.000000,10,False
153924,SILVERM26SEP303250PE,SILVERM,23SEP2026,30325000.000000,1,OPTFUT,NCO,50.000000,120,False
153925,SILVERM26SEP303500CE,SILVERM,23SEP2026,30350000.000000,1,OPTFUT,NCO,50.000000,120,False
153930,SILVERM26SEP304000PE,SILVERM,23SEP2026,30400000.000000,1,OPTFUT,NCO,50.000000,120,False
153938,SILVERM26SEP305000PE,SILVERM,23SEP2026,30500000.000000,1,OPTFUT,NCO,50.000000,120,False
153961,SILVERM26SEP308000CE,SILVERM,23SEP2026,30800000.000000,1,OPTFUT,NCO,50.000000,120,False
153965,SILVERM26SEP308500CE,SILVERM,23SEP2026,30850000.000000,1,OPTFUT,NCO,50.000000,120,False
153992,SILVERM26SEP311750PE,SILVERM,23SEP2026,31175000.000000,1,OPTFUT,NCO,50.000000,120,False
154000,SILVERM26OCT304000PE,SILVERM,23OCT2026,30400000.000000,1,OPTFUT,NCO,50.000000,120,False
154028,SILVERM26OCT307500PE,SILVERM,23OCT2026,30750000.000000,1,OPTFUT,NCO,50.000000,120,False
154029,SILVERM26OCT307750CE,SILVERM,23OCT2026,30775000.000000,1,OPTFUT,NCO,50.000000,120,False
154041,SILVERM26OCT309250CE,SILVERM,23OCT2026,30925000.000000,1,OPTFUT,NCO,50.000000,120,False
154048,SILVERM26OCT310000PE,SILVERM,23OCT2026,31000000.000000,1,OPTFUT,NCO,50.000000,120,False
154050,SILVERM26OCT310250PE,SILVERM,23OCT2026,31025000.000000,1,OPTFUT,NCO,50.000000,120,False
154077,SILVERM26NOV305000CE,SILVERM,23NOV2026,30500000.000000,1,OPTFUT,NCO,50.000000,120,False
154087,SILVERM26NOV306250CE,SILVERM,23NOV2026,30625000.000000,1,OPTFUT,NCO,50.000000,120,False
154088,SILVERM26NOV306250PE,SILVERM,23NOV2026,30625000.000000,1,OPTFUT,NCO,50.000000,120,False
154089,SILVERM26NOV306500CE,SILVERM,23NOV2026,30650000.000000,1,OPTFUT,NCO,50.000000,120,False
154106,SILVERM26NOV308500PE,SILVERM,23NOV2026,30850000.000000,1,OPTFUT,NCO,50.000000,120,False
154117,SILVERM26NOV310000CE,SILVERM,23NOV2026,31000000.000000,1,OPTFUT,NCO,50.000000,120,False
154119,SILVERM26NOV310250CE,SILVERM,23NOV2026,31025000.000000,1,OPTFUT,NCO,50.000000,120,False
154130,SILVERM26NOV311500PE,SILVERM,23NOV2026,31150000.000000,1,OPTFUT,NCO,50.000000,120,False
154134,SILVERM26NOV312000PE,SILVERM,23NOV2026,31200000.000000,1,OPTFUT,NCO,50.000000,120,False
154135,SILVERM26NOV312250CE,SILVERM,23NOV2026,31225000.000000,1,OPTFUT,NCO,50.000000,120,False
154151,SILVERM26NOV314250CE,SILVERM,23NOV2026,31425000.000000,1,OPTFUT,NCO,50.000000,120,False
154165,SILVERM26DEC307500CE,SILVERM,23DEC2026,30750000.000000,1,OPTFUT,NCO,50.000000,120,False
154185,SILVERM26DEC310000CE,SILVERM,23DEC2026,31000000.000000,1,OPTFUT,NCO,50.000000,120,False
154186,SILVERM26DEC310000PE,SILVERM,23DEC2026,31000000.000000,1,OPTFUT,NCO,50.000000,120,False
154189,SILVERM26DEC310500CE,SILVERM,23DEC2026,31050000.000000,1,OPTFUT,NCO,50.000000,120,False
154193,SILVERM26DEC311000CE,SILVERM,23DEC2026,31100000.000000,1,OPTFUT,NCO,50.000000,120,False
154199,SILVERM26DEC311750CE,SILVERM,23DEC2026,31175000.000000,1,OPTFUT,NCO,50.000000,120,False
154206,SILVERM26DEC312500PE,SILVERM,23DEC2026,31250000.000000,1,OPTFUT,NCO,50.000000,120,False
154212,SILVERM26DEC313250PE,SILVERM,23DEC2026,31325000.000000,1,OPTFUT,NCO,50.000000,120,False
154213,SILVERM26DEC313500CE,SILVERM,23DEC2026,31350000.000000,1,OPTFUT,NCO,50.000000,120,False
154228,SILVERM26DEC315250PE,SILVERM,23DEC2026,31525000.000000,1,OPTFUT,NCO,50.000000,120,False
154236,SILVERM26DEC316250PE,SILVERM,23DEC2026,31625000.000000,1,OPTFUT,NCO,50.000000,120,False
154239,SILVERM26DEC316750CE,SILVERM,23DEC2026,31675000.000000,1,OPTFUT,NCO,50.000000,120,False
155072,GOLD26SEP152500PE,GOLD,25SEP2026,15250000.000000,1,OPTFUT,NCO,50.000000,10,False
155099,GOLD26SEP153900CE,GOLD,25SEP2026,15390000.000000,1,OPTFUT,NCO,50.000000,10,False
155107,GOLD26SEP154300CE,GOLD,25SEP2026,15430000.000000,1,OPTFUT,NCO,50.000000,10,False
155123,GOLD26SEP155100CE,GOLD,25SEP2026,15510000.000000,1,OPTFUT,NCO,50.000000,10,False
155128,GOLD26SEP155300PE,GOLD,25SEP2026,15530000.000000,1,OPTFUT,NCO,50.000000,10,False
155142,GOLD26SEP156000PE,GOLD,25SEP2026,15600000.000000,1,OPTFUT,NCO,50.000000,10,False
155143,GOLD26OCT153200CE,GOLD,29OCT2026,15320000.000000,1,OPTFUT,NCO,50.000000,10,False
155159,GOLD26OCT154000CE,GOLD,29OCT2026,15400000.000000,1,OPTFUT,NCO,50.000000,10,False
155169,GOLD26OCT154500CE,GOLD,29OCT2026,15450000.000000,1,OPTFUT,NCO,50.000000,10,False
155177,GOLD26OCT154900CE,GOLD,29OCT2026,15490000.000000,1,OPTFUT,NCO,50.000000,10,False
155181,GOLD26OCT155100CE,GOLD,29OCT2026,15510000.000000,1,OPTFUT,NCO,50.000000,10,False
155186,GOLD26OCT155300PE,GOLD,29OCT2026,15530000.000000,1,OPTFUT,NCO,50.000000,10,False
155193,GOLD26OCT155700CE,GOLD,29OCT2026,15570000.000000,1,OPTFUT,NCO,50.000000,10,False
155210,GOLD26OCT156500PE,GOLD,29OCT2026,15650000.000000,1,OPTFUT,NCO,50.000000,10,False
155215,GOLD26OCT156800CE,GOLD,29OCT2026,15680000.000000,1,OPTFUT,NCO,50.000000,10,False
155232,GOLD26NOV154700PE,GOLD,27NOV2026,15470000.000000,1,OPTFUT,NCO,50.000000,10,False
155240,GOLD26NOV155100PE,GOLD,27NOV2026,15510000.000000,1,OPTFUT,NCO,50.000000,10,False
155242,GOLD26NOV155200PE,GOLD,27NOV2026,15520000.000000,1,OPTFUT,NCO,50.000000,10,False
155252,GOLD26NOV155700PE,GOLD,27NOV2026,15570000.000000,1,OPTFUT,NCO,50.000000,10,False
155258,GOLD26NOV156000PE,GOLD,27NOV2026,15600000.000000,1,OPTFUT,NCO,50.000000,10,False
155269,GOLD26NOV156600CE,GOLD,27NOV2026,15660000.000000,1,OPTFUT,NCO,50.000000,10,False
155275,GOLD26NOV156900CE,GOLD,27NOV2026,15690000.000000,1,OPTFUT,NCO,50.000000,10,False
155282,GOLD26NOV157200PE,GOLD,27NOV2026,15720000.000000,1,OPTFUT,NCO,50.000000,10,False
155290,GOLD26DEC154800PE,GOLD,29DEC2026,15480000.000000,1,OPTFUT,NCO,50.000000,10,False
155293,GOLD26DEC155000CE,GOLD,29DEC2026,15500000.000000,1,OPTFUT,NCO,50.000000,10,False
155319,GOLD26DEC156300CE,GOLD,29DEC2026,15630000.000000,1,OPTFUT,NCO,50.000000,10,False
155324,GOLD26DEC156500PE,GOLD,29DEC2026,15650000.000000,1,OPTFUT,NCO,50.000000,10,False
155351,GOLD26DEC157900CE,GOLD,29DEC2026,15790000.000000,1,OPTFUT,NCO,50.000000,10,False
155360,GOLD26DEC158300PE,GOLD,29DEC2026,15830000.000000,1,OPTFUT,NCO,50.000000,10,False
155580,GOLD26DEC170100PE,GOLD,29DEC2026,17010000.000000,1,OPTFUT,NCO,50.000000,10,False
155584,GOLD26DEC170300PE,GOLD,29DEC2026,17030000.000000,1,OPTFUT,NCO,50.000000,10,False
155586,GOLD26DEC170400PE,GOLD,29DEC2026,17040000.000000,1,OPTFUT,NCO,50.000000,10,False
155588,GOLD26DEC170500PE,GOLD,29DEC2026,17050000.000000,1,OPTFUT,NCO,50.000000,10,False
156630,SILVERM26SEP313500PE,SILVERM,23SEP2026,31350000.000000,1,OPTFUT,NCO,50.000000,120,False
156647,SILVERM26SEP315750CE,SILVERM,23SEP2026,31575000.000000,1,OPTFUT,NCO,50.000000,120,False
156659,SILVERM26SEP317250CE,SILVERM,23SEP2026,31725000.000000,1,OPTFUT,NCO,50.000000,120,False
156663,SILVERM26SEP317750CE,SILVERM,23SEP2026,31775000.000000,1,OPTFUT,NCO,50.000000,120,False
156675,SILVERM26SEP319250CE,SILVERM,23SEP2026,31925000.000000,1,OPTFUT,NCO,50.000000,120,False
156692,SILVERM26SEP321250PE,SILVERM,23SEP2026,32125000.000000,1,OPTFUT,NCO,50.000000,120,False
156696,SILVERM26SEP321750PE,SILVERM,23SEP2026,32175000.000000,1,OPTFUT,NCO,50.000000,120,False
156699,SILVERM26SEP322250CE,SILVERM,23SEP2026,32225000.000000,1,OPTFUT,NCO,50.000000,120,False
156702,SILVERM26SEP322500PE,SILVERM,23SEP2026,32250000.000000,1,OPTFUT,NCO,50.000000,120,False
156723,SILVERM26SEP325250CE,SILVERM,23SEP2026,32525000.000000,1,OPTFUT,NCO,50.000000,120,False
156732,SILVERM26SEP326250PE,SILVERM,23SEP2026,32625000.000000,1,OPTFUT,NCO,50.000000,120,False
156736,SILVERM26SEP326750PE,SILVERM,23SEP2026,32675000.000000,1,OPTFUT,NCO,50.000000,120,False
156742,SILVERM26SEP327500PE,SILVERM,23SEP2026,32750000.000000,1,OPTFUT,NCO,50.000000,120,False
156743,SILVERM26SEP327750CE,SILVERM,23SEP2026,32775000.000000,1,OPTFUT,NCO,50.000000,120,False
156770,SILVERM26OCT315750PE,SILVERM,23OCT2026,31575000.000000,1,OPTFUT,NCO,50.000000,120,False
156778,SILVERM26OCT316750PE,SILVERM,23OCT2026,31675000.000000,1,OPTFUT,NCO,50.000000,120,False
156793,SILVERM26OCT318750CE,SILVERM,23OCT2026,31875000.000000,1,OPTFUT,NCO,50.000000,120,False
156797,SILVERM26OCT319250CE,SILVERM,23OCT2026,31925000.000000,1,OPTFUT,NCO,50.000000,120,False
156803,SILVERM26OCT320000CE,SILVERM,23OCT2026,32000000.000000,1,OPTFUT,NCO,50.000000,120,False
156810,SILVERM26OCT320750PE,SILVERM,23OCT2026,32075000.000000,1,OPTFUT,NCO,50.000000,120,False
156818,SILVERM26OCT321750PE,SILVERM,23OCT2026,32175000.000000,1,OPTFUT,NCO,50.000000,120,False
156819,SILVERM26OCT322000CE,SILVERM,23OCT2026,32200000.000000,1,OPTFUT,NCO,50.000000,120,False
156830,SILVERM26OCT323250PE,SILVERM,23OCT2026,32325000.000000,1,OPTFUT,NCO,50.000000,120,False
156837,SILVERM26OCT324250CE,SILVERM,23OCT2026,32425000.000000,1,OPTFUT,NCO,50.000000,120,False
156846,SILVERM26OCT325250PE,SILVERM,23OCT2026,32525000.000000,1,OPTFUT,NCO,50.000000,120,False
156870,SILVERM26OCT328250PE,SILVERM,23OCT2026,32825000.000000,1,OPTFUT,NCO,50.000000,120,False
156871,SILVERM26OCT328500CE,SILVERM,23OCT2026,32850000.000000,1,OPTFUT,NCO,50.000000,120,False
156887,SILVERM26NOV315250CE,SILVERM,23NOV2026,31525000.000000,1,OPTFUT,NCO,50.000000,120,False
156928,SILVERM26NOV320250PE,SILVERM,23NOV2026,32025000.000000,1,OPTFUT,NCO,50.000000,120,False
156930,SILVERM26NOV320500PE,SILVERM,23NOV2026,32050000.000000,1,OPTFUT,NCO,50.000000,120,False
156933,SILVERM26NOV321000CE,SILVERM,23NOV2026,32100000.000000,1,OPTFUT,NCO,50.000000,120,False
156936,SILVERM26NOV321250PE,SILVERM,23NOV2026,32125000.000000,1,OPTFUT,NCO,50.000000,120,False
156940,SILVERM26NOV321750PE,SILVERM,23NOV2026,32175000.000000,1,OPTFUT,NCO,50.000000,120,False
156944,SILVERM26NOV322250PE,SILVERM,23NOV2026,32225000.000000,1,OPTFUT,NCO,50.000000,120,False
156967,SILVERM26NOV325250CE,SILVERM,23NOV2026,32525000.000000,1,OPTFUT,NCO,50.000000,120,False
156994,SILVERM26NOV328500PE,SILVERM,23NOV2026,32850000.000000,1,OPTFUT,NCO,50.000000,120,False
157020,SILVERM26NOV331750PE,SILVERM,23NOV2026,33175000.000000,1,OPTFUT,NCO,50.000000,120,False
157021,SILVERM26NOV332000CE,SILVERM,23NOV2026,33200000.000000,1,OPTFUT,NCO,50.000000,120,False
157024,SILVERM26DEC317000PE,SILVERM,23DEC2026,31700000.000000,1,OPTFUT,NCO,50.000000,120,False
157025,SILVERM26DEC317250CE,SILVERM,23DEC2026,31725000.000000,1,OPTFUT,NCO,50.000000,120,False
157026,SILVERM26DEC317250PE,SILVERM,23DEC2026,31725000.000000,1,OPTFUT,NCO,50.000000,120,False
157032,SILVERM26DEC318000PE,SILVERM,23DEC2026,31800000.000000,1,OPTFUT,NCO,50.000000,120,False
157037,SILVERM26DEC318750CE,SILVERM,23DEC2026,31875000.000000,1,OPTFUT,NCO,50.000000,120,False
157060,SILVERM26DEC321500PE,SILVERM,23DEC2026,32150000.000000,1,OPTFUT,NCO,50.000000,120,False
157067,SILVERM26DEC322500CE,SILVERM,23DEC2026,32250000.000000,1,OPTFUT,NCO,50.000000,120,False
157077,SILVERM26DEC323750CE,SILVERM,23DEC2026,32375000.000000,1,OPTFUT,NCO,50.000000,120,False
157107,SILVERM26DEC327500CE,SILVERM,23DEC2026,32750000.000000,1,OPTFUT,NCO,50.000000,120,False
157111,SILVERM26DEC328000CE,SILVERM,23DEC2026,32800000.000000,1,OPTFUT,NCO,50.000000,120,False
157116,SILVERM26DEC328500PE,SILVERM,23DEC2026,32850000.000000,1,OPTFUT,NCO,50.000000,120,False
157117,SILVERM26DEC328750CE,SILVERM,23DEC2026,32875000.000000,1,OPTFUT,NCO,50.000000,120,False
157118,SILVERM26DEC328750PE,SILVERM,23DEC2026,32875000.000000,1,OPTFUT,NCO,50.000000,120,False
157122,SILVERM26DEC329250PE,SILVERM,23DEC2026,32925000.000000,1,OPTFUT,NCO,50.000000,120,False
157131,SILVERM26DEC330500CE,SILVERM,23DEC2026,33050000.000000,1,OPTFUT,NCO,50.000000,120,False
157133,SILVERM26DEC330750CE,SILVERM,23DEC2026,33075000.000000,1,OPTFUT,NCO,50.000000,120,False
157134,SILVERM26DEC330750PE,SILVERM,23DEC2026,33075000.000000,1,OPTFUT,NCO,50.000000,120,False
157137,SILVERM26DEC331250CE,SILVERM,23DEC2026,33125000.000000,1,OPTFUT,NCO,50.000000,120,False
157144,SILVERM26DEC332000PE,SILVERM,23DEC2026,33200000.000000,1,OPTFUT,NCO,50.000000,120,False
158306,GOLD26SEP156200PE,GOLD,25SEP2026,15620000.000000,1,OPTFUT,NCO,50.000000,10,False
158312,GOLD26SEP156500PE,GOLD,25SEP2026,15650000.000000,1,OPTFUT,NCO,50.000000,10,False
158315,GOLD26SEP156700CE,GOLD,25SEP2026,15670000.000000,1,OPTFUT,NCO,50.000000,10,False
158318,GOLD26SEP156800PE,GOLD,25SEP2026,15680000.000000,1,OPTFUT,NCO,50.000000,10,False
158321,GOLD26SEP157000CE,GOLD,25SEP2026,15700000.000000,1,OPTFUT,NCO,50.000000,10,False
158327,GOLD26SEP157300CE,GOLD,25SEP2026,15730000.000000,1,OPTFUT,NCO,50.000000,10,False
158337,GOLD26SEP157800CE,GOLD,25SEP2026,15780000.000000,1,OPTFUT,NCO,50.000000,10,False
158357,GOLD26SEP158800CE,GOLD,25SEP2026,15880000.000000,1,OPTFUT,NCO,50.000000,10,False
158368,GOLD26SEP159300PE,GOLD,25SEP2026,15930000.000000,1,OPTFUT,NCO,50.000000,10,False
158370,GOLD26SEP159400PE,GOLD,25SEP2026,15940000.000000,1,OPTFUT,NCO,50.000000,10,False
158372,GOLD26SEP159500PE,GOLD,25SEP2026,15950000.000000,1,OPTFUT,NCO,50.000000,10,False
158379,GOLD26SEP159900CE,GOLD,25SEP2026,15990000.000000,1,OPTFUT,NCO,50.000000,10,False
158389,GOLD26SEP160400CE,GOLD,25SEP2026,16040000.000000,1,OPTFUT,NCO,50.000000,10,False
158413,GOLD26SEP161600CE,GOLD,25SEP2026,16160000.000000,1,OPTFUT,NCO,50.000000,10,False
158419,GOLD26SEP161900CE,GOLD,25SEP2026,16190000.000000,1,OPTFUT,NCO,50.000000,10,False
158431,GOLD26SEP162500CE,GOLD,25SEP2026,16250000.000000,1,OPTFUT,NCO,50.000000,10,False
158440,GOLD26SEP162900PE,GOLD,25SEP2026,16290000.000000,1,OPTFUT,NCO,50.000000,10,False
158448,GOLD26OCT157200PE,GOLD,29OCT2026,15720000.000000,1,OPTFUT,NCO,50.000000,10,False
158450,GOLD26OCT157300PE,GOLD,29OCT2026,15730000.000000,1,OPTFUT,NCO,50.000000,10,False
158489,GOLD26OCT159300CE,GOLD,29OCT2026,15930000.000000,1,OPTFUT,NCO,50.000000,10,False
158507,GOLD26OCT160200CE,GOLD,29OCT2026,16020000.000000,1,OPTFUT,NCO,50.000000,10,False
158508,GOLD26OCT160200PE,GOLD,29OCT2026,16020000.000000,1,OPTFUT,NCO,50.000000,10,False
158511,GOLD26OCT160400CE,GOLD,29OCT2026,16040000.000000,1,OPTFUT,NCO,50.000000,10,False
158521,GOLD26OCT160900CE,GOLD,29OCT2026,16090000.000000,1,OPTFUT,NCO,50.000000,10,False
158526,GOLD26OCT161100PE,GOLD,29OCT2026,16110000.000000,1,OPTFUT,NCO,50.000000,10,False
158528,GOLD26OCT161200PE,GOLD,29OCT2026,16120000.000000,1,OPTFUT,NCO,50.000000,10,False
158533,GOLD26OCT161500CE,GOLD,29OCT2026,16150000.000000,1,OPTFUT,NCO,50.000000,10,False
158541,GOLD26OCT161900CE,GOLD,29OCT2026,16190000.000000,1,OPTFUT,NCO,50.000000,10,False
158547,GOLD26OCT162200CE,GOLD,29OCT2026,16220000.000000,1,OPTFUT,NCO,50.000000,10,False
158554,GOLD26OCT162500PE,GOLD,29OCT2026,16250000.000000,1,OPTFUT,NCO,50.000000,10,False
158564,GOLD26OCT163000PE,GOLD,29OCT2026,16300000.000000,1,OPTFUT,NCO,50.000000,10,False
158569,GOLD26OCT163300CE,GOLD,29OCT2026,16330000.000000,1,OPTFUT,NCO,50.000000,10,False
158580,GOLD26NOV157600PE,GOLD,27NOV2026,15760000.000000,1,OPTFUT,NCO,50.000000,10,False
158581,GOLD26NOV157700CE,GOLD,27NOV2026,15770000.000000,1,OPTFUT,NCO,50.000000,10,False
158584,GOLD26NOV157800PE,GOLD,27NOV2026,15780000.000000,1,OPTFUT,NCO,50.000000,10,False
158590,GOLD26NOV158100PE,GOLD,27NOV2026,15810000.000000,1,OPTFUT,NCO,50.000000,10,False
158593,GOLD26NOV158300CE,GOLD,27NOV2026,15830000.000000,1,OPTFUT,NCO,50.000000,10,False
158598,GOLD26NOV158500PE,GOLD,27NOV2026,15850000.000000,1,OPTFUT,NCO,50.000000,10,False
158606,GOLD26NOV158900PE,GOLD,27NOV2026,15890000.000000,1,OPTFUT,NCO,50.000000,10,False
158617,GOLD26NOV159500CE,GOLD,27NOV2026,15950000.000000,1,OPTFUT,NCO,50.000000,10,False
158622,GOLD26NOV159700PE,GOLD,27NOV2026,15970000.000000,1,OPTFUT,NCO,50.000000,10,False
158640,GOLD26NOV160600PE,GOLD,27NOV2026,16060000.000000,1,OPTFUT,NCO,50.000000,10,False
158669,GOLD26NOV162100CE,GOLD,27NOV2026,16210000.000000,1,OPTFUT,NCO,50.000000,10,False
158676,GOLD26NOV162400PE,GOLD,27NOV2026,16240000.000000,1,OPTFUT,NCO,50.000000,10,False
158687,GOLD26NOV163000CE,GOLD,27NOV2026,16300000.000000,1,OPTFUT,NCO,50.000000,10,False
158708,GOLD26NOV164000PE,GOLD,27NOV2026,16400000.000000,1,OPTFUT,NCO,50.000000,10,False
158717,GOLD26NOV164500CE,GOLD,27NOV2026,16450000.000000,1,OPTFUT,NCO,50.000000,10,False
158720,GOLD26DEC158400PE,GOLD,29DEC2026,15840000.000000,1,OPTFUT,NCO,50.000000,10,False
158727,GOLD26DEC158800CE,GOLD,29DEC2026,15880000.000000,1,OPTFUT,NCO,50.000000,10,False
158743,GOLD26DEC159600CE,GOLD,29DEC2026,15960000.000000,1,OPTFUT,NCO,50.000000,10,False
158744,GOLD26DEC159600PE,GOLD,29DEC2026,15960000.000000,1,OPTFUT,NCO,50.000000,10,False
158752,GOLD26DEC160000PE,GOLD,29DEC2026,16000000.000000,1,OPTFUT,NCO,50.000000,10,False
158755,GOLD26DEC160200CE,GOLD,29DEC2026,16020000.000000,1,OPTFUT,NCO,50.000000,10,False
158764,GOLD26DEC160600PE,GOLD,29DEC2026,16060000.000000,1,OPTFUT,NCO,50.000000,10,False
158776,GOLD26DEC161200PE,GOLD,29DEC2026,16120000.000000,1,OPTFUT,NCO,50.000000,10,False
158785,GOLD26DEC161700CE,GOLD,29DEC2026,16170000.000000,1,OPTFUT,NCO,50.000000,10,False
158809,GOLD26DEC162900CE,GOLD,29DEC2026,16290000.000000,1,OPTFUT,NCO,50.000000,10,False
158843,GOLD26DEC164600CE,GOLD,29DEC2026,16460000.000000,1,OPTFUT,NCO,50.000000,10,False
158844,GOLD26DEC164600PE,GOLD,29DEC2026,16460000.000000,1,OPTFUT,NCO,50.000000,10,False
158851,GOLD26DEC165000CE,GOLD,29DEC2026,16500000.000000,1,OPTFUT,NCO,50.000000,10,False
158852,GOLD26DEC165000PE,GOLD,29DEC2026,16500000.000000,1,OPTFUT,NCO,50.000000,10,False
159580,SILVERM26SEP329500PE,SILVERM,23SEP2026,32950000.000000,1,OPTFUT,NCO,50.000000,120,False
159581,SILVERM26SEP329750CE,SILVERM,23SEP2026,32975000.000000,1,OPTFUT,NCO,50.000000,120,False
159583,SILVERM26SEP330000CE,SILVERM,23SEP2026,33000000.000000,1,OPTFUT,NCO,50.000000,120,False
159586,SILVERM26SEP330250PE,SILVERM,23SEP2026,33025000.000000,1,OPTFUT,NCO,50.000000,120,False
159591,SILVERM26SEP331000CE,SILVERM,23SEP2026,33100000.000000,1,OPTFUT,NCO,50.000000,120,False
159593,SILVERM26SEP331250CE,SILVERM,23SEP2026,33125000.000000,1,OPTFUT,NCO,50.000000,120,False
159596,SILVERM26SEP331500PE,SILVERM,23SEP2026,33150000.000000,1,OPTFUT,NCO,50.000000,120,False
159600,SILVERM26SEP332000PE,SILVERM,23SEP2026,33200000.000000,1,OPTFUT,NCO,50.000000,120,False
159603,SILVERM26SEP332500CE,SILVERM,23SEP2026,33250000.000000,1,OPTFUT,NCO,50.000000,120,False
159608,SILVERM26SEP333000PE,SILVERM,23SEP2026,33300000.000000,1,OPTFUT,NCO,50.000000,120,False
159610,SILVERM26SEP333250PE,SILVERM,23SEP2026,33325000.000000,1,OPTFUT,NCO,50.000000,120,False
159615,SILVERM26OCT330750CE,SILVERM,23OCT2026,33075000.000000,1,OPTFUT,NCO,50.000000,120,False
159617,SILVERM26OCT331000CE,SILVERM,23OCT2026,33100000.000000,1,OPTFUT,NCO,50.000000,120,False
159624,SILVERM26OCT331750PE,SILVERM,23OCT2026,33175000.000000,1,OPTFUT,NCO,50.000000,120,False
159630,SILVERM26OCT332500PE,SILVERM,23OCT2026,33250000.000000,1,OPTFUT,NCO,50.000000,120,False
159636,SILVERM26OCT333250PE,SILVERM,23OCT2026,33325000.000000,1,OPTFUT,NCO,50.000000,120,False
159641,SILVERM26OCT334000CE,SILVERM,23OCT2026,33400000.000000,1,OPTFUT,NCO,50.000000,120,False
159644,SILVERM26OCT334250PE,SILVERM,23OCT2026,33425000.000000,1,OPTFUT,NCO,50.000000,120,False
159648,SILVERM26OCT334750PE,SILVERM,23OCT2026,33475000.000000,1,OPTFUT,NCO,50.000000,120,False
159660,SILVERM26NOV333000PE,SILVERM,23NOV2026,33300000.000000,1,OPTFUT,NCO,50.000000,120,False
159666,SILVERM26NOV333750PE,SILVERM,23NOV2026,33375000.000000,1,OPTFUT,NCO,50.000000,120,False
159702,SILVERM26DEC335000PE,SILVERM,23DEC2026,33500000.000000,1,OPTFUT,NCO,50.000000,120,False
159704,SILVERM26DEC335250PE,SILVERM,23DEC2026,33525000.000000,1,OPTFUT,NCO,50.000000,120,False
159719,SILVERM26DEC337250CE,SILVERM,23DEC2026,33725000.000000,1,OPTFUT,NCO,50.000000,120,False
161687,SILVERM26SEP335500CE,SILVERM,23SEP2026,33550000.000000,1,OPTFUT,NCO,50.000000,120,False
161692,SILVERM26SEP336000PE,SILVERM,23SEP2026,33600000.000000,1,OPTFUT,NCO,50.000000,120,False
161693,SILVERM26SEP336250CE,SILVERM,23SEP2026,33625000.000000,1,OPTFUT,NCO,50.000000,120,False
161721,SILVERM26SEP339750CE,SILVERM,23SEP2026,33975000.000000,1,OPTFUT,NCO,50.000000,120,False
161727,SILVERM26SEP340500CE,SILVERM,23SEP2026,34050000.000000,1,OPTFUT,NCO,50.000000,120,False
161751,SILVERM26SEP343500CE,SILVERM,23SEP2026,34350000.000000,1,OPTFUT,NCO,50.000000,120,False
161758,SILVERM26SEP344250PE,SILVERM,23SEP2026,34425000.000000,1,OPTFUT,NCO,50.000000,120,False
161761,SILVERM26SEP344750CE,SILVERM,23SEP2026,34475000.000000,1,OPTFUT,NCO,50.000000,120,False
161766,SILVERM26SEP345250PE,SILVERM,23SEP2026,34525000.000000,1,OPTFUT,NCO,50.000000,120,False
161793,SILVERM26SEP348750CE,SILVERM,23SEP2026,34875000.000000,1,OPTFUT,NCO,50.000000,120,False
161796,SILVERM26SEP349000PE,SILVERM,23SEP2026,34900000.000000,1,OPTFUT,NCO,50.000000,120,False
161801,SILVERM26SEP349750CE,SILVERM,23SEP2026,34975000.000000,1,OPTFUT,NCO,50.000000,120,False
161803,SILVERM26SEP350000CE,SILVERM,23SEP2026,35000000.000000,1,OPTFUT,NCO,50.000000,120,False
161806,SILVERM26SEP350250PE,SILVERM,23SEP2026,35025000.000000,1,OPTFUT,NCO,50.000000,120,False
161807,SILVERM26SEP350500CE,SILVERM,23SEP2026,35050000.000000,1,OPTFUT,NCO,50.000000,120,False
161820,SILVERM26SEP352000PE,SILVERM,23SEP2026,35200000.000000,1,OPTFUT,NCO,50.000000,120,False
161823,SILVERM26SEP352500CE,SILVERM,23SEP2026,35250000.000000,1,OPTFUT,NCO,50.000000,120,False
161832,SILVERM26SEP353500PE,SILVERM,23SEP2026,35350000.000000,1,OPTFUT,NCO,50.000000,120,False
161836,SILVERM26SEP354000PE,SILVERM,23SEP2026,35400000.000000,1,OPTFUT,NCO,50.000000,120,False
161848,SILVERM26SEP355500PE,SILVERM,23SEP2026,35550000.000000,1,OPTFUT,NCO,50.000000,120,False
161859,SILVERM26SEP357000CE,SILVERM,23SEP2026,35700000.000000,1,OPTFUT,NCO,50.000000,120,False
161874,SILVERM26SEP358750PE,SILVERM,23SEP2026,35875000.000000,1,OPTFUT,NCO,50.000000,120,False
161876,SILVERM26SEP359000PE,SILVERM,23SEP2026,35900000.000000,1,OPTFUT,NCO,50.000000,120,False
161917,SILVERM26SEP364250CE,SILVERM,23SEP2026,36425000.000000,1,OPTFUT,NCO,50.000000,120,False
161918,SILVERM26SEP364250PE,SILVERM,23SEP2026,36425000.000000,1,OPTFUT,NCO,50.000000,120,False
161933,SILVERM26OCT337250CE,SILVERM,23OCT2026,33725000.000000,1,OPTFUT,NCO,50.000000,120,False
161936,SILVERM26OCT337500PE,SILVERM,23OCT2026,33750000.000000,1,OPTFUT,NCO,50.000000,120,False
161937,SILVERM26OCT337750CE,SILVERM,23OCT2026,33775000.000000,1,OPTFUT,NCO,50.000000,120,False
161942,SILVERM26OCT338250PE,SILVERM,23OCT2026,33825000.000000,1,OPTFUT,NCO,50.000000,120,False
161947,SILVERM26OCT339000CE,SILVERM,23OCT2026,33900000.000000,1,OPTFUT,NCO,50.000000,120,False
161954,SILVERM26OCT339750PE,SILVERM,23OCT2026,33975000.000000,1,OPTFUT,NCO,50.000000,120,False
161963,SILVERM26OCT341000CE,SILVERM,23OCT2026,34100000.000000,1,OPTFUT,NCO,50.000000,120,False
161975,SILVERM26OCT342500CE,SILVERM,23OCT2026,34250000.000000,1,OPTFUT,NCO,50.000000,120,False
161981,SILVERM26OCT343250CE,SILVERM,23OCT2026,34325000.000000,1,OPTFUT,NCO,50.000000,120,False
161988,SILVERM26OCT344000PE,SILVERM,23OCT2026,34400000.000000,1,OPTFUT,NCO,50.000000,120,False
161990,SILVERM26OCT344250PE,SILVERM,23OCT2026,34425000.000000,1,OPTFUT,NCO,50.000000,120,False
162016,SILVERM26OCT347500PE,SILVERM,23OCT2026,34750000.000000,1,OPTFUT,NCO,50.000000,120,False
162018,SILVERM26OCT347750PE,SILVERM,23OCT2026,34775000.000000,1,OPTFUT,NCO,50.000000,120,False
162024,SILVERM26OCT348500PE,SILVERM,23OCT2026,34850000.000000,1,OPTFUT,NCO,50.000000,120,False
162028,SILVERM26OCT349000PE,SILVERM,23OCT2026,34900000.000000,1,OPTFUT,NCO,50.000000,120,False
162035,SILVERM26OCT350000CE,SILVERM,23OCT2026,35000000.000000,1,OPTFUT,NCO,50.000000,120,False
162041,SILVERM26OCT350750CE,SILVERM,23OCT2026,35075000.000000,1,OPTFUT,NCO,50.000000,120,False
162047,SILVERM26OCT351500CE,SILVERM,23OCT2026,35150000.000000,1,OPTFUT,NCO,50.000000,120,False
162069,SILVERM26OCT354250CE,SILVERM,23OCT2026,35425000.000000,1,OPTFUT,NCO,50.000000,120,False
162078,SILVERM26OCT355250PE,SILVERM,23OCT2026,35525000.000000,1,OPTFUT,NCO,50.000000,120,False
162083,SILVERM26OCT356000CE,SILVERM,23OCT2026,35600000.000000,1,OPTFUT,NCO,50.000000,120,False
162096,SILVERM26OCT357500PE,SILVERM,23OCT2026,35750000.000000,1,OPTFUT,NCO,50.000000,120,False
162101,SILVERM26OCT358250CE,SILVERM,23OCT2026,35825000.000000,1,OPTFUT,NCO,50.000000,120,False
162106,SILVERM26OCT358750PE,SILVERM,23OCT2026,35875000.000000,1,OPTFUT,NCO,50.000000,120,False
162117,SILVERM26OCT360250CE,SILVERM,23OCT2026,36025000.000000,1,OPTFUT,NCO,50.000000,120,False
162125,SILVERM26OCT361250CE,SILVERM,23OCT2026,36125000.000000,1,OPTFUT,NCO,50.000000,120,False
162132,SILVERM26OCT362000PE,SILVERM,23OCT2026,36200000.000000,1,OPTFUT,NCO,50.000000,120,False
162137,SILVERM26OCT362750CE,SILVERM,23OCT2026,36275000.000000,1,OPTFUT,NCO,50.000000,120,False
162163,SILVERM26OCT366000CE,SILVERM,23OCT2026,36600000.000000,1,OPTFUT,NCO,50.000000,120,False
162178,SILVERM26OCT367750PE,SILVERM,23OCT2026,36775000.000000,1,OPTFUT,NCO,50.000000,120,False
162183,SILVERM26NOV339500CE,SILVERM,23NOV2026,33950000.000000,1,OPTFUT,NCO,50.000000,120,False
162184,SILVERM26NOV339500PE,SILVERM,23NOV2026,33950000.000000,1,OPTFUT,NCO,50.000000,120,False
162197,SILVERM26NOV341250CE,SILVERM,23NOV2026,34125000.000000,1,OPTFUT,NCO,50.000000,120,False
162206,SILVERM26NOV342250PE,SILVERM,23NOV2026,34225000.000000,1,OPTFUT,NCO,50.000000,120,False
162216,SILVERM26NOV343500PE,SILVERM,23NOV2026,34350000.000000,1,OPTFUT,NCO,50.000000,120,False
162221,SILVERM26NOV344250CE,SILVERM,23NOV2026,34425000.000000,1,OPTFUT,NCO,50.000000,120,False
162228,SILVERM26NOV345000PE,SILVERM,23NOV2026,34500000.000000,1,OPTFUT,NCO,50.000000,120,False
162249,SILVERM26NOV347750CE,SILVERM,23NOV2026,34775000.000000,1,OPTFUT,NCO,50.000000,120,False
162264,SILVERM26NOV349500PE,SILVERM,23NOV2026,34950000.000000,1,OPTFUT,NCO,50.000000,120,False
162265,SILVERM26NOV349750CE,SILVERM,23NOV2026,34975000.000000,1,OPTFUT,NCO,50.000000,120,False
162286,SILVERM26NOV352250PE,SILVERM,23NOV2026,35225000.000000,1,OPTFUT,NCO,50.000000,120,False
162288,SILVERM26NOV352500PE,SILVERM,23NOV2026,35250000.000000,1,OPTFUT,NCO,50.000000,120,False
162289,SILVERM26NOV352750CE,SILVERM,23NOV2026,35275000.000000,1,OPTFUT,NCO,50.000000,120,False
162295,SILVERM26NOV353500CE,SILVERM,23NOV2026,35350000.000000,1,OPTFUT,NCO,50.000000,120,False
162307,SILVERM26NOV355000CE,SILVERM,23NOV2026,35500000.000000,1,OPTFUT,NCO,50.000000,120,False
162326,SILVERM26NOV357250PE,SILVERM,23NOV2026,35725000.000000,1,OPTFUT,NCO,50.000000,120,False
162351,SILVERM26NOV360500CE,SILVERM,23NOV2026,36050000.000000,1,OPTFUT,NCO,50.000000,120,False
162377,SILVERM26NOV363750CE,SILVERM,23NOV2026,36375000.000000,1,OPTFUT,NCO,50.000000,120,False
162381,SILVERM26NOV364250CE,SILVERM,23NOV2026,36425000.000000,1,OPTFUT,NCO,50.000000,120,False
162390,SILVERM26NOV365250PE,SILVERM,23NOV2026,36525000.000000,1,OPTFUT,NCO,50.000000,120,False
162392,SILVERM26NOV365500PE,SILVERM,23NOV2026,36550000.000000,1,OPTFUT,NCO,50.000000,120,False
162413,SILVERM26NOV368250CE,SILVERM,23NOV2026,36825000.000000,1,OPTFUT,NCO,50.000000,120,False
162427,SILVERM26DEC340750CE,SILVERM,23DEC2026,34075000.000000,1,OPTFUT,NCO,50.000000,120,False
162437,SILVERM26DEC342000CE,SILVERM,23DEC2026,34200000.000000,1,OPTFUT,NCO,50.000000,120,False
162446,SILVERM26DEC343000PE,SILVERM,23DEC2026,34300000.000000,1,OPTFUT,NCO,50.000000,120,False
162455,SILVERM26DEC344250CE,SILVERM,23DEC2026,34425000.000000,1,OPTFUT,NCO,50.000000,120,False
162466,SILVERM26DEC345500PE,SILVERM,23DEC2026,34550000.000000,1,OPTFUT,NCO,50.000000,120,False
162470,SILVERM26DEC346000PE,SILVERM,23DEC2026,34600000.000000,1,OPTFUT,NCO,50.000000,120,False
162481,SILVERM26DEC347500CE,SILVERM,23DEC2026,34750000.000000,1,OPTFUT,NCO,50.000000,120,False
162490,SILVERM26DEC348500PE,SILVERM,23DEC2026,34850000.000000,1,OPTFUT,NCO,50.000000,120,False
162498,SILVERM26DEC349500PE,SILVERM,23DEC2026,34950000.000000,1,OPTFUT,NCO,50.000000,120,False
162507,SILVERM26DEC350750CE,SILVERM,23DEC2026,35075000.000000,1,OPTFUT,NCO,50.000000,120,False
162510,SILVERM26DEC351000PE,SILVERM,23DEC2026,35100000.000000,1,OPTFUT,NCO,50.000000,120,False
162530,SILVERM26DEC353500PE,SILVERM,23DEC2026,35350000.000000,1,OPTFUT,NCO,50.000000,120,False
162534,SILVERM26DEC354000PE,SILVERM,23DEC2026,35400000.000000,1,OPTFUT,NCO,50.000000,120,False
162550,SILVERM26DEC356000PE,SILVERM,23DEC2026,35600000.000000,1,OPTFUT,NCO,50.000000,120,False
162565,SILVERM26DEC358000CE,SILVERM,23DEC2026,35800000.000000,1,OPTFUT,NCO,50.000000,120,False
162568,SILVERM26DEC358250PE,SILVERM,23DEC2026,35825000.000000,1,OPTFUT,NCO,50.000000,120,False
162587,SILVERM26DEC360750CE,SILVERM,23DEC2026,36075000.000000,1,OPTFUT,NCO,50.000000,120,False
162601,SILVERM26DEC362500CE,SILVERM,23DEC2026,36250000.000000,1,OPTFUT,NCO,50.000000,120,False
162611,SILVERM26DEC363750CE,SILVERM,23DEC2026,36375000.000000,1,OPTFUT,NCO,50.000000,120,False
162639,SILVERM26DEC367250CE,SILVERM,23DEC2026,36725000.000000,1,OPTFUT,NCO,50.000000,120,False
162648,SILVERM26DEC368250PE,SILVERM,23DEC2026,36825000.000000,1,OPTFUT,NCO,50.000000,120,False
162653,SILVERM26DEC369000CE,SILVERM,23DEC2026,36900000.000000,1,OPTFUT,NCO,50.000000,120,False
162672,SILVERM26DEC371250PE,SILVERM,23DEC2026,37125000.000000,1,OPTFUT,NCO,50.000000,120,False
163923,GOLD26SEP168300CE,GOLD,25SEP2026,16830000.000000,1,OPTFUT,NCO,50.000000,10,False
163927,GOLD26SEP168500CE,GOLD,25SEP2026,16850000.000000,1,OPTFUT,NCO,50.000000,10,False
163943,GOLD26SEP169300CE,GOLD,25SEP2026,16930000.000000,1,OPTFUT,NCO,50.000000,10,False
163945,GOLD26SEP169400CE,GOLD,25SEP2026,16940000.000000,1,OPTFUT,NCO,50.000000,10,False
163947,GOLD26SEP169500CE,GOLD,25SEP2026,16950000.000000,1,OPTFUT,NCO,50.000000,10,False
163948,GOLD26SEP169500PE,GOLD,25SEP2026,16950000.000000,1,OPTFUT,NCO,50.000000,10,False
163950,GOLD26SEP169600PE,GOLD,25SEP2026,16960000.000000,1,OPTFUT,NCO,50.000000,10,False
163953,GOLD26SEP169800CE,GOLD,25SEP2026,16980000.000000,1,OPTFUT,NCO,50.000000,10,False
163969,GOLD26SEP170600CE,GOLD,25SEP2026,17060000.000000,1,OPTFUT,NCO,50.000000,10,False
163971,GOLD26SEP170700CE,GOLD,25SEP2026,17070000.000000,1,OPTFUT,NCO,50.000000,10,False
163976,GOLD26SEP170900PE,GOLD,25SEP2026,17090000.000000,1,OPTFUT,NCO,50.000000,10,False
163981,GOLD26SEP171200CE,GOLD,25SEP2026,17120000.000000,1,OPTFUT,NCO,50.000000,10,False
163987,GOLD26SEP171500CE,GOLD,25SEP2026,17150000.000000,1,OPTFUT,NCO,50.000000,10,False
163993,GOLD26SEP171800CE,GOLD,25SEP2026,17180000.000000,1,OPTFUT,NCO,50.000000,10,False
164009,GOLD26SEP172600CE,GOLD,25SEP2026,17260000.000000,1,OPTFUT,NCO,50.000000,10,False
164011,GOLD26SEP172700CE,GOLD,25SEP2026,17270000.000000,1,OPTFUT,NCO,50.000000,10,False
164020,GOLD26SEP173100PE,GOLD,25SEP2026,17310000.000000,1,OPTFUT,NCO,50.000000,10,False
164022,GOLD26SEP173200PE,GOLD,25SEP2026,17320000.000000,1,OPTFUT,NCO,50.000000,10,False
164023,GOLD26SEP173300CE,GOLD,25SEP2026,17330000.000000,1,OPTFUT,NCO,50.000000,10,False
164033,GOLD26SEP173800CE,GOLD,25SEP2026,17380000.000000,1,OPTFUT,NCO,50.000000,10,False
164039,GOLD26SEP174100CE,GOLD,25SEP2026,17410000.000000,1,OPTFUT,NCO,50.000000,10,False
164047,GOLD26OCT169100CE,GOLD,29OCT2026,16910000.000000,1,OPTFUT,NCO,50.000000,10,False
164055,GOLD26OCT169500CE,GOLD,29OCT2026,16950000.000000,1,OPTFUT,NCO,50.000000,10,False
164067,GOLD26OCT170100CE,GOLD,29OCT2026,17010000.000000,1,OPTFUT,NCO,50.000000,10,False
164072,GOLD26OCT170300PE,GOLD,29OCT2026,17030000.000000,1,OPTFUT,NCO,50.000000,10,False
164074,GOLD26OCT170400PE,GOLD,29OCT2026,17040000.000000,1,OPTFUT,NCO,50.000000,10,False
164077,GOLD26OCT170600CE,GOLD,29OCT2026,17060000.000000,1,OPTFUT,NCO,50.000000,10,False
164079,GOLD26OCT170700CE,GOLD,29OCT2026,17070000.000000,1,OPTFUT,NCO,50.000000,10,False
164081,GOLD26OCT170800CE,GOLD,29OCT2026,17080000.000000,1,OPTFUT,NCO,50.000000,10,False
164084,GOLD26OCT170900PE,GOLD,29OCT2026,17090000.000000,1,OPTFUT,NCO,50.000000,10,False
164089,GOLD26OCT171200CE,GOLD,29OCT2026,17120000.000000,1,OPTFUT,NCO,50.000000,10,False
164091,GOLD26OCT171300CE,GOLD,29OCT2026,17130000.000000,1,OPTFUT,NCO,50.000000,10,False
164095,GOLD26OCT171500CE,GOLD,29OCT2026,17150000.000000,1,OPTFUT,NCO,50.000000,10,False
164122,GOLD26OCT172800PE,GOLD,29OCT2026,17280000.000000,1,OPTFUT,NCO,50.000000,10,False
164127,GOLD26OCT173100CE,GOLD,29OCT2026,17310000.000000,1,OPTFUT,NCO,50.000000,10,False
164134,GOLD26OCT173400PE,GOLD,29OCT2026,17340000.000000,1,OPTFUT,NCO,50.000000,10,False
164138,GOLD26OCT173600PE,GOLD,29OCT2026,17360000.000000,1,OPTFUT,NCO,50.000000,10,False
164149,GOLD26OCT174200CE,GOLD,29OCT2026,17420000.000000,1,OPTFUT,NCO,50.000000,10,False
164152,GOLD26OCT174300PE,GOLD,29OCT2026,17430000.000000,1,OPTFUT,NCO,50.000000,10,False
164157,GOLD26OCT174600CE,GOLD,29OCT2026,17460000.000000,1,OPTFUT,NCO,50.000000,10,False
164172,GOLD26OCT175300PE,GOLD,29OCT2026,17530000.000000,1,OPTFUT,NCO,50.000000,10,False
164178,GOLD26NOV170200PE,GOLD,27NOV2026,17020000.000000,1,OPTFUT,NCO,50.000000,10,False
164184,GOLD26NOV170500PE,GOLD,27NOV2026,17050000.000000,1,OPTFUT,NCO,50.000000,10,False
164200,GOLD26NOV171300PE,GOLD,27NOV2026,17130000.000000,1,OPTFUT,NCO,50.000000,10,False
164212,GOLD26NOV171900PE,GOLD,27NOV2026,17190000.000000,1,OPTFUT,NCO,50.000000,10,False
164228,GOLD26NOV172700PE,GOLD,27NOV2026,17270000.000000,1,OPTFUT,NCO,50.000000,10,False
164229,GOLD26NOV172800CE,GOLD,27NOV2026,17280000.000000,1,OPTFUT,NCO,50.000000,10,False
164233,GOLD26NOV173000CE,GOLD,27NOV2026,17300000.000000,1,OPTFUT,NCO,50.000000,10,False
164244,GOLD26NOV173500PE,GOLD,27NOV2026,17350000.000000,1,OPTFUT,NCO,50.000000,10,False
164247,GOLD26NOV173700CE,GOLD,27NOV2026,17370000.000000,1,OPTFUT,NCO,50.000000,10,False
164250,GOLD26NOV173800PE,GOLD,27NOV2026,17380000.000000,1,OPTFUT,NCO,50.000000,10,False
164270,GOLD26NOV174800PE,GOLD,27NOV2026,17480000.000000,1,OPTFUT,NCO,50.000000,10,False
164276,GOLD26NOV175100PE,GOLD,27NOV2026,17510000.000000,1,OPTFUT,NCO,50.000000,10,False
164289,GOLD26NOV175800CE,GOLD,27NOV2026,17580000.000000,1,OPTFUT,NCO,50.000000,10,False
164292,GOLD26NOV175900PE,GOLD,27NOV2026,17590000.000000,1,OPTFUT,NCO,50.000000,10,False
164296,GOLD26NOV176100PE,GOLD,27NOV2026,17610000.000000,1,OPTFUT,NCO,50.000000,10,False
164317,GOLD26DEC171800CE,GOLD,29DEC2026,17180000.000000,1,OPTFUT,NCO,50.000000,10,False
164321,GOLD26DEC172000CE,GOLD,29DEC2026,17200000.000000,1,OPTFUT,NCO,50.000000,10,False
164330,GOLD26DEC172400PE,GOLD,29DEC2026,17240000.000000,1,OPTFUT,NCO,50.000000,10,False
164337,GOLD26DEC172800CE,GOLD,29DEC2026,17280000.000000,1,OPTFUT,NCO,50.000000,10,False
164341,GOLD26DEC173000CE,GOLD,29DEC2026,17300000.000000,1,OPTFUT,NCO,50.000000,10,False
164343,GOLD26DEC173100CE,GOLD,29DEC2026,17310000.000000,1,OPTFUT,NCO,50.000000,10,False
164349,GOLD26DEC173400CE,GOLD,29DEC2026,17340000.000000,1,OPTFUT,NCO,50.000000,10,False
164355,GOLD26DEC173700CE,GOLD,29DEC2026,17370000.000000,1,OPTFUT,NCO,50.000000,10,False
164357,GOLD26DEC173800CE,GOLD,29DEC2026,17380000.000000,1,OPTFUT,NCO,50.000000,10,False
164362,GOLD26DEC174000PE,GOLD,29DEC2026,17400000.000000,1,OPTFUT,NCO,50.000000,10,False
164378,GOLD26DEC174800PE,GOLD,29DEC2026,17480000.000000,1,OPTFUT,NCO,50.000000,10,False
164382,GOLD26DEC175000PE,GOLD,29DEC2026,17500000.000000,1,OPTFUT,NCO,50.000000,10,False
164384,GOLD26DEC175100PE,GOLD,29DEC2026,17510000.000000,1,OPTFUT,NCO,50.000000,10,False
164404,GOLD26DEC176100PE,GOLD,29DEC2026,17610000.000000,1,OPTFUT,NCO,50.000000,10,False
164417,GOLD26DEC176800CE,GOLD,29DEC2026,17680000.000000,1,OPTFUT,NCO,50.000000,10,False
165740,SILVERM26SEP368000PE,SILVERM,23SEP2026,36800000.000000,1,OPTFUT,NCO,50.000000,120,False
165749,SILVERM26SEP369250CE,SILVERM,23SEP2026,36925000.000000,1,OPTFUT,NCO,50.000000,120,False
165752,SILVERM26SEP369500PE,SILVERM,23SEP2026,36950000.000000,1,OPTFUT,NCO,50.000000,120,False
165756,SILVERM26SEP370000PE,SILVERM,23SEP2026,37000000.000000,1,OPTFUT,NCO,50.000000,120,False
165759,SILVERM26SEP370500CE,SILVERM,23SEP2026,37050000.000000,1,OPTFUT,NCO,50.000000,120,False
165763,SILVERM26SEP371000CE,SILVERM,23SEP2026,37100000.000000,1,OPTFUT,NCO,50.000000,120,False
165766,SILVERM26SEP371250PE,SILVERM,23SEP2026,37125000.000000,1,OPTFUT,NCO,50.000000,120,False
165795,SILVERM26SEP375000CE,SILVERM,23SEP2026,37500000.000000,1,OPTFUT,NCO,50.000000,120,False
165805,SILVERM26SEP376250CE,SILVERM,23SEP2026,37625000.000000,1,OPTFUT,NCO,50.000000,120,False
165819,SILVERM26SEP378000CE,SILVERM,23SEP2026,37800000.000000,1,OPTFUT,NCO,50.000000,120,False
165827,SILVERM26SEP379000CE,SILVERM,23SEP2026,37900000.000000,1,OPTFUT,NCO,50.000000,120,False
165829,SILVERM26SEP379250CE,SILVERM,23SEP2026,37925000.000000,1,OPTFUT,NCO,50.000000,120,False
165858,SILVERM26OCT368000PE,SILVERM,23OCT2026,36800000.000000,1,OPTFUT,NCO,50.000000,120,False
165860,SILVERM26OCT368250PE,SILVERM,23OCT2026,36825000.000000,1,OPTFUT,NCO,50.000000,120,False
165867,SILVERM26OCT369250CE,SILVERM,23OCT2026,36925000.000000,1,OPTFUT,NCO,50.000000,120,False
165877,SILVERM26OCT370500CE,SILVERM,23OCT2026,37050000.000000,1,OPTFUT,NCO,50.000000,120,False
165879,SILVERM26OCT370750CE,SILVERM,23OCT2026,37075000.000000,1,OPTFUT,NCO,50.000000,120,False
165914,SILVERM26OCT375000PE,SILVERM,23OCT2026,37500000.000000,1,OPTFUT,NCO,50.000000,120,False
165940,SILVERM26OCT378250PE,SILVERM,23OCT2026,37825000.000000,1,OPTFUT,NCO,50.000000,120,False
165949,SILVERM26OCT379500CE,SILVERM,23OCT2026,37950000.000000,1,OPTFUT,NCO,50.000000,120,False
165960,SILVERM26OCT380750PE,SILVERM,23OCT2026,38075000.000000,1,OPTFUT,NCO,50.000000,120,False
165963,SILVERM26OCT381250CE,SILVERM,23OCT2026,38125000.000000,1,OPTFUT,NCO,50.000000,120,False
165965,SILVERM26OCT381500CE,SILVERM,23OCT2026,38150000.000000,1,OPTFUT,NCO,50.000000,120,False
165978,SILVERM26OCT383000PE,SILVERM,23OCT2026,38300000.000000,1,OPTFUT,NCO,50.000000,120,False
165981,SILVERM26OCT383500CE,SILVERM,23OCT2026,38350000.000000,1,OPTFUT,NCO,50.000000,120,False
165984,SILVERM26OCT383750PE,SILVERM,23OCT2026,38375000.000000,1,OPTFUT,NCO,50.000000,120,False
166004,SILVERM26NOV371500PE,SILVERM,23NOV2026,37150000.000000,1,OPTFUT,NCO,50.000000,120,False
165985,SILVERM26OCT384000CE,SILVERM,23OCT2026,38400000.000000,1,OPTFUT,NCO,50.000000,120,False
165988,SILVERM26OCT384250PE,SILVERM,23OCT2026,38425000.000000,1,OPTFUT,NCO,50.000000,120,False
165992,SILVERM26NOV370000PE,SILVERM,23NOV2026,37000000.000000,1,OPTFUT,NCO,50.000000,120,False
166010,SILVERM26NOV372250PE,SILVERM,23NOV2026,37225000.000000,1,OPTFUT,NCO,50.000000,120,False
166011,SILVERM26NOV372500CE,SILVERM,23NOV2026,37250000.000000,1,OPTFUT,NCO,50.000000,120,False
166026,SILVERM26NOV374250PE,SILVERM,23NOV2026,37425000.000000,1,OPTFUT,NCO,50.000000,120,False
166033,SILVERM26NOV375250CE,SILVERM,23NOV2026,37525000.000000,1,OPTFUT,NCO,50.000000,120,False
166035,SILVERM26NOV375500CE,SILVERM,23NOV2026,37550000.000000,1,OPTFUT,NCO,50.000000,120,False
166067,SILVERM26NOV379500CE,SILVERM,23NOV2026,37950000.000000,1,OPTFUT,NCO,50.000000,120,False
166077,SILVERM26NOV380750CE,SILVERM,23NOV2026,38075000.000000,1,OPTFUT,NCO,50.000000,120,False
166088,SILVERM26NOV382000PE,SILVERM,23NOV2026,38200000.000000,1,OPTFUT,NCO,50.000000,120,False
166095,SILVERM26NOV383000CE,SILVERM,23NOV2026,38300000.000000,1,OPTFUT,NCO,50.000000,120,False
166107,SILVERM26NOV384500CE,SILVERM,23NOV2026,38450000.000000,1,OPTFUT,NCO,50.000000,120,False
166110,SILVERM26NOV384750PE,SILVERM,23NOV2026,38475000.000000,1,OPTFUT,NCO,50.000000,120,False
166117,SILVERM26NOV385750CE,SILVERM,23NOV2026,38575000.000000,1,OPTFUT,NCO,50.000000,120,False
166119,SILVERM26NOV386000CE,SILVERM,23NOV2026,38600000.000000,1,OPTFUT,NCO,50.000000,120,False
166154,SILVERM26DEC375500PE,SILVERM,23DEC2026,37550000.000000,1,OPTFUT,NCO,50.000000,120,False
166156,SILVERM26DEC375750PE,SILVERM,23DEC2026,37575000.000000,1,OPTFUT,NCO,50.000000,120,False
166169,SILVERM26DEC377500CE,SILVERM,23DEC2026,37750000.000000,1,OPTFUT,NCO,50.000000,120,False
166177,SILVERM26DEC378500CE,SILVERM,23DEC2026,37850000.000000,1,OPTFUT,NCO,50.000000,120,False
166203,SILVERM26DEC381750CE,SILVERM,23DEC2026,38175000.000000,1,OPTFUT,NCO,50.000000,120,False
166212,SILVERM26DEC382750PE,SILVERM,23DEC2026,38275000.000000,1,OPTFUT,NCO,50.000000,120,False
166214,SILVERM26DEC383000PE,SILVERM,23DEC2026,38300000.000000,1,OPTFUT,NCO,50.000000,120,False
166224,SILVERM26DEC384250PE,SILVERM,23DEC2026,38425000.000000,1,OPTFUT,NCO,50.000000,120,False
166225,SILVERM26DEC384500CE,SILVERM,23DEC2026,38450000.000000,1,OPTFUT,NCO,50.000000,120,False
166240,SILVERM26DEC386250PE,SILVERM,23DEC2026,38625000.000000,1,OPTFUT,NCO,50.000000,120,False
166253,SILVERM26DEC388000CE,SILVERM,23DEC2026,38800000.000000,1,OPTFUT,NCO,50.000000,120,False
168185,GOLD26SEP174800CE,GOLD,25SEP2026,17480000.000000,1,OPTFUT,NCO,50.000000,10,False
168187,GOLD26SEP174900CE,GOLD,25SEP2026,17490000.000000,1,OPTFUT,NCO,50.000000,10,False
168199,GOLD26SEP175500CE,GOLD,25SEP2026,17550000.000000,1,OPTFUT,NCO,50.000000,10,False
168229,GOLD26SEP177000CE,GOLD,25SEP2026,17700000.000000,1,OPTFUT,NCO,50.000000,10,False
168239,GOLD26SEP177500CE,GOLD,25SEP2026,17750000.000000,1,OPTFUT,NCO,50.000000,10,False
168242,GOLD26SEP177600PE,GOLD,25SEP2026,17760000.000000,1,OPTFUT,NCO,50.000000,10,False
168248,GOLD26SEP177900PE,GOLD,25SEP2026,17790000.000000,1,OPTFUT,NCO,50.000000,10,False
168249,GOLD26SEP178000CE,GOLD,25SEP2026,17800000.000000,1,OPTFUT,NCO,50.000000,10,False
168253,GOLD26SEP178200CE,GOLD,25SEP2026,17820000.000000,1,OPTFUT,NCO,50.000000,10,False
168268,GOLD26SEP178900PE,GOLD,25SEP2026,17890000.000000,1,OPTFUT,NCO,50.000000,10,False
168270,GOLD26SEP179000PE,GOLD,25SEP2026,17900000.000000,1,OPTFUT,NCO,50.000000,10,False
168311,GOLD26SEP181100CE,GOLD,25SEP2026,18110000.000000,1,OPTFUT,NCO,50.000000,10,False
168339,GOLD26SEP182500CE,GOLD,25SEP2026,18250000.000000,1,OPTFUT,NCO,50.000000,10,False
168340,GOLD26SEP182500PE,GOLD,25SEP2026,18250000.000000,1,OPTFUT,NCO,50.000000,10,False
168356,GOLD26SEP183300PE,GOLD,25SEP2026,18330000.000000,1,OPTFUT,NCO,50.000000,10,False
168357,GOLD26SEP183400CE,GOLD,25SEP2026,18340000.000000,1,OPTFUT,NCO,50.000000,10,False
168374,GOLD26SEP184200PE,GOLD,25SEP2026,18420000.000000,1,OPTFUT,NCO,50.000000,10,False
168375,GOLD26SEP184300CE,GOLD,25SEP2026,18430000.000000,1,OPTFUT,NCO,50.000000,10,False
168381,GOLD26SEP184600CE,GOLD,25SEP2026,18460000.000000,1,OPTFUT,NCO,50.000000,10,False
168393,GOLD26SEP185200CE,GOLD,25SEP2026,18520000.000000,1,OPTFUT,NCO,50.000000,10,False
168403,GOLD26OCT175700CE,GOLD,29OCT2026,17570000.000000,1,OPTFUT,NCO,50.000000,10,False
168405,GOLD26OCT175800CE,GOLD,29OCT2026,17580000.000000,1,OPTFUT,NCO,50.000000,10,False
168438,GOLD26OCT177400PE,GOLD,29OCT2026,17740000.000000,1,OPTFUT,NCO,50.000000,10,False
168440,GOLD26OCT177500PE,GOLD,29OCT2026,17750000.000000,1,OPTFUT,NCO,50.000000,10,False
168449,GOLD26OCT178000CE,GOLD,29OCT2026,17800000.000000,1,OPTFUT,NCO,50.000000,10,False
168452,GOLD26OCT178100PE,GOLD,29OCT2026,17810000.000000,1,OPTFUT,NCO,50.000000,10,False
168462,GOLD26OCT178600PE,GOLD,29OCT2026,17860000.000000,1,OPTFUT,NCO,50.000000,10,False
168464,GOLD26OCT178700PE,GOLD,29OCT2026,17870000.000000,1,OPTFUT,NCO,50.000000,10,False
168465,GOLD26OCT178800CE,GOLD,29OCT2026,17880000.000000,1,OPTFUT,NCO,50.000000,10,False
168471,GOLD26OCT179100CE,GOLD,29OCT2026,17910000.000000,1,OPTFUT,NCO,50.000000,10,False
168476,GOLD26OCT179300PE,GOLD,29OCT2026,17930000.000000,1,OPTFUT,NCO,50.000000,10,False
168481,GOLD26OCT179600CE,GOLD,29OCT2026,17960000.000000,1,OPTFUT,NCO,50.000000,10,False
168488,GOLD26OCT179900PE,GOLD,29OCT2026,17990000.000000,1,OPTFUT,NCO,50.000000,10,False
168507,GOLD26OCT180900CE,GOLD,29OCT2026,18090000.000000,1,OPTFUT,NCO,50.000000,10,False
168508,GOLD26OCT180900PE,GOLD,29OCT2026,18090000.000000,1,OPTFUT,NCO,50.000000,10,False
168512,GOLD26OCT181100PE,GOLD,29OCT2026,18110000.000000,1,OPTFUT,NCO,50.000000,10,False
168519,GOLD26OCT181500CE,GOLD,29OCT2026,18150000.000000,1,OPTFUT,NCO,50.000000,10,False
168538,GOLD26OCT182400PE,GOLD,29OCT2026,18240000.000000,1,OPTFUT,NCO,50.000000,10,False
168545,GOLD26OCT182800CE,GOLD,29OCT2026,18280000.000000,1,OPTFUT,NCO,50.000000,10,False
168565,GOLD26OCT183800CE,GOLD,29OCT2026,18380000.000000,1,OPTFUT,NCO,50.000000,10,False
168568,GOLD26OCT183900PE,GOLD,29OCT2026,18390000.000000,1,OPTFUT,NCO,50.000000,10,False
168605,GOLD26OCT185800CE,GOLD,29OCT2026,18580000.000000,1,OPTFUT,NCO,50.000000,10,False
168614,GOLD26OCT186200PE,GOLD,29OCT2026,18620000.000000,1,OPTFUT,NCO,50.000000,10,False
168619,GOLD26NOV176400CE,GOLD,27NOV2026,17640000.000000,1,OPTFUT,NCO,50.000000,10,False
168620,GOLD26NOV176400PE,GOLD,27NOV2026,17640000.000000,1,OPTFUT,NCO,50.000000,10,False
168645,GOLD26NOV177700CE,GOLD,27NOV2026,17770000.000000,1,OPTFUT,NCO,50.000000,10,False
168664,GOLD26NOV178600PE,GOLD,27NOV2026,17860000.000000,1,OPTFUT,NCO,50.000000,10,False
168679,GOLD26NOV179400CE,GOLD,27NOV2026,17940000.000000,1,OPTFUT,NCO,50.000000,10,False
168691,GOLD26NOV180000CE,GOLD,27NOV2026,18000000.000000,1,OPTFUT,NCO,50.000000,10,False
168695,GOLD26NOV180200CE,GOLD,27NOV2026,18020000.000000,1,OPTFUT,NCO,50.000000,10,False
168725,GOLD26NOV181700CE,GOLD,27NOV2026,18170000.000000,1,OPTFUT,NCO,50.000000,10,False
168728,GOLD26NOV181800PE,GOLD,27NOV2026,18180000.000000,1,OPTFUT,NCO,50.000000,10,False
168737,GOLD26NOV182300CE,GOLD,27NOV2026,18230000.000000,1,OPTFUT,NCO,50.000000,10,False
168752,GOLD26NOV183000PE,GOLD,27NOV2026,18300000.000000,1,OPTFUT,NCO,50.000000,10,False
168753,GOLD26NOV183100CE,GOLD,27NOV2026,18310000.000000,1,OPTFUT,NCO,50.000000,10,False
168754,GOLD26NOV183100PE,GOLD,27NOV2026,18310000.000000,1,OPTFUT,NCO,50.000000,10,False
168769,GOLD26NOV183900CE,GOLD,27NOV2026,18390000.000000,1,OPTFUT,NCO,50.000000,10,False
168772,GOLD26NOV184000PE,GOLD,27NOV2026,18400000.000000,1,OPTFUT,NCO,50.000000,10,False
168782,GOLD26NOV184500PE,GOLD,27NOV2026,18450000.000000,1,OPTFUT,NCO,50.000000,10,False
168800,GOLD26NOV185400PE,GOLD,27NOV2026,18540000.000000,1,OPTFUT,NCO,50.000000,10,False
168802,GOLD26NOV185500PE,GOLD,27NOV2026,18550000.000000,1,OPTFUT,NCO,50.000000,10,False
168812,GOLD26NOV186000PE,GOLD,27NOV2026,18600000.000000,1,OPTFUT,NCO,50.000000,10,False
168816,GOLD26NOV186200PE,GOLD,27NOV2026,18620000.000000,1,OPTFUT,NCO,50.000000,10,False
168829,GOLD26NOV186900CE,GOLD,27NOV2026,18690000.000000,1,OPTFUT,NCO,50.000000,10,False
168835,GOLD26NOV187200CE,GOLD,27NOV2026,18720000.000000,1,OPTFUT,NCO,50.000000,10,False
168841,GOLD26DEC177400CE,GOLD,29DEC2026,17740000.000000,1,OPTFUT,NCO,50.000000,10,False
168853,GOLD26DEC178000CE,GOLD,29DEC2026,17800000.000000,1,OPTFUT,NCO,50.000000,10,False
168867,GOLD26DEC178700CE,GOLD,29DEC2026,17870000.000000,1,OPTFUT,NCO,50.000000,10,False
168877,GOLD26DEC179200CE,GOLD,29DEC2026,17920000.000000,1,OPTFUT,NCO,50.000000,10,False
168888,GOLD26DEC179700PE,GOLD,29DEC2026,17970000.000000,1,OPTFUT,NCO,50.000000,10,False
168895,GOLD26DEC180100CE,GOLD,29DEC2026,18010000.000000,1,OPTFUT,NCO,50.000000,10,False
168904,GOLD26DEC180500PE,GOLD,29DEC2026,18050000.000000,1,OPTFUT,NCO,50.000000,10,False
168909,GOLD26DEC180800CE,GOLD,29DEC2026,18080000.000000,1,OPTFUT,NCO,50.000000,10,False
168911,GOLD26DEC180900CE,GOLD,29DEC2026,18090000.000000,1,OPTFUT,NCO,50.000000,10,False
168917,GOLD26DEC181200CE,GOLD,29DEC2026,18120000.000000,1,OPTFUT,NCO,50.000000,10,False
168919,GOLD26DEC181300CE,GOLD,29DEC2026,18130000.000000,1,OPTFUT,NCO,50.000000,10,False
168927,GOLD26DEC181700CE,GOLD,29DEC2026,18170000.000000,1,OPTFUT,NCO,50.000000,10,False
168936,GOLD26DEC182100PE,GOLD,29DEC2026,18210000.000000,1,OPTFUT,NCO,50.000000,10,False
168940,GOLD26DEC182300PE,GOLD,29DEC2026,18230000.000000,1,OPTFUT,NCO,50.000000,10,False
168951,GOLD26DEC182900CE,GOLD,29DEC2026,18290000.000000,1,OPTFUT,NCO,50.000000,10,False
168953,GOLD26DEC183000CE,GOLD,29DEC2026,18300000.000000,1,OPTFUT,NCO,50.000000,10,False
168962,GOLD26DEC183400PE,GOLD,29DEC2026,18340000.000000,1,OPTFUT,NCO,50.000000,10,False
168964,GOLD26DEC183500PE,GOLD,29DEC2026,18350000.000000,1,OPTFUT,NCO,50.000000,10,False
168971,GOLD26DEC183900CE,GOLD,29DEC2026,18390000.000000,1,OPTFUT,NCO,50.000000,10,False
168973,GOLD26DEC184000CE,GOLD,29DEC2026,18400000.000000,1,OPTFUT,NCO,50.000000,10,False
168991,GOLD26DEC184900CE,GOLD,29DEC2026,18490000.000000,1,OPTFUT,NCO,50.000000,10,False
169000,GOLD26DEC185300PE,GOLD,29DEC2026,18530000.000000,1,OPTFUT,NCO,50.000000,10,False
169019,GOLD26DEC186300CE,GOLD,29DEC2026,18630000.000000,1,OPTFUT,NCO,50.000000,10,False
169034,GOLD26DEC187000PE,GOLD,29DEC2026,18700000.000000,1,OPTFUT,NCO,50.000000,10,False
169039,GOLD26DEC187300CE,GOLD,29DEC2026,18730000.000000,1,OPTFUT,NCO,50.000000,10,False
169049,GOLD26DEC187800CE,GOLD,29DEC2026,18780000.000000,1,OPTFUT,NCO,50.000000,10,False
170802,SILVERM26SEP383500PE,SILVERM,23SEP2026,38350000.000000,1,OPTFUT,NCO,50.000000,120,False
170804,SILVERM26SEP383750PE,SILVERM,23SEP2026,38375000.000000,1,OPTFUT,NCO,50.000000,120,False
170805,SILVERM26SEP384000CE,SILVERM,23SEP2026,38400000.000000,1,OPTFUT,NCO,50.000000,120,False
170822,SILVERM26SEP386000PE,SILVERM,23SEP2026,38600000.000000,1,OPTFUT,NCO,50.000000,120,False
170842,SILVERM26SEP388500PE,SILVERM,23SEP2026,38850000.000000,1,OPTFUT,NCO,50.000000,120,False
170844,SILVERM26SEP388750PE,SILVERM,23SEP2026,38875000.000000,1,OPTFUT,NCO,50.000000,120,False
170848,SILVERM26SEP389250PE,SILVERM,23SEP2026,38925000.000000,1,OPTFUT,NCO,50.000000,120,False
170853,SILVERM26SEP390000CE,SILVERM,23SEP2026,39000000.000000,1,OPTFUT,NCO,50.000000,120,False
170859,SILVERM26SEP390750CE,SILVERM,23SEP2026,39075000.000000,1,OPTFUT,NCO,50.000000,120,False
170860,SILVERM26SEP390750PE,SILVERM,23SEP2026,39075000.000000,1,OPTFUT,NCO,50.000000,120,False
170868,SILVERM26SEP391750PE,SILVERM,23SEP2026,39175000.000000,1,OPTFUT,NCO,50.000000,120,False
170877,SILVERM26SEP393000CE,SILVERM,23SEP2026,39300000.000000,1,OPTFUT,NCO,50.000000,120,False
170895,SILVERM26SEP395250CE,SILVERM,23SEP2026,39525000.000000,1,OPTFUT,NCO,50.000000,120,False
170899,SILVERM26SEP395750CE,SILVERM,23SEP2026,39575000.000000,1,OPTFUT,NCO,50.000000,120,False
170912,SILVERM26SEP397250PE,SILVERM,23SEP2026,39725000.000000,1,OPTFUT,NCO,50.000000,120,False
170915,SILVERM26SEP397750CE,SILVERM,23SEP2026,39775000.000000,1,OPTFUT,NCO,50.000000,120,False
170917,SILVERM26SEP398000CE,SILVERM,23SEP2026,39800000.000000,1,OPTFUT,NCO,50.000000,120,False
170924,SILVERM26SEP398750PE,SILVERM,23SEP2026,39875000.000000,1,OPTFUT,NCO,50.000000,120,False
170926,SILVERM26SEP399000PE,SILVERM,23SEP2026,39900000.000000,1,OPTFUT,NCO,50.000000,120,False
170927,SILVERM26SEP399250CE,SILVERM,23SEP2026,39925000.000000,1,OPTFUT,NCO,50.000000,120,False
170940,SILVERM26SEP400750PE,SILVERM,23SEP2026,40075000.000000,1,OPTFUT,NCO,50.000000,120,False
170949,SILVERM26SEP402000CE,SILVERM,23SEP2026,40200000.000000,1,OPTFUT,NCO,50.000000,120,False
170958,SILVERM26SEP403000PE,SILVERM,23SEP2026,40300000.000000,1,OPTFUT,NCO,50.000000,120,False
170983,SILVERM26OCT386000CE,SILVERM,23OCT2026,38600000.000000,1,OPTFUT,NCO,50.000000,120,False
171002,SILVERM26OCT388250PE,SILVERM,23OCT2026,38825000.000000,1,OPTFUT,NCO,50.000000,120,False
171003,SILVERM26OCT388500CE,SILVERM,23OCT2026,38850000.000000,1,OPTFUT,NCO,50.000000,120,False
171028,SILVERM26OCT391500PE,SILVERM,23OCT2026,39150000.000000,1,OPTFUT,NCO,50.000000,120,False
171030,SILVERM26OCT391750PE,SILVERM,23OCT2026,39175000.000000,1,OPTFUT,NCO,50.000000,120,False
171036,SILVERM26OCT392500PE,SILVERM,23OCT2026,39250000.000000,1,OPTFUT,NCO,50.000000,120,False
171043,SILVERM26OCT393500CE,SILVERM,23OCT2026,39350000.000000,1,OPTFUT,NCO,50.000000,120,False
171047,SILVERM26OCT394000CE,SILVERM,23OCT2026,39400000.000000,1,OPTFUT,NCO,50.000000,120,False
171055,SILVERM26OCT395000CE,SILVERM,23OCT2026,39500000.000000,1,OPTFUT,NCO,50.000000,120,False
171101,SILVERM26OCT400750CE,SILVERM,23OCT2026,40075000.000000,1,OPTFUT,NCO,50.000000,120,False
171120,SILVERM26OCT403000PE,SILVERM,23OCT2026,40300000.000000,1,OPTFUT,NCO,50.000000,120,False
171123,SILVERM26OCT403500CE,SILVERM,23OCT2026,40350000.000000,1,OPTFUT,NCO,50.000000,120,False
171133,SILVERM26OCT404750CE,SILVERM,23OCT2026,40475000.000000,1,OPTFUT,NCO,50.000000,120,False
171134,SILVERM26OCT404750PE,SILVERM,23OCT2026,40475000.000000,1,OPTFUT,NCO,50.000000,120,False
171165,SILVERM26NOV388500CE,SILVERM,23NOV2026,38850000.000000,1,OPTFUT,NCO,50.000000,120,False
171156,SILVERM26NOV387250PE,SILVERM,23NOV2026,38725000.000000,1,OPTFUT,NCO,50.000000,120,False
171158,SILVERM26NOV387500PE,SILVERM,23NOV2026,38750000.000000,1,OPTFUT,NCO,50.000000,120,False
171161,SILVERM26NOV388000CE,SILVERM,23NOV2026,38800000.000000,1,OPTFUT,NCO,50.000000,120,False
171172,SILVERM26NOV389250PE,SILVERM,23NOV2026,38925000.000000,1,OPTFUT,NCO,50.000000,120,False
171176,SILVERM26NOV389750PE,SILVERM,23NOV2026,38975000.000000,1,OPTFUT,NCO,50.000000,120,False
171196,SILVERM26NOV392250PE,SILVERM,23NOV2026,39225000.000000,1,OPTFUT,NCO,50.000000,120,False
171213,SILVERM26NOV394500CE,SILVERM,23NOV2026,39450000.000000,1,OPTFUT,NCO,50.000000,120,False
171247,SILVERM26NOV398750CE,SILVERM,23NOV2026,39875000.000000,1,OPTFUT,NCO,50.000000,120,False
171226,SILVERM26NOV396000PE,SILVERM,23NOV2026,39600000.000000,1,OPTFUT,NCO,50.000000,120,False
171228,SILVERM26NOV396250PE,SILVERM,23NOV2026,39625000.000000,1,OPTFUT,NCO,50.000000,120,False
171232,SILVERM26NOV396750PE,SILVERM,23NOV2026,39675000.000000,1,OPTFUT,NCO,50.000000,120,False
171271,SILVERM26NOV401750CE,SILVERM,23NOV2026,40175000.000000,1,OPTFUT,NCO,50.000000,120,False
171273,SILVERM26NOV402000CE,SILVERM,23NOV2026,40200000.000000,1,OPTFUT,NCO,50.000000,120,False
171282,SILVERM26NOV403000PE,SILVERM,23NOV2026,40300000.000000,1,OPTFUT,NCO,50.000000,120,False
171301,SILVERM26NOV405500CE,SILVERM,23NOV2026,40550000.000000,1,OPTFUT,NCO,50.000000,120,False
171318,SILVERM26NOV407500PE,SILVERM,23NOV2026,40750000.000000,1,OPTFUT,NCO,50.000000,120,False
171327,SILVERM26NOV408750CE,SILVERM,23NOV2026,40875000.000000,1,OPTFUT,NCO,50.000000,120,False
171328,SILVERM26NOV408750PE,SILVERM,23NOV2026,40875000.000000,1,OPTFUT,NCO,50.000000,120,False
171335,SILVERM26DEC389250CE,SILVERM,23DEC2026,38925000.000000,1,OPTFUT,NCO,50.000000,120,False
171340,SILVERM26DEC389750PE,SILVERM,23DEC2026,38975000.000000,1,OPTFUT,NCO,50.000000,120,False
171341,SILVERM26DEC390000CE,SILVERM,23DEC2026,39000000.000000,1,OPTFUT,NCO,50.000000,120,False
171370,SILVERM26DEC393500PE,SILVERM,23DEC2026,39350000.000000,1,OPTFUT,NCO,50.000000,120,False
171374,SILVERM26DEC394000PE,SILVERM,23DEC2026,39400000.000000,1,OPTFUT,NCO,50.000000,120,False
171379,SILVERM26DEC394750CE,SILVERM,23DEC2026,39475000.000000,1,OPTFUT,NCO,50.000000,120,False
171380,SILVERM26DEC394750PE,SILVERM,23DEC2026,39475000.000000,1,OPTFUT,NCO,50.000000,120,False
171383,SILVERM26DEC395250CE,SILVERM,23DEC2026,39525000.000000,1,OPTFUT,NCO,50.000000,120,False
171401,SILVERM26DEC397500CE,SILVERM,23DEC2026,39750000.000000,1,OPTFUT,NCO,50.000000,120,False
171402,SILVERM26DEC397500PE,SILVERM,23DEC2026,39750000.000000,1,OPTFUT,NCO,50.000000,120,False
171423,SILVERM26DEC400250CE,SILVERM,23DEC2026,40025000.000000,1,OPTFUT,NCO,50.000000,120,False
171426,SILVERM26DEC400500PE,SILVERM,23DEC2026,40050000.000000,1,OPTFUT,NCO,50.000000,120,False
171429,SILVERM26DEC401000CE,SILVERM,23DEC2026,40100000.000000,1,OPTFUT,NCO,50.000000,120,False
171432,SILVERM26DEC401250PE,SILVERM,23DEC2026,40125000.000000,1,OPTFUT,NCO,50.000000,120,False
171442,SILVERM26DEC402500PE,SILVERM,23DEC2026,40250000.000000,1,OPTFUT,NCO,50.000000,120,False
171449,SILVERM26DEC403500CE,SILVERM,23DEC2026,40350000.000000,1,OPTFUT,NCO,50.000000,120,False
171450,SILVERM26DEC403500PE,SILVERM,23DEC2026,40350000.000000,1,OPTFUT,NCO,50.000000,120,False
171460,SILVERM26DEC404750PE,SILVERM,23DEC2026,40475000.000000,1,OPTFUT,NCO,50.000000,120,False
171486,SILVERM26DEC408000PE,SILVERM,23DEC2026,40800000.000000,1,OPTFUT,NCO,50.000000,120,False
171488,SILVERM26DEC408250PE,SILVERM,23DEC2026,40825000.000000,1,OPTFUT,NCO,50.000000,120,False
171492,SILVERM26DEC408750PE,SILVERM,23DEC2026,40875000.000000,1,OPTFUT,NCO,50.000000,120,False
23,LEADFUTURES,LEAD,,-1.000000,1,UNDCOM,NCO,5.000000,20,False
25,NICKELFUTURES,NICKEL,,-1.000000,1,UNDCOM,NCO,10.000000,16,False
27,ZINCFUTURES,ZINC,,-1.000000,1,UNDCOM,NCO,5.000000,20,False
171508,SILVERM26DEC410750PE,SILVERM,23DEC2026,41075000.000000,1,OPTFUT,NCO,50.000000,120,False
28,NATURALGASFUTURES,NATGASIND,,-1.000000,1,UNDCOM,NCO,100.000000,50,False
148764,SILVERM26DEC229250PE,SILVERM,23DEC2026,22925000.000000,1,OPTFUT,NCO,50.000000,120,False
148769,SILVERM26DEC230000CE,SILVERM,23DEC2026,23000000.000000,1,OPTFUT,NCO,50.000000,120,False
148772,SILVERM26DEC230250PE,SILVERM,23DEC2026,23025000.000000,1,OPTFUT,NCO,50.000000,120,False
148785,SILVERM26DEC232000CE,SILVERM,23DEC2026,23200000.000000,1,OPTFUT,NCO,50.000000,120,False
148861,GOLD26SEP167000CE,GOLD,25SEP2026,16700000.000000,1,OPTFUT,NCO,50.000000,10,False
148862,GOLD26SEP167000PE,GOLD,25SEP2026,16700000.000000,1,OPTFUT,NCO,50.000000,10,False
148863,GOLD26SEP167100CE,GOLD,25SEP2026,16710000.000000,1,OPTFUT,NCO,50.000000,10,False
148864,GOLD26SEP167100PE,GOLD,25SEP2026,16710000.000000,1,OPTFUT,NCO,50.000000,10,False
148868,GOLD26SEP167300PE,GOLD,25SEP2026,16730000.000000,1,OPTFUT,NCO,50.000000,10,False
148872,GOLD26SEP167500PE,GOLD,25SEP2026,16750000.000000,1,OPTFUT,NCO,50.000000,10,False
148879,GOLD26SEP167900CE,GOLD,25SEP2026,16790000.000000,1,OPTFUT,NCO,50.000000,10,False
148887,GOLD26OCT164400CE,GOLD,29OCT2026,16440000.000000,1,OPTFUT,NCO,50.000000,10,False
148893,GOLD26OCT164700CE,GOLD,29OCT2026,16470000.000000,1,OPTFUT,NCO,50.000000,10,False
148916,SILVERM26DEC235750PE,SILVERM,23DEC2026,23575000.000000,1,OPTFUT,NCO,50.000000,120,False
148919,SILVERM27JAN213750CE,SILVERM,21JAN2027,21375000.000000,1,OPTFUT,NCO,50.000000,120,False
148934,SILVERM27JAN215500PE,SILVERM,21JAN2027,21550000.000000,1,OPTFUT,NCO,50.000000,120,False
148935,SILVERM27JAN215750CE,SILVERM,21JAN2027,21575000.000000,1,OPTFUT,NCO,50.000000,120,False
148942,SILVERM27JAN216500PE,SILVERM,21JAN2027,21650000.000000,1,OPTFUT,NCO,50.000000,120,False
149258,SILVERM26SEP275500PE,SILVERM,23SEP2026,27550000.000000,1,OPTFUT,NCO,50.000000,120,False
149274,SILVERM26SEP277500PE,SILVERM,23SEP2026,27750000.000000,1,OPTFUT,NCO,50.000000,120,False
149279,SILVERM26SEP278250CE,SILVERM,23SEP2026,27825000.000000,1,OPTFUT,NCO,50.000000,120,False
149280,SILVERM26SEP278250PE,SILVERM,23SEP2026,27825000.000000,1,OPTFUT,NCO,50.000000,120,False
149281,SILVERM26SEP278500CE,SILVERM,23SEP2026,27850000.000000,1,OPTFUT,NCO,50.000000,120,False
149284,SILVERM26SEP278750PE,SILVERM,23SEP2026,27875000.000000,1,OPTFUT,NCO,50.000000,120,False
149289,SILVERM26SEP279500CE,SILVERM,23SEP2026,27950000.000000,1,OPTFUT,NCO,50.000000,120,False
149306,SILVERM26OCT276500PE,SILVERM,23OCT2026,27650000.000000,1,OPTFUT,NCO,50.000000,120,False
149320,SILVERM26OCT278250PE,SILVERM,23OCT2026,27825000.000000,1,OPTFUT,NCO,50.000000,120,False
149324,SILVERM26OCT278750PE,SILVERM,23OCT2026,27875000.000000,1,OPTFUT,NCO,50.000000,120,False
149335,SILVERM26OCT280250CE,SILVERM,23OCT2026,28025000.000000,1,OPTFUT,NCO,50.000000,120,False
149352,SILVERM26NOV277250PE,SILVERM,23NOV2026,27725000.000000,1,OPTFUT,NCO,50.000000,120,False
149353,SILVERM26NOV277500CE,SILVERM,23NOV2026,27750000.000000,1,OPTFUT,NCO,50.000000,120,False
149364,SILVERM26NOV278750PE,SILVERM,23NOV2026,27875000.000000,1,OPTFUT,NCO,50.000000,120,False
149376,SILVERM26NOV280250PE,SILVERM,23NOV2026,28025000.000000,1,OPTFUT,NCO,50.000000,120,False
149391,SILVERM26NOV282250CE,SILVERM,23NOV2026,28225000.000000,1,OPTFUT,NCO,50.000000,120,False
149400,SILVERM26DEC278250PE,SILVERM,23DEC2026,27825000.000000,1,OPTFUT,NCO,50.000000,120,False
149407,SILVERM26DEC279250CE,SILVERM,23DEC2026,27925000.000000,1,OPTFUT,NCO,50.000000,120,False
149435,SILVERM26DEC282750CE,SILVERM,23DEC2026,28275000.000000,1,OPTFUT,NCO,50.000000,120,False
149437,SILVERM26DEC283000CE,SILVERM,23DEC2026,28300000.000000,1,OPTFUT,NCO,50.000000,120,False
149451,SILVERM27JAN217250CE,SILVERM,21JAN2027,21725000.000000,1,OPTFUT,NCO,50.000000,120,False
149465,SILVERM27JAN218250CE,SILVERM,21JAN2027,21825000.000000,1,OPTFUT,NCO,50.000000,120,False
149483,SILVERM27JAN219250CE,SILVERM,21JAN2027,21925000.000000,1,OPTFUT,NCO,50.000000,120,False
149509,SILVERM27JAN222500CE,SILVERM,21JAN2027,22250000.000000,1,OPTFUT,NCO,50.000000,120,False
149514,SILVERM27JAN223000PE,SILVERM,21JAN2027,22300000.000000,1,OPTFUT,NCO,50.000000,120,False
149520,SILVERM27JAN223750PE,SILVERM,21JAN2027,22375000.000000,1,OPTFUT,NCO,50.000000,120,False
149546,SILVERM27JAN227000PE,SILVERM,21JAN2027,22700000.000000,1,OPTFUT,NCO,50.000000,120,False
149563,SILVERM27JAN229250CE,SILVERM,21JAN2027,22925000.000000,1,OPTFUT,NCO,50.000000,120,False
149571,SILVERM27JAN230250CE,SILVERM,21JAN2027,23025000.000000,1,OPTFUT,NCO,50.000000,120,False
149578,SILVERM27JAN231000PE,SILVERM,21JAN2027,23100000.000000,1,OPTFUT,NCO,50.000000,120,False
149586,SILVERM27JAN232000PE,SILVERM,21JAN2027,23200000.000000,1,OPTFUT,NCO,50.000000,120,False
149594,SILVERM27JAN233000PE,SILVERM,21JAN2027,23300000.000000,1,OPTFUT,NCO,50.000000,120,False
149606,SILVERM27JAN234500PE,SILVERM,21JAN2027,23450000.000000,1,OPTFUT,NCO,50.000000,120,False
149613,SILVERM27JAN235500CE,SILVERM,21JAN2027,23550000.000000,1,OPTFUT,NCO,50.000000,120,False
149614,SILVERM27JAN235500PE,SILVERM,21JAN2027,23550000.000000,1,OPTFUT,NCO,50.000000,120,False
149621,SILVERM27JAN236500CE,SILVERM,21JAN2027,23650000.000000,1,OPTFUT,NCO,50.000000,120,False
149630,SILVERM27JAN237500PE,SILVERM,21JAN2027,23750000.000000,1,OPTFUT,NCO,50.000000,120,False
149639,SILVERM27JAN238750CE,SILVERM,21JAN2027,23875000.000000,1,OPTFUT,NCO,50.000000,120,False
149923,SILVERM27FEB216250CE,SILVERM,19FEB2027,21625000.000000,1,OPTFUT,NCO,50.000000,120,False
149926,SILVERM27FEB216500PE,SILVERM,19FEB2027,21650000.000000,1,OPTFUT,NCO,50.000000,120,False
149934,SILVERM27FEB217500PE,SILVERM,19FEB2027,21750000.000000,1,OPTFUT,NCO,50.000000,120,False
149939,SILVERM27FEB218250CE,SILVERM,19FEB2027,21825000.000000,1,OPTFUT,NCO,50.000000,120,False
149940,SILVERM27FEB218250PE,SILVERM,19FEB2027,21825000.000000,1,OPTFUT,NCO,50.000000,120,False
149959,SILVERM27FEB220750CE,SILVERM,19FEB2027,22075000.000000,1,OPTFUT,NCO,50.000000,120,False
150147,GOLD26SEP149100CE,GOLD,25SEP2026,14910000.000000,1,OPTFUT,NCO,50.000000,10,False
150159,GOLD26SEP149700CE,GOLD,25SEP2026,14970000.000000,1,OPTFUT,NCO,50.000000,10,False
150172,GOLD26OCT149600PE,GOLD,29OCT2026,14960000.000000,1,OPTFUT,NCO,50.000000,10,False
150173,GOLD26OCT149700CE,GOLD,29OCT2026,14970000.000000,1,OPTFUT,NCO,50.000000,10,False
150204,GOLD26NOV150400PE,GOLD,27NOV2026,15040000.000000,1,OPTFUT,NCO,50.000000,10,False
150213,GOLD26NOV150900CE,GOLD,27NOV2026,15090000.000000,1,OPTFUT,NCO,50.000000,10,False
150217,GOLD26NOV151100CE,GOLD,27NOV2026,15110000.000000,1,OPTFUT,NCO,50.000000,10,False
150224,GOLD26NOV151400PE,GOLD,27NOV2026,15140000.000000,1,OPTFUT,NCO,50.000000,10,False
150229,GOLD26DEC151000CE,GOLD,29DEC2026,15100000.000000,1,OPTFUT,NCO,50.000000,10,False
150231,GOLD26DEC151100CE,GOLD,29DEC2026,15110000.000000,1,OPTFUT,NCO,50.000000,10,False
150235,GOLD26DEC151300CE,GOLD,29DEC2026,15130000.000000,1,OPTFUT,NCO,50.000000,10,False
150243,GOLD26DEC151700CE,GOLD,29DEC2026,15170000.000000,1,OPTFUT,NCO,50.000000,10,False
150270,SILVERM27FEB223750PE,SILVERM,19FEB2027,22375000.000000,1,OPTFUT,NCO,50.000000,120,False
150273,SILVERM27FEB224250CE,SILVERM,19FEB2027,22425000.000000,1,OPTFUT,NCO,50.000000,120,False
150291,SILVERM27FEB226500CE,SILVERM,19FEB2027,22650000.000000,1,OPTFUT,NCO,50.000000,120,False
150294,SILVERM27FEB226750PE,SILVERM,19FEB2027,22675000.000000,1,OPTFUT,NCO,50.000000,120,False
150300,SILVERM27FEB227500PE,SILVERM,19FEB2027,22750000.000000,1,OPTFUT,NCO,50.000000,120,False
150302,SILVERM27FEB227750PE,SILVERM,19FEB2027,22775000.000000,1,OPTFUT,NCO,50.000000,120,False
150336,GOLD26OCT165200PE,GOLD,29OCT2026,16520000.000000,1,OPTFUT,NCO,50.000000,10,False
150352,GOLD26OCT165900PE,GOLD,29OCT2026,16590000.000000,1,OPTFUT,NCO,50.000000,10,False
150364,GOLD26OCT166500PE,GOLD,29OCT2026,16650000.000000,1,OPTFUT,NCO,50.000000,10,False
150378,GOLD26OCT167200PE,GOLD,29OCT2026,16720000.000000,1,OPTFUT,NCO,50.000000,10,False
150366,GOLD26OCT166600PE,GOLD,29OCT2026,16660000.000000,1,OPTFUT,NCO,50.000000,10,False
150383,GOLD26OCT167500CE,GOLD,29OCT2026,16750000.000000,1,OPTFUT,NCO,50.000000,10,False
150385,GOLD26OCT167600CE,GOLD,29OCT2026,16760000.000000,1,OPTFUT,NCO,50.000000,10,False
150386,GOLD26OCT167600PE,GOLD,29OCT2026,16760000.000000,1,OPTFUT,NCO,50.000000,10,False
150395,GOLD26OCT168100CE,GOLD,29OCT2026,16810000.000000,1,OPTFUT,NCO,50.000000,10,False
150396,GOLD26OCT168100PE,GOLD,29OCT2026,16810000.000000,1,OPTFUT,NCO,50.000000,10,False
150405,GOLD26OCT168600CE,GOLD,29OCT2026,16860000.000000,1,OPTFUT,NCO,50.000000,10,False
150412,GOLD26OCT168900PE,GOLD,29OCT2026,16890000.000000,1,OPTFUT,NCO,50.000000,10,False
150425,GOLD26NOV165700CE,GOLD,27NOV2026,16570000.000000,1,OPTFUT,NCO,50.000000,10,False
150427,GOLD26NOV165800CE,GOLD,27NOV2026,16580000.000000,1,OPTFUT,NCO,50.000000,10,False
150438,GOLD26NOV166300PE,GOLD,27NOV2026,16630000.000000,1,OPTFUT,NCO,50.000000,10,False
150454,GOLD26NOV167100PE,GOLD,27NOV2026,16710000.000000,1,OPTFUT,NCO,50.000000,10,False
150457,GOLD26NOV167300CE,GOLD,27NOV2026,16730000.000000,1,OPTFUT,NCO,50.000000,10,False
150464,GOLD26NOV167600PE,GOLD,27NOV2026,16760000.000000,1,OPTFUT,NCO,50.000000,10,False
150465,GOLD26NOV167700CE,GOLD,27NOV2026,16770000.000000,1,OPTFUT,NCO,50.000000,10,False
150469,GOLD26NOV167900CE,GOLD,27NOV2026,16790000.000000,1,OPTFUT,NCO,50.000000,10,False
150470,GOLD26NOV167900PE,GOLD,27NOV2026,16790000.000000,1,OPTFUT,NCO,50.000000,10,False
150481,GOLD26NOV168500CE,GOLD,27NOV2026,16850000.000000,1,OPTFUT,NCO,50.000000,10,False
150497,GOLD26NOV169300CE,GOLD,27NOV2026,16930000.000000,1,OPTFUT,NCO,50.000000,10,False
150498,GOLD26NOV169300PE,GOLD,27NOV2026,16930000.000000,1,OPTFUT,NCO,50.000000,10,False
150503,GOLD26NOV169600CE,GOLD,27NOV2026,16960000.000000,1,OPTFUT,NCO,50.000000,10,False
150511,SILVERM27FEB229500CE,SILVERM,19FEB2027,22950000.000000,1,OPTFUT,NCO,50.000000,120,False
150517,SILVERM27FEB230250CE,SILVERM,19FEB2027,23025000.000000,1,OPTFUT,NCO,50.000000,120,False
150519,SILVERM27FEB230500CE,SILVERM,19FEB2027,23050000.000000,1,OPTFUT,NCO,50.000000,120,False
150538,SILVERM27FEB232750PE,SILVERM,19FEB2027,23275000.000000,1,OPTFUT,NCO,50.000000,120,False
150552,SILVERM27FEB234500PE,SILVERM,19FEB2027,23450000.000000,1,OPTFUT,NCO,50.000000,120,False
150556,SILVERM27FEB235000PE,SILVERM,19FEB2027,23500000.000000,1,OPTFUT,NCO,50.000000,120,False
150560,SILVERM27FEB235500PE,SILVERM,19FEB2027,23550000.000000,1,OPTFUT,NCO,50.000000,120,False
150571,SILVERM27FEB237000CE,SILVERM,19FEB2027,23700000.000000,1,OPTFUT,NCO,50.000000,120,False
150582,SILVERM27FEB238250PE,SILVERM,19FEB2027,23825000.000000,1,OPTFUT,NCO,50.000000,120,False
150590,SILVERM27FEB239250PE,SILVERM,19FEB2027,23925000.000000,1,OPTFUT,NCO,50.000000,120,False
150591,SILVERM27FEB239500CE,SILVERM,19FEB2027,23950000.000000,1,OPTFUT,NCO,50.000000,120,False
151716,SILVERM26SEP280500PE,SILVERM,23SEP2026,28050000.000000,1,OPTFUT,NCO,50.000000,120,False
151720,SILVERM26SEP281000PE,SILVERM,23SEP2026,28100000.000000,1,OPTFUT,NCO,50.000000,120,False
151745,SILVERM26SEP284250CE,SILVERM,23SEP2026,28425000.000000,1,OPTFUT,NCO,50.000000,120,False
151752,SILVERM26SEP285000PE,SILVERM,23SEP2026,28500000.000000,1,OPTFUT,NCO,50.000000,120,False
151761,SILVERM26SEP286250CE,SILVERM,23SEP2026,28625000.000000,1,OPTFUT,NCO,50.000000,120,False
151766,SILVERM26SEP286750PE,SILVERM,23SEP2026,28675000.000000,1,OPTFUT,NCO,50.000000,120,False
151767,SILVERM26SEP287000CE,SILVERM,23SEP2026,28700000.000000,1,OPTFUT,NCO,50.000000,120,False
151786,SILVERM26SEP289250PE,SILVERM,23SEP2026,28925000.000000,1,OPTFUT,NCO,50.000000,120,False
151787,SILVERM26SEP289500CE,SILVERM,23SEP2026,28950000.000000,1,OPTFUT,NCO,50.000000,120,False
151813,SILVERM26SEP292750CE,SILVERM,23SEP2026,29275000.000000,1,OPTFUT,NCO,50.000000,120,False
151817,SILVERM26SEP293250CE,SILVERM,23SEP2026,29325000.000000,1,OPTFUT,NCO,50.000000,120,False
151835,SILVERM26SEP295500CE,SILVERM,23SEP2026,29550000.000000,1,OPTFUT,NCO,50.000000,120,False
151845,SILVERM26SEP296750CE,SILVERM,23SEP2026,29675000.000000,1,OPTFUT,NCO,50.000000,120,False
151850,SILVERM26SEP297250PE,SILVERM,23SEP2026,29725000.000000,1,OPTFUT,NCO,50.000000,120,False
151873,SILVERM26SEP300250CE,SILVERM,23SEP2026,30025000.000000,1,OPTFUT,NCO,50.000000,120,False
151880,SILVERM26SEP301000PE,SILVERM,23SEP2026,30100000.000000,1,OPTFUT,NCO,50.000000,120,False
151892,SILVERM26OCT282000PE,SILVERM,23OCT2026,28200000.000000,1,OPTFUT,NCO,50.000000,120,False
151897,SILVERM26OCT282750CE,SILVERM,23OCT2026,28275000.000000,1,OPTFUT,NCO,50.000000,120,False
151901,SILVERM26OCT283250CE,SILVERM,23OCT2026,28325000.000000,1,OPTFUT,NCO,50.000000,120,False
151913,SILVERM26OCT284750CE,SILVERM,23OCT2026,28475000.000000,1,OPTFUT,NCO,50.000000,120,False
151915,SILVERM26OCT285000CE,SILVERM,23OCT2026,28500000.000000,1,OPTFUT,NCO,50.000000,120,False
151923,SILVERM26OCT286000CE,SILVERM,23OCT2026,28600000.000000,1,OPTFUT,NCO,50.000000,120,False
151929,SILVERM26OCT286750CE,SILVERM,23OCT2026,28675000.000000,1,OPTFUT,NCO,50.000000,120,False
151930,SILVERM26OCT286750PE,SILVERM,23OCT2026,28675000.000000,1,OPTFUT,NCO,50.000000,120,False
151937,SILVERM26OCT287750CE,SILVERM,23OCT2026,28775000.000000,1,OPTFUT,NCO,50.000000,120,False
151939,SILVERM26OCT288000CE,SILVERM,23OCT2026,28800000.000000,1,OPTFUT,NCO,50.000000,120,False
151942,SILVERM26OCT288250PE,SILVERM,23OCT2026,28825000.000000,1,OPTFUT,NCO,50.000000,120,False
151949,SILVERM26OCT289250CE,SILVERM,23OCT2026,28925000.000000,1,OPTFUT,NCO,50.000000,120,False
151962,SILVERM26OCT290750PE,SILVERM,23OCT2026,29075000.000000,1,OPTFUT,NCO,50.000000,120,False
151979,SILVERM26OCT293000CE,SILVERM,23OCT2026,29300000.000000,1,OPTFUT,NCO,50.000000,120,False
151989,SILVERM26OCT294250CE,SILVERM,23OCT2026,29425000.000000,1,OPTFUT,NCO,50.000000,120,False
152012,SILVERM26OCT297000PE,SILVERM,23OCT2026,29700000.000000,1,OPTFUT,NCO,50.000000,120,False
152020,SILVERM26OCT298000PE,SILVERM,23OCT2026,29800000.000000,1,OPTFUT,NCO,50.000000,120,False
152045,SILVERM26OCT301250CE,SILVERM,23OCT2026,30125000.000000,1,OPTFUT,NCO,50.000000,120,False
152046,SILVERM26OCT301250PE,SILVERM,23OCT2026,30125000.000000,1,OPTFUT,NCO,50.000000,120,False
152060,SILVERM26OCT303000PE,SILVERM,23OCT2026,30300000.000000,1,OPTFUT,NCO,50.000000,120,False
152064,SILVERM26NOV283000PE,SILVERM,23NOV2026,28300000.000000,1,OPTFUT,NCO,50.000000,120,False
152070,SILVERM26NOV283750PE,SILVERM,23NOV2026,28375000.000000,1,OPTFUT,NCO,50.000000,120,False
152071,SILVERM26NOV284000CE,SILVERM,23NOV2026,28400000.000000,1,OPTFUT,NCO,50.000000,120,False
152074,SILVERM26NOV284250PE,SILVERM,23NOV2026,28425000.000000,1,OPTFUT,NCO,50.000000,120,False
152082,SILVERM26NOV285250PE,SILVERM,23NOV2026,28525000.000000,1,OPTFUT,NCO,50.000000,120,False
152094,SILVERM26NOV286750PE,SILVERM,23NOV2026,28675000.000000,1,OPTFUT,NCO,50.000000,120,False
152095,SILVERM26NOV287000CE,SILVERM,23NOV2026,28700000.000000,1,OPTFUT,NCO,50.000000,120,False
152118,SILVERM26NOV289750PE,SILVERM,23NOV2026,28975000.000000,1,OPTFUT,NCO,50.000000,120,False
152119,SILVERM26NOV290000CE,SILVERM,23NOV2026,29000000.000000,1,OPTFUT,NCO,50.000000,120,False
152136,SILVERM26NOV292000PE,SILVERM,23NOV2026,29200000.000000,1,OPTFUT,NCO,50.000000,120,False
152139,SILVERM26NOV292500CE,SILVERM,23NOV2026,29250000.000000,1,OPTFUT,NCO,50.000000,120,False
152204,SILVERM26NOV300500PE,SILVERM,23NOV2026,30050000.000000,1,OPTFUT,NCO,50.000000,120,False
152216,SILVERM26NOV302000PE,SILVERM,23NOV2026,30200000.000000,1,OPTFUT,NCO,50.000000,120,False
152229,SILVERM26NOV303750CE,SILVERM,23NOV2026,30375000.000000,1,OPTFUT,NCO,50.000000,120,False
152235,SILVERM26NOV304500CE,SILVERM,23NOV2026,30450000.000000,1,OPTFUT,NCO,50.000000,120,False
152238,SILVERM26NOV304750PE,SILVERM,23NOV2026,30475000.000000,1,OPTFUT,NCO,50.000000,120,False
152267,SILVERM26DEC288000CE,SILVERM,23DEC2026,28800000.000000,1,OPTFUT,NCO,50.000000,120,False
152268,SILVERM26DEC288000PE,SILVERM,23DEC2026,28800000.000000,1,OPTFUT,NCO,50.000000,120,False
152273,SILVERM26DEC288750CE,SILVERM,23DEC2026,28875000.000000,1,OPTFUT,NCO,50.000000,120,False
152283,SILVERM26DEC290000CE,SILVERM,23DEC2026,29000000.000000,1,OPTFUT,NCO,50.000000,120,False
152289,SILVERM26DEC290750CE,SILVERM,23DEC2026,29075000.000000,1,OPTFUT,NCO,50.000000,120,False
152307,SILVERM26DEC293000CE,SILVERM,23DEC2026,29300000.000000,1,OPTFUT,NCO,50.000000,120,False
152320,SILVERM26DEC294500PE,SILVERM,23DEC2026,29450000.000000,1,OPTFUT,NCO,50.000000,120,False
152322,SILVERM26DEC294750PE,SILVERM,23DEC2026,29475000.000000,1,OPTFUT,NCO,50.000000,120,False
152332,SILVERM26DEC296000PE,SILVERM,23DEC2026,29600000.000000,1,OPTFUT,NCO,50.000000,120,False
152333,SILVERM26DEC296250CE,SILVERM,23DEC2026,29625000.000000,1,OPTFUT,NCO,50.000000,120,False
152346,SILVERM26DEC297750PE,SILVERM,23DEC2026,29775000.000000,1,OPTFUT,NCO,50.000000,120,False
152347,SILVERM26DEC298000CE,SILVERM,23DEC2026,29800000.000000,1,OPTFUT,NCO,50.000000,120,False
152348,SILVERM26DEC298000PE,SILVERM,23DEC2026,29800000.000000,1,OPTFUT,NCO,50.000000,120,False
152351,SILVERM26DEC298500CE,SILVERM,23DEC2026,29850000.000000,1,OPTFUT,NCO,50.000000,120,False
152355,SILVERM26DEC299000CE,SILVERM,23DEC2026,29900000.000000,1,OPTFUT,NCO,50.000000,120,False
152357,SILVERM26DEC299250CE,SILVERM,23DEC2026,29925000.000000,1,OPTFUT,NCO,50.000000,120,False
152360,SILVERM26DEC299500PE,SILVERM,23DEC2026,29950000.000000,1,OPTFUT,NCO,50.000000,120,False
152362,SILVERM26DEC299750PE,SILVERM,23DEC2026,29975000.000000,1,OPTFUT,NCO,50.000000,120,False
152363,SILVERM26DEC300000CE,SILVERM,23DEC2026,30000000.000000,1,OPTFUT,NCO,50.000000,120,False
152365,SILVERM26DEC300250CE,SILVERM,23DEC2026,30025000.000000,1,OPTFUT,NCO,50.000000,120,False
152368,SILVERM26DEC300500PE,SILVERM,23DEC2026,30050000.000000,1,OPTFUT,NCO,50.000000,120,False
152376,SILVERM26DEC301500PE,SILVERM,23DEC2026,30150000.000000,1,OPTFUT,NCO,50.000000,120,False
152391,SILVERM26DEC303500CE,SILVERM,23DEC2026,30350000.000000,1,OPTFUT,NCO,50.000000,120,False
152401,SILVERM26DEC304750CE,SILVERM,23DEC2026,30475000.000000,1,OPTFUT,NCO,50.000000,120,False
152405,SILVERM26DEC305250CE,SILVERM,23DEC2026,30525000.000000,1,OPTFUT,NCO,50.000000,120,False
152953,GOLD26SEP150100CE,GOLD,25SEP2026,15010000.000000,1,OPTFUT,NCO,50.000000,10,False
152963,GOLD26SEP150600CE,GOLD,25SEP2026,15060000.000000,1,OPTFUT,NCO,50.000000,10,False
152968,GOLD26SEP150800PE,GOLD,25SEP2026,15080000.000000,1,OPTFUT,NCO,50.000000,10,False
152973,GOLD26SEP151100CE,GOLD,25SEP2026,15110000.000000,1,OPTFUT,NCO,50.000000,10,False
152974,GOLD26SEP151100PE,GOLD,25SEP2026,15110000.000000,1,OPTFUT,NCO,50.000000,10,False
152987,GOLD26SEP151800CE,GOLD,25SEP2026,15180000.000000,1,OPTFUT,NCO,50.000000,10,False
153012,GOLD26OCT151300PE,GOLD,29OCT2026,15130000.000000,1,OPTFUT,NCO,50.000000,10,False
153027,GOLD26OCT152100CE,GOLD,29OCT2026,15210000.000000,1,OPTFUT,NCO,50.000000,10,False
153030,GOLD26OCT152200PE,GOLD,29OCT2026,15220000.000000,1,OPTFUT,NCO,50.000000,10,False
153038,GOLD26OCT152600PE,GOLD,29OCT2026,15260000.000000,1,OPTFUT,NCO,50.000000,10,False
153044,GOLD26OCT152900PE,GOLD,29OCT2026,15290000.000000,1,OPTFUT,NCO,50.000000,10,False
153055,GOLD26NOV151800CE,GOLD,27NOV2026,15180000.000000,1,OPTFUT,NCO,50.000000,10,False
153059,GOLD26NOV152000CE,GOLD,27NOV2026,15200000.000000,1,OPTFUT,NCO,50.000000,10,False
153069,GOLD26NOV152500CE,GOLD,27NOV2026,15250000.000000,1,OPTFUT,NCO,50.000000,10,False
153075,GOLD26NOV152800CE,GOLD,27NOV2026,15280000.000000,1,OPTFUT,NCO,50.000000,10,False
153090,GOLD26NOV153500PE,GOLD,27NOV2026,15350000.000000,1,OPTFUT,NCO,50.000000,10,False
153114,GOLD26DEC153000PE,GOLD,29DEC2026,15300000.000000,1,OPTFUT,NCO,50.000000,10,False
153129,GOLD26DEC153800CE,GOLD,29DEC2026,15380000.000000,1,OPTFUT,NCO,50.000000,10,False
153293,GOLD26DEC166100CE,GOLD,29DEC2026,16610000.000000,1,OPTFUT,NCO,50.000000,10,False
153310,GOLD26DEC166900PE,GOLD,29DEC2026,16690000.000000,1,OPTFUT,NCO,50.000000,10,False
153313,GOLD26DEC167100CE,GOLD,29DEC2026,16710000.000000,1,OPTFUT,NCO,50.000000,10,False
153314,GOLD26DEC167100PE,GOLD,29DEC2026,16710000.000000,1,OPTFUT,NCO,50.000000,10,False
153318,GOLD26DEC167300PE,GOLD,29DEC2026,16730000.000000,1,OPTFUT,NCO,50.000000,10,False
153321,GOLD26DEC167500CE,GOLD,29DEC2026,16750000.000000,1,OPTFUT,NCO,50.000000,10,False
153330,GOLD26DEC167900PE,GOLD,29DEC2026,16790000.000000,1,OPTFUT,NCO,50.000000,10,False
153334,GOLD26DEC168100PE,GOLD,29DEC2026,16810000.000000,1,OPTFUT,NCO,50.000000,10,False
153351,GOLD26DEC169000CE,GOLD,29DEC2026,16900000.000000,1,OPTFUT,NCO,50.000000,10,False
153352,GOLD26DEC169000PE,GOLD,29DEC2026,16900000.000000,1,OPTFUT,NCO,50.000000,10,False
153353,GOLD26DEC169100CE,GOLD,29DEC2026,16910000.000000,1,OPTFUT,NCO,50.000000,10,False
153358,GOLD26DEC169300PE,GOLD,29DEC2026,16930000.000000,1,OPTFUT,NCO,50.000000,10,False
153364,GOLD26DEC169600PE,GOLD,29DEC2026,16960000.000000,1,OPTFUT,NCO,50.000000,10,False
153915,SILVERM26SEP302250CE,SILVERM,23SEP2026,30225000.000000,1,OPTFUT,NCO,50.000000,120,False
153928,SILVERM26SEP303750PE,SILVERM,23SEP2026,30375000.000000,1,OPTFUT,NCO,50.000000,120,False
153934,SILVERM26SEP304500PE,SILVERM,23SEP2026,30450000.000000,1,OPTFUT,NCO,50.000000,120,False
153958,SILVERM26SEP307500PE,SILVERM,23SEP2026,30750000.000000,1,OPTFUT,NCO,50.000000,120,False
153962,SILVERM26SEP308000PE,SILVERM,23SEP2026,30800000.000000,1,OPTFUT,NCO,50.000000,120,False
153963,SILVERM26SEP308250CE,SILVERM,23SEP2026,30825000.000000,1,OPTFUT,NCO,50.000000,120,False
153966,SILVERM26SEP308500PE,SILVERM,23SEP2026,30850000.000000,1,OPTFUT,NCO,50.000000,120,False
153968,SILVERM26SEP308750PE,SILVERM,23SEP2026,30875000.000000,1,OPTFUT,NCO,50.000000,120,False
153970,SILVERM26SEP309000PE,SILVERM,23SEP2026,30900000.000000,1,OPTFUT,NCO,50.000000,120,False
153977,SILVERM26SEP310000CE,SILVERM,23SEP2026,31000000.000000,1,OPTFUT,NCO,50.000000,120,False
153982,SILVERM26SEP310500PE,SILVERM,23SEP2026,31050000.000000,1,OPTFUT,NCO,50.000000,120,False
153985,SILVERM26SEP311000CE,SILVERM,23SEP2026,31100000.000000,1,OPTFUT,NCO,50.000000,120,False
153999,SILVERM26OCT304000CE,SILVERM,23OCT2026,30400000.000000,1,OPTFUT,NCO,50.000000,120,False
154002,SILVERM26OCT304250PE,SILVERM,23OCT2026,30425000.000000,1,OPTFUT,NCO,50.000000,120,False
154003,SILVERM26OCT304500CE,SILVERM,23OCT2026,30450000.000000,1,OPTFUT,NCO,50.000000,120,False
154038,SILVERM26OCT308750PE,SILVERM,23OCT2026,30875000.000000,1,OPTFUT,NCO,50.000000,120,False
154057,SILVERM26OCT311250CE,SILVERM,23OCT2026,31125000.000000,1,OPTFUT,NCO,50.000000,120,False
154059,SILVERM26OCT311500CE,SILVERM,23OCT2026,31150000.000000,1,OPTFUT,NCO,50.000000,120,False
154068,SILVERM26OCT312500PE,SILVERM,23OCT2026,31250000.000000,1,OPTFUT,NCO,50.000000,120,False
154071,SILVERM26OCT313000CE,SILVERM,23OCT2026,31300000.000000,1,OPTFUT,NCO,50.000000,120,False
154075,SILVERM26OCT313500CE,SILVERM,23OCT2026,31350000.000000,1,OPTFUT,NCO,50.000000,120,False
154080,SILVERM26NOV305250PE,SILVERM,23NOV2026,30525000.000000,1,OPTFUT,NCO,50.000000,120,False
154082,SILVERM26NOV305500PE,SILVERM,23NOV2026,30550000.000000,1,OPTFUT,NCO,50.000000,120,False
154091,SILVERM26NOV306750CE,SILVERM,23NOV2026,30675000.000000,1,OPTFUT,NCO,50.000000,120,False
154096,SILVERM26NOV307250PE,SILVERM,23NOV2026,30725000.000000,1,OPTFUT,NCO,50.000000,120,False
154097,SILVERM26NOV307500CE,SILVERM,23NOV2026,30750000.000000,1,OPTFUT,NCO,50.000000,120,False
154101,SILVERM26NOV308000CE,SILVERM,23NOV2026,30800000.000000,1,OPTFUT,NCO,50.000000,120,False
154108,SILVERM26NOV308750PE,SILVERM,23NOV2026,30875000.000000,1,OPTFUT,NCO,50.000000,120,False
154126,SILVERM26NOV311000PE,SILVERM,23NOV2026,31100000.000000,1,OPTFUT,NCO,50.000000,120,False
154139,SILVERM26NOV312750CE,SILVERM,23NOV2026,31275000.000000,1,OPTFUT,NCO,50.000000,120,False
154140,SILVERM26NOV312750PE,SILVERM,23NOV2026,31275000.000000,1,OPTFUT,NCO,50.000000,120,False
154142,SILVERM26NOV313000PE,SILVERM,23NOV2026,31300000.000000,1,OPTFUT,NCO,50.000000,120,False
154154,SILVERM26NOV314500PE,SILVERM,23NOV2026,31450000.000000,1,OPTFUT,NCO,50.000000,120,False
154168,SILVERM26DEC307750PE,SILVERM,23DEC2026,30775000.000000,1,OPTFUT,NCO,50.000000,120,False
154175,SILVERM26DEC308750CE,SILVERM,23DEC2026,30875000.000000,1,OPTFUT,NCO,50.000000,120,False
154188,SILVERM26DEC310250PE,SILVERM,23DEC2026,31025000.000000,1,OPTFUT,NCO,50.000000,120,False
154209,SILVERM26DEC313000CE,SILVERM,23DEC2026,31300000.000000,1,OPTFUT,NCO,50.000000,120,False
154217,SILVERM26DEC314000CE,SILVERM,23DEC2026,31400000.000000,1,OPTFUT,NCO,50.000000,120,False
154222,SILVERM26DEC314500PE,SILVERM,23DEC2026,31450000.000000,1,OPTFUT,NCO,50.000000,120,False
154235,SILVERM26DEC316250CE,SILVERM,23DEC2026,31625000.000000,1,OPTFUT,NCO,50.000000,120,False
155071,GOLD26SEP152500CE,GOLD,25SEP2026,15250000.000000,1,OPTFUT,NCO,50.000000,10,False
155074,GOLD26SEP152600PE,GOLD,25SEP2026,15260000.000000,1,OPTFUT,NCO,50.000000,10,False
155075,GOLD26SEP152700CE,GOLD,25SEP2026,15270000.000000,1,OPTFUT,NCO,50.000000,10,False
155103,GOLD26SEP154100CE,GOLD,25SEP2026,15410000.000000,1,OPTFUT,NCO,50.000000,10,False
155109,GOLD26SEP154400CE,GOLD,25SEP2026,15440000.000000,1,OPTFUT,NCO,50.000000,10,False
155113,GOLD26SEP154600CE,GOLD,25SEP2026,15460000.000000,1,OPTFUT,NCO,50.000000,10,False
155118,GOLD26SEP154800PE,GOLD,25SEP2026,15480000.000000,1,OPTFUT,NCO,50.000000,10,False
155139,GOLD26SEP155900CE,GOLD,25SEP2026,15590000.000000,1,OPTFUT,NCO,50.000000,10,False
155148,GOLD26OCT153400PE,GOLD,29OCT2026,15340000.000000,1,OPTFUT,NCO,50.000000,10,False
155151,GOLD26OCT153600CE,GOLD,29OCT2026,15360000.000000,1,OPTFUT,NCO,50.000000,10,False
155155,GOLD26OCT153800CE,GOLD,29OCT2026,15380000.000000,1,OPTFUT,NCO,50.000000,10,False
155158,GOLD26OCT153900PE,GOLD,29OCT2026,15390000.000000,1,OPTFUT,NCO,50.000000,10,False
155175,GOLD26OCT154800CE,GOLD,29OCT2026,15480000.000000,1,OPTFUT,NCO,50.000000,10,False
155185,GOLD26OCT155300CE,GOLD,29OCT2026,15530000.000000,1,OPTFUT,NCO,50.000000,10,False
155188,GOLD26OCT155400PE,GOLD,29OCT2026,15540000.000000,1,OPTFUT,NCO,50.000000,10,False
155189,GOLD26OCT155500CE,GOLD,29OCT2026,15550000.000000,1,OPTFUT,NCO,50.000000,10,False
155198,GOLD26OCT155900PE,GOLD,29OCT2026,15590000.000000,1,OPTFUT,NCO,50.000000,10,False
155212,GOLD26OCT156600PE,GOLD,29OCT2026,15660000.000000,1,OPTFUT,NCO,50.000000,10,False
155214,GOLD26OCT156700PE,GOLD,29OCT2026,15670000.000000,1,OPTFUT,NCO,50.000000,10,False
155225,GOLD26NOV154400CE,GOLD,27NOV2026,15440000.000000,1,OPTFUT,NCO,50.000000,10,False
155247,GOLD26NOV155500CE,GOLD,27NOV2026,15550000.000000,1,OPTFUT,NCO,50.000000,10,False
155261,GOLD26NOV156200CE,GOLD,27NOV2026,15620000.000000,1,OPTFUT,NCO,50.000000,10,False
155311,GOLD26DEC155900CE,GOLD,29DEC2026,15590000.000000,1,OPTFUT,NCO,50.000000,10,False
155335,GOLD26DEC157100CE,GOLD,29DEC2026,15710000.000000,1,OPTFUT,NCO,50.000000,10,False
155338,GOLD26DEC157200PE,GOLD,29DEC2026,15720000.000000,1,OPTFUT,NCO,50.000000,10,False
155340,GOLD26DEC157300PE,GOLD,29DEC2026,15730000.000000,1,OPTFUT,NCO,50.000000,10,False
155346,GOLD26DEC157600PE,GOLD,29DEC2026,15760000.000000,1,OPTFUT,NCO,50.000000,10,False
155573,GOLD26DEC169800CE,GOLD,29DEC2026,16980000.000000,1,OPTFUT,NCO,50.000000,10,False
155589,GOLD26DEC170600CE,GOLD,29DEC2026,17060000.000000,1,OPTFUT,NCO,50.000000,10,False
155592,GOLD26DEC170700PE,GOLD,29DEC2026,17070000.000000,1,OPTFUT,NCO,50.000000,10,False
156637,SILVERM26SEP314500CE,SILVERM,23SEP2026,31450000.000000,1,OPTFUT,NCO,50.000000,120,False
156640,SILVERM26SEP314750PE,SILVERM,23SEP2026,31475000.000000,1,OPTFUT,NCO,50.000000,120,False
156656,SILVERM26SEP316750PE,SILVERM,23SEP2026,31675000.000000,1,OPTFUT,NCO,50.000000,120,False
156685,SILVERM26SEP320500CE,SILVERM,23SEP2026,32050000.000000,1,OPTFUT,NCO,50.000000,120,False
156691,SILVERM26SEP321250CE,SILVERM,23SEP2026,32125000.000000,1,OPTFUT,NCO,50.000000,120,False
156707,SILVERM26SEP323250CE,SILVERM,23SEP2026,32325000.000000,1,OPTFUT,NCO,50.000000,120,False
156710,SILVERM26SEP323500PE,SILVERM,23SEP2026,32350000.000000,1,OPTFUT,NCO,50.000000,120,False
156722,SILVERM26SEP325000PE,SILVERM,23SEP2026,32500000.000000,1,OPTFUT,NCO,50.000000,120,False
156726,SILVERM26SEP325500PE,SILVERM,23SEP2026,32550000.000000,1,OPTFUT,NCO,50.000000,120,False
156728,SILVERM26SEP325750PE,SILVERM,23SEP2026,32575000.000000,1,OPTFUT,NCO,50.000000,120,False
156737,SILVERM26SEP327000CE,SILVERM,23SEP2026,32700000.000000,1,OPTFUT,NCO,50.000000,120,False
156738,SILVERM26SEP327000PE,SILVERM,23SEP2026,32700000.000000,1,OPTFUT,NCO,50.000000,120,False
156748,SILVERM26SEP328250PE,SILVERM,23SEP2026,32825000.000000,1,OPTFUT,NCO,50.000000,120,False
156756,SILVERM26OCT314000PE,SILVERM,23OCT2026,31400000.000000,1,OPTFUT,NCO,50.000000,120,False
156772,SILVERM26OCT316000PE,SILVERM,23OCT2026,31600000.000000,1,OPTFUT,NCO,50.000000,120,False
156775,SILVERM26OCT316500CE,SILVERM,23OCT2026,31650000.000000,1,OPTFUT,NCO,50.000000,120,False
156777,SILVERM26OCT316750CE,SILVERM,23OCT2026,31675000.000000,1,OPTFUT,NCO,50.000000,120,False
156801,SILVERM26OCT319750CE,SILVERM,23OCT2026,31975000.000000,1,OPTFUT,NCO,50.000000,120,False
156802,SILVERM26OCT319750PE,SILVERM,23OCT2026,31975000.000000,1,OPTFUT,NCO,50.000000,120,False
156812,SILVERM26OCT321000PE,SILVERM,23OCT2026,32100000.000000,1,OPTFUT,NCO,50.000000,120,False
156826,SILVERM26OCT322750PE,SILVERM,23OCT2026,32275000.000000,1,OPTFUT,NCO,50.000000,120,False
156829,SILVERM26OCT323250CE,SILVERM,23OCT2026,32325000.000000,1,OPTFUT,NCO,50.000000,120,False
156842,SILVERM26OCT324750PE,SILVERM,23OCT2026,32475000.000000,1,OPTFUT,NCO,50.000000,120,False
156855,SILVERM26OCT326500CE,SILVERM,23OCT2026,32650000.000000,1,OPTFUT,NCO,50.000000,120,False
156860,SILVERM26OCT327000PE,SILVERM,23OCT2026,32700000.000000,1,OPTFUT,NCO,50.000000,120,False
156868,SILVERM26OCT328000PE,SILVERM,23OCT2026,32800000.000000,1,OPTFUT,NCO,50.000000,120,False
156874,SILVERM26OCT328750PE,SILVERM,23OCT2026,32875000.000000,1,OPTFUT,NCO,50.000000,120,False
156881,SILVERM26OCT329750CE,SILVERM,23OCT2026,32975000.000000,1,OPTFUT,NCO,50.000000,120,False
156882,SILVERM26OCT329750PE,SILVERM,23OCT2026,32975000.000000,1,OPTFUT,NCO,50.000000,120,False
156900,SILVERM26NOV316750PE,SILVERM,23NOV2026,31675000.000000,1,OPTFUT,NCO,50.000000,120,False
156902,SILVERM26NOV317000PE,SILVERM,23NOV2026,31700000.000000,1,OPTFUT,NCO,50.000000,120,False
156909,SILVERM26NOV318000CE,SILVERM,23NOV2026,31800000.000000,1,OPTFUT,NCO,50.000000,120,False
156921,SILVERM26NOV319500CE,SILVERM,23NOV2026,31950000.000000,1,OPTFUT,NCO,50.000000,120,False
156948,SILVERM26NOV322750PE,SILVERM,23NOV2026,32275000.000000,1,OPTFUT,NCO,50.000000,120,False
156950,SILVERM26NOV323000PE,SILVERM,23NOV2026,32300000.000000,1,OPTFUT,NCO,50.000000,120,False
157002,SILVERM26NOV329500PE,SILVERM,23NOV2026,32950000.000000,1,OPTFUT,NCO,50.000000,120,False
157013,SILVERM26NOV331000CE,SILVERM,23NOV2026,33100000.000000,1,OPTFUT,NCO,50.000000,120,False
157016,SILVERM26NOV331250PE,SILVERM,23NOV2026,33125000.000000,1,OPTFUT,NCO,50.000000,120,False
157028,SILVERM26DEC317500PE,SILVERM,23DEC2026,31750000.000000,1,OPTFUT,NCO,50.000000,120,False
157033,SILVERM26DEC318250CE,SILVERM,23DEC2026,31825000.000000,1,OPTFUT,NCO,50.000000,120,False
157034,SILVERM26DEC318250PE,SILVERM,23DEC2026,31825000.000000,1,OPTFUT,NCO,50.000000,120,False
157044,SILVERM26DEC319500PE,SILVERM,23DEC2026,31950000.000000,1,OPTFUT,NCO,50.000000,120,False
157050,SILVERM26DEC320250PE,SILVERM,23DEC2026,32025000.000000,1,OPTFUT,NCO,50.000000,120,False
157052,SILVERM26DEC320500PE,SILVERM,23DEC2026,32050000.000000,1,OPTFUT,NCO,50.000000,120,False
157063,SILVERM26DEC322000CE,SILVERM,23DEC2026,32200000.000000,1,OPTFUT,NCO,50.000000,120,False
157066,SILVERM26DEC322250PE,SILVERM,23DEC2026,32225000.000000,1,OPTFUT,NCO,50.000000,120,False
157068,SILVERM26DEC322500PE,SILVERM,23DEC2026,32250000.000000,1,OPTFUT,NCO,50.000000,120,False
157069,SILVERM26DEC322750CE,SILVERM,23DEC2026,32275000.000000,1,OPTFUT,NCO,50.000000,120,False
157072,SILVERM26DEC323000PE,SILVERM,23DEC2026,32300000.000000,1,OPTFUT,NCO,50.000000,120,False
157081,SILVERM26DEC324250CE,SILVERM,23DEC2026,32425000.000000,1,OPTFUT,NCO,50.000000,120,False
157085,SILVERM26DEC324750CE,SILVERM,23DEC2026,32475000.000000,1,OPTFUT,NCO,50.000000,120,False
157093,SILVERM26DEC325750CE,SILVERM,23DEC2026,32575000.000000,1,OPTFUT,NCO,50.000000,120,False
157097,SILVERM26DEC326250CE,SILVERM,23DEC2026,32625000.000000,1,OPTFUT,NCO,50.000000,120,False
157106,SILVERM26DEC327250PE,SILVERM,23DEC2026,32725000.000000,1,OPTFUT,NCO,50.000000,120,False
157128,SILVERM26DEC330000PE,SILVERM,23DEC2026,33000000.000000,1,OPTFUT,NCO,50.000000,120,False
157136,SILVERM26DEC331000PE,SILVERM,23DEC2026,33100000.000000,1,OPTFUT,NCO,50.000000,120,False
157141,SILVERM26DEC331750CE,SILVERM,23DEC2026,33175000.000000,1,OPTFUT,NCO,50.000000,120,False
157158,SILVERM26DEC333750PE,SILVERM,23DEC2026,33375000.000000,1,OPTFUT,NCO,50.000000,120,False
158311,GOLD26SEP156500CE,GOLD,25SEP2026,15650000.000000,1,OPTFUT,NCO,50.000000,10,False
158313,GOLD26SEP156600CE,GOLD,25SEP2026,15660000.000000,1,OPTFUT,NCO,50.000000,10,False
158350,GOLD26SEP158400PE,GOLD,25SEP2026,15840000.000000,1,OPTFUT,NCO,50.000000,10,False
158358,GOLD26SEP158800PE,GOLD,25SEP2026,15880000.000000,1,OPTFUT,NCO,50.000000,10,False
158360,GOLD26SEP158900PE,GOLD,25SEP2026,15890000.000000,1,OPTFUT,NCO,50.000000,10,False
158362,GOLD26SEP159000PE,GOLD,25SEP2026,15900000.000000,1,OPTFUT,NCO,50.000000,10,False
158395,GOLD26SEP160700CE,GOLD,25SEP2026,16070000.000000,1,OPTFUT,NCO,50.000000,10,False
158406,GOLD26SEP161200PE,GOLD,25SEP2026,16120000.000000,1,OPTFUT,NCO,50.000000,10,False
158410,GOLD26SEP161400PE,GOLD,25SEP2026,16140000.000000,1,OPTFUT,NCO,50.000000,10,False
158436,GOLD26SEP162700PE,GOLD,25SEP2026,16270000.000000,1,OPTFUT,NCO,50.000000,10,False
158443,GOLD26OCT157000CE,GOLD,29OCT2026,15700000.000000,1,OPTFUT,NCO,50.000000,10,False
158444,GOLD26OCT157000PE,GOLD,29OCT2026,15700000.000000,1,OPTFUT,NCO,50.000000,10,False
158449,GOLD26OCT157300CE,GOLD,29OCT2026,15730000.000000,1,OPTFUT,NCO,50.000000,10,False
158454,GOLD26OCT157500PE,GOLD,29OCT2026,15750000.000000,1,OPTFUT,NCO,50.000000,10,False
158458,GOLD26OCT157700PE,GOLD,29OCT2026,15770000.000000,1,OPTFUT,NCO,50.000000,10,False
158465,GOLD26OCT158100CE,GOLD,29OCT2026,15810000.000000,1,OPTFUT,NCO,50.000000,10,False
158480,GOLD26OCT158800PE,GOLD,29OCT2026,15880000.000000,1,OPTFUT,NCO,50.000000,10,False
158482,GOLD26OCT158900PE,GOLD,29OCT2026,15890000.000000,1,OPTFUT,NCO,50.000000,10,False
158485,GOLD26OCT159100CE,GOLD,29OCT2026,15910000.000000,1,OPTFUT,NCO,50.000000,10,False
158486,GOLD26OCT159100PE,GOLD,29OCT2026,15910000.000000,1,OPTFUT,NCO,50.000000,10,False
158495,GOLD26OCT159600CE,GOLD,29OCT2026,15960000.000000,1,OPTFUT,NCO,50.000000,10,False
158523,GOLD26OCT161000CE,GOLD,29OCT2026,16100000.000000,1,OPTFUT,NCO,50.000000,10,False
158532,GOLD26OCT161400PE,GOLD,29OCT2026,16140000.000000,1,OPTFUT,NCO,50.000000,10,False
158537,GOLD26OCT161700CE,GOLD,29OCT2026,16170000.000000,1,OPTFUT,NCO,50.000000,10,False
158542,GOLD26OCT161900PE,GOLD,29OCT2026,16190000.000000,1,OPTFUT,NCO,50.000000,10,False
158543,GOLD26OCT162000CE,GOLD,29OCT2026,16200000.000000,1,OPTFUT,NCO,50.000000,10,False
158545,GOLD26OCT162100CE,GOLD,29OCT2026,16210000.000000,1,OPTFUT,NCO,50.000000,10,False
158556,GOLD26OCT162600PE,GOLD,29OCT2026,16260000.000000,1,OPTFUT,NCO,50.000000,10,False
158560,GOLD26OCT162800PE,GOLD,29OCT2026,16280000.000000,1,OPTFUT,NCO,50.000000,10,False
158579,GOLD26NOV157600CE,GOLD,27NOV2026,15760000.000000,1,OPTFUT,NCO,50.000000,10,False
158582,GOLD26NOV157700PE,GOLD,27NOV2026,15770000.000000,1,OPTFUT,NCO,50.000000,10,False
158596,GOLD26NOV158400PE,GOLD,27NOV2026,15840000.000000,1,OPTFUT,NCO,50.000000,10,False
158600,GOLD26NOV158600PE,GOLD,27NOV2026,15860000.000000,1,OPTFUT,NCO,50.000000,10,False
158609,GOLD26NOV159100CE,GOLD,27NOV2026,15910000.000000,1,OPTFUT,NCO,50.000000,10,False
158611,GOLD26NOV159200CE,GOLD,27NOV2026,15920000.000000,1,OPTFUT,NCO,50.000000,10,False
158615,GOLD26NOV159400CE,GOLD,27NOV2026,15940000.000000,1,OPTFUT,NCO,50.000000,10,False
158634,GOLD26NOV160300PE,GOLD,27NOV2026,16030000.000000,1,OPTFUT,NCO,50.000000,10,False
158641,GOLD26NOV160700CE,GOLD,27NOV2026,16070000.000000,1,OPTFUT,NCO,50.000000,10,False
158657,GOLD26NOV161500CE,GOLD,27NOV2026,16150000.000000,1,OPTFUT,NCO,50.000000,10,False
158682,GOLD26NOV162700PE,GOLD,27NOV2026,16270000.000000,1,OPTFUT,NCO,50.000000,10,False
158688,GOLD26NOV163000PE,GOLD,27NOV2026,16300000.000000,1,OPTFUT,NCO,50.000000,10,False
158690,GOLD26NOV163100PE,GOLD,27NOV2026,16310000.000000,1,OPTFUT,NCO,50.000000,10,False
158705,GOLD26NOV163900CE,GOLD,27NOV2026,16390000.000000,1,OPTFUT,NCO,50.000000,10,False
158693,GOLD26NOV163300CE,GOLD,27NOV2026,16330000.000000,1,OPTFUT,NCO,50.000000,10,False
158697,GOLD26NOV163500CE,GOLD,27NOV2026,16350000.000000,1,OPTFUT,NCO,50.000000,10,False
158706,GOLD26NOV163900PE,GOLD,27NOV2026,16390000.000000,1,OPTFUT,NCO,50.000000,10,False
158707,GOLD26NOV164000CE,GOLD,27NOV2026,16400000.000000,1,OPTFUT,NCO,50.000000,10,False
158716,GOLD26NOV164400PE,GOLD,27NOV2026,16440000.000000,1,OPTFUT,NCO,50.000000,10,False
158725,GOLD26DEC158700CE,GOLD,29DEC2026,15870000.000000,1,OPTFUT,NCO,50.000000,10,False
158730,GOLD26DEC158900PE,GOLD,29DEC2026,15890000.000000,1,OPTFUT,NCO,50.000000,10,False
158731,GOLD26DEC159000CE,GOLD,29DEC2026,15900000.000000,1,OPTFUT,NCO,50.000000,10,False
158734,GOLD26DEC159100PE,GOLD,29DEC2026,15910000.000000,1,OPTFUT,NCO,50.000000,10,False
158767,GOLD26DEC160800CE,GOLD,29DEC2026,16080000.000000,1,OPTFUT,NCO,50.000000,10,False
158787,GOLD26DEC161800CE,GOLD,29DEC2026,16180000.000000,1,OPTFUT,NCO,50.000000,10,False
158799,GOLD26DEC162400CE,GOLD,29DEC2026,16240000.000000,1,OPTFUT,NCO,50.000000,10,False
158810,GOLD26DEC162900PE,GOLD,29DEC2026,16290000.000000,1,OPTFUT,NCO,50.000000,10,False
158822,GOLD26DEC163500PE,GOLD,29DEC2026,16350000.000000,1,OPTFUT,NCO,50.000000,10,False
158827,GOLD26DEC163800CE,GOLD,29DEC2026,16380000.000000,1,OPTFUT,NCO,50.000000,10,False
158832,GOLD26DEC164000PE,GOLD,29DEC2026,16400000.000000,1,OPTFUT,NCO,50.000000,10,False
158833,GOLD26DEC164100CE,GOLD,29DEC2026,16410000.000000,1,OPTFUT,NCO,50.000000,10,False
158854,GOLD26DEC165100PE,GOLD,29DEC2026,16510000.000000,1,OPTFUT,NCO,50.000000,10,False
158855,GOLD26DEC165200CE,GOLD,29DEC2026,16520000.000000,1,OPTFUT,NCO,50.000000,10,False
159592,SILVERM26SEP331000PE,SILVERM,23SEP2026,33100000.000000,1,OPTFUT,NCO,50.000000,120,False
159606,SILVERM26SEP332750PE,SILVERM,23SEP2026,33275000.000000,1,OPTFUT,NCO,50.000000,120,False
159622,SILVERM26OCT331500PE,SILVERM,23OCT2026,33150000.000000,1,OPTFUT,NCO,50.000000,120,False
159647,SILVERM26OCT334750CE,SILVERM,23OCT2026,33475000.000000,1,OPTFUT,NCO,50.000000,120,False
159676,SILVERM26NOV335000PE,SILVERM,23NOV2026,33500000.000000,1,OPTFUT,NCO,50.000000,120,False
159682,SILVERM26NOV335750PE,SILVERM,23NOV2026,33575000.000000,1,OPTFUT,NCO,50.000000,120,False
159687,SILVERM26NOV336500CE,SILVERM,23NOV2026,33650000.000000,1,OPTFUT,NCO,50.000000,120,False
159689,SILVERM26NOV336750CE,SILVERM,23NOV2026,33675000.000000,1,OPTFUT,NCO,50.000000,120,False
159691,SILVERM26NOV337000CE,SILVERM,23NOV2026,33700000.000000,1,OPTFUT,NCO,50.000000,120,False
159693,SILVERM26DEC334000CE,SILVERM,23DEC2026,33400000.000000,1,OPTFUT,NCO,50.000000,120,False
159695,SILVERM26DEC334250CE,SILVERM,23DEC2026,33425000.000000,1,OPTFUT,NCO,50.000000,120,False
159699,SILVERM26DEC334750CE,SILVERM,23DEC2026,33475000.000000,1,OPTFUT,NCO,50.000000,120,False
159700,SILVERM26DEC334750PE,SILVERM,23DEC2026,33475000.000000,1,OPTFUT,NCO,50.000000,120,False
159701,SILVERM26DEC335000CE,SILVERM,23DEC2026,33500000.000000,1,OPTFUT,NCO,50.000000,120,False
159711,SILVERM26DEC336250CE,SILVERM,23DEC2026,33625000.000000,1,OPTFUT,NCO,50.000000,120,False
159712,SILVERM26DEC336250PE,SILVERM,23DEC2026,33625000.000000,1,OPTFUT,NCO,50.000000,120,False
159720,SILVERM26DEC337250PE,SILVERM,23DEC2026,33725000.000000,1,OPTFUT,NCO,50.000000,120,False
159727,SILVERM26DEC338250CE,SILVERM,23DEC2026,33825000.000000,1,OPTFUT,NCO,50.000000,120,False
159731,SILVERM26DEC338750CE,SILVERM,23DEC2026,33875000.000000,1,OPTFUT,NCO,50.000000,120,False
16,NATURALGASMINI,NATGASMINI,,-1.000000,1,UNDCOM,NCO,10.000000,240,False
161699,SILVERM26SEP337000CE,SILVERM,23SEP2026,33700000.000000,1,OPTFUT,NCO,50.000000,120,False
161733,SILVERM26SEP341250CE,SILVERM,23SEP2026,34125000.000000,1,OPTFUT,NCO,50.000000,120,False
161743,SILVERM26SEP342500CE,SILVERM,23SEP2026,34250000.000000,1,OPTFUT,NCO,50.000000,120,False
161765,SILVERM26SEP345250CE,SILVERM,23SEP2026,34525000.000000,1,OPTFUT,NCO,50.000000,120,False
161767,SILVERM26SEP345500CE,SILVERM,23SEP2026,34550000.000000,1,OPTFUT,NCO,50.000000,120,False
161810,SILVERM26SEP350750PE,SILVERM,23SEP2026,35075000.000000,1,OPTFUT,NCO,50.000000,120,False
161811,SILVERM26SEP351000CE,SILVERM,23SEP2026,35100000.000000,1,OPTFUT,NCO,50.000000,120,False
161854,SILVERM26SEP356250PE,SILVERM,23SEP2026,35625000.000000,1,OPTFUT,NCO,50.000000,120,False
161878,SILVERM26SEP359250PE,SILVERM,23SEP2026,35925000.000000,1,OPTFUT,NCO,50.000000,120,False
161911,SILVERM26SEP363500CE,SILVERM,23SEP2026,36350000.000000,1,OPTFUT,NCO,50.000000,120,False
161912,SILVERM26SEP363500PE,SILVERM,23SEP2026,36350000.000000,1,OPTFUT,NCO,50.000000,120,False
161916,SILVERM26SEP364000PE,SILVERM,23SEP2026,36400000.000000,1,OPTFUT,NCO,50.000000,120,False
161923,SILVERM26SEP365000CE,SILVERM,23SEP2026,36500000.000000,1,OPTFUT,NCO,50.000000,120,False
161944,SILVERM26OCT338500PE,SILVERM,23OCT2026,33850000.000000,1,OPTFUT,NCO,50.000000,120,False
161964,SILVERM26OCT341000PE,SILVERM,23OCT2026,34100000.000000,1,OPTFUT,NCO,50.000000,120,False
161970,SILVERM26OCT341750PE,SILVERM,23OCT2026,34175000.000000,1,OPTFUT,NCO,50.000000,120,False
161973,SILVERM26OCT342250CE,SILVERM,23OCT2026,34225000.000000,1,OPTFUT,NCO,50.000000,120,False
161986,SILVERM26OCT343750PE,SILVERM,23OCT2026,34375000.000000,1,OPTFUT,NCO,50.000000,120,False
161992,SILVERM26OCT344500PE,SILVERM,23OCT2026,34450000.000000,1,OPTFUT,NCO,50.000000,120,False
162004,SILVERM26OCT346000PE,SILVERM,23OCT2026,34600000.000000,1,OPTFUT,NCO,50.000000,120,False
162023,SILVERM26OCT348500CE,SILVERM,23OCT2026,34850000.000000,1,OPTFUT,NCO,50.000000,120,False
162025,SILVERM26OCT348750CE,SILVERM,23OCT2026,34875000.000000,1,OPTFUT,NCO,50.000000,120,False
162027,SILVERM26OCT349000CE,SILVERM,23OCT2026,34900000.000000,1,OPTFUT,NCO,50.000000,120,False
162036,SILVERM26OCT350000PE,SILVERM,23OCT2026,35000000.000000,1,OPTFUT,NCO,50.000000,120,False
162075,SILVERM26OCT355000CE,SILVERM,23OCT2026,35500000.000000,1,OPTFUT,NCO,50.000000,120,False
162079,SILVERM26OCT355500CE,SILVERM,23OCT2026,35550000.000000,1,OPTFUT,NCO,50.000000,120,False
162085,SILVERM26OCT356250CE,SILVERM,23OCT2026,35625000.000000,1,OPTFUT,NCO,50.000000,120,False
162090,SILVERM26OCT356750PE,SILVERM,23OCT2026,35675000.000000,1,OPTFUT,NCO,50.000000,120,False
162092,SILVERM26OCT357000PE,SILVERM,23OCT2026,35700000.000000,1,OPTFUT,NCO,50.000000,120,False
162109,SILVERM26OCT359250CE,SILVERM,23OCT2026,35925000.000000,1,OPTFUT,NCO,50.000000,120,False
162110,SILVERM26OCT359250PE,SILVERM,23OCT2026,35925000.000000,1,OPTFUT,NCO,50.000000,120,False
162121,SILVERM26OCT360750CE,SILVERM,23OCT2026,36075000.000000,1,OPTFUT,NCO,50.000000,120,False
162126,SILVERM26OCT361250PE,SILVERM,23OCT2026,36125000.000000,1,OPTFUT,NCO,50.000000,120,False
162129,SILVERM26OCT361750CE,SILVERM,23OCT2026,36175000.000000,1,OPTFUT,NCO,50.000000,120,False
162135,SILVERM26OCT362500CE,SILVERM,23OCT2026,36250000.000000,1,OPTFUT,NCO,50.000000,120,False
162147,SILVERM26OCT364000CE,SILVERM,23OCT2026,36400000.000000,1,OPTFUT,NCO,50.000000,120,False
162150,SILVERM26OCT364250PE,SILVERM,23OCT2026,36425000.000000,1,OPTFUT,NCO,50.000000,120,False
162175,SILVERM26OCT367500CE,SILVERM,23OCT2026,36750000.000000,1,OPTFUT,NCO,50.000000,120,False
162181,SILVERM26NOV339250CE,SILVERM,23NOV2026,33925000.000000,1,OPTFUT,NCO,50.000000,120,False
162186,SILVERM26NOV339750PE,SILVERM,23NOV2026,33975000.000000,1,OPTFUT,NCO,50.000000,120,False
162191,SILVERM26NOV340500CE,SILVERM,23NOV2026,34050000.000000,1,OPTFUT,NCO,50.000000,120,False
162205,SILVERM26NOV342250CE,SILVERM,23NOV2026,34225000.000000,1,OPTFUT,NCO,50.000000,120,False
162225,SILVERM26NOV344750CE,SILVERM,23NOV2026,34475000.000000,1,OPTFUT,NCO,50.000000,120,False
162242,SILVERM26NOV346750PE,SILVERM,23NOV2026,34675000.000000,1,OPTFUT,NCO,50.000000,120,False
162245,SILVERM26NOV347250CE,SILVERM,23NOV2026,34725000.000000,1,OPTFUT,NCO,50.000000,120,False
162258,SILVERM26NOV348750PE,SILVERM,23NOV2026,34875000.000000,1,OPTFUT,NCO,50.000000,120,False
162275,SILVERM26NOV351000CE,SILVERM,23NOV2026,35100000.000000,1,OPTFUT,NCO,50.000000,120,False
162290,SILVERM26NOV352750PE,SILVERM,23NOV2026,35275000.000000,1,OPTFUT,NCO,50.000000,120,False
162299,SILVERM26NOV354000CE,SILVERM,23NOV2026,35400000.000000,1,OPTFUT,NCO,50.000000,120,False
162305,SILVERM26NOV354750CE,SILVERM,23NOV2026,35475000.000000,1,OPTFUT,NCO,50.000000,120,False
162313,SILVERM26NOV355750CE,SILVERM,23NOV2026,35575000.000000,1,OPTFUT,NCO,50.000000,120,False
162316,SILVERM26NOV356000PE,SILVERM,23NOV2026,35600000.000000,1,OPTFUT,NCO,50.000000,120,False
162337,SILVERM26NOV358750CE,SILVERM,23NOV2026,35875000.000000,1,OPTFUT,NCO,50.000000,120,False
162349,SILVERM26NOV360250CE,SILVERM,23NOV2026,36025000.000000,1,OPTFUT,NCO,50.000000,120,False
162365,SILVERM26NOV362250CE,SILVERM,23NOV2026,36225000.000000,1,OPTFUT,NCO,50.000000,120,False
162379,SILVERM26NOV364000CE,SILVERM,23NOV2026,36400000.000000,1,OPTFUT,NCO,50.000000,120,False
162394,SILVERM26NOV365750PE,SILVERM,23NOV2026,36575000.000000,1,OPTFUT,NCO,50.000000,120,False
162395,SILVERM26NOV366000CE,SILVERM,23NOV2026,36600000.000000,1,OPTFUT,NCO,50.000000,120,False
162409,SILVERM26NOV367750CE,SILVERM,23NOV2026,36775000.000000,1,OPTFUT,NCO,50.000000,120,False
162410,SILVERM26NOV367750PE,SILVERM,23NOV2026,36775000.000000,1,OPTFUT,NCO,50.000000,120,False
162414,SILVERM26NOV368250PE,SILVERM,23NOV2026,36825000.000000,1,OPTFUT,NCO,50.000000,120,False
162426,SILVERM26NOV369750PE,SILVERM,23NOV2026,36975000.000000,1,OPTFUT,NCO,50.000000,120,False
162430,SILVERM26DEC341000PE,SILVERM,23DEC2026,34100000.000000,1,OPTFUT,NCO,50.000000,120,False
162431,SILVERM26DEC341250CE,SILVERM,23DEC2026,34125000.000000,1,OPTFUT,NCO,50.000000,120,False
162441,SILVERM26DEC342500CE,SILVERM,23DEC2026,34250000.000000,1,OPTFUT,NCO,50.000000,120,False
162445,SILVERM26DEC343000CE,SILVERM,23DEC2026,34300000.000000,1,OPTFUT,NCO,50.000000,120,False
162447,SILVERM26DEC343250CE,SILVERM,23DEC2026,34325000.000000,1,OPTFUT,NCO,50.000000,120,False
162454,SILVERM26DEC344000PE,SILVERM,23DEC2026,34400000.000000,1,OPTFUT,NCO,50.000000,120,False
162460,SILVERM26DEC344750PE,SILVERM,23DEC2026,34475000.000000,1,OPTFUT,NCO,50.000000,120,False
162462,SILVERM26DEC345000PE,SILVERM,23DEC2026,34500000.000000,1,OPTFUT,NCO,50.000000,120,False
162483,SILVERM26DEC347750CE,SILVERM,23DEC2026,34775000.000000,1,OPTFUT,NCO,50.000000,120,False
162486,SILVERM26DEC348000PE,SILVERM,23DEC2026,34800000.000000,1,OPTFUT,NCO,50.000000,120,False
162497,SILVERM26DEC349500CE,SILVERM,23DEC2026,34950000.000000,1,OPTFUT,NCO,50.000000,120,False
162500,SILVERM26DEC349750PE,SILVERM,23DEC2026,34975000.000000,1,OPTFUT,NCO,50.000000,120,False
162504,SILVERM26DEC350250PE,SILVERM,23DEC2026,35025000.000000,1,OPTFUT,NCO,50.000000,120,False
162505,SILVERM26DEC350500CE,SILVERM,23DEC2026,35050000.000000,1,OPTFUT,NCO,50.000000,120,False
162511,SILVERM26DEC351250CE,SILVERM,23DEC2026,35125000.000000,1,OPTFUT,NCO,50.000000,120,False
162513,SILVERM26DEC351500CE,SILVERM,23DEC2026,35150000.000000,1,OPTFUT,NCO,50.000000,120,False
162518,SILVERM26DEC352000PE,SILVERM,23DEC2026,35200000.000000,1,OPTFUT,NCO,50.000000,120,False
162519,SILVERM26DEC352250CE,SILVERM,23DEC2026,35225000.000000,1,OPTFUT,NCO,50.000000,120,False
162520,SILVERM26DEC352250PE,SILVERM,23DEC2026,35225000.000000,1,OPTFUT,NCO,50.000000,120,False
162526,SILVERM26DEC353000PE,SILVERM,23DEC2026,35300000.000000,1,OPTFUT,NCO,50.000000,120,False
162529,SILVERM26DEC353500CE,SILVERM,23DEC2026,35350000.000000,1,OPTFUT,NCO,50.000000,120,False
162544,SILVERM26DEC355250PE,SILVERM,23DEC2026,35525000.000000,1,OPTFUT,NCO,50.000000,120,False
162557,SILVERM26DEC357000CE,SILVERM,23DEC2026,35700000.000000,1,OPTFUT,NCO,50.000000,120,False
162563,SILVERM26DEC357750CE,SILVERM,23DEC2026,35775000.000000,1,OPTFUT,NCO,50.000000,120,False
162569,SILVERM26DEC358500CE,SILVERM,23DEC2026,35850000.000000,1,OPTFUT,NCO,50.000000,120,False
162570,SILVERM26DEC358500PE,SILVERM,23DEC2026,35850000.000000,1,OPTFUT,NCO,50.000000,120,False
162578,SILVERM26DEC359500PE,SILVERM,23DEC2026,35950000.000000,1,OPTFUT,NCO,50.000000,120,False
162590,SILVERM26DEC361000PE,SILVERM,23DEC2026,36100000.000000,1,OPTFUT,NCO,50.000000,120,False
162595,SILVERM26DEC361750CE,SILVERM,23DEC2026,36175000.000000,1,OPTFUT,NCO,50.000000,120,False
162607,SILVERM26DEC363250CE,SILVERM,23DEC2026,36325000.000000,1,OPTFUT,NCO,50.000000,120,False
162617,SILVERM26DEC364500CE,SILVERM,23DEC2026,36450000.000000,1,OPTFUT,NCO,50.000000,120,False
162640,SILVERM26DEC367250PE,SILVERM,23DEC2026,36725000.000000,1,OPTFUT,NCO,50.000000,120,False
162646,SILVERM26DEC368000PE,SILVERM,23DEC2026,36800000.000000,1,OPTFUT,NCO,50.000000,120,False
162657,SILVERM26DEC369500CE,SILVERM,23DEC2026,36950000.000000,1,OPTFUT,NCO,50.000000,120,False
162662,SILVERM26DEC370000PE,SILVERM,23DEC2026,37000000.000000,1,OPTFUT,NCO,50.000000,120,False
162668,SILVERM26DEC370750PE,SILVERM,23DEC2026,37075000.000000,1,OPTFUT,NCO,50.000000,120,False
162676,SILVERM26DEC371750PE,SILVERM,23DEC2026,37175000.000000,1,OPTFUT,NCO,50.000000,120,False
163934,GOLD26SEP168800PE,GOLD,25SEP2026,16880000.000000,1,OPTFUT,NCO,50.000000,10,False
163967,GOLD26SEP170500CE,GOLD,25SEP2026,17050000.000000,1,OPTFUT,NCO,50.000000,10,False
163988,GOLD26SEP171500PE,GOLD,25SEP2026,17150000.000000,1,OPTFUT,NCO,50.000000,10,False
163997,GOLD26SEP172000CE,GOLD,25SEP2026,17200000.000000,1,OPTFUT,NCO,50.000000,10,False
164007,GOLD26SEP172500CE,GOLD,25SEP2026,17250000.000000,1,OPTFUT,NCO,50.000000,10,False
164027,GOLD26SEP173500CE,GOLD,25SEP2026,17350000.000000,1,OPTFUT,NCO,50.000000,10,False
164028,GOLD26SEP173500PE,GOLD,25SEP2026,17350000.000000,1,OPTFUT,NCO,50.000000,10,False
164035,GOLD26SEP173900CE,GOLD,25SEP2026,17390000.000000,1,OPTFUT,NCO,50.000000,10,False
164036,GOLD26SEP173900PE,GOLD,25SEP2026,17390000.000000,1,OPTFUT,NCO,50.000000,10,False
164038,GOLD26SEP174000PE,GOLD,25SEP2026,17400000.000000,1,OPTFUT,NCO,50.000000,10,False
164052,GOLD26OCT169300PE,GOLD,29OCT2026,16930000.000000,1,OPTFUT,NCO,50.000000,10,False
164054,GOLD26OCT169400PE,GOLD,29OCT2026,16940000.000000,1,OPTFUT,NCO,50.000000,10,False
164068,GOLD26OCT170100PE,GOLD,29OCT2026,17010000.000000,1,OPTFUT,NCO,50.000000,10,False
164075,GOLD26OCT170500CE,GOLD,29OCT2026,17050000.000000,1,OPTFUT,NCO,50.000000,10,False
164087,GOLD26OCT171100CE,GOLD,29OCT2026,17110000.000000,1,OPTFUT,NCO,50.000000,10,False
164096,GOLD26OCT171500PE,GOLD,29OCT2026,17150000.000000,1,OPTFUT,NCO,50.000000,10,False
164099,GOLD26OCT171700CE,GOLD,29OCT2026,17170000.000000,1,OPTFUT,NCO,50.000000,10,False
164108,GOLD26OCT172100PE,GOLD,29OCT2026,17210000.000000,1,OPTFUT,NCO,50.000000,10,False
164116,GOLD26OCT172500PE,GOLD,29OCT2026,17250000.000000,1,OPTFUT,NCO,50.000000,10,False
164133,GOLD26OCT173400CE,GOLD,29OCT2026,17340000.000000,1,OPTFUT,NCO,50.000000,10,False
164137,GOLD26OCT173600CE,GOLD,29OCT2026,17360000.000000,1,OPTFUT,NCO,50.000000,10,False
164140,GOLD26OCT173700PE,GOLD,29OCT2026,17370000.000000,1,OPTFUT,NCO,50.000000,10,False
164159,GOLD26OCT174700CE,GOLD,29OCT2026,17470000.000000,1,OPTFUT,NCO,50.000000,10,False
164197,GOLD26NOV171200CE,GOLD,27NOV2026,17120000.000000,1,OPTFUT,NCO,50.000000,10,False
164202,GOLD26NOV171400PE,GOLD,27NOV2026,17140000.000000,1,OPTFUT,NCO,50.000000,10,False
164220,GOLD26NOV172300PE,GOLD,27NOV2026,17230000.000000,1,OPTFUT,NCO,50.000000,10,False
164231,GOLD26NOV172900CE,GOLD,27NOV2026,17290000.000000,1,OPTFUT,NCO,50.000000,10,False
164234,GOLD26NOV173000PE,GOLD,27NOV2026,17300000.000000,1,OPTFUT,NCO,50.000000,10,False
164251,GOLD26NOV173900CE,GOLD,27NOV2026,17390000.000000,1,OPTFUT,NCO,50.000000,10,False
164252,GOLD26NOV173900PE,GOLD,27NOV2026,17390000.000000,1,OPTFUT,NCO,50.000000,10,False
164258,GOLD26NOV174200PE,GOLD,27NOV2026,17420000.000000,1,OPTFUT,NCO,50.000000,10,False
164268,GOLD26NOV174700PE,GOLD,27NOV2026,17470000.000000,1,OPTFUT,NCO,50.000000,10,False
164279,GOLD26NOV175300CE,GOLD,27NOV2026,17530000.000000,1,OPTFUT,NCO,50.000000,10,False
164283,GOLD26NOV175500CE,GOLD,27NOV2026,17550000.000000,1,OPTFUT,NCO,50.000000,10,False
164295,GOLD26NOV176100CE,GOLD,27NOV2026,17610000.000000,1,OPTFUT,NCO,50.000000,10,False
164306,GOLD26DEC171200PE,GOLD,29DEC2026,17120000.000000,1,OPTFUT,NCO,50.000000,10,False
164309,GOLD26DEC171400CE,GOLD,29DEC2026,17140000.000000,1,OPTFUT,NCO,50.000000,10,False
164314,GOLD26DEC171600PE,GOLD,29DEC2026,17160000.000000,1,OPTFUT,NCO,50.000000,10,False
164326,GOLD26DEC172200PE,GOLD,29DEC2026,17220000.000000,1,OPTFUT,NCO,50.000000,10,False
164338,GOLD26DEC172800PE,GOLD,29DEC2026,17280000.000000,1,OPTFUT,NCO,50.000000,10,False
164347,GOLD26DEC173300CE,GOLD,29DEC2026,17330000.000000,1,OPTFUT,NCO,50.000000,10,False
164350,GOLD26DEC173400PE,GOLD,29DEC2026,17340000.000000,1,OPTFUT,NCO,50.000000,10,False
164370,GOLD26DEC174400PE,GOLD,29DEC2026,17440000.000000,1,OPTFUT,NCO,50.000000,10,False
164379,GOLD26DEC174900CE,GOLD,29DEC2026,17490000.000000,1,OPTFUT,NCO,50.000000,10,False
164387,GOLD26DEC175300CE,GOLD,29DEC2026,17530000.000000,1,OPTFUT,NCO,50.000000,10,False
164390,GOLD26DEC175400PE,GOLD,29DEC2026,17540000.000000,1,OPTFUT,NCO,50.000000,10,False
164394,GOLD26DEC175600PE,GOLD,29DEC2026,17560000.000000,1,OPTFUT,NCO,50.000000,10,False
164405,GOLD26DEC176200CE,GOLD,29DEC2026,17620000.000000,1,OPTFUT,NCO,50.000000,10,False
165725,SILVERM26SEP366250CE,SILVERM,23SEP2026,36625000.000000,1,OPTFUT,NCO,50.000000,120,False
165751,SILVERM26SEP369500CE,SILVERM,23SEP2026,36950000.000000,1,OPTFUT,NCO,50.000000,120,False
165757,SILVERM26SEP370250CE,SILVERM,23SEP2026,37025000.000000,1,OPTFUT,NCO,50.000000,120,False
165774,SILVERM26SEP372250PE,SILVERM,23SEP2026,37225000.000000,1,OPTFUT,NCO,50.000000,120,False
165779,SILVERM26SEP373000CE,SILVERM,23SEP2026,37300000.000000,1,OPTFUT,NCO,50.000000,120,False
165781,SILVERM26SEP373250CE,SILVERM,23SEP2026,37325000.000000,1,OPTFUT,NCO,50.000000,120,False
165793,SILVERM26SEP374750CE,SILVERM,23SEP2026,37475000.000000,1,OPTFUT,NCO,50.000000,120,False
165816,SILVERM26SEP377500PE,SILVERM,23SEP2026,37750000.000000,1,OPTFUT,NCO,50.000000,120,False
165841,SILVERM26SEP380750CE,SILVERM,23SEP2026,38075000.000000,1,OPTFUT,NCO,50.000000,120,False
165842,SILVERM26SEP380750PE,SILVERM,23SEP2026,38075000.000000,1,OPTFUT,NCO,50.000000,120,False
165843,SILVERM26SEP381000CE,SILVERM,23SEP2026,38100000.000000,1,OPTFUT,NCO,50.000000,120,False
165863,SILVERM26OCT368750CE,SILVERM,23OCT2026,36875000.000000,1,OPTFUT,NCO,50.000000,120,False
165873,SILVERM26OCT370000CE,SILVERM,23OCT2026,37000000.000000,1,OPTFUT,NCO,50.000000,120,False
165883,SILVERM26OCT371250CE,SILVERM,23OCT2026,37125000.000000,1,OPTFUT,NCO,50.000000,120,False
165892,SILVERM26OCT372250PE,SILVERM,23OCT2026,37225000.000000,1,OPTFUT,NCO,50.000000,120,False
165904,SILVERM26OCT373750PE,SILVERM,23OCT2026,37375000.000000,1,OPTFUT,NCO,50.000000,120,False
165907,SILVERM26OCT374250CE,SILVERM,23OCT2026,37425000.000000,1,OPTFUT,NCO,50.000000,120,False
165910,SILVERM26OCT374500PE,SILVERM,23OCT2026,37450000.000000,1,OPTFUT,NCO,50.000000,120,False
165916,SILVERM26OCT375250PE,SILVERM,23OCT2026,37525000.000000,1,OPTFUT,NCO,50.000000,120,False
165919,SILVERM26OCT375750CE,SILVERM,23OCT2026,37575000.000000,1,OPTFUT,NCO,50.000000,120,False
165942,SILVERM26OCT378500PE,SILVERM,23OCT2026,37850000.000000,1,OPTFUT,NCO,50.000000,120,False
165948,SILVERM26OCT379250PE,SILVERM,23OCT2026,37925000.000000,1,OPTFUT,NCO,50.000000,120,False
165983,SILVERM26OCT383750CE,SILVERM,23OCT2026,38375000.000000,1,OPTFUT,NCO,50.000000,120,False
165987,SILVERM26OCT384250CE,SILVERM,23OCT2026,38425000.000000,1,OPTFUT,NCO,50.000000,120,False
165991,SILVERM26NOV370000CE,SILVERM,23NOV2026,37000000.000000,1,OPTFUT,NCO,50.000000,120,False
165995,SILVERM26NOV370500CE,SILVERM,23NOV2026,37050000.000000,1,OPTFUT,NCO,50.000000,120,False
166007,SILVERM26NOV372000CE,SILVERM,23NOV2026,37200000.000000,1,OPTFUT,NCO,50.000000,120,False
166008,SILVERM26NOV372000PE,SILVERM,23NOV2026,37200000.000000,1,OPTFUT,NCO,50.000000,120,False
166009,SILVERM26NOV372250CE,SILVERM,23NOV2026,37225000.000000,1,OPTFUT,NCO,50.000000,120,False
166024,SILVERM26NOV374000PE,SILVERM,23NOV2026,37400000.000000,1,OPTFUT,NCO,50.000000,120,False
166031,SILVERM26NOV375000CE,SILVERM,23NOV2026,37500000.000000,1,OPTFUT,NCO,50.000000,120,False
166038,SILVERM26NOV375750PE,SILVERM,23NOV2026,37575000.000000,1,OPTFUT,NCO,50.000000,120,False
166057,SILVERM26NOV378250CE,SILVERM,23NOV2026,37825000.000000,1,OPTFUT,NCO,50.000000,120,False
166058,SILVERM26NOV378250PE,SILVERM,23NOV2026,37825000.000000,1,OPTFUT,NCO,50.000000,120,False
166080,SILVERM26NOV381000PE,SILVERM,23NOV2026,38100000.000000,1,OPTFUT,NCO,50.000000,120,False
166092,SILVERM26NOV382500PE,SILVERM,23NOV2026,38250000.000000,1,OPTFUT,NCO,50.000000,120,False
166102,SILVERM26NOV383750PE,SILVERM,23NOV2026,38375000.000000,1,OPTFUT,NCO,50.000000,120,False
166113,SILVERM26NOV385250CE,SILVERM,23NOV2026,38525000.000000,1,OPTFUT,NCO,50.000000,120,False
166116,SILVERM26NOV385500PE,SILVERM,23NOV2026,38550000.000000,1,OPTFUT,NCO,50.000000,120,False
166118,SILVERM26NOV385750PE,SILVERM,23NOV2026,38575000.000000,1,OPTFUT,NCO,50.000000,120,False
166161,SILVERM26DEC376500CE,SILVERM,23DEC2026,37650000.000000,1,OPTFUT,NCO,50.000000,120,False
166122,SILVERM26NOV386250PE,SILVERM,23NOV2026,38625000.000000,1,OPTFUT,NCO,50.000000,120,False
166138,SILVERM26DEC373500PE,SILVERM,23DEC2026,37350000.000000,1,OPTFUT,NCO,50.000000,120,False
166159,SILVERM26DEC376250CE,SILVERM,23DEC2026,37625000.000000,1,OPTFUT,NCO,50.000000,120,False
166162,SILVERM26DEC376500PE,SILVERM,23DEC2026,37650000.000000,1,OPTFUT,NCO,50.000000,120,False
166166,SILVERM26DEC377000PE,SILVERM,23DEC2026,37700000.000000,1,OPTFUT,NCO,50.000000,120,False
166170,SILVERM26DEC377500PE,SILVERM,23DEC2026,37750000.000000,1,OPTFUT,NCO,50.000000,120,False
166172,SILVERM26DEC377750PE,SILVERM,23DEC2026,37775000.000000,1,OPTFUT,NCO,50.000000,120,False
166174,SILVERM26DEC378000PE,SILVERM,23DEC2026,37800000.000000,1,OPTFUT,NCO,50.000000,120,False
166187,SILVERM26DEC379750CE,SILVERM,23DEC2026,37975000.000000,1,OPTFUT,NCO,50.000000,120,False
166190,SILVERM26DEC380000PE,SILVERM,23DEC2026,38000000.000000,1,OPTFUT,NCO,50.000000,120,False
166217,SILVERM26DEC383500CE,SILVERM,23DEC2026,38350000.000000,1,OPTFUT,NCO,50.000000,120,False
166228,SILVERM26DEC384750PE,SILVERM,23DEC2026,38475000.000000,1,OPTFUT,NCO,50.000000,120,False
166229,SILVERM26DEC385000CE,SILVERM,23DEC2026,38500000.000000,1,OPTFUT,NCO,50.000000,120,False
166258,SILVERM26DEC388500PE,SILVERM,23DEC2026,38850000.000000,1,OPTFUT,NCO,50.000000,120,False
168183,GOLD26SEP174700CE,GOLD,25SEP2026,17470000.000000,1,OPTFUT,NCO,50.000000,10,False
168191,GOLD26SEP175100CE,GOLD,25SEP2026,17510000.000000,1,OPTFUT,NCO,50.000000,10,False
168197,GOLD26SEP175400CE,GOLD,25SEP2026,17540000.000000,1,OPTFUT,NCO,50.000000,10,False
168206,GOLD26SEP175800PE,GOLD,25SEP2026,17580000.000000,1,OPTFUT,NCO,50.000000,10,False
168216,GOLD26SEP176300PE,GOLD,25SEP2026,17630000.000000,1,OPTFUT,NCO,50.000000,10,False
168221,GOLD26SEP176600CE,GOLD,25SEP2026,17660000.000000,1,OPTFUT,NCO,50.000000,10,False
168226,GOLD26SEP176800PE,GOLD,25SEP2026,17680000.000000,1,OPTFUT,NCO,50.000000,10,False
168231,GOLD26SEP177100CE,GOLD,25SEP2026,17710000.000000,1,OPTFUT,NCO,50.000000,10,False
168238,GOLD26SEP177400PE,GOLD,25SEP2026,17740000.000000,1,OPTFUT,NCO,50.000000,10,False
168258,GOLD26SEP178400PE,GOLD,25SEP2026,17840000.000000,1,OPTFUT,NCO,50.000000,10,False
168269,GOLD26SEP179000CE,GOLD,25SEP2026,17900000.000000,1,OPTFUT,NCO,50.000000,10,False
168290,GOLD26SEP180000PE,GOLD,25SEP2026,18000000.000000,1,OPTFUT,NCO,50.000000,10,False
168299,GOLD26SEP180500CE,GOLD,25SEP2026,18050000.000000,1,OPTFUT,NCO,50.000000,10,False
168315,GOLD26SEP181300CE,GOLD,25SEP2026,18130000.000000,1,OPTFUT,NCO,50.000000,10,False
168324,GOLD26SEP181700PE,GOLD,25SEP2026,18170000.000000,1,OPTFUT,NCO,50.000000,10,False
168332,GOLD26SEP182100PE,GOLD,25SEP2026,18210000.000000,1,OPTFUT,NCO,50.000000,10,False
168334,GOLD26SEP182200PE,GOLD,25SEP2026,18220000.000000,1,OPTFUT,NCO,50.000000,10,False
168345,GOLD26SEP182800CE,GOLD,25SEP2026,18280000.000000,1,OPTFUT,NCO,50.000000,10,False
168369,GOLD26SEP184000CE,GOLD,25SEP2026,18400000.000000,1,OPTFUT,NCO,50.000000,10,False
168376,GOLD26SEP184300PE,GOLD,25SEP2026,18430000.000000,1,OPTFUT,NCO,50.000000,10,False
168396,GOLD26SEP185300PE,GOLD,25SEP2026,18530000.000000,1,OPTFUT,NCO,50.000000,10,False
168416,GOLD26OCT176300PE,GOLD,29OCT2026,17630000.000000,1,OPTFUT,NCO,50.000000,10,False
168422,GOLD26OCT176600PE,GOLD,29OCT2026,17660000.000000,1,OPTFUT,NCO,50.000000,10,False
168425,GOLD26OCT176800CE,GOLD,29OCT2026,17680000.000000,1,OPTFUT,NCO,50.000000,10,False
168428,GOLD26OCT176900PE,GOLD,29OCT2026,17690000.000000,1,OPTFUT,NCO,50.000000,10,False
168432,GOLD26OCT177100PE,GOLD,29OCT2026,17710000.000000,1,OPTFUT,NCO,50.000000,10,False
168441,GOLD26OCT177600CE,GOLD,29OCT2026,17760000.000000,1,OPTFUT,NCO,50.000000,10,False
168450,GOLD26OCT178000PE,GOLD,29OCT2026,17800000.000000,1,OPTFUT,NCO,50.000000,10,False
168451,GOLD26OCT178100CE,GOLD,29OCT2026,17810000.000000,1,OPTFUT,NCO,50.000000,10,False
168460,GOLD26OCT178500PE,GOLD,29OCT2026,17850000.000000,1,OPTFUT,NCO,50.000000,10,False
168466,GOLD26OCT178800PE,GOLD,29OCT2026,17880000.000000,1,OPTFUT,NCO,50.000000,10,False
168468,GOLD26OCT178900PE,GOLD,29OCT2026,17890000.000000,1,OPTFUT,NCO,50.000000,10,False
168479,GOLD26OCT179500CE,GOLD,29OCT2026,17950000.000000,1,OPTFUT,NCO,50.000000,10,False
168480,GOLD26OCT179500PE,GOLD,29OCT2026,17950000.000000,1,OPTFUT,NCO,50.000000,10,False
168492,GOLD26OCT180100PE,GOLD,29OCT2026,18010000.000000,1,OPTFUT,NCO,50.000000,10,False
168531,GOLD26OCT182100CE,GOLD,29OCT2026,18210000.000000,1,OPTFUT,NCO,50.000000,10,False
168532,GOLD26OCT182100PE,GOLD,29OCT2026,18210000.000000,1,OPTFUT,NCO,50.000000,10,False
168534,GOLD26OCT182200PE,GOLD,29OCT2026,18220000.000000,1,OPTFUT,NCO,50.000000,10,False
168537,GOLD26OCT182400CE,GOLD,29OCT2026,18240000.000000,1,OPTFUT,NCO,50.000000,10,False
168543,GOLD26OCT182700CE,GOLD,29OCT2026,18270000.000000,1,OPTFUT,NCO,50.000000,10,False
168557,GOLD26OCT183400CE,GOLD,29OCT2026,18340000.000000,1,OPTFUT,NCO,50.000000,10,False
168569,GOLD26OCT184000CE,GOLD,29OCT2026,18400000.000000,1,OPTFUT,NCO,50.000000,10,False
168576,GOLD26OCT184300PE,GOLD,29OCT2026,18430000.000000,1,OPTFUT,NCO,50.000000,10,False
168578,GOLD26OCT184400PE,GOLD,29OCT2026,18440000.000000,1,OPTFUT,NCO,50.000000,10,False
168579,GOLD26OCT184500CE,GOLD,29OCT2026,18450000.000000,1,OPTFUT,NCO,50.000000,10,False
168589,GOLD26OCT185000CE,GOLD,29OCT2026,18500000.000000,1,OPTFUT,NCO,50.000000,10,False
168591,GOLD26OCT185100CE,GOLD,29OCT2026,18510000.000000,1,OPTFUT,NCO,50.000000,10,False
168597,GOLD26OCT185400CE,GOLD,29OCT2026,18540000.000000,1,OPTFUT,NCO,50.000000,10,False
168604,GOLD26OCT185700PE,GOLD,29OCT2026,18570000.000000,1,OPTFUT,NCO,50.000000,10,False
168615,GOLD26OCT186300CE,GOLD,29OCT2026,18630000.000000,1,OPTFUT,NCO,50.000000,10,False
168622,GOLD26NOV176500PE,GOLD,27NOV2026,17650000.000000,1,OPTFUT,NCO,50.000000,10,False
168623,GOLD26NOV176600CE,GOLD,27NOV2026,17660000.000000,1,OPTFUT,NCO,50.000000,10,False
168626,GOLD26NOV176700PE,GOLD,27NOV2026,17670000.000000,1,OPTFUT,NCO,50.000000,10,False
168641,GOLD26NOV177500CE,GOLD,27NOV2026,17750000.000000,1,OPTFUT,NCO,50.000000,10,False
168646,GOLD26NOV177700PE,GOLD,27NOV2026,17770000.000000,1,OPTFUT,NCO,50.000000,10,False
168653,GOLD26NOV178100CE,GOLD,27NOV2026,17810000.000000,1,OPTFUT,NCO,50.000000,10,False
168666,GOLD26NOV178700PE,GOLD,27NOV2026,17870000.000000,1,OPTFUT,NCO,50.000000,10,False
168670,GOLD26NOV178900PE,GOLD,27NOV2026,17890000.000000,1,OPTFUT,NCO,50.000000,10,False
168672,GOLD26NOV179000PE,GOLD,27NOV2026,17900000.000000,1,OPTFUT,NCO,50.000000,10,False
168690,GOLD26NOV179900PE,GOLD,27NOV2026,17990000.000000,1,OPTFUT,NCO,50.000000,10,False
168705,GOLD26NOV180700CE,GOLD,27NOV2026,18070000.000000,1,OPTFUT,NCO,50.000000,10,False
168720,GOLD26NOV181400PE,GOLD,27NOV2026,18140000.000000,1,OPTFUT,NCO,50.000000,10,False
168723,GOLD26NOV181600CE,GOLD,27NOV2026,18160000.000000,1,OPTFUT,NCO,50.000000,10,False
168724,GOLD26NOV181600PE,GOLD,27NOV2026,18160000.000000,1,OPTFUT,NCO,50.000000,10,False
168726,GOLD26NOV181700PE,GOLD,27NOV2026,18170000.000000,1,OPTFUT,NCO,50.000000,10,False
168729,GOLD26NOV181900CE,GOLD,27NOV2026,18190000.000000,1,OPTFUT,NCO,50.000000,10,False
168750,GOLD26NOV182900PE,GOLD,27NOV2026,18290000.000000,1,OPTFUT,NCO,50.000000,10,False
168785,GOLD26NOV184700CE,GOLD,27NOV2026,18470000.000000,1,OPTFUT,NCO,50.000000,10,False
168789,GOLD26NOV184900CE,GOLD,27NOV2026,18490000.000000,1,OPTFUT,NCO,50.000000,10,False
168791,GOLD26NOV185000CE,GOLD,27NOV2026,18500000.000000,1,OPTFUT,NCO,50.000000,10,False
168798,GOLD26NOV185300PE,GOLD,27NOV2026,18530000.000000,1,OPTFUT,NCO,50.000000,10,False
168803,GOLD26NOV185600CE,GOLD,27NOV2026,18560000.000000,1,OPTFUT,NCO,50.000000,10,False
168810,GOLD26NOV185900PE,GOLD,27NOV2026,18590000.000000,1,OPTFUT,NCO,50.000000,10,False
168821,GOLD26NOV186500CE,GOLD,27NOV2026,18650000.000000,1,OPTFUT,NCO,50.000000,10,False
168827,GOLD26NOV186800CE,GOLD,27NOV2026,18680000.000000,1,OPTFUT,NCO,50.000000,10,False
168830,GOLD26NOV186900PE,GOLD,27NOV2026,18690000.000000,1,OPTFUT,NCO,50.000000,10,False
168839,GOLD26DEC177300CE,GOLD,29DEC2026,17730000.000000,1,OPTFUT,NCO,50.000000,10,False
168844,GOLD26DEC177500PE,GOLD,29DEC2026,17750000.000000,1,OPTFUT,NCO,50.000000,10,False
168852,GOLD26DEC177900PE,GOLD,29DEC2026,17790000.000000,1,OPTFUT,NCO,50.000000,10,False
168868,GOLD26DEC178700PE,GOLD,29DEC2026,17870000.000000,1,OPTFUT,NCO,50.000000,10,False
168870,GOLD26DEC178800PE,GOLD,29DEC2026,17880000.000000,1,OPTFUT,NCO,50.000000,10,False
168897,GOLD26DEC180200CE,GOLD,29DEC2026,18020000.000000,1,OPTFUT,NCO,50.000000,10,False
168929,GOLD26DEC181800CE,GOLD,29DEC2026,18180000.000000,1,OPTFUT,NCO,50.000000,10,False
168931,GOLD26DEC181900CE,GOLD,29DEC2026,18190000.000000,1,OPTFUT,NCO,50.000000,10,False
168935,GOLD26DEC182100CE,GOLD,29DEC2026,18210000.000000,1,OPTFUT,NCO,50.000000,10,False
168939,GOLD26DEC182300CE,GOLD,29DEC2026,18230000.000000,1,OPTFUT,NCO,50.000000,10,False
168948,GOLD26DEC182700PE,GOLD,29DEC2026,18270000.000000,1,OPTFUT,NCO,50.000000,10,False
168950,GOLD26DEC182800PE,GOLD,29DEC2026,18280000.000000,1,OPTFUT,NCO,50.000000,10,False
168965,GOLD26DEC183600CE,GOLD,29DEC2026,18360000.000000,1,OPTFUT,NCO,50.000000,10,False
168985,GOLD26DEC184600CE,GOLD,29DEC2026,18460000.000000,1,OPTFUT,NCO,50.000000,10,False
168986,GOLD26DEC184600PE,GOLD,29DEC2026,18460000.000000,1,OPTFUT,NCO,50.000000,10,False
168992,GOLD26DEC184900PE,GOLD,29DEC2026,18490000.000000,1,OPTFUT,NCO,50.000000,10,False
168997,GOLD26DEC185200CE,GOLD,29DEC2026,18520000.000000,1,OPTFUT,NCO,50.000000,10,False
168998,GOLD26DEC185200PE,GOLD,29DEC2026,18520000.000000,1,OPTFUT,NCO,50.000000,10,False
169033,GOLD26DEC187000CE,GOLD,29DEC2026,18700000.000000,1,OPTFUT,NCO,50.000000,10,False
169037,GOLD26DEC187200CE,GOLD,29DEC2026,18720000.000000,1,OPTFUT,NCO,50.000000,10,False
169042,GOLD26DEC187400PE,GOLD,29DEC2026,18740000.000000,1,OPTFUT,NCO,50.000000,10,False
170798,SILVERM26SEP383000PE,SILVERM,23SEP2026,38300000.000000,1,OPTFUT,NCO,50.000000,120,False
169048,GOLD26DEC187700PE,GOLD,29DEC2026,18770000.000000,1,OPTFUT,NCO,50.000000,10,False
169053,GOLD26DEC188000CE,GOLD,29DEC2026,18800000.000000,1,OPTFUT,NCO,50.000000,10,False
169055,GOLD26DEC188100CE,GOLD,29DEC2026,18810000.000000,1,OPTFUT,NCO,50.000000,10,False
170832,SILVERM26SEP387250PE,SILVERM,23SEP2026,38725000.000000,1,OPTFUT,NCO,50.000000,120,False
170811,SILVERM26SEP384750CE,SILVERM,23SEP2026,38475000.000000,1,OPTFUT,NCO,50.000000,120,False
170814,SILVERM26SEP385000PE,SILVERM,23SEP2026,38500000.000000,1,OPTFUT,NCO,50.000000,120,False
170817,SILVERM26SEP385500CE,SILVERM,23SEP2026,38550000.000000,1,OPTFUT,NCO,50.000000,120,False
170840,SILVERM26SEP388250PE,SILVERM,23SEP2026,38825000.000000,1,OPTFUT,NCO,50.000000,120,False
170845,SILVERM26SEP389000CE,SILVERM,23SEP2026,38900000.000000,1,OPTFUT,NCO,50.000000,120,False
170876,SILVERM26SEP392750PE,SILVERM,23SEP2026,39275000.000000,1,OPTFUT,NCO,50.000000,120,False
170879,SILVERM26SEP393250CE,SILVERM,23SEP2026,39325000.000000,1,OPTFUT,NCO,50.000000,120,False
170887,SILVERM26SEP394250CE,SILVERM,23SEP2026,39425000.000000,1,OPTFUT,NCO,50.000000,120,False
170892,SILVERM26SEP394750PE,SILVERM,23SEP2026,39475000.000000,1,OPTFUT,NCO,50.000000,120,False
170897,SILVERM26SEP395500CE,SILVERM,23SEP2026,39550000.000000,1,OPTFUT,NCO,50.000000,120,False
170947,SILVERM26SEP401750CE,SILVERM,23SEP2026,40175000.000000,1,OPTFUT,NCO,50.000000,120,False
170955,SILVERM26SEP402750CE,SILVERM,23SEP2026,40275000.000000,1,OPTFUT,NCO,50.000000,120,False
170963,SILVERM26SEP403750CE,SILVERM,23SEP2026,40375000.000000,1,OPTFUT,NCO,50.000000,120,False
170964,SILVERM26SEP403750PE,SILVERM,23SEP2026,40375000.000000,1,OPTFUT,NCO,50.000000,120,False
170965,SILVERM26SEP404000CE,SILVERM,23SEP2026,40400000.000000,1,OPTFUT,NCO,50.000000,120,False
170973,SILVERM26OCT384750CE,SILVERM,23OCT2026,38475000.000000,1,OPTFUT,NCO,50.000000,120,False
170975,SILVERM26OCT385000CE,SILVERM,23OCT2026,38500000.000000,1,OPTFUT,NCO,50.000000,120,False
170994,SILVERM26OCT387250PE,SILVERM,23OCT2026,38725000.000000,1,OPTFUT,NCO,50.000000,120,False
170997,SILVERM26OCT387750CE,SILVERM,23OCT2026,38775000.000000,1,OPTFUT,NCO,50.000000,120,False
170998,SILVERM26OCT387750PE,SILVERM,23OCT2026,38775000.000000,1,OPTFUT,NCO,50.000000,120,False
171006,SILVERM26OCT388750PE,SILVERM,23OCT2026,38875000.000000,1,OPTFUT,NCO,50.000000,120,False
171014,SILVERM26OCT389750PE,SILVERM,23OCT2026,38975000.000000,1,OPTFUT,NCO,50.000000,120,False
171017,SILVERM26OCT390250CE,SILVERM,23OCT2026,39025000.000000,1,OPTFUT,NCO,50.000000,120,False
171024,SILVERM26OCT391000PE,SILVERM,23OCT2026,39100000.000000,1,OPTFUT,NCO,50.000000,120,False
171059,SILVERM26OCT395500CE,SILVERM,23OCT2026,39550000.000000,1,OPTFUT,NCO,50.000000,120,False
171068,SILVERM26OCT396500PE,SILVERM,23OCT2026,39650000.000000,1,OPTFUT,NCO,50.000000,120,False
171072,SILVERM26OCT397000PE,SILVERM,23OCT2026,39700000.000000,1,OPTFUT,NCO,50.000000,120,False
171078,SILVERM26OCT397750PE,SILVERM,23OCT2026,39775000.000000,1,OPTFUT,NCO,50.000000,120,False
171086,SILVERM26OCT398750PE,SILVERM,23OCT2026,39875000.000000,1,OPTFUT,NCO,50.000000,120,False
171100,SILVERM26OCT400500PE,SILVERM,23OCT2026,40050000.000000,1,OPTFUT,NCO,50.000000,120,False
171121,SILVERM26OCT403250CE,SILVERM,23OCT2026,40325000.000000,1,OPTFUT,NCO,50.000000,120,False
171122,SILVERM26OCT403250PE,SILVERM,23OCT2026,40325000.000000,1,OPTFUT,NCO,50.000000,120,False
171169,SILVERM26NOV389000CE,SILVERM,23NOV2026,38900000.000000,1,OPTFUT,NCO,50.000000,120,False
171171,SILVERM26NOV389250CE,SILVERM,23NOV2026,38925000.000000,1,OPTFUT,NCO,50.000000,120,False
171173,SILVERM26NOV389500CE,SILVERM,23NOV2026,38950000.000000,1,OPTFUT,NCO,50.000000,120,False
171186,SILVERM26NOV391000PE,SILVERM,23NOV2026,39100000.000000,1,OPTFUT,NCO,50.000000,120,False
171187,SILVERM26NOV391250CE,SILVERM,23NOV2026,39125000.000000,1,OPTFUT,NCO,50.000000,120,False
171193,SILVERM26NOV392000CE,SILVERM,23NOV2026,39200000.000000,1,OPTFUT,NCO,50.000000,120,False
171194,SILVERM26NOV392000PE,SILVERM,23NOV2026,39200000.000000,1,OPTFUT,NCO,50.000000,120,False
171221,SILVERM26NOV395500CE,SILVERM,23NOV2026,39550000.000000,1,OPTFUT,NCO,50.000000,120,False
171195,SILVERM26NOV392250CE,SILVERM,23NOV2026,39225000.000000,1,OPTFUT,NCO,50.000000,120,False
171218,SILVERM26NOV395000PE,SILVERM,23NOV2026,39500000.000000,1,OPTFUT,NCO,50.000000,120,False
171220,SILVERM26NOV395250PE,SILVERM,23NOV2026,39525000.000000,1,OPTFUT,NCO,50.000000,120,False
171229,SILVERM26NOV396500CE,SILVERM,23NOV2026,39650000.000000,1,OPTFUT,NCO,50.000000,120,False
171231,SILVERM26NOV396750CE,SILVERM,23NOV2026,39675000.000000,1,OPTFUT,NCO,50.000000,120,False
171236,SILVERM26NOV397250PE,SILVERM,23NOV2026,39725000.000000,1,OPTFUT,NCO,50.000000,120,False
171244,SILVERM26NOV398250PE,SILVERM,23NOV2026,39825000.000000,1,OPTFUT,NCO,50.000000,120,False
171250,SILVERM26NOV399000PE,SILVERM,23NOV2026,39900000.000000,1,OPTFUT,NCO,50.000000,120,False
171256,SILVERM26NOV399750PE,SILVERM,23NOV2026,39975000.000000,1,OPTFUT,NCO,50.000000,120,False
171260,SILVERM26NOV400250PE,SILVERM,23NOV2026,40025000.000000,1,OPTFUT,NCO,50.000000,120,False
171262,SILVERM26NOV400500PE,SILVERM,23NOV2026,40050000.000000,1,OPTFUT,NCO,50.000000,120,False
171264,SILVERM26NOV400750PE,SILVERM,23NOV2026,40075000.000000,1,OPTFUT,NCO,50.000000,120,False
171275,SILVERM26NOV402250CE,SILVERM,23NOV2026,40225000.000000,1,OPTFUT,NCO,50.000000,120,False
171285,SILVERM26NOV403500CE,SILVERM,23NOV2026,40350000.000000,1,OPTFUT,NCO,50.000000,120,False
171287,SILVERM26NOV403750CE,SILVERM,23NOV2026,40375000.000000,1,OPTFUT,NCO,50.000000,120,False
171289,SILVERM26NOV404000CE,SILVERM,23NOV2026,40400000.000000,1,OPTFUT,NCO,50.000000,120,False
171297,SILVERM26NOV405000CE,SILVERM,23NOV2026,40500000.000000,1,OPTFUT,NCO,50.000000,120,False
171302,SILVERM26NOV405500PE,SILVERM,23NOV2026,40550000.000000,1,OPTFUT,NCO,50.000000,120,False
171303,SILVERM26NOV405750CE,SILVERM,23NOV2026,40575000.000000,1,OPTFUT,NCO,50.000000,120,False
171309,SILVERM26NOV406500CE,SILVERM,23NOV2026,40650000.000000,1,OPTFUT,NCO,50.000000,120,False
171314,SILVERM26NOV407000PE,SILVERM,23NOV2026,40700000.000000,1,OPTFUT,NCO,50.000000,120,False
171326,SILVERM26NOV408500PE,SILVERM,23NOV2026,40850000.000000,1,OPTFUT,NCO,50.000000,120,False
171348,SILVERM26DEC390750PE,SILVERM,23DEC2026,39075000.000000,1,OPTFUT,NCO,50.000000,120,False
171376,SILVERM26DEC394250PE,SILVERM,23DEC2026,39425000.000000,1,OPTFUT,NCO,50.000000,120,False
171381,SILVERM26DEC395000CE,SILVERM,23DEC2026,39500000.000000,1,OPTFUT,NCO,50.000000,120,False
171382,SILVERM26DEC395000PE,SILVERM,23DEC2026,39500000.000000,1,OPTFUT,NCO,50.000000,120,False
171384,SILVERM26DEC395250PE,SILVERM,23DEC2026,39525000.000000,1,OPTFUT,NCO,50.000000,120,False
171388,SILVERM26DEC395750PE,SILVERM,23DEC2026,39575000.000000,1,OPTFUT,NCO,50.000000,120,False
171406,SILVERM26DEC398000PE,SILVERM,23DEC2026,39800000.000000,1,OPTFUT,NCO,50.000000,120,False
171413,SILVERM26DEC399000CE,SILVERM,23DEC2026,39900000.000000,1,OPTFUT,NCO,50.000000,120,False
171414,SILVERM26DEC399000PE,SILVERM,23DEC2026,39900000.000000,1,OPTFUT,NCO,50.000000,120,False
171417,SILVERM26DEC399500CE,SILVERM,23DEC2026,39950000.000000,1,OPTFUT,NCO,50.000000,120,False
171420,SILVERM26DEC399750PE,SILVERM,23DEC2026,39975000.000000,1,OPTFUT,NCO,50.000000,120,False
171421,SILVERM26DEC400000CE,SILVERM,23DEC2026,40000000.000000,1,OPTFUT,NCO,50.000000,120,False
171437,SILVERM26DEC402000CE,SILVERM,23DEC2026,40200000.000000,1,OPTFUT,NCO,50.000000,120,False
171441,SILVERM26DEC402500CE,SILVERM,23DEC2026,40250000.000000,1,OPTFUT,NCO,50.000000,120,False
171451,SILVERM26DEC403750CE,SILVERM,23DEC2026,40375000.000000,1,OPTFUT,NCO,50.000000,120,False
171452,SILVERM26DEC403750PE,SILVERM,23DEC2026,40375000.000000,1,OPTFUT,NCO,50.000000,120,False
171458,SILVERM26DEC404500PE,SILVERM,23DEC2026,40450000.000000,1,OPTFUT,NCO,50.000000,120,False
171470,SILVERM26DEC406000PE,SILVERM,23DEC2026,40600000.000000,1,OPTFUT,NCO,50.000000,120,False
171471,SILVERM26DEC406250CE,SILVERM,23DEC2026,40625000.000000,1,OPTFUT,NCO,50.000000,120,False
171479,SILVERM26DEC407250CE,SILVERM,23DEC2026,40725000.000000,1,OPTFUT,NCO,50.000000,120,False
171480,SILVERM26DEC407250PE,SILVERM,23DEC2026,40725000.000000,1,OPTFUT,NCO,50.000000,120,False
171484,SILVERM26DEC407750PE,SILVERM,23DEC2026,40775000.000000,1,OPTFUT,NCO,50.000000,120,False
171490,SILVERM26DEC408500PE,SILVERM,23DEC2026,40850000.000000,1,OPTFUT,NCO,50.000000,120,False
171496,SILVERM26DEC409250PE,SILVERM,23DEC2026,40925000.000000,1,OPTFUT,NCO,50.000000,120,False
171510,SILVERM26DEC411000PE,SILVERM,23DEC2026,41100000.000000,1,OPTFUT,NCO,50.000000,120,False
